Sequence,Segments,Fluorescence,FluorStdDev,Rep1-Fluor,Rep2-Fluor,Rep3-Fluor,Sample,Average Percent GpA,LB-12H_M9-24H,LB-12H_M9-36H,LB-24H_M9-24H,LB-24H_M9-36H,LB-36H_M9-24H,LB-36H_M9-36H,Rep1-Fluor_transformed,Rep2-Fluor_transformed,Rep3-Fluor_transformed,reconstruction_transformed,std_adjusted,PercentGpA_transformed,PercentGpA_reconstructed_GpA
CAVVVGVGLIVGFAVGLL,P,26459.03603083202,1719.3567441776092,27680.624039514,27203.594256183493,24492.88979679857,D,81.25022799604922,99999900.0,99999900.0,99999900.0,99999900.0,99999900.0,99999900.0,0.0036071039348803454,0.002543818767605341,0.0021143340017000657,0.0027550855680619174,0.000768482767590226,0.2670000560348121,2587.543223666244
LIIFGVMAIVIGT,0,26096.944654076648,1791.226685854392,27399.882933217945,26836.61063399589,24054.340395016112,D,79.46594109915223,99999900.0,99999900.0,99999900.0,99999900.0,99999900.0,99999900.0,0.003124881180368555,0.0016481695462781405,0.0012853274365635641,0.0020194593877367532,0.0009743621523153037,0.1957092643278739,1896.6519642013463
VVATSLVVLTLGVLLAFL,C,26214.43390213282,1434.741548697501,27262.734852556776,26801.26594233865,24579.30091150304,D,80.1071796722771,99999900.0,99999900.0,99999900.0,99999900.0,99999900.0,99999900.0,0.002889304972434508,0.0015619083519170648,0.002277680208762742,0.0022429645110381047,0.0006643789067931518,0.2173695282185188,2106.5652873871413
GTIAVIVFFLIGFMIGYL,C,25904.827105095064,1355.5479813331558,26812.38065738397,26555.482419208874,24346.61823869235,D,78.6174964179159,99999900.0,99999900.0,99999900.0,99999900.0,99999900.0,99999900.0,0.0021157415874090415,0.0009620564571812675,0.0018378313284095624,0.0016385431243332905,0.0006021081183144173,0.15879401753761158,1538.899991783572
LIIFGVMAGVIGT,0,30285.887973137564,1289.154550392155,31601.72358561871,30230.75697455918,29025.1833592348,D,100.0,99999900.0,99999900.0,99999900.0,99999900.0,99999900.0,99999900.0,0.010342289418703115,0.009931821304017995,0.010681900399269471,0.010318670373996862,0.0003755969338771886,1.0,9691.171088476754
ALVVFVGGTLVLGTILFLVL,C,25708.332082391204,1208.2159503496575,26404.70948346811,26407.08161743848,24313.205146267024,D,77.69613704249558,99999900.0,99999900.0,99999900.0,99999900.0,99999900.0,99999900.0,0.001415493878712445,0.000599873911383521,0.0017746692926855954,0.0012633456942605203,0.0006019948915947578,0.12243299266969147,1186.5190788362004
YIAIGIGVGLLLSGFLVL,C,28868.662926559497,1051.7796357896411,29985.077876365063,28724.52506796509,27896.385835348337,D,93.12904752888214,99999900.0,99999900.0,99999900.0,99999900.0,99999900.0,99999900.0,0.007565413038641234,0.0062557568893789675,0.008548091632894956,0.007456420520305052,0.0011500474646172546,0.7226144696990512,7002.980456862406
MIAVGLSSSILGCLLTLL,C,30093.546957696843,1417.3223146770729,31697.00418982208,29575.536903312048,29008.0997799564,D,99.04921350353868,99999900.0,99999900.0,99999900.0,99999900.0,99999900.0,99999900.0,0.010505950793471809,0.00833271085022655,0.010649606661505235,0.009829422768401198,0.001298179177390253,0.9525861774954483,9231.675622626475
LLLSSLLLLLLGLLVAIL,C,26224.883858528672,1158.2510657498765,26975.428575771457,26808.28636756312,24890.936632251443,D,80.21929711076884,99999900.0,99999900.0,99999900.0,99999900.0,99999900.0,99999900.0,0.0023958053705848254,0.0015790421911554477,0.002866777029739883,0.0022805415304933854,0.0006515593359399351,0.22101118146388024,2141.857172032846
LIVVLFGISITGGLFYTL,C,25096.336540721768,2374.978358056192,25241.979630336755,27395.141709600648,22651.888282227897,D,74.65699463326833,99999900.0,99999900.0,99999900.0,99999900.0,99999900.0,99999900.0,-0.000581701330523528,0.0030113037373094708,-0.0013657809769139176,0.0003546071432906751,0.0023339286230461766,0.03436558494825924,333.0427632891618
FALGLGFCLPAGTSLSVL,N,28864.33342104624,1098.4940299071932,29570.90434308767,29423.32932168753,27598.76659836352,D,93.11990336881762,99999900.0,99999900.0,99999900.0,99999900.0,99999900.0,99999900.0,0.006853996371883905,0.007961237591694037,0.007985490702718062,0.007600241555432002,0.0006463810476995246,0.7365524122744221,7138.055442981691
LLLYALLALLLIVLLSTL,15,25969.11379354652,1461.9218625683177,27124.92468929848,26456.708891048616,24325.707800292446,D,78.89739017054171,99999900.0,99999900.0,99999900.0,99999900.0,99999900.0,99999900.0,0.0026525915199483094,0.0007209927468796366,0.0017983035337233854,0.001723962600183777,0.0009679428628951999,0.1670721650851623,1619.1249359625403
LLLYLLLASLLGTLLTFL,13,25276.777302753555,1207.553632916603,25792.9209239793,26140.48202874281,23896.928955538555,D,75.60870436758563,99999900.0,99999900.0,99999900.0,99999900.0,99999900.0,99999900.0,0.00036463827645382807,-5.0781048633651035e-05,0.000987766623063209,0.0004338746169611287,0.0005227241813154184,0.04204753143917617,407.48982102516146
LLLAGLLFVLLGILLTLL,13,27370.771812218187,1010.144289184716,28124.611203007626,27764.686803798017,26223.01742984892,D,85.83360457482968,99999900.0,99999900.0,99999900.0,99999900.0,99999900.0,99999900.0,0.0043697308111953215,0.003913204410397167,0.005384859877446893,0.004555931699679793,0.0007532898058374624,0.4415231356901157,4278.876247493648
LLLTALLAALLGVLLILL,15,27079.77097351062,969.2744310529704,27943.09052669965,27264.9599907904,26031.262403041805,D,84.41149170113027,99999900.0,99999900.0,99999900.0,99999900.0,99999900.0,99999900.0,0.0040579367825796225,0.0026935861389371122,0.0050223780784182884,0.003924633666645008,0.0011701048093596285,0.38034296323052613,3685.968728965252
LLLTYLLLILLGALLGFL,13,26733.39476922723,1124.7807008459808,27489.7883394365,27269.546495471044,25440.84947277414,D,82.70611307654677,99999900.0,99999900.0,99999900.0,99999900.0,99999900.0,99999900.0,0.0032793096971048766,0.0027047798246971036,0.0039062981263216535,0.0032967958827078776,0.0006009499831931878,0.31949812943107786,3096.311034764866
LLLTALLAALLGVLLSLL,13,28447.93005307591,894.633804355905,29291.27377935006,28542.92845559368,27509.587924283995,D,91.10584440739215,99999900.0,99999900.0,99999900.0,99999900.0,99999900.0,99999900.0,0.006373681171625933,0.0058125576438743136,0.007816912873215589,0.006667717229571945,0.0010340226660360266,0.6461798844136595,6262.239813784908
LLLYALLASLLGILLTLL,13,26343.56427854419,1346.008570841136,27064.17047960819,27175.85670878483,24790.665647239548,D,80.77960691064781,99999900.0,99999900.0,99999900.0,99999900.0,99999900.0,99999900.0,0.0025482353651565576,0.0024761233413597592,0.002677230984232336,0.0025671965635828842,0.00010188580023616076,0.24879141115431322,2411.080130840013
LLLYVLLTILLGLLLGAL,13,26078.568384658185,1072.3801647524133,26553.013030508584,26831.889309790506,24850.802813675477,D,79.54381559124322,99999900.0,99999900.0,99999900.0,99999900.0,99999900.0,99999900.0,0.0016702315831450488,0.0016366468240297243,0.0027909105505057414,0.0020325963192268383,0.0006569340446584376,0.19698238683435404,1908.9900122282359
LLLYFLLALLLGVLLITL,15,25197.86522278437,860.4372034610199,25294.29112566197,26006.02760672165,24293.276935969487,D,75.31462811360971,99999900.0,99999900.0,99999900.0,99999900.0,99999900.0,99999900.0,-0.0004918470384279701,-0.00037892647831085693,0.001736998241029995,0.00028874157476372264,0.0012554972288949162,0.02798244001391438,271.1826136478821
LLLIYLLASLLGILLALL,14,25745.294378433497,977.6129871166272,25914.47335004044,26627.276674368768,24694.13311089128,D,77.96551551699713,99999900.0,99999900.0,99999900.0,99999900.0,99999900.0,99999900.0,0.0005734261753338012,0.0011372753629907844,0.0024947518700054495,0.0014018178027766783,0.0009876032265476243,0.13585256161581352,1316.5704174266787
VLGAAGTALLCAGLLLSLFL,P,26671.48506359166,1569.2553342796232,28037.13307796539,27020.075827383404,24957.24628542618,D,82.2986120716475,99999900.0,99999900.0,99999900.0,99999900.0,99999900.0,99999900.0,0.0042194715813520505,0.002095929194566123,0.0029921246817725933,0.0031025084858969224,0.001066065901001827,0.3006694054027804,2913.838648828922
LLLGALLALLLITLLSFL,14,25744.066824043155,1098.5076469715673,26266.824366660672,26483.568896882374,24481.80720858641,D,77.90190550341849,99999900.0,99999900.0,99999900.0,99999900.0,99999900.0,99999900.0,0.0011786516801818771,0.0007865464715021247,0.0020933841649217223,0.001352860772201908,0.0006706100171056172,0.13110805202297468,1270.5905632315585
LLLTALLAALLGILLILL,15,26782.920961861942,1128.1782626276354,27772.02657683917,27022.560740879697,25554.17556786697,D,82.93068857879534,99999900.0,99999900.0,99999900.0,99999900.0,99999900.0,99999900.0,0.003764104040421813,0.0021019937999148678,0.004120522741499308,0.003328873527278663,0.0010773504405167508,0.3226068288475861,3126.4379726728953
LLLYFLLIALLGLLLGTL,15,25611.24763077709,821.0830485103056,25996.58074507796,26168.79182122921,24668.370326024116,D,77.29987586421721,99999900.0,99999900.0,99999900.0,99999900.0,99999900.0,99999900.0,0.000714460221694747,1.831098180965356e-05,0.00244605150077847,0.0010596075680942903,0.001250130403160298,0.1026883822904655,995.1706815758076
LLLTALLASLLILLLGFL,15,26255.316968867774,1208.8176960552132,27079.5414080362,26818.77164996457,24867.63784860255,D,80.35491203030125,99999900.0,99999900.0,99999900.0,99999900.0,99999900.0,99999900.0,0.002574637667062931,0.001604632256898089,0.002822734455457205,0.002334001459806075,0.0006437177795554985,0.22619207467735175,2192.066094555726
LLLTYLLVALLIILLAFL,15,25623.300562791628,1047.2705179277016,25994.866448869067,26434.12668651288,24440.908552992943,D,77.33574862558903,99999900.0,99999900.0,99999900.0,99999900.0,99999900.0,99999900.0,0.0007115156132232304,0.0006658792958004875,0.0020160718852687666,0.001131155598097495,0.000766699611870724,0.10962222428851073,1062.3677306793293
LLLYFLLALLLGTLLIVL,15,25336.99813215398,990.0456494255488,25285.279619835725,26351.889382011566,24373.82539461465,D,76.00321890479965,99999900.0,99999900.0,99999900.0,99999900.0,99999900.0,99999900.0,-0.0005073259015669095,0.0004651733969879382,0.0018892620470164205,0.000615703180812483,0.001205364202507861,0.05966884864973111,578.2610209169694
LLLVGLLFALLITLLSYL,15,26488.411630869698,1234.0572774669708,27203.10761572061,27198.67995575944,25063.447321129035,D,81.50056805798197,99999900.0,99999900.0,99999900.0,99999900.0,99999900.0,99999900.0,0.002786884593850049,0.0025318250733855976,0.0031928805269843866,0.002837196731406678,0.00033338725466387136,0.2749575893572914,2664.6610405366464
LLLTALLASLLGLLLIFL,15,26423.074936561985,1495.4277379659209,27497.49505991492,27056.55704978829,24715.17269998275,D,81.11595201075848,99999900.0,99999900.0,99999900.0,99999900.0,99999900.0,99999900.0,0.0032925473594707004,0.0021849641717818055,0.0025345238031416343,0.002670678444798047,0.0005662055229739577,0.25882001730844895,2508.2690688586936
LLLTVLLILLLGALLSFL,15,25894.551124759244,790.63089911091,26131.686203767145,26539.47715717117,25012.49001333942,D,78.70465567187618,99999900.0,99999900.0,99999900.0,99999900.0,99999900.0,99999900.0,0.0009465278632960883,0.0009229944946997971,0.003096553995634496,0.0016553587845434606,0.0012481671291190027,0.16042365193823604,1554.693057571691
LLLTALLAILLGLLLGFL,15,27434.21445164486,1076.240221321001,28298.67315917095,27775.177422744026,26228.792773019613,D,86.12623986504836,99999900.0,99999900.0,99999900.0,99999900.0,99999900.0,99999900.0,0.004668713162102899,0.0039388075003504025,0.005395777227658665,0.004667765963370656,0.0007284853254954812,0.4523611855199354,4383.909642659867
LLLALLLGLLLGTLLAFL,13,30487.39205900869,1218.084967760872,31827.49002790233,30187.25396114181,29447.43218798193,D,101.00400074946788,99999900.0,99999900.0,99999900.0,99999900.0,99999900.0,99999900.0,0.010730083415495043,0.009825649154262673,0.011480093373036675,0.010678608647598129,0.0008284223904845947,1.0348822339076085,10029.220785223653
LLLTALLAILLGVLLSLL,15,27322.918198881285,1156.6963927854274,28267.09794953966,27668.96033852146,26032.69630858273,D,85.5659707174674,99999900.0,99999900.0,99999900.0,99999900.0,99999900.0,99999900.0,0.0046144771267621005,0.0036795772703785783,0.005025088644439771,0.004439714347193483,0.0006895699647417379,0.4302603132261693,4169.726308056404
LLLAYLLTVLLGLLLGFL,13,27688.6395774877,971.0416601404938,28552.7905008642,27875.316321410926,26637.81191018797,D,87.38444174750276,99999900.0,99999900.0,99999900.0,99999900.0,99999900.0,99999900.0,0.00510520486827758,0.004183203492958824,0.006168961613729809,0.005152456658322071,0.0009937219818937212,0.499333390017604,4839.125312849691
LLLTALLAFLLILLLGVL,15,26795.51173864712,1133.475248510067,27427.06177063205,27472.52298203268,25486.95046327661,D,83.02056890250905,99999900.0,99999900.0,99999900.0,99999900.0,99999900.0,99999900.0,0.0031715656649286376,0.003200158149901285,0.0039934445769393215,0.0034550561305897475,0.0004664771933559651,0.3348354008183573,3244.9471558093896
LLLLALLFALLGILLSTL,13,26612.721521653224,1155.0029927647158,27225.62058754458,27332.087744371096,25280.456233044,D,82.12744577879592,99999900.0,99999900.0,99999900.0,99999900.0,99999900.0,99999900.0,0.0028255546248563113,0.002857416120955379,0.0036031007027261244,0.003095357149512605,0.0004400073017642267,0.2999763571586637,2907.1221997226185
LLLTGLLFLLLGVLLAIL,13,27271.73417977241,1073.382379060762,28279.303488382837,27393.051755456723,26142.847295477677,D,85.32597974899524,99999900.0,99999900.0,99999900.0,99999900.0,99999900.0,99999900.0,0.004635442309377896,0.0030062030579100533,0.0052333112321825154,0.0042916521998234885,0.001152669265031552,0.4159113572072705,4030.668120336228
LLLLVLLATLLIGLLSIL,14,26433.773567248994,1298.754175335193,27409.470928653805,26932.217643369517,24959.632129723665,D,81.20208621598935,99999900.0,99999900.0,99999900.0,99999900.0,99999900.0,99999900.0,0.003141350266888615,0.001881505145802898,0.002996634733725622,0.0026731633821390453,0.0006894038865235722,0.25906083683760656,2510.602892117206
LLLYVLLGALLIILLTLL,15,25629.549830316457,933.1645242605472,25457.811345717942,26636.654899654197,24794.18324557724,D,77.45710383710366,99999900.0,99999900.0,99999900.0,99999900.0,99999900.0,99999900.0,-0.00021097199318037357,0.0011601635783401647,0.0026838804337666554,0.0012110240063088154,0.0014480962436247604,0.11736240837391282,1137.3791789072661
LLLYLLLAFLLGTLLIVL,15,25108.72805292838,1217.178864304065,25887.496429971885,25732.588281561893,23706.09944725137,D,74.75892716386822,99999900.0,99999900.0,99999900.0,99999900.0,99999900.0,99999900.0,0.0005270885197074661,-0.0010462742939972352,0.000627034366790924,3.5949530833718274e-05,0.0009385646479391343,0.0034839305386003415,33.76336690994488
LLLFLLLGTLLGILLIVL,14,25521.554366232573,1354.864034402322,25436.785421924054,26916.81252845459,24211.065148319078,D,76.87246388594518,99999900.0,99999900.0,99999900.0,99999900.0,99999900.0,99999900.0,-0.0002470877548577939,0.0018439078843889888,0.001581590181147143,0.0010594701035594458,0.0011390885489734337,0.10267506036720773,995.0415765382891
LLLAALLALLLGFLLITL,14,26781.00999441883,1078.121889770472,27553.40631460849,27240.329280992217,25549.294387655773,D,82.94319117741388,99999900.0,99999900.0,99999900.0,99999900.0,99999900.0,99999900.0,0.003388584878173473,0.0026334731673555013,0.004111295661438888,0.003377784568989288,0.0007389704432611401,0.327346881580919,3172.3746346800262
LLLALLLIILLGVLLGTL,14,26144.39642212069,949.8335569503688,26392.36972319526,26945.64796652276,25095.171576644057,D,79.90658779934022,99999900.0,99999900.0,99999900.0,99999900.0,99999900.0,99999900.0,0.001394298146932032,0.0019142827896734074,0.003252850090251668,0.002187143675619036,0.0009588501597296491,0.2119598355550398,2054.139030249289
LLLTVLLALLLGILLIFL,15,25503.20470689844,1319.5015349395342,25876.43361755812,26595.89062126042,24037.28988187678,D,76.72024505591276,99999900.0,99999900.0,99999900.0,99999900.0,99999900.0,99999900.0,0.0005080861728648647,0.0010606755031402108,0.0012530962049759654,0.000940619293660347,0.00038674294701073804,0.09115702503984581,883.4183255777052
LLLYVLLGILLGTLLSLL,13,28292.116697588845,1244.2853750306276,29437.216506371053,28471.10249791198,26968.031088483505,D,90.27485828481603,99999900.0,99999900.0,99999900.0,99999900.0,99999900.0,99999900.0,0.006624363748016471,0.005637261365840934,0.006793187449241894,0.006351604187699766,0.000624371372565873,0.6155448286928384,5965.350247489412
LLLTALLAFLLIILLGLL,15,26205.65181891224,1128.9840556430493,26692.170844873774,27009.807899633084,24914.97671222985,D,80.15675871881429,99999900.0,99999900.0,99999900.0,99999900.0,99999900.0,99999900.0,0.0019092598659653647,0.002070869598065884,0.002912220904586148,0.0022974501228724656,0.0005385041893189313,0.22264982207999004,2157.7375185960927
LLLAVLLILLLGTLLGFL,14,26046.507691872343,822.4903780913386,26140.26335568908,26818.102723704465,25181.156996223497,D,79.46304888611971,99999900.0,99999900.0,99999900.0,99999900.0,99999900.0,99999900.0,0.0009612606463937637,0.0016029996955308672,0.0034153915896760175,0.001993217310533549,0.0012727497837311335,0.19316609972894125,1872.0057209669328
LLLSYLLATLLIGLLVLL,14,26914.3090765627,1192.470237346094,27652.12837383129,27552.227258488227,25538.571597368573,D,83.58299225907142,99999900.0,99999900.0,99999900.0,99999900.0,99999900.0,99999900.0,0.003558157563689965,0.0033946820164387575,0.004091025964322575,0.0036812885148170987,0.00036413547861024147,0.35675996823136996,3457.4218896497378
LLLTALLIVLLGLLLGFL,15,27379.416488385275,1093.6475576645869,27861.275188755582,28149.389767063945,26127.58450933629,D,85.89300281700802,99999900.0,99999900.0,99999900.0,99999900.0,99999900.0,99999900.0,0.00391740439619266,0.004852098924101804,0.005204459408734448,0.00465798757634297,0.0006651218405854665,0.45141354530338895,4374.725899190995
LLLTVLLGLLLGALLLFL,17,26539.343406210923,1347.2639733630008,27654.36100427637,26921.3408769418,25042.32833741459,D,81.7010515518276,99999900.0,99999900.0,99999900.0,99999900.0,99999900.0,99999900.0,0.003561992503351056,0.0018549596358875705,0.003152958511181546,0.002856636883473391,0.000891260446186108,0.27684156775393665,2682.918997505529
LLLTYLLAVLLIILLALL,15,26076.981388816563,1273.8815210800406,26760.130757483214,26863.570848044343,24607.24256092213,D,79.49010499811541,99999900.0,99999900.0,99999900.0,99999900.0,99999900.0,99999900.0,0.002025993096404177,0.0017139678360638567,0.0023304993682805113,0.0020234867669161817,0.0003082734075783715,0.196099564534534,1900.4344302799573
LLLTLLLGVLLIFLLAIL,15,26274.40641480498,1157.1728215730182,26846.62487489998,27033.99000027844,24942.604369236527,D,80.47956371379452,99999900.0,99999900.0,99999900.0,99999900.0,99999900.0,99999900.0,0.0021745621182338265,0.002129887707604294,0.00296444651233931,0.002422965446059143,0.0004694680602513907,0.2348137267922655,2275.620000266683
LLLSYLLGVLLILLLAFL,15,25612.126044515942,1252.505665468879,26262.114058358868,26406.01859503765,24168.245480151305,D,77.22611055237503,99999900.0,99999900.0,99999900.0,99999900.0,99999900.0,99999900.0,0.0011705608883706465,0.0005972795307954115,0.001500646538575128,0.0010894956525803953,0.0004571068442131625,0.10558488769308241,1023.2412109912653
LLLYALLALLLITLLGFL,15,25276.31227033401,951.4108531021132,25667.092104558717,25970.107908813392,24191.73679762993,D,75.64930891350012,99999900.0,99999900.0,99999900.0,99999900.0,99999900.0,99999900.0,0.00014850491180870337,-0.00046659101568193956,0.0015450530668575336,0.0004089889876614325,0.0010308088785190286,0.039635822527298505,384.1175373445509
LLLIALLALLLGTLLGFL,14,26775.571624792134,955.566663045364,27266.478192818027,27385.90201883424,25674.334662724137,D,82.95867578043085,99999900.0,99999900.0,99999900.0,99999900.0,99999900.0,99999900.0,0.0028957348247481626,0.0029887536251521304,0.004347664035256825,0.0034107174950523725,0.0008127513387918645,0.33053846779013407,3203.304842677152
LLLTLLLGILLIVLLGAL,15,26728.60600071765,1123.634651374847,27231.943334572323,27512.57408286372,25441.30058471691,D,82.70911151436165,99999900.0,99999900.0,99999900.0,99999900.0,99999900.0,99999900.0,0.0028364150668059255,0.0032979056653320484,0.003907150880334423,0.0033471572041574656,0.0005370643175175924,0.32437873125517513,3143.609782056924
LLLAFLLIVLLGLLLGTL,14,26779.070891190568,800.7403458355268,27162.29121504965,27316.18683623456,25858.73462228749,D,83.0051860680699,99999900.0,99999900.0,99999900.0,99999900.0,99999900.0,99999900.0,0.0027167751701874794,0.002818608841475196,0.004696242271751049,0.003410542094471241,0.001114612593480345,0.3305214694197265,3203.140108561307
LLLAFLLIALLGILLTLL,14,26348.696477742866,1108.0605737923672,27184.24439458654,26770.08459793678,25091.76044070527,D,80.82306730024726,99999900.0,99999900.0,99999900.0,99999900.0,99999900.0,99999900.0,0.002754483658432192,0.0014858080979956697,0.003246401890627331,0.0024955645490183976,0.0009084062717628102,0.24184943006874624,2343.804204446814
LLLYFLLGTLLIVLLALL,15,25375.096500129806,1170.1385407091896,25668.282774918476,26370.76233541185,24086.2443900591,D,76.12086558632541,99999900.0,99999900.0,99999900.0,99999900.0,99999900.0,99999900.0,0.00015055009980476891,0.0005112341609979155,0.0013456367682767526,0.000669140343026479,0.0006129916867560234,0.0648475354647163,628.4485608546296
LLLTVLLGALLILLLGFL,15,26029.302688266576,1102.5073675717886,26554.664164382582,26770.872409561205,24762.37149085593,D,79.29404814653564,99999900.0,99999900.0,99999900.0,99999900.0,99999900.0,99999900.0,0.0016730676990786648,0.0014877308074173117,0.0026237454674315325,0.0019281813246425031,0.0006094625077911283,0.18686335106716237,1810.9247053579659
LLLTFLLAILLILLLGVL,15,26251.73245024186,845.2354254199003,26349.38074228528,27043.90267559282,25361.91393284748,D,80.46232790137856,99999900.0,99999900.0,99999900.0,99999900.0,99999900.0,99999900.0,0.001320456930511789,0.0021540802856645064,0.0037570832817549367,0.002410540165977077,0.0012383924041072674,0.23360957164129006,2263.9503266815095
LLLGYLLFALLGVLLILL,14,26368.68281542449,1239.4147543010824,27037.224853402276,27130.284777565998,24938.53881530522,D,80.9200868031595,99999900.0,99999900.0,99999900.0,99999900.0,99999900.0,99999900.0,0.0025019514623020956,0.0023649018528714805,0.002956761241566456,0.002607871518913344,0.0003098203960216227,0.25273329066554956,2449.281559593566
LLLWTLLGILLGLLLIFL,15,25731.502326035898,989.895983720862,25884.379390684,26636.066092850404,24674.061494573296,D,77.89919092201258,99999900.0,99999900.0,99999900.0,99999900.0,99999900.0,99999900.0,0.0005217344506466276,0.0011587265541149808,0.002456809732511069,0.001379090245757559,0.000986179093302249,0.13364999518085957,1295.2249692718037
LLLVYLLFTLLGALLILL,15,26381.99261158228,778.9460278120396,26673.057956498546,26973.492935662118,25499.42694258618,D,81.07940478568581,99999900.0,99999900.0,99999900.0,99999900.0,99999900.0,99999900.0,0.0018764300826800506,0.0019822403861974205,0.004017029338919118,0.00262523326926553,0.0012064912679791723,0.2544158475961341,2465.5875066739627
LLLTALLALLLIVLLSFL,15,26202.06642111872,1148.773916230418,27008.32671365693,26711.153226083545,24886.71932361569,D,80.10407617768708,99999900.0,99999900.0,99999900.0,99999900.0,99999900.0,99999900.0,0.0024523137703654826,0.0013419819593863773,0.0028588048912942775,0.002217700207015379,0.0007851564142075733,0.21492112129136356,2082.8373569618684
LLLAYLLLTLLGGLLSFL,13,26679.15666117442,922.8093562356768,27140.146082800395,27280.64372469175,25616.68017603112,D,82.49485852908494,99999900.0,99999900.0,99999900.0,99999900.0,99999900.0,99999900.0,0.002678736969037835,0.002731863389492626,0.0042386775726511935,0.003216425977060551,0.0008856942743708436,0.3117093443711481,3020.828586177715
LLLYVLLITLLGALLFLL,15,25874.71109538077,1285.8649832258086,26552.37179922575,26680.0095530486,24391.751933867967,D,78.50157844946301,99999900.0,99999900.0,99999900.0,99999900.0,99999900.0,99999900.0,0.0016691301544317185,0.0012659736450732167,0.0019231492639884965,0.001619417687831144,0.00033139620626344716,0.15694053876477057,1520.9376118871098
LLLTFLLVALLGLLLGYL,13,26667.4090702794,1369.8369353333237,27736.87879286173,27141.94578481069,25123.402633165777,D,82.32629833521958,99999900.0,99999900.0,99999900.0,99999900.0,99999900.0,99999900.0,0.003703731473581844,0.002393361357402887,0.0033062163269906124,0.003134436385991781,0.0006718621297862269,0.30376359282593113,2943.8249485264887
LLLAFLLIVLLGTLLGLL,14,26826.224749996865,1164.4896992117162,27735.67362693861,27229.237634219982,25513.762988832008,D,83.14176432687462,99999900.0,99999900.0,99999900.0,99999900.0,99999900.0,99999900.0,0.003701661386878977,0.00260640322691628,0.0040441293107982,0.0034507313081978187,0.0007509916786215475,0.33441627488108266,3240.885334643643
LLLTYLLVALLGILLIFL,15,25142.82581687249,1105.7751210769743,25598.640698687253,25947.8332870444,23882.003464885813,D,74.97286655245246,99999900.0,99999900.0,99999900.0,99999900.0,99999900.0,99999900.0,3.092745432468282e-05,-0.000520953789485937,0.0009595524020684566,0.00015650868896906745,0.0007481995928085164,0.015167524816324272,146.99107798371546
LLLTILLASLLGLLLGFL,15,26378.39571619977,988.93446481291,27048.825337594026,26843.73350699906,25242.62830400624,D,80.99730296891317,99999900.0,99999900.0,99999900.0,99999900.0,99999900.0,99999900.0,0.0025218773559997454,0.001665553416492489,0.003531593133931458,0.002573007968807897,0.0009340700249122276,0.2493546043773139,2416.5381327199834
LLLSTLLGALLIFLLALL,14,26327.58350974352,946.9224043165364,26554.689394087716,27140.30224897424,25287.758886168613,D,80.80422910587517,99999900.0,99999900.0,99999900.0,99999900.0,99999900.0,99999900.0,0.0016731110355820563,0.0023893501931352133,0.003616905184863402,0.0025597888045268903,0.0009830416643687794,0.24807351255037474,2404.122852645067
LLLGALLALLLGTLLIFL,14,26531.572304836154,1116.1642881028745,27485.14861798291,26805.678201568742,25303.8900949568,D,81.70702225251752,99999900.0,99999900.0,99999900.0,99999900.0,99999900.0,99999900.0,0.00327134015075295,0.001572676779456606,0.0036473986205735934,0.0028304718502610497,0.0011053919319797515,0.2743058696199719,2658.345113060546
LLLTLLLIILLGFLLAVL,15,26162.289299754128,1126.309786768113,26616.946215473134,26990.20444055386,24879.71724323539,D,79.94908763255923,99999900.0,99999900.0,99999900.0,99999900.0,99999900.0,99999900.0,0.0017800481930639576,0.002023025983806037,0.0028455685932140895,0.002216214256694695,0.0005584126721075563,0.21477711530349625,2081.441770295681
LLLSYLLLTLLGGLLVLL,17,25969.6836382112,1173.2015504392452,26716.813550545303,26574.765476615503,24617.4718874728,D,78.97157379375635,99999900.0,99999900.0,99999900.0,99999900.0,99999900.0,99999900.0,0.0019515880934356112,0.0010091181087288276,0.0023498362521822127,0.0017701808181155507,0.0006885221381339595,0.17155125165897553,1662.5325302694635
LLLTGLLFLLLGVLLILL,15,26121.5078323618,831.6598644559949,26475.16661682505,26717.88748578079,25171.469394479547,D,79.79412159951994,99999900.0,99999900.0,99999900.0,99999900.0,99999900.0,99999900.0,0.001536516529690242,0.0013584173916220132,0.0033970787487200833,0.0020973375566774462,0.0011291258567867769,0.20325657092048943,1969.794203647572
LALGLGACLLAGTSLSVLWVYL,P,28140.372429074014,985.3067100923018,29097.9367818063,28193.69193071238,27129.48857470336,D,89.58490178611186,99999900.0,99999900.0,99999900.0,99999900.0,99999900.0,99999900.0,0.006041590510822333,0.004960221455942055,0.007098396658335949,0.006033402875033445,0.0010691111153981617,0.5847073950765665,5666.4994023845775
LLLTILLAALLGVLLSLL,15,27180.80410372986,1227.091415132559,28204.307474194786,27517.630039624208,25820.474797370596,D,84.85674651407088,99999900.0,99999900.0,99999900.0,99999900.0,99999900.0,99999900.0,0.004506623323742676,0.003310245081757774,0.004623918273797422,0.004146928893099291,0.0007269589922738499,0.40188597394772757,3894.7457315865395
LLLYFLLAALLGLLLITL,15,25636.575266481792,952.9604550586848,26018.508634927908,26339.32487138869,24551.892293128785,D,77.40946391312048,99999900.0,99999900.0,99999900.0,99999900.0,99999900.0,99999900.0,0.000752125270406643,0.0004345088292106218,0.002225868658042969,0.001137500919220078,0.0009558390565949615,0.11023716021461351,1068.3271799476424
LLLTALLALLLILLLGFL,15,25798.804317416805,1222.4621106184657,26310.65800825957,26682.139496849988,24403.61544714085,D,78.15678037925419,99999900.0,99999900.0,99999900.0,99999900.0,99999900.0,99999900.0,0.0012539437514819437,0.0012711719220312252,0.001945575313023867,0.0014902303288456785,0.0003944343968612458,0.14442077078080445,1399.6063983664606
LLLTYLLVLLLIALLGFL,15,25825.80841581624,912.4647852605092,26131.06073996594,26546.51366179415,24799.850845688637,D,78.34735424291215,99999900.0,99999900.0,99999900.0,99999900.0,99999900.0,99999900.0,0.0009454535180352723,0.000940167576835909,0.0026945941131875407,0.0015267384026862406,0.0010113961665472453,0.14795883067780075,1433.8943421495298
LLLTFLLGVLLILLLGAL,15,26452.24166778049,922.427321086185,26904.50385224904,27061.25508403625,25390.9660670562,D,81.3877846263706,99999900.0,99999900.0,99999900.0,99999900.0,99999900.0,99999900.0,0.0022739795503791444,0.0021964300532586667,0.0038120016327830436,0.002760803745473618,0.000911189458805774,0.26755421439092264,2592.9136671054207
LLLYVLLTILLGLLLIAL,15,25809.70550646703,1275.648978319953,26400.343627303337,26682.99257026266,24345.780321835096,D,78.19496616863096,99999900.0,99999900.0,99999900.0,99999900.0,99999900.0,99999900.0,0.0014079947446762689,0.0012732539074158603,0.0018362473823982839,0.0015058320114968045,0.0002939719566597819,0.14593275653920626,1414.2593110344726
LLLTFLLIVLLGLLLGYL,15,25999.013560804204,693.0533803064336,26223.33860207338,26552.119177726843,25221.58290261239,D,79.22673791461149,99999900.0,99999900.0,99999900.0,99999900.0,99999900.0,99999900.0,0.0011039571494877477,0.0009538482308943277,0.0034918102135796714,0.0018498718646539156,0.0014239397206746848,0.17927424732120611,1737.377402547704
LLLYGLLFALLGTLLTLL,13,26975.159258576263,1310.6586282299363,27846.090965799354,27611.57703240228,25467.80977752717,D,83.8531399445937,99999900.0,99999900.0,99999900.0,99999900.0,99999900.0,99999900.0,0.003891322794122773,0.0035395292945685016,0.003957262212801993,0.003796038100497756,0.00022457643993388355,0.36788054690300065,3565.1933201593765
LLLTVLLGLLLGALLIFL,15,26565.419526142552,1080.0895342176782,27522.788555890464,26778.96099141252,25394.50903112467,D,81.87770144763222,99999900.0,99999900.0,99999900.0,99999900.0,99999900.0,99999900.0,0.0033359934349723665,0.0015074715576818267,0.0038186990321201924,0.0028873880082581284,0.0012191711247022644,0.27982171186845656,2711.8000839876586
LLLYFLLGLLLGTLLAVL,13,31308.08630099293,1862.3144709656383,33169.120204091254,31310.644800523147,29444.493898364388,D,104.87458480157132,99999900.0,99999900.0,99999900.0,99999900.0,99999900.0,99999900.0,0.013034571730845991,0.012567363142860371,0.011474539012744964,0.012358824628817109,0.0008006508316775478,1.1977148393034682,11607.259422897352
LLLALLLGTLLGLLLLFL,16,26201.804763834843,1101.0026028384225,26805.88092408932,26868.54205804169,24930.991309373527,D,80.12798668218346,99999900.0,99999900.0,99999900.0,99999900.0,99999900.0,99999900.0,0.0021045771400849947,0.0017261004220812846,0.002942493904882496,0.0022577238223495917,0.0006224899243897893,0.2187998783291959,2120.427055026135
LLLTYLLFVLLGGLLILL,15,25910.103910805483,1232.1667052084583,26554.070110156958,26686.854373006277,24489.387249253217,D,78.68419164491718,99999900.0,99999900.0,99999900.0,99999900.0,99999900.0,99999900.0,0.001672047305347267,0.0012826789073644182,0.0021077130032492704,0.0016874797386536519,0.0004127334913009252,0.1635365485563058,1584.8606712781457
LLLYFLLAVLLITLLTLL,15,25181.844531562205,885.0406297417932,25462.784763138865,25892.31586852194,24190.432963025807,D,75.20870481554495,99999900.0,99999900.0,99999900.0,99999900.0,99999900.0,99999900.0,-0.00020242926468686597,-0.0006564479359912514,0.0015425883788605247,0.0002279037260608024,0.0011609608265155179,0.022086540009565746,214.04443798518864
LLLYFLLAVLLILLLATL,15,25393.616654694884,1127.5009666007727,25349.665487509108,26542.45054830857,24288.73392826697,D,76.26447789775419,99999900.0,99999900.0,99999900.0,99999900.0,99999900.0,99999900.0,-0.0003967317286268468,0.0009302512639284548,0.001728410421287125,0.0007539766521962443,0.0010734811798030046,0.07306916733150737,708.1258019021743
LLLTYLLAVLLGLLLLFL,17,26125.86120204853,1168.7856881922487,26822.41407892081,26778.669451445418,24776.50007577937,D,79.7396880926219,99999900.0,99999900.0,99999900.0,99999900.0,99999900.0,99999900.0,0.002132975772436337,0.0015067600339823066,0.0026504532673054253,0.002096729691241356,0.0005727075054412743,0.2031976616410902,1969.2233037422152
LLLAFLLISLLGILLTLL,14,25922.50101834238,1265.8371550086497,26174.90919802128,27043.11739918978,24549.47645781608,D,78.78958452732229,99999900.0,99999900.0,99999900.0,99999900.0,99999900.0,99999900.0,0.001020771039233052,0.0021521637636281376,0.00222130191293653,0.0017980789052659066,0.0006740553833846741,0.17425490301512886,1688.7340781255375
LLLIVLLGLLLGTLLGFL,14,26074.76809096381,1218.7515654804502,26898.20868728937,26651.38709010905,24674.708495493014,D,79.47206199738457,99999900.0,99999900.0,99999900.0,99999900.0,99999900.0,99999900.0,0.0022631664855344243,0.0011961185204999178,0.0024580327828855894,0.0019724392629733105,0.0006793369118903138,0.19115246359103344,1852.4912286445285
LLLYTLLALLLIVLLAFL,15,25444.633681176223,1232.852947969073,25687.51187063945,26537.971944699337,24108.417228189883,D,76.46075012744227,99999900.0,99999900.0,99999900.0,99999900.0,99999900.0,99999900.0,0.00018357948986338086,0.0009193209182870551,0.0013875509250477313,0.0008301504443993891,0.0006069187212839783,0.08045129985849489,779.6673112190197
LLLTALLAALLIVLLSLL,15,26913.849773473343,1055.1368541801369,27865.14468115072,27097.43845336785,25778.966185901478,D,83.5834705158759,99999900.0,99999900.0,99999900.0,99999900.0,99999900.0,99999900.0,0.003924050937221025,0.002284738099197228,0.004545452971421592,0.003584747335946615,0.0011679268529117923,0.347403997416199,3366.751575781121
LLLYALLALLLGVLLSTL,13,26569.34429014128,815.0539684901456,27163.99828007422,26903.763245493577,25640.271344856043,D,81.95854632880291,99999900.0,99999900.0,99999900.0,99999900.0,99999900.0,99999900.0,0.0027197073578145046,0.001812060195783054,0.004283272853720132,0.0029383468024392297,0.0012500301617346943,0.2847602157971718,2759.6599704819528
LLLAFLLGLLLLVLLGTL,16,26533.083225078168,1345.7137336845676,27253.290347080947,27365.423259845404,24980.53606830815,D,81.70515607616268,99999900.0,99999900.0,99999900.0,99999900.0,99999900.0,99999900.0,0.0028730823554275315,0.0029387737801858547,0.003036150241564222,0.0029493354590592025,8.204538785172474e-05,0.2858251453105386,2769.9803845931588
LLLYFLLATLLGILLILL,15,25330.33683702055,934.8038728093215,25890.937485882405,25848.881594561757,24251.19143061749,D,75.8963313658595,99999900.0,99999900.0,99999900.0,99999900.0,99999900.0,99999900.0,0.0005329991449147705,-0.0007624523222890743,0.0016574424142700298,0.00047599641229857534,0.0012109540113690938,0.04612962669086614,447.05010450874755
LLLYLLLAVLLGTLLIFL,15,25242.2149907326,1062.1039733763948,25783.711459780803,25924.436341645607,24018.497170771392,D,75.45323716324346,99999900.0,99999900.0,99999900.0,99999900.0,99999900.0,99999900.0,0.0003488193846215275,-0.0005780556726788349,0.0012175716305044047,0.00032944511414903244,0.0008979704197530866,0.031927089654810274,309.4108882019026
LLLAVLLTTLLGALLILL,14,26955.285325495108,1196.856685106974,27863.73376550554,27403.00733369156,25599.114877288222,D,83.76765331033472,99999900.0,99999900.0,99999900.0,99999900.0,99999900.0,99999900.0,0.003921627438796523,0.0030305003435511404,0.004205473222315151,0.003719200334887605,0.0006130847133597938,0.3604340675771582,3493.028215005832
LLLLFLLAVLLGILLITL,14,26122.47860923773,1235.672570463935,26765.19797584193,26904.32813693818,24697.90971493308,D,79.72101017645157,99999900.0,99999900.0,99999900.0,99999900.0,99999900.0,99999900.0,0.002034696944682369,0.0018134388528998947,0.0025018909278444307,0.0021166755751422313,0.0003514711037381526,0.20513065137503297,1987.9562379661238
LLLYTLLALLLGILLGFL,13,26402.61821292721,1275.2760479742765,27240.958382370954,27031.884258238853,24935.011998171816,D,81.06464269652027,99999900.0,99999900.0,99999900.0,99999900.0,99999900.0,99999900.0,0.0028519000139120582,0.002124748496740249,0.002950094365393,0.0026422476253484353,0.00045084869274332516,0.25606473795373114,2481.5671852355754
LLLTVLLALLLGILLLFL,17,25690.523295464627,1253.3803066592857,26108.00260139436,26681.885915208903,24281.681369790625,D,77.63626463604523,99999900.0,99999900.0,99999900.0,99999900.0,99999900.0,99999900.0,0.0009058470662313279,0.0012705530382836965,0.0017150787025477167,0.001297159602354247,0.00040527138098138047,0.12570995635475482,1218.2766945588746
LLLYGLLFTLLIVLLALL,15,26243.69476846648,938.2356968626276,26772.103790010147,26798.559334348585,25160.421181040696,D,80.35937475396402,99999900.0,99999900.0,99999900.0,99999900.0,99999900.0,99999900.0,0.002046558908091578,0.0015553026856361305,0.0033761938918793017,0.0023260184952023366,0.0009420639266337049,0.2254184319196709,2184.56859022968
LLLTVLLIALLGLLLGFL,15,26846.54897272053,1049.8079372519956,27670.91351558725,27204.0510719648,25664.68233060956,D,83.26300373465892,99999900.0,99999900.0,99999900.0,99999900.0,99999900.0,99999900.0,0.0035904243838965556,0.002544933658499871,0.004329417865818813,0.0034882586360717466,0.0008966182864319297,0.3380531124302787,3276.1305495538986
LLLTALLAILLGILLSLL,15,26978.104486369044,1201.2453933536194,28074.177176698828,27166.24677997888,25693.88950242942,D,83.86724735611612,99999900.0,99999900.0,99999900.0,99999900.0,99999900.0,99999900.0,0.004283101405873746,0.0024526696373477013,0.004384629290322693,0.0037068001111813798,0.0010872945377766255,0.35923234068243404,3481.3820740674364
LLLVFLLGTLLILLLGAL,15,26061.40958863237,1052.222141445266,26879.524667422946,26430.28985095345,24874.414247520726,D,79.42907048626579,99999900.0,99999900.0,99999900.0,99999900.0,99999900.0,99999900.0,0.002231073360148507,0.0006565152300128163,0.0028355441393111097,0.0019077109098241442,0.001124928532218496,0.1848795281445943,1791.6991380061165
LLLTALLIALLGILLSLL,15,26595.81332946535,1132.437175438903,27234.33274017669,27264.80140575387,25288.305842465485,D,82.04478260078044,99999900.0,99999900.0,99999900.0,99999900.0,99999900.0,99999900.0,0.002840519295671396,0.0026931991010534172,0.003617939117093401,0.0030505525046060715,0.000496861636633334,0.2956342623651871,2865.0422161966526
LLLAFLLGLLLITLLGVL,14,26438.6307872673,1031.2523923055894,26828.842556002648,27217.83623830085,25269.213567498395,D,81.31664468976282,99999900.0,99999900.0,99999900.0,99999900.0,99999900.0,99999900.0,0.0021440178245484016,0.002578577321999482,0.003581848265693813,0.002768147804080566,0.0007374224163452335,0.26826593967535994,2599.8111186048973
LLLYTLLIALLGILLSVL,15,25668.527936033457,903.9715744514288,26203.11338626426,26177.655460987145,24624.81496084897,D,77.55407632669267,99999900.0,99999900.0,99999900.0,99999900.0,99999900.0,99999900.0,0.0010692167461077567,3.9943315154659545e-05,0.0023637171422538497,0.001157625734505422,0.001164406849773707,0.11218749049515613,1087.2281643754177
LLLTYLLVALLGLLLIFL,15,26525.28169873321,1382.1796794691147,27167.6220099604,27469.405919842586,24938.81716639665,D,81.67155916939655,99999900.0,99999900.0,99999900.0,99999900.0,99999900.0,99999900.0,0.0027259317580470748,0.003192550741410565,0.0029572874191903928,0.002958589972882677,0.00023331221869714682,0.2867220160785782,2778.6721126504845
LLLTYLLAVLLGILLILL,15,26401.50681082014,1144.6539498577674,27126.344713824823,26996.26609543729,25081.90962319831,D,81.08588237329924,99999900.0,99999900.0,99999900.0,99999900.0,99999900.0,99999900.0,0.0026550306644954023,0.0020378198769065922,0.003227780516725004,0.0026402103527089996,0.0005951187379929703,0.2558673023767047,2479.65380327966
LLLIYLLATLLGALLFLL,14,26542.764439732266,907.7023731966608,26902.8452552188,27215.179281867702,25510.26878211029,D,81.84217913321318,99999900.0,99999900.0,99999900.0,99999900.0,99999900.0,99999900.0,0.0022711306151480346,0.002572092833819156,0.004037524079322628,0.0029602491760966063,0.0009450055434267764,0.28688281230074564,2780.2304163498898
LLLTALLALLLGLLLIFL,15,26621.532071990656,1054.7533782405624,27419.21764707381,27019.73255892548,25425.646009972672,D,82.16548252333541,99999900.0,99999900.0,99999900.0,99999900.0,99999900.0,99999900.0,0.003158091988348487,0.0020950914238634065,0.003877558444032726,0.003043580618748206,0.0008967339682557043,0.29495860497860804,2858.494304866122
LLLAYLLLTLLGGLLLFL,16,26888.59306735745,965.822702674945,27456.96281788375,27435.389758085603,25773.426626103013,D,83.50125886153133,99999900.0,99999900.0,99999900.0,99999900.0,99999900.0,99999900.0,0.0032229260287839215,0.0031095319172772984,0.004534981331459873,0.0036224797591736975,0.0007922808187124378,0.35106071110696374,3402.189413779897
LLLAFLLGVLLLTLLGLL,16,26498.21441616153,1130.8914734386774,27164.934473404497,27137.237438939414,25192.471336140672,D,81.5654795243088,99999900.0,99999900.0,99999900.0,99999900.0,99999900.0,99999900.0,0.0027213154362766825,0.002381870309687432,0.0034367795154909907,0.002846655087151702,0.000538508012181228,0.2758742147946985,2673.544214474608
LLLSTLLGALLIILLALL,14,25952.69133187763,1264.816794236026,26254.948088490928,27038.99665393343,24564.12925320853,D,78.9303377314573,99999900.0,99999900.0,99999900.0,99999900.0,99999900.0,99999900.0,0.0011582520613019726,0.0021421067963494967,0.0022490006477394347,0.0018497865017969683,0.0006012665678875621,0.17926597466069333,1737.2972307793177
LLLTYLLVLLLIALLSFL,15,25574.224853299387,1059.606381278641,25797.6223576245,26504.32063440258,24420.73156787108,D,77.11417691416743,99999900.0,99999900.0,99999900.0,99999900.0,99999900.0,99999900.0,0.00037271382446478,0.0008371925396845788,0.001977930565128548,0.0010626123097593023,0.0008260089289361274,0.10297957694598855,997.9926988025315
LLLTLLLIILLGLLLAFL,15,25567.35628738152,1058.0199775005035,25867.69354199871,26442.738450091118,24391.636870054743,D,77.07051301499841,99999900.0,99999900.0,99999900.0,99999900.0,99999900.0,99999900.0,0.0004930735394585718,0.0006868969076958788,0.0019229317544988368,0.001034300733884429,0.0007756550087618635,0.10023585369011068,971.4028073103865
LLLFLLLGLLLGVLLITL,14,26348.3863809795,1044.390264672502,27256.008230728527,26582.26576310103,25206.88514910894,D,80.82594612486234,99999900.0,99999900.0,99999900.0,99999900.0,99999900.0,99999900.0,0.002877750803722368,0.001027423082968411,0.003464026492754619,0.0024564001264817995,0.001271774877505354,0.23805393887491058,2307.021449922546
LLLAVLLFSLLGTLLIYL,14,25964.902782512927,1086.4919017798331,26346.196022564705,26809.35338084446,24739.158944129616,D,78.9984768134268,99999900.0,99999900.0,99999900.0,99999900.0,99999900.0,99999900.0,0.0013149866082769529,0.001581646311766827,0.002579865910073938,0.0018254996100392391,0.0006667670022859242,0.17691229042837864,1714.4872741957058
LLLAYLLALLLIFLLGTL,14,26633.034359989644,1025.5196588487763,27062.10754665033,27374.328672757205,25462.6668605614,D,82.26190379002783,99999900.0,99999900.0,99999900.0,99999900.0,99999900.0,99999900.0,0.0025446919110951394,0.0029605080638372776,0.003947540361828653,0.0031509134455870234,0.0007205460436230323,0.3053604128616563,2959.300004690209
LLLAALLFLLLGLLLITL,14,26588.9512100622,1052.6175113764805,27289.04217237412,27099.37543123358,25378.436026578907,D,82.01486081575418,99999900.0,99999900.0,99999900.0,99999900.0,99999900.0,99999900.0,0.0029344924706014644,0.002289465429280321,0.003788315622096715,0.003004091173992833,0.0007518450370666518,0.2911316153254753,2821.406293383782
LLLTYLLAVLLILLLGFL,15,25967.54665416825,1057.8249730304274,26413.272937003418,26729.564081225493,24759.80294427585,D,79.00663879266172,99999900.0,99999900.0,99999900.0,99999900.0,99999900.0,99999900.0,0.001430203132396071,0.0013869149402468272,0.00261889004642516,0.0018120027063560195,0.0006991200551892194,0.1756042824007909,1701.811144615252
LLLAFLLLALLGILLTLL,16,26754.830771385805,1134.4003474671636,27305.05556258283,27509.18603321892,25450.250718355663,D,82.83062546957753,99999900.0,99999900.0,99999900.0,99999900.0,99999900.0,99999900.0,0.0029619983148199934,0.0032896368929871294,0.00392406965736437,0.003391901621723831,0.0004891205097866763,0.32871498931407406,3185.6332007895
LLLTLLLIVLLGLLLGFL,15,25968.657854789217,1244.0775162605717,26695.97928841605,26677.835203857758,24532.159072093847,D,78.96000456405606,99999900.0,99999900.0,99999900.0,99999900.0,99999900.0,99999900.0,0.0019158015447369155,0.0012606669936535645,0.002188566201984967,0.0017883449134584821,0.0004768994965903672,0.17331156521533306,1679.5920301134893
LLLTYLLVLLLGALLIFL,15,25940.07725637038,1021.3988069031914,26522.35288814991,26537.18030827497,24760.69857268625,D,78.86143832461279,99999900.0,99999900.0,99999900.0,99999900.0,99999900.0,99999900.0,0.001617567338507033,0.0009173888741733881,0.0026205830867739297,0.001718513099818117,0.0008560725240912714,0.16654404468125902,1614.0068307729982
ILFVIAVASELGYFLCIL,N,26962.244685150257,1688.9945224096102,27616.23154682519,28226.454693630687,25044.047814994898,D,83.77039626930002,99999900.0,99999900.0,99999900.0,99999900.0,99999900.0,99999900.0,0.0034964983822986266,0.0050401812724629935,0.003156208904858714,0.0038976295198734448,0.0010040008030988666,0.3777259451659106,3660.6067591594287
LLLYVLLATLLIALLFLL,15,26074.93761751617,1204.9058746582523,26917.85979628693,26612.07436726264,24694.878688998957,D,79.47293659394107,99999900.0,99999900.0,99999900.0,99999900.0,99999900.0,99999900.0,0.0022969207584125195,0.001100173068232195,0.002496161264576678,0.0019644183637404643,0.0007550590327453008,0.190375144523544,1844.9580965711534
LLLAVLLYTLLGGLLLLL,16,26750.774962293908,770.7162410955196,27482.63445680694,26823.353806181003,25946.33662389378,D,82.8431984876115,99999900.0,99999900.0,99999900.0,99999900.0,99999900.0,99999900.0,0.00326702163201674,0.0016158153299267576,0.004861839657485798,0.0032482255398097654,0.0016230937907551646,0.314791094402562,3050.694352984065
LLLYFLLAALLILLLGTL,15,25312.06729644425,1189.4159988251126,25383.781945194885,26464.003377980524,24088.41656615733,D,75.84234001947681,99999900.0,99999900.0,99999900.0,99999900.0,99999900.0,99999900.0,-0.0003381306480210332,0.0007387954529012265,0.0013497429151298746,0.0005834692400033559,0.0008545899400331316,0.05654500229736027,547.9872914620296
LLLGYLLLALLGILLTLL,16,26768.8961051076,1151.648945823459,27650.42125968889,27190.386591480164,25465.88046415373,D,82.86562731398728,99999900.0,99999900.0,99999900.0,99999900.0,99999900.0,99999900.0,0.0035552252916943375,0.0025115845372694723,0.003953615158567542,0.0033401416625104506,0.0007446870509465757,0.3236988431113796,3137.0208697343746
LLLAYLLAVLLGLLLIFL,14,26734.187235547488,1015.47798769521,27733.878271730857,26765.057194547324,25703.626240364283,D,82.71180960666852,99999900.0,99999900.0,99999900.0,99999900.0,99999900.0,99999900.0,0.003698577545167901,0.0014735383680708756,0.004403035015283682,0.0031917169761741526,0.0015291070527625814,0.30931475282099397,2997.62218977815
LLLTFLLVALLGLLLIYL,15,25966.11255234965,1145.059191016111,26491.49159749664,26754.20521230534,24652.64084724697,D,78.98073220010933,99999900.0,99999900.0,99999900.0,99999900.0,99999900.0,99999900.0,0.001564557585916986,0.0014470533456958966,0.002416317470542812,0.0018093094673852315,0.0005289573220407283,0.1753432760043103,1699.2816869717717
LLLYFLLGILLGLLLITL,15,25261.047032687653,1078.4517519363458,24998.675537868327,26446.476148719703,24337.98941147493,D,75.65793238505155,99999900.0,99999900.0,99999900.0,99999900.0,99999900.0,99999900.0,-0.0009996193589948898,0.0006960190228635603,0.001821519929092642,0.0005059731976537708,0.0014201390011042965,0.04903472824646358,475.2039407134423
LLLLVLLATLLGGLLIIL,14,26196.07623457612,1208.1404832820108,27313.06633729708,26361.35826226862,24913.804104162667,D,80.0464516591996,99999900.0,99999900.0,99999900.0,99999900.0,99999900.0,99999900.0,0.0029757582443844417,0.0004882828621420379,0.002910004279088368,0.002124681795204949,0.001417544354538903,0.2059065478590309,1995.4755835394951
LLLALLLILLLGVLLGTL,14,26246.087127010836,968.8414037147912,26782.784436718,26827.809447939195,25127.667496375307,D,80.36663149803074,99999900.0,99999900.0,99999900.0,99999900.0,99999900.0,99999900.0,0.0020649048174006222,0.0016266896355632016,0.00331427835965042,0.0023352909375380813,0.0008756828283624288,0.22631704017050827,2193.277156530062
LLLLALLFALLGILLITL,14,26717.75574627255,1157.9619325105116,27560.6161606294,27195.25021812798,25397.400860060265,D,82.6180788567055,99999900.0,99999900.0,99999900.0,99999900.0,99999900.0,99999900.0,0.003400969070334283,0.002523454558590796,0.003824165566022906,0.0032495297316493285,0.0006634475760674433,0.31491748586505597,3051.919234271217
LLLTLLLGILLGVLLIAL,15,28512.83287307823,975.3228503769204,29208.44218259505,28932.06826215881,27397.98817448084,D,91.419899230501,99999900.0,99999900.0,99999900.0,99999900.0,99999900.0,99999900.0,0.006231403180081334,0.006762280584260208,0.00760595163400656,0.006866545132782701,0.0006931804852316648,0.6654486366854448,6448.976588712255
LLLLALLFALLIILLSTL,14,25744.539594302303,1384.331333465994,26503.425882245258,26583.47321566036,24146.71968500129,D,77.84592138137937,99999900.0,99999900.0,99999900.0,99999900.0,99999900.0,99999900.0,0.001585056841407338,0.0010303699554694437,0.001459955511688272,0.0013584607695216846,0.00029093860584918286,0.13165075734418433,1275.850013350028
LLLYVLLIALLGFLLALL,15,26570.736560368623,1002.1323465076728,26943.479588241436,27333.08324289317,25435.64684997126,D,81.96703336203284,99999900.0,99999900.0,99999900.0,99999900.0,99999900.0,99999900.0,0.0023409273052603184,0.0028598457047902506,0.0038964634111402236,0.0030324121403969306,0.0007919959123616112,0.29387624863360645,2848.005004348013
LLLAYLLFTLLGSLLGLL,13,27258.506600440018,974.5951323362264,28094.7000655544,27492.65295036701,26188.166785398644,D,85.28485413718187,99999900.0,99999900.0,99999900.0,99999900.0,99999900.0,99999900.0,0.004318353115625281,0.0032492867468574957,0.005318980382614411,0.004295540081699062,0.001035035391839747,0.4162881384915502,4034.319572225119
LLLYTLLAVLLGLLLIFL,15,25744.11194479932,1089.237496824864,25958.369957917424,26710.29950493917,24563.66637154137,D,77.9419707041253,99999900.0,99999900.0,99999900.0,99999900.0,99999900.0,99999900.0,0.00064882640240935,0.0013398983931671735,0.0022481256449703095,0.0014122834801822777,0.0008021029967720186,0.13686680831875822,1326.3996557508394
LLLTALLAFLLGLLLIVL,15,27287.254857646305,1107.9888637220974,28276.268982460067,27495.618777583502,26089.87681289534,D,85.3966919642857,99999900.0,99999900.0,99999900.0,99999900.0,99999900.0,99999900.0,0.004630230006042747,0.003256525055807655,0.0051331791201770635,0.004339978060675822,0.0009714125092722032,0.42059469906244945,4076.055187520591
LLLSYLLFALLILLLGTL,14,25161.744119027026,1137.4637583180222,25721.872282873752,25910.522168597232,23852.837905610093,D,75.0496974868815,99999900.0,99999900.0,99999900.0,99999900.0,99999900.0,99999900.0,0.00024259960577156765,-0.0006120141860912359,0.0009044196393348222,0.00017833501967171798,0.0007602567589268878,0.017282751867054864,167.49010522331974
LLLVLLLFALLGTLLSYL,17,25541.38673041625,1362.7062723454849,26610.87902773802,26006.194509348465,24007.086654162274,D,76.828610878822,99999900.0,99999900.0,99999900.0,99999900.0,99999900.0,99999900.0,0.0017696267196275713,-0.000378519140765786,0.0011960018982413792,0.0008623698257010548,0.0011122569079362662,0.08357373522408801,809.927366559693
LLLAFLLGTLLLLLLAVL,16,26511.36388296185,842.7019356905403,27222.18466713846,26731.4505907824,25580.456390964697,D,81.66335895870014,99999900.0,99999900.0,99999900.0,99999900.0,99999900.0,99999900.0,0.002819652820790696,0.0013915190988891028,0.004170202378038898,0.0027937914325728993,0.0013895221480807994,0.27075110758584536,2623.8953060090034
LLLVFLLITLLGLLLAIL,15,27010.28245400031,1203.170861191316,27843.282256869505,27556.696680375026,25630.8684247564,D,84.04155929437367,99999900.0,99999900.0,99999900.0,99999900.0,99999900.0,99999900.0,0.003886498337260565,0.0034055899534437715,0.004265498157272312,0.0038525288159922157,0.0004309593670339551,0.37335515879067344,3618.2487206058217
LLLAYLLGTLLLLLLGFL,16,25886.222708557936,1265.8218122497542,26534.735096698765,26696.373241454603,24427.559787520444,D,78.5632445309388,99999900.0,99999900.0,99999900.0,99999900.0,99999900.0,99999900.0,0.0016388359827470788,0.0013059103721988366,0.001990838207675794,0.0016451948542072364,0.0003425081917085672,0.159438648060039,1545.14721646527
LLLLFLLGALLGILLTLL,16,30764.60987684455,1118.6210433069232,31790.15646596063,30931.912816023105,29571.76034854992,D,102.37429250488056,99999900.0,99999900.0,99999900.0,99999900.0,99999900.0,99999900.0,0.010665956386458265,0.011643041220843475,0.0117151156098093,0.011341371072370347,0.0005860353469249837,1.099111674402421,10651.679281976018
LLLGALLALLLLTLLGFL,16,26188.59069702154,965.7984477248788,26525.12435534772,26941.098250776427,25099.54948494047,D,80.10929928182341,99999900.0,99999900.0,99999900.0,99999900.0,99999900.0,99999900.0,0.0016223278260743851,0.0019031788898830795,0.0032611258163261795,0.002262210844094548,0.0008764089635107629,0.21923472328327676,2124.641211873093
LLLYTLLALLLGVLLIFL,15,25921.67829536445,1020.9898094495744,26487.425775520744,26534.55425945733,24743.05485111528,D,78.77335645054286,99999900.0,99999900.0,99999900.0,99999900.0,99999900.0,99999900.0,0.0015575738139341855,0.0009109798181924593,0.002587230490791983,0.001685261374306209,0.0008453887650974007,0.16332156307202936,1582.7772101684836
LLLYILLALLLGVLLITL,15,25527.189080049844,1068.607415461208,25796.497665261253,26435.38016084676,24349.68941404152,D,76.87735389095853,99999900.0,99999900.0,99999900.0,99999900.0,99999900.0,99999900.0,0.0003707819654059538,0.0006689384876641491,0.0018436368876391487,0.0009611191135697504,0.0007786864221896895,0.09314369766009571,902.6715098373394
LLLATLLGILLGLLLIFL,14,27300.72472831213,638.3775755928749,27916.656119242933,27343.468770763116,26642.049294930355,D,85.55543892029844,99999900.0,99999900.0,99999900.0,99999900.0,99999900.0,99999900.0,0.004012530988800987,0.0028851923126152527,0.006176971702801116,0.004358231668072451,0.0016728970703990332,0.42236368738507557,4093.198756008678
LLLYILLFALLGTLLTLL,15,25357.96191561413,1089.7875277276246,25326.558274655054,26463.11185972856,24284.215612458785,D,76.09225519183501,99999900.0,99999900.0,99999900.0,99999900.0,99999900.0,99999900.0,-0.0004364224742343736,0.0007366196401948993,0.0017198692775684892,0.0006733554811763383,0.0010795370744377003,0.06525603171443482,632.407367899653
LLLTLLLILLLGALLGFL,15,25806.473792036508,1056.6793219655642,26598.732795917796,26213.970722305745,24606.717857885986,D,78.18549129779414,99999900.0,99999900.0,99999900.0,99999900.0,99999900.0,99999900.0,0.0017487634073660926,0.00012857325272083812,0.0023295075022331645,0.0014022813874400317,0.0011406424660112078,0.13589748839867904,1317.0058105658836
LLLFVLLTLLLGLLLIAL,14,26829.75333867972,1378.924778664341,27963.354483390485,27231.273415049403,25294.63211759927,D,83.11342340627023,99999900.0,99999900.0,99999900.0,99999900.0,99999900.0,99999900.0,0.004092743730310526,0.002611371692549146,0.003629897914887794,0.0034446711125824883,0.0007578571796747144,0.33382897095570463,3235.193671821871
LLLAFLLITLLGLLLGVL,14,27076.2556576285,1133.8407308237615,27690.51074933584,27770.433666842146,25767.822556707517,D,84.3932976134062,99999900.0,99999900.0,99999900.0,99999900.0,99999900.0,99999900.0,0.0036240861164576975,0.003927230031976314,0.004524387746560511,0.004025234631664841,0.00045808234244677776,0.39009237486725684,3780.4519451487954
LLLTYLLVALLILLLGFL,15,25867.048004162352,1024.331608947507,26195.04294509764,26687.20993853197,24718.89112885745,D,78.53397088740651,99999900.0,99999900.0,99999900.0,99999900.0,99999900.0,99999900.0,0.0010553543288050748,0.0012835466899219054,0.002541552890256081,0.0016268179696610201,0.0008003579946717951,0.1576577127379333,1527.8878675612325
LLLYILLATLLIVLLSLL,15,25734.191559522304,1129.7477990985758,26150.44634650367,26596.755089596587,24455.373242466656,D,77.86287487399773,99999900.0,99999900.0,99999900.0,99999900.0,99999900.0,99999900.0,0.0009787517432429812,0.0010627852986333577,0.0020434150363200063,0.0013616506927321148,0.000591918385209277,0.13195989826009816,1278.845950856597
LLLAVLLIFLLGILLSLL,14,26214.9167292787,967.3127148592096,26666.656990553463,26873.717125213698,25104.37607206894,D,80.22389868695666,99999900.0,99999900.0,99999900.0,99999900.0,99999900.0,99999900.0,0.0018654352858357346,0.0017387305358048744,0.0032702496970120043,0.0022914718395508713,0.0008500106435288035,0.22207045641514048,2152.1227868152464
LLLAYLLGLLLIVLLGTL,14,26571.88223097548,942.319010496379,27203.715721800567,27023.138834583024,25488.792136542837,D,81.95145735202446,99999900.0,99999900.0,99999900.0,99999900.0,99999900.0,99999900.0,0.0027879291241391124,0.0021034046780683733,0.003996925961755565,0.0029627532546543504,0.0009587900293609151,0.28712548683796646,2782.5822168089135
LLLYFLLIVLLGLLLATL,15,25585.614532612017,1439.5395738951502,25647.50791088823,26993.20915052922,24116.1265364186,D,77.15411370578049,99999900.0,99999900.0,99999900.0,99999900.0,99999900.0,99999900.0,0.00011486557789970761,0.002030359188851267,0.0014021241227497269,0.0011824496298335672,0.0009764587065142794,0.11459321666223106,1110.5424682525663
LLLTFLLGVLLIILLALL,15,26119.98458326753,1160.8050907165375,26301.32022943056,27179.45001168622,24879.18350868583,D,79.77467575126474,99999900.0,99999900.0,99999900.0,99999900.0,99999900.0,99999900.0,0.0012379044564625743,0.0024848930486465184,0.0028445596545544362,0.002189119053221176,0.0008431766859124502,0.21215127277810666,2055.994281130733
LLLGLLLGFLLIVLLGTL,14,26289.8347928993,1103.3362073674075,26931.814838928865,26921.86470769421,25015.824832074817,D,80.55366387610137,99999900.0,99999900.0,99999900.0,99999900.0,99999900.0,99999900.0,0.00232089102479391,0.0018562380815105894,0.00310285792995512,0.002426662345419873,0.0006300047149301237,0.23517199963428262,2279.0920836750256
LLLAYLLFTLLISLLGLL,14,27247.18108675772,1196.737496835829,28217.49863878484,27614.104186213863,25909.94043527446,D,85.18866758607032,99999900.0,99999900.0,99999900.0,99999900.0,99999900.0,99999900.0,0.004529281493783248,0.003545696990363819,0.0047930385618994665,0.004289339015348844,0.0006573770179571142,0.4156871825422407,4028.495605303722
LLLGYLLAALLIILLTLL,14,26185.249256036124,667.7085014287388,26222.723930986034,26833.43123859416,25499.592598528183,D,80.16461020256465,99999900.0,99999900.0,99999900.0,99999900.0,99999900.0,99999900.0,0.001102901342631495,0.0016404100092206658,0.0040173424846283974,0.002253551278826853,0.0015509508228540862,0.21839550999766613,2116.508252342518
LLLSYLLGLLLGVLLITL,15,26757.851679063107,1397.321201784671,27857.52255289867,27230.53739981653,25185.495084474125,D,82.7619820901984,99999900.0,99999900.0,99999900.0,99999900.0,99999900.0,99999900.0,0.003910958577041076,0.0026095753958471895,0.0034235920424078997,0.003314708671765388,0.0006574885834563488,0.3212340884653591,3113.1345107686725
LLLAYLLALLLGFLLITL,14,26868.640997647766,1161.1765209489577,27443.44077281244,27630.304895855457,25532.1773242754,D,83.38063453962174,99999900.0,99999900.0,99999900.0,99999900.0,99999900.0,99999900.0,0.0031996995126995858,0.003585235956405264,0.004078938627406889,0.0036212913655039127,0.00044072706928639403,0.35094554184322024,3401.0732887408253
LLLYGLLFILLGTLLTLL,15,25737.675199701043,1010.500060081476,26040.656187770102,26562.02396603483,24610.345445298197,D,77.90688439844226,99999900.0,99999900.0,99999900.0,99999900.0,99999900.0,99999900.0,0.0007901676293549462,0.0009780215601632965,0.0023363648682861262,0.0013681846859347896,0.0008437131763540484,0.13259311872027882,1284.982598672932
LLLYVLLATLLGLLLIFL,15,26042.61323945441,1070.4687597277134,26762.957974032237,26552.34371908433,24812.538025246664,D,79.3428829364857,99999900.0,99999900.0,99999900.0,99999900.0,99999900.0,99999900.0,0.0020308493433922247,0.0009543962397967111,0.0027185771698373068,0.0019012742510087475,0.0008891995652857492,0.1842557405264127,1785.6539054754453
LLLAYLLGFLLITLLGLL,14,26227.077283746217,921.5219785739836,26417.564014972835,27038.469931599648,25225.197904666173,D,80.32103469609744,99999900.0,99999900.0,99999900.0,99999900.0,99999900.0,99999900.0,0.0014375738215891786,0.0021408212936197112,0.0034986437890523253,0.0023590129680870716,0.0010477156378520783,0.22861598273667164,2215.556602261333
LLLTVLLIILLGLLLGFL,15,26079.316095358103,847.7295846216228,26233.2157611306,26839.552990925604,25165.179534018112,D,79.612149367693,99999900.0,99999900.0,99999900.0,99999900.0,99999900.0,99999900.0,0.0011209229259291208,0.001655350574350336,0.003385188786961776,0.002053820762413744,0.0011835577047364246,0.19903928393617362,1928.9237539533615
LLLGALLILLLGTLLSFL,14,25898.41783613608,1170.6659932838045,26459.42093260029,26683.005726472085,24552.826849335863,D,78.64325056600696,99999900.0,99999900.0,99999900.0,99999900.0,99999900.0,99999900.0,0.0015094705180864793,0.0012732860160659866,0.0022276352850820378,0.0016701306064115014,0.0004970456516290236,0.1618552144683529,1568.5665749749062
LLLVFLLITLLGILLALL,15,25741.890526882624,1218.9845629620595,26299.807683067986,26582.06987588621,24343.794021693677,D,77.8738533623058,99999900.0,99999900.0,99999900.0,99999900.0,99999900.0,99999900.0,0.0012353063892151016,0.0010269450065071883,0.001832492603915231,0.0013649146665458403,0.0004181213485185237,0.13227621554666938,1281.9114357990018
LLLGALLALLLITLLGFL,14,26303.838820303165,1086.7453858903466,26907.53572340776,26954.711771176782,25049.268966324955,D,80.6279396860488,99999900.0,99999900.0,99999900.0,99999900.0,99999900.0,99999900.0,0.002279187328038684,0.001936403639460233,0.0031660786452177166,0.002460556537572211,0.0006345835229276594,0.2384567437848228,2310.9251012197833
LLLTALLIALLGVLLSLL,15,27407.535618253125,1102.8425076332678,28343.95177102833,27686.72649039241,26191.928593338635,D,85.98757216931085,99999900.0,99999900.0,99999900.0,99999900.0,99999900.0,99999900.0,0.004746487226679356,0.003722936807772492,0.0053260914708210295,0.004598505168424292,0.0008117574980174935,0.44564900338444424,4318.860737207805
LLLGYLLATLLGILLLLL,16,26734.53453247602,1173.1880219677737,27383.03544118041,27440.310807605078,25380.25734864257,D,82.71641353171117,99999900.0,99999900.0,99999900.0,99999900.0,99999900.0,99999900.0,0.0030959426179893515,0.003121542083136899,0.003791758536262984,0.0033364144124630782,0.00039454725504467546,0.3233376289323934,3133.520281326236
LLLLVLLATLLLGLLSIL,16,26436.47339685395,1187.7285111712424,27409.725623284365,26786.67707162448,25113.017495653017,D,81.23086525775314,99999900.0,99999900.0,99999900.0,99999900.0,99999900.0,99999900.0,0.003141787750191036,0.0015263031916178105,0.0032865849077185053,0.0026515586165091177,0.0009771854392296763,0.2569670820371458,2490.3119561286217
LLLTLLLAVLLGLLLIFL,15,26269.78427395971,1038.6506246160573,26638.63075650723,27073.67238253961,25097.04968283229,D,80.49396583627713,99999900.0,99999900.0,99999900.0,99999900.0,99999900.0,99999900.0,0.0018172952469270253,0.0022267353395524466,0.003256400345602012,0.0024334769773604946,0.0007414933916500883,0.23583241727469825,2285.4923040181416
LLLWTLLALLLGILLIFL,15,25216.503137592965,1574.766713795453,26171.84483387843,26078.750900927043,23398.913677973425,D,75.22492717301361,99999900.0,99999900.0,99999900.0,99999900.0,99999900.0,99999900.0,0.0010155074490973267,-0.00020144018767167496,4.634945783225849e-05,0.0002868055730859701,0.000643121096825158,0.027794818779047603,269.3643441609569
LLLYLLLAVLLITLLAFL,15,25142.92844468336,1199.330742377127,25763.9184541669,25904.428209379435,23760.438670503747,D,74.94410490830374,99999900.0,99999900.0,99999900.0,99999900.0,99999900.0,99999900.0,0.00031482137908136554,-0.0006268869201813391,0.0007297538611912017,0.00013922944003040937,0.0006951567803132833,0.013492963238875114,130.76261523846617
LLLAFLLATLLGLLLIVL,14,27043.552172896678,1328.4283808242817,28200.072402656788,27337.97051059588,25592.61360543736,D,84.1636929861454,99999900.0,99999900.0,99999900.0,99999900.0,99999900.0,99999900.0,0.004499348835551217,0.002871773423761069,0.004193183621590132,0.0038547686269674725,0.0008649531557865191,0.37357222270434404,3620.352324130338
LLLSYLLATLLIALLGLL,14,27322.430620583946,1051.7978161477747,28133.2403929462,27700.10892336464,26133.942545440987,D,85.58757368223188,99999900.0,99999900.0,99999900.0,99999900.0,99999900.0,99999900.0,0.0043845529788368405,0.003755597572303597,0.00521647824549661,0.004452209598879015,0.0007327865644264134,0.43147124944495,4181.461698129841
LLLTALLGVLLGLLLIFL,15,26425.42650323727,1159.6907139626169,27168.12271617293,27019.05731027968,25089.099483259204,D,81.19916081147399,99999900.0,99999900.0,99999900.0,99999900.0,99999900.0,99999900.0,0.002726791809972469,0.002093443432271283,0.003241371781856523,0.0026872023413667587,0.0005749872767842217,0.26042137639540575,2523.788113744479
LLLLFLLGTLLIILLAVL,14,25467.61465371683,1328.970941936794,25008.3072283182,26965.314612119604,24429.222120712693,D,76.67503002120776,99999900.0,99999900.0,99999900.0,99999900.0,99999900.0,99999900.0,-0.000983075218521049,0.001962280615053002,0.0019939805791491507,0.0009910619918937012,0.0017097264448118661,0.0960455132272842,930.7935009661684
LLLTFLLALLLGVLLLIL,17,26589.81210494381,993.5974200346852,27226.69903763391,27097.817130233925,25444.920146963603,D,82.0322039209393,99999900.0,99999900.0,99999900.0,99999900.0,99999900.0,99999900.0,0.0028274070545896714,0.0022856622865988713,0.003913993076112667,0.00300902080576707,0.0008292182800579106,0.29160935437474855,2826.0361442459357
LLLYFLLIALLGILLTLL,15,25530.655253020588,966.6857390936428,25503.6687938502,26510.551667841173,24577.745297370395,D,76.94741808919113,99999900.0,99999900.0,99999900.0,99999900.0,99999900.0,99999900.0,-0.00013220367440806334,0.0008523998130066787,0.0022747395723748225,0.0009983119036578126,0.0012100874769854753,0.09674811458010785,937.6025308833775
LLLAFLLIILLGLLLGTL,14,26157.489302945825,865.3714607189506,26711.511283359643,26600.660580599364,25160.296044878472,D,79.94455974442862,99999900.0,99999900.0,99999900.0,99999900.0,99999900.0,99999900.0,0.0019424805070149397,0.0010723169228368749,0.003375957342246358,0.0021302515906993905,0.0011632425716011686,0.2064463262696755,2000.706668466918
LLLYLLLGALLGFLLLTL,17,25243.527162257316,1028.9737340952045,25489.90875145214,26126.94405183343,24113.728683486366,D,75.49935523590919,99999900.0,99999900.0,99999900.0,99999900.0,99999900.0,99999900.0,-0.00015583899320741783,-8.382142903251108e-05,0.0013975913704190332,0.0003859769827263681,0.0008768234625211201,0.0374056897581527,362.5049391287405
LLLLVLLATLLGGLLLIL,16,26372.753119640573,1293.3668359955584,27412.50455507628,26781.309137073564,24924.44566677188,D,80.90019447672137,99999900.0,99999900.0,99999900.0,99999900.0,99999900.0,99999900.0,0.0031465610595256687,0.0015132023715539523,0.0029301204284446153,0.002529961286508079,0.0008871643900933528,0.2451828767477255,2376.109206527117
LLLFTLLIALLGILLSLL,14,26384.07854890769,1277.3704205114375,27498.333386281403,26663.911290108703,24989.990970332965,D,80.953410665673,99999900.0,99999900.0,99999900.0,99999900.0,99999900.0,99999900.0,0.00329398733402576,0.0012266847073792388,0.0030540232014164915,0.0025248984142738303,0.0011306700746953006,0.24469222513751346,2371.3542178277153
LLLAFLLILLLGTLLGVL,14,26427.704113146367,1043.90341035818,27146.528450449598,26906.26748663955,25230.316402349952,D,81.2268705873379,99999900.0,99999900.0,99999900.0,99999900.0,99999900.0,99999900.0,0.002689699820002951,0.0018181719716139093,0.0035083194793308725,0.002672063756982578,0.0008452117619269205,0.25895427028236134,2509.5701373980155
LLLTFLLAILLGLLLIVL,15,26698.97636104793,910.4824999665068,27036.01171761124,27392.88767060525,25668.02969492732,D,82.60751630562773,99999900.0,99999900.0,99999900.0,99999900.0,99999900.0,99999900.0,0.0024998676859343642,0.003005802597342966,0.004335745515529537,0.0032804719329356225,0.0009482585534736577,0.3179161475302516,3080.9797775050847
LLLAGLLFLLLGTLLLVL,16,26325.468810224906,1105.520993240011,27235.957993126834,26645.10082337516,25095.34761417272,D,80.70471575458095,99999900.0,99999900.0,99999900.0,99999900.0,99999900.0,99999900.0,0.0028433109565177066,0.0011807764464539425,0.0032531828606679023,0.002425756754546517,0.0010974883690074526,0.2350842372733841,2278.241563620429
LLLYVLLGALLIFLLALL,15,25439.44650453777,1229.7849824943114,26411.19252008554,25850.319483160696,24056.82751036706,D,76.35624043688951,99999900.0,99999900.0,99999900.0,99999900.0,99999900.0,99999900.0,0.001426629646525378,-0.0007589430545012692,0.0012900289250294195,0.0006525718390178427,0.0012243143633266771,0.06324185339443825,612.8876211978654
LLLIYLLSTLLGGLLFLL,14,26121.204107549813,1386.7487888659566,26992.977879171725,26848.53692229214,24522.09752118557,D,79.67361425115473,99999900.0,99999900.0,99999900.0,99999900.0,99999900.0,99999900.0,0.0024259494187332865,0.0016772764877873716,0.0021695464707425665,0.0020909241257544083,0.00038047850692432604,0.20263503435709654,1963.7707864739878
LLLTLLLIILLGVLLGAL,15,25857.70473194721,1103.0851699945388,25721.701016104063,27022.48557135026,24828.927608387326,D,78.54789979671587,99999900.0,99999900.0,99999900.0,99999900.0,99999900.0,99999900.0,0.00024230542465030223,0.002101810343415889,0.0027495590203842142,0.001697891596150135,0.0013015156219287993,0.16454557947977838,1594.639362591082
LLLYFLLGTLLILLLAVL,15,25339.428032278425,854.6310756550889,25478.30008563006,26116.11858601112,24423.865425194097,D,76.00046439047259,99999900.0,99999900.0,99999900.0,99999900.0,99999900.0,99999900.0,-0.00017577894030952647,-0.00011024173622894068,0.0019838546144703615,0.0005659446459772981,0.0012283832017508521,0.05484666390773403,531.5284035620335
LLLSYLLGLLLIVLLGTL,15,25634.786020720065,1169.1821498245856,26139.249199319507,26467.04720481556,24298.061658025126,D,77.36254314146656,99999900.0,99999900.0,99999900.0,99999900.0,99999900.0,99999900.0,0.0009595186525529146,0.0007462241253809543,0.0017460429825810193,0.0011505952535049628,0.0005265853562118417,0.11150615455305878,1080.6252211918238
LLLVGLLFILLGTLLSYL,15,25704.64315076408,911.3196404782508,25866.349145247543,26524.285498114696,24723.29480893,D,77.77487736573045,99999900.0,99999900.0,99999900.0,99999900.0,99999900.0,99999900.0,0.0004907642990589111,0.0008859181872518166,0.0025498773336963595,0.0013088532733356957,0.0010927681307734245,0.12684321001609056,1229.259249677522
LLLALLLTVLLGSLLIWL,14,26297.784569302712,1136.1890971874273,27167.945219209632,26713.02241837751,25012.38607032099,D,80.56801638850271,99999900.0,99999900.0,99999900.0,99999900.0,99999900.0,99999900.0,0.0027264869273862036,0.0013465438540361198,0.0030963575082049682,0.0023897960965424303,0.0009222160770446573,0.23159922838166602,2244.4677462059267
LLLGALLALLLLTLLSFL,16,25981.30631669483,1428.974900246397,27049.88153796961,26535.86190546329,24358.17550665159,D,78.96790545298994,99999900.0,99999900.0,99999900.0,99999900.0,99999900.0,99999900.0,0.002523691567894648,0.0009141712198142218,0.0018596784703149224,0.0017658470860079309,0.0008088523871708354,0.17113126226590983,1658.4623412059184
LLLAFLLALLLGVLLITL,14,26614.343568372555,558.9525871452678,27077.345998099623,26772.264434581102,25993.42027243694,D,82.2231190998026,99999900.0,99999900.0,99999900.0,99999900.0,99999900.0,99999900.0,0.002570866660241502,0.0014911281419296989,0.004950843663862757,0.0030042794886779856,0.0017701109804377007,0.2911498652237982,2821.5831562707767
LLLAFLLATLLILLLGVL,14,27107.98626959068,1153.5089175247708,28049.92914627254,27452.576316124065,25821.45334637544,D,84.5170037656863,99999900.0,99999900.0,99999900.0,99999900.0,99999900.0,99999900.0,0.0042414511032945485,0.0031514769153474687,0.004625768062090433,0.004006232026910817,0.0007647742194676042,0.3882507999292773,3762.604927352585
LLLTYLLFVLLGALLILL,15,26524.37895191332,869.4085116636709,27321.48676275148,26654.347055098267,25597.30303789021,D,81.7184910599339,99999900.0,99999900.0,99999900.0,99999900.0,99999900.0,99999900.0,0.0029902218219144783,0.0012033425222740199,0.004202048233591374,0.002798537525926624,0.0015085145467538914,0.27121105961277364,2628.352779794457
LLLYTLLAILLIVLLALL,15,25733.370945052226,1246.4442450774482,26023.94686581361,26808.860393453306,24367.30557588976,D,77.86282075961732,99999900.0,99999900.0,99999900.0,99999900.0,99999900.0,99999900.0,0.0007614663986510008,0.0015804431415262082,0.0018769373864320818,0.0014062823088697638,0.000577769744681231,0.13628522453954992,1320.7634278442488
LLLFLLLITLLGILLAVL,14,25531.125488409445,1339.031477055551,25250.8106695684,26988.124953013183,24354.440842646756,D,76.9528034589534,99999900.0,99999900.0,99999900.0,99999900.0,99999900.0,99999900.0,-0.0005665324508404979,0.002017950848884575,0.0018526186933182991,0.001101345697120792,0.0014467884495499453,0.10673329578355295,1034.3706302754063
LLLLFLLATLLIILLAVL,14,25785.82758515092,1169.270460400133,25892.291289260094,26898.225399562,24566.96606663067,D,78.15277857699256,99999900.0,99999900.0,99999900.0,99999900.0,99999900.0,99999900.0,0.0005353245428676031,0.0017985446950997276,0.0022543631837307313,0.001529410807232687,0.0008905606376850254,0.14821781797457312,1436.4042323522933
LLLTALLGILLGLLLIFL,15,26155.68943646001,1033.4437550535984,26347.693715972964,27079.6661015548,25039.70849185227,D,79.96065369759451,99999900.0,99999900.0,99999900.0,99999900.0,99999900.0,99999900.0,0.0013175591629351335,0.0022413634304105858,0.003148006117763656,0.0022356429037031253,0.0009152368856911367,0.21665997872525947,2099.6889218522233
LLLIVLLGLLLGFLLGTL,14,27671.750848375774,1160.2132194333146,28715.04082783787,27877.948031518285,26422.26368577117,D,87.26343967378693,99999900.0,99999900.0,99999900.0,99999900.0,99999900.0,99999900.0,0.005383898646420538,0.004189626365713644,0.0057615026309589595,0.005111675881031047,0.0008205349924333614,0.49538125511912023,4800.8244973837445
LLLALLLIVLLGTLLGFL,14,25910.995106186223,986.8425415980238,26426.7061558576,26533.13377840116,24773.145384299904,D,78.7304509975907,99999900.0,99999900.0,99999900.0,99999900.0,99999900.0,99999900.0,0.0014532770736627688,0.0009075130347314264,0.00264411176678306,0.0016683006250590852,0.0008880428676489376,0.16167786784460303,1566.8478785021823
LLLLFLLATLLGILLIVL,14,25986.45850827376,964.7250077625864,26251.67614813159,26790.833702740874,24916.86567394881,D,79.13149826138904,99999900.0,99999900.0,99999900.0,99999900.0,99999900.0,99999900.0,0.0011526319221157517,0.001536447740850148,0.0029157916805578957,0.001868290447841265,0.0009272393272962672,0.18105922372996555,1754.6759143138863
LLLTYLLFVLLIGLLALL,15,26070.106486875666,1438.0757357092086,26893.363280421432,26907.37680919337,24409.57937101218,D,79.42279182369835,99999900.0,99999900.0,99999900.0,99999900.0,99999900.0,99999900.0,0.0022548436379207816,0.0018208793509667195,0.0019568491444855226,0.0020108573777910077,0.00022196602788821464,0.19487562882698392,1888.5730599367935
LLLALLLGILLITLLGFL,14,25976.598549166123,1140.7512883841378,26421.01365136497,26828.25547492272,24680.526521210675,D,79.0419805616187,99999900.0,99999900.0,99999900.0,99999900.0,99999900.0,99999900.0,0.001443499185298921,0.0016277781956414528,0.0024690308175345263,0.0018467693994916334,0.0005467144068906267,0.17897358211436895,1734.4636045878924
LLLYVLLATLLLALLFLL,17,26050.099020645663,1128.840049375359,26771.060902439775,26630.064958005787,24749.171201491423,D,79.37215962998862,99999900.0,99999900.0,99999900.0,99999900.0,99999900.0,99999900.0,0.002044767563306105,0.001144080364405967,0.0025987924598561015,0.0019292134625227247,0.0007342079969723307,0.18696337731500362,1811.8940768391337
LLLAFLLGLLLIVLLGTL,14,26589.07216206933,1140.4255934387916,27295.254204096556,27198.556191017484,25273.406091093937,D,82.00412106877218,99999900.0,99999900.0,99999900.0,99999900.0,99999900.0,99999900.0,0.0029451627393335,0.002531523016868473,0.003589773552037992,0.0030221531027466546,0.0005333096528664284,0.29288202774288696,2838.3698395963124
LLLALLLIVLLGLLLGFL,14,26215.90112214432,986.1335491422896,26575.55113600381,26971.73004557137,25100.42218485778,D,80.23760986501843,99999900.0,99999900.0,99999900.0,99999900.0,99999900.0,99999900.0,0.0017089447856994489,0.001977937929516516,0.003262775514074945,0.00231655274309697,0.0008304170500977657,0.22450108968832874,2175.6784697190583
LLLTLLLGLLLGALLIFL,15,28063.67504229208,918.167797121976,28705.37093352895,28473.71825891951,27011.93593442778,D,89.23847297182063,99999900.0,99999900.0,99999900.0,99999900.0,99999900.0,99999900.0,0.005367288884027679,0.005643645313701081,0.0068761824445176265,0.005962372214082128,0.0008033555078493523,0.5778236921984985,5599.788260070979
LLLTFLLAVLLIILLALL,15,26297.48791132376,1141.3141440555366,26820.073870590717,27083.942950922014,24988.446912458563,D,80.59966480556308,99999900.0,99999900.0,99999900.0,99999900.0,99999900.0,99999900.0,0.0021289560486347256,0.0022518013807001466,0.0030511044102617727,0.0024772872798655486,0.0005007217972633946,0.24007814864484225,2326.6384131219197
LLLLALLALLLGTLLSFL,16,26322.062977418223,1635.4350936770093,27392.029913036647,27134.679603532582,24439.47941568544,D,80.60534909735259,99999900.0,99999900.0,99999900.0,99999900.0,99999900.0,99999900.0,0.0031113922222568476,0.0023756277333109844,0.002013370332819747,0.0025001300961291933,0.0005594985667374339,0.24229188505037846,2348.092111372761
LLLTYLLIVLLGLLLGFL,15,26432.07248258848,1173.6148349603006,27393.9627037924,26777.836016312376,25124.41872766066,D,81.21214425715463,99999900.0,99999900.0,99999900.0,99999900.0,99999900.0,99999900.0,0.003114712133952113,0.001504725977193926,0.003308137088947268,0.0026425250666977686,0.0009900976615266545,0.2560916252695652,2481.8277548134333
LLLYGLLFLLLGVLLATL,13,27239.52893028783,1296.4158740507585,28319.9847582366,27596.60560305055,25801.996429576346,D,85.12983604298337,99999900.0,99999900.0,99999900.0,99999900.0,99999900.0,99999900.0,0.004705319621841111,0.0035029904731325437,0.004588987914407627,0.004265766003127094,0.0006631388605770648,0.4134026815971233,4006.356115792802
LLLTGLLLLLLGALLIYL,15,25760.96532824604,1194.1642483401615,26139.99581166453,26719.613912605822,24423.28626046776,D,77.99142677128589,99999900.0,99999900.0,99999900.0,99999900.0,99999900.0,99999900.0,0.0009608010919730578,0.001362630857150261,0.0019827597974247184,0.001435397248849346,0.0005148505702947089,0.13910680318527854,1348.1078292395973
LLLAFLLITLLGLLLGYL,14,26889.681805828623,1258.1661995694762,27776.005722774426,27443.417345309488,25449.62234940195,D,83.44101053238462,99999900.0,99999900.0,99999900.0,99999900.0,99999900.0,99999900.0,0.003770938930897311,0.003129123805883525,0.0039228818277017635,0.003607648188160867,0.000421320364209666,0.3496233581850014,3388.259780698638
LLLFGLLAILLGILLTLL,14,26638.88783710775,1458.3202897128629,27761.551341142385,27164.48665321322,24990.62551696765,D,82.17097060535677,99999900.0,99999900.0,99999900.0,99999900.0,99999900.0,99999900.0,0.003746110961038075,0.0024483739247551225,0.0030552227089837175,0.003083235864925638,0.0006493218820542591,0.2988016627312196,2895.7380350495773
LLLTALLAFLLGLLLLVL,17,27503.133377676608,971.1023308673,28379.18408271037,27671.277233115143,26458.938817204315,D,86.47802440455673,99999900.0,99999900.0,99999900.0,99999900.0,99999900.0,99999900.0,0.004807004984877597,0.0036852318138330194,0.005830831022724508,0.004774355940478375,0.00107317214899292,0.4626910025646127,4484.017666952499
LLLGYLLIALLGILLTLL,14,26585.314743474657,1193.9737401718587,26746.09646876568,27690.750689359516,25319.097072298784,D,82.0465208440335,99999900.0,99999900.0,99999900.0,99999900.0,99999900.0,99999900.0,0.0020018867108011896,0.0037327581470733254,0.003676144946531733,0.0031369299348020826,0.0009833837520935795,0.3040052469073121,2946.1668595733804
LLLSYLLGLLLIFLLATL,14,25346.25684843221,1213.285175980537,25859.905986123613,26218.23002088731,23960.634538285714,D,75.94765871481844,99999900.0,99999900.0,99999900.0,99999900.0,99999900.0,99999900.0,0.0004796970279296781,0.00013896836908935045,0.0011081917020134696,0.0005756190330108328,0.0004916800184726101,0.055784225306915285,540.6144714874506
LLLYFLLIVLLGTLLTLL,15,25277.04033077412,1153.0849415629802,25682.330148644334,26172.76239380573,23976.028449872287,D,75.62934093773283,99999900.0,99999900.0,99999900.0,99999900.0,99999900.0,99999900.0,0.00017467896123554323,2.8001442150047466e-05,0.0011372913968631954,0.0004466572667495954,0.000602586259310313,0.04328631989981728,419.4951319396652
LLLAFLLGTLLLVLLGLL,16,26901.92848199552,1036.5782988801743,27832.03514105411,27089.309648634586,25784.440656297866,D,83.52919150468068,99999900.0,99999900.0,99999900.0,99999900.0,99999900.0,99999900.0,0.0038671794165639553,0.002264899182173441,0.004555801570418205,0.0035626267230518672,0.0011754244745880067,0.3452602509747494,3345.976162246719
LLLAVLLFSLLITLLGYL,14,26392.626274587117,1324.1431551678245,27104.477056474003,27208.58246623769,24864.819301049647,D,81.02263960219813,99999900.0,99999900.0,99999900.0,99999900.0,99999900.0,99999900.0,0.0026174690758076664,0.0025559928434516336,0.002817406448131214,0.0026636227891301714,0.00013668171830199158,0.2581362416462613,2501.6424819302965
LLLSYLLGLLLGVLLLTL,17,26614.408281028227,1148.6700791071512,27150.052319111863,27397.422618887485,25295.749905085337,D,82.14495996159707,99999900.0,99999900.0,99999900.0,99999900.0,99999900.0,99999900.0,0.0026957526908321463,0.0030168704561033396,0.003632010910962147,0.0031148780192992113,0.00047576146914493167,0.30186815804764255,2925.455965803045
LLLAYLLIVLLGLLLGFL,14,27795.21333492858,1372.9274239190097,28932.340956784647,28183.27656211826,26270.02248588284,D,87.82867842866288,99999900.0,99999900.0,99999900.0,99999900.0,99999900.0,99999900.0,0.005757150245087311,0.004934802019740647,0.00547371531742321,0.005388555860750388,0.00041773586239190585,0.5222141676634613,5060.866843653089
LLLTYLLFVLLIALLGLL,15,26502.85447808941,1114.94644932068,27087.59824774189,27203.79101854821,25217.17416797813,D,81.5985552050625,99999900.0,99999900.0,99999900.0,99999900.0,99999900.0,99999900.0,0.0025884767214386798,0.002544298979931154,0.003483476215309713,0.0028720839722265155,0.0005299417650911315,0.2783385715531908,2697.426717444201
LLLAFLLIVLLGLLLGYL,14,26609.08391310337,1145.114075133328,26886.771552364156,27589.817436187543,25350.66275075843,D,82.15144420202529,99999900.0,99999900.0,99999900.0,99999900.0,99999900.0,99999900.0,0.0022435211732389614,0.003486423476684993,0.0037358147455775785,0.003155253131833844,0.0007993687349980667,0.3057809792805388,2963.3757858096674
LLLTLLLGSLLGFLLIIL,15,25504.67342670027,1204.7421045856306,25762.81154719622,26559.42321729964,24191.785515604948,D,76.75475744137567,99999900.0,99999900.0,99999900.0,99999900.0,99999900.0,99999900.0,0.0003129200695957988,0.0009716742508047634,0.0015451451602932274,0.0009432464935645967,0.0006166042260415922,0.09141163147740294,885.885760124299
LLLYFLLAILLIVLLGLL,15,25288.56807951276,1551.7282644956997,25311.909109127573,26828.494163079817,23725.30096633088,D,75.69794300969866,99999900.0,99999900.0,99999900.0,99999900.0,99999900.0,99999900.0,-0.0004615850200587504,0.00162836073079866,0.0006633317264790438,0.0006100358124063178,0.0010459917070533456,0.05911961428127536,572.9382966845932
LLLFYLLVALLILLLGTL,14,26955.80937065489,858.4707566121932,27219.631225035864,27651.40709104553,25996.389795883275,D,83.87646462328718,99999900.0,99999900.0,99999900.0,99999900.0,99999900.0,99999900.0,0.0028152668300804465,0.003636737341065481,0.004956457066645508,0.0038028204125971454,0.0010802136813045046,0.368537832372307,3571.563186096394
LLLAVLLTTLLLALLGLL,16,27629.396153047637,1303.74527292348,28581.42859052989,28163.319246917185,26143.440621695838,D,87.04185104128872,99999900.0,99999900.0,99999900.0,99999900.0,99999900.0,99999900.0,0.005154395877975963,0.0048860947948430565,0.005234432819233196,0.005091641164017405,0.00018245125486557123,0.493439656416236,4782.0081321689295
LLLGYLLASLLIILLTLL,14,25892.42648388773,1324.956326476202,26081.54484534226,27112.66194533463,24483.07266098631,D,78.64548780161209,99999900.0,99999900.0,99999900.0,99999900.0,99999900.0,99999900.0,0.0008604011670896832,0.0023218920970913253,0.002095776297582532,0.001759356520587847,0.0007866845837971731,0.17050225046644,1652.3664802405854
LLLYTLLGALLGILLIVL,15,26182.59673004133,575.4315476463654,26308.451292420687,26684.68443792089,25554.654459782407,D,80.14850661680696,99999900.0,99999900.0,99999900.0,99999900.0,99999900.0,99999900.0,0.00125015332476357,0.001277383028878142,0.004121428009047901,0.002216321454229871,0.00164992684780402,0.21478750400003283,2081.542448931203
LLLTFLLGLLLIVLLAIL,15,27101.220772970923,1062.7312681104302,27619.87022361265,27805.041835540644,25878.750259759472,D,84.53372929933057,99999900.0,99999900.0,99999900.0,99999900.0,99999900.0,99999900.0,0.003502748456491094,0.004011693690494908,0.0047340785903099685,0.004082840245765323,0.0006187405343580914,0.39567503348630223,3834.5544449545237
LLLTYLLAVLLGFLLILL,15,26477.921737299574,1104.506191723268,27341.30249106229,26859.1668948114,25233.295826025034,D,81.4525199153389,99999900.0,99999900.0,99999900.0,99999900.0,99999900.0,99999900.0,0.0030242588577257578,0.001703219679891831,0.003513951596891465,0.002747143378169685,0.0009366334718380968,0.2662303648241841,2580.084014458752
LLLLVLLGLLLGTLLGFL,16,25957.02143118824,1144.8397577683863,26225.507057793417,26943.75795408993,24701.799281681368,D,78.96851135981208,99999900.0,99999900.0,99999900.0,99999900.0,99999900.0,99999900.0,0.001107681857650896,0.0019096700820172164,0.002509243523371321,0.0018421984876798112,0.0007032126902552859,0.17853060723038186,1730.1706591992759
LLLTVLLILLLGFLLAIL,15,26501.020073101463,1063.7049854364568,27152.54051024003,27076.985497971167,25273.5342110932,D,81.58870238287251,99999900.0,99999900.0,99999900.0,99999900.0,99999900.0,99999900.0,0.0027000266013948227,0.0022348212297040333,0.0035900157421312456,0.0028416211910767004,0.0006886035234433468,0.27538637131365395,2668.816439835407
LLLYALLAFLLILLLGTL,15,25512.984706914714,976.2542062737168,25979.34304456277,26168.59949674856,24391.011579432816,D,76.79351606465718,99999900.0,99999900.0,99999900.0,99999900.0,99999900.0,99999900.0,0.0006848514068918358,1.7841600450591874e-05,0.0019217497439235427,0.0008748142504219901,0.0009660646801002514,0.08477974571477054,821.6150205593951
LLLYVLLIILLGLLLGFL,15,25229.80479837053,1263.6797756772164,24531.54436855666,26688.534425035028,24469.3356015199,D,75.5664515082505,99999900.0,99999900.0,99999900.0,99999900.0,99999900.0,99999900.0,-0.0018020001793733458,0.0012867791919557846,0.002069808613127741,0.0005181958752367267,0.0020471360647197666,0.050219248842620724,486.6833324686256
LLLLILLFALLGILLSTL,14,25784.423669028944,1279.2245143319892,26231.01701601168,26780.4838526106,24341.77013846456,D,78.08838847200401,99999900.0,99999900.0,99999900.0,99999900.0,99999900.0,99999900.0,0.0011171461903391544,0.001511188207046498,0.0018286667806962527,0.001485667059360635,0.00035644618718669324,0.14397853652778064,1395.320630559222
LLLYTLLAVLLIILLALL,15,25731.79198371123,1251.057390428653,26384.977483130115,26521.064871817485,24289.33359618609,D,77.81029011515257,99999900.0,99999900.0,99999900.0,99999900.0,99999900.0,99999900.0,0.0013816006605779385,0.0008780580233074762,0.0017295439962956216,0.0013297342267270121,0.00042810592821076603,0.12886681893414814,1248.8703899185853
LLLTFLLAILLGVLLILL,15,26717.69416408,821.4675918500849,27513.879454147325,26766.11662782798,25873.08641026469,D,82.67099435888628,99999900.0,99999900.0,99999900.0,99999900.0,99999900.0,99999900.0,0.00332069046904948,0.001476123989159939,0.004723372000821904,0.0031733954863437746,0.001628627265907811,0.30753918589557416,2980.414866924866
LLLIYLLATLLGGLLVLL,14,26480.75289360778,963.0409202316176,27006.973777158477,27066.03298709724,25369.251916567624,D,81.51434305418745,99999900.0,99999900.0,99999900.0,99999900.0,99999900.0,99999900.0,0.0024499898614318344,0.0022080908601650965,0.0037709545506567715,0.0028096784240845673,0.0008412298290846005,0.2722907431140529,2638.81617732676
LLLAYLLGLLLGVLLLTL,16,27728.588644558506,1279.8738390079925,28993.02749858972,27758.91946627066,26433.818968815125,D,87.5137923465506,99999900.0,99999900.0,99999900.0,99999900.0,99999900.0,99999900.0,0.00586139016825758,0.003899128819408351,0.005783346020703683,0.005181288336123205,0.0011110681761119358,0.5021275172409903,4866.2036778144975
LLLAYLLGLLLGTLLLFL,16,27148.636069315457,845.9362410445001,27662.565481496396,27611.05689503948,26172.2858314105,D,84.79081724655605,99999900.0,99999900.0,99999900.0,99999900.0,99999900.0,99999900.0,0.003576085151401673,0.0035382598629213925,0.0052889600130430646,0.004134435009122043,0.001000026837950502,0.40067517027589666,3883.0116260482705
LLLFTLLGALLGILLILL,14,26822.264284954173,875.7634499017336,27409.68424972328,27241.411201902705,25815.69740323653,D,83.18647076737575,99999900.0,99999900.0,99999900.0,99999900.0,99999900.0,99999900.0,0.003141716683745321,0.0026361136710794553,0.004614887384494439,0.003464239246439739,0.0010280573694161049,0.33572535228663297,3253.5718277488904
LLLAYLLLTLLGGLLIFL,14,26614.92465344126,999.9788129371312,27054.06565846223,27320.19143910909,25470.51686275245,D,82.17508437832898,99999900.0,99999900.0,99999900.0,99999900.0,99999900.0,99999900.0,0.00253087853860863,0.0028283823551402414,0.0039623795186631335,0.0031072134708040014,0.0007553865614842336,0.3011253735398125,2918.257514055794
LLLAFLLIVLLGILLGLL,14,26115.425452186908,1081.8927974259077,26706.107133006823,26773.40165719252,24866.767566361377,D,79.70979747770538,99999900.0,99999900.0,99999900.0,99999900.0,99999900.0,99999900.0,0.0019331979181439502,0.0014939036133262717,0.0028210893279333243,0.0020827302864678487,0.0006761105140039414,0.20184095537312122,1956.075231182519
LLLYALLALLLGTLLLFL,17,25939.57532409281,1058.147060496144,26679.395477592498,26411.790420338875,24727.540074347045,D,78.83956845785656,99999900.0,99999900.0,99999900.0,99999900.0,99999900.0,99999900.0,0.0018873159017146145,0.0006113660745105304,0.002557902319905833,0.001685528098710326,0.0009888324310723146,0.16334741179036705,1583.027714520312
LLLYLLLAFLLGVLLITL,15,25888.41810477292,1343.4646291636525,26476.908125470018,26837.21646915784,24351.129719690896,D,78.57208959944762,99999900.0,99999900.0,99999900.0,99999900.0,99999900.0,99999900.0,0.0015395078803579904,0.00164964812940351,0.001846359552028343,0.001678505187263281,0.0001554478512008581,0.1626668094266417,1576.431880570228
LLLAYLLGTLLILLLAFL,14,26305.63972669053,1139.1629162743857,27250.09511188717,26626.315034997457,25040.50903318695,D,80.60085005496184,99999900.0,99999900.0,99999900.0,99999900.0,99999900.0,99999900.0,0.0028675939709982457,0.0011349284147837272,0.0031495194114072355,0.0023840139323964026,0.0010908856315946895,0.23103886896165793,2239.037207195589
LLLLALLALLLGTLLGFL,16,26524.353317211444,807.2558340800032,26872.84868098396,27098.82134754712,25601.38992310325,D,81.76461043202228,99999900.0,99999900.0,99999900.0,99999900.0,99999900.0,99999900.0,0.0022196061667183573,0.0022881131492538446,0.004209773827695017,0.0029058310478890727,0.0011297669588990768,0.28160905839300693,2729.1215649514706
LLLVYLLALLLGTLLLFL,17,26631.0492019266,1223.263976777445,27488.78500870146,27174.082384665515,25230.280212412817,D,82.18495859594329,99999900.0,99999900.0,99999900.0,99999900.0,99999900.0,99999900.0,0.003277586298215694,0.0024717929791316716,0.0035082510681202893,0.003085876781822552,0.0005441743714695262,0.29905759850600405,2898.2183524306756
LLLAFLLGTLLILLLGVL,14,26706.36760405814,999.0533428642603,27464.678672261256,27080.09375041424,25574.33038949893,D,82.59028176012615,99999900.0,99999900.0,99999900.0,99999900.0,99999900.0,99999900.0,0.0032361793802450707,0.002242407137390404,0.004158622165154066,0.0032124028942631805,0.0009583287531536649,0.3113194605342238,3017.05015520945
LLLIYLLAALLGTLLFLL,14,26173.64006052239,825.3434345991388,26784.637602755996,26501.547389450632,25234.73518936054,D,80.02354411601873,99999900.0,99999900.0,99999900.0,99999900.0,99999900.0,99999900.0,0.002068087959489076,0.0008304242412331277,0.003516672479989018,0.0021383948935704074,0.001344503513862912,0.20723550768315857,2008.3547605648284
LLLTLLLGLLLIALLGFL,15,26434.38703932835,1026.2553155638286,27287.298746520097,26720.396053304525,25295.466318160423,D,81.25176218006521,99999900.0,99999900.0,99999900.0,99999900.0,99999900.0,99999900.0,0.0029314978267863633,0.001364539726280674,0.00363147483584362,0.0026425041296368862,0.00116076988050448,0.25608959622317423,2481.808090977712
LLLALLLGILLILLLGFL,14,25932.88107961705,827.2127426796385,26373.340825580835,26446.66573700272,24978.6366762676,D,78.86371078184705,99999900.0,99999900.0,99999900.0,99999900.0,99999900.0,99999900.0,0.0013616126327085666,0.0006964817263407491,0.00303255974876003,0.0016968847026031153,0.0012035865786664977,0.16444799970345786,1593.6937002839845
LLLFGLLALLLGILLTLL,16,27175.525597126438,1198.3208204946454,27789.675983207657,27942.26941410948,25794.631394062173,D,84.87069127110145,99999900.0,99999900.0,99999900.0,99999900.0,99999900.0,99999900.0,0.003794420033212462,0.004346607202866761,0.004575065508473663,0.004238697581517629,0.0004013542130042133,0.4107794345479998,3980.933779832405
LLLAFLLLTLLGLLLAVL,16,27411.46662119312,1054.6080770108808,28251.42026325592,27755.07123359607,26227.908366727363,D,86.01988570011679,99999900.0,99999900.0,99999900.0,99999900.0,99999900.0,99999900.0,0.004587547913709331,0.0038897369381632498,0.005394105400905411,0.004623796750925997,0.0007528390276632672,0.44810005391566776,4342.614287252394
LLLIVLLGILLGLLLGFL,14,27660.86488195528,1302.926282049407,28152.043075121048,28646.809334803303,26183.74223594148,D,87.2434971684127,99999900.0,99999900.0,99999900.0,99999900.0,99999900.0,99999900.0,0.004416849927830845,0.006066086201961634,0.00531061648898498,0.005264517539592486,0.0008255839792707467,0.5101934017447748,4944.371544520567
LLLFYLLGVLLILLLATL,14,25355.51015093747,905.806901406864,25495.579368600025,26183.12335908892,24387.827725123465,D,76.07356777018478,99999900.0,99999900.0,99999900.0,99999900.0,99999900.0,99999900.0,-0.0001460987002488564,5.328810326252717e-05,0.0019157311833824448,0.0006076401954653719,0.0011372182283343947,0.05888745094490375,570.6883620713444
LLLTALLALLLGLLLGFL,13,29057.88073781169,1174.5766161511065,30190.86374664751,29137.061250346665,27845.717216440917,D,94.0269280194332,99999900.0,99999900.0,99999900.0,99999900.0,99999900.0,99999900.0,0.00791888685128112,0.00726258032285217,0.008452310821086922,0.007877925998406738,0.0005959219816457734,0.7634632867291875,7398.8533314633405
LLLYGLLFVLLILLLATL,15,25912.03305698342,1251.3901291044951,26208.81365825745,26988.354237165757,24538.931275527048,D,78.73392611686906,99999900.0,99999900.0,99999900.0,99999900.0,99999900.0,99999900.0,0.0010790079765345703,0.0020185104329104005,0.0022013679549545166,0.001766295454799829,0.0006021895687216714,0.17117471445264004,1658.8834437816893
LLLTILLAALLGILLSLL,15,26516.81559996438,1222.3316688470934,27475.921760775316,26934.024047439874,25140.500991677945,D,81.6192601875079,99999900.0,99999900.0,99999900.0,99999900.0,99999900.0,99999900.0,0.0032554913833357495,0.0018859138013973184,0.0033385380025009043,0.0028266477290779905,0.0008157569658028173,0.27393526749349095,2654.7535444470655
LLLYFLLATLLGLLLIVL,15,25769.71602223192,1032.9667107173584,25886.61716155682,26739.259041152905,24683.27186398604,D,78.08652014925975,99999900.0,99999900.0,99999900.0,99999900.0,99999900.0,99999900.0,0.0005255782199061229,0.0014105761686635716,0.0024742204430934184,0.0014701249438877045,0.0009756849752712717,0.14247232352653033,1380.7236626684173
LLLAFLLGTLLILLLGYL,14,26851.618691799613,1037.9962817359565,27149.611848441826,27708.02568411245,25697.218542844566,D,83.34432646373988,99999900.0,99999900.0,99999900.0,99999900.0,99999900.0,99999900.0,0.0026949961041584335,0.0037749189811363427,0.0043909223016654125,0.0036202791289867294,0.0008584733716034882,0.35084744427052,3400.1226083804227
LLLYVLLGALLLFLLALL,17,25358.26094991257,1207.3778475230756,25734.008859764817,26333.08704137447,24007.686948598428,D,76.02393380938275,99999900.0,99999900.0,99999900.0,99999900.0,99999900.0,99999900.0,0.00026344633397595797,0.0004192849683699036,0.0011971366575787845,0.0006266226533082154,0.0005001860571767987,0.0607270734112517,588.5164581309278
LLLTALLGILLGLLLLFL,17,26098.64793636084,1229.474296264098,26657.819260093107,26949.151925013965,24688.972623975456,D,79.614689652266,99999900.0,99999900.0,99999900.0,99999900.0,99999900.0,99999900.0,0.0018502549127779623,0.0019228344456723937,0.0024849968058892305,0.002086028721446529,0.00034741703535045963,0.2021606123501473,1959.1730816365039
LLLVYLLFTLLIGLLALL,15,26470.42703783275,1379.362924207981,27399.554589761497,27126.21301567955,24885.5135080572,D,81.37455156737754,99999900.0,99999900.0,99999900.0,99999900.0,99999900.0,99999900.0,0.0031243171921158798,0.0023549644329362604,0.002856525492416367,0.0027786023724895026,0.00039055079884526645,0.2692791097864318,2609.629923493026
LLLAGLLFLLLLTLLAVL,16,26442.25240613745,659.9029698010255,26690.321528596687,26942.171539034192,25694.26415078146,D,81.39176670495385,99999900.0,99999900.0,99999900.0,99999900.0,99999900.0,99999900.0,0.001906083336525605,0.0019057983250137171,0.004385337502310201,0.002732406387949841,0.0014314803428351107,0.26480217788868693,2566.243210520521
LLLAFLLLVLLGLLLGYL,16,26379.56155951458,596.372023706641,26598.138130620264,26835.80647597795,25704.74007194552,D,81.09609393673645,99999900.0,99999900.0,99999900.0,99999900.0,99999900.0,99999900.0,0.0017477419640100694,0.0016462069423387694,0.004405140533361121,0.00259969647990332,0.0015643843877963782,0.2519410336485384,2441.6036612956646
LLLAFLLLVLLGTLLGLL,16,26578.269993241684,1126.62772054551,27509.24463603601,26899.710039240672,25325.85530444836,D,81.93484987110733,99999900.0,99999900.0,99999900.0,99999900.0,99999900.0,99999900.0,0.00331272934505953,0.0018021680621705149,0.0036889202890540195,0.0029346058987613547,0.0009985947610982007,0.2843976784214938,2756.1465587482903
LLLALLLIILLGTLLGFL,14,25977.883769815933,1251.221099281258,26591.149194412283,26804.1603118416,24538.34180319392,D,79.01639813000061,99999900.0,99999900.0,99999900.0,99999900.0,99999900.0,99999900.0,0.0017357372237218204,0.0015689722633147887,0.0022002536530488673,0.0018349877133618253,0.0003271345946647694,0.1778317987544219,1723.39838670067
LLLTFLLAILLIVLLALL,15,26784.092355163597,928.9309814763168,27349.063564040745,27291.238575185933,25711.974926264105,D,82.99568455292881,99999900.0,99999900.0,99999900.0,99999900.0,99999900.0,99999900.0,0.003037589880172076,0.0027577208638361085,0.00441881685284425,0.0034047091989508117,0.0008893213237295933,0.32995619353542954,3197.6619232543953
LLLTVLLGLLLGYLLGFL,13,28207.60227024836,1065.642111915333,29000.168972518488,28626.470210302145,26996.167627924435,D,89.90963454261801,99999900.0,99999900.0,99999900.0,99999900.0,99999900.0,99999900.0,0.005873656919196337,0.00601644714473791,0.006846375016758684,0.006245493026897644,0.0005252538780742849,0.6052614145555362,5865.691921711155
LLLYALLFLLLGTLLIVL,15,25626.281072044458,1291.4964924902115,26390.111998458226,26353.592784399432,24135.13843327572,D,77.27879135645874,99999900.0,99999900.0,99999900.0,99999900.0,99999900.0,99999900.0,0.001390420103363754,0.0004693306697654114,0.0014380630323598867,0.0010992712684963508,0.000546064401529667,0.10653225935645003,1032.4223518653357
LLLALLLGFLLITLLGVL,14,26380.07331714851,870.8638591688323,26880.62967544857,26885.10061284324,25374.489663153723,D,81.0361051418782,99999900.0,99999900.0,99999900.0,99999900.0,99999900.0,99999900.0,0.0022329714078583866,0.001766512734287219,0.003780855661657605,0.0025934466012677367,0.001054443517244715,0.2513353472171419,2435.733850463032
LLLSYLLALLLGTLLIFL,14,25956.062985399985,1030.4338124608587,26262.921561558716,26798.210014104523,24807.05738053672,D,78.97072791996247,99999900.0,99999900.0,99999900.0,99999900.0,99999900.0,99999900.0,0.0011719479186578943,0.0015544501451256762,0.0027082168993016334,0.0018115383210284015,0.0007997508004771119,0.17555927802418164,1701.3749995018013
LLLYFLLAALLGLLLLTL,17,25431.292371054336,1126.2998680504077,25683.128211779367,26410.35654320061,24200.39235818303,D,76.40541089872906,99999900.0,99999900.0,99999900.0,99999900.0,99999900.0,99999900.0,0.00017604977653340708,0.0006078665969733312,0.0015614150012126927,0.000781777124906477,0.000708867304389306,0.0757633587052613,734.2356714503219
LLLAFLLILLLGVLLGTL,14,26576.715833728216,901.196306487253,27320.64683067304,26834.893006930062,25574.60766358154,D,81.97185729827682,99999900.0,99999900.0,99999900.0,99999900.0,99999900.0,99999900.0,0.0029887790892637006,0.001643977557178277,0.004159146306867389,0.002930634317769789,0.0012585920986134594,0.28401278571268374,2752.4164976565044
LLLAFLLLVLLGILLGLL,16,26428.82727507898,1169.9957494319751,27039.54650909877,27167.09429944405,25079.841016694118,D,81.22795998000703,99999900.0,99999900.0,99999900.0,99999900.0,99999900.0,99999900.0,0.0025059393186575908,0.0024547380679346403,0.003223870151403129,0.00272818251266512,0.0004300407752959547,0.26439283490828075,2562.276197663538
LLLFVLLTLLLILLLGAL,14,26330.503288137803,1318.1366239710003,27013.226783163176,27167.233485873418,24811.04959537682,D,80.7231021676364,99999900.0,99999900.0,99999900.0,99999900.0,99999900.0,99999900.0,0.0024607305107772317,0.002455077762159523,0.0027157635344091614,0.002543857269115305,0.0001489020195537823,0.24652956019661676,2389.160146232342
LLLSYLLGVLLILLLGFL,15,25451.89429724845,1228.452623776608,26204.801759060443,26116.566694304154,24034.31443838077,D,76.43582046187758,99999900.0,99999900.0,99999900.0,99999900.0,99999900.0,99999900.0,0.0010721168265098037,-0.00010914809656913162,0.0012474716112988147,0.000736813447079829,0.0007378519669532631,0.07140585175940936,692.006326118845
LLLLFLLAILLGTLLLVL,16,25974.945902340856,1052.5647624407152,26867.511908348846,26243.076660977196,24814.24913769653,D,79.00191776043431,99999900.0,99999900.0,99999900.0,99999900.0,99999900.0,99999900.0,0.0022104393110545712,0.00019960833366446763,0.0027218117505911745,0.0017106197984367378,0.0013333199833439591,0.16577909133986046,1606.593537066803
LLLAFLLALLLGVLLLTL,16,26880.969547971326,974.137355657253,27371.504132249866,27512.32957340032,25759.0749382638,D,83.47129682893406,99999900.0,99999900.0,99999900.0,99999900.0,99999900.0,99999900.0,0.003076135545099391,0.0032973089228692707,0.004507851791683644,0.003627098753217435,0.0007707294284209789,0.3515083457223089,3406.5275174223316
LLLSYLLATLLLGLLVLL,17,26944.135154419902,1198.1799552171583,27923.947842213984,27300.166472358836,25608.2911486869,D,83.70798410488251,99999900.0,99999900.0,99999900.0,99999900.0,99999900.0,99999900.0,0.004025055819178086,0.0027795100219008047,0.0042228194761284275,0.003675795105735773,0.0007824786448404742,0.3562275925587088,3452.2625459226356
LLLAGLLFLLLGTLLIVL,14,26468.6235720505,1152.842295334852,27347.813558822265,26894.65787766225,25163.399279666988,D,81.39932841126195,99999900.0,99999900.0,99999900.0,99999900.0,99999900.0,99999900.0,0.003035442774008812,0.0017898379081523032,0.003381823504649917,0.002735701395603677,0.0008372503838817414,0.2651215027177986,2569.337842072241
LLLLYLLGLLLGTLLAFL,16,25811.843807183774,716.7938717583768,26135.369375626186,26309.84754190194,24990.3145040232,D,78.29811287922799,99999900.0,99999900.0,99999900.0,99999900.0,99999900.0,99999900.0,0.000952854365683429,0.0003625673429823483,0.0030546347894203937,0.001456685499362057,0.0014149880361652473,0.1411698839642089,1368.1014980375596
LLLLVLLGILLGTLLIFL,14,25529.618169076944,923.0423567277162,26031.51159504473,26092.971421732986,24464.37149045312,D,76.87688869581824,99999900.0,99999900.0,99999900.0,99999900.0,99999900.0,99999900.0,0.0007744601658092701,-0.00016673401111048114,0.002060424765726055,0.0008893836401416147,0.001118018160865228,0.08619169019904631,835.2984161239428
LLLALLLGLLLITLLGFL,14,25866.83678099886,1380.5041666891775,26311.708569181537,26970.05490410263,24318.74686971241,D,78.48027273087988,99999900.0,99999900.0,99999900.0,99999900.0,99999900.0,99999900.0,0.0012557482766127955,0.0019738496294906317,0.0017851450226711403,0.0016715809762581893,0.0003722767555589616,0.1619957722916111,1569.9287448879252
LLLYFLLIVLLGLLLGTL,15,25501.23831492445,617.947668746799,25245.772928434384,26205.95662197516,25051.9853943638,D,76.87839689414325,99999900.0,99999900.0,99999900.0,99999900.0,99999900.0,99999900.0,-0.000575185666745406,0.00010901427982189002,0.0031712136121536455,0.0009016807417433764,0.0019950230522791405,0.08738342335419684,846.8477060223169
LLLYLLLAVLLGTLLGFL,13,26014.608028914936,1083.3291169435313,26225.782833630317,26976.801445362173,24841.23980775232,D,79.26391239873048,99999900.0,99999900.0,99999900.0,99999900.0,99999900.0,99999900.0,0.0011081555516725967,0.0019903150357388454,0.0027728332377548568,0.001957101275055433,0.0008328357071230184,0.18966603294038203,1838.08597489791
LLLYALLALLLGVLLITL,15,26306.977925959247,1309.0156228412948,27342.651762415942,26742.585646502277,24835.69636895952,D,80.57707322787628,99999900.0,99999900.0,99999900.0,99999900.0,99999900.0,99999900.0,0.0030265764711216924,0.0014186949819039742,0.0027623542651830433,0.00240254190606957,0.0008622177342007929,0.2328344465895525,2256.438457190156
LLLTALLILLLGVLLSFL,15,26744.12717591063,1012.594920374473,27048.12926848163,27569.896817748133,25614.35544150213,D,82.82131038610368,99999900.0,99999900.0,99999900.0,99999900.0,99999900.0,99999900.0,0.0025206817335661834,0.0034378058128032712,0.004234283038810995,0.0033975901950601497,0.0008575082100289341,0.3292662786885902,3190.975840437195
LLLTVLLGALLGLLLIFL,15,26396.05115515415,1302.2323794092613,27278.362826825138,27009.387498287644,24900.403140349667,D,81.02522660279027,99999900.0,99999900.0,99999900.0,99999900.0,99999900.0,99999900.0,0.0029161487962640746,0.002069843579151351,0.002884671928992847,0.002623554768136091,0.00047978615955285054,0.2542531811799582,2464.011078604453
LLLAYLLLTLLIGLLSFL,14,27104.430674407144,1309.313152522221,28207.855577477807,27447.783049479527,25657.653396264097,D,84.46682673812428,99999900.0,99999900.0,99999900.0,99999900.0,99999900.0,99999900.0,0.0045127178218409576,0.0031397786125398324,0.004316130804669899,0.003989542413016896,0.0007424523562363924,0.3866333808928113,3746.9302427484336
LLLITLLGALLGILLALL,14,26795.562731116446,1446.538808970628,28015.727446275967,27173.34325712323,25197.61748995014,D,82.93122112552568,99999900.0,99999900.0,99999900.0,99999900.0,99999900.0,99999900.0,0.004182703603867295,0.0024699890866207116,0.003446507485192717,0.0033664000585602416,0.000859162763536722,0.32624358919765467,3161.682439433198
LLLTLLLGLLLIVLLAIL,15,27198.84743977445,961.0932088466346,27900.56278694489,27592.56805941985,26103.41147295861,D,85.0047034502714,99999900.0,99999900.0,99999900.0,99999900.0,99999900.0,99999900.0,0.003984887829833553,0.0034931365652459876,0.00515876420136458,0.004212262865481373,0.0008557764957495552,0.4082176009901733,3956.106612523307
LLLAVLLGFLLLTLLGLL,16,26598.550945070063,1018.7314626260386,27189.45913461347,27183.968252145467,25422.22544845125,D,82.07637370597045,99999900.0,99999900.0,99999900.0,99999900.0,99999900.0,99999900.0,0.002763440901398942,0.002495920130795232,0.0038710924268720876,0.0030434844863554203,0.0007291042573464925,0.29494928862395176,2858.404018479227
LLLAYLLGLLLLTLLGFL,16,25609.27298326158,963.989266929325,26101.379214687477,26227.886797353854,24498.55293774341,D,77.26223375601981,99999900.0,99999900.0,99999900.0,99999900.0,99999900.0,99999900.0,0.0008944702221911744,0.00016253640809674392,0.0021250392517893047,0.0010606819606924077,0.0009917530485897429,0.10279250351531098,996.1797381797269
LLLYLLLAVLLLTLLAFL,17,25181.76474313397,1241.25506198308,25376.830982723142,26313.93727939209,23854.525967286678,D,75.18288778833458,99999900.0,99999900.0,99999900.0,99999900.0,99999900.0,99999900.0,-0.00035007016166709406,0.0003725486336368131,0.0009076106463378104,0.0003100297061025098,0.0006311669477491648,0.03004550924349588,291.17617051912833
LLLAYLLGFLLLTLLGLL,16,26242.01292360041,1327.3194567976996,26720.76281216637,27263.54077039305,24741.735188241804,D,80.31376833704678,99999900.0,99999900.0,99999900.0,99999900.0,99999900.0,99999900.0,0.001958371652289262,0.002690122432202186,0.0025847358820171615,0.00241107665550287,0.0003955792539946321,0.23366156375910643,2264.45419119052
LLLSTLLIALLGFLLALL,14,27482.062980429502,1148.2429855648634,28428.36675545535,27813.17711105224,26204.645074780925,D,86.34420495042258,99999900.0,99999900.0,99999900.0,99999900.0,99999900.0,99999900.0,0.004891484968013112,0.004031548399906211,0.005350129917933824,0.004757721095284383,0.0006693906820060629,0.4610788912565597,4468.394420452489
LLLALLLIVLLGFLLGTL,14,26646.3409004323,716.7458408859935,27247.30986221117,26838.65641006761,25853.05642901812,D,82.34772486822966,99999900.0,99999900.0,99999900.0,99999900.0,99999900.0,99999900.0,0.002862809809574629,0.0016531624059995772,0.004685508567681931,0.0030671602610853788,0.0015264665542821143,0.29724374845955437,2880.64002130169
LLLLYLLALLLGSLLAFL,16,26002.19586847788,1122.2546354512483,26752.946760878807,26541.55278202053,24712.08806253429,D,79.13629442204852,99999900.0,99999900.0,99999900.0,99999900.0,99999900.0,99999900.0,0.002013653305211195,0.0009280602024526794,0.002528692795995241,0.0018234687678863719,0.0008170886081422195,0.17671547804080737,1712.579931675421
LLLTFLLLVLLGLLLGAL,17,26084.933373591903,1255.486232341959,26706.762861734187,26908.14461253929,24639.89264650224,D,79.53771569356952,99999900.0,99999900.0,99999900.0,99999900.0,99999900.0,99999900.0,0.0019343242487953253,0.001822753228783953,0.002392219063229739,0.002049765513603006,0.0003017744991969277,0.19864628283586155,1925.1151130522776
LLLAVLLFSLLGTLLLYL,16,25740.385682684493,914.5654614805484,25830.19528874904,26606.733127565512,24784.22863173893,D,77.95932748270856,99999900.0,99999900.0,99999900.0,99999900.0,99999900.0,99999900.0,0.0004286636238248882,0.001087137398827826,0.002665062849722954,0.0013936212907918893,0.001149269183622552,0.13505822361608014,1308.8723519691841
LLLTYLLGVLLILLLAFL,15,25353.15809764925,851.0529544473744,25516.97213834446,26110.396387320685,24432.10576728262,D,76.06440516044229,99999900.0,99999900.0,99999900.0,99999900.0,99999900.0,99999900.0,-0.00010935281544095552,-0.00012420716272622834,0.00199943164561575,0.0005886238891495221,0.00122181793127588,0.05704454816512594,552.8284759330882
LLLAGLLFVLLGILLILL,14,27081.468510352304,930.1208558856088,27747.08423689437,27478.62063570276,26018.70065845978,D,84.43852456262704,99999900.0,99999900.0,99999900.0,99999900.0,99999900.0,99999900.0,0.0037212611378243344,0.0032150399005608232,0.004998632136260484,0.003978311058215214,0.0009191606562466362,0.3855449310834264,3736.3818894244646
LLLALLLLVLLGLLLGFL,16,26516.690004896125,817.6622570148895,27052.04578633481,26922.52321802498,25575.501010328582,D,81.70624457629016,99999900.0,99999900.0,99999900.0,99999900.0,99999900.0,99999900.0,0.002527409049177968,0.0018578452220730866,0.0041608350341013805,0.002848696435117478,0.0011846348411427936,0.276072045318573,2675.461423927999
LLLGYLLAALLITLLFLL,14,26556.76861438774,1193.6478906730372,27299.906110850094,27190.48852267365,25179.91120963947,D,81.83636754967097,99999900.0,99999900.0,99999900.0,99999900.0,99999900.0,99999900.0,0.002953153216104141,0.002511833307483062,0.0034130366320527282,0.0029593410518799768,0.00045063352631328536,0.2867948044292162,2779.3775170097647
LLLYFLLALLLGTLLLVL,17,25543.363474811587,927.859108280848,25817.403441678627,26303.337971427616,24509.349011328515,D,76.97046656557296,99999900.0,99999900.0,99999900.0,99999900.0,99999900.0,99999900.0,0.0004066913526068524,0.00034668028052503916,0.0021454474791027427,0.0009662730374115448,0.0010216357497398049,0.0936431732373738,907.5120131112571
LLLYALLAILLGILLTLL,15,26225.44690791493,1121.0761112897078,27073.053940809623,26648.98239425517,24954.30438868001,D,80.21852752483595,99999900.0,99999900.0,99999900.0,99999900.0,99999900.0,99999900.0,0.00256349428889121,0.0011902496919232739,0.0029865635027888473,0.00224676916120111,0.0009391069862690471,0.21773824337513367,2110.1385690528105
LLLGYLLAFLLILLLGTL,14,26718.92040230632,906.6227885987896,27121.93441309845,27354.162858299725,25680.663935520777,D,82.69742436694396,99999900.0,99999900.0,99999900.0,99999900.0,99999900.0,99999900.0,0.002647455189024225,0.0029112919819080487,0.0043596284996469895,0.003306125223526421,0.000921848321535264,0.32040225181122994,3105.07303943584
LLLLFLLAILLGTLLIVL,14,25411.656908396973,1028.6120058113804,25543.728491229365,26367.854202561277,24323.38803140028,D,76.33628454254664,99999900.0,99999900.0,99999900.0,99999900.0,99999900.0,99999900.0,-6.339402316048897e-05,0.0005041366591867813,0.001793918386614787,0.0007448870075470264,0.0009517735521398959,0.07218827431721708,699.5889169900431
LLLGYLLATLLGFLLLLL,16,26799.17760309828,843.5269595839986,27455.16398079256,27094.722011958514,25847.64681654377,D,83.07233283429838,99999900.0,99999900.0,99999900.0,99999900.0,99999900.0,99999900.0,0.003219836206319106,0.002278108433768158,0.004675282572074926,0.0033910757373873967,0.0012077264570638769,0.3286349514500373,3184.857540155563
LLLGALLILLLGTLLGFL,14,26320.25389687012,1207.4404867538024,27164.49015082891,26859.05272243057,24937.218817350866,D,80.6704454527737,99999900.0,99999900.0,99999900.0,99999900.0,99999900.0,99999900.0,0.0027205522332704765,0.0017029410342035663,0.002954265999375547,0.0024592530889498633,0.0006653280951776185,0.23833042434878066,2309.7009179532993
LLLAGLLFVLLGILLLLL,16,26594.852123270543,983.8777600235863,27246.592932457024,27074.860670443475,25463.10276691113,D,82.056636774215,99999900.0,99999900.0,99999900.0,99999900.0,99999900.0,99999900.0,0.0028615783552806856,0.002229635439370155,0.003948364372132267,0.0030131927222610357,0.0008693373759850294,0.2920136619398472,2829.9543580316717
LLLAGLLFTLLGLLLIYL,14,26437.7983423022,905.3997518844994,26889.10817563601,27028.83693391405,25395.44991735653,D,81.31927869386553,99999900.0,99999900.0,99999900.0,99999900.0,99999900.0,99999900.0,0.002247534739065769,0.0021173112883919026,0.003820477625045158,0.0027284412175009438,0.0009479700276527251,0.2644179064365346,2562.519170133296
LLLTGLLFLLLIVLLAIL,15,26532.465331313444,840.429786782288,26956.782298077236,27076.143179618648,25564.47051624445,D,81.79189259390628,99999900.0,99999900.0,99999900.0,99999900.0,99999900.0,99999900.0,0.002363777074088705,0.00223276549279663,0.004139983672828792,0.0029121754132380422,0.0010653289869085565,0.28222390169345357,2735.0801165687026
LLLAVLLISLLGILLTLL,14,26113.45916012452,1477.576196868207,27180.35699734363,26733.06191913153,24426.958563898384,D,79.60696175765268,99999900.0,99999900.0,99999900.0,99999900.0,99999900.0,99999900.0,0.0027478063626450162,0.00139545165852923,0.0019897016918630334,0.0020443199043457603,0.0006778297524357648,0.19811853952593195,1920.0006623449508
LLLLTLLGLLLGVLLAIL,16,27107.39405259348,429.7533542374516,27268.446660240228,27433.358202109397,26620.377295430822,D,84.67529955450294,99999900.0,99999900.0,99999900.0,99999900.0,99999900.0,99999900.0,0.002899116017459925,0.003104573762694473,0.00613600430028791,0.004046564693480769,0.0018124214808206173,0.3921595076511163,3800.4848826197767
LLLIALLALLLGTLLSFL,14,27175.409627886707,1442.288769833454,28494.72705768785,27395.94863802004,25635.553187952224,D,84.78190402994805,99999900.0,99999900.0,99999900.0,99999900.0,99999900.0,99999900.0,0.005005470583283307,0.0030132731026075365,0.004274353942799921,0.004097699209563588,0.001007778681846278,0.39711504108996687,3848.509805010345
LLLAYLLGLLLGFLLLTL,16,28151.950729119304,1207.9650816244716,29009.02420924784,28676.434673861662,26770.393304248413,D,89.61395886521711,99999900.0,99999900.0,99999900.0,99999900.0,99999900.0,99999900.0,0.0058888673623830184,0.0061383889159111115,0.0064195852507575426,0.0061489471763505575,0.00026551643434599074,0.595904991000193,5775.017220260071
LLLTYLLVALLGILLLFL,17,25668.350977835173,1488.194823802232,26133.425369847984,26868.46977368871,24003.157789968827,D,77.49702345398771,99999900.0,99999900.0,99999900.0,99999900.0,99999900.0,99999900.0,0.0009495151901935295,0.0017259240070574343,0.001188575017263639,0.0012880047381715342,0.00039763974245020904,0.12482274280389044,1209.678556245433
LLLYALLFILLIVLLALL,15,25191.99569247393,1028.5071340145237,25862.008103209617,25706.18878751436,24007.790186697828,D,75.19889854997523,99999900.0,99999900.0,99999900.0,99999900.0,99999900.0,99999900.0,0.0004833077876965437,-0.0011107041073664529,0.001197331812473141,0.00018997849760107725,0.0011816467349163127,0.0184111412338381,178.42551963123404
LLLYTLLATLLIALLFLL,15,25927.199452839468,1102.5469503608467,26714.64121326364,26399.82803052822,24667.12911472655,D,78.76937744458037,99999900.0,99999900.0,99999900.0,99999900.0,99999900.0,99999900.0,0.0019478567180003818,0.0005821710247280409,0.0024437051919926843,0.0016579109782403692,0.0009640429258996473,0.1606709893959128,1557.090047190625
LLLTVLLIILLGLLLAFL,15,26255.2094994442,1075.0575520497346,26549.27019972009,27152.638324494117,25063.71997411839,D,80.42852267593032,99999900.0,99999900.0,99999900.0,99999900.0,99999900.0,99999900.0,0.001663802605941418,0.002419457249051631,0.003193395933269883,0.0024255519294209774,0.0007648148766849039,0.23506438732003584,2278.049194326433
LLLGYLLALLLLSLLAFL,16,25941.039712927897,1213.822728018563,26826.531564468816,26439.194287048584,24557.39328726629,D,78.81436284758982,99999900.0,99999900.0,99999900.0,99999900.0,99999900.0,99999900.0,0.0021400482857879374,0.0006782471296747785,0.002236267395873268,0.001684854270445328,0.0008730738692539703,0.16328210994036357,1582.3948631195342
LLLYTLLAVLLGILLILL,15,26171.677123916117,1335.7226152720168,26533.077955899185,27289.513185629603,24692.440230219552,D,79.98442940630981,99999900.0,99999900.0,99999900.0,99999900.0,99999900.0,99999900.0,0.0016359895488509875,0.002753509929834746,0.002491551753473197,0.0022936837440529767,0.000584445688103233,0.22228481586475324,2154.2001809158755
LLLYGLLFVLLIILLALL,15,25518.09990725385,1126.8859473754046,25293.67891091775,26740.309662491385,24520.311148352423,D,76.90170455605693,99999900.0,99999900.0,99999900.0,99999900.0,99999900.0,99999900.0,-0.0004928986260782603,0.001413140283590853,0.002166169622432112,0.0010288037599815681,0.0013705644494492251,0.0997031325444955,966.2401155457806
LLLFYLLVALLGLLLITL,14,27210.511474465744,1481.594785744047,28408.98828702772,27668.56352329036,25553.98261307915,D,84.95377827180012,99999900.0,99999900.0,99999900.0,99999900.0,99999900.0,99999900.0,0.004858199003778375,0.003678608815027276,0.0041201579917465436,0.004218988603517398,0.0005959730452937568,0.40886940377020725,3962.423344780561
LLLTFLLGVLLGLLLIAL,15,29717.856348731068,1306.236364753172,31099.38435057406,29551.29529104469,28502.88940457445,D,97.22409423123788,99999900.0,99999900.0,99999900.0,99999900.0,99999900.0,99999900.0,0.009479432486853871,0.00827354749840843,0.00969458833001411,0.00914918943842547,0.0007659207625786776,0.8866636016866578,8592.808661870407
LLLTYLLFALLGLLLIVL,15,26480.753021207816,1204.8106335429115,27074.7744282004,27273.202086920093,25094.28254850296,D,81.47941595973059,99999900.0,99999900.0,99999900.0,99999900.0,99999900.0,99999900.0,0.0025664495318181496,0.0027137015515450594,0.003251169526642266,0.0028437735366684917,0.0003604156056741264,0.2755949588073698,2670.8378969239243
LLLTVLLALLLILLLGFL,15,25876.035036823912,1083.548202435242,26194.679913800337,26764.53213851576,24668.89305815564,D,78.57280529416833,99999900.0,99999900.0,99999900.0,99999900.0,99999900.0,99999900.0,0.0010547307580196297,0.001472256932068306,0.00244703964115007,0.0016580091104126686,0.0007144990625121493,0.16068049955262317,1557.1822117463837
LLLGYLLAFLLGLLLITL,14,28104.33101840608,900.5289490478849,28864.15092891048,28339.20367983566,27109.63844647209,D,89.4307502174759,99999900.0,99999900.0,99999900.0,99999900.0,99999900.0,99999900.0,0.005640021750776115,0.0053153530665009645,0.007060873208171295,0.006005416008482791,0.000928356000636589,0.5819951399568389,5640.2144739836995
LLLTALLAFLLGVLLILL,15,28749.052455269597,956.7315883182532,29744.867629728167,28665.390490617658,27836.899245462955,D,92.56339909898156,99999900.0,99999900.0,99999900.0,99999900.0,99999900.0,99999900.0,0.007152809240346564,0.006111434813535308,0.008435641876146623,0.007233295310009498,0.0011641920473145395,0.7009910238277854,6793.4239434015535
LLLIYLLAALLGILLTLL,14,26403.05358528375,1323.9933376534357,27505.024454982173,26769.784615309585,24934.351685559486,D,81.03972728884607,99999900.0,99999900.0,99999900.0,99999900.0,99999900.0,99999900.0,0.0033054804339215415,0.0014850759693931517,0.002948846151421121,0.0025798008515786047,0.0009646833307467342,0.25001291426846284,2422.9179265043445
LLLTALLIFLLGVLLGLL,15,29933.590274945294,1049.8570449856068,30787.692543717567,30251.57726090232,28761.50102021601,D,98.33582475252148,99999900.0,99999900.0,99999900.0,99999900.0,99999900.0,99999900.0,0.008944046402343005,0.009982634670401714,0.010183451674294212,0.009703377582346311,0.0006652215780903374,0.9403709228660804,9113.295500123962
LLLTVLLGILLILLLAFL,15,26399.634861866263,1139.7895578664088,27134.961727243703,26977.27087221765,25086.671986137437,D,81.07634530401269,99999900.0,99999900.0,99999900.0,99999900.0,99999900.0,99999900.0,0.0026698319167998484,0.001991460704842748,0.0032367829919901685,0.002632691871210921,0.0006234913286937367,0.25513867347147046,2472.5925358990257
LLLTVLLGLLLGFLLIIL,15,26646.14470855032,1132.3632950439987,26915.165863747505,27619.771011262637,25403.497250640827,D,82.33491377281824,99999900.0,99999900.0,99999900.0,99999900.0,99999900.0,99999900.0,0.002292293450403476,0.0035595272736120937,0.003835689804328513,0.0032291701761146944,0.0008230248691427581,0.31294440650534117,3032.7977846250787
LLLALLLGTLLGLLLIFL,14,26847.8977155412,1281.3970449088852,27653.27892213811,27520.148608672484,25370.26561581301,D,83.24140947901675,99999900.0,99999900.0,99999900.0,99999900.0,99999900.0,99999900.0,0.003560133834928026,0.003316391825837252,0.003772870784782464,0.003549798815182581,0.0002284149063979411,0.34401707647606466,3333.9283454871343
LLLTGLLFLLLLVLLAIL,17,26222.43567504482,1021.1427679790316,26942.62593384912,26670.874432340333,25053.80665894501,D,80.22727807828167,99999900.0,99999900.0,99999900.0,99999900.0,99999900.0,99999900.0,0.002339461002096189,0.001243678743463395,0.0031746564176586495,0.0022525987210727442,0.0009684149350658402,0.2183031959959989,2115.613621558499
LLLAFLLLTLLGVLLGLL,16,26755.16004098919,1054.031977692746,27582.02380998312,27115.165704483497,25568.29060850096,D,82.81596194124684,99999900.0,99999900.0,99999900.0,99999900.0,99999900.0,99999900.0,0.0034377405135161227,0.002328002696574506,0.004147204938089218,0.0033043160493932827,0.0009169109905562745,0.3202269216506991,3103.3738848531657
LLLAFLLGVLLILLLGYL,14,26980.80739597795,1191.1652897150834,27930.423334126448,27367.71105206189,25644.287801745504,D,83.89008044098445,99999900.0,99999900.0,99999900.0,99999900.0,99999900.0,99999900.0,0.004036178627619093,0.0029443572972513883,0.004290865314492894,0.0037571337464544583,0.0007153114667066727,0.364110259391798,3528.6548188355637
LLLYGLLFILLIVLLALL,15,25817.251706091876,1065.4486816221108,26468.79577608488,26395.248799143566,24587.710543047167,D,78.24946359307704,99999900.0,99999900.0,99999900.0,99999900.0,99999900.0,99999900.0,0.0015255734782404122,0.0005709950899560911,0.0022935772541859602,0.0014633819407941547,0.0008629734460736101,0.14181884756023314,1374.3907152768234
LLLTALLIFLLGILLGLL,15,28004.64993724203,987.2135542936106,28830.38133597817,28272.38422658757,26911.18424916035,D,88.92718881044624,99999900.0,99999900.0,99999900.0,99999900.0,99999900.0,99999900.0,0.005582016472042949,0.005152275513027558,0.006685727713087623,0.005806673232719377,0.0007910258577034521,0.5627346375316188,5453.557649730869
LLLAVLLGFLLGLLLITL,14,29783.378765418875,958.9518301275178,30697.03488695185,29868.31908799891,28784.782321305865,D,97.61388551500887,99999900.0,99999900.0,99999900.0,99999900.0,99999900.0,99999900.0,0.008788325761572121,0.009047266268722069,0.01022746120063256,0.009354351076975582,0.0007671398259672048,0.9065461670864715,8785.49400483783
LLLAGLLYLLLGTLLIFL,14,26296.04450161516,717.7622742663037,26794.557558266843,26620.195534820185,25473.38041175844,D,80.6446061493851,99999900.0,99999900.0,99999900.0,99999900.0,99999900.0,99999900.0,0.00208512724644704,0.0011199933461939807,0.003967792593942468,0.002390971062194496,0.0014483250562606568,0.23171309631323855,2245.571259812287
LLLGYLLATLLGFLLILL,14,26961.67902352961,1143.980647957236,27980.281258492243,27180.75201191526,25724.003800181326,D,83.79969039502446,99999900.0,99999900.0,99999900.0,99999900.0,99999900.0,99999900.0,0.004121818475445866,0.002488070671354472,0.004441555489376519,0.0036838148787256193,0.0010478125293274377,0.3570048024800622,3459.7946202421335
LLLGYLLISLLGILLTLL,14,25989.212362306826,1465.5471641811728,26979.35017533008,26682.65042836861,24305.636483221784,D,79.00836969844562,99999900.0,99999900.0,99999900.0,99999900.0,99999900.0,99999900.0,0.0024025414149290315,0.0012724188861711477,0.0017603619619075625,0.0018117740876692472,0.0005668127005528633,0.17558212657271557,1701.5964286947672
LLLAVLLGILLILLLTFL,14,26170.575074735043,983.8969771973118,26280.76444176045,27094.73877861757,25136.222003827108,D,80.05001439906975,99999900.0,99999900.0,99999900.0,99999900.0,99999900.0,99999900.0,0.0012025962371489888,0.002278149353973368,0.003330449269495989,0.002270398286872782,0.0010639476918993618,0.22002818237068655,2132.330759640888
LLLSTLLIALLGLLLAFL,14,27559.683251754468,1141.221956220199,28663.24578128819,27631.600520668668,26384.203453306545,D,86.71756289463296,99999900.0,99999900.0,99999900.0,99999900.0,99999900.0,99999900.0,0.00529493144690073,0.003588398019464555,0.00568955593018693,0.004857628465517405,0.0011167549259317653,0.4707610854358398,4562.226220755745
LLLTVLLILLLGLLLGFL,15,25890.01299182164,1244.55962267655,26151.915000662622,26982.77933945619,24535.344635346115,D,78.63183618478335,99999900.0,99999900.0,99999900.0,99999900.0,99999900.0,99999900.0,0.0009812744178284679,0.002004904504769005,0.0021945879930056677,0.0017269223052010466,0.0006526775891547064,0.16735899516210012,1621.9046553114656
LLLTYLLGVLLGLLLIFL,15,25971.73869693027,1123.9806694566178,26696.894578784384,26541.332551098647,24676.988960907787,D,78.98970557464862,99999900.0,99999900.0,99999900.0,99999900.0,99999900.0,99999900.0,0.0019173737186462512,0.0009275227134701401,0.0024623436331403835,0.0017690800217522583,0.000778082308800437,0.17144457160007312,1661.4986755669115
LLLFYLLVLLLGALLITL,14,25944.931352565327,635.2756475833307,26438.873494151216,26167.63146354382,25228.289100000944,D,78.9412888608227,99999900.0,99999900.0,99999900.0,99999900.0,99999900.0,99999900.0,0.0014741766400441782,1.547904764544161e-05,0.003504487192819904,0.0016647142935031745,0.0017522907599233299,0.16133031031771972,1563.4796390460683
LLLYFLLALLLLVLLGTL,17,25285.85218378259,953.5713959551224,25424.55360955146,26162.477074733197,24270.52586706312,D,75.72869679318954,99999900.0,99999900.0,99999900.0,99999900.0,99999900.0,99999900.0,-0.0002680980669307356,2.8994009104345375e-06,0.0016939910326958984,0.0004762641222251991,0.0010632516297929984,0.04615557091787609,447.3015344514592
LLLAVLLYTLLGLLLIFL,14,26062.74606380653,811.166333642202,26307.1295808431,26723.624125473634,25157.48448510288,D,79.52289426604118,99999900.0,99999900.0,99999900.0,99999900.0,99999900.0,99999900.0,0.0012478830501820401,0.0013724180623966463,0.0033706425441808103,0.001996981218919832,0.0011912540953571296,0.19353086653026944,1875.5407384460007
LLLWTLLIILLGLLLGFL,15,26252.92962315669,848.9549491544601,26740.712237952896,26745.431957923425,25272.64467359376,D,80.41910903893769,99999900.0,99999900.0,99999900.0,99999900.0,99999900.0,99999900.0,0.0019926383372811008,0.001425641604188668,0.0035883342156624535,0.0023355380523774074,0.0011213808424842436,0.22634098849237239,2193.509243814529
LLLYVLLITLLGLLLGFL,15,25796.01209302108,1292.639132311096,26571.7474791517,26512.495740974817,24303.793058936724,D,78.10630847957908,99999900.0,99999900.0,99999900.0,99999900.0,99999900.0,99999900.0,0.0017024113289191387,0.0008571444595878301,0.0017568772670740148,0.0014388110185269947,0.0005044736107527023,0.13943763744530602,1351.3140006554534
LLLALLLGLLLITLLAFL,14,25606.242992840296,1223.2664735909605,26430.51413244847,26187.492384528203,24200.722461544217,D,77.18348543963806,99999900.0,99999900.0,99999900.0,99999900.0,99999900.0,99999900.0,0.0014598179503622754,6.395101570893465e-05,0.0015620390081147308,0.0010286026580619801,0.0008369748380225232,0.09968364341340602,966.0512430420267
LLLYFLLGLLLGTLLLVL,17,26628.74848014425,1005.3854910726376,27270.95197613377,27145.191350640656,25470.102113658337,D,82.22039705442796,99999900.0,99999900.0,99999900.0,99999900.0,99999900.0,99999900.0,0.002903419342851225,0.002401282388022856,0.003961595502722153,0.0030887657445320773,0.0007964980982009221,0.29933757282486645,2900.9316314551506
LLLAYLLGTLLILLLGFL,14,26261.57448016364,1021.5709886824928,26739.577054156656,26956.512398554583,25088.633987779664,D,80.44270391830884,99999900.0,99999900.0,99999900.0,99999900.0,99999900.0,99999900.0,0.001990688457321155,0.001940798196632061,0.003240491838098734,0.00239065949735065,0.000736399018918366,0.2316829020311699,2245.2786418588657
LLLALLLGTLLILLLGFL,14,26271.052042747822,1182.7280869733827,26494.484863334485,27326.12784134571,24992.54342356329,D,80.50423905466958,99999900.0,99999900.0,99999900.0,99999900.0,99999900.0,99999900.0,0.0015696990520754537,0.0028428705603877123,0.0030588482005535155,0.0024904726043388937,0.0008046921996476497,0.24135596099812492,2339.0219112565514
LLLSYLLGILLGLLLGFL,13,30215.32715814041,1320.0384655153691,31505.28797499862,30273.555373569165,28867.13812585346,D,99.64916634618812,99999900.0,99999900.0,99999900.0,99999900.0,99999900.0,99999900.0,0.010176644115100136,0.010036273792984244,0.010383141501117662,0.010198686469734014,0.00017448123333122848,0.9883721545592533,9578.483648920113
LLLLFLLGTLLGILLIVL,14,25919.546926445757,956.41103565764,26418.265161326068,26523.52371049816,24816.85190751304,D,78.77752770687796,99999900.0,99999900.0,99999900.0,99999900.0,99999900.0,99999900.0,0.0014387781650864048,0.0008840589912432887,0.0027267318650792006,0.0016831896738029647,0.0009453378069174549,0.1631207910318191,1580.8314939770235
LLLSTLLGALLGLLLLFL,16,26445.14749000572,1463.56205580189,27804.178070486872,26635.569440128413,24895.69495940188,D,81.21080129064718,99999900.0,99999900.0,99999900.0,99999900.0,99999900.0,99999900.0,0.003819329946000862,0.0011575144383778537,0.002875771876000639,0.002617538753459785,0.0013495661185501373,0.2536701589049695,2458.3609099891446
LLLTFLLAILLGVLLALL,13,28319.589090529294,1001.35480496764,29074.256016861444,28700.9188056954,27183.592449031054,D,90.46805046448152,99999900.0,99999900.0,99999900.0,99999900.0,99999900.0,99999900.0,0.006000914587544419,0.0061981441537090265,0.007200671263738851,0.006466576668330765,0.0006433475201614523,0.6266870084954544,6073.331018255134
LLLYLLLAILLIVLLATL,15,25220.657754382693,1035.3343670580202,25112.08248098811,26306.001068100824,24243.889714059147,D,75.43952059027808,99999900.0,99999900.0,99999900.0,99999900.0,99999900.0,99999900.0,-0.0008048227750051103,0.0003531797543910927,0.0016436397025594892,0.0003973322273151572,0.0012248282355740445,0.03850614593876726,373.1696482504478
LLLTLLLGVLLGFLLIIL,15,28162.464019752537,1334.3097529062643,29153.421626095,28688.69201577802,26645.278417384598,D,89.63780998388496,99999900.0,99999900.0,99999900.0,99999900.0,99999900.0,99999900.0,0.006136895593856164,0.006168303816956242,0.006183075835433189,0.006162758415415199,2.3584259299725073e-05,0.5972434618073859,5787.988569849508
LLLALLLGFLLIVLLGTL,14,26738.493736274508,1316.095241499523,27874.54822828901,27044.61855259848,25296.314427936028,D,82.67699218294099,99999900.0,99999900.0,99999900.0,99999900.0,99999900.0,99999900.0,0.003940203201002542,0.0021558274336131336,0.0036330780499149997,0.003243036228176892,0.0009539909259737334,0.31428818933390595,3045.8206139224576
LLLTALLIVLLGLLLSFL,15,27385.14799369277,976.2601359454492,28121.677813396756,27755.954610522305,26277.81155715927,D,85.90969157164444,99999900.0,99999900.0,99999900.0,99999900.0,99999900.0,99999900.0,0.004364692193100265,0.0038918928813941878,0.005488439294239123,0.004581674789577859,0.000820092188398735,0.4440179425755976,4303.053847853564
LLLAYLLFTLLGALLILL,14,26846.6068359952,715.9071482108444,27527.73988168193,26911.70812727384,26100.372499029832,D,83.32228060393844,99999900.0,99999900.0,99999900.0,99999900.0,99999900.0,99999900.0,0.0033444982171652814,0.0018314502359641684,0.005153019513701123,0.003442989322276858,0.001662973538587152,0.3336659857798366,3233.614154597648
LLLGYLLFALLIVLLSLL,14,26421.68850160805,1089.7558517350606,27162.53915527007,26932.128117953474,25170.398231600604,D,81.18975548992398,99999900.0,99999900.0,99999900.0,99999900.0,99999900.0,99999900.0,0.0027172010515898286,0.0018812866527576518,0.0033950538889087026,0.002664513864418728,0.0007582577174550219,0.2582225972770025,2502.4793691222626
LLLVFLLATLLGILLILL,15,26053.864174665247,816.2177143815086,25889.99851687206,26939.583288538877,25332.01071858481,D,79.53990184345822,99999900.0,99999900.0,99999900.0,99999900.0,99999900.0,99999900.0,0.0005313862987286746,0.0018994815184845588,0.0037005561018256506,0.0020438079730129614,0.0015895068116629715,0.1980689273846149,1919.5198625953815
LLLYVLLGALLGFLLLLL,17,25902.302444299057,911.8583569160168,26257.031573173263,26583.489623744452,24866.38613597945,D,78.71482719115095,99999900.0,99999900.0,99999900.0,99999900.0,99999900.0,99999900.0,0.0011618308166034459,0.0010304100005473476,0.0028203682956175237,0.0016708697042561056,0.000997661323485894,0.16192684170498475,1569.2607267797002
LLLTGLLLLLLIALLGYL,15,26025.496939075485,916.346632076594,26211.615508162096,26834.496997812308,25030.378311252047,D,79.33779769696345,99999900.0,99999900.0,99999900.0,99999900.0,99999900.0,99999900.0,0.0010838206518017312,0.0016430110692030354,0.0031303689235500577,0.001952400214851608,0.0010577718041869337,0.18921044515305707,1833.670795705123
LLLAVLLYTLLGGLLILL,14,26828.62684664226,1090.955280234167,27729.704835359986,27140.470477450788,25615.705227116003,D,83.16448631162322,99999900.0,99999900.0,99999900.0,99999900.0,99999900.0,99999900.0,0.0036914089263322294,0.0023897607665093806,0.004236834589744318,0.003439334760861976,0.000948987073564796,0.3333118159805869,3230.181834478748
LLLIVLLGFLLGLLLGTL,14,29422.353205408264,831.7899019161481,30128.425111542438,29633.206681622956,28505.42782305941,D,95.88042123380848,99999900.0,99999900.0,99999900.0,99999900.0,99999900.0,99999900.0,0.007811637396416567,0.008473457981475566,0.009699386798739738,0.00866149405887729,0.000957819203344944,0.8394002080640477,8134.771028051671
LLLFVLLILLLGALLITL,14,26294.26278247636,897.4304036343206,26419.67367806157,27122.391443717897,25340.72322564962,D,80.66069002258077,99999900.0,99999900.0,99999900.0,99999900.0,99999900.0,99999900.0,0.0014411975429571065,0.0023456376190275174,0.0037170256843314523,0.0025012869487720255,0.0011458701792329217,0.2424039976192369,2349.1786134587364
LLLIVLLGSLLGILLTLL,14,26263.714308811424,1241.9385939674005,26721.24213362738,27211.98594740652,24857.914845400373,D,80.43153126628911,99999900.0,99999900.0,99999900.0,99999900.0,99999900.0,99999900.0,0.0019591949721025764,0.002564299277511258,0.002804354693782269,0.0024426163144653677,0.0004355212927161477,0.23671812606988415,2294.0758594868566
LLLVFLLATLLLILLALL,17,26216.202386619552,1125.1404014138589,26786.864454604416,26941.662887027844,24920.0798182264,D,80.19913005381893,99999900.0,99999900.0,99999900.0,99999900.0,99999900.0,99999900.0,0.0020719129733832017,0.001904556924183083,0.0029218674993746314,0.0022994457989803057,0.0005454893139579281,0.22284322646597268,2159.6118335899123
LLLYALLAFLLGLLLGTL,13,31072.563745541745,1467.9100051708615,32572.682051202508,31005.873881637075,29639.135303785653,D,103.8051379051398,99999900.0,99999900.0,99999900.0,99999900.0,99999900.0,99999900.0,0.012010083180606295,0.011823548379257805,0.01184247704272697,0.01189203620086369,0.0001026688396980576,1.1524775741292914,11168.857346519615
LLLLYLLAALLGTLLFLL,16,25936.178292346605,833.0405722847237,26284.666779501837,26538.383291033195,24985.484806504788,D,78.88956844330266,99999900.0,99999900.0,99999900.0,99999900.0,99999900.0,99999900.0,0.0012092991958981164,0.0009203248378119092,0.0030455050290465013,0.001725043020918842,0.0011526454273059132,0.16717687050707283,1620.1396541201664
LLLSTLLGALLGILLLLL,16,26667.135506168368,1011.1267641995972,27387.62266695165,27102.53696072672,25511.24689082673,D,82.40013551736008,99999900.0,99999900.0,99999900.0,99999900.0,99999900.0,99999900.0,0.0031038219936752264,0.0022971813633371444,0.004039373035321765,0.0031467921307780453,0.0008718903486076208,0.3049610091924235,2955.4293153983085
LLLVYLLALLLLTLLAFL,17,25593.000079038346,840.9818691851558,26123.16650245308,26032.504106011103,24623.329628650856,D,77.19324486641182,99999900.0,99999900.0,99999900.0,99999900.0,99999900.0,99999900.0,0.0009318937618298313,-0.0003143087282578428,0.0023609093624720506,0.000992831465348013,0.0013386496969053092,0.09621699592710674,932.4553691488625
LLLVYLLFTLLGGLLLLL,17,25913.014218967488,1162.3339132688752,26138.54465677244,26946.055328443665,24654.44267168636,D,78.75765894375293,99999900.0,99999900.0,99999900.0,99999900.0,99999900.0,99999900.0,0.0009583084754890702,0.0019152769849595126,0.002419723527610514,0.0017644363293530321,0.0007422925071557877,0.17099454342484152,1657.137375526107
LLLAFLLILLLGTLLGIL,14,25896.937300410937,940.874764303494,26388.44303709039,26490.26839998595,24812.10046415647,D,78.66967411720015,99999900.0,99999900.0,99999900.0,99999900.0,99999900.0,99999900.0,0.0013875533655404635,0.0008028970778377126,0.002717750031515043,0.0016360668249644063,0.0009813178196628454,0.15855403512911012,1536.5742812045596
LLLYTLLIVLLGLLLGFL,15,26383.9332386314,1341.2608718509357,27212.143367077904,27103.200008235115,24836.456340581182,D,80.96629992338349,99999900.0,99999900.0,99999900.0,99999900.0,99999900.0,99999900.0,0.0028024051029984396,0.002298799577199269,0.0027637908683595925,0.0026216651828524337,0.0002802756041194535,0.2540700582372563,2462.236402836503
LLLLFLLATLLGLLLGVL,16,28279.30454874484,1299.1839591291794,29270.126769097624,28759.38431776719,26808.402559369693,D,90.21310127816484,99999900.0,99999900.0,99999900.0,99999900.0,99999900.0,99999900.0,0.006337357422431666,0.006340833328908313,0.006491435587124253,0.006389875446154744,8.797083128383254e-05,0.6192537618274235,6001.294153052397
LLLYVLLTILLGALLLLL,17,25545.576272055958,1051.247420522561,26194.250201340536,26109.79866910832,24332.679945719006,D,76.92478672786973,99999900.0,99999900.0,99999900.0,99999900.0,99999900.0,99999900.0,0.0010539926504843727,-0.00012566593586789044,0.0018114832446253098,0.0009132699864139307,0.0009762114975806632,0.08850655688308243,857.7321852059517
LLLFGLLASLLIILLTLL,14,25235.20301089518,1181.324500164105,25416.528421451905,26315.38119843821,23973.699412795424,D,75.45193925410736,99999900.0,99999900.0,99999900.0,99999900.0,99999900.0,99999900.0,-0.0002818827540465666,0.0003760726191531358,0.0011328887297535884,0.0004090261982867192,0.0007079611865256514,0.03963942867265813,384.1524851162009
LLLAVLLFLLLILLLGTL,14,25666.403416836016,849.7950262649476,26082.529440300503,26227.93831057868,24688.74249962886,D,77.56252885029302,99999900.0,99999900.0,99999900.0,99999900.0,99999900.0,99999900.0,0.0008620923839517444,0.00016266212972821097,0.0024845617931099407,0.0011697721022632987,0.001191135852242831,0.11336461577560752,1098.6358868608434
LLLALLLIFLLGTLLGVL,14,26998.274884691324,1199.23385062519,27984.049927548444,27347.61506533944,25663.15966118609,D,83.97182830782825,99999900.0,99999900.0,99999900.0,99999900.0,99999900.0,99999900.0,0.0041282918344672835,0.002895311634797916,0.004326539506063997,0.0037833809917763987,0.0007754520758412552,0.3666539248419594,3553.3059159049258
LLLAVLLGLLLGTLLLFL,16,26703.68673689646,1088.423157129457,27487.220054173777,27162.932195981724,25460.90796053388,D,82.56333638501464,99999900.0,99999900.0,99999900.0,99999900.0,99999900.0,99999900.0,0.003274898210628588,0.0024445801630589613,0.003944215446404518,0.0032212312733640226,0.000751256681088592,0.3121750338572257,3025.3416626613975
LLLAFLLGTLLILLLAVL,14,26767.51347859097,1176.942114407084,27630.37213182285,27245.36900782174,25426.799296128323,D,82.8569432722209,99999900.0,99999900.0,99999900.0,99999900.0,99999900.0,99999900.0,0.003520787350657923,0.0026457729734985047,0.0038797385445883997,0.0033487662895816087,0.0006347134721661172,0.32453467047658857,3145.1210157310456
LLLAILLIVLLGLLLGFL,14,26341.397078459533,1224.2620610842937,27012.632070509557,27083.23040882804,24928.328756041006,D,80.78830696173326,99999900.0,99999900.0,99999900.0,99999900.0,99999900.0,99999900.0,0.0024597089860787114,0.002250062371836955,0.002937460779347005,0.002549077379087557,0.00035230551360087436,0.24703544998503432,2394.06281072381
LLLSTLLLLLLGVLLAIL,16,26594.828116659904,549.613209310244,26443.22003979797,27204.33237349159,26136.93193669015,D,82.2072043731351,99999900.0,99999900.0,99999900.0,99999900.0,99999900.0,99999900.0,0.0014816426048330257,0.002545620194569043,0.005222129205140487,0.003083130668180852,0.001927303332042393,0.2987914679347029,2895.639235532322
LLLTYLLIVLLGILLALL,15,26807.75720596833,1128.2510109510963,27380.411842204143,27534.84014258953,25508.01963311131,D,83.08728158981624,99999900.0,99999900.0,99999900.0,99999900.0,99999900.0,99999900.0,0.003091436120377505,0.0033522475428702583,0.004033272427676208,0.0034923186969746576,0.0004862909145723553,0.3384465798786761,3279.943709914064
LLLAVLLGFLLGLLLLTL,16,29523.332748610603,941.0866331374368,30258.975742136263,29848.162744755573,28462.85975893997,D,96.3558927785238,99999900.0,99999900.0,99999900.0,99999900.0,99999900.0,99999900.0,0.00803588131109936,0.008998073301954007,0.009618918772841772,0.008884291128631714,0.0007976287911957688,0.8609918532740618,8344.019355863607
LLLALLLILLLGTLLAFL,14,26280.64858944264,1340.7696839440098,27499.949380662423,26497.220034975555,24844.77635268993,D,80.43334837861386,99999900.0,99999900.0,99999900.0,99999900.0,99999900.0,99999900.0,0.0032967630916338007,0.0008198630296921167,0.002779518502765505,0.002298714874697141,0.0013065747494056571,0.22277239134316398,2158.9253582957
LLLAGLLFILLGTLLTLL,13,26614.731649466084,1231.1012581256864,27521.60800190826,27109.339763673124,25213.24718281687,D,82.10018297832725,99999900.0,99999900.0,99999900.0,99999900.0,99999900.0,99999900.0,0.0033339656236530345,0.002313784080170852,0.003476052886337776,0.0030412675300538878,0.0006340120858032622,0.29473443959581347,2856.321879789346
LLLYLLLIVLLGFLLATL,15,25738.05011083148,1179.6210127991803,25922.413575327453,26814.63410299393,24477.102654173064,D,77.9072248262616,99999900.0,99999900.0,99999900.0,99999900.0,99999900.0,99999900.0,0.0005870649237161269,0.0015945342838594885,0.0020844909673050915,0.001422030058293569,0.0007634719836923933,0.1378113658787955,1335.553524668075
LLLALLLLTLLGLLLGFL,16,26584.3981182702,1330.980167182592,27871.990628707288,26667.298051794336,25213.90567430897,D,81.91632205814301,99999900.0,99999900.0,99999900.0,99999900.0,99999900.0,99999900.0,0.003935810069082857,0.0012349503363696453,0.0034772976577770232,0.002882686021076509,0.0014452795829259712,0.27936603424612755,2707.3840341884784
LLLFGLLISLLGILLTLL,14,25688.962331110157,767.152241653033,26326.9987292463,25902.11396194919,24837.77430213497,D,77.66290157110444,99999900.0,99999900.0,99999900.0,99999900.0,99999900.0,99999900.0,0.0012820118444979382,-0.0006325350030480914,0.002766282261065288,0.0011385863675050449,0.001703941856196029,0.11034235286498659,1069.3466199196582
LLLAVLLGLLLGLLLLFL,16,27155.49315572508,923.8367899621496,27880.79430903447,27470.284895613728,26115.400262527037,D,84.79621932776958,99999900.0,99999900.0,99999900.0,99999900.0,99999900.0,99999900.0,0.0039509319549841625,0.0031946959433143884,0.005181427064932218,0.004109018321076924,0.0010027555094635585,0.39821199555241976,3859.1405783822447
LLLYTLLAVLLILLLGFL,15,25162.236418556677,1185.795342454751,25416.12932877749,26200.521436927866,23870.058489964675,D,75.08508699012869,99999900.0,99999900.0,99999900.0,99999900.0,99999900.0,99999900.0,-0.00028256826665745997,9.574933021361786e-05,0.0009369723629901535,0.00025005114218210376,0.0006242408379166592,0.02423288399755794,234.84502478754447
LLLTLLLLILLGVLLAFL,17,25763.74863991029,1390.818207813726,26183.34351422383,26896.46019463161,24211.442210875422,D,77.97901791651536,99999900.0,99999900.0,99999900.0,99999900.0,99999900.0,99999900.0,0.0010352584765922549,0.0017942365888906197,0.0015823029567966058,0.0014705993407598268,0.0003916250976556105,0.14251829813904607,1381.1692105040336
LLLGALLALLLGTLLLFL,16,26505.62563276458,1543.7626607240938,27391.23647336298,27402.58632336193,24723.054101568825,D,81.53075234522107,99999900.0,99999900.0,99999900.0,99999900.0,99999900.0,99999900.0,0.003110029348575744,0.0030294728383680634,0.0025494223154432726,0.00289630816746236,0.0003031001213831268,0.2806861797583031,2720.177790208656
LLLIILLGVLLGLLLGFL,14,27424.303513177645,947.0448242125836,27882.274917199396,28055.31231341176,26335.323308921783,D,86.13122269884491,99999900.0,99999900.0,99999900.0,99999900.0,99999900.0,99999900.0,0.0039534751626998516,0.004622496312394647,0.0055971559395927364,0.004724375804895745,0.0008265628816526969,0.4578473421150474,4437.076924841273
LLLYALLALLLGVLLLTL,17,26383.111431091354,1119.5354238107209,27506.31096605664,26375.746874198383,25267.27645301904,D,80.97611050092564,99999900.0,99999900.0,99999900.0,99999900.0,99999900.0,99999900.0,0.0033076902453817326,0.0005233992768584539,0.003578186464733011,0.002469758662324399,0.0016910139544706194,0.2393485374383324,2319.567626091563
LLLYGLLFLLLIVLLATL,15,25289.232711723293,1177.5655851382378,25141.898862655555,26533.532055076637,24192.267217437693,D,75.7661094891918,99999900.0,99999900.0,99999900.0,99999900.0,99999900.0,99999900.0,-0.000753607839340904,0.0009084850568400377,0.0015460557395350657,0.0005669776523447331,0.0011872588700430912,0.05494677432215702,532.498590715945
LLLTLLLAALLGVLLSLL,17,27327.41925255773,532.5784508299781,27648.74728300712,27620.84887186681,26712.661602799257,D,85.72036170195115,99999900.0,99999900.0,99999900.0,99999900.0,99999900.0,99999900.0,0.003552349939177844,0.0035621578678742315,0.006310452826170193,0.004474986877740756,0.0015895677037324671,0.4336786345087408,4202.853844441186
LLLGYLLISLLGILLALL,14,26205.644898734696,1243.848560144889,26686.934703866635,27136.93401017359,24793.06598216386,D,80.14484484869338,99999900.0,99999900.0,99999900.0,99999900.0,99999900.0,99999900.0,0.0019002658630108706,0.00238112977054234,0.002681768428366775,0.002321054687306662,0.00039419960252871277,0.22493738080399775,2179.906641565389
LLLYSLLTVLLLILLALL,17,25728.320452204476,1165.8932618325373,26429.20549853349,26373.306084087217,24382.449773992703,D,77.7983013163031,99999900.0,99999900.0,99999900.0,99999900.0,99999900.0,99999900.0,0.0014575701389909596,0.0005174423577200526,0.0019055650384139091,0.0012935258450416404,0.000708451862829912,0.12535780271665006,1214.8639134025718
LLLLYLLGVLLGTLLAFL,13,27489.392807285996,1407.747121227189,28488.946584432186,28099.760567967227,25879.471269458565,D,86.34069804032946,99999900.0,99999900.0,99999900.0,99999900.0,99999900.0,99999900.0,0.004995541592931645,0.004730975389320883,0.0047354415422867484,0.004820652841513092,0.00015147456274943946,0.46717771445254985,4527.4991594832
LLLALLLGVLLLTLLGFL,16,26821.325596820672,790.393543380846,27233.72494565547,27320.226650121374,25910.025194685164,D,83.20946684151208,99999900.0,99999900.0,99999900.0,99999900.0,99999900.0,99999900.0,0.0028394753005398427,0.0028284682900807335,0.004793198785827819,0.0034870474588161323,0.0011311736185752412,0.3379357351702524,3274.993026445087
LLLTFLLAILLGLLLIYL,15,26303.81877610745,1063.388856474278,26800.79422314295,27027.728817836305,25082.933287343112,D,80.64217369216372,99999900.0,99999900.0,99999900.0,99999900.0,99999900.0,99999900.0,0.0020958398269992893,0.0021146068535284127,0.003229715587877962,0.0024800540894685547,0.0006492937100952579,0.24034628489716198,2329.236967418173
LLLSYLLALLLLTLLGFL,17,25811.69740493553,1248.8452321522514,26326.87445580043,26720.53884678188,24387.67891222428,D,78.21646545005946,99999900.0,99999900.0,99999900.0,99999900.0,99999900.0,99999900.0,0.0012817983827638456,0.0013648882237586883,0.0019154498767157404,0.0015207121610794248,0.0003443680858158457,0.14737481729347926,1428.2345685241103
LLLAVLLIILLGLLLGFL,14,26315.45431968792,1126.0232848783344,26863.386721834857,27062.642367538832,25020.33386969008,D,80.68622814816517,99999900.0,99999900.0,99999900.0,99999900.0,99999900.0,99999900.0,0.002203353569924973,0.0021998158157661104,0.0031113815347538192,0.0025048503068149674,0.0005252744299648333,0.2427493287436734,2352.5252764678266
LLLYFLLLLLLGVLLATL,17,25318.561425871245,569.0536705225843,25194.26393203629,25939.48980708563,24821.930538491808,D,75.96811231973633,99999900.0,99999900.0,99999900.0,99999900.0,99999900.0,99999900.0,-0.0006636615242816826,-0.0005413166364263152,0.002736332193813416,0.0005104513443684727,0.0019286397369235116,0.04946871310617834,479.4097622387467
LLLYFLLALLLIVLLGTL,15,25152.9261901546,1199.4132144535251,25530.593613893318,26118.049820127075,23810.135136443416,D,75.0218247901857,99999900.0,99999900.0,99999900.0,99999900.0,99999900.0,99999900.0,-8.595550983670084e-05,-0.00010552842416928268,0.0008236969753776961,0.00021073768045723755,0.0005309285240650637,0.020422949160998332,197.92229445049762
LLLTALLASLLGLLLLFL,17,26131.099664962283,869.1117464121708,26694.79604881941,26568.30642077513,25130.196525292304,D,79.8143259174452,99999900.0,99999900.0,99999900.0,99999900.0,99999900.0,99999900.0,0.0019137691203974022,0.0009933543307720522,0.0033190590789196495,0.002075394176696368,0.001171246190178138,0.20113000042392856,1949.185245133694
LLLTALLAFLLGVLLLLL,17,27040.76348223257,970.343615397116,27775.35858123806,27406.16250180176,25940.76936365789,D,84.2289136006426,99999900.0,99999900.0,99999900.0,99999900.0,99999900.0,99999900.0,0.0037698273502729312,0.0030382007522075562,0.00485131565433674,0.0038864479189390758,0.0009121659278101443,0.3766423170889302,3650.1051340691347
LLLAYLLGLLLGVLLITL,14,28068.57506464669,745.2227677220144,28575.23190959441,28417.60127578328,27212.892008562387,D,89.29616098683927,99999900.0,99999900.0,99999900.0,99999900.0,99999900.0,99999900.0,0.005143751976949279,0.005506687887782211,0.007256057332237313,0.005968832398989601,0.001129443066481868,0.5784497597705137,5605.855588024326
LLLTALLGILLLLLLGFL,17,25354.350532814005,1079.0926135956222,25560.833758147885,26315.282015540117,24186.93582475402,D,76.04078083908301,99999900.0,99999900.0,99999900.0,99999900.0,99999900.0,99999900.0,-3.401268660121362e-05,0.00037583055634685857,0.0015359776057646787,0.0006259318251701078,0.0008143281666693315,0.06066012407446035,587.8676406538228
LLLVFLLITLLGLLLGAL,15,26432.1286862757,965.136545196646,26988.858050530325,26989.84286532513,25317.685142971644,D,81.27348171257607,99999900.0,99999900.0,99999900.0,99999900.0,99999900.0,99999900.0,0.002418872880702274,0.00202214353414756,0.003673475922980566,0.0027048307792768,0.0008620055709913361,0.2621297784734937,2540.3445305711384
LLLIYLLAVLLGLLLGFL,14,27584.820817393786,1244.1093856074249,28462.72638179273,28130.636804172344,26161.09926621628,D,86.83808728384584,99999900.0,99999900.0,99999900.0,99999900.0,99999900.0,99999900.0,0.004950503734003634,0.004806331005328429,0.005267813624632445,0.005008216121321503,0.00023609233726948792,0.4853547927979414,4703.656335617035
LLLTLLLGLLLIFLLAIL,15,26495.001323525084,1429.5608249034,27560.36301351143,27054.29003132657,24870.350925737253,D,81.47659152205073,99999900.0,99999900.0,99999900.0,99999900.0,99999900.0,99999900.0,0.0034005342451598163,0.0021794313545190885,0.0028278630880519584,0.0028026095625769544,0.0006109430192697784,0.27160568765134263,2632.1771876325397
LLLLFLLATLLGVLLLIL,16,26345.85568736409,1094.1083701827145,27007.06374796706,26947.54777480048,25082.955539324725,D,80.82639639563003,99999900.0,99999900.0,99999900.0,99999900.0,99999900.0,99999900.0,0.0024501444022887553,0.001918919404774837,0.003229757651642658,0.002532940486235417,0.0006593296755042599,0.24547159609036925,2378.90723507323
LLLFILLASLLGILLTLL,14,25541.4079118084,1110.0571449267516,25668.23777075441,26582.60264423535,24373.38332043544,D,76.96230742230358,99999900.0,99999900.0,99999900.0,99999900.0,99999900.0,99999900.0,0.00015047279715306133,0.0010282452649607178,0.0018884263774308454,0.0010223814798482082,0.0008689916281426285,0.09908073838899034,960.2083873003121
LLLYLLLASLLLTLLTFL,17,25516.2860366438,1041.6822049636444,25208.06506021731,26677.298550083902,24663.49449963019,D,76.9161730888509,99999900.0,99999900.0,99999900.0,99999900.0,99999900.0,99999900.0,-0.0006399556333467001,0.0012593572525490138,0.002436834541241865,0.0010187453868147262,0.0015524432347304308,0.09872835839217943,956.7934124630606
LLLYVLLLTLLGLLLGFL,17,25523.983947815752,1179.4287451272514,25848.117280805967,26507.45442679692,24216.380135844367,D,76.8428526770194,99999900.0,99999900.0,99999900.0,99999900.0,99999900.0,99999900.0,0.00045944783099017504,0.0008448407794100003,0.0015916373036245078,0.0009653086380082276,0.0005756280302438668,0.09354971164122208,906.6062607927487
LLLAYLLGLLLIFLLATL,14,26067.81928295815,1179.1121483144248,26611.71963908064,26876.81071306084,24714.927496732973,D,79.4714875027727,99999900.0,99999900.0,99999900.0,99999900.0,99999900.0,99999900.0,0.001771070619035317,0.0017462806535182593,0.0025340602861398252,0.002017137186231134,0.00044784009870934123,0.19548421580694514,1894.4709804818172
LLLSYLLGILLGLLLIFL,14,25242.691103728583,1041.8079553863197,25147.94744721416,26328.634809887822,24251.49105408378,D,75.54423283028358,99999900.0,99999900.0,99999900.0,99999900.0,99999900.0,99999900.0,-0.0007432183201670647,0.0004084189857399041,0.0016580088038708673,0.0004410698231479022,0.0012009464947246619,0.04274483118090505,414.2474721222067
LLLAGLLFLLLITLLAVL,14,26667.27333283135,1018.541173920449,27325.679210725597,27182.05048721403,25494.090300554428,D,82.40538896314227,99999900.0,99999900.0,99999900.0,99999900.0,99999900.0,99999900.0,0.0029974230965582214,0.002491239691223321,0.004006941282106993,0.003165201356629512,0.0007716540588672076,0.30674507876575324,2972.7190388671925
LLLTYLLVLLLGALLLFL,17,25912.173815903872,1078.3426441841832,26481.867267854923,26586.185727251497,24668.4684526052,D,78.719912702578,99999900.0,99999900.0,99999900.0,99999900.0,99999900.0,99999900.0,0.0015480260889396123,0.001036990029902086,0.002446236993175912,0.0016770843706725366,0.0007134327445085598,0.16252911565997918,1575.0974667196847
LLLAYLLAVLLILLLGFL,14,26280.746238193875,1113.4580721794966,27034.281814932307,26806.15746722852,25001.7994324208,D,80.49738384459815,99999900.0,99999900.0,99999900.0,99999900.0,99999900.0,99999900.0,0.002496896270576355,0.0015738464608511884,0.0030763451851090785,0.0023823626388455406,0.0007577691394463317,0.2308788392784709,2237.486332156588
LLLGLLLIFLLGVLLGTL,14,27758.8306061315,901.8147168682508,28381.209440064173,28170.657941297934,26724.624437032395,D,87.75359333315676,99999900.0,99999900.0,99999900.0,99999900.0,99999900.0,99999900.0,0.004810483896159622,0.004904005392238371,0.006333066625383242,0.005349185304593745,0.0008533483506787047,0.5183986997078363,5023.890490912525
LLLGYLLASLLGILLTLL,13,27610.52344351679,1230.545937144488,28484.7053742077,28143.53441480632,26203.330541536357,D,86.96566379072017,99999900.0,99999900.0,99999900.0,99999900.0,99999900.0,99999900.0,0.004988256560454932,0.004837808527002126,0.005347645005891059,0.0050579033644493725,0.000261956707838235,0.4901700685386106,4750.321996658053
LLLTLLLILLLGFLLAIL,15,25933.54140438844,1287.485532414228,26559.02190796873,26788.79070773424,24452.811597462354,D,78.79442009852869,99999900.0,99999900.0,99999900.0,99999900.0,99999900.0,99999900.0,0.0016805528983189653,0.0015314616685127482,0.0020385726616240565,0.00175019574281859,0.00026062997559007586,0.16961446381978615,1643.762787957798
LLLTVLLIILLGLLLSFL,15,26484.032884051347,832.9163864697246,26987.30117808811,26942.180728219537,25522.61674584639,D,81.54798884232487,99999900.0,99999900.0,99999900.0,99999900.0,99999900.0,99999900.0,0.0024161986755336265,0.0019058207518638565,0.004060865903440246,0.002794295110279243,0.0011261760904977228,0.2707999198541016,2624.368354051892
LLLTFLLAVLLGLLLIYL,15,26189.610894755635,1014.6443296902544,26928.97420411442,26607.018522402654,25032.83995774983,D,80.06623479774701,99999900.0,99999900.0,99999900.0,99999900.0,99999900.0,99999900.0,0.0023160117295497737,0.001087833924907471,0.003135022267276931,0.0021796226405780585,0.0010303865852078313,0.2112309591815944,2047.0753646118812
LLLAVLLFSLLLTLLGYL,16,26141.562318213128,1051.3683015456268,26690.37578595477,26804.96054205685,24929.35062662776,D,79.84541929450926,99999900.0,99999900.0,99999900.0,99999900.0,99999900.0,99999900.0,0.001906176533182882,0.0015709252811767333,0.00293939246006917,0.002138831424809595,0.0007132824327535583,0.2072778126724029,2008.7647454534913
LLLGALLLLLLGTLLGFL,16,26257.87029328685,987.8918102983278,26844.98269857313,26811.311432152965,25117.316749134472,D,80.41676796847203,99999900.0,99999900.0,99999900.0,99999900.0,99999900.0,99999900.0,0.002171741388479732,0.0015864250730622978,0.0032947119496135025,0.002350959470385177,0.0008681303783480152,0.2278355044957745,2207.9928540979654
LLLGYLLLLLLGSLLAFL,16,25760.292691474784,1100.3003944649602,26354.92836228651,26435.32627006926,24490.62344206858,D,77.97304391201483,99999900.0,99999900.0,99999900.0,99999900.0,99999900.0,99999900.0,0.0013299859540070412,0.0006688069634489421,0.002110049825407834,0.0013696142476212723,0.0007214381803231279,0.13273165998913117,1286.3252258121947
LLLVLLLGILLIFLLATL,15,25577.421579814745,1027.4690239426209,25618.23137696228,26583.877682304017,24530.15568017794,D,77.15925654086504,99999900.0,99999900.0,99999900.0,99999900.0,99999900.0,99999900.0,6.457792669468151e-05,0.0010313570846287356,0.0021847791142724357,0.0010935713751986176,0.0010614689031784516,0.10597987294510608,1027.0690806460518
LLLAFLLGTLLLLLLGVL,16,26225.774102932726,1271.3215660340154,26289.121976060596,27464.237485516143,24923.962847221446,D,80.29711416604464,99999900.0,99999900.0,99999900.0,99999900.0,99999900.0,99999900.0,0.0012169517879420865,0.003179936815610921,0.002929207736338642,0.002442032113297217,0.0010683316996501389,0.23666151013517778,2293.5271847772833
LLLLFLLAILLITLLGVL,14,25843.3084975878,1279.9399182173609,26495.54256161022,26665.75110205302,24368.631829100163,D,78.35167180564217,99999900.0,99999900.0,99999900.0,99999900.0,99999900.0,99999900.0,0.0015715158368801302,0.0012311748972288344,0.0018794444531707154,0.0015607117290932268,0.0003242697963873203,0.15125124386434843,1465.8016816343206
LLLFYLLVALLGLLLGTL,13,27257.21999794845,700.6776471701604,27711.94508726293,27609.398638285737,26450.31626829668,D,85.34436566642178,99999900.0,99999900.0,99999900.0,99999900.0,99999900.0,99999900.0,0.003660903402008457,0.003534212771224498,0.005814531491534665,0.0043365492215892065,0.0012815367032149162,0.4202624044002169,4072.8348630971077
LLLSTLLLALLGFLLALL,16,27214.03162320817,1035.6449174727777,27840.20210594034,27783.26904957959,26018.62371410459,D,85.0763880773095,99999900.0,99999900.0,99999900.0,99999900.0,99999900.0,99999900.0,0.003881207630513094,0.003958555682112146,0.004998486685427935,0.004279416666017725,0.000623932648514639,0.41472559069256554,4019.1766541712354
LLLSTLLLALLGLLLAFL,16,27239.00070232697,1146.3395842517496,28196.95976717657,27551.11551634693,25968.92682345743,D,85.15682298162658,99999900.0,99999900.0,99999900.0,99999900.0,99999900.0,99999900.0,0.004494002330812865,0.003391968731913325,0.004904542768400765,0.0042635046103756515,0.0007821872878723107,0.41318352615659865,4004.2322429237074
LLLLFLLGTLLLILLAVL,16,25665.29998651076,1041.1134769683597,26012.88211018825,26488.156942981408,24494.860906362628,D,77.54451042834654,99999900.0,99999900.0,99999900.0,99999900.0,99999900.0,99999900.0,0.0007424607139970602,0.0007977439192016089,0.002118060064858668,0.0012194215660191125,0.0007787345002578732,0.1181762302526947,1145.2660659700869
LLLLFLLGTLLIVLLAIL,14,26349.05798956012,1143.786416335888,26959.68382744284,27057.94398147255,25029.54615976497,D,80.84143595334847,99999900.0,99999900.0,99999900.0,99999900.0,99999900.0,99999900.0,0.0023687609665490536,0.0021883490756519955,0.0031287958760366627,0.0025619686394125706,0.000499106150761981,0.24828476407859232,2406.1701273477256
LLLTGLLFLLLGVLLLIL,17,26006.07906682372,665.1856007260474,26028.77672661604,26659.625338122656,25329.835135732465,D,79.29214142459966,99999900.0,99999900.0,99999900.0,99999900.0,99999900.0,99999900.0,0.0007697625431336705,0.001216224541511166,0.003696443515056036,0.0018941435332336242,0.0015767200123536853,0.18356469046698906,1778.9568211188687
LLLGYLLAFLLLLLLGTL,16,26301.92758290192,651.1317695744124,26604.34820640819,26746.853921764785,25554.580620532783,D,80.7010356965244,99999900.0,99999900.0,99999900.0,99999900.0,99999900.0,99999900.0,0.001758408873076899,0.0014291120064907582,0.004121288427914159,0.002436269769160605,0.0014685281804741035,0.23610307150619192,2288.115260481367
LLLYALLFILLILLLGTL,15,25488.87551128045,1165.4642129268611,25583.63071223703,26604.069594842327,24278.926226762,D,76.70478437694858,99999900.0,99999900.0,99999900.0,99999900.0,99999900.0,99999900.0,5.14513442608559e-06,0.001080636860751277,0.001709870551198433,0.0009318841821252651,0.0008620427519538829,0.09031049043621175,875.2144139015718
LLLAVLLFLLLGLLLITL,14,26426.860146765503,1012.0504427098496,27138.926114553047,26873.303107513257,25268.35121823022,D,81.2273989111642,99999900.0,99999900.0,99999900.0,99999900.0,99999900.0,99999900.0,0.0026766414567118545,0.0017377200966228606,0.0035802181341696264,0.0026648598958347804,0.0009213055185297904,0.258256131773552,2502.80435766569
LLLAFLLITLLGLLLAVL,14,27375.691938673837,1148.7058015438515,28269.144656219996,27777.983659586072,26079.94750021544,D,85.82829862369903,99999900.0,99999900.0,99999900.0,99999900.0,99999900.0,99999900.0,0.004617992709307495,0.0039456563178193035,0.005114409363872584,0.004559352796999794,0.0005865789803183342,0.4418546800845003,4282.089300943055
LLLTFLLAILLGLLLLYL,17,26208.01427720892,771.1898280258348,26325.502995102757,26913.718119075016,25384.821717448976,D,80.25359840838424,99999900.0,99999900.0,99999900.0,99999900.0,99999900.0,99999900.0,0.0012794426552251838,0.0018363557616681942,0.0038003867357106046,0.0023053950508679943,0.0013243066696741398,0.223419778644893,2165.1992993972635
LLLALLLGVLLITLLGFL,14,26405.293420007994,1323.280112230525,27525.489323094505,26745.162750901152,24945.22818602833,D,81.04968285157777,99999900.0,99999900.0,99999900.0,99999900.0,99999900.0,99999900.0,0.0033406324827328134,0.0014249845856044673,0.0029694064127228884,0.00257834116035339,0.001015935893721242,0.2498714530944638,2421.547002064743
LLLAFLLGVLLILLLGTL,14,27348.044384575154,1066.1871809570198,28173.72722999155,27726.05123045322,26144.354693280693,D,85.70958530292228,99999900.0,99999900.0,99999900.0,99999900.0,99999900.0,99999900.0,0.004454096318389292,0.0038189115888932496,0.0052361607234140475,0.004503056210232196,0.0007098919499345935,0.4363988815438796,4229.216223861637
LLLYLLLIALLGFLLATL,15,25777.925806885705,700.9005817621108,26311.29604996491,26038.40172654953,24984.07964414267,D,78.11386557344274,99999900.0,99999900.0,99999900.0,99999900.0,99999900.0,99999900.0,0.0012550397015289535,-0.00029991517245979703,0.0030428487973459322,0.0013326577754716963,0.0016727331417502839,0.12915014504485048,1251.6161517312344
LLLLFLLATLLGILLLVL,16,25769.14456301748,1227.421204208164,26514.14619052033,26440.81435017541,24352.4731483567,D,77.98593996480747,99999900.0,99999900.0,99999900.0,99999900.0,99999900.0,99999900.0,0.0016034708765083065,0.0006822010071513613,0.0018488990861816636,0.0013781903232804437,0.0006151094192501349,0.1335627821539387,1294.3797729067694
LLLLYLLAVLLGLLLGFL,16,27139.615591253467,1232.5077673142512,27873.58511562481,27828.58629662338,25716.675361512207,D,84.67881160048411,99999900.0,99999900.0,99999900.0,99999900.0,99999900.0,99999900.0,0.00393854888379918,0.004069155596041585,0.004427702263846608,0.004145135581229124,0.0002532735199636551,0.40171218102623973,3893.061474650435
LLLYALLLLLLGVLLSTL,17,26342.041522200496,1263.866223901273,27189.594745761347,26947.146819019,24889.383001821145,D,80.76941133127978,99999900.0,99999900.0,99999900.0,99999900.0,99999900.0,99999900.0,0.0027636738376516164,0.0019179408441204657,0.002863840143219736,0.002515151608330606,0.0005196189419749209,0.2437476454978938,2362.2001349334696
LLLAVLLYILLGLLLITL,14,26810.20294853437,1205.9993825449944,27410.23248366041,27598.49325236964,25421.883109573064,D,83.08740757473714,99999900.0,99999900.0,99999900.0,99999900.0,99999900.0,99999900.0,0.003142658372986229,0.0035075974134442245,0.003870445290708264,0.003506900359046239,0.0003638939595753965,0.3398597136975766,3293.6386315239415
LLLFVLLILLLGALLGTL,13,26078.564921664733,988.4884656408112,26289.86556337489,26944.317439911218,25001.511761708087,D,79.5860268385417,99999900.0,99999900.0,99999900.0,99999900.0,99999900.0,99999900.0,0.0012182290313342257,0.0019110355463319221,0.0030758013902516044,0.002068355322639251,0.0009387256794008086,0.20044785303458518,1942.5744380760093
LLLTFLLAVLLGILLALL,13,27615.19571025293,1264.3630267528026,28590.85812539028,28067.936670136485,26186.792335232032,D,86.97595351473268,99999900.0,99999900.0,99999900.0,99999900.0,99999900.0,99999900.0,0.005170592780289755,0.0046533069387731645,0.005316382207341698,0.005046760642134873,0.00034845085991688356,0.4890902082551986,4739.856885899855
LLLSTLLGALLILLLAFL,14,26397.98959861476,1104.4236155408096,26902.037963706516,27160.46182158271,25131.46901055505,D,81.09666564226559,99999900.0,99999900.0,99999900.0,99999900.0,99999900.0,99999900.0,0.00226974394847181,0.002438551041394964,0.0033214645060678097,0.002676586498644861,0.0005648227084657945,0.259392576914743,2513.8178419616397
LLLYALLALLLLVLLSTL,17,25914.144590055355,1240.5190302399392,26541.96915968621,26715.250106314565,24485.21450416529,D,78.70473582334228,99999900.0,99999900.0,99999900.0,99999900.0,99999900.0,99999900.0,0.0016512617718527143,0.0013519806823999835,0.0020998251049680916,0.001701022519740263,0.0003763972889305964,0.16484900264154714,1597.5798883639895
LLLTVLLGLLLGALLSFL,13,28196.48248990028,779.0458073926727,28986.52329735117,28174.006059334857,27428.91811301481,D,89.90079378586968,99999900.0,99999900.0,99999900.0,99999900.0,99999900.0,99999900.0,0.0058502180464456615,0.00491217670869878,0.007664419669761967,0.0061422714749688025,0.0013991718025369707,0.5952580373579313,5768.747481826599
LLLVFLLGTLLILLLAIL,15,26167.21216013287,1187.109450460366,26758.140912424737,26942.883281792136,24800.61228618173,D,79.95065004740256,99999900.0,99999900.0,99999900.0,99999900.0,99999900.0,99999900.0,0.0020225751838020287,0.0019075353830413674,0.0026960334930274626,0.0022087146866236196,0.00042593221672692575,0.21405031913700817,2074.3982642997958
LLLTFLLGVLLLLLLGAL,17,26277.45940583424,1128.6700574297065,27012.80823325656,26841.634054495764,24977.9359297504,D,80.48109566993172,99999900.0,99999900.0,99999900.0,99999900.0,99999900.0,99999900.0,0.002460011576911324,0.001660429555682079,0.003031235101044417,0.002383892077879273,0.0006885656064593279,0.23102705983192387,2238.92276289893
LLLTLLLGILLIFLLAVL,15,26270.517258346787,1017.906041936876,26206.22723619449,27319.04448345481,25286.280055391057,D,80.56098597089816,99999900.0,99999900.0,99999900.0,99999900.0,99999900.0,99999900.0,0.0010745653368798816,0.002825583129571185,0.003614109694963434,0.0025047527204715004,0.0012998155639246684,0.24273987148416903,2352.4336245479417
LLLTALLGVLLILLLSFL,15,26430.22065687816,582.9830736472064,26669.297823598423,26855.659912905925,25765.704234130128,D,81.34243139470146,99999900.0,99999900.0,99999900.0,99999900.0,99999900.0,99999900.0,0.001869971386024081,0.0016946606450386622,0.004520383401060106,0.0026950051440409496,0.0015832522856054668,0.26117755935225784,2531.116412153523
LLLGYLLFALLGVLLLLL,16,26820.324039823223,764.6801345564623,27274.367744583647,27249.136727407826,25937.467647478195,D,83.20321863100266,99999900.0,99999900.0,99999900.0,99999900.0,99999900.0,99999900.0,0.0029092865323497867,0.0026549683569146378,0.004845074295032496,0.00346977639476564,0.001197811616844645,0.33626196680431875,3258.772250848344
LLLAFLLALLLIVLLGTL,14,26741.60923543098,1094.1993459324874,27230.184759064538,27506.401587836423,25488.24135939198,D,82.77757384366983,99999900.0,99999900.0,99999900.0,99999900.0,99999900.0,99999900.0,0.0028333944007674907,0.003282841259100809,0.003995884806820382,0.003370706822229561,0.0005862049589769806,0.3266609650332248,3165.7273000639043
LLLTALLALLLGVLLIFL,15,26612.493052250826,1051.7489355554949,27162.244443616204,27275.43710428673,25399.797608849527,D,82.14495719301577,99999900.0,99999900.0,99999900.0,99999900.0,99999900.0,99999900.0,0.0027166948319364637,0.0027191562678949323,0.0038286962311502686,0.0030881824436605546,0.0006413049327453477,0.29928104413944656,2900.3838022933396
LLLYTLLAILLGVLLILL,15,26697.70347507456,1218.3562452846966,27421.732107988268,27380.30815349816,25291.070163737248,D,82.52351053922287,99999900.0,99999900.0,99999900.0,99999900.0,99999900.0,99999900.0,0.0031624110219388296,0.0029751014051903712,0.00362316461842375,0.003253559015184317,0.0003335077953978025,0.3153079706260715,3055.703488897662
LLLTLLLILLLGVLLAIL,15,26402.39041261356,997.2276045368056,26734.06820354059,27191.515012528023,25281.58802177205,D,81.15060307704005,99999900.0,99999900.0,99999900.0,99999900.0,99999900.0,99999900.0,0.001981226027136559,0.0025143385278340083,0.0036052401658791693,0.0027002682402832456,0.0008278181407697995,0.2616876150136499,2536.059448832719
LLLTFLLAVLLGILLILL,15,26403.18227974356,692.3709368307975,26722.16961895733,26878.5608982655,25608.81632200783,D,81.18900941124447,99999900.0,99999900.0,99999900.0,99999900.0,99999900.0,99999900.0,0.0019607880930262583,0.0017505521030352347,0.004223812231172935,0.002645050809078143,0.0013712824339985382,0.2563363992849015,2484.1999016740706
LLLGYLLASLLGILLILL,14,26495.328071640717,1542.490633512674,27854.994372386154,26811.86735035124,24819.122492184757,D,81.44287372142425,99999900.0,99999900.0,99999900.0,99999900.0,99999900.0,99999900.0,0.003906615977602279,0.0015877818303432873,0.0027310240373906937,0.0027418072817787533,0.00115945468190578,0.2657132345934929,2575.0724169180994
LLLLYLLAVLLGTLLLFL,16,26219.680635288943,1089.8937767016432,26742.476078650405,26949.68703796585,24966.87878925057,D,80.22541648852857,99999900.0,99999900.0,99999900.0,99999900.0,99999900.0,99999900.0,0.001995668047218825,0.0019241404262930592,0.0030103333690417295,0.0023100472808512047,0.0006075191388949946,0.22387063421199535,2169.568617834244
LLLFVLLILLLGALLLTL,16,26066.332675114147,879.3721961067819,26705.02324565697,26430.61830313618,25063.35647654929,D,79.49017930825117,99999900.0,99999900.0,99999900.0,99999900.0,99999900.0,99999900.0,0.0019313361489491107,0.0006573168405586812,0.0031927088000302255,0.0019271205965126724,0.0012677012365695623,0.18676055408931688,1809.9284822582867
LLLYFLLAVLLGLLLLTL,17,25553.42464675512,1022.3562051463654,26324.134908994198,25942.48315120821,24393.65588006296,D,76.9560567878779,99999900.0,99999900.0,99999900.0,99999900.0,99999900.0,99999900.0,0.0012770927241431884,-0.0005340111705404755,0.0019267483656835432,0.000889943306428752,0.001275244242295111,0.0862459284164573,835.8240479684067
LLLAYLLILLLGFLLATL,14,27790.19441002948,1158.2535777457924,28822.77815197396,28010.02716319698,26537.777914917497,D,87.8426271572816,99999900.0,99999900.0,99999900.0,99999900.0,99999900.0,99999900.0,0.005568956651976184,0.004511974733023409,0.005979863558917745,0.005353598314639112,0.0007572706328597485,0.5188263720614844,5028.035136861541
LLLTALLILLLGLLLGFL,15,26824.336961681336,955.4834768790984,27334.68847909611,27416.27670341843,25722.04570252947,D,83.19471652850511,99999900.0,99999900.0,99999900.0,99999900.0,99999900.0,99999900.0,0.003012898116469209,0.003062885169316738,0.004437854023129002,0.003504545769638316,0.0008086549934233207,0.33963152640962363,3291.4272294761736
LLLTVLLILLLGYLLGFL,15,26840.472590932928,1086.2151364529188,27706.095258414945,27193.71874288582,25621.603771498016,D,83.22534842446984,99999900.0,99999900.0,99999900.0,99999900.0,99999900.0,99999900.0,0.003650855281098356,0.0025197168860484967,0.004247984831877959,0.0034728523330082705,0.0008777763441173203,0.33656006124198795,3261.6611350443195
LLLIALLALLLGFLLGTL,14,29621.922870285685,1000.570654439776,30552.36380421381,29749.87302454224,28563.531782101003,D,96.8176485898393,99999900.0,99999900.0,99999900.0,99999900.0,99999900.0,99999900.0,0.008539827460284635,0.008758190358816736,0.009809222915971059,0.009035746911690809,0.0006786894987855933,0.8756696923337108,8486.264805399793
LLLSTLLGALLGFLLILL,14,26931.41191425795,1107.0851196476167,27669.058493759727,27466.770909755556,25658.406339258578,D,83.67698955882918,99999900.0,99999900.0,99999900.0,99999900.0,99999900.0,99999900.0,0.003587238054159704,0.003186119814824335,0.0043175541213659446,0.003696970663449995,0.00057364347086066,0.35827975208573315,3472.150374999876
LLLAVLLLFLLGTLLGLL,16,26089.697654178035,1196.507881941583,27076.612318369054,26433.57579592313,24758.90484824192,D,79.53532212568643,99999900.0,99999900.0,99999900.0,99999900.0,99999900.0,99999900.0,0.002569606434885578,0.0006645348087500768,0.0026171923414340607,0.0019504445283565718,0.0011138846259192876,0.18902091622886888,1831.8340384746004
LLLFVLLILLLIALLGTL,14,26021.849859969865,889.4633259747262,26205.095206140515,26805.419089031788,25055.03528473729,D,79.32316389856516,99999900.0,99999900.0,99999900.0,99999900.0,99999900.0,99999900.0,0.0010726208740328854,0.0015720443971705084,0.0031769789355865167,0.0019405480689299703,0.0010995121326668445,0.18806183341413524,1822.539402828999
LLLTLLLISLLGFLLAIL,15,25712.637586791338,743.3821570103478,25905.90157336468,26340.30097867683,24891.710208332504,D,77.82702941402415,99999900.0,99999900.0,99999900.0,99999900.0,99999900.0,99999900.0,0.0005587026251769341,0.0004368910873815557,0.002868239349941953,0.0012879443541668142,0.0013699301872500576,0.12481689088668295,1209.6218443145794
LLLTLLLGILLLFLLAVL,17,25620.780357908272,1006.340598520573,25942.583644615486,26426.8602985205,24492.897130588837,D,77.33407600392893,99999900.0,99999900.0,99999900.0,99999900.0,99999900.0,99999900.0,0.000621710603143321,0.0006481451672079366,0.0021143478650419273,0.001128067878464395,0.0008542457816617268,0.10932298809613453,1059.4677815431473
LLLAVLLLFLLGILLSLL,16,26067.200710446148,887.1800419749597,26109.3929154424,26932.53186963217,25159.677346263878,D,79.56507102319534,99999900.0,99999900.0,99999900.0,99999900.0,99999900.0,99999900.0,0.0009082351777506119,0.0018822720369949038,0.00337478779279251,0.0020550983358460085,0.0012423252987335627,0.1991630957632753,1930.1236355525805
LLLTYLLAVLLGLLLAFL,13,28035.80988354945,1127.3202542184242,29256.648946259716,27816.56159703682,27034.21910735181,D,89.04834728127564,99999900.0,99999900.0,99999900.0,99999900.0,99999900.0,99999900.0,0.006314206865894129,0.004039808474888885,0.006918305171332467,0.005757440170705161,0.0015178694517358495,0.5579633772597252,5407.318550128297
LLLTFLLAILLLLLLGYL,17,25631.95588897329,1222.5275521604556,25637.676071057795,26851.613313318503,24406.578282543585,D,77.41100857092353,99999900.0,99999900.0,99999900.0,99999900.0,99999900.0,99999900.0,9.797764528626277e-05,0.0016847846354557476,0.001951176073144168,0.0012446461179620595,0.0010019368938161272,0.12062078473778738,1168.956661720223
LLLTLLLLSLLGFLLAIL,17,26081.10430471843,1189.4608861101244,26606.905158615024,26917.052045679186,24719.355709861076,D,79.53730879886815,99999900.0,99999900.0,99999900.0,99999900.0,99999900.0,99999900.0,0.0017628008930151318,0.0018444924429434689,0.0025424311053453717,0.002049908147101324,0.00042848865286087136,0.19866010569221307,1925.2490727181116
LLLAVLLGFLLLLLLGTL,16,25947.27333199172,1014.9077778523643,26366.612219272327,26685.313744138475,24789.894032564363,D,78.91546304226902,99999900.0,99999900.0,99999900.0,99999900.0,99999900.0,99999900.0,0.0013500550552988206,0.0012789188947579266,0.002675772371750176,0.0017682487739356413,0.0007867429051328033,0.17136401395199555,1660.7179776169066
LLLALLLGLLLLTLLAFL,16,26393.767803419785,659.2411479133219,26846.80112678865,26697.03364148416,25637.468641986547,D,81.13321975137472,99999900.0,99999900.0,99999900.0,99999900.0,99999900.0,99999900.0,0.002174864862183099,0.0013075221247035125,0.004277974798200058,0.0025867872616955564,0.0015274676162805444,0.2506899792258393,2429.479478844292
LLLGYLLALLLISLLAFL,14,25870.166231430176,1143.7434276662018,26613.949447036637,26443.38780439749,24553.1614428564,D,78.48953042013785,99999900.0,99999900.0,99999900.0,99999900.0,99999900.0,99999900.0,0.001774900710569686,0.0006884817023398522,0.002228267779902574,0.0015638833976040374,0.0007912847281114617,0.15155861568609044,1468.7804745465992
LLLAVLLTTLLIALLGLL,14,27804.00596981449,1126.5143178956855,28850.397823131803,27950.012983531436,26611.60710278023,D,87.91477424281116,99999900.0,99999900.0,99999900.0,99999900.0,99999900.0,99999900.0,0.0056163983468536,0.004365505926144181,0.006119425672531718,0.005367109981843167,0.0009031429210757357,0.5201358108471349,5040.7251321631675
LLLTALLGVLLILLLGFL,15,26348.115666372927,1369.6664683086751,26511.57990449798,27628.714570428427,24904.05252419237,D,80.86982802407515,99999900.0,99999900.0,99999900.0,99999900.0,99999900.0,99999900.0,0.0015990628240827478,0.003581354655866875,0.002891570497664949,0.0026906626592048573,0.0010063017421507066,0.26075672171730097,2527.0380026326857
LLLGLLLGFLLLVLLGTL,16,26406.81344395272,777.1278414283832,26745.10187579629,26957.459742405605,25517.878713656264,D,81.19513922773207,99999900.0,99999900.0,99999900.0,99999900.0,99999900.0,99999900.0,0.0020001783205777324,0.0019431102556210656,0.0040519094215126054,0.0026650659992371348,0.0012013805389804804,0.2582761056068933,2502.997927501893
LLLLFLLATLLGVLLAIL,13,28027.841026174607,899.2233896037953,28829.872829318894,28197.930582875604,27055.71966632932,D,89.05521539000942,99999900.0,99999900.0,99999900.0,99999900.0,99999900.0,99999900.0,0.005581143021463663,0.004970566183281218,0.006958948493325417,0.005836885899356766,0.0010185624023195444,0.5656625987458392,5481.933022798305
LLLYFLLAVLLILLLGTL,15,25134.7011131919,1348.0168984444392,24764.74846068505,26629.06692873761,24010.287950153037,D,75.03143496069568,99999900.0,99999900.0,99999900.0,99999900.0,99999900.0,99999900.0,-0.0014014306968587996,0.0011416446041080692,0.0012020534294542838,0.0003140891122345178,0.0014859907362055143,0.03043891323692489,294.98871592633884
LLLAYLLSTLLIGLLFLL,14,27238.92453578096,892.4484401004455,27937.014138391914,27546.360806771227,26233.39866217973,D,85.20993730728304,99999900.0,99999900.0,99999900.0,99999900.0,99999900.0,99999900.0,0.004047499505524267,0.0033803645303314383,0.005404483914605469,0.004277449316820391,0.0010314661929674734,0.41453493151594417,4017.328943471009
LLLILLLGLLLGTLLGFL,14,26623.68228271947,802.6244666709779,26943.146986351177,27217.38391065831,25710.51595114892,D,82.2536239883434,99999900.0,99999900.0,99999900.0,99999900.0,99999900.0,99999900.0,0.002340356002390594,0.0025774733847218193,0.004416058896855837,0.0031112960946560833,0.0011361604819540318,0.30152102760221666,2922.0918652664036
LLLTFLLGVLLGLLLLAL,17,29945.742559582588,978.9777352452064,30879.207638128428,30031.169070273885,28926.850970345447,D,98.40266185215344,99999900.0,99999900.0,99999900.0,99999900.0,99999900.0,99999900.0,0.009101239844687262,0.009444713051083296,0.01049601895552903,0.00968065728376653,0.0007267079555863541,0.938169059858901,9091.956869007998
LLLTFLLGLLLLVLLAIL,17,26380.23947028337,1201.4852681793652,27405.198447596144,26677.489054077458,25058.03090917651,D,80.95110486772961,99999900.0,99999900.0,99999900.0,99999900.0,99999900.0,99999900.0,0.003134011521197229,0.0012598221908818761,0.0031826416780659336,0.002525491796715013,0.0010963716917116314,0.24474973084509746,2371.9115154784754
LLLTLLLASLLGLLLGFL,17,26167.69049602077,1139.8642530439015,27072.229787511595,26543.45890373625,24887.38279681448,D,79.92973826578628,99999900.0,99999900.0,99999900.0,99999900.0,99999900.0,99999900.0,0.0025620786591006224,0.0009327122259415225,0.0028600590798426007,0.0021182833216282487,0.0010374884095652635,0.2052864608376619,1989.4662141256642
LLLFLLLGILLIVLLATL,14,25137.87734521914,1124.903998347131,24974.46349764093,26335.550640057183,24103.61789795932,D,75.03502836040808,99999900.0,99999900.0,99999900.0,99999900.0,99999900.0,99999900.0,-0.0010412078420098901,0.00042529755342392045,0.0013784785691096705,0.00025418942684123357,0.0012188843568100062,0.0246339322440024,238.73165195857132
LLLLTLLGALLGILLALL,16,26665.856928192527,1270.0892486722817,27946.73848433938,26643.98993628776,25406.84236395044,D,82.32614562834853,99999900.0,99999900.0,99999900.0,99999900.0,99999900.0,99999900.0,0.004064202798285634,0.0011780652487474006,0.0038420131988731723,0.0030280937486354027,0.0016060187241499256,0.2934577458997261,2843.9492227529836
LLLAFLLATLLGLLLLVL,16,27247.70120246478,1279.890085783045,28538.921566770565,27224.73145409953,25979.45058652425,D,85.16545293409821,99999900.0,99999900.0,99999900.0,99999900.0,99999900.0,99999900.0,0.005081382508634518,0.0025954055788687015,0.004924436236814758,0.004200408108105992,0.0013921863640343221,0.4070687361708013,3944.9727670012417
LLLALLLGFLLLVLLGTL,16,26837.373818834487,1395.7298660755885,27700.310627903946,27584.70433978288,25227.106488816644,D,83.17063203266798,99999900.0,99999900.0,99999900.0,99999900.0,99999900.0,99999900.0,0.0036409191499216643,0.003473944606957484,0.0035022516580504935,0.003539038471643214,8.935925660083236e-05,0.34297427317395673,3323.822360274778
LLLTVLLALLLGLLLLFL,17,26571.359300123542,811.432042827043,26933.984370494225,27138.2441011273,25641.849428749105,D,81.99204342389532,99999900.0,99999900.0,99999900.0,99999900.0,99999900.0,99999900.0,0.002324617580912645,0.0023843271392302487,0.004286255965548281,0.0029984002285637253,0.001115715289534766,0.29058009606738866,2816.061425895075
LLLYTLLALLLLVLLAFL,17,25747.47039382948,1351.1961838114105,26465.108392061924,26588.43383531081,24188.868954115707,D,77.86844065163037,99999900.0,99999900.0,99999900.0,99999900.0,99999900.0,99999900.0,0.0015192397407127927,0.0010424766950038712,0.0015396318735064302,0.0013671161030743646,0.0002813307994589975,0.13248956052705288,1283.978998504766
LLLSYLLIVLLGLLLGFL,15,26457.426614258307,1135.2737295878162,26836.127739389533,27354.945654938863,25181.206448446523,D,81.39872921690149,99999900.0,99999900.0,99999900.0,99999900.0,99999900.0,99999900.0,0.0021565314220272198,0.0029132024519070146,0.003415485071088561,0.0028284063150075985,0.0006337458964332748,0.27410569506466714,2656.4051871975275
LLLAYLLLVLLGLLLAFL,16,27598.23819122692,949.114394945543,28051.03831086121,28236.157038664045,26507.519224155498,D,86.98094425745929,99999900.0,99999900.0,99999900.0,99999900.0,99999900.0,99999900.0,0.004243356290640328,0.005063860524747808,0.005922664408281175,0.005076627074556437,0.0008397268467121455,0.4919846153191966,4767.907079956756
LLLYFLLATLLLVLLGLL,17,25577.40381273578,1050.256452474459,25916.4587926296,26416.25120665952,24399.50143891823,D,77.11540049748835,99999900.0,99999900.0,99999900.0,99999900.0,99999900.0,99999900.0,0.0005768365259123179,0.0006222529358117936,0.0019377984472666273,0.0010456293029969131,0.000772974772591095,0.10133372470467784,982.0424631456366
LLLLFLLLTLLGILLAVL,16,25802.28007324189,1076.5657874509443,26359.178651517854,26486.32331646223,24561.33825174559,D,78.18486006699078,99999900.0,99999900.0,99999900.0,99999900.0,99999900.0,99999900.0,0.0013372865812919116,0.0007932688253150805,0.002243724711831918,0.00145809337281297,0.0007327354777414873,0.14130632338904614,1369.4237558468706
LLLYGLLFLLLGVLLLTL,17,25198.13252070693,1149.097449898961,25368.362500546154,26252.61889303522,23973.41616853944,D,75.27579363682116,99999900.0,99999900.0,99999900.0,99999900.0,99999900.0,99999900.0,-0.00036461628516072533,0.00022289681902396355,0.001132353302395133,0.0003302112787527904,0.0007542325778345542,0.032001339977379806,310.1304607812985
LLLAFLLGTLLIYLLGLL,14,27109.30547585389,1594.4377143759468,28636.908434318528,27235.47788724531,25455.53010599783,D,84.42622200909646,99999900.0,99999900.0,99999900.0,99999900.0,99999900.0,99999900.0,0.0052496923717620485,0.0026216330012852353,0.0039340494840326284,0.003935124952359971,0.0013140300153199843,0.38135969167854417,3695.822018305516
LLLAVLLYTLLIGLLALL,14,27077.261990535208,709.459547418538,27542.162787028028,27428.963358945864,26260.65982563173,D,84.4635546264421,99999900.0,99999900.0,99999900.0,99999900.0,99999900.0,99999900.0,0.0033692721209081984,0.0030938478402846143,0.005456016725693826,0.003973045562295546,0.0012916529089474428,0.3850346428651946,3731.4365989971466
LLLSYLLGLLLGTLLIFL,14,27065.89762863306,1306.0088644358648,28150.86169035092,27430.49822497552,25616.332970572745,D,84.2802613039374,99999900.0,99999900.0,99999900.0,99999900.0,99999900.0,99999900.0,0.004414820689485577,0.0030975937882811687,0.004238021237006281,0.003916811904924342,0.0007149498259154526,0.37958494292004347,3678.6226244478244
LLLTYLLFALLLLLLGVL,17,25711.051984806058,923.888264154567,26177.593806908517,26308.638203961054,24646.9239435486,D,77.76660449121464,99999900.0,99999900.0,99999900.0,99999900.0,99999900.0,99999900.0,0.00102538233221209,0.0003596158690756375,0.0024055105906817566,0.0012635029306564947,0.0010435264095970862,0.12244823071783871,1186.6667533678497
LLLLYLLASLLGILLALL,16,25791.70679298937,1414.2089053382872,26508.943380659133,26703.586663623453,24162.59033468553,D,78.07731904113398,99999900.0,99999900.0,99999900.0,99999900.0,99999900.0,99999900.0,0.0015945341257219041,0.0013235152339910949,0.0014899564026431796,0.0014693352541187263,0.0001366811389460876,0.14239579333995045,1379.9819955368384
LLLFLLLIILLGTLLAYL,14,25181.41334120587,1404.1076940654414,25559.040123704028,26358.09140961109,23627.10849030249,D,75.13939965722459,99999900.0,99999900.0,99999900.0,99999900.0,99999900.0,99999900.0,-3.709357259441653e-05,0.00048030987952917697,0.0004777147653255443,0.0003069770240867683,0.00029797670257898076,0.02974966860656321,288.3091282916899
LLLALLLGILLLVLLGTL,16,26670.287177263526,845.3711739789702,26964.368813969057,27329.3415238938,25717.15119392772,D,82.47973089042324,99999900.0,99999900.0,99999900.0,99999900.0,99999900.0,99999900.0,0.0023768082637095193,0.0028507137776262103,0.004428601747906467,0.0032187079297473988,0.0010742573702073478,0.3119304923101886,3022.97176869082
LLLAVLLLSLLGILLTLL,16,26706.030779990204,1131.313609698069,27284.68463780167,27430.972192362064,25402.435509806877,D,82.58951808561089,99999900.0,99999900.0,99999900.0,99999900.0,99999900.0,99999900.0,0.0029270076303793456,0.003098750538869008,0.0038336827553660923,0.0032864803082048154,0.00048160854984996863,0.3184984294572268,3086.622771281129
LLLFLLLGTLLIILLAVL,14,25277.83331384449,1062.420149093571,25700.820509668523,26063.60996382253,24069.069468042417,D,75.64079970850797,99999900.0,99999900.0,99999900.0,99999900.0,99999900.0,99999900.0,0.00020643944313518707,-0.00023839270464500153,0.001313170361870389,0.0004270723667868582,0.000798965676730217,0.0413883137369214,401.1012294880579
LLLITLLGALLGLLLAFL,14,27142.98019672552,1279.5007693624152,28241.151047749267,27449.8374125573,25737.952129869995,D,84.65986283904175,99999900.0,99999900.0,99999900.0,99999900.0,99999900.0,99999900.0,0.004569908710624223,0.003144792429450684,0.004467922545944369,0.004060874562006426,0.0007949875153972119,0.39354630149247377,3813.9245390008177
LLLLYLLSTLLGGLLFLL,16,25159.122802109265,1339.372383343214,25373.470305746523,26378.395333419296,23725.502767161972,D,75.05951796462095,99999900.0,99999900.0,99999900.0,99999900.0,99999900.0,99999900.0,-0.00035584272176729083,0.0005298630269974578,0.0006637131982428745,0.0002792445011576805,0.000554058483039039,0.02706206236235427,262.26307636060267
LLLTVLLGLLLIALLSFL,15,27423.539166910254,602.8032297018374,27831.01918093716,27708.51355743941,26731.084762354185,D,86.17302863104472,99999900.0,99999900.0,99999900.0,99999900.0,99999900.0,99999900.0,0.0038654343244663505,0.0037761096701452814,0.006345278823331555,0.004662274272647729,0.0014582088196428676,0.45182897637632663,4378.751912794303
LLLALLLGILLIVLLGTL,14,26709.234362631712,897.8565537757703,27100.673375972285,27344.91609199871,25682.113619924145,D,82.6524412058994,99999900.0,99999900.0,99999900.0,99999900.0,99999900.0,99999900.0,0.002610935578404949,0.0028887246014131667,0.004362368893050522,0.0032873430242895455,0.0009413034309960489,0.3185820367490058,3087.433023850004
LLLYVLLATLLILLLGFL,15,25443.790825323405,1081.854861055372,25260.809736056894,26605.467513166,24465.09522674733,D,76.53654437340747,99999900.0,99999900.0,99999900.0,99999900.0,99999900.0,99999900.0,-0.0005493572767156831,0.001084048578284102,0.0020617928718889857,0.0008654947244858016,0.0013192234893667988,0.08387657451165954,812.8622339078612
LLLAVLLGSLLIILLTLL,14,25563.095045859565,1353.9525706016136,26169.737934065364,26507.642131723147,24011.90507179018,D,76.98017854112983,99999900.0,99999900.0,99999900.0,99999900.0,99999900.0,99999900.0,0.001011888474146558,0.0008452988864230904,0.0012051103358104841,0.0010207658987933775,0.0001800699205276501,0.09892416966489369,958.691053007987
LLLSYLLATLLLALLGLL,17,27424.34891367261,785.6297723533498,28032.780245711798,27702.86185073745,26537.40464456857,D,86.13664953100671,99999900.0,99999900.0,99999900.0,99999900.0,99999900.0,99999900.0,0.00421199481819845,0.0037623162842807885,0.0059791579518217765,0.004651156351433671,0.0011718548903092098,0.4507515196099902,4368.3100949313
LLLAYLLGVLLILLLGFL,14,26215.19752886346,1002.1928031338382,26782.273133951887,26805.278269070288,25058.041183568203,D,80.20874123298057,99999900.0,99999900.0,99999900.0,99999900.0,99999900.0,99999900.0,0.0020640265640108077,0.0015717007161961019,0.003182661100138185,0.002272796126781698,0.0008255221907449657,0.2202605611386874,2134.5827820389136
LLLYTLLGALLLILLSVL,17,25823.061856844728,1750.261255550546,26204.627283408325,27351.063694232347,23913.49459289351,D,78.23616306066657,99999900.0,99999900.0,99999900.0,99999900.0,99999900.0,99999900.0,0.0010718171335625548,0.002903728255038805,0.00101908127556783,0.0016648755547230634,0.0010732018810500259,0.1613459384184385,1563.631093643922
LLLALLLTVLLISLLGWL,14,26564.87630867538,1302.704880032572,27531.927913699437,27079.172333633556,25083.528678693147,D,81.84244590239744,99999900.0,99999900.0,99999900.0,99999900.0,99999900.0,99999900.0,0.003351691906618569,0.0022401583552316352,0.0032308410787257385,0.002940897113525314,0.0006098584558582597,0.28500737080781263,2762.0551919754475
LLLLFLLAVLLLILLSTL,16,25006.414206449102,1271.206470552754,24592.956297430308,26432.878914668112,23993.4074072489,D,74.42076435356675,99999900.0,99999900.0,99999900.0,99999900.0,99999900.0,99999900.0,-0.0016965142749682295,0.0006628340212607218,0.0011701434990479917,4.548774844682804e-05,0.0015297937814456608,0.004408295526278033,42.72154615372709
LLLTALLAALLIILLSLL,15,25872.201236853824,1074.8067000198932,26174.75608480156,26763.303237751312,24678.544388008595,D,78.55710067800608,99999900.0,99999900.0,99999900.0,99999900.0,99999900.0,99999900.0,0.001020508040060827,0.0014692577137211654,0.0024652839159749283,0.0016516832232523068,0.0007394617182800013,0.16006744700504852,1551.2410146216112
LLLVFLLGTLLGLLLIAL,15,28129.146789382583,1389.0387967933743,29182.43037926741,28650.06121653837,26554.948772341955,D,89.46294034337872,99999900.0,99999900.0,99999900.0,99999900.0,99999900.0,99999900.0,0.006186723284016365,0.006074022646990162,0.006012322281871288,0.006091022737625938,8.843460690544306e-05,0.5902914345413502,5720.615284202602
LLLYFLLGTLLGVLLLLL,17,26924.50604664716,1175.8168447886055,27847.00181195434,27325.9843225928,25600.532005394347,D,83.6191935443873,99999900.0,99999900.0,99999900.0,99999900.0,99999900.0,99999900.0,0.0038928873343056767,0.0028425202928239364,0.004208152073315384,0.0036478532334816654,0.0007150306447258286,0.35351969791323956,3426.0198756238233
LLLSYLLVALLGILLILL,15,26443.01282978452,696.8658300691626,26931.405657171115,26752.645198059065,25644.987634123387,D,81.36583542025053,99999900.0,99999900.0,99999900.0,99999900.0,99999900.0,99999900.0,0.002320188182388957,0.0014432460217161315,0.00429218823417629,0.0026852074794271263,0.0014591255079300152,0.260228050911857,2521.9145634076453
LLLAYLLGVLLIFLLGLL,14,26472.223981911568,1201.2855411991009,27056.988651700867,27269.16467634232,25090.518617691512,D,81.4391971758891,99999900.0,99999900.0,99999900.0,99999900.0,99999900.0,99999900.0,0.0025358992990863224,0.0027038479683834855,0.003244054425491226,0.0028279338976536783,0.00037002555201704883,0.2740599122906471,2655.961498501594
LLLYILLATLLGVLLILL,15,26669.523538183537,1050.9303891920977,26687.572475687328,27711.31321085661,25609.684928006674,D,82.49333235715922,99999900.0,99999900.0,99999900.0,99999900.0,99999900.0,99999900.0,0.0019013613494830238,0.0037829424203049537,0.004225454190032373,0.00330325265327345,0.0012340699280507725,0.3201238661133779,3102.375156009371
LLLFLLLIILLGVLLATL,14,25490.12321708418,974.1428317858312,25669.036825440035,26362.407904825228,24438.92492098728,D,76.7184471097908,99999900.0,99999900.0,99999900.0,99999900.0,99999900.0,99999900.0,0.00015184531561532243,0.0004908445882836423,0.0020123221504639156,0.0008850040181209601,0.0009908908897297015,0.08576725353599607,831.1851278061008
LLLAYLLAVLLLLLLGFL,16,25976.5062254278,271.826822071949,26125.24668513956,26141.503971565555,25662.768019578296,D,79.17177018920343,99999900.0,99999900.0,99999900.0,99999900.0,99999900.0,99999900.0,0.0009354668453664579,-4.8286925631709774e-05,0.004325799171080702,0.0017376596969384834,0.0022947314273566197,0.16839957416581508,1631.9890844675442
LLLTFLLGILLIVLLALL,15,26594.476084591264,1395.629197266529,27161.784181287818,27617.11526474481,25004.528807741164,D,82.01676406020991,99999900.0,99999900.0,99999900.0,99999900.0,99999900.0,99999900.0,0.0027159042495713773,0.0035530457383148102,0.003081504626782254,0.0031168182048894803,0.0004196864956642567,0.30205618475262946,2927.278164770276
LLLTFLLGILLIVLLGLL,15,26949.145364010903,1052.8944195931565,27914.0913360159,27107.176954216808,25826.1678018,D,83.75564650320827,99999900.0,99999900.0,99999900.0,99999900.0,99999900.0,99999900.0,0.0040081255176935195,0.002308505592281169,0.004634679975964027,0.003650437028646239,0.001203631009580293,0.3537700979232142,3428.446544961044
LLLALLLLLLLGTLLAFL,16,25556.81800447481,1089.6689611786828,25970.859181057225,26378.780347542,24320.81448482521,D,77.00129774402504,99999900.0,99999900.0,99999900.0,99999900.0,99999900.0,99999900.0,0.0006702788632322263,0.0005308026809175565,0.0017890535139282694,0.0009967116860260174,0.0006897228287804314,0.0965930347516226,936.0996257331553
LLLVLLLGALLIILLTFL,15,25111.48307332473,1211.3287473625558,25337.970955017,26193.58208066202,23802.896184295165,D,74.83837298321299,99999900.0,99999900.0,99999900.0,99999900.0,99999900.0,99999900.0,-0.00041681916699835657,7.881334544414445e-05,0.0008100129096117463,0.00015733569601917807,0.0006171738456097566,0.015247671484464256,147.76779305683144
LLLAYLLGLLLGFLLITL,14,27917.99199373809,972.6691383901906,28751.340754067514,28153.41625298293,26849.21897416384,D,88.50575098082679,99999900.0,99999900.0,99999900.0,99999900.0,99999900.0,99999900.0,0.005446250222383105,0.004861925844868802,0.006568592403875463,0.00562558949037579,0.000867352071359159,0.5451855022476854,5283.485977239447
LLLTALLALLLGLLLLFL,17,26639.783513544266,1360.4795730735589,27682.20676238741,27136.373439747316,25100.770338498067,D,82.1946665137107,99999900.0,99999900.0,99999900.0,99999900.0,99999900.0,99999900.0,0.003609822542759731,0.002379761659173231,0.0032634336421040813,0.0030843392813456813,0.0006342858479218935,0.29890859670430436,2896.774350477913
LLLFLLLGTLLGILLLVL,16,25736.478991400734,1285.0838534722757,25623.162310247382,27074.46867389661,24511.805990058223,D,77.9336547000722,99999900.0,99999900.0,99999900.0,99999900.0,99999900.0,99999900.0,7.304768113294905e-05,0.0022286787443550715,0.0021500919991706067,0.0014839394748862092,0.0012224997788915508,0.14381111336066607,1393.69810400254
LLLGYLLASLLLILLALL,16,26363.38201808455,1396.6371151026906,27307.28957633407,27023.84782656499,24759.008651354587,D,80.84833009974477,99999900.0,99999900.0,99999900.0,99999900.0,99999900.0,99999900.0,0.0029658356305553107,0.0021051350226346786,0.002617388564394421,0.00256278640586147,0.00043294044729740776,0.2483640152242593,2406.938163759342
LLLSYLLILLLGVLLGTL,14,28815.39319667334,1586.3623609964366,30270.228385927407,29051.892854442616,27124.05834965,D,92.76112108520644,99999900.0,99999900.0,99999900.0,99999900.0,99999900.0,99999900.0,0.008055209727076972,0.0070547208902746765,0.007088131697989165,0.007399354105113605,0.0005682332427478619,0.7170840657687875,6949.384366185836
LLLTGLLFLLLGVLLIIL,15,25679.1337926468,1085.8839538340144,26480.77082807068,26113.286836589385,24443.34371328033,D,77.55902786402781,99999900.0,99999900.0,99999900.0,99999900.0,99999900.0,99999900.0,0.0015461427587073924,-0.00011715281893463189,0.002020675161107699,0.0011498883669601532,0.001122648776464482,0.11143764896859985,1079.9613218523164
LLLGYLLATLLGILLILL,14,26785.889979237232,876.9602945974018,27128.184637453163,27440.08205517303,25789.403245085505,D,83.03491119978459,99999900.0,99999900.0,99999900.0,99999900.0,99999900.0,99999900.0,0.0026581910603913064,0.0031209837968122394,0.004565182540197902,0.003448119132467149,0.0009946945621090303,0.33416312446189184,3238.432010620146
LLLYFLLILLLGVLLATL,15,25197.4221100611,989.717504986433,24836.422481852227,26316.96409095112,24438.879757379957,D,75.37406306718542,99999900.0,99999900.0,99999900.0,99999900.0,99999900.0,99999900.0,-0.0012783178247533342,0.0003799357791442673,0.00201223677598427,0.0003712849101250677,0.001645294357633291,0.03598185586591746,348.706321277517
LLLAYLLGVLLILLLAFL,14,26210.749004917947,1001.2295120587796,26964.85979862508,26592.606131961737,25074.78108416702,D,80.17006999246496,99999900.0,99999900.0,99999900.0,99999900.0,99999900.0,99999900.0,0.002377651617133511,0.0010526594770699266,0.0032143051690612053,0.002214872087754881,0.001089977479498847,0.21464704341524252,2080.181221372813
LLLAFLLITLLGVLLGLL,14,27063.78757253153,1001.9149130321656,27696.69094364228,27586.030399348656,25908.64137460366,D,84.34611782071845,99999900.0,99999900.0,99999900.0,99999900.0,99999900.0,99999900.0,0.0036347016987683476,0.003477180948161057,0.004790582898249653,0.003967488515059686,0.0007171586082918657,0.3844960999101,3726.2174870808303
LLLSYLLVALLGILLLLL,17,27124.140149358627,876.4520095174275,27599.128939864077,27660.569110555218,26112.722397656595,D,84.67160363618325,99999900.0,99999900.0,99999900.0,99999900.0,99999900.0,99999900.0,0.003467121614689027,0.0036590978910832728,0.005176364995415941,0.00410086150039608,0.0009363463827689523,0.397421504104859,3851.4797905199553
LLLWTLLILLLGILLGFL,15,25230.24430574452,1151.1521490821317,25825.256215469,25962.117722543146,23903.358979221404,D,75.37880824437552,99999900.0,99999900.0,99999900.0,99999900.0,99999900.0,99999900.0,0.0004201798874983461,-0.0004860916246424862,0.0009999215406743145,0.00031133660117672483,0.0007489618999700065,0.030172162681084934,292.40359065174755
LLLYFLLATLLLILLALL,17,25236.767977551088,1526.341438526866,25341.678523013168,26707.94767424429,23660.67773539581,D,75.43535082606259,99999900.0,99999900.0,99999900.0,99999900.0,99999900.0,99999900.0,-0.00041045075990885077,0.0013341585857119921,0.000541171982359541,0.0004882932693875608,0.0008735059020528002,0.0473213361498652,458.5991647636635
LLLAVLLGSLLLILLTLL,16,26197.33258994278,1186.2884871392616,26451.4551713657,27235.967082841853,24904.57551562079,D,80.13966092952491,99999900.0,99999900.0,99999900.0,99999900.0,99999900.0,99999900.0,0.0014957879071749271,0.002622826917385656,0.002892559128195297,0.00233705798425196,0.0007409388458745849,0.22648828769076354,2194.9367455473334
LLLYLLLAILLITLLTFL,15,25077.81372741304,722.7150004489881,25160.656738650625,25755.537372991697,24317.247070596804,D,74.74443811368373,99999900.0,99999900.0,99999900.0,99999900.0,99999900.0,99999900.0,-0.000721387852925397,-0.0009902654297685117,0.0017823098955265836,2.35522042775583e-05,0.0015290504407075515,0.0022824844116457153,22.11994694003983
LLLYFLLATLLGVLLILL,15,25763.75535199337,1322.2303697967582,25907.75498211153,27008.091827821718,24375.41924604688,D,78.02390088298317,99999900.0,99999900.0,99999900.0,99999900.0,99999900.0,99999900.0,0.0005618861841609898,0.0020666814046734114,0.001892274964821804,0.001506947517885402,0.0008230796407038333,0.14604086217182813,1415.3069812158392
LLLAFLLGVLLLLLLGTL,16,26258.069087031035,1121.743295911267,26832.40807133056,26976.33933462564,24965.45985513691,D,80.40355873740992,99999900.0,99999900.0,99999900.0,99999900.0,99999900.0,99999900.0,0.0021501422309289416,0.0019891872221354107,0.0030076511040769585,0.002382326852380437,0.0005474937840138392,0.23087537115091122,2237.4527219390507
LLLALLLLVLLGFLLGTL,16,26902.090338300688,1099.1648793198603,27834.235276983763,27182.002313767407,25690.03342415089,D,83.52014310996668,99999900.0,99999900.0,99999900.0,99999900.0,99999900.0,99999900.0,0.0038709585411185843,0.002491122120554365,0.004377339999320152,0.0035798068869977,0.0009762332896479824,0.34692521005602084,3362.1115655586336
LLLAYLLGLLLLVLLGTL,16,26738.642617707577,1078.3544830211686,27639.397637419275,27032.79763695975,25543.732578743708,D,82.72693605155915,99999900.0,99999900.0,99999900.0,99999900.0,99999900.0,99999900.0,0.0035362902608907427,0.0021269776614513893,0.004100781963133984,0.0032546832951587056,0.0010165887652816073,0.315416926521903,3056.7593991252634
LLLAYLLGLLLLTLLAFL,16,25906.226850418017,1013.3019032262812,26347.82821688807,26623.7874632363,24747.064871129685,D,78.71256624579463,99999900.0,99999900.0,99999900.0,99999900.0,99999900.0,99999900.0,0.0013177901921656648,0.0011287596989532074,0.00259481078369572,0.001680453558271531,0.0007974772621241954,0.16285562939448947,1578.2617671835615
LLLLFLLAVLLGILLLTL,16,25751.200587783915,980.8476325535316,26340.827393492647,26293.83404938016,24618.94032047894,D,77.94314958234219,99999900.0,99999900.0,99999900.0,99999900.0,99999900.0,99999900.0,0.0013057650335199246,0.00032348529342829044,0.002352612086780567,0.0013272874712429274,0.0010147345945463663,0.1286296996740688,1246.5724266007833
LLLYTLLGALLIILLSVL,15,25507.7409558146,1093.6893479813311,25683.412913766315,26502.96125990065,24336.848693776825,D,76.7926212591225,99999900.0,99999900.0,99999900.0,99999900.0,99999900.0,99999900.0,0.00017653880280452306,0.0008338748910470562,0.0018193635871688982,0.0009432590936734924,0.0008268566960898544,0.09141285257551336,885.8975939950028
LLLGYLLATLLIILLSLL,14,26274.743177349337,1184.0297291480338,26908.343102883016,27007.152321614627,24908.73410755037,D,80.47145458269847,99999900.0,99999900.0,99999900.0,99999900.0,99999900.0,99999900.0,0.002280574145806951,0.002064388474003108,0.0029004202722245284,0.002415127630678196,0.0004339536520500579,0.23405415069409896,2268.2588183446333
LLLLFLLITLLGILLAVL,14,25813.46090720852,1108.6167672697477,26283.287800094145,26609.798232747336,24547.29668878408,D,78.24578493577025,99999900.0,99999900.0,99999900.0,99999900.0,99999900.0,99999900.0,0.0012069305536384733,0.0010946180026025177,0.002217181412872767,0.0015062433230379195,0.0006182461103505364,0.14597261744436238,1414.6456098860822
LLLATLLLILLGLLLGFL,16,26701.34414324354,1472.887063448096,27300.646254279352,27780.106681845253,25023.279493606013,D,82.52638814091905,99999900.0,99999900.0,99999900.0,99999900.0,99999900.0,99999900.0,0.00295442454401155,0.003950837702268997,0.0031169497593479174,0.003340737335209488,0.0005345750226297929,0.32375657077177067,3137.580318367762
LLLTGLLFLLLIVLLALL,15,26554.84827102014,1198.0320787049357,27534.233433902275,26911.255204205343,25219.056174952795,D,81.80703923964954,99999900.0,99999900.0,99999900.0,99999900.0,99999900.0,99999900.0,0.003355652047395468,0.0018303448455077717,0.0034870338444645786,0.0028910102457892725,0.0009209091229138818,0.2801727491048307,2715.2020459037867
LLLVYLLLTLLGALLLFL,17,26400.144303430443,1246.8428181466925,27336.80448319486,26878.71325457465,24984.91517252181,D,81.04785242884708,99999900.0,99999900.0,99999900.0,99999900.0,99999900.0,99999900.0,0.0030165327296490206,0.0017509239392737063,0.00304442822832646,0.0026039616324163954,0.0007388839686671152,0.25235437687576506,2445.6094412289813
LLLVLLLIALLGILLTFL,15,25386.148028529537,1188.397582357345,26015.27978137819,26127.723118984613,24015.4411852258,D,76.13218059745024,99999900.0,99999900.0,99999900.0,99999900.0,99999900.0,99999900.0,0.0007465791404750402,-8.192006110998856e-05,0.0012117947851365632,0.0006254846215005383,0.000655303317360697,0.06061678480172842,587.4476323469275
LLLALLLLILLGLLLGFL,16,25470.763208786557,975.9718111056096,25805.354387043997,26235.43196106097,24371.50327825469,D,76.60311003708792,99999900.0,99999900.0,99999900.0,99999900.0,99999900.0,99999900.0,0.00038599495943581803,0.0001809509083373309,0.001884872462400428,0.0008172727767245257,0.0009302352295866802,0.0792033030519184,767.5727606486143
LLLALLLGTLLGYLLIFL,14,28189.50051403179,1000.590530442239,29109.998969919663,28333.97713648761,27124.52543568809,D,89.82308542491522,99999900.0,99999900.0,99999900.0,99999900.0,99999900.0,99999900.0,0.0060623094630776935,0.005302597321566057,0.007089014648440098,0.006151307144361282,0.0008965278338648165,0.5961336995377456,5777.233673826889
LLLTALLGVLLGLLLLFL,17,26290.63717545007,1168.007467420976,27374.0710307675,26444.52771958501,25053.31277599769,D,80.51622355845569,99999900.0,99999900.0,99999900.0,99999900.0,99999900.0,99999900.0,0.003080544649594479,0.0006912637451568988,0.003173722811993987,0.0023151770689151217,0.001407121673771194,0.22436777074974582,2174.386453075917
LLLLLLLFALLGILLSTL,16,25837.415486120783,980.6913785570156,25711.857477217138,26874.83902566023,24925.549955484978,D,78.45966071004482,99999900.0,99999900.0,99999900.0,99999900.0,99999900.0,99999900.0,0.0002253973968277165,0.0017414686123853834,0.002932207907276516,0.0016330246388298719,0.0013566598160258908,0.15825921166598247,1533.7170965824926
LLLYLLLGSLLGTLLLFL,17,25350.71479799067,1553.9245193662553,25933.879538888825,26528.69718474609,23589.567670337085,D,75.92408499394303,99999900.0,99999900.0,99999900.0,99999900.0,99999900.0,99999900.0,0.0006067597543187593,0.0008966852173241549,0.000406749929698278,0.0006367316337803974,0.0002463389568949863,0.061706752004111555,598.0106909860509
LLLLYLLGVLLGTLLLFL,16,25730.382261868665,1076.36503901197,26362.40898852013,26341.174358068238,24487.563439017624,D,77.82589799674567,99999900.0,99999900.0,99999900.0,99999900.0,99999900.0,99999900.0,0.0013428352593169797,0.0004390226309288508,0.0021042653855972452,0.0012953744252810252,0.0008336352656104688,0.12553695179035662,1216.6000777262043
LLLGYLLFALLLVLLSLL,16,26474.63954646335,1012.8521703269984,27443.381016979463,26557.74082938136,25422.796793029225,D,81.44536182711715,99999900.0,99999900.0,99999900.0,99999900.0,99999900.0,99999900.0,0.003199596871434273,0.0009675682653114693,0.003872172461194726,0.0026797791993134895,0.0015204733450055801,0.25970198699888275,2516.8163880235384
LLLALLLGTLLLLLLGFL,16,26396.25922289324,988.1674385225276,26762.78720583673,27148.7931876309,25277.19727521209,D,81.11728010286113,99999900.0,99999900.0,99999900.0,99999900.0,99999900.0,99999900.0,0.0020305560186607394,0.0024100729233509184,0.003596940171148211,0.0026791897043866226,0.0008171338382830796,0.2596448580369622,2516.2627414794592
LLLITLLGALLGFLLALL,14,29586.38501733367,1095.2712025433443,30811.672941376324,29245.073203273416,28702.408907351262,D,96.63175075645488,99999900.0,99999900.0,99999900.0,99999900.0,99999900.0,99999900.0,0.008985236998069657,0.007526191055549718,0.010071747612417595,0.008861058555345656,0.0012773134933450276,0.8587403448486542,8322.199602505836
LLLYLLLIVLLGTLLAFL,15,25078.36100432817,1019.8632340091294,25185.111814471573,26040.650019468107,24009.32117904482,D,74.71325464639024,99999900.0,99999900.0,99999900.0,99999900.0,99999900.0,99999900.0,-0.0006793819130765453,-0.0002944280561960417,0.0012002259053659147,7.547197869777588e-05,0.0009929002541284504,0.00731411857946019,70.88237451495526
LLLTYLLVLLLGALLGFL,13,27815.367676567286,658.0344275961144,28467.683816147648,27826.658933986357,27151.76027956785,D,88.06436157819188,99999900.0,99999900.0,99999900.0,99999900.0,99999900.0,99999900.0,0.004959019008740134,0.004064451732597285,0.007140497706642942,0.00538798948266012,0.0015822536014280318,0.5221592789937258,5060.3349081638635
LLLVYLLITLLGILLALL,15,26490.66194019209,1000.83811875634,27157.93181757619,26974.180673098952,25339.87332990113,D,81.54432256518231,99999900.0,99999900.0,99999900.0,99999900.0,99999900.0,99999900.0,0.00270928713010173,0.001983918857558366,0.0037154190941677957,0.0028028750272759643,0.000869535673918988,0.27163141428950316,2632.4265088844845
LLLTVLLLILLGLLLGFL,17,26411.14271614312,1148.9617833661462,27207.42100472273,26932.00784006346,25093.999303643173,D,81.12588937219726,99999900.0,99999900.0,99999900.0,99999900.0,99999900.0,99999900.0,0.002794293606207825,0.00188099310614679,0.00325063409814242,0.0026419736034990118,0.0006974095992726248,0.2560381820274837,2481.309827210898
LLLAYLLILLLGVLLGTL,14,27814.15819389676,1116.820157882496,28731.602614408424,28140.29843433321,26570.573532948645,D,87.97230971780846,99999900.0,99999900.0,99999900.0,99999900.0,99999900.0,99999900.0,0.005412346458873292,0.004829910890116606,0.006041858359378144,0.005428038569456013,0.0006061260997624727,0.5260405045144884,5097.948528718534
LLLAYLLLTLLGVLLGLL,16,27540.36055701729,1003.935866546136,28261.25188803612,27966.123509359502,26393.706273656248,D,86.66523025457097,99999900.0,99999900.0,99999900.0,99999900.0,99999900.0,99999900.0,0.0046044354769357665,0.004404824792275222,0.005707519471865921,0.004905593247025637,0.0007016233739853637,0.4754094344740165,4607.274166563673
LLLLYLLGVLLGTLLIFL,14,25431.09043794446,1081.3976371764943,25221.892086939428,26601.803062918225,24469.57616397573,D,76.47895270088122,99999900.0,99999900.0,99999900.0,99999900.0,99999900.0,99999900.0,-0.0006162052570636588,0.0010751052309176772,0.0020702633574607586,0.0008430544437715923,0.0013581841112557326,0.08170184851491107,791.7865922028136
LLLYFLLITLLGVLLGLL,15,25565.065983414537,1112.6851188710432,25218.54282039439,26809.779592257124,24666.8755375921,D,77.15366815492466,99999900.0,99999900.0,99999900.0,99999900.0,99999900.0,99999900.0,-0.0006219582177193024,0.001582686510557167,0.002443225845519118,0.0011346513794523276,0.0015809459017976535,0.10996100644048665,1065.6509264758504
LLLYLLLAILLGVLLLTL,17,25277.597818758568,1059.7320697302573,25769.212351633905,26002.238089756127,24061.34301488567,D,75.63187658929752,99999900.0,99999900.0,99999900.0,99999900.0,99999900.0,99999900.0,0.0003239145890224525,-0.00038817505975747706,0.0012985647544607615,0.00041143476124191235,0.0008467689387467146,0.03987284662941957,386.4145784702987
LLLAYLLIVLLGLLLAFL,14,28077.02711695432,1525.406037743517,29728.14086906801,27782.72452386388,26720.215957931065,D,89.16949534919759,99999900.0,99999900.0,99999900.0,99999900.0,99999900.0,99999900.0,0.007124078055569177,0.003957226728982406,0.006324733110156871,0.005802012631569486,0.001646865008198021,0.5622829707004313,5449.180469194842
LLLAYLLTVLLILLLGFL,14,26557.49014568654,933.0487302468614,26847.040514896344,27311.436481232977,25513.993440930302,D,81.92017314044178,99999900.0,99999900.0,99999900.0,99999900.0,99999900.0,99999900.0,0.0021752760538116147,0.0028070152675363017,0.004044564943138956,0.003008952088162291,0.0009508649207874172,0.2916026948341015,2825.971605498154
LLLAYLLGVLLLTLLGLL,16,26818.76453530709,1512.50990775043,28075.83854628006,27240.2322532602,25140.22280638101,D,83.03254391387942,99999900.0,99999900.0,99999900.0,99999900.0,99999900.0,99999900.0,0.0042859551034540345,0.002633236364382908,0.0033380121382845904,0.0034190678687071774,0.0008293354756640812,0.3313477167875483,3211.1474131642717
LLLYFLLGTLLGLLLIVL,15,26160.468765183887,905.2275704576616,26695.41797341224,26670.688807302136,25115.299514837287,D,79.95617185174899,99999900.0,99999900.0,99999900.0,99999900.0,99999900.0,99999900.0,0.0019148373864387015,0.0012432257125626455,0.0032908986951227007,0.0021496539313746823,0.001043836801520406,0.20832664029968714,2018.9291134318244
LLLALLLITLLGYLLGFL,14,26789.86349533006,1392.2143515667478,27863.798526309976,27288.87786319234,25216.914096487868,D,82.92087304988523,99999900.0,99999900.0,99999900.0,99999900.0,99999900.0,99999900.0,0.00392173867699,0.0027519593809496676,0.0034829845923090757,0.003385560883416248,0.000590943681455331,0.3281004975164136,3179.678055645907
LLLAFLLGLLLGTLLIVL,14,31684.218291684832,1232.2044754352032,33018.901733487925,31443.83435782439,30589.918783742185,D,106.84344838554829,99999900.0,99999900.0,99999900.0,99999900.0,99999900.0,99999900.0,0.012776544804797993,0.012892421581639397,0.01363977911109984,0.013102915165845745,0.0004685339140746736,1.2698259263000788,12306.100304357538
LLLIYLLGLLLGTLLAFL,14,27467.473722469284,1234.1141801438748,28426.96752339357,27900.17766677801,26075.275977236262,D,86.25992550905251,99999900.0,99999900.0,99999900.0,99999900.0,99999900.0,99999900.0,0.004889081538219966,0.004243879346792411,0.005105578606828604,0.00474617983061366,0.00044827120944170555,0.459960407551546,4457.5550035075275
LLLTGLLFLLLGSLLIYL,15,25270.372275683545,1179.366914596947,25632.60602144193,26226.13549952577,23952.37530608293,D,75.59944748632218,99999900.0,99999900.0,99999900.0,99999900.0,99999900.0,99999900.0,8.926893382063493e-05,0.00015826224314441093,0.0010925789621687304,0.0004467033797112588,0.0005604074144708876,0.04329078878582605,419.53844067855107
LLLAYLLTVLLGLLLIFL,14,26778.506130965747,1448.5877336157869,27585.497504134542,27643.86036249833,25106.160526264364,D,82.88255808631561,99999900.0,99999900.0,99999900.0,99999900.0,99999900.0,99999900.0,0.003443707200703943,0.0036183190217231194,0.0032736229184488147,0.0034452163802919586,0.00017235300728561193,0.3338818137823196,3235.7057806953953
LLLYGLLFILLGVLLILL,15,25388.14950521377,1018.9081472551854,25239.663418436525,26473.153511475502,24451.631585729283,D,76.26560421892248,99999900.0,99999900.0,99999900.0,99999900.0,99999900.0,99999900.0,-0.0005856798361912518,0.000761126994268019,0.0020363420406958824,0.00073726306625755,0.001311173823721992,0.0714494251231689,692.4286030419391
LLLYLLLGVLLGFLLITL,15,25698.74589004681,827.8937666164395,26029.574190816416,26310.07015467685,24756.59332464716,D,77.73279515301657,99999900.0,99999900.0,99999900.0,99999900.0,99999900.0,99999900.0,0.000771132329654794,0.0003631106450439397,0.002612822780723832,0.0012490219184741885,0.0011985762460865069,0.12104485105190825,1173.0663609232283
LLLAYLLGTLLIFLLGLL,14,26829.751490984243,1014.4616802663194,27251.32990602232,27565.448538362365,25672.47602856805,D,83.22462592721688,99999900.0,99999900.0,99999900.0,99999900.0,99999900.0,99999900.0,0.0028697149494219735,0.0034269494755521444,0.004344150588627275,0.003546938337867131,0.000744505277919116,0.3437398627254773,3331.241819602114
LLLSYLLGVLLGTLLLLL,17,26740.121257341398,804.7619129465453,27115.349456227577,27288.743930682613,25816.270385113992,D,82.81544288402314,99999900.0,99999900.0,99999900.0,99999900.0,99999900.0,99999900.0,0.0026361443550586964,0.0027516325092834773,0.004615970513866388,0.003334582459402854,0.001111215950224322,0.32316009122706646,3131.7997330492567
LLLIYLLALLLGTLLGFL,14,26201.105423106976,1046.1104114685622,26603.33176737583,26986.40366056036,25013.58084138474,D,80.15367240087816,99999900.0,99999900.0,99999900.0,99999900.0,99999900.0,99999900.0,0.0017566629583569424,0.002013749914151151,0.003098616029255638,0.0022896763005879105,0.0007122577055902209,0.22189644766227967,2150.43643822038
LLLIVLLGFLLGILLSLL,14,28097.36510228338,1357.7955703604746,29166.229344439875,28556.288775857756,26569.57718655251,D,89.31087638682754,99999900.0,99999900.0,99999900.0,99999900.0,99999900.0,99999900.0,0.0061588951268093575,0.005845164440793129,0.006039974928001452,0.006014678165201313,0.00015838775360859863,0.5828927514109138,5648.913380156116
LLLYGLLFTLLGVLLILL,15,26395.014205924446,883.5250989593211,27265.15192220109,26421.206517326467,25498.684178245778,D,81.08243883632895,99999900.0,99999900.0,99999900.0,99999900.0,99999900.0,99999900.0,0.002893456719206137,0.0006343467184003194,0.00401562526331888,0.002514476233641779,0.001722202312712009,0.24368219378131128,2361.565831150034
LLLIVLLGLLLGLLLGFL,14,27097.78779440041,1245.783400224163,28155.260046322077,27413.61700492095,25724.486331958225,D,84.44656431931445,99999900.0,99999900.0,99999900.0,99999900.0,99999900.0,99999900.0,0.004422375647716373,0.003056393988936449,0.004442467637493266,0.003973745758048697,0.0007945134506308409,0.3851025000335867,3732.0942144256137
LLLAYLLGVLLLLLLAFL,16,25947.805158702195,1133.956220037497,26887.07333273461,26268.226881043207,24688.11526232877,D,78.85453039439243,99999900.0,99999900.0,99999900.0,99999900.0,99999900.0,99999900.0,0.002244039534669596,0.0002609892064240017,0.0024833761026550913,0.0016628016145828963,0.0012198889371352413,0.1611449493311823,1561.6832740124055
LLLLVLLITLLGGLLSIL,14,26133.32321796796,866.5349300914701,26487.81649248564,26766.405942024587,25145.747219393656,D,79.84791141167096,99999900.0,99999900.0,99999900.0,99999900.0,99999900.0,99999900.0,0.001558244939775115,0.0014768300807107382,0.003348455145702669,0.0021278433887295073,0.0010578643064046301,0.20621294329661805,1998.444914145881
LLLWTLLGILLGLLLLFL,17,25680.51170308716,1073.0748150628394,26708.969099180173,25764.777864699736,24567.788145381583,D,77.55511953028338,99999900.0,99999900.0,99999900.0,99999900.0,99999900.0,99999900.0,0.001938113853788861,-0.0009677133628570509,0.0022559171903689702,0.0010754392271002601,0.0017765427435252755,0.10422265545087828,1010.0395852698258
LLLYFLLAVLLLTLLTLL,17,25517.724657487324,950.1056737123037,26308.25997705737,25781.237099560665,24463.67689584393,D,76.79046513661552,99999900.0,99999900.0,99999900.0,99999900.0,99999900.0,99999900.0,0.0012498247066189147,-0.0009275434479192748,0.0020591117471954533,0.0007937976686316978,0.0015446675396854801,0.07692829016343761,745.5252215178573
LLLAVLLIFLLGTLLGLL,14,26970.453121009832,1003.4677033963836,27718.16315200178,27363.17798649504,25830.018224532672,D,83.88011093486887,99999900.0,99999900.0,99999900.0,99999900.0,99999900.0,99999900.0,0.003671584033518608,0.002933294033389711,0.004641958576073761,0.0037489455476606933,0.0008569552104743807,0.3633167270376296,3520.964561027077
LLLLFLLGVLLIILLATL,14,25457.72699050876,1560.9355293096858,25533.77398049921,26979.24906014009,23860.157930886984,D,76.51511492227102,99999900.0,99999900.0,99999900.0,99999900.0,99999900.0,99999900.0,-8.049266485014259e-05,0.0019962886109542253,0.0009182569607103467,0.0009446843022714764,0.0010386428260809372,0.09155097197911168,887.2361327659124
LLLGALLLLLLGTLLSFL,16,25875.93783432711,1362.5566295061108,26961.18588796431,26319.84209659532,24346.785518421697,D,78.46122976976822,99999900.0,99999900.0,99999900.0,99999900.0,99999900.0,99999900.0,0.002371341022500472,0.0003869597533991265,0.001838147543625634,0.001532149439841744,0.0010269704888308958,0.14848322354620164,1438.9763231547802
LLLVILLFALLGTLLSYL,15,25306.632501353422,1185.1824363304252,26350.93936045389,25550.45870300294,24018.499440603435,D,75.70988352127011,99999900.0,99999900.0,99999900.0,99999900.0,99999900.0,99999900.0,0.001323134134275836,-0.0014907742807938897,0.0012175759212539928,0.0003499785915786464,0.0015950122215659971,0.03391702408292792,328.6956831996408
LLLAFLLLVLLGLLLGTL,16,26768.313391547203,1268.8449951076718,27893.504573068058,27018.383922500096,25393.05167907346,D,82.83053400921334,99999900.0,99999900.0,99999900.0,99999900.0,99999900.0,99999900.0,0.003972764092834274,0.0020917999822534284,0.0038159441442711605,0.003293502739786288,0.0010436547619607707,0.3191789853163585,3093.21815454724
LLLTFLLLVLLGLLLGIL,17,26714.221221859603,1688.32951974188,28299.1442890312,26904.852115562506,24938.66726098511,D,82.47866130966482,99999900.0,99999900.0,99999900.0,99999900.0,99999900.0,99999900.0,0.004669522411385768,0.0018147176594146698,0.002957004047306149,0.0031470813727021954,0.0014368627579527129,0.3049890401221525,2955.7009679340813
LLLAYLLITLLGLLLGFL,14,27891.06764084507,1389.3101359004984,28988.871543181333,28355.2316291534,26329.099750200483,D,88.2970327742513,99999900.0,99999900.0,99999900.0,99999900.0,99999900.0,99999900.0,0.005854251576082385,0.005354470398877632,0.005585391310528143,0.005598037761829387,0.0002501304775910529,0.5425154170964207,5257.60972521774
LLLITLLGLLLGVLLAIL,14,27703.844184601265,858.1816030252277,28329.55384123777,28056.45252803996,26725.52618452606,D,87.49043087338244,99999900.0,99999900.0,99999900.0,99999900.0,99999900.0,99999900.0,0.004721756222892721,0.004625279086017642,0.0063347712328671564,0.005227268847259173,0.0009603374980080875,0.5065835672425331,4909.388020758256
LLLAALLALLLGFLLLTL,16,26880.94919985879,1171.0594037551232,27622.9442701418,27488.96270340893,25530.940626025644,D,83.42228048319929,99999900.0,99999900.0,99999900.0,99999900.0,99999900.0,99999900.0,0.0035080286778464316,0.0032402804408136303,0.004076600849806526,0.0036083033228221963,0.0004270822051353496,0.3496868484058907,3388.8750752917217
LLLTYLLFVLLLGLLALL,17,25886.30446253469,1179.2784258007705,26761.984773026143,26351.562087666214,24545.3665269117,D,78.55242724625289,99999900.0,99999900.0,99999900.0,99999900.0,99999900.0,99999900.0,0.0020291776976683615,0.0004643746122252504,0.00221353275468859,0.001569028354860734,0.0009610887654640277,0.1520572222962659,1473.612556511655
LLLTLLLGVLLILLLAFL,15,25901.818993069817,858.0378552590769,26258.70612611391,26523.81445717925,24922.936395916284,D,78.7180540333736,99999900.0,99999900.0,99999900.0,99999900.0,99999900.0,99999900.0,0.001164707158946997,0.0008847685788727574,0.002927267396510759,0.001658914378110171,0.0011073079682806888,0.16076823059399684,1558.0324282781062
LLLTLLLGVLLGLLLIFL,15,26649.90154240269,1091.5403758980274,27536.30739710521,26982.69725408209,25430.699976020776,D,82.29258122956263,99999900.0,99999900.0,99999900.0,99999900.0,99999900.0,99999900.0,0.0033592144478635398,0.0020047041696669757,0.0038871121477131476,0.0030836769217478873,0.0009709817944618835,0.2988444063024612,2896.152270311412
LLLLFLLIVLLGILLSTL,14,25665.128321883127,1316.580788095553,25836.22665926469,26887.79511043765,24271.36319594704,D,77.53895724283102,99999900.0,99999900.0,99999900.0,99999900.0,99999900.0,99999900.0,0.00043902357481998656,0.0017730888442997544,0.001695573867238889,0.0013025620954528767,0.0007488499351537777,0.12623352120398618,1223.3506510886882
LLLYLLLAVLLGFLLLTL,17,25910.313536642323,1207.4693488293146,26818.75631909108,26372.078505373625,24540.105785462263,D,78.66334267341165,99999900.0,99999900.0,99999900.0,99999900.0,99999900.0,99999900.0,0.002126692919726571,0.0005144463659305773,0.0022035881756255617,0.0016149091537609034,0.0009538039529402322,0.15650360901444127,1516.7032509230232
LLLYLLLGVLLGFLLLTL,17,25660.323681465576,1037.1463562221595,25856.26128998341,26585.52588168301,24539.183872730315,D,77.54072071820207,99999900.0,99999900.0,99999900.0,99999900.0,99999900.0,99999900.0,0.00047343661442887083,0.001035379630598464,0.002201845449027003,0.001236887231351446,0.0008816480362084043,0.1198688577617919,1161.66960874981
LLLYFLLAVLLGLLLITL,15,25818.90047559912,859.4453452283099,26303.418924954694,26326.693052872477,24826.589448970182,D,78.29873530249674,99999900.0,99999900.0,99999900.0,99999900.0,99999900.0,99999900.0,0.0012415093390887144,0.00040367999180760327,0.00274513910896883,0.0014634428132883825,0.0011864015127949342,0.14182474681779458,1374.4478859911464
LLLTYLLAVLLILLLAFL,15,26123.434421745,1278.5114907754155,26523.68462917804,27153.935768513005,24692.68286754396,D,79.74981626744251,99999900.0,99999900.0,99999900.0,99999900.0,99999900.0,99999900.0,0.001619854840452696,0.0024226237520097353,0.0024920104200089727,0.0021781630041571346,0.0004847521342586083,0.21108950331877294,2045.7044916438101
LLLYFLLISLLGILLALL,15,25146.61888771348,1033.1628061298015,25322.006762176225,26080.86169220764,24036.988208756586,D,75.03543157256529,99999900.0,99999900.0,99999900.0,99999900.0,99999900.0,99999900.0,-0.00044424050599214943,-0.00019628865378146769,0.0012525259408366256,0.00020399892702100284,0.0009164751520251421,0.01976988503626222,191.59333828593364
LLLLVLLGILLITLLAFL,14,25761.603638464618,1260.2613490785857,25789.095363819662,27007.894212466257,24487.82133910793,D,78.03696050347304,99999900.0,99999900.0,99999900.0,99999900.0,99999900.0,99999900.0,0.0003580671968493101,0.0020661991105639754,0.002104752903918201,0.0015096730704438285,0.0009975062229472787,0.1463050001333716,1417.8667873921188
LLLSTLLGALLLFLLALL,16,26335.679078456917,957.080429640053,27184.237376240813,26524.55941962163,25298.24043950829,D,80.78052360464672,99999900.0,99999900.0,99999900.0,99999900.0,99999900.0,99999900.0,0.0027544716031758245,0.0008865867118658793,0.0036367188626294706,0.0024259257258903914,0.001404194967508727,0.23510061257540946,2278.4002594739823
LLLAYLLFTLLLALLGLL,16,27315.147156738876,1406.5490003765449,28426.298635513736,27785.43051287703,25733.71232182585,D,85.48131037593042,99999900.0,99999900.0,99999900.0,99999900.0,99999900.0,99999900.0,0.004887932604385057,0.003963830884606845,0.004459907876013845,0.004437223788335248,0.00046246829404794865,0.43001894890615855,4167.387205136527
LLLTFLLGVLLLILLALL,17,26304.4895067659,798.1634757676339,26767.744997977865,26762.86951216417,25382.854010155672,D,80.67936807874823,99999900.0,99999900.0,99999900.0,99999900.0,99999900.0,99999900.0,0.00203907190795867,0.0014681991760619672,0.0037966671039934338,0.0024346460626713568,0.001213589678086814,0.23594571533234415,2286.5902948787802
LLLLLLLGLLLGTLLGFL,16,25656.63329494885,940.3701103238262,25544.299878368314,26648.124464070726,24777.475542407494,D,77.5788320078106,99999900.0,99999900.0,99999900.0,99999900.0,99999900.0,99999900.0,-6.241256417975106e-05,0.0011881558532471233,0.002652297228864826,0.0012593468393107328,0.0013587543679729477,0.12204545679492755,1182.7634023709406
VVIIAIVCCVVGTSLVWVVIIL,N,28404.79374173373,1445.9429977814036,29506.58909938796,28940.305928114856,26767.48619769839,D,90.79761712718654,99999900.0,99999900.0,99999900.0,99999900.0,99999900.0,99999900.0,0.006743523508172719,0.0067823851847192305,0.006414089837000902,0.006646666176630951,0.00020235210103378,0.644139790857222,6242.468918092973
LLLTFLLGVLLIILLGLL,15,25693.87713410143,1086.526752647526,25762.01157331595,26744.733256423664,24574.88657256467,D,77.71784532312158,99999900.0,99999900.0,99999900.0,99999900.0,99999900.0,99999900.0,0.0003115459722533398,0.0014239363742645887,0.0022693356164641917,0.00133493932099404,0.00098192435012222,0.1293712535248823,1253.7589518403356
LLLIYLLATLLGILLSLL,14,26797.687797940955,1132.8231305528816,27852.32256468127,26940.51769442992,25600.22313471168,D,82.99929077427633,99999900.0,99999900.0,99999900.0,99999900.0,99999900.0,99999900.0,0.0039020266729294694,0.00190176200147649,0.004207568203350749,0.0033371189592522354,0.0012524081219312969,0.32340590776712896,3134.18198319538
IIVAMTAVGGSICVMLVVICLL,P,28580.62168638101,1278.3820788893222,28937.703280245463,29642.496259846062,27161.66551905152,D,91.75454144744104,99999900.0,99999900.0,99999900.0,99999900.0,99999900.0,99999900.0,0.005766360988836149,0.008496129847463443,0.007159221956471663,0.007140570930923751,0.001364980000200857,0.6920049456098579,6706.338321977184
LLLALLLGVLLILLLGFL,14,26376.810046058672,1063.6001563845814,26165.15179368989,27530.325137031392,25434.95320745473,D,81.09941211153496,99999900.0,99999900.0,99999900.0,99999900.0,99999900.0,99999900.0,0.0010040109628208485,0.0033412283557241666,0.003895152192386479,0.0027467971703104984,0.001534498526544679,0.26619681322822863,2579.7588602020555
LLLTFLLALLLLVLLAIL,17,26678.673239055897,1260.553535718543,27665.058110806087,27112.453769345026,25258.507837016583,D,82.40240297468539,99999900.0,99999900.0,99999900.0,99999900.0,99999900.0,99999900.0,0.003580366685330047,0.002321384029014948,0.003561610817374578,0.0031544538439065243,0.0007215205700520981,0.30570351892001274,2962.625104203234
LLLFYLLGTLLGILLILL,14,25407.80472739376,1115.9773315783978,25149.01381372261,26630.441169487287,24443.95919897138,D,76.37007070985833,99999900.0,99999900.0,99999900.0,99999900.0,99999900.0,99999900.0,-0.0007413866461318354,0.0011449985348639597,0.0020218386370503285,0.0008084835085941509,0.0014120146116748634,0.07835152003997882,759.3179857496498
LLLALLLGVLLGTLLGFL,13,30379.026637903244,1136.6955572717245,31593.943085852254,30201.754778541217,29341.382049316264,D,100.48784596791994,99999900.0,99999900.0,99999900.0,99999900.0,99999900.0,99999900.0,0.010328925027295101,0.009861039414282907,0.011279622774216696,0.0104898624052649,0.0007228556681600449,1.0165905126400243,9851.952584916766
LLLYTLLIVLLGILLALL,15,26901.998547786145,822.4398707442318,27362.063149597518,27391.45409431772,25952.478399443204,D,83.59465365724476,99999900.0,99999900.0,99999900.0,99999900.0,99999900.0,99999900.0,0.003059918979167959,0.0030023038540530444,0.004873449688719159,0.0036452241739800537,0.0010640645243370377,0.35326491125892057,3423.550694565757
LLLTALLFLLLILLLGVL,15,26799.18806601217,1456.2925504428003,27845.170415419656,27416.47259745199,25135.92118516487,D,82.96006522778866,99999900.0,99999900.0,99999900.0,99999900.0,99999900.0,99999900.0,0.0038897415852089034,0.0030633632624195734,0.003329880620570923,0.0034276618227331336,0.0004217773769611663,0.33218057157546876,3219.218751405866
LLLIFLLALLLGVLLGTL,14,27730.11950766527,1212.4661187396127,28600.89016784808,28244.15133147151,26345.317023676223,D,87.55231254848967,99999900.0,99999900.0,99999900.0,99999900.0,99999900.0,99999900.0,0.005187824596503648,0.005083371155999918,0.005616047437581012,0.005295747730028193,0.00028226150517221234,0.5132199729311563,4973.702563699244
LLLSYLLATLLGALLILL,14,28279.63004984907,1073.3071313134178,29303.93016544105,28371.71103480654,27163.24894929962,D,90.24737414382211,99999900.0,99999900.0,99999900.0,99999900.0,99999900.0,99999900.0,0.006395420764532306,0.00539468954204589,0.007162215174717491,0.006317441827098562,0.0008863392417975509,0.6122340958791135,5933.265369363369
LLLTYLLVALLGLLLLFL,17,26163.67347458818,1033.2883032949762,26676.56458638141,26840.175799502085,24974.28003788105,D,79.95938728615857,99999900.0,99999900.0,99999900.0,99999900.0,99999900.0,99999900.0,0.0018824533428412646,0.0016568705822821244,0.003024324230002743,0.0021878827183753773,0.0007331082438804484,0.21203145745297386,2054.8331303158493
LLLLFLLGVLLLILLATL,16,25552.11264764506,1409.6876893347935,25790.94927906485,26827.12510435848,24038.26355951184,D,76.96792256046592,99999900.0,99999900.0,99999900.0,99999900.0,99999900.0,99999900.0,0.0003612516258342962,0.0016250194471457123,0.0012549367847339407,0.0010804026192379832,0.0006497106338513928,0.10470366627473703,1014.70114345925
LLLTLLLIILLGVLLAFL,15,25865.483404699185,827.0913142702675,25921.32733072473,26663.237609494263,25011.88527387856,D,78.58412753503087,99999900.0,99999900.0,99999900.0,99999900.0,99999900.0,99999900.0,0.0005851991055204589,0.0012250405426774203,0.003095410833698325,0.0016352168272987348,0.001304405676321495,0.15847166040108185,1535.775973621871
LLLLFLLLTLLGVLLAIL,16,26470.805612712236,531.9202940753245,26444.34770075718,27015.461123747384,25952.608013632136,D,81.58264376130047,99999900.0,99999900.0,99999900.0,99999900.0,99999900.0,99999900.0,0.0014835795629831157,0.0020846666872814134,0.004873694703335809,0.00281398031786678,0.0018089068370234955,0.27270764700053163,2642.856464218077
LLLYVLLLILLGLLLGFL,17,25250.091336501344,1080.140148269827,24852.465915717657,26472.682957822843,24425.12513596353,D,75.62823819749896,99999900.0,99999900.0,99999900.0,99999900.0,99999900.0,99999900.0,-0.0012507603752138392,0.0007599785751367095,0.00198623589350937,0.0004984846978107468,0.0016342645125074517,0.048309004914715806,468.1708317425753
LLLYFLLLALLGLLLGTL,17,25945.40730281962,1362.8545883978225,26596.254047705213,26860.818937588047,24379.148923165605,D,78.84106343026382,99999900.0,99999900.0,99999900.0,99999900.0,99999900.0,99999900.0,0.0017445057166895004,0.001707251605942601,0.0018993253149184985,0.0017836942125168667,0.00010185716015012432,0.1728608578302677,1675.2241477339808
LLLTLLLLILLGLLLGFL,17,25346.265343761028,1286.1549699231846,25183.977197826287,26705.862202295742,24148.95663116105,D,76.03592434850854,99999900.0,99999900.0,99999900.0,99999900.0,99999900.0,99999900.0,-0.0006813308188539119,0.0013290688454241793,0.0014641840958449484,0.0007039740408050719,0.0012016098361657017,0.06822332871288267,661.1639507819345
LLLTLLLIVLLGLLLAFL,15,26512.62501924905,1369.3830222214622,27526.25902616912,27056.816786713294,24954.799244864746,D,81.57474198442993,99999900.0,99999900.0,99999900.0,99999900.0,99999900.0,99999900.0,0.003341954584585631,0.002185598077930648,0.0029874989482010987,0.0028383505369057927,0.0005924306111813976,0.2750694066222389,2665.744680781898
LLLGYLLITLLGILLSLL,14,26819.55697965449,861.0637852621334,27281.538247658456,27351.03655707066,25826.09613423436,D,83.1873984892543,99999900.0,99999900.0,99999900.0,99999900.0,99999900.0,99999900.0,0.00292160314600708,0.0029036620248959195,0.004634544500046881,0.0034866032236499597,0.0009941867789799482,0.3378926835802634,3274.5758061208726
LLLYVLLTILLGALLILL,15,25647.341500787352,998.0680311134406,26443.8821087656,25970.3770193256,24527.765374270853,D,77.41613285569059,99999900.0,99999900.0,99999900.0,99999900.0,99999900.0,99999900.0,0.0014827798259740978,-0.00046593423263731185,0.00218026062836958,0.001065702073902122,0.001371514563925546,0.10327901127529962,1000.8945681176483
LLLTYLLAVLLGILLLLL,17,26316.87238916733,1377.6528290737374,27420.40016175509,26757.37719571854,24772.839810028363,D,80.6110506072879,99999900.0,99999900.0,99999900.0,99999900.0,99999900.0,99999900.0,0.003160123167517014,0.0014547947932764774,0.002643534128149387,0.002419484029647626,0.000874462721318899,0.23447633677152305,2272.350295852123
LLLGALLALLLGTLLSFL,13,26559.448845095583,962.1509011507792,27441.3484968,26703.66917383773,25533.328864649025,D,81.87099912240258,99999900.0,99999900.0,99999900.0,99999900.0,99999900.0,99999900.0,0.0031961056567259166,0.0013237166059453208,0.004081115427844596,0.0028669792301719444,0.0014078548288957277,0.2778438622670569,2692.6324051132187
LLLALLLGVLLGFLLITL,14,29803.830268025864,1121.905427621059,30982.8097636035,29679.289227387857,28749.39181308623,D,97.68096624632538,99999900.0,99999900.0,99999900.0,99999900.0,99999900.0,99999900.0,0.009279194911471039,0.008585925660510052,0.010160561180843799,0.009341893917608297,0.0007891879557508033,0.9053389224594237,8773.794390611465
LLLSTLLGALLGILLILL,14,27702.77615720324,877.9113943742884,28317.47190695238,28093.525888543205,26697.330676114136,D,87.48357791088984,99999900.0,99999900.0,99999900.0,99999900.0,99999900.0,99999900.0,0.0047010033530768365,0.004715759217716104,0.0062814721940682335,0.005232744921620391,0.0009082544262855156,0.5071142629778109,4914.531083924759
LLLAFLLLTLLGYLLGLL,16,27168.88998557053,1240.9599163220782,28238.672431806124,27459.623163868266,25808.37436103721,D,84.79382025154966,99999900.0,99999900.0,99999900.0,99999900.0,99999900.0,99999900.0,0.004565651247143907,0.0031686752405950145,0.004601044360116042,0.004111790282618322,0.0008169532758851221,0.39848063108790344,3861.743971317061
LLLALLLLILLGVLLGTL,16,26525.644667807177,786.4836068955073,26789.4089670428,27146.34325123528,25641.181785143453,D,81.78349247685811,99999900.0,99999900.0,99999900.0,99999900.0,99999900.0,99999900.0,0.002076283625807835,0.0024040936820650042,0.004284993893521716,0.0029217904004648514,0.0011918924787318941,0.28315570655573885,2744.110396910184
LLLTLLLGLLLGALLLFL,17,27751.81429148224,951.7491652422972,28453.129227611487,28133.92178833537,26668.39185849985,D,87.70625543228907,99999900.0,99999900.0,99999900.0,99999900.0,99999900.0,99999900.0,0.004934018915710324,0.004814348239149787,0.006226768049695849,0.00532504506818532,0.0007832040087009848,0.516059228096333,5001.218271268813
LLLYVLLGILLLTLLSLL,17,25375.381359359315,1293.5781653927852,25749.21937046196,26440.871362906888,23936.053344709097,D,76.0986941385784,99999900.0,99999900.0,99999900.0,99999900.0,99999900.0,99999900.0,0.00028957308991376627,0.0006823401507138183,0.0010617249396120561,0.0006778793934132136,0.00038609525186784384,0.06569445178920295,636.6561718528536
LLLIFLLATLLGLLLGVL,14,28242.5373671917,1097.264095464891,29191.02917383203,28495.794704241303,27040.78822350177,D,90.06529072190801,99999900.0,99999900.0,99999900.0,99999900.0,99999900.0,99999900.0,0.006201493242200041,0.005697524424011971,0.006930723020708903,0.006276580228973638,0.0006200187387578494,0.6082741284953412,5894.8886479424455
LLLLYLLAVLLITLLAFL,14,25830.56373925907,908.68770855262,26456.17593409408,26247.25773637884,24788.25754730428,D,78.33618614540151,99999900.0,99999900.0,99999900.0,99999900.0,99999900.0,99999900.0,0.0015038966563221806,0.00020981254088622367,0.0026726788616032167,0.001462129352937207,0.0012319642889120422,0.14169745712798285,1373.2142998293816
LLLALLLGLLLGVLLLTL,16,28395.77327507428,1008.5762026159435,29233.14155575784,28678.0432904103,27276.13497905469,D,90.83329650992182,99999900.0,99999900.0,99999900.0,99999900.0,99999900.0,99999900.0,0.006273828744041019,0.0061423148572122875,0.007375607917698742,0.006597250506317349,0.0006772770264053378,0.6393508337026133,6196.058314972274
LLLFYLLGVLLGILLILL,14,26183.505718794328,1113.784995324035,26739.781272615925,26909.576658721977,24901.159225045085,D,80.04233581164824,99999900.0,99999900.0,99999900.0,99999900.0,99999900.0,99999900.0,0.0019910392388267557,0.0018262482377458843,0.0028861011845653173,0.0022344628870459857,0.0005703186579489825,0.21654562129214355,2098.580664402658
LLLALLLLFLLGVLLGTL,16,26668.988094158693,1181.840548434316,27012.0576004704,27641.33907275353,25353.567609252157,D,82.43148926504556,99999900.0,99999900.0,99999900.0,99999900.0,99999900.0,99999900.0,0.002458722231668854,0.003612165637593307,0.003741305909748146,0.0032707312596701025,0.0007061786591505761,0.31697216221892055,3071.8314543479664
LLLYVLLLALLGFLLALL,17,26981.753920775343,870.9864904330685,27406.83281925051,27558.580301853635,25979.848641221888,D,83.98235993144323,99999900.0,99999900.0,99999900.0,99999900.0,99999900.0,99999900.0,0.0031368188450389815,0.003410187063528781,0.004925188694704984,0.003824064867757582,0.0009633471894512075,0.37059666886871956,3591.5157228263283
LLLAVLLGFLLIILLSLL,14,26138.785860437158,868.1964105574652,26267.960277329566,26935.15770143537,25213.239602546524,D,79.90392018080404,99999900.0,99999900.0,99999900.0,99999900.0,99999900.0,99999900.0,0.0011806028086748163,0.0018886805633369086,0.0034760385570652757,0.0021817739763590003,0.0011754506073480592,0.2114394488128131,2049.095873298195
LLLTYLLVLLLLALLSFL,17,25848.395410430727,1111.902552117849,26224.797215505,26723.241330126184,24597.147685661,D,78.4274420366313,99999900.0,99999900.0,99999900.0,99999900.0,99999900.0,99999900.0,0.0011064625773392065,0.0013714838235528862,0.0023114166427501623,0.0015964543478807517,0.0006331961604036016,0.15471512220254952,1499.3707192394957
LLLYLLLGILLGFLLLTL,17,25531.49999406552,1177.9186022160995,25525.72287138864,26712.296532321903,24356.480578486025,D,76.92675783486114,99999900.0,99999900.0,99999900.0,99999900.0,99999900.0,99999900.0,-9.43218759100982e-05,0.0013447722783003937,0.0018564744833274192,0.0010356416285725717,0.0010114706756769805,0.10036580208845489,972.6621594714139
LLLGYLLAFLLGLLLLTL,16,27527.2834269589,694.1115272998867,27903.78558524643,27951.792827883983,26726.271867746287,D,86.67174941438317,99999900.0,99999900.0,99999900.0,99999900.0,99999900.0,99999900.0,0.003990423558800032,0.00436984976088792,0.0063361808261366195,0.0048988180486081905,0.0012591663418214012,0.47475283840379806,4600.910981711164
LLLTALLLLLLGVLLSFL,17,26097.48661544153,575.6845204565495,26046.956576567307,26696.77054003057,25548.73272972672,D,79.75897269858157,99999900.0,99999900.0,99999900.0,99999900.0,99999900.0,99999900.0,0.0008009896670692211,0.001306880007187121,0.00411023393815605,0.002072701204137464,0.0017825924914865122,0.20086901984587946,1946.6560377010503
LLLVFLLATLLGILLLLL,17,25993.88465172527,1032.5404108373452,26751.429027171347,26412.442125707268,24817.7828022972,D,79.10662448709968,99999900.0,99999900.0,99999900.0,99999900.0,99999900.0,99999900.0,0.002011046327776779,0.0006129566070859526,0.0027284915707916774,0.0017841648352181364,0.001075861726438195,0.17290646668142895,1675.6661509137334
LLLATLLGILLGLLLLFL,16,26642.044929510208,1264.2575885792137,27560.22507852666,27165.836414877955,25200.07329512601,D,82.22828341119437,99999900.0,99999900.0,99999900.0,99999900.0,99999900.0,99999900.0,0.003400297317304195,0.0024516681125905148,0.0034511497868472615,0.0031010384055806576,0.0005629456692063939,0.3005269374041932,2912.45796707998
LLLLALLFILLGILLSTL,14,25827.41647713652,1303.2351786322952,26912.072595871352,26188.450337983297,24381.726497554915,D,78.23284674183272,99999900.0,99999900.0,99999900.0,99999900.0,99999900.0,99999900.0,0.002286980212967886,6.628896817942392e-05,0.0019041978015350135,0.001419155660894108,0.0011871464988863702,0.137532803109051,1332.853925207601
LLLYALLALLLGILLTLL,17,26317.778635773506,773.2971750767618,26844.500499661743,26678.84670664578,25429.988701012997,D,80.74122613425925,99999900.0,99999900.0,99999900.0,99999900.0,99999900.0,99999900.0,0.0021709131261339,0.0012631356370198907,0.0038857675975925224,0.0024399387869154378,0.0013318523584742675,0.23645864229407934,2291.561157820848
LLLYSLLTVLLGILLILL,15,26398.71784865039,1219.9075106568516,26833.28796579516,27341.83614431333,25021.029435842687,D,81.09599815856775,99999900.0,99999900.0,99999900.0,99999900.0,99999900.0,99999900.0,0.0021516536060816483,0.0028812077734694627,0.003112696389829793,0.002715185923126968,0.0005015707817865342,0.2631333131804714,2550.0699571096834
LLLAFLLGLLLLTLLGIL,16,26122.926996778417,1400.279890525741,26962.42061514317,26899.934807538822,24506.425567653245,D,79.68355357735088,99999900.0,99999900.0,99999900.0,99999900.0,99999900.0,99999900.0,0.0023734618859148687,0.0018027166249374787,0.002139921182658703,0.002105366564503684,0.0002869373702725329,0.2040346758056373,1977.33495121432
LLLTLLLILLLGYLLAFL,15,26220.596576221826,946.965369683001,26799.49278888595,26734.51811868241,25127.778821097123,D,80.24045078484276,99999900.0,99999900.0,99999900.0,99999900.0,99999900.0,99999900.0,0.0020936043823203553,0.0013990056154771337,0.0033144888009937956,0.002269032932930428,0.0009697166291118905,0.2198958635841698,2131.0484356425345
LLLYFLLAILLGVLLILL,15,25760.042007760672,863.9119548123065,25225.099323435545,26756.70544329294,25298.32125655353,D,78.1694846974063,99999900.0,99999900.0,99999900.0,99999900.0,99999900.0,99999900.0,-0.0006106962582642551,0.0014531553344545045,0.003636871634154883,0.001493110236781711,0.002124065805440705,0.14469986758607598,1402.311173256594
LLLTFLLVALLILLLGYL,15,25867.349940764543,1156.5302634197171,26479.311527357502,26589.323189537383,24533.415105398744,D,78.48751918741971,99999900.0,99999900.0,99999900.0,99999900.0,99999900.0,99999900.0,0.0015436361503276875,0.0010446472262547355,0.002190940529373301,0.0015930746353185748,0.000574743601132073,0.1543875884758502,1496.1965338568066
LLLYILLIVLLGLLLAFL,15,25329.761945903647,827.9110315190477,25622.09615174564,25971.84747392148,24395.342212043823,D,75.93566576333946,99999900.0,99999900.0,99999900.0,99999900.0,99999900.0,99999900.0,7.121636438621896e-05,-0.00046234548525412564,0.0019299361029771114,0.0005129356607030683,0.0012558223408991943,0.04970947245254297,481.7430022555161
LLLLFLLIVLLGILLATL,14,26131.866632877605,820.6337360033161,26330.63403486254,26834.859631819694,25230.106231950573,D,79.86544505294233,99999900.0,99999900.0,99999900.0,99999900.0,99999900.0,99999900.0,0.001288256128104583,0.0016438961028849364,0.003507922186254711,0.0021466914724147437,0.0011921961835794448,0.20803954333345356,2016.146807613072
LLLLVLLLTLLGGLLSIL,16,26040.52075682408,898.180450928926,26549.24988679902,26568.859281562894,25003.453102110307,D,79.37393649210877,99999900.0,99999900.0,99999900.0,99999900.0,99999900.0,99999900.0,0.0016637677148886659,0.0009947036262286492,0.003079471179634656,0.0019126475069173234,0.0010644340285305557,0.18535794221484306,1796.335530612032
LLLLYLLGVLLITLLAFL,14,25323.269410986453,1418.9397999977773,25997.73637413372,26279.175864893477,23692.895993932165,D,75.79405269880677,99999900.0,99999900.0,99999900.0,99999900.0,99999900.0,99999900.0,0.0007164452200222623,0.0002877109680147839,0.0006020753782719422,0.0005354105221029962,0.00022200544362047225,0.05188754972270801,502.8511217246079
LLLTYLLLVLLGALLIIL,15,26242.492841734893,998.6876830323188,27052.90420280429,26547.781466334098,25126.7928560663,D,80.32139670050508,99999900.0,99999900.0,99999900.0,99999900.0,99999900.0,99999900.0,0.002528883532056135,0.0009432617425706921,0.00331262499390564,0.0022615900895108223,0.0012070852880036779,0.21917456489452836,2124.0582066353254
LLLTFLLGILLGLLLLVL,17,28521.823531196373,860.4385729523682,29316.478494811,28640.97175494188,27608.02034383624,D,91.4741588888634,99999900.0,99999900.0,99999900.0,99999900.0,99999900.0,99999900.0,0.006416974750812169,0.006051839179639074,0.008002983408711521,0.006823932446387588,0.0010372810010559916,0.6613189683414984,6408.955266252403
LLLAYLLILLLGFLLGTL,14,27934.233947042663,1599.7182876592667,29607.098760760167,27776.212246276413,26419.390834091413,D,88.45388215815905,99999900.0,99999900.0,99999900.0,99999900.0,99999900.0,99999900.0,0.006916166718144406,0.0039413330596259595,0.005756071970482621,0.005537857249417663,0.0014993738934404104,0.5366832206766785,5201.088911892416
LLLFYLLGVLLLLLLATL,16,25110.78439645473,1159.834837508503,25389.129523838452,26106.120467743087,23837.10319778265,D,74.83321860651363,99999900.0,99999900.0,99999900.0,99999900.0,99999900.0,99999900.0,-0.00032894523111685653,-0.0001346428437991444,0.0008746757244270878,0.0001370292165036956,0.0006461657159104171,0.013279735812572366,128.69619176941066
LLLALLLIFLLGILLGTL,14,26551.363551137703,1397.357842669413,27514.25962458174,27191.179223040584,24948.65180579079,D,81.76452463509757,99999900.0,99999900.0,99999900.0,99999900.0,99999900.0,99999900.0,0.003321343479349562,0.0025135190100823396,0.0029758782109925346,0.002936913566808145,0.000405319350523793,0.28462131848006234,2758.3138928181147
LLLAYLLLLLLGFLLGTL,16,27440.48179922065,1045.4993483713968,27815.64185780057,28246.63719009029,26259.166349771112,D,86.20928176390316,99999900.0,99999900.0,99999900.0,99999900.0,99999900.0,99999900.0,0.003839021038511263,0.005089438067986256,0.0054531935516379665,0.004793884219378495,0.0008467008229614454,0.4645835214834583,4502.35839158321
LLLTALLAALLLVLLSLL,17,27055.99199118784,1101.5497961262577,28084.386120077663,27190.035692272613,25893.55416121325,D,84.26690795145275,99999900.0,99999900.0,99999900.0,99999900.0,99999900.0,99999900.0,0.00430063708086537,0.0025107281431880845,0.0047620629666309386,0.003857809396894797,0.001189201156272425,0.373866908920408,3623.2081786676304
LLLTYLLAVLLLLLLGFL,17,25928.213334509583,1634.0812565340648,26749.682704870927,26988.570967344524,24046.386331313297,D,78.70753514209092,99999900.0,99999900.0,99999900.0,99999900.0,99999900.0,99999900.0,0.0020080467088001205,0.002019039378084284,0.0012702915683071106,0.0017657925517305052,0.00042915163768143897,0.17112597725578266,1658.4111232685714
LLLLVLLYTLLGALLIWL,14,25970.769485053934,707.9884135210165,26306.705913074617,26448.25276490392,25157.34977718326,D,79.0737483097604,99999900.0,99999900.0,99999900.0,99999900.0,99999900.0,99999900.0,0.0012471553254786265,0.0007003549790364942,0.0033703879006918734,0.0017726327350689978,0.001410448096057861,0.17178887112588145,1664.8353411772014
LLLYVLLIALLGILLTLL,15,26240.7073489362,1139.1482700776764,27054.28247989868,26729.034530808887,24938.80503610102,D,80.29339230459244,99999900.0,99999900.0,99999900.0,99999900.0,99999900.0,99999900.0,0.002531250967967842,0.0013856225353829276,0.0029572644888325532,0.0022913793307277742,0.0008128151138019715,0.2220614912268222,2152.035903641414
LLLAFLLLLLLGTLLGVL,16,26453.24007037676,830.0297922635812,27192.28125287424,26612.220239746828,25555.2187185092,D,81.37999085169707,99999900.0,99999900.0,99999900.0,99999900.0,99999900.0,99999900.0,0.0027682883911706447,0.0011005290802419303,0.004122494648717336,0.00266377070670997,0.001513691492357834,0.25815057659198953,2501.781404341893
LLLFYLLVLLLGALLLTL,16,26050.90336072937,1195.741123824088,26018.12318161587,27262.697536817977,24871.889363754268,D,79.46549743388579,99999900.0,99999900.0,99999900.0,99999900.0,99999900.0,99999900.0,0.0007514631858251593,0.0026880644616300684,0.002830771255777138,0.002090099634410789,0.0011614869622106798,0.2025551314903767,1962.9964341221462
LLLAYLLIVLLGFLLGLL,14,28252.614832381325,1352.3919933510726,29560.577678687838,28337.476422453088,26859.790396003056,D,90.05832335618244,99999900.0,99999900.0,99999900.0,99999900.0,99999900.0,99999900.0,0.006836258490112668,0.005311137573938897,0.006588575963474264,0.006245324009175276,0.0008184527355536399,0.6052450347588917,5865.5331822994785
LLLFTLLGALLIILLSLL,14,25436.88994041901,1223.3559309240509,26074.258204387457,26209.957156403478,24026.454460466102,D,76.37507998653179,99999900.0,99999900.0,99999900.0,99999900.0,99999900.0,99999900.0,0.0008478850659788662,0.00011877786415912916,0.001232613596975676,0.0007330921757045571,0.0005657212791365467,0.07104521698376524,688.5113528076234
LLLALLLITLLGLLLGFL,14,26164.5369580047,1221.7835908767818,26743.066265103684,26989.603055873493,24760.94155303692,D,79.93508541948368,99999900.0,99999900.0,99999900.0,99999900.0,99999900.0,99999900.0,0.0019966817973636848,0.0020215582623925314,0.002621042401745251,0.0022130941538338225,0.00035351243168888147,0.21447474079711268,2078.511407221524
LLLTVLLGLLLLALLSFL,17,26379.04126459453,956.9531019791942,27136.03761859692,26697.663327873244,25303.422847313424,D,80.99773792352833,99999900.0,99999900.0,99999900.0,99999900.0,99999900.0,99999900.0,0.002671679951449101,0.0013090589184184555,0.0036465153646340577,0.0025424180781672048,0.0011740771411632102,0.24639008573954646,2387.808475406401
LLLAFLLVLLLGLLLLTL,16,26649.38737086621,1495.585990024606,28012.50403451618,26886.09489080624,25049.56318727622,D,82.20261316730583,99999900.0,99999900.0,99999900.0,99999900.0,99999900.0,99999900.0,0.004177166821177228,0.0017689393392622186,0.0031666348222395267,0.003037580327559658,0.001209289542711126,0.29437710649371907,2852.8589035613727
LLLTVLLALLLGLLLIFL,15,26612.71067417178,870.5451060656453,27354.51343117104,26829.2999628117,25654.318628532605,D,82.15229919385132,99999900.0,99999900.0,99999900.0,99999900.0,99999900.0,99999900.0,0.0030469509957349746,0.0016303273414558451,0.004309826966763892,0.0029957017679849035,0.0013404847716461479,0.29031858363593993,2813.5270641801417
LLLTYLLLILLIGLLAFL,15,26288.86736592499,1006.3606005594136,26977.603194387,26755.05103999844,25133.947863389538,D,80.55629130518956,99999900.0,99999900.0,99999900.0,99999900.0,99999900.0,99999900.0,0.002399540664616523,0.0014491176473946682,0.0033261503755854615,0.002391602895865551,0.0009385415397330057,0.2317743283952951,2246.1646703956008
LLLALLLGILLGVLLLTL,16,30065.264351944254,1053.221721699756,31260.90054401124,29660.102860326137,29274.789651495383,D,98.98279967569437,99999900.0,99999900.0,99999900.0,99999900.0,99999900.0,99999900.0,0.009756865260148573,0.008539099988518229,0.011153740639256957,0.009816568629307918,0.001308342387275056,0.9513404608839677,9219.603169816859
LLLIYLLGLLLGTLLGFL,14,28760.03009224314,813.0972098998488,29347.42679761656,29100.643102874365,27832.02037623849,D,92.657111055037,99999900.0,99999900.0,99999900.0,99999900.0,99999900.0,99999900.0,0.006470133962241026,0.0071736992844251436,0.008426419164632062,0.007356750803766077,0.000990905566804074,0.7129553069458593,6909.3718580497825
LLLTALLALLLGVLLLFL,17,26623.503722106467,1302.2433632686134,27343.58251734077,27406.684632945908,25120.244016032724,D,82.15173634114589,99999900.0,99999900.0,99999900.0,99999900.0,99999900.0,99999900.0,0.0030281752081557757,0.0030394750498176247,0.0033002454732409306,0.003122631910404777,0.00015392158679961018,0.3026196009006971,2932.7383270552095
LLLYALLISLLGILLTLL,15,25963.779110578296,1173.7747251840583,26900.45733605598,26343.804619872863,24647.07537580604,D,78.92699403052478,99999900.0,99999900.0,99999900.0,99999900.0,99999900.0,99999900.0,0.0022670289395101554,0.0004454419689994597,0.0024057968488206986,0.001706089252443438,0.001093955123898881,0.16534002837640766,1602.3385027693682
LLLYFLLGILLGLLLLTL,17,25645.49647392592,1218.6921750738047,26341.79570068004,26356.396508913997,24238.297212183712,D,77.3880722449299,99999900.0,99999900.0,99999900.0,99999900.0,99999900.0,99999900.0,0.0013074282732402423,0.0004761733557232107,0.0016330679841819694,0.0011388898710484742,0.0005965778994391244,0.11037176591263992,1069.6316667967
LLLFYLLIVLLGILLALL,14,25688.87516114636,1143.792996485966,25694.17988733479,26830.00656857889,24542.439027525383,D,77.69704242351679,99999900.0,99999900.0,99999900.0,99999900.0,99999900.0,99999900.0,0.00019503299384212168,0.0016320518622979397,0.002207998791580154,0.0013450278825734051,0.0010367231546649573,0.1303489532879049,1263.2340075169511
LLLYALLAFLLGLLLITL,15,26509.257242252203,1114.0160115456083,27416.58878285292,26845.2710149016,25265.91192900209,D,81.60118055594597,99999900.0,99999900.0,99999900.0,99999900.0,99999900.0,99999900.0,0.0031535764467430553,0.0016693058121647684,0.00357560705323743,0.002799496437381751,0.0010012620012767727,0.27130398936247696,2629.253377898042
LLLTALLAALLLILLSLL,17,26530.769898844384,1068.9665128053234,27278.74305056779,27007.131209864805,25306.43543610056,D,81.72444716537285,99999900.0,99999900.0,99999900.0,99999900.0,99999900.0,99999900.0,0.0029168018981305314,0.0020643369492996996,0.0036522101754636743,0.002877783007631302,0.0007946553976120343,0.2788908748246615,2702.7791829407493
LLLFYLLGTLLIILLALL,14,25181.14320277809,1045.5104402006843,25077.79367200901,26274.49029496986,24191.1456413554,D,75.24467922225203,99999900.0,99999900.0,99999900.0,99999900.0,99999900.0,99999900.0,-0.0008637198995943118,0.00027627550659406225,0.0015439355817335925,0.00031883039624444766,0.001204391721229826,0.030898399182117786,299.4416728339537
LLLYLLLGILLGFLLITL,15,25074.3355551802,1114.0701459851844,25081.442248794283,26184.835354033115,23956.72906271319,D,74.69883007297115,99999900.0,99999900.0,99999900.0,99999900.0,99999900.0,99999900.0,-0.0008574528203957773,5.74663467752592e-05,0.0011008090334328207,0.00010027418660410083,0.0009798325139548916,0.00971774298138185,94.17630982641569
LLLYFLLGSLLGILLILL,15,25663.172141341256,1491.4697332637595,26762.43960732544,26261.663072274398,23965.413744423942,D,77.40363465767938,99999900.0,99999900.0,99999900.0,99999900.0,99999900.0,99999900.0,0.0020299589564286014,0.0002449697716119503,0.0011172260166166324,0.0011307182482190614,0.0008925710771212078,0.1095798399635365,1061.9569769345344
LLLYFLLALLLGVLLLTL,17,25523.161393663617,1237.586153539097,26547.62082329918,25873.76517680751,24148.09818088416,D,76.76042780888831,99999900.0,99999900.0,99999900.0,99999900.0,99999900.0,99999900.0,0.001660969508745889,-0.000701722197796365,0.0014625613347318503,0.0008072695485604581,0.0013105851818209517,0.07823387309616793,758.177849089142
LLLTGLLFLLLLSLLAYL,17,25388.068483348063,798.2868355931714,25378.17406340597,26191.25653869215,24594.774847946068,D,76.2656368736409,99999900.0,99999900.0,99999900.0,99999900.0,99999900.0,99999900.0,-0.0003477631818487469,7.313769746273309e-05,0.0023069311776333793,0.0006774352310824552,0.0014267908632384471,0.0656514072578186,636.2390199347846
LLLTVLLGALLGLLLLFL,17,26336.424409984076,1090.3498960554948,27161.39532814868,26747.60765491159,25100.270246891952,D,80.76633624346228,99999900.0,99999900.0,99999900.0,99999900.0,99999900.0,99999900.0,0.0027152363251824988,0.0014309515450020409,0.003262488299976254,0.0024695587233869313,0.0009401594727616074,0.2393291610138299,2319.3798458466263
LLLYFLLGVLLGLLLITL,15,27190.708387575956,1286.9739648634552,27995.61298278916,27870.10563158309,25706.406548355608,D,84.91481677413152,99999900.0,99999900.0,99999900.0,99999900.0,99999900.0,99999900.0,0.004148153437288176,0.004170486439649852,0.004408290736916277,0.004242310204618102,0.0001441764321070223,0.41112954003344854,3984.326711990903
LLLVLLLIILLGTLLTFL,15,25253.550872102427,1160.311603575158,25553.804154780264,26234.224386437378,23972.624075089643,D,75.52741038802735,99999900.0,99999900.0,99999900.0,99999900.0,99999900.0,99999900.0,-4.608727996512423e-05,0.00017800373792991998,0.0011308559781087158,0.0004209241453578372,0.0006249452787565288,0.040792479079336585,395.3268938809595
LLLYFLLGLLLIVLLATL,15,25143.69263989805,1091.0456929828606,25332.97677752785,26127.71147266797,23970.389669498345,D,75.01323824981775,99999900.0,99999900.0,99999900.0,99999900.0,99999900.0,99999900.0,-0.00042539755459935173,-8.194848476108312e-05,0.0011266321964849464,0.00020642871904150387,0.0008152117184004693,0.02000536033806313,193.87536972279696
LLLVYLLATLLGILLLLL,17,26277.68029987668,1459.4370160242863,27408.50201131228,26794.34527165493,24630.193616662826,D,80.40634150065323,99999900.0,99999900.0,99999900.0,99999900.0,99999900.0,99999900.0,0.0031396859791201137,0.001545017970618882,0.002373884619311562,0.002352862856350186,0.0007975418172251686,0.22801996488611756,2209.780491299827
LLLAYLLGLLLITLLAFL,14,25559.425930472356,1494.0762312337015,25460.322296759,27100.586823821966,24117.36867083609,D,77.0454669195566,99999900.0,99999900.0,99999900.0,99999900.0,99999900.0,99999900.0,-0.00020665898842151025,0.002292421917698092,0.001404472176544115,0.0011634117019402323,0.0012668598810227911,0.11274821849838715,1092.6622753888294
LLLALLLIFLLGVLLGTL,14,27895.062456605985,928.5128362396376,28413.53765421607,28448.55094275156,26823.09877285032,D,88.42561920930017,99999900.0,99999900.0,99999900.0,99999900.0,99999900.0,99999900.0,0.004866013350618405,0.005582222716707919,0.0065192163967857635,0.005655817488037364,0.0008290550167145322,0.5481149492176892,5311.875749020374
LLLTALLAFLLGILLLLL,17,26433.35209844011,1217.2721412116848,27101.41172298896,27170.31421858433,25028.33035374705,D,81.23849215425133,99999900.0,99999900.0,99999900.0,99999900.0,99999900.0,99999900.0,0.002612203820654415,0.002462596506012994,0.0031264975918144236,0.0027337659728272775,0.0003482444264633002,0.2649339375852524,2567.520116282503
LLLVYLLFTLLIALLGLL,15,26954.30246081663,1788.106127882991,28672.490186378425,27086.771369306065,25103.645826765405,D,83.62978218932204,99999900.0,99999900.0,99999900.0,99999900.0,99999900.0,99999900.0,0.005310810355925667,0.00225870433377517,0.0032688692866219113,0.0036127946587742495,0.0015548476738315642,0.3501221114571625,3393.093283990089
LLLAYLLGTLLGLLLLFL,16,26404.36551103985,1404.5700583834878,27194.899986797704,27235.51927790852,24782.677268413336,D,81.06236742439351,99999900.0,99999900.0,99999900.0,99999900.0,99999900.0,99999900.0,0.00277278653218949,0.002621734018096429,0.0026621302487968047,0.002685550266360908,7.820222772073559e-05,0.2602612709800788,2522.2365047723533
LLLLLLLGLLLGVLLGTL,16,26810.582900088888,1076.3331662686894,27796.004486515045,26973.76943692374,25661.974776827883,D,83.07430656563844,99999900.0,99999900.0,99999900.0,99999900.0,99999900.0,99999900.0,0.0038052903625956035,0.0019829152068833993,0.004324299674227744,0.003370835081235582,0.001229668186791279,0.3266733948329346,3165.8477593794873
LLLAYLLALLLLFLLGTL,16,26800.82768350186,1234.7723333606325,27211.228285176927,27778.142171088308,25413.11259424034,D,83.06105777933675,99999900.0,99999900.0,99999900.0,99999900.0,99999900.0,99999900.0,0.002800833287168848,0.003946043176237405,0.0038538660529738025,0.003533580838793352,0.0006362494686222275,0.34244536463709574,3318.696617153902
LLLAFLLGTLLIVLLGLL,14,26861.171867818022,1096.4281214407097,27368.17248184369,27612.3443475966,25602.99877401379,D,83.35905925648906,99999900.0,99999900.0,99999900.0,99999900.0,99999900.0,99999900.0,0.0030704128432936834,0.003541401981017582,0.004212815099583075,0.0036082099746314474,0.0005741238627698783,0.3496778018730173,3388.7874037938877
LLLLGLLYVLLGTLLIFL,14,26807.440858097703,1262.2969727570116,27469.52969339366,27600.950764643912,25351.84211625553,D,83.06072874001815,99999900.0,99999900.0,99999900.0,99999900.0,99999900.0,99999900.0,0.0032445118713559213,0.003513595144192351,0.00373804414490139,0.003498717053483221,0.00024710229550755237,0.33906665555477167,3285.952969378909
LLLSYLLGVLLITLLGLL,15,25851.57252271208,1350.5114294389589,26075.1967706443,27076.313902294485,24403.206895197447,D,78.43848919191872,99999900.0,99999900.0,99999900.0,99999900.0,99999900.0,99999900.0,0.0008494972203642268,0.0022331821534387728,0.0019448030117918845,0.0016758274618649614,0.0007300047146068618,0.16240730647701093,1573.9169930873918
LLLSTLLGLLLGVLLLIL,16,27414.35184305998,1198.2441058140732,28324.13898272694,27862.23424626224,26056.68230019076,D,86.00911067203856,99999900.0,99999900.0,99999900.0,99999900.0,99999900.0,99999900.0,0.004712455240856878,0.004151275772723191,0.005070430273988341,0.00464472042918947,0.0004633057876097716,0.45012780337418334,4362.265554179435
LLLLFLLATLLGVLLIIL,14,26117.56938656004,644.006328514523,26681.02256570792,26256.121915368,25415.5636786042,D,79.77871735830492,99999900.0,99999900.0,99999900.0,99999900.0,99999900.0,99999900.0,0.0018901107147835114,0.00023144619026277985,0.0038584994306983746,0.0019933521119148887,0.001815729300253707,0.1931791635614365,1872.1323248027154
LLLAFLLGVLLITLLGLL,14,27427.88003992851,1228.555514894481,28544.093633855628,27627.99422838205,26111.552257547854,D,86.05829617824276,99999900.0,99999900.0,99999900.0,99999900.0,99999900.0,99999900.0,0.005090266453238087,0.0035795966106737915,0.005174153035193595,0.004614672033035158,0.0008973823528131504,0.4472157618935257,4334.04446197364
LLLYLLLGALLGFLLATL,13,31393.919773674075,1281.047676905736,32660.713362303213,31421.96734841988,30099.07861029914,D,105.41235420909008,99999900.0,99999900.0,99999900.0,99999900.0,99999900.0,99999900.0,0.012161292605839164,0.012839053614346585,0.012711925317289693,0.012570757179158482,0.00036025869674558025,1.2182535853492227,11806.303924769534
LLLGYLLLSLLGILLTLL,16,26106.83550169616,1270.6295941417625,26327.112130174453,27252.924961675744,24740.46941323829,D,79.69370030072652,99999900.0,99999900.0,99999900.0,99999900.0,99999900.0,99999900.0,0.0012822066307501521,0.0026642138078479547,0.0025823431395265,0.0021762545260415357,0.0007753495540006874,0.21090454943940412,2043.9120719553696
LLLYTLLAVLLGLLLLFL,17,26107.86966502295,901.7365247365786,26464.08648663152,26777.08701332571,25082.43549511163,D,79.71958338456194,99999900.0,99999900.0,99999900.0,99999900.0,99999900.0,99999900.0,0.0015174844364824957,0.0015028979829696015,0.0032287745923451987,0.0020830523372657654,0.0009922513822085348,0.20187216586693915,1956.3776974178645
LLLTFLLGILLGVLLILL,15,30966.67890142112,1615.0117658538863,32231.43768470209,31521.123809722165,29147.475209839096,D,103.27282940415552,99999900.0,99999900.0,99999900.0,99999900.0,99999900.0,99999900.0,0.011423935321653535,0.013081051899789288,0.010913073322095491,0.011806020181179438,0.0011333686109311486,1.1441416144981926,11088.072135548
LLLGYLLASLLLILLTLL,16,26499.78158112091,1253.500797249302,27305.24877957678,27138.528271127187,25055.56769265877,D,81.54485803592746,99999900.0,99999900.0,99999900.0,99999900.0,99999900.0,99999900.0,0.002962330199353293,0.002385020676008826,0.0031779853664708002,0.00284177874727764,0.00040999724331759236,0.27540164035464754,2668.964414724033
LLLSYLLITLLGGLLVLL,14,26835.79852096988,1603.6028374224625,28313.562426411438,27063.19936330445,25130.63377319376,D,83.0904708445076,99999900.0,99999900.0,99999900.0,99999900.0,99999900.0,99999900.0,0.004694288125299768,0.002201175202925639,0.0033198856252093637,0.0034051163178115905,0.001248739850468587,0.3299956481207611,3198.0442843910682
LLLALLLITLLGILLSFL,14,25185.858090841342,1561.7634521389464,25786.77128816922,26357.910431842924,23412.892552511898,D,75.11602826728715,99999900.0,99999900.0,99999900.0,99999900.0,99999900.0,99999900.0,0.00035407518379273963,0.0004798681906162778,7.277425448803284e-05,0.0003022392096323501,0.00020843846662975702,0.029290518901930962,283.85942994887523
LLLSYLLIVLLGTLLGLL,15,26809.46987496095,807.3120241910849,27362.40989136354,27182.95810241717,25883.041631102136,D,83.13567533443702,99999900.0,99999900.0,99999900.0,99999900.0,99999900.0,99999900.0,0.003060514569787805,0.0024934547896658956,0.004742190732299098,0.0034320533639175996,0.0011695016637782848,0.3326061633450763,3223.34323405898
LLLAILLGVLLGLLLIFL,14,26622.875059611128,761.8121361020619,26889.802907099325,27215.303603033397,25763.51866870066,D,82.26052854573585,99999900.0,99999900.0,99999900.0,99999900.0,99999900.0,99999900.0,0.002248728063849252,0.0025723962483273706,0.004516251943846394,0.003112458752007672,0.001226444767407159,0.3016337027153319,2923.183819065017
LLLAFLLGLLLGTLLLIL,16,30571.720747257605,1600.858111506276,32140.060127835783,30634.888288341703,28940.213825595325,D,101.33224483043598,99999900.0,99999900.0,99999900.0,99999900.0,99999900.0,99999900.0,0.011266978124490679,0.010918132067276582,0.010521279267562501,0.010902129819776589,0.0003731068885048705,1.0565440531223915,10239.149181321769
LLLYVLLGLLLGTLLAFL,13,26234.542367196627,1048.525367446091,26769.056648454105,26908.09674250868,25026.47371062709,D,80.30134875785784,99999900.0,99999900.0,99999900.0,99999900.0,99999900.0,99999900.0,0.002041324900810177,0.0018226363986230127,0.0031229879089159757,0.0023289830694497218,0.0006962678572712445,0.2257057338820299,2187.3528827009563
LLLYALLILLLGVLLSTL,15,25911.89268425338,845.492028190604,26355.68703648561,26443.08361681309,24936.907399461437,D,78.75876592776775,99999900.0,99999900.0,99999900.0,99999900.0,99999900.0,99999900.0,0.0013312891118056757,0.0006877393112449023,0.0029536773143293746,0.001657568579126651,0.0011676739598672466,0.16063780691199694,1556.768470061856
LLLAVLLYTLLGLLLLFL,16,26331.811565937845,1322.1562551966754,27436.06234452802,26692.686629349624,24866.68572393589,D,80.69196439501671,99999900.0,99999900.0,99999900.0,99999900.0,99999900.0,99999900.0,0.0031870257505340724,0.0012969129372684249,0.002820934618092747,0.002434957768631748,0.001002429652373484,0.23597592329025865,2286.883045367163
LLLWTLLLILLGLLLGFL,17,25988.62281423777,1161.161987362015,26297.934587352185,26963.808434775303,24704.12542058582,D,79.11567784134705,99999900.0,99999900.0,99999900.0,99999900.0,99999900.0,99999900.0,0.0012320890143623251,0.0019586046838014582,0.0025136407119557154,0.0019014448033731663,0.000642685091898869,0.18427226904784397,1785.8140862044752
LLLTFLLAILLLVLLALL,17,26499.673916151347,1005.7042343098836,26579.90229160021,27462.861060399744,25456.258396454083,D,81.65923125644075,99999900.0,99999900.0,99999900.0,99999900.0,99999900.0,99999900.0,0.0017164186688962777,0.003176577553755121,0.003935426199100773,0.0029428074739173905,0.0011278230989151478,0.28519250710181526,2763.8493794753135
LLLTFLLVALLGLLLLYL,17,25979.293370179057,1278.035195262224,26951.99947694453,26454.06262052505,24531.81801306759,D,78.98575682872719,99999900.0,99999900.0,99999900.0,99999900.0,99999900.0,99999900.0,0.0023555617286005423,0.0007145343384097261,0.002187921485173777,0.0017526725173946818,0.0009029529178222396,0.16985449228143112,1646.088944845703
LLLAYLLTVLLLLLLGFL,16,25903.07288422305,878.9069717487243,26229.681492800064,26571.91795209741,24907.61920777168,D,78.72558253705377,99999900.0,99999900.0,99999900.0,99999900.0,99999900.0,99999900.0,0.0011148521918210304,0.0010021685257961157,0.002898312734892942,0.001671777817503363,0.0010637035911517363,0.16201484851345357,1570.1136158175223
LLLLALLFLLLGILLSTL,16,26077.3158475472,1144.1028239344212,26551.906737738507,26907.74877940201,24772.292025501072,D,79.529816472687,99999900.0,99999900.0,99999900.0,99999900.0,99999900.0,99999900.0,0.0016683313286581967,0.0018217871703013748,0.0026424986302840186,0.0020442057097478632,0.0005237871589742972,0.19810747273207596,1919.8934121522914
LLLGYLLAALLLILLTLL,16,26716.99972054801,824.7558294080363,27256.883363698085,27126.481490730577,25767.634307215383,D,82.68311626828456,99999900.0,99999900.0,99999900.0,99999900.0,99999900.0,99999900.0,0.002879254000160939,0.0023556196650933925,0.004524031891406614,0.0032529685188869817,0.0011314812424146252,0.31525074461962566,3055.148901878485
LLLAVLLGFLLGILLILL,14,30583.465737775616,1395.279805832678,31717.68315262765,31007.300458830385,29025.41360186881,D,101.44142473219978,99999900.0,99999900.0,99999900.0,99999900.0,99999900.0,99999900.0,0.010541470587976122,0.011827030040768296,0.010682335635651947,0.011016945421465455,0.0007050805331573476,1.0676710295183236,10346.98261327219
LLLALLLLILLGFLLGTL,16,26231.64054481964,930.3429483756018,26868.927162199667,26661.954729632063,25164.039742627192,D,80.2909849146538,99999900.0,99999900.0,99999900.0,99999900.0,99999900.0,99999900.0,0.0022128702611184225,0.001221909584563306,0.0033830341960716308,0.002272604680584453,0.0010817999109208965,0.22024200776017,2134.402978073432
LLLLYLLGTLLGVLLGLL,16,28288.48034107705,987.0196520035462,28996.929414934966,28707.41990429346,27161.091704002723,D,90.32173573280382,99999900.0,99999900.0,99999900.0,99999900.0,99999900.0,99999900.0,0.005868092403183929,0.006214010539959218,0.007158137252124348,0.006413413398422499,0.0006677387610749598,0.6215348650524156,6023.4007146762715
LLLTLLLIVLLGFLLAIL,15,26901.152810525506,1147.2966694734478,27659.38199513823,27462.83895455283,25581.23748188545,D,83.52234648649255,99999900.0,99999900.0,99999900.0,99999900.0,99999900.0,99999900.0,0.0035706169476860134,0.0031765236028881657,0.004171678903827424,0.0036396064848005344,0.0005011518586420023,0.3527204913893145,3418.2746284654386
LLLTYLLVLLLLALLGFL,17,26202.328990044723,705.8639427720228,26435.250723518973,26762.295876480235,25409.44037013497,D,80.21713016743031,99999900.0,99999900.0,99999900.0,99999900.0,99999900.0,99999900.0,0.0014679538875007653,0.0014667991780168833,0.003846924308487018,0.002260559124668222,0.0013738326701832465,0.2190746523277699,2123.0899368569803
LLLTYLLVLLLGALLIWL,15,25556.158395233077,854.3735714430784,26272.898786450594,25784.871335371216,24610.70506387741,D,76.99674455319943,99999900.0,99999900.0,99999900.0,99999900.0,99999900.0,99999900.0,0.0011890855759579667,-0.000918673841002117,0.002337044668924093,0.0008691521346266476,0.0016512703622152886,0.08423102038581623,816.2972295159184
LLLTALLAALLGILLLLL,17,26690.25911399172,972.8053598270848,27454.55529677144,27021.019696170624,25595.2023490331,D,82.51477419362904,99999900.0,99999900.0,99999900.0,99999900.0,99999900.0,99999900.0,0.0032187906833133556,0.002098232772418644,0.00419807722178113,0.0031717002258377096,0.0010507139531140525,0.30737489529953604,2978.8226986504333
LLLTVLLGALLLLLLGFL,17,25910.864696152817,1303.4340750385663,26771.01177385437,26550.394187174687,24411.188127429392,D,78.6577829055464,99999900.0,99999900.0,99999900.0,99999900.0,99999900.0,99999900.0,0.0020446831762275922,0.000949638270690583,0.0019598902377492545,0.0016514038948891431,0.0006092238538370309,0.16004037681547567,1550.9786727830633
LLLAVLLGILLGLLLTFL,13,30242.368844831544,1312.654109361514,31449.92605620689,30431.947029475443,28845.233448812294,D,99.7846512695051,99999900.0,99999900.0,99999900.0,99999900.0,99999900.0,99999900.0,0.010081550178458546,0.010422839717729145,0.010341734259423762,0.010282041385203817,0.00017830330010508192,0.9964502220280871,9656.76958282484
LLLYILLALLLLVLLSTL,17,25240.499799965888,1305.0444617933351,25720.172104197914,26237.828514661087,23763.49878103866,D,75.42538331440664,99999900.0,99999900.0,99999900.0,99999900.0,99999900.0,99999900.0,0.00023967924667260505,0.00018679986517365404,0.000735538504182789,0.00038733920534301603,0.0003027063280331451,0.037537705082537974,363.78432222365893
LLLTLLLAALLGILLSLL,17,26418.45856804592,1270.4663077749296,27144.75768618077,27159.14406569606,24951.47395226093,D,81.15350375433415,99999900.0,99999900.0,99999900.0,99999900.0,99999900.0,99999900.0,0.002686658217600753,0.002435334965901612,0.002981213021488263,0.0027010687349968763,0.0002732241939350973,0.26176519232590206,2536.811263838339
LLLTVLLAILLGLLLLFL,17,26271.84863208856,1318.351914634004,26881.121554723475,27175.368472797894,24759.055868744297,D,80.44485681404802,99999900.0,99999900.0,99999900.0,99999900.0,99999900.0,99999900.0,0.002233816297949337,0.0024749317672537615,0.0026174778212167986,0.002442075295473299,0.0001939296313418155,0.23666569499374163,2293.5677409576065
LLLAVLLILLLGLLLGFL,14,26130.080764909475,1032.202242103457,26299.56520578093,27067.051682703,25023.625406244493,D,79.83887003524814,99999900.0,99999900.0,99999900.0,99999900.0,99999900.0,99999900.0,0.0012348898913719013,0.00221057705810666,0.0031176036511263543,0.0021876902002016386,0.0009415655216132123,0.21201280018738042,2054.65231956294
LLLALLLGILLGTLLIFL,14,28347.23709630828,806.1856698786955,28939.606410073327,28672.952175235238,27429.15270361627,D,90.64183329262842,99999900.0,99999900.0,99999900.0,99999900.0,99999900.0,99999900.0,0.005769629952615249,0.006129889634214459,0.007664863125272199,0.006521460904033969,0.0010064657168507428,0.6320059336780548,6124.877632206521
LLLAVLLGFLLGTLLLLL,16,29000.233374721367,876.6100979312223,29805.83998522883,29128.1783672746,28066.681771660667,D,93.80723456991416,99999900.0,99999900.0,99999900.0,99999900.0,99999900.0,99999900.0,0.00725754009934516,0.007240901024851863,0.008870008499376102,0.007789483207857707,0.0009357993342101607,0.7548921445816578,7315.788926487976
LLLALLLGFLLIILLGTL,14,26200.478111893884,1041.5874457200644,26580.53298683359,26998.66781964444,25022.233529203622,D,80.15381892588104,99999900.0,99999900.0,99999900.0,99999900.0,99999900.0,99999900.0,0.0017175020000717884,0.0020436814529713587,0.0031149725331723567,0.002292051995405168,0.0007310929609035674,0.22212668031156016,2152.66766221471
LLLALLLGFLLGILLLTL,16,29571.46586556571,1118.6567311713775,30453.846132881223,29947.249831916142,28313.30163189977,D,96.55581852375478,99999900.0,99999900.0,99999900.0,99999900.0,99999900.0,99999900.0,0.0083706058473015,0.009239902274947186,0.009336203373660023,0.008982237165302902,0.0005318722847389447,0.8704839712622489,8436.009095279136
LLLYFLLLTLLGVLLGLL,17,25856.90146878516,1029.8826926334002,26060.986624795965,26769.46240812427,24740.255373435244,D,78.50028891773731,99999900.0,99999900.0,99999900.0,99999900.0,99999900.0,99999900.0,0.0008250887688787804,0.0014842896002006682,0.00258193853196985,0.0016304389670164328,0.0008874964791951422,0.15800862978675556,1531.2886647192324
LLLAYLLGVLLGLLLIFL,14,27071.944173357755,845.5067800498539,27650.61655741152,27463.58919917789,26101.626763483844,D,84.41031071006735,99999900.0,99999900.0,99999900.0,99999900.0,99999900.0,99999900.0,0.003555560750249012,0.0031783546274179145,0.00515539049736355,0.003963101958343492,0.0010496356915541006,0.3840709911938406,3722.097685780358
LLLGLLLGLLLITLLGFL,14,25369.542406416796,1105.3080401364678,24945.19604904271,26624.1423164993,24539.28885370837,D,76.2137413870034,99999900.0,99999900.0,99999900.0,99999900.0,99999900.0,99999900.0,-0.0010914798875495371,0.0011296257431837313,0.0022020438985509774,0.000746729918061724,0.0016798159548219456,0.07236687392820396,701.3197563764523
LLLAYLLLVLLGTLLGLL,16,27893.531765689386,1082.3756723196548,28832.259815574234,28138.751068497444,26709.584412996468,D,88.36381160088918,99999900.0,99999900.0,99999900.0,99999900.0,99999900.0,99999900.0,0.005585243094667115,0.004826134435468164,0.006304635897590848,0.005572004475908709,0.0007393396304437504,0.5399924868178956,5233.159576244255
LLLGLLLLFLLGVLLGTL,16,26507.27042522093,922.6334149116494,26554.573763267388,27405.342258105284,25561.89525429012,D,81.70967444327994,99999900.0,99999900.0,99999900.0,99999900.0,99999900.0,99999900.0,0.0016729124190936456,0.0030361988900436078,0.004135115557495811,0.0029480756222110215,0.0012334647771377535,0.2857030523661457,2768.7971609803512
LLLAYLLAVLLGLLLLFL,16,26704.252931663268,1056.6406461926938,27579.632581968857,27002.6149430408,25530.51126998015,D,82.5637496570984,99999900.0,99999900.0,99999900.0,99999900.0,99999900.0,99999900.0,0.0034336331543377103,0.0020533146839459677,0.004075789221791419,0.003187579020025032,0.0010334446244562715,0.30891373641101655,2993.7358711397724
LLLAFLLLILLGLLLGTL,16,26377.626898525417,1340.5869108197587,27620.74500020374,26554.920965863203,24957.214729509316,D,80.9060613208694,99999900.0,99999900.0,99999900.0,99999900.0,99999900.0,99999900.0,0.0035042510407862987,0.0009606861909855583,0.0029920650304262634,0.002485667420732707,0.0013452729985445246,0.24089028243373392,2334.5089406168017
LLLALLLGVLLLFLLGTL,16,26382.118950217857,1258.798537809593,27175.366225044865,27040.314173806662,24930.676451802043,D,80.97079150859665,99999900.0,99999900.0,99999900.0,99999900.0,99999900.0,99999900.0,0.0027392338240638144,0.0021453222958355733,0.0029418987176748923,0.002608818279191426,0.00041399234258118165,0.2528250428238963,2450.170745457841
LLLTLLLGILLGLLLLFL,17,26163.544343242564,1195.829144479309,26580.14730110919,27095.347607045067,24815.13812157344,D,79.95239924975958,99999900.0,99999900.0,99999900.0,99999900.0,99999900.0,99999900.0,0.0017168395162807633,0.0022796352423728496,0.0027234922305263047,0.002239988996393306,0.0005044960756930443,0.21708116600352867,2103.77071982622
LLLSYLLGLLLLTLLGFL,17,25088.82667085717,1448.684683272289,25422.7799657324,26341.37237589563,23502.32767094348,D,74.68845645222105,99999900.0,99999900.0,99999900.0,99999900.0,99999900.0,99999900.0,-0.00027114461547232704,0.00043950590729921024,0.0002418368504742438,0.00013673271410037568,0.00036679858368188564,0.013251001257385186,128.41772027894044
LLLALLLGLLLGVLLITL,14,29092.43095291688,826.463954580125,30023.65590557202,28807.532985925296,28446.10396725333,D,94.273878445105,99999900.0,99999900.0,99999900.0,99999900.0,99999900.0,99999900.0,0.007631677661422186,0.006458343524286194,0.009587244664392813,0.00789242195003373,0.0015806632386984839,0.7648681142022622,7412.4677548547
LLLYVLLLALLGILLTLL,17,26279.620291958647,1183.1171983805132,26577.137223860584,27285.582165106065,24976.141486909288,D,80.53596958492041,99999900.0,99999900.0,99999900.0,99999900.0,99999900.0,99999900.0,0.001711669173535921,0.00274391599904857,0.003027842997691866,0.0024944760567587854,0.0006926352557121745,0.2417439424215824,2342.781905610428
LLLYFLLITLLGILLALL,15,26236.18681387041,1191.6820408419926,26227.863755172457,27432.008584851104,25048.688101587664,D,80.36692462656222,99999900.0,99999900.0,99999900.0,99999900.0,99999900.0,99999900.0,0.001111729904325162,0.003101279927293116,0.003164980614576897,0.0024593301487317253,0.0011674905817322802,0.23833789234408131,2309.773291573446
LLLSTLLILLLGVLLAIL,14,27445.7771828934,1342.891013168599,28254.753927325277,28186.943096871728,25895.6345244832,D,86.15326617629627,99999900.0,99999900.0,99999900.0,99999900.0,99999900.0,99999900.0,0.004593274074339498,0.004943750454489146,0.004765995556212973,0.004767673361680539,0.00017524421398177592,0.4620433824201921,4477.7414693325745
LLLAVLLFLLLGLLLLTL,16,26149.896851486705,718.7908633040814,26058.66331381811,26909.94880728535,25481.07843335665,D,80.00683707314663,99999900.0,99999900.0,99999900.0,99999900.0,99999900.0,99999900.0,0.0008210980692833046,0.0018271564923677543,0.003982344456098799,0.002210199672583286,0.0016150576577852339,0.21419423166699927,2075.7929452497156
LLLALLLGTLLGILLIFL,14,27451.13236193431,1044.924055764866,28028.596070684314,28079.87967959735,26244.921335521263,D,86.23809077334523,99999900.0,99999900.0,99999900.0,99999900.0,99999900.0,99999900.0,0.004204807753811147,0.004682454689455235,0.0054262656609930585,0.004771176034753147,0.0006155432256047559,0.4623828324603286,4481.031137747527
LLLTLLLLVLLGFLLAIL,17,27017.477747225697,495.5120449141442,27450.444914599782,27124.933603306406,26477.054723770907,D,84.2029989931418,99999900.0,99999900.0,99999900.0,99999900.0,99999900.0,99999900.0,0.003211730371273329,0.002351841937471935,0.005865076207910177,0.0038095495055518133,0.0018313231685662527,0.36918996028324647,3577.883069252879
LLLVGLLFALLGTLLIYL,15,26428.37957602483,1130.3746341456024,27354.44066391881,26761.938612499445,25168.759451656235,D,81.20266230479801,99999900.0,99999900.0,99999900.0,99999900.0,99999900.0,99999900.0,0.0030468260050441867,0.001465927250260829,0.0033919560410330145,0.0026349030987793433,0.0010269649878404316,0.25535296731828183,2474.669294231682
LLLSTLLGALLGFLLLLL,16,27149.77535366453,959.2506803691602,27759.96192293564,27645.254446019066,26044.109692038885,D,84.7733790025613,99999900.0,99999900.0,99999900.0,99999900.0,99999900.0,99999900.0,0.0037433808527335224,0.003621721380150913,0.0050466637960124685,0.0041372553429656345,0.0007899164877833898,0.40094849365394536,3885.660449667421
LLLFLLLGLLLGVLLLTL,16,26115.23683431846,969.9614116672948,26247.99936214923,27011.97847197203,25085.732668834124,D,79.77797065413766,99999900.0,99999900.0,99999900.0,99999900.0,99999900.0,99999900.0,0.0011463163886067554,0.0020761670318140786,0.003235007364870332,0.002152496928430389,0.001046435467871438,0.20860216000839601,2021.599222067169
LLLALLLGFLLGILLITL,14,30563.71661448972,1208.2034417189168,31669.7369344372,30747.113166516137,29274.299742515817,D,101.37522156033388,99999900.0,99999900.0,99999900.0,99999900.0,99999900.0,99999900.0,0.01045911443532977,0.011192024738974857,0.011152814545734246,0.010934651240012958,0.00041229334128713917,1.0596957595979006,10269.692907996587
LLLAFLLGLLLLTLLGVL,16,26171.85041894862,1313.536127068221,27004.690786451603,26853.227961923916,24657.63250847034,D,79.93355577760933,99999900.0,99999900.0,99999900.0,99999900.0,99999900.0,99999900.0,0.002446068419069089,0.0016887252984137693,0.0024257533970502717,0.00218684903817771,0.00043150738130096555,0.2119312817365102,2053.8623103086893
LLLSYLLGLLLGFLLLTL,17,27029.25300381131,1140.9828129470436,27854.68738022126,27505.825052649656,25727.24657856302,D,84.14285337094681,99999900.0,99999900.0,99999900.0,99999900.0,99999900.0,99999900.0,0.0039060886639882475,0.003281434184616075,0.004447685436326122,0.0038784027616434818,0.0005836183491120679,0.3758626471310771,3642.5492191150347
LLLYTLLGVLLGLLLIFL,15,25887.06505067667,1153.490435088024,26491.507327537493,26612.719067261223,24556.96875723129,D,78.58495243642899,99999900.0,99999900.0,99999900.0,99999900.0,99999900.0,99999900.0,0.0015645846050583191,0.0011017465037121694,0.0022354648906488094,0.0016339319998064327,0.0005700317018274661,0.15834714557061105,1534.5692790967257
LLLVGLLFALLLTLLSYL,17,26086.44356011284,1136.125649864148,26848.457515834,26630.251450614494,24780.621713890014,D,79.54494805171241,99999900.0,99999900.0,99999900.0,99999900.0,99999900.0,99999900.0,0.00217771000480767,0.001144535512673283,0.0026582445561293337,0.001993496691203429,0.0007734854075817778,0.19319317498764743,1872.268111931319
LLLSYLLATLLIALLFLL,14,27090.775369772568,823.6663051504181,27656.339956617805,27470.20807604421,26145.77807665569,D,84.50618603834742,99999900.0,99999900.0,99999900.0,99999900.0,99999900.0,99999900.0,0.003565391705775402,0.0031945084597770853,0.005238851398986246,0.003999583854846244,0.0010891403169517027,0.3876065142002433,3756.3610441226524
LLLWTLLALLLGILLLFL,17,25394.967741591183,1206.4950029060544,25770.571352231727,26368.984182724555,24045.347689817267,D,76.20329495238077,99999900.0,99999900.0,99999900.0,99999900.0,99999900.0,99999900.0,0.0003262489141247191,0.0005068944548816459,0.0012683281848991463,0.0007004905179685038,0.0004999879146917125,0.06788573455488471,657.892268038306
LLLYTLLAILLLVLLALL,17,26082.628521453124,1104.1768283975844,26972.76768534137,26428.093992529677,24847.02388648833,D,79.52038085896731,99999900.0,99999900.0,99999900.0,99999900.0,99999900.0,99999900.0,0.0023912348182721257,0.000651156083804402,0.0027837671011370145,0.0019420526677378473,0.0011350466470947613,0.18820764665880177,1823.9525039300283
LLLALLLGLLLLTLLGFL,16,25899.823404868603,1108.6534526326077,25869.43252792539,27023.359844108098,24806.67784257232,D,78.73623334521973,99999900.0,99999900.0,99999900.0,99999900.0,99999900.0,99999900.0,0.0004960605569092217,0.0021039440672865036,0.00270749944429445,0.0017691680228300586,0.0011430974315937957,0.17145309993508245,1661.5813251205868
LLLIYLLATLLGFLLSLL,14,27951.38952610104,1034.079003778594,28641.24916569533,28450.491485504084,26762.42792710369,D,88.67125806365453,99999900.0,99999900.0,99999900.0,99999900.0,99999900.0,99999900.0,0.005257148349508716,0.005586958747146796,0.006404527996272814,0.005749545030976109,0.0005907162924951336,0.5571982457609085,5399.903529868082
LLLGYLLASLLGILLLLL,16,25911.3579713424,973.8613587358038,26260.25097621396,26662.714471387448,24811.10846642579,D,78.75309249534011,99999900.0,99999900.0,99999900.0,99999900.0,99999900.0,99999900.0,0.0011673607136058874,0.0012237637875044712,0.002715874820585578,0.0017023331072319788,0.0008782058017441663,0.1649760139176335,1598.8107763707085
LLLTVLLGILLGLLLIFL,15,26174.229967556457,959.465928587404,26520.111521641506,26912.798560201307,25089.77982082656,D,80.03868458071689,99999900.0,99999900.0,99999900.0,99999900.0,99999900.0,99999900.0,0.0016137173931042598,0.001834111513861459,0.003242657849760285,0.002230162252242001,0.0008837442465790171,0.21612883941539884,2094.5415599285484
LLLAVLLLLLLGLLLGFL,16,26212.877533222578,1083.6605826342773,26692.60027325824,26973.875707733736,24972.156618675763,D,80.19782524290564,99999900.0,99999900.0,99999900.0,99999900.0,99999900.0,99999900.0,0.0019099974855507336,0.0019831745682348826,0.003020310250153346,0.0023044941013129873,0.0006209937926928275,0.22333246608209642,2164.353138413028
LLLAYLLLLLLGVLLGTL,16,26927.63890145373,1096.3797871160818,27798.66935772888,27287.754301043333,25696.493045588984,D,83.64920259279545,99999900.0,99999900.0,99999900.0,99999900.0,99999900.0,99999900.0,0.003809867752612009,0.0027492172488679315,0.0043895508666904216,0.0036495452893901205,0.0008318359595496008,0.35368367794624067,3427.609034178731
LLLSYLLGVLLGTLLILL,15,27262.65786203414,1084.6944805441335,27946.61193290132,27829.3706734851,26011.990979716,D,85.30231327319399,99999900.0,99999900.0,99999900.0,99999900.0,99999900.0,99999900.0,0.004063985423695021,0.00407106992268439,0.004985948576082445,0.004373667974153952,0.000530262387082962,0.42385964621717476,4107.69634899187
LLLTALLGVLLLLLLSFL,17,25519.338880893378,897.5824837986088,26002.035709014053,26072.287101796177,24483.693831869907,D,76.8316675879132,99999900.0,99999900.0,99999900.0,99999900.0,99999900.0,99999900.0,0.0007238300919276112,-0.0002172155419609637,0.002096950520460232,0.0008678550234756266,0.0011637862891424968,0.08410531512496307,815.0789983262687
LLLTFLLAILLGVLLLLL,17,26793.828319722008,1430.5393394792698,27518.50274776101,27717.017469417988,25145.964741987027,D,82.96828233952269,99999900.0,99999900.0,99999900.0,99999900.0,99999900.0,99999900.0,0.003328631797666161,0.003796864062661341,0.003348866336909948,0.0034914540657458165,0.00026468624597163627,0.3383627869870047,3279.131658664879
LLLAVLLYLLLITLLAFL,14,26425.562286527595,669.788845597858,26578.549633186365,27005.622686758827,25692.51453963759,D,81.32149839550286,99999900.0,99999900.0,99999900.0,99999900.0,99999900.0,99999900.0,0.0017140952376223759,0.0020606552930525638,0.004382030146015084,0.002718926892230008,0.0014506758054671706,0.2634958568966141,2553.5834302898747
LLLLFLLITLLGVLLAIL,14,26287.03568710992,1157.9718319070078,26980.47115152737,26930.398358709983,24950.2375510924,D,80.52834479098993,99999900.0,99999900.0,99999900.0,99999900.0,99999900.0,99999900.0,0.0024044668908122426,0.001877065054228863,0.002978875805471803,0.002420135916837636,0.0005510724740640485,0.2345395122744108,2272.962540459209
LLLAYLLGLLLLFLLATL,16,26643.351336292828,1033.4078987532305,27569.94900009256,26831.201075984904,25528.90393280102,D,82.26715698177007,99999900.0,99999900.0,99999900.0,99999900.0,99999900.0,99999900.0,0.003416999881114788,0.001634967141246051,0.004072750811367251,0.003041572611242697,0.0012615096241408966,0.2947640055357797,2856.60840837195
LLLFLLLGTLLLILLAVL,16,25938.83807223594,992.9725644528672,26548.14244800308,26475.349154478557,24793.022614226196,D,78.85604402284157,99999900.0,99999900.0,99999900.0,99999900.0,99999900.0,99999900.0,0.001661865491898674,0.0007664856147270908,0.0026816864483095865,0.0017033458516451168,0.0009582739813969137,0.16507416071139971,1599.7619337408823
LLLAYLLALLLGFLLLTL,16,27169.63864462084,918.7319101605444,27786.633681877163,27608.50727838924,26113.77497359611,D,84.87475302871933,99999900.0,99999900.0,99999900.0,99999900.0,99999900.0,99999900.0,0.0037891943398788383,0.003532037344995771,0.005178354719630858,0.0041665288015018224,0.0008856501546618573,0.40378543460420163,3913.1537297842597
LLLAYLLGTLLGVLLLLL,16,27405.34145212107,1147.095593484004,28288.84072338093,27818.22628739252,26108.957345589755,D,85.9740368718323,99999900.0,99999900.0,99999900.0,99999900.0,99999900.0,99999900.0,0.004651824205822931,0.004043871268241752,0.0051692477747133135,0.004621647749592665,0.0005632948022239306,0.4478917905197609,4340.595971051193
LLLAFLLGLLLITLLGIL,14,25657.98404270886,963.0078964014212,26301.88840774477,26121.15897413314,24550.904746248667,D,77.48496770488607,99999900.0,99999900.0,99999900.0,99999900.0,99999900.0,99999900.0,0.0012388804037164233,-9.794031615530735e-05,0.002224001860725105,0.001121647316095407,0.0011654018902588518,0.10870076041211355,1053.4376666013134
LLLTALLASLLLLLLGFL,17,25657.85666047828,996.3777878974022,26322.578612292687,26138.746716723726,24512.244652418423,D,77.47829511529154,99999900.0,99999900.0,99999900.0,99999900.0,99999900.0,99999900.0,0.0012744195079115459,-5.501619910000049e-05,0.0021509212192653243,0.0011234415093589565,0.0011106915595570526,0.10887463875094205,1055.1227513314805
LLLYILLIVLLGLLLGFL,15,25244.851921104088,1652.5515930631482,24928.226167107165,27032.80827649436,23773.52131971074,D,75.52855518629293,99999900.0,99999900.0,99999900.0,99999900.0,99999900.0,99999900.0,-0.0011206286763345609,0.0021270036279804503,0.0007544844891156597,0.0005869531469205164,0.0016302849318358085,0.05688263367726557,551.2593349295303
LLLAFLLLTLLGLLLGYL,16,26394.94780956896,1583.090338915796,26982.090422579367,27600.58385535329,24602.16915077421,D,81.01973147032147,99999900.0,99999900.0,99999900.0,99999900.0,99999900.0,99999900.0,0.002407248276685147,0.003512699676382409,0.002320908908680835,0.002746952287249464,0.0006645603205050599,0.26621184587617097,2579.904544165178
LLLFYLLLTLLGALLIWL,14,25154.734425680133,689.9405805897103,25377.78463445763,25705.557007946743,24380.86163463603,D,75.1043856128116,99999900.0,99999900.0,99999900.0,99999900.0,99999900.0,99999900.0,-0.00034843209529229047,-0.0011122460096301336,0.0019025629183615652,0.00014729493781304704,0.001567347181255059,0.01427460442812783,138.33763373331468
LLLTFLLLVLLGLLLGYL,17,25484.86926694222,1479.779594778597,25508.24514387676,26952.822442193497,23993.5402147564,D,76.66385749647186,99999900.0,99999900.0,99999900.0,99999900.0,99999900.0,99999900.0,-0.00012434297974694457,0.001931792599810499,0.0011703945501158287,0.0009926147233931277,0.0010395324095345325,0.0961959910934383,932.2518077120966
LLLYTLLIILLGLLLGFL,15,25621.081079162177,1230.108949505528,25714.61112858385,26801.755309585773,24346.876799316906,D,77.34396180743563,99999900.0,99999900.0,99999900.0,99999900.0,99999900.0,99999900.0,0.00023012728253821952,0.0015631026869427416,0.0018383200953634592,0.0012105166882814735,0.0008601213261189737,0.11731324331592043,1136.902711918687
LLLAVLLGILLGLLLLFL,16,26920.286418734755,688.8895753273335,27179.133477639207,27442.259463626506,26139.46631493856,D,83.72169247646552,99999900.0,99999900.0,99999900.0,99999900.0,99999900.0,99999900.0,0.0027457047500602,0.0031262979145765223,0.005226920036453745,0.003699640900363489,0.0013362817662722131,0.35853852931348756,3474.658229387846
LLLYALLIFLLGLLLGTL,15,29479.740433288363,1737.6322812596932,31346.409430750697,29183.607696411706,27909.204172702688,D,95.97554236755032,99999900.0,99999900.0,99999900.0,99999900.0,99999900.0,99999900.0,0.009903741973155656,0.007376180183045359,0.008572322622100961,0.008617414926100658,0.0012643840941804008,0.8351284238923474,8093.372436790676
LLLAALLALLLGFLLGTL,13,28871.97309825561,1193.131768958547,30050.718507982765,28900.243382815148,27664.95740396892,D,93.11494001580236,99999900.0,99999900.0,99999900.0,99999900.0,99999900.0,99999900.0,0.007678162491702096,0.006684609738261496,0.008110613692683448,0.007491128640882347,0.0007311689719354268,0.7259780930457916,7035.577906192863
LLLAYLLGVLLLFLLGLL,16,26324.19541253202,872.2520051451888,27118.247976789404,26463.76390709893,25390.57435370772,D,80.74058590279215,99999900.0,99999900.0,99999900.0,99999900.0,99999900.0,99999900.0,0.0026411230793637113,0.0007382110074500923,0.0038112611621856124,0.002396865082999805,0.0015510176626882053,0.23228429595347147,2251.1068532514605
LLLAVLLLILLGLLLGFL,16,26710.13626804897,1736.3643003340069,28133.84456320498,27220.88262807856,24775.681612863355,D,82.45899958248499,99999900.0,99999900.0,99999900.0,99999900.0,99999900.0,99999900.0,0.004385590748653403,0.002586012249520231,0.0026489060958170114,0.0032068363646635487,0.0010213154910736334,0.3107799986270328,3011.8221375711455
LLLTVLLGLLLIFLLAIL,15,26186.471481122167,1111.6432886232271,26629.64105498437,27008.175411537875,24921.59797684425,D,80.0701515950573,99999900.0,99999900.0,99999900.0,99999900.0,99999900.0,99999900.0,0.0018018538365550765,0.002066885396584129,0.002924737332182518,0.0022644921884405742,0.0005869439234960809,0.21945581226696748,2126.7838230398174
LLLAYLLITLLGLLLAFL,14,27912.18100747681,1018.6722868594215,28271.151508927047,28702.77222916603,26762.61928433737,D,88.51760485072923,99999900.0,99999900.0,99999900.0,99999900.0,99999900.0,99999900.0,0.0046214398355693435,0.006202667563441487,0.0064048897261084065,0.005742999041706412,0.0009765473569784164,0.5565638627413488,5393.755615489904
LLLYTLLAILLGLLLIFL,15,25679.011362226727,1508.89082316073,25500.51747102468,27269.210160593637,24267.306455061876,D,77.64063582241916,99999900.0,99999900.0,99999900.0,99999900.0,99999900.0,99999900.0,-0.00013761663153902213,0.0027039589758830356,0.0016879052561013762,0.0014180825334817965,0.0014398754145430051,0.13742880449552655,1331.846056850971
LLLYLLLIFLLGTLLGVL,15,25382.868154181637,899.6990059236009,25809.692776396296,25989.71425215244,24349.197433996163,D,76.17115228215822,99999900.0,99999900.0,99999900.0,99999900.0,99999900.0,99999900.0,0.00039344691433908,-0.00041874036218406954,0.0018427068791022324,0.0006058044770857477,0.0011455818203524946,0.058709548336031765,568.9642774516795
LLLLYLLAVLLLTLLAFL,16,25831.873516076917,1176.2780531815288,25902.33995649952,26971.33426408761,24621.94632764361,D,78.38222035157891,99999900.0,99999900.0,99999900.0,99999900.0,99999900.0,99999900.0,0.0005525849150991568,0.001976971997097974,0.002358294456119642,0.0016292837894389244,0.0009517415898982112,0.1578966795513435,1530.203735834459
LLLAFLLALLLGVLLGTL,13,28348.97050018289,711.4373491071082,29049.805095909465,28369.72196956589,27627.38443507332,D,90.65922892688126,99999900.0,99999900.0,99999900.0,99999900.0,99999900.0,99999900.0,0.005958915784421591,0.005389835089077832,0.008039588084714258,0.006462779652737893,0.0013948859569215884,0.6263190332180931,6069.7649068858955
LLLYLLLATLLGILLIFL,15,25017.590409537017,1477.8545806251414,24870.783410300803,26563.369520270084,23618.61829804016,D,74.40879710522266,99999900.0,99999900.0,99999900.0,99999900.0,99999900.0,99999900.0,-0.0012192968221553708,0.0009813054794724852,0.0004616654329216368,7.455803007958371e-05,0.0011502398569358454,0.007225546255210418,70.02400496694669
LLLAFLLVLLLGLLLITL,14,26331.256515970683,783.5074595801706,26929.731455407386,26619.60286952136,25444.435222983306,D,80.7998113604641,99999900.0,99999900.0,99999900.0,99999900.0,99999900.0,99999900.0,0.002317312443254187,0.0011185469050415532,0.003913076405923119,0.0024496452514062863,0.0014019567617831186,0.23739931237452971,2300.677352508304
LLLALLLIILLGFLLGTL,14,25995.600617969914,1125.8598761458156,26441.31121663265,26830.368601000868,24715.122036276225,D,79.13622848139566,99999900.0,99999900.0,99999900.0,99999900.0,99999900.0,99999900.0,0.0014783638617348021,0.0016329354277685355,0.002534428031615886,0.0018819091070397412,0.0005703584859139353,0.18237903129284644,1767.4663952096307
LLLVFLLATLLIILLALL,15,25937.72458480209,1400.2313562173144,26501.740283867966,26967.99055171891,24343.4429188194,D,78.80956262593351,99999900.0,99999900.0,99999900.0,99999900.0,99999900.0,99999900.0,0.0015821615265629177,0.001968811432979292,0.0018318289008372424,0.0017942672867931506,0.00019604258126780966,0.1738855125476941,1685.154251907175
LLLGYLLATLLLFLLSLL,16,26270.411022476022,1121.2221195560403,27244.240441990547,26522.334074103317,25044.658551334203,D,80.4298282808489,99999900.0,99999900.0,99999900.0,99999900.0,99999900.0,99999900.0,0.002857537534726566,0.0008811556003389408,0.0031573634029216325,0.0022986855126623795,0.0012367365026789271,0.22276954581814018,2158.8977818258577
LLLIFLLGTLLGLLLGYL,14,31865.60910960957,1940.6068424169207,33774.749962304624,31927.08042466024,29894.99694186385,D,107.58130781647829,99999900.0,99999900.0,99999900.0,99999900.0,99999900.0,99999900.0,0.014074848497127522,0.014071817438301633,0.012326142000132665,0.013490935978520607,0.0010087423139216519,1.3074296871152975,12670.524783987981
LLLIYLLATLLGALLGLL,14,27525.712015460667,817.2198435817368,28322.77367166057,27564.637253618406,26689.72512110302,D,86.61755388179795,99999900.0,99999900.0,99999900.0,99999900.0,99999900.0,99999900.0,0.004710110076403129,0.003424969478338999,0.006267095125008065,0.004800724893250064,0.0014232279619364099,0.46524646289195676,4508.783070194605
LLLTYLLAVLLGLLLIFL,15,25966.924607507623,1245.3532035074331,26059.749435837864,27163.268108605163,24677.75627807985,D,79.03135805554327,99999900.0,99999900.0,99999900.0,99999900.0,99999900.0,99999900.0,0.0008229636769209327,0.002445399981332659,0.002463794121889421,0.0019107192600476709,0.0009420688629655731,0.18517107251169684,1794.524544347589
LLLAYLLVFLLILLLGTL,14,27243.6583993959,1290.394249426932,28358.72594069312,27542.036775356464,25830.212482138115,D,85.14891866946944,99999900.0,99999900.0,99999900.0,99999900.0,99999900.0,99999900.0,0.004771864489330257,0.003369811428951763,0.0046423257885920876,0.004261333902291369,0.0007747930750202984,0.4129731591223194,4002.1935400031316
LLLAYLLLTLLGGLLFLL,16,27176.07484452587,1277.592060140065,28239.76943487394,27529.471490862376,25758.983607841288,D,84.82376629289581,99999900.0,99999900.0,99999900.0,99999900.0,99999900.0,99999900.0,0.00456753554491579,0.003339144972487577,0.0045076791463224825,0.004138119887908616,0.0006925795143643674,0.4010322781835065,3886.4724198779654
LLLLYLLAALLGILLTLL,16,25852.541131641374,761.5880831491052,26197.04706441327,26381.00433825877,24979.57199225208,D,78.48946740320739,99999900.0,99999900.0,99999900.0,99999900.0,99999900.0,99999900.0,0.0010587967599812685,0.0005362304859564791,0.0030343278120351343,0.0015431183526576273,0.001317591786741916,0.14954623965373473,1449.27819412269
LLLAVLLYTLLGGLLFLL,13,27027.11069003064,1384.6575322640847,28081.259865568907,27541.11900887349,25458.953195649523,D,84.08192479971778,99999900.0,99999900.0,99999900.0,99999900.0,99999900.0,99999900.0,0.004295267183024591,0.003367571555600099,0.003940520280213788,0.003867786339612827,0.000468105184624288,0.37483379150861157,3632.5784032523798
LLLLVLLGILLGLLLTFL,16,26262.890997363866,1639.2313142402973,27226.54669584849,27191.95119211,24370.175104133104,D,80.32622406105538,99999900.0,99999900.0,99999900.0,99999900.0,99999900.0,99999900.0,0.0028271453804929883,0.00251540305463939,0.001882361764490535,0.0024083033998743048,0.0004814112299321321,0.23339280281142133,2261.849582864603
LLLYILLLVLLGLLLAFL,17,25117.46305865432,1033.5983954917988,25065.87021698125,26175.891687578176,24110.627271403537,D,74.9267100552969,99999900.0,99999900.0,99999900.0,99999900.0,99999900.0,99999900.0,-0.0008842005531140041,3.563870267379648e-05,0.0013917286535451547,0.00018105560103498237,0.0011449117844523164,0.01754640806157003,170.04524251290292
LLLTVLLGLLLGLLLIFL,15,26709.08585848817,1160.0380108027705,27864.707037804357,26717.869638001965,25544.6808996582,D,82.55967430582135,99999900.0,99999900.0,99999900.0,99999900.0,99999900.0,99999900.0,0.0039232992069783085,0.0013583738328683235,0.0041025746101214745,0.0031280825499893686,0.0015352317822184694,0.3031478317082561,2937.857502185468
LLLFYLLGTLLLILLALL,16,25625.779944604183,1768.91997323476,26282.558678040165,26972.370919021145,23622.410236751253,D,77.23511624680167,99999900.0,99999900.0,99999900.0,99999900.0,99999900.0,99999900.0,0.0012056781569022602,0.0019795020260362415,0.0004688334784675071,0.001218004553802003,0.0007554097035375935,0.11803890517439,1143.9352251414975
LLLAFLLGVLLGLLLLTL,16,31580.75183205163,1545.5039717968937,33090.60254839639,31649.74736668685,30001.90558107164,D,106.27095568270217,99999900.0,99999900.0,99999900.0,99999900.0,99999900.0,99999900.0,0.012899703699916965,0.013394966695095505,0.012528235455084025,0.012940968616698833,0.0004348365849612016,1.2541314091503675,12154.002053508653
LLLSTLLGALLGLLLIFL,14,26395.54265753725,919.9154946487656,26887.32935680721,26965.035044293803,25334.26357151075,D,81.10687014173048,99999900.0,99999900.0,99999900.0,99999900.0,99999900.0,99999900.0,0.002244479301525046,0.0019615983102024637,0.0037048147551456646,0.002636964122291058,0.0009355394937568907,0.2555527046329758,2476.6049827211345
LLLFLLLLTLLGILLAVL,16,26218.73105300821,1061.2292299339183,26798.6730572117,26863.61722303838,24993.902878774563,D,80.21779063738666,99999900.0,99999900.0,99999900.0,99999900.0,99999900.0,99999900.0,0.002092196347454597,0.0017140810174833775,0.0030614180302935045,0.0022892317984104927,0.000694943510813702,0.2218533701957741,2150.0189671224166
LLLTFLLAILLGLLLLVL,17,26625.68224287369,1323.0025460755676,27292.56246542229,27482.531513851696,25101.95274934708,D,82.16572431493726,99999900.0,99999900.0,99999900.0,99999900.0,99999900.0,99999900.0,0.002940539199677848,0.0032245846724716825,0.0032656687981721037,0.003143597556773878,0.0001770494242748227,0.3046514175601317,2952.4290099222076
LLLALLLIILLGLLLGFL,14,25723.254695107647,1532.5663160042268,26978.00621315988,26176.60021555649,24015.157656606578,D,77.68009858194976,99999900.0,99999900.0,99999900.0,99999900.0,99999900.0,99999900.0,0.0024002329209994286,3.736791480670295e-05,0.0012112588202354928,0.001216286552013875,0.0011814405266189509,0.11787241068179943,1142.3216985285133
LLLALLLGFLLGTLLLVL,16,27988.34246628666,1347.1594136856122,28921.64091400577,28599.447384843446,26443.93910001076,D,88.79064516213901,99999900.0,99999900.0,99999900.0,99999900.0,99999900.0,99999900.0,0.005738771019578443,0.005950496047422261,0.005802476488484793,0.005830581185161832,0.00010862447852739105,0.5650515981065687,5476.011711067965
LLLYVLLIILLGFLLALL,15,26260.475220369248,1371.207517579953,27396.68499567299,26647.34706863608,24737.393596798676,D,80.33444298325712,99999900.0,99999900.0,99999900.0,99999900.0,99999900.0,99999900.0,0.0031193881541707494,0.0011862585652658436,0.0025765288070676465,0.0022940585088347468,0.0009970404224066093,0.22232113496093392,2154.5521554907414
LLLAYLLTVLLGLLLLFL,16,26585.066207451564,778.9023837793992,27007.0487820824,27061.924433829496,25686.225406442794,D,82.05603784309928,99999900.0,99999900.0,99999900.0,99999900.0,99999900.0,99999900.0,0.0024501186957215206,0.0021980636482881754,0.004370141559036488,0.0030061079676820617,0.001187991441674391,0.29132706625240007,2823.3004417560114
LLLVYLLLTLLGALLFLL,17,25806.00432922968,1137.095454451951,25776.910500485494,26957.36751476525,24683.73497243829,D,78.27499090445964,99999900.0,99999900.0,99999900.0,99999900.0,99999900.0,99999900.0,0.0003371375280955074,0.0019428851676082113,0.0024750958745630007,0.0015850395234222397,0.0011129944301768357,0.15360889203482583,1488.6500534208512
LLLALLLGLLLGVLLGTL,13,31499.719065283152,1398.968823044678,33108.69759530488,30819.7482137614,30570.71138678317,D,105.93130192323795,99999900.0,99999900.0,99999900.0,99999900.0,99999900.0,99999900.0,0.01293078515955199,0.011369295656729944,0.013603470640233185,0.012634517152171705,0.0011461742945013814,1.224432673419901,11866.186524433244
LLLTFLLIVLLGLLLAIL,15,27330.26399866565,1052.4413342833873,28142.7841096054,27706.62202636089,26141.38586003066,D,85.62561176611439,99999900.0,99999900.0,99999900.0,99999900.0,99999900.0,99999900.0,0.004400946008687002,0.0037714932561279564,0.005230548625335541,0.004467662630050166,0.0007318121161049174,0.4329688291341019,4195.97499911604
LLLTLLLGILLGLLLIFL,15,26586.49192695341,1663.040184354469,27743.699270859324,27335.049144714067,24680.72736528685,D,81.88535536642803,99999900.0,99999900.0,99999900.0,99999900.0,99999900.0,99999900.0,0.0037154468569486746,0.0028646436258107973,0.002469410480708255,0.003016500321155909,0.0006367472062517767,0.2923342070076699,2833.0608151255087
LLLLVLLGFLLGTLLGLL,16,28667.427244631264,1112.054536913594,29589.48524855506,28980.36340410763,27432.433081231105,D,92.1394583168412,99999900.0,99999900.0,99999900.0,99999900.0,99999900.0,99999900.0,0.006885912379959894,0.006880148259178503,0.007671064147478072,0.007145708262205491,0.0004549806709246005,0.6925028131737532,6711.163241718296
LLLYVLLIILLGLLLAFL,15,26167.09417430215,1300.342917930559,26317.86430642105,27385.479945623803,24797.9382708616,D,79.99477578472279,99999900.0,99999900.0,99999900.0,99999900.0,99999900.0,99999900.0,0.0012663218495635176,0.002987723525934031,0.0026909787004621216,0.00231500802531989,0.0009202289901312512,0.2243513884457178,2174.227689364758
LLLYTLLAVLLLILLALL,17,26045.793584941097,1566.3325609444205,26786.21918541668,27104.645212605345,24246.516356801265,D,79.29839670111254,99999900.0,99999900.0,99999900.0,99999900.0,99999900.0,99999900.0,0.0020708046088504252,0.0023023266996390628,0.001648604944944118,0.0020072454178112023,0.00033146321246034185,0.19452558760569366,1885.1807505732506
LLLAALLALLLLFLLGTL,16,26538.550630489462,1272.1294244355072,26401.74288959115,27873.554676225733,25340.35432565151,D,81.855484755244,99999900.0,99999900.0,99999900.0,99999900.0,99999900.0,99999900.0,0.0014103982263880014,0.004178904074557076,0.0037163283386753673,0.0031018768798734813,0.0014830101497476055,0.30060819538244365,2913.2454520495094
LLLYFLLATLLGLLLLVL,17,26255.501544632098,1145.38142364522,27407.223983145213,26242.71241143611,25116.56823931497,D,80.34769082375368,99999900.0,99999900.0,99999900.0,99999900.0,99999900.0,99999900.0,0.0031374907385613012,0.00019871935715947366,0.0032932970131162344,0.00220983570294567,0.0017434192312848875,0.2141589587467078,2075.4511093443803
LLLALLLLFLLGTLLGVL,16,26470.011833538,481.1822085148247,26665.66218302481,26822.54987149127,25921.82344609792,D,81.55302501558407,99999900.0,99999900.0,99999900.0,99999900.0,99999900.0,99999900.0,0.00186372652706861,0.0016138532710355004,0.004815501467894083,0.0027643604219993977,0.001780728461511076,0.2678988979980996,2596.2540549139662
LLLGYLLIFLLGLLLGTL,14,29887.23260110112,1374.2569458540438,31430.82180584684,29434.156414375106,28796.719583081405,D,98.04732396802189,99999900.0,99999900.0,99999900.0,99999900.0,99999900.0,99999900.0,0.010048735232499797,0.007987661869369039,0.010250026659259235,0.009428807920376023,0.0012521206071587044,0.9137619071674874,8855.422976492933
LLLLFLLGTLLGVLLIIL,14,26433.10756674136,753.5215831035167,26541.671056738305,27126.45892205519,25631.192721430576,D,81.35586877302649,99999900.0,99999900.0,99999900.0,99999900.0,99999900.0,99999900.0,0.0016507497270490034,0.002355564584661147,0.004266111187573687,0.0027574751664279453,0.001353210249407514,0.2672316361007913,2589.7875057063297
LLLILLLGFLLGVLLGTL,14,29917.63846529868,1424.1534018918508,31176.66624587569,30204.28487644308,28371.96427357728,D,98.1785200589084,99999900.0,99999900.0,99999900.0,99999900.0,99999900.0,99999900.0,0.009612177879639154,0.009867214295336659,0.009447095589864733,0.009642162588280183,0.00021165831837201027,0.9344384730593309,9055.803114072953
LLLVYLLLTLLGALLIFL,15,26201.69744140057,816.0558806933096,26374.4884586534,26917.520511891893,25313.083353656417,D,80.21044016011352,99999900.0,99999900.0,99999900.0,99999900.0,99999900.0,99999900.0,0.0013635838965135787,0.0018456357675314392,0.0036647769861260335,0.002291332216723684,0.001213612954173183,0.22205692532807916,2151.9916547355224
LLLSYLLFALLLLLLGTL,17,25098.35833650732,1675.8615183676595,24173.89094836781,27032.84603887369,24088.338022280463,D,74.92225630676195,99999900.0,99999900.0,99999900.0,99999900.0,99999900.0,99999900.0,-0.002416333504904067,0.002127095789710828,0.0013495944406608387,0.00035345224182253317,0.002430002448356999,0.03425366147107828,331.9580937229839
LLLAYLLGTLLLVLLGLL,16,27126.47929161524,1179.0062290390226,28327.58517472645,27080.96164738725,25970.891052732022,D,84.59417166400408,99999900.0,99999900.0,99999900.0,99999900.0,99999900.0,99999900.0,0.004718374688210009,0.002244525300711794,0.004908255825487268,0.003957051938136357,0.001486127290809888,0.38348467338467973,3716.4155795795596
LLLSYLLGVLLGLLLIFL,15,26363.72750104665,1199.7534258018009,27223.14513343537,26875.00714523727,24993.03022446732,D,80.88244455603989,99999900.0,99999900.0,99999900.0,99999900.0,99999900.0,99999900.0,0.0028213025923878184,0.0017418789199826758,0.003059768418763173,0.002540983310377889,0.0007022409541239383,0.2462510399383615,2386.4609587579835
LLLYFLLIVLLGILLTLL,15,25497.12163406009,820.9971145962807,25899.50274234302,26039.30403136909,24552.55812846817,D,76.74065438621257,99999900.0,99999900.0,99999900.0,99999900.0,99999900.0,99999900.0,0.0005477114954430941,-0.00029771303438011693,0.0022271273118352327,0.00082570859096607,0.0012851717715187414,0.08002083224277255,775.4955759070058
LLLLVLLGILLGTLLLFL,16,25568.747642735463,858.6103127402309,26142.205778574706,25982.426308906288,24581.6108407254,D,77.0686126608265,99999900.0,99999900.0,99999900.0,99999900.0,99999900.0,99999900.0,0.0009645971029842907,-0.0004365270978824716,0.002282046755570362,0.000936705586890727,0.0013595015269104503,0.09077774102090064,879.7426192589825
LLLAYLLGTLLLLLLAFL,16,26154.01489993045,1512.098267159572,27043.263197537533,27010.685978371355,24408.09552388247,D,79.81710237782396,99999900.0,99999900.0,99999900.0,99999900.0,99999900.0,99999900.0,0.002512323391728501,0.0020730126106981877,0.001954044171984848,0.002179793391470512,0.00029405870698919276,0.21124750694271718,2047.2357317960534
LLLAYLLLVLLGLLLGFL,16,27154.981249754725,761.9129087937235,27891.11843359208,27204.150977643232,26369.674338028864,D,84.81855913142262,99999900.0,99999900.0,99999900.0,99999900.0,99999900.0,99999900.0,0.003968665474124902,0.0025451774853021674,0.005662090992595252,0.004058644650674108,0.0015604036792272295,0.3933301969701375,3811.830233101863
LLLVFLLGTLLGLLLLAL,17,27835.576409856123,1065.6124654456155,28737.736361226383,28109.141514966268,26659.85135337572,D,88.08537258085074,99999900.0,99999900.0,99999900.0,99999900.0,99999900.0,99999900.0,0.005422882259365988,0.004753870247202872,0.006210623608981284,0.005462458705183381,0.0007291826318288367,0.5293762187567135,5130.275506142208
LLLTLLLGLLLGVLLIIL,15,27356.73189598583,1243.3972163876676,28276.06603466317,27852.13298851698,25941.996664777344,D,85.72095019681898,99999900.0,99999900.0,99999900.0,99999900.0,99999900.0,99999900.0,0.004629881407125641,0.004126622946038346,0.004853635668185328,0.004536713340449771,0.00037235344906013783,0.4396606516167362,4260.826595688964
LLLAVLLFLLLLLLLGTL,16,25876.360644266475,873.962044285548,26289.705318257347,26466.9770192282,24872.39959531388,D,78.58541295108381,99999900.0,99999900.0,99999900.0,99999900.0,99999900.0,99999900.0,0.0012179537818597266,0.0007460528325415296,0.002831735765843596,0.0015985807934149508,0.0010936983203840873,0.15492119967737203,1501.367851305482
LLLYLLLLFLLGVLLATL,17,25143.24849377108,1293.2443826563892,25379.747536946383,26301.92190846626,23748.07603590059,D,74.98365197832368,99999900.0,99999900.0,99999900.0,99999900.0,99999900.0,99999900.0,-0.0003450604613429427,0.0003432242797337043,0.000706384304177226,0.0002348493741893292,0.0005340345155968431,0.02275965465290486,220.567707155947
LLLYALLAFLLGLLLLTL,17,26656.30548029006,931.4935536436684,27352.165824504824,27018.666816291632,25598.083800073724,D,82.35971122786172,99999900.0,99999900.0,99999900.0,99999900.0,99999900.0,99999900.0,0.003042918563975948,0.0020924904043561846,0.004203524137955423,0.003112977702095852,0.0010572592247051161,0.3016839950562412,2923.671210745209
LLLYLLLIFLLGVLLATL,15,25443.649795264377,1160.414993542165,26161.68656364192,26064.366251060856,24104.89657109036,D,76.40714977327706,99999900.0,99999900.0,99999900.0,99999900.0,99999900.0,99999900.0,0.0009980588142352895,-0.0002365469326945616,0.001380895693419926,0.0007141358583202178,0.0008452747162104733,0.06920812783397426,670.7078075522147
LLLAVLLLILLGLLLTFL,16,26435.96488415318,875.2610141933277,26799.45712282537,27070.91141648327,25437.526113150903,D,81.32376758338388,99999900.0,99999900.0,99999900.0,99999900.0,99999900.0,99999900.0,0.0020935431195213228,0.0022199970086053313,0.0039000158535953057,0.00273785199390732,0.0010084474572776584,0.26532992087883056,2571.3576581287475
LLLLYLLIVLLGTLLAFL,14,25771.85414095821,1292.335311252463,25615.63930896021,27135.196263696755,24564.72685021767,D,78.11257002162678,99999900.0,99999900.0,99999900.0,99999900.0,99999900.0,99999900.0,6.012558913595304e-05,0.002376888678611413,0.0022501303080282604,0.001562381525258542,0.0013025346806668494,0.15141306666755797,1467.369934106241
LLLTALLFLLLGLLLLVL,17,27079.72145420917,543.8783377375801,27522.895242326584,27243.49334285101,26472.77577744993,D,84.49913492658095,99999900.0,99999900.0,99999900.0,99999900.0,99999900.0,99999900.0,0.0033361766878909492,0.002641195281827981,0.0058569875534107314,0.003944786507709888,0.0016920799088925636,0.38229600953731246,3704.896034868036
LLLTYLLGVLLILLLGFL,15,25483.78978188261,1187.5360347500807,25781.88657889826,26493.877077992416,24175.60568875715,D,76.6491741608363,99999900.0,99999900.0,99999900.0,99999900.0,99999900.0,99999900.0,0.0003456848273155212,0.0008117043091447787,0.0015145598200212325,0.0008906496521605108,0.0005884228603063429,0.08631438158979819,836.4874393828024
LLLYVLLGILLLFLLALL,17,25169.01525434364,1658.4842876711878,25670.601540971613,26518.80904408024,23317.635177979068,D,75.03594090083773,99999900.0,99999900.0,99999900.0,99999900.0,99999900.0,99999900.0,0.00015453299268413523,0.0008725525177912695,-0.00010729437300163685,0.0003065970458245893,0.0005073140935773995,0.02971284426307642,287.9522572787386
LLLGLLLGLLLGTLLIFL,14,29684.326950142982,936.916523950973,30730.90386833408,29398.35713461468,28923.719847480195,D,97.14084665261164,99999900.0,99999900.0,99999900.0,99999900.0,99999900.0,99999900.0,0.008846501757635286,0.007900291220917836,0.010490100075236427,0.009078964351263184,0.0013104604605076412,0.8798579683427288,8526.854104768949
LLLALLLGILLGLLLIFL,14,27597.43011838239,1392.9624364336728,28973.42903339158,27630.75901103144,26188.10231072415,D,86.85024751754611,99999900.0,99999900.0,99999900.0,99999900.0,99999900.0,99999900.0,0.005827726320462938,0.0035863442562834398,0.005318858503692164,0.00491097636014618,0.0011750422425062586,0.4759311211764147,4612.329921651197
LLLAGLLYLLLGLLLIFL,14,26603.364550385868,499.4424648640819,26111.4772819583,27110.034021598327,26588.58234760098,D,82.32877473289737,99999900.0,99999900.0,99999900.0,99999900.0,99999900.0,99999900.0,0.0009118154477579899,0.00231547846524014,0.006075901104657083,0.0031010650058850707,0.002670169437990703,0.30052951528520394,2912.482949765901
LLLTVLLLILLGLLLSFL,17,25934.240583390903,927.6892471230924,25968.571795612534,26844.287663306524,24989.862291253656,D,78.9128403564552,99999900.0,99999900.0,99999900.0,99999900.0,99999900.0,99999900.0,0.0006663498721260712,0.0016669058737556132,0.003053779954473024,0.0017956785667849029,0.0011989130095116601,0.17402228210623225,1686.4797090986635
LLLFTLLGALLLILLSLL,16,25707.671456309334,947.3912302307908,26006.65339089287,26469.502328552164,24646.858649482965,D,77.76755029969719,99999900.0,99999900.0,99999900.0,99999900.0,99999900.0,99999900.0,0.0007317617813921148,0.0007522160267356868,0.002405387162833361,0.0012964549903203876,0.0009604178863723338,0.1256416711970435,1217.6149314126906
LLLALLLLVLLGTLLGFL,16,26246.962858155908,1298.2733422603394,27319.688093558376,26617.495547654948,24803.704933254405,D,80.28307234015477,99999900.0,99999900.0,99999900.0,99999900.0,99999900.0,99999900.0,0.0029871322878444683,0.0011134038384995428,0.002701879641070251,0.0022674719224714205,0.0010095776963437808,0.21974458338987835,2129.582353397358
LLLAALLFLLLILLLGTL,14,26126.18009959104,697.6401154859477,26510.26337973929,26547.37720272234,25320.89971631149,D,79.82857132603017,99999900.0,99999900.0,99999900.0,99999900.0,99999900.0,99999900.0,0.00159680145878468,0.0009422751089249597,0.0036795525528699564,0.002072876373526532,0.001429390585045725,0.2008859958110687,1946.8205546840913
LLLTFLLGVLLLLLLAIL,17,26737.5819803534,950.8164256538374,27333.20488768374,27238.505081775616,25641.035971600835,D,82.76294294357912,99999900.0,99999900.0,99999900.0,99999900.0,99999900.0,99999900.0,0.0030103497844957356,0.0026290210814608923,0.004284718256652472,0.003308029707536367,0.0008670601400251605,0.3205868186149865,3106.8617079082983
LLLVLLLLALLGILLTFL,17,25797.712420973552,849.3783316261799,26167.905838555413,26399.16588567467,24826.06553869057,D,78.2090509243241,99999900.0,99999900.0,99999900.0,99999900.0,99999900.0,99999900.0,0.0010087415244355103,0.0005805550138582532,0.0027441487414992245,0.0014444817599309958,0.0011457253681376198,0.13998719869675286,1356.6398927668222
LLLYVLLLTLLGALLFLL,17,25695.23743285407,885.197601067688,26320.439982748045,26082.93332457317,24682.338991241,D,77.67838757657854,99999900.0,99999900.0,99999900.0,99999900.0,99999900.0,99999900.0,0.0012707460315065254,-0.00019123268996487652,0.0024724569983664785,0.0011839901133027092,0.0013339623798811714,0.11474250755081532,1111.989271795787
LLLLTLLGALLGLLLAFL,16,26837.18246008514,973.7274436981482,27325.92865872824,27469.730394605787,25715.88832692139,D,83.25771639297643,99999900.0,99999900.0,99999900.0,99999900.0,99999900.0,99999900.0,0.002997851567844558,0.0031933426447856243,0.004426214502513166,0.0035391362383811165,0.0007744256422101109,0.3429837479157945,3323.9141816189467
LLLYALLASLLLILLTLL,17,26439.517645162785,1083.008349180286,27466.831073214315,26543.4185598673,25308.303302406737,D,81.25978598360877,99999900.0,99999900.0,99999900.0,99999900.0,99999900.0,99999900.0,0.0032398765114920467,0.0009326137639050016,0.0036557410739766444,0.002609410449791231,0.0014669598419629311,0.252882431089859,2450.726904961757
LLLAYLLGLLLGTLLIFL,14,27275.102548324136,1041.778072263635,28074.65299168667,27653.68512883825,26096.969524447493,D,85.3586624827617,99999900.0,99999900.0,99999900.0,99999900.0,99999900.0,99999900.0,0.004283918702696086,0.0036422970517769305,0.005146586741798379,0.004357600832090465,0.0007548467791679803,0.4223025519907736,4092.6062824429364
LLLALLLGVLLGLLLIFL,14,28271.46651110049,902.0086471587751,28895.56016230422,28681.56920979717,27237.270161200093,D,90.25675983810494,99999900.0,99999900.0,99999900.0,99999900.0,99999900.0,99999900.0,0.00569397269242504,0.006150920110314558,0.007302140278652055,0.006382344360463883,0.0008286848822174139,0.6185239114283024,5994.2210479655205
LLLSYLLATLLGALLFLL,13,27325.37317885653,1412.9945541629072,28351.434053952573,27910.95683212562,25713.72865049141,D,85.5368623829043,99999900.0,99999900.0,99999900.0,99999900.0,99999900.0,99999900.0,0.004759339377649939,0.004270186654438984,0.004422131984256957,0.004483886005448627,0.000250355279565219,0.43454106420029254,4211.211798133796
LLLIYLLASLLGILLTLL,14,26148.1842481627,1136.6534164986697,26894.275556817516,26710.28126134673,24839.99592632385,D,79.84783014315947,99999900.0,99999900.0,99999900.0,99999900.0,99999900.0,99999900.0,0.002256410634797013,0.0013398538684026469,0.002770481881519359,0.0021222487949063393,0.0007246886762194547,0.20567076163750947,1993.190538926426
LLLLGLLYVLLLTLLAFL,16,26833.7577498245,696.8383342880481,27110.17424054667,27349.97987270436,26041.11913622248,D,83.29615116022693,99999900.0,99999900.0,99999900.0,99999900.0,99999900.0,99999900.0,0.0026272550021820685,0.0029010831127247888,0.005041010634942978,0.0035231162499499446,0.0013216459365222903,0.34143122342857546,3308.868401194258
LLLTYLLFVLLGGLLLLL,17,25296.354992857458,786.6929618869461,24920.544492594632,26200.47296781412,24768.047518163617,D,75.88213848029422,99999900.0,99999900.0,99999900.0,99999900.0,99999900.0,99999900.0,-0.001133823317801814,9.563103794834872e-05,0.0026344750771011426,0.0005320942657492258,0.001921690222219445,0.05156616564573164,499.7365336495177
LLLSYLLLVLLGLLLGFL,17,26714.112267269087,1055.72389002494,27587.185383477787,27014.366339048567,25540.785079280904,D,82.61217329765906,99999900.0,99999900.0,99999900.0,99999900.0,99999900.0,99999900.0,0.0034466064335128515,0.002081994788581491,0.004095210193122512,0.003207937138405618,0.0010276095272965088,0.31088667649367374,3012.8559710281165
LLLTALLFYLLGLLLLVL,17,29385.696431429024,1321.5469244019969,30744.44394214269,29307.85420059391,28104.791151550464,D,95.59767904023046,99999900.0,99999900.0,99999900.0,99999900.0,99999900.0,99999900.0,0.008869759241280717,0.007679412474612119,0.008942048105389733,0.008497073273760857,0.0007090368867816095,0.8234659084733974,7980.349004543634
LLLAVLLIILLGLLLTFL,14,25944.065547401417,1052.2323990463494,25997.594988994744,26968.51154323813,24866.090109971374,D,78.945252183028,99999900.0,99999900.0,99999900.0,99999900.0,99999900.0,99999900.0,0.0007162023659134925,0.0019700829492549413,0.002819808706428372,0.001835364673865602,0.0010582540664965617,0.17786833064177887,1723.7524234712314
LLLWTLLALLLLILLGFL,17,25585.469025746494,1069.7971307420455,25495.01953487155,26697.61929255097,24563.76824981696,D,77.21456600216383,99999900.0,99999900.0,99999900.0,99999900.0,99999900.0,99999900.0,-0.00014706031419337568,0.0013089514471316729,0.002248318229338148,0.0011367364540921484,0.001206939557133456,0.11016307459115411,1067.6092034955009
LLLAFLLITLLGYLLGLL,14,27090.11042328289,1126.856557513673,28141.91266858076,27227.601890886028,25900.8167103819,D,84.42839149893594,99999900.0,99999900.0,99999900.0,99999900.0,99999900.0,99999900.0,0.004399449153820109,0.0026024110807964765,0.004775791638739407,0.003925883957785331,0.0011615049541791348,0.3804641310840389,3687.1429873640677
LLLTYLLIVLLGFLLGLL,15,26754.23133293112,1247.6891377730371,27406.1069546428,27540.95780876752,25315.62923538305,D,82.8036663000366,99999900.0,99999900.0,99999900.0,99999900.0,99999900.0,99999900.0,0.0031355720435457817,0.003367178135456364,0.003669589562900422,0.0033907799139675228,0.0002677899563204122,0.32860628269629755,3184.5797063581776
LLLTFLLIILLGVLLGLL,15,25864.194675379054,956.0361844176498,25821.58112486009,26840.82508684775,24930.17781442933,D,78.57970219573575,99999900.0,99999900.0,99999900.0,99999900.0,99999900.0,99999900.0,0.00041386726609462897,0.0016584552135038043,0.0029409561245396145,0.001671092868046016,0.001263591827827895,0.1619484688896725,1569.470319526671
LLLLVLLLILLGTLLAFL,16,25118.205609101093,818.090685005668,25244.609843097936,25865.737015594696,24244.269968610643,D,74.92568780368173,99999900.0,99999900.0,99999900.0,99999900.0,99999900.0,99999900.0,-0.0005771834725604284,-0.0007213154872627524,0.0016443585121584342,0.00011528651744508443,0.0013261747181944144,0.011172613647549732,108.27571036385477
LLLYTLLLILLGLLLGFL,17,25837.02914021556,1070.7878077811251,26148.30894482684,26717.688032526403,24645.090443293437,D,78.38462947185961,99999900.0,99999900.0,99999900.0,99999900.0,99999900.0,99999900.0,0.0009750803759191921,0.0013579306119915822,0.002402044655618265,0.0015783518811763465,0.0007385769532120808,0.15296078118299106,1482.369100271422
LLLTFLLAVLLGILLLLL,17,26008.737810524577,833.7201802682652,26577.52288264449,26396.990794249527,25051.699754679717,D,79.2207469245665,99999900.0,99999900.0,99999900.0,99999900.0,99999900.0,99999900.0,0.0017123316110518624,0.0005752465509638288,0.003170673656626614,0.0018194172728807684,0.0013010230472321684,0.17632284072817322,1708.7748163029637
LLLIYLLALLLGFLLGTL,14,28683.68255064391,1341.8104868967905,29794.80180312375,29063.27846645177,27192.967382356208,D,92.17348310027,99999900.0,99999900.0,99999900.0,99999900.0,99999900.0,99999900.0,0.007238580059436003,0.007082508273454191,0.007218393055725527,0.007179827129538574,8.488285216627231e-05,0.6958093309804527,6743.207271490117
LLLTFLLIVLLGILLALL,15,26705.62411256492,1065.019209730142,27204.923070535897,27429.263557805447,25482.685709353413,D,82.6038521214579,99999900.0,99999900.0,99999900.0,99999900.0,99999900.0,99999900.0,0.0027900029602099625,0.003094580496617411,0.00398538275086761,0.0032899887358983277,0.0006211855567882527,0.3188384371875206,3089.917844366811
LLLVLLLGILLLFLLATL,17,25392.39612351993,1345.8217573539737,25686.727736597542,26566.69271853657,23923.76791542568,D,76.18691961470364,99999900.0,99999900.0,99999900.0,99999900.0,99999900.0,99999900.0,0.00018223260025899136,0.0009894159774885899,0.0010385013267418133,0.0007367166348297982,0.0004808240336373251,0.07139646951862427,691.9154012182034
LLLFYLLLTLLGALLIIL,14,26010.71719560136,1286.6286527162583,26551.186126668385,26938.953960804694,24542.011499330994,D,79.18119891740751,99999900.0,99999900.0,99999900.0,99999900.0,99999900.0,99999900.0,0.00166709355104967,0.0018979456000920145,0.002207190618821308,0.0019240765899876642,0.00027099507768329524,0.18646555420903393,1807.0695879473847
LLLVYLLALLLITLLAFL,15,25592.91975373597,1444.5070254661557,26153.610251245394,26673.02302334682,23952.12598661569,D,77.12138981878245,99999900.0,99999900.0,99999900.0,99999900.0,99999900.0,99999900.0,0.0009841863120515746,0.0012489225302308804,0.0010921076641249587,0.0011084055021358045,0.0001331184846174305,0.10741747356607068,1041.0011142207202
LLLTYLLGVLLGLLLLFL,17,25660.215089682344,1440.961012691774,25834.579531192063,27006.059882368078,24140.005855486896,D,77.50175435077831,99999900.0,99999900.0,99999900.0,99999900.0,99999900.0,99999900.0,0.00043619433956229846,0.002061722299543641,0.0014472641051511304,0.0013150602480856899,0.0008207884514523281,0.12744473855853106,1235.0887656969148
LLLLVLLGSLLGILLTLL,16,27744.70897597504,1016.8976584756286,28381.066689839405,28281.145525420023,26571.914712665694,D,87.66909231794887,99999900.0,99999900.0,99999900.0,99999900.0,99999900.0,99999900.0,0.00481023869727335,0.005173658076179359,0.006044393642258344,0.005342763471903684,0.0006342176938599545,0.5177763489148267,5017.859182900421
LLLLLLLGILLGVLLGTL,16,28055.9112316205,1160.8714227858188,29036.488271421,28357.123793212148,26774.121630228357,D,89.14251596306696,99999900.0,99999900.0,99999900.0,99999900.0,99999900.0,99999900.0,0.005936041771168235,0.005359088357727506,0.006426633046745361,0.005907254391880368,0.0005343542370630693,0.5724821297486835,5548.02226449004
LLLTALLFLLLGLLLIVL,15,27174.450373782885,1114.78824557395,27912.35551119167,27718.939012058527,25892.05659809846,D,84.86283004455179,99999900.0,99999900.0,99999900.0,99999900.0,99999900.0,99999900.0,0.004005143929998243,0.003801553721996781,0.004759232066283517,0.00418864323942618,0.0005045205151421927,0.4059285826187061,3933.923343860752
LLLALLLGILLGVLLITL,14,30386.37618336019,1554.7816882597874,32076.240399830305,30066.43483272791,29016.453317522355,D,100.44138188313671,99999900.0,99999900.0,99999900.0,99999900.0,99999900.0,99999900.0,0.01115735639706705,0.009530781613198343,0.010665397670354284,0.01045117856020656,0.0008341784894396071,1.0128415950318193,9815.621182979048
LLLVYLLILLLGTLLAFL,15,25467.405714156597,1096.9307955309646,25399.91647171281,26596.522907520022,24405.777763236947,D,76.63161928510713,99999900.0,99999900.0,99999900.0,99999900.0,99999900.0,99999900.0,-0.00031041673065827633,0.0010622186420211589,0.0019496628211410313,0.0009004882441679714,0.0011386867156104232,0.0872678563739384,845.7277266444537
LLLSYLLILLLGTLLGFL,14,26454.598534446417,864.6816911397702,26855.918200873257,27045.697074094704,25462.180328371287,D,81.41150981199208,99999900.0,99999900.0,99999900.0,99999900.0,99999900.0,99999900.0,0.002190525057571553,0.0021584596408285917,0.003946620651579103,0.002765201783326416,0.0010232643619492079,0.26798043576377323,2597.044251351281
LLLTYLLLVLLGILLALL,17,27619.23684033886,1108.852446394567,28066.62919381693,28434.498703855654,26356.582623344,D,87.06652951835132,99999900.0,99999900.0,99999900.0,99999900.0,99999900.0,99999900.0,0.004270136403547091,0.005547927243929058,0.0056373432278541856,0.005151802291776778,0.000764852834469617,0.49926997423615394,4838.510739661949
LLLAYLLFTLLIALLGLL,14,27015.81918708131,863.2725225326717,27745.766217496777,27238.742302031165,26062.949041715983,D,84.12256118888867,99999900.0,99999900.0,99999900.0,99999900.0,99999900.0,99999900.0,0.003718997205218266,0.0026296000341016093,0.005082276533144793,0.0038102912574882234,0.0012288842318235614,0.36926184473245605,3578.5797137487707
LLLFYLLGVLLGLLLITL,14,26193.422001504037,945.4581625714958,26730.486097070054,26748.03195551261,25101.74795192944,D,80.11213955948487,99999900.0,99999900.0,99999900.0,99999900.0,99999900.0,99999900.0,0.001975073122519322,0.0014319870803227962,0.003265281661847078,0.0022241139548963987,0.0009416784258996664,0.2155426885716967,2088.861071818576
LLLFLLLGILLGVLLITL,14,27253.51033108395,1562.449873255023,28467.7951883746,27801.955986684312,25490.779818192943,D,85.15132341153681,99999900.0,99999900.0,99999900.0,99999900.0,99999900.0,99999900.0,0.004959210310337413,0.00400416246033038,0.004000683351756877,0.004321352040808224,0.0005524042044139382,0.41878961961010674,4058.5618537196438
LLLAYLLILLLGTLLAFL,14,27069.045156331176,1296.663074392555,28092.257309474608,27504.071424303973,25610.80673521495,D,84.30105618971506,99999900.0,99999900.0,99999900.0,99999900.0,99999900.0,99999900.0,0.004314157247834707,0.003277154331872387,0.004227574784740054,0.003939628788149049,0.0005753507057814203,0.3817961661104078,3700.0519667004523
LLLYVLLGILLITLLSLL,15,25459.884827122813,1170.4658525850102,25501.434073721783,26609.022831820752,24269.197575825896,D,76.57061153674357,99999900.0,99999900.0,99999900.0,99999900.0,99999900.0,99999900.0,-0.00013604220347174792,0.0010927255823577886,0.001691480113397877,0.0008827211640946393,0.0009316844135390821,0.08554601824660513,829.0410987658043
LLLTALLLFLLGVLLGLL,17,28586.84030309735,754.6235482204352,29132.70868367374,28902.10461913502,27725.707606483287,D,91.82243079926452,99999900.0,99999900.0,99999900.0,99999900.0,99999900.0,99999900.0,0.006101317433321697,0.006689152215799495,0.008225452104303864,0.007005307251141686,0.0010967919264365028,0.6788963109816087,6579.30030105849
LLLTLLLGLLLLFLLAIL,17,25900.852548369785,990.783445291268,26037.1629197186,26816.423161615126,24848.97156377563,D,78.7284326400321,99999900.0,99999900.0,99999900.0,99999900.0,99999900.0,99999900.0,0.0007841673205142932,0.0015989006066709339,0.002787448869374249,0.0017235055988531589,0.0010074368685224076,0.16702787630433547,1618.6957258102475
LLLAFLLGILLILLLGTL,14,26759.429637841284,1095.1990979587483,27597.54544553997,27160.513480176003,25520.22998780788,D,82.83033302997843,99999900.0,99999900.0,99999900.0,99999900.0,99999900.0,99999900.0,0.0034644016817059354,0.002438677117808352,0.004056354124207909,0.0033198109745740654,0.0008184739328165122,0.3217285613600002,3117.9265321892535
LLLLYLLIVLLGTLLTFL,14,25543.705463215872,1044.4891018724516,25708.36423176615,26496.08526580676,24426.666892074707,D,76.97485500052386,99999900.0,99999900.0,99999900.0,99999900.0,99999900.0,99999900.0,0.00021939712680746378,0.0008170935460940232,0.001989150333553773,0.0010085470021517532,0.0009002763034616362,0.09774001548622974,947.2152122674199
LLLVFLLGTLLIILLALL,15,25599.85162660132,771.9183308080296,25231.243266361103,26486.974287559988,25081.337325882872,D,77.36445676352015,99999900.0,99999900.0,99999900.0,99999900.0,99999900.0,99999900.0,-0.0006001429441442993,0.0007948575658516165,0.003226698681406613,0.0011404711010379767,0.0019366893771434533,0.11052500561622491,1071.1167389816899
LLLVYLLLLLLGTLLAFL,17,25900.36492968052,1282.0192091545955,26801.66275130179,26466.731225342697,24432.70081239707,D,78.6055661721774,99999900.0,99999900.0,99999900.0,99999900.0,99999900.0,99999900.0,0.0020973316785013766,0.0007454529553566938,0.002000556481961269,0.0016144470386064466,0.0007541249214875826,0.15645882464419708,1516.269237928897
LLLLFLLGTLLGVLLLIL,16,25533.396326168444,1043.4698196251222,25431.906839460516,26623.902666011865,24544.37947303295,D,76.96473698231597,99999900.0,99999900.0,99999900.0,99999900.0,99999900.0,99999900.0,-0.0002554675874541621,0.0011290408593919656,0.0022116668893099076,0.0010284133870825704,0.0012366416407945406,0.09966530083897059,965.8734820149697
LLLFLLLASLLGILLTLL,16,25870.68743924408,1643.0472505688751,27120.18637400876,26482.331346406587,24009.544597316897,D,78.38500372747362,99999900.0,99999900.0,99999900.0,99999900.0,99999900.0,99999900.0,0.0026444526211568207,0.0007835261429289179,0.0012006482413982336,0.0015428756684946574,0.0009765252419856871,0.1495227207162967,1449.0502680761588
LLLTVLLAILLGLLLIFL,15,26710.77603914472,1528.158758835713,27629.31649025381,27556.29766364272,24946.71396353763,D,82.53107880254633,99999900.0,99999900.0,99999900.0,99999900.0,99999900.0,99999900.0,0.0035189740986125914,0.0034046161251746615,0.0029722150342933115,0.0032986017526935216,0.0002883845591970053,0.31967313938102204,3098.0070861319605
LLLALLLILLLGTLLGFL,14,26142.12563926493,1110.7120724221386,26352.297631939677,27132.736730605364,24941.34255524975,D,79.88392620991078,99999900.0,99999900.0,99999900.0,99999900.0,99999900.0,99999900.0,0.0013254672069985764,0.002370886015917636,0.0029620612575087983,0.0022194714934750037,0.0008287368639962033,0.2150927796926328,2084.500927897343
LLLALLLGLLLIVLLGTL,14,26947.45947195052,1279.175736703139,27929.4776669765,27411.97157454166,25500.92917433339,D,83.71272046939099,99999900.0,99999900.0,99999900.0,99999900.0,99999900.0,99999900.0,0.004034554276187573,0.003052378200904347,0.0040198690645594495,0.0037022671805504565,0.0005628682601277466,0.3587930466196693,3477.1248001470312
LLLAFLLATLLLLLLGVL,16,26327.269710188542,1278.0730765422445,27106.40904031233,27023.138766185035,24852.261324068277,D,80.70198900014294,99999900.0,99999900.0,99999900.0,99999900.0,99999900.0,99999900.0,0.002620787601478816,0.0021034045111382933,0.0027936676280118033,0.002505953246876304,0.00035917403772644087,0.2428562165520209,2353.5611445057943
LLLYTLLATLLLALLFLL,17,26276.87078370076,1463.2358663881143,27702.14227248649,26350.05314047729,24778.416938138507,D,80.38748733963926,99999900.0,99999900.0,99999900.0,99999900.0,99999900.0,99999900.0,0.0036440653250847323,0.000460691920973992,0.0026540767849153636,0.0022529446769913625,0.0016291552361593924,0.21833672317596292,2115.9385391956444
LLLSYLLFALLGLLLITL,14,26222.9231072369,1466.0510352577464,27434.536307086983,26640.98208854901,24593.250926074707,D,80.1325085389398,99999900.0,99999900.0,99999900.0,99999900.0,99999900.0,99999900.0,0.0031844045099611654,0.0011707243857709533,0.0023040504503288183,0.0022197264486869786,0.0010094849248895926,0.21511748783842427,2084.740378765487
LLLFYLLLTLLLGLLAIL,16,27338.942368260225,1092.326950150212,28125.550364157018,27799.52013122366,26091.7566094,D,85.66469969258667,99999900.0,99999900.0,99999900.0,99999900.0,99999900.0,99999900.0,0.004371343987414385,0.00399821758455202,0.0051367325707966476,0.004502098047587684,0.0005804106836238916,0.43630602436269406,4228.316329031975
LLLTLLLLVLLGLLLAFL,17,26077.8639918973,1225.9968546277737,26490.75672548043,27044.11024487993,24698.72500533153,D,79.53124805628445,99999900.0,99999900.0,99999900.0,99999900.0,99999900.0,99999900.0,0.0015632953125985364,0.0021545868730409707,0.0025034321022025744,0.0020737714292806938,0.000475250089694231,0.20097273719554176,1947.6611802814712
LLLLYLLAVLLLTLLTFL,16,26690.125804773263,1348.9688219051989,27436.652630121465,27500.81347079665,25132.91131340167,D,82.4688738814893,99999900.0,99999900.0,99999900.0,99999900.0,99999900.0,99999900.0,0.003188039670969788,0.0032692030682586037,0.003324190945834692,0.0032604778950210286,6.849371429448063e-05,0.3159784911084534,3062.2016176107527
LLLALLLGILLLFLLGTL,16,26363.88864057036,1609.5586987523518,27427.842162219316,27151.639648097163,24512.1841113946,D,80.81335407502213,99999900.0,99999900.0,99999900.0,99999900.0,99999900.0,99999900.0,0.003172906126201921,0.002417019909390647,0.002150806776272115,0.002580244270621561,0.0005302390162522585,0.2500558867665546,2423.334380335451
LLLAFLLALLLLVLLGTL,16,26447.254246206176,923.8116713835032,27008.83790006915,26951.889598566195,25381.03523998318,D,81.35175908555522,99999900.0,99999900.0,99999900.0,99999900.0,99999900.0,99999900.0,0.0024531918238968006,0.0019295159296325952,0.0037932290137638203,0.0027253122557644054,0.0009611939253190999,0.2641146734013537,2559.580486909679
LLLTYLLLILLGALLIFL,15,25064.395855526367,1096.8966229052542,24879.506805074918,26241.98748165976,24071.69327984442,D,74.68262393556664,99999900.0,99999900.0,99999900.0,99999900.0,99999900.0,99999900.0,-0.0012043128409629925,0.000196950115290215,0.001318130252821565,0.0001035891757162625,0.0012638105036452067,0.010039004247805815,97.28970772343104
LLLAYLLLFLLGTLLGLL,16,27060.43389659091,672.3078793732814,27381.89728200997,27511.66123318284,26287.74317457992,D,84.40050237244392,99999900.0,99999900.0,99999900.0,99999900.0,99999900.0,99999900.0,0.0030939876272953123,0.003295677791780101,0.005507213407282434,0.0039656262754526155,0.0013388569357403123,0.38431562708370137,3724.468494043381
LLLAYLLLTLLLGLLSFL,16,27314.50037268968,1149.4953375896446,28151.448975182582,27788.201675642988,26003.850467243465,D,85.53373752457337,99999900.0,99999900.0,99999900.0,99999900.0,99999900.0,99999900.0,0.004415829455579517,0.0039705941013376276,0.004970560256645961,0.004452327937854369,0.0005009812195549933,0.43148271787751585,4181.572840671954
LLLYVLLGLLLGTLLLFL,17,25554.169452291357,853.1895215757442,25644.566239590557,26358.5613571746,24659.380760108903,D,77.056172488467,99999900.0,99999900.0,99999900.0,99999900.0,99999900.0,99999900.0,0.00010981273453541264,0.0004814568194574852,0.0024290581834209516,0.0010067759124712831,0.001245670492207992,0.09756837615516502,945.5518261445599
LLLILLLGTLLGLLLGFL,14,29596.974253918237,1168.643828833305,30706.012321406888,29708.228696903,28376.681743444817,D,96.66108655877672,99999900.0,99999900.0,99999900.0,99999900.0,99999900.0,99999900.0,0.008803746101074497,0.008656554461823722,0.009456013202054208,0.008972104588317474,0.0004254903107037655,0.8695020058909194,8426.492700862624
LLLTLLLGLLLLVLLGIL,17,26561.573502265877,1105.61258670488,27443.76257225336,26919.657311245628,25321.30062329864,D,81.85953628335473,99999900.0,99999900.0,99999900.0,99999900.0,99999900.0,99999900.0,0.0032002522604423315,0.0018508507759448856,0.0036803104025512137,0.0029104711463128104,0.0009485306805397764,0.28205873826992506,2733.4794895737296
LLLTVLLAILLILLLGFL,15,26086.268993164067,1661.8021847461268,27317.920585654665,26744.75174168472,24196.13465215281,D,79.43661785723135,99999900.0,99999900.0,99999900.0,99999900.0,99999900.0,99999900.0,0.0029840962788282113,0.001423981488838288,0.0015533664980403514,0.0019871480885689506,0.0008658027435261835,0.19257792104461258,1866.3055807065084
LLLAFLLGVLLLLLLGYL,16,26350.005672170395,1070.233198004084,27350.662361448045,26477.701006036583,25221.65364902656,D,80.82568912595134,99999900.0,99999900.0,99999900.0,99999900.0,99999900.0,99999900.0,0.003040336098920823,0.0007722254731002411,0.0034919439482092684,0.0024348351734101107,0.0014574603507670767,0.23596404237758348,2286.7679054097403
LLLIYLLALLLGSLLAFL,14,26244.557201673884,758.1603567929416,26742.215636628684,26619.474076930663,25371.981891462307,D,80.38818416987908,99999900.0,99999900.0,99999900.0,99999900.0,99999900.0,99999900.0,0.0019952206917504293,0.0011182325777075869,0.00377611512572802,0.0022965227983953456,0.001354316111315743,0.22255995347836702,2156.866586602282
LLLYVLLGLLLLTLLAFL,17,25112.6057384482,1671.497246774838,26179.98608324079,25971.54884356566,23186.28228853815,D,74.6950500700699,99999900.0,99999900.0,99999900.0,99999900.0,99999900.0,99999900.0,0.0010294914920630372,-0.0004630743135436861,-0.0003555957211589554,7.027381912013191e-05,0.0008324432833651508,0.006810356041338673,66.00032557005434
LLLIFLLGILLGLLLGTL,14,31378.54224295213,1920.4816907974453,33057.51625426838,31793.66060420493,29284.44987038309,D,105.213764477854,99999900.0,99999900.0,99999900.0,99999900.0,99999900.0,99999900.0,0.012842872108343163,0.013746197026175114,0.011172001717361307,0.012587023617293197,0.0013060299421373013,1.2198299936988592,11821.581167791166
LLLTFLLGVLLILLLGIL,15,26305.60523524453,953.7745812622773,26938.9832765688,26769.17908338893,25208.65334577586,D,80.64958488532568,99999900.0,99999900.0,99999900.0,99999900.0,99999900.0,99999900.0,0.0023332040906996567,0.0014835981263493965,0.0034673689819687656,0.002428057066339273,0.0009952811246788358,0.23530716442478847,2280.401988784956
LLLTFLLIVLLGILLGLL,15,25704.658538125284,1262.6706878107184,26170.522276378342,26668.207132229163,24275.246205768344,D,77.69825358981431,99999900.0,99999900.0,99999900.0,99999900.0,99999900.0,99999900.0,0.0010132357214935337,0.0012371690108127255,0.001702914067958048,0.0013177729334214357,0.0003518334828444273,0.1277076295355102,1237.6364871324365
LLLIYLLGVLLGLLLAFL,15,29371.01960873773,671.916154944195,29808.161055029886,29707.56314070063,28597.33463048268,D,95.671803629502,99999900.0,99999900.0,99999900.0,99999900.0,99999900.0,99999900.0,0.00726152694932109,0.008654930125318327,0.00987312172215989,0.00859652626559977,0.001306776596248285,0.8331040680651153,8073.754058125014
LLLIFLLGTLLGLLLGVL,14,31043.052596954964,969.8248853194812,31938.05794633909,31178.46018689657,30012.63965762923,D,103.7638808417902,99999900.0,99999900.0,99999900.0,99999900.0,99999900.0,99999900.0,0.010920003469927617,0.012244757339472341,0.012548526487065262,0.011904429098821738,0.0008659614817502132,1.1536785910732261,11180.496607203444
LLLTFLLIILLGLLLGYL,15,25824.634784978844,1110.547491700923,25594.255378546302,27032.303196519468,24847.345779870757,D,78.40129408079635,99999900.0,99999900.0,99999900.0,99999900.0,99999900.0,99999900.0,2.339488744950851e-05,0.00212577094494265,0.0027843755884048626,0.0016445138069323404,0.00144203326328708,0.1593726466034354,1544.507585057236
LLLFYLLLILLGGLLITL,14,25346.787873969857,1356.2106331729908,25145.755004697217,26792.29375861517,24102.314858597187,D,76.03763073669238,99999900.0,99999900.0,99999900.0,99999900.0,99999900.0,99999900.0,-0.0007469842299177853,0.0015400111094253256,0.001376015384388748,0.0007230140879654293,0.0012756939054460435,0.07006853225851957,679.0461340357656
LLLILLLGFLLGTLLGVL,14,29108.4425914651,1303.5262551613062,30293.66786144241,29319.32948507013,27712.330427882764,D,94.24976610678353,99999900.0,99999900.0,99999900.0,99999900.0,99999900.0,99999900.0,0.00809547119286758,0.007707418709725202,0.008200164716297488,0.008001018206296756,0.00025959715282018183,0.7753923631923926,7514.4600523957815
LLLTLLLGSLLLFLLAIL,17,25976.44100410105,1117.1607722914705,26314.94359743867,26885.201853409573,24729.177561454908,D,79.05700067533208,99999900.0,99999900.0,99999900.0,99999900.0,99999900.0,99999900.0,0.0012613050127019962,0.001766759818976896,0.0025609977238836446,0.001863020851854179,0.0006551716765189311,0.18054853816718552,1749.7267731525699
LLLVYLLFTLLGGLLILL,15,25280.363005621257,1593.1761680927889,25454.96043395473,26779.048877159352,23607.07970574969,D,75.63122091395648,99999900.0,99999900.0,99999900.0,99999900.0,99999900.0,99999900.0,-0.00021586894091084533,0.0015076860489995735,0.0004398535943411811,0.0005772235674766365,0.0008699501899250915,0.055939723487169905,542.121430956245
LLLAGLLFTLLGLLLLYL,16,26499.564650767446,1188.9399856473683,27666.6036462675,26542.218672665,25289.871633369843,D,81.53074691152314,99999900.0,99999900.0,99999900.0,99999900.0,99999900.0,99999900.0,0.003583021417218908,0.0009296853551874302,0.0036208989910188204,0.0027112019211417196,0.0015429548385245805,0.26274721673191265,2546.3282303700475
LLLTFLLILLLGVLLAIL,15,26289.832033598286,823.6011366121655,25954.21204884829,27228.251039420546,25687.033012526023,D,80.72186590529601,99999900.0,99999900.0,99999900.0,99999900.0,99999900.0,99999900.0,0.0006416844544745404,0.0026039953732398305,0.004371668207442162,0.0025391160117188443,0.001865838068540283,0.2460700768305807,2384.707214319777
LLLYTLLGVLLGLLLLFL,17,25636.458147047688,745.2658219723617,25870.710333712414,26236.45518134561,24802.208926085044,D,77.44948088058221,99999900.0,99999900.0,99999900.0,99999900.0,99999900.0,99999900.0,0.0004982554154907786,0.00018344814907445006,0.0026990516819854816,0.0011269184155169034,0.0013705758495610528,0.10921159167529448,1058.3882197701423
LLLTVLLILLLGILLAFL,15,25231.12713967138,1284.1517256317795,25860.01445337144,26079.619944732924,23753.74702090977,D,75.36433314747539,99999900.0,99999900.0,99999900.0,99999900.0,99999900.0,99999900.0,0.00047988333970892604,-0.000199319225424379,0.0007171043821987493,0.00033255616549443214,0.0004756438051197221,0.03222858696334332,312.3327502016116
LLLYTLLAVLLGILLLLL,17,25790.333265747744,1077.488153140044,25958.65567988481,26773.75409010885,24638.590027249564,D,78.17529725849899,99999900.0,99999900.0,99999900.0,99999900.0,99999900.0,99999900.0,0.0006493171806781802,0.001494763750531304,0.002389756672657653,0.001511279201289046,0.0008703372773791433,0.14646065302148642,1419.3752461612548
LLLYGLLFVLLGILLILL,15,26255.60116399245,1123.4938775766475,25724.777689280814,27546.15109787277,25495.874704823764,D,80.55866636084122,99999900.0,99999900.0,99999900.0,99999900.0,99999900.0,99999900.0,0.00024759015773980115,0.003379852721083692,0.004010314409166623,0.0025459190959967056,0.002015218949979611,0.24672937536724146,2391.096589236939
LLLAFLLLTLLGLLLGVL,16,26940.351314953343,912.522944893386,27695.24344102677,27199.53821795842,25926.272285874853,D,83.74524959393678,99999900.0,99999900.0,99999900.0,99999900.0,99999900.0,99999900.0,0.0036322153557186146,0.0025339197223664687,0.004823911278436132,0.0036633487855070716,0.001145313188414149,0.3550213983711256,3440.5731116848406
LLLLFLLIILLGTLLGVL,14,25582.661216188204,1000.0046669274132,26021.31138643368,26288.37605181717,24438.29621031376,D,77.13431550763231,99999900.0,99999900.0,99999900.0,99999900.0,99999900.0,99999900.0,0.0007569394943340097,0.0003101646682784349,0.0020111336748354016,0.001026079279149282,0.0008818452574826588,0.09943909844576591,963.6813159218004
LLLYALLILLLGTLLGFL,15,25538.85240686954,1379.0919661417663,25959.73275221505,26658.464658822653,23998.35980957092,D,76.88186015633873,99999900.0,99999900.0,99999900.0,99999900.0,99999900.0,99999900.0,0.0006511672438653987,0.0012133918224239728,0.0011795052129654354,0.0010146880930849355,0.00031527389907526256,0.09833515911526336,952.9828509986016
LLLLVLLATLLGGLLSIL,13,26377.8901485895,787.5468877119765,26974.400062600096,26674.07782313928,25485.192560029125,D,81.02713838980283,99999900.0,99999900.0,99999900.0,99999900.0,99999900.0,99999900.0,0.002394038716384844,0.0012514968429676182,0.003990121545766283,0.0025452190350395815,0.0013755573169650836,0.24666153126216295,2390.4391004072786
LLLFLLLGILLGVLLLTL,16,26377.435752557594,1321.3273860711224,26850.544180173794,27397.079123912925,24884.68395358606,D,80.97641756474285,99999900.0,99999900.0,99999900.0,99999900.0,99999900.0,99999900.0,0.0021812942217360434,0.003016032132570913,0.002854957354140683,0.0026840945694825463,0.0004428232303437685,0.26012019690506716,2520.8693317752673
LLLFLLLGILLGTLLIYL,14,25172.010558133923,1291.238325135752,25750.800748160404,26072.593550837515,23692.637375403847,D,75.08056524054204,99999900.0,99999900.0,99999900.0,99999900.0,99999900.0,99999900.0,0.0002922893872160311,-0.00021646763162203695,0.0006015865018603676,0.00022580275248478725,0.0004130599178997235,0.021882931065790426,212.071228875918
LLLALLLGILLLTLLGFL,16,26221.842524795316,1259.6613331477904,26898.97081004986,26998.11901571565,24768.437748620425,D,80.19977981322735,99999900.0,99999900.0,99999900.0,99999900.0,99999900.0,99999900.0,0.002264475566850262,0.002042342058563091,0.0026352127445322107,0.002314010123315188,0.0002995232324603658,0.2242546800551468,2173.290471806043
LLLAVLLIFLLGLLLGTL,14,27258.69154139434,1071.9434148869248,28033.278274316293,27707.50476479222,26035.2915850745,D,85.27646329067647,99999900.0,99999900.0,99999900.0,99999900.0,99999900.0,99999900.0,0.004212850270856075,0.0037736476410673804,0.005029994594011878,0.004338830835311777,0.0006375776372400966,0.4204835194896494,4074.9777272590422
LLLYTLLAVLLGLLLGFL,13,26883.708789632256,1718.1393387856706,28461.540157826323,27136.34911345798,25053.237097612466,D,83.30144703528538,99999900.0,99999900.0,99999900.0,99999900.0,99999900.0,99999900.0,0.00494846618347854,0.002379702289161102,0.0031735797542724767,0.0035005827423040398,0.001315231995437839,0.3392474626503758,3287.70520187642
LLLAYLLGFLLGTLLILL,14,29306.77076542708,1029.9543355936223,30272.8458932756,29424.42452732869,28223.041875676943,D,95.27245472948688,99999900.0,99999900.0,99999900.0,99999900.0,99999900.0,99999900.0,0.008059705761234754,0.007963910517733215,0.009165581933584589,0.008396399404184187,0.0006678514092374748,0.8137094315313324,7885.797317277303
LLLGLLLILLLGTLLGFL,14,25190.22239740184,1426.3130734015688,25747.387500370955,26253.85602425119,23569.423667583367,D,75.15730534668631,99999900.0,99999900.0,99999900.0,99999900.0,99999900.0,99999900.0,0.0002864265273998285,0.00022591612436423546,0.0003686709573793434,0.0002936712030478025,7.165263136288925e-05,0.028460178724950498,275.81246123212145
LLLAYLLGVLLGFLLILL,14,28800.13025901313,481.8321425729068,29046.60725062669,29108.862865330382,28244.92066108233,D,92.9257206365085,99999900.0,99999900.0,99999900.0,99999900.0,99999900.0,99999900.0,0.005953422916700481,0.007193760190138978,0.0092069402313375,0.007451374446058986,0.0016419858579782695,0.7221254460106133,6998.241244631437
LLLYTLLLVLLGILLALL,17,26989.69969520027,1098.122619445847,27526.725385381727,27715.96111767101,25726.412582548077,D,83.98310777156138,99999900.0,99999900.0,99999900.0,99999900.0,99999900.0,99999900.0,0.00334275563943315,0.0037942859622709505,0.004446108902031753,0.003861050167911951,0.0005546982962727584,0.37418097758426616,3626.2518718226083
LLLTYLLLVLLGLLLAFL,17,26585.55398579428,1145.9364780896542,27421.684203579098,27055.65277281121,25279.324980992533,D,81.9746276902872,99999900.0,99999900.0,99999900.0,99999900.0,99999900.0,99999900.0,0.003162328737600608,0.0021827572205136265,0.003600962254073185,0.00298201607072914,0.0007260928815786193,0.2889922793002329,2800.6736219474164
LLLIVLLGILLGLLLTFL,14,26444.764186321358,1052.137525283874,27398.16943596851,26620.17903141359,25315.94409158196,D,81.29319981223422,99999900.0,99999900.0,99999900.0,99999900.0,99999900.0,99999900.0,0.003121937944251933,0.0011199530684748362,0.0036701847475133988,0.002637358586746723,0.0013423983274285928,0.2555909328582575,2476.9754589927484
LLLTLLLGLLLGYLLIFL,15,26721.7176825701,1284.7654590024788,27926.619990747844,26868.786445132417,25369.74661183004,D,82.59722382306474,99999900.0,99999900.0,99999900.0,99999900.0,99999900.0,99999900.0,0.00402964570928525,0.00172669686588498,0.003771889691871462,0.0031760774223472308,0.0012617993260484696,0.30779909690215257,2982.933708957396
LLLLVLLIILLGTLLAFL,14,26255.65335444653,1231.3932493049024,26588.53054308966,27286.388063116003,24892.041457133928,D,80.40919671954312,99999900.0,99999900.0,99999900.0,99999900.0,99999900.0,99999900.0,0.001731239224584601,0.002745882849560228,0.0028688655221131096,0.0024486625320859798,0.0006243423228059472,0.2373040753638793,2299.7543943441356
LLLTFLLLVLLGILLALL,17,26362.300212268383,851.3053083941953,26671.37821483665,27015.89103925842,25399.631382710075,D,80.97324403140539,99999900.0,99999900.0,99999900.0,99999900.0,99999900.0,99999900.0,0.0018735448277854131,0.0020857159261831377,0.0038283820075751297,0.00259588092051456,0.0010726361642947428,0.25157126126019125,2438.0201338163974
LLLYVLLGILLGTLLILL,15,25641.680700589022,1268.0360970916402,26174.49213726976,26556.375961519287,24194.174002978016,D,77.38203429523728,99999900.0,99999900.0,99999900.0,99999900.0,99999900.0,99999900.0,0.001020054663255734,0.0009642372097439376,0.0015496602085522623,0.001177984027183978,0.00032308866411020636,0.11416044746932781,1106.348427962319
LLLTALLISLLGLLLGFL,15,27155.753498407517,1054.686540110624,27864.03082406487,27659.58984707991,25943.639824077763,D,84.781711663168,99999900.0,99999900.0,99999900.0,99999900.0,99999900.0,99999900.0,0.003922137689677203,0.003656707930016606,0.004856741794523835,0.0041451958047392145,0.0006303463421106699,0.4017180173896381,3893.1180358466627
LLLTFLLALLLGVLLIIL,15,26276.49273845051,253.31928494140712,26425.819433277204,26419.65228648741,25984.00649558692,D,80.63879033343397,99999900.0,99999900.0,99999900.0,99999900.0,99999900.0,99999900.0,0.001451753970007421,0.0006305535092307474,0.004933048444487981,0.002338451974575383,0.0022841936608915497,0.2266233816779633,2196.2459644903106
LLLAVLLLLLLGFLLGTL,16,26462.347017977347,885.3208594751954,26837.05433780065,27098.69769978973,25451.28901634166,D,81.45016800768006,99999900.0,99999900.0,99999900.0,99999900.0,99999900.0,99999900.0,0.0021581230195101505,0.002287811378245738,0.003926032391422291,0.0027906555963927264,0.000985400993310128,0.27044720833657043,2620.950166390621
LLLTLLLAVLLGLLLLFL,17,26189.556587501316,821.4268342015988,26965.968616098704,26273.18774356272,25329.51340284252,D,80.09240275285835,99999900.0,99999900.0,99999900.0,99999900.0,99999900.0,99999900.0,0.002379556208247498,0.00027309653869738256,0.003695835331173216,0.0021161626927060323,0.0017265043638524929,0.2050809470606582,1987.4745449516822
LLLLYLLAVLLITLLTFL,14,25990.328838083555,635.9887162498109,26108.44350040109,26558.980310516305,25303.56270333327,D,79.2044103828897,99999900.0,99999900.0,99999900.0,99999900.0,99999900.0,99999900.0,0.0009066043886494477,0.0009705933057935073,0.0036467797397720823,0.0018413258114050124,0.0015638962756434267,0.17844603467954256,1729.3510521397031
LLLGYLLLTLLGFLLSLL,16,27024.99441885797,1259.512488312858,27876.341052213804,27620.486314386835,25578.15588997328,D,84.1046614289758,99999900.0,99999900.0,99999900.0,99999900.0,99999900.0,99999900.0,0.003943282694785174,0.0035612730209628385,0.004165853653773775,0.0038901364565072627,0.0003057741443857502,0.37699977957532593,3653.569364182508
LLLAYLLGLLLITLLGFL,14,25711.53210599319,1541.2000737076144,25665.100911482416,27275.42313153598,24194.072274961167,D,77.77518356835388,99999900.0,99999900.0,99999900.0,99999900.0,99999900.0,99999900.0,0.00014508468374631878,0.002719122166418533,0.0015494679082242186,0.0014712249194630234,0.0012888012703741764,0.14257892404146594,1381.7567464967779
LLLTFLLLILLGVLLALL,17,26290.18942040011,1153.286710623286,26152.23020130685,27506.250403390084,25212.0876565034,D,80.65501697342911,99999900.0,99999900.0,99999900.0,99999900.0,99999900.0,99999900.0,0.0009818158309648952,0.0032824722828755687,0.003473860989775136,0.0025793830345385333,0.001386839261317887,0.2499724229042727,2422.525517766372
LLLYFLLGLLLGTLLIVL,15,26901.00620278756,1147.7453586140464,27568.797757621087,27558.50350467377,25575.71734606781,D,83.53032154180242,99999900.0,99999900.0,99999900.0,99999900.0,99999900.0,99999900.0,0.0034150224175255404,0.003409999634634985,0.004161243981753262,0.003662088677971263,0.0004322884685684626,0.3548992791939316,3439.3896338454697
LLLTFLLAILLILLLGYL,15,25880.35474644544,1298.08262673002,26519.50769533022,26734.929513013867,24386.627030992244,D,78.5319748695725,99999900.0,99999900.0,99999900.0,99999900.0,99999900.0,99999900.0,0.0016126802140786563,0.0014000096521434922,0.0019134614657327171,0.0016420504439849553,0.0002579828463737031,0.15913391788567416,1542.1940242096791
LLLSYLLLTLLGALLFLL,17,26024.654648260985,1052.8975502777528,26408.053505695607,26832.12849704326,24833.78194204409,D,79.29359750034854,99999900.0,99999900.0,99999900.0,99999900.0,99999900.0,99999900.0,0.001421237831320484,0.0016372305772648264,0.0027587353513846983,0.0019390679199900028,0.0007180210582859166,0.1879183896479987,1821.1492647497944
LLLAYLLLTLLGFLLGLL,16,27816.34351482716,1221.0970435116,28619.520271561712,28418.377731240307,26411.132541679457,D,87.97819423621952,99999900.0,99999900.0,99999900.0,99999900.0,99999900.0,99999900.0,0.0052198251113130265,0.005508582881682311,0.0057404610071601254,0.005489623000051821,0.00026083527722436137,0.5320087570473924,5155.787885114142
LLLTLLLGSLLGFLLLIL,17,25371.8542035374,1333.9140164611065,26480.024600378616,25744.211330350787,23891.326679882783,D,76.00226243486622,99999900.0,99999900.0,99999900.0,99999900.0,99999900.0,99999900.0,0.0015448609799970803,-0.0010179074297345606,0.0009771764289380706,0.0005013766597335301,0.001346006889195197,0.048589269892466334,470.8869275920637
LLLAGLLYLLLGTLLLFL,16,25869.368815829555,1150.2627702429056,26641.90852694434,26418.77584716737,24547.42207337696,D,78.48219567680225,99999900.0,99999900.0,99999900.0,99999900.0,99999900.0,99999900.0,0.0018229254003081707,0.0006284144977134077,0.0022174184321236026,0.0015562527767150603,0.0008273869058809755,0.15081911916062662,1461.6138871989951
LLLTYLLFALLILLLGVL,15,26173.107155678288,1024.1971420195457,26883.092523570394,26637.211760676197,24999.01718278828,D,79.98687979532093,99999900.0,99999900.0,99999900.0,99999900.0,99999900.0,99999900.0,0.002237201787302706,0.0011615226366484578,0.0030710857931184987,0.0021566034056898875,0.0009573295861279493,0.20900012574532342,2025.4559761110845
LLLLYLLATLLGGLLVLL,17,26048.049758097124,1097.058100316191,26726.684398933005,26635.08428425938,24782.38059109899,D,79.37006686285117,99999900.0,99999900.0,99999900.0,99999900.0,99999900.0,99999900.0,0.001968543030180308,0.0011563303815152334,0.002661569428418713,0.001928814280038085,0.0007534055529869829,0.18692469185746194,1811.5191694514615
LLLYFLLGTLLGILLILL,15,27717.73047779877,914.9821286842994,27938.83776835984,28501.898001574387,26712.45566346208,D,87.59682635964953,99999900.0,99999900.0,99999900.0,99999900.0,99999900.0,99999900.0,0.004050631914162055,0.005712419948426166,0.006310063531231363,0.0053577051312731945,0.0011707368445487683,0.5192243706877834,5031.892209641983
LLLYFLLAVLLGLLLGTL,13,26532.18797056755,921.6582446535806,27465.220269501653,26509.00236008605,25622.34128211494,D,81.74449450287743,99999900.0,99999900.0,99999900.0,99999900.0,99999900.0,99999900.0,0.0032371096697796035,0.0008486186189681019,0.004249378976165473,0.002778369088304393,0.0017461743734777631,0.2692565018169305,2609.4108257926255
LLLAYLLGFLLGTLLLLL,16,28024.9056538894,1425.1551223556737,29506.78124079736,27903.7264275172,26664.20929335364,D,88.93186407568714,99999900.0,99999900.0,99999900.0,99999900.0,99999900.0,99999900.0,0.006743853545198363,0.004252540345814066,0.0062188615881860945,0.005738418493066174,0.0013133086233223753,0.5561199539358325,5389.453619307964
LLLAVLLTTLLGALLLLL,16,26986.68432085209,1122.4478267335758,27747.027890824324,27515.521537713783,25697.50353401817,D,83.94293404461247,99999900.0,99999900.0,99999900.0,99999900.0,99999900.0,99999900.0,0.00372116435343297,0.0033050991352357425,0.004391461031288493,0.003805908173319069,0.0005481164826526359,0.36883707254667136,3574.463173822705
LLLYVLLGILLIFLLALL,15,25696.569801826863,1028.6476120663606,25464.1031887707,26821.55747150312,24804.048745206772,D,77.78476357472475,99999900.0,99999900.0,99999900.0,99999900.0,99999900.0,99999900.0,-0.00020016463430127596,0.0016114312493896018,0.0027025295618420646,0.00137126539231013,0.0014661746581704023,0.13289167524584664,1287.8759610417908
LLLFYLLGTLLLVLLALL,16,26443.28420801633,1267.2034344470117,26990.193330162547,27345.19016753221,24994.46912635422,D,81.29490911496653,99999900.0,99999900.0,99999900.0,99999900.0,99999900.0,99999900.0,0.0024211664608294902,0.002889393501939846,0.0030624884295669267,0.002791016130778754,0.00033178614688341156,0.2704821483407532,2621.2887759489877
LLLILLLGLLLGVLLGTL,14,28722.54878192497,1102.0147418840834,29489.21608864802,29218.761842462925,27459.66841466397,D,92.4216651142445,99999900.0,99999900.0,99999900.0,99999900.0,99999900.0,99999900.0,0.0067136822740061,0.0074619763375154404,0.007722548131101717,0.007299402247541086,0.0005237130229921351,0.7073975602453241,6855.510783908477
LLLTALLIFLLGLLLGVL,15,30033.017557317,1534.005346851676,31607.96411831746,29947.562725053107,28543.52582858044,D,98.7153978971252,99999900.0,99999900.0,99999900.0,99999900.0,99999900.0,99999900.0,0.010353008642928294,0.00924066591255262,0.009771404903352748,0.00978835981961122,0.0005563651582763797,0.948606696874238,9193.109795083048
LLLFYLLITLLGVLLALL,14,26589.370243304096,1427.6758467887007,27784.94607645603,26974.5406899822,25008.623963474056,D,81.92859031134536,99999900.0,99999900.0,99999900.0,99999900.0,99999900.0,99999900.0,0.0037862955775798506,0.001984797503965594,0.0030892458549632187,0.0029534463121695543,0.0009083941678457625,0.2862235351186587,2773.8412483835564
LLLYVLLGALLGFLLILL,15,25724.39357667852,910.58645363667,26598.300158300044,25793.78320770586,24781.097364029654,D,77.80244789221064,99999900.0,99999900.0,99999900.0,99999900.0,99999900.0,99999900.0,0.00174802027535208,-0.0008969237926770429,0.002659143695626201,0.001170080059433746,0.0018471370185299285,0.1133944604318748,1098.9251165308065
LLLTFLLGILLLVLLALL,17,26445.953919610387,654.9623041769121,26946.551347217075,26686.600499600463,25704.709912013623,D,81.38473325312412,99999900.0,99999900.0,99999900.0,99999900.0,99999900.0,99999900.0,0.0023462035973358603,0.001282059311544643,0.004405083520898108,0.0026777821432595376,0.0015876959098453346,0.2595084488799615,2514.94077700093
LLLIFLLGTLLGYLLGLL,14,31142.722056773702,1851.4040515444103,32972.58681983384,31185.073945331787,29270.505405155483,D,104.06937184622258,99999900.0,99999900.0,99999900.0,99999900.0,99999900.0,99999900.0,0.012696990707673026,0.012260898679942083,0.011145641965930752,0.012034510451181953,0.0008000684047112447,1.1662849974846587,11302.667448547509
LLLVFLLLTLLGILLALL,17,25930.829188968084,1252.6246413858228,26181.75805387669,27038.995382257857,24571.734130769702,D,78.83182289352848,99999900.0,99999900.0,99999900.0,99999900.0,99999900.0,99999900.0,0.0010325351666151204,0.0021421036927362328,0.002263376436190281,0.0018126717651805447,0.000678333696562496,0.17566912203615817,1702.4395166149109
LLLFYLLLILLIGLLATL,14,26776.035946082124,1315.0573035599205,27850.603467303907,27167.920734980813,25309.583635961648,D,82.86413003109743,99999900.0,99999900.0,99999900.0,99999900.0,99999900.0,99999900.0,0.003899073817597651,0.0024567550417182874,0.0036581613370491087,0.0033379967321216825,0.0007726253254325719,0.3234909742376753,3135.0063769153376
LLLFGLLLSLLGILLTLL,16,26594.36924370555,1102.8190591553675,26686.235883934423,27648.381498402032,25448.490348780197,D,82.11003097195612,99999900.0,99999900.0,99999900.0,99999900.0,99999900.0,99999900.0,0.0018990655155552924,0.0036293531704067222,0.0039207419639980205,0.003149720216653345,0.0010928539441717006,0.3052447750042164,2958.1793384294533
LLLYFLLITLLGLLLGVL,15,25337.13934649649,983.806715198735,25117.03026853776,26412.35690187269,24482.03086907901,D,76.03211445678504,99999900.0,99999900.0,99999900.0,99999900.0,99999900.0,99999900.0,-0.000796324070371467,0.0006127486123514061,0.0020938069588326788,0.000636743833604206,0.0014452149215512487,0.06170793430990934,598.0221489138162
LLLTYLLVLLLIALLGWL,15,25816.56968601899,964.0317647494712,26583.286252983533,26132.11520342963,24734.307601643806,D,78.24936660307918,99999900.0,99999900.0,99999900.0,99999900.0,99999900.0,99999900.0,0.0017222312241040158,-7.120087154580151e-05,0.00257069523339734,0.0014072418619851847,0.0013488207742374286,0.13637821647365017,1321.6646285874629
LLLTYLLAVLLLILLALL,17,26242.446501969785,840.8339300320329,26871.109472525623,26568.88709003936,25287.34294334437,D,80.35609056148381,99999900.0,99999900.0,99999900.0,99999900.0,99999900.0,99999900.0,0.00221661876703003,0.0009947714947622468,0.0036161189123690915,0.0022758363913871226,0.0013116766431649197,0.2205551983831415,2137.4381619839555
LLLAYLLGVLLGTLLILL,14,27949.10756952705,418.217585344621,28138.69504026144,28238.95443510688,27469.67323321283,D,88.78347311940307,99999900.0,99999900.0,99999900.0,99999900.0,99999900.0,99999900.0,0.004393922305217103,0.005070687766603542,0.007741460619013668,0.0057353568969447715,0.001769983610151634,0.5558232494176693,5386.578205059721
LLLFLLLLILLGVLLATL,16,25460.872514844203,1176.1259344096886,25214.76618250324,26740.578597181557,24427.27276484781,D,76.6208159155562,99999900.0,99999900.0,99999900.0,99999900.0,99999900.0,99999900.0,-0.000628445264631279,0.0014137966375294953,0.00199029563783306,0.0009252156702437587,0.001376039425218382,0.08966423354071956,868.9514277602491
LLLAALLALLLIFLLGTL,14,26790.267045441644,1205.7153558045975,27544.213547461477,27426.912570546327,25399.67501831713,D,82.97410112762937,99999900.0,99999900.0,99999900.0,99999900.0,99999900.0,99999900.0,0.0033727946664951587,0.003088842747626245,0.0038284644936179262,0.003430033969246443,0.00037311839290034434,0.3324104603525429,3221.4466428758124
LLLTVLLAILLILLLAFL,15,26902.531254926856,1419.6881713077162,27812.64358849541,27628.274037568703,25266.67613871645,D,83.48138878438137,99999900.0,99999900.0,99999900.0,99999900.0,99999900.0,99999900.0,0.0038338709780082734,0.003580279504582387,0.0035770516678413308,0.003663734050143997,0.00014735174040311565,0.3550587350262335,3440.9349475973627
LLLFTLLLALLGILLSLL,16,26930.448112395647,1621.7166821366477,27951.578894410115,27779.27006193458,25060.495380842243,D,83.58253421552148,99999900.0,99999900.0,99999900.0,99999900.0,99999900.0,99999900.0,0.004072517063011849,0.003948795872807854,0.0031873003623149217,0.0037362044327115414,0.00047937301978715526,0.36208196378932783,3508.998259134021
LLLVFLLLTLLGLLLGAL,17,26796.13846519946,1246.1810214913394,27556.05529317113,27474.41535078045,25357.94475164679,D,82.99731541692616,99999900.0,99999900.0,99999900.0,99999900.0,99999900.0,99999900.0,0.0033931349697363805,0.003204776608309056,0.0037495801880094793,0.003449163922018305,0.0002766896596079379,0.33426437680480886,3239.4132643984635
LLLAFLLLLLLGTLLGIL,16,26234.31544457334,1317.7276702853455,26978.564695032223,27011.528020921047,24712.853617766752,D,80.24690138796696,99999900.0,99999900.0,99999900.0,99999900.0,99999900.0,99999900.0,0.002401192212890736,0.0020750676744894815,0.002530139954083031,0.002335466613821083,0.00023454761924482639,0.22633406525965583,2193.442149581788
LLLTVLLALLLIILLAFL,15,25205.982443977173,1432.4628725342625,26144.901005824337,25915.833907451884,23557.2124186553,D,75.19242134365356,99999900.0,99999900.0,99999900.0,99999900.0,99999900.0,99999900.0,0.0009692266348882567,-0.0005990505155581924,0.00034558757044793315,0.00023858789659266582,0.0007895948345873084,0.023121961255193245,224.07888242520846
LLLTALLAALLGVLLLLL,17,26987.228703721008,1498.7899138809796,28243.767886379977,27389.591523963853,25328.32670081919,D,83.85725497865275,99999900.0,99999900.0,99999900.0,99999900.0,99999900.0,99999900.0,0.004574403596140858,0.002997758120711692,0.0036935920633356534,0.0037552512600627346,0.0007901291864015575,0.36392782441485877,3526.886810261524
LLLAALLILLLGFLLGTL,14,27916.450020119228,1139.5366848003275,28893.090664523635,28191.78776588902,26664.471629945023,D,88.46492687151103,99999900.0,99999900.0,99999900.0,99999900.0,99999900.0,99999900.0,0.005689730891009759,0.0049555742083860115,0.006219357492993278,0.005621554197463016,0.0006346440685694681,0.5447944351075873,5279.696078677675
LLLVFLLITLLGLLLSIL,15,26351.370426881385,1208.218125601272,26225.866134414955,27617.44195858997,25210.80318763923,D,80.94614695492884,99999900.0,99999900.0,99999900.0,99999900.0,99999900.0,99999900.0,0.0011082986355777323,0.0035538430575147396,0.003471432909570755,0.0027111915342210757,0.0013887573911637633,0.26274621011766225,2546.3184750991268
LLLTLLLGLLLIYLLAFL,15,25927.46593919469,1094.055531757408,26324.9227314902,26767.235776200283,24690.2393098936,D,78.81284204426774,99999900.0,99999900.0,99999900.0,99999900.0,99999900.0,99999900.0,0.0012784459493231414,0.0014788553491106263,0.0024873912703163616,0.001748230856250043,0.0006479271333821524,0.16942404330073377,1641.917390128905
LLLYLLLFALLGTLLTLL,17,25792.251770024952,883.3931654597794,26419.852018684334,26174.85090667495,24782.05238471557,D,78.15216493143298,99999900.0,99999900.0,99999900.0,99999900.0,99999900.0,99999900.0,0.0014415038746784787,3.3098604017650194e-05,0.002660949007445686,0.0013785171620472718,0.0013150570064355718,0.13359445665801545,1294.6867359449202
LLLSYLLIILLGLLLGFL,14,26421.171272197596,982.8319608609148,27076.5972393716,26895.81186681363,25291.104710407548,D,81.20830082999066,99999900.0,99999900.0,99999900.0,99999900.0,99999900.0,99999900.0,0.002569580534027013,0.0017926542994634311,0.003623229923304719,0.0026618215855983875,0.0009187671562189872,0.25796168393034447,2499.9508132405326
LLLFYLLIVLLGLLLATL,14,26859.648317645133,1309.972896406853,27337.62341578241,27863.513874736287,25377.807662416697,D,83.33180680884084,99999900.0,99999900.0,99999900.0,99999900.0,99999900.0,99999900.0,0.00301793939194133,0.0041543987955969,0.0037871278014916664,0.003653155329676632,0.0005799538442345789,0.3540335331267694,3430.9995405894247
LLLAYLLSTLLGGLLFLL,13,26657.45435889087,1041.537437926214,27565.646990274,26886.13900575461,25520.577080644005,D,82.33562177671725,99999900.0,99999900.0,99999900.0,99999900.0,99999900.0,99999900.0,0.003409610414527532,0.0017690470048820665,0.004057010246958708,0.003078555888789436,0.0011793607478342751,0.2983481182369604,2891.3426577594746
LLLLYLLGTLLGLLLAFL,16,26015.41727894423,1421.3594860131573,27133.90661265842,26496.364419522324,24415.98080465195,D,79.13179278730495,99999900.0,99999900.0,99999900.0,99999900.0,99999900.0,99999900.0,0.002668019569942795,0.0008177748402795388,0.001968950017253986,0.0018182481424921066,0.0009342829770493644,0.17620953830196065,1707.6767831057982
LLLTLLLIILLGLLLGFL,15,25419.428065558248,1514.505276876666,25086.190267369548,27072.802042357405,24099.29188694779,D,76.39815203411712,99999900.0,99999900.0,99999900.0,99999900.0,99999900.0,99999900.0,-0.0008492972544865129,0.0022246112134079723,0.0013703009464408565,0.0009152049684541053,0.0015866828854982785,0.08869407930312705,859.5494970615293
LLLTVLLALLLGLLLGFL,13,27419.4385724005,797.2794705406159,27820.114296509048,27936.9090254472,26501.29239524526,D,86.13071573842906,99999900.0,99999900.0,99999900.0,99999900.0,99999900.0,99999900.0,0.0038467032470123346,0.00433352479907238,0.0059108935974544145,0.004697040547846376,0.0010790404188071865,0.4551982355869182,4411.403980245572
LLLYFLLATLLGVLLLLL,17,25956.150792631983,744.397891070804,26575.044036215368,26163.285805256182,25130.12253642441,D,78.9721732153692,99999900.0,99999900.0,99999900.0,99999900.0,99999900.0,99999900.0,0.0017080737516709033,4.8731643684813965e-06,0.0033189192149568163,0.0016772887103320671,0.0016572374891465347,0.1625489185659859,1575.289380069845
LLLVFLLLTLLGLLLSIL,17,25980.01793188076,1259.1731894174138,26121.96174791525,27162.204467862037,24655.88757986499,D,79.08671841391559,99999900.0,99999900.0,99999900.0,99999900.0,99999900.0,99999900.0,0.000929824381754331,0.002442804091636889,0.002422454892335297,0.0019316944552421722,0.0008677045900483373,0.18720381456413793,1814.2241953565372
LLLLVLLGLLLGLLLGFL,16,28185.75345805093,954.7181974041024,29004.16742683053,28416.183689772228,27136.909257550036,D,89.81685816818874,99999900.0,99999900.0,99999900.0,99999900.0,99999900.0,99999900.0,0.005880524975241213,0.005503228169881465,0.00711242425653284,0.006165392467218506,0.0008415700370810497,0.5974987322742035,5790.462439617273
LLLTLLLGLLLIVLLGIL,15,26648.38134629836,1089.2550344773665,27374.90537577666,27174.275479869077,25395.96318324933,D,82.2981069645283,99999900.0,99999900.0,99999900.0,99999900.0,99999900.0,99999900.0,0.0030819777854606102,0.002472264241493957,0.003821447871026707,0.003125229965993758,0.000675630949476447,0.30287138291279897,2935.17838961149
LLLLFLLAVLLGILLSTL,13,27704.1356088393,840.5173201226224,28411.324877032366,27926.198746027523,26774.88320345801,D,87.48852749934558,99999900.0,99999900.0,99999900.0,99999900.0,99999900.0,99999900.0,0.004862212512462836,0.004307385612355416,0.0064280726775022305,0.005199223600773494,0.0010997775967455888,0.5038656544234209,4883.048262624677
LLLYVLLGLLLGTLLIFL,15,25833.087630347465,1107.3737432604892,26419.91489741262,26523.54488582136,24555.80310780842,D,78.32854353118245,99999900.0,99999900.0,99999900.0,99999900.0,99999900.0,99999900.0,0.0014416118800716089,0.0008841106711019759,0.002233261419340265,0.0015196613235046166,0.0006779533332635334,0.1472729788262426,1427.2476345147315
LLLYFLLLTLLGLLLGVL,17,25217.06722307885,577.1390196850961,25498.33554934869,25599.64959687783,24553.21652301004,D,75.4140309022352,99999900.0,99999900.0,99999900.0,99999900.0,99999900.0,99999900.0,-0.00014136446987522762,-0.001370720460591224,0.0022283719000057854,0.00023876232317977794,0.0018294093962603478,0.02313886523417407,224.24270177758765
LLLVYLLFTLLGGLLALL,13,27348.9689176404,1062.115401537446,28164.24873642125,27734.788672630937,26147.869343869013,D,85.71542648661494,99999900.0,99999900.0,99999900.0,99999900.0,99999900.0,99999900.0,0.00443781532078835,0.003840235928209032,0.005242804600705946,0.00450695194990111,0.0007038356522521754,0.43677642434035574,4232.87505569551
LLLIYLLGLLLGVLLGTL,14,29071.772307086758,827.0077527327505,29717.9238971713,29357.636505026945,28139.75651906201,D,94.17302337876797,99999900.0,99999900.0,99999900.0,99999900.0,99999900.0,99999900.0,0.007106528590170951,0.00780090967368475,0.00900814446557554,0.007971860909810414,0.0009622650249527727,0.7725666797051267,7487.075870278805
LLLTYLLLILLLGLLAFL,17,25576.745422653144,1427.1314518162546,25948.107103123548,26781.48612190581,24000.64304293007,D,77.06833402683503,99999900.0,99999900.0,99999900.0,99999900.0,99999900.0,99999900.0,0.000631198124979116,0.0015136343154272078,0.0011838212955704536,0.0011095512453255924,0.0004458816410502522,0.10752850949882758,1042.077182442036
LLLATLLIILLGLLLGFL,14,26769.042270229194,1195.667045868989,27594.38663404594,27314.87136396631,25397.868812675337,D,82.86513899951615,99999900.0,99999900.0,99999900.0,99999900.0,99999900.0,99999900.0,0.0034589758614556264,0.0028153983393124265,0.0038250501545971714,0.0033664747851217414,0.0005111423812101092,0.32625083107657815,3161.7526217208474
LLLYVLLGILLGLLLIFL,15,25005.949153831883,1516.4640126501652,25089.458418504928,26478.93303150241,23449.45601148832,D,74.31238151422174,99999900.0,99999900.0,99999900.0,99999900.0,99999900.0,99999900.0,-0.0008436836239660077,0.0007752323174998487,0.00014189154757372706,2.4480080369189368e-05,0.0008158194014954608,0.0023724064711747534,22.99139700356393
LLLALLLGVLLGFLLLTL,16,30428.048799089243,1237.8629192782853,31384.983789739166,30869.09811963909,29030.06448788948,D,100.71689163443382,99999900.0,99999900.0,99999900.0,99999900.0,99999900.0,99999900.0,0.009970000291683937,0.011489737556857381,0.010691127381870648,0.010716955076803989,0.0007601977645049951,1.0385984519682698,10065.23529025161
LLLALLLGFLLLILLGTL,16,25794.019556838022,1040.2490035942214,26644.15022499305,26103.853110210683,24634.05533531035,D,78.12281453177168,99999900.0,99999900.0,99999900.0,99999900.0,99999900.0,99999900.0,0.0018267759151903516,-0.00014017648858760345,0.0023811845725175075,0.0013559279997067519,0.0013249863092691604,0.1314053022881419,1273.471266407389
LLLYVLLTILLIALLSLL,15,25327.22822200981,1235.5494972558154,25573.606759120965,26421.025301983795,23987.052604924666,D,75.88666656293286,99999900.0,99999900.0,99999900.0,99999900.0,99999900.0,99999900.0,-1.2072786905423664e-05,0.000633904449670206,0.001158130775223671,0.0005933208126628177,0.0005861564363712694,0.057499735058694317,557.2397699958916
LLLAVLLGLLLLTLLGFL,16,26479.905215251365,1379.0931262025636,27195.984104406645,27353.66166249946,24890.069878847982,D,81.44209778400585,99999900.0,99999900.0,99999900.0,99999900.0,99999900.0,99999900.0,0.002774648696895243,0.0029100687784703472,0.0028651385729117507,0.0028499520160924475,6.897552648926588e-05,0.27619372581901164,2676.640650475881
LLLGYLLASLLIILLALL,14,26190.457436813864,1648.5500687116823,27510.84504229452,26717.760900394216,24342.76636775285,D,79.94065627726027,99999900.0,99999900.0,99999900.0,99999900.0,99999900.0,99999900.0,0.003315478327296218,0.0013581084511242328,0.0018305499906995466,0.002168045589706666,0.0010213969196880633,0.21010900737464774,2036.2023376977354
LLLLLLLGVLLGTLLGFL,16,26846.69847428874,893.3300579901728,27379.39881809924,27345.33938095033,25815.35722381665,D,83.30885624130718,99999900.0,99999900.0,99999900.0,99999900.0,99999900.0,99999900.0,0.003089696071402494,0.0028897576677327265,0.004614244330436542,0.0035312326898572547,0.000943228234065427,0.3422178015062863,3316.491263919798
LLLLFLLATLLIVLLAIL,14,26538.708840771556,1613.7793262995629,28012.5049526177,26789.346849770795,24814.27471992616,D,81.63814404940466,99999900.0,99999900.0,99999900.0,99999900.0,99999900.0,99999900.0,0.004177168398179789,0.001532818972086731,0.0027218601096499918,0.0028106158266388375,0.001324407095568928,0.27238158839937493,2639.6965745293974
LLLAYLLGTLLGFLLLLL,16,28457.020862396308,1141.011172230927,29458.20296345548,28698.13884885148,27214.720774881967,D,91.10316014246636,99999900.0,99999900.0,99999900.0,99999900.0,99999900.0,99999900.0,0.0066604117186048,0.0061913594744153295,0.007259514318562846,0.006703761837194326,0.000535395290748103,0.6496730290065146,6296.092475671054
LLLVYLLATLLIILLALL,15,26434.743062063226,943.1413211846126,26584.1041607203,27294.29160582793,25425.833419641447,D,81.33860826805395,99999900.0,99999900.0,99999900.0,99999900.0,99999900.0,99999900.0,0.001723636126032929,0.002765171998851051,0.0038779127116366796,0.0027889069455068866,0.0010773344014695274,0.2702777435874835,2619.3078545137537
LLLAYLLVFLLGLLLITL,14,27539.999857169107,801.3315765640835,27890.54580952782,28106.326804845176,26623.126957134325,D,86.72469973184286,99999900.0,99999900.0,99999900.0,99999900.0,99999900.0,99999900.0,0.003967681890505064,0.004747000750103272,0.0061412020900804476,0.004951961576896261,0.0011011603969814314,0.47990306865264803,4650.822744197818
LLLALLLGTLLIYLLGFL,14,26782.15464042292,1063.5314829160966,27575.639870215764,27197.129407211247,25573.694643841736,D,82.94899483088517,99999900.0,99999900.0,99999900.0,99999900.0,99999900.0,99999900.0,0.0034267749621586215,0.0025280408511046694,0.004157420391029126,0.0033707454014308053,0.0008161335093216197,0.3266647038096219,3165.76353318563
LLLGYLLLSLLGILLALL,16,25698.00809062541,1157.975257271852,25507.43213647651,26939.449330020827,24647.1428053789,D,77.77138279896981,99999900.0,99999900.0,99999900.0,99999900.0,99999900.0,99999900.0,-0.00012573946447680848,0.001899154583343239,0.0024059243134993834,0.001393113144121938,0.0013395479927333868,0.13500897825291475,1308.3951067294342
LLLAYLLVFLLGLLLLTL,16,27483.393546695075,1530.7741687738717,28445.98884419505,28285.967883661942,25718.223912228237,D,86.29936742245668,99999900.0,99999900.0,99999900.0,99999900.0,99999900.0,99999900.0,0.004921754037920344,0.005185427379067018,0.004430629547990237,0.004845936988325866,0.00038306802294953027,0.46962804437843747,4551.245726018191
LLLGYLLIALLGTLLFLL,14,26970.32582320968,364.3279471281956,27338.309527557776,26962.90080840703,26609.76713366424,D,83.99769810274394,99999900.0,99999900.0,99999900.0,99999900.0,99999900.0,99999900.0,0.003019117910878527,0.0019563895581095983,0.006115947509135292,0.003697151659374472,0.0021610825782602257,0.3582972927104374,3472.3203641948844
LLLTFLLGILLILLLGVL,15,26401.774712699174,1378.3226806138296,27024.73470416749,27358.645633969794,24821.94379996025,D,81.07109617845201,99999900.0,99999900.0,99999900.0,99999900.0,99999900.0,99999900.0,0.0024804974107464606,0.0029222325097559895,0.0027363572624701194,0.002713029060990857,0.00022178960336867093,0.2629242879807183,2548.0442581370735
LLLYALLASLLIILLTLL,15,25866.859747761573,1217.0256872074838,26904.665318522893,26168.548956794355,24527.364967967475,D,78.44105928563107,99999900.0,99999900.0,99999900.0,99999900.0,99999900.0,99999900.0,0.0022742568974066808,1.7718254154209324e-05,0.0021795037251498423,0.0014904929589035776,0.0012763398995273066,0.14444622270904522,1399.8530573575736
LLLAYLLGTLLLFLLGLL,16,26407.053436349477,1120.85494587325,27512.81258042429,26436.65849600608,25271.68923261805,D,81.09281858004233,99999900.0,99999900.0,99999900.0,99999900.0,99999900.0,99999900.0,0.003318857923783042,0.0006720583541127272,0.003586528109353231,0.002525814795749667,0.0016109691309095999,0.24478103323415992,2372.2148722863585
LLLLGLLYVLLGTLLAFL,13,27823.509697368994,957.6402840971924,28747.90955301263,27886.84625152561,26835.77328756874,D,88.04331981518744,99999900.0,99999900.0,99999900.0,99999900.0,99999900.0,99999900.0,0.005440356524642148,0.004211343094578143,0.006543175512608935,0.0053982917106097416,0.0011664851875954182,0.5231576855302484,5070.010636725157
LLLAYLLLTLLGLLLGFL,16,27247.149798213035,864.2474820776562,27535.86006364343,27930.08451630824,26275.504814687432,D,85.29537189785844,99999900.0,99999900.0,99999900.0,99999900.0,99999900.0,99999900.0,0.0033584460731250817,0.004316869106756162,0.005484078771466862,0.0043864646504493685,0.0010645239531553079,0.4250997940106021,4119.714833432971
LLLYALLALLLGTLLIFL,15,26069.303409907647,1355.7909297713495,27444.556291507542,26029.50308697317,24733.850851242227,D,79.39558820859143,99999900.0,99999900.0,99999900.0,99999900.0,99999900.0,99999900.0,0.003201615614352669,-0.0003216329253118965,0.0025698318207920574,0.0018166048366109432,0.0018785188940588424,0.1760502827175101,1706.1334099900928
LLLTFLLAILLLLLLGVL,17,26181.505409509035,1106.0542898669817,26490.511957504,27100.194712407854,24953.80955861525,D,80.06339170228675,99999900.0,99999900.0,99999900.0,99999900.0,99999900.0,99999900.0,0.0015628748800891414,0.002291464942341455,0.002985628106752168,0.0022799893097275883,0.0007114460300001186,0.22095766480468074,2141.3385329324597
LLLIFLLGTLLGLLLAVL,14,31489.892596618334,1097.9601362523729,32724.694102931306,31121.42032878394,30623.563358139767,D,105.92792171949132,99999900.0,99999900.0,99999900.0,99999900.0,99999900.0,99999900.0,0.012271190901063687,0.012105547572565977,0.01370337872597437,0.012693372399868013,0.0008786034441943066,1.2301364361686968,11921.462665079905
LLLTVLLGILLILLLGFL,15,26369.84279153153,1451.6504295573982,27073.1452949992,27335.88390188235,24700.499177713027,D,80.89784128073146,99999900.0,99999900.0,99999900.0,99999900.0,99999900.0,99999900.0,0.0025636512059509027,0.0028666809091187355,0.002506785887536604,0.002645706000868747,0.00019347053694725164,0.25639989504228655,2484.8152499222815
LLLTFLLIILLGVLLALL,15,26845.2681529439,1300.2579994449602,27638.55455427408,27552.569416107977,25344.68048844964,D,83.22746638162185,99999900.0,99999900.0,99999900.0,99999900.0,99999900.0,99999900.0,0.0035348421157226826,0.0033955170760631465,0.003724506248272148,0.003551621813352659,0.00016513520989512224,0.34419374634766675,3335.640483439009
LLLYLLLATLLIVLLSIL,15,25146.778453366194,1185.945998142725,25276.181631107585,26262.71610816969,23901.437620821307,D,75.02708788086484,99999900.0,99999900.0,99999900.0,99999900.0,99999900.0,99999900.0,-0.0005229533144630242,0.00024753977943416995,0.000996289524027645,0.00024029199633293026,0.0007596473513059915,0.023287108476540558,225.6793524020718
LLLTALLGILLILLLGFL,15,26246.414070763487,1283.8458065772654,25954.83833147418,27650.970285362622,25133.43359545365,D,80.45339002653964,99999900.0,99999900.0,99999900.0,99999900.0,99999900.0,99999900.0,0.0006427602062123033,0.003635671286216941,0.0033251782354038616,0.0025345365759443686,0.0016456654758663064,0.24562627587478933,2380.4062633279736
LLLLFLLATLLLVLLAIL,16,26416.38522630346,1151.8652415540728,27261.80495768944,26882.91247355497,25104.43824766597,D,81.14699936535868,99999900.0,99999900.0,99999900.0,99999900.0,99999900.0,99999900.0,0.0028877077127020495,0.0017611724271693972,0.003270367229900935,0.0026397491232574605,0.0007845570946129313,0.2558226038414456,2479.22062212706
LLLAFLLVLLLILLLGTL,14,26630.266583877063,834.2284993626855,26661.690642369507,27448.339050504816,25780.77005875687,D,82.32168416941785,99999900.0,99999900.0,99999900.0,99999900.0,99999900.0,99999900.0,0.001856904700013342,0.0031411355719659457,0.004548862900687743,0.003182301057555677,0.00134645114521375,0.3084022400381258,2988.778872278953
LLLTVLLAILLLLLLSFL,17,25770.69635314916,1536.3723401116758,26708.044775880546,26606.427530557383,23997.616753009534,D,77.93757424188685,99999900.0,99999900.0,99999900.0,99999900.0,99999900.0,99999900.0,0.001936526164214341,0.0010863915679355926,0.0011781005849687862,0.0014003394390395732,0.0004666098896739439,0.13570929085674066,1315.1819559885278
LLLYLLLATLLGVLLLIL,17,25721.47610638621,1136.422310330049,25993.53799660297,26697.174630768783,24473.715691786867,D,77.8186739795204,99999900.0,99999900.0,99999900.0,99999900.0,99999900.0,99999900.0,0.0007092337603109617,0.0013078662189228575,0.0020780884638639378,0.0013650628143659189,0.0006862174493245449,0.13229057280537704,1282.050574449499
LLLLVLLYILLGALLITL,14,27233.89779282184,1648.763897834942,28654.70256877897,27620.95052113138,25426.04028855517,D,85.02985847514029,99999900.0,99999900.0,99999900.0,99999900.0,99999900.0,99999900.0,0.005280256960777445,0.0035624059500205677,0.003878303763789304,0.004240322224862439,0.0009143555371997958,0.41093688151412294,3982.459625318466
LLLSYLLGVLLLTLLGLL,17,25929.282560872067,1287.3358191333184,26253.42864242924,27023.5655602278,24510.853479959154,D,78.8107487892032,99999900.0,99999900.0,99999900.0,99999900.0,99999900.0,99999900.0,0.0011556421425947833,0.002104446131878177,0.0021482914332086483,0.0018027932358938698,0.000560877888475595,0.17471177686196124,1693.1617207410409
LLLGYLLALLLGSLLIFL,14,26989.834882178588,1127.0544842712402,27481.10358811848,27787.86862991836,25700.53242849893,D,83.98579269311098,99999900.0,99999900.0,99999900.0,99999900.0,99999900.0,99999900.0,0.003264392092917587,0.003969781279931184,0.004397186665389118,0.003877120012745963,0.0005720537288424208,0.375738333740783,3641.3444767811066
LLLLLLLGILLGTLLGFL,16,26677.795221422293,1370.8777333350454,27363.778028125333,27570.269904790555,25099.337731350988,D,82.41268154628374,99999900.0,99999900.0,99999900.0,99999900.0,99999900.0,99999900.0,0.003062864587875734,0.003438716357848963,0.0032607255304857264,0.003254102158736808,0.00018801340387854135,0.31536060759699946,3056.213602788504
LLLILLLGLLLGTLLAFL,14,27609.21273282635,1297.1953737090291,28249.14386301485,28462.09922533948,26116.39511012472,D,86.97447223554452,99999900.0,99999900.0,99999900.0,99999900.0,99999900.0,99999900.0,0.004583637791643123,0.005615288248836727,0.005183307663073355,0.005127411234517734,0.0005180916661179738,0.4969061951468917,4815.602952092545
LLLYLLLGALLLILLTFL,17,25304.562001239683,659.1517075718592,25129.251064436052,26033.645977093944,24750.78896218905,D,75.89914119071221,99999900.0,99999900.0,99999900.0,99999900.0,99999900.0,99999900.0,-0.0007753326810514236,-0.00031152191194133954,0.002601850574252568,0.000504998660419935,0.0018306750309089006,0.048940284175811644,474.2886670664622
LLLIYLLGVLLGTLLGLL,15,29353.34922872634,597.2206819400202,29442.383725355223,29901.05422479692,28716.609736026872,D,95.63501950053448,99999900.0,99999900.0,99999900.0,99999900.0,99999900.0,99999900.0,0.00663323936514496,0.009127158661762407,0.010098591977395885,0.00861966333476775,0.0017875488278644692,0.8353463210230434,8095.48411516394
LLLSYLLATLLGALLLLL,17,27265.51408098888,882.9013577003498,28184.251979727356,27188.839934949054,26423.45032829024,D,85.33388846672118,99999900.0,99999900.0,99999900.0,99999900.0,99999900.0,99999900.0,0.0044721744469366515,0.0025078098137286983,0.005763745786313366,0.004247910015659572,0.0016395123255848795,0.41167222730210884,3989.5859871590274
LLLAGLLFTLLLLLLGYL,16,26380.27080424438,1000.743620531738,26805.170386610047,27098.4568455514,25237.18518057169,D,81.03079516093776,99999900.0,99999900.0,99999900.0,99999900.0,99999900.0,99999900.0,0.0021033566656594293,0.0022872235566156465,0.0035213037912855665,0.002637294671186881,0.0007710744787053426,0.2555847386920011,2476.915430267807
LLLAVLLGILLLLLLGFL,16,25374.958013661497,959.9771039885056,25507.239857894136,26261.934175353337,24355.70000773702,D,76.16408018795933,99999900.0,99999900.0,99999900.0,99999900.0,99999900.0,99999900.0,-0.00012606973712141371,0.0002456314176551832,0.00185499894083928,0.0006581868737910165,0.00105300037036547,0.06378601602098397,618.1611943116749
LLLYALLFILLGLLLITL,15,26272.06851585133,1242.891857274493,27033.429593672423,26944.96623732942,24837.80971655213,D,80.43839237942764,99999900.0,99999900.0,99999900.0,99999900.0,99999900.0,99999900.0,0.002495432429071929,0.0019126189818513266,0.0027663492062810495,0.0023914668724014355,0.0004362573228686947,0.2317611461286672,2246.0369187943757
LLLLYLLALLLGFLLGTL,16,28592.291526569574,1343.90579519379,29871.788777920887,28712.969014460366,27192.116787327464,D,91.71921635214429,99999900.0,99999900.0,99999900.0,99999900.0,99999900.0,99999900.0,0.007370818873829839,0.006227553531797443,0.007216785143685891,0.006938385849771057,0.0006203978849998773,0.6724108434799748,6516.4485259114
LLLYTLLALLLGVLLAFL,13,26663.54322835881,1309.0491875748771,27567.26063985411,27261.008545785426,25162.360499436894,D,82.32871298190342,99999900.0,99999900.0,99999900.0,99999900.0,99999900.0,99999900.0,0.0034123821445232005,0.0026839423607741336,0.003379859858987691,0.0031587281214283413,0.0004114979509719454,0.3061177464674483,2966.639454234992
LLLYLLLGILLGTLLAFL,13,28212.952225469257,1221.7065868957457,29282.11896472742,28475.38130694273,26881.35640473762,D,89.89526836559953,99999900.0,99999900.0,99999900.0,99999900.0,99999900.0,99999900.0,0.006357956150154658,0.005647704098826552,0.0066293430076250015,0.006211667752202071,0.0005069062618950408,0.601983349313641,5833.92363061276
LLLYFLLITLLGVLLALL,15,26776.689532472607,857.2134946908614,27096.4162442862,27428.08821671977,25805.56413641185,D,82.99487093546783,99999900.0,99999900.0,99999900.0,99999900.0,99999900.0,99999900.0,0.0026036231979877453,0.0030917119944158552,0.004595732085935609,0.0034303557594464033,0.0010383323914121949,0.332441645591367,3221.748864360691
LLLIFLLGVLLGILLGLL,14,31110.399887375297,1456.6973606658048,32387.40640459856,31420.00420008545,29523.789057441874,D,103.99709340982528,99999900.0,99999900.0,99999900.0,99999900.0,99999900.0,99999900.0,0.011691839323024962,0.012834262413402516,0.011624433659030192,0.012050178465152555,0.0006798724948930337,1.1678034115247162,11317.382658792852
LLLYTLLILLLGVLLAFL,15,26783.649994381536,872.6625682329478,27123.07878385003,27435.599174752628,25792.272024541948,D,83.02478575040527,99999900.0,99999900.0,99999900.0,99999900.0,99999900.0,99999900.0,0.002649420849213037,0.00311004301331378,0.004570605502796081,0.0034433564551076324,0.0010030259249646032,0.3337015652505889,3233.9589613359467
LLLYTLLIILLGVLLALL,15,26356.940982055195,1096.6975069183045,26668.089677333377,27264.444848260617,25138.288420571596,D,80.92079347554234,99999900.0,99999900.0,99999900.0,99999900.0,99999900.0,99999900.0,0.001867896180054175,0.002692328897529652,0.003334355495432055,0.002631526857671961,0.0007351179476470305,0.2550257700162059,2471.4983691975767
LLLGYLLITLLGFLLSLL,14,27133.528361000303,1340.449876927839,27969.6425356861,27843.518563323487,25587.42398399133,D,84.6261093348947,99999900.0,99999900.0,99999900.0,99999900.0,99999900.0,99999900.0,0.004103544577890388,0.0041055988382845965,0.004183373483366606,0.004130838966513864,4.550781902217595e-05,0.40032667163432356,3879.6342660886835
LLLVGLLFLLLGTLLSYL,17,26105.081554536693,966.84947985504,26697.01533818355,26628.876038681352,24989.35328674517,D,79.67269457747635,99999900.0,99999900.0,99999900.0,99999900.0,99999900.0,99999900.0,0.0019175811443804733,0.0011411787235621508,0.003052817763947841,0.0020371925439634886,0.0009614162055864964,0.19742781483719368,1913.3067312113533
LLLAFLLGILLGLLLITL,14,30876.7829528036,1073.8374983218307,31810.072635016837,31117.142177886017,29703.134045507948,D,102.93344353261296,99999900.0,99999900.0,99999900.0,99999900.0,99999900.0,99999900.0,0.010700165947104075,0.012095106445799596,0.01196345629120529,0.011586242894702989,0.0007701832305372729,1.1228426216521483,10881.659951864742
LLLTFLLVALLLLLLGYL,17,25768.29689385386,1533.0009158876317,27079.271143045185,26142.90767556626,24082.71186295014,D,77.8966012905383,99999900.0,99999900.0,99999900.0,99999900.0,99999900.0,99999900.0,0.0025741734388986482,-4.486108774904929e-05,0.0013389590983199627,0.0012894238164898539,0.0013102197415138705,0.12496026811159827,1211.011337531425
LLLYLLLAILLGVLLATL,13,25800.00098682153,1015.1875084397954,26101.777175081832,26630.08385375064,24668.141931632133,D,78.21090000596217,99999900.0,99999900.0,99999900.0,99999900.0,99999900.0,99999900.0,0.0008951537899097907,0.00114412648079411,0.0024456197581979888,0.0014949666763006298,0.0008326480719921561,0.14487977831600848,1404.0547189210229
LLLAVLLGFLLGILLLLL,16,29634.71484632989,1335.971595911218,30966.77360783956,29642.506433633764,28294.86449751636,D,96.81042725091235,99999900.0,99999900.0,99999900.0,99999900.0,99999900.0,99999900.0,0.009251649963364606,0.008496154677304564,0.00930135095935042,0.009016385200006529,0.00045121768007644184,0.8737933157287296,8468.080518694505
LLLAYLLFTLLGSLLILL,14,27003.606741514184,1118.2755095154032,28063.001599257423,27113.285584271664,25834.53304101347,D,84.00725402041469,99999900.0,99999900.0,99999900.0,99999900.0,99999900.0,99999900.0,0.004263905365051099,0.0023234141315761755,0.004650493104881132,0.003745937533836135,0.001247013288874526,0.36302521527152665,3518.1394706274687
LLLVFLLGTLLLLLLGAL,17,25584.711509154928,795.927441890244,25514.31462634736,26413.499077199303,24826.320823918115,D,77.23563301351024,99999900.0,99999900.0,99999900.0,99999900.0,99999900.0,99999900.0,-0.00011391756469444579,0.0006155361711961408,0.002744631316845938,0.0010820833077825442,0.0014852862013873533,0.10486654467705485,1016.2796259227298
LLLGYLLATLLIFLLSLL,14,26772.324827721048,1209.9892412448903,27485.832573668293,27455.88532371641,25375.25658577844,D,82.88995569787926,99999900.0,99999900.0,99999900.0,99999900.0,99999900.0,99999900.0,0.0032725149662223333,0.0031595527800298874,0.00378230540457883,0.0034047910502770173,0.00033177994161082196,0.3299641258874903,3197.73879703535
LLLTFLLIVLLGLLLGAL,15,26530.974575394903,1071.3599732127254,27152.52637770709,27146.51784708596,25293.87950139166,D,81.73706109971342,99999900.0,99999900.0,99999900.0,99999900.0,99999900.0,99999900.0,0.002700002326257306,0.002404519795461499,0.003628475215929362,0.002910999112549389,0.0006386755441476963,0.28210990438120126,2733.9753491120396
LLLLTLLGILLGLLLGFL,16,27545.79782991588,1014.674442477982,27764.96506934147,28432.97823197049,26439.450188435683,D,86.74713772270165,99999900.0,99999900.0,99999900.0,99999900.0,99999900.0,99999900.0,0.0037519746460432236,0.005544216425849823,0.005793990928703087,0.005030060666865377,0.0011138782397706918,0.4874717850800985,4724.172470016404
LLLAFLLGVLLLILLGLL,16,26287.377400470592,1403.4820295898496,27041.490658879982,27152.59558083905,24668.04596169274,D,80.49504306873145,99999900.0,99999900.0,99999900.0,99999900.0,99999900.0,99999900.0,0.002509278741498258,0.00241935293016909,0.002445438342582121,0.0024580233380831562,4.626499183641013e-05,0.23821124708832606,2308.545950732378
LLLAVLLILLLGFLLGTL,14,27245.16855612621,1159.550198619006,28269.188467888434,27480.215544763545,25986.10165572665,D,85.18131508779062,99999900.0,99999900.0,99999900.0,99999900.0,99999900.0,99999900.0,0.004618067963635985,0.0032189323877782794,0.004937009005154094,0.004258003118856119,0.0009138828344641024,0.4126503672010227,3999.0653082678677
LLLFYLLLTLLGILLALL,16,26332.258372603083,1060.2251092112217,26637.251740216838,27206.55843912495,25152.964938467467,D,80.80489853179695,99999900.0,99999900.0,99999900.0,99999900.0,99999900.0,99999900.0,0.0018149265413147846,0.0025510530635871674,0.003362099073782791,0.002576026226228248,0.0007738885290822506,0.24964710886781075,2419.372843781536
LLLYTLLLTLLGALLFLL,17,26050.18892284164,1442.6000986925324,25979.594656928435,27526.79011184014,24644.181999756336,D,79.44275521098429,99999900.0,99999900.0,99999900.0,99999900.0,99999900.0,99999900.0,0.0006852835958563967,0.003332600879268829,0.0024003273903495147,0.002139403955158247,0.0013428078712301153,0.2073332975680242,2009.3024590697842
LLLTFLLGILLGLLLIVL,15,28947.896277995715,1237.2963097093389,29891.961983121542,29404.54911840126,27547.177732464344,D,93.48994009998108,99999900.0,99999900.0,99999900.0,99999900.0,99999900.0,99999900.0,0.007405469939744401,0.007915403190830457,0.007887970313123329,0.007736281147899396,0.000286819075857149,0.7497362419285039,7265.822191760729
LLLAYLLGVLLGLLLGFL,13,31335.604259287524,1414.176709396238,32876.07884559543,31034.51438657131,30096.219545695832,D,105.10527465494783,99999900.0,99999900.0,99999900.0,99999900.0,99999900.0,99999900.0,0.012531221106692247,0.011893447536582195,0.012706520719046809,0.012377063120773751,0.00042789661540799717,1.1994823627629445,11624.388795146033
LLLFYLLGVLLGILLLLL,16,26013.475532685112,1226.4348063286925,26556.065123388107,26875.02659455341,24609.334880113813,D,79.20102707276827,99999900.0,99999900.0,99999900.0,99999900.0,99999900.0,99999900.0,0.0016754740952046737,0.001741926387400301,0.0023344545585947942,0.0019172850137332564,0.0003628040775053394,0.1858073709346149,1800.691021227416
LLLSYLLILLLGFLLATL,14,29891.691259356125,1909.2281627069924,31616.961765453943,30217.64064269844,27840.471369915995,D,97.9527031673684,99999900.0,99999900.0,99999900.0,99999900.0,99999900.0,99999900.0,0.01036846370130405,0.009899809977878392,0.00844239439846456,0.009570222692549,0.0010044434149434436,0.9274666546831503,8988.2380293916
LLLLYLLATLLGALLFLL,17,26265.47400957179,1320.2158523365715,27540.08160252096,26352.39497776493,24903.94544842948,D,80.36116807623205,99999900.0,99999900.0,99999900.0,99999900.0,99999900.0,99999900.0,0.0033656973165666244,0.00046640733881920003,0.002891368088289761,0.0022411575812251953,0.0015551690812865124,0.21719441555890104,2104.8682406430275
LLLSYLLGLLLLVLLGTL,17,25623.45258942833,1367.0605899188645,26730.18508703558,26044.87454355103,24095.298137698384,D,77.22618257098401,99999900.0,99999900.0,99999900.0,99999900.0,99999900.0,99999900.0,0.0019745560842776688,-0.0002841178094259216,0.0013627514107812247,0.0010177298952109906,0.0011681959699379725,0.09862994536347229,955.8396749645245
LLLLLLLGFLLGVLLGTL,16,28789.790931166262,1181.4913672566593,29840.14156594876,29018.60136225506,27510.62986529497,D,92.7193906221309,99999900.0,99999900.0,99999900.0,99999900.0,99999900.0,99999900.0,0.007316459161669542,0.006973470672957451,0.00781888249382178,0.0073696041094829245,0.00042520415781463174,0.714200942793404,6921.443528162277
LLLAYLLGVLLGLLLLFL,16,26725.375393039038,1639.3862656833862,28215.11937729464,26991.979784294446,24969.027017528013,D,82.54480853177945,99999900.0,99999900.0,99999900.0,99999900.0,99999900.0,99999900.0,0.004525194689237074,0.0020273588344912096,0.003014394246421045,0.0031889825900497763,0.0012580368860298846,0.3090497587834611,2995.054087222993
LLLAFLLGTLLGVLLLLL,16,30986.610084539883,1405.737201346442,32399.67379945369,30971.840673624298,29588.315780541667,D,103.39787333739204,99999900.0,99999900.0,99999900.0,99999900.0,99999900.0,99999900.0,0.011712910754336787,0.011740487952543916,0.011746410970728836,0.011733269892536513,1.787851831895967e-05,1.1370912595584461,11019.74593959243
LLLYTLLAVLLGILLALL,13,26680.27511558207,1248.2345171699656,27303.191157897825,27494.459627835127,25243.174561013253,D,82.44562909031876,99999900.0,99999900.0,99999900.0,99999900.0,99999900.0,99999900.0,0.0029587958683575215,0.0032536960696982887,0.003532625744267316,0.0032483725607743755,0.00028695197582890024,0.31480534245577824,3050.8324333054616
LLLSYLLLILLGLLLAFL,17,25990.01632019405,959.5313404187156,25910.891224887066,26986.66026862557,25072.49746706952,D,79.19953328906253,99999900.0,99999900.0,99999900.0,99999900.0,99999900.0,99999900.0,0.0005672732386254714,0.0020143761840986183,0.0032099883610610283,0.0019305459279283727,0.00132335045943037,0.18709250881715972,1813.1455123194403
LLLTLLLGILLLVLLGAL,17,26486.462856034723,1310.7350141698555,27649.23227348041,26744.12626199936,25066.0300326244,D,81.44574244120413,99999900.0,99999900.0,99999900.0,99999900.0,99999900.0,99999900.0,0.0035531829965274706,0.0014224549618782924,0.003197762724467289,0.0027244668942910167,0.0011414934062694677,0.26403274797465154,2558.7865335830124
LLLTALLAFLLGILLILL,15,27733.71017682129,1204.421012331082,28745.391716242728,28054.310767426017,26401.428046795136,D,87.56080120328858,99999900.0,99999900.0,99999900.0,99999900.0,99999900.0,99999900.0,0.005436031692419993,0.004620051969301334,0.005722116232460314,0.005259399964727214,0.0005718701648572329,0.5096974488090004,4939.565179768145
LLLAYLLGTLLGLLLIFL,14,26858.384789790856,1039.3851272610732,27582.03914431467,27325.752839333567,25667.362385724333,D,83.33015640475838,99999900.0,99999900.0,99999900.0,99999900.0,99999900.0,99999900.0,0.0034377668529563866,0.0028419553417243534,0.004334484075637007,0.003538068756772582,0.0007513027747323924,0.3428802964467734,3322.9116157333096
LLLYTLLGALLGILLLVL,17,25640.28388148352,1240.120531302729,26006.68534257264,26655.92067501901,24258.24562685891,D,77.39887909049925,99999900.0,99999900.0,99999900.0,99999900.0,99999900.0,99999900.0,0.000731816664081843,0.0012071830518548118,0.0016707772289388616,0.0012032589816251722,0.00046949258176730356,0.11660988654675851,1130.0863611325005
LLLWTLLALLLGILLGFL,13,26458.864602660426,1114.985249473209,26940.44151637084,27252.12395112116,25184.028340489287,D,81.39538347845259,99999900.0,99999900.0,99999900.0,99999900.0,99999900.0,99999900.0,0.002335708876775895,0.0026622588855132437,0.0034208194006305694,0.0028062623876399027,0.0005567036632837963,0.2719596891777557,2635.6078769905907
LLLYALLLSLLGILLTLL,17,26421.207478287888,788.3370582998058,26766.018813647253,26978.393596982314,25519.2100242341,D,81.26343264091346,99999900.0,99999900.0,99999900.0,99999900.0,99999900.0,99999900.0,0.0020361068795248763,0.001994200793229368,0.0040544260483846885,0.0026949112403796445,0.0011775607903229013,0.2611684589877824,2531.0282189644236
LLLFYLLGVLLGLLLLTL,16,26124.00407522496,1347.303820379722,26346.18599747589,27346.406263492645,24679.41996470635,D,79.7693790535648,99999900.0,99999900.0,99999900.0,99999900.0,99999900.0,99999900.0,0.001314969388404859,0.0028923614692663675,0.0024669390518108677,0.002224756636494031,0.0008161070309142498,0.21560497194487743,2089.464670644038
LLLLVLLGLLLGFLLGTL,16,28271.58863808013,1009.9624760895168,29219.916868061617,28385.24199414142,27209.60705203736,D,90.2214061163778,99999900.0,99999900.0,99999900.0,99999900.0,99999900.0,99999900.0,0.006251112992106545,0.005427712795562908,0.007249847654343863,0.00630955781400444,0.0009124723057721696,0.6114700426815242,5925.860799104834
LLLYALLFILLGLLLLTL,17,26657.239043323945,1672.310211624102,28115.15856520974,27024.85324006948,24831.70532469261,D,82.20828547166484,99999900.0,99999900.0,99999900.0,99999900.0,99999900.0,99999900.0,0.004353494225479611,0.002107588804678245,0.002754809842854405,0.003071964291004087,0.00115605492853155,0.297709315218118,2885.1519084120378
VVIIAVVCCVVGTSLVWIVIIL,N,28674.18451745936,1316.9657560053276,29342.691719921044,29522.818228140903,27157.043604316124,D,92.16962332549784,99999900.0,99999900.0,99999900.0,99999900.0,99999900.0,99999900.0,0.006462000624593094,0.00820404723280141,0.007150484975772179,0.007272177611055561,0.0008773758712229245,0.704759174145296,6829.941732815647
LLLYFLLLVLLGLLLATL,17,25550.80426371478,630.5032761725314,25574.13857300903,26169.31645954783,24908.95775858748,D,77.07234850161701,99999900.0,99999900.0,99999900.0,99999900.0,99999900.0,99999900.0,-1.1159302017607539e-05,1.9591398354538442e-05,0.0029008430482614154,0.0009697583815327822,0.0016724390553766592,0.09398094389918508,910.7854063835383
LLLYVLLIILLGTLLSLL,15,26178.31804509428,926.5563179992548,26540.941386661278,26868.7201143295,25125.29263429206,D,80.06013778416441,99999900.0,99999900.0,99999900.0,99999900.0,99999900.0,99999900.0,0.0016494963889857916,0.001726534980916846,0.003309789067793437,0.0022286068125653585,0.0009371232778704923,0.21597809909515733,2093.080709695156
LLLTYLLGVLLLLLLGFL,17,25677.79110790367,1605.131534349901,26244.418338528383,26922.76000204445,23866.19498313817,D,77.51783941521695,99999900.0,99999900.0,99999900.0,99999900.0,99999900.0,99999900.0,0.001140165343976352,0.0018584231100491162,0.0009296690295216712,0.0013094191611823798,0.00048696116529267874,0.1268980511754816,1229.790724735871
LLLALLLGLLLLVLLGTL,16,26923.53792578537,1035.3409070138346,27360.32902205747,27668.90632561547,25741.378429683176,D,83.67852254416958,99999900.0,99999900.0,99999900.0,99999900.0,99999900.0,99999900.0,0.0030569403068599777,0.0036794454481002305,0.004474399410415529,0.0037369283884585796,0.0007104757517940412,0.36215212357937815,3509.6781896629304
LLLFLLLGILLLVLLATL,16,25536.26417047517,1758.4173364127455,26484.862225923764,26616.684675623685,23507.24560987806,D,76.76556503189009,99999900.0,99999900.0,99999900.0,99999900.0,99999900.0,99999900.0,0.0015531704618056245,0.0011114248485406247,0.0002511334169434654,0.0009719095757632383,0.0006621355601777913,0.09418941981250402,912.8057821273385
LLLYVLLGILLGFLLILL,15,26190.645376853547,1581.3190904110552,26973.40098687265,27227.917391406565,24370.617752281425,D,79.99931027811071,99999900.0,99999900.0,99999900.0,99999900.0,99999900.0,99999900.0,0.002392322626227577,0.0026031810819040547,0.0018831985190716877,0.0022929007424011064,0.00037014491207278393,0.22220893383504486,2153.464795183431
LLLYTLLLALLGILLSVL,17,26188.426141485685,1444.423351645712,27027.42989833113,27017.28852912429,24520.559997001623,D,79.99822297417293,99999900.0,99999900.0,99999900.0,99999900.0,99999900.0,99999900.0,0.0024851268858193556,0.0020891265980347,0.0021666400304706903,0.0022469645047749156,0.00020986441542236283,0.2177571744550815,2110.3220333874747
LLLTFLLAVLLILLLGYL,15,26405.08138232539,1309.6614276512878,27139.881979100704,27182.34877253193,24893.01339534353,D,81.082719762141,99999900.0,99999900.0,99999900.0,99999900.0,99999900.0,99999900.0,0.002678283323986629,0.002491967677423676,0.0028707028137691724,0.0026803179383931594,0.00018937576565521228,0.25975419712481407,2517.32236528649
LLLTYLLVALLLLLLGFL,17,25966.96193984197,1049.3318461202698,26624.82814129661,26519.224826974285,24756.832851255025,D,78.98187046823391,99999900.0,99999900.0,99999900.0,99999900.0,99999900.0,99999900.0,0.0017935868017543647,0.0008735672650518476,0.002613275566954156,0.0017601432112534562,0.0008703361989691959,0.17057849000478126,1653.1053306503572
LLLAFLLGALLLILLTLL,16,26298.54503459709,921.5125833825052,26676.631442671023,26970.88063361637,25248.12302750388,D,80.64592447142496,99999900.0,99999900.0,99999900.0,99999900.0,99999900.0,99999900.0,0.001882568180403028,0.0019758648801756545,0.0035419800181334163,0.0024668043595706996,0.0009322972117953827,0.23906223090399978,2316.7929804835967
LLLTVLLAILLLLLLAFL,17,25882.52662057644,1057.511891965523,25870.00795644711,26946.24227038421,24831.329634897997,D,78.65421468381403,99999900.0,99999900.0,99999900.0,99999900.0,99999900.0,99999900.0,0.0004970489576832622,0.0019157332298526343,0.0027540996621884988,0.0017222939499081317,0.0011408915535430972,0.16691045333208118,1617.5577596964135
LLLYTLLLLLLGVLLAFL,17,25191.14505756931,690.4110995677373,24972.110704863007,25964.503668797708,24636.820799047207,D,75.34970559199631,99999900.0,99999900.0,99999900.0,99999900.0,99999900.0,99999900.0,-0.001045249181837654,-0.00048026855577557373,0.0023864122334929508,0.0002869648319599077,0.0018399892175796192,0.027810252828994478,269.5139181795801
LLLIYLLGILLGLLLAFL,14,28671.85537606312,703.5394435463917,29260.86905163569,28861.873992837205,27892.823083716463,D,92.24153605996504,99999900.0,99999900.0,99999900.0,99999900.0,99999900.0,99999900.0,0.006321455647041933,0.006590966555899052,0.008541356828376308,0.007151259677105765,0.0012113779756855864,0.69304081028957,6716.377063812783
LLLIVLLGFLLGTLLGLL,14,28170.01174173165,991.7120520055114,28887.906448197704,28583.69831663925,27038.430460358013,D,89.74182947791998,99999900.0,99999900.0,99999900.0,99999900.0,99999900.0,99999900.0,0.005680826077925353,0.005912059343926792,0.0069262660516256755,0.006173050491159273,0.0006624707285782219,0.5982408844762998,5797.654763581479
LLLTVLLGLLLGLLLLFL,17,26457.906642589493,1278.3012212225813,27425.245773307422,26939.76556816984,25008.708586291214,D,81.32332852886911,99999900.0,99999900.0,99999900.0,99999900.0,99999900.0,99999900.0,0.0031684463667124895,0.0018999263846847555,0.0030894058206836117,0.002719259524026952,0.0007106630332987571,0.26352809281315054,2553.8958340722234
LLLTLLLLLLLGFLLAIL,17,25841.78770479932,1105.5052536312803,26319.26736631752,26628.30479083411,24577.79095724633,D,78.38355139678134,99999900.0,99999900.0,99999900.0,99999900.0,99999900.0,99999900.0,0.0012687318543431801,0.0011397845531996786,0.002274825884969843,0.0015611140975042338,0.0006214460863933123,0.1512902380754651,1466.1795812057123
LLLTALLAFLLGVLLGLL,13,32036.922065020022,1203.0565338193185,33424.21600454494,31405.778435835684,31280.77175467944,D,108.59485865033768,99999900.0,99999900.0,99999900.0,99999900.0,99999900.0,99999900.0,0.013472744113872236,0.012799543439849598,0.014945724681024805,0.013739337411582212,0.001097646331830521,1.3315026949795257,12903.820421814462
LLLTFLLIILLGLLLGVL,15,26733.609172324635,1254.4411402667693,28018.519509115977,26670.271128696364,25512.03687916156,D,82.66039972516488,99999900.0,99999900.0,99999900.0,99999900.0,99999900.0,99999900.0,0.0041874994681112,0.001242206338684882,0.004040866380229529,0.0031568573956752034,0.0016597565538780214,0.3059364512341155,2964.8824911112383
LLLTYLLFALLGLLLLVL,17,26502.722626578805,895.106763672275,26619.18286183472,27333.89898440229,25555.086033499407,D,81.68017163432249,99999900.0,99999900.0,99999900.0,99999900.0,99999900.0,99999900.0,0.0017838900307755178,0.0028618365790507735,0.004122243829211557,0.002922656813012616,0.0011703627417640411,0.28323967207807477,2744.9241211526746
LLLALLLGTLLGILLLFL,16,26907.02265380749,1198.9669607086507,27515.687402768617,27679.568726692272,25525.81183196157,D,83.56004642146955,99999900.0,99999900.0,99999900.0,99999900.0,99999900.0,99999900.0,0.0033237959421869114,0.003705467784369599,0.004066905695889846,0.003698723140815452,0.0003716007860252899,0.3584495876655064,3473.796280660369
LLLAFLLGVLLGTLLLLL,16,31119.69631328348,1083.7906819539317,32308.91088186409,30862.62239726495,30187.555660721395,D,104.11810720203556,99999900.0,99999900.0,99999900.0,99999900.0,99999900.0,99999900.0,0.011557009309389755,0.011473933103058174,0.012879176840985412,0.011970039751144447,0.0007884307833335699,1.1600370316420854,11242.117342612171
LLLSYLLGVLLLLLLGFL,17,25440.42346071537,1508.1058048373686,26146.136151107214,26466.28402538496,23708.85020565394,D,76.352650240699,99999900.0,99999900.0,99999900.0,99999900.0,99999900.0,99999900.0,0.0009713482164706243,0.0007443615325527646,0.0006322342297152973,0.0007826479929128955,0.00017276852661423587,0.07584775601371813,735.053580205984
LLLAYLLSTLLLGLLFLL,16,27089.036318835075,1655.8397458705574,28422.6931269338,27608.725888801957,25235.68994076947,D,84.32673020416688,99999900.0,99999900.0,99999900.0,99999900.0,99999900.0,99999900.0,0.004881739502484974,0.0035325708790122415,0.003518477282784,0.003977595888093739,0.0007830430473141286,0.3854756227233806,3735.710210249399
LLLAYLLILLLGTLLGFL,14,26796.10632545239,1567.6983981759124,27560.445965182884,27835.03360079064,24992.839410383647,D,82.95952894920636,99999900.0,99999900.0,99999900.0,99999900.0,99999900.0,99999900.0,0.0034006767294010023,0.004084890693217433,0.003059407715664637,0.003514991712761024,0.0005222114235423126,0.34064386062945023,3301.2379335992327
LLLTALLFYLLGLLLGVL,13,30409.961473237832,1602.8483208172922,31747.85940956163,30848.55237954195,28633.472630609915,D,100.55110541568776,99999900.0,99999900.0,99999900.0,99999900.0,99999900.0,99999900.0,0.010593303673381913,0.011439594239807154,0.009941434754248442,0.010658110889145837,0.0007511793676970168,1.032895761066694,10009.969537059738
LLLGYLLLALLGTLLFLL,16,26004.398194582427,984.3854398495616,26144.97474210409,26910.938140061284,24957.281701581906,D,79.23412362640927,99999900.0,99999900.0,99999900.0,99999900.0,99999900.0,99999900.0,0.0009693532900560675,0.0018295710282675236,0.002992191630274836,0.0019303719828661422,0.0010151794728030853,0.18707565150357902,1812.982145209438
LLLAYLLGLLLLFLLGTL,16,25948.37943266253,1199.2561195592557,26766.3234063774,26507.106253388305,24571.70863822188,D,78.85781508392216,99999900.0,99999900.0,99999900.0,99999900.0,99999900.0,99999900.0,0.0020366300716832078,0.0008439910378317383,0.0022633282466603885,0.001714649785391778,0.0007624847583142952,0.1661696442705167,1610.3784523368984
LLLYLLLITLLGVLLSIL,15,25205.562383157376,1100.564662381152,24515.843902034416,26474.7910783636,24626.05216907411,D,75.46562484202701,99999900.0,99999900.0,99999900.0,99999900.0,99999900.0,99999900.0,-0.0018289685215351556,0.0007651235908993691,0.002366055883880027,0.0004340703177480802,0.0021170155036643896,0.04206649713726113,407.6736208501152
LLLFYLLGTLLIVLLALL,14,26159.34780812316,866.6356594192806,26724.964644337328,26591.462855934205,25161.61592409794,D,79.95239606521447,99999900.0,99999900.0,99999900.0,99999900.0,99999900.0,99999900.0,0.001965589045959212,0.0010498692318875495,0.0033784523599882095,0.0021313035459449904,0.0011731030720903922,0.20654827305230078,2001.6946521792595
LLLLFLLAILLLTLLGVL,16,25304.648244189964,893.0074285257908,24761.711297878774,26335.3116011863,24816.921833504817,D,75.94384127437779,99999900.0,99999900.0,99999900.0,99999900.0,99999900.0,99999900.0,-0.0014066475638636554,0.0004247141623251612,0.0027268640488332364,0.0005816435490982474,0.0020712193721090354,0.05636807146819945,546.2726245258059
LLLSTLLGLLLLVLLAIL,16,26668.695448016555,1315.926002729643,27835.275612417237,26928.601241446653,25242.209490185774,D,82.33462809819711,99999900.0,99999900.0,99999900.0,99999900.0,99999900.0,99999900.0,0.003872745502155266,0.0018726790637371344,0.0035308014342841088,0.00309207533339217,0.0010697788945499582,0.2996583107436232,2904.0399575003844
LLLIYLLGTLLGFLLGLL,14,30044.0681019182,1485.22251298306,31635.504718038945,29801.868570164766,28694.83101755089,D,98.7819592800966,99999900.0,99999900.0,99999900.0,99999900.0,99999900.0,99999900.0,0.010400314518558048,0.008885089127954425,0.010057422839954429,0.009780942162155635,0.0007945490356041821,0.94788783899946,9186.143220430276
LLLTLLLGLLLLALLGFL,17,26154.029948311007,1028.8798220147046,26694.000825533043,26800.514518463537,24967.57450093644,D,79.90982831906693,99999900.0,99999900.0,99999900.0,99999900.0,99999900.0,99999900.0,0.0019124031830444305,0.001560074449345009,0.003011648499224744,0.0021613753772047276,0.0007571374846550715,0.20946258566911996,2029.9377543541607
LLLLLLLGFLLGTLLGVL,16,27550.97321946498,1435.5469355123637,28922.27414296768,27671.82467151137,26058.820843915888,D,86.61543117981962,99999900.0,99999900.0,99999900.0,99999900.0,99999900.0,99999900.0,0.0057398587028830985,0.0036865678755634685,0.005074472844291152,0.004833633140912573,0.0010476180732649394,0.4684356574751501,4539.6901005347745
LLLYALLFLLLGTLLLVL,17,25265.86758073673,782.7501911185991,25804.57999552325,25625.033101140016,24367.98964554692,D,75.60220594183316,99999900.0,99999900.0,99999900.0,99999900.0,99999900.0,99999900.0,0.00038466480434334936,-0.0013087702414194234,0.0018782305092467323,0.00031804169072355276,0.0015945445825181425,0.0308219643807036,298.70093009633507
LLLYLLLGVLLGTLLIFL,15,25094.727998482,1073.311637645941,25539.682143657312,25874.004252829025,23870.49759895967,D,74.74282762772724,99999900.0,99999900.0,99999900.0,99999900.0,99999900.0,99999900.0,-7.034434439292739e-05,-0.0007011387160288872,0.0009378024273755642,5.543978898458322e-05,0.0008266790514118047,0.0053727648015864495,52.068382910320146
LLLTALLGVLLLLLLGFL,17,25552.208762255865,1100.3521402607666,25419.33858633113,26712.962802735616,24524.324897700844,D,77.05585068994442,99999900.0,99999900.0,99999900.0,99999900.0,99999900.0,99999900.0,-0.0002770557963324965,0.0013463983578885718,0.0021737569650373684,0.001081033175531148,0.0012467697493238426,0.10476477456391677,1015.293354344615
LLLTLLLGVLLILLLGFL,15,25935.207748778404,915.5194855324108,26478.502104155225,26448.926320885144,24878.19482129485,D,78.85410241449625,99999900.0,99999900.0,99999900.0,99999900.0,99999900.0,99999900.0,0.001542245822094969,0.0007019988395622288,0.0028426907012856365,0.0016956451209809448,0.0010785587236614607,0.164327869727672,1592.5295001357892
LLLFYLLLTLLGALLLIL,16,26027.82829497811,1170.7931056376124,26251.529827508883,27070.63103278488,24761.32402464057,D,79.31770631444607,99999900.0,99999900.0,99999900.0,99999900.0,99999900.0,99999900.0,0.0011523805904363423,0.0022193127125606196,0.0026217654023219608,0.001997819568439641,0.0007593203151631603,0.19361211241655354,1876.3281062302149
LLLFYLLLTLLGGLLIIL,14,25907.83478443793,756.6915903419684,26143.632243177104,26518.55243680388,25061.319673332822,D,78.77327991175808,99999900.0,99999900.0,99999900.0,99999900.0,99999900.0,99999900.0,0.0009670473095067968,0.0008719262497690331,0.003188858553669203,0.0016759440376483443,0.0013110853342141314,0.1624186040356263,1574.0264796608155
LLLAYLLVFLLLLLLGTL,16,27071.98579695747,1318.037803836626,28241.12543610656,27331.25128742288,25643.58066734297,D,84.30354776386822,99999900.0,99999900.0,99999900.0,99999900.0,99999900.0,99999900.0,0.004569864718075155,0.0028553746892155205,0.004289528591515384,0.0039049226662686864,0.0009196794566945207,0.37843273646080655,3667.4563945221107
LLLTFLLIVLLGLLLSIL,15,27191.424726065103,1330.3226812049702,28434.058863307066,27352.190604994503,25788.02470989375,D,84.881839537397,99999900.0,99999900.0,99999900.0,99999900.0,99999900.0,99999900.0,0.004901262175075685,0.0029064785596453523,0.004562576642847248,0.004123439125856095,0.001067436994496253,0.39960954041590446,3872.684424758096
LLLAYLLGVLLGTLLLLL,16,27676.020387739547,956.0799339067504,28524.49240968508,27863.4707841692,26640.09796936436,D,87.32593830460318,99999900.0,99999900.0,99999900.0,99999900.0,99999900.0,99999900.0,0.0050565978664179,0.004154293630051287,0.006173283038084316,0.005128058178184501,0.0010113898800935893,0.4969688915644841,4816.210553802068
LLLLYLLATLLGILLLFL,16,25174.72136709099,1166.0564279793684,25537.297222559588,26116.41681189852,23870.450066814865,D,75.13372088748174,99999900.0,99999900.0,99999900.0,99999900.0,99999900.0,99999900.0,-7.444087032107209e-05,-0.00010951389507287735,0.0009377125755596923,0.00025125260338858095,0.0005947503672224023,0.02434931965863932,235.97342269988405
LLLYFLLGTLLGVLLALL,13,31039.230067590397,1746.7374414570284,32842.67418430878,30919.67402600336,29355.34199245904,D,103.58586985782809,99999900.0,99999900.0,99999900.0,99999900.0,99999900.0,99999900.0,0.012473842662930631,0.01161317159700078,0.011306011784137262,0.01179767534802289,0.000605382908556019,1.1433329024399437,11080.234768630196
LLLTYLLLILLIALLGFL,15,26458.86368514547,1094.0460314986394,26888.690131022555,27272.723342320136,25215.17758209372,D,81.40383752605497,99999900.0,99999900.0,99999900.0,99999900.0,99999900.0,99999900.0,0.002246816673130683,0.0027125331418334482,0.00347970199329662,0.0028130172694202506,0.000622554694860481,0.27261431632791355,2641.951980701932
LLLLFLLALLLGVLLGTL,16,27575.48221862508,1283.3197613983737,28841.57790684654,27609.26335648487,26275.605392543825,D,86.76544265090818,99999900.0,99999900.0,99999900.0,99999900.0,99999900.0,99999900.0,0.0056012485728081955,0.003533882606518825,0.005484268897602977,0.004873133358976665,0.0011612990547537482,0.4722636911880627,4576.788230179067
LLLAFLLGTLLGYLLILL,14,31332.03013818468,1850.5571504664304,33315.439493442966,31028.89445800449,29651.756463106576,D,104.99767694166634,99999900.0,99999900.0,99999900.0,99999900.0,99999900.0,99999900.0,0.013285901119977139,0.01187973170748121,0.011866335298818878,0.01234398937542574,0.0008157469992798952,1.1962771295159016,11593.326331370467
LLLYLLLASLLITLLTFL,15,25412.872967502717,1145.3681414591103,25229.89527317008,26638.71517760407,24370.008451733996,D,76.37902898068327,99999900.0,99999900.0,99999900.0,99999900.0,99999900.0,99999900.0,-0.0006024583620687143,0.001165191830910461,0.0018820467351406038,0.0008149267346607836,0.0012787515875856686,0.07897594410171353,765.3693861636825
LLLVYLLFTLLGALLLLL,17,26212.810941308835,1001.4212548366064,26640.797324469426,26929.12160950252,25068.513889954564,D,80.2126043803397,99999900.0,99999900.0,99999900.0,99999900.0,99999900.0,99999900.0,0.0018210167125305152,0.0018739490584068197,0.0032024580541729027,0.0022991412750367458,0.000782742844688907,0.22281371452959692,2159.3258283653427
LLLAYLLLLLLGFLLATL,16,28309.288870086173,1393.2221430015857,29801.00356761616,28085.11953692984,27041.74350571253,D,90.3290658297267,99999900.0,99999900.0,99999900.0,99999900.0,99999900.0,99999900.0,0.0072492326923753675,0.00469524292810124,0.006932528826898714,0.006292334815791774,0.0013921573933636773,0.6098009324581694,5909.685166364777
LLLTYLLFVLLGALLLLL,17,26118.06258535393,827.5320304060286,26445.61423424889,26731.680933336094,25176.89258847681,D,79.78086749356173,99999900.0,99999900.0,99999900.0,99999900.0,99999900.0,99999900.0,0.0014857550593937135,0.0013920812660169605,0.0034073304179948944,0.002095055581135189,0.00113742807705928,0.20303542076649211,1967.650999668941
LLLYILLATLLGVLLLLL,17,26243.06815565484,707.5396767255003,26527.59397593661,26764.05194722875,25437.558543799147,D,80.40951397101395,99999900.0,99999900.0,99999900.0,99999900.0,99999900.0,99999900.0,0.0016265698384347559,0.0014710849916156647,0.0039000771584795355,0.0023325773295099854,0.0013597189671995702,0.22605405977383486,2190.728568512984
LLLFTLLGALLGILLLLL,16,26046.57996651909,1094.7496401726278,26909.865737510478,26414.643297618568,24815.23086442823,D,79.34752239347993,99999900.0,99999900.0,99999900.0,99999900.0,99999900.0,99999900.0,0.002283189541442655,0.0006183287212326572,0.0027236675458617698,0.0018750619361790274,0.0011104228916301848,0.18171546025001437,1761.035614704186
LLLFYLLLVLLGLLLATL,16,27032.22283109019,1506.5194116102373,28062.479842682245,27730.98419060629,25303.204459982026,D,84.09294787189161,99999900.0,99999900.0,99999900.0,99999900.0,99999900.0,99999900.0,0.004263009155385952,0.0038309508234879654,0.0036461025387796923,0.003913354172551203,0.00031660097497603214,0.3792498481599809,3675.375163797206
LLLAYLLLTLLGLLLAFL,16,27569.458572891,956.5524578203722,28173.59895455436,28068.17137638108,26466.605387737556,D,86.8237104383664,99999900.0,99999900.0,99999900.0,99999900.0,99999900.0,99999900.0,0.004453875982523719,0.004653879755794151,0.00584532343174002,0.00498435972335263,0.0007522926675840511,0.48304282845523,4681.250693621361
LLLILLLGILLGVLLGTL,14,30563.967690124548,1755.4596487603233,32465.564866793506,30221.103894090364,29005.234309489773,D,101.26775326057992,99999900.0,99999900.0,99999900.0,99999900.0,99999900.0,99999900.0,0.011826090375267755,0.009908262285351807,0.010644189954015993,0.010792847538211853,0.000967517676128904,1.0459533202465623,10136.512577069752
LLLYLLLGSLLLTLLAFL,17,25322.512406685502,937.4931628213552,25745.171104704383,25974.26656990331,24248.09954544881,D,75.87269525430992,99999900.0,99999900.0,99999900.0,99999900.0,99999900.0,99999900.0,0.0002826194738567142,-0.00045644151215710837,0.0016515977064832535,0.0004925918893942864,0.0010695904114643507,0.047737922769160474,462.63637696442413
LLLVYLLATLLIALLFLL,15,26586.055001025503,1262.0727855094344,27559.277700581493,27038.83488961695,25160.05241287808,D,81.95087298354989,99999900.0,99999900.0,99999900.0,99999900.0,99999900.0,99999900.0,0.0033986700272777763,0.0021417119992105053,0.003375496795436853,0.002971959607308378,0.0007191088705701437,0.2880176902246768,2791.2287124752415
LLLFGLLASLLLILLTLL,16,26677.677645165724,890.1451045492852,27365.368480841957,26995.398016231677,25672.266438423547,D,82.47028986898772,99999900.0,99999900.0,99999900.0,99999900.0,99999900.0,99999900.0,0.0030655964731348966,0.0020357012688337725,0.004343754392428911,0.00314835071146586,0.00115624975818619,0.3051120539134316,2956.893115631609
LLLSYLLALLLITLLGFL,14,25422.87343099469,982.5406417722296,25988.812988936887,25991.473041622183,24288.334262424996,D,76.34202627530847,99999900.0,99999900.0,99999900.0,99999900.0,99999900.0,99999900.0,0.0007011177197286303,-0.00041444791335579955,0.0017276549177896602,0.0006714415747208303,0.0010713597154957998,0.06507055176535816,630.609849979669
LLLLYLLGVLLGLLLAFL,17,27634.660494550197,1497.6052620064502,28730.25331824604,28245.56110707449,25928.16705833005,D,87.03043478417692,99999900.0,99999900.0,99999900.0,99999900.0,99999900.0,99999900.0,0.005410028802863945,0.005086811812052983,0.004827493038662949,0.005108111217859959,0.00029185137940244065,0.4950357975124821,4797.476608613999
LLLVFLLGTLLGLLLIIL,15,27367.783699983574,915.352695629218,27588.613046872106,28152.520609825784,26362.21744325285,D,85.88793969368841,99999900.0,99999900.0,99999900.0,99999900.0,99999900.0,99999900.0,0.003449058699173578,0.004859739965042604,0.005647994941615087,0.00465226453527709,0.00111405327074067,0.45085891560223074,4369.35088786632
LLLTVLLGLLLGYLLLFL,17,27427.13109300396,1091.2741292074816,28425.516620530525,27593.74534249353,26262.131315987837,D,86.08208569539619,99999900.0,99999900.0,99999900.0,99999900.0,99999900.0,99999900.0,0.004886589354640661,0.0034960098070052205,0.005458798339716762,0.004613799167120881,0.0010094283386359274,0.44713117096440014,4333.224676806951
LLLAFLLGVLLGLLLLYL,16,31303.83671053465,1390.356880509548,32508.98945251461,31619.844797585345,29782.675881504,D,104.95570312645776,99999900.0,99999900.0,99999900.0,99999900.0,99999900.0,99999900.0,0.01190067982038407,0.013321987381817718,0.01211381724022432,0.012445494814142035,0.0007665091687821304,1.2061141952460066,11688.659018369506
LLLVLLLGILLGFLLLTL,17,29128.282090789715,1775.4348605803698,30347.67481489216,29945.813805280068,27091.357652196923,D,94.27789958073627,99999900.0,99999900.0,99999900.0,99999900.0,99999900.0,99999900.0,0.008188237735676118,0.009236397551410102,0.00702631632949713,0.008150317205527785,0.0011055284830424458,0.7898611846412552,7654.679876505331
LLLVYLLLTLLLALLGFL,17,26599.926566675455,1116.435230288624,26780.33946995784,27615.16844565697,25404.27178441156,D,82.12305489868274,99999900.0,99999900.0,99999900.0,99999900.0,99999900.0,99999900.0,0.002060705152373543,0.0035482943900402076,0.003837153934887691,0.0031487178257671475,0.0009532516153992066,0.30514763158845964,2957.237904967236
LLLYGLLFTLLLVLLALL,17,26167.642049870625,1375.1023548458058,26182.202194046877,27535.40651813516,24785.31743742984,D,80.01002400325852,99999900.0,99999900.0,99999900.0,99999900.0,99999900.0,99999900.0,0.001033298056307631,0.003353629822039553,0.002667121060410857,0.0023513496462526802,0.0011919599679795232,0.2278733171066402,2208.359302579167
LLLAYLLGVLLITLLGLL,14,26650.9398299531,1669.7181273445474,28348.75220134756,26593.256424791107,25010.810863720628,D,82.17190059738579,99999900.0,99999900.0,99999900.0,99999900.0,99999900.0,99999900.0,0.004754732819075578,0.001054246562244977,0.0030933798354323243,0.00296745307225096,0.0018534542876780212,0.2875809542021002,2786.996228959951
LLLGLLLGFLLGVLLITL,14,31179.205671787247,1060.7517922782893,32381.530364619157,30780.542373706343,30375.54427703625,D,104.42045226193068,99999900.0,99999900.0,99999900.0,99999900.0,99999900.0,99999900.0,0.011681746179837367,0.011273611059397046,0.013234538851428305,0.012063298696887574,0.0010346478598250992,1.1690749156293616,11329.705022610671
LLLTFLLGVLLGLLLIIL,15,30010.175274755074,1523.87145995719,31362.69373024073,30308.7004319662,28359.131662058284,D,98.61012198034682,99999900.0,99999900.0,99999900.0,99999900.0,99999900.0,99999900.0,0.009931713152221603,0.010122047768398092,0.009422837617663984,0.00982553284609456,0.0003614960605308556,0.9522091984695032,9228.022254389274
LLLYTLLLLLLGILLGFL,17,25603.882720886417,1496.950887451618,25617.346779870608,27094.056165624053,24100.24521716459,D,77.24479163376206,99999900.0,99999900.0,99999900.0,99999900.0,99999900.0,99999900.0,6.305847394403894e-05,0.0022764833891750816,0.0013721030627024604,0.0012372149752738603,0.0011128605307669944,0.11990061998604518,1161.977421899199
LLLAFLLGLLLGVLLLTL,16,31907.098589037585,1461.0565799085505,33584.12525559648,31227.87272994188,30909.297781574394,D,107.9066902764614,99999900.0,99999900.0,99999900.0,99999900.0,99999900.0,99999900.0,0.013747416677970038,0.012365352109992385,0.014243513342393939,0.01345209404345212,0.0009732851573757734,1.3036654487337354,12634.04490581445
LLLFLLLGLLLLVLLGTL,16,26001.42529512039,1482.9419817046853,26827.720595147777,26887.140216346128,24289.415073867265,D,79.08184963194249,99999900.0,99999900.0,99999900.0,99999900.0,99999900.0,99999900.0,0.002142090657340762,0.001771490529422299,0.0017296980166461944,0.0018810930678030853,0.0002269944048636296,0.18229994753427303,1766.6999809749761
LLLYALLFLLLLTLLGVL,17,25122.35587620856,900.9951898786074,25024.9667569794,26068.089371308222,24274.01150033805,D,74.97142129422002,99999900.0,99999900.0,99999900.0,99999900.0,99999900.0,99999900.0,-0.0009544595166530095,-0.00022746039708683113,0.0017005800574598823,0.00017288671457334724,0.0013720485204202426,0.016754747298549554,162.37312261443745
LLLAYLLGVLLLLLLGFL,16,25544.209199522305,916.8052949195562,25673.695873188928,26389.38720533329,24569.544520044696,D,76.99540655121088,99999900.0,99999900.0,99999900.0,99999900.0,99999900.0,99999900.0,0.00015984805831486894,0.000556689459910215,0.0022592373320010012,0.0009919249500753618,0.001115316672313997,0.09612914398109094,931.6039809095678
LLLVFLLATLLGLLLLIL,17,26582.32435891365,948.3787235424462,26867.68210942462,27355.26026015289,25524.03070716344,D,82.04036677247251,99999900.0,99999900.0,99999900.0,99999900.0,99999900.0,99999900.0,0.002210731661657099,0.0029139702679563733,0.004063538768139002,0.0030627468992508247,0.0009353204840972717,0.29681604201341416,2876.495044956501
LLLYLLLAVLLLTLLGFL,17,25762.243045903968,1132.511737485339,26190.16357165314,26618.444384505525,24478.121181553244,D,77.99812616925199,99999900.0,99999900.0,99999900.0,99999900.0,99999900.0,99999900.0,0.0010469731375582954,0.0011157195412584838,0.0020864163282370836,0.0014163696690179543,0.0005812945992811772,0.1372628078698219,1330.2373551511573
LLLSTLLGALLLLLLAFL,16,26222.112645417463,1412.9141527372317,26467.62200467558,27496.183033179692,24702.532898397123,D,80.23844972827985,99999900.0,99999900.0,99999900.0,99999900.0,99999900.0,99999900.0,0.0015235573171957137,0.0032579021610919293,0.00251063030686979,0.0024306965950524778,0.0008699310651431049,0.2355629656683146,2282.881002400613
LLLAVLLGLLLGFLLLTL,16,28085.43160119777,927.984742975898,28865.26695697111,28331.947970648645,27059.07987597356,D,89.33319058794488,99999900.0,99999900.0,99999900.0,99999900.0,99999900.0,99999900.0,0.0056419387273550356,0.005297645000280493,0.00696530042504391,0.005968294717559813,0.0008804259356655836,0.5783976521432419,5605.350604093421
LLLYGLLFVLLGLLLLTL,17,26409.66257577724,1264.9890612932888,27532.71647637243,26656.99888800312,25039.27236295617,D,81.0798588630471,99999900.0,99999900.0,99999900.0,99999900.0,99999900.0,99999900.0,0.0033530464031840774,0.0012098145061248593,0.0031471816867722014,0.0025700141986937128,0.0011824561188958083,0.2490644729935526,2413.7264198418166
LLLYLLLATLLLVLLSIL,17,26082.14689105681,1282.5474998777458,26871.465308402,26772.688316586216,24602.287048182217,D,79.50345369883492,99999900.0,99999900.0,99999900.0,99999900.0,99999900.0,99999900.0,0.0022172299784009772,0.0014921626556378366,0.00232113177462217,0.0020101748028869947,0.00045160971461845247,0.19480947932522902,1887.9319937978694
LLLAALLFLLLGLLLLTL,16,26620.183505433728,1161.595355498676,26851.39655964068,27648.783761472758,25360.37019518775,D,82.21025213920262,99999900.0,99999900.0,99999900.0,99999900.0,99999900.0,99999900.0,0.002182758334989121,0.0036303349215920113,0.00375416509591415,0.003189086117498427,0.0008737019986275277,0.30905979180563337,2995.151318957399
LLLAYLLFTLLGALLLLL,16,26909.251194731056,1095.4503647195156,27942.51270885192,27024.514007935115,25760.726867406127,D,83.55125239399315,99999900.0,99999900.0,99999900.0,99999900.0,99999900.0,99999900.0,0.004056944277713432,0.0021067608849057477,0.004510974495986886,0.003558226552868688,0.001277341105082229,0.34483382295411336,3341.8435753418153
LLLLVLLLTLLGYLLSFL,16,26513.011991794872,1139.075396496803,27311.04422395992,27019.452211613538,25208.53953981116,D,81.62445597538796,99999900.0,99999900.0,99999900.0,99999900.0,99999900.0,99999900.0,0.002972284905277657,0.002094407216622371,0.0034671538502378746,0.0028446153240459676,0.0006952215269283458,0.27567653786232216,2671.628493502704
LLLYTLLALLLGVLLLFL,17,26013.53227076333,908.1598731622006,26376.224949420077,26684.29793748732,24980.0739253826,D,79.25742954635767,99999900.0,99999900.0,99999900.0,99999900.0,99999900.0,99999900.0,0.0013665666280833853,0.001276439747512331,0.0030352766352663802,0.001892761003620699,0.0009904732152190765,0.18343070715685164,1777.6583659373266
LLLAYLLFVLLLTLLGLL,16,26811.969643789544,920.1463209088174,27541.881541511524,27115.66212127453,25778.365268582573,D,83.11889028485409,99999900.0,99999900.0,99999900.0,99999900.0,99999900.0,99999900.0,0.003368789031739491,0.0023292142365056124,0.0045443170346253,0.003414106767623468,0.0011082465314399385,0.33086692799365375,3206.4880067052172
LLLTLLLGILLGVLLLFL,17,28422.12911277458,947.6931066508042,29317.97321481877,28518.46778329863,27429.946340206337,D,90.96900554458033,99999900.0,99999900.0,99999900.0,99999900.0,99999900.0,99999900.0,0.006419542198126459,0.005752859660722901,0.007666363366615191,0.006612921741821517,0.000971298534980705,0.6408695599470002,6210.7765508431885
LLLAYLLGTLLIVLLGLL,14,26758.36556247212,1163.3826092576137,27851.667724109506,26887.715134790928,25535.71382851593,D,82.80075476095163,99999900.0,99999900.0,99999900.0,99999900.0,99999900.0,99999900.0,0.003900901867843213,0.0017728936581350788,0.004085623815486312,0.003253139780488202,0.001285253666223659,0.31526734187440875,3055.3097487141868
LLLAYLLITLLGGLLFLL,14,28046.85564004859,1971.8291766222435,29645.34823862961,28651.79108148469,25843.427600031464,D,88.94131867166016,99999900.0,99999900.0,99999900.0,99999900.0,99999900.0,99999900.0,0.0069818669955999954,0.0060782445034941015,0.004667306827097924,0.005909139442064007,0.00116650957336622,0.5726648131870836,5549.792680946606
LLLAFLLGALLIILLTLL,14,27572.65495594419,1359.9650694751203,28635.548978107403,28042.305948771165,26040.109940954,D,86.7486993179147,99999900.0,99999900.0,99999900.0,99999900.0,99999900.0,99999900.0,0.0052473572640629445,0.00459075336895427,0.005039102914855627,0.004959071182624281,0.00033553833967362535,0.48059207270746657,4657.500000373718
LLLILLLGTLLGYLLGFL,14,29700.58100603236,1019.7468199965824,30549.41890123772,29982.907590881525,28569.416525977835,D,97.20268244892443,99999900.0,99999900.0,99999900.0,99999900.0,99999900.0,99999900.0,0.008534769065938197,0.00932692753199065,0.009820347070486403,0.00922734788947175,0.0006485482097328471,0.8942380708976562,8666.214138898591
LLLIYLLGTLLGVLLGLL,14,28884.885153124796,1167.8889436844463,29836.076273742136,29237.17314370019,27581.40604193205,D,93.19141427461447,99999900.0,99999900.0,99999900.0,99999900.0,99999900.0,99999900.0,0.0073094762996596336,0.007506910407102741,0.007952673384537678,0.0075896866971000175,0.000329491362767203,0.7355295228953231,7128.142447004257
LLLFYLLGTLLGVLLILL,14,26190.250656869383,1513.927667943788,26980.553857557923,27145.485157609462,24444.71295544076,D,80.00419755034666,99999900.0,99999900.0,99999900.0,99999900.0,99999900.0,99999900.0,0.0024046089531215144,0.0024019994444987366,0.0020232634914888214,0.0022766239630363574,0.00021942048398202355,0.22063152329911317,2138.177839802951
LLLTLLLGLLLGFLLIIL,15,26104.589877070117,1003.1676830518276,26361.085601055955,26954.607243940158,24998.076786214227,D,79.70549701137888,99999900.0,99999900.0,99999900.0,99999900.0,99999900.0,99999900.0,0.0013405621061023335,0.0019361485334216252,0.003069308125812254,0.0021153395884454043,0.0008781929035332298,0.20500117861852418,1986.7014953315006
LLLVFLLATLLLLLLSIL,17,25898.02186385569,569.2946219757796,25906.209926941017,26463.178289781205,25324.67737484485,D,78.77642974801762,99999900.0,99999900.0,99999900.0,99999900.0,99999900.0,99999900.0,0.0005592322772571236,0.000736781767388938,0.003686693604054316,0.0016609025495667926,0.001756631151577579,0.1609609076913903,1559.8996949937773
LLLLFLLGTLLGILLLVL,16,25099.688940890817,1008.9463757744112,25504.79048065571,25843.12566883718,23951.150673179567,D,74.77883241464822,99999900.0,99999900.0,99999900.0,99999900.0,99999900.0,99999900.0,-0.00013027697792891772,-0.0007765000619743065,0.0010902639921502029,6.116231741565953e-05,0.0009479919626739273,0.00592734482242878,57.442912774554166
LLLAILLGVLLGLLLLFL,16,26408.427844690523,1255.1221847565307,27322.62482567608,26925.24650089744,24977.412207498048,D,81.08899019037206,99999900.0,99999900.0,99999900.0,99999900.0,99999900.0,99999900.0,0.0029921766472891785,0.00186449158457186,0.0030302450890098667,0.0026289711069569684,0.0006623322479491566,0.254778087841821,2469.0980388700464
LLLYTLLITLLGALLFLL,15,25802.71564529019,1131.2628868844652,26492.672386878003,26418.3232884978,24497.151260494767,D,78.16681426870976,99999900.0,99999900.0,99999900.0,99999900.0,99999900.0,99999900.0,0.0015665858015762172,0.0006273099965980996,0.0021223896081309056,0.001438761802101741,0.0007556917310229813,0.13943286779733105,1351.2677771808962
LLLTLLLLVLLGLLLGFL,17,26044.94140019985,1356.6257337552936,26572.05682362489,27058.89900318131,24503.868373793342,D,79.34231945902593,99999900.0,99999900.0,99999900.0,99999900.0,99999900.0,99999900.0,0.001702942683040815,0.002190679872990314,0.002135087222129811,0.0020095699260536466,0.0002669978189530059,0.19475085967643468,1887.363900752257
LLLAALLYTLLGGLLFLL,13,26832.765658634944,919.6770614121764,27483.15167080184,27234.59013767202,25780.55516743097,D,83.22667167410742,99999900.0,99999900.0,99999900.0,99999900.0,99999900.0,99999900.0,0.003267910038992772,0.002619466386303047,0.004548456683465155,0.003478611036253658,0.0009816043369512172,0.33711814702597614,3267.0696398589953
LLLTALLLALLGVLLSLL,17,27894.880631516768,1017.8030795995724,28769.92335726885,28136.806308463296,26777.91222881816,D,88.38372482732306,99999900.0,99999900.0,99999900.0,99999900.0,99999900.0,99999900.0,0.005478169146618937,0.0048213881124582435,0.006433798559009138,0.00557778527269544,0.0008108078634716617,0.5405527137247748,5238.588831047188
LLLAYLLITLLGFLLGLL,14,28069.286062302705,1163.800651261858,28850.08304909051,28626.093462548,26731.6816752696,D,89.22255245384167,99999900.0,99999900.0,99999900.0,99999900.0,99999900.0,99999900.0,0.005615857666483547,0.006015527665468986,0.006346407190452071,0.005992597507468202,0.0003658141548001045,0.580752877092537,5628.175492028889
LLLLLLLGTLLGLLLGFL,16,27307.50985287857,1224.1945233303272,28448.818530752163,27459.152618539178,26014.55840934437,D,85.47031288715459,99999900.0,99999900.0,99999900.0,99999900.0,99999900.0,99999900.0,0.004926614527586355,0.003167526841777965,0.004990801885672636,0.004361647751678985,0.0010346369241582551,0.4226947458919102,4096.407100638708
LLLTALLAFLLGILLGLL,13,30817.037648235186,1541.8080868911134,32226.16144289745,31054.786620675965,29170.16488113214,D,102.54489310378416,99999900.0,99999900.0,99999900.0,99999900.0,99999900.0,99999900.0,0.011414872438451028,0.011942923343110461,0.010955964468192761,0.011437920083251417,0.0004938829321234304,1.1084684042311377,10742.356951574766
LLLLFLLGTLLGVLLGLL,16,30479.21142382849,1508.8163144812663,31940.156890108407,30570.782137996488,28926.69524338057,D,100.89951103722036,99999900.0,99999900.0,99999900.0,99999900.0,99999900.0,99999900.0,0.010923608778958985,0.01076167651948752,0.010495724578941748,0.010727003292462753,0.00021603910909909598,1.0395722417390998,10074.67245352493
LLLTLLLGILLGFLLLVL,17,28417.18345775079,815.9092179657977,29276.493507759973,28322.03931511996,27653.01755037244,D,90.97180692759764,99999900.0,99999900.0,99999900.0,99999900.0,99999900.0,99999900.0,0.006348293427833658,0.00527346223278868,0.008088043334639354,0.006569932998420565,0.0014203203051288112,0.6367034472752277,6170.40204016717
LLLTYLLLVLLIALLGIL,15,27142.22170594865,1120.561357383307,27909.54724609432,27660.81521445792,25856.302657293705,D,84.70208439189395,99999900.0,99999900.0,99999900.0,99999900.0,99999900.0,99999900.0,0.004000320235497252,0.003659698524886788,0.004691645036096785,0.004117221265493608,0.0005258115523743062,0.39900695693013327,3866.8446851023973
LLLYSLLTVLLIILLALL,15,25318.003849466902,1278.1390032433226,25112.76205998412,26686.344368571943,24154.90511984464,D,75.90578731261517,99999900.0,99999900.0,99999900.0,99999900.0,99999900.0,99999900.0,-0.0008036554772777163,0.0012814342058386058,0.0014754287495858777,0.0006510691593822558,0.0012635570019314695,0.0630962261400418,611.4763225603643
LLLLLLLGLLLGTLLAFL,16,26073.17987224748,969.3047445994052,26588.33642364569,26676.13165620146,24955.071536895288,D,79.52451039332254,99999900.0,99999900.0,99999900.0,99999900.0,99999900.0,99999900.0,0.0017309057899329767,0.001256509366338318,0.002988013672152463,0.001991809609474586,0.0008947513020676647,0.19302967701090282,1870.6836250660672
LLLGYLLILLLGSLLAFL,14,26652.656114495807,1218.3365479515985,26896.572195009816,27730.582507559207,25330.8136409184,D,82.36121029017146,99999900.0,99999900.0,99999900.0,99999900.0,99999900.0,99999900.0,0.0022603555191419507,0.003829970487890983,0.0036982932205165023,0.003262873075849812,0.0008706984634857394,0.31621061218044916,3064.4511426327044
LLLLLLLGTLLGILLSFL,16,27174.320749981176,1108.0493350625643,27654.79797152308,27961.03372454282,25907.13055387764,D,84.89004158820312,99999900.0,99999900.0,99999900.0,99999900.0,99999900.0,99999900.0,0.0035627430722724386,0.004392402816110154,0.004787726936536961,0.004247624274973185,0.000625193559153821,0.41164453568332166,3989.317622943644
LLLLILLGVLLGLLLGFL,16,28231.285905990408,941.744689634081,29061.837478239,28423.89261248333,27208.127627248883,D,90.04058141153446,99999900.0,99999900.0,99999900.0,99999900.0,99999900.0,99999900.0,0.005979583539944958,0.005522042335435538,0.0072470510415625225,0.006249558972314339,0.000893632368267706,0.6056554522822322,5869.510608735881
LLLAVLLGLLLGTLLIFL,14,27365.507919035816,1015.9506191324832,28132.224843377844,27751.0867293138,26213.212184415806,D,85.80612163694575,99999900.0,99999900.0,99999900.0,99999900.0,99999900.0,99999900.0,0.004382808591929423,0.0038800124765196553,0.005366324650163978,0.004543048572871019,0.000756001724865724,0.440274609829532,4266.7765697703435
LLLIFLLGALLGILLTLL,14,31323.634333532715,1253.6340374714557,32482.35598525137,31495.686443605264,29992.860571741505,D,105.0765115717311,99999900.0,99999900.0,99999900.0,99999900.0,99999900.0,99999900.0,0.01185493210600293,0.013018970226990357,0.012511137330936716,0.012461679887976668,0.0005835929367085367,1.2076827184421173,11703.85984501926
LLLFYLLLTLLGGLLLIL,16,25825.029630807112,1019.4519088810896,26139.692213348328,26650.05407392333,24685.342605149686,D,78.33100817089371,99999900.0,99999900.0,99999900.0,99999900.0,99999900.0,99999900.0,0.0009602796078974444,0.0011928652011783658,0.002478134843643013,0.001543759884239608,0.0008175062312426407,0.14960841157693108,1449.8807128672854
LLLTLLLAVLLILLLGFL,15,26181.826361778683,1390.712827971133,26784.458131735864,27169.583159879745,24591.43779372044,D,79.99802988059601,99999900.0,99999900.0,99999900.0,99999900.0,99999900.0,99999900.0,0.002067779686109289,0.0024608123060653113,0.0023006230174808006,0.0022764050032184667,0.0001976323461594325,0.22061030352854638,2137.97219537593
LLLAFLLLSLLGILLTLL,16,26337.77337523724,1490.937506516179,26656.034772426865,27643.882217001224,24713.40313628363,D,80.78514945487221,99999900.0,99999900.0,99999900.0,99999900.0,99999900.0,99999900.0,0.0018471897380012408,0.0036183723591673993,0.002531178729774671,0.0026655802756477705,0.0008932075912295332,0.2583259450137157,2503.4809297203574
LLLTYLLAVLLLFLLGLL,17,26297.01706328032,1253.9692653168208,26581.27548744583,27384.455571812174,24925.32013058295,D,80.61533002458181,99999900.0,99999900.0,99999900.0,99999900.0,99999900.0,99999900.0,0.0017187773768599782,0.0029852234699335343,0.0029317734605486478,0.002545258102447387,0.0007162520633139063,0.2466653173514932,2390.475792046734
LLLAYLLFTLLLSLLGLL,16,27672.614707962024,1249.7508176984113,28546.00210742882,28230.794338948333,26241.047677508923,D,87.2664713259889,99999900.0,99999900.0,99999900.0,99999900.0,99999900.0,99999900.0,0.00509354459584969,0.005050772480665738,0.005418943138353028,0.005187753404956153,0.00020135511684686867,0.502754058122579,4872.275592691899
LLLLYLLGLLLGTLLGFL,17,27270.16142757617,1428.4506941580808,28083.835684422625,28105.870893228897,25620.777705077,D,85.28510043630155,99999900.0,99999900.0,99999900.0,99999900.0,99999900.0,99999900.0,0.00429969160978258,0.004745888065886796,0.004246423287195697,0.004430667654288358,0.00027428508793593174,0.42938358273888455,4161.229762905644
LLLSYLLIILLGLLLAFL,14,27427.562537724945,1462.5675249117148,28796.15161244062,27600.19665746352,25886.3393432707,D,86.00806304716333,99999900.0,99999900.0,99999900.0,99999900.0,99999900.0,99999900.0,0.0055232208372026125,0.00351175469282591,0.004748424522669259,0.0045944666842325935,0.001014532539894846,0.4452576269720457,4315.067841435256
LLLYILLLTLLGVLLSLL,17,25806.22735202343,874.9800882061635,25854.128977845856,26656.27266635761,24908.28041186683,D,78.29105908304057,99999900.0,99999900.0,99999900.0,99999900.0,99999900.0,99999900.0,0.0004697739892935063,0.0012080421113584824,0.002899562634068599,0.0015257929115735293,0.0012456694556933921,0.14786720151644156,1433.0063482701044
LLLALLLGLLLGTLLLFL,16,26694.59954797645,1321.0148024332725,27731.1803884229,27145.435140799156,25207.183114707284,D,82.46819935871099,99999900.0,99999900.0,99999900.0,99999900.0,99999900.0,99999900.0,0.0036939434510116225,0.0024018773749716633,0.0034645897484248075,0.0031868035248026976,0.0006893711451308351,0.30883858184223717,2993.007535355651
LLLYFLLLALLGILLTLL,17,25179.305391762133,756.489616338772,25647.848112130217,25583.491022315087,24306.577040841097,D,75.18922818393591,99999900.0,99999900.0,99999900.0,99999900.0,99999900.0,99999900.0,0.00011544993400688225,-0.0014101565930229835,0.0017621399336437693,0.000155811091542556,0.0015865333531173242,0.015099919456212236,146.33590287237166
LLLITLLGILLGLLLGFL,14,27161.915743361755,1428.3707369364377,27976.415389227423,27996.714915960045,25512.6169248978,D,84.75643162653266,99999900.0,99999900.0,99999900.0,99999900.0,99999900.0,99999900.0,0.004115178157787866,0.004479485261692773,0.004041962862681608,0.00421220876072075,0.00023434518522525802,0.40821235760525426,3956.0557979829737
LLLYTLLAILLGLLLLFL,17,25570.251441221444,967.3623804998564,26065.47979694317,26189.731048353424,24455.543478367737,D,77.07095590386083,99999900.0,99999900.0,99999900.0,99999900.0,99999900.0,99999900.0,0.0008328065907464348,6.941463149625603e-05,0.002043736839699614,0.000981986020647435,0.000995579189306625,0.09516594532586758,922.2694579496075
LLLAFLLGTLLLLLLGYL,16,26172.337251173263,1081.997130230563,26860.326434775,26731.515373897382,24925.169944847406,D,79.97792512112552,99999900.0,99999900.0,99999900.0,99999900.0,99999900.0,99999900.0,0.002198096982904032,0.001391677206616484,0.0029314895587573124,0.002173754582759276,0.0007701947378974834,0.21066227565880546,2041.564155297336
LLLTALLLVLLGLLLSFL,17,27126.365152888808,1572.1372151425353,28631.274142631715,27253.144485096003,25494.676830938708,D,84.51409650915679,99999900.0,99999900.0,99999900.0,99999900.0,99999900.0,99999900.0,0.005240014474240079,0.0026647495701232465,0.004008050022735173,0.003970938022366166,0.0012880335038431693,0.3848303975648804,3729.457222847784
LLLYFLLLSLLGILLALL,17,25806.88114322564,1187.4529905950697,26736.626091921746,26214.77745421179,24469.23988354339,D,78.15939457768174,99999900.0,99999900.0,99999900.0,99999900.0,99999900.0,99999900.0,0.0019856196551206033,0.0001305421384143282,0.0020696276738068667,0.0013952631557805992,0.0010960856607158402,0.13521733956117782,1310.4143718160306
LLLYILLLLLLGVLLSTL,17,25204.84436807784,959.2994239523535,25785.20901212281,25731.75325562269,24097.570836488,D,75.27863412069745,99999900.0,99999900.0,99999900.0,99999900.0,99999900.0,99999900.0,0.000351391696973345,-0.0010483122332594203,0.0013670475794899546,0.00022337568106795978,0.0012127579443183994,0.02164771942234616,209.79175259729783
LLLSYLLGLLLGTLLLFL,17,26268.40344414718,1119.7776177626306,27058.00985344386,26760.331992646523,24986.868486351163,D,80.4331624187439,99999900.0,99999900.0,99999900.0,99999900.0,99999900.0,99999900.0,0.002537653394608402,0.0014620061820353287,0.003048120651532883,0.002349260076058871,0.000809665862836612,0.22767081328414432,2206.396803389289
LLLGYLLLTLLGILLSLL,16,26799.638178257374,1737.1589505518295,27252.86759246266,28265.258248913626,24880.78869339584,D,82.9967853393123,99999900.0,99999900.0,99999900.0,99999900.0,99999900.0,99999900.0,0.0028723561992218967,0.005134884065646839,0.0028475939960845953,0.0036182780869844435,0.0013134776597117839,0.35065351986652615,3398.243253803087
LLLTYLLAVLLIFLLGLL,15,26187.29882778225,1335.4905933838363,27307.157543505265,26545.504790900788,24709.234148940708,D,79.98335736083716,99999900.0,99999900.0,99999900.0,99999900.0,99999900.0,99999900.0,0.0029656088407017237,0.0009377053567927562,0.0025232979349013797,0.0021422040441319533,0.0010663125949733816,0.20760465898109567,2011.9322689506703
LLLTFLLLVLLGILLGLL,17,26452.9756119814,1211.7837533339828,27394.853705749643,26878.17779682575,25085.895333368808,D,81.31021238490001,99999900.0,99999900.0,99999900.0,99999900.0,99999900.0,99999900.0,0.003116242588197898,0.0017496171171517859,0.003235314855808913,0.002700391520386199,0.0008255443813707552,0.26169956229934516,2536.1752320224346
LLLYGLLFTLLGVLLLLL,17,26971.423971954155,1595.1772167832664,27377.88481392837,28324.04783106548,25212.33927086861,D,83.85670940778816,99999900.0,99999900.0,99999900.0,99999900.0,99999900.0,99999900.0,0.003087095500110134,0.005278364156563654,0.003474336625951571,0.00394659876087512,0.0011694820324617283,0.38247163809211143,3706.5980812406146
LLLLVLLITLLGYLLSFL,14,26659.09026748239,1085.7291445009826,26461.41357790014,27830.076325984493,25685.780898562527,D,82.47323204712693,99999900.0,99999900.0,99999900.0,99999900.0,99999900.0,99999900.0,0.0015128932406009588,0.004072792117009689,0.004369301288933511,0.003318328882181386,0.0015705660808050818,0.32158492925053633,3116.53456884264
LLLTLLLGILLGVLLIFL,15,28763.595657688544,1151.197997499591,29787.70125703365,28985.479245238737,27517.60647079325,D,92.59753100434249,99999900.0,99999900.0,99999900.0,99999900.0,99999900.0,99999900.0,0.007226383609335473,0.006892633827603048,0.007832070635766413,0.007317029357568311,0.00047623299747871447,0.7091058336360165,6872.065953603571
LLLTFLLGVLLILLLAIL,15,27545.85011387733,578.5940657608685,27792.31177278094,27960.40509769281,26884.833471158243,D,86.7899558087244,99999900.0,99999900.0,99999900.0,99999900.0,99999900.0,99999900.0,0.0037989474703416792,0.004390868608274497,0.006635915838139411,0.004941910638918529,0.0014966071193280672,0.47892901505722935,4641.383024155269
LLLTLLLILLLGVLLGIL,15,26313.019925812718,1240.149233829444,27076.6197021458,26980.341888698666,24882.09818659368,D,80.63848041314895,99999900.0,99999900.0,99999900.0,99999900.0,99999900.0,99999900.0,0.002569619117834675,0.0019989557355569476,0.002850069380735902,0.0024728814113758415,0.0004337248518826634,0.23965116839157147,2322.5004744360713
LLLAFLLATLLGLLLGVL,13,28907.25473778635,537.6889365310676,29248.15782513263,29186.18967170932,28287.41671651709,D,93.43261148046504,99999900.0,99999900.0,99999900.0,99999900.0,99999900.0,99999900.0,0.006299621855979408,0.007382481674515218,0.009287272136488054,0.007656458555660893,0.0015125511720955368,0.7420004979474133,7190.853773343326
LLLSYLLLTLLGALLGLL,17,26873.949330897583,1156.6484630422888,27731.06098596663,27332.44219149505,25558.344815231067,D,83.37984264604808,99999900.0,99999900.0,99999900.0,99999900.0,99999900.0,99999900.0,0.0036937383560680334,0.002858281173975128,0.004128404027900491,0.0035601411859812176,0.0006455146542932094,0.3450193733247652,3343.641775729332
LLLTFLLAVLLLILLALL,17,26291.342017824594,1028.899881655797,26799.542928708757,26967.259756883945,25107.223367881088,D,80.5838438057127,99999900.0,99999900.0,99999900.0,99999900.0,99999900.0,99999900.0,0.002093690506378867,0.0019670278770238907,0.0032756320482626583,0.002445450143888472,0.0007217425795819046,0.23699275732763278,2296.737357991942
LLLAGLLFTLLILLLGYL,14,26776.54264400509,1231.3270271987758,27712.92801262472,27234.931353306496,25381.768566084076,D,82.88801912924387,99999900.0,99999900.0,99999900.0,99999900.0,99999900.0,99999900.0,0.003662591751041826,0.0026202991469464246,0.0037946152479020013,0.0033591687152967503,0.0006432757808331083,0.32554278734999464,3154.890848828404
LLLYFLLATLLGLLLGVL,13,27332.65480321893,939.8207271691384,27967.308733766746,27777.67539027721,26252.98028561283,D,85.66657664165109,99999900.0,99999900.0,99999900.0,99999900.0,99999900.0,99999900.0,0.004099535858238022,0.003944903964990054,0.005441499799967737,0.0044953132077319375,0.0008230610889219943,0.43564849392419447,4221.944089056594
LLLVYLLITLLGALLFLL,15,26436.0648367632,1115.199565873509,27017.35677542318,27140.529330276982,25150.308404589432,D,81.27274805746016,99999900.0,99999900.0,99999900.0,99999900.0,99999900.0,99999900.0,0.002467824506629879,0.00238990440095181,0.003357077327050388,0.0027382687448773593,0.0005373182778814306,0.26537030892834995,2571.7490656265695
LLLWTLLGILLLLLLGFL,17,25246.14183348984,1071.5272402583355,24998.256821489405,26419.88688865576,24320.28179032436,D,75.58338105757092,99999900.0,99999900.0,99999900.0,99999900.0,99999900.0,99999900.0,-0.0010003385788065749,0.0006311260722463752,0.0017880465413121372,0.00047294467825064585,0.0014009064599678613,0.045833877923115995,444.1839526012747
LLLVYLLATLLLALLFLL,17,27013.400901784084,880.8109820600524,26693.68921879494,28009.41839986055,26337.09508669676,D,84.24613896048078,99999900.0,99999900.0,99999900.0,99999900.0,99999900.0,99999900.0,0.0019118679430806282,0.0045104890034832305,0.005600505198311253,0.004007620714958371,0.0018950378853394385,0.38838538006385104,3763.909166461849
LLLAYLLITLLGVLLGLL,14,28404.635473814986,1121.970679976877,29610.902522155127,28210.77943839104,27392.22446089878,D,90.84980967733225,99999900.0,99999900.0,99999900.0,99999900.0,99999900.0,99999900.0,0.006922700354495646,0.005001924714674926,0.007595056267647204,0.006506560445605925,0.001345719930216969,0.6305619047588257,6110.883300893564
LLLAILLGVLLLLLLGFL,16,25110.887111151624,751.452456122474,25338.75486452711,25722.03116754501,24271.875301382748,D,74.8831416064534,99999900.0,99999900.0,99999900.0,99999900.0,99999900.0,99999900.0,-0.00041547266306724484,-0.0010720396698260513,0.0016965419195643927,6.967652889036553e-05,0.0014466472645813736,0.006752471623277257,65.43935777126426
LLLIYLLGILLGLLLGFL,14,29350.97197830591,1342.1944396045328,30757.819491684964,29210.638773197305,28084.457670035463,D,95.42466219333716,99999900.0,99999900.0,99999900.0,99999900.0,99999900.0,99999900.0,0.008892734125252936,0.007442151418301958,0.00890361095418281,0.008412832165912569,0.0008406517779011186,0.8153019585849915,7901.230769417341
LLLTFLLLVLLGLLLAIL,17,27106.35469287398,933.6739461595656,27998.88571924173,27183.81459721858,26136.363762161636,D,84.54631923980422,99999900.0,99999900.0,99999900.0,99999900.0,99999900.0,99999900.0,0.004153774943906041,0.0024955451251892653,0.0052210551632825624,0.0039567917441259565,0.0013733910687358981,0.3834594575379698,3716.171208494952
LLLALLLGVLLGTLLLFL,16,28029.02712314439,1528.6488551412112,29396.72784781113,28311.5169535662,26378.836568055853,D,88.93417225247123,99999900.0,99999900.0,99999900.0,99999900.0,99999900.0,99999900.0,0.006554817279688944,0.0052477816727790234,0.0056794107034711366,0.0058273365519797005,0.0006659557507262252,0.5647371551536949,5472.964390614099
LLLAILLGVLLILLLGFL,14,26435.303237794476,1837.90435077836,26882.901900799345,28008.065616968077,24414.942195616,D,81.20787625823152,99999900.0,99999900.0,99999900.0,99999900.0,99999900.0,99999900.0,0.002236874358808386,0.004507187442130038,0.001966986695206543,0.0029036828320483225,0.001395216869757566,0.28140087112053,2727.103986475454
LLLYLLLATLLGVLLIIL,15,28378.02189296796,1522.4516706164843,29704.18069304197,28714.360432084857,26715.524553777057,D,90.6413989449698,99999900.0,99999900.0,99999900.0,99999900.0,99999900.0,99999900.0,0.007082922194091306,0.006230949383918819,0.006315864770974162,0.006543245449661429,0.0004692983028932798,0.6341171112656592,6145.337415406154
LLLAFLLLLLLGVLLGTL,16,25905.422023874784,1205.846602211834,26906.193481710416,26243.43261827428,24566.63997163966,D,78.63322499251372,99999900.0,99999900.0,99999900.0,99999900.0,99999900.0,99999900.0,0.002276881789327045,0.0002004770723674618,0.0022537467540028433,0.00157703520523245,0.001192190432494918,0.15283317986458725,1481.1324940636557
LLLAYLLFVLLGTLLILL,14,27271.160871420117,1103.108689949987,28260.92303339353,27470.633395513305,26081.926185353503,D,85.31885352657555,99999900.0,99999900.0,99999900.0,99999900.0,99999900.0,99999900.0,0.0046038706106300235,0.0031955464817166974,0.0051181497474260115,0.0043058556132575775,0.0009953444294932303,0.4172878343035718,4044.007795375853
LLLYGLLFVLLLILLALL,17,26258.092615703197,977.7059578065328,26792.055318845527,26852.547166373217,25129.67536189084,D,80.42451878575493,99999900.0,99999900.0,99999900.0,99999900.0,99999900.0,99999900.0,0.0020808292054436592,0.0016870637692119154,0.0033180739039779766,0.002361988959544517,0.000851079679243925,0.22890439116039113,2218.351617638956
LLLAFLLGVLLGTLLILL,14,31316.04657528069,510.0273294283296,31760.45102559276,30759.17079250333,31428.517907745976,D,105.25940081006452,99999900.0,99999900.0,99999900.0,99999900.0,99999900.0,99999900.0,0.01061493201219697,0.011221452219313373,0.015225014837089315,0.012353799689533219,0.0025049698617102783,1.1972278638403744,11602.540060368621
LLLALLLLTLLGYLLGFL,16,27244.271094082436,1448.4154023619185,28365.89697646697,27757.876001202945,25609.040304577386,D,85.12865492321619,99999900.0,99999900.0,99999900.0,99999900.0,99999900.0,99999900.0,0.004784182017992849,0.0038965821698608563,0.004224235633918172,0.004301666607257292,0.00044883743084235615,0.41688187056517756,4040.0735313313567
LLLVYLLATLLLILLALL,17,26910.4649059162,1017.6910598294672,27732.15828794701,27227.15521238057,25772.08121742101,D,83.57982364088859,99999900.0,99999900.0,99999900.0,99999900.0,99999900.0,99999900.0,0.0036956231672753853,0.0026013209306333393,0.004532438054406848,0.003609794050771857,0.0009684153625189188,0.3498313174019561,3390.2751490495716
LLLAILLLVLLGLLLGFL,16,26234.591061429204,1095.9917461392297,26853.02252818017,26881.594339736977,24969.156316370463,D,80.28717245249864,99999900.0,99999900.0,99999900.0,99999900.0,99999900.0,99999900.0,0.0021855512249873317,0.0017579554293081494,0.003014638664926281,0.002319381773073921,0.0006389414295315197,0.22477525582353935,2178.3354606420507
LLLFYLLGTLLGILLLLL,16,25206.680962566374,1542.7187668812337,26022.583744963737,26170.11871415129,23427.34042858409,D,75.19510163164551,99999900.0,99999900.0,99999900.0,99999900.0,99999900.0,99999900.0,0.000759124996283421,2.1549356877621798e-05,0.00010008562252877376,0.0002935866585632722,0.0004050758498985549,0.0284519853743088,275.73305806926487
LLLTALLLALLGILLSLL,17,27359.551714091514,551.9937486750244,27803.464678035216,27533.70513973161,26741.48532450772,D,85.8644142610414,99999900.0,99999900.0,99999900.0,99999900.0,99999900.0,99999900.0,0.0038181045676527305,0.0033494774889374916,0.006364939400387065,0.004510840485659096,0.0016227029684827933,0.4371532689934987,4236.527121702896
LLLAVLLYTLLLGLLALL,16,27214.909910410486,987.0192273830128,27863.390426790094,27702.341827505003,26078.99747693636,D,85.0844568268876,99999900.0,99999900.0,99999900.0,99999900.0,99999900.0,99999900.0,0.003921037693520963,0.0037610471311768,0.0051126134988407615,0.004264899441179509,0.0007384873646022526,0.4133187015961952,4005.5422512357977
LLLYFLLAILLLVLLGLL,17,24997.114611436133,1437.2460658711302,24373.493626568168,26640.840605801928,23977.0096019383,D,74.39609719605289,99999900.0,99999900.0,99999900.0,99999900.0,99999900.0,99999900.0,-0.0020734804237873923,0.0011703790872219305,0.0011391461058214514,7.868158975199652e-05,0.0018638923987648074,0.007625167477999376,73.89680260758075
LLLAGLLYFLLGVLLLLL,16,27875.32125060319,1542.1110038540482,29526.142450946703,27628.009579318208,26471.81172154465,D,88.17978498705936,99999900.0,99999900.0,99999900.0,99999900.0,99999900.0,99999900.0,0.006777109865272316,0.0035796340757081584,0.005855165161973447,0.005403969700984641,0.0016457964224729953,0.5237079492918673,5075.3433369827935
LLLTLLLGLLLGVLLLIL,17,26954.676963051817,1208.6358867027889,27903.496195578937,27366.612231478088,25593.92246209843,D,83.76009181226135,99999900.0,99999900.0,99999900.0,99999900.0,99999900.0,99999900.0,0.003989926480604297,0.002941675548691614,0.004195657802971844,0.0037090866107559184,0.0006725110764030376,0.3594539292681399,3483.529526962766
LLLAVLLLLLLGTLLGFL,16,25939.06207755181,1335.0146017223797,26620.698512848576,26795.654739413425,24400.832980393432,D,78.80978720240107,99999900.0,99999900.0,99999900.0,99999900.0,99999900.0,99999900.0,0.001786493430813448,0.0015482138183552433,0.00194031551061276,0.0017583409199271505,0.00019756102138251968,0.1704038268688362,1651.4126403170635
LLLGLLLGLLLGTLLLFL,16,29006.1993408772,1257.3594897284547,30342.965509172594,28828.47402430872,27847.15848915027,D,93.75914706530698,99999900.0,99999900.0,99999900.0,99999900.0,99999900.0,99999900.0,0.008180148665978099,0.0065094515944777035,0.008455035313546268,0.007714878524667357,0.0010529393288659398,0.7476620770936648,7245.721105480602
LLLTYLLLVLLGLLLGFL,17,26981.67583335317,1381.6102463410414,28134.33746403356,27360.528375626825,25450.16166039912,D,83.85372260462536,99999900.0,99999900.0,99999900.0,99999900.0,99999900.0,99999900.0,0.004386437393444381,0.002926827472574843,0.003923901307731806,0.00374572205791701,0.0007459397858229695,0.3630043331315498,3517.9370982362598
LLLTGLLFLLLGVLLLLL,17,25978.79783421579,1221.138319137459,27095.039390492635,26166.78856617244,24674.5655459823,D,78.98326220397855,99999900.0,99999900.0,99999900.0,99999900.0,99999900.0,99999900.0,0.0026012582068482126,1.3421897601969556e-05,0.0024577625600044634,0.001690814221484882,0.001454435115889246,0.1638596989923962,1587.9923774416134
LLLTLLLLILLGFLLAVL,17,26362.912252334198,793.7457245278808,26364.69137226841,27155.766921483417,25568.278463250743,D,81.0247354410683,99999900.0,99999900.0,99999900.0,99999900.0,99999900.0,99999900.0,0.001346755659120453,0.0024270928090273304,0.004147181979462153,0.0026403434825366455,0.0014123398249818527,0.25588020421607166,2479.7788372123214
LLLLFLLGTLLLVLLAIL,16,26496.43258488657,1742.078017588445,27949.404146752804,26974.725227428444,24565.168380478462,D,81.4127619852983,99999900.0,99999900.0,99999900.0,99999900.0,99999900.0,99999900.0,0.004068781547327977,0.0019852478805220406,0.002250964949424225,0.0027683314590914144,0.0011340322809216476,0.2682837379966738,2599.983605181838
LLLYLLLLALLGFLLATL,17,25691.88786552781,1361.4919207432797,25517.591167863487,27132.134786577342,24425.937642142584,D,77.71792967831998,99999900.0,99999900.0,99999900.0,99999900.0,99999900.0,99999900.0,-0.0001082895222035375,0.0023694169293770263,0.0019877718047520048,0.0014162997373084977,0.0013340511826583357,0.13725603066821335,1330.1716761308678
LLLILLLGFLLGILLGTL,14,28829.485234527576,1576.428787627443,30286.27103914649,29046.32196678114,27155.86269765509,D,92.83154084428392,99999900.0,99999900.0,99999900.0,99999900.0,99999900.0,99999900.0,0.008082765835717598,0.0070411247489363775,0.007148252663127741,0.0074240477492605724,0.000572975772235574,0.7194771690710497,6972.576339720459
LLLYSLLTVLLGILLLLL,17,26390.441366603925,1932.0477645636488,28178.621763941053,26651.607292995865,24341.09504287485,D,80.84891138547805,99999900.0,99999900.0,99999900.0,99999900.0,99999900.0,99999900.0,0.004462503550498338,0.0011966559410609091,0.0018273906219016271,0.0024955167044869585,0.0017324071399905272,0.241844793373348,2343.759269438425
LLLALLLGILLGFLLLTL,16,30309.931974275514,1755.306807124486,32033.703062174704,30371.38922394576,28524.70363670608,D,100.02232721191082,99999900.0,99999900.0,99999900.0,99999900.0,99999900.0,99999900.0,0.011084290958220161,0.010275044153870936,0.009735824600265605,0.010365053237452234,0.0006787242488515974,1.0044950426531947,9734.733315878864
LLLTGLLFLLLGVLLALL,13,26734.521016911174,868.5326554304762,27030.946759896036,27416.035695715247,25756.580595122257,D,82.79063677071387,99999900.0,99999900.0,99999900.0,99999900.0,99999900.0,99999900.0,0.002491167720713256,0.0030622969731449257,0.004503136640251134,0.003352200444703105,0.0010368402723721323,0.3248674803248565,3148.3463329105402
LLLAGLLFTLLGLLLGYL,13,27494.029297040543,1074.025979090865,28431.347601039583,27728.65358825816,26322.08670182388,D,86.41429882050784,99999900.0,99999900.0,99999900.0,99999900.0,99999900.0,99999900.0,0.004896605100178178,0.0038252628252991535,0.0055721342792286015,0.004764667401568644,0.0008808777647177734,0.46175206968289706,4474.918307755195
LLLALLLGLLLGTLLIFL,14,27169.256265330263,1449.64520692362,28682.979945664385,27031.22533151276,25793.563518813644,D,84.74871472734979,99999900.0,99999900.0,99999900.0,99999900.0,99999900.0,99999900.0,0.005328828382155524,0.002123140339935814,0.004573046863394729,0.004008338528495355,0.001675792524042349,0.38845494460181645,3764.583328300963
LLLAGLLFVLLLILLSLL,16,27148.390875092613,1096.817827145377,27850.84093961794,27709.817077464613,25884.514608195284,D,84.74108190918527,99999900.0,99999900.0,99999900.0,99999900.0,99999900.0,99999900.0,0.0038994817185100073,0.003779291002022156,0.004744975156757442,0.004141249292429869,0.000526284278243254,0.4013355541297116,3889.411518959658
LLLAVLLGILLLLLLTFL,16,25690.180515107288,1364.433136069603,26187.576812524658,26736.135012976574,24146.82971982063,D,77.61272933242199,99999900.0,99999900.0,99999900.0,99999900.0,99999900.0,99999900.0,0.0010425299189336635,0.00140295175919577,0.0014601635146800794,0.0013018817309365042,0.00022641956194919811,0.12616758591467922,1222.7116609192462
LLLILLLGVLLGTLLGFL,14,28791.43785509111,1159.7635513053426,29757.30901230879,29111.852247340317,27505.15230562423,D,92.73533704474104,99999900.0,99999900.0,99999900.0,99999900.0,99999900.0,99999900.0,0.007174179526504929,0.007201055986211531,0.007808528055052706,0.007394587855923056,0.00035873451515460716,0.7166221604052283,6944.9079622808995
LLLVLLLAILLITLLTFL,15,27005.410225394447,1279.9695761147768,27829.464606982423,27655.937926320737,25530.828142880186,D,84.00898908100532,99999900.0,99999900.0,99999900.0,99999900.0,99999900.0,99999900.0,0.0038627640673585244,0.003647795161744265,0.00407638821865101,0.0038623158159179333,0.00021429688006170924,0.3743036336979038,3627.4405532049186
LLLTVLLLILLGLLLAFL,17,26229.75667435892,958.926535598942,26191.421249241837,27207.27604318024,25290.572730654683,D,80.36387774256026,99999900.0,99999900.0,99999900.0,99999900.0,99999900.0,99999900.0,0.0010491334223812477,0.002552804426521327,0.0036222243018038075,0.002408054050235461,0.0012926382603103102,0.2333686379113125,2261.6153966833117
LLLTFLLIVLLGLLLGIL,15,26688.47001073629,1340.5851107798933,27210.039642351625,27689.882595804265,25165.487794052984,D,82.48725365033015,99999900.0,99999900.0,99999900.0,99999900.0,99999900.0,99999900.0,0.0027987915818236276,0.003730639503979214,0.0033857715025957255,0.0033050675294661893,0.00047113690787879334,0.32029974887026025,3104.0796658978306
LLLFYLLLTLLGVLLALL,16,26979.397607461306,1071.4532689602677,27874.51722810656,27271.48822546111,25792.18736881624,D,83.90396798036032,99999900.0,99999900.0,99999900.0,99999900.0,99999900.0,99999900.0,0.0039401499526786,0.0027095187526723205,0.00457044547486741,0.0037400380600727764,0.0009464648136706687,0.3624534871757998,3512.598755835691
LLLTYLLVLLLGALLSFL,13,28542.902685012647,1614.3564452510511,29921.32278504877,28940.483899767125,26766.90137022204,D,91.42965941283131,99999900.0,99999900.0,99999900.0,99999900.0,99999900.0,99999900.0,0.0074559023362210765,0.006782819536995833,0.006412984315444164,0.006883902062887024,0.0005287558579304023,0.6671307264775621,6465.278008673843
LLLSYLLVALLLILLALL,17,26542.555503250034,872.0033254661023,27052.351058701905,27039.635895656105,25535.679555392093,D,81.82847450120137,99999900.0,99999900.0,99999900.0,99999900.0,99999900.0,99999900.0,0.0025279334087335717,0.0021436669105250016,0.004085559027700594,0.0029190531156530557,0.0010283322505604713,0.28289043160144883,2741.5395719426715
LLLLALLFALLGILLLTL,16,26408.33373284901,1286.8079993210265,27535.958829425523,26682.50749608064,25006.53487304088,D,81.0697042710772,99999900.0,99999900.0,99999900.0,99999900.0,99999900.0,99999900.0,0.003358615720912397,0.0012720700499161126,0.0030852967680935813,0.002571994179640697,0.0011340316881695402,0.2492563563346441,2415.585994129363
LLLTALLLFLLGILLGLL,17,26405.96083968212,1038.0964161784034,26356.32828099258,27467.98328277684,25393.570955276933,D,81.21802962252097,99999900.0,99999900.0,99999900.0,99999900.0,99999900.0,99999900.0,0.0013323905632338115,0.0031890786960572315,0.0038169257517709086,0.0027794650036873174,0.0012919234917372056,0.2693627088516747,2610.4400963371313
LLLTGLLFLLLLVLLALL,17,26325.08961325328,990.190248102314,26568.594910998778,27170.810790855605,25235.86313790545,D,80.7853446254229,99999900.0,99999900.0,99999900.0,99999900.0,99999900.0,99999900.0,0.0016969962327169962,0.0024638084254045116,0.003518804683898235,0.0025598697806732476,0.0009146952203772006,0.24808136008725906,2404.198904467636
LLLILLLGTLLGILLSFL,14,28316.962063577703,1402.1819888772086,29335.35974686028,28897.838425280275,26717.68801859256,D,90.38110339697016,99999900.0,99999900.0,99999900.0,99999900.0,99999900.0,99999900.0,0.006449406657532068,0.006678740271034067,0.006319954450559182,0.006482700459708439,0.00018169527839484025,0.6282495927038139,6088.474289158497
LLLSYLLGLLLGFLLITL,14,27133.760535793328,1297.3838277327918,28147.71273042248,27581.83967600045,25671.72920095705,D,84.61763865236242,99999900.0,99999900.0,99999900.0,99999900.0,99999900.0,99999900.0,0.0044094117910503825,0.0034669531944502958,0.004342738832072531,0.004073034605857736,0.0005259394725678442,0.394724752146538,3825.345105908682
LLLLALLALLLGFLLGTL,16,28525.657255939463,1367.782115369822,29565.28585183195,29035.506593399223,26976.179322587217,D,91.4031211504295,99999900.0,99999900.0,99999900.0,99999900.0,99999900.0,99999900.0,0.006844345614411019,0.007014729073047266,0.006808590365170615,0.0068892216842096335,0.0001101530206199149,0.6676462600811953,6470.274133028513
LLLTVLLLLLLGALLSFL,17,25829.027966054706,1579.483403563496,26690.991148450063,26789.999113378948,24006.093636335107,D,78.22504696215123,99999900.0,99999900.0,99999900.0,99999900.0,99999900.0,99999900.0,0.0019072335276551862,0.00153441086708537,0.001194124758984835,0.0015452563845751305,0.000356678073233906,0.1497534399847862,1451.286207980499
LLLLVLLYILLGALLLTL,16,27144.52998335066,972.820328455635,27703.92208362217,27708.450996859254,26021.21686957057,D,84.75115593253715,99999900.0,99999900.0,99999900.0,99999900.0,99999900.0,99999900.0,0.0036471224670889127,0.003775956986669735,0.005003388625544555,0.004142156026434401,0.0007486259250696762,0.4014234272734082,3890.2631126293045
LLLSTLLIALLGILLALL,14,28824.88611720049,2677.1795114607357,29882.314994060896,30811.857124999893,25780.486232540683,D,92.71028140925957,99999900.0,99999900.0,99999900.0,99999900.0,99999900.0,99999900.0,0.007388899521187084,0.011350036902176987,0.00454832637322785,0.007762420932197307,0.0034162047967396052,0.7522694931469732,7290.372362729009
LLLVYLLLTLLGILLALL,17,26738.811950861706,1051.0557061780282,27427.4535584523,27259.966536497363,25529.015757635443,D,82.747914378749,99999900.0,99999900.0,99999900.0,99999900.0,99999900.0,99999900.0,0.00317223863015399,0.0026813992641587965,0.004072962198092456,0.0033088666974684148,0.0007057706931844575,0.3206679327412946,3107.6477987840426
LLLTFLLGILLLVLLGLL,17,25636.90052275225,1465.413984046044,26770.66457541581,26157.84773361887,23982.189259222087,D,77.27620313097613,99999900.0,99999900.0,99999900.0,99999900.0,99999900.0,99999900.0,0.002044086801191481,-8.398830164807713e-06,0.0011489374084112216,0.001061541793145965,0.0010290300345017632,0.10287583134945946,996.987282476892
LLLIFLLGVLLGLLLGYL,14,31812.265150042316,1417.7681053823385,32945.03694008932,32269.445302909564,30222.31320712805,D,107.43888587556292,99999900.0,99999900.0,99999900.0,99999900.0,99999900.0,99999900.0,0.012649668891954086,0.01490738289156602,0.012944880349055516,0.013500644044191873,0.0012271809522782864,1.3083705123688816,12679.642482484824
LLLALLLGILLGVLLGTL,13,30913.545074387515,1411.3023197125394,32421.35140518513,30695.05230226751,29624.231515709904,D,103.04249725122264,99999900.0,99999900.0,99999900.0,99999900.0,99999900.0,99999900.0,0.011750145895584726,0.011064966555157416,0.011814303846936526,0.01154313876589289,0.0004153499223788933,1.1186653267829643,10841.177072600463
LLLTFLLGLLLGVLLAIL,13,32234.35686691931,1743.9958085656642,34190.24391233395,31671.62507270601,30841.201615717964,D,109.43603449107194,99999900.0,99999900.0,99999900.0,99999900.0,99999900.0,99999900.0,0.01478853321437315,0.013448360768225203,0.014114788577689762,0.014117227520096039,0.0006700895519880824,1.3681246719220312,13258.730265962533
LLLFYLLVLLLLALLGTL,16,26840.02839190928,950.3757217104292,27534.800972153436,27228.29304396174,25756.99115961267,D,83.2544642075445,99999900.0,99999900.0,99999900.0,99999900.0,99999900.0,99999900.0,0.0033566268952272544,0.0026040978882632257,0.0045039127458770456,0.003488212509789175,0.0009567184558543247,0.3380486422533179,3276.087228304176
LLLILLLGILLGTLLGFL,14,28099.689013185933,1206.0748180854214,28954.1975170615,28624.78862375044,26720.08089874585,D,89.35921120260507,99999900.0,99999900.0,99999900.0,99999900.0,99999900.0,99999900.0,0.005794692772577898,0.006012343115035845,0.006324477802657263,0.006043837896757002,0.0002662930443717895,0.5857186708849161,5676.29984926093
LLLLVLLATLLGYLLIFL,14,27189.32562952739,957.0368495334758,27836.069229659533,27641.97674673312,26089.93091218951,D,84.96341807647639,99999900.0,99999900.0,99999900.0,99999900.0,99999900.0,99999900.0,0.003874108680842054,0.0036137219255820588,0.005133281386124417,0.00420703733084951,0.0008126477422769267,0.4077111854887119,3951.1988532567875
LLLAFLLGVLLIILLGLL,14,26866.80573163141,1303.4902423528476,27991.80258290323,27170.2595999358,25438.35501205521,D,83.30610219269289,99999900.0,99999900.0,99999900.0,99999900.0,99999900.0,99999900.0,0.00414160839814864,0.002462463205377576,0.0039015827526281436,0.0035018847853847865,0.000908130493577546,0.33937364587297664,3288.9280650751393
LLLSYLLVALLGTLLFLL,13,26629.466359319493,1268.0357678295602,27752.07815831026,26882.237710501297,25254.08320914692,D,82.15275727103412,99999900.0,99999900.0,99999900.0,99999900.0,99999900.0,99999900.0,0.0037298390855739845,0.00175952562069885,0.0035532467755190244,0.003014203827263953,0.0010901647868623826,0.29211164985556404,2830.903975687487
LLLSTLLGALLLILLALL,16,26763.95441524829,1461.710862801137,27956.49218125698,27202.08821201286,25133.28285247504,D,82.77635847696438,99999900.0,99999900.0,99999900.0,99999900.0,99999900.0,99999900.0,0.004080956506555623,0.002540143161373456,0.0033248932802348234,0.0033153309827213006,0.0007704511790653368,0.32129439768479895,3113.718977732476
LLLTLLLLLLLGVLLAIL,17,26264.639894634864,1209.595957663493,26953.941997836213,26972.01989708512,24867.957788983254,D,80.41330389626494,99999900.0,99999900.0,99999900.0,99999900.0,99999900.0,99999900.0,0.0023588983535338948,0.0019786453324274218,0.002823339250891832,0.0023869609789510496,0.00042304560886701983,0.23132447228532582,2241.8050378686917
LLLLFLLLVLLGILLATL,16,26037.2698804436,978.9693732980749,26519.25352286221,26681.800424952,24910.75569351658,D,79.35168471825322,99999900.0,99999900.0,99999900.0,99999900.0,99999900.0,99999900.0,0.0016122436276832356,0.0012703443933268239,0.0029042417528403193,0.0019289432579501261,0.0008617593267349544,0.1869371913275842,1811.6403039549316
LLLYFLLLTLLGVLLALL,17,26203.704130911086,1294.7340422180189,26916.626385173287,26985.286339778875,24709.199667781093,D,80.10336330228314,99999900.0,99999900.0,99999900.0,99999900.0,99999900.0,99999900.0,0.0022948021555740743,0.002011023014563792,0.0025232327538577434,0.00227635264133187,0.0002566027916619857,0.22060522904853114,2137.923017721917
LLLTVLLALLLLILLAFL,17,26072.09231503466,732.5534928841893,26289.66593409356,26671.211509261386,25255.39950174904,D,79.580292707141,99999900.0,99999900.0,99999900.0,99999900.0,99999900.0,99999900.0,0.0012178861325575032,0.001244501403286927,0.003555735013342093,0.0020060408497288413,0.0013421404895582773,0.19440885085195486,1884.0494347204544
LLLYLLLAFLLITLLGVL,15,25133.390246748128,1369.6805716943882,26005.799243874502,25839.640025071672,23554.73147129821,D,74.85186770912757,99999900.0,99999900.0,99999900.0,99999900.0,99999900.0,99999900.0,0.0007302946320551727,-0.000785007019603071,0.00034089774157477587,9.539511800895918e-05,0.0007869170397906153,0.009244904096302534,89.59394729382743
LLLAYLLFVLLGTLLLLL,16,26604.49505779508,1002.1323654384996,27296.40070309,27061.797618799745,25455.28685149549,D,82.09784506564056,99999900.0,99999900.0,99999900.0,99999900.0,99999900.0,99999900.0,0.0029471320551560285,0.0021977541473301434,0.003933589650822003,0.0030261586177693918,0.0008706119238757143,0.2932702090567151,2842.131771121971
LLLYFLLLTLLGILLALL,17,25506.746824586804,1410.7713365316692,26018.57424893158,26590.161406652165,23911.50481817667,D,76.7102141354351,99999900.0,99999900.0,99999900.0,99999900.0,99999900.0,99999900.0,0.0007522379741214764,0.0010466929538043266,0.0010153199289630955,0.0009380836189629661,0.000161709676432284,0.09091128846667541,881.036850404415
LLLYFLLGLLLGVLLLTL,17,27995.20474628237,1032.6259536614955,28921.219940079685,28182.72636150081,26881.667937266604,D,88.86877741475398,99999900.0,99999900.0,99999900.0,99999900.0,99999900.0,99999900.0,0.005738047922028205,0.004933459216615931,0.0066299319093786726,0.005767146349340936,0.0008486105927788507,0.5589040196374714,5416.434476344107
LLLAVLLGFLLGTLLILL,14,30040.74997506484,1200.0929050013906,30815.77755797839,30648.083993540356,28658.38837367578,D,98.84577884319144,99999900.0,99999900.0,99999900.0,99999900.0,99999900.0,99999900.0,0.008992287406719023,0.010950337109604046,0.00998853392823638,0.009977052814853149,0.0009790753401630644,0.9668932578751045,9370.32798636231
LLLLYLLASLLGILLTLL,16,25966.954515007023,1229.683016059323,26808.19794822972,26536.96513914047,24555.700457650877,D,78.94262039432154,99999900.0,99999900.0,99999900.0,99999900.0,99999900.0,99999900.0,0.0021085570409195946,0.0009168637388373239,0.002233067375854697,0.0017528293852038716,0.0007266392690360141,0.16986969460920245,1646.2362732050785
LLLTLLLGILLGFLLIVL,15,27561.836661797795,1020.2661523573752,27986.625146158654,28301.07737027435,26397.807468960375,D,86.79858142037425,99999900.0,99999900.0,99999900.0,99999900.0,99999900.0,99999900.0,0.004132715230200348,0.0052223031389126125,0.005715272116877428,0.005023430161996796,0.0008098051744727139,0.48682921150925446,4717.945179604421
LLLYLLLATLLLILLAFL,17,25769.68005171896,1206.3857679864966,24989.58189739269,27159.20487816916,25160.25337959504,D,78.2265506791187,99999900.0,99999900.0,99999900.0,99999900.0,99999900.0,99999900.0,-0.001015239302994386,0.0024354833829995054,0.0033758766904431066,0.001598706923482742,0.0023120599147419796,0.15493342315803568,1501.4863111478903
LLLLVLLGILLGLLLGFL,16,29278.368318893063,1467.0709519003774,30596.22753931666,29541.248062218245,27697.629355144287,D,95.04720941295656,99999900.0,99999900.0,99999900.0,99999900.0,99999900.0,99999900.0,0.00861517122252715,0.008249026533082345,0.008172374720996588,0.008345524158868694,0.00023664536606223267,0.8087790244661257,7838.015898872552
LLLALLLGVLLGLLLLFL,16,27176.73974380756,576.1646425925944,27217.14099892572,27731.640411076187,26581.437821420765,D,85.0152306059188,99999900.0,99999900.0,99999900.0,99999900.0,99999900.0,99999900.0,0.0028109894240744837,0.0038325523754846958,0.006062395535879394,0.004235312445146191,0.0016627002680146175,0.4104513751906656,3977.7545004733033
LLLFLLLGILLLTLLAYL,16,25375.226350182114,1263.0986880650405,24758.238857322474,26828.234456955528,24539.205736268337,D,76.26058862182309,99999900.0,99999900.0,99999900.0,99999900.0,99999900.0,99999900.0,-0.0014126120977790103,0.0016277268998211181,0.00220188677850205,0.0008056671935147193,0.0019424178624098069,0.07807858612724053,756.6729365054556
LLLALLLTVLLGSLLLWL,16,26461.391396003728,1382.123900625439,27045.38712160603,27455.658755090648,24883.12831131451,D,81.36636053247555,99999900.0,99999900.0,99999900.0,99999900.0,99999900.0,99999900.0,0.002515971608864198,0.003158999823437349,0.002852016664560726,0.0028423293656207574,0.00032162354392184647,0.27545500172032356,2669.481548848314
FHMIAVGLSSSILGCLITLLVL,P,32522.354142158125,854.2779337100565,33508.6889230423,32041.375395510622,32016.99810792145,D,111.03185357353829,99999900.0,99999900.0,99999900.0,99999900.0,99999900.0,99999900.0,0.013617841367270133,0.014350762316096291,0.01633744127619847,0.014768681653188299,0.0014071419066310703,1.431258206522955,13870.568151200354
LLLALLLGILLGTLLLFL,16,27588.56772847567,1192.9368271156304,28608.338341758743,27880.64825383816,26276.71658983011,D,86.85328543676121,99999900.0,99999900.0,99999900.0,99999900.0,99999900.0,99999900.0,0.005200618159180199,0.004196216447319442,0.005486369435972767,0.004961068014157469,0.0006776148519019377,0.48078558906769653,4659.375400529126
LLLAFLLVLLLLLLLGTL,16,26309.35273674149,1067.079693527166,27157.667564815023,26659.10134845395,25111.2892969555,D,80.63563233489974,99999900.0,99999900.0,99999900.0,99999900.0,99999900.0,99999900.0,0.002708833229010939,0.0012149457080418088,0.003283318028182746,0.002402365655078498,0.00106769976776495,0.23281736580446258,2256.2729243795243
LLLFYLLVLLLIALLGTL,14,26803.30323517146,1297.109740446184,27684.091591708147,27412.028965208367,25313.789148597865,D,83.0147296351351,99999900.0,99999900.0,99999900.0,99999900.0,99999900.0,99999900.0,0.003613060072164749,0.0030525182668441823,0.0036661111770694543,0.0034438965053594623,0.0003399798510506097,0.3337539024444575,3234.4661700360175
LLLIYLLGLLLGFLLGTL,14,30698.35640782087,1651.8113149264568,32447.941340131038,30481.35953574801,29165.768347583555,D,101.94220054353156,99999900.0,99999900.0,99999900.0,99999900.0,99999900.0,99999900.0,0.011795818835472564,0.01054343439850274,0.010947653534097752,0.011095635589357685,0.0006391718947202473,1.0752970283185692,10420.887472365888
LLLYFLLGTLLLILLALL,17,25316.35921311913,1384.270601376178,25668.24359645125,26490.72740555355,23790.106637352583,D,75.80386341200345,99999900.0,99999900.0,99999900.0,99999900.0,99999900.0,99999900.0,0.00015048280382295884,0.0008040173130589833,0.0007858363440129146,0.0005801121536316189,0.0003721809648163411,0.056219661313487296,544.8343563252231
LLLTLLLGVLLGLLLLFL,17,26999.267161379867,1627.775063944294,28696.26755963917,26850.61972893022,25450.914195570203,D,83.88230685627515,99999900.0,99999900.0,99999900.0,99999900.0,99999900.0,99999900.0,0.005351652221159184,0.0016823597231984042,0.003925323853503818,0.003653111932620469,0.0018497300766060617,0.35402932744380927,3430.958782596314
LLLYTLLALLLLILLAFL,17,25162.26819788709,410.1729811967396,25513.22875159696,25262.21829664197,24711.357545422336,D,75.16099832770031,99999900.0,99999900.0,99999900.0,99999900.0,99999900.0,99999900.0,-0.00011578274760300688,-0.0021942451713293366,0.0025273118717953815,7.242798428767933e-05,0.002366398674688878,0.007019119873254065,68.02349158223242
LLLAYLLIFLLGTLLGLL,14,28492.479293080854,1445.4276577119067,29993.510113973556,28373.977307908204,27109.95045736082,D,91.21097339189464,99999900.0,99999900.0,99999900.0,99999900.0,99999900.0,99999900.0,0.007579896905645652,0.005400220540205211,0.007061463014186536,0.006680526820012467,0.0011386753499302517,0.6474212837389837,6274.2704270357435
LLLSYLLIVLLGLLLAFL,15,27172.86921829813,1740.8738660087065,28720.297037887496,27510.344839916863,25287.965777090027,D,84.7110587133945,99999900.0,99999900.0,99999900.0,99999900.0,99999900.0,99999900.0,0.005392927121522969,0.0032924650418578983,0.003617296278617999,0.0041008961473329554,0.0011306577120391347,0.39742486179878844,3851.512330506288
LLLTLLLGILLLVLLAFL,17,26538.099661808257,1024.7518434148042,27330.027845784138,26903.55112925585,25380.72001038477,D,81.76256882298416,99999900.0,99999900.0,99999900.0,99999900.0,99999900.0,99999900.0,0.0030048926502832278,0.0018115425112552874,0.0037926331232996154,0.0028696894282793767,0.0009974416958964116,0.27810651220248483,2695.1777905738286
LLLIYLLGFLLGTLLGLL,14,29763.411384409857,1783.4363532859884,31212.84606346584,30305.57981699569,27771.808272768045,D,97.36052539627786,99999900.0,99999900.0,99999900.0,99999900.0,99999900.0,99999900.0,0.009674323147662917,0.010114431689098044,0.008312597942040496,0.00936711759293382,0.0009393788653419722,0.907783391990022,8797.484163053063
LLLAVLLGLLLLLLLGFL,16,25516.676163364504,1481.257346095186,25831.72565125987,26815.0639135227,23903.23892531094,D,76.7769497240932,99999900.0,99999900.0,99999900.0,99999900.0,99999900.0,99999900.0,0.0004312922934739808,0.0015955832665446475,0.0009996945982146028,0.0010088567194110772,0.0005821995584351418,0.09777003071572136,947.5060949916831
LLLLYLLLVLLGTLLAFL,16,25706.261628540877,833.2842864916082,25968.947201785613,26376.548381868623,24773.289301968383,D,77.77739220998855,99999900.0,99999900.0,99999900.0,99999900.0,99999900.0,99999900.0,0.0006669946989604156,0.0005253554124387247,0.0026443838198095242,0.0012789113104028883,0.0011846526082909435,0.12394148316102391,1201.1381182730433
LLLAFLLGILLGLLLLTL,16,30803.21866744309,1728.0607514966994,32700.704403101267,30389.129774717192,29319.821824510807,D,102.44417289493754,99999900.0,99999900.0,99999900.0,99999900.0,99999900.0,99999900.0,0.012229984327204306,0.010318341209989222,0.011238866663646492,0.011262397400280006,0.0009560387667735226,1.0914582007252935,10577.508159149822
LLLGALLALLLGTLLGFL,13,26290.454661369484,969.1875320272916,27025.8308594724,26653.34226522973,25192.190859406324,D,80.56504779947333,99999900.0,99999900.0,99999900.0,99999900.0,99999900.0,99999900.0,0.002482380252334855,0.0012008902622576516,0.0034362493196836374,0.002373173278092048,0.0011216738168119775,0.22998828260591261,2228.8557950788418
LLLTLLLLILLGVLLGAL,17,26735.15747142987,1675.7557372001922,27964.760695830773,27414.27016229069,24826.441556168145,D,82.60363389743259,99999900.0,99999900.0,99999900.0,99999900.0,99999900.0,99999900.0,0.00409515915014459,0.003057988065222807,0.002744859541596655,0.0032993355856546836,0.0007067628509090852,0.3197442563887919,3098.696293221559
LLLALLLLILLGTLLGFL,16,26032.3847020928,1243.5702048400651,26954.63447482141,26524.443099201548,24618.07653225544,D,79.25354799414214,99999900.0,99999900.0,99999900.0,99999900.0,99999900.0,99999900.0,0.0023600878058504565,0.0008863028237374394,0.00235097923514456,0.0018657899549108185,0.0008482729640957377,0.1808168966820207,1752.3274814328872
LLLTALLAFLLIVLLGLL,15,27453.67502811498,1168.120555012284,28699.628979576995,27278.140444395896,26383.25566037205,D,86.1960495743616,99999900.0,99999900.0,99999900.0,99999900.0,99999900.0,99999900.0,0.005357426057427319,0.0027257539586837552,0.005687764281260054,0.004590314765790376,0.0016231823951977215,0.4448552574523564,4311.16840957916
LLLYGLLFILLGVLLLLL,17,25337.447863167217,1184.5453485088228,25536.44302797944,26409.892419247437,24066.00814227478,D,75.94841187719565,99999900.0,99999900.0,99999900.0,99999900.0,99999900.0,99999900.0,-7.59081013538288e-05,0.0006067338699737407,0.0013073834216782959,0.0006127363967660692,0.0006916652963457493,0.059381332531967514,575.4746530290278
LLLLYLLATLLLILLAFL,16,25778.044819053885,1451.7800363017266,26074.83323073471,27058.49726447568,24200.803961951267,D,78.05883549607489,99999900.0,99999900.0,99999900.0,99999900.0,99999900.0,99999900.0,0.0008488727759467673,0.0021896994015547593,0.0015621930714248874,0.0015335884163088047,0.0006708708368274485,0.1486226772175474,1440.3277925427083
LLLTVLLGLLLLFLLAIL,17,25513.4894283571,689.0877661181771,25078.619863872416,26307.992920397,25153.85550080189,D,76.96567502104914,99999900.0,99999900.0,99999900.0,99999900.0,99999900.0,99999900.0,-0.0008623007682053147,0.00035804100936327054,0.003363782537536015,0.000953174259564657,0.002174990279492725,0.09237374826573241,895.2097985270957
LLLYLLLGVLLGTLLLFL,17,25446.561859782763,1313.2443073768663,24504.65092510405,26946.698289930533,24888.3363643137,D,76.6704199019519,99999900.0,99999900.0,99999900.0,99999900.0,99999900.0,99999900.0,-0.0018481944490730175,0.0019168461774799427,0.0028618616446481684,0.0009768377910183647,0.00249176020645318,0.09466702158448673,917.4343026117826
GIYFVLGVCFGLLLTLCLLVIL,N,30952.18722201032,846.9803901651641,31676.346891259604,31159.37916904968,30020.835605721677,D,103.34770040792914,99999900.0,99999900.0,99999900.0,99999900.0,99999900.0,99999900.0,0.01047046821115604,0.012198188779614485,0.012564019598556325,0.011744225529775616,0.0011181687381941125,1.1381529891071205,11030.035342298324
LLLTFLLAVLLLLLLGYL,17,26012.614650380023,1530.6180325142486,27634.300309619717,25810.371260802684,24593.17238071768,D,79.08503525503994,99999900.0,99999900.0,99999900.0,99999900.0,99999900.0,99999900.0,0.0035275346942956593,-0.0008564394878164027,0.002303901973061782,0.0016583323931803461,0.002262162122662189,0.16071182943873835,1557.4858350329084
LLLSYLLLILLGLLLGFL,17,26002.10219157347,420.13700737475847,26016.914523809435,26414.63715356289,25574.754897348088,D,79.29887347675259,99999900.0,99999900.0,99999900.0,99999900.0,99999900.0,99999900.0,0.0007493871011919885,0.000618313726234648,0.004159424628439785,0.0018423751519554739,0.0020076936431544633,0.17854772806758853,1730.3365801618233
LLLLYLLLTLLGILLAFL,16,25147.17197763315,1222.6163999315977,25873.833972741224,25832.059764508613,23735.62219564961,D,74.95107347865198,99999900.0,99999900.0,99999900.0,99999900.0,99999900.0,99999900.0,0.0005036208207798246,-0.0008035071761776089,0.0006828423376684058,0.00012765199409020718,0.0008113711470771849,0.012370973145134212,119.88921728044701
LLLYVLLGALLLILLTLL,17,26157.251634959022,1305.3626104872124,26788.932211844374,27026.61440145982,24656.20829157288,D,79.88415605854577,99999900.0,99999900.0,99999900.0,99999900.0,99999900.0,99999900.0,0.002075464714006689,0.0021118870423447907,0.0024230611458389514,0.0022034709673968106,0.00019104065366193828,0.21354214133533875,2069.473426280452
LLLLFLLGTLLGLLLGYL,16,31323.301666365114,1565.0542305758452,32797.45839639814,31491.50844765174,29680.93815504546,D,105.01093421301044,99999900.0,99999900.0,99999900.0,99999900.0,99999900.0,99999900.0,0.012396176509650267,0.013008773535377322,0.011921498557737486,0.012442149534255023,0.0005450934401494013,1.2057899984487679,11685.51717174113
LLLYILLALLLGVLLLTL,17,25557.06426508182,729.2921817433117,26015.764440367904,25939.32083064516,24716.1075242324,D,77.0381685169716,99999900.0,99999900.0,99999900.0,99999900.0,99999900.0,99999900.0,0.0007474116284426982,-0.0005417290352587935,0.002536290936871741,0.0009139911766852152,0.0015457565450704468,0.08857644866614607,858.4095184333001
LLLIFLLGSLLGILLTLL,14,30617.90932972454,1395.1013721320917,31971.42339383768,30697.662441162956,29184.64215417299,D,101.59992866886756,99999900.0,99999900.0,99999900.0,99999900.0,99999900.0,99999900.0,0.010977314557037607,0.011071336781859429,0.010983331406438165,0.011010660915111735,5.263289107929849e-05,1.0670619872555185,10341.080280503233
LLLVLLLIILLGFLLATL,15,25457.55595927034,899.0669978347169,25655.450131324047,26241.190251415446,24476.02749507153,D,76.56456838331799,99999900.0,99999900.0,99999900.0,99999900.0,99999900.0,99999900.0,0.00012850775330475937,0.00019500441906736905,0.002082458553282596,0.0008019902418849082,0.0011094164114567717,0.07772224645395501,753.2195877660337
LLLFYLLLTLLIALLGWL,14,25508.493105732705,462.53631337658805,25671.01497288118,25867.83383263643,24986.63051168051,D,76.86373232027556,99999900.0,99999900.0,99999900.0,99999900.0,99999900.0,99999900.0,0.00015524313548034144,-0.0007161980584807849,0.0030476707989883205,0.0008289052919959591,0.0019702900090842975,0.08033063000876621,778.4978790600783
LLLTALLALLLGVLLSLL,17,28651.097389991264,1779.521111389513,30500.14342263366,28502.761827033,26950.386920307137,D,91.91759653035156,99999900.0,99999900.0,99999900.0,99999900.0,99999900.0,99999900.0,0.008450129672242575,0.005714528174931632,0.006759834009024826,0.006974830618733011,0.0013804153522262704,0.6759427683928778,6550.677014513996
LLLALLLGILLGLLLLFL,16,27274.077801350235,1120.0422725306084,27828.715128706204,28008.5781771171,25984.9400982274,D,85.36737191858954,99999900.0,99999900.0,99999900.0,99999900.0,99999900.0,99999900.0,0.0038614767051921026,0.004508438381056462,0.004934813268963945,0.004434909451737503,0.000540432902743237,0.42979466258690785,4165.213608043863
LLLLALLFALLLILLSTL,16,25761.126786345383,812.4328680055405,25570.31497035497,26651.98244333454,25061.08294534664,D,78.11535904882648,99999900.0,99999900.0,99999900.0,99999900.0,99999900.0,99999900.0,-1.7727019258324154e-05,0.0011975715217255475,0.0031884110577795736,0.0014560851867489323,0.0016186266797847287,0.14111170664180528,1367.5376916526766
LLLAYLLLLLLGTLLGFL,16,26622.718703678893,1214.207123177209,27324.68857900719,27322.794020506823,25220.673511522666,D,82.16006002706685,99999900.0,99999900.0,99999900.0,99999900.0,99999900.0,99999900.0,0.0029957215104874837,0.00283473413724001,0.0034900911571162626,0.0031068489349479187,0.0003415189368478387,0.30109004574632064,2917.915146364886
LLLYFLLITLLGILLGLL,15,25298.56541482831,1314.5507868609925,25508.010971854725,26495.81928365493,23891.865988975267,D,75.74369643243229,99999900.0,99999900.0,99999900.0,99999900.0,99999900.0,99999900.0,-0.0001247452118211337,0.0008164443980319059,0.0009781959053676136,0.0005566316971927953,0.0005956062093651941,0.05394413010764565,522.7817940922439
LLLTALLLILLGLLLGFL,17,27018.209636034288,607.7738049055991,27515.425991221717,27198.51977237696,26340.683144504197,D,84.1860478328238,99999900.0,99999900.0,99999900.0,99999900.0,99999900.0,99999900.0,0.003323346921386678,0.002531434134626719,0.00560728784005324,0.0038206896320222123,0.001597100915146955,0.3702695689989655,3588.345742025523
LLLALLLGILLGFLLITL,14,30108.287581393422,1113.4442558169835,30834.22426883333,30664.296960571806,28826.34151477513,D,99.19082394737774,99999900.0,99999900.0,99999900.0,99999900.0,99999900.0,99999900.0,0.009023972911693748,0.010989905990663535,0.010306022120081465,0.01010663367414625,0.0009980180519540975,0.9794511606471172,9492.028770638344
LLLYALLFILLLVLLALL,17,26077.765766697583,1179.7950136341894,25983.8898259141,27301.69428717994,24947.71318699871,D,79.60790085820891,99999900.0,99999900.0,99999900.0,99999900.0,99999900.0,99999900.0,0.0006926613120971246,0.0027832387609292566,0.0029741039042949736,0.002150001325773785,0.0012656963744655826,0.20836030688525597,2019.2553820725366
LLLIFLLGTLLGVLLGLL,14,31128.86552247769,1279.3536435952485,32474.02600177677,30985.107756896086,29927.46280876021,D,104.11953240453198,99999900.0,99999900.0,99999900.0,99999900.0,99999900.0,99999900.0,0.01184062387865013,0.011772867198055821,0.012387513459517944,0.012000334845407966,0.00033701365159201303,1.1629729810585783,11270.570130714517
LLLTALLAFLLLLLLGVL,17,26307.24604995535,760.0567933183555,26554.72512996736,26912.71972142229,25454.2932984764,D,80.72186498564152,99999900.0,99999900.0,99999900.0,99999900.0,99999900.0,99999900.0,0.0016731724183077412,0.001833919102302013,0.003931711499871876,0.00247960100682721,0.0012601303651256109,0.24030237588321707,2328.811437651707
LLLYFLLGTLLLVLLALL,17,25466.40782293641,1420.792557036732,25693.171201566784,26760.18115980529,23945.87110743716,D,76.54995480960743,99999900.0,99999900.0,99999900.0,99999900.0,99999900.0,99999900.0,0.00019330039673191334,0.001461638063926959,0.001080283828812308,0.0009117407631570601,0.0006507497085990854,0.08835835724093433,856.2959571186434
LLLAFLLGSLLIILLTLL,14,26284.953074860616,1538.9000829170436,27190.42220635209,27156.3437691032,24508.09324912656,D,80.45170130906011,99999900.0,99999900.0,99999900.0,99999900.0,99999900.0,99999900.0,0.002765095148305344,0.0024285006460267166,0.002143073664190579,0.002445556486174213,0.00031136129807257114,0.23700306314048333,2296.8372333874827
LLLALLLLLLLGVLLGTL,16,26282.47528955569,739.3856431712711,26720.13485143732,26698.493293716136,25428.79772351361,D,80.58140187601124,99999900.0,99999900.0,99999900.0,99999900.0,99999900.0,99999900.0,0.0019572930181110245,0.001311084508161351,0.00388351624766043,0.0023839645913109352,0.0013382405378437126,0.23103408723264837,2238.9908666416586
LLLLFLLGVLLGILLITL,14,29182.118756705942,1553.3854096497705,30713.119669757973,29225.95962748762,27607.27697287224,D,94.55602472910714,99999900.0,99999900.0,99999900.0,99999900.0,99999900.0,99999900.0,0.00881595423526743,0.00747954303576268,0.00800157818638769,0.0080990251524726,0.0006735136649985627,0.784890384024885,7606.506997285382
LLLTLLLGILLILLLGFL,15,26259.488325415285,1477.5026711032665,26637.211468857266,27511.46264417541,24629.790863213177,D,80.39624572501732,99999900.0,99999900.0,99999900.0,99999900.0,99999900.0,99999900.0,0.0018148573680960955,0.0032951931214048754,0.0023731232791922197,0.002494391256231063,0.0007475813850828472,0.2417357242573569,2342.702261974886
LLLLYLLATLLGILLAFL,13,26016.32313474531,1306.266724578155,26181.750459180403,27231.996204587143,24635.22274046839,D,79.25580614031516,99999900.0,99999900.0,99999900.0,99999900.0,99999900.0,99999900.0,0.001032522121374218,0.0026131357110162406,0.0023833913627588276,0.002009683065049762,0.0008540071713824865,0.194761824170116,1887.4701595364215
LLLLVLLATLLLYLLSFL,16,27066.10789097356,1210.1210137906066,27622.998519907316,27897.52630173241,25677.798851280957,D,84.34146880887029,99999900.0,99999900.0,99999900.0,99999900.0,99999900.0,99999900.0,0.0035081218614621246,0.00423740850478483,0.004354212522256926,0.004033247629501294,0.000458506923413868,0.39086892819690344,3787.9776563257265
LLLTYLLLVLLLALLGIL,17,26680.80740666813,1045.8003111413211,27375.537494580574,27188.84336194861,25478.0413634752,D,82.46475638635265,99999900.0,99999900.0,99999900.0,99999900.0,99999900.0,99999900.0,0.003083063561871568,0.0025078181775610277,0.003976603367728211,0.0031891617023869358,0.0007401182981653854,0.3090671168664958,2995.2223073754503
LLLTALLAFLLLILLGLL,17,26700.719116197288,1009.0660561725656,27548.260813411023,26969.385347282645,25584.51118789819,D,82.55519574704718,99999900.0,99999900.0,99999900.0,99999900.0,99999900.0,99999900.0,0.0033797465652041915,0.0019722155291978707,0.004177867314450852,0.0031766098029509713,0.00111676916038251,0.30785069081730293,2983.4337144162423
LLLFYLLLILLLGLLATL,16,27184.639462635467,1773.9710937706857,28619.12491738244,27733.754524997363,25201.038945526598,D,84.77002212789584,99999900.0,99999900.0,99999900.0,99999900.0,99999900.0,99999900.0,0.005219146020232095,0.003837712018511845,0.003452975192419495,0.0041699444103878115,0.0009287753333895019,0.40411644710505606,3916.361628562465
LLLTVLLAILLILLLSFL,15,26617.50837706549,1200.04160472392,26301.064959424835,27944.061171512785,25607.39900025885,D,82.27856079553261,99999900.0,99999900.0,99999900.0,99999900.0,99999900.0,99999900.0,0.0012374659848510296,0.004350980112244873,0.004221133014122268,0.00326985970373939,0.0017613015751583717,0.3168876982425434,3071.0128995020827
LLLAGLLYFLLIVLLGLL,14,27768.95300637935,1572.0239690950898,29359.758116729005,27730.69223784263,26216.408664566414,D,87.65131337225478,99999900.0,99999900.0,99999900.0,99999900.0,99999900.0,99999900.0,0.006491315194827947,0.0038302382923295544,0.005372367077811608,0.005231306854989703,0.0013361347462361476,0.5069748974802647,4913.180469044208
LLLLVLLATLLGYLLLFL,16,27943.10844666298,1222.8194500615275,28884.507139692425,28383.78925300469,26561.028947291823,D,88.58545816464199,99999900.0,99999900.0,99999900.0,99999900.0,99999900.0,99999900.0,0.005674987161307555,0.005424167279116842,0.006023815867155254,0.005707656769193217,0.00030115624639656305,0.5531387826455394,5360.562578289679
LLLSYLLVALLIILLALL,15,26340.79656215596,1410.232977701667,26577.254816277135,27617.853309724927,24827.281560465803,D,80.81955778361505,99999900.0,99999900.0,99999900.0,99999900.0,99999900.0,99999900.0,0.0017118711594145371,0.003554846988757011,0.0027464474335756896,0.002671055193915746,0.0009237981214723548,0.2588565287100195,2508.622907097994
LLLLFLLGVLLGTLLGLL,16,30972.85733315488,1376.3505356057635,32464.23780567499,30702.74990934869,29751.58428444095,D,103.34074205642824,99999900.0,99999900.0,99999900.0,99999900.0,99999900.0,99999900.0,0.011823810911898752,0.011083753104124489,0.012055043615220872,0.011654202543748037,0.0005073722136129744,1.1294287075122322,10945.486836738213
LLLGYLLAALLLTLLFLL,16,26729.883690697363,1868.8524690189324,27977.343265811425,27631.110626231297,24581.197180049363,D,82.55161882984626,99999900.0,99999900.0,99999900.0,99999900.0,99999900.0,99999900.0,0.004116771950759932,0.0035872023977941703,0.0022812647971073487,0.0033284130485538173,0.0009447224847740398,0.32256220306653527,3126.0054965937743
LLLTFLLGILLGVLLLLL,17,30769.92793418608,1223.1550918664432,31822.92428483782,31058.602987624752,29428.25653009568,D,102.38230255421064,99999900.0,99999900.0,99999900.0,99999900.0,99999900.0,99999900.0,0.010722240940176733,0.01195223745382092,0.011443844899742903,0.011372774431246851,0.0006180704769792841,1.1021550276386713,10681.17293887119
LLLAYLLFVLLGTLLGLL,13,26766.006479310592,1433.181776499618,27679.994162916864,27503.784536303472,25114.240738711444,D,82.81268499314946,99999900.0,99999900.0,99999900.0,99999900.0,99999900.0,99999900.0,0.0036060220098581026,0.003276454161623031,0.0032888972504604434,0.003390457807313859,0.0001867877182227345,0.32857506678940357,3184.2771876637867
LLLAVLLTTLLGGLLFLL,13,26726.20536001596,851.1359812498513,27388.31699265601,27024.147634329107,25766.151453062743,D,82.71449584856055,99999900.0,99999900.0,99999900.0,99999900.0,99999900.0,99999900.0,0.003105014621495578,0.002105866724471612,0.004521228795968147,0.003244036713978446,0.0012136675165607524,0.31438514812465046,3046.760258152094
LLLGYLLAFLLGLLLGTL,13,32567.858105600768,1158.7605195100582,33874.2791052456,32164.99550439239,31664.29970716431,D,111.18081353137175,99999900.0,99999900.0,99999900.0,99999900.0,99999900.0,99999900.0,0.01424580749239693,0.01465246584608036,0.01567072211399596,0.014856331817491084,0.0007340070983553942,1.4397525339048691,13952.888131140015
LLLYLLLGILLGVLLITL,15,25914.64113951825,1211.9119403341226,26191.43099561717,26964.215522013037,24588.276900924546,D,78.75346372974904,99999900.0,99999900.0,99999900.0,99999900.0,99999900.0,99999900.0,0.0010491501635133957,0.001959598208704056,0.0022946478619593493,0.0017677987447256005,0.0006445202906001944,0.17132040085130237,1660.2953155963899
LLLIFLLGLLLGTLLGIL,14,30798.689138962247,1493.073560129798,32057.11416919193,31190.037003456197,29148.91624423861,D,102.47039087437122,99999900.0,99999900.0,99999900.0,99999900.0,99999900.0,99999900.0,0.011124503696073063,0.012273011370742918,0.01091579736406871,0.011437770810294895,0.0007308280773327064,1.1084539379335323,10742.216756209655
LLLTALLALLLGILLSLL,17,27405.253450489745,1770.778321637692,28996.866145363558,27721.082221479475,25497.811984626205,D,85.83904550426864,99999900.0,99999900.0,99999900.0,99999900.0,99999900.0,99999900.0,0.005867983726448257,0.0038067843746280106,0.004013976522643925,0.004562914874573398,0.0011349606502651687,0.44219988711646246,4285.434761350745
LLLAFLLGLLLGTLLLVL,16,31330.90597861685,1723.519382232539,33090.096395446824,31257.19901861565,29645.42252178809,D,105.01456077763636,99999900.0,99999900.0,99999900.0,99999900.0,99999900.0,99999900.0,0.012898834292252501,0.012436924970542693,0.011854362009344822,0.01239670709071334,0.0005233963085789497,1.201386093498359,11642.838175409326
LLLILLLGVLLGLLLGFL,14,31020.24634329581,1489.224308351152,32581.42025341357,30864.03191915072,29615.28685732314,D,103.54632013500267,99999900.0,99999900.0,99999900.0,99999900.0,99999900.0,99999900.0,0.012025092596203794,0.011477373139896623,0.011797395419983045,0.011766620385361153,0.00027515355307780376,1.1403233128769321,11051.068321268956
LLLLLLLGVLLGFLLGTL,16,30540.434433066548,1787.77154802047,32492.99001578556,30144.477354939067,28983.83592847502,D,101.14784596839696,99999900.0,99999900.0,99999900.0,99999900.0,99999900.0,99999900.0,0.011873197943747228,0.009721249852168145,0.010603739782900896,0.010732729192938757,0.0010817572963188885,1.0401271485505852,10080.050150373196
LLLALLLGILLLLLLGFL,16,25501.690509774315,973.353824489152,25472.51394159232,26489.30459699157,24543.252990739053,D,76.80563617571968,99999900.0,99999900.0,99999900.0,99999900.0,99999900.0,99999900.0,-0.00018571767123744213,0.0008005448491570837,0.002209537457110581,0.0009414548783434074,0.0012038286878594247,0.09123800298107029,884.2030966605042
LLLALLLGVLLGTLLIFL,14,28960.32751588288,946.608576167409,29977.139403944875,28799.251364261825,28104.591779441933,D,93.59871327028496,99999900.0,99999900.0,99999900.0,99999900.0,99999900.0,99999900.0,0.007551777301119269,0.006438131646846001,0.008941671224732262,0.007643860057565844,0.001254307390569325,0.7407795559424437,7179.021415484059
LLLWTLLLLLLGILLGFL,17,25233.42465533497,1239.5868623155584,25591.65439297311,26254.44693723206,23854.17263579973,D,75.41319321553796,99999900.0,99999900.0,99999900.0,99999900.0,99999900.0,99999900.0,1.8927232377193687e-05,0.00022735828886202646,0.0009069427304287708,0.00038440941722266364,0.00046437234401335714,0.03725377430326476,361.03270046443765
LLLTYLLLILLLALLGFL,17,25355.31988376364,897.4515673120097,25447.35785824815,26203.20585461837,24415.3959384244,D,76.08037185691195,99999900.0,99999900.0,99999900.0,99999900.0,99999900.0,99999900.0,-0.0002289277161182967,0.00010230083951499803,0.001967844422444383,0.0006137391819470282,0.0011843263236006913,0.059478514159504135,576.4164568081418
LLLAYLLFILLGTLLWLL,13,26730.294949322582,1391.0070646988145,27603.96463481021,27460.690424269756,25126.2297888878,D,82.6472720072865,99999900.0,99999900.0,99999900.0,99999900.0,99999900.0,99999900.0,0.003475427780350583,0.003171279964320424,0.0033115606066651325,0.003319422783778713,0.0001522262588080744,0.3216909411258729,3117.561948063937
LLLSYLLLLLLGTLLGFL,17,25293.950036022616,1519.179169970039,26576.05777704177,25689.74483131964,23616.04749970644,D,75.58396752760946,99999900.0,99999900.0,99999900.0,99999900.0,99999900.0,99999900.0,0.00170981503174249,-0.001150836733649729,0.0004568057553399699,0.000338594684477577,0.0014339848408076808,0.03281379016921003,318.004054591191
LLLYFLLLTLLGLLLAVL,17,26277.546249301035,1326.5105977076134,26589.84976668644,27420.040035244027,24822.74894597264,D,80.50892129379055,99999900.0,99999900.0,99999900.0,99999900.0,99999900.0,99999900.0,0.0017335052256168308,0.003072069844096228,0.002737879260510595,0.0025144847767412178,0.0006966833075330306,0.24368302170769415,2361.5738547262586
LLLSTLLGLLLGVLLIIL,14,27252.975877169367,1242.9547517128638,27667.316923008457,28235.83797485537,25855.772733644277,D,85.26765174735101,99999900.0,99999900.0,99999900.0,99999900.0,99999900.0,99999900.0,0.003584246596813344,0.005063081827186075,0.004690643301326171,0.004445990575108531,0.0007691746401059939,0.4308685532113193,4175.6208658153455
LLLLFLLGTLLGLLLGVL,16,31410.150277249995,1603.899462880589,33106.991558714704,31204.412090118592,29919.047182916685,D,105.42769621316434,99999900.0,99999900.0,99999900.0,99999900.0,99999900.0,99999900.0,0.012927854738443847,0.012308094776097461,0.012371605082843256,0.01253585153246152,0.0003409666770977077,1.214870819408281,11773.520961283595
LLLAGLLFVLLIILLSLL,14,26470.01157306724,1532.077775540636,27804.589819782,26808.425183052244,24797.019716367464,D,81.32213638514217,99999900.0,99999900.0,99999900.0,99999900.0,99999900.0,99999900.0,0.0038200371986076634,0.001579380980074696,0.002689242322067854,0.002696220166916738,0.0011203444069355039,0.26129530929791456,2532.2575470225406
LLLTLLLAVLLLLLLGFL,17,25856.983462088672,1051.4675643509786,26311.58156803186,26604.666183529724,24654.702634704438,D,78.46637869191207,99999900.0,99999900.0,99999900.0,99999900.0,99999900.0,99999900.0,0.0012555301295625399,0.0010820928772081807,0.0024202149455620674,0.0015859459841109293,0.0007276837535335166,0.15369673869101652,1489.501390395546
LLLYALLAFLLLLLLGTL,17,25091.08865946704,1030.0083949694265,24708.430509046557,26257.659678322587,24307.175791031976,D,74.85443665804199,99999900.0,99999900.0,99999900.0,99999900.0,99999900.0,99999900.0,-0.001498166789858789,0.0002351992084074368,0.0017632717738357694,0.00016676806412813908,0.001631795787566274,0.01616177841559859,156.62655971961667
LLLGLLLGLLLLTLLGFL,16,25906.65817319455,1761.4463676122757,27604.488443027927,26027.651584019484,24087.834492536243,D,78.5191712095355,99999900.0,99999900.0,99999900.0,99999900.0,99999900.0,99999900.0,0.0034763275140764906,-0.00032615164788831353,0.0013486425992901686,0.0014996061551594486,0.001905729372364991,0.14532939814983034,1408.4120616553628
LLLLYLLAFLLGLLLGTL,16,29487.506935573598,2040.5706779134705,31147.028659880318,30106.33829570909,27209.153851131374,D,95.9625469030633,99999900.0,99999900.0,99999900.0,99999900.0,99999900.0,99999900.0,0.009561270057324394,0.009628168808120851,0.007248990951484705,0.00881280993897665,0.0013547199821161496,0.8540644888885109,8276.885082411012
LLLTYLLGVLLLLLLAFL,17,25861.968628011626,1250.5171949397927,26110.295009950318,26969.691698376908,24505.919175707644,D,78.4961340261999,99999900.0,99999900.0,99999900.0,99999900.0,99999900.0,99999900.0,0.0009097846854239881,0.0019729632004901036,0.0021389639307602196,0.001673903938891437,0.0006669315825122481,0.16222089457472055,1572.1104434493673
LLLTLLLGILLIVLLAFL,15,26637.428852115103,1523.6252251463477,27579.5780897487,27453.09427589513,24879.61419070148,D,82.17112909883443,99999900.0,99999900.0,99999900.0,99999900.0,99999900.0,99999900.0,0.003433539554263068,0.0031527410324295045,0.0028453737891012128,0.003143884791931262,0.0002941828794711373,0.30467925401066,2952.698777726773
LLLYFLLAILLGVLLLLL,17,25536.065338615797,962.2547011162176,25901.290334478395,26262.238919263014,24444.666762105968,D,76.91966944171178,99999900.0,99999900.0,99999900.0,99999900.0,99999900.0,99999900.0,0.0005507820026974044,0.00024637516650092065,0.002023176170476294,0.0009401111132248729,0.0009502306662911148,0.09110777640440584,882.9410486257824
LLLAFLLGTLLGLLLIYL,14,30248.755803340853,877.253255278904,31254.571795217376,29849.88586179385,29641.809753011334,D,99.9169184030563,99999900.0,99999900.0,99999900.0,99999900.0,99999900.0,99999900.0,0.00974599450909877,0.009002278689715969,0.011847532655520425,0.010198601951445055,0.0014756380501775937,0.9883639637472692,9578.404270359822
LLLTFLLLILLGLLLGVL,17,26545.86431526337,1519.315823573731,27578.106195684373,27258.22947468534,24801.257275420397,D,81.71613659499035,99999900.0,99999900.0,99999900.0,99999900.0,99999900.0,99999900.0,0.0034310113145641762,0.002677159843200279,0.0026972527406450026,0.0029351412994698192,0.0004295535298821201,0.28444956502016,2756.649400653163
LLLIFLLGLLLGTLLGVL,14,31491.67482025545,2144.7514528352463,33518.318213590064,31711.031594085944,29245.674653090355,D,105.71523749313292,99999900.0,99999900.0,99999900.0,99999900.0,99999900.0,99999900.0,0.013634381385485499,0.013544535142380538,0.011098703453654593,0.012759206660506875,0.00143873946975297,1.2365165470020427,11983.293410729304
LLLALLLGFLLGVLLITL,14,31303.031500495603,1579.7884045831506,33127.14005711987,30405.203377425983,30376.75106694096,D,104.949125208553,99999900.0,99999900.0,99999900.0,99999900.0,99999900.0,99999900.0,0.01296246336604528,0.010357569962662802,0.013236820092149828,0.012185617806952638,0.001589067995414052,1.180929069859669,11444.58565936577
LLLAFLLGLLLGVLLITL,14,31708.15330315859,1472.8696039617864,33368.96867929797,31194.94284877609,30560.54838140171,D,106.92158676400686,99999900.0,99999900.0,99999900.0,99999900.0,99999900.0,99999900.0,0.013377847012013885,0.012284984429689038,0.013584259125752712,0.013082363522485213,0.0006982202756980556,1.267834231380516,12286.798448136004
LLLAYLLLLLLGTLLAFL,16,26812.40946340896,1766.9021967354695,28013.16477942028,27640.521699008263,24783.54191179833,D,82.97158741005283,99999900.0,99999900.0,99999900.0,99999900.0,99999900.0,99999900.0,0.004178301768003821,0.0036101707797461966,0.0026637647169770098,0.003484079088242343,0.0007651012715536255,0.33764806529940644,3272.205168509719
LLLVYLLATLLGILLILL,15,26599.44992089777,1158.9462297771256,27844.23233558517,26402.55127351061,25551.566153597527,D,82.02705045520133,99999900.0,99999900.0,99999900.0,99999900.0,99999900.0,99999900.0,0.0038881302663404047,0.0005888172898723055,0.004115590066749927,0.0028641792076542125,0.001973800492164723,0.2775725072943476,2690.0026576469845
LLLAGLLYILLGLLLIFL,14,25797.960844887264,1533.0861595088736,25412.581025893018,27486.967889490323,24494.333619278448,D,78.25363815752938,99999900.0,99999900.0,99999900.0,99999900.0,99999900.0,99999900.0,-0.0002886631076067143,0.003235411957794567,0.0021170633140873293,0.001687937388091727,0.0018008020607265388,0.1635809001463351,1585.2904901251657
LLLAYLLGLLLIFLLGTL,14,26095.18158355905,1801.6517928966643,25564.25908614552,28102.635989299702,24618.649675231925,D,79.70230712876321,99999900.0,99999900.0,99999900.0,99999900.0,99999900.0,99999900.0,-2.812907688007523e-05,0.004737993056382065,0.0023520626690481,0.002353975549516697,0.0023830616424311353,0.2281277978845739,2210.825519336851
LLLYGLLFLLLGTLLTLL,17,25426.035486043475,1151.815419329207,26070.57800952564,26111.28715792323,24096.241290681548,D,76.32955409649153,99999900.0,99999900.0,99999900.0,99999900.0,99999900.0,99999900.0,0.0008415636771134484,-0.00012203317471064507,0.0013645342886321413,0.0006946882636783149,0.000754088851575965,0.06732342816463402,652.4428606062428
LLLTLLLGLLLGFLLLIL,17,26025.502566803487,1197.3386875411984,25689.63251772327,27354.907959145126,25031.96722354207,D,79.39130753772655,99999900.0,99999900.0,99999900.0,99999900.0,99999900.0,99999900.0,0.00018722207819537977,0.002913110452683435,0.0031333725047076218,0.002077901678528812,0.0016410761274932427,0.20137300671655745,1951.5402606911368
LLLSYLLITLLGALLFLL,14,27473.06552420681,1323.429939052303,27774.56780245152,28619.730696736155,26024.89807343274,D,86.34874586341915,99999900.0,99999900.0,99999900.0,99999900.0,99999900.0,99999900.0,0.003768469047138466,0.005999998890067795,0.005010347344806153,0.004926271760670804,0.0011181381345150624,0.47741342460992375,4626.695177830369
LLLAFLLGTLLGVLLILL,14,31171.2445379768,1367.853223281379,32684.79350539912,30805.49381678189,30023.446291749377,D,104.31473867866676,99999900.0,99999900.0,99999900.0,99999900.0,99999900.0,99999900.0,0.012202654532084838,0.011334506802995598,0.012568954677358569,0.012035372004146333,0.0006339976117817292,1.1663684920564548,11303.476608727744
LLLTLLLGVLLLLLLAFL,17,26009.04423875635,1450.6483506098527,27048.58625826492,26626.768252896287,24351.77820510784,D,79.10284681064947,99999900.0,99999900.0,99999900.0,99999900.0,99999900.0,99999900.0,0.002521466694753343,0.0011360345247941933,0.0018475854086042636,0.0018350288760506,0.0006928014320653199,0.17783578790101567,1723.437046202807
LLLYTLLLILLGVLLALL,17,27059.521624306,1332.401867591156,27844.839012381144,27812.61691204223,25521.108948494624,D,84.27068647883901,99999900.0,99999900.0,99999900.0,99999900.0,99999900.0,99999900.0,0.0038891723415801624,0.004030181195004503,0.004058015656926561,0.003992456397837075,9.052285084597974e-05,0.38691578014722705,3749.667022238235
LLLVYLLLTLLIALLGFL,15,27090.061510871445,1019.3156324638488,28005.638511784924,27272.8145197128,25991.731501116607,D,84.45133146485068,99999900.0,99999900.0,99999900.0,99999900.0,99999900.0,99999900.0,0.004165374065473195,0.0027127556666432886,0.004947651315393281,0.003941927015836588,0.0011340793967769146,0.38201889128760985,3702.2104344984286
LLLSYLLGVLLGLLLLFL,17,25867.25173097356,1319.8202707592825,26846.539306142546,26388.88062221849,24366.33526455964,D,78.43251245902674,99999900.0,99999900.0,99999900.0,99999900.0,99999900.0,99999900.0,0.002174415138682261,0.0005554531083542458,0.0018751031701279937,0.0015349904723881667,0.0008614040859456434,0.14875855287095477,1441.6445867466375
LLLYLLLAILLGTLLTFL,13,25308.06856631039,1375.5978114805032,26477.082626873776,25654.86381434857,23792.25925770883,D,75.68097165700705,99999900.0,99999900.0,99999900.0,99999900.0,99999900.0,99999900.0,0.001539807617538259,-0.0012359662974787916,0.000789905523905354,0.00036458228132160714,0.0014359335299148552,0.03533229264114857,342.41129293349906
LLLSYLLGVLLGLLLGFL,13,30903.17262644774,1702.0460501978291,32702.016522314854,30689.37538323261,29318.125973795748,D,102.93199989955616,99999900.0,99999900.0,99999900.0,99999900.0,99999900.0,99999900.0,0.01223223812519553,0.011051111636829352,0.011235660932728694,0.011506336898251193,0.0006353849652877438,1.1150987948260525,10806.613201213511
LLLAGLLYILLGLLLGFL,13,26962.165607277355,933.4542632361512,27370.444675104463,27621.923065854466,25894.129080873136,D,83.88168640027168,99999900.0,99999900.0,99999900.0,99999900.0,99999900.0,99999900.0,0.0030743157391234033,0.0035647795135020782,0.004763149759066484,0.003800748337230655,0.0008687928700548608,0.3683370240034582,3569.617117837882
LLLVLLLGALLLILLTFL,17,26302.21432652636,853.8923532946696,26021.06093845281,27261.232668022607,25624.34937310365,D,80.76912380876765,99999900.0,99999900.0,99999900.0,99999900.0,99999900.0,99999900.0,0.0007565093054073127,0.0026844893467840732,0.004253174946713526,0.002564724532968304,0.0017514066802841919,0.24855184243809475,2408.758429423693
LLLAYLLGTLLGVLLILL,14,28236.727565456924,747.5698338062581,28965.94484643589,28272.17176430038,27472.066085634506,D,90.1038301873864,99999900.0,99999900.0,99999900.0,99999900.0,99999900.0,99999900.0,0.005814870898979885,0.005151756983941853,0.00774598391868962,0.006237537267203786,0.0013477716762728712,0.6044904082722163,5858.219967909212
LLLFLLLLLLLGVLLGTL,16,25119.55267640241,777.4930812689956,25092.661829609657,25910.142329134786,24355.8538704628,D,74.95915110765543,99999900.0,99999900.0,99999900.0,99999900.0,99999900.0,99999900.0,-0.0008381811959563136,-0.0006129412108907119,0.0018552897933847006,0.00013472246217922503,0.0014943049282615437,0.013056184304397086,126.52971585659702
LLLALLLGFLLGVLLLTL,16,30533.94925725976,539.0157849843407,31156.28871350063,30230.409559718773,30215.149498559866,D,101.3781115644872,99999900.0,99999900.0,99999900.0,99999900.0,99999900.0,99999900.0,0.009577175845481421,0.009930973413778556,0.012931338519082403,0.010813162592780793,0.0018429039912339444,1.0479220869415555,10155.592231944225
LLLYTLLAILLGVLLLLL,17,25972.080120450497,1180.6916479471638,27147.476093337267,25982.60115553966,24786.16311247456,D,78.95646395586425,99999900.0,99999900.0,99999900.0,99999900.0,99999900.0,99999900.0,0.0026913275651152175,-0.0004361003724332555,0.002668719672018118,0.0016413156215666933,0.0017991305367600955,0.1590627049879239,1541.5038878338753
LLLIYLLGVLLGLLLGFL,14,30569.738574791623,1391.8161365787064,32032.819762028517,30414.129607068127,29262.266355278232,D,101.36631598285442,99999900.0,99999900.0,99999900.0,99999900.0,99999900.0,99999900.0,0.011082773733203937,0.01037935505100194,0.011130067377501336,0.010864065387235737,0.00042043698069585064,1.052855163841,10203.399524169354
LLLTYLLIVLLGLLLAFL,15,27245.28754203292,1120.9333386116048,28456.72553455389,27034.29002012937,26244.847071415486,D,85.18908895393976,99999900.0,99999900.0,99999900.0,99999900.0,99999900.0,99999900.0,0.004940196212162261,0.00213061992705394,0.005426125276737618,0.0041656471386512725,0.0017790541245015516,0.4036999911489313,3912.325682640844
LLLTALLIILLGLLLGFL,15,26922.8895681426,1728.98921054758,26784.863570653877,28716.754823807205,25267.050309966708,D,83.68583615909495,99999900.0,99999900.0,99999900.0,99999900.0,99999900.0,99999900.0,0.002068476099521667,0.0062367930645411025,0.0035777589779452477,0.003961009380669339,0.0021104211033839532,0.3838681959112791,3720.132362001118
LLLAFLLGILLLLLLGTL,16,25888.651368315423,573.1272420978804,26031.206578284666,26377.04629679809,25257.701229863516,D,78.71107911671356,99999900.0,99999900.0,99999900.0,99999900.0,99999900.0,99999900.0,0.000773936245304181,0.000526570608681559,0.0035600860572844706,0.0016201976370900702,0.00168453932920804,0.1570161249818564,1521.6701308488193
LLLTVLLGLLLGLLLGFL,13,28483.05800450819,1143.123099890483,29161.522635419024,29124.384065670656,27163.26731243489,D,91.25538081391625,99999900.0,99999900.0,99999900.0,99999900.0,99999900.0,99999900.0,0.006150810517402971,0.007231640766160224,0.00716224988724847,0.006848233723603887,0.0006049819170270397,0.663674046693215,6431.778733485656
LLLTYLLLILLIALLGWL,15,25879.081049054108,539.2199175695434,26116.67630898084,26258.70040199659,25261.866436184897,D,78.65603508012367,99999900.0,99999900.0,99999900.0,99999900.0,99999900.0,99999900.0,0.0009207457008465649,0.0002377391673916582,0.0035679597047493586,0.0015754815243291939,0.0017590058145933913,0.1526826099900837,1479.6732956490712
LLLVYLLATLLGALLFLL,13,26558.94967876095,1486.7723448083595,27259.137706486912,27566.351355373212,24851.35997442272,D,81.81772499018147,99999900.0,99999900.0,99999900.0,99999900.0,99999900.0,99999900.0,0.0028831262346319946,0.003429152863670518,0.0027919637725952596,0.003034747623632591,0.0003445929027826618,0.294102584309717,2850.1984621086262
LLLTYLLGVLLGLLLAFL,13,29504.76561161525,707.3796038581092,29631.030938466232,30140.509692960164,28742.75620341937,D,96.35786675464828,99999900.0,99999900.0,99999900.0,99999900.0,99999900.0,99999900.0,0.006957274487530746,0.009711566495344997,0.010148017636250756,0.008938952873042166,0.0017300026928597095,0.8662892164448246,8395.357008669265
LLLAGLLYFLLGVLLILL,14,26606.489888064683,787.9153623692393,26411.763025804965,27473.510194102648,25934.196444286437,D,82.24672312062937,99999900.0,99999900.0,99999900.0,99999900.0,99999900.0,99999900.0,0.001427609591511402,0.0032025675100696817,0.004838890615586485,0.003156355905722523,0.001706109958527275,0.30588785098480975,2964.411497780274
LLLTFLLLVLLGLLLSIL,17,25595.477713327546,1198.0519883733382,24943.26129320972,26978.13165019709,24865.040196575806,D,77.35048681836611,99999900.0,99999900.0,99999900.0,99999900.0,99999900.0,99999900.0,-0.0010948031746142628,0.0019935614937619524,0.002817824015321253,0.0012388607781563142,0.002062605817760005,0.12006011755916286,1163.5231401684796
LLLLYLLATLLGILLSLL,16,26624.34171960701,1110.466601461004,26163.77657224181,27890.98614213137,25818.262444447853,D,82.34742958348784,99999900.0,99999900.0,99999900.0,99999900.0,99999900.0,99999900.0,0.0010016487755248554,0.00422144678742232,0.0046197361791693176,0.003280943914038831,0.0019839476697318986,0.3179618880264688,3081.4230564795976
LLLTALLFYLLGLLLIVL,15,29515.19272475544,1324.098569490859,30653.298162022536,29830.3198701626,28061.960142081185,D,96.23503408637808,99999900.0,99999900.0,99999900.0,99999900.0,99999900.0,99999900.0,0.008713200161879939,0.008954526517385876,0.00886108302392539,0.008842936567730402,0.00012168226193563287,0.8569841120242273,8305.179649733116
LLLYFLLAALLGLLLGTL,13,26324.183227131514,1222.5622234485986,27237.394530448582,26799.882368351384,24935.27278259458,D,80.68198931681466,99999900.0,99999900.0,99999900.0,99999900.0,99999900.0,99999900.0,0.0028457784647262186,0.001558531642741443,0.0029505873360769824,0.0024516324811815478,0.0007752212945961103,0.23759189821197146,2302.5437348081696
LLLYFLLLVLLGTLLTLL,17,25706.293782944344,1168.234384937932,26339.41160411617,26421.307917051483,24358.161827665383,D,77.69743123415776,99999900.0,99999900.0,99999900.0,99999900.0,99999900.0,99999900.0,0.0013033331635955608,0.0006345941915278984,0.0018596526124085501,0.0012658599891773364,0.0006133883050265819,0.122676657291749,1188.8804743767687
LLLTLLLGSLLIFLLAIL,15,26361.391374219627,1588.306835027085,27631.834840249223,26871.682038305265,24580.657244104397,D,80.78729366943644,99999900.0,99999900.0,99999900.0,99999900.0,99999900.0,99999900.0,0.003523299812390797,0.0017337637637347607,0.0022802441357147886,0.0025124359039467824,0.0009170848272029637,0.24348446193980017,2359.64957804431
LLLTALLASLLGLLLGFL,13,27635.61993494631,1528.375964381065,28772.086706912352,28236.687855582142,25898.085242344438,D,87.02778359116786,99999900.0,99999900.0,99999900.0,99999900.0,99999900.0,99999900.0,0.005481885084187986,0.0050651560205972595,0.004770628241123738,0.0051058897819696615,0.00035737375909275704,0.4948205143597326,4795.390262748238
LLLFYLLLVLLGILLALL,16,26736.72605785623,894.2939289514377,27538.13325350008,26900.000749897576,25772.04417017104,D,82.75117094533262,99999900.0,99999900.0,99999900.0,99999900.0,99999900.0,99999900.0,0.0033623506807853704,0.0018028775618804344,0.004532368022585299,0.003232532088417035,0.001369368173269368,0.31327021517840553,3035.9552522178556
LLLYALLALLLLTLLGFL,17,25591.541708989265,1869.141750463892,26231.624134482176,27056.552806333068,23486.44818615256,D,77.05926796507349,99999900.0,99999900.0,99999900.0,99999900.0,99999900.0,99999900.0,0.0011181890242334144,0.0021849538153322617,0.00021181925818212726,0.0011716540325826012,0.0009876532162117167,0.11354699686261706,1100.4033731783552
LLLYVLLATLLGLLLGFL,13,27124.20672854265,1870.8680503961868,28178.64446420811,28229.85896958432,24964.116751835503,D,84.49576145413545,99999900.0,99999900.0,99999900.0,99999900.0,99999900.0,99999900.0,0.004462542542242202,0.0050484896462505684,0.0030051121849723004,0.004172048124488357,0.0010522063093208547,0.40432032163775233,3918.337411539407
LLLTFLLGVLLLILLGLL,17,25242.37622757069,937.394636093812,25822.400052385205,25743.811076331305,24160.91755399557,D,75.46457611367909,99999900.0,99999900.0,99999900.0,99999900.0,99999900.0,99999900.0,0.00041527391969130344,-0.0010188842776896402,0.0014867942818687003,0.00029439464129012117,0.0012572052779549103,0.02853028836273307,276.4919057268235
LLLAYLLFVLLITLLGLL,14,26864.4503676984,1607.819341909891,28398.66341498828,27002.73093274188,25191.95675536505,D,83.22794644329603,99999900.0,99999900.0,99999900.0,99999900.0,99999900.0,99999900.0,0.004840464200704719,0.002053597764931531,0.003435806783936573,0.003443289583190941,0.0013934482864187314,0.3336950845787322,3233.8961560362145
LLLILLLGILLGLLLGFL,14,30695.841649330298,2110.306632655825,32646.75807983146,30984.835052265094,28455.93181589434,D,101.83732320274936,99999900.0,99999900.0,99999900.0,99999900.0,99999900.0,99999900.0,0.012137321927507425,0.011772201643312686,0.009605822619376791,0.011171782063398967,0.001368393196681529,1.0826765133957523,10492.40332479373
LLLIYLLGTLLGLLLAFL,14,27661.49608640954,1165.7388046182991,28063.49434470732,28573.03684905648,26347.957065464827,D,87.27234800245178,99999900.0,99999900.0,99999900.0,99999900.0,99999900.0,99999900.0,0.00426475174295157,0.005886039285914963,0.005621038008691339,0.005257276345852625,0.0008697041075880113,0.5094916452705968,4937.570702466862
LLLYFLLATLLIVLLGLL,15,25316.352570760493,1056.763237080882,25955.11293230121,25897.38198547373,24096.56279450653,D,75.80573566198811,99999900.0,99999900.0,99999900.0,99999900.0,99999900.0,99999900.0,0.0006432318819456811,-0.000644083722907363,0.001365142039504779,0.0004547633995143657,0.0010177854969184988,0.044071899094710244,427.1083143209207
LLLLFLLGTLLGLLLAVL,16,30893.82159136463,1799.680520037675,32705.8365620019,30868.89371870474,29106.73449338725,D,102.86441575876157,99999900.0,99999900.0,99999900.0,99999900.0,99999900.0,99999900.0,0.01223879972240705,0.011489238702067632,0.010836059600791407,0.01152136600842203,0.0007019217086383353,1.116555291605784,10820.728360695704
LLLTFLLLILLGLLLGYL,17,25308.68549362211,1287.0877343699256,25483.711241660643,26499.303804813568,23943.04143439212,D,75.80081244421666,99999900.0,99999900.0,99999900.0,99999900.0,99999900.0,99999900.0,-0.00016648431794165353,0.0008249486158600117,0.0010749347905466187,0.0005777996961549922,0.0006565761891155304,0.05599555710307914,542.6625240805097
LLLLYLLGTLLGFLLGLL,16,29872.932271622096,714.9244471050401,30459.5488291014,30082.64260678932,29076.605378975568,D,98.10520514391231,99999900.0,99999900.0,99999900.0,99999900.0,99999900.0,99999900.0,0.008380401241769093,0.0095703378204509,0.010779105393243721,0.009576614818487905,0.0011993643950458388,0.9280861265440804,8994.241437180372
LLLTALLGVLLGLLLSFL,13,30428.24867885532,690.9872541060126,31147.8111600631,30367.02356708745,29769.911309415416,D,100.817438258465,99999900.0,99999900.0,99999900.0,99999900.0,99999900.0,99999900.0,0.0095626141404853,0.010264389462682214,0.012089687885539113,0.010638897162902209,0.0013044989234867648,1.0310337259839526,9991.924236500145
LLLGYLLALLLGSLLLFL,16,27553.0580089548,1004.3081603659222,28712.658005057805,26984.693383919308,26961.82263788729,D,86.73898313789397,99999900.0,99999900.0,99999900.0,99999900.0,99999900.0,99999900.0,0.005379805724725968,0.0020095758642775284,0.006781451379639086,0.004723610989547528,0.002452680703105015,0.4577732225511407,4436.35861946645
LLLYFLLIILLGVLLGLL,15,25487.458938483724,1124.5465042271362,25457.323057175563,26626.77049671489,24378.28326156072,D,76.7208869056295,99999900.0,99999900.0,99999900.0,99999900.0,99999900.0,99999900.0,-0.00021181071554992375,0.0011360400009905753,0.0018976889219586158,0.0009406394024664226,0.001068238374891046,0.09115897381864643,883.4372115264756
LLLALLLGTLLGYLLLFL,16,29274.388414704565,1673.4048662215991,30944.47335069903,29281.0086322396,27597.683261175054,D,94.98202176154145,99999900.0,99999900.0,99999900.0,99999900.0,99999900.0,99999900.0,0.009213345307639243,0.007613893985668945,0.00798344282934771,0.008270227374218633,0.0008374038238632246,0.8014818842415664,7767.298064499741
LLLFYLLGVLLLILLALL,16,25544.800106090115,976.4151415747348,25867.72595638307,26318.84543858001,24447.82892330727,D,76.96607705162074,99999900.0,99999900.0,99999900.0,99999900.0,99999900.0,99999900.0,0.0004931292169256821,0.00038452733973984776,0.0020291537237125843,0.0009689367601260381,0.0009197791035567065,0.09390131916295796,910.0137494418864
LLLTVLLLALLGLLLGFL,17,26529.13396628643,1248.44526267757,27457.97245843636,27019.47116325207,25109.95827717086,D,81.67814114809967,99999900.0,99999900.0,99999900.0,99999900.0,99999900.0,99999900.0,0.003224660265906412,0.002094453469422955,0.003280801951008068,0.002866638562112478,0.0006693208014326607,0.2778108475425702,2692.3124537697795
LLLAVLLGLLLGLLLIFL,14,27468.246082164154,1335.4000025407606,28768.405247113995,27536.137791687437,26100.195207691035,D,86.23135722379156,99999900.0,99999900.0,99999900.0,99999900.0,99999900.0,99999900.0,0.0054755615225692035,0.003355414546338061,0.0051526843731600405,0.004661220147355768,0.0011423259666748188,0.4517268192907957,4377.761891000523
LLLGYLLATLLLILLSLL,16,26187.41743556145,983.501729218478,26763.853154279102,26746.587945261104,25051.81120714415,D,80.07432192547462,99999900.0,99999900.0,99999900.0,99999900.0,99999900.0,99999900.0,0.0020323869745931676,0.0014284628722133405,0.0031708843394467018,0.002210578062084403,0.000884772394525788,0.2142309020409334,2076.1483241173896
LLLVFLLGTLLGLLLLIL,17,27251.855499388133,992.2705915947768,28157.10545879054,27407.500862704987,26190.960176668872,D,85.24628267401775,99999900.0,99999900.0,99999900.0,99999900.0,99999900.0,99999900.0,0.004425545471670879,0.0030414671156863554,0.005324260836065269,0.004263757807807501,0.0011499644466609075,0.4132080639529108,4004.4700429059026
LLLAYLLFTLLGSLLLLL,16,26506.512366579,626.5938196855897,26814.321666535623,26919.670227275958,25785.54520592542,D,81.70221485737726,99999900.0,99999900.0,99999900.0,99999900.0,99999900.0,99999900.0,0.002119075615660168,0.0018508822984211156,0.004557889542466599,0.002842615818849294,0.001491510936618268,0.2754827623927895,2669.750582274713
LLLAVLLGILLGLLLIFL,14,27751.720355224465,1538.224950686748,29404.38276448247,27489.008010894144,26361.770290296776,D,87.5774009355295,99999900.0,99999900.0,99999900.0,99999900.0,99999900.0,99999900.0,0.0065679659598074855,0.003240391016903126,0.005647149671425,0.005151835549378537,0.001718194054752033,0.49927319728724034,4838.541974801454
LLLSYLLITLLGALLGLL,14,27223.866842717038,1148.6442760186144,27944.12617545638,27828.259619337536,25899.21473335719,D,85.101643197553,99999900.0,99999900.0,99999900.0,99999900.0,99999900.0,99999900.0,0.0040597156934158935,0.004068358317255824,0.004772763360818411,0.004300279123830043,0.00040920616978311786,0.4167474071724186,4038.7704235869933
LLLLYLLGVLLGLLLGFL,16,29238.262162575156,1095.995602557392,29894.075171705816,29847.71275838106,27972.99855763858,D,94.95111500246902,99999900.0,99999900.0,99999900.0,99999900.0,99999900.0,99999900.0,0.00740909971677761,0.00899697507870487,0.008692915567196197,0.008366330120892891,0.0008428111185531152,0.8107953658424941,7857.556608123711
LLLYLLLAILLLVLLATL,17,25037.441390569154,1048.4897370170468,24869.688192286,26159.694066563145,24082.94191285832,D,74.55313798372474,99999900.0,99999900.0,99999900.0,99999900.0,99999900.0,99999900.0,-0.0012211780537813928,-3.89272535829651e-06,0.0013393939703854987,3.810773041526976e-05,0.0012808026005011169,0.0036930853524792854,35.79032199522423
LLLAYLLLVLLGFLLGLL,16,28133.737514512097,1054.9215807015944,29220.09031356481,28067.77986820348,27113.342361768,D,89.53837735975748,99999900.0,99999900.0,99999900.0,99999900.0,99999900.0,99999900.0,0.006251410915589899,0.004652924252678454,0.0070678748597173624,0.005990736675995238,0.0012283972903749786,0.5805725407308239,5626.427821494053
LLLTALLLSLLGLLLGFL,17,27550.098835186596,1958.7371786809645,26832.425056747423,29766.45008396109,26051.421364851267,D,86.82388554009019,99999900.0,99999900.0,99999900.0,99999900.0,99999900.0,99999900.0,0.0021501714064017267,0.00879864783283664,0.005060485328407584,0.005336434855881984,0.0033328172473899905,0.517163031908631,5011.915422861906
LLLYFLLITLLGLLLAVL,15,25943.677180074188,980.7709112791944,25707.575048829927,27020.94845926975,25102.50803212289,D,78.99705703036803,99999900.0,99999900.0,99999900.0,99999900.0,99999900.0,99999900.0,0.0002180415648295965,0.0020980589137749917,0.0032667184702609964,0.0018609396496218616,0.001538108213846505,0.18034684529815445,1747.7721330514644
LLLYFLLLILLGLLLATL,17,25138.31158783399,1010.9428021035284,25729.296492181773,25714.63217826138,23971.006093058808,D,74.94653814658044,99999900.0,99999900.0,99999900.0,99999900.0,99999900.0,99999900.0,0.0002553520049831408,-0.0010900974211529018,0.0011277974453176925,9.768400971597716e-05,0.0011173221591053444,0.009466724507659603,91.74364685120507
LLLLFLLLILLGTLLGVL,16,25080.05102913591,555.65955248017,24924.2875375875,25696.969730311084,24618.89581950914,D,74.81022809039472,99999900.0,99999900.0,99999900.0,99999900.0,99999900.0,99999900.0,-0.0011273939726640936,-0.0011332038618684737,0.0023525279649097577,3.064337679239681e-05,0.002010813136297313,0.0029697020722377547,28.779890863860036
LLLYVLLTILLLALLSLL,17,25977.17214598676,1509.1265197321402,27031.570271354343,26651.491413364914,24248.45475324103,D,78.93841280742784,99999900.0,99999900.0,99999900.0,99999900.0,99999900.0,99999900.0,0.002492238712478093,0.001196373128709204,0.0016522691692432965,0.0017802936701435312,0.000657350444909134,0.17253130545093162,1672.0303992432202
LLLTALLFLLLLLLLGVL,17,26626.838666506846,1271.8057133845955,25892.57481591948,28095.393408382864,25892.5477752182,D,82.39489183856178,99999900.0,99999900.0,99999900.0,99999900.0,99999900.0,99999900.0,0.0005358115503047068,0.004720317030624029,0.004760160557019691,0.0033387630459828094,0.002427508947870634,0.32356523902503187,3135.726089675459
LLLAVLLGLLLGFLLITL,14,28312.900098214075,1337.9817705612852,29626.29628370512,28360.785615345685,26951.61839559142,D,90.35536990220872,99999900.0,99999900.0,99999900.0,99999900.0,99999900.0,99999900.0,0.006949141876347836,0.005368025290997147,0.006762161913455489,0.0063597763602668235,0.000863954868137779,0.6163368079179576,5973.025453658562
LLLVYLLFTLLLALLGLL,17,26869.00164332449,1424.3069279850622,28106.1518158962,27188.906611693816,25311.946502383456,D,83.29227236081475,99999900.0,99999900.0,99999900.0,99999900.0,99999900.0,99999900.0,0.00433802353249676,0.0025079725429921207,0.003662627953052365,0.003502874676180415,0.000925425571372556,0.33946957788357013,3289.8577586026627
LLLTALLLVLLGLLLGFL,17,27782.24586787944,1872.734322913159,27012.732887188064,29917.151258641203,26416.85345780904,D,87.9763913358344,99999900.0,99999900.0,99999900.0,99999900.0,99999900.0,99999900.0,0.002459882156645187,0.00916644459976249,0.005751275471872068,0.005792534076093248,0.0033534715825804455,0.561364387672513,5440.278323912314
LLLALLLGTLLLILLSFL,16,26154.25197663654,1604.9603456367438,27336.55030687737,26799.033919951675,24327.171703080578,D,79.78005990371355,99999900.0,99999900.0,99999900.0,99999900.0,99999900.0,99999900.0,0.0030160961366414276,0.001556460945024728,0.0018010708046788352,0.0021245426287816636,0.0007817347624947916,0.2058930610028526,1995.3448801088257
LLLIYLLGTLLGLLLGFL,14,28713.88406645926,646.8137895349535,29354.6075340975,28725.897357041475,28061.147308238804,D,92.4543529213986,99999900.0,99999900.0,99999900.0,99999900.0,99999900.0,99999900.0,0.006482468153592435,0.006259106056939564,0.008859546493288338,0.007200373567940112,0.001441219536958799,0.6978005214785342,6762.504239276773
LLLYILLATLLLVLLSLL,17,25773.59939110852,1463.9496531924449,26463.198273519854,26765.395858588432,24092.204041217257,D,77.98639496672591,99999900.0,99999900.0,99999900.0,99999900.0,99999900.0,99999900.0,0.0015159587725747335,0.0014743649013720128,0.001356902522866671,0.0014490753989378057,8.24887376726405e-05,0.1404323761120898,1360.9541832635782
LLLLFLLGVLLGLLLGYL,16,32006.157717506063,2126.2078804567727,33906.59936486695,32402.042799632687,29709.83098801855,D,108.23536396312768,99999900.0,99999900.0,99999900.0,99999900.0,99999900.0,99999900.0,0.014301323283535493,0.015230996365055826,0.011976115775598763,0.013836145141396694,0.00167656044950633,1.3408844977027174,12994.741077123252
LLLFYLLLTLLLALLGIL,16,27619.56859152422,945.063319679532,28049.004301533543,28273.6622272529,26536.039245786214,D,87.08822524742506,99999900.0,99999900.0,99999900.0,99999900.0,99999900.0,99999900.0,0.004239862518055217,0.005155394563120136,0.005976576886723974,0.005123944655966443,0.0008687842206670833,0.49657024308856956,4812.347183217819
LLLAGLLYILLGLLLLFL,16,25544.925323272822,973.878291953362,25304.42731737752,26616.520456400383,24713.82819604057,D,77.05131790204088,99999900.0,99999900.0,99999900.0,99999900.0,99999900.0,99999900.0,-0.000474436327350353,0.0011110240600296826,0.0025319822363526,0.0010561899896773099,0.0015039591837872424,0.10235717891899307,991.9609330377879
LLLVLLLGILLGFLLITL,15,27334.453246618472,1097.6882373825638,27935.97221010447,27999.898023256217,26067.489506494727,D,85.65967081132054,99999900.0,99999900.0,99999900.0,99999900.0,99999900.0,99999900.0,0.004045709808477749,0.004487253857888491,0.005090859545902423,0.004541274404089555,0.0005246648053458628,0.44010267209752196,4265.110291792869
LLLTALLLFLLGLLLGVL,17,29098.99943871166,1137.9334423488626,29821.5812793854,29688.12902102735,27787.28801572223,D,94.2595067001812,99999900.0,99999900.0,99999900.0,99999900.0,99999900.0,99999900.0,0.007284578570226426,0.008607499795733609,0.008341859887179375,0.008077979417713136,0.0006998248486933344,0.7828508058625182,7586.741096365565
LLLTLLLGVLLLLLLGFL,17,25820.367588790737,1280.1324183148504,26069.559386476725,26957.58252933499,24433.9608505605,D,78.28980494899557,99999900.0,99999900.0,99999900.0,99999900.0,99999900.0,99999900.0,0.0008398140109568309,0.0019434099257181646,0.002002938379885562,0.001595387438853519,0.0006550223758937965,0.154611726223362,1498.368691115329
LLLVFLLLTLLGLLLAIL,17,27230.55281125401,1458.7680834466637,28095.28335375795,28050.06019244249,25546.31488756159,D,85.08291595696123,99999900.0,99999900.0,99999900.0,99999900.0,99999900.0,99999900.0,0.0043193550168,0.004609678143484538,0.004105663399420375,0.004344898853234971,0.0002529764440484102,0.42107158148826557,4080.6767366982626
LLLLTLLGALLGFLLALL,16,30829.270097108365,1368.6489200431845,32409.3253800806,30011.514430105988,30066.970481138516,D,102.6772485554777,99999900.0,99999900.0,99999900.0,99999900.0,99999900.0,99999900.0,0.011729489059725363,0.00939674452579351,0.012651230103112632,0.011259154562877169,0.0016774474648818748,1.0911439318044636,10574.462525270268
LLLTGLLLLLLLALLGYL,17,25332.64416363439,1817.5677987759784,26296.727774844818,26465.05576277456,23236.1489532838,D,75.76277968279085,99999900.0,99999900.0,99999900.0,99999900.0,99999900.0,99999900.0,0.0012300160993583204,0.0007413638716652444,-0.00026133087371513154,0.0005700163657694778,0.0007602952876063101,0.05524126123903753,535.3525138107522
LLLAGLLYLLLLTLLSFL,16,26647.996868300303,1032.9493505363355,27686.56319450201,26636.669756776115,25620.757653622783,D,82.28728574895189,99999900.0,99999900.0,99999900.0,99999900.0,99999900.0,99999900.0,0.0036173054893145224,0.0011601998381863062,0.00424638538317139,0.003007963570224073,0.0016308306120775828,0.29150689586946854,2825.0432013417976
LLLVFLLGTLLLILLALL,17,25704.81796972425,668.1677252966934,25844.46427793963,26292.126682580503,24977.86294865261,D,77.80389094358863,99999900.0,99999900.0,99999900.0,99999900.0,99999900.0,99999900.0,0.0004531731492106334,0.0003193183452263086,0.003031097142107629,0.0012678628788481904,0.0015284716475899912,0.12287076075646489,1190.7615642621965
LLLAFLLGVLLGILLLLL,16,31330.334647380445,798.7114673515057,31942.364532315827,31621.818301595864,30426.821108229648,D,105.208586208366,99999900.0,99999900.0,99999900.0,99999900.0,99999900.0,99999900.0,0.010927400796879995,0.013326803856514248,0.013331469389985532,0.012528558014459923,0.0013866447880971073,1.2141639921003773,11766.670976912694
LLLALLLLTLLGILLSFL,16,25348.911645271684,1005.0195937514136,26176.35069272038,25639.87137545805,24230.51286763663,D,75.95578225492626,99999900.0,99999900.0,99999900.0,99999900.0,99999900.0,99999900.0,0.0010232470626183915,-0.0012725563941649745,0.0016183529424817938,0.0004563478703117369,0.0015265550166490291,0.04422545287053044,428.59643023367585
LLLTFLLAVLLGLLLLYL,17,26179.680519957685,700.1866071968414,25848.99360064121,26983.965217870707,25706.082741361137,D,80.19661955211961,99999900.0,99999900.0,99999900.0,99999900.0,99999900.0,99999900.0,0.0004609530660815349,0.002007798724059286,0.004407678632275015,0.002292143474138612,0.0019886678019177986,0.22213554567212782,2152.7535779407326
LLLYLLLALLLLTLLAFL,17,25676.89637793131,1187.0420795818588,26769.89154029013,25846.7018610991,24414.0957324047,D,77.5155890761277,99999900.0,99999900.0,99999900.0,99999900.0,99999900.0,99999900.0,0.0020427589759486517,-0.0007677721144010277,0.0019653865936981123,0.0010801244850819122,0.0016007929295100102,0.10467671181781668,1014.4399232056379
LLLIYLLGLLLGFLLATL,14,30455.640553875943,1609.7459803255756,31470.80240765577,31296.527991148527,28599.59126282353,D,100.7990341357481,99999900.0,99999900.0,99999900.0,99999900.0,99999900.0,99999900.0,0.010117409023045486,0.012532910081307833,0.009877387519851233,0.010842568874734851,0.0014687895106099654,1.0507719000364832,10183.210258217352
LLLAYLLGTLLGFLLGLL,13,31420.99280232683,1094.089527996886,32677.29781562532,30908.18837950764,30677.492211847533,D,105.60177710936983,99999900.0,99999900.0,99999900.0,99999900.0,99999900.0,99999900.0,0.012189779352466942,0.011585140072653703,0.013805322483262177,0.012526747302794274,0.00114780792546256,1.2139885129349401,11764.97037829798
LLLYVLLLILLGFLLALL,17,26247.626496168134,1454.6849465666992,27273.663686340074,26886.3648446496,24582.85095751472,D,80.26852369757135,99999900.0,99999900.0,99999900.0,99999900.0,99999900.0,99999900.0,0.0029080771871632847,0.0017695981805155713,0.0022843909953657094,0.002320688787681522,0.0005701067965211803,0.22490192084531335,2179.562993038988
LLLYGLLFVLLGLLLITL,15,26214.411087098066,918.0481443407284,26780.646796883168,26707.40226839216,25155.184196018858,D,80.21495939940134,99999900.0,99999900.0,99999900.0,99999900.0,99999900.0,99999900.0,0.0020612330409981307,0.0013328274845477114,0.0033662942204922704,0.002253451582012704,0.0010302707009231036,0.21838584820883722,2116.414618293956
LLLYFLLGLLLGVLLITL,15,28604.57068746325,644.2710114930543,29080.17876259781,28862.178453752495,27871.35484603944,D,91.92921676945824,99999900.0,99999900.0,99999900.0,99999900.0,99999900.0,99999900.0,0.006011087956171997,0.006591709614077174,0.00850077460456338,0.007034524058270849,0.0013025737506124153,0.6817277617470863,6606.7403748553315
LLLTLLLGLLLLVLLAIL,17,26947.15528281562,1416.7303821778592,28187.99733411134,27249.966746082657,25403.501768252863,D,83.67490550511012,99999900.0,99999900.0,99999900.0,99999900.0,99999900.0,99999900.0,0.0044786077588641286,0.002656994075597581,0.003835698344141865,0.003657100059534525,0.0009238463688376401,0.35441582364627605,3434.7043834194665
LLLAVLLYTLLLLLLGFL,16,26139.891386904183,869.4943670327292,27142.27739109569,25688.066170381506,25589.330599235363,D,79.85830738768435,99999900.0,99999900.0,99999900.0,99999900.0,99999900.0,99999900.0,0.002682397869895677,-0.0011549336231870605,0.004186977630466266,0.001904813959058294,0.0027545383486660487,0.18459877968952682,1788.9783566952322
LLLIFLLGLLLGVLLGTL,14,31906.89435674278,2165.301923308537,34160.35158552963,31718.238398173457,29842.09308652526,D,107.73815113196756,99999900.0,99999900.0,99999900.0,99999900.0,99999900.0,99999900.0,0.014737187829436376,0.013562123852281982,0.012226135836132744,0.013508482505950367,0.0012563851216071198,1.3091301511086022,12687.00427147689
LLLLFLLGLLLGVLLGTL,16,31443.2701294066,1898.502944684168,33138.46530680027,31799.436809111325,29391.908272308185,D,105.53254289662702,99999900.0,99999900.0,99999900.0,99999900.0,99999900.0,99999900.0,0.012981916495544098,0.013760294258623249,0.011375134409625632,0.012705781721264327,0.0012163201414481669,1.2313390447361325,11933.117350459392
LLLAYLLGVLLGFLLLLL,16,29172.633235382746,640.9486011682583,29885.728477551056,28987.656273320543,28644.51495527662,D,94.69984791274256,99999900.0,99999900.0,99999900.0,99999900.0,99999900.0,99999900.0,0.007394762785861156,0.006897947017043638,0.009962308479319917,0.008085006094074905,0.00164465943625767,0.7835317730905709,7593.34046627827
LLLLYLLGILLGLLLAFL,17,25864.477034395397,939.67543292319,25863.85578545006,26804.46293776854,24925.11237996758,D,78.57624691933025,99999900.0,99999900.0,99999900.0,99999900.0,99999900.0,99999900.0,0.0004864815103879051,0.0015697108430753892,0.0029313807416819658,0.00166252436504842,0.0012250893131487805,0.1611180806044542,1561.4228845847538
LLLAFLLGVLLGLLLIYL,14,31197.49567963451,1315.6762529751074,32255.81619595296,31612.248694078877,29724.4221488717,D,104.4563068683034,99999900.0,99999900.0,99999900.0,99999900.0,99999900.0,99999900.0,0.011465809748243187,0.013303448559430676,0.01200369800029468,0.012257652102656181,0.0009447743723637508,1.1879100366986788,11512.239403365596
LLLSYLLALLLGTLLLFL,17,25557.67382078096,1467.641227817468,26150.523024855134,26636.15581175702,23886.34262573072,D,76.94287950164933,99999900.0,99999900.0,99999900.0,99999900.0,99999900.0,99999900.0,0.0009788834519419375,0.0011589455193875187,0.000967754882365977,0.0010351946178984777,0.00010731577460799734,0.10032248151924468,972.2423324235475
LLLFVLLTLLLLLLLGAL,16,25609.392353338677,1332.7401044453875,26863.91720674027,25754.02482242705,24210.2350308487,D,77.15556222526622,99999900.0,99999900.0,99999900.0,99999900.0,99999900.0,99999900.0,0.0022042647720488433,-0.0009939569153104772,0.00158002097861265,0.000930109611783672,0.001695271093047955,0.0901385137883226,873.5477587836552
LLLLFLLGLLLGTLLGVL,16,30881.99910263493,1398.4872714705514,32039.81999811335,31277.950044509817,29328.227265281635,D,102.8972692146345,99999900.0,99999900.0,99999900.0,99999900.0,99999900.0,99999900.0,0.011094797883039343,0.012487569301951981,0.011254755787092018,0.01161237432402778,0.000762149145381032,1.125375063175878,10906.202275942771
LLLLLLLGVLLGLLLGFL,16,29441.059035310485,1488.01081264684,30714.173339508096,29803.782201685677,27805.221564737687,D,95.84063212874644,99999900.0,99999900.0,99999900.0,99999900.0,99999900.0,99999900.0,0.00881776410036326,0.00888975947964858,0.008375760354970651,0.008694427978327498,0.00027831209871569487,0.8425918905441084,8165.7021690260335
LLLAVLLYTLLILLLGFL,14,26543.625262170604,514.094566308983,26417.76673846185,27108.96167675652,26104.14737129344,D,81.95641223183564,99999900.0,99999900.0,99999900.0,99999900.0,99999900.0,99999900.0,0.0014379220352176247,0.0023128613325821947,0.005160155297894106,0.0029703128885646417,0.0019462623221939035,0.2878581038938753,2789.682134040062
LLLTLLLGILLILLLAFL,15,26487.97086313191,974.0014017054604,27068.20871808492,27032.221011235182,25363.48286007563,D,81.54274998047747,99999900.0,99999900.0,99999900.0,99999900.0,99999900.0,99999900.0,0.002555171757576306,0.002125570366002816,0.003760049084392155,0.002813597069323759,0.0008473298658319203,0.2726705057285334,2642.4965217966983
LLLTFLLGLLLGVLLLIL,17,30479.962998348656,1268.261112501752,31904.85736908804,30060.33533702168,29474.69628893625,D,100.9625936995219,99999900.0,99999900.0,99999900.0,99999900.0,99999900.0,99999900.0,0.010862975576775059,0.009515895366920619,0.01153163173699707,0.010636834226897582,0.0010267196360280405,1.0308338033262983,9989.986751820354
LLLLGLLYVLLGTLLLFL,16,26620.85687458229,1187.5244431694575,26838.858807796296,27684.276767121497,25339.43504882907,D,82.21268936687653,99999900.0,99999900.0,99999900.0,99999900.0,99999900.0,99999900.0,0.002161222517489673,0.003716958086632342,0.0037145905948365097,0.003197590399652842,0.0008975216942441444,0.3098839563390645,3003.138438455935
LLLLFLLAILLGTLLGVL,13,27438.01541429255,1443.9959629012865,29037.24369781663,27047.028258616458,26229.774286444564,D,86.06945718576695,99999900.0,99999900.0,99999900.0,99999900.0,99999900.0,99999900.0,0.005937339350287081,0.0021617084898460075,0.005397632619707422,0.004498893486613504,0.0020419711360826227,0.43599546487605173,4225.306643913775
LLLALLLLLLLGTLLGFL,16,25904.278551274558,1515.249085086471,27135.34296699432,26365.472907179494,24212.01977964985,D,78.56811989836375,99999900.0,99999900.0,99999900.0,99999900.0,99999900.0,99999900.0,0.002670486763840591,0.0004983249411004795,0.0015833947569538346,0.001584068820631635,0.0010860810682512573,0.1535148195666277,1487.738381036828
LLLYVLLTILLGLLLLAL,17,26098.454708191744,1080.9110199809284,26909.308310600867,26514.767500600225,24871.288313374145,D,79.60662277471486,99999900.0,99999900.0,99999900.0,99999900.0,99999900.0,99999900.0,0.0022822320616373718,0.0008626888479924413,0.0028296350674501805,0.0019915186590266647,0.0010151872090422014,0.19300148050521207,1870.4103679053212
LLLLLLLGILLGFLLGTL,16,29740.417353607256,1669.235644137387,31173.266536982148,30140.4850587742,27907.500465065423,D,97.2660935216749,99999900.0,99999900.0,99999900.0,99999900.0,99999900.0,99999900.0,0.00960633827528334,0.009711506373889591,0.008569102038945163,0.009295648896039364,0.0006314014839277859,0.9008572382992754,8730.361622650951
LLLVFLLATLLILLLSIL,15,25704.077606660063,1268.443198810807,25457.67941386193,27077.64228821763,24576.91111790064,D,77.79895390038905,99999900.0,99999900.0,99999900.0,99999900.0,99999900.0,99999900.0,-0.00021119860959523942,0.002236424172280362,0.002273162691288864,0.0014327960846579953,0.0014238596650457955,0.13885471991320256,1345.664847121366
LLLSYLLFALLGLLLLTL,17,26197.27517232573,1131.6715156536536,26835.35519730573,26865.81848828604,24890.65183138543,D,80.09874721101491,99999900.0,99999900.0,99999900.0,99999900.0,99999900.0,99999900.0,0.0021552044436714563,0.0017194533594240005,0.002866238659862457,0.0022469654876526375,0.000578873214287738,0.2177572697074431,2110.3229564944077
LLLSYLLGLLLLFLLATL,17,26258.36373456777,1351.0460659290184,26451.27146641485,27502.587095834835,24821.232641453626,D,80.42924319148135,99999900.0,99999900.0,99999900.0,99999900.0,99999900.0,99999900.0,0.0014954723612665153,0.0032735317243302513,0.002735012932576048,0.0025013390060576045,0.0009117710253103927,0.24240904257984638,2349.2275050351377
LLLILLLGVLLGFLLGTL,14,31552.93720811724,641.268257197342,31436.64925134919,32244.392177264846,30977.77019573768,D,106.40345037602158,99999900.0,99999900.0,99999900.0,99999900.0,99999900.0,99999900.0,0.01005874490603491,0.014846238984538927,0.014372949343540893,0.013092644411371576,0.00263806945083532,1.2688305699119098,12296.454135305783
LLLAFLLGILLGLLLGTL,13,32235.728400754924,1266.075817494715,33656.16990921162,31825.019610285726,31225.995682767425,D,109.5364741709762,99999900.0,99999900.0,99999900.0,99999900.0,99999900.0,99999900.0,0.013871166177188374,0.013822730875861465,0.014842179395036759,0.014178692149362198,0.000575106936563338,1.3740813143031125,13316.457106390464
LLLAALLLLLLGFLLGTL,16,28923.784573287907,1878.8151630011123,27605.365511159856,31075.064745838437,28090.92346286543,D,93.66113738055589,99999900.0,99999900.0,99999900.0,99999900.0,99999900.0,99999900.0,0.0034778340345004268,0.011992413527177748,0.008915833487569174,0.00812869368308245,0.004311520356920033,0.7877656120857226,7634.371324341349
LLLYFLLAVLLGLLLATL,13,26452.858639657337,1176.728281214881,27541.09248627733,26613.369113709883,25204.114318984797,D,81.3067418457212,99999900.0,99999900.0,99999900.0,99999900.0,99999900.0,99999900.0,0.003367433689112562,0.0011033329875778475,0.003458788687493782,0.0026431851213947304,0.0013343331216182914,0.2561555922995253,2482.4476702447982
LLLLFLLGLLLGTLLGIL,16,30374.224954016143,1391.1657645919388,30941.38035003261,31392.22063163824,28789.073880377586,D,100.47481073786008,99999900.0,99999900.0,99999900.0,99999900.0,99999900.0,99999900.0,0.009208032529183868,0.012766454669566166,0.010235573697493042,0.01073668696541436,0.0018313732314183856,1.0405107030524887,10083.7672426729
LLLGLLLLLLLGTLLGFL,16,25569.878537531204,1290.546035957369,26173.332597339704,26448.14789287597,24088.15512237793,D,77.02070413865567,99999900.0,99999900.0,99999900.0,99999900.0,99999900.0,99999900.0,0.0010180629473064183,0.0007000990315105264,0.0013492486980390386,0.001022470225618661,0.0003245972742724603,0.09908933889343872,960.2917362603686
LLLAVLLGFLLLILLSLL,16,26122.544963945253,1354.2403040494694,26591.99068127828,27179.59698503537,24596.047225522107,D,79.7286540393656,99999900.0,99999900.0,99999900.0,99999900.0,99999900.0,99999900.0,0.0017371826269966027,0.0024852517473942654,0.0023093364012172707,0.002177256925202713,0.000391133728041118,0.21100169365710325,2044.853513189348
LLLTFLLGILLLLLLGVL,17,25335.318228161264,1041.516298536884,25189.192954899638,26442.180532766317,24374.58119681785,D,76.00490716783354,99999900.0,99999900.0,99999900.0,99999900.0,99999900.0,99999900.0,-0.0006723718289291406,0.0006855352714066517,0.0018906907685831355,0.0006346180703535489,0.0012822897062340886,0.0615019229563522,596.0256576403252
LLLATLLGILLLLLLGFL,16,25706.71865562587,1667.196630600659,26900.2416095714,26418.07484304345,23801.839514262763,D,77.58556352037591,99999900.0,99999900.0,99999900.0,99999900.0,99999900.0,99999900.0,0.0022666583909254174,0.0006267036480738716,0.00080801544617779,0.0012337924950590264,0.0008990703316013887,0.11956894157295635,1158.7630696516007
LLLALLLLFLLGILLGTL,16,26708.659700265805,1728.6881275586566,28266.170040267243,27011.10007129997,24848.708989230206,D,82.44570843622326,99999900.0,99999900.0,99999900.0,99999900.0,99999900.0,99999900.0,0.004612883277641871,0.0020740232334798265,0.002786952514753516,0.0031579530086250714,0.001309459279932113,0.30604262895955475,2965.9114776142555
LLLYILLITLLGVLLSLL,15,26476.82302159732,1139.1717078696893,27607.88165744757,26492.87942539528,25329.707981949105,D,81.42974145256488,99999900.0,99999900.0,99999900.0,99999900.0,99999900.0,99999900.0,0.003482155963018928,0.0008092694681389226,0.0036962031514373448,0.002662542860865065,0.0016085461606237658,0.258031583950457,2500.628226294531
LLLYGLLFVLLLLLLATL,17,25892.411239005825,1327.028232484544,26268.408221774796,26990.87053220758,24417.954963035107,D,78.61969391299233,99999900.0,99999900.0,99999900.0,99999900.0,99999900.0,99999900.0,0.0011813722328859585,0.0020246516271179354,0.0019726818437109466,0.0017262352345716134,0.00047258013347078917,0.1672924099719031,1621.2593668413074
LLLYTLLILLLGILLAFL,15,25610.1512557726,1339.5101029559105,26715.555091710383,25994.38534711357,24120.513328493853,D,77.16528664373756,99999900.0,99999900.0,99999900.0,99999900.0,99999900.0,99999900.0,0.0019494264666834005,-0.00040734022792264865,0.0014104166421682741,0.000984167626976342,0.0012348495780519786,0.095377368527679,924.3183963704354
LLLTALLALLLLVLLSFL,17,26615.55010560956,1845.1917896032944,28194.686865082906,27064.722240096668,24587.24121164909,D,81.97167481449193,99999900.0,99999900.0,99999900.0,99999900.0,99999900.0,99999900.0,0.004490098217436656,0.002204891890348896,0.0022926900592458903,0.002995893389010481,0.0012947637551246514,0.29033715395737014,2813.7070323422895
LLLTVLLLLLLGYLLGFL,17,26541.852032809864,977.6262707310576,27231.82717584431,26970.6240180798,25423.10490450548,D,81.7952413684091,99999900.0,99999900.0,99999900.0,99999900.0,99999900.0,99999900.0,0.0028362155435422286,0.0019752385919938084,0.003872754896002686,0.002894736343846241,0.000950110806193701,0.280533851642456,2718.7015523763966
LLLFYLLLTLLIALLGIL,14,27562.85170410017,1471.846640611277,28647.48829225125,28153.672914768715,25887.393905280536,D,86.68405264853307,99999900.0,99999900.0,99999900.0,99999900.0,99999900.0,99999900.0,0.005267865158433628,0.0048625522459251,0.004750418001228215,0.004960278468528981,0.000272214439483486,0.48070907285001807,4658.633868772561
LLLAYLLGTLLGFLLILL,14,27799.351568539205,1643.2992508585871,29642.869030198814,27266.84205644911,26488.343618969688,D,87.79854045656536,99999900.0,99999900.0,99999900.0,99999900.0,99999900.0,99999900.0,0.006977608514416814,0.002698179451934735,0.005886416034609039,0.00518740133365353,0.0022237006181853713,0.5027199382902884,4871.94493155966
LLLTVLLALLLLLLLGFL,17,25627.74112439841,984.3593913821824,25818.70061755498,26502.629486005026,24561.893269635224,D,77.38775046879145,99999900.0,99999900.0,99999900.0,99999900.0,99999900.0,99999900.0,0.0004089194827600522,0.0008330651736283286,0.002244773883196431,0.0011622528465282708,0.000961178307023397,0.11263591183774588,1091.5738923261795
LLLTALLAFLLLVLLGLL,17,27237.78289013412,1688.2773005718718,28907.183699574183,27274.923036608456,25531.241934219724,D,85.03375409463366,99999900.0,99999900.0,99999900.0,99999900.0,99999900.0,99999900.0,0.00571393818388243,0.002717901649737826,0.0040771704241121965,0.004169670085910818,0.0015001586146327819,0.404089861850653,3916.103986313614
LLLTYLLLILLGALLLFL,17,25554.3023968675,1353.787669327571,25646.515489065678,26859.62606089538,24156.76564064145,D,77.00543811847724,99999900.0,99999900.0,99999900.0,99999900.0,99999900.0,99999900.0,0.00011316091700688992,0.001704340306864577,0.0014789457626039318,0.0010988156621584662,0.0008610093684887989,0.10648810576675569,1031.9944518734374
LLLLFLLATLLLILLAVL,16,25713.976540670337,749.177731354158,26179.619229296477,26112.542508594164,24849.76788412037,D,77.8013368049831,99999900.0,99999900.0,99999900.0,99999900.0,99999900.0,99999900.0,0.0010288613552018404,-0.00011896940351504776,0.002788954183920473,0.0012329487118690886,0.0014646650246573569,0.11948716910040368,1157.970598629765
LLLWTLLGILLGLLLGFL,13,28941.591437198127,599.1008361000156,29537.815269638737,28947.304582547986,28339.654459407662,D,93.57602890101344,99999900.0,99999900.0,99999900.0,99999900.0,99999900.0,99999900.0,0.006797160006332362,0.006799465890817244,0.009386019122866747,0.0076608816733387845,0.00149401330117864,0.7424291498490224,7195.0079122592215
LLLTLLLLLLLGYLLAFL,17,26725.00018489048,573.829383993004,27330.052295686222,26656.38462380613,26188.56363517908,D,82.75757893387443,99999900.0,99999900.0,99999900.0,99999900.0,99999900.0,99999900.0,0.003004934647336265,0.0012083153513493875,0.0053197305628039605,0.003177660187163204,0.002061142727791162,0.30795248534839675,2984.420222632944
LLLYLLLLTLLGVLLSIL,17,25611.85542652597,1335.1834525452934,26740.58062118056,25956.99787490471,24137.98778349264,D,77.17283228581805,99999900.0,99999900.0,99999900.0,99999900.0,99999900.0,99999900.0,0.0019924122620784616,-0.0004985869712286437,0.0014434492671297915,0.0009790915193265365,0.0013088125853394099,0.09488543425070109,919.5509771279565
LLLTLLLGILLLLLLAFL,17,25503.554246696436,1496.1863843348576,25749.602347435623,26861.465355528948,23899.59503712472,D,76.7208855308091,99999900.0,99999900.0,99999900.0,99999900.0,99999900.0,99999900.0,0.0002902309209438941,0.0017088292341810739,0.000992806418190365,0.0009972888577717777,0.0007093097791362345,0.09664896945297857,936.6416984937789
LLLAFLLGSLLLILLTLL,16,26317.02947727113,922.222361652603,26584.39444186168,27076.028946240825,25290.66504371089,D,80.74994916527284,99999900.0,99999900.0,99999900.0,99999900.0,99999900.0,99999900.0,0.0017241347354935322,0.0022324866982409318,0.0036223988046747107,0.002526340079469725,0.0009826565912518816,0.24483193937817063,2372.7082124374206
LLLLVLLGFLLGLLLGTL,16,30813.27931530368,876.7645000858392,31824.638767505487,30267.84996728869,30347.349211116853,D,102.68743467444604,99999900.0,99999900.0,99999900.0,99999900.0,99999900.0,99999900.0,0.010725185868924333,0.010022349349539054,0.01318124064908979,0.011309591955851059,0.0016585525063808166,1.0960319058501304,10621.83271802286
LLLFLLLGILLGTLLLYL,16,25027.34863367837,1475.5502776024073,25265.568249199605,26369.295697780803,23447.18195405471,D,74.39866651440316,99999900.0,99999900.0,99999900.0,99999900.0,99999900.0,99999900.0,-0.0005411836845213183,0.0005076547291846164,0.00013759281056873433,3.468795174401081e-05,0.0005319375545997834,0.003361668750600344,32.578507004853826
LLLAVLLYLLLLTLLAFL,16,26222.417114081392,1144.9417727121702,27052.42766015193,26698.59281759356,24916.23086449868,D,80.20196097105313,99999900.0,99999900.0,99999900.0,99999900.0,99999900.0,99999900.0,0.0025280649853406402,0.0013113274031515583,0.0029145916761806703,0.002251328021557623,0.0008366908584631328,0.21818005033196805,2114.420195859572
LLLVYLLALLLGTLLIFL,15,26255.65175481031,293.4196282763147,26229.562409461945,26561.244864161705,25976.14799080728,D,80.55625896925427,99999900.0,99999900.0,99999900.0,99999900.0,99999900.0,99999900.0,0.0011146476450195958,0.0009761201074994414,0.00491819321488785,0.0023363203224689624,0.002237040051970115,0.22641679962531894,2194.243942474325
LLLSYLLGILLGLLLLFL,17,25571.091547303648,1873.6592168752795,26571.276204310416,26732.420853996424,23409.577583604107,D,76.91687417249557,99999900.0,99999900.0,99999900.0,99999900.0,99999900.0,99999900.0,0.0017016018306055668,0.0013938870941880314,6.650784304929314e-05,0.001053998922614297,0.0008689223578188509,0.10214483886125324,989.9031092092943
LLLYLLLAILLLTLLTFL,17,25688.013526624512,1730.528071683613,26544.25486897656,26823.499417093837,23696.286293803143,D,77.51983029638451,99999900.0,99999900.0,99999900.0,99999900.0,99999900.0,99999900.0,0.001655187883865836,0.0016161707035532945,0.0006084841906871431,0.0012932809260354245,0.0005933721527402794,0.1253340671967295,1214.6338884181475
LLLAVLLGLLLLFLLGTL,16,26398.934060400108,2000.085348900748,26060.893033497447,28546.498887478345,24589.41026022453,D,81.13199963734364,99999900.0,99999900.0,99999900.0,99999900.0,99999900.0,99999900.0,0.0008249280091868154,0.005821271532843637,0.0022967902940240746,0.0029809966120181754,0.0025674823983396944,0.28889348181237695,2799.7161585894924
LLLFYLLLTLLIGLLAIL,14,28098.577318575557,1391.2262012647093,29211.80411971728,28544.98680408469,26538.94103192469,D,89.30902101222364,99999900.0,99999900.0,99999900.0,99999900.0,99999900.0,99999900.0,0.006237177904705621,0.0058175811874651776,0.005982062243104897,0.0060122737784252325,0.00021142351791971506,0.5826597381748151,5646.6552090192035
LLLFYLLVLLLGALLGTL,13,26333.46443007567,1460.2659152653923,27588.119700725387,26681.716959144826,24730.556630356805,D,80.6706407510412,99999900.0,99999900.0,99999900.0,99999900.0,99999900.0,99999900.0,0.0034482112894695365,0.0012701406891812296,0.0025636046301268215,0.0024273188695925294,0.0010954123613294558,0.23523562451509197,2279.708683280433
LLLYVLLGILLGTLLLLL,17,25803.085488974768,1137.474253669405,26094.95690904037,26766.18358517712,24548.11597270681,D,78.21443711868403,99999900.0,99999900.0,99999900.0,99999900.0,99999900.0,99999900.0,0.0008834387706152946,0.0014762874032579892,0.0022187301363413062,0.0015261521034048633,0.0006690408239309187,0.14790201141135195,1433.343696917253
LLLTVLLGLLLGFLLLIL,17,26759.795722488197,1055.954326888111,27661.251379514164,27020.104330654536,25598.031457295885,D,82.83353629577105,99999900.0,99999900.0,99999900.0,99999900.0,99999900.0,99999900.0,0.003573827947652845,0.0020959987587947475,0.004203425192417499,0.0032910839662883638,0.001081790027006792,0.31894457783843194,3090.946471574235
LLLTVLLAILLGLLLGFL,13,27664.313611768837,1214.9434712480336,28742.52255370267,27902.50364514287,26347.914636460955,D,87.2167405955379,99999900.0,99999900.0,99999900.0,99999900.0,99999900.0,99999900.0,0.005431103395736039,0.0042495560598263425,0.005620957803536301,0.005100539086366227,0.0007430614090602029,0.49430196929438014,4790.364953802821
LLLLVLLGILLLTLLAFL,16,25745.1640672296,23.006097739930944,25759.354556787774,25718.62009401409,25757.517550886943,D,78.089015725326,99999900.0,99999900.0,99999900.0,99999900.0,99999900.0,99999900.0,0.0003069820740557959,-0.0010803646335768734,0.0045049078032649474,0.0012438417479146233,0.002908108764268179,0.12054283186030589,1168.2012070477108
LLLSTLLGALLGLLLAFL,13,29448.30590785809,1177.2681403050167,30741.212670204517,29165.520441253128,28438.18461211665,D,95.93771944644574,99999900.0,99999900.0,99999900.0,99999900.0,99999900.0,99999900.0,0.00886420895733705,0.0073320369705985496,0.009572274407055164,0.008589506778330256,0.0011451034487279905,0.8324237975442929,8067.161440121278
LLLTYLLLVLLGALLLIL,17,26612.389815789043,628.2038826414897,27213.14357002277,26664.094340121337,25959.93153722302,D,82.19629569182074,99999900.0,99999900.0,99999900.0,99999900.0,99999900.0,99999900.0,0.0028041231293519995,0.001227131453749833,0.004887538637706938,0.0029729310736029235,0.0018360330279226632,0.2881118366853481,2792.141101932982
LLLVFLLGTLLGILLILL,15,30246.6852700176,1243.3621660919762,31106.99027186017,30811.95024629994,28821.115291892693,D,99.8383056777263,99999900.0,99999900.0,99999900.0,99999900.0,99999900.0,99999900.0,0.009492497008688877,0.011350264171228884,0.010296142792774673,0.010379634657564146,0.0009316935527132862,1.0059081530233696,9748.42801024313
LLLTYLLLILLGALLLWL,17,25501.997994984216,692.7872418887677,24963.79421052415,26283.64908223702,25258.550692191475,D,76.93194683582318,99999900.0,99999900.0,99999900.0,99999900.0,99999900.0,99999900.0,-0.0010595342392019887,0.0002986281680976925,0.003561691828136857,0.000933595252344187,0.002375146309160845,0.09047631317857144,876.8214304681399
LLLLVLLATLLIYLLSFL,14,26523.547943419304,869.6606976666046,26180.54420524705,27512.40595016261,25877.69367484825,D,81.85953397501119,99999900.0,99999900.0,99999900.0,99999900.0,99999900.0,99999900.0,0.0010304501658203755,0.0032974953257045433,0.004732081287783808,0.0030200089264362426,0.0018663513246723485,0.29267423194820635,2836.356054998597
LLLYGLLFLLLLVLLATL,17,25490.27662003181,1300.4741130292157,25314.85121052237,26869.559053036992,24286.41959653608,D,76.73984572812752,99999900.0,99999900.0,99999900.0,99999900.0,99999900.0,99999900.0,-0.0004565314379261924,0.0017285824695639643,0.0017240355522506765,0.000998695527962816,0.0012602655713388987,0.0967852922678427,937.9628262158899
LLLLYLLGVLLGFLLGLL,16,30047.867943156063,1094.882462894449,31298.190034330724,29584.844520575494,29260.56927456197,D,98.89258554840056,99999900.0,99999900.0,99999900.0,99999900.0,99999900.0,99999900.0,0.00982091658834003,0.008355426741755236,0.01112685932146562,0.009767734217186963,0.0013864814854231326,0.9466078344552742,9173.738477398543
LLLAFLLGVLLGILLGLL,13,32229.083811559747,942.2177065803068,32774.84270573476,32771.302290285515,31141.106438658964,D,109.5854074864786,99999900.0,99999900.0,99999900.0,99999900.0,99999900.0,99999900.0,0.01235733004077804,0.016132200002698858,0.014681710037675058,0.014390413360383986,0.0019042192948827172,1.394599579093829,13515.303120915965
LLLLLLLGILLGLLLGFL,16,28852.603139107152,2332.0181196702147,31292.58746622444,28619.10267497466,26646.11927612236,D,92.7897334988748,99999900.0,99999900.0,99999900.0,99999900.0,99999900.0,99999900.0,0.009811293181706789,0.005998466158993023,0.006184665342592759,0.007331474894430857,0.002149602658033434,0.7105057753280148,6885.633028054617
LLLFYLLGTLLGVLLLLL,16,25723.994865994857,1134.11616853509,26732.4812317372,25943.240398527432,24496.26296771994,D,77.75778765974398,99999900.0,99999900.0,99999900.0,99999900.0,99999900.0,99999900.0,0.0019785001209646417,-0.0005321630554453895,0.0021207104346122507,0.0011890158333771677,0.0014922796382793933,0.11522955868165902,1116.7093676336294
LLLYGLLFVLLGILLLLL,17,25927.194979898057,1217.5548744990415,26938.63623165227,26267.157402274715,24575.791305767187,D,78.73717300445777,99999900.0,99999900.0,99999900.0,99999900.0,99999900.0,99999900.0,0.0023326079793649264,0.0002583790686186264,0.002271045867946776,0.0016206776386434429,0.0011801866457511329,0.15706264275362108,1522.1209425336456
LLLTFLLGVLLGLLLLIL,17,29472.297973538007,1037.7114056753246,30655.517345542583,29044.5141089238,28716.862466147635,D,96.09202007497356,99999900.0,99999900.0,99999900.0,99999900.0,99999900.0,99999900.0,0.008717012004056965,0.00703671254527305,0.010099069722727354,0.00861759809068579,0.001533597148929699,0.835146174685666,8093.544462765683
LLLTYLLVLLLLALLGWL,17,25535.387130375795,777.5306735176342,25716.16730398797,26206.60248267998,24683.39160445944,D,76.95957853800856,99999900.0,99999900.0,99999900.0,99999900.0,99999900.0,99999900.0,0.00023280029042003722,0.00011059054808669336,0.0024744467930511624,0.0009392792105192976,0.001330897605048128,0.09102715528991888,882.1597356119456
LLLGLLLGFLLGVLLLTL,16,31314.920492509045,1427.9624547048234,32931.64340991513,30787.151315056035,30225.96675255597,D,105.01180077094774,99999900.0,99999900.0,99999900.0,99999900.0,99999900.0,99999900.0,0.012626663123050323,0.011289740643432331,0.012951786784529972,0.012289396850337543,0.0008808579612040574,1.1909864745080847,11542.053688519607
LLLILLLGILLGFLLGTL,14,31029.57963619849,1249.557029950741,32312.532350297788,30959.86985839097,29816.336699906708,D,103.63984115046082,99999900.0,99999900.0,99999900.0,99999900.0,99999900.0,99999900.0,0.011563229825175691,0.01171127233992756,0.01217744756175775,0.011817316575620336,0.0003205462399182768,1.1452363674102892,11098.681573318738
LLLAGLLYLLLITLLSFL,14,26685.849160158887,1494.2295484294918,27554.434353343684,27542.638189582016,24960.47493755096,D,82.41839682570722,99999900.0,99999900.0,99999900.0,99999900.0,99999900.0,99999900.0,0.003390350717444999,0.0033712792224723552,0.002998227925323049,0.0032532859550801346,0.00022109246795808669,0.31528150790420084,3055.4470341325464
LLLLYLLGLLLGFLLATL,16,28773.97532481167,1691.2486659844765,30074.51775608885,29385.35544315168,26862.052775194472,D,92.55216349173956,99999900.0,99999900.0,99999900.0,99999900.0,99999900.0,99999900.0,0.007719041930870951,0.007868559682694534,0.0065928526246551685,0.0073934847460735515,0.0006973863598556896,0.716515256142419,6943.871934779926
LLLAFLLGLLLGTLLIIL,14,31494.153853695327,1375.748545839897,32815.34781104695,31597.44100018102,30069.67274985801,D,105.88306545009392,99999900.0,99999900.0,99999900.0,99999900.0,99999900.0,99999900.0,0.012426904759326162,0.013267309345832512,0.012656338304150232,0.012783517469769634,0.000434397136708983,1.2388725491206898,12006.125830345927
LLLLYLLGLLLGFLLGTL,16,29765.65517948348,1974.401489301838,31597.97016244786,30024.32856662192,27674.66680938067,D,97.32225021166091,99999900.0,99999900.0,99999900.0,99999900.0,99999900.0,99999900.0,0.010335842247199887,0.009428018323038356,0.008128967749939472,0.009297609440059239,0.0011092017937393078,0.9010472379745064,8732.20294201037
LLLYALLFILLGVLLLLL,17,25581.26850885412,1208.7795512448986,24961.07895180495,26974.262954246868,24808.46362051053,D,77.27351332228147,99999900.0,99999900.0,99999900.0,99999900.0,99999900.0,99999900.0,-0.0010641981787157262,0.0019841196704601005,0.0027108751680524467,0.001210265553265607,0.0020029808634617592,0.11728890539186974,1136.6668489327733
LLLLLLLGTLLGYLLGFL,16,28673.489287321565,1801.8771500011976,30401.692682510664,28812.7549363848,26806.020243069222,D,92.02230424435037,99999900.0,99999900.0,99999900.0,99999900.0,99999900.0,99999900.0,0.008281023025509584,0.0064710880599550755,0.006486932204277772,0.00707968109658081,0.0010404227899652428,0.6861040075881935,6649.151322026736
LLLTFLLLILLGVLLGLL,17,26605.45937604937,1314.968572502713,27283.16066428768,27443.334303000174,25089.883160860256,D,82.06669547989645,99999900.0,99999900.0,99999900.0,99999900.0,99999900.0,99999900.0,0.0029243899349680265,0.0031289211353141113,0.0032428531973449073,0.0030987214225423484,0.00016136520492210905,0.30030239461385966,2910.281884482174
LLLIFLLGVLLGTLLGLL,14,31595.00250506164,1008.1342767332484,32492.252003916623,31788.67225391965,30504.08325734864,D,106.45281151193224,99999900.0,99999900.0,99999900.0,99999900.0,99999900.0,99999900.0,0.011871930277173579,0.013734022608085043,0.013477520960449133,0.013027824615235918,0.0010092160642713802,1.2625487725692013,12235.576162514457
LLLTVLLAILLLLLLGFL,17,25860.476788168777,1248.4585496393777,26989.66352636688,26071.99664075571,24519.770197383736,D,78.40043156618098,99999900.0,99999900.0,99999900.0,99999900.0,99999900.0,99999900.0,0.00242025642863268,-0.0002179244324644915,0.0021651470423017186,0.0014558263461566358,0.001455112178304361,0.1410866219571594,1367.294591682073
LLLALLLGFLLLTLLGVL,16,26726.35371100317,106.6174232262944,26848.75425624639,26653.714258842072,26676.592617921047,D,82.86305267758489,99999900.0,99999900.0,99999900.0,99999900.0,99999900.0,99999900.0,0.002178219709214427,0.0012017981387106834,0.006242270256224111,0.00320742936804974,0.002673208593289626,0.31083746759974906,3012.379079218018
LLLAFLLGTLLGLLLIVL,14,30814.92888405172,1317.529349087324,32162.44048574101,30752.763590156803,29529.582576257337,D,102.57770566118288,99999900.0,99999900.0,99999900.0,99999900.0,99999900.0,99999900.0,0.011305420367518098,0.01120581499343843,0.011635385367352537,0.011382206909436353,0.0002248439598944113,1.1030691452378993,10690.031808920296
LLLLYLLAVLLGTLLIFL,14,26265.250642798783,670.5443249107191,26845.3305984674,26419.35042387331,25531.070906055644,D,80.49491022311685,99999900.0,99999900.0,99999900.0,99999900.0,99999900.0,99999900.0,0.0021723389683907133,0.0006298167923885806,0.004076847123087797,0.0022930009612890305,0.0017266800550732413,0.22221864621893658,2153.558919557402
LLLFVLLTLLLGLLLLAL,16,27259.06673857645,1308.8168261364192,28619.183145692463,27149.590697110965,26008.42637292592,D,85.21570957596954,99999900.0,99999900.0,99999900.0,99999900.0,99999900.0,99999900.0,0.005219246037705205,0.002412019301068165,0.004979210264687886,0.004203491867820419,0.0015560959999792545,0.40736758860068395,3947.8689970294413
LLLYVLLGILLLLLLAFL,17,25145.4350562506,1337.2826883326593,26084.92183297097,25736.987308035,23614.396027745828,D,74.90868322169108,99999900.0,99999900.0,99999900.0,99999900.0,99999900.0,99999900.0,0.0008662017436342184,-0.0010355381619274989,0.0004536839152646615,9.478249899046034e-05,0.0010003805961004005,0.009185534139099264,89.018582881055
LLLTLLLGILLLLLLGFL,17,25288.10424293646,1275.9828936177537,25870.081983779564,26169.33923197073,23824.891513059087,D,75.64880242008122,99999900.0,99999900.0,99999900.0,99999900.0,99999900.0,99999900.0,0.0004971761127858291,1.964697604685398e-05,0.0008515915136949235,0.0004561382008425355,0.00041748773765598693,0.04420513344354983,428.39951119038693
LLLVYLLFTLLLGLLALL,17,26249.49937752732,1227.5677987537597,26861.70306119854,27050.56856485193,24836.226506531497,D,80.34555468777302,99999900.0,99999900.0,99999900.0,99999900.0,99999900.0,99999900.0,0.002200461583495127,0.002170348855059467,0.0027633564043395603,0.0023780556142980517,0.0003340197871510281,0.23046143816075107,2233.441226512244
LLLYLLLASLLGILLTLL,17,25359.326279831064,824.5236268052278,26235.053923725136,25244.98221222656,24597.9427035415,D,76.03806420472058,99999900.0,99999900.0,99999900.0,99999900.0,99999900.0,99999900.0,0.0011240802969364264,-0.002236311041989636,0.0023129194951988417,0.0004002295833818773,0.002359416137894525,0.03878693367223546,375.89081021503375
LLLTYLLFVLLLALLGLL,17,26220.31539505532,1052.2081620379206,26942.707910550347,26705.141481236613,25013.096793379,D,80.21276939004457,99999900.0,99999900.0,99999900.0,99999900.0,99999900.0,99999900.0,0.0023396018116526953,0.0013273098752239409,0.0030977010149540155,0.0022548709006102174,0.0008882317785202544,0.2185233968024128,2117.7476252472766
LLLAVLLFSLLGTLLGYL,13,27169.33036584451,1207.7261377071195,28079.205261437328,27629.65144954531,25799.134386550893,D,84.81131948802344,99999900.0,99999900.0,99999900.0,99999900.0,99999900.0,99999900.0,0.004291738035202838,0.0035836411749396086,0.004583577685940413,0.00415298563202762,0.0005142056286625898,0.4024729428796543,3900.4341479294617
LLLTVLLGILLLLLLAFL,17,25788.890816294857,478.8906898940787,25853.98776418985,26231.90315170648,25280.78153298825,D,78.24434321083238,99999900.0,99999900.0,99999900.0,99999900.0,99999900.0,99999900.0,0.00046953142973722115,0.00017233860206676208,0.003603715629546974,0.001415195220450319,0.001901130474212418,0.13714899004978617,1329.1343271842738
LLLAFLLGTLLGLLLLVL,16,30674.97736963732,1724.884797427173,32338.27835747525,30792.168238796712,28894.485512639996,D,101.81160261506264,99999900.0,99999900.0,99999900.0,99999900.0,99999900.0,99999900.0,0.011607453169104897,0.011301984797040632,0.010434837303445106,0.011114758423196877,0.0006083151143907866,1.0771502548628906,10438.847407872614
LLLLFLLGVLLGILLLTL,16,27886.201712821945,1221.7052540072962,28929.620751508344,28186.697313840505,26542.287073116982,D,88.3010322875039,99999900.0,99999900.0,99999900.0,99999900.0,99999900.0,99999900.0,0.005752477808982451,0.004943150603794942,0.005988387391661375,0.00556133860147959,0.0005482067430823438,0.5389588386788875,5223.1423152838415
LLLYVLLLILLGLLLAFL,17,25486.2600031674,1560.0706982658596,25772.210779981957,26883.57507389992,23802.99415562032,D,76.62428067423838,99999900.0,99999900.0,99999900.0,99999900.0,99999900.0,99999900.0,0.0003290649227098853,0.0017627895496978283,0.0008101981085230163,0.0009673508603102433,0.0007296672646169982,0.09374762689851744,908.524291412218
LLLAFLLGVLLGLLLITL,14,31849.656917936427,1118.7009152153478,33113.52418059329,31448.96211226633,30986.48446094966,D,107.68210124436712,99999900.0,99999900.0,99999900.0,99999900.0,99999900.0,99999900.0,0.01293907567775707,0.01290493622533304,0.014389422249538963,0.013411144717543025,0.0008473851383869097,1.299696979500307,12595.58579151394
LLLYFLLGVLLGLLLLTL,17,27219.229490235182,1097.891980623841,26956.820217512595,28424.54903260516,26276.3192205878,D,85.21825251832735,99999900.0,99999900.0,99999900.0,99999900.0,99999900.0,99999900.0,0.0023638422074594807,0.005523644374696784,0.005485618273824742,0.004457701618660335,0.0018134351164275705,0.4320034904781707,4186.619737043091
LLLFYLLLILLLALLGTL,16,26790.65543658736,539.5202676950213,26839.451682446263,27304.12004154139,26228.39458577442,D,83.13238306881773,99999900.0,99999900.0,99999900.0,99999900.0,99999900.0,99999900.0,0.002162240885090197,0.002789158984267873,0.005395024519208765,0.003448808129522278,0.001714373136858591,0.3342298963452989,3239.0791083661434
LLLSYLLATLLGGLLVLL,13,28711.42169940163,948.9153646733256,29446.646998752323,29047.3878930048,27640.230206447777,D,92.39006124104594,99999900.0,99999900.0,99999900.0,99999900.0,99999900.0,99999900.0,0.006640562295042581,0.007043726216507395,0.008063870933488843,0.007249386481679606,0.0007336034205018174,0.7025504468044761,6808.536578267965
LLLTALLFLLLGLLLGVL,13,29989.84285414536,1332.3346137191654,31070.12091695408,30398.315968549225,28501.09167693278,D,98.55516985718624,99999900.0,99999900.0,99999900.0,99999900.0,99999900.0,99999900.0,0.009429167337753059,0.010340760759133066,0.009691190017278504,0.009820372704721542,0.0004693258639017048,0.9517091203406367,9223.175911684822
LLLAGLLYILLLLLLGFL,16,25323.485244470303,952.2935404206042,25093.87251133373,26369.59257297999,24506.99064909719,D,75.97034085546271,99999900.0,99999900.0,99999900.0,99999900.0,99999900.0,99999900.0,-0.0008361016348848233,0.0005083792738915378,0.002140989377541571,0.0006044223388494285,0.0014908675081349058,0.05857560295487082,567.6661898463376
LLLTFLLGVLLLLLLGIL,17,25414.174874484208,1099.1930153493015,25500.030541269763,26467.92242075184,24274.571661431022,D,76.34807370839039,99999900.0,99999900.0,99999900.0,99999900.0,99999900.0,99999900.0,-0.00013845301994956581,0.0007483601511445766,0.0017016389512167123,0.0007705153608039077,0.0009202460299147921,0.07467196187850066,723.6587580767639
LLLAVLLYTLLGLLLGFL,13,27176.180149508724,1176.405729133149,27810.366810688352,27899.416525609857,25818.75711222796,D,84.87423114199079,99999900.0,99999900.0,99999900.0,99999900.0,99999900.0,99999900.0,0.003829960207405362,0.004242021728486414,0.004620671268433154,0.004230884401441644,0.0003954731666601425,0.41002224589938535,3973.5957350924295
LLLAVLLYILLGLLLLTL,16,26384.812571100618,1309.9893520737362,26480.13897188215,27644.534838172334,25029.76390324737,D,81.06505418885398,99999900.0,99999900.0,99999900.0,99999900.0,99999900.0,99999900.0,0.0015450574333850386,0.0036199651268234647,0.00312920748479885,0.0027647433483357843,0.001084405857669682,0.2679360080445017,2596.6136947227496
LLLFYLLVALLLLLLGTL,16,26578.16894840067,1186.9900299187966,27008.38562376442,27490.06129408409,25236.059927353497,D,81.97637470891159,99999900.0,99999900.0,99999900.0,99999900.0,99999900.0,99999900.0,0.0024524149589469405,0.0032429616282652622,0.003519176682454653,0.0030715177565556182,0.0005536604505880665,0.2976660408007479,2884.7325286295495
LLLYVLLLILLGTLLSLL,17,25368.253084257856,1440.0874064211532,26211.57922497769,26187.73968392841,23705.440343867467,D,75.99316775744715,99999900.0,99999900.0,99999900.0,99999900.0,99999900.0,99999900.0,0.0010837583289828253,6.455456720779563e-05,0.0006257884386693974,0.0005913671116200061,0.0005104730138028588,0.05731039854807808,555.4048774782144
LLLFLLLGLLLIVLLGTL,14,25781.95840903644,2379.8047176075675,25124.653093437293,28421.332336377425,23799.889797294607,D,78.13418107952073,99999900.0,99999900.0,99999900.0,99999900.0,99999900.0,99999900.0,-0.0007832305135756303,0.005515793802362135,0.000804329822254487,0.001845631037013664,0.003276073564205787,0.1788632614590219,1733.3944682423314
LLLALLLGFLLGTLLIVL,14,30318.450479761927,1413.6114236064316,31732.321407741187,30317.931328021597,28905.098703522995,D,100.13345224594023,99999900.0,99999900.0,99999900.0,99999900.0,99999900.0,99999900.0,0.010566614393225116,0.01014457641644752,0.010454899820651361,0.010388696876774664,0.0002186690096792123,1.0067863881914738,9756.939137513145
LLLTVLLGILLGLLLLFL,17,26184.995536970004,1183.0729510429846,27037.535849292355,26683.14026028045,24834.310501337204,D,80.01238821317703,99999900.0,99999900.0,99999900.0,99999900.0,99999900.0,99999900.0,0.0025024856530258344,0.0012736143552435886,0.002759734507060831,0.002178611505110085,0.0007942349300902351,0.2111329683134568,2046.1257183436512
LLLLYLLATLLGFLLSLL,16,28228.0132836985,1106.9197047776051,28983.417858227134,28743.22430656616,26957.397686302204,D,90.00707641413032,99999900.0,99999900.0,99999900.0,99999900.0,99999900.0,99999900.0,0.0058448839027282744,0.006301393690260233,0.006773086725851992,0.006306454772946834,0.00046412210799764763,0.6111693216636859,5922.946460271062
LLLTVLLGLLLGYLLIFL,15,26646.941948773696,1689.1591138046306,28391.25009523326,26530.631992670817,25018.94375841701,D,82.14886366734183,99999900.0,99999900.0,99999900.0,99999900.0,99999900.0,99999900.0,0.0048277305062361464,0.0009014072515143116,0.0031087537546976565,0.0029459638374827054,0.001968217211844898,0.28549839569510427,2766.8137981668906
LLLTLLLLLLLGALLGFL,17,25274.29835623019,1575.5210728818463,26540.90007862076,25771.9513883138,23510.04360175601,D,75.4807931683468,99999900.0,99999900.0,99999900.0,99999900.0,99999900.0,99999900.0,0.0016494254350833016,-0.0009502058762809241,0.00025642256709756625,0.0003185473752999812,0.0013009286520028532,0.03087097113817332,299.1758629674656
LLLFYLLLTLLLALLGWL,16,25859.74534381716,347.1535222380619,26080.29577023994,26039.35579781931,25459.584463392228,D,78.58545866188685,99999900.0,99999900.0,99999900.0,99999900.0,99999900.0,99999900.0,0.0008582556585662596,-0.00029758669473435085,0.003941713589567158,0.0015007941844663553,0.002191474057128926,0.1454445321025439,1409.5278444892026
LLLYALLFILLGVLLALL,13,27419.603211557565,636.3758931116943,27904.789333977555,27654.94330183635,26699.07699885879,D,86.14301188165796,99999900.0,99999900.0,99999900.0,99999900.0,99999900.0,99999900.0,0.003992147675671787,0.0036453677110595576,0.0062847733341776044,0.004640762906969649,0.00143427396251221,0.449744273124996,4358.548696916953
LLLSYLLGILLLLLLAFL,17,25108.43734275725,2036.680321314831,24979.880777319227,27206.350705411493,23139.080545541037,D,74.79247722190536,99999900.0,99999900.0,99999900.0,99999900.0,99999900.0,99999900.0,-0.0010319027011885275,0.0025505460749166843,-0.0004448229659606785,0.0003579401359224928,0.001921407363539354,0.03468859096657502,336.17306987526774
LLLALLLTVLLLSLLGWL,16,26381.570510803023,1107.6456261674095,26989.055256538333,27052.55915003151,25103.097125839224,D,81.00470351395057,99999900.0,99999900.0,99999900.0,99999900.0,99999900.0,99999900.0,0.002419211617076304,0.0021752070175448924,0.0032678320564529678,0.002620750230358055,0.0005735161099697781,0.25398138862564773,2461.377090460056
LLLTVLLGLLLLYLLGFL,17,26275.448800964252,1847.5270330715296,27428.793374567013,27253.029826475868,24144.52320184989,D,80.34391210880189,99999900.0,99999900.0,99999900.0,99999900.0,99999900.0,99999900.0,0.0031745400024962883,0.002664469737733913,0.0014558034162907578,0.002431604385506986,0.0008827137516721875,0.23565094119438587,2283.733588275368
LLLSTLLLALLGILLALL,16,31150.8891336558,3438.3825875136627,33082.42906178869,33189.17308848602,27181.06525069268,D,103.88525507948296,99999900.0,99999900.0,99999900.0,99999900.0,99999900.0,99999900.0,0.012885664283751899,0.01715204293953797,0.007195894004881816,0.012411200409390562,0.004995003741572092,1.2027906658077667,11656.450125965934
LLLAFLLGVLLGILLILL,14,31470.66946042387,941.3184628081952,32442.998689520668,31405.23320373432,30563.77648801662,D,105.85673058496972,99999900.0,99999900.0,99999900.0,99999900.0,99999900.0,99999900.0,0.011787328954445278,0.012798212762736218,0.013590361338105175,0.012725301018428892,0.0009037248120833161,1.2332306932196186,11951.449639552113
LLLAYLLIVLLGTLLGLL,14,28562.59865827907,1682.4873714782198,30280.6338804922,28489.093610159234,26918.06848418577,D,91.50453708051177,99999900.0,99999900.0,99999900.0,99999900.0,99999900.0,99999900.0,0.008073083013669357,0.005681169934781993,0.006698741243624478,0.006817664730691943,0.0012003829143528836,0.6607115532900941,6403.068703067528
LLLAFLLGTLLGLLLLYL,16,30322.743201273384,1589.884960220145,32034.917767695428,30040.309016465333,28893.002819659392,D,100.12227410901068,99999900.0,99999900.0,99999900.0,99999900.0,99999900.0,99999900.0,0.011086377430877665,0.00946701972962264,0.010432034512676252,0.010328477224392186,0.0008146305451682077,1.000950398650202,9700.381564398118
LLLLYLLGTLLGLLLGFL,16,28417.88438948829,1821.1383464736448,30301.09268562193,28286.644210281644,26665.916272561288,D,90.77004439659994,99999900.0,99999900.0,99999900.0,99999900.0,99999900.0,99999900.0,0.008108224648230253,0.005187078001529915,0.0062220883557154525,0.006505797001825207,0.0014810949935065707,0.630487918115872,6110.166283678438
LLLFYLLLILLGALLLTL,16,25471.06705540549,1381.7257166544953,26698.63809826639,25739.873147979757,23974.689919970337,D,76.47293495853224,99999900.0,99999900.0,99999900.0,99999900.0,99999900.0,99999900.0,0.001920368523284057,-0.0010284950675136708,0.0011347611230289637,0.0006755448595997833,0.0015271243569963486,0.06546820812322508,634.4636057781779
LLLAVLLGFLLITLLGLL,14,27252.89179349312,1431.1563576254737,27314.83973080711,28652.06829236348,25791.767357308763,D,85.29672857771459,99999900.0,99999900.0,99999900.0,99999900.0,99999900.0,99999900.0,0.0029788043629757747,0.006078921056050459,0.004569651511186883,0.004542458976737705,0.0015502372247876792,0.44021747105952147,4266.222828174386
LLLYFLLAVLLLILLTLL,17,25266.02075302523,1409.768109684364,26184.554646660592,25970.6557512894,23642.85186112569,D,75.49029417019968,99999900.0,99999900.0,99999900.0,99999900.0,99999900.0,99999900.0,0.0010373388118429033,-0.0004652539677665005,0.0005074750562226849,0.00035985330009969595,0.0007620960585741176,0.03487399898019122,337.969890656397
LLLIFLLGVLLGLLLGTL,14,31279.88220978705,1053.468427571681,32471.48723928234,30895.86689519916,30472.292494879668,D,104.91277817055914,99999900.0,99999900.0,99999900.0,99999900.0,99999900.0,99999900.0,0.011836263102776351,0.01155506862761019,0.013417425676564681,0.012269585802317073,0.0010039521233109502,1.1890665519500008,11523.44739053259
LLLTALLALLLLLLLGFL,17,25932.341879429227,620.0950235687826,26213.297114084104,26362.22901850315,25221.499505700423,D,78.90215828173952,99999900.0,99999900.0,99999900.0,99999900.0,99999900.0,99999900.0,0.0010867091088945038,0.0004904080036913351,0.0034916525652343507,0.0016895898926067299,0.0015888568718028012,0.16374104718612884,1586.8425024871196
LLLYFLLATLLGVLLGLL,13,26923.101837988463,1034.0181275371526,27584.37453269911,27453.41398241301,25731.516998853276,D,83.65250237685784,99999900.0,99999900.0,99999900.0,99999900.0,99999900.0,99999900.0,0.0034417782976445457,0.0031535212985680447,0.004455757973746367,0.003683685856652986,0.0006839916226635668,0.3569922987302614,3459.6734442635657
LLLFLLLGLLLGVLLGTL,13,28537.164050903903,1498.5021154837327,30099.292285044838,28400.557166847408,27111.642700819462,D,91.4185619276194,99999900.0,99999900.0,99999900.0,99999900.0,99999900.0,99999900.0,0.007761596588265117,0.005465090546719329,0.00706466192617073,0.00676378302038506,0.0011774468508914376,0.6554897845588566,6352.463648908648
LLLTLLLGVLLLFLLAIL,17,26728.698649433543,1382.5713394036495,28242.551625459717,26410.737289617373,25532.807033223544,D,82.61564904778677,99999900.0,99999900.0,99999900.0,99999900.0,99999900.0,99999900.0,0.004572314451808163,0.0006087958352583078,0.004080128990111788,0.0030870797590594194,0.0021603194294836574,0.2991741810881843,2899.3481741805203
LLLGYLLLFLLGLLLGTL,16,28293.86176149254,1496.296515637325,29533.06860828869,28716.936646993498,26631.580029195426,D,90.2393262092079,99999900.0,99999900.0,99999900.0,99999900.0,99999900.0,99999900.0,0.006789006771698668,0.006237236816756123,0.006157181252760277,0.006394474947071689,0.0003440112553598979,0.6196995073305007,6005.613948984636
LLLAYLLGTLLGLLLGFL,13,30786.41995490919,1413.2228325593585,32007.05991201426,31114.03779188921,29238.162160824093,D,102.42467478250208,99999900.0,99999900.0,99999900.0,99999900.0,99999900.0,99999900.0,0.011038526611741841,0.012087529974446017,0.011084502304630206,0.011403519630272687,0.0005928162061602466,1.105134597477758,10710.048459951844
LLLVFLLGTLLLLLLAIL,17,25597.59732494461,1364.7857839285396,25476.761521111854,27018.78312308632,24297.247330635662,D,77.24851912418922,99999900.0,99999900.0,99999900.0,99999900.0,99999900.0,99999900.0,-0.00017842169836427817,0.002092774259230895,0.0017445036286352787,0.0012196187298339652,0.0012231969944336081,0.11819533773531665,1145.4512398532463
LLLSYLLLVLLGLLLAFL,17,26014.128611212105,1552.7156392127058,25472.02678211316,27765.220086496796,24805.138965026366,D,79.33489090243431,99999900.0,99999900.0,99999900.0,99999900.0,99999900.0,99999900.0,-0.0001865544542402083,0.003914505924156997,0.0027045904457110477,0.0021441806385426123,0.0021071825788936227,0.2077962141271579,2013.7886626440377
LLLSYLLLLLLGFLLATL,17,28392.33170523928,1157.1541411156109,29624.479700943502,28223.8782987506,27328.63711602373,D,90.78186075461196,99999900.0,99999900.0,99999900.0,99999900.0,99999900.0,99999900.0,0.006946021572539593,0.00503389340039277,0.007474854698230483,0.006484923223720949,0.0012841463233790194,0.6284650045671593,6090.561882380664
LLLAALLFLLLGLLLGTL,13,27012.876296816965,811.0003259364058,27590.574540466,27362.321842941798,26085.732507043096,D,84.1263623427496,99999900.0,99999900.0,99999900.0,99999900.0,99999900.0,99999900.0,0.00345242791309556,0.0029312045551120832,0.005125344981661582,0.003836325816623075,0.0011463403740182582,0.3717848984003452,3603.0310585096927
LLLFYLLVALLGLLLLTL,16,26832.819426377333,1368.5035069988387,27813.379725381725,27415.70188043549,25269.376673314782,D,83.14114490327658,99999900.0,99999900.0,99999900.0,99999900.0,99999900.0,99999900.0,0.0038351354239659708,0.0030614822735853084,0.0035821565908039322,0.0034929247627850705,0.00039446994641185497,0.338505314753272,3280.5129196326334
LLLAYLLVFLLGLLLGTL,13,30184.294932961624,1889.82814202063,32236.154584191645,29801.680259596124,28515.049955097104,D,99.38710442513124,99999900.0,99999900.0,99999900.0,99999900.0,99999900.0,99999900.0,0.011432037435001374,0.008884629542828617,0.009717575879827153,0.010011414285885714,0.0012988754747597206,0.9702232868213878,9402.599866610324
LLLYTLLLVLLGLLLGFL,17,25812.524401586412,1156.8903796694262,26264.59167140371,26675.12373432188,24497.85779903366,D,78.23808656204325,99999900.0,99999900.0,99999900.0,99999900.0,99999900.0,99999900.0,0.0011748166291948546,0.0012540494624297372,0.0021237252047247744,0.0015175304321164553,0.0005264727316954273,0.14706647049610627,1425.2463269561847
LLLVFLLGTLLGILLALL,13,31047.461709385505,860.4911463292882,31633.940201658366,31448.828284191502,30059.61664230665,D,103.82126270574544,99999900.0,99999900.0,99999900.0,99999900.0,99999900.0,99999900.0,0.010397627183566478,0.012904609608547536,0.01263732886269184,0.011979855218268618,0.0013767512174043437,1.160988265354222,11251.335911261614
LLLAGLLYFLLLVLLGLL,16,27183.857979183427,1561.417281628058,28628.735482074226,27395.373551351768,25527.46490412429,D,84.7984660029356,99999900.0,99999900.0,99999900.0,99999900.0,99999900.0,99999900.0,0.0052356538734611106,0.003011869563333596,0.004070030560887875,0.0041058513325608606,0.001112324822277541,0.39790507727697566,3856.166180864735
LLLYGLLFILLLVLLALL,17,25910.992877442783,1047.0054648408086,26447.11049919932,26581.36566510439,24704.50246802464,D,78.72136546463499,99999900.0,99999900.0,99999900.0,99999900.0,99999900.0,99999900.0,0.0014883251604216519,0.0010252263307945577,0.002514353459027945,0.0016759683167480513,0.0007620907863222426,0.16242095696471764,1574.0492822991987
LLLLFLLGVLLGLLLGTL,16,31827.150124979697,1746.4320553455775,33795.0994743986,31224.49741728743,30461.853483253053,D,107.44913797620438,99999900.0,99999900.0,99999900.0,99999900.0,99999900.0,99999900.0,0.014109802401471621,0.012357114423164098,0.013397692417012105,0.013288203080549274,0.0008814588608807737,1.2877824951202685,12480.120484956004
LLLAYLLGLLLGFLLGTL,13,31225.15768474518,1063.7211215263078,32299.694992456956,31203.18487322925,30172.593188549345,D,104.6325545392245,99999900.0,99999900.0,99999900.0,99999900.0,99999900.0,99999900.0,0.011541179381119482,0.012305099667365392,0.012850892712422277,0.01223239058696905,0.00065787704803187,1.1854618999938966,11488.514091711571
LLLYGLLFVLLGILLALL,13,26870.27951661247,1313.3979615947685,27553.15223390613,27701.565565231434,25356.12075069985,D,83.35950040206963,99999900.0,99999900.0,99999900.0,99999900.0,99999900.0,99999900.0,0.003388148449401864,0.0037591526087544574,0.0037461322098485622,0.0036311444226682942,0.00021054136164823302,0.3519004184704659,3410.32716150385
LLLLYLLATLLGALLGLL,17,27634.82178413441,1266.1637004847114,29010.91376483859,27374.500777745587,26519.05080981906,D,87.06272645648839,99999900.0,99999900.0,99999900.0,99999900.0,99999900.0,99999900.0,0.005892113009996924,0.0029609280981099566,0.005944463001969071,0.004932501370025317,0.0017076331588819515,0.47801714671061335,4632.545951998047
LLLVLLLLILLGFLLATL,17,26732.79067975083,1017.313873913474,27571.82257260468,27025.276580328115,25601.272886319697,D,82.7111200975457,99999900.0,99999900.0,99999900.0,99999900.0,99999900.0,99999900.0,0.003420218074949996,0.002108621996216177,0.004209552588624727,0.003246130886596967,0.0010612290518031593,0.3145880979759994,3048.7270798838977
LLLYALLLFLLGLLLGTL,17,27902.73928192913,1541.8025919674756,29212.20244846918,28292.581723898023,26203.433673420204,D,88.31842161188696,99999900.0,99999900.0,99999900.0,99999900.0,99999900.0,99999900.0,0.0062378621051438,0.005201568919177493,0.005347839960002127,0.005595756994774474,0.000560868107417229,0.5422943840589995,5255.467656235885
LLLFYLLLILLIALLGTL,14,27136.43576958937,1228.5913475947568,28215.54372927437,27394.428783906496,25799.33479558724,D,84.63676934236409,99999900.0,99999900.0,99999900.0,99999900.0,99999900.0,99999900.0,0.004525923589194933,0.00300956379224319,0.0045839565267418595,0.004039814636059995,0.0008926951082811023,0.3915053480378986,3794.145309888912
LLLTYLLLILLGGLLAFL,13,26885.881041762623,1355.405401496207,27105.94831826489,28117.78689460814,25433.90791241483,D,83.48929521918757,99999900.0,99999900.0,99999900.0,99999900.0,99999900.0,99999900.0,0.002619996229464537,0.004774969901454915,0.003893176231532215,0.0037627141208172224,0.0010833942742566444,0.36465106301867095,3533.8958393088587
LLLAVLLLFLLGLLLGTL,16,27232.240370265517,1226.1721836559238,28487.597434113355,27171.62198123389,26037.501695449297,D,85.10110310629703,99999900.0,99999900.0,99999900.0,99999900.0,99999900.0,99999900.0,0.004993224187434529,0.002465788192311623,0.005034172449466554,0.004164394943070902,0.0014711790714711135,0.4035786387328752,3911.149635614845
LLLTALLALLLGVLLSFL,13,29164.34788652596,1136.2868554966428,30068.86676459456,29535.21177809746,27888.96511688585,D,94.56373567486274,99999900.0,99999900.0,99999900.0,99999900.0,99999900.0,99999900.0,0.007709335348461085,0.00823429455910415,0.008534063967372149,0.008159231291645795,0.00041745681729237724,0.7907250639779257,7663.051878956806
LLLYALLLLLLGTLLGFL,17,25660.5494268652,930.8145995882466,25712.55339819176,26564.271867594663,24704.823014809164,D,77.57337101180222,99999900.0,99999900.0,99999900.0,99999900.0,99999900.0,99999900.0,0.0002265927648083203,0.000983507721288643,0.0025149594007707107,0.0012416866289558914,0.0011658249124202344,0.12033397559485497,1166.1771452463258
LLLVGLLFALLGTLLSYL,13,26289.797216161154,1723.732961759792,27958.252667095978,26395.488439136418,24515.650542251064,D,80.39769383556285,99999900.0,99999900.0,99999900.0,99999900.0,99999900.0,99999900.0,0.004083980453927494,0.0005715799481350926,0.0021573595019762676,0.002270973301346284,0.0017589543484207164,0.22008390800709718,2132.870806317358
LLLYFLLAILLGVLLGLL,13,26458.5199547038,1035.8787636617426,26139.76874627956,27616.3158428402,25619.47527499164,D,81.51983339832178,99999900.0,99999900.0,99999900.0,99999900.0,99999900.0,99999900.0,0.0009604110668113022,0.003551094693191571,0.004243961254213771,0.0029184890047388814,0.0017307709051445032,0.28283576264762744,2741.0097657579604
LLLTYLLVALLLILLAFL,17,26373.42185548292,1721.268784845361,28134.18927629693,26291.499037689333,24694.57725246249,D,80.80633126561862,99999900.0,99999900.0,99999900.0,99999900.0,99999900.0,99999900.0,0.004386182854664912,0.00031778653392994683,0.002495591447660531,0.00239985361208513,0.0020358871421355725,0.23257391942015918,2253.913643818369
LLLALLLGTLLLYLLGFL,16,27075.13946226036,490.6086735602321,26970.64439624097,27609.57726524212,26645.196725297992,D,84.55072950835279,99999900.0,99999900.0,99999900.0,99999900.0,99999900.0,99999900.0,0.002387587691807004,0.0035346487228166638,0.0061829214097839,0.004035052608135856,0.001946520625124478,0.39104385176448925,3789.6728705466076
LLLLFLLGILLGLLLGTL,16,31723.498169390947,2203.504269005307,33910.648265834854,31755.85025257833,29503.995989759653,D,106.83359671742352,99999900.0,99999900.0,99999900.0,99999900.0,99999900.0,99999900.0,0.014308277990679203,0.013653918216045648,0.011587018072585288,0.013183071426436712,0.0014204176885409116,1.2775940066520746,12381.382100077763
LLLAYLLGVLLGTLLGLL,13,31083.721765509334,1424.7513994690305,32253.825717114574,31500.198175284128,29497.141404129296,D,103.8777400754076,99999900.0,99999900.0,99999900.0,99999900.0,99999900.0,99999900.0,0.011462390747011383,0.013029981424004881,0.011574060589424302,0.012022144253480188,0.0008745966842748406,1.1650865681082416,11291.053264423193
LLLTVLLLLLLGLLLGFL,17,26432.048065916,1162.0677889959843,27534.34021153553,26543.559948239297,25218.24403797317,D,81.20724028689698,99999900.0,99999900.0,99999900.0,99999900.0,99999900.0,99999900.0,0.003355835456961344,0.0009329588321250212,0.0034854986311336233,0.002591430973406663,0.001437741463977301,0.25114000927261826,2433.840797022582
LLLTALLAALLGILLSLL,13,27289.64815258576,950.3310413890888,28192.132449242134,27379.02662811884,26297.785380396293,D,85.43814702437895,99999900.0,99999900.0,99999900.0,99999900.0,99999900.0,99999900.0,0.004485710554157996,0.002971973752786548,0.005526196569763993,0.0043279602922361785,0.001284397683174627,0.41943003656194655,4064.7682439678847
LLLYFLLGTLLGVLLILL,15,28154.519761514104,1674.2485988079193,29954.64605658133,27865.003386935623,26643.909841025357,D,89.51702909247423,99999900.0,99999900.0,99999900.0,99999900.0,99999900.0,99999900.0,0.007513140978612221,0.004158034054395481,0.006180488763641301,0.005950554598883002,0.0016893306095386131,0.5766784268909734,5588.689298034057
LLLTFLLGLLLGVLLIIL,15,31154.12435858201,1432.330565125877,32465.8094440708,31370.73956563041,29625.824066044814,D,104.21300762418603,99999900.0,99999900.0,99999900.0,99999900.0,99999900.0,99999900.0,0.011826510480217487,0.012714028624151651,0.011817314305228305,0.012119284469865814,0.0005150840700327366,1.174500592673889,11382.286187120004
LLLTVLLGILLGLLLGFL,13,28876.207687181053,1353.9336833608784,29799.578330360426,29507.077357536877,27321.967373645864,D,93.12634509607102,99999900.0,99999900.0,99999900.0,99999900.0,99999900.0,99999900.0,0.007246784594038928,0.008165630536123049,0.0074622466312794285,0.007624887253813803,0.0004805293387451906,0.7389408690705523,7161.202386430424
LLLTLLLLLLLGVLLGIL,17,25690.16671511546,671.5156232952378,26225.16331437344,25908.74167273932,24936.595158233627,D,77.68924932609836,99999900.0,99999900.0,99999900.0,99999900.0,99999900.0,99999900.0,0.0011070914172233665,-0.0006163596108794269,0.0029530870728954367,0.0011479396264131253,0.0017850739030144803,0.11124879318811687,1078.1310881726079
LLLSYLLLLLLGVLLGTL,17,26262.420310687205,817.0209713089783,26491.887651987327,26940.17122791009,25355.2020521642,D,80.4992823945837,99999900.0,99999900.0,99999900.0,99999900.0,99999900.0,99999900.0,0.0015652378799072603,0.001900916425679805,0.003744395559167157,0.0024035166215847408,0.0011733018645950005,0.23292890793775364,2257.353898276822
LLLGYLLAALLGTLLFLL,13,26987.93013088062,875.3942376607735,27990.612760607688,26375.747806627973,26597.429825406205,D,84.01578110591089,99999900.0,99999900.0,99999900.0,99999900.0,99999900.0,99999900.0,0.004139564666853619,0.0005234015525181442,0.006092625827471938,0.0035851973489479,0.002825695860943838,0.34744760894607396,3367.1742225785692
LLLSYLLGLLLGTLLGFL,13,29698.24818561434,1584.530532967986,31158.53584310304,29922.78073028008,28013.427983459904,D,97.07244878500735,99999900.0,99999900.0,99999900.0,99999900.0,99999900.0,99999900.0,0.00958103569002259,0.009180183719398915,0.00876934084401644,0.00917685341781265,0.0004058576707907934,0.8893445652589503,8618.790338531468
LLLFYLLLILLGGLLATL,13,28538.217206331057,1424.4564168220877,29094.07820766251,29600.93579988228,26919.637611448383,D,91.50683459128562,99999900.0,99999900.0,99999900.0,99999900.0,99999900.0,99999900.0,0.006034962723831482,0.008394698635403708,0.0067017074243944305,0.007043789594543207,0.0012164923145836857,0.6826257007195052,6615.442455064054
LLLTALLLLLLGLLLGFL,17,27056.445710923617,1225.5926346503534,27111.242877621225,28253.72065917441,25804.373595975216,D,84.35944846109201,99999900.0,99999900.0,99999900.0,99999900.0,99999900.0,99999900.0,0.0026290905763182012,0.005106725770177626,0.004593481562199815,0.004109765969565214,0.0013077288019238125,0.3982844514465604,3859.842760848729
LLLYVLLGILLGLLLGFL,13,29064.750544179005,1756.9963538382444,30609.481621758343,29431.41556286851,27153.35444791016,D,93.94720779119432,99999900.0,99999900.0,99999900.0,99999900.0,99999900.0,99999900.0,0.008637937465162152,0.007980972629388731,0.007143511223515465,0.007920807106022115,0.0007490276133641834,0.7676189682328275,7439.126751904334
LLLTYLLAVLLGFLLLLL,17,26304.234151853376,218.54457958130251,26097.657368975364,26281.99860993226,26533.046476652504,D,80.86370189240172,99999900.0,99999900.0,99999900.0,99999900.0,99999900.0,99999900.0,0.0008880772905865302,0.0002946000748935046,0.005970919541736841,0.0023845323024056253,0.0031200454923310046,0.23108910508612304,2239.524054072602
LLLAYLLAVLLGLLLGFL,13,29305.550112676265,879.4166263689926,29899.913205198107,29721.40642545238,28295.330707378303,D,95.31195026329829,99999900.0,99999900.0,99999900.0,99999900.0,99999900.0,99999900.0,0.007419127577067567,0.008688715630880146,0.009302232253532359,0.00847002515382669,0.0009604113437461541,0.8208446288943609,7954.9457356724615
LLLTLLLGLLLGYLLLFL,17,27567.619033762523,1619.5829153213533,28201.587436438887,28774.318483287207,25726.95118156147,D,86.73654416735154,99999900.0,99999900.0,99999900.0,99999900.0,99999900.0,99999900.0,0.0045019511753838885,0.006377281205354241,0.0044471270361718645,0.005108786472303332,0.0010988906166646017,0.49510123757587193,4798.110799464351
LLLAYLLFTLLGALLGLL,13,27965.98524760304,1495.988234396003,29243.06167550424,28334.81372231432,26320.08034499056,D,88.63601531770409,99999900.0,99999900.0,99999900.0,99999900.0,99999900.0,99999900.0,0.006290868313102739,0.005304639067842905,0.005568341586820253,0.0057212829892552995,0.0005105931212673595,0.5544593229446482,5373.36016025757
LLLYFLLALLLGTLLGVL,13,25686.973436613967,1309.9811355741926,26395.12622966388,26490.45494008018,24175.339140097847,D,77.5787694180192,99999900.0,99999900.0,99999900.0,99999900.0,99999900.0,99999900.0,0.0013990329367875867,0.0008033523419967702,0.0015140559529823253,0.0012388137439222275,0.00038148073082240624,0.12005555939106737,1163.478966181616
LLLYLLLGFLLGVLLTIL,13,30695.449869486158,1283.125314814723,31185.89590675961,31661.01485331329,29239.43884838555,D,102.06442645721144,99999900.0,99999900.0,99999900.0,99999900.0,99999900.0,99999900.0,0.009628031462868824,0.01342246578500891,0.01108691567554298,0.011379137641140237,0.0019140214769280458,1.1027716971961583,10687.14918905785
LLLLFLLGTLLGYLLGLL,16,30441.97260192664,1808.6773826959372,32288.624982896938,30363.46598541476,28673.826837468223,D,100.65630484733306,99999900.0,99999900.0,99999900.0,99999900.0,99999900.0,99999900.0,0.01152216467189883,0.010255706935554826,0.010017717841810396,0.01059852981642135,0.0008086938307388039,1.0271216573726143,9954.011710277806
LLLAYLLALLLGFLLGTL,13,29832.164095628938,1321.619148828829,31159.188616962387,29821.28619996749,28516.01746995694,D,97.77755383347896,99999900.0,99999900.0,99999900.0,99999900.0,99999900.0,99999900.0,0.009582156945162887,0.008932479212855648,0.009719404809857411,0.009411346989291983,0.0004203510492107884,0.9120697384624921,8839.02388006226
LLLYGLLFVLLGLLLATL,13,26127.62312766053,819.6024794316849,26553.928153619046,26646.21253839649,25182.72869096605,D,79.81708728600437,99999900.0,99999900.0,99999900.0,99999900.0,99999900.0,99999900.0,0.0016718034697592566,0.0011834896647911948,0.0034183626238506663,0.002091218586133706,0.0011749876874530875,0.20266357101624205,1964.0473401200604
LLLAGLLYLLLGLLLLFL,16,26277.76263473195,1146.8930928885777,27413.885344636845,26299.008209608342,25120.39434995066,D,80.45611394703552,99999900.0,99999900.0,99999900.0,99999900.0,99999900.0,99999900.0,0.003148932811044644,0.00033611319369198614,0.0033005296551470633,0.0022618585532945645,0.001669466020411497,0.21920058217912142,2124.3103445915744
LLLAVLLYILLGLLLGTL,13,26823.22285624194,1552.5977925781865,28553.33327416433,26365.1054335159,25551.229861045595,D,83.0473959008333,99999900.0,99999900.0,99999900.0,99999900.0,99999900.0,99999900.0,0.005106137177903761,0.0004974280958987916,0.004114954360185911,0.0032395065446628214,0.00242587231917034,0.31394612166567565,3042.5055776258014
LLLALLLGVLLLLLLGFL,16,25595.47916544189,990.3657014860646,26663.542948622653,25415.35974745649,24707.534800246543,D,77.1587274076203,99999900.0,99999900.0,99999900.0,99999900.0,99999900.0,99999900.0,0.0018600863652684808,-0.0018204927396613562,0.002520085591621027,0.0008532264057427172,0.0023389057903369487,0.08268763075258757,801.339976524118
LLLAYLLGFLLGTLLGLL,13,31341.79769913488,1682.3545316778566,33200.9976760167,30899.894701384907,29924.500720003027,D,105.084843178043,99999900.0,99999900.0,99999900.0,99999900.0,99999900.0,99999900.0,0.013089326955407047,0.011564898770580647,0.01238191411081004,0.012345379945599247,0.0007628704880869464,1.1964118920505213,11594.632338149784
LLLTFLLGVLLILLLSIL,15,27395.06422310557,1753.7089464499595,27995.428046941208,28769.745746853696,25420.01887552181,D,85.88366024425675,99999900.0,99999900.0,99999900.0,99999900.0,99999900.0,99999900.0,0.0041478357770951815,0.0063661211219652476,0.0038669212583845214,0.00479362605248165,0.001369044849290292,0.46455850208779115,4502.115924339269
LLLSTLLGALLGILLALL,13,28664.534339810005,673.0864742192042,29440.44659957064,28237.648457275754,28315.50796258362,D,92.23048400423043,99999900.0,99999900.0,99999900.0,99999900.0,99999900.0,99999900.0,0.006629912007267088,0.005067500436279248,0.00934037408422157,0.007012595509255968,0.0021619891997512,0.6796026285448336,6586.145345406497
LLLTYLLVLLLGALLLWL,17,26041.14447408887,833.8322134552078,26322.5721833741,26697.848322742622,25103.01291614988,D,79.4102764004021,99999900.0,99999900.0,99999900.0,99999900.0,99999900.0,99999900.0,0.0012744084651010708,0.001309510411348086,0.00326767287168375,0.001950530582710969,0.0011408136980716548,0.18902925590358258,1831.9148596890734
LLLIYLLGVLLGFLLGLL,14,29806.501392638856,927.8467268605872,30321.07632755484,30363.0376320198,28735.39021834193,D,97.76018109339914,99999900.0,99999900.0,99999900.0,99999900.0,99999900.0,99999900.0,0.008142550105535759,0.010254661509106741,0.01013409343532134,0.009510435016654613,0.001186155981586763,0.9216725287224012,8932.086163397795
LLLTFLLGILLGVLLGLL,13,32129.48537933953,1445.3845856473033,33697.31323520418,31841.125142956345,30850.017759858078,D,108.9751362407415,99999900.0,99999900.0,99999900.0,99999900.0,99999900.0,99999900.0,0.013941837153204928,0.013862037555842203,0.0141314540692892,0.013978442926112111,0.00013838822705376002,1.354674819474601,13128.385444779718
LLLTYLLLVLLGALLGIL,13,28035.26179038828,1136.0683284185473,29063.19922731585,28227.09737635866,26815.488767490333,D,89.04315680045369,99999900.0,99999900.0,99999900.0,99999900.0,99999900.0,99999900.0,0.005981922586048526,0.005041749784652822,0.0065048309150623545,0.0058428344285879,0.0007413910811437192,0.5662390808908766,5487.519809895313
LLLALLLGTLLGLLLGFL,13,31615.726460443348,602.0271341172131,32309.32366502014,31228.568738171627,31309.286978138272,D,106.65470387731663,99999900.0,99999900.0,99999900.0,99999900.0,99999900.0,99999900.0,0.011557718337836472,0.012367050766802449,0.01499962808930133,0.01297479906464675,0.0017996400138518545,1.2574099757409982,12185.775203263418
LLLFTLLGALLGILLSLL,13,28522.24077191093,685.0989194030099,29290.045142143725,28303.316967668325,27973.36020592074,D,91.51610157218347,99999900.0,99999900.0,99999900.0,99999900.0,99999900.0,99999900.0,0.006371570768821899,0.005227769033139834,0.008693599204658618,0.006764313002206784,0.0017659783523207727,0.6555411460039379,6352.961401460281
LLLTVLLAILLGLLLAFL,13,26508.39249367081,1187.5685769377658,26670.85996103226,27606.36288416319,25247.954635816983,D,81.67130495520799,99999900.0,99999900.0,99999900.0,99999900.0,99999900.0,99999900.0,0.0018726546347517415,0.003526803800764751,0.003541661700941819,0.0029803733788194373,0.0009593413372041272,0.28883308321680706,2799.130825466321
LLLTFLLALLLIVLLAIL,15,27329.6105726175,1023.4041459721212,28276.74160951659,27468.06069547116,26244.029412864755,D,85.61918979604256,99999900.0,99999900.0,99999900.0,99999900.0,99999900.0,99999900.0,0.004631041827026357,0.0031892676271571357,0.005424579625771407,0.004414963026651633,0.0011332133377108507,0.42786162040580134,4146.480165545518
LLLLYLLGLLLGVLLGTL,16,28231.54127765524,1549.199400649515,29791.3603818528,28210.078859250072,26693.18459186285,D,89.91486786561849,99999900.0,99999900.0,99999900.0,99999900.0,99999900.0,99999900.0,0.007232668806657209,0.005000214902236033,0.006273634693777604,0.0061688394675569495,0.00111991032606201,0.5978327869744224,5793.699820870004
LLLAFLLGTLLLYLLGLL,16,27582.83298124509,2127.703033585834,29870.647743080044,27214.520798080885,25663.330402574356,D,86.63386941149929,99999900.0,99999900.0,99999900.0,99999900.0,99999900.0,99999900.0,0.007368858943660707,0.0025704857580390317,0.004326862264985197,0.004755402322228312,0.0024277214095978403,0.4608541749925424,4466.216656691534
LLLTFLLLLLLGVLLAIL,17,26781.078175437666,1046.8245191761978,26777.181631927542,27829.845527387573,25736.20736699788,D,83.04185001515303,99999900.0,99999900.0,99999900.0,99999900.0,99999900.0,99999900.0,0.0020552810042202417,0.004072228836876415,0.004464624354521215,0.0035307113985392907,0.0012927353545591923,0.342167282272793,3316.0016733847565
LLLLLLLGFLLGILLGTL,16,28060.40906265016,1782.8990435274002,28434.724793458383,29626.43253403442,26120.069860457683,D,89.15934537016675,99999900.0,99999900.0,99999900.0,99999900.0,99999900.0,99999900.0,0.0049024060284861,0.008456925200048803,0.005190254182983958,0.006183195137172953,0.001974360767218346,0.5992240194778058,5807.182493084143
LLLYALLALLLGTLLGFL,13,25302.251998193216,690.622408766991,25447.354678534397,25908.79433389473,24550.606982150533,D,75.83498001044701,99999900.0,99999900.0,99999900.0,99999900.0,99999900.0,99999900.0,-0.0002289331778418917,-0.0006162310876430088,0.0022234389859584055,0.0004594249068245017,0.0015399055721930014,0.04452365374343738,431.4863459117501
LLLAGLLYILLILLLGFL,14,26016.21733108394,789.2905098308689,26640.23558116494,26279.47373306853,25128.942679018342,D,79.2587338438751,99999900.0,99999900.0,99999900.0,99999900.0,99999900.0,99999900.0,0.001820051818549752,0.0002884379361488241,0.0033166888857588312,0.001808392880152469,0.0015141591401127198,0.17525444796740816,1698.4208392686994
LLLTALLGVLLGLLLGFL,13,31270.094804581397,1114.668869806161,32518.938333740432,30915.449000890047,30375.897079113696,D,104.85031684982742,99999900.0,99999900.0,99999900.0,99999900.0,99999900.0,99999900.0,0.011917768792399336,0.011602860127430918,0.013235205766574486,0.012251944895468247,0.0008659638111979614,1.1873569414857224,11506.879263028617
LLLYFLLGVLLGLLLATL,13,31464.25490501792,1654.0909018228697,33277.301330277645,31077.98519442616,30037.478190349968,D,105.68658425178744,99999900.0,99999900.0,99999900.0,99999900.0,99999900.0,99999900.0,0.013220392045313143,0.011999541086407581,0.01259547970740978,0.012605137613043502,0.0006104827780708312,1.2215854520179807,11838.593614700463
LLLSYLLALLLGTLLGFL,13,27550.35490239639,1109.663349977247,27864.428910150174,28469.12963322164,26317.506163817357,D,86.74681401153073,99999900.0,99999900.0,99999900.0,99999900.0,99999900.0,99999900.0,0.003922821473292368,0.005632446451450061,0.005563475514528822,0.00503958114642375,0.0009677568771051604,0.4883944310425438,4733.113989892554
LLLVGLLFALLGTLLLYL,17,26378.97723391387,2033.80754435098,28526.397211565047,26128.56166821249,24481.97282196407,D,80.77174653913251,99999900.0,99999900.0,99999900.0,99999900.0,99999900.0,99999900.0,0.0050598697022437075,-7.987352301514267e-05,0.002093697230170007,0.002357897803132857,0.0025800371242414295,0.22850791019303995,2214.5092527510315
LLLAFLLGTLLGYLLLLL,16,31680.030412188567,1958.6284150953147,33792.09591816076,31324.43305399674,29923.562264408203,D,106.6761554211703,99999900.0,99999900.0,99999900.0,99999900.0,99999900.0,99999900.0,0.014104643259721944,0.012601014340735283,0.012380140112610441,0.013028599237689223,0.0009384025837436204,1.2626238425564407,12236.303678604403
LLLYLLLATLLGILLAFL,13,25956.696824349623,2296.732667446943,26541.847822257267,27904.250714059257,23423.991936732345,D,78.80448464943902,99999900.0,99999900.0,99999900.0,99999900.0,99999900.0,99999900.0,0.0016510533532496014,0.004253819903823625,9.375584139779737e-05,0.0019995430328236747,0.002101812799335124,0.1937791362986592,1877.9467632475623
LLLFYLLITLLGILLALL,14,26085.91677485952,1033.0509303130743,27209.728138975377,25870.392729199582,25177.6294564036,D,79.54590149473269,99999900.0,99999900.0,99999900.0,99999900.0,99999900.0,99999900.0,0.0027982565194021826,-0.000709952892278043,0.0034087233473808747,0.0018323423248350049,0.0022227496856894392,0.1775754296263328,1720.9138696185548
LLLYTLLGALLGILLSVL,13,28258.70126732788,1484.9753858395493,29853.41424849263,28007.07344314281,26915.61611034819,D,90.06381882421256,99999900.0,99999900.0,99999900.0,99999900.0,99999900.0,99999900.0,0.007339257353286397,0.0045047659724504795,0.006694105428358834,0.006179376251365237,0.0014856967864421916,0.5988539247205065,5803.595841472206
LLLYFLLATLLGILLALL,13,27264.044619561475,1406.8136903475186,28833.31234247157,26842.968002187237,26115.853514025624,D,85.22908618370481,99999900.0,99999900.0,99999900.0,99999900.0,99999900.0,99999900.0,0.005587050996710131,0.0016636851484086357,0.005182283863428488,0.0041443400028490845,0.002157821931529681,0.4016350801642872,3892.314277006183
LLLLFLLGVLLGILLGLL,16,31044.583805870712,1230.182016229079,31803.80953324553,31704.696874447465,29625.245009919145,D,103.74562123807532,99999900.0,99999900.0,99999900.0,99999900.0,99999900.0,99999900.0,0.01068940795648491,0.013529074815628876,0.01181621969347462,0.012011567488529468,0.0014298767564041076,1.164061555721241,11281.119694012963
LLLGYLLFLLLGSLLAFL,13,26443.60070085653,1619.605522542807,26373.36805211552,28097.18005536992,24860.25399508416,D,81.34579543812353,99999900.0,99999900.0,99999900.0,99999900.0,99999900.0,99999900.0,0.0013616593991216646,0.004724677467673523,0.002808776477136241,0.002965037781310476,0.0016869457100743472,0.2873468842247735,2784.727816763002
LLLVFLLGTLLGILLLLL,17,29605.70004407365,1109.904461108127,30705.13183035281,29626.35703184355,28485.611270024587,D,96.71488263381384,99999900.0,99999900.0,99999900.0,99999900.0,99999900.0,99999900.0,0.008802233701173312,0.008456740931666313,0.009661926817042185,0.00897363381662727,0.0006206059573195613,0.869650206022755,8427.928933695575
LLLTGLLLLLLGALLLYL,17,25867.842802016403,856.7064448279032,26451.025125200696,26268.255770508527,24884.24751033998,D,78.52854307227061,99999900.0,99999900.0,99999900.0,99999900.0,99999900.0,99999900.0,0.0014950492264416693,0.0002610597131865774,0.0028541323289215438,0.0015367470895165968,0.001297039101745744,0.1489287896422404,1443.2943804227166
LLLSTLLGLLLIVLLAIL,14,27928.10733137405,1167.4535324632222,28464.445712684308,28731.014051199112,26588.862230238727,D,88.55794263458718,99999900.0,99999900.0,99999900.0,99999900.0,99999900.0,99999900.0,0.004953456990437622,0.006271593707235071,0.006076430177421104,0.005767160291697933,0.0007114119746699567,0.5589053708151417,5416.4475708380805
LLLTFLLGVLLGILLLLL,17,30256.71503235713,1451.3968461847148,31780.29695383433,30099.553215413136,28890.29492782391,D,99.82555362686794,99999900.0,99999900.0,99999900.0,99999900.0,99999900.0,99999900.0,0.010649020921757658,0.009611609344656272,0.010426915682049257,0.010229181982821063,0.0005462413907182848,0.991327526906828,9607.124667970613
LLLYLLLGALLGILLTFL,13,27497.160659624533,756.9743537727352,27084.593653269803,28370.7907902904,27036.0975353134,D,86.63987425047918,99999900.0,99999900.0,99999900.0,99999900.0,99999900.0,99999900.0,0.0025833157963371265,0.005392443620880805,0.006921856034943191,0.004965871817387041,0.0022005011879462676,0.48125113385742807,4663.887074735763
LLLAYLLGLLLGVLLGTL,13,30972.334257198363,1239.751454698762,32389.449556880125,30439.338106506933,30088.215108208035,D,103.38010844958904,99999900.0,99999900.0,99999900.0,99999900.0,99999900.0,99999900.0,0.011695348800258635,0.010440878158650739,0.012691389627314295,0.011609205528741224,0.0011277260150707445,1.1250679698032144,10903.22618152815
LLLLYLLAVLLGTLLTFL,13,26395.62165426216,850.4532721256013,26746.417263744257,27014.56483319576,25425.882865846463,D,81.13098027204377,99999900.0,99999900.0,99999900.0,99999900.0,99999900.0,99999900.0,0.002002437733201305,0.002082479227443671,0.0038780061816731507,0.002654307714106042,0.0010605093657505835,0.25723350178865295,2492.893875521827
LLLTALLFYLLILLLGVL,15,27816.46295932591,1388.7015388175585,26381.237834982738,29153.42081756008,27914.73022543491,D,88.36053897699236,99999900.0,99999900.0,99999900.0,99999900.0,99999900.0,99999900.0,0.0013751771501261726,0.007302506991918764,0.008582768729143138,0.0057534842903960255,0.0038453800319153985,0.5575800061309115,5403.6032349285815
LLLTYLLVALLGLLLGFL,13,26926.39724399549,1369.9823773484395,27533.056627234502,27888.30468777445,25357.83041697751,D,83.63578301165039,99999900.0,99999900.0,99999900.0,99999900.0,99999900.0,99999900.0,0.003353630672754796,0.0042149025103440044,0.003749364056848267,0.003772632413315689,0.00043110712922148965,0.3656122617137529,3543.2109803129188
LLLTVLLLLLLGFLLAIL,17,26851.988850227845,1912.1924614806237,28951.100801763187,26395.540597335577,25209.325151584773,D,83.11242682378588,99999900.0,99999900.0,99999900.0,99999900.0,99999900.0,99999900.0,0.005789373613581933,0.0005717072438715747,0.003468638921965999,0.003276573259806502,0.0026141303525909322,0.31753832044712804,3077.318190600674
LLLYTLLAILLGLLLGFL,13,25772.30049957026,1282.5808397650546,25153.98478589871,27246.910143998542,24916.006568813536,D,78.19768090135112,99999900.0,99999900.0,99999900.0,99999900.0,99999900.0,99999900.0,-0.0007328481177809778,0.002649534224228125,0.00291416768154116,0.0016102845959961023,0.0020335217978820932,0.15605543520936896,1512.3599219006937
LLLTLLLGLLLGYLLAFL,13,31070.24088135056,1756.6398043409129,32857.527852662155,31007.252175871057,29345.942615518456,D,103.7348393279067,99999900.0,99999900.0,99999900.0,99999900.0,99999900.0,99999900.0,0.012499356478710838,0.011826912202825918,0.011288243785457367,0.011871504155664708,0.0006067864703776786,1.1504877785010945,11149.573896655655
LLLLVLLGFLLGILLSLL,16,30241.075417910863,1862.0312194275232,32124.14302016873,30198.264358297845,28400.818875266028,D,99.6642058957042,99999900.0,99999900.0,99999900.0,99999900.0,99999900.0,99999900.0,0.0112396376626526,0.009852520799325528,0.009501640537679386,0.010197932999885839,0.0009190433574242981,0.9882991345071666,9577.77599910245
LLLFYLLLTLLGALLLWL,16,25282.27804421875,829.858598380119,25886.830223795598,25623.859694876217,24336.144213984444,D,75.67070296679684,99999900.0,99999900.0,99999900.0,99999900.0,99999900.0,99999900.0,0.0005259441921750982,-0.0013116340215527358,0.0018180318823016336,0.00034411401764133194,0.0015727360956992696,0.03334867818905256,323.1877459046615
LLLTLLLGVLLGFLLLIL,17,28335.426731290907,1003.7981946964886,29421.08425450133,28144.196636347548,27440.999303023844,D,90.5361798275604,99999900.0,99999900.0,99999900.0,99999900.0,99999900.0,99999900.0,0.006596653737766343,0.004839424725033557,0.0076872572013865536,0.006374445221395485,0.0014368611352192368,0.6177583923466672,5986.8022715739
LLLYFLLALLLLTLLGVL,17,25630.302950806177,1936.135523932927,27356.496539931257,25997.577050194985,23536.83526229229,D,77.13878736755032,99999900.0,99999900.0,99999900.0,99999900.0,99999900.0,99999900.0,0.003050357337547421,-0.0003995506531112817,0.00030706785901955314,0.0009859581811518974,0.0018223982380688394,0.09555089419626395,926.0000633129345
LLLVFLLATLLGLLLIIL,15,26881.583140496183,1331.9719751194802,28262.08005552351,26778.54890556548,25604.12046039956,D,83.3675410525605,99999900.0,99999900.0,99999900.0,99999900.0,99999900.0,99999900.0,0.004605858001810145,0.0015064658333232776,0.0042149354658953956,0.003442419767009606,0.001687940559465345,0.33361078920444376,3233.0792351420178
LLLALLLGILLGTLLGFL,13,31450.836162594453,2237.7644427443192,33968.67595977112,30694.859370158112,29688.97315785413,D,105.51493828380384,99999900.0,99999900.0,99999900.0,99999900.0,99999900.0,99999900.0,0.014407950869998859,0.011064495690837851,0.011936687428255158,0.01246971132969729,0.0017342891896670763,1.208461059200134,11711.402878470333
LLLLGLLYVLLITLLAFL,14,27484.057387516903,2036.8201508870309,29077.166050084816,28185.88215345693,25189.12395900896,D,86.18425299190248,99999900.0,99999900.0,99999900.0,99999900.0,99999900.0,99999900.0,0.006005913086892126,0.00494116114781199,0.0034304518415575695,0.004792508692087229,0.0012941496517017684,0.4644502167802929,4501.066512897935
LLLALLLTVLLGSLLGWL,13,26406.77686612639,1082.8125614519377,27537.662457721683,26303.18510397458,25379.483036682905,D,81.09990684130395,99999900.0,99999900.0,99999900.0,99999900.0,99999900.0,99999900.0,0.003361542005347467,0.0003463071968041349,0.003790294825001679,0.002499381342384427,0.0018768999580065764,0.24221932204394178,2347.3888908626886
LLLAFLLGTLLGVLLGLL,13,32125.24129208904,1597.2231603375683,33726.50465118404,32117.1300003131,30532.089224769985,D,108.91905128540108,99999900.0,99999900.0,99999900.0,99999900.0,99999900.0,99999900.0,0.01399197859920701,0.014535646732460257,0.013530461702725666,0.014019362344797644,0.0005031517048987926,1.3586403903478261,13166.816470575626
LLLLVLLYILLIALLGTL,14,28985.48757049594,1962.082478376636,31166.21974509805,28427.167570431666,27363.075395958105,D,93.52460669333956,99999900.0,99999900.0,99999900.0,99999900.0,99999900.0,99999900.0,0.009594234157586952,0.0055300350995780385,0.007539954684780617,0.007554741313981869,0.002032139876849644,0.7321429060298198,7095.322163549543
LLLYFLLLVLLGILLTLL,17,26128.924710585576,1344.486078982811,27197.279800782588,26570.25004478378,24619.24428619036,D,79.70034211708702,99999900.0,99999900.0,99999900.0,99999900.0,99999900.0,99999900.0,0.002776874285743493,0.0009980978812322166,0.002353186684692038,0.0020427196172225826,0.0009291413909082022,0.19796345296291795,1918.4976919292585
LLLYFLLGSLLGILLLLL,17,25223.07981902961,2277.331403227089,25089.42795034296,27564.293847701098,23015.517659044774,D,75.3285701565472,99999900.0,99999900.0,99999900.0,99999900.0,99999900.0,99999900.0,-0.0008437359584501971,0.0034241313721570304,-0.0006783985761343114,0.0006339989458575072,0.002417739301437154,0.06144192254219013,595.4441833613012
LLLIYLLAFLLGLLLGTL,14,29122.265144268196,1719.938800646327,30063.244210504992,30166.407010417224,27137.14421188236,D,94.28223262162938,99999900.0,99999900.0,99999900.0,99999900.0,99999900.0,99999900.0,0.007699677612348853,0.009774770711589345,0.0071128683996173215,0.008195772241185173,0.0013985754860538224,0.7942663099151408,7697.370699200729
LLLAVLLYILLILLLGTL,14,26904.55439913829,1118.9970934496891,27755.53182966628,27321.106392330752,25637.024975417848,D,83.53481792940217,99999900.0,99999900.0,99999900.0,99999900.0,99999900.0,99999900.0,0.0037357713800514514,0.0028306153625307267,0.0042771361184602424,0.003614507620347474,0.0007308448870293084,0.3502881174939035,3394.7020768938655
LLLTYLLAVLLGLLLGFL,13,29462.735436004925,1706.7897140686289,31042.916827822584,29692.645330667183,27652.644149525004,D,95.8973716229914,99999900.0,99999900.0,99999900.0,99999900.0,99999900.0,99999900.0,0.009382439478879621,0.008618522165582366,0.008087337480857106,0.008696099708439696,0.0006510268832293438,0.8427539007694191,8167.272237837602
LLLFYLLLILLGALLGTL,13,27397.78951631045,1412.695841576333,28985.05835277724,26929.950695642638,26278.35950051149,D,85.88328903430592,99999900.0,99999900.0,99999900.0,99999900.0,99999900.0,99999900.0,0.005847701743731862,0.0018759725011735123,0.005489475092337277,0.004404383112414217,0.0021969812806936456,0.42683630281603924,4136.543637363108
LLLYTLLAILLGVLLALL,13,26772.61747211676,990.2732732649928,27405.11403125525,27281.355394099664,25631.382990995367,D,82.92571323277278,99999900.0,99999900.0,99999900.0,99999900.0,99999900.0,99999900.0,0.003133866521125921,0.0027336002685043994,0.004266470861347535,0.003377979216992618,0.0007950574317703698,0.327365745251942,3172.5574457432667
LLLYALLFILLLLLLGTL,17,25540.33063325873,799.5254543937293,24729.536307095164,26328.08936961799,25563.36622306305,D,77.17411831087612,99999900.0,99999900.0,99999900.0,99999900.0,99999900.0,99999900.0,-0.0014619138299504662,0.0004070878005768022,0.004137896185550286,0.001027690052058874,0.002851022346165336,0.09959520120428131,965.1941344619562
LLLAFLLGVLLGLLLGTL,13,31193.63808363044,1612.6348997644322,32752.72503763196,31295.869647291936,29532.319565967417,D,104.3671457123999,99999900.0,99999900.0,99999900.0,99999900.0,99999900.0,99999900.0,0.012319339014181955,0.012531303347037224,0.011640559202795352,0.01216373385467151,0.0004653128054062123,1.1788082586031845,11424.03251463281
LLLYLLLAFLLGTLLGVL,13,30229.923374969592,1992.7171497395773,31773.5127847386,30935.938008059024,27980.31933211116,D,99.60273865784764,99999900.0,99999900.0,99999900.0,99999900.0,99999900.0,99999900.0,0.010637367905384033,0.01165286498379827,0.008706754304804745,0.01033232906466235,0.001496555563279073,1.0013236870808382,9703.999166444763
LLLTYLLFALLGLLLGVL,13,28549.147533160613,1148.115065080024,29835.306434060327,28184.482636732333,27627.65352868917,D,91.55659910991,99999900.0,99999900.0,99999900.0,99999900.0,99999900.0,99999900.0,0.007308153963159675,0.004937745529269815,0.008040096762581038,0.006761998751670176,0.0016216842880119333,0.6553168680250191,6350.787885195202
LLLAFLLGTLLGLLLAVL,13,32132.139458772966,950.9475358483724,32786.7527368201,32568.31976010227,31041.345879396533,D,109.10059555707358,99999900.0,99999900.0,99999900.0,99999900.0,99999900.0,99999900.0,0.012377787636290388,0.015636806927613038,0.014493128869318412,0.014169241144407279,0.0016534748649629904,1.373165401243351,13307.580836226145
LLLYTLLALLLGILLLFL,17,26074.24168338071,1992.0880113960425,27653.30054512292,26733.278605326384,23836.145899692838,D,79.30696245538944,99999900.0,99999900.0,99999900.0,99999900.0,99999900.0,99999900.0,0.003560170976248129,0.0013959804963572945,0.0008728661075446541,0.001943005860050026,0.001424720823786795,0.18830002215657723,1824.8477306833536
LLLLYLLGVLLGTLLGLL,17,28491.225956198923,2088.597027345098,30339.89158569716,28908.185087809245,26225.601195090363,D,91.07941083503864,99999900.0,99999900.0,99999900.0,99999900.0,99999900.0,99999900.0,0.0081748686559894,0.006703992025273576,0.005389744066865972,0.00675620158270965,0.0013932961360208888,0.6547550544627665,6345.343253843585
LLLSYLLGVLLGTLLGLL,13,30691.08292338444,2321.877521609679,33116.89829844304,30466.952283502014,28489.39818820826,D,101.7694668396697,99999900.0,99999900.0,99999900.0,99999900.0,99999900.0,99999900.0,0.012944871324946117,0.010508272490789606,0.00966908537209468,0.011040743062610136,0.001701569006715819,1.0699772996366765,10369.333071565388
LLLYFLLGTLLGILLLLL,17,24975.041518211096,2392.248004056753,23299.42915165192,27714.713340984963,23910.9820619964,D,74.39129300259013,99999900.0,99999900.0,99999900.0,99999900.0,99999900.0,99999900.0,-0.0039183770848099505,0.0037912406759157014,0.001014331743131246,0.000295731778078999,0.003904720340364201,0.028659872576630187,277.74772851406624
LLLTLLLGILLGVLLLAL,17,29497.507163224127,2629.4427677930203,32022.207019609083,29695.769177156028,26774.545292907267,D,95.8777254685246,99999900.0,99999900.0,99999900.0,99999900.0,99999900.0,99999900.0,0.011064544461580896,0.008626146131629136,0.006427433912373708,0.008706041501861246,0.0023195874663462343,0.8437173769791645,8176.6094506259205
LLLAFLLGLLLGVLLGTL,13,32043.00312134873,1558.9719808106245,33840.75831888899,31224.442545931983,31063.80849922523,D,108.5599114739002,99999900.0,99999900.0,99999900.0,99999900.0,99999900.0,99999900.0,0.014188229583185304,0.012356980505779753,0.01453559081142224,0.013693600300129097,0.0011705038708630714,1.3270702332576771,12860.864676924903
LLLYILLALLLGVLLSTL,13,27128.38945610102,1784.7181958881938,28733.996745681085,27444.39677053061,25206.774852091366,D,84.4841703634064,99999900.0,99999900.0,99999900.0,99999900.0,99999900.0,99999900.0,0.005416458804914087,0.0031315141617021753,0.0034638179941195455,0.00400393032024527,0.001234517719297867,0.3880277375983643,3760.4431921403125
LLLYVLLGILLGFLLALL,13,31110.63563357186,1750.8189265694132,33053.31053755519,30623.93988088876,29654.656482271632,D,103.94354967143023,99999900.0,99999900.0,99999900.0,99999900.0,99999900.0,99999900.0,0.012835648042281409,0.01089141171242383,0.01187181731502294,0.011866292356576059,0.0009721299401103214,1.1499826941346258,11144.679037646092
LLLLFLLGVLLGILLATL,13,31684.256622405475,1829.882963606797,33395.366437205,31902.270092786537,29755.13333722489,D,106.72016819615072,99999900.0,99999900.0,99999900.0,99999900.0,99999900.0,99999900.0,0.013423189853676116,0.014011266086469944,0.012061752524287771,0.013165402821477943,0.000999995698870856,1.2758817119165733,12364.787958842122
LLLTLLLGLLLGVLLAIL,13,30989.230222957365,1285.0012685939837,32443.11086459848,30005.57689081082,30519.002913462795,D,103.50100971460851,99999900.0,99999900.0,99999900.0,99999900.0,99999900.0,99999900.0,0.011787521635081623,0.009382253545475047,0.013505724152194332,0.011558499777583666,0.0020712534175055296,1.1201539887068381,10855.603949997627
LLLSYLLATLLGALLGLL,13,29039.084036931104,1036.7913085142493,29289.77032935769,29927.54733403071,27899.934447404918,D,94.03270067161888,99999900.0,99999900.0,99999900.0,99999900.0,99999900.0,99999900.0,0.00637109872901125,0.009191816949547387,0.008554799708838216,0.008039238462465617,0.0014793462640595972,0.779096353608171,7550.356057225169
LLLTFLLGVLLGILLILL,15,30796.446694214632,2217.023351647681,33234.7669124352,30252.666794181965,28901.90637602673,D,102.31398791855032,99999900.0,99999900.0,99999900.0,99999900.0,99999900.0,99999900.0,0.013147331621764381,0.009985293752645515,0.010448865242923716,0.01119383020577787,0.0017075861525397964,1.084813236595523,10513.110674891424
LLLAVLLYILLLLLLGTL,16,26543.55265271257,1062.621795931223,25418.568129503223,27530.276511552387,26681.81331708209,D,82.11695315226233,99999900.0,99999900.0,99999900.0,99999900.0,99999900.0,99999900.0,-0.0002783791928905848,0.003341109681838537,0.00625213914183088,0.003104956543592944,0.003271657631623568,0.3009066508624465,2916.1378351685103
LLLTLLLGLLLLYLLAFL,17,27455.360834032366,308.4367567103869,27621.55942789258,27645.05587985737,27099.46719434716,D,86.38734351193143,99999900.0,99999900.0,99999900.0,99999900.0,99999900.0,99999900.0,0.0035056499651142806,0.0036212367655322954,0.007041646104558895,0.004722844278401824,0.0020089727496533506,0.45769891926225614,4435.638533581433
LLLYTLLGVLLGLLLGFL,13,30265.48028764526,1003.74623767623,31009.164403949875,30663.512869298916,29123.763589686994,D,99.97090627377824,99999900.0,99999900.0,99999900.0,99999900.0,99999900.0,99999900.0,0.009324463691058285,0.010987992361020264,0.010868250347314952,0.010393568799797833,0.0009278059266955038,1.007258534586948,9761.514789010493
LLLAVLLYLLLGTLLAFL,13,26204.34691326746,1806.523079141189,26786.786969911187,27647.80216314103,24178.451606750165,D,80.06571602063589,99999900.0,99999900.0,99999900.0,99999900.0,99999900.0,99999900.0,0.0020717798796489268,0.003627939262144794,0.001519939566728125,0.0024065529028406154,0.0010931470220248826,0.23322315914898778,2260.205537107883
LLLAYLLGTLLGVLLGLL,13,29903.35205447885,1013.8501433224296,30809.09557768707,30092.83036545176,28808.13022029774,D,98.19071603707734,99999900.0,99999900.0,99999900.0,99999900.0,99999900.0,99999900.0,0.008980809917782025,0.00959520175867978,0.010271596619510654,0.009615869431990819,0.0006456414964048832,0.9318903582987681,9031.108897975266
LLLALLLGILLGLLLGFL,13,31593.490987272544,2131.2013039301323,33954.80609700537,31012.96859408563,29812.69827072663,D,106.2256218855188,99999900.0,99999900.0,99999900.0,99999900.0,99999900.0,99999900.0,0.01438412691519636,0.011840863521667183,0.01217056970109984,0.012798520045987796,0.0013830359355237526,1.2403264744496711,12020.216069458955
LLLAFLLGLLLGTLLGVL,13,32700.546814068915,869.7626139937238,33525.04305825682,31791.668585969277,32784.928797980654,D,111.9786054805336,99999900.0,99999900.0,99999900.0,99999900.0,99999900.0,99999900.0,0.01364593250160687,0.013741335366216018,0.017789089781569553,0.015058785883130815,0.002364993649043532,1.4593727037815925,14143.030554200319
LLLYFLLGTLLGLLLAVL,13,31324.53771502297,1950.46561859364,32411.84943129406,32488.98930463789,29072.77440913697,D,104.9944273182753,99999900.0,99999900.0,99999900.0,99999900.0,99999900.0,99999900.0,0.011733824566359005,0.015443195397374553,0.010771863565677366,0.012649627843136974,0.0024666489417375145,1.225897076333996,11880.378303616202
LLLLFLLGSLLGILLTLL,16,29190.90913124568,1434.4976075539312,30552.91585531364,29326.29210470073,27693.519433722675,D,94.6241007121843,99999900.0,99999900.0,99999900.0,99999900.0,99999900.0,99999900.0,0.008540775706181015,0.007724411470364952,0.008164605580674281,0.008143264252406749,0.00040860033112939713,0.7891776708875056,7648.055827776418
LLLYLLLAFLLLTLLGVL,17,26078.50166558893,1798.711901968962,27958.77051051054,25902.43943173185,24374.295054524413,D,79.35136585319202,99999900.0,99999900.0,99999900.0,99999900.0,99999900.0,99999900.0,0.004084869942043685,-0.0006317406712583866,0.001890149862954584,0.0017810930445799607,0.0023601957464591647,0.17260877419520354,1672.781162097969
LLLLYLLGFLLGTLLGLL,16,29510.97032596793,1959.7589524194343,31523.248057342524,29401.32959215184,27608.33332840943,D,96.079352572397,99999900.0,99999900.0,99999900.0,99999900.0,99999900.0,99999900.0,0.010207493749104223,0.007907545711629759,0.00800357505531942,0.008706204838684466,0.0013010406231645383,0.8437332062301532,8176.762854605456
LLLAGLLYLLLILLLGFL,14,26096.712948423767,1624.256594784507,27274.41182821076,26771.97525086649,24243.75176619405,D,79.49691538158167,99999900.0,99999900.0,99999900.0,99999900.0,99999900.0,99999900.0,0.0029093622538156425,0.0014904223688293374,0.0016433789344787522,0.0020143878523745775,0.0007788345858845192,0.19521777315911285,1891.8888391964078
LLLYVLLGILLGFLLLLL,17,26320.966422962432,1352.5168814379035,26657.88128305103,27473.17859481072,24831.839391025547,D,80.71494375859415,99999900.0,99999900.0,99999900.0,99999900.0,99999900.0,99999900.0,0.0018503614482333738,0.003201758218783502,0.0027550632735277012,0.002602394313514859,0.0006885122848409323,0.2522024853195151,2444.137434170468
LLLYFLLGTLLGILLALL,13,30661.620326701308,2215.5132349274054,33176.15374050567,29812.201848046498,28996.505391551756,D,101.67117273648353,99999900.0,99999900.0,99999900.0,99999900.0,99999900.0,99999900.0,0.013046653079916917,0.008910308216025334,0.010627689349414226,0.010861550215118825,0.0020780652989359234,1.0526114142079803,10201.037304773008
LLLALLLGLLLGTLLGFL,13,31008.992338713797,1712.3027626079563,32862.68972323302,30677.824144544185,29486.463148364168,D,103.44950962996008,99999900.0,99999900.0,99999900.0,99999900.0,99999900.0,99999900.0,0.012508222908988748,0.01102292003014407,0.011553875077603928,0.011695006005578915,0.0007526417571457108,1.133383040808284,10983.808957251109
LLLSYLLLVLLGTLLGLL,17,27581.37084801445,1973.886283937308,29299.01678563016,28020.04407829931,25425.051680113887,D,86.6608556043631,99999900.0,99999900.0,99999900.0,99999900.0,99999900.0,99999900.0,0.006386981161306297,0.0045364217155836155,0.0038764349597621138,0.004933279278884009,0.0013014732043663158,0.4780925351890216,4633.276554640402
LLLYFLLLTLLGILLGLL,17,24972.162250859088,1547.793755350866,24116.287246589352,26758.87640568668,24041.323100301237,D,74.30706327981558,99999900.0,99999900.0,99999900.0,99999900.0,99999900.0,99999900.0,-0.0025152781023239784,0.001458453720158727,0.0012607203507139725,6.796532284957374e-05,0.0022393379750776303,0.006586635718187775,63.83221364242969
LLLTVLLGILLGLLLAFL,13,28532.34788956948,1285.45421673347,29863.20538604134,28436.13464216021,27297.703640506887,D,91.4381058318348,99999900.0,99999900.0,99999900.0,99999900.0,99999900.0,99999900.0,0.0073560753724957505,0.0055519198658882645,0.007416379976382221,0.006774791738255413,0.0010594672592782305,0.6565566582423203,6362.802904304887
LLLLYLLGILLGLLLGFL,17,28125.05797079961,1682.5259598167258,29126.69085088725,29065.92189949316,26182.56116201843,D,89.41074343488275,99999900.0,99999900.0,99999900.0,99999900.0,99999900.0,99999900.0,0.006090980735782892,0.007088959756850204,0.0053083838601588095,0.006162774784263968,0.0008924563967038211,0.5972450481405254,5788.0039432753665
LLLYLLLGILLGVLLLTL,17,25446.365711255257,774.1486886596975,24792.674625506337,26301.24739442963,25245.17511382981,D,76.67637954442587,99999900.0,99999900.0,99999900.0,99999900.0,99999900.0,99999900.0,-0.0013534625446322039,0.00034157808100667857,0.003536407465122679,0.000841507667165718,0.0024829728897861362,0.08155194774767925,790.3338782212761
LLLTLLLGVLLGFLLAIL,13,31744.820028673937,703.4538138577311,32290.81242460748,31992.656333454503,30950.991327959837,D,107.2505467900357,99999900.0,99999900.0,99999900.0,99999900.0,99999900.0,99999900.0,0.011525921991875618,0.014231860034478806,0.014322328234255314,0.013360036753536579,0.0015890339338729314,1.2947440192686053,12547.585806514096
LLLVYLLLTLLGALLGFL,13,26382.944447507187,1930.6491234676496,28283.98383261178,26440.860662763247,24423.98884714653,D,80.80997840956623,99999900.0,99999900.0,99999900.0,99999900.0,99999900.0,99999900.0,0.00464348163256758,0.0006823140362641791,0.0019840879236675325,0.002436627864166431,0.0020189864981745363,0.23613777510586578,2288.4515790031924
LLLTYLLLILLLALLGWL,17,25470.38765065208,420.7500504830605,25696.38651990052,25729.84490922228,24984.931522833445,D,76.67487633848474,99999900.0,99999900.0,99999900.0,99999900.0,99999900.0,99999900.0,0.00019882327752405253,-0.0010529696862469997,0.0030444591359405893,0.0007301042424058807,0.0020997441120188236,0.07075565125578095,685.7051217963683
LLLVLLLAILLLTLLTFL,17,27583.632563537136,1481.3189632305175,29119.75827668613,27467.14028324597,26163.999130679294,D,86.76546386573243,99999900.0,99999900.0,99999900.0,99999900.0,99999900.0,99999900.0,0.006079072807260318,0.0031870212966863794,0.005273295348397373,0.0048464631507813575,0.0014925246325084684,0.4696790356822025,4551.739891467003
LLLTYLLLVLLGFLLGLL,17,29371.74666662697,1392.8119005673598,30368.40626514261,29966.544135292264,27780.28959944604,D,95.53492034419008,99999900.0,99999900.0,99999900.0,99999900.0,99999900.0,99999900.0,0.00822384768669716,0.00928699137307059,0.008328630515494135,0.008613156525087295,0.0005859052074100182,0.834715734964509,8089.372997784674
LLLYLLLLILLGFLLATL,17,25146.613219455547,2044.7529587335728,26311.65433795143,26342.58192259017,22785.603397825034,D,74.80687492876193,99999900.0,99999900.0,99999900.0,99999900.0,99999900.0,99999900.0,0.0012556551248349595,0.00044245789068382357,-0.0011130142230716665,0.00019503293081570556,0.0012035626086757617,0.018900975004220527,183.17258250492375
LLLGYLLAALLGILLTLL,13,29058.39638754976,1107.9346581017826,29604.66253019301,29787.11868636613,27783.407946090127,D,94.0829813273648,99999900.0,99999900.0,99999900.0,99999900.0,99999900.0,99999900.0,0.0069119820590817565,0.008849091003950513,0.008334525244411358,0.00803186610248121,0.0010033940817136893,0.7783818855888237,7543.432025412429
LLLTLLLGILLGVLLGAL,13,31257.596462724126,1282.7057203772438,32690.59114548589,30216.70947220061,30865.488770485877,D,104.82160403651504,99999900.0,99999900.0,99999900.0,99999900.0,99999900.0,99999900.0,0.012212613009520493,0.009897537391090101,0.014160699507380355,0.012090283302663651,0.002134212085367305,1.1716900399426722,11355.048639748598
LLLTFLLGVLLGILLGLL,13,31234.71468587009,1913.6306956924975,33206.11976370764,31113.392823391867,29384.63147051078,D,104.50639254587252,99999900.0,99999900.0,99999900.0,99999900.0,99999900.0,99999900.0,0.013098125051516894,0.012085955883676015,0.01136137879523253,0.012181819910141813,0.0008723326907534275,1.1805610091819683,11441.01872036723
LLLTYLLLILLGALLGWL,13,26258.97517470772,1167.0246825448448,27522.85684638466,26031.87869126684,25222.18998647166,D,80.36359883608729,99999900.0,99999900.0,99999900.0,99999900.0,99999900.0,99999900.0,0.003336110736035446,-0.0003158350967245522,0.0034929578072210696,0.0021710778155106542,0.0021551571000083787,0.2104028655651012,2039.0501676971703
LLLYVLLTILLGALLSLL,13,27012.970104946893,2632.6895541726835,29449.147478732422,27369.630331767527,24220.132504340727,D,83.74698135142017,99999900.0,99999900.0,99999900.0,99999900.0,99999900.0,99999900.0,0.006644857313892914,0.002949041433735774,0.0015987305480928626,0.0037308764319071834,0.002612335795299905,0.3615656181157821,3503.9942648708943
LLLFYLLGVLLGLLLATL,13,30681.351768957906,977.645525573508,31247.536730516906,31244.05283015672,29552.465746200087,D,102.02115808864323,99999900.0,99999900.0,99999900.0,99999900.0,99999900.0,99999900.0,0.009733910534924884,0.012404840777285039,0.011678642291285327,0.011272464534498415,0.0013810149772793391,1.0924338239261062,10586.963090506784
LLLALLLGFLLGTLLGVL,13,31494.136369418826,2002.7639052373568,33154.90184214616,32057.47411922487,29270.03314688544,D,105.76686223277667,99999900.0,99999900.0,99999900.0,99999900.0,99999900.0,99999900.0,0.013010149166753866,0.014390052378342328,0.01114474923821361,0.012848316927769936,0.001628692841825384,1.2451523754599048,12066.98470180518
LLLTALLFYLLLLLLGVL,17,29030.59129725592,1323.60682042326,30554.9185631051,28364.6295614672,28172.225767195458,D,93.88971995129992,99999900.0,99999900.0,99999900.0,99999900.0,99999900.0,99999900.0,0.008544215712813538,0.0053774067106093825,0.009069522316641508,0.00766371491335481,0.001997345902807545,0.7427037239863227,7197.66885720027
LLLYILLATLLGVLLSLL,13,25936.955531288502,1478.252524488838,25780.67077158685,27487.141331548984,24543.054490729664,D,78.89979183643435,99999900.0,99999900.0,99999900.0,99999900.0,99999900.0,99999900.0,0.0003435964621366635,0.003235835255280868,0.0022091622250151916,0.001929531314144241,0.0014662559100913964,0.18699418085945224,1812.1925992585168
LLLAVLLYTLLGGLLALL,13,27262.580950697982,1368.1628972409944,28700.807652175543,27109.592744918,25977.342455000417,D,85.2213681179083,99999900.0,99999900.0,99999900.0,99999900.0,99999900.0,99999900.0,0.005359450637135784,0.0023144014986094027,0.004920451155849361,0.004198101097198183,0.0016460325845605503,0.40684515979669567,3942.8060501084424
LLLAGLLYLLLLLLLGFL,16,25561.168439289275,1791.9391560227994,23510.38235634499,26824.790929800016,26348.332031722817,D,77.48035613804886,99999900.0,99999900.0,99999900.0,99999900.0,99999900.0,99999900.0,-0.0035560274567761167,0.0016193227307274988,0.005621746821628525,0.0012283473651933023,0.004601361915637305,0.11904124472167929,1153.6490691830243
LLLSTLLGALLGFLLALL,13,32198.418748331336,1471.711278265921,33868.19344357125,31637.07013092607,31089.992670496697,D,109.31876102981364,99999900.0,99999900.0,99999900.0,99999900.0,99999900.0,99999900.0,0.014235354286685974,0.013364027013727598,0.014585087743349356,0.014061489681254308,0.0006288235063374592,1.3627230225988596,13206.381958211721
LLLYLLLAVLLGTLLAFL,13,25392.000782446,1701.5274098274192,27331.286382890237,24695.44047219027,24149.275492257497,D,76.03996218543273,99999900.0,99999900.0,99999900.0,99999900.0,99999900.0,99999900.0,0.003007054411480103,-0.003577506130250791,0.0014647868510676123,0.00029811171076564143,0.003443828907506705,0.028890515925083286,279.9829326643444
LLLAVLLTTLLGALLGLL,13,27659.318582346103,1161.3704330729583,28913.66700503892,27442.92266726436,26621.366074735022,D,87.20271184214073,99999900.0,99999900.0,99999900.0,99999900.0,99999900.0,99999900.0,0.0057250744134883964,0.0031279165094835228,0.006137873427303751,0.004996954783425223,0.0016317410359937513,0.48426343727556137,4693.0798225312965
LLLALLLGTLLGILLSFL,13,31168.26108392742,2552.890092610253,33932.67869194472,30672.47446562405,28899.63009421349,D,104.05825192232946,99999900.0,99999900.0,99999900.0,99999900.0,99999900.0,99999900.0,0.01434611916364432,0.011009863764225152,0.010444562301089554,0.011933515076319673,0.0021084082379101772,1.1564973629153068,11207.81380738443
LLLTVLLGALLGLLLGFL,13,27478.629999456018,1331.2480869181356,27775.672693709766,28636.26549485076,26023.95180980752,D,86.37571122717509,99999900.0,99999900.0,99999900.0,99999900.0,99999900.0,99999900.0,0.0037703668942796202,0.006040353222416112,0.0050085585867905924,0.004939759567828775,0.0011365559648513703,0.47872055107768646,4639.362764063734
LLLLVLLYTLLGALLLWL,16,27113.50254209581,977.1990116518874,28240.307201918,26498.60892820698,26601.59149616245,D,84.60394228179865,99999900.0,99999900.0,99999900.0,99999900.0,99999900.0,99999900.0,0.004568459255407261,0.0008232527208554928,0.006100492791523974,0.0038307349225955756,0.002714865297631561,0.3712430752947648,3597.7801580938235
LLLTYLLVLLLGALLGWL,13,27587.82924273276,1035.7095964477892,27366.04337138353,28716.46607479115,26680.97828202359,D,87.01774791974314,99999900.0,99999900.0,99999900.0,99999900.0,99999900.0,99999900.0,0.0030667557176083738,0.006236088352353005,0.006250560643393066,0.005184468237784815,0.001834007115685767,0.5024356869514622,4869.190203202968
LLLALLLGVLLGFLLGTL,13,31906.085041711314,1268.5156595983135,33251.664473961835,31734.48787568474,30732.10277548737,D,107.91765649424946,99999900.0,99999900.0,99999900.0,99999900.0,99999900.0,99999900.0,0.013176356187391446,0.013601781839723487,0.013908554902686809,0.013562230976600581,0.0003676981679997469,1.314339007356754,12737.48418855301
LLLFYLLGVLLGILLALL,13,29446.004988624856,2080.3001125040896,31445.37460498258,29599.37673195321,27293.26362893878,D,95.73795798795643,99999900.0,99999900.0,99999900.0,99999900.0,99999900.0,99999900.0,0.010073732251916295,0.008390893620977325,0.007407986854138111,0.00862420424234391,0.001348100521465569,0.8357863881452188,8099.7488809353545
LLLAALLFLLLLLLLGTL,16,25471.91940902124,1543.290301034147,23981.428392655267,27063.080013928076,25371.24982048037,D,76.89688099176766,99999900.0,99999900.0,99999900.0,99999900.0,99999900.0,99999900.0,-0.002746922156422056,0.002200883922417319,0.0037747312641888088,0.0010762310100613573,0.0034031785090697796,0.1042993884922876,1010.7832183022626
LLLTFLLGILLGLLLGVL,13,31857.326791997533,2228.1660157155825,34012.69600178658,31996.40488817083,29562.879486035188,D,107.4827325893054,99999900.0,99999900.0,99999900.0,99999900.0,99999900.0,99999900.0,0.014483563117148848,0.014241008644688621,0.01169832777861203,0.013474299846816501,0.0015428109924127,1.3058174511293483,12654.900329213147
LLLYLLLGTLLLILLAFL,17,25869.208026617554,1793.750872036131,27656.8897319676,25881.28537179372,24069.448976091346,D,78.32905510022458,99999900.0,99999900.0,99999900.0,99999900.0,99999900.0,99999900.0,0.003566336042666563,-0.0006833686354671251,0.001313887760327223,0.0013989517225088868,0.002126128963888214,0.13557480487352877,1313.8786293162193
LLLALLLGILLIFLLGTL,14,27522.848344620044,4110.37386719639,26009.874854061574,32175.27614961534,24383.39403018322,D,86.6049630587476,99999900.0,99999900.0,99999900.0,99999900.0,99999900.0,99999900.0,0.0007372952170306184,0.014677556480462862,0.0019073500016995209,0.005774067233064333,0.007732809814917703,0.5595747343199403,5422.934487083467
LLLTVLLGLLLILLLGFL,15,26394.79306573557,3156.056302628803,25387.157583803262,29931.62818829159,23865.593425111845,D,81.10688791155592,99999900.0,99999900.0,99999900.0,99999900.0,99999900.0,99999900.0,-0.00033233238865871796,0.009201776560058937,0.0009285318815718431,0.003265992017657354,0.005179053801356594,0.3165128741671681,3067.3804152595403
LLLTFLLGVLLLLLLSIL,17,25465.98677237036,1656.7211321049797,24060.013329854875,27292.429731658347,25045.51725559785,D,76.82670957959256,99999900.0,99999900.0,99999900.0,99999900.0,99999900.0,99999900.0,-0.002611938557548693,0.002760627964596183,0.0031589866441555283,0.0011025586837343396,0.00322300942071529,0.10685084839155216,1035.509852711423
LLLYVLLGILLILLLGFL,15,26568.03145190916,2613.3892250232634,25717.780273122284,29500.667348598727,24485.646734006463,D,81.98228331871377,99999900.0,99999900.0,99999900.0,99999900.0,99999900.0,99999900.0,0.00023557085162909032,0.008149986460564768,0.002100642165428151,0.003495399825874003,0.004137451547301849,0.3387451773517682,3282.8374691123863
LLLTYLLAVLLGFLLGLL,13,30758.718448719275,1528.8190868664262,32519.58820308337,29986.87031792639,29769.696825148065,D,102.29116691075085,99999900.0,99999900.0,99999900.0,99999900.0,99999900.0,99999900.0,0.011918885058516395,0.0093365988447618,0.01208928243779473,0.011114922113690974,0.0015424279734650309,1.077166118388729,10439.00114401558
LLLLVLLYTLLIALLGWL,14,26085.85845102879,1184.349651466803,27434.38100601169,25608.572517061173,25214.62183001351,D,79.52643555020545,99999900.0,99999900.0,99999900.0,99999900.0,99999900.0,99999900.0,0.003184137752758079,-0.0013489434492179712,0.003478651434063824,0.001771281912534644,0.002706203855627333,0.17165796060297553,1663.5666649024379
LLLAFLLGVLLGLLLGYL,13,32636.05109465451,1577.0607711533123,34141.324972996175,32770.95772584931,30995.870585118053,D,111.41849072068032,99999900.0,99999900.0,99999900.0,99999900.0,99999900.0,99999900.0,0.014704506240245677,0.016131359069070414,0.014407165196000998,0.01508101016843903,0.0009216981794173717,1.4615264972940027,14163.903335618337
LLLGYLLATLLGFLLSLL,13,30400.80189713379,2888.0534800152145,32728.38789431312,31305.24739367206,27168.7704034162,D,100.25705292039692,99999900.0,99999900.0,99999900.0,99999900.0,99999900.0,99999900.0,0.012277535644369115,0.01255419039358468,0.00717265258882213,0.010668126208925308,0.0030303277601925827,1.0338663628415805,10019.375804918942
LLLAYLLGLLLGTLLGFL,13,29889.41472903281,1348.3374766920135,31445.931362824464,29142.074490984465,29080.23833328951,D,98.08530965722927,99999900.0,99999900.0,99999900.0,99999900.0,99999900.0,99999900.0,0.010074688582478827,0.007274815487590056,0.010785972904554554,0.009378492324874478,0.0018562256122311553,0.9088857367232468,8808.167174461223
LLLYFLLGSLLGILLALL,13,30181.61632550518,220.2193194589888,30423.807707107066,29993.408417699367,30127.632851709117,D,99.72337399200856,99999900.0,99999900.0,99999900.0,99999900.0,99999900.0,99999900.0,0.008319009511413528,0.009352555534969716,0.01276590248267893,0.010145822509687392,0.0023271589211645407,0.9832490177469911,9528.834453562808
LLLALLLGFLLGVLLGTL,13,30632.4917681324,2063.9582411190336,32392.236419533416,31144.52378270902,28360.71510215476,D,101.5442514771628,99999900.0,99999900.0,99999900.0,99999900.0,99999900.0,99999900.0,0.011700135732257467,0.012161933169270858,0.00942583085452657,0.011095966585351632,0.0014646942471867482,1.0753291057066388,10421.198339821742
LLLAYLLGLLLGTLLAFL,13,30561.426726627727,2766.516186384081,33345.45661721944,30526.060219853825,27812.76334280992,D,101.04402641163809,99999900.0,99999900.0,99999900.0,99999900.0,99999900.0,99999900.0,0.013337460865897452,0.010652529547418401,0.008390016864064664,0.010793335759126839,0.002476725727600771,1.0460006345707231,10136.97110828013
LLLYILLGVLLGLLLGFL,13,28914.03148300711,1903.548418755108,28174.80080939133,31076.312458168748,27490.98118146126,D,93.49424358144968,99999900.0,99999900.0,99999900.0,99999900.0,99999900.0,99999900.0,0.004455940381847543,0.01199545865646832,0.007781739841641129,0.008077712959985663,0.0037784631820916427,0.7828249829882704,7586.490842473233
LLLYLLLGILLGFLLATL,13,31446.977825601403,3308.7446125695647,35253.18410043256,29830.904749825822,29256.844626545822,D,105.32087689049628,99999900.0,99999900.0,99999900.0,99999900.0,99999900.0,99999900.0,0.016614321935336785,0.008955953957149574,0.011119818478072243,0.012230031456852869,0.003948047576463653,1.1852332726581376,11486.29842508523
LLLYILLGVLLGLLLAFL,13,29493.604625648084,2224.289714279593,32048.560931416592,28443.312387292663,27988.940558235,D,95.97964464840852,99999900.0,99999900.0,99999900.0,99999900.0,99999900.0,99999900.0,0.01110981198977314,0.005569437655375555,0.008723051335486216,0.008467433660211637,0.002779018214810305,0.8205934828143792,7952.511836043158
LLLFYLLLTLLGALLGIL,13,27499.52253766024,1636.0390626306091,28518.645387179266,28367.518834974253,25612.4033908272,D,86.35993649212467,99999900.0,99999900.0,99999900.0,99999900.0,99999900.0,99999900.0,0.005046554565899331,0.005384458184872364,0.004230593003393274,0.0048872019180549895,0.0005932083647747184,0.47362709931802655,4590.001251629967
LLLGLLLGFLLGVLLGTL,13,30982.603576271547,1673.6326083075994,32862.461372163634,30430.80752672707,29654.541829923943,D,103.33777769314582,99999900.0,99999900.0,99999900.0,99999900.0,99999900.0,99999900.0,0.01250783067543546,0.010420058681498706,0.011871600583342185,0.011599829980092118,0.0010700899122316043,1.1241593693431462,10894.420779018561
LLLLYLLALLLGTLLGFL,17,26876.3171189167,645.7101263791803,27390.555231184106,27086.75655134605,26151.639574219957,D,83.48660758157867,99999900.0,99999900.0,99999900.0,99999900.0,99999900.0,99999900.0,0.0031088591940361377,0.0022586681695063956,0.005249931610115388,0.003539152991219307,0.0015413561582910422,0.3429853714620057,3323.92991568305
LLLAVLLGFLLGILLSLL,13,31461.471588880937,938.3955703027464,32339.93239994882,31571.61919430783,30472.86317238616,D,105.81308192632918,99999900.0,99999900.0,99999900.0,99999900.0,99999900.0,99999900.0,0.011610294281075306,0.013204289420894928,0.013418504449896798,0.01274436271728901,0.0009879551777154248,1.235077995068523,11969.352157821904
LLLYFLLGILLGLLLATL,13,31560.18872719436,1521.7021388591888,33234.77933523554,31183.748195313365,30262.03865103417,D,106.1822973487454,99999900.0,99999900.0,99999900.0,99999900.0,99999900.0,99999900.0,0.013147352960132226,0.0122576630942105,0.013019974862164607,0.012808330305502444,0.00048112584440507565,1.2412772034834592,12029.429747184176
LLLYLLLGTLLGILLAFL,13,28756.015514170605,1978.4594212450236,30273.86437695065,29475.7400620286,26518.44210353257,D,92.4090998989872,99999900.0,99999900.0,99999900.0,99999900.0,99999900.0,99999900.0,0.00806145518799198,0.008089149672608814,0.0059433123413919755,0.007364639067330924,0.001230982937542513,0.7137197720638385,6916.780420299291
LLLYLLLAVLLGFLLATL,13,30574.54599636608,1657.177031955195,32164.154815425027,30702.28891191935,28857.19426175385,D,101.33512649402542,99999900.0,99999900.0,99999900.0,99999900.0,99999900.0,99999900.0,0.011308365033489084,0.01108262800762519,0.010364344237712682,0.010918445759608986,0.0004929611279171193,1.0581252587662422,10254.47291574239
LLLTFLLAVLLGLLLGYL,13,28323.715258892236,522.0315644717597,28209.808398471883,28893.295136592893,27868.04224161192,D,90.64620614631536,99999900.0,99999900.0,99999900.0,99999900.0,99999900.0,99999900.0,0.0045160721390311125,0.0066676520569310446,0.008494512662791364,0.0065594122862511735,0.0019914276628193303,0.6356838670591658,6160.521113854888
LLLGLLLGLLLGTLLGFL,13,31171.04285650696,1377.0307441596694,32701.64103119397,30778.79281566341,30032.69472266349,D,104.31297460225528,99999900.0,99999900.0,99999900.0,99999900.0,99999900.0,99999900.0,0.01223159315244823,0.011269341140512172,0.012586437337040353,0.012029123876666917,0.0006814917119479935,1.1657629753325984,11297.608442559917
LLLAYLLGVLLGFLLGLL,13,31802.866197199022,1925.4206422699665,33762.02400490002,31733.51812290357,29913.056463793484,D,107.27803649152708,99999900.0,99999900.0,99999900.0,99999900.0,99999900.0,99999900.0,0.01405298940312304,0.013599415090171676,0.012360280599300838,0.013337561697531851,0.0008762084073221608,1.2925659231389561,12526.477504274519
LLLGYLLFALLGVLLSLL,13,27292.988593387865,2607.4851386126024,25939.550169503327,25640.516513776285,30298.899096883983,D,86.0920204782786,99999900.0,99999900.0,99999900.0,99999900.0,99999900.0,99999900.0,0.0006165000704086325,-0.0012709818889351996,0.013089653560799592,0.004145057247424341,0.00780352480893389,0.4017045895631981,3892.9879044832865
LLLAVLLGFLLGTLLGLL,13,31739.013544482143,999.1219471358957,30759.247100010674,31701.366719266145,32756.42681416961,D,107.56249868265256,99999900.0,99999900.0,99999900.0,99999900.0,99999900.0,99999900.0,0.008895186296323538,0.01352094733877509,0.01773521140070132,0.013383781678599984,0.00442160850542603,1.2970451805813306,12569.8867544979
LLLAYLLGVLLGLLLAFL,13,31272.39035572257,1369.765930532288,32695.796661289405,31157.9263270774,29963.44807880091,D,104.80145898753187,99999900.0,99999900.0,99999900.0,99999900.0,99999900.0,99999900.0,0.012221554408243837,0.012194643017072198,0.012455537780131995,0.01229057840181601,0.0001434912997867655,1.1911009806833615,11543.1633874549
LLLTFLLAILLGLLLGVL,13,28792.84011031627,1163.9906044867644,30107.20664352902,28378.976776331896,27892.336911087885,D,92.7458725206598,99999900.0,99999900.0,99999900.0,99999900.0,99999900.0,99999900.0,0.007775190905815509,0.005412422092890416,0.008540437797819562,0.007242683598841829,0.0016305807513141187,0.701900858960807,6802.241311337973
LLLATLLGILLGLLLGFL,13,30866.147339186417,2379.84648340654,30680.162999461954,28584.749765637636,33333.52925245966,D,103.36663011723712,99999900.0,99999900.0,99999900.0,99999900.0,99999900.0,99999900.0,0.00875934529566696,0.0059146254788160196,0.0188261300250438,0.011166700266508928,0.00678404421260234,1.0821840277647699,10487.630562285263
LLLYFLLATLLGILLGLL,13,26764.345063770987,1051.6592062939465,27511.034368462504,25561.64620610805,27220.354616742403,D,83.03630956326465,99999900.0,99999900.0,99999900.0,99999900.0,99999900.0,99999900.0,0.003315803528644288,-0.0014634703962636841,0.007270164183481733,0.003040832438620779,0.00437330539390891,0.29469227414063953,2855.9132471492317
LLLVYLLALLLGTLLAFL,13,27318.698956378463,2579.425641148673,27892.31875388082,29563.02652606914,24500.751589185424,D,85.42764167633493,99999900.0,99999900.0,99999900.0,99999900.0,99999900.0,99999900.0,0.003970727237589357,0.00830217839875276,0.0021291954459887893,0.00480070036077697,0.003169080493248633,0.4652440854080169,4508.760029590983
LLLLVLLYILLLALLGTL,16,29403.396605400507,3729.596404342946,33519.88159624337,28440.965603536195,26249.342616421956,D,95.21165633043462,99999900.0,99999900.0,99999900.0,99999900.0,99999900.0,99999900.0,0.013637066773098951,0.005563710165326888,0.005434623375946242,0.008211800104790693,0.004698862060806912,0.7958195975989795,7712.423875894435
LLLVLLLAVLLGALLAAL,18,25319.721226282498,832.1527527185353,25242.633384870594,26187.73564217612,24528.79465180078,D,75.93898347098677,99999900.0,99999900.0,99999900.0,99999900.0,99999900.0,99999900.0,-0.0005805783909004638,6.454470302838907e-05,0.002182206310717314,0.0005553908742817465,0.0014453173699049177,0.053823879836430895,521.616428140466
LLLAVLLGILLGLLLGFL,13,32135.91514339877,1947.4171020770889,33844.89792323123,32547.11201017905,30015.735496786045,D,108.90650049428945,99999900.0,99999900.0,99999900.0,99999900.0,99999900.0,99999900.0,0.014195340089497823,0.015585047929237024,0.012554378669225751,0.014111588895986864,0.0015170694571130226,1.367578223212575,13253.434538028117
LLLTLLLGLLLGVLLGIL,13,31457.69833855334,2147.3954685335625,33763.06521406008,31095.75504475732,29514.274756842617,D,105.55166278965076,99999900.0,99999900.0,99999900.0,99999900.0,99999900.0,99999900.0,0.014054777864940447,0.01204290965015255,0.011606448415800105,0.012568045310297699,0.0013059115088891072,1.2179907734982292,11803.756970157478
LLLTFLLGVLLGLLLGAL,13,32134.84235236425,1637.1260023296115,34023.766522940256,31125.91589037058,31254.84464378192,D,109.00917638511277,99999900.0,99999900.0,99999900.0,99999900.0,99999900.0,99999900.0,0.014502578705122551,0.012116519305338408,0.014896713680070959,0.013838603896843972,0.0015043327756334567,1.3411227798997605,12997.050310662133
LLLVFLLATLLGLLLSIL,13,28740.17279113345,1290.5295101962886,27776.00141461417,30206.253694936924,28238.26326384925,D,92.76202758280748,99999900.0,99999900.0,99999900.0,99999900.0,99999900.0,99999900.0,0.003770931530866254,0.009872019334701729,0.009194355500881789,0.007612435455483257,0.0033440501446678045,0.7377341439907471,7149.507807225275
LLLLALLFALLGILLSLL,20,25403.29722866406,1464.7440327357845,25870.367247783382,26577.54745818208,23761.976980026724,D,76.20492112421847,99999900.0,99999900.0,99999900.0,99999900.0,99999900.0,99999900.0,0.0004976661044208239,0.0010159077294999127,0.0007326617860192299,0.0007487452066466555,0.00025949489938236305,0.0725621789928962,703.2124911728309
LLLYVLLATLLGLLLLFL,17,25393.694811031342,827.8288246683555,25043.920765258703,26339.0,24798.163667835328,D,76.34796987259823,99999900.0,99999900.0,99999900.0,99999900.0,99999900.0,99999900.0,-0.0009219026381749216,0.0004337159578432924,0.0026914047769092068,0.0007344060321925258,0.0018253242204015693,0.07117254506387134,689.7453110162988
LLLTYLLGVLLGLLLGFL,13,30715.173388391064,695.9105732453365,30120.416898348885,30544.58789109958,31480.51537572472,D,102.49780970975212,99999900.0,99999900.0,99999900.0,99999900.0,99999900.0,99999900.0,0.0077978818667192515,0.010697747626158124,0.015323307622690326,0.011272979038522568,0.003795546941546936,1.0924836853913438,10587.446306497126
LLLALLLGILLGFLLGTL,13,32181.102652783247,2181.902577669176,34694.73954756025,31072.341725809118,30776.22668498037,D,109.11781193947326,99999900.0,99999900.0,99999900.0,99999900.0,99999900.0,99999900.0,0.01565509414685538,0.011985767806166057,0.013991964002096168,0.013877608651705868,0.001837334158023872,1.3449027974260677,13033.683107227014
LLLFYLLLTLLGALLGWL,13,26610.404821067303,1627.2856171527392,28467.57878687029,25929.279199492943,25434.35647683868,D,82.00493861908092,99999900.0,99999900.0,99999900.0,99999900.0,99999900.0,99999900.0,0.004958838602286301,-0.0005662363390690442,0.003894024169873359,0.002762208811030205,0.002931274088478103,0.26769038169791676,2594.233287774158
LLLSTLLGLLLGVLLAIL,13,30400.37526334508,3201.434844377267,30385.75940774752,33609.093012670426,27206.27336961729,D,100.4980880195818,99999900.0,99999900.0,99999900.0,99999900.0,99999900.0,99999900.0,0.00825365479381011,0.018176886911793696,0.007243545868043196,0.011224695857882334,0.006041920253366671,1.0878044797485407,10542.099324054554
LLLSYLLGVLLGLLLAFL,13,29582.996644058367,1690.9826171863128,31004.67872279862,30031.26615242209,27713.04505695439,D,96.49473458401656,99999900.0,99999900.0,99999900.0,99999900.0,99999900.0,99999900.0,0.009316758736307773,0.009444949986862407,0.008201515606732197,0.008987741443300792,0.0006839017098572579,0.8710174002602097,8441.17864696193
LLLTLLLGVLLGLLLGFL,13,31788.783471747018,2125.2104273203204,34231.53352245858,30770.5057203821,30364.311172400376,D,107.20725605134834,99999900.0,99999900.0,99999900.0,99999900.0,99999900.0,99999900.0,0.014859455459389952,0.011249115904324451,0.013213304487746231,0.013107291950486877,0.0018075029513834173,1.2702500879878251,12310.210927842663
LLLAVLLGLLLGLLLGFL,13,33458.06472227242,1964.4456812060905,35521.142987051986,33243.12089323361,31609.930286531668,D,115.3544500563164,99999900.0,99999900.0,99999900.0,99999900.0,99999900.0,99999900.0,0.017074588955390723,0.01728370633374194,0.0155679455363426,0.01664208027515842,0.0009360857852410324,1.6128124721472454,15630.041601208106
LLLYLLLGILLGVLLATL,13,31430.208222705787,2919.035061425807,34656.5539207562,30661.893804032603,28972.176943328563,D,105.27093732795102,99999900.0,99999900.0,99999900.0,99999900.0,99999900.0,99999900.0,0.015589503544954746,0.010984040918892117,0.01058170036113916,0.012385081608328673,0.0027823927548157224,1.2002594481106001,11631.919662200513
LLLTALLGILLGLLLGFL,13,30908.35065940098,1990.152557138824,33166.46191364724,30148.628720520595,29409.961344035102,D,102.91919636479012,99999900.0,99999900.0,99999900.0,99999900.0,99999900.0,99999900.0,0.013030005644471546,0.009731381550494017,0.011409260815731001,0.011390216003565523,0.0016493945122362575,1.1038453202525944,10697.553853782307
LLLYLLLAFLLGVLLATL,13,32085.842987560325,1536.9571649505056,33580.11373273629,32167.9262423416,30509.48898760309,D,108.73929858622462,99999900.0,99999900.0,99999900.0,99999900.0,99999900.0,99999900.0,0.01374052617437065,0.014659618517217225,0.013487739617348633,0.013962628102978833,0.0006167025125681851,1.3531421779074149,13113.532353134806
LLLSYLLATLLLALLFLL,17,26028.317560791613,503.6476720791177,25450.81950779152,26257.62773908156,26376.50543550176,D,79.56637243888296,99999900.0,99999900.0,99999900.0,99999900.0,99999900.0,99999900.0,-0.000222981717685856,0.00023512125845374273,0.005675004075201456,0.0018957145386564475,0.0032809658082591973,0.18371693929032412,1780.432290513828
LLLAFLLGTLLGLLLGYL,13,31688.181246815355,1198.1002069254466,32733.31953787229,31950.60163641442,30380.62256615936,D,106.87066006295996,99999900.0,99999900.0,99999900.0,99999900.0,99999900.0,99999900.0,0.012286006618829351,0.01412922260223436,0.013244138533939805,0.01321978925166784,0.0009218492046046867,1.2811523939151912,12415.867039843683
LLLSYLLGILLGLLLAFL,13,32274.65533954748,1771.0260434388124,34105.29956018343,30569.97301384765,32148.69344461135,D,109.774662828551,99999900.0,99999900.0,99999900.0,99999900.0,99999900.0,99999900.0,0.014642626189874044,0.010759701795358028,0.016586389965377042,0.013996239316869705,0.0029666371112514133,1.3563994981504932,13145.099600900438
LLLALLLGVLLGLLLGFL,13,32198.808160216988,3412.669185482314,36098.948480634695,30736.58026993722,29760.895730079046,D,108.9574407791932,99999900.0,99999900.0,99999900.0,99999900.0,99999900.0,99999900.0,0.018067072601136807,0.011166318467498786,0.012072645394025083,0.013768678820886893,0.003749999858934,1.3343462211550126,12931.377520475668
LLLFLLLGILLGVLLATL,13,32280.333488118024,1381.4607656904025,31452.73828411242,33875.12578988544,31513.136390356216,D,110.00862879141792,99999900.0,99999900.0,99999900.0,99999900.0,99999900.0,99999900.0,0.01008638067978702,0.018826158528711612,0.015384972363722941,0.014765837190740524,0.004402661182052988,1.430982544800594,13867.896666286408
LLLVFLLATLLGILLALL,13,27669.80594235045,861.7501898899253,28447.75491391564,26743.514103408823,27818.148809726878,D,87.42339668434677,99999900.0,99999900.0,99999900.0,99999900.0,99999900.0,99999900.0,0.00492478757660144,0.0014209609459827702,0.00840019721640886,0.004915315246331023,0.003489627777197495,0.47635161005992205,4616.404951362069
LLLAVLLFLLLGLLLGTL,13,25502.081823824068,888.2965041095675,26475.014788931847,25296.90125145449,24734.329431085866,D,76.72460028883516,99999900.0,99999900.0,99999900.0,99999900.0,99999900.0,99999900.0,0.0015362557382947908,-0.002109598992063938,0.0025707364984194946,0.0006657977482167826,0.0024585886012583893,0.06452359888291409,625.309236018568
LLLTVLLGLLLGFLLAIL,13,30019.72377670033,1763.5804798496008,30565.65519587541,31445.782867718917,28047.733266506675,D,98.70645869059058,99999900.0,99999900.0,99999900.0,99999900.0,99999900.0,99999900.0,0.008562657788136915,0.012897177056446087,0.008834189421506341,0.010098008088696446,0.002427950275332982,0.9786152404037941,9483.927724543977
LLLLVLLGILLGTLLAFL,13,27707.327906655388,2856.314020744888,30996.976849392464,25857.108303247514,26267.898567326185,D,87.18836360520409,99999900.0,99999900.0,99999900.0,99999900.0,99999900.0,99999900.0,0.009303529399650172,-0.0007423744638152767,0.005469700393630984,0.004676951776488626,0.005069653231334796,0.4532513983850657,4392.536847841008
LLLVFLLGTLLGLLLAIL,13,33075.37833543016,1839.672127491502,33279.904865010176,34804.240465224735,31141.989676055557,D,113.66685728269978,99999900.0,99999900.0,99999900.0,99999900.0,99999900.0,99999900.0,0.013224864079019757,0.021093727938296634,0.014683379654820524,0.016333990557378972,0.0041860652016771135,1.582954970491234,15340.687444385221
LLLAFLLGTLLGLLLGVL,13,32673.17446111941,2013.509706513131,34750.74151465367,30730.506156421863,32538.275712282702,D,111.69460692651217,99999900.0,99999900.0,99999900.0,99999900.0,99999900.0,99999900.0,0.015751287480229897,0.01115149416823482,0.01732283209994077,0.014741871249468496,0.003207108325582656,1.4286599644289577,13845.388142538144
LLLLVLLATLLGYLLSFL,13,26825.11317655208,2556.4832879708897,28829.42356646584,27699.8334962038,23946.08246698661,D,82.86496243878041,99999900.0,99999900.0,99999900.0,99999900.0,99999900.0,99999900.0,0.005580371332652725,0.0037549253730357643,0.0010806833697839407,0.0034719933584908096,0.002263147329370628,0.3364768165518944,3260.8543965104154
LLLYGLLFTLLGVLLALL,13,28169.32937187001,577.1012694683468,28232.248673251645,28712.392781079503,27563.346661278887,D,89.85892805162125,99999900.0,99999900.0,99999900.0,99999900.0,99999900.0,99999900.0,0.004554617299941344,0.006226147193891145,0.007918535052429778,0.006233099848754089,0.0016819696536899654,0.6040603704583446,5854.052397880467
LLLAVLLLLLLGLLLGSL,22,27820.181698106226,1340.3696796377303,28997.537965531163,28101.540944486453,26361.466184301054,D,87.95326599488504,99999900.0,99999900.0,99999900.0,99999900.0,99999900.0,99999900.0,0.005869137697008654,0.004735320522854658,0.005646574808328789,0.005417011009397367,0.0006007578542445431,0.5249718048023204,5087.5915769657095
LLLAVLLTILLGGLLFLL,13,28843.28620294977,3041.857425148546,31809.795302673843,25731.300731212654,28988.76257496281,D,92.92996697048348,99999900.0,99999900.0,99999900.0,99999900.0,99999900.0,99999900.0,0.010699689579506476,-0.0010494166507619372,0.010613052809588163,0.006754441912777568,0.00675847858931817,0.6545845218390559,6343.690593011039
LLLFYLLGTLLGVLLALL,13,29288.425899118767,1574.087913292141,30813.64696335638,29381.986078760656,27669.644655239263,D,95.07126722058705,99999900.0,99999900.0,99999900.0,99999900.0,99999900.0,99999900.0,0.008988627731721911,0.007860336513019555,0.008119474181512674,0.008322812808751379,0.0005909908768718036,0.8065780286697537,7816.685672044892
LLLAGLLYLLLGLLLGFL,13,27721.25224313902,1660.7994734860174,28927.649172928966,28409.06490405841,25827.04265242968,D,87.42285089589807,99999900.0,99999900.0,99999900.0,99999900.0,99999900.0,99999900.0,0.005749091272305199,0.005485854274982918,0.004636333739285955,0.005290426428858024,0.00058155082675853,0.512704276530622,4968.704861651955
LLLAILLGVLLGLLLGFL,13,31229.603591904044,1490.2849597139143,32942.78136955044,30232.602140311603,30513.42726585009,D,104.6232845585452,99999900.0,99999900.0,99999900.0,99999900.0,99999900.0,99999900.0,0.012645794548604069,0.009936324560211082,0.013495184294068806,0.012025767800961318,0.0018586811257348048,1.1654377322941099,11294.45645662859
LLLTLLLGILLGVLLAFL,13,32322.71412915747,3028.446248066969,33184.9302498407,34826.55482447691,28956.6573131548,D,109.77831237186638,99999900.0,99999900.0,99999900.0,99999900.0,99999900.0,99999900.0,0.013061728294809285,0.02114818769421023,0.010552363015676487,0.014920759668231998,0.005537135847176195,1.4459963471487995,14013.397993531442
LLLLVLLYTLLGALLGWL,13,28573.88990081023,2193.0835935271684,30522.356045462253,26198.862264475385,29000.451392493054,D,91.7470492411126,99999900.0,99999900.0,99999900.0,99999900.0,99999900.0,99999900.0,0.008488283800459335,9.170000368985248e-05,0.0106351486246363,0.006405044142928497,0.00557189310815151,0.6207237861836602,6015.540410592915
LLLAVLLGLLLGFLLGTL,13,34920.2742349966,3483.571041483141,32538.6109057168,33303.78920205269,38918.4225972203,D,123.54421161336477,99999900.0,99999900.0,99999900.0,99999900.0,99999900.0,99999900.0,0.011951559931758782,0.017431771588613924,0.029383465708494132,0.01958893240962228,0.008913912825354246,1.8983969542225672,18397.68967721407
LLLAFLLGSLLGILLTLL,13,33558.94435459214,2689.674079213586,36615.93982787609,32505.24200507445,31555.651230825868,D,115.72974334874144,99999900.0,99999900.0,99999900.0,99999900.0,99999900.0,99999900.0,0.01895509714023869,0.01548286125059083,0.01546533977893733,0.016634432723255616,0.0020097734331712036,1.6120713348082647,15622.859112455984
LLLLVLLYILLGALLGTL,13,28759.845805217745,3012.935877905641,32116.97149961501,26290.673757222477,27871.892158815757,D,92.37736255561622,99999900.0,99999900.0,99999900.0,99999900.0,99999900.0,99999900.0,0.011227319301294413,0.00031577237917527557,0.008501790307280764,0.0066816273292501505,0.0056789267479293,0.647527935972052,6275.304012073378
LLLYGLLFILLGVLLALL,13,29548.445968476582,8469.316843341567,39320.95969478998,24982.82814641032,24341.550064229457,D,95.13315470121772,99999900.0,99999900.0,99999900.0,99999900.0,99999900.0,99999900.0,0.02360144960512051,-0.0028761163922023675,0.0018282507660238461,0.007517861326313995,0.01412600886774007,0.728568803327517,7060.684922773738
LLLALLLGFLLGILLGTL,13,31124.945522051883,3852.1880483373416,35325.77781853796,30291.063531402997,27757.995216214706,D,103.58815166633728,99999900.0,99999900.0,99999900.0,99999900.0,99999900.0,99999900.0,0.016739014550418672,0.010079003677869213,0.008286486597410273,0.011701501608566053,0.004453726737287968,1.1340125408069957,10989.909549438822
LLLTLLLGILLGLLLGFL,13,33590.49058089062,4988.772176125945,39287.32313441147,31481.95400255907,30002.19460570131,D,115.45272193310676,99999900.0,99999900.0,99999900.0,99999900.0,99999900.0,99999900.0,0.023543672833446317,0.012985455243251768,0.012528781809302059,0.016352636628666716,0.0062318046286896,1.5847619931610086,15358.199610238762
LLLFVLLILLLLALLGTL,16,31132.031603085405,6652.100569416631,38787.0,27853.67044850093,26755.424360755285,D,103.16709522100908,99999900.0,99999900.0,99999900.0,99999900.0,99999900.0,99999900.0,0.022684278912815964,0.00413037522476195,0.0063912888892107625,0.011068647675596226,0.010122751573995533,1.0726815834227357,10395.540748407882
LLLAVLLGLLLGTLLGFL,13,29469.834521719236,3141.8087659814246,32318.26520552816,29991.33095231592,26099.90740731361,D,95.64363873834972,99999900.0,99999900.0,99999900.0,99999900.0,99999900.0,99999900.0,0.011573077023104351,0.009347485335264541,0.005152140333192449,0.008690900897187114,0.0032604346853154858,0.8422500750763644,8162.389576847439
LLLALLLGTLLGYLLGFL,13,32587.50328220956,5816.728564796714,39260.95370290927,29908.90101506192,28592.65512865748,D,110.41369863333192,99999900.0,99999900.0,99999900.0,99999900.0,99999900.0,99999900.0,0.02349837864741967,0.009146309302733444,0.00986427588240069,0.014169654610851267,0.008086883708525588,1.3732054709838313,13307.969158936608
LLLAVLLGSLLGILLTLL,13,32752.722317935568,5990.654487883904,39256.4636624063,31541.42817853843,27460.27511286197,D,111.10570115797474,99999900.0,99999900.0,99999900.0,99999900.0,99999900.0,99999900.0,0.02349066620470767,0.013130606133330893,0.007723694995712989,0.014781655777917185,0.00801210452833606,1.432515551147664,13882.753293075584
LLLAFLLGLLLGTLLGIL,13,33298.61225047506,1104.5598106233608,34459.12104259525,33176.57928866168,32260.13642016825,D,114.75045037261772,99999900.0,99999900.0,99999900.0,99999900.0,99999900.0,99999900.0,0.015250377481108706,0.01712130688941402,0.016797054848283092,0.01638957973960194,0.0009998105749898113,1.588342213247147,15392.89613562793
LLLFVLLTLLLGLLLGAL,13,29860.32119092896,1512.8278063695416,31169.575721800844,30207.21147489914,28204.176376086885,D,97.88224361659228,99999900.0,99999900.0,99999900.0,99999900.0,99999900.0,99999900.0,0.009599998644131337,0.009874356863750705,0.009129919764280124,0.009534758424054055,0.00037648222202893227,0.9240297517480284,8954.930415032846
LLLAGLLFVLLGILLSLL,13,25458.15439204368,7039.362090442308,27051.0,31564.61147926072,17758.851696870326,D,75.74088268443842,99999900.0,99999900.0,99999900.0,99999900.0,99999900.0,99999900.0,0.0025256127252492925,0.013187186601734187,-0.010615273591036062,0.0016991752453158055,0.011922731523786074,0.1646699801165993,1595.8449504460293
LLLLFLLGTLLGILLAVL,13,32970.3268081591,5474.264917835961,39240.24252165583,30530.85015164891,29139.887751172577,D,112.34109400792022,99999900.0,99999900.0,99999900.0,99999900.0,99999900.0,99999900.0,0.02346280351200401,0.01066421971129248,0.010898730461241775,0.015008584561512757,0.007322507246161968,1.45450760781491,14095.882076825343
LLLAYLLLTLLGGLLFVL,13,29530.440897143228,3600.8623937791,32944.58944833378,29878.5800488433,25768.153194252594,D,95.84185152411526,99999900.0,99999900.0,99999900.0,99999900.0,99999900.0,99999900.0,0.012648900245317965,0.009072308862000663,0.0045250127632506165,0.008748740623523082,0.004071597875409144,0.8478554219126898,8216.71195204852
LLLAVLLGFLLGLLLGTL,13,34011.360245206706,4998.6204538882375,39250.929127497046,33488.33398941122,29294.817618711848,D,117.43975599838878,99999900.0,99999900.0,99999900.0,99999900.0,99999900.0,99999900.0,0.023481159657183892,0.017882166061567173,0.01119160026519945,0.017518308661316838,0.00615285394496456,1.6977292641756565,16452.984761040036
LLLFLLLGTLLGILLAVL,13,34213.23145540325,4773.218437969534,39277.05237405233,29796.671815339407,33565.970176818024,D,118.85790157132546,99999900.0,99999900.0,99999900.0,99999900.0,99999900.0,99999900.0,0.02352603097680245,0.008872406083994543,0.01926552191912981,0.0172213196599756,0.00753765565557543,1.6689475519417187,16174.05626356164
LLLAYLLGLLLGFLLATL,13,36879.142221995455,4435.83725647323,39378.618405001056,31757.56783825911,39501.24042272619,D,132.4711570118592,99999900.0,99999900.0,99999900.0,99999900.0,99999900.0,99999900.0,0.023700488689301726,0.013658110104142408,0.03048518834603323,0.02261459571315912,0.008465932506605859,2.19161916152958,21239.35625516713
LLLYTLLILLLGILLGFL,15,33009.0693218101,5613.430793488433,38787.0,32664.16433612821,27576.04362930209,D,112.4173388971197,99999900.0,99999900.0,99999900.0,99999900.0,99999900.0,99999900.0,0.022684278912815964,0.01587072232518407,0.007942536612586473,0.015499179283528836,0.007377890937486518,1.502051981676525,14556.642738212753
LLLAFLLGVLLGTLLGLL,13,37762.66666666666,10947.500917256564,38787.0,26339.0,48162.0,D,137.7283386025232,99999900.0,99999900.0,99999900.0,99999900.0,99999900.0,99999900.0,0.022684278912815964,0.0004337159578432924,0.046856950613743245,0.023324981828134167,0.02321824830060314,2.260463895320595,21906.542348876497
