Sequence,Type,Mutant Type,Position,WT Sequence,Fluor Difference,Geometry,Interface,Seed,HBONDDimerOptimize,HBONDDimerPreOptimize,HBONDMonomer,IMM1DimerOptimize,IMM1DimerPreOptimize,IMM1Monomer,Monomer,MonomerSasa,OptimizeSasa,PreBBOptimizeSasa,Total,TotalPreOptimize,VDWDimerOptimize,VDWDimerPreOptimize,VDWMonomer,endAxialRotation,endAxialRotationPrime,endCrossingAngle,endXShift,endZShift,endZShiftPrime,firstRepackEnergy,preOptimizeAxialRotation,preOptimizeAxialRotationPrime,preOptimizeCrossingAngle,preOptimizeEnergy,preOptimizeXShift,preOptimizeZShift,preOptimizeZShiftPrime,replicateNumber,Directory,PercentGpA,PercentStd,Sample,Segments,LB-0H_M9-30H,LB-0H_M9-36H,LB-12H_M9-30H,LB-12H_M9-36H,LB-36H_M9-30H,LB-36H_M9-36H,VDWDiff,HBONDDiff,IMM1Diff,interfaceSasa,vdwPerSasa,hbondPerSasa,imm1PerSasa,totalPerSasa
AFLLGTLLGLLLIVL,Mutant,clash,15.0,LLLAFLLGTLLGLLLGVLILI,0.3359664340032147,LLLAFLLGTLLGLLLIVLILI_1,110011001100110000,1,-62.1638,-61.4147,-58.7586,-235.251,-232.172,-239.011,-350.312,4571.3,3613.78,3379.33,-41.1016,317309.0,-93.9992,317252.0,-52.5427,-95.3343,47.4622,-47.9495,7.20819,7.20754,6.41948,296329.0,-94.1397,39.8563,-36.5769,316855.0,6.9528,6.00156,5.0994,1,LLLAFLLGTLLGLLLIVLILI,1.1382206909436372,0.0224843959894408,D,14,-56.11640147894308,-60.4359094435849,-46.45929165904676,-51.72935892575783,-43.631338219066606,-49.17976386611354,-41.4565,-3.4052000000000007,3.759999999999991,957.52,-0.04329570139527111,-0.003556270365109868,0.003926810928231255,-0.04292505639568886
AFLLGTLLGVLLILL,Mutant,clash,,LLLAFLLGTLLGVLLGLLILI,0.1983990340651318,LLLAFLLGTLLGVLLILLILI_1,110011001100110000,1,-62.1714,-58.6867,-58.6867,-235.777,-237.824,-239.027,-350.699,4557.73,3659.87,3427.06,-40.9161,252255.0,-93.6674,252200.0,-52.9854,-95.4564,46.9755,-47.6631,7.18738,7.16014,6.36478,161904.0,-94.1397,39.8563,-36.5769,251866.0,6.9528,6.00156,5.0994,1,LLLAFLLGTLLGVLLILLILI,1.2035372004146352,0.0633997611781729,D,14,-94.50249818172576,-94.80447687235656,-89.39294295852893,-89.97559036870027,-90.38551095619682,-90.91363644091804,-40.682,-3.4846999999999966,3.25,897.8599999999997,-0.045309959236406586,-0.0038811173234134474,0.0036197179961241187,-0.04557069030806586
LLLLGVLLGTLLGFL,Mutant,clash,,LLLALLLGVLLGTLLGFLILI,0.6958629715407667,LLLLLLLGVLLGTLLGFLILI_0,110011001100110000,1,-63.0795,-70.1212,-58.7067,-232.334,-210.011,-235.981,-347.864,4558.89,3801.92,3509.63,-38.3255,1245.27,-90.7753,1177.53,-53.1764,-97.6879,50.1856,-48.4069,6.98058,7.92823,7.18102,1198.35,-97.484,35.8407,-36.8474,897.402,6.7321,5.96109,4.9987,0,LLLLLLLGVLLGTLLGFLILI,0.3531232689857246,0.0943228234065431,D,16,-24.798450587833155,-39.35912073957383,-25.98467126056673,-40.3156630602274,-16.669386074878282,-32.80402149649152,-37.5989,-4.372800000000005,3.6469999999999914,756.9700000000003,-0.04967026434336894,-0.005776715061363071,0.004817892386752435,-0.05063014386303286
LLLLGTLLGLLLGFL,Mutant,clash,,LLLALLLGTLLGLLLGFLILI,0.8613151312967792,LLLLLLLGTLLGLLLGFLILI_0,110011001100110000,1,-63.4529,-67.3652,-58.6905,-223.27,-208.035,-237.416,-354.506,4579.4,3633.85,3378.16,-37.6788,273.332,-105.462,194.226,-58.4001,-58.8496,69.3553,-46.8509,6.60421,4.6904,4.23073,253.183,-63.8279,50.3554,-37.6016,-81.1746,6.5149,2.87217,2.1275,0,LLLLLLLGTLLGLLLGFLILI,0.436164775167898,0.1034636924158263,D,16,-47.28482857817201,-58.75431135578432,-46.18112473624114,-57.89074544502538,-40.05753743843923,-53.09949525540296,-47.0619,-4.7623999999999995,14.145999999999987,945.5499999999997,-0.04977198455925125,-0.0050366453386917675,0.014960604938924425,-0.03984855375178469
YGLLFILLGTLLTLL,Mutant,clash,,LLLYGLLFALLGTLLTLLILI,0.2427853414562974,LLLYGLLFILLGTLLTLLILI_0,110011001100110000,1,-77.1831,-77.0418,-72.5003,-232.462,-229.694,-250.363,-354.761,4678.46,3793.23,3716.94,-34.3571,-12.6853,-79.4732,-60.7104,-31.8981,-68.2169,53.2389,-44.5211,7.30519,3.91979,3.21837,-15.8108,-63.047,55.8436,-42.2554,-367.447,7.2934,3.49594,2.83359,0,LLLYGLLFILLGTLLTLLILI,0.1368184685934775,0.0843713176354052,D,15,-22.37368150755137,-39.23057866613053,-26.466155744769942,-42.43435408726858,-28.72157424182518,-44.19999851809504,-47.575100000000006,-4.6828,17.90100000000001,885.23,-0.05374320797984705,-0.005289924652350237,0.020221863244580515,-0.03881149531760108
LVLLGSLLGILLTLL,Mutant,clash,,LLLAVLLGSLLGILLTLLILI,0.9438892306013528,LLLLVLLGSLLGILLTLLILI_0,110011001100110000,1,-78.9029,-80.5639,-74.0355,-227.288,-210.884,-238.703,-382.199,4522.23,3695.25,3630.31,-34.2221,-14.8181,-110.231,-105.569,-69.4606,-67.8398,77.8917,-45.9067,6.82584,7.19135,6.85972,-16.5264,-69.2457,60.3937,-41.8114,-397.017,6.8012,5.04,4.4459,0,LLLLVLLGSLLGILLTLLILI,0.5342763471903682,0.0634217693859955,D,16,-47.87131111239553,-55.82305252274834,-45.81119301449637,-54.07718607281606,-43.65667547545444,-52.25131992900622,-40.770399999999995,-4.8674000000000035,11.414999999999992,826.9799999999996,-0.0493003458366587,-0.005885752980725055,0.013803235870274974,-0.041382016493748355
YFLLGILLGLLLLTL,Mutant,clash,,LLLYFLLGILLGLLLATLILI,1.1669440434454006,LLLYFLLGILLGLLLLTLILI_0,110011001100110000,1,-60.9824,-66.427,-58.7859,-243.125,-228.887,-250.596,-349.41,4750.37,3767.66,3562.0,-34.0526,20967.2,-79.3557,20913.1,-40.0285,-83.2802,55.1706,-50.3481,7.72961,6.44006,5.76762,20862.7,-78.7668,42.2799,-44.9187,20617.8,6.9365,4.0228,3.157,0,LLLYFLLGILLGLLLLTLILI,0.1138889871048459,0.0596577899439132,D,17,515.8237368787783,461.91523087657015,88.7291030609186,72.20797310786257,507.8847670271416,454.6712293710181,-39.3272,-2.1965000000000003,7.471000000000004,982.71,-0.04001913077103113,-0.0022351456686102718,0.007602446296465898,-0.034651728383755125
YALLAILLGILLTLL,Mutant,clash,,LLLYALLASLLGILLTLLILI,0.0320427402381776,LLLYALLAILLGILLTLLILI_0,110011001100110000,1,-63.6897,-62.7327,-58.808,-235.849,-225.628,-247.336,-363.506,4610.44,3889.48,3692.73,-33.0198,22.8907,-96.9867,-52.2546,-57.3619,-63.4637,80.3797,-46.0839,7.16891,6.8708,6.5765,21.4424,-63.07,66.418,-42.249,-340.615,7.1117,4.92693,4.4232,0,LLLYALLAILLGILLTLLILI,0.2246769161201098,0.0939106986269055,D,15,-50.66866155599941,-56.54341417826995,-50.49792332109657,-56.39300875664272,-48.881400057769866,-54.9689934320773,-39.6248,-4.881700000000002,11.487000000000023,720.9599999999996,-0.05496116289391925,-0.0067711107412339175,0.01593292276964052,-0.045799766977363536
VGLLFILLGTLLSYL,Mutant,clash,,LLLVGLLFALLGTLLSYLILI,0.0962120028010591,LLLVGLLFILLGTLLSYLILI_0,110011001100110000,1,-76.3787,-73.4679,-74.0315,-233.341,-222.312,-243.205,-350.325,4616.5,3771.91,3546.32,-31.5861,58.3874,-72.191,3.84281,-33.0884,-67.718,69.3333,-50.7,6.60881,6.0177,5.5577,57.1703,-59.8906,63.2894,-39.6145,-291.937,6.7452,4.02766,3.477,0,LLLVGLLFILLGTLLSYLILI,0.1308853273335681,0.1092768130773428,D,15,113.17096856436989,92.3331259841589,31.355921850908363,18.51564608567817,70.45530134998359,53.79299146597687,-39.1026,-2.347200000000001,9.864000000000004,844.5900000000001,-0.04629773025965261,-0.002779099918303556,0.011679039533975068,-0.037398145845913396
YALLALLLGILLTLL,Mutant,clash,,LLLYALLASLLGILLTLLILI,0.0127257776667448,LLLYALLALLLGILLTLLILI_0,110011001100110000,1,-62.4171,-62.6925,-58.808,-237.082,-225.719,-247.342,-366.018,4659.15,3779.87,3677.47,-31.3555,-12.716,-97.8744,-90.3228,-59.8678,-57.7166,90.0012,-43.157,7.14466,7.30765,7.15767,-12.9663,-63.07,66.418,-42.249,-378.734,7.1117,4.92693,4.4232,0,LLLYALLALLLGILLTLLILI,0.2439938786915426,0.1331852358474275,D,17,-51.776560503151,-62.99252978303237,-48.51605298529866,-60.49036203809158,-52.98272477801582,-63.91816032586719,-38.00659999999999,-3.609099999999998,10.26000000000002,879.2799999999997,-0.04322468383222637,-0.004104608315894822,0.011668637976526274,-0.035660426712765
YALLLLLLGTLLGFL,Mutant,clash,,LLLYALLALLLGTLLGFLILI,-0.0782261722131393,LLLYALLLLLLGTLLGFLILI_0,110011001100110000,1,-63.2711,-63.1759,-58.7298,-239.725,-225.974,-247.029,-346.407,4706.2,3996.77,3707.61,-30.8968,273.094,-74.308,215.837,-40.6481,-64.6229,72.976,-49.8353,6.89023,6.04519,5.63983,237.01,-63.0279,55.5114,-39.6932,-73.3129,7.1542,3.44823,2.7809,0,LLLYALLLLLLGTLLGFLILI,0.1241686628955877,0.1165824912420237,D,17,-64.46910863216611,-71.50580087966893,-52.27171006213259,-61.72402816795986,-53.37175207537167,-62.60621307690195,-33.65990000000001,-4.5413,7.304000000000002,709.4299999999998,-0.04744640063149291,-0.006401336284059035,0.01029558941685579,-0.04355158366575984
LYLLGLLLGFLLATL,Mutant,clash,,LLLAYLLGLLLGFLLATLILI,1.52211109670856,LLLLYLLGLLLGFLLATLILI_0,110011001100110000,1,-62.5073,-63.068,-58.7236,-231.23,-213.372,-240.565,-342.729,4646.03,3734.94,3601.43,-30.7799,15.1826,-79.7714,-51.1057,-43.4403,-87.7064,61.9373,-41.0347,7.70468,8.01749,7.44655,11.5464,-87.2227,45.9146,-36.9014,-327.546,7.4937,5.78188,4.9706,0,LLLLYLLGLLLGFLLATLILI,0.7393484746073556,0.0697386359855692,D,16,-85.43488025584232,-88.6753429134153,-79.6720651394873,-84.19464476657825,-83.77799004374677,-87.38707932123803,-36.3311,-3.783700000000003,9.335000000000008,911.0899999999997,-0.0398765215291574,-0.0041529376900196514,0.010245969113918505,-0.0337835998638993
YALLIFLLGLLLGTL,Mutant,clash,,LLLYALLAFLLGLLLGTLILI,0.3274621274763044,LLLYALLIFLLGLLLGTLILI_0,110011001100110000,1,-58.7014,-63.8374,-58.7014,-244.422,-235.507,-247.037,-342.774,4689.84,3520.65,3563.63,-29.8324,1005.66,-69.4825,962.229,-37.0353,-72.0702,62.6747,-37.5331,7.95538,5.77162,5.21174,858.134,-66.7471,49.0629,-35.0,662.884,7.0844,3.13556,2.3715,0,LLLYALLIFLLGLLLGTLILI,0.8617414926100665,0.1264384094180408,D,15,-78.31497447386876,-83.06144155875917,-70.9315580658214,-77.29412391493074,-74.91043703523077,-80.40209692020802,-32.4472,0.0,2.615000000000009,1169.19,-0.02775186240046528,0.0,0.0022365911442964862,-0.025515442314764922
LFLLGTLLGVLLGLL,Mutant,clash,,LLLAFLLGTLLGVLLGLLILI,0.3292359052334905,LLLLFLLGTLLGVLLGLLILI_0,110011001100110000,1,-58.6867,-71.5771,-58.6867,-233.043,-214.803,-236.804,-346.148,4611.63,3528.14,3441.74,-29.2462,3717.74,-83.6645,3657.97,-50.6574,-98.1883,48.8854,-37.0565,8.39465,7.82777,7.06105,3296.7,-94.1397,39.8563,-36.5769,3371.59,6.9528,6.00156,5.0994,0,LLLLFLLGTLLGVLLGLLILI,1.0727003292462765,0.02160391090991,D,16,-90.01879643720736,-92.71620129077812,-84.19811429673457,-88.4685495126288,-86.37846383857558,-90.05966295687467,-33.0071,0.0,3.7609999999999957,1083.4900000000002,-0.030463686789910377,0.0,0.0034711903201690786,-0.02699258876408642
YLLLGILLGFLLLTL,Mutant,clash,,LLLYLLLGILLGFLLATLILI,1.119438982828033,LLLYLLLGILLGFLLLTLILI_1,110011001100110000,1,-62.4664,-60.4922,-58.7512,-240.666,-239.439,-250.178,-351.062,4761.68,3874.45,3576.33,-28.614,27087.5,-76.5437,27036.3,-42.1326,-89.1213,48.9217,-52.2577,7.79318,6.47263,5.70645,14895.8,-86.6913,38.1487,-45.0,26713.6,6.9063,4.65377,3.726,1,LLLYLLLGILLGFLLLTLILI,0.1035641628572557,0.101147067567698,D,17,128.67552213654028,103.73917060101807,30.935543278362537,16.657431195451064,121.98443022337626,97.77772136471008,-34.411100000000005,-3.715200000000003,9.512,887.2300000000005,-0.03878486976319555,-0.004187414762801079,0.01072100808133178,-0.03225093831362779
ALLLGTLLGYLLIFL,Mutant,clash,,LLLALLLGTLLGYLLGFLILI,0.801834746649001,LLLALLLGTLLGYLLIFLILI_0,110011001100110000,1,-60.3367,-62.5034,-58.7311,-237.941,-220.14,-243.241,-345.749,4568.6,3850.97,3415.53,-28.1365,676234.0,-75.6081,676171.0,-43.7773,-78.4999,76.5388,-47.9829,8.50367,8.60772,8.2558,466013.0,-77.9303,55.657,-35.0,675889.0,7.3057,5.70324,5.0381,0,LLLALLLGTLLGYLLIFLILI,0.6151307144361282,0.0896527833864821,D,14,-15.41710923967114,-26.964838699461847,-19.93781722503612,-30.868354338804583,-4.47946196247801,-17.520460221056126,-31.830799999999996,-1.6056000000000026,5.300000000000011,717.6300000000006,-0.04435544779343112,-0.002237364658668118,0.0073854214567395556,-0.03920753034293435
VYLLFTLLGGLLLLL,Mutant,clash,,LLLVYLLFTLLGGLLALLILI,0.2742515620548086,LLLVYLLFTLLGGLLLLLILI_2,110011001100110000,1,-63.4102,-66.5267,-58.7506,-230.318,-223.81,-243.487,-345.37,4681.38,3721.7,3725.19,-27.8665,2899.29,-79.5088,2844.26,-43.1329,-47.1563,71.3088,-48.1167,6.89918,3.20013,2.76977,2807.24,-44.9843,61.9817,-41.7735,2553.92,6.6369,1.61517,1.04489,2,LLLVYLLFTLLGGLLLLLILI,0.1764436329353019,0.0742292507155787,D,17,-96.28646210587628,-96.65787022491092,-94.82740745532342,-95.34474238560402,-96.40359850378246,-96.7632912693032,-36.375899999999994,-4.659600000000005,13.168999999999983,959.6800000000003,-0.037904197232410786,-0.004855368456152054,0.013722282427475804,-0.029037283261087017
AVLLGLLLGLLLIFL,Mutant,clash,,LLLAVLLGLLLGLLLGFLILI,1.1980860127802688,LLLAVLLGLLLGLLLIFLILI_2,110011001100110000,1,-44.9261,-52.8486,-44.9261,-239.832,-229.713,-239.442,-352.149,4539.33,3805.86,3617.56,-27.7782,195684.0,-95.1692,195614.0,-67.781,-76.1894,66.0558,-42.1515,8.35822,6.84593,6.33677,89618.0,-77.4724,32.2036,-43.8153,67904.6,7.0393,2.46835,1.4514,2,LLLAVLLGLLLGLLLIFLILI,0.4661220147355764,0.1142325966674826,D,14,-16.323074965070496,-24.13152336584547,-18.786620060953425,-26.365178742954026,-18.435372983162488,-26.04670885770104,-27.388199999999998,0.0,-0.38999999999998636,733.4699999999998,-0.03734058652705633,0.0,-0.0005317190887152664,-0.037872305615771616
VGLLFLLLGTLLSYL,Mutant,clash,,LLLVGLLFALLGTLLSYLILI,0.0233780757382796,LLLVGLLFLLLGTLLSYLILI_0,110011001100110000,1,-72.426,-73.6548,-74.0315,-228.374,-221.59,-243.248,-352.982,4654.79,3624.96,3520.09,-27.6629,-17.8512,-79.8457,-75.5888,-35.703,-56.86,77.0582,-38.2678,6.81481,5.43185,5.08772,-16.5867,-59.8906,63.2894,-39.6145,-370.834,6.7452,4.02766,3.477,0,LLLVGLLFLLLGTLLSYLILI,0.2037192543963476,0.0961416205586503,D,17,61.23248043960318,48.9309247542073,23.59883596980528,14.168614719179384,39.102022903966834,28.48895489162328,-44.14269999999999,1.6054999999999922,14.873999999999995,1029.83,-0.04286406494275754,0.0015589951739607432,0.01444316052163949,-0.02686161793694105
FLLLGILLGVLLLTL,Mutant,clash,,LLLFLLLGILLGVLLATLILI,1.2081742621258016,LLLFLLLGILLGVLLLTLILI_2,110011001100110000,1,-63.6813,-60.5736,-58.7766,-232.98,-229.753,-239.921,-358.058,4647.04,3771.24,3552.77,-27.2759,2244.98,-88.6727,2177.24,-59.3605,-78.2599,58.24,-52.0527,7.25851,6.10138,5.47497,2058.15,-72.9898,49.7856,-44.4885,2779.72,6.6061,4.16952,3.4163,2,LLLFLLLGILLGVLLLTLILI,0.2684094569482537,0.0442823230343765,D,16,217.9819994799919,175.25526488645326,65.7368042142584,43.46701391913363,230.41557130747057,186.0181574792861,-29.312200000000004,-4.904699999999998,6.9410000000000025,875.8000000000002,-0.03346905686229733,-0.005600251198903857,0.007925325416761818,-0.031143982644439364
ALLLGVLLGTLLIFL,Mutant,clash,,LLLALLLGVLLGTLLGFLILI,0.2846002347699065,LLLALLLGVLLGTLLIFLILI_0,110011001100110000,1,-58.7067,-70.1212,-58.7067,-240.008,-226.724,-238.895,-352.151,4499.51,3887.83,3461.64,-27.0401,309087.0,-80.4759,309032.0,-54.549,-91.3409,65.0958,-40.7067,8.4718,8.98906,8.4655,103618.0,-97.484,35.8407,-36.8474,308735.0,6.7321,5.96109,4.9987,0,LLLALLLGVLLGTLLIFLILI,0.7643860057565849,0.1254307390569329,D,14,18.98926975233248,12.130404683712367,3.667584997527325,-2.3080964985246184,34.51796643123624,26.76398505982831,-25.926899999999996,0.0,-1.1129999999999995,611.6800000000003,-0.04238637849856131,0.0,-0.001819578864765889,-0.04420628433167667
YALLLSLLGILLTLL,Mutant,clash,,LLLYALLASLLGILLTLLILI,-0.0127714676796759,LLLYALLLSLLGILLTLLILI_0,110011001100110000,1,-74.8246,-77.755,-74.119,-241.578,-224.722,-249.276,-380.778,4651.33,3894.15,3695.47,-26.8204,11296.8,-91.1961,11218.5,-57.3833,-67.7687,83.0331,-50.7567,7.61277,7.87477,7.62027,10358.7,-63.07,66.418,-42.249,10916.1,7.1117,4.92693,4.4232,0,LLLYALLLSLLGILLTLLILI,0.2694911240379634,0.1177560790322906,D,17,-46.202418456124455,-57.25737168286409,-49.41169354186447,-59.80716756997764,-56.99887419848927,-65.83524603511445,-33.8128,-0.705600000000004,7.6980000000000075,757.1799999999998,-0.04465622441163265,-0.0009318788134921738,0.01016667106896644,-0.03542143215615838
AYLLITLLGGLLFLL,Mutant,clash,,LLLAYLLSTLLGGLLFLLILI,-0.2830583553274581,LLLAYLLITLLGGLLFLLILI_2,110011001100110000,1,-62.9522,-58.754,-58.7534,-229.704,-227.012,-244.016,-343.009,4667.52,3805.46,3672.94,-26.592,4.92357,-76.9449,-52.3189,-40.2392,-54.6183,54.253,-52.177,7.35936,2.01689,1.33068,-1.94252,-48.4453,58.7094,-44.1259,-338.085,7.2194,1.69256,1.0732,2,LLLAYLLITLLGGLLFLLILI,0.5909139442064008,0.1166509573366224,D,14,-87.13748518258727,-90.76383114547367,-82.35786291741626,-87.33173416221416,-86.4373270856156,-90.26106955489112,-36.70570000000001,-4.1987999999999985,14.311999999999983,862.0600000000004,-0.04257905482217014,-0.004870658654850007,0.016602092661763657,-0.0308470408092244
VGLLFALLGTLLIYL,Mutant,clash,,LLLVGLLFALLGTLLSYLILI,-0.036392979743306,LLLVGLLFALLGTLLIYLILI_2,110011001100110000,1,-60.106,-61.5435,-58.783,-232.393,-219.561,-241.234,-336.112,4600.71,3700.63,3558.73,-26.588,19.1775,-70.2019,-35.8302,-36.0954,-69.7082,69.3342,-42.9946,6.9718,6.31635,5.85636,18.855,-59.8906,63.2894,-39.6145,-316.935,6.7452,4.02766,3.477,2,LLLVGLLFALLGTLLIYLILI,0.2634903098779333,0.102696498784044,D,15,118.1712391932622,97.65524199168811,43.19620787414368,29.730578715666223,80.18442335862787,63.2405624764048,-34.1065,-1.3230000000000004,8.841000000000008,900.0799999999999,-0.03789274286730068,-0.0014698693449471164,0.00982246022575772,-0.029539596480312864
ALLLGTLLGILLIFL,Mutant,clash,,LLLALLLGTLLGILLSFLILI,0.7162339041566549,LLLALLLGTLLGILLIFLILI_0,110011001100110000,1,-51.7053,-58.8794,-58.7369,-234.238,-221.974,-240.343,-353.24,4520.13,3725.56,3498.41,-26.4276,70.2935,-93.7244,-2.09378,-54.1601,-72.4234,73.2931,-41.9924,7.79814,7.25807,6.85747,66.498,-70.183,60.097,-37.4728,-282.947,7.1099,5.14054,4.54199,0,LLLALLLGTLLGILLIFLILI,0.4771176034753143,0.0615543225604756,D,14,-23.27757856133133,-32.17412620848691,-23.86342606476472,-32.69204024305255,-17.99515137311208,-27.504236584794228,-39.5643,7.031599999999997,6.10499999999999,794.5700000000002,-0.04979334734510489,0.008849566432158269,0.007683401084863497,-0.033260253973847485
TFLLGVLLGLLLIAL,Mutant,clash,,LLLTFLLGVLLGLLLGALILI,0.4689414458418515,LLLTFLLGVLLGLLLIALILI_0,110011001100110000,1,-49.4916,-55.6023,-44.8802,-226.645,-225.254,-243.624,-346.831,4606.68,3709.88,3434.05,-26.1688,314389.0,-96.8626,314323.0,-58.327,-69.161,53.8547,-49.4809,7.91075,4.14454,3.45236,281673.0,-80.3909,36.9211,-40.9331,314042.0,7.1519,3.54298,2.5968,0,LLLTFLLGVLLGLLLIALILI,0.914918943842548,0.0765920762578681,D,15,-76.17437652878098,-80.57721660617537,-69.07002620387786,-74.78570992509624,-70.01772060157874,-75.55827577347038,-38.5356,-4.611399999999996,16.978999999999985,896.8000000000002,-0.04297011596788581,-0.005142060660124883,0.01893287243532558,-0.029180196253345222
YLLLAVLLGFLLLTL,Mutant,clash,,LLLYLLLAVLLGFLLATLILI,0.9303536605848112,LLLYLLLAVLLGFLLLTLILI_1,110011001100110000,1,-58.7343,-58.7343,-58.7343,-245.145,-232.878,-249.881,-351.419,4782.35,3910.23,3694.96,-26.0769,12396.6,-73.6169,12336.8,-42.8039,-62.2589,63.3046,-40.0497,8.37471,4.38496,3.83453,9485.97,-63.0129,43.6304,-40.5932,12341.3,7.074,1.84204,0.996496,1,LLLYLLLAVLLGFLLLTLILI,0.1614909153760889,0.0953803952940241,D,17,-36.58823814154519,-52.00712326927,-35.47271376236268,-51.16284418836804,-31.90775192215492,-48.46472054170523,-30.813000000000002,0.0,4.73599999999999,872.1200000000003,-0.03533114708985001,0.0,0.0054304453515571114,-0.029900587075173127
TLLLGVLLGFLLLIL,Mutant,clash,,LLLTLLLGVLLGFLLAILILI,0.6985591532141114,LLLTLLLGVLLGFLLLILILI_0,110011001100110000,1,-49.6229,-51.0755,-44.9524,-232.941,-228.292,-246.52,-354.509,4596.9,3848.56,3615.42,-26.0737,85517.8,-98.0182,85442.7,-63.0362,-92.0205,40.8584,-51.1183,7.89278,5.81897,4.93185,26311.2,-83.081,35.995,-42.847,85163.3,7.4247,3.82147,2.86139,0,LLLTLLLGVLLGFLLLILILI,0.6374445221395485,0.1436861135219243,D,17,-61.50842928951728,-63.65940064742424,-59.20929209758212,-61.48874296818416,-55.69221632585691,-58.16820709101071,-34.98199999999999,-4.670500000000004,13.579000000000008,748.3399999999997,-0.046746131437581856,-0.006241147072186448,0.01814549536307028,-0.034842050404896185
FLLLGILLGVLLITL,Mutant,clash,,LLLFLLLGILLGVLLATLILI,1.0444485149932332,LLLFLLLGILLGVLLITLILI_1,110011001100110000,1,-60.6073,-60.3073,-58.7766,-235.738,-219.83,-239.918,-355.478,4616.37,3778.34,3541.67,-25.8564,401.87,-84.989,326.53,-56.7836,-79.0555,61.4147,-51.5028,7.56823,6.64931,6.07053,371.674,-72.9898,49.7856,-44.4885,314.185,6.6061,4.16952,3.4163,1,LLLFLLLGILLGVLLITLILI,0.4321352040808219,0.0552404204413943,D,14,170.93353387393708,132.90227669751272,54.9589825788842,33.20720887265593,198.51412413837176,156.6113472337459,-28.205400000000004,-1.8307000000000002,4.180000000000007,838.0299999999997,-0.03365679032970181,-0.002184528000190925,0.0049878882617567484,-0.030853788050547126
YFLLAVLLGLLLITL,Mutant,clash,,LLLYFLLAVLLGLLLGTLILI,0.1314926275016014,LLLYFLLAVLLGLLLITLILI_1,110011001100110000,1,-58.6875,-65.7303,-58.6875,-245.612,-225.282,-250.78,-349.774,4734.13,3940.32,3585.19,-25.7926,12897.4,-71.2675,12838.6,-40.3069,-73.7999,55.4227,-46.9022,8.13012,5.05204,4.38338,1166.83,-69.0276,38.4457,-43.5682,817.122,6.8046,2.04431,1.121,1,LLLYFLLAVLLGLLLITLILI,0.1463442813288368,0.1186401512794942,D,15,-33.143245009560765,-42.51991250233276,-36.43171218176279,-45.34717177955029,-28.489063453456343,-38.51848043891346,-30.9606,0.0,5.168000000000006,793.81,-0.039002532092062336,0.0,0.006510374018971803,-0.03249215807309054
ALLLGTLLGILLLFL,Mutant,clash,,LLLALLLGTLLGILLSFLILI,0.8234791935504246,LLLALLLGTLLGILLLFLILI_0,110011001100110000,1,-55.6851,-58.8794,-58.7369,-232.255,-221.973,-240.294,-355.505,4542.04,3800.98,3541.86,-25.6594,796.109,-93.2246,721.456,-56.4742,-65.8209,78.0666,-48.3965,8.07568,6.91213,6.58312,753.194,-70.183,60.097,-37.4728,440.604,7.1099,5.14054,4.54199,0,LLLALLLGTLLGILLLFLILI,0.3698723140815445,0.0371600786025289,D,16,-24.15477237658699,-34.80401794150777,-25.01389164913325,-35.54251034813799,-25.93130593346365,-36.33111270448383,-36.75039999999999,3.0518,8.039000000000016,741.06,-0.04959166599195746,0.004118155075162605,0.010847974522980617,-0.03462526651013414
LFLLGVLLGTLLGLL,Mutant,clash,,LLLAFLLGVLLGTLLGLLILI,1.1670779284386157,LLLLFLLGVLLGTLLGLLILI_0,110011001100110000,1,-58.6941,-69.7482,-58.6941,-234.657,-209.542,-236.82,-345.952,4612.04,3615.69,3492.21,-25.4094,1152.18,-78.0106,1085.52,-50.4385,-103.666,44.9627,-37.7958,8.35367,8.11994,7.29438,1146.4,-97.484,35.8407,-36.8474,806.231,6.7321,5.96109,4.9987,0,LLLLFLLGVLLGTLLGLLILI,1.1654202543748051,0.0507372213612975,D,16,-93.32990309758632,-93.7504738868596,-89.79359000833297,-90.4371365667479,-91.64807449735004,-92.174689920183,-27.5721,0.0,2.1629999999999825,996.3499999999999,-0.027673106839965878,0.0,0.002170923872133269,-0.025502484066843984
IYLLSTLLGGLLFLL,Mutant,clash,,LLLAYLLSTLLGGLLFLLILI,0.098763176303503,LLLIYLLSTLLGGLLFLLILI_2,110011001100110000,1,-78.3983,-79.2159,-74.005,-229.054,-222.563,-241.66,-353.728,4677.98,3810.68,3649.56,-25.3876,-19.274,-71.6628,-71.2226,-38.0626,-56.6781,56.6515,-49.4267,7.14115,2.64966,1.99943,-21.9051,-48.4453,58.7094,-44.1259,-376.751,7.2194,1.69256,1.0732,2,LLLIYLLSTLLGGLLFLLILI,0.2090924125754396,0.0380478506924333,D,14,-82.01668405746881,-85.23365148554025,-76.60990943346808,-80.79407434124333,-80.34466152477849,-83.86073074496967,-33.6002,-4.393300000000011,12.605999999999995,867.2999999999997,-0.03874115069756717,-0.005065490603020883,0.014534763057765477,-0.029271993543179994
ALLLGTLLGLLLLFL,Mutant,clash,,LLLALLLGTLLGLLLGFLILI,1.0717075242297192,LLLALLLGTLLGLLLLFLILI_1,110011001100110000,1,-51.6199,-51.6199,-58.6905,-236.237,-230.797,-240.374,-361.751,4538.72,3808.17,3356.18,-25.1465,270886.0,-99.0407,270807.0,-62.6868,-65.5595,69.5047,-49.3039,8.5168,5.71706,5.25963,114478.0,-63.8279,50.3554,-37.6016,270566.0,6.5149,2.87217,2.1275,1,LLLALLLGTLLGLLLLFLILI,0.225772382234958,0.0622489924389794,D,16,5.931443641513298,-8.236021937518966,-6.8833149143411525,-19.33691117844105,15.02095384815973,-0.3621594984864577,-36.3539,7.070599999999999,4.1370000000000005,730.5500000000002,-0.049762370816508104,0.009678461433166788,0.00566285675176237,-0.034421326397919366
LALLFALLGILLITL,Mutant,clash,15.0,LLLLALLFALLGILLSTLILI,-0.0154172582136724,LLLLALLFALLGILLITLILI_2,110011001100110000,1,-58.8467,-63.324,-58.8467,-235.461,-221.685,-238.077,-355.413,4552.76,3814.83,3642.42,-25.12,87.1317,-86.2251,16.7276,-58.4888,-59.3902,83.1272,-39.6977,7.74181,6.6307,6.37761,85.3711,-54.9267,67.0486,-40.0719,-268.281,7.1275,3.79057,3.2963,2,LLLLALLFALLGILLITLILI,0.324952973164932,0.066344757606745,D,14,-19.1734838796168,-29.653442730167605,-26.817476137770395,-36.30631563585444,-34.22414220523579,-42.752634043509794,-27.7363,0.0,2.6159999999999854,737.9300000000003,-0.037586627457888946,0.0,0.0035450516986705845,-0.034041169216592344
LYLLIVLLGTLLTFL,Mutant,clash,,LLLLYLLAVLLGTLLTFLILI,0.1645760711954293,LLLLYLLIVLLGTLLTFLILI_0,110011001100110000,1,-71.9327,-77.39,-72.4885,-235.35,-228.094,-247.346,-357.898,4642.78,3913.01,3679.65,-25.0847,118.217,-75.7009,65.8027,-38.0636,-64.5479,45.5312,-48.9334,6.90104,2.3289,1.51186,105.501,-63.2409,39.6737,-45.0,-239.681,6.506,1.34209,0.437196,0,LLLLYLLIVLLGTLLTFLILI,0.1008547002151738,0.0900276303461639,D,14,-95.42296856613636,-92.30650076549853,-93.5636380992339,-89.18116554975938,-95.54858234509187,-92.5176440635513,-37.6373,0.555800000000005,11.99600000000001,729.7699999999995,-0.05157419460926049,0.0007616098222727782,0.016438055825808155,-0.03437343272537925
VFLLGTLLGLLLIIL,Mutant,clash,,LLLVFLLGTLLGLLLAILILI,1.1681726022101917,LLLVFLLGTLLGLLLIILILI_2,110011001100110000,1,-57.3371,-47.8294,-58.7524,-232.484,-226.877,-238.092,-353.726,4595.41,3682.91,3479.35,-24.5532,1018.55,-88.4584,939.533,-56.8813,-88.0776,55.2116,-49.1682,7.22597,7.16521,6.49339,758.413,-81.7774,50.2073,-43.0207,605.418,6.749,5.54459,4.7977,2,LLLVFLLGTLLGLLLIILILI,0.4652264535277086,0.111405327074067,D,15,-41.70456975793598,-49.94623187077421,-32.98324862976326,-42.45790930899841,-33.756189760431575,-43.12157395597613,-31.577099999999994,1.415300000000002,5.608000000000004,912.5,-0.0346050410958904,0.0015510136986301392,0.006145753424657539,-0.026907616438356166
LVLLGILLGLLLTFL,Mutant,clash,,LLLAVLLGILLGLLLTFLILI,0.7873737985329536,LLLLVLLGILLGLLLTFLILI_0,110011001100110000,1,-56.1646,-57.4251,-58.7585,-235.222,-203.227,-241.698,-360.698,4570.81,3672.81,3555.1,-24.3579,668.789,-93.6689,568.743,-60.2416,-106.168,40.7895,-42.9436,7.75705,7.93176,7.04361,518.194,-106.47,21.0167,-38.4019,308.091,7.4459,5.30775,4.123,0,LLLLVLLGILLGLLLTFLILI,0.2408303399874294,0.0481411229932133,D,16,-24.99560826463645,-34.34440788452156,-29.03068953298668,-37.87654305391726,-21.98675320227569,-31.71058663568115,-33.427299999999995,2.593899999999998,6.475999999999999,898.0000000000005,-0.0372241648106904,0.002888530066815141,0.007211581291759461,-0.027124610244988853
TLLLGVLLGFLLIIL,Mutant,clash,,LLLTLLLGVLLGFLLAILILI,0.7197278338121401,LLLTLLLGVLLGFLLIILILI_0,110011001100110000,1,-49.2647,-51.0755,-44.9524,-231.375,-228.287,-246.217,-351.91,4566.65,3840.37,3555.77,-24.262,487.633,-95.5317,415.086,-60.7404,-88.8849,34.6443,-51.892,7.68156,4.50971,3.52938,479.134,-83.081,35.995,-42.847,135.723,7.4247,3.82147,2.86139,0,LLLTLLLGVLLGFLLIILILI,0.6162758415415198,0.0023584259299721,D,15,-51.67574288390425,-60.42325754992807,-46.28705284586357,-56.01001230817618,-45.94972011228556,-55.73374255229101,-34.7913,-4.3123000000000005,14.842000000000013,726.2799999999997,-0.04790342567604782,-0.0059375172109930084,0.020435644654954038,-0.033405848983862986
YFLLGTLLGILLILL,Mutant,clash,,LLLYFLLGTLLGILLALLILI,0.5503845083845645,LLLYFLLGTLLGILLILLILI_2,110011001100110000,1,-60.385,-67.366,-58.7545,-241.213,-230.617,-251.014,-349.612,4720.13,3788.54,3537.34,-24.1857,776.165,-72.1999,724.535,-39.8444,-67.6606,53.7544,-42.9123,7.64387,3.90592,3.21224,742.127,-62.6538,43.9976,-40.9419,426.552,6.5,1.83774,0.997703,2,LLLYFLLGTLLGILLILLILI,0.5357705131273193,0.1170736844548768,D,15,38.13987166531312,22.468963493445823,10.103592398375458,-2.3868150782437683,39.946971245021466,24.07106149591484,-32.3555,-1.6304999999999978,9.801000000000016,931.5900000000001,-0.03473148058695348,-0.001750233471806264,0.010520722635494171,-0.02596174282678002
YGLLFVLLGLLLITL,Mutant,clash,,LLLYGLLFVLLGLLLATLILI,-0.0162232995878998,LLLYGLLFVLLGLLLITLILI_1,110011001100110000,1,-58.7786,-61.0447,-58.7786,-244.386,-241.297,-249.786,-347.435,4694.06,4003.22,3683.57,-24.1305,253.259,-68.4008,208.167,-38.87,-70.5463,64.2119,-42.5482,8.01603,5.75055,5.21373,205.926,-69.9791,45.3649,-42.8506,-100.472,6.8462,3.12113,2.3016,1,LLLYGLLFVLLGLLLITLILI,0.2253451582012692,0.103027070092311,D,15,33.929490041171725,2.428298815586051,0.7105667198298502,-22.977291866827905,10.7302453132293,-15.314314633917128,-29.530800000000006,0.0,5.400000000000006,690.8400000000006,-0.04274622199062009,0.0,0.007816571130797291,-0.03492921660587109
AVLLGLLLGFLLLTL,Mutant,clash,,LLLAVLLGLLLGFLLGTLILI,1.3620637692062505,LLLAVLLGLLLGFLLLTLILI_1,110011001100110000,1,-63.5455,-58.754,-58.754,-234.193,-230.406,-238.608,-355.329,4521.16,3780.2,3670.12,-23.793,6660880.0,-81.383,6660810.0,-57.9665,-85.7338,54.7502,-52.8167,7.44911,6.75135,6.07261,5475890.0,-80.2804,39.355,-44.6447,6660520.0,7.3257,3.85498,2.9453,1,LLLAVLLGLLLGFLLLTLILI,0.5968294717559813,0.0880425935665586,D,16,-25.022014616342304,-35.8795648837633,-28.08724164252515,-38.50091686652452,-35.024289900876894,-44.43341225796239,-23.416499999999992,-4.791499999999999,4.414999999999992,740.96,-0.031602920535521474,-0.006466610883178577,0.005958486288058723,-0.03211104513064133
YGLLFVLLGLLLLTL,Mutant,clash,,LLLYGLLFVLLGLLLATLILI,-0.0478795612560007,LLLYGLLFVLLGLLLLTLILI_2,110011001100110000,1,-58.7786,-58.7786,-58.7786,-243.113,-241.434,-249.799,-350.068,4718.89,3966.99,3690.57,-23.6058,1807.43,-71.7821,1757.57,-41.49,-74.4862,57.3935,-46.104,7.6608,5.42105,4.78195,1677.29,-69.9791,45.3649,-42.8506,1538.19,6.8462,3.12113,2.3016,2,LLLYGLLFVLLGLLLLTLILI,0.2570014198693702,0.1182456118895818,D,17,12.45641138413312,-8.67338242374989,-11.23867650884841,-27.91632467847032,2.18202360771577,-17.017282711318177,-30.292099999999998,0.0,6.686000000000007,751.9000000000005,-0.040287405240058485,0.0,0.008892139912222373,-0.031394866338608836
ALLLGLLLGTLLLFL,Mutant,clash,,LLLALLLGLLLGTLLGFLILI,0.8508202480776244,LLLALLLGLLLGTLLLFLILI_1,110011001100110000,1,-58.7075,-55.2558,-58.7075,-233.85,-229.8,-239.476,-360.873,4596.5,3786.93,3370.07,-23.5925,45978.7,-91.9082,45902.9,-62.6899,-72.9196,73.3388,-47.0579,7.71206,7.33868,6.93876,29584.6,-73.8055,53.1891,-35.1152,45637.4,6.5108,4.75136,4.0492,1,LLLALLLGLLLGTLLLFLILI,0.3186803524802689,0.0689371145130843,D,16,39.92900753938108,22.7922985952025,11.521725445092526,-2.136024177460103,24.11819874983072,8.917794744585764,-29.218299999999992,0.0,5.626000000000005,809.5700000000002,-0.036091134799955515,0.0,0.006949368183109556,-0.029142013661573422
TLLLGILLGVLLIFL,Mutant,clash,,LLLTLLLGILLGVLLAFLILI,0.7603730310663714,LLLTLLLGILLGVLLIFLILI_2,110011001100110000,1,-47.3396,-54.1961,-44.9405,-238.206,-230.336,-246.39,-351.908,4574.22,3840.29,3579.19,-23.5798,928.326,-89.9424,860.951,-60.5772,-79.1548,54.6028,-50.5815,7.1413,5.74461,5.06365,872.94,-68.9044,49.4176,-45.0,576.418,6.5,3.50704,2.7483,2,LLLTLLLGILLGVLLIFLILI,0.7317029357568314,0.0476232997478716,D,15,-76.22026430467699,-79.96843141637785,-72.35734898515335,-76.7143896495898,-71.39377234984487,-75.90269217308867,-29.36520000000001,-2.399099999999997,8.183999999999997,733.9300000000003,-0.04001090022209202,-0.0032688403526221796,0.011150927200141695,-0.032128132110691744
FYLLGVLLGLLLLTL,Mutant,clash,,LLLFYLLGVLLGLLLATLILI,0.9047707898004412,LLLFYLLGVLLGLLLLTLILI_0,110011001100110000,1,-63.7409,-68.9721,-58.7635,-240.152,-226.497,-244.496,-345.778,4760.81,3724.09,3568.65,-23.0788,14328.3,-64.964,14278.0,-42.518,-77.882,59.1369,-51.072,8.65597,6.16577,5.55283,5864.35,-71.1945,47.5262,-42.4033,13982.6,7.5,3.59521,2.8081,0,LLLFYLLGVLLGLLLLTLILI,0.222475663649402,0.0816107030914247,D,16,-6.067289364334775,-9.685037359973702,-16.32134164157876,-19.544162493923995,-13.00135406113035,-16.35204174850497,-22.445999999999998,-4.977400000000003,4.3440000000000225,1036.7200000000003,-0.02165097615556755,-0.004801103480206808,0.004190138127941992,-0.022261362759472176
TGLLFLLLGVLLILL,Mutant,clash,,LLLTGLLFLLLGVLLALLILI,0.1254862888025662,LLLTGLLFLLLGVLLILLILI_0,110011001100110000,1,-45.0314,-50.0753,-45.0314,-233.625,-229.09,-248.474,-355.964,4748.45,3704.81,3552.57,-23.0756,95.2648,-100.383,18.4664,-62.4581,-69.7148,62.0769,-43.2012,7.8857,5.3376,4.76875,90.3923,-63.2594,57.5053,-40.4165,-260.699,7.4344,3.75212,3.1147,0,LLLTGLLFLLLGVLLILLILI,0.2097337556677434,0.1129125856786782,D,15,-66.55067405120698,-70.34334162539346,-61.46611778058341,-65.83530016186174,-70.05875397582363,-73.45365625578218,-37.924899999999994,0.0,14.84899999999999,1043.6399999999999,-0.03633906327852516,0.0,0.0142280863132881,-0.022110689509792652
YALLILLLGTLLGFL,Mutant,clash,,LLLYALLALLLGTLLGFLILI,-0.0555263186260437,LLLYALLILLLGTLLGFLILI_0,110011001100110000,1,-60.8998,-63.1759,-58.7298,-236.419,-226.515,-247.031,-343.195,4691.97,4007.23,3721.72,-23.0536,22.9303,-68.9298,-30.5739,-37.4338,-65.3892,65.7442,-49.41,7.22302,5.18386,4.67002,19.8748,-63.0279,55.5114,-39.6932,-320.265,7.1542,3.44823,2.7809,0,LLLYALLILLLGTLLGFLILI,0.1014688093084921,0.0315273899075258,D,15,-87.21820538604594,-89.09599724543247,-83.28678454916277,-85.74214710705375,-86.69218924303668,-88.64725889173852,-31.496000000000002,-2.1700000000000017,10.611999999999995,684.7400000000002,-0.045997020767006444,-0.0031690860764669814,0.015497853199754639,-0.03366766948038671
ATLLGILLGLLLLFL,Mutant,clash,,LLLATLLGILLGLLLGFLILI,0.8065661860928288,LLLATLLGILLGLLLLFLILI_2,110011001100110000,1,-48.4223,-58.3271,-44.9292,-232.999,-220.306,-240.544,-352.865,4531.44,3847.03,3421.11,-23.0161,223320.0,-94.4602,223245.0,-67.392,-74.186,75.7285,-44.3456,8.3057,7.85125,7.48717,170186.0,-81.6776,47.767,-35.1198,222967.0,6.6099,5.20019,4.4167,2,LLLATLLGILLGLLLLFLILI,0.3101038405580649,0.0562945669206401,D,16,17.34241005131442,7.707327343923547,6.336869799673252,-2.394538860817525,32.122414407291394,21.273733271820163,-27.068200000000004,-3.4930999999999983,7.545000000000016,684.4099999999994,-0.03954968513025822,-0.005103812042489153,0.011024093744977459,-0.033629111205271726
AYLLGVLLGLLLLFL,Mutant,clash,,LLLAYLLGVLLGLLLGFLILI,0.9188080530724,LLLAYLLGVLLGLLLLFLILI_1,110011001100110000,1,-48.7774,-44.9116,-44.9116,-234.809,-230.602,-243.059,-339.39,4615.2,3873.22,3369.76,-22.8091,7430650.0,-78.6128,7430580.0,-51.4195,-80.1958,49.7278,-56.0939,7.65943,5.24262,4.48853,179516.0,-78.3342,38.1851,-39.2997,280935.0,6.6883,3.40512,2.4779,1,LLLAYLLGVLLGLLLLFLILI,0.3188982590049767,0.1258036886029894,D,16,-54.84825989836151,-55.01334360351697,-47.1778989317899,-47.3710269959311,-50.18984196603225,-50.371957769855456,-27.193299999999994,-3.8658,8.25,741.98,-0.03664964015202565,-0.005210113480147713,0.011118898083506294,-0.03074085554866708
AYLLGFLLGTLLLLL,Mutant,clash,,LLLAYLLGFLLGTLLGLLILI,0.6606961452533089,LLLAYLLGFLLGTLLLLLILI_2,110011001100110000,1,-62.5937,-62.5531,-58.6623,-234.241,-222.697,-244.399,-347.746,4635.38,3735.91,3486.78,-22.6609,107885.0,-73.572,107823.0,-44.6849,-97.8195,30.8816,-38.5801,8.63857,5.34194,4.30516,103363.0,-91.134,25.7473,-37.6199,107538.0,7.3707,3.64599,2.5322,2,LLLAYLLGFLLGTLLLLLILI,0.5738418493066173,0.1313308623322383,D,16,-86.16530449707388,-87.44844183236677,-81.24631645923817,-82.98567902925858,-86.12283895278199,-87.40991487315851,-28.887100000000004,-3.9313999999999965,10.157999999999987,899.4700000000003,-0.032115690350984466,-0.004370796135502013,0.011293317175670099,-0.025193614017143425
AFLLGLLLGTLLLVL,Mutant,clash,,LLLAFLLGLLLGTLLGVLILI,0.2662078792417481,LLLAFLLGLLLGTLLLVLILI_2,110011001100110000,1,-63.5959,-60.319,-58.6456,-232.939,-227.076,-238.935,-352.179,4563.57,3664.38,3355.09,-22.3971,2595870.0,-78.0413,2595810.0,-54.5989,-73.946,61.3826,-49.6935,8.19359,5.87855,5.29929,874851.0,-70.7932,46.6401,-35.0,2595890.0,7.2306,3.4154,2.615,2,LLLAFLLGLLLGTLLLVLILI,1.239670709071336,0.0523396308578954,D,16,-83.93912802836377,-86.42678640574356,-77.51435535314688,-80.99714273700214,-83.63153879961199,-86.16683947954218,-23.442400000000006,-4.950299999999999,5.996000000000009,899.1899999999996,-0.02607057462827658,-0.005505288092616689,0.006668223623483371,-0.02490808394221467
IALLALLLGTLLGFL,Mutant,clash,,LLLGALLALLLGTLLGFLILI,-0.1037544216960328,LLLIALLALLLGTLLGFLILI_0,110011001100110000,1,-63.5439,-64.2121,-58.7121,-214.925,-203.11,-234.731,-346.792,4544.87,3551.0,3522.54,-22.2953,4.22977,-90.6182,-75.2398,-53.3485,-79.0106,67.2409,-33.1125,7.27872,7.42911,6.93773,3.21473,-76.6587,59.1886,-35.0,-342.562,7.2022,5.98927,5.3771,0,LLLIALLALLLGTLLGFLILI,0.3410717495052364,0.0812751338791867,D,14,-7.420130786944046,-16.532892237080027,-9.679279199846496,-18.56966962329788,-2.3225731073420146,-11.93709403831739,-37.2697,-4.831800000000001,19.805999999999983,993.8699999999999,-0.037499572378681324,-0.004861601617917838,0.01992815961846115,-0.022432813144576257
ALLLGVLLITLLGFL,Mutant,clash,11.0,LLLALLLGVLLGTLLGFLILI,0.7911521244911535,LLLALLLGVLLITLLGFLILI_2,110011001100110000,1,-58.7067,-54.7161,-58.7067,-241.084,-227.141,-238.933,-350.657,4551.19,4033.36,3544.96,-22.1445,3253040.0,-73.0113,3252980.0,-53.0177,-92.1313,66.9584,-39.2823,9.63797,9.35907,8.86345,2884520.0,-97.484,35.8407,-36.8474,3252690.0,6.7321,5.96109,4.9987,2,LLLALLLGVLLITLLGFLILI,0.2578341160353379,0.1015935893721251,D,14,7.532068079641779,1.4976062047056635,-5.548445033325981,-10.848857437304794,13.400467504223275,7.036684030373001,-19.993600000000008,0.0,-2.1510000000000105,517.8299999999995,-0.03861035474962831,0.0,-0.004153872892648191,-0.04276403452870638
ALLLGTLLGLLLIFL,Mutant,clash,,LLLALLLGTLLGLLLGFLILI,0.9425000249464196,LLLALLLGTLLGLLLIFLILI_2,110011001100110000,1,-51.6199,-51.6199,-58.6905,-236.23,-232.761,-240.36,-359.406,4506.72,3786.98,3354.74,-21.9169,11193700.0,-93.4736,11193600.0,-60.3561,-66.3816,68.5373,-48.6314,8.44648,5.70979,5.23785,9348350.0,-63.8279,50.3554,-37.6016,11195100.0,6.5149,2.87217,2.1275,2,LLLALLLGTLLGLLLIFLILI,0.3549798815182574,0.0228414906397945,D,14,22.72639915213067,14.780820547478893,8.421156747049773,1.401731185047537,37.41613576758285,28.51951111443564,-33.11750000000001,7.070599999999999,4.130000000000024,719.7400000000002,-0.04601314363520159,0.00982382527023647,0.0057381832328341105,-0.030451135132131036
TGLLFLLLGVLLIIL,Mutant,clash,,LLLTGLLFLLLGVLLAILILI,0.3141763832863345,LLLTGLLFLLLGVLLIILILI_2,110011001100110000,1,-45.052,-45.052,-45.052,-231.761,-230.797,-247.752,-352.328,4721.25,3690.66,3462.97,-21.6874,225.816,-97.202,149.337,-59.5243,-73.9806,67.9235,-43.999,7.25446,6.76677,6.28563,231.363,-70.6341,63.5646,-35.8262,-138.034,6.7474,5.67633,5.1298,2,LLLTGLLFLLLGVLLIILILI,0.1149888366960138,0.1122648776464492,D,15,-39.37509995754514,-52.34155219628881,-39.2610130670179,-52.25186620730619,-43.20580767156196,-55.35294823177747,-37.6777,0.0,15.991000000000014,1030.5900000000001,-0.036559349498830766,0.0,0.015516354709438294,-0.021043674011973722
FVLLILLLGALLLTL,Mutant,clash,,LLLFVLLILLLGALLGTLILI,0.0141234726126578,LLLFVLLILLLGALLLTLILI_2,110011001100110000,1,-54.3759,-44.9659,-58.7747,-233.007,-231.382,-241.614,-362.235,4706.32,3902.65,3581.36,-21.5989,32872.8,-96.4504,32786.9,-61.8456,-61.2382,57.8207,-52.307,7.76129,3.49153,2.85884,25686.5,-48.7389,54.7657,-43.6502,78320.5,6.8404,1.20421,0.525696,2,LLLFVLLILLLGALLLTLILI,0.192712059651266,0.1267701236569571,D,16,-36.51688395717041,-49.77114740001221,-41.08375038382505,-53.38452485983175,-43.537377415371296,-55.32587364963808,-34.604800000000004,4.398800000000001,8.607,803.6699999999996,-0.04305846927221375,0.005473390819615021,0.010709619619993284,-0.026875334403424305
AVLLGILLGLLLLFL,Mutant,clash,,LLLAVLLGILLGLLLGFLILI,1.041194799562341,LLLAVLLGILLGLLLLFLILI_0,110011001100110000,1,-44.9348,-56.787,-44.9348,-233.676,-218.858,-239.462,-352.014,4527.11,3853.35,3409.15,-21.531,275544.0,-94.9343,275468.0,-67.6178,-68.8101,67.5388,-44.2878,8.96595,5.93925,5.45234,270624.0,-78.3112,37.3108,-36.9447,275192.0,6.8995,3.28364,2.3433,0,LLLAVLLGILLGLLLLFLILI,0.3699640900363481,0.1336281766272216,D,16,-4.565222187954818,-10.17339058402805,-5.1469951324212175,-10.720975984753606,8.440301633182752,2.067871305136168,-27.31649999999999,0.0,5.786000000000001,673.7599999999998,-0.040543368558537164,0.0,0.008587627641890293,-0.03195648302066018
YVLLGILLGTLLLLL,Mutant,clash,,LLLYVLLGILLGTLLSLLILI,0.4825452084294916,LLLYVLLGILLGTLLLLLILI_0,110011001100110000,1,-58.7708,-58.7708,-58.7708,-242.571,-230.689,-248.22,-364.936,4638.92,3721.6,3734.95,-21.5291,614.112,-85.1234,538.636,-57.9448,-115.279,19.5846,-44.6186,7.40413,6.43581,5.22958,341.382,-103.028,20.5579,-45.0,249.176,7.3039,4.72952,3.53789,0,LLLYVLLGILLGTLLLLLILI,0.152615210340485,0.0669040823930919,D,17,85.78049312238906,66.02031579741768,26.89130717655247,13.394762471214325,81.308449903587,62.02393267361951,-27.178600000000003,0.0,5.649000000000001,917.3200000000002,-0.029628264945711417,0.0,0.006158156368551868,-0.02346956351109754
YVLLGLLLGTLLIFL,Mutant,clash,,LLLYVLLGLLLGTLLAFLILI,0.0809321745945106,LLLYVLLGLLLGTLLIFLILI_0,110011001100110000,1,-58.6969,-66.4108,-58.6969,-237.629,-223.329,-249.196,-348.5,4670.24,3847.4,3590.78,-21.2239,261.895,-73.3977,203.136,-40.6071,-66.8064,67.4318,-44.3876,8.33275,5.62426,5.13573,179.785,-67.743,51.6604,-38.5819,-86.6048,7.1139,3.6356,2.91051,0,LLLYVLLGLLLGTLLIFLILI,0.1519661323504603,0.067795333326354,D,15,61.58041755581284,42.05711714812966,14.071147476973628,0.2882564946995892,42.70452177688415,25.461941949891703,-32.7906,0.0,11.567000000000007,822.8399999999997,-0.03985051771911916,0.0,0.014057410918283034,-0.025793471391765115
YALLLFLLGLLLGTL,Mutant,clash,,LLLYALLAFLLGLLLGTLILI,0.6296279206089237,LLLYALLLFLLGLLLGTLILI_2,110011001100110000,1,-58.7014,-63.8815,-58.7014,-241.19,-235.443,-247.056,-345.776,4717.69,4100.82,3536.48,-20.6452,17730.8,-66.5288,17684.4,-40.018,-70.2826,43.0445,-50.5516,8.58197,2.8534,1.99906,17524.0,-66.7471,49.0629,-35.0,17385.0,7.0844,3.13556,2.3715,2,LLLYALLLFLLGLLLGTLILI,0.5595756994774472,0.0560868107417235,D,17,-56.23978003552879,-57.864170593069744,-49.56827240444115,-51.44031103160561,-53.39946952021274,-55.12929313054249,-26.510800000000003,0.0,5.866000000000014,616.8699999999999,-0.04297631591745426,0.0,0.009509296934524316,-0.03346766741777036
YFLLGTLLGLLLIVL,Mutant,clash,,LLLYFLLGTLLGLLLAVLILI,1.0499973911762326,LLLYFLLGTLLGLLLIVLILI_1,110011001100110000,1,-58.7632,-58.7632,-58.7632,-239.904,-240.806,-245.038,-342.68,4672.04,3870.76,3587.42,-20.5885,1886.65,-64.6016,1843.54,-38.8792,-77.9608,60.3467,-46.0463,8.23844,6.34093,5.74613,612.939,-72.0387,50.2766,-42.8887,462.708,6.71,4.09315,3.3473,1,LLLYFLLGTLLGLLLIVLILI,0.2149653931374671,0.1043836801520413,D,15,288.2181570590493,252.9420872907659,75.73861787590135,59.76984456520571,319.9715577675716,281.8101639658641,-25.722400000000007,0.0,5.1340000000000146,801.2799999999997,-0.032101637380191714,0.0,0.00640724840255593,-0.02569451377795528
TYLLLVLLGLLLGFL,Mutant,clash,,LLLTYLLGVLLGLLLGFLILI,0.7527256980605577,LLLTYLLLVLLGLLLGFLILI_1,110011001100110000,1,-48.2449,-49.6586,-44.907,-232.87,-230.457,-250.676,-348.904,4649.24,3877.55,3617.59,-20.4864,30426.2,-88.2756,30357.4,-53.3207,-61.0386,41.8457,-55.1677,7.17911,1.30496,0.432642,29271.7,-69.5064,38.1576,-45.0,30064.8,6.5231,2.07724,1.1496,1,LLLTYLLLVLLGLLLGFLILI,0.3745722057917003,0.0745939785822977,D,17,-97.51022303886349,-96.26960568560553,-96.2829100991296,-94.43074168942007,-97.69117144824322,-96.5407178888612,-34.954899999999995,-3.3379000000000048,17.805999999999983,771.6899999999996,-0.045296556907566524,-0.004325441563322068,0.02307403231867718,-0.02654744780935351
ALLLGILLGLLLLFL,Mutant,clash,,LLLALLLGILLGLLLGFLILI,0.8363610594250317,LLLALLLGILLGLLLLFLILI_2,110011001100110000,1,-44.9506,-44.9506,-44.9506,-235.197,-231.552,-240.287,-357.854,4565.03,3921.36,3392.92,-20.3138,613789.0,-98.0205,613708.0,-72.6169,-78.3539,65.2657,-53.544,8.66783,7.06395,6.54294,596789.0,-80.9675,41.2498,-36.7766,613495.0,6.7833,4.21385,3.3326,2,LLLALLLGILLGLLLLFLILI,0.4434909451737499,0.0540432902743235,D,16,9.444823005861588,-3.850034412210981,-0.9833603686876582,-13.011449681276408,7.794425524637686,-5.299949142461429,-25.403599999999997,0.0,5.090000000000003,643.6699999999996,-0.039466807525595435,0.0,0.007907778830767329,-0.03155933941305329
LALLALLLGTLLGFL,Mutant,clash,,LLLGALLALLLGTLLGFLILI,-0.0532657769797027,LLLLALLALLLGTLLGFLILI_0,110011001100110000,1,-61.5077,-64.2121,-58.7121,-220.733,-203.661,-235.51,-348.718,4559.62,3644.78,3556.21,-20.0737,105.699,-86.5512,24.8538,-54.4954,-80.3332,73.8167,-36.8168,7.42804,8.51523,8.12248,90.7957,-76.6587,59.1886,-35.0,-243.019,7.2022,5.98927,5.3771,0,LLLLALLALLLGTLLGFLILI,0.2905831047889063,0.1129766958899081,D,16,-12.192992639158629,-17.307072850828266,-12.256573615527778,-17.36695072623929,-17.18434501133916,-22.007717486083664,-32.0558,-2.7956000000000003,14.776999999999987,914.8399999999997,-0.03503978837829567,-0.003055834900091821,0.016152551265795102,-0.0219423068514713
YVLLGILLGFLLLLL,Mutant,clash,,LLLYVLLGILLGFLLALLILI,0.9263898043061228,LLLYVLLGILLGFLLLLLILI_1,110011001100110000,1,-44.9804,-44.9804,-44.9804,-237.797,-231.272,-250.041,-343.615,4705.59,3942.42,3688.08,-20.055,12318.3,-80.8924,12250.9,-48.5935,-71.8541,68.9652,-38.9756,8.6233,6.58842,6.12289,11532.2,-74.3696,52.761,-36.2687,11962.7,7.5,4.77818,4.0696,1,LLLYVLLGILLGFLLLLLILI,0.2602394313514849,0.0688512284840929,D,17,21.084793656262363,14.402356978754131,13.995834557432149,7.704623886567314,42.00582495235569,34.168796829936646,-32.298899999999996,0.0,12.244,763.1700000000001,-0.04232202523684106,0.0,0.01604360758415556,-0.02627854868508982
ALLLGVLLGLLLIFL,Mutant,clash,,LLLALLLGVLLGLLLGFLILI,0.7386334460423032,LLLALLLGVLLGLLLIFLILI_0,110011001100110000,1,-44.9306,-53.5221,-44.9306,-237.786,-223.135,-238.868,-351.84,4544.12,3782.5,3585.15,-19.9627,5074.57,-89.0865,4999.39,-68.0418,-73.2733,62.8639,-46.0118,9.24096,5.97762,5.42058,3791.92,-77.4724,32.2036,-43.8153,4722.74,7.0393,2.46835,1.4514,0,LLLALLLGVLLGLLLIFLILI,0.6382344360463885,0.0828684882217415,D,14,58.79692268503024,49.0898868983894,24.82380578254304,17.193499544435596,89.57808731966534,77.9894416024874,-21.044700000000006,0.0,1.0819999999999936,761.6199999999999,-0.0276314960216381,0.0,0.0014206559701688424,-0.02621084005146924
VFLLGTLLGILLILL,Mutant,clash,,LLLVFLLGTLLGILLALLILI,0.1600220560704477,LLLVFLLGTLLGILLILLILI_2,110011001100110000,1,-58.7536,-67.6264,-58.7536,-235.292,-225.561,-242.064,-357.051,4621.43,3767.79,3533.5,-19.6807,794.346,-82.6858,730.482,-56.2337,-68.922,62.5657,-47.5819,7.66392,5.28466,4.72315,711.314,-65.0104,55.0216,-43.8705,437.295,6.506,3.67948,3.0048,2,LLLVFLLGTLLGILLILLILI,1.0379634657564158,0.0931693552713288,D,15,-91.19011366547474,-92.38109303518186,-88.76872594260676,-90.2870447029138,-90.61947495231566,-91.88759708063763,-26.4521,0.0,6.771999999999991,853.6400000000003,-0.030987418583946384,0.0,0.00793308654702215,-0.023055034909329454
LVLLGFLLGILLSLL,Mutant,clash,,LLLAVLLGFLLGILLSLLILI,0.254642971740318,LLLLVLLGFLLGILLSLLILI_0,110011001100110000,1,-62.4545,-62.7131,-60.3387,-227.463,-208.142,-240.51,-360.251,4604.6,3674.53,3644.49,-19.5143,108.589,-89.8483,19.1923,-59.4029,-77.8349,78.239,-44.3456,7.40574,8.73749,8.41107,110.951,-78.8188,59.0852,-37.4413,-251.663,7.5,6.29932,5.6856,0,LLLLVLLGFLLGILLSLLILI,1.019793299988585,0.0919043357424304,D,16,-93.4224474169844,-94.1563397498432,-91.27115410502309,-92.24507761170412,-93.54489610401616,-94.26512618918524,-30.445399999999992,-2.1158,13.046999999999997,930.0700000000002,-0.03273452535830635,-0.0022748825357231175,0.01402797638887395,-0.02098153902394443
YALLALLLGVLLITL,Mutant,clash,,LLLYALLALLLGVLLSTLILI,0.0535804896369662,LLLYALLALLLGVLLITLILI_0,110011001100110000,1,-58.8427,-63.5312,-58.8427,-236.091,-224.659,-245.895,-359.091,4635.98,3795.09,3638.23,-19.4963,192.679,-83.6537,121.779,-54.3534,-79.2441,63.5487,-46.3629,7.53919,6.96569,6.41892,157.255,-72.2819,58.8241,-37.2216,-166.412,7.0527,5.28354,4.6659,0,LLLYALLALLLGVLLITLILI,0.2402541906069558,0.0862217734200802,D,15,-12.144531694843744,-24.30690395290138,-20.48294066874954,-31.49097574168948,-14.84136761038561,-26.630400303399977,-29.3003,0.0,9.804000000000002,840.8899999999994,-0.03484439106185116,0.0,0.011659075503335762,-0.023185315558515402
TGLLFLLLGVLLLLL,Mutant,clash,,LLLTGLLFLLLGVLLALLILI,0.1661386223218229,LLLTGLLFLLLGVLLLLLILI_0,110011001100110000,1,-45.0314,-50.0753,-45.0314,-236.953,-229.073,-246.043,-357.53,4674.8,3822.48,3578.85,-19.3463,1401.17,-94.8913,1322.78,-66.4552,-71.0447,67.8966,-48.6558,8.10988,6.32275,5.84119,1299.5,-63.2594,57.5053,-40.4165,1043.64,7.4344,3.75212,3.1147,0,LLLTGLLFLLLGVLLLLLILI,0.1690814221484868,0.1454435115889257,D,17,-71.44061236145768,-75.86659637381639,-67.97354520886415,-72.93683709285396,-74.20562892984198,-78.20310518564571,-28.436099999999996,0.0,9.090000000000003,852.3200000000002,-0.033363173455978966,0.0,0.010665008447531446,-0.022698399662098738
AFLLGVLLGILLILL,Mutant,clash,,LLLAFLLGVLLGILLGLLILI,0.1665112341955101,LLLAFLLGVLLGILLILLILI_2,110011001100110000,1,-46.1516,-46.0051,-44.9468,-232.887,-229.528,-239.887,-346.562,4591.12,3744.07,3659.94,-19.0642,17330.3,-86.5876,17259.3,-61.7283,-74.2986,54.5384,-46.4307,8.03663,5.00748,4.32555,3434.44,-69.6978,38.4736,-44.8571,17565.0,6.5368,2.1486,1.2257,2,LLLAFLLGVLLGILLILLILI,1.272530101842891,0.0903724812083315,D,14,-96.54479630727658,-96.80242169993988,-94.5263447667734,-94.93446906396989,-95.19217892343944,-95.5506575842814,-24.859299999999998,-1.2047999999999988,7.0,847.0499999999997,-0.029348090431497557,-0.0014223481494598893,0.008263974971961517,-0.022506581665781247
YVLLGILLGFLLILL,Mutant,clash,,LLLYVLLGILLGFLLALLILI,0.9573391614174984,LLLYVLLGILLGFLLILLILI_1,110011001100110000,1,-44.9804,-44.9804,-44.9804,-240.06,-226.702,-250.023,-341.126,4669.47,3954.99,3648.68,-18.9708,557.244,-75.0559,487.801,-46.1218,-70.6805,73.8462,-41.609,8.43911,7.07131,6.679,408.184,-74.3696,52.761,-36.2687,198.549,7.5,4.77818,4.0696,1,LLLYVLLGILLGFLLILLILI,0.2292900742401095,0.0370144912072781,D,15,84.1832980389159,68.00497332419727,16.629325320850572,6.384818265164119,78.18456060900427,62.53315404078849,-28.934099999999994,0.0,9.962999999999994,714.4800000000005,-0.04049672489082966,0.0,0.013944407121262999,-0.026551897883775596
YFLLGLLLGTLLLVL,Mutant,clash,,LLLYFLLGLLLGTLLAVLILI,0.927005888428506,LLLYFLLGLLLGTLLLVLILI_0,110011001100110000,1,-60.0531,-55.2295,-58.7143,-237.035,-229.877,-249.163,-346.911,4754.38,3796.25,3584.96,-18.9609,2971.33,-68.7844,2909.53,-39.0343,-72.5486,59.8411,-47.776,7.35283,5.46084,4.85846,1698.85,-70.4483,55.9363,-39.1281,2624.42,6.6187,4.61865,3.95769,0,LLLYFLLGLLLGTLLLVLILI,0.3088765744532069,0.0796498098200927,D,17,241.3940571043533,206.7008133564356,60.891258284911686,44.541121179620966,150.35097915984065,124.90974091395246,-29.750100000000003,-1.338799999999999,12.128000000000014,958.1300000000001,-0.03105017064490205,-0.001397305167357247,0.01265799004310481,-0.019789485769154496
YGLLFTLLIVLLALL,Mutant,clash,,LLLYGLLFTLLGVLLALLILI,0.3907081353551764,LLLYGLLFTLLIVLLALLILI_2,110011001100110000,1,-58.8022,-51.9378,-58.8022,-249.541,-237.922,-250.816,-350.888,4715.76,4040.85,3762.25,-18.7277,1230240.0,-61.2725,1230180.0,-41.2693,-67.799,66.554,-30.8425,9.06593,5.65465,5.15296,967157.0,-62.8637,50.8317,-39.7383,1229890.0,6.5162,2.79183,2.05431,2,LLLYGLLFTLLIVLLALLILI,0.2326018495202325,0.0942063926633711,D,15,-36.011004865811245,-47.77792380412934,-38.13668403673617,-49.51271240956419,-45.93040152544805,-55.87324530574561,-20.0032,0.0,1.2750000000000057,674.9100000000003,-0.029638322146656577,0.0,0.0018891407743254732,-0.027748440532811766
LYLLGFLLGTLLGLL,Mutant,clash,,LLLAYLLGFLLGTLLGLLILI,0.3639175106914786,LLLLYLLGFLLGTLLGLLILI_0,110011001100110000,1,-58.6623,-58.6623,-58.6623,-232.235,-214.495,-240.127,-338.357,4606.07,3624.97,3537.57,-18.6097,9.17839,-66.0697,-56.021,-39.5674,-96.2833,34.7325,-44.9981,7.86937,5.63139,4.65238,9.29091,-91.134,25.7473,-37.6199,-329.179,7.3707,3.64599,2.5322,0,LLLLYLLGFLLGTLLGLLILI,0.8706204838684476,0.1301040623164546,D,16,-69.51425072899352,-72.6230997667144,-66.34346983606491,-69.77566599050502,-70.35258812011361,-73.37594592163425,-26.502299999999998,0.0,7.891999999999996,981.0999999999999,-0.02701284272755071,0.0,0.008044032208745283,-0.018968198960350627
AILLGVLLGLLLIFL,Mutant,clash,,LLLAILLGVLLGLLLGFLILI,0.8913309048953675,LLLAILLGVLLGLLLIFLILI_2,110011001100110000,1,-44.9261,-55.4108,-44.9261,-234.641,-221.554,-238.673,-348.902,4491.46,3843.86,3478.13,-18.6068,272022.0,-87.941,271950.0,-65.3029,-77.5957,60.0707,-47.2179,9.49417,6.2489,5.64996,265010.0,-83.7055,31.7125,-44.5563,271673.0,7.4442,3.33701,2.3127,2,LLLAILLGVLLGLLLIFLILI,0.3112458752007663,0.1226444767407162,D,14,11.945364949180188,3.895844528248993,-0.132133361367264,-7.313211669231537,27.11547828162488,17.97513880701702,-22.63810000000001,0.0,4.032000000000011,647.5999999999999,-0.034956917850525036,0.0,0.0062260654725139145,-0.028731933292155655
AVLLFSLLITLLGYL,Mutant,clash,,LLLAVLLFSLLGTLLGYLILI,0.1489362842897452,LLLAVLLFSLLITLLGYLILI_1,110011001100110000,1,-76.4584,-48.1249,-74.0982,-236.977,-226.217,-244.566,-356.197,4577.93,3756.33,3703.69,-18.3715,7706.45,-61.1328,7624.6,-37.5325,-46.1245,80.2013,-37.9222,8.2719,4.24585,3.94887,7584.02,-52.2786,59.5607,-37.5707,8063.47,6.5337,2.38249,1.7759,1,LLLAVLLFSLLITLLGYLILI,0.2663622789130161,0.0136681718301995,D,14,77.31516971715723,53.36506156094936,18.75362741438529,2.7134757169677326,38.57997855290522,19.861865038301065,-23.600300000000004,-2.360199999999992,7.588999999999999,821.6000000000004,-0.028724805258033097,-0.0028726874391431243,0.009236854917234659,-0.02236063777994157
TLLLIILLGVLLAFL,Mutant,clash,,LLLTLLLGILLGVLLAFLILI,1.3285542840933309,LLLTLLLIILLGVLLAFLILI_2,110011001100110000,1,-47.2652,-48.1662,-44.9405,-228.532,-226.163,-245.995,-354.417,4575.22,3819.4,3589.84,-18.2949,1595.19,-96.9151,1515.1,-63.4824,-61.8669,48.1007,-51.5305,7.47922,2.27363,1.49514,1566.55,-68.9044,49.4176,-45.0,1467.19,6.5,3.50704,2.7483,2,LLLTLLLIILLGVLLAFLILI,0.1635216827298721,0.1304405676321499,D,15,-89.11107092997557,-91.8143367113561,-85.34488943014271,-88.983140599847,-88.07963548603178,-91.03896355998356,-33.4327,-2.3247,17.462999999999994,755.8200000000002,-0.04423367997671402,-0.0030757323172183847,0.023104707470032536,-0.024205366357069137
YLLLAFLLGVLLITL,Mutant,clash,,LLLYLLLAFLLGVLLATLILI,1.228412291571559,LLLYLLLAFLLGVLLITLILI_2,110011001100110000,1,-58.7817,-58.7817,-58.7817,-243.288,-240.795,-249.843,-351.859,4653.67,3839.86,3635.26,-18.251,246.817,-68.04,194.534,-43.2347,-77.7123,54.7061,-48.5056,7.36294,5.54218,4.86277,189.507,-60.9105,55.3955,-42.2533,-160.747,6.6842,3.11497,2.4459,2,LLLYLLLAFLLGVLLITLILI,0.1678505187263268,0.0155447851200858,D,15,-39.581110822521495,-50.75182372498753,-38.35667689056875,-49.75377263634897,-38.21392205466093,-49.63741142185779,-24.80530000000001,0.0,6.554999999999978,813.81,-0.03048045612612282,0.0,0.00805470564382347,-0.022426610633931757
FTLLGALLGILLLLL,Mutant,clash,,LLLFTLLGALLGILLSLLILI,0.4889251066027771,LLLFTLLGALLGILLLLLILI_2,110011001100110000,1,-47.542,-48.1689,-44.9248,-225.813,-220.107,-238.145,-348.212,4648.59,3758.1,3668.3,-18.2307,30.1535,-93.0877,-49.7829,-65.1424,-61.1615,82.7928,-46.3593,7.72333,6.85125,6.59314,24.2323,-63.5764,69.369,-39.6453,-318.059,7.1848,5.40127,4.9418,2,LLLFTLLGALLGILLLLLILI,0.1875061936179014,0.1110422891630194,D,16,59.301897735982266,38.72624647039303,10.86619471922953,-3.453434815042648,58.15222541127056,37.72506739754561,-27.945300000000003,-2.617200000000004,12.332000000000022,890.4900000000002,-0.03138193578816157,-0.0029390560253343702,0.013848555289784297,-0.02047266111915911
GYLLIALLGILLTLL,Mutant,clash,,LLLGYLLAALLGILLTLLILI,0.4894936167679141,LLLGYLLIALLGILLTLLILI_0,110011001100110000,1,-57.754,-66.1139,-58.7374,-229.33,-227.741,-245.32,-360.748,4570.82,3707.71,3623.1,-18.0534,854.272,-91.717,787.379,-56.6904,-60.9275,62.9384,-41.7496,8.45758,4.13581,3.57989,831.246,-63.8286,63.5081,-39.1011,493.525,7.5,4.64788,4.1005,0,LLLGYLLIALLGILLTLLILI,0.3136929934802074,0.0983383752093577,D,14,-93.82845903467724,-95.07658620226223,-92.15188723730628,-93.73908285156668,-94.43409238337216,-95.55973678038998,-35.0266,0.9834000000000032,15.98999999999998,863.1099999999997,-0.040581849358714436,0.0011393680990835508,0.018526027968625073,-0.020916685011180505
FLLLGLLLGVLLITL,Mutant,clash,,LLLFLLLGLLLGVLLGTLILI,0.4307382893903272,LLLFLLLGLLLGVLLITLILI_2,110011001100110000,1,-58.7224,-58.7224,-58.7224,-234.862,-229.319,-240.045,-358.196,4671.22,3795.7,3571.45,-18.0323,11721.6,-82.6433,11651.5,-59.4285,-73.5593,56.2696,-47.8789,8.0408,5.13029,4.47434,9451.29,-69.6978,38.4736,-44.8571,14172.7,6.5368,2.1486,1.2257,2,LLLFLLLGLLLGVLLITLILI,0.2456400126481788,0.1271774877505364,D,14,52.97901429067664,28.007165356027286,10.22786466352864,-7.765411064712008,44.25026255436863,20.703269641689506,-23.214799999999997,0.0,5.182999999999993,875.5200000000004,-0.026515442251461973,0.0,0.005919910453216363,-0.02059610288742689
TYLLIVLLGLLLGFL,Mutant,clash,7.0,LLLTYLLGVLLGLLLGFLILI,0.8630453971824821,LLLTYLLIVLLGLLLGFLILI_1,110011001100110000,1,-47.9948,-47.9297,-44.907,-233.289,-228.845,-250.543,-345.612,4639.01,3832.24,3565.76,-18.0033,3429.87,-82.3313,3361.03,-50.1617,-60.0259,43.4016,-55.678,7.31284,1.36309,0.514116,1885.33,-69.5064,38.1576,-45.0,3065.75,6.5231,2.07724,1.1496,1,LLLTYLLIVLLGLLLGFLILI,0.2642525066697758,0.0990097661526663,D,15,-96.80393851195517,-97.64501680627278,-95.36593590358036,-96.58544020302968,-96.66060706571632,-97.5394045868935,-32.169599999999996,-3.0878000000000014,17.25400000000002,806.7700000000004,-0.03987456152311065,-0.0038273609578938234,0.021386516603245052,-0.022315281926695327
FYLLGVLLGLLLITL,Mutant,clash,,LLLFYLLGVLLGLLLATLILI,0.9048350579602044,LLLFYLLGVLLGLLLITLILI_1,110011001100110000,1,-63.5718,-63.1107,-58.7635,-234.258,-230.989,-244.49,-343.149,4727.45,3905.05,3560.18,-17.9597,639.731,-63.2785,590.682,-39.8956,-72.4226,55.0092,-52.2784,8.68518,4.78963,4.11477,571.588,-71.1945,47.5262,-42.4033,370.866,7.5,3.59521,2.8081,1,LLLFYLLGVLLGLLLITLILI,0.2224113954896387,0.0941678425899672,D,14,5.44256444885674,-9.191335155958969,-8.612919912187152,-21.29612201536596,14.398143332339115,-1.478660814574054,-23.3829,-4.808300000000003,10.232,822.3999999999996,-0.028432514591439702,-0.005846668287937749,0.01244163424124514,-0.021838156614786004
FYLLVLLLGALLLTL,Mutant,clash,,LLLFYLLVLLLGALLGTLILI,0.0337219235181741,LLLFYLLVLLLGALLLTLILI_2,110011001100110000,1,-51.596,-54.2756,-58.707,-234.78,-231.129,-245.438,-349.953,4763.85,3859.45,3598.29,-17.9224,70964.3,-81.4993,70899.7,-45.8079,-47.2889,74.1161,-44.4871,8.84698,3.59901,3.21075,53664.6,-43.2635,63.1811,-42.5139,70614.3,7.006,1.51898,0.966697,2,LLLFYLLVLLLGALLLTLILI,0.2090099634410777,0.1161486962210679,D,16,-85.48219316894034,-89.40450031468656,-82.67062494982386,-87.3525395379973,-88.18291767296196,-91.37556426156722,-35.69140000000001,7.111000000000004,10.657999999999987,904.4000000000005,-0.039464175143741696,0.007862671384343212,0.011784608580274194,-0.01981689517912427
AILLGVLLGLLLLFL,Mutant,clash,,LLLAILLGVLLGLLLGFLILI,0.939679669400438,LLLAILLGVLLGLLLLFLILI_0,110011001100110000,1,-46.2419,-55.4583,-44.9261,-233.233,-221.567,-238.688,-351.27,4518.1,3900.47,3467.78,-17.6499,125429.0,-89.445,125355.0,-67.655,-81.3948,51.1259,-55.4576,8.71869,5.61122,4.87811,94679.2,-83.7055,31.7125,-44.5563,125078.0,7.4442,3.33701,2.3127,0,LLLAILLGVLLGLLLLFLILI,0.2628971106956958,0.0662332247949164,D,16,-0.915352227923583,-7.04734833725516,-11.669663496926535,-17.136113567160706,4.195813702444359,-2.2524942705702715,-21.789999999999992,-1.315800000000003,5.454999999999984,617.6300000000006,-0.03528002201965574,-0.002130401696808772,0.008832148697440182,-0.028576817835921156
AFLLGVLLILLLGTL,Mutant,clash,,LLLAFLLGVLLGLLLGTLILI,0.7660677644439338,LLLAFLLGVLLILLLGTLILI_1,110011001100110000,1,-58.7167,-59.8604,-58.7167,-240.465,-236.046,-239.043,-349.132,4625.75,3980.16,3383.15,-17.6177,14979200.0,-67.5681,14979200.0,-51.3716,-85.7668,68.7519,-39.523,10.1664,8.64652,8.1778,14848200.0,-83.578,48.738,-35.1079,14985400.0,6.9512,5.61633,4.8474,1,LLLAFLLGVLLILLLGTLILI,0.4503056210232192,0.0709891949934598,D,14,-52.22832937303158,-58.22447816336347,-44.20064448027709,-51.20440285233631,-44.65725249504134,-51.60369887529763,-16.1965,0.0,-1.421999999999997,645.5900000000001,-0.025087904087733696,0.0,-0.0022026363481466513,-0.02728930125931318
LALLALLLGTLLSFL,Mutant,clash,,LLLGALLALLLGTLLSFLILI,0.0366849134042752,LLLLALLALLLGTLLSFLILI_0,110011001100110000,1,-76.7262,-76.2075,-74.0721,-224.652,-210.022,-238.715,-368.161,4568.81,3809.99,3682.96,-17.5859,210.512,-84.3692,128.58,-55.3738,-86.1813,65.8535,-44.728,7.62585,8.31742,7.80522,151.42,-84.1071,54.9836,-41.1247,-157.649,7.4834,6.53885,5.8636,0,LLLLALLALLLGTLLSFLILI,0.2500130096129183,0.0559498566737437,D,16,-55.55103031803896,-62.70469140983417,-52.45893774085298,-60.110243266701765,-58.27227705514658,-64.9879780087494,-28.995400000000004,-2.6540999999999997,14.063000000000017,758.8200000000006,-0.03821116997443396,-0.0034976674310113038,0.01853272185762105,-0.023175324846472133
AFLLGILLGLLLITL,Mutant,clash,,LLLAFLLGILLGLLLGTLILI,0.2592449254659217,LLLAFLLGILLGLLLITLILI_2,110011001100110000,1,-58.7892,-69.6721,-58.7892,-233.454,-224.425,-240.326,-351.944,4569.33,3901.3,3430.13,-17.474,311455.0,-77.1749,311397.0,-52.8282,-79.0179,62.6236,-51.6584,9.44184,6.80687,6.24623,308551.0,-80.3909,36.9211,-40.9331,311103.0,7.1519,3.54298,2.5968,2,LLLAFLLGILLGLLLITLILI,1.1586242894703005,0.0770183230537272,D,14,-72.12079347312083,-75.97365161360551,-60.01925047441842,-65.54452093445829,-59.09851224050722,-64.75102713257066,-24.34669999999999,0.0,6.871999999999986,668.0299999999997,-0.03644551891382124,0.0,0.010286963160337092,-0.026157507896351972
VFLLGTLLGLLLLIL,Mutant,clash,,LLLVFLLGTLLGLLLAILILI,1.2070232749571508,LLLVFLLGTLLGLLLLILILI_0,110011001100110000,1,-56.4341,-63.9762,-58.7524,-232.185,-221.723,-242.037,-359.124,4646.1,3671.64,3532.36,-17.4443,79784.1,-87.949,79710.6,-58.3346,-81.0513,61.6886,-49.2038,7.35598,6.98565,6.41098,44295.0,-81.7774,50.2073,-43.0207,79424.9,6.749,5.54459,4.7977,0,LLLVFLLGTLLGLLLLILILI,0.4263757807807495,0.1149964446660915,D,17,-32.41832076320132,-47.10809996495428,-33.95707385475189,-48.312384552375335,-23.98509589644093,-40.50794898227677,-29.614399999999996,2.3183000000000007,9.852000000000004,974.4600000000005,-0.030390575292982763,0.0023790612236520734,0.010110214888245797,-0.017901504422962452
AFLLGLLLIVLLGTL,Mutant,clash,11.0,LLLAFLLGLLLGVLLGTLILI,1.067144719738248,LLLAFLLGLLLIVLLGTLILI_1,110011001100110000,1,-58.7316,-59.9344,-58.7316,-240.539,-234.842,-239.078,-348.783,4589.01,3993.09,3362.18,-17.341,10437900.0,-66.8538,10437900.0,-50.974,-88.5005,65.6896,-41.7589,10.5831,8.64317,8.12851,8581140.0,-83.578,48.738,-35.1079,16233000.0,6.9512,5.61633,4.8474,1,LLLAFLLGLLLIVLLGTLILI,0.3022153102746646,0.0533309652866433,D,14,-31.205489979864016,-36.69238891170959,-24.20888164765927,-30.253814683872747,-13.703009605816655,-20.585867907688986,-15.87980000000001,0.0,-1.4609999999999843,595.9200000000001,-0.02664753658209157,0.0,-0.002451671365283904,-0.029099543562894348
GYLLATLLGFLLLLL,Mutant,clash,,LLLGYLLATLLGFLLSLLILI,0.7277050471537936,LLLGYLLATLLGFLLLLLILI_2,110011001100110000,1,-62.005,-61.7226,-58.8178,-233.617,-233.197,-248.643,-352.871,4635.16,3924.06,3690.95,-17.1664,5869.84,-74.4161,5811.88,-45.4106,-79.6815,67.1977,-49.4224,8.22756,7.52391,7.03187,4862.36,-78.9601,51.8199,-41.3257,5537.71,7.4908,5.3397,4.617,2,LLLGYLLATLLGFLLLLLILI,0.3391075737387388,0.1207726457063884,D,16,-91.12701941968014,-91.767759895546,-87.32047437690407,-88.23609514356227,-90.16158782120117,-90.8720445661635,-29.005499999999998,-3.1872000000000043,15.02600000000001,711.0999999999999,-0.040789621712839265,-0.004482070032344262,0.02113064266629168,-0.02414062719729996
AVLLGFLLGLLLITL,Mutant,clash,,LLLAVLLGFLLGLLLGTLILI,0.816395758434128,LLLAVLLGFLLGLLLITLILI_0,110011001100110000,1,-58.7258,-69.133,-58.7258,-234.017,-218.85,-238.617,-349.402,4553.82,3800.49,3488.88,-17.1518,938.739,-73.8116,877.32,-52.0592,-74.2346,71.2935,-42.3806,8.61322,7.2598,6.8292,873.61,-73.2945,52.8302,-38.1653,589.337,6.8167,4.62625,3.9187,0,LLLAVLLGFLLGLLLITLILI,0.9354351076975592,0.0767139825967204,D,14,-70.14486056393172,-73.99011163296662,-59.736015461792014,-64.92189409152309,-63.43788403261137,-68.14697326030831,-21.7524,0.0,4.599999999999994,753.3299999999999,-0.028874995022101873,0.0,0.006106221708945608,-0.022767976849455092
LALLFLLLGILLSTL,Mutant,clash,,LLLLALLFALLGILLSTLILI,0.1051151439764744,LLLLALLFLLLGILLSTLILI_2,110011001100110000,1,-76.9062,-78.8596,-74.1345,-228.195,-223.824,-241.51,-374.069,4578.88,3760.98,3603.5,-16.9932,41.8135,-85.9607,-29.5715,-58.4247,-58.1715,70.0958,-35.6757,7.63563,4.68866,4.24009,34.4235,-54.9267,67.0486,-40.0719,-332.255,7.1275,3.79057,3.2963,2,LLLLALLFLLLGILLSTLILI,0.2044205709747851,0.0523787158974299,D,16,-42.29378549725895,-51.03659222970932,-40.587157966630514,-49.5885280928702,-47.33086938874679,-55.31053039524895,-27.536,-2.7716999999999956,13.314999999999998,817.9000000000001,-0.03366670742144516,-0.003388800586868805,0.016279496270937763,-0.020776623059053673
FYLLGVLLGILLILL,Mutant,clash,,LLLFYLLGVLLGILLALLILI,0.6389741355297944,LLLFYLLGVLLGILLILLILI_2,110011001100110000,1,-44.9467,-56.6541,-44.9467,-233.263,-226.18,-242.894,-338.965,4716.98,3777.7,3545.84,-16.8371,1006.02,-77.5931,949.886,-51.1245,-60.5724,60.4437,-43.045,8.29794,3.74576,3.15241,856.234,-62.6538,43.9976,-40.9419,667.051,6.5,1.83774,0.997703,2,LLLFYLLGVLLGILLILLILI,0.2234462887045974,0.0570318657948986,D,14,-81.73169078239734,-83.9449675637624,-77.77798062159181,-80.47026478097555,-82.52587098786964,-84.64292974554932,-26.46860000000001,0.0,9.631,939.2799999999997,-0.028179669534111253,0.0,0.010253598500979476,-0.017925538710501666
AFLLGVLLITLLGLL,Mutant,clash,11.0,LLLAFLLGVLLGTLLGLLILI,1.8710309795099047,LLLAFLLGVLLITLLGLLILI_0,110011001100110000,1,-58.6941,-54.6687,-58.6941,-241.123,-226.791,-239.057,-349.34,4601.13,3960.63,3521.73,-16.807,5344310.0,-66.3297,5344240.0,-51.5885,-92.5766,66.2541,-38.3894,9.65278,9.33079,8.8246,4365010.0,-97.484,35.8407,-36.8474,5343960.0,6.7321,5.96109,4.9987,0,LLLAFLLGVLLITLLGLLILI,0.4614672033035153,0.0897382352813157,D,14,-49.88758598001032,-55.20976754127355,-44.04232691080124,-49.9853033518829,-46.88212723550919,-52.52350310073752,-14.7412,0.0,-2.0660000000000025,640.5,-0.023015144418423106,0.0,-0.003225604996096803,-0.026240437158469944
ALLLTVLLGSLLIWL,Mutant,clash,,LLLALLLTVLLGSLLGWLILI,0.0109585245841997,LLLALLLTVLLGSLLIWLILI_0,110011001100110000,1,-74.0444,-66.688,-73.9861,-239.964,-226.742,-244.87,-383.94,4507.36,3796.58,3717.53,-16.8,11925.5,-86.7315,11835.0,-65.0841,-60.4763,78.1069,-47.0892,8.7393,6.11588,5.78749,11923.4,-51.8131,59.6903,-44.8127,11541.5,7.0255,2.33015,1.7255,0,LLLALLLTVLLGSLLIWLILI,0.2389796096542419,0.0922216077044666,D,14,21.845382011662107,11.816274847270655,2.063912806108675,-6.336979392264479,24.295131256214862,14.06438495463268,-21.64739999999999,-0.05830000000000268,4.906000000000006,710.7799999999997,-0.030455837249219166,-8.202256675765033e-05,0.0069022763724359264,-0.023636005515067962
YFLLGVLLGLLLITL,Mutant,clash,,LLLYFLLGVLLGLLLATLILI,0.8362827408425426,LLLYFLLGVLLGLLLITLILI_1,110011001100110000,1,-58.7393,-69.7647,-58.7393,-239.98,-223.395,-249.593,-345.664,4719.41,3971.78,3586.36,-16.7623,663.074,-63.7075,610.57,-37.3321,-74.0137,61.3368,-46.9308,8.53732,5.88252,5.30257,567.84,-72.6747,50.248,-40.0011,315.822,7.1385,4.18468,3.4384,1,LLLYFLLGVLLGLLLITLILI,0.4242310204618096,0.0144176432107023,D,15,1074.3331789542783,1057.5885043377384,153.50219290620316,149.88753583028404,1112.321799186028,1095.0354494330688,-26.375400000000006,0.0,9.613,747.6299999999997,-0.035278680630793334,0.0,0.012857964501156996,-0.022420582373634028
VGLLFALLLTLLSYL,Mutant,clash,,LLLVGLLFALLGTLLSYLILI,0.0277476610142856,LLLVGLLFALLLTLLSYLILI_2,110011001100110000,1,-76.0581,-55.5662,-74.0315,-234.263,-222.796,-244.483,-357.709,4627.0,3789.69,3573.72,-16.6966,520774.0,-64.0848,520694.0,-39.1944,-49.5647,91.5098,-47.1025,8.11904,6.28853,6.16118,484004.0,-59.8906,63.2894,-39.6145,520416.0,6.7452,4.02766,3.477,2,LLLVGLLFALLLTLLSYLILI,0.1993496691203417,0.0773485407581786,D,17,115.3963262347732,95.90142972132084,32.21711170240354,20.2505245511608,63.14342618062175,48.37778803888902,-24.8904,-2.026600000000002,10.219999999999999,837.31,-0.029726624547658575,-0.002420369994386789,0.012205754141238012,-0.019940762680488708
ALLLIVLLGLLLGFL,Mutant,clash,,LLLALLLGVLLGLLLGFLILI,1.145212607778996,LLLALLLIVLLGLLLGFLILI_1,110011001100110000,1,-49.0312,-44.9306,-44.9306,-222.497,-222.269,-238.715,-350.22,4563.81,3941.43,3584.02,-16.6664,33222.0,-95.358,33138.9,-66.5744,-64.3178,42.647,-56.6101,7.98602,1.90502,1.04472,33167.5,-77.4724,32.2036,-43.8153,34446.9,7.0393,2.46835,1.4514,1,LLLALLLIVLLGLLLGFLILI,0.2316552743096959,0.0830417050097769,D,14,-67.17713711902505,-72.93621057062444,-61.19654108320432,-68.00496516517175,-67.94686748722201,-73.57088465977442,-28.783600000000007,-4.1006,16.21799999999999,622.3800000000006,-0.04624763006523343,-0.006588579324528417,0.02605803528391011,-0.026778495452938693
YFLLIVLLGLLLATL,Mutant,clash,,LLLYFLLGVLLGLLLATLILI,1.142268798320997,LLLYFLLIVLLGLLLATLILI_0,110011001100110000,1,-58.7393,-65.9758,-58.7393,-241.555,-224.749,-250.717,-349.287,4743.65,4056.29,3673.5,-16.6209,8484.16,-65.6134,8425.6,-39.8312,-74.0114,60.3258,-50.3861,8.70751,5.7457,5.15058,4380.19,-72.6747,50.248,-40.0011,8134.87,7.1385,4.18468,3.4384,0,LLLYFLLIVLLGLLLATLILI,0.1182449629833553,0.0976458706514276,D,15,-89.14984113395224,-91.27426138736573,-86.44601153378633,-89.09983144256758,-89.31567562444259,-91.40762610901106,-25.782199999999996,0.0,9.162000000000006,687.3599999999997,-0.03750902001862198,0.0,0.013329259776536328,-0.024180778631284927
ALLLGVLLGFLLLTL,Mutant,clash,,LLLALLLGVLLGFLLGTLILI,0.28452758997966,LLLALLLGVLLGFLLLTLILI_1,110011001100110000,1,-58.7215,-58.7215,-58.7215,-229.391,-228.527,-238.003,-351.863,4618.12,3870.23,3644.32,-16.5474,2467410.0,-80.2978,2467350.0,-55.1391,-78.7493,55.3889,-50.2733,8.37044,5.78989,5.12073,2072290.0,-80.2804,39.355,-44.6447,2467050.0,7.3257,3.85498,2.9453,1,LLLALLLGVLLGFLLLTLILI,1.0716955076804002,0.0760197764504995,D,16,-72.1765443056314,-77.46220476459781,-61.31950502919064,-68.66769229414771,-63.449638848513466,-70.39316163811635,-25.158699999999996,0.0,8.611999999999995,747.8899999999999,-0.03363957266442926,0.0,0.011515062375483021,-0.022125446255465378
ALLLGILLITLLGFL,Mutant,clash,,LLLALLLGILLGTLLGFLILI,1.0622941930205687,LLLALLLGILLITLLGFLILI_0,110011001100110000,1,-58.7518,-61.4479,-58.7518,-237.353,-218.584,-239.477,-354.454,4557.6,4007.92,3505.8,-16.3619,9253150.0,-74.7109,9253070.0,-56.2253,-83.2253,69.5602,-40.3276,9.77049,8.37442,7.91783,5750970.0,-87.213,39.461,-38.899,9252790.0,6.5512,4.90918,4.00109,0,LLLALLLGILLITLLGFLILI,0.1846769399491621,0.0546714406890629,D,14,5.990527103499299,-1.257207478238113,-2.2411782376077287,-8.926020860055656,16.160519336915772,8.217350866693625,-18.485599999999998,0.0,2.1239999999999952,549.6800000000003,-0.0336297482171445,0.0,0.0038640663658855955,-0.029766227623344473
FTLLGALLGILLILL,Mutant,clash,,LLLFTLLGALLGILLSLLILI,0.3300073755767054,LLLFTLLGALLGILLILLILI_2,110011001100110000,1,-48.4736,-44.9248,-44.9248,-225.003,-222.593,-238.212,-345.842,4602.02,3732.96,3646.36,-16.2968,30.333,-88.6625,-47.9914,-62.7054,-61.3594,82.2297,-43.2418,7.70414,6.80492,6.53837,30.2854,-63.5764,69.369,-39.6453,-304.867,7.1848,5.40127,4.9418,2,LLLFTLLGALLGILLILLILI,0.3464239246439731,0.102805736941611,D,14,137.88973151543635,122.02844801389946,49.41510896297163,39.45286558416932,141.48313044718972,125.38225728859796,-25.957099999999997,-3.5488,13.209000000000003,869.0600000000004,-0.029868018318643115,-0.004083492509147813,0.01519918072400064,-0.018752215036936453
VFLLGTLLGILLLLL,Mutant,clash,,LLLVFLLGTLLGILLALLILI,0.3006221401641357,LLLVFLLGTLLGILLLLLILI_2,110011001100110000,1,-58.7536,-58.7536,-58.7536,-235.938,-232.182,-242.081,-359.584,4654.62,3797.41,3570.78,-16.2804,3959.33,-81.1727,3890.68,-58.7493,-68.645,64.151,-53.9181,7.93791,5.45713,4.91939,3229.92,-65.0104,55.0216,-43.8705,3570.92,6.506,3.67948,3.0048,2,LLLVFLLGTLLGILLLLLILI,0.8973633816627279,0.0620605957319561,D,17,-77.2852336094484,-81.88989939512821,-72.01278515030293,-77.68626505492018,-78.00084413251233,-82.46044361045341,-22.423400000000008,0.0,6.143000000000001,857.21,-0.02615858424423421,0.0,0.00716627197536193,-0.018992312268872272
YFLLGTLLIVLLALL,Mutant,clash,11.0,LLLYFLLGTLLGVLLALLILI,1.1128535004996447,LLLYFLLGTLLIVLLALLILI_2,110011001100110000,1,-58.7571,-58.3084,-58.7571,-244.24,-228.899,-250.79,-348.976,4768.71,4016.26,3624.6,-16.2511,3415870.0,-62.2303,3415810.0,-39.4284,-74.7341,65.7394,-36.164,9.85246,6.58492,6.07101,3230280.0,-72.9898,49.7856,-44.4885,3415520.0,6.6061,4.16952,3.4163,2,LLLYFLLGTLLIVLLALLILI,0.0669140343026463,0.0612991686756025,D,15,-47.28924553910606,-57.797561493359126,-44.4711746025893,-55.54129582950994,-44.44880261874833,-55.52338388190121,-22.801899999999996,0.0,6.549999999999983,752.4499999999998,-0.030303541763572334,0.0,0.0087048973353711,-0.021597581234633536
AFLLGTLLIVLLGLL,Mutant,clash,11.0,LLLAFLLGTLLGVLLGLLILI,1.041115237016623,LLLAFLLGTLLIVLLGLLILI_2,110011001100110000,1,-58.6867,-58.6867,-58.6867,-240.297,-235.869,-239.045,-349.341,4607.98,3962.03,3455.63,-16.2411,2087950.0,-66.5989,2087890.0,-51.6091,-97.3195,54.4201,-45.037,9.4952,8.44464,7.76094,1486330.0,-94.1397,39.8563,-36.5769,2116420.0,6.9528,6.00156,5.0994,2,LLLAFLLGTLLIVLLGLLILI,0.360820997463144,0.0574123862769878,D,14,-46.561464376208406,-54.387721217085215,-43.66373812819972,-51.914376917547614,-40.12932230883368,-48.89758841827792,-14.989800000000002,0.0,-1.2520000000000095,645.9499999999994,-0.023205820883969375,0.0,-0.0019382305131976326,-0.025142967721959928
YTLLGVLLGLLLIFL,Mutant,clash,,LLLYTLLGVLLGLLLGFLILI,0.8759636799991428,LLLYTLLGVLLGLLLIFLILI_2,110011001100110000,1,-44.9603,-60.0107,-44.9603,-242.456,-230.633,-250.607,-342.271,4703.51,3993.54,3611.16,-16.1476,25481.4,-71.0019,25429.8,-46.7031,-65.1555,70.2053,-39.5081,8.492,5.75105,5.30413,21035.0,-73.0429,33.6524,-45.0,25127.4,6.7424,1.99951,1.0043,2,LLLYTLLGVLLGLLLIFLILI,0.1633931999806419,0.0570031701827472,D,15,397.6557239344858,369.5530980541202,101.985860710927,90.57971625466412,368.1766014674947,341.7386620563646,-24.298800000000007,0.0,8.15100000000001,709.9700000000003,-0.034225108103159284,0.0,0.011480766792963094,-0.02274405960815245
LFLLLTLLGILLAVL,Mutant,clash,,LLLLFLLGTLLGILLAVLILI,1.3550491188699827,LLLLFLLLTLLGILLAVLILI_0,110011001100110000,1,-58.7574,-62.1442,-58.7574,-230.491,-210.847,-243.048,-361.956,4620.35,3752.63,3654.57,-16.034,93082.4,-88.741,92993.4,-60.1507,-67.5625,71.8889,-48.2342,7.97564,6.33938,5.91771,92543.0,-67.5072,53.2475,-44.4028,92720.4,6.6409,3.81449,3.1132,0,LLLLFLLLTLLGILLAVLILI,0.1458093372812956,0.0732735477741494,D,16,-58.28804502501123,-67.28679001515631,-59.39862796541839,-68.15778090870013,-63.14984599757311,-71.09972844528505,-28.5903,0.0,12.556999999999988,867.7200000000003,-0.03294876227354445,0.0,0.014471258009496132,-0.018478310975890835
YFLLAALLGLLLITL,Mutant,clash,,LLLYFLLAALLGLLLGTLILI,0.1314131561961474,LLLYFLLAALLGLLLITLILI_2,110011001100110000,1,-58.6834,-66.7585,-58.6834,-236.312,-222.69,-247.876,-344.693,4744.39,4140.32,3732.16,-15.8942,13815.5,-65.5914,13760.2,-38.1339,-64.947,76.7074,-56.9767,8.08725,6.59754,6.24815,12157.2,-60.9139,62.9834,-44.4576,13470.8,6.862,4.13985,3.5846,2,LLLYFLLAALLGLLLITLILI,0.1137500919220063,0.0955839056594967,D,15,-24.22653877130544,-34.36320006372736,-28.509630969199414,-38.07331784300226,-18.632194482710062,-29.51724409324688,-27.457499999999996,0.0,11.563999999999993,604.0700000000006,-0.04545416921879909,0.0,0.01914347674938332,-0.0263118512755144
ALLLGILLGFLLITL,Mutant,clash,,LLLALLLGILLGFLLGTLILI,0.3770974977559629,LLLALLLGILLGFLLITLILI_0,110011001100110000,1,-59.1568,-68.8587,-58.6933,-230.098,-222.258,-239.476,-353.094,4574.17,3813.68,3470.96,-15.6318,7376.11,-79.4712,7314.13,-54.9253,-78.4905,61.2321,-49.47,7.88705,6.53991,5.95839,6442.79,-79.2928,46.8705,-41.4445,7023.01,6.9265,4.72144,3.9245,0,LLLALLLGILLGFLLITLILI,1.010663367414626,0.0998018051954097,D,14,-42.14986403569136,-49.947269657540176,-35.07637479688051,-43.82718984184319,-29.13187704676588,-38.68392893245801,-24.545899999999996,-0.46349999999999625,9.377999999999986,760.4900000000002,-0.03227642704046074,-0.0006094754697629109,0.012331523096950629,-0.02055490538994595
AFLLGTLLILLLGVL,Mutant,clash,11.0,LLLAFLLGTLLGLLLGVLILI,1.1529468355205348,LLLAFLLGTLLILLLGVLILI_2,110011001100110000,1,-58.7586,-58.7586,-58.7586,-238.84,-231.817,-239.034,-348.778,4626.06,3907.82,3411.77,-15.6252,4121850.0,-66.8047,4121790.0,-50.9852,-91.5825,58.0101,-40.8831,9.81075,8.06874,7.43889,2260130.0,-94.1397,39.8563,-36.5769,3265930.0,6.9528,6.00156,5.0994,2,LLLAFLLGTLLILLLGVLILI,0.3212402894263171,0.0958328753153672,D,14,-43.58723208774362,-52.098788487111705,-37.60606824104824,-47.02006242709242,-38.03409679272264,-47.38351004624135,-15.819499999999998,0.0,0.1939999999999884,718.2400000000002,-0.022025367565159267,0.0,0.00027010470037868724,-0.02175484517709957
WTLLGILLGLLLIFL,Mutant,clash,,LLLWTLLGILLGLLLGFLILI,0.6281791427581243,LLLWTLLGILLGLLLIFLILI_0,110011001100110000,1,-44.9483,-66.5082,-44.9483,-240.897,-228.817,-251.048,-354.007,4668.05,3823.68,3555.97,-15.5642,2374.94,-83.7257,2316.26,-58.01,-57.4078,74.1743,-40.1297,9.20951,5.12471,4.73732,2227.73,-69.6978,38.4736,-44.8571,2020.94,6.5368,2.1486,1.2257,0,LLLWTLLGILLGLLLIFLILI,0.1379090245757545,0.0986179093302251,D,15,304.57920340043245,281.96062188333457,87.58855789020235,77.10115010291955,300.4293752922766,278.04279587651604,-25.715700000000005,0.0,10.15100000000001,844.3700000000003,-0.030455487523242175,0.0,0.01202198088515699,-0.01843291448061868
YALLASLLLILLTLL,Mutant,clash,,LLLYALLASLLGILLTLLILI,-0.0042213886208345,LLLYALLASLLLILLTLLILI_2,110011001100110000,1,-74.1286,-53.2525,-74.119,-244.765,-228.859,-250.559,-385.074,4664.26,3980.3,3688.04,-15.5339,451714.0,-81.7147,451611.0,-60.3967,-63.8363,92.3605,-49.8872,8.3868,8.54412,8.42953,412704.0,-63.07,66.418,-42.249,451329.0,7.1117,4.92693,4.4232,2,LLLYALLASLLLILLTLLILI,0.260941044979122,0.1466959841962941,D,17,-24.00890313885598,-39.01020733132496,-26.69057800377736,-41.16249622794677,-21.2015049675533,-36.75701400370348,-21.31799999999999,-0.009600000000006048,5.794000000000011,683.96,-0.031168489385344157,-1.403590853267157e-05,0.008471255628984167,-0.022711708287034327
AFLLGILLGLLLLTL,Mutant,clash,,LLLAFLLGILLGLLLGTLILI,0.29162947490822,LLLAFLLGILLGLLLLTLILI_2,110011001100110000,1,-58.7892,-69.7233,-58.7892,-230.91,-224.441,-240.334,-354.7,4606.75,3900.73,3452.85,-15.4887,96723.7,-80.489,96663.1,-55.5761,-77.5188,52.102,-54.5803,9.12775,5.16159,4.44312,94542.4,-80.3909,36.9211,-40.9331,96369.0,7.1519,3.54298,2.5968,2,LLLAFLLGILLGLLLLTLILI,1.1262397400280022,0.0956038766773527,D,16,-76.84936408139883,-81.99419998045262,-66.43145734197398,-73.89149619158353,-65.7730082531884,-73.37937623697786,-24.912900000000008,0.0,9.424000000000007,706.02,-0.03528639415314015,0.0,0.013348063794226803,-0.02193804708081924
ALLLGLLLGVLLLTL,Mutant,clash,,LLLALLLGLLLGVLLGTLILI,0.6037266645854377,LLLALLLGLLLGVLLLTLILI_2,110011001100110000,1,-58.7166,-58.7166,-58.7166,-226.982,-223.457,-237.006,-371.647,4556.29,3797.72,3410.62,-15.474,210448.0,-101.422,210358.0,-75.9236,-72.6235,80.0046,-46.1536,8.43758,8.19414,7.89421,200455.0,-78.1087,59.6093,-35.0,211244.0,6.7754,6.26356,5.6577,2,LLLALLLGLLLGVLLLTLILI,0.659725050631735,0.0677277026405339,D,16,14.03197022561585,1.1032684851290375,-0.7771223538667321,-12.026800741266053,6.802158836266958,-5.306842298258834,-25.498400000000004,0.0,10.024000000000001,758.5700000000002,-0.033613773283942154,0.0,0.013214337503460457,-0.02039890847252066
ALLLGFLLGILLITL,Mutant,clash,,LLLALLLGFLLGILLGTLILI,0.0766850368553098,LLLALLLGFLLGILLITLILI_2,110011001100110000,1,-58.7265,-58.7265,-58.7265,-232.986,-229.997,-239.459,-355.559,4504.07,3748.07,3385.73,-15.4562,21083.7,-79.3035,21016.8,-57.3742,-72.5363,65.8291,-42.9245,8.73908,6.26738,5.75481,13607.2,-68.1464,52.7276,-38.529,20688.8,6.6534,3.84019,3.1311,2,LLLALLLGFLLGILLITLILI,1.0934651240012971,0.0412293341287136,D,14,-84.3690047217197,-87.04740050264131,-78.45011403587789,-82.14272110395426,-81.3397898234568,-84.53724637169154,-21.929299999999998,0.0,6.473000000000013,755.9999999999995,-0.029007010582010596,0.0,0.008562169312169335,-0.02044470899470901
GYLLISLLGILLTLL,Mutant,clash,,LLLGYLLASLLGILLTLLILI,0.3246129276780136,LLLGYLLISLLGILLTLLILI_0,110011001100110000,1,-73.0926,-77.3075,-74.16,-230.594,-230.749,-248.458,-377.851,4571.1,3750.84,3645.32,-15.414,2562.65,-89.5783,2492.85,-55.2334,-65.893,52.0513,-40.2837,8.03091,3.41088,2.69165,2318.55,-70.3334,49.8546,-39.6684,2184.8,7.175,3.78038,3.0282,0,LLLGYLLISLLGILLTLLILI,0.1811774087669234,0.0566812700552871,D,14,-97.09365607436186,-97.52217554025428,-96.1820562333951,-96.7449845259624,-97.32687425850123,-97.72100738393952,-34.344899999999996,1.0673999999999921,17.864000000000004,820.2600000000002,-0.041870748299319714,0.0013012947114329502,0.021778460488137908,-0.0187916026625704
ALLLGILLGLLLIFL,Mutant,clash,,LLLALLLGILLGLLLGFLILI,0.7887543685841638,LLLALLLGILLGLLLIFLILI_1,110011001100110000,1,-44.9506,-61.7458,-44.9506,-231.553,-223.976,-240.302,-355.532,4534.85,3814.08,3386.64,-15.3847,4616970.0,-94.4132,4616900.0,-70.2789,-78.1009,59.1028,-50.1855,8.3572,6.194,5.58054,4580050.0,-80.9675,41.2498,-36.7766,13595100.0,6.7833,4.21385,3.3326,1,LLLALLLGILLGLLLIFLILI,0.4910976360146177,0.1175042242506267,D,14,56.2484965559378,40.03718500586608,19.244005439604106,6.872035370965344,70.08256152324789,52.43591880434981,-24.13430000000001,0.0,8.748999999999995,720.7700000000004,-0.03348405177795968,0.0,0.012138407536384685,-0.021344811798493266
LFLLAVLLGILLLTL,Mutant,clash,,LLLLFLLAVLLGILLSTLILI,0.3871936129530579,LLLLFLLAVLLGILLLTLILI_2,110011001100110000,1,-58.8277,-58.8277,-58.8277,-230.597,-229.61,-243.246,-361.092,4674.15,3997.14,3683.4,-15.3195,4957.92,-86.9863,4885.27,-59.0176,-64.6444,53.8605,-48.3648,7.06416,3.46783,2.77574,97.0891,-61.5797,48.2683,-39.5794,-266.684,6.5,2.25318,1.47721,2,LLLLFLLAVLLGILLLTLILI,0.1327287471242913,0.1014734594546374,D,16,-53.785875385963024,-61.11526377574476,-48.58829514775335,-56.74200044434765,-57.23697341666279,-64.01903048621594,-27.9687,0.0,12.649000000000001,677.0099999999998,-0.0413120928789826,0.0,0.01868362358015392,-0.022628173882217405
AYLLTVLLGLLLLFL,Mutant,clash,,LLLAYLLTVLLGLLLGFLILI,0.2146348690640016,LLLAYLLTVLLGLLLLFLILI_1,110011001100110000,1,-58.6857,-58.6042,-58.7285,-237.178,-226.586,-248.667,-356.854,4650.41,3823.58,3703.41,-15.2713,1311.1,-76.2614,1239.44,-49.4584,-66.9655,59.2017,-44.3335,8.93182,4.53706,3.92508,1219.06,-61.2445,47.3289,-45.0,2359.06,7.4166,2.07607,1.286,1,LLLAYLLTVLLGLLLLFLILI,0.3006107967682052,0.1187991441674396,D,16,-78.94567327834825,-82.73590256340233,-71.9736487878954,-77.01899165360146,-77.72961348234028,-81.73875954930536,-26.802999999999997,0.04279999999999973,11.489000000000004,826.8299999999999,-0.03241657898237848,5.1763965990590245e-05,0.013895238440791947,-0.018469697519441726
TLLLGVLLIFLLAIL,Mutant,clash,11.0,LLLTLLLGVLLGFLLAILILI,1.0937071307477466,LLLTLLLGVLLIFLLAILILI_2,110011001100110000,1,-44.9169,-50.8448,-44.9169,-242.271,-230.267,-247.889,-354.22,4619.11,4022.61,3580.77,-15.2464,342784.0,-82.279,342711.0,-61.4147,-87.5642,64.3991,-34.3093,9.61647,8.32852,7.79451,180984.0,-85.9497,42.6517,-45.0,342429.0,6.5506,5.15043,4.2902,2,LLLTLLLGVLLIFLLAILILI,0.2422965446059132,0.0469468060251394,D,15,-52.109103643432896,-59.11550527081493,-48.22164134395006,-55.79677574214288,-49.060541648825954,-56.512945571950354,-20.864299999999993,0.0,5.618000000000023,596.4999999999995,-0.03497787091366305,0.0,0.00941827326068739,-0.025559765297569172
AYLLGFLLGTLLILL,Mutant,clash,,LLLAYLLGFLLGTLLGLLILI,0.3948980541415069,LLLAYLLGFLLGTLLILLILI_0,110011001100110000,1,-62.2164,-58.9965,-58.6623,-229.466,-222.683,-244.731,-345.542,4603.53,3910.38,3476.36,-15.2192,512983.0,-69.0784,512919.0,-42.148,-101.839,24.4544,-38.3064,9.31349,5.07716,3.94398,426187.0,-91.134,25.7473,-37.6199,512637.0,7.3707,3.64599,2.5322,0,LLLAYLLGFLLGTLLILLILI,0.8396399404184193,0.0667851409237475,D,14,-70.97346317871835,-71.4445165385899,-61.402632100951095,-62.02900444233613,-67.12132221385745,-67.65488954001333,-26.9304,-3.5540999999999983,15.264999999999986,693.1499999999996,-0.03885219649426533,-0.005127461588400779,0.02202265022001009,-0.021956575055904218
TFLLIVLLGLLLGYL,Mutant,clash,,LLLTFLLAVLLGLLLGYLILI,0.4709540421597273,LLLTFLLIVLLGLLLGYLILI_1,110011001100110000,1,-44.9219,-46.376,-44.9219,-232.913,-227.233,-248.145,-342.112,4648.32,3981.4,3628.03,-15.0753,216.065,-79.3527,147.561,-49.0453,-63.4352,49.5389,-56.6998,7.73122,2.70304,1.94612,212.163,-64.6051,48.7376,-45.0,-126.695,6.7648,2.77034,2.0014,1,LLLTFLLIVLLGLLLGYLILI,0.1849871864653902,0.1423939720674691,D,15,-3.765329206091736,-17.886095660073565,-13.97247805009409,-26.59552269759875,1.11465341033967,-13.72216573294466,-30.3074,0.0,15.232,666.9199999999996,-0.045443831344089275,0.0,0.022839321057997974,-0.022604360343069646
YALLAFLLGLLLITL,Mutant,clash,,LLLYALLAFLLGLLLGTLILI,0.9092539763481968,LLLYALLAFLLGLLLITLILI_2,110011001100110000,1,-58.7014,-60.7948,-58.7014,-244.905,-233.267,-248.252,-347.635,4678.23,3986.82,3537.95,-15.0497,15564600.0,-59.0783,15564500.0,-40.6814,-62.6618,62.6806,-45.0742,9.8,4.36114,3.80135,2299910.0,-66.7471,49.0629,-35.0,15491700.0,7.0844,3.13556,2.3715,2,LLLYALLAFLLGLLLITLILI,0.2799496437381741,0.1001262001276781,D,15,-8.384348480587956,-20.37425483239524,-16.5043402338413,-27.43156854882508,-6.637060684469281,-18.855637756810378,-18.396900000000002,0.0,3.3470000000000084,691.4099999999994,-0.026607801449212504,0.0,0.004840832501699442,-0.02176667968354524
LFLLIVLLGILLSTL,Mutant,clash,,LLLLFLLAVLLGILLSTLILI,0.3896661505320629,LLLLFLLIVLLGILLSTLILI_0,110011001100110000,1,-74.2287,-77.7387,-74.1115,-234.645,-219.415,-245.435,-373.678,4619.28,4032.14,3753.34,-14.9651,82.2287,-79.7693,5.70445,-54.1314,-62.4527,62.9015,-37.8122,7.89077,4.3596,3.80313,64.7729,-61.5797,48.2683,-39.5794,-291.449,6.5,2.25318,1.47721,0,LLLLFLLIVLLGILLSTLILI,0.1302562095452863,0.0748849935153775,D,14,-62.17836760505608,-69.2473156783678,-59.03012263990001,-66.68748477076386,-63.82112919122618,-70.58304143308024,-25.637900000000002,-0.11719999999999686,10.789999999999992,587.1399999999999,-0.04366573559968663,-0.00019961167694246157,0.018377218380624713,-0.025488128896004367
LFLLGTLLGILLIVL,Mutant,clash,,LLLLFLLGTLLGILLAVLILI,1.3325394887709832,LLLLFLLGTLLGILLIVLILI_2,110011001100110000,1,-58.7574,-67.9646,-58.7574,-230.669,-218.591,-241.804,-353.865,4642.74,3884.89,3540.4,-14.8748,957.658,-79.3131,890.349,-53.3036,-69.4148,64.4286,-47.5208,8.28548,5.61009,5.07652,959.023,-67.5072,53.2475,-44.4028,603.793,6.6409,3.81449,3.1132,2,LLLLFLLGTLLGILLIVLILI,0.1683189673802951,0.0945337806917461,D,14,-39.89474205091332,-50.18354305338792,-38.75255691442583,-49.23687684450006,-38.20226513240237,-48.78078385359289,-26.009500000000003,0.0,11.134999999999991,757.8499999999999,-0.0343201161179653,0.0,0.01469288117701391,-0.019627630797651254
LLLLFALLGILLSTL,Mutant,clash,,LLLLALLFALLGILLSTLILI,0.1462332510682737,LLLLLLLFALLGILLSTLILI_0,110011001100110000,1,-74.2512,-79.0527,-74.1345,-229.479,-220.118,-240.632,-374.94,4522.59,3944.63,3671.54,-14.8337,21.4894,-86.0437,-54.2802,-60.1734,-54.6499,75.0177,-45.6796,7.91079,4.82488,4.45015,22.19,-54.9267,67.0486,-40.0719,-353.451,7.1275,3.79057,3.2963,0,LLLLLLLFALLGILLSTLILI,0.1633024638829859,0.1356659816025892,D,16,-31.45223658881288,-39.93575423081706,-34.22543102425664,-42.36573624404552,-40.01229378339024,-47.43641294741417,-25.8703,-0.11669999999999447,11.152999999999992,577.96,-0.04476140217316077,-0.0002019170876877197,0.019297183196068917,-0.025665616997716103
GALLALLLGTLLIFL,Mutant,clash,,LLLGALLALLLGTLLGFLILI,-0.0457298572169004,LLLGALLALLLGTLLIFLILI_1,110011001100110000,1,-58.7121,-59.8854,-58.7121,-226.314,-221.604,-238.048,-351.747,4500.27,3793.0,3485.51,-14.6157,129881.0,-81.3365,129811.0,-54.9866,-76.6558,74.5886,-43.1241,7.8302,8.06783,7.68666,105947.0,-76.6587,59.1886,-35.0,129519.0,7.2022,5.98927,5.3771,1,LLLGALLALLLGTLLIFLILI,0.283047185026104,0.110539193197976,D,14,15.719602997988638,6.059708228079827,-0.2818518128366037,-8.60599736106247,10.531208476526672,1.3044239472653758,-26.349899999999998,0.0,11.734000000000009,707.2700000000004,-0.0372557863333663,0.0,0.016590552405729073,-0.020664951150197224
YALLISLLGILLTLL,Mutant,clash,,LLLYALLASLLGILLTLLILI,0.086110731113945,LLLYALLISLLGILLTLLILI_0,110011001100110000,1,-72.2427,-74.7283,-74.119,-228.174,-227.178,-249.268,-377.427,4635.54,3945.38,3713.41,-14.1339,747.12,-91.1439,671.6,-54.0402,-67.8092,66.1202,-46.8981,7.81482,5.59761,5.08941,694.003,-63.07,66.418,-42.249,369.693,7.1117,4.92693,4.4232,0,LLLYALLISLLGILLTLLILI,0.1706089252443424,0.1093955123898891,D,15,-85.49329292562308,-87.97555549096082,-83.70388781773508,-86.49233794795306,-86.95008912223992,-89.18307729018008,-37.1037,1.8763000000000005,21.093999999999994,690.1599999999999,-0.05376101193926048,0.0027186449518952142,0.030563927205285727,-0.020479164251767712
GLLLGLLLGTLLLFL,Mutant,clash,,LLLGLLLGLLLGTLLGFLILI,0.4314245351999574,LLLGLLLGLLLGTLLLFLILI_1,110011001100110000,1,-58.6416,-44.889,-58.6416,-224.521,-224.368,-239.844,-357.807,4558.17,3691.81,3407.15,-14.1214,197740.0,-88.7658,197651.0,-59.3212,-74.3274,72.5755,-46.4024,7.80162,7.44681,7.03544,189521.0,-81.7407,58.0906,-35.0,197419.0,6.5862,6.60334,5.9747,1,LLLGLLLGLLLGTLLLFLILI,0.7714878524667362,0.1052939328865945,D,16,30.17757217416188,17.968224854864943,1.9385123945641385,-7.622295064439329,14.227274540880122,3.5139047574858737,-29.4446,0.0,15.323000000000008,866.3600000000001,-0.03398656447666097,0.0,0.017686642965972582,-0.016299690659771916
YILLALLLGVLLITL,Mutant,clash,,LLLYILLALLLGVLLSTLILI,0.3042811206675528,LLLYILLALLLGVLLITLILI_2,110011001100110000,1,-58.8306,-58.8306,-58.8306,-238.699,-232.705,-248.71,-366.25,4643.64,4041.61,3627.67,-14.0731,328.41,-82.7936,253.695,-58.7098,-76.463,60.5285,-47.4448,9.05659,6.14081,5.54873,245.867,-71.421,52.627,-43.8508,-56.3507,7.5,4.3178,3.60721,2,LLLYILLALLLGVLLITLILI,0.0961119113569735,0.0778686422189693,D,15,-14.073522796664385,-31.2565849008848,-24.99724482347732,-39.99584644351207,-20.762581838979628,-36.608005991734736,-24.083799999999997,0.0,10.010999999999996,602.0300000000002,-0.04000431872165837,0.0,0.016628739431589774,-0.0233760776041061
TLLLGLLLIVLLAIL,Mutant,clash,,LLLTLLLGLLLGVLLAILILI,0.7346236912102313,LLLTLLLGLLLIVLLAILILI_0,110011001100110000,1,-44.9259,-49.5121,-44.9259,-242.173,-229.349,-243.975,-373.982,4606.84,4008.47,3622.07,-14.0243,357234.0,-100.908,357139.0,-85.0808,-88.5154,68.1791,-36.6354,10.2145,8.9815,8.50418,293419.0,-95.5773,36.118,-40.2012,356860.0,6.9567,5.71253,4.7543,0,LLLTLLLGLLLIVLLAILILI,0.4212262865481368,0.085577649574956,D,15,-41.01721465081347,-52.41209043547832,-38.98565245429054,-50.77300544634991,-42.1416459316,-53.31929299949433,-15.827200000000005,0.0,1.8019999999999925,598.3700000000003,-0.026450523923325024,0.0,0.003011514614703263,-0.02343750522252117
TALLGILLGLLLLFL,Mutant,clash,,LLLTALLGILLGLLLGFLILI,0.930418728211902,LLLTALLGILLGLLLLFLILI_1,110011001100110000,1,-44.9667,-46.7399,-44.9667,-235.992,-225.391,-246.254,-357.636,4575.17,3875.11,3434.32,-13.9384,59270.6,-90.6161,59185.1,-66.4157,-75.1035,77.5486,-46.9488,8.42463,8.23459,7.89782,57700.0,-80.1891,50.0903,-39.6088,58927.2,6.6695,5.29055,4.5419,1,LLLTALLGILLGLLLLFLILI,0.2086028721446517,0.0347417035350462,D,17,-27.59251068447966,-29.579313660069825,-31.846264569654075,-33.71634797719423,-25.25265376268419,-27.3036605207646,-24.200400000000002,0.0,10.262,700.06,-0.03456903693969089,0.0,0.014658743536268322,-0.019910293403422565
TALLALLLGVLLIFL,Mutant,clash,,LLLTALLALLLGVLLSFLILI,0.5071048847985256,LLLTALLALLLGVLLIFLILI_2,110011001100110000,1,-45.0105,-45.0105,-45.0105,-229.069,-228.793,-246.09,-351.873,4620.18,3744.86,3601.17,-13.9363,-0.612982,-91.73,-78.6826,-60.7724,-70.3223,70.91,-45.3353,7.81724,6.62119,6.18484,-0.910496,-67.4512,65.6275,-43.9752,-352.361,7.4846,5.47739,4.9618,2,LLLTALLALLLGVLLIFLILI,0.3088182443660546,0.0641304932745351,D,15,-41.21034398572216,-49.56945272539699,-37.75246930092606,-46.60324192261714,-42.41650328367666,-50.604112181159486,-30.957600000000006,0.0,17.021000000000015,875.3200000000002,-0.03536718000274185,0.0,0.01944545994607688,-0.015921377324864046
AFLLLSLLGILLTLL,Mutant,clash,,LLLAFLLGSLLGILLTLLILI,1.396885244760789,LLLAFLLLSLLGILLTLLILI_0,110011001100110000,1,-74.2629,-76.3392,-74.1526,-235.017,-224.851,-243.621,-374.697,4636.23,3926.96,3572.79,-13.8806,821525.0,-79.2973,821451.0,-56.9229,-80.7337,67.6961,-52.6985,9.1194,7.74904,7.26448,766175.0,-72.8398,58.7702,-43.8998,821150.0,7.2749,5.35995,4.7415,0,LLLAFLLLSLLGILLTLLILI,0.2665580275647761,0.089320759122953,D,16,-4.841454745839837,-20.131750653460507,-21.938973362510097,-34.4820002966855,-32.20615253244894,-43.099425288209545,-22.37440000000001,-0.11029999999999518,8.604000000000013,709.2699999999995,-0.031545673720867966,-0.00015551200530121851,0.01213078235368762,-0.019570262382449573
FYLLGTLLIVLLALL,Mutant,clash,,LLLFYLLGTLLGVLLALLILI,0.619150926280641,LLLFYLLGTLLIVLLALLILI_2,110011001100110000,1,-61.2402,-67.0221,-58.6895,-239.592,-229.107,-245.661,-346.301,4761.13,3979.77,3585.32,-13.8568,435279.0,-59.325,435229.0,-41.9509,-69.5807,60.7265,-39.2982,9.41156,5.13519,4.54609,423284.0,-65.0104,55.0216,-43.8705,434932.0,6.506,3.67948,3.0048,2,LLLFYLLGTLLIVLLALLILI,0.2131303545944978,0.11731030720904,D,14,-91.1491489703487,-92.88454068143032,-87.97377605263141,-90.3317650509726,-90.97282060840158,-92.74278512798789,-17.374100000000006,-2.550699999999999,6.068999999999988,781.3600000000001,-0.022235717211016692,-0.003264436367359474,0.007767226374526451,-0.017734207023651066
GLLLGFLLGVLLITL,Mutant,clash,,LLLGLLLGFLLGVLLGTLILI,-0.0463468716795458,LLLGLLLGFLLGVLLITLILI_1,110011001100110000,1,-58.7181,-58.7181,-58.7181,-229.304,-223.312,-237.61,-348.912,4476.49,3748.44,3353.59,-13.8467,8116490.0,-74.7357,8116430.0,-52.583,-84.1703,73.9575,-45.7016,8.07562,9.1098,8.71916,3275890.0,-81.7407,58.0906,-35.0,8116080.0,6.5862,6.60334,5.9747,1,LLLGLLLGFLLGVLLITLILI,1.206329869688759,0.1034647859825099,D,14,-88.88442549980446,-90.75353449046284,-81.76620396677635,-84.83225800644205,-82.68610937688585,-85.59747924142766,-22.152699999999996,0.0,8.306000000000012,728.0499999999997,-0.030427443170111947,0.0,0.011408557104594486,-0.019018886065517486
AYLLILLLGTLLAFL,Mutant,clash,7.0,LLLAYLLGLLLGTLLAFLILI,0.6853706970977812,LLLAYLLILLLGTLLAFLILI_0,110011001100110000,1,-58.7534,-67.529,-58.7534,-230.188,-224.972,-245.158,-348.639,4636.1,3939.09,3579.91,-13.6716,318298.0,-73.3697,318242.0,-44.7281,-69.7372,48.1549,-50.1952,7.96964,3.46148,2.68381,265420.0,-65.2452,51.3028,-41.1052,317950.0,6.5503,3.21266,2.4822,0,LLLAYLLILLLGTLLAFLILI,0.3939628788149042,0.0575350705781427,D,14,-98.2028684668664,-98.50356606671032,-97.66792435696044,-98.0581292671674,-98.27007093085676,-98.55952415640036,-28.641599999999997,0.0,14.969999999999999,697.0100000000002,-0.04109209337025292,0.0,0.02147745369506893,-0.019614639675183995
YTLLAVLLGLLLIFL,Mutant,clash,,LLLYTLLAVLLGLLLGFLILI,0.2088299262121768,LLLYTLLAVLLGLLLIFLILI_1,110011001100110000,1,-44.9531,-63.098,-44.9531,-244.797,-234.792,-252.653,-347.189,4711.28,4031.94,3615.16,-13.6086,2780.5,-71.048,2731.2,-49.5831,-56.5764,70.3981,-34.6507,9.34405,4.49021,4.04618,2610.02,-60.0061,44.1752,-42.0349,2496.8,6.9704,1.46457,0.627198,1,LLLYTLLAVLLGLLLIFLILI,0.1412283480182264,0.080210299677202,D,15,-27.36622579539493,-38.07588418832357,-31.9000867096828,-41.9412392714771,-28.554461236569352,-39.08891744835425,-21.4649,0.0,7.8559999999999945,679.3399999999997,-0.03159669679394708,0.0,0.011564165219183322,-0.02003208996967646
LFLLGVLLGILLITL,Mutant,clash,,LLLLFLLGVLLGILLATLILI,0.5066377669005359,LLLLFLLGVLLGILLITLILI_1,110011001100110000,1,-59.7715,-58.7587,-58.7587,-224.034,-218.778,-242.065,-354.153,4639.97,3766.65,3541.23,-13.5897,318.711,-83.9368,242.095,-53.3288,-73.9586,54.29,-50.8478,7.73733,4.92295,4.2373,223.111,-76.1397,46.3109,-45.0,-60.1979,6.7451,4.17293,3.36759,1,LLLLFLLGVLLGILLITLILI,0.8099025152472606,0.0673513664998568,D,14,-72.91807332201141,-79.28361215693566,-66.95354618639972,-74.72103214145093,-70.40578254598057,-77.3618290168495,-30.608000000000004,-1.0128000000000057,18.031000000000006,873.3200000000002,-0.03504786332615765,-0.0011597123620208005,0.020646498419823207,-0.01556096276279027
ALLLGFLLIVLLGTL,Mutant,clash,,LLLALLLGFLLGVLLGTLILI,0.7852930357174763,LLLALLLGFLLIVLLGTLILI_1,110011001100110000,1,-58.7392,-59.4749,-58.7392,-231.466,-216.796,-238.038,-351.157,4519.11,3981.16,3336.79,-13.5111,12366500.0,-74.4629,12366500.0,-54.3791,-80.6071,63.6724,-46.5213,10.1402,7.18683,6.64191,12292500.0,-83.578,48.738,-35.1079,12483500.0,6.9512,5.61633,4.8474,1,LLLALLLGFLLIVLLGTLILI,0.3243036228176883,0.0953990925973742,D,14,-18.15359838140866,-25.39933988757646,-12.975426111832014,-20.67958358984184,-2.5187532538308584,-11.148624593968822,-20.083800000000004,0.0,6.572000000000003,537.9499999999998,-0.037333952969606864,0.0,0.012216748768472915,-0.02511590296495958
AVLLGFLLLILLSLL,Mutant,clash,,LLLAVLLGFLLGILLSLLILI,1.0567105792086329,LLLAVLLGFLLLILLSLLILI_2,110011001100110000,1,-60.3387,-54.4022,-60.3387,-235.804,-231.582,-242.653,-367.165,4570.34,4098.81,3618.94,-13.4826,53221.1,-84.5044,53140.0,-64.1728,-85.1903,71.6842,-42.9488,10.1396,8.9559,8.53117,47377.6,-78.8188,59.0852,-37.4413,52844.9,7.5,6.29932,5.6856,2,LLLAVLLGFLLLILLSLLILI,0.2177256925202702,0.0391133728041113,D,16,-37.86363286403379,-42.63232257548554,-33.63406726578827,-38.72735731810207,-41.911706133894725,-46.36972423316567,-20.33160000000001,0.0,6.8489999999999895,471.52999999999975,-0.04311835938328425,0.0,0.014525056730218635,-0.028593302653065568
LVLLATLLGGLLIIL,Mutant,clash,15.0,LLLLVLLATLLGGLLSILILI,0.0420537239834633,LLLLVLLATLLGGLLIILILI_1,110011001100110000,1,-58.7102,-58.7102,-58.7102,-224.222,-214.738,-236.6,-364.239,4510.81,3869.82,3757.11,-13.395,58.3079,-94.7027,-32.4835,-68.9289,-48.7902,69.0422,-41.3459,7.70136,3.13924,2.67487,65.8665,-44.4117,60.8723,-41.0381,-288.678,6.9287,1.37952,0.792605,1,LLLLVLLATLLGGLLIILILI,0.2124681795204937,0.1417544354538914,D,14,-19.161046733878827,-32.51385575633671,-22.581791586393816,-35.36956913720681,-13.429096141733773,-27.72869676020745,-25.773799999999994,0.0,12.377999999999986,640.9900000000002,-0.0402093636406184,0.0,0.01931075367790446,-0.02089736189332126
GLLLGFLLGVLLLTL,Mutant,clash,,LLLGLLLGFLLGVLLGTLILI,-0.068956687024543,LLLGLLLGFLLGVLLLTLILI_2,110011001100110000,1,-58.7181,-58.7181,-58.7181,-230.944,-225.319,-237.624,-351.511,4510.69,3847.83,3385.67,-13.33,80513.7,-75.1797,80446.2,-55.169,-80.8312,81.851,-46.4202,8.57917,9.67456,9.40233,78623.2,-81.7407,58.0906,-35.0,80242.4,6.5862,6.60334,5.9747,2,LLLGLLLGFLLGVLLLTLILI,1.2289396850337562,0.0880857961204059,D,16,-84.98900998685855,-88.2417528895296,-77.70595747329628,-82.53687059342334,-79.45761333351248,-83.90895880605254,-20.0107,0.0,6.680000000000007,662.8599999999997,-0.030188425911957292,0.0,0.010077542769212217,-0.02010982711281418
TLLLGILLILLLGFL,Mutant,clash,,LLLTLLLGILLGLLLGFLILI,1.3858245372435694,LLLTLLLGILLILLLGFLILI_2,110011001100110000,1,-44.942,-44.942,-44.942,-240.668,-238.335,-247.033,-359.694,4630.17,4073.83,3461.28,-13.2947,7455460.0,-87.3789,7455380.0,-67.7187,-84.8022,56.902,-41.5568,10.6862,6.9021,6.25563,5805460.0,-88.5873,34.12,-39.5515,7477160.0,7.2522,4.3943,3.4061,2,LLLTLLLGILLILLLGFLILI,0.2494391256231053,0.0747581385082843,D,15,-39.11415005624819,-54.25019490389147,-41.22246149448608,-55.834386263138114,-37.48660439019706,-53.027252347030654,-19.660200000000003,0.0,6.364999999999981,556.3400000000001,-0.03533846209152676,0.0,0.011440845526117085,-0.023896717834417797
LFLLAVLLGILLITL,Mutant,clash,,LLLLFLLAVLLGILLSTLILI,0.3082548025631272,LLLLFLLAVLLGILLITLILI_0,110011001100110000,1,-58.8277,-62.5036,-58.8277,-226.585,-224.55,-243.222,-358.488,4642.2,3777.28,3651.35,-13.2943,49.3928,-86.3694,-22.0413,-56.4382,-56.6599,63.3156,-39.3058,7.30539,3.5466,2.99633,46.1045,-61.5797,48.2683,-39.5794,-309.095,6.5,2.25318,1.47721,0,LLLLFLLAVLLGILLITLILI,0.2116675575142219,0.0351471103738157,D,14,-45.704990939474655,-56.281336267607806,-42.60522215489329,-53.78538403394651,-45.49866333912956,-56.11520005851089,-29.931199999999997,0.0,16.637,864.9199999999996,-0.034605743883827415,0.0,0.019235304999306303,-0.015370554502150495
TLLLGLLLIVLLGIL,Mutant,clash,,LLLTLLLGLLLGVLLGILILI,0.9442815344303972,LLLTLLLGLLLIVLLGILILI_2,110011001100110000,1,-44.9695,-47.0993,-44.9695,-240.922,-228.921,-244.508,-370.023,4589.98,4045.38,3507.1,-13.2491,768841.0,-97.3804,768747.0,-80.5448,-87.8542,61.0107,-35.4926,10.7565,7.91458,7.32974,646542.0,-85.5673,40.094,-37.7266,769407.0,7.033,4.74779,3.8492,2,LLLTLLLGLLLIVLLGILILI,0.3125229965993749,0.0675630949476452,D,15,-31.22835587661899,-40.09155062608497,-30.401699302180628,-39.37143241209395,-31.139801732367705,-40.01440921794572,-16.8356,0.0,3.5860000000000127,544.5999999999995,-0.030913698127065768,0.0,0.006584649283878106,-0.02432813073815647
AVLLGFLLGTLLILL,Mutant,clash,,LLLAVLLGFLLGTLLGLLILI,0.3406728863746839,LLLAVLLGFLLGTLLILLILI_1,110011001100110000,1,-55.1696,-55.1696,-58.7162,-229.656,-221.858,-238.574,-349.694,4578.68,3754.37,3417.31,-13.2289,3901550.0,-78.0967,3901480.0,-52.4035,-78.4637,66.6177,-45.8106,9.08723,7.26295,6.76221,3230920.0,-77.6262,50.1878,-35.0,3901860.0,7.3742,4.91928,4.1721,1,LLLAVLLGFLLGTLLILLILI,0.9977052814853162,0.0979075340163065,D,14,-76.98838008419084,-79.68559423408064,-69.29937913510177,-72.8978284972137,-72.74275619814136,-75.93760401582416,-25.693199999999997,3.546599999999998,8.918000000000006,824.3100000000004,-0.031169341631182425,0.004302507551770567,0.010818745374919633,-0.01604845264524268
VFLLATLLGLLLLIL,Mutant,clash,,LLLVFLLATLLGLLLSILILI,0.4549688556232447,LLLVFLLATLLGLLLLILILI_0,110011001100110000,1,-58.7768,-60.2531,-58.7768,-233.719,-227.263,-243.258,-363.483,4665.51,3791.07,3635.11,-13.1856,5913.54,-84.1726,5837.57,-61.4473,-74.2356,60.9188,-49.8372,7.55145,5.85938,5.27316,3376.77,-78.5324,48.359,-40.7581,5550.05,7.3267,4.80832,4.0337,0,LLLVFLLATLLGLLLLILILI,0.3062746899250816,0.0935320484097273,D,17,-36.43707763824777,-47.17945416570299,-36.236662059156345,-47.0129095845546,-35.22049069628982,-46.16847506119655,-22.725300000000004,0.0,9.539000000000016,874.44,-0.025988404007136,0.0,0.010908695851058981,-0.015078907643749142
YVLLITLLGLLLGFL,Mutant,clash,7.0,LLLYVLLATLLGLLLGFLILI,0.2733237105961371,LLLYVLLITLLGLLLGFLILI_0,110011001100110000,1,-58.7397,-59.9112,-58.7397,-243.888,-229.469,-249.083,-347.325,4663.05,4182.19,3672.84,-13.1344,390.277,-57.8325,332.332,-39.5026,-73.9941,61.5665,-41.81,8.90459,5.91058,5.33408,311.672,-65.984,55.7173,-41.1231,42.9515,6.918,3.91944,3.2552,0,LLLYVLLITLLGLLLGFLILI,0.1438811018526981,0.050447361075271,D,15,-75.06641924102193,-79.66056491291354,-70.20319066215512,-75.69341222234351,-75.60485753432783,-80.0997930695494,-18.329900000000002,0.0,5.194999999999993,480.8600000000006,-0.03811899513371871,0.0,0.010803560287817633,-0.027314395042215996
ALLLGTLLIYLLGFL,Mutant,clash,,LLLALLLGTLLGYLLGFLILI,1.0798909209420495,LLLALLLGTLLIYLLGFLILI_0,110011001100110000,1,-58.7311,-62.2134,-58.7311,-236.544,-220.139,-243.264,-344.053,4605.38,3924.1,3514.77,-13.119,18157.7,-61.8963,18096.0,-42.0576,-81.3742,69.3033,-39.5794,9.60445,8.06207,7.60162,8782.41,-77.9303,55.657,-35.0,17813.7,7.3057,5.70324,5.0381,0,LLLALLLGTLLIYLLGFLILI,0.3370745401430797,0.0816133509321626,D,14,-28.06767076183601,-39.45184933792015,-11.032860142797729,-25.1130076684598,12.672125342665751,-5.159628599306034,-19.838699999999996,0.0,6.719999999999999,681.2800000000002,-0.029119745185533098,0.0,0.009863785814936585,-0.019256399718177542
YLLLFALLGTLLTLL,Mutant,clash,,LLLYGLLFALLGTLLTLLILI,0.2417520938450492,LLLYLLLFALLGTLLTLLILI_0,110011001100110000,1,-73.1674,-76.9579,-72.5003,-232.406,-226.253,-250.295,-362.594,4666.37,3928.37,3726.87,-13.0952,2031.44,-70.1153,1972.05,-39.7982,-70.1868,49.8514,-48.6987,7.64892,3.75796,3.00573,1977.35,-63.047,55.8436,-42.2554,1668.84,7.2934,3.49594,2.83359,0,LLLYLLLFALLGTLLTLLILI,0.1378517162047257,0.1315057006435581,D,17,-4.461874355335105,-27.08084231742268,-15.969639954026748,-35.86410626155883,-16.80541854997503,-36.50201150425059,-30.317100000000003,-0.6671000000000049,17.88899999999998,738.0,-0.04108008130081301,-0.0009039295392953996,0.02423983739837396,-0.01774417344173442
ALLLGILLIVLLGTL,Mutant,clash,,LLLALLLGILLGVLLGTLILI,0.8255795741603369,LLLALLLGILLIVLLGTLILI_1,110011001100110000,1,-58.7478,-58.7478,-58.7478,-231.513,-228.181,-237.082,-365.168,4517.43,3924.97,3566.08,-13.0519,827184.0,-87.96,827105.0,-69.3383,-88.1349,56.2177,-42.357,9.84646,7.30962,6.65289,676301.0,-86.55,35.742,-43.5248,838058.0,6.8226,4.30767,3.3438,1,LLLALLLGILLIVLLGTLILI,0.3287343024289537,0.0941303430996051,D,14,-18.02078434178591,-25.771638287542736,-10.70244333009743,-19.145221342843744,2.957926938653677,-6.776392276919939,-18.62169999999999,0.0,5.568999999999988,592.4600000000005,-0.0314311514701414,0.0,0.009399790703169807,-0.02203001046484149
AVLLGFLLGILLILL,Mutant,clash,,LLLAVLLGFLLGILLSLLILI,0.1727417295823559,LLLAVLLGFLLGILLILLILI_2,110011001100110000,1,-45.0403,-45.0403,-45.0403,-231.209,-225.792,-239.422,-345.306,4551.31,3918.73,3531.68,-13.0028,1047.81,-82.0592,973.338,-60.8434,-88.7756,65.218,-38.5288,9.3467,8.62076,8.09903,1007.02,-78.8188,59.0852,-37.4413,663.336,7.5,6.29932,5.6856,2,LLLAVLLGFLLGILLILLILI,1.1016945421465472,0.0705080533157349,D,14,-85.19738065989128,-87.73247183714038,-79.66049945760345,-83.14383488560914,-83.96517875315398,-86.7112963785328,-21.2158,0.0,8.212999999999994,632.5800000000004,-0.03353852477157038,0.0,0.01298333807581648,-0.020555186695753885
TFLLGVLLIILLGLL,Mutant,clash,,LLLTFLLGVLLGILLGLLILI,1.0846880589147805,LLLTFLLGVLLIILLGLLILI_1,110011001100110000,1,-44.9604,-45.7555,-44.9604,-241.603,-229.262,-246.715,-352.61,4653.84,4042.9,3522.34,-12.8977,924862.0,-78.9443,924785.0,-60.9348,-87.779,64.0843,-40.2381,10.4051,8.31822,7.77949,532012.0,-91.396,35.576,-35.8075,926616.0,7.4513,5.01216,4.0458,1,LLLTFLLGVLLIILLGLLILI,0.1334939320994026,0.0981924350122221,D,15,-62.911999152928765,-69.96179717106097,-56.55620970421161,-64.81413517154196,-64.93113104378861,-71.59712643903947,-18.009499999999996,0.0,5.111999999999995,610.94,-0.02947834484564768,0.0,0.008367433790552254,-0.021111238419484726
TVLLAILLGLLLLFL,Mutant,clash,,LLLTVLLAILLGLLLGFLILI,0.2658463790892936,LLLTVLLAILLGLLLLFLILI_2,110011001100110000,1,-44.91,-51.8201,-44.91,-238.277,-231.43,-246.057,-361.973,4583.35,3929.08,3605.4,-12.8314,103418.0,-91.617,103339.0,-71.006,-62.708,65.6729,-41.3022,8.76347,4.77205,4.25714,16729.4,-63.1541,43.7872,-41.476,16770.4,6.5,1.88439,1.0412,2,LLLTVLLAILLGLLLLFLILI,0.2442075295473288,0.0193929631341813,D,17,-28.608411794914247,-37.97052021569682,-28.37585337961436,-37.768458910111725,-23.342825435822125,-33.395449246894096,-20.611000000000004,0.0,7.780000000000001,654.2700000000004,-0.03150228498937746,0.0,0.01189111528879514,-0.019611781068977627
ALLLGTLLILLLGFL,Mutant,clash,,LLLALLLGTLLGLLLGFLILI,1.048432646030789,LLLALLLGTLLILLLGFLILI_0,110011001100110000,1,-58.6905,-56.9967,-58.6905,-234.294,-219.355,-240.373,-357.25,4573.24,3942.66,3375.19,-12.7465,16337400.0,-77.0112,16337300.0,-58.1857,-67.8347,61.0363,-44.8086,9.65551,4.9151,4.33065,16037400.0,-63.8279,50.3554,-37.6016,16337100.0,6.5149,2.87217,2.1275,0,LLLALLLGTLLILLLGFLILI,0.2490472604338883,0.0804692199647648,D,14,16.654710794847478,-2.3321866846434216,-0.1156893182580578,-16.373011065504787,29.11139115400956,8.09702550540084,-18.825500000000005,0.0,6.078999999999979,630.5799999999999,-0.029854261156395712,0.0,0.00964033112372733,-0.02021393003266834
YALLALLLLVLLSTL,Mutant,clash,,LLLYALLALLLGVLLSTLILI,0.123732428269897,LLLYALLALLLLVLLSTLILI_2,110011001100110000,1,-74.1828,-69.6174,-74.1828,-246.23,-227.877,-249.139,-380.931,4669.46,4186.14,3691.86,-12.6711,80033.9,-73.1893,79950.4,-57.6088,-82.8791,69.2742,-44.7379,9.53987,8.28389,7.82301,66761.1,-72.2819,58.8241,-37.2216,79652.9,7.0527,5.28354,4.6659,2,LLLYALLALLLLVLLSTLILI,0.170102251974025,0.0376397288930602,D,17,-11.354368514294324,-23.08902637845786,-16.125796446011577,-27.22882618181952,-14.383551054144148,-25.717214305065315,-15.5805,0.0,2.9090000000000202,483.3199999999997,-0.032236406521559235,0.0,0.006018786725151084,-0.0262167921873707
GYLLATLLGFLLILL,Mutant,clash,,LLLGYLLATLLGFLLSLLILI,0.6984311330199713,LLLGYLLATLLGFLLILLILI_0,110011001100110000,1,-62.1032,-62.1135,-58.8178,-229.473,-227.053,-249.12,-350.808,4607.27,3789.65,3637.85,-12.5199,209.251,-71.7516,147.61,-42.8705,-78.576,58.5671,-45.8876,8.00679,6.19295,5.57146,171.492,-78.9601,51.8199,-41.3257,-141.557,7.4908,5.3397,4.617,0,LLLGYLLATLLGFLLILLILI,0.3683814878725611,0.1047812529327446,D,14,-91.716885395359,-94.07580277914812,-88.93611599007163,-92.08695834454342,-91.03563974059333,-93.58856653924158,-28.881099999999996,-3.2854000000000028,19.64699999999999,817.6200000000003,-0.03532337760817982,-0.004018248085907881,0.02402950025684301,-0.015312614662067946
AVLLFSLLLTLLGYL,Mutant,clash,,LLLAVLLFSLLGTLLGYLILI,0.201415420721803,LLLAVLLFSLLLTLLGYLILI_2,110011001100110000,1,-69.9624,-49.4922,-74.0982,-238.152,-228.741,-244.573,-359.441,4605.23,3925.95,3708.45,-12.5109,368360.0,-63.8385,368279.0,-40.7697,-43.6288,85.1534,-35.9129,8.95524,4.54002,4.31732,320210.0,-52.2786,59.5607,-37.5707,367973.0,6.5337,2.38249,1.7759,2,LLLAVLLFSLLLTLLGYLILI,0.2138831424809583,0.0713282432753564,D,16,92.39132007012716,64.01959191090158,22.120491715969724,4.111522328091245,61.1030495714037,37.345366915054925,-23.068800000000003,4.135800000000003,6.421000000000021,679.2799999999997,-0.033960664232717014,0.00608850547638677,0.009452655753150428,-0.018417883641502774
AYLLIFLLGTLLGLL,Mutant,clash,,LLLAYLLGFLLGTLLGLLILI,0.5664853125586793,LLLAYLLIFLLGTLLGLLILI_0,110011001100110000,1,-58.6623,-58.6623,-58.6623,-230.138,-224.063,-243.473,-344.325,4612.68,3960.36,3578.79,-12.506,9072.92,-68.0306,9011.32,-42.1894,-80.8501,42.1718,-50.1272,8.52801,4.3207,3.45328,8480.85,-91.134,25.7473,-37.6199,8728.59,7.3707,3.64599,2.5322,0,LLLAYLLIFLLGTLLGLLILI,0.6680526820012469,0.1138675349930259,D,14,-98.06717211262202,-98.11212720723802,-97.28317554693834,-97.34636539490154,-98.10596832206872,-98.15002106667323,-25.841200000000008,0.0,13.335000000000008,652.3200000000002,-0.03961429973019377,0.0,0.02044242089771892,-0.019171572234486137
FYLLGVLLGILLLLL,Mutant,clash,,LLLFYLLGVLLGILLALLILI,0.6706919228610674,LLLFYLLGVLLGILLLLLILI_0,110011001100110000,1,-48.7836,-56.784,-44.9467,-227.97,-226.183,-243.001,-341.53,4743.86,3684.49,3543.52,-12.473,6530.74,-77.2495,6472.18,-53.5824,-56.5383,50.2316,-48.1815,7.6517,1.76201,1.01548,4752.86,-62.6538,43.9976,-40.9419,6189.21,6.5,1.83774,0.997703,0,LLLFYLLGVLLGILLLLLILI,0.1917285013733244,0.0362804077505341,D,16,-84.0775978848103,-89.10907009924563,-81.58563827031163,-87.40456865023846,-85.33036337699436,-89.96596223516555,-23.667099999999998,-3.8369,15.031000000000006,1059.37,-0.022340730811708846,-0.0036218696017444336,0.014188621539216711,-0.011773978874236576
YALLALLLGTLLLFL,Mutant,clash,,LLLYALLALLLGTLLGFLILI,-0.1226103191885829,LLLYALLALLLGTLLLFLILI_2,110011001100110000,1,-58.7298,-44.9742,-58.7298,-238.641,-235.392,-248.183,-350.867,4702.61,4136.26,3741.51,-12.4606,1359.91,-65.957,1289.41,-43.9544,-62.3555,70.3145,-43.9032,8.49364,5.34578,4.9005,1258.2,-63.0279,55.5114,-39.6932,1538.01,7.1542,3.44823,2.7809,2,LLLYALLALLLGTLLLFLILI,0.1685528098710313,0.0988832431072323,D,17,-9.30266080214092,-22.2301204516567,-21.89703986716325,-33.02937158223544,-24.802888285306697,-35.521037638411144,-22.002599999999994,0.0,9.542000000000002,566.3499999999995,-0.038849827844972214,0.0,0.01684823872163858,-0.022001589123333647
FYLLLVLLGLLLATL,Mutant,clash,,LLLFYLLGVLLGLLLATLILI,0.7359110361947234,LLLFYLLLVLLGLLLATLILI_0,110011001100110000,1,-58.7635,-65.1239,-58.7635,-236.795,-224.463,-245.781,-351.055,4675.1,3852.14,3682.42,-12.4571,29787.0,-67.954,29725.6,-46.5112,-73.2756,57.9201,-49.8345,9.0261,5.31056,4.67936,23240.4,-71.1945,47.5262,-42.4033,29436.0,7.5,3.59521,2.8081,0,LLLFYLLLVLLGLLLATLILI,0.3913354172551197,0.0316600974976035,D,16,-76.91991559063032,-81.17815647815682,-73.07292516377979,-78.0409300035944,-77.1858564478293,-81.39503164687291,-21.44279999999999,0.0,8.986000000000018,822.9600000000005,-0.026055701370661974,0.0,0.010919121220958507,-0.015136944687469614
TFLLGLLLGVLLIIL,Mutant,clash,,LLLTFLLGLLLGVLLAILILI,0.1997943050230228,LLLTFLLGLLLGVLLIILILI_0,110011001100110000,1,-46.1754,-52.4404,-44.9175,-229.269,-227.68,-246.949,-353.223,4616.96,3734.59,3491.07,-12.352,234.56,-90.131,161.457,-61.3573,-60.1294,58.7099,-48.0044,7.98496,3.44524,2.82589,213.307,-66.0595,53.2865,-42.9639,-118.663,7.0854,3.6026,2.9019,0,LLLTFLLGLLLGVLLIILILI,1.2119284469865832,0.0515084070032738,D,15,-93.60337136194138,-95.86796903097414,-89.47253567865421,-93.19957260887388,-90.79659095333432,-94.05487275356708,-28.773699999999998,-1.2579000000000065,17.680000000000007,882.3699999999999,-0.032609562881784286,-0.0014255924385461955,0.020036945952378264,-0.01399866269252128
TALLALLLGVLLLFL,Mutant,clash,,LLLTALLALLLGVLLSFLILI,0.5036599381241034,LLLTALLALLLGVLLLFLILI_1,110011001100110000,1,-45.0105,-45.0105,-45.0105,-233.663,-226.564,-246.131,-354.242,4644.52,3934.77,3629.78,-12.3325,84.348,-87.9005,1.68081,-63.1005,-73.0534,78.5248,-47.9916,8.31064,8.05885,7.73673,76.5896,-67.4512,65.6275,-43.9752,-273.052,7.4846,5.47739,4.9618,1,LLLTALLALLLGVLLLFLILI,0.3122631910404768,0.0153921586799612,D,17,-43.759826473400295,-55.04509375703436,-46.696394913927406,-57.392404418469454,-48.7877842111601,-59.06413129765789,-24.799999999999997,0.0,12.46799999999999,709.7500000000005,-0.034941880943994336,0.0,0.01756674885523069,-0.017375836562169768
TYLLIVLLGFLLGLL,Mutant,clash,,LLLTYLLAVLLGFLLGLLILI,0.7724142199723476,LLLTYLLIVLLGFLLGLLILI_2,110011001100110000,1,-44.9703,-46.0458,-44.9703,-233.256,-229.557,-250.571,-342.282,4685.29,3913.41,3714.69,-12.2533,123.86,-76.3083,57.1808,-46.74,-66.2516,47.6114,-51.8659,8.52477,2.86527,2.07944,100.708,-70.8524,42.5823,-40.9781,-95.5654,7.4604,2.87647,2.0152,2,LLLTYLLIVLLGFLLGLLILI,0.3390779913967515,0.0267789956320411,D,15,-97.89818304722144,-97.97119554716969,-97.1392763304542,-97.2386515812335,-97.78652158153564,-97.86341295530627,-29.5683,0.0,17.314999999999998,771.8800000000001,-0.03830686117013007,0.0,0.0224322433538892,-0.015874617816240864
TFLLVALLGLLLLYL,Mutant,clash,,LLLTFLLVALLGLLLGYLILI,0.1381763868597103,LLLTFLLVALLGLLLLYLILI_0,110011001100110000,1,-44.9273,-50.6681,-44.9273,-235.042,-230.819,-250.409,-348.805,4720.2,3912.77,3701.29,-12.1043,2919.07,-80.9401,2851.75,-53.4689,-37.1687,87.3815,-46.2308,8.27864,3.87181,3.68253,2917.3,-47.754,68.368,-44.8299,2570.27,7.2266,2.89278,2.4183,0,LLLTFLLVALLGLLLLYLILI,0.1752672517394669,0.0902952917822249,D,17,3.602242255491841,-8.115334355538574,-11.467258346827007,-21.4804507287769,0.0255370039364508,-11.287508615411172,-27.471200000000003,0.0,15.36699999999999,807.4299999999998,-0.034023011282711825,0.0,0.01903199038925974,-0.014991144743197557
AFLLGSLLIILLTLL,Mutant,clash,,LLLAFLLGSLLGILLTLLILI,1.4188876237081445,LLLAFLLGSLLIILLTLLILI_2,110011001100110000,1,-70.5898,-63.0121,-74.1526,-237.032,-225.696,-243.705,-371.739,4624.86,3768.03,3549.13,-11.9841,31343.8,-76.1015,31260.7,-53.8819,-83.0327,64.4949,-36.0572,9.81384,7.66171,7.12914,26981.1,-72.8398,58.7702,-43.8998,30972.0,7.2749,5.35995,4.7415,2,LLLAFLLGSLLIILLTLLILI,0.2445556486174203,0.0311361298072573,D,14,-48.41661664084082,-54.50500655597346,-46.95299152194662,-53.21413320001355,-46.66610733847754,-52.9611099743898,-22.2196,3.56280000000001,6.673000000000002,856.8299999999995,-0.025932331967834944,0.004158117712965246,0.007788009290057544,-0.01398655509260881
AVLLGSLLLILLTLL,Mutant,clash,,LLLAVLLGSLLGILLTLLILI,1.244459779366526,LLLAVLLGSLLLILLTLLILI_0,110011001100110000,1,-74.0452,-52.8701,-74.0355,-238.212,-221.368,-240.849,-388.459,4528.16,3884.81,3558.5,-11.8935,108299.0,-88.0958,108185.0,-73.5749,-68.1573,88.8663,-53.895,8.36187,8.72055,8.55354,105223.0,-69.2457,60.3937,-41.8114,107911.0,6.8012,5.04,4.4459,0,LLLAVLLGSLLLILLTLLILI,0.2337057984251949,0.0740938845874583,D,16,-10.17469531455822,-21.736387765739376,-15.43243188481469,-26.317384820026408,-7.637411206017769,-19.52568533289647,-14.520899999999997,-0.009699999999995157,2.6370000000000005,643.3499999999999,-0.022570762415481463,-1.5077329602852503e-05,0.004098857542550713,-0.018486826766145957
AFLLGTLLILLLGYL,Mutant,clash,,LLLAFLLGTLLGLLLGYLILI,0.959951012268114,LLLAFLLGTLLILLLGYLILI_0,110011001100110000,1,-58.6988,-59.8821,-58.6988,-232.803,-221.603,-243.39,-342.301,4658.94,4024.96,3418.01,-11.8346,2864960.0,-62.6342,2864900.0,-40.2126,-69.4121,66.0036,-41.5193,9.35573,5.82231,5.31236,2850710.0,-72.4524,47.8783,-35.1603,2864620.0,6.5,3.83143,3.0496,0,LLLAFLLGTLLILLLGYLILI,0.3620279128986722,0.0858473371603488,D,14,13.713056223336654,-2.255716984418071,-0.5129372617922661,-14.483948109059147,27.493874326548625,9.589854927931688,-22.421599999999998,0.0,10.586999999999989,633.9799999999996,-0.03536641534433265,0.0,0.016699264961039774,-0.01866715038329286
YFLLATLLGLLLIVL,Mutant,clash,,LLLYFLLATLLGLLLGVLILI,0.3025188263844242,LLLYFLLATLLGLLLIVLILI_1,110011001100110000,1,-58.6761,-68.6982,-58.6761,-238.987,-221.921,-250.745,-349.717,4731.9,4083.5,3537.69,-11.7662,16744600.0,-63.8205,16744500.0,-40.2959,-67.2759,58.8516,-52.8773,8.81231,4.53636,3.91913,11922100.0,-67.2353,46.0087,-37.4675,16720200.0,6.9823,2.79647,1.9866,1,LLLYFLLATLLGLLLIVLILI,0.147012494388769,0.0975684975271273,D,15,-19.944728493610874,-35.43423886773991,-29.376481812038303,-43.041087490661454,-18.00657677649708,-33.8710908270108,-23.5246,0.0,11.75800000000001,648.3999999999996,-0.036280999383096875,0.0,0.018133867982726738,-0.018146514497223945
GYLLIFLLGLLLGTL,Mutant,clash,,LLLGYLLAFLLGLLLGTLILI,0.5427523897115079,LLLGYLLIFLLGLLLGTLILI_0,110011001100110000,1,-62.1128,-63.3584,-58.7749,-222.854,-222.532,-245.76,-343.393,4624.06,3549.05,3510.23,-11.7165,137.536,-70.1424,80.0341,-38.8572,-64.2546,42.1659,-35.8,8.01487,1.8306,0.963087,56.3671,-61.4169,47.8691,-36.8365,-205.856,7.2814,2.17486,1.3929,0,LLLGYLLIFLLGLLLGTLILI,0.9428807920376032,0.1252120607158709,D,14,-95.90428458866032,-96.56373133083,-93.97180855235344,-94.9424011868708,-95.34752997738214,-96.0966191819111,-31.285199999999996,-3.3378999999999976,22.905999999999977,1075.0100000000002,-0.02910224090938688,-0.0031049943721453725,0.021307708765499832,-0.01089896838168947
GYLLLALLGILLTLL,Mutant,clash,,LLLGYLLAALLGILLTLLILI,0.4691724439970773,LLLGYLLLALLGILLTLLILI_0,110011001100110000,1,-57.1414,-65.2745,-58.7374,-228.793,-227.773,-246.224,-366.181,4580.67,3851.32,3651.23,-11.6999,11722.1,-91.9465,11648.9,-61.2196,-60.4862,57.6783,-46.7463,8.45988,3.35949,2.72466,10062.0,-63.8286,63.5081,-39.1011,11355.9,7.5,4.64788,4.1005,0,LLLGYLLLALLGILLTLLILI,0.3340141662510442,0.0744687050946582,D,16,-87.0148632540127,-88.73162126685685,-84.71868829078176,-86.73902237249072,-91.19475237913215,-92.35888947710096,-30.7269,1.5960000000000036,17.430999999999983,729.3499999999999,-0.042129156097895394,0.002188249811475977,0.023899362446013553,-0.01604154384040584
AFLLGILLILLLGTL,Mutant,clash,11.0,LLLAFLLGILLGLLLGTLILI,1.0858881174788164,LLLAFLLGILLILLLGTLILI_2,110011001100110000,1,-58.7892,-60.3464,-58.7892,-233.77,-232.716,-240.435,-351.321,4613.82,4107.59,3496.83,-11.6947,10643900.0,-70.4567,10643800.0,-52.0974,-78.4985,54.9546,-44.099,11.5622,5.69364,5.01796,10170600.0,-80.3909,36.9211,-40.9331,11766000.0,7.1519,3.54298,2.5968,2,LLLAFLLGILLILLLGTLILI,0.3319810974574057,0.0818473932816519,D,14,-48.406989136577735,-54.34994848831273,-41.46845502463379,-48.21065879916605,-41.631443843078245,-48.35487306061931,-18.359299999999998,0.0,6.664999999999992,506.22999999999956,-0.03626671670979597,0.0,0.013165952235150026,-0.023101554629318708
YVLLGILLGTLLILL,Mutant,clash,,LLLYVLLGILLGTLLSLLILI,0.5173620160515804,LLLYVLLGILLGTLLILLILI_2,110011001100110000,1,-58.7708,-51.6659,-58.7708,-243.291,-236.597,-248.202,-362.372,4603.74,4094.1,3741.17,-11.6896,135.482,-71.9993,61.3732,-55.3988,-112.153,24.5957,-50.65,8.76162,6.64333,5.51226,102.281,-103.028,20.5579,-45.0,-268.685,7.3039,4.72952,3.53789,2,LLLYVLLGILLGTLLILLILI,0.1177984027183963,0.032308866411021,D,15,117.77814689752684,88.58522654654041,32.16197387629166,14.445807071845651,113.33367089029886,84.7365276451849,-16.600500000000004,0.0,4.911000000000001,509.6399999999999,-0.03257299270072994,0.0,0.009636213797975047,-0.022936975119692338
TFLLGVLLILLLGAL,Mutant,clash,11.0,LLLTFLLGVLLGLLLGALILI,1.1077800151370387,LLLTFLLGVLLILLLGALILI_2,110011001100110000,1,-44.9172,-46.6677,-44.9172,-236.958,-223.132,-243.401,-345.591,4655.71,3973.83,3473.39,-11.6077,5889040.0,-75.3231,5888970.0,-57.2727,-88.879,64.4699,-37.6695,9.88292,8.53529,8.00234,5833650.0,-87.213,39.461,-38.899,5896930.0,6.5512,4.90918,4.00109,2,LLLTFLLGVLLILLLGALILI,0.2760803745473608,0.0911189458805778,D,15,-48.00321971581178,-53.74778871372745,-45.43812836275996,-51.466086912548406,-45.27462930184419,-51.32065111692313,-18.050399999999996,0.0,6.443000000000012,681.8800000000001,-0.02647151991552765,0.0,0.009448876635185092,-0.01702308324045286
AVLLGFLLGLLLLTL,Mutant,clash,,LLLAVLLGFLLGLLLGTLILI,0.8634017532685151,LLLAVLLGFLLGLLLLTLILI_1,110011001100110000,1,-58.7258,-58.7258,-58.7258,-230.766,-225.09,-238.602,-351.973,4575.44,3822.27,3514.69,-11.598,32458.0,-74.0794,32389.8,-54.6453,-73.1999,67.4446,-43.6033,8.8006,6.585,6.09667,21020.1,-73.2945,52.8302,-38.1653,32012.7,6.8167,4.62625,3.9187,1,LLLAVLLGFLLGLLLLTLILI,0.8884291128631722,0.0797628791195768,D,16,-63.003021814047365,-70.14948193341199,-53.40988097005665,-62.40938427896094,-53.47159039362652,-62.45917370375918,-19.434100000000008,0.0,7.836000000000013,753.1699999999996,-0.025803072347544403,0.0,0.010404025651579347,-0.015398913923815349
TFLLAILLGLLLLVL,Mutant,clash,,LLLTFLLAILLGLLLGVLILI,0.4099086042067961,LLLTFLLAILLGLLLLVLILI_2,110011001100110000,1,-44.9455,-44.9455,-44.9455,-235.979,-234.14,-247.826,-358.521,4665.7,3908.94,3637.93,-11.5967,17941.6,-89.1929,17862.2,-65.7493,-63.9893,60.1456,-46.5234,8.77327,4.21806,3.62024,17936.8,-62.6538,43.9976,-40.9419,17529.8,6.5,1.83774,0.997703,2,LLLTFLLAILLGLLLLVLILI,0.314359755677387,0.0177049424274819,D,17,-32.95107840191188,-48.33122431810517,-32.03230782935064,-47.62320770150165,-37.619342372736206,-51.92864957392423,-23.44359999999999,0.0,11.84699999999998,756.7599999999998,-0.030978910090385323,0.0,0.015654897193297723,-0.015324145039378408
AVLLIILLGLLLTFL,Mutant,clash,,LLLAVLLGILLGLLLTFLILI,0.8446676711338241,LLLAVLLIILLGLLLTFLILI_2,110011001100110000,1,-58.7585,-57.4251,-58.7585,-237.961,-220.544,-243.742,-363.964,4545.68,4010.48,3618.96,-11.4443,679670.0,-78.6887,679584.0,-61.4634,-101.2,44.4778,-32.988,10.077,7.68456,6.85173,531295.0,-106.47,21.0167,-38.4019,679306.0,7.4459,5.30775,4.123,2,LLLAVLLIILLGLLLTFLILI,0.1835364673865589,0.1058254066496562,D,14,-44.79816968001757,-57.93280915328146,-43.76022498292407,-57.14183143736384,-43.478244977733766,-56.92694532535379,-17.225299999999997,0.0,5.7809999999999775,535.2000000000003,-0.03218479073243645,0.0,0.01080156950672641,-0.021383221225710004
VFLLGTLLILLLAIL,Mutant,clash,11.0,LLLVFLLGTLLGLLLAILILI,1.4125275870755396,LLLVFLLGTLLILLLAILILI_2,110011001100110000,1,-58.7524,-62.2748,-58.7524,-234.245,-222.885,-243.301,-359.494,4677.52,3896.66,3532.08,-11.4439,64361.2,-77.9408,64286.8,-57.4405,-80.4127,63.2521,-39.295,9.65119,7.10093,6.54971,62967.2,-81.7774,50.2073,-43.0207,64001.7,6.749,5.54459,4.7977,2,LLLVFLLGTLLILLLAILILI,0.2208714686623608,0.0425932216726929,D,15,-47.18970509441954,-56.93323889466999,-45.28468903028489,-55.379699534918494,-43.5859543157168,-53.9943824814077,-20.500299999999996,0.0,9.055999999999983,780.8600000000006,-0.026253489742079222,0.0,0.01159746945675278,-0.014655508029608369
AFLLIVLLGILLGLL,Mutant,clash,,LLLAFLLGVLLGILLGLLILI,1.2307683073916176,LLLAFLLIVLLGILLGLLILI_2,110011001100110000,1,-44.9468,-53.6624,-44.9468,-225.153,-216.021,-239.797,-345.762,4596.14,3947.34,3681.3,-11.4228,58822.2,-87.0856,58746.1,-61.0185,-66.5265,47.4895,-54.4093,8.23912,2.89006,2.1024,48847.4,-69.6978,38.4736,-44.8571,58476.4,6.5368,2.1486,1.2257,2,LLLAFLLIVLLGILLGLLILI,0.2082730286467836,0.0676110514003947,D,14,-87.74534290520238,-88.50405142985814,-83.89268302623579,-84.88991686173128,-88.74880740493248,-89.4453895833147,-26.067099999999996,0.0,14.644000000000005,648.8000000000002,-0.040177404438964226,0.0,0.022570900123304566,-0.01760604192355117
AYLLGFLLITLLGLL,Mutant,clash,,LLLAYLLGFLLGTLLGLLILI,0.9986366977512202,LLLAYLLGFLLITLLGLLILI_0,110011001100110000,1,-58.6623,-62.5531,-58.6623,-232.794,-222.928,-243.805,-342.939,4611.56,4009.36,3557.94,-11.2994,8092550.0,-62.7815,8092490.0,-40.4713,-82.5273,49.6477,-48.4934,9.44295,5.58153,4.82624,3090270.0,-91.134,25.7473,-37.6199,8092200.0,7.3707,3.64599,2.5322,0,LLLAYLLGFLLITLLGLLILI,0.235901296808706,0.104771563785208,D,14,-86.41258627605524,-88.41989134649636,-82.71830771486306,-85.27137846508434,-86.38248048608233,-88.3942331656189,-22.310200000000002,0.0,11.010999999999996,602.2000000000003,-0.03704782464297574,0.0,0.018284623048820975,-0.018763533709730978
IVLLGILLGLLLTFL,Mutant,clash,,LLLAVLLGILLGLLLTFLILI,0.7644682798457119,LLLIVLLGILLGLLLTFLILI_0,110011001100110000,1,-55.2172,-57.4251,-58.7585,-230.491,-208.058,-240.931,-358.595,4537.28,3777.18,3553.54,-11.2645,56.3877,-84.1505,-36.7239,-58.9047,-110.868,29.9334,-38.7019,8.49363,7.17119,6.12019,41.0312,-106.47,21.0167,-38.4019,-302.207,7.4459,5.30775,4.123,0,LLLIVLLGILLGLLLTFLILI,0.2637358586746712,0.1342398327428602,D,14,-14.182600043754906,-30.220681772505493,-19.118089704861,-34.23379687324759,-7.187834798073683,-24.533141130935523,-25.245799999999996,3.5412999999999997,10.439999999999998,760.0999999999999,-0.03321378765951848,0.004658992237863439,0.013735034863833704,-0.01481976055782134
ALLLTVLLGSLLLWL,Mutant,clash,,LLLALLLTVLLGSLLGWLILI,-0.0342948023236332,LLLALLLTVLLGSLLLWLILI_2,110011001100110000,1,-73.9861,-66.742,-73.9861,-236.274,-226.95,-245.103,-386.489,4545.06,3891.99,3688.52,-11.1939,18965.7,-87.4222,18872.9,-67.3996,-44.4556,87.3776,-42.1316,8.43052,4.96431,4.77497,9841.88,-51.8131,59.6903,-44.8127,18579.2,7.0255,2.33015,1.7255,2,LLLALLLTVLLGSLLLWLILI,0.2842329365620749,0.0321623543921841,D,16,17.421546486168342,8.996714537301369,1.1084292336048551,-6.145959338149903,10.70434341529043,2.761461404335623,-20.022599999999997,0.0,8.829000000000008,653.0700000000006,-0.030659194267077004,0.0,0.013519224585419633,-0.017140429050484615
TALLGILLGLLLIFL,Mutant,clash,,LLLTALLGILLGLLLGFLILI,0.9154573099862422,LLLTALLGILLGLLLIFLILI_2,110011001100110000,1,-44.9667,-56.8624,-44.9667,-236.287,-224.112,-246.464,-355.516,4540.92,3826.99,3426.91,-11.1671,3302320.0,-85.4296,3302250.0,-64.0856,-77.7181,74.5509,-46.0933,8.346,8.2221,7.84036,2442490.0,-80.1891,50.0903,-39.6088,3301970.0,6.6695,5.29055,4.5419,2,LLLTALLGILLGLLLIFLILI,0.2235642903703114,0.0915236885691138,D,15,-26.022692940040955,-26.791589649706747,-24.125082327084773,-24.91370220071146,-23.037423205284604,-23.83734786348952,-21.343999999999994,0.0,10.176999999999992,713.9300000000003,-0.0298964884512487,0.0,0.014254898939671941,-0.015641729581331497
WTLLIILLGLLLGFL,Mutant,clash,,LLLWTLLGILLGLLLGFLILI,0.5325343620961391,LLLWTLLIILLGLLLGFLILI_2,110011001100110000,1,-44.9483,-53.3588,-44.9483,-230.435,-228.806,-250.634,-352.294,4695.52,3885.84,3695.06,-11.1195,24963.7,-88.0303,24893.6,-56.7111,-66.3531,42.428,-49.9972,8.0778,2.18075,1.31717,10853.6,-69.6978,38.4736,-44.8571,24611.4,6.5368,2.1486,1.2257,2,LLLWTLLIILLGLLLGFLILI,0.2335538052377396,0.112138084248425,D,15,-39.059681968428166,-46.69230814212149,-37.86143969562589,-45.644142790957176,-37.59240865384198,-45.40880723087377,-31.319199999999995,0.0,20.198999999999984,809.6800000000003,-0.03868096037940913,0.0,0.02494689259954547,-0.013733203240786479
FTLLIALLGILLSLL,Mutant,clash,,LLLFTLLGALLGILLSLLILI,0.4239414587932966,LLLFTLLIALLGILLSLLILI_0,110011001100110000,1,-62.945,-66.9275,-60.2229,-232.221,-215.305,-241.089,-363.558,4626.4,3838.9,3680.44,-11.1062,243.053,-79.4984,161.728,-62.2457,-69.5172,77.9989,-45.0417,7.82529,7.45743,7.12741,193.277,-63.5764,69.369,-39.6453,-120.505,7.1848,5.40127,4.9418,0,LLLFTLLIALLGILLSLLILI,0.2524898414273819,0.113067007469531,D,14,-97.65729186188987,-98.10222201110204,-96.896233952285,-97.48570520065122,-97.80973379535038,-98.22571197607046,-17.252700000000004,-2.7220999999999975,8.867999999999995,787.4999999999995,-0.021908190476190494,-0.0034566349206349195,0.011260952380952382,-0.014103111111111118
TVLLGALLGLLLIFL,Mutant,clash,,LLLTVLLGALLGLLLGFLILI,0.2316204799692691,LLLTVLLGALLGLLLIFLILI_0,110011001100110000,1,-49.2507,-48.4831,-44.9305,-225.38,-220.936,-241.403,-348.377,4516.49,3850.4,3670.03,-11.0673,599.905,-84.8138,520.947,-62.0438,-71.8853,54.5802,-45.3119,6.57599,4.65112,3.96982,587.693,-59.3652,64.0781,-38.2792,251.528,6.5,4.05533,3.5165,0,LLLTVLLGALLGLLLIFLILI,0.2623554768136081,0.0479786159552858,D,15,-2.662739409369104,-8.95298759308998,-6.886772198602582,-12.90404973964019,10.96178101715796,3.791072315573702,-22.770000000000003,-4.3202,16.022999999999996,666.0899999999997,-0.03418456965274965,-0.006485910312420246,0.024055307841282715,-0.0166153222537495
AVLLYTLLGLLLIFL,Mutant,clash,,LLLAVLLYTLLGLLLGFLILI,0.2233903182521818,LLLAVLLYTLLGLLLIFLILI_1,110011001100110000,1,-54.0514,-58.7988,-58.7988,-240.514,-227.822,-248.486,-355.247,4583.84,4109.82,3747.75,-11.0343,3060.96,-71.7155,2992.33,-47.9622,-49.0502,88.7424,-46.3822,9.31862,5.83776,5.66889,3034.53,-49.156,60.31,-42.3523,2689.97,7.5,2.01525,1.4199,1,LLLAVLLYTLLGLLLIFLILI,0.199698121891982,0.1191254095357134,D,14,-91.81416171961143,-93.66781457700036,-89.44692957836583,-91.83663341458188,-92.3995751477685,-94.12066329563255,-23.753300000000003,4.747399999999999,7.97199999999998,474.02000000000044,-0.050110332897346066,0.010015189232521824,0.01681785578667561,-0.023278131724399794
AYLLGTLLIFLLGLL,Mutant,clash,,LLLAYLLGTLLGFLLGLLILI,0.8979808964927172,LLLAYLLGTLLIFLLGLLILI_1,110011001100110000,1,-58.7318,-58.7318,-58.7318,-240.647,-231.343,-245.43,-345.416,4635.97,3964.26,3489.17,-10.8836,230513.0,-56.92,230458.0,-41.2538,-91.375,65.148,-38.163,9.61763,9.00124,8.47846,134432.0,-87.9639,43.7708,-37.0981,137519.0,7.4797,5.60364,4.7602,1,LLLAYLLGTLLIFLLGLLILI,0.3546938337867123,0.0744505277919116,D,14,-70.60780039823872,-75.66015467569584,-62.229220020984975,-68.72180527746346,-65.13696064366137,-71.1297215939714,-15.666200000000003,0.0,4.7830000000000155,671.71,-0.02332286254484823,0.0,0.007120632415774687,-0.016202825624153278
LVLLGFLLGTLLGLL,Mutant,clash,,LLLAVLLGFLLGTLLGLLILI,0.6238073416394508,LLLLVLLGFLLGTLLGLLILI_0,110011001100110000,1,-58.7162,-69.659,-58.7162,-216.828,-202.471,-236.453,-345.747,4604.11,3604.28,3492.18,-10.875,68.6183,-81.0778,-4.9987,-50.5779,-84.3843,50.2654,-38.1436,8.42792,5.94347,5.19745,58.3817,-77.6262,50.1878,-35.0,-277.129,7.3742,4.91928,4.1721,0,LLLLVLLGFLLGTLLGLLILI,0.7145708262205493,0.04549806709246,D,16,73.51269455887301,56.238371564336006,34.17688592438847,20.81869981730457,75.61870880151942,58.134718322127455,-30.499899999999997,0.0,19.625,999.8299999999995,-0.030505085864596996,0.0,0.019628336817258944,-0.010876849064340943
AVLLGFLLGILLLLL,Mutant,clash,,LLLAVLLGFLLGILLSLLILI,0.3727977517282492,LLLAVLLGFLLGILLLLLILI_2,110011001100110000,1,-45.0403,-45.0403,-45.0403,-230.41,-227.532,-239.434,-347.844,4578.96,3919.42,3570.29,-10.8318,33991.9,-83.2252,33916.7,-63.3701,-82.2439,72.9266,-46.6529,8.85546,8.68167,8.27557,31914.6,-78.8188,59.0852,-37.4413,33575.5,7.5,6.29932,5.6856,2,LLLAVLLGFLLGILLLLLILI,0.9016385200006538,0.0451217680076444,D,16,-74.29712301174504,-77.38830648753358,-70.4757760683772,-74.026537844758,-74.53988176479233,-77.60186960437385,-19.8551,0.0,9.024000000000001,659.54,-0.030104466749552722,0.0,0.013682263395700035,-0.01642326469963914
YILLATLLGVLLILL,Mutant,clash,,LLLYILLATLLGVLLSLLILI,-0.1373721339129212,LLLYILLATLLGVLLILLILI_1,110011001100110000,1,-58.7751,-58.7751,-58.7751,-236.612,-230.655,-248.653,-366.54,4625.0,3881.99,3754.18,-10.8263,229.302,-81.9791,152.192,-59.1125,-61.1129,70.4141,-43.971,8.28727,5.17285,4.72906,166.93,-61.329,53.5344,-45.0,-120.723,6.7388,2.92649,2.22951,1,LLLYILLATLLGVLLILLILI,0.3303252653273442,0.1234069928050772,D,15,-54.24259266029373,-61.66095788172841,-52.14221609351242,-59.901102366746414,-53.23724042291828,-60.81859717963965,-22.866600000000005,0.0,12.040999999999997,743.0100000000002,-0.030775628860984373,0.0,0.016205703826328036,-0.014570867148490594
AVLLIFLLGLLLGTL,Mutant,clash,,LLLAVLLGFLLGLLLGTLILI,1.31794778260051,LLLAVLLIFLLGLLLGTLILI_0,110011001100110000,1,-58.7258,-66.1724,-58.7258,-224.576,-216.762,-238.52,-348.227,4570.59,3799.36,3555.64,-10.7446,32941.6,-75.6701,32876.3,-50.9809,-80.7517,48.844,-40.5225,8.47106,5.20669,4.43935,30323.0,-73.2945,52.8302,-38.1653,32593.4,6.8167,4.62625,3.9187,0,LLLAVLLIFLLGLLLGTLILI,0.4338830835311773,0.0637577637240101,D,14,-90.76909406366826,-92.10429922120612,-87.20381691418773,-89.05472188178453,-90.2644901353039,-91.67268377006306,-24.689200000000007,0.0,13.944000000000017,771.23,-0.03201275883977543,0.0,0.01808020953541747,-0.013931771326322886
AFLLGVLLGLLLLTL,Mutant,clash,,LLLAFLLGVLLGLLLGTLILI,-0.0777234762027321,LLLAFLLGVLLGLLLLTLILI_2,110011001100110000,1,-58.7167,-66.2635,-58.7167,-224.727,-226.038,-239.077,-352.983,4609.6,3854.93,3346.32,-10.6853,2306280.0,-80.2252,2306220.0,-55.1902,-73.8686,64.59,-50.318,8.94722,6.29994,5.76879,801648.0,-83.578,48.738,-35.1079,5058960.0,6.9512,5.61633,4.8474,2,LLLAFLLGVLLGLLLLTLILI,1.2940968616698851,0.0434836584961204,D,16,-83.19903006873035,-85.2341097845783,-72.36803655473578,-75.7150604793396,-74.16239418946616,-77.29206989903506,-25.035000000000004,0.0,14.349999999999994,754.6700000000005,-0.03317344004664288,0.0,0.019014933679621534,-0.014158903891767253
TALLAALLGILLILL,Mutant,clash,,LLLTALLAALLGILLSLLILI,0.0999086764957519,LLLTALLAALLGILLILLILI_0,110011001100110000,1,-46.6526,-51.1844,-45.008,-224.013,-222.893,-242.595,-366.412,4511.25,3675.91,3629.04,-10.6746,51.3618,-106.421,-40.973,-78.8091,-52.7079,73.4599,-37.8224,7.52297,4.32328,3.92518,51.584,-59.0447,62.1286,-39.1953,-315.05,7.0437,3.74407,3.176,0,LLLTALLAALLGILLILLILI,0.3328873527278654,0.1077350440516759,D,15,-35.25176177541833,-46.06426177779133,-33.07947209473671,-44.25472918242307,-33.1159045823306,-44.28507770104735,-27.611900000000006,-1.644599999999997,18.581999999999994,835.3400000000001,-0.03305468432015706,-0.0019687791797351937,0.022244834438671666,-0.012778748772954722
TALLISLLGLLLGFL,Mutant,clash,,LLLTALLASLLGLLLGFLILI,0.0960693977230449,LLLTALLISLLGLLLGFLILI_1,110011001100110000,1,-60.2627,-50.7476,-60.2627,-226.954,-223.892,-241.261,-358.656,4527.06,3884.16,3622.87,-10.674,122.244,-82.1136,38.2276,-57.1319,-49.0829,79.2059,-44.4016,8.03169,4.55523,4.24332,88.4377,-57.4425,60.2182,-40.5871,-183.064,6.8394,3.24583,2.6491,1,LLLTALLISLLGLLLGFLILI,0.4145195804739209,0.0630346342110673,D,15,-41.1836535109732,-50.68849545207913,-34.24232640057732,-44.8689010058863,-31.350147908072707,-42.44410447567088,-24.981700000000004,0.0,14.306999999999988,642.9000000000005,-0.038857831700108855,0.0,0.022253849743350405,-0.01660289314045729
TLLLGVLLILLLGFL,Mutant,clash,11.0,LLLTLLLGVLLGLLLGFLILI,1.1411646829505966,LLLTLLLGVLLILLLGFLILI_2,110011001100110000,1,-44.9091,-53.6879,-44.9091,-240.164,-226.196,-245.999,-356.713,4603.61,4031.99,3452.3,-10.6644,8764340.0,-82.3038,8764260.0,-65.8049,-85.3486,56.39,-37.1673,10.4816,6.91494,6.26079,7114690.0,-87.8363,33.3963,-37.1588,8763980.0,7.4752,4.18395,3.1849,2,LLLTLLLGVLLILLLGFLILI,0.1695645120980931,0.1078558723661468,D,15,-36.28828236644465,-47.42995432119379,-34.193789973518186,-45.70173909078121,-30.20788541938128,-42.41287493415109,-16.498899999999992,0.0,5.835000000000008,571.6199999999999,-0.028863405759070704,0.0,0.01020783037682378,-0.018656450089220115
TLLLGLLLIYLLAFL,Mutant,clash,,LLLTLLLGLLLGYLLAFLILI,1.0123273299414697,LLLTLLLGLLLIYLLAFLILI_2,110011001100110000,1,-44.9618,-44.9618,-44.9618,-247.587,-243.816,-251.739,-354.29,4640.22,4170.84,3607.91,-10.5398,185362.0,-72.2811,185297.0,-57.5888,-90.223,66.4061,-33.2492,10.5723,8.99827,8.49436,160641.0,-93.4365,38.3915,-39.9749,187262.0,7.3305,5.69833,4.7742,2,LLLTLLLGLLLIYLLAFLILI,0.174823085625003,0.0647927133382155,D,15,-44.40834963720663,-55.22514340219564,-45.92456553580476,-56.4463402723731,-45.63773118827593,-56.21531696772008,-14.692299999999996,0.0,4.152000000000015,469.3800000000001,-0.03130150411180705,0.0,0.008845711363926912,-0.022454727512889336
LALLFALLIILLSTL,Mutant,clash,11.0,LLLLALLFALLGILLSTLILI,0.1736896379990926,LLLLALLFALLIILLSTLILI_0,110011001100110000,1,-74.1345,-75.941,-74.1345,-236.141,-225.015,-242.504,-374.846,4582.12,4063.58,3635.88,-10.4435,48653.1,-75.0138,48579.2,-58.2076,-58.488,77.1353,-38.4999,9.39915,5.68646,5.34349,29189.2,-54.9267,67.0486,-40.0719,48278.2,7.1275,3.79057,3.2963,0,LLLLALLFALLIILLSTLILI,0.135846076952167,0.029093860584919,D,14,8.486483142264369,-11.72025946523538,-9.48806643384346,-26.346861110411936,-17.76801414621736,-33.08458192611252,-16.806200000000004,0.0,6.3629999999999995,518.54,-0.03241061441740272,0.0,0.012270991630346742,-0.020140201334516144
AFLLILLLGTLLGVL,Mutant,clash,,LLLAFLLGLLLGTLLGVLILI,1.2386722126148273,LLLAFLLILLLGTLLGVLILI_2,110011001100110000,1,-58.6456,-68.8549,-58.6456,-222.61,-209.682,-238.894,-349.207,4556.09,3912.62,3419.92,-10.4246,69514.4,-78.3759,69443.8,-51.6669,-69.9103,54.8307,-44.7913,9.75153,4.38869,3.71115,64214.0,-70.7932,46.6401,-35.0,69165.2,7.2306,3.4154,2.615,2,LLLAFLLILLLGTLLGVLILI,0.2672063756982568,0.0845211761926927,D,14,-72.7714601087466,-77.2960638957897,-66.82045917176322,-72.33394893960846,-72.43335809064861,-77.01414475336567,-26.709000000000003,0.0,16.283999999999992,643.4700000000003,-0.04150776259965498,0.0,0.02530654109748704,-0.016200599872565925
AVLLFSLLGTLLLYL,Mutant,clash,,LLLAVLLFSLLGTLLGYLILI,0.2759364341235739,LLLAVLLFSLLGTLLLYLILI_2,110011001100110000,1,-74.0982,-76.7604,-74.0982,-236.029,-230.476,-244.572,-359.827,4588.1,3800.9,3771.87,-10.355,95.0619,-60.0547,42.4717,-41.1566,-57.6158,62.4189,-35.3614,7.23101,3.56893,3.00522,93.5258,-52.2786,59.5607,-37.5707,-264.765,6.5337,2.38249,1.7759,2,LLLAVLLFSLLGTLLLYLILI,0.1393621290791875,0.1149269183622555,D,16,33.288510434344246,15.840634639610409,5.576734094290287,-8.243584981135212,25.48560876129956,9.059156784613917,-18.8981,0.0,8.543000000000006,787.2000000000003,-0.024006732723577225,0.0,0.010852388211382118,-0.013154217479674792
TVLLLILLGLLLGFL,Mutant,clash,,LLLTVLLGILLGLLLGFLILI,0.4982913650314806,LLLTVLLLILLGLLLGFLILI_0,110011001100110000,1,-44.9617,-53.276,-44.9617,-229.937,-225.294,-244.469,-357.521,4561.83,3782.33,3570.39,-10.3154,147826.0,-92.9375,147747.0,-68.0905,-86.9163,29.617,-38.0349,8.55246,3.53574,2.47999,144750.0,-76.9679,35.2534,-45.0,147468.0,6.6086,2.8044,1.8332,0,LLLTVLLLILLGLLLGFLILI,0.2641973603499001,0.0697409599272632,D,17,-19.85475174850933,-34.00075138852222,-24.759200092323614,-38.03954236624595,-16.88277293875695,-31.5533403116061,-24.846999999999994,0.0,14.531999999999982,779.5,-0.031875561257216155,0.0,0.018642719692110305,-0.013233354714560617
AFLLISLLGILLTLL,Mutant,clash,,LLLAFLLGSLLGILLTLLILI,1.4836353817989754,LLLAFLLISLLGILLTLLILI_0,110011001100110000,1,-74.1526,-72.4165,-74.1526,-223.347,-221.937,-243.612,-371.369,4631.23,3875.79,3597.14,-10.2202,540501.0,-84.0888,540424.0,-53.6041,-75.1382,58.5279,-45.9286,9.01887,5.67199,5.04991,123066.0,-72.8398,58.7702,-43.8998,540130.0,7.2749,5.35995,4.7415,0,LLLAFLLISLLGILLTLLILI,0.1798078905265894,0.0674055383384671,D,14,-36.06474252322253,-49.89564383312831,-35.72580261261027,-49.63002566451997,-39.94407872204302,-52.935776152409886,-30.484700000000004,0.0,20.264999999999986,755.4399999999996,-0.040353568781107726,0.0,0.026825426241660486,-0.013528804405379654
FYLLIVLLGLLLATL,Mutant,clash,,LLLFYLLGVLLGLLLATLILI,0.7619309204821807,LLLFYLLIVLLGLLLATLILI_0,110011001100110000,1,-58.7635,-65.0796,-58.7635,-232.211,-225.842,-242.077,-344.392,4726.43,3988.97,3685.06,-10.0869,528.48,-63.5037,475.01,-43.5514,-71.7148,50.7752,-40.4637,10.1797,4.11187,3.3735,525.112,-71.1945,47.5262,-42.4033,184.088,7.5,3.59521,2.8081,0,LLLFYLLIVLLGLLLATLILI,0.3653155329676625,0.0579953844234575,D,14,-84.6466118059978,-86.51187090108267,-81.50840117257458,-83.75491656446641,-85.34563601573485,-87.12597175394103,-19.9523,0.0,9.865999999999985,737.4600000000005,-0.02705543351503809,0.0,0.013378352724215522,-0.013677894394272222
ALLLGFLLIILLGTL,Mutant,clash,,LLLALLLGFLLGILLGTLILI,0.9409449613160914,LLLALLLGFLLIILLGTLILI_0,110011001100110000,1,-58.7265,-68.1882,-58.7265,-228.646,-215.082,-239.481,-354.92,4527.95,4042.52,3458.57,-10.0837,21196.3,-77.6315,21124.6,-56.7126,-65.786,66.2521,-47.6093,9.54553,5.31194,4.80573,12615.8,-68.1464,52.7276,-38.529,20841.4,6.6534,3.84019,3.1311,0,LLLALLLGFLLIILLGTLILI,0.2292051995405156,0.0731092960903569,D,14,-34.35703066729077,-38.24757719187284,-26.831035652601653,-31.16763503015591,-14.30357076963248,-19.38265156534485,-20.9189,0.0,10.835000000000008,485.42999999999984,-0.0430935459283522,0.0,0.022320416949920714,-0.02077271697258102
GALLALLLGTLLLFL,Mutant,clash,,LLLGALLALLLGTLLGFLILI,-0.0523134889370315,LLLGALLALLLGTLLLFLILI_1,110011001100110000,1,-58.7121,-54.1007,-58.7121,-223.526,-217.163,-238.562,-354.563,4535.82,3798.74,3506.04,-10.057,303254.0,-82.3818,303171.0,-57.2887,-72.3557,71.7251,-46.435,8.16736,7.03625,6.61213,246986.0,-76.6587,59.1886,-35.0,239495.0,7.2022,5.98927,5.3771,1,LLLGALLALLLGTLLLFLILI,0.2896308167462351,0.0303100121383126,D,16,-9.220441346582565,-17.221000437570158,-16.86226543336333,-24.189337386099453,-23.441218983701976,-30.18847641192272,-25.0931,0.0,15.036000000000001,737.0799999999999,-0.034043930102566886,0.0,0.020399413903511156,-0.013644380528572206
VFLLITLLGILLALL,Mutant,clash,,LLLVFLLGTLLGILLALLILI,1.061494055172281,LLLVFLLITLLGILLALLILI_1,110011001100110000,1,-55.4666,-46.6287,-58.7536,-220.689,-221.593,-243.175,-360.992,4617.67,3774.9,3625.33,-10.0488,1458.02,-94.8858,1365.25,-59.0636,-58.9934,56.2616,-48.1679,7.45116,2.94433,2.28826,1244.59,-65.0104,55.0216,-43.8705,2616.18,6.506,3.67948,3.0048,1,LLLVFLLITLLGILLALLILI,0.1364914666545826,0.0418121348518528,D,15,-80.34480917684382,-84.87441025147912,-76.32202986091171,-81.7786931898091,-81.73197547873137,-85.94189967878118,-35.8222,3.286999999999999,22.48600000000002,842.77,-0.042505309871020566,0.0039002337529812393,0.026681063635392833,-0.01192353785730389
TLLLLILLGVLLAFL,Mutant,clash,,LLLTLLLGILLGVLLAFLILI,1.3450160327472216,LLLTLLLLILLGVLLAFLILI_2,110011001100110000,1,-44.9405,-48.1629,-44.9405,-228.246,-227.322,-246.214,-357.736,4588.95,3925.91,3584.8,-10.005,46821.8,-94.5541,46739.6,-66.5814,-63.6112,44.7555,-53.2851,7.80495,2.08367,1.255,46318.6,-68.9044,49.4176,-45.0,46446.6,6.5,3.50704,2.7483,2,LLLTLLLLILLGVLLAFLILI,0.1470599340759813,0.0391625097655606,D,17,-75.20565323347405,-81.72380143864592,-71.31027599851069,-78.85247401518325,-76.98018880388898,-83.03183204515798,-27.972700000000003,0.0,17.96799999999999,663.04,-0.04218855574324325,0.0,0.027099420849420835,-0.015089587355212358
TLLLIVLLGFLLAIL,Mutant,clash,7.0,LLLTLLLGVLLGFLLAILILI,0.9720430268736072,LLLTLLLIVLLGFLLAILILI_2,110011001100110000,1,-44.9524,-46.2509,-44.9524,-225.441,-225.447,-246.018,-353.148,4631.31,3978.58,3597.75,-10.0035,31877.1,-92.7587,31795.7,-62.1779,-72.7142,40.1807,-48.3906,8.94754,2.83151,1.93422,24893.7,-83.081,35.995,-42.847,31827.8,7.4247,3.82147,2.86139,2,LLLTLLLIVLLGFLLAILILI,0.3639606484800526,0.0501151858642007,D,15,-93.03073966772192,-94.09363814955375,-90.8783302364379,-92.26949780389944,-92.77751746266624,-93.87903546572235,-30.580800000000004,0.0,20.576999999999998,652.7300000000005,-0.046850612044796444,0.0,0.031524520092534404,-0.01532563234415454
GYLLAALLITLLFLL,Mutant,clash,,LLLGYLLAALLGTLLFLLILI,0.0625856297067925,LLLGYLLAALLITLLFLLILI_2,110011001100110000,1,-62.1812,-51.3798,-58.7134,-235.328,-232.635,-250.121,-351.514,4647.26,3873.7,3669.03,-9.97276,74392.5,-63.9773,74325.0,-42.6792,-67.6228,57.6679,-40.7927,9.60124,4.42859,3.79361,67518.8,-59.0686,58.4114,-43.8449,74041.0,7.0021,3.24583,2.622,2,LLLGYLLAALLITLLFLLILI,0.2959341051879967,0.045063352631329,D,14,-86.38706110536901,-89.88411833175056,-83.32934139852462,-87.61190283379429,-86.54079910128621,-89.99836224238955,-21.298099999999998,-3.467799999999997,14.793000000000006,773.5600000000004,-0.027532576658565577,-0.00448291018149852,0.01912327421273075,-0.012892031645896885
TFLLGLLLGVLLLIL,Mutant,clash,,LLLTFLLGLLLGVLLAILILI,0.3480393293198465,LLLTFLLGLLLGVLLLILILI_0,110011001100110000,1,-48.9337,-52.4404,-44.9175,-229.931,-227.744,-246.618,-355.662,4624.46,3707.86,3509.29,-9.91397,3135.19,-86.711,3059.71,-64.1259,-56.8729,64.6239,-48.2817,7.73437,3.75516,3.22452,2670.66,-66.0595,53.2865,-42.9639,2779.52,7.0854,3.6026,2.9019,0,LLLTFLLGLLLGVLLLILILI,1.0636834226897596,0.1026719636028042,D,17,-79.374092352402,-85.9863578034015,-71.42829628294382,-80.58782965196313,-76.35816242639221,-83.93727644440312,-22.585099999999997,-4.016200000000005,16.686999999999983,916.5999999999999,-0.024640082915121098,-0.004381627754745806,0.018205324023565336,-0.010816026620117828
ALLLGFLLITLLGVL,Mutant,clash,11.0,LLLALLLGFLLGTLLGVLILI,1.025487032650223,LLLALLLGFLLITLLGVLILI_1,110011001100110000,1,-58.6723,-45.8428,-58.6723,-228.292,-219.36,-237.991,-351.186,4517.12,3992.63,3331.68,-9.89472,639938000000.0,-74.1165,639938000000.0,-54.5227,-85.2619,63.2101,-46.3156,10.651,7.82265,7.2708,14550100.0,-85.1121,47.6719,-35.0,7725860.0,7.4675,5.70252,4.9176,1,LLLALLLGFLLITLLGVLILI,0.2593446601267726,0.1054443517244721,D,14,-11.534807050123666,-24.57567356964078,-18.968776959992653,-30.91378412429832,-11.611871368576592,-24.641377651860104,-19.5938,0.0,9.699000000000012,524.4899999999998,-0.03735781425765984,0.0,0.01849224961391069,-0.018865412114625644
YTLLGALLGILLLVL,Mutant,clash,,LLLYTLLGALLGILLSVLILI,0.4976117269740079,LLLYTLLGALLGILLLVLILI_0,110011001100110000,1,-49.4671,-46.0595,-44.9848,-222.693,-223.812,-247.605,-349.915,4661.18,3835.58,3688.61,-9.89447,41.7281,-87.6504,-38.3156,-57.3254,-59.3764,73.9109,-41.8362,7.4575,5.38443,4.9931,44.5807,-64.0853,70.854,-39.869,-308.187,7.1308,5.67809,5.2409,0,LLLYTLLGALLGILLLVLILI,0.1203258981625158,0.0469492581767303,D,17,456.7590861801526,429.7252367989984,99.75427255230136,90.05505604831852,420.1439557035019,394.8879810745466,-30.325000000000003,-4.482300000000002,24.911999999999978,825.6000000000004,-0.036730862403100764,-0.005429142441860465,0.030174418604651122,-0.011984580910852707
GYLLLSLLGILLTLL,Mutant,clash,,LLLGYLLASLLGILLTLLILI,0.2881648838407846,LLLGYLLLSLLGILLTLLILI_0,110011001100110000,1,-72.4145,-78.4928,-74.16,-228.506,-229.663,-247.923,-380.776,4577.57,3843.41,3659.0,-9.82079,14612.5,-89.676,14539.8,-58.6934,-63.9895,46.1273,-44.9615,8.0892,2.3256,1.51751,10977.6,-70.3334,49.8546,-39.6684,14231.7,7.175,3.78038,3.0282,0,LLLGYLLLSLLGILLTLLILI,0.2176254526041524,0.0775349554000685,D,16,-96.11776504754972,-95.5392294336006,-94.95063207991834,-94.19816881958536,-96.83268217850612,-96.36068442904654,-30.982600000000005,1.7454999999999927,19.417,734.1599999999999,-0.042201427481747864,0.002377547128691284,0.026447913261414414,-0.013376906941266212
LVLLATLLGGLLLIL,Mutant,clash,,LLLLVLLATLLGGLLSILILI,0.0015257748531503,LLLLVLLATLLGGLLLILILI_2,110011001100110000,1,-58.7102,-63.2361,-58.7102,-225.162,-216.378,-236.586,-366.759,4545.86,3927.63,3775.23,-9.77144,505.709,-92.6583,418.565,-71.4625,-44.3044,76.1721,-51.9768,7.68928,3.42889,3.07147,422.117,-44.4117,60.8723,-41.0381,138.95,6.9287,1.37952,0.792605,2,LLLLVLLATLLGGLLLILILI,0.2529961286508068,0.0887164390093361,D,16,-22.028669303810585,-33.29319793454408,-23.358539509407404,-34.43094161270642,-16.683236061965637,-28.72002015196604,-21.19579999999999,0.0,11.424000000000007,618.2299999999996,-0.03428465134335119,0.0,0.0184785597593129,-0.015805509276482874
VYLLATLLIALLFLL,Mutant,clash,,LLLVYLLATLLGALLFLLILI,0.0062788016324212,LLLVYLLATLLIALLFLLILI_2,110011001100110000,1,-58.8088,-64.4773,-58.8083,-237.116,-229.118,-246.238,-351.09,4701.34,3767.99,3668.26,-9.76541,18403600.0,-64.9307,18403600.0,-46.0433,-50.7098,87.5783,-35.3571,9.67802,5.92953,5.74321,18397100.0,-62.002,59.8313,-45.0,18403300.0,6.8024,3.87753,3.275,2,LLLVYLLATLLIALLFLLILI,0.2971959607308369,0.0719108870570151,D,15,-91.66877262257348,-92.0737928633456,-88.69201048068977,-89.24174516326113,-90.72093155789292,-91.17203082145951,-18.8874,-0.000499999999995282,9.121999999999986,933.3500000000004,-0.020236138640381412,-5.357047195535242e-07,0.009773396903626701,-0.010462752450849088
LVLLYTLLGALLIWL,Mutant,clash,,LLLLVLLYTLLGALLGWLILI,0.4632411407859509,LLLLVLLYTLLGALLIWLILI_2,110011001100110000,1,-58.7041,-67.2616,-58.7041,-236.263,-225.55,-247.407,-363.862,4565.02,4000.72,3791.4,-9.74128,33181.2,-78.6354,33110.1,-57.7503,-38.4279,86.2487,-46.961,7.92271,3.90776,3.70149,32366.3,-46.1899,62.4001,-40.6833,32817.3,6.738,1.8525,1.2885,2,LLLLVLLYTLLGALLIWLILI,0.1772632735068985,0.1410448096057868,D,14,-93.276049352683,-95.0218491319381,-90.91521699766672,-93.27398091369614,-93.01303418671256,-94.82712295896836,-20.8851,0.0,11.144000000000005,564.3000000000006,-0.03701063264221155,0.0,0.019748360800992366,-0.01726259082048554
TALLIALLGILLSLL,Mutant,clash,,LLLTALLAALLGILLSLLILI,0.127740778763011,LLLTALLIALLGILLSLLILI_0,110011001100110000,1,-60.4084,-70.1757,-60.2916,-225.583,-224.132,-241.385,-377.801,4492.94,3869.09,3666.7,-9.69104,364.121,-101.501,280.628,-76.1246,-53.9185,66.0084,-45.9264,7.69914,3.4989,2.98903,277.737,-59.0447,62.1286,-39.1953,-13.6804,7.0437,3.74407,3.176,0,LLLTALLIALLGILLSLLILI,0.3050552504606063,0.0496861636633337,D,15,-98.11554538980528,-98.45818265857451,-97.51391721743448,-97.96594435034828,-98.2383447091376,-98.55865423217335,-25.376400000000004,-0.1167999999999978,15.801999999999992,623.8499999999995,-0.040677085837941857,-0.00018722449306724035,0.025329806844594065,-0.015534247014506704
AILLGVLLILLLGFL,Mutant,clash,,LLLAILLGVLLGLLLGFLILI,0.9122084968913023,LLLAILLGVLLILLLGFLILI_0,110011001100110000,1,-44.9261,-51.7898,-44.9261,-237.281,-221.57,-238.685,-346.997,4537.06,4013.95,3484.28,-9.67048,34847500.0,-74.4595,34847500.0,-63.3853,-80.3274,58.2566,-42.0773,11.145,6.41374,5.78759,28085500.0,-83.7055,31.7125,-44.5563,34847200.0,7.4442,3.33701,2.3127,0,LLLAILLGVLLILLLGFLILI,0.2903682832048314,0.1395216869757564,D,14,-39.71102047324192,-44.51682774333381,-18.361374517886723,-24.869023228180733,37.35614798136169,26.4070959366564,-11.074200000000005,0.0,1.4039999999999964,523.1100000000006,-0.021169926019384055,0.0,0.0026839479268222647,-0.01848651335283208
AVLLFSLLGTLLIYL,Mutant,clash,,LLLAVLLFSLLGTLLGYLILI,0.2327486021988387,LLLAVLLFSLLGTLLIYLILI_0,110011001100110000,1,-74.0982,-76.7604,-74.0982,-233.815,-230.63,-244.558,-357.382,4554.57,3863.17,3781.41,-9.65048,139.821,-59.1193,89.8286,-38.7264,-42.2603,77.7809,-38.6975,7.53283,3.33948,3.00619,112.731,-52.2786,59.5607,-37.5707,-217.561,6.5337,2.38249,1.7759,0,LLLAVLLFSLLGTLLIYLILI,0.1825499610039226,0.0666767002285927,D,14,74.10146091650783,54.43144329325334,24.623315081568027,10.543348198932804,55.00940560241988,37.49641217939512,-20.392900000000004,0.0,10.742999999999995,691.3999999999996,-0.02949508244142322,0.0,0.015538038761932313,-0.013957882557130466
LFLLGVLLGILLLTL,Mutant,clash,,LLLLFLLGVLLGILLATLILI,0.7604064219998378,LLLLFLLGVLLGILLLTLILI_2,110011001100110000,1,-58.7587,-68.6783,-58.7587,-225.934,-217.895,-242.076,-356.736,4670.22,4007.17,3515.96,-9.61958,9503.86,-81.6629,9433.69,-55.9023,-72.534,59.0377,-55.4169,8.47069,5.35019,4.73575,7381.11,-76.1397,46.3109,-45.0,9147.12,6.7451,4.17293,3.36759,2,LLLLFLLGVLLGILLLTLILI,0.5561338601479587,0.0548206743082349,D,16,-58.5027255572423,-65.2615215820808,-56.76533683649976,-63.80710701173824,-59.13423777923663,-65.79017735499582,-25.760599999999997,0.0,16.141999999999996,663.0500000000002,-0.038851670311439546,0.0,0.024345072015685077,-0.014508076314003464
AALLFLLLGLLLLTL,Mutant,clash,,LLLAALLFLLLGLLLGTLILI,0.0647239699124649,LLLAALLFLLLGLLLLTLILI_1,110011001100110000,1,-51.6989,-45.0214,-58.7926,-229.811,-224.461,-241.557,-364.084,4641.26,3953.1,3572.72,-9.55009,3092.34,-92.124,2997.74,-63.7344,-49.4032,69.7291,-42.4406,8.40505,3.32391,2.86985,3076.3,-42.6543,63.6897,-38.1137,4587.68,6.7933,1.49625,0.951595,1,LLLAALLFLLLGLLLLTLILI,0.3189086117498419,0.0873701998627526,D,16,15.595637583751463,-7.169340163509226,-7.367888169404785,-25.61051400359699,-0.0821786799865895,-19.7596252207945,-28.389599999999994,7.093699999999998,11.745999999999981,688.1600000000003,-0.04125435945129037,0.010308213206231102,0.01706870495233663,-0.013877717391304343
TFLLLILLGLLLGVL,Mutant,clash,,LLLTFLLGILLGLLLGVLILI,1.0539158547346714,LLLTFLLLILLGLLLGVLILI_0,110011001100110000,1,-44.9552,-53.2956,-44.9552,-224.683,-227.758,-245.492,-354.016,4635.02,3615.28,3480.73,-9.52632,90373.8,-93.9042,90300.9,-63.5689,-89.5145,32.376,-43.0794,8.95638,4.29794,3.28358,86848.0,-80.9864,40.2503,-44.8665,90019.8,6.9244,4.08175,3.1855,0,LLLTFLLLILLGLLLGVLILI,0.293514129946981,0.0429553529882125,D,17,-46.19162429703863,-55.04612875788485,-43.60280057926699,-52.8833121599693,-47.828466402291056,-56.41361826638419,-30.335300000000004,0.0,20.808999999999997,1019.7400000000002,-0.029748073038225426,0.0,0.02040618196795261,-0.009341910683115302
AYLLGVLLILLLGFL,Mutant,clash,11.0,LLLAYLLGVLLGLLLGFLILI,1.0104266993992082,LLLAYLLGVLLILLLGFLILI_1,110011001100110000,1,-44.9669,-47.0816,-44.9116,-238.967,-232.919,-244.273,-337.565,4634.86,4056.69,3386.81,-9.49851,26204800.0,-63.1296,26204700.0,-48.3808,-75.7635,62.2989,-41.7246,10.5037,6.27488,5.70936,17898200.0,-78.3342,38.1851,-39.2997,26045900.0,6.6883,3.40512,2.4779,1,LLLAYLLGVLLILLLGFLILI,0.2272796126781686,0.0825522190744971,D,14,-69.71158701845495,-72.6508098587509,-58.92792367430541,-62.91360575373346,-62.17828326074778,-65.84854666368501,-14.748800000000003,-0.05530000000000257,5.305999999999983,578.1699999999996,-0.025509452237231285,-9.564660912880745e-05,0.009177231610080057,-0.01642857637027173
AVLLGFLLGTLLLLL,Mutant,clash,,LLLAVLLGFLLGTLLGLLILI,0.5594298470742288,LLLAVLLGFLLGTLLLLLILI_2,110011001100110000,1,-55.1696,-66.2014,-58.7162,-229.743,-213.54,-238.595,-352.265,4606.97,3752.9,3418.12,-9.48419,48986.4,-76.8366,48913.9,-54.9538,-78.3172,66.9818,-47.0392,9.06617,7.29012,6.79485,48481.1,-77.6262,50.1878,-35.0,48634.2,7.3742,4.91928,4.1721,2,LLLAVLLGFLLGTLLLLLILI,0.7789483207857714,0.0935799334210161,D,16,-64.32213306364055,-70.2887365630212,-57.4186326774951,-64.53974604809156,-61.96078201544075,-68.32228707809554,-21.882800000000003,3.546599999999998,8.852000000000004,854.0700000000002,-0.02562178744131043,0.0041525870244827675,0.010364490030091213,-0.011104698678094299
GYLLATLLIFLLSLL,Mutant,clash,,LLLGYLLATLLGFLLSLLILI,0.7263335158648314,LLLGYLLATLLIFLLSLLILI_2,110011001100110000,1,-77.1221,-68.13,-74.0937,-237.982,-230.956,-251.975,-368.77,4632.14,3975.39,3717.32,-9.42088,5164.6,-63.087,5094.92,-42.7013,-83.6706,62.9004,-40.3143,9.65293,7.54215,6.98565,4557.61,-78.9601,51.8199,-41.3257,4795.83,7.4908,5.3397,4.617,2,LLLGYLLATLLIFLLSLLILI,0.3404791050277009,0.0331779941610825,D,14,-96.6309703132365,-96.48991608054804,-95.25916716185284,-95.06067839788724,-96.10536040024954,-95.9422999788768,-20.3857,-3.028400000000005,13.992999999999995,656.7500000000005,-0.031040274076893772,-0.004611191473163309,0.021306433193757114,-0.014344697373429758
TALLGVLLGLLLIFL,Mutant,clash,,LLLTALLGVLLGLLLGFLILI,0.9564742554101516,LLLTALLGVLLGLLLIFLILI_2,110011001100110000,1,-44.9633,-53.4048,-44.9633,-233.872,-223.817,-244.009,-350.258,4516.82,3804.92,3553.57,-9.29499,2697.84,-80.7186,2624.81,-61.2863,-72.1238,62.5508,-43.6703,8.48354,5.76293,5.2012,1976.3,-73.5676,38.1677,-45.0,2347.58,6.5,2.68778,1.7603,2,LLLTALLGVLLGLLLIFLILI,0.2687202341366748,0.0574987276784228,D,15,-14.312857592073224,-20.86901558456761,-18.181179535477817,-24.44136161940406,-11.64021903413297,-18.40086792398125,-19.432299999999998,0.0,10.136999999999972,711.8999999999996,-0.027296389942407653,0.0,0.014239359460598367,-0.013056595027391494
FVLLILLLGALLITL,Mutant,clash,,LLLFVLLILLLGALLGTLILI,-0.0432931626132775,LLLFVLLILLLGALLITLILI_2,110011001100110000,1,-58.7747,-54.1509,-58.7747,-233.602,-221.685,-241.415,-359.35,4673.67,3946.65,3629.74,-9.2013,68119.8,-76.1748,68036.3,-59.1604,-45.8733,76.5922,-44.2535,8.99336,3.72094,3.36983,55636.0,-48.7389,54.7657,-43.6502,67760.5,6.8404,1.20421,0.525696,2,LLLFVLLILLLGALLITLILI,0.2501286948772014,0.1145870179232924,D,14,-42.63991505578689,-52.14513810900054,-43.5269425065764,-52.88517495156,-42.99936098150351,-52.44501972788554,-17.014400000000002,0.0,7.812999999999988,727.02,-0.023402932519050373,0.0,0.010746609446782742,-0.012656185524469753
AVLLYTLLGLLLLFL,Mutant,clash,,LLLAVLLYTLLGLLLGFLILI,0.1795926632809901,LLLAVLLYTLLGLLLLFLILI_1,110011001100110000,1,-58.7988,-58.7988,-58.7988,-235.655,-230.42,-248.528,-357.637,4615.95,4044.01,3739.58,-9.13349,804.844,-72.3174,736.426,-50.3106,-52.8375,71.6954,-41.5516,8.98792,4.1045,3.67993,785.672,-49.156,60.31,-42.3523,436.429,7.5,2.01525,1.4199,1,LLLAVLLYTLLGLLLLFLILI,0.2434957768631737,0.1002429652373493,D,16,-91.08665682508963,-90.74229192950467,-88.15437890690583,-87.6967261507161,-91.90854489635572,-91.59593345110808,-22.006800000000005,0.0,12.87299999999999,571.9399999999996,-0.038477462670909575,0.0,0.022507605692904848,-0.01596931496310803
TFLLVALLILLLGYL,Mutant,clash,,LLLTFLLVALLGLLLGYLILI,0.154136175067321,LLLTFLLVALLILLLGYLILI_0,110011001100110000,1,-44.9273,-57.0236,-44.9273,-236.76,-231.089,-250.336,-345.198,4714.04,4028.78,3602.26,-8.98014,116830.0,-72.4913,116773.0,-49.9353,-46.2643,80.8411,-45.2134,9.39823,4.35319,4.06581,91740.0,-47.754,68.368,-44.8299,116485.0,7.2266,2.89278,2.4183,0,LLLTFLLVALLILLLGYLILI,0.1593074635318561,0.0574743601132079,D,15,5.408932244782448,-4.212408176196409,-10.744520888345187,-18.89143340024292,1.6268089523039833,-7.649313137209897,-22.555999999999997,0.0,13.576000000000022,685.2599999999998,-0.03291597349910983,0.0,0.01981145842453963,-0.013104719376586993
LALLFALLGILLLTL,Mutant,clash,,LLLLALLFALLGILLSTLILI,0.052336296987191,LLLLALLFALLGILLLTLILI_0,110011001100110000,1,-55.8448,-56.2232,-58.8467,-233.435,-221.664,-239.383,-359.298,4579.68,3670.5,3672.2,-8.94908,25.0021,-78.9674,-56.4094,-61.0682,-60.7741,76.8347,-40.1854,7.14822,5.98881,5.64133,26.7703,-54.9267,67.0486,-40.0719,-334.296,7.1275,3.79057,3.2963,0,LLLLALLFALLGILLLTLILI,0.2571994179640686,0.113403168816955,D,16,-27.939799736867283,-39.80762093105248,-28.326702909031383,-40.13080380199705,-42.32720857419877,-51.825522121921765,-17.8992,3.001899999999999,5.9480000000000075,909.1800000000003,-0.019687190655315774,0.003301766426890163,0.0065421588684309,-0.009843023383708394
AYLLGTLLILLLGFL,Mutant,clash,11.0,LLLAYLLGTLLGLLLGFLILI,0.9012860132922066,LLLAYLLGTLLILLLGFLILI_2,110011001100110000,1,-58.6855,-70.1076,-58.6855,-241.112,-222.264,-245.724,-345.633,4624.25,3943.19,3437.01,-8.88274,10537200.0,-54.7182,10537200.0,-41.2232,-88.0423,67.7373,-39.3546,9.04499,8.85088,8.36694,10057500.0,-81.8261,48.1246,-38.4583,10536900.0,6.5,5.27073,4.4926,2,LLLAYLLGTLLILLLGFLILI,0.2390659497350639,0.073639901891837,D,14,-72.38982015551927,-76.40426448342892,-67.22539187401004,-71.99072989179709,-70.14102692593161,-74.48243961391749,-13.495000000000005,0.0,4.611999999999995,681.06,-0.019814700613749164,0.0,0.0067717969048248245,-0.013042521951076264
ALLLGFLLGILLLTL,Mutant,clash,,LLLALLLGFLLGILLGTLILI,0.2719264443263157,LLLALLLGFLLGILLLTLILI_2,110011001100110000,1,-58.7265,-72.2184,-58.7265,-231.642,-218.514,-239.467,-358.139,4536.69,3789.24,3408.74,-8.87397,800847.0,-76.6436,800780.0,-59.9447,-67.6948,69.5544,-46.5029,9.00079,6.04407,5.58738,795565.0,-68.1464,52.7276,-38.529,800489.0,6.6534,3.84019,3.1311,2,LLLALLLGFLLGILLLTLILI,0.8982237165302912,0.0531872284738942,D,16,-74.39960328178945,-79.27352105248987,-69.33338538441348,-75.17183232675352,-74.2532898900214,-79.15506345717995,-16.69890000000001,0.0,7.825000000000017,747.4499999999998,-0.022341159943808968,0.0,0.010468927687470759,-0.0118723259080875
TFLLIVLLGLLLGAL,Mutant,clash,,LLLTFLLGVLLGLLLGALILI,1.0927604784294616,LLLTFLLIVLLGLLLGALILI_0,110011001100110000,1,-44.8802,-52.8959,-44.8802,-221.994,-216.794,-241.192,-344.719,4611.39,3718.41,3519.17,-8.85824,139914.0,-86.7025,139839.0,-58.6462,-86.3115,32.4671,-33.401,9.68119,3.82978,2.81679,88637.4,-80.3909,36.9211,-40.9331,139569.0,7.1519,3.54298,2.5968,0,LLLTFLLIVLLGLLLGALILI,0.2910999112549379,0.0638675544147701,D,15,-37.21146736740484,-42.38535066661689,-38.60101174851248,-43.66039419596876,-38.16233553302651,-43.25786565665712,-28.0563,0.0,19.198000000000008,892.9800000000005,-0.03141873278236913,0.0,0.02149880176487715,-0.009919863826737436
VFLLITLLGLLLSIL,Mutant,clash,,LLLVFLLATLLGLLLSILILI,0.4901243921262197,LLLVFLLITLLGLLLSILILI_0,110011001100110000,1,-74.0732,-70.4621,-74.0732,-235.422,-220.307,-245.203,-375.217,4622.22,3951.77,3685.83,-8.81172,925.816,-74.5335,841.368,-55.9411,-85.3122,47.8527,-43.9884,8.87985,5.75695,4.97474,863.3,-78.5324,48.359,-40.7581,550.599,7.3267,4.80832,4.0337,0,LLLVFLLITLLGLLLSILILI,0.2711191534221066,0.1388757391163763,D,15,-87.40741909435337,-90.25065363817345,-83.12138943063225,-86.93235153459567,-87.01817596586669,-89.94929634636712,-18.592400000000005,0.0,9.781000000000006,670.4500000000003,-0.027731225296442685,0.0,0.014588709075993739,-0.013142993511820413
AFLLGVLLGILLLLL,Mutant,clash,,LLLAFLLGVLLGILLGLLILI,0.1861855345924066,LLLAFLLGVLLGILLLLLILI_0,110011001100110000,1,-48.3951,-53.503,-44.9468,-222.273,-221.982,-239.845,-349.054,4614.35,3846.62,3671.85,-8.80201,21076.3,-87.1872,21002.7,-64.262,-59.1053,45.8497,-56.1461,7.98144,1.55551,0.74325,5050.58,-69.6978,38.4736,-44.8571,20727.3,6.5368,2.1486,1.2257,0,LLLAFLLGVLLGILLLLLILI,1.2528558014459945,0.1386644788097107,D,16,-94.5121322405138,-95.16611561401145,-91.37262901209034,-92.40074365157597,-92.44486870044445,-93.34520567484768,-22.925200000000004,-3.448299999999996,17.572000000000003,767.7300000000005,-0.02986101884777199,-0.0044915530199418985,0.022888254985476655,-0.011464981178278814
TLLLGILLIVLLAFL,Mutant,clash,,LLLTLLLGILLGVLLAFLILI,1.1776874876300776,LLLTLLLGILLIVLLAFLILI_0,110011001100110000,1,-44.9405,-49.5115,-44.9405,-238.625,-231.806,-247.352,-354.61,4615.57,4057.0,3588.0,-8.75612,2001560.0,-79.8003,2001480.0,-62.3174,-77.0546,54.7982,-34.4287,9.76256,5.45596,4.77793,1993030.0,-68.9044,49.4176,-45.0,2001200.0,6.5,3.50704,2.7483,0,LLLTLLLGILLIVLLAFLILI,0.3143884791931253,0.0294182879471139,D,15,-46.69754301225287,-55.35144671695858,-36.13623673843852,-46.504818014395845,-41.43411967300625,-50.94256482493664,-17.482899999999994,0.0,8.727000000000004,558.5699999999997,-0.03129938951250515,0.0,0.015623825124872457,-0.015675958250532616
AFLLGVLLILLLGYL,Mutant,clash,,LLLAFLLGVLLGLLLGYLILI,1.1323876421984604,LLLAFLLGVLLILLLGYLILI_1,110011001100110000,1,-44.9328,-44.9328,-44.9328,-231.588,-234.074,-242.816,-335.097,4653.36,4074.62,3470.93,-8.69725,152316.0,-67.2735,152260.0,-47.3482,-60.6653,68.5918,-33.801,9.70961,4.85969,4.38857,147896.0,-69.605,42.1044,-35.8969,165122.0,6.5663,2.62484,1.75641,1,LLLAFLLGVLLILLLGYLILI,0.3757133746454451,0.0715311466706679,D,14,-13.25937414500238,-23.16250256523956,-16.31603997050057,-25.8701905742961,0.8024250374111842,-10.706131078907164,-19.9253,0.0,11.228000000000009,578.7399999999998,-0.03442875902823376,0.0,0.01940076718388225,-0.015027905449770196
VFLLITLLGLLLAIL,Mutant,clash,7.0,LLLVFLLGTLLGLLLAILILI,1.2481461741386797,LLLVFLLITLLGLLLAILILI_0,110011001100110000,1,-58.7524,-52.2452,-58.7524,-231.112,-215.728,-243.156,-360.268,4631.52,3830.87,3589.12,-8.65178,451550.0,-79.0558,451457.0,-58.3591,-83.9373,60.694,-41.813,9.59875,7.28428,6.69469,432713.0,-81.7774,50.2073,-43.0207,451189.0,6.749,5.54459,4.7977,0,LLLVFLLITLLGLLLAILILI,0.3852528815992209,0.043095936703396,D,15,-64.63976005730446,-70.00681028611918,-60.95192242011268,-66.87872025998993,-65.86377807439557,-71.04504432127611,-20.696700000000007,0.0,12.044000000000011,800.6500000000005,-0.02584987197901704,0.0,0.015042777743083748,-0.010805945169549734
ALLLIILLGFLLGTL,Mutant,clash,,LLLALLLGILLGFLLGTLILI,1.199569954466616,LLLALLLIILLGFLLGTLILI_2,110011001100110000,1,-58.6933,-65.9226,-58.6933,-220.026,-218.13,-239.416,-352.328,4601.13,4003.64,3533.04,-8.63548,54081.7,-82.2438,54013.4,-54.2186,-72.8237,46.651,-54.7919,8.67543,3.72144,2.92121,51280.5,-79.2928,46.8705,-41.4445,53729.3,6.9265,4.72144,3.9245,2,LLLALLLIILLGFLLGTLILI,0.1881909107039729,0.0570358485913938,D,14,-57.69059470940233,-63.28219013542067,-51.25158827449947,-57.69416042028529,-57.719924018636135,-63.3076432939444,-28.02519999999999,0.0,19.389999999999986,597.4900000000002,-0.04690488543741315,0.0,0.03245242598202477,-0.014452928082478361
AYLLILLLGVLLGTL,Mutant,clash,7.0,LLLAYLLGLLLGVLLGTLILI,0.6181166959285228,LLLAYLLILLLGVLLGTLILI_1,110011001100110000,1,-58.7113,-58.7113,-58.7113,-224.096,-209.752,-241.586,-355.041,4593.75,3808.14,3438.77,-8.58715,28490.5,-80.8212,28403.9,-54.7433,-71.0028,54.8977,-45.3436,9.00304,4.56161,3.88508,27649.2,-78.1031,43.7429,-35.0,47828.6,7.2077,4.12076,3.2769,1,LLLAYLLILLLGVLLGTLILI,0.5428038569456012,0.0606126099762476,D,14,-90.9530039249382,-91.45591612017682,-88.1893584039937,-88.84589850226976,-91.1231093947822,-91.61656562092882,-26.077900000000007,0.0,17.49000000000001,785.6100000000001,-0.03319446035564721,0.0,0.022262954901286908,-0.010930550782194725
TVLLGLLLGALLLFL,Mutant,clash,,LLLTVLLGLLLGALLSFLILI,0.3285634591495421,LLLTVLLGLLLGALLLFLILI_1,110011001100110000,1,-44.9143,-44.9143,-44.9143,-226.163,-223.418,-241.042,-349.497,4592.56,3687.73,3667.78,-8.58126,127948.0,-87.0005,127867.0,-63.5406,-113.732,25.7464,-34.1149,8.42581,7.03556,5.92175,121721.0,-101.046,32.942,-43.0962,127587.0,7.3877,6.10407,5.0982,1,LLLTVLLGLLLGALLLFLILI,0.2856636883473381,0.0891260446186116,D,17,-16.306075979674773,-24.018523793537955,-22.667468940006376,-29.79371038579296,-26.588836171550668,-33.35372115704111,-23.459900000000005,0.0,14.87899999999999,904.8300000000004,-0.025927411779008206,0.0,0.016443972900986908,-0.009483836742813563
TYLLFALLGLLLIVL,Mutant,clash,,LLLTYLLFALLGLLLGVLILI,0.3918225215001696,LLLTYLLFALLGLLLIVLILI_1,110011001100110000,1,-44.9405,-61.1538,-44.9405,-237.832,-231.515,-250.362,-345.197,4629.76,3929.55,3629.92,-8.51242,2380.81,-70.9367,2328.29,-49.8938,-64.0279,63.1423,-48.7353,9.51058,4.6284,4.07553,2202.32,-51.1957,62.3629,-45.0,2010.37,6.503,2.59835,2.03379,1,LLLTYLLFALLGLLLIVLILI,0.2843773536668482,0.0360415605674127,D,15,-40.45963484934296,-47.88960648145227,-38.79622538609163,-46.433771914546746,-43.38861799304072,-50.453085288494805,-21.042900000000003,0.0,12.530000000000001,700.21,-0.030052270033275735,0.0,0.017894631610516847,-0.012156952914125762
AFLLGLLLGTLLIIL,Mutant,clash,,LLLAFLLGLLLGTLLGILILI,0.3606062269832317,LLLAFLLGLLLGTLLIILILI_0,110011001100110000,1,-58.7594,-55.8162,-58.7594,-235.864,-220.513,-240.42,-353.386,4549.98,4090.46,3490.33,-8.45804,87685.0,-67.2203,87607.9,-54.206,-90.8994,53.4037,-41.5493,10.3562,7.34441,6.64547,71999.1,-87.7841,38.6606,-35.7467,87331.6,7.5,4.88679,3.9667,0,LLLAFLLGLLLGTLLIILILI,1.2783517469769654,0.0434397136708984,D,14,-92.0540045520128,-94.56370187985556,-86.48665063743928,-90.75476493569444,-89.85959351738089,-93.0623830507068,-13.014299999999992,0.0,4.555999999999983,459.5199999999995,-0.028321509401114216,0.0,0.009914693593314736,-0.01840625000000002
TVLLAILLGLLLIFL,Mutant,clash,,LLLTVLLAILLGLLLGFLILI,0.1801937333672711,LLLTVLLAILLGLLLIFLILI_1,110011001100110000,1,-44.91,-44.91,-44.91,-235.661,-230.536,-246.094,-359.675,4547.68,3836.66,3577.55,-8.44555,941.569,-87.55,857.34,-68.6708,-60.7183,62.4567,-39.5313,8.77683,4.0394,3.47625,903.035,-63.1541,43.7872,-41.476,599.653,6.5,1.88439,1.0412,1,LLLTVLLAILLGLLLIFLILI,0.3298601752693513,0.0288384559197005,D,15,-26.323681640402523,-35.05753632583851,-29.97761623525858,-38.27832042550017,-21.999705790131827,-31.246140061253364,-18.879199999999997,0.0,10.432999999999993,711.0200000000004,-0.02655227701049195,0.0,0.014673286264802658,-0.01187807656606002
AVLLLLLLGLLLGFL,Mutant,clash,,LLLAVLLGLLLGLLLGFLILI,1.4337586173845476,LLLAVLLLLLLGLLLGFLILI_2,110011001100110000,1,-44.9261,-51.2036,-44.9261,-220.429,-220.402,-239.312,-353.6,4587.62,3941.0,3634.18,-8.43037,9633.26,-96.6751,9551.27,-69.3622,-67.7997,37.4969,-52.6901,8.16577,1.73205,0.7945,7723.3,-77.4724,32.2036,-43.8153,9279.66,7.0393,2.46835,1.4514,2,LLLAVLLLLLLGLLLGFLILI,0.2304494101312976,0.062099379269283,D,16,-27.98344688107277,-39.102718195622366,-31.124592136653963,-41.758874308811,-39.40038136602552,-48.75689139000091,-27.3129,0.0,18.88300000000001,646.6199999999999,-0.04223949150969658,0.0,0.029202622869691646,-0.01303759549658223
TFLLGLLLIVLLAIL,Mutant,clash,11.0,LLLTFLLGLLLGVLLAILILI,1.0034387274330745,LLLTFLLGLLLIVLLAILILI_2,110011001100110000,1,-44.9935,-49.5496,-44.9935,-238.085,-231.263,-248.059,-356.907,4618.57,4052.95,3559.95,-8.37907,32004.5,-82.2075,31928.4,-63.8543,-81.7552,56.7688,-32.0031,11.1132,6.42707,5.7786,22213.6,-75.4208,48.7219,-40.9997,31647.6,7.4067,4.39057,3.6214,2,LLLTFLLGLLLIVLLAILILI,0.4082840245765318,0.0618740534358091,D,15,-61.58388226457856,-67.09630626609669,-52.91511600173296,-59.67144277187468,-58.715270500681385,-64.63931871803649,-18.353199999999994,0.0,9.97399999999999,565.6199999999999,-0.032447933241398816,0.0,0.01763374703864784,-0.014813956366465122
TALLASLLGLLLLFL,Mutant,clash,,LLLTALLASLLGLLLGFLILI,0.3030495605273302,LLLTALLASLLGLLLLFLILI_1,110011001100110000,1,-60.2627,-60.2627,-60.2627,-231.437,-223.507,-245.111,-368.873,4560.72,3914.24,3615.72,-8.37029,648.788,-85.5439,563.685,-63.4993,-64.9401,65.2161,-41.133,8.17302,5.0452,4.52344,648.484,-57.4425,60.2182,-40.5871,283.898,6.8394,3.24583,2.6491,1,LLLTALLASLLGLLLLFLILI,0.2075394176696356,0.1171246190178145,D,17,17.23717064818323,7.216566935570573,4.004084691147983,-4.885448478417203,24.93247096429962,14.254127436822705,-22.044599999999996,0.0,13.673999999999978,646.4800000000005,-0.03409943076351933,0.0,0.02115146640267289,-0.012947484840985018
AYLLGLLLITLLGFL,Mutant,clash,,LLLAYLLGLLLGTLLGFLILI,0.7907267405411478,LLLAYLLGLLLITLLGFLILI_2,110011001100110000,1,-60.2305,-50.2442,-58.7122,-240.497,-221.009,-244.98,-344.994,4631.52,4079.89,3485.12,-8.22999,149292.0,-52.4962,149218.0,-41.3015,-87.3024,62.6105,-37.7176,10.9958,8.04778,7.48693,135080.0,-82.6456,43.881,-35.0,148947.0,7.5,4.82078,3.979,2,LLLAYLLGLLLITLLGFLILI,0.147122491946301,0.1288801270374174,D,14,-67.96125339293957,-69.1118610227937,-59.03485349278892,-60.50603495651392,-61.07752528050028,-62.47534826447407,-11.194700000000005,-1.5182999999999964,4.482999999999976,551.6300000000006,-0.0202938563892464,-0.002752388376266691,0.008126824139368728,-0.014919402498051217
AFLLILLLGVLLGTL,Mutant,clash,,LLLAFLLGLLLGVLLGTLILI,1.0762965982359347,LLLAFLLILLLGVLLGTLILI_0,110011001100110000,1,-58.7316,-68.8288,-58.7316,-222.654,-214.356,-238.948,-348.959,4573.1,3939.84,3385.6,-8.21586,135167.0,-75.7893,135102.0,-51.2797,-79.496,55.6446,-43.7079,9.36553,5.93642,5.27109,125430.0,-83.578,48.738,-35.1079,134818.0,6.9512,5.61633,4.8474,0,LLLAFLLILLLGVLLGTLILI,0.2930634317769779,0.1258592098613467,D,14,-73.75016026847359,-76.74322488453403,-67.22541973633963,-70.96244965715776,-72.4440961417429,-75.58608106985115,-24.5096,0.0,16.29400000000001,633.2600000000002,-0.03870384991946434,0.0,0.025730347724473367,-0.012973912768846914
TVLLILLLGALLSFL,Mutant,clash,,LLLTVLLGLLLGALLSFLILI,0.4486912690425355,LLLTVLLILLLGALLSFLILI_2,110011001100110000,1,-60.2903,-60.2903,-60.2903,-233.619,-230.27,-243.304,-365.694,4557.5,4080.93,3734.36,-8.19351,232327.0,-79.9781,232252.0,-62.0998,-96.3917,51.0494,-32.4185,10.2421,7.85043,7.11617,216564.0,-101.046,32.942,-43.0962,234022.0,7.3877,6.10407,5.0982,2,LLLTVLLILLLGALLSFLILI,0.1655358784543447,0.1248167129119008,D,15,-94.14227604612891,-94.81112220233472,-92.38274006083444,-93.25249341064269,-94.05216323736413,-94.73129864691164,-17.878299999999996,0.0,9.685000000000002,476.57000000000016,-0.03751453091885765,0.0,0.020322303124409843,-0.017192668443250722
ALLLGILLILLLGFL,Mutant,clash,,LLLALLLGILLGLLLGFLILI,1.1101635343384713,LLLALLLGILLILLLGFLILI_1,110011001100110000,1,-44.9506,-47.1252,-44.9506,-233.562,-231.063,-240.319,-353.57,4589.6,4059.22,3407.19,-8.16308,25732900.0,-83.2208,25732900.0,-68.3007,-74.8142,65.1633,-39.4047,10.4557,6.51918,5.99663,25583600.0,-80.9675,41.2498,-36.7766,25738500.0,6.7833,4.21385,3.3326,1,LLLALLLGILLILLLGFLILI,0.1696884702603102,0.1203586578666505,D,14,-12.955831136445076,-26.469692228117424,-10.308152811352272,-24.233073685292435,0.5899536330702138,-15.026930052107137,-14.92009999999999,0.0,6.756999999999977,530.3800000000006,-0.028130962705984343,0.0,0.01273992231984609,-0.015391002677325676
YGLLFVLLILLLATL,Mutant,clash,,LLLYGLLFVLLGLLLATLILI,0.0324923131333877,LLLYGLLFVLLILLLATLILI_0,110011001100110000,1,-58.7786,-60.9714,-58.7786,-244.177,-232.943,-250.959,-351.024,4711.65,4116.28,3754.36,-8.07582,444105.0,-56.1445,444047.0,-41.2863,-71.1456,58.3754,-35.4081,9.52914,5.05252,4.42816,422849.0,-69.9791,45.3649,-42.8506,443753.0,6.8462,3.12113,2.3016,0,LLLYGLLFVLLILLLATLILI,0.1766295454799816,0.0602189568721669,D,15,-7.443667731835964,-18.798298035317355,-24.54041760696171,-33.797651984460444,-12.22365876755547,-22.991889094563085,-14.858200000000004,0.0,6.782000000000011,595.3699999999999,-0.024956245695953786,0.0,0.01139123570216842,-0.013564371735223478
TALLGVLLGLLLLFL,Mutant,clash,,LLLTALLGVLLGLLLGFLILI,0.9936767826553152,LLLTALLGVLLGLLLLFLILI_1,110011001100110000,1,-44.9633,-47.4364,-44.9633,-232.056,-223.885,-243.886,-353.404,4554.0,3920.8,3572.22,-8.06553,5182260.0,-84.4507,5182180.0,-64.555,-74.9563,55.4801,-49.7798,8.12361,5.23326,4.56546,23737.9,-73.5676,38.1677,-45.0,20565.9,6.5,2.68778,1.7603,1,LLLTALLGVLLGLLLLFLILI,0.231517706891511,0.1407121673771205,D,17,-17.154255151713517,-23.908589973926592,-17.30211652386621,-24.04439634896845,-14.460780164660529,-21.43471144208235,-19.89569999999999,0.0,11.829999999999984,633.1999999999998,-0.0314208780795957,0.0,0.018682880606443443,-0.012737728995578021
AYLLLVLLGFLLGLL,Mutant,clash,,LLLAYLLGVLLGFLLGLLILI,0.7346825021536637,LLLAYLLLVLLGFLLGLLILI_0,110011001100110000,1,-44.8823,-56.2413,-44.8823,-223.959,-220.843,-243.445,-336.981,4681.45,3965.3,3565.35,-8.00034,348392.0,-76.1399,348332.0,-48.654,-69.5602,51.528,-53.0129,8.92353,3.8903,3.16322,340206.0,-79.0932,48.1108,-39.972,348055.0,7.1758,4.85894,4.0806,0,LLLAYLLLVLLGFLLGLLILI,0.5990736675995237,0.1228397290374984,D,16,-90.82204396286102,-92.06637998762956,-96.9375597461507,-97.3527616403574,-99.93574480421384,-99.94445644486366,-27.485899999999994,0.0,19.48599999999999,716.1499999999996,-0.03838008797039728,0.0,0.027209383509041403,-0.011171318857781196
AFLLITLLGVLLGLL,Mutant,clash,7.0,LLLAFLLGTLLGVLLGLLILI,1.005187382973799,LLLAFLLITLLGVLLGLLILI_1,110011001100110000,1,-58.6867,-55.5567,-58.6867,-230.179,-227.425,-234.96,-346.895,4558.44,4109.29,3500.59,-7.95335,67884700000000.0,-65.9832,67884700000000.0,-53.2484,-95.3893,41.7466,-37.4781,10.7973,6.44417,5.57037,21903900.0,-94.1397,39.8563,-36.5769,39388000.0,6.9528,6.00156,5.0994,1,LLLAFLLITLLGVLLGLLILI,0.396748851505968,0.0717158608291869,D,14,-77.45765459395606,-79.97653696664193,-72.85300599245926,-75.88641194225316,-78.04990288775616,-80.50260741778035,-12.7348,0.0,4.781000000000006,449.14999999999964,-0.028353111432706246,0.0,0.0106445508182122,-0.017707558722030517
TVLLLLLLGYLLGFL,Mutant,clash,,LLLTVLLGLLLGYLLGFLILI,0.3350756683051413,LLLTVLLLLLLGYLLGFLILI_2,110011001100110000,1,-44.9428,-44.9428,-44.9428,-225.615,-226.472,-247.365,-346.781,4615.96,3896.09,3644.94,-7.84979,11129.1,-84.0732,11053.7,-54.4733,-70.2312,39.3065,-55.9826,7.86255,2.34106,1.43065,8169.1,-83.8172,29.6508,-43.9093,13853.0,7.5,3.07544,2.0202,2,LLLTVLLLLLLGYLLGFLILI,0.2894736343846231,0.0950110806193708,D,17,-56.08543176645724,-58.317929214764064,-53.60344496704521,-55.96211988718668,-60.7934973038041,-62.78664947965622,-29.599899999999998,0.0,21.75,719.8699999999999,-0.04111839637712365,0.0,0.03021378860071958,-0.010904454971036438
TLLLGLLLGVLLLIL,Mutant,clash,,LLLTLLLGLLLGVLLGILILI,0.8858958699541808,LLLTLLLGLLLGVLLLILILI_1,110011001100110000,1,-44.9695,-52.6744,-44.9695,-230.694,-208.792,-242.81,-373.138,4615.71,3659.45,3478.81,-7.67027,138054000.0,-105.144,138054000.0,-85.3582,-75.1948,62.6958,-44.0475,7.92537,6.24315,5.68358,4219760.0,-85.5673,40.094,-37.7266,4220450.0,7.033,4.74779,3.8492,1,LLLTLLLGLLLGVLLLILILI,0.3709086610755912,0.0672511076403044,D,17,-19.453517425248787,-25.587349621599483,-21.90572488674743,-27.852814861729087,-25.342838892193807,-31.028183352347188,-19.78580000000001,0.0,12.116000000000014,956.2600000000002,-0.02069081630518897,0.0,0.012670194298621726,-0.008021113504695374
AVLLGSLLIILLTLL,Mutant,clash,,LLLAVLLGSLLGILLTLLILI,1.3760889879123848,LLLAVLLGSLLIILLTLLILI_1,110011001100110000,1,-74.0355,-56.4815,-74.0355,-231.434,-228.679,-240.857,-385.589,4491.79,3784.42,3553.99,-7.64524,11864.9,-87.765,11764.4,-70.6964,-78.3786,62.1384,-40.4311,9.36427,6.64548,6.07756,11244.9,-69.2457,60.3937,-41.8114,11477.5,6.8012,5.04,4.4459,1,LLLAVLLGSLLIILLTLLILI,0.1020765898793362,0.0180069920527656,D,14,-33.01846623987002,-40.9855428199963,-32.03714665708995,-40.12094568035384,-32.13386831491497,-40.206162841169146,-17.068600000000004,0.0,9.423000000000002,707.3699999999999,-0.024129663401048964,0.0,0.013321175622375848,-0.010807978851237686
GALLALLLLTLLSFL,Mutant,clash,,LLLGALLALLLGTLLSFLILI,0.1101132144164016,LLLGALLALLLLTLLSFLILI_2,110011001100110000,1,-74.0721,-62.3056,-74.0721,-234.41,-223.967,-244.012,-375.834,4570.54,4064.82,3657.34,-7.6226,23713.5,-74.9743,23623.9,-57.7501,-87.8255,69.9508,-44.2123,9.41823,9.11718,8.66644,14565.6,-84.1071,54.9836,-41.1247,23337.6,7.4834,6.53885,5.8636,2,LLLGALLALLLLTLLSFLILI,0.1765847086007918,0.0808852387170844,D,16,13.282867252711243,-3.5638824947878365,-3.0681270359443347,-17.48325481284773,7.099011077612483,-8.828112604772834,-17.224199999999996,0.0,9.602000000000004,505.7199999999998,-0.03405876769754015,0.0,0.01898679110970499,-0.015072767539349845
LVLLGILLITLLAFL,Mutant,clash,,LLLLVLLGILLGTLLAFLILI,0.3167278706044806,LLLLVLLGILLITLLAFLILI_2,110011001100110000,1,-58.7441,-45.3898,-58.7441,-234.722,-229.663,-242.85,-360.303,4605.41,4099.39,3543.56,-7.57259,3805740.0,-74.4093,3805650.0,-58.7087,-69.9924,69.4948,-33.7164,10.8267,6.38067,5.92309,3576520.0,-71.59,53.248,-43.6275,5079900.0,6.8881,4.42698,3.7257,2,LLLLVLLGILLITLLAFLILI,0.1509673070443815,0.0997506222947277,D,14,-11.007741992370647,-23.45776741295345,-18.40147214060028,-29.81711400513828,5.681893410534332,-9.103013601755158,-15.700600000000001,0.0,8.127999999999986,506.0199999999995,-0.031027627366507285,0.0,0.016062606221097966,-0.014965001383344546
ALLLGTLLLILLSFL,Mutant,clash,,LLLALLLGTLLGILLSFLILI,0.980897244753804,LLLALLLGTLLLILLSFLILI_1,110011001100110000,1,-74.0727,-75.5292,-74.0552,-235.086,-234.711,-243.581,-374.367,4565.51,3999.34,3502.32,-7.51912,498139.0,-72.7276,498075.0,-56.7313,-64.8986,81.1202,-48.4811,9.21597,7.18602,6.90282,69521.9,-70.183,60.097,-37.4728,71039.3,7.1099,5.14054,4.54199,1,LLLALLLGTLLLILLSFLILI,0.2124542628781651,0.0781734762494798,D,16,33.50491784227145,5.513554088245166,5.085211898088287,-16.947522468173123,6.0069093133566485,-16.21907312225606,-15.996299999999998,-0.017499999999998295,8.494999999999976,566.1700000000001,-0.0282535280922691,-3.0909444159878295e-05,0.01500432732218234,-0.01328067541551124
LILLFALLGILLSTL,Mutant,clash,,LLLLALLFALLGILLSTLILI,0.1609690090151974,LLLLILLFALLGILLSTLILI_0,110011001100110000,1,-74.2512,-79.0527,-74.1345,-228.008,-219.449,-240.489,-371.472,4509.97,3967.75,3692.5,-7.40002,40.2296,-76.6119,-32.7401,-56.8482,-56.3267,75.7508,-38.9992,8.7066,5.17536,4.81162,35.8037,-54.9267,67.0486,-40.0719,-331.242,7.1275,3.79057,3.2963,0,LLLLILLFALLGILLSTLILI,0.1485667059360621,0.0356446187186692,D,14,-36.83880821856676,-49.27774723255856,-38.73857786101132,-50.803377026521865,-41.38742267202618,-52.93055943484235,-19.763700000000007,-0.11669999999999447,12.480999999999995,542.2200000000003,-0.03644959610490207,-0.00021522629191102213,0.023018332042344415,-0.013647633801777869
AVLLILLLGFLLGTL,Mutant,clash,,LLLAVLLGLLLGFLLGTLILI,1.53309292907662,LLLAVLLILLLGFLLGTLILI_0,110011001100110000,1,-58.754,-63.9938,-58.754,-227.51,-219.028,-238.534,-351.599,4531.34,4150.64,3658.44,-7.17075,5590.43,-72.5054,5521.85,-54.3112,-75.6634,53.2463,-53.1329,9.39335,5.03775,4.33644,3688.3,-80.2804,39.355,-44.6447,5238.83,7.3257,3.85498,2.9453,0,LLLAVLLILLLGFLLGTLILI,0.4258003118856114,0.091388283446411,D,14,-78.83295918964815,-81.23141166049336,-72.42644911945544,-75.55082780951187,-79.33372007030893,-81.67543096909007,-18.194199999999995,0.0,11.024000000000001,380.6999999999998,-0.04779143682689783,0.0,0.028957184134489115,-0.018835697399527195
AYLLGVLLILLLAFL,Mutant,clash,11.0,LLLAYLLGVLLGLLLAFLILI,1.007570631406116,LLLAYLLGVLLILLLAFLILI_2,110011001100110000,1,-44.9549,-49.4243,-44.9549,-240.101,-232.262,-246.452,-343.201,4637.83,3974.13,3575.17,-7.00495,375723.0,-65.1503,375662.0,-51.7942,-90.1076,74.5901,-36.0018,9.66811,10.0858,9.70466,349423.0,-91.43,48.2927,-36.5962,387339.0,7.0472,6.73401,5.9584,2,LLLAYLLGVLLILLLAFLILI,0.2214872087754869,0.1089977479498855,D,14,-74.58154032670592,-76.51278107544965,-67.43509078493926,-69.90930363904631,-72.5590209222261,-74.64392841314304,-13.356100000000005,0.0,6.350999999999999,663.6999999999998,-0.020123700467078513,0.0,0.00956908241675456,-0.010554392044598467
TALLAALLLILLSLL,Mutant,clash,,LLLTALLAALLGILLSLLILI,0.1450177284604881,LLLTALLAALLLILLSLLILI_0,110011001100110000,1,-60.3091,-62.2022,-60.2916,-232.713,-225.947,-244.858,-386.555,4563.55,3819.08,3647.4,-6.85059,1304110.0,-100.384,1304010.0,-81.4056,-64.888,77.5729,-41.1812,8.45259,6.70555,6.36914,1224210.0,-59.0447,62.1286,-39.1953,1303720.0,7.0437,3.74407,3.176,0,LLLTALLAALLLILLSLLILI,0.2877783007631292,0.0794655397612041,D,17,-41.13482896080131,-52.79142690142502,-37.341326099537554,-49.74912100195912,-44.75297327423814,-55.69309910056523,-18.978399999999993,-0.017499999999998295,12.14500000000001,744.4700000000003,-0.02549249801872471,-2.350665574166627e-05,0.016313619084717994,-0.009201969186132414
ALLLGFLLLILLGTL,Mutant,clash,,LLLALLLGFLLGILLGTLILI,1.0345573608859333,LLLALLLGFLLLILLGTLILI_2,110011001100110000,1,-58.7265,-68.1536,-58.7265,-229.709,-218.548,-239.474,-358.242,4533.5,4218.1,3451.7,-6.7927,754895.0,-76.5989,754823.0,-60.0418,-75.6968,58.2254,-64.9511,9.72081,5.71494,5.08832,697209.0,-68.1464,52.7276,-38.529,754537.0,6.6534,3.84019,3.1311,2,LLLALLLGFLLLILLGTLILI,0.1355927999706737,0.1324986309269171,D,16,-3.705414026999291,-22.303534584069588,-18.555411762030595,-34.28543703256246,-12.788343048424498,-29.63220704740396,-16.5571,0.0,9.764999999999986,315.39999999999964,-0.052495561192137025,0.0,0.030960684844641716,-0.02153677869372228
GYLLASLLIILLTLL,Mutant,clash,,LLLGYLLASLLGILLTLLILI,0.3298546843861536,LLLGYLLASLLIILLTLLILI_2,110011001100110000,1,-78.0637,-59.8886,-74.16,-233.933,-235.452,-250.807,-383.764,4570.1,3825.12,3628.07,-6.7351,11020.4,-78.502,10932.0,-58.7962,-72.7311,52.7141,-36.3045,9.82856,4.52607,3.81678,9488.42,-70.3334,49.8546,-39.6684,21586.7,7.175,3.78038,3.0282,2,LLLGYLLASLLIILLTLLILI,0.1759356520587834,0.078668458379717,D,14,-93.75366408914122,-94.75809243562246,-91.33058176424656,-92.72464854960052,-93.69059808281229,-94.70516762012284,-19.705799999999996,-3.9037000000000006,16.873999999999995,744.9800000000005,-0.026451448361029806,-0.0052400064431259875,0.022650272490536638,-0.009040645386453322
AYLLITLLGLLLGFL,Mutant,clash,7.0,LLLAYLLGTLLGLLLGFLILI,0.580548186844332,LLLAYLLITLLGLLLGFLILI_2,110011001100110000,1,-51.6729,-46.3731,-58.6855,-227.139,-219.581,-243.059,-342.402,4590.96,3936.37,3499.16,-6.65258,56594.8,-70.2428,56518.4,-40.6579,-79.0955,55.0458,-44.7044,8.89457,5.7955,5.12119,49053.6,-81.8261,48.1246,-38.4583,113668.0,6.5,5.27073,4.4926,2,LLLAYLLITLLGLLLGFLILI,0.5598037761829385,0.0250130477591058,D,14,-95.75621163899518,-96.59164765653,-93.89780328128543,-95.09908725004816,-95.71331604045602,-96.55719652434136,-29.584900000000005,7.012599999999999,15.919999999999987,654.5900000000001,-0.04519607693365312,0.010712965367634698,0.024320567072518652,-0.01016297224216685
TALLIFLLGILLGLL,Mutant,clash,,LLLTALLAFLLGILLGLLILI,0.5631246850532058,LLLTALLIFLLGILLGLLILI_2,110011001100110000,1,-44.9899,-50.8807,-44.9899,-229.506,-221.106,-242.655,-350.504,4556.53,3863.72,3452.55,-6.61517,1607.23,-82.6235,1528.71,-62.8591,-77.7289,58.1494,-44.0305,8.93257,6.0095,5.38174,1131.81,-77.6262,50.1878,-35.0,1256.73,7.3742,4.91928,4.1721,2,LLLTALLIFLLGILLGLLILI,0.5806673232719376,0.0791025857703455,D,15,-90.46877916038083,-92.6118679422904,-88.23652416085991,-90.8815340217512,-90.96530726381307,-92.99675202589832,-19.76440000000001,0.0,13.149000000000001,692.81,-0.028527879216524027,0.0,0.01897922951458553,-0.009548317720587174
AYLLIVLLGLLLGFL,Mutant,clash,7.0,LLLAYLLGVLLGLLLGFLILI,0.6988507260023381,LLLAYLLIVLLGLLLGFLILI_0,110011001100110000,1,-44.9604,-53.6273,-44.9604,-229.557,-226.288,-243.225,-336.747,4628.15,3928.81,3440.56,-6.57834,20360.4,-68.808,20303.5,-48.5611,-72.1052,44.1494,-46.1054,9.20683,3.27594,2.43818,18023.7,-78.3342,38.1851,-39.2997,20023.6,6.6883,3.40512,2.4779,0,LLLAYLLIVLLGLLLGFLILI,0.5388555860750387,0.0417735862391912,D,14,-94.36086256990572,-94.97376856840812,-92.00464503820712,-92.87364336942122,-94.26611530298923,-94.88931918285289,-20.246900000000004,0.0,13.668000000000006,699.3399999999997,-0.028951439929076003,0.0,0.019544141619241017,-0.009406497554837422
AYLLGTLLGLLLLFL,Mutant,clash,,LLLAYLLGTLLGLLLGFLILI,0.8717969363911806,LLLAYLLGTLLGLLLLFLILI_0,110011001100110000,1,-53.5687,-67.2638,-58.6855,-222.583,-222.298,-245.547,-349.996,4598.36,3807.95,3406.81,-6.50344,70916.0,-80.3472,70855.6,-45.7628,-77.5682,49.0954,-55.7402,6.99934,4.76312,3.99955,53352.3,-81.8261,48.1246,-38.4583,70566.0,6.5,5.27073,4.4926,0,LLLAYLLGTLLGLLLLFLILI,0.2685550266360898,0.007820222772074,D,16,-54.93989509690278,-57.642913222201685,-46.27532676540459,-49.49810589211034,-47.23102339935043,-50.39647320271354,-34.5844,5.116799999999998,22.964,790.4099999999999,-0.043755013220986586,0.00647360230766311,0.02905327614782202,-0.008227932338912718
ALLLGLLLIVLLGTL,Mutant,clash,11.0,LLLALLLGLLLGVLLGTLILI,0.8932249971621278,LLLALLLGLLLIVLLGTLILI_1,110011001100110000,1,-58.7607,-58.7607,-58.7607,-229.342,-225.174,-237.083,-368.3,4542.26,4051.84,3449.62,-6.48871,7258.07,-86.6864,7173.71,-72.4564,-90.0266,66.0629,-36.881,10.2301,8.92249,8.41343,6682.8,-81.7407,58.0906,-35.0,15277.0,6.5862,6.60334,5.9747,1,LLLALLLGLLLIVLLGTLILI,0.3702267180550449,0.0562868260127753,D,14,-24.235932342465432,-33.48078404647312,-8.82200329656284,-19.94768707059066,14.486429465334218,0.5166137564875143,-14.230000000000004,0.0,7.7409999999999854,490.4200000000001,-0.029015945516088253,0.0,0.01578442967252556,-0.013230924513682149
AFLLILLLGTLLGIL,Mutant,clash,,LLLAFLLGLLLGTLLGILILI,1.475351291463758,LLLAFLLILLLGTLLGILILI_1,110011001100110000,1,-58.7594,-58.7594,-58.7594,-223.733,-217.624,-240.341,-352.848,4562.29,4006.48,3580.81,-6.44222,273343.0,-76.798,273266.0,-53.7482,-81.4714,54.0152,-46.0688,9.51635,6.01276,5.32299,6470.14,-87.7841,38.6606,-35.7467,6252.52,7.5,4.88679,3.9667,1,LLLAFLLILLLGTLLGILILI,0.1636066824964393,0.0981317819662852,D,14,-80.47405279436425,-83.42731711693416,-75.20961898014833,-78.95911942884929,-80.38091884899276,-83.34826951294161,-23.049800000000005,0.0,16.608000000000004,555.81,-0.04147064644392869,0.0,0.029880714632698233,-0.011590687465140966
TALLIFLLGVLLGLL,Mutant,clash,,LLLTALLAFLLGVLLGLLILI,0.4035959829235913,LLLTALLIFLLGVLLGLLILI_0,110011001100110000,1,-44.9303,-50.2295,-44.9303,-223.866,-222.423,-241.296,-346.719,4550.72,3669.72,3434.44,-6.36638,1299.18,-84.2896,1225.11,-60.4927,-61.8727,49.2285,-41.6543,7.54674,2.42676,1.66519,1292.85,-63.8279,50.3554,-37.6016,952.459,6.5149,2.87217,2.1275,0,LLLTALLIFLLGVLLGLLILI,0.9703377582346322,0.0665221578090335,D,15,-92.22977370291066,-93.31329099529032,-88.25052820748454,-89.88893040798239,-90.66208770212364,-91.96421058280004,-23.796899999999994,0.0,17.42999999999998,881.0000000000005,-0.027011237230419958,0.0,0.019784335981838784,-0.007226311010215661
YALLILLLGVLLSTL,Mutant,clash,,LLLYALLALLLGVLLSTLILI,0.1280778223312583,LLLYALLILLLGVLLSTLILI_1,110011001100110000,1,-74.1828,-64.1006,-74.1828,-229.967,-226.264,-247.858,-373.068,4657.76,3953.85,3699.18,-6.35653,1673.69,-75.2741,1590.99,-51.0271,-74.2415,57.0905,-41.3473,8.64223,5.34345,4.69981,1617.64,-72.2819,58.8241,-37.2216,8690.15,7.0527,5.28354,4.6659,1,LLLYALLILLLGVLLSTLILI,0.1657568579126637,0.1167673959867253,D,15,-96.93415074288764,-97.8554024795054,-95.50361723379925,-96.85472750846488,-96.87913528164091,-97.8169185189829,-24.247000000000007,0.0,17.89099999999999,703.9100000000003,-0.03444616499268372,0.0,0.025416601554175935,-0.009030316375673022
GYLLLFLLGLLLGTL,Mutant,clash,,LLLGYLLAFLLGLLLGTLILI,0.8461856870419421,LLLGYLLLFLLGLLLGTLILI_0,110011001100110000,1,-58.7749,-60.6219,-58.7749,-229.38,-221.571,-245.659,-346.4,4639.84,3681.55,3518.5,-6.34773,1813.71,-64.5922,1749.5,-41.9654,-62.2073,55.8564,-36.4818,8.61535,3.37171,2.70956,773.661,-61.4169,47.8691,-36.8365,1467.31,7.2814,2.17486,1.3929,0,LLLGYLLLFLLGLLLGTLILI,0.639447494707169,0.0344011255359902,D,16,-89.47226095369469,-91.49337578132013,-85.01763558200624,-87.89394917079356,-89.52429899599963,-91.53542356280644,-22.626800000000003,0.0,16.278999999999996,958.29,-0.023611641569879684,0.0,0.016987550741424825,-0.006624017781673606
YFLLAALLGLLLLTL,Mutant,clash,,LLLYFLLAALLGLLLGTLILI,0.1669855356275076,LLLYFLLAALLGLLLLTLILI_0,110011001100110000,1,-58.1786,-59.65,-58.6834,-225.91,-222.753,-248.11,-347.551,4775.75,3822.55,3730.2,-6.34078,75.8822,-69.8032,10.7337,-40.7585,-54.4083,77.2623,-42.6848,7.14019,5.09167,4.7506,58.7061,-60.9139,62.9834,-44.4576,-271.669,6.862,4.13985,3.5846,0,LLLYFLLAALLGLLLLTLILI,0.0781777124906461,0.0708867304389308,D,17,-24.65027658697737,-35.67405646789034,-32.169962865774494,-42.09360113294061,-25.600209026406105,-36.48501233727116,-29.044700000000006,0.5047999999999959,22.200000000000017,953.1999999999998,-0.030470730172052048,0.0005295845572807344,0.023289970625262297,-0.006652098195551826
AFLLGLLLITLLGVL,Mutant,clash,,LLLAFLLGLLLGTLLGVLILI,1.229063807905029,LLLAFLLGLLLITLLGVLILI_0,110011001100110000,1,-58.6456,-55.2245,-58.6456,-228.063,-219.722,-239.039,-348.962,4582.16,4086.58,3394.34,-6.30439,16192800.0,-68.5586,16192700.0,-51.2775,-72.8199,55.9364,-36.5768,11.5562,4.9744,4.31344,15593600.0,-70.7932,46.6401,-35.0,16192500.0,7.2306,3.4154,2.615,0,LLLAFLLGLLLITLLGVLILI,0.2768147804080555,0.0737422416345235,D,14,-18.74306298872576,-26.837396594666103,-22.21345372592269,-29.96208761190018,-3.1805803806284274,-12.825156102501678,-17.281099999999995,0.0,10.975999999999999,495.5799999999999,-0.034870454820614225,0.0,0.022147786432059408,-0.01272123572379838
AYLLGTLLGLLLIFL,Mutant,clash,,LLLAYLLGTLLGLLLGFLILI,0.786545087350013,LLLAYLLGTLLGLLLIFLILI_2,110011001100110000,1,-51.6914,-67.2967,-58.6855,-239.496,-222.29,-245.687,-347.796,4566.65,3809.13,3408.94,-6.24429,1279600.0,-62.8533,1279540.0,-43.4235,-80.555,76.0052,-44.8664,8.07703,8.84395,8.48403,1156310.0,-81.8261,48.1246,-38.4583,1279250.0,6.5,5.27073,4.4926,2,LLLAYLLGTLLGLLLIFLILI,0.3538068756772574,0.0751302774732397,D,14,-41.188759071682426,-45.42740368155456,-36.50186816793198,-41.078306447052725,-35.52144403873366,-40.16854345992553,-19.4298,6.994099999999996,6.1910000000000025,757.5199999999995,-0.025649223782870434,0.009232891540817405,0.008172721512303313,-0.008243069489914464
TVLLGALLGLLLLFL,Mutant,clash,,LLLTVLLGALLGLLLGFLILI,0.2470200844441852,LLLTVLLGALLGLLLLFLILI_1,110011001100110000,1,-44.9305,-56.7803,-44.9305,-227.269,-223.3,-241.424,-350.735,4551.0,3788.86,3630.73,-6.24214,931.055,-84.7775,860.4,-64.3803,-66.0217,64.211,-40.0408,7.80096,5.07175,4.53491,313.283,-59.3652,64.0781,-38.2792,-41.2304,6.5,4.05533,3.5165,1,LLLTVLLGALLGLLLLFLILI,0.246955872338692,0.0940159472761615,D,17,-14.260566065844364,-16.35669293448243,-13.740429460183917,-15.84927244163566,-2.380020467099433,-4.766598645023419,-20.397199999999998,0.0,14.155000000000001,762.1399999999999,-0.026763061904636946,0.0,0.01857270317789383,-0.008190280001049677
AYLLGLLLGVLLLTL,Mutant,clash,,LLLAYLLGLLLGVLLGTLILI,0.6427917192618039,LLLAYLLGLLLGVLLLTLILI_1,110011001100110000,1,-58.7113,-58.7113,-58.7113,-228.885,-227.149,-242.964,-359.737,4594.67,3751.33,3356.84,-6.19799,5366480000.0,-78.3388,5366480000.0,-58.0613,-71.7096,63.4101,-50.4474,8.81644,5.8168,5.26795,4961140.0,-78.1031,43.7429,-35.0,3481320.0,7.2077,4.12076,3.2769,1,LLLAYLLGLLLGVLLLTLILI,0.5181288336123201,0.1111068176111944,D,16,-78.06569430849333,-78.33091943620218,-73.2511844470545,-73.5746256409938,-81.50955754576307,-81.7331401852271,-20.277500000000003,0.0,14.079000000000008,843.3400000000001,-0.024044276329831384,0.0,0.016694334432138882,-0.007349337159390043
AFLLIVLLGLLLGTL,Mutant,clash,,LLLAFLLGVLLGLLLGTLILI,0.8753191760200297,LLLAFLLIVLLGLLLGTLILI_0,110011001100110000,1,-58.7167,-68.6087,-58.7167,-224.887,-216.395,-238.949,-349.363,4603.86,4044.53,3425.29,-6.02337,130066.0,-71.7825,130001.0,-51.6967,-80.8223,52.1524,-47.8912,9.89818,5.66392,4.9462,98044.0,-83.578,48.738,-35.1079,129716.0,6.9512,5.61633,4.8474,0,LLLAFLLIVLLGLLLGTLILI,0.3410542094471233,0.1114612593480348,D,14,-81.25883227386524,-84.7373836699037,-76.02199237177804,-80.47255453141648,-81.05791313695464,-84.57375716888455,-20.0858,0.0,14.062000000000012,559.3299999999995,-0.035910464305508406,0.0,0.025140793449305462,-0.010768902079273427
GALLLLLLGTLLGFL,Mutant,clash,,LLLGALLALLLGTLLGFLILI,0.0022213807706869,LLLGALLLLLLGTLLGFLILI_0,110011001100110000,1,-58.7121,-64.2121,-58.7121,-221.755,-213.445,-236.338,-348.621,4537.42,3967.29,3486.71,-5.88145,12771.8,-74.0355,12700.8,-53.5717,-63.2217,82.972,-43.064,8.83704,7.18448,6.92906,9693.6,-76.6587,59.1886,-35.0,12423.2,7.2022,5.98927,5.3771,0,LLLGALLLLLLGTLLGFLILI,0.2350959470385166,0.0868130378348021,D,16,-20.908282700549897,-35.98579244898087,-23.953507655918035,-38.45049632681454,-29.45548422850579,-42.90361331914119,-20.4638,0.0,14.582999999999998,570.1300000000001,-0.03589321733639696,0.0,0.025578376861417562,-0.01031598056583586
YVLLTILLGLLLLAL,Mutant,clash,,LLLYVLLTILLGLLLGALILI,0.0041077660200173,LLLYVLLTILLGLLLLALILI_1,110011001100110000,1,-58.7586,-58.7586,-58.7586,-231.801,-229.207,-249.319,-369.157,4670.09,4021.49,3738.44,-5.84282,3762.47,-84.4402,3681.28,-61.079,-38.3287,72.7402,-42.1274,9.00145,2.06923,1.66033,3450.58,-39.1035,62.7825,-44.0154,4571.38,7.1407,0.841163,0.282901,1,LLLYVLLTILLGLLLLALILI,0.1991518659026652,0.101518720904221,D,17,-17.570607068829123,-31.343848055373048,-28.07609013221004,-40.0939554600636,-16.772162485424218,-30.6788166789636,-23.361200000000004,0.0,17.518,648.6000000000004,-0.03601788467468392,0.0,0.027008942337341954,-0.009008356460067833
TALLIVLLGLLLGFL,Mutant,clash,,LLLTALLGVLLGLLLGFLILI,0.7593957319125296,LLLTALLIVLLGLLLGFLILI_2,110011001100110000,1,-44.9633,-46.4153,-44.9633,-226.218,-225.127,-241.708,-347.485,4547.97,4079.98,3558.59,-5.6611,11937.8,-81.9651,11861.9,-60.8138,-60.873,53.6946,-56.4842,8.39547,2.87973,2.18515,9841.83,-73.5676,38.1677,-45.0,13663.1,6.5,2.68778,1.7603,2,LLLTALLIVLLGLLLGFLILI,0.4657987576342967,0.0665121840585465,D,15,-47.164433416753454,-52.30984988837702,-38.48699296680172,-44.47746605293828,-39.21434792185566,-45.13398720401371,-21.151300000000006,0.0,15.490000000000009,467.99000000000024,-0.045196051197675155,0.0,0.03309899784183423,-0.012096625996281966
YGLLFILLIVLLALL,Mutant,clash,,LLLYGLLFILLGVLLALLILI,0.6054479385519858,LLLYGLLFILLIVLLALLILI_0,110011001100110000,1,-45.0147,-48.1916,-45.0147,-239.457,-231.768,-251.734,-346.854,4740.01,4180.01,3750.59,-5.61686,4932060.0,-67.9988,4931990.0,-50.1049,-59.4544,60.9953,-34.4802,10.3639,3.65253,3.06746,3587120.0,-57.3079,51.9134,-43.6568,4931710.0,7.0059,2.1045,1.3832,0,LLLYGLLFILLIVLLALLILI,0.1463381940794141,0.0862973446073618,D,15,-43.79220685925163,-56.02213985551728,-45.5268552286535,-57.37935598386418,-52.74625021944965,-63.02792401139704,-17.893900000000002,0.0,12.277000000000015,560.0,-0.03195339285714286,0.0,0.021923214285714313,-0.010030107142857143
AYLLILLLGTLLGFL,Mutant,clash,,LLLAYLLGLLLGTLLGFLILI,0.586350061211347,LLLAYLLILLLGTLLGFLILI_0,110011001100110000,1,-58.7122,-61.0107,-58.7122,-217.649,-217.899,-242.815,-342.002,4616.04,3724.62,3516.83,-5.53179,9746.42,-71.172,9683.33,-40.4747,-69.8542,48.1243,-35.6413,8.67223,3.47491,2.69677,5184.41,-82.6456,43.881,-35.0,9404.42,7.5,4.82078,3.979,0,LLLAYLLILLLGTLLGFLILI,0.3514991712761017,0.0522211423542309,D,14,-96.68302099568096,-98.03974842407784,-95.40192944194396,-97.28265537831436,-96.84919815347074,-98.13795496533588,-30.6973,0.0,25.165999999999997,891.4200000000001,-0.034436404837225994,0.0,0.028231361198985883,-0.0062055933230127204
LFLLITLLGILLAVL,Mutant,clash,,LLLLFLLGTLLGILLAVLILI,1.3502341238474878,LLLLFLLITLLGILLAVLILI_1,110011001100110000,1,-55.0369,-51.7218,-58.7574,-213.478,-214.081,-239.235,-356.04,4579.26,3699.18,3601.65,-5.52852,504.425,-93.0536,414.187,-58.0476,-61.5736,56.5715,-47.6527,7.61842,3.37319,2.72176,473.27,-67.5072,53.2475,-44.4028,1178.95,6.6409,3.81449,3.1132,1,LLLLFLLITLLGILLAVLILI,0.1506243323037906,0.0618246110350541,D,14,-67.14259262234906,-75.00595226331632,-63.52327759473457,-72.25280343649125,-69.7643276106464,-77.00025962595409,-35.006,3.720499999999994,25.757000000000005,880.0800000000004,-0.03977592946095808,0.004227456594855005,0.02926665757658394,-0.006281838014725932
TVLLILLLGLLLGFL,Mutant,clash,7.0,LLLTVLLGLLLGLLLGFLILI,0.5121311418402856,LLLTVLLILLLGLLLGFLILI_1,110011001100110000,1,-44.9939,-44.9939,-44.9939,-230.396,-220.179,-244.307,-356.843,4605.1,3874.72,3480.26,-5.51237,133.752,-86.9649,42.0821,-67.5415,-70.0172,38.3315,-48.0209,8.02422,2.17734,1.25232,105.328,-72.6874,32.4259,-40.8381,-117.529,7.0033,1.78061,0.766999,1,LLLTVLLILLLGLLLGFLILI,0.1726922305201034,0.0652677589154704,D,15,-41.06820755536052,-50.654470991725184,-35.65555016371968,-46.12227485019477,-38.75097964825615,-48.71417981500223,-19.4234,0.0,13.911000000000001,730.3800000000006,-0.02659355404036253,0.0,0.019046249897313714,-0.0075472630685396586
YFLLLTLLGLLLAVL,Mutant,clash,,LLLYFLLGTLLGLLLAVLILI,1.0135143066395789,LLLYFLLLTLLGLLLAVLILI_1,110011001100110000,1,-63.2094,-48.2595,-58.7632,-218.964,-231.013,-250.693,-352.27,4761.16,3975.01,3640.67,-5.44616,69925.7,-75.5433,69852.7,-42.8137,-64.0694,50.6257,-52.2763,7.58481,2.94488,2.20427,63233.9,-72.0387,50.2766,-42.8887,88466.3,6.71,4.09315,3.3473,1,LLLYFLLLTLLGLLLAVLILI,0.2514484776741207,0.0696683307533027,D,17,-85.04189114881757,-90.97741097448689,-82.3154118608086,-89.33282459347961,-85.91491490286143,-91.50401060152632,-32.729600000000005,-4.446200000000005,31.729000000000013,786.1499999999996,-0.041632767283597306,-0.00565566367741526,0.04035998219169373,-0.0069276346753164185
YVLLLTLLGLLLGFL,Mutant,clash,,LLLYVLLATLLGLLLGFLILI,0.320673948648014,LLLYVLLLTLLGLLLGFLILI_0,110011001100110000,1,-58.7397,-66.8913,-58.7397,-229.599,-228.352,-249.098,-350.591,4682.69,4138.52,3629.99,-5.4286,8821.22,-67.6807,8765.87,-42.7536,-63.3461,50.7369,-55.4667,7.85263,2.8514,2.11246,8554.17,-65.984,55.7173,-41.1231,8470.63,6.918,3.91944,3.2552,0,LLLYVLLLTLLGLLLGFLILI,0.0965308638008212,0.0575628030243868,D,17,-52.042568605502815,-55.43397846759785,-50.50227343925795,-54.00260848907561,-53.69448192039841,-56.96907328440963,-24.927100000000003,0.0,19.499000000000024,544.1699999999992,-0.04580756013745712,0.0,0.035832552327397786,-0.009975926640571895
AFLLITLLGLLLGYL,Mutant,clash,,LLLAFLLGTLLGLLLGYLILI,0.9612141063507004,LLLAFLLITLLGLLLGYLILI_0,110011001100110000,1,-51.6501,-53.4549,-58.6988,-222.73,-214.231,-243.302,-342.707,4636.59,3874.4,3435.83,-5.38715,14318.2,-73.7144,14243.2,-40.7072,-69.1535,53.4685,-47.6604,8.09318,4.09127,3.3933,11944.9,-72.4524,47.8783,-35.1603,13975.5,6.5,3.83143,3.0496,0,LLLAFLLITLLGLLLGYLILI,0.3607648188160859,0.0421320364209672,D,14,360.4819769634165,448.4323310887018,125.90016194471848,169.0462571969453,361.8370860598536,450.0462610095628,-33.0072,7.048699999999997,20.572000000000003,762.19,-0.04330573741455542,0.009247956546267986,0.026990645377136937,-0.0070679882968813544
VYLLFTLLLGLLALL,Mutant,clash,,LLLVYLLFTLLGGLLALLILI,0.2128896335603065,LLLVYLLFTLLLGLLALLILI_2,110011001100110000,1,-62.748,-50.5846,-58.7506,-236.416,-234.257,-245.023,-350.015,4731.38,4081.48,3730.32,-5.35639,12368700.0,-56.2074,12368700.0,-46.2416,-42.1075,82.842,-29.1094,10.8985,3.99979,3.74242,8765770.0,-44.9843,61.9817,-41.7735,12369400.0,6.6369,1.61517,1.04489,2,LLLVYLLFTLLLGLLALLILI,0.237805561429804,0.0334019787151031,D,17,-69.16703558417375,-75.04478893386029,-62.82443674735559,-69.91129315492685,-73.82132565986747,-78.81182182876928,-9.965800000000002,-3.997399999999999,8.607,649.9000000000001,-0.01533435913217418,-0.006150792429604552,0.01324357593475919,-0.008241867979689182
AVLLILLLGLLLGFL,Mutant,clash,,LLLAVLLGLLLGLLLGFLILI,1.4454390074956829,LLLAVLLILLLGLLLGFLILI_2,110011001100110000,1,-44.9261,-51.301,-44.9261,-219.609,-219.994,-239.372,-350.4,4573.01,3848.79,3644.66,-5.29737,18221.3,-91.1623,18142.2,-66.1018,-66.8222,39.6523,-45.5798,7.88683,1.87639,0.971176,15010.8,-77.4724,32.2036,-43.8153,17870.9,7.0393,2.46835,1.4514,2,LLLAVLLILLLGLLLGFLILI,0.2187690200201627,0.0941565521613213,D,14,-78.18833166058347,-81.096659399754,-72.94078835672477,-76.54881386846462,-77.43109309151657,-80.44038962873209,-25.060500000000005,0.0,19.763000000000005,724.2200000000003,-0.03460343542017618,0.0,0.027288669188920492,-0.007314586727789896
AFLLGTLLLLLLGYL,Mutant,clash,,LLLAFLLGTLLGLLLGYLILI,1.1046034668908598,LLLAFLLGTLLLLLLGYLILI_0,110011001100110000,1,-58.6988,-62.6485,-58.6988,-231.761,-221.674,-243.4,-345.619,4651.24,4174.5,3390.81,-5.23424,1057570.0,-60.3931,1057510.0,-43.5199,-66.6888,67.4074,-28.8029,11.2411,5.60331,5.11443,1053810.0,-72.4524,47.8783,-35.1603,1057230.0,6.5,3.83143,3.0496,0,LLLAFLLGTLLLLLLGYLILI,0.2173754582759264,0.077019473789749,D,16,36.0919788938235,16.870156379821797,2.7098920007502776,-11.796997608158971,26.631348405986888,8.745758648580084,-16.873199999999997,0.0,11.63900000000001,476.7399999999998,-0.03539287662038009,0.0,0.024413726559550313,-0.010979233964005542
TVLLGILLILLLAFL,Mutant,clash,11.0,LLLTVLLGILLGLLLAFLILI,0.4142099867044503,LLLTVLLGILLILLLAFLILI_2,110011001100110000,1,-44.9575,-49.7665,-44.9575,-237.774,-229.8,-246.342,-358.437,4580.22,4150.04,3603.46,-5.11456,3749610.0,-80.8199,3749530.0,-67.1369,-79.041,56.4411,-37.9461,10.9257,5.97571,5.32233,3311670.0,-82.2405,38.4729,-43.0414,3749250.0,7.0713,4.02991,3.107,2,LLLTVLLGILLILLLAFLILI,0.2632691871210911,0.0623491328693743,D,15,-45.26530936924964,-50.03360176674345,-44.7318105050022,-49.546579434091385,-42.159767810620174,-47.19860399000932,-13.683000000000007,0.0,8.568000000000012,430.1800000000003,-0.031807615416802264,0.0,0.019917243944395382,-0.01188934864475335
GYLLATLLLFLLSLL,Mutant,clash,,LLLGYLLATLLGFLLSLLILI,0.8369440696262955,LLLGYLLATLLLFLLSLLILI_0,110011001100110000,1,-76.9199,-75.6253,-74.0948,-233.756,-230.245,-251.825,-369.202,4655.36,4083.09,3689.32,-4.95694,50223.4,-63.4835,50160.1,-43.2822,-83.2814,58.1392,-48.1516,8.89812,6.84101,6.2131,49138.4,-78.9601,51.8199,-41.3257,49854.2,7.4908,5.3397,4.617,0,LLLGYLLATLLLFLLSLLILI,0.2298685512662368,0.1236736502678937,D,16,-96.1248882876833,-96.39021570565548,-94.36284451412048,-94.7488183958597,-95.78216448698194,-96.07095807260772,-20.201299999999996,-2.825099999999992,18.06899999999999,572.2699999999995,-0.035300295315148465,-0.004936655774372227,0.03157425690670488,-0.00866189036643543
LFLLATLLIVLLAIL,Mutant,clash,,LLLLFLLATLLGVLLAILILI,0.3026270072717939,LLLLFLLATLLIVLLAILILI_0,110011001100110000,1,-58.7606,-62.525,-58.7606,-225.57,-221.519,-244.172,-361.96,4667.43,3862.97,3614.46,-4.93639,770497.0,-82.5657,770419.0,-59.0278,-61.969,54.1251,-36.8742,9.41369,3.10224,2.41412,493525.0,-60.6662,45.6178,-42.1957,770135.0,6.5,1.75833,0.942597,0,LLLLFLLATLLIVLLAILILI,0.2810615826638827,0.1324407095568938,D,14,-46.39960063898448,-51.75336087219124,-44.94232112140659,-50.44163857476253,-41.9346757260452,-47.73440534993031,-23.537900000000008,0.0,18.602000000000004,804.4600000000005,-0.02925925465529671,0.0,0.023123586008005362,-0.006136277751535188
AFLLIILLGLLLGTL,Mutant,clash,7.0,LLLAFLLGILLGLLLGTLILI,1.2048440558662843,LLLAFLLIILLGLLLGTLILI_1,110011001100110000,1,-58.7173,-59.8119,-58.7173,-221.909,-220.474,-240.425,-351.746,4588.83,3837.25,3512.31,-4.50493,351.579,-75.6252,280.119,-52.6036,-70.0482,37.2952,-41.7647,8.84853,2.04207,1.1015,353.464,-72.6874,32.4259,-40.8381,17.2636,7.0033,1.78061,0.766999,1,LLLAFLLIILLGLLLGTLILI,0.2130251590699379,0.1163242571601176,D,14,-80.31833489128698,-83.06448419606934,-74.21998953991664,-77.81703061399216,-80.26875840983409,-83.02182503687163,-23.021600000000007,0.0,18.51600000000002,751.5799999999999,-0.030630937491684197,0.0,0.024636099949439876,-0.005993946086910243
IALLALLLGTLLSFL,Mutant,clash,,LLLGALLALLLGTLLSFLILI,-0.1230719979391647,LLLIALLALLLGTLLSFLILI_0,110011001100110000,1,-74.0721,-76.2075,-74.0721,-220.207,-210.878,-237.948,-366.257,4554.3,3908.28,3676.15,-4.49845,27.4729,-76.477,-51.699,-54.2371,-86.3954,58.5527,-51.4804,7.79074,7.36393,6.74222,28.4138,-84.1071,54.9836,-41.1247,-338.785,7.4834,6.53885,5.8636,0,LLLIALLALLLGTLLSFLILI,0.4097699209563583,0.1007778681846286,D,14,-43.194574232043806,-49.30411213864912,-42.05969210176969,-48.29128886632217,-46.4884484941415,-52.243723592365065,-22.239900000000006,0.0,17.741000000000014,646.02,-0.03442602396210644,0.0,0.027461998080554804,-0.006963329308690134
TVLLGALLILLLGFL,Mutant,clash,,LLLTVLLGALLGLLLGFLILI,0.3011578243186282,LLLTVLLGALLILLLGFLILI_2,110011001100110000,1,-44.9305,-46.7,-44.9305,-231.468,-221.107,-241.209,-345.765,4582.91,4116.46,3614.03,-4.48984,15725.6,-73.8566,15647.6,-59.6257,-62.0382,79.478,-49.1941,8.41001,6.53526,6.22743,15418.5,-59.3652,64.0781,-38.2792,15379.8,6.5,4.05533,3.5165,2,LLLTVLLGALLILLLGFLILI,0.192818132464249,0.0609462507791133,D,15,-27.3972243733869,-34.95496700114835,-27.69610756110738,-35.222737298362084,-19.59054695882136,-27.960942521240263,-14.230899999999998,0.0,9.741000000000014,466.4499999999998,-0.030508950584199817,0.0,0.02088326723121453,-0.009625554721835142
WTLLLILLGLLLGFL,Mutant,clash,,LLLWTLLGILLGLLLGFLILI,0.5759436869965633,LLLWTLLLILLGLLLGFLILI_0,110011001100110000,1,-44.9483,-53.1973,-44.9483,-234.163,-228.223,-250.943,-355.773,4711.93,4086.67,3698.55,-4.48651,8442.87,-81.1486,8368.52,-59.8821,-67.4664,46.5417,-50.4619,8.91815,2.90308,2.10121,7353.23,-69.6978,38.4736,-44.8571,8087.1,6.5368,2.1486,1.2257,0,LLLWTLLLILLGLLLGFLILI,0.1901444803373154,0.0642685091898869,D,17,-25.646493629258377,-39.99585184181869,-30.92622738988236,-44.25665865876387,-29.264996495561093,-42.916025922349625,-21.2665,0.0,16.78,625.2600000000002,-0.03401225090362408,0.0,0.026836835876275462,-0.0071754310206953885
TLLLGILLIVLLGAL,Mutant,clash,11.0,LLLTLLLGILLGVLLGALILI,0.874312609850621,LLLTLLLGILLIVLLGALILI_2,110011001100110000,1,-44.8956,-50.4162,-44.8956,-228.802,-221.38,-241.23,-360.045,4559.85,3968.23,3602.56,-4.37742,2069090.0,-90.7251,2069010.0,-73.9199,-82.8819,60.8686,-41.1358,10.3695,7.14954,6.56257,1511890.0,-90.0074,38.3333,-42.1317,2068730.0,6.7822,5.1761,4.2511,2,LLLTLLLGILLIVLLGALILI,0.3347157204157457,0.0537064317517592,D,15,-33.679058019538324,-43.097869555882056,-33.80459420655749,-43.20557726141082,-31.57629037409989,-41.29373416091649,-16.8052,0.0,12.427999999999997,591.6200000000003,-0.028405395355126584,0.0,0.02100672729116661,-0.007399039924275713
TALLAFLLGILLILL,Mutant,clash,,LLLTALLAFLLGILLGLLILI,0.6178520118524223,LLLTALLAFLLGILLILLILI_2,110011001100110000,1,-44.9899,-44.9899,-44.9899,-235.564,-226.077,-246.873,-357.271,4599.81,3815.92,3438.92,-4.29951,3461770.0,-81.0168,3461680.0,-65.4079,-82.7713,64.0436,-47.0811,8.76986,7.56157,7.02223,1334870.0,-77.6262,50.1878,-35.0,3461360.0,7.3742,4.91928,4.1721,2,LLLTALLAFLLGILLILLILI,0.525939996472721,0.0571870164857238,D,15,-57.92001716363472,-65.48091428364877,-54.546222986904326,-62.71332070290142,-59.40202236809118,-66.69663399731039,-15.608900000000006,0.0,11.308999999999997,783.8900000000003,-0.01991210501473421,0.0,0.014426769061985728,-0.005484838433963946
YALLASLLIILLTLL,Mutant,clash,11.0,LLLYALLASLLGILLTLLILI,0.107670360467931,LLLYALLASLLIILLTLLILI_0,110011001100110000,1,-74.119,-58.999,-74.119,-236.083,-228.852,-250.555,-382.258,4643.77,4086.48,3697.0,-4.18215,10561.4,-76.2389,10467.0,-57.584,-60.3959,78.1965,-38.5186,9.68555,6.11591,5.78885,9629.66,-63.07,66.418,-42.249,10179.2,7.1117,4.92693,4.4232,0,LLLYALLASLLIILLTLLILI,0.1490492958903564,0.1276339899527317,D,15,-42.99755210036098,-50.65474799991711,-44.48445896154144,-51.94191717368284,-42.67719563929511,-50.377425343020285,-18.654899999999998,0.0,14.472000000000008,557.2900000000004,-0.033474313194207655,0.0,0.025968526261013113,-0.00750444113477722
AYLLILLLGFLLATL,Mutant,clash,,LLLAYLLGLLLGFLLATLILI,1.7260997398520048,LLLAYLLILLLGFLLATLILI_1,110011001100110000,1,-58.7236,-59.6795,-58.7236,-227.994,-225.654,-245.026,-348.331,4626.32,4124.71,3600.05,-4.13628,9312.9,-65.7503,9249.9,-44.5821,-80.4478,56.6285,-44.4707,9.70201,6.21202,5.56145,8398.93,-87.2227,45.9146,-36.9014,10144.2,7.4937,5.78188,4.9706,1,LLLAYLLILLLGFLLATLILI,0.535359831463911,0.0757270632859754,D,14,-94.84889458298146,-96.3377640808103,-93.14325229307244,-95.12511864770458,-94.83009109037673,-96.32439552776228,-21.1682,0.0,17.03200000000001,501.6099999999997,-0.042200514343812945,0.0,0.03395466597555875,-0.008246007854707846
TFLLVALLGLLLIYL,Mutant,clash,,LLLTFLLVALLGLLLGYLILI,0.1325126918606552,LLLTFLLVALLGLLLIYLILI_0,110011001100110000,1,-44.9273,-50.6681,-44.9273,-237.886,-232.27,-250.392,-346.338,4694.61,4018.45,3680.48,-4.07125,3310.74,-67.5951,3247.34,-51.0181,-35.2965,93.4252,-44.6779,9.39655,4.40687,4.30825,2531.87,-47.754,68.368,-44.8299,2964.41,7.2266,2.89278,2.4183,0,LLLTFLLVALLGLLLIYLILI,0.1809309467385219,0.0528957322040732,D,15,9.697065417931864,-7.191681314916094,-3.39379202186453,-18.267095816706608,16.824897172618957,-1.1612366671732794,-16.577000000000005,0.0,12.506,676.1599999999999,-0.02451638665404639,0.0,0.01849562233790819,-0.006021134051112164
VFLLATLLILLLSIL,Mutant,clash,,LLLVFLLATLLGLLLSILILI,0.6179639370825281,LLLVFLLATLLILLLSILILI_2,110011001100110000,1,-74.1026,-67.9612,-74.0732,-233.384,-230.477,-246.445,-378.958,4671.16,3964.7,3636.12,-3.96059,10248.3,-75.4318,10167.8,-58.4396,-76.31,61.2271,-41.7037,9.68512,6.21215,5.63056,8086.27,-78.5324,48.359,-40.7581,9869.32,7.3267,4.80832,4.0337,2,LLLVFLLATLLILLLSILILI,0.1432796084657982,0.1423859665045795,D,15,-58.89513552874304,-57.786905022437615,-52.00041608427821,-50.7062966687388,-53.72856428904434,-52.481037572071735,-16.992199999999997,-0.02939999999999543,13.061000000000007,706.46,-0.02405260028876369,-4.1615944285586485e-05,0.018487954024290133,-0.005606248053676074
AYLLITLLGFLLGLL,Mutant,clash,,LLLAYLLGTLLGFLLGLLILI,0.6534149795326093,LLLAYLLITLLGFLLGLLILI_0,110011001100110000,1,-51.6471,-55.1066,-58.7318,-223.563,-219.398,-243.917,-343.87,4622.25,3841.37,3561.36,-3.90941,36319.2,-72.569,36249.9,-41.2213,-75.9654,54.7054,-42.9088,9.22912,5.28005,4.60063,34920.4,-87.9639,43.7708,-37.0981,35975.4,7.4797,5.60364,4.7602,0,LLLAYLLITLLGFLLGLLILI,0.5992597507468201,0.0365814154800103,D,14,-96.39838344555083,-97.02139152167496,-95.21714501213955,-96.04448385827148,-96.49565168762372,-97.1018342912286,-31.347700000000003,7.084699999999998,20.354000000000013,780.8800000000001,-0.040144068230714064,0.009072712836799505,0.026065464604036484,-0.0050064158385411325
FLLLGLLLGVLLLTL,Mutant,clash,,LLLFLLLGLLLGVLLGTLILI,0.4611286091954683,LLLFLLLGLLLGVLLLTLILI_1,110011001100110000,1,-59.576,-59.1276,-58.7224,-227.56,-213.41,-240.081,-360.809,4697.19,3773.42,3577.24,-3.88609,201283.0,-77.5595,201195.0,-62.006,-66.6437,51.1794,-52.0257,6.83222,3.40578,2.67347,46368.0,-69.6978,38.4736,-44.8571,41361.0,6.5368,2.1486,1.2257,1,LLLFLLLGLLLGVLLLTLILI,0.2152496928430377,0.104643546787144,D,16,79.01623502877645,63.13252351358113,12.9114864538099,2.8931019352442706,33.7654949998821,21.896780785644,-15.5535,-0.8536000000000001,12.520999999999987,923.7699999999995,-0.016836983231756832,-0.0009240395336501516,0.013554239691698142,-0.004206772248503418
AFLLIVLLGLLLGYL,Mutant,clash,,LLLAFLLGVLLGLLLGYLILI,1.192575703660522,LLLAFLLIVLLGLLLGYLILI_1,110011001100110000,1,-44.9328,-45.9796,-44.9328,-229.886,-213.46,-242.715,-335.315,4634.36,4128.01,3478.6,-3.82821,248.917,-64.324,173.042,-47.667,-69.5351,53.6599,-39.2168,9.41047,4.17434,3.47924,206.939,-69.605,42.1044,-35.8969,81.2442,6.5663,2.62484,1.75641,1,LLLAFLLIVLLGLLLGYLILI,0.3155253131833835,0.0799368734998065,D,14,-22.71385219996699,-35.383148598567466,-26.095060448650685,-38.21008508306901,-20.443299474236213,-33.48480106470835,-16.656999999999996,0.0,12.829000000000008,506.34999999999945,-0.03289621803100625,0.0,0.02533622988051747,-0.007560402883381069
TVLLIILLGLLLGFL,Mutant,clash,,LLLTVLLGILLGLLLGFLILI,0.5571066491400075,LLLTVLLIILLGLLLGFLILI_1,110011001100110000,1,-44.9617,-46.4096,-44.9617,-229.465,-225.142,-244.275,-354.221,4548.62,4080.32,3573.09,-3.82377,103529.0,-83.6176,103446.0,-64.9839,-70.279,42.503,-55.2693,8.98114,2.77976,1.9173,65774.9,-76.9679,35.2534,-45.0,118187.0,6.6086,2.8044,1.8332,1,LLLTVLLIILLGLLLGFLILI,0.2053820762413732,0.1183557704736428,D,15,-29.559307239273195,-41.15532219358722,-30.71249583830439,-42.11867177037975,-26.6684877127353,-38.740392172761936,-18.63369999999999,0.0,14.810000000000002,468.2999999999997,-0.03979009182148196,0.0,0.03162502669229129,-0.008165214606021785
VFLLLTLLGLLLSIL,Mutant,clash,,LLLVFLLATLLGLLLSILILI,0.5680741000241103,LLLVFLLLTLLGLLLSILILI_0,110011001100110000,1,-74.0732,-77.3091,-74.0732,-228.647,-224.676,-245.205,-378.917,4645.28,3917.4,3687.92,-3.78482,44760.8,-79.9814,44683.8,-59.639,-83.4707,47.5831,-41.5013,8.93477,5.44432,4.65807,29915.7,-78.5324,48.359,-40.7581,44381.8,7.3267,4.80832,4.0337,0,LLLVFLLLTLLGLLLSILILI,0.193169445524216,0.0867704590048335,D,17,-66.32785724761996,-71.85251425134337,-65.70317176926095,-71.33032219101598,-73.33961099535243,-77.71383528869966,-20.34239999999999,0.0,16.55800000000002,727.8799999999997,-0.027947463867670497,0.0,0.022748255206902275,-0.005199785678958072
TGLLFLLLLVLLAIL,Mutant,clash,,LLLTGLLFLLLGVLLAILILI,0.203905347875075,LLLTGLLFLLLLVLLAILILI_0,110011001100110000,1,-45.052,-47.3906,-45.052,-232.702,-226.024,-250.903,-362.309,4663.97,3954.55,3514.67,-3.75232,61937.2,-88.3075,61848.3,-66.3535,-79.4331,65.4205,-40.7738,9.33968,7.24673,6.72803,33199.4,-70.6341,63.5646,-35.8262,61574.9,6.7474,5.67633,5.1298,0,LLLTGLLFLLLLVLLAILILI,0.2252598721072733,0.0968414935065848,D,17,-5.8217550256157,-25.346238499962304,-23.93599009332016,-39.70513619303188,-21.79302111754271,-38.00643502416657,-21.954000000000008,0.0,18.200999999999993,709.4200000000001,-0.030946406923966066,0.0,0.02565616982887428,-0.005289278565588791
GLLLGFLLIVLLGTL,Mutant,clash,,LLLGLLLGFLLGVLLGTLILI,0.9173167634672268,LLLGLLLGFLLIVLLGTLILI_2,110011001100110000,1,-58.7181,-69.8959,-58.7181,-225.614,-212.851,-237.617,-348.152,4506.36,4008.67,3412.96,-3.75152,2006770.0,-67.5709,2006710.0,-51.8163,-84.4332,69.6861,-40.3433,9.666,8.5726,8.11789,303185.0,-81.7407,58.0906,-35.0,2006430.0,6.5862,6.60334,5.9747,2,LLLGLLLGFLLIVLLGTLILI,0.2426662345419862,0.0630004714930129,D,14,23.94627497086317,14.568757918873136,1.9018488240614824,-5.8078328521452685,31.72232512779894,21.75648831419496,-15.754599999999996,0.0,12.002999999999986,497.6899999999996,-0.031655448170547947,0.0,0.024117422491912628,-0.007537864936004346
YALLALLLLTLLGFL,Mutant,clash,,LLLYALLALLLGTLLGFLILI,-0.0712229125758102,LLLYALLALLLLTLLGFLILI_1,110011001100110000,1,-58.7298,-58.7298,-58.7298,-240.137,-234.291,-248.327,-350.939,4697.78,4350.05,3745.94,-3.74735,1015730000000000.0,-55.8191,1015730000000000.0,-43.8823,-55.5021,81.4125,-32.4763,10.6337,5.81601,5.53719,787589.0,-63.0279,55.5114,-39.6932,1134920.0,7.1542,3.44823,2.7809,1,LLLYALLALLLLTLLGFLILI,0.1171654032582587,0.0987653216211714,D,17,16.713877537549166,-3.308164614889176,-2.000374771431995,-18.81202278319722,15.934504212915506,-3.953837938395884,-11.936799999999998,0.0,8.189999999999998,347.72999999999956,-0.03432778305006762,0.0,0.02355275644896905,-0.010776608288039584
YILLALLLLVLLSTL,Mutant,clash,,LLLYILLALLLGVLLSTLILI,0.3616591114902264,LLLYILLALLLLVLLSTLILI_2,110011001100110000,1,-74.1753,-69.6099,-74.1753,-245.788,-228.801,-251.956,-388.137,4668.54,4349.11,3717.47,-3.71346,265709.0,-71.8864,265619.0,-62.0053,-77.5176,65.7779,-54.9059,10.2452,7.00764,6.49431,264910.0,-71.421,52.627,-43.8508,265321.0,7.5,4.3178,3.60721,2,LLLYILLALLLLVLLSTLILI,0.0387339205342999,0.0302706328033149,D,17,-21.76402818746285,-31.893081450938016,-28.60183106123385,-37.845607796419365,-24.930419795602845,-34.64952673248645,-9.881099999999996,0.0,6.167999999999978,319.4300000000003,-0.030933537864320782,0.0,0.019309394859593564,-0.011625270012209237
TALLILLLGLLLGFL,Mutant,clash,,LLLTALLALLLGLLLGFLILI,0.4373380228768433,LLLTALLILLLGLLLGFLILI_0,110011001100110000,1,-44.9578,-50.5568,-44.9578,-221.257,-218.906,-242.624,-353.174,4603.49,3760.02,3417.79,-3.615,1273.6,-90.574,1189.89,-65.5924,-63.8733,52.5618,-38.1714,7.45164,3.17684,2.46527,1248.1,-67.6338,56.7049,-35.0,920.431,6.6313,4.30023,3.6508,0,LLLTALLILLLGLLLGFLILI,0.3504545769638308,0.0808654993423324,D,15,-56.232661091964566,-60.15311225303247,-46.57742784912353,-51.36274471419996,-48.784293965725496,-53.3719312129633,-24.9816,0.0,21.36699999999999,843.4699999999998,-0.029617650894519076,0.0,0.02533225840871637,-0.004285866717251356
TYLLLVLLGLLLAFL,Mutant,clash,,LLLTYLLGVLLGLLLAFLILI,0.5956936802313044,LLLTYLLLVLLGLLLAFLILI_0,110011001100110000,1,-44.9607,-53.6048,-44.9607,-231.84,-230.734,-250.979,-351.388,4637.09,3934.08,3576.52,-3.51238,43752.9,-78.0995,43685.8,-55.4484,-69.4869,51.6091,-46.6685,9.27353,3.89026,3.1644,41581.8,-80.0044,42.005,-45.0,43401.5,7.041,4.17133,3.3014,0,LLLTYLLLVLLGLLLAFLILI,0.298201607072913,0.0726092881578626,D,17,-96.36369471298764,-97.73844649827808,-94.75694064562389,-96.73914638438752,-96.77188114090649,-97.99231281932444,-22.651100000000007,0.0,19.13900000000001,703.0100000000002,-0.03222016756518399,0.0,0.027224363807058227,-0.004996202045490105
LFLLIILLGTLLGVL,Mutant,clash,,LLLLFLLAILLGTLLGVLILI,0.3472814207464231,LLLLFLLIILLGTLLGVLILI_0,110011001100110000,1,-58.7231,-58.7231,-58.7231,-220.607,-204.283,-241.983,-352.553,4612.31,3972.49,3547.39,-3.46135,71.6593,-76.6839,-17.8871,-51.8467,-58.1835,54.2803,-49.0069,8.52403,2.55537,1.86958,63.5252,-62.6136,40.7304,-39.3075,-280.893,7.2265,1.39064,0.501596,0,LLLLFLLIILLGTLLGVLILI,0.1026079279149267,0.0881845257482665,D,14,-45.6418391523165,-61.16178705111943,-46.49947538205625,-61.774557203822766,-46.82430635877159,-62.00664479562732,-24.837199999999996,0.0,21.376000000000005,639.8200000000006,-0.03881904285580315,0.0,0.033409396392735435,-0.005409880904004246
TYLLVLLLIALLGWL,Mutant,clash,,LLLTYLLVLLLGALLGWLILI,0.3777226375799641,LLLTYLLVLLLIALLGWLILI_0,110011001100110000,1,-46.3024,-50.974,-44.9494,-236.951,-237.827,-256.469,-363.444,4641.0,4089.14,3539.91,-3.44171,121048000.0,-83.6326,121048000.0,-62.0256,-62.6821,29.1636,-48.541,9.0516,-0.160594,-1.22314,53433900.0,-48.7389,54.7657,-43.6502,121047000.0,6.8404,1.20421,0.525696,0,LLLTYLLVLLLIALLGWLILI,0.1407241861985171,0.1348820774237439,D,15,-58.15445410460271,-68.43600480354762,-53.45969696389544,-64.89476071969173,-58.64682017339342,-68.80739535175682,-21.607,-1.3530000000000015,19.518,551.8600000000001,-0.039153046062407125,-0.0024517087667161983,0.035367665712318336,-0.006236563621208276
TFLLGILLILLLGVL,Mutant,clash,11.0,LLLTFLLGILLGLLLGVLILI,1.0761270785825676,LLLTFLLGILLILLLGVLILI_2,110011001100110000,1,-44.9552,-51.9607,-44.9552,-232.768,-227.722,-246.916,-350.997,4672.34,4035.54,3481.24,-3.32291,14493300.0,-76.597,14493200.0,-59.1252,-76.3018,56.4459,-43.1737,10.7458,5.56547,4.91216,13723700.0,-80.9864,40.2503,-44.8665,14492900.0,6.9244,4.08175,3.1855,2,LLLTFLLGILLILLLGVLILI,0.2713029060990847,0.0221789603368665,D,15,-52.934442264299456,-63.99251580360215,-46.57660048577318,-59.12845175385579,-48.76578467738982,-60.80328615452938,-17.471799999999995,0.0,14.147999999999996,636.8000000000002,-0.027436871859296465,0.0,0.022217336683417074,-0.005218137562814068
IVLLGFLLGILLSLL,Mutant,clash,,LLLAVLLGFLLGILLSLLILI,0.6729684552087717,LLLIVLLGFLLGILLSLLILI_2,110011001100110000,1,-60.3563,-54.8991,-60.3387,-220.0,-211.79,-239.571,-358.044,4566.75,3794.54,3641.89,-3.10479,61.3517,-80.7926,-30.0034,-58.1347,-77.6447,70.0531,-41.271,8.56305,7.60387,7.15466,52.3206,-78.8188,59.0852,-37.4413,-310.619,7.5,6.29932,5.6856,2,LLLIVLLGFLLGILLSLLILI,0.6014678165201314,0.0158387753608603,D,14,-57.05019173105891,-63.09989056970855,-55.30813793441298,-61.60321390640027,-57.3522117194921,-63.359369507391705,-22.65789999999999,-0.01759999999999451,19.570999999999998,772.21,-0.02934162986752307,-2.2791727638847605e-05,0.025344142137501455,-0.004020655003172712
AYLLGVLLGTLLLLL,Mutant,clash,,LLLAYLLGVLLGTLLGLLILI,0.6894086075295709,LLLAYLLGVLLGTLLLLLILI_2,110011001100110000,1,-55.1955,-56.3485,-58.7364,-233.833,-219.439,-243.223,-360.259,4589.91,3761.86,3511.73,-3.0835,713230.0,-74.3138,713146.0,-58.2992,-73.8058,74.956,-42.4078,8.97476,7.68993,7.31427,680472.0,-78.2582,48.5511,-37.611,712870.0,7.3268,4.79313,4.0214,2,LLLAYLLGVLLGTLLLLLILI,0.5128058178184498,0.1011389880093594,D,16,-95.27546751371015,-96.40040883610024,-93.06799325683372,-94.718548281083,-94.79493351296348,-96.03429304621824,-16.0146,3.5409000000000006,9.390000000000015,828.0499999999997,-0.019340136465189308,0.004276191051265022,0.011339894933880827,-0.003723808948734981
AVLLGFLLIILLSLL,Mutant,clash,11.0,LLLAVLLGFLLGILLSLLILI,1.0562588740930043,LLLAVLLGFLLIILLSLLILI_1,110011001100110000,1,-60.3387,-55.0857,-60.3387,-228.689,-227.458,-242.655,-364.019,4568.3,4020.82,3595.52,-3.06484,1853.71,-78.0561,1772.24,-61.0249,-81.3976,64.8645,-41.8137,10.3291,7.46635,6.93932,1777.82,-78.8188,59.0852,-37.4413,2245.57,7.5,6.29932,5.6856,1,LLLAVLLGFLLIILLSLLILI,0.2181773976358988,0.1175450607348062,D,14,-52.47332542977241,-64.48135309579082,-51.16541054466289,-63.50389428123986,-56.34908706904772,-67.37786984970096,-17.0312,0.0,13.966000000000008,547.48,-0.0311083509899905,0.0,0.02550960765690072,-0.005598085774822824
YILLATLLLVLLSLL,Mutant,clash,,LLLYILLATLLGVLLSLLILI,0.0480455915206437,LLLYILLATLLLVLLSLLILI_2,110011001100110000,1,-74.1161,-49.0324,-74.1161,-239.826,-238.527,-251.927,-387.906,4668.04,4262.21,3769.76,-3.01582,4579790.0,-76.9795,4579690.0,-61.8627,-53.9178,79.0203,-43.1109,10.4535,5.25542,4.94072,4279710.0,-61.329,53.5344,-45.0,4579710.0,6.7388,2.92649,2.22951,2,LLLYILLATLLLVLLSLLILI,0.1449075398937792,0.0082488737672639,D,17,-29.98658845259394,-43.75889712453015,-39.26610841232522,-51.21304662468486,-44.10931697621277,-55.10354967358319,-15.116800000000005,0.0,12.100999999999999,405.8299999999999,-0.03724909444841438,0.0,0.029817904048493216,-0.007431239681640098
TVLLILLLGFLLAIL,Mutant,clash,,LLLTVLLGLLLGFLLAILILI,0.7256386897619769,LLLTVLLILLLGFLLAILILI_2,110011001100110000,1,-44.9495,-46.8715,-44.9495,-229.807,-227.031,-245.467,-358.086,4576.02,4065.39,3661.49,-2.96863,32024.5,-86.2978,31940.3,-67.6687,-73.3507,49.977,-44.996,9.56165,4.2495,3.49916,31360.1,-85.5593,36.5947,-45.0,31666.4,7.5,4.27418,3.3231,2,LLLTVLLILLLGFLLAILILI,0.2841621191076691,0.0688603523443352,D,15,-96.8611329432744,-97.75290985182352,-95.6763597461982,-96.9047400724539,-96.76813309014504,-97.68633199109472,-18.629099999999994,0.0,15.660000000000025,510.63000000000056,-0.036482580341930505,0.0,0.030667998354973282,-0.0058136615553336015
ALLLLVLLGLLLGFL,Mutant,clash,,LLLALLLGVLLGLLLGFLILI,1.091998238576945,LLLALLLLVLLGLLLGFLILI_2,110011001100110000,1,-44.9306,-53.4797,-44.9306,-223.055,-218.74,-238.824,-353.624,4581.27,4040.92,3554.15,-2.96819,41497.3,-88.6071,41415.9,-69.8691,-70.6029,36.322,-56.4706,8.98322,1.99391,1.03874,41344.7,-77.4724,32.2036,-43.8153,41143.7,7.0393,2.46835,1.4514,2,LLLALLLLVLLGLLLGFLILI,0.2848696435117469,0.11846348411428,D,16,-24.730324424786684,-36.51083749532215,-30.20078907439956,-41.125115642015,-40.42883998429638,-49.75236667454633,-18.738,0.0,15.769000000000005,540.3500000000004,-0.034677523827149045,0.0,0.029182936985287303,-0.005493087813454239
ALLLIVLLGTLLGFL,Mutant,clash,7.0,LLLALLLGVLLGTLLGFLILI,0.8821561780205842,LLLALLLIVLLGTLLGFLILI_0,110011001100110000,1,-58.7067,-66.0844,-58.7067,-230.337,-225.206,-237.966,-351.173,4521.87,4300.81,3512.03,-2.87549,9820500.0,-65.0049,9820440.0,-54.5006,-98.7382,37.0331,-36.2607,10.8003,6.31019,5.36569,9327720.0,-97.484,35.8407,-36.8474,9820150.0,6.7321,5.96109,4.9987,0,LLLALLLIVLLGTLLGFLILI,0.1668300625059071,0.0888042867648944,D,14,-69.50331745176364,-72.79833939332981,-66.57586827241664,-70.187187216567,-72.11810856294363,-75.13061472364339,-10.504300000000008,0.0,7.629000000000019,221.0599999999995,-0.047517868452004126,0.0,0.034510992490726665,-0.013007735456437197
LFLLIVLLGILLATL,Mutant,clash,,LLLLFLLGVLLGILLATLILI,1.1018711349063235,LLLLFLLIVLLGILLATLILI_0,110011001100110000,1,-58.7587,-66.3284,-58.7587,-224.795,-210.736,-243.355,-358.931,4629.4,4023.9,3599.04,-2.86407,43669.2,-78.2409,43587.4,-56.8173,-78.8123,49.5496,-48.07,9.12605,5.01105,4.2543,29538.2,-76.1397,46.3109,-45.0,43310.3,6.7451,4.17293,3.36759,0,LLLLFLLIVLLGILLATLILI,0.2146691472414731,0.1192196183579449,D,14,-56.405333002001335,-61.3091951368618,-54.61194226221906,-59.717538727157816,-58.786832097293065,-63.42280496858508,-21.423599999999993,0.0,18.560000000000002,605.4999999999995,-0.03538166804293973,0.0,0.030652353426919927,-0.004730090834021474
AYLLTVLLILLLGFL,Mutant,clash,,LLLAYLLTVLLGLLLGFLILI,0.2143504570159786,LLLAYLLTVLLILLLGFLILI_1,110011001100110000,1,-58.764,-58.9835,-58.7285,-233.001,-230.667,-247.86,-352.297,4649.54,4049.79,3689.72,-2.8339,95530.6,-63.3656,95468.0,-45.7083,-67.387,51.3823,-40.4403,10.5201,3.54466,2.8154,85087.4,-61.2445,47.3289,-45.0,95165.8,7.4166,2.07607,1.286,1,LLLAYLLTVLLILLLGFLILI,0.3008952088162281,0.0950864920787419,D,14,-85.97414589950986,-86.52122812197858,-80.44815321616801,-81.21077827381013,-85.12677563169049,-85.70690976002184,-17.6573,-0.03550000000000608,14.859000000000009,599.75,-0.029441100458524383,-5.9191329720727104e-05,0.024775323051271378,-0.004725135473113797
AYLLTVLLGLLLIFL,Mutant,clash,,LLLAYLLTVLLGLLLGFLILI,0.1707240278030116,LLLAYLLTVLLGLLLIFLILI_0,110011001100110000,1,-58.7285,-61.551,-58.7285,-227.195,-227.975,-248.682,-354.527,4617.97,3887.17,3664.46,-2.74824,1204.02,-71.3526,1139.02,-47.1169,-56.078,49.167,-45.9333,9.09048,1.54925,0.786753,1083.77,-61.2445,47.3289,-45.0,849.492,7.4166,2.07607,1.286,0,LLLAYLLTVLLGLLLIFLILI,0.3445216380291951,0.0172353007285608,D,14,-79.23772083463763,-81.82099428478809,-73.23636194722994,-76.5663333371966,-77.29503341730172,-80.1200189062498,-24.235699999999994,0.0,21.486999999999995,730.8000000000002,-0.03316324575807333,0.0,0.02940202517788723,-0.0037605911330049254
FLLLLTLLGILLAVL,Mutant,clash,,LLLFLLLGTLLGILLAVLILI,1.493208786156515,LLLFLLLLTLLGILLAVLILI_0,110011001100110000,1,-58.7549,-67.4708,-58.7549,-228.452,-215.663,-242.675,-363.193,4553.45,3830.93,3673.08,-2.74502,12917.2,-78.7308,12837.1,-61.7636,-73.1755,55.5781,-45.4705,8.79995,4.97937,4.31304,10518.2,-72.0387,50.2766,-42.8887,12554.0,6.71,4.09315,3.3473,0,LLLFLLLLTLLGILLAVLILI,0.2289231798410481,0.0694943510813707,D,16,-44.38508346321085,-60.112264649637616,-42.60916271148445,-58.83855138421861,-47.34658367048979,-62.23629078981612,-16.967200000000005,0.0,14.223000000000013,722.52,-0.023483363782317454,0.0,0.019685268227869143,-0.0037992304711288267
AFLLGTLLILLLAVL,Mutant,clash,,LLLAFLLGTLLGLLLAVLILI,1.08204748548257,LLLAFLLGTLLILLLAVLILI_2,110011001100110000,1,-58.7424,-55.3355,-58.7424,-227.099,-224.797,-240.211,-353.263,4609.49,3930.57,3541.71,-2.68123,20372.5,-70.1033,20299.4,-54.3097,-79.4374,51.7932,-36.7934,9.48545,5.40769,4.68459,19842.1,-73.1449,51.1091,-38.7208,20027.1,6.6288,4.37146,3.6381,2,LLLAFLLGTLLILLLAVLILI,0.3348766289581601,0.0634713472166123,D,14,-42.49210009495196,-51.318716031098674,-39.07683394432094,-48.42764295100432,-37.59512982284674,-47.173358596776914,-15.793600000000005,0.0,13.112000000000023,678.9199999999996,-0.023262829199316583,0.0,0.019313026571613785,-0.003949257644494199
LYLLGVLLITLLAFL,Mutant,clash,,LLLLYLLGVLLGTLLAFLILI,0.4285242319410108,LLLLYLLGVLLITLLAFLILI_2,110011001100110000,1,-60.1364,-52.5939,-58.7368,-233.04,-223.383,-244.378,-347.057,4683.02,4051.86,3528.31,-2.50238,390371.0,-56.3826,390300.0,-43.9423,-70.0404,58.8078,-33.8115,9.84515,4.94512,4.32724,344296.0,-64.5306,55.4034,-39.7316,390024.0,6.5792,3.65905,2.9901,2,LLLLYLLGVLLITLLAFLILI,0.053541052210298,0.022200544362048,D,14,-69.18114760591027,-72.92997254954747,-64.89146342216586,-69.16208829730962,-69.27366201884247,-73.01123345003828,-12.440299999999993,-1.3995999999999995,11.337999999999994,631.1600000000003,-0.019710216110019628,-0.0022175042778376304,0.017963749287027042,-0.00396473160529818
YVLLTILLGLLLIAL,Mutant,clash,,LLLYVLLTILLGLLLGALILI,0.0526764307730036,LLLYVLLTILLGLLLIALILI_1,110011001100110000,1,-58.7586,-58.7586,-58.7586,-240.156,-223.847,-249.355,-366.482,4639.27,4213.13,3740.22,-2.4667,17013.4,-70.0338,16929.5,-58.3678,-42.1166,81.3877,-43.0953,10.4973,3.80483,3.52565,9424.41,-39.1035,62.7825,-44.0154,17541.7,7.1407,0.841163,0.282901,1,LLLYVLLTILLGLLLIALILI,0.150583201149679,0.0293971956659786,D,15,-24.98798577311483,-42.181461173032986,-28.8113062455448,-45.12843980654234,-23.34175884799892,-40.91256529856789,-11.665999999999997,0.0,9.198999999999984,426.1400000000003,-0.027375979724972986,0.0,0.021586802459285626,-0.005788473271694744
TVLLIALLGLLLGFL,Mutant,clash,,LLLTVLLGALLGLLLGFLILI,0.1451500931757033,LLLTVLLIALLGLLLGFLILI_2,110011001100110000,1,-44.9305,-44.9305,-44.9305,-220.796,-220.019,-240.239,-346.152,4540.38,3984.41,3642.15,-2.41423,465.148,-82.8397,383.945,-60.9824,-57.2794,56.4031,-52.8189,6.96979,2.70632,2.05236,385.208,-59.3652,64.0781,-38.2792,352.16,6.5,4.05533,3.5165,2,LLLTVLLIALLGLLLGFLILI,0.3488258636071739,0.0896618286431936,D,15,-31.542096000640385,-37.24560410876455,-27.35722554507898,-33.40939233511323,-25.361858624520234,-31.58026759763675,-21.857299999999995,0.0,19.443000000000012,555.9700000000003,-0.03931381189632532,0.0,0.03497131140169434,-0.0043423745885569345
AFLLGTLLLLLLAVL,Mutant,clash,,LLLAFLLGTLLGLLLAVLILI,1.1375449711834411,LLLAFLLGTLLLLLLAVLILI_2,110011001100110000,1,-58.7424,-66.7515,-58.7424,-226.155,-226.83,-240.216,-356.499,4633.83,4027.14,3525.37,-2.36811,762411.0,-73.9694,762348.0,-57.5399,-73.9374,60.5396,-53.3584,10.2398,5.76345,5.17155,473245.0,-73.1449,51.1091,-38.7208,746264.0,6.6288,4.37146,3.6381,2,LLLAFLLGTLLLLLLAVLILI,0.2793791432572889,0.1389522148080808,D,16,-24.2323614653342,-34.35588971387632,-24.76320339142273,-34.81580435044916,-17.25035433495777,-28.30676828223456,-16.42949999999999,0.0,14.061000000000007,606.69,-0.02708055184690697,0.0,0.023176581120506363,-0.0039033278939820996
TALLASLLLLLLGFL,Mutant,clash,,LLLTALLASLLGLLLGFLILI,0.3982448272610717,LLLTALLASLLLLLLGFLILI_2,110011001100110000,1,-60.2627,-47.2919,-60.2627,-229.569,-224.497,-246.067,-368.674,4586.92,3973.37,3647.22,-2.25487,365238.0,-81.0969,365142.0,-62.3448,-48.4719,85.0727,-43.8111,8.47193,5.2556,5.03169,346047.0,-57.4425,60.2182,-40.5871,364870.0,6.8394,3.24583,2.6491,2,LLLTALLASLLLLLLGFLILI,0.1123441509358941,0.1110691559557062,D,17,8.846095064978536,-5.66571804742873,-13.047788484818415,-24.640618181331988,5.107796962728533,-8.905610732507514,-18.752100000000006,0.0,16.49800000000002,613.5500000000002,-0.030563279276342597,0.0,0.02688941406568334,-0.003675120202102517
STLLGLLLLVLLAIL,Mutant,clash,,LLLSTLLGLLLGVLLAILILI,0.8132620524490191,LLLSTLLGLLLLVLLAILILI_2,110011001100110000,1,-44.9407,-67.082,-44.9407,-240.844,-224.224,-259.493,-385.461,4573.73,4002.57,3547.57,-2.0657,279813.0,-101.743,279719.0,-81.0281,-83.0194,81.1397,-42.0326,9.20116,9.90677,9.62387,138807.0,-70.6341,63.5646,-35.8262,279428.0,6.7474,5.67633,5.1298,2,LLLSTLLGLLLLVLLAILILI,0.3092075333392161,0.1069778894549967,D,16,-43.26542140039015,-50.96438477267184,-39.77890648925408,-47.95099491613757,-44.119737986763575,-51.70276937771797,-20.7149,0.0,18.649,571.1599999999994,-0.03626812101687797,0.0,0.03265109601512715,-0.0036166748371734754
LFLLAILLITLLGVL,Mutant,clash,,LLLLFLLAILLGTLLGVLILI,0.2938181757520285,LLLLFLLAILLITLLGVLILI_2,110011001100110000,1,-58.7231,-55.1776,-58.7231,-225.752,-214.072,-243.081,-356.171,4655.37,3996.76,3509.99,-2.05474,356078.0,-73.751,355991.0,-54.3672,-56.7316,59.637,-44.4979,9.90356,3.06075,2.4553,266775.0,-62.6136,40.7304,-39.3075,355722.0,7.2265,1.39064,0.501596,2,LLLLFLLAILLITLLGVLILI,0.1560711729093213,0.0324269796387326,D,14,-50.68233234812708,-57.57517597971986,-48.61236415383527,-55.79451520333636,-50.9008761177783,-57.763175157491794,-19.383800000000008,0.0,17.32899999999998,658.6099999999997,-0.029431378205614884,0.0,0.02631147416528748,-0.0031198129393723156
LVLLATLLIGLLSIL,Mutant,clash,11.0,LLLLVLLATLLGGLLSILILI,-0.0127944347099464,LLLLVLLATLLIGLLSILILI_2,110011001100110000,1,-73.9521,-65.2232,-73.9521,-222.631,-219.505,-239.837,-382.198,4540.4,3953.36,3737.69,-1.99634,13316.9,-87.6115,13219.5,-68.4088,-38.1414,72.8322,-38.474,8.72604,2.05354,1.64603,12531.7,-44.4117,60.8723,-41.0381,12934.7,6.9287,1.37952,0.792605,2,LLLLVLLATLLIGLLSILILI,0.2673163382139035,0.068940388652358,D,14,-23.47866670106245,-34.189680738813585,-25.956108604802285,-36.32034464137818,-21.46145707971769,-32.45482846332038,-19.202700000000007,0.0,17.20599999999999,587.0399999999995,-0.03271105887162719,0.0,0.029309757427091857,-0.0034006881984191906
AFLLGVLLGLLLIYL,Mutant,clash,,LLLAFLLGVLLGLLLGYLILI,0.2823358065782855,LLLAFLLGVLLGLLLIYLILI_0,110011001100110000,1,-44.9328,-48.886,-44.9328,-233.093,-223.38,-242.792,-336.722,4613.13,4102.33,3460.95,-1.94106,11618100.0,-60.6377,11618000.0,-48.998,-62.4314,61.4083,-51.5013,8.69519,4.15483,3.57596,11575100.0,-69.605,42.1044,-35.8969,11617800.0,6.5663,2.62484,1.75641,0,LLLAFLLGVLLGLLLIYLILI,1.22576521026562,0.0944774372363754,D,14,-67.3522122031353,-70.37055938362103,-51.39859138596479,-55.8918797389323,-53.83125981179506,-58.09964355775376,-11.639700000000005,0.0,9.699000000000012,510.8000000000002,-0.022787196554424433,0.0,0.01898786217697731,-0.0038000391542678136
AYLLGLLLIVLLGTL,Mutant,clash,11.0,LLLAYLLGLLLGVLLGTLILI,0.86464522740869,LLLAYLLGLLLIVLLGTLILI_1,110011001100110000,1,-59.0013,-61.1343,-58.7113,-230.822,-223.262,-243.069,-356.39,4589.22,4041.48,3384.22,-1.93585,4019920.0,-68.5021,4019850.0,-54.6092,-80.0996,55.9279,-38.7279,11.1523,6.06521,5.40413,3746210.0,-78.1031,43.7429,-35.0,4021380.0,7.2077,4.12076,3.2769,1,LLLAYLLGLLLIVLLGTLILI,0.296275325465434,0.0958790029360921,D,14,8.770333125496553,13.101985380891035,16.36252582395061,20.99652834049309,43.985595768349285,49.71965498038354,-13.892899999999997,-0.28999999999999915,12.246999999999986,547.7400000000002,-0.025364041333479373,-0.0005294482783802516,0.022359148501113632,-0.0035342498265600454
TVLLGLLLIALLSFL,Mutant,clash,,LLLTVLLGLLLGALLSFLILI,0.1479997202321078,LLLTVLLGLLLIALLSFLILI_1,110011001100110000,1,-60.2903,-60.2903,-60.2903,-236.895,-233.728,-244.169,-365.365,4573.61,4247.51,3709.71,-1.82806,816681.0,-70.0069,816610.0,-60.9051,-98.6758,54.302,-49.2747,10.4707,8.63215,7.94668,714159.0,-101.046,32.942,-43.0962,917384.0,7.3877,6.10407,5.0982,1,LLLTVLLGLLLIALLSFLILI,0.4662274272647724,0.1458208819642872,D,15,-58.16624893606187,-61.43094862772417,-52.21999407457757,-55.94873860848132,-54.89394361287136,-58.41401352374533,-9.101800000000004,0.0,7.274000000000001,326.09999999999945,-0.027911070223857772,0.0,0.022306041091689707,-0.005605826433609332
AYLLGVLLIFLLGLL,Mutant,clash,,LLLAYLLGVLLGFLLGLLILI,1.0509627799878207,LLLAYLLGVLLIFLLGLLILI_2,110011001100110000,1,-44.8823,-52.4315,-44.8823,-236.459,-223.388,-245.009,-334.747,4670.46,3950.59,3590.46,-1.76522,192543.0,-55.1708,192484.0,-44.8557,-81.4893,64.6816,-35.4209,9.91671,7.45541,6.92564,185651.0,-79.0932,48.1108,-39.972,192208.0,7.1758,4.85894,4.0806,2,LLLAYLLGVLLIFLLGLLILI,0.2827933897653668,0.037002555201705,D,14,-73.1876912371096,-75.20474271775886,-62.508597046833145,-65.32902144620333,-62.20671071500946,-65.04984558955647,-10.315100000000001,0.0,8.549999999999983,719.8699999999999,-0.01432911497909345,0.0,0.011877144484420777,-0.002452137191437343
AYLLLLLLGVLLGTL,Mutant,clash,,LLLAYLLGLLLGVLLGTLILI,0.7959660239351127,LLLAYLLLLLLGVLLGTLILI_0,110011001100110000,1,-58.7113,-66.6173,-58.7113,-215.664,-207.303,-241.584,-358.328,4602.89,3663.44,3414.66,-1.74815,515329.0,-85.7016,515244.0,-58.0328,-70.0684,45.5427,-36.9702,9.21333,3.15853,2.34167,443507.0,-78.1031,43.7429,-35.0,514970.0,7.2077,4.12076,3.2769,0,LLLAYLLLLLLGVLLGTLILI,0.3649545289390113,0.0831835959549607,D,16,-85.1406770468975,-89.6344733087908,-80.89323968747541,-86.67155733628775,-87.86247430083503,-91.5331373443456,-27.668799999999997,0.0,25.920000000000016,939.4500000000003,-0.02945212624407897,0.0,0.027590611528021725,-0.001860822821863856
AYLLLFLLGTLLGLL,Mutant,clash,,LLLAYLLGFLLGTLLGLLILI,0.8379753670146652,LLLAYLLLFLLGTLLGLLILI_0,110011001100110000,1,-58.6623,-55.4398,-58.6623,-227.023,-222.57,-243.844,-347.743,4619.91,3987.0,3562.31,-1.71655,65705.2,-63.7736,65635.4,-45.2365,-82.9167,35.0073,-41.7216,9.8858,3.6635,2.68861,60876.5,-91.134,25.7473,-37.6199,65357.4,7.3707,3.64599,2.5322,0,LLLAYLLLFLLGTLLGLLILI,0.3965626275452609,0.1338856935740316,D,16,-96.01914855793484,-96.6922078071172,-94.97051703804432,-95.82087281630297,-96.67106190133632,-97.23389942739551,-18.537100000000002,0.0,16.820999999999998,632.9099999999999,-0.029288682435101368,0.0,0.026577238469924637,-0.0027121549667409274
TFLLGILLIVLLGLL,Mutant,clash,,LLLTFLLGILLGVLLGLLILI,1.03280058974659,LLLTFLLGILLIVLLGLLILI_2,110011001100110000,1,-44.9305,-51.9007,-44.9305,-231.993,-225.22,-247.334,-351.279,4657.38,4107.73,3563.3,-1.70699,2768390.0,-76.0623,2768320.0,-59.0151,-81.2357,64.6867,-39.946,10.6102,7.41806,6.88837,2610470.0,-92.5815,39.7325,-40.3169,2768040.0,6.7382,5.75111,4.8471,2,LLLTFLLGILLIVLLGLLILI,0.3650437028646231,0.1203631009580301,D,15,-64.90596327842064,-69.01165636838397,-58.06538648469672,-62.9713667885868,-61.52850877906784,-66.02933428738679,-17.047199999999997,0.0,15.341000000000008,549.6500000000005,-0.03101464568361681,0.0,0.027910488492677146,-0.0031055944692076746
AYLLILLLGFLLGTL,Mutant,clash,7.0,LLLAYLLGLLLGFLLGTLILI,0.6694533337551406,LLLAYLLILLLGFLLGTLILI_0,110011001100110000,1,-58.7779,-64.4943,-58.7779,-226.695,-217.446,-244.015,-344.206,4618.68,3967.06,3499.52,-1.66822,20420.5,-60.4012,20358.2,-41.4127,-90.1362,46.5277,-34.266,10.4636,6.30166,5.49958,19861.9,-85.1121,47.6719,-35.0,20076.3,7.4675,5.70252,4.9176,0,LLLAYLLILLLGFLLGTLILI,0.553785724941766,0.1499373893440419,D,14,-83.67153088484736,-86.72846055124928,-78.66006116035012,-82.65521169516612,-83.10569831671104,-86.26856016521491,-18.988500000000002,0.0,17.319999999999993,651.6200000000003,-0.029140449955495522,0.0,0.026579908535649586,-0.0025601117215555066
TFLLAILLILLLGVL,Mutant,clash,11.0,LLLTFLLAILLGLLLGVLILI,0.4832143432864765,LLLTFLLAILLILLLGVLILI_2,110011001100110000,1,-44.9832,-44.9832,-44.9832,-228.848,-225.222,-247.847,-355.414,4661.5,3926.42,3472.99,-1.59874,661013.0,-83.1818,660928.0,-62.584,-64.6523,46.8771,-42.1002,9.74102,2.52625,1.72941,201616.0,-74.241,27.0676,-35.812,660658.0,7.4865,1.29028,0.196294,2,LLLTFLLAILLILLLGVLILI,0.2410540165977066,0.123839240410727,D,15,-48.45120437787701,-60.29609447480569,-44.7358341558891,-57.43444258741184,-44.19667488470508,-57.0191714155489,-20.597799999999992,0.0,18.998999999999995,735.0799999999999,-0.028021167764052883,0.0,0.02584616640365674,-0.002174919736627306
YFLLLTLLGVLLALL,Mutant,clash,,LLLYFLLGTLLGVLLALLILI,0.9521322706691052,LLLYFLLLTLLGVLLALLILI_2,110011001100110000,1,-58.7571,-66.418,-58.7816,-225.08,-225.806,-250.018,-351.725,4755.59,4080.55,3689.8,-1.59195,34210.2,-69.4796,34150.7,-42.9257,-65.8208,54.6067,-51.8129,8.31827,3.74502,3.06412,32014.7,-72.9898,49.7856,-44.4885,33858.5,6.6061,4.16952,3.4163,2,LLLYFLLLTLLGVLLALLILI,0.2276352641331858,0.0256602791661991,D,17,-97.26263190659088,-96.51082303651728,-95.80513502087167,-94.65302957050746,-97.22903336919082,-96.46799677468375,-26.553900000000006,0.02449999999999619,24.937999999999988,675.04,-0.03933678004266415,3.6294145532110975e-05,0.036942995970609134,-0.0023583046930552264
GALLILLLGTLLSFL,Mutant,clash,,LLLGALLALLLGTLLSFLILI,0.1196848623760447,LLLGALLILLLGTLLSFLILI_0,110011001100110000,1,-74.0721,-76.2738,-74.0721,-221.327,-222.397,-239.703,-364.87,4528.6,3931.87,3649.85,-1.57693,1741.89,-71.0471,1675.69,-51.0943,-76.9868,57.0237,-44.4337,8.71223,5.74621,5.10157,1014.23,-84.1071,54.9836,-41.1247,1377.02,7.4834,6.53885,5.8636,0,LLLGALLILLLGTLLSFLILI,0.1670130606411488,0.0497045651629028,D,14,-98.14785665066448,-98.27684703829506,-97.58168119018195,-97.75010221483144,-98.24924868957504,-98.37117774558332,-19.952800000000003,0.0,18.376000000000005,596.7300000000005,-0.03343689775945568,0.0,0.03079449667353743,-0.00264261893988906
STLLGALLLFLLALL,Mutant,clash,,LLLSTLLGALLGFLLALLILI,1.163556395536395,LLLSTLLGALLLFLLALLILI_2,110011001100110000,1,-49.5526,-66.803,-44.9255,-231.82,-222.217,-258.622,-367.045,4613.3,3836.18,3582.96,-1.55528,56732.0,-87.2277,56654.0,-63.4974,-64.4065,85.1818,-50.4474,7.64886,7.66051,7.43824,40112.5,-68.8242,63.6738,-35.7825,56365.0,6.5843,5.41959,4.8747,2,LLLSTLLGALLLFLLALLILI,0.242592572589038,0.1404194967508737,D,16,-49.38142890595266,-52.917806074351006,-45.10942948490058,-48.94426235620589,-44.826795770462894,-48.68137434760608,-23.7303,-4.627099999999999,26.80200000000002,777.1200000000003,-0.030536210623841865,-0.005954164093061556,0.03448888202594195,-0.002001338274655136
TVLLGLLLIFLLAIL,Mutant,clash,,LLLTVLLGLLLGFLLAILILI,0.7833515900255896,LLLTVLLGLLLIFLLAILILI_2,110011001100110000,1,-44.9495,-44.9495,-44.9495,-238.725,-238.172,-246.445,-358.708,4579.1,4149.57,3612.22,-1.54868,337362.0,-76.5818,337287.0,-67.3137,-78.6046,63.646,-35.3502,10.9641,6.88289,6.33758,142539.0,-85.5593,36.5947,-45.0,340013.0,7.5,4.27418,3.3231,2,LLLTVLLGLLLIFLLAILILI,0.2264492188440563,0.0586943923496082,D,15,-63.9847140366393,-68.1254860110019,-55.157550921676105,-60.31320501239206,-58.18716653750127,-62.99449776753351,-9.268100000000004,0.0,7.719999999999999,429.53000000000065,-0.021577305426861895,0.0,0.01797313342490626,-0.0036055223150885797
TVLLGILLILLLGFL,Mutant,clash,,LLLTVLLGILLGLLLGFLILI,0.4979181252945069,LLLTVLLGILLILLLGFLILI_1,110011001100110000,1,-44.9617,-46.2735,-44.9617,-233.131,-229.795,-245.054,-353.691,4584.54,4099.63,3589.83,-1.46488,6050970.0,-77.0625,6050890.0,-63.6749,-75.2644,46.5419,-37.467,10.2628,4.07282,3.27095,4886870.0,-76.9679,35.2534,-45.0,6125390.0,6.6086,2.8044,1.8332,1,LLLTVLLGILLILLLGFLILI,0.2645706000868738,0.0193470536947246,D,15,-48.20786669434148,-52.89241003775111,-32.99818010922855,-39.05842341902386,-20.786553349266534,-27.951325304618383,-13.387599999999999,0.0,11.923000000000002,484.90999999999985,-0.027608422181435735,0.0,0.02458806788888661,-0.003020931719288116
TFLLAVLLIILLALL,Mutant,clash,,LLLTFLLAVLLGILLALLILI,0.2569473362269333,LLLTFLLAVLLIILLALLILI_0,110011001100110000,1,-44.9822,-47.7679,-44.9822,-232.248,-233.413,-249.122,-361.634,4664.0,3986.56,3691.18,-1.45145,1998310.0,-85.8551,1998230.0,-67.529,-72.3094,41.7957,-35.5715,10.2431,2.98883,2.11576,1750170.0,-70.6256,40.5984,-41.2559,1997950.0,6.8843,2.57462,1.6836,0,LLLTFLLAVLLIILLALLILI,0.2477287279865537,0.0500721797263397,D,15,-69.05849216958721,-72.9013624459454,-66.2222247703101,-70.41735349975414,-69.80293124565975,-73.55334375254921,-18.326099999999997,0.0,16.874000000000024,677.44,-0.02705198984411903,0.0,0.02490847897968827,-0.0021425513698630134
TYLLGVLLGLLLIFL,Mutant,clash,,LLLTYLLGVLLGLLLGFLILI,0.9503899016770334,LLLTYLLGVLLGLLLIFLILI_1,110011001100110000,1,-44.907,-44.907,-44.907,-238.509,-229.2,-253.228,-348.966,4628.31,3853.03,3490.6,-1.38643,48995.8,-66.9356,48920.9,-50.8307,-65.1221,61.5659,-44.8291,9.24225,4.57971,4.0032,2076.39,-69.5064,38.1576,-45.0,1671.34,6.5231,2.07724,1.1496,1,LLLTYLLGVLLGLLLIFLILI,0.1769080021752245,0.0778082308800445,D,15,-75.48053322840627,-78.9069990754463,-70.43254126452221,-74.56443729980839,-73.75096805642889,-77.4191314920509,-16.104899999999994,0.0,14.719000000000023,775.2800000000002,-0.02077301104117221,0.0,0.018985398823650836,-0.0017882958415024245
YVLLTILLLALLSLL,Mutant,clash,,LLLYVLLTILLGALLSLLILI,0.1950582761763659,LLLYVLLTILLLALLSLLILI_0,110011001100110000,1,-74.2421,-72.0312,-74.2421,-238.899,-231.997,-252.568,-387.925,4681.91,4261.32,3805.89,-1.31568,58749.2,-76.1003,58665.3,-61.1157,-47.6346,66.6115,-58.3122,10.438,2.63774,2.13691,54759.0,-40.5799,64.8968,-45.0,58361.2,7.351,1.34805,0.821502,0,LLLYVLLTILLLALLSLLILI,0.1780293670143518,0.0657350444909141,D,17,-32.55717918374429,-51.30440611213031,-33.76306403092749,-52.17508853737986,-27.59364422889774,-47.72059571564708,-14.984600000000007,0.0,13.669000000000011,420.59000000000015,-0.035627570793409266,0.0,0.03249958391782973,-0.003128177084571672
AYLLGLLLIFLLATL,Mutant,clash,,LLLAYLLGLLLGFLLATLILI,2.0597458526928034,LLLAYLLGLLLIFLLATLILI_2,110011001100110000,1,-60.1786,-65.5616,-58.7236,-237.272,-224.751,-246.338,-350.205,4621.08,4129.43,3555.36,-1.14484,4806.28,-53.8994,4746.38,-45.1432,-87.7443,59.9944,-37.8775,10.8089,7.76089,7.16081,4238.35,-87.2227,45.9146,-36.9014,4456.07,7.4937,5.78188,4.9706,2,LLLAYLLGLLLIFLLATLILI,0.2017137186231122,0.0447840098709345,D,14,-67.35663682660376,-71.19565362125851,-61.69579523127625,-66.2005542731653,-62.75135755805156,-67.1319773842976,-8.7562,-1.4550000000000054,9.066000000000003,491.64999999999964,-0.017809824061832617,-0.002959422353300125,0.018439947116851436,-0.0023285670700701738
VGLLFALLITLLSYL,Mutant,clash,,LLLVGLLFALLGTLLSYLILI,-0.0566223430060395,LLLVGLLFALLITLLSYLILI_1,110011001100110000,1,-74.0315,-53.0262,-74.0315,-226.607,-226.163,-244.466,-354.456,4630.2,3925.69,3569.98,-1.13518,3806.71,-54.9534,3731.44,-35.9588,-65.6427,60.0308,-38.8429,8.85993,4.45057,3.85103,3787.26,-59.8906,63.2894,-39.6145,12930.7,6.7452,4.02766,3.477,1,LLLVGLLFALLITLLSYLILI,0.2837196731406668,0.0333387254663876,D,15,73.39382983117652,58.20556048207612,21.860438867263344,11.186188403347511,33.27217980926454,21.5983286367305,-18.994600000000005,0.0,17.85900000000001,704.5099999999998,-0.026961434188301107,0.0,0.025349533718471016,-0.0016113043107975763
AFLLIVLLGTLLGLL,Mutant,clash,7.0,LLLAFLLGVLLGTLLGLLILI,1.98742505199364,LLLAFLLIVLLGTLLGLLILI_0,110011001100110000,1,-58.6941,-65.7972,-58.6941,-221.943,-221.156,-238.956,-349.655,4582.57,4101.91,3542.53,-1.08354,7542340.0,-70.1019,7542280.0,-52.0056,-89.3374,45.2612,-43.952,9.79462,6.01088,5.1898,6858790.0,-97.484,35.8407,-36.8474,7541990.0,6.7321,5.96109,4.9987,0,LLLAFLLIVLLGTLLGLLILI,0.3450731308197811,0.0750991678621555,D,14,-89.07115924659448,-90.46506561439897,-86.03361922685139,-87.81494512720431,-89.3911565080189,-90.7442491948078,-18.0963,0.0,17.012999999999977,480.65999999999985,-0.037648857820496824,0.0,0.03539508176257642,-0.0022542753713643746
LVLLIILLGTLLAFL,Mutant,clash,,LLLLVLLGILLGTLLAFLILI,0.2228289244402652,LLLLVLLIILLGTLLAFLILI_0,110011001100110000,1,-58.7441,-66.9762,-58.7441,-224.098,-220.173,-242.918,-361.594,4547.38,4018.15,3556.63,-0.947152,23702.2,-79.6992,23627.8,-59.9328,-71.7432,55.9672,-41.69,9.17566,4.81704,4.15655,23674.6,-71.59,53.248,-43.6275,23340.7,6.8881,4.42698,3.7257,0,LLLLVLLIILLGTLLAFLILI,0.2448662532085969,0.0624342322805945,D,14,-52.79215420313805,-62.00142788436782,-48.842042400487216,-58.821901141213296,-54.952592814716894,-63.74040963618781,-19.766400000000004,0.0,18.819999999999993,529.23,-0.03734935661243694,0.0,0.03556109819927063,-0.0017896793454641648
GYLLAFLLILLLGTL,Mutant,clash,,LLLGYLLAFLLGLLLGTLILI,1.1550206593964698,LLLGYLLAFLLILLLGTLILI_1,110011001100110000,1,-61.2273,-58.7749,-58.7749,-228.46,-223.87,-248.156,-348.766,4639.87,4016.33,3547.66,-0.884688,29396.5,-59.9635,29330.3,-41.835,-61.0269,54.2424,-38.4547,10.788,2.97676,2.2904,29214.8,-61.4169,47.8691,-36.8365,29105.6,7.2814,2.17486,1.3929,1,LLLGYLLAFLLILLLGTLILI,0.3306125223526413,0.0921848321535266,D,14,-77.8341714010257,-83.40581581618099,-72.05012764792113,-79.0756601922795,-74.97591792606693,-81.26601831681293,-18.128500000000003,-2.4523999999999972,19.695999999999998,623.54,-0.029073515732751715,-0.003933027552362314,0.03158738813869198,-0.0014188151521955289
FVLLTLLLGLLLIAL,Mutant,clash,,LLLFVLLTLLLGLLLGALILI,0.6090087311471584,LLLFVLLTLLLGLLLIALILI_2,110011001100110000,1,-58.8313,-63.5798,-58.8313,-233.352,-220.07,-243.293,-363.417,4668.45,4228.11,3639.51,-0.792373,41004.3,-72.0262,40924.5,-61.293,-33.4477,88.6183,-35.4731,10.8186,3.48064,3.30991,25492.3,-40.5686,62.7854,-41.894,40640.8,7.0908,1.06132,0.503101,2,LLLFVLLTLLLGLLLIALILI,0.3444671112582481,0.0757857179674722,D,14,-14.21288749165917,-25.43640900987468,-23.26424883759021,-33.303581427365856,-25.11928742754434,-34.91592545723153,-10.733200000000004,0.0,9.941000000000003,440.34000000000015,-0.024374801289912342,0.0,0.02257573693055366,-0.001799457237589135
TVLLILLLGYLLGFL,Mutant,clash,,LLLTVLLGLLLGYLLGFLILI,0.2772640693889381,LLLTVLLILLLGYLLGFLILI_1,110011001100110000,1,-44.9428,-46.6748,-44.9428,-228.059,-219.484,-247.174,-343.491,4606.66,3955.04,3641.83,-0.665136,1632.48,-71.1539,1555.14,-51.3743,-81.4166,34.7006,-43.709,8.75308,3.39707,2.41758,1477.62,-83.8172,29.6508,-43.9093,1275.72,7.5,3.07544,2.0202,1,LLLTVLLILLLGYLLGFLILI,0.3472852333008263,0.0877776344117327,D,15,-48.80171002842819,-55.14908409748927,-41.09025510157559,-48.393666746591165,-44.16200197096708,-51.08458983385399,-19.779599999999995,0.0,19.11500000000001,651.6199999999999,-0.03035450108959209,0.0,0.02933458150455789,-0.0010207421503330163
TFLLIILLGVLLGLL,Mutant,clash,,LLLTFLLGILLGVLLGLLILI,1.2307350058066129,LLLTFLLIILLGVLLGLLILI_2,110011001100110000,1,-44.9305,-51.5308,-44.9305,-228.796,-217.421,-245.261,-350.8,4605.57,4148.23,3590.26,-0.558769,1272820.0,-77.6323,1272740.0,-60.6083,-91.2688,53.282,-46.1346,10.1769,7.38339,6.68262,893526.0,-92.5815,39.7325,-40.3169,1272470.0,6.7382,5.75111,4.8471,2,LLLTFLLIILLGVLLGLLILI,0.1671092868046003,0.1263591827827897,D,15,-84.59245817099875,-87.37059611156448,-80.84805632329778,-84.30134835095103,-84.22356498655157,-87.06821815473134,-17.024,0.0,16.465000000000003,457.34000000000015,-0.03722394717278173,0.0,0.036001661783355926,-0.0012217802947478895
TYLLVALLGLLLIFL,Mutant,clash,,LLLTYLLVALLGLLLGFLILI,0.0814042440433013,LLLTYLLVALLGLLLIFLILI_0,110011001100110000,1,-44.9435,-66.585,-44.9435,-236.638,-230.453,-253.067,-351.434,4653.99,3919.23,3683.04,-0.509932,1534.72,-70.3626,1480.32,-53.4234,-62.2631,48.6635,-47.9785,9.73782,2.40905,1.639,1092.05,-47.3212,57.8921,-45.0,1183.28,7.3456,1.41362,0.782002,0,LLLTYLLVALLGLLLIFLILI,0.2958589972882668,0.0233312218697141,D,15,-66.50740116562417,-70.06324429843934,-60.97180235261372,-65.11534908892054,-63.35708767240813,-67.24739337280315,-16.9392,0.0,16.429000000000002,734.7599999999998,-0.023054058468071213,0.0,0.022359682073057878,-0.0006940116500626058
AALLFLLLGLLLITL,Mutant,clash,,LLLAALLFLLLGLLLGTLILI,0.0832234642630245,LLLAALLFLLLGLLLITLILI_2,110011001100110000,1,-58.7926,-52.958,-58.7926,-231.552,-222.005,-241.303,-361.299,4612.3,4201.6,3591.06,-0.389594,26949.7,-71.3443,26863.4,-61.2037,-53.1765,69.5927,-44.5618,10.418,3.87149,3.41538,13121.2,-42.6543,63.6897,-38.1137,26588.4,6.7933,1.49625,0.951595,2,LLLAALLFLLLGLLLITLILI,0.3004091173992824,0.0751845037066658,D,14,23.66600598764973,8.156652524403702,-4.140385297248986,-16.162449367338034,5.9826376687384055,-7.308987426162384,-10.140600000000006,0.0,9.751000000000005,410.6999999999998,-0.024691015339664016,0.0,0.02374239103968836,-0.0009486096907718533
TVLLAILLILLLGFL,Mutant,clash,11.0,LLLTVLLAILLGLLLGFLILI,0.3113390997797287,LLLTVLLAILLILLLGFLILI_2,110011001100110000,1,-44.964,-47.375,-44.964,-231.498,-226.124,-246.196,-358.154,4584.68,4068.22,3610.68,-0.379859,537192.0,-82.0718,537107.0,-66.9936,-66.6006,55.8338,-38.8619,10.1092,4.02765,3.36516,343920.0,-71.1566,42.8294,-43.0573,536834.0,7.0278,2.95546,2.0979,2,LLLTVLLAILLILLLGFLILI,0.1987148088568938,0.086580274352619,D,15,-29.60529268930236,-43.60865575018419,-28.38908846261535,-42.634386606305455,-27.04773206915285,-41.55986136094031,-15.078199999999995,0.0,14.698000000000008,516.4600000000005,-0.029195291019633623,0.0,0.028459125585718146,-0.0007355051698098587
