Sequence,Type,Clash Mutant,Mutant Type,Position,WT Sequence,Fluor Difference,Geometry,Interface,Seed,HBONDDimerOptimize,HBONDDimerPreOptimize,HBONDMonomer,IMM1DimerOptimize,IMM1DimerPreOptimize,IMM1Monomer,Monomer,MonomerSasa,OptimizeSasa,PreBBOptimizeSasa,Total,TotalPreOptimize,VDWDimerOptimize,VDWDimerPreOptimize,VDWMonomer,endAxialRotation,endAxialRotationPrime,endCrossingAngle,endXShift,endZShift,endZShiftPrime,firstRepackEnergy,preOptimizeAxialRotation,preOptimizeAxialRotationPrime,preOptimizeCrossingAngle,preOptimizeEnergy,preOptimizeXShift,preOptimizeZShift,preOptimizeZShiftPrime,replicateNumber,Directory,PercentGpA,PercentStd,Sample,LB-12H_M9-36H,VDWDiff,HBONDDiff,IMM1Diff,interfaceSasa,vdwPerSasa,hbondPerSasa,imm1PerSasa,totalPerSasa
AYLLGVLLGLLLGFL,WT,LLLAYLLGVLLILLLGFLILI,clash,,,,LLLAYLLGVLLGLLLGFLILI_1,1.1001100110011e+17,1.0,-61.678,-62.1253,-44.9604,-227.346,-222.523,-239.799,-328.0,4557.62,3474.28,3371.83,-54.4657,-44.2174,-93.4425,-87.5694,-43.2406,-82.2827,41.8481,-35.4166,6.6855,4.4919,3.61962,-49.9076,-78.3342,38.1851,-39.2997,-378.029,6.6883,3.40512,2.4779,1.0,LLLAYLLGVLLGLLLGFLILI,1.2535619143882073,0.0907585843510836,G,99999900.0,-50.201899999999995,-16.717599999999997,12.453000000000003,1083.3399999999997,-0.04633993021581406,-0.015431535805933504,0.011495006184577331,-0.050275721380176136
YVLLGLLLGFLLSTL,WT,LLLYVLLILLLGFLLSTLILI,clash,,,,LLLYVLLGLLLGFLLSTLILI_0,1.1001100110011e+17,1.0,-86.4739,-74.0812,-74.0812,-242.653,-235.245,-247.155,-355.479,4610.22,3646.56,3688.67,-52.2115,-24.2769,-78.5637,-70.4301,-34.2426,-88.1964,44.0461,-45.6889,6.65429,5.67568,4.83637,-24.2345,-92.7718,28.0376,-44.4465,-379.756,7.5,4.20084,3.1214,0.0,LLLYVLLGLLLGFLLSTLILI,1.1344961011589436,0.0257005538338622,G,99999900.0,-44.321099999999994,-12.392700000000005,4.5020000000000095,963.6600000000003,-0.0459924662225266,-0.012860033621816824,0.004671772201813926,-0.05418041632941077
TLLLGILLGFLLSVL,WT,LLLTLLLIILLGFLLSVLILI,clash,,,,LLLTLLLGILLGFLLSVLILI_1,1.1001100110011e+17,1.0,-74.4586,-74.5973,-60.2282,-229.257,-226.605,-244.413,-359.808,4579.8,3616.4,3539.89,-51.9478,-49.1527,-108.041,-107.759,-55.1668,-91.306,42.1447,-43.9668,6.41842,5.88543,5.0176,-47.9442,-85.9497,42.6517,-45.0,-407.584,6.5506,5.15043,4.2902,1.0,LLLTLLLGILLGFLLSVLILI,1.398536688039244,0.1192465027141351,G,99999900.0,-52.874199999999995,-14.230400000000003,15.156000000000006,963.4000000000001,-0.05488291467718496,-0.01477101930662238,0.015731783267593943,-0.053921320323853016
AFLLGILLGLLLGTL,WT,LLLAFLLIILLGLLLGTLILI,clash,,,,LLLAFLLGILLGLLLGTLILI_2,1.1001100110011e+17,1.0,-70.5064,-69.3878,-58.7173,-223.863,-223.827,-235.103,-340.46,4540.38,3422.69,3478.64,-50.8416,12.7118,-96.9319,-34.5337,-46.6394,-78.0792,36.5117,-38.9511,6.48499,3.14097,2.18864,-26.5298,-72.6874,32.4259,-40.8381,-366.994,7.0033,1.78061,0.766999,2.0,LLLAFLLGILLGLLLGTLILI,1.3477134289217478,0.0584253876379822,G,99999900.0,-50.2925,-11.789099999999998,11.240000000000009,1117.69,-0.04499682380624323,-0.010547736850110493,0.010056455725648443,-0.04548810493070529
AFLLGALLGILLSLL,Mutant,,void,3.0,LLLYFLLGALLGILLSLLILI,-0.1763952256265729,LLLAFLLGALLGILLSLLILI_2,1.1001100110011e+17,1.0,-77.4989,-65.6318,-60.2613,-223.906,-220.012,-235.265,-347.897,4538.9,3582.57,3602.89,-50.4669,-29.9588,-96.9587,-92.212,-52.3709,-87.7744,57.5101,-42.2848,6.50258,7.43002,6.79267,-30.3221,-75.95,58.5447,-41.9323,-378.237,6.6534,5.79603,5.1742,2.0,LLLAFLLGALLGILLSLLILI,1.1930348806176414,0.0627176678876705,G,99999900.0,-44.587799999999994,-17.237600000000008,11.35899999999998,956.3299999999995,-0.04662386414731318,-0.01802474041387389,0.011877699120596432,-0.05277142827266742
ALLLGFLLGTLLGSL,Mutant,,void,3.0,LLLYLLLGFLLGTLLGSLILI,-0.3840383698923112,LLLALLLGFLLGTLLGSLILI_0,1.1001100110011e+17,1.0,-88.4797,-89.3786,-74.0188,-219.54,-208.195,-232.23,-350.008,4421.34,3429.3,3400.13,-50.2923,-38.9675,-92.2809,-91.4022,-43.7599,-76.5336,72.0983,-34.2796,6.37717,7.7133,7.29478,-38.3068,-80.3065,54.2755,-36.4683,-388.976,6.5,5.87317,5.1873,0.0,LLLALLLGFLLGTLLGSLILI,1.1202859794260762,0.0914456383348408,G,99999900.0,-48.521,-14.460899999999995,12.689999999999998,992.04,-0.048910326196524335,-0.014576932381758795,0.012791822910366516,-0.050695838877464615
AFLLGTLLGVLLSLL,WT,LLLAFLLGTLLIVLLSLLILI,clash,,,,LLLAFLLGTLLGVLLSLLILI_1,1.1001100110011e+17,1.0,-85.162,-71.3091,-74.0991,-226.789,-227.86,-237.02,-358.582,4518.69,3620.61,3604.23,-49.7296,-36.1702,-96.361,-95.5831,-47.4629,-87.7406,51.0077,-43.0477,6.26443,6.54712,5.81224,-28.3923,-78.9988,51.5632,-42.618,-387.166,6.5,5.31085,4.5843,1.0,LLLAFLLGTLLGVLLSLLILI,1.2612320135205726,0.0349920073455841,G,99999900.0,-48.89810000000001,-11.062899999999999,10.231000000000023,898.0799999999995,-0.0544473766256904,-0.012318390343844653,0.011392080883662958,-0.05537324069125248
AALLGVLLGLLLGFL,Mutant,,void,4.0,LLLAYLLGVLLGLLLGFLILI,0.0164595387576573,LLLAALLGVLLGLLLGFLILI_0,1.1001100110011e+17,1.0,-59.3036,-56.6245,-44.9604,-221.563,-216.508,-230.812,-328.825,4439.2,3498.03,3438.4,-49.6203,-40.3927,-97.5791,-96.0859,-53.0531,-81.5022,44.7153,-35.3617,6.68363,4.76189,3.93262,-40.1274,-78.3342,38.1851,-39.2997,-369.218,6.6883,3.40512,2.4779,0.0,LLLAALLGVLLGLLLGFLILI,1.2362556412489172,0.0346796731654469,G,99999900.0,-44.525999999999996,-14.343200000000003,9.249000000000024,941.1699999999996,-0.04730920025075174,-0.015239754773314075,0.009827130061519203,-0.05272193121327711
YVLLGILLGLLLSFL,WT,LLLYVLLGILLILLLSFLILI,clash,,,,LLLYVLLGILLGLLLSFLILI_0,1.1001100110011e+17,1.0,-70.7177,-73.8263,-60.3102,-239.107,-218.649,-248.033,-352.569,4605.0,3690.96,3595.96,-49.2177,-18.4734,-91.9626,-78.5676,-44.2259,-91.4381,66.4077,-42.0925,7.00402,9.18076,8.67687,-18.8621,-91.43,48.2927,-36.5962,-371.043,7.0472,6.73401,5.9584,0.0,LLLYVLLGILLGLLLSFLILI,0.96173937846963,0.1168566094977664,G,99999900.0,-47.73669999999999,-10.407499999999992,8.925999999999988,914.04,-0.05222605137630738,-0.011386263183230485,0.009765436961183305,-0.053846330576342395
AALLGILLGLLLGTL,Mutant,,void,4.0,LLLAFLLGILLGLLLGTLILI,0.085940304001884,LLLAALLGILLGLLLGTLILI_2,1.1001100110011e+17,1.0,-73.2111,-72.3916,-58.7173,-221.026,-219.752,-230.381,-352.207,4402.86,3403.12,3504.19,-49.2089,-25.2612,-107.18,-85.3253,-63.1096,-80.236,38.3228,-35.3357,6.4831,3.70898,2.78382,-18.3985,-72.6874,32.4259,-40.8381,-369.654,7.0033,1.78061,0.766999,2.0,LLLAALLGILLGLLLGTLILI,1.2516059034690123,0.0722510824873272,G,99999900.0,-44.07040000000001,-14.4938,9.35499999999999,999.7399999999998,-0.04408186128393384,-0.014497569368035692,0.009357432932562458,-0.04922169764138677
YLLLGALLGFLLSTL,WT,LLLYLLLGALLGFLLITLILI,clash,,,,LLLYLLLGALLGFLLSTLILI_0,1.1001100110011e+17,1.0,-90.4274,-86.6288,-74.042,-227.982,-220.821,-244.11,-350.961,4614.19,3654.7,3632.74,-48.0238,-32.7807,-80.5751,-76.2917,-32.8091,-88.2653,60.1632,-42.5165,6.49343,7.86183,7.26427,-33.9968,-83.724,52.3747,-45.0,-383.742,6.6055,6.12918,5.4148,0.0,LLLYLLLGALLGFLLSTLILI,1.2112718306908157,0.0967790738632382,G,99999900.0,-47.766000000000005,-16.385400000000004,16.128000000000014,959.4899999999998,-0.04978269705781198,-0.017077197261044938,0.01680892974392648,-0.050051381463068936
FYLLGVLLGLLLASL,WT,LLLFYLLGVLLILLLASLILI,clash,,,,LLLFYLLGVLLGLLLASLILI_0,1.1001100110011e+17,1.0,-71.2957,-70.3019,-60.32,-231.705,-219.01,-239.256,-339.298,4680.69,3596.19,3576.2,-47.3461,-31.619,-83.6429,-81.6044,-39.7219,-84.4887,60.2956,-40.2578,7.0348,7.31321,6.71764,-28.4053,-75.759,50.2096,-41.8685,-370.917,7.3305,4.64215,3.89529,0.0,LLLFYLLGVLLGLLLASLILI,1.000344050193365,0.0820909284181682,G,99999900.0,-43.921,-10.975699999999996,7.550999999999988,1084.4999999999995,-0.040498847395112975,-0.010120516366989397,0.006962655601659743,-0.04365707699400647
TFLLGLLLGYLLSVL,WT,LLLTFLLGLLLIYLLSVLILI,clash,,,,LLLTFLLGLLLGYLLSVLILI_2,1.1001100110011e+17,1.0,-76.1851,-72.4867,-60.1731,-228.383,-227.754,-247.904,-350.725,4610.63,3521.68,3565.63,-47.2884,29.6607,-93.4447,-20.8233,-42.6472,-88.7479,49.865,-43.1156,6.69552,6.54396,5.79194,-21.9817,-85.0833,46.26,-43.2731,-378.673,7.339,5.5076,4.7015,2.0,LLLTFLLGLLLGYLLSVLILI,1.5646683896167868,0.1325927816960565,G,99999900.0,-50.7975,-16.012000000000008,19.520999999999987,1088.9500000000003,-0.04664814729785572,-0.01470407273061206,0.01792644290371457,-0.04342568529317231
TLLLGALLGFLLSAL,Mutant,,void,16.0,LLLTLLLGALLGFLLSILILI,0.2636523496420828,LLLTLLLGALLGFLLSALILI_1,1.1001100110011e+17,1.0,-76.608,-75.4092,-60.2245,-219.488,-218.171,-238.138,-350.755,4491.61,3664.51,3563.15,-45.9911,-42.4696,-100.65,-99.6449,-52.3925,-89.3594,50.2447,-44.0165,6.82688,6.68695,5.94062,-37.7836,-85.3964,50.7936,-43.9343,-390.34,6.9666,6.1666,5.4285,1.0,LLLTLLLGALLGFLLSALILI,1.2863723782142695,0.0529746883735986,G,99999900.0,-48.25750000000001,-16.383500000000005,18.650000000000006,827.0999999999995,-0.058345423769798135,-0.01980836658203363,0.022548664006770667,-0.05560524724942575
AFLLGILLGVLLGAL,Mutant,,void,16.0,LLLAFLLGILLGVLLGLLILI,-0.0283819057794265,LLLAFLLGILLGVLLGALILI_0,1.1001100110011e+17,1.0,-58.1671,-51.3476,-44.9385,-218.107,-213.49,-230.551,-321.117,4499.44,3417.84,3541.69,-45.9834,-31.3243,-90.826,-87.6041,-45.6278,-84.1868,45.3051,-37.9916,6.87055,5.24421,4.42378,-31.6981,-82.2405,38.4729,-43.0414,-352.441,7.0713,4.02991,3.107,0.0,LLLAFLLGILLGVLLGALILI,1.3465992978838024,0.0844095038917105,G,99999900.0,-45.19819999999999,-13.2286,12.443999999999988,1081.5999999999995,-0.04178827662721895,-0.012230584319526634,0.011505177514792894,-0.0425142381656805
TFLLGILLGLLLGVL,WT,LLLTFLLIILLGLLLGVLILI,clash,,,,LLLTFLLGILLGLLLGVLILI_0,1.1001100110011e+17,1.0,-56.2811,-55.1738,-44.9378,-222.186,-221.84,-241.156,-340.059,4585.36,3462.63,3485.96,-45.3645,-42.4521,-106.956,-105.497,-53.9653,-78.9098,43.2042,-41.4911,6.44562,4.16904,3.31711,-41.7586,-79.84,40.4327,-45.0,-382.511,6.5,3.93441,3.0409,0.0,LLLTFLLGILLGLLLGVLILI,1.2130056867871633,0.0885227950306757,G,99999900.0,-52.990700000000004,-11.3433,18.97,1122.7299999999996,-0.047198079680778125,-0.01010331958707793,0.016896315231622924,-0.04040552937928087
ALLLGLLLGTLLSFL,WT,LLLALLLGLLLITLLSFLILI,clash,,,,LLLALLLGLLLGTLLSFLILI_1,1.1001100110011e+17,1.0,-90.5454,-80.5523,-74.0307,-224.816,-222.16,-237.459,-366.307,4524.66,3683.02,3527.6,-45.3082,-32.7171,-96.2527,-96.3114,-54.8169,-87.0739,56.8671,-40.8239,6.65379,7.23815,6.59115,-24.3603,-76.1776,59.1137,-38.6839,-390.64,6.9104,5.90699,5.2937,1.0,LLLALLLGLLLGTLLSFLILI,1.1362887200523857,0.0756514497365517,G,99999900.0,-41.43580000000001,-16.514700000000005,12.643,841.6399999999999,-0.04923221329784708,-0.01962204743120575,0.01502186207879854,-0.05383323035977378
AYLLGLLLGTLLSFL,WT,LLLAYLLGLLLITLLSFLILI,clash,,,,LLLAYLLGLLLGTLLSFLILI_1,1.1001100110011e+17,1.0,-93.8116,-90.7098,-74.0929,-226.907,-222.774,-243.634,-354.881,4565.18,3698.5,3555.33,-45.0841,-36.1605,-79.2467,-77.5575,-37.154,-86.9979,51.5189,-44.0504,6.41514,6.50474,5.77752,-31.9966,-80.4387,52.288,-45.0,-387.269,6.6037,5.62468,4.909,1.0,LLLAYLLGLLLGTLLSFLILI,1.1557142659620887,0.1100857377115872,G,99999900.0,-42.0927,-19.7187,16.726999999999975,866.6800000000003,-0.048567752803803,-0.022751996123136557,0.019300087690958565,-0.052019315087460175
YTLLAILLGLLLGFL,WT,LLLYTLLAILLILLLGFLILI,clash,,,,LLLYTLLAILLGLLLGFLILI_2,1.1001100110011e+17,1.0,-69.0043,-67.2199,-44.9774,-230.249,-223.21,-246.979,-337.702,4624.54,4029.73,3581.62,-44.9553,63.992,-83.4039,16.7197,-45.7454,-66.047,49.2955,-50.0238,7.07112,3.06194,2.30137,54.7611,-66.7527,35.1406,-44.5294,-273.71,7.1807,1.25689,0.283999,2.0,LLLYTLLAILLGLLLGFLILI,0.2544690929432932,0.0290451223111449,G,99999900.0,-37.6585,-24.026899999999998,16.730000000000018,594.81,-0.06331181385652561,-0.04039424353995393,0.02812662867134046,-0.07557926060422657
TFLLGLLLGVLLAAL,Mutant,,void,16.0,LLLTFLLGLLLGVLLAILILI,0.0382182276894924,LLLTFLLGLLLGVLLAALILI_2,1.1001100110011e+17,1.0,-57.8777,-56.0276,-44.9935,-226.309,-222.469,-239.206,-338.391,4548.14,3550.43,3550.93,-44.7561,-13.7627,-98.9599,-73.6573,-54.191,-86.4739,45.653,-40.1695,6.92491,5.63424,4.81904,-29.2922,-75.4208,48.7219,-40.9997,-368.257,7.4067,4.39057,3.6214,2.0,LLLTFLLGLLLGVLLAALILI,1.3046603252905211,0.1421954774659876,G,99999900.0,-44.7689,-12.8842,12.896999999999991,997.7100000000005,-0.044871656092451695,-0.012913772539114566,0.012926601918393106,-0.04485882671317315
LVALLLLLTSLLFLL,WT,LLLLVILLLLLTSLLFLLILI,clash,,,,LLLLVALLLLLTSLLFLLILI_2,1.1001100110011e+17,1.0,-74.1744,-73.5419,-74.2973,-246.246,-244.149,-246.51,-385.555,4645.13,3608.58,3549.81,-44.4782,-30.2696,-109.613,-98.1336,-64.7473,-6.35302,106.252,32.5264,8.73895,1.79691,1.89068,-29.0858,-10.5055,89.5832,26.7676,-415.743,8.6395,0.169552,0.0132994,2.0,LLLLVALLLLLTSLLFLLILI,0.5076519739762442,0.0338409857206576,L,99999900.0,-44.865700000000004,0.12290000000000134,0.2639999999999816,1036.5500000000002,-0.04328368144324923,0.00011856639814770278,0.00025469104240025234,-0.04290984515942308
AFLLGTLLGLLLSVL,WT,LLLAFLLGTLLILLLSVLILI,clash,,,,LLLAFLLGTLLGLLLSVLILI_2,1.1001100110011e+17,1.0,-83.5587,-82.8443,-74.0774,-219.969,-217.261,-237.012,-357.949,4518.62,3565.16,3567.54,-44.4495,-30.9745,-98.8707,-88.8176,-46.8596,-91.5073,54.2181,-36.2278,6.97475,7.54555,6.85882,-33.47,-91.43,48.2927,-36.5962,-390.482,7.0472,6.73401,5.9584,2.0,LLLAFLLGTLLGLLLSVLILI,1.3252544722760728,0.0655699922426975,G,99999900.0,-52.0111,-9.481300000000005,17.043000000000006,953.46,-0.05454985001992742,-0.009944098336584654,0.01787489774085961,-0.0466191554968221
TFLLGLLLGVLLAIL,WT,LLLTFLLGLLLIVLLAILILI,clash,,,,LLLTFLLGLLLGVLLAILILI_2,1.1001100110011e+17,1.0,-57.8427,-56.3001,-44.9935,-229.715,-228.945,-242.981,-346.411,4556.2,3546.43,3547.59,-43.8692,-41.6658,-102.722,-102.831,-58.4367,-84.3394,47.0499,-39.923,6.95915,5.50265,4.7084,-29.5888,-75.4208,48.7219,-40.9997,-376.918,7.4067,4.39057,3.6214,2.0,LLLTFLLGLLLGVLLAILILI,1.3488972178456695,0.1283689865707424,G,99999900.0,-44.28529999999999,-12.849200000000003,13.265999999999991,1009.77,-0.04385681887954682,-0.012724877942501761,0.013137645206334108,-0.04344474484288501
LLLLLAVLFILLITL,Mutant,,clash,15.0,LLLLLLLLAVLFILLSTLILI,-0.0843371563105101,LLLLLLLLAVLFILLITLILI_1,1.1001100110011e+17,1.0,-58.8706,-58.8706,-58.8706,-254.049,-251.993,-247.543,-376.298,4598.94,3735.19,3601.85,-43.7877,85.1994,-107.166,19.7646,-69.8841,-47.908,90.5033,28.4371,9.04489,5.90415,5.7617,39.022,-48.0588,67.1612,19.6216,-337.368,9.5,2.77558,2.283,1.0,LLLLLLLLAVLFILLITLILI,0.2065774262774471,0.0663552451964388,L,99999900.0,-37.28189999999999,0.0,-6.506,863.7499999999995,-0.04316283646888569,0.0,-0.007532272069464548,-0.05069487698986978
LVALLLLLTSLLFAL,Mutant,,void,16.0,LLLLVALLLLLTSLLFLLILI,-0.0307613058477341,LLLLVALLLLLTSLLFALILI_1,1.1001100110011e+17,1.0,-78.0719,-79.1816,-74.2973,-240.073,-236.443,-242.433,-374.932,4602.84,3522.6,3541.91,-43.6566,-35.3713,-100.444,-94.6786,-58.2024,-7.74954,103.147,29.0322,8.66516,1.58725,1.63446,-28.7762,-10.5055,89.5832,26.7676,-406.345,8.6395,0.169552,0.0132994,1.0,LLLLVALLLLLTSLLFALILI,0.5384132798239786,0.048328375111771,L,99999900.0,-42.241600000000005,-3.7745999999999924,2.359999999999985,1080.2400000000002,-0.03910390283640672,-0.0034942235058875726,0.002184699696363757,-0.04041379693401465
ALLLGFLLGTLLGVL,WT,LLLALLLGFLLITLLGVLILI,clash,,,,LLLALLLGFLLGTLLGVLILI_0,1.1001100110011e+17,1.0,-73.0889,-67.0194,-58.6797,-214.289,-209.484,-232.75,-340.691,4439.35,3397.92,3396.18,-43.5706,-29.9398,-96.883,-94.1274,-49.2612,-80.3642,52.6536,-34.8096,7.0524,5.66287,4.95268,-30.3321,-82.6456,43.881,-35.0,-370.631,7.5,4.82078,3.979,0.0,LLLALLLGFLLGTLLGVLILI,1.2173323936713478,0.0806943384301634,G,99999900.0,-47.62179999999999,-14.409199999999998,18.461000000000013,1041.4300000000003,-0.04572731724647838,-0.013835975533641237,0.017726587480675616,-0.04183728143034096
ALLLGTLLGFLLSIL,WT,LLLALLLGTLLIFLLSILILI,clash,,,,LLLALLLGTLLGFLLSILILI_2,1.1001100110011e+17,1.0,-84.3362,-84.2485,-74.0793,-221.449,-222.055,-238.286,-362.898,4478.03,3621.55,3567.81,-43.2323,-30.9443,-100.346,-87.5388,-50.5325,-92.1451,53.5909,-35.9794,7.05335,7.55654,6.8604,-32.2458,-91.43,48.2927,-36.5962,-397.649,7.0472,6.73401,5.9584,2.0,LLLALLLGTLLGFLLSILILI,1.3831149009425785,0.1041127377317918,G,99999900.0,-49.813500000000005,-10.256900000000002,16.83699999999999,856.4799999999996,-0.05816072762936675,-0.011975644498412114,0.01965836913880067,-0.05047671866243231
LVALALLLTSLIFLL,Mutant,,void,7.0,LLLLVALLLLLTSLIFLLILI,-0.1033945161135255,LLLLVALALLLTSLIFLLILI_2,1.1001100110011e+17,1.0,-74.1739,-77.7712,-74.2414,-241.618,-233.681,-242.377,-371.108,4590.87,3591.36,3476.58,-42.9163,-33.434,-98.233,-93.0899,-54.4897,-6.56403,119.866,28.2544,8.90896,3.66645,3.96443,-24.0899,-7.06267,100.0,24.3247,-394.965,8.5,1.0594,1.0594,2.0,LLLLVALALLLTSLIFLLILI,0.4099365004328282,0.0370894540866004,L,99999900.0,-43.743300000000005,0.06749999999999545,0.7590000000000146,999.5099999999998,-0.043764744724915226,6.753309121469067e-05,0.0007593720923252541,-0.04293733929625518
SYLLGVLLGTLLGFL,WT,LLLSYLLGVLLITLLGFLILI,clash,,,,LLLSYLLGVLLGTLLGFLILI_0,1.1001100110011e+17,1.0,-83.6882,-81.1759,-58.6887,-223.862,-226.157,-248.976,-339.766,4521.23,3614.85,3539.91,-42.8132,198.958,-75.0295,166.525,-32.1018,-76.0479,35.2419,-41.6651,6.82924,2.66484,1.69346,130.064,-69.5064,38.1576,-45.0,-140.808,6.5231,2.07724,1.1496,0.0,LLLSYLLGVLLGTLLGFLILI,0.864237885732473,0.095042538074375,G,99999900.0,-42.9277,-24.999499999999998,25.114000000000004,906.3799999999997,-0.04736170259714471,-0.027581698625300653,0.027708025331538665,-0.047235375890906706
AALLGLLLGTLLSFL,Mutant,,void,4.0,LLLAYLLGLLLGTLLSFLILI,-0.0074020419660674,LLLAALLGLLLGTLLSFLILI_1,1.1001100110011e+17,1.0,-91.0865,-85.61,-74.0929,-222.068,-217.782,-234.678,-356.375,4456.71,3704.54,3634.85,-42.7289,-27.3032,-85.949,-80.2861,-47.6033,-88.2665,52.7589,-43.5528,6.34038,6.86243,6.15381,-25.2213,-80.4387,52.288,-45.0,-380.954,6.6037,5.62468,4.909,1.0,LLLAALLGLLLGTLLSFLILI,1.1654299997876791,0.1169336704326826,G,99999900.0,-38.3457,-16.9936,12.609999999999985,752.1700000000001,-0.05098009758432269,-0.02259276493345919,0.01676482710025657,-0.05680750362285122
LVALLLALTALLFIL,Mutant,,void,9.0,LLLLVALLLLLTALLFILILI,-0.3076042757485754,LLLLVALLLALTALLFILILI_0,1.1001100110011e+17,1.0,-58.8987,-58.8987,-58.8987,-242.563,-232.394,-240.417,-357.083,4557.61,3640.84,3579.92,-42.648,-29.4143,-98.2687,-95.2043,-57.7672,-7.4427,107.954,21.1515,9.15065,2.19016,2.30946,-28.1674,-11.3257,90.2296,21.4503,-386.497,9.259,0.379856,0.233301,0.0,LLLLVALLLALTALLFILILI,0.7718065845740175,0.0527566364028536,L,99999900.0,-40.50149999999999,0.0,-2.1459999999999866,916.7699999999995,-0.044178474426519204,0.0,-0.0023408270340434215,-0.046519846853627436
SYLLGVLLGLLLAFL,WT,LLLSYLLGVLLILLLAFLILI,clash,,,,LLLSYLLGVLLGLLLAFLILI_0,1.1001100110011e+17,1.0,-70.0222,-67.7448,-44.9369,-226.74,-225.502,-250.735,-342.933,4561.79,3670.35,3604.49,-42.6317,-37.3632,-88.8021,-87.0492,-47.2606,-85.6043,44.9919,-45.1191,7.11198,5.41455,4.58943,-38.611,-83.7533,47.7994,-42.6647,-380.296,7.5,5.51591,4.7329,0.0,LLLSYLLGVLLGLLLAFLILI,1.0376215045686437,0.119315756970009,G,99999900.0,-41.5415,-25.085299999999997,23.995000000000005,891.44,-0.046600444225074034,-0.02814020012563941,0.026917122857399268,-0.047823409315265186
YFLLGALLGILLSLL,WT,LLLYFLLGALLIILLSLLILI,clash,,,,LLLYFLLGALLGILLSLLILI_0,1.1001100110011e+17,1.0,-73.0694,-65.2413,-60.2613,-229.412,-221.721,-245.81,-345.068,4688.24,3681.29,3669.59,-42.6019,-28.6596,-85.1891,-86.7661,-38.9969,-81.5273,61.7652,-44.5859,6.57449,7.0674,6.49388,-28.2795,-75.95,58.5447,-41.9323,-373.728,6.6534,5.79603,5.1742,0.0,LLLYFLLGALLGILLSLLILI,0.992907173829393,0.1149816452261383,G,99999900.0,-46.1922,-12.808100000000003,16.397999999999996,1006.9499999999998,-0.04587338000893789,-0.012719698098217394,0.016284820497542082,-0.042307860370425554
TLLLGVLLGFLLGIL,WT,LLLTLLLIVLLGFLLGILILI,clash,,,,LLLTLLLGVLLGFLLGILILI_2,1.1001100110011e+17,1.0,-56.3341,-56.4243,-44.9313,-225.294,-224.609,-241.228,-340.112,4527.7,3612.26,3571.95,-42.3279,-39.0361,-100.812,-98.1145,-53.9534,-91.8775,43.6265,-45.3592,6.54818,6.1712,5.32559,-31.8196,-90.0074,38.3333,-42.1317,-373.032,6.7822,5.1761,4.2511,2.0,LLLTLLLGVLLGFLLGILILI,1.178168049851392,0.0577804764971336,G,99999900.0,-46.858599999999996,-11.4028,15.933999999999997,915.4399999999996,-0.05118697020012236,-0.01245608669055318,0.01740583762999214,-0.04623776544612429
TFLLGALLGILLSLL,WT,LLLTFLLIALLGILLSLLILI,clash,,,,LLLTFLLGALLGILLSLLILI_1,1.1001100110011e+17,1.0,-75.0733,-71.7627,-60.2746,-224.087,-224.201,-242.606,-357.483,4576.04,3598.52,3612.73,-42.2684,-35.3015,-100.591,-96.8205,-54.6024,-83.7188,57.1749,-42.1395,6.64092,6.77643,6.13405,-32.7373,-77.8631,56.6563,-43.9434,-390.872,6.8019,5.82806,5.1779,1.0,LLLTFLLGALLGILLSLLILI,1.1083839271429516,0.0352431530028336,G,99999900.0,-45.98859999999999,-14.798700000000004,18.519000000000005,977.52,-0.0470461985432523,-0.01513902528848515,0.018944880923152472,-0.043240445208282186
LLFLLAVLTYLLSAL,Mutant,,void,16.0,LLLLLFLLAVLTYLLSLLILI,0.0825373547830953,LLLLLFLLAVLTYLLSALILI_2,1.1001100110011e+17,1.0,-74.2106,-71.1032,-74.2021,-249.919,-240.38,-244.715,-358.391,4628.26,3679.05,3632.31,-42.251,-27.4845,-76.5118,-74.3917,-39.474,-7.74877,115.611,25.6684,9.63346,3.26986,3.50403,-25.5866,-7.46127,97.2494,27.9329,-385.875,9.5,0.747859,0.7066,2.0,LLLLLFLLAVLTYLLSALILI,0.27198798558594,0.0141010613614742,L,99999900.0,-37.0378,-0.008499999999997954,-5.204000000000008,949.21,-0.03901960577743597,-8.95481505672923e-06,-0.0054824538300270835,-0.04451175187787739
TYLLGVLLGLLLGFL,WT,LLLTYLLGVLLILLLGFLILI,clash,,,,LLLTYLLGVLLGLLLGFLILI_0,1.1001100110011e+17,1.0,-59.0906,-57.3899,-44.9134,-229.67,-226.723,-248.28,-336.902,4591.86,3576.56,3512.19,-42.2293,-30.0874,-90.3713,-82.8764,-43.709,-65.1604,53.428,-36.0875,6.50696,3.48684,2.78826,-28.7779,-70.6256,40.5984,-41.2559,-366.99,6.8843,2.57462,1.6836,0.0,LLLTYLLGVLLGLLLGFLILI,0.9485131063736107,0.1160018944808707,G,99999900.0,-46.6623,-14.1772,18.610000000000014,1015.2999999999997,-0.04595912538166061,-0.013963557569191374,0.018329557766177503,-0.041592928198562015
LSYLVALLLTLALLL,Mutant,,void,14.0,LLLLSYLVALLLTLFLLLILI,-0.1120953572062885,LLLLSYLVALLLTLALLLILI_0,1.1001100110011e+17,1.0,-60.8008,-60.5813,-58.8562,-241.526,-219.605,-241.969,-364.629,4646.89,3604.15,3609.4,-42.1364,54.3786,-104.438,-30.0633,-63.8037,-52.9011,86.4118,17.6486,9.56849,6.10076,5.89694,49.7581,-61.4585,53.4775,20.0104,-310.25,9.4977,2.93824,2.2404,0.0,LLLLSYLVALLLTLALLLILI,0.523648717605081,0.0586774408705925,L,99999900.0,-40.6343,-1.9446000000000012,0.44299999999998363,1042.7400000000002,-0.03896877457467825,-0.0018648944127970548,0.0004248422425532573,-0.040409306250839126
YFLLGTLLGVLLALL,WT,LLLYFLLGTLLIVLLALLILI,clash,,,,LLLYFLLGTLLGVLLALLILI_1,1.1001100110011e+17,1.0,-69.0517,-67.9945,-58.7627,-233.433,-226.047,-245.562,-338.795,4676.31,3601.74,3675.14,-42.1088,-31.6611,-78.4197,-76.4149,-34.4706,-79.8351,39.7778,-41.6485,6.85573,3.84526,2.94193,-31.1935,-70.6256,40.5984,-41.2559,-370.125,6.8843,2.57462,1.6836,1.0,LLLYFLLGTLLGVLLALLILI,1.0011584518216063,0.0959992674866827,G,99999900.0,-43.94910000000001,-10.288999999999994,12.129000000000019,1074.5700000000006,-0.04089924341829754,-0.009574992787812788,0.011287305619922399,-0.039186651404747926
AYLLGVLLGLLLGSL,WT,LLLAYLLGVLLILLLGSLILI,clash,,,,LLLAYLLGVLLGLLLGSLILI_0,1.1001100110011e+17,1.0,-72.7513,-73.5397,-60.2742,-216.316,-214.832,-237.255,-348.662,4498.22,3471.45,3460.86,-41.9544,690.114,-101.549,629.824,-51.1329,-76.7902,43.5618,-36.218,6.67925,3.89936,3.05279,568.586,-71.2876,45.5524,-38.516,341.452,6.6243,3.34271,2.526,0.0,LLLAYLLGVLLGLLLGSLILI,1.2249488004183615,0.1255955835829465,G,99999900.0,-50.41610000000001,-12.4771,20.938999999999993,1026.7700000000004,-0.04910164886001732,-0.012151796410101575,0.02039307732013984,-0.0408605627355688
LVALLLLLTALLFIL,WT,LLLLVALLLLLTILLFILILI,clash,,,,LLLLVALLLLLTALLFILILI_1,1.1001100110011e+17,1.0,-58.8987,-58.8987,-58.8987,-243.826,-244.132,-244.471,-367.664,4630.25,3625.9,3597.95,-41.9505,-34.4161,-106.889,-99.0492,-64.2939,-6.04351,105.081,20.5315,8.9618,1.5924,1.66861,-31.5598,-11.3257,90.2296,21.4503,-398.062,9.259,0.379856,0.233301,1.0,LLLLVALLLLLTALLFILILI,0.4642023088254405,0.1423617059231388,L,99999900.0,-42.5951,0.0,0.6450000000000102,1004.3499999999999,-0.0424106138298402,0.0,0.000642206402150655,-0.04176880569522577
LLALLFVLTSLLYLL,WT,LLLLLALLFVLTILLYLLILI,clash,,,,LLLLLALLFVLTSLLYLLILI_2,1.1001100110011e+17,1.0,-76.8504,-75.7432,-74.2961,-244.865,-219.802,-248.848,-372.584,4628.08,3612.1,3563.4,-41.8363,-12.085,-92.7048,-89.1233,-49.4402,-5.81569,118.18,23.1851,8.7327,3.32665,3.59935,-11.8483,-7.37323,96.1061,21.1567,-384.669,8.5838,0.580309,0.521901,2.0,LLLLLALLFVLTSLLYLLILI,0.4444569272340015,0.049242994615379,L,99999900.0,-43.26460000000001,-2.554299999999998,3.983000000000004,1015.98,-0.04258410598633832,-0.0025141242937853085,0.0039203527628496665,-0.04117827122581153
LLFLLAVLTYLLSLL,WT,LLLLLFLLAVLTILLSLLILI,clash,,,,LLLLLFLLAVLTYLLSLLILI_0,1.1001100110011e+17,1.0,-71.1032,-71.1032,-74.2021,-252.73,-244.437,-248.788,-369.83,4688.69,3693.73,3624.22,-41.8079,-31.2498,-87.8053,-85.5392,-46.8404,-5.39497,112.949,26.8126,9.36965,2.55731,2.75154,-30.5311,-7.46127,97.2494,27.9329,-401.08,9.5,0.747859,0.7066,0.0,LLLLLFLLAVLTYLLSLLILI,0.3545253403690356,0.0274608733969196,L,99999900.0,-40.9649,3.0989000000000004,-3.941999999999979,994.9599999999996,-0.04117240894106298,0.0031145975717616807,-0.003961968320334466,-0.042019679183082755
TFLLGALLGILLSAL,Mutant,,void,16.0,LLLTFLLGALLGILLSLLILI,-0.0905056131681363,LLLTFLLGALLGILLSALILI_2,1.1001100110011e+17,1.0,-75.1486,-69.7988,-60.2746,-220.165,-219.266,-239.606,-345.833,4583.44,3571.72,3593.08,-41.6778,-29.3079,-92.1977,-86.0758,-45.9527,-84.2571,56.9975,-41.9477,6.64114,6.83323,6.18819,-30.8956,-77.8631,56.6563,-43.9434,-378.019,6.8019,5.82806,5.1779,2.0,LLLTFLLGALLGILLSALILI,1.2131517134292662,0.1410504835884509,G,99999900.0,-46.245,-14.874000000000002,19.441000000000003,1011.7199999999998,-0.045709287154548695,-0.014701696121456534,0.019215790930296926,-0.041194994662554864
LFWLLAVLTALLYLL,WT,LLLLFWLLAVLTILLYLLILI,clash,,,,LLLLFWLLAVLTALLYLLILI_1,1.1001100110011e+17,1.0,-58.9566,-58.9566,-58.9566,-247.687,-225.776,-249.07,-348.058,4786.24,3606.85,3562.28,-41.5776,-8.00545,-82.9922,-71.331,-40.0319,-4.34474,125.644,21.7179,9.37804,4.11366,4.49832,-9.80379,-10.97,92.972,21.0294,-347.089,8.5,0.69672,0.5913,1.0,LLLLFWLLAVLTALLYLLILI,0.4131530644831216,0.0345315166745863,L,99999900.0,-42.9603,0.0,1.3829999999999814,1179.3899999999999,-0.03642586421794317,0.0,0.0011726400936076969,-0.03525347849311933
SYLLGLLLGVLLGTL,WT,LLLSYLLGLLLIVLLGTLILI,clash,,,,LLLSYLLGLLLGVLLGTLILI_0,1.1001100110011e+17,1.0,-83.58,-81.713,-58.7511,-221.522,-220.931,-247.414,-356.402,4529.24,3496.05,3561.44,-41.5625,-33.9563,-92.862,-87.7137,-50.2369,-82.5781,38.3716,-43.2536,6.6877,4.06688,3.14245,-32.9127,-82.2405,38.4729,-43.0414,-390.358,7.0713,4.02991,3.107,0.0,LLLSYLLGLLLGVLLGTLILI,1.0920548493662496,0.0107621692266515,G,99999900.0,-42.625099999999996,-24.828899999999997,25.891999999999996,1033.1899999999996,-0.041255819355588044,-0.024031301115961252,0.025060250292782554,-0.04022735411686139
YFLLGALLGILLTLL,WT,LLLYFLLIALLGILLTLLILI,clash,,,,LLLYFLLGALLGILLTLLILI_2,1.1001100110011e+17,1.0,-67.377,-67.9612,-58.775,-227.9,-226.676,-246.988,-341.423,4712.69,3689.3,3659.07,-41.557,-39.5367,-87.703,-86.3222,-35.6595,-76.8108,60.327,-44.7846,6.66133,6.16576,5.57067,-37.2888,-72.8097,60.8563,-43.7016,-378.546,6.839,5.63706,5.0499,2.0,LLLYFLLGALLGILLTLLILI,1.1126677155414113,0.120538530023752,G,99999900.0,-52.0435,-8.601999999999997,19.087999999999994,1023.3899999999994,-0.05085402436998606,-0.008405397746704582,0.018651735897360737,-0.04060719764703586
YFLLGLLLGVLLGSL,WT,LLLYFLLGLLLIVLLGSLILI,clash,,,,LLLYFLLGLLLGVLLGSLILI_0,1.1001100110011e+17,1.0,-75.2481,-75.5891,-60.2835,-220.842,-218.266,-243.193,-336.922,4639.74,3451.94,3448.81,-41.4836,-38.6305,-82.3146,-81.6969,-33.4451,-81.2578,53.2781,-39.8345,6.48963,5.88121,5.18039,-38.4342,-78.9548,52.0865,-37.7493,-375.552,6.5,5.3749,4.6562,0.0,LLLYFLLGLLLGVLLGSLILI,1.2778778886582676,0.1489711012554658,G,99999900.0,-48.8695,-14.964599999999997,22.351,1187.7999999999997,-0.04114286916989393,-0.012598585620474828,0.018817140932816976,-0.03492473480383904
SYLLGVLLGLLLATL,WT,LLLSYLLGVLLILLLATLILI,clash,,,,LLLSYLLGVLLGLLLATLILI_0,1.1001100110011e+17,1.0,-84.2493,-81.7305,-58.7839,-225.01,-224.764,-250.452,-362.713,4530.68,3562.42,3596.46,-41.3059,-37.0403,-94.7595,-93.2584,-53.4766,-86.6176,44.0155,-44.3024,6.70721,5.43474,4.59497,-35.826,-84.8765,45.4702,-44.3391,-399.753,6.8761,5.36995,4.552,0.0,LLLSYLLGVLLGLLLATLILI,1.1293321764468296,0.1200191081237773,G,99999900.0,-41.282900000000005,-25.465400000000002,25.442000000000007,968.2600000000002,-0.04263617210253444,-0.026300167310433144,0.02627600024786731,-0.04265992605291966
LFALLLILTVLLILL,Mutant,,clash,15.0,LLLLFALLLILTVLLSLLILI,0.0986474846751807,LLLLFALLLILTVLLILLILI_2,1.1001100110011e+17,1.0,-58.9081,-55.2399,-58.9643,-253.439,-246.901,-248.79,-373.367,4639.27,3740.2,3573.6,-41.1388,7.51041,-102.159,-63.7161,-65.6133,-55.1212,74.1568,33.8566,10.0798,4.77934,4.39169,7.13021,-52.4978,61.3022,27.6773,-368.872,9.5,2.65047,2.07,2.0,LLLLFALLLILTVLLILLILI,0.297277340104688,0.0431401503102689,L,99999900.0,-36.54570000000001,0.056200000000004025,-4.649000000000001,899.0700000000006,-0.04064833661450164,6.250903711613554e-05,-0.0051708988176671425,-0.04575706007318671
SYLLGVLLGTLLGLL,WT,LLLSYLLGVLLITLLGLLILI,clash,,,,LLLSYLLGVLLGTLLGLLILI_2,1.1001100110011e+17,1.0,-85.352,-82.076,-58.7296,-223.483,-223.778,-248.085,-357.45,4512.32,3512.95,3640.28,-41.0956,-12.2105,-89.7104,-63.8062,-50.6347,-81.047,35.5723,-44.4775,6.85738,3.45931,2.49289,-23.3255,-80.0419,31.8268,-44.1909,-383.159,7.2939,2.8029,1.7803,2.0,LLLSYLLGVLLGTLLGLLILI,1.1672142917785089,0.1074895722386148,G,99999900.0,-39.075700000000005,-26.622400000000006,24.602000000000004,999.3699999999999,-0.03910033320992226,-0.026639182685091616,0.02461750903068934,-0.04112150654912595
SYLLGTLLGLLLAFL,WT,LLLSYLLGTLLILLLAFLILI,clash,,,,LLLSYLLGTLLGLLLAFLILI_0,1.1001100110011e+17,1.0,-82.4442,-70.5067,-58.7409,-228.325,-228.59,-250.973,-350.323,4552.14,3665.56,3537.71,-40.9,-25.4965,-80.4545,-76.7235,-40.6095,-75.1207,48.44,-45.7428,6.47723,4.30751,3.5341,-25.3084,-70.5949,52.7477,-43.07,-375.82,6.8566,4.21018,3.5014,0.0,LLLSYLLGTLLGLLLAFLILI,0.4976602438187736,0.0775074437372705,G,99999900.0,-39.845,-23.70329999999999,22.648000000000025,886.5800000000004,-0.044942362787340095,-0.026735658372622866,0.0255453540571635,-0.04613232872386021
AFLLGTLLGALLSVL,Mutant,,void,12.0,LLLAFLLGTLLGLLLSVLILI,-0.0515265848700494,LLLAFLLGTLLGALLSVLILI_1,1.1001100110011e+17,1.0,-83.841,-82.2628,-74.0634,-215.878,-212.733,-232.951,-347.166,4463.36,3571.96,3622.05,-40.6585,-15.8447,-88.1047,-68.0146,-40.1517,-91.4583,54.0786,-37.1641,6.97782,7.51935,6.83053,-30.523,-91.43,48.2927,-36.5962,-375.093,7.0472,6.73401,5.9584,1.0,LLLAFLLGTLLGALLSVLILI,1.3845073510532098,0.1075160056932127,G,99999900.0,-47.952999999999996,-9.777599999999993,17.073000000000008,891.3999999999996,-0.05379515369082344,-0.010968813102984067,0.0191530177249271,-0.045611958716625545
AYLLGLLLGTLLSAL,Mutant,,void,16.0,LLLAYLLGLLLGTLLSFLILI,0.0900233983419722,LLLAYLLGLLLGTLLSALILI_1,1.1001100110011e+17,1.0,-92.3468,-91.525,-74.0929,-219.824,-217.583,-238.689,-360.774,4513.5,3569.31,3524.0,-40.6558,-35.0848,-89.2589,-86.7514,-47.9923,-84.1276,52.052,-44.6711,6.4932,6.14615,5.42693,-31.4724,-80.4387,52.288,-45.0,-392.234,6.6037,5.62468,4.909,1.0,LLLAYLLGLLLGTLLSALILI,1.053726657773515,0.0832369489744724,G,99999900.0,-41.2666,-18.2539,18.86499999999998,944.19,-0.0437058219214353,-0.019332867325432383,0.019980088753322932,-0.043058918226204466
TLLLGLLLGFLLSIL,WT,LLLTLLLILLLGFLLSILILI,clash,,,,LLLTLLLGLLLGFLLSILILI_2,1.1001100110011e+17,1.0,-73.5792,-72.6378,-60.3038,-224.327,-225.348,-246.158,-368.568,4541.92,3624.3,3593.83,-40.6018,5.76227,-111.263,-64.8196,-62.1065,-92.5904,43.2583,-44.2212,6.80456,6.22843,5.37731,-31.6359,-95.1054,38.6706,-41.1733,-400.399,7.1293,5.98634,5.0664,2.0,LLLTLLLGLLLGFLLSILILI,1.3690146562037546,0.0870581974760032,G,99999900.0,-49.15650000000001,-13.275399999999998,21.83099999999999,917.6199999999999,-0.05356956038447289,-0.014467208648460145,0.023790893834048945,-0.04424685599703581
SYLLGVLLGTLLGAL,Mutant,,void,16.0,LLLSYLLGVLLGTLLGLLILI,0.0487714801835683,LLLSYLLGVLLGTLLGALILI_2,1.1001100110011e+17,1.0,-83.4072,-81.521,-58.7296,-217.461,-219.69,-243.886,-346.125,4467.51,3486.94,3598.87,-40.5547,-23.6774,-85.812,-68.5923,-43.5101,-81.6248,35.0458,-41.7684,6.92582,3.4749,2.50059,-25.1658,-80.0419,31.8268,-44.1909,-371.715,7.2939,2.8029,1.7803,2.0,LLLSYLLGVLLGTLLGALILI,1.1107361404616054,0.0466533503017653,G,99999900.0,-42.301899999999996,-24.677600000000005,26.424999999999983,980.5700000000002,-0.0431401123836136,-0.0251665867811579,0.02694861152186991,-0.04135829160590268
ALLLGVLLGTLLSFL,WT,LLLALLLGVLLITLLSFLILI,clash,,,,LLLALLLGVLLGTLLSFLILI_0,1.1001100110011e+17,1.0,-84.9944,-84.1744,-74.0352,-227.397,-217.479,-235.988,-360.126,4480.58,3695.16,3692.74,-40.5331,-27.1,-88.2669,-85.572,-50.1029,-98.9353,46.1511,-39.886,6.72577,7.57069,6.76295,-25.1109,-93.9928,36.7785,-43.1657,-387.226,6.6465,5.56402,4.6157,0.0,LLLALLLGVLLGTLLSFLILI,1.2479860289586158,0.1309723954469055,G,99999900.0,-38.16400000000001,-10.959199999999996,8.591000000000008,785.4200000000001,-0.04859056301087317,-0.01395329887194112,0.010938096814443236,-0.05160691095210205
LYVLLATLFLLLSIL,WT,LLLLYVLLATLFLLLIILILI,clash,,,,LLLLYVLLATLFLLLSILILI_0,1.1001100110011e+17,1.0,-74.2943,-74.2649,-74.2649,-252.781,-244.117,-248.434,-366.863,4597.14,3732.84,3558.96,-40.533,-35.0885,-80.3209,-83.5694,-44.1645,-44.9216,85.7431,22.9419,9.73662,4.81355,4.5997,-35.1003,-49.3712,65.8721,24.7505,-401.951,9.5,2.79842,2.2865,0.0,LLLLYVLLATLFLLLSILILI,0.2337232782006677,0.1167947182329994,L,99999900.0,-36.1564,-0.02940000000000964,-4.347000000000008,864.3000000000002,-0.04183315978248292,-3.401596667824787e-05,-0.005029503644567867,-0.046896910794862884
LYWLLTILAFLLSLL,WT,LLLLYWLLIILAFLLSLLILI,clash,,,,LLLLYWLLTILAFLLSLLILI_1,1.1001100110011e+17,1.0,-76.7185,-70.8318,-74.0805,-248.96,-232.316,-253.985,-368.902,4677.65,3664.46,3672.63,-40.4562,-7.84029,-83.6794,-73.5948,-40.8363,-3.08335,120.17,25.5661,9.55434,3.18546,3.48801,-15.4882,-8.04023,93.8271,22.8656,-386.853,9.1939,0.372694,0.280101,1.0,LLLLYWLLTILAFLLSLLILI,0.4278155915337215,0.0890056320099114,L,99999900.0,-42.8431,-2.6380000000000052,5.025000000000006,1013.1899999999996,-0.04228535615235051,-0.0026036577542218205,0.004959583098925184,-0.039929529505818274
SYLLGALLGVLLGTL,Mutant,,void,8.0,LLLSYLLGLLLGVLLGTLILI,0.3613033733036346,LLLSYLLGALLGVLLGTLILI_0,1.1001100110011e+17,1.0,-85.3675,-76.3247,-58.7086,-219.337,-217.798,-242.079,-343.116,4448.89,3548.86,3597.84,-40.434,-25.6446,-78.8454,-74.6374,-42.3287,-84.452,38.875,-42.8467,6.52468,4.41593,3.49905,-18.989,-88.5873,34.12,-39.5515,-368.761,7.2522,4.3943,3.4061,0.0,LLLSYLLGALLGVLLGTLILI,0.6805904894892092,0.0288504441315588,G,99999900.0,-36.5167,-26.65890000000001,22.74200000000002,900.0300000000002,-0.040572758685821574,-0.029620012666244463,0.025268046620668214,-0.044925169161027956
LAWLLTILVALLLSL,Mutant,,void,4.0,LLLLFWLLTILVALLLSLILI,-0.178366676585985,LLLLAWLLTILVALLLSLILI_2,1.1001100110011e+17,1.0,-76.3521,-75.8146,-74.1308,-243.926,-240.145,-246.897,-384.398,4579.68,3610.57,3627.72,-40.4073,-37.5086,-104.527,-105.946,-63.3701,-4.16038,118.982,24.7972,9.53056,3.1866,3.47133,-28.3247,-9.3919,97.4601,25.3594,-413.041,9.3474,1.0659,1.0278,2.0,LLLLAWLLTILVALLLSLILI,0.7140580659483783,0.0535618962348015,L,99999900.0,-41.1569,-2.2212999999999994,2.9710000000000036,969.1100000000001,-0.042468759996285244,-0.002292103063635706,0.0030656994562020855,-0.041695266791179526
FALLLLLVSLLLTLL,WT,LLLFILLLLLVSLLLTLLILI,clash,,,,LLLFALLLLLVSLLLTLLILI_0,1.1001100110011e+17,1.0,-74.187,-74.1111,-74.3103,-243.319,-227.386,-247.102,-384.812,4658.51,3645.65,3672.42,-40.3722,-12.6795,-107.678,-95.9946,-63.3996,-111.683,29.4916,26.0968,9.21069,7.23382,6.17619,-14.2516,-108.558,13.7253,22.6463,-397.492,9.4795,4.63662,3.3425,0.0,LLLFALLLLLVSLLLTLLILI,0.2327717401505679,0.0564936010855026,L,99999900.0,-44.2784,0.12330000000000041,3.7830000000000155,1012.8600000000001,-0.0437162095452481,0.00012173449440199079,0.0037349683075647323,-0.03985960547360938
TFLLGVLLGLLLGAL,WT,LLLTFLLGVLLILLLGALILI,clash,,,,LLLTFLLGVLLGLLLGALILI_1,1.1001100110011e+17,1.0,-57.208,-57.9574,-44.9172,-216.281,-214.212,-237.765,-334.915,4574.75,3484.03,3459.93,-40.2395,-39.3923,-101.666,-102.138,-52.2334,-89.4115,42.404,-39.3201,6.65614,5.63627,4.77233,-38.2453,-87.213,39.461,-38.899,-373.41,6.5512,4.90918,4.00109,1.0,LLLTFLLGVLLGLLLGALILI,1.4960980432777669,0.1270487607926104,G,99999900.0,-49.432599999999994,-12.290799999999997,21.48399999999998,1090.7199999999998,-0.045321072319201995,-0.01126851987677864,0.01969708082734339,-0.036892603051195544
YFLLGLLLGVLLASL,WT,LLLYFLLILLLGVLLASLILI,clash,,,,LLLYFLLGLLLGVLLASLILI_0,1.1001100110011e+17,1.0,-74.0304,-74.4252,-60.2828,-220.749,-217.614,-244.377,-341.131,4651.43,3606.86,3601.82,-40.1766,-37.9086,-86.5278,-87.0004,-36.4708,-86.5675,56.922,-41.2203,6.63663,7.1696,6.52343,-37.9098,-85.2491,54.6423,-40.0514,-379.039,6.6215,6.66407,5.9837,0.0,LLLYFLLGLLLGVLLASLILI,1.2228553813067216,0.0632383219192625,G,99999900.0,-50.057,-13.747599999999998,23.628000000000014,1044.5700000000002,-0.04792115415912768,-0.013161013622830443,0.022619833998678892,-0.03846233378327924
SYLLGTLLGLLLAAL,Mutant,,void,16.0,LLLSYLLGTLLGLLLAFLILI,-0.4385810503141316,LLLSYLLGTLLGLLLAALILI_2,1.1001100110011e+17,1.0,-81.9999,-72.7466,-58.7409,-224.694,-224.703,-246.516,-356.974,4507.32,3566.71,3567.36,-40.023,-24.4008,-90.303,-83.9256,-51.7173,-77.8713,49.3208,-45.9875,6.51277,4.839,4.07882,-22.2108,-70.5949,52.7477,-43.07,-379.291,6.8566,4.21018,3.5014,2.0,LLLSYLLGTLLGLLLAALILI,0.9975323554138504,0.1239969309157427,G,99999900.0,-38.585699999999996,-23.258999999999993,21.822000000000003,940.6099999999997,-0.041021996364061626,-0.024727570406438377,0.02319983840273866,-0.04255004730972456
LVALLLLLTSLLALL,Mutant,,void,15.0,LLLLVALLLLLTSLLFLLILI,0.069464731792402,LLLLVALLLLLTSLLALLILI_2,1.1001100110011e+17,1.0,-79.6654,-79.5523,-74.2973,-235.851,-229.46,-241.48,-392.31,4564.98,3519.27,3561.26,-40.0179,-29.3177,-116.811,-112.616,-76.5328,-7.79108,102.89,25.0837,8.47196,1.55885,1.6022,-30.9369,-10.5055,89.5832,26.7676,-421.03,8.6395,0.169552,0.0132994,2.0,LLLLVALLLLLTSLLALLILI,0.438187242183842,0.076641061408097,L,99999900.0,-40.27820000000001,-5.368099999999998,5.628999999999991,1045.7099999999996,-0.03851756223044633,-0.005133450000478145,0.005382945558520042,-0.03826864044524774
LVILLLLLTALLFIL,Mutant,,clash,5.0,LLLLVALLLLLTALLFILILI,0.099082604060676,LLLLVILLLLLTALLFILILI_1,1.1001100110011e+17,1.0,-58.9231,-58.9076,-58.8987,-249.394,-242.745,-248.073,-375.868,4617.13,3681.61,3609.8,-39.9691,223903.0,-107.52,223829.0,-68.8959,-13.2014,103.947,15.9097,9.90455,2.51308,2.57228,10.0695,-11.3257,90.2296,21.4503,-362.09,9.259,0.379856,0.233301,1.0,LLLLVILLLLLTALLFILILI,0.3651197047647642,0.0502155515604821,L,99999900.0,-38.6241,-0.024399999999999977,-1.320999999999998,935.52,-0.041286236531554645,-2.6081751325466028e-05,-0.0014120489139729754,-0.04272393962715922
TFLLGLLLGALLSIL,Mutant,,void,12.0,LLLTFLLGLLLGYLLSILILI,1.4133492756775694,LLLTFLLGLLLGALLSILILI_2,1.1001100110011e+17,1.0,-76.4681,-72.4769,-60.1414,-219.293,-218.884,-242.286,-355.45,4531.72,3602.68,3652.79,-39.9357,53.1792,-99.6246,-10.9094,-53.022,-88.8378,48.4232,-41.922,6.82225,6.36281,5.58915,-13.4641,-88.716,43.4353,-39.8167,-372.568,7.5,5.67117,4.8227,2.0,LLLTFLLGLLLGALLSILILI,0.2590389504591341,0.0864365201983621,G,99999900.0,-46.6026,-16.32670000000001,22.992999999999995,929.0400000000004,-0.05016210281580985,-0.017573732024455353,0.024749203478859883,-0.04298598553345387
TLLLGILLGALLAVL,Mutant,,void,12.0,LLLTLLLGILLGFLLAVLILI,0.0846424053343704,LLLTLLLGILLGALLAVLILI_1,1.1001100110011e+17,1.0,-54.5801,-54.7708,-44.948,-223.475,-219.473,-237.352,-354.385,4460.2,3606.19,3628.37,-39.8162,-33.2865,-116.146,-113.428,-72.0855,-90.6251,48.3749,-42.3618,6.49402,6.62437,5.84999,-29.9226,-81.7774,50.2073,-43.0207,-384.313,6.749,5.54459,4.7977,1.0,LLLTLLLGILLGALLAVLILI,1.3311833071098984,0.0418434299516259,G,99999900.0,-44.060500000000005,-9.632100000000001,13.87700000000001,854.0099999999998,-0.05159248720740977,-0.011278673551831951,0.016249224247959642,-0.04662263907916771
AALLGILLGVLLGLL,Mutant,,void,4.0,LLLAFLLGILLGVLLGLLILI,0.2734860698733869,LLLAALLGILLGVLLGLLILI_1,1.1001100110011e+17,1.0,-59.3266,-56.2955,-44.9385,-214.618,-216.305,-229.766,-344.236,4422.11,3377.98,3581.54,-39.637,-26.6924,-109.929,-98.3276,-69.5314,-81.5499,44.4177,-35.5135,6.92375,4.72888,3.89515,-24.5194,-82.2405,38.4729,-43.0414,-367.463,7.0713,4.02991,3.107,1.0,LLLAALLGILLGVLLGLLILI,1.0015469931823375,0.0347133420742621,G,99999900.0,-40.3976,-14.388100000000001,15.147999999999996,1044.1299999999997,-0.03869020141170162,-0.01377998908181932,0.01450777202072539,-0.037961748058192
LFWLLTILVALLLSL,WT,LLLLFWLLTILVILLLSLILI,clash,,,,LLLLFWLLTILVALLLSLILI_2,1.1001100110011e+17,1.0,-74.4584,-67.0642,-74.1308,-245.702,-238.636,-251.481,-375.373,4702.09,3616.73,3694.13,-39.499,29.0205,-94.7114,-40.6527,-49.7613,-6.52769,114.179,26.3246,9.40845,2.89333,3.10602,-8.56063,-9.3919,97.4601,25.3594,-402.774,9.3474,1.0659,1.0278,2.0,LLLLFWLLTILVALLLSLILI,0.5356913893623924,0.0553552789500087,L,99999900.0,-44.9501,-0.3276000000000039,5.778999999999996,1085.3600000000001,-0.04141492223778285,-0.0003018353357411401,0.005324500626520229,-0.036392533352988865
AYLLGLLLGFLLGTL,WT,LLLAYLLGLLLIFLLGTLILI,clash,,,,LLLAYLLGLLLGFLLGTLILI_0,1.1001100110011e+17,1.0,-70.6754,-65.9749,-58.747,-220.524,-218.405,-239.727,-334.591,4547.34,3517.12,3497.32,-39.4923,-30.3773,-82.8832,-80.5887,-36.1169,-86.2948,43.4535,-35.9131,6.92225,5.31043,4.46224,-30.3388,-87.7841,38.6606,-35.7467,-364.968,7.5,4.88679,3.9667,0.0,LLLAYLLGLLLGFLLGTLILI,1.218587760289174,0.0277153384386553,G,99999900.0,-46.7663,-11.928399999999996,19.203000000000003,1030.2200000000003,-0.045394478849177834,-0.01157849779658713,0.018639708023528954,-0.03833385102211177
LYSLTALLFVLLLLL,WT,LLLLYSLTALLFVLALLLILI,void,,,,LLLLYSLTALLFVLLLLLILI_1,1.1001100110011e+17,1.0,-75.9324,-68.8366,-58.8393,-240.156,-240.139,-248.012,-358.267,4708.02,3721.25,3661.41,-39.3036,61.6316,-81.4823,12.3401,-51.4157,-61.0427,57.2539,16.9392,10.4463,3.38568,2.74449,40.3636,-63.2597,38.6883,19.8721,-290.443,9.5,1.21188,0.292205,1.0,LLLLYSLTALLFVLLLLLILI,0.3038974627425073,0.0528286611733678,L,99999900.0,-30.066599999999994,-17.0931,7.8559999999999945,986.7700000000004,-0.03046971432045966,-0.017322273680796935,0.007961328374393213,-0.039830558286125424
YALLGLLLGVLLSTL,Mutant,,void,4.0,LLLYFLLGLLLGVLLSTLILI,0.3692976932042843,LLLYALLGLLLGVLLSTLILI_0,1.1001100110011e+17,1.0,-90.2903,-89.9898,-74.1463,-223.166,-216.765,-242.692,-362.267,4572.46,3661.93,3675.96,-39.1883,-29.1407,-87.9984,-84.6526,-45.4284,-88.301,61.2202,-39.7346,6.63763,8.00987,7.42817,-26.2844,-85.2491,54.6423,-40.0514,-391.407,6.6215,6.66407,5.9837,0.0,LLLYALLGLLLGVLLSTLILI,0.9018842943013304,0.1381586740651399,G,99999900.0,-42.57,-16.144000000000005,19.52600000000001,910.5300000000002,-0.04675299001680339,-0.01773033288304614,0.021444653114120353,-0.043038999264164816
LFALLLILTVLLSLL,WT,LLLLFALLLILTVLLILLILI,clash,,,,LLLLFALLLILTVLLSLLILI_0,1.1001100110011e+17,1.0,-70.7182,-70.5968,-74.3213,-247.987,-240.076,-246.488,-380.379,4615.4,3667.5,3612.01,-39.1305,-27.304,-100.805,-97.0104,-59.5703,-49.8035,73.9296,24.4031,9.7834,3.95102,3.55997,-25.7489,-52.4978,61.3022,27.6773,-407.683,9.5,2.65047,2.07,0.0,LLLLFALLLILTVLLSLLILI,0.3959248247798692,0.0449304171953015,L,99999900.0,-41.234700000000004,3.6030999999999977,-1.4989999999999952,947.8999999999996,-0.04350110771178396,0.003801139360692055,-0.0015813904420297455,-0.04128125329676127
LLFLLAVLTILLSLL,Mutant,,clash,12.0,LLLLLFLLAVLTYLLSLLILI,0.1423862086015088,LLLLLFLLAVLTILLSLLILI_2,1.1001100110011e+17,1.0,-67.7018,-64.1648,-74.2568,-251.985,-249.633,-245.962,-381.502,4624.0,3670.26,3620.5,-39.1056,61.3526,-100.921,-6.35131,-61.2833,-13.5284,106.7,31.6322,9.76666,2.93381,3.03432,60.8912,-7.46127,97.2494,27.9329,-320.771,9.5,0.747859,0.7066,2.0,LLLLLFLLAVLTILLSLLILI,0.2121391317675261,0.0266024881921222,L,99999900.0,-39.63770000000001,6.554999999999993,-6.023000000000025,953.7399999999998,-0.041560278482605344,0.006872942311321737,-0.006315138297649282,-0.04100236961855434
LYLLGTLLGSLLAFL,WT,LLLLYLLGTLLISLLAFLILI,clash,,,,LLLLYLLGTLLGSLLAFLILI_0,1.1001100110011e+17,1.0,-85.9112,-85.8223,-74.0364,-225.946,-216.739,-238.548,-348.081,4572.2,3709.37,3604.24,-38.813,-19.4862,-75.0366,-65.0057,-35.4967,-73.2967,55.3328,-49.4442,6.15524,4.96442,4.29442,-17.4381,-64.2017,54.9837,-44.9781,-367.567,6.5586,3.55305,2.8778,0.0,LLLLYLLGTLLGSLLAFLILI,0.3111766465977655,0.0173056421126153,G,99999900.0,-39.53990000000001,-11.874799999999993,12.602000000000004,862.8299999999999,-0.04582582895819572,-0.013762618360511333,0.014605426329636203,-0.04498336868212743
TFLLGVLLGILLALL,WT,LLLTFLLIVLLGILLALLILI,clash,,,,LLLTFLLGVLLGILLALLILI_1,1.1001100110011e+17,1.0,-55.023,-52.7137,-44.9728,-229.998,-226.151,-242.933,-347.056,4575.63,3584.24,3596.84,-38.7295,-30.0209,-100.765,-98.2117,-59.1501,-79.446,51.7609,-39.7354,7.0461,5.40463,4.68104,-30.3993,-72.6747,50.248,-40.0011,-378.377,7.1385,4.18468,3.4384,1.0,LLLTFLLGVLLGILLALLILI,1.2960360949946876,0.0833220709516691,G,99999900.0,-41.6149,-10.050200000000004,12.935000000000002,991.3900000000003,-0.041976316081461365,-0.01013748373495799,0.013047337576533955,-0.03906585702901985
LFLLGILLGTLLASL,WT,LLLLFLLIILLGTLLASLILI,clash,,,,LLLLFLLGILLGTLLASLILI_0,1.1001100110011e+17,1.0,-82.0309,-84.0651,-74.072,-223.715,-215.774,-236.149,-357.8,4506.55,3602.59,3576.18,-38.7096,-31.9435,-90.7643,-89.9043,-47.5792,-74.2607,58.9922,-47.2747,6.57756,5.60306,4.98795,-30.0187,-75.337,50.8884,-45.0,-389.744,6.5,4.67048,3.93381,0.0,LLLLFLLGILLGTLLASLILI,1.2575081730794515,0.0735883085719636,G,99999900.0,-43.185100000000006,-7.9589,12.433999999999997,903.96,-0.04777324217885748,-0.008804482499225628,0.013755033408557897,-0.04282224877206956
LVALLLLLTSLIALL,Mutant,,void,15.0,LLLLVALLLLLTSLIFLLILI,-0.0777738407421967,LLLLVALLLLLTSLIALLILI_1,1.1001100110011e+17,1.0,-80.6069,-80.7923,-74.2414,-233.06,-233.684,-241.482,-389.223,4532.81,3499.11,3520.72,-38.6414,118.113,-114.197,43.3666,-73.4988,-3.73335,119.169,20.1439,8.23325,3.14786,3.43539,-21.7931,-7.06267,100.0,24.3247,-410.894,8.5,1.0594,1.0594,1.0,LLLLVALLLLLTSLIALLILI,0.3843158250614994,0.0609614126968948,L,99999900.0,-40.6982,-6.365499999999997,8.421999999999997,1033.7000000000003,-0.03937138434748959,-0.006157976201992837,0.008147431556544448,-0.03738163877333848
LTVLLALLFLLISLL,WT,LLLLTVLLALLFLLIILLILI,clash,,,,LLLLTVLLALLFLLISLLILI_0,1.1001100110011e+17,1.0,-60.3557,-60.4091,-60.4091,-246.831,-229.194,-246.566,-376.257,4593.99,3659.9,3603.31,-38.4883,-19.4021,-107.559,-106.056,-69.2818,-52.3038,71.7004,25.0475,9.33618,4.02512,3.60063,-20.05,-57.353,47.189,23.3829,-395.659,9.4811,1.47347,0.681306,0.0,LLLLTVLLALLFLLISLLILI,0.239886305205998,0.0756962899759468,L,99999900.0,-38.27719999999999,0.053400000000003445,-0.26499999999998636,934.0899999999997,-0.04097806421222795,5.716793884957923e-05,-0.00028369857294263553,-0.041204059565994725
YALLFVLLLLLTSLL,WT,LLLYALLFVLLLLLISLLILI,clash,,,,LLLYALLFVLLLLLTSLLILI_1,1.1001100110011e+17,1.0,-74.0917,-74.083,-74.2049,-251.881,-240.244,-253.92,-373.175,4740.83,3880.0,3781.89,-38.3394,-19.2859,-85.5423,-78.1344,-45.0504,-101.904,31.3055,17.4709,9.03158,6.01178,4.98137,-20.8773,-103.616,12.3747,18.4457,-393.746,8.943,3.71299,2.39861,1.0,LLLYALLFVLLLLLTSLLILI,0.2074991220148195,0.0365610941033257,L,99999900.0,-40.491899999999994,0.11319999999999197,2.0389999999999873,860.8299999999999,-0.047038207311548154,0.0001315009932274572,0.0023686442154664538,-0.04453771360198878
AYLLGLLLGALLGTL,Mutant,,void,12.0,LLLAYLLGLLLGFLLGTLILI,0.1317478374596734,LLLAYLLGLLLGALLGTLILI_2,1.1001100110011e+17,1.0,-74.2977,-72.6753,-58.747,-216.488,-216.247,-234.392,-341.723,4488.37,3570.46,3552.05,-38.0749,-16.5146,-89.0124,-69.315,-48.5842,-88.5177,42.5914,-37.0905,6.89544,5.52749,4.66636,-24.5765,-87.7841,38.6606,-35.7467,-366.419,7.5,4.88679,3.9667,2.0,LLLAYLLGLLLGALLGTLILI,1.068796083296126,0.026908082932655,G,99999900.0,-40.4282,-15.550700000000006,17.903999999999996,917.9099999999999,-0.04404375156605768,-0.01694142127223803,0.019505180246429388,-0.04147999259186631
TALLGVLLGFLLGIL,Mutant,,void,4.0,LLLTLLLGVLLGFLLGILILI,-0.2245742079979698,LLLTALLGVLLGFLLGILILI_2,1.1001100110011e+17,1.0,-55.7952,-56.3183,-44.9313,-223.96,-219.561,-238.599,-329.645,4490.27,3717.28,3586.21,-38.0544,-21.125,-87.9441,-74.8903,-46.1142,-93.9363,44.5563,-46.2524,6.63226,6.60555,5.77389,-27.9954,-90.0074,38.3333,-42.1317,-358.163,6.7822,5.1761,4.2511,2.0,LLLTALLGVLLGFLLGILILI,1.4329237912150632,0.144321259703772,G,99999900.0,-41.82990000000001,-10.863900000000001,14.638999999999982,772.9900000000002,-0.054114412864332,-0.014054386214569396,0.01893814926454414,-0.04923013234323858
ALLLGVLLGTLLGFL,WT,LLLALLLIVLLGTLLGFLILI,clash,,,,LLLALLLGVLLGTLLGFLILI_2,1.1001100110011e+17,1.0,-70.6423,-70.1653,-58.6964,-215.406,-218.846,-232.814,-340.529,4463.32,3551.41,3509.4,-38.0243,-34.1417,-92.5043,-85.6588,-49.0181,-97.3773,41.7582,-38.5586,6.76344,6.74396,5.87034,-32.988,-92.5815,39.7325,-40.3169,-373.522,6.7382,5.75111,4.8471,2.0,LLLALLLGVLLGTLLGFLILI,1.0401039303967152,0.0456999078808674,G,99999900.0,-43.486200000000004,-11.945900000000009,17.407999999999987,911.9099999999999,-0.04768694279040696,-0.013099867311467152,0.0190896031406608,-0.041697426281102304
LVALLLLLTSLIFLL,WT,LLLLVALLLLLTILIFLLILI,clash,,,,LLLLVALLLLLTSLIFLLILI_1,1.1001100110011e+17,1.0,-76.895,-79.4355,-74.2414,-237.104,-233.87,-246.51,-382.964,4611.46,3570.95,3510.76,-37.9518,24.9699,-106.917,-44.6891,-62.2122,-5.61856,111.728,25.8299,8.57275,2.426,2.60191,-20.1398,-7.06267,100.0,24.3247,-406.221,8.5,1.0594,1.0594,1.0,LLLLVALLLLLTSLIFLLILI,0.3065419843193022,0.0908358700569149,L,99999900.0,-44.7048,-2.6535999999999973,9.405999999999977,1040.5100000000002,-0.0429643155760156,-0.0025502878396171077,0.009039797791467623,-0.036474228983863675
TLLLGVLLGLLLGAL,Mutant,,void,16.0,LLLTLLLGVLLGLLLGFLILI,-0.0129124229803452,LLLTLLLGVLLGLLLGALILI_2,1.1001100110011e+17,1.0,-56.2725,-56.811,-44.9424,-218.917,-215.153,-235.454,-352.308,4484.55,3647.13,3489.1,-37.795,-28.5741,-114.914,-108.918,-71.9113,-92.1884,42.3926,-48.3237,6.76359,6.05126,5.18715,-32.5928,-90.0074,38.3333,-42.1317,-387.035,6.7822,5.1761,4.2511,2.0,LLLTLLLGVLLGLLLGALILI,1.2793125632179914,0.1306419904575655,G,99999900.0,-43.002700000000004,-11.330100000000002,16.537000000000006,837.4200000000001,-0.051351412672255264,-0.01352977000788135,0.019747557975687235,-0.045132669389314796
LFVLLAILYLLLSTL,WT,LLLLFVLLIILYLLLSTLILI,clash,,,,LLLLFVLLAILYLLLSTLILI_0,1.1001100110011e+17,1.0,-74.2293,-74.1999,-74.1999,-252.319,-236.633,-249.232,-367.099,4656.36,3662.71,3568.64,-37.7941,-26.8094,-78.3445,-83.0754,-43.6672,-45.4485,93.1896,24.1416,9.8971,5.89787,5.79572,-26.144,-49.9452,71.2181,28.0,-393.908,9.4728,3.60623,3.1745,0.0,LLLLFVLLAILYLLLSTLILI,0.3822523345504628,0.0672803229240506,L,99999900.0,-34.677299999999995,-0.02939999999999543,-3.086999999999989,993.6499999999996,-0.03489890806622051,-2.9587883057409994e-05,-0.0031067277210285213,-0.038035626226538534
AALLGVLLGTLLGFL,Mutant,,void,4.0,LLLALLLGVLLGTLLGFLILI,0.1235190222280868,LLLAALLGVLLGTLLGFLILI_0,1.1001100110011e+17,1.0,-70.6227,-71.1409,-58.6964,-216.345,-209.74,-230.094,-330.281,4422.14,3568.33,3533.27,-37.7886,-28.4119,-81.1016,-77.8117,-41.4899,-99.0137,45.0951,-38.2097,6.7415,7.4399,6.61633,-26.8021,-92.5815,39.7325,-40.3169,-358.693,6.7382,5.75111,4.8471,0.0,LLLAALLGVLLGTLLGFLILI,0.9002458918572179,0.042611472538465,G,99999900.0,-39.611700000000006,-11.926299999999998,13.748999999999995,853.8100000000004,-0.04639404551363885,-0.013968330190557609,0.016103114276009873,-0.04425879293988122
ALLLGALLGTLLGVL,Mutant,,void,8.0,LLLALLLGFLLGTLLGVLILI,0.3401805371065681,LLLALLLGALLGTLLGVLILI_0,1.1001100110011e+17,1.0,-73.6486,-67.0245,-58.6797,-208.824,-204.467,-227.751,-347.74,4389.79,3434.94,3442.2,-37.6849,-22.7441,-102.952,-98.9922,-61.3093,-80.6244,52.0967,-34.403,7.01958,5.62672,4.90817,-22.8029,-82.6456,43.881,-35.0,-370.484,7.5,4.82078,3.979,0.0,LLLALLLGALLGTLLGVLILI,0.8275941906994534,0.1356204880250688,G,99999900.0,-41.6427,-14.968900000000005,18.926999999999992,954.8499999999999,-0.043611771482431796,-0.015676703147091173,0.019821961564643654,-0.03946682725035346
AYLLGVLLGALLGSL,Mutant,,void,12.0,LLLAYLLGVLLGLLLGSLILI,0.0932625256851396,LLLAYLLGVLLGALLGSLILI_1,1.1001100110011e+17,1.0,-74.6873,-75.7735,-60.2742,-216.073,-210.412,-232.599,-338.576,4441.61,3488.48,3489.58,-37.5323,2868.75,-85.3479,2816.36,-45.7023,-81.6871,44.3829,-39.0927,6.48748,4.74475,3.91049,668.493,-71.2876,45.5524,-38.516,359.267,6.6243,3.34271,2.526,1.0,LLLAYLLGVLLGALLGSLILI,1.1185928641067824,0.0696132069382485,G,99999900.0,-39.645599999999995,-14.413099999999993,16.525999999999982,953.1299999999997,-0.04159516540241101,-0.015121861655807705,0.017338663141439246,-0.039377944246849865
TLLLGLLLGVLLASL,WT,LLLTLLLILLLGVLLASLILI,clash,,,,LLLTLLLGLLLGVLLASLILI_2,1.1001100110011e+17,1.0,-73.762,-67.4607,-60.2643,-219.739,-222.381,-236.733,-370.643,4529.78,3593.0,3582.5,-37.2548,-23.3968,-114.397,-104.199,-73.6462,-89.4757,50.3646,-42.1382,6.58101,6.72058,5.97605,-25.7034,-97.764,38.4753,-38.0973,-396.16,7.04,6.35877,5.4359,2.0,LLLTLLLGLLLGVLLASLILI,1.1848659214412802,0.0576156980495051,G,99999900.0,-40.75080000000001,-13.497700000000002,16.994,936.7799999999997,-0.0435009287132518,-0.014408612481052121,0.0181408655180512,-0.0397689959222016
TALLGILLGLLLGVL,Mutant,,void,4.0,LLLTFLLGILLGLLLGVLILI,-0.0007511415817409,LLLTALLGILLGLLLGVLILI_2,1.1001100110011e+17,1.0,-58.2323,-56.0988,-44.9378,-218.339,-218.301,-237.762,-352.732,4463.31,3452.48,3525.12,-37.232,-33.1713,-113.393,-111.503,-70.0321,-82.9035,41.0458,-39.5139,6.49364,4.47672,3.59241,-31.2508,-79.84,40.4327,-45.0,-384.144,6.5,3.93441,3.0409,2.0,LLLTALLGILLGLLLGVLILI,1.2143502190560491,0.0904762146476792,G,99999900.0,-43.3609,-13.2945,19.423000000000002,1010.8300000000004,-0.04289633271667836,-0.013152063156020294,0.019214902604790116,-0.036833097553495626
LAILLAVLFALLSTL,Mutant,,void,12.0,LLLLAILLAVLFLLLSTLILI,-0.068564294460454,LLLLAILLAVLFALLSTLILI_1,1.1001100110011e+17,1.0,-74.1475,-74.1475,-74.1475,-237.879,-231.653,-238.429,-362.616,4455.98,3572.71,3562.37,-37.193,-27.4339,-87.7825,-84.249,-50.0397,-46.6652,94.5223,20.3066,8.87951,6.26028,6.17812,-20.8642,-49.9576,72.3497,21.6342,-383.531,9.2046,3.76085,3.3461,1.0,LLLLAILLAVLFALLSTLILI,0.3557818964074555,0.0316966924831409,L,99999900.0,-37.742799999999995,0.0,0.5500000000000114,883.2699999999995,-0.04273076182820657,0.0,0.0006226861548563991,-0.042108302104679224
ALLLGVLLGALLGFL,Mutant,,void,12.0,LLLALLLGVLLGTLLGFLILI,-0.0573517030531764,LLLALLLGVLLGALLGFLILI_1,1.1001100110011e+17,1.0,-56.5757,-57.4916,-44.9243,-212.839,-214.702,-229.597,-328.527,4473.21,3594.98,3535.01,-37.0933,-32.7402,-96.2047,-89.0733,-54.005,-97.7105,42.2617,-38.6987,6.77827,6.8619,5.99582,-31.6729,-92.5815,39.7325,-40.3169,-359.992,6.7382,5.75111,4.8471,1.0,LLLALLLGVLLGALLGFLILI,1.1059820666764195,0.0215408768811593,G,99999900.0,-42.1997,-11.651399999999995,16.75800000000001,878.23,-0.04805085228243171,-0.013266911856802881,0.019081561777666452,-0.04223643009234483
LTILLFLLALLVSLL,WT,LLLLTILLFLLILLVSLLILI,clash,,,,LLLLTILLFLLALLVSLLILI_0,1.1001100110011e+17,1.0,-60.4031,-60.4031,-60.4058,-245.513,-229.254,-246.006,-373.55,4627.27,3626.56,3599.01,-37.0455,-20.4652,-104.679,-104.358,-67.1384,-50.8776,80.6802,18.5014,8.87335,5.02346,4.73367,-21.7219,-56.1837,58.5243,19.3261,-394.015,8.9941,2.82834,2.2062,0.0,LLLLTILLFLLALLVSLLILI,0.3506944316466234,0.11225735896616,L,99999900.0,-37.5406,0.00269999999999726,0.492999999999995,1000.7100000000005,-0.037513965084789776,2.698084360101587e-06,0.0004926502183449698,-0.03701921635638694
LAFLLAVLTALLLSL,Mutant,,void,4.0,LLLLYFLLAVLTALLLSLILI,-0.132909718326761,LLLLAFLLAVLTALLLSLILI_2,1.1001100110011e+17,1.0,-74.2562,-74.2562,-74.2562,-236.776,-225.792,-236.412,-361.194,4546.04,3548.78,3579.31,-37.0208,163.892,-87.183,102.746,-50.5263,-6.42539,121.085,23.7696,9.15908,3.81034,4.12662,-8.15764,-10.3153,94.584,18.0,-370.966,9.3619,0.81614,0.734901,2.0,LLLLAFLLAVLTALLLSLILI,0.4383114197152424,0.0094929083350523,L,99999900.0,-36.65670000000001,0.0,-0.3640000000000043,997.2599999999998,-0.036757415317971255,0.0,-0.00036500010027475723,-0.03712251569299883
VALLLLLTALLFSLL,WT,LLLVALLLLLTILLFSLLILI,clash,,,,LLLVALLLLLTALLFSLLILI_1,1.1001100110011e+17,1.0,-74.2516,-74.2516,-74.2272,-241.883,-237.634,-242.519,-377.272,4618.42,3653.01,3603.99,-37.0188,43.1097,-98.1563,-22.2772,-60.526,-102.478,22.2707,24.556,9.64084,4.87828,3.71234,45.1865,-101.833,3.45963,18.0,-333.136,9.3219,2.242,0.793894,1.0,LLLVALLLLLTALLFSLLILI,0.3813974480381747,0.0378058402750216,L,99999900.0,-37.6303,-0.024399999999999977,0.6359999999999957,965.4099999999999,-0.038978568691022474,-2.5274235816906786e-05,0.0006587874581783862,-0.03834515905159466
AYLLGVLLGLLLASL,Mutant,,void,3.0,LLLFYLLGVLLGLLLASLILI,-0.3021951809925094,LLLAYLLGVLLGLLLASLILI_1,1.1001100110011e+17,1.0,-72.7414,-72.1418,-60.32,-224.353,-221.15,-238.065,-353.699,4519.75,3601.93,3610.29,-36.8755,-30.5911,-93.4803,-90.999,-55.3141,-80.4083,54.8089,-39.0496,7.11079,5.96044,5.28257,-24.2038,-75.759,50.2096,-41.8685,-378.419,7.3305,4.64215,3.89529,1.0,LLLAYLLGVLLGLLLASLILI,1.3454548691654045,0.1394176376507461,G,99999900.0,-38.166199999999996,-12.421399999999998,13.711999999999989,917.8200000000002,-0.04158353489791025,-0.0135335904643612,0.014939748534571034,-0.040177267873875044
LYLLVILLLFLTSLL,Mutant,,clash,8.0,LLLLYLLVALLLFLTSLLILI,-0.230012951991711,LLLLYLLVILLLFLTSLLILI_0,1.1001100110011e+17,1.0,-74.1472,-74.2294,-74.111,-254.932,-233.184,-252.313,-374.495,4682.08,3807.41,3563.5,-36.8686,522.557,-82.2847,455.475,-48.0708,-57.6867,72.1122,17.638,10.9061,4.88816,4.46984,484.423,-57.2774,49.4319,18.7562,148.062,9.2494,1.76492,1.0064,0.0,LLLLYLLVILLLFLTSLLILI,0.5533745128191758,0.1117028694575986,L,99999900.0,-34.2139,-0.03619999999999379,-2.6189999999999998,874.6700000000001,-0.0391163524529251,-4.138703739695404e-05,-0.0029942721254873263,-0.04215143997164645
TLLLGVLLGALLGIL,Mutant,,void,12.0,LLLTLLLGVLLGFLLGILILI,0.086953039032499,LLLTLLLGVLLGALLGILILI_1,1.1001100110011e+17,1.0,-55.9423,-54.732,-44.9313,-221.699,-215.537,-236.073,-350.009,4435.43,3669.3,3639.92,-36.862,-26.5005,-109.23,-106.241,-69.0052,-93.7143,44.153,-46.0196,6.61215,6.5178,5.6801,-26.6774,-90.0074,38.3333,-42.1317,-376.435,6.7822,5.1761,4.2511,1.0,LLLTLLLGVLLGALLGILILI,1.078957599321605,0.0327599798275788,G,99999900.0,-40.2248,-11.011000000000003,14.373999999999995,766.1300000000001,-0.0525038831529897,-0.014372234477177503,0.018761828932426602,-0.04811454975004242
AVLLGTLLGLLLSFL,WT,LLLAVLLGTLLILLLSFLILI,clash,,,,LLLAVLLGTLLGLLLSFLILI_2,1.1001100110011e+17,1.0,-84.7994,-84.6008,-74.0838,-216.952,-214.481,-236.596,-360.96,4442.86,3657.16,3621.34,-36.8403,-34.1173,-96.0482,-95.9949,-50.28,-91.1272,51.605,-35.4919,7.02958,7.13575,6.40982,-32.7354,-91.43,48.2927,-36.5962,-394.415,7.0472,6.73401,5.9584,2.0,LLLAVLLGTLLGLLLSFLILI,1.1184991569394125,0.086470559411543,G,99999900.0,-45.76819999999999,-10.71560000000001,19.644000000000005,785.6999999999998,-0.05825149548173603,-0.013638284332442423,0.02500190912562048,-0.04688850706376481
YLLLGILLGTLLAFL,WT,LLLYLLLGILLITLLAFLILI,clash,,,,LLLYLLLGILLGTLLAFLILI_2,1.1001100110011e+17,1.0,-68.611,-66.8357,-58.7109,-231.654,-227.941,-246.075,-344.092,4623.77,3753.06,3601.64,-36.8294,-29.2519,-80.6564,-78.5676,-39.3058,-76.2714,38.32,-43.0741,6.84545,3.11392,2.18872,-29.278,-70.6256,40.5984,-41.2559,-372.954,6.8843,2.57462,1.6836,2.0,LLLYLLLGILLGTLLAFLILI,0.5815958200804241,0.0552825292526677,G,99999900.0,-41.35060000000001,-9.900100000000002,14.420999999999992,870.7100000000005,-0.04749066853487382,-0.011370146202524372,0.016562345671922895,-0.04229812451907062
LYLLVALLIFLTSLL,Mutant,,clash,11.0,LLLLYLLVALLLFLTSLLILI,0.0288914653826339,LLLLYLLVALLIFLTSLLILI_0,1.1001100110011e+17,1.0,-74.258,-74.4403,-74.142,-249.967,-228.747,-247.342,-366.34,4666.87,3626.6,3606.99,-36.8262,215.144,-78.9404,151.992,-44.856,-60.2997,67.9434,14.4424,9.91623,4.71731,4.23647,170.824,-57.2774,49.4319,18.7562,-151.195,9.2494,1.76492,1.0064,0.0,LLLLYLLVALLIFLTSLLILI,0.2944700954448294,0.0431090150393664,L,99999900.0,-34.084399999999995,-0.11599999999999966,-2.625,1040.27,-0.03276495525200188,-0.0001115095119536271,-0.0025233833523988967,-0.03540061714747133
LYVLLIALTILLFSL,Mutant,,clash,8.0,LLLLYVLLLALTILLFSLILI,0.0257150809704973,LLLLYVLLIALTILLFSLILI_2,1.1001100110011e+17,1.0,-74.3389,-74.1281,-74.229,-249.279,-237.465,-247.838,-362.479,4620.87,3746.38,3593.84,-36.7902,16.5384,-75.6517,-34.3482,-40.4125,-64.3959,81.0019,25.5727,10.7669,7.09464,6.80967,11.2088,-60.6709,65.7431,20.4901,-348.028,9.5,4.47595,3.9621,2.0,LLLLYVLLIALTILLFSLILI,0.2040531492416023,0.0652635092662225,L,99999900.0,-35.239200000000004,-0.10989999999999611,-1.4410000000000025,874.4899999999998,-0.040296858740523064,-0.00012567324955116256,-0.0016478175851067512,-0.04207046392754635
LAILLAVLFLLLSTL,WT,LLLLAILLAVLFLLLITLILI,clash,,,,LLLLAILLAVLFLLLSTLILI_1,1.1001100110011e+17,1.0,-74.1304,-74.1445,-74.1978,-240.525,-236.871,-242.436,-373.561,4528.81,3616.23,3554.7,-36.6283,-21.3757,-95.5337,-83.9202,-56.9271,-48.2932,89.6867,22.1214,8.91335,5.85167,5.69698,-22.8875,-49.9576,72.3497,21.6342,-396.504,9.2046,3.76085,3.3461,1.0,LLLLAILLAVLFLLLSTLILI,0.2872176019470009,0.0762918135722881,L,99999900.0,-38.60659999999999,0.06740000000000634,1.9110000000000014,912.5800000000004,-0.0423048938175283,7.385653860484156e-05,0.0020940629862587394,-0.04013708387209887
TALLGLLLGYLLSVL,Mutant,,void,4.0,LLLTFLLGLLLGYLLSVLILI,0.4172231889364224,LLLTALLGLLLGYLLSVLILI_1,1.1001100110011e+17,1.0,-76.2521,-69.8917,-60.1731,-224.244,-225.177,-245.036,-361.773,4528.1,3562.31,3621.23,-36.5536,-26.9761,-97.8309,-93.6808,-56.5645,-89.213,49.3921,-43.3543,6.66525,6.54989,5.79077,-17.3548,-85.0833,46.26,-43.2731,-379.744,7.339,5.5076,4.7015,1.0,LLLTALLGLLLGYLLSVLILI,1.0912364351392665,0.0710328824855209,G,99999900.0,-41.2664,-16.079,20.792,965.7900000000004,-0.04272812930347175,-0.01664854678553308,0.021528489630250874,-0.03784839354310977
YWLLTLLVILLLSLL,Mutant,,clash,11.0,LLLYWLLTLLVALLLSLLILI,0.2144826138290972,LLLYWLLTLLVILLLSLLILI_0,1.1001100110011e+17,1.0,-73.9822,-73.3685,-74.1717,-255.015,-231.658,-260.195,-393.267,4774.41,3897.06,3759.88,-36.552,86.3056,-100.821,-1.93479,-58.9,-100.798,37.253,23.9929,9.7074,6.64893,5.70772,87.0835,-100.223,12.091,21.0733,-306.961,9.5,3.16573,1.84709,0.0,LLLYWLLTLLVILLLSLLILI,0.2237115857519034,0.041896839539623,L,99999900.0,-41.921,0.18949999999999534,5.180000000000007,877.3499999999999,-0.04778138713170343,0.00021599133755057314,0.0059041431583746595,-0.04166182253376646
VLLLAILFLLLTSLL,WT,LLLVLLLAILFILLTSLLILI,clash,,,,LLLVLLLAILFLLLTSLLILI_1,1.1001100110011e+17,1.0,-74.0893,-74.0893,-74.203,-249.978,-248.277,-245.603,-384.601,4602.48,3752.44,3723.47,-36.5384,-33.2731,-97.0718,-95.5077,-64.7954,-102.78,27.1238,19.1243,9.27851,5.57865,4.4855,-20.5015,-108.73,3.38007,19.3936,-405.012,9.4542,3.26581,1.81651,1.0,LLLVLLLAILFLLLTSLLILI,0.2766361233290076,0.0627594122252348,L,99999900.0,-32.276399999999995,0.11370000000000857,-4.375,850.0399999999995,-0.037970448449484745,0.00013375841136888691,-0.005146816620394338,-0.04298433014916948
YALLGILLGVLLSLL,Mutant,,void,4.0,LLLYFLLGILLGVLLSLLILI,0.5019161305320233,LLLYALLGILLGVLLSLLILI_2,1.1001100110011e+17,1.0,-71.7179,-67.7898,-60.344,-227.601,-233.386,-243.62,-358.748,4570.7,3620.46,3714.76,-36.5249,-25.5359,-95.9544,-83.109,-54.7845,-93.6838,34.6039,-41.713,6.78774,5.2241,4.24316,-23.6741,-94.6454,29.8466,-40.7669,-382.966,7.1745,4.7261,3.6738,2.0,LLLYALLGILLGVLLSLLILI,0.6032711265782535,0.0079406367312513,G,99999900.0,-41.169900000000005,-11.373899999999999,16.019000000000005,950.2399999999998,-0.043325791379020054,-0.011969502441488467,0.01685784643879442,-0.038437552618285915
LVALLLTLISLLFAL,Mutant,,void,16.0,LLLLVALLLTLISLLFLLILI,-0.0878157774717638,LLLLVALLLTLISLLFALILI_1,1.1001100110011e+17,1.0,-66.9368,-74.2165,-74.2165,-237.903,-235.905,-242.471,-370.015,4566.3,3681.06,3618.0,-36.4602,141.901,-101.636,82.0071,-53.3278,-8.66153,110.883,24.1899,9.03978,2.76842,2.93167,-8.46403,-15.856,85.056,19.3699,-379.194,9.4176,0.36096,0.1368,1.0,LLLLVALLLTLISLLFALILI,0.7196131561658442,0.0351014320021267,L,99999900.0,-48.30819999999999,7.279699999999991,4.568000000000012,885.2400000000002,-0.05457073787899325,0.008223419637612387,0.005160182549365156,-0.04118679680086755
SYLLGVLLGALLAFL,Mutant,,void,12.0,LLLSYLLGVLLGLLLAFLILI,0.0158290208314235,LLLSYLLGVLLGALLAFLILI_0,1.1001100110011e+17,1.0,-70.4098,-67.7448,-44.9369,-222.915,-221.442,-247.914,-332.273,4534.8,3741.19,3665.74,-36.317,-31.2286,-75.265,-74.3141,-39.4214,-82.4614,47.1781,-44.8006,7.12211,5.23825,4.44592,-30.66,-83.7533,47.7994,-42.6647,-363.501,7.5,5.51591,4.7329,0.0,LLLSYLLGVLLGALLAFLILI,1.0191116748138134,0.0623427255376168,G,99999900.0,-35.8436,-25.472900000000003,24.998999999999995,793.6100000000001,-0.0451652574942352,-0.03209750381169592,0.03150035911845868,-0.04576177215508877
LFVLLLLLATLISLL,WT,LLLLFVLLILLATLISLLILI,clash,,,,LLLLFVLLLLLATLISLLILI_0,1.1001100110011e+17,1.0,-74.1181,-74.1181,-74.1181,-248.704,-227.723,-245.815,-380.063,4632.12,3677.17,3613.31,-36.3083,-13.0552,-93.5488,-91.2767,-60.1293,-59.2227,69.2131,18.2448,9.24258,4.72717,4.26537,-12.3546,-58.638,47.7207,18.5491,-393.118,9.3098,1.73799,0.9538,0.0,LLLLFVLLLLLATLISLLILI,0.3073481537496996,0.0437658678567936,L,99999900.0,-33.4195,0.0,-2.88900000000001,954.9499999999998,-0.03499607309283209,0.0,-0.0030252892821613806,-0.03802115293994451
TALLGVLLGFLLAIL,Mutant,,void,4.0,LLLTLLLGVLLGFLLAILILI,0.4927582127297238,LLLTALLGVLLGFLLAILILI_0,1.1001100110011e+17,1.0,-56.3877,-55.097,-44.9169,-222.154,-221.944,-239.821,-335.306,4501.28,3604.4,3596.62,-36.2894,-35.6,-93.0541,-93.866,-50.5682,-89.3797,41.1071,-43.1031,6.53111,5.45642,4.57302,-35.5995,-85.9497,42.6517,-45.0,-370.907,6.5506,5.15043,4.2902,0.0,LLLTALLGVLLGFLLAILILI,1.2863323912032831,0.0809531044730452,G,99999900.0,-42.48590000000001,-11.470800000000004,17.667,896.8799999999997,-0.04737077423958615,-0.0127896708589778,0.019698287396307208,-0.04046182320934798
LVLLLAILFLLLSTL,WT,LLLLVLLLAILFLLLITLILI,clash,,,,LLLLVLLLAILFLLLSTLILI_1,1.1001100110011e+17,1.0,-74.1229,-74.1764,-74.1764,-250.253,-251.035,-246.192,-383.43,4577.47,3697.31,3618.59,-36.2847,-20.0971,-95.3388,-78.3165,-63.0619,-45.6317,66.211,17.8255,9.21318,2.28324,1.77641,-30.3069,-43.8654,60.6546,18.1944,-414.645,9.5,1.26818,0.677999,1.0,LLLLVLLLAILFLLLSTLILI,0.1655517772583276,0.1222027796040547,L,99999900.0,-32.276900000000005,0.05349999999999966,-4.060999999999979,880.1600000000003,-0.03667162788583893,6.078440283584762e-05,-0.004613933830212663,-0.04122511816033447
AFLLGALLGTLLTVL,Mutant,,void,8.0,LLLAFLLGLLLGTLLTVLILI,0.1234005443418881,LLLAFLLGALLGTLLTVLILI_1,1.1001100110011e+17,1.0,-78.1792,-77.2836,-72.4773,-222.18,-218.084,-233.848,-342.04,4520.43,3714.41,3652.59,-36.0866,-20.5191,-77.7671,-67.1911,-35.7138,-72.5731,58.0338,-39.1186,6.41237,5.22053,4.59103,-20.0028,-63.2674,60.5559,-36.2287,-362.215,7.0661,4.16516,3.5735,1.0,LLLAFLLGALLGTLLTVLILI,1.264432019110266,0.0383709317741059,G,99999900.0,-42.0533,-5.701899999999995,11.668000000000006,806.0200000000004,-0.052174015533113294,-0.0070741420808416566,0.014476067591374904,-0.04477134562417803
LAVLTALLLLLFSLL,WT,LLLLIVLTALLLLLFSLLILI,clash,,,,LLLLAVLTALLLLLFSLLILI_1,1.1001100110011e+17,1.0,-74.2427,-74.1116,-74.31,-243.46,-243.718,-242.562,-376.341,4575.15,3620.7,3625.54,-36.0807,-30.1536,-94.7188,-88.6653,-59.4691,-50.3657,76.702,18.8372,8.88749,4.40963,4.06016,-21.2237,-55.6011,56.4843,18.0,-397.623,9.1852,2.46554,1.8128,1.0,LLLLAVLTALLLLLFSLLILI,0.2466245117028291,0.0911046555453248,L,99999900.0,-35.249700000000004,0.06730000000000302,-0.8979999999999961,954.4499999999998,-0.03693195033789094,7.051181308607369e-05,-0.000940855990360937,-0.03780260883231181
AALLGVLLGTLLGLL,Mutant,,void,4.0,LLLAFLLGVLLGTLLGLLILI,0.3203171533820433,LLLAALLGVLLGTLLGLLILI_0,1.1001100110011e+17,1.0,-69.7511,-71.1418,-58.7088,-219.723,-208.294,-228.935,-348.548,4401.8,3600.19,3582.1,-36.0743,-27.4203,-95.1483,-96.5326,-60.9035,-101.069,44.3363,-41.1237,6.68881,7.64579,6.81083,-26.7851,-92.5815,39.7325,-40.3169,-375.968,6.7382,5.75111,4.8471,0.0,LLLAALLGVLLGTLLGLLILI,0.8954363590380457,0.0658968758666646,G,99999900.0,-34.244800000000005,-11.042299999999997,9.211999999999989,801.6100000000001,-0.04272002594778009,-0.01377515250558251,0.011491872606379646,-0.04500230785544092
AVLLGTLLGALLSLL,Mutant,,void,12.0,LLLAVLLGTLLGFLLSLLILI,0.0493102966334639,LLLAVLLGTLLGALLSLLILI_2,1.1001100110011e+17,1.0,-84.8086,-75.8179,-73.966,-215.58,-210.106,-231.549,-367.056,4388.9,3636.9,3662.92,-36.0265,-16.4906,-102.694,-97.6232,-61.541,-90.3446,51.0991,-43.5302,6.3541,6.95007,6.21655,-20.2025,-83.724,52.3747,-45.0,-391.327,6.6055,6.12918,5.4148,2.0,LLLAVLLGTLLGALLSLLILI,1.1948993552838063,0.032154041610682,G,99999900.0,-41.153000000000006,-10.842600000000004,15.968999999999994,751.9999999999995,-0.05472473404255323,-0.014418351063829802,0.021235372340425537,-0.04790757978723407
LALLLAVLTSLLFSL,Mutant,,void,4.0,LLLLYLLLAVLTSLLFSLILI,-0.0780461568298914,LLLLALLLAVLTSLLFSLILI_2,1.1001100110011e+17,1.0,-95.6689,-91.6367,-89.6087,-230.725,-220.698,-240.673,-378.983,4516.89,3522.26,3547.79,-35.7934,13.9971,-88.3828,-52.6516,-48.7017,-10.1531,107.963,19.4922,8.51922,2.59791,2.71735,-15.6767,-14.6826,87.4327,18.0,-392.339,8.5,0.50581,0.317301,2.0,LLLLALLLAVLTSLLFSLILI,0.4082833670688714,0.019961966786354,L,99999900.0,-39.6811,-6.060199999999995,9.948000000000008,994.6300000000001,-0.03989533796487135,-0.006092918974895181,0.01000170917828741,-0.0359866483013784
LYLLLAVLTSLLFSL,WT,LLLLYLLLIVLTSLLFSLILI,clash,,,,LLLLYLLLAVLTSLLFSLILI_2,1.1001100110011e+17,1.0,-95.485,-95.3648,-89.6087,-234.221,-225.688,-244.924,-373.65,4579.56,3647.9,3601.52,-35.7899,-25.4005,-79.7342,-77.9973,-39.117,-10.6129,105.471,19.383,8.55503,2.33058,2.41265,-16.9868,-14.6826,87.4327,18.0,-389.531,8.5,0.50581,0.317301,2.0,LLLLYLLLAVLTSLLFSLILI,0.3302372102389796,0.037298695974011,L,99999900.0,-40.617200000000004,-5.8763000000000005,10.703000000000003,931.6600000000003,-0.04359659103106282,-0.006307343880814888,0.011488096515896357,-0.03841519438421741
LVALLLLLTALLFAL,Mutant,,void,16.0,LLLLVALLLLLTALLFILILI,-0.0561138306589219,LLLLVALLLLLTALLFALILI_1,1.1001100110011e+17,1.0,-58.8987,-58.8987,-58.8987,-238.749,-234.135,-240.455,58993.2,4595.48,3672.22,3592.14,-35.7542,-38.5466,59255.1,59247.7,59292.6,-9.12451,99.3447,22.2159,9.25451,1.28022,1.27039,-27.5941,-11.3257,90.2296,21.4503,58965.4,9.259,0.379856,0.233301,1.0,LLLLVALLLLLTALLFALILI,0.5203161394843631,0.0664152480624395,L,99999900.0,-37.5,0.0,1.7060000000000173,923.2599999999998,-0.040616944306045975,0.0,0.0018478001862964038,-0.03872603600285944
LAVLTALLLLLASLL,Mutant,,void,14.0,LLLLAVLTALLLLLFSLLILI,-0.0765368140656033,LLLLAVLTALLLLLASLLILI_0,1.1001100110011e+17,1.0,-74.2427,-74.1116,-74.31,-236.333,-227.179,-237.566,-382.585,4546.99,3563.64,3590.77,-35.7533,-20.8896,-107.762,-102.183,-70.7087,-50.8208,77.3464,14.4452,8.95191,4.56489,4.22509,-21.276,-55.6011,56.4843,18.0,-403.474,9.1852,2.46554,1.8128,0.0,LLLLAVLTALLLLLASLLILI,0.3231613257684328,0.0374933821848608,L,99999900.0,-37.05330000000001,0.06730000000000302,1.233000000000004,983.3499999999999,-0.037680683378247835,6.84395179742747e-05,0.0012538770529313106,-0.03635867188691718
LYLLIALLTVLFILL,Mutant,,clash,15.0,LLLLYLLIALLTVLFSLLILI,0.0560004962664889,LLLLYLLIALLTVLFILLILI_2,1.1001100110011e+17,1.0,-58.9928,-58.9928,-58.9928,-254.401,-227.753,-250.08,-360.492,4627.41,3766.92,3683.82,-35.6177,144.553,-82.7163,70.8061,-51.4201,-45.4975,112.72,31.6675,9.11879,8.54179,8.73258,135.154,-43.0836,88.7124,20.2021,-215.939,9.3861,4.93871,4.7694,2.0,LLLLYLLIALLTVLFILLILI,0.2110719669362881,0.0848327132492565,L,99999900.0,-31.296200000000006,0.0,-4.320999999999998,860.4899999999998,-0.036370207672372735,0.0,-0.005021557484688955,-0.04139234622133901
LYSLLTILVALLFLL,WT,LLLLYSLLTILVILLFLLILI,clash,,,,LLLLYSLLTILVALLFLLILI_0,1.1001100110011e+17,1.0,-64.1806,-68.1447,-58.9416,-242.35,-224.251,-248.544,-352.247,4638.89,3789.28,3697.72,-35.6058,-19.2933,-81.3223,-79.1451,-44.7623,-9.65367,107.671,29.03,9.00734,2.4837,2.59877,-18.7128,-10.5055,89.5832,26.7676,-371.541,8.6395,0.169552,0.0132994,0.0,LLLLYSLLTILVALLFLLILI,0.3989900812986642,0.0717166842799975,L,99999900.0,-36.559999999999995,-5.238999999999997,6.194000000000017,849.6100000000001,-0.04303150857452242,-0.006166358682218896,0.007290403832346625,-0.041908405032897444
TFLLGLLLGALLASL,Mutant,,void,12.0,LLLTFLLGLLLGYLLASLILI,-0.0645850265197198,LLLTFLLGLLLGALLASLILI_0,1.1001100110011e+17,1.0,-73.8201,-65.4148,-60.2384,-215.633,-217.904,-237.867,-348.295,4506.92,3576.15,3623.5,-35.5955,-16.0953,-94.4371,-81.0709,-50.1895,-67.4824,56.9968,-40.1015,7.04099,4.31693,3.67188,-15.8472,-75.8727,44.54,-43.5756,-364.39,7.3804,3.8938,3.0619,0.0,LLLTFLLGLLLGALLASLILI,1.428825748458049,0.0619156801432285,G,99999900.0,-44.2476,-13.581699999999998,22.23399999999998,930.77,-0.047538704513467346,-0.014591897031490055,0.0238877488531001,-0.03824306756771276
LLLLLFVLATLLIIL,Mutant,,clash,15.0,LLLLLLLLFVLATLLSILILI,0.0538003310384427,LLLLLLLLFVLATLLIILILI_0,1.1001100110011e+17,1.0,-58.9034,-55.3365,-58.9034,-249.24,-238.84,-247.541,-376.832,4580.26,3639.21,3590.73,-35.5894,6.87857,-104.278,-75.777,-70.3875,-50.9573,80.815,32.5641,9.13072,5.05363,4.76586,7.88736,-54.4487,65.1033,28.0,-369.954,9.5,3.45625,2.9328,0.0,LLLLLLLLFVLATLLIILILI,0.2062786821552272,0.1091921623685013,L,99999900.0,-33.8905,0.0,-1.6990000000000123,941.0500000000002,-0.036013495563466336,0.0,-0.0018054301046703278,-0.03781881940385738
IYLLALLLGTLLSFL,Mutant,,clash,3.0,LLLGYLLALLLGTLLSFLILI,0.2525144372240676,LLLIYLLALLLGTLLSFLILI_0,1.1001100110011e+17,1.0,-82.6825,-74.1542,-74.0304,-231.743,-222.148,-242.534,-359.035,4655.14,3698.96,3555.12,-35.5831,8.45682,-80.1927,-54.2764,-42.4708,-71.0255,65.1907,-43.1229,6.77075,5.95457,5.43243,7.70141,-68.9875,54.3485,-39.7512,-350.579,6.8746,4.18517,3.5004,0.0,LLLIYLLALLLGTLLSFLILI,0.3398754187716283,0.0075815264248527,G,99999900.0,-37.721900000000005,-8.652100000000004,10.790999999999997,956.1800000000003,-0.03945062645108661,-0.009048610094333704,0.01128553201280093,-0.037213809115438506
AALLFVLLLLLTSLL,Mutant,,void,3.0,LLLYALLFVLLLLLTSLLILI,-0.109647850660118,LLLAALLFVLLLLLTSLLILI_0,1.1001100110011e+17,1.0,-74.0917,-74.083,-74.2049,-241.754,-229.432,-243.215,-373.521,4596.95,3660.78,3670.37,-35.5759,-20.5616,-93.2518,-90.5678,-56.1018,-99.6422,30.3904,18.3658,9.00369,5.54904,4.50489,-20.3362,-103.616,12.3747,18.4457,-394.083,8.943,3.71299,2.39861,0.0,LLLAALLFVLLLLLTSLLILI,0.317146972674938,0.0777301155524019,L,99999900.0,-37.150000000000006,0.11319999999999197,1.4610000000000127,936.1699999999996,-0.03968296356430992,0.0001209182092995845,0.0015606139910486485,-0.03800153818216778
AYLLGVLLGLLLAFL,WT,LLLAYLLGVLLILLLAFLILI,clash,,,,LLLAYLLGVLLGLLLAFLILI_1,1.1001100110011e+17,1.0,-56.53,-58.5939,-44.9245,-223.075,-217.561,-240.721,-332.295,4558.34,3583.78,3568.79,-35.5533,-23.7324,-88.2437,-79.8732,-46.65,-98.9406,51.6759,-33.7392,6.87798,8.31734,7.59247,-23.9546,-91.43,48.2927,-36.5962,-357.322,7.0472,6.73401,5.9584,1.0,LLLAYLLGVLLGLLLAFLILI,1.228989634884487,0.0625681112362493,G,99999900.0,-41.593700000000005,-11.6055,17.646000000000015,974.56,-0.04267946560499098,-0.011908450993268756,0.018106632736824838,-0.03648138647184371
LLALLFVLTSLLALL,Mutant,,void,15.0,LLLLLALLFVLTSLLYLLILI,-0.0834285887603233,LLLLLALLFVLTSLLALLILI_1,1.1001100110011e+17,1.0,-78.5924,-80.5124,-74.2961,-234.646,-223.55,-241.91,-375.237,4537.83,3596.09,3559.87,-35.5133,-3.06047,-97.5111,-74.2343,-59.0306,-6.7004,116.216,20.2208,8.63411,3.19427,3.43752,-9.80544,-7.37323,96.1061,21.1567,-384.818,8.5838,0.580309,0.521901,1.0,LLLLLALLFVLTSLLALLILI,0.5278855159943251,0.0365971440482135,L,99999900.0,-38.4805,-4.296300000000002,7.26400000000001,941.7399999999998,-0.04086106568691997,-0.004562087200288831,0.007713381612759373,-0.03771030220655384
LTILAFLLALLVSLL,Mutant,,void,7.0,LLLLTILLFLLALLVSLLILI,0.0070932412256325,LLLLTILAFLLALLVSLLILI_0,1.1001100110011e+17,1.0,-60.4031,-60.4031,-60.4058,-240.46,-225.085,-241.812,-361.359,4595.17,3594.11,3609.38,-35.429,-18.8348,-95.9245,-94.7058,-59.1406,-58.1822,71.9566,19.994,8.90363,4.94147,4.52082,-19.1735,-56.1837,58.5243,19.3261,-380.194,8.9941,2.82834,2.2062,0.0,LLLLTILAFLLALLVSLLILI,0.3436011904209911,0.0157268485321561,L,99999900.0,-36.783899999999996,0.00269999999999726,1.3520000000000039,1001.06,-0.03674495035262621,2.697141030504925e-06,0.0013505683974986554,-0.03539148502587258
YALLFVLALLLTSLL,Mutant,,void,10.0,LLLYALLFVLLLLLTSLLILI,-0.060037916732278,LLLYALLFVLALLLTSLLILI_1,1.1001100110011e+17,1.0,-74.1397,-74.0806,-74.2049,-246.5,-245.838,-249.902,-361.94,4689.98,3834.57,3742.48,-35.4286,-22.882,-76.7288,-64.9036,-37.8328,-101.696,29.4705,17.1396,8.96377,5.7329,4.67496,-19.195,-103.616,12.3747,18.4457,-381.351,8.943,3.71299,2.39861,1.0,LLLYALLFVLALLLTSLLILI,0.2675370387470978,0.0529559960251798,L,99999900.0,-38.89600000000001,0.06519999999999015,3.401999999999987,855.4099999999994,-0.04547059304894733,7.622075963571877e-05,0.0039770402497048074,-0.04141709823359562
YFLLALLLGTLLGSL,WT,LLLYFLLALLLITLLGSLILI,clash,,,,LLLYFLLALLLGTLLGSLILI_0,1.1001100110011e+17,1.0,-78.3189,-83.9993,-74.1108,-233.512,-223.528,-244.875,-349.27,4648.58,3560.72,3498.43,-35.4122,118014.0,-72.8514,117972.0,-30.2842,-75.6369,53.8835,-36.7396,6.94922,5.11981,4.42806,81998.1,-62.8637,50.8317,-39.7383,117665.0,6.5162,2.79183,2.05431,0.0,LLLYFLLALLLGTLLGSLILI,0.2533329180367765,0.0129640187594623,G,99999900.0,-42.5672,-4.208100000000002,11.363,1087.8600000000001,-0.039129299726067684,-0.0038682367216369765,0.010445277885021968,-0.03255216663908958
LYFLLAVLTALLLSL,WT,LLLLYFLLAVLTILLLSLILI,clash,,,,LLLLYFLLAVLTALLLSLILI_2,1.1001100110011e+17,1.0,-74.2562,-74.2562,-74.2562,-238.345,-218.75,-244.526,-357.005,4645.42,3538.52,3633.55,-35.3922,-11.7948,-79.7957,-75.7937,-38.2231,-7.35013,116.489,21.7222,9.07967,3.32852,3.57586,-11.3616,-10.3153,94.584,18.0,-368.8,9.3619,0.81614,0.734901,2.0,LLLLYFLLAVLTALLLSLILI,0.3054017013884806,0.0526284038673342,L,99999900.0,-41.572599999999994,0.0,6.181000000000012,1106.9,-0.03755768362092329,0.0,0.005584063601047982,-0.03197416207426145
TLLLGVLLGLLLAFL,WT,LLLTLLLIVLLGLLLAFLILI,clash,,,,LLLTLLLGVLLGLLLAFLILI_2,1.1001100110011e+17,1.0,-56.3039,-47.2181,-44.9757,-221.873,-218.164,-242.235,-351.366,4530.29,3711.17,3622.42,-35.2233,-10.9785,-108.413,-96.9623,-64.1554,-91.4879,31.6473,-45.5091,6.61274,4.49557,3.47028,-12.2678,-92.2092,24.1928,-42.7136,-362.344,7.3162,3.59741,2.4603,2.0,LLLTLLLGVLLGLLLAFLILI,1.530186982207497,0.0583920585559432,G,99999900.0,-44.2576,-11.328199999999995,20.362000000000023,819.1199999999999,-0.05403066705732982,-0.01382971969918937,0.024858384607871892,-0.04300139173747437
SYLLGVLLGALLATL,Mutant,,void,12.0,LLLSYLLGVLLGLLLATLILI,-0.0550544619524877,LLLSYLLGVLLGALLATLILI_0,1.1001100110011e+17,1.0,-84.1407,-81.7305,-58.7839,-220.572,-220.704,-245.922,-350.963,4476.47,3657.45,3643.12,-35.2168,-32.2867,-81.4667,-80.8145,-46.2565,-83.1155,45.6976,-44.8897,6.7359,5.13651,4.32198,-32.2131,-84.8765,45.4702,-44.3391,-383.249,6.8761,5.36995,4.552,0.0,LLLSYLLGVLLGALLATLILI,1.1910556327557542,0.0590343671312659,G,99999900.0,-35.2102,-25.356799999999993,25.349999999999994,819.0200000000004,-0.042990647359038826,-0.03095992771849281,0.03095162511293983,-0.042998705770310834
LYLLVALLLALTSLL,Mutant,,void,12.0,LLLLYLLVALLLFLTSLLILI,-0.1354908394518437,LLLLYLLVALLLALTSLLILI_0,1.1001100110011e+17,1.0,-74.0844,-74.6071,-74.0844,-240.935,-223.718,-242.377,-377.018,4611.01,3603.12,3551.12,-35.1489,15.1334,-97.148,-63.5599,-60.5572,-61.4169,60.5797,19.3127,9.55402,3.89079,3.29949,12.339,-57.2774,49.4319,18.7562,-361.885,9.2494,1.76492,1.0064,0.0,LLLLYLLVALLLALTSLLILI,0.4588524002793079,0.0387003062822695,L,99999900.0,-36.590799999999994,0.0,1.4420000000000073,1007.8900000000003,-0.036304358610562644,0.0,0.0014307116848068806,-0.03487374614293225
YFLLATLLGLLLGVL,WT,LLLYFLLATLLILLLGVLILI,clash,,,,LLLYFLLATLLGLLLGVLILI_0,1.1001100110011e+17,1.0,-56.611,-60.2792,-58.7388,-233.424,-228.843,-245.524,-338.28,4700.58,3596.57,3545.15,-35.1245,-23.6767,-83.3692,-72.8346,-34.017,-73.4706,41.2727,-40.7903,6.80468,3.09241,2.2115,-21.3632,-71.1719,34.5088,-41.0473,-361.956,6.9662,1.83447,0.852102,0.0,LLLYFLLATLLGLLLGVLILI,0.3870296291449615,0.0429610460253384,G,99999900.0,-49.3522,2.1278000000000006,12.099999999999994,1104.0099999999998,-0.04470267479461238,0.00192733761469552,0.010960045651760397,-0.03181538210704614
YLLLGALLGALLTAL,Mutant,,void,16.0,LLLYLLLGALLGALLTFLILI,-0.0093312581445506,LLLYLLLGALLGALLTALILI_0,1.1001100110011e+17,1.0,-66.5765,-66.9258,-58.7574,-222.428,-213.124,-237.059,-343.822,4536.51,3780.31,3675.12,-35.0886,-22.015,-89.9062,-85.7875,-48.0056,-66.0678,78.9056,-43.4621,6.3816,7.06241,6.746,-22.567,-68.1028,64.3439,-40.6526,-365.837,6.5,5.40184,4.867,0.0,LLLYLLLGALLGALLTALILI,1.2377055718351138,0.0851384862630367,G,99999900.0,-41.9006,-7.819099999999999,14.631,756.2000000000003,-0.055409415498545334,-0.010339989420788146,0.019348056069822792,-0.04640121660936258
LIFLLAVLYLLLSTL,WT,LLLLIFLLIVLYLLLSTLILI,clash,,,,LLLLIFLLAVLYLLLSTLILI_0,1.1001100110011e+17,1.0,-74.1653,-74.1653,-74.2187,-243.78,-225.131,-248.132,-366.703,4654.76,3819.82,3628.63,-35.0041,-14.3489,-83.7617,-81.7551,-44.352,-46.7872,89.7665,22.682,9.22709,5.63656,5.48306,-14.1374,-52.6824,67.6516,25.6825,-381.052,9.1288,3.53533,3.0501,0.0,LLLLIFLLAVLYLLLSTLILI,0.3501695958992729,0.0658592554896391,L,99999900.0,-39.40970000000001,0.05339999999999634,4.352000000000004,834.94,-0.04720063717153329,6.395669149878595e-05,0.005212350588066213,-0.04192409035379788
LVLLLTILLFLLSAL,WT,LLLLVILLTILLFLLSALILI,clash,,,,LLLLVLLLTILLFLLSALILI_2,1.1001100110011e+17,1.0,-70.4604,-72.399,-74.1452,-250.007,-249.705,-246.189,-383.176,4603.95,3654.16,3629.74,-34.955,1027.07,-97.6632,966.002,-62.841,-5.05792,113.564,23.8508,9.31013,2.58978,2.79324,-24.0855,-9.83843,94.7849,23.2579,-407.168,9.3793,0.771727,0.693501,2.0,LLLLVLLLTILLFLLSALILI,0.2473456804025335,0.0667932320055276,L,99999900.0,-34.8222,3.6847999999999956,-3.818000000000012,949.79,-0.03666305183251035,0.0038795944366649426,-0.0040198359637393655,-0.0368028722138578
AVLLGTLLGALLSFL,Mutant,,void,12.0,LLLAVLLGTLLGLLLSFLILI,-0.1335298559060236,LLLAVLLGTLLGALLSFLILI_2,1.1001100110011e+17,1.0,-80.5126,-83.6316,-74.1134,-218.469,-214.184,-232.529,-349.75,4395.35,3706.02,3685.89,-34.8509,-31.5298,-85.6197,-83.4644,-43.1074,-96.7157,52.2408,-35.7641,6.95145,8.05987,7.34348,-28.6542,-91.43,48.2927,-36.5962,-378.514,7.0472,6.73401,5.9584,2.0,LLLAVLLGTLLGALLSFLILI,1.26947318900094,0.0440615873732172,G,99999900.0,-42.512299999999996,-6.3992000000000075,14.060000000000002,689.3300000000004,-0.06167191330712427,-0.009283217036832872,0.02039661700491781,-0.05055764292864083
LFALLIILTVLLSLL,Mutant,,clash,8.0,LLLLFALLLILTVLLSLLILI,-0.025518584891974,LLLLFALLIILTVLLSLLILI_2,1.1001100110011e+17,1.0,-74.289,-70.7053,-74.329,-249.927,-246.644,-246.085,-376.161,4621.87,3721.04,3611.9,-34.7558,41.4266,-86.7012,-17.3859,-55.7478,-54.9075,75.3242,25.47,10.2675,4.90489,4.53475,26.433,-52.4978,61.3022,27.6773,-341.675,9.5,2.65047,2.07,2.0,LLLLFALLIILTVLLSLLILI,0.4214434096718434,0.1157621124895944,L,99999900.0,-30.953400000000002,0.03999999999999204,-3.8419999999999845,900.8299999999999,-0.03436097820898505,4.440349455501265e-05,-0.004264955652009796,-0.038581974401385395
VALLFLLAYLLATLL,Mutant,,void,10.0,LLLVALLFLLLYLLATLLILI,0.9020078549070608,LLLVALLFLLAYLLATLLILI_0,1.1001100110011e+17,1.0,-58.8664,-58.8664,-58.8664,-238.622,-222.217,-243.357,-343.745,4645.77,3647.38,3643.99,-34.5762,-18.4534,-80.8326,-81.1156,-41.5221,-102.736,39.5611,24.3515,9.61559,7.25122,6.34464,-17.6889,-106.828,17.5547,23.8579,-362.199,9.5,4.89408,3.6574,0.0,LLLVALLFLLAYLLATLLILI,0.6138979091322417,0.0314514704968864,L,99999900.0,-39.3105,0.0,4.734999999999985,998.3900000000003,-0.03937389196606535,0.0,0.0047426356433858344,-0.0346319574514969
AVLLGLLLGTLLAFL,Mutant,,void,3.0,LLLYVLLGLLLGTLLAFLILI,-0.4334783693090977,LLLAVLLGLLLGTLLAFLILI_1,1.1001100110011e+17,1.0,-70.1541,-70.1848,-58.7144,-222.68,-221.233,-234.577,-343.836,4474.93,3674.01,3536.46,-34.452,-31.5894,-85.4546,-84.0078,-50.5452,-77.9616,51.6632,-40.1409,6.624,5.16878,4.44373,-23.8195,-68.9875,54.3485,-39.7512,-368.61,6.8746,4.18517,3.5004,1.0,LLLAVLLGLLLGTLLAFLILI,0.8353212956110179,0.0648456673931239,G,99999900.0,-34.9094,-11.439700000000002,11.896999999999991,800.9200000000001,-0.04358662538081206,-0.014283199320781103,0.014854167707136781,-0.04301553213804125
LYLLLAALFVLLSTL,Mutant,,void,9.0,LLLLYLLLAILFVLLSTLILI,-0.0776730776378814,LLLLYLLLAALFVLLSTLILI_0,1.1001100110011e+17,1.0,-74.2436,-74.2436,-74.2436,-244.488,-219.765,-244.223,-358.891,4556.2,3657.77,3557.37,-34.4012,-11.9832,-74.5601,-76.8648,-40.4241,-49.2686,103.909,20.559,9.56928,7.91802,7.97666,-10.8105,-52.7055,76.4898,21.5821,-370.874,9.2885,4.73195,4.3793,0.0,LLLLYLLLAALFVLLSTLILI,0.227817310056283,0.0344887716921925,L,99999900.0,-34.136,0.0,-0.26499999999998636,898.4299999999998,-0.03799516935097894,0.0,-0.00029495898400541654,-0.038290350945538336
LALLGTLLGVLLASL,Mutant,,void,4.0,LLLLFLLGTLLGVLLASLILI,0.5581855414908493,LLLLALLGTLLGVLLASLILI_0,1.1001100110011e+17,1.0,-82.3248,-84.6937,-73.9927,-222.627,-208.012,-231.135,-362.951,4461.29,3684.47,3655.56,-34.3512,-20.5485,-92.3512,-90.7943,-57.8238,-77.5772,64.4541,-51.7172,6.41123,6.83788,6.30469,-19.6233,-75.337,50.8884,-45.0,-383.5,6.5,4.67048,3.93381,0.0,LLLLALLGTLLGVLLASLILI,0.424093671698299,0.0217935970375475,G,99999900.0,-34.52740000000001,-8.332099999999997,8.507999999999981,776.8200000000002,-0.04444710486341752,-0.010725908189799432,0.010952344172395123,-0.04422028269097087
LVSLLILLTALLFLL,WT,LLLLVSLLILLTILLFLLILI,clash,,,,LLLLVSLLILLTALLFLLILI_2,1.1001100110011e+17,1.0,-67.7769,-62.7298,-58.8813,-239.033,-229.528,-246.467,-370.606,4627.39,3710.6,3557.79,-34.323,35.2268,-98.1193,-43.1222,-65.2586,-0.187752,115.758,28.6341,9.25955,2.15548,2.39185,33.5091,-2.1739,98.4581,19.6299,-335.548,9.2379,0.117928,0.0947994,2.0,LLLLVSLLILLTALLFLLILI,0.443423675824435,0.0907815905282902,L,99999900.0,-32.860699999999994,-8.895599999999995,7.434000000000026,916.7900000000004,-0.03584321382214027,-0.009702985416507586,0.008108727189432719,-0.03743823558284884
YLLLGALLGALLTFL,WT,LLLYLLLGALLIALLTFLILI,clash,,,,LLLYLLLGALLGALLTFLILI_0,1.1001100110011e+17,1.0,-66.9161,-66.9258,-58.7574,-224.871,-218.148,-242.063,-337.181,4598.7,3792.53,3670.42,-34.3203,-24.1876,-79.7139,-76.2947,-36.3602,-66.7136,73.9978,-42.2511,6.41222,6.49675,6.10672,-24.0426,-68.1028,64.3439,-40.6526,-361.368,6.5,5.40184,4.867,0.0,LLLYLLLGALLGALLTFLILI,1.2270161033040183,0.129867645095865,G,99999900.0,-43.353699999999996,-8.158700000000003,17.19199999999998,806.1699999999996,-0.05377736705657618,-0.010120322016448153,0.02132552687398438,-0.042572038155724
LVALLLLLTILLFIL,Mutant,,clash,12.0,LLLLVALLLLLTALLFILILI,0.181796414826361,LLLLVALLLLLTILLFILILI_1,1.1001100110011e+17,1.0,-58.9102,-58.8644,-58.8987,-249.61,-248.068,-248.523,-375.654,4626.26,3717.32,3586.36,-34.3192,8943.54,-101.453,8874.82,-68.2322,-12.7754,102.976,16.7638,10.146,2.31808,2.36272,19.9254,-11.3257,90.2296,21.4503,-354.624,9.259,0.379856,0.233301,1.0,LLLLVALLLLLTILLFILILI,0.2824058939990788,0.0965408565048776,L,99999900.0,-33.2208,-0.011500000000005173,-1.0870000000000175,908.94,-0.03654894712522278,-1.2652100248646964e-05,-0.0011958985191541987,-0.03775738772636258
YLLLASLLGILLAFL,WT,LLLYALLASLLGILLAFLILI,void,,,,LLLYLLLASLLGILLAFLILI_2,1.1001100110011e+17,1.0,-67.2057,-66.9852,-60.2539,-231.893,-232.662,-246.099,-349.049,4624.45,3906.51,3648.17,-34.1671,262.131,-84.117,212.73,-42.6963,-66.0626,61.4586,-48.2429,6.8402,4.7063,4.12818,224.436,-61.1438,57.1136,-44.3354,-86.4636,6.8899,3.3819,2.7386,2.0,LLLYLLLASLLGILLAFLILI,0.1587210723404376,0.0541778073353169,G,99999900.0,-41.420700000000004,-6.9517999999999915,14.205999999999989,717.9399999999996,-0.05769381842493805,-0.009682981864779781,0.019787168844193105,-0.04759046716995852
LLALLAVLTYLLSLL,Mutant,,void,5.0,LLLLLFLLAVLTYLLSLLILI,-0.139895005703576,LLLLLALLAVLTYLLSLLILI_2,1.1001100110011e+17,1.0,-71.1032,-71.1032,-74.2021,-247.516,-245.469,-243.896,-379.564,4574.35,3632.1,3680.41,-34.1421,-24.6163,-95.0872,-87.6077,-61.4655,-5.31613,112.924,25.857,9.26964,2.5421,2.73596,-23.1155,-7.46127,97.2494,27.9329,-402.697,9.5,0.747859,0.7066,2.0,LLLLLALLAVLTYLLSLLILI,0.4944203460726122,0.0916328504254102,L,99999900.0,-33.6217,3.0989000000000004,-3.6200000000000045,942.2500000000005,-0.03568235606261606,0.00328882992836296,-0.0038418678694613984,-0.036234651101087804
TLLLGLLLGALLSIL,Mutant,,void,12.0,LLLTLLLGLLLGFLLSILILI,0.081026499063322,LLLTLLLGLLLGALLSILILI_1,1.1001100110011e+17,1.0,-74.1278,-72.0871,-60.2627,-219.267,-217.381,-241.143,-374.98,4482.85,3632.57,3642.38,-34.1334,2.39291,-115.718,-83.1189,-73.5742,-92.1248,43.7259,-44.3274,6.77758,6.22172,5.37761,-23.2247,-95.1054,38.6706,-41.1733,-399.939,7.1293,5.98634,5.0664,1.0,LLLTLLLGLLLGALLSILILI,1.277855142420287,0.0325776254821355,G,99999900.0,-42.1438,-13.865099999999991,21.876000000000005,850.2800000000002,-0.04956461400950274,-0.01630651079644351,0.025727995483840617,-0.040143717363691954
LALLLAILFVLLSTL,Mutant,,void,4.0,LLLLYLLLAILFVLLSTLILI,-0.1352000271686893,LLLLALLLAILFVLLSTLILI_0,1.1001100110011e+17,1.0,-74.2436,-74.2436,-74.2436,-240.499,-217.724,-242.641,-372.344,4534.14,3621.1,3594.18,-34.1104,-9.17868,-91.7118,-89.5549,-55.4594,-45.9654,105.56,18.5713,9.15485,7.64546,7.72887,-10.3286,-52.7055,76.4898,21.5821,-381.523,9.2885,4.73195,4.3793,0.0,LLLLALLLAILFVLLSTLILI,0.285344259587091,0.0579375991963395,L,99999900.0,-36.252399999999994,0.0,2.141999999999996,913.0400000000004,-0.03970516078156486,0.0,0.002346008937176898,-0.03735915184438796
TFLLGVLLGLLLAIL,WT,LLLTFLLGVLLILLLAILILI,clash,,,,LLLTFLLGVLLGLLLAILILI_1,1.1001100110011e+17,1.0,-55.4099,-54.638,-44.9375,-221.923,-220.936,-243.242,-347.049,4587.11,3570.19,3575.06,-34.1083,-28.4466,-103.824,-99.9219,-58.8693,-83.5798,39.641,-43.9883,6.72259,4.38851,3.48313,-26.498,-80.0044,42.005,-45.0,-373.697,7.041,4.17133,3.3014,1.0,LLLTFLLGVLLGLLLAILILI,1.3545445558154494,0.0611679868249052,G,99999900.0,-44.954699999999995,-10.4724,21.31899999999999,1016.9199999999996,-0.044206722259371445,-0.010298155213782799,0.020964284309483536,-0.03354078983597531
AILLGLLLGTLLASL,Mutant,,void,3.0,LLLYILLGLLLGTLLASLILI,-0.6697392523897292,LLLAILLGLLLGTLLASLILI_2,1.1001100110011e+17,1.0,-86.0103,-86.3054,-74.0156,-216.8,-218.338,-232.278,-368.823,4403.69,3637.43,3592.6,-34.0941,310.332,-100.106,246.153,-62.5288,-96.5522,49.3506,-40.8765,6.66602,7.64516,6.88542,-18.8437,-97.764,38.4753,-38.0973,-388.419,7.04,6.35877,5.4359,2.0,LLLAILLGLLLGTLLASLILI,1.100886536934623,0.023495821961238,G,99999900.0,-37.5772,-11.994699999999995,15.47799999999998,766.2599999999998,-0.04903975152037169,-0.015653564064416776,0.020199410121890724,-0.044494166470910666
LLVLASLLFTLLILL,WT,LLLLAVLASLLFTLLILLILI,void,,,,LLLLLVLASLLFTLLILLILI_1,1.1001100110011e+17,1.0,-74.1718,-74.1718,-74.1718,-247.553,-239.955,-244.998,-381.749,4623.22,3756.28,3803.17,-34.0408,-18.1611,-94.0655,-85.784,-62.5793,-59.553,82.5837,22.011,9.26004,6.58175,6.32051,-11.6613,-63.6223,59.0157,25.1674,-393.526,9.3555,4.01046,3.3957,1.0,LLLLLVLASLLFTLLILLILI,0.3507340869798321,0.1000604793045072,L,99999900.0,-31.486199999999997,0.0,-2.555000000000007,866.94,-0.03631877638590905,0.0,-0.002947147438115679,-0.03926546243107942
LVALLLILTLLLSFL,WT,LLLLVILLLILTLLLSFLILI,clash,,,,LLLLVALLLILTLLLSFLILI_0,1.1001100110011e+17,1.0,-70.6451,-70.5824,-74.2705,-250.087,-244.042,-246.527,-384.085,4588.97,3710.85,3675.02,-33.9143,-26.7243,-97.2672,-96.1853,-63.2879,-9.12303,105.192,20.9188,9.49037,2.06941,2.1473,-25.8895,-13.2915,87.7058,22.0356,-410.81,9.5,0.334013,0.149601,0.0,LLLLVALLLILTLLLSFLILI,0.3524753022734836,0.1085964289027688,L,99999900.0,-33.9793,3.625399999999999,-3.5600000000000023,878.1200000000003,-0.03869550858652575,0.004128592903020085,-0.004054115610622695,-0.038621486812736285
LYLLLAVLTILLSLL,WT,LLLLYLLLIVLTILLSLLILI,clash,,,,LLLLYLLLAVLTILLSLLILI_2,1.1001100110011e+17,1.0,-70.6548,-74.3055,-74.3055,-250.218,-242.772,-247.404,-385.34,4579.81,3702.83,3624.64,-33.8968,-10.8925,-98.3639,-79.1547,-63.6305,-47.2893,94.5952,22.8442,9.50439,6.36374,6.28267,-11.6711,-49.0441,69.7266,23.1475,-395.604,9.4231,3.2697,2.8156,2.0,LLLLYLLLAVLTILLSLLILI,0.232341187023735,0.0383809882781165,L,99999900.0,-34.7334,3.6507000000000005,-2.813999999999993,876.9800000000005,-0.039605692262081216,0.004162808729959632,-0.003208739081849063,-0.038651736641656574
LALLLFILAVLLSTL,Mutant,,void,4.0,LLLLLLLLFILAVLLSTLILI,-0.1113759703337886,LLLLALLLFILAVLLSTLILI_2,1.1001100110011e+17,1.0,-74.2965,-74.2965,-74.2965,-241.791,-237.477,-242.703,-372.533,4550.82,3605.59,3619.45,-33.8767,195.473,-90.3216,134.714,-55.5329,-48.6814,101.883,25.9113,8.41677,7.5564,7.58465,-9.50436,-51.3841,76.7072,27.9383,-382.225,9.0467,4.56309,4.2137,2.0,LLLLALLLFILAVLLSTLILI,0.310697355348562,0.0708434644589184,L,99999900.0,-34.788700000000006,0.0,0.9120000000000061,945.2299999999996,-0.036804481448959536,0.0,0.0009648445351924998,-0.035839636913767035
LLFLTILLYVLISLL,Mutant,,clash,8.0,LLLLLFLTALLYVLISLLILI,0.073425203274272,LLLLLFLTILLYVLISLLILI_0,1.1001100110011e+17,1.0,-74.2455,-73.9659,-74.2211,-254.855,-234.417,-251.93,-376.188,4631.62,3770.77,3749.21,-33.8565,95.9985,-80.9448,28.1927,-50.0369,-59.0691,76.3539,13.6819,10.5568,5.66815,5.31346,94.9972,-58.0774,48.3613,26.5833,-280.19,9.4347,1.74038,0.965799,0.0,LLLLLFLTILLYVLISLLILI,0.2432768574477083,0.0853191779475708,L,99999900.0,-30.907899999999998,-0.024399999999999977,-2.924999999999983,860.8499999999999,-0.03590393216007435,-2.8344078527037207e-05,-0.0033978044955566976,-0.03932915142010803
ALLLGALLAFLLSTL,Mutant,,void,3.0,LLLYLLLGALLAFLLSTLILI,-0.3180754723681628,LLLALLLGALLAFLLSTLILI_2,1.1001100110011e+17,1.0,-80.3283,-77.0084,-74.0462,-222.526,-219.4,-234.615,-357.193,4471.75,3706.62,3614.91,-33.7958,-1.05681,-88.1344,-61.8406,-48.531,-83.8768,61.3321,-41.3614,6.97655,7.36136,6.78134,-14.3664,-74.4436,60.1664,-43.4591,-371.503,7.3574,5.789,5.1915,2.0,LLLALLLGALLAFLLSTLILI,0.5555815127174514,0.0354522519059505,G,99999900.0,-39.6034,-6.2821,12.088999999999999,765.1300000000001,-0.05176035444957065,-0.008210500176440604,0.01579992942375805,-0.044170010325042794
YTLLVILLAFLLSLL,WT,LLLYTLLVILLIFLLSLLILI,clash,,,,LLLYTLLVILLAFLLSLLILI_0,1.1001100110011e+17,1.0,-77.1855,-76.2497,-60.3531,-234.612,-232.082,-253.503,-360.653,4701.43,4064.35,3804.6,-33.7889,-31.4712,-82.645,-83.793,-46.7975,-69.5297,48.4114,-46.1668,8.75559,3.46499,2.69116,-28.6763,-67.6029,45.1857,-45.0,-392.124,8.6947,2.74051,1.9183,0.0,LLLYTLLVILLAFLLSLLILI,0.2958222705722856,0.0164901746926429,R,99999900.0,-35.8475,-16.832400000000007,18.89099999999999,637.0800000000004,-0.05626844352357628,-0.026421171595404025,0.029652476925974728,-0.053037138193005554
IYLLAVLLGLLLGFL,Mutant,,clash,3.0,LLLTYLLAVLLGLLLGFLILI,0.3779132651668219,LLLIYLLAVLLGLLLGFLILI_2,1.1001100110011e+17,1.0,-56.2696,-55.8749,-44.9568,-225.053,-214.664,-239.123,-333.195,4630.96,3680.1,3477.67,-33.718,26803.8,-85.5906,26741.2,-49.1146,-67.6305,50.077,-45.4827,6.74388,3.40496,2.65612,7034.32,-62.6538,43.9976,-40.9419,26470.6,6.5,1.83774,0.997703,2.0,LLLIYLLAVLLGLLLGFLILI,0.5178095573767787,0.0224790441147203,G,99999900.0,-36.47599999999999,-11.312799999999996,14.069999999999993,950.8600000000001,-0.038361062616999335,-0.011897440212018587,0.014797131018236114,-0.03546053046715605
YFLLGVLLGTLLGLL,WT,LLLYFLLGVLLITLLGLLILI,clash,,,,LLLYFLLGVLLGTLLGLLILI_0,1.1001100110011e+17,1.0,-72.4578,-68.1971,-58.6992,-214.784,-213.212,-244.372,-334.454,4667.69,3447.13,3634.25,-33.5794,-22.505,-80.7917,-75.5507,-31.3834,-85.1222,31.7554,-42.2893,7.06462,3.55531,2.53164,-25.1112,-83.9549,29.1297,-45.0,-356.959,7.4713,3.02575,1.9627,0.0,LLLYFLLGVLLGTLLGLLILI,1.1764308402892782,0.0547433602069068,G,99999900.0,-49.408300000000004,-13.758600000000008,29.588000000000022,1220.5599999999995,-0.04048002556203712,-0.01127236678246052,0.024241331847676503,-0.027511470144851554
YVLLGLLLGTLLAAL,Mutant,,void,16.0,LLLYVLLGLLLGTLLAFLILI,-0.0195283364957042,LLLYVLLGLLLGTLLAALILI_1,1.1001100110011e+17,1.0,-68.8679,-68.9564,-58.7144,-227.161,-223.493,-240.073,-347.78,4558.13,3614.98,3665.08,-33.578,-27.8687,-85.3292,-83.1993,-48.992,-77.1109,54.7808,-40.8009,6.83754,5.46203,4.78374,-23.3101,-68.9875,54.3485,-39.7512,-370.624,6.8746,4.18517,3.5004,1.0,LLLYVLLGLLLGTLLAALILI,0.3638980652843022,0.0403846231008108,G,99999900.0,-36.3372,-10.153500000000008,12.912000000000006,943.1500000000001,-0.03852748767428299,-0.010765519800667983,0.013690293166516466,-0.03560197211472194
YVLLGALLGILLTLL,WT,LLLYVLLIALLGILLTLLILI,clash,,,,LLLYVLLGALLGILLTLLILI_0,1.1001100110011e+17,1.0,-67.581,-66.8813,-58.7202,-222.276,-219.4,-243.993,-355.39,4577.17,3713.97,3707.28,-33.5505,-28.7808,-99.0838,-97.8896,-52.6768,-79.0724,56.9607,-46.8199,6.65198,6.05056,5.40497,-29.2053,-72.8097,60.8563,-43.7016,-384.171,6.839,5.63706,5.0499,0.0,LLLYVLLGALLGILLTLLILI,1.0416643571581523,0.0310927500546802,G,99999900.0,-46.407,-8.860800000000005,21.716999999999985,863.2000000000003,-0.053761584800741405,-0.010265060240963858,0.02515871177015753,-0.038867585727525474
LYLLLFTLAVLLLSL,WT,LLLLYLLLFTLAVLLISLILI,clash,,,,LLLLYLLLFTLAVLLLSLILI_0,1.1001100110011e+17,1.0,-74.2357,-74.2357,-74.2357,-241.398,-228.226,-247.36,-368.858,4633.4,3583.79,3475.25,-33.5443,352.563,-86.7688,286.167,-47.2629,-60.5848,72.4225,19.8546,9.83934,5.36476,4.9511,335.591,-58.528,63.2713,22.0772,-16.2951,8.9263,3.82083,3.2699,0.0,LLLLYLLLFTLAVLLLSLILI,0.1515011761114384,0.0625082787730448,L,99999900.0,-39.5059,0.0,5.9620000000000175,1049.6099999999997,-0.03763864673545413,0.0,0.005680205028534426,-0.03195882280084985
WSLLILLLGVLLAFL,Mutant,,clash,7.0,LLLWSLLTLLLGVLLAFLILI,0.0555809218143993,LLLWSLLILLLGVLLAFLILI_2,1.1001100110011e+17,1.0,-63.9858,-58.9783,-44.9904,-233.177,-232.232,-248.747,-347.567,4738.81,3813.36,3647.5,-33.509,150.704,-83.9134,94.3476,-53.8296,-63.3173,55.6827,-44.2078,7.72415,3.51476,2.85,149.071,-58.1657,52.5749,-41.2091,-202.767,7.4407,2.32247,1.61109,2.0,LLLWSLLILLLGVLLAFLILI,0.2294714023563056,0.0680118099919811,G,99999900.0,-30.083799999999997,-18.995399999999997,15.570000000000022,925.4500000000003,-0.032507212707331555,-0.020525582149224692,0.016824247663298954,-0.03620833108217623
YALLGALLGILLSLL,Mutant,,void,4.0,LLLYFLLGALLGILLSLLILI,0.4880112683417296,LLLYALLGALLGILLSLLILI_0,1.1001100110011e+17,1.0,-73.6458,-65.2413,-60.2613,-225.515,-218.138,-240.903,-355.871,4524.87,3745.97,3751.53,-33.5022,-18.0685,-90.213,-90.5603,-54.7069,-82.2815,62.594,-44.2133,6.58103,7.29242,6.73133,-18.8939,-75.95,58.5447,-41.9323,-373.94,6.6534,5.79603,5.1742,0.0,LLLYALLGALLGILLSLLILI,0.4360195115779988,0.0281207078775434,G,99999900.0,-35.506099999999996,-13.384499999999996,15.388000000000005,778.9000000000001,-0.0455849274618051,-0.017183849017845674,0.0197560662472718,-0.04301219668763641
TALLGLLLGVLLGSL,Mutant,,void,4.0,LLLTLLLGLLLGVLLGSLILI,0.0712818121646375,LLLTALLGLLLGVLLGSLILI_0,1.1001100110011e+17,1.0,-74.4419,-61.9984,-60.2824,-213.231,-212.667,-235.154,-358.245,4454.15,3420.15,3523.07,-33.4799,-12.2805,-104.052,-95.8604,-62.8092,-85.3398,44.3546,-36.4459,6.50342,5.28884,4.45416,-11.8539,-91.396,35.576,-35.8075,-370.526,7.4513,5.01216,4.0458,0.0,LLLTALLGLLLGVLLGSLILI,0.9055849223731643,0.1202836220933482,G,99999900.0,-41.24280000000001,-14.159500000000001,21.923000000000002,1033.9999999999995,-0.039886653771760185,-0.01369390715667312,0.02120212765957448,-0.03237901353965185
YALLFVLLLLLISLL,Mutant,,clash,14.0,LLLYALLFVLLLLLTSLLILI,0.0685886257494088,LLLYALLFVLLLLLISLLILI_0,1.1001100110011e+17,1.0,-60.4296,-60.4296,-60.4296,-253.85,-237.827,-254.806,-369.314,4755.23,3947.94,3773.12,-33.3158,278.851,-88.3512,207.793,-54.0793,-97.0717,38.584,15.9772,9.66531,6.2696,5.34836,161.493,-103.616,12.3747,18.4457,-90.4633,8.943,3.71299,2.39861,0.0,LLLYALLFVLLLLLISLLILI,0.1389104962654104,0.0444356743911431,L,99999900.0,-34.2719,0.0,0.9560000000000173,807.2899999999995,-0.04245302183849673,0.0,0.0011842088964312922,-0.04126868907084198
AYLLVALLGLLLGSL,Mutant,,void,8.0,LLLAYLLVFLLGLLLGSLILI,1.111899981249299,LLLAYLLVALLGLLLGSLILI_2,1.1001100110011e+17,1.0,-67.632,-72.2772,-60.3448,-225.52,-221.081,-236.543,-350.994,4536.81,3642.39,3521.22,-33.2953,3689.42,-91.1381,3631.78,-54.1065,-48.8198,70.4633,-46.4808,7.57637,3.33551,2.89246,2379.5,-47.9501,60.2066,-41.6343,3338.42,7.3755,1.8204,1.2235,2.0,LLLAYLLVALLGLLLGSLILI,0.6272545704323357,0.0110022947218032,G,99999900.0,-37.0316,-7.287200000000006,11.022999999999996,894.4200000000005,-0.04140292032825739,-0.008147402786163101,0.012324187741776783,-0.037225576351154914
LAILLFTLAVLLLSL,Mutant,,void,4.0,LLLLYILLFTLAVLLLSLILI,-0.3380077092806994,LLLLAILLFTLAVLLLSLILI_2,1.1001100110011e+17,1.0,-74.2637,-74.2637,-74.2637,-242.04,-242.168,-241.905,-369.957,4570.15,3609.09,3479.28,-33.2198,344.516,-86.8726,290.991,-53.788,-53.9186,81.4471,20.5759,9.74164,5.58314,5.30485,168.583,-58.528,63.2713,22.0772,-14.8873,8.9263,3.82083,3.2699,2.0,LLLLAILLFTLAVLLLSLILI,0.604784391717409,0.0843452481990273,L,99999900.0,-33.08460000000001,0.0,-0.1349999999999909,961.0599999999995,-0.03442511393669493,0.0,-0.00014046989782114642,-0.0345657919380684
LVLLLAILFTLLSAL,Mutant,,void,16.0,LLLLVLLLAILFTLLSLLILI,0.06360160510155,LLLLVLLLAILFTLLSALILI_0,1.1001100110011e+17,1.0,-74.1402,-74.1402,-74.1402,-245.247,-230.115,-242.103,-372.553,4533.45,3678.74,3619.39,-33.2181,-17.5176,-86.3837,-85.8154,-56.3094,-46.9024,78.784,20.8197,9.18503,4.17119,3.85295,-17.7431,-47.5614,60.8613,19.2779,-390.07,9.4842,1.85048,1.2634,0.0,LLLLVLLLAILFTLLSALILI,0.261269288580804,0.0582967968843192,L,99999900.0,-30.074300000000008,0.0,-3.1440000000000055,854.71,-0.03518655450386682,0.0,-0.003678440640685151,-0.038864761147055726
LATLLAVLISLLFLL,Mutant,,void,4.0,LLLLLTLLAVLISLLFLLILI,-0.0045172633997302,LLLLATLLAVLISLLFLLILI_2,1.1001100110011e+17,1.0,-63.6773,-62.3145,-60.4271,-232.696,-220.077,-243.235,-362.384,4574.77,3546.54,3608.44,-33.2031,-8.13477,-99.2147,-88.1276,-58.7227,-8.11968,113.639,18.3721,8.81489,3.05915,3.26373,-12.659,-15.3543,87.1164,18.0,-374.776,9.0332,0.563854,0.370599,2.0,LLLLATLLAVLISLLFLLILI,0.4523291675098358,0.0257905026698248,L,99999900.0,-40.49199999999999,-3.2501999999999995,10.539000000000016,1028.2300000000005,-0.03938029429213306,-0.0031609659317467865,0.01024965231514351,-0.03229151065423104
AALLGTLLGVLLGLL,Mutant,,void,4.0,LLLAFLLGTLLGVLLGLLILI,0.3588510422173951,LLLAALLGTLLGVLLGLLILI_0,1.1001100110011e+17,1.0,-66.5232,-71.1693,-58.7211,-212.275,-208.315,-228.953,-348.707,4375.53,3649.61,3574.55,-33.1291,-27.0825,-103.038,-96.3049,-61.0331,-91.1582,50.0358,-41.5253,6.74326,6.92857,6.1791,-27.1633,-92.5815,39.7325,-40.3169,-375.789,6.7382,5.75111,4.8471,0.0,LLLAALLGTLLGVLLGLLILI,1.0405460707036709,0.0296426919791556,G,99999900.0,-42.0049,-7.802100000000003,16.677999999999997,725.9199999999996,-0.05786436521930794,-0.010747878554110656,0.022974983469252818,-0.045637398060392353
YFLLAVLITLLLSLL,WT,LLLYFLLAVLIILLLSLLILI,clash,,,,LLLYFLLAVLITLLLSLLILI_1,1.1001100110011e+17,1.0,-70.7062,-70.7062,-74.2904,-247.549,-241.396,-249.45,-366.298,4704.99,3770.81,3785.69,-33.1151,4.65502,-81.158,-49.5411,-42.5586,-104.92,36.8567,26.6792,9.4013,7.21371,6.26656,1.34944,-113.132,4.052,24.0428,-364.486,9.5,4.01682,2.5776,1.0,LLLYFLLAVLITLLLSLLILI,0.2121747095329847,0.056744447570047,L,99999900.0,-38.5994,3.58420000000001,1.900999999999982,934.1799999999998,-0.04131901774818558,0.003836733820034694,0.002034939733241969,-0.035448307606671094
YFLLGTLLGALLGLL,WT,LLLYFLLITLLGALLGLLILI,clash,,,,LLLYFLLGTLLGALLGLLILI_0,1.1001100110011e+17,1.0,-67.8755,-71.9354,-58.7237,-230.743,-225.614,-241.707,-330.996,4639.13,3885.36,3689.04,-33.0203,52026.4,-65.3975,51992.9,-30.565,-35.6956,80.6273,-49.953,6.92846,2.73903,2.44844,13876.1,-43.2635,63.1811,-42.5139,51695.4,7.006,1.51898,0.966697,0.0,LLLYFLLGTLLGALLGLLILI,0.8888489401553241,0.0744403373682714,G,99999900.0,-34.832499999999996,-9.151800000000001,10.963999999999999,753.77,-0.046211045809729755,-0.012141369383233614,0.014545551030155085,-0.04380686416280828
LFWLLAVLTALLALL,Mutant,,void,15.0,LLLLFWLLAVLTALLYLLILI,-0.0217105315711015,LLLLFWLLAVLTALLALLILI_0,1.1001100110011e+17,1.0,-58.9566,-58.9566,-58.9566,-233.259,-211.427,-241.629,-350.812,4574.32,3536.24,3569.17,-33.007,6.37887,-91.6033,-74.0488,-50.2261,-4.7221,118.733,21.1084,8.60061,3.23721,3.5182,5.67632,-10.97,92.972,21.0294,-344.433,8.5,0.69672,0.5913,0.0,LLLLFWLLAVLTALLALLILI,0.4348635960542233,0.0225880642734718,L,99999900.0,-41.3772,0.0,8.370000000000005,1038.08,-0.03985935573366215,0.0,0.008062962392108512,-0.031796200678175096
LSILAVLLATLYLLL,Mutant,,void,7.0,LLLLSILFVLLATLYLLLILI,-0.0693023016136318,LLLLSILAVLLATLYLLLILI_1,1.1001100110011e+17,1.0,-62.4186,-66.8677,-58.9036,-241.914,-220.999,-243.861,-364.041,4570.82,3713.79,3686.2,-33.0054,727.038,-92.7141,650.864,-61.2769,-96.933,31.9553,29.4977,9.07809,5.35392,4.33325,47.5622,-94.2786,13.1421,23.187,-312.594,9.5,2.41597,1.1131,1.0,LLLLSILAVLLATLYLLLILI,0.2112625495495836,0.0567194954134154,L,99999900.0,-31.437200000000004,-3.5150000000000006,1.9470000000000027,857.0299999999997,-0.036681563072471224,-0.004101373347490755,0.0022717991202174993,-0.038511370663804084
LFALLLVLAILLSTL,Mutant,,void,5.0,LLLLFLLLLVLAILLSTLILI,-0.2373898215760987,LLLLFALLLVLAILLSTLILI_0,1.1001100110011e+17,1.0,-74.1979,-74.1979,-74.1979,-242.331,-224.428,-242.544,-370.113,4590.95,3657.49,3619.96,-32.9575,-16.622,-86.5416,-88.1094,-53.3714,-50.3762,91.5604,25.9093,9.71465,6.41707,6.29048,-17.0542,-57.7764,67.2616,24.5839,-386.735,9.4846,4.24678,3.7557,0.0,LLLLFALLLVLAILLSTLILI,0.3675421644722885,0.0618378783202281,L,99999900.0,-33.1702,0.0,0.21300000000002228,933.46,-0.0355346774366336,0.0,0.00022818331797829823,-0.03530681550361023
TALLGALLGILLSLL,Mutant,,void,4.0,LLLTFLLGALLGILLSLLILI,0.4554134431230329,LLLTALLGALLGILLSLLILI_0,1.1001100110011e+17,1.0,-77.1516,-70.3641,-60.2746,-218.89,-218.961,-239.483,-367.256,4443.07,3650.63,3659.98,-32.9461,-24.8332,-104.16,-102.764,-67.4977,-72.0675,68.6008,-40.8771,6.62288,6.57123,6.10025,-24.6854,-77.8631,56.6563,-43.9434,-392.089,6.8019,5.82806,5.1779,0.0,LLLTALLGALLGILLSLLILI,0.5893660054956159,0.0393725202965354,G,99999900.0,-36.6623,-16.877000000000002,20.593000000000018,792.4399999999996,-0.046265080006057266,-0.02129751148351927,0.025986825500984335,-0.041575513603553604
YLLLGALLGTLLSFL,WT,LLLYLLLGALLITLLSFLILI,clash,,,,LLLYLLLGALLGTLLSFLILI_2,1.1001100110011e+17,1.0,-87.8257,-64.8344,-73.9921,-229.752,-226.157,-244.099,-352.576,4590.74,3851.81,3611.13,-32.8979,3295.38,-67.8958,3233.8,-34.4848,-70.5384,60.6479,-49.6731,6.71354,5.26822,4.67794,2073.31,-60.6857,64.7023,-38.4105,3008.78,7.3229,4.33767,3.8082,2.0,LLLYLLLGALLGTLLSFLILI,0.5817449374418893,0.0534340156690685,G,99999900.0,-33.410999999999994,-13.833600000000004,14.34699999999998,738.9299999999998,-0.045215378993950714,-0.01872112378709757,0.01941591219736644,-0.04452099657613036
LALLGILLGTLLASL,Mutant,,void,4.0,LLLLFLLGILLGTLLASLILI,0.8441580315899295,LLLLALLGILLGTLLASLILI_1,1.1001100110011e+17,1.0,-84.0832,-82.2569,-74.072,-216.794,-215.562,-232.598,-367.603,4451.88,3631.66,3630.32,-32.851,-24.2121,-99.5764,-93.9958,-60.9333,-83.0588,50.3401,-44.8751,6.48565,5.75474,5.00984,-24.0123,-75.337,50.8884,-45.0,-391.435,6.5,4.67048,3.93381,1.0,LLLLALLGILLGTLLASLILI,0.2962014893726472,0.0605810318428468,G,99999900.0,-38.643100000000004,-10.011200000000002,15.804000000000002,820.2200000000003,-0.047113091609568156,-0.012205505839896613,0.019268001267952497,-0.04005144961107994
LTLLVALLLALISLL,Mutant,,void,12.0,LLLLTLLVALLLFLISLLILI,-0.013468620166019,LLLLTLLVALLLALISLLILI_0,1.1001100110011e+17,1.0,-60.2933,-60.2933,-60.2933,-236.259,-218.852,-241.111,-382.495,4567.31,3620.59,3643.11,-32.8076,-11.3117,-118.75,-114.661,-81.0908,-49.1281,101.433,20.9535,9.00403,7.56272,7.58422,-12.0541,-54.0792,78.5495,19.5461,-393.807,8.8671,5.21606,4.8943,0.0,LLLLTLLVALLLALISLLILI,0.4478719288028663,0.0196565214642658,L,99999900.0,-37.6592,0.0,4.852000000000004,946.7200000000003,-0.03977860402230859,0.0,0.0051250633767111736,-0.03465396315700523
LYLLVILLALLFILL,Mutant,,clash,8.0,LLLLYLLVTLLALLFILLILI,0.1758163309339047,LLLLYLLVILLALLFILLILI_1,1.1001100110011e+17,1.0,-45.0912,-45.0912,-45.0912,-251.308,-231.154,-249.494,-357.329,4693.87,3751.32,3721.93,-32.7745,115.059,-93.7048,33.9754,-62.7447,-59.9922,85.3238,15.5377,10.0858,7.01755,6.79741,105.083,-64.0373,57.892,18.4788,-246.103,9.391,3.92102,3.2894,1.0,LLLLYLLVILLALLFILLILI,0.0608568102555569,0.0175830367831758,L,99999900.0,-30.960100000000004,0.0,-1.813999999999993,942.5499999999997,-0.03284716991141055,0.0,-0.001924566336003388,-0.0347721606280834
LALLLALLFVLTSLL,Mutant,,void,4.0,LLLLILLLALLFVLTSLLILI,0.0249372463419106,LLLLALLLALLFVLTSLLILI_0,1.1001100110011e+17,1.0,-74.2362,-74.2083,-74.23,-241.549,-226.215,-241.379,-360.641,4580.95,3674.4,3651.84,-32.6904,-15.0621,-77.5465,-75.2798,-45.0314,-53.0636,63.2081,25.0489,9.2199,2.99263,2.44075,-14.9904,-52.0168,48.9899,24.9796,-375.703,9.3931,0.916152,0.151,0.0,LLLLALLLALLFVLTSLLILI,0.3553031891512332,0.0308672049614788,L,99999900.0,-32.5151,-0.006199999999992656,-0.17000000000001592,906.5499999999997,-0.03586685786774034,-6.8391153273318155e-06,-0.00018752412994320884,-0.03606022833820529
LAVLLLALTLLLSFL,Mutant,,void,9.0,LLLLAVLLLILTLLLSFLILI,0.0585333783691726,LLLLAVLLLALTLLLSFLILI_0,1.1001100110011e+17,1.0,-70.6031,-74.1699,-74.3139,-244.975,-234.578,-242.22,320688.0,4583.18,3741.74,3659.14,-32.6705,-19.298,320971.0,320978.0,321005.0,-49.0647,84.7654,19.1115,9.21333,5.30304,5.07452,-19.284,-55.2755,63.3818,20.3382,320669.0,9.5,3.34787,2.7986,0.0,LLLLAVLLLALTLLLSFLILI,0.3487131319129004,0.0853181570888386,L,99999900.0,-34.0,3.710800000000006,-2.7549999999999955,841.4400000000005,-0.04040692146795966,0.0044100589465677935,-0.003274149077771432,-0.03882689199467577
LYLLAVLTSLLASLL,Mutant,,void,14.0,LLLLYLLAVLTSLLFSLLILI,-0.1030280837335181,LLLLYLLAVLTSLLASLLILI_1,1.1001100110011e+17,1.0,-89.6705,-87.0519,-89.6761,-235.374,-229.103,-241.248,-381.268,4524.07,3664.18,3587.3,-32.6497,52.3369,-88.8733,-12.7765,-50.3437,-103.689,29.2315,23.4641,9.42725,5.9996,4.93807,38.5769,-105.336,9.98133,18.0,-335.856,8.8545,3.64788,2.2976,1.0,LLLLYLLAVLTSLLASLLILI,0.55221553162001,0.0083791498461175,L,99999900.0,-38.5296,0.00560000000000116,5.873999999999995,859.8899999999999,-0.04480759166870182,6.512460896162487e-06,0.006831106304294731,-0.0379696240216772
LFILLAVLLTLLLSL,WT,LLLLFILLAVLATLLLSLILI,void,,,,LLLLFILLAVLLTLLLSLILI_0,1.1001100110011e+17,1.0,-74.2506,-74.2506,-74.2506,-247.209,-221.942,-244.788,-380.271,4564.41,3749.96,3586.78,-32.6441,-9.26827,-91.4556,-93.3475,-61.2327,-55.0053,92.3176,27.9915,9.99672,7.21367,7.09844,-8.59912,-60.6709,65.7431,20.4901,-389.54,9.5,4.47595,3.9621,0.0,LLLLFILLAVLLTLLLSLILI,0.2594693242907581,0.082167512597688,L,99999900.0,-30.222900000000003,0.0,-2.4209999999999923,814.4499999999998,-0.03710835533181903,0.0,-0.0029725581680888854,-0.0400811590643993
TLLLGALLGVLLGSL,Mutant,,void,8.0,LLLTLLLGLLLGVLLGSLILI,0.3110438942461541,LLLTLLLGALLGVLLGSLILI_2,1.1001100110011e+17,1.0,-73.5763,-70.1553,-60.2824,-215.135,-213.453,-231.517,-355.796,4438.09,3637.79,3539.16,-32.6154,1609.83,-99.7,1537.64,-63.9963,-88.1361,46.5098,-42.4396,6.55928,5.99924,5.19689,-10.8205,-91.396,35.576,-35.8075,-366.618,7.4513,5.01216,4.0458,2.0,LLLTLLLGALLGVLLGSLILI,0.6333656688112007,0.0768367574828145,G,99999900.0,-35.703700000000005,-13.2939,16.382000000000005,800.3000000000002,-0.044612895164313375,-0.016611145820317377,0.020469823816068974,-0.04075396726227664
VALLLFLLSLLYTLL,WT,LLLVALLLFLLILLYTLLILI,clash,,,,LLLVALLLFLLSLLYTLLILI_0,1.1001100110011e+17,1.0,-74.19,-70.6542,-74.2236,-241.69,-223.45,-249.434,-374.248,4656.14,3651.19,3707.72,-32.5876,27.3436,-90.9554,-52.7998,-50.5903,-105.608,25.9691,22.9532,9.09749,5.84708,4.73662,29.043,-105.769,4.6377,20.6829,-346.904,9.4739,2.99144,1.56101,0.0,LLLVALLLFLLSLLYTLLILI,0.30908062993157,0.0688518422273894,L,99999900.0,-40.3651,0.03360000000000696,7.744,1004.9500000000003,-0.040166276929200447,3.343449922882427e-05,0.00770585601273695,-0.03242708592467286
YALLFVLLILLTSLL,Mutant,,clash,11.0,LLLYALLFVLLLLLTSLLILI,0.0395404608387094,LLLYALLFVLLILLTSLLILI_1,1.1001100110011e+17,1.0,-74.1728,-74.094,-74.2026,-251.639,-250.628,-253.955,-370.306,4713.63,3932.64,3789.62,-32.5646,596.677,-77.0587,551.093,-42.1485,-106.089,26.6405,22.6833,9.18207,6.00981,4.90942,21.904,-103.616,12.3747,18.4457,-348.282,8.943,3.71299,2.39861,1.0,LLLYALLFVLLILLTSLLILI,0.1679586611761098,0.0460015158055372,L,99999900.0,-34.9102,0.02980000000000871,2.3160000000000025,780.9900000000002,-0.04469993213741532,3.815669854928834e-05,0.0029654669073867807,-0.04169656461670442
LTLLVALLLFLIILL,Mutant,,clash,15.0,LLLLTLLVALLLFLISLLILI,0.0919768437411465,LLLLTLLVALLLFLIILLILI_1,1.1001100110011e+17,1.0,-45.0899,-45.0899,-45.0899,-246.517,-233.861,-248.182,-368.341,4668.16,3767.94,3615.62,-32.5498,108.854,-109.284,19.4626,-75.0696,-51.7339,101.379,28.8322,9.4838,7.9463,7.96699,96.8817,-54.0792,78.5495,19.5461,-268.034,8.8671,5.21606,4.8943,1.0,LLLLTLLVALLLFLIILLILI,0.3424264648957003,0.0279397534873703,L,99999900.0,-34.21440000000001,0.0,1.664999999999992,900.2199999999998,-0.03800670947101822,0.0,0.0018495478882939642,-0.03615760591855325
LYLLVALLTILFSLL,WT,LLLLYLLVILLTILFSLLILI,clash,,,,LLLLYLLVALLTILFSLLILI_2,1.1001100110011e+17,1.0,-70.5959,-74.2527,-74.2527,-247.686,-242.531,-247.813,-367.467,4601.13,3672.54,3620.88,-32.5469,19.7409,-81.7322,-30.9434,-45.4014,-47.9533,81.1003,19.89,9.08112,4.64154,4.35804,-5.55736,-51.1677,56.5743,18.0,-375.072,9.0744,1.81269,1.16131,2.0,LLLLYLLVALLTILFSLLILI,0.3161094014253854,0.034034513042505,L,99999900.0,-36.3308,3.656800000000004,0.12699999999998113,928.5900000000001,-0.03912469442918834,0.003938013547421363,0.00013676649543930164,-0.03504980669617377
LFVLLLLLATLIILL,Mutant,,clash,15.0,LLLLFVLLLLLATLISLLILI,0.017034604517749,LLLLFVLLLLLATLIILLILI_0,1.1001100110011e+17,1.0,-58.858,-55.3082,-58.858,-250.186,-229.745,-247.753,-372.823,4627.14,3740.42,3599.04,-32.544,17.4902,-96.3231,-70.2794,-66.2115,-61.5864,64.0532,20.0042,9.98561,4.38514,3.84594,19.0305,-58.638,47.7207,18.5491,-355.333,9.3098,1.73799,0.9538,0.0,LLLLFVLLLLLATLIILLILI,0.2903135492319504,0.0796014222588408,L,99999900.0,-30.111599999999996,0.0,-2.433000000000021,886.7200000000003,-0.03395840851678093,0.0,-0.0027438199206063023,-0.0367015517863587
AILLGLLLGTLLAFL,Mutant,,void,3.0,LLLYILLGLLLGTLLAFLILI,-0.4435795569640413,LLLAILLGLLLGTLLAFLILI_0,1.1001100110011e+17,1.0,-67.5874,-66.0716,-58.718,-224.26,-216.397,-235.079,-346.79,4478.74,3653.73,3503.45,-32.4628,1003.73,-87.4059,939.407,-52.9932,-72.7603,63.3319,-41.8496,6.80773,5.96385,5.41383,969.709,-60.6857,64.7023,-38.4105,656.938,7.3229,4.33767,3.8082,0.0,LLLAILLGLLLGTLLAFLILI,0.7728092474157404,0.1103657578789902,G,99999900.0,-34.4127,-8.869399999999999,10.819000000000017,825.0099999999998,-0.0417118580380844,-0.010750657567787059,0.013113780439025006,-0.0393483715348905
LTVLLALLFILLSLL,WT,LLLLTVLLILLFILLSLLILI,clash,,,,LLLLTVLLALLFILLSLLILI_0,1.1001100110011e+17,1.0,-60.3949,-60.3949,-60.4247,-245.037,-224.426,-246.469,-376.793,4586.45,3689.63,3664.31,-32.434,-10.6002,-103.796,-102.573,-69.8997,-52.1179,90.9724,18.3518,9.18532,6.59895,6.46354,-9.77412,-56.6653,65.0607,18.0,-387.394,9.401,3.78299,3.2589,0.0,LLLLTVLLALLFILLSLLILI,0.3632800629905863,0.1439992041185039,L,99999900.0,-33.89630000000001,0.029800000000001603,1.431999999999988,896.8199999999997,-0.03779610178185146,3.322851854329923e-05,0.0015967529716107898,-0.03616556276621843
ALLLGALLGTLLSFL,WT,LLLALLLIALLGTLLSFLILI,clash,,,,LLLALLLGALLGTLLSFLILI_0,1.1001100110011e+17,1.0,-87.5111,-82.9814,-73.9598,-217.176,-213.266,-233.4,-356.946,4442.12,3739.07,3599.94,-32.4267,-17.3037,-84.6853,-78.0026,-49.5867,-86.3449,55.5528,-46.3318,6.18455,6.95136,6.28465,-15.1578,-74.197,65.2656,-42.419,-374.25,6.5325,6.44041,5.91939,0.0,LLLALLLGALLGTLLSFLILI,1.1007760255429335,0.10841874553529,G,99999900.0,-35.0986,-13.551299999999998,16.224000000000018,703.0499999999997,-0.04992333404452032,-0.019275016001706852,0.023076594836782625,-0.04612289310859826
LVILLLTLIALLSFL,Mutant,,clash,5.0,LLLLVLLLLTLIALLSFLILI,-0.1426696390607079,LLLLVILLLTLIALLSFLILI_0,1.1001100110011e+17,1.0,-74.3052,-74.3052,-74.3052,-247.014,-233.908,-246.088,-380.702,4551.58,3769.9,3633.26,-32.3799,13.4158,-91.762,-59.0728,-60.3081,-13.6143,108.97,19.1174,9.64726,3.25305,3.3876,13.575,-13.5638,91.8055,24.6135,-367.286,9.5,0.928318,0.805401,0.0,LLLLVILLLTLIALLSFLILI,0.4268428929023595,0.0708588219868008,L,99999900.0,-31.453899999999997,0.0,-0.9260000000000161,781.6799999999998,-0.04023884453996521,0.0,-0.001184627980759411,-0.0414234725207246
WSLLTLLLGVLLAFL,WT,LLLWSLLILLLGVLLAFLILI,clash,,,,LLLWSLLTLLLGVLLAFLILI_1,1.1001100110011e+17,1.0,-71.0853,-71.4998,-58.686,-232.421,-230.709,-251.005,-354.854,4725.78,3812.23,3602.11,-32.3543,148.58,-83.7021,95.9356,-45.1634,-61.2269,56.9762,-43.5863,7.73997,3.37582,2.73046,102.91,-58.1657,52.5749,-41.2091,-213.576,7.4407,2.32247,1.61109,1.0,LLLWSLLTLLLGVLLAFLILI,0.2933771832273317,0.0518989707932593,G,99999900.0,-38.5387,-12.399300000000004,18.584000000000003,913.5499999999997,-0.04218564938974332,-0.013572656121722957,0.02034261945158996,-0.035416014449127044
LAILLAVLALLLSTL,Mutant,,void,11.0,LLLLAILLAVLFLLLSTLILI,-0.4040236599868909,LLLLAILLAVLALLLSTLILI_1,1.1001100110011e+17,1.0,-74.2272,-74.2272,-74.1978,-236.327,-231.809,-237.41,-380.343,4456.79,3609.87,3609.32,-32.3339,-11.6938,-102.123,-86.0007,-68.7352,-47.9106,91.9799,21.7298,8.81229,6.10387,5.98357,-17.0874,-49.9576,72.3497,21.6342,-397.542,9.2046,3.76085,3.3461,1.0,LLLLAILLAVLALLLSTLILI,0.6912412619338938,0.0292328139443689,L,99999900.0,-33.3878,-0.02939999999999543,1.0829999999999984,846.9200000000001,-0.039422613706135166,-3.471402257591676e-05,0.0012787512397865186,-0.038178222264204406
LVLLLAILFTLLSLL,WT,LLLLILLLAILFTLLSLLILI,clash,,,,LLLLVLLLAILFTLLSLLILI_0,1.1001100110011e+17,1.0,-74.1402,-74.1402,-74.1402,-249.492,-234.171,-246.156,-383.961,4577.01,3738.13,3662.23,-32.3251,-17.6623,-92.6538,-93.3129,-63.6655,-47.6593,77.9935,22.4462,9.20704,4.17802,3.84792,-17.6212,-47.5614,60.8613,19.2779,-401.624,9.4842,1.85048,1.2634,0.0,LLLLVLLLAILFTLLSLLILI,0.3248708936823545,0.0613485431861663,L,99999900.0,-28.988300000000002,0.0,-3.3359999999999843,838.8800000000001,-0.03455595555979401,0.0,-0.003976730879267576,-0.038533640091550636
LTILLFLLALLVILL,Mutant,,clash,15.0,LLLLTILLFLLALLVSLLILI,0.0371970316112891,LLLLTILLFLLALLVILLILI_0,1.1001100110011e+17,1.0,-45.0764,-45.0764,-45.0764,-246.63,-231.275,-248.123,-366.487,4649.78,3661.48,3578.49,-32.2941,17.1939,-107.075,-72.9423,-73.2875,-54.0705,74.8488,25.0585,9.24609,4.71516,4.33789,13.0471,-56.1837,58.5243,19.3261,-349.293,8.9941,2.82834,2.2062,0.0,LLLLTILLFLLALLVILLILI,0.3134974000353341,0.0185517903429821,L,99999900.0,-33.78750000000001,0.0,1.492999999999995,988.2999999999997,-0.034187493676009324,0.0,0.001510674896286548,-0.032676414044318536
YALLGLLLGTLLASL,Mutant,,void,4.0,LLLYILLGLLLGTLLASLILI,-0.0408028581837822,LLLYALLGLLLGTLLASLILI_0,1.1001100110011e+17,1.0,-86.9978,-79.5256,-74.0156,-220.16,-212.919,-240.087,-356.77,4553.56,3614.03,3611.96,-32.2071,-12.573,-81.8196,-76.8983,-42.6672,-92.1142,55.5606,-39.5322,6.71748,7.81781,7.15122,-11.0622,-97.764,38.4753,-38.0973,-369.343,7.04,6.35877,5.4359,0.0,LLLYALLGLLLGTLLASLILI,0.3853133169809162,0.034120166287256,G,99999900.0,-39.15239999999999,-12.982199999999992,19.926999999999992,939.5300000000002,-0.04167232552446434,-0.013817759943801676,0.021209540940683096,-0.03428001234659882
LFLLLIVLYLLLSTL,Mutant,,clash,8.0,LLLLFLLLAVLYLLLSTLILI,0.1796859376019116,LLLLFLLLIVLYLLLSTLILI_0,1.1001100110011e+17,1.0,-74.1978,-74.0887,-74.1684,-252.579,-234.137,-251.298,-376.511,4623.44,3782.47,3587.05,-32.1815,53.6944,-81.9152,-14.5907,-51.0439,-55.5716,77.1545,24.0723,10.7119,5.2516,4.90892,54.5035,-51.2293,66.1027,23.4186,-322.816,9.2593,3.10826,2.5998,0.0,LLLLFLLLIVLYLLLSTLILI,0.1718821460193728,0.0652704152963665,L,99999900.0,-30.871299999999998,-0.02939999999999543,-1.281000000000006,840.9699999999998,-0.03670915728266169,-3.495962995112244e-05,-0.00152324101929915,-0.038267120111300054
LFLLLAVLYLLLSTL,WT,LLLLFLLLIVLYLLLSTLILI,clash,,,,LLLLFLLLAVLYLLLSTLILI_2,1.1001100110011e+17,1.0,-74.1684,-74.1151,-74.1684,-243.1,-245.226,-247.339,-369.426,4610.51,3645.07,3566.09,-32.1739,-21.7998,-84.3315,-71.8852,-47.9187,-47.8384,80.268,25.6139,9.48291,4.51194,4.21596,-18.1512,-51.2293,66.1027,23.4186,-390.118,9.2593,3.10826,2.5998,2.0,LLLLFLLLAVLYLLLSTLILI,0.3515680836212851,0.0966469072835628,L,99999900.0,-36.412800000000004,0.0,4.239000000000004,965.44,-0.03771627444481273,0.0,0.004390744116672195,-0.033325633907855486
LSYLLAVLFTLLLIL,WT,LLLLSYLLIVLFTLLLILILI,clash,,,,LLLLSYLLAVLFTLLLILILI_1,1.1001100110011e+17,1.0,-68.0618,-61.4915,-58.8845,-234.697,-225.308,-248.239,-355.317,4627.6,3644.47,3494.28,-32.1279,116.546,-84.6857,48.0278,-48.1933,-53.3189,80.1932,16.0077,9.72508,5.32392,5.02682,116.552,-57.7209,63.0677,18.0,-238.721,8.8446,3.67228,3.1183,1.0,LLLLSYLLAVLFTLLLILILI,0.3765762964554069,0.0423740392764528,L,99999900.0,-36.492399999999996,-9.177300000000002,13.542000000000002,983.1300000000006,-0.03711859062382388,-0.009334777699795549,0.013774373684049915,-0.032679198071465604
LAYLLLTLAVLLASL,Mutant,,void,15.0,LLLLAYLLLTLAVLLFSLILI,0.0258126830948287,LLLLAYLLLTLAVLLASLILI_2,1.1001100110011e+17,1.0,-74.2134,-74.2134,-74.2134,-235.314,-220.187,-239.52,-365.999,4570.82,3580.61,3552.78,-32.1141,87.2575,-88.5855,15.6596,-52.2656,-51.6661,95.7855,14.5007,9.1177,7.18096,7.11774,87.4608,-61.161,61.4936,18.0,-289.388,8.8181,3.97579,3.39819,2.0,LLLLAYLLLTLAVLLASLILI,0.4512451958794901,0.0371865631494239,L,99999900.0,-36.3199,0.0,4.206000000000017,990.2099999999996,-0.03667898728552531,0.0,0.004247583845850899,-0.032431605417032765
LTYLLAILFVLLLSL,WT,LLLLIYLLAILFVLLLSLILI,clash,,,,LLLLTYLLAILFVLLLSLILI_2,1.1001100110011e+17,1.0,-60.4159,-60.4159,-60.4159,-237.404,-222.566,-248.368,-359.475,4656.34,3642.71,3532.8,-32.091,3.29127,-93.7462,-73.2016,-50.691,-51.8183,83.8809,19.7209,9.36723,5.59667,5.35488,3.36003,-57.8356,61.3017,20.1938,-356.184,9.2739,3.45107,2.8706,2.0,LLLLTYLLAILFVLLLSLILI,0.2859835091265691,0.0787351187232569,L,99999900.0,-43.0552,0.0,10.963999999999999,1013.6300000000001,-0.04247624872981265,0.0,0.010816570148870887,-0.031659481270286
LFLLLLALTVLLSIL,WT,LLLLFLLLLALTVLLIILILI,clash,,,,LLLLFLLLLALTVLLSILILI_1,1.1001100110011e+17,1.0,-70.6215,-74.0293,-74.2251,-241.073,-237.855,-245.616,-380.492,4587.83,3627.99,3599.18,-32.0892,75.8382,-100.887,7.23056,-60.6515,-51.1442,87.2135,18.1492,9.11147,5.94545,5.75365,-11.9478,-61.0233,60.9634,18.806,-392.193,9.3641,3.88355,3.298,1.0,LLLLFLLLLALTVLLSILILI,0.3607018416553364,0.0640125914790898,L,99999900.0,-40.2355,3.6036,4.543000000000006,959.8400000000001,-0.04191896566094348,0.0037543757292882144,0.004733080513418909,-0.03343182197032838
YILLGLLLGTLLASL,WT,LLLYILLGLLLITLLASLILI,clash,,,,LLLYILLGLLLGTLLASLILI_2,1.1001100110011e+17,1.0,-83.0258,-84.3341,-74.0156,-226.321,-215.206,-242.917,-366.336,4552.73,3797.52,3559.45,-32.0771,118.28,-89.066,51.4843,-49.4036,-95.3462,51.9102,-48.4287,6.8681,7.80981,7.08846,-2.33195,-97.764,38.4753,-38.0973,-355.567,7.04,6.35877,5.4359,2.0,LLLYILLGLLLGTLLASLILI,0.3389392134309597,0.0284993242915619,G,99999900.0,-39.662400000000005,-9.010199999999998,16.596000000000004,755.2099999999996,-0.05251837237324721,-0.0119307212563393,0.02197534460613606,-0.04247441109095486
LAVLLLTLALLLSFL,WT,LLLLAVLLLTLAALLSFLILI,void,,,,LLLLAVLLLTLALLLSFLILI_1,1.1001100110011e+17,1.0,-74.2318,-74.2318,-74.2024,-237.134,-231.054,-242.533,-376.036,4575.17,3699.77,3663.92,-32.0589,-22.4441,-96.7292,-93.1945,-59.3009,-51.596,80.4192,20.5423,8.70943,5.09599,4.80228,-14.5742,-58.5206,60.8961,19.5178,-391.909,9.0988,3.49906,2.9125,1.0,LLLLAVLLLTLALLLSFLILI,0.2926945940721854,0.0293456918305208,L,99999900.0,-37.42830000000001,-0.02940000000000964,5.399000000000001,875.4000000000001,-0.042755654557916384,-3.358464701851684e-05,0.006167466301119489,-0.03662200137080192
LFVLLAILALLLSTL,Mutant,,void,11.0,LLLLFVLLAILYLLLSTLILI,0.0621644316897161,LLLLFVLLAILALLLSTLILI_0,1.1001100110011e+17,1.0,-74.2293,-74.2293,-74.1999,-243.61,-230.112,-240.694,-368.192,4494.76,3708.49,3624.91,-32.0041,-19.0597,-82.3569,-82.9101,-53.2979,-45.0695,90.09,26.6991,9.63949,5.42258,5.27393,-19.2493,-49.9452,71.2181,28.0,-387.252,9.4728,3.60623,3.1745,0.0,LLLLFVLLAILALLLSTLILI,0.3200879028607464,0.0498506589265285,L,99999900.0,-29.058999999999997,-0.02939999999999543,-2.9160000000000252,786.2700000000004,-0.03695804240273695,-3.7391735663315925e-05,-0.0037086497004845966,-0.04070370229056174
TALLGILLGVLLSLL,Mutant,,void,4.0,LLLTFLLGILLGVLLSLLILI,0.088001136299987,LLLTALLGILLGVLLSLLILI_1,1.1001100110011e+17,1.0,-73.4801,-69.2467,-60.3629,-220.21,-220.398,-240.015,-370.848,4455.97,3639.08,3615.0,-31.9883,236.281,-109.146,155.077,-70.4697,-92.4428,46.3323,-45.6265,6.56016,6.62129,5.81628,-6.53244,-98.6157,38.1977,-36.4813,-377.537,7.493,6.44904,5.522,1.0,LLLTALLGILLGVLLSLLILI,1.170511067514233,0.0587667488419754,G,99999900.0,-38.6763,-13.11719999999999,19.80499999999998,816.8900000000003,-0.047345787070474585,-0.016057486320067555,0.02424439030958877,-0.039158638249947954
VYLLATLLGILLALL,WT,LLLVYLLATLLIILLALLILI,clash,,,,LLLVYLLATLLGILLALLILI_0,1.1001100110011e+17,1.0,-69.8685,-70.7631,-58.7295,-224.274,-220.774,-239.987,-358.292,4566.53,3685.74,3627.3,-31.9577,-26.9802,-96.1077,-93.735,-59.5754,-66.7525,58.041,-44.7269,7.01062,4.34842,3.71903,-26.6637,-65.984,55.7173,-41.1231,-385.273,6.918,3.91944,3.2552,0.0,LLLVYLLATLLGILLALLILI,0.3537759623451882,0.0803543933710716,G,99999900.0,-36.53229999999999,-11.138999999999996,15.712999999999994,880.79,-0.041476742469828215,-0.012646601346518462,0.01783966666288218,-0.03628299594682047
LTVLLALLFLLASLL,Mutant,,void,14.0,LLLLTVLLALLFLLISLLILI,-0.0549330117111593,LLLLTVLLALLFLLASLLILI_0,1.1001100110011e+17,1.0,-60.4091,-60.4091,-60.4091,-238.035,-225.135,-242.781,-342.014,4568.67,3609.68,3591.14,-31.9567,-16.9075,-75.5263,-73.3771,-38.8241,-52.6879,64.8292,24.3031,9.43706,3.15514,2.62758,-15.9392,-57.353,47.189,23.3829,-358.921,9.4811,1.47347,0.681306,0.0,LLLLTVLLALLFLLASLLILI,0.2948193169171578,0.0611843582661842,L,99999900.0,-36.702200000000005,0.0,4.746000000000009,958.9900000000002,-0.03827172337563478,0.0,0.0049489567148771185,-0.03332328804262818
LTALLAILFVLLLSL,Mutant,,void,5.0,LLLLTYLLAILFVLLLSLILI,-0.1175346764585317,LLLLTALLAILFVLLLSLILI_2,1.1001100110011e+17,1.0,-60.4159,-60.4159,-60.4159,-235.594,-217.293,-242.69,-363.81,4563.03,3583.61,3545.03,-31.9135,7.46893,-99.7143,-78.6323,-60.7042,-50.9991,88.3878,19.3459,9.31752,6.08221,5.90803,7.40918,-57.8356,61.3017,20.1938,-356.341,9.2739,3.45107,2.8706,2.0,LLLLTALLAILFVLLLSLILI,0.4035181855851015,0.055987245741411,L,99999900.0,-39.010099999999994,0.0,7.096000000000004,979.4199999999996,-0.03982979722693023,0.0,0.0072451042453697155,-0.03258408037409897
AYLLGTLLGILLAAL,Mutant,,void,16.0,LLLAYLLGTLLGILLALLILI,0.1037786007944988,LLLAYLLGTLLGILLAALILI_1,1.1001100110011e+17,1.0,-65.9183,-62.8059,-58.7536,-216.774,-215.257,-236.472,-342.66,4473.79,3633.8,3561.19,-31.8506,-22.6808,-91.8187,-87.2782,-47.4342,-76.4068,52.3145,-41.282,6.74963,5.02348,4.30819,-25.9422,-71.7752,52.5548,-41.6943,-368.916,6.762,4.36118,3.6495,1.0,LLLAYLLGTLLGILLAALILI,0.982989110069084,0.0667098406794789,G,99999900.0,-44.38450000000001,-7.164700000000003,19.698000000000008,839.9899999999998,-0.05283931951570855,-0.008529506303646479,0.023450279169990134,-0.0379178323551471
LALLLAVLTILLSLL,Mutant,,void,4.0,LLLLYLLLAVLTILLSLLILI,-0.0607062559219874,LLLLALLLAVLTILLSLLILI_0,1.1001100110011e+17,1.0,-70.64,-74.3055,-74.3055,-241.852,-224.129,-241.461,-389.396,4518.2,3680.86,3665.99,-31.8388,-7.61353,-108.743,-98.5755,-73.6292,-47.9488,90.1808,24.0241,9.1351,5.86673,5.71944,-8.25154,-49.0441,69.7266,23.1475,-397.01,9.4231,3.2697,2.8156,0.0,LLLLALLLAVLTILLSLLILI,0.2930474429457227,0.0708779885085749,L,99999900.0,-35.1138,3.6654999999999944,-0.39099999999999113,837.3399999999997,-0.04193493682375141,0.004377552726491026,-0.00046695488093246624,-0.038023741849189115
LLALTALLIFLVSLL,Mutant,,void,5.0,LLLLLLLTALLIFLVSLLILI,-0.0703334052656575,LLLLLALTALLIFLVSLLILI_0,1.1001100110011e+17,1.0,-74.1462,-73.9712,-74.1002,-243.993,-223.98,-241.671,-372.121,4564.33,3694.52,3655.93,-31.7696,-11.6778,-85.7512,-85.8473,-56.3493,-45.9996,84.3604,19.9407,9.322,4.78859,4.554,-12.489,-51.3244,56.7456,20.2059,-383.799,9.3834,1.85932,1.2105,0.0,LLLLLALTALLIFLVSLLILI,0.3313793425145592,0.0419820713661915,L,99999900.0,-29.401899999999998,-0.04599999999999227,-2.3220000000000027,869.81,-0.03380266954852209,-5.288511284072645e-05,-0.002669548522091035,-0.03652475828054403
LVLLLLTLIALLSFL,WT,LLLLVLLLLTLIALLIFLILI,clash,,,,LLLLVLLLLTLIALLSFLILI_1,1.1001100110011e+17,1.0,-74.3052,-74.3174,-74.3052,-249.04,-243.605,-246.171,-383.632,4583.36,3767.27,3634.37,-31.7264,-27.9669,-92.0139,-93.6771,-63.1564,-11.0647,111.056,24.9408,9.65544,3.15228,3.31812,-18.1721,-13.5638,91.8055,24.6135,-402.105,9.5,0.928318,0.805401,1.0,LLLLVLLLLTLIALLSFLILI,0.284173253841651,0.0717746866345818,L,99999900.0,-28.85750000000001,0.0,-2.8689999999999998,816.0899999999997,-0.03536068325797402,0.0,-0.003515543628766436,-0.038876104351235785
LSALLAVLFTLLLIL,Mutant,,void,5.0,LLLLSYLLAVLFTLLLILILI,0.0428855081641301,LLLLSALLAVLFTLLLILILI_2,1.1001100110011e+17,1.0,-67.8823,-60.8952,-58.8845,-232.27,-221.465,-242.774,-360.175,4535.63,3665.55,3506.96,-31.6846,114.328,-91.7078,36.5131,-58.5162,-52.5169,84.1231,16.9499,9.73251,5.73415,5.496,111.227,-57.7209,63.0677,18.0,-240.827,8.8446,3.67228,3.1183,2.0,LLLLSALLAVLFTLLLILILI,0.3336907882912766,0.1120445135155156,L,99999900.0,-33.19160000000001,-8.997799999999998,10.50399999999999,870.0799999999999,-0.03814775652813536,-0.010341347922030156,0.012072453107760197,-0.03641573188672306
AALLTILLSLLYVLL,Mutant,,void,3.0,LLLFALLTILLSLLYVLLILI,-0.0119764603000857,LLLAALLTILLSLLYVLLILI_1,1.1001100110011e+17,1.0,-70.6849,-74.3228,-74.3228,-247.482,-240.907,-245.231,-380.061,4538.72,3744.23,3687.66,-31.6704,3.50919,-93.5643,-61.322,-60.5065,-97.1198,40.5358,21.9948,9.25284,6.5403,5.64834,-12.7125,-99.2526,18.5861,24.7801,-395.284,9.1248,3.89701,2.6758,1.0,LLLAALLTILLSLLYVLLILI,0.2076346086767918,0.035757764931099,L,99999900.0,-33.0578,3.637900000000002,-2.2510000000000048,794.4900000000002,-0.0416088308222885,0.004578912258178204,-0.0028332641065337565,-0.0398625533361024
LTVLLAILYLLLSAL,Mutant,,void,16.0,LLLLTVLLAILYLLLSFLILI,-0.0487644533347467,LLLLTVLLAILYLLLSALILI_2,1.1001100110011e+17,1.0,-60.3923,-60.3923,-60.3923,-242.548,-235.393,-244.727,-369.582,4574.47,3653.42,3568.13,-31.6429,-27.1381,-98.2851,-100.936,-64.4628,-45.241,101.147,25.8466,9.10684,6.94098,6.95818,-20.1167,-51.0509,77.9264,26.2034,-389.85,9.0772,4.6777,4.3466,2.0,LLLLTVLLAILYLLLSALILI,0.4165229055462195,0.0197755484541594,L,99999900.0,-33.8223,0.0,2.179000000000002,921.0500000000002,-0.036721459204169145,0.0,0.0023657781879376817,-0.03435524672927636
LSILFVLLATLALLL,Mutant,,void,14.0,LLLLSILFVLLATLYLLLILI,-0.0962274354739796,LLLLSILFVLLATLALLLILI_2,1.1001100110011e+17,1.0,-64.7714,-66.8677,-58.9036,-240.4,-227.156,-241.943,-357.812,4545.98,3816.29,3747.13,-31.641,53.6787,-84.2819,-10.1104,-56.9655,-95.7396,33.6979,30.3652,9.4435,5.41016,4.41563,47.8501,-94.2786,13.1421,23.187,-304.015,9.5,2.41597,1.1131,2.0,LLLLSILFVLLATLALLLILI,0.2381876834099315,0.0279382938285252,L,99999900.0,-27.316399999999994,-5.867800000000003,1.5430000000000064,729.6899999999996,-0.03743562334690075,-0.008041497074099967,0.0021145966095191208,-0.04336224972248491
LAVLLALLLILLSTL,WT,LLLLIVLLALLLILLSTLILI,clash,,,,LLLLAVLLALLLILLSTLILI_1,1.1001100110011e+17,1.0,-74.1912,-74.1912,-74.1912,-240.706,-234.858,-241.492,-390.584,4528.81,3677.79,3708.68,-31.5344,-20.3522,-107.221,-101.887,-74.9004,-52.1301,87.6153,20.0717,9.27062,6.14759,5.96182,-13.162,-59.2256,60.857,18.0467,-403.713,9.5,3.59954,3.0124,1.0,LLLLAVLLALLLILLSTLILI,0.2389348039202644,0.0097040539074735,L,99999900.0,-32.3206,0.0,0.7860000000000014,851.0200000000004,-0.03797866090103638,0.0,0.0009235975652746128,-0.03705482832365865
LFVLAILLATLYSLL,Mutant,,void,7.0,LLLLFVLLILLATLYSLLILI,0.1030031705577596,LLLLFVLAILLATLYSLLILI_2,1.1001100110011e+17,1.0,-74.1478,-74.1478,-74.1478,-247.356,-243.988,-241.48,-354.405,4586.09,3920.93,3856.23,-31.5119,-17.1489,-64.4129,-53.418,-38.7767,-95.5795,25.9316,26.6018,9.22507,4.33769,3.22666,-7.24611,-95.2993,8.2247,24.1394,-361.931,9.5,1.90523,0.528601,2.0,LLLLFVLAILLATLYSLLILI,0.1380629205295497,0.0387860316661088,L,99999900.0,-25.636199999999995,0.0,-5.876000000000005,665.1600000000003,-0.038541403572072856,0.0,-0.008833964760358413,-0.047374917313127644
LVALLLLLTILLFLL,Mutant,,clash,12.0,LLLLVALLLLLTSLLFLLILI,0.1940021149840239,LLLLVALLLLLTILLFLLILI_2,1.1001100110011e+17,1.0,-59.0074,-49.242,-58.9959,-247.99,-248.402,-248.538,-378.855,4672.81,3750.11,3543.43,-31.5027,135.25,-103.36,54.0397,-71.3207,-15.7032,96.1321,30.0221,10.1282,1.83331,1.77529,123.959,-10.5055,89.5832,26.7676,-238.729,8.6395,0.169552,0.0132994,2.0,LLLLVALLLLLTILLFLLILI,0.3136498589922193,0.0888425515995046,L,99999900.0,-32.0393,-0.011499999999998067,0.5480000000000018,922.7000000000003,-0.03472342039666196,-1.2463422564211623e-05,0.0005939091795816643,-0.034141866262056994
LAVLLALLLILLITL,Mutant,,clash,15.0,LLLLAVLLALLLILLSTLILI,-0.120939417019956,LLLLAVLLALLLILLITLILI_1,1.1001100110011e+17,1.0,-58.8692,-58.8692,-58.8692,-243.117,-238.82,-243.81,-383.518,4572.6,3711.14,3683.33,-31.4312,16.2595,-112.963,-69.5693,-80.8394,-51.6268,84.3134,26.4132,9.40976,5.62632,5.39102,17.7074,-59.2256,60.857,18.0467,-365.666,9.5,3.59954,3.0124,1.0,LLLLAVLLALLLILLITLILI,0.359874220940221,0.0358808129886759,L,99999900.0,-32.123599999999996,0.0,0.693000000000012,861.4600000000005,-0.03728971745641119,0.0,0.0008044482622524687,-0.036485965686160686
LTVLAALLFLLISLL,Mutant,,void,7.0,LLLLTVLLALLFLLISLLILI,-0.0849045610059224,LLLLTVLAALLFLLISLLILI_2,1.1001100110011e+17,1.0,-60.3557,-60.4091,-60.4091,-235.777,-229.254,-242.481,-363.488,4599.47,3591.76,3608.8,-31.4167,-23.5923,-98.7724,-97.4179,-60.5988,-52.749,62.8397,24.3255,9.33748,2.89571,2.33831,-19.1481,-57.353,47.189,23.3829,-382.676,9.4811,1.47347,0.681306,2.0,LLLLTVLAALLFLLISLLILI,0.3247908662119208,0.0707943332841186,L,99999900.0,-38.17360000000001,0.053400000000003445,6.704000000000008,1007.71,-0.03788153337765826,5.299143602822582e-05,0.006652707624217292,-0.031176330491907392
YALLGLLLGVLLASL,Mutant,,void,4.0,LLLYFLLGLLLGVLLASLILI,0.3143875552169971,LLLYALLGLLLGVLLASLILI_2,1.1001100110011e+17,1.0,-73.826,-73.5121,-60.2828,-218.11,-217.145,-239.493,-350.551,4579.44,3624.25,3683.95,-31.3768,-29.2379,-89.9919,-89.1325,-50.7756,-92.9762,54.4066,-41.0873,6.46646,7.79133,7.10743,-27.0262,-85.2491,54.6423,-40.0514,-377.46,6.6215,6.66407,5.9837,2.0,LLLYALLGLLLGVLLASLILI,0.8664648845920989,0.0873650629260294,G,99999900.0,-39.216300000000004,-13.543199999999992,21.38299999999998,955.1899999999996,-0.04105602026821891,-0.014178540395104636,0.022386122132769387,-0.03284875260419394
SYLLGLLLGALLGTL,Mutant,,void,12.0,LLLSYLLGLLLGFLLGTLILI,0.4722359324177901,LLLSYLLGLLLGALLGTLILI_2,1.1001100110011e+17,1.0,-83.9223,-80.5458,-58.7136,-220.059,-215.593,-246.157,-354.053,4505.71,3649.67,3667.39,-31.3665,-26.2844,-81.4382,-84.1989,-49.1829,-83.914,39.5604,-41.0689,6.89505,4.42775,3.52116,-24.0648,-87.8363,33.3963,-37.1588,-377.464,7.4752,4.18395,3.1849,2.0,LLLSYLLGLLLGALLGTLILI,0.9501427553088018,0.0605486757198489,G,99999900.0,-32.2553,-25.208700000000007,26.098000000000013,856.04,-0.0376796645016588,-0.029448039811223785,0.030486893135834792,-0.03664139526190365
LAALLFLLTALLFSL,Mutant,,void,4.0,LLLLYALLFLLTALLFSLILI,0.0829389327947159,LLLLAALLFLLTALLFSLILI_2,1.1001100110011e+17,1.0,-74.1994,-74.2929,-74.1994,-228.351,-214.033,-241.43,-351.576,4615.82,3607.3,3515.93,-31.3366,17.685,-80.3619,-45.5645,-35.9467,-7.81933,108.172,27.2147,9.07284,2.27613,2.39872,16.5889,-10.97,92.972,21.0294,-333.891,8.5,0.69672,0.5913,2.0,LLLLAALLFLLTALLFSLILI,0.3947164519581287,0.0200159060614311,L,99999900.0,-44.415200000000006,0.0,13.079000000000008,1008.5199999999995,-0.0440399793757189,0.0,0.012968508309205583,-0.031071867687304185
LALLLAVLFILLSTL,Mutant,,void,4.0,LLLLLLLLAVLFILLSTLILI,-0.1185993033416571,LLLLALLLAVLFILLSTLILI_1,1.1001100110011e+17,1.0,-74.1445,-74.1742,-74.1742,-245.768,-239.257,-242.589,-372.617,4527.72,3700.54,3632.48,-31.2938,-16.0479,-83.9986,-75.2338,-55.8545,-42.9957,89.4272,20.7912,9.21481,5.02203,4.86344,-20.1843,-48.0588,67.1612,19.6216,-391.212,9.5,2.77558,2.283,1.0,LLLLALLLAVLFILLSTLILI,0.2408395733085941,0.0247825570785693,L,99999900.0,-28.144099999999995,0.02970000000000539,-3.179000000000002,827.1800000000003,-0.034024154355762934,3.590512343142409e-05,-0.0038431780265480316,-0.0378319108295655
LWVLLALLAILTSLL,Mutant,,void,8.0,LLLLWVLLFLLAILTSLLILI,-0.0595999856734972,LLLLWVLLALLAILTSLLILI_0,1.1001100110011e+17,1.0,-74.2268,-74.2268,-74.2268,-242.409,-218.214,-243.261,-384.791,4522.25,3634.35,3640.47,-31.27,-2.25834,-99.425,-94.6085,-67.3027,-54.6043,85.2549,16.6844,9.09682,6.20007,5.97889,-1.37548,-59.9714,54.2759,21.2659,-387.049,9.1374,2.82296,2.1371,0.0,LLLLWVLLALLAILTSLLILI,0.2073890292792211,0.0204079952267168,L,99999900.0,-32.122299999999996,0.0,0.8520000000000039,887.9000000000001,-0.03617783534181777,0.0,0.0009595675188647412,-0.03521792994706611
TALLGVLLGLLLGSL,Mutant,,void,4.0,LLLTFLLGVLLGLLLGSLILI,-0.0484712385356924,LLLTALLGVLLGLLLGSLILI_1,1.1001100110011e+17,1.0,-73.7149,-69.3428,-60.2321,-211.45,-214.308,-235.925,-359.498,4464.5,3442.87,3501.99,-31.2484,-5.01502,-105.581,-80.8623,-63.3406,-80.9469,32.8372,-41.4754,6.73007,3.07506,2.06762,-11.9997,-76.9679,35.2534,-45.0,-370.804,6.6086,2.8044,1.8332,1.0,LLLTALLGVLLGLLLGSLILI,1.067887507660803,0.0374037992191124,G,99999900.0,-42.2404,-13.482799999999997,24.475000000000023,1021.6300000000001,-0.04134608419878038,-0.013197341503283964,0.023956814110783767,-0.03058680735687088
LFLLLAVLALLLSTL,Mutant,,void,11.0,LLLLFLLLAVLYLLLSTLILI,0.0636115917398911,LLLLFLLLAVLALLLSTLILI_0,1.1001100110011e+17,1.0,-74.1978,-74.1978,-74.1684,-238.609,-223.257,-240.23,-370.507,4537.86,3672.15,3636.44,-31.2129,-15.0395,-88.9138,-88.0919,-56.1091,-46.8678,83.8226,24.3046,9.39615,4.84622,4.60356,-14.1623,-51.2293,66.1027,23.4186,-385.547,9.2593,3.10826,2.5998,0.0,LLLLFLLLAVLALLLSTLILI,0.2879564918813936,0.0289695882102359,L,99999900.0,-32.8047,-0.02939999999999543,1.620999999999981,865.7099999999996,-0.037893405412898096,-3.396056416120346e-05,0.0018724515137863507,-0.036054683439026944
LAVLLLTLAALLSFL,Mutant,,void,12.0,LLLLAVLLLTLALLLSFLILI,0.0078530570841438,LLLLAVLLLTLAALLSFLILI_0,1.1001100110011e+17,1.0,-74.1882,-74.1882,-74.1882,-236.104,-223.454,-238.85,-364.941,4530.33,3667.16,3683.09,-31.1952,-13.1336,-85.8449,-80.4333,-51.9038,-49.8094,86.575,20.8783,8.63068,5.65904,5.45766,-12.6783,-58.5206,60.8961,19.5178,-378.075,9.0988,3.49906,2.9125,0.0,LLLLAVLLLTLAALLSFLILI,0.2848415369880415,0.03551898446702,L,99999900.0,-33.9411,0.0,2.745999999999981,863.1700000000001,-0.03932145463813617,0.0,0.0031812968476661384,-0.036140273642503794
TLLLGVLLGALLAFL,Mutant,,void,12.0,LLLTLLLGVLLGLLLAFLILI,0.1512693009179539,LLLTLLLGVLLGALLAFLILI_2,1.1001100110011e+17,1.0,-56.1696,-47.2181,-44.9757,-217.91,-214.105,-238.144,-338.661,4510.39,3735.16,3730.31,-31.1074,-8.52508,-95.6891,-85.8631,-55.5408,-92.323,31.2817,-44.8886,6.69349,4.57148,3.54071,-8.26595,-92.2092,24.1928,-42.7136,-347.186,7.3162,3.59741,2.4603,2.0,LLLTLLLGVLLGALLAFLILI,1.3603449722194594,0.1162210011559881,G,99999900.0,-40.1483,-11.1939,20.23400000000001,775.2300000000005,-0.05178888845890894,-0.014439456677373157,0.026100641100060624,-0.04012667208441363
YFLLATLLGILLALL,WT,LLLYFLLATLLIILLALLILI,clash,,,,LLLYFLLATLLGILLALLILI_1,1.1001100110011e+17,1.0,-66.2998,-65.9438,-58.7599,-228.477,-228.204,-248.144,-346.686,4690.38,3763.49,3711.86,-31.0751,-10.5857,-82.9841,-63.123,-39.782,-66.4453,54.7534,-48.225,7.01263,3.8585,3.1798,-17.2337,-63.7124,52.8763,-44.516,-362.158,6.9734,3.19516,2.4883,1.0,LLLYFLLATLLGILLALLILI,0.2785531567023678,0.0770365071872632,G,99999900.0,-43.2021,-7.539900000000003,19.667,926.8900000000003,-0.04660973794085597,-0.008134622231332737,0.021218267539837514,-0.03352620052001854
LTVLLALLILLISLL,Mutant,,clash,11.0,LLLLTVLLALLFLLISLLILI,-0.0935458123148622,LLLLTVLLALLILLISLLILI_0,1.1001100110011e+17,1.0,-60.3824,-60.3391,-60.4091,-247.088,-228.143,-245.606,-390.204,4583.48,3753.25,3624.81,-31.0171,4.28967,-113.751,-97.4314,-84.1882,-50.1769,74.963,22.8224,9.94976,4.14654,3.77099,4.44771,-57.353,47.189,23.3829,-385.914,9.4811,1.47347,0.681306,0.0,LLLLTVLLALLILLISLLILI,0.3334321175208606,0.0672023609430553,L,99999900.0,-29.56280000000001,0.026700000000005275,-1.4819999999999993,830.2299999999996,-0.03560796405815259,3.215976295725918e-05,-0.0017850475169531336,-0.03735964732664444
LALLLFVLATLLSIL,Mutant,,void,4.0,LLLLLLLLFVLATLLSILILI,-0.0645865124696876,LLLLALLLFVLATLLSILILI_0,1.1001100110011e+17,1.0,-74.1441,-74.1441,-74.1441,-242.38,-233.229,-242.443,-372.207,4540.72,3608.26,3658.99,-31.0105,-17.9382,-86.6936,-82.7726,-55.6199,-52.6445,84.1814,23.7929,9.08592,5.76117,5.52389,-17.8475,-54.4487,65.1033,28.0,-390.145,9.5,3.45625,2.9328,0.0,LLLLALLLFVLATLLSILILI,0.3246655256633582,0.0475797985937252,L,99999900.0,-31.073700000000002,0.0,0.0630000000000166,932.46,-0.03332443214722348,0.0,6.756321987003904e-05,-0.03325665444094116
LLLLLAVLAILLSTL,Mutant,,void,8.0,LLLLLLLLFVLAILLSTLILI,-0.0726984813772819,LLLLLLLLAVLAILLSTLILI_0,1.1001100110011e+17,1.0,-74.1793,-74.1793,-74.1793,-247.067,-229.318,-240.677,-390.865,4493.12,3781.35,3614.9,-30.9976,-15.62,-100.616,-102.988,-76.009,-49.6362,93.8118,34.0179,8.96318,6.61002,6.5172,-15.5093,-51.9769,68.2057,27.0969,-406.485,8.9741,3.50431,3.0274,0.0,LLLLLLLLAVLAILLSTLILI,0.234396603917964,0.0577581102773338,L,99999900.0,-24.607,0.0,-6.390000000000015,711.77,-0.03457156103797575,0.0,-0.008977619174733432,-0.043550023181645754
VALLLALTALLFSLL,Mutant,,void,8.0,LLLVALLLLLTALLFSLLILI,-0.2522492512896583,LLLVALLLALTALLFSLLILI_1,1.1001100110011e+17,1.0,-74.2272,-74.2516,-74.2272,-229.568,-225.507,-238.47,-366.987,4545.62,3626.12,3603.31,-30.9606,50.6041,-94.1529,-16.6247,-54.2904,-103.619,11.4691,26.9883,9.54123,3.59113,2.26317,47.301,-101.833,3.45963,18.0,-321.834,9.3219,2.242,0.793894,1.0,LLLVALLLALTALLFSLLILI,0.6336466993278341,0.0263508831994556,L,99999900.0,-39.862500000000004,0.0,8.901999999999987,919.5,-0.04335236541598696,0.0,0.009681348558999442,-0.03367112561174551
TYLLAVLLGLLLGFL,WT,LLLTYLLAVLLILLLGFLILI,clash,,,,LLLTYLLAVLLGLLLGFLILI_2,1.1001100110011e+17,1.0,-56.1785,-55.8749,-44.9568,-230.601,-226.013,-248.52,-340.209,4613.55,3764.73,3449.14,-30.953,26801.1,-84.3825,26742.8,-46.732,-66.6415,49.3213,-46.0388,6.75411,3.15461,2.39443,12280.2,-62.6538,43.9976,-40.9419,26460.9,6.5,1.83774,0.997703,2.0,LLLTYLLAVLLGLLLGFLILI,0.9475554527099204,0.0416934533394447,G,99999900.0,-37.650499999999994,-11.221699999999998,17.91900000000001,848.8200000000002,-0.04435628283970687,-0.013220352960580566,0.021110482787870227,-0.0364659173912019
SALLGLLLGVLLGTL,Mutant,,void,4.0,LLLSYLLGLLLGVLLGTLILI,-0.0422342753464834,LLLSALLGLLLGVLLGTLILI_2,1.1001100110011e+17,1.0,-72.9367,-72.9983,-58.7511,-219.453,-217.582,-239.594,-358.467,4449.02,3457.39,3608.84,-30.9116,576.055,-96.989,508.168,-60.1213,-81.0443,49.8969,-39.8902,6.85983,5.39272,4.64117,-17.2876,-82.2405,38.4729,-43.0414,-375.773,7.0713,4.02991,3.107,2.0,LLLSALLGLLLGVLLGTLILI,1.1388362863970825,0.0983464925688338,G,99999900.0,-36.867700000000006,-14.1856,20.14099999999999,991.6300000000006,-0.03717888728658873,-0.014305335659469755,0.02031100309591277,-0.031172513941691946
LTVLLAILFLLLSLL,WT,LLLLTVLLIILFLLLSLLILI,clash,,,,LLLLTVLLAILFLLLSLLILI_2,1.1001100110011e+17,1.0,-60.3986,-60.3986,-60.3986,-241.93,-240.129,-246.591,-376.186,4599.61,3685.08,3598.8,-30.9102,-9.95126,-104.767,-85.6101,-69.1963,-46.5983,95.0275,20.2316,9.39739,6.31846,6.24387,-16.836,-46.7812,82.2688,20.3303,-393.937,9.2984,4.62347,4.3575,2.0,LLLLTVLLAILFLLLSLLILI,0.3262130638088065,0.0511548444331861,L,99999900.0,-35.5707,0.0,4.661000000000001,914.5299999999997,-0.038895060850928906,0.0,0.005096607000317106,-0.03379900057953267
AALLGVLLGLLLAFL,Mutant,,void,4.0,LLLAYLLGVLLGLLLAFLILI,-0.0314578392933244,LLLAALLGVLLGLLLAFLILI_0,1.1001100110011e+17,1.0,-57.2124,-52.7493,-44.9245,-218.04,-211.127,-232.055,-332.637,4440.09,3689.22,3632.26,-30.8644,-16.9518,-88.2498,-85.7133,-55.6581,-88.9163,59.3106,-39.1954,6.62265,7.84437,7.23403,-16.5365,-91.43,48.2927,-36.5962,-349.589,7.0472,6.73401,5.9584,0.0,LLLAALLGVLLGLLLAFLILI,1.265015304446318,0.0808204980912499,G,99999900.0,-32.591699999999996,-12.2879,14.015000000000015,750.8700000000003,-0.043405249910104256,-0.01636488340192043,0.018665015248977863,-0.041104851705355105
LAVLLLILTLLLSFL,WT,LLLLAVLLLILILLLSFLILI,clash,,,,LLLLAVLLLILTLLLSFLILI_0,1.1001100110011e+17,1.0,-67.0966,-74.1699,-74.3139,-245.564,-239.344,-246.849,-384.218,4585.52,3789.07,3654.68,-30.8634,-19.8184,-102.42,-90.5221,-63.055,-49.5076,77.671,17.7373,9.32705,4.41173,4.0768,-19.5647,-55.2755,63.3818,20.3382,-404.036,9.5,3.34787,2.7986,0.0,LLLLAVLLLILTLLLSFLILI,0.4072465102820735,0.1400010940090601,L,99999900.0,-39.365,7.217300000000009,1.2849999999999966,796.4500000000003,-0.04942557599347101,0.009061836901249301,0.0016134095046769993,-0.038751208487663995
YALLATLLGLLLGVL,Mutant,,void,4.0,LLLYFLLATLLGLLLGVLILI,0.0731055898165236,LLLYALLATLLGLLLGVLILI_1,1.1001100110011e+17,1.0,-57.1695,-60.5845,-58.7388,-228.401,-224.428,-240.593,-347.61,4574.21,3592.73,3590.8,-30.8382,88.5522,-92.8776,25.9551,-48.2779,-73.1803,43.453,-39.7404,6.81338,3.3432,2.495,-15.5926,-71.1719,34.5088,-41.0473,-364.302,6.9662,1.83447,0.852102,1.0,LLLYALLATLLGLLLGVLILI,0.3030942010696469,0.042358684620194,G,99999900.0,-44.5997,1.5692999999999984,12.191999999999979,981.48,-0.0454412723641847,0.0015989118474141076,0.012422056486122976,-0.0314201002567551
YFLLAVLIILLLSLL,Mutant,,clash,11.0,LLLYFLLAVLITLLLSLLILI,0.0150460795437745,LLLYFLLAVLIILLLSLLILI_2,1.1001100110011e+17,1.0,-60.4441,-60.4441,-60.4441,-249.079,-238.123,-254.833,-364.645,4770.48,3819.96,3765.78,-30.8175,10.9736,-85.9387,-55.104,-49.3678,-106.59,35.5012,27.8478,9.87379,7.28122,6.31374,11.697,-113.132,4.052,24.0428,-352.202,9.5,4.01682,2.5776,2.0,LLLYFLLAVLIILLLSLLILI,0.19712862998921,0.0846865456381748,L,99999900.0,-36.570899999999995,0.0,5.753999999999991,950.5199999999995,-0.03847462441610909,0.0,0.006053528594874378,-0.03242172705466483
LFVLLILLATLYSLL,WT,LLLLFVLLILLITLYSLLILI,clash,,,,LLLLFVLLILLATLYSLLILI_1,1.1001100110011e+17,1.0,-74.1478,-74.1478,-74.1478,-251.414,-243.236,-249.461,-366.72,4645.96,3860.07,3833.14,-30.8154,7.63847,-71.9742,-41.6978,-43.1113,-92.8598,28.9276,29.0367,9.19058,4.33421,3.26812,-7.82072,-95.2993,8.2247,24.1394,-375.842,9.5,1.90523,0.528601,1.0,LLLLFVLLILLATLYSLLILI,0.2410660910873099,0.1109233294881939,L,99999900.0,-28.862899999999996,0.0,-1.9529999999999745,785.8899999999999,-0.03672638664444133,0.0,-0.0024850806092455366,-0.03921083103233278
LLLLLFVLAILLSTL,WT,LLLLLLLLFVLIILLSTLILI,clash,,,,LLLLLLLLFVLAILLSTLILI_2,1.1001100110011e+17,1.0,-74.3336,-74.1968,-74.1793,-247.197,-242.658,-245.539,-384.009,4544.92,3686.78,3551.69,-30.7865,-23.0987,-93.265,-90.2534,-64.2912,-48.3468,84.9974,29.0807,9.16387,5.22667,5.00163,-18.0123,-51.9769,68.2057,27.0969,-401.775,8.9741,3.50431,3.0274,2.0,LLLLLLLLFVLAILLSTLILI,0.1616981225406818,0.0478482901015533,L,99999900.0,-28.973799999999997,-0.15430000000000632,-1.6580000000000155,858.1399999999999,-0.033763488475074,-0.00017980749061925367,-0.0019320856736663198,-0.035875847763768155
AALLGALLGTLLSFL,Mutant,,void,4.0,LLLALLLGALLGTLLSFLILI,-0.0925752182517338,LLLAALLGALLGTLLSFLILI_1,1.1001100110011e+17,1.0,-87.9458,-85.0748,-73.9598,-212.712,-218.143,-230.668,-346.794,4383.29,3750.68,3647.87,-30.7829,-26.1637,-76.9185,-69.7391,-42.1661,-82.6765,59.2301,-43.1429,6.24414,6.89755,6.286,-18.7867,-74.197,65.2656,-42.419,-363.31,6.5325,6.44041,5.91939,1.0,LLLAALLGALLGTLLSFLILI,1.2081504959756475,0.0361038496789591,G,99999900.0,-34.752399999999994,-13.986000000000004,17.956000000000017,632.6100000000001,-0.05493495202415388,-0.022108408023900985,0.028383996459113853,-0.048660153965318274
YFLLAVLTSLLLSLL,WT,LLLYFLLAVLTILLLSLLILI,clash,,,,LLLYFLLAVLTSLLLSLLILI_2,1.1001100110011e+17,1.0,-89.6301,-90.0811,-89.6301,-244.768,-231.283,-251.956,-376.459,4709.87,3805.49,3677.14,-30.7778,-14.5403,-72.8393,-69.6354,-34.8728,-101.527,45.1473,26.1514,9.52593,7.82397,7.00117,-10.8495,-106.428,19.5913,24.4851,-386.5,8.9302,5.10903,3.9029,2.0,LLLYFLLAVLTSLLLSLLILI,0.2006617965533109,0.0251966108393774,L,99999900.0,-37.966499999999996,0.0,7.187999999999988,904.3800000000001,-0.0419806939560804,0.0,0.007947986465866105,-0.03403193347928967
AFLLAVLITLLLSLL,Mutant,,void,3.0,LLLYFLLAVLITLLLSLLILI,-0.1830636862881693,LLLAFLLAVLITLLLSLLILI_0,1.1001100110011e+17,1.0,-70.7062,-70.7062,-74.2904,-238.75,-223.933,-239.457,-369.017,4571.45,3669.84,3689.25,-30.7391,2.68661,-90.3003,-71.6913,-55.2693,-105.621,32.1636,29.1767,9.44049,6.68525,5.66771,2.39291,-113.132,4.052,24.0428,-366.33,9.5,4.01682,2.5776,0.0,LLLAFLLAVLITLLLSLLILI,0.3952383958211548,0.0554481478599779,L,99999900.0,-35.03099999999999,3.58420000000001,0.7069999999999936,901.6099999999997,-0.038853828151861676,0.003975333015383604,0.0007841527933363582,-0.03409356595423743
TALLGLLLGVLLAIL,Mutant,,void,4.0,LLLTFLLGLLLGVLLAILILI,0.3835223817419982,LLLTALLGLLLGVLLAILILI_2,1.1001100110011e+17,1.0,-56.5932,-56.3554,-44.9935,-222.813,-222.718,-239.454,-357.147,4504.47,3564.14,3619.78,-30.6975,-1.19408,-108.438,-79.2674,-72.6991,-78.9099,51.052,-37.7733,7.10834,5.2285,4.49428,-21.7364,-75.4208,48.7219,-40.9997,-379.82,7.4067,4.39057,3.6214,2.0,LLLTALLGLLLGVLLAILILI,0.910828024398994,0.0228144911543098,G,99999900.0,-35.7389,-11.599700000000006,16.64100000000002,940.3300000000004,-0.03800676358299744,-0.012335775738304638,0.017696978720236525,-0.03264545425542096
LYILLFTLAVLLLSL,WT,LLLLYILLFTLAVLLISLILI,clash,,,,LLLLYILLFTLAVLLLSLILI_0,1.1001100110011e+17,1.0,-74.2637,-74.2637,-74.2637,-243.928,-231.017,-247.317,-366.007,4610.25,3610.32,3481.08,-30.6596,370.762,-78.4745,310.036,-44.4259,-58.6446,72.0306,17.9871,10.2895,5.02082,4.60128,363.545,-58.528,63.2713,22.0772,4.75471,8.9263,3.82083,3.2699,0.0,LLLLYILLFTLAVLLLSLILI,0.2667766824367084,0.1280704186067741,L,99999900.0,-34.04860000000001,0.0,3.38900000000001,999.9299999999998,-0.034050983568849835,0.0,0.003389237246607273,-0.030661746322242563
LVALLLILTLLLSAL,Mutant,,void,16.0,LLLLVALLLILTLLLSFLILI,-0.1461097326469236,LLLLVALLLILTLLLSALILI_0,1.1001100110011e+17,1.0,-74.1907,-74.1907,-74.2705,-242.49,-239.023,-241.508,-388.71,4546.31,3681.92,3670.76,-30.6248,-27.183,-102.654,-102.68,-72.9313,-10.6555,95.7129,21.3566,9.45912,1.01957,0.955268,-25.6247,-13.2915,87.7058,22.0356,-415.893,9.5,0.334013,0.149601,0.0,LLLLVALLLILTLLLSALILI,0.4985850349204082,0.0690391975361236,L,99999900.0,-29.722700000000003,0.07979999999999166,-0.9819999999999993,864.3900000000003,-0.03438575180184869,9.231943914204424e-05,-0.0011360612686403117,-0.03542937794282672
LLVLLIILLFLLSTL,Mutant,,clash,8.0,LLLLLVLLAILLFLLSTLILI,0.0198862160575579,LLLLLVLLIILLFLLSTLILI_1,1.1001100110011e+17,1.0,-74.1667,-74.0958,-74.0958,-248.343,-246.111,-249.63,-388.227,4662.25,3764.48,3619.81,-30.5984,22.4168,-96.3158,-45.6035,-64.5011,-57.3611,75.5426,18.3114,10.2147,5.30241,4.93555,25.7903,-55.3708,60.1199,23.2999,-361.634,9.5,2.9218,2.3236,1.0,LLLLLVLLIILLFLLSTLILI,0.2572802474794482,0.0560124938266606,L,99999900.0,-31.814700000000002,-0.07090000000000884,1.2870000000000061,897.77,-0.0354374728493935,-7.89734564532217e-05,0.0014335520233467439,-0.03408267150829277
YFLLGTLLGALLGAL,Mutant,,void,16.0,LLLYFLLGTLLGALLGLLILI,-0.1482329524513056,LLLYFLLGTLLGALLGALILI_1,1.1001100110011e+17,1.0,-70.5906,-67.4355,-58.7237,-224.617,-225.48,-237.715,-320.062,4587.16,3835.47,3676.56,-30.5864,10858.2,-55.441,10831.1,-23.6231,-42.9502,66.2051,-48.9334,6.91857,1.88022,1.37329,5523.14,-43.2635,63.1811,-42.5139,52242.7,7.006,1.51898,0.966697,1.0,LLLYFLLGTLLGALLGALILI,1.0577711647812624,0.0813370985812688,G,99999900.0,-31.8179,-11.866899999999994,13.098000000000013,751.69,-0.04232848647713818,-0.015786960050020612,0.017424736260958657,-0.040690178131942686
LTILLALLALLVSLL,Mutant,,void,8.0,LLLLTILLFLLALLVSLLILI,0.0306416577699032,LLLLTILLALLALLVSLLILI_0,1.1001100110011e+17,1.0,-60.4324,-60.4031,-60.4031,-239.425,-224.233,-240.982,-383.404,4508.55,3661.25,3674.04,-30.5604,-11.8423,-114.108,-110.611,-82.0195,-49.7793,80.6622,18.4977,8.76127,4.85629,4.56622,-11.1977,-56.1837,58.5243,19.3261,-395.247,8.9941,2.82834,2.2062,0.0,LLLLTILLALLALLVSLLILI,0.3200527738767201,0.0864724552782606,L,99999900.0,-32.08850000000001,-0.029299999999999216,1.556999999999988,847.3000000000002,-0.03787147409418152,-3.458043196034369e-05,0.001837601793933657,-0.03606798064439985
LILLLALLFVLTSLL,WT,LLLLILLLALLFVLTILLILI,clash,,,,LLLLILLLALLFVLTSLLILI_2,1.1001100110011e+17,1.0,-74.2362,-74.2083,-74.23,-246.082,-237.778,-245.306,-382.655,4581.05,3720.26,3603.53,-30.5373,-26.3297,-92.8742,-96.9982,-63.1186,-48.7839,68.5815,28.0621,9.44071,3.07609,2.60481,-17.4274,-52.0168,48.9899,24.9796,-400.295,9.3931,0.916152,0.151,2.0,LLLLILLLALLFVLTSLLILI,0.3802404354931439,0.0945816824453571,L,99999900.0,-29.7556,-0.006199999999992656,-0.775999999999982,860.79,-0.03456778075953485,-7.202685904799842e-06,-0.0009014974616340594,-0.035475900045307214
YTLLVLLLAFLLSIL,WT,LLLYTLLVLLLIFLLSILILI,clash,,,,LLLYTLLVLLLAFLLSILILI_0,1.1001100110011e+17,1.0,-76.9595,-78.0062,-60.3747,-234.729,-231.463,-253.811,-363.83,4693.02,3992.76,3817.98,-30.5174,-23.872,-82.6591,-78.2333,-49.6442,-63.1731,57.0241,-46.7331,8.62876,3.67422,3.02958,-24.1967,-67.6029,45.1857,-45.0,-387.702,8.6947,2.74051,1.9183,0.0,LLLYTLLVLLLAFLLSILILI,0.3102245708810437,0.0408638424898807,R,99999900.0,-33.0149,-16.58480000000001,19.081999999999994,700.2600000000002,-0.047146631251249516,-0.023683774598006458,0.02724987861651385,-0.043580098820438104
LYLLLAVLTSLLASL,Mutant,,void,15.0,LLLLYLLLAVLTSLLFSLILI,0.0158583134402384,LLLLYLLLAVLTSLLASLILI_0,1.1001100110011e+17,1.0,-95.8678,-96.1029,-89.6087,-226.225,-215.599,-241.387,-381.504,4489.13,3638.94,3598.82,-30.4959,-12.5599,-89.9069,-82.3624,-50.5084,-9.81915,105.913,18.5799,8.48413,2.27113,2.35983,-12.0094,-14.6826,87.4327,18.0,-394.064,8.5,0.50581,0.317301,0.0,LLLLYLLLAVLTSLLASLILI,0.3143788967987412,0.0020284338851881,L,99999900.0,-39.39849999999999,-6.259100000000004,15.162000000000006,850.19,-0.04634081793481456,-0.007362001434973363,0.017833660711135166,-0.035869511520954134
YSLLLALTFLLAVLL,Mutant,,void,8.0,LLLYSLLLLLTFLLAVLLILI,-0.0700588610407466,LLLYSLLLALTFLLAVLLILI_2,1.1001100110011e+17,1.0,-64.569,-60.2193,-58.8168,-233.963,-229.543,-251.787,-351.361,4712.43,3759.13,3756.71,-30.4148,-14.9128,-83.2434,-76.5113,-40.7566,-106.311,27.1219,23.6046,9.21627,6.10818,5.01501,-14.9833,-106.527,9.82963,27.9293,-366.643,9.2389,3.80605,2.45349,2.0,LLLYSLLLALTFLLAVLLILI,0.3125751831867085,0.0834027611387486,L,99999900.0,-42.486799999999995,-5.752200000000002,17.824000000000012,953.3000000000002,-0.04456813175285848,-0.0060339872023497335,0.01869715724326026,-0.0319047519144026
LAVLLALLFTLLSIL,Mutant,,void,4.0,LLLLYVLLALLFTLLSILILI,-0.0795608888499563,LLLLAVLLALLFTLLSILILI_2,1.1001100110011e+17,1.0,-74.1368,-66.8864,-74.1368,-238.977,-226.625,-242.801,-371.901,4531.68,3698.72,3662.29,-30.4145,-5.7163,-89.2014,-84.1054,-54.9632,-51.195,86.4564,22.3753,9.28085,5.85086,5.64771,-2.2406,-53.8932,62.0075,22.5561,-374.154,9.1861,2.95499,2.3851,2.0,LLLLAVLLALLFTLLSILILI,0.3494692328309241,0.0771277110639555,L,99999900.0,-34.238200000000006,0.0,3.823999999999984,832.9600000000005,-0.04110425470610832,0.0,0.004590856703803282,-0.036513758163657296
AALLGVLLGTLLSFL,Mutant,,void,4.0,LLLALLLGVLLGTLLSFLILI,0.0736668290998374,LLLAALLGVLLGTLLSFLILI_1,1.1001100110011e+17,1.0,-83.8701,-84.354,-74.0352,-220.266,-215.689,-233.255,-349.64,4414.41,3777.06,3707.2,-30.3969,-26.0043,-75.9014,-75.601,-42.35,-98.656,42.7362,-36.8975,6.92579,7.06778,6.20882,-24.0383,-93.9928,36.7785,-43.1657,-372.233,6.6465,5.56402,4.6157,1.0,LLLAALLGVLLGTLLSFLILI,1.1616804163648131,0.0824490136499215,G,99999900.0,-33.551399999999994,-9.83489999999999,12.989000000000004,637.3499999999999,-0.05264203341962814,-0.015430924923511401,0.020379697183651065,-0.04769263356083785
LTVLLAILFALLSLL,Mutant,,void,12.0,LLLLTVLLAILFLLLSLLILI,-0.1414218163206902,LLLLTVLLAILFALLSLLILI_0,1.1001100110011e+17,1.0,-60.3472,-60.3314,-60.3472,-243.159,-224.474,-242.738,-365.259,4524.12,3653.37,3612.73,-30.3403,-14.0471,-92.0937,-94.5008,-62.1736,-43.6963,104.783,21.0572,9.36073,7.20009,7.27183,-13.6148,-46.7812,82.2688,20.3303,-379.306,9.2984,4.62347,4.3575,0.0,LLLLTVLLAILFALLSLLILI,0.4676348801294975,0.0283745037976072,L,99999900.0,-29.920099999999998,0.0,-0.42099999999999227,870.75,-0.034361297731840365,0.0,-0.0004834912431811568,-0.03484387022681596
LLALLLILVILLSFL,Mutant,,clash,12.0,LLLLLALLLILVTLLSFLILI,0.1946550895889861,LLLLLALLLILVILLSFLILI_1,1.1001100110011e+17,1.0,-60.3787,-58.7529,-60.4084,-246.506,-242.099,-246.855,-376.142,4643.22,3823.96,3698.25,-30.3268,-19.7314,-99.5844,-95.0218,-68.8788,-13.0422,103.149,21.8399,9.57034,2.3814,2.42863,-8.89716,-15.856,85.056,19.3699,-386.341,9.4176,0.36096,0.1368,1.0,LLLLLALLLILVILLSFLILI,0.1620880854199006,0.0804184267599991,L,99999900.0,-30.705600000000004,0.029699999999998283,0.34899999999998954,819.2600000000002,-0.03747967678148573,3.625222762004525e-05,0.0004259941898786581,-0.03701730830261454
AFLLGLLLGTLLTVL,WT,LLLAFLLILLLGTLLTVLILI,clash,,,,LLLAFLLGLLLGTLLTVLILI_0,1.1001100110011e+17,1.0,-78.0455,-75.8857,-72.4773,-223.573,-220.754,-237.516,-353.277,4501.74,3716.73,3586.56,-30.3085,-22.7997,-81.9673,-79.4372,-43.2843,-72.3435,52.1913,-42.044,6.57944,4.39735,3.68022,-21.758,-63.2674,60.5559,-36.2287,-376.077,7.0661,4.16516,3.5735,0.0,LLLAFLLGLLLGTLLTVLILI,1.4070366118070148,0.1236458488220049,G,99999900.0,-38.68299999999999,-5.5682000000000045,13.942999999999984,785.0099999999998,-0.04927707927287551,-0.007093158048942059,0.017761557177615555,-0.0386090623049388
YSLLLTLLFVLLALL,WT,LLLYSLLLTLLFILLALLILI,clash,,,,LLLYSLLLTLLFVLLALLILI_1,1.1001100110011e+17,1.0,-70.2727,-65.9333,-58.8578,-245.237,-235.573,-253.999,-362.406,4719.47,3949.51,3791.61,-30.22,4554.33,-77.1164,4493.43,-49.5495,-45.6112,84.9182,-43.4351,8.13759,4.80563,4.57941,4336.47,-39.3767,72.98,-35.0,4188.77,8.4101,2.2588,1.8535,1.0,LLLYSLLLTLLFVLLALLILI,0.3061490675202379,0.1012089251597401,R,99999900.0,-27.566899999999997,-11.414900000000003,8.762,769.96,-0.035803028728765125,-0.014825315600810435,0.011379811938282509,-0.03924879214504649
LAVLTALLALLFSLL,Mutant,,void,11.0,LLLLAVLTALLLLLFSLLILI,-0.1099369245262308,LLLLAVLTALLALLFSLLILI_2,1.1001100110011e+17,1.0,-74.3393,-74.31,-74.31,-239.198,-237.237,-238.202,-365.277,4508.78,3679.73,3675.55,-30.182,-13.1568,-81.9221,-66.8874,-52.7652,-49.0982,76.8367,16.4879,9.12827,4.23768,3.89023,-12.6092,-55.6011,56.4843,18.0,-381.012,9.1852,2.46554,1.8128,2.0,LLLLAVLTALLALLFSLLILI,0.3565614362290604,0.0437151872335969,L,99999900.0,-29.1569,-0.02929999999999211,-0.9960000000000093,829.0499999999997,-0.035169048911404634,-3.534165611240832e-05,-0.0012013750678487541,-0.036405524395392325
LYLLLAILFVLLSTL,WT,LLLLYLLLAILFVLLITLILI,clash,,,,LLLLYLLLAILFVLLSTLILI_0,1.1001100110011e+17,1.0,-74.2436,-74.2436,-74.2436,-245.061,-223.744,-248.44,-368.178,4575.67,3661.32,3560.6,-30.0485,-12.8647,-78.9227,-83.056,-45.4953,-51.3309,98.1343,19.988,9.80341,7.44777,7.41979,-12.5879,-52.7055,76.4898,21.5821,-381.043,9.2885,4.73195,4.3793,0.0,LLLLYLLLAILFVLLSTLILI,0.1501442324184012,0.0788193886873941,L,99999900.0,-33.427400000000006,0.0,3.3789999999999907,914.3499999999999,-0.036558648220047035,0.0,0.0036955214086509445,-0.032863236178706186
LYILLALLFVLLSTL,WT,LLLLYILLALLFVLLITLILI,clash,,,,LLLLYILLALLFVLLSTLILI_1,1.1001100110011e+17,1.0,-83.6227,-77.867,-74.234,-251.092,-248.821,-247.588,-368.09,4601.77,4066.64,3863.58,-30.0043,-12.5221,-63.3804,-53.9246,-46.2685,-42.0758,78.3955,32.0852,9.47836,3.39477,3.0707,-9.96121,-43.0223,62.7103,28.0,-378.981,9.5,1.41924,0.859895,1.0,LLLLYILLALLFVLLSTLILI,0.2547453519410702,0.0078706919824369,L,99999900.0,-17.1119,-9.3887,-3.504000000000019,535.1300000000006,-0.031977089679143346,-0.01754470876235679,-0.006547941621662055,-0.056069179451721955
SYLLFTLLAILLTLL,WT,LLLSYLLFILLAILLTLLILI,clash,,,,LLLSYLLFTLLAILLTLLILI_0,1.1001100110011e+17,1.0,-87.6505,-88.0866,-72.6833,-234.886,-235.205,-257.733,-373.892,4634.11,3736.04,3760.48,-29.9348,-26.6567,-81.2905,-77.2573,-43.4759,-60.8772,55.9203,-43.5424,7.99216,3.18083,2.51963,-25.6872,-61.6436,55.2704,-42.3147,-400.549,8.0426,3.20804,2.5371,0.0,LLLSYLLFTLLAILLTLLILI,0.312527248157092,0.0660530453816814,R,99999900.0,-37.81459999999999,-14.967199999999991,22.84700000000001,898.0699999999997,-0.042106517309341146,-0.016665961450666424,0.025440110459095635,-0.03333236830091196
YLLLGALLGILLSTL,WT,LLLYLLLGALLIILLSTLILI,clash,,,,LLLYLLLGALLGILLSTLILI_2,1.1001100110011e+17,1.0,-87.8849,-84.2539,-74.098,-225.831,-222.402,-243.131,-366.528,4545.06,3683.22,3700.64,-29.8955,-20.4119,-82.7067,-80.284,-49.2984,-72.4414,62.446,-43.0112,6.54645,5.79642,5.23311,-16.732,-63.07,66.418,-42.249,-383.164,7.1117,4.92693,4.4232,2.0,LLLYLLLGALLGILLSTLILI,0.8199723841278903,0.0706331230567297,G,99999900.0,-33.4083,-13.786900000000003,17.30000000000001,861.8400000000006,-0.038763923698134195,-0.015997052817228248,0.020073331476840248,-0.034687993130975564
LYFLLAVLTILLLSL,Mutant,,clash,12.0,LLLLYFLLAVLTALLLSLILI,0.157200860744605,LLLLYFLLAVLTILLLSLILI_0,1.1001100110011e+17,1.0,-74.2562,-70.4984,-74.2562,-248.392,-222.589,-245.531,-363.308,4638.31,3829.42,3618.63,-29.8352,55.8365,-70.4947,-14.384,-43.5206,-11.8704,116.672,22.9456,10.5917,4.03132,4.2814,55.7584,-10.3153,94.584,18.0,-307.472,9.3619,0.81614,0.734901,0.0,LLLLYFLLAVLTILLLSLILI,0.1482008406438749,0.126628255840525,L,99999900.0,-26.974099999999993,0.0,-2.86099999999999,808.8900000000003,-0.03334705584195624,0.0,-0.0035369456910086523,-0.036884125159168724
LVLLLLTLIALLSAL,Mutant,,void,16.0,LLLLVLLLLTLIALLSFLILI,-0.112874654330576,LLLLVLLLLTLIALLSALILI_1,1.1001100110011e+17,1.0,-74.3052,-74.3174,-74.3052,-243.09,-241.578,-241.117,-390.457,4518.59,3657.78,3645.66,-29.8104,-25.6239,-102.872,-100.185,-75.0348,-11.1283,109.931,24.004,9.57962,3.00997,3.15894,-14.6155,-13.5638,91.8055,24.6135,-406.325,9.5,0.928318,0.805401,1.0,LLLLVLLLLTLIALLSALILI,0.3970479081722275,0.1156540260208201,L,99999900.0,-27.837199999999996,0.0,-1.9730000000000132,860.81,-0.03233837896864581,0.0,-0.002292027276634813,-0.03463063858458894
WTLLVFLLAILLSLL,WT,LLLWTLLVFLLIILLSLLILI,clash,,,,LLLWTLLVFLLAILLSLLILI_0,1.1001100110011e+17,1.0,-76.9339,-72.506,-60.3741,-242.08,-230.763,-253.159,-368.487,4722.43,3834.82,3786.69,-29.7942,-13.7967,-79.2675,-79.0152,-54.9546,-61.8444,71.091,-38.4817,9.07718,5.37394,4.9403,-14.1294,-66.894,46.55,-38.3386,-382.284,9.0,2.81835,2.0166,0.0,LLLWTLLVFLLAILLSLLILI,0.2905474450158294,0.0341889141783517,R,99999900.0,-24.3129,-16.559799999999996,11.07899999999998,887.6100000000001,-0.02739142190827052,-0.018656617208008014,0.012481833237570529,-0.03356676918917092
LLVLTLLLAILFSLL,WT,LLLLLVLTLLLAILASLLILI,void,,,,LLLLLVLTLLLAILFSLLILI_1,1.1001100110011e+17,1.0,-74.2136,-74.2136,-74.1891,-245.592,-246.467,-245.523,-383.991,4567.91,3701.18,3644.13,-29.7648,77.2267,-93.9506,13.9166,-64.279,-55.8343,67.632,23.046,9.53667,4.00547,3.51995,-15.0837,-58.1024,48.2056,26.441,-399.593,9.3786,1.72312,0.946204,1.0,LLLLLVLTLLLAILFSLLILI,0.2699941638024867,0.1083060515899934,L,99999900.0,-29.671599999999998,-0.024500000000003297,-0.06900000000001683,866.73,-0.03423395982601271,-2.8267165091785558e-05,-7.960956699320068e-05,-0.03434149042954553
FALLGVLLGLLLASL,Mutant,,void,4.0,LLLFYLLGVLLGLLLASLILI,0.0400301726833486,LLLFALLGVLLGLLLASLILI_0,1.1001100110011e+17,1.0,-68.5118,-67.004,-60.32,-218.451,-212.748,-231.634,-343.139,4548.3,3606.65,3658.48,-29.6705,-20.5542,-85.8472,-83.9417,-51.1851,-78.0436,54.5882,-46.4264,6.82699,5.57595,4.89477,-20.7664,-75.759,50.2096,-41.8685,-363.694,7.3305,4.64215,3.89529,0.0,LLLFALLGVLLGLLLASLILI,0.9537726420075776,0.0218546449635606,G,99999900.0,-34.6621,-8.191799999999994,13.182999999999993,941.6500000000001,-0.036809961238252004,-0.00869941060903732,0.01399989380343014,-0.03150905325757978
YSLLIALLFILLTLL,Mutant,,clash,12.0,LLLYSLLIALLFVLLTLLILI,0.0427169734265782,LLLYSLLIALLFILLTLLILI_1,1.1001100110011e+17,1.0,-69.9912,-58.6361,-58.845,-240.258,-237.071,-254.964,-359.676,4813.04,3949.02,3771.9,-29.6607,-1.52495,-79.0874,-65.4942,-45.8668,-60.2889,87.0823,-50.8759,8.34962,7.29945,7.10569,-8.3483,-52.9619,83.5681,-45.0,-369.117,8.1807,5.72598,5.4795,1.0,LLLYSLLIALLFILLTLLILI,0.2408598895083699,0.0287199621872167,R,99999900.0,-33.220600000000005,-11.146200000000007,14.705999999999989,864.02,-0.03844887849818292,-0.012900395824170746,0.017020439341681893,-0.03432871924261013
LYSLLTALVALLFLL,Mutant,,void,9.0,LLLLYSLLTILVALLFLLILI,-0.2497191730207561,LLLLYSLLTALVALLFLLILI_0,1.1001100110011e+17,1.0,-60.4244,-61.119,-58.9416,-229.237,-221.16,-244.697,-345.057,4611.46,3809.42,3694.14,-29.6062,-16.7957,-85.0013,-79.573,-41.4182,-9.3207,102.276,27.2597,8.7345,1.70536,1.7395,-16.9383,-10.5055,89.5832,26.7676,-361.852,8.6395,0.169552,0.0132994,0.0,LLLLYSLLTALVALLFLLILI,0.6487092543194216,0.0261797743365998,L,99999900.0,-43.5831,-1.4827999999999975,15.460000000000008,802.04,-0.05434030721659768,-0.0018487855967283396,0.01927584659119247,-0.0369136202683158
LVILLAILTFLLSLL,Mutant,,clash,5.0,LLLLVLLLAILTFLLSLLILI,-0.0148489771997825,LLLLVILLAILTFLLSLLILI_1,1.1001100110011e+17,1.0,-74.2052,-71.0528,-74.1833,-246.458,-232.041,-246.07,-380.423,4550.2,3718.1,3618.1,-29.6062,967.398,-89.3663,890.069,-60.1702,-11.307,116.441,24.6083,9.89182,3.91554,4.16215,25.1262,-9.83843,94.7849,23.2579,-354.877,9.3793,0.771727,0.693501,1.0,LLLLVILLAILTFLLSLLILI,0.4484615512264966,0.0489812146274004,L,99999900.0,-29.196099999999994,-0.02190000000000225,-0.38800000000000523,832.0999999999999,-0.03508724912871049,-2.6318952049035275e-05,-0.00046629010936186186,-0.03558009854584786
LLLLLAVLATLLSIL,Mutant,,void,8.0,LLLLLLLLFVLATLLSILILI,-0.0564560212711364,LLLLLLLLAVLATLLSILILI_2,1.1001100110011e+17,1.0,-74.1441,-74.1441,-74.1441,-246.032,-242.61,-240.604,-391.327,4489.85,3751.12,3675.33,-29.5854,743.212,-100.737,668.639,-76.5791,-50.1003,89.0134,35.2011,9.13735,6.03186,5.86707,-12.72,-54.4487,65.1033,28.0,-404.437,9.5,3.45625,2.9328,2.0,LLLLLLLLAVLATLLSILILI,0.3165350344648071,0.0506783022579017,L,99999900.0,-24.157899999999998,0.0,-5.427999999999997,738.7300000000005,-0.032701934400931304,0.0,-0.007347745455037692,-0.04004900301869422
LVLLLAILTFLLSLL,WT,LLLLVLLLAILTFLLILLILI,clash,,,,LLLLVLLLAILTFLLSLLILI_0,1.1001100110011e+17,1.0,-74.15,-71.0528,-74.1833,-241.775,-224.848,-246.146,-383.024,4592.1,3661.01,3604.96,-29.5812,-9.54564,-96.68,-96.6691,-62.6947,-3.07538,116.986,25.3729,9.58094,2.75436,3.00914,-9.32997,-9.83843,94.7849,23.2579,-392.569,9.3793,0.771727,0.693501,0.0,LLLLVLLLAILTFLLSLLILI,0.433612574026714,0.0511785048951104,L,99999900.0,-33.98530000000001,0.033299999999997,4.370999999999981,931.0900000000001,-0.0365005531151661,3.576453404074471e-05,0.004694497846609866,-0.031770505536521707
LLFLTALLAVLISLL,Mutant,,void,11.0,LLLLLFLTALLYVLISLLILI,0.0372293358486899,LLLLLFLTALLAVLISLLILI_0,1.1001100110011e+17,1.0,-74.1538,-74.1322,-74.2211,-241.512,-223.478,-240.922,-368.6,4530.67,3723.11,3783.49,-29.567,30.4607,-82.5013,-40.5296,-53.457,-55.8158,69.7592,19.4443,9.50234,4.28986,3.83625,26.1488,-58.0774,48.3613,26.5833,-338.14,9.4347,1.74038,0.965799,0.0,LLLLLFLTALLAVLISLLILI,0.2794727248732906,0.0610015266194115,L,99999900.0,-29.0443,0.06730000000000302,-0.5900000000000034,807.56,-0.03596550101540443,8.333746099361414e-05,-0.000730595869037599,-0.03661275942344842
YFLLATLVALLLSLL,WT,LLLYFLLATLVILLLSLLILI,clash,,,,LLLYFLLATLVALLLSLLILI_2,1.1001100110011e+17,1.0,-74.1628,-74.1022,-74.1628,-239.957,-237.942,-249.936,-362.111,4704.67,3721.35,3695.33,-29.5494,-16.9071,-77.54,-66.9737,-38.0121,-103.64,37.3108,22.9192,8.89236,7.08294,6.1426,-14.1956,-106.798,17.1387,22.3838,-376.398,8.9938,4.83342,3.5905,2.0,LLLYFLLATLVALLLSLLILI,0.2847966757167597,0.0198226319700683,L,99999900.0,-39.52790000000001,0.0,9.979000000000013,983.3200000000002,-0.040198409469958916,0.0,0.010148273196924715,-0.03005064475450514
YGLLFALLGTLLSLL,WT,LLLYGLLFALLGTLLSALILI,void,,,,LLLYGLLFALLGTLLSLLILI_0,1.1001100110011e+17,1.0,-84.7943,-76.5236,-74.0094,-231.712,-223.825,-245.08,-351.817,4612.19,3858.2,3786.28,-29.5268,-16.1146,-64.8374,-67.5824,-32.727,-60.2611,76.5547,-41.2768,6.49335,5.87404,5.52236,-15.5061,-64.5043,61.457,-37.6682,-367.931,6.656,4.47234,3.89419,0.0,LLLYGLLFALLGTLLSLLILI,0.2018201630387139,0.0246372771930771,G,99999900.0,-32.110400000000006,-10.784900000000007,13.368000000000023,753.9899999999998,-0.04258730221886234,-0.014303770607037242,0.017729678112441846,-0.039160731574689335
LVSLLIALTALLFLL,Mutant,,void,9.0,LLLLVSLLILLTALLFLLILI,-0.130671144122725,LLLLVSLLIALTALLFLLILI_2,1.1001100110011e+17,1.0,-64.7903,-62.7298,-58.976,-237.208,-226.975,-242.413,-359.604,4561.77,3713.43,3545.86,-29.5025,-2.18386,-87.1087,-72.0832,-58.2157,0.659483,120.259,21.6526,9.76243,2.63608,2.93997,-2.15136,-2.1739,98.4581,19.6299,-323.276,9.2379,0.117928,0.0947994,2.0,LLLLVSLLIALTALLFLLILI,0.5740948199471608,0.0343468681401633,L,99999900.0,-28.893,-5.814300000000003,5.2050000000000125,848.3400000000006,-0.03405827852040453,-0.006853737888110898,0.0061355117052125435,-0.03477674045783528
LLLLLIVLFILLSTL,Mutant,,clash,8.0,LLLLLLLLAVLFILLSTLILI,-0.0271077365985217,LLLLLLLLIVLFILLSTLILI_1,1.1001100110011e+17,1.0,-74.2905,-74.1742,-74.1742,-248.207,-252.885,-249.428,-391.326,4572.11,3702.14,3598.7,-29.4931,43.2406,-98.3218,-21.0266,-67.7241,-57.3034,67.9805,18.0795,10.0657,4.27288,3.79258,33.6181,-48.0588,67.1612,19.6216,-356.414,9.5,2.77558,2.283,1.0,LLLLLLLLIVLFILLSTLILI,0.1493480065654584,0.0244963740017161,L,99999900.0,-30.59769999999999,-0.11629999999999541,1.2210000000000036,869.9699999999998,-0.03517098290745657,-0.00013368277067024774,0.0014034966722990493,-0.0339012839523202
LVLLLAILALLLSTL,Mutant,,void,11.0,LLLLVLLLAILFLLLSTLILI,-0.2344374227353581,LLLLVLLLAILALLLSTLILI_0,1.1001100110011e+17,1.0,-74.2058,-74.2058,-74.1764,-245.548,-241.212,-241.162,-389.405,4525.59,3734.59,3661.64,-29.424,-25.8312,-99.0751,-99.8187,-74.0668,-42.5542,71.359,17.2445,9.42231,2.5166,2.08698,-25.3564,-43.8654,60.6546,18.1944,-415.237,9.5,1.26818,0.677999,0.0,LLLLVLLLAILALLLSTLILI,0.3999891999936869,0.0554829318472528,L,99999900.0,-25.008300000000006,-0.02939999999999543,-4.385999999999996,791.0,-0.031616055625790146,-3.716814159291458e-05,-0.005544879898862195,-0.037198482932996206
LLVLLAILLFLLSTL,WT,LLLLAVLLAILLFLLSTLILI,void,,,,LLLLLVLLAILLFLLSTLILI_2,1.1001100110011e+17,1.0,-74.1744,-74.0958,-74.1638,-246.261,-226.931,-245.725,-382.699,4587.12,3771.21,3639.29,-29.4081,-0.510166,-91.6722,-82.1821,-62.8103,-54.1544,80.7755,24.788,9.7996,5.52785,5.23948,-10.7101,-55.3708,60.1199,23.2999,-395.213,9.5,2.9218,2.3236,2.0,LLLLLVLLAILLFLLSTLILI,0.2771664635370063,0.0632859170178628,L,99999900.0,-28.861900000000006,-0.010600000000010823,-0.5360000000000014,815.9099999999999,-0.03537387702074985,-1.2991628978699643e-05,-0.0006569352011864071,-0.0360433136007648
LYLLTVLLAILFSLL,WT,LLLLYLLTVLLIILFSLLILI,clash,,,,LLLLYLLTVLLAILFSLLILI_2,1.1001100110011e+17,1.0,-74.2296,-74.2409,-74.1682,-250.269,-238.879,-247.367,-368.25,4626.54,3868.89,3859.61,-29.4078,26.9375,-73.1597,-28.1928,-46.7156,-97.9505,21.222,25.8546,8.9877,4.05754,2.87587,-10.474,-95.2993,8.2247,24.1394,-381.053,9.5,1.90523,0.528601,2.0,LLLLYLLTVLLAILFSLLILI,0.3489207714072547,0.1112025227129512,L,99999900.0,-26.4441,-0.061400000000006116,-2.9020000000000152,757.6500000000001,-0.0349027915264304,-8.104005807431678e-05,-0.0038302646340658813,-0.03881449217976638
YFLLAVLLGLLLGTL,WT,LLLYFLLIVLLGLLLGTLILI,clash,,,,LLLYFLLAVLLGLLLGTLILI_0,1.1001100110011e+17,1.0,-62.4705,-60.3616,-58.7556,-230.136,-227.336,-244.883,-337.368,4699.11,3567.92,3581.88,-29.4048,-23.8917,-74.1664,-73.5613,-33.7288,-73.0152,36.8474,-41.5935,6.86622,2.42668,1.47939,-22.3846,-71.1719,34.5088,-41.0473,-361.259,6.9662,1.83447,0.852102,0.0,LLLYFLLAVLLGLLLGTLILI,0.3030798649791897,0.0651692469687096,G,99999900.0,-40.437599999999996,-3.7149,14.747000000000014,1131.1899999999996,-0.03574784076945518,-0.003284063685145733,0.013036713549447944,-0.025994572087801354
LAVLLLILILLLSFL,Mutant,,clash,11.0,LLLLAVLLLILTLLLSFLILI,0.1455646079657085,LLLLAVLLLILILLLSFLILI_2,1.1001100110011e+17,1.0,-60.4934,-60.526,-60.51,-246.131,-246.362,-247.453,-379.807,4615.85,3807.09,3658.45,-29.3317,73.7893,-102.514,0.870462,-71.8432,-47.7507,77.7201,17.5534,9.8087,4.15483,3.82063,42.8193,-55.2755,63.3818,20.3382,-276.551,9.5,3.34787,2.7986,2.0,LLLLAVLLLILILLLSFLILI,0.2616819023163641,0.006783500640735,L,99999900.0,-30.6708,0.01659999999999684,1.3220000000000027,808.7600000000002,-0.037923240516346,2.052524852860779e-05,0.0016346011177605251,-0.0362674959196795
YTLLVALLAFLLSIL,Mutant,,void,8.0,LLLYTLLVLLLAFLLSILILI,-0.0682954670493835,LLLYTLLVALLAFLLSILILI_2,1.1001100110011e+17,1.0,-77.1796,-77.3406,-60.3747,-231.072,-230.343,-249.651,-350.315,4671.77,4009.23,3860.43,-29.3129,-23.3677,-71.3759,-65.9989,-40.289,-69.8134,50.6479,-48.6376,8.54096,3.80949,3.0692,-21.6917,-67.6029,45.1857,-45.0,-372.642,8.6947,2.74051,1.9183,2.0,LLLYTLLVALLAFLLSILILI,0.3785200379304275,0.0190674256681025,R,99999900.0,-31.0869,-16.804899999999996,18.579000000000008,662.5400000000004,-0.04692078968816974,-0.025364355359676377,0.028042080478159804,-0.04424321550396954
LALLVALLTILFSLL,Mutant,,void,4.0,LLLLYLLVALLTILFSLLILI,0.0056544086416933,LLLLALLVALLTILFSLLILI_0,1.1001100110011e+17,1.0,-70.5959,-74.2527,-74.2527,-241.632,-219.789,-241.975,-371.609,4533.68,3669.8,3654.59,-29.2831,-4.21164,-88.664,-81.7794,-55.3817,-50.3545,78.0035,18.0315,9.08256,4.58365,4.2537,-3.77407,-51.1677,56.5743,18.0,-375.821,9.0744,1.81269,1.16131,0.0,LLLLALLVALLTILFSLLILI,0.3104549927836922,0.0244420194031832,L,99999900.0,-33.2823,3.656800000000004,0.3429999999999893,863.8800000000001,-0.03852653146270315,0.0042329953234245534,0.00039704588600267314,-0.033897184794184375
LAVLLLILTLLLSAL,Mutant,,void,16.0,LLLLAVLLLILTLLLSFLILI,0.0066770065621314,LLLLAVLLLILTLLLSALILI_0,1.1001100110011e+17,1.0,-74.1695,-74.1699,-74.3139,-243.923,-234.275,-241.521,-389.738,4553.94,3676.46,3613.1,-29.2774,-19.9926,-100.922,-101.286,-73.9031,-51.4554,78.9976,18.6667,9.76812,4.88299,4.56795,-19.7008,-55.2755,63.3818,20.3382,-409.73,9.5,3.34787,2.7986,0.0,LLLLAVLLLILTLLLSALILI,0.4005695037199419,0.0254953119565298,L,99999900.0,-27.018900000000002,0.14440000000000452,-2.4020000000000152,877.4799999999996,-0.03079147103067878,0.00016456215526280325,-0.002737384327847947,-0.03336531886766651
STLLGALLGLLLGFL,WT,LLLSTLLGALLGLLLIFLILI,clash,,,,LLLSTLLGALLGLLLGFLILI_0,1.1001100110011e+17,1.0,-71.7335,-68.5954,-44.8671,-217.318,-216.517,-252.927,-350.948,4480.13,3553.89,3566.3,-29.2663,-20.1158,-91.1623,-85.9513,-53.1541,-66.4376,69.7948,-35.2262,6.40853,5.88795,5.43487,-21.2744,-68.8242,63.6738,-35.7825,-371.064,6.5843,5.41959,4.8747,0.0,LLLSTLLGALLGLLLGFLILI,0.9215880797234406,0.0542226086819605,G,99999900.0,-38.0082,-26.866400000000006,35.60899999999998,926.2400000000002,-0.04103493694938676,-0.02900587320780791,0.03844467956469162,-0.03159688633615477
LYLLLAVLTALLSLL,Mutant,,void,12.0,LLLLYLLLAVLTILLSLLILI,-0.0813151698067127,LLLLYLLLAVLTALLSLLILI_2,1.1001100110011e+17,1.0,-74.0508,-70.4983,-74.149,-246.037,-224.985,-242.581,-140.184,4571.99,3655.97,3610.86,-29.2564,-8.09329,150.648,147.206,176.546,-49.2656,91.0123,25.14,9.57365,6.1765,6.04169,-5.73905,-49.0441,69.7266,23.1475,-148.277,9.4231,3.2697,2.8156,2.0,LLLLYLLLAVLTALLSLLILI,0.313656356830448,0.0427639496135808,L,99999900.0,-25.897999999999996,0.09820000000000562,-3.4560000000000173,916.02,-0.028272308464880675,0.00010720289950001705,-0.0037728433876989776,-0.03193860396061221
LAVLLLLLATLISLL,Mutant,,void,4.0,LLLLFVLLLLLATLISLLILI,-0.0573673900955654,LLLLAVLLLLLATLISLLILI_0,1.1001100110011e+17,1.0,-74.1181,-74.1181,-74.1181,-240.796,-226.853,-241.385,-388.039,4535.33,3685.09,3663.05,-29.2556,-10.9487,-102.38,-98.0166,-72.5355,-54.918,66.9242,17.6742,8.99498,3.77247,3.27633,-10.484,-58.638,47.7207,18.5491,-398.988,9.3098,1.73799,0.9538,0.0,LLLLAVLLLLLATLISLLILI,0.3647155438452653,0.0057999866101179,L,99999900.0,-29.844499999999996,0.0,0.5889999999999986,850.2399999999998,-0.03510126552502823,0.0,0.0006927455777192308,-0.034408637561159215
LIILLLLLTVLFSLL,Mutant,,clash,4.0,LLLLAILLLLLTVLFSLLILI,-0.0584281210121177,LLLLIILLLLLTVLFSLLILI_1,1.1001100110011e+17,1.0,-74.2845,-70.7353,-74.3434,-253.035,-245.215,-248.914,-391.214,4582.56,3834.48,3621.88,-29.2429,93.6572,-93.1371,18.3939,-67.9564,-42.2209,78.3583,22.1461,10.1247,3.41151,3.08689,13.1891,-48.5915,55.2725,20.6758,-383.65,9.4918,1.25051,0.579597,1.0,LLLLIILLLLLTVLFSLLILI,0.2741937318428278,0.0591429457739082,L,99999900.0,-25.1807,0.05890000000000839,-4.121000000000009,748.0800000000004,-0.03366043738637577,7.87348946636835e-05,-0.005508769115602619,-0.039090605282857425
LYVLLFTLALLLLSL,WT,LLLLYILLFTLALLLLSLILI,clash,,,,LLLLYVLLFTLALLLLSLILI_0,1.1001100110011e+17,1.0,-74.2231,-74.2231,-74.2231,-240.763,-220.935,-247.42,-369.236,4669.48,3660.04,3663.12,-29.1689,55.397,-83.4188,-18.6805,-47.5921,-56.0676,86.7653,19.1566,10.0509,6.62345,6.42493,56.571,-57.7764,67.2616,24.5839,-313.839,9.4846,4.24678,3.7557,0.0,LLLLYVLLFTLALLLLSLILI,0.3555570822278038,0.0791908185518077,L,99999900.0,-35.8267,0.0,6.656999999999982,1009.4399999999996,-0.03549165874148044,0.0,0.006594745601521621,-0.028896120621334613
VALLLLLTALLASLL,Mutant,,void,14.0,LLLVALLLLLTALLFSLLILI,-0.0184701599493183,LLLVALLLLLTALLASLLILI_1,1.1001100110011e+17,1.0,-74.2272,-74.2516,-74.2272,-236.325,-228.837,-237.403,-383.836,4540.55,3675.91,3603.45,-29.1591,49.4121,-102.444,-31.3359,-72.2064,-101.688,21.8339,26.3579,9.79343,4.70072,3.52823,50.4782,-101.833,3.45963,18.0,-333.758,9.3219,2.242,0.793894,1.0,LLLVALLLLLTALLASLLILI,0.399867607987493,0.0362434139870641,L,99999900.0,-30.2376,0.0,1.078000000000003,864.6400000000003,-0.03497131754256105,0.0,0.001246761658031091,-0.03372397760917837
LYWLLTLLVALLSFL,WT,LLLLYWLLTLLVILLSFLILI,clash,,,,LLLLYWLLTLLVALLSFLILI_2,1.1001100110011e+17,1.0,-74.0934,-76.6712,-74.2342,-240.222,-231.282,-253.622,-364.219,4673.07,3893.33,3749.46,-29.153,-22.8034,-79.0565,-79.0693,-36.3623,-1.26923,120.955,25.4196,9.6036,3.01936,3.33369,-14.0414,-7.46127,97.2494,27.9329,-379.85,9.5,0.747859,0.7066,2.0,LLLLYWLLTLLVALLSFLILI,0.454482604294393,0.0394554407538964,L,99999900.0,-42.6942,0.1407999999999987,13.400000000000006,779.7399999999998,-0.05475440531459206,0.00018057301151665778,0.017185215584682084,-0.03738810372688333
LTVLLAILYLLLSFL,WT,LLLLTVLLIILYLLLSFLILI,clash,,,,LLLLTVLLAILYLLLSFLILI_2,1.1001100110011e+17,1.0,-60.3923,-60.3923,-60.3923,-242.218,-242.078,-249.714,-364.244,4595.65,3743.98,3591.13,-29.0777,-28.3859,-90.7118,-90.1599,-54.1377,-47.6111,91.8272,26.4902,9.11298,6.03833,5.91574,-19.8691,-51.0509,77.9264,26.2034,-384.861,9.0772,4.6777,4.3466,2.0,LLLLTVLLAILYLLLSFLILI,0.3677584522114727,0.0896028554106928,L,99999900.0,-36.574099999999994,0.0,7.496000000000009,851.6699999999996,-0.04294398064978221,0.0,0.008801531109467298,-0.034141979874834166
LYLLLFVLATLLISL,Mutant,,clash,15.0,LLLLYLLLFVLATLLLSLILI,0.126145756844965,LLLLYLLLFVLATLLISLILI_2,1.1001100110011e+17,1.0,-74.2037,-74.2037,-74.2037,-241.51,-232.653,-247.994,-367.437,4590.62,3679.38,3514.27,-29.0164,126.715,-80.7399,66.1355,-45.239,-52.5122,90.211,25.0145,10.3094,6.55532,6.40848,125.875,-56.1344,66.139,24.0594,-237.431,9.2891,3.84892,3.341,2.0,LLLLYLLLFVLATLLISLILI,0.1380811158544947,0.0468220846147141,L,99999900.0,-35.50090000000001,0.0,6.484000000000009,911.2399999999998,-0.03895889118124755,0.0,0.007115578771783516,-0.03184276370659761
LLALTALLYVLISLL,Mutant,,void,5.0,LLLLLFLTALLYVLISLLILI,-0.1868829801210165,LLLLLALTALLYVLISLLILI_0,1.1001100110011e+17,1.0,-74.1077,-74.1322,-74.2211,-239.335,-225.827,-243.611,-376.704,4556.89,3712.97,3737.57,-28.9857,25.1602,-92.2467,-51.5845,-58.8719,-51.6101,68.9191,20.7426,9.53622,3.5456,3.07939,21.1675,-58.0774,48.3613,26.5833,-351.544,9.4347,1.74038,0.965799,0.0,LLLLLALTALLYVLISLLILI,0.503585040842998,0.0894572213719337,L,99999900.0,-33.37480000000001,0.11340000000001282,4.275999999999982,843.9200000000005,-0.039547350459759205,0.00013437292634374437,0.005066830979239714,-0.03434650203810786
YALLGLLLGTLLAFL,Mutant,,void,4.0,LLLYILLGLLLGTLLAFLILI,-0.0273848419694079,LLLYALLGLLLGTLLAFLILI_0,1.1001100110011e+17,1.0,-65.8829,-66.0716,-58.718,-230.723,-223.112,-242.716,-336.56,4604.07,3733.05,3624.17,-28.9469,1005.33,-68.9018,957.955,-35.1263,-71.4495,65.3099,-40.9828,7.00141,6.03427,5.51392,977.38,-60.6857,64.7023,-38.4105,668.771,7.3229,4.33767,3.8082,0.0,LLLYALLGLLLGTLLAFLILI,0.2966619619880996,0.1095027931924857,G,99999900.0,-33.775499999999994,-7.164900000000003,11.992999999999995,871.0199999999995,-0.03877695116070815,-0.008225873114279818,0.01376891460586439,-0.03323333562949188
YALLLALVTLLFSLL,Mutant,,void,8.0,LLLYALLLLLVTLLFSLLILI,-0.1178755881058731,LLLYALLLALVTLLFSLLILI_0,1.1001100110011e+17,1.0,-74.2444,-70.6738,-74.2444,-236.358,-224.1,-249.992,-359.298,4693.89,3715.31,3761.57,-28.9004,-9.781,-77.5961,-74.3046,-35.0615,-105.412,38.5267,27.5175,9.16527,7.51289,6.59079,-9.85101,-109.438,15.4447,28.0,-369.079,9.3468,5.00073,3.7324,0.0,LLLYALLLALVTLLFSLLILI,0.3734438105861707,0.0183854419629474,L,99999900.0,-42.534600000000005,0.0,13.633999999999986,978.5800000000004,-0.043465633877659456,0.0,0.01393243270861859,-0.029532996791268973
LALLTVLLAILFSLL,Mutant,,void,4.0,LLLLYLLTVLLAILFSLLILI,-0.0255033758969028,LLLLALLTVLLAILFSLLILI_0,1.1001100110011e+17,1.0,-74.2032,-74.2032,-74.2032,-242.54,-231.809,-242.442,-371.873,4548.62,3812.61,3961.86,-28.8767,-3.85966,-84.0068,-69.7202,-55.2282,-102.591,13.4389,14.4808,9.07984,3.70287,2.40445,-4.01956,-95.2993,8.2247,24.1394,-375.733,9.5,1.90523,0.528601,0.0,LLLLALLTVLLAILFSLLILI,0.3744241473041576,0.0217301487894114,L,99999900.0,-28.778599999999997,0.0,-0.09799999999998477,736.0099999999998,-0.03910082743440987,0.0,-0.00013315036480480535,-0.039234113666933884
LALLLLALTVLLSIL,Mutant,,void,4.0,LLLLFLLLLALTVLLSILILI,-0.0420168297571961,LLLLALLLLALTVLLSILILI_1,1.1001100110011e+17,1.0,-74.1661,-74.0293,-74.2251,-240.352,-225.847,-241.327,-389.196,4525.29,3709.2,3637.09,-28.8452,-5.05422,-103.522,-94.3734,-73.6434,-48.8213,91.71,17.7085,9.32226,6.20405,6.0797,-6.04537,-61.0233,60.9634,18.806,-395.46,9.3641,3.88355,3.298,1.0,LLLLALLLLALTVLLSILILI,0.4027186714125327,0.0548024009998383,L,99999900.0,-29.878600000000006,0.0589999999999975,0.9749999999999943,816.0900000000001,-0.03661189329608254,7.229594775085773e-05,0.0011947211704591333,-0.035345611390900505
LAALLLILTVLLSLL,Mutant,,void,4.0,LLLLFALLLILTVLLSLLILI,0.0178210880974754,LLLLAALLLILTVLLSLLILI_1,1.1001100110011e+17,1.0,-70.7182,-70.5968,-74.3213,-244.371,-244.339,-241.867,-389.16,4548.36,3687.24,3637.5,-28.8316,-0.870579,-102.902,-75.0951,-72.9724,-47.5283,78.0255,26.6247,9.75504,4.16269,3.83307,-19.9523,-52.4978,61.3022,27.6773,-409.079,9.5,2.65047,2.07,1.0,LLLLAALLLILTVLLSLLILI,0.3781037366823936,0.0881796774299326,L,99999900.0,-29.929600000000008,3.6030999999999977,-2.504000000000019,861.1199999999999,-0.0347565960609439,0.004184201969528054,-0.002907840951319235,-0.03348151244890376
YFLLAVLTSLLASLL,Mutant,,void,14.0,LLLYFLLAVLTSLLLSLLILI,-0.0521709339222503,LLLYFLLAVLTSLLASLLILI_1,1.1001100110011e+17,1.0,-89.3038,-90.7983,-89.6301,-239.048,-235.684,-247.896,-365.787,4646.97,3748.09,3696.47,-28.8049,-2.81907,-66.2399,-42.1242,-28.261,-103.159,42.7633,25.0341,8.83479,7.74684,6.88829,-5.63926,-106.428,19.5913,24.4851,-371.456,8.9302,5.10903,3.9029,1.0,LLLYFLLAVLTSLLASLLILI,0.2528327304755615,0.0513988828667558,L,99999900.0,-37.97890000000001,0.32630000000000337,8.847999999999985,898.8800000000001,-0.042251357244571026,0.0003630072979708118,0.009843360626557475,-0.03204532306870772
LLALLAVLTSLLYLL,Mutant,,void,8.0,LLLLLALLFVLTSLLYLLILI,-0.0205097215579325,LLLLLALLAVLTSLLYLLILI_0,1.1001100110011e+17,1.0,-76.3242,-75.7391,-74.3012,-232.895,-217.692,-243.863,-378.968,4562.05,3633.89,3615.74,-28.7876,-8.96368,-98.5369,-94.5007,-60.8041,-6.5823,111.365,21.9843,8.72114,2.52161,2.69209,-8.61929,-7.37323,96.1061,21.1567,-387.932,8.5838,0.580309,0.521901,0.0,LLLLLALLAVLTSLLYLLILI,0.4649666487919341,0.0093774525889162,L,99999900.0,-37.732800000000005,-2.0230000000000103,10.96799999999999,928.1600000000003,-0.040653335631787614,-0.002179581106705751,0.011816928115842082,-0.03101577314256162
ALLLGALLGVLLGTL,Mutant,,void,8.0,LLLALLLGLLLGVLLGTLILI,0.743950188998098,LLLALLLGALLGVLLGTLILI_2,1.1001100110011e+17,1.0,-72.5746,-73.1769,-58.7607,-202.756,-208.338,-227.801,-347.153,4397.09,3461.71,3504.25,-28.772,-27.9111,-100.594,-93.5489,-60.5911,-87.5829,51.8301,-31.8333,6.5872,6.6345,5.91195,-26.049,-81.7407,58.0906,-35.0,-373.566,6.5862,6.60334,5.9747,2.0,LLLALLLGALLGVLLGTLILI,1.0385571690157054,0.0931380790449996,G,99999900.0,-40.0029,-13.813900000000004,25.044999999999987,935.3800000000001,-0.04276646924244691,-0.014768222540571748,0.026775214351386585,-0.03075969124847655
LAALLLFLTVLLSIL,Mutant,,void,5.0,LLLLALLLLFLTVLLSILILI,-0.1167620967671554,LLLLAALLLFLTVLLSILILI_1,1.1001100110011e+17,1.0,-70.5331,-67.1543,-74.2474,-241.585,-230.265,-243.037,-371.924,4551.79,3667.65,3654.26,-28.759,-16.8224,-88.5653,-91.3272,-54.6394,-51.0255,87.3689,19.6608,9.09791,5.94863,5.75916,-17.4722,-52.31,68.7173,21.7433,-390.067,9.1269,3.62334,3.1541,1.0,LLLLAALLLFLTVLLSILILI,0.3960016330830683,0.0665358998705228,L,99999900.0,-33.92589999999999,3.7142999999999944,1.4519999999999982,884.1399999999999,-0.03837163797588617,0.004201031510846693,0.0016422738480331152,-0.03252765399144932
YTLLVALLFLLLSAL,Mutant,,void,16.0,LLLYTLLVALLFLLLSLLILI,-0.019557324446754,LLLYTLLVALLFLLLSALILI_0,1.1001100110011e+17,1.0,-68.7005,-67.9491,-60.3561,-240.623,-228.786,-249.737,-350.468,4710.9,3962.52,3830.94,-28.7409,-15.307,-69.8854,-69.0402,-40.3744,-58.5405,93.0826,-43.2958,8.51434,7.84721,7.74345,-14.4496,-51.2979,78.2928,-38.8144,-365.775,8.175,4.76421,4.4386,0.0,LLLYTLLVALLFLLLSALILI,0.2947388139751165,0.080720890626164,R,99999900.0,-29.511000000000003,-8.344400000000007,9.114000000000004,748.3799999999997,-0.03943317565942438,-0.011149950559876014,0.012178305139100468,-0.03840415297041612
YLLLAVLTSLLFLLL,WT,LLLYLLLAVLTILLFLLLILI,clash,,,,LLLYLLLAVLTSLLFLLLILI_1,1.1001100110011e+17,1.0,-74.2794,-74.2794,-74.2794,-242.921,-239.267,-253.068,-373.636,4708.03,3822.5,3769.53,-28.7389,63.0059,-85.1743,2.91592,-46.2891,-103.882,30.4066,17.8328,9.22125,6.18714,5.14324,-8.94583,-106.207,9.91437,18.5239,-382.721,9.5,3.76949,2.41821,1.0,LLLYLLLAVLTSLLFLLLILI,0.18028355934481,0.0624060035295033,L,99999900.0,-38.885200000000005,0.0,10.14700000000002,885.5299999999997,-0.04391178164489065,0.0,0.011458674466138949,-0.03245389766580467
LFVLALLLATLISLL,Mutant,,void,7.0,LLLLFVLLLLLATLISLLILI,-0.0312315336939965,LLLLFVLALLLATLISLLILI_1,1.1001100110011e+17,1.0,-74.1181,-74.1181,-74.1181,-235.38,-234.39,-241.612,-368.327,4572.84,3631.54,3604.98,-28.7372,17.9503,-87.5655,-41.8681,-52.5969,-56.0828,63.0613,15.949,9.03885,3.42569,2.87161,-10.3397,-58.638,47.7207,18.5491,-380.675,9.3098,1.73799,0.9538,1.0,LLLLFVLALLLATLISLLILI,0.3385796874436961,0.0300055973422505,L,99999900.0,-34.9686,0.0,6.231999999999999,941.3000000000002,-0.0371492616594072,0.0,0.006620631042175713,-0.03052926803357059
LALLLFVLAILLSTL,Mutant,,void,4.0,LLLLLLLLFVLAILLSTLILI,-0.1314810495467864,LLLLALLLFVLAILLSTLILI_2,1.1001100110011e+17,1.0,-74.3336,-74.1968,-74.1793,-240.793,-241.764,-242.319,-371.934,4541.11,3643.79,3573.59,-28.7224,-3.20433,-85.5295,-59.1776,-55.4356,-50.6199,84.3775,22.1785,9.01769,5.48395,5.24962,-14.4205,-51.9769,68.2057,27.0969,-387.426,8.9741,3.50431,3.0274,2.0,LLLLALLLFVLAILLSTLILI,0.2931791720874687,0.0552371500070695,L,99999900.0,-30.093899999999998,-0.15430000000000632,1.525999999999982,897.3199999999997,-0.033537533990103875,-0.0001719564926670601,0.0017006196228769922,-0.0320090937458209
LFLLLAVLYALLSTL,Mutant,,void,12.0,LLLLFLLLAVLYLLLSTLILI,-0.0217242731391592,LLLLFLLLAVLYALLSTLILI_1,1.1001100110011e+17,1.0,-74.1125,-74.1125,-74.1125,-242.466,-236.185,-243.974,-359.02,4530.43,3685.91,3585.49,-28.6781,-21.4448,-71.1193,-70.1664,-40.9329,-51.7604,79.4683,26.7253,9.78538,4.99228,4.6843,-13.77,-51.2293,66.1027,23.4186,-375.871,9.2593,3.10826,2.5998,1.0,LLLLFLLLAVLYALLSTLILI,0.3732923567604444,0.0520525398758854,L,99999900.0,-30.1864,0.0,1.5079999999999814,844.5200000000004,-0.03574385449722917,0.0,0.001785629706815683,-0.033957869559039434
YLLLAILVTLLFSLL,WT,LLLYLLLAALVTLLFSLLILI,void,,,,LLLYLLLAILVTLLFSLLILI_1,1.1001100110011e+17,1.0,-74.2134,-70.6326,-74.2134,-245.963,-238.661,-253.065,-368.337,4670.0,3839.21,3755.23,-28.6748,-14.2323,-76.8347,-73.2754,-41.0587,-106.77,42.3535,22.5589,9.69762,8.23319,7.3685,-7.16507,-109.256,17.1194,24.9032,-375.699,9.5,5.19952,3.95631,1.0,LLLYLLLAILVTLLFSLLILI,0.2149312602640536,0.0849868761475998,L,99999900.0,-35.775999999999996,0.0,7.102000000000004,830.79,-0.04306262713802525,0.0,0.008548489991453922,-0.03451510008546083
LALLLLFLTVLLSIL,WT,LLLLILLLLFLTVLLSILILI,clash,,,,LLLLALLLLFLTVLLSILILI_1,1.1001100110011e+17,1.0,-70.7009,-67.1543,-74.3063,-244.99,-243.698,-246.528,-383.912,4575.88,3744.48,3619.01,-28.6633,-23.2298,-96.884,-96.2888,-63.0777,-46.5169,86.5783,23.5357,9.20116,5.16562,4.96429,-17.6583,-52.31,68.7173,21.7433,-402.051,9.1269,3.62334,3.1541,1.0,LLLLALLLLFLTVLLSILILI,0.2792395363159123,0.0443668949837436,L,99999900.0,-33.8063,3.605399999999989,1.5379999999999825,831.4000000000001,-0.04066189559778686,0.004336540774597051,0.0018498917488573277,-0.03447594419052201
YFLLALLLGVLLGTL,WT,LLLYFLLILLLGVLLGTLILI,clash,,,,LLLYFLLALLLGVLLGTLILI_0,1.1001100110011e+17,1.0,-60.0935,-64.6672,-58.7258,-233.5,-221.74,-245.325,-337.758,4656.96,3578.12,3510.02,-28.6578,-23.7551,-72.8225,-75.1056,-33.7069,-83.5165,41.0163,-32.018,7.80494,4.56468,3.67992,-23.3286,-72.2097,37.011,-35.0,-361.513,7.3038,2.32794,1.3831,0.0,LLLYFLLALLLGVLLGTLILI,0.3327050797944639,0.0950996727451971,G,99999900.0,-39.11560000000001,-1.3676999999999992,11.824999999999989,1078.8400000000001,-0.0362570909495384,-0.001267750546883689,0.010960846835489958,-0.026563531200177966
LIVLLLILTLLLSFL,Mutant,,clash,4.0,LLLLAVLLLILTLLLSFLILI,0.038876010226459,LLLLIVLLLILTLLLSFLILI_0,1.1001100110011e+17,1.0,-74.1695,-74.1699,-74.3139,-253.301,-238.186,-249.43,-391.533,4583.36,3912.49,3655.4,-28.6265,133.753,-92.6896,54.5749,-67.7892,-48.4961,83.8043,29.4776,9.89002,5.08799,4.84505,125.433,-55.2755,63.3818,20.3382,-257.781,9.5,3.34787,2.7986,0.0,LLLLIVLLLILTLLLSFLILI,0.3683705000556143,0.0622595682392894,L,99999900.0,-24.900400000000005,0.14440000000000452,-3.870999999999981,670.8699999999999,-0.03711657996333121,0.0002152428935561354,-0.005770119397200622,-0.04267071116609776
LAVLLAILYLLLSTL,Mutant,,void,4.0,LLLLFVLLAILYLLLSTLILI,-0.0294012581730138,LLLLAVLLAILYLLLSTLILI_2,1.1001100110011e+17,1.0,-74.1999,-74.1999,-74.1999,-239.446,-243.221,-244.767,-375.672,4530.5,3685.35,3600.89,-28.6263,0.930746,-90.6525,-57.3201,-56.7048,-48.1931,78.3429,27.0106,9.34188,4.30524,3.98039,-21.5464,-49.9452,71.2181,28.0,-398.964,9.4728,3.60623,3.1745,2.0,LLLLAVLLAILYLLLSTLILI,0.411653592723477,0.0604426687710162,L,99999900.0,-33.947700000000005,0.0,5.320999999999998,845.1500000000001,-0.04016766254511034,0.0,0.006295923800508783,-0.03387126545583624
LYLLLFVLATLLLSL,WT,LLLLYLLLFVLATLLISLILI,clash,,,,LLLLYLLLFVLATLLLSLILI_0,1.1001100110011e+17,1.0,-74.2037,-74.2037,-74.2037,-236.48,-218.005,-246.939,-369.71,4670.61,3600.02,3507.55,-28.6262,118.062,-87.6522,40.5606,-48.5676,-56.8084,81.0151,20.8097,10.0672,5.9583,5.67353,102.575,-56.1344,66.139,24.0594,-251.648,9.2891,3.84892,3.341,0.0,LLLLYLLLFVLATLLLSLILI,0.2642268726994604,0.0387656723513232,L,99999900.0,-39.084599999999995,0.0,10.459000000000003,1070.5899999999997,-0.03650753322934084,0.0,0.009769379501022806,-0.02673871416695468
YLLLFVLTALLLSLL,WT,LLLYLLLFVLTILLLSLLILI,clash,,,,LLLYLLLFVLTALLLSLLILI_2,1.1001100110011e+17,1.0,-74.2041,-74.2586,-74.1712,-242.738,-237.1,-252.899,-373.413,4705.56,3807.15,3698.53,-28.6169,49.8498,-85.0874,-12.2045,-46.3429,-107.228,18.3131,24.8478,9.37758,5.05647,3.83117,54.8083,-107.513,0.121037,18.1138,-318.083,9.2691,2.64329,1.14511,2.0,LLLYLLLFVLTALLLSLLILI,0.1500317920954147,0.0896865176284889,L,99999900.0,-38.7445,-0.03289999999999793,10.161000000000001,898.4100000000003,-0.043125633062855474,-3.662025133290805e-05,0.011309980966373924,-0.03185282888658852
LYVLLALLFTLLIIL,Mutant,,clash,15.0,LLLLYVLLALLFTLLSILILI,-0.0667447506507861,LLLLYVLLALLFTLLIILILI_2,1.1001100110011e+17,1.0,-58.8738,-51.7745,-58.8738,-246.822,-237.278,-250.315,-360.319,4611.98,3739.35,3654.25,-28.5505,55.7453,-83.174,-15.5218,-51.1307,-54.8434,82.2374,27.1306,9.98308,5.82856,5.56213,54.0728,-53.8932,62.0075,22.5561,-303.468,9.1861,2.95499,2.3851,2.0,LLLLYVLLALLFTLLIILILI,0.3366530946317538,0.0672078765169403,L,99999900.0,-32.04330000000001,0.0,3.492999999999995,872.6299999999997,-0.03672037404169009,0.0,0.004002841983429399,-0.032717761250472724
FALLTILLILLYVLL,Mutant,,clash,11.0,LLLFALLTILLSLLYVLLILI,-0.0377013803513116,LLLFALLTILLILLYVLLILI_1,1.1001100110011e+17,1.0,-58.9308,-58.9913,-58.9913,-252.829,-244.394,-251.945,-362.899,4672.13,3862.77,3762.87,-28.517,50.8093,-79.6557,-8.70374,-51.9629,-106.83,26.5301,25.5255,9.81263,6.10611,5.00406,49.8802,-99.2526,18.5861,24.7801,-311.846,9.1248,3.89701,2.6758,1.0,LLLFALLTILLILLYVLLILI,0.233359528728018,0.0909956993852191,L,99999900.0,-27.6928,0.06050000000000466,-0.8840000000000146,809.3600000000001,-0.03421567658396757,7.475042008501118e-05,-0.0010922210141346427,-0.03523401205891074
LYFLLAVLTILLSLL,WT,LLLLYFLLAVLTILLILLILI,clash,,,,LLLLYFLLAVLTILLSLLILI_1,1.1001100110011e+17,1.0,-74.2388,-74.2388,-74.2388,-246.89,-231.457,-248.203,-365.687,4678.72,3784.16,3729.47,-28.4355,10.9046,-72.9935,-49.0864,-43.2455,-48.4044,97.3922,18.6067,9.64086,6.9086,6.86949,2.97259,-41.0172,86.6948,19.8286,-353.324,9.5,4.35638,4.1568,1.0,LLLLYFLLAVLTILLSLLILI,0.153913300890659,0.0749451394354545,L,99999900.0,-29.747999999999998,0.0,1.3130000000000166,894.5600000000004,-0.03325433732784831,0.0,0.0014677606868181185,-0.03178713557503129
LAILLLLLTVLFSLL,WT,LLLLAILLLLLTVLASLLILI,void,,,,LLLLAILLLLLTVLFSLLILI_0,1.1001100110011e+17,1.0,-70.7353,-70.7353,-74.3434,-244.188,-235.625,-246.509,-384.128,4583.0,3685.3,3662.4,-28.4257,-19.6076,-97.6302,-97.3754,-63.2762,-46.8921,66.5645,19.8631,9.38649,2.52002,2.01849,-19.7181,-48.5915,55.2725,20.6758,-403.736,9.4918,1.25051,0.579597,0.0,LLLLAILLLLLTVLFSLLILI,0.2157656108307099,0.0690106158638311,L,99999900.0,-34.354,3.6081000000000074,2.320999999999998,897.6999999999998,-0.038268909435223354,0.004019271471538385,0.0025854962682410588,-0.03166503286175783
LLALLLILVTLLSFL,WT,LLLLLALLLILVILLSFLILI,clash,,,,LLLLLALLLILVTLLSFLILI_0,1.1001100110011e+17,1.0,-74.1387,-68.9898,-74.1387,-245.562,-230.89,-246.015,-383.235,4608.1,3777.21,3701.77,-28.3531,-10.4875,-91.8875,-93.8434,-63.0821,-13.4773,102.621,22.0182,9.50202,2.37549,2.41481,-9.96802,-15.856,85.056,19.3699,-393.723,9.4176,0.36096,0.1368,0.0,LLLLLALLLILVTLLSFLILI,0.3567431750088874,0.0808203984382639,L,99999900.0,-28.805400000000006,0.0,0.45299999999997453,830.8900000000003,-0.03466812694821215,0.0,0.0005451985220666688,-0.03412377089626784
LYLLLIVLTILLSLL,Mutant,,clash,8.0,LLLLYLLLAVLTILLSLLILI,-0.0009258110264578,LLLLYLLLIVLTILLSLLILI_0,1.1001100110011e+17,1.0,-74.3249,-74.2433,-74.2383,-249.263,-232.995,-251.357,-392.757,4603.61,3738.49,3587.24,-28.321,47.8992,-97.4894,-37.6192,-67.1618,-56.6501,79.47,21.4127,10.299,5.72596,5.41801,47.7756,-49.0441,69.7266,23.1475,-344.857,9.4231,3.2697,2.8156,0.0,LLLLYLLLIVLTILLSLLILI,0.2332669980501928,0.0262177758828462,L,99999900.0,-30.327600000000004,-0.08660000000000423,2.093999999999994,865.1199999999999,-0.03505594599593121,-0.00010010171999260709,0.0024204734603291964,-0.03273649898280008
LTLLVALLAFLISLL,Mutant,,void,11.0,LLLLTLLVALLLFLISLLILI,-0.0498743810156336,LLLLTLLVALLAFLISLLILI_1,1.1001100110011e+17,1.0,-60.3609,-60.3911,-60.3538,-236.138,-228.85,-242.235,-363.811,4597.35,3698.18,3644.17,-28.3143,-14.2994,-95.6261,-88.8694,-61.2224,-49.2781,100.253,20.9064,9.11379,7.42587,7.42967,-9.01936,-54.0792,78.5495,19.5461,-373.271,8.8671,5.21606,4.8943,1.0,LLLLTLLVALLAFLISLLILI,0.4842776896524811,0.0319655930990444,L,99999900.0,-34.40369999999999,-0.0071000000000012164,6.097000000000008,899.1700000000005,-0.0382616190486782,-7.896170913176832e-06,0.0067806977545959105,-0.03148937353336964
YLLLTILVILLLSLL,Mutant,,clash,11.0,LLLYLLLTILVALLLSLLILI,0.1784953015855815,LLLYLLLTILVILLLSLLILI_2,1.1001100110011e+17,1.0,-74.1706,-73.9784,-74.198,-248.388,-245.184,-256.155,-395.646,4694.91,3815.73,3681.09,-28.2812,81.9912,-101.369,5.50786,-65.2934,-110.273,18.6257,20.8037,10.3666,5.55534,4.33473,78.5293,-108.73,3.38007,19.3936,-314.368,9.4542,3.26581,1.81651,2.0,LLLYLLLTILVILLLSLLILI,0.1888676876412028,0.050766970911026,L,99999900.0,-36.075599999999994,0.02740000000000009,7.7669999999999675,879.1799999999998,-0.04103323551491162,3.1165404126572597e-05,0.008834368388725823,-0.0321677017220592
YGLLFALLGILLTLL,WT,LLLYGLLFALLGILLILLILI,clash,,,,LLLYGLLFALLGILLTLLILI_0,1.1001100110011e+17,1.0,-62.1536,-62.2616,-58.7811,-229.807,-224.042,-247.16,-344.278,4647.51,3733.7,3686.52,-28.2666,-19.681,-80.5845,-77.6558,-38.3375,-68.732,65.7314,-36.4739,6.65498,5.68353,5.1695,-19.6463,-64.5043,61.457,-37.6682,-363.959,6.656,4.47234,3.89419,0.0,LLLYGLLFALLGILLTLLILI,0.300534368039989,0.0344152633936583,G,99999900.0,-42.24700000000001,-3.372499999999995,17.35300000000001,913.8100000000004,-0.04623171118722709,-0.0036905921362208704,0.01898972434094615,-0.030932688414440624
LWTLIALLLVLFSLL,WT,LLLLWTLIALLLVLFILLILI,clash,,,,LLLLWTLIALLLVLFSLLILI_2,1.1001100110011e+17,1.0,-60.4594,-60.3808,-60.4594,-241.749,-240.382,-249.921,-372.329,4620.34,3576.78,3658.02,-28.2451,-23.5869,-98.3665,-95.1534,-61.9486,-55.4628,86.1181,22.7273,9.10433,6.44537,6.23715,-12.0359,-61.6036,59.611,18.0,-385.532,9.2414,3.78803,3.1822,2.0,LLLLWTLIALLLVLFSLLILI,0.3511497453975944,0.0486033745897914,L,99999900.0,-36.4179,0.0,8.171999999999997,1043.56,-0.03489775384261567,0.0,0.007830886580551187,-0.02706610065544866
LLLLTALLFVLAILL,Mutant,,void,14.0,LLLLLLLTALLFVLYILLILI,-0.1261007107018593,LLLLLLLTALLFVLAILLILI_0,1.1001100110011e+17,1.0,-58.775,-58.7386,-58.8086,-238.922,-221.965,-242.984,-365.958,4617.22,3770.88,3770.03,-28.233,-8.83354,-96.4945,-94.0884,-64.165,-54.683,93.5463,25.8077,9.3834,7.33119,7.23439,-8.06944,-57.8172,74.3395,27.4495,-374.792,9.5,5.20841,4.8235,0.0,LLLLLLLTALLFVLAILLILI,0.2975927641583565,0.023750425604854,L,99999900.0,-32.329499999999996,0.03359999999999985,4.062000000000012,846.3400000000001,-0.03819918708793155,3.9700356830587996e-05,0.004799489566840762,-0.033358933761845115
YALLFLLTSLLFSLL,WT,LLLYILLFLLTSLLFSLLILI,clash,,,,LLLYALLFLLTSLLFSLLILI_0,1.1001100110011e+17,1.0,-89.5581,-92.5472,-89.5882,-237.688,-226.47,-254.316,-366.279,4743.43,3732.26,3665.63,-28.211,42.8113,-67.2436,-4.45016,-22.3747,-99.9838,43.2992,30.5413,9.14484,7.34296,6.49245,43.5619,-103.398,24.2087,24.0843,-323.467,8.9577,5.27788,4.14101,0.0,LLLYALLFLLTSLLFSLLILI,0.1825094130293597,0.0723512121048094,L,99999900.0,-44.8689,0.030100000000004457,16.628000000000014,1011.1700000000001,-0.044373250788690324,2.976749705786807e-05,0.016444316979340776,-0.027899364102969823
LAALLALLYVLTSLL,Mutant,,void,4.0,LLLLFALLALLYVLTSLLILI,-0.0334258880819023,LLLLAALLALLYVLTSLLILI_2,1.1001100110011e+17,1.0,-74.2625,-74.2438,-74.1496,-234.802,-229.383,-240.383,-369.574,4520.88,3629.44,3667.99,-28.2025,-1.917,-88.7121,-67.8642,-55.0413,-49.7851,101.644,13.2732,9.0452,7.68965,7.71431,-6.58408,-51.6346,81.3081,19.4931,-375.348,9.3325,5.22178,4.9414,2.0,LLLLAALLALLYVLTSLLILI,0.5964965735386784,0.0744132305914691,L,99999900.0,-33.67080000000001,-0.11289999999999623,5.581000000000017,891.44,-0.037771246522480484,-0.00012664901732028654,0.006260656914654959,-0.03163701426904783
YILLGLLLGTLLAFL,WT,LLLYILLGLLLITLLAFLILI,clash,,,,LLLYILLGLLLGTLLAFLILI_0,1.1001100110011e+17,1.0,-64.5284,-66.0716,-58.718,-233.32,-223.872,-245.856,-344.416,4620.04,3774.29,3595.63,-28.199,1002.08,-74.7665,947.608,-39.8414,-53.7146,85.1722,-40.5927,7.30631,6.05544,5.83302,996.455,-60.6857,64.7023,-38.4105,657.664,7.3229,4.33767,3.8082,0.0,LLLYILLGLLLGTLLAFLILI,0.2675336117494767,0.079529630066097,G,99999900.0,-34.92509999999999,-5.810400000000001,12.536000000000001,845.75,-0.04129482707655926,-0.006870115282293823,0.01482234702926397,-0.03334200413833875
AALLFVLTALLLSLL,Mutant,,void,3.0,LLLYALLFVLTALLLSLLILI,0.0065877405593143,LLLAALLFVLTALLLSLLILI_2,1.1001100110011e+17,1.0,-74.212,-74.1224,-74.144,-231.823,-223.88,-239.334,-365.602,4547.59,3569.71,3612.4,-28.1941,-19.4903,-87.7608,-87.0896,-52.1238,-101.557,41.3704,16.8153,9.17713,7.31852,6.43907,-13.8807,-102.991,23.1616,18.0337,-379.735,9.0042,5.07547,3.92289,2.0,LLLAALLFVLTALLLSLLILI,0.5167843417013627,0.0763301980588882,L,99999900.0,-35.637,-0.06799999999999784,7.510999999999996,977.8800000000001,-0.03644312185544238,-6.953818464433042e-05,0.007680901542111501,-0.02883186076001145
LALLLFTLAVLLLSL,Mutant,,void,4.0,LLLLYLLLFTLAVLLLSLILI,-0.3254204468183588,LLLLALLLFTLAVLLLSLILI_2,1.1001100110011e+17,1.0,-74.2357,-74.2357,-74.2357,-235.946,-234.014,-242.443,-373.303,4596.07,3665.13,3481.35,-28.1933,342.732,-91.3139,277.679,-56.6236,-51.6851,81.4394,21.8958,9.49669,5.24707,4.96866,207.507,-58.528,63.2713,22.0772,-25.9953,8.9263,3.82083,3.2699,2.0,LLLLALLLFTLAVLLLSLILI,0.4769216229297988,0.0438004775760271,L,99999900.0,-34.6903,0.0,6.497000000000014,930.9399999999996,-0.03726373343072595,0.0,0.006978967495219903,-0.03028476593550606
LLLLLTVLTALLFIL,WT,LLLLLLLLTVLTILLFILILI,clash,,,,LLLLLLLLTVLTALLFILILI_0,1.1001100110011e+17,1.0,-72.4602,-72.4213,-72.5644,-239.911,-220.932,-246.816,-379.632,4593.8,3651.78,3634.43,-28.1672,-7.47294,-95.4279,-93.7513,-60.2513,-10.9136,113.014,24.428,9.40688,3.39388,3.58908,-4.41019,-15.2279,93.3614,21.5317,-387.105,9.5,1.38798,1.2884,0.0,LLLLLLLLTVLTALLFILILI,0.2908748640770803,0.035794926385785,L,99999900.0,-35.17659999999999,0.10420000000000584,6.905000000000001,942.02,-0.037341670028237184,0.00011061336277362035,0.007329992993779327,-0.029900851361966838
YGLLAALLGILLTLL,Mutant,,void,7.0,LLLYGLLFALLGILLTLLILI,0.0435946892409793,LLLYGLLAALLGILLTLLILI_0,1.1001100110011e+17,1.0,-65.8249,-62.2616,-58.7811,-222.675,-219.836,-242.329,-351.151,4570.84,3694.81,3738.17,-28.1458,-16.3281,-90.7966,-85.3808,-50.0404,-60.9595,76.8765,-38.2194,6.58928,6.02225,5.6754,-16.8194,-64.5043,61.457,-37.6682,-367.479,6.656,4.47234,3.89419,0.0,LLLYGLLAALLGILLTLLILI,0.2505226495556187,0.0186347523617454,G,99999900.0,-40.7562,-7.043799999999997,19.653999999999996,876.0300000000002,-0.04652374918667168,-0.008040592217161508,0.02243530472700706,-0.032128808374142434
LAILLTLLAVLASLL,Mutant,,void,14.0,LLLLAILLTLLAVLFSLLILI,-0.0555283328259802,LLLLAILLTLLAVLASLLILI_0,1.1001100110011e+17,1.0,-69.0825,-69.0865,-74.2129,-232.605,-218.337,-237.377,-381.375,4456.3,3598.05,3685.46,-28.1448,-10.4216,-107.832,-104.374,-69.7857,-53.8454,69.5624,20.9134,8.71562,3.96772,3.51116,-9.45016,-60.1144,47.329,21.9291,-391.797,8.6228,1.90657,1.1165,0.0,LLLLAILLTLLAVLASLLILI,0.6969953276633829,0.055327786564159,L,99999900.0,-38.04629999999999,5.130400000000009,4.77200000000002,858.25,-0.044330090300029115,0.005977745412175949,0.005560151471016627,-0.03279324206233615
YALLALLLGVLLGTL,Mutant,,void,4.0,LLLYFLLALLLGVLLGTLILI,0.0679728977174367,LLLYALLALLLGVLLGTLILI_0,1.1001100110011e+17,1.0,-64.6132,-64.6672,-58.7258,-224.101,-217.886,-240.665,-347.386,4584.32,3599.31,3572.79,-28.1438,-17.5627,-86.8162,-82.3959,-47.9955,-73.7957,46.3709,-34.5529,7.34225,3.82943,3.025,-16.8743,-72.2097,37.011,-35.0,-364.949,7.3038,2.32794,1.3831,0.0,LLLYALLALLLGVLLGTLILI,0.254168770477624,0.0126029764636479,G,99999900.0,-38.820699999999995,-5.887400000000007,16.563999999999993,985.0099999999998,-0.03941147805606035,-0.005976995157409577,0.01681607293326971,-0.028572095714764323
TVLLGALLGILLSLL,WT,LLLTVLLGALLIILLSLLILI,clash,,,,LLLTVLLGALLGILLSLLILI_2,1.1001100110011e+17,1.0,-73.8375,-74.0442,-60.2863,-222.565,-222.716,-238.209,-370.03,4454.09,3659.24,3677.21,-28.1139,-25.5241,-101.741,-98.7939,-71.5339,-70.1584,67.8016,-43.3554,6.94017,6.17697,5.694,-20.3816,-63.7261,69.6712,-42.7158,-390.435,7.3752,5.46453,5.0096,2.0,LLLTVLLGALLGILLSLLILI,0.3747426145023154,0.0327169700127431,G,99999900.0,-30.207099999999997,-13.551200000000009,15.644000000000005,794.8500000000004,-0.038003522677234676,-0.017048751336730204,0.019681700949864753,-0.03537006982449517
LTVLLAILALLLSLL,Mutant,,void,11.0,LLLLTVLLAILFLLLSLLILI,-0.1772809442235614,LLLLTVLLAILALLLSLLILI_0,1.1001100110011e+17,1.0,-60.428,-60.428,-60.3986,-241.406,-223.506,-241.501,-382.6,4536.01,3694.13,3656.4,-28.0903,-11.2728,-108.856,-109.938,-80.7004,-44.4962,102.865,20.7108,9.28399,7.06122,7.1042,-11.7335,-46.7812,82.2688,20.3303,-393.873,9.2984,4.62347,4.3575,0.0,LLLLTVLLAILALLLSLLILI,0.5034940080323688,0.0532493392720512,L,99999900.0,-28.155599999999993,-0.02939999999999543,0.09499999999999886,841.8800000000001,-0.03344372119541976,-3.492184159262059e-05,0.00011284268541834804,-0.03336615669691642
YALLLLLVTLLFSLL,WT,LLLYILLLLLVTLLFSLLILI,clash,,,,LLLYALLLLLVTLLFSLLILI_0,1.1001100110011e+17,1.0,-74.1938,-70.5212,-74.2593,-238.577,-227.162,-254.046,-370.31,4763.52,3885.63,3680.21,-28.0277,-10.9347,-85.5661,-83.5615,-42.0047,-105.264,37.1284,30.3628,9.09609,7.30196,6.35889,-10.5467,-109.438,15.4447,28.0,-381.244,9.3468,5.00073,3.7324,0.0,LLLYALLLLLVTLLFSLLILI,0.255568222480297,0.0422047896770335,L,99999900.0,-43.561400000000006,0.06550000000000011,15.468999999999994,877.8900000000003,-0.04962056749706682,7.461071432639635e-05,0.017620658624656834,-0.03192620943398374
AALLLLLVSLLLTLL,Mutant,,void,3.0,LLLFALLLLLVSLLLTLLILI,-0.2159976492279046,LLLAALLLLLVSLLLTLLILI_2,1.1001100110011e+17,1.0,-74.2429,-74.2429,-74.3103,-230.659,-221.292,-242.515,-394.987,4598.8,3628.58,3634.18,-27.9586,-10.0814,-118.043,-109.533,-78.162,-103.474,31.0939,25.1541,9.24602,6.2188,5.1852,-10.9803,-108.558,13.7253,22.6463,-405.308,9.4795,4.63662,3.3425,2.0,LLLAALLLLLVSLLLTLLILI,0.4487693893784735,0.0519115420589415,L,99999900.0,-39.881,0.06739999999999213,11.855999999999995,970.2200000000003,-0.04110511018119601,6.946878027663017e-05,0.012219908886644258,-0.028816763208344493
VALLFLLTALLYSLL,WT,LLLVILLFLLTALLYSLLILI,clash,,,,LLLVALLFLLTALLYSLLILI_2,1.1001100110011e+17,1.0,-74.2441,-74.2441,-74.1862,-236.314,-228.878,-245.404,-360.541,4693.16,3756.31,3688.59,-27.9298,-0.89961,-77.9124,-58.3186,-40.9506,-99.4554,45.4414,23.2152,8.69706,7.55291,6.73453,-14.5759,-101.418,26.0133,19.6683,-375.229,8.5316,5.22449,4.11469,2.0,LLLVALLFLLTALLYSLLILI,0.3061084106508507,0.0189937946392112,L,99999900.0,-36.961800000000004,-0.057900000000003615,9.090000000000003,936.8499999999999,-0.039453274270160654,-6.180284997598722e-05,0.00970272722420879,-0.02981245663660138
LALLLFVLTALLLSL,Mutant,,void,4.0,LLLLYLLLFVLTALLLSLILI,-0.0881758412609408,LLLLALLLFVLTALLLSLILI_2,1.1001100110011e+17,1.0,-74.1547,-74.1547,-74.1215,-232.424,-215.043,-242.693,-373.848,4576.23,3592.73,3585.9,-27.9218,-8.69831,-95.1915,-93.3484,-57.034,-10.3257,107.53,29.9782,9.3984,2.56539,2.67834,-8.82366,-14.7531,87.3716,27.6992,-382.546,9.2159,0.508126,0.318699,2.0,LLLLALLLFVLTALLLSLILI,0.3873581812949535,0.0413403345828794,L,99999900.0,-38.157500000000006,-0.03320000000000789,10.269000000000005,983.4999999999995,-0.0387976614133198,-3.375699034062827e-05,0.010441281138790046,-0.028390238942552125
YTLLILLLAFLLSIL,Mutant,,clash,7.0,LLLYTLLVLLLAFLLSILILI,0.0193080435583344,LLLYTLLILLLAFLLSILILI_2,1.1001100110011e+17,1.0,-76.9143,-78.5951,-60.3747,-236.355,-234.056,-255.333,-367.311,4709.95,4026.84,3802.7,-27.8419,-18.7762,-81.8829,-73.4355,-51.6034,-69.5468,50.8959,-49.2608,8.55547,3.80296,3.0664,-22.0283,-67.6029,45.1857,-45.0,-389.991,8.6947,2.74051,1.9183,2.0,LLLYTLLILLLAFLLSILILI,0.290916527322709,0.0120474527454857,R,99999900.0,-30.279500000000006,-16.5396,18.97800000000001,683.1099999999997,-0.04432595043258043,-0.02421220594047812,0.02778176282004365,-0.04075756466747671
YVLLFTLLGALLGLL,WT,LLLYVLLFTLLIALLGLLILI,clash,,,,LLLYVLLFTLLGALLGLLILI_1,1.1001100110011e+17,1.0,-67.5606,-66.86,-58.7108,-227.567,-227.122,-244.94,-341.06,4602.48,3895.77,3813.16,-27.8242,-5.74464,-73.7564,-52.8225,-37.4092,-47.1934,67.5556,-48.0015,6.72359,2.69902,2.21235,-3.91634,-42.798,67.046,-44.058,-342.976,7.0511,1.97091,1.4766,1.0,LLLYVLLFTLLGALLGLLILI,0.2349898820128866,0.0332055999331679,G,99999900.0,-36.3472,-8.849799999999995,17.37299999999999,706.7099999999996,-0.05143156315886293,-0.012522533995556875,0.024582926518656876,-0.03937145363727698
YSLLVALLATLLTLL,WT,LLLYSLLVILLATLLTLLILI,clash,,,,LLLYSLLVALLATLLTLLILI_1,1.1001100110011e+17,1.0,-79.3211,-78.6856,-72.5506,-235.741,-226.963,-248.303,-370.607,4625.27,3918.3,3829.21,-27.824,2266.97,-83.3696,2202.01,-49.7539,-47.6111,80.8138,-44.5012,8.17638,4.55153,4.26373,1622.39,-46.3688,65.1745,-35.0,1893.23,8.3786,2.25388,1.7315,1.0,LLLYSLLVALLATLLTLLILI,0.4050207282526674,0.0429241797731558,R,99999900.0,-33.615700000000004,-6.770499999999998,12.561999999999983,706.9700000000003,-0.047548976618526945,-0.009576785436440013,0.01776878792593742,-0.03935669123159397
TYLLAVLLGLLLGAL,Mutant,,void,16.0,LLLTYLLAVLLGLLLGFLILI,0.2199028636793357,LLLTYLLAVLLGLLLGALILI_2,1.1001100110011e+17,1.0,-55.6134,-54.8455,-44.9568,-225.368,-220.964,-243.277,-346.362,4571.79,3724.92,3519.58,-27.7872,26808.1,-93.1678,26737.6,-58.1278,-66.2325,48.731,-46.8473,6.79186,3.01356,2.24452,11640.1,-62.6538,43.9976,-40.9419,26461.8,6.5,1.83774,0.997703,2.0,LLLTYLLAVLLGLLLGALILI,0.6973007447001294,0.0640507223477455,G,99999900.0,-35.04,-10.656599999999997,17.908999999999992,846.8699999999999,-0.041375890042155236,-0.012583513408197243,0.021147283526397196,-0.03281164759644337
LFVLTILLALLYSLL,WT,LLLLFVLTILLAALYSLLILI,void,,,,LLLLFVLTILLALLYSLLILI_0,1.1001100110011e+17,1.0,-74.2358,-74.2588,-74.1075,-246.997,-236.408,-249.182,-366.59,4667.51,3946.74,3840.66,-27.784,-17.1706,-73.1413,-73.0942,-43.3012,-95.9593,18.2398,34.6104,9.32806,3.35628,2.12987,-16.2514,-95.3663,8.02833,28.0,-383.761,9.3966,1.88877,0.509195,0.0,LLLLFVLTILLALLYSLLILI,0.2281627422638148,0.0717596867932187,L,99999900.0,-29.8401,-0.12829999999999586,2.184999999999974,720.7700000000004,-0.041400308003940206,-0.0001780040789710945,0.0030314802225397458,-0.03854766430345322
YSLLIALLFVLLTLL,WT,LLLYSLLIILLFVLLTLLILI,clash,,,,LLLYSLLIALLFVLLTLLILI_1,1.1001100110011e+17,1.0,-62.7248,-62.8828,-58.8796,-234.29,-234.547,-254.411,-356.661,4829.58,3870.67,3773.89,-27.7517,-25.4121,-87.3975,-84.6427,-43.3698,-52.3273,85.7362,-44.4446,8.19374,5.92348,5.70952,-25.7327,-52.9619,83.5681,-45.0,-382.367,8.1807,5.72598,5.4795,1.0,LLLYSLLIALLFVLLTLLILI,0.2835768629349485,0.0804330425713372,R,99999900.0,-44.027699999999996,-3.8451999999999984,20.12100000000001,958.9099999999999,-0.04591431938346665,-0.004009969653043559,0.02098319967463058,-0.028940880791732283
LYLLLIVLLSLLFTL,Mutant,,clash,8.0,LLLLYLLLAVLLSLLFTLILI,0.169226332363094,LLLLYLLLIVLLSLLFTLILI_0,1.1001100110011e+17,1.0,-74.2291,-73.3918,-74.2291,-250.047,-223.473,-251.676,-377.828,4684.32,3848.03,3439.15,-27.7359,144.198,-81.2883,63.2339,-51.9228,-56.9148,89.6644,21.5874,11.3754,7.14191,6.98688,119.605,-54.2352,70.7135,18.0,-233.631,9.2479,4.1816,3.7423,0.0,LLLLYLLLIVLLSLLFTLILI,0.129696069637714,0.1080827085642644,L,99999900.0,-29.365500000000004,0.0,1.6289999999999907,836.2899999999995,-0.03511401547310146,0.0,0.0019478888902174983,-0.03316540912841241
LTVLLALLFILLSAL,Mutant,,void,16.0,LLLLTVLLALLFILLSLLILI,0.0972504741761721,LLLLTVLLALLFILLSALILI_2,1.1001100110011e+17,1.0,-60.3949,-60.3949,-60.4247,-236.352,-220.384,-242.243,-364.327,4558.61,3670.76,3633.41,-27.7184,-10.6417,-95.2989,-94.1904,-61.6599,-52.3427,85.5336,18.5444,9.1925,5.89845,5.68146,-11.0406,-56.6653,65.0607,18.0,-375.047,9.401,3.78299,3.2589,2.0,LLLLTVLLALLFILLSALILI,0.2660295888144137,0.0404741099446994,L,99999900.0,-33.639,0.029800000000001603,5.890999999999991,887.8499999999995,-0.03788815678324044,3.356422819170087e-05,0.006635129807963051,-0.03121968801036213
LLLLTALLFVLYILL,WT,LLLLLLLTILLFVLYILLILI,clash,,,,LLLLLLLTALLFVLYILLILI_0,1.1001100110011e+17,1.0,-58.71,-58.7386,-58.8086,-247.365,-228.915,-249.588,-365.932,4649.61,3920.11,3797.03,-27.6751,-10.4662,-87.532,-88.7449,-57.5357,-56.6186,92.482,30.5042,9.23894,7.47786,7.36509,-11.3839,-57.8172,74.3395,27.4495,-376.398,9.5,5.20841,4.8235,0.0,LLLLLLLTALLFVLYILLILI,0.1714920534564966,0.0968469220401689,L,99999900.0,-29.996299999999998,0.09859999999999758,2.2229999999999848,729.4999999999995,-0.04111898560657987,0.00013516106922549368,0.0030472926662097138,-0.03793708019191229
YGLLFLLLGVLLATL,WT,LLLYGLLFLLLGVLLITLILI,clash,,,,LLLYGLLFLLLGVLLATLILI_1,1.1001100110011e+17,1.0,-63.4679,-63.8461,-58.8381,-233.222,-232.531,-245.733,-339.747,4670.87,3750.53,3667.42,-27.6423,29.1074,-70.6992,-14.2623,-35.1759,-74.0218,49.047,-38.3841,7.42122,4.22462,3.46033,-25.0839,-73.2508,43.1479,-42.798,-364.538,7.4823,3.31258,2.4598,1.0,LLLYGLLFLLLGVLLATLILI,0.4369397400644469,0.0285572789256492,G,99999900.0,-35.523300000000006,-4.629800000000003,12.510999999999996,920.3399999999997,-0.0385980181237369,-0.005030532194623731,0.01359388921485538,-0.030034878414499
YSLLLALLFVLLTIL,WT,LLLYSLLLILLFVLLTILILI,clash,,,,LLLYSLLLALLFVLLTILILI_0,1.1001100110011e+17,1.0,-62.4286,-61.8778,-58.884,-237.769,-234.663,-254.113,-359.438,4698.24,3838.63,3794.32,-27.6345,-22.4639,-86.8744,-85.3605,-46.4403,-45.711,99.7747,-43.142,8.67852,6.82623,6.82285,-22.2393,-48.2344,89.7923,-44.1079,-381.902,8.6399,5.85712,5.704,0.0,LLLYSLLLALLFVLLTILILI,0.3107456423250007,0.0515040297079429,R,99999900.0,-40.434099999999994,-3.5446000000000026,16.343999999999994,859.6099999999997,-0.04703772641081422,-0.0041234978653110176,0.019013273461220788,-0.03214771815125465
LYALTFLLAVLLILL,Mutant,,void,5.0,LLLLYYLTFLLAVLLILLILI,-0.0814041344138097,LLLLYALTFLLAVLLILLILI_0,1.1001100110011e+17,1.0,-60.9687,-60.678,-58.6805,-242.482,-218.534,-246.114,-348.316,4644.0,3782.63,3716.79,-27.5666,2495.6,-72.4324,2426.49,-43.5223,-67.6495,67.2888,18.0914,10.4272,5.73141,5.24074,1928.57,-70.366,39.5247,25.0484,2147.28,9.5,2.39073,1.4836,0.0,LLLLYALTFLLAVLLILLILI,0.3454483757184056,0.0529523667641817,L,99999900.0,-28.9101,-2.2881999999999962,3.632000000000005,861.3699999999999,-0.03356292882268944,-0.0026564658625213284,0.004216538769634426,-0.032003204197963715
YALLFLLTSLLLSLL,WT,LLLYILLFLLTSLLLSLLILI,clash,,,,LLLYALLFLLTSLLLSLLILI_1,1.1001100110011e+17,1.0,-92.9901,-91.6472,-89.5603,-232.689,-231.479,-253.344,-383.721,4723.05,3694.88,3690.59,-27.5183,15.5789,-85.5609,-45.0165,-40.8174,-99.9011,48.6658,23.5005,8.45392,8.05505,7.28503,17.6689,-104.094,30.6553,19.1597,-367.988,8.5974,6.25257,5.2124,1.0,LLLYALLFLLTSLLLSLLILI,0.3851429769483559,0.0932625641780767,L,99999900.0,-44.743500000000004,-3.4298,20.655,1028.17,-0.04351760895571744,-0.0033358296779715415,0.020089090325529826,-0.026764348308159155
ASLLFVLLLLLATLL,Mutant,,void,3.0,LLLYSLLFVLLLLLATLLILI,-0.217566251183722,LLLASLLFVLLLLLATLLILI_0,1.1001100110011e+17,1.0,-65.7524,-65.5629,-58.817,-227.886,-220.576,-243.616,-364.008,4605.31,3719.41,3622.51,-27.4442,13.8366,-97.813,-64.0317,-61.5744,-109.438,23.391,30.3984,9.00598,6.07348,4.92434,15.871,-112.035,7.0217,25.6894,-350.171,8.8215,4.25318,2.85851,0.0,LLLASLLFVLLLLLATLLILI,0.3720119426735955,0.0526958083980172,L,99999900.0,-36.238600000000005,-6.935399999999994,15.730000000000018,885.9000000000005,-0.040905971328592375,-0.007828648831696568,0.017755954396658776,-0.03097889152274521
SYLLFTLLALLLAVL,WT,LLLSYLLFTLLILLLAVLILI,clash,,,,LLLSYLLFTLLALLLAVLILI_2,1.1001100110011e+17,1.0,-77.6324,-76.3585,-58.8166,-235.312,-232.96,-253.192,-358.688,4639.2,3748.21,3771.52,-27.4111,-24.6535,-73.1547,-74.0236,-46.6793,-64.0288,58.4313,-44.9305,8.27269,3.99254,3.36901,-24.893,-60.3593,55.6767,-42.7922,-383.626,8.0,3.07025,2.4054,2.0,LLLSYLLFTLLALLLAVLILI,0.4006625901463304,0.0148919355814959,R,99999900.0,-26.475400000000008,-18.815800000000003,17.879999999999995,890.9899999999998,-0.02971458714463688,-0.021117857663946853,0.02006756529253976,-0.030764767281338746
YWLLTLLVALLLSLL,WT,LLLYWLLTLLVILLLSLLILI,clash,,,,LLLYWLLTLLVALLLSLLILI_2,1.1001100110011e+17,1.0,-75.9334,-70.562,-74.1717,-241.416,-235.169,-256.18,-386.311,4741.73,3892.89,3766.53,-27.4049,26.2584,-96.3665,-54.3212,-55.9593,-99.6065,28.6657,22.7963,10.0457,5.31085,4.24083,24.8273,-100.223,12.091,21.0733,-362.005,9.5,3.16573,1.84709,2.0,LLLYWLLTLLVALLLSLLILI,0.4381941995810016,0.0065458658939076,L,99999900.0,-40.4072,-1.7617000000000047,14.76400000000001,848.8399999999997,-0.047602846237217875,-0.002075420573959763,0.01739314829649877,-0.03228511851467887
TVLLGALLGILLSAL,Mutant,,void,16.0,LLLTVLLGALLGILLSLLILI,-0.0701687932497917,LLLTVLLGALLGILLSALILI_2,1.1001100110011e+17,1.0,-74.0235,-70.6542,-60.2863,-218.606,-215.897,-234.386,-357.942,4413.95,3597.27,3683.54,-27.3915,-18.404,-92.704,-89.7946,-63.2698,-70.8951,66.7195,-44.1029,6.89457,6.14139,5.64218,-18.5981,-63.7261,69.6712,-42.7158,-377.144,7.3752,5.46453,5.0096,2.0,LLLTVLLGALLGILLSALILI,0.4546870665381362,0.0408433620323817,G,99999900.0,-29.434199999999997,-13.737200000000001,15.780000000000001,816.6799999999998,-0.03604128912181026,-0.016820786599402462,0.019322133516187497,-0.03354006465200569
GYLLALLLGTLLSFL,WT,LLLGYLLILLLGTLLSFLILI,clash,,,,LLLGYLLALLLGTLLSFLILI_2,1.1001100110011e+17,1.0,-80.1234,-77.5196,-74.0304,-230.157,-226.511,-246.401,-357.941,4572.88,3745.51,3604.41,-27.3622,-24.9684,-75.0226,-78.879,-37.5096,-72.3552,56.4751,-41.2524,7.07671,4.97743,4.32456,-24.4171,-68.9875,54.3485,-39.7512,-382.78,6.8746,4.18517,3.5004,2.0,LLLGYLLALLLGTLLSFLILI,0.6273127322389954,0.0522604130780391,G,99999900.0,-37.513,-6.0930000000000035,16.244,827.3699999999999,-0.04534005342228991,-0.007364298923093663,0.019633295865211457,-0.0330712982099907
YSLLFVLALLLATLL,Mutant,,void,10.0,LLLYSLLFVLLLLLATLLILI,-0.1862096752581143,LLLYSLLFVLALLLATLLILI_1,1.1001100110011e+17,1.0,-64.7657,-64.9112,-58.817,-232.958,-229.025,-249.79,-345.449,4698.96,3827.8,3721.72,-27.3233,17.5509,-75.048,-33.9618,-36.8415,-106.815,31.2556,29.9889,8.98374,6.74169,5.71052,13.2386,-112.035,7.0217,25.6894,-329.613,8.8215,4.25318,2.85851,1.0,LLLYSLLFVLALLLATLLILI,0.3406553667479879,0.105895058655733,L,99999900.0,-38.2065,-5.948699999999995,16.831999999999994,871.1599999999999,-0.04385704118646403,-0.0068284815648101335,0.01932136461729188,-0.031364272923458385
YTLLVALLAFLLSLL,Mutant,,void,8.0,LLLYTLLVILLAFLLSLLILI,-0.1681888046467376,LLLYTLLVALLAFLLSLLILI_2,1.1001100110011e+17,1.0,-76.6404,-74.2951,-60.3862,-228.62,-227.66,-249.324,-354.667,4724.02,4139.79,3843.98,-27.2924,-23.4404,-76.6991,-76.1524,-44.9568,-70.7229,44.5997,-44.2052,8.95344,3.1294,2.29839,-26.6687,-67.6029,45.1857,-45.0,-381.339,8.6947,2.74051,1.9183,2.0,LLLYTLLVALLAFLLSLLILI,0.4640110752190238,0.0506436495881796,R,99999900.0,-31.7423,-16.254199999999997,20.704000000000008,584.2300000000005,-0.05433185560481313,-0.027821577118600525,0.035438098009345616,-0.0467151635486024
YVLLALLLGTLLGFL,WT,LLLYVLLALLLITLLGFLILI,clash,,,,LLLYVLLALLLGTLLGFLILI_0,1.1001100110011e+17,1.0,-59.8141,-59.711,-58.7232,-232.845,-228.053,-245.129,-340.67,4630.28,3645.86,3602.07,-27.2545,-20.9266,-75.2653,-73.8332,-36.8178,-67.9928,46.4551,-38.4074,6.88534,2.97037,2.1672,-20.5644,-71.1719,34.5088,-41.0473,-361.597,6.9662,1.83447,0.852102,0.0,LLLYVLLALLLGTLLGFLILI,0.1940916008395911,0.0219587648404322,G,99999900.0,-38.4475,-1.0909000000000049,12.283999999999992,984.4199999999996,-0.03905599236098414,-0.0011081652140346654,0.012478413685215656,-0.027685845472460953
LYFLLIVLATLLLSL,Mutant,,clash,8.0,LLLLYFLLLVLATLLLSLILI,0.0803788429711152,LLLLYFLLIVLATLLLSLILI_2,1.1001100110011e+17,1.0,-74.2686,-74.2686,-74.2686,-241.818,-227.934,-248.135,-364.215,4668.37,3757.08,3675.38,-27.2266,205.028,-75.3555,143.016,-41.8115,-55.6727,90.8448,21.6847,10.47,7.11495,6.97762,194.029,-56.6384,70.3623,26.5287,-174.548,9.5,4.49467,4.0501,2.0,LLLLYFLLIVLATLLLSLILI,0.1547204913367163,0.0675341069840446,L,99999900.0,-33.544000000000004,0.0,6.316999999999979,911.29,-0.036809358162604666,0.0,0.006931931657320918,-0.02987698756707525
AALLALLLGTLLGFL,Mutant,,void,3.0,LLLYALLALLLGTLLGFLILI,-0.0067163836989752,LLLAALLALLLGTLLGFLILI_1,1.1001100110011e+17,1.0,-65.6867,-68.85,-58.7826,-214.9,-206.135,-232.545,-339.874,4478.41,3492.75,3426.47,-27.2194,91813.9,-86.5077,91749.0,-48.5467,-73.0033,50.4731,-32.9292,6.97244,4.26438,3.52147,82765.9,-61.4491,56.4783,-36.3969,238141.0,6.7439,3.34193,2.6891,1.0,LLLAALLALLLGTLLGFLILI,0.2136654021737903,0.0535528338649219,G,99999900.0,-37.961,-6.9041,17.644999999999982,985.6599999999999,-0.038513280441531565,-0.007004545177850375,0.017901710528985638,-0.027615404906357166
TSLLLGLLFALLAAL,Mutant,,void,16.0,LLLTSLLLGLLFALLAYLILI,-0.0352164519778117,LLLTSLLLGLLFALLAALILI_2,1.1001100110011e+17,1.0,-58.4521,-57.0359,-44.9453,-224.995,-224.742,-244.928,-346.942,4528.1,3756.08,3639.96,-27.1953,11622.5,-90.6908,11557.4,-57.0695,-38.9733,76.3844,-42.6235,7.34467,2.65789,2.30366,10411.6,-40.0595,64.5531,-38.0126,11304.0,7.2779,1.2236,0.691897,2.0,LLLTSLLLGLLFALLAALILI,0.2780980666560834,0.0275901512610867,G,99999900.0,-33.6213,-13.506799999999998,19.932999999999993,772.0200000000004,-0.04354977850314756,-0.017495401673531762,0.025819279293282534,-0.03522615994404288
LALLLFVLATLLLSL,Mutant,,void,4.0,LLLLYLLLFVLATLLLSLILI,-0.0749054943082733,LLLLALLLFVLATLLLSLILI_2,1.1001100110011e+17,1.0,-74.2037,-74.2037,-74.2037,-237.178,-220.37,-242.294,-372.768,4593.28,3661.69,3495.69,-27.1747,120.118,-88.5612,41.9238,-56.2704,-47.6766,96.4485,21.6312,10.0592,6.67204,6.61877,77.1352,-56.1344,66.139,24.0594,-252.057,9.2891,3.84892,3.341,2.0,LLLLALLLFVLATLLLSLILI,0.339132367007734,0.0234300775854364,L,99999900.0,-32.2908,0.0,5.116000000000014,931.5899999999997,-0.0346620294335491,0.0,0.005491686256829738,-0.02917023583336018
LAILTFLLAVLLLLL,Mutant,,void,4.0,LLLLYILTFLLAVLLLLLILI,-0.1575348218803721,LLLLAILTFLLAVLLLLLILI_0,1.1001100110011e+17,1.0,-58.8808,-58.8808,-58.8808,-240.029,-220.604,-244.051,-366.379,4622.67,3717.89,3598.68,-27.154,1755.19,-94.6233,1668.29,-63.447,-57.459,68.8623,23.6013,10.1198,4.41526,3.94819,1198.12,-65.639,43.2616,25.0,1388.81,9.3683,2.18617,1.33509,0.0,LLLLAILTFLLAVLLLLLILI,0.5497655104373008,0.034861973028891,L,99999900.0,-31.176299999999998,0.0,4.021999999999991,904.7800000000002,-0.034457326642940815,0.0,0.004445279515462312,-0.030011715555162573
TFLLGILLGVLLSLL,WT,LLLTFLLGILLIVLLSLLILI,clash,,,,LLLTFLLGILLGVLLSLLILI_0,1.1001100110011e+17,1.0,-67.1965,-61.3404,-60.3629,-225.844,-222.234,-241.778,-358.396,4570.21,3649.25,3567.03,-27.1168,-16.4532,-92.4724,-91.2748,-56.2552,-97.2596,48.3051,-38.7102,7.27677,7.61014,6.83471,-15.7248,-98.6157,38.1977,-36.4813,-374.849,7.493,6.44904,5.522,0.0,LLLTFLLGILLGVLLSLLILI,1.2691016010388223,0.0744492171657757,G,99999900.0,-36.21719999999999,-6.833599999999997,15.933999999999997,920.96,-0.03932548644892285,-0.007420083391243916,0.017301511466296035,-0.029444058373870746
LAVLLFLLALLTSLL,WT,LLLLAVLLFLLILLTSLLILI,clash,,,,LLLLAVLLFLLALLTSLLILI_2,1.1001100110011e+17,1.0,-74.2371,-74.2371,-74.2371,-233.455,-230.641,-242.76,-375.484,4589.96,3611.7,3612.2,-27.0991,-19.8121,-94.8911,-90.4184,-58.4872,-51.1614,99.2751,19.778,8.81448,7.57634,7.56547,-7.14255,-53.3268,80.5799,18.6844,-383.042,8.9663,5.3773,5.086,2.0,LLLLAVLLFLLALLTSLLILI,0.4471497054984446,0.0578701794667509,L,99999900.0,-36.40389999999999,0.0,9.304999999999978,978.2600000000002,-0.03721290863369655,0.0,0.00951178623269885,-0.027701326845623857
LYALLALLTALLFSL,Mutant,,void,8.0,LLLLYALLFLLTALLFSLILI,0.117188487056359,LLLLYALLALLTALLFSLILI_2,1.1001100110011e+17,1.0,-74.1467,-74.2083,-74.1467,-231.646,-214.742,-242.122,-355.151,4575.56,3678.41,3605.0,-27.0991,22.4424,-76.4574,-43.7578,-38.8824,-7.34343,111.377,27.6138,9.13846,2.63743,2.80809,19.2662,-10.97,92.972,21.0294,-332.708,8.5,0.69672,0.5913,2.0,LLLLYALLALLTALLFSLILI,0.3604668976964855,0.0138066072725416,L,99999900.0,-37.57500000000001,0.0,10.476000000000028,897.1500000000005,-0.04188262832302289,0.0,0.01167697709413144,-0.03020576269297217
YLLLFVLIILLLTLL,Mutant,,clash,11.0,LLLYLLLFVLIALLLTLLILI,0.0233919000703934,LLLYLLLFVLIILLLTLLILI_1,1.1001100110011e+17,1.0,-58.8554,-58.8554,-58.8554,-247.532,-241.267,-258.976,-373.623,4753.67,3829.54,3747.67,-27.0961,32.5235,-94.3321,-40.9775,-55.7915,-108.207,39.8918,19.0674,10.121,8.11645,7.21483,33.8564,-105.122,22.7647,23.6466,-341.135,9.4707,5.34153,4.183,1.0,LLLYLLLFVLIILLLTLLILI,0.2707148781466374,0.122396326244381,L,99999900.0,-38.5406,0.0,11.443999999999988,924.1300000000001,-0.04170473851081557,0.0,0.01238353911246252,-0.029320658348933586
AYLLAVLTSLLFSLL,Mutant,,void,3.0,LLLLYLLAVLTSLLFSLLILI,-0.1144929497578467,LLLAYLLAVLTSLLFSLLILI_2,1.1001100110011e+17,1.0,-89.6761,-88.9858,-89.6761,-230.668,-226.161,-243.861,-367.025,4560.52,3617.81,3565.91,-27.0351,55.898,-73.7161,4.01943,-33.4879,-105.62,20.086,23.9022,9.46008,5.05463,3.85592,51.5201,-105.336,9.98133,18.0,-322.883,8.8545,3.64788,2.2976,2.0,LLLAYLLAVLTSLLFSLLILI,0.5636803976443386,0.0388329628759062,L,99999900.0,-40.228199999999994,0.0,13.192999999999984,942.7100000000005,-0.04267293229094841,0.0,0.013994759788269962,-0.028678066425517908
VALLALLLGTLLSFL,WT,LLLVALLALLLITLLSFLILI,clash,,,,LLLVALLALLLGTLLSFLILI_0,1.1001100110011e+17,1.0,-74.0371,-74.0769,-74.0748,-225.467,-222.325,-237.392,-363.757,4533.23,3638.66,3589.65,-27.0071,-22.8188,-91.2598,-90.1735,-52.2907,-65.1475,61.5042,-37.6164,6.60817,4.57519,3.99776,-22.7339,-68.1464,52.7276,-38.529,-386.576,6.6534,3.84019,3.1311,0.0,LLLVALLALLLGTLLSFLILI,0.3087070339903137,0.0421196357767263,G,99999900.0,-38.9691,0.037700000000000955,11.924999999999983,894.5699999999997,-0.04356182299875919,4.2143152576099093e-05,0.013330426909017725,-0.03019003543601955
YFLLIALLTLLLSIL,Mutant,,clash,7.0,LLLYFLLVALLTLLLSILILI,0.0146133946474709,LLLYFLLIALLTLLLSILILI_0,1.1001100110011e+17,1.0,-72.066,-61.8791,-74.3253,-241.563,-234.601,-255.314,-370.839,4782.82,3913.12,3861.63,-26.9969,-14.978,-84.2066,-89.3368,-41.1998,-78.0479,55.4551,-43.3217,8.40343,5.69362,5.02545,-14.9848,-76.4723,48.349,-40.0172,-385.817,8.4267,4.49796,3.72319,0.0,LLLYFLLIALLTLLLSILILI,0.2580788211969706,0.0386641052021207,R,99999900.0,-43.00679999999999,2.259299999999996,13.751000000000005,869.6999999999998,-0.04945015522593998,0.002597792342186957,0.015811199264114072,-0.031041623548350012
LLVLLLALITLLSFL,WT,LLLLLVLLIALITLLSFLILI,clash,,,,LLLLLVLLLALITLLSFLILI_2,1.1001100110011e+17,1.0,-74.1949,-74.1949,-74.1949,-243.865,-224.929,-245.912,-382.988,4600.73,3813.45,3684.9,-26.9887,-5.98861,-91.9169,-89.8525,-62.8809,-13.9358,107.359,21.3453,8.9118,3.08381,3.19419,-5.20341,-18.4149,85.2371,18.9515,-388.976,8.7466,0.769243,0.547799,2.0,LLLLLVLLLALITLLSFLILI,0.1717549810968925,0.1117472336936005,L,99999900.0,-29.036,0.0,2.046999999999997,787.2799999999997,-0.03688141449039733,0.0,0.0026000914541205134,-0.03428094197744133
SYLLFTLLALLLSIL,WT,LLLSYLLFTLLILLLSILILI,clash,,,,LLLSYLLFTLLALLLSILILI_0,1.1001100110011e+17,1.0,-92.7882,-91.0614,-74.1655,-237.604,-235.604,-256.668,-377.295,4629.98,3752.98,3773.53,-26.9796,-15.0755,-73.8824,-65.7059,-46.4619,-58.9609,66.3815,-45.0186,8.5564,4.30564,3.80136,-14.8096,-60.6676,60.7317,-42.8454,-392.371,8.4997,3.79892,3.2099,0.0,LLLSYLLFTLLALLLSILILI,0.5089313128564296,0.0550337427703995,R,99999900.0,-27.420500000000004,-18.62270000000001,19.063999999999993,876.9999999999995,-0.031266248574686455,-0.02123454960091222,0.02173774230330673,-0.030763511972633998
LYALLAVLTILLSLL,Mutant,,void,5.0,LLLLYFLLAVLTILLSLLILI,-0.0745839168195902,LLLLYALLAVLTILLSLLILI_0,1.1001100110011e+17,1.0,-74.2388,-74.2388,-74.2388,-242.568,-223.959,-242.305,-374.004,4528.54,3753.72,3708.53,-26.9561,13.1993,-84.153,-62.6069,-57.46,-47.888,97.2135,21.4511,9.65864,6.80702,6.76522,13.1569,-41.0172,86.6948,19.8286,-360.805,9.5,4.35638,4.1568,0.0,LLLLYALLAVLTILLSLLILI,0.2284972177102496,0.0206478797318459,L,99999900.0,-26.693000000000005,0.0,-0.26300000000000523,774.8200000000002,-0.03445058207067448,0.0,-0.00033943367491805215,-0.03479014480782633
LTILLLVLALLLSFL,WT,LLLLIILLLVLALLLSFLILI,clash,,,,LLLLTILLLVLALLLSFLILI_2,1.1001100110011e+17,1.0,-60.3898,-60.3898,-60.3604,-237.577,-236.958,-246.372,-377.317,4588.78,3741.12,3619.68,-26.9425,-22.196,-106.292,-102.164,-70.5843,-51.9982,81.2315,26.0054,8.94695,5.26599,4.98446,-12.8101,-56.4231,64.9796,25.2813,-390.353,9.1603,3.73571,3.2104,2.0,LLLLTILLLVLALLLSFLILI,0.2637790586616069,0.1355589051408949,L,99999900.0,-35.7077,-0.029400000000002535,8.795000000000016,847.6599999999999,-0.04212502654366138,-3.468371752825725e-05,0.010375622301394447,-0.03178455984710851
LALLLAVLTALLFSL,Mutant,,void,4.0,LLLLYLLLAVLTALLFSLILI,-0.1169928626787312,LLLLALLLAVLTALLFSLILI_1,1.1001100110011e+17,1.0,-74.2439,-74.2439,-74.2439,-227.803,-218.92,-238.672,-364.602,4533.36,3543.8,3596.74,-26.8917,-5.82844,-89.4467,-77.2665,-51.6862,-9.79414,111.061,21.7147,9.1065,2.96232,3.12823,-4.25407,-16.1108,85.7945,18.2467,-366.75,9.3989,0.498883,0.285801,1.0,LLLLALLLAVLTALLFSLILI,0.4235549020756884,0.0069038637344758,L,99999900.0,-37.76050000000001,0.0,10.869,989.5599999999995,-0.0381588786935608,0.0,0.010983669509681077,-0.02717541129390842
LSALVALLLTLFLLL,Mutant,,void,5.0,LLLLSYLVALLLTLFLLLILI,0.0686606414239652,LLLLSALVALLLTLFLLLILI_1,1.1001100110011e+17,1.0,-60.3887,-60.5813,-58.8562,-229.397,-222.527,-242.635,-362.887,4589.45,3671.12,3635.72,-26.8635,55.7465,-99.9642,-24.0322,-61.3951,-55.8674,71.4626,17.4506,9.68206,4.52756,4.0995,44.2272,-61.4585,53.4775,20.0104,-305.952,9.4977,2.93824,2.2404,1.0,LLLLSALVALLLTLFLLLILI,0.3428927189748265,0.0387182805127438,L,99999900.0,-38.569100000000006,-1.5324999999999989,13.238,918.3299999999999,-0.04199917241078916,-0.0016687900863523995,0.014415297333202662,-0.029252556270621673
LLLLLFVLATLLSIL,WT,LLLLLLLLFVLATLLIILILI,clash,,,,LLLLLLLLFVLATLLSILILI_0,1.1001100110011e+17,1.0,-74.1441,-74.1441,-74.1441,-245.04,-236.831,-245.622,-384.441,4544.17,3623.64,3632.03,-26.8509,-19.9439,-92.1081,-93.4099,-64.6752,-53.9172,76.8714,25.3834,9.75533,4.96523,4.6183,-18.1768,-54.4487,65.1033,28.0,-404.385,9.5,3.45625,2.9328,0.0,LLLLLLLLFVLATLLSILILI,0.2600790131936704,0.0654556342283032,L,99999900.0,-27.43289999999999,0.0,0.582000000000022,920.5300000000002,-0.02980120148175506,0.0,0.00063224446786093,-0.029168957013894162
YTLLISLLFVLLALL,WT,LLLYTLLIILLFVLLALLILI,clash,,,,LLLYTLLISLLFVLLALLILI_2,1.1001100110011e+17,1.0,-68.3677,-67.6494,-60.3764,-241.224,-234.389,-253.915,-360.585,4731.5,3869.02,3822.53,-26.8054,110.786,-77.7993,52.2384,-46.2936,-51.7038,81.4957,-45.9206,8.38288,5.25749,4.97992,108.706,-47.8874,71.7719,-40.0436,-249.8,8.4792,3.37232,2.9489,2.0,LLLYTLLISLLFVLLALLILI,0.3144349238339376,0.0810297202773527,R,99999900.0,-31.505700000000004,-7.9913000000000025,12.691000000000003,862.48,-0.03652919487988128,-0.00926549021426584,0.014714544105370563,-0.0310794453204712
LYALLFLLTALLFSL,WT,LLLLYILLFLLTALLFSLILI,clash,,,,LLLLYALLFLLTALLFSLILI_1,1.1001100110011e+17,1.0,-74.2929,-74.2929,-74.1994,-227.604,-232.731,-247.065,-347.877,4649.17,3640.72,3582.75,-26.7901,-5.25179,-72.7707,-46.1053,-26.6128,-8.98603,104.734,21.7804,8.79929,1.98703,2.05804,-4.63162,-10.97,92.972,21.0294,-331.523,8.5,0.69672,0.5913,1.0,LLLLYALLFLLTALLFSLILI,0.4776553847528452,0.0959303013349602,L,99999900.0,-46.157900000000005,-0.09350000000000591,19.460999999999984,1008.4500000000003,-0.0457711339183896,-9.271654519312399e-05,0.019297932470623214,-0.02656562050671822
LLALLAILVTLLSFL,Mutant,,void,8.0,LLLLLALLLILVTLLSFLILI,-0.0099158515739022,LLLLLALLAILVTLLSFLILI_0,1.1001100110011e+17,1.0,-70.4924,-68.9898,-74.1387,-242.334,-227.024,-241.952,-373.191,4530.94,3832.13,3739.03,-26.773,-2.64813,-87.1373,-79.8255,-57.1002,-8.53497,107.301,25.6574,9.0608,2.26582,2.37533,-1.66595,-15.856,85.056,19.3699,-375.839,9.4176,0.36096,0.1368,0.0,LLLLLALLAILVTLLSFLILI,0.3666590265827898,0.0513507491380934,L,99999900.0,-30.037099999999995,3.6462999999999965,-0.382000000000005,698.8099999999995,-0.04298321432148941,0.005217870379645396,-0.0005466435797999531,-0.038312273722471084
SYLLTILLAFLLTLL,WT,LLLSYLLIILLAFLLTLLILI,clash,,,,LLLSYLLTILLAFLLTLLILI_2,1.1001100110011e+17,1.0,-90.9228,-72.6679,-72.5514,-237.963,-238.092,-260.271,-373.172,4653.06,3824.22,3773.33,-26.7421,-7.42872,-71.0288,-69.841,-40.3492,-69.9702,54.652,-43.3079,8.11645,4.37355,3.69333,-24.9018,-70.0938,55.5169,-41.2219,-396.656,8.0,4.50885,3.8416,2.0,LLLSYLLTILLAFLLTLLILI,0.4926557511697494,0.0564094603940045,R,99999900.0,-30.6796,-18.371399999999994,22.30800000000002,828.8400000000006,-0.03701510544857871,-0.02216519472998405,0.026914724192847843,-0.032264490130785174
LFALLALLYVLTSLL,WT,LLLLFALLALLYILTSLLILI,clash,,,,LLLLFALLALLYVLTSLLILI_2,1.1001100110011e+17,1.0,-74.1496,-74.2438,-74.1496,-237.715,-227.197,-244.401,-360.006,4550.7,3722.04,3630.83,-26.7313,-10.4302,-74.8728,-68.9957,-41.4562,-45.2295,102.973,15.221,9.61172,7.18578,7.23038,-9.81557,-51.6346,81.3081,19.4931,-369.765,9.3325,5.22178,4.9414,2.0,LLLLFALLALLYVLTSLLILI,0.5630706854567759,0.0913619100620952,L,99999900.0,-33.416599999999995,0.0,6.686000000000007,828.6599999999999,-0.04032606859266768,0.0,0.00806844785557407,-0.032258465474380334
YVLLALLLGALLGTL,Mutant,,void,7.0,LLLYVLLFLLLGALLGTLILI,-0.124106495699246,LLLYVLLALLLGALLGTLILI_0,1.1001100110011e+17,1.0,-68.8595,-70.5456,-58.7437,-225.983,-216.535,-240.121,-347.768,4568.38,3898.58,3711.69,-26.7295,-8.47745,-79.6553,-69.1651,-48.9038,-40.6484,74.2742,-46.7588,6.45347,2.62428,2.23839,-7.03322,-41.6132,59.4908,-39.8529,-356.246,6.5091,0.773238,0.1656,0.0,LLLYVLLALLLGALLGTLILI,0.3245170796949183,0.0247498421081236,G,99999900.0,-30.7515,-10.1158,14.138000000000005,669.8000000000002,-0.04591146610928634,-0.015102717229023585,0.02110779337115557,-0.03990668856375036
LAFLLTILVALLLSL,Mutant,,void,4.0,LLLLYFLLTILVALLLSLILI,-0.0919637767399922,LLLLAFLLTILVALLLSLILI_0,1.1001100110011e+17,1.0,-70.5676,-70.5922,-74.1514,-234.259,-217.878,-239.501,-367.91,4581.46,3576.02,3599.09,-26.693,-9.65536,-89.7765,-89.0956,-54.2579,-9.1757,109.985,24.5755,9.30981,2.72427,2.87403,-9.03349,-12.6603,91.2504,24.6129,-377.565,9.3634,0.717844,0.586599,0.0,LLLLAFLLTILVALLLSLILI,0.4648575130941021,0.0557350799315074,L,99999900.0,-35.5186,3.5837999999999965,5.242000000000019,1005.44,-0.03532642425206874,0.0035644096117122817,0.005213637810311922,-0.026548575747931253
SYLLFILLAILLTLL,Mutant,,clash,8.0,LLLSYLLFTLLAILLTLLILI,0.1431917231146907,LLLSYLLFILLAILLTLLILI_2,1.1001100110011e+17,1.0,-77.1857,-60.6522,-58.9143,-238.859,-236.469,-257.746,-368.091,4646.9,3782.29,3744.74,-26.6926,-4.60851,-78.7389,-75.5791,-51.4314,-67.5206,54.4044,-43.7908,8.7511,3.97268,3.28875,-7.51606,-61.6436,55.2704,-42.3147,-376.946,8.0426,3.20804,2.5371,2.0,LLLSYLLFILLAILLTLLILI,0.1693355250424009,0.049802410432435,R,99999900.0,-27.307500000000005,-18.2714,18.886999999999972,864.6099999999997,-0.03158360416835338,-0.021132533743537556,0.021844531060246794,-0.030872416465227107
YTLLIALLFVLLSLL,WT,LLLYTLLIALLFILLSLLILI,clash,,,,LLLYTLLIALLFVLLSLLILI_1,1.1001100110011e+17,1.0,-74.4629,-68.3969,-60.4202,-233.957,-236.359,-252.346,-358.83,4753.75,3749.6,3822.82,-26.69,-24.6556,-77.1002,-78.7303,-46.0643,-48.0766,89.309,-46.4836,7.97449,5.76821,5.60785,-24.2075,-47.7386,87.5794,-45.0,-382.793,8.0045,5.48401,5.2977,1.0,LLLYTLLIALLFVLLSLLILI,0.2843954576147525,0.0142408425843382,R,99999900.0,-31.035899999999998,-14.042700000000004,18.38900000000001,1004.1500000000001,-0.030907633321714877,-0.013984663645869644,0.018313001045660516,-0.026579694268784544
YFLLAILVILLLSLL,Mutant,,clash,11.0,LLLYFLLAILVTLLLSLLILI,0.0209517984259315,LLLYFLLAILVILLLSLLILI_0,1.1001100110011e+17,1.0,-60.3786,-60.3786,-60.3786,-243.623,-231.532,-254.86,-363.411,4747.75,3800.75,3768.47,-26.6737,-7.52435,-86.0828,-79.024,-48.1718,-105.712,30.7961,18.3688,9.68678,6.51431,5.47625,-7.46187,-111.368,7.59807,18.0,-370.935,9.5,4.23094,2.84491,0.0,LLLYFLLAILVILLLSLLILI,0.2065396101728987,0.0691707433471168,L,99999900.0,-37.91100000000001,0.0,11.237000000000023,947.0,-0.04003273495248153,0.0,0.011865892291446698,-0.028166525871172122
LYWLLTLLVALLSAL,Mutant,,void,16.0,LLLLYWLLTLLVALLSFLILI,-0.0415077161634712,LLLLYWLLTLLVALLSALILI_0,1.1001100110011e+17,1.0,-74.9183,-78.8707,-74.2311,-234.997,-219.371,-247.764,-371.899,4636.7,3875.76,3809.33,-26.6545,-9.51841,-88.6373,-83.1757,-49.9036,-7.5248,112.265,32.819,9.34013,2.78445,2.96842,-9.85582,-7.46127,97.2494,27.9329,-381.417,9.5,0.747859,0.7066,0.0,LLLLYWLLTLLVALLSALILI,0.4959903204578643,0.0404522149466493,L,99999900.0,-38.7337,-0.6872000000000043,12.766999999999996,760.9399999999996,-0.05090243646016771,-0.000903093542197814,0.01677793255710043,-0.03502838594370123
LALLTALLFVLASLL,Mutant,,void,8.0,LLLLALLTILLFVLASLLILI,-0.0949755681641439,LLLLALLTALLFVLASLLILI_1,1.1001100110011e+17,1.0,-70.6084,-74.2574,-74.2574,-236.982,-237.289,-238.707,-282.866,4554.51,3742.26,3812.41,-26.6144,-16.3172,-1.88981,12.3633,30.0985,-99.3902,32.0874,21.1473,9.3018,5.74033,4.72164,-5.84462,-95.5434,21.4906,28.0,-288.661,9.3253,3.73274,2.5551,1.0,LLLLALLTALLFVLASLLILI,0.4026771455750875,0.0185718895004556,L,99999900.0,-31.988310000000002,3.649000000000001,1.7249999999999943,812.25,-0.03938234533702678,0.004492459218220992,0.002123730378578017,-0.03276626654355186
YSLLVALLFTLLFLL,WT,LLLYSLLVALLFILLFLLILI,clash,,,,LLLYSLLVALLFTLLFLLILI_0,1.1001100110011e+17,1.0,-69.7534,-69.7721,-58.8425,-234.58,-233.58,-255.086,-342.3,4792.64,3864.24,3756.53,-26.6026,-23.1516,-64.57,-62.0993,-28.3715,-52.3561,83.8513,-47.4085,8.13533,5.67334,5.43111,-22.7893,-52.9619,83.5681,-45.0,-365.452,8.1807,5.72598,5.4795,0.0,LLLYSLLVALLFTLLFLLILI,0.231963554000603,0.0766835393804542,R,99999900.0,-36.198499999999996,-10.910899999999998,20.506,928.4000000000005,-0.03899019819043513,-0.011752369668246436,0.02208746230073243,-0.02865424386040498
LVLLLTILFLLLSAL,WT,LLLLVLLLTILFILLSALILI,clash,,,,LLLLVLLLTILFLLLSALILI_1,1.1001100110011e+17,1.0,-74.0603,-68.9818,-74.1958,-242.822,-230.388,-246.194,-383.81,4572.65,3772.18,3645.63,-26.5635,-11.763,-93.4914,-96.203,-63.4202,-11.6041,109.566,24.7918,9.71999,3.03204,3.17553,-5.96167,-12.6603,91.2504,24.6129,-389.824,9.3634,0.717844,0.586599,1.0,LLLLVLLLTILFLLLSALILI,0.263046023618804,0.0178531136427149,L,99999900.0,-30.071199999999997,0.1355000000000075,3.3719999999999857,800.4699999999998,-0.03756692942896049,0.00016927555061402368,0.004212525141479364,-0.033184878883655865
LYVLLLILITLLLSL,Mutant,,clash,11.0,LLLLYVLLLILATLLLSLILI,-0.0763915552083849,LLLLYVLLLILITLLLSLILI_0,1.1001100110011e+17,1.0,-74.1985,-74.1985,-74.1985,-243.267,-220.395,-251.063,-392.6,4649.11,3719.3,3606.79,-26.5459,8714.5,-101.68,8616.5,-67.3385,-60.2529,88.7296,20.4582,10.176,7.51643,7.34738,7761.35,-61.55,67.5867,27.3561,8321.91,9.3793,4.8567,4.3705,0.0,LLLLYVLLLILITLLLSLILI,0.3879028796348086,0.033932641599718,L,99999900.0,-34.34150000000001,0.0,7.795999999999992,929.8099999999995,-0.036933889719405075,0.0,0.00838450866306019,-0.028549811251761127
SYLLFVLLALLLSTL,WT,LLLSYLLFILLALLLSTLILI,clash,,,,LLLSYLLFVLLALLLSTLILI_1,1.1001100110011e+17,1.0,-92.6893,-87.784,-74.2184,-237.198,-236.827,-255.235,-373.731,4634.23,3792.92,3808.18,-26.5439,-16.0222,-70.388,-65.142,-44.2779,-69.7826,57.3232,-45.3334,8.39906,4.70602,4.06586,-22.8741,-66.724,58.8887,-41.9166,-399.2,8.6817,4.45857,3.8419,1.0,LLLSYLLFVLLALLLSTLILI,0.4044100540640674,0.0498004731899003,R,99999900.0,-26.110100000000003,-18.4709,18.037000000000006,841.3099999999995,-0.031035052477683636,-0.02195492743459606,0.021439184129512328,-0.031550676920516836
LVLLTGLLFGLLYAL,WT,LLLLVLLTGLLFILLYALILI,clash,,,,LLLLVLLTGLLFGLLYALILI_0,1.1001100110011e+17,1.0,-58.7605,-58.7605,-58.7605,-231.328,-219.986,-240.497,-338.361,4611.05,3752.18,3584.7,-26.5088,-12.8994,-74.7812,-72.5138,-39.1039,-29.8613,95.0993,-41.8286,7.24525,3.8176,3.74409,-12.958,-36.3206,72.3714,-40.8966,-351.261,7.2598,1.71823,1.3038,0.0,LLLLVLLTGLLFGLLYALILI,0.336989806535836,0.0474038370919786,G,99999900.0,-35.677299999999995,0.0,9.169000000000011,858.8700000000003,-0.04153981394157437,0.0,0.010675655221395563,-0.030864740880459197
YALLGVLLGTLLGLL,Mutant,,void,4.0,LLLYFLLGVLLGTLLGLLILI,0.7163997869981058,LLLYALLGVLLGTLLGLLILI_0,1.1001100110011e+17,1.0,-66.6981,-68.1971,-58.6992,-219.673,-210.84,-239.503,-344.129,4528.94,3624.44,3731.44,-26.4896,-12.521,-84.2473,-77.6125,-45.9261,-79.9355,46.0668,-50.3929,7.1906,4.70935,3.90035,-12.8112,-83.9549,29.1297,-45.0,-356.65,7.4713,3.02575,1.9627,0.0,LLLYALLGVLLGTLLGLLILI,0.3597964689297376,0.0892756324115329,G,99999900.0,-38.3212,-7.998899999999999,19.829999999999984,904.4999999999995,-0.04236727473742401,-0.008843449419568826,0.02192371475953565,-0.029286456605859604
VALLFALLYLLATLL,Mutant,,void,8.0,LLLVALLFLLLYLLATLLILI,0.7954144642475461,LLLVALLFALLYLLATLLILI_2,1.1001100110011e+17,1.0,-58.8664,-58.8664,-58.8664,-229.501,-228.057,-243.37,-344.4,4648.19,3685.58,3642.13,-26.4893,-23.6553,-82.5227,-81.1321,-42.1637,-104.11,29.3388,25.3241,9.66138,6.07721,5.0173,-18.6874,-106.828,17.5547,23.8579,-363.542,9.5,4.89408,3.6574,2.0,LLLVALLFALLYLLATLLILI,0.7204912997917569,0.1425313468654724,L,99999900.0,-40.359,0.0,13.869,962.6099999999997,-0.041926636955776496,0.0,0.014407704054601556,-0.02751820571155505
LVLLLTILLALLSAL,Mutant,,void,12.0,LLLLVLLLTILLFLLSALILI,-0.0156480918315363,LLLLVLLLTILLALLSALILI_0,1.1001100110011e+17,1.0,-70.4593,-73.9407,-74.0845,-241.874,-235.052,-241.149,-390.839,4511.01,3734.78,3663.67,-26.4614,-18.2068,-104.967,-100.053,-75.606,-3.7343,110.473,20.3127,9.51718,1.97407,2.13117,-18.1286,-9.83843,94.7849,23.2579,-409.046,9.3793,0.771727,0.693501,0.0,LLLLVLLLTILLALLSALILI,0.2629937722340701,0.022588862286911,L,99999900.0,-29.361000000000004,3.6252000000000066,-0.7249999999999943,776.23,-0.037825129149865376,0.004670265256431736,-0.000934001520167984,-0.03408963838037695
LFALLALLYILTSLL,Mutant,,clash,12.0,LLLLFALLALLYVLTSLLILI,0.3246037867210609,LLLLFALLALLYILTSLLILI_1,1.1001100110011e+17,1.0,-74.2048,-74.1717,-74.1073,-237.729,-228.608,-245.816,-363.523,4544.39,3668.78,3618.28,-26.4479,-13.6081,-78.0375,-74.352,-43.5997,-51.9284,96.279,18.5905,9.42355,7.28693,7.23111,-10.0547,-51.6346,81.3081,19.4931,-372.564,9.3325,5.22178,4.9414,1.0,LLLLFALLALLYILTSLLILI,0.2384668987357134,0.0507882541343822,L,99999900.0,-34.437799999999996,-0.0975000000000108,8.086999999999989,875.6100000000001,-0.03933006703897853,-0.00011135094391339842,0.009235847009513354,-0.03020511414899327
LFALLAVLLTLLLSL,Mutant,,void,5.0,LLLLFILLAVLLTLLLSLILI,-0.1747918284175401,LLLLFALLAVLLTLLLSLILI_0,1.1001100110011e+17,1.0,-74.2506,-74.2506,-74.2506,-231.691,-219.855,-240.918,21.4375,4572.08,3658.82,3561.0,-26.4478,-12.0278,300.931,303.515,336.606,-53.4626,81.2288,24.4414,9.60825,5.48528,5.20371,-12.4674,-60.6709,65.7431,20.4901,9.40968,9.5,4.47595,3.9621,0.0,LLLLFALLAVLLTLLLSLILI,0.4342611527082991,0.0116979981865834,L,99999900.0,-35.67500000000001,0.0,9.227000000000004,913.2599999999998,-0.03906335545189762,0.0,0.010103365963690523,-0.028959770492521304
AFLLAVLLGLLLGTL,Mutant,,void,3.0,LLLYFLLAVLLGLLLGTLILI,-0.3074854149685921,LLLAFLLAVLLGLLLGTLILI_1,1.1001100110011e+17,1.0,-62.5968,-61.1499,-58.7556,-221.057,-219.873,-234.927,-341.493,4552.11,3484.67,3494.86,-26.4019,-24.0193,-84.2407,-84.4895,-47.8102,-72.8983,36.2782,-41.7344,6.86449,2.3323,1.37647,-20.116,-71.1719,34.5088,-41.0473,-363.227,6.9662,1.83447,0.852102,1.0,LLLAFLLAVLLGLLLGTLILI,0.6518381610151288,0.0407719494308939,G,99999900.0,-36.4305,-3.8412000000000006,13.870000000000005,1067.4399999999996,-0.03412885033350822,-0.0035985160758450143,0.01299370456419097,-0.024733849209323252
LTILLLVLAALLSFL,Mutant,,void,12.0,LLLLTILLLVLALLLSFLILI,-0.0291608081245542,LLLLTILLLVLAALLSFLILI_0,1.1001100110011e+17,1.0,-60.2682,-60.3089,-60.2682,-237.403,-221.355,-242.134,-364.672,4542.97,3743.06,3637.15,-26.3873,-10.8302,-93.3883,-93.8384,-62.2696,-50.3173,85.782,23.0476,9.36882,5.62817,5.4149,-9.67116,-56.4231,64.9796,25.2813,-375.502,9.1603,3.73571,3.2104,0.0,LLLLTILLLVLAALLSFLILI,0.2929398667861613,0.0127531945066226,L,99999900.0,-31.118700000000004,0.0,4.7309999999999945,799.9100000000003,-0.03890275155955044,0.0,0.005914415371729311,-0.032987836131564786
LYVLIFLLATLLILL,Mutant,,clash,7.0,LLLLYVLLFLLATLLILLILI,0.5683477797021574,LLLLYVLIFLLATLLILLILI_1,1.1001100110011e+17,1.0,-58.8982,-51.7994,-58.8982,-247.252,-232.768,-249.685,-358.853,4649.84,3715.44,3675.48,-26.363,99.9573,-79.0655,25.6712,-50.2702,-56.621,97.1191,18.9912,10.3448,8.10423,8.06101,80.0346,-59.5624,70.8383,23.7924,-259.496,9.4709,4.99753,4.5601,1.0,LLLLYVLIFLLATLLILLILI,0.2451053111033199,0.0840926041654785,L,99999900.0,-28.795299999999997,0.0,2.4329999999999927,934.4000000000001,-0.030816887842465748,0.0,0.002603809931506841,-0.028213827054794516
FALLASLLGILLTLL,WT,LLLFALLASLLGILLILLILI,clash,,,,LLLFALLASLLGILLTLLILI_2,1.1001100110011e+17,1.0,-77.1749,-77.9528,-74.1364,-220.679,-217.49,-237.372,-364.881,4562.89,3642.58,3678.2,-26.3468,-4.50382,-93.3745,-73.9422,-53.3732,-70.3327,61.8423,-41.024,6.77693,5.39862,4.82625,-9.4575,-63.0433,66.4747,-39.1069,-376.887,7.1192,4.93058,4.4277,2.0,LLLFALLASLLGILLTLLILI,0.2103677697575273,0.0184788013513758,G,99999900.0,-40.0013,-3.038499999999999,16.693000000000012,920.3100000000004,-0.043465028088361515,-0.003301604894003105,0.018138453347241696,-0.028628179635122937
LSYLLAVLFTLLLAL,Mutant,,void,16.0,LLLLSYLLAVLFTLLLILILI,-0.1020439692386561,LLLLSYLLAVLFTLLLALILI_1,1.1001100110011e+17,1.0,-67.7154,-59.7226,-58.8845,-225.516,-225.988,-243.247,-348.575,4630.48,3647.46,3495.1,-26.3303,128.671,-81.6737,65.8066,-46.4431,-56.2974,72.2296,16.3418,9.75313,4.6956,4.27905,114.001,-57.7209,63.0677,18.0,-230.429,8.8446,3.67228,3.1183,1.0,LLLLSYLLAVLFTLLLALILI,0.4786202656940636,0.0575547681210696,L,99999900.0,-35.230599999999995,-8.8309,17.731000000000023,983.0199999999995,-0.035839148745702036,-0.008983438790665503,0.018037272893735662,-0.026785111187971774
YSLLLTLLAVLLALL,Mutant,,void,11.0,LLLYSLLLTLLFVLLALLILI,-0.1584438589962246,LLLYSLLLTLLAVLLALLILI_1,1.1001100110011e+17,1.0,-65.2989,-66.4427,-58.8578,-242.292,-227.381,-248.971,-369.145,4670.83,4108.13,3836.91,-26.3169,4564.5,-87.871,4489.17,-61.3164,-41.9711,93.2744,-40.4816,9.19324,5.38771,5.28683,4542.65,-39.3767,72.98,-35.0,4182.57,8.4101,2.2588,1.8535,1.0,LLLYSLLLTLLAVLLALLILI,0.4645929265164629,0.101569268144579,R,99999900.0,-26.554599999999994,-6.441100000000006,6.679000000000002,562.6999999999998,-0.0471913986138262,-0.011446774480184838,0.011869557490669992,-0.04676897103252178
LLVLLAILAFLLSTL,Mutant,,void,11.0,LLLLLVLLAILLFLLSTLILI,-0.0250532132415922,LLLLLVLLAILAFLLSTLILI_0,1.1001100110011e+17,1.0,-74.1638,-74.1709,-74.1638,-241.033,-223.853,-241.295,-371.602,4522.86,3803.53,3571.0,-26.2656,-10.0128,-82.6704,-83.5902,-56.1423,-55.5029,77.9157,18.2518,9.85808,5.34405,5.01278,-9.90779,-55.3708,60.1199,23.2999,-381.614,9.5,2.9218,2.3236,0.0,LLLLLVLLAILAFLLSTLILI,0.3022196767785985,0.0863921455114801,L,99999900.0,-26.528100000000002,0.0,0.26200000000000045,719.3299999999995,-0.03687890119972755,0.0,0.00036422782311317566,-0.03651397828534889
YALLFLLTSLLLVLL,WT,LLLYALLILLTSLLLVLLILI,clash,,,,LLLYALLFLLTSLLLVLLILI_0,1.1001100110011e+17,1.0,-75.3126,-74.9603,-74.2423,-233.704,-223.315,-253.915,-372.974,4745.22,3724.74,3743.19,-26.2544,-12.5329,-90.2112,-87.231,-44.8161,-98.7116,51.3418,16.4605,8.64316,8.23789,7.50802,-10.7675,-100.982,34.5253,20.0445,-385.506,8.836,6.30822,5.3261,0.0,LLLYALLFLLTSLLLVLLILI,0.5043046516705875,0.1395368340353395,L,99999900.0,-45.395100000000006,-1.0703000000000031,20.210999999999984,1020.4800000000005,-0.044484066321730936,-0.0010488201630605232,0.019805385700846636,-0.0257275007839448
LFVLLITLAALLLSL,Mutant,,void,12.0,LLLLFVLLITLALLLLSLILI,0.0130703747943428,LLLLFVLLITLAALLLSLILI_2,1.1001100110011e+17,1.0,-74.2301,-74.2301,-74.2301,-234.52,-222.755,-237.183,-365.757,4581.37,3676.98,3540.66,-26.2417,132.08,-83.2491,63.308,-54.3439,-61.9359,76.9571,15.1045,10.2642,6.1796,5.83395,16.3016,-60.6709,65.7431,20.4901,-367.895,9.5,4.47595,3.9621,2.0,LLLLFVLLITLAALLLSLILI,0.3302419185271408,0.0313426849566755,L,99999900.0,-28.9052,0.0,2.6629999999999825,904.3899999999999,-0.03196099028074172,0.0,0.002944526144694195,-0.029015911277214482
LALLLLFLTVLLIIL,Mutant,,clash,15.0,LLLLALLLLFLTVLLSILILI,-0.0079880219819849,LLLLALLLLFLTVLLIILILI_0,1.1001100110011e+17,1.0,-58.9482,-51.7962,-58.9482,-246.742,-234.571,-248.41,-376.414,4600.96,3813.25,3624.09,-26.2332,45.0806,-96.9569,-44.9658,-69.0559,-61.6842,68.9737,22.5949,9.96993,5.06408,4.59868,45.2911,-52.31,68.7173,21.7433,-331.333,9.1269,3.62334,3.1541,0.0,LLLLALLLLFLTVLLIILILI,0.2872275582978973,0.0798936127451166,L,99999900.0,-27.90100000000001,0.0,1.6680000000000064,787.71,-0.03542039583095303,0.0,0.0021175305632783717,-0.033303119168221804
LLLLLFILAVLLSTL,WT,LLLLLLLLFILAVLLITLILI,clash,,,,LLLLLLLLFILAVLLSTLILI_1,1.1001100110011e+17,1.0,-74.2965,-74.2965,-74.2965,-242.683,-232.982,-245.477,-384.547,4544.35,3719.11,3597.36,-26.113,86.0703,-93.6811,8.8018,-64.7743,-49.63,92.2624,31.6938,8.96298,6.39993,6.28386,-11.1081,-51.3841,76.7072,27.9383,-395.759,9.0467,4.56309,4.2137,1.0,LLLLLLLLFILAVLLSTLILI,0.1993213850147729,0.0282775471718221,L,99999900.0,-28.906800000000004,0.0,2.794000000000011,825.2400000000002,-0.03502835538752362,0.0,0.0033856817410692773,-0.03164291600019387
LAVLLFLLATLISLL,WT,LLLLAVLLFLLITLISLLILI,clash,,,,LLLLAVLLFLLATLISLLILI_2,1.1001100110011e+17,1.0,-74.1808,-74.1808,-74.1808,-234.064,-218.714,-242.732,-372.758,4549.86,3633.43,3660.89,-26.0967,-4.31107,-90.6098,-84.1749,-55.8455,-54.5822,79.8952,20.7394,8.74068,5.47319,5.17161,-7.94306,-60.0299,56.8654,19.5041,-380.764,8.5832,3.18132,2.5343,2.0,LLLLAVLLFLLATLISLLILI,0.259595233698102,0.0468581187317399,L,99999900.0,-34.764300000000006,0.0,8.668000000000006,916.4299999999998,-0.03793448490337507,0.0,0.009458441997752155,-0.028476479381949527
YFLLVALLTLLLSIL,WT,LLLYFLLVALLILLLSILILI,clash,,,,LLLYFLLVALLTLLLSILILI_0,1.1001100110011e+17,1.0,-72.0524,-61.8791,-74.3253,-241.214,-233.397,-253.928,-367.42,4773.95,3999.26,3853.68,-26.0588,-14.3762,-80.213,-86.5209,-39.1666,-77.7367,54.2295,-45.7278,8.44872,5.4815,4.79494,-14.0536,-76.4723,48.349,-40.0172,-381.797,8.4267,4.49796,3.72319,0.0,LLLYFLLVALLTLLLSILILI,0.2726922158444417,0.0593068285755593,R,99999900.0,-41.04639999999999,2.272899999999993,12.713999999999999,774.6899999999996,-0.05298429049038972,0.0029339477726574425,0.016411725980714872,-0.03363771314977606
TYLLAILLGLLLGAL,Mutant,,void,16.0,LLLTYLLAILLGLLLGFLILI,0.2283691323929277,LLLTYLLAILLGLLLGALILI_2,1.1001100110011e+17,1.0,-53.7721,-61.0891,-44.9626,-227.364,-224.61,-245.386,-350.839,4572.92,3784.18,3715.17,-26.0508,-20.1221,-95.7541,-85.2624,-60.4908,-69.5229,41.9861,-46.5087,6.9565,2.59656,1.72635,-15.3004,-61.5471,48.1349,-42.0502,-366.997,7.2784,2.23028,1.4523,2.0,LLLTYLLAILLGLLLGALILI,0.5906681059306251,0.0400277303340988,G,99999900.0,-35.263299999999994,-8.8095,18.02199999999999,788.7400000000002,-0.044708395669041744,-0.011169079798159086,0.02284910109795368,-0.03302837436924714
YFLLATLLGVLLSLL,WT,LLLYFLLATLLIVLLSLLILI,clash,,,,LLLYFLLATLLGVLLSLLILI_2,1.1001100110011e+17,1.0,-85.1982,-72.62,-74.1442,-226.283,-228.463,-248.691,-357.884,4687.88,3909.77,3767.44,-26.047,87.2037,-72.4496,30.4023,-35.0484,-67.6928,55.4785,-48.5409,7.32859,4.14352,3.4757,-13.7243,-69.3266,52.1387,-41.8459,-372.798,7.431,3.93772,3.2198,2.0,LLLYFLLATLLGVLLSLLILI,0.353636336785937,0.0432125674754976,G,99999900.0,-37.4012,-11.054000000000002,22.408000000000015,778.1100000000001,-0.048066725784272145,-0.014206217629898087,0.02879798486075235,-0.03347470152035059
SALLGLLLGFLLGTL,Mutant,,void,4.0,LLLSYLLGLLLGFLLGTLILI,0.2302798465388691,LLLSALLGLLLGFLLGTLILI_0,1.1001100110011e+17,1.0,-73.5732,-62.3793,-58.7136,-215.109,-218.093,-241.945,-347.183,4474.98,3464.33,3615.91,-26.0109,-13.3821,-84.5117,-80.0927,-46.5247,-90.9676,27.5723,-31.3688,6.69436,3.86741,2.781,-13.5785,-87.8363,33.3963,-37.1588,-360.565,7.4752,4.18395,3.1849,0.0,LLLSALLGLLLGFLLGTLILI,1.2260293721104911,0.0633651874994333,G,99999900.0,-37.987,-14.8596,26.835999999999984,1010.6499999999996,-0.03758670162766538,-0.014703012912482072,0.02655320833127195,-0.02573680304754367
LFLLLTALAVLLSIL,Mutant,,void,11.0,LLLLFLLLTALLVLLSILILI,0.042535981973394,LLLLFLLLTALAVLLSILILI_2,1.1001100110011e+17,1.0,-74.2145,-74.192,-74.2685,-241.501,-230.089,-241.61,-368.579,4596.67,3792.35,3748.01,-26.0067,846.809,-78.8706,782.511,-52.7001,-53.6825,90.2531,30.6633,9.57941,6.73654,6.59034,-0.742158,-59.7713,62.84,23.7958,-370.037,9.4205,3.9491,3.3917,2.0,LLLLFLLLTALAVLLSILILI,0.3042585162682027,0.0212038609772153,L,99999900.0,-26.170499999999997,0.054000000000002046,0.10900000000000887,804.3200000000002,-0.03253742291625223,6.713745772826988e-05,0.0001355182017107729,-0.03233377262780982
YALLALLLGTLLSFL,WT,LLLYALLALLLITLLSFLILI,clash,,,,LLLYALLALLLGTLLSFLILI_0,1.1001100110011e+17,1.0,-74.1668,-74.0211,-74.0925,-232.841,-225.822,-246.272,-356.494,4634.81,3896.42,3676.76,-25.9788,-18.9588,-75.4644,-75.6098,-36.1297,-63.2106,79.0996,-38.353,7.20802,6.66003,6.34652,-18.7226,-66.9322,64.0684,-37.8112,-375.453,7.282,5.18907,4.6501,0.0,LLLYALLALLLGTLLSFLILI,0.2391867213906034,0.0395093616749004,G,99999900.0,-39.3347,-0.07429999999999382,13.430999999999983,738.3900000000003,-0.05327090020179036,-0.00010062433131542109,0.0181895746150408,-0.035183033356356384
LALLLTVLTALLFIL,Mutant,,void,4.0,LLLLLLLLTVLTALLFILILI,-0.1149617724255389,LLLLALLLTVLTALLFILILI_1,1.1001100110011e+17,1.0,-68.9043,-72.4213,-72.5644,-233.451,-231.889,-243.884,-368.478,4560.79,3585.56,3628.85,-25.9774,-16.0626,-92.1008,-80.231,-52.0301,-7.70277,113.233,23.1581,9.2485,2.94186,3.14035,-10.1022,-15.2279,93.3614,21.5317,-378.025,9.5,1.38798,1.2884,1.0,LLLLALLLTVLTALLFILILI,0.4058366365026198,0.0516765353291225,L,99999900.0,-40.07070000000001,3.6601,10.432999999999993,975.23,-0.041088461183515695,0.003753063379920634,0.010697989192293093,-0.026637203531474626
LVALLLTLISLLFLL,WT,LLLLVALLLTLIILLFLLILI,clash,,,,LLLLVALLLTLISLLFLLILI_1,1.1001100110011e+17,1.0,-74.2165,-74.2165,-74.2165,-236.15,-230.945,-246.595,-380.427,4618.13,3685.88,3626.47,-25.9536,-16.3041,-96.0138,-91.5695,-59.6159,-14.3766,99.4273,23.0412,9.60614,2.07918,2.07059,-9.69197,-15.856,85.056,19.3699,-390.257,9.4176,0.36096,0.1368,1.0,LLLLVALLLTLISLLFLLILI,0.6317973786940798,0.0913453897681659,L,99999900.0,-36.3979,0.0,10.444999999999993,932.25,-0.03904306784660767,0.0,0.011204076159828364,-0.027839742558326632
LFVLLITLALLLLSL,WT,LLLLFVLLITLILLLLSLILI,clash,,,,LLLLFVLLITLALLLLSLILI_1,1.1001100110011e+17,1.0,-74.2301,-74.2301,-74.2301,-236.667,-228.617,-245.585,-378.325,4663.0,3708.17,3572.77,-25.951,55.8227,-93.3795,-19.6555,-58.5104,-57.1136,82.5404,21.7488,9.88067,6.20998,5.94809,3.6402,-60.6709,65.7431,20.4901,-380.103,9.5,4.47595,3.9621,1.0,LLLLFVLLITLALLLLSLILI,0.3433122933214836,0.0547074028464417,L,99999900.0,-34.869099999999996,0.0,8.918000000000006,954.8299999999999,-0.03651864729847198,0.0,0.00933988249217139,-0.027178660075615556
YGLLFLLLGVLLITL,Mutant,,clash,15.0,LLLYGLLFLLLGVLLATLILI,0.2180499980493139,LLLYGLLFLLLGVLLITLILI_2,1.1001100110011e+17,1.0,-58.8381,-58.8381,-58.8381,-243.001,-243.307,-249.761,-346.751,4711.72,3812.9,3609.51,-25.939,88.231,-70.8505,43.6246,-38.1521,-75.7346,53.1876,-46.634,8.01628,5.04052,4.33833,79.5796,-73.2508,43.1479,-42.798,-233.405,7.4823,3.31258,2.4598,2.0,LLLYGLLFLLLGVLLITLILI,0.1898359985040518,0.0737574549079164,G,99999900.0,-32.6984,0.0,6.759999999999991,898.8200000000002,-0.036379252798113076,0.0,0.007520971940989285,-0.028858948399012034
LALLIALLTVLFSLL,Mutant,,void,4.0,LLLLYLLIALLTVLFSLLILI,-0.0010251999240508,LLLLALLIALLTVLFSLLILI_1,1.1001100110011e+17,1.0,-70.6098,-74.3273,-74.3273,-237.862,-232.003,-242.328,-371.74,4544.52,3713.79,3755.44,-25.9375,-9.36881,-89.2052,-74.7777,-55.0844,-44.2559,103.932,20.9311,8.84865,7.16927,7.22826,0.792386,-43.0836,88.7124,20.2021,-370.945,9.3861,4.93871,4.7694,1.0,LLLLALLIALLTVLFSLLILI,0.2680976631268281,0.0213790515406892,L,99999900.0,-34.1208,3.717499999999987,4.466000000000008,830.7300000000005,-0.04107327290455381,0.004474979837010803,0.005375994607152752,-0.03122253921249983
LLILTILLFVLLSLL,Mutant,,clash,8.0,LLLLLILTALLFVLLSLLILI,0.1561934605702719,LLLLLILTILLFVLLSLLILI_0,1.1001100110011e+17,1.0,-74.2524,-74.1767,-74.228,-244.389,-224.868,-248.793,-390.573,4624.1,3705.54,3659.24,-25.9347,16.6117,-97.8667,-74.9173,-67.5525,-60.6282,63.7826,21.0166,9.70765,4.20488,3.66162,19.5581,-60.6627,45.9066,21.8615,-373.962,9.0485,1.7968,0.985399,0.0,LLLLLILTILLFVLLSLLILI,0.2755074942303337,0.0390426809135021,L,99999900.0,-30.3142,-0.024399999999999977,4.403999999999996,918.5600000000004,-0.03300187249608081,-2.6563316495384042e-05,0.004794460895314399,-0.028234083783312998
YTLLAILVILLLSLL,Mutant,,clash,11.0,LLLYTLLAILVALLLSLLILI,0.0348496701289733,LLLYTLLAILVILLLSLLILI_1,1.1001100110011e+17,1.0,-60.363,-63.8033,-60.363,-246.496,-240.524,-252.92,-378.649,4642.59,3756.22,3647.95,-25.9333,953.804,-97.7234,879.482,-65.3657,-109.955,23.0526,24.8001,10.2498,6.10532,4.95111,880.664,-107.84,2.594,18.2142,613.368,9.3464,3.02619,1.5651,1.0,LLLYTLLAILVILLLSLLILI,0.2555603810540544,0.0419207213461836,L,99999900.0,-32.357699999999994,0.0,6.423999999999978,886.3700000000003,-0.03650586098356215,0.0,0.007247537709985644,-0.029257871994765153
LYLLIILLLVLTFLL,Mutant,,clash,8.0,LLLLYLLIALLLVLTFLLILI,0.0664457142024786,LLLLYLLIILLLVLTFLLILI_0,1.1001100110011e+17,1.0,-58.9132,-58.9686,-58.9132,-243.528,-224.665,-252.773,-369.66,4690.27,3724.45,3611.11,-25.9056,50.853,-93.1237,-35.1725,-57.9732,-58.102,80.9612,16.5043,10.3121,6.14507,5.85948,49.5261,-62.8439,56.9541,19.0347,-318.807,9.5,3.61539,2.9697,0.0,LLLLYLLIILLLVLTFLLILI,0.1269007402954509,0.0950895029439324,L,99999900.0,-35.1505,0.0,9.245000000000005,965.8200000000006,-0.03639446273632766,0.0,0.00957217701020894,-0.026822389265080432
LYILVILLLALLFLL,Mutant,,clash,8.0,LLLLYILVTLLLALLFLLILI,0.3460573040894924,LLLLYILVILLLALLFLLILI_2,1.1001100110011e+17,1.0,-45.0699,-45.0699,-45.0699,-244.041,-229.237,-250.126,-358.632,4720.04,3675.22,3631.76,-25.8734,73.9726,-95.3952,-10.3533,-63.4368,-59.7619,74.8362,15.2315,10.4532,5.56718,5.18972,77.682,-62.6015,51.4691,20.7952,-248.857,9.4319,2.83856,2.1106,2.0,LLLLYILVILLLALLFLLILI,0.2965917636181148,0.120066916300046,L,99999900.0,-31.958400000000005,0.0,6.085000000000008,1044.8200000000002,-0.030587469611990582,0.0,0.005823969678987775,-0.024763499933002812
LYYLIVLLLTLFILL,Mutant,,clash,15.0,LLLLYYLIVLLLTLFLLLILI,0.013171845326982,LLLLYYLIVLLLTLFILLILI_0,1.1001100110011e+17,1.0,-73.7822,-73.5098,-58.8727,-243.324,-230.659,-256.39,-354.354,4742.66,3923.26,3807.19,-25.7881,82.5025,-63.0355,32.318,-39.0912,-68.5137,50.4454,15.984,10.5645,3.58718,2.84386,76.9683,-69.4304,35.6276,19.061,-271.851,9.4613,1.72429,0.758704,0.0,LLLLYYLIVLLLTLFILLILI,0.1768174163972008,0.1008821983435127,L,99999900.0,-23.9443,-14.909500000000001,13.065999999999974,819.3999999999996,-0.02922174762020992,-0.018195630949475235,0.01594581401025138,-0.0314719306809861
LYVLLATLFILLLSL,WT,LLLLYVLLITLFILLLSLILI,clash,,,,LLLLYVLLATLFILLLSLILI_0,1.1001100110011e+17,1.0,-74.2065,-74.2065,-74.2065,-242.117,-226.312,-247.992,-366.972,4635.22,3738.12,3636.43,-25.7787,28.5347,-76.4279,-37.9189,-44.7739,-58.727,83.3496,15.9078,9.51343,6.56125,6.3115,28.3473,-63.4452,65.2561,19.7618,-338.438,9.1047,4.82636,4.3052,0.0,LLLLYVLLATLFILLLSLILI,0.2603614297540614,0.1291867857577073,L,99999900.0,-31.653999999999996,0.0,5.875,897.1000000000004,-0.03528480659904134,0.0,0.006548879723553671,-0.028735592464608172
LYLLLAVLLSLLATL,Mutant,,void,15.0,LLLLYLLLAVLLSLLFTLILI,-0.0311173074946293,LLLLYLLLAVLLSLLATLILI_1,1.1001100110011e+17,1.0,-74.2291,-74.2291,-74.2291,-232.624,-224.359,-243.413,-377.208,4553.74,3598.7,3497.69,-25.768,74.1203,-96.1233,-4.50021,-59.5658,-50.0608,90.2368,17.7771,9.63521,6.19109,6.04464,19.1614,-54.2352,70.7135,18.0,-352.047,9.2479,4.1816,3.7423,1.0,LLLLYLLLAVLLSLLATLILI,0.3300397094954384,0.0110503748026377,L,99999900.0,-36.5575,0.0,10.789000000000016,955.04,-0.03827850142402412,0.0,0.01129690902998829,-0.026981068855754735
LAILLTLLAVLFSLL,WT,LLLLAILLTLLIVLFSLLILI,clash,,,,LLLLAILLTLLAVLFSLLILI_2,1.1001100110011e+17,1.0,-68.8228,-68.3022,-74.2129,-235.335,-225.5,-242.445,-374.292,4508.96,3669.2,3745.81,-25.756,-15.1764,-95.8899,-95.6666,-57.6345,-54.3556,65.9323,21.4775,8.74918,3.5542,3.04319,-8.76603,-60.1144,47.329,21.9291,-385.025,8.6228,1.90657,1.1165,2.0,LLLLAILLTLLAVLFSLLILI,0.6414669948374024,0.0262823318285314,L,99999900.0,-38.255399999999995,5.390100000000004,7.109999999999985,839.7600000000002,-0.045555158616747624,0.006418619605601603,0.008466704772792207,-0.030670667809850425
YSLLFTLLVALLIAL,Mutant,,void,16.0,LLLYSLLFTLLVALLILLILI,0.008469702853149,LLLYSLLFTLLVALLIALILI_2,1.1001100110011e+17,1.0,-72.37,-70.9301,-58.8623,-240.594,-239.72,-249.816,-347.897,4649.52,3957.47,3871.1,-25.7454,1100.78,-60.6786,1063.54,-39.2186,-53.5701,71.3771,-38.5613,8.98361,4.17141,3.74207,964.552,-44.9294,63.8799,-35.0,738.42,8.8327,1.8632,1.3214,2.0,LLLYSLLFTLLVALLIALILI,0.1963963049305514,0.0723350558803378,R,99999900.0,-21.46,-13.507700000000007,9.222000000000008,692.0500000000006,-0.03100932013582831,-0.019518387399754346,0.013325626761072176,-0.03720164727982079
YALLALLLGTLLSAL,Mutant,,void,16.0,LLLYALLALLLGTLLSFLILI,-0.0117150921724163,LLLYALLALLLGTLLSALILI_2,1.1001100110011e+17,1.0,-76.2305,-75.1217,-74.0925,-229.888,-219.565,-241.257,-362.623,4583.53,3767.1,3702.64,-25.721,-11.5222,-82.2258,-79.4589,-47.2738,-72.045,70.5681,-37.6361,7.38039,6.83345,6.39197,-16.4725,-66.9322,64.0684,-37.8112,-378.993,7.282,5.18907,4.6501,2.0,LLLYALLALLLGTLLSALILI,0.2517522708209137,0.0158279248948273,G,99999900.0,-34.952000000000005,-2.1380000000000052,11.369,816.4299999999998,-0.042810773734429174,-0.002618718077483686,0.013925259973298387,-0.03150423183861446
AFLLTVLLLLLASLL,Mutant,,void,3.0,LLLYFLLTVLLLLLASLLILI,0.0115544000998701,LLLAFLLTVLLLLLASLLILI_2,1.1001100110011e+17,1.0,-74.0287,-70.4663,-74.0825,-238.426,-236.448,-243.38,-374.258,4643.83,3751.87,3709.48,-25.7099,-14.023,-87.5134,-81.3668,-56.7964,-104.835,30.2035,22.25,9.59989,6.30279,5.25584,-6.80585,-112.036,2.098,25.9917,-380.386,9.5,3.58863,2.1201,2.0,LLLAFLLTVLLLLLASLLILI,0.2541472839925638,0.0288156227185978,L,99999900.0,-30.717000000000006,0.05379999999999541,4.954000000000008,891.96,-0.03443764294362976,6.0316606125830086e-05,0.005554060720211677,-0.028824050405847797
LLALLLILVTLLSAL,Mutant,,void,16.0,LLLLLALLLILVTLLSFLILI,-0.0427143689317887,LLLLLALLLILVTLLSALILI_1,1.1001100110011e+17,1.0,-70.4924,-68.9898,-74.1387,-239.917,-236.788,-240.998,-389.413,4550.42,3687.38,3699.55,-25.6905,-17.1631,-104.695,-100.799,-74.2764,-10.7709,105.324,20.3397,9.41512,2.3344,2.41426,-8.16285,-15.856,85.056,19.3699,-398.552,9.4176,0.36096,0.1368,1.0,LLLLLALLLILVTLLSALILI,0.3994575439406765,0.0716142592171864,L,99999900.0,-30.418599999999998,3.6462999999999965,1.0809999999999889,863.04,-0.03524587504634779,0.004224949017426767,0.001252549128661463,-0.02976744994438265
SYLLFLLLGVLLGSL,WT,LLLSYLLFLLLIVLLGSLILI,clash,,,,LLLSYLLFLLLGVLLGSLILI_2,1.1001100110011e+17,1.0,-78.8442,-82.1631,-60.3605,-232.436,-227.394,-249.58,-353.246,4616.99,3802.5,3564.37,-25.6805,796.676,-67.6472,752.987,-43.3062,-67.4615,54.8791,-45.7041,8.40022,4.02791,3.3511,236.931,-62.877,50.983,-41.0408,443.43,7.3408,2.81426,2.07901,2.0,LLLSYLLFLLLGVLLGSLILI,0.7675864437700554,0.0498233017435356,G,99999900.0,-24.341,-18.4837,17.144000000000005,814.4899999999998,-0.029884958685803396,-0.022693587398249216,0.021048754435290806,-0.03152954609633023
YVLLTILLAFLLSAL,Mutant,,void,16.0,LLLYVLLTILLAFLLSLLILI,-0.0446091464118305,LLLYVLLTILLAFLLSALILI_0,1.1001100110011e+17,1.0,-73.2723,-73.9275,-74.3,-242.723,-233.007,-249.479,-356.813,4648.2,4040.84,3880.16,-25.6623,-13.4316,-66.4801,-63.31,-33.0344,-59.8247,71.4236,-40.948,8.29197,5.11588,4.68724,-11.6409,-63.1873,55.2127,-36.6493,-370.245,8.5138,3.43181,2.76,0.0,LLLYVLLTILLAFLLSALILI,0.2786750940036777,0.0335568883498449,R,99999900.0,-33.445699999999995,1.0276999999999958,6.756,607.3599999999997,-0.05506734062170708,0.0016920771865121121,0.011123551106427826,-0.04225220626975766
YVLLATLLGGLLFAL,Mutant,,void,16.0,LLLYVLLATLLGGLLFLLILI,0.0288824819739785,LLLYVLLATLLGGLLFALILI_1,1.1001100110011e+17,1.0,-66.9286,-63.2546,-58.655,-224.09,-218.336,-241.1,-327.934,4619.23,3942.94,3762.77,-25.6546,-16.7276,-62.5704,-63.0714,-28.1794,-52.1186,63.5311,-43.794,6.38334,2.89449,2.34746,-15.7323,-42.5413,66.4514,-37.8047,-343.978,6.7945,1.85213,1.3489,1.0,LLLYVLLATLLGGLLFALILI,0.1934154776571399,0.0083784718255549,G,99999900.0,-34.391,-8.273600000000002,17.00999999999999,676.2899999999995,-0.050852444957045086,-0.012233805024471762,0.025151931863549665,-0.03793431811796717
SYLLFILLALLLSTL,Mutant,,clash,8.0,LLLSYLLFVLLALLLSTLILI,0.1651924026962271,LLLSYLLFILLALLLSTLILI_0,1.1001100110011e+17,1.0,-92.1691,-93.2438,-74.2184,-237.227,-237.764,-256.471,-377.299,4634.67,3817.9,3775.79,-25.6383,-22.3679,-73.5407,-68.6595,-46.6096,-66.8645,55.6713,-42.4055,8.67543,4.0453,3.38037,-21.2477,-66.724,58.8887,-41.9166,-399.667,8.6817,4.45857,3.8419,0.0,LLLSYLLFILLALLLSTLILI,0.2392176513678396,0.0494424060090995,R,99999900.0,-26.9311,-17.950699999999998,19.244,816.77,-0.0329726850888255,-0.021977668131787403,0.023561100432190212,-0.03138986495586273
LYFLLALLAVLTILL,Mutant,,clash,15.0,LLLLYFLLALLAVLTSLLILI,0.0751749192611722,LLLLYFLLALLAVLTILLILI_1,1.1001100110011e+17,1.0,-58.92,-53.9947,-58.92,-238.817,-220.745,-245.865,-349.702,4619.98,3766.51,3572.39,-25.6158,388.903,-77.5807,313.941,-44.9168,-52.4184,98.0764,23.8722,10.4733,7.60307,7.57422,274.971,-53.3268,80.5799,18.6844,98.3025,8.9663,5.3773,5.086,1.0,LLLLYFLLALLAVLTILLILI,0.2246326005729427,0.0569234142548252,L,99999900.0,-32.66389999999999,0.0,7.048000000000002,853.4699999999993,-0.03827187833198591,0.0,0.008258052421291911,-0.03001370874195932
SYLLALLLGFLLGTL,WT,LLLSYLLALLLIFLLGTLILI,clash,,,,LLLSYLLALLLGFLLGTLILI_0,1.1001100110011e+17,1.0,-81.1068,-90.0626,-58.7285,-230.942,-230.463,-250.905,-349.475,4585.1,3723.26,3524.67,-25.6064,39644.6,-63.0316,39615.6,-39.8406,-46.9877,61.9759,-48.0273,7.52109,1.91491,1.34455,16492.7,-53.2783,54.8563,-43.0796,39295.1,6.5679,1.89735,1.2202,0.0,LLLSYLLALLLGFLLGTLILI,1.097517432379581,0.0784048096149595,G,99999900.0,-23.190999999999995,-22.37830000000001,19.962999999999994,861.8400000000001,-0.026908706952566593,-0.025965724496426257,0.023163232154460214,-0.02971131532535041
YALLAVLLLLLTSLL,Mutant,,void,7.0,LLLYALLFVLLLLLTSLLILI,0.0367461109968842,LLLYALLAVLLLLLTSLLILI_1,1.1001100110011e+17,1.0,-74.1397,-74.083,-74.2049,-243.192,-239.633,-249.123,-380.149,4675.53,3924.81,3808.61,-25.6033,-19.6209,-88.4202,-86.0539,-56.8209,-99.446,28.8547,20.4022,8.87614,5.31228,4.2451,-14.4895,-103.616,12.3747,18.4457,-394.379,8.943,3.71299,2.39861,1.0,LLLYALLAVLLLLLTSLLILI,0.1707530110179349,0.0653476573696803,L,99999900.0,-31.599299999999992,0.06519999999999015,5.930999999999983,750.7199999999998,-0.042091991687979544,8.684995737424095e-05,0.007900415601022998,-0.03410499254049447
LVLLLAILATLLSLL,Mutant,,void,11.0,LLLLVLLLAILFTLLSLLILI,-0.0693102922613685,LLLLVLLLAILATLLSLLILI_1,1.1001100110011e+17,1.0,-74.1402,-74.1402,-74.1402,-240.473,-238.372,-241.115,-391.014,4519.55,3710.34,3686.55,-25.5343,-3.94864,-101.935,-82.4499,-75.7588,-48.2026,71.7032,19.7786,9.06438,3.41033,2.98587,-14.5092,-47.5614,60.8613,19.2779,-404.095,9.4842,1.85048,1.2634,1.0,LLLLVLLLAILATLLSLLILI,0.3941811859437233,0.0128872503023163,L,99999900.0,-26.17620000000001,0.0,0.6419999999999959,809.21,-0.03234784542949297,0.0,0.0007933663696691784,-0.031554602637139925
YTLLVILLAALLSLL,Mutant,,void,12.0,LLLYTLLVILLAFLLSLLILI,0.0072700255600217,LLLYTLLVILLAALLSLLILI_1,1.1001100110011e+17,1.0,-78.6199,-70.588,-60.3261,-231.581,-229.807,-247.957,-369.095,4666.48,4102.73,3868.46,-25.5043,-17.5944,-84.3987,-86.2945,-60.8126,-74.2611,47.3644,-47.2913,9.06945,4.03337,3.24384,-18.2394,-67.6029,45.1857,-45.0,-390.422,8.6947,2.74051,1.9183,1.0,LLLYTLLVILLAALLSLLILI,0.2885522450122639,0.0269910736363772,R,99999900.0,-23.586100000000002,-18.293800000000005,16.376000000000005,563.75,-0.04183787139689579,-0.03245019955654103,0.029048337028824842,-0.04524044345898005
AGLLFLLLGTLLSYL,WT,LLLAGLLFLLLGTLLIYLILI,clash,,,,LLLAGLLFLLLGTLLSYLILI_0,1.1001100110011e+17,1.0,-78.4919,-75.1791,-74.1054,-225.202,-224.282,-241.571,-352.215,4582.51,3655.13,3608.75,-25.4222,-17.2779,-73.9431,-70.0317,-36.5381,-71.5582,55.9458,-36.2558,6.98874,4.78641,4.1256,-16.5443,-64.7067,61.3173,-36.5921,-369.492,7.395,4.48384,3.9036,0.0,LLLAGLLFLLLGTLLSYLILI,0.1520498913263891,0.0382827046323151,G,99999900.0,-37.405,-4.386499999999998,16.369,927.3800000000001,-0.04033405939312903,-0.004729992020530955,0.01765080118182406,-0.02741292673984774
AALLGLLLGTLLTVL,Mutant,,void,4.0,LLLAFLLGLLLGTLLTVLILI,0.1971349568281248,LLLAALLGLLLGTLLTVLILI_1,1.1001100110011e+17,1.0,-76.9008,-76.8361,-72.4773,-221.453,-217.289,-232.583,-362.722,4435.4,3685.25,3661.66,-25.4113,-17.01,-89.7799,-85.6075,-57.6622,-70.8045,60.4233,-37.1835,6.80891,5.27781,4.68416,-16.3743,-63.2674,60.5559,-36.2287,-379.485,7.0661,4.16516,3.5735,1.0,LLLAALLGLLLGTLLTVLILI,1.1807304801215306,0.0641689806716409,G,99999900.0,-32.1177,-4.423500000000004,11.129999999999995,750.1499999999996,-0.0428150369926015,-0.005896820635872834,0.014837032593481304,-0.03387495834166502
LILLLALLAVLTSLL,Mutant,,void,11.0,LLLLILLLALLFVLTSLLILI,0.0165198159074937,LLLLILLLALLAVLTSLLILI_2,1.1001100110011e+17,1.0,-74.3247,-74.3247,-74.3247,-238.303,-235.48,-240.422,-389.571,4508.82,3720.63,3628.15,-25.3955,-22.5982,-102.339,-102.365,-74.8238,-47.4079,67.1883,25.1695,9.39834,2.68161,2.18943,-11.6106,-52.0168,48.9899,24.9796,-401.762,9.3931,0.916152,0.151,2.0,LLLLILLLALLAVLTSLLILI,0.36372061958565,0.0427334552025064,L,99999900.0,-27.515199999999993,0.0,2.1189999999999998,788.1899999999996,-0.03490934926857738,0.0,0.0026884380669635506,-0.03222002309087912
SYLLVLLLAFLLTIL,WT,LLLSYLLILLLAFLLTILILI,clash,,,,LLLSYLLVLLLAFLLTILILI_2,1.1001100110011e+17,1.0,-77.1633,-72.8196,-58.8353,-235.39,-235.559,-259.357,-367.796,4665.43,3810.2,3760.64,-25.388,-15.562,-80.6307,-74.9789,-49.6031,-69.233,58.6685,-41.4746,8.9362,4.80519,4.18522,-23.5481,-68.6732,57.2295,-41.2124,-389.597,9.0,4.52696,3.8854,2.0,LLLSYLLVLLLAFLLTILILI,0.3537177674560381,0.0925353404013035,R,99999900.0,-31.027600000000007,-18.32800000000001,23.96700000000004,855.2300000000005,-0.03627983115653098,-0.0214304923821662,0.028024040316640002,-0.02968558165639651
YLLLTALVALLLSLL,Mutant,,void,8.0,LLLYLLLTILVALLLSLLILI,0.0479249528148388,LLLYLLLTALVALLLSLLILI_0,1.1001100110011e+17,1.0,-73.9784,-73.9784,-74.198,-245.402,-227.168,-248.259,-196.629,4638.2,3798.93,3722.69,-25.3772,20.8125,97.3742,125.33,125.828,-101.548,34.4601,22.742,9.76839,6.3843,5.4012,18.9037,-108.73,3.38007,19.3936,-175.817,9.4542,3.26581,1.81651,0.0,LLLYLLLTALVALLLSLLILI,0.3194380364119459,0.0562076305037233,L,99999900.0,-28.4538,0.2195999999999998,2.8569999999999993,839.27,-0.033903034780225674,0.00026165596292015655,0.0034041488436379226,-0.030237229973667592
LVLLTTLLGGLLFAL,WT,LLLLVLLTTLLGGLLFILILI,clash,,,,LLLLVLLTTLLGGLLFALILI_1,1.1001100110011e+17,1.0,-76.8233,-75.9748,-72.5234,-221.318,-223.069,-236.744,-352.976,4545.39,3794.94,3648.94,-25.3189,-25.199,-80.154,-79.1315,-43.709,-43.0583,70.3275,-46.1708,6.88295,2.45296,2.00788,-17.0205,-38.0441,72.2659,-45.0,-372.722,7.1084,1.96251,1.5465,1.0,LLLLVLLTTLLGGLLFALILI,0.3129965944776373,0.0380921567991332,G,99999900.0,-36.44499999999999,-4.299900000000008,15.425999999999988,750.4500000000003,-0.04856419481644344,-0.00572976214271438,0.020555666600039952,-0.03373829035911785
LYLLVILLAFLLSTL,WT,LLLLYLLVILLAFLLITLILI,clash,,,,LLLLYLLVILLAFLLSTLILI_0,1.1001100110011e+17,1.0,-72.599,-72.4309,-74.0793,-240.951,-233.311,-247.433,-364.582,4719.71,3908.85,3869.9,-25.3099,-15.7341,-76.3425,-74.5745,-43.0703,-61.4576,67.5005,-44.0986,8.36195,4.83121,4.34372,-13.3774,-57.6508,57.7625,-43.362,-380.316,8.4393,2.94556,2.312,0.0,LLLLYLLVILLAFLLSTLILI,0.270003407424027,0.0995538588890214,R,99999900.0,-33.2722,1.4802999999999997,6.481999999999999,810.8600000000001,-0.0410332239844116,0.0018255925807167692,0.007993981698443625,-0.031213649705251208
YALLFALTSLLLSLL,Mutant,,void,8.0,LLLYALLFLLTSLLLSLLILI,0.0264286589405435,LLLYALLFALTSLLLSLLILI_2,1.1001100110011e+17,1.0,-92.9672,-93.2444,-89.4938,-227.806,-223.52,-249.285,-373.519,4652.28,3708.88,3698.82,-25.2447,18.4472,-77.9911,-38.3077,-34.7406,-100.374,47.1054,23.465,8.46267,7.91527,7.12185,20.7847,-104.094,30.6553,19.1597,-356.24,8.5974,6.25257,5.2124,2.0,LLLYALLFALTSLLLSLLILI,0.3587143180078125,0.070666986123028,L,99999900.0,-43.2505,-3.4734000000000123,21.478999999999985,943.3999999999996,-0.045845346618613544,-0.003681789272842923,0.022767648929404274,-0.026759274962900162
VLLLAALFLLLTSLL,Mutant,,void,8.0,LLLVLLLAILFLLLTSLLILI,0.0655513909415267,LLLVLLLAALFLLLTSLLILI_1,1.1001100110011e+17,1.0,-74.1805,-74.0893,-74.203,-242.768,-241.214,-241.473,3013.44,4586.08,3808.68,3752.68,-25.2412,336.948,3305.15,3665.7,3329.12,-110.29,14.5339,19.4928,9.84515,5.0056,3.72361,-8.40617,-108.73,3.38007,19.3936,3003.17,9.4542,3.26581,1.81651,1.0,LLLVLLLAALFLLLTSLLILI,0.2110847323874806,0.0951231775256466,L,99999900.0,-23.9699999999998,0.022500000000007958,-1.2949999999999875,777.4000000000001,-0.030833547723179568,2.894262927708767e-05,-0.001665809107280663,-0.03246874196038075
LVLLIALLFTLLSYL,WT,LLLLVLLIALLFILLSYLILI,clash,,,,LLLLVLLIALLFTLLSYLILI_0,1.1001100110011e+17,1.0,-74.1091,-74.1091,-74.1091,-242.073,-231.459,-248.992,-367.1,4630.41,3885.57,3799.41,-25.2388,-14.6422,-76.1567,-76.174,-43.9988,-37.0504,105.471,-42.793,8.55213,6.2961,6.37816,-14.9629,-41.3452,86.0588,-44.4358,-381.742,8.523,4.31972,4.1106,0.0,LLLLVLLIALLFTLLSYLILI,0.34021517642035,0.0433052115284793,R,99999900.0,-32.1579,0.0,6.918999999999983,744.8399999999997,-0.043174238762687306,0.0,0.009289243327426006,-0.03388486117823964
LSYLLAVLATLLLIL,Mutant,,void,8.0,LLLLSYLLFVLATLLLILILI,0.0067462533701759,LLLLSYLLAVLATLLLILILI_1,1.1001100110011e+17,1.0,-67.8615,-67.7625,-58.8946,-229.078,-218.881,-243.491,-361.332,4552.38,3684.66,3556.95,-25.2302,411.754,-89.6229,337.065,-58.9467,-52.7264,87.6977,16.4511,9.42617,6.24816,6.06363,393.672,-60.4364,62.9803,18.0,45.8749,8.8114,4.0678,3.5125,1.0,LLLLSYLLAVLATLLLILILI,0.4951235945333418,0.0662960208810108,L,99999900.0,-30.6762,-8.96690000000001,14.413000000000011,867.7200000000003,-0.03535264831973447,-0.010333863458258432,0.016610196837689585,-0.02907643018485225
LYLLVTLLALLFILL,WT,LLLLYLLVILLALLFILLILI,clash,,,,LLLLYLLVTLLALLFILLILI_0,1.1001100110011e+17,1.0,-55.2527,-50.7781,-58.8556,-247.593,-227.794,-249.429,-362.869,4701.46,3747.47,3743.42,-25.2193,106.266,-85.2425,21.969,-54.5848,-71.5918,68.2409,15.0607,10.1952,6.4513,5.97491,99.4596,-64.0373,57.892,18.4788,-256.603,9.391,3.92102,3.2894,0.0,LLLLYLLVTLLALLFILLILI,0.2366731411894624,0.0347348818638738,L,99999900.0,-30.657700000000006,3.6029000000000053,1.8360000000000127,953.9900000000002,-0.032136290736800174,0.0037766643256218666,0.0019245484753509076,-0.02643560205033595
AVLLALLLGTLLGFL,Mutant,,void,3.0,LLLYVLLALLLGTLLGFLILI,-0.0974169233477759,LLLAVLLALLLGTLLGFLILI_2,1.1001100110011e+17,1.0,-62.3994,-60.4603,-58.7232,-222.037,-223.693,-234.433,-343.658,4478.69,3638.64,3497.59,-25.2061,-18.6232,-84.4272,-78.1277,-50.5012,-72.8993,37.138,-42.0213,6.75325,2.44853,1.5056,-20.1114,-71.1719,34.5088,-41.0473,-363.657,6.9662,1.83447,0.852102,2.0,LLLAVLLALLLGTLLGFLILI,0.3052316677792197,0.0129420034395316,G,99999900.0,-33.926,-3.6762000000000015,12.395999999999987,840.0499999999997,-0.04038569132789716,-0.004376168085233025,0.014756264508064986,-0.03000547586453188
VALLALLLGTLLIFL,Mutant,,clash,15.0,LLLVALLALLLGTLLSFLILI,-0.0308517291083593,LLLVALLALLLGTLLIFLILI_0,1.1001100110011e+17,1.0,-58.8078,-62.1146,-58.8078,-235.285,-224.328,-239.384,-355.997,4579.43,3772.51,3544.41,-25.1957,41.7817,-87.1001,-27.7729,-57.8051,-59.1118,75.5301,-43.2464,7.34456,5.56334,5.19629,26.8329,-68.1464,52.7276,-38.529,-314.215,6.6534,3.84019,3.1311,0.0,LLLVALLALLLGTLLIFLILI,0.3439322035669956,0.1190536375518856,G,99999900.0,-29.294999999999995,0.0,4.0989999999999895,806.9200000000001,-0.03630471422197987,0.0,0.005079809646557266,-0.031224532791354776
YSLLIALLAVLLTLL,Mutant,,void,11.0,LLLYSLLIALLFVLLTLLILI,-0.1732143486155117,LLLYSLLIALLAVLLTLLILI_0,1.1001100110011e+17,1.0,-70.217,-62.09,-58.8796,-233.166,-228.526,-248.421,-365.198,4656.73,3876.27,3825.7,-25.1879,-21.788,-87.0031,-96.3702,-57.8979,-57.3317,89.1584,-47.7873,8.26764,7.13615,6.97352,-22.3506,-52.9619,83.5681,-45.0,-386.986,8.1807,5.72598,5.4795,0.0,LLLYSLLIALLAVLLTLLILI,0.4567912115504608,0.0706297331098428,R,99999900.0,-29.105200000000004,-11.337399999999995,15.254999999999995,780.4599999999996,-0.03729236604054022,-0.014526561258744845,0.019546165082131056,-0.03227314660584785
SYLLIILLAFLLTLL,Mutant,,clash,7.0,LLLSYLLTILLAFLLTLLILI,0.2181791280260159,LLLSYLLIILLAFLLTLLILI_0,1.1001100110011e+17,1.0,-76.9758,-76.046,-58.8008,-239.095,-237.694,-258.486,-366.064,4713.03,3832.68,3743.76,-25.1848,-13.6802,-75.178,-66.0041,-48.777,-71.7899,54.7774,-43.1198,8.39494,4.66344,3.9851,-9.547,-70.0938,55.5169,-41.2219,-379.744,8.0,4.50885,3.8416,0.0,LLLSYLLIILLAFLLTLLILI,0.2744766231437328,0.0545687759292386,R,99999900.0,-26.400999999999996,-18.175000000000004,19.39099999999999,880.3499999999999,-0.029989208837394216,-0.020645197932640434,0.022026466746180487,-0.0286077128414835
YVLLATLLAFLLSAL,Mutant,,void,16.0,LLLYVLLATLLAFLLSLLILI,-0.0140538984112993,LLLYVLLATLLAFLLSALILI_1,1.1001100110011e+17,1.0,-73.7489,-74.1376,-74.1003,-236.817,-234.117,-245.496,-352.003,4615.93,3824.46,3774.51,-25.1667,-20.7978,-66.6031,-64.546,-32.406,-77.349,58.6682,-36.5149,8.25476,6.02256,5.40259,-15.4864,-66.8884,60.5156,-36.0695,-367.455,8.5071,4.70287,4.1106,1.0,LLLYVLLATLLAFLLSALILI,0.3103217986074821,0.0321881423622266,R,99999900.0,-34.1971,0.35139999999999816,8.679000000000002,791.4700000000003,-0.043207070388012164,0.0004439839791779828,0.010965671472070955,-0.031797414936763226
LFWLLIILVALLLSL,Mutant,,clash,8.0,LLLLFWLLTILVALLLSLILI,0.1250044189709262,LLLLFWLLIILVALLLSLILI_2,1.1001100110011e+17,1.0,-60.4018,-60.4018,-60.4018,-246.346,-232.947,-250.095,-369.598,4673.48,3786.88,3724.64,-25.1493,-4.41958,-87.9995,-80.6683,-59.1013,-4.61915,114.243,24.8701,9.94161,2.61569,2.82934,-5.99759,-9.3919,97.4601,25.3594,-381.647,9.3474,1.0659,1.0278,2.0,LLLLFWLLIILVALLLSLILI,0.4106869703914653,0.0086860322624736,L,99999900.0,-28.898199999999996,0.0,3.7489999999999952,886.5999999999995,-0.03259440559440561,0.0,0.004228513422061806,-0.028366004962779173
LYLLLAILAVLLSTL,Mutant,,void,8.0,LLLLYLLLFILAVLLSTLILI,-0.0051051093878379,LLLLYLLLAILAVLLSTLILI_0,1.1001100110011e+17,1.0,-74.1493,-74.1493,-74.1493,-236.545,-221.91,-243.048,-374.845,4515.83,3623.24,3656.49,-25.1396,-7.82195,-89.2904,-86.6078,-57.6479,-50.8283,89.8141,23.2888,9.56443,6.24914,6.09635,-6.99592,-56.6384,70.3623,26.5287,-382.667,9.5,4.49467,4.0501,0.0,LLLLYLLLAILAVLLSTLILI,0.2500235427458308,0.0527742328416299,L,99999900.0,-31.642500000000005,0.0,6.503000000000014,892.5900000000001,-0.03545020670184519,0.0,0.007285539833518204,-0.02816477890184743
SYLLFILLALLLSIL,Mutant,,clash,8.0,LLLSYLLFTLLALLLSILILI,0.096490430113879,LLLSYLLFILLALLLSILILI_2,1.1001100110011e+17,1.0,-78.5557,-68.7001,-60.406,-238.657,-235.729,-257.227,-373.301,4646.14,3784.18,3762.73,-25.1293,-5.08022,-81.2178,-73.9516,-55.6682,-67.4987,57.0449,-44.846,9.05764,4.32587,3.68155,-3.7607,-60.6676,60.7317,-42.8454,-370.515,8.4997,3.79892,3.2099,2.0,LLLSYLLFILLALLLSILILI,0.4124408827425499,0.0420176048527826,R,99999900.0,-25.549599999999998,-18.149700000000003,18.569999999999965,861.9600000000005,-0.029641282658127967,-0.02105631351802867,0.021543923151886347,-0.02915367302427025
LWTLIALLLVLASLL,Mutant,,void,14.0,LLLLWTLIALLLVLFSLLILI,-0.0701052487113569,LLLLWTLIALLLVLASLLILI_2,1.1001100110011e+17,1.0,-60.4594,-60.3808,-60.4594,-235.252,-225.349,-245.696,-376.441,4599.15,3627.82,3622.55,-25.1193,-16.4506,-105.849,-107.161,-70.2856,-57.1777,80.6139,16.0417,9.58322,5.95954,5.66874,-13.1312,-61.6036,59.611,18.0,-389.853,9.2414,3.78803,3.1822,2.0,LLLLWTLIALLLVLASLLILI,0.4212549941089516,0.027256944827374,L,99999900.0,-35.5634,0.0,10.443999999999988,971.3299999999995,-0.036613097505482195,0.0,0.01075226750949728,-0.02586072704436187
YSLLVALLFALLTAL,Mutant,,void,16.0,LLLYSLLVALLFALLTLLILI,0.0659755283031234,LLLYSLLVALLFALLTALILI_2,1.1001100110011e+17,1.0,-71.079,-51.5659,-58.8685,-234.928,-228.629,-246.085,-337.354,4704.44,3956.55,3794.28,-25.1086,45942.2,-56.455,45885.0,-32.3999,-42.2535,85.3562,-48.2815,8.87811,4.36111,4.14145,39388.2,-40.2159,66.0014,-36.8044,45574.1,8.4291,1.44258,0.932602,2.0,LLLYSLLVALLFALLTALILI,0.314888647748121,0.0347403711143186,R,99999900.0,-24.055099999999996,-12.210499999999996,11.15700000000001,747.8899999999994,-0.032163954592252894,-0.016326598831378953,0.014917969220072496,-0.03357258420355937
LLALTALLFVLLSLL,Mutant,,void,5.0,LLLLLILTALLFVLLSLLILI,0.0153501177085431,LLLLLALTALLFVLLSLLILI_1,1.1001100110011e+17,1.0,-74.228,-74.2215,-74.228,-234.029,-225.1,-240.716,-310.06,4598.05,3637.71,3695.31,-25.1019,597.578,-26.905,586.84,4.88399,-55.3009,66.5011,22.9049,8.93835,3.77279,3.2703,-7.5309,-60.6627,45.9066,21.8615,-317.621,9.0485,1.7968,0.985399,1.0,LLLLLALTALLFVLLSLLILI,0.4163508370920633,0.0329208756873815,L,99999900.0,-31.788990000000002,0.0,6.687000000000012,960.3400000000001,-0.033101807693108685,0.0,0.006963158881229576,-0.026138555095070494
LAVLLALLAILLSTL,Mutant,,void,11.0,LLLLAVLLALLLILLSTLILI,-0.122564710660436,LLLLAVLLALLAILLSTLILI_1,1.1001100110011e+17,1.0,-74.1912,-74.1912,-74.1912,-229.795,-227.961,-237.135,-380.048,4467.02,3643.78,3765.18,-25.0754,2.43561,-101.137,-75.4597,-68.722,-48.8123,81.7672,17.7744,8.74999,4.86042,4.58693,-5.30992,-59.2256,60.857,18.0467,-385.704,9.5,3.59954,3.0124,1.0,LLLLAVLLALLAILLSTLILI,0.3614995145807011,0.0286350801086368,L,99999900.0,-32.415000000000006,0.0,7.340000000000003,823.2400000000002,-0.03937490889655507,0.0,0.008915990476653226,-0.03045940430494144
LYVLLALLFTLISLL,WT,LLLLYVLLALLFTLIILLILI,clash,,,,LLLLYVLLALLFTLISLLILI_0,1.1001100110011e+17,1.0,-74.1064,-70.4906,-74.1064,-237.317,-218.587,-248.153,-367.412,4572.91,3691.14,3654.91,-25.0646,-7.27242,-81.0531,-85.6076,-45.1526,-48.8727,100.391,19.8134,9.76682,7.38365,7.38951,-5.29076,-51.6346,81.3081,19.4931,-374.685,9.3325,5.22178,4.9414,0.0,LLLLYVLLALLFTLISLLILI,0.2145724364996268,0.0740233154277704,L,99999900.0,-35.9005,0.0,10.835999999999984,881.77,-0.0407141318030779,0.0,0.012288918879072757,-0.028425326332263516
YLLLGALLAFLLSTL,WT,LLLYLLLGALLIFLLSTLILI,clash,,,,LLLYLLLGALLAFLLSTLILI_0,1.1001100110011e+17,1.0,-74.6746,-75.4661,-74.0462,-230.061,-221.931,-245.215,-355.02,4624.31,3790.15,3709.56,-25.0501,-13.8429,-75.3339,-71.4655,-35.7582,-77.654,66.9831,-42.4094,7.35468,7.19083,6.69557,-13.9425,-74.4436,60.1664,-43.4591,-368.862,7.3574,5.789,5.1915,0.0,LLLYLLLGALLAFLLSTLILI,0.1933392809213046,0.0216575803903022,G,99999900.0,-39.5757,-0.6283999999999992,15.153999999999996,834.1600000000003,-0.04744377577443174,-0.000753332693967583,0.018166778555672763,-0.030030329912726566
YTLLISLLVALLFLL,WT,LLLYTLLISLLVILLFLLILI,clash,,,,LLLYTLLISLLVALLFLLILI_2,1.1001100110011e+17,1.0,-74.0797,-67.0531,-60.371,-237.09,-237.295,-253.467,-359.801,4738.41,3700.81,3820.69,-25.0499,-22.0747,-73.6804,-77.5275,-45.9623,-48.2701,71.1296,-39.1466,7.91612,3.34301,2.90995,-20.906,-44.4091,69.9249,-39.3612,-381.288,8.0528,2.60123,2.1501,2.0,LLLYTLLISLLVALLFLLILI,0.2548757024216391,0.0722458518664636,R,99999900.0,-27.718100000000007,-13.7087,16.37700000000001,1037.6,-0.026713666152659993,-0.013211931380107943,0.01578353893600618,-0.02414215497301465
YTLLVSLLALLLAFL,WT,LLLYTLLVSLLILLLAFLILI,clash,,,,LLLYTLLVSLLALLLAFLILI_1,1.1001100110011e+17,1.0,-74.5182,-60.3815,-60.3815,-236.961,-233.462,-249.909,-356.565,4676.01,4009.42,3763.39,-25.0478,22676.5,-70.1343,22613.8,-46.2745,-53.0871,79.0049,-46.3409,9.09067,5.12872,4.81379,14475.3,-52.2356,60.4157,-36.0527,22310.6,8.7567,2.49146,1.8977,1.0,LLLYTLLVSLLALLLAFLILI,0.3173539585360685,0.0533016732178161,R,99999900.0,-23.859799999999993,-14.13669999999999,12.947999999999979,666.5900000000001,-0.0357938162888732,-0.02120748886121902,0.019424233786885455,-0.03757602124244287
YVLLFLLLGALLGTL,WT,LLLYVLLFALLGALLGTLILI,void,,,,LLLYVLLFLLLGALLGTLILI_2,1.1001100110011e+17,1.0,-63.7157,-70.5456,-58.7437,-225.461,-219.991,-244.948,-340.981,4619.64,3910.04,3724.47,-25.0459,-10.2027,-76.8503,-60.6474,-37.2894,-50.5164,54.6065,-48.0498,6.43778,1.44933,0.768431,-6.37181,-41.6132,59.4908,-39.8529,-351.184,6.5091,0.773238,0.1656,2.0,LLLYVLLFLLLGALLGTLILI,0.1834256604069456,0.0441685336413894,G,99999900.0,-39.560900000000004,-4.972000000000001,19.486999999999995,709.6000000000004,-0.05575098647125139,-0.007006764374295376,0.02746195039458848,-0.035295800450958266
LAVLLFLLAILTSLL,Mutant,,void,4.0,LLLLWVLLFLLAILTSLLILI,-0.0159720486227284,LLLLAVLLFLLAILTSLLILI_0,1.1001100110011e+17,1.0,-74.2441,-74.3808,-74.2268,-234.946,-217.472,-242.652,-372.66,4539.76,3606.59,3635.02,-25.0189,-0.521138,-88.4888,-81.3286,-55.7814,-53.9583,80.8832,16.1864,8.69274,5.51297,5.22621,0.846887,-59.9714,54.2759,21.2659,-373.181,9.1374,2.82296,2.1371,0.0,LLLLAVLLFLLAILTSLLILI,0.163761092228452,0.0465126340626439,L,99999900.0,-32.7074,-0.017300000000005866,7.705999999999989,933.1700000000001,-0.035049776568042264,-1.8538958603476177e-05,0.008257873699325942,-0.026810656150540627
SYLLFVLLALLLATL,WT,LLLSYLLFILLALLLATLILI,clash,,,,LLLSYLLFVLLALLLATLILI_1,1.1001100110011e+17,1.0,-77.8533,-76.3087,-58.8379,-233.932,-229.863,-253.23,-358.925,4644.54,3722.18,3757.4,-25.0117,-18.995,-72.1514,-71.7478,-46.8571,-64.5561,51.2694,-44.5356,8.4982,3.10478,2.37382,-20.4613,-62.3589,45.8824,-44.1628,-379.629,8.2562,2.04796,1.2362,1.0,LLLSYLLFVLLALLLATLILI,0.3451460984990679,0.0244182168101506,R,99999900.0,-25.294299999999993,-19.015400000000007,19.298000000000002,922.3600000000001,-0.027423457218439643,-0.020616028448761876,0.020922416410078495,-0.02711706925712303
AVLLAILLTLLLSFL,Mutant,,void,3.0,LLLYVLLAILLTLLLSFLILI,-0.1324859517137194,LLLAVLLAILLTLLLSFLILI_0,1.1001100110011e+17,1.0,-71.5721,-71.6347,-74.2519,-240.462,-230.73,-242.962,-374.666,4514.55,3871.06,3770.65,-24.9571,-15.3782,-87.5891,-87.679,-57.4513,-70.458,68.8982,-33.9356,8.53077,6.36995,5.90342,-15.4481,-76.3191,47.1656,-35.0895,-390.044,8.6159,4.31522,3.5227,0.0,LLLAVLLAILLTLLLSFLILI,0.4037014361445472,0.0222875022120855,R,99999900.0,-30.1378,2.6798,2.5,643.4900000000002,-0.04683491584950813,0.00416447808046745,0.0038850642589628418,-0.038783974886944614
LVLLLAALTFLLSLL,Mutant,,void,9.0,LLLLVLLLAILTFLLSLLILI,-0.0001463143219068,LLLLVLLLAALTFLLSLLILI_2,1.1001100110011e+17,1.0,-74.2052,-71.0528,-74.1833,-241.062,-227.768,-242.33,-351.182,4585.66,3721.34,3624.39,-24.9409,-10.6194,-60.8562,-62.9805,-34.6687,-11.8822,112.059,24.4364,10.0282,3.4103,3.59119,-7.9218,-9.83843,94.7849,23.2579,-359.622,9.3793,0.771727,0.693501,2.0,LLLLVLLLAALTFLLSLLILI,0.4337588883486209,0.0472525444514596,L,99999900.0,-26.1875,-0.02190000000000225,1.2680000000000007,864.3199999999997,-0.03029838485746021,-2.5337837837840452e-05,0.001467049241021845,-0.028856094964827852
LAYLLALLFLLTSLL,WT,LLLLIYLLALLFLLTSLLILI,clash,,,,LLLLAYLLALLFLLTSLLILI_1,1.1001100110011e+17,1.0,-74.2126,-74.1572,-74.1866,-229.739,-221.256,-244.529,-365.601,4661.98,3524.63,3519.48,-24.9152,461.895,-86.5647,391.707,-46.8855,-55.607,56.9729,20.6298,8.70341,2.5324,1.887,461.3,-61.6131,39.1869,24.371,95.2772,8.5022,1.0322,0.120004,1.0,LLLLAYLLALLFLLTSLLILI,0.353496151487997,0.0477962153621118,L,99999900.0,-39.6792,-0.02599999999999625,14.789999999999992,1137.3499999999995,-0.034887413724886816,-2.286015738338793e-05,0.013003912603859849,-0.02190636127841035
TYLLFVLLAILLSLL,WT,LLLTYLLFVLLIILLSLLILI,clash,,,,LLLTYLLFVLLAILLSLLILI_2,1.1001100110011e+17,1.0,-76.099,-68.3494,-60.3872,-235.796,-237.792,-253.512,-361.745,4644.39,3784.7,3805.41,-24.886,-21.7478,-74.736,-77.3514,-47.8456,-64.736,64.9119,-42.9579,8.68327,4.97351,4.44719,-20.9126,-66.1502,63.0091,-42.2689,-383.992,8.387,4.92876,4.3739,2.0,LLLTYLLFVLLAILLSLLILI,0.2972114468301829,0.0817806640270955,R,99999900.0,-26.890400000000007,-15.711800000000004,17.716000000000008,859.6900000000005,-0.031279182030731996,-0.01827612278844699,0.020607428259023598,-0.028947643918156525
YALLVALLFTLLSLL,WT,LLLYALLVALLFILLSLLILI,clash,,,,LLLYALLVALLFTLLSLLILI_2,1.1001100110011e+17,1.0,-74.079,-74.079,-74.079,-242.866,-239.923,-250.048,-360.574,4681.76,3934.71,3835.75,-24.8838,5.85819,-68.5128,-40.7141,-36.4469,-46.9636,89.2391,-42.3636,8.49797,5.59182,5.43041,-14.2547,-35.5651,88.7149,-39.2404,-375.734,9.0,3.81128,3.642,2.0,LLLYALLVALLFTLLSLLILI,0.2571721715333402,0.0243017382181702,R,99999900.0,-32.0659,0.0,7.181999999999988,747.0500000000002,-0.042923365236597275,0.0,0.00961381433638978,-0.03330941704035874
LYALLAILTVLLSLL,Mutant,,void,5.0,LLLLYLLLAILTVLLSLLILI,-0.0740448993802992,LLLLYALLAILTVLLSLLILI_1,1.1001100110011e+17,1.0,-74.3114,-74.3114,-74.3114,-240.286,-238.807,-243.358,-375.619,4575.67,3740.99,3695.92,-24.878,-4.19084,-85.9,-66.6918,-57.9494,-44.6413,95.8243,18.508,9.65154,6.13247,6.06984,-4.15827,-41.0172,86.6948,19.8286,-373.632,9.5,4.35638,4.1568,1.0,LLLLYALLAILTVLLSLLILI,0.3428160546073535,0.012746936421435,L,99999900.0,-27.95060000000001,0.0,3.0720000000000027,834.6800000000003,-0.03348660564527723,0.0,0.003680452388939476,-0.029805434417980534
LLLLTALLIFLVSLL,WT,LLLLLLLTALLIFLVILLILI,clash,,,,LLLLLLLTALLIFLVSLLILI_2,1.1001100110011e+17,1.0,-74.0547,-73.9712,-74.1002,-241.031,-230.26,-245.512,-382.456,4620.61,3715.88,3652.86,-24.8585,-13.6378,-92.2282,-91.8625,-62.8438,-49.6443,70.6512,18.5585,9.53336,3.48456,3.04433,-11.991,-51.3244,56.7456,20.2059,-393.992,9.3834,1.85932,1.2105,2.0,LLLLLLLTALLIFLVSLLILI,0.2610459372489014,0.0706169220608776,L,99999900.0,-29.3844,0.04550000000000409,4.4809999999999945,904.7299999999996,-0.03247864003625393,5.029124711240272e-05,0.004952858863970463,-0.02747615310645166
ASLLLALLFVLLYTL,WT,LLLASLLLALLFILLYTLILI,clash,,,,LLLASLLLALLFVLLYTLILI_0,1.1001100110011e+17,1.0,-70.6209,-70.8534,-58.8922,-229.015,-228.475,-250.113,-355.823,4623.95,3742.21,3707.75,-24.8463,-24.2555,-81.0334,-80.7501,-46.8182,-56.0867,84.3869,-37.3554,8.16564,6.30524,6.07104,-22.4623,-56.0784,83.297,-37.0432,-380.079,8.1857,6.15685,5.9063,0.0,LLLASLLLALLFVLLYTLILI,0.3621230778992632,0.0455211668521211,R,99999900.0,-34.2152,-11.728700000000003,21.098000000000013,881.7399999999998,-0.03880418263887315,-0.013301766960782098,0.023927688434232333,-0.028178714813890723
LALLLLVLAILLSTL,Mutant,,void,4.0,LLLLFLLLLVLAILLSTLILI,-0.2613667921540995,LLLLALLLLVLAILLSTLILI_1,1.1001100110011e+17,1.0,-74.314,-74.1979,-74.1979,-232.676,-226.716,-241.561,-389.4,4539.78,3652.62,3689.48,-24.8348,-12.9869,-107.245,-101.473,-73.6404,-51.4511,81.7767,27.8043,8.92141,5.25752,4.98418,-11.4253,-57.7764,67.2616,24.5839,-401.011,9.4846,4.24678,3.7557,1.0,LLLLALLLLVLAILLSTLILI,0.3915191350502896,0.0599637367026632,L,99999900.0,-33.604600000000005,-0.11609999999998877,8.88500000000002,887.1599999999999,-0.037878849362009116,-0.0001308670363857577,0.010015104378015264,-0.027993597547229368
LYVLLILLFTLISLL,Mutant,,clash,8.0,LLLLYVLLALLFTLISLLILI,-0.036828360666275,LLLLYVLLILLFTLISLLILI_1,1.1001100110011e+17,1.0,-74.1064,-66.8749,-74.1064,-244.569,-234.171,-252.283,-374.94,4601.1,3685.08,3632.8,-24.8287,67.1858,-81.0935,-6.70819,-48.5505,-57.2785,95.9163,19.9726,10.4649,8.04048,7.97922,69.601,-51.6346,81.3081,19.4931,-305.81,9.3325,5.22178,4.9414,1.0,LLLLYVLLILLFTLISLLILI,0.2514007971659021,0.0535089129675457,L,99999900.0,-32.543000000000006,0.0,7.713999999999999,916.0200000000004,-0.035526516888277536,0.0,0.008421213510622033,-0.027104975873889204
LALLLAILTVLLSLL,Mutant,,void,4.0,LLLLYLLLAILTVLLSLLILI,-0.2485356489733942,LLLLALLLAILTVLLSLLILI_0,1.1001100110011e+17,1.0,-70.6128,-74.3114,-74.3114,-238.88,-224.994,-241.397,-389.525,4515.71,3675.26,3700.38,-24.8242,3.86271,-104.856,-86.3564,-73.8166,-43.8756,96.9803,19.7834,9.27537,6.17368,6.12838,-2.74766,-41.0172,86.6948,19.8286,-385.662,9.5,4.35638,4.1568,0.0,LLLLALLLAILTVLLSLLILI,0.5173068042004493,0.0807542074456875,L,99999900.0,-31.0394,3.698600000000013,2.516999999999996,840.4499999999998,-0.03693188173002559,0.004400737700041661,0.0029948242013207167,-0.02953679576417396
LFLLLLVLIILLSTL,Mutant,,clash,11.0,LLLLFLLLLVLAILLSTLILI,-0.0776071571685591,LLLLFLLLLVLIILLSTLILI_0,1.1001100110011e+17,1.0,-74.3513,-74.1979,-74.1979,-242.794,-229.218,-250.058,-386.788,4660.72,3678.64,3626.37,-24.8,199.512,-94.4427,116.14,-62.5317,-49.1139,83.8302,24.7107,10.2366,5.18415,4.9416,94.0802,-57.7764,67.2616,24.5839,-187.276,9.4846,4.24678,3.7557,0.0,LLLLFLLLLVLIILLSTLILI,0.2077595000647483,0.0753094808618042,L,99999900.0,-31.911,-0.15339999999999065,7.263999999999982,982.0800000000004,-0.03249327956989246,-0.00015619908765069097,0.007396546106223504,-0.025252525252525245
YVLLALLLGTLLGAL,Mutant,,void,16.0,LLLYVLLALLLGTLLGFLILI,-0.0756727525560461,LLLYVLLALLLGTLLGALILI_0,1.1001100110011e+17,1.0,-58.7232,-59.711,-58.7232,-232.417,-223.03,-240.099,-348.082,4573.91,3680.19,3634.85,-24.7661,-19.1873,-81.7082,-84.5287,-49.2597,-67.9131,51.8122,-41.4434,7.03817,3.68161,2.9588,-19.3456,-71.1719,34.5088,-41.0473,-367.27,6.9662,1.83447,0.852102,0.0,LLLYVLLALLLGTLLGALILI,0.2792171116756041,0.0798019535274538,G,99999900.0,-32.4485,0.0,7.681999999999988,893.7199999999998,-0.03630723269032808,0.0,0.008595533276641441,-0.027711251846215826
LAVLTLLLAILFSLL,Mutant,,void,4.0,LLLLLVLTLLLAILFSLLILI,-0.0213999606161007,LLLLAVLTLLLAILFSLLILI_2,1.1001100110011e+17,1.0,-74.2426,-74.2426,-74.2426,-242.54,-236.708,-242.682,-372.605,4545.63,3725.44,3690.8,-24.7328,-22.0387,-80.5555,-83.6929,-55.6798,-54.0561,65.1209,26.6632,9.46386,3.39974,2.87656,-14.1117,-58.1024,48.2056,26.441,-386.791,9.3786,1.72312,0.946204,2.0,LLLLAVLTLLLAILFSLLILI,0.2913941244185875,0.0554060718844868,L,99999900.0,-24.875699999999995,0.0,0.1419999999999959,820.19,-0.03032919201648398,0.0,0.0001731306160767577,-0.030154964093685607
TSLLLGLLFALLAYL,WT,LLLTSLLLGLLFILLAYLILI,clash,,,,LLLTSLLLGLLFALLAYLILI_1,1.1001100110011e+17,1.0,-59.6874,-60.0854,-44.9453,-230.963,-227.518,-252.168,-345.666,4605.82,3735.17,3614.36,-24.7309,11715.5,-79.7461,11657.4,-48.5523,-39.6426,75.7982,-42.8622,7.44851,2.67915,2.31612,8387.79,-40.0595,64.5531,-38.0126,11299.5,7.2779,1.2236,0.691897,1.0,LLLTSLLLGLLFALLAYLILI,0.2366435305804432,0.0934876320029112,G,99999900.0,-31.193799999999996,-14.742099999999994,21.205000000000013,870.6499999999996,-0.03582817435249527,-0.016932291965772697,0.02435536668006664,-0.028405099638201353
LSLLFALLIALLVTL,WT,LLLLSLLFILLIALLVTLILI,clash,,,,LLLLSLLFALLIALLVTLILI_0,1.1001100110011e+17,1.0,-68.4397,-68.4974,-58.8343,-231.792,-227.871,-241.114,-360.75,4548.36,3799.26,3764.7,-24.7116,-20.4163,-85.2297,-84.7982,-60.8019,-42.3343,80.9026,-34.9032,8.45647,3.772,3.48554,-19.3397,-39.3076,75.987,-35.0,-381.166,8.4047,2.65439,2.2942,0.0,LLLLSLLFALLIALLVTLILI,0.294636763611824,0.0186970190765579,R,99999900.0,-24.42779999999999,-9.605400000000003,9.322000000000003,749.0999999999995,-0.032609531437725284,-0.012822587104525444,0.012444266453077038,-0.032988386063275955
LVALLAILTLLLSFL,Mutant,,void,8.0,LLLLVALLLILTLLLSFLILI,-0.1397625713257936,LLLLVALLAILTLLLSFLILI_2,1.1001100110011e+17,1.0,-67.162,-70.6735,-74.258,-243.926,-243.449,-242.49,-372.808,4528.65,3817.48,3704.24,-24.7006,-21.7478,-86.4201,-80.433,-56.06,-13.0663,96.9654,17.6322,9.77473,1.55028,1.50476,-19.9684,-13.2915,87.7058,22.0356,-392.698,9.5,0.334013,0.149601,2.0,LLLLVALLAILTLLLSFLILI,0.492237873599278,0.0513648109780305,L,99999900.0,-30.360100000000003,7.095999999999989,-1.4359999999999786,711.1699999999996,-0.04269035532994927,0.00997792370319332,-0.0020192077843553292,-0.03473234247788857
YALLLSLLFTLLVIL,WT,LLLYALLLSLLFILLVILILI,clash,,,,LLLYALLLSLLFTLLVILILI_0,1.1001100110011e+17,1.0,-74.2813,-74.2813,-74.2518,-246.207,-236.272,-254.037,-371.342,4690.52,3897.57,3845.98,-24.6748,-11.4863,-75.5293,-72.2758,-43.0539,-29.3041,118.711,-39.6409,8.08504,6.92166,7.20233,-11.604,-37.8755,89.3251,-37.8325,-382.829,8.5522,4.24022,4.0801,0.0,LLLYALLLSLLFTLLVILILI,0.2596985398749345,0.0613263316193431,R,99999900.0,-32.47540000000001,-0.02949999999999875,7.8300000000000125,792.9500000000003,-0.04095516741282552,-3.720285011665141e-05,0.009874519200454013,-0.03111772495113184
LSYLLFVLITLLLIL,Mutant,,clash,11.0,LLLLSYLLFVLATLLLILILI,0.1403597262972672,LLLLSYLLFVLITLLLILILI_0,1.1001100110011e+17,1.0,-65.9152,-63.9318,-58.8946,-246.453,-224.029,-252.507,-362.93,4655.31,3787.72,3500.26,-24.673,84443.6,-75.2346,84368.6,-51.5284,-61.9318,85.7037,11.9789,10.1353,7.35976,7.14532,48928.6,-60.4364,62.9803,18.0,84080.7,8.8114,4.0678,3.5125,0.0,LLLLSYLLFVLITLLLILILI,0.3615101216062501,0.0432584637887706,L,99999900.0,-23.706200000000003,-7.020600000000002,6.054000000000002,867.5900000000006,-0.02732419691328852,-0.008092071139593583,0.006977950414366231,-0.0284385481621503
YTLLVLLLAFLLIIL,Mutant,,clash,15.0,LLLYTLLVLLLAFLLSILILI,0.0764118141994248,LLLYTLLVLLLAFLLIILILI_2,1.1001100110011e+17,1.0,-62.8868,-62.3236,-45.1009,-239.877,-233.489,-255.425,-356.05,4744.64,4103.63,3752.56,-24.6715,339.135,-77.9581,278.897,-55.5241,-73.132,51.7248,-51.2112,8.65373,4.45264,3.72851,292.501,-67.6029,45.1857,-45.0,-16.9151,8.6947,2.74051,1.9183,2.0,LLLYTLLVLLLAFLLIILILI,0.2338127566816185,0.0283753451338222,R,99999900.0,-22.434000000000005,-17.785899999999998,15.548000000000002,641.0100000000002,-0.034997893948612344,-0.027746681019016853,0.02425547183351273,-0.038488479118890494
TYLLALLLGVLLGSL,WT,LLLTYLLALLLIVLLGSLILI,clash,,,,LLLTYLLALLLGVLLGSLILI_2,1.1001100110011e+17,1.0,-70.8343,-65.4912,-60.2923,-226.841,-228.499,-245.168,-361.295,4571.74,3602.14,3505.81,-24.6589,28621.0,-88.2779,28553.7,-55.8342,-66.7231,46.6526,-44.9641,7.02849,2.80656,2.00635,19955.4,-59.4498,45.2469,-38.8459,28246.4,6.6517,1.5258,0.704503,2.0,LLLTYLLALLLGVLLGSLILI,0.8791186692608802,0.0730084270855575,G,99999900.0,-32.4437,-10.542000000000002,18.326999999999998,969.5999999999999,-0.03346091171617162,-0.01087252475247525,0.01890160891089109,-0.02543203382838284
SYLLFILLALLLATL,Mutant,,clash,8.0,LLLSYLLFVLLALLLATLILI,0.100799001517174,LLLSYLLFILLALLLATLILI_2,1.1001100110011e+17,1.0,-77.1839,-76.193,-58.8379,-235.543,-233.834,-254.508,-362.531,4635.94,3778.65,3726.78,-24.648,-18.7272,-74.4525,-71.2309,-49.185,-65.81,49.4567,-46.0434,8.64621,3.04816,2.29001,-19.3796,-62.3589,45.8824,-44.1628,-382.021,8.2562,2.04796,1.2362,2.0,LLLSYLLFILLALLLATLILI,0.2443470969818936,0.0094933177278924,R,99999900.0,-25.2675,-18.345999999999997,18.965000000000003,857.2899999999995,-0.029473690349823296,-0.02139999300120147,0.022122035717201897,-0.028751064400611245
AFLLAVLLGLLLGSL,Mutant,,void,3.0,LLLYFLLAVLLGLLLGSLILI,-0.3634220442746695,LLLAFLLAVLLGLLLGSLILI_0,1.1001100110011e+17,1.0,-64.1054,-62.1583,-60.2613,-218.601,-211.599,-233.845,-344.275,4526.56,3534.24,3446.7,-24.6429,-13.0138,-86.2117,-83.5319,-50.1692,-73.5321,44.3659,-38.1225,7.33225,3.5192,2.68469,-12.5624,-72.2097,37.011,-35.0,-357.289,7.3038,2.32794,1.3831,0.0,LLLAFLLAVLLGLLLGSLILI,0.6841783609487839,0.035480504942702,G,99999900.0,-36.0425,-3.8441000000000045,15.244,992.3200000000006,-0.03632144872621732,-0.0038738511770396666,0.015361980006449522,-0.024833622218639134
SALLGVLLGLLLAFL,Mutant,,void,4.0,LLLSYLLGVLLGLLLAFLILI,-0.2458606380835688,LLLSALLGVLLGLLLAFLILI_0,1.1001100110011e+17,1.0,-54.2528,-53.6042,-44.9369,-222.31,-221.463,-243.855,-343.991,4491.9,3687.42,3668.89,-24.6374,-18.1964,-92.0649,-87.1201,-55.1983,-84.2715,49.7052,-45.4653,7.06493,5.85093,5.09651,-18.3221,-83.7533,47.7994,-42.6647,-362.187,7.5,5.51591,4.7329,0.0,LLLSALLGVLLGLLLAFLILI,1.3168778460721553,0.0529327453592747,G,99999900.0,-36.86659999999999,-9.3159,21.544999999999987,804.4799999999996,-0.045826620922832156,-0.01158002684964201,0.026781274860779632,-0.030625248607796356
LYVLLLALTILLASL,Mutant,,void,15.0,LLLLYVLLLALTILLFSLILI,-0.0883812980865882,LLLLYVLLLALTILLASLILI_2,1.1001100110011e+17,1.0,-74.1691,-74.0705,-74.2312,-238.045,-228.116,-242.946,-373.008,4604.49,3738.55,3627.32,-24.618,-11.4013,-85.4121,-82.2228,-55.8304,-56.8322,83.1668,20.9101,9.98787,6.25235,5.99985,-0.507993,-60.6709,65.7431,20.4901,-376.91,9.5,4.47595,3.9621,2.0,LLLLYVLLLALTILLASLILI,0.3181495282986884,0.0291984170434022,L,99999900.0,-29.581699999999998,0.06210000000000093,4.9010000000000105,865.9399999999996,-0.03416137376723562,7.171397556412796e-05,0.0056597454789015554,-0.028429221424117156
YSLLFALLGALLTLL,WT,LLLYSLLFALLGALLILLILI,clash,,,,LLLYSLLFALLGALLTLLILI_0,1.1001100110011e+17,1.0,-62.2456,-65.7597,-58.8315,-230.217,-219.368,-246.009,-344.564,4624.23,3953.6,3700.4,-24.6116,180.647,-76.7128,121.21,-39.7239,-62.892,77.3466,-48.422,7.15863,6.37559,6.03579,148.893,-60.6829,69.0631,-38.9844,-163.918,7.1168,4.92595,4.4619,0.0,LLLYSLLFALLGALLTLLILI,0.3880849169459271,0.0327447404793642,G,99999900.0,-36.9889,-3.414100000000005,15.791999999999973,670.6299999999997,-0.05515545084472812,-0.005090884690514899,0.02354800709780353,-0.03669922311856018
YSLLFTLLVALLILL,WT,LLLYSLLFILLVALLILLILI,clash,,,,LLLYSLLFTLLVALLILLILI_1,1.1001100110011e+17,1.0,-70.4953,-67.2657,-58.8623,-243.446,-239.077,-253.851,-359.188,4712.59,3955.69,3857.63,-24.603,1097.07,-69.8495,1044.22,-46.4745,-46.8875,72.0509,-43.2737,8.70442,3.26,2.84076,920.821,-44.9294,63.8799,-35.0,724.137,8.8327,1.8632,1.3214,1.0,LLLYSLLFTLLVALLILLILI,0.2048660077837003,0.0397491912613485,R,99999900.0,-23.375000000000007,-11.633000000000003,10.405000000000001,756.9000000000001,-0.030882547232131068,-0.01536926938829436,0.013746862201083366,-0.03250495441934205
LFVLTILLALLASLL,Mutant,,void,14.0,LLLLFVLTILLALLYSLLILI,-0.1088521198830286,LLLLFVLTILLALLASLLILI_0,1.1001100110011e+17,1.0,-74.2473,-74.2588,-74.1075,-243.31,-229.46,-242.431,-368.173,4604.72,4015.28,3869.36,-24.5823,-12.1192,-75.1988,-76.5735,-51.6344,-90.9956,26.7886,30.7322,9.58324,3.7658,2.66763,-11.045,-95.3663,8.02833,28.0,-380.293,9.3966,1.88877,0.509195,0.0,LLLLFVLTILLALLASLLILI,0.3370148621468441,0.0643925272472898,L,99999900.0,-23.564400000000006,-0.13979999999999393,-0.8789999999999907,589.44,-0.03997760586319219,-0.00023717426710096688,-0.0014912459283387464,-0.04170449918566775
LYILTFLLAVLLLLL,WT,LLLLYILTFLLAVLLILLILI,clash,,,,LLLLYILTFLLAVLLLLLILI_0,1.1001100110011e+17,1.0,-58.9501,-58.9744,-58.7636,-239.539,-223.56,-250.192,-363.195,4671.3,3707.2,3605.07,-24.5653,1755.4,-89.2711,1674.74,-54.2393,-59.277,62.7513,19.5432,10.5145,3.86298,3.30425,1350.48,-65.639,43.2616,25.0,1392.21,9.3683,2.18617,1.33509,0.0,LLLLYILTFLLAVLLLLLILI,0.3922306885569279,0.0576716460113197,L,99999900.0,-35.031800000000004,-0.18650000000000233,10.65300000000002,964.1000000000004,-0.036336272170936615,-0.00019344466341666037,0.011049683642775662,-0.025480033191577628
SYLLVALLAILLTLL,Mutant,,void,8.0,LLLSYLLVFLLAILLTLLILI,-0.2136594399696461,LLLSYLLVALLAILLTLLILI_0,1.1001100110011e+17,1.0,-73.3923,-64.1653,-58.8692,-230.939,-232.125,-255.35,-374.487,4598.03,3765.81,3847.63,-24.5391,-11.2274,-94.6947,-89.4236,-60.2676,-89.3372,35.8603,-44.119,8.63182,4.74172,3.77962,-11.288,-79.5719,55.1888,-42.772,-385.714,8.8555,5.88627,5.2141,0.0,LLLSYLLVALLAILLTLLILI,0.6114559758744701,0.0751994722734338,R,99999900.0,-34.427099999999996,-14.523100000000007,24.411,832.2199999999998,-0.0413677873639182,-0.017451034582201833,0.029332388070462147,-0.029486313715123412
LYVLAALLTLLFSLL,Mutant,,void,7.0,LLLLYVLIALLTLLFSLLILI,-0.0312948485176507,LLLLYVLAALLTLLFSLLILI_0,1.1001100110011e+17,1.0,-74.3021,-74.2487,-74.3021,-238.726,-217.361,-244.244,-359.886,4585.73,3752.86,3717.42,-24.5036,0.894027,-71.3612,-67.3824,-41.34,-42.1352,106.919,21.6711,9.50854,7.25437,7.35816,0.767363,-43.0836,88.7124,20.2021,-358.992,9.3861,4.93871,4.7694,0.0,LLLLYVLAALLTLLFSLLILI,0.3449670090699353,0.0581017558826733,L,99999900.0,-30.021199999999993,0.0,5.518000000000001,832.8699999999994,-0.03604548128759592,0.0,0.006625283657713694,-0.0294206778969107
YALLFALTSLLLVLL,Mutant,,void,8.0,LLLYALLFLLTSLLLVLLILI,0.1138727854956608,LLLYALLFALTSLLLVLLILI_2,1.1001100110011e+17,1.0,-75.4895,-73.97,-74.2317,-231.092,-223.783,-249.877,-361.526,4675.39,3722.06,3744.91,-24.4806,4.94242,-79.4246,-58.8303,-37.4169,-101.293,48.8978,17.0447,8.7344,8.29517,7.52864,-9.07343,-100.982,34.5253,20.0445,-371.638,8.836,6.30822,5.3261,2.0,LLLYALLFALTSLLLVLLILI,0.390431866174926,0.0427968622837624,L,99999900.0,-42.0077,-1.2578000000000031,18.784999999999997,953.3300000000004,-0.044064175049563094,-0.001319375242570781,0.019704614351798422,-0.025679040835807108
LYILLLVLATLLASL,Mutant,,void,15.0,LLLLYILLLVLATLLFSLILI,0.0452099092559543,LLLLYILLLVLATLLASLILI_1,1.1001100110011e+17,1.0,-74.2374,-74.2374,-74.2374,-237.03,-220.538,-242.348,-374.423,4563.11,3607.35,3504.6,-24.4799,235.062,-87.6349,155.414,-57.8376,-55.9968,87.3037,18.9125,9.99507,6.68552,6.49508,168.201,-62.5739,62.4261,19.1703,-165.105,9.1885,4.31361,3.75,1.0,LLLLYILLLVLATLLASLILI,0.1653425711682603,0.0935759452689107,L,99999900.0,-29.7973,0.0,5.318000000000012,955.7599999999998,-0.031176550598476613,0.0,0.00556415836611703,-0.025613020005022188
TYLLAILLGLLLGFL,WT,LLLTYLLAILLGLLLIFLILI,clash,,,,LLLTYLLAILLGLLLGFLILI_1,1.1001100110011e+17,1.0,-51.7281,-56.4467,-44.9626,-232.944,-227.76,-250.232,-344.234,4609.53,3792.54,3675.33,-24.4513,7.62003,-84.013,-52.4069,-49.0392,-65.3052,45.733,-45.6803,6.92873,2.46973,1.65572,-16.3287,-61.5471,48.1349,-42.0502,-363.19,7.2784,2.23028,1.4523,1.0,LLLTYLLAILLGLLLGFLILI,0.8499799065944682,0.0689949323294422,G,99999900.0,-34.973800000000004,-6.765499999999996,17.28800000000001,816.9899999999998,-0.042808112706397894,-0.008281007111470149,0.021160601720951317,-0.02992851809691674
YGLLFALLGTLLSAL,Mutant,,void,16.0,LLLYGLLFALLGTLLSLLILI,0.0121346931279566,LLLYGLLFALLGTLLSALILI_1,1.1001100110011e+17,1.0,-83.868,-76.1837,-74.0094,-224.064,-220.996,-241.06,-340.258,4564.31,3765.03,3769.15,-24.4508,-12.2456,-56.7763,-55.3229,-25.1884,-67.1969,63.8628,-39.6362,6.54564,5.20101,4.65895,-12.1658,-64.5043,61.457,-37.6682,-355.611,6.656,4.47234,3.89419,1.0,LLLYGLLFALLGTLLSALILI,0.1882260629938361,0.0275761568675793,G,99999900.0,-31.587899999999998,-9.858599999999996,16.99600000000001,799.2800000000002,-0.03952044339905914,-0.012334350915824233,0.021264137723951564,-0.030591031928735857
LYALLAVLTALLLSL,Mutant,,void,5.0,LLLLYFLLAVLTALLLSLILI,-0.2165971695912298,LLLLYALLAVLTALLLSLILI_1,1.1001100110011e+17,1.0,-74.2562,-74.2562,-74.2562,-228.742,-218.443,-239.581,-366.813,4514.53,3523.48,3673.22,-24.4024,-1.00463,-88.2174,-75.1184,-52.9754,-7.13803,112.733,17.3694,8.72726,2.78966,2.98065,-2.88977,-10.3153,94.584,18.0,-370.465,9.3619,0.81614,0.734901,1.0,LLLLYALLAVLTALLLSLILI,0.5219988709797114,0.0564614691698906,L,99999900.0,-35.242,0.0,10.838999999999999,991.0499999999997,-0.03556026436607639,0.0,0.010936885121840474,-0.024622773825740383
YTLLVSLLFALLILL,WT,LLLYTLLVSLLFILLILLILI,clash,,,,LLLYTLLVSLLFALLILLILI_1,1.1001100110011e+17,1.0,-68.4105,-66.6131,-60.4096,-238.883,-236.738,-253.946,-360.712,4732.19,3867.13,3789.2,-24.3053,-7.12722,-77.7234,-64.4883,-46.3569,-52.0212,78.93,-45.2129,8.16579,4.95873,4.64268,-3.93981,-49.655,70.869,-39.5698,-344.351,8.1714,3.51556,3.07859,1.0,LLLYTLLVSLLFALLILLILI,0.2250347626162014,0.0324068182970449,R,99999900.0,-31.366499999999995,-8.000900000000001,15.062999999999988,865.0599999999995,-0.03625933461262804,-0.009248953829792161,0.017412665017455434,-0.028096663815226706
YGLLFALLGVLLATL,Mutant,,void,8.0,LLLYGLLFLLLGVLLATLILI,0.0978036633803793,LLLYGLLFALLGVLLATLILI_1,1.1001100110011e+17,1.0,-64.0527,-60.262,-58.8381,-227.932,-221.452,-241.676,-329.601,4580.62,3967.78,3726.01,-24.2725,5721.67,-61.889,5673.79,-29.0871,-68.2023,51.0146,-48.7241,7.30009,3.61733,2.88255,-18.7196,-73.2508,43.1479,-42.798,-349.02,7.4823,3.31258,2.4598,1.0,LLLYGLLFALLGVLLATLILI,0.3258754525602793,0.0254900057960264,G,99999900.0,-32.8019,-5.214600000000004,13.744,612.8399999999997,-0.05352441093923376,-0.008508909340121414,0.022426734547353316,-0.03960658573200185
YWLLTVLLILLFSLL,Mutant,,clash,11.0,LLLYWLLTVLLALLFSLLILI,0.153796697669137,LLLYWLLTVLLILLFSLLILI_0,1.1001100110011e+17,1.0,-74.1011,-73.9887,-74.1887,-247.72,-231.53,-262.866,-376.702,4779.82,3981.59,3814.13,-24.2671,31.3408,-79.1488,-39.8429,-39.648,-111.208,22.1868,30.8494,9.64991,6.17636,5.00917,32.6103,-107.621,8.37296,28.0,-345.362,9.5,3.7735,2.39909,0.0,LLLYWLLTVLLILLFSLLILI,0.2934092127656829,0.0281607051390778,L,99999900.0,-39.50079999999999,0.0875999999999948,15.145999999999987,798.2299999999996,-0.049485486639189225,0.00010974280595817602,0.018974481039299444,-0.030401137516755838
YTLLAILVALLLSLL,WT,LLLYTLLAILVILLLSLLILI,clash,,,,LLLYTLLAILVALLLSLLILI_2,1.1001100110011e+17,1.0,-64.7352,-64.1523,-60.363,-237.72,-237.1,-248.95,-372.166,4608.09,3771.59,3671.77,-24.1911,49.6103,-93.9027,-21.304,-62.8538,-108.619,16.7313,26.74,9.75137,5.05164,3.80261,50.197,-107.84,2.594,18.2142,-322.844,9.3464,3.02619,1.5651,2.0,LLLYTLLAILVALLLSLLILI,0.290410051183028,0.0248207114277411,L,99999900.0,-31.048899999999996,-4.3722000000000065,11.22999999999999,836.5,-0.03711763299462044,-0.005226778242677832,0.013424985056784208,-0.028919426180514046
YSLLLTLLATLLVFL,WT,LLLYSLLLILLATLLVFLILI,clash,,,,LLLYSLLLTLLATLLVFLILI_0,1.1001100110011e+17,1.0,-86.1253,-85.9676,-72.6098,-237.537,-233.023,-253.139,-363.835,4678.52,4017.02,3842.56,-24.1859,29.9347,-64.358,-14.9091,-38.0857,-54.3714,77.9127,-48.2437,8.96352,5.17391,4.8426,25.087,-53.5058,73.6956,-45.0,-333.9,8.8777,4.47477,4.0802,0.0,LLLYSLLLTLLATLLVFLILI,0.2069123613262384,0.048347330060885,R,99999900.0,-26.2723,-13.515499999999989,15.602000000000004,661.5000000000005,-0.03971625094482235,-0.02043159486016626,0.023585789871504146,-0.03656220710506422
LYLLAALLTVLFSLL,Mutant,,void,7.0,LLLLYLLIALLTVLFSLLILI,0.0437771822878635,LLLLYLLAALLTVLFSLLILI_2,1.1001100110011e+17,1.0,-70.6491,-74.3273,-74.3273,-239.76,-228.754,-244.068,-359.051,4583.53,3730.73,3708.09,-24.1859,-8.92133,-72.827,-64.8908,-40.6551,-43.2397,104.696,23.9093,9.09391,7.11991,7.19035,-2.26945,-43.0836,88.7124,20.2021,-360.372,9.3861,4.93871,4.7694,2.0,LLLLYLLAALLTVLFSLLILI,0.2232952809149135,0.0744779990513031,L,99999900.0,-32.1719,3.6781999999999897,4.308000000000021,852.7999999999997,-0.03772502345215761,0.004313086303939952,0.0050515947467167244,-0.028360576923076933
LFALLALLAVLTSLL,Mutant,,void,11.0,LLLLFALLALLYVLTSLLILI,0.2770588605679913,LLLLFALLALLAVLTSLLILI_2,1.1001100110011e+17,1.0,-74.1865,-74.1865,-74.1865,-231.418,-231.135,-236.197,-360.482,4468.54,3665.42,3658.74,-24.1801,-19.6688,-79.0575,-74.829,-50.0979,-45.1719,103.959,15.7776,9.3986,7.31021,7.36959,-5.70713,-51.6346,81.3081,19.4931,-365.505,9.3325,5.22178,4.9414,2.0,LLLLFALLALLAVLTSLLILI,0.2860118248887834,0.0292305076438856,L,99999900.0,-28.959600000000002,0.0,4.778999999999996,803.1199999999999,-0.03605887040541887,0.0,0.005950542882757243,-0.030107704950692305
LYLLLAVLTALLLSL,Mutant,,void,8.0,LLLLYLLLFVLTALLLSLILI,0.0079999090513731,LLLLYLLLAVLTALLLSLILI_0,1.1001100110011e+17,1.0,-74.0713,-74.0895,-74.0713,-228.139,-215.847,-243.377,-376.512,4555.55,3639.92,3662.99,-24.1614,-5.28533,-98.4636,-91.8603,-59.0639,-11.7588,106.504,22.5934,8.96868,2.64184,2.7394,-5.14813,-14.7531,87.3716,27.6992,-381.797,9.2159,0.508126,0.318699,0.0,LLLLYLLLAVLTALLLSLILI,0.2911824309826391,0.0450534509207519,L,99999900.0,-39.3997,0.0,15.238,915.6300000000001,-0.04303015410154756,0.0,0.01664209342201544,-0.026387733036270105
LYVLLLILATLLFSL,WT,LLLLYVLLLILATLLASLILI,void,,,,LLLLYVLLLILATLLFSLILI_2,1.1001100110011e+17,1.0,-74.2185,-74.2185,-74.2185,-242.936,-220.79,-247.242,-365.792,4623.9,3724.48,3560.17,-24.1438,55.9536,-72.7807,-14.8294,-44.3312,-53.5648,89.0994,18.4044,9.92113,6.56313,6.39962,49.8446,-62.5739,62.4261,19.1703,-283.539,9.1885,4.31361,3.75,2.0,LLLLYVLLLILATLLFSLILI,0.3040757924268372,0.0416037736381917,L,99999900.0,-28.449499999999993,0.0,4.305999999999983,899.4199999999996,-0.03163093993907185,0.0,0.004787529741388879,-0.026843743745969637
YALLALLLGTLLGSL,Mutant,,void,4.0,LLLYFLLALLLGTLLGSLILI,0.0688540553638473,LLLYALLALLLGTLLGSLILI_0,1.1001100110011e+17,1.0,-77.8854,-83.9993,-74.1108,-226.602,-219.367,-240.054,-358.975,4558.46,3580.59,3544.03,-24.1216,118021.0,-78.6088,117965.0,-44.8097,-73.8986,51.3236,-36.3204,7.00117,4.51347,3.78333,117829.0,-62.8637,50.8317,-39.7383,117662.0,6.5162,2.79183,2.05431,0.0,LLLYALLALLLGTLLGSLILI,0.1753196863078745,0.0380184978510217,G,99999900.0,-33.7991,-3.7746000000000066,13.451999999999998,977.8699999999999,-0.03456400134987269,-0.0038600222933518843,0.01375642979128105,-0.024667491588861508
LFVLLALLTILYSLL,WT,LLLLFVLLALLTILYILLILI,clash,,,,LLLLFVLLALLTILYSLLILI_0,1.1001100110011e+17,1.0,-74.3828,-74.2659,-74.2659,-252.81,-237.845,-246.225,-367.249,4550.24,3931.99,3838.73,-24.1189,-9.15603,-64.1751,-64.2945,-46.7577,-41.7668,76.1382,33.3448,9.40878,3.04368,2.68575,-8.52411,-41.1626,59.5701,26.296,-376.405,9.4713,0.716349,0.1099,0.0,LLLLFVLLALLTILYSLLILI,0.0875377992127409,0.0461581805905319,L,99999900.0,-17.4174,-0.11690000000000111,-6.585000000000008,618.25,-0.028172098665588355,-0.0001890820865345752,-0.010651031136271747,-0.039011564900930044
YILLATLLTLLLSFL,WT,LLLYILLITLLTLLLSFLILI,clash,,,,LLLYILLATLLTLLLSFLILI_0,1.1001100110011e+17,1.0,-85.5055,-83.0791,-87.9796,-245.058,-225.575,-253.494,-378.806,4648.95,4032.29,3843.32,-24.0959,5.65147,-72.3388,-64.5005,-37.3329,-71.0697,85.1753,-44.6028,8.39173,8.65913,8.43676,5.04577,-75.8048,61.5652,-37.9995,-373.155,8.5023,6.18202,5.6055,0.0,LLLYILLATLLTLLLSFLILI,0.213597962223203,0.0777155393571972,R,99999900.0,-35.005900000000004,2.474100000000007,8.436000000000007,616.6599999999999,-0.0567669380209516,0.004012097428080316,0.013680147893490755,-0.03907485486329583
AALLTVLLSLLYLLL,Mutant,,void,3.0,LLLFALLTVLLSLLYLLLILI,0.0216911425980182,LLLAALLTVLLSLLYLLLILI_2,1.1001100110011e+17,1.0,-70.6852,-70.6457,-74.3339,-242.127,-228.184,-245.428,-382.87,4574.71,3751.65,3650.83,-24.0875,1100.82,-94.1451,1016.78,-63.1076,-94.1563,57.2484,25.0829,9.46435,8.35197,7.7107,35.5903,-97.9457,30.4483,18.4225,-342.903,9.4224,5.30238,4.2591,2.0,LLLAALLTVLLSLLYLLLILI,0.207919683387795,0.0264921230455418,L,99999900.0,-31.0375,3.648700000000005,3.3009999999999877,823.06,-0.03770988749301388,0.0044330911476684635,0.004010643209486535,-0.0292657886423833
AGLLFLLLGTLLSAL,Mutant,,void,16.0,LLLAGLLFLLLGTLLSYLILI,-0.0777467183155347,LLLAGLLFLLLGTLLSALILI_2,1.1001100110011e+17,1.0,-73.2931,-75.1637,-74.1054,-221.297,-216.155,-234.647,-353.71,4519.9,3613.25,3634.42,-24.0765,-8.86953,-83.1962,-71.2615,-44.9577,-72.4875,62.6687,-33.2892,7.1467,5.8334,5.27343,-14.0316,-64.7067,61.3173,-36.5921,-368.494,7.395,4.48384,3.9036,2.0,LLLAGLLFLLLGTLLSALILI,0.2410804214967778,0.0473031439050778,G,99999900.0,-38.2385,0.8123000000000076,13.349999999999994,906.6499999999996,-0.042175591463078387,0.0008959355870512412,0.014724535377488556,-0.026555451386974037
ALLLTILVALLLSLL,Mutant,,void,3.0,LLLFLLLTILVALLLSLLILI,-0.0828487938629972,LLLALLLTILVALLLSLLILI_2,1.1001100110011e+17,1.0,-73.9223,-70.4896,-74.1594,-233.764,-224.143,-241.348,-392.575,4509.72,3581.69,3645.8,-24.0534,47.5722,-108.942,-50.3701,-77.0675,-106.483,27.8201,22.111,9.18582,6.22815,5.14545,-3.65276,-108.506,6.15667,24.8812,-396.071,9.4921,3.60705,2.1994,2.0,LLLALLLTILVALLLSLLILI,0.4284729836565514,0.0446689465634727,L,99999900.0,-31.874499999999998,0.2370999999999981,7.584000000000003,928.0300000000002,-0.03434641121515467,0.0002554874303632405,0.008172149607232526,-0.02591877417755891
LWVLLFLLAILTSLL,WT,LLLLAVLLFLLAILTSLLILI,void,,,,LLLLWVLLFLLAILTSLLILI_2,1.1001100110011e+17,1.0,-74.2441,-74.3808,-74.2268,-236.8,-225.009,-250.194,-379.067,4607.68,3641.41,3582.35,-24.0444,2.89578,-92.0672,-76.7812,-54.6462,-51.882,76.2754,20.6772,9.03065,4.57948,4.22361,-6.58518,-59.9714,54.2759,21.2659,-386.015,9.1374,2.82296,2.1371,2.0,LLLLWVLLFLLAILTSLLILI,0.1477890436057235,0.0331670933452101,L,99999900.0,-37.421,-0.017300000000005866,13.393999999999977,966.2700000000004,-0.038727270845622844,-1.790389849628557e-05,0.013861550084344925,-0.024883728150516926
LFLLLAILAVLLSTL,Mutant,,void,11.0,LLLLFLLLAILLVLLSTLILI,0.0144290388361356,LLLLFLLLAILAVLLSTLILI_0,1.1001100110011e+17,1.0,-74.2356,-74.2356,-74.2356,-232.766,-218.84,-237.441,-367.383,4547.45,3686.13,3699.07,-24.0283,-6.01988,-84.4098,-80.3274,-55.707,-56.7571,82.8183,21.0847,9.38677,6.19405,5.93632,-6.23209,-63.2471,63.3749,18.87,-373.403,9.5,4.54268,3.9933,0.0,LLLLFLLLAILAVLLSTLILI,0.2324335002542227,0.0398106877768158,L,99999900.0,-28.702800000000003,0.0,4.675000000000011,861.3199999999997,-0.033324200065016504,0.0,0.005427715599312698,-0.027897064970045987
LTYLLAVLFILLLSL,WT,LLLLIYLLAVLFILLLSLILI,clash,,,,LLLLTYLLAVLFILLLSLILI_0,1.1001100110011e+17,1.0,-60.4638,-60.4638,-60.4638,-233.36,-221.891,-246.982,-359.542,4668.62,3649.05,3567.62,-24.0146,41.805,-89.733,-35.3826,-52.0963,-55.0884,81.5482,16.917,9.90646,5.77226,5.49549,42.0802,-61.1862,61.8698,21.1994,-317.737,9.5,4.03035,3.4584,0.0,LLLLTYLLAVLFILLLSLILI,0.243594480160343,0.0258120953847354,L,99999900.0,-37.636700000000005,0.0,13.621999999999986,1019.5699999999997,-0.036914287395666816,0.0,0.013360534342909255,-0.02355365497219417
LIYLLAILFVLLLSL,Mutant,,clash,4.0,LLLLTYLLAILFVLLLSLILI,0.0735420516466789,LLLLIYLLAILFVLLLSLILI_1,1.1001100110011e+17,1.0,-60.4159,-60.4159,-60.4159,-239.043,-224.279,-247.288,-363.225,4646.47,3690.31,3548.66,-23.9809,65.3716,-87.7479,-13.159,-55.522,-48.0517,89.8574,20.3089,9.52203,5.8385,5.68636,65.0303,-57.8356,61.3017,20.1938,-290.597,9.2739,3.45107,2.8706,1.0,LLLLIYLLAILFVLLLSLILI,0.2124414574798899,0.0535979014555559,L,99999900.0,-32.2259,0.0,8.245000000000005,956.1600000000003,-0.03370345967202141,0.0,0.008623033801874165,-0.025080425870147246
YFLLATLLGVLLALL,WT,LLLYFLLATLLGVLLILLILI,clash,,,,LLLYFLLATLLGVLLALLILI_2,1.1001100110011e+17,1.0,-65.9177,-66.6539,-58.756,-225.77,-224.163,-246.669,-342.795,4700.93,3792.16,3755.58,-23.9593,-21.8474,-75.0674,-73.8262,-37.3706,-69.124,53.472,-38.7145,7.14205,4.08732,3.3894,-22.1847,-67.743,51.6604,-38.5819,-365.27,7.1139,3.6356,2.91051,2.0,LLLYFLLATLLGVLLALLILI,0.3928138979895511,0.0669728852120214,G,99999900.0,-37.6968,-7.161699999999996,20.899,908.7700000000004,-0.04148112283636122,-0.00788065187011014,0.0229970179473354,-0.026364536681448537
YFLLAVLLGLLLGSL,WT,LLLYFLLIVLLGLLLGSLILI,clash,,,,LLLYFLLAVLLGLLLGSLILI_0,1.1001100110011e+17,1.0,-63.8555,-62.1583,-60.2613,-224.477,-218.734,-244.382,-341.778,4689.61,3547.51,3535.76,-23.9386,-13.1808,-77.3847,-74.0664,-37.1351,-72.6753,42.234,-37.8073,7.33155,3.10289,2.2364,-14.6225,-72.2097,37.011,-35.0,-354.959,7.3038,2.32794,1.3831,0.0,LLLYFLLAVLLGLLLGSLILI,0.2725816968818078,0.1347455453457376,G,99999900.0,-40.249599999999994,-3.5942000000000007,19.905,1142.0999999999995,-0.03524174765782332,-0.0031470098940548133,0.01742842132913056,-0.02096016110673322
YSLLAALLGALLTLL,Mutant,,void,7.0,LLLYSLLFALLGALLTLLILI,-0.1252330656332765,LLLYSLLAALLGALLTLLILI_0,1.1001100110011e+17,1.0,-68.8063,-66.4273,-58.8315,-220.388,-216.059,-243.54,-352.137,4602.78,3732.6,3714.76,-23.9147,180.659,-86.8573,111.009,-49.7658,-56.7118,81.0271,-46.2185,6.86668,5.94542,5.66083,149.481,-60.6829,69.0631,-38.9844,-171.478,7.1168,4.92595,4.4619,0.0,LLLYSLLAALLGALLTLLILI,0.5299455416607328,0.0675933625092215,G,99999900.0,-37.091499999999996,-9.974799999999995,23.151999999999987,870.1799999999998,-0.04262508906203315,-0.011462915718586954,0.02660598956537727,-0.027482474890252597
FLLLTILVILLLSLL,Mutant,,clash,11.0,LLLFLLLTILVALLLSLLILI,0.1869891728010841,LLLFLLLTILVILLLSLLILI_0,1.1001100110011e+17,1.0,-74.0928,-70.4896,-74.1594,-246.941,-224.911,-250.019,-389.845,4667.87,3738.65,3703.99,-23.8922,39.0419,-92.7034,-55.402,-65.6663,-107.354,30.5392,28.5993,10.1624,6.72593,5.68402,36.9467,-108.506,6.15667,24.8812,-350.803,9.4921,3.60705,2.1994,0.0,LLLFLLLTILVILLLSLLILI,0.1586350169924688,0.0731481577818776,L,99999900.0,-27.037099999999995,0.06660000000000821,3.078000000000003,929.2199999999998,-0.02909655409913691,7.167301607800975e-05,0.003312455607929235,-0.025712102623705907
LYLLAALLVALLSTL,Mutant,,void,7.0,LLLLYLLIALLVALLSTLILI,-0.0389821156803401,LLLLYLLAALLVALLSTLILI_2,1.1001100110011e+17,1.0,-80.6163,-74.2471,-74.2471,-232.463,-226.013,-237.904,-364.415,4567.23,3900.66,3912.23,-23.8783,-13.8969,-75.2144,-78.0516,-52.2642,-20.4947,103.456,-45.4019,8.93831,3.54076,3.5926,-12.41,-18.5428,92.2619,-41.0527,-383.601,8.8427,1.73677,1.6207,2.0,LLLLYLLAALLVALLSTLILI,0.3429071869387314,0.0181278445319813,R,99999900.0,-22.950199999999995,-6.369199999999992,5.4410000000000025,666.5699999999997,-0.03443029239239691,-0.009555185501897767,0.00816268358912043,-0.035822644283421114
SYLLVALLATLLSLL,Mutant,,void,8.0,LLLSYLLVFLLATLLSLLILI,-0.099776843446792,LLLSYLLVALLATLLSLLILI_2,1.1001100110011e+17,1.0,-92.844,-83.0214,-74.0414,-233.192,-230.64,-251.495,-381.597,4573.69,3873.31,3859.69,-23.8726,-10.0863,-79.4334,-78.0214,-56.0608,-64.5344,59.7557,-48.2176,8.14839,4.24718,3.64352,-8.78931,-64.4175,49.7905,-41.0526,-396.441,8.2396,2.88434,2.1312,2.0,LLLSYLLVALLATLLSLLILI,0.5095230372009554,0.0603342413630418,R,99999900.0,-23.372600000000006,-18.802599999999998,18.302999999999997,700.3799999999997,-0.03337131271595422,-0.026846283446129254,0.026132956395099813,-0.0340852108855193
LLLLLFVLITLLSIL,Mutant,,clash,11.0,LLLLLLLLFVLATLLSILILI,0.0395880320722548,LLLLLLLLFVLITLLSILILI_1,1.1001100110011e+17,1.0,-74.1441,-74.1441,-74.1441,-250.101,-249.568,-249.616,-391.446,4573.36,3740.11,3592.61,-23.8648,86.4765,-91.0653,18.7427,-67.6857,-48.6518,80.7091,24.6538,10.5275,4.6935,4.40414,64.5777,-54.4487,65.1033,28.0,-309.24,9.5,3.45625,2.9328,1.0,LLLLLLLLFVLITLLSILILI,0.2204909811214151,0.0901158697527092,L,99999900.0,-23.379599999999996,0.0,-0.4849999999999852,833.2499999999995,-0.028058325832583268,0.0,-0.0005820582058205647,-0.028640624062406254
YLLLAVLITLLASLL,Mutant,,void,14.0,LLLYLLLAVLITLLFSLLILI,-0.1535374704005948,LLLYLLLAVLITLLASLLILI_2,1.1001100110011e+17,1.0,-70.7151,-70.7151,-74.2762,-240.293,-222.885,-248.071,-376.109,4625.52,3784.34,3804.28,-23.8537,-0.584182,-88.9547,-83.0929,-53.7621,-103.153,44.5833,21.1742,9.19732,7.99176,7.16051,-0.810792,-110.96,14.1167,21.5291,-379.007,9.2522,5.04976,3.76151,2.0,LLLYLLLAVLITLLASLLILI,0.4096371491009995,0.0862698338537496,L,99999900.0,-35.192600000000006,3.561099999999996,7.777999999999992,841.1800000000003,-0.041837181102736626,0.004233457761715679,0.009246534629924617,-0.02835742647233647
LAYLLALLALLTSLL,Mutant,,void,11.0,LLLLAYLLALLFLLTSLLILI,-0.0707799583844218,LLLLAYLLALLALLTSLLILI_1,1.1001100110011e+17,1.0,-74.2856,-74.2856,-74.2563,-229.078,-226.796,-239.624,-372.658,4582.37,3555.18,3570.99,-23.7623,485.8,-93.0565,414.224,-58.7777,-54.0272,63.828,20.8781,8.67652,3.22085,2.67827,458.78,-61.6131,39.1869,24.371,94.6931,8.5022,1.0322,0.120004,1.0,LLLLAYLLALLALLTSLLILI,0.4242761098724192,0.0052427124368891,L,99999900.0,-34.2788,-0.02930000000000632,10.545999999999992,1027.19,-0.03337143079663937,-2.852442099320118e-05,0.010266844498096742,-0.023133305425481164
YSLLVALLFALLTLL,WT,LLLYILLVALLFALLTLLILI,clash,,,,LLLYSLLVALLFALLTLLILI_1,1.1001100110011e+17,1.0,-61.0131,-61.1196,-58.8685,-235.124,-227.912,-250.119,-349.475,4753.58,3861.75,3752.36,-23.7476,45923.2,-77.0856,45862.7,-40.4879,-40.0121,79.4185,-43.2963,8.34026,3.22331,2.91459,45158.9,-40.2159,66.0014,-36.8044,45561.2,8.4291,1.44258,0.932602,1.0,LLLYSLLVALLFALLTLLILI,0.3808641760512445,0.0818057662718646,R,99999900.0,-36.597699999999996,-2.144600000000004,14.995000000000005,891.8299999999999,-0.0410366325420764,-0.0024047183880335984,0.016813742529405835,-0.026627944787683752
LYVLLALLFTLLSIL,WT,LLLLYVLLILLFTLLSILILI,clash,,,,LLLLYVLLALLFTLLSILILI_1,1.1001100110011e+17,1.0,-74.1368,-70.5116,-74.1368,-234.872,-231.509,-248.135,-367.515,4578.28,3706.13,3718.62,-23.7458,-14.4625,-82.2519,-79.957,-45.2438,-50.3468,78.9634,22.2003,9.53931,4.71208,4.39653,-3.44975,-53.8932,62.0075,22.5561,-372.914,9.1861,2.95499,2.3851,1.0,LLLLYVLLALLFTLLSILILI,0.2699083439809673,0.050845495299273,L,99999900.0,-37.008100000000006,0.0,13.262999999999977,872.1499999999996,-0.04243318236541882,0.0,0.015207246459897933,-0.027226738519750052
YTLLAALVALLLSLL,Mutant,,void,8.0,LLLYTLLAILVALLLSLLILI,-0.0959095044362419,LLLYTLLAALVALLLSLLILI_2,1.1001100110011e+17,1.0,-65.3262,-64.1608,-60.363,-234.147,-230.996,-245.156,-333.412,4594.35,3697.83,3666.95,-23.7148,52.963,-57.6536,14.7074,-27.8926,-109.298,14.9645,24.481,9.78962,4.91483,3.6393,48.4715,-107.84,2.594,18.2142,-283.87,9.3464,3.02619,1.5651,2.0,LLLYTLLAALVALLLSLLILI,0.3863195556192704,0.0283341980891386,L,99999900.0,-29.760999999999996,-4.9632000000000005,11.009000000000015,896.5200000000004,-0.03319613617097218,-0.005536072814884217,0.012279703743363237,-0.02645205907285949
LFALLLALTVLLSIL,Mutant,,void,5.0,LLLLFLLLLALTVLLSILILI,-0.130336326861934,LLLLFALLLALTVLLSILILI_0,1.1001100110011e+17,1.0,-74.0535,-74.0293,-74.2251,-231.694,-221.793,-242.763,-368.029,4537.9,3645.29,3579.91,-23.7132,-14.0216,-85.9939,-86.2278,-51.0402,-56.5388,74.2767,19.9454,9.30745,5.00817,4.62232,-14.5869,-61.0233,60.9634,18.806,-382.05,9.3641,3.88355,3.298,0.0,LLLLFALLLALTVLLSILILI,0.4910381685172711,0.045678236849579,L,99999900.0,-34.9537,0.17159999999999798,11.069000000000017,892.6099999999997,-0.03915898320655158,0.00019224521347508772,0.012400712517224792,-0.02656613750686191
LYALLLLLTVLFILL,WT,LLLLYALLLLLIVLFILLILI,clash,,,,LLLLYALLLLLTVLFILLILI_2,1.1001100110011e+17,1.0,-58.8963,-58.6797,-58.9757,-237.675,-221.251,-250.424,-362.467,4671.0,3708.63,3734.74,-23.7063,27.4855,-89.6012,-55.0504,-53.0674,-56.0337,93.4842,24.0164,9.58889,7.52541,7.42768,30.4617,-63.0338,71.0042,23.361,-319.418,9.4488,5.54064,5.1057,2.0,LLLLYALLLLLTVLFILLILI,0.2004463659802999,0.0675155899208512,L,99999900.0,-36.53380000000001,0.0794000000000068,12.748999999999995,962.3699999999999,-0.03796232218377548,8.25046499787055e-05,0.01324750355892224,-0.02463324916612114
LFLLLAILLVLLSTL,WT,LLLLFLLLIILLVLLSTLILI,clash,,,,LLLLFLLLAILLVLLSTLILI_0,1.1001100110011e+17,1.0,-74.2356,-74.157,-74.2356,-237.201,-222.138,-245.242,-380.716,4562.32,3695.69,3619.82,-23.7035,-9.93003,-92.9835,-94.3519,-61.2386,-58.4323,83.2692,16.7686,9.58688,6.50618,6.25522,-9.44746,-63.2471,63.3749,18.87,-390.646,9.5,4.54268,3.9933,0.0,LLLLFLLLAILLVLLSTLILI,0.2468625390903583,0.0428991783522428,L,99999900.0,-31.74490000000001,0.0,8.040999999999997,866.6299999999997,-0.036630280511867834,0.0,0.009278469473708502,-0.027351349480170324
TYLLAVLLGLLLAAL,Mutant,,void,16.0,LLLTYLLAVLLGLLLAFLILI,-0.0157737943839163,LLLTYLLAVLLGLLLAALILI_0,1.1001100110011e+17,1.0,-56.3125,-52.7731,-44.9868,-224.196,-222.419,-245.353,-349.922,4581.06,3687.28,3669.08,-23.6857,-16.9207,-93.0986,-91.6505,-59.5821,-66.6446,48.57,-47.7586,6.51072,3.05364,2.28219,-11.1535,-71.1566,42.8294,-43.0573,-366.842,7.0278,2.95546,2.0979,0.0,LLLTYLLAVLLGLLLAALILI,0.5266204633188437,0.0330048617925175,G,99999900.0,-33.51650000000001,-11.325699999999998,21.15700000000001,893.7800000000002,-0.037499720289109174,-0.012671686544787302,0.023671373268589594,-0.02650059298708854
TALLAILLGLLLGFL,Mutant,,void,4.0,LLLTYLLAILLGLLLGFLILI,0.485071048712004,LLLTALLAILLGLLLGFLILI_0,1.1001100110011e+17,1.0,-53.1173,-48.5954,-44.9626,-225.686,-224.234,-242.405,-346.384,4525.51,3795.95,3710.41,-23.6554,-10.4941,-91.2362,-84.0487,-59.0167,-58.4244,57.667,-43.6571,6.64905,3.04871,2.41372,-9.67086,-61.5471,48.1349,-42.0502,-356.879,7.2784,2.23028,1.4523,0.0,LLLTALLAILLGLLLGFLILI,0.2986521217932938,0.1139349415806787,G,99999900.0,-32.2195,-8.154699999999998,16.718999999999994,729.5600000000004,-0.04416292011623441,-0.011177559076703758,0.022916552442568103,-0.03242420088820657
SSLLALLLGVLLGTL,WT,LLLSSLLALLLGVLLITLILI,clash,,,,LLLSSLLALLLGVLLGTLILI_2,1.1001100110011e+17,1.0,-78.4809,-84.143,-58.7566,-217.902,-215.045,-254.545,-376.616,4457.19,3483.67,3370.9,-23.6391,1647.73,-103.873,1570.3,-63.315,-73.0069,50.1636,-37.5176,7.07945,4.22312,3.47557,869.94,-66.9239,51.0441,-36.0241,1271.11,6.7893,3.42954,2.6952,2.0,LLLSSLLALLLGVLLGTLILI,0.6170405332068527,0.0363522398628411,G,99999900.0,-40.55800000000001,-19.724300000000007,36.643,973.5199999999995,-0.04166118826526422,-0.02026080614676639,0.037639699235763026,-0.024282089736214985
LYWLLILLVALLSFL,Mutant,,clash,8.0,LLLLYWLLTLLVALLSFLILI,0.136275196276572,LLLLYWLLILLVALLSFLILI_1,1.1001100110011e+17,1.0,-60.4892,-60.4892,-60.4892,-246.291,-233.804,-253.059,-358.425,4710.17,3944.05,3753.06,-23.6366,-10.6335,-75.2815,-74.7655,-44.8767,0.0658834,124.172,29.6607,9.92797,3.25334,3.61592,-1.67865,-7.46127,97.2494,27.9329,-360.904,9.5,0.747859,0.7066,1.0,LLLLYWLLILLVALLSFLILI,0.3182074080178201,0.1458935131930542,L,99999900.0,-30.404799999999994,0.0,6.768000000000001,766.1199999999999,-0.039686733148853966,0.0,0.008834125202318176,-0.03085234689082651
SYLLVFLLATLLSLL,WT,LLLSYLLVFLLITLLSLLILI,clash,,,,LLLSYLLVFLLATLLSLLILI_1,1.1001100110011e+17,1.0,-92.1711,-88.7569,-74.0414,-236.062,-234.101,-256.868,-375.093,4638.32,3753.68,3809.39,-23.5961,-17.0285,-70.4559,-69.2638,-44.1836,-66.8676,50.5426,-43.7014,8.40209,3.35339,2.61153,-12.4437,-64.4175,49.7905,-41.0526,-393.637,8.2396,2.88434,2.1312,1.0,LLLSYLLVFLLATLLSLLILI,0.4097461937541631,0.0464774629420108,R,99999900.0,-26.2723,-18.1297,20.805999999999983,884.6399999999999,-0.02969829535178152,-0.020493873213962746,0.023519171640441292,-0.026673109965635742
YLLLFVLIALLLTLL,WT,LLLYLLLFVLIILLLTLLILI,clash,,,,LLLYLLLFVLIALLLTLLILI_2,1.1001100110011e+17,1.0,-58.8554,-58.8554,-58.8554,-241.619,-234.458,-254.931,-366.31,4730.46,3837.57,3769.41,-23.5788,-15.0548,-89.4139,-88.0512,-52.5236,-100.34,44.5262,23.9563,9.6716,7.56209,6.72998,-8.36916,-105.122,22.7647,23.6466,-374.308,9.4707,5.34153,4.183,2.0,LLLYLLLFVLIALLLTLLILI,0.2941067782170312,0.1280847928479427,L,99999900.0,-36.890299999999996,0.0,13.312000000000012,892.8899999999999,-0.04131561558534646,0.0,0.014908891352798232,-0.026407284211941006
VLLLAILALLLTSLL,Mutant,,void,10.0,LLLVLLLAILFLLLTSLLILI,-0.1618358297447689,LLLVLLLAILALLLTSLLILI_1,1.1001100110011e+17,1.0,-74.0893,-74.0893,-74.203,-234.626,-238.103,-240.572,-391.48,4543.44,3685.9,3682.86,-23.5683,46.6302,-106.334,-32.6582,-76.7055,-106.478,9.69987,19.5385,9.35595,3.78122,2.42672,-17.9257,-108.73,3.38007,19.3936,-410.401,9.4542,3.26581,1.81651,1.0,LLLVLLLAILALLLTSLLILI,0.4384719530737773,0.0517658899069785,L,99999900.0,-29.628500000000003,0.11370000000000857,5.945999999999998,857.5399999999995,-0.03455057490029622,0.0001325885672971624,0.006933787345196727,-0.027483615924621608
LYVLLALLATLLILL,Mutant,,void,8.0,LLLLYVLLFLLATLLILLILI,0.4869364103937165,LLLLYVLLALLATLLILLILI_1,1.1001100110011e+17,1.0,-58.8982,-58.8982,-58.8982,-240.858,-225.224,-245.127,-370.054,4574.63,3767.89,3724.63,-23.5524,94.4065,-93.8493,8.47505,-66.0283,-57.205,94.7494,19.1525,10.3242,7.87193,7.79317,91.4921,-59.5624,70.8383,23.7924,-279.464,9.4709,4.99753,4.5601,1.0,LLLLYVLLALLATLLILLILI,0.3265166804117612,0.0670735797936489,L,99999900.0,-27.820999999999998,0.0,4.2690000000000055,806.7400000000002,-0.034485707910851066,0.0,0.005291667699630617,-0.02919453603391426
YSLLLTLLALLLAFL,WT,LLLYSLLLTLLALLLIFLILI,clash,,,,LLLYSLLLTLLALLLAFLILI_2,1.1001100110011e+17,1.0,-72.3378,-68.2266,-58.8135,-236.861,-233.977,-251.395,-358.707,4695.17,4027.77,3753.7,-23.5419,7551.32,-73.0494,7494.82,-48.4986,-55.3398,77.746,-41.5003,8.63825,5.29668,4.96287,3133.32,-54.0174,63.9799,-35.0,7205.25,8.0,3.2399,2.6996,2.0,LLLYSLLLTLLALLLAFLILI,0.311286651124806,0.0637346267328663,R,99999900.0,-24.550800000000002,-13.524300000000004,14.53400000000002,667.4000000000001,-0.03678573569074019,-0.020264159424632906,0.02177704525022478,-0.035274048546598734
VSLLILLTALLFALL,Mutant,,void,15.0,LLLVSLLILLTALLFLLLILI,-0.0724513855659501,LLLVSLLILLTALLFALLILI_1,1.1001100110011e+17,1.0,-68.1137,-67.9563,-58.959,-229.056,-228.521,-242.455,-360.52,4605.87,3765.47,3713.22,-23.5196,9.77436,-86.8702,-54.2682,-59.1064,-99.4407,29.3107,26.8507,9.39552,5.37305,4.31271,10.6682,-101.776,11.63,23.7329,-343.404,9.4673,3.33645,2.0109,1.0,LLLVSLLILLTALLFALLILI,0.452751106633491,0.0681606435359872,L,99999900.0,-27.763799999999996,-9.154699999999991,13.399000000000001,840.4000000000001,-0.0330364112327463,-0.010893265111851487,0.015943598286530223,-0.02798619704902427
YALLAVLTSLLLSLL,Mutant,,void,4.0,LLLYFLLAVLTSLLLSLLILI,-0.1654472932163054,LLLYALLAVLTSLLLSLLILI_0,1.1001100110011e+17,1.0,-90.7521,-91.9213,-89.6301,-232.368,-222.961,-247.051,-385.898,4595.18,3714.42,3714.81,-23.5017,-7.32403,-86.2795,-78.3399,-49.2176,-104.009,34.9138,25.0915,8.80034,6.81474,5.83844,-7.03006,-106.428,19.5913,24.4851,-393.222,8.9302,5.10903,3.9029,0.0,LLLYALLAVLTSLLLSLLILI,0.3661090897696172,0.0528718200357185,L,99999900.0,-37.0619,-1.1219999999999999,14.682999999999993,880.7600000000002,-0.04207945410781597,-0.0012738998137971748,0.016670829737953575,-0.02668343249012216
LYALLALLFVLLSTL,Mutant,,void,5.0,LLLLYILLALLFVLLSTLILI,-0.0668638490930852,LLLLYALLALLFVLLSTLILI_1,1.1001100110011e+17,1.0,-81.1112,-74.234,-74.234,-247.546,-241.763,-243.637,-343.996,4621.6,4082.6,3907.78,-23.4561,-11.8202,-38.7945,-39.8192,-26.1247,-38.9367,81.8619,30.4431,9.61032,3.39186,3.11979,-9.44917,-43.0223,62.7103,28.0,-353.972,9.5,1.41924,0.859895,1.0,LLLLYALLALLFVLLSTLILI,0.3216092010341556,0.1039277010284045,L,99999900.0,-12.669799999999999,-6.877200000000002,-3.908999999999992,539.0000000000005,-0.02350612244897957,-0.012759183673469381,-0.007252319109461946,-0.043517810760667866
YSLLLTLLFALLVIL,WT,LLLYSLLLILLFALLVILILI,clash,,,,LLLYSLLLTLLFALLVILILI_2,1.1001100110011e+17,1.0,-72.5415,-72.2003,-58.9017,-239.585,-243.028,-253.957,-359.758,4676.03,3893.95,3803.7,-23.4347,749.669,-71.0665,705.139,-46.8996,-52.0491,80.9844,-41.9081,8.38057,5.24026,4.95503,716.503,-47.5855,75.0258,-37.5493,386.048,8.189,3.76631,3.3917,2.0,LLLYSLLLTLLFALLVILILI,0.3681120465396663,0.0278182539508038,R,99999900.0,-24.166900000000005,-13.639800000000001,14.371999999999986,782.0799999999999,-0.03090080298690672,-0.017440415302782328,0.018376636661211112,-0.029964581628477906
LYALTALLFVLLLLL,Mutant,,void,5.0,LLLLYYLTALLFVLLLLLILI,-0.1915178033355593,LLLLYALTALLFVLLLLLILI_1,1.1001100110011e+17,1.0,-60.9937,-61.4309,-58.8062,-235.629,-212.336,-245.991,-352.587,4700.56,3790.85,3773.63,-23.4232,608.135,-79.3879,529.315,-47.7903,-62.6512,67.9136,18.8943,9.87914,5.06603,4.58473,423.587,-70.366,39.5247,25.0484,205.075,9.5,2.39073,1.4836,1.0,LLLLYALTALLFVLLLLLILI,0.4528980458888245,0.0956897499203583,L,99999900.0,-31.5976,-2.1875,10.362000000000023,909.7100000000005,-0.03473370634597837,-0.002404612458915477,0.011390443108243305,-0.025747985621791546
LALLSVLLAYLLTFL,Mutant,,void,4.0,LLLLILLSVLLAYLLTFLILI,-0.1868079520185209,LLLLALLSVLLAYLLTFLILI_0,1.1001100110011e+17,1.0,-74.031,-74.031,-74.031,-237.298,-223.312,-245.219,-357.937,4653.05,3916.2,3789.08,-23.4034,-8.84141,-70.0119,-69.4362,-38.6875,-65.4103,74.0882,-41.968,8.94698,6.31345,5.92477,-8.55727,-71.7611,50.3856,-43.3797,-366.779,9.0,4.06622,3.322,0.0,LLLLALLSVLLAYLLTFLILI,0.6071189645251791,0.0363489925726129,R,99999900.0,-31.324399999999997,0.0,7.920999999999992,736.8500000000004,-0.04251123023681887,0.0,0.010749813394856467,-0.031761416841962396
LYLLLFILAVLLSTL,WT,LLLLYLLLFILAVLLITLILI,clash,,,,LLLLYLLLFILAVLLSTLILI_1,1.1001100110011e+17,1.0,-74.1493,-74.1493,-74.1493,-242.058,-227.349,-248.239,-368.007,4583.26,3642.99,3600.75,-23.3864,-3.63225,-75.1857,-70.1411,-45.6187,-53.9304,86.3747,25.2683,9.89948,6.25015,6.04577,-13.4984,-56.6384,70.3623,26.5287,-381.696,9.5,4.49467,4.0501,1.0,LLLLYLLLFILAVLLSTLILI,0.2449184333579928,0.0809995066793551,L,99999900.0,-29.567,0.0,6.181000000000012,940.2700000000004,-0.03144522318057578,0.0,0.006573643740627701,-0.024872004849670826
YTLLVLLLAALLSIL,Mutant,,void,12.0,LLLYTLLVLLLAFLLSILILI,-0.0668698394891937,LLLYTLLVLLLAALLSILILI_2,1.1001100110011e+17,1.0,-78.5628,-77.704,-60.3142,-231.758,-229.109,-248.911,-370.542,4635.54,4131.66,3883.14,-23.3566,-18.85,-83.5781,-82.5793,-61.3176,-71.9408,50.9044,-50.1496,8.5309,4.16321,3.42677,-16.853,-67.6029,45.1857,-45.0,-387.064,8.6947,2.74051,1.9183,2.0,LLLYTLLVLLLAALLSILILI,0.3770944103702375,0.0769964695125177,R,99999900.0,-22.260500000000008,-18.248599999999996,17.15299999999999,503.8800000000001,-0.044178177343812026,-0.036216162578391664,0.034041835357624804,-0.046353496864332766
LYWLLTILAALLSLL,Mutant,,void,12.0,LLLLYWLLTILAFLLSLLILI,0.0072034627746025,LLLLYWLLTILAALLSLLILI_0,1.1001100110011e+17,1.0,-79.0171,-76.2149,-74.0196,-231.184,-220.855,-249.02,-376.443,4588.4,3847.7,3732.4,-23.3516,-11.189,-89.5933,-90.5619,-53.4027,-3.07995,109.246,20.2968,9.55538,1.71023,1.84892,-10.9147,-8.04023,93.8271,22.8656,-387.632,9.1939,0.372694,0.280101,0.0,LLLLYWLLTILAALLSLLILI,0.4206121287591187,0.0439029464838684,L,99999900.0,-36.190599999999996,-4.997500000000002,17.836000000000013,740.6999999999998,-0.0488599972998515,-0.006746996084784668,0.024079924395841796,-0.03152639395166735
YLLLAVLTSLLFALL,Mutant,,void,15.0,LLLYLLLAVLTSLLFLLLILI,-0.1117169689775285,LLLYLLLAVLTSLLFALLILI_2,1.1001100110011e+17,1.0,-74.2794,-74.2794,-74.2794,-233.467,-230.382,-249.018,-362.116,4656.13,3772.4,3776.95,-23.3264,33.0864,-77.6957,-24.3678,-38.8179,-107.201,20.8786,16.6853,9.09737,5.39877,4.21195,-6.27298,-106.207,9.91437,18.5239,-367.513,9.5,3.76949,2.41821,2.0,LLLYLLLAVLTSLLFALLILI,0.292000528322339,0.0471980182854401,L,99999900.0,-38.8778,0.0,15.550999999999988,883.73,-0.04399284849444966,0.0,0.01759700360969978,-0.0263953922578163
AYLLGVLLGLLLIFL,Mutant,,clash,15.0,LLLAYLLGVLLGLLLAFLILI,0.7776994812040428,LLLAYLLGVLLGLLLIFLILI_0,1.1001100110011e+17,1.0,-52.7851,-55.1249,-44.9245,-222.553,-221.188,-244.192,-339.378,4581.36,3743.62,3527.51,-23.311,24047.1,-87.351,23984.0,-50.2613,-95.4798,46.1798,-47.4454,6.75701,7.05624,6.24893,21859.2,-91.43,48.2927,-36.5962,23707.7,7.0472,6.73401,5.9584,0.0,LLLAYLLGVLLGLLLIFLILI,0.344475271945138,0.0278679915655398,G,99999900.0,-37.0897,-7.860599999999998,21.63900000000001,837.7399999999998,-0.04427352161768569,-0.009383102155800129,0.02583020985031157,-0.027826055816840556
LYILTFLLAVLLILL,Mutant,,clash,15.0,LLLLYILTFLLAVLLLLLILI,0.165105213274432,LLLLYILTFLLAVLLILLILI_1,1.1001100110011e+17,1.0,-58.8904,-58.9744,-58.7636,-243.198,-228.458,-249.52,-360.058,4639.94,3769.41,3623.42,-23.3097,1786.05,-81.2793,1713.43,-51.7737,-59.1504,64.3892,28.5245,10.593,4.06509,3.53093,1499.9,-65.639,43.2616,25.0,1407.63,9.3683,2.18617,1.33509,1.0,LLLLYILTFLLAVLLILLILI,0.2271254752824953,0.0696651009040601,L,99999900.0,-29.50560000000001,-0.1268000000000029,6.322000000000003,870.5299999999997,-0.033893834790300184,-0.0001456583920140638,0.007262242541899768,-0.026776446532572117
YALLALLLGTLLSIL,Mutant,,void,7.0,LLLYALLFLLLGTLLSILILI,-0.0273546411386564,LLLYALLALLLGTLLSILILI_2,1.1001100110011e+17,1.0,-76.4495,-71.3173,-74.0819,-231.165,-222.498,-245.291,-370.196,4593.23,3767.16,3708.44,-23.3077,277.209,-85.8891,200.829,-50.8227,-71.0677,58.4332,-44.4412,7.37986,5.04863,4.42513,190.476,-60.5958,60.1642,-40.2827,-92.9866,7.5,3.71154,3.114,2.0,LLLYALLALLLGTLLSILILI,0.2191566913156904,0.0123032362002952,G,99999900.0,-35.0664,-2.367599999999996,14.126000000000005,826.0699999999997,-0.042449671335359006,-0.002866100935756046,0.017100245741886292,-0.028215163363879584
YVLLATLLAFLLSLL,WT,LLLYVLLATLLIFLLSLLILI,clash,,,,LLLYVLLATLLAFLLSLLILI_2,1.1001100110011e+17,1.0,-74.2093,-74.1376,-74.1003,-238.274,-233.673,-249.474,-363.468,4661.12,3920.68,3814.45,-23.3069,-14.0541,-74.2917,-69.7113,-39.893,-75.1317,57.8555,-37.9293,8.17739,5.58025,4.94808,-16.1977,-66.8884,60.5156,-36.0695,-379.36,8.5071,4.70287,4.1106,2.0,LLLYVLLATLLAFLLSLLILI,0.2962679001961827,0.0396090608374069,R,99999900.0,-34.398700000000005,-0.10899999999999466,11.199999999999989,740.44,-0.046457106585273626,-0.00014720976716546194,0.015126141213332597,-0.03147709470044838
LAVLLFTLALLLLSL,Mutant,,void,4.0,LLLLYVLLFTLALLLLSLILI,-0.1592740752946521,LLLLAVLLFTLALLLLSLILI_2,1.1001100110011e+17,1.0,-74.2231,-74.2231,-74.2231,-230.598,-221.08,-242.408,-372.808,4594.0,3628.48,3628.69,-23.2784,121.54,-91.2653,44.0343,-56.1769,-50.76,88.4202,19.4198,9.60766,6.05073,5.87703,57.6466,-57.7764,67.2616,24.5839,-315.248,9.4846,4.24678,3.7557,2.0,LLLLAVLLFTLALLLLSLILI,0.5148311575224566,0.0650064001422005,L,99999900.0,-35.08839999999999,0.0,11.809999999999974,965.52,-0.036341453310133394,0.0,0.012231750766426354,-0.02410970254370702
YSLLFTLLAVLLAAL,Mutant,,void,16.0,LLLYSLLFTLLAVLLALLILI,0.1269872181392885,LLLYSLLFTLLAVLLAALILI_1,1.1001100110011e+17,1.0,-70.0083,-70.6144,-58.7649,-234.266,-221.689,-245.773,-340.254,4633.7,3930.99,3842.33,-23.2261,3007.69,-59.2056,2959.74,-35.7157,-45.2719,76.1223,-43.4859,8.33084,3.5673,3.20914,1983.29,-41.4867,66.182,-35.0,2654.73,8.3362,1.65757,1.1503,1.0,LLLYSLLFTLLAVLLAALILI,0.2058967364543739,0.0451817269869987,R,99999900.0,-23.4899,-11.243400000000008,11.507000000000005,702.71,-0.033427587482745366,-0.016000056922485816,0.016375176103940466,-0.03305218368886169
LALLLAILLVLLSTL,Mutant,,void,4.0,LLLLFLLLAILLVLLSTLILI,-0.1049638415397359,LLLLALLLAILLVLLSTLILI_1,1.1001100110011e+17,1.0,-74.157,-74.157,-74.2356,-235.556,-226.793,-241.3,-390.366,4531.46,3692.03,3708.79,-23.2058,-5.13689,-103.858,-94.5528,-74.8298,-57.5931,85.0282,18.2825,9.25824,6.61777,6.39319,-6.31594,-63.2471,63.3749,18.87,-396.47,9.5,4.54268,3.9933,1.0,LLLLALLLAILLVLLSTLILI,0.3518263806300948,0.0365379728052939,L,99999900.0,-29.0282,0.07860000000000866,5.744,839.4299999999998,-0.034580846526809865,9.363496658447837e-05,0.0068427385249514566,-0.02764471129218637
YILLFTLLAVLLSLL,WT,LLLYILLFTLLIVLLSLLILI,clash,,,,LLLYILLFTLLAVLLSLLILI_2,1.1001100110011e+17,1.0,-74.2356,-75.4624,-74.2356,-244.903,-243.749,-252.715,-370.986,4670.44,4054.48,3885.21,-23.1578,59.4544,-75.0052,7.67937,-44.0351,-45.9153,78.975,-45.3126,8.7851,4.04891,3.73353,31.7296,-47.1777,64.0077,-41.6778,-306.611,8.4891,2.21769,1.67781,2.0,LLLYILLFTLLAVLLSLLILI,0.2011595428800365,0.042865117831703,R,99999900.0,-30.970100000000002,0.0,7.812000000000012,615.9599999999996,-0.0502794012598221,0.0,0.012682641729982494,-0.03759627248522634
YALLAALLGTLLGFL,Mutant,,void,8.0,LLLYALLALLLGTLLGFLILI,0.0457900007488656,LLLYALLAALLGTLLGFLILI_1,1.1001100110011e+17,1.0,-64.5705,-68.4537,-58.7826,-220.768,-210.855,-239.019,-326.342,4543.38,3695.48,3581.6,-23.1433,88600.8,-64.1466,88553.7,-28.5401,-73.1074,53.4121,-33.9022,7.05568,4.67673,3.97791,83312.2,-61.4491,56.4783,-36.3969,238134.0,6.7439,3.34193,2.6891,1.0,LLLYALLAALLGTLLGFLILI,0.1547679020524937,0.0325101736358505,G,99999900.0,-35.60650000000001,-5.787899999999993,18.251000000000005,847.9000000000001,-0.04199374926288478,-0.006826158745135031,0.021524943979242837,-0.02729484609034084
YGLLAALLGTLLSLL,Mutant,,void,7.0,LLLYGLLFALLGTLLSLLILI,-0.0290704443852785,LLLYGLLAALLGTLLSLLILI_2,1.1001100110011e+17,1.0,-86.8428,-77.8175,-74.0094,-220.152,-218.946,-240.301,-359.545,4534.08,3805.21,3718.51,-23.1367,-13.4816,-75.6869,-76.2622,-45.2337,-67.1065,64.3353,-39.1723,6.55795,5.25123,4.71626,-10.2281,-64.5043,61.457,-37.6682,-372.291,6.656,4.47234,3.89419,2.0,LLLYGLLAALLGTLLSLLILI,0.2348917416833867,0.0174796776079851,G,99999900.0,-30.453199999999995,-12.833399999999997,20.149,728.8699999999999,-0.04178138762742327,-0.017607255066061162,0.027644161510283045,-0.03174324639510476
LYALLLLLTVLAILL,Mutant,,void,14.0,LLLLYALLLLLTVLFILLILI,-0.190086727867022,LLLLYALLLLLTVLAILLILI_2,1.1001100110011e+17,1.0,-58.8963,-58.6797,-58.9757,-233.519,-221.882,-245.276,-367.695,4646.09,3710.58,3696.36,-23.122,21.3553,-98.4017,-65.7784,-63.4436,-55.6928,94.5639,24.4498,9.63547,7.62004,7.5385,24.9737,-63.0338,71.0042,23.361,-323.038,9.4488,5.54064,5.1057,2.0,LLLLYALLLLLTVLAILLILI,0.3905330938473229,0.0465478056577943,L,99999900.0,-34.9581,0.0794000000000068,11.757000000000005,935.5100000000002,-0.0373679597225043,8.4873491464556e-05,0.012567476563585641,-0.024715930348152337
LYVLLLILATLLASL,Mutant,,void,15.0,LLLLYVLLLILATLLFSLILI,0.0400181108648248,LLLLYVLLLILATLLASLILI_0,1.1001100110011e+17,1.0,-74.2185,-74.2185,-74.2185,-235.084,-217.815,-243.644,-374.779,4539.64,3716.01,3592.24,-23.1031,88.3949,-88.5802,5.64971,-56.9168,-58.6142,83.4085,16.7656,9.87271,6.55228,6.30341,81.2889,-62.5739,62.4261,19.1703,-286.384,9.1885,4.31361,3.75,0.0,LLLLYVLLLILATLLASLILI,0.264057681562012,0.0661928550465497,L,99999900.0,-31.663400000000003,0.0,8.560000000000002,823.6300000000001,-0.038443718660077945,0.0,0.010393016281582752,-0.028050338137270373
YILLTALLSVLLFLL,Mutant,,clash,4.0,LLLYALLTALLSVLLFLLILI,0.101483766727571,LLLYILLTALLSVLLFLLILI_0,1.1001100110011e+17,1.0,-77.5361,-61.751,-74.286,-245.47,-232.096,-252.847,-370.35,4695.62,4016.59,3830.64,-23.0899,0.143533,-70.4332,-76.3596,-43.2168,-53.6808,95.1045,-45.6577,8.4254,7.39124,7.3178,1.3818,-55.1691,76.5276,-42.1376,-370.206,8.1639,5.10659,4.7545,0.0,LLLYILLTALLSVLLFLLILI,0.2766288685927117,0.035268778840602,R,99999900.0,-27.2164,-3.2501000000000033,7.3770000000000095,679.0299999999997,-0.04008129243185133,-0.004786386463042877,0.010864026626216827,-0.03400424134427052
LAVLLAALLILLSTL,Mutant,,void,9.0,LLLLAVLLALLLILLSTLILI,-0.0318708653063621,LLLLAVLLAALLILLSTLILI_2,1.1001100110011e+17,1.0,-74.1912,-74.1912,-74.1912,-230.515,-226.435,-237.659,-379.021,4490.12,3650.87,3671.25,-23.0682,-18.9743,-97.3832,-97.3688,-67.1709,-54.1545,75.1286,16.1021,9.48722,4.76553,4.39246,-13.9309,-59.2256,60.857,18.0467,-391.885,9.5,3.59954,3.0124,2.0,LLLLAVLLAALLILLSTLILI,0.2708056692266267,0.0652898826037003,L,99999900.0,-30.2123,0.0,7.1440000000000055,839.25,-0.035999165921954124,0.0,0.008512362228179929,-0.02748668453976765
LVLLLAILTALLSLL,Mutant,,void,12.0,LLLLVLLLAILTFLLSLLILI,-0.0936841608661454,LLLLVLLLAILTALLSLLILI_0,1.1001100110011e+17,1.0,-74.1242,-71.0281,-74.1242,-237.688,-219.818,-241.114,-390.666,4504.81,3662.96,3645.58,-23.0667,-1.1495,-101.92,-100.97,-75.4281,-2.99639,118.25,24.9835,9.56782,2.91315,3.1869,-1.4461,-9.83843,94.7849,23.2579,-391.815,9.3793,0.771727,0.693501,0.0,LLLLVLLLAILTALLSLLILI,0.5272967348928598,0.0327196847512655,L,99999900.0,-26.4919,0.0,3.426000000000016,841.8500000000004,-0.031468670190651526,0.0,0.004069608600106925,-0.02740001187860069
ATLLISLLFTLLVLL,WT,LLLATLLIILLFTLLVLLILI,clash,,,,LLLATLLISLLFTLLVLLILI_0,1.1001100110011e+17,1.0,-82.2203,-81.4709,-74.2207,-231.42,-231.057,-248.282,-378.041,4662.37,3760.35,3717.53,-23.0621,-21.2412,-87.463,-86.7543,-55.5382,-49.245,84.8915,-41.1511,8.33223,5.3471,5.12048,-21.158,-50.9842,83.1824,-40.1235,-399.282,8.3571,5.37726,5.125,0.0,LLLATLLISLLFTLLVLLILI,0.4480459342818325,0.0808925216699468,R,99999900.0,-31.92479999999999,-7.999600000000001,16.862000000000023,902.02,-0.03539256335779693,-0.008868539500232812,0.01869359881155631,-0.02556717145961287
YVLLAILLTLLLSFL,WT,LLLYVLLIILLTLLLSFLILI,clash,,,,LLLYVLLAILLTLLLSFLILI_0,1.1001100110011e+17,1.0,-71.7977,-71.6347,-74.2519,-244.871,-238.942,-253.591,-372.109,4666.89,4060.33,3864.52,-23.0524,-17.607,-78.4928,-79.1393,-44.2658,-74.1383,56.7737,-36.1361,8.59376,5.28519,4.63679,-17.176,-76.3191,47.1656,-35.0895,-389.716,8.6159,4.31522,3.5227,0.0,LLLYVLLAILLTLLLSFLILI,0.2712154844308272,0.0685584599154945,R,99999900.0,-34.227000000000004,2.4542,8.719999999999999,606.5600000000004,-0.05642805328409388,0.004046096016882087,0.014376154049063561,-0.03800514376154046
YVLLATLLGGLLFLL,WT,LLLYVLLATLLGGLLFALILI,void,,,,LLLYVLLATLLGGLLFLLILI_1,1.1001100110011e+17,1.0,-65.0887,-62.2616,-58.655,-227.186,-219.176,-245.122,-339.095,4673.43,3962.01,3759.27,-23.0313,-12.5612,-69.8512,-70.2183,-35.3175,-49.0987,65.7512,-42.9041,6.58105,2.74123,2.22749,-14.1242,-42.5413,66.4514,-37.8047,-354.349,6.7945,1.85213,1.3489,1.0,LLLYVLLATLLGGLLFLLILI,0.2266014402966643,0.0355643066661345,G,99999900.0,-34.5337,-6.433700000000002,17.936000000000007,711.4200000000001,-0.04854193022405892,-0.009043462371032584,0.025211548733518885,-0.03237370329763009
LYYLTILLAVLLILL,Mutant,,clash,8.0,LLLLYYLTFLLAVLLILLILI,-0.0997716939060788,LLLLYYLTILLAVLLILLILI_0,1.1001100110011e+17,1.0,-73.813,-73.0289,-58.6805,-238.386,-223.385,-250.964,-360.666,4668.89,3929.14,3797.94,-22.9909,2488.67,-71.4582,2424.42,-51.0219,-69.2401,56.4089,23.0746,10.8575,4.50122,3.84735,1200.34,-70.366,39.5247,25.0484,2128.01,9.5,2.39073,1.4836,0.0,LLLLYYLTILLAVLLILLILI,0.363815935210675,0.0924464409943397,L,99999900.0,-20.436300000000003,-15.1325,12.578000000000003,739.7500000000005,-0.027625954714430537,-0.020456235214599515,0.017003041568097323,-0.031079283541737054
YFLLTILLAVLLSLL,WT,LLLYFLLIILLAVLLSLLILI,clash,,,,LLLYFLLTILLAVLLSLLILI_0,1.1001100110011e+17,1.0,-74.0552,-73.728,-74.0774,-242.51,-234.67,-253.616,-366.794,4737.58,3916.77,3853.56,-22.9855,-16.1015,-73.2145,-74.4981,-39.1004,-74.9556,59.8244,-42.4931,8.51905,5.81964,5.21701,-14.7751,-72.8356,51.2424,-44.0229,-382.896,8.2733,4.34306,3.6117,0.0,LLLYFLLTILLAVLLSLLILI,0.2695824359321915,0.0731604580307271,R,99999900.0,-34.1141,0.022199999999998,11.106000000000023,820.81,-0.04156150631693084,2.7046454112398728e-05,0.013530536908663422,-0.02800343563065752
YLLLATLLFVLLSLL,WT,LLLYLLLATLLFILLSLLILI,clash,,,,LLLYLLLATLLFVLLSLLILI_2,1.1001100110011e+17,1.0,-74.2316,-74.153,-74.2072,-242.457,-238.442,-253.083,-373.056,4720.36,3908.72,3829.8,-22.939,-16.0181,-79.3063,-76.4792,-45.7656,-43.1153,83.7608,-45.7641,8.63037,4.275,4.03141,-8.29793,-36.9249,77.9317,-44.0734,-381.424,8.7253,2.55952,2.2285,2.0,LLLYLLLATLLFVLLSLLILI,0.2095108523159181,0.0813731566216604,R,99999900.0,-33.540699999999994,-0.024399999999999977,10.626000000000005,811.6399999999999,-0.041324602040313435,-3.006258932531662e-05,0.013092011236508804,-0.028262530185796664
TALLGLLLGVLLASL,Mutant,,void,4.0,LLLTLLLGLLLGVLLASLILI,0.0715662263116814,LLLTALLGLLLGVLLASLILI_0,1.1001100110011e+17,1.0,-72.6411,-64.8999,-60.2643,-212.639,-215.036,-238.016,-363.456,4492.24,3626.89,3603.3,-22.9381,-16.4114,-101.114,-99.9317,-65.1756,-101.958,25.9856,-42.1567,6.45069,5.30182,4.1916,-15.9853,-97.764,38.4753,-38.0973,-379.867,7.04,6.35877,5.4359,0.0,LLLTALLGLLLGVLLASLILI,1.1022217881936809,0.0512180891199818,G,99999900.0,-35.9384,-12.376799999999996,25.37699999999998,865.3499999999999,-0.04153047899693766,-0.01430265210608424,0.029325706361587777,-0.026507309181256142
VSLLILLAALLFTLL,Mutant,,void,10.0,LLLVSLLILLLALLFTLLILI,-0.0583079522845484,LLLVSLLILLAALLFTLLILI_1,1.1001100110011e+17,1.0,-68.6226,-66.9438,-58.8634,-227.306,-218.211,-242.448,-359.798,4594.86,3688.81,3669.24,-22.9224,24.7922,-86.7915,-49.8502,-58.4857,-102.902,22.2665,27.8209,9.01616,4.94132,3.77532,19.365,-105.071,6.3463,22.0802,-341.225,9.1013,3.1174,1.71259,1.0,LLLVSLLILLAALLFTLLILI,0.2822325123476988,0.0435293947593021,L,99999900.0,-28.305799999999998,-9.759200000000007,15.141999999999996,906.0499999999997,-0.031240880746095698,-0.01077114949506099,0.01671210198112687,-0.025299266044920266
LYVLLLALIILLFSL,Mutant,,clash,11.0,LLLLYVLLLALTILLFSLILI,-0.1354477290719987,LLLLYVLLLALIILLFSLILI_2,1.1001100110011e+17,1.0,-60.4404,-60.4404,-60.4404,-242.562,-227.487,-248.99,-358.903,4663.98,3739.12,3592.63,-22.9172,783.582,-78.8178,712.606,-49.473,-48.2781,90.7297,23.2948,10.2039,5.99021,5.85116,742.487,-60.6709,65.7431,20.4901,413.606,9.5,4.47595,3.9621,2.0,LLLLYVLLLALIILLFSLILI,0.365215959284099,0.0702976639621618,L,99999900.0,-29.344800000000006,0.0,6.427999999999997,924.8599999999997,-0.0317289103215622,0.0,0.006950241117574551,-0.024779101701879212
SYLLTTLLALLLSFL,WT,LLLSYLLTTLLILLLSFLILI,clash,,,,LLLSYLLTTLLALLLSFLILI_2,1.1001100110011e+17,1.0,-107.041,-104.768,-87.8868,-236.297,-237.68,-257.729,-383.994,4601.78,3845.24,3769.36,-22.8901,-18.1373,-63.5462,-59.6828,-38.3782,-64.199,61.2756,-45.7156,8.62491,4.40206,3.82119,-21.3816,-63.1551,59.7836,-45.0,-405.853,8.4969,4.04405,3.4408,2.0,LLLSYLLTTLLALLLSFLILI,0.479857130961232,0.0567062924837688,R,99999900.0,-25.168,-19.154200000000003,21.431999999999988,756.54,-0.033267242974594866,-0.025318158986966988,0.02832897136965658,-0.03025629841118778
LIALLAVLYLLLSTL,Mutant,,void,5.0,LLLLIFLLAVLYLLLSTLILI,-0.191830296340656,LLLLIALLAVLYLLLSTLILI_1,1.1001100110011e+17,1.0,-74.2187,-74.1653,-74.2187,-231.998,-230.974,-243.619,-376.451,4544.2,3668.44,3559.07,-22.8496,-18.6615,-93.0841,-89.973,-58.6136,-47.9102,82.6419,23.266,9.3096,4.84318,4.58281,-11.923,-52.6824,67.6516,25.6825,-388.45,9.1288,3.53533,3.0501,1.0,LLLLIALLAVLYLLLSTLILI,0.5419998922399301,0.0730896083982941,L,99999900.0,-34.47050000000001,0.0,11.62100000000001,875.7599999999998,-0.03936066958984199,0.0,0.01326961724673428,-0.02609116652964283
YSLLLLLTALLAVLL,Mutant,,void,11.0,LLLYSLLLLLTFLLAVLLILI,-0.0319037291021666,LLLYSLLLLLTALLAVLLILI_0,1.1001100110011e+17,1.0,-65.4317,-66.8668,-58.8168,-230.078,-224.441,-248.939,-368.559,4677.96,3708.59,3794.78,-22.8445,-11.7074,-95.8941,-88.9593,-60.8036,-107.707,19.9682,24.8972,9.2606,5.35173,4.15125,-11.4927,-106.527,9.82963,27.9293,-380.267,9.2389,3.80605,2.45349,0.0,LLLYSLLLLLTALLAVLLILI,0.2744200512481283,0.0482858912958142,L,99999900.0,-35.09049999999999,-6.614900000000006,18.86099999999999,969.3699999999999,-0.036199284071097716,-0.006823916564366554,0.019456966896025246,-0.02356633689922321
SSLLALLLGTLLGAL,Mutant,,void,16.0,LLLSSLLALLLGTLLGFLILI,-0.0784369101793439,LLLSSLLALLLGTLLGALILI_0,1.1001100110011e+17,1.0,-76.4018,-87.3085,-58.7549,-215.49,-210.448,-250.836,-366.959,4431.28,3460.29,3384.6,-22.832,4852.64,-97.8988,4783.44,-57.3683,-61.9939,66.6226,-36.7761,7.10322,4.79315,4.29249,4795.94,-65.5548,56.8812,-35.0605,4485.68,6.8434,4.01218,3.3654,0.0,LLLSSLLALLLGTLLGALILI,0.3112484986405645,0.0612816347192382,G,99999900.0,-40.530499999999996,-17.646899999999995,35.346000000000004,970.9899999999998,-0.04174141855219931,-0.018174131556452693,0.03640202267788547,-0.023514145356800797
LYLLTVLLAILISLL,Mutant,,clash,14.0,LLLLYLLTVLLAILFSLLILI,-0.1080379796588333,LLLLYLLTVLLAILISLLILI_0,1.1001100110011e+17,1.0,-76.1164,-74.2409,-74.1682,-249.803,-235.933,-246.41,-382.545,4602.79,3921.32,3862.91,-22.8038,-5.45513,-79.4293,-77.8262,-61.9667,-98.3615,19.8255,15.7568,10.6477,3.93067,2.72805,-5.70302,-95.2993,8.2247,24.1394,-388.0,9.5,1.90523,0.528601,0.0,LLLLYLLTVLLAILISLLILI,0.4569587510660883,0.069903550739738,L,99999900.0,-17.462599999999995,-1.9482,-3.3930000000000007,681.4699999999998,-0.025624899115148137,-0.0028588199040309927,-0.0049789425800108615,-0.033462661599189994
LYLLVTLLAILLALL,Mutant,,void,15.0,LLLLYLLVTLLAILLFLLILI,-0.2328205609627093,LLLLYLLVTLLAILLALLILI_0,1.1001100110011e+17,1.0,-53.9903,-53.0442,-58.8564,-229.105,-217.454,-244.388,-369.61,4645.76,3583.58,3672.6,-22.7994,433.371,-109.313,334.26,-66.3654,-64.0162,65.7522,16.5456,9.04255,4.97898,4.46526,349.165,-65.776,50.242,23.3914,63.761,9.1145,3.14907,2.4027,0.0,LLLLYLLVTLLAILLALLILI,0.3396278609746946,0.0718103091437079,L,99999900.0,-42.94760000000001,4.866100000000003,15.283000000000015,1062.1800000000003,-0.04043344819145531,0.004581238584797305,0.014388333427479345,-0.021464723493193238
LLTLLAVLISLLFAL,Mutant,,void,16.0,LLLLLTLLAVLISLLFLLILI,-0.1349202687103558,LLLLLTLLAVLISLLFALILI_2,1.1001100110011e+17,1.0,-64.4382,-64.7858,-60.4271,-223.411,-222.612,-241.903,-362.148,4552.08,3609.1,3653.92,-22.7626,-17.0338,-97.062,-91.784,-59.8179,-10.0779,102.495,18.216,8.81699,1.84845,1.88587,-8.68168,-15.3543,87.1164,18.0,-370.742,9.0332,0.563854,0.370599,2.0,LLLLLTLLAVLISLLFALILI,0.5827321728204619,0.040064217519616,L,99999900.0,-37.244099999999996,-4.011099999999992,18.49199999999999,942.98,-0.03949617171095887,-0.004253642707162391,0.01961017200788987,-0.024139006129504335
YVLLFALLGALLGTL,Mutant,,void,8.0,LLLYVLLFLLLGALLGTLILI,0.0102607431145735,LLLYVLLFALLGALLGTLILI_0,1.1001100110011e+17,1.0,-68.7933,-70.3451,-58.7437,-223.471,-215.867,-240.909,-329.095,4560.96,3901.77,3784.48,-22.7283,-10.7883,-59.5588,-53.6712,-29.4414,-40.464,69.4171,-45.0332,6.44247,1.94091,1.48216,-10.4359,-41.6132,59.4908,-39.8529,-339.883,6.5091,0.773238,0.1656,0.0,LLLYVLLFALLGALLGTLILI,0.1696574824012019,0.148919539011175,G,99999900.0,-30.117399999999996,-10.049600000000005,17.437999999999988,659.19,-0.04568849648811419,-0.015245376901955437,0.026453677998756028,-0.034479133482000636
ASLLALLLGTLLGFL,Mutant,,void,3.0,LLLYSLLALLLGTLLGFLILI,-0.0543341424320628,LLLASLLALLLGTLLGFLILI_2,1.1001100110011e+17,1.0,-64.0512,-71.9728,-58.7271,-213.928,-213.465,-234.724,-342.7,4471.55,3551.75,3415.48,-22.7158,8081.07,-87.4372,8023.8,-49.2488,-73.1533,47.0161,-32.5424,7.16628,3.82017,3.02541,7374.22,-65.5548,56.8812,-35.0605,7738.37,6.8434,4.01218,3.3654,2.0,LLLASLLALLLGTLLGFLILI,0.2252984850286562,0.0254205799201724,G,99999900.0,-38.1884,-5.324099999999994,20.795999999999992,919.8000000000002,-0.04151815612089584,-0.0057883235485975135,0.022609262883235472,-0.02469645575125027
YALLGALLGILLSTL,Mutant,,void,4.0,LLLYLLLGALLGILLSTLILI,0.1951059368725162,LLLYALLGALLGILLSTLILI_1,1.1001100110011e+17,1.0,-86.3985,-83.3347,-74.098,-220.596,-223.244,-240.238,-356.014,4490.12,3864.77,3733.1,-22.7147,-19.2533,-71.7348,-68.6894,-41.6788,-68.4381,61.8556,-44.8368,6.72284,5.11622,4.54406,-14.2852,-63.07,66.418,-42.249,-370.095,7.1117,4.92693,4.4232,1.0,LLLYALLGALLGILLSTLILI,0.5975602751988508,0.0433722261929417,G,99999900.0,-30.056000000000004,-12.3005,19.641999999999996,625.3499999999999,-0.048062684896458,-0.019669784920444553,0.03140961061805389,-0.03632317901974895
YALLVALLGTLLAFL,Mutant,,void,8.0,LLLYALLVLLLGTLLAFLILI,-0.0102421375886907,LLLYALLVALLGTLLAFLILI_2,1.1001100110011e+17,1.0,-58.7698,-58.7698,-58.7698,-235.487,-234.207,-242.707,-333.46,4598.84,4058.54,3747.82,-22.6939,1984.24,-61.8976,1943.75,-31.9833,-56.1765,75.9026,-46.4112,7.55422,5.17333,4.81187,1918.93,-52.9906,59.3407,-40.4383,1652.76,7.2557,2.45959,1.8497,2.0,LLLYALLVALLGTLLAFLILI,0.2256171187296138,0.0173476374579811,G,99999900.0,-29.914299999999997,0.0,7.219999999999999,540.3000000000002,-0.055366092911345526,0.0,0.013362946511197476,-0.042002406070701444
YALLFILLGTLLSIL,Mutant,,clash,8.0,LLLYALLFLLLGTLLSILILI,0.0079812099738045,LLLYALLFILLGTLLSILILI_2,1.1001100110011e+17,1.0,-83.9388,-70.4521,-74.0819,-230.34,-227.169,-250.016,-359.95,4626.21,4003.16,3721.57,-22.678,337.884,-68.349,275.555,-35.8513,-64.6021,53.6179,-54.2461,7.36795,3.42874,2.73301,229.783,-60.5958,60.1642,-40.2827,-33.1297,7.5,3.71154,3.114,2.0,LLLYALLFILLGTLLSILILI,0.1772282236889861,0.10840270362544,G,99999900.0,-32.4977,-9.856899999999996,19.675999999999988,623.0500000000002,-0.0521590562555172,-0.01582039964689831,0.0315801300056175,-0.03639836289222373
GYLLAALLGVLLSTL,Mutant,,void,8.0,LLLGYLLALLLGVLLSTLILI,0.5673018139792674,LLLGYLLAALLGVLLSTLILI_0,1.1001100110011e+17,1.0,-88.8262,-80.6542,-74.2086,-219.36,-219.904,-241.092,-358.767,4454.43,3664.45,3719.82,-22.6757,-17.6958,-73.257,-75.9043,-43.4663,-76.4414,50.8729,-46.2823,6.97457,4.83405,4.09714,-17.0853,-72.8398,58.7702,-43.8998,-376.463,7.2749,5.35995,4.7415,0.0,LLLGYLLAALLGVLLSTLILI,0.8417103922559223,0.0271969745855236,G,99999900.0,-29.790700000000008,-14.617599999999996,21.732,789.9800000000005,-0.03771070153674776,-0.018503759588850335,0.02750955720397983,-0.02870414440871919
LLVLTILLAILFSLL,Mutant,,clash,8.0,LLLLLVLTLLLAILFSLLILI,-0.1339562393876399,LLLLLVLTILLAILFSLLILI_0,1.1001100110011e+17,1.0,-74.2013,-70.6371,-74.1891,-244.1,-232.192,-245.538,-381.594,4534.0,3735.3,3658.37,-22.6421,20.3936,-85.9357,-58.3718,-61.8669,-60.0516,59.1108,24.4491,9.9071,3.48771,2.87437,20.3924,-58.1024,48.2056,26.441,-361.201,9.3786,1.72312,0.946204,0.0,LLLLLVLTILLAILFSLLILI,0.4039504031901272,0.0459142881190895,L,99999900.0,-24.068799999999996,-0.012200000000007094,1.4380000000000166,798.6999999999998,-0.030134969325153377,-1.5274821585084633e-05,0.0018004256917491135,-0.028348691623888825
GYLLALLLGTLLSAL,Mutant,,void,16.0,LLLGYLLALLLGTLLSFLILI,-0.2278202023111569,LLLGYLLALLLGTLLSALILI_2,1.1001100110011e+17,1.0,-77.3291,-77.4235,-74.0304,-221.68,-221.474,-241.754,-364.441,4518.58,3584.88,3625.32,-22.5949,-22.5052,-88.0274,-88.049,-48.6564,-69.1906,54.4391,-39.8526,6.93455,4.22787,3.54445,-22.5427,-68.9875,54.3485,-39.7512,-386.77,6.8746,4.18517,3.5004,2.0,LLLGYLLALLLGTLLSALILI,0.8870698979682432,0.0881055491022736,G,99999900.0,-39.371,-3.2986999999999966,20.073999999999984,933.6999999999998,-0.042166648816536374,-0.003532933490414477,0.02149941094569989,-0.024199314554996257
YSLLALLLGTLLGFL,WT,LLLYSLLALLLITLLGFLILI,clash,,,,LLLYSLLALLLGTLLGFLILI_2,1.1001100110011e+17,1.0,-65.3928,-71.9728,-58.7271,-220.765,-220.593,-245.189,-340.151,4627.04,3635.74,3545.36,-22.5895,8081.87,-76.5826,8034.28,-36.2353,-72.9009,48.3326,-32.4582,7.09777,3.96004,3.18503,4464.22,-65.5548,56.8812,-35.0605,7741.72,6.8434,4.01218,3.3654,2.0,LLLYSLLALLLGTLLGFLILI,0.1635901681475372,0.0323094615081717,G,99999900.0,-40.3473,-6.665699999999994,24.424000000000007,991.3000000000002,-0.040701402199132444,-0.006724200544739224,0.024638353676989813,-0.02278775345505901
YFLLAILVTLLLSLL,WT,LLLYFLLIILVTLLLSLLILI,clash,,,,LLLYFLLAILVTLLLSLLILI_0,1.1001100110011e+17,1.0,-70.6333,-70.7343,-74.1592,-236.627,-230.686,-251.782,-368.068,4660.97,3683.92,3784.65,-22.5861,-10.3652,-83.3939,-77.0128,-42.1271,-104.965,25.636,18.469,9.0648,5.70562,4.59016,-9.24846,-111.368,7.59807,18.0,-378.434,9.5,4.23094,2.84491,0.0,LLLYFLLAILVTLLLSLLILI,0.2274914085988303,0.0689966766612492,L,99999900.0,-41.2668,3.525899999999993,15.155000000000001,977.0500000000002,-0.042236118929430425,0.0036087201269126372,0.015510976920321374,-0.023116626580011252
YALLLALLVSLLFTL,WT,LLLYILLLALLVSLLFTLILI,clash,,,,LLLYALLLALLVSLLFTLILI_1,1.1001100110011e+17,1.0,-74.1887,-74.1887,-74.1887,-238.062,-235.087,-250.034,-360.732,4693.27,3866.47,3805.54,-22.5858,-18.8978,-71.0666,-70.3539,-36.5091,-40.4801,78.6241,-31.9415,8.50235,3.18626,2.86563,-19.6204,-39.3076,75.987,-35.0,-380.81,8.4047,2.65439,2.2942,1.0,LLLYALLLALLVSLLFTLILI,0.3930035816257004,0.0474438113508236,R,99999900.0,-34.5575,0.0,11.97199999999998,826.8000000000006,-0.0417966860183841,0.0,0.014479922593130105,-0.027317126269956436
TYLLAVLLGLLLAFL,WT,LLLTYLLAVLLILLLAFLILI,clash,,,,LLLTYLLAVLLGLLLAFLILI_2,1.1001100110011e+17,1.0,-54.5364,-53.5416,-44.9868,-230.074,-230.805,-249.641,-344.551,4610.77,3768.62,3650.13,-22.5308,-12.9312,-82.4713,-73.1353,-49.9228,-71.4285,46.9146,-44.9365,6.94558,3.54774,2.75146,-13.7724,-71.1566,42.8294,-43.0573,-361.888,7.0278,2.95546,2.0979,2.0,LLLTYLLAVLLGLLLAFLILI,0.508470813495443,0.0326994630702972,G,99999900.0,-32.5485,-9.549599999999998,19.56699999999998,842.1500000000005,-0.038649290506441815,-0.011339547586534457,0.02323457816303505,-0.026753903698865978
YSLLLALLFALLTIL,WT,LLLYSLLLILLFALLTILILI,clash,,,,LLLYSLLLALLFALLTILILI_1,1.1001100110011e+17,1.0,-69.8129,-62.1425,-58.8896,-233.874,-232.046,-251.5,-355.744,4677.28,3850.0,3691.21,-22.5205,724.628,-74.5781,663.073,-45.3542,-51.0305,84.899,-43.2262,8.21942,5.61593,5.38942,719.33,-54.1112,74.7115,-35.0,510.937,8.1658,4.70273,4.3234,1.0,LLLYSLLLALLFALLTILILI,0.4693077537845631,0.0524383403811252,R,99999900.0,-29.223900000000008,-10.923299999999998,17.626000000000005,827.2799999999997,-0.03532528285465624,-0.013203872932985205,0.0213059665409535,-0.027222343100280443
YVLLTILLAFLLILL,Mutant,,clash,15.0,LLLYVLLTILLAFLLSLLILI,-0.068613351173372,LLLYVLLTILLAFLLILLILI_2,1.1001100110011e+17,1.0,-58.9032,-58.9032,-58.9032,-253.318,-248.093,-255.365,-360.822,4716.74,4080.43,3825.21,-22.5097,770.974,-71.1104,717.148,-46.5532,-67.9061,70.0961,-40.1819,9.1927,6.14889,5.70033,728.008,-63.1873,55.2127,-36.6493,393.347,8.5138,3.43181,2.76,2.0,LLLYVLLTILLAFLLILLILI,0.3026792987652192,0.0484070395697237,R,99999900.0,-24.5572,0.0,2.046999999999997,636.31,-0.03859313856453616,0.0,0.003216985431629233,-0.03537536735239113
LAVLLATLLALLSFL,Mutant,,void,4.0,LLLLYVLLATLLALLSFLILI,-0.0515800086447363,LLLLAVLLATLLALLSFLILI_0,1.1001100110011e+17,1.0,-74.2354,-74.2354,-74.2354,-226.471,-210.939,-238.57,-364.275,4511.09,3654.48,3668.43,-22.5082,-2.7192,-86.077,-81.8202,-51.4701,-49.3506,93.5846,17.4393,9.09123,6.53651,6.44028,-2.31171,-50.5223,77.5983,19.578,-366.994,9.0984,4.55412,4.2181,0.0,LLLLAVLLATLLALLSFLILI,0.3677926929759472,0.0148269415838793,L,99999900.0,-34.606899999999996,0.0,12.09899999999999,856.6100000000001,-0.04039983189549502,0.0,0.014124280594436194,-0.0262759015187775
FALLTILLSLLAVLL,Mutant,,void,14.0,LLLFALLTILLSLLYVLLILI,-0.138593040715974,LLLFALLTILLSLLAVLLILI_0,1.1001100110011e+17,1.0,-70.6701,-74.3228,-74.3228,-239.682,-228.998,-242.963,-371.388,4593.96,3808.2,3817.04,-22.5064,-9.75658,-83.5417,-77.8238,-54.1016,-99.4469,29.9034,21.554,9.18708,5.45399,4.40254,-10.1162,-99.2526,18.5861,24.7801,-381.144,9.1248,3.89701,2.6758,0.0,LLLFALLTILLSLLAVLLILI,0.3342511890926808,0.0991956151674235,L,99999900.0,-29.440100000000008,3.652699999999996,3.281000000000006,785.7600000000002,-0.037467038281409085,0.004648620443901439,0.004175575239258813,-0.02864284259824882
YALLTSLLVALLFLL,WT,LLLYALLTSLLVILLFLLILI,clash,,,,LLLYALLTSLLVALLFLLILI_0,1.1001100110011e+17,1.0,-74.2242,-74.2242,-74.2242,-242.945,-235.274,-250.131,-360.859,4692.45,3894.66,3859.41,-22.5041,-13.1643,-66.194,-64.5256,-36.5042,-30.4227,111.024,-39.6226,8.55467,6.05168,6.21705,-13.7199,-35.5651,88.7149,-39.2404,-374.024,9.0,3.81128,3.642,0.0,LLLYALLTSLLVALLFLLILI,0.3470041872025822,0.0128096511617482,R,99999900.0,-29.689800000000005,0.0,7.186000000000007,797.79,-0.037215056593840494,0.0,0.009007382895248132,-0.028208049737399567
LFLLLTALLVLLSIL,WT,LLLLFLLLIALLVLLSILILI,clash,,,,LLLLFLLLTALLVLLSILILI_1,1.1001100110011e+17,1.0,-74.2268,-74.192,-74.2439,-238.189,-234.38,-246.287,-381.099,4635.77,3660.68,3671.19,-22.4927,-16.8741,-91.1765,-89.4018,-60.5685,-56.0521,80.2091,28.6515,9.50698,5.73605,5.43918,-6.86333,-59.7713,62.84,23.7958,-387.494,9.4205,3.9491,3.3917,1.0,LLLLFLLLTALLVLLSILILI,0.3467944982415971,0.0646655956990378,L,99999900.0,-30.608000000000004,0.017099999999999227,8.098000000000013,975.0900000000006,-0.031389922981468366,1.7536842752975843e-05,0.008304874421848248,-0.02306730660759518
SSLLALLLGTLLGFL,WT,LLLSSLLALLLGTLLIFLILI,clash,,,,LLLSSLLALLLGTLLGFLILI_2,1.1001100110011e+17,1.0,-78.6554,-87.3085,-58.7549,-218.489,-215.468,-257.279,-366.15,4497.43,3496.56,3364.94,-22.4564,4849.87,-91.4626,4786.49,-50.1164,-72.8387,50.0454,-36.2611,7.01999,4.18193,3.43261,3655.68,-65.5548,56.8812,-35.0605,4483.72,6.8434,4.01218,3.3654,2.0,LLLSSLLALLLGTLLGFLILI,0.2233897859770789,0.0618249767128492,G,99999900.0,-41.346199999999996,-19.9005,38.78999999999999,1000.8700000000003,-0.04131026007373583,-0.019883201614595298,0.03875628203462985,-0.0224368799144744
LLILTALLFVLLSLL,WT,LLLLLILTILLFVLLSLLILI,clash,,,,LLLLLILTALLFVLLSLLILI_2,1.1001100110011e+17,1.0,-74.2402,-74.2407,-74.228,-236.809,-223.375,-245.397,-383.707,4596.46,3695.24,3685.31,-22.4552,2.40151,-95.1125,-83.6889,-64.0819,-56.3755,64.547,21.4237,9.13795,3.67016,3.13837,-8.38668,-60.6627,45.9066,21.8615,-391.112,9.0485,1.7968,0.985399,2.0,LLLLLILTALLFVLLSLLILI,0.4317009548006063,0.0625057946593104,L,99999900.0,-31.030599999999993,-0.012200000000007094,8.587999999999994,901.2200000000003,-0.03443177026697142,-1.3537205121953674e-05,0.009529304720268071,-0.02491644659461618
STLLGALLGALLGFL,Mutant,,void,12.0,LLLSTLLGALLGLLLGFLILI,-0.0330984384134264,LLLSTLLGALLGALLGFLILI_1,1.1001100110011e+17,1.0,-72.0011,-69.4302,-44.8671,-213.033,-213.076,-249.237,-339.008,4423.74,3695.84,3604.67,-22.4124,-18.5556,-76.3864,-75.0566,-44.9034,-72.0306,60.5679,-36.2999,6.37433,5.48126,4.88977,-15.088,-68.8242,63.6738,-35.7825,-355.924,6.5843,5.41959,4.8747,1.0,LLLSTLLGALLGALLGFLILI,0.9583099722070793,0.0294580971468472,G,99999900.0,-31.482999999999997,-27.133999999999993,36.20400000000001,727.8999999999996,-0.04325182030498697,-0.037277098502541565,0.04973760131886252,-0.03079049319961535
YFLLFTLLAVLLSLL,WT,LLLYFLLFTLLAVLLSALILI,void,,,,LLLYFLLFTLLAVLLSLLILI_0,1.1001100110011e+17,1.0,-74.2363,-74.2363,-74.2363,-240.555,-235.912,-250.244,-352.101,4728.12,3947.59,3960.36,-22.4112,-17.7329,-59.7209,-59.6855,-27.621,-64.4136,68.8886,-46.6941,8.39877,5.46199,4.99532,-17.2573,-62.5584,66.025,-45.0,-369.834,8.4703,4.79713,4.2875,0.0,LLLYFLLFTLLAVLLSLLILI,0.2266330079606457,0.0920270650144732,R,99999900.0,-32.099900000000005,0.0,9.688999999999993,780.5299999999997,-0.04112577351286948,0.0,0.012413360152716739,-0.028712797714373576
YTLLIALLFVLLSAL,Mutant,,void,16.0,LLLYTLLIALLFVLLSLLILI,0.0347743300476657,LLLYTLLIALLFVLLSALILI_1,1.1001100110011e+17,1.0,-74.2531,-68.3616,-60.4202,-229.664,-232.551,-249.872,-340.601,4698.28,3782.39,3853.49,-22.4076,-22.1576,-59.0917,-61.8455,-30.3087,-47.7522,89.2016,-46.3718,7.98933,5.70504,5.54306,-21.015,-47.7386,87.5794,-45.0,-361.397,8.0045,5.48401,5.2977,1.0,LLLYTLLIALLFVLLSALILI,0.2496211275670866,0.0485753391670574,R,99999900.0,-28.783,-13.832900000000002,20.208000000000027,915.8899999999999,-0.03142626297917873,-0.015103232920983966,0.02206378495234147,-0.024465383397569578
YTLLAALLVLLLFSL,Mutant,,void,7.0,LLLYTLLIALLVLLLFSLILI,0.0622820404871821,LLLYTLLAALLVLLLFSLILI_2,1.1001100110011e+17,1.0,-69.0202,-74.0295,-60.3998,-235.029,-230.512,-251.451,-354.711,4747.06,3913.41,3744.06,-22.399,-20.0785,-73.0601,-70.248,-42.8601,-53.7183,88.5327,-46.9263,8.84463,6.50965,6.33764,-18.2233,-49.6955,84.1851,-43.2834,-373.015,9.0,5.31932,5.0821,2.0,LLLYTLLAALLVLLLFSLILI,0.2633837430862295,0.0123747610901083,R,99999900.0,-30.200000000000003,-8.620400000000004,16.421999999999997,833.6500000000005,-0.03622623403106817,-0.010340550590775504,0.019698914412523225,-0.02686858993582437
FALLILLVSLLLTLL,Mutant,,clash,7.0,LLLFALLLLLVSLLLTLLILI,-0.2120947719469449,LLLFALLILLVSLLLTLLILI_0,1.1001100110011e+17,1.0,-74.2429,-74.2637,-74.3103,-239.985,-226.308,-245.184,-381.467,4706.77,3808.78,3655.06,-22.3887,7421.1,-89.6276,7340.21,-61.9727,-101.428,36.8306,30.4395,9.77129,6.68627,5.73873,5466.81,-108.558,13.7253,22.6463,7039.63,9.4795,4.63662,3.3425,0.0,LLLFALLILLVSLLLTLLILI,0.4448665120975137,0.0197246299032431,L,99999900.0,-27.654899999999998,0.06739999999999213,5.198999999999984,897.9900000000002,-0.030796445394714853,7.505651510595009e-05,0.005789596766110961,-0.024932014833127313
LLLLLTVLTALLFAL,Mutant,,void,16.0,LLLLLLLLTVLTALLFILILI,-0.0815598686998275,LLLLLLLLTVLTALLFALILI_1,1.1001100110011e+17,1.0,-72.4602,-72.4432,-72.5644,-232.121,-231.169,-242.816,-371.813,4570.64,3657.37,3674.68,-22.3846,-14.2881,-89.6159,-82.4884,-56.4328,-10.5998,110.423,22.0008,9.30424,2.99701,3.15335,-3.72826,-15.2279,93.3614,21.5317,-375.588,9.5,1.38798,1.2884,1.0,LLLLLLLLTVLTALLFALILI,0.3724347327769082,0.0415658769015261,L,99999900.0,-33.183099999999996,0.10420000000000584,10.694999999999993,913.2700000000004,-0.03633438085122689,0.00011409550297284023,0.011710666068085001,-0.024510385756676543
FALLTVLLSLLYLLL,WT,LLLFILLTVLLSLLYLLLILI,clash,,,,LLLFALLTVLLSLLYLLLILI_0,1.1001100110011e+17,1.0,-70.6852,-70.6457,-74.3339,-242.596,-225.943,-249.931,-372.571,4692.93,3741.59,3699.97,-22.3741,39.0586,-81.6644,-36.9242,-48.3059,-94.9666,52.1046,25.3574,9.41866,7.77911,7.06068,37.6623,-97.9457,30.4483,18.4225,-333.512,9.4224,5.30238,4.2591,0.0,LLLFALLTVLLSLLYLLLILI,0.2296108259858133,0.0596325559650205,L,99999900.0,-33.3585,3.648700000000005,7.335000000000008,951.3400000000001,-0.03506475077259444,0.0038353270124245847,0.007710177223705517,-0.02351851073223032
VALLFLLTALLASLL,Mutant,,void,14.0,LLLVALLFLLTALLYSLLILI,-0.0735410734651427,LLLVALLFLLTALLASLLILI_2,1.1001100110011e+17,1.0,-74.2441,-74.2441,-74.1862,-227.08,-227.524,-238.478,-363.168,4604.31,3616.3,3688.53,-22.3648,-19.0131,-84.2085,-80.413,-50.5032,-99.6249,42.2639,17.7771,8.45306,7.14936,6.28331,-7.92945,-101.418,26.0133,19.6683,-370.7,8.5316,5.22449,4.11469,2.0,LLLVALLFLLTALLASLLILI,0.3796494841159938,0.0438698432387095,L,99999900.0,-33.7053,-0.057900000000003615,11.397999999999996,988.0100000000002,-0.03411433082661106,-5.8602645722212936e-05,0.011536320482586203,-0.02263620813554518
YLLLATLLAFLLSIL,WT,LLLYLLLATLLIFLLSILILI,clash,,,,LLLYLLLATLLAFLLSILILI_0,1.1001100110011e+17,1.0,-74.1883,-73.9913,-74.0792,-236.59,-227.307,-250.461,-366.814,4662.93,3868.29,3781.94,-22.3431,-14.7957,-78.3788,-80.3117,-42.2742,-81.0747,58.0355,-43.5394,7.95337,6.49598,5.86652,-14.1508,-72.3455,59.1071,-38.7139,-381.61,8.3283,5.33129,4.7179,0.0,LLLYLLLATLLAFLLSILILI,0.2546054088867307,0.0328898361522953,R,99999900.0,-36.1046,-0.10909999999999798,13.87100000000001,794.6400000000003,-0.045435165609584195,-0.0001372948756669661,0.017455703211517168,-0.0281172606463304
VYLLIALLTALLSLL,WT,LLLVYLLIALLTILLSLLILI,clash,,,,LLLVYLLIALLTALLSLLILI_0,1.1001100110011e+17,1.0,-81.4347,-82.4427,-74.2816,-231.839,-228.56,-242.977,-376.46,4598.32,3779.37,3876.2,-22.3345,-16.8111,-85.5207,-82.2689,-59.202,-22.4454,96.2729,-43.5916,8.70324,2.86365,2.80774,-17.4903,-22.0295,90.9785,-43.2966,-393.271,8.7631,2.08652,1.9512,0.0,LLLVYLLIALLTALLSLLILI,0.4436122120698036,0.0251720121660645,R,99999900.0,-26.318700000000007,-7.153100000000009,11.138000000000005,818.9499999999998,-0.0321371268087185,-0.008734477074302473,0.01360034190121498,-0.0272721167348434
YTLLVALLFILLSLL,Mutant,,clash,12.0,LLLYTLLVALLFLLLSLLILI,0.0937594147779103,LLLYTLLVALLFILLSLLILI_1,1.1001100110011e+17,1.0,-68.8678,-68.6492,-60.351,-238.689,-235.228,-254.898,-360.949,4759.71,3942.46,3816.05,-22.3276,-15.0336,-75.7197,-72.1051,-45.7001,-54.8501,86.2434,-43.9147,8.47904,6.37037,6.16402,-5.71651,-51.2979,78.2928,-38.8144,-365.222,8.175,4.76421,4.4386,1.0,LLLYTLLVALLFILLSLLILI,0.1814220747504517,0.0172814424939505,R,99999900.0,-30.019600000000004,-8.516800000000003,16.209000000000003,817.25,-0.03673245640868768,-0.010421290914652803,0.019833588253288473,-0.027320403793208933
AVLLLTLLFTLLSYL,WT,LLLAVLLLTLLFILLSYLILI,clash,,,,LLLAVLLLTLLFTLLSYLILI_0,1.1001100110011e+17,1.0,-87.9553,-87.9553,-87.9307,-241.515,-231.789,-249.026,-376.633,4575.42,3891.78,3755.28,-22.323,-14.2779,-69.4859,-71.1663,-39.6761,-35.8957,93.4491,-46.119,8.65791,4.49999,4.40173,-14.1793,-41.502,70.4733,-45.0,-390.911,8.6612,2.2392,1.7963,0.0,LLLAVLLLTLLFTLLSYLILI,0.2047752338763053,0.0769306082351586,R,99999900.0,-29.809800000000003,-0.024599999999992406,7.511000000000024,683.6399999999999,-0.04360452869931544,-3.5983851149716826e-05,0.010986776666081602,-0.032653150781112875
YALLTVLALLLFSLL,Mutant,,void,4.0,LLLYWLLTVLALLLFSLLILI,0.1172000823772916,LLLYALLTVLALLLFSLLILI_1,1.1001100110011e+17,1.0,-70.6034,-67.1427,-74.2031,-236.874,-228.364,-250.15,-362.595,4680.83,3758.42,3830.61,-22.3167,-0.667911,-77.435,-67.7561,-38.2423,-102.917,43.678,21.6239,9.13673,7.83414,6.98931,-0.959022,-104.528,19.8573,25.1083,-363.599,9.5,4.85993,3.65779,1.0,LLLYALLTVLALLLFSLLILI,0.2752242441558186,0.037599067069496,L,99999900.0,-39.1927,3.599700000000013,13.27600000000001,922.4099999999999,-0.04248945696599127,0.0039024945523140615,0.014392732082262782,-0.024193905096432176
YALLALLVTLLFSLL,Mutant,,void,7.0,LLLYALLLLLVTLLFSLLILI,0.0078864896581073,LLLYALLALLVTLLFSLLILI_2,1.1001100110011e+17,1.0,-70.6781,-70.6904,-74.2593,-237.06,-230.327,-250.082,-359.995,4667.39,3824.68,3837.64,-22.2973,2.02985,-74.5547,-56.9483,-35.6541,-103.816,39.795,26.2867,9.13854,7.44477,6.5417,-4.04157,-109.438,15.4447,28.0,-364.161,9.3468,5.00073,3.7324,2.0,LLLYALLALLVTLLFSLLILI,0.2476817328221897,0.0360979090235112,L,99999900.0,-38.9006,3.5811999999999955,13.021999999999991,842.7100000000005,-0.04616131290716851,0.004249623239311262,0.015452528153219949,-0.026459042849853433
VSLLILLTALLFLLL,WT,LLLVILLILLTALLFLLLILI,clash,,,,LLLVSLLILLTALLFLLLILI_1,1.1001100110011e+17,1.0,-68.3443,-68.443,-58.959,-229.906,-227.139,-246.51,-372.393,4661.25,3669.09,3762.4,-22.2812,10.155,-96.424,-66.6566,-66.924,-101.665,21.0223,27.1364,9.46204,4.58771,3.40304,13.158,-101.776,11.63,23.7329,-357.01,9.4673,3.33645,2.0109,1.0,LLLVSLLILLTALLFLLLILI,0.3802997210675407,0.0718463994297802,L,99999900.0,-29.5,-9.3853,16.603999999999985,992.1599999999999,-0.029733107563296248,-0.009459462183518789,0.01673520399935493,-0.02245726495726496
LYVLLLLLATLFSLL,WT,LLLLYVLLILLATLFSLLILI,clash,,,,LLLLYVLLLLLATLFSLLILI_0,1.1001100110011e+17,1.0,-74.1131,-74.1131,-74.1131,-237.648,-221.886,-247.903,-370.584,4647.14,3723.14,3676.43,-22.2724,977.99,-81.0952,903.405,-48.5681,-68.9085,54.7514,16.3076,10.1216,4.22771,3.54898,308.806,-67.1026,39.5354,23.4345,607.405,9.3202,1.90267,0.995701,0.0,LLLLYVLLLLLATLFSLLILI,0.2732414324219473,0.0253157932017904,L,99999900.0,-32.527100000000004,0.0,10.254999999999995,924.0000000000005,-0.035202489177489166,0.0,0.011098484848484838,-0.024104329004328993
SALLGVLLGTLLGFL,Mutant,,void,4.0,LLLSYLLGVLLGTLLGFLILI,0.1179394953056821,LLLSALLGVLLGTLLGFLILI_2,1.1001100110011e+17,1.0,-67.3756,-67.6729,-58.6887,-221.091,-218.997,-241.246,-340.288,4442.99,3771.82,3558.84,-22.2687,212.533,-74.0907,158.915,-40.3539,-73.2528,39.3756,-48.0439,6.59174,2.80362,1.89426,136.491,-69.5064,38.1576,-45.0,-127.755,6.5231,2.07724,1.1496,2.0,LLLSALLGVLLGTLLGFLILI,0.7297362315326109,0.0758233933761075,G,99999900.0,-33.736799999999995,-8.686900000000009,20.155,671.1699999999996,-0.050265655497117,-0.012942920571539273,0.030029649716167308,-0.03317892635248895
YALLTILLTFLLSLL,WT,LLLYALLTILLTALLSLLILI,void,,,,LLLYALLTILLTFLLSLLILI_1,1.1001100110011e+17,1.0,-84.0387,-85.4792,-87.9271,-246.24,-233.658,-254.157,-374.828,4722.08,3991.41,3873.3,-22.2496,-14.296,-66.7985,-69.9859,-32.7435,-79.6215,57.6423,-35.2862,9.00558,6.22493,5.58956,-14.4428,-72.6011,53.9923,-36.179,-390.999,9.0,4.67912,3.989,1.0,LLLYALLTILLTFLLSLLILI,0.2927590902693959,0.1266064067851441,R,99999900.0,-34.05500000000001,3.88839999999999,7.917000000000002,730.6700000000001,-0.04660790781063955,0.0053216910506795,0.010835260788043852,-0.030450955971916185
ASLLLTLLALLLAFL,Mutant,,void,3.0,LLLYSLLLTLLALLLAFLILI,-0.0575231587848252,LLLASLLLTLLALLLAFLILI_1,1.1001100110011e+17,1.0,-72.1854,-64.2202,-58.8135,-227.741,-224.421,-241.04,-358.791,4564.33,3887.07,3639.91,-22.2333,7568.58,-81.0982,7498.43,-58.9373,-54.0722,77.7069,-42.445,8.45142,5.10127,4.76687,5513.18,-54.0174,63.9799,-35.0,7204.85,8.0,3.2399,2.6996,1.0,LLLASLLLTLLALLLAFLILI,0.3688098099096313,0.0626405969511579,R,99999900.0,-22.160900000000005,-13.371900000000004,13.298999999999978,677.2599999999998,-0.032721406845229326,-0.01974411599681069,0.019636476390160328,-0.032828308182972575
YSLLFTLLIVLLALL,Mutant,,clash,11.0,LLLYSLLFTLLAVLLALLILI,0.0906997011580563,LLLYSLLFTLLIVLLALLILI_2,1.1001100110011e+17,1.0,-63.5738,-70.5104,-58.7649,-244.78,-237.779,-253.889,-358.746,4714.58,3976.54,3831.21,-22.2325,3116.49,-72.6247,3066.03,-46.0919,-39.0542,85.7119,-41.2747,9.56399,3.92924,3.71492,2637.52,-41.4867,66.182,-35.0,2779.1,8.3362,1.65757,1.1503,2.0,LLLYSLLFTLLIVLLALLILI,0.2421842534356063,0.0589873073372808,R,99999900.0,-26.5328,-4.808900000000001,9.109000000000009,738.04,-0.03595035499430926,-0.006515771502899574,0.01234214947699313,-0.03012370603219338
VYLLIALLFSLLTLL,WT,LLLVYLLIALLFILLTLLILI,clash,,,,LLLVYLLIALLFSLLTLLILI_1,1.1001100110011e+17,1.0,-80.6571,-80.7554,-74.243,-235.419,-235.059,-247.984,-366.452,4724.7,3867.71,3818.48,-22.2216,-14.4166,-72.5974,-65.0538,-44.2253,-23.8117,90.723,-44.4913,8.60771,2.31935,2.1802,-7.61878,-17.6261,86.7132,-42.8643,-374.306,9.0,0.850202,0.650901,1.0,LLLVYLLIALLFSLLTLLILI,0.348145107988394,0.0260588741753632,R,99999900.0,-28.372099999999996,-6.414100000000005,12.564999999999998,856.9899999999998,-0.03310668735924573,-0.007484451393831908,0.014661781351007597,-0.025929824151973774
SSLLALLLGALLGTL,Mutant,,void,12.0,LLLSSLLALLLGVLLGTLILI,0.2544563005172346,LLLSSLLALLLGALLGTLILI_0,1.1001100110011e+17,1.0,-76.3318,-84.2013,-58.7566,-215.119,-212.425,-249.44,-369.064,4456.1,3477.83,3397.37,-22.2133,1648.86,-99.8265,1576.43,-60.8674,-63.6123,59.7256,-36.5216,7.17978,4.1048,3.50069,1067.22,-66.9239,51.0441,-36.0241,1279.8,6.7893,3.42954,2.6952,0.0,LLLSSLLALLLGALLGTLILI,0.3262467031691595,0.0443444715449478,G,99999900.0,-38.95909999999999,-17.575200000000002,34.321,978.2700000000004,-0.039824486082574315,-0.01796559232113833,0.03508336144418206,-0.02270671695953059
YSLLLTLLATLLVAL,Mutant,,void,16.0,LLLYSLLLTLLATLLVFLILI,-0.0485673156531236,LLLYSLLLTLLATLLVALILI_0,1.1001100110011e+17,1.0,-85.5166,-85.9676,-72.6098,-235.439,-228.002,-248.113,-365.288,4628.78,3957.26,3848.85,-22.1972,33.254,-66.53,-18.0645,-44.566,-56.7326,79.8609,-50.604,9.06597,5.79111,5.48902,13.2304,-53.5058,73.6956,-45.0,-332.034,8.8777,4.47477,4.0802,0.0,LLLYSLLLTLLATLLVALILI,0.2554796769793623,0.0462128895436937,R,99999900.0,-21.964,-12.90679999999999,12.674000000000007,671.5199999999995,-0.032707886585656445,-0.019220276387896116,0.018873600190612367,-0.033055158446509435
SYLLIALLTLLLSFL,Mutant,,clash,7.0,LLLSYLLVALLTLLLSFLILI,0.1287161095389825,LLLSYLLIALLTLLLSFLILI_0,1.1001100110011e+17,1.0,-89.7917,-90.3043,-74.2797,-234.184,-234.522,-257.562,-378.575,4630.52,3921.88,3860.17,-22.1966,-23.3143,-76.7959,-77.0625,-46.7333,-72.7469,42.5407,-42.839,8.9364,3.15503,2.29314,-18.6513,-70.8563,45.7237,-44.789,-401.889,8.8389,3.30114,2.487,0.0,LLLSYLLIALLTLLLSFLILI,0.4463100061344137,0.0211671659576352,R,99999900.0,-30.062600000000003,-15.512,23.378000000000014,708.6400000000003,-0.042422951004741465,-0.021889817114472784,0.03298995258523369,-0.031322815533980565
LYLLAVLTILLFSLL,Mutant,,clash,11.0,LLLLYLLAVLTSLLFSLLILI,0.1226385459970281,LLLLYLLAVLTILLFSLLILI_2,1.1001100110011e+17,1.0,-74.2892,-63.8282,-74.2892,-239.755,-229.476,-247.428,-366.761,4672.81,3778.39,3561.84,-22.1473,582.679,-74.8637,509.222,-45.0433,-110.619,18.3838,21.3071,10.5797,5.57468,4.35044,252.613,-105.336,9.98133,18.0,204.307,8.8545,3.64788,2.2976,2.0,LLLLYLLAVLTILLFSLLILI,0.3265489018894628,0.1154188478938847,L,99999900.0,-29.820399999999992,0.0,7.673000000000002,894.4200000000005,-0.033340488808389766,0.0,0.008578743766910398,-0.024761633237181623
AALLTILLTFLLSLL,Mutant,,void,3.0,LLLYALLTILLTFLLSLLILI,-0.0552273794830817,LLLAALLTILLTFLLSLLILI_0,1.1001100110011e+17,1.0,-84.7351,-84.2726,-88.1237,-236.984,-229.831,-244.117,-378.269,4562.82,3763.68,3774.81,-22.142,-13.417,-78.6922,-77.5825,-46.0282,-69.9781,67.8781,-35.3841,8.97116,6.16026,5.67844,-12.1144,-72.6011,53.9923,-36.179,-391.686,9.0,4.67912,3.989,0.0,LLLAALLTILLTFLLSLLILI,0.3479864697524775,0.0252310412484047,R,99999900.0,-32.664,3.3885999999999967,7.132999999999981,799.1399999999999,-0.040873939484946324,0.004240308331456312,0.008925845283679934,-0.027707285331731616
LYILLLVLATLLFSL,WT,LLLLYILLLVLATLLASLILI,void,,,,LLLLYILLLVLATLLFSLILI_0,1.1001100110011e+17,1.0,-74.2374,-74.2374,-74.2374,-240.288,-221.156,-248.346,-366.771,4620.09,3692.09,3547.42,-22.1016,477.172,-74.3468,405.795,-44.1873,-57.8373,82.393,17.5488,10.4243,6.29866,6.03455,181.718,-62.5739,62.4261,19.1703,110.401,9.1885,4.31361,3.75,0.0,LLLLYILLLVLATLLFSLILI,0.2105524804242148,0.1135068763077154,L,99999900.0,-30.1595,0.0,8.057999999999993,928.0,-0.032499461206896556,0.0,0.008683189655172407,-0.02381637931034483
YALLFVLTALLASLL,Mutant,,void,14.0,LLLYALLFVLTALLLSLLILI,0.1185416461383512,LLLYALLFVLTALLASLLILI_1,1.1001100110011e+17,1.0,-74.212,-74.1224,-74.144,-233.956,-225.191,-245.777,-352.131,4620.29,3778.94,3759.69,-22.0919,-3.18246,-66.0547,-56.0002,-32.21,-102.943,38.6378,16.184,9.09922,7.15755,6.23712,-8.71972,-102.991,23.1616,18.0337,-360.942,9.0042,5.07547,3.92289,1.0,LLLYALLFVLTALLASLLILI,0.4048304361223254,0.0254055099810412,L,99999900.0,-33.844699999999996,-0.06799999999999784,11.820999999999998,841.3499999999999,-0.040226659535270694,-8.082248766862524e-05,0.01405003862839484,-0.02625768110774351
LLLLLAILAVLLSTL,Mutant,,void,8.0,LLLLLLLLFILAVLLSTLILI,-0.1425569412169337,LLLLLLLLAILAVLLSTLILI_2,1.1001100110011e+17,1.0,-74.2965,-74.2965,-74.2965,-238.827,-232.68,-240.493,-391.216,4491.97,3737.65,3647.1,-22.0839,-7.12998,-100.177,-91.3698,-76.4264,-49.3005,94.8188,33.2306,8.78372,6.69562,6.61791,-7.12109,-51.3841,76.7072,27.9383,-398.471,9.0467,4.56309,4.2137,2.0,LLLLLLLLAILAVLLSTLILI,0.3418783262317073,0.117698959226648,L,99999900.0,-23.750600000000006,0.0,1.6659999999999968,754.3200000000002,-0.031486106692120056,0.0,0.0022086117297698544,-0.029276566974228438
LAFLLALLAVLTSLL,Mutant,,void,4.0,LLLLYFLLALLAVLTSLLILI,-0.0577193685740737,LLLLAFLLALLAVLTSLLILI_2,1.1001100110011e+17,1.0,-74.2756,-74.2756,-74.2756,-229.725,-220.8,-238.161,-361.362,4504.35,3649.98,3635.37,-22.0764,48.0766,-79.438,-18.2105,-48.9255,-46.7795,104.334,17.7812,9.82444,7.60207,7.66709,42.53,-53.3268,80.5799,18.6844,-294.875,8.9663,5.3773,5.086,2.0,LLLLAFLLALLAVLTSLLILI,0.3575268884081894,0.0181664940931636,L,99999900.0,-30.512500000000003,0.0,8.436000000000007,854.3700000000003,-0.03571344967636971,0.0,0.009873942203026795,-0.02583939042803468
YVLLTILLAFLLSLL,WT,LLLYVLLTILLIFLLSLLILI,clash,,,,LLLYVLLTILLAFLLSLLILI_2,1.1001100110011e+17,1.0,-74.1303,-74.2517,-74.1386,-246.863,-241.403,-253.453,-368.363,4672.01,3999.21,3910.28,-22.0699,-16.7172,-69.439,-69.4251,-40.771,-66.6122,62.6314,-41.3146,8.51563,4.94707,4.38654,-12.4626,-63.1873,55.2127,-36.6493,-381.754,8.5138,3.43181,2.76,2.0,LLLYVLLTILLAFLLSLLILI,0.234065947591847,0.060788256306908,R,99999900.0,-28.667999999999992,0.008299999999991314,6.590000000000003,672.8000000000002,-0.04260998810939356,1.2336504161699334e-05,0.009794887039239003,-0.032803061831153384
LVALLTILFLLLSLL,WT,LLLLVALLTILFILLSLLILI,clash,,,,LLLLVALLTILFLLLSLLILI_0,1.1001100110011e+17,1.0,-69.04,-67.5258,-74.2953,-238.447,-222.35,-246.521,-383.578,4579.32,3766.37,3610.94,-22.0689,-5.40263,-98.1601,-99.1047,-62.7617,-4.52982,115.194,20.1041,9.41857,2.73063,2.95854,-5.01988,-8.97767,97.003,18.6528,-388.981,9.1809,0.942055,0.8971,0.0,LLLLVALLTILFLLLSLLILI,0.5003056103300969,0.0320359076241219,L,99999900.0,-35.3984,5.255299999999991,8.073999999999984,812.9499999999998,-0.04354314533489146,0.006464481210406534,0.00993173011870347,-0.02714668798819116
VSLLILLLALLFTLL,WT,LLLVSLLILLLILLFTLLILI,clash,,,,LLLVSLLILLLALLFTLLILI_0,1.1001100110011e+17,1.0,-68.6131,-66.9438,-58.8634,-232.132,-220.642,-246.522,-372.851,4641.03,3802.72,3702.84,-22.0528,18.8835,-94.1582,-66.3816,-67.4652,-103.14,22.4394,29.8983,9.07633,5.00032,3.83691,19.0463,-105.071,6.3463,22.0802,-353.967,9.1013,3.1174,1.71259,0.0,LLLVSLLILLLALLFTLLILI,0.2239245600631499,0.1364593127868824,L,99999900.0,-26.692999999999998,-9.749700000000004,14.389999999999986,838.31,-0.03184144290298338,-0.01163018453793943,0.017165487707411324,-0.02630625902112584
YALLAALLVSLLFTL,Mutant,,void,7.0,LLLYALLLALLVSLLFTLILI,0.1290061711713307,LLLYALLAALLVSLLFTLILI_0,1.1001100110011e+17,1.0,-74.1887,-74.1887,-74.1887,-238.463,-232.221,-246.062,-349.956,4625.62,3887.73,3833.82,-22.0367,-17.4182,-59.3402,-60.9638,-29.7049,-35.5493,92.4518,-33.937,8.64655,4.31338,4.20016,-17.3394,-39.3076,75.987,-35.0,-367.374,8.4047,2.65439,2.2942,0.0,LLLYALLAALLVSLLFTLILI,0.2639974104543692,0.0092329253372165,R,99999900.0,-29.635300000000004,0.0,7.599000000000018,737.8899999999999,-0.04016221930097983,0.0,0.010298282941901936,-0.02986447844529673
LYVLLATLLFLLSLL,WT,LLLLYVLLITLLFLLSLLILI,clash,,,,LLLLYVLLATLLFLLSLLILI_0,1.1001100110011e+17,1.0,-74.119,-74.1232,-74.1562,-234.472,-218.799,-247.63,-368.843,4676.77,3694.22,3717.03,-21.976,-2.684,-82.2286,-78.6052,-47.0574,-54.4452,73.2414,22.0068,9.54835,4.55436,4.15298,-2.04926,-52.0777,61.1309,21.352,-371.527,9.4507,2.56433,1.98129,0.0,LLLLYVLLATLLFLLSLLILI,0.4422595950479629,0.1403433675911836,L,99999900.0,-35.1712,0.03719999999999857,13.157999999999987,982.5500000000006,-0.03579583736196629,3.786066866825967e-05,0.013391684901531706,-0.022366291791766305
YALLIVLLAFLLSTL,Mutant,,void,4.0,LLLYLLLIVLLAFLLSTLILI,-0.0588565255337138,LLLYALLIVLLAFLLSTLILI_2,1.1001100110011e+17,1.0,-74.2268,-72.6765,-74.0969,-239.83,-236.757,-249.799,-356.431,4725.01,4125.03,4014.9,-21.9533,-18.3828,-64.3272,-65.3798,-32.5353,-65.2278,54.8419,-47.354,8.54622,3.68782,3.01045,-16.6158,-60.4999,54.1041,-45.0,-374.289,8.7425,2.87904,2.1906,2.0,LLLYALLIVLLAFLLSTLILI,0.2810795714930602,0.0212707244511314,R,99999900.0,-31.791900000000005,-0.12989999999999213,9.968999999999994,599.9800000000005,-0.052988266275542484,-0.00021650721690721697,0.016615553851795035,-0.036590053001766695
SYLLVLLLAALLTIL,Mutant,,void,12.0,LLLSYLLVLLLAFLLTILILI,-0.0436827879887599,LLLSYLLVLLLAALLTILILI_2,1.1001100110011e+17,1.0,-77.1922,-68.8619,-58.7841,-231.502,-231.942,-253.836,-372.583,4623.45,3776.85,3817.05,-21.9524,-9.21371,-85.8412,-80.9921,-59.9624,-69.4961,60.9107,-42.5054,8.87698,5.14736,4.56102,-10.266,-68.6732,57.2295,-41.2124,-386.482,9.0,4.52696,3.8854,2.0,LLLSYLLVLLLAALLTILILI,0.3974005554447983,0.0273077021747295,R,99999900.0,-25.8788,-18.408099999999997,22.334000000000003,846.5999999999999,-0.030567918733758564,-0.021743562485235058,0.02638081738719585,-0.025930073234112925
YVLLLTLLATLLSFL,WT,LLLYVLLLTLLATLLIFLILI,clash,,,,LLLYVLLLTLLATLLSFLILI_0,1.1001100110011e+17,1.0,-87.9312,-87.9312,-87.9312,-244.062,-237.267,-252.671,-375.502,4664.33,4061.25,3971.02,-21.9108,-13.5047,-65.4196,-63.8084,-34.8993,-37.583,86.5898,-41.4843,8.60502,3.82708,3.62592,-14.1033,-41.502,70.4733,-45.0,-389.006,8.6612,2.2392,1.7963,0.0,LLLYVLLLTLLATLLSFLILI,0.2179648759359973,0.0819060322623263,R,99999900.0,-30.520300000000006,0.0,8.60899999999998,603.0799999999999,-0.05060738210519336,0.0,0.014275054719108546,-0.0363314983086821
LALLVALLFALLSTL,WT,LLLLALLVALLFILLSTLILI,clash,,,,LLLLALLVALLFALLSTLILI_0,1.1001100110011e+17,1.0,-75.938,-74.0543,-74.2058,-228.775,-225.998,-238.474,-363.107,4536.01,3700.34,3765.93,-21.9015,-16.1799,-80.2946,-79.2337,-50.4263,-36.7353,84.8844,-34.2097,8.1187,3.46969,3.24296,-18.1503,-39.3076,75.987,-35.0,-379.286,8.4047,2.65439,2.2942,0.0,LLLLALLVALLFALLSTLILI,0.4456016495268842,0.0291882354887405,R,99999900.0,-29.868300000000005,-1.732200000000006,9.698999999999984,835.6700000000001,-0.03574174016058971,-0.0020728277908743952,0.01160625605801331,-0.02620831189345076
YLLLATLLFVLLSIL,WT,LLLYLLLATLLFILLSILILI,clash,,,,LLLYLLLATLLFVLLSILILI_2,1.1001100110011e+17,1.0,-74.2107,-74.2107,-74.1863,-242.064,-239.73,-253.106,-370.085,4695.77,3970.07,3795.14,-21.8985,-20.7574,-75.7087,-76.901,-42.7927,-44.8839,88.4997,-46.2072,8.446,5.18005,5.00754,-19.2924,-41.3452,86.0588,-44.4358,-389.037,8.523,4.31972,4.1106,2.0,LLLYLLLATLLFVLLSILILI,0.3206905940707651,0.0318196544526695,R,99999900.0,-32.91599999999999,-0.024399999999999977,11.042000000000002,725.7000000000003,-0.04535758577924759,-3.3622709108446974e-05,0.015215653851453766,-0.030175692434890437
YALLVALLTLLLSIL,Mutant,,void,4.0,LLLYFLLVALLTLLLSILILI,-0.154091487046039,LLLYALLVALLTLLLSILILI_1,1.1001100110011e+17,1.0,-71.3554,-60.6828,-74.3253,-238.854,-240.607,-249.016,-377.91,4632.36,3920.95,3876.62,-21.8967,-12.2244,-89.5969,-88.8446,-54.5686,-76.4874,58.1039,-39.6219,8.19095,5.81713,5.18869,-10.9348,-76.4723,48.349,-40.0172,-387.601,8.4267,4.49796,3.72319,1.0,LLLYALLVALLTLLLSILILI,0.4267837028904811,0.0910987484304162,R,99999900.0,-35.0283,2.9698999999999955,10.161999999999978,711.4099999999999,-0.04923785159050338,0.004174667210188212,0.014284308626530384,-0.030779297451539903
YILLTVLLALLLIFL,Mutant,,clash,15.0,LLLYILLTVLLALLLSFLILI,0.0922054112632446,LLLYILLTVLLALLLIFLILI_0,1.1001100110011e+17,1.0,-59.0116,-59.0116,-58.887,-253.035,-238.397,-254.046,-363.404,4684.86,4041.86,3794.25,-21.824,816.421,-73.1816,750.426,-50.4712,-68.4289,71.9702,-39.6439,8.8284,6.48032,6.05987,711.593,-65.7574,54.5146,-35.0,453.017,8.4926,3.72308,3.0408,0.0,LLLYILLTVLLALLLIFLILI,0.1688242977161807,0.0671577845317067,R,99999900.0,-22.7104,-0.12460000000000093,1.0109999999999957,642.9999999999995,-0.03531944012441682,-0.00019377916018662678,0.0015723172628304765,-0.03394090202177297
ALLLGLLLGTLLGFL,WT,LLLALLLGLLLITLLGFLILI,clash,,,,LLLALLLGLLLGTLLGFLILI_2,1.1001100110011e+17,1.0,-65.563,-67.028,-58.691,-211.277,-209.011,-234.168,-346.902,4518.35,3596.78,3443.88,-21.7615,85305.6,-91.8235,85234.7,-54.0432,-73.8671,40.6092,-35.7724,7.04094,3.06231,2.17145,80394.6,-60.7383,56.5303,-35.0,84958.7,7.1924,3.24234,2.5903,2.0,LLLALLLGLLLGTLLGFLILI,0.888997419651783,0.0801175570778713,G,99999900.0,-37.7803,-6.872,22.89100000000002,921.5700000000002,-0.04099558362359885,-0.0074568399578979335,0.024839133218312246,-0.023613507384137936
LVALLLILTLLLIFL,Mutant,,clash,15.0,LLLLVALLLILTLLLSFLILI,-0.0704015609372268,LLLLVALLLILTLLLIFLILI_1,1.1001100110011e+17,1.0,-51.8414,-55.3957,-58.9546,-245.756,-251.072,-248.484,-376.92,4611.49,3733.18,3689.0,-21.7247,528.609,-101.047,458.158,-69.4814,-3.34376,102.117,15.3725,9.63357,0.78739,0.819148,317.12,-13.2915,87.7058,22.0356,140.208,9.5,0.334013,0.149601,1.0,LLLLVALLLILTLLLIFLILI,0.422876863210711,0.016137069094685,L,99999900.0,-31.565600000000003,7.113199999999999,2.7280000000000086,878.31,-0.035939019252883384,0.008098735070760893,0.003105964864341757,-0.024734660882831803
YSLLLILLATLLVFL,Mutant,,clash,8.0,LLLYSLLLTLLATLLVFLILI,0.0633514823698358,LLLYSLLLILLATLLVFLILI_2,1.1001100110011e+17,1.0,-70.8823,-72.1899,-58.8316,-240.45,-236.488,-253.986,-359.765,4702.0,4047.21,3847.68,-21.7135,76.4842,-70.1458,25.3973,-46.9478,-56.8482,77.6767,-47.2017,9.71986,5.51359,5.17874,63.3116,-53.5058,73.6956,-45.0,-290.817,8.8777,4.47477,4.0802,2.0,LLLYSLLLILLATLLVFLILI,0.1435608789564025,0.0771168973169761,R,99999900.0,-23.197999999999993,-12.050699999999999,13.536000000000001,654.79,-0.035428152537454745,-0.018403915759251058,0.020672276607767378,-0.0331610134546954
YALLTALLGALLGFL,Mutant,,void,12.0,LLLYALLTALLGLLLGFLILI,0.0241477041036564,LLLYALLTALLGALLGFLILI_0,1.1001100110011e+17,1.0,-59.1351,-63.8464,-58.802,-220.58,-216.697,-238.827,-325.196,4544.61,4076.53,3841.59,-21.7097,-9.36926,-67.1904,-54.0212,-27.5663,-54.0044,63.5949,-51.6952,6.49568,3.18597,2.63989,-8.30844,-49.4233,66.044,-43.1773,-334.565,6.8387,2.82944,2.3201,0.0,LLLYALLTALLGALLGFLILI,0.2212188527013307,0.0245380899025151,G,99999900.0,-39.6241,-0.33310000000000173,18.246999999999986,468.0799999999995,-0.08465240984447113,-0.0007116304905144464,0.0389826525380277,-0.04638031960348664
LYFLLALLAVLTSLL,WT,LLLLYFLLALLAVLTILLILI,clash,,,,LLLLYFLLALLAVLTSLLILI_0,1.1001100110011e+17,1.0,-74.2756,-74.2756,-74.2756,-232.429,-215.533,-239.972,-356.448,4608.45,3679.87,3602.73,-21.6902,154.149,-71.4329,87.5097,-42.2002,-52.0179,94.3818,19.4602,10.119,7.04423,6.95995,163.611,-53.3268,80.5799,18.6844,-202.299,8.9663,5.3773,5.086,0.0,LLLLYFLLALLAVLTSLLILI,0.2998075198341153,0.0575512715283946,L,99999900.0,-29.2327,0.0,7.543000000000006,928.5799999999999,-0.03148107863619721,0.0,0.008123155786254289,-0.02335846130651102
FYLLVALLTLLLSIL,WT,LLLFYLLVALLTLLLIILILI,clash,,,,LLLFYLLVALLTLLLSILILI_0,1.1001100110011e+17,1.0,-71.0549,-71.5179,-74.2579,-238.668,-231.525,-248.661,-367.082,4703.9,3857.56,3869.25,-21.6779,-13.3219,-79.0373,-77.3612,-44.1638,-66.8031,63.5126,-39.8608,8.71068,5.09467,4.54735,-13.1537,-63.1499,55.6214,-39.4108,-380.404,8.7768,3.48138,2.8157,0.0,LLLFYLLVALLTLLLSILILI,0.4097049718885008,0.1282428144724901,R,99999900.0,-34.8735,3.203000000000003,9.992999999999995,846.3399999999997,-0.04120507124796183,0.0037845310395349437,0.011807311482382964,-0.025613701349339518
YSLLLTLLVALLSAL,Mutant,,void,16.0,LLLYSLLLTLLVALLSFLILI,0.0575743713009337,LLLYSLLLTLLVALLSALILI_2,1.1001100110011e+17,1.0,-86.0572,-81.7967,-74.2595,-234.686,-230.567,-247.002,-370.605,4683.16,4002.99,3846.3,-21.6296,-11.4483,-71.4911,-69.6899,-49.3436,-43.3622,83.2474,-45.1362,8.3531,4.24273,3.99144,-9.44306,-37.8829,78.3957,-41.3335,-346.662,8.3984,2.76586,2.4418,2.0,LLLYSLLLTLLVALLSALILI,0.240558126651391,0.0073768980442057,R,99999900.0,-22.1475,-11.797699999999992,12.316000000000003,680.1700000000001,-0.03256171251304821,-0.01734522251789992,0.01810723789640825,-0.03180028522281194
YALLFVLTILLLSLL,Mutant,,clash,11.0,LLLYALLFVLTALLLSLLILI,0.1872632909380006,LLLYALLFVLTILLLSLLILI_2,1.1001100110011e+17,1.0,-74.144,-65.6934,-74.144,-240.587,-237.733,-253.943,-369.918,4718.49,3926.24,3716.32,-21.5791,77.4209,-76.7669,10.9288,-41.831,-106.837,32.1764,21.0448,9.90683,6.86938,5.85203,58.1651,-102.991,23.1616,18.0337,-301.773,9.0042,5.07547,3.92289,2.0,LLLYALLFVLTILLLSLLILI,0.3361087913226755,0.0040423760970031,L,99999900.0,-34.935900000000004,0.0,13.356000000000023,792.25,-0.04409706532029032,0.0,0.016858314925844144,-0.0272377406121805
YLLLAALVTLLFSLL,Mutant,,void,8.0,LLLYLLLAILVTLLFSLLILI,0.0497529992725979,LLLYLLLAALVTLLFSLLILI_2,1.1001100110011e+17,1.0,-74.0745,-70.5558,-74.0745,-235.851,-230.043,-249.034,-358.652,4651.04,3839.98,3761.53,-21.5711,-10.0712,-70.2968,-68.1239,-35.543,-109.025,32.1684,23.2452,9.71797,7.19643,6.17896,-4.51232,-109.256,17.1194,24.9032,-364.81,9.5,5.19952,3.95631,2.0,LLLYLLLAALVTLLFSLLILI,0.1651782609914555,0.0398986459471266,L,99999900.0,-34.753800000000005,0.0,13.182999999999993,811.06,-0.042849850812516965,0.0,0.0162540379256775,-0.026596182773161052
LVSLLILLTALLALL,Mutant,,void,15.0,LLLLVSLLILLTALLFLLILI,0.1036921486308689,LLLLVSLLILLTALLALLILI_2,1.1001100110011e+17,1.0,-64.6744,-60.3493,-58.8813,-233.657,-226.768,-241.543,-376.922,4539.72,3721.74,3593.99,-21.4744,42.2541,-100.065,-47.5506,-76.4978,0.0916886,116.789,21.5952,9.74837,2.25272,2.50456,33.1354,-2.1739,98.4581,19.6299,-335.439,9.2379,0.117928,0.0947994,2.0,LLLLVSLLILLTALLALLILI,0.3397315271935658,0.0508149146982523,L,99999900.0,-23.5672,-5.793100000000003,7.885999999999996,817.9800000000005,-0.028811462382943333,-0.007082202498838602,0.009640822513997886,-0.026252964620161846
AFLLGTLLGLLLIVL,Mutant,,clash,15.0,LLLAFLLGTLLGLLLGVLILI,0.5070735660646943,LLLAFLLGTLLGLLLIVLILI_2,1.1001100110011e+17,1.0,-57.1528,-51.6272,-58.6772,-231.66,-227.739,-239.009,-350.242,4571.89,3666.45,3332.82,-21.4622,4860990.0,-82.8923,4860910.0,-52.556,-84.6474,49.8891,-60.7818,7.2217,5.93213,5.18047,4782390.0,-79.84,40.4327,-45.0,4860610.0,6.5,3.93441,3.0409,2.0,LLLAFLLGTLLGLLLIVLILI,1.0211136641192218,0.0497461948422705,G,99999900.0,-30.33630000000001,1.5244,7.3489999999999895,905.4400000000005,-0.03350448400777522,0.0016836013429934607,0.008116495847322833,-0.02370361371267007
AFLLVALLTLLLSIL,Mutant,,void,3.0,LLLYFLLVALLTLLLSILILI,-0.1715872956864276,LLLAFLLVALLTLLLSILILI_0,1.1001100110011e+17,1.0,-72.0183,-61.8791,-74.3253,-230.152,-225.432,-243.287,-371.786,4637.41,3871.84,3784.07,-21.4151,-10.5886,-91.0312,-95.0638,-54.1733,-75.7788,54.3921,-45.6224,8.38151,5.20976,4.52564,-12.1973,-76.4723,48.349,-40.0172,-382.375,8.4267,4.49796,3.72319,0.0,LLLAFLLVALLTLLLSILILI,0.4442795115308698,0.0781885370990194,R,99999900.0,-36.8579,2.307000000000002,13.13500000000002,765.5699999999997,-0.04814438914795514,0.0030134409655550804,0.017157150881042915,-0.027972752328330533
ALLLTVLALLLFSLL,Mutant,,void,3.0,LLLYLLLTVLALLLFSLLILI,-0.5182497711366806,LLLALLLTVLALLLFSLLILI_1,1.1001100110011e+17,1.0,-74.0502,-70.5687,-74.1741,-234.609,-219.757,-242.377,-375.758,4567.73,3709.73,3614.08,-21.4107,225442.0,-88.5088,225357.0,-59.2064,-103.969,43.3262,27.5176,9.68048,7.94444,7.09433,2.90469,-104.483,24.139,22.3097,-374.726,9.5,5.43121,4.29329,1.0,LLLALLLTVLALLLFSLLILI,0.7776771720322492,0.0449437527672877,L,99999900.0,-29.30239999999999,0.1238999999999919,7.768000000000001,857.9999999999995,-0.03415198135198136,0.00014440559440558504,0.009053613053613059,-0.024954195804195816
TYLLVALLAILLSLL,WT,LLLTYLLVALLAILLILLILI,clash,,,,LLLTYLLVALLAILLSLLILI_2,1.1001100110011e+17,1.0,-79.9223,-65.4753,-60.361,-231.804,-232.265,-251.353,-377.424,4604.24,3723.7,3778.66,-21.4101,-0.509017,-87.1078,-80.192,-65.7092,-60.4357,67.2255,-44.422,7.85231,4.64079,4.14917,-19.5645,-60.9952,66.9175,-43.9619,-396.158,8.062,4.68314,4.1869,2.0,LLLTYLLVALLAILLSLLILI,0.2769309258052553,0.048698335549627,R,99999900.0,-21.398600000000002,-19.56130000000001,19.549000000000007,880.54,-0.024301678515456428,-0.022215117995775333,0.022201149294750956,-0.024314738683080837
YSLLLTLLAVLLFSL,WT,LLLYSLLLILLAVLLFSLILI,clash,,,,LLLYSLLLTLLAVLLFSLILI_2,1.1001100110011e+17,1.0,-87.0594,-85.842,-74.2005,-233.598,-231.958,-252.068,-365.638,4710.83,3919.49,3886.79,-21.3885,-15.0606,-66.3687,-62.8986,-39.3688,-53.9654,83.0455,-43.3249,9.05616,5.80595,5.55164,-16.825,-49.3087,81.5433,-43.7445,-383.2,9.0,4.90465,4.6278,2.0,LLLYSLLLTLLAVLLFSLILI,0.2087061249246364,0.0646767967375198,R,99999900.0,-26.999900000000004,-12.858899999999991,18.47,791.3400000000001,-0.03411921550787272,-0.01624952612025171,0.02334015720170849,-0.02702820532261733
YLLLTVLALLLFSLL,WT,LLLYLLLTILALLLFSLLILI,clash,,,,LLLYLLLTVLALLLFSLLILI_2,1.1001100110011e+17,1.0,-73.9894,-70.5687,-74.1741,-240.076,-233.899,-253.05,-373.095,4711.87,3844.62,3733.96,-21.3866,7.82465,-80.416,-60.8026,-45.8705,-105.628,39.3244,22.1063,9.70242,7.65292,6.74279,4.03665,-104.483,24.139,22.3097,-371.823,9.5,5.43121,4.29329,2.0,LLLYLLLTVLALLLFSLLILI,0.2594274008955664,0.0407335276210271,L,99999900.0,-34.5455,0.18469999999999231,12.974000000000018,867.25,-0.039833381377918704,0.00021297203805130274,0.01495993081579708,-0.024660247910060537
SSLLAALLGTLLGFL,Mutant,,void,8.0,LLLSSLLALLLGTLLGFLILI,-0.0390590048375528,LLLSSLLAALLGTLLGFLILI_0,1.1001100110011e+17,1.0,-78.4415,-87.1842,-58.7559,-216.243,-210.122,-251.32,-353.466,4435.0,3442.01,3407.07,-21.3415,4851.82,-80.1224,4795.66,-43.3897,-62.344,66.3849,-36.4553,6.96588,4.81357,4.30934,2861.64,-65.5548,56.8812,-35.0605,4498.36,6.8434,4.01218,3.3654,0.0,LLLSSLLAALLGTLLGFLILI,0.2670131147192422,0.0244019671655098,G,99999900.0,-36.7327,-19.685600000000008,35.077,992.9899999999998,-0.03699201401826807,-0.019824570237363934,0.035324625625635715,-0.02149216004189368
YLLLAVLIALLLTLL,Mutant,,void,7.0,LLLYLLLFVLIALLLTLLILI,-0.05895869040264,LLLYLLLAVLIALLLTLLILI_2,1.1001100110011e+17,1.0,-58.8554,-58.8554,-58.8554,-232.521,-229.996,-250.103,-372.615,4670.5,3682.38,3784.44,-21.3372,-0.513862,-102.576,-84.2779,-63.6564,-104.751,35.7428,20.9599,8.94882,7.03795,6.07409,-3.90893,-105.122,22.7647,23.6466,-377.204,9.4707,5.34153,4.183,2.0,LLLYLLLAVLIALLLTLLILI,0.3530654686196712,0.0667712508596938,L,99999900.0,-38.919599999999996,0.0,17.582000000000022,988.1199999999999,-0.039387523782536536,0.0,0.017793385418775072,-0.021593733554628992
YILLTVLLALLLSAL,Mutant,,void,16.0,LLLYILLTVLLALLLSFLILI,0.016368296560303,LLLYILLTVLLALLLSALILI_0,1.1001100110011e+17,1.0,-74.3464,-74.4158,-74.1924,-242.961,-231.367,-247.838,-377.293,4627.49,3865.11,3816.68,-21.3269,-10.1732,-81.313,-81.6837,-55.2623,-69.0664,65.1811,-37.6608,8.69484,5.6594,5.13712,-6.53586,-65.7574,54.5146,-35.0,-387.466,8.4926,3.72308,3.0408,0.0,LLLYILLTVLLALLLSALILI,0.2446614124191225,0.0987450333606382,R,99999900.0,-26.0507,-0.15399999999999636,4.876999999999981,762.3799999999997,-0.03417023006899448,-0.00020199900312179808,0.00639707232613655,-0.027974107400508944
SYLLVALLTALLSFL,Mutant,,void,12.0,LLLSYLLVALLTLLLSFLILI,-0.1318618468977148,LLLSYLLVALLTALLSFLILI_0,1.1001100110011e+17,1.0,-90.6836,-90.2944,-74.2698,-229.275,-229.261,-253.572,-364.147,4592.46,3929.51,3909.59,-21.3094,-20.7559,-65.4974,-65.3473,-36.3046,-71.1398,45.7159,-44.3371,8.73094,3.34263,2.52837,-20.6838,-70.8563,45.7237,-44.789,-384.903,8.8389,3.30114,2.487,0.0,LLLSYLLVALLTALLSFLILI,0.7068879625711121,0.0577435397416983,R,99999900.0,-29.1928,-16.413799999999995,24.296999999999997,662.9499999999998,-0.04403469341579305,-0.024758729919300098,0.036649822761897585,-0.032143298891319116
YALLVGLLFLLLGTL,WT,LLLYALLVILLFLLLGTLILI,clash,,,,LLLYALLVGLLFLLLGTLILI_2,1.1001100110011e+17,1.0,-58.7681,-58.7681,-58.7681,-231.467,-227.334,-245.008,-336.364,4679.26,4005.79,3767.0,-21.3081,-17.2032,-67.4369,-67.4648,-32.588,-50.9677,74.2111,-45.0529,7.33683,4.16366,3.77682,-17.1185,-44.9135,70.5331,-40.7685,-353.473,7.218,2.759,2.317,2.0,LLLYALLVGLLFLLLGTLILI,0.2683599425251495,0.0376763553296793,G,99999900.0,-34.84889999999999,0.0,13.540999999999997,673.4700000000003,-0.05174528932246422,0.0,0.020106315054865088,-0.03163927123702614
YWLLTILVALLLSLL,WT,LLLYWLLTILVILLLSLLILI,clash,,,,LLLYWLLTILVALLLSLLILI_2,1.1001100110011e+17,1.0,-74.0326,-74.6108,-74.1477,-242.214,-231.189,-256.024,-383.618,4701.36,3817.74,3816.27,-21.2951,-13.6703,-88.667,-91.489,-53.4465,-106.005,29.5344,23.9574,9.36774,6.38796,5.33098,-11.4241,-106.661,10.839,28.0,-395.159,9.5,3.96242,2.62501,2.0,LLLYWLLTILVALLLSLLILI,0.4462962249741258,0.0969017199992803,L,99999900.0,-35.2205,0.1150999999999982,13.810000000000002,883.6199999999999,-0.039859328670695554,0.00013025961386116,0.015628890246938733,-0.024099839297435553
LYLLITLLFSLLVAL,WT,LLLLYLLIILLFSLLVALILI,clash,,,,LLLLYLLITLLFSLLVALILI_1,1.1001100110011e+17,1.0,-75.3312,-69.0579,-74.182,-240.431,-233.761,-247.762,-364.51,4657.37,4029.96,3885.38,-21.2929,-11.3472,-70.0408,-73.0384,-42.566,-23.0947,95.6831,-47.6242,9.24785,2.88143,2.81668,-17.8414,-15.3,92.7153,-45.0,-382.26,8.8215,1.31157,1.2023,1.0,LLLLYLLITLLFSLLVALILI,0.3045867572282827,0.0567728389955489,R,99999900.0,-27.474800000000002,-1.1491999999999933,7.330999999999989,627.4099999999999,-0.0437908225881003,-0.0018316571301062999,0.011684544396805902,-0.03393777593599083
YSLLLALLFALLVTL,WT,LLLYSLLLALLFILLVTLILI,clash,,,,LLLYSLLLALLFALLVTLILI_2,1.1001100110011e+17,1.0,-69.7203,-68.1857,-58.8202,-231.271,-229.752,-250.079,-352.541,4673.94,3856.44,3686.21,-21.2907,267.573,-72.8398,212.969,-43.6417,-52.5007,78.5736,-46.4313,8.15954,4.98254,4.66115,253.89,-57.1826,66.7594,-36.3012,590.716,8.3991,4.08991,3.5913,2.0,LLLYSLLLALLFALLVTLILI,0.2715828894344347,0.0269030292760181,R,99999900.0,-29.198099999999997,-10.900099999999995,18.80800000000002,817.4999999999995,-0.03571633027522937,-0.013333455657492355,0.023006727828746215,-0.02604366972477066
YSLLVALLFTLLILL,WT,LLLYSLLVALLFILLILLILI,clash,,,,LLLYSLLVALLFTLLILLILI_0,1.1001100110011e+17,1.0,-69.7283,-69.4682,-58.8088,-232.942,-230.879,-256.025,-357.997,4764.54,3875.85,3779.79,-21.2884,-5.12669,-76.6146,-62.7763,-43.1629,-53.2378,83.4392,-37.433,8.07201,5.74996,5.50155,-5.39211,-56.104,80.164,-35.0,-363.123,8.259,5.73774,5.4402,0.0,LLLYSLLVALLFTLLILLILI,0.2792111545846608,0.1123232233504661,R,99999900.0,-33.451699999999995,-10.919500000000006,23.08299999999997,888.69,-0.037641584804600024,-0.012287186758037118,0.02597418672427952,-0.023954809888712597
LFVLLITLALLLASL,Mutant,,void,15.0,LLLLFVLLITLALLLLSLILI,-0.0312409418838296,LLLLFVLLITLALLLASLILI_1,1.1001100110011e+17,1.0,-74.2301,-74.2301,-74.2301,-236.477,-224.275,-242.487,-368.555,4609.48,3765.24,3623.26,-21.2625,-0.646568,-79.1101,-70.6969,-51.8382,-62.7032,77.9584,16.9663,10.3847,6.42986,6.09924,-2.97646,-60.6709,65.7431,20.4901,-365.176,9.5,4.47595,3.9621,1.0,LLLLFVLLITLALLLASLILI,0.3745532352053136,0.0727221525853413,L,99999900.0,-27.271900000000002,0.0,6.009999999999991,844.2399999999998,-0.03230349189803848,0.0,0.007118828769070397,-0.02518537382734768
YSLLVALLFTLLALL,Mutant,,void,15.0,LLLYSLLVALLFTLLFLLILI,-0.0624713907999628,LLLYSLLVALLFTLLALLILI_1,1.1001100110011e+17,1.0,-69.8553,-64.3124,-58.8425,-229.631,-228.709,-253.425,-350.05,4715.94,3868.33,3793.47,-21.2383,-10.6324,-71.8018,-67.661,-37.7821,-52.0328,84.3655,-47.1046,8.14693,5.69426,5.45975,-17.456,-52.9619,83.5681,-45.0,-367.372,8.1807,5.72598,5.4795,1.0,LLLYSLLVALLFTLLALLILI,0.294434944800566,0.0409606219197988,R,99999900.0,-34.0197,-11.012799999999999,23.79400000000001,847.6099999999997,-0.040136029541888385,-0.012992767900331523,0.028071872677292647,-0.025056688807352446
YSLLLTLLAALLVIL,Mutant,,void,11.0,LLLYSLLLTLLFALLVILILI,-0.0149954539705808,LLLYSLLLTLLAALLVILILI_1,1.1001100110011e+17,1.0,-72.4338,-72.188,-58.9017,-235.293,-231.637,-248.874,-366.338,4639.93,3910.41,3847.41,-21.2285,750.728,-79.8399,688.215,-58.562,-54.7673,80.6867,-41.0845,8.49695,5.6078,5.3181,599.455,-47.5855,75.0258,-37.5493,381.397,8.189,3.76631,3.3917,1.0,LLLYSLLLTLLAALLVILILI,0.383107500510247,0.0062927529428703,R,99999900.0,-21.277900000000002,-13.532100000000007,13.580999999999989,729.5200000000004,-0.0291669865116789,-0.018549320100888254,0.018616350477025964,-0.029099270753372063
YWLLVALLAFLLSLL,WT,LLLYWLLVALLIFLLSLLILI,clash,,,,LLLYWLLVALLAFLLSLLILI_0,1.1001100110011e+17,1.0,-60.4117,-60.7452,-60.3026,-237.523,-231.195,-253.868,-356.038,4759.84,3960.63,3865.15,-21.227,-14.125,-79.3306,-78.2232,-41.8682,-76.2234,60.2425,-42.7604,8.52346,6.06625,5.46989,-14.6822,-72.3455,59.1071,-38.7139,-370.163,8.3283,5.33129,4.7179,0.0,LLLYWLLVALLAFLLSLLILI,0.3698407679210929,0.0722849221056758,R,99999900.0,-37.4624,-0.10910000000000508,16.345,799.21,-0.04687428835975526,-0.00013650980343089434,0.020451445802730193,-0.026559977978253525
LALLTILLFVLISLL,Mutant,,clash,14.0,LLLLALLTILLFVLASLLILI,-0.0925601702579191,LLLLALLTILLFVLISLLILI_1,1.1001100110011e+17,1.0,-74.2574,-74.2574,-74.2574,-246.86,-246.372,-246.516,-380.726,4579.14,3807.75,3753.92,-21.2243,19.7095,-80.8324,-40.387,-59.952,-92.43,42.8512,29.0521,9.73333,6.14941,5.29218,18.4977,-95.5434,21.4906,28.0,-351.127,9.3253,3.73274,2.5551,1.0,LLLLALLTILLFVLISLLILI,0.4002617476688625,0.0980709064750694,L,99999900.0,-20.88040000000001,0.0,-0.3440000000000225,771.3900000000003,-0.02706853861211579,0.0,-0.0004459482233371218,-0.027514357199341435
YSLLATLLAALLVFL,Mutant,,void,7.0,LLLYSLLLTLLAALLVFLILI,0.0107032428351503,LLLYSLLATLLAALLVFLILI_0,1.1001100110011e+17,1.0,-72.127,-71.9427,-58.7655,-231.372,-222.241,-246.069,-323.119,4621.98,4005.66,3809.82,-21.1935,412.283,-40.8133,383.347,-18.2842,-54.421,73.8807,-42.2944,8.91604,4.63705,4.24526,368.124,-50.0085,62.5615,-38.4276,89.1636,8.5488,2.44708,1.8855,0.0,LLLYSLLATLLAALLVFLILI,0.2153589094735941,0.0255121805282745,R,99999900.0,-22.5291,-13.361499999999992,14.696999999999974,616.3199999999997,-0.036554225077881634,-0.02167948468328141,0.023846378504672867,-0.03438716900311528
YALLVALLFTLLSAL,Mutant,,void,16.0,LLLYALLVALLFTLLSLLILI,0.0170133264319846,LLLYALLVALLFTLLSALILI_2,1.1001100110011e+17,1.0,-74.079,-74.079,-74.079,-237.178,-234.617,-246.013,-349.594,4639.42,3915.73,3879.14,-21.1906,-16.4006,-59.5281,-57.2985,-29.5018,-38.5222,93.6014,-36.4402,8.86671,4.91452,4.81854,-15.0263,-35.5651,88.7149,-39.2404,-364.677,9.0,3.81128,3.642,2.0,LLLYALLVALLFTLLSALILI,0.2401588451013554,0.0102596754288511,R,99999900.0,-30.026300000000003,0.0,8.835000000000008,723.69,-0.04149055534828449,0.0,0.012208265970235884,-0.029281322113059456
YSLLVALLFTLLIAL,Mutant,,void,16.0,LLLYSLLVALLFTLLILLILI,-0.0297281271299298,LLLYSLLVALLFTLLIALILI_1,1.1001100110011e+17,1.0,-69.8921,-66.7329,-58.8097,-229.436,-227.559,-250.854,-344.184,4682.59,3927.94,3811.09,-21.1761,-0.901798,-66.032,-50.7934,-34.5194,-58.7334,83.1841,-40.9984,8.2988,6.53987,6.28763,-3.51746,-56.104,80.164,-35.0,-349.771,8.259,5.73774,5.4402,1.0,LLLYSLLVALLFTLLIALILI,0.3089392817145909,0.0404258229272285,R,99999900.0,-31.5126,-11.0824,21.418000000000006,754.6500000000001,-0.04175790101371496,-0.014685483336646125,0.02838136884648513,-0.0280608228980322
YALLFVLAILLFSLL,Mutant,,void,10.0,LLLYALLFVLLILLFSLLILI,-0.1135241111614578,LLLYALLFVLAILLFSLLILI_2,1.1001100110011e+17,1.0,-60.4445,-60.4445,-60.4445,-231.743,-236.077,-251.71,-339.913,4725.85,3919.57,3814.25,-21.1694,-16.984,-68.895,-60.3761,-27.7595,-104.662,49.0783,26.1468,9.21468,8.82482,8.061,-6.61712,-109.225,30.3317,25.4032,-348.468,9.5,6.97853,5.93351,2.0,LLLYALLFVLAILLFSLLILI,0.294135583122474,0.0377862194061449,L,99999900.0,-41.13549999999999,0.0,19.967000000000013,806.2800000000002,-0.051018876816986636,0.0,0.024764349853648865,-0.02625564320087314
FSLLLTLLAALLSYL,WT,LLLFSLLATLLAALLSYLILI,void,,,,LLLFSLLLTLLAALLSYLILI_1,1.1001100110011e+17,1.0,-83.2925,-84.0697,-74.1759,-235.609,-227.665,-245.278,-360.893,4585.36,3966.66,3799.74,-21.1588,2010.72,-63.1509,1961.56,-41.4393,-43.6071,90.8156,-45.9204,9.37464,5.30118,5.16342,1880.51,-43.6777,70.6483,-39.0967,1643.23,8.0,2.58918,2.1489,1.0,LLLFSLLLTLLAALLSYLILI,0.2095247363738421,0.0463797426098509,R,99999900.0,-21.711599999999997,-9.116600000000005,9.668999999999983,618.6999999999998,-0.03509229028608373,-0.014735089704218536,0.01562792952965894,-0.03419880394375304
LYVLTALLLILALLL,Mutant,,void,14.0,LLLLYVLTALLLILFLLLILI,0.0858365132524527,LLLLYVLTALLLILALLLILI_2,1.1001100110011e+17,1.0,-58.9645,-58.9645,-58.8545,-230.245,-221.341,-244.745,-368.278,4658.84,3605.62,3605.73,-21.132,-14.0733,-100.2,-102.046,-64.6786,-57.3512,76.9172,17.609,9.72368,5.4865,5.14026,-8.82654,-62.8439,56.9541,19.0347,-376.895,9.5,3.61539,2.9697,2.0,LLLLYVLTALLLILALLLILI,0.1562677104318711,0.0211233549836924,L,99999900.0,-35.5214,-0.10999999999999943,14.5,1053.2200000000003,-0.03372647689941322,-0.0001044416171360204,0.013767304077020943,-0.020064184121076314
LAVLIALLTLLFSLL,Mutant,,void,4.0,LLLLYVLIALLTLLFSLLILI,-0.0748578306298205,LLLLAVLIALLTLLFSLLILI_1,1.1001100110011e+17,1.0,-70.56,-74.2487,-74.3021,-234.105,-222.809,-242.892,-371.794,4546.9,3651.54,3718.47,-21.1313,20.7959,-88.2599,-53.9396,-54.5999,-46.5501,99.3214,21.2091,8.86095,6.8909,6.88072,2.24526,-43.0836,88.7124,20.2021,-368.422,9.3861,4.93871,4.7694,1.0,LLLLAVLIALLTLLFSLLILI,0.3885299911821052,0.0433673856022439,L,99999900.0,-33.660000000000004,3.7420999999999935,8.787000000000006,895.3599999999997,-0.03759381701215155,0.004179436204431731,0.009813929592566129,-0.023600897962830603
AVLLTSLLGGLLFLL,WT,LLLAVLLTSLLGILLFLLILI,clash,,,,LLLAVLLTSLLGGLLFLLILI_1,1.1001100110011e+17,1.0,-80.4875,-78.6747,-74.1107,-219.898,-217.743,-236.44,-357.908,4528.42,3773.85,3600.8,-21.1266,-19.846,-78.6489,-81.3367,-47.3571,-49.1399,65.1403,-42.4884,6.66545,2.66492,2.14203,-14.338,-42.5413,66.4514,-37.8047,-374.057,6.7945,1.85213,1.3489,1.0,LLLAVLLTSLLGGLLFLLILI,0.2723962094551417,0.0267342843315312,G,99999900.0,-31.291799999999995,-6.376800000000003,16.542,754.5700000000002,-0.0414697112262613,-0.008450905813907261,0.02192241939117643,-0.027998197648992133
YILLSTLLALLLAFL,WT,LLLYILLSTLLAALLAFLILI,void,,,,LLLYILLSTLLALLLAFLILI_1,1.1001100110011e+17,1.0,-74.2633,-74.2633,-74.1096,-242.862,-234.186,-250.264,-367.259,4639.05,4008.0,3761.7,-21.1137,93.7384,-71.248,34.9288,-42.8861,-67.2679,64.0854,-42.0245,8.24482,5.24172,4.703,83.3699,-58.0388,59.4252,-37.1641,-275.835,8.0,3.22822,2.6196,1.0,LLLYILLSTLLALLLAFLILI,0.2070393363726631,0.0302058187058147,R,99999900.0,-28.361900000000006,-0.15370000000000061,7.402000000000015,631.0500000000002,-0.044943982251802544,-0.00024356231677363216,0.011729656921004696,-0.033458046113620146
LLLLTALLIALVSLL,Mutant,,void,12.0,LLLLLLLTALLIFLVSLLILI,-0.094717125176811,LLLLLLLTALLIALVSLLILI_0,1.1001100110011e+17,1.0,-74.0558,-73.9206,-74.0315,-230.034,-222.441,-240.488,-389.824,4535.33,3640.79,3604.29,-21.1064,-11.3316,-106.841,-104.794,-75.3051,-49.3151,67.0006,19.6973,9.24018,2.94234,2.44735,-11.1662,-51.3244,56.7456,20.2059,-401.156,9.3834,1.85932,1.2105,0.0,LLLLLLLTALLIALVSLLILI,0.3557630624257127,0.0928012541277519,L,99999900.0,-31.535899999999998,-0.02430000000001087,10.454000000000008,894.54,-0.035253761709929124,-2.7164799785376696e-05,0.011686453372683175,-0.023594696715630383
YVLLIILLTLLLSFL,Mutant,,clash,7.0,LLLYVLLAILLTLLLSFLILI,0.0601271993522396,LLLYVLLIILLTLLLSFLILI_0,1.1001100110011e+17,1.0,-71.4408,-71.6259,-74.2519,-252.811,-242.843,-257.538,-379.247,4690.56,4133.21,3845.86,-21.0904,53.2754,-76.0863,-11.5025,-47.4568,-77.5666,57.95,-44.0391,9.07579,5.95824,5.32749,51.9546,-76.3191,47.1656,-35.0895,-325.972,8.6159,4.31522,3.5227,0.0,LLLYVLLIILLTLLLSFLILI,0.2110882850785875,0.0513999130039588,R,99999900.0,-28.629499999999993,2.8111000000000104,4.727000000000004,557.3500000000004,-0.051367183995693864,0.005043688884901782,0.008481205705571006,-0.03784049520050235
LLFLLATLLILLSVL,WT,LLLLLFLLITLLILLSVLILI,clash,,,,LLLLLFLLATLLILLSVLILI_1,1.1001100110011e+17,1.0,-74.2359,-74.2211,-74.2359,-236.434,-235.318,-245.076,-380.422,4596.27,3803.03,3697.92,-21.0847,-18.1739,-90.8368,-89.0573,-61.111,-52.3173,85.3159,25.0105,9.52106,5.86524,5.64498,-7.80841,-55.2224,71.1403,23.3889,-388.48,9.5,4.3873,3.9544,1.0,LLLLLFLLATLLILLSVLILI,0.2809580727978038,0.0213685581814067,L,99999900.0,-29.7258,0.0,8.641999999999996,793.2400000000002,-0.037473904492965546,0.0,0.010894559023750685,-0.026580480056477226
SYLLTVLLGTLLAFL,WT,LLLSYLLTVLLITLLAFLILI,clash,,,,LLLSYLLTVLLGTLLAFLILI_2,1.1001100110011e+17,1.0,-84.167,-88.9422,-72.5251,-234.107,-232.392,-253.872,-358.537,4570.76,3859.84,3657.38,-21.0729,300.738,-61.336,263.535,-32.1405,-49.2565,69.1616,-47.9826,8.18718,3.2253,2.76272,295.542,-49.156,60.31,-42.3523,-57.7995,7.5,2.01525,1.4199,2.0,LLLSYLLTVLLGTLLAFLILI,0.3239078285684205,0.0492434465109351,G,99999900.0,-29.195499999999996,-11.641900000000007,19.765000000000015,710.9200000000001,-0.04106720868733471,-0.01637582287739831,0.027802003038316564,-0.029641731840432114
LYLLLAVLTALLFSL,WT,LLLLYLLLAVLTILLFSLILI,clash,,,,LLLLYLLLAVLTALLFSLILI_0,1.1001100110011e+17,1.0,-74.2439,-74.2439,-74.2439,-222.876,-215.194,-244.379,-359.952,4586.86,3640.15,3647.57,-21.0648,-4.79952,-83.8968,-75.3142,-41.3294,-11.3242,100.994,20.1754,8.94847,1.83283,1.84774,-3.40079,-16.1108,85.7945,18.2467,-364.752,9.3989,0.498883,0.285801,0.0,LLLLYLLLAVLTALLFSLILI,0.3065620393969566,0.0526065688510401,L,99999900.0,-42.5674,0.0,21.502999999999986,946.7099999999996,-0.04496350519166378,0.0,0.022713396921971878,-0.022250530785562644
YSLLVALLATLLTAL,Mutant,,void,16.0,LLLYSLLVALLATLLTLLILI,0.041089903654545,LLLYSLLVALLATLLTALILI_2,1.1001100110011e+17,1.0,-79.1404,-82.0907,-72.5506,-230.64,-221.572,-244.218,-358.947,4588.02,3966.83,3833.35,-21.0489,2265.25,-70.2154,2209.96,-42.1785,-46.8276,79.5873,-42.6478,8.54792,4.26842,3.96223,1967.96,-46.3688,65.1745,-35.0,1906.3,8.3786,2.25388,1.7315,2.0,LLLYSLLVALLATLLTALILI,0.3639308245981223,0.0287042388889107,R,99999900.0,-28.036900000000003,-6.589799999999997,13.578000000000003,621.1900000000005,-0.0451341779487757,-0.010608348492409716,0.021858046652392975,-0.03388480175147698
LAVLAFLLATLISLL,Mutant,,void,7.0,LLLLAVLLFLLATLISLLILI,-0.1099299743283497,LLLLAVLAFLLATLISLLILI_0,1.1001100110011e+17,1.0,-74.1808,-74.1808,-74.1808,-225.922,-213.975,-238.373,-360.648,4512.85,3584.27,3665.48,-21.0471,-7.35081,-81.5925,-79.8425,-48.0946,-53.9183,76.0586,19.6178,8.73531,4.85566,4.49654,-7.02368,-60.0299,56.8654,19.5041,-367.999,8.5832,3.18132,2.5343,0.0,LLLLAVLAFLLATLISLLILI,0.3695252080264523,0.0081236739118947,L,99999900.0,-33.4979,0.0,12.450999999999993,928.5800000000004,-0.03607432854465958,0.0,0.013408645458657291,-0.02266589846862951
YFLLAALVTLLLSLL,Mutant,,void,8.0,LLLYFLLAILVTLLLSLLILI,0.0286596649996301,LLLYFLLAALVTLLLSLLILI_0,1.1001100110011e+17,1.0,-70.5891,-70.58,-74.1565,-233.463,-226.789,-249.928,-357.956,4731.29,3758.52,3804.85,-21.0389,-9.25378,-74.9425,-69.8399,-33.8715,-105.025,25.7707,18.8619,9.24166,5.73284,4.6194,-9.31525,-111.368,7.59807,18.0,-367.209,9.5,4.23094,2.84491,0.0,LLLYFLLAALVTLLLSLLILI,0.1988317435991999,0.0524019017456149,L,99999900.0,-41.071,3.567399999999992,16.465000000000003,972.77,-0.04222066881174378,0.003667259475518357,0.01692589204025618,-0.021627825693637758
SYLLVALLALLLATL,Mutant,,void,8.0,LLLSYLLVFLLALLLATLILI,0.0493663189495531,LLLSYLLVALLALLLATLILI_2,1.1001100110011e+17,1.0,-77.2974,-74.5879,-58.8168,-227.428,-225.383,-250.42,-367.166,4579.59,3795.66,3752.6,-21.0199,-11.4488,-83.4602,-78.6434,-57.9292,-67.3442,60.0032,-44.8006,8.16002,4.70206,4.10211,-11.7851,-61.0036,57.271,-40.2845,-379.109,8.1019,3.38213,2.7412,2.0,LLLSYLLVALLALLLATLILI,0.4587751267341463,0.030337121243716,R,99999900.0,-25.531,-18.480599999999995,22.99199999999999,783.9300000000003,-0.03256795887387903,-0.02357429872565151,0.029329149286288294,-0.02681349100047197
YLLLIVLLAFLLSTL,WT,LLLYLLLIVLLIFLLSTLILI,clash,,,,LLLYLLLIVLLAFLLSTLILI_2,1.1001100110011e+17,1.0,-74.2268,-72.509,-74.0969,-241.71,-239.555,-253.014,-367.702,4754.47,4149.91,3991.23,-21.001,-15.8053,-72.7664,-71.4434,-40.5908,-62.4596,55.0562,-47.106,8.73104,3.30153,2.62737,-19.5904,-60.4999,54.1041,-45.0,-387.472,8.7425,2.87904,2.1906,2.0,LLLYLLLIVLLAFLLSTLILI,0.2222230459593462,0.0922675083688221,R,99999900.0,-32.1756,-0.12989999999999213,11.304000000000002,604.5600000000004,-0.05322151647479156,-0.00021486701071852594,0.0186978959904724,-0.034737660447267414
YLLLGALLGTLLIFL,Mutant,,clash,15.0,LLLYLLLGALLGTLLSFLILI,0.3907002542639933,LLLYLLLGALLGTLLIFLILI_2,1.1001100110011e+17,1.0,-58.7234,-55.3281,-58.7234,-235.84,-230.264,-246.097,-344.8,4634.58,3889.64,3599.46,-20.9794,3444.49,-71.2166,3385.28,-39.9799,-64.8632,73.6074,-46.6916,7.88572,6.16648,5.77059,2934.02,-60.6857,64.7023,-38.4105,3165.13,7.3229,4.33767,3.8082,2.0,LLLYLLLGALLGTLLIFLILI,0.1373781200765333,0.0857542612875729,G,99999900.0,-31.2367,0.0,10.257000000000005,744.94,-0.04193183343624989,0.0,0.013768894139125304,-0.028162536580127254
YSLLVALLFILLILL,Mutant,,clash,12.0,LLLYSLLVALLFTLLILLILI,0.049175055145531,LLLYSLLVALLFILLILLILI_1,1.1001100110011e+17,1.0,-56.6671,-55.6914,-45.032,-235.512,-232.415,-257.733,-353.814,4759.81,3961.09,3751.53,-20.9684,26.8263,-82.6032,-38.8811,-51.0491,-58.6141,85.9496,-42.5507,8.44854,6.89531,6.68456,20.9642,-56.104,80.164,-35.0,-333.81,8.259,5.73774,5.4402,1.0,LLLYSLLVALLFILLILLILI,0.2300360994391297,0.0305605833182916,R,99999900.0,-31.5541,-11.635100000000001,22.221000000000004,798.7200000000003,-0.03950583433493588,-0.014567182491987176,0.02782076322115384,-0.026252504006410247
YALLVLLLGTLLAFL,WT,LLLYALLVLLLITLLAFLILI,clash,,,,LLLYALLVLLLGTLLAFLILI_1,1.1001100110011e+17,1.0,-58.7698,-58.7698,-58.7698,-236.703,-226.805,-246.837,-344.197,4677.94,3983.16,3696.09,-20.9597,1994.83,-69.6831,1936.21,-38.5896,-60.86,65.4717,-44.122,7.71633,4.46768,3.94976,1955.05,-52.9906,59.3407,-40.4383,1637.6,7.2557,2.45959,1.8497,1.0,LLLYALLVLLLGTLLAFLILI,0.213962589164624,0.0344196625138548,G,99999900.0,-31.0935,0.0,10.133999999999986,694.7799999999997,-0.044753015342986285,0.0,0.014585912087279412,-0.030167391116612464
YALLFVLTALLLSLL,WT,LLLYILLFVLTALLLSLLILI,clash,,,,LLLYALLFVLTALLLSLLILI_1,1.1001100110011e+17,1.0,-74.1224,-74.1224,-74.144,-230.571,-230.582,-249.876,-362.992,4683.6,3777.77,3731.22,-20.9583,-16.4498,-79.2574,-74.7373,-38.9716,-101.979,31.9079,17.7243,9.12766,6.10448,5.0831,-14.3867,-102.991,23.1616,18.0337,-377.528,9.0042,5.07547,3.92289,1.0,LLLYALLFVLTALLLSLLILI,0.5233720822606771,0.0747890065594754,L,99999900.0,-40.2858,0.021600000000006503,19.305000000000007,905.8300000000004,-0.04447390790766478,2.3845533930214823e-05,0.02131194595012309,-0.023137122859697726
YVLLFILLALLLITL,Mutant,,clash,15.0,LLLYVLLFILLALLLSTLILI,-0.0059777571435973,LLLYVLLFILLALLLITLILI_2,1.1001100110011e+17,1.0,-58.9281,-58.9281,-58.9281,-250.589,-245.473,-255.376,-364.02,4701.59,3990.94,3860.78,-20.9433,35.9691,-75.4468,-23.6499,-49.7168,-68.2973,65.7197,-37.643,8.9837,5.61676,5.10256,39.4253,-63.1873,55.2127,-36.6493,-327.026,8.5138,3.43181,2.76,2.0,LLLYVLLFILLALLLITLILI,0.2211687513531005,0.0717945086119568,R,99999900.0,-25.729999999999997,0.0,4.787000000000006,710.6500000000001,-0.036206290016182356,0.0,0.006736086681207353,-0.02947062548371209
SSLLAALLGVLLGTL,Mutant,,void,8.0,LLLSSLLALLLGVLLGTLILI,0.3242402071757189,LLLSSLLAALLGVLLGTLILI_2,1.1001100110011e+17,1.0,-78.1372,-84.0489,-58.7566,-213.772,-210.313,-248.712,-364.377,4402.71,3501.77,3408.72,-20.9402,1650.57,-93.4079,1580.55,-56.9082,-73.0555,49.8311,-37.4317,7.09332,4.18552,3.43298,628.288,-66.9239,51.0441,-36.0241,1286.19,6.7893,3.42954,2.6952,2.0,LLLSSLLAALLGVLLGTLILI,0.2469906890838165,0.0293429558480453,G,99999900.0,-36.4997,-19.38060000000001,34.94,900.94,-0.04051290873976069,-0.02151153239949387,0.038781716873487686,-0.023242613270584057
VTLLLALLLLLFSLL,WT,LLLVILLLALLLLLFSLLILI,clash,,,,LLLVTLLLALLLLLFSLLILI_0,1.1001100110011e+17,1.0,-63.6456,-64.7297,-60.4201,-231.943,-223.224,-246.481,-380.769,4654.77,3699.34,3671.65,-20.94,-3.39784,-106.12,-96.2126,-73.868,-104.702,37.1537,22.4636,9.24444,7.22108,6.27838,-4.67682,-109.546,18.722,21.6774,-384.166,9.0601,5.45937,4.2402,0.0,LLLVTLLLALLLLLFSLLILI,0.2996017292761323,0.0379643235843771,L,99999900.0,-32.25200000000001,-3.225500000000004,14.537999999999982,955.4300000000003,-0.0337565284740902,-0.0033759668421548443,0.01521618538249791,-0.02191683325832347
LLLLLFILIVLLSTL,Mutant,,clash,11.0,LLLLLLLLFILAVLLSTLILI,-0.0467609582468987,LLLLLLLLFILIVLLSTLILI_0,1.1001100110011e+17,1.0,-74.2965,-74.2965,-74.2965,-246.844,-232.211,-249.617,-391.748,4577.36,3695.92,3563.89,-20.9347,7.57213,-91.5423,-77.6691,-67.8351,-45.7983,95.681,26.6336,9.49211,6.28668,6.22189,3.79912,-51.3841,76.7072,27.9383,-384.176,9.0467,4.56309,4.2137,0.0,LLLLLLLLFILIVLLSTLILI,0.2460823432616716,0.1054316972203264,L,99999900.0,-23.7072,0.0,2.772999999999996,881.4399999999996,-0.02689598838264659,0.0,0.003145988382646575,-0.023750567253585052
VYLLTILLALLLSFL,WT,LLLVYLLTILLALLLIFLILI,clash,,,,LLLVYLLTILLALLLSFLILI_0,1.1001100110011e+17,1.0,-74.1951,-74.1658,-74.1658,-238.07,-232.829,-248.114,-370.751,4640.07,3861.43,3779.66,-20.9345,-16.3049,-79.4199,-80.0605,-48.4705,-68.22,67.7571,-35.8085,8.12648,5.88021,5.39657,-14.9751,-65.4251,62.8523,-35.0,-387.055,8.0148,4.79882,4.2416,0.0,LLLVYLLTILLALLLSFLILI,0.4221015381782281,0.070760737795476,R,99999900.0,-30.949399999999997,-0.02929999999999211,10.044000000000011,778.6399999999999,-0.039748022192540845,-3.762971334633735e-05,0.012899414363505616,-0.026885980684270012
YSLLITLLFVLLALL,WT,LLLYSLLITLLFILLALLILI,clash,,,,LLLYSLLITLLFVLLALLILI_2,1.1001100110011e+17,1.0,-63.8798,-65.9763,-58.8845,-241.425,-237.407,-253.97,-356.457,4723.98,3978.32,3845.1,-20.9338,4914.86,-72.0853,4861.79,-43.6023,-35.6996,84.0738,-40.5834,9.36303,3.2049,2.96601,4310.34,-38.6138,67.2216,-35.9594,4560.33,8.7535,1.36698,0.875303,2.0,LLLYSLLITLLFVLLALLILI,0.2500753262321882,0.0660208542535746,R,99999900.0,-28.483000000000004,-4.9953,12.544999999999987,745.6599999999994,-0.038198374594319164,-0.006699165839658831,0.01682402167207574,-0.028074189308800283
YTLLVILLAFLLILL,Mutant,,clash,15.0,LLLYTLLVILLAFLLSLLILI,0.0880737787764509,LLLYTLLVILLAFLLILLILI_2,1.1001100110011e+17,1.0,-60.9258,-60.8715,-45.1094,-236.124,-236.211,-255.927,-353.636,4747.62,4051.76,3815.23,-20.9134,-13.3671,-77.4995,-69.9201,-52.599,-69.2541,48.4285,-48.0705,8.75401,3.42597,2.6524,1.74967,-67.6029,45.1857,-45.0,-341.939,8.6947,2.74051,1.9183,2.0,LLLYTLLVILLAFLLILLILI,0.2077484917958345,0.0605420692188366,R,99999900.0,-24.9005,-15.816400000000002,19.802999999999997,695.8599999999997,-0.03578377834621908,-0.02272928462621793,0.02845831057971432,-0.03005403385738512
YTLLVALLATLLSLL,WT,LLLYTLLVALLAILLSLLILI,clash,,,,LLLYTLLVALLATLLSLLILI_1,1.1001100110011e+17,1.0,-88.3749,-80.7179,-74.0377,-229.885,-226.727,-248.649,-374.784,4672.96,3859.84,3781.86,-20.9131,0.947549,-77.4373,-66.3914,-52.0973,-47.6302,79.9304,-43.7442,8.11983,4.43513,4.13409,-9.41603,-44.1843,73.3677,-43.7221,-384.157,8.0672,3.03228,2.6328,1.0,LLLYTLLVALLATLLSLLILI,0.3999607614120354,0.0519600902668921,R,99999900.0,-25.339999999999996,-14.337199999999996,18.76400000000001,813.1199999999999,-0.031163911845730027,-0.0176323297914207,0.023076544667453774,-0.025719573986619445
LTILLFLLAVLYLLL,WT,LLLLIILLFLLAVLYLLLILI,clash,,,,LLLLTILLFLLAVLYLLLILI_2,1.1001100110011e+17,1.0,-45.0625,-45.0625,-45.0625,-234.519,-221.569,-251.136,-356.3,4719.55,3790.53,3682.43,-20.8994,62.7116,-97.6172,-26.9569,-60.1012,-55.1695,65.8106,21.912,9.85052,3.65986,3.14702,56.6101,-59.6597,51.275,27.3954,-298.786,9.319,2.37108,1.6402,2.0,LLLLTILLFLLAVLYLLLILI,0.077170692564815,0.0502856822735199,L,99999900.0,-37.516,0.0,16.61699999999999,929.02,-0.04038233837807582,0.0,0.01788659017028696,-0.022496178769025425
YWLLVALLIFLLSLL,Mutant,,clash,11.0,LLLYWLLVALLAFLLSLLILI,0.088798641408507,LLLYWLLVALLIFLLSLLILI_2,1.1001100110011e+17,1.0,-60.3466,-60.758,-60.3026,-247.606,-235.492,-258.008,-363.334,4796.49,4042.05,3825.52,-20.8663,50.9765,-76.2477,-16.1072,-45.0227,-81.9127,60.5579,-41.8705,9.29627,6.96222,6.37059,51.1246,-72.3455,59.1071,-38.7139,-312.357,8.3283,5.33129,4.7179,2.0,LLLYWLLVALLIFLLSLLILI,0.2810421265125856,0.0480396688712457,R,99999900.0,-31.224999999999994,-0.044000000000004036,10.401999999999987,754.4399999999996,-0.04138831451142571,-5.832140395525696e-05,0.013787710089602874,-0.027657997985260602
YSLLAALLGTLLGFL,Mutant,,void,8.0,LLLYSLLALLLGTLLGFLILI,-0.0073556363345986,LLLYSLLAALLGTLLGFLILI_0,1.1001100110011e+17,1.0,-65.2513,-71.8392,-58.7271,-218.502,-215.373,-241.113,-329.288,4550.62,3695.66,3589.94,-20.8644,8087.02,-66.3986,8044.94,-29.4482,-74.6221,50.9328,-32.864,7.09445,4.56925,3.83324,7488.62,-65.5548,56.8812,-35.0605,7757.73,6.8434,4.01218,3.3654,0.0,LLLYSLLAALLGTLLGFLILI,0.1714329082437974,0.0466762343006896,G,99999900.0,-36.9504,-6.5242,22.61099999999999,854.96,-0.043218864040422945,-0.007631000280714888,0.026446851314681375,-0.024403948722747263
YTLLATLLFLLLSVL,WT,LLLYTLLAILLFLLLSVLILI,clash,,,,LLLYTLLATLLFLLLSVLILI_0,1.1001100110011e+17,1.0,-81.4767,-81.6997,-74.1799,-238.235,-231.98,-253.102,-366.994,4699.85,3994.84,3849.85,-20.8463,-13.0631,-68.1286,-66.3775,-39.7119,-50.5246,97.7283,-38.3848,8.41147,7.27201,7.23794,-13.5013,-56.104,80.164,-35.0,-380.057,8.259,5.73774,5.4402,0.0,LLLYTLLATLLFLLLSVLILI,0.2816316450450342,0.0825168828197626,R,99999900.0,-28.416700000000006,-7.29679999999999,14.86699999999999,705.0100000000002,-0.040306804158806255,-0.01034992411455155,0.021087644146891512,-0.029568800442546905
YALLVLLLATLLSFL,Mutant,,void,4.0,LLLYYLLVLLLATLLSFLILI,-0.0645569183161481,LLLYALLVLLLATLLSFLILI_0,1.1001100110011e+17,1.0,-74.1087,-74.1087,-74.1087,-245.027,-231.144,-250.103,-361.894,4690.78,4015.92,3857.9,-20.8412,-10.3385,-63.5993,-66.9795,-37.6816,-82.2693,60.8609,-42.8524,8.51224,7.05661,6.46952,-9.94086,-77.3567,49.5493,-44.6559,-372.232,8.4065,4.79266,4.0359,0.0,LLLYALLVLLLATLLSFLILI,0.2723672155239974,0.0853963067554638,R,99999900.0,-25.917699999999996,0.0,5.076000000000022,674.8599999999997,-0.038404557982396365,0.0,0.00752156002726495,-0.03088225706072372
YWLLTILVILLLSLL,Mutant,,clash,11.0,LLLYWLLTILVALLLSLLILI,0.2330627555658996,LLLYWLLTILVILLLSLLILI_0,1.1001100110011e+17,1.0,-74.1507,-74.1501,-74.1387,-247.186,-229.553,-261.7,-390.246,4750.81,3894.72,3769.53,-20.8409,36.6522,-89.7501,-49.891,-54.4079,-108.368,27.3616,25.5894,9.94506,6.44909,5.35951,34.0146,-106.661,10.839,28.0,-353.594,9.5,3.96242,2.62501,0.0,LLLYWLLTILVILLLSLLILI,0.2132334694082251,0.1289550380317887,L,99999900.0,-35.342200000000005,-0.012000000000000455,14.513999999999982,856.0900000000006,-0.04128327629104414,-1.4017217815884366e-05,0.016953824948311477,-0.024344286231587783
ASLLVALLATLLTLL,Mutant,,void,3.0,LLLYSLLVALLATLLTLLILI,-0.0505396616539065,LLLASLLVALLATLLTLLILI_0,1.1001100110011e+17,1.0,-83.5558,-82.0907,-72.5506,-224.215,-218.672,-240.793,-374.957,4503.56,3673.71,3718.82,-20.8283,2266.11,-88.0146,2191.92,-61.6135,-49.7825,73.6306,-43.6184,8.19689,3.9075,3.51196,1569.48,-46.3688,65.1745,-35.0,1891.16,8.3786,2.25388,1.7315,0.0,LLLASLLVALLATLLTLLILI,0.4555603899065741,0.0456589170143229,R,99999900.0,-26.4011,-11.005200000000002,16.578000000000003,829.8500000000004,-0.03181430378984152,-0.013261673796469238,0.019977104295957095,-0.025098873290353665
YVLLFILLALLLSTL,WT,LLLYVLLFILLILLLSTLILI,clash,,,,LLLYVLLFILLALLLSTLILI_1,1.1001100110011e+17,1.0,-74.2681,-74.2387,-74.2387,-247.625,-241.992,-253.415,-371.41,4675.83,4111.89,3883.06,-20.8278,-14.5057,-70.3447,-69.6856,-43.7561,-66.7657,65.9213,-35.8428,8.99105,5.41423,4.90305,-10.9017,-63.1873,55.2127,-36.6493,-383.648,8.5138,3.43181,2.76,1.0,LLLYVLLFILLALLLSTLILI,0.2151909942095032,0.0683557613140686,R,99999900.0,-26.5886,-0.02940000000000964,5.789999999999992,563.9399999999996,-0.04714792353796506,-5.213320566019375e-05,0.010267049686136816,-0.03693265240983086
YILLSVLLALLLTFL,WT,LLLYILLSVLLILLLTFLILI,clash,,,,LLLYILLSVLLALLLTFLILI_0,1.1001100110011e+17,1.0,-74.3328,-74.2881,-74.179,-243.464,-234.177,-252.91,-371.623,4664.54,3942.96,3863.56,-20.8228,-10.9227,-74.6494,-74.0812,-44.5342,-76.8955,63.0039,-36.5244,8.92915,6.53986,5.98492,-9.57632,-73.6754,55.7586,-37.7359,-382.546,8.8202,5.07872,4.4151,0.0,LLLYILLSVLLALLLTFLILI,0.1872934733717073,0.0462026501602297,R,99999900.0,-30.1152,-0.15380000000000393,9.445999999999998,721.5799999999999,-0.04173508134926135,-0.00021314337980543244,0.013090717591950995,-0.028857229967571167
VALLLALLFTLLIIL,Mutant,,clash,15.0,LLLVALLLALLFTLLSILILI,0.1119787380556541,LLLVALLLALLFTLLIILILI_1,1.1001100110011e+17,1.0,-58.842,-55.4619,-58.842,-237.906,-226.627,-244.517,-367.964,4587.29,3762.35,3729.79,-20.8,1.69754,-92.016,-84.178,-64.6051,-42.6227,97.3628,-31.7894,8.34712,6.03738,5.99782,2.3328,-39.6626,86.0874,-35.0,-363.979,8.2373,4.07119,3.8625,1.0,LLLVALLLALLFTLLIILILI,0.5426487561413288,0.0364237673380349,R,99999900.0,-27.410900000000012,0.0,6.61099999999999,824.94,-0.033227749896962214,0.0,0.008013916163599765,-0.025213954954299705
VYLLLALLFILLSLL,Mutant,,clash,12.0,LLLVYLLLALLFTLLSLLILI,0.2668827874274261,LLLVYLLLALLFILLSLLILI_0,1.1001100110011e+17,1.0,-67.4642,-68.3348,-60.4151,-239.911,-233.446,-248.834,-368.978,4684.73,3958.28,3807.29,-20.7865,47.8295,-82.3885,-19.3668,-59.7285,-12.956,101.71,-37.9687,9.54598,2.17428,2.19993,50.8683,-18.4173,84.5167,-38.5607,-321.148,9.0,0.672349,0.440099,0.0,LLLVYLLLALLFILLSLLILI,0.2242524051346997,0.0430788016671003,R,99999900.0,-22.659999999999997,-7.049100000000003,8.923000000000002,726.4499999999994,-0.0311927868401129,-0.009703489572578992,0.012283020166563439,-0.028613806869020604
ASLLFALLIALLVTL,Mutant,,void,3.0,LLLLSLLFALLIALLVTLILI,-0.1096578190135432,LLLASLLFALLIALLVTLILI_2,1.1001100110011e+17,1.0,-68.4314,-68.1727,-58.8343,-227.467,-226.042,-243.419,-355.049,4536.03,3730.54,3672.54,-20.7641,-18.9454,-79.9147,-79.7806,-52.7964,-40.755,76.1374,-35.0547,8.44521,2.8918,2.53386,-19.7542,-39.3076,75.987,-35.0,-375.353,8.4047,2.65439,2.2942,2.0,LLLASLLFALLIALLVTLILI,0.4042945826253676,0.0400861359625082,R,99999900.0,-27.118299999999998,-9.597099999999998,15.951999999999998,805.4899999999998,-0.033666836335646634,-0.011914610982135098,0.019804094402165146,-0.025778221951855397
TSLLVGLLIYLLGLL,Mutant,,clash,11.0,LLLTSLLVGLLAYLLGLLILI,0.2372015469278237,LLLTSLLVGLLIYLLGLLILI_2,1.1001100110011e+17,1.0,-58.8488,-51.5678,-44.9603,-234.58,-229.686,-256.188,-361.048,4621.67,3774.27,3637.48,-20.764,1557250.0,-88.3841,1557170.0,-59.8998,-43.4219,84.5828,-47.3341,7.96266,4.43196,4.2007,1524710.0,-47.0876,58.6724,-35.0,1556970.0,7.44,1.48391,0.863996,2.0,LLLTSLLVGLLIYLLGLLILI,0.1814458489659953,0.045409222694354,G,99999900.0,-28.484300000000005,-13.8885,21.607999999999976,847.4000000000001,-0.033613759735662024,-0.016389544489025253,0.025499173943828148,-0.02450318621666273
YALLVALLATLLSFL,Mutant,,void,4.0,LLLYLLLVALLATLLSFLILI,-0.0461496166458711,LLLYALLVALLATLLSFLILI_1,1.1001100110011e+17,1.0,-74.0594,-66.6574,-74.0594,-240.03,-233.642,-245.231,-352.904,4612.94,4064.41,3885.47,-20.75,506.217,-59.5644,453.612,-33.6132,-48.7862,78.1534,-44.8993,8.52789,4.36865,4.04095,405.519,-47.1777,64.0077,-41.6778,146.992,8.4891,2.21769,1.67781,1.0,LLLYALLVALLATLLSFLILI,0.2649998844332161,0.0108915582403228,R,99999900.0,-25.9512,0.0,5.200999999999993,548.5299999999997,-0.04731044792445265,0.0,0.009481705649645409,-0.03782837766393818
YLLLTILVALLASLL,Mutant,,void,14.0,LLLYLLLTILVALLLSLLILI,-0.0234203188640348,LLLYLLLTILVALLASLLILI_1,1.1001100110011e+17,1.0,-73.9578,-73.9784,-74.198,-240.597,-235.021,-248.009,-376.878,4606.4,3823.5,3744.85,-20.7372,22.2509,-83.0612,-45.6283,-54.6715,-103.799,25.2384,24.9149,9.50284,5.47698,4.35555,27.4885,-108.73,3.38007,19.3936,-350.23,9.4542,3.26581,1.81651,1.0,LLLYLLLTILVALLASLLILI,0.39078330809082,0.038106174710232,L,99999900.0,-28.389699999999998,0.2401999999999873,7.411999999999978,782.8999999999996,-0.03626223016988123,0.0003068080214586632,0.009467364925277789,-0.026487674032443495
YTLLVALLFALLSLL,WT,LLLYTLLVILLFALLSLLILI,clash,,,,LLLYTLLVALLFALLSLLILI_1,1.1001100110011e+17,1.0,-69.3778,-65.4634,-60.4371,-230.22,-231.403,-250.657,-353.42,4741.7,3819.06,3773.62,-20.7225,-14.5293,-74.5451,-71.0835,-42.3266,-39.6812,75.8142,-40.5414,7.82922,2.6871,2.32431,-8.89332,-41.4439,73.7208,-39.1581,-364.147,8.0,2.66889,2.2747,1.0,LLLYTLLVALLFALLSLLILI,0.3080400004396917,0.0423559177531374,R,99999900.0,-32.218500000000006,-8.940699999999993,20.437000000000012,922.6399999999999,-0.03491990375444378,-0.009690345096679088,0.02215056793548948,-0.022460006069539587
YALLAVLLGLLLGTL,Mutant,,void,4.0,LLLYFLLAVLLGLLLGTLILI,-0.0168531058672679,LLLYALLAVLLGLLLGTLILI_0,1.1001100110011e+17,1.0,-58.7556,-60.3616,-58.7556,-229.106,-222.903,-240.658,-347.766,4583.77,3685.41,3632.49,-20.7147,-16.1609,-80.6191,-80.6619,-48.3525,-69.4777,45.6586,-41.9608,7.0661,3.08556,2.27044,-15.8791,-71.1719,34.5088,-41.0473,-363.927,6.9662,1.83447,0.852102,0.0,LLLYALLAVLLGLLLGTLILI,0.3204027425259332,0.0719164673109344,G,99999900.0,-32.266600000000004,0.0,11.551999999999992,898.3600000000006,-0.035917226946880966,0.0,0.012858987488312018,-0.023058350772518797
FSLLVLLTALLYLLL,WT,LLLFSLLVLLTILLYLLLILI,clash,,,,LLLFSLLVLLTALLYLLLILI_1,1.1001100110011e+17,1.0,-67.9331,-68.6843,-58.8892,-232.682,-232.574,-250.018,-359.597,4740.74,3797.97,3760.5,-20.7143,225.448,-79.6962,167.109,-50.6898,-101.328,30.297,21.8016,9.20969,5.78934,4.74379,16.9057,-99.1745,22.4175,18.2946,-342.797,9.5,4.40254,3.2388,1.0,LLLFSLLVLLTALLYLLLILI,0.268685962924289,0.0364374740892355,L,99999900.0,-29.006400000000006,-9.043899999999994,17.336000000000013,942.77,-0.030767207272187284,-0.00959290176819372,0.018388366197481902,-0.021971742842899118
TALLALLLGVLLASL,Mutant,,void,7.0,LLLTALLFLLLGVLLASLILI,0.0250677737569748,LLLTALLALLLGVLLASLILI_0,1.1001100110011e+17,1.0,-67.0136,-65.8041,-60.3462,-219.067,-216.283,-238.459,-367.607,4507.03,3565.72,3570.59,-20.7048,806.352,-102.231,720.833,-68.8014,-55.5102,71.83,-42.8897,7.29609,4.52357,4.10102,237.24,-60.5958,60.1642,-40.2827,438.746,7.5,3.71154,3.114,0.0,LLLTALLALLLGVLLASLILI,0.8640745098301225,0.0211038437521542,G,99999900.0,-33.42959999999999,-6.6673999999999936,19.391999999999996,941.31,-0.03551391146381107,-0.007083107584111498,0.0206010772221691,-0.021995729355897633
SYLLVALLTLLLSFL,WT,LLLSYLLVALLILLLSFLILI,clash,,,,LLLSYLLVALLTLLLSFLILI_0,1.1001100110011e+17,1.0,-89.1197,-90.3043,-74.2797,-232.996,-233.321,-257.693,-376.675,4625.23,3973.18,3857.83,-20.7029,-23.083,-75.2621,-76.1332,-44.7026,-70.403,44.2711,-46.8889,8.87675,3.03704,2.20111,-22.6065,-70.8563,45.7237,-44.789,-399.758,8.8389,3.30114,2.487,0.0,LLLSYLLVALLTLLLSFLILI,0.5750261156733966,0.0227868502205033,R,99999900.0,-30.559500000000007,-14.83999999999999,24.696999999999974,652.0499999999997,-0.04686680469289168,-0.022758990874932897,0.03787592975998771,-0.031750479257725644
YLLLAVLLAFLLTSL,WT,LLLYLLLIVLLAFLLTSLILI,clash,,,,LLLYLLLAVLLAFLLTSLILI_0,1.1001100110011e+17,1.0,-74.2137,-70.6458,-74.2137,-237.107,-226.767,-249.063,-359.969,4687.46,3864.03,3784.78,-20.667,-11.6047,-69.3154,-74.1614,-36.6924,-88.3199,56.1719,-47.117,7.88177,7.33119,6.67377,-12.0779,-81.4126,51.8134,-45.0,-371.574,8.0,5.7067,4.9839,0.0,LLLYLLLAVLLAFLLTSLILI,0.2416241449899006,0.0607872958019721,R,99999900.0,-32.623,0.0,11.955999999999989,823.4299999999998,-0.03961842536706217,0.0,0.014519752741580938,-0.025098672625481225
LYWLLIILAFLLSLL,Mutant,,clash,8.0,LLLLYWLLTILAFLLSLLILI,0.2028314023343385,LLLLYWLLIILAFLLSLLILI_1,1.1001100110011e+17,1.0,-60.3198,-58.745,-60.3383,-244.845,-238.853,-254.416,-362.086,4706.74,3849.55,3674.78,-20.6241,-9.38252,-77.5451,-73.8698,-47.3311,-2.82589,114.222,19.697,9.87625,2.3438,2.55712,-1.42358,-8.04023,93.8271,22.8656,-366.152,9.1939,0.372694,0.280101,1.0,LLLLYWLLIILAFLLSLLILI,0.224984189199382,0.0550228619394471,L,99999900.0,-30.214000000000006,0.018499999999995964,9.570999999999998,857.1899999999996,-0.0352477280416244,2.1582146315281293e-05,0.011165552561275799,-0.024060126693031893
VYLLITLLFALLSLL,WT,LLLVYLLITLLFILLSLLILI,clash,,,,LLLVYLLITLLFALLSLLILI_0,1.1001100110011e+17,1.0,-73.8195,-74.18,-74.2621,-236.237,-234.712,-247.936,-366.233,4666.55,3850.81,3854.02,-20.5678,-18.652,-76.7439,-75.9926,-44.0341,-14.7836,95.8616,-44.4068,8.96528,1.65886,1.59678,-16.7933,-14.3135,93.6678,-45.0,-384.885,9.0,1.29218,1.1972,0.0,LLLVYLLITLLFALLSLLILI,0.4491323398638041,0.0340089880184235,R,99999900.0,-32.709799999999994,0.44259999999999877,11.699000000000012,815.7400000000002,-0.04009831563978717,0.0005425748400225545,0.014341579424816741,-0.02521367102262975
FVLLIALLLTLLSLL,WT,LLLFVLLIALLLILLSLLILI,clash,,,,LLLFVLLIALLLTLLSLLILI_0,1.1001100110011e+17,1.0,-74.196,-74.196,-74.196,-239.928,-231.018,-246.273,-380.631,4653.76,3968.7,3954.26,-20.547,-8.36549,-87.0545,-83.7826,-60.1621,-9.33295,119.372,-43.9996,8.77768,4.0152,4.30579,-6.9955,-14.3135,93.6678,-45.0,-388.997,9.0,1.29218,1.1972,0.0,LLLFVLLIALLLTLLSLLILI,0.3583280285525371,0.0268712955046642,R,99999900.0,-26.892400000000002,0.0,6.344999999999999,685.0600000000004,-0.03925553966075962,0.0,0.009261962455843277,-0.02999299331445419
ASLLLALLAVLLYTL,Mutant,,void,11.0,LLLASLLLALLFVLLYTLILI,-0.0024553091400307,LLLASLLLALLAVLLYTLILI_2,1.1001100110011e+17,1.0,-70.838,-67.2098,-58.8922,-223.221,-222.538,-248.938,-362.253,4622.92,3750.74,3764.87,-20.545,4.97399,-88.7391,-67.5315,-54.423,-55.8604,82.761,-37.008,8.20144,6.0518,5.79321,-19.1629,-56.0784,83.297,-37.0432,-382.688,8.1857,6.15685,5.9063,2.0,LLLASLLLALLAVLLYTLILI,0.364578387039294,0.1043404973600889,R,99999900.0,-34.31609999999999,-11.945799999999991,25.716999999999985,872.1800000000003,-0.0393452039716572,-0.013696484670595505,0.02948588594097546,-0.02355591735650897
TSLLFALLYLLAVLL,Mutant,,void,8.0,LLLTSLLFLLLYLLAVLLILI,-0.2193921642633276,LLLTSLLFALLYLLAVLLILI_2,1.1001100110011e+17,1.0,-62.9208,-49.4461,-45.0498,-228.213,-228.373,-256.921,-351.84,4645.22,3628.57,3688.63,-20.5269,18.3329,-81.2335,-55.688,-49.869,-101.998,45.0332,26.02,9.19624,7.87914,7.05464,15.6263,-102.022,32.5707,26.0229,-335.869,9.2505,6.20034,5.1889,2.0,LLLTSLLFALLYLLAVLLILI,0.5929336186489719,0.0353571468989528,L,99999900.0,-31.364500000000007,-17.871000000000002,28.708,1016.6500000000001,-0.030850833620223287,-0.017578320956081247,0.02823783996458958,-0.02019072443810554
LYVLLATLLALLSFL,WT,LLLLYILLATLLALLSFLILI,clash,,,,LLLLYVLLATLLALLSFLILI_2,1.1001100110011e+17,1.0,-74.2354,-74.2354,-74.2364,-231.383,-226.62,-243.68,-359.482,4615.94,3735.17,3637.18,-20.5197,-11.6744,-74.383,-70.3006,-41.5654,-50.505,91.4717,24.7031,9.56964,6.42443,6.29651,-4.39757,-50.5223,77.5983,19.578,-362.065,9.0984,4.55412,4.2181,2.0,LLLLYVLLATLLALLSFLILI,0.3162126843312106,0.0469649724887695,L,99999900.0,-32.8176,0.0010000000000047748,12.296999999999997,880.7699999999995,-0.0372601246636466,1.1353701874550398e-06,0.013961647195067955,-0.023297455635409938
LAVLTFLLAILLSLL,Mutant,,void,4.0,LLLLYVLTFLLAILLSLLILI,0.0470866287995387,LLLLAVLTFLLAILLSLLILI_0,1.1001100110011e+17,1.0,-74.1104,-74.2479,-74.093,-232.018,-217.277,-242.311,-371.249,4564.07,3631.24,3626.24,-20.5177,103.195,-85.6382,23.4706,-54.8449,-56.1854,74.8602,12.2403,9.38223,5.03394,4.65684,82.3103,-62.2011,51.5869,18.7588,-268.055,9.5,2.7944,2.0682,0.0,LLLLAVLTFLLAILLSLLILI,0.3185905461193855,0.0561961976334869,L,99999900.0,-30.793299999999995,-0.017399999999994975,10.293000000000006,932.8299999999999,-0.03301062358629118,-1.8652916394192914e-05,0.011034164853188692,-0.021995111649496697
LALLAALLFALLSTL,Mutant,,void,7.0,LLLLALLVALLFALLSTLILI,0.0772979037593756,LLLLALLAALLFALLSTLILI_0,1.1001100110011e+17,1.0,-74.2058,-74.0543,-74.2058,-230.822,-223.404,-235.947,-357.939,4540.96,3797.28,3793.23,-20.5168,-12.0282,-73.4275,-72.5089,-47.7858,-33.4632,97.7357,-35.3827,8.21145,4.7138,4.67984,-11.853,-39.3076,75.987,-35.0,-369.967,8.4047,2.65439,2.2942,0.0,LLLLALLAALLFALLSTLILI,0.3683037457675083,0.0134056573917047,R,99999900.0,-25.641699999999993,0.0,5.125,743.6799999999998,-0.03447948042168675,0.0,0.00689140490533563,-0.0275882099827883
YILLTVLLALLLSFL,WT,LLLYILLTVLLALLLIFLILI,clash,,,,LLLYILLTVLLALLLSFLILI_1,1.1001100110011e+17,1.0,-74.3464,-74.4158,-74.1924,-246.715,-245.165,-252.815,-371.484,4661.34,4077.04,3817.64,-20.5098,-16.815,-70.933,-68.719,-44.4768,-69.0143,63.4302,-37.6178,8.70687,5.41521,4.86666,-7.28055,-65.7574,54.5146,-35.0,-382.033,8.4926,3.72308,3.0408,1.0,LLLYILLTVLLALLLSFLILI,0.2610297089794255,0.0300288242427438,R,99999900.0,-26.45620000000001,-0.15399999999999636,6.099999999999994,584.3000000000002,-0.04527845284956358,-0.00026356323806263273,0.010439842546636989,-0.03510148896115008
LSLLAALLIALLVTL,Mutant,,void,7.0,LLLLSLLFALLIALLVTLILI,-0.1317386570302273,LLLLSLLAALLIALLVTLILI_0,1.1001100110011e+17,1.0,-68.4584,-68.4974,-58.8343,-226.207,-222.317,-237.457,-368.336,4513.24,3755.92,3820.43,-20.4993,-16.5468,-94.1695,-94.0679,-72.0441,-37.5795,84.9811,-34.7607,8.44842,3.60937,3.38408,-15.9597,-39.3076,75.987,-35.0,-384.882,8.4047,2.65439,2.2942,0.0,LLLLSLLAALLIALLVTLILI,0.4263754206420517,0.0424860911569587,R,99999900.0,-22.1254,-9.624099999999999,11.25,757.3199999999997,-0.029215391116040785,-0.0127081022553214,0.014855015053081927,-0.027068214229123765
LYYLTFLLAVLLILL,WT,LLLLYYLTFLLIVLLILLILI,clash,,,,LLLLYYLTFLLAVLLILLILI_2,1.1001100110011e+17,1.0,-73.9094,-73.0289,-58.7662,-233.787,-229.399,-252.031,-347.171,4727.27,3846.94,3832.83,-20.4805,2493.46,-59.9548,2448.72,-36.374,-62.8051,58.5861,23.8806,10.3527,3.82989,3.20868,1221.43,-70.366,39.5247,25.0484,2141.66,9.5,2.39073,1.4836,2.0,LLLLYYLTFLLAVLLILLILI,0.2640442413045956,0.1088208433817695,L,99999900.0,-23.580799999999996,-15.143200000000007,18.244,880.3300000000004,-0.02678631876682606,-0.017201731168993446,0.020724046664319054,-0.02326457124033032
LYYLTFLLIVLLILL,Mutant,,clash,11.0,LLLLYYLTFLLAVLLILLILI,0.048247791304615,LLLLYYLTFLLIVLLILLILI_0,1.1001100110011e+17,1.0,-72.9899,-66.6218,-58.7662,-246.925,-228.28,-253.407,-354.112,4753.85,4124.53,3774.47,-20.4795,22183.2,-54.6765,22124.0,-41.9387,-66.9689,60.3006,25.6271,11.3389,4.68593,4.09044,21866.8,-70.366,39.5247,25.0484,21829.1,9.5,2.39073,1.4836,0.0,LLLLYYLTFLLIVLLILLILI,0.2157964499999802,0.0807846177779284,L,99999900.0,-12.7378,-14.223700000000008,6.481999999999999,629.3200000000006,-0.020240577130871396,-0.022601697069853165,0.010300006356066855,-0.0325422678446577
YSLLLTLLAALLVAL,Mutant,,void,16.0,LLLYSLLLTLLAALLVFLILI,-0.0738790039663105,LLLYSLLLTLLAALLVALILI_0,1.1001100110011e+17,1.0,-68.3103,-71.9427,-58.7655,-231.324,-220.16,-244.909,-359.083,4614.9,3852.72,3838.48,-20.4697,415.763,-79.9192,348.782,-55.4089,-41.3736,90.05,-43.0256,8.70762,4.86279,4.71354,338.715,-50.0085,62.5615,-38.4276,56.6797,8.5488,2.44708,1.8855,0.0,LLLYSLLLTLLAALLVALILI,0.2999411562750553,0.0644322037229533,R,99999900.0,-24.5103,-9.544799999999995,13.58499999999998,762.1799999999998,-0.0321581516177281,-0.012523026056836964,0.01782387362565271,-0.026856779238500095
VLLLAILFLLLISLL,Mutant,,clash,14.0,LLLVLLLAILFLLLTSLLILI,-0.0663868374743529,LLLVLLLAILFLLLISLLILI_0,1.1001100110011e+17,1.0,-60.4347,-60.4347,-60.4347,-247.114,-236.772,-246.387,-380.625,4620.35,3859.05,3713.16,-20.4262,395.163,-93.5019,311.745,-73.8029,-106.279,18.9774,13.4673,10.4841,5.00385,3.78851,394.789,-108.73,3.38007,19.3936,14.538,9.4542,3.26581,1.81651,0.0,LLLVLLLAILFLLLISLLILI,0.3430229608033608,0.0158265957835287,L,99999900.0,-19.699000000000012,0.0,-0.7270000000000039,761.3000000000002,-0.025875476159201376,0.0,-0.0009549454879810898,-0.02683068435570734
YFLLTILLAVLLSAL,Mutant,,void,16.0,LLLYFLLTILLAVLLSLLILI,0.0717185045700083,LLLYFLLTILLAVLLSALILI_0,1.1001100110011e+17,1.0,-74.0703,-73.728,-74.1191,-237.35,-230.623,-249.361,-355.068,4705.34,3869.29,3824.37,-20.396,-15.6914,-64.0439,-66.4081,-31.5878,-73.0248,60.7502,-43.3433,8.72441,5.655,5.06626,-15.7733,-72.8356,51.2424,-44.0229,-370.76,8.2733,4.34306,3.6117,0.0,LLLYFLLTILLAVLLSALILI,0.1978639313621829,0.0434518733290421,R,99999900.0,-32.45609999999999,0.048799999999999955,12.010999999999996,836.0500000000002,-0.038820764308354745,5.83697147299802e-05,0.014366365647987552,-0.024395670115423713
YYLLIFLLATLLSLL,Mutant,,clash,7.0,LLLYYLLVFLLATLLSLLILI,-0.0125338205069034,LLLYYLLIFLLATLLSLLILI_0,1.1001100110011e+17,1.0,-74.4145,-70.758,-74.1041,-239.953,-241.032,-257.095,-361.801,4792.41,3882.55,3856.93,-20.383,-17.6605,-67.8168,-67.6711,-30.6014,-73.1691,50.2707,-40.2722,8.29563,4.26191,3.51597,-17.5823,-76.4723,48.349,-40.0172,-379.461,8.4267,4.49796,3.72319,0.0,LLLYYLLIFLLATLLSLLILI,0.2831904459754347,0.0641467627584768,R,99999900.0,-37.2154,-0.31040000000000134,17.142000000000024,909.8599999999997,-0.040902336623216774,-0.00034115138592750695,0.018840261139076376,-0.02240234761391863
ASLLLALLFVLLATL,Mutant,,void,15.0,LLLASLLLALLFVLLYTLILI,0.0039298246650892,LLLASLLLALLFVLLATLILI_0,1.1001100110011e+17,1.0,-69.696,-69.8094,-58.8922,-221.635,-221.53,-241.689,-356.731,4555.4,3775.53,3729.51,-20.3717,-17.5752,-85.7713,-82.9672,-56.1499,-52.8592,85.2863,-36.3181,7.8944,5.94253,5.72182,-17.046,-56.0784,83.297,-37.0432,-374.306,8.1857,6.15685,5.9063,0.0,LLLASLLLALLFVLLATLILI,0.358193253234174,0.011570212477615,R,99999900.0,-29.621399999999994,-10.803799999999995,20.054000000000002,779.8699999999994,-0.037982484260197236,-0.013853334530113998,0.02571454216728431,-0.026121917755523374
YYLLVFLLATLLSLL,WT,LLLYYLLVFLLITLLSLLILI,clash,,,,LLLYYLLVFLLATLLSLLILI_1,1.1001100110011e+17,1.0,-74.1041,-74.1041,-74.1041,-241.071,-240.748,-256.391,-358.564,4794.65,3859.12,3860.13,-20.3607,-18.7409,-63.7492,-62.4522,-28.0681,-76.2244,50.3373,-42.2892,8.30796,4.72919,3.98426,-17.3919,-76.4723,48.349,-40.0172,-376.251,8.4267,4.49796,3.72319,1.0,LLLYYLLVFLLATLLSLLILI,0.2706566254685312,0.0124101822416266,R,99999900.0,-35.6811,0.0,15.320000000000022,935.5299999999997,-0.03813998482143813,0.0,0.01637574423054314,-0.021763813025771496
TALLFLLLGALLGSL,Mutant,,void,12.0,LLLTALLFLLLGYLLGSLILI,0.4773629263542637,LLLTALLFLLLGALLGSLILI_2,1.1001100110011e+17,1.0,-72.905,-69.6513,-60.326,-218.475,-217.71,-236.644,-346.579,4508.9,3752.44,3546.54,-20.3495,38372.9,-75.5485,38313.7,-49.6094,-44.6541,56.8492,-51.7885,6.4834,0.872759,0.225497,34466.6,-54.4566,55.8714,-40.6917,38026.3,7.0594,2.21113,1.5492,2.0,LLLTALLFLLLGALLGSLILI,0.647060225901491,0.0071561025162599,G,99999900.0,-25.939100000000003,-12.579,18.16900000000001,756.4599999999996,-0.034290114480607065,-0.016628770853713358,0.024018454379610317,-0.026900959733495506
LAVLLFLLAALTSLL,Mutant,,void,12.0,LLLLAVLLFLLALLTSLLILI,0.1096831763765942,LLLLAVLLFLLAALTSLLILI_2,1.1001100110011e+17,1.0,-74.2301,-74.2301,-74.2301,-227.514,-221.269,-238.553,-364.492,4514.43,3626.66,3635.73,-20.3428,-11.5285,-83.0907,-80.5214,-51.7092,-52.1907,95.6105,17.4792,9.02934,7.23601,7.17017,-4.79511,-53.3268,80.5799,18.6844,-369.4,8.9663,5.3773,5.086,2.0,LLLLAVLLFLLAALTSLLILI,0.3374665291218499,0.0284591352235029,L,99999900.0,-31.381499999999996,0.0,11.038999999999987,887.7700000000004,-0.035348682654291065,0.0,0.012434526960811902,-0.022914493618842707
LLALLLILVTLLIFL,Mutant,,clash,15.0,LLLLLALLLILVTLLSFLILI,0.0108371864123562,LLLLLALLLILVTLLIFLILI_0,1.1001100110011e+17,1.0,-55.3058,-55.3058,-58.8765,-244.709,-233.069,-248.011,-376.308,4627.82,3780.26,3680.46,-20.3282,851.029,-96.6209,763.097,-69.4201,-8.07903,109.252,14.72,9.94077,2.46094,2.59972,783.932,-15.856,85.056,19.3699,474.722,9.4176,0.36096,0.1368,0.0,LLLLLALLLILVTLLIFLILI,0.3459059885965312,0.074308834573984,L,99999900.0,-27.2008,3.570700000000002,3.3019999999999925,847.5599999999995,-0.032093067157487394,0.004212917079616787,0.0038958893765633044,-0.023984378687054615
YSLLVALLFLLLATL,WT,LLLYSLLVALLFILLATLILI,clash,,,,LLLYSLLVALLFLLLATLILI_1,1.1001100110011e+17,1.0,-66.8061,-72.0113,-58.8495,-241.356,-226.297,-250.144,-348.876,4695.55,4082.7,3736.45,-20.3255,6450.2,-61.0389,6399.63,-39.8817,-51.5013,89.1806,-42.676,9.46734,6.26458,6.10229,5792.69,-47.1744,74.855,-35.0,6083.76,8.0,3.68158,3.3044,1.0,LLLYSLLVALLFLLLATLILI,0.2824496446507214,0.0722820785981846,R,99999900.0,-21.157199999999996,-7.956600000000002,8.788000000000011,612.8500000000004,-0.03452264012401074,-0.012982948519213505,0.014339561067145314,-0.033165538059884134
SYLLILLLALLLTFL,Mutant,,clash,7.0,LLLSYLLVLLLALLLTFLILI,0.1342267105508724,LLLSYLLILLLALLLTFLILI_0,1.1001100110011e+17,1.0,-73.5318,-71.2862,-58.8832,-238.796,-236.874,-259.45,-373.545,4706.12,3917.02,3803.15,-20.3113,-14.2179,-81.5284,-79.6023,-55.2119,-81.1289,54.1489,-45.3652,9.08878,5.97943,5.29166,-14.1456,-77.6256,57.7497,-43.493,-387.763,8.7997,5.94005,5.3063,0.0,LLLSYLLILLLALLLTFLILI,0.2539859342812445,0.0441651179705601,R,99999900.0,-26.316500000000005,-14.648600000000002,20.653999999999996,789.0999999999999,-0.0333500190089976,-0.018563680141933853,0.026174122417944493,-0.025739830186288178
YLLLTILVALLLSLL,WT,LLLYLLLTILVILLLSLLILI,clash,,,,LLLYLLLTILVALLLSLLILI_2,1.1001100110011e+17,1.0,-74.1188,-73.9784,-74.198,-242.801,-234.125,-252.083,-388.861,4653.83,3824.66,3707.49,-20.294,37.6406,-92.236,-43.1174,-62.5803,-108.966,17.485,21.3687,10.2531,5.20537,3.96764,18.1729,-108.73,3.38007,19.3936,-369.191,9.4542,3.26581,1.81651,2.0,LLLYLLLTILVALLLSLLILI,0.3673629892267851,0.0290316360417738,L,99999900.0,-29.655700000000003,0.07920000000000016,9.28200000000001,829.1700000000001,-0.03576552456070528,9.551720395093908e-05,0.01119432685697747,-0.024475077487125678
LTVLLAILALLLSFL,Mutant,,void,11.0,LLLLTVLLAILYLLLSFLILI,0.0110494579359582,LLLLTVLLAILALLLSFLILI_1,1.1001100110011e+17,1.0,-60.4216,-60.4216,-60.3923,-232.814,-232.719,-242.797,-365.657,4526.6,3757.86,3649.96,-20.2904,-19.3371,-92.7119,-91.8538,-62.4685,-49.4073,88.1991,25.7603,8.91988,5.81797,5.64095,-12.8611,-51.0509,77.9264,26.2034,-378.555,9.0772,4.6777,4.3466,1.0,LLLLTVLLAILALLLSFLILI,0.3567089942755143,0.0440731676607315,L,99999900.0,-30.2434,-0.029299999999999216,9.983000000000004,768.7400000000002,-0.03934151988968961,-3.811431693420299e-05,0.012986185186148764,-0.026394359601425704
AGLLALLLGTLLSYL,Mutant,,void,7.0,LLLAGLLFLLLGTLLSYLILI,-0.0598669407476538,LLLAGLLALLLGTLLSYLILI_1,1.1001100110011e+17,1.0,-73.3549,-78.7703,-74.1054,-222.895,-219.448,-238.615,-361.557,4464.15,3599.47,3648.75,-20.282,-19.0323,-85.589,-82.371,-48.8358,-70.4965,63.85,-32.6489,7.14058,5.69423,5.15198,-11.2841,-64.7067,61.3173,-36.5921,-374.681,7.395,4.48384,3.9036,1.0,LLLAGLLALLLGTLLSYLILI,0.2211568994250297,0.0645100419820729,G,99999900.0,-36.7532,0.7505000000000024,15.719999999999999,864.6799999999998,-0.0425049729379655,0.000867951149558221,0.01818013600407087,-0.023456076236295514
LYLLIILLFSLLVAL,Mutant,,clash,8.0,LLLLYLLITLLFSLLVALILI,0.0658756279419175,LLLLYLLIILLFSLLVALILI_0,1.1001100110011e+17,1.0,-61.3218,-60.4211,-60.4211,-243.538,-234.745,-248.591,-360.316,4687.17,4013.32,3924.04,-20.2567,53.5495,-75.7132,-11.6012,-51.304,-16.4137,107.194,-49.2916,9.1629,3.43328,3.54119,48.5461,-15.3,92.7153,-45.0,-306.767,8.8215,1.31157,1.2023,0.0,LLLLYLLIILLFSLLVALILI,0.2387111292863649,0.0143430546766975,R,99999900.0,-24.4092,-0.9007000000000005,5.052999999999997,673.8499999999999,-0.03622349187504638,-0.0013366476218743054,0.00749870149142984,-0.030061141203531944
AFLLVTLLAYLLSLL,WT,LLLAFLLVTLLIYLLSLLILI,clash,,,,LLLAFLLVTLLAYLLSLLILI_2,1.1001100110011e+17,1.0,-77.2549,-75.7445,-74.0983,-231.777,-229.962,-246.28,-362.546,4656.63,3738.21,3794.86,-20.2407,-10.0394,-73.7543,-66.8792,-42.1671,-71.6241,46.5831,-47.958,8.40961,3.53233,2.73108,-11.9735,-62.68,49.0027,-44.4948,-374.95,8.7847,2.51736,1.7524,2.0,LLLAFLLVTLLAYLLSLLILI,0.3985116374788562,0.0279018381266123,R,99999900.0,-31.587200000000003,-3.1566000000000116,14.503000000000014,918.4200000000001,-0.03439297924696762,-0.003436989612595557,0.015791250190544646,-0.022038609786372246
YTLLVALLFALLSAL,Mutant,,void,16.0,LLLYTLLVALLFALLSLLILI,0.0663741207225168,LLLYTLLVALLFALLSALILI_0,1.1001100110011e+17,1.0,-69.3406,-68.7407,-60.4371,-226.661,-226.127,-246.715,-342.129,4687.52,3838.17,3779.87,-20.2339,-10.9143,-66.3619,-58.1757,-34.9771,-39.9018,75.7669,-40.6524,7.81401,2.71381,2.35031,-9.9242,-41.4439,73.7208,-39.1581,-353.044,8.0,2.66889,2.2747,0.0,LLLYTLLVALLFALLSALILI,0.2416658797171745,0.0304328921271556,R,99999900.0,-31.384800000000006,-8.903499999999994,20.054000000000002,849.3500000000004,-0.036951551186201206,-0.010482722081591794,0.02361099664449284,-0.023822805674927873
YALLALLLGTLLIFL,Mutant,,clash,15.0,LLLYALLALLLGTLLSFLILI,0.0100938939633001,LLLYALLALLLGTLLIFLILI_1,1.1001100110011e+17,1.0,-58.8208,-55.4247,-58.8208,-236.415,-229.863,-248.311,-348.773,4679.66,3882.82,3635.32,-20.1759,73.0145,-73.7127,9.52926,-41.6408,-66.4691,76.0551,-38.5362,8.02697,6.73781,6.37863,49.8759,-66.9322,64.0684,-37.8112,-288.821,7.282,5.18907,4.6501,1.0,LLLYALLALLLGTLLIFLILI,0.2270069126176695,0.0147584570074441,G,99999900.0,-32.0719,0.0,11.896000000000015,796.8399999999997,-0.04024885798905679,0.0,0.014928969429245544,-0.025319888559811262
YFLLTVLLLLLISLL,Mutant,,clash,14.0,LLLYFLLTVLLLLLASLLILI,0.1449654120629635,LLLYFLLTVLLLLLISLLILI_2,1.1001100110011e+17,1.0,-74.0825,-74.0395,-74.0825,-249.555,-241.953,-258.003,-378.805,4810.46,3999.2,3812.91,-20.1723,2372.67,-75.3399,2309.86,-46.7197,-105.084,29.34,19.8448,10.6493,6.22357,5.16367,1242.52,-112.036,2.098,25.9917,1991.97,9.5,3.58863,2.1201,2.0,LLLYFLLTVLLLLLISLLILI,0.1207362720294697,0.0427276106427341,L,99999900.0,-28.620199999999997,0.0,8.447999999999979,811.2600000000002,-0.03527870226561151,0.0,0.010413430959248548,-0.024865394571407434
YSLLLALLFILLVTL,Mutant,,clash,12.0,LLLYSLLLALLFALLVTLILI,0.0440513412507675,LLLYSLLLALLFILLVTLILI_2,1.1001100110011e+17,1.0,-72.617,-69.2696,-58.8202,-237.242,-233.217,-254.14,-359.52,4710.09,3949.86,3697.49,-20.1511,313.462,-69.8118,256.429,-46.5597,-56.1371,80.2739,-47.3855,8.93103,5.75753,5.46164,305.403,-57.1826,66.7594,-36.3012,641.932,8.3991,4.08991,3.5913,2.0,LLLYSLLLALLFILLVTLILI,0.227531548183667,0.0187528528181064,R,99999900.0,-23.252100000000006,-13.796800000000005,16.897999999999996,760.23,-0.030585612248924674,-0.01814819199452798,0.022227483787801056,-0.02650658353393052
AALLAGLLFLLLSVL,Mutant,,void,3.0,LLLTALLAGLLFLLLSVLILI,0.0125007266073631,LLLAALLAGLLFLLLSVLILI_1,1.1001100110011e+17,1.0,-60.2318,-61.0106,-60.3184,-220.224,-217.114,-235.118,-351.449,4531.84,3644.7,3591.26,-20.1347,-15.4266,-91.1275,-88.7513,-56.0128,-76.7626,70.0598,-40.8784,7.26347,7.47247,7.02337,-12.5321,-68.8165,69.6202,-43.3499,-364.451,7.0847,6.2212,5.7655,1.0,LLLAALLAGLLFLLLSVLILI,0.3265223842241292,0.0487626175787968,G,99999900.0,-35.1147,0.08659999999999712,14.894000000000005,887.1400000000003,-0.039581914917600367,9.761706156863302e-05,0.016788781928444213,-0.022696192258268133
YSLLLTLLAALLVFL,WT,LLLYSLLLILLAALLVFLILI,clash,,,,LLLYSLLLTLLAALLVFLILI_1,1.1001100110011e+17,1.0,-68.606,-71.9427,-58.7655,-232.712,-233.183,-249.927,-352.198,4671.84,3956.74,3820.33,-20.1318,414.669,-71.0118,367.597,-43.5049,-55.5211,67.5371,-43.5725,8.72984,3.94568,3.45874,352.436,-50.0085,62.5615,-38.4276,59.3994,8.5488,2.44708,1.8855,1.0,LLLYSLLLTLLAALLVFLILI,0.2260621523087445,0.0484009154880646,R,99999900.0,-27.506899999999995,-9.840499999999992,17.215000000000003,715.1000000000004,-0.03846580897776532,-0.013761012445811755,0.02407355614599356,-0.028152426234093118
TFLLALLLGYLLGSL,WT,LLLTFLLALLLIYLLGSLILI,clash,,,,LLLTFLLALLLGYLLGSLILI_0,1.1001100110011e+17,1.0,-63.9199,-61.5111,-60.2601,-225.599,-226.604,-244.905,-346.916,4558.97,3668.58,3571.28,-20.1244,-17.9348,-77.5217,-76.7358,-41.7503,-78.363,39.366,-45.0715,7.22746,3.56887,2.65936,-17.765,-75.8727,44.54,-43.5756,-364.851,7.3804,3.8938,3.0619,0.0,LLLTFLLALLLGYLLGSLILI,1.0375203360272192,0.125925779627079,G,99999900.0,-35.77139999999999,-3.659799999999997,19.30600000000001,890.3900000000003,-0.04017497950336367,-0.004110333674008014,0.021682633452756662,-0.022601781241927688
LAVLLLILATLLFSL,Mutant,,void,4.0,LLLLYVLLLILATLLFSLILI,-0.0467609206088693,LLLLAVLLLILATLLFSLILI_0,1.1001100110011e+17,1.0,-74.2185,-74.2185,-74.2185,-241.55,-220.208,-242.89,-371.059,4570.88,3793.88,3562.62,-20.1141,86.0761,-75.4042,9.44381,-53.9506,-66.2036,79.2339,16.27,10.1986,7.12711,6.81562,68.7751,-62.5739,62.4261,19.1703,-284.983,9.1885,4.31361,3.75,0.0,LLLLAVLLLILATLLFSLILI,0.3508367130357068,0.0546623937567547,L,99999900.0,-21.4536,0.0,1.339999999999975,777.0,-0.027610810810810814,0.0,0.0017245817245816924,-0.025886872586872587
LYLLIALLVALLSTL,WT,LLLLYLLIALLVILLSTLILI,clash,,,,LLLLYLLIALLVALLSTLILI_2,1.1001100110011e+17,1.0,-81.4554,-79.8415,-74.2471,-229.26,-230.245,-242.745,-374.482,4589.24,3848.41,3893.36,-20.1103,-16.0703,-83.8771,-80.4657,-57.49,-19.5114,92.7203,-41.2189,8.83122,1.94395,1.83476,-16.7031,-18.5428,92.2619,-41.0527,-392.624,8.8427,1.73677,1.6207,2.0,LLLLYLLIALLVALLSTLILI,0.3039250712583913,0.0326256815285914,R,99999900.0,-26.387099999999997,-7.208299999999994,13.485000000000014,740.8299999999999,-0.035618292995694016,-0.009730032531079997,0.018202556591930694,-0.027145633951108892
LYALLLVLATLLLSL,Mutant,,void,5.0,LLLLYFLLLVLATLLLSLILI,-0.1177095921244622,LLLLYALLLVLATLLLSLILI_2,1.1001100110011e+17,1.0,-74.2686,-74.2686,-74.2686,-229.891,-224.286,-243.296,-376.083,4639.69,3777.69,3629.38,-20.1082,145.815,-92.0319,68.2868,-58.5181,-59.9381,79.3433,26.6295,10.2972,6.20206,5.89221,137.731,-56.6384,70.3623,26.5287,-231.704,9.5,4.49467,4.0501,2.0,LLLLYALLLVLATLLLSLILI,0.3528089264322947,0.0379683403958784,L,99999900.0,-33.513799999999996,0.0,13.405000000000001,861.9999999999995,-0.038879118329466375,0.0,0.015551044083526692,-0.023327378190255234
YLLLTTLLAGLLFSL,WT,LLLYLLLTTLLAILLFSLILI,clash,,,,LLLYLLLTTLLAGLLFSLILI_1,1.1001100110011e+17,1.0,-87.9013,-84.6885,-87.9598,-235.255,-232.896,-248.44,-366.037,4649.53,3812.83,3690.42,-20.0883,-17.4404,-62.9682,-65.8923,-29.6366,-36.8018,76.0349,-45.7416,7.55218,2.28499,1.92551,-12.0636,-30.525,71.559,-44.3251,-375.59,7.1169,0.739215,0.3126,1.0,LLLYLLLTTLLAGLLFSLILI,0.1890243869918615,0.1000553285922389,G,99999900.0,-33.3316,0.05849999999999511,13.185000000000002,836.6999999999998,-0.03983697860643003,6.99175331660035e-05,0.01575833632126211,-0.02400896378630334
YALLVGLLFLLLGAL,Mutant,,void,16.0,LLLYALLVGLLFLLLGTLILI,0.0112803169204278,LLLYALLVGLLFLLLGALILI_0,1.1001100110011e+17,1.0,-44.9738,-44.9738,-44.9738,-225.632,-221.472,-241.931,-325.26,4682.65,3960.9,3793.33,-20.0707,-15.6075,-74.7248,-74.4213,-38.3555,-46.5474,75.6238,-41.2294,7.28243,3.69131,3.32567,-15.6089,-44.9135,70.5331,-40.7685,-340.867,7.218,2.759,2.317,0.0,LLLYALLVGLLFLLLGALILI,0.2554935081799037,0.0347423944681997,G,99999900.0,-36.3693,0.0,16.299000000000007,721.7499999999995,-0.05039043990301354,0.0,0.022582611707655027,-0.027808382403879475
LYSLTILLFVLLLLL,Mutant,,clash,8.0,LLLLYSLTALLFVLLLLLILI,-0.0939503476473169,LLLLYSLTILLFVLLLLLILI_1,1.1001100110011e+17,1.0,-58.8559,-58.7903,-58.8393,-239.337,-231.922,-252.017,-365.505,4743.55,3681.48,3645.32,-20.0666,131.67,-87.3789,56.8767,-54.6492,-60.2339,55.6597,11.7982,10.6293,3.04914,2.38403,118.676,-63.2597,38.6883,19.8721,-241.063,9.5,1.21188,0.292205,1.0,LLLLYSLTILLFVLLLLLILI,0.3978478103898246,0.1008759322457637,L,99999900.0,-32.7297,-0.01659999999999684,12.680000000000007,1062.0700000000002,-0.030816895308218854,-1.5629854905982502e-05,0.011938949410114216,-0.018893858220267967
YILLLLLVTLLFSLL,Mutant,,clash,4.0,LLLYALLLLLVTLLFSLLILI,0.0670424411757629,LLLYILLLLLVTLLFSLLILI_2,1.1001100110011e+17,1.0,-74.2593,-70.5847,-74.2593,-237.609,-226.815,-256.865,-377.781,4753.03,3782.96,3751.42,-20.0643,3041920.0,-85.977,3041840.0,-46.6565,-112.362,24.3933,18.6932,10.0534,6.64746,5.51336,43.117,-109.438,15.4447,28.0,-339.231,9.3468,5.00073,3.7324,2.0,LLLYILLLLLVTLLFSLLILI,0.1885257813045338,0.120671423936659,L,99999900.0,-39.3205,0.0,19.256,970.0699999999997,-0.040533672827734096,0.0,0.01985011390930552,-0.020683352747739858
YTLLVALLFLLLSLL,WT,LLLYTLLVILLFLLLSLLILI,clash,,,,LLLYTLLVALLFLLLSLLILI_1,1.1001100110011e+17,1.0,-68.3853,-68.2405,-60.3561,-235.712,-235.965,-253.616,-362.676,4765.3,3906.56,3800.6,-20.0463,-19.6835,-78.6247,-78.1538,-48.7039,-52.5403,82.3454,-41.1056,8.26405,5.49767,5.23285,-16.7317,-51.2979,78.2928,-38.8144,-379.377,8.175,4.76421,4.4386,1.0,LLLYTLLVALLFLLLSLLILI,0.2751814895283623,0.0832621392142749,R,99999900.0,-29.920800000000007,-8.029200000000003,17.904000000000025,858.7400000000002,-0.03484267647949321,-0.009349977874560404,0.02084915108181757,-0.023343852621282336
LAVLLLLLATLFSLL,Mutant,,void,4.0,LLLLYVLLLLLATLFSLLILI,-0.066452102985836,LLLLAVLLLLLATLFSLLILI_1,1.1001100110011e+17,1.0,-74.1131,-74.1131,-74.1131,-232.939,-216.894,-242.537,-374.198,4556.66,3756.48,3667.65,-20.0098,1066.51,-87.1554,983.319,-57.5481,-55.438,66.2716,19.0515,9.74374,3.76236,3.25644,904.592,-67.1026,39.5354,23.4345,606.392,9.3202,1.90267,0.995701,1.0,LLLLAVLLLLLATLFSLLILI,0.3396935354077838,0.0277515764471986,L,99999900.0,-29.607300000000002,0.0,9.598000000000013,800.1799999999998,-0.0370007998200405,0.0,0.011994801169736828,-0.025006623509710318
ASLLTLLLGVLLAFL,Mutant,,void,3.0,LLLWSLLTLLLGVLLAFLILI,-0.0229460455310501,LLLASLLTLLLGVLLAFLILI_2,1.1001100110011e+17,1.0,-67.7359,-57.5477,-58.686,-226.069,-224.421,-246.164,-355.074,4534.99,3844.41,3652.37,-20.006,165.461,-81.2747,92.3554,-50.2241,-62.683,58.79,-42.6003,7.78285,3.83909,3.22094,107.872,-58.1657,52.5749,-41.2091,-196.545,7.4407,2.32247,1.61109,2.0,LLLASLLTLLLGVLLAFLILI,0.3196715434642825,0.009082221868344,G,99999900.0,-31.050599999999996,-9.049900000000001,20.095,690.5799999999999,-0.044963074517072606,-0.013104781488024561,0.029098728604940775,-0.0289698514292334
FYLLTALLIALLSLL,WT,LLLFYLLTALLIILLSLLILI,clash,,,,LLLFYLLTALLIALLSLLILI_0,1.1001100110011e+17,1.0,-74.2922,-80.159,-74.2083,-233.922,-230.183,-246.02,-362.999,4693.98,3814.91,3917.36,-20.0022,-16.5045,-74.7867,-69.1616,-42.7707,-19.229,100.295,-35.8997,8.27582,2.92424,2.92868,-15.5856,-19.0498,93.1316,-41.4393,-379.504,8.233,1.93023,1.8272,0.0,LLLFYLLTALLIALLSLLILI,0.395846650311272,0.0196041557642802,R,99999900.0,-32.016,-0.08389999999999986,12.098000000000013,879.0699999999997,-0.0364203078253154,-9.544177369265234e-05,0.013762271491462587,-0.022753819377296466
YWLLVALLLALLSTL,WT,LLLYWLLVALLLILLSTLILI,clash,,,,LLLYWLLVALLLALLSTLILI_2,1.1001100110011e+17,1.0,-74.2545,-72.42,-74.2545,-237.521,-229.658,-252.169,-376.109,4691.68,3768.61,3707.54,-19.9784,70.7529,-84.312,-3.27826,-49.6856,-21.028,92.1943,-43.4397,8.27815,2.10043,1.98335,71.4893,-15.7577,89.9497,-39.1893,-305.357,8.0,1.00686,0.856105,2.0,LLLYWLLVALLLALLSTLILI,0.374160391326259,0.0099484710779566,R,99999900.0,-34.6264,0.0,14.648000000000025,923.0700000000002,-0.03751221467494339,0.0,0.01586878568255931,-0.021643428992384105
FALLLILTILLYVLL,Mutant,,clash,11.0,LLLFALLLILTALLYVLLILI,0.1705568062441529,LLLFALLLILTILLYVLLILI_2,1.1001100110011e+17,1.0,-58.8923,-58.7993,-58.8808,-239.965,-236.906,-252.005,-362.004,4664.32,3796.36,3735.18,-19.9746,3.37278,-83.1212,-62.9266,-51.1185,-112.086,23.174,18.2691,9.86737,6.44135,5.28896,0.967234,-115.762,1.87941,19.6398,-351.291,9.2964,4.11802,2.64621,2.0,LLLFALLLILTILLYVLLILI,0.2300443565796453,0.0795323423418158,L,99999900.0,-32.002700000000004,-0.011499999999998067,12.039999999999992,867.9599999999996,-0.03687116917830317,-1.3249458500389504e-05,0.013871606986497071,-0.023013272501036925
FALLTILLAYLLSLL,WT,LLLFILLTILLAYLLSLLILI,clash,,,,LLLFALLTILLAYLLSLLILI_1,1.1001100110011e+17,1.0,-76.6739,-77.1898,-74.1681,-232.18,-230.283,-247.171,-361.616,4671.11,3779.0,3803.73,-19.9519,-20.5571,-72.7139,-74.7007,-40.2774,-72.8585,67.2701,-36.7322,8.853,6.51024,6.01929,-14.0529,-68.8108,64.9165,-37.632,-376.018,9.0,5.58535,5.0591,1.0,LLLFALLTILLAYLLSLLILI,0.4139210946875115,0.0432062803170584,R,99999900.0,-32.436499999999995,-2.505800000000008,14.990999999999985,892.1099999999997,-0.03635930546681464,-0.002808846442703264,0.016803981571779255,-0.022364842900539177
YTLLVALLAILLSLL,Mutant,,clash,12.0,LLLYTLLVALLATLLSLLILI,0.1631195752530834,LLLYTLLVALLAILLSLLILI_1,1.1001100110011e+17,1.0,-74.3182,-68.2261,-60.3324,-231.714,-226.397,-249.537,-371.113,4685.07,3755.44,3764.88,-19.938,3.3121,-85.0192,-73.1777,-61.2441,-50.5842,78.5367,-42.7924,8.54234,4.69008,4.36813,1.82592,-44.1843,73.3677,-43.7221,-360.592,8.0672,3.03228,2.6328,1.0,LLLYTLLVALLAILLSLLILI,0.2368411861589515,0.0215192279086328,R,99999900.0,-23.775099999999995,-13.985800000000005,17.823000000000008,929.6299999999997,-0.025574798575777463,-0.015044480061960146,0.019172143756118042,-0.021447242451297834
LILLLLFLTVLLSIL,Mutant,,clash,4.0,LLLLALLLLFLTVLLSILILI,0.0358006885986335,LLLLILLLLFLTVLLSILILI_1,1.1001100110011e+17,1.0,-74.2474,-67.1543,-74.3063,-238.804,-234.995,-249.37,-391.451,4570.02,3824.97,3636.63,-19.9268,14029.0,-98.3264,13939.7,-67.7747,-47.1107,77.6441,25.1199,9.54355,4.04856,3.71322,151.396,-52.31,68.7173,21.7433,-272.097,9.1269,3.62334,3.1541,1.0,LLLLILLLLFLTVLLSILILI,0.2434388477172786,0.0819310638924543,L,99999900.0,-30.55170000000001,0.05889999999999418,10.566000000000003,745.0500000000006,-0.0410062411918663,7.905509697334962e-05,0.014181598550432849,-0.02674558754446008
YLLLAVLTALLLSLL,Mutant,,void,7.0,LLLYLLLFVLTALLLSLLILI,-0.1929957835106409,LLLYLLLAVLTALLLSLLILI_1,1.1001100110011e+17,1.0,-74.2349,-74.2349,-74.2349,-231.753,-233.221,-247.973,-379.806,4638.61,3727.68,3681.58,-19.9191,55.5054,-93.7374,-16.8455,-57.5988,-109.809,9.50086,24.3092,9.1404,4.25393,2.89644,57.3785,-107.513,0.121037,18.1138,-322.59,9.2691,2.64329,1.14511,1.0,LLLYLLLAVLTALLLSLLILI,0.3430275756060564,0.0399148732460855,L,99999900.0,-36.1386,0.0,16.220000000000027,910.9299999999998,-0.03967220313306182,0.0,0.01780597850548344,-0.02186677351717476
YFLLAILVTLLASLL,Mutant,,void,14.0,LLLYFLLAILVTLLLSLLILI,-0.0420537604201503,LLLYFLLAILVTLLASLLILI_1,1.1001100110011e+17,1.0,-70.7343,-70.7343,-74.1692,-234.87,-228.268,-249.764,-356.166,4694.6,3707.08,3819.79,-19.9133,18.7345,-70.4756,-38.4291,-32.2329,-106.921,24.5905,19.4305,9.10466,5.85789,4.72675,-6.84381,-111.368,7.59807,18.0,-362.776,9.5,4.23094,2.84491,1.0,LLLYFLLAILVTLLASLLILI,0.2695451690189809,0.0399102297197623,L,99999900.0,-38.2427,3.434899999999999,14.894000000000005,987.5200000000004,-0.03872600048606609,0.003478309300064806,0.015082226182760854,-0.020164958684381066
LYVLIALLTLLFSLL,WT,LLLLYVLIALLTLLFILLILI,clash,,,,LLLLYVLIALLTLLFSLLILI_1,1.1001100110011e+17,1.0,-74.3316,-74.2487,-74.3021,-237.669,-231.78,-248.406,-367.584,4601.54,3779.04,3707.51,-19.911,15.6288,-75.4944,-45.927,-44.8761,-42.4778,102.281,21.622,9.55001,6.67955,6.71376,0.805025,-43.0836,88.7124,20.2021,-367.271,9.3861,4.93871,4.7694,1.0,LLLLYVLIALLTLLFSLLILI,0.3136721605522845,0.0278609232980198,L,99999900.0,-30.618299999999998,-0.02949999999999875,10.736999999999995,822.5,-0.03722589665653495,-3.586626139817477e-05,0.013054103343465039,-0.024207902735562312
YALLFALLTVLLILL,Mutant,,clash,15.0,LLLYALLFALLTVLLSLLILI,-0.1048369520490038,LLLYALLFALLTVLLILLILI_2,1.1001100110011e+17,1.0,-58.9885,-58.9885,-58.9885,-244.74,-240.854,-251.882,-356.399,4698.85,3961.29,3862.56,-19.9108,42.1512,-72.5808,-14.4052,-45.5287,-44.0169,97.9516,-39.1985,8.61232,6.326,6.29527,40.1153,-36.6602,86.1438,-39.3244,-313.701,8.6204,3.62844,3.4206,2.0,LLLYALLFALLTVLLILLILI,0.443120848150973,0.0418291717375806,R,99999900.0,-27.052099999999996,0.0,7.141999999999996,737.5600000000004,-0.03667782960030368,0.0,0.009683280004338619,-0.026995498671294523
AVLLITLLFTLLSLL,WT,LLLAVLLITLLFILLSLLILI,clash,,,,LLLAVLLITLLFTLLSLLILI_0,1.1001100110011e+17,1.0,-87.975,-87.975,-87.9504,-234.642,-228.956,-246.093,-383.515,4562.44,3859.45,3673.97,-19.8913,-15.4873,-80.7896,-82.0719,-49.4714,-33.19,96.2203,-45.4794,9.00794,4.46825,4.41155,-15.5127,-36.2869,84.2404,-44.7529,-399.002,9.0,3.31549,3.0791,0.0,LLLAVLLITLLFTLLSLLILI,0.3868851423845363,0.088717427553296,R,99999900.0,-31.31819999999999,-0.024599999999992406,11.450999999999993,702.9899999999998,-0.044549993598770966,-3.499338539665203e-05,0.016288994153544144,-0.028295281582952827
SYLLTILLAALLTLL,Mutant,,void,12.0,LLLSYLLTILLAFLLTLLILI,-0.0288603172457196,LLLSYLLTILLAALLTLLILI_1,1.1001100110011e+17,1.0,-91.4813,-78.3247,-72.5211,-234.14,-232.154,-255.566,-382.534,4594.23,3836.21,3806.29,-19.8697,10.6293,-76.7827,-61.4263,-54.4474,-66.6654,62.1307,-43.3088,8.24241,4.88746,4.31942,-5.68806,-70.0938,55.5169,-41.2219,-395.59,8.0,4.50885,3.8416,1.0,LLLSYLLTILLAALLTLLILI,0.5215160684154693,0.0480683628685247,R,99999900.0,-22.335300000000004,-18.9602,21.426000000000016,758.0199999999995,-0.02946531753779586,-0.025012796496134682,0.028265744967151302,-0.026212632912060385
TYLLLALLVSLLFIL,WT,LLLTYLLAALLVSLLFILILI,void,,,,LLLTYLLLALLVSLLFILILI_0,1.1001100110011e+17,1.0,-66.6711,-60.4142,-60.3847,-237.244,-237.702,-255.118,-366.413,4656.78,3854.79,3726.48,-19.8679,-15.6902,-82.366,-83.9867,-50.9097,-30.1328,83.924,-41.9749,8.74038,2.34966,2.10852,-15.6349,-26.7295,90.6651,-42.4324,-382.103,8.456,2.74922,2.6092,0.0,LLLTYLLLALLVSLLFILILI,0.4899592738031144,0.08699190544191,R,99999900.0,-31.4563,-6.286399999999993,17.873999999999995,801.9899999999998,-0.03922280826444221,-0.007838501726954196,0.022287060935921893,-0.02477325153680221
YSLLLALLAALLTIL,Mutant,,void,11.0,LLLYSLLLALLFALLTILILI,-0.0755228906689954,LLLYSLLLALLAALLTILILI_2,1.1001100110011e+17,1.0,-69.9328,-62.1425,-58.8896,-229.635,-226.73,-246.466,-362.256,4617.09,3874.51,3753.46,-19.8628,721.202,-82.5514,647.818,-56.9005,-53.0125,84.5323,-44.5287,8.19572,5.86373,5.63172,722.331,-54.1112,74.7115,-35.0,505.809,8.1658,4.70273,4.3234,2.0,LLLYSLLLALLAALLTILILI,0.5448306444535588,0.0654716216741175,R,99999900.0,-25.6509,-11.043199999999999,16.831000000000017,742.5799999999999,-0.03454294486789303,-0.014871394327883864,0.022665571386247974,-0.026748363812653185
LFVLLALLTILLSLL,WT,LLLLFVLLILLTILLSLLILI,clash,,,,LLLLFVLLALLTILLSLLILI_1,1.1001100110011e+17,1.0,-74.255,-74.255,-74.255,-246.978,-240.353,-244.087,-379.797,4553.36,3886.48,3841.52,-19.846,-14.9926,-78.4099,-80.1817,-61.4549,-36.9201,80.7311,28.7369,9.75055,2.93671,2.64768,-9.952,-44.8132,57.5828,26.7672,-389.754,9.4293,0.995658,0.3594,1.0,LLLLFVLLALLTILLSLLILI,0.183994305052242,0.0392628135508891,L,99999900.0,-16.95499999999999,0.0,-2.8910000000000196,666.8799999999997,-0.025424364203454893,0.0,-0.004335112763915579,-0.029759476967370458
YALLVALLLTLLSWL,WT,LLLYILLVALLLTLLSWLILI,clash,,,,LLLYALLVALLLTLLSWLILI_1,1.1001100110011e+17,1.0,-80.1652,-63.7477,-74.1382,-234.322,-233.638,-252.057,-374.356,4729.0,3982.46,4064.46,-19.835,4.50987,-79.7035,-72.4602,-48.1608,-33.5459,97.5918,-42.7479,8.84056,4.70678,4.67066,-17.9107,-31.0165,97.6795,-42.1335,-392.829,9.0,4.33921,4.3044,1.0,LLLYALLVALLLTLLSWLILI,0.2726411676389612,0.0288859076788362,R,99999900.0,-31.542700000000004,-6.027000000000001,17.734999999999985,746.54,-0.04225185522544004,-0.008073244568274978,0.02375626222305568,-0.026569239424545237
AFLLAILLAVLLTLL,Mutant,,void,3.0,LLLYFLLAILLAVLLTLLILI,-0.211695065955636,LLLAFLLAILLAVLLTLLILI_0,1.1001100110011e+17,1.0,-58.8246,-58.8246,-58.8246,-230.262,-216.495,-241.344,-355.177,4591.29,3842.78,3775.86,-19.8292,-7.31846,-85.9189,-87.1757,-55.0081,-75.9839,71.1728,-51.1912,8.41046,7.50592,7.07352,-6.87298,-76.5455,57.3918,-43.7935,-362.495,8.5484,5.72972,5.0906,0.0,LLLAFLLAILLAVLLTLLILI,0.4484913342781993,0.0443541187304723,R,99999900.0,-30.910799999999995,0.0,11.081999999999994,748.5099999999998,-0.0412964422653004,0.0,0.014805413421330373,-0.02649156323896809
YALLVALLATLLTLL,Mutant,,void,4.0,LLLYILLVALLATLLTLLILI,-0.068445992990313,LLLYALLVALLATLLTLLILI_2,1.1001100110011e+17,1.0,-68.969,-70.0427,-72.5251,-235.886,-230.662,-246.044,-367.458,4622.4,3934.55,3882.79,-19.8253,639.056,-82.4278,572.303,-48.8886,-57.4011,61.2857,-45.4151,7.80265,3.38372,2.80301,493.568,-47.282,59.6907,-41.1998,270.32,8.0989,1.65054,1.0459,2.0,LLLYALLVALLATLLTLLILI,0.428357480445293,0.0338332898075721,R,99999900.0,-33.53920000000001,3.5561000000000007,10.158000000000015,687.8499999999995,-0.04875946790724727,0.005169877153449159,0.014767754597659407,-0.028822126917205808
LWTLIALLLVLFILL,Mutant,,clash,15.0,LLLLWTLIALLLVLFSLLILI,0.0676309204960082,LLLLWTLIALLLVLFILLILI_0,1.1001100110011e+17,1.0,-45.1053,-45.1053,-45.1053,-238.402,-228.722,-251.915,-365.058,4649.49,3782.65,3651.32,-19.7989,18.6598,-101.349,-72.5709,-68.0377,-59.5643,75.5922,22.5219,10.0477,5.63959,5.27348,20.6897,-61.6036,59.611,18.0,-346.398,9.2414,3.78803,3.1822,0.0,LLLLWTLIALLLVLFILLILI,0.2835188249015858,0.0282590142405348,L,99999900.0,-33.3113,0.0,13.513000000000005,866.8399999999997,-0.038428429698675666,0.0,0.015588805315859917,-0.02284031655207421
YTLLVSLLAILLTAL,Mutant,,void,16.0,LLLYTLLVSLLAILLTLLILI,-0.0357938738421275,LLLYTLLVSLLAILLTALILI_0,1.1001100110011e+17,1.0,-74.5157,-78.0865,-74.1983,-236.296,-227.561,-248.073,-369.806,4621.46,3916.77,3829.61,-19.7989,1707.94,-78.7928,1643.78,-47.5342,-53.8316,79.1888,-41.9814,8.59769,5.26523,4.95306,1389.28,-48.8798,66.5282,-37.3232,1338.13,8.4033,2.81328,2.3112,0.0,LLLYTLLVSLLAILLTALILI,0.3781079368526558,0.0450092123861074,R,99999900.0,-31.2586,-0.31739999999999213,11.777000000000015,704.69,-0.04435794462813435,-0.0004504108189416511,0.016712313215740276,-0.028095900324965586
LYALLLLLIVLFILL,Mutant,,clash,11.0,LLLLYALLLLLTVLFILLILI,0.0084173224102331,LLLLYALLLLLIVLFILLILI_0,1.1001100110011e+17,1.0,-46.2247,-45.156,-45.156,-247.059,-224.122,-251.17,-359.138,4702.38,3881.06,3735.6,-19.7848,3452.24,-85.6392,3362.38,-62.8128,-66.143,88.08,18.5477,11.052,8.31225,8.13345,3445.04,-63.0338,71.0042,23.361,3093.1,9.4488,5.54064,5.1057,0.0,LLLLYALLLLLIVLFILLILI,0.1920290435700668,0.1063789873531298,L,99999900.0,-22.8264,-1.0686999999999998,4.11099999999999,821.3200000000002,-0.027792334291141085,-0.0013011980713972624,0.005005357229825146,-0.024089027419276283
YWLLLALLVALLSTL,WT,LLLYWLLLILLVALLSTLILI,clash,,,,LLLYWLLLALLVALLSTLILI_0,1.1001100110011e+17,1.0,-74.2355,-74.1453,-74.2355,-236.901,-226.976,-252.126,-376.027,4690.53,3938.59,3736.83,-19.7749,-4.9139,-84.6656,-79.8197,-49.6654,-11.4676,107.171,-41.9234,8.187,2.68826,2.79583,-3.84258,-15.029,89.2957,-37.6435,-380.941,8.2413,0.809265,0.6487,0.0,LLLYWLLLALLVALLSTLILI,0.3093606276746645,0.016626231517156,R,99999900.0,-35.0002,0.0,15.224999999999994,751.9399999999996,-0.046546532968055984,0.0,0.020247626140383543,-0.026298507859669668
YSLLFTLLAVLLALL,WT,LLLYSLLFILLAVLLALLILI,clash,,,,LLLYSLLFTLLAVLLALLILI_1,1.1001100110011e+17,1.0,-69.1869,-61.4809,-58.7649,-236.453,-227.17,-249.81,-352.238,4665.0,3914.0,3830.85,-19.7698,3010.5,-66.368,2946.91,-43.6629,-42.2509,76.0937,-42.5515,8.36263,3.11029,2.75169,2394.65,-41.4867,66.182,-35.0,2642.05,8.3362,1.65757,1.1503,1.0,LLLYSLLFTLLAVLLALLILI,0.3328839545936629,0.0837736104630845,R,99999900.0,-22.705099999999995,-10.421999999999997,13.357,751.0,-0.030233155792276957,-0.013877496671105188,0.017785619174434088,-0.026324633821571238
LAVLLALLALLTSLL,Mutant,,void,8.0,LLLLAVLLFLLALLTSLLILI,-0.0292488822550236,LLLLAVLLALLALLTSLLILI_0,1.1001100110011e+17,1.0,-74.2666,-74.2371,-74.2371,-224.477,-212.815,-237.699,-383.487,4487.59,3640.8,3691.12,-19.7677,-3.90413,-104.511,-100.339,-71.5501,-48.5642,98.9426,18.4768,8.47478,7.14188,7.12602,-4.56541,-53.3268,80.5799,18.6844,-387.391,8.9663,5.3773,5.086,0.0,LLLLAVLLALLALLTSLLILI,0.4763985877534686,0.0602815081475989,L,99999900.0,-32.960899999999995,-0.02949999999999875,13.222000000000008,846.79,-0.038924526742167474,-3.483744493912156e-05,0.01561426091474865,-0.023344276621122123
LILLVALLFALLSTL,Mutant,,clash,4.0,LLLLALLVALLFALLSTLILI,0.0823790607949735,LLLLILLVALLFALLSTLILI_0,1.1001100110011e+17,1.0,-74.2058,-74.0543,-74.2058,-234.259,-226.8,-241.363,-369.875,4559.89,3841.15,3701.89,-19.7302,38.2217,-81.1398,-30.7983,-54.3061,-38.4963,86.8031,-39.4649,8.73562,3.99286,3.79491,32.0479,-39.3076,75.987,-35.0,-331.653,8.4047,2.65439,2.2942,0.0,LLLLILLVALLFALLSTLILI,0.3632225887319103,0.0750359472037832,R,99999900.0,-26.833699999999993,0.0,7.104000000000013,718.7400000000002,-0.037334362912875285,0.0,0.009883963602971883,-0.02745109497175612
YTLLAILVALLASLL,Mutant,,void,14.0,LLLYTLLAILVALLLSLLILI,-0.0877936899546031,LLLYTLLAILVALLASLLILI_2,1.1001100110011e+17,1.0,-64.0603,-64.0132,-60.363,-232.57,-231.594,-244.901,-360.842,4555.13,3803.42,3704.49,-19.7271,57.5705,-83.9397,-7.665,-55.5784,-108.412,15.3291,26.0124,9.67437,4.83123,3.56117,57.3522,-107.84,2.594,18.2142,-305.719,9.3464,3.02619,1.5651,2.0,LLLYTLLAILVALLASLLILI,0.3782037411376315,0.0520220472846032,L,99999900.0,-28.3613,-3.6972999999999985,12.331000000000017,751.71,-0.03772904444533131,-0.0049185191097630716,0.016403932367535373,-0.02624296603743465
LYVLIALLLALTSLL,Mutant,,void,12.0,LLLLYVLIALLLLLTSLLILI,-0.0634022370926887,LLLLYVLIALLLALTSLLILI_1,1.1001100110011e+17,1.0,-74.1527,-74.1771,-74.1527,-226.739,-208.289,-241.778,-371.917,4541.19,3633.63,3599.51,-19.6627,132.255,-90.6884,42.8041,-55.9864,-55.6442,63.451,20.6058,9.73519,3.41252,2.86428,129.482,-63.9013,40.5967,18.0,-248.408,9.2502,1.56575,0.674701,1.0,LLLLYVLIALLLALTSLLILI,0.4617136377533615,0.0500917699896121,L,99999900.0,-34.702,0.0,15.038999999999987,907.5599999999995,-0.038236590418264375,0.0,0.01657080523601745,-0.021665454625589504
FALLLLLVSLLATLL,Mutant,,void,14.0,LLLFALLLLLVSLLLTLLILI,-0.0903607179871276,LLLFALLLLLVSLLATLLILI_0,1.1001100110011e+17,1.0,-74.2438,-74.1111,-74.3103,-225.207,-222.454,-243.042,-373.439,4611.39,3695.36,3682.06,-19.6254,-6.0325,-93.6128,-82.906,-56.0862,-105.499,21.5298,26.7929,9.15896,5.23131,4.05426,-6.43227,-108.558,13.7253,22.6463,-379.471,9.4795,4.63662,3.3425,0.0,LLLFALLLLLVSLLATLLILI,0.3231324581376957,0.058932415776966,L,99999900.0,-37.526599999999995,0.06650000000000489,17.835000000000008,916.0300000000002,-0.04096656223049462,7.25958756809328e-05,0.019469886357433713,-0.021424407497571036
LALLIALLFVLLSTL,WT,LLLLALLIALLFILLSTLILI,clash,,,,LLLLALLIALLFVLLSTLILI_0,1.1001100110011e+17,1.0,-74.1615,-74.1615,-74.2403,-235.405,-226.97,-242.703,-370.178,4574.31,3831.41,3747.27,-19.617,-12.0409,-80.2287,-81.0876,-53.2353,-37.0104,88.1918,-39.0089,8.46695,3.95745,3.78033,-11.87,-37.1328,75.3172,-35.0,-382.219,8.3978,2.23774,1.8675,0.0,LLLLALLIALLFVLLSTLILI,0.2705427705263004,0.0286037945943094,R,99999900.0,-26.9934,0.07880000000000109,7.298000000000002,742.9000000000005,-0.03633517297079012,0.00010607080360748557,0.009823664019383492,-0.02640597657827431
ALLLLTLLFVLLSIL,WT,LLLALLLLTLLFILLSILILI,clash,,,,LLLALLLLTLLFVLLSILILI_0,1.1001100110011e+17,1.0,-74.288,-74.288,-74.2636,-236.734,-230.717,-246.409,-385.484,4570.61,3842.67,3761.44,-19.6158,-11.1314,-94.0777,-91.6105,-64.8116,-31.0751,100.636,-43.303,8.80127,4.74709,4.75663,-5.43266,-36.2869,84.2404,-44.7529,-396.616,9.0,3.31549,3.0791,0.0,LLLALLLLTLLFVLLSILILI,0.3465488437346853,0.0458035137958217,R,99999900.0,-29.266099999999994,-0.024399999999999977,9.674999999999983,727.9399999999996,-0.040204000329697516,-3.351924609171084e-05,0.013290930571200907,-0.02694700112646648
YTLLVSLLAILLTLL,WT,LLLYTLLVSLLAILLILLILI,clash,,,,LLLYTLLVSLLAILLTLLILI_2,1.1001100110011e+17,1.0,-74.5976,-74.4839,-74.1983,-238.904,-238.391,-252.133,-382.486,4655.97,3892.76,3832.76,-19.611,1708.92,-88.5959,1639.3,-56.1553,-53.8471,76.1943,-41.7289,8.62285,4.86329,4.50621,1466.81,-48.8798,66.5282,-37.3232,1323.3,8.4033,2.81328,2.3112,2.0,LLLYTLLVSLLAILLTLLILI,0.3423140630105283,0.0714667256844689,R,99999900.0,-32.4406,-0.39929999999999666,13.229000000000013,763.21,-0.042505470316164626,-0.0005231849687504051,0.017333368273476518,-0.025695418036975406
YWLLTLLVALLASLL,Mutant,,void,14.0,LLLYWLLTLLVALLLSLLILI,-0.0515886520318907,LLLYWLLTLLVALLASLLILI_0,1.1001100110011e+17,1.0,-73.0074,-73.3699,-74.1717,-241.446,-223.663,-252.122,-374.863,4692.19,4013.78,3833.11,-19.6087,26.826,-80.0186,-51.0039,-48.5694,-98.8287,33.4617,25.6923,10.3645,5.84162,4.84355,33.9818,-100.223,12.091,21.0733,-348.037,9.5,3.16573,1.84709,0.0,LLLYWLLTLLVALLASLLILI,0.4897828516128926,0.0458149866677932,L,99999900.0,-31.449200000000005,1.1642999999999972,10.676000000000016,678.4099999999994,-0.04635721761176874,0.0017162188057369412,0.015736796332601267,-0.02890390766645541
FYLLTALLITLLVLL,WT,LLLFYLLTALLIILLVLLILI,clash,,,,LLLFYLLTALLITLLVLLILI_0,1.1001100110011e+17,1.0,-77.6866,-78.7622,-72.5928,-235.204,-232.766,-249.823,-363.752,4709.99,4021.36,3983.28,-19.5439,-18.1807,-70.4053,-70.4041,-41.3359,-26.8684,99.0136,-44.7603,9.11955,3.89709,3.8823,-18.46,-25.8235,96.0591,-44.6308,-381.932,8.886,3.34151,3.2824,0.0,LLLFYLLTALLITLLVLLILI,0.3148066978742533,0.0648274869553666,R,99999900.0,-29.069399999999995,-5.093800000000002,14.619,688.6299999999997,-0.04221338018965193,-0.007397005648897091,0.021229107067656083,-0.028380843123302805
YTLLAVLALLLASLL,Mutant,,void,10.0,LLLYTLLAVLLLLLASLLILI,-0.1031214072484718,LLLYTLLAVLALLLASLLILI_1,1.1001100110011e+17,1.0,-64.9068,-64.6758,-60.3379,-228.626,-218.469,-244.942,-361.487,4601.48,3767.71,3680.3,-19.5375,30.4049,-87.4914,-47.9367,-56.2072,-107.076,40.8755,21.8758,9.65381,8.07957,7.19271,25.2444,-108.95,21.1033,18.0,-335.58,9.3275,5.69144,4.50799,1.0,LLLYTLLAVLALLLASLLILI,0.2886299367375886,0.0247839757027442,L,99999900.0,-31.2842,-4.568900000000006,16.316000000000003,833.7699999999995,-0.03752137879751012,-0.005479808580303932,0.019568945872362895,-0.023432721254062885
SYLLVFLLALLLATL,WT,LLLSYLLVFLLILLLATLILI,clash,,,,LLLSYLLVFLLALLLATLILI_2,1.1001100110011e+17,1.0,-77.4797,-71.4096,-58.8168,-232.181,-230.938,-254.963,-359.995,4652.56,3744.95,3704.03,-19.5298,-7.96402,-69.8638,-65.6109,-46.2148,-65.8748,57.828,-42.7767,8.50494,4.188,3.55542,-11.22,-61.0036,57.271,-40.2845,-373.045,8.1019,3.38213,2.7412,2.0,LLLSYLLVFLLALLLATLILI,0.5081414456836996,0.0595224068409801,R,99999900.0,-23.649,-18.662899999999993,22.781999999999982,907.6100000000006,-0.026056345787287476,-0.020562686616498255,0.025101089675080672,-0.02151783254922267
LVLLIALLFALLSTL,WT,LLLLVLLIALLFILLSTLILI,clash,,,,LLLLVLLIALLFALLSTLILI_0,1.1001100110011e+17,1.0,-76.8003,-76.8345,-74.1998,-226.576,-221.758,-242.107,-370.007,4557.67,3798.1,3717.4,-19.5097,-10.9001,-86.1405,-82.3152,-53.7009,-26.7005,90.6297,-39.2713,8.06819,2.74008,2.59952,-10.474,-30.3621,80.2592,-40.3295,-380.907,8.3549,1.88931,1.5932,0.0,LLLLVLLIALLFALLSTLILI,0.3357742893325285,0.0272641208741129,R,99999900.0,-32.439600000000006,-2.6004999999999967,15.531000000000006,759.5700000000002,-0.042707847861289935,-0.0034236475900838582,0.020447095066945774,-0.025685190305041003
YFLLILLLATLLSIL,Mutant,,clash,7.0,LLLYFLLVLLLATLLSILILI,0.0615590259264355,LLLYFLLILLLATLLSILILI_0,1.1001100110011e+17,1.0,-74.0893,-73.3918,-74.0893,-239.86,-229.946,-255.246,-371.62,4711.52,3933.94,3815.22,-19.4859,-12.7111,-77.156,-80.9928,-42.2839,-78.4795,56.5496,-40.5131,9.03067,5.90612,5.25436,-11.4157,-74.125,49.3644,-40.0371,-384.331,8.8024,4.28294,3.52341,0.0,LLLYFLLILLLATLLSILILI,0.1697310994009619,0.0725685516179692,R,99999900.0,-34.8721,0.0,15.385999999999996,777.5800000000004,-0.044846961084390013,0.0,0.019787031559453674,-0.0250596723166748
YILLFTLLVALLSLL,WT,LLLYILLFILLVALLSLLILI,clash,,,,LLLYILLFTLLVALLSLLILI_1,1.1001100110011e+17,1.0,-74.2547,-74.2547,-74.2547,-243.629,-238.656,-252.717,-370.271,4684.52,4056.13,3854.64,-19.4644,-13.452,-71.8514,-70.8118,-43.2986,-43.9177,78.6986,-41.1481,8.86964,3.71197,3.39245,-9.40665,-36.8634,72.7299,-38.2609,-380.897,8.6793,1.84805,1.439,1.0,LLLYILLFTLLVALLSLLILI,0.1831010941193875,0.0383558471484573,R,99999900.0,-28.552799999999998,0.0,9.088000000000022,628.3900000000003,-0.045438024156972553,0.0,0.014462356180079279,-0.030975031429526234
LALLTILLFVLASLL,WT,LLLLILLTILLFVLASLLILI,clash,,,,LLLLALLTILLFVLASLLILI_0,1.1001100110011e+17,1.0,-74.2574,-74.2574,-74.2574,-236.271,-227.796,-242.437,-373.169,4564.63,3788.88,3771.02,-19.4462,-7.3683,-82.0875,-78.4838,-56.4749,-94.5108,33.3162,26.822,9.47073,5.17432,4.17406,-7.67119,-95.5434,21.4906,28.0,-380.538,9.3253,3.73274,2.5551,0.0,LLLLALLTILLFVLASLLILI,0.3077015774109432,0.0530654239802744,L,99999900.0,-25.612600000000008,0.0,6.166000000000025,775.75,-0.033016564614888826,0.0,0.007948436996455076,-0.025067611988398325
AILLLTLLFVLLSLL,WT,LLLAILLLILLFVLLSLLILI,clash,,,,LLLAILLLTLLFVLLSLLILI_0,1.1001100110011e+17,1.0,-74.2935,-73.869,-74.269,-237.908,-228.199,-246.205,-385.284,4579.18,3865.97,3705.72,-19.4385,20.1334,-92.5214,-63.0834,-64.8104,-30.2519,105.217,-49.2715,9.07138,5.24215,5.32041,12.7286,-36.2869,84.2404,-44.7529,-365.151,9.0,3.31549,3.0791,0.0,LLLAILLLTLLFVLLSLLILI,0.3374991244742853,0.0346850028516,R,99999900.0,-27.711,-0.024499999999989086,8.297000000000025,713.2100000000005,-0.03885391399447565,-3.435173371095339e-05,0.011633319779588088,-0.027254945948598574
LTLLIALLFVLLYSL,WT,LLLLTLLIILLFVLLYSLILI,clash,,,,LLLLTLLIALLFVLLYSLILI_0,1.1001100110011e+17,1.0,-69.9621,-68.7451,-60.3755,-233.253,-226.368,-249.534,-359.651,4682.67,3837.48,3791.57,-19.4382,-11.2951,-75.8743,-75.8333,-49.7419,-53.535,93.8848,-43.2763,8.87317,7.20469,7.11296,-11.6764,-56.5161,78.9319,-42.5847,-370.946,8.925,5.63322,5.3172,0.0,LLLLTLLIALLFVLLYSLILI,0.4496103099803362,0.0491834573763997,R,99999900.0,-26.132400000000004,-9.586600000000004,16.281000000000006,845.19,-0.030918964966457248,-0.01134253836415481,0.019263124267916095,-0.022998615695879028
VYLLTILLALLLSAL,Mutant,,void,16.0,LLLVYLLTILLALLLSFLILI,0.0483569504526575,LLLVYLLTILLALLLSALILI_0,1.1001100110011e+17,1.0,-74.1951,-74.1658,-74.1658,-232.624,-227.805,-243.083,-376.438,4604.85,3773.18,3763.14,-19.438,-15.27,-89.0567,-89.7375,-59.1891,-68.3409,66.737,-36.0561,8.11739,5.76063,5.26169,-15.2068,-65.4251,62.8523,-35.0,-391.708,8.0148,4.79882,4.2416,0.0,LLLVYLLTILLALLLSALILI,0.3737445877255703,0.0359821040934242,R,99999900.0,-29.867600000000003,-0.02929999999999211,10.459000000000003,831.6700000000005,-0.03591280195269757,-3.523031971814793e-05,0.012575901499392785,-0.023372251013021976
YTLLVALLSTLLFLL,WT,LLLYTLLVILLSTLLFLLILI,clash,,,,LLLYTLLVALLSTLLFLLILI_1,1.1001100110011e+17,1.0,-88.6428,-82.2888,-74.2668,-231.359,-229.239,-252.732,-366.643,4733.37,3876.44,3815.23,-19.3866,-4.00014,-66.0271,-59.1155,-39.6435,-50.1877,80.7993,-48.5115,8.65642,4.93606,4.64805,-11.0066,-52.2698,72.8602,-43.2077,-376.492,8.6278,4.1766,3.7695,1.0,LLLYTLLVALLSTLLFLLILI,0.2257702810407131,0.0701019218124265,R,99999900.0,-26.3836,-14.37599999999999,21.37299999999999,856.9299999999998,-0.030788512480599356,-0.0167761660812435,0.024941360437842057,-0.0226233181240008
LTLLATLLAVLLSFL,WT,LLLLTLLAILLAVLLSFLILI,clash,,,,LLLLTLLATLLAVLLSFLILI_0,1.1001100110011e+17,1.0,-81.1558,-81.3443,-74.1252,-227.309,-220.076,-241.577,-367.134,4569.83,3843.0,3807.02,-19.3799,-13.2225,-78.0492,-78.9363,-51.4316,-50.8196,93.9856,-37.7216,8.21937,6.81099,6.72078,-12.8387,-54.6721,77.5326,-37.7744,-380.356,8.1371,5.16771,4.8307,0.0,LLLLTLLATLLAVLLSFLILI,0.3773577959745874,0.0271029107889441,R,99999900.0,-26.617599999999996,-7.030599999999993,14.268,726.8299999999999,-0.03662149333406711,-0.009672963416479772,0.019630450036459697,-0.02666359396282487
YLLLGTLLGILLAFL,WT,LLLYLLLGTLLGILLIFLILI,clash,,,,LLLYLLLGTLLGILLAFLILI_2,1.1001100110011e+17,1.0,-58.7658,-58.7658,-58.7658,-236.781,-234.728,-246.112,-341.177,4624.75,3948.89,3715.83,-19.353,1726.44,-64.9834,1678.76,-36.2992,-60.5419,67.9079,-44.2301,7.82123,4.74885,4.26747,1394.91,-52.9906,59.3407,-40.4383,1378.58,7.2557,2.45959,1.8497,2.0,LLLYLLLGTLLGILLAFLILI,0.4702439785872953,0.0881506788952897,G,99999900.0,-28.684200000000004,0.0,9.330999999999989,675.8600000000001,-0.042441038084810465,0.0,0.013806113692184752,-0.028634628473352467
YVLLAALLFTLLSLL,Mutant,,void,7.0,LLLYVLLIALLFTLLSLLILI,0.0026155505468618,LLLYVLLAALLFTLLSLLILI_0,1.1001100110011e+17,1.0,-74.1173,-74.1173,-74.1173,-242.179,-229.201,-249.511,-362.689,4687.71,3948.81,3826.16,-19.3118,-7.56006,-65.7048,-66.9315,-39.0609,-24.4496,109.49,-45.2716,8.50824,4.94854,5.09088,-7.64736,-34.3116,78.2924,-42.6631,-370.249,8.583,2.21621,1.8906,0.0,LLLYVLLAALLFTLLSLLILI,0.2582250361031918,0.0169024712948688,R,99999900.0,-26.64390000000001,0.0,7.331999999999994,738.9000000000001,-0.0360588712951685,0.0,0.009922858302882654,-0.026135877655975095
YALLFLLTSLLAVLL,Mutant,,void,14.0,LLLYALLFLLTSLLLVLLILI,0.1627645896455166,LLLYALLFLLTSLLAVLLILI_0,1.1001100110011e+17,1.0,-77.8779,-74.9603,-74.2423,-226.679,-219.022,-249.858,-362.022,4680.45,3742.4,3761.25,-19.3107,-9.24611,-76.7757,-77.2859,-37.9212,-100.861,42.5716,16.232,8.5589,7.37628,6.51486,-8.438,-100.982,34.5253,20.0445,-371.268,8.836,6.30822,5.3261,0.0,LLLYALLFLLTSLLAVLLILI,0.3415400620250701,0.0826018640174887,L,99999900.0,-38.8545,-3.6355999999999966,23.179000000000002,938.0499999999997,-0.041420499973348984,-0.003875699589574114,0.024709770268109384,-0.0205860028783114
LTYLLAVLAILLLSL,Mutant,,void,11.0,LLLLTYLLAVLFILLLSLILI,-0.0742276271662372,LLLLTYLLAVLAILLLSLILI_0,1.1001100110011e+17,1.0,-60.4638,-60.4638,-60.4638,-227.735,-216.873,-242.216,-364.684,4610.58,3647.5,3638.75,-19.3056,49.8992,-95.7906,-37.4481,-62.0048,-53.5012,83.2284,19.2137,9.5423,5.76101,5.50944,49.6045,-61.1862,61.8698,21.1994,-314.785,9.5,4.03035,3.4584,0.0,LLLLTYLLAVLAILLLSLILI,0.3178221073265804,0.0220194927859795,L,99999900.0,-33.785799999999995,0.0,14.480999999999995,963.0799999999999,-0.03508099015658097,0.0,0.015036134069859198,-0.020045686754994393
YILLFVLIALLLTLL,Mutant,,clash,4.0,LLLYLLLFVLIALLLTLLILI,-0.0892363179905044,LLLYILLFVLIALLLTLLILI_1,1.1001100110011e+17,1.0,-58.8554,-58.8554,-58.8554,-241.638,-238.481,-254.74,-363.11,4707.79,3851.9,3807.92,-19.261,45.158,-81.8773,-20.6157,-49.5144,-110.373,33.7364,17.8126,10.2861,7.61032,6.61637,35.5274,-105.122,22.7647,23.6466,-319.394,9.4707,5.34153,4.183,1.0,LLLYILLFVLIALLLTLLILI,0.3833430962075358,0.0307320469079786,L,99999900.0,-32.3629,0.0,13.102000000000004,855.8899999999999,-0.0378119851850121,0.0,0.015308041921274936,-0.02250406010118123
TFLLALLLGALLGSL,Mutant,,void,12.0,LLLTFLLALLLGYLLGSLILI,0.2422220265113017,LLLTFLLALLLGALLGSLILI_1,1.1001100110011e+17,1.0,-66.3337,-60.2601,-60.2601,-222.492,-219.847,-237.831,-347.849,4496.74,3677.29,3636.73,-19.2594,-7.99887,-78.2819,-75.7406,-49.7576,-72.3205,53.8252,-48.2685,7.07592,4.61447,3.92185,-9.24347,-75.8727,44.54,-43.5756,-358.009,7.3804,3.8938,3.0619,1.0,LLLTFLLALLLGALLGSLILI,0.7598644816194445,0.0353018344568774,G,99999900.0,-28.524299999999997,-6.073599999999992,15.338999999999999,819.4499999999998,-0.034809079260479596,-0.00741180059796204,0.018718652754896578,-0.023502837268899877
VYLLAALLTALLSLL,Mutant,,void,7.0,LLLVYLLIALLTALLSLLILI,0.1039182115499359,LLLVYLLAALLTALLSLLILI_2,1.1001100110011e+17,1.0,-74.2816,-80.8836,-74.2816,-229.523,-228.984,-239.187,-368.683,4591.0,3743.95,3882.16,-19.2558,-20.9218,-84.1341,-79.7374,-55.2146,-19.0198,104.227,-39.9815,8.93773,3.42367,3.48709,-17.2953,-22.0295,90.9785,-43.2966,-384.645,8.7631,2.08652,1.9512,2.0,LLLVYLLAALLTALLSLLILI,0.3396940005198674,0.0325588663621287,R,99999900.0,-28.919500000000006,0.0,9.664000000000016,847.0500000000002,-0.03414143202880585,0.0,0.011409007732719453,-0.022732778466442356
VALLLALLFTLLSIL,WT,LLLVALLLALLFILLSILILI,clash,,,,LLLVALLLALLFTLLSILILI_1,1.1001100110011e+17,1.0,-74.091,-74.091,-74.091,-234.469,-231.183,-242.513,-375.321,4558.32,3688.2,3737.5,-19.2395,-13.7926,-86.0005,-83.8393,-58.7162,-43.4305,94.0047,-32.8281,8.15353,5.70521,5.61528,-11.9539,-39.6626,86.0874,-35.0,-386.531,8.2373,4.07119,3.8625,1.0,LLLVALLLALLFTLLSILILI,0.6546274941969833,0.0468134537516464,R,99999900.0,-27.2843,0.0,8.044000000000011,870.1199999999999,-0.031356939272743994,0.0,0.009244701880200447,-0.022111317979129318
LVALLLTLIILLFLL,Mutant,,clash,12.0,LLLLVALLLTLISLLFLLILI,0.4017957372580757,LLLLVALLLTLIILLFLLILI_0,1.1001100110011e+17,1.0,-58.968,-58.968,-58.968,-238.711,-223.043,-248.505,-373.066,4654.91,3705.99,3614.38,-19.2146,18.77,-94.6018,-72.2845,-65.5928,-14.7072,99.8723,20.819,9.98936,2.18885,2.18693,20.4644,-15.856,85.056,19.3699,-354.296,9.4176,0.36096,0.1368,0.0,LLLLVALLLTLIILLFLLILI,0.2300016414360024,0.1013485212352337,L,99999900.0,-29.009,0.0,9.793999999999983,948.9200000000001,-0.030570543354550433,0.0,0.01032120726720902,-0.020248914555494667
YFLLAVLLTLLFSLL,WT,LLLYFLLAVLLILLFSLLILI,clash,,,,LLLYFLLAVLLTLLFSLLILI_0,1.1001100110011e+17,1.0,-74.2252,-70.661,-74.2252,-231.01,-224.432,-250.427,-351.678,4734.05,3857.68,3775.39,-19.2007,-9.8904,-65.6441,-66.4754,-27.0259,-107.21,35.6149,28.7233,9.21446,7.38949,6.42371,-9.39583,-108.265,26.115,28.0,-361.569,9.2465,6.26528,5.15701,0.0,LLLYFLLAVLLTLLFSLLILI,0.1967059427143038,0.0526688600726393,L,99999900.0,-38.618199999999995,0.0,19.417,876.3700000000003,-0.04406609080639454,0.0,0.022156166915800395,-0.02190935335531795
SYLLAVLLALLLSTL,Mutant,,void,7.0,LLLSYLLFVLLALLLSTLILI,-0.011071123573403,LLLSYLLAVLLALLLSTLILI_2,1.1001100110011e+17,1.0,-93.02,-93.2515,-74.2184,-231.507,-232.237,-253.796,-383.615,4570.88,3780.39,3810.89,-19.1923,-16.6538,-78.2806,-74.7804,-55.6005,-65.0571,57.0641,-43.9224,8.35938,3.96221,3.31818,-17.2665,-66.724,58.8887,-41.9166,-401.431,8.6817,4.45857,3.8419,2.0,LLLSYLLAVLLALLLSTLILI,0.4154811776374704,0.050306596020164,R,99999900.0,-22.68010000000001,-18.801599999999993,22.288999999999987,790.4900000000002,-0.02869119153942492,-0.02378474110994445,0.02819643512251892,-0.024278991511594065
LALLVILLAFLLSTL,Mutant,,void,4.0,LLLLYLLVILLAFLLSTLILI,-0.1291211963731663,LLLLALLVILLAFLLSTLILI_1,1.1001100110011e+17,1.0,-73.3511,-72.2873,-74.0793,-229.988,-227.585,-242.32,-368.13,4635.29,3854.52,3958.84,-19.1661,-9.46226,-83.9571,-77.7195,-51.7303,-64.965,56.9849,-44.3788,7.98469,3.93772,3.29249,-10.0628,-57.6508,57.7625,-43.362,-377.94,8.4393,2.94556,2.312,1.0,LLLLALLVILLAFLLSTLILI,0.3991246037971936,0.0350528182907144,R,99999900.0,-32.2268,0.7282000000000011,12.331999999999994,780.77,-0.041275663767818944,0.000932669031853172,0.0157946642417101,-0.02454769010079793
YALLFTLLAVLLSLL,Mutant,,void,4.0,LLLYFLLFTLLAVLLSLLILI,-0.1254474291593575,LLLYALLFTLLAVLLSLLILI_0,1.1001100110011e+17,1.0,-74.2363,-74.2363,-74.2363,-242.888,-234.913,-249.862,-361.491,4664.11,3871.11,3994.96,-19.1605,-8.95301,-63.527,-61.295,-37.3933,-66.0677,76.5849,-41.6758,8.11918,6.74912,6.3979,-8.50693,-62.5584,66.025,-45.0,-370.444,8.4703,4.79713,4.2875,0.0,LLLYALLFTLLAVLLSLLILI,0.3520804371200035,0.0461801519467803,R,99999900.0,-26.133699999999997,0.0,6.9739999999999895,792.9999999999995,-0.032955485498108464,0.0,0.008794451450189146,-0.024162042875157642
YLLLAVLLGTLLSFL,WT,LLLYLLLAVLLGTLLIFLILI,clash,,,,LLLYLLLAVLLGTLLSFLILI_1,1.1001100110011e+17,1.0,-74.0075,-58.7596,-74.0075,-237.398,-232.453,-247.837,-359.722,4629.28,4031.28,3805.77,-19.1454,811.16,-67.4619,742.651,-37.8783,-44.5685,76.8981,-47.432,8.51336,3.56652,3.21999,674.24,-49.156,60.31,-42.3523,435.204,7.5,2.01525,1.4199,1.0,LLLYLLLAVLLGTLLSFLILI,0.2033028787384976,0.0446142480390299,G,99999900.0,-29.583599999999997,0.0,10.438999999999993,597.9999999999995,-0.04947090301003348,0.0,0.017456521739130437,-0.032015719063545174
LIFLLAVLALLLSTL,Mutant,,void,11.0,LLLLIFLLAVLYLLLSTLILI,0.0332486837404902,LLLLIFLLAVLALLLSTLILI_2,1.1001100110011e+17,1.0,-74.2481,-74.2481,-74.2187,-231.603,-229.438,-241.523,-368.388,4589.49,3827.06,3694.13,-19.1372,-14.4255,-81.6742,-79.1277,-52.6463,-47.2638,84.8177,23.6671,9.2941,5.03996,4.81223,-5.62287,-52.6824,67.6516,25.6825,-375.108,9.1288,3.53533,3.0501,2.0,LLLLIFLLAVLALLLSTLILI,0.3169209121587825,0.0290287562971156,L,99999900.0,-29.027900000000002,-0.02939999999999543,9.919999999999987,762.4299999999998,-0.038072872263683236,-3.8560917067790403e-05,0.013011030520834686,-0.025100271500334462
FYLLVALLTTLLSLL,WT,LLLFYLLVILLTTLLSLLILI,clash,,,,LLLFYLLVALLTTLLSLLILI_0,1.1001100110011e+17,1.0,-94.6206,-94.3176,-88.0236,-238.978,-232.876,-247.807,-371.345,4684.82,4012.47,3981.01,-19.0931,-11.635,-56.8397,-55.7863,-35.5145,-20.7895,99.14,-41.3936,9.16664,3.00232,2.98942,-11.211,-24.6133,82.1567,-42.3875,-382.98,8.9966,1.28315,1.0155,0.0,LLLFYLLVALLTTLLSLLILI,0.405329050492007,0.0568565728547883,R,99999900.0,-21.325200000000002,-6.596999999999994,8.82899999999998,672.3499999999999,-0.031717409087528826,-0.009811853945117863,0.013131553506358267,-0.0283975607942292
YVLLTLLLGILLFAL,Mutant,,clash,12.0,LLLYVLLTLLLGGLLFALILI,0.1014415041660881,LLLYVLLTLLLGILLFALILI_2,1.1001100110011e+17,1.0,-58.7757,-58.7757,-58.7757,-238.599,-226.794,-250.348,-350.144,4730.96,4006.92,3734.02,-19.0863,850.542,-71.856,785.968,-41.0202,-37.9337,86.1912,-35.012,8.98338,3.82587,3.61873,730.791,-36.0293,69.0807,-35.6829,500.397,7.2857,1.23029,0.766501,2.0,LLLYVLLTLLLGILLFALILI,0.2234827840179625,0.0471628094069981,G,99999900.0,-30.835799999999992,0.0,11.749000000000024,724.04,-0.0425885310203856,0.0,0.01622700403292639,-0.026360836417877467
LYVLLLALTILLFSL,WT,LLLLYVLLIALTILLFSLILI,clash,,,,LLLLYVLLLALTILLFSLILI_2,1.1001100110011e+17,1.0,-74.1743,-74.0705,-74.2312,-238.553,-230.077,-248.216,-365.605,4638.24,3741.76,3575.26,-19.0859,6.84035,-71.9638,-54.6168,-43.1572,-57.6205,78.2159,26.2539,10.1537,5.70222,5.37546,10.2446,-60.6709,65.7431,20.4901,-353.645,9.5,4.47595,3.9621,2.0,LLLLYVLLLALTILLFSLILI,0.2297682302120999,0.0681559729636388,L,99999900.0,-28.806600000000003,0.05689999999999884,9.663000000000011,896.4799999999996,-0.032133009102266664,6.347046225236354e-05,0.010778823844369106,-0.021289822416562566
VYLLLALLFTLLSLL,WT,LLLVYLLLALLFILLSLLILI,clash,,,,LLLVYLLLALLFTLLSLLILI_2,1.1001100110011e+17,1.0,-80.1831,-79.6794,-74.1354,-239.82,-238.0,-247.947,-372.667,4669.73,3891.31,3800.42,-19.0743,22.4084,-71.7382,-32.5796,-50.5852,-22.8986,92.1305,-37.8042,9.281,2.3724,2.25436,18.2102,-18.4173,84.5167,-38.5607,-355.431,9.0,0.672349,0.440099,2.0,LLLVYLLLALLFTLLSLLILI,0.4911351925621265,0.0546965686700465,R,99999900.0,-21.153000000000006,-6.047699999999992,8.12700000000001,778.4199999999996,-0.027174276097736462,-0.00776919914699005,0.010440379229721762,-0.024503866807122132
YWLLVALLLILLSTL,Mutant,,clash,12.0,LLLYWLLVALLLALLSTLILI,0.0955562637582384,LLLYWLLVALLLILLSTLILI_1,1.1001100110011e+17,1.0,-74.1845,-70.8865,-74.1845,-243.129,-242.578,-255.628,-382.047,4720.44,3795.96,3676.38,-19.0668,210.435,-83.8005,141.852,-52.2344,-24.1372,89.4698,-42.1112,9.26589,2.19901,2.04106,188.2,-15.7577,89.9497,-39.1893,-181.494,8.0,1.00686,0.856105,1.0,LLLYWLLVALLLILLSTLILI,0.2786041275680204,0.0678688075776098,R,99999900.0,-31.5661,0.0,12.498999999999995,924.4799999999996,-0.03414470837660091,0.0,0.013520032883350642,-0.02062435098650053
YVLLTALLFALLSLL,WT,LLLYVLLTALLFILLSLLILI,clash,,,,LLLYVLLTALLFALLSLLILI_0,1.1001100110011e+17,1.0,-74.1974,-74.1293,-74.1974,-237.897,-230.546,-249.465,-362.932,4668.76,3876.51,3803.81,-19.0577,-11.015,-69.8952,-69.2708,-39.2692,-23.2583,104.484,-46.1442,7.98885,4.09403,4.16129,-10.9471,-28.5899,84.4588,-45.0,-373.947,8.1271,2.19042,1.9573,0.0,LLLYVLLTALLFALLSLLILI,0.3225114578230503,0.0472445569382648,R,99999900.0,-30.626000000000005,0.0,11.568000000000012,792.25,-0.038656989586620394,0.0,0.014601451562006958,-0.024055159356263806
SYLLAVLLALLLATL,Mutant,,void,7.0,LLLSYLLFVLLALLLATLILI,-0.0808299340102934,LLLSYLLAVLLALLLATLILI_1,1.1001100110011e+17,1.0,-77.5882,-77.2671,-58.8379,-229.97,-226.885,-251.589,-359.695,4573.35,3758.31,3782.53,-19.0568,-11.2192,-71.1937,-66.7618,-49.2677,-65.074,50.712,-46.5097,8.36627,3.10722,2.36789,-14.404,-62.3589,45.8824,-44.1628,-373.816,8.2562,2.04796,1.2362,1.0,LLLSYLLAVLLALLLATLILI,0.4259760325093616,0.044126405979381,R,99999900.0,-21.92600000000001,-18.750300000000003,21.619,815.0400000000004,-0.026901747153513934,-0.023005373969375728,0.026525078523753423,-0.02338142913231251
FYLLVALLTTLLSAL,Mutant,,void,16.0,LLLFYLLVALLTTLLSLLILI,0.0482493302039488,LLLFYLLVALLTTLLSALILI_0,1.1001100110011e+17,1.0,-94.7776,-94.3176,-88.0236,-234.331,-229.596,-243.77,-359.836,4642.84,4004.0,4008.18,-19.0371,-15.8217,-49.764,-51.7437,-28.0414,-26.139,88.958,-42.2903,9.17399,2.43018,2.26455,-15.8128,-24.6133,82.1567,-42.3875,-375.657,8.9966,1.28315,1.0155,0.0,LLLFYLLVALLTTLLSALILI,0.357079720288058,0.0142959996396556,R,99999900.0,-21.722600000000003,-6.754000000000005,9.439000000000021,638.8400000000001,-0.034003193287834195,-0.01057228727067811,0.014775217581867164,-0.029799480308058346
YTLLVALLSTLLFAL,Mutant,,void,16.0,LLLYTLLVALLSTLLFLLILI,-0.0363076266023104,LLLYTLLVALLSTLLFALILI_0,1.1001100110011e+17,1.0,-82.5864,-83.0178,-74.2668,-229.577,-226.133,-249.004,-355.221,4661.03,3848.4,3818.43,-19.0307,-8.3605,-62.0878,-54.4305,-31.9494,-53.6343,77.6912,-44.797,8.68809,5.03345,4.69882,-8.22923,-52.2698,72.8602,-43.2077,-363.581,8.6278,4.1766,3.7695,0.0,LLLYTLLVALLSTLLFALILI,0.2620779076430237,0.022921209210835,R,99999900.0,-30.1384,-8.319599999999994,19.426999999999992,812.6299999999997,-0.037087481387593386,-0.010237869633166382,0.02390632883354048,-0.023418653015517526
GALLALLLGTLLSFL,Mutant,,void,4.0,LLLGYLLALLLGTLLSFLILI,0.3296358110742424,LLLGALLALLLGTLLSFLILI_1,1.1001100110011e+17,1.0,-73.2479,-74.0609,-74.0304,-222.332,-220.306,-239.031,-360.141,4491.73,3710.52,3630.53,-18.9916,-16.9231,-83.5522,-82.6978,-47.0795,-70.2482,58.763,-37.0053,6.92891,4.97023,4.35168,-16.6858,-68.9875,54.3485,-39.7512,-377.022,6.8746,4.18517,3.5004,1.0,LLLGALLALLLGTLLSFLILI,0.2516100175709627,0.0429179293928561,G,99999900.0,-36.472699999999996,0.7824999999999989,16.699000000000012,781.2099999999996,-0.04668744639725556,0.001001651284545768,0.02137581444169944,-0.02431049269722611
SALLALLLGFLLGTL,Mutant,,void,4.0,LLLSYLLALLLGFLLGTLILI,0.3872381513569887,LLLSALLALLLGFLLGTLILI_0,1.1001100110011e+17,1.0,-67.2136,-71.8109,-58.7285,-225.824,-223.913,-243.603,-351.377,4499.07,3763.97,3566.7,-18.9606,39663.6,-77.3001,39607.9,-49.0454,-46.2644,67.7515,-53.406,6.65565,2.58611,2.10239,8172.89,-53.2783,54.8563,-43.0796,39312.2,6.5679,1.89735,1.2202,0.0,LLLSALLALLLGFLLGTLILI,0.6567555785283555,0.0918784427595448,G,99999900.0,-28.2547,-8.485100000000003,17.778999999999996,735.0999999999999,-0.03843653924636104,-0.011542783294789829,0.02418582505781526,-0.02579322541150864
YLLLGALLAALLSTL,Mutant,,void,12.0,LLLYLLLGALLAFLLSTLILI,0.0309024739311347,LLLYLLLGALLAALLSTLILI_0,1.1001100110011e+17,1.0,-73.9835,-75.1557,-73.9835,-228.881,-216.843,-240.248,-362.523,4543.88,3800.19,3769.12,-18.9507,-5.43102,-78.6094,-75.9553,-48.2923,-78.1099,72.527,-41.2812,7.58123,8.00763,7.59554,-6.1512,-74.4436,60.1664,-43.4591,-367.954,7.3574,5.789,5.1915,0.0,LLLYLLLGALLAALLSTLILI,0.1580537045149471,0.0290362661765986,G,99999900.0,-30.317099999999996,0.0,11.36699999999999,743.69,-0.04076577606260672,0.0,0.015284594387446369,-0.025481988462934826
LILLAVLTSLLFSLL,Mutant,,clash,4.0,LLLLYLLAVLTSLLFSLLILI,0.2387492631983263,LLLLILLAVLTSLLFSLLILI_0,1.1001100110011e+17,1.0,-89.6761,-92.9537,-89.6761,-236.164,-215.021,-243.366,-387.66,4542.13,3749.56,3582.2,-18.9496,159.969,-80.7691,80.2834,-54.6172,-109.647,22.8379,21.8023,10.3502,6.03017,4.87273,146.251,-105.336,9.98133,18.0,-227.691,8.8545,3.64788,2.2976,0.0,LLLLILLAVLTSLLFSLLILI,0.210438184688164,0.0583454460231038,L,99999900.0,-26.151899999999998,0.0,7.202000000000027,792.5700000000002,-0.03299632840001513,0.0,0.009086894532975037,-0.023909055351577772
YALLVALLFTLLILL,Mutant,,clash,15.0,LLLYALLVALLFTLLSLLILI,-0.068284597967815,LLLYALLVALLFTLLILLILI_1,1.1001100110011e+17,1.0,-58.8137,-58.8137,-58.8137,-242.455,-240.864,-250.969,-352.263,4708.32,3887.33,3825.79,-18.9447,-4.19462,-69.9387,-56.7798,-42.4801,-37.2645,94.4536,-37.885,9.10663,4.84092,4.75772,-6.05575,-35.5651,88.7149,-39.2404,-357.813,9.0,3.81128,3.642,1.0,LLLYALLVALLFTLLILLILI,0.3254567695011554,0.0221983741438512,R,99999900.0,-27.458599999999997,0.0,8.513999999999982,820.9899999999998,-0.033445717974640375,0.0,0.0103704064604928,-0.02307543331831083
LTLLIALLVALLSFL,WT,LLLLTLLIALLVILLSFLILI,clash,,,,LLLLTLLIALLVALLSFLILI_0,1.1001100110011e+17,1.0,-68.3589,-67.8274,-60.4241,-229.527,-221.629,-242.582,-365.644,4586.82,3874.82,3789.32,-18.9412,-11.6257,-86.6998,-87.8135,-62.6384,-42.7303,98.7565,-35.409,8.04494,6.24167,6.22302,-11.3446,-47.682,80.7227,-35.7606,-377.27,8.0,4.54986,4.2607,0.0,LLLLTLLIALLVALLSFLILI,0.3551095793555595,0.052679417832195,R,99999900.0,-24.0614,-7.934800000000003,13.055000000000007,711.9999999999995,-0.03379410112359552,-0.011144382022471921,0.018335674157303392,-0.02660280898876406
SYLLFTLLIILLTLL,Mutant,,clash,11.0,LLLSYLLFTLLAILLTLLILI,0.016185138772353,LLLSYLLFTLLIILLTLLILI_0,1.1001100110011e+17,1.0,-90.0777,-86.2114,-72.6247,-240.741,-239.325,-262.253,-379.431,4683.17,3855.48,3726.96,-18.9364,396.672,-67.5491,342.778,-44.5531,-58.4924,63.8745,-41.0149,9.44909,3.89691,3.35503,388.182,-61.6436,55.2704,-42.3147,17.2411,8.0426,3.20804,2.5371,0.0,LLLSYLLFTLLIILLTLLILI,0.2963421093847388,0.0357070357167716,R,99999900.0,-22.995999999999995,-17.45299999999999,21.511999999999972,827.69,-0.027783348838333184,-0.02108639708103274,0.02599040703645081,-0.02287861397383078
AFLLVLLLATLLSIL,Mutant,,void,3.0,LLLYFLLVLLLATLLSILILI,-0.0808036096104131,LLLAFLLVLLLATLLSILILI_0,1.1001100110011e+17,1.0,-73.8516,-73.3918,-74.0893,-227.662,-221.66,-239.418,-367.998,4597.6,3769.39,3748.8,-18.9208,-13.6389,-85.405,-86.5848,-54.4904,-73.8773,56.864,-41.8012,8.76705,5.25824,4.6112,-13.5276,-74.125,49.3644,-40.0371,-381.637,8.8024,4.28294,3.52341,0.0,LLLAFLLVLLLATLLSILILI,0.3120937349378113,0.0663607452204126,R,99999900.0,-30.9146,0.2376999999999896,11.756,828.2100000000005,-0.037327006435565836,0.00028700450368866526,0.014194467586723165,-0.022845413602830187
LYVLLALLATLLSIL,Mutant,,void,11.0,LLLLYVLLALLFTLLSILILI,-0.0392628749519914,LLLLYVLLALLATLLSILILI_0,1.1001100110011e+17,1.0,-74.1368,-74.1368,-74.1368,-231.022,-215.555,-243.218,-374.43,4516.83,3706.64,3748.01,-18.9198,-0.399636,-88.1918,-85.1387,-57.0761,-51.129,78.8969,22.2514,9.48758,4.82042,4.50387,-1.26271,-53.8932,62.0075,22.5561,-374.83,9.1861,2.95499,2.3851,0.0,LLLLYVLLALLATLLSILILI,0.3091712189329589,0.0470301215260273,L,99999900.0,-31.115700000000004,0.0,12.195999999999998,810.19,-0.03840543576198176,0.0,0.01505325911206013,-0.023352300077759534
YTLLVALLATLLSAL,Mutant,,void,16.0,LLLYTLLVALLATLLSLLILI,0.0581988905425215,LLLYTLLVALLATLLSALILI_1,1.1001100110011e+17,1.0,-88.3829,-80.7618,-74.0377,-225.915,-222.228,-244.725,-364.263,4634.59,3790.97,3808.72,-18.8302,-2.3793,-68.7957,-63.6523,-45.5001,-47.9675,79.9675,-43.8665,8.1425,4.49074,4.19026,-6.87762,-44.1843,73.3677,-43.7221,-372.824,8.0672,3.03228,2.6328,1.0,LLLYTLLVALLATLLSALILI,0.3417618708695136,0.0188888204192157,R,99999900.0,-23.295599999999993,-14.345200000000006,18.810000000000002,843.6200000000003,-0.027613854579075867,-0.01700433844621986,0.02229676868732367,-0.022320713117280285
YFLLTILLIVLLSLL,Mutant,,clash,11.0,LLLYFLLTILLAVLLSLLILI,0.145227762034325,LLLYFLLTILLIVLLSLLILI_0,1.1001100110011e+17,1.0,-74.1282,-73.7153,-74.1191,-250.055,-238.503,-258.019,-374.459,4774.46,4022.45,3851.81,-18.8167,659.747,-69.0932,597.506,-42.321,-74.0516,63.6359,-40.2337,10.1255,6.19858,5.65312,450.241,-72.8356,51.2424,-44.0229,285.287,8.2733,4.34306,3.6117,0.0,LLLYFLLTILLIVLLSLLILI,0.1243546738978658,0.0779976176549191,R,99999900.0,-26.772199999999998,-0.00910000000000366,7.963999999999999,752.0100000000002,-0.03560085637159079,-1.210090291352995e-05,0.01059028470366085,-0.025021874709112903
LYVLLIILATLLLSL,Mutant,,clash,8.0,LLLLYVLLLILATLLLSLILI,0.1056779198519022,LLLLYVLLIILATLLLSLILI_0,1.1001100110011e+17,1.0,-74.1985,-74.1985,-74.1985,-231.393,-215.917,-247.102,-381.229,4583.32,3702.85,3635.2,-18.8044,94.9497,-94.4419,3.83664,-59.9282,-61.2784,83.1824,21.0923,9.99982,6.92138,6.66911,91.2066,-61.55,67.5867,27.3561,-286.279,9.3793,4.8567,4.3705,0.0,LLLLYVLLIILATLLLSLILI,0.2058334045745206,0.0861810163030775,L,99999900.0,-34.51370000000001,0.0,15.709000000000003,880.4699999999998,-0.039199177711903885,0.0,0.017841607323361396,-0.021357229661430832
AALLALLLGTLLSFL,Mutant,,void,3.0,LLLYALLALLLGTLLSFLILI,0.0148203515845402,LLLAALLALLLGTLLSFLILI_2,1.1001100110011e+17,1.0,-75.2221,-72.0256,-74.0925,-222.357,-220.466,-235.778,-359.2,4496.78,3829.01,3598.2,-18.8034,-10.3648,-80.4247,-77.0734,-49.3291,-69.471,65.8271,-39.859,7.58965,5.8073,5.2947,-17.8364,-66.9322,64.0684,-37.8112,-376.816,7.282,5.18907,4.6501,2.0,LLLAALLALLLGTLLSFLILI,0.2215060505806001,0.045651281987867,G,99999900.0,-31.095600000000005,-1.1295999999999964,13.420999999999992,667.7699999999995,-0.04656633271934952,-0.001691600401335785,0.020098237417074744,-0.028158497686329144
YSLLVALLITLLTLL,Mutant,,clash,11.0,LLLYSLLVALLATLLTLLILI,0.0223449200106194,LLLYSLLVALLITLLTLLILI_1,1.1001100110011e+17,1.0,-81.6453,-68.7841,-72.5506,-241.179,-227.281,-252.358,-377.793,4650.23,3963.04,3839.45,-18.7966,2426.45,-73.7655,2344.72,-52.8846,-45.461,84.4622,-39.5925,9.18369,4.72155,4.48848,1985.92,-46.3688,65.1745,-35.0,2037.47,8.3786,2.25388,1.7315,1.0,LLLYSLLVALLITLLTLLILI,0.3826758082420479,0.0657483302303694,R,99999900.0,-20.880900000000004,-9.094700000000003,11.179000000000002,687.1899999999996,-0.030385919469142472,-0.01323462215689985,0.016267698889681177,-0.02735284273636114
YALLVLLLGTLLAAL,Mutant,,void,16.0,LLLYALLVLLLGTLLAFLILI,-0.0660570566449107,LLLYALLVLLLGTLLAALILI_1,1.1001100110011e+17,1.0,-58.7698,-58.7698,-58.7698,-232.043,-225.911,-241.799,-350.792,4618.76,3967.0,3740.87,-18.7664,1996.9,-78.7457,1930.79,-50.2233,-62.7327,63.9866,-44.7511,7.70476,4.5481,4.0079,1617.18,-52.9906,59.3407,-40.4383,1636.6,7.2557,2.45959,1.8497,1.0,LLLYALLVLLLGTLLAALILI,0.289398394313249,0.0373109719190975,G,99999900.0,-28.522399999999998,0.0,9.756,651.7600000000002,-0.043762121026144574,0.0,0.01496870013501902,-0.02879342089112556
AVLLITLLFTLLSAL,Mutant,,void,16.0,LLLAVLLITLLFTLLSLLILI,-0.0566097637601396,LLLAVLLITLLFTLLSALILI_2,1.1001100110011e+17,1.0,-87.975,-87.975,-87.9504,-233.022,-229.741,-242.041,-368.574,4518.44,3948.64,3710.76,-18.7273,-17.2899,-66.3041,-68.1474,-38.5823,-44.1632,88.2512,-50.3019,9.08787,5.03839,4.86216,-15.5194,-36.2869,84.2404,-44.7529,-384.003,9.0,3.31549,3.0791,2.0,LLLAVLLITLLFTLLSALILI,0.4434949061446762,0.0308201508609902,R,99999900.0,-27.72180000000001,-0.024599999999992406,9.019000000000005,569.7999999999997,-0.04865180765180769,-4.3173043173029863e-05,0.015828360828360845,-0.03286644436644438
YSLLAALLFVLLTIL,Mutant,,void,7.0,LLLYSLLLALLFVLLTILILI,0.0082752392342251,LLLYSLLAALLFVLLTILILI_2,1.1001100110011e+17,1.0,-62.8183,-60.5975,-58.884,-232.191,-230.547,-255.077,-351.184,4694.17,3902.91,3814.37,-18.7147,-12.4162,-74.8897,-72.4555,-37.2231,-52.8502,88.8583,-44.5519,8.65918,6.42341,6.25628,-14.8532,-48.2344,89.7923,-44.1079,-365.908,8.6399,5.85712,5.704,2.0,LLLYSLLAALLFVLLTILILI,0.3024704030907755,0.0121539027768457,R,99999900.0,-37.6666,-3.9343000000000004,22.885999999999996,791.2600000000002,-0.04760331622981067,-0.00497219624396532,0.02892348911862092,-0.023651770593736566
YFLLAILLAVLLTLL,WT,LLLYFLLAILLIVLLTLLILI,clash,,,,LLLYFLLAILLAVLLTLLILI_0,1.1001100110011e+17,1.0,-58.8246,-58.8246,-58.8246,-233.354,-222.474,-251.806,-352.376,4725.38,3890.83,3850.17,-18.7028,-10.3504,-78.8998,-81.427,-41.7446,-83.2781,61.643,-46.8888,8.46304,7.31352,6.73817,-9.94466,-76.5455,57.3918,-43.7935,-362.726,8.5484,5.72972,5.0906,0.0,LLLYFLLAILLAVLLTLLILI,0.2367962683225627,0.0245235691092631,R,99999900.0,-37.1552,0.0,18.451999999999998,834.5500000000002,-0.04452123899107303,0.0,0.022110119225930137,-0.02241064046492121
LALLVALLFILLSTL,Mutant,,clash,12.0,LLLLALLVALLFALLSTLILI,0.2043519559040515,LLLLALLVALLFILLSTLILI_0,1.1001100110011e+17,1.0,-74.291,-74.2279,-74.1371,-237.913,-230.059,-242.53,-370.062,4576.59,3932.67,3753.16,-18.7015,29.0541,-76.5591,-36.721,-53.3945,-39.7267,87.894,-39.6777,9.25545,4.32469,4.1431,29.6256,-39.3076,75.987,-35.0,-341.008,8.4047,2.65439,2.2942,0.0,LLLLALLVALLFILLSTLILI,0.2412496936228319,0.0099691239229266,R,99999900.0,-23.1646,-0.15389999999999304,4.61699999999999,643.9200000000001,-0.035974344639085595,-0.00023900484532238947,0.007170145359671993,-0.02904320412473599
YILLIVLLALLLSFL,Mutant,,clash,7.0,LLLYILLTVLLALLLSFLILI,0.0714100652853786,LLLYILLIVLLALLLSFLILI_0,1.1001100110011e+17,1.0,-60.4532,-60.7032,-60.4181,-247.458,-235.977,-253.671,-367.041,4702.5,4065.57,3843.63,-18.6986,13.9943,-77.828,-56.3659,-52.9516,-65.4272,73.4448,-49.4318,8.84592,6.22912,5.8308,16.6956,-66.2569,59.5791,-43.0369,-353.046,8.9497,4.48171,3.8754,0.0,LLLYILLIVLLALLLSFLILI,0.1896196436940466,0.0333773610173669,R,99999900.0,-24.876400000000004,-0.03509999999999991,6.212999999999994,636.9299999999998,-0.03905672522883207,-5.510809665112323e-05,0.009754604116621914,-0.029357386211985626
LALLFALLGILLSTL,WT,LLLLALLFALLIILLSTLILI,clash,,,,LLLLALLFALLGILLSTLILI_2,1.1001100110011e+17,1.0,-74.2567,-81.2034,-74.1402,-226.934,-221.29,-237.47,-364.52,4493.39,3774.92,3687.85,-18.6792,4.47894,-82.0089,-57.5481,-52.9094,-60.3935,69.4893,-40.9753,7.3407,4.94007,4.48241,-12.3501,-58.8131,62.5969,-39.1181,-377.45,7.175,3.77255,3.2115,2.0,LLLLALLFALLGILLSTLILI,0.2708023587833444,0.0944223658130876,G,99999900.0,-29.0995,-0.11650000000000205,10.536000000000001,718.4700000000003,-0.04050203905521454,-0.00016215012457027015,0.014664495386028641,-0.0259985803165059
YALLFVLLILLFSLL,WT,LLLYALLFVLLILLASLLILI,void,,,,LLLYALLFVLLILLFSLLILI_0,1.1001100110011e+17,1.0,-60.4445,-60.4445,-60.4445,-239.239,-227.025,-255.699,-352.041,4744.15,3961.59,3832.17,-18.6751,-9.44043,-71.0325,-74.0118,-35.8971,-106.473,49.7166,19.4063,9.81648,9.18266,8.42841,-8.06213,-109.225,30.3317,25.4032,-361.481,9.5,6.97853,5.93351,0.0,LLLYALLFVLLILLFSLLILI,0.1806114719610156,0.0578309080142304,L,99999900.0,-35.1354,0.0,16.460000000000008,782.5599999999995,-0.04489802698834597,0.0,0.021033530975260707,-0.023864112655898606
LTVLLILLFILLSLL,Mutant,,clash,8.0,LLLLTVLLALLFILLSLLILI,0.2681251617719303,LLLLTVLLILLFILLSLLILI_1,1.1001100110011e+17,1.0,-60.541,-60.4098,-60.4247,-248.081,-243.029,-250.455,-384.547,4587.5,3705.51,3625.86,-18.6705,21.9291,-94.5955,-59.1791,-73.6675,-59.4948,81.3886,16.6913,10.184,6.41168,6.13251,30.9177,-56.6653,65.0607,18.0,-344.179,9.401,3.78299,3.2589,1.0,LLLLTVLLILLFILLSLLILI,0.0951549012186546,0.0572923330474942,L,99999900.0,-20.927999999999997,-0.11629999999999541,2.3740000000000236,881.9899999999998,-0.023728160183222036,-0.00013186090545243758,0.002691640494790218,-0.021168607353824878
YSLLLALLFILLTIL,Mutant,,clash,12.0,LLLYSLLLALLFALLTILILI,0.2538727802088117,LLLYSLLLALLFILLTILILI_1,1.1001100110011e+17,1.0,-65.5287,-62.3938,-58.8219,-238.702,-233.444,-255.562,-363.027,4699.66,4010.15,3676.38,-18.6589,921.786,-77.4543,854.598,-48.6425,-54.2069,83.3271,-42.9406,9.13473,5.88018,5.63009,868.271,-54.1112,74.7115,-35.0,567.825,8.1658,4.70273,4.3234,1.0,LLLYSLLLALLFILLTILILI,0.2154349735757505,0.0307519426620545,R,99999900.0,-28.811800000000005,-6.706800000000001,16.860000000000014,689.5099999999998,-0.04178590593319896,-0.00972690751403171,0.02445214717698078,-0.027061101361836676
LAILLLLLAVLTFLL,Mutant,,void,4.0,LLLLYILLLLLAVLTFLLILI,-0.1612953577998357,LLLLAILLLLLAVLTFLLILI_0,1.1001100110011e+17,1.0,-58.8894,-58.8894,-58.8894,-242.778,-217.568,-244.568,-367.356,4601.36,3815.79,3644.99,-18.6512,441.327,-84.3401,350.428,-63.8985,-70.6509,56.3862,18.4789,10.643,4.70977,4.05556,355.488,-63.9013,40.5967,18.0,73.9704,9.2502,1.56575,0.674701,0.0,LLLLAILLLLLAVLTFLLILI,0.3154674387646338,0.0124157377961985,L,99999900.0,-20.441600000000008,0.0,1.7900000000000205,785.5699999999997,-0.02602136028616166,0.0,0.0022786002520463118,-0.0237422508497015
FALLTTLLAYLLSLL,WT,LLLFILLTTLLAYLLSLLILI,clash,,,,LLLFALLTTLLAYLLSLLILI_0,1.1001100110011e+17,1.0,-91.6722,-91.6822,-87.9206,-232.367,-223.352,-246.469,-369.386,4650.1,3777.77,3781.58,-18.6474,-7.18394,-63.994,-61.535,-34.9957,-71.0466,72.2184,-43.8444,8.21308,6.90647,6.48974,-1.50969,-69.1839,65.3874,-37.2493,-376.57,8.3621,5.70489,5.1857,0.0,LLLFALLTTLLAYLLSLLILI,0.51131969515697,0.0691705617261545,R,99999900.0,-28.9983,-3.7516000000000105,14.102000000000004,872.3300000000004,-0.03324235094516982,-0.004300666032350153,0.016165900519298886,-0.0213765432806392
LLVLLLALITLLSAL,Mutant,,void,16.0,LLLLLVLLLALITLLSFLILI,-0.1820616055054909,LLLLLVLLLALITLLSALILI_0,1.1001100110011e+17,1.0,-74.1949,-68.9617,-74.1949,-231.875,-219.9,-240.899,-388.55,4548.56,3697.04,3690.46,-18.6325,-4.47516,-101.113,-104.163,-73.4564,-15.8204,98.8113,19.8442,9.02867,2.21258,2.19475,-3.97719,-18.4149,85.2371,18.9515,-393.025,8.7466,0.769243,0.547799,0.0,LLLLLVLLLALITLLSALILI,0.3538165866023844,0.0595965136306286,L,99999900.0,-27.656599999999997,0.0,9.024000000000001,851.5200000000004,-0.032479096204434406,0.0,0.010597519729425024,-0.021881459037955645
YWLLTVLLALLFSLL,WT,LLLYWLLTVLLILLFSLLILI,clash,,,,LLLYWLLTVLLALLFSLLILI_1,1.1001100110011e+17,1.0,-74.0871,-71.7703,-74.1887,-239.202,-228.459,-258.802,-369.664,4753.08,3893.18,3856.99,-18.632,-6.48787,-75.0061,-75.922,-36.6733,-110.082,18.4803,27.1649,9.42522,5.50713,4.28434,-12.2568,-107.621,8.37296,28.0,-382.224,9.5,3.7735,2.39909,1.0,LLLYWLLTVLLALLFSLLILI,0.4472059104348207,0.0252490795168304,L,99999900.0,-38.332800000000006,0.10159999999999059,19.600000000000023,859.9000000000001,-0.044578206768228865,0.0001181532736364584,0.022793348063728364,-0.02166763577160135
LTLLIALLFILLYSL,Mutant,,clash,12.0,LLLLTLLIALLFVLLYSLILI,0.166551024911405,LLLLTLLIALLFILLYSLILI_2,1.1001100110011e+17,1.0,-70.1047,-68.3925,-60.3755,-231.667,-229.602,-250.965,-363.113,4689.62,3833.39,3774.95,-18.6163,-12.0965,-79.9579,-77.2147,-51.7721,-55.4831,84.7935,-47.48,8.57485,6.2696,6.0415,-10.1876,-56.5161,78.9319,-42.5847,-373.938,8.925,5.63322,5.3172,2.0,LLLLTLLIALLFILLYSLILI,0.2830592850689306,0.0291626491914633,R,99999900.0,-28.185799999999993,-9.729199999999992,19.298000000000002,856.23,-0.032918491526809375,-0.01136283475234457,0.022538336661878235,-0.02174217207993179
FYLLTALLAALLSLL,Mutant,,void,11.0,LLLFYLLTALLIALLSLLILI,-0.0087850800543159,LLLFYLLTALLAALLSLLILI_2,1.1001100110011e+17,1.0,-80.9697,-80.159,-74.1227,-228.721,-226.58,-240.981,-354.464,4644.94,3945.41,3971.24,-18.582,4.81508,-63.355,-42.9094,-39.36,-22.2082,94.4486,-41.5661,8.12555,2.58179,2.49852,-3.99017,-19.0498,93.1316,-41.4393,-369.522,8.233,1.93023,1.8272,2.0,LLLFYLLTALLAALLSLLILI,0.4046317303655879,0.0243716698507436,R,99999900.0,-23.994999999999997,-6.847000000000008,12.259999999999991,699.5299999999997,-0.03430160250453877,-0.009788000514631268,0.017526053207153367,-0.02656354981201665
VALLLALLFALLSTL,WT,LLLVALLLALLFILLSTLILI,clash,,,,LLLVALLLALLFALLSTLILI_0,1.1001100110011e+17,1.0,-76.6726,-76.6744,-74.1918,-224.326,-215.919,-238.521,-368.282,4530.69,3668.92,3678.26,-18.5641,-7.82115,-85.8474,-83.5102,-55.5691,-28.3226,92.6151,-37.6762,8.18028,3.25144,3.14066,-8.12864,-32.5709,73.9857,-37.3157,-376.103,8.2281,1.37371,0.983496,0.0,LLLVALLLALLFALLSTLILI,0.3703086110391558,0.0222094772137841,R,99999900.0,-30.278299999999994,-2.480800000000002,14.194999999999993,861.7699999999995,-0.03513501282244684,-0.002878726342295512,0.016471912459240866,-0.02154182670550148
YSLLAALLFVLLTLL,Mutant,,void,7.0,LLLYSLLIALLFVLLTLLILI,0.040095618317047,LLLYSLLAALLFVLLTLLILI_2,1.1001100110011e+17,1.0,-62.771,-62.09,-58.8796,-231.157,-231.034,-254.89,-354.323,4732.29,3874.28,3814.44,-18.5548,-17.77,-78.9499,-78.9696,-40.5538,-52.6871,85.9179,-44.6336,8.19064,6.00198,5.79075,-17.1153,-52.9619,83.5681,-45.0,-371.224,8.1807,5.72598,5.4795,2.0,LLLYSLLAALLFVLLTLLILI,0.2434812446179012,0.0238833611511024,R,99999900.0,-38.3961,-3.8913999999999973,23.732999999999976,858.0099999999998,-0.044750177736856224,-0.004535378375543407,0.02766051677719372,-0.02162538898148041
YSLLAILLAVLLTFL,Mutant,,void,7.0,LLLYSLLLILLAVLLTFLILI,-0.0065919410682762,LLLYSLLAILLAVLLTFLILI_2,1.1001100110011e+17,1.0,-65.5974,-59.4033,-58.8872,-241.904,-234.587,-250.173,-345.267,4658.61,4049.94,3820.62,-18.5283,29048.5,-56.2944,28997.2,-36.2069,-47.8431,78.8932,-43.2729,9.84241,4.32705,4.01045,18023.4,-38.6138,67.2216,-35.9594,28689.8,8.7535,1.36698,0.875303,2.0,LLLYSLLAILLAVLLTFLILI,0.2501339952377654,0.0622360284008952,R,99999900.0,-20.087500000000006,-6.710199999999993,8.269000000000005,608.6699999999996,-0.03300228366766888,-0.01102436459822235,0.01358535824009728,-0.03044063285524178
LALLFALLTVLLSIL,WT,LLLLALLFALLTILLSILILI,clash,,,,LLLLALLFALLTVLLSILILI_0,1.1001100110011e+17,1.0,-74.227,-74.3058,-74.3058,-234.211,-227.375,-240.559,-371.626,4551.58,3813.92,3859.34,-18.5194,-10.862,-81.7071,-80.8072,-56.7608,-38.0491,99.0405,-39.6083,8.46849,5.57783,5.56343,-10.892,-40.1021,85.4292,-41.8264,-382.488,8.4975,4.04826,3.8297,0.0,LLLLALLFALLTVLLSILILI,0.4633266516973342,0.0265033714536272,R,99999900.0,-24.946299999999994,0.07880000000000109,6.347999999999985,737.6599999999999,-0.03381815470541984,0.00010682428218962816,0.00860559065151965,-0.025105604207900666
YALLLTLLAVLLSFL,Mutant,,void,4.0,LLLYILLLTLLAVLLSFLILI,-0.0811800599155732,LLLYALLLTLLAVLLSFLILI_1,1.1001100110011e+17,1.0,-74.1983,-74.1983,-74.1983,-237.277,-231.226,-249.893,-360.378,4698.51,4101.44,3955.82,-18.5169,9.65424,-67.4192,-45.2995,-36.2862,-47.2946,80.6996,-47.2248,8.74034,4.48863,4.19912,6.1141,-44.1306,71.9461,-44.111,-350.067,9.0,2.83231,2.4115,1.0,LLLYALLLTLLAVLLSFLILI,0.3230757311892514,0.0219058845881114,R,99999900.0,-31.133000000000003,0.0,12.616000000000014,597.0700000000006,-0.05214296481149609,0.0,0.02112985077126635,-0.031012946555680206
YALLVALLAFLLSLL,Mutant,,void,4.0,LLLYWLLVALLAFLLSLLILI,0.009966185492941,LLLYALLVALLAFLLSLLILI_0,1.1001100110011e+17,1.0,-60.4117,-60.7452,-60.3026,-234.167,-227.12,-246.932,-350.332,4680.5,3944.82,3841.4,-18.5142,-13.8453,-74.2671,-76.312,-43.0972,-73.8882,65.4641,-40.2794,8.53997,6.42089,5.90285,-13.8526,-72.3455,59.1071,-38.7139,-364.177,8.3283,5.33129,4.7179,0.0,LLLYALLVALLAFLLSLLILI,0.3598745824281519,0.0329501758373726,R,99999900.0,-31.1699,-0.10910000000000508,12.764999999999986,735.6799999999998,-0.0423688288386255,-0.00014829817311875422,0.017351294040887328,-0.02516610482818617
YILLTVLLAALLSFL,Mutant,,void,12.0,LLLYILLTVLLALLLSFLILI,0.0189238433175613,LLLYILLTVLLAALLSFLILI_0,1.1001100110011e+17,1.0,-74.3085,-74.458,-74.1839,-243.325,-232.331,-248.544,-359.165,4642.86,4031.83,3874.0,-18.5085,-7.36986,-60.0407,-59.7461,-36.4373,-67.9472,65.2365,-37.2698,8.69906,5.49901,4.97756,-6.97962,-65.7574,54.5146,-35.0,-366.535,8.4926,3.72308,3.0408,0.0,LLLYILLTVLLAALLSFLILI,0.2421058656618643,0.0476445268558712,R,99999900.0,-23.6034,-0.12460000000000093,5.2190000000000225,611.0299999999997,-0.038628872559448815,-0.00020391797456753512,0.008541315483691513,-0.030290656759897238
LVLLAALLATLLSFL,Mutant,,void,7.0,LLLLVLLIALLATLLSFLILI,0.0779757073849894,LLLLVLLAALLATLLSFLILI_0,1.1001100110011e+17,1.0,-74.0464,-73.7253,-74.0464,-231.294,-219.951,-237.971,-365.544,4536.75,3997.03,3800.23,-18.4885,-3.45237,-78.6923,-75.3199,-53.5265,-31.6891,102.503,-43.9108,8.22803,5.09133,5.12888,-3.57611,-40.8345,76.2695,-41.1941,-368.997,8.0,2.92156,2.5656,0.0,LLLLVLLAALLATLLSFLILI,0.2359055547994674,0.0129036244159634,R,99999900.0,-25.165800000000004,0.0,6.6769999999999925,539.7199999999998,-0.04662751056103167,0.0,0.012371229526421099,-0.034255725190839706
VALLLTLLAILLSFL,WT,LLLVILLLTLLAILLSFLILI,clash,,,,LLLVALLLTLLAILLSFLILI_0,1.1001100110011e+17,1.0,-77.8059,-77.0921,-74.2015,-234.078,-226.411,-242.432,-372.719,4569.76,3890.07,3872.46,-18.4802,-9.30588,-79.3158,-78.5217,-56.0859,-53.8335,86.8865,-44.8632,7.74025,6.3047,6.108,-8.47139,-54.4223,72.8251,-42.2813,-382.025,8.0,4.49473,4.08711,0.0,LLLVALLLTLLAILLSFLILI,0.2840168498384605,0.0246590180774935,R,99999900.0,-23.229899999999994,-3.6043999999999983,8.353999999999985,679.69,-0.034177198428695425,-0.005303005782047695,0.012290897320837418,-0.02718915976401006
YILLVALLATLLTLL,WT,LLLYILLVALLATLLILLILI,clash,,,,LLLYILLVALLATLLTLLILI_2,1.1001100110011e+17,1.0,-69.937,-65.5966,-72.5251,-236.447,-237.103,-249.011,-373.716,4642.72,4021.7,3806.06,-18.4761,638.875,-85.8082,567.859,-52.1803,-60.8217,54.5107,-48.5409,7.77115,2.9822,2.29986,581.446,-47.282,59.6907,-41.1998,264.115,8.0989,1.65054,1.0459,2.0,LLLYILLVALLATLLTLLILI,0.3599114874549797,0.089106147845271,R,99999900.0,-33.6279,2.588099999999997,12.563999999999993,621.0200000000004,-0.05414946378538529,0.004167498631284009,0.02023123248848666,-0.02975121574184404
TYLLAALLGVLLGSL,Mutant,,void,8.0,LLLTYLLALLLGVLLGSLILI,0.3334507220246394,LLLTYLLAALLGVLLGSLILI_0,1.1001100110011e+17,1.0,-67.0422,-70.1691,-60.2923,-223.455,-218.769,-241.433,-350.736,4505.04,3707.36,3567.89,-18.4718,28612.4,-78.7108,28550.6,-49.0102,-62.149,52.3359,-46.1704,7.15335,2.88769,2.17273,20629.6,-59.4498,45.2469,-38.8459,28261.7,6.6517,1.5258,0.704503,0.0,LLLTYLLAALLGVLLGSLILI,0.4984632745109676,0.0385206013275011,G,99999900.0,-29.70060000000001,-6.749899999999997,17.97799999999998,797.6799999999998,-0.03723372781065091,-0.008461914552201381,0.022537859793400842,-0.023156905024571264
YLLLAILVTLLASLL,Mutant,,void,14.0,LLLYLLLAILVTLLFSLLILI,-0.0872861252381338,LLLYLLLAILVTLLASLLILI_0,1.1001100110011e+17,1.0,-67.0519,-70.6326,-74.2134,-233.75,-223.367,-248.065,-377.335,4609.26,3678.5,3798.67,-18.4576,-2.45685,-94.9902,-85.7921,-55.0561,-103.704,36.9999,22.0066,9.16451,7.05054,6.10554,-2.81875,-109.256,17.1194,24.9032,-379.792,9.5,5.19952,3.95631,0.0,LLLYLLLAILVTLLASLLILI,0.3022173855021877,0.0402291922079638,L,99999900.0,-39.9341,7.1614999999999895,14.314999999999998,930.7600000000002,-0.04290483046112853,0.0076942498603291805,0.015379904594095143,-0.019830676006704195
YLLLTVLLAFLLSIL,WT,LLLYLLLTVLLIFLLSILILI,clash,,,,LLLYLLLTVLLAFLLSILILI_0,1.1001100110011e+17,1.0,-74.1476,-72.2831,-74.2723,-243.378,-233.085,-253.045,-367.581,4698.96,4117.07,4015.54,-18.4314,-7.26585,-68.4871,-69.4783,-40.2631,-50.8662,67.6663,-49.7722,9.02027,3.26487,2.77986,-8.46711,-57.4417,46.4343,-44.977,-374.847,9.0,1.38489,0.581405,0.0,LLLYLLLTVLLAFLLSILILI,0.2739373552952229,0.0271396904376171,R,99999900.0,-28.223999999999997,0.12470000000000425,9.667000000000002,581.8900000000003,-0.0485040127859217,0.00021430167213735274,0.016613105569781225,-0.03167505885992196
LYLLLFVLTILLLSL,Mutant,,clash,12.0,LLLLYLLLFVLTALLLSLILI,0.1797038742531359,LLLLYLLLFVLTILLLSLILI_0,1.1001100110011e+17,1.0,-74.185,-64.3676,-74.1215,-239.242,-224.435,-252.419,-377.231,4654.41,3776.21,3668.67,-18.4186,91.1406,-82.2223,2.71209,-50.6908,-19.2137,97.0037,26.1598,10.573,2.47756,2.43262,91.2644,-14.7531,87.3716,27.6992,-286.09,9.2159,0.508126,0.318699,0.0,LLLLYLLLFVLTILLLSLILI,0.1194784657808754,0.0785773945737486,L,99999900.0,-31.5315,-0.06350000000000477,13.177000000000021,878.1999999999998,-0.035904691414256444,-7.230699157367887e-05,0.015004554771122778,-0.020973126850375775
LTLLAALLVALLSFL,Mutant,,void,7.0,LLLLTLLIALLVALLSFLILI,0.0531736964547253,LLLLTLLAALLVALLSFLILI_0,1.1001100110011e+17,1.0,-67.1687,-67.8274,-60.4241,-224.048,-218.422,-237.578,-357.337,4578.09,3879.51,3835.63,-18.4071,-10.9774,-84.5282,-82.0653,-59.3353,-48.2132,91.057,-37.0027,7.86186,6.02467,5.89053,-10.6699,-47.682,80.7227,-35.7606,-368.315,8.0,4.54986,4.2607,0.0,LLLLTLLAALLVALLSFLILI,0.301935882900834,0.0206636537135143,R,99999900.0,-25.1929,-6.744599999999998,13.530000000000001,698.5799999999999,-0.03606301354175614,-0.009654728162844626,0.019367860517048873,-0.026349308597440526
LYVLTALLLILFLLL,WT,LLLLYVLTALLLILALLLILI,void,,,,LLLLYVLTALLLILFLLLILI_0,1.1001100110011e+17,1.0,-58.9645,-58.9574,-58.8545,-229.438,-222.73,-249.785,-363.393,4695.22,3699.26,3649.27,-18.3761,-9.44437,-93.3665,-91.1492,-54.753,-63.5573,64.3794,18.6364,9.45048,4.72482,4.19051,-6.93095,-62.8439,56.9541,19.0347,-372.837,9.5,3.61539,2.9697,0.0,LLLLYVLTALLLILFLLLILI,0.2421042236843245,0.0586308256053136,L,99999900.0,-38.6135,-0.10999999999999943,20.34700000000001,995.96,-0.038770131330575525,-0.00011044620265874073,0.02042953532270373,-0.018450640587975423
TSLLLALLFVLLILL,WT,LLLTILLLALLFVLLILLILI,clash,,,,LLLTSLLLALLFVLLILLILI_2,1.1001100110011e+17,1.0,-56.0232,-55.4563,-45.1106,-232.936,-229.192,-255.804,-374.471,4631.45,3740.01,3661.11,-18.3676,235.236,-103.879,145.414,-73.5558,-54.5656,80.5764,-48.241,8.018,5.56265,5.2713,184.904,-59.3177,76.0637,-43.9776,-139.235,8.0334,5.66625,5.3072,2.0,LLLTSLLLALLFVLLILLILI,0.4048134594211925,0.0790840592086637,R,99999900.0,-30.3232,-10.912600000000005,22.867999999999995,891.4399999999996,-0.03401597415417752,-0.012241541775105459,0.02565287624517635,-0.020604415328008625
VSLLILLTALLALLL,Mutant,,void,14.0,LLLVSLLILLTALLFLLLILI,-0.0331918682259346,LLLVSLLILLTALLALLLILI_1,1.1001100110011e+17,1.0,-68.0944,-68.7517,-58.959,-229.023,-219.474,-241.481,-379.554,4575.55,3767.91,3736.84,-18.3303,23.6778,-100.767,-67.6503,-79.1142,-99.1301,30.1931,26.3177,9.47547,5.44558,4.39848,23.3963,-101.776,11.63,23.7329,-356.076,9.4673,3.33645,2.0109,1.0,LLLVSLLILLTALLALLLILI,0.4134915892934754,0.0332680158965237,L,99999900.0,-21.6528,-9.13539999999999,12.457999999999998,807.6400000000003,-0.026809964835817927,-0.01131122777475111,0.01542518944083997,-0.02269612698727155
LVLLIALLAILLSFL,Mutant,,clash,12.0,LLLLVLLIALLATLLSFLILI,0.1148107828949211,LLLLVLLIALLAILLSFLILI_1,1.1001100110011e+17,1.0,-60.4892,-60.4892,-60.3345,-231.771,-231.446,-242.954,-365.949,4573.8,3996.37,3770.65,-18.3265,-9.28237,-92.0157,-83.2964,-62.661,-48.0026,77.9972,-43.5907,8.21681,4.23002,3.89998,0.55635,-40.8345,76.2695,-41.1941,-357.726,8.0,2.92156,2.5656,1.0,LLLLVLLIALLAILLSFLILI,0.1990704792895357,0.0443362446001096,R,99999900.0,-29.354699999999994,-0.15469999999999828,11.183000000000021,577.4300000000003,-0.05083681138839336,-0.00026791126197114494,0.01936684966143085,-0.031738046170098524
YLLLFVLTALLASLL,Mutant,,void,14.0,LLLYLLLFVLTALLLSLLILI,-0.1493164855351912,LLLYLLLFVLTALLASLLILI_2,1.1001100110011e+17,1.0,-74.2041,-74.2586,-74.1712,-233.953,-237.335,-248.834,-362.169,4639.99,3813.04,3725.3,-18.3176,178.341,-72.3297,127.765,-39.1639,-109.015,11.3795,25.2058,9.35853,4.38848,3.05917,60.791,-107.513,0.121037,18.1138,-301.458,9.2691,2.64329,1.14511,2.0,LLLYLLLFVLTALLASLLILI,0.2993482776306065,0.032415357701206,L,99999900.0,-33.165800000000004,-0.03289999999999793,14.881,826.9499999999998,-0.04010617328738136,-3.978475119414467e-05,0.017995042021887665,-0.02215079509039241
VLLLTGLLFILLAYL,Mutant,,clash,12.0,LLLVLLLTGLLFALLAYLILI,0.0461043104361472,LLLVLLLTGLLFILLAYLILI_2,1.1001100110011e+17,1.0,-58.6912,-58.6912,-58.7499,-234.869,-228.231,-245.263,-348.175,4651.51,3949.33,3631.15,-18.2744,1840.43,-72.8889,1779.18,-44.1614,-42.5278,75.6307,-54.9517,8.7108,3.08931,2.72377,1363.76,-38.7525,65.3789,-42.5319,1608.15,7.4041,1.13902,0.619703,2.0,LLLVLLLTGLLFILLAYLILI,0.2109320158305463,0.0212788648392586,G,99999900.0,-28.727500000000006,0.058699999999994645,10.394000000000005,702.1800000000003,-0.040911874448147194,8.359679854167681e-05,0.014802472300549718,-0.026025235694551244
YALLVFLLATLLSLL,Mutant,,void,4.0,LLLYYLLVFLLATLLSLLILI,-0.0366525749007667,LLLYALLVFLLATLLSLLILI_2,1.1001100110011e+17,1.0,-74.1041,-68.6087,-74.1041,-243.537,-237.988,-250.098,-361.392,4678.47,4068.29,3876.69,-18.2674,-12.7151,-62.0178,-67.51,-37.1898,-84.5355,51.1742,-39.8773,8.7142,6.08884,5.35646,-11.5298,-76.4723,48.349,-40.0172,-373.009,8.4267,4.49796,3.72319,2.0,LLLYALLVFLLATLLSLLILI,0.3073092003692981,0.0473178136172756,R,99999900.0,-24.828000000000003,0.0,6.561000000000007,610.1800000000003,-0.0406896325674391,0.0,0.01075256481693927,-0.02993772329476546
AVLLLTLLFTLLSAL,Mutant,,void,16.0,LLLAVLLLTLLFTLLSYLILI,-0.1297469274099264,LLLAVLLLTLLFTLLSALILI_2,1.1001100110011e+17,1.0,-87.9132,-83.3873,-87.8887,-230.87,-221.83,-242.075,-377.161,4511.77,3888.61,3653.33,-18.2674,1114.3,-76.6445,1042.36,-47.1971,-37.6314,78.6263,-43.2013,8.79235,2.75926,2.43865,1059.7,-35.8057,68.0349,-37.1662,737.142,8.9444,1.05557,0.576094,2.0,LLLAVLLLTLLFTLLSALILI,0.3345221612862319,0.0425993580100281,R,99999900.0,-29.447399999999995,-0.024500000000003297,11.204999999999984,623.1600000000003,-0.04725495859811281,-3.9315745554918934e-05,0.017980935875216604,-0.029314140830605285
YYLLVLLLATLLSFL,WT,LLLYYLLILLLATLLSFLILI,clash,,,,LLLYYLLVLLLATLLSFLILI_1,1.1001100110011e+17,1.0,-74.1087,-74.1087,-74.1087,-239.206,-241.287,-255.778,-358.883,4772.21,3945.92,3888.04,-18.2577,-17.5158,-63.8254,-61.0024,-28.9955,-73.7975,55.1513,-43.8332,8.49183,5.01505,4.34232,-16.6316,-77.3567,49.5493,-44.6559,-375.833,8.4065,4.79266,4.0359,1.0,LLLYYLLVLLLATLLSFLILI,0.207810297207849,0.0601411816932812,R,99999900.0,-34.8299,0.0,16.572000000000003,826.29,-0.042152149971559624,0.0,0.02005591257306757,-0.0220959953527212
YILLSVLLALLLTAL,Mutant,,void,16.0,LLLYILLSVLLALLLTFLILI,-0.0068346259663414,LLLYILLSVLLALLLTALILI_0,1.1001100110011e+17,1.0,-74.3328,-70.7861,-74.179,-235.816,-229.148,-247.887,-377.114,4627.11,3849.64,3825.41,-18.2472,-10.2881,-85.2123,-87.4679,-55.0486,-75.8949,61.0592,-36.3435,8.91507,6.12723,5.54312,-10.2404,-73.6754,55.7586,-37.7359,-387.402,8.8202,5.07872,4.4151,0.0,LLLYILLSVLLALLLTALILI,0.1941280993380487,0.0266860460472297,R,99999900.0,-30.1637,-0.15380000000000393,12.070999999999998,777.4699999999998,-0.03879725262711102,-0.00019782113779310322,0.015526001003254146,-0.023469973117933817
YVLLAILLTALLSFL,Mutant,,void,12.0,LLLYVLLAILLTLLLSFLILI,0.0486462762512623,LLLYVLLAILLTALLSFLILI_2,1.1001100110011e+17,1.0,-71.0161,-71.1458,-74.238,-240.005,-238.078,-249.425,-359.325,4637.2,3996.83,3906.01,-18.2354,-17.427,-66.539,-67.5288,-35.6621,-79.7107,49.4669,-35.7817,8.74329,5.13464,4.37664,-15.0091,-76.3191,47.1656,-35.0895,-374.591,8.6159,4.31522,3.5227,2.0,LLLYVLLAILLTALLSFLILI,0.2225692081795648,0.0712335329346686,R,99999900.0,-30.8769,3.221900000000005,9.420000000000016,640.3699999999999,-0.04821728063463311,0.005031310023892446,0.014710245639239842,-0.0284763496103815
YALLTLLVALLLSLL,Mutant,,void,4.0,LLLYWLLTLLVALLLSLLILI,-0.0357266065957042,LLLYALLTLLVALLLSLLILI_0,1.1001100110011e+17,1.0,-70.543,-70.6393,-74.1962,-234.654,-224.055,-249.152,-380.719,4672.51,3842.49,3819.79,-18.2227,29.0996,-93.7451,-56.9251,-57.3716,-101.746,26.3514,20.2285,9.21783,5.31931,4.21458,29.0378,-100.223,12.091,21.0733,-351.62,9.5,3.16573,1.84709,0.0,LLLYALLTLLVALLLSLLILI,0.4739208061767061,0.0632245378115654,L,99999900.0,-36.37349999999999,3.6531999999999982,14.49799999999999,830.0200000000004,-0.04382243801354181,0.004401339726753568,0.017467048986771382,-0.021954531216115264
LYLLLAVLTALLASL,Mutant,,void,15.0,LLLLYLLLAVLTALLFSLILI,-0.0420592799361315,LLLLYLLLAVLTALLASLILI_0,1.1001100110011e+17,1.0,-74.2439,-74.2439,-74.2439,-225.649,-210.168,-238.361,-364.798,4517.42,3652.9,3653.13,-18.2225,1.1375,-83.1271,-79.2482,-52.1935,-19.626,99.5982,19.8135,9.06343,2.88966,2.88363,1.94315,-16.1108,85.7945,18.2467,-363.66,9.3989,0.498883,0.285801,0.0,LLLLYLLLAVLTALLASLILI,0.3486213193330883,0.0574341416291832,L,99999900.0,-30.9336,0.0,12.711999999999989,864.52,-0.03578124277055476,0.0,0.014704113265164472,-0.02107817054550502
VWLLTALLIALLSLL,WT,LLLVWLLTALLIILLSLLILI,clash,,,,LLLVWLLTALLIALLSLLILI_1,1.1001100110011e+17,1.0,-74.275,-70.6787,-74.1631,-233.468,-233.046,-244.631,-386.285,4597.21,3604.01,3579.69,-18.2137,22.9335,-96.7557,-59.627,-67.4907,-23.6978,84.7367,-43.4684,8.76289,1.49413,1.26518,15.7594,-18.646,87.7907,-39.994,-364.54,8.5175,1.14864,0.9655,1.0,LLLVWLLTALLIALLSLLILI,0.4274438346308322,0.013250410264084,R,99999900.0,-29.265,-0.11190000000000566,11.163000000000011,993.1999999999998,-0.02946536447845349,-0.0001126661296818422,0.011239428111155874,-0.018338401127668148
LYILLLVLITLLFSL,Mutant,,clash,11.0,LLLLYILLLVLATLLFSLILI,-0.1805853696268509,LLLLYILLLVLITLLFSLILI_1,1.1001100110011e+17,1.0,-74.2374,-64.4083,-74.2374,-237.529,-223.699,-251.601,-372.0,4670.6,3667.61,3514.47,-18.178,58350.2,-78.4117,58266.3,-46.1612,-54.4862,78.0707,22.1688,10.5012,5.21248,4.88354,52619.6,-62.5739,62.4261,19.1703,57965.0,9.1885,4.31361,3.75,1.0,LLLLYILLLVLITLLFSLILI,0.3911378500510669,0.064300702145966,L,99999900.0,-32.250499999999995,0.0,14.072000000000003,1002.9900000000002,-0.03215435846818013,0.0,0.014030050150051345,-0.018123809808672068
YSLLVALLAILLFLL,Mutant,,clash,12.0,LLLYSLLVALLATLLFLLILI,0.0571748405378067,LLLYSLLVALLAILLFLLILI_2,1.1001100110011e+17,1.0,-56.4339,-52.4165,-45.0385,-229.283,-228.572,-252.675,-348.874,4752.26,3891.34,3782.22,-18.158,-11.8351,-81.316,-79.7205,-51.1605,-56.5091,75.8973,-47.9011,8.24716,5.2225,4.86096,-9.118,-54.4223,72.8251,-42.2813,-347.815,8.0,4.49473,4.08711,2.0,LLLYSLLVALLAILLFLLILI,0.21091625416706,0.0530196820774401,R,99999900.0,-30.155500000000004,-11.395400000000002,23.392000000000024,860.9200000000001,-0.03502706407099382,-0.013236305347767506,0.027170933420062285,-0.021091390605398875
YVLLATLLALLLSAL,Mutant,,void,16.0,LLLYVLLATLLALLLSFLILI,-0.0209440570691186,LLLYVLLATLLALLLSALILI_0,1.1001100110011e+17,1.0,-74.2106,-74.1934,-74.1811,-237.367,-225.498,-244.516,-368.08,4603.09,3972.81,3821.62,-18.1572,-7.86317,-74.6598,-76.2519,-49.3825,-71.0523,73.8908,-45.2408,8.10293,7.1331,6.74146,-5.61232,-64.0417,66.015,-43.5351,-375.943,8.0775,5.01828,4.5085,0.0,LLLYVLLATLLALLLSALILI,0.2819509823002451,0.0287811488521084,R,99999900.0,-25.277300000000004,-0.02949999999999875,7.149000000000001,630.2800000000002,-0.04010487402424319,-4.680459478326893e-05,0.011342577901884874,-0.02880814875928158
AALLTILLAYLLSLL,Mutant,,void,3.0,LLLFALLTILLAYLLSLLILI,-0.0130068560677905,LLLAALLTILLAYLLSLLILI_0,1.1001100110011e+17,1.0,-76.5386,-76.962,-74.2921,-228.595,-225.627,-241.863,-370.893,4573.66,3776.19,3784.78,-18.1506,-15.1043,-83.9103,-83.4086,-54.7379,-67.2037,71.4014,-37.9605,8.76019,6.21974,5.79076,-14.0397,-68.8108,64.9165,-37.632,-385.998,9.0,5.58535,5.0591,0.0,LLLAALLTILLAYLLSLLILI,0.4269279507553019,0.0610695766017769,R,99999900.0,-29.172400000000003,-2.2464999999999975,13.268,797.4699999999998,-0.03658118800707238,-0.0028170338696126476,0.016637616462061272,-0.02276022922492383
TYLLAALLVSLLFIL,Mutant,,void,7.0,LLLTYLLLALLVSLLFILILI,0.2496979002128111,LLLTYLLAALLVSLLFILILI_0,1.1001100110011e+17,1.0,-66.6668,-60.4142,-60.3847,-234.064,-233.826,-253.456,-356.753,4646.47,3854.99,3772.45,-18.1505,-12.7508,-74.172,-75.2631,-42.9115,-29.774,84.8129,-42.1935,8.71743,2.41584,2.18803,-12.3214,-26.7295,90.6651,-42.4324,-369.503,8.456,2.74922,2.6092,0.0,LLLTYLLAALLVSLLFILILI,0.2402613735903024,0.0293386721168466,R,99999900.0,-31.2605,-6.282099999999993,19.391999999999996,791.4800000000005,-0.039496260170819204,-0.00793715570829331,0.024500934957295176,-0.02293235457623691
TYLLVALLIALLSLL,WT,LLLTYLLVILLIALLSLLILI,clash,,,,LLLTYLLVALLIALLSLLILI_1,1.1001100110011e+17,1.0,-66.9506,-60.4016,-60.4016,-232.188,-231.685,-250.242,-371.462,4622.86,3827.12,3771.24,-18.1437,-17.0511,-90.467,-96.426,-60.8179,-20.4846,91.9557,-44.502,8.6634,1.98671,1.86605,-14.2729,-20.3478,93.4489,-39.1406,-387.967,8.6526,2.16777,2.0695,1.0,LLLTYLLVALLIALLSLLILI,0.3668868464440138,0.0294796322952534,R,99999900.0,-29.649099999999997,-6.548999999999992,18.054000000000002,795.7399999999998,-0.03725978334631916,-0.008230075150174673,0.02268831527885994,-0.022801040540880193
IILLLALLTVLLSFL,Mutant,,clash,3.0,LLLYILLLALLTVLLSFLILI,-0.2258578940516425,LLLIILLLALLTVLLSFLILI_0,1.1001100110011e+17,1.0,-74.2719,-74.2719,-74.2719,-235.536,-218.924,-244.63,-377.852,4594.47,3949.26,3861.63,-18.1367,-1.57717,-86.1806,-86.2334,-58.9506,-33.8765,107.332,-43.6964,8.76423,6.07129,6.18127,-1.57755,-39.2116,82.5884,-44.5047,-379.429,8.7478,3.53117,3.27,0.0,LLLIILLLALLTVLLSFLILI,0.4238911641270882,0.0280154695743585,R,99999900.0,-27.229999999999997,0.0,9.093999999999994,645.21,-0.042203313649819434,0.0,0.014094635854992939,-0.028109762712915175
YSLLFALLGALLILL,Mutant,,clash,15.0,LLLYSLLFALLGALLTLLILI,0.1417033458189321,LLLYSLLFALLGALLILLILI_1,1.1001100110011e+17,1.0,-56.2133,-48.7815,-44.9875,-229.9,-226.809,-246.85,-340.36,4651.82,3936.21,3676.01,-18.1246,184.052,-72.371,119.282,-48.5225,-54.0795,86.1946,-43.6845,8.00745,6.2482,6.04112,143.425,-60.6829,69.0631,-38.9844,-136.871,7.1168,4.92595,4.4619,1.0,LLLYSLLFALLGALLILLILI,0.2268139870700973,0.0311905338355975,G,99999900.0,-23.848499999999994,-11.2258,16.94999999999999,715.6099999999997,-0.033326113385782764,-0.01568703623482065,0.02368608599656237,-0.025327482846802044
LTILLFLLIVLYLLL,Mutant,,clash,11.0,LLLLTILLFLLAVLYLLLILI,-0.1707150307808151,LLLLTILLFLLIVLYLLLILI_0,1.1001100110011e+17,1.0,-45.0625,-45.0625,-45.0625,-243.367,-229.053,-255.26,-364.583,4725.05,3755.67,3653.75,-18.0828,804.63,-94.2365,714.163,-64.2604,-52.804,71.9031,21.423,10.1262,4.12752,3.70607,719.106,-59.6597,51.275,27.3954,440.047,9.319,2.37108,1.6402,0.0,LLLLTILLFLLIVLYLLLILI,0.247885723345631,0.1373414513776694,L,99999900.0,-29.976100000000002,0.0,11.893,969.3800000000001,-0.030922961067899067,0.0,0.012268666570385193,-0.01865398502135385
TYLLIALLLALLFVL,WT,LLLTYLLIALLLILLFVLILI,clash,,,,LLLTYLLIALLLALLFVLILI_0,1.1001100110011e+17,1.0,-51.7198,-45.0398,-45.0398,-235.885,-234.05,-251.887,-352.157,4646.2,3774.85,3728.26,-18.0796,13.9268,-82.6314,-59.1407,-55.2298,-19.7449,88.5358,-45.8929,7.99518,1.41407,1.24211,13.4993,-15.7577,89.9497,-39.1893,-338.23,8.0,1.00686,0.856105,0.0,LLLTYLLIALLLALLFVLILI,0.4142404739853151,0.0038074957820237,R,99999900.0,-27.401600000000002,-6.68,16.00200000000001,871.3499999999999,-0.031447294428186154,-0.0076662649911057555,0.018364606644861434,-0.020748952774430483
LALLFALLTVLLSAL,Mutant,,void,16.0,LLLLALLFALLTVLLSILILI,0.047679162814024,LLLLALLFALLTVLLSALILI_0,1.1001100110011e+17,1.0,-74.3058,-74.3058,-74.3058,-230.848,-223.354,-237.204,-321.224,4532.63,3833.89,3878.89,-18.0642,-8.12326,-34.1346,-31.6866,-9.71389,-33.6892,107.542,-40.5745,8.4428,6.07157,6.1847,-7.23697,-40.1021,85.4292,-41.8264,-329.347,8.4975,4.04826,3.8297,0.0,LLLLALLFALLTVLLSALILI,0.41564748888331,0.0467064191788774,R,99999900.0,-24.42071,0.0,6.3559999999999945,698.7400000000002,-0.03494963791968399,0.0,0.009096373472250039,-0.02585253456221197
ALLLVTLLFILLSLL,WT,LLLALLLVILLFILLSLLILI,clash,,,,LLLALLLVTLLFILLSLLILI_1,1.1001100110011e+17,1.0,-74.3678,-74.3678,-74.1896,-234.427,-231.82,-246.45,-382.457,4594.75,3869.83,3800.3,-18.0529,-12.4959,-91.7153,-88.7651,-61.8173,-40.0132,75.1382,-47.0267,9.13894,2.64563,2.27271,-8.27408,-33.5268,69.6745,-45.0,-389.619,9.0,0.935083,0.480201,1.0,LLLALLLVTLLFILLSLLILI,0.3141260723567928,0.0394768866738765,R,99999900.0,-29.897999999999996,-0.1782000000000039,12.022999999999996,724.9200000000001,-0.041243171660321126,-0.00024582022843900556,0.016585278375544882,-0.024903299674446835
YTLLVALLALLLSLL,Mutant,,void,11.0,LLLYTLLVALLFLLLSLLILI,-0.136879814509533,LLLYTLLVALLALLLSLLILI_2,1.1001100110011e+17,1.0,-68.5704,-66.9765,-60.3561,-233.049,-231.014,-248.881,-372.127,4690.08,3937.6,3858.86,-18.0434,-10.3225,-88.5512,-84.4596,-62.89,-55.136,84.7945,-42.6901,8.49261,6.21766,5.98958,-11.5141,-51.2979,78.2928,-38.8144,-383.522,8.175,4.76421,4.4386,2.0,LLLYTLLVALLALLLSLLILI,0.4120613040378957,0.038638211045225,R,99999900.0,-25.661199999999994,-8.214300000000009,15.831999999999994,752.48,-0.03410216882840739,-0.010916303423346811,0.021039761854135648,-0.023978577503721028
YVLLILLLGFLLSTL,Mutant,,clash,7.0,LLLYVLLGLLLGFLLSTLILI,0.7918579782334934,LLLYVLLILLLGFLLSTLILI_0,1.1001100110011e+17,1.0,-74.0812,-74.0812,-74.0812,-249.465,-239.944,-252.316,-366.2,4678.83,4200.62,3686.21,-18.0251,49106.5,-60.679,49054.4,-39.8029,-85.6921,46.639,-34.7307,10.0531,5.65009,4.84967,47270.2,-92.7718,28.0376,-44.4465,48740.3,7.5,4.20084,3.1214,0.0,LLLYVLLILLLGFLLSTLILI,0.2341958184254052,0.1109022311835771,G,99999900.0,-20.8761,0.0,2.850999999999999,478.21000000000004,-0.0436546705422304,0.0,0.005961815938604376,-0.037692854603626015
FYLLVILLALLLITL,Mutant,,clash,15.0,LLLFYLLVILLALLLSTLILI,0.0618709020124096,LLLFYLLVILLALLLITLILI_0,1.1001100110011e+17,1.0,-58.8584,-58.8584,-58.8584,-241.881,-236.368,-249.742,-357.674,4710.87,3959.49,3821.2,-18.0103,47.2509,-74.9451,-15.1965,-49.074,-62.4917,63.8855,-48.6058,8.84076,4.4983,3.95658,36.974,-63.1365,52.5615,-43.97,-310.423,8.1663,3.06628,2.3547,0.0,LLLFYLLVILLALLLITLILI,0.232706631550554,0.1021750890182669,R,99999900.0,-25.8711,0.0,7.86099999999999,751.3800000000001,-0.03443144613910404,0.0,0.01046208310042853,-0.02396962921557667
ALLLATLLAVLLSFL,Mutant,,void,3.0,LLLYLLLATLLAVLLSFLILI,-0.1265039774882326,LLLALLLATLLAVLLSFLILI_0,1.1001100110011e+17,1.0,-74.1676,-74.1676,-74.1676,-228.331,-221.34,-239.025,-363.081,4531.52,3878.33,3808.37,-17.9976,-7.23368,-78.5806,-74.8076,-49.8894,-49.9147,85.0116,-39.6691,9.00637,5.46377,5.23895,-7.47646,-52.3504,68.431,-40.7822,-370.315,9.0,3.59074,3.1172,0.0,LLLALLLATLLAVLLSFLILI,0.3796962456748164,0.038557394786076,R,99999900.0,-28.691200000000002,0.0,10.694000000000017,653.1900000000005,-0.043924738590609136,0.0,0.016371959154304273,-0.02755339181555135
LVLLIALLATLLSFL,WT,LLLLVLLIALLAILLSFLILI,clash,,,,LLLLVLLIALLATLLSFLILI_1,1.1001100110011e+17,1.0,-74.0464,-72.459,-74.0464,-233.374,-226.068,-242.1,-373.021,4547.06,3883.42,3777.5,-17.9892,-6.46571,-83.5896,-80.9594,-56.8745,-43.4632,86.9386,-44.8364,8.32318,4.75619,4.56027,-6.10714,-40.8345,76.2695,-41.1941,-379.267,8.0,2.92156,2.5656,1.0,LLLLVLLIALLATLLSFLILI,0.3138812621844573,0.0767455404075086,R,99999900.0,-26.715100000000007,0.0,8.725999999999999,663.6400000000003,-0.040255409559399664,0.0,0.013148695075643414,-0.027106865167862083
AALLVTLLAYLLSLL,Mutant,,void,4.0,LLLAFLLVTLLAYLLSLLILI,-0.1452142304745845,LLLAALLVTLLAYLLSLLILI_1,1.1001100110011e+17,1.0,-77.1954,-77.245,-74.0983,-230.358,-230.264,-241.486,-371.039,4548.25,3895.74,3889.45,-17.979,-11.8739,-81.4653,-75.4042,-55.455,-71.3826,46.0816,-48.4486,8.39505,3.4284,2.61963,-9.6093,-62.68,49.0027,-44.4948,-379.696,8.7847,2.51736,1.7524,1.0,LLLAALLVTLLAYLLSLLILI,0.5437258679534414,0.0647808665420954,R,99999900.0,-26.0103,-3.0971000000000117,11.127999999999986,652.5100000000002,-0.039861917825014165,-0.004746440667575992,0.01705414476406489,-0.027553600711100204
LILLSVLLAYLLTFL,WT,LLLLILLSVLLIYLLTFLILI,clash,,,,LLLLILLSVLLAYLLTFLILI_0,1.1001100110011e+17,1.0,-72.5002,-74.1918,-74.1831,-233.197,-223.959,-248.319,-366.001,4662.16,3794.39,3775.75,-17.9747,-9.71981,-78.2793,-77.5706,-43.4996,-70.6798,60.0243,-45.2262,8.80068,5.20524,4.60561,-8.02729,-71.7611,50.3856,-43.3797,-375.721,9.0,4.06622,3.322,0.0,LLLLILLSVLLAYLLTFLILI,0.4203110125066577,0.0202829971496781,R,99999900.0,-34.779700000000005,1.6828999999999894,15.121999999999986,867.77,-0.04007939891906842,0.0019393387648800828,0.017426276547933193,-0.02071366836834645
LALLLYLLAVLTFLL,Mutant,,void,4.0,LLLLILLLYLLAVLTFLLILI,-0.2575238268568058,LLLLALLLYLLAVLTFLLILI_1,1.1001100110011e+17,1.0,-58.9634,-58.9634,-58.9634,-241.829,-237.273,-247.065,-357.283,4648.28,3815.64,3697.56,-17.9675,13.2912,-74.4585,-47.7557,-51.2547,-53.986,76.7684,22.5217,10.2457,4.96163,4.61316,20.4271,-56.3533,55.5834,26.7658,-330.184,9.4989,2.45675,1.7905,1.0,LLLLALLLYLLAVLTFLLILI,0.8837172455088181,0.1238196364397276,L,99999900.0,-23.2038,0.0,5.23599999999999,832.6399999999999,-0.027867745964642587,0.0,0.006288431975403525,-0.021578953689469643
FYLLVILLTALLSLL,Mutant,,clash,8.0,LLLFYLLVALLTALLSLLILI,0.1443463755354211,LLLFYLLVILLTALLSLLILI_0,1.1001100110011e+17,1.0,-84.3141,-66.8497,-74.2254,-239.812,-235.257,-248.619,-366.838,4708.43,4060.13,3895.73,-17.9463,19.2343,-60.6578,-45.4965,-43.9938,-28.1586,96.1211,-48.6391,9.42547,3.70014,3.64196,18.9279,-22.0295,90.9785,-43.2966,-347.604,8.7631,2.08652,1.9512,0.0,LLLFYLLVILLTALLSLLILI,0.2635292273014483,0.0280192197372471,R,99999900.0,-16.664,-10.088700000000003,8.806999999999988,648.3000000000002,-0.025704149313589383,-0.015561776955113373,0.013584760141909588,-0.027682091624248027
FALLTALLITLLVLL,Mutant,,void,4.0,LLLFYLLTALLITLLVLLILI,-0.0919467755438109,LLLFALLTALLITLLVLLILI_0,1.1001100110011e+17,1.0,-72.1515,-72.361,-72.6019,-233.957,-226.178,-244.267,-367.647,4627.59,4037.04,4012.03,-17.937,-6.9904,-79.4751,-76.0983,-50.7782,-18.7678,120.221,-42.8063,8.56627,5.54505,5.84837,-6.74046,-25.8235,96.0591,-44.6308,-374.637,8.886,3.34151,3.2824,0.0,LLLFALLTALLITLLVLLILI,0.4067534734180644,0.0445601777347564,R,99999900.0,-28.6969,0.4504000000000019,10.310000000000002,590.5500000000002,-0.048593514520362355,0.0007626788586910537,0.01745830158326983,-0.030373380746761484
YVLLFTLLGALLILL,Mutant,,clash,15.0,LLLYVLLFTLLGALLGLLILI,0.0312217236035225,LLLYVLLFTLLGALLILLILI_2,1.1001100110011e+17,1.0,-58.7108,-65.1896,-58.7108,-242.571,-228.43,-250.154,-351.933,4674.24,3975.75,3790.49,-17.9083,13100.9,-68.5596,13042.6,-43.0689,-46.2538,85.54,-45.6451,8.6767,4.98598,4.76908,13098.3,-42.798,67.046,-44.058,12749.0,7.0511,1.97091,1.4766,2.0,LLLYVLLFTLLGALLILLILI,0.1998387874524549,0.0620563362544175,G,99999900.0,-25.490700000000004,0.0,7.582999999999998,698.4899999999998,-0.036494008504058775,0.0,0.010856275680396285,-0.02563859181949635
YVLLFTLLATLLSAL,Mutant,,void,16.0,LLLYVLLFTLLATLLSLLILI,0.000296646520064,LLLYVLLFTLLATLLSALILI_0,1.1001100110011e+17,1.0,-87.8885,-87.9275,-87.8885,-236.601,-230.514,-248.447,-362.801,4614.41,4000.18,3856.43,-17.8933,-9.2172,-56.2052,-53.5772,-26.4661,-32.529,91.0089,-46.6936,8.08043,3.66555,3.53068,-8.43142,-37.5163,77.3551,-44.2381,-372.018,8.0869,2.57038,2.23071,0.0,LLLYVLLFTLLATLLSALILI,0.1929420168592191,0.0197635229626728,R,99999900.0,-29.739099999999997,0.0,11.846000000000004,614.23,-0.048416879670481736,0.0,0.019285935235986526,-0.029131270045422722
TSLLLGLLAALLAYL,Mutant,,void,11.0,LLLTSLLLGLLFALLAYLILI,-0.0366737924060697,LLLTSLLLGLLAALLAYLILI_1,1.1001100110011e+17,1.0,-59.6455,-60.3705,-44.9453,-225.814,-222.637,-247.351,-353.06,4543.19,3743.07,3669.59,-17.8599,11670.3,-85.4611,11600.2,-60.7644,-39.64,75.274,-42.582,7.47114,2.60798,2.23709,9816.88,-40.0595,64.5531,-38.0126,11299.1,7.2779,1.2236,0.691897,1.0,LLLTSLLLGLLAALLAYLILI,0.2804076290285307,0.0868942468267258,G,99999900.0,-24.6967,-14.700199999999995,21.537000000000006,800.1199999999994,-0.030866245063240535,-0.018372494125881125,0.026917212418137305,-0.022321526770984368
VYLLIALLTILLSLL,Mutant,,clash,12.0,LLLVYLLIALLTALLSLLILI,0.1608241820432497,LLLVYLLIALLTILLSLLILI_0,1.1001100110011e+17,1.0,-80.5483,-81.1451,-74.2117,-238.893,-233.272,-247.04,-384.022,4621.84,3950.59,3842.19,-17.8521,53.6283,-82.4331,-15.9763,-62.7707,-26.6882,94.4089,-43.1436,9.97667,3.24843,3.16456,51.4399,-22.0295,90.9785,-43.2966,-330.394,8.7631,2.08652,1.9512,0.0,LLLVYLLIALLTILLSLLILI,0.2827880300265535,0.0491103602180501,R,99999900.0,-19.662399999999998,-6.336600000000004,8.146999999999991,671.25,-0.029292216014897576,-0.009440000000000006,0.012137057728119167,-0.026595307262569833
FYLLLTLLVALLSIL,WT,LLLFYLLLTLLVILLSILILI,clash,,,,LLLFYLLLTLLVALLSILILI_1,1.1001100110011e+17,1.0,-81.9615,-78.7968,-74.2853,-233.895,-236.086,-248.938,-366.941,4670.66,3889.14,3932.23,-17.8496,-16.2516,-68.934,-68.3101,-43.7176,-22.9653,79.3559,-47.3813,8.09455,0.657834,0.348172,-14.5471,-25.1949,78.0418,-44.1889,-382.63,8.1983,0.814873,0.485499,1.0,LLLFYLLLTLLVALLSILILI,0.505050251802844,0.0617724359586521,R,99999900.0,-25.2164,-7.676199999999994,15.042999999999978,781.52,-0.03226584092537619,-0.009822141467908684,0.019248387757191086,-0.022839594636093766
IFLLVTLLAYLLSLL,Mutant,,clash,3.0,LLLAFLLVTLLAYLLSLLILI,-0.1072488558703266,LLLIFLLVTLLAYLLSLLILI_2,1.1001100110011e+17,1.0,-77.1717,-77.3315,-74.0983,-231.247,-224.989,-248.317,-367.832,4705.23,3845.27,3856.15,-17.8387,-3.62478,-77.2522,-69.1364,-45.4165,-72.5131,47.0857,-49.1579,8.43795,3.73354,2.93983,-5.33489,-62.68,49.0027,-44.4948,-374.661,8.7847,2.51736,1.7524,2.0,LLLIFLLVTLLAYLLSLLILI,0.5057604933491832,0.0850950317121815,R,99999900.0,-31.835700000000003,-3.0734000000000066,17.069999999999993,859.9599999999996,-0.03701997767338018,-0.0035738871575422206,0.019849760453974605,-0.020743639239034384
SYLLTVLLGTLLAAL,Mutant,,void,16.0,LLLSYLLTVLLGTLLAFLILI,-0.0567381080289833,LLLSYLLTVLLGTLLAALILI_2,1.1001100110011e+17,1.0,-84.2796,-84.9323,-72.5251,-229.177,-226.83,-249.018,-365.534,4503.66,3799.79,3672.8,-17.8163,307.747,-69.8943,253.975,-43.9916,-49.1656,69.4812,-47.9949,8.13715,3.2548,2.79702,279.461,-49.156,60.31,-42.3523,-57.7871,7.5,2.01525,1.4199,2.0,LLLSYLLTVLLGTLLAALILI,0.3879238250282124,0.03948068568303,G,99999900.0,-25.902700000000003,-11.754500000000007,19.841000000000008,703.8699999999999,-0.03680040348359783,-0.01669981672752072,0.0281884438887863,-0.025311918394021624
YSLLVALLFALLILL,Mutant,,clash,15.0,LLLYSLLVALLFALLTLLILI,0.0833027122128621,LLLYSLLVALLFALLILLILI_2,1.1001100110011e+17,1.0,-51.9634,-54.587,-45.0333,-236.804,-229.916,-250.947,-345.232,4713.69,3963.6,3738.33,-17.7934,45931.3,-74.2578,45870.6,-49.2514,-34.1052,87.8154,-39.854,9.17618,3.47086,3.28809,36684.9,-40.2159,66.0014,-36.8044,45586.1,8.4291,1.44258,0.932602,2.0,LLLYSLLVALLFALLILLILI,0.2975614638383823,0.047063906537535,R,99999900.0,-25.006400000000006,-6.930100000000003,14.143,750.0899999999997,-0.033337866122731964,-0.009239024650375295,0.01885507072484636,-0.02372168673092563
YLLLGILLAFLLSTL,Mutant,,clash,8.0,LLLYLLLGALLAFLLSTLILI,0.0022480253461164,LLLYLLLGILLAFLLSTLILI_0,1.1001100110011e+17,1.0,-74.1744,-75.0511,-73.9784,-231.925,-226.025,-249.336,-360.255,4698.52,3869.84,3675.97,-17.7596,83.3663,-71.9151,24.1874,-36.9404,-82.4431,58.0721,-44.6205,7.93901,6.70621,6.07729,83.096,-74.4436,60.1664,-43.4591,-276.888,7.3574,5.789,5.1915,0.0,LLLYLLLGILLAFLLSTLILI,0.191366985432953,0.0566332526641643,G,99999900.0,-34.9747,-0.19600000000001216,17.411,828.6800000000003,-0.04220531447603416,-0.00023652073176619695,0.021010522759086735,-0.02143119177487087
LYLLIVLLATLLSFL,WT,LLLLYLLIVLLITLLSFLILI,clash,,,,LLLLYLLIVLLATLLSFLILI_1,1.1001100110011e+17,1.0,-72.5495,-69.9716,-74.1532,-236.07,-237.899,-247.734,-367.441,4658.45,3987.52,3910.7,-17.7186,-10.1464,-76.5401,-69.7166,-45.5542,-63.0513,57.2196,-42.2009,8.02554,3.68234,3.04064,-6.83037,-56.568,53.9293,-45.0,-374.282,8.1133,2.26566,1.5746,1.0,LLLLYLLIVLLATLLSFLILI,0.3102420408318468,0.0548634138020335,R,99999900.0,-30.985899999999994,1.6037000000000035,11.664000000000016,670.9299999999998,-0.046183506476085434,0.0023902642600569417,0.017384824050199005,-0.02640901435321122
YWLLTVLAILLFSLL,Mutant,,clash,11.0,LLLYWLLTVLALLLFSLLILI,0.1113736183493276,LLLYWLLTVLAILLFSLLILI_2,1.1001100110011e+17,1.0,-74.1766,-75.3755,-74.1644,-240.431,-232.447,-258.779,-365.869,4750.58,4029.21,3828.3,-17.7176,476.365,-68.9795,418.318,-32.9253,-109.907,30.0631,26.8638,9.77418,7.04458,5.99553,46.5024,-104.528,19.8573,25.1083,-329.884,9.5,4.85993,3.65779,2.0,LLLYWLLTVLAILLFSLLILI,0.2810507081837826,0.0295248975655448,L,99999900.0,-36.0542,-0.012199999999992883,18.347999999999985,721.3699999999999,-0.04998017660839792,-1.6912264164011375e-05,0.025434936301759137,-0.024561043569873996
LYALLLILATLLLSL,Mutant,,void,5.0,LLLLYVLLLILATLLLSLILI,0.0775261485762671,LLLLYALLLILATLLLSLILI_1,1.1001100110011e+17,1.0,-74.1985,-74.1985,-74.1985,-224.691,-217.595,-244.501,-378.415,4634.86,3607.7,3622.01,-17.7077,92.4578,-97.2329,5.83622,-59.7157,-57.4722,84.3097,18.7935,9.64079,6.50263,6.26728,72.8408,-61.55,67.5867,27.3561,-303.864,9.3793,4.8567,4.3705,1.0,LLLLYALLLILATLLLSLILI,0.2339851758501557,0.0861665343201488,L,99999900.0,-37.5172,0.0,19.810000000000002,1027.1599999999999,-0.03652517621402703,0.0,0.019286187156820754,-0.01723947583628646
YLLLVALLATLLSFL,WT,LLLYLLLVILLATLLSFLILI,clash,,,,LLLYLLLVALLATLLSFLILI_2,1.1001100110011e+17,1.0,-74.0594,-70.4273,-74.0594,-241.961,-234.76,-249.035,-363.655,4657.84,4074.62,3827.05,-17.6994,499.231,-65.3335,440.763,-40.56,-47.9398,78.7675,-48.9869,8.55167,4.32459,4.0061,468.625,-47.1777,64.0077,-41.6778,135.576,8.4891,2.21769,1.67781,2.0,LLLYLLLVALLATLLSFLILI,0.2188502677873448,0.0436170852660174,R,99999900.0,-24.7735,0.0,7.073999999999984,583.2200000000003,-0.042477109838482886,0.0,0.012129213675799836,-0.030347724700799
YWLLTVLLALLISLL,Mutant,,clash,14.0,LLLYWLLTVLLALLFSLLILI,-0.0184901835455743,LLLYWLLTVLLALLISLLILI_1,1.1001100110011e+17,1.0,-76.6822,-70.4993,-74.1887,-239.575,-232.938,-257.829,-383.948,4729.97,3935.54,3870.96,-17.6941,191.788,-85.3847,111.277,-51.9304,-99.2441,33.7056,28.2619,10.0885,5.93688,4.94246,164.766,-107.621,8.37296,28.0,-201.561,9.5,3.7735,2.39909,1.0,LLLYWLLTVLLALLISLLILI,0.4656960939803951,0.0456175880440204,L,99999900.0,-33.454299999999996,-2.4934999999999974,18.25400000000002,794.4300000000003,-0.04211107334818673,-0.0031387283964603506,0.022977480709439488,-0.02227269866445123
YTLLATLLVLLLSFL,WT,LLLYILLATLLVLLLSFLILI,clash,,,,LLLYTLLATLLVLLLSFLILI_1,1.1001100110011e+17,1.0,-87.7815,-80.7088,-74.1551,-236.643,-235.994,-255.104,-369.585,4720.88,3949.65,3888.54,-17.6928,-8.06753,-62.854,-60.9499,-40.3266,-55.838,76.0382,-44.5642,9.18236,5.14085,4.78142,-13.5825,-52.0137,72.9203,-42.6344,-383.192,8.744,4.1463,3.74011,1.0,LLLYTLLATLLVLLLSFLILI,0.2544859300654659,0.0470348022058835,R,99999900.0,-22.5274,-13.62639999999999,18.461000000000013,771.23,-0.02920970397935765,-0.017668399828844817,0.023937087509562662,-0.022941016298639833
ALLLGLLLGTLLIFL,Mutant,,clash,15.0,LLLALLLGLLLGTLLGFLILI,0.4271468933891582,LLLALLLGLLLGTLLIFLILI_0,1.1001100110011e+17,1.0,-58.691,-57.2773,-58.691,-232.027,-214.241,-239.442,-358.639,4565.22,3826.65,3431.8,-17.6909,87573.3,-85.6118,87486.2,-60.5057,-58.364,81.1728,-44.1613,8.88673,6.21293,5.93052,44098.3,-60.7383,56.5303,-35.0,87214.7,7.1924,3.24234,2.5903,0.0,LLLALLLGLLLGTLLIFLILI,0.4023872818273645,0.0333644431981717,G,99999900.0,-25.106100000000005,0.0,7.4150000000000205,738.5700000000002,-0.03399285105000203,0.0,0.010039671256617543,-0.02395290899982398
LTYLLAILAVLLLSL,Mutant,,void,11.0,LLLLTYLLAILFVLLLSLILI,-0.0694504098094057,LLLLTYLLAILAVLLLSLILI_0,1.1001100110011e+17,1.0,-60.4159,-60.4159,-60.4159,-227.903,-217.546,-242.113,-366.197,4605.14,3690.68,3578.96,-17.6829,9.96296,-95.5611,-78.2723,-63.6687,-53.845,76.6832,16.5967,9.8421,4.92899,4.57923,9.56413,-57.8356,61.3017,20.1938,-356.234,9.2739,3.45107,2.8706,0.0,LLLLTYLLAILAVLLLSLILI,0.3554339189359752,0.0391765509832613,L,99999900.0,-31.892399999999995,0.0,14.210000000000008,914.4600000000005,-0.03487566432648774,0.0,0.015539225335170484,-0.01933698576208909
YSLLIALLATLLFLL,Mutant,,clash,7.0,LLLYSLLVALLATLLFLLILI,0.0224644277501636,LLLYSLLIALLATLLFLLILI_1,1.1001100110011e+17,1.0,-69.6487,-69.5547,-58.7878,-226.866,-227.211,-253.855,-355.349,4742.46,3869.85,3782.28,-17.6133,-16.1322,-76.4468,-74.7148,-42.7054,-54.7695,73.3684,-45.1689,8.01289,4.62015,4.22068,-7.47989,-54.4223,72.8251,-42.2813,-367.349,8.0,4.49473,4.08711,1.0,LLLYSLLIALLATLLFLLILI,0.2456266669547032,0.0558977694746605,R,99999900.0,-33.7414,-10.860900000000008,26.988999999999976,872.6100000000001,-0.03866721674058284,-0.012446453742221619,0.03092905192468568,-0.020184618558118744
LAVLLLILATLLLSL,Mutant,,void,4.0,LLLLYVLLLILATLLLSLILI,-0.0868194678088125,LLLLAVLLLILATLLLSLILI_1,1.1001100110011e+17,1.0,-74.1985,-74.1985,-74.1985,-225.813,-210.415,-241.6,-388.15,4540.31,3612.66,3639.43,-17.613,587.448,-105.752,483.911,-72.352,-53.0787,90.5018,20.5238,9.28122,6.67954,6.53707,82.6995,-61.55,67.5867,27.3561,-308.839,9.3793,4.8567,4.3705,1.0,LLLLAVLLLILATLLLSLILI,0.3983307922352363,0.0315134563660874,L,99999900.0,-33.39999999999999,0.0,15.787000000000006,927.6500000000005,-0.03600495876677623,0.0,0.017018271977577746,-0.0189866867891985
GALLALLLGVLLSTL,Mutant,,void,4.0,LLLGYLLALLLGVLLSTLILI,0.9856170204773382,LLLGALLALLLGVLLSTLILI_1,1.1001100110011e+17,1.0,-77.6599,-74.1406,-74.2086,-219.245,-217.254,-236.404,-370.174,4447.23,3646.16,3711.45,-17.6125,-3.4077,-90.8814,-82.1872,-59.5616,-74.2252,61.5955,-42.0319,7.22169,5.94918,5.37311,-14.7096,-72.8398,58.7702,-43.8998,-385.433,7.2749,5.35995,4.7415,1.0,LLLGALLALLLGVLLSTLILI,0.3647422597529767,0.0632693291216299,G,99999900.0,-31.3198,-3.451299999999989,17.158999999999992,801.0699999999997,-0.03909745715106047,-0.004308362565069208,0.021420100615426863,-0.021986218432846077
LYLLLAVLATLLLSL,Mutant,,void,8.0,LLLLYLLLFVLATLLLSLILI,0.0503459131152105,LLLLYLLLAVLATLLLSLILI_1,1.1001100110011e+17,1.0,-74.2037,-74.2037,-74.2037,-228.146,-217.171,-242.951,-375.183,4568.18,3666.3,3562.25,-17.6072,133.213,-90.4399,49.4052,-58.0277,-49.4308,86.6586,19.2658,10.2432,5.61353,5.41341,134.232,-56.1344,66.139,24.0594,-251.14,9.2891,3.84892,3.341,1.0,LLLLYLLLAVLATLLLSLILI,0.2138809595842495,0.0433477554709695,L,99999900.0,-32.41219999999999,0.0,14.805000000000007,901.8800000000001,-0.035938484055528436,0.0,0.01641570940701646,-0.019522774648511994
FYLLVALLISLLTLL,WT,LLLFYLLVALLIILLTLLILI,clash,,,,LLLFYLLVALLISLLTLLILI_2,1.1001100110011e+17,1.0,-74.237,-74.237,-74.237,-234.886,-237.974,-248.674,-366.985,4701.98,3853.58,3835.15,-17.5634,-16.5788,-75.4254,-71.3532,-44.0741,-19.7424,97.3791,-34.8818,8.65506,2.60755,2.56824,-15.552,-21.6189,95.7091,-37.3116,-383.204,8.5753,2.66356,2.5992,2.0,LLLFYLLVALLISLLTLLILI,0.3530443116844935,0.0261021170715008,R,99999900.0,-31.351299999999995,0.0,13.788000000000011,848.3999999999996,-0.036953441772748716,0.0,0.016251768033946273,-0.020701791607732212
GYLLILLLGTLLSFL,Mutant,,clash,7.0,LLLGYLLALLLGTLLSFLILI,0.3567779881956707,LLLGYLLILLLGTLLSFLILI_0,1.1001100110011e+17,1.0,-77.522,-76.3255,-74.0304,-232.835,-230.06,-249.275,-363.007,4626.18,3751.36,3571.68,-17.5611,1718.82,-70.2108,1662.2,-39.7014,-62.6499,58.9691,-45.9458,7.68709,3.85831,3.24285,1332.79,-68.9875,54.3485,-39.7512,1355.81,6.8746,4.18517,3.5004,0.0,LLLGYLLILLLGTLLSFLILI,0.2216169121669798,0.0519727868988401,G,99999900.0,-30.509400000000007,-3.4916000000000054,16.439999999999998,874.8200000000002,-0.034875060012345395,-0.003991221051187678,0.01879243730138771,-0.02007395807137468
YALLAVLLAFLLTSL,Mutant,,void,4.0,LLLYLLLAVLLAFLLTSLILI,-0.0545818885556171,LLLYALLAVLLAFLLTSLILI_2,1.1001100110011e+17,1.0,-74.2137,-70.6458,-74.2137,-231.935,-223.359,-246.194,-349.26,4634.41,3926.62,3816.16,-17.5531,-10.0008,-60.6642,-65.2563,-28.8517,-83.8063,62.7684,-41.0225,8.09628,7.54468,6.98621,-9.18544,-81.4126,51.8134,-45.0,-359.988,8.0,5.7067,4.9839,2.0,LLLYALLAVLLAFLLTSLILI,0.2962060335455179,0.0192472640327523,R,99999900.0,-31.8125,0.0,14.258999999999986,707.79,-0.04494624111671541,0.0,0.020145805959394716,-0.024799870017943176
YALLVALLATLLSLL,Mutant,,void,11.0,LLLYALLVALLFTLLSLLILI,-0.1251753171245367,LLLYALLVALLATLLSLLILI_0,1.1001100110011e+17,1.0,-74.079,-74.079,-74.079,-236.332,-231.268,-245.023,-370.458,4608.65,3928.33,3880.07,-17.5441,-11.5715,-77.5915,-76.6822,-51.3564,-30.9349,103.938,-37.3598,8.71093,5.17187,5.23095,-11.0951,-35.5651,88.7149,-39.2404,-382.03,9.0,3.81128,3.642,0.0,LLLYALLVALLATLLSLLILI,0.3823474886578773,0.0194268714152429,R,99999900.0,-26.235099999999996,0.0,8.691000000000003,680.3199999999997,-0.038562882173095024,0.0,0.012774870649106313,-0.025788011523988724
YWLLTVLFLLLASLL,WT,LLLYALLTVLFLLLASLLILI,void,,,,LLLYWLLTVLFLLLASLLILI_2,1.1001100110011e+17,1.0,-70.5434,-67.1057,-74.1645,-236.584,-235.07,-258.797,-369.647,4757.64,3836.7,3860.55,-17.5189,72.4748,-80.0389,5.00312,-36.6856,-107.375,17.0149,23.1223,8.99274,4.90323,3.65845,-8.43708,-107.499,6.70704,26.7755,-382.312,9.3626,3.5303,2.13091,2.0,LLLYWLLTVLFLLLASLLILI,0.3187903642563288,0.0219007654800922,L,99999900.0,-43.3533,3.6210999999999984,22.213000000000022,920.9400000000005,-0.0470750537494299,0.003931960822637736,0.024119920950333367,-0.019022846222338033
YSLLVALLAALLTLL,Mutant,,void,11.0,LLLYSLLVALLFALLTLLILI,-0.0367334743659749,LLLYSLLVALLAALLTLLILI_1,1.1001100110011e+17,1.0,-67.5556,-61.1196,-58.8685,-229.575,-222.496,-245.01,-356.334,4615.27,3935.94,3770.78,-17.5033,45927.2,-76.7067,45854.4,-52.4548,-35.5665,85.0532,-49.7464,8.27189,3.31716,3.09296,45319.9,-40.2159,66.0014,-36.8044,45560.0,8.4291,1.44258,0.932602,1.0,LLLYSLLVALLAALLTLLILI,0.4175976504172197,0.0515089680079522,R,99999900.0,-24.2519,-8.687100000000001,15.435000000000002,679.3300000000004,-0.03569973356100862,-0.012787746750474727,0.022720916196840996,-0.025765533687603946
TYLLTILLAFLLSLL,WT,LLLTYLLTILLIFLLSLLILI,clash,,,,LLLTYLLTILLAFLLSLLILI_1,1.1001100110011e+17,1.0,-82.3505,-73.5751,-74.1163,-237.678,-234.759,-256.592,-374.732,4647.59,3790.81,3749.24,-17.4992,-11.7747,-72.2027,-78.1724,-44.0233,-69.9409,57.2454,-43.3495,8.34821,4.71926,4.07794,-12.5311,-68.2683,51.1623,-39.0156,-387.656,8.2586,3.64716,2.9146,1.0,LLLTYLLTILLAFLLSLLILI,0.4281574179195176,0.0512116988809721,R,99999900.0,-28.179399999999994,-8.234200000000001,18.913999999999987,856.7800000000002,-0.032889890053455946,-0.009610635168888161,0.022075678703984667,-0.020424379654053543
LVLLITLLFALLSYL,WT,LLLLVLLITLLAALLSYLILI,void,,,,LLLLVLLITLLFALLSYLILI_0,1.1001100110011e+17,1.0,-76.054,-72.8433,-74.244,-234.379,-227.816,-249.033,-366.86,4632.02,3763.43,3726.4,-17.4888,268.355,-73.916,202.154,-43.5836,-25.8341,84.107,-40.9593,8.33026,1.72956,1.49116,144.748,-31.9788,69.9952,-36.7483,-98.5056,8.3631,0.746172,0.2961,0.0,LLLLVLLITLLFALLSYLILI,0.3339667107345925,0.0414976897106185,R,99999900.0,-30.3324,-1.8100000000000023,14.653999999999996,868.5900000000006,-0.034921424377439274,-0.0020838370232215443,0.01687102084988313,-0.020134701067246904
YWLLTVLFILLASLL,Mutant,,clash,11.0,LLLYWLLTVLFLLLASLLILI,0.0043610844344109,LLLYWLLTVLFILLASLLILI_0,1.1001100110011e+17,1.0,-74.1063,-74.2093,-74.1645,-243.381,-228.947,-258.803,-366.846,4720.38,3844.54,3850.58,-17.483,33.4864,-66.8416,-30.2041,-33.8788,-111.412,18.0836,28.6259,9.41324,5.65304,4.4243,33.0059,-107.499,6.70704,26.7755,-333.36,9.3626,3.5303,2.13091,0.0,LLLYWLLTVLFILLASLLILI,0.3144292798219179,0.0469857246989258,L,99999900.0,-32.9628,0.05819999999999936,15.421999999999997,875.8400000000001,-0.037635641213006936,6.645049324077383e-05,0.017608238947753006,-0.01996140847643405
LAYLLILLFLLTSLL,Mutant,,clash,8.0,LLLLAYLLALLFLLTSLLILI,0.0118150223153729,LLLLAYLLILLFLLTSLLILI_1,1.1001100110011e+17,1.0,-74.0764,-74.1162,-74.1866,-238.535,-237.842,-250.297,-373.357,4665.34,3803.55,3495.22,-17.4716,711.843,-78.2172,650.444,-48.8732,-61.6597,54.6997,20.0012,10.0136,3.13341,2.4539,693.493,-61.6131,39.1869,24.371,337.195,8.5022,1.0322,0.120004,1.0,LLLLAYLLILLFLLTSLLILI,0.3416811291726242,0.1473642443127692,L,99999900.0,-29.34400000000001,0.11019999999999186,11.762,861.79,-0.03405005859896264,0.00012787337982570217,0.013648336601724318,-0.02027361654231309
ALLLGVLLITLLGFL,Mutant,,clash,11.0,LLLALLLGVLLGTLLGFLILI,0.6980697801570115,LLLALLLGVLLITLLGFLILI_2,1.1001100110011e+17,1.0,-58.6964,-54.6316,-58.6964,-237.217,-219.189,-238.049,-350.687,4556.08,4034.04,3532.72,-17.4513,3913830.0,-72.2249,3913760.0,-53.9415,-90.9801,68.8669,-42.6978,9.68218,9.44405,8.97706,3820550.0,-92.5815,39.7325,-40.3169,3913480.0,6.7382,5.75111,4.8471,2.0,LLLALLLGVLLITLLGFLILI,0.2451088479229511,0.0570616356692416,G,99999900.0,-18.283400000000007,0.0,0.8319999999999936,522.04,-0.0350229867443108,0.0,0.0015937476055474555,-0.033429047582560725
AALLVFLLGLLLGSL,Mutant,,void,4.0,LLLAYLLVFLLGLLLGSLILI,0.8069792245701577,LLLAALLVFLLGLLLGSLILI_0,1.1001100110011e+17,1.0,-68.6158,-72.351,-60.3448,-219.874,-219.634,-233.286,-345.681,4516.22,3691.01,3524.34,-17.444,3689.93,-74.6359,3636.23,-52.0505,-45.5862,63.1985,-46.5198,7.4923,1.86973,1.31771,2616.96,-47.9501,60.2066,-41.6343,3344.24,7.3755,1.8204,1.2235,0.0,LLLAALLVFLLGLLLGSLILI,0.975035885001462,0.0578734351400339,G,99999900.0,-22.585400000000007,-8.270999999999994,13.412000000000006,825.21,-0.027369275699518917,-0.010022903260988104,0.016252832612304754,-0.021138861623101995
FYLLVALLTALLSAL,Mutant,,void,16.0,LLLFYLLVALLTALLSLLILI,0.045526763527583,LLLFYLLVALLTALLSALILI_1,1.1001100110011e+17,1.0,-80.7977,-80.7731,-74.2943,-231.97,-228.93,-240.558,-348.633,4629.13,4023.41,4027.05,-17.4369,-17.0378,-53.3022,-55.9671,-33.7799,-20.7736,100.11,-46.1418,8.94881,3.13089,3.13253,-15.5685,-22.0295,90.9785,-43.2966,-364.325,8.7631,2.08652,1.9512,1.0,LLLFYLLVALLTALLSALILI,0.3623488393092868,0.0423246663614168,R,99999900.0,-19.5223,-6.503399999999999,8.587999999999994,605.7200000000003,-0.032229908208413115,-0.01073664399392458,0.014178168130489319,-0.02878706332959122
YLLLTTLLVALLSFL,WT,LLLYLLLTTLLVILLSFLILI,clash,,,,LLLYLLLTTLLVALLSFLILI_1,1.1001100110011e+17,1.0,-87.9371,-87.9371,-87.9959,-238.205,-236.558,-252.163,-374.279,4688.72,4015.91,3860.64,-17.429,-11.2496,-65.5657,-61.0334,-34.1198,-42.2666,83.4646,-46.9804,8.83386,4.10771,3.85968,-8.44465,-39.6639,79.8581,-44.5898,-381.765,9.0,3.23043,2.9283,1.0,LLLYLLLTTLLVALLSFLILI,0.4630270587858406,0.0526746968662666,R,99999900.0,-31.44590000000001,0.05880000000000507,13.957999999999998,672.8100000000004,-0.0467381578751802,8.739465822446907e-05,0.020745827202330508,-0.025904787384254082
VSLLLTLLFALLAAL,Mutant,,void,16.0,LLLVSLLLTLLFALLAYLILI,-0.1121441013750405,LLLVSLLLTLLFALLAALILI_2,1.1001100110011e+17,1.0,-69.7382,-68.3122,-58.8371,-225.314,-216.629,-238.444,-354.33,4526.32,3752.42,3618.95,-17.4192,670253.0,-76.6972,670184.0,-57.0493,-39.7351,75.7471,-44.2656,8.28756,2.68612,2.32233,637231.0,-39.4873,64.1407,-35.0,669899.0,8.1341,1.08209,0.544201,2.0,LLLVSLLLTLLFALLAALILI,0.4109824736415383,0.0156285932397277,R,99999900.0,-19.647899999999993,-10.901100000000007,13.129999999999995,773.8999999999996,-0.025388163845458073,-0.014085928414523856,0.01696601628117328,-0.022508334410130518
YLLLAVLLGTLLIFL,Mutant,,clash,15.0,LLLYLLLAVLLGTLLSFLILI,0.0550730505649645,LLLYLLLAVLLGTLLIFLILI_1,1.1001100110011e+17,1.0,-58.7596,-55.425,-58.7596,-241.775,-234.641,-249.854,-352.023,4685.87,4076.94,3791.92,-17.419,1166.39,-68.9069,1104.44,-43.4087,-52.5348,72.7722,-42.265,9.00991,4.20447,3.79605,1113.28,-49.156,60.31,-42.3523,1168.9,7.5,2.01525,1.4199,1.0,LLLYLLLAVLLGTLLIFLILI,0.1414887972907212,0.0355116276194759,G,99999900.0,-25.49819999999999,0.0,8.079000000000008,608.9299999999998,-0.04187377859524083,0.0,0.013267534856223227,-0.028605915294040375
YYLLILLLATLLSFL,Mutant,,clash,7.0,LLLYYLLVLLLATLLSFLILI,0.0184886625793141,LLLYYLLILLLATLLSFLILI_1,1.1001100110011e+17,1.0,-74.1087,-74.1087,-74.1087,-246.134,-240.077,-256.879,-362.174,4773.12,4048.1,3879.8,-17.404,-16.7775,-59.3349,-64.7657,-31.186,-77.9377,60.5379,-46.846,8.92871,6.36328,5.77135,-15.9584,-77.3567,49.5493,-44.6559,-378.578,8.4065,4.79266,4.0359,1.0,LLLYYLLILLLATLLSFLILI,0.1893216346285347,0.0231244262935392,R,99999900.0,-28.148899999999998,0.0,10.745000000000033,725.02,-0.03882499793109155,0.0,0.014820280819839498,-0.0240048550384817
TYLLVALLAILLSAL,Mutant,,void,16.0,LLLTYLLVALLAILLSLLILI,-0.0298168080660586,LLLTYLLVALLAILLSALILI_0,1.1001100110011e+17,1.0,-74.5722,-76.5555,-60.361,-229.015,-227.845,-247.246,-365.24,4569.48,3811.19,3796.41,-17.3877,-19.3787,-79.0405,-80.2182,-57.6328,-57.0812,74.8793,-46.6475,7.81894,5.17089,4.79407,-15.6314,-60.9952,66.9175,-43.9619,-384.619,8.062,4.68314,4.1869,0.0,LLLTYLLVALLAILLSALILI,0.3067477338713142,0.0263859860671344,R,99999900.0,-21.40769999999999,-14.211199999999998,18.231000000000023,758.2899999999995,-0.028231547297208198,-0.018741114876894074,0.024042252963905674,-0.0229301454588614
LAFLLLVLATLLLSL,Mutant,,void,4.0,LLLLYFLLLVLATLLLSLILI,-0.0373339788254865,LLLLAFLLLVLATLLLSLILI_0,1.1001100110011e+17,1.0,-74.2686,-74.2686,-74.2686,-226.892,-215.577,-242.312,-370.262,4658.05,3698.89,3688.41,-17.3858,146.686,-86.4874,66.2698,-53.6814,-53.1081,84.735,18.0569,10.0185,5.90544,5.67646,95.6356,-56.6384,70.3623,26.5287,-223.576,9.5,4.49467,4.0501,0.0,LLLLAFLLLVLATLLLSLILI,0.2724333131333187,0.0195756487890579,L,99999900.0,-32.806,0.0,15.420000000000016,959.1600000000003,-0.034202844155302545,0.0,0.016076566996121616,-0.0181260686433963
SYLLVLLLAALLTFL,Mutant,,void,12.0,LLLSYLLVLLLALLLTFLILI,0.0541890817590517,LLLSYLLVLLLAALLTFLILI_0,1.1001100110011e+17,1.0,-75.6212,-71.267,-58.865,-231.849,-231.502,-255.165,-359.374,4657.72,3861.96,3837.68,-17.3628,-11.0959,-69.2669,-67.7014,-45.3447,-74.4411,58.6818,-44.3088,8.67734,5.58821,4.96844,-10.9998,-77.6256,57.7497,-43.493,-370.47,8.7997,5.94005,5.3063,0.0,LLLSYLLVLLLAALLTFLILI,0.3340235630730655,0.0502023922267151,R,99999900.0,-23.922200000000004,-16.7562,23.316000000000003,795.7600000000002,-0.030062079018799634,-0.021056851311953347,0.0293002915451895,-0.021819141449683315
YLLLVTLLAILLSFL,WT,LLLYLLLVTLLAILLIFLILI,clash,,,,LLLYLLLVTLLAILLSFLILI_0,1.1001100110011e+17,1.0,-74.329,-74.212,-74.212,-241.556,-236.581,-252.445,-367.341,4697.25,4160.02,4005.69,-17.3541,-12.5467,-68.8106,-69.0943,-40.6841,-54.1612,67.7107,-42.941,8.16455,3.76512,3.28078,-12.6445,-50.8571,62.3289,-43.2727,-379.888,8.14,2.54297,1.9779,0.0,LLLYLLLVTLLAILLSFLILI,0.1651999981107033,0.0553516650929455,R,99999900.0,-28.126499999999993,-0.11699999999999022,10.888999999999982,537.2299999999996,-0.05235467118366438,-0.0002177838169871197,0.020268786180965306,-0.032302924259628114
LALLIALLLVLTFLL,Mutant,,void,4.0,LLLLYLLIALLLVLTFLLILI,-0.1365047996634145,LLLLALLIALLLVLTFLLILI_2,1.1001100110011e+17,1.0,-58.9132,-58.9312,-58.9132,-239.286,-232.989,-244.421,-367.747,4609.31,3806.71,3699.7,-17.3519,37.1945,-86.9,-38.6318,-64.4126,-54.4576,85.9419,20.8066,10.0146,6.27079,6.05992,30.2508,-62.8439,56.9541,19.0347,-323.335,9.5,3.61539,2.9697,2.0,LLLLALLIALLLVLTFLLILI,0.3298512541613452,0.0746586349880986,L,99999900.0,-22.487400000000008,0.0,5.134999999999991,802.6000000000004,-0.028018190879641164,0.0,0.006397956640917006,-0.02161961126339396
LIILLFLLAVLYLLL,Mutant,,clash,4.0,LLLLTILLFLLAVLYLLLILI,-0.0457375200956115,LLLLIILLFLLAVLYLLLILI_0,1.1001100110011e+17,1.0,-45.0625,-45.0625,-45.0625,-234.734,-218.495,-250.633,-358.777,4709.06,3826.69,3651.66,-17.3356,63.9438,-96.316,-31.2758,-63.0809,-55.0152,67.8573,24.0649,10.0676,3.91302,3.43088,51.8532,-59.6597,51.275,27.3954,-294.833,9.319,2.37108,1.6402,0.0,LLLLIILLFLLAVLYLLLILI,0.1229082126604268,0.0168690482514013,L,99999900.0,-33.2351,0.0,15.899000000000001,882.3700000000003,-0.037665718462776374,0.0,0.018018518308646026,-0.01964663349841902
LYLLVILLITLLFLL,Mutant,,clash,11.0,LLLLYLLVILLATLLFLLILI,-0.0046043979798804,LLLLYLLVILLITLLFLLILI_0,1.1001100110011e+17,1.0,-58.8513,-58.8513,-58.8513,-243.597,-219.856,-253.52,-366.942,4768.25,3690.18,3658.27,-17.3345,5118.33,-81.8278,5030.09,-54.5703,-65.6602,70.5111,16.2524,10.6776,5.86803,5.4257,4270.33,-67.0014,49.6286,18.3874,4751.38,9.5,3.25007,2.4945,0.0,LLLLYLLVILLITLLFLLILI,0.2136139042797615,0.0508366919569141,L,99999900.0,-27.257499999999993,0.0,9.923000000000002,1078.0700000000002,-0.025283608671051033,0.0,0.009204411587373732,-0.016079197083677308
FYLLVTLLIALLSLL,WT,LLLFYLLVTLLIILLSLLILI,clash,,,,LLLFYLLVTLLIALLSLLILI_1,1.1001100110011e+17,1.0,-82.4049,-75.9661,-74.2156,-235.464,-238.457,-248.644,-366.683,4715.03,3938.61,3941.93,-17.333,-1.01083,-66.1467,-53.2707,-43.823,-20.6982,83.7392,-46.8897,8.81663,0.909531,0.66562,-9.47224,-20.5827,81.7293,-45.0,-375.999,9.0,0.620861,0.346801,1.0,LLLFYLLVTLLIALLSLLILI,0.3735356403440735,0.0589236188354486,R,99999900.0,-22.323699999999995,-8.189300000000003,13.180000000000007,776.4199999999996,-0.028752092939388484,-0.01054751294402515,0.01697534839391053,-0.022324257489503112
YSLLVALLATLLFLL,WT,LLLYSLLVALLAILLFLLILI,clash,,,,LLLYSLLVALLATLLFLLILI_0,1.1001100110011e+17,1.0,-69.5058,-69.5547,-58.7878,-227.464,-224.797,-251.661,-352.502,4735.47,3865.35,3799.55,-17.3323,-11.1742,-72.8648,-69.3241,-42.0534,-56.7436,67.6482,-43.3411,7.82094,4.14404,3.65876,-14.1333,-54.4223,72.8251,-42.2813,-363.676,8.0,4.49473,4.08711,0.0,LLLYSLLVALLATLLFLLILI,0.268091094704867,0.0391754118614198,R,99999900.0,-30.8114,-10.717999999999996,24.197000000000003,870.1200000000003,-0.03541051808945891,-0.012317841217303352,0.02780880798050843,-0.01991943639957706
YALLGALLGVLLSTL,Mutant,,void,4.0,LLLYLLLGALLGVLLSTLILI,0.1174775273967574,LLLYALLGALLGVLLSTLILI_1,1.1001100110011e+17,1.0,-86.3707,-78.083,-74.1216,-213.695,-218.515,-238.824,-352.708,4493.72,3754.78,3748.73,-17.3237,-6.48659,-69.9659,-62.5968,-39.7617,-72.47,62.6269,-46.1063,6.49707,5.82512,5.26453,-5.35153,-68.8165,69.6202,-43.3499,-358.141,7.0847,6.2212,5.7655,1.0,LLLYALLGALLGVLLSTLILI,0.7787419461945801,0.0565080661175479,G,99999900.0,-30.204200000000007,-12.249099999999999,25.12900000000002,738.94,-0.04087503721547082,-0.01657658267247679,0.03400682058083203,-0.023443987333207024
LVALLLTLISLLALL,Mutant,,void,15.0,LLLLVALLLTLISLLFLLILI,0.1184748295003284,LLLLVALLLTLISLLALLILI_1,1.1001100110011e+17,1.0,-74.2165,-74.2165,-74.2165,-233.047,-230.415,-241.492,-388.221,4537.79,3741.03,3659.33,-17.3127,-13.2038,-98.27,-96.7929,-72.513,-13.5096,101.373,25.42,9.57993,2.21174,2.23233,0.00549605,-15.856,85.056,19.3699,-388.469,9.4176,0.36096,0.1368,1.0,LLLLVALLLTLISLLALLILI,0.513322549193751,0.0367230981151861,L,99999900.0,-25.75699999999999,0.0,8.444999999999993,796.7599999999998,-0.032327175058988904,0.0,0.010599176665495251,-0.021728876951654204
AILLVTLLFTLLSAL,Mutant,,void,16.0,LLLAILLVTLLFTLLSLLILI,-0.0397456022798226,LLLAILLVTLLFTLLSALILI_2,1.1001100110011e+17,1.0,-87.9502,-87.938,-87.9257,-228.044,-225.544,-241.359,-371.629,4507.11,3831.94,3726.74,-17.3082,-15.3566,-72.9434,-73.5038,-42.3448,-37.1826,81.9889,-45.3964,8.58431,3.1459,2.87573,-13.8022,-34.3116,78.2924,-42.6631,-385.457,8.583,2.21621,1.8906,2.0,LLLAILLVTLLFTLLSALILI,0.4065213684652896,0.0530072586346829,R,99999900.0,-30.598599999999998,-0.024499999999989086,13.314999999999998,675.1699999999996,-0.04531984537227663,-3.628715730851356e-05,0.019720959165839724,-0.025635321474591598
VALLTILLALLLSFL,Mutant,,void,4.0,LLLVYLLTILLALLLSFLILI,0.0155330233554559,LLLVALLTILLALLLSFLILI_2,1.1001100110011e+17,1.0,-74.2311,-74.2018,-74.2018,-235.494,-228.463,-242.537,-374.214,4552.68,3932.63,3786.79,-17.2932,-2.82584,-81.7819,-74.3755,-57.4752,-69.6006,70.788,-34.2214,8.10918,6.49648,6.0583,-6.33214,-65.4251,62.8523,-35.0,-381.92,8.0148,4.79882,4.2416,2.0,LLLVALLTILLALLLSFLILI,0.4065685148227722,0.0312097047524252,R,99999900.0,-24.306699999999992,-0.02929999999999211,7.043000000000006,620.0500000000002,-0.03920119345214093,-4.725425368920587e-05,0.011358761390210474,-0.02789000887025239
AILLVTLLFTLLSLL,WT,LLLAILLVTLLFILLSLLILI,clash,,,,LLLAILLVTLLFTLLSLLILI_0,1.1001100110011e+17,1.0,-87.938,-87.938,-87.9257,-230.383,-226.862,-245.392,-383.099,4548.68,3794.96,3698.06,-17.2903,-13.7979,-82.0686,-82.0966,-49.7813,-31.9349,86.3054,-42.9455,8.6316,2.94147,2.73605,-13.6208,-34.3116,78.2924,-42.6631,-396.897,8.583,2.21621,1.8906,0.0,LLLAILLVTLLFTLLSLLILI,0.3667757661854667,0.0800261843309912,R,99999900.0,-32.2873,-0.012299999999996203,15.008999999999986,753.7200000000003,-0.042837260521148425,-1.6319057474919332e-05,0.019913230377328426,-0.02293995117550283
YALLVTLLFTLLSAL,Mutant,,void,16.0,LLLYALLVTLLFTLLSLLILI,0.0124671227644199,LLLYALLVTLLFTLLSALILI_2,1.1001100110011e+17,1.0,-88.0071,-87.3649,-88.0071,-235.816,-229.769,-249.234,-360.726,4636.33,4039.79,3946.56,-17.2842,-10.5563,-54.1879,-54.1488,-23.485,-35.5188,82.2929,-37.5886,8.95496,2.93737,2.67176,-13.8086,-33.8776,77.6117,-38.0523,-374.292,8.9754,2.05922,1.7234,2.0,LLLYALLVTLLFTLLSALILI,0.2553669312010534,0.0426159465493647,R,99999900.0,-30.7029,0.0,13.418000000000006,596.54,-0.051468300533074066,0.0,0.022493043215878243,-0.028974083883729507
YSLLLILLFALLVIL,Mutant,,clash,8.0,LLLYSLLLTLLFALLVILILI,0.1754603202456063,LLLYSLLLILLFALLVILILI_2,1.1001100110011e+17,1.0,-52.6785,-58.3991,-45.1129,-242.845,-237.009,-254.902,-355.426,4705.37,3966.64,3826.01,-17.2643,1095.91,-77.1662,1035.89,-55.4109,-52.0008,82.9183,-43.0499,9.31793,5.49409,5.23786,767.849,-47.5855,75.0258,-37.5493,504.129,8.189,3.76631,3.3917,2.0,LLLYSLLLILLFALLVILILI,0.1926517262940594,0.0770027364700647,R,99999900.0,-21.755300000000005,-7.565599999999996,12.056999999999988,738.73,-0.02944959592814696,-0.010241360172187398,0.0163212540441027,-0.023370243526051465
FYLLTALLATLLVLL,Mutant,,void,11.0,LLLFYLLTALLITLLVLLILI,-0.0290257549054683,LLLFYLLTALLATLLVLLILI_0,1.1001100110011e+17,1.0,-78.8553,-78.7622,-72.5928,-231.282,-228.38,-245.765,-356.698,4674.19,4000.86,4077.14,-17.2468,-14.7729,-63.8083,-64.3291,-38.3403,-26.8337,99.7229,-43.601,8.92784,3.98765,3.9835,-14.0645,-25.8235,96.0591,-44.6308,-371.471,8.886,3.34151,3.2824,0.0,LLLFYLLTALLATLLVLLILI,0.3438324527797217,0.01502717893218,R,99999900.0,-25.468000000000004,-6.262500000000003,14.482999999999976,673.3299999999995,-0.03782394962351302,-0.009300788617765446,0.021509512423328808,-0.025614186208842638
TVLLLALLAALLSIL,Mutant,,void,11.0,LLLTVLLLALLFALLSILILI,-0.0028645209333232,LLLTVLLLALLAALLSILILI_0,1.1001100110011e+17,1.0,-62.9523,-62.0778,-60.4169,-227.345,-222.483,-239.792,-377.242,4490.53,3806.04,3724.55,-17.2467,-8.62118,-104.191,-101.302,-77.0328,-26.5758,97.082,-44.877,7.77446,3.59244,3.54867,-8.01996,-31.2213,81.346,-45.0,-385.863,8.0964,2.16491,1.8851,0.0,LLLTVLLLALLAALLSILILI,0.3728515200067571,0.0244028679724359,R,99999900.0,-27.158200000000008,-2.5354000000000028,12.447000000000003,684.4899999999998,-0.03967654750252015,-0.0037040716445821027,0.018184341626612525,-0.02519642361466202
AILLLTLLAVLLSLL,Mutant,,void,11.0,LLLAILLLTLLFVLLSLLILI,-0.0697889902497258,LLLAILLLTLLAVLLSLLILI_2,1.1001100110011e+17,1.0,-74.2773,-74.1985,-74.2773,-229.731,-225.444,-241.192,-392.12,4526.0,3814.64,3774.79,-17.2342,-6.3945,-105.345,-98.8714,-76.6498,-44.1242,86.3907,-46.7626,8.58057,4.78137,4.57723,-4.512,-36.2869,84.2404,-44.7529,-396.839,9.0,3.31549,3.0791,2.0,LLLAILLLTLLAVLLSLLILI,0.4072881147240113,0.0444841522499551,R,99999900.0,-28.6952,0.0,11.461000000000013,711.3600000000001,-0.04033850652271704,0.0,0.016111392262708066,-0.024227114260008994
YWLLAALLVALLSTL,Mutant,,void,7.0,LLLYWLLLALLVALLSTLILI,0.0291184730214358,LLLYWLLAALLVALLSTLILI_0,1.1001100110011e+17,1.0,-74.2355,-74.1453,-74.2355,-229.669,-224.074,-247.671,-363.115,4637.08,3774.24,3719.02,-17.2252,-4.54894,-76.4359,-69.4449,-41.2081,-10.865,102.716,-41.1154,8.0942,1.99644,2.03719,-5.98003,-15.029,89.2957,-37.6435,-367.664,8.2413,0.809265,0.6487,0.0,LLLYWLLAALLVALLSTLILI,0.2802421546532286,0.0056547545996077,R,99999900.0,-35.2278,0.0,18.00199999999998,862.8400000000001,-0.04082773167678828,0.0,0.0208636595429048,-0.019963376755829584
YALLAVLLGTLLSFL,Mutant,,void,4.0,LLLYLLLAVLLGTLLSFLILI,0.0549696941664004,LLLYALLAVLLGTLLSFLILI_1,1.1001100110011e+17,1.0,-74.0075,-58.7596,-74.0075,-236.04,-226.891,-244.853,-349.327,4593.27,4117.85,3831.75,-17.2181,814.993,-56.4973,751.317,-30.4668,-49.3955,75.582,-49.401,8.34995,4.11289,3.74662,682.494,-49.156,60.31,-42.3523,447.541,7.5,2.01525,1.4199,1.0,LLLYALLAVLLGTLLSFLILI,0.1424067096681827,0.1164102200638537,G,99999900.0,-26.030500000000004,0.0,8.813000000000017,475.4200000000001,-0.05475263977114972,0.0,0.018537293340625163,-0.036216608472508516
YALLTALLSVLLFLL,WT,LLLYALLTALLSILLFLLILI,clash,,,,LLLYALLTALLSVLLFLLILI_0,1.1001100110011e+17,1.0,-76.9671,-75.5846,-74.353,-237.886,-232.197,-249.984,-363.849,4680.48,3978.41,3899.8,-17.1908,-11.7705,-66.1864,-67.838,-39.5121,-54.852,85.1003,-42.8372,8.18547,6.21634,5.99285,-11.6538,-55.1691,76.5276,-42.1376,-375.62,8.1639,5.10659,4.7545,0.0,LLLYALLTALLSVLLFLLILI,0.378112635320283,0.0307783982900653,R,99999900.0,-26.67430000000001,-2.6141000000000076,12.098000000000013,702.0699999999997,-0.03799378979304061,-0.0037234178928027242,0.017231899952996167,-0.024485877476604908
YALLVALLATLLSWL,Mutant,,void,11.0,LLLYALLVALLLTLLSWLILI,-0.0510669570730438,LLLYALLVALLATLLSWLILI_0,1.1001100110011e+17,1.0,-78.6151,-81.0313,-74.1382,-233.348,-228.057,-247.844,-364.534,4621.58,4080.12,4042.9,-17.1848,-13.2476,-69.7557,-68.6937,-42.5521,-26.9263,111.465,-44.4486,8.69991,5.58675,5.75873,-13.2129,-31.0165,97.6795,-42.1335,-377.782,9.0,4.33921,4.3044,0.0,LLLYALLVALLATLLSWLILI,0.3237081247120052,0.0441951586205486,R,99999900.0,-27.2036,-4.4769000000000005,14.495999999999981,541.46,-0.050241199719277506,-0.008268200790455435,0.026772060724707235,-0.03173789384257378
TYLLVALLAILLILL,Mutant,,clash,15.0,LLLTYLLVALLAILLSLLILI,0.0360417310684434,LLLTYLLVALLAILLILLILI_1,1.1001100110011e+17,1.0,-60.7362,-59.4375,-45.06,-236.229,-233.389,-253.397,-369.954,4634.81,3759.4,3756.36,-17.1792,-1.28623,-90.1677,-78.4137,-71.4971,-64.5033,70.103,-43.7798,8.2908,5.6394,5.19095,5.52023,-60.9952,66.9175,-43.9619,-359.242,8.062,4.68314,4.1869,1.0,LLLTYLLVALLAILLILLILI,0.240889194736812,0.0564332397448091,R,99999900.0,-18.670599999999993,-15.676199999999994,17.167999999999978,875.4100000000003,-0.02132783495733426,-0.017907266309500677,0.019611382095246765,-0.019624176100341548
LYVLLLILITLLFSL,Mutant,,clash,11.0,LLLLYVLLLILATLLFSLILI,-0.1303909228717407,LLLLYVLLLILITLLFSLILI_0,1.1001100110011e+17,1.0,-74.2185,-74.2185,-74.2185,-237.118,-226.953,-252.028,-372.372,4671.3,3672.68,3532.41,-17.1626,31222.3,-78.1981,31151.1,-46.1256,-53.3201,79.876,19.7602,10.0695,5.28127,4.97941,23439.1,-62.5739,62.4261,19.1703,30849.9,9.1885,4.31361,3.75,0.0,LLLLYVLLLILITLLFSLILI,0.4344667152985786,0.0532363766403337,L,99999900.0,-32.0725,0.0,14.909999999999997,998.6200000000003,-0.032116821213274305,0.0,0.014930604233842694,-0.017186317117622314
YLLLTVLLALLFSLL,WT,LLLYLLLTVLLILLFSLLILI,clash,,,,LLLYLLLTVLLALLFSLLILI_0,1.1001100110011e+17,1.0,-70.4824,-70.5571,-74.1713,-235.041,-222.937,-253.037,-373.845,4694.69,3865.89,3754.01,-17.1449,62.6329,-85.4657,-17.7177,-46.6362,-105.613,17.6092,26.8792,9.45526,4.71916,3.4833,62.8656,-105.587,2.45296,19.0015,-311.212,9.4143,2.6692,1.20599,0.0,LLLYLLLTVLLALLFSLLILI,0.2638477368650139,0.0931276792986719,L,99999900.0,-38.829499999999996,3.688900000000004,17.99600000000001,828.7999999999997,-0.04685026544401545,0.004450892857142863,0.02171332046332048,-0.0206864140926641
YLLLAVLIILLFSLL,Mutant,,clash,11.0,LLLYLLLAVLITLLFSLLILI,0.1666909451146143,LLLYLLLAVLIILLFSLLILI_2,1.1001100110011e+17,1.0,-60.4566,-60.4566,-60.4566,-237.613,-236.655,-253.957,-363.382,4721.08,3858.88,3745.91,-17.1395,-4.47544,-82.4515,-70.7457,-48.9678,-106.481,31.1404,23.3535,9.77997,6.67612,5.64323,6.35026,-110.96,14.1167,21.5291,-357.769,9.2522,5.04976,3.76151,2.0,LLLYLLLAVLIILLFSLLILI,0.0894087335857887,0.055260169321106,L,99999900.0,-33.4837,0.0,16.343999999999994,862.1999999999998,-0.038835189051264214,0.0,0.018956158663883088,-0.019878798422639767
YALLTVLFLLLASLL,Mutant,,void,4.0,LLLYWLLTVLFLLLASLLILI,0.0589374514175448,LLLYALLTVLFLLLASLLILI_2,1.1001100110011e+17,1.0,-70.6267,-70.6267,-74.1521,-233.979,-233.179,-250.025,-363.652,4664.99,3876.65,3863.73,-17.1386,-4.89293,-76.1851,-64.7392,-39.4743,-102.882,26.9818,24.6359,8.88188,5.57484,4.47957,-1.06366,-107.499,6.70704,26.7755,-364.529,9.3626,3.5303,2.13091,2.0,LLLYALLTVLFLLLASLLILI,0.2598529128387837,0.0213725622050193,L,99999900.0,-36.710800000000006,3.5254000000000048,16.045999999999992,788.3399999999997,-0.046567217190552325,0.004471928355785582,0.020354161909835855,-0.02174011213435828
FSLLLTLLVALLSYL,WT,LLLFSLLLTLLVILLSYLILI,clash,,,,LLLFSLLLTLLVALLSYLILI_2,1.1001100110011e+17,1.0,-82.6789,-82.1995,-74.229,-233.956,-230.788,-247.816,-364.127,4659.25,3804.56,3801.78,-17.1213,7290.14,-64.6138,7239.0,-42.0828,-36.1713,78.0732,-42.8806,8.31138,2.46558,2.13668,6380.37,-35.2793,68.608,-36.9944,6926.02,8.5572,1.05398,0.583101,2.0,LLLFSLLLTLLVALLSYLILI,0.260743095445101,0.0467344078044846,R,99999900.0,-22.531,-8.4499,13.860000000000014,854.69,-0.02636160479238086,-0.009886508558658694,0.01621640594835556,-0.02003217540862769
YVLLFTLLATLLSLL,WT,LLLYVLLFTLLATLLSALILI,void,,,,LLLYVLLFTLLATLLSLLILI_0,1.1001100110011e+17,1.0,-88.1717,-88.4772,-87.8885,-241.692,-233.773,-252.529,-374.939,4657.28,4017.01,3844.73,-17.1135,-7.80995,-62.188,-60.4987,-34.5214,-35.0527,90.1954,-47.9706,7.99115,3.93428,3.78721,-8.48085,-37.5163,77.3551,-44.2381,-382.749,8.0869,2.57038,2.23071,0.0,LLLYVLLFTLLATLLSLLILI,0.193238663379283,0.1114626753222757,R,99999900.0,-27.666600000000003,-0.2832000000000079,10.836999999999989,640.2699999999995,-0.04321083292985775,-0.00044231339903479485,0.016925671982132535,-0.026728567635528777
LTVLLIILYLLLSFL,Mutant,,clash,8.0,LLLLTVLLAILYLLLSFLILI,0.1388352015966447,LLLLTVLLIILYLLLSFLILI_2,1.1001100110011e+17,1.0,-60.3923,-60.3126,-60.3923,-250.176,-249.892,-253.628,-372.513,4599.72,3787.57,3610.87,-17.0777,47.474,-79.0224,-14.8352,-58.4932,-57.6647,84.5787,20.2343,10.2381,6.56783,6.33651,50.8435,-51.0509,77.9264,26.2034,-322.511,9.0772,4.6777,4.3466,2.0,LLLLTVLLIILYLLLSFLILI,0.2289232506148274,0.1479784589397924,L,99999900.0,-20.529200000000003,0.0,3.451999999999998,812.1500000000001,-0.025277596503109033,0.0,0.004250446346118326,-0.021027765806809085
FILLLILTALLYVLL,Mutant,,clash,4.0,LLLFALLLILTALLYVLLILI,0.1355273634586155,LLLFILLLILTALLYVLLILI_1,1.1001100110011e+17,1.0,-58.9052,-58.9052,-58.8808,-229.491,-230.59,-250.682,-361.449,4641.41,3703.15,3749.05,-17.0722,-11.9775,-90.1255,-83.9318,-51.8866,-113.565,15.6032,19.2295,9.59674,5.64114,4.37518,-3.03381,-115.762,1.87941,19.6398,-362.611,9.2964,4.11802,2.64621,1.0,LLLFILLLILTALLYVLLILI,0.2650737993651829,0.0286409223047772,L,99999900.0,-38.2389,-0.024399999999999977,21.190999999999974,938.2599999999998,-0.040755121181762,-2.6005584805917318e-05,0.022585424082876792,-0.018195596103425492
YILLFALLTVLLSLL,WT,LLLYILLFALLTVLLSALILI,void,,,,LLLYILLFALLTVLLSLLILI_0,1.1001100110011e+17,1.0,-74.3044,-74.3044,-74.3044,-246.376,-234.497,-252.657,-370.435,4681.65,4034.66,3916.43,-17.0605,-9.89261,-66.8145,-71.5264,-43.4737,-35.8762,110.153,-40.0765,9.16442,6.75212,6.90442,-9.88638,-41.9569,84.1671,-45.0,-380.328,9.0,4.15609,3.9186,0.0,LLLYILLFALLTVLLSLLILI,0.2575898062256889,0.039487079219904,R,99999900.0,-23.340799999999994,0.0,6.281000000000006,646.9899999999998,-0.03607598262724308,0.0,0.009708032581647333,-0.026369031978855942
YVLLGALLIILLTLL,Mutant,,clash,11.0,LLLYVLLGALLGILLTLLILI,0.7304449043521262,LLLYVLLGALLIILLTLLILI_2,1.1001100110011e+17,1.0,-58.7202,-62.3709,-58.7202,-240.537,-224.664,-249.399,-366.059,4653.45,3923.83,3676.03,-17.0546,55728.6,-83.8562,55649.6,-57.9403,-82.2855,70.8877,-37.9517,9.01295,8.41266,7.97598,37237.7,-72.8097,60.8563,-43.7016,55362.5,6.839,5.63706,5.0499,2.0,LLLYVLLGALLIILLTLLILI,0.2109978292294958,0.0421825638581694,G,99999900.0,-25.9159,0.0,8.861999999999995,729.6199999999999,-0.0355197225953236,0.0,0.012146048628052953,-0.02337463337079576
VYLLTILLALLLIFL,Mutant,,clash,15.0,LLLVYLLTILLALLLSFLILI,0.1598587208592712,LLLVYLLTILLALLLIFLILI_1,1.1001100110011e+17,1.0,-58.838,-58.838,-58.838,-241.293,-240.338,-250.137,-363.447,4657.09,3836.32,3800.44,-17.0544,51.7841,-80.3706,-12.4869,-54.472,-68.8673,70.1994,-38.0365,8.37818,6.30701,5.86,44.5508,-65.4251,62.8523,-35.0,-310.565,8.0148,4.79882,4.2416,1.0,LLLVYLLTILLALLLIFLILI,0.2622428173189565,0.0895893437550387,R,99999900.0,-25.898599999999995,0.0,8.843999999999994,820.77,-0.031554028534181315,0.0,0.010775247633319924,-0.02077853722723784
LVLLIALLATLLSAL,Mutant,,void,16.0,LLLLVLLIALLATLLSFLILI,-0.0590343501241735,LLLLVLLIALLATLLSALILI_0,1.1001100110011e+17,1.0,-73.6071,-73.7253,-74.0464,-229.301,-219.029,-237.062,-379.284,4496.76,3854.02,3803.33,-17.026,-7.28607,-93.4012,-93.8157,-68.1755,-36.6068,94.9008,-41.8149,7.84591,4.80263,4.72614,-6.89541,-40.8345,76.2695,-41.1941,-386.57,8.0,2.92156,2.5656,0.0,LLLLVLLIALLATLLSALILI,0.3729156123086308,0.0466107098975999,R,99999900.0,-25.225700000000003,0.4393000000000029,7.761000000000024,642.7400000000002,-0.0392471294769269,0.0006834801008183757,0.01207486697576006,-0.026489715903786903
YGLLFALLIILLTLL,Mutant,,clash,11.0,LLLYGLLFALLGILLTLLILI,0.0681090354951248,LLLYGLLFALLIILLTLLILI_2,1.1001100110011e+17,1.0,-58.7811,-52.8603,-58.7811,-243.219,-229.301,-252.306,-355.146,4707.75,4072.03,3646.3,-17.0137,26755.4,-70.1601,26682.4,-44.0593,-78.7126,63.6395,-36.7182,8.81203,6.89823,6.35282,25675.7,-64.5043,61.457,-37.6682,26400.2,6.656,4.47234,3.89419,2.0,LLLYGLLFALLIILLTLLILI,0.2228134561257837,0.0111595269278089,G,99999900.0,-26.1008,0.0,9.087000000000018,635.7199999999998,-0.041057069149940235,0.0,0.014294028817718525,-0.026762883030264906
AYLLTLLLAILLSFL,WT,LLLAYLLTLLLIILLSFLILI,clash,,,,LLLAYLLTLLLAILLSFLILI_2,1.1001100110011e+17,1.0,-80.3817,-81.9165,-74.1339,-236.263,-234.162,-249.201,-366.283,4639.3,3904.15,3883.7,-17.0052,-1.553,-66.6437,-51.7581,-42.9486,-41.7753,73.8968,-48.9289,8.60354,2.74237,2.35082,1.88393,-35.2789,74.0431,-44.1963,-378.422,8.7202,1.78765,1.3983,2.0,LLLAYLLTLLLAILLSFLILI,0.2992731747691188,0.0605248133262602,R,99999900.0,-23.695099999999996,-6.247799999999998,12.937999999999988,735.1500000000001,-0.03223165340406719,-0.008498673740053047,0.017599129429368136,-0.023131605794735763
LYLLLAVLTILLFSL,Mutant,,clash,12.0,LLLLYLLLAVLTALLFSLILI,0.1068490366752858,LLLLYLLLAVLTILLFSLILI_2,1.1001100110011e+17,1.0,-74.2439,-70.489,-74.2439,-235.423,-224.771,-248.316,-366.763,4619.72,3754.36,3629.49,-17.0035,49.4403,-74.0996,-22.0625,-44.203,-20.5462,96.7443,24.1132,10.664,2.64241,2.59357,45.4453,-16.1108,85.7945,18.2467,-322.583,9.3989,0.498883,0.285801,2.0,LLLLYLLLAVLTILLFSLILI,0.1997130027216702,0.047170257335564,L,99999900.0,-29.896599999999992,0.0,12.893,865.3600000000001,-0.03454816492558009,0.0,0.014899001571600257,-0.01964904779513728
VALLAALLFTLLSIL,Mutant,,void,7.0,LLLVALLLALLFTLLSILILI,0.2556673158385016,LLLVALLAALLFTLLSILILI_1,1.1001100110011e+17,1.0,-74.091,-74.091,-74.091,-230.008,-225.834,-237.857,-362.347,4529.77,3788.3,3783.73,-16.9978,-9.98048,-75.2454,-72.4022,-50.3992,-41.9703,94.502,-30.9791,8.26759,5.55331,5.47084,-9.33841,-39.6626,86.0874,-35.0,-372.006,8.2373,4.07119,3.8625,1.0,LLLVALLAALLFTLLSILILI,0.3989601783584808,0.0297135116187173,R,99999900.0,-24.846200000000003,0.0,7.8489999999999895,741.4700000000003,-0.03350938001537486,0.0,0.010585728350438976,-0.022924460868275178
AILLLTLLTVLLSFL,WT,LLLAILLLILLTVLLSFLILI,clash,,,,LLLAILLLTLLTVLLSFLILI_0,1.1001100110011e+17,1.0,-81.0242,-88.0085,-88.0085,-233.57,-225.665,-245.36,-383.106,4564.3,3985.99,3792.56,-16.9972,-8.42744,-85.5093,-77.8601,-49.7376,-32.5679,100.278,-45.2954,8.80423,4.92272,4.92689,-8.76755,-39.0642,80.9104,-41.9448,-391.534,8.9591,3.28254,2.9962,0.0,LLLAILLLTLLTVLLSFLILI,0.3321140443006701,0.0519488071998359,R,99999900.0,-35.771699999999996,6.984300000000005,11.79000000000002,578.3100000000004,-0.06185557918763288,0.012077086683612594,0.020386989676816954,-0.029391156991924725
YALLFALLTVLLSLL,WT,LLLYALLFALLTVLLSALILI,void,,,,LLLYALLFALLTVLLSLLILI_0,1.1001100110011e+17,1.0,-74.3379,-74.259,-74.3379,-240.599,-232.996,-249.892,-363.759,4675.63,3985.62,3882.71,-16.994,-8.69226,-65.8163,-65.1967,-39.5297,-29.5573,107.237,-40.869,8.65242,5.41063,5.51919,-8.31503,-36.6602,86.1438,-39.3244,-372.452,8.6204,3.62844,3.4206,0.0,LLLYALLFALLTVLLSLLILI,0.3382838961019689,0.0780463244707412,R,99999900.0,-26.2866,0.0,9.293000000000006,690.0100000000002,-0.03809596962362863,0.0,0.013467920754771675,-0.024628628570600417
YSLLITLLAVLLALL,Mutant,,void,11.0,LLLYSLLITLLFVLLALLILI,-0.2847254231904856,LLLYSLLITLLAVLLALLILI_1,1.1001100110011e+17,1.0,-63.7811,-65.5156,-58.8845,-235.007,-230.747,-248.984,-365.776,4653.16,3985.07,3869.01,-16.984,4927.38,-83.9714,4857.86,-57.9072,-34.5372,82.6339,-40.3535,9.23689,2.83615,2.57566,3541.58,-38.6138,67.2216,-35.9594,4554.72,8.7535,1.36698,0.875303,1.0,LLLYSLLITLLAVLLALLILI,0.5348007494226749,0.0998170363535909,R,99999900.0,-26.0642,-4.896599999999999,13.977000000000004,668.0899999999997,-0.0390130072295649,-0.007329252046879914,0.020920834019368662,-0.025421724617940712
YVLLTALLGALLAFL,Mutant,,void,8.0,LLLYVLLTLLLGALLAFLILI,0.0159564755160339,LLLYVLLTALLGALLAFLILI_2,1.1001100110011e+17,1.0,-61.6596,-64.1818,-58.7433,-229.672,-222.205,-242.207,-333.497,4581.86,4002.28,3745.27,-16.9751,332.814,-59.14,285.704,-32.546,-47.8908,68.4421,-50.1385,7.0717,2.92331,2.44994,326.945,-43.2635,63.1811,-42.5139,-0.682426,7.006,1.51898,0.966697,2.0,LLLYVLLTALLGALLAFLILI,0.2365145582537767,0.0080823852560481,G,99999900.0,-26.594,-2.9162999999999997,12.534999999999997,579.5799999999995,-0.045884951171538055,-0.005031747127230067,0.021627730425480534,-0.02928862279581769
YALLVALLLALLSTL,Mutant,,void,4.0,LLLYFLLVALLLALLSTLILI,-0.0348687397616669,LLLYALLVALLLALLSTLILI_0,1.1001100110011e+17,1.0,-74.18,-75.0437,-74.18,-232.312,-226.49,-245.1,-370.053,4605.55,3901.71,3939.31,-16.9751,-7.09993,-80.5353,-75.6185,-50.7724,-11.8361,104.993,-39.9533,8.22738,2.44945,2.52435,-6.86561,-18.8236,86.1077,-38.4912,-377.153,8.6409,0.948085,0.739701,0.0,LLLYALLVALLLALLSTLILI,0.3594380707519362,0.0179256414345788,R,99999900.0,-29.76290000000001,0.0,12.787999999999982,703.8400000000001,-0.04228645714935213,0.0,0.01816890202318706,-0.024117839281654917
YALLATLLAILLFSL,Mutant,,void,4.0,LLLYLLLATLLAILLFSLILI,-0.0648813368357126,LLLYALLATLLAILLFSLILI_0,1.1001100110011e+17,1.0,-74.1693,-74.1693,-74.1693,-235.908,-228.689,-247.497,-355.285,4641.27,3950.44,3882.39,-16.9686,-9.24408,-62.1771,-61.6716,-33.6195,-57.2248,82.0142,-46.9452,8.68269,6.15562,5.88584,-8.88709,-53.5058,73.6956,-45.0,-364.53,8.8777,4.47477,4.0802,0.0,LLLYALLATLLAILLFSLILI,0.1900191432536125,0.0489949886843862,R,99999900.0,-28.5576,0.0,11.589000000000027,690.8300000000004,-0.04133810054572035,0.0,0.016775472981775574,-0.024562627563944804
YSLLFVLLLLLATLL,WT,LLLYSLLFVLLILLATLLILI,clash,,,,LLLYSLLFVLLLLLATLLILI_0,1.1001100110011e+17,1.0,-58.817,-65.5629,-58.817,-237.832,-228.331,-253.887,-361.527,4751.81,3944.85,3756.18,-16.9453,14.7126,-81.8229,-52.9205,-48.8224,-115.641,20.6824,28.5546,9.91342,6.63825,5.44849,14.2352,-112.035,7.0217,25.6894,-346.814,8.8215,4.25318,2.85851,0.0,LLLYSLLFVLLLLLATLLILI,0.1544456914898724,0.1184630966507767,L,99999900.0,-33.0005,0.0,16.055000000000007,806.9600000000005,-0.040894839892931474,0.0,0.019895657777337164,-0.020998934271835024
YFLLTVLLLLLASLL,WT,LLLYFLLTVLLLLLISLLILI,clash,,,,LLLYFLLTVLLLLLASLLILI_0,1.1001100110011e+17,1.0,-70.457,-74.0395,-74.0825,-234.076,-229.169,-253.893,-371.348,4782.07,3865.21,3828.8,-16.9367,-7.00744,-83.7523,-75.1478,-43.3729,-106.646,16.2483,22.7823,9.3767,4.69043,3.43415,-7.16715,-112.036,2.098,25.9917,-378.356,9.5,3.58863,2.1201,0.0,LLLYFLLTVLLLLLASLLILI,0.2657016840924341,0.1312361024318906,L,99999900.0,-40.379400000000004,3.6255000000000024,19.817000000000007,916.8599999999997,-0.0440409659053727,0.003954256920358619,0.02161398686822417,-0.018472503980978563
VILLLFLLSLLYTLL,Mutant,,clash,4.0,LLLVALLLFLLSLLYTLLILI,0.0839485112613628,LLLVILLLFLLSLLYTLLILI_1,1.1001100110011e+17,1.0,-74.2264,-74.19,-74.19,-233.395,-231.419,-252.314,-379.005,4659.34,3753.64,3688.06,-16.9255,359.464,-88.309,286.068,-52.5007,-115.135,6.99187,18.2214,10.0058,4.71422,3.3191,91.4261,-105.769,4.6377,20.6829,-288.449,9.4739,2.99144,1.56101,1.0,LLLVILLLFLLSLLYTLLILI,0.225132118670207,0.1050901929756188,L,99999900.0,-35.808299999999996,-0.03640000000000043,18.918999999999983,905.7000000000003,-0.039536601523683323,-4.018990835817646e-05,0.020888815280998098,-0.01868775532737109
YALLLALLVSLLATL,Mutant,,void,15.0,LLLYALLLALLVSLLFTLILI,0.0624707684644904,LLLYALLLALLVSLLATLILI_2,1.1001100110011e+17,1.0,-74.1887,-74.1887,-74.1887,-233.973,-232.748,-245.009,-370.657,4619.91,3833.16,3823.06,-16.9191,-9.78571,-79.415,-73.5062,-51.4601,-42.0268,78.7198,-32.7991,8.495,3.4312,3.112,-12.2343,-39.3076,75.987,-35.0,-382.999,8.4047,2.65439,2.2942,2.0,LLLYALLLALLVSLLATLILI,0.3305328131612097,0.0567490888128794,R,99999900.0,-27.95490000000001,0.0,11.035999999999973,786.75,-0.03553212583412775,0.0,0.01402732761360022,-0.02150505243088656
YALLLVLIILLFSLL,Mutant,,clash,11.0,LLLYALLLVLITLLFSLLILI,0.0935693108011949,LLLYALLLVLIILLFSLLILI_2,1.1001100110011e+17,1.0,-60.4587,-60.4587,-60.4587,-234.018,-234.395,-254.904,-363.848,4750.41,3920.16,3812.8,-16.9159,2.18837,-86.2865,-66.8059,-48.4846,-105.291,46.4999,29.0984,9.70109,8.57109,7.76859,-1.56486,-109.692,28.2633,28.0,-367.109,9.5,6.76935,5.6933,2.0,LLLYALLLVLIILLFSLLILI,0.2916739506362938,0.0805570105554962,L,99999900.0,-37.8019,0.0,20.885999999999996,830.25,-0.045530743751881965,0.0,0.025156278229448957,-0.020374465522433004
LYLLIVLLATLLIFL,Mutant,,clash,15.0,LLLLYLLIVLLATLLSFLILI,0.0437076117591856,LLLLYLLIVLLATLLIFLILI_2,1.1001100110011e+17,1.0,-58.8959,-55.4581,-58.8959,-239.93,-233.402,-249.784,-359.994,4683.63,3954.52,3864.34,-16.8647,33.5173,-78.0327,-37.6168,-51.3147,-58.5471,64.4443,-43.2761,8.73398,3.98205,3.44872,33.6312,-56.568,53.9293,-45.0,-326.477,8.1133,2.26566,1.5746,2.0,LLLLYLLIVLLATLLIFLILI,0.2665344290726611,0.0491890578810435,R,99999900.0,-26.718000000000004,0.0,9.853999999999985,729.1100000000001,-0.03664467638627916,0.0,0.01351510745977971,-0.023130529001110938
SYLLTILLIFLLTLL,Mutant,,clash,11.0,LLLSYLLTILLAFLLTLLILI,0.1079857228041933,LLLSYLLTILLIFLLTLLILI_1,1.1001100110011e+17,1.0,-90.3118,-86.2333,-72.6902,-244.087,-242.099,-264.327,-380.369,4685.86,3853.12,3752.72,-16.8643,95.9412,-62.8343,43.9047,-43.3519,-73.2681,59.1387,-39.77,9.39729,5.47394,4.86102,96.19,-70.0938,55.5169,-41.2219,-224.374,8.0,4.50885,3.8416,1.0,LLLSYLLTILLIFLLTLLILI,0.3846700283655557,0.0326682740992203,R,99999900.0,-19.4824,-17.6216,20.24000000000001,832.7399999999998,-0.02339553762278743,-0.02116098662247521,0.024305305377428747,-0.020251579124336533
FYLLVILLILLLSTL,Mutant,,clash,11.0,LLLFYLLVILLALLLSTLILI,0.0423421904744036,LLLFYLLVILLILLLSTLILI_0,1.1001100110011e+17,1.0,-74.1925,-74.0334,-74.1631,-244.145,-235.793,-252.711,-374.272,4734.97,3971.13,3831.56,-16.8439,166.144,-72.778,101.699,-47.3971,-66.932,63.8819,-41.6172,9.73541,5.16386,4.62209,154.508,-63.1365,52.5615,-43.97,-208.128,8.1663,3.06628,2.3547,0.0,LLLFYLLVILLILLLSTLILI,0.2522353430885599,0.0058276626754796,R,99999900.0,-25.380900000000004,-0.02939999999999543,8.566000000000003,763.8400000000001,-0.03322803204859656,-3.848973607037524e-05,0.011214390448261417,-0.02205160766652702
YALLVALLITLLFIL,Mutant,,clash,16.0,LLLYALLVALLITLLFLLILI,0.0216044219036304,LLLYALLVALLITLLFILILI_0,1.1001100110011e+17,1.0,-58.2349,-59.7357,-58.8507,-236.551,-231.473,-252.057,-350.625,4680.61,4046.41,3928.04,-16.8404,-12.0128,-72.6793,-71.4294,-39.7172,-27.9902,104.265,-43.7576,8.54359,4.77431,4.83829,-11.8598,-28.1339,95.9421,-37.7472,-362.638,8.6579,3.67227,3.6114,0.0,LLLYALLVALLITLLFILILI,0.286568126125713,0.0390161700814387,R,99999900.0,-32.9621,0.6158000000000001,15.506,634.1999999999998,-0.05197429832860298,0.0009709870703248192,0.024449700409965316,-0.026553768527278466
YLLLTVLLALLASLL,Mutant,,void,14.0,LLLYLLLTVLLALLFSLLILI,-0.0796193458000234,LLLYLLLTVLLALLASLLILI_1,1.1001100110011e+17,1.0,-73.9376,-70.5571,-74.1713,-236.634,-228.436,-248.001,-380.231,4631.1,3770.21,3774.54,-16.837,63.0298,-86.4963,-18.2081,-58.058,-107.29,22.0832,25.413,9.28599,5.5747,4.40595,68.2175,-105.587,2.45296,19.0015,-311.818,9.4143,2.6692,1.20599,1.0,LLLYLLLTVLLALLASLLILI,0.3434670826650379,0.0885228165581916,L,99999900.0,-28.438300000000005,0.2336999999999989,11.367000000000019,860.8900000000003,-0.033033604757866854,0.00027146325314499975,0.013203777486089993,-0.01955766706547874
YALLTILLTALLSLL,Mutant,,void,12.0,LLLYALLTILLTFLLSLLILI,0.0986190361528157,LLLYALLTILLTALLSLLILI_0,1.1001100110011e+17,1.0,-84.9701,-84.2084,-87.934,-238.769,-232.795,-249.629,-384.573,4635.85,4020.85,3921.76,-16.8347,-10.063,-77.6683,-77.6322,-47.0098,-71.4395,62.3686,-36.5056,8.95768,5.63569,5.07122,-9.85296,-72.6011,53.9923,-36.179,-394.636,9.0,4.67912,3.989,0.0,LLLYALLTILLTALLSLLILI,0.1941400541165797,0.0401469081802222,R,99999900.0,-30.658500000000004,2.9638999999999953,10.859999999999985,615.0000000000005,-0.049851219512195094,0.004819349593495924,0.017658536585365817,-0.027373495934959333
YTLLAALLAVLLSLL,Mutant,,void,7.0,LLLYTLLIALLAVLLSLLILI,0.0556990056712674,LLLYTLLAALLAVLLSLLILI_2,1.1001100110011e+17,1.0,-68.5484,-66.9298,-60.3856,-226.103,-224.701,-247.764,-64.344,4643.7,3893.28,3878.73,-16.834,-0.789972,213.473,226.497,243.805,-50.1021,76.1392,-46.4403,8.2332,4.2941,3.93619,1.61531,-46.7103,70.4803,-42.9747,-49.9328,8.3098,3.02139,2.57859,2.0,LLLYTLLAALLAVLLSLLILI,0.3223931776719639,0.0227985601006684,R,99999900.0,-30.331999999999994,-8.162800000000004,21.661,750.4199999999996,-0.040420031449055205,-0.010877641853895163,0.02886516883878363,-0.022432770981583656
WTLLVALLAILLSLL,Mutant,,void,8.0,LLLWTLLVFLLAILLSLLILI,-0.0324150268354909,LLLWTLLVALLAILLSLLILI_0,1.1001100110011e+17,1.0,-76.3012,-72.6442,-60.3741,-230.293,-225.301,-248.951,-379.089,4656.88,3864.89,3873.69,-16.7882,-6.7727,-89.2828,-87.9171,-69.764,-64.1244,57.2065,-41.4159,8.9171,3.84154,3.19964,-5.54177,-66.894,46.55,-38.3386,-385.862,9.0,2.81835,2.0166,0.0,LLLWTLLVALLAILLSLLILI,0.3229624718513204,0.0281666606114473,R,99999900.0,-19.5188,-15.927099999999996,18.657999999999987,791.9900000000002,-0.02464526067248323,-0.020110228664503328,0.023558378262351774,-0.021197489867296297
SYLLIFLLAILLTLL,Mutant,,clash,7.0,LLLSYLLVFLLAILLTLLILI,-0.0427197753592608,LLLSYLLIFLLAILLTLLILI_0,1.1001100110011e+17,1.0,-72.0022,-64.6479,-58.8692,-237.06,-238.524,-259.309,-370.371,4667.21,3766.58,3764.24,-16.7584,-14.835,-78.0672,-82.034,-52.193,-82.8143,48.1525,-42.5452,9.18997,5.42273,4.64502,-14.79,-79.5719,55.1888,-42.772,-385.206,8.8555,5.88627,5.2141,0.0,LLLSYLLIFLLAILLTLLILI,0.4405163112640844,0.0934267404240416,R,99999900.0,-25.874200000000002,-13.133000000000003,22.249000000000024,900.6300000000001,-0.02872900081054373,-0.014582014811853925,0.024703818438204392,-0.018607419250968767
VALLLFLLSLLATLL,Mutant,,void,14.0,LLLVALLLFLLSLLYTLLILI,0.0230478031728575,LLLVALLLFLLSLLATLLILI_2,1.1001100110011e+17,1.0,-74.19,-70.6542,-74.2236,-229.655,-216.5,-242.499,-375.339,4590.46,3733.43,3746.41,-16.7436,34.1132,-88.2382,-54.0713,-58.6166,-107.421,17.5443,22.9108,9.19405,4.98171,3.74487,35.0673,-105.769,4.6377,20.6829,-341.226,9.4739,2.99144,1.56101,2.0,LLLVALLLFLLSLLATLLILI,0.2860328267587123,0.0670991247063464,L,99999900.0,-29.621600000000008,0.03360000000000696,12.843999999999994,857.0300000000002,-0.03456308413941169,3.920516201300649e-05,0.014986639907587822,-0.01953677234169165
YSLLLTLLATLLAAL,Mutant,,void,16.0,LLLYSLLLTLLATLLAFLILI,-0.0675525388192011,LLLYSLLLTLLATLLAALILI_1,1.1001100110011e+17,1.0,-83.5032,-81.848,-72.5555,-227.394,-222.363,-245.48,-363.665,4653.7,3981.61,3856.9,-16.7408,1698.61,-69.5086,1639.15,-45.6301,-41.0917,78.1763,-45.4388,7.96291,3.21755,2.8902,1654.11,-43.6777,70.6483,-39.0967,1327.27,8.0,2.58918,2.1489,1.0,LLLYSLLLTLLATLLAALILI,0.2742037790290562,0.0096823455238095,R,99999900.0,-23.878500000000003,-10.947700000000012,18.085999999999984,672.0899999999997,-0.035528723831629715,-0.01628903867041619,0.026910086446755632,-0.024908568792870015
YALLAVLLGLLLGSL,Mutant,,void,4.0,LLLYFLLAVLLGLLLGSLILI,-0.0195285898938958,LLLYALLAVLLGLLLGSLILI_1,1.1001100110011e+17,1.0,-63.9131,-61.3914,-60.2613,-221.135,-220.732,-239.486,-350.876,4577.47,3588.78,3582.95,-16.7267,-8.70042,-82.5543,-77.4526,-51.1285,-73.5249,42.8338,-38.5512,7.36305,3.3113,2.45381,-8.86697,-72.2097,37.011,-35.0,-356.97,7.3038,2.32794,1.3831,1.0,LLLYALLAVLLGLLLGSLILI,0.291332283644535,0.1325999840206115,G,99999900.0,-31.425799999999995,-3.6518000000000015,18.351,988.69,-0.03178529164854504,-0.003693574325622795,0.018560924051017,-0.016918043067088773
YVLLFALLTVLLSAL,Mutant,,void,16.0,LLLYVLLFALLTVLLSLLILI,0.0804121235995976,LLLYVLLFALLTVLLSALILI_0,1.1001100110011e+17,1.0,-74.2788,-74.2394,-74.2788,-238.088,-226.9,-247.902,-354.969,4648.76,4064.99,3923.9,-16.7081,-5.9844,-59.31,-59.8139,-32.7879,-33.8358,105.507,-44.3067,8.82894,5.81886,5.90147,-6.01855,-39.2116,82.5884,-44.5047,-360.953,8.7478,3.53117,3.27,0.0,LLLYVLLFALLTVLLSALILI,0.2215929252084852,0.0169614946330485,R,99999900.0,-26.522100000000002,0.0,9.813999999999993,583.7700000000004,-0.045432447710570915,0.0,0.01681141545471673,-0.028621032255854172
YVLLTILLILLLSFL,Mutant,,clash,11.0,LLLYVLLTILLALLLSFLILI,0.0554537299406159,LLLYVLLTILLILLLSFLILI_0,1.1001100110011e+17,1.0,-74.2642,-74.1483,-74.2348,-252.298,-238.898,-257.603,-378.945,4702.56,4148.79,3875.99,-16.707,64.0774,-69.0897,-1.82091,-47.1071,-63.1672,78.6507,-40.5093,10.089,6.59292,6.27268,62.3106,-57.818,66.41,-40.684,-314.868,9.0,4.13805,3.6342,0.0,LLLYVLLTILLILLLSFLILI,0.3049106183124601,0.0272751913181821,R,99999900.0,-21.98259999999999,-0.02939999999999543,5.305000000000007,553.7700000000004,-0.039696263791826884,-5.309063329540316e-05,0.009579789443270677,-0.030169564981851648
YTLLVALLAALLSLL,Mutant,,void,11.0,LLLYTLLVALLFALLSLLILI,-0.0815716763834551,LLLYTLLVALLAALLSLLILI_1,1.1001100110011e+17,1.0,-69.8571,-68.4484,-60.4371,-222.845,-224.386,-244.882,-361.81,4615.09,3843.37,3840.49,-16.7019,-11.3106,-85.8103,-80.2862,-56.4909,-38.5309,73.9907,-40.4874,7.74339,2.26838,1.87824,-7.83034,-41.4439,73.7208,-39.1581,-368.637,8.0,2.66889,2.2747,1.0,LLLYTLLVALLAALLSLLILI,0.389611676823147,0.0341419050209358,R,99999900.0,-29.319399999999995,-9.420000000000002,22.037000000000006,771.7200000000003,-0.037992276991654986,-0.01220649976675478,0.02855569377494428,-0.02164243508008085
ATLLVALLATLLSLL,Mutant,,void,3.0,LLLYTLLVALLATLLSLLILI,-0.0483910998913296,LLLATLLVALLATLLSLLILI_1,1.1001100110011e+17,1.0,-81.9392,-74.0377,-74.0377,-224.223,-219.225,-240.863,-378.377,4504.4,3694.16,3750.68,-16.7017,26.0752,-88.9168,-59.0388,-63.4764,-49.89,78.3273,-42.2011,8.1443,4.55769,4.2326,-4.93215,-44.1843,73.3677,-43.7221,-384.568,8.0672,3.03228,2.6328,1.0,LLLATLLVALLATLLSLLILI,0.4483518613033651,0.0325591248474046,R,99999900.0,-25.440399999999997,-7.901499999999999,16.639999999999986,810.2399999999998,-0.03139859794628752,-0.009752048775671407,0.020537124802527635,-0.020613275078988944
YVLLATLLAFLLILL,Mutant,,clash,15.0,LLLYVLLATLLAFLLSLLILI,0.0064390230341487,LLLYVLLATLLAFLLILLILI_2,1.1001100110011e+17,1.0,-58.8282,-58.8282,-58.8282,-247.744,-240.546,-251.535,-356.441,4687.36,3984.33,3825.89,-16.6797,27.6974,-66.5487,-29.3691,-46.0774,-70.333,75.6919,-40.6382,9.10211,7.26835,6.90373,27.6755,-66.8884,60.5156,-36.0695,-329.845,8.5071,4.70287,4.1106,2.0,LLLYVLLATLLAFLLILLILI,0.2898288771620339,0.0337741504082318,R,99999900.0,-20.4713,0.0,3.790999999999997,703.0299999999997,-0.02911867203391037,0.0,0.005392373013953883,-0.023725445571312755
SYLLVLLLALLLTFL,WT,LLLSYLLILLLALLLTFLILI,clash,,,,LLLSYLLVLLLALLLTFLILI_2,1.1001100110011e+17,1.0,-72.889,-71.2862,-58.8832,-235.203,-235.538,-259.16,-369.991,4700.72,3863.98,3803.53,-16.678,-14.5583,-78.5771,-77.7252,-51.9476,-75.0801,54.5751,-45.0272,8.64393,5.12966,4.44829,-14.4871,-77.6256,57.7497,-43.493,-384.861,8.7997,5.94005,5.3063,2.0,LLLSYLLVLLLALLLTFLILI,0.3882126448321174,0.044962318735891,R,99999900.0,-26.6295,-14.005799999999994,23.957000000000022,836.7400000000002,-0.03182529818103592,-0.016738532877596374,0.028631355020675497,-0.019932117503645094
YSLLLTLLVALLSFL,WT,LLLYSLLLTLLVILLSFLILI,clash,,,,LLLYSLLLTLLVALLSFLILI_0,1.1001100110011e+17,1.0,-83.2623,-82.6999,-74.2595,-234.247,-234.065,-253.812,-366.322,4765.25,4070.25,3838.74,-16.6758,24.4019,-65.4882,-25.1545,-38.2504,-34.1005,82.1861,-47.0477,8.52003,2.71021,2.443,24.9064,-37.8829,78.3957,-41.3335,-341.92,8.3984,2.76586,2.4418,0.0,LLLYSLLLTLLVALLSFLILI,0.298132497952325,0.0903896289499858,R,99999900.0,-27.237800000000007,-9.002799999999993,19.564999999999998,695.0,-0.039191079136690656,-0.012953669064748192,0.028151079136690644,-0.023993956834532374
YVLLTALLGTLLAFL,Mutant,,void,8.0,LLLYVLLTLLLGTLLAFLILI,-0.012324515579265,LLLYVLLTALLGTLLAFLILI_2,1.1001100110011e+17,1.0,-72.6251,-72.6251,-72.6251,-235.067,-229.577,-245.438,-344.423,4597.23,4125.43,3771.22,-16.6534,855.732,-53.3844,813.511,-26.36,-46.8942,78.2898,-48.192,8.04164,4.10325,3.7776,669.398,-48.9252,56.7148,-39.7132,507.45,7.3783,1.49528,0.846002,2.0,LLLYVLLTALLGTLLAFLILI,0.216035876841053,0.0483840800890946,G,99999900.0,-27.0244,0.0,10.370999999999981,471.7999999999993,-0.0572793556591777,0.0,0.021981771937261543,-0.035297583721916125
LYALLALLAVLTSLL,Mutant,,void,5.0,LLLLYFLLALLAVLTSLLILI,-0.0576931623037464,LLLLYALLALLAVLTSLLILI_2,1.1001100110011e+17,1.0,-74.2756,-74.2756,-74.2756,-225.538,-221.332,-239.235,-367.1,4496.95,3685.29,3612.74,-16.6528,77.3285,-83.9394,5.836,-53.5896,-48.9369,97.0849,21.806,9.89399,6.94699,6.90326,62.3046,-53.3268,80.5799,18.6844,-207.906,8.9663,5.3773,5.086,2.0,LLLLYALLALLAVLTSLLILI,0.3575006821378621,0.0443531186357125,L,99999900.0,-30.34980000000001,0.0,13.697000000000003,811.6599999999999,-0.03739225784195355,0.0,0.01687529261020625,-0.020516965231747286
LAVLLALLATLISLL,Mutant,,void,8.0,LLLLAVLLFLLATLISLLILI,-0.23993957929735,LLLLAVLLALLATLISLLILI_0,1.1001100110011e+17,1.0,-74.1808,-74.1808,-74.1808,-220.223,-212.61,-237.762,-380.919,4448.28,3583.0,3705.3,-16.6262,-2.1449,-103.141,-96.2735,-68.9762,-54.195,72.5689,20.909,8.0475,4.42605,4.01459,-1.87862,-60.0299,56.8654,19.5041,-383.064,8.5832,3.18132,2.5343,0.0,LLLLAVLLALLATLISLLILI,0.4995348129954533,0.0228662903058658,L,99999900.0,-34.1648,0.0,17.538999999999987,865.2799999999997,-0.03948409763313611,0.0,0.02026973927514792,-0.01921482063609468
YVLLAALLTLLLSFL,Mutant,,void,8.0,LLLYVLLAILLTLLLSFLILI,0.0370043154731683,LLLYVLLAALLTLLLSFLILI_2,1.1001100110011e+17,1.0,-71.554,-71.5953,-74.1091,-237.278,-236.848,-249.804,-101.806,4658.82,4056.41,3877.59,-16.625,-16.1702,190.401,190.467,222.107,-78.0121,48.1479,-36.695,8.55692,4.70178,3.924,-14.5587,-76.3191,47.1656,-35.0895,-116.447,8.6159,4.31522,3.5227,2.0,LLLYVLLAALLTLLLSFLILI,0.2342111689576589,0.0167122426405082,R,99999900.0,-31.70599999999999,2.555099999999996,12.52600000000001,602.4099999999999,-0.05263192842084294,0.004241463455121921,0.02079314752411151,-0.027597483441509942
YSLLVALLALLLATL,Mutant,,void,11.0,LLLYSLLVALLFLLLATLILI,-0.0848988615966981,LLLYSLLVALLALLLATLILI_2,1.1001100110011e+17,1.0,-70.9683,-72.0113,-58.8495,-231.164,-231.452,-246.269,-359.382,4669.27,3846.64,3783.58,-16.6219,6443.46,-73.8721,6387.54,-54.2641,-51.8014,81.657,-41.5906,8.61,5.29391,5.01876,3670.46,-47.1744,74.855,-35.0,6079.53,8.0,3.68158,3.3044,2.0,LLLYSLLVALLALLLATLILI,0.3673485062474197,0.030273919520183,R,99999900.0,-19.608000000000004,-12.1188,15.105000000000018,822.6300000000006,-0.023835746325808677,-0.01473177491703438,0.01836183946610263,-0.020205803338074212
LALLFALLTVLLIIL,Mutant,,clash,15.0,LLLLALLFALLTVLLSILILI,0.1034373614181478,LLLLALLFALLTVLLIILILI_0,1.1001100110011e+17,1.0,-58.9654,-58.9654,-58.9654,-237.958,-229.41,-242.642,-364.45,4568.56,3900.87,3828.25,-16.5969,34.8683,-84.1235,-41.2062,-62.8423,-36.1168,105.633,-46.7167,8.67737,6.17799,6.26249,35.4976,-40.1021,85.4292,-41.8264,-329.581,8.4975,4.04826,3.8297,0.0,LLLLALLFALLTVLLIILILI,0.359889290279186,0.0130410917409687,R,99999900.0,-21.281200000000005,0.0,4.6839999999999975,667.6900000000005,-0.0318728751366652,0.0,0.007015231619464113,-0.024857194206892405
YILLLTLLAVLLSFL,WT,LLLYILLLTLLAILLSFLILI,clash,,,,LLLYILLLTLLAVLLSFLILI_2,1.1001100110011e+17,1.0,-74.1983,-74.1983,-74.1983,-236.75,-235.382,-252.824,-367.793,4689.19,4075.42,3895.64,-16.5881,2.63085,-73.4321,-55.5818,-40.7706,-45.248,80.9472,-48.9752,9.00737,4.21508,3.92929,2.2321,-44.1306,71.9461,-44.111,-356.883,9.0,2.83231,2.4115,2.0,LLLYILLLTLLAVLLSFLILI,0.2418956712736779,0.0407951254157818,R,99999900.0,-32.661500000000004,0.0,16.074000000000012,613.7699999999995,-0.05321455919970026,0.0,0.026188963292438576,-0.02702657347214757
YFLLVALLLALLSTL,WT,LLLYFLLVILLLALLSTLILI,clash,,,,LLLYFLLVALLLALLSTLILI_1,1.1001100110011e+17,1.0,-74.18,-74.683,-74.18,-235.597,-228.116,-249.851,-360.393,4747.94,3928.28,3905.86,-16.583,-12.5178,-67.1985,-70.1114,-36.3617,-22.27,96.4209,-37.1912,8.80726,2.85733,2.80364,-8.31177,-18.8236,86.1077,-38.4912,-368.819,8.6409,0.948085,0.739701,1.0,LLLYFLLVALLLALLSTLILI,0.3245693309902691,0.0219103794726992,R,99999900.0,-30.836799999999997,0.0,14.25399999999999,819.6599999999994,-0.037621452797501426,0.0,0.017390137374033138,-0.020231559427079535
LYFLLTILVALLLSL,WT,LLLLYFLLTILVILLLSLILI,clash,,,,LLLLYFLLTILVALLLSLILI_2,1.1001100110011e+17,1.0,-74.1168,-70.5922,-74.1514,-229.417,-230.338,-245.852,-364.701,4619.68,3744.83,3673.47,-16.5819,409.923,-77.749,346.153,-44.6974,-12.8662,97.2599,26.6551,9.52801,1.56001,1.51891,-9.89405,-12.6603,91.2504,24.6129,-375.72,9.3634,0.717844,0.586599,2.0,LLLLYFLLTILVALLLSLILI,0.3728937363541092,0.1182365910855772,L,99999900.0,-33.05159999999999,0.03459999999999752,16.435000000000002,874.8500000000004,-0.037779733668628884,3.954963708063955e-05,0.018786077613305134,-0.018953992112933638
WTLLIFLLAILLSLL,Mutant,,clash,7.0,LLLWTLLVFLLAILLSLLILI,0.0174520684229158,LLLWTLLIFLLAILLSLLILI_0,1.1001100110011e+17,1.0,-64.9662,-72.506,-60.3741,-238.616,-231.376,-255.319,-372.806,4736.74,3763.9,3769.2,-16.5768,-3.93543,-85.8013,-72.8594,-57.1135,-63.5124,59.8843,-44.2612,8.71221,4.11124,3.5095,-1.68742,-66.894,46.55,-38.3386,-376.742,9.0,2.81835,2.0166,0.0,LLLWTLLIFLLAILLSLLILI,0.2730953765929136,0.0085730596580949,R,99999900.0,-28.687799999999996,-4.592100000000002,16.702999999999975,972.8399999999997,-0.029488713457505863,-0.004720303441470338,0.01716931869577729,-0.017039595411372892
YALLTALLGLLLGAL,Mutant,,void,16.0,LLLYALLTALLGLLLGFLILI,-0.0941711581585217,LLLYALLTALLGLLLGALILI_0,1.1001100110011e+17,1.0,-63.6989,-63.8464,-58.802,-222.448,-215.733,-237.272,-342.935,4572.9,3911.59,3845.82,-16.5765,-9.75722,-73.3647,-73.1128,-46.8607,-53.6963,72.0456,-44.9419,6.86925,4.28059,3.86128,-11.1556,-49.4233,66.044,-43.1773,-352.692,6.8387,2.82944,2.3201,0.0,LLLYALLTALLGLLLGALILI,0.355740208223318,0.0311809413636027,G,99999900.0,-26.503999999999998,-4.896900000000002,14.823999999999984,661.3099999999995,-0.04007802694651528,-0.0074048479533048136,0.022416113471745467,-0.025066156568024092
YYLLATLLTFLLSLL,WT,LLLYYLLATLLIFLLSLLILI,clash,,,,LLLYYLLATLLTFLLSLLILI_1,1.1001100110011e+17,1.0,-84.9377,-85.5422,-87.9492,-239.778,-237.433,-256.72,-366.849,4743.97,3991.24,3908.83,-16.5679,-16.2511,-58.7015,-60.1256,-22.18,-79.9976,59.4731,-44.1039,8.72748,6.5285,5.92059,-15.3324,-76.6768,56.5599,-45.0,-382.026,8.5017,5.6371,4.9855,1.0,LLLYYLLATLLTFLLSLLILI,0.3493881983147354,0.051130097874716,R,99999900.0,-36.5215,3.011499999999998,16.942000000000036,752.7300000000005,-0.04851872517370104,0.004000770528609191,0.02250740637413153,-0.022010415421200153
LTLLIALLAVLLYSL,Mutant,,void,11.0,LLLLTLLIALLFVLLYSLILI,-0.0730719454373531,LLLLTLLIALLAVLLYSLILI_0,1.1001100110011e+17,1.0,-67.9124,-68.7451,-60.3755,-234.823,-221.308,-244.503,-368.124,4615.85,3867.57,3820.03,-16.5561,-6.86398,-81.9446,-84.9348,-63.2458,-48.7198,109.784,-45.4729,8.89668,8.62879,8.77555,-6.73704,-56.5161,78.9319,-42.5847,-374.988,8.925,5.63322,5.3172,0.0,LLLLTLLIALLAVLLYSLILI,0.5226822554176896,0.0892205921658503,R,99999900.0,-18.69879999999999,-7.536900000000003,9.679999999999978,748.2800000000002,-0.024989041535254164,-0.010072299139359598,0.01293633399262305,-0.022125541241246587
TALLVALLAYLLSFL,WT,LLLTALLVALLIYLLSFLILI,clash,,,,LLLTALLVALLAYLLSFLILI_2,1.1001100110011e+17,1.0,-63.2275,-63.7827,-60.2169,-229.496,-227.949,-246.63,-351.179,4603.68,3830.06,3751.05,-16.5466,-13.8552,-75.0028,-73.303,-44.3328,-71.2286,65.4991,-39.3745,7.98894,6.02667,5.50916,-14.9757,-69.0036,63.721,-36.3865,-366.237,8.0348,5.45288,4.9087,2.0,LLLTALLVALLAYLLSFLILI,0.5313508514232175,0.0395323239427895,R,99999900.0,-30.669999999999995,-3.0105999999999966,17.133999999999986,773.6200000000003,-0.03964478684625524,-0.003891574674904986,0.02214782451332693,-0.021388537007833296
VSLLLTLLFALLAYL,WT,LLLVSLLLTLLFALLIYLILI,clash,,,,LLLVSLLLTLLFALLAYLILI_2,1.1001100110011e+17,1.0,-68.2429,-71.0371,-58.8371,-230.119,-223.581,-245.405,-352.741,4605.54,3781.08,3582.07,-16.544,670245.0,-70.9238,670187.0,-48.4991,-37.3009,74.6447,-43.7759,8.2092,2.17216,1.79183,644447.0,-39.4873,64.1407,-35.0,669893.0,8.1341,1.08209,0.544201,2.0,LLLVSLLLTLLFALLAYLILI,0.2988383722664973,0.0264897769899401,R,99999900.0,-22.4247,-9.405800000000006,15.286000000000001,824.46,-0.027199257695946437,-0.011408437037576118,0.018540620527375495,-0.020066467748586954
FSLLATLLAALLSYL,Mutant,,void,7.0,LLLFSLLLTLLAALLSYLILI,0.0267127123134154,LLLFSLLATLLAALLSYLILI_1,1.1001100110011e+17,1.0,-85.8495,-84.1812,-74.1759,-227.193,-216.956,-239.631,-348.203,4602.51,3834.26,3810.34,-16.5341,2050.07,-51.6947,2003.0,-34.3968,-47.0429,80.348,-47.0713,8.36585,4.40341,4.10863,1864.38,-43.6777,70.6483,-39.0967,1657.37,8.0,2.58918,2.1489,1.0,LLLFSLLATLLAALLSYLILI,0.1828120240604267,0.0329930827296272,R,99999900.0,-17.2979,-11.673600000000008,12.437999999999988,768.25,-0.022515977871786524,-0.01519505369345917,0.016190042303937505,-0.02152177025707777
YSLLLTLLATLLAFL,WT,LLLYILLLTLLATLLAFLILI,clash,,,,LLLYSLLLTLLATLLAFLILI_2,1.1001100110011e+17,1.0,-83.2936,-85.3286,-72.5555,-233.8,-231.446,-250.48,-359.628,4663.99,3983.54,3820.74,-16.5316,1706.57,-59.0659,1663.72,-36.5921,-42.8913,79.5127,-46.7478,8.06807,3.66791,3.3606,1692.59,-43.6777,70.6483,-39.0967,1327.85,8.0,2.58918,2.1489,2.0,LLLYSLLLTLLATLLAFLILI,0.2066512402098549,0.0474323988675675,R,99999900.0,-22.473799999999997,-10.738100000000003,16.67999999999998,680.4499999999998,-0.03302784921742965,-0.01578088029980161,0.024513189800867047,-0.02429509883165553
VALLLALLATLLSIL,Mutant,,void,11.0,LLLVALLLALLFTLLSILILI,0.0542087599868178,LLLVALLLALLATLLSILILI_0,1.1001100110011e+17,1.0,-74.091,-74.091,-74.091,-227.629,-223.052,-237.484,-382.32,4502.02,3686.69,3799.47,-16.5297,-8.84374,-97.1293,-94.0204,-70.7449,-35.4544,99.381,-31.8271,8.05528,5.2346,5.22531,-9.02169,-39.6626,86.0874,-35.0,-391.163,8.2373,4.07119,3.8625,0.0,LLLVALLLALLATLLSILILI,0.6004187342101653,0.066842858371332,R,99999900.0,-26.3844,0.0,9.855000000000018,815.3300000000004,-0.03236039395091556,0.0,0.01208713036439235,-0.020273631535697192
VALLILLTALLFSLL,Mutant,,clash,7.0,LLLVALLLLLTALLFSLLILI,-0.238845144950787,LLLVALLILLTALLFSLLILI_1,1.1001100110011e+17,1.0,-74.3189,-74.085,-74.3189,-229.275,-229.565,-242.521,-373.938,4591.95,3704.12,3629.73,-16.4937,109.044,-86.8376,38.7566,-57.0977,-98.9814,11.6679,30.0872,9.87692,2.92238,1.5974,103.26,-101.833,3.45963,18.0,-263.784,9.3219,2.242,0.793894,1.0,LLLVALLILLTALLFSLLILI,0.6202425929889629,0.0582011676831316,L,99999900.0,-29.73989999999999,0.0,13.245999999999981,887.8299999999999,-0.033497291148080144,0.0,0.014919522881632724,-0.018577542998096483
IYLLFVLLALLLATL,Mutant,,clash,3.0,LLLSYLLFVLLALLLATLILI,-0.0336930978648891,LLLIYLLFVLLALLLATLILI_1,1.1001100110011e+17,1.0,-58.8379,-58.8379,-58.8379,-228.923,-225.122,-244.474,-350.046,4671.98,3789.98,3803.96,-16.4803,-7.40397,-78.7655,-73.4892,-46.7336,-70.1736,51.7314,-46.2005,8.52366,4.00978,3.28576,-1.57391,-62.3589,45.8824,-44.1628,-351.558,8.2562,2.04796,1.2362,1.0,LLLIYLLFVLLALLLATLILI,0.3788391963639572,0.0427602500080089,R,99999900.0,-32.0319,0.0,15.550999999999988,881.9999999999995,-0.03631734693877553,0.0,0.017631519274376412,-0.01868514739229026
FALLLTLLAVLLSIL,Mutant,,void,4.0,LLLFYLLLTLLAVLLSILILI,-0.1567908600169912,LLLFALLLTLLAVLLSILILI_2,1.1001100110011e+17,1.0,-74.2416,-73.7188,-74.2416,-232.99,-227.923,-242.454,-370.505,4555.0,3820.17,3971.06,-16.4749,-3.49033,-79.7482,-72.3541,-53.8097,-41.9405,86.0075,-40.8471,8.95044,4.40209,4.1922,-4.24621,-42.8125,73.5102,-44.051,-371.718,8.874,2.84575,2.4484,2.0,LLLFALLLTLLAVLLSILILI,0.4256342396452816,0.079753615512676,R,99999900.0,-25.938499999999998,0.0,9.463999999999999,734.8299999999999,-0.03529864050188479,0.0,0.012879169331682157,-0.02242001551379231
LYLLIILLVALLSTL,Mutant,,clash,8.0,LLLLYLLIALLVALLSTLILI,0.0482555982959594,LLLLYLLIILLVALLSTLILI_0,1.1001100110011e+17,1.0,-80.7066,-80.7072,-74.2471,-236.767,-232.199,-246.781,-381.3,4627.97,3945.86,3825.17,-16.4725,13.8988,-80.2984,-54.4947,-60.2721,-19.7732,99.3156,-43.5799,9.23747,2.87357,2.86331,9.61283,-18.5428,92.2619,-41.0527,-367.401,8.8427,1.73677,1.6207,0.0,LLLLYLLIILLVALLSTLILI,0.2556694729624317,0.0416084205418017,R,99999900.0,-20.0263,-6.459499999999991,10.01400000000001,682.1100000000001,-0.029359340868774824,-0.009469880224597192,0.014680916567709033,-0.024149330753104332
TYLLVILLAFLLSLL,WT,LLLTYLLVILLIFLLSLLILI,clash,,,,LLLTYLLVILLAFLLSLLILI_1,1.1001100110011e+17,1.0,-59.4576,-59.7254,-60.3155,-237.103,-234.966,-255.876,-366.569,4703.77,3812.15,3837.08,-16.4629,19.0391,-86.4709,-52.8389,-50.3772,-65.2828,44.4181,-50.35,8.67129,2.28887,1.45514,-7.77036,-61.4542,42.8978,-44.8882,-374.83,8.9762,1.50933,0.652797,1.0,LLLTYLLVILLAFLLSLLILI,0.3452360410574241,0.0690662800336544,R,99999900.0,-36.0937,0.8579000000000008,18.772999999999996,891.6200000000003,-0.04048103452143288,0.000962181198268321,0.021054933716157093,-0.018464031762409988
YLLLATLLAVLLSFL,WT,LLLYLLLATLLIVLLSFLILI,clash,,,,LLLYLLLATLLAVLLSFLILI_2,1.1001100110011e+17,1.0,-74.1418,-76.3044,-74.1418,-234.955,-234.366,-249.041,-360.871,4668.43,4013.79,3827.31,-16.4502,62.0659,-68.2248,11.8649,-37.6885,-49.9081,73.9084,-50.6235,9.09691,3.96385,3.57248,50.7405,-50.4934,65.1053,-44.5635,-298.596,8.8696,2.86322,2.3398,2.0,LLLYLLLATLLAVLLSFLILI,0.2531922681865834,0.0443052145463054,R,99999900.0,-30.536300000000004,0.0,14.085999999999984,654.6400000000003,-0.04664594280826101,0.0,0.02151716974214832,-0.025128620310399596
YSLLAALLFALLVTL,Mutant,,void,7.0,LLLYSLLLALLFALLVTLILI,-0.0421272699922017,LLLYSLLAALLFALLVTLILI_1,1.1001100110011e+17,1.0,-69.7063,-69.2696,-58.8202,-226.988,-223.012,-246.111,-330.497,4623.36,3879.3,3731.73,-16.4449,953.705,-50.2485,915.489,-25.566,-51.0125,79.3203,-45.8294,8.10656,4.86012,4.54992,663.79,-57.1826,66.7594,-36.3012,616.94,8.3991,4.08991,3.5913,1.0,LLLYSLLAALLFALLVTLILI,0.3137101594266366,0.0170908293515011,R,99999900.0,-24.6825,-10.886099999999999,19.12299999999999,744.0599999999995,-0.03317272800580601,-0.014630674945568915,0.02570088433728463,-0.02210157782974493
FILLTILLAYLLSLL,Mutant,,clash,4.0,LLLFALLTILLAYLLSLLILI,0.1470572343477776,LLLFILLTILLAYLLSLLILI_0,1.1001100110011e+17,1.0,-73.386,-77.0197,-74.2248,-235.829,-223.494,-250.107,-369.144,4696.22,3862.36,3821.7,-16.4378,-0.207247,-76.3671,-68.8373,-44.8126,-75.5046,66.5318,-42.1914,8.97864,6.80748,6.30546,-2.72857,-68.8108,64.9165,-37.632,-369.351,9.0,5.58535,5.0591,0.0,LLLFILLTILLAYLLSLLILI,0.2668638603397332,0.0456998384982679,R,99999900.0,-31.55449999999999,0.8388000000000062,14.277999999999992,833.8600000000001,-0.03784148418199696,0.0010059242558702972,0.01712277840404863,-0.019712901446285944
TALLVALLFALLSLL,WT,LLLTALLVALLFILLSLLILI,clash,,,,LLLTALLVALLFALLSLLILI_1,1.1001100110011e+17,1.0,-62.4708,-62.7039,-60.4381,-225.133,-224.95,-243.892,-362.47,4557.13,3650.36,3718.38,-16.4346,-12.1172,-91.3,-86.9327,-58.1393,-37.4747,82.9169,-38.1589,7.90644,3.31498,3.05874,-13.5165,-36.6373,79.1887,-39.9947,-376.671,8.0543,2.68607,2.3739,1.0,LLLTALLVALLFALLSLLILI,0.4635008907872755,0.0205493182328914,R,99999900.0,-33.1607,-2.0326999999999984,18.758999999999986,906.77,-0.03657013355095559,-0.0022416930423370847,0.020687715738279815,-0.018124331418110436
LATLIALLLVLFSLL,Mutant,,void,4.0,LLLLWTLIALLLVLFSLLILI,-0.0566327100442469,LLLLATLIALLLVLFSLLILI_0,1.1001100110011e+17,1.0,-60.3808,-60.3808,-60.4594,-229.443,-219.585,-242.916,-366.493,4544.93,3668.22,3715.22,-16.4322,-3.95817,-93.1021,-90.486,-63.1176,-57.4506,76.99,20.0964,8.96622,5.51125,5.1661,-4.04635,-61.6036,59.611,18.0,-370.451,9.2414,3.78803,3.1822,0.0,LLLLATLIALLLVLFSLLILI,0.4077824554418416,0.0611619326136239,L,99999900.0,-29.98449999999999,0.07860000000000156,13.472999999999985,876.7100000000005,-0.034201161159334297,8.965336314174757e-05,0.015367681445403814,-0.01874302791116788
YALLAALLFSLLVTL,Mutant,,void,7.0,LLLYALLLALLFSLLVTLILI,0.0219796887624919,LLLYALLAALLFSLLVTLILI_0,1.1001100110011e+17,1.0,-74.1677,-74.1677,-74.1677,-236.378,-227.85,-245.779,-352.519,4612.27,3966.21,3803.01,-16.3723,-8.94808,-58.3451,-59.4494,-32.572,-34.9711,106.766,-49.5236,8.46305,6.15907,6.26055,-8.77641,-38.8884,87.4303,-44.355,-361.467,8.3134,4.13635,3.9478,0.0,LLLYALLAALLFSLLVTLILI,0.279222894486211,0.0115357462329763,R,99999900.0,-25.7731,0.0,9.40100000000001,646.0600000000004,-0.03989273442095159,0.0,0.014551280066866863,-0.025341763922855445
FYLLVILLALLLSTL,WT,LLLFYLLVILLALLLITLILI,clash,,,,LLLFYLLVILLALLLSTLILI_2,1.1001100110011e+17,1.0,-74.1925,-74.1631,-74.1631,-238.909,-236.019,-248.648,-367.117,4708.88,3940.42,3839.11,-16.3692,-11.1345,-70.3849,-68.0693,-44.306,-67.0581,56.5129,-45.3888,8.50186,4.18795,3.53564,-12.6874,-63.1365,52.5615,-43.97,-379.956,8.1663,3.06628,2.3547,2.0,LLLFYLLVILLALLLSTLILI,0.2945775335629639,0.1065485491506437,R,99999900.0,-26.078900000000004,-0.02939999999999543,9.739000000000004,768.46,-0.0339365744475965,-3.8258334851515275e-05,0.01267339874554304,-0.021301303906514326
YALLTVLLALLLSFL,WT,LLLYALLTVLLALLLIFLILI,clash,,,,LLLYALLTVLLALLLSFLILI_0,1.1001100110011e+17,1.0,-74.2947,-73.8887,-74.2653,-239.894,-233.163,-250.066,-364.747,4664.12,3986.59,3877.3,-16.3566,-9.13951,-66.9154,-66.8346,-40.4162,-73.2387,63.8043,-40.9299,8.60881,6.09939,5.55646,-9.03195,-71.6539,57.0728,-39.68,-373.887,8.4856,4.95291,4.309,0.0,LLLYALLTVLLALLLSFLILI,0.4382819933140669,0.0172807880286661,R,99999900.0,-26.499200000000002,-0.02940000000000964,10.171999999999997,677.5299999999997,-0.03911147845851846,-4.339291249097406e-05,0.015013357342110314,-0.024141514028899098
LVLLIALLATLLSYL,Mutant,,void,11.0,LLLLVLLIALLFTLLSYLILI,-0.0572645951628605,LLLLVLLIALLATLLSYLILI_0,1.1001100110011e+17,1.0,-74.1091,-74.1091,-74.1091,-232.25,-226.435,-244.014,-376.836,4560.23,3852.64,3850.2,-16.3453,-9.28758,-86.8218,-85.5789,-58.7126,-39.1039,96.3861,-43.4398,8.45768,5.37771,5.3235,-8.87248,-41.3452,86.0588,-44.4358,-386.124,8.523,4.31972,4.1106,0.0,LLLLVLLIALLATLLSYLILI,0.3974797715832108,0.0534513051018329,R,99999900.0,-28.109199999999994,0.0,11.76400000000001,707.5899999999997,-0.039725264630647704,0.0,0.016625446939611942,-0.023099959015814256
YALLTALLFVLLSLL,WT,LLLYALLTALLFILLSLLILI,clash,,,,LLLYALLTALLFVLLSLLILI_0,1.1001100110011e+17,1.0,-74.3266,-74.3266,-74.3266,-237.753,-231.472,-250.054,-363.594,4678.79,3926.55,3836.02,-16.3394,-12.2706,-67.8538,-70.0663,-39.214,-48.5344,95.7718,-45.8091,8.08939,6.70935,6.64593,-11.5654,-51.8061,81.4519,-44.6308,-375.865,8.0262,5.26692,4.9887,0.0,LLLYALLTALLFVLLSLLILI,0.3227879983465627,0.0175081658655097,R,99999900.0,-28.639800000000008,0.0,12.301000000000016,752.2399999999998,-0.03807268956715944,0.0,0.016352493884930368,-0.021720993300010642
YFLLIILLTVLLSLL,Mutant,,clash,7.0,LLLYFLLAILLTVLLSLLILI,-0.052108320634449,LLLYFLLIILLTVLLSLLILI_0,1.1001100110011e+17,1.0,-71.3885,-71.8327,-74.3011,-238.635,-229.616,-257.574,-374.161,4767.48,4044.25,3939.94,-16.3298,0.417446,-80.4666,-72.2944,-42.2852,-78.4892,63.9599,-44.0402,9.20368,6.90796,6.36736,-0.758765,-79.0284,55.7683,-40.9071,-373.743,8.9529,5.88298,5.2195,0.0,LLLYFLLIILLTVLLSLLILI,0.218391376464564,0.124712109535851,R,99999900.0,-38.1814,2.912600000000012,18.93900000000002,723.2299999999996,-0.052792887463186014,0.0040272112605948505,0.02618669026450788,-0.022578985938083333
YILLATLLAFLLSLL,WT,LLLYILLATLLIFLLSLLILI,clash,,,,LLLYILLATLLAFLLSLLILI_2,1.1001100110011e+17,1.0,-74.1447,-74.0342,-74.1074,-231.304,-232.063,-250.253,-366.923,4657.12,3784.49,3811.21,-16.2887,-6.37259,-77.7635,-67.1989,-42.5633,-71.0844,58.747,-41.762,7.98764,5.0935,4.47471,-10.1737,-67.8069,60.3424,-36.3304,-377.201,8.4065,4.81726,4.2224,2.0,LLLYILLATLLAFLLSLLILI,0.2740456932605561,0.0885810079501214,R,99999900.0,-35.200199999999995,-0.03730000000000189,18.948999999999984,872.6300000000001,-0.040338058512771724,-4.274434754707251e-05,0.021714816130547862,-0.018666215921982966
FYLLVALLLTLLSLL,WT,LLLFYLLVILLLTLLSLLILI,clash,,,,LLLFYLLVALLLTLLSLLILI_1,1.1001100110011e+17,1.0,-80.1296,-79.2543,-74.1425,-235.674,-232.871,-248.667,-370.183,4728.98,3959.77,3865.75,-16.2638,-10.4852,-70.6431,-68.5421,-47.3734,-19.0585,84.7524,-44.1978,8.7531,0.800351,0.571637,-15.3953,-16.5696,85.3931,-40.833,-385.574,8.844,0.513503,0.294399,1.0,LLLFYLLVALLLTLLSLLILI,0.4180941429627931,0.0663326918414842,R,99999900.0,-23.269700000000007,-5.987099999999998,12.992999999999995,769.2099999999996,-0.030251426788523317,-0.00778344015288413,0.0168913560666138,-0.02114351087479363
AYLLVALLTLLLSIL,Mutant,,void,3.0,LLLFYLLVALLTLLLSILILI,-0.122715647428962,LLLAYLLVALLTLLLSILILI_2,1.1001100110011e+17,1.0,-71.4827,-70.9123,-74.2579,-232.529,-229.411,-246.899,-378.807,4593.45,3743.35,3793.26,-16.2553,-7.39904,-91.0509,-85.8832,-57.651,-66.3016,59.0918,-38.7333,8.53247,4.42262,3.809,-9.4291,-63.1499,55.6214,-39.4108,-389.966,8.7768,3.48138,2.8157,2.0,LLLAYLLVALLTLLLSILILI,0.5324206193174631,0.0971519500394907,R,99999900.0,-33.399899999999995,2.7752000000000123,14.370000000000005,850.0999999999999,-0.0392893777202682,0.0032645571109281408,0.016903893659569468,-0.019121632749088343
ALLLLTLLAVLLSIL,Mutant,,void,11.0,LLLALLLLTLLFVLLSILILI,-0.0304602562381152,LLLALLLLTLLAVLLSILILI_0,1.1001100110011e+17,1.0,-74.2636,-74.2636,-74.2636,-230.455,-225.767,-241.364,-392.106,4521.32,3704.79,3801.46,-16.2551,-8.61702,-103.642,-100.692,-76.4786,-31.6366,97.7803,-43.6287,8.76723,4.44582,4.41253,-8.86407,-36.2869,84.2404,-44.7529,-400.723,9.0,3.31549,3.0791,0.0,LLLALLLLTLLAVLLSILILI,0.3770090999728007,0.0517964103505074,R,99999900.0,-27.163399999999996,0.0,10.908999999999992,816.5299999999997,-0.03326687323184697,0.0,0.013360194971403372,-0.019907535546764974
LALLTILLAVLASLL,Mutant,,void,11.0,LLLLALLTILLFVLASLLILI,-0.1520155980551098,LLLLALLTILLAVLASLLILI_1,1.1001100110011e+17,1.0,-70.6084,-74.2574,-74.2574,-232.778,-234.904,-237.415,-381.08,4471.64,3851.8,3843.01,-16.2407,-14.5256,-93.9336,-86.4435,-69.4074,-101.82,26.1009,25.0432,9.37267,5.29657,4.18809,-3.68277,-95.5434,21.4906,28.0,-384.914,9.3253,3.73274,2.5551,1.0,LLLLALLTILLAVLASLLILI,0.4597171754660538,0.0230194688207865,L,99999900.0,-24.526200000000003,3.649000000000001,4.6370000000000005,619.8400000000001,-0.03956859834796076,0.005887003097573567,0.0074809628291171906,-0.02620143908105317
TALLAVLLGLLLAFL,Mutant,,void,4.0,LLLTYLLAVLLGLLLAFLILI,0.1045473182879819,LLLTALLAVLLGLLLAFLILI_1,1.1001100110011e+17,1.0,-49.9415,-50.3906,-44.9868,-224.474,-222.26,-241.574,-345.427,4534.01,3810.34,3695.98,-16.2257,-5.65278,-87.2376,-78.4295,-58.8663,-73.7009,48.2731,-43.0356,7.05382,4.07201,3.2961,-7.85847,-71.1566,42.8294,-43.0573,-355.552,7.0278,2.95546,2.0979,1.0,LLLTALLAVLLGLLLAFLILI,0.3884464534552808,0.0552602986690015,G,99999900.0,-28.371299999999998,-4.954699999999995,17.100000000000023,723.6700000000001,-0.03920474802050658,-0.006846628988351037,0.02362955490762367,-0.022421407547639115
YALLVTLLFTLLSLL,WT,LLLYALLVTLLFILLSLLILI,clash,,,,LLLYALLVTLLFTLLSLLILI_2,1.1001100110011e+17,1.0,-88.0317,-88.165,-88.0071,-239.453,-235.309,-253.265,-372.123,4680.12,4066.97,3925.35,-16.2098,-14.4304,-60.8484,-63.0794,-30.8514,-34.2791,83.8018,-41.9426,8.983,2.9551,2.71213,-13.2895,-33.8776,77.6117,-38.0523,-385.443,8.9754,2.05922,1.7234,2.0,LLLYALLVTLLFTLLSLLILI,0.2678340539654733,0.0348724909654027,R,99999900.0,-29.996999999999996,-0.024600000000006617,13.811999999999983,613.1500000000001,-0.0489227758297317,-4.012068824921571e-05,0.02252629862187064,-0.02643692408056756
TYLLIFLLALLLSIL,Mutant,,clash,7.0,LLLTYLLVFLLALLLSILILI,-0.0828482949018329,LLLTYLLIFLLALLLSILILI_1,1.1001100110011e+17,1.0,-76.631,-74.5747,-60.3544,-235.108,-233.19,-256.101,-372.224,4677.34,3699.73,3750.23,-16.2062,-8.20934,-76.6918,-72.6688,-55.7684,-70.2882,54.6031,-40.3433,8.49024,4.41464,3.73368,-6.48621,-68.3504,51.785,-38.1091,-382.176,8.6758,3.74353,3.0203,1.0,LLLTYLLIFLLALLLSILILI,0.4276332950983805,0.0595986291930865,R,99999900.0,-20.9234,-16.276600000000002,20.992999999999995,977.6100000000001,-0.02140260431051237,-0.016649379609455714,0.02147379834494327,-0.016577367252789965
YALLAILLTVLLSLL,Mutant,,void,4.0,LLLYFLLAILLTVLLSLLILI,-0.1297285145031476,LLLYALLAILLTVLLSLLILI_1,1.1001100110011e+17,1.0,-71.2212,-72.0545,-74.2911,-235.797,-234.874,-249.193,-376.923,4633.38,3951.53,3995.9,-16.2044,-11.8688,-86.109,-81.8633,-53.4385,-83.1509,64.9932,-34.3893,8.67641,7.74672,7.22162,-4.00638,-79.0284,55.7683,-40.9071,-381.696,8.9529,5.88298,5.2195,1.0,LLLYALLAILLTVLLSLLILI,0.2960115703332627,0.0317137055624968,R,99999900.0,-32.6705,3.069900000000004,13.396000000000015,681.8499999999999,-0.04791449732345824,0.004502309892205037,0.019646549827674734,-0.02376534428393342
VWLLTILLIALLSLL,Mutant,,clash,8.0,LLLVWLLTALLIALLSLLILI,0.0381519044346543,LLLVWLLTILLIALLSLLILI_0,1.1001100110011e+17,1.0,-74.1915,-74.2158,-74.1631,-244.15,-235.438,-248.677,-393.473,4627.83,4000.7,3672.38,-16.1984,1424.71,-91.3298,1340.89,-70.6327,-23.8627,96.0999,-46.5246,10.2054,3.0529,2.9944,1420.71,-18.646,87.7907,-39.994,1031.24,8.5175,1.14864,0.9655,0.0,LLLVWLLTILLIALLSLLILI,0.3892919301961777,0.0395366416163907,R,99999900.0,-20.697100000000006,-0.028400000000004866,4.526999999999987,627.1300000000001,-0.03300288616395325,-4.528566644875044e-05,0.007218599014558362,-0.025829413359271598
TSLLLGLLFILLAYL,Mutant,,clash,12.0,LLLTSLLLGLLFALLAYLILI,0.0373416612251992,LLLTSLLLGLLFILLAYLILI_0,1.1001100110011e+17,1.0,-57.519,-56.4301,-44.9453,-233.052,-232.39,-256.127,-349.59,4673.48,3812.96,3599.96,-16.194,12067.6,-75.2131,12006.8,-48.517,-32.332,73.9169,-41.7715,8.8456,1.32858,0.937333,6998.34,-40.0595,64.5531,-38.0126,11718.0,7.2779,1.2236,0.691897,0.0,LLLTSLLLGLLFILLAYLILI,0.1950972368453586,0.0137154567821187,G,99999900.0,-26.696099999999994,-12.573699999999995,23.075000000000017,860.5199999999995,-0.03102321851903501,-0.0146117463859062,0.026815181518151848,-0.01881885371635756
YALLTVLLAFLLSIL,Mutant,,void,4.0,LLLYLLLTVLLAFLLSILILI,-0.1800525470669911,LLLYALLTVLLAFLLSILILI_1,1.1001100110011e+17,1.0,-73.1366,-71.7976,-74.2571,-235.865,-232.766,-250.157,-356.417,4661.22,4069.45,4043.52,-16.1873,-7.83323,-63.6032,-59.6869,-32.0038,-64.4088,46.4883,-48.2645,8.75116,2.43725,1.63457,-4.9387,-57.4417,46.4343,-44.977,-363.425,9.0,1.38489,0.581405,1.0,LLLYALLTVLLAFLLSILILI,0.4539899023622145,0.0551013848238392,R,99999900.0,-31.599400000000003,1.1204999999999927,14.292000000000002,591.7700000000004,-0.053398110752488265,0.001893472125994883,0.024151274988593527,-0.027354039576186675
YVLLIALLAILLSLL,Mutant,,clash,12.0,LLLYVLLIALLATLLSLLILI,0.0981318073543293,LLLYVLLIALLAILLSLLILI_1,1.1001100110011e+17,1.0,-60.5415,-60.3141,-60.3878,-238.133,-230.484,-249.306,-373.882,4648.82,4033.84,3844.24,-16.1648,-0.957296,-91.3727,-84.0413,-64.188,-46.4565,80.5076,-42.8191,8.47149,4.33701,4.04462,4.0893,-40.8345,76.2695,-41.1941,-363.804,8.0,2.92156,2.5656,1.0,LLLYVLLIALLAILLSLLILI,0.2404071009069953,0.0037986772986057,R,99999900.0,-27.184699999999992,-0.15370000000000061,11.173000000000002,614.9799999999996,-0.04420420176265897,-0.0002499268268886805,0.018168070506357947,-0.02628508244170544
YVLLTALLFALLSAL,Mutant,,void,16.0,LLLYVLLTALLFALLSLLILI,0.0537659073563343,LLLYVLLTALLFALLSALILI_2,1.1001100110011e+17,1.0,-76.3437,-76.3175,-74.216,-229.25,-228.113,-245.447,-351.656,4621.59,3925.56,3832.86,-16.1628,-0.401983,-62.2253,-47.6276,-31.9935,-31.3526,83.9411,-41.6562,8.04717,2.53494,2.29406,-8.12139,-25.5639,87.2881,-42.5208,-359.406,8.2567,2.11848,1.9278,2.0,LLLYVLLTALLFALLSALILI,0.268745550466716,0.0197017934214334,R,99999900.0,-30.231799999999996,-2.1277000000000044,16.197000000000003,696.0300000000002,-0.04343462207088773,-0.003056908466589089,0.02327054868324641,-0.023221412870134902
TALLFLLLGVLLASL,WT,LLLTALLFLLLIVLLASLILI,clash,,,,LLLTALLFLLLGVLLASLILI_2,1.1001100110011e+17,1.0,-60.3462,-60.3462,-60.3462,-227.776,-226.56,-240.448,-355.85,4565.71,3649.38,3532.84,-16.1501,813.015,-83.8775,744.071,-55.0555,-66.3945,66.0403,-44.8469,8.15907,5.37461,4.86522,790.193,-60.5958,60.1642,-40.2827,442.07,7.5,3.71154,3.114,2.0,LLLTALLFLLLGVLLASLILI,0.8936507842916432,0.0940545131484864,G,99999900.0,-28.821999999999996,0.0,12.671999999999997,916.3299999999999,-0.03145373391682036,0.0,0.013829079043576002,-0.01762476400423428
YALLIALLFTLLVLL,WT,LLLYALLIALLFILLVLLILI,clash,,,,LLLYALLIALLFTLLVLLILI_0,1.1001100110011e+17,1.0,-57.2378,-59.4267,-58.8653,-237.599,-231.399,-251.995,-353.57,4773.33,4128.31,3976.69,-16.1455,-10.5595,-74.8788,-73.3038,-42.7102,-24.3864,113.542,-46.2741,8.77531,5.48619,5.68933,-11.2003,-28.8229,98.2271,-45.0,-364.13,8.6709,4.08409,4.0575,0.0,LLLYALLIALLFTLLVLLILI,0.3040855256952157,0.0260567809301615,R,99999900.0,-32.1686,1.6274999999999977,14.396000000000015,645.0199999999995,-0.04987225202319311,0.0025231775758891182,0.022318687792626624,-0.025031006790487132
VALLIALLTALLSLL,Mutant,,void,4.0,LLLVYLLIALLTALLSLLILI,0.0110219544146186,LLLVALLIALLTALLSLLILI_2,1.1001100110011e+17,1.0,-74.2816,-74.2816,-74.2816,-229.179,-227.034,-237.584,-380.682,4512.07,3790.76,3906.59,-16.1371,-13.4581,-93.3586,-92.8243,-68.816,-27.6692,101.275,-43.5507,8.38356,4.32255,4.34168,-3.15979,-22.0295,90.9785,-43.2966,-385.708,8.7631,2.08652,1.9512,2.0,LLLVALLIALLTALLSLLILI,0.432590257655185,0.0128930179990518,R,99999900.0,-24.542599999999993,0.0,8.405000000000001,721.3099999999995,-0.03402503777848638,0.0,0.011652410198111779,-0.022371934397138554
LFILLAVLATLLLSL,Mutant,,void,11.0,LLLLFILLAVLLTLLLSLILI,0.0699050978939514,LLLLFILLAVLATLLLSLILI_0,1.1001100110011e+17,1.0,-74.2506,-74.2506,-74.2506,-230.157,-218.012,-241.052,-369.81,4492.99,3744.04,3631.27,-16.1334,-1.19258,-81.5356,-78.7396,-54.507,-58.0447,76.2146,25.3154,10.0329,5.49569,5.13891,-2.21093,-60.6709,65.7431,20.4901,-371.002,9.5,4.47595,3.9621,0.0,LLLLFILLAVLATLLLSLILI,0.1895642263968064,0.0662313821099188,L,99999900.0,-27.028600000000004,0.0,10.894999999999982,748.9499999999998,-0.03608865745376862,0.0,0.014547032512183703,-0.021541357901061493
YALLALLLGTLLGFL,WT,LLLYALLAALLGTLLGFLILI,void,,,,LLLYALLALLLGTLLGFLILI_1,1.1001100110011e+17,1.0,-62.8003,-55.2484,-58.7826,-219.159,-212.952,-243.072,-336.979,4626.06,3710.83,3543.2,-16.1247,238431.0,-71.1451,238362.0,-35.1246,-72.0399,44.1342,-35.6915,7.13983,3.26411,2.42612,69214.6,-61.4491,56.4783,-36.3969,238120.0,6.7439,3.34193,2.6891,1.0,LLLYALLALLLGTLLGFLILI,0.2065488474723845,0.0310254658490695,G,99999900.0,-36.0205,-4.017699999999998,23.91300000000001,915.2300000000005,-0.039356773707155554,-0.004389825508342161,0.026127858571069567,-0.017618194333664752
TFLLIILLGLLLGVL,Mutant,,clash,7.0,LLLTFLLGILLGLLLGVLILI,0.8010275722205364,LLLTFLLIILLGLLLGVLILI_0,1.1001100110011e+17,1.0,-44.9378,-53.1493,-44.9378,-228.754,-217.894,-245.259,-350.74,4614.45,3878.29,3537.11,-16.1114,52026.1,-93.1589,51946.4,-60.5427,-66.7957,49.5312,-60.5207,7.88536,3.20607,2.44903,38479.3,-79.84,40.4327,-45.0,51675.4,6.5,3.93441,3.0409,0.0,LLLTFLLIILLGLLLGVLILI,0.301644451789432,0.0849039497229436,G,99999900.0,-32.6162,0.0,16.504999999999995,736.1599999999999,-0.044305857422299505,0.0,0.02242039773962182,-0.021885731362747234
YILLLALLTVLLSFL,WT,LLLYILLLILLTVLLSFLILI,clash,,,,LLLYILLLALLTVLLSFLILI_0,1.1001100110011e+17,1.0,-74.2719,-74.2719,-74.2719,-237.754,-229.274,-252.84,-367.395,4700.85,4104.96,3926.31,-16.1034,-7.98717,-71.4728,-71.8363,-40.2836,-35.8162,97.227,-43.6792,8.79946,4.99808,4.95648,-7.98724,-39.2116,82.5884,-44.5047,-375.382,8.7478,3.53117,3.27,0.0,LLLYILLLALLTVLLSFLILI,0.198033270075445,0.0501946134654325,R,99999900.0,-31.189200000000007,0.0,15.086000000000013,595.8900000000003,-0.05234053264864319,0.0,0.025316753092013634,-0.027024115189044944
LWTLIILLLVLFSLL,Mutant,,clash,8.0,LLLLWTLIALLLVLFSLLILI,0.0661944681758686,LLLLWTLIILLLVLFSLLILI_2,1.1001100110011e+17,1.0,-60.4594,-60.3808,-60.4594,-238.403,-234.996,-254.875,-379.285,4663.1,3702.98,3633.16,-16.092,-2.45303,-96.5152,-86.3609,-63.9508,-62.5179,68.5577,19.9735,9.8178,5.13298,4.66134,1.15798,-61.6036,59.611,18.0,-370.849,9.2414,3.78803,3.1822,2.0,LLLLWTLIILLLVLFSLLILI,0.2849552772217256,0.1162213720647962,L,99999900.0,-32.56439999999999,0.0,16.47200000000001,960.1200000000003,-0.03391701037370327,0.0,0.01715618880973212,-0.01676040494938132
YALLTVLLALLLIFL,Mutant,,clash,15.0,LLLYALLTVLLALLLSFLILI,0.175344269729918,LLLYALLTVLLALLLIFLILI_0,1.1001100110011e+17,1.0,-58.9504,-58.9504,-58.9504,-246.034,-235.182,-252.05,-357.429,4680.44,3986.35,3820.36,-16.0831,182.001,-68.5273,118.705,-46.4287,-73.2626,70.4141,-43.2214,8.70732,6.99529,6.5515,182.571,-71.6539,57.0728,-39.68,-175.428,8.4856,4.95291,4.309,0.0,LLLYALLTVLLALLLIFLILI,0.2629377235841484,0.0319313457461351,R,99999900.0,-22.098599999999998,0.0,6.0160000000000196,694.0899999999997,-0.03183823423475343,0.0,0.008667463873561097,-0.023171490728868028
TALLIALLFVLLSLL,WT,LLLTILLIALLFVLLSLLILI,clash,,,,LLLTALLIALLFVLLSLLILI_2,1.1001100110011e+17,1.0,-60.468,-60.468,-60.468,-230.067,-228.91,-246.219,-368.515,4572.67,3755.05,3713.81,-16.0797,-10.832,-94.0599,-89.9688,-61.8278,-50.2752,79.2997,-38.1804,7.93476,4.74674,4.43624,-14.193,-47.9836,80.2404,-36.9281,-382.759,8.0,4.52999,4.2336,2.0,LLLTALLIALLFVLLSLLILI,0.3383328837736853,0.0180610941707465,R,99999900.0,-32.232099999999996,0.0,16.151999999999987,817.6199999999999,-0.03942185856510359,0.0,0.019754898363542953,-0.01966647097673736
YALLFALLTILLSLL,Mutant,,clash,12.0,LLLYALLFALLTVLLSLLILI,0.0522626617294358,LLLYALLFALLTILLSLLILI_2,1.1001100110011e+17,1.0,-74.3579,-74.1565,-74.2954,-241.146,-236.779,-251.336,-367.316,4675.31,4060.78,3868.84,-16.0497,1.12309,-67.8615,-55.258,-41.6847,-44.2043,89.2328,-45.8584,8.75807,5.17707,5.01557,3.95025,-36.6602,86.1438,-39.3244,-363.888,8.6204,3.62844,3.4206,2.0,LLLYALLFALLTILLSLLILI,0.2860212343725328,0.0267539913235554,R,99999900.0,-26.176800000000007,-0.0625,10.190000000000026,614.5300000000002,-0.04259645582803118,-0.0001017037410704115,0.016581777944119934,-0.026117032528924538
LAYLTVLLSILFLLL,WT,LLLLIYLTVLLSILFLLLILI,clash,,,,LLLLAYLTVLLSILFLLLILI_2,1.1001100110011e+17,1.0,-74.3184,-70.6957,-74.3763,-239.985,-231.107,-249.081,-367.994,4650.99,3911.32,3733.27,-16.0448,25.1405,-69.735,-41.05,-44.5369,-94.8739,47.3352,22.3855,9.703,7.12134,6.33137,24.7716,-94.2488,32.0172,18.3479,-343.807,9.3079,4.95964,3.9399,2.0,LLLLAYLTVLLSILFLLLILI,0.41646318228578,0.0512473663214383,L,99999900.0,-25.198099999999997,0.057900000000003615,9.095999999999975,739.6699999999996,-0.03406667838360351,7.82781510673728e-05,0.012297375856800978,-0.021691835548285056
LYLLVILLIFLLSTL,Mutant,,clash,11.0,LLLLYLLVILLAFLLSTLILI,-0.0465201382627464,LLLLYLLVILLIFLLSTLILI_0,1.1001100110011e+17,1.0,-74.693,-74.1503,-74.0793,-242.097,-237.253,-251.446,-371.553,4753.4,3971.08,3829.91,-16.0267,91.1334,-70.7904,30.9835,-46.0285,-54.9288,68.788,-39.7284,9.86853,4.02569,3.55751,93.8934,-57.6508,57.7625,-43.362,-280.42,8.4393,2.94556,2.312,0.0,LLLLYLLVILLIFLLSTLILI,0.3165235456867736,0.0942166868806815,R,99999900.0,-24.761900000000004,-0.6136999999999944,9.34899999999999,782.3199999999997,-0.03165188158298396,-0.0007844616013907283,0.01195035279680948,-0.020486118212496175
LVLLIALLAALLSTL,Mutant,,void,11.0,LLLLVLLIALLFALLSTLILI,-0.0415277192466839,LLLLVLLIALLAALLSTLILI_0,1.1001100110011e+17,1.0,-76.8142,-76.8345,-74.1998,-222.32,-216.735,-237.084,-379.806,4484.93,3810.72,3762.34,-16.0216,-6.20621,-96.6937,-92.4429,-68.5223,-26.3969,91.9119,-39.6,7.98151,2.86765,2.74633,-7.05406,-30.3621,80.2592,-40.3295,-386.013,8.3549,1.88931,1.5932,0.0,LLLLVLLIALLAALLSTLILI,0.3773020085792125,0.0387442358156521,R,99999900.0,-28.171400000000006,-2.6144000000000034,14.76400000000001,674.2100000000005,-0.04178431052639383,-0.0038777235579418898,0.021898221622343186,-0.023763515818513502
YLLLTVLALLLASLL,Mutant,,void,14.0,LLLYLLLTVLALLLFSLLILI,-0.0932377779083648,LLLYLLLTVLALLLASLLILI_2,1.1001100110011e+17,1.0,-74.0295,-70.5687,-74.1741,-236.02,-230.8,-248.029,-379.27,4643.63,3942.75,3743.09,-16.0025,1808.62,-85.2236,1730.72,-57.0668,-106.825,39.9559,29.0583,9.79433,7.91781,7.01715,5.08937,-104.483,24.139,22.3097,-374.25,9.5,5.43121,4.29329,2.0,LLLYLLLTVLALLLASLLILI,0.3526651788039315,0.1023036773762709,L,99999900.0,-28.156800000000004,0.14459999999999695,12.008999999999986,700.8800000000001,-0.04017349617623559,0.00020631206483277728,0.01713417418102954,-0.022832011185937678
LFWLLIVLTALLYLL,Mutant,,clash,8.0,LLLLFWLLAVLTALLYLLILI,0.1062836112200332,LLLLFWLLIVLTALLYLLILI_0,1.1001100110011e+17,1.0,-58.9002,-58.7947,-58.8918,-235.935,-225.176,-254.047,-357.13,4716.68,3757.33,3567.61,-15.9791,480.788,-78.2741,407.629,-44.1913,-4.02589,106.792,29.8956,9.88909,1.52078,1.62266,414.912,-10.97,92.972,21.0294,123.659,8.5,0.69672,0.5913,0.0,LLLLFWLLIVLTALLYLLILI,0.3068694532630878,0.0598257017694227,L,99999900.0,-34.082800000000006,-0.008399999999994634,18.111999999999995,959.3500000000004,-0.03552697138687652,-8.755928493245041e-06,0.01887944962735184,-0.016656173450773956
LTILLALLAVLYLLL,Mutant,,void,8.0,LLLLTILLFLLAVLYLLLILI,-0.298656172506286,LLLLTILLALLAVLYLLLILI_0,1.1001100110011e+17,1.0,-45.0625,-45.0625,-45.0625,-231.671,-220.085,-246.182,-366.162,4589.21,3826.5,3743.46,-15.9635,64.29,-105.392,-36.7245,-74.9177,-55.0573,67.9351,21.8013,9.62152,3.92983,3.44886,63.5681,-59.6597,51.275,27.3954,-301.872,9.319,2.37108,1.6402,0.0,LLLLTILLALLAVLYLLLILI,0.3758268650711026,0.113760155975873,L,99999900.0,-30.4743,0.0,14.510999999999996,762.71,-0.03995529100182245,0.0,0.01902557984030627,-0.020929973384379384
FYLLVALLTILLSLL,Mutant,,clash,12.0,LLLFYLLVALLTALLSLLILI,0.1404925404897464,LLLFYLLVALLTILLSLLILI_0,1.1001100110011e+17,1.0,-81.1371,-65.3383,-74.2217,-239.697,-234.973,-248.662,-367.585,4697.28,4097.51,3951.87,-15.948,207.159,-62.6988,139.885,-44.7006,-25.8042,96.1741,-46.0163,10.1356,3.35413,3.29674,196.497,-22.0295,90.9785,-43.2966,-160.426,8.7631,2.08652,1.9512,0.0,LLLFYLLVALLTILLSLLILI,0.2673830623471231,0.0464980838769115,R,99999900.0,-17.998199999999997,-6.915400000000005,8.965000000000003,599.7699999999995,-0.030008503259582858,-0.011530086533171066,0.014947396501992448,-0.026590192907281145
YTLLIALLVLLLASL,Mutant,,void,15.0,LLLYTLLIALLVLLLFSLILI,0.0068761452822777,LLLYTLLIALLVLLLASLILI_2,1.1001100110011e+17,1.0,-74.7845,-68.4942,-60.3998,-228.774,-231.727,-248.539,-367.811,4720.24,3807.85,3905.89,-15.9468,-14.7478,-80.1992,-82.3377,-58.8727,-50.6687,85.9219,-44.3722,8.95589,5.69975,5.48858,-13.7354,-49.6955,84.1851,-43.2834,-381.748,9.0,5.31932,5.0821,2.0,LLLYTLLIALLVLLLASLILI,0.3187896382911341,0.0227715143220422,R,99999900.0,-21.326500000000003,-14.384699999999995,19.764999999999986,912.3899999999999,-0.02337432457611329,-0.01576595534804195,0.021662885388923584,-0.01747805214875218
YILLVFLLATLLSLL,WT,LLLYILLVFLLITLLSLLILI,clash,,,,LLLYILLVFLLATLLSLLILI_0,1.1001100110011e+17,1.0,-74.1188,-74.1188,-74.1188,-238.336,-231.788,-252.854,-367.726,4754.34,3963.92,3910.76,-15.9255,-7.74577,-71.197,-69.5643,-40.7531,-84.2879,51.9949,-42.1424,9.0898,6.16249,5.44242,-6.78769,-79.5181,50.3906,-43.452,-375.472,8.9618,5.23044,4.4863,0.0,LLLYILLVFLLATLLSLLILI,0.2198578866239227,0.0999424172611242,R,99999900.0,-30.4439,0.0,14.518,790.4200000000001,-0.03851610536170643,0.0,0.01836745021634068,-0.020148149085296423
YVLLIALLATLLSAL,Mutant,,void,16.0,LLLYVLLIALLATLLSLLILI,0.0582439184888208,LLLYVLLIALLATLLSALILI_0,1.1001100110011e+17,1.0,-74.933,-74.1081,-74.1081,-233.467,-226.363,-244.429,-367.198,4595.02,3925.36,3881.33,-15.9117,-10.0563,-74.7091,-76.7835,-48.6612,-41.1593,86.0833,-42.0092,7.91697,4.29514,4.08639,-9.93331,-40.8345,76.2695,-41.1941,-377.254,8.0,2.92156,2.5656,0.0,LLLYVLLIALLATLLSALILI,0.2802949897725039,0.0543168644646102,R,99999900.0,-26.047900000000006,-0.8249000000000137,10.961999999999989,669.6600000000003,-0.03889720156497326,-0.001231819132096905,0.016369500940775893,-0.02376086372188871
YSLLLTLLVALLIFL,WT,LLLYSLLLILLVALLIFLILI,clash,,,,LLLYSLLLTLLVALLIFLILI_1,1.1001100110011e+17,1.0,-68.2436,-69.0461,-58.836,-231.237,-227.091,-254.0,-359.263,4724.69,4056.19,3818.87,-15.9009,205.587,-75.683,142.461,-46.427,-58.0281,75.6253,-45.0373,8.69308,5.41363,5.04801,172.118,-60.7082,73.6864,-39.4582,-156.887,8.5241,5.5539,5.1592,1.0,LLLYSLLLTLLVALLIFLILI,0.2402597278827765,0.0728545347957972,R,99999900.0,-29.256000000000007,-9.407600000000002,22.763000000000005,668.4999999999995,-0.04376364996260288,-0.01407270007479433,0.034050860134629796,-0.0237859386686612
LYLLVILLAILLFLL,Mutant,,clash,8.0,LLLLYLLVTLLAILLFLLILI,-0.0317195218147695,LLLLYLLVILLAILLFLLILI_0,1.1001100110011e+17,1.0,-45.0933,-45.0933,-45.0933,-241.293,-222.824,-250.251,-358.213,4742.35,3804.4,3637.69,-15.8857,467.367,-87.7128,377.071,-62.8683,-71.5392,61.0141,20.0535,10.4311,5.46778,4.88299,394.137,-65.776,50.242,23.3914,109.154,9.1145,3.14907,2.4027,0.0,LLLLYLLVILLAILLFLLILI,0.138526821826754,0.1115295067498889,L,99999900.0,-24.844500000000004,0.0,8.957999999999998,937.9500000000003,-0.026488085718854946,0.0,0.009550615704461854,-0.01693661709046324
YFLLVLLLATLLSIL,WT,LLLYFLLVLLLITLLSILILI,clash,,,,LLLYFLLVLLLATLLSILILI_0,1.1001100110011e+17,1.0,-74.0893,-73.3918,-74.0893,-237.635,-228.608,-253.521,-367.541,4731.31,3941.99,3819.58,-15.8705,-13.738,-71.6863,-79.2786,-39.9303,-76.6794,55.0835,-43.7135,9.24517,5.43818,4.76443,-13.7887,-74.125,49.3644,-40.0371,-381.279,8.8024,4.28294,3.52341,0.0,LLLYFLLVLLLATLLSILILI,0.2312901253273979,0.1383859226658919,R,99999900.0,-31.756,0.0,15.885999999999996,789.3200000000006,-0.04023209851517759,0.0,0.020126184563928423,-0.020106547407895387
VSLLLTLLAALLAYL,Mutant,,void,11.0,LLLVSLLLTLLFALLAYLILI,-0.0318867679456993,LLLVSLLLTLLAALLAYLILI_2,1.1001100110011e+17,1.0,-70.9378,-71.0371,-58.8371,-223.943,-218.563,-240.269,-359.283,4563.13,3823.31,3617.55,-15.8624,670248.0,-80.2645,670178.0,-60.1768,-38.2167,73.9673,-43.7459,8.05303,2.21809,1.8276,536679.0,-39.4873,64.1407,-35.0,669888.0,8.1341,1.08209,0.544201,2.0,LLLVSLLLTLLAALLAYLILI,0.3307251402121969,0.02277080071147,R,99999900.0,-20.087699999999998,-12.100699999999996,16.325999999999993,739.8200000000002,-0.02715214511637965,-0.01635627585088264,0.02206752993971505,-0.021440891027547235
YFLLAVLLTLLASLL,Mutant,,void,14.0,LLLYFLLAVLLTLLFSLLILI,-0.0296005668449073,LLLYFLLAVLLTLLASLLILI_1,1.1001100110011e+17,1.0,-70.661,-70.661,-74.2252,-236.492,-227.427,-249.921,-359.334,4716.25,3795.65,3833.27,-15.8608,-1.81758,-68.0418,-63.0639,-35.1875,-105.808,48.7618,19.2413,9.56111,8.95401,8.18544,-1.02568,-108.265,26.115,28.0,-360.434,9.2465,6.26528,5.15701,1.0,LLLYFLLAVLLTLLASLLILI,0.2263065095592114,0.046774823924068,L,99999900.0,-32.854299999999995,3.5641999999999996,13.429000000000002,920.5999999999999,-0.035687920921138386,0.003871605474690419,0.014587225722354989,-0.017228763849663264
YSLLLALLATLLVFL,WT,LLLYSLLAALLATLLVFLILI,void,,,,LLLYSLLLALLATLLVFLILI_2,1.1001100110011e+17,1.0,-69.4804,-68.7466,-58.8092,-225.208,-220.189,-250.063,-352.787,4677.85,3949.35,3762.91,-15.8589,454.234,-73.9574,390.382,-43.9148,-54.6939,73.0979,-43.2431,8.12979,4.57229,4.16876,305.261,-59.0896,67.569,-38.1162,101.447,8.0324,4.48526,3.9988,2.0,LLLYSLLLALLATLLVFLILI,0.2443451757016175,0.0349118710150808,R,99999900.0,-30.042600000000007,-10.671200000000006,24.85499999999999,728.5000000000005,-0.04123898421413862,-0.014648181194234729,0.03411805078929303,-0.02176925188743993
LYLLVILLAFLLITL,Mutant,,clash,15.0,LLLLYLLVILLAFLLSTLILI,0.0778879763173623,LLLLYLLVILLAFLLITLILI_2,1.1001100110011e+17,1.0,-58.8821,-58.8821,-58.8821,-240.429,-235.333,-249.446,-357.118,4750.66,4042.77,3891.65,-15.8529,25.53,-73.6596,-37.373,-48.7903,-57.6936,68.3589,-44.4087,9.23436,4.38249,3.90788,23.766,-57.6508,57.7625,-43.362,-331.588,8.4393,2.94556,2.312,2.0,LLLLYLLVILLAFLLITLILI,0.1921154311066644,0.0762851563399638,R,99999900.0,-24.869299999999996,0.0,9.016999999999996,707.8899999999999,-0.03513158824111091,0.0,0.01273785475144443,-0.0223945810789812
YTLLAILLVLLLSFL,Mutant,,clash,8.0,LLLYTLLATLLVLLLSFLILI,0.0294479512537198,LLLYTLLAILLVLLLSFLILI_1,1.1001100110011e+17,1.0,-66.3854,-63.3224,-60.402,-241.402,-237.946,-253.961,-364.743,4683.92,4103.25,3871.22,-15.8528,61.1964,-72.8079,-2.27788,-50.3797,-60.3678,74.4585,-39.4145,9.96223,5.60707,5.22395,48.1734,-52.0137,72.9203,-42.6344,-317.096,8.744,4.1463,3.74011,1.0,LLLYTLLAILLVLLLSFLILI,0.2250379788117459,0.0923592720479572,R,99999900.0,-22.428200000000004,-5.983400000000003,12.559000000000026,580.6700000000001,-0.03862469216594624,-0.010304303649232786,0.021628463671276327,-0.02730087657361324
TALLFLLLGYLLGSL,WT,LLLTALLFLLLGYLLISLILI,clash,,,,LLLTALLFLLLGYLLGSLILI_0,1.1001100110011e+17,1.0,-68.1953,-70.5599,-60.326,-231.03,-224.657,-243.454,-345.34,4574.29,3786.1,3533.11,-15.8473,38373.9,-61.9617,38323.8,-41.5592,-45.8399,76.5283,-49.3682,7.55735,3.7073,3.35522,36917.0,-54.4566,55.8714,-40.6917,38028.6,7.0594,2.21113,1.5492,0.0,LLLTALLFLLLGYLLGSLILI,1.1909178692035578,0.0629021297144379,G,99999900.0,-20.402500000000003,-7.869300000000003,12.424000000000007,788.19,-0.02588525609307401,-0.00998401400677502,0.01576269681168247,-0.020105938923356045
TYLLVLLLALLLSFL,WT,LLLTYLLVLLLILLLSFLILI,clash,,,,LLLTYLLVLLLALLLSFLILI_1,1.1001100110011e+17,1.0,-68.5562,-69.0311,-60.4011,-238.628,-234.237,-256.255,-373.015,4696.87,3847.86,3776.87,-15.8387,-3.40025,-81.6695,-73.1462,-56.3587,-71.1594,57.2387,-42.8492,8.53243,4.90114,4.25972,-9.18376,-70.1435,50.4198,-38.9685,-384.814,8.6236,3.8282,3.0845,1.0,LLLTYLLVLLLALLLSFLILI,0.4403868554602636,0.0345782418735087,R,99999900.0,-25.3108,-8.155100000000004,17.62700000000001,849.0099999999998,-0.029812134132695737,-0.009605422786539624,0.020761828482585617,-0.018655492868164102
VYLLITLLAFLLSLL,WT,LLLVYLLITLLIFLLSLLILI,clash,,,,LLLVYLLITLLAFLLSLLILI_0,1.1001100110011e+17,1.0,-74.2534,-74.2241,-74.1441,-232.418,-227.829,-247.93,-368.603,4675.38,3813.5,3824.81,-15.8317,-11.2717,-77.7633,-77.8216,-46.5286,-68.9208,50.337,-45.2594,8.88754,3.6336,2.88866,-12.6066,-67.6029,45.1857,-45.0,-379.875,8.6947,2.74051,1.9183,0.0,LLLVYLLITLLAFLLSLLILI,0.4401637808086184,0.0566232299379144,R,99999900.0,-31.234700000000004,-0.10930000000000462,15.512,861.8800000000001,-0.03624019585093052,-0.00012681579802293195,0.017997865132036942,-0.01836879844061818
YLLLFVLIALLATLL,Mutant,,void,14.0,LLLYLLLFVLIALLLTLLILI,-0.1802142506423444,LLLYLLLFVLIALLATLLILI_1,1.1001100110011e+17,1.0,-58.8554,-58.8554,-58.8554,-235.007,-231.592,-250.837,-354.754,4677.69,3872.79,3803.38,-15.821,-8.93829,-76.7125,-73.2451,-45.0613,-100.991,41.3266,24.1951,9.67703,7.2278,6.3477,-1.83129,-105.122,22.7647,23.6466,-356.673,9.4707,5.34153,4.183,1.0,LLLYLLLFVLIALLATLLILI,0.4743210288593762,0.0667537774714847,L,99999900.0,-31.651200000000003,0.0,15.829999999999984,804.8999999999996,-0.03932314573238914,0.0,0.01966703938377437,-0.01965585787054293
YWLLVALLAALLSLL,Mutant,,void,12.0,LLLYWLLVALLAFLLSLLILI,-0.0977860122109978,LLLYWLLVALLAALLSLLILI_2,1.1001100110011e+17,1.0,-60.3116,-60.6216,-60.3116,-237.844,-233.066,-248.63,-362.957,4677.86,3992.14,3917.91,-15.8118,-5.44775,-80.613,-74.7177,-54.0155,-81.6379,60.1082,-42.1555,9.18169,6.86029,6.26191,-5.33677,-72.3455,59.1071,-38.7139,-369.296,8.3283,5.33129,4.7179,2.0,LLLYWLLVALLAALLSLLILI,0.467626780132091,0.0390638085326581,R,99999900.0,-26.597499999999997,0.0,10.786000000000001,685.7199999999998,-0.03878769760251999,0.0,0.01572945225456455,-0.023058682844309637
AYLLVLLLATLLSAL,Mutant,,void,16.0,LLLAYLLVLLLATLLSFLILI,-0.0336441792168098,LLLAYLLVLLLATLLSALILI_0,1.1001100110011e+17,1.0,-73.1923,-73.1876,-74.1234,-222.911,-222.643,-241.714,-366.4,4591.3,3767.89,3756.94,-15.8103,-13.2172,-86.1071,-83.7867,-50.563,-74.4786,53.2042,-42.7868,8.58173,4.85436,4.15243,-12.0232,-76.864,48.8373,-44.7359,-379.618,8.5339,4.62264,3.8552,0.0,LLLAYLLVLLLATLLSALILI,0.3831512439278717,0.0311102861595145,R,99999900.0,-35.5441,0.9311000000000007,18.802999999999997,823.4100000000003,-0.0431669520651923,0.0011307853924533348,0.022835525436902624,-0.019201005574379707
YTLLVILLIFLLSLL,Mutant,,clash,11.0,LLLYTLLVILLAFLLSLLILI,0.1254341567631044,LLLYTLLVILLIFLLSLLILI_2,1.1001100110011e+17,1.0,-79.2539,-77.0914,-60.5144,-239.248,-235.897,-256.707,-366.696,4764.57,4196.45,3781.33,-15.8004,3543.87,-63.9952,3490.16,-49.4751,-71.4065,48.5672,-39.7495,10.2463,3.76755,2.99606,3193.73,-67.6029,45.1857,-45.0,3177.17,8.6947,2.74051,1.9183,2.0,LLLYTLLVILLIFLLSLLILI,0.1703881138091807,0.0131932837813406,R,99999900.0,-14.5201,-18.7395,17.459000000000003,568.1199999999999,-0.02555815672745195,-0.03298510877983525,0.030731183552770554,-0.02781172991621489
YALLTVLLLLLASLL,Mutant,,void,4.0,LLLYFLLTVLLLLLASLLILI,-0.0255032259802019,LLLYALLTVLLLLLASLLILI_1,1.1001100110011e+17,1.0,-70.5443,-74.0355,-74.0872,-233.013,-236.596,-249.057,-380.293,4681.35,3833.92,3867.91,-15.7977,-7.65186,-92.5334,-77.3136,-57.1496,-103.879,22.5781,23.542,9.16301,5.12982,3.96849,0.165355,-112.036,2.098,25.9917,-380.102,9.5,3.58863,2.1201,1.0,LLLYALLTVLLLLLASLLILI,0.291204910072636,0.0316008065425874,L,99999900.0,-35.3838,3.542899999999989,16.043999999999983,847.4300000000003,-0.04175424518839313,0.004180758292720328,0.018932537200712717,-0.018641893725735454
LFVLLALLTALLSLL,Mutant,,void,12.0,LLLLFVLLALLTILLSLLILI,-0.1050723702947739,LLLLFVLLALLTALLSLLILI_1,1.1001100110011e+17,1.0,-74.1007,-74.1007,-74.1007,-239.424,-237.623,-239.114,-138.648,4557.17,3919.68,3877.64,-15.7857,-13.5159,159.091,159.56,174.567,-47.682,64.7915,30.3236,9.70198,2.39915,1.87102,-7.57301,-44.8132,57.5828,26.7672,-145.734,9.4293,0.995658,0.3594,1.0,LLLLFVLLALLTALLSLLILI,0.2890666753470166,0.0259292345269302,L,99999900.0,-15.475999999999999,0.0,-0.3100000000000023,637.4900000000002,-0.02427645923857628,0.0,-0.00048628213775902705,-0.02476227078071812
YVLLTILLALLLSFL,WT,LLLYVLLIILLALLLSFLILI,clash,,,,LLLYVLLTILLALLLSFLILI_1,1.1001100110011e+17,1.0,-74.2642,-74.2348,-74.2348,-244.38,-238.89,-253.547,-372.187,4662.57,4184.34,3900.96,-15.7592,-7.74598,-69.3021,-66.8088,-44.4056,-55.6916,79.8962,-47.8465,9.6549,5.63973,5.33817,-5.74574,-57.818,66.41,-40.684,-378.458,9.0,4.13805,3.6342,1.0,LLLYVLLTILLALLLSFLILI,0.3603643482530763,0.1081151527418355,R,99999900.0,-24.896499999999996,-0.02939999999999543,9.167000000000002,478.22999999999956,-0.05205967839742387,-6.147669531396076e-05,0.019168600882420613,-0.03295318152353473
YVLLTLLLGALLAFL,WT,LLLYVLLTLLLIALLAFLILI,clash,,,,LLLYVLLTLLLGALLAFLILI_2,1.1001100110011e+17,1.0,-58.7433,-64.1818,-58.7433,-237.632,-226.244,-246.257,-344.789,4645.49,4083.33,3693.25,-15.7578,330.764,-64.1709,276.401,-39.7888,-43.1674,79.4352,-47.6186,8.53663,3.69887,3.3904,188.368,-43.2635,63.1811,-42.5139,-14.0246,7.006,1.51898,0.966697,2.0,LLLYVLLTLLLGALLAFLILI,0.2549258972260488,0.0401969431081801,G,99999900.0,-24.3821,0.0,8.625,562.1599999999999,-0.04337217162373703,0.0,0.015342607086950339,-0.0280308097338836
TALLVALLAYLLSAL,Mutant,,void,16.0,LLLTALLVALLAYLLSFLILI,0.0959418700793193,LLLTALLVALLAYLLSALILI_2,1.1001100110011e+17,1.0,-64.1759,-63.8798,-60.2169,-224.249,-223.044,-241.871,-357.428,4544.6,3740.05,3716.45,-15.7548,-8.8717,-84.7586,-79.3767,-55.3407,-69.5843,68.829,-35.3489,7.93677,6.22956,5.76199,-13.6601,-69.0036,63.721,-36.3865,-371.132,8.0348,5.45288,4.9087,2.0,LLLTALLVALLAYLLSALILI,0.4354089813438979,0.0233544898419586,R,99999900.0,-29.417900000000003,-3.958999999999996,17.622000000000014,804.5500000000002,-0.03656441489031135,-0.004920763159530166,0.02190292710210678,-0.019582126654651665
LALLIALLFILLSTL,Mutant,,clash,12.0,LLLLALLIALLFVLLSTLILI,0.1105900738979809,LLLLALLIALLFILLSTLILI_2,1.1001100110011e+17,1.0,-74.1682,-74.2892,-74.1979,-238.377,-230.515,-244.16,-373.697,4580.15,3937.65,3747.5,-15.7469,26.1601,-76.8992,-42.7326,-55.3399,-39.8094,87.9825,-36.1213,9.07872,4.34904,4.16878,20.0462,-37.1328,75.3172,-35.0,-354.135,8.3978,2.23774,1.8675,2.0,LLLLALLIALLFILLSTLILI,0.1599526966283192,0.0575476729177078,R,99999900.0,-21.559299999999993,0.02970000000000539,5.782999999999987,642.4999999999995,-0.03355533073929962,4.622568093386056e-05,0.009000778210116718,-0.024508793774319082
FYLLVALLATLLSLL,Mutant,,void,11.0,LLLFYLLVALLLTLLSLLILI,-0.0058017073924707,LLLFYLLVALLATLLSLLILI_1,1.1001100110011e+17,1.0,-80.9854,-80.5354,-74.1425,-234.189,-232.04,-244.613,-358.715,4684.39,4080.16,3872.61,-15.7232,-14.2302,-59.2638,-60.3695,-39.9591,-21.7327,86.8561,-45.035,9.10852,1.48547,1.28831,-12.9835,-16.5696,85.3931,-40.833,-371.859,8.844,0.513503,0.294399,1.0,LLLFYLLVALLATLLSLLILI,0.423895850355264,0.0448984211147161,R,99999900.0,-19.304700000000004,-6.8429,10.424000000000007,604.2300000000005,-0.031949257732982454,-0.011324992138755102,0.017251708786389285,-0.026021879085778573
YALLAALLFTLLVLL,Mutant,,void,7.0,LLLYALLIALLFTLLVLLILI,-0.0293369139882466,LLLYALLAALLFTLLVLLILI_0,1.1001100110011e+17,1.0,-58.6559,-59.3766,-58.8653,-232.449,-227.999,-248.04,-348.904,4678.5,4144.3,3962.24,-15.7083,-9.18533,-73.5068,-70.7133,-41.9982,-28.8157,105.884,-52.1494,8.65981,5.11664,5.20489,-7.98623,-28.8229,98.2271,-45.0,-358.089,8.6709,4.08409,4.0575,0.0,LLLYALLAALLFTLLVLLILI,0.3334224396834624,0.0412215249152046,R,99999900.0,-31.5086,0.20939999999999515,15.59099999999998,534.1999999999998,-0.058982777985773144,0.00039198801946835495,0.029185698240359388,-0.02940527892175216
AILLFTLLVALLSLL,Mutant,,void,3.0,LLLYILLFTLLVALLSLLILI,-0.1748462955639027,LLLAILLFTLLVALLSLLILI_0,1.1001100110011e+17,1.0,-74.2547,-74.2547,-74.2547,-231.898,-224.337,-242.112,-372.227,4546.15,3863.77,3736.87,-15.6598,-9.83101,-81.7332,-83.4657,-55.8594,-31.5611,88.8205,-39.4771,8.75297,3.22494,3.05725,-9.77816,-36.8634,72.7299,-38.2609,-382.058,8.6793,1.84805,1.439,0.0,LLLAILLFTLLVALLSLLILI,0.3579473896832907,0.0788335731744672,R,99999900.0,-25.873799999999996,0.0,10.213999999999999,682.3799999999997,-0.03791699639497056,0.0,0.01496819953691492,-0.02294879685805564
YWLLVILLAFLLSLL,Mutant,,clash,8.0,LLLYWLLVALLAFLLSLLILI,0.0328489513620066,LLLYWLLVILLAFLLSLLILI_0,1.1001100110011e+17,1.0,-60.4308,-60.5974,-60.2694,-247.628,-235.474,-259.538,-360.422,4801.49,4208.05,3832.5,-15.6493,69.2144,-68.0131,4.86367,-40.6154,-75.9834,66.4986,-48.4523,9.76557,6.87483,6.37231,68.4332,-72.3455,59.1071,-38.7139,-291.208,8.3283,5.33129,4.7179,0.0,LLLYWLLVILLAFLLSLLILI,0.3369918165590862,0.0989106615320495,R,99999900.0,-27.397699999999993,-0.16140000000000043,11.910000000000025,593.4399999999996,-0.04616759908331088,-0.0002719735777837701,0.02006942572121871,-0.026370483957940165
YALLVALLLILLSWL,Mutant,,clash,12.0,LLLYALLVALLLTLLSWLILI,0.0342432065199586,LLLYALLVALLLILLSWLILI_0,1.1001100110011e+17,1.0,-69.5732,-69.1541,-60.4158,-238.339,-233.666,-254.861,-372.177,4747.81,4157.43,4035.36,-15.6386,-1.43212,-79.9029,-70.7884,-56.9,-32.4586,104.363,-42.2257,9.48279,5.45776,5.5232,-4.10821,-31.0165,97.6795,-42.1335,-373.609,9.0,4.33921,4.3044,0.0,LLLYALLVALLLILLSWLILI,0.2383979611190025,0.0830545610838627,R,99999900.0,-23.002900000000004,-9.157400000000003,16.52199999999999,590.3800000000001,-0.0389628713709814,-0.01551102679630069,0.027985365357905058,-0.02648904095667197
VLLLTGLLFALLIYL,Mutant,,clash,15.0,LLLVLLLTGLLFALLAYLILI,0.0365166811080093,LLLVLLLTGLLFALLIYLILI_2,1.1001100110011e+17,1.0,-58.6912,-59.6112,-58.7499,-237.614,-222.829,-245.24,-351.583,4632.05,3862.89,3655.52,-15.6139,2179.97,-70.8918,2110.83,-47.5932,-45.7848,76.7714,-50.0386,8.84711,3.73186,3.38343,1369.09,-38.7525,65.3789,-42.5319,1828.39,7.4041,1.13902,0.619703,2.0,LLLVLLLTGLLFALLIYLILI,0.2218907869878621,0.0339138547328979,G,99999900.0,-23.2986,0.058699999999994645,7.626000000000005,769.1600000000003,-0.03029096676894273,7.631702116594028e-05,0.009914712153518126,-0.020299937594258664
YVLLAILLALLLSTL,Mutant,,void,7.0,LLLYVLLFILLALLLSTLILI,-0.0630580098301697,LLLYVLLAILLALLLSTLILI_2,1.1001100110011e+17,1.0,-74.2681,-74.2387,-74.2387,-241.187,-238.751,-248.561,-378.23,4615.93,3995.28,3883.82,-15.5921,-7.11626,-78.3676,-72.3569,-55.4304,-63.5952,66.9282,-36.3024,8.94854,5.07458,4.57851,-6.17545,-63.1873,55.2127,-36.6493,-384.828,8.5138,3.43181,2.76,2.0,LLLYVLLAILLALLLSTLILI,0.278249004039673,0.0568502234462983,R,99999900.0,-22.937199999999997,-0.02940000000000964,7.373999999999995,620.6500000000001,-0.03695673890276322,-4.736969306373904e-05,0.011881092403125746,-0.025122210585676305
YTLLIALLAVLLSLL,WT,LLLYTLLIALLAVLLILLILI,clash,,,,LLLYTLLIALLAVLLSLLILI_2,1.1001100110011e+17,1.0,-74.6447,-68.0337,-60.3856,-228.498,-227.949,-248.534,-370.437,4652.52,3788.21,3868.55,-15.5759,13.846,-82.87,-60.6082,-61.5174,-51.1172,76.8871,-46.0023,8.70695,4.54735,4.20066,9.85502,-46.7103,70.4803,-42.9747,-358.133,8.3098,3.02139,2.57859,2.0,LLLYTLLIALLAVLLSLLILI,0.3780921833432315,0.0468683405572129,R,99999900.0,-21.352600000000002,-14.259100000000004,20.036,864.3100000000004,-0.024704793419027888,-0.01649766866055003,0.02318149737941247,-0.018021196098622013
VYLLTALLLILLSFL,Mutant,,clash,12.0,LLLVYLLTALLLALLSFLILI,0.0837212639138546,LLLVYLLTALLLILLSFLILI_0,1.1001100110011e+17,1.0,-77.246,-82.162,-74.0865,-239.552,-228.73,-248.149,-366.437,4674.55,3749.28,3640.28,-15.5536,1403.34,-65.1928,1347.79,-44.2012,-21.3188,96.2944,-36.9916,9.58143,2.69757,2.64198,960.051,-12.6474,89.5679,-35.0,1036.9,8.0,0.488782,0.332301,0.0,LLLVYLLTALLLILLSFLILI,0.2552502509831078,0.0711683970368641,R,99999900.0,-20.991600000000005,-3.159499999999994,8.597000000000008,925.27,-0.022686999470424855,-0.0034146789585742477,0.009291341986663362,-0.01680979605952857
YVLLLILLATLLSFL,WT,LLLYVLLLILLATLLIFLILI,clash,,,,LLLYVLLLILLATLLSFLILI_2,1.1001100110011e+17,1.0,-74.1087,-70.0551,-74.1087,-243.898,-231.318,-253.501,-371.414,4678.53,4121.33,3844.67,-15.5349,1798.5,-68.9422,1728.46,-43.8041,-36.0467,88.5515,-50.9663,9.49422,3.86147,3.68974,1198.64,-30.5546,77.5454,-42.4251,1427.09,8.9441,1.55182,1.215,2.0,LLLYVLLLILLATLLSFLILI,0.1300392666193936,0.0480750053456362,R,99999900.0,-25.1381,0.0,9.603000000000009,557.1999999999998,-0.045115039483129955,0.0,0.0172343862167983,-0.0278802943287868
LYVLTFLLAILLSLL,WT,LLLLYVLTFLLAILLILLILI,clash,,,,LLLLYVLTFLLAILLSLLILI_1,1.1001100110011e+17,1.0,-74.3191,-74.343,-74.0079,-230.996,-225.936,-247.986,-367.693,4606.8,3656.13,3641.64,-15.5087,104.582,-77.8866,37.1679,-45.6989,-56.9498,67.7262,17.0486,9.90612,4.1855,3.7014,102.368,-62.2011,51.5869,18.7588,-265.759,9.5,2.7944,2.0682,1.0,LLLLYVLTFLLAILLSLLILI,0.3656771749189247,0.1227215565047581,L,99999900.0,-32.1877,-0.3111999999999995,16.98999999999998,950.6700000000001,-0.033857910736638366,-0.0003273480808272055,0.01787160634079121,-0.01631344209873037
YALLAVLITLLLSLL,Mutant,,void,4.0,LLLYFLLAVLITLLLSLLILI,-0.1827800101518319,LLLYALLAVLITLLLSLLILI_1,1.1001100110011e+17,1.0,-74.2904,-70.7062,-74.2904,-240.19,-237.3,-249.046,-378.794,4626.01,3838.69,3809.94,-15.4498,8.56598,-79.7629,-62.2216,-55.4577,-110.535,26.239,25.8012,9.85168,6.62249,5.51608,8.93505,-113.132,4.052,24.0428,-367.491,9.5,4.01682,2.5776,1.0,LLLYALLAVLITLLLSLLILI,0.3949547196848175,0.0569629498147025,L,99999900.0,-24.3052,0.0,8.855999999999995,787.3200000000002,-0.030870802215109478,0.0,0.011248285322359388,-0.019623278971701463
YALLFLLLGTLLSIL,WT,LLLYALLFILLGTLLSILILI,clash,,,,LLLYALLFLLLGTLLSILILI_0,1.1001100110011e+17,1.0,-70.7208,-71.3173,-74.0819,-233.803,-227.043,-250.083,-362.562,4665.6,3812.65,3687.89,-15.4472,274.992,-73.4856,210.791,-38.3965,-66.7986,62.0788,-42.1708,7.516,4.90043,4.33161,271.496,-60.5958,60.1642,-40.2827,-87.5696,7.5,3.71154,3.114,0.0,LLLYALLFLLLGTLLSILILI,0.1884911474233541,0.0462006055749655,G,99999900.0,-35.0891,3.3611000000000075,16.28,852.9500000000003,-0.041138519256697335,0.003940559235594122,0.019086699103112722,-0.01811032299665865
TSLLALLLYLLAVLL,Mutant,,void,7.0,LLLTSLLFLLLYLLAVLLILI,-0.298478900634699,LLLTSLLALLLYLLAVLLILI_2,1.1001100110011e+17,1.0,-65.8418,-49.4461,-45.0498,-226.562,-226.353,-264.573,-377.202,4665.76,3615.16,3693.6,-15.4409,28.5104,-100.239,-72.893,-67.5787,-101.775,43.8542,26.5846,8.92923,7.68654,6.84435,26.6116,-102.022,32.5707,26.0229,-350.994,9.2505,6.20034,5.1889,2.0,LLLTSLLALLLYLLAVLLILI,0.6720203550203436,0.1101153159892191,L,99999900.0,-32.66030000000001,-20.79200000000001,38.01099999999997,1050.6000000000004,-0.031087283457072144,-0.019790595849990482,0.03618027793641724,-0.014697220635827141
TALLVLLLALLLSFL,Mutant,,void,4.0,LLLTYLLVLLLALLLSFLILI,0.034661737025298,LLLTALLVLLLALLLSFLILI_2,1.1001100110011e+17,1.0,-60.4039,-60.4204,-60.4011,-238.138,-231.995,-247.637,-373.96,4595.03,3819.21,3796.81,-15.4162,-8.94187,-90.8346,-90.4866,-65.9225,-74.8995,64.1806,-38.5186,8.45752,6.39931,5.86202,-4.79897,-70.1435,50.4198,-38.9685,-378.452,8.6236,3.8282,3.0845,2.0,LLLTALLVLLLALLLSFLILI,0.4057251184349654,0.0208824861224311,R,99999900.0,-24.912099999999995,-0.00280000000000058,9.498999999999995,775.8199999999997,-0.03211067000077338,-3.6090845814758332e-06,0.012243819442654222,-0.01987084633033436
YVLLFILLAALLSTL,Mutant,,void,12.0,LLLYVLLFILLALLLSTLILI,0.0453023972930548,LLLYVLLFILLAALLSTLILI_0,1.1001100110011e+17,1.0,-72.996,-74.2294,-74.2294,-238.274,-232.912,-249.342,-360.022,4626.15,4084.55,3917.81,-15.3898,-8.57755,-64.1424,-61.4585,-36.451,-63.3622,62.4989,-40.4848,8.22573,4.44168,3.87916,-7.66114,-63.1873,55.2127,-36.6493,-368.6,8.5138,3.43181,2.76,0.0,LLLYVLLFILLAALLSTLILI,0.1698885969164482,0.0872323584306758,R,99999900.0,-27.691399999999994,1.2334000000000032,11.068000000000012,541.5999999999995,-0.05112887740029546,0.0022773264401772606,0.020435745937961637,-0.028415435745937988
YALLVLLLATLLSIL,Mutant,,void,4.0,LLLYFLLVLLLATLLSILILI,-0.1196926462780846,LLLYALLVLLLATLLSILILI_0,1.1001100110011e+17,1.0,-73.7469,-73.3918,-74.0893,-235.336,-229.535,-249.036,-377.39,4642.48,3951.62,3841.63,-15.3653,-9.44662,-83.6721,-83.9101,-54.2647,-72.2621,58.8322,-40.3278,8.72682,5.28166,4.66414,-8.30868,-74.125,49.3644,-40.0371,-386.836,8.8024,4.28294,3.52341,0.0,LLLYALLVLLLATLLSILILI,0.3509827716054829,0.0645322045387349,R,99999900.0,-29.407400000000003,0.3423999999999978,13.699999999999989,690.8599999999997,-0.04256636655762386,0.0004956141620588802,0.0198303563674261,-0.02224083026951916
AWLLTVLLALLFSLL,Mutant,,void,3.0,LLLYWLLTVLLALLFSLLILI,-0.1083949078240639,LLLAWLLTVLLALLFSLLILI_1,1.1001100110011e+17,1.0,-74.093,-69.9975,-74.1887,-228.011,-223.431,-248.257,-372.25,4602.66,3760.25,3759.75,-15.3501,25.4554,-85.4966,-53.3663,-49.8044,-108.825,16.2169,25.0031,9.45427,5.01304,3.75629,-7.54156,-107.621,8.37296,28.0,-383.141,9.5,3.7735,2.39909,1.0,LLLAWLLTVLLALLFSLLILI,0.5556008182588852,0.0464815250012431,L,99999900.0,-35.6922,0.09569999999999368,20.24600000000001,842.4099999999999,-0.042369155161975765,0.00011360264004462636,0.02403342790327752,-0.01822164979048207
YALLIALLFTLLILL,Mutant,,clash,15.0,LLLYALLIALLFTLLVLLILI,0.0292814081721679,LLLYALLIALLFTLLILLILI_2,1.1001100110011e+17,1.0,-58.2441,-52.9214,-58.8653,-235.23,-235.973,-253.418,-356.682,4729.94,4084.12,3978.46,-15.3028,-4.15571,-78.5105,-71.9432,-44.3984,-33.8625,95.9807,-51.1372,8.47596,4.53677,4.47648,-3.14258,-28.8229,98.2271,-45.0,-364.423,8.6709,4.08409,4.0575,2.0,LLLYALLIALLFTLLILLILI,0.2748041175230475,0.0687113721756237,R,99999900.0,-34.11209999999999,0.6211999999999946,18.188000000000017,645.8199999999997,-0.0528198259576972,0.0009618779226409756,0.028162645938496832,-0.02369514725465301
YALLVALLITLLFLL,WT,LLLYALLVALLITLLFILILI,clash,,,,LLLYALLVALLITLLFLLILI_1,1.1001100110011e+17,1.0,-59.4859,-59.6061,-58.8507,-233.849,-233.664,-252.033,-353.382,4718.09,4066.41,3943.71,-15.2971,-13.0761,-75.3439,-73.1882,-42.4985,-33.1244,93.4376,-43.8092,8.43154,4.08273,3.98429,-8.96603,-28.1339,95.9421,-37.7472,-364.001,8.6579,3.67227,3.6114,1.0,LLLYALLVALLITLLFLLILI,0.3081725480293435,0.0585413149994968,R,99999900.0,-32.845400000000005,-0.6351999999999975,18.183999999999997,651.6800000000003,-0.05040111711269333,-0.0009747115148539118,0.02790326540633438,-0.023473330468941803
YLLLVALLATLLSAL,Mutant,,void,16.0,LLLYLLLVALLATLLSFLILI,-0.0365130727200285,LLLYLLLVALLATLLSALILI_0,1.1001100110011e+17,1.0,-74.2236,-70.4273,-74.0594,-233.201,-229.775,-244.018,-370.105,4603.27,4056.49,3874.33,-15.2918,504.345,-77.9731,434.442,-52.0282,-44.0296,74.0927,-50.1852,8.16122,3.10695,2.71834,393.972,-47.1777,64.0077,-41.6778,134.239,8.4891,2.21769,1.67781,0.0,LLLYLLLVALLATLLSALILI,0.2553633405073734,0.0493635929833645,R,99999900.0,-25.944900000000004,-0.16420000000000812,10.817000000000007,546.7800000000007,-0.04745034566004604,-0.00030030359559604945,0.019783093748856933,-0.027967006840045324
YILLLALLFSLLVTL,Mutant,,clash,4.0,LLLYALLLALLFSLLVTLILI,0.0877516362180001,LLLYILLLALLFSLLVTLILI_0,1.1001100110011e+17,1.0,-74.1677,-74.1677,-74.1677,-239.254,-230.313,-252.799,-370.672,4673.18,3963.23,3731.06,-15.2896,139.971,-72.5397,73.7807,-43.7055,-38.4384,98.3868,-51.6528,8.69056,5.54797,5.52377,131.936,-38.8884,87.4303,-44.355,-230.701,8.3134,4.13635,3.9478,0.0,LLLYILLLALLFSLLVTLILI,0.2134509470307025,0.0103480530262252,R,99999900.0,-28.834199999999996,0.0,13.545000000000016,709.9500000000003,-0.04061440946545529,0.0,0.01907880836678641,-0.021536164518628064
YALLVTLLAILLSFL,Mutant,,void,4.0,LLLYLLLVTLLAILLSFLILI,-0.0410800547924979,LLLYALLVTLLAILLSFLILI_1,1.1001100110011e+17,1.0,-77.5749,-74.212,-74.212,-235.198,-234.217,-249.009,-356.057,4658.19,4057.41,4027.77,-15.2894,-11.1695,-58.5738,-58.7979,-32.8362,-55.3288,60.0243,-43.5716,7.81565,2.9026,2.30296,-11.3689,-50.8571,62.3289,-43.2727,-367.996,8.14,2.54297,1.9779,1.0,LLLYALLVTLLAILLSFLILI,0.2062800529032013,0.0198179291796966,R,99999900.0,-25.7376,-3.3628999999999962,13.810999999999979,600.7799999999997,-0.042840307600119865,-0.0055975565098704974,0.022988448350477687,-0.025449249309231346
LALLIALLAVLLSTL,Mutant,,void,11.0,LLLLALLIALLFVLLSTLILI,-0.0712077533241111,LLLLALLIALLAVLLSTLILI_0,1.1001100110011e+17,1.0,-74.1615,-74.1615,-74.2403,-228.229,-221.946,-237.685,-380.087,4496.34,3785.21,3787.08,-15.2711,-8.19657,-92.9673,-92.1753,-68.1614,-34.0248,88.2534,-35.2269,8.31491,3.51793,3.34173,-8.24379,-37.1328,75.3172,-35.0,-388.283,8.3978,2.23774,1.8675,0.0,LLLLALLIALLAVLLSTLILI,0.3417505238504117,0.0125393432968657,R,99999900.0,-24.805899999999994,0.07880000000000109,9.455999999999989,711.1300000000001,-0.03488237031203857,0.00011080955662115377,0.013297146794538252,-0.021474413960879162
YILLTVLLALLFSLL,Mutant,,clash,4.0,LLLYLLLTVLLALLFSLLILI,-0.0301186888116775,LLLYILLTVLLALLFSLLILI_1,1.1001100110011e+17,1.0,-74.2941,-70.5852,-74.1691,-238.462,-229.44,-252.809,-370.921,4658.52,3952.7,3768.52,-15.2639,125.205,-73.4285,54.3095,-43.9425,-114.524,11.7976,21.2651,10.2814,5.27123,3.94819,110.383,-105.587,2.45296,19.0015,-251.645,9.4143,2.6692,1.20599,1.0,LLLYILLTVLLALLFSLLILI,0.2939664256766918,0.0722645165910029,L,99999900.0,-29.485999999999997,-0.125,14.347000000000008,705.8200000000006,-0.041775523504576195,-0.00017709897707630825,0.02032671219291037,-0.021625768609560492
LYVLTALLAILLSLL,Mutant,,void,8.0,LLLLYVLTFLLAILLSLLILI,-0.029851147598347,LLLLYVLTALLAILLSLLILI_1,1.1001100110011e+17,1.0,-74.1465,-74.1888,-74.0932,-235.765,-224.651,-242.702,-374.948,4569.61,3801.17,3679.09,-15.2515,102.997,-80.2883,26.8883,-58.1532,-57.6584,75.0653,17.9941,10.386,5.28257,4.90855,57.0249,-62.2011,51.5869,18.7588,-268.119,9.5,2.7944,2.0682,1.0,LLLLYVLTALLAILLSLLILI,0.3955283225172716,0.072192228553867,L,99999900.0,-22.13510000000001,-0.05330000000000723,6.937000000000012,768.4399999999996,-0.028805241788558665,-6.936130341992512e-05,0.009027380146790921,-0.019847353078965187
TLLLGVLLIFLLAIL,Mutant,,clash,11.0,LLLTLLLGVLLGFLLAILILI,1.3428552581674509,LLLTLLLGVLLIFLLAILILI_2,1.1001100110011e+17,1.0,-44.9169,-50.8448,-44.9169,-242.271,-230.267,-247.889,-354.22,4619.11,4022.61,3580.77,-15.2464,342784.0,-82.279,342711.0,-61.4147,-87.5642,64.3991,-34.3093,9.61647,8.32852,7.79451,180984.0,-85.9497,42.6517,-45.0,342429.0,6.5506,5.15043,4.2902,2.0,LLLTLLLGVLLIFLLAILILI,0.3184545006755369,0.0233736676347666,G,99999900.0,-20.864299999999993,0.0,5.618000000000023,596.4999999999995,-0.03497787091366305,0.0,0.00941827326068739,-0.025559765297569172
YTLLVALLSTLLALL,Mutant,,void,15.0,LLLYTLLVALLSTLLFLLILI,-0.2929244508900457,LLLYTLLVALLSTLLALLILI_2,1.1001100110011e+17,1.0,-82.3557,-81.0699,-74.2668,-229.577,-227.579,-248.091,-372.354,4637.14,3878.84,3841.83,-15.244,-4.25727,-75.6655,-67.9617,-49.9962,-52.5396,80.211,-47.7373,8.6917,5.20942,4.91259,-5.38188,-52.2698,72.8602,-43.2077,-377.642,8.6278,4.1766,3.7695,2.0,LLLYTLLVALLSTLLALLILI,0.5186947319307597,0.0516389958553695,R,99999900.0,-25.669299999999993,-8.088899999999995,18.51400000000001,758.3000000000002,-0.033851114334696016,-0.01066715020440458,0.0244151391269946,-0.02010286166424897
TALLVALLFALLSAL,Mutant,,void,16.0,LLLTALLVALLFALLSLLILI,0.0717614833288416,LLLTALLVALLFALLSALILI_2,1.1001100110011e+17,1.0,-62.8534,-62.8162,-60.4381,-221.267,-221.165,-239.85,-351.711,4514.35,3756.71,3737.33,-15.201,-14.7582,-82.7919,-82.4881,-51.4231,-34.5015,80.6012,-39.2314,7.85086,2.55638,2.2654,-13.3259,-36.6373,79.1887,-39.9947,-364.606,8.0543,2.68607,2.3739,2.0,LLLTALLVALLFALLSALILI,0.3917394074584336,0.0165211088760819,R,99999900.0,-31.3688,-2.415300000000002,18.583,757.6400000000003,-0.041403304999736004,-0.0031879256639037023,0.024527480069690077,-0.020063618605142275
LIILLAVLLTLLLSL,Mutant,,clash,4.0,LLLLFILLAVLLTLLLSLILI,0.0358686679686902,LLLLIILLAVLLTLLLSLILI_2,1.1001100110011e+17,1.0,-74.2506,-74.2506,-74.2506,-232.861,-227.215,-243.766,-396.999,4552.66,3762.76,3610.27,-15.1933,3030.03,-105.081,2934.49,-78.983,-52.4447,80.8324,35.7343,9.58706,5.27907,4.99155,1440.48,-60.6709,65.7431,20.4901,2620.82,9.5,4.47595,3.9621,2.0,LLLLIILLAVLLTLLLSLILI,0.2236006563220677,0.0736393227525144,L,99999900.0,-26.098,0.0,10.905000000000001,789.8999999999996,-0.03303962526902141,0.0,0.013805545005696931,-0.01923446005823523
YSLLVALLATLLFAL,Mutant,,void,16.0,LLLYSLLVALLATLLFLLILI,0.010878475342142,LLLYSLLVALLATLLFALILI_2,1.1001100110011e+17,1.0,-69.6007,-70.0128,-58.7878,-223.808,-224.802,-249.568,-341.853,4688.85,3885.35,3796.07,-15.1875,-11.7757,-63.6315,-58.8141,-33.4967,-51.2653,75.1296,-44.3307,7.85845,4.33228,3.95922,-8.15451,-54.4223,72.8251,-42.2813,-351.979,8.0,4.49473,4.08711,2.0,LLLYSLLVALLATLLFALILI,0.2572126193627248,0.0513494467388023,R,99999900.0,-30.134800000000006,-10.812900000000006,25.76000000000002,803.5000000000005,-0.03750441817050403,-0.013457249533291847,0.032059738643434976,-0.018901680149346598
YALLTALLGLLLGFL,WT,LLLYALLTALLILLLGFLILI,clash,,,,LLLYALLTALLGLLLGFLILI_1,1.1001100110011e+17,1.0,-63.8663,-66.3123,-58.802,-222.802,-220.205,-242.535,-336.701,4602.77,3931.27,3817.22,-15.1785,-3.81433,-65.211,-53.9979,-35.363,-51.2462,66.7657,-44.6821,6.86675,3.2003,2.70179,-11.2742,-49.4233,66.044,-43.1773,-348.202,6.8387,2.82944,2.3201,1.0,LLLYALLTALLGLLLGFLILI,0.2479232385515793,0.0452688531551939,G,99999900.0,-29.848,-5.064300000000003,19.733000000000004,671.5000000000005,-0.044449739389426625,-0.007541772151898734,0.029386448250186138,-0.02260387192851823
YILLVALLATLLILL,Mutant,,clash,15.0,LLLYILLVALLATLLTLLILI,0.0865715715564597,LLLYILLVALLATLLILLILI_2,1.1001100110011e+17,1.0,-58.8077,-55.3799,-58.8077,-240.436,-239.28,-249.833,-369.811,4657.41,3994.29,3783.47,-15.1714,689.459,-85.7387,614.307,-61.1703,-46.3982,76.8107,-46.4306,8.6932,3.82917,3.48133,381.817,-47.282,59.6907,-41.1998,322.928,8.0989,1.65054,1.0459,2.0,LLLYILLVALLATLLILLILI,0.2733399158985195,0.0568448838465567,R,99999900.0,-24.568399999999997,0.0,9.396999999999991,663.1199999999999,-0.03704970442755459,0.0,0.014170889130172507,-0.022878815297382078
FYLLVALLASLLTLL,Mutant,,void,11.0,LLLFYLLVALLISLLTLLILI,0.0161234322407963,LLLFYLLVALLASLLTLLILI_1,1.1001100110011e+17,1.0,-74.2835,-74.2835,-74.2835,-230.285,-230.032,-243.609,-357.913,4639.92,3875.65,3954.5,-15.1669,-10.6622,-68.5114,-64.2594,-40.02,-14.2595,96.7169,-41.66,8.27891,1.69571,1.64646,-11.0664,-12.7234,94.0286,-41.0839,-369.513,8.362,1.10237,1.0128,1.0,LLLFYLLVALLASLLTLLILI,0.3369208794436971,0.0203351101745086,R,99999900.0,-28.49139999999999,0.0,13.324000000000012,764.27,-0.037279233778638426,0.0,0.017433629476493927,-0.01984495008308582
YALLTILLTFLLILL,Mutant,,clash,15.0,LLLYALLTILLTFLLSLLILI,-0.0374600583814238,LLLYALLTILLTFLLILLILI_1,1.1001100110011e+17,1.0,-65.6137,-65.6137,-72.7439,-248.673,-239.735,-256.667,-368.637,4719.51,4061.5,3836.3,-15.1538,118.112,-69.504,54.8237,-39.226,-77.0208,60.5682,-38.6764,9.69058,6.22982,5.63835,92.9529,-72.6011,53.9923,-36.179,-257.848,9.0,4.67912,3.989,1.0,LLLYALLTILLTFLLILLILI,0.3302191486508196,0.0407357943172608,R,99999900.0,-30.278000000000006,7.130200000000002,7.993999999999971,658.0100000000002,-0.046014498259904855,0.010836005531830823,0.012148751538730367,-0.02302974118934362
TALLVALLTFLLSLL,Mutant,,void,4.0,LLLTYLLVALLTFLLSLLILI,0.224167269947234,LLLTALLVALLTFLLSLLILI_2,1.1001100110011e+17,1.0,-71.992,-72.1769,-74.2501,-231.501,-229.482,-246.853,-374.312,4555.62,3727.27,3806.32,-15.1481,-12.2065,-85.9676,-84.8602,-53.2091,-74.6216,51.5173,-42.2731,8.84536,4.64808,3.92084,-11.0732,-71.7611,50.3856,-43.3797,-386.607,9.0,4.06622,3.322,2.0,LLLTALLVALLTFLLSLLILI,0.4201756499232192,0.0126537353745438,R,99999900.0,-32.758500000000005,2.258099999999999,15.352000000000004,828.3499999999999,-0.039546689201424526,0.0027260216092231536,0.018533228707671885,-0.018287076718778297
YVLLIALLATLLILL,Mutant,,clash,15.0,LLLYVLLIALLATLLSLLILI,0.0890244603791637,LLLYVLLIALLATLLILLILI_2,1.1001100110011e+17,1.0,-58.8271,-58.8271,-58.8271,-240.036,-237.285,-250.461,-370.161,4670.28,4015.73,3829.73,-15.0983,34.0339,-86.396,-40.0152,-60.8727,-43.3503,85.974,-44.9542,8.31765,4.60903,4.39864,30.4792,-40.8345,76.2695,-41.1941,-332.678,8.0,2.92156,2.5656,2.0,LLLYVLLIALLATLLILLILI,0.2495144478821609,0.0788986459187228,R,99999900.0,-25.5233,0.0,10.425000000000011,654.5499999999997,-0.03899365976625164,0.0,0.01592697272935607,-0.023066687036895586
TILLIALLFVLLSLL,Mutant,,clash,4.0,LLLTALLIALLFVLLSLLILI,0.074661669531142,LLLTILLIALLFVLLSLLILI_0,1.1001100110011e+17,1.0,-60.468,-60.468,-60.468,-234.508,-229.06,-247.685,-373.777,4601.74,3843.78,3722.14,-15.0943,182.646,-93.8951,98.3965,-65.6243,-50.1164,88.8066,-41.8852,8.67361,6.00636,5.83846,143.389,-47.9836,80.2404,-36.9281,-191.131,8.0,4.52999,4.2336,0.0,LLLTILLIALLFVLLSLLILI,0.2636712142425431,0.0271628402380447,R,99999900.0,-28.270799999999994,0.0,13.176999999999992,757.9599999999996,-0.03729853818143439,0.0,0.017384822418069556,-0.019914375428782532
YLLLATLLAILLFSL,WT,LLLYLLLITLLAILLFSLILI,clash,,,,LLLYLLLATLLAILLFSLILI_0,1.1001100110011e+17,1.0,-74.1693,-74.1693,-74.1693,-233.793,-231.088,-250.507,-365.974,4685.89,3863.22,3836.9,-15.0725,-12.0191,-73.084,-72.736,-41.2971,-53.2857,78.3835,-44.5609,8.74072,5.07463,4.75038,-11.7665,-53.5058,73.6956,-45.0,-377.993,8.8777,4.47477,4.0802,0.0,LLLYLLLATLLAILLFSLILI,0.1251378064178996,0.0225396133146551,R,99999900.0,-31.786900000000003,0.0,16.714,822.6700000000005,-0.03863870081563687,0.0,0.020316773432846692,-0.01832144116109739
YILLTALLVALLSLL,WT,LLLYILLTALLVILLSLLILI,clash,,,,LLLYILLTALLVALLSLLILI_0,1.1001100110011e+17,1.0,-74.2045,-74.2045,-74.2045,-231.578,-224.537,-247.796,-377.115,4629.58,3933.6,3824.57,-15.0625,-7.93786,-86.3952,-86.3112,-55.1144,-24.6552,98.9681,-45.746,8.09084,3.55897,3.54349,-7.12602,-28.5899,84.4588,-45.0,-385.053,8.1271,2.19042,1.9573,0.0,LLLYILLTALLVALLSLLILI,0.322850677733319,0.0330925510171998,R,99999900.0,-31.2808,0.0,16.21799999999999,695.98,-0.044944969683036864,0.0,0.023302393746946735,-0.021642144889220952
AALLLSLLFTLLVYL,WT,LLLAALLLSLLFILLVYLILI,clash,,,,LLLAALLLSLLFTLLVYLILI_0,1.1001100110011e+17,1.0,-74.2323,-74.2323,-74.2029,-229.834,-226.882,-245.915,-365.294,4589.31,3744.66,3732.31,-15.0542,-10.3991,-76.2818,-74.579,-45.1764,-53.2908,85.6571,-37.1837,8.20838,6.05733,5.84219,-6.06995,-54.7442,78.7538,-35.0,-375.693,8.4748,5.34339,5.0247,0.0,LLLAALLLSLLFTLLVYLILI,0.3261561701544524,0.0525520990560663,R,99999900.0,-31.105400000000003,-0.02939999999999543,16.08099999999999,844.6500000000005,-0.03682637778961698,-3.480731664002298e-05,0.01903865506422776,-0.01782300361096311
YALLVALLSLLLFTL,WT,LLLYILLVALLSLLLFTLILI,clash,,,,LLLYALLVALLSLLLFTLILI_0,1.1001100110011e+17,1.0,-76.4573,-76.5223,-74.288,-234.875,-228.823,-250.085,-363.51,4690.6,3866.44,3817.35,-15.0423,-8.19159,-67.2195,-66.3556,-39.1361,-66.3056,81.6107,-46.3584,8.12252,7.46328,7.18744,-7.99665,-69.5216,69.2117,-44.462,-371.701,8.1432,6.27182,5.81,0.0,LLLYALLVALLSLLLFTLILI,0.3577175344672235,0.0078352146736694,R,99999900.0,-28.083399999999997,-2.169300000000007,15.210000000000008,824.1600000000003,-0.03407517957678119,-0.0026321345369831176,0.01845515433896331,-0.01825167443214909
YVLLIALLATLLSLL,WT,LLLYVLLIALLAILLSLLILI,clash,,,,LLLYVLLIALLATLLSLLILI_0,1.1001100110011e+17,1.0,-75.0951,-74.1081,-74.1081,-238.442,-229.883,-248.458,-377.682,4641.55,4040.62,3853.27,-15.0421,-10.2489,-79.187,-83.9401,-55.1159,-42.7296,86.8996,-44.6297,8.04473,4.64088,4.44437,-10.3462,-40.8345,76.2695,-41.1941,-387.931,8.0,2.92156,2.5656,0.0,LLLYVLLIALLATLLSLLILI,0.338538908261325,0.0416714664827621,R,99999900.0,-24.071099999999994,-0.987000000000009,10.015999999999991,600.9300000000003,-0.04005641256053115,-0.0016424541959962201,0.016667498710332296,-0.025031368046195053
VSLLILLLALLATLL,Mutant,,void,14.0,LLLVSLLILLLALLFTLLILI,-0.0897620737752004,LLLVSLLILLLALLATLLILI_2,1.1001100110011e+17,1.0,-68.5884,-66.9438,-58.8634,-225.745,-221.063,-241.504,-378.816,4577.9,3813.78,3742.24,-15.0418,22.5433,-99.524,-68.265,-78.4483,-103.183,21.2304,27.5953,9.00993,4.84355,3.66201,23.8622,-105.071,6.3463,22.0802,-353.009,9.1013,3.1174,1.71259,2.0,LLLVSLLILLLALLATLLILI,0.3136866338383509,0.0979069119794792,L,99999900.0,-21.075699999999998,-9.724999999999994,15.758999999999986,764.1199999999994,-0.027581662566089113,-0.01272705857718683,0.020623724022404855,-0.01968512799036802
YALLTALLSVLLFAL,Mutant,,void,16.0,LLLYALLTALLSVLLFLLILI,0.0675348181351491,LLLYALLTALLSVLLFALILI_2,1.1001100110011e+17,1.0,-74.353,-75.7512,-74.353,-230.511,-227.798,-246.012,-352.611,4648.57,3876.84,3906.38,-15.0356,-12.1675,-62.7829,-61.2294,-32.246,-53.0837,84.6772,-38.4762,8.10667,5.89397,5.66413,-12.094,-55.1691,76.5276,-42.1376,-364.287,8.1639,5.10659,4.7545,2.0,LLLYALLTALLSVLLFALILI,0.3105778171851336,0.0370697500033865,R,99999900.0,-30.536899999999996,0.0,15.501000000000005,771.7299999999996,-0.03956940899019089,0.0,0.020086040454563144,-0.01948297979863425
LALLFALLTILLSIL,Mutant,,clash,12.0,LLLLALLFALLTVLLSILILI,0.1807468044320533,LLLLALLFALLTILLSILILI_1,1.1001100110011e+17,1.0,-74.418,-74.1243,-74.2634,-234.753,-226.317,-241.919,-375.093,4552.42,3895.96,3841.64,-15.0092,1.83832,-80.9305,-72.8126,-58.91,-46.4289,89.4105,-43.7279,8.68064,5.53475,5.37591,-3.23547,-40.1021,85.4292,-41.8264,-378.207,8.4975,4.04826,3.8297,1.0,LLLLALLFALLTILLSILILI,0.2825798472652802,0.0754048574410245,R,99999900.0,-22.0205,-0.15460000000000207,7.166000000000025,656.46,-0.03354431343874722,-0.0002355055905919661,0.010916125887335138,-0.022863845474210154
YSLLVALLATLLILL,Mutant,,void,11.0,LLLYSLLVALLFTLLILLILI,-0.0149375879028036,LLLYSLLVALLATLLILLILI_0,1.1001100110011e+17,1.0,-69.8137,-69.4682,-58.8088,-226.755,-224.309,-250.561,-360.138,4683.59,3898.73,3797.57,-14.9884,1.90204,-78.5572,-64.4584,-50.768,-53.4434,83.8401,-38.0188,8.11325,5.83493,5.59253,-3.13934,-56.104,80.164,-35.0,-358.236,8.259,5.73774,5.4402,0.0,LLLYSLLVALLATLLILLILI,0.2941487424874647,0.0495556211326099,R,99999900.0,-27.789199999999994,-11.0049,23.80600000000001,784.8600000000001,-0.035406569324465495,-0.014021481538108704,0.03033152409346891,-0.01909690900287949
YALLTALLAVLLSLL,Mutant,,void,11.0,LLLYALLTALLFVLLSLLILI,-0.240833659311463,LLLYALLTALLAVLLSLLILI_0,1.1001100110011e+17,1.0,-74.3266,-74.3266,-74.3266,-231.794,-226.416,-245.022,-371.2,4602.2,3840.1,3890.03,-14.988,-10.7101,-80.0668,-81.1677,-51.8513,-50.1318,92.1964,-45.7811,8.01712,6.46628,6.34923,-10.6955,-51.8061,81.4519,-44.6308,-381.91,8.0262,5.26692,4.9887,0.0,LLLYALLTALLAVLLSLLILI,0.5636216576580265,0.0229931795222937,R,99999900.0,-28.2155,0.0,13.22799999999998,762.0999999999999,-0.03702335651489306,0.0,0.017357302191313453,-0.019666710405458605
YALLVALLFILLSLL,Mutant,,clash,12.0,LLLYALLVALLFTLLSLLILI,0.071547095638764,LLLYALLVALLFILLSLLILI_2,1.1001100110011e+17,1.0,-60.5206,-60.4575,-60.3667,-240.114,-238.952,-250.916,-356.832,4695.63,4078.92,3831.51,-14.987,68.7068,-71.1841,11.2845,-45.5493,-43.3271,82.8866,-44.7236,9.514,4.18875,3.93205,24.7246,-35.5651,88.7149,-39.2404,-332.404,9.0,3.81128,3.642,2.0,LLLYALLVALLFILLSLLILI,0.1856250758945759,0.0199518693372626,R,99999900.0,-25.6348,-0.15390000000000015,10.801999999999992,616.71,-0.041567025019863466,-0.00024955003161939994,0.017515525936015294,-0.024301535567770913
LALLAALLTVLLSIL,Mutant,,void,7.0,LLLLALLFALLTVLLSILILI,0.0680550484614047,LLLLALLAALLTVLLSILILI_2,1.1001100110011e+17,1.0,-74.2664,-74.3058,-74.3058,-228.381,-223.345,-237.484,-379.75,4516.37,3738.57,3910.81,-14.9854,-9.15311,-92.0875,-91.2515,-67.9601,-41.8406,94.3009,-38.4266,8.42034,5.50671,5.42123,-6.47499,-40.1021,85.4292,-41.8264,-386.403,8.4975,4.04826,3.8297,2.0,LLLLALLAALLTVLLSILILI,0.3952716032359293,0.0734446981507919,R,99999900.0,-24.12740000000001,0.039400000000000546,9.103000000000009,777.7999999999997,-0.031020056569812313,5.065569555155639e-05,0.011703522756492687,-0.019266392388788897
TYLLLALLVSLLAIL,Mutant,,void,15.0,LLLTYLLLALLVSLLFILILI,0.0325665280745032,LLLTYLLLALLVSLLAILILI_0,1.1001100110011e+17,1.0,-66.7716,-60.3847,-60.3847,-232.167,-232.695,-250.101,-376.103,4588.48,3833.27,3754.49,-14.979,-9.74557,-92.1432,-92.7683,-65.6174,-22.9095,92.1624,-42.3383,8.65397,2.37835,2.26078,-9.84542,-26.7295,90.6651,-42.4324,-385.848,8.456,2.74922,2.6092,0.0,LLLTYLLLALLVSLLAILILI,0.457392745728611,0.0472430608970525,R,99999900.0,-26.52579999999999,-6.386900000000004,17.933999999999997,755.2099999999996,-0.03512374041657288,-0.008457117887739844,0.023747037247917806,-0.019834218296897563
LALLVALLAALLSTL,Mutant,,void,11.0,LLLLALLVALLFALLSTLILI,-0.0076153971031329,LLLLALLVALLAALLSTLILI_2,1.1001100110011e+17,1.0,-74.2058,-72.6235,-74.2058,-225.129,-226.039,-233.434,-373.123,4459.85,3699.15,3813.25,-14.9647,-12.7852,-88.7532,-87.2465,-65.4832,-38.9201,84.4749,-31.9476,8.46178,3.74213,3.50926,4.01322,-39.3076,75.987,-35.0,-367.865,8.4047,2.65439,2.2942,2.0,LLLLALLVALLAALLSTLILI,0.4532170466300171,0.0209401029479511,R,99999900.0,-23.27000000000001,0.0,8.305000000000007,760.7000000000003,-0.0305902458262127,0.0,0.010917575916918632,-0.019672275535690804
YSLLLALLATLLVAL,Mutant,,void,16.0,LLLYSLLLALLATLLVFLILI,-0.077143285748565,LLLYSLLLALLATLLVALILI_2,1.1001100110011e+17,1.0,-69.9274,-68.7466,-58.8092,-221.92,-214.81,-246.922,-359.125,4655.32,3878.81,3775.61,-14.9608,457.962,-82.2381,382.394,-53.3936,-53.6842,77.3192,-45.0724,7.89934,4.99072,4.65051,340.172,-59.0896,67.569,-38.1162,98.8371,8.0324,4.48526,3.9988,2.0,LLLYSLLLALLATLLVALILI,0.3214884614501826,0.0106302131423157,R,99999900.0,-28.844500000000004,-11.118200000000009,25.00200000000001,776.5099999999998,-0.037146334239095455,-0.014318167183938406,0.0321979111666302,-0.01926671903774582
LAILLALLFVLLSTL,Mutant,,void,4.0,LLLLYILLALLFVLLSTLILI,-0.0423132553673414,LLLLAILLALLFVLLSTLILI_0,1.1001100110011e+17,1.0,-74.234,-74.234,-74.234,-240.386,-231.589,-241.661,-373.015,4522.74,3887.48,3927.28,-14.937,-3.84094,-73.3325,-71.0332,-57.1207,-42.4976,72.7369,25.8572,9.36711,2.69413,2.28519,-4.66325,-43.0223,62.7103,28.0,-376.856,9.5,1.41924,0.859895,0.0,LLLLAILLALLFVLLSTLILI,0.2970586073084119,0.0376307514326704,L,99999900.0,-16.211799999999997,0.0,1.2750000000000057,635.2599999999998,-0.025519944589616855,0.0,0.002007052230582763,-0.023513207190756547
YALLAVLITLLFSLL,Mutant,,void,7.0,LLLYALLLVLITLLFSLLILI,-0.0065138551271759,LLLYALLAVLITLLFSLLILI_1,1.1001100110011e+17,1.0,-74.3072,-74.3072,-74.3072,-231.835,-221.456,-250.085,-357.628,4643.26,3901.7,3861.37,-14.925,0.0991417,-66.4111,-61.7659,-33.2361,-102.091,52.2566,29.3223,9.13033,8.86825,8.1521,-1.18194,-109.692,28.2633,28.0,-359.405,9.5,6.76935,5.6933,1.0,LLLYALLAVLITLLFSLLILI,0.391757116564665,0.0643328674712905,L,99999900.0,-33.175000000000004,0.0,18.25,741.5600000000004,-0.04473677113112895,0.0,0.02461028102918171,-0.020126490101947236
AILLSVLLALLLTFL,Mutant,,void,3.0,LLLYILLSVLLALLLTFLILI,-0.1106059129562749,LLLAILLSVLLALLLTFLILI_0,1.1001100110011e+17,1.0,-74.3328,-74.2881,-74.179,-231.42,-226.376,-242.25,-374.144,4511.56,3879.82,3777.56,-14.9045,-9.30944,-83.2951,-82.7885,-57.7143,-70.8584,65.6118,-36.5505,8.87777,5.98635,5.47053,-8.94663,-73.6754,55.7586,-37.7359,-383.453,8.8202,5.07872,4.4151,0.0,LLLAILLSVLLALLLTFLILI,0.2978993863279826,0.017705719233413,R,99999900.0,-25.580800000000004,-0.15380000000000393,10.830000000000013,631.7400000000002,-0.04049260771836514,-0.00024345458574730723,0.017143128502231944,-0.023592775508911885
YTLLVLLLIFLLSIL,Mutant,,clash,11.0,LLLYTLLVLLLAFLLSILILI,0.1783065392083445,LLLYTLLVLLLIFLLSILILI_1,1.1001100110011e+17,1.0,-76.8998,-59.6127,-60.3441,-244.902,-239.987,-257.971,-371.761,4709.62,4385.69,3827.98,-14.904,1275.22,-64.8636,1203.06,-53.4463,-76.6536,54.959,-42.8895,10.6807,5.4175,4.74189,1091.6,-70.8563,45.7237,-44.789,875.649,8.8389,3.30114,2.487,1.0,LLLYTLLVLLLIFLLSILILI,0.1319180316726985,0.0189179795047544,R,99999900.0,-11.417300000000004,-16.5557,13.069000000000017,323.9300000000003,-0.035246195165622184,-0.05110888154848266,0.04034513629487854,-0.04600994041922633
YALLTVLLALLLSAL,Mutant,,void,16.0,LLLYALLTVLLALLLSFLILI,-0.0368378853453623,LLLYALLTVLLALLLSALILI_1,1.1001100110011e+17,1.0,-74.2947,-73.8887,-74.2653,-234.863,-233.112,-245.038,-370.512,4624.4,3890.0,3846.38,-14.8684,-11.9796,-76.223,-75.4902,-51.2083,-74.4028,62.8469,-41.0855,8.65431,6.14475,5.58746,-9.54755,-71.6539,57.0728,-39.68,-380.039,8.4856,4.95291,4.309,1.0,LLLYALLTVLLALLLSALILI,0.4751198786594293,0.0798875687123578,R,99999900.0,-25.014699999999998,-0.02940000000000964,10.175000000000011,734.3999999999996,-0.03406141067538128,-4.003267973857524e-05,0.0138548474945534,-0.020245642701525065
LALLAALLVSLLTWL,Mutant,,void,7.0,LLLLALLFALLVSLLTWLILI,-0.0231030573661594,LLLLALLAALLVSLLTWLILI_0,1.1001100110011e+17,1.0,-74.1879,-74.1879,-74.1879,-223.524,-220.998,-239.432,-371.757,4599.4,3831.83,3860.06,-14.8517,-12.1197,-88.8969,-88.6913,-58.1378,-42.401,92.8204,-43.5281,8.26574,5.3909,5.2832,-10.3877,-43.4298,87.7182,-42.5164,-383.877,8.2716,4.85643,4.6722,0.0,LLLLALLAALLVSLLTWLILI,0.3310718315400405,0.0140285202913501,R,99999900.0,-30.759100000000004,0.0,15.907999999999987,767.5699999999997,-0.040073348359107336,0.0,0.020725145589327348,-0.019348984457443628
FYLLVILLISLLTLL,Mutant,,clash,8.0,LLLFYLLVALLISLLTLLILI,0.0686607506333009,LLLFYLLVILLISLLTLLILI_0,1.1001100110011e+17,1.0,-71.7422,-74.237,-74.237,-247.229,-239.674,-252.687,-373.967,4736.75,4054.06,3853.76,-14.8479,635.539,-69.8436,575.483,-47.0435,-25.7828,107.578,-36.6307,10.3278,4.89046,5.00413,629.351,-21.6189,95.7091,-37.3116,261.571,8.5753,2.66356,2.5992,0.0,LLLFYLLVILLISLLTLLILI,0.2843835610511924,0.054369448413053,R,99999900.0,-22.800099999999993,2.494799999999998,5.457999999999998,682.69,-0.03339744247022806,0.003654367282368275,0.007994843926232988,-0.021749110137837084
LYLLLFILIVLLSTL,Mutant,,clash,11.0,LLLLYLLLFILAVLLSTLILI,-0.0822389229222033,LLLLYLLLFILIVLLSTLILI_0,1.1001100110011e+17,1.0,-74.1493,-74.1493,-74.1493,-240.049,-231.106,-252.287,-375.121,4615.2,3609.86,3559.0,-14.8459,527.621,-75.7684,457.755,-48.6849,-50.9397,84.6328,21.7123,10.093,5.56639,5.33588,522.364,-56.6384,70.3623,26.5287,152.5,9.5,4.49467,4.0501,0.0,LLLLYLLLFILIVLLSTLILI,0.3271573562801966,0.0706610052197634,L,99999900.0,-27.0835,0.0,12.238,1005.3399999999997,-0.026939642310064266,0.0,0.012172996200290453,-0.014767043985119467
VYLLTILLISLLFLL,Mutant,,clash,8.0,LLLVYLLTALLISLLFLLILI,-0.0375659473165048,LLLVYLLTILLISLLFLLILI_0,1.1001100110011e+17,1.0,-74.8424,-82.1344,-74.1773,-244.798,-233.583,-252.121,-373.375,4712.75,3971.52,3576.03,-14.8128,1184.23,-68.5477,1126.57,-47.0766,-16.1935,102.466,-48.5421,9.9593,2.76196,2.79895,1138.85,-13.9794,91.3246,-36.6237,810.85,9.0,0.925731,0.7956,0.0,LLLVYLLTILLISLLFLLILI,0.4259092732319144,0.0591300862507686,R,99999900.0,-21.471100000000007,-0.6650999999999954,7.3230000000000075,741.23,-0.028966852393993776,-0.0008972923384104736,0.009879524574018871,-0.01998408051481996
LALLTFLLAVLLILL,Mutant,,void,4.0,LLLLYLLTFLLAVLLILLILI,-0.1005354689132773,LLLLALLTFLLAVLLILLILI_0,1.1001100110011e+17,1.0,-58.7409,-58.7601,-58.7409,-243.203,-219.06,-243.611,-365.956,4625.06,3963.08,3817.57,-14.7955,188.194,-78.8071,100.059,-63.6039,-67.4822,90.3399,25.3317,10.1944,8.81821,8.6733,171.247,-63.0338,71.0042,23.361,-177.761,9.4488,5.54064,5.1057,0.0,LLLLALLTFLLAVLLILLILI,0.3768890766505442,0.0712179927745432,L,99999900.0,-15.203200000000002,0.0,0.40799999999998704,661.9800000000005,-0.02296625275688086,0.0,0.0006163328197226302,-0.022350373123055062
YSLLTALLVALLFLL,WT,LLLYSLLTALLVILLFLLILI,clash,,,,LLLYSLLTALLVALLFLLILI_0,1.1001100110011e+17,1.0,-72.4368,-70.6603,-51.6189,-231.88,-231.418,-262.063,-357.188,4749.96,3928.44,3864.87,-14.7758,-10.7747,-67.647,-65.8841,-43.5056,-36.5128,93.2306,-43.1808,8.28564,4.56305,4.46151,-9.36443,-38.8884,87.4303,-44.355,-367.962,8.3134,4.13635,3.9478,0.0,LLLYSLLTALLVALLFLLILI,0.2890331354385076,0.070592485170786,R,99999900.0,-24.141400000000004,-20.81790000000001,30.182999999999993,821.52,-0.02938625961632097,-0.02534070990359335,0.03674043236926672,-0.01798592852273834
VYLLLALLATLLSLL,Mutant,,void,11.0,LLLVYLLLALLFTLLSLLILI,0.0740958593644868,LLLVYLLLALLATLLSLLILI_2,1.1001100110011e+17,1.0,-81.1258,-79.3617,-74.1354,-234.136,-233.064,-242.851,-379.398,4623.87,3908.17,3830.96,-14.7312,17.9488,-78.8675,-49.0237,-62.4114,-23.3798,90.4616,-38.2754,9.57903,2.21929,2.07621,20.785,-18.4173,84.5167,-38.5607,-358.441,9.0,0.672349,0.440099,2.0,LLLVYLLLALLATLLSLLILI,0.4170393331976396,0.0625632268090167,R,99999900.0,-16.456100000000006,-6.990399999999994,8.715000000000003,715.6999999999998,-0.022993013832611445,-0.009767220902612821,0.012176889758278617,-0.02058292580690234
YTLLAVLLLLLASLL,WT,LLLYTLLAVLLILLASLLILI,clash,,,,LLLYTLLAVLLLLLASLLILI_0,1.1001100110011e+17,1.0,-64.9422,-64.4378,-60.3379,-228.201,-221.836,-248.972,-373.784,4678.75,3796.97,3726.12,-14.7275,24.5301,-95.3685,-62.9806,-64.4746,-108.419,31.1517,21.9461,9.57268,6.96834,5.93561,23.9544,-108.95,21.1033,18.0,-349.254,9.3275,5.69144,4.50799,0.0,LLLYTLLAVLLLLLASLLILI,0.1855085294891164,0.0582616356494647,L,99999900.0,-30.893900000000002,-4.604300000000002,20.771000000000015,881.7800000000002,-0.03503583660323436,-0.00522159722379732,0.023555762208260576,-0.0167020118396879
ATLLAVLLLLLASLL,Mutant,,void,3.0,LLLYTLLAVLLLLLASLLILI,-0.0958914539976754,LLLATLLAVLLLLLASLLILI_0,1.1001100110011e+17,1.0,-65.119,-64.4378,-60.3379,-221.515,-215.236,-238.515,-375.522,4531.97,3655.72,3619.06,-14.7174,24.2583,-103.605,-71.5898,-76.669,-108.297,32.2265,22.0874,9.67196,7.09517,6.07856,23.9347,-108.95,21.1033,18.0,-351.264,9.3275,5.69144,4.50799,0.0,LLLATLLAVLLLLLASLLILI,0.2813999834867922,0.0869621475793082,L,99999900.0,-26.936000000000007,-4.781100000000002,17.0,876.2500000000005,-0.030740085592011406,-0.005456319543509272,0.01940085592011411,-0.016795891583452204
YSLLLILLFVLLTIL,Mutant,,clash,8.0,LLLYSLLLALLFVLLTILILI,0.1197823624773798,LLLYSLLLILLFVLLTILILI_2,1.1001100110011e+17,1.0,-70.8635,-55.1936,-58.884,-240.871,-238.017,-258.084,-366.741,4721.56,3964.59,3809.23,-14.7157,605.828,-69.7222,532.298,-49.7723,-57.0458,87.0335,-38.851,10.1785,6.80639,6.61189,570.271,-48.2344,89.7923,-44.1079,239.088,8.6399,5.85712,5.704,2.0,LLLYSLLLILLFVLLTILILI,0.1909632798476206,0.0538257396982798,R,99999900.0,-19.9499,-11.979500000000002,17.212999999999994,756.9700000000003,-0.026354941411152348,-0.015825594145078403,0.022739342378165564,-0.01944026843864353
LYYLIVLLITLFLLL,Mutant,,clash,11.0,LLLLYYLIVLLLTLFLLLILI,-0.0992607414625076,LLLLYYLIVLLITLFLLLILI_1,1.1001100110011e+17,1.0,-74.3559,-66.1411,-58.8727,-235.152,-232.424,-256.573,-354.076,4732.84,3911.97,3811.95,-14.7099,1400.3,-59.2783,1344.79,-38.6304,-63.1112,46.0707,13.7664,10.6797,2.18624,1.3773,1279.48,-69.4304,35.6276,19.061,1031.08,9.4613,1.72429,0.758704,1.0,LLLLYYLIVLLITLFLLLILI,0.289250003186691,0.0744462028223904,L,99999900.0,-20.6479,-15.483200000000004,21.420999999999992,820.8700000000003,-0.025153678414365235,-0.01886193916210849,0.026095484059595286,-0.017919889872939677
YFLLFTLLIVLLSLL,Mutant,,clash,11.0,LLLYFLLFTLLAVLLSLLILI,0.0580783863273476,LLLYFLLFTLLIVLLSLLILI_0,1.1001100110011e+17,1.0,-74.2363,-72.3749,-74.2363,-249.296,-239.971,-258.8,-361.089,4821.96,4025.08,3930.87,-14.7078,106.884,-52.2642,58.1409,-28.0533,-68.7608,69.2884,-42.7184,9.72024,6.16806,5.70739,106.692,-62.5584,66.025,-45.0,-254.205,8.4703,4.79713,4.2875,0.0,LLLYFLLFTLLIVLLSLLILI,0.168554621633298,0.1120554324880238,R,99999900.0,-24.210900000000002,0.0,9.504000000000019,796.8800000000001,-0.030382115249472944,0.0,0.01192651340226887,-0.01845673125188234
YALLLTLLSILLVFL,WT,LLLYALLATLLSILLVFLILI,void,,,,LLLYALLLTLLSILLVFLILI_1,1.1001100110011e+17,1.0,-74.1975,-74.1975,-74.1975,-238.085,-236.375,-254.044,-368.364,4714.92,3988.42,3884.53,-14.6907,-8.36783,-70.7723,-66.1593,-40.1221,-57.8517,78.5927,-45.1189,8.91985,5.78776,5.46665,-6.58452,-58.6812,72.8948,-40.4498,-374.358,8.9476,5.14298,4.7364,1.0,LLLYALLLTLLSILLVFLILI,0.2132043271515461,0.0412274117831511,R,99999900.0,-30.650199999999998,0.0,15.959000000000003,726.5,-0.04218885065381968,0.0,0.021966964900206474,-0.020221197522367514
YALLLALLFSLLVTL,WT,LLLYILLLALLFSLLVTLILI,clash,,,,LLLYALLLALLFSLLVTLILI_1,1.1001100110011e+17,1.0,-74.1677,-74.1677,-74.1677,-234.112,-233.924,-249.826,-363.899,4653.84,3821.36,3768.51,-14.6826,-14.3821,-70.3014,-70.1893,-39.905,-43.4238,87.3043,-44.5502,8.27141,4.79964,4.60921,-11.9478,-38.8884,87.4303,-44.355,-375.969,8.3134,4.13635,3.9478,1.0,LLLYALLLALLFSLLVTLILI,0.3012025832487029,0.0896846676961881,R,99999900.0,-30.3964,0.0,15.713999999999999,832.48,-0.03651306938304824,0.0,0.018876129156256003,-0.017637180472804152
LILLSVLLAYLLIFL,Mutant,,clash,15.0,LLLLILLSVLLAYLLTFLILI,0.0327541059603593,LLLLILLSVLLAYLLIFLILI_1,1.1001100110011e+17,1.0,-60.3493,-60.3493,-60.3406,-235.661,-229.686,-249.126,-362.4,4673.45,3876.99,3705.58,-14.6613,54.7852,-81.0515,-17.5799,-52.9335,-74.805,57.8306,-45.5624,9.41351,5.52789,4.89535,53.3589,-71.7611,50.3856,-43.3797,-310.384,9.0,4.06622,3.322,1.0,LLLLILLSVLLAYLLIFLILI,0.3875569065462982,0.0492356605590659,R,99999900.0,-28.118000000000002,-0.008699999999997488,13.465000000000003,796.46,-0.03530371895638199,-1.0923335760738125e-05,0.016906059312457627,-0.01840808075735128
SYLLVFLLAILLTLL,WT,LLLSYLLVFLLIILLTLLILI,clash,,,,LLLSYLLVFLLAILLTLLILI_2,1.1001100110011e+17,1.0,-64.8678,-64.9287,-58.8692,-237.49,-239.234,-259.124,-367.952,4667.77,3789.21,3765.22,-14.6292,-12.8201,-80.2236,-76.6096,-49.9588,-80.1814,55.6018,-43.2072,8.8648,6.03345,5.36748,-14.1046,-79.5719,55.1888,-42.772,-382.094,8.8555,5.88627,5.2141,2.0,LLLSYLLVFLLAILLTLLILI,0.3977965359048234,0.0821123815454022,R,99999900.0,-30.264800000000008,-5.998600000000003,21.634000000000015,878.5600000000004,-0.03444818794390821,-0.006827763613185212,0.024624385357858318,-0.016651338553997443
TILLAGLLFLLLSVL,Mutant,,clash,4.0,LLLTALLAGLLFLLLSVLILI,0.0698613746084513,LLLTILLAGLLFLLLSVLILI_0,1.1001100110011e+17,1.0,-60.3212,-61.0056,-60.3184,-233.733,-219.818,-242.649,-363.454,4597.91,3848.83,3584.01,-14.6235,17.4539,-84.0226,-65.1756,-60.4864,-66.2182,88.7335,-44.7333,8.33421,8.41175,8.24275,18.0034,-68.8165,69.6202,-43.3499,-346.0,7.0847,6.2212,5.7655,0.0,LLLTILLAGLLFLLLSVLILI,0.2610981350134927,0.0290196374832506,G,99999900.0,-23.536199999999994,-0.00280000000000058,8.915999999999997,749.0799999999999,-0.0314201420409035,-3.737918513377183e-06,0.011902600523308588,-0.01952194692155711
VLLLTGLLFALLAAL,Mutant,,void,16.0,LLLVLLLTGLLFALLAYLILI,-0.0575115522398141,LLLVLLLTGLLFALLAALILI_2,1.1001100110011e+17,1.0,-58.6912,-59.6112,-58.7499,-221.273,-212.118,-234.271,-343.866,4514.6,3785.66,3594.97,-14.6177,1591.18,-78.5192,1519.05,-50.8455,-37.6274,77.7174,-49.6683,7.77767,2.63595,2.30171,1060.98,-38.7525,65.3789,-42.5319,1247.32,7.4041,1.13902,0.619703,2.0,LLLVLLLTGLLFALLAALILI,0.3276746937624494,0.0729242295915444,G,99999900.0,-27.673699999999997,0.058699999999994645,12.99799999999999,728.9400000000005,-0.03796430433231813,8.05278898125972e-05,0.01783137158065133,-0.020053365160369836
TYLLVALLALLLSIL,Mutant,,void,8.0,LLLTYLLVFLLALLLSILILI,-0.0158849081625668,LLLTYLLVALLALLLSILILI_2,1.1001100110011e+17,1.0,-75.399,-76.9621,-60.3544,-230.703,-224.31,-251.169,-376.238,4602.86,3838.64,3788.62,-14.606,0.0620985,-84.7418,-74.9034,-64.7144,-65.7436,61.0464,-44.8346,8.44914,4.60279,4.01849,-2.07315,-68.3504,51.785,-38.1091,-383.166,8.6758,3.74353,3.0203,2.0,LLLTYLLVALLALLLSILILI,0.3606699083591141,0.0534492148749867,R,99999900.0,-20.0274,-15.044600000000003,20.466000000000008,764.2199999999998,-0.026206328020727022,-0.01968621601109629,0.026780246525869533,-0.019112297505953786
LVLLTGLLFGLLAAL,Mutant,,void,15.0,LLLLVLLTGLLFGLLYALILI,-0.5187214086225163,LLLLVLLTGLLFGLLAALILI_0,1.1001100110011e+17,1.0,-58.7605,-58.7605,-58.7605,-219.842,-212.653,-233.542,-340.644,4510.46,3860.05,3674.54,-14.597,-7.56701,-76.6389,-76.7974,-48.3412,-32.6706,85.4725,-44.0386,7.31762,2.93938,2.72147,-7.34477,-36.3206,72.3714,-40.8966,-348.211,7.2598,1.71823,1.3038,0.0,LLLLVLLTGLLFGLLAALILI,0.926716777625698,0.1490378557272493,G,99999900.0,-28.297700000000006,0.0,13.699999999999989,650.4099999999999,-0.04350747989729557,0.0,0.02106363678295228,-0.022442766870128077
YVLLTILLAALLSLL,Mutant,,void,12.0,LLLYVLLTILLAFLLSLLILI,-0.0711991239099372,LLLYVLLTILLAALLSLLILI_1,1.1001100110011e+17,1.0,-73.7687,-74.1467,-74.1133,-240.065,-237.016,-248.514,-378.054,4616.53,3954.41,3976.56,-14.59,-9.84318,-78.8105,-76.7342,-55.427,-68.1407,59.8962,-36.8438,8.51004,4.80709,4.20554,-4.62974,-63.1873,55.2127,-36.6493,-383.056,8.5138,3.43181,2.76,1.0,LLLYVLLTILLAALLSLLILI,0.3052650715017843,0.0110360114572674,R,99999900.0,-23.383500000000005,0.3445999999999998,8.449000000000012,662.1199999999999,-0.035316105841841375,0.0005204494653537121,0.012760526792726415,-0.022035280613786023
LYLLTALLIALLFVL,WT,LLLLYLLTALLIILLFVLILI,clash,,,,LLLLYLLTALLIALLFVLILI_2,1.1001100110011e+17,1.0,-64.9184,-62.6192,-58.7697,-236.717,-229.719,-245.288,-349.091,4678.9,3765.34,3691.94,-14.5531,28.1702,-62.0092,-28.5831,-45.0333,-17.9986,101.372,-47.2349,9.29817,2.88497,2.90555,27.7995,-12.2918,89.7742,-43.52,-313.701,8.1539,0.463287,0.3099,2.0,LLLLYLLTALLIALLFVLILI,0.2700120054278243,0.0591046252568315,R,99999900.0,-16.975900000000003,-6.148700000000005,8.570999999999998,913.5599999999995,-0.018582140198782796,-0.006730482945838268,0.009381978195192438,-0.01593009764000176
LTLLIALLFVLLASL,Mutant,,void,15.0,LLLLTLLIALLFVLLYSLILI,0.1077847573816093,LLLLTLLIALLFVLLASLILI_0,1.1001100110011e+17,1.0,-68.0823,-67.7028,-60.3755,-226.69,-219.443,-242.583,-359.952,4610.19,3840.58,3845.16,-14.534,-6.60899,-79.7131,-79.4144,-56.9933,-51.7906,95.8357,-45.507,8.78679,7.20641,7.14394,-6.4009,-56.5161,78.9319,-42.5847,-366.561,8.925,5.63322,5.3172,0.0,LLLLTLLIALLFVLLASLILI,0.3418255525987264,0.0197273200635368,R,99999900.0,-22.7198,-7.706800000000001,15.893,769.6099999999997,-0.029521186055274762,-0.010013903145749152,0.020650719195436658,-0.018884889749353578
FALLTVLLSLLALLL,Mutant,,void,14.0,LLLFALLTVLLSLLYLLLILI,-0.0776894401802672,LLLFALLTVLLSLLALLLILI_2,1.1001100110011e+17,1.0,-70.6216,-70.6457,-74.3339,-232.787,-227.456,-242.981,-373.879,4622.08,3849.11,3764.79,-14.5284,67.2649,-84.9994,-8.51219,-56.5647,-98.5262,45.0051,24.9851,9.33206,7.35462,6.5297,38.6076,-97.9457,30.4483,18.4225,-326.506,9.4224,5.30238,4.2591,2.0,LLLFALLTVLLSLLALLLILI,0.307300266166081,0.0604240390931666,L,99999900.0,-28.434699999999992,3.712299999999999,10.193999999999988,772.9699999999998,-0.03678629183538818,0.004802644345834896,0.013188092681475336,-0.018795554808077937
VWLLTALLAALLSLL,Mutant,,void,11.0,LLLVWLLTALLIALLSLLILI,-0.1006461579365236,LLLVWLLTALLAALLSLLILI_1,1.1001100110011e+17,1.0,-74.275,-74.1936,-74.1631,-229.812,-224.446,-240.569,-360.542,4547.91,3714.0,3630.43,-14.5184,54.8687,-70.9734,-7.03393,-45.81,-15.095,94.4504,-44.1143,8.79443,1.51505,1.4318,48.1087,-18.646,87.7907,-39.994,-335.233,8.5175,1.14864,0.9655,1.0,LLLVWLLTALLAALLSLLILI,0.5280899925673561,0.010707880298455,R,99999900.0,-25.163399999999996,-0.11190000000000566,10.756999999999977,833.9099999999999,-0.03017519876245638,-0.00013418714249739861,0.012899473564293483,-0.01741003225767769
TALLAVLLAILLFLL,Mutant,,void,4.0,LLLTYLLAVLLAILLFLLILI,-0.1266813523307248,LLLTALLAVLLAILLFLLILI_1,1.1001100110011e+17,1.0,-45.0281,-45.0281,-45.0281,-233.431,-226.338,-247.684,-356.598,4584.77,3845.28,3878.43,-14.5155,-7.86094,-92.6546,-93.0934,-63.8864,-85.3798,64.6413,-36.1294,9.07766,8.03354,7.50316,-3.49962,-87.3658,48.4216,-44.846,-359.877,8.8676,6.14178,5.3681,1.0,LLLTALLAVLLAILLFLLILI,0.4518981237124904,0.0344937972378475,R,99999900.0,-28.7682,0.0,14.252999999999986,739.4900000000002,-0.03890275730571068,0.0,0.019274094308239436,-0.019629068682470344
TYLLTILLAFLLILL,Mutant,,clash,15.0,LLLTYLLTILLAFLLSLLILI,0.1205181393550203,LLLTYLLTILLAFLLILLILI_2,1.1001100110011e+17,1.0,-65.5331,-58.8837,-58.8837,-241.635,-241.755,-258.57,-367.275,4692.54,3854.78,3684.69,-14.5036,1771.98,-74.6102,1705.34,-49.8211,-74.251,58.8009,-45.2362,9.00576,5.57578,4.95779,419.392,-68.2683,51.1623,-39.0156,86.2263,8.2586,3.64716,2.9146,2.0,LLLTYLLTILLAFLLILLILI,0.3076392785644968,0.0149380861033963,R,99999900.0,-24.789100000000005,-6.649400000000007,16.935000000000002,837.7599999999998,-0.02958973930481285,-0.007937118029029805,0.020214619938884654,-0.017312356760886178
FALLVALLTALLSLL,Mutant,,void,4.0,LLLFYLLVALLTALLSLLILI,0.0153025450599764,LLLFALLVALLTALLSLLILI_1,1.1001100110011e+17,1.0,-74.2943,-74.2943,-74.2943,-227.5,-225.024,-239.03,-363.977,4583.77,3906.01,3981.05,-14.4977,-6.96257,-76.6802,-71.6206,-50.6521,-24.9543,97.0989,-39.5919,8.41744,3.35149,3.30797,-7.18966,-22.0295,90.9785,-43.2966,-370.738,8.7631,2.08652,1.9512,1.0,LLLFALLVALLTALLSLLILI,0.3925730577768935,0.0228266214801067,R,99999900.0,-26.028100000000002,0.0,11.530000000000001,677.7600000000002,-0.03840312204910292,0.0,0.017011921624173747,-0.02139061024551463
VYLLLALLATLLSIL,Mutant,,void,11.0,LLLVYLLLALLFTLLSILILI,-0.0437725868903596,LLLVYLLLALLATLLSILILI_0,1.1001100110011e+17,1.0,-80.7598,-80.2529,-74.103,-229.992,-226.175,-242.933,-376.984,4581.32,3927.43,3925.89,-14.4695,-12.2357,-80.7019,-82.7919,-59.9477,-24.0036,86.4954,-44.6802,8.58227,1.77742,1.57485,-12.2455,-23.8784,81.123,-44.2433,-389.22,8.4762,1.03336,0.750204,0.0,LLLVYLLLALLATLLSILILI,0.4483026378155847,0.0755393238401953,R,99999900.0,-20.754199999999997,-6.656800000000004,12.941000000000003,653.8899999999999,-0.03173958922754592,-0.010180305555980372,0.01979079049993119,-0.02212833962898959
LSALLFVLATLLLIL,Mutant,,void,5.0,LLLLSYLLFVLATLLLILILI,0.0994256592316105,LLLLSALLFVLATLLLILILI_1,1.1001100110011e+17,1.0,-67.3296,-66.0808,-58.8946,-220.197,-220.873,-242.635,-358.084,4576.08,3700.74,3521.21,-14.4509,408.15,-85.0079,337.02,-56.5541,-56.6202,74.0279,17.8376,9.74467,4.98681,4.59723,396.071,-60.4364,62.9803,18.0,46.8523,8.8114,4.0678,3.5125,1.0,LLLLSALLFVLATLLLILILI,0.402444188671907,0.0863300834126283,L,99999900.0,-28.453800000000008,-8.435000000000002,22.437999999999988,875.3400000000001,-0.03250599766947701,-0.009636255626385176,0.025633468138094893,-0.016508899399090636
TYLLFVLLAILLILL,Mutant,,clash,15.0,LLLTYLLFVLLAILLSLLILI,-0.0387861332331297,LLLTYLLFVLLAILLILLILI_2,1.1001100110011e+17,1.0,-45.085,-60.916,-45.085,-241.541,-237.598,-258.123,-358.926,4795.83,3835.37,3738.03,-14.4112,60.6166,-86.7114,0.204973,-55.7176,-64.935,68.3965,-46.7403,9.16846,5.47378,4.99973,24.9491,-66.1502,63.0091,-42.2689,-300.367,8.387,4.92876,4.3739,2.0,LLLTYLLFVLLAILLILLILI,0.3359975800633128,0.069402651684888,R,99999900.0,-30.9938,0.0,16.581999999999994,960.46,-0.03226974574682964,0.0,0.017264644024738138,-0.015004477021427232
FSLLLTLLAALLSAL,Mutant,,void,16.0,LLLFSLLLTLLAALLSYLILI,-0.0687717905789786,LLLFSLLLTLLAALLSALILI_2,1.1001100110011e+17,1.0,-84.6762,-80.9962,-74.1759,-218.892,-217.328,-238.457,-360.958,4512.36,3853.34,3828.6,-14.3936,2020.94,-71.7828,1958.31,-48.3248,-36.78,77.9941,-44.7414,7.78067,2.5462,2.21611,1836.74,-43.6777,70.6483,-39.0967,1652.08,8.0,2.58918,2.1489,2.0,LLLFSLLLTLLAALLSALILI,0.278296526952821,0.04007398771871,R,99999900.0,-23.45799999999999,-10.500299999999996,19.564999999999998,659.0199999999995,-0.03559527783678797,-0.01593320384813815,0.029688021607841966,-0.021840915298473505
YTLLAILLFLLLSVL,Mutant,,clash,8.0,LLLYTLLATLLFLLLSVLILI,0.0239283424439339,LLLYTLLAILLFLLLSVLILI_1,1.1001100110011e+17,1.0,-74.2126,-63.4498,-60.4203,-238.421,-233.162,-253.85,-363.396,4703.66,4076.99,3863.68,-14.3782,132.801,-65.1404,66.0161,-49.1257,-61.7656,88.5401,-37.6282,9.13937,7.71776,7.54586,112.334,-56.104,80.164,-35.0,-240.929,8.259,5.73774,5.4402,1.0,LLLYTLLAILLFLLLSVLILI,0.2577033026011002,0.00853583275435,R,99999900.0,-16.014699999999998,-13.792299999999997,15.429000000000002,626.6700000000001,-0.02555523640831697,-0.022008872293232475,0.024620613720139788,-0.022943814128648248
YVLLLTLLATLLSAL,Mutant,,void,16.0,LLLYVLLLTLLATLLSFLILI,-0.0422483510098852,LLLYVLLLTLLATLLSALILI_0,1.1001100110011e+17,1.0,-87.9312,-87.9312,-87.9312,-232.477,-232.255,-247.648,-381.412,4613.72,3976.24,4030.67,-14.367,-8.22748,-75.3707,-69.4535,-45.8327,-44.2211,68.795,-38.4576,8.41324,2.42049,1.95241,-8.47153,-41.502,70.4733,-45.0,-389.639,8.6612,2.2392,1.7963,0.0,LLLYVLLLTLLATLLSALILI,0.2602132269458826,0.0326953185597462,R,99999900.0,-29.537999999999997,0.0,15.170999999999992,637.4800000000005,-0.04633557131204112,0.0,0.02379839367509566,-0.022537177636945457
LILLSTLLATLLVFL,WT,LLLLILLSTLLITLLVFLILI,clash,,,,LLLLILLSTLLATLLVFLILI_1,1.1001100110011e+17,1.0,-88.0645,-88.0645,-87.91,-231.53,-222.954,-244.494,-384.557,4557.08,3848.45,3758.34,-14.3631,-7.08878,-79.3259,-80.6274,-52.1532,-64.2025,71.6093,-43.7076,8.43725,5.79763,5.37177,-8.70701,-61.4036,67.8184,-43.8159,-393.32,8.3554,4.86602,4.3833,1.0,LLLLILLSTLLATLLVFLILI,0.2308337003218455,0.0213620123366426,R,99999900.0,-27.172700000000006,-0.15449999999999875,12.963999999999999,708.6300000000001,-0.03834539886823872,-0.00021802633250073906,0.01829445549863821,-0.02026882858473392
YLLLIVLLAALLSTL,Mutant,,void,12.0,LLLYLLLIVLLAFLLSTLILI,-0.0216852638899693,LLLYLLLIVLLAALLSTLILI_1,1.1001100110011e+17,1.0,-74.1042,-72.5147,-74.1042,-239.483,-235.251,-248.018,-377.236,4631.1,4091.74,4052.76,-14.3484,-9.81468,-77.9966,-79.2847,-55.1137,-66.4658,55.4721,-47.9871,8.44507,3.95861,3.29069,-7.26911,-60.4999,54.1041,-45.0,-385.473,8.7425,2.87904,2.1906,1.0,LLLYLLLIVLLAALLSTLILI,0.2439083098493157,0.0647865411253339,R,99999900.0,-22.8829,0.0,8.534999999999997,539.3600000000006,-0.04242602343518239,0.0,0.015824310293681376,-0.026602640166122783
YILLVALLITLLTLL,Mutant,,clash,11.0,LLLYILLVALLATLLTLLILI,0.0237673966569985,LLLYILLVALLITLLTLLILI_1,1.1001100110011e+17,1.0,-72.5251,-56.7902,-72.5251,-246.847,-240.128,-253.077,-380.914,4662.93,4040.86,3790.02,-14.3336,729.706,-75.8761,645.709,-55.3126,-45.6059,83.1187,-43.5118,9.62579,4.56191,4.30869,675.402,-47.282,59.6907,-41.1998,407.175,8.0989,1.65054,1.0459,1.0,LLLYILLVALLITLLTLLILI,0.3361440907979811,0.0377042599097491,R,99999900.0,-20.56349999999999,0.0,6.22999999999999,622.0700000000002,-0.03305656919639267,0.0,0.010014950086003165,-0.023041779864002437
YILLGLLLITLLASL,Mutant,,clash,11.0,LLLYILLGLLLGTLLASLILI,0.176945466219441,LLLYILLGLLLITLLASLILI_1,1.1001100110011e+17,1.0,-74.0156,-74.9735,-74.0156,-244.485,-209.531,-248.15,-376.798,4615.88,4115.08,3544.36,-14.3334,38937400.0,-72.6313,38937300.0,-54.6324,-96.2419,65.0634,-46.1447,10.305,9.71985,9.1958,652614.0,-97.764,38.4753,-38.0973,740732.0,7.04,6.35877,5.4359,1.0,LLLYILLGLLLITLLASLILI,0.1374238209558188,0.0335702730830028,G,99999900.0,-17.9989,0.0,3.664999999999992,500.8000000000002,-0.03594029552715654,0.0,0.007318290734824263,-0.028621006389776348
YILLLTLLVALLSFL,WT,LLLYILLLILLVALLSFLILI,clash,,,,LLLYILLLTLLVALLSFLILI_1,1.1001100110011e+17,1.0,-74.7318,-65.7232,-74.2737,-237.522,-226.47,-252.822,-370.262,4697.26,4010.59,3815.22,-14.3312,1077.72,-72.3392,999.651,-43.1656,-35.5585,74.8656,-43.6628,8.5348,1.94063,1.56362,688.828,-34.0014,66.4946,-38.3052,696.401,8.683,0.576981,0.0744,1.0,LLLYILLLTLLVALLSFLILI,0.278029106230392,0.0323125072883196,R,99999900.0,-29.173600000000008,-0.45810000000000173,15.300000000000011,686.6700000000001,-0.04248561900184951,-0.0006671326838219256,0.022281445235702753,-0.0208705782981636
YFLLVALLAALLSTL,Mutant,,void,11.0,LLLYFLLVALLLALLSTLILI,0.0445289465987089,LLLYFLLVALLAALLSTLILI_0,1.1001100110011e+17,1.0,-75.7954,-75.0437,-74.18,-230.606,-222.13,-245.864,-349.074,4698.75,3946.63,3922.28,-14.3215,-5.5381,-56.9942,-57.438,-29.0304,-17.3266,98.7604,-41.9067,8.60987,2.43163,2.41304,-4.99168,-18.8236,86.1077,-38.4912,-354.612,8.6409,0.948085,0.739701,0.0,LLLYFLLVALLAALLSTLILI,0.2800403843915601,0.0786046527745455,R,99999900.0,-27.9638,-1.615399999999994,15.25800000000001,752.1199999999999,-0.03717997128117854,-0.002147795564537566,0.020286656384619493,-0.01904150933361698
YWLLTILVALLASLL,Mutant,,void,14.0,LLLYWLLTILVALLLSLLILI,-0.0542812809006571,LLLYWLLTILVALLASLLILI_2,1.1001100110011e+17,1.0,-74.0591,-76.5146,-74.1477,-234.704,-225.42,-252.134,-372.022,4646.41,3872.41,3857.17,-14.2517,-9.98658,-77.5108,-80.0739,-45.7402,-107.097,25.219,25.6415,9.53912,5.96919,4.84748,-6.50522,-106.661,10.839,28.0,-378.855,9.5,3.96242,2.62501,2.0,LLLYWLLTILVALLASLLILI,0.5005775058747833,0.0862889085642557,L,99999900.0,-31.7706,0.08859999999999957,17.42999999999998,774.0,-0.04104728682170543,0.00011447028423772554,0.02251937984496121,-0.018413049095607235
LYVLLLILATLLLSL,WT,LLLLYVLLIILATLLLSLILI,clash,,,,LLLLYVLLLILATLLLSLILI_0,1.1001100110011e+17,1.0,-74.1985,-74.1985,-74.1985,-226.495,-217.067,-247.16,-384.236,4597.78,3672.05,3659.98,-14.2451,76.4575,-97.7876,-16.5126,-62.8767,-57.5342,81.0113,18.9964,9.89373,6.06665,5.78182,74.9304,-61.55,67.5867,27.3561,-307.778,9.3793,4.8567,4.3705,0.0,LLLLYVLLLILATLLLSLILI,0.3115113244264234,0.0309417840570543,L,99999900.0,-34.9109,0.0,20.664999999999992,925.7299999999996,-0.03771175180668231,0.0,0.02232292353061908,-0.015387964093202129
VALLTALLISLLFLL,Mutant,,void,4.0,LLLVYLLTALLISLLFLLILI,-0.1388911313189921,LLLVALLTALLISLLFLLILI_2,1.1001100110011e+17,1.0,-74.2429,-74.208,-74.2135,-232.107,-224.287,-242.588,-369.986,4591.31,3850.64,3728.33,-14.2169,112.608,-77.852,41.1174,-53.184,-15.1242,100.69,-40.5704,9.47012,2.3618,2.37215,88.9492,-13.9794,91.3246,-36.6237,-257.378,9.0,0.925731,0.7956,2.0,LLLVALLTALLISLLFLLILI,0.527234457234402,0.0742271216986618,R,99999900.0,-24.668000000000006,-0.02940000000000964,10.480999999999995,740.6700000000005,-0.03330498062564973,-3.9693790757030284e-05,0.014150701391982917,-0.019194648088892475
TALLIALLAVLLSWL,Mutant,,void,11.0,LLLTALLIALLLVLLSWLILI,-0.0202813582264878,LLLTALLIALLAVLLSWLILI_1,1.1001100110011e+17,1.0,-60.3407,-67.4167,-60.3799,-232.229,-230.093,-246.115,-371.59,4578.21,3734.26,3902.28,-14.2032,-6.01611,-93.2237,-80.0967,-65.0957,-43.6732,90.9431,-39.1493,8.66698,5.32831,5.19245,-3.0457,-33.2071,91.2243,-42.4294,-375.878,9.0,3.79634,3.6647,1.0,LLLTALLIALLAVLLSWLILI,0.3881696488053974,0.0626908163132718,R,99999900.0,-28.128,0.03920000000000101,13.885999999999996,843.9499999999998,-0.033328988684163764,4.644824930386992e-05,0.016453581373304105,-0.016829433023283373
LALLFALLVSLLTWL,WT,LLLLALLFALLVSLLIWLILI,clash,,,,LLLLALLFALLVSLLTWLILI_2,1.1001100110011e+17,1.0,-74.1879,-74.1879,-74.1879,-229.783,-226.5,-246.125,-369.937,4623.24,3852.38,3847.68,-14.1971,-8.00611,-80.163,-77.2544,-49.6239,-48.0478,88.1442,-42.9581,8.01231,5.60663,5.42879,-8.33221,-43.4298,87.7182,-42.5164,-379.296,8.2716,4.85643,4.6722,2.0,LLLLALLFALLVSLLTWLILI,0.3079687741738809,0.0180465002785209,R,99999900.0,-30.539099999999998,0.0,16.342000000000013,770.8599999999997,-0.03961692136055835,0.0,0.02119969903743873,-0.018417222323119643
YSLLAALLVALLFLL,Mutant,,void,7.0,LLLYSLLTALLVALLFLLILI,-0.0143112364246643,LLLYSLLAALLVALLFLLILI_0,1.1001100110011e+17,1.0,-53.6916,-56.9374,-45.017,-229.182,-227.844,-256.102,-345.326,4726.02,3920.49,3871.28,-14.1964,-10.5974,-76.6487,-71.1425,-44.2071,-40.7679,85.8075,-42.9714,8.20163,4.1992,3.98631,-11.4496,-38.8884,87.4303,-44.355,-355.923,8.3134,4.13635,3.9478,0.0,LLLYSLLAALLVALLFLLILI,0.3033443718631721,0.0445859373574173,R,99999900.0,-32.44160000000001,-8.674599999999998,26.919999999999987,805.5300000000007,-0.04027360867999948,-0.010768810596749955,0.0334189912231698,-0.017623676337318275
YVLLAILLATLLSFL,Mutant,,void,7.0,LLLYVLLLILLATLLSFLILI,-0.0141279502755262,LLLYVLLAILLATLLSFLILI_2,1.1001100110011e+17,1.0,-74.1087,-70.0551,-74.1087,-239.706,-227.617,-249.53,-360.285,4620.57,4117.99,3811.64,-14.1893,1798.98,-60.6591,1736.37,-36.6465,-35.6168,88.5195,-50.589,9.54299,3.79264,3.62043,1265.84,-30.5546,77.5454,-42.4251,1438.69,8.9441,1.55182,1.215,2.0,LLLYVLLAILLATLLSFLILI,0.1441672168949198,0.0217851019769821,R,99999900.0,-24.0126,0.0,9.824000000000012,502.5799999999999,-0.047778662103545706,0.0,0.019547136774244925,-0.028232918142385294
FYLLVALLIILLTLL,Mutant,,clash,12.0,LLLFYLLVALLISLLTLLILI,0.1004410990485791,LLLFYLLVALLIILLTLLILI_1,1.1001100110011e+17,1.0,-65.9752,-45.0889,-58.8603,-243.38,-241.441,-250.7,-359.691,4729.93,4121.84,3898.71,-14.1881,329.698,-64.5243,256.537,-50.1304,-29.1087,97.0277,-45.4659,10.5057,3.96505,3.92046,312.741,-21.6189,95.7091,-37.3116,61.4237,8.5753,2.66356,2.5992,1.0,LLLFYLLVALLIILLTLLILI,0.252603212635914,0.1343282950374921,R,99999900.0,-14.393899999999995,-7.114899999999999,7.319999999999993,608.0900000000001,-0.023670673748951623,-0.011700406189873204,0.012037691789044371,-0.023332237004390792
VLLLTGLLFALLAYL,WT,LLLVLLLTGLLFILLAYLILI,clash,,,,LLLVLLLTGLLFALLAYLILI_1,1.1001100110011e+17,1.0,-59.8335,-60.0949,-58.7499,-224.595,-219.958,-241.212,-344.208,4596.23,3769.93,3637.89,-14.1823,78070.4,-73.9619,78006.2,-44.2459,-38.5244,72.7446,-48.5642,7.53054,2.09918,1.69035,1348.85,-38.7525,65.3789,-42.5319,1259.74,7.4041,1.13902,0.619703,1.0,LLLVLLLTGLLFALLAYLILI,0.26266077366633,0.0693525302057894,G,99999900.0,-29.716,-1.0836000000000041,16.61699999999999,826.2999999999997,-0.035962725402396235,-0.0013113881156964838,0.02011012949292024,-0.017163620960910085
SYLLFVLLILLLSTL,Mutant,,clash,11.0,LLLSYLLFVLLALLLSTLILI,0.0556734037971421,LLLSYLLFVLLILLLSTLILI_0,1.1001100110011e+17,1.0,-91.4889,-93.1726,-74.2184,-242.45,-240.975,-259.3,-380.474,4675.98,3935.26,3791.38,-14.1797,89.9053,-60.714,43.5791,-46.9551,-62.5123,71.6343,-40.4828,9.69536,5.54747,5.12198,88.7178,-66.724,58.8887,-41.9166,-290.568,8.6817,4.45857,3.8419,0.0,LLLSYLLFVLLILLLSTLILI,0.3487366502669249,0.0205904771486826,R,99999900.0,-13.758899999999997,-17.2705,16.850000000000023,740.7199999999993,-0.01857503510098284,-0.023315827843179628,0.02274813694783459,-0.01914313100766823
AVLLLTLLATLLSYL,Mutant,,void,11.0,LLLAVLLLTLLFTLLSYLILI,-0.0581875744067274,LLLAVLLLTLLATLLSYLILI_1,1.1001100110011e+17,1.0,-87.8887,-87.0584,-87.8887,-230.547,-223.712,-243.991,-383.427,4525.48,3830.13,3664.41,-14.1575,416.416,-79.1492,343.76,-51.5475,-37.9989,77.7793,-47.2356,8.63692,2.70003,2.36672,397.81,-35.8057,68.0349,-37.1662,727.062,8.9444,1.05557,0.576094,1.0,LLLAVLLLTLLATLLSYLILI,0.2629628082830329,0.041793687257175,R,99999900.0,-27.601699999999994,0.0,13.444000000000017,695.3499999999995,-0.039694686129287435,0.0,0.019334148270655105,-0.02036025023369528
YTLLIILLVLLLFSL,Mutant,,clash,8.0,LLLYTLLIALLVLLLFSLILI,-0.0024384848597756,LLLYTLLIILLVLLLFSLILI_0,1.1001100110011e+17,1.0,-60.3998,-68.2736,-60.3998,-245.376,-239.047,-257.694,-368.181,4736.83,4062.59,3826.19,-14.1548,193.399,-76.5605,132.538,-50.0871,-48.2209,96.3295,-42.4501,10.7439,6.73762,6.68256,193.205,-49.6955,84.1851,-43.2834,-174.782,9.0,5.31932,5.0821,0.0,LLLYTLLIILLVLLLFSLILI,0.3281042684331876,0.0688144575756775,R,99999900.0,-26.473400000000005,0.0,12.318000000000012,674.2399999999998,-0.03926406027527292,0.0,0.01826945894636927,-0.020993711438063604
TYLLLALLISLLFVL,WT,LLLTYLLLILLISLLFVLILI,clash,,,,LLLTYLLLALLISLLFVLILI_1,1.1001100110011e+17,1.0,-67.3438,-60.355,-60.355,-236.836,-238.094,-255.021,-365.795,4676.93,3877.96,3819.75,-14.147,18.5198,-75.762,-48.8262,-50.4188,-18.6746,93.6525,-43.6766,8.78639,1.94427,1.84906,21.0619,-12.3046,96.0681,-35.7827,-344.891,8.782,1.31488,1.2559,1.0,LLLTYLLLALLISLLFVLILI,0.4233933660958375,0.0759809699910708,R,99999900.0,-25.343200000000003,-6.988800000000005,18.184999999999974,798.9700000000003,-0.031719839293089844,-0.008747262099953693,0.022760554213549906,-0.017706547179493593
TVLLLALLFALLSIL,WT,LLLTVLLLALLFILLSILILI,clash,,,,LLLTVLLLALLFALLSILILI_1,1.1001100110011e+17,1.0,-62.0903,-61.7119,-60.4169,-228.775,-228.69,-244.818,-370.181,4542.63,3819.27,3677.7,-14.1078,-12.7715,-93.4235,-92.5505,-64.9456,-33.535,81.3506,-44.4493,8.03195,2.51258,2.23284,-12.2404,-31.2213,81.346,-45.0,-382.022,8.0964,2.16491,1.8851,1.0,LLLTVLLLALLFALLSILILI,0.3699869990734339,0.0402941437362788,R,99999900.0,-28.477900000000005,-1.6734000000000009,16.043000000000006,723.3600000000001,-0.03936891727493917,-0.00231337093563371,0.022178445034284455,-0.019503151957531516
YVLLTALLALLLSFL,Mutant,,void,8.0,LLLYVLLTILLALLLSFLILI,0.0386881894396836,LLLYVLLTALLALLLSFLILI_2,1.1001100110011e+17,1.0,-74.1666,-74.2348,-74.2348,-241.857,-236.102,-249.331,-357.105,4648.41,4103.01,3919.08,-14.0127,-3.2396,-55.0946,-50.0082,-33.5392,-63.5166,72.3664,-47.0346,8.83878,5.79696,5.38246,-1.06144,-57.818,66.41,-40.684,-359.259,9.0,4.13805,3.6342,2.0,LLLYVLLTALLALLLSFLILI,0.3216761588133925,0.02186742440697,R,99999900.0,-21.5554,0.06820000000000448,7.4739999999999895,545.3999999999996,-0.03952218555188854,0.00012504583791713334,0.013703703703703694,-0.02569251925192521
LYLLIVLLATLLSAL,Mutant,,void,16.0,LLLLYLLIVLLATLLSFLILI,0.0369159731251828,LLLLYLLIVLLATLLSALILI_1,1.1001100110011e+17,1.0,-71.6913,-69.855,-74.1532,-230.015,-228.035,-242.724,-373.547,4605.32,3886.76,3922.69,-13.983,-5.41597,-85.8243,-81.0735,-56.6698,-61.116,56.6627,-43.2545,8.00489,3.31686,2.6668,-3.81574,-56.568,53.9293,-45.0,-378.411,8.1133,2.26566,1.5746,1.0,LLLLYLLIVLLATLLSALILI,0.2733260677066639,0.0488223574763186,R,99999900.0,-29.15449999999999,2.4619,12.709000000000003,718.5599999999995,-0.04057350812736586,0.0034261578712981543,0.017686762413716337,-0.01945975283901137
YLLLAVLATLLFSLL,Mutant,,void,10.0,LLLYLLLAVLITLLFSLLILI,0.019595356618824,LLLYLLLAVLATLLFSLLILI_1,1.1001100110011e+17,1.0,-74.2762,-74.1097,-74.2762,-232.105,-227.703,-249.021,-363.031,4651.09,3865.26,3753.16,-13.9632,-2.23332,-70.6128,-63.4515,-39.7338,-110.354,27.2432,20.2942,9.78219,6.73088,5.63953,-3.7461,-110.96,14.1167,21.5291,-366.901,9.2522,5.04976,3.76151,1.0,LLLYLLLAVLATLLFSLLILI,0.2365043220815798,0.1038289448199413,L,99999900.0,-30.87899999999999,0.0,16.915999999999997,785.8299999999999,-0.03929475840830713,0.0,0.021526284310856035,-0.017768728605423566
VYLLIALLASLLTLL,Mutant,,void,11.0,LLLVYLLIALLFSLLTLLILI,-0.0746122733622269,LLLVYLLIALLASLLTLLILI_2,1.1001100110011e+17,1.0,-80.7576,-79.6298,-74.243,-228.757,-229.454,-242.957,-375.423,4592.53,3832.68,3850.97,-13.9623,23.6332,-79.8705,-42.7057,-58.2225,-23.0666,89.1938,-42.3578,8.59375,2.00115,1.83906,0.374427,-17.6261,86.7132,-42.8643,-376.957,9.0,0.850202,0.650901,2.0,LLLVYLLIALLASLLTLLILI,0.4227573813506211,0.0883384516209272,R,99999900.0,-21.64800000000001,-6.5146000000000015,14.199999999999989,759.8499999999999,-0.028489833519773657,-0.00857353425018096,0.01868789892741987,-0.018375074027768643
YVLLFTLLAALLSLL,WT,LLLYVLLFTLLAALLILLILI,clash,,,,LLLYVLLFTLLAALLSLLILI_1,1.1001100110011e+17,1.0,-76.4832,-76.2424,-74.1512,-229.923,-233.648,-249.287,-363.867,4645.3,3949.29,3886.86,-13.9475,-6.69656,-71.4082,-60.6735,-40.4289,-35.3649,77.5061,-43.3733,7.89607,2.26806,1.93066,-6.31623,-36.8676,70.5484,-45.0,-370.472,8.0,1.55417,1.1124,1.0,LLLYVLLFTLLAALLSLLILI,0.286384813377728,0.034708314036479,R,99999900.0,-30.979299999999995,-2.3319999999999936,19.364000000000004,696.0100000000002,-0.04450984899642244,-0.0033505265728940572,0.027821439347135813,-0.020039223574373925
YVLLTLLLGTLLAAL,Mutant,,void,16.0,LLLYVLLTLLLGTLLAFLILI,-0.0237999868983889,LLLYVLLTLLLGTLLAALILI_1,1.1001100110011e+17,1.0,-72.6251,-72.6251,-72.6251,-234.389,-225.236,-244.465,-363.002,4599.31,4046.31,3769.68,-13.9444,861.405,-69.9317,796.264,-45.9118,-49.8745,74.9706,-44.1075,8.37981,4.10221,3.72676,532.217,-48.9252,56.7148,-39.7132,492.477,7.3783,1.49528,0.846002,1.0,LLLYVLLTLLLGTLLAALILI,0.2290144236277679,0.0210739879285946,G,99999900.0,-24.019900000000007,0.0,10.075999999999993,553.0000000000005,-0.043435623869801064,0.0,0.018220614828209736,-0.025215913200723306
FYLLVALLLTLLSTL,WT,LLLFYLLVILLLTLLSTLILI,clash,,,,LLLFYLLVALLLTLLSTLILI_2,1.1001100110011e+17,1.0,-87.9016,-87.9016,-87.9016,-233.852,-233.069,-247.826,-371.268,4684.18,3758.79,3890.05,-13.9433,2.25392,-63.4578,-48.043,-35.5399,-24.9513,81.2501,-34.4362,8.80612,1.21146,0.930209,-4.14989,-19.7119,80.3881,-36.3997,-377.33,9.0,0.309179,0.0150006,2.0,LLLFYLLVALLLTLLSTLILI,0.4047623613825412,0.0219959222769118,R,99999900.0,-27.917899999999996,0.0,13.97399999999999,925.3900000000003,-0.030168793697792268,0.0,0.015100660262159721,-0.015067485060352928
ASLLVALLFLLLATL,Mutant,,void,3.0,LLLYSLLVALLFLLLATLILI,-0.2206876713089506,LLLASLLVALLFLLLATLILI_1,1.1001100110011e+17,1.0,-67.053,-72.0113,-58.8495,-230.326,-222.369,-243.224,-354.944,4568.57,3938.1,3622.05,-13.9264,6448.3,-71.4914,6387.73,-52.8696,-48.6015,89.5824,-37.8618,9.57221,5.88385,5.72759,6347.96,-47.1744,74.855,-35.0,6081.06,8.0,3.68158,3.3044,1.0,LLLASLLVALLFLLLATLILI,0.5031373159596726,0.0412613301772393,R,99999900.0,-18.6218,-8.203499999999998,12.897999999999996,630.4699999999998,-0.029536377623043137,-0.013011721414183072,0.020457753739273877,-0.022088917791488895
VILLLALLFALLSTL,Mutant,,clash,4.0,LLLVALLLALLFALLSTLILI,0.0664551517670927,LLLVILLLALLFALLSTLILI_0,1.1001100110011e+17,1.0,-76.5863,-76.6744,-74.1918,-227.197,-210.902,-241.328,-374.77,4536.07,3674.69,3599.22,-13.9154,196.827,-84.9014,109.633,-59.2501,-30.2888,93.2126,-42.3116,8.65524,3.62702,3.5252,137.62,-32.5709,73.9857,-37.3157,-177.943,8.2281,1.37371,0.983496,0.0,LLLVILLLALLFALLSTLILI,0.3038534592720628,0.0509950142723891,R,99999900.0,-25.651299999999992,-2.3944999999999936,14.131,861.3799999999997,-0.029779307622652025,-0.002779841649446231,0.016405070932689413,-0.016154774896096968
AYLLVILLALLLSTL,Mutant,,void,3.0,LLLFYLLVILLALLLSTLILI,-0.1769614966735599,LLLAYLLVILLALLLSTLILI_1,1.1001100110011e+17,1.0,-74.1925,-74.1631,-74.1631,-235.195,-233.558,-246.589,-379.375,4605.31,3814.57,3766.21,-13.891,-6.94461,-83.8783,-78.598,-58.6225,-69.988,54.0708,-44.4456,8.36966,4.29775,3.60882,-9.4944,-63.1365,52.5615,-43.97,-388.749,8.1663,3.06628,2.3547,1.0,LLLAYLLVILLALLLSTLILI,0.4715390302365243,0.117507053654962,R,99999900.0,-25.255799999999994,-0.02939999999999543,11.394000000000005,790.7400000000002,-0.03193944912360572,-3.718036269822624e-05,0.014409287502845439,-0.017567089055821123
YVLLLTLLFALLSLL,WT,LLLYVLLLTLLFILLSLLILI,clash,,,,LLLYVLLLTLLFALLSLLILI_2,1.1001100110011e+17,1.0,-76.3828,-75.3934,-74.2837,-232.447,-232.338,-253.431,-373.831,4694.98,3936.97,3784.11,-13.8883,-13.1295,-78.8893,-79.229,-46.1154,-34.3073,80.3138,-45.2827,8.3227,2.48846,2.19316,-11.3433,-35.5218,77.8649,-44.0136,-385.204,8.4574,2.34003,2.008,2.0,LLLYVLLLTLLFALLSLLILI,0.3140846439857153,0.0838944408222394,R,99999900.0,-32.773900000000005,-2.099100000000007,20.98400000000001,758.0099999999998,-0.04323676468648173,-0.0027692246804131974,0.027683012097465754,-0.018322053798762554
VYLLLALLTSLLFIL,WT,LLLVYLLLILLTSLLFILILI,clash,,,,LLLVYLLLALLTSLLFILILI_0,1.1001100110011e+17,1.0,-80.6631,-80.8278,-74.3239,-234.948,-228.499,-247.97,-369.519,4656.28,3948.07,3983.47,-13.8875,-9.6053,-67.7956,-69.7973,-47.2255,-22.1417,101.113,-50.3433,8.37397,3.47147,3.48816,-6.94443,-22.5179,92.1154,-45.0,-379.124,8.7339,2.31327,2.195,0.0,LLLVYLLLALLTSLLFILILI,0.4041357900141922,0.0395151070830565,R,99999900.0,-20.570099999999996,-6.339200000000005,13.021999999999991,708.2099999999996,-0.029045198458084478,-0.008951017353609817,0.01838720153626749,-0.01960929667753916
YSLLLILLAVLLTFL,WT,LLLYSLLLILLAVLLIFLILI,clash,,,,LLLYSLLLILLAVLLTFLILI_0,1.1001100110011e+17,1.0,-65.6014,-62.8815,-58.8872,-239.124,-232.9,-254.01,-356.466,4724.95,4024.72,3840.25,-13.8572,29034.6,-65.5978,28973.9,-43.5691,-28.3024,86.3877,-45.6124,9.5428,2.4077,2.20351,26291.5,-38.6138,67.2216,-35.9594,28678.2,8.7535,1.36698,0.875303,0.0,LLLYSLLLILLAVLLTFLILI,0.243542054169489,0.0353797506442552,R,99999900.0,-22.028700000000008,-6.714199999999998,14.885999999999996,700.23,-0.031459234822843934,-0.009588563757622492,0.021258729274666887,-0.019789497736458023
YSLLLILLAVLLFSL,Mutant,,clash,8.0,LLLYSLLLTLLAVLLFSLILI,0.0975742086589595,LLLYSLLLILLAVLLFSLILI_1,1.1001100110011e+17,1.0,-67.9208,-66.1062,-60.4281,-232.886,-231.248,-252.843,-361.53,4720.59,3966.94,3890.64,-13.8473,102.721,-74.5707,38.5449,-48.2591,-49.9871,82.0507,-42.3233,9.78869,5.0749,4.80566,49.3972,-49.3087,81.5433,-43.7445,-324.711,9.0,4.90465,4.6278,1.0,LLLYSLLLILLAVLLFSLILI,0.1111319162656766,0.0745336253704861,R,99999900.0,-26.311600000000006,-7.492699999999999,19.956999999999994,753.6500000000001,-0.03491222716114908,-0.00994188283686061,0.026480461752803015,-0.01837364824520666
YTLLIALLAVLLSAL,Mutant,,void,16.0,LLLYTLLIALLAVLLSLLILI,0.0932809046524524,LLLYTLLIALLAVLLSALILI_1,1.1001100110011e+17,1.0,-68.1424,-68.019,-60.3856,-223.587,-223.627,-244.625,-358.375,4617.59,3932.13,3888.87,-13.821,11.7776,-80.4663,-54.9511,-53.364,-46.5875,74.7135,-45.4013,8.27059,3.57444,3.19514,12.8978,-46.7103,70.4803,-42.9747,-345.25,8.3098,3.02139,2.57859,1.0,LLLYTLLIALLAVLLSALILI,0.2848112786907788,0.0269189326741973,R,99999900.0,-27.102300000000007,-7.756799999999998,21.03800000000001,685.46,-0.03953884982347621,-0.011316196422840133,0.030691798208502333,-0.020163102150380766
TALLVALLAILLSLL,Mutant,,void,4.0,LLLTYLLVALLAILLSLLILI,-0.0571218189075448,LLLTALLVALLAILLSLLILI_1,1.1001100110011e+17,1.0,-60.4781,-60.4781,-60.361,-232.845,-228.004,-243.108,-378.28,4522.38,3886.19,3850.04,-13.8123,-7.93359,-98.7693,-97.7308,-74.8111,-68.5608,71.4436,-42.7544,7.9522,6.429,6.00066,-9.09481,-60.9952,66.9175,-43.9619,-387.829,8.062,4.68314,4.1869,1.0,LLLTALLVALLAILLSLLILI,0.3340527447128005,0.0537330865313421,R,99999900.0,-23.958200000000005,-0.11710000000000065,10.263000000000005,636.19,-0.037658875493170284,-0.00018406450903032213,0.016131973152674523,-0.021710966849526083
YILLTVLLILLLSFL,Mutant,,clash,11.0,LLLYILLTVLLALLLSFLILI,0.0143759941561407,LLLYILLTVLLILLLSFLILI_0,1.1001100110011e+17,1.0,-74.2829,-74.5834,-74.2065,-249.443,-240.992,-256.923,-378.365,4704.16,4102.99,3785.34,-13.7937,55.4755,-68.433,-7.314,-47.2351,-65.7453,72.3757,-42.8567,10.2841,6.13252,5.71816,55.0704,-66.2569,59.5791,-43.0369,-322.889,8.9497,4.48171,3.8754,0.0,LLLYILLTVLLILLLSFLILI,0.2466537148232847,0.1130529256721453,R,99999900.0,-21.197900000000004,-0.07639999999999247,7.47999999999999,601.1700000000001,-0.03526107423856813,-0.0001270855165759976,0.012442403978907777,-0.022944757722441235
LYLLVILLAALLSTL,Mutant,,void,12.0,LLLLYLLVILLAFLLSTLILI,-0.0258730235613139,LLLLYLLVILLAALLSTLILI_1,1.1001100110011e+17,1.0,-72.9652,-71.6335,-74.1562,-231.118,-231.426,-242.377,-373.071,4597.79,3864.94,3931.53,-13.7809,-9.49621,-82.7693,-79.5084,-56.5377,-63.5423,57.7227,-44.9198,7.91001,3.8239,3.18974,-4.28215,-57.6508,57.7625,-43.362,-378.579,8.4393,2.94556,2.312,1.0,LLLLYLLVILLAALLSTLILI,0.295876430985341,0.0485425354046744,R,99999900.0,-26.2316,1.1910000000000025,11.259000000000015,732.8499999999999,-0.035793955106774925,0.0016251620386163643,0.015363307634577357,-0.018804530258579522
VALLLALLFILLSIL,Mutant,,clash,12.0,LLLVALLLALLFTLLSILILI,0.4126549034314639,LLLVALLLALLFILLSILILI_0,1.1001100110011e+17,1.0,-60.5202,-60.457,-60.3659,-235.51,-228.932,-243.347,-371.268,4560.88,3926.52,3730.47,-13.7626,27.7087,-89.0005,-54.1706,-67.5556,-41.9003,94.0255,-36.9806,9.00146,5.4785,5.38888,27.0533,-39.6626,86.0874,-35.0,-343.56,8.2373,4.07119,3.8625,0.0,LLLVALLLALLFILLSILILI,0.2419725907655182,0.0538914681488548,R,99999900.0,-21.444900000000004,-0.15429999999999922,7.8370000000000175,634.3600000000001,-0.033805567816381867,-0.00024323727851692915,0.012354183744246194,-0.021695251907434262
LVLLAALLFALLSTL,Mutant,,void,7.0,LLLLVLLIALLFALLSTLILI,0.0167235313453718,LLLLVLLAALLFALLSTLILI_0,1.1001100110011e+17,1.0,-76.818,-76.8345,-74.1998,-222.576,-218.454,-237.985,-364.257,4549.14,3776.51,3749.91,-13.7494,-6.63133,-78.613,-75.6002,-52.0721,-26.9267,89.8705,-39.2015,8.09679,2.67152,2.51958,-6.37237,-30.3621,80.2592,-40.3295,-370.889,8.3549,1.88931,1.5932,0.0,LLLLVLLAALLFALLSTLILI,0.3190507579871566,0.0295230660465847,R,99999900.0,-26.5409,-2.6182000000000016,15.40900000000002,772.6300000000001,-0.0343513712902683,-0.0033886853992208445,0.019943569366967395,-0.017795581326119872
LAVLLALLTILLSLL,Mutant,,void,4.0,LLLLFVLLALLTILLSLLILI,-0.1239718460690823,LLLLAVLLALLTILLSLLILI_2,1.1001100110011e+17,1.0,-70.5924,-74.255,-74.255,-240.186,-237.359,-241.436,-390.903,4512.58,3970.8,3894.27,-13.745,-7.84068,-93.87,-87.1299,-75.2119,-47.9482,67.6034,31.1737,9.36222,2.81869,2.33274,-3.22434,-44.8132,57.5828,26.7672,-394.112,9.4293,0.995658,0.3594,2.0,LLLLAVLLALLTILLSLLILI,0.3079661511213249,0.0155045703867324,L,99999900.0,-18.658100000000005,3.6625999999999976,1.25,541.7799999999997,-0.034438517479419714,0.006760308612351876,0.0023072095684595235,-0.025370076414780916
YALLTALLSVLLALL,Mutant,,void,15.0,LLLYALLTALLSVLLFLLILI,-0.3149823655773952,LLLYALLTALLSVLLALLILI_0,1.1001100110011e+17,1.0,-76.1902,-75.5846,-74.353,-231.573,-227.122,-244.712,-369.988,4599.66,3933.46,3938.84,-13.7389,-8.71535,-75.9635,-75.9969,-50.923,-59.3682,79.4968,-41.1362,8.11142,6.1373,5.82975,-8.26592,-55.1691,76.5276,-42.1376,-378.703,8.1639,5.10659,4.7545,0.0,LLLYALLTALLSVLLALLILI,0.6930950008976792,0.0475439819212181,R,99999900.0,-25.040499999999994,-1.83720000000001,13.138999999999982,666.1999999999998,-0.037587060942659865,-0.0027577304112879173,0.01972230561392973,-0.02062278595016512
YVLLTALLGGLLFAL,Mutant,,void,8.0,LLLYVLLTLLLGGLLFALILI,0.0705675738681712,LLLYVLLTALLGGLLFALILI_1,1.1001100110011e+17,1.0,-58.7757,-59.2669,-58.7757,-223.534,-218.423,-240.428,-326.17,4634.31,3910.67,3779.73,-13.7337,-12.7711,-57.5936,-61.2505,-26.9662,-37.5644,77.9956,-35.9741,7.45071,2.66407,2.334,-10.3713,-36.0293,69.0807,-35.6829,-334.574,7.2857,1.23029,0.766501,1.0,LLLYVLLTALLGGLLFALILI,0.2594948826803962,0.0807987387074355,G,99999900.0,-30.6274,0.0,16.894000000000005,723.6400000000003,-0.04232408379857386,0.0,0.023345862583605104,-0.018978635785749813
VYLLFALLTTLLSLL,WT,LLLVYLLFILLTTLLSLLILI,clash,,,,LLLVYLLFALLTTLLSLLILI_2,1.1001100110011e+17,1.0,-84.5261,-87.9653,-87.9653,-238.18,-234.302,-247.4,-370.763,4720.44,3799.38,3777.88,-13.7324,-10.6754,-61.7885,-59.1703,-35.3973,-27.6824,101.528,-37.8616,9.08947,4.35868,4.3816,-9.77852,-31.1915,87.4311,-36.2559,-380.563,8.5903,2.98193,2.7934,2.0,LLLVYLLFALLTTLLSLLILI,0.4386315972258752,0.1433034113410072,R,99999900.0,-26.391199999999998,3.4391999999999996,9.219999999999999,921.0599999999995,-0.02865307363255381,0.003733958699758975,0.010010205632640658,-0.014909343582394206
YVLLTLLLGGLLFAL,WT,LLLYVLLTLLLGGLLFILILI,clash,,,,LLLYVLLTLLLGGLLFALILI_1,1.1001100110011e+17,1.0,-58.7757,-58.7757,-58.7757,-225.014,-220.036,-245.108,-339.069,4692.11,3901.05,3723.73,-13.7289,-0.412589,-69.008,-60.6699,-35.1854,-39.7429,71.7453,-35.3339,7.42748,2.14706,1.72323,-9.50044,-36.0293,69.0807,-35.6829,-348.726,7.2857,1.23029,0.766501,1.0,LLLYVLLTLLLGGLLFALILI,0.3393471917217859,0.0549721024725505,G,99999900.0,-33.822599999999994,0.0,20.093999999999994,791.0599999999995,-0.04275604884585242,0.0,0.025401360200237665,-0.01735506788359923
LYVLLLLLATLASLL,Mutant,,void,14.0,LLLLYVLLLLLATLFSLLILI,0.0121889362432902,LLLLYVLLLLLATLASLLILI_2,1.1001100110011e+17,1.0,-74.1131,-74.1131,-74.1131,-225.128,-219.197,-242.7,-376.602,4584.94,3608.79,3624.69,-13.7073,997.999,-91.0679,914.707,-59.789,-63.4358,52.0429,17.9084,10.1195,3.04116,2.3218,746.946,-67.1026,39.5354,23.4345,601.679,9.3202,1.90267,0.995701,2.0,LLLLYVLLLLLATLASLLILI,0.261052496178657,0.0808951697510142,L,99999900.0,-31.278899999999993,0.0,17.572000000000003,976.1499999999996,-0.03204312861752805,0.0,0.018001331762536505,-0.014042206628079706
LALLAALLFVLLSTL,Mutant,,void,7.0,LLLLALLIALLFVLLSTLILI,-0.0360985413545333,LLLLALLAALLFVLLSTLILI_1,1.1001100110011e+17,1.0,-74.1615,-74.1615,-74.2403,-227.472,-223.243,-238.48,-337.492,4559.24,3793.59,3860.69,-13.6825,-3.67764,-49.5409,-43.7646,-24.7716,-42.3055,76.7237,-37.0497,8.23288,3.20353,2.85438,-7.75488,-37.1328,75.3172,-35.0,-345.236,8.3978,2.23774,1.8675,1.0,LLLLALLAALLFVLLSTLILI,0.3066413118808339,0.0566332098841103,R,99999900.0,-24.7693,0.07880000000000109,11.007999999999981,765.6499999999996,-0.03235068242669629,0.00010291908835630004,0.014377326454646362,-0.0178704368836936
TYLLVFLLALLLSIL,WT,LLLTYLLVFLLILLLSILILI,clash,,,,LLLTYLLVFLLALLLSILILI_2,1.1001100110011e+17,1.0,-77.3949,-70.9036,-60.3544,-232.376,-233.265,-256.029,-369.478,4680.24,3774.82,3743.64,-13.6642,0.814975,-73.3713,-64.4939,-53.0949,-67.742,54.3532,-39.4223,8.58256,3.99898,3.31427,-9.10957,-68.3504,51.785,-38.1091,-379.391,8.6758,3.74353,3.0203,2.0,LLLTYLLVFLLALLLSILILI,0.3447850001965471,0.0783227862351186,R,99999900.0,-20.276400000000002,-17.04050000000001,23.65299999999999,905.4199999999996,-0.022394468865278006,-0.018820547370281212,0.026123787855359945,-0.015091559718141863
LSLLFALLIILLVTL,Mutant,,clash,12.0,LLLLSLLFALLIALLVTLILI,-0.0285626803427263,LLLLSLLFALLIILLVTLILI_2,1.1001100110011e+17,1.0,-65.873,-68.4974,-58.8343,-235.465,-234.945,-246.407,-367.657,4588.52,4014.39,3767.71,-13.6502,159.36,-79.9691,95.1461,-62.415,-38.4295,87.7972,-38.7627,9.76495,4.11704,3.934,126.643,-39.3076,75.987,-35.0,-166.545,8.4047,2.65439,2.2942,2.0,LLLLSLLFALLIILLVTLILI,0.3231994439545504,0.0197746173700488,R,99999900.0,-17.5541,-7.038700000000006,10.942000000000007,574.1300000000006,-0.03057513106787658,-0.012259766951735668,0.019058401407346763,-0.02377545155278419
YALLLTLLSVLLFIL,WT,LLLYALLLILLSVLLFILILI,clash,,,,LLLYALLLTLLSVLLFILILI_2,1.1001100110011e+17,1.0,-74.2563,-75.3074,-74.2563,-237.669,-234.046,-254.036,-370.611,4716.04,3943.48,3906.41,-13.648,-1.4845,-72.3337,-62.7425,-42.3184,-55.7346,79.6708,-45.8264,8.88982,5.61575,5.31081,-8.34016,-53.703,73.7044,-44.133,-379.033,8.7769,4.50554,4.11111,2.0,LLLYALLLTLLSVLLFILILI,0.3107014493735433,0.0497553549972737,R,99999900.0,-30.015299999999996,0.0,16.36699999999999,772.56,-0.03885173967070519,0.0,0.021185409547478502,-0.01766594180387284
YALLAILLAVLLTLL,Mutant,,void,4.0,LLLYFLLAILLAVLLTLLILI,-0.0780024642781488,LLLYALLAILLAVLLTLLILI_0,1.1001100110011e+17,1.0,-58.8246,-58.8246,-58.8246,-232.562,-225.352,-247.174,-362.257,4623.38,3915.07,3840.84,-13.6301,-7.62705,-84.5012,-85.708,-56.2585,-78.0151,64.7812,-42.422,8.62644,6.94772,6.41944,-7.93153,-76.5455,57.3918,-43.7935,-369.884,8.5484,5.72972,5.0906,0.0,LLLYALLAILLAVLLTLLILI,0.3147987326007118,0.0393322315665883,R,99999900.0,-28.2427,0.0,14.611999999999995,708.31,-0.039873360534229366,0.0,0.02062938543857915,-0.01924312800892265
AILLVTLLATLLSLL,Mutant,,void,11.0,LLLAILLVTLLFTLLSLLILI,0.045735428669518,LLLAILLVTLLATLLSLLILI_0,1.1001100110011e+17,1.0,-87.9257,-87.9257,-87.9257,-227.033,-221.863,-240.36,-392.755,4491.8,3843.77,3723.18,-13.5914,-8.62077,-91.3882,-91.5873,-64.4701,-31.0948,89.9621,-43.1416,8.54265,3.30911,3.15854,-7.31461,-34.3116,78.2924,-42.6631,-401.376,8.583,2.21621,1.8906,0.0,LLLAILLVTLLATLLSLLILI,0.3210403375159487,0.0449530073103777,R,99999900.0,-26.918099999999995,0.0,13.327000000000027,648.0300000000002,-0.04153835470580064,0.0,0.02056540592256535,-0.02097341172476582
VYLLFALLTILLSLL,Mutant,,clash,12.0,LLLVYLLFALLTTLLSLLILI,0.1310826652768433,LLLVYLLFALLTILLSLLILI_1,1.1001100110011e+17,1.0,-74.2219,-74.1129,-74.2517,-240.67,-235.264,-248.201,-366.98,4732.49,3803.44,3760.74,-13.5909,1.05651,-65.6784,-56.5457,-44.527,-36.5045,94.0875,-39.9734,9.37638,4.67749,4.5888,7.4354,-31.1915,87.4311,-36.2559,-359.65,8.5903,2.98193,2.7934,1.0,LLLVYLLFALLTILLSLLILI,0.3075489319490318,0.0528738971411084,R,99999900.0,-21.151399999999995,0.029799999999994498,7.531000000000006,929.0499999999997,-0.022766697163769445,3.207577633065444e-05,0.008106129917657832,-0.014628814380280936
YFLLAILLTVLLSLL,WT,LLLYFLLAILLIVLLSLLILI,clash,,,,LLLYFLLAILLTVLLSLLILI_2,1.1001100110011e+17,1.0,-71.2722,-71.0463,-74.2911,-230.582,-231.038,-252.807,-367.382,4698.06,3865.11,3973.58,-13.5872,-7.2426,-79.1149,-72.5408,-40.2838,-82.7751,59.6007,-39.6372,8.90693,6.96235,6.35636,-6.93727,-79.0284,55.7683,-40.9071,-375.156,8.9529,5.88298,5.2195,2.0,LLLYFLLAILLTVLLSLLILI,0.1662830558301147,0.1329594815900608,R,99999900.0,-38.831100000000006,3.018900000000002,22.224999999999994,832.9500000000003,-0.04661876463173059,0.003624347199711869,0.02668227384596913,-0.016312143586049578
AILLGLLLIVLLSTL,Mutant,,clash,11.0,LLLAILLGLLLGVLLSTLILI,0.9085028941183148,LLLAILLGLLLIVLLSTLILI_2,1.1001100110011e+17,1.0,-74.1795,-74.1265,-74.1795,-240.382,-237.993,-240.095,-385.131,4490.8,3998.67,3643.11,-13.5724,1556950.0,-84.1415,1556870.0,-70.8558,-90.2622,63.3566,-37.5325,10.0655,8.59247,8.04282,1551160.0,-97.68,30.262,-44.4,1556560.0,6.9035,5.23737,4.1913,2.0,LLLAILLGLLLIVLLSTLILI,0.2694557622519101,0.0180809736570844,G,99999900.0,-13.285699999999991,0.0,-0.28700000000000614,492.1300000000001,-0.02699632211001156,0.0,-0.0005831792412574037,-0.027578891756243264
TALLVILLAFLLSLL,Mutant,,void,4.0,LLLTYLLVILLAFLLSLLILI,-0.0672793803503025,LLLTALLVILLAFLLSLLILI_0,1.1001100110011e+17,1.0,-60.4458,-59.2251,-60.3504,-230.828,-227.087,-247.339,-366.536,4570.92,3978.65,3938.34,-13.5325,-4.66548,-88.7947,-84.8891,-58.8466,-65.1568,43.6086,-53.723,8.72059,2.16068,1.31481,-4.5373,-61.4542,42.8978,-44.8882,-371.201,8.9762,1.50933,0.652797,0.0,LLLTALLVILLAFLLSLLILI,0.4125154214077269,0.0497449948574621,R,99999900.0,-29.948100000000004,-0.09539999999999793,16.510999999999996,592.27,-0.05056494504195722,-0.00016107518530399638,0.027877488307697495,-0.022848531919563715
YALLFALLTVLLSAL,Mutant,,void,16.0,LLLYALLFALLTVLLSLLILI,0.074676284381746,LLLYALLFALLTVLLSALILI_1,1.1001100110011e+17,1.0,-74.259,-74.259,-74.3379,-233.826,-231.364,-245.684,-351.585,4631.94,3982.56,3922.71,-13.5177,-8.88078,-57.018,-54.8427,-31.5636,-34.9311,96.177,-34.8616,8.91746,4.72356,4.66621,-9.62467,-36.6602,86.1438,-39.3244,-360.919,8.6204,3.62844,3.4206,1.0,LLLYALLFALLTVLLSALILI,0.2636076117202228,0.0274425952154918,R,99999900.0,-25.4544,0.07890000000000441,11.858000000000004,649.3799999999997,-0.03919800425020791,0.00012150050817703726,0.018260494625642935,-0.02081631710246698
YSLLLALLAALLVTL,Mutant,,void,11.0,LLLYSLLLALLFALLVTLILI,-0.0349209505606458,LLLYSLLLALLAALLVTLILI_0,1.1001100110011e+17,1.0,-69.5819,-69.2696,-58.8202,-223.908,-217.427,-244.916,-357.324,4599.98,3861.17,3747.41,-13.4786,945.449,-77.3127,874.822,-53.5873,-54.7636,73.0122,-45.4211,8.37909,4.57119,4.16637,514.771,-57.1826,66.7594,-36.3012,588.125,8.3991,4.08991,3.5913,0.0,LLLYSLLLALLAALLVTLILI,0.3065038399950806,0.0257830737528443,R,99999900.0,-23.725400000000008,-10.761700000000005,21.00800000000001,738.8099999999995,-0.032112992514990356,-0.014566261961803457,0.028434915607531062,-0.01824366210527742
VALLIALLFTLLSLL,WT,LLLVALLIALLFILLSLLILI,clash,,,,LLLVALLIALLFTLLSLLILI_0,1.1001100110011e+17,1.0,-74.1282,-74.1282,-74.1282,-228.26,-222.517,-242.523,-371.426,4580.94,3784.48,3764.2,-13.4561,-6.04816,-82.4938,-80.8285,-54.7751,-34.7128,100.927,-38.6514,8.63477,5.33204,5.34595,-5.87323,-35.9255,91.0265,-40.2111,-377.474,8.8691,4.1774,4.0428,0.0,LLLVALLIALLFTLLSLLILI,0.5301352226114497,0.0565255972130082,R,99999900.0,-27.71869999999999,0.0,14.263000000000005,796.4599999999996,-0.03480237551163901,0.0,0.017907992868442874,-0.016894884865529976
YALLTILVALLLSLL,Mutant,,void,4.0,LLLYWLLTILVALLLSLLILI,-0.0853052456323941,LLLYALLTILVALLLSLLILI_2,1.1001100110011e+17,1.0,-70.6419,-70.6419,-74.1726,-229.757,-228.616,-249.161,-377.839,4620.21,3820.62,3832.67,-13.4341,-0.737407,-90.8746,-79.3189,-54.5053,-103.13,27.0819,26.7831,9.0863,5.62559,4.53182,-1.34026,-106.661,10.839,28.0,-378.28,9.5,3.96242,2.62501,2.0,LLLYALLTILVALLLSLLILI,0.5316014706065203,0.0297720270400526,L,99999900.0,-36.3693,3.530699999999996,19.403999999999996,799.5900000000001,-0.04548493602971523,0.0044156380144824165,0.024267437061494007,-0.016801235633262045
YVLLFTLLAALLSAL,Mutant,,void,16.0,LLLYVLLFTLLAALLSLLILI,0.0653602741230595,LLLYVLLFTLLAALLSALILI_1,1.1001100110011e+17,1.0,-76.3407,-75.9957,-74.1512,-226.294,-226.286,-245.295,-352.59,4599.56,3985.7,3906.11,-13.4183,-6.26435,-63.3736,-56.5726,-33.1439,-34.6267,77.942,-43.5035,7.91011,2.21618,1.88531,-4.96747,-36.8676,70.5484,-45.0,-358.338,8.0,1.55417,1.1124,1.0,LLLYVLLFTLLAALLSALILI,0.2210245392546683,0.0255452561675187,R,99999900.0,-30.2297,-2.1894999999999953,19.000999999999976,613.8600000000006,-0.04924526765060433,-0.0035667741830384667,0.030953311830058904,-0.02185889290717751
YALLSTLLALLLAFL,Mutant,,void,4.0,LLLYILLSTLLALLLAFLILI,-0.1791183686090275,LLLYALLSTLLALLLAFLILI_0,1.1001100110011e+17,1.0,-73.9568,-74.078,-73.9568,-234.764,-227.592,-247.303,-360.265,4635.01,4018.17,3812.63,-13.403,93.2367,-64.9468,34.6416,-39.005,-52.395,76.8671,-39.1951,8.03823,4.7363,4.38931,57.8389,-58.0388,59.4252,-37.1641,-267.028,8.0,3.22822,2.6196,0.0,LLLYALLSTLLALLLAFLILI,0.3861577049816911,0.036456188756441,R,99999900.0,-25.941799999999994,0.0,12.538999999999987,616.8400000000001,-0.042055962648336664,0.0,0.020327799753582752,-0.02172848712794241
LYLLIALLLVLTFLL,WT,LLLLYLLIILLLVLTFLLILI,clash,,,,LLLLYLLIALLLVLTFLLILI_0,1.1001100110011e+17,1.0,-58.9132,-58.9255,-58.9132,-235.96,-222.542,-249.749,-363.575,4698.37,3600.31,3651.83,-13.3921,39.3344,-82.0941,-42.7728,-54.9122,-64.9208,68.9118,17.1292,9.64697,5.54122,5.0749,39.9634,-62.8439,56.9541,19.0347,-324.24,9.5,3.61539,2.9697,0.0,LLLLYLLIALLLVLTFLLILI,0.1933464544979299,0.0128260110713776,L,99999900.0,-27.1819,0.0,13.788999999999987,1098.06,-0.02475447607598856,0.0,0.01255760158825564,-0.012196145930094894
SALLFVLLALLLSTL,Mutant,,void,4.0,LLLSYLLFVLLALLLSTLILI,-0.0030162541848806,LLLSALLFVLLALLLSTLILI_0,1.1001100110011e+17,1.0,-74.2478,-74.2478,-74.2184,-232.845,-230.398,-247.335,-375.043,4582.81,3906.52,3836.86,-13.3553,-6.39887,-81.3052,-76.7959,-53.4893,-63.6932,67.5159,-45.0046,8.22134,5.16863,4.68137,-6.71765,-66.724,58.8887,-41.9166,-381.442,8.6817,4.45857,3.8419,0.0,LLLSALLFVLLALLLSTLILI,0.407426308248948,0.0169917869551704,R,99999900.0,-27.8159,-0.02939999999999543,14.490000000000009,676.2900000000004,-0.041130136479912434,-4.3472474825881515e-05,0.021425719735616376,-0.01974788921912196
YALLTALLFVLLILL,Mutant,,clash,15.0,LLLYALLTALLFVLLSLLILI,-0.0722109952437294,LLLYALLTALLFVLLILLILI_0,1.1001100110011e+17,1.0,-58.9852,-58.9852,-58.9852,-236.052,-233.467,-252.038,-356.216,4710.44,3872.9,3820.71,-13.3547,-7.11251,-74.5335,-70.8758,-45.1929,-49.0867,89.4314,-44.7176,8.11199,5.93626,5.77773,-6.25154,-51.8061,81.4519,-44.6308,-363.328,8.0262,5.26692,4.9887,0.0,LLLYALLTALLFVLLILLILI,0.3949989935902924,0.0389409552072766,R,99999900.0,-29.340600000000002,0.0,15.986000000000018,837.5399999999995,-0.03503187907443229,0.0,0.019086849583303516,-0.01594514888841131
YALLTTLLSILLVLL,WT,LLLYALLTTLLIILLVLLILI,clash,,,,LLLYALLTTLLSILLVLLILI_0,1.1001100110011e+17,1.0,-88.8768,-89.2354,-88.0441,-236.375,-228.849,-252.261,-390.339,4645.32,3899.92,3881.26,-13.3511,-7.2542,-78.4383,-79.5087,-50.0335,-65.6298,82.4475,-37.0832,8.48846,7.47488,7.21159,-7.1731,-66.0867,73.4773,-35.8299,-397.593,8.3793,6.33244,5.9346,0.0,LLLYALLTTLLSILLVLLILI,0.3453726418390484,0.1423595422388283,R,99999900.0,-28.4048,-0.8327000000000027,15.885999999999996,745.3999999999996,-0.03810678830158307,-0.0011171183257311552,0.021312047222967537,-0.017911322779715598
LYLLTALLAVLLILL,Mutant,,void,8.0,LLLLYLLTFLLAVLLILLILI,-0.099047133889027,LLLLYLLTALLAVLLILLILI_2,1.1001100110011e+17,1.0,-58.7942,-58.8271,-58.7776,-231.136,-225.378,-244.381,-370.068,4636.32,3778.06,3761.36,-13.3506,185.017,-93.4885,99.1541,-66.9099,-56.5856,91.693,20.2685,9.89493,7.36639,7.24178,171.637,-63.0338,71.0042,23.361,-181.587,9.4488,5.54064,5.1057,2.0,LLLLYLLTALLAVLLILLILI,0.375400741626294,0.0465405524613251,L,99999900.0,-26.57860000000001,-0.01659999999999684,13.245000000000005,858.2599999999998,-0.030968005033439768,-1.934145829934617e-05,0.015432386456318607,-0.015555426094656636
VALLILLLYLLATLL,Mutant,,clash,7.0,LLLVALLFLLLYLLATLLILI,0.9159187589134256,LLLVALLILLLYLLATLLILI_0,1.1001100110011e+17,1.0,-58.8664,-58.8664,-58.8664,-227.43,-225.435,-246.463,-369.697,4677.21,3795.93,3662.35,-13.3357,3200.3,-96.736,3114.9,-64.3675,-98.3416,27.7088,29.4937,9.91714,4.99192,3.90755,1562.08,-106.828,17.5547,23.8579,2830.6,9.5,4.89408,3.6574,0.0,LLLVALLILLLYLLATLLILI,0.5999870051258769,0.1119582286534458,L,99999900.0,-32.3685,0.0,19.032999999999987,881.2800000000002,-0.03672896241830064,0.0,0.0215969952795933,-0.015132194081336234
YALLTVLLAALLSFL,Mutant,,void,12.0,LLLYALLTVLLALLLSFLILI,0.0883978145602453,LLLYALLTVLLAALLSFLILI_2,1.1001100110011e+17,1.0,-74.1754,-73.8873,-74.1754,-236.25,-236.944,-245.957,-351.64,4635.64,4070.69,3927.85,-13.3289,-12.3928,-54.5432,-53.2018,-31.5074,-75.0364,62.7144,-40.9298,8.69008,6.2219,5.66262,-5.88567,-71.6539,57.0728,-39.68,-359.132,8.4856,4.95291,4.309,2.0,LLLYALLTVLLAALLSFLILI,0.3498841787538214,0.0767433747666467,R,99999900.0,-23.0358,0.0,9.706999999999994,564.9500000000003,-0.04077493583502963,0.0,0.017182051508983075,-0.023593061332861306
ALLLVTLLAILLSFL,WT,LLLALLLVILLAILLSFLILI,clash,,,,LLLALLLVTLLAILLSFLILI_1,1.1001100110011e+17,1.0,-77.432,-77.7944,-74.1591,-227.052,-225.898,-242.502,-371.578,4544.37,3958.33,3836.34,-13.3178,-11.7991,-80.4118,-79.6853,-54.917,-55.9993,52.5206,-48.2881,8.34585,1.99018,1.27799,-9.02413,-51.3087,52.0453,-45.0,-380.588,8.5127,1.22242,0.503099,1.0,LLLALLLVTLLAILLSFLILI,0.1641423099578113,0.032728953609342,R,99999900.0,-25.494799999999998,-3.272900000000007,15.450000000000017,586.04,-0.04350351511842195,-0.005584772370486668,0.026363388164630432,-0.02272506996109481
YILLVFLLITLLSLL,Mutant,,clash,11.0,LLLYILLVFLLATLLSLLILI,0.0900121536762139,LLLYILLVFLLITLLSLLILI_0,1.1001100110011e+17,1.0,-74.1188,-70.4287,-74.1188,-252.515,-235.667,-256.866,-375.134,4723.79,4164.1,3885.33,-13.3111,685.472,-61.8119,616.433,-44.1494,-81.6835,65.3124,-38.0664,10.6317,7.5697,7.04938,685.934,-79.5181,50.3906,-43.452,310.338,8.9618,5.23044,4.4863,0.0,LLLYILLVFLLITLLSLLILI,0.1298457329477085,0.1089314162727575,R,99999900.0,-17.6625,0.0,4.350999999999999,559.6899999999996,-0.03155764798370529,0.0,0.007773946291697194,-0.023782987010666636
YVLLTTLLALLLSFL,WT,LLLYVLLTTLLALLLIFLILI,clash,,,,LLLYVLLTTLLALLLSFLILI_1,1.1001100110011e+17,1.0,-87.9189,-87.9868,-87.9745,-240.745,-239.029,-252.699,-375.901,4654.68,4103.44,3905.78,-13.3035,-11.7485,-60.5403,-60.6334,-35.2275,-59.2217,69.8269,-45.0325,8.7829,4.80988,4.35728,-8.25474,-59.6352,61.4935,-42.8163,-384.349,8.6405,3.7469,3.1693,1.0,LLLYVLLTTLLALLLSFLILI,0.3137001940651855,0.0295828111370925,R,99999900.0,-25.312800000000003,0.05560000000001253,11.954000000000008,551.2400000000007,-0.04591974457586527,0.00010086350772805395,0.021685654161526728,-0.024133771134170205
VYLLLALLFTLLSIL,WT,LLLVYLLLALLFILLSILILI,clash,,,,LLLVYLLLALLFTLLSILILI_1,1.1001100110011e+17,1.0,-79.6209,-80.2529,-74.103,-232.443,-232.64,-247.926,-369.942,4634.07,3901.26,3911.2,-13.2851,-12.1231,-71.1638,-69.1726,-47.9133,-24.6946,81.5329,-45.657,8.47341,1.21113,0.934125,-13.9663,-23.8784,81.123,-44.2433,-383.793,8.4762,1.03336,0.750204,1.0,LLLVYLLLALLFTLLSILILI,0.404530050925225,0.0714389851664048,R,99999900.0,-23.250499999999995,-5.517900000000012,15.482999999999976,732.8099999999995,-0.03172786943409617,-0.007529782617595305,0.021128259712613073,-0.018128982956018627
TYLLIVLLALLLIFL,Mutant,,clash,15.0,LLLTYLLIVLLALLLSFLILI,0.1465722476696916,LLLTYLLIVLLALLLIFLILI_2,1.1001100110011e+17,1.0,-45.1159,-45.1159,-45.1159,-244.174,-242.427,-256.145,-357.399,4668.8,3948.61,3885.24,-13.2828,19.7557,-81.3922,-50.1013,-56.1382,-67.9644,65.2272,-43.7866,9.29968,5.50033,4.97874,16.1749,-65.3764,53.0016,-44.5512,-339.062,8.8858,3.46168,2.7567,2.0,LLLTYLLIVLLALLLIFLILI,0.2768969346650196,0.0367384271886122,R,99999900.0,-25.254000000000005,0.0,11.970999999999975,720.19,-0.03506574653910774,0.0,0.016622002527110866,-0.018443466307502186
YVLLTALLAALLSLL,Mutant,,void,11.0,LLLYVLLTALLFALLSLLILI,-0.0917560549934644,LLLYVLLTALLAALLSLLILI_0,1.1001100110011e+17,1.0,-74.8443,-74.1293,-74.1974,-229.424,-225.266,-244.448,-368.917,4590.02,3909.34,3840.67,-13.2726,-10.3615,-77.9207,-79.883,-50.2711,-26.5437,95.361,-44.3458,8.03346,3.35529,3.28571,-9.46437,-28.5899,84.4588,-45.0,-379.278,8.1271,2.19042,1.9573,0.0,LLLYVLLTALLAALLSLLILI,0.4142675128165151,0.0217139170126943,R,99999900.0,-27.6496,-0.6469000000000023,15.024000000000001,680.6800000000003,-0.04062055591467354,-0.0009503731562555121,0.022072045601457358,-0.019499030381383314
TALLTILLAFLLSLL,Mutant,,void,4.0,LLLTYLLTILLAFLLSLLILI,0.0334482201046474,LLLTALLTILLAFLLSLLILI_1,1.1001100110011e+17,1.0,-74.2117,-74.279,-74.1522,-234.277,-228.968,-247.461,-374.577,4550.6,3766.63,3778.89,-13.2598,-10.0223,-79.3482,-81.352,-52.9641,-71.2857,60.4041,-40.3406,8.46254,5.34742,4.75348,-7.87154,-68.2683,51.1623,-39.0156,-383.205,8.2586,3.64716,2.9146,1.0,LLLTALLTILLAFLLSLLILI,0.3947091978148702,0.0700484210851749,R,99999900.0,-26.384100000000004,-0.059499999999999886,13.184000000000026,783.9700000000003,-0.03365447657435871,-7.589576131739718e-05,0.016816970037118795,-0.016913657410360085
TALLIALLLALLFVL,Mutant,,void,4.0,LLLTYLLIALLLALLFVLILI,0.0248769780155654,LLLTALLIALLLALLFVLILI_2,1.1001100110011e+17,1.0,-45.0398,-45.0398,-45.0398,-230.184,-230.032,-244.106,-354.951,4564.15,3825.23,3779.76,-13.2392,23.8849,-92.9671,-55.9945,-65.8057,-24.8087,90.6746,-43.5945,7.76211,2.46237,2.32249,21.3737,-15.7577,89.9497,-39.1893,-335.812,8.0,1.00686,0.856105,2.0,LLLTALLIALLLALLFVLILI,0.3893634959697496,0.0136827709621126,R,99999900.0,-27.1614,0.0,13.921999999999997,738.9199999999996,-0.03675824175824178,0.0,0.01884101120554323,-0.017916959887403248
YLLLGALLGVLLITL,Mutant,,clash,15.0,LLLYLLLGALLGVLLSTLILI,0.576041281389992,LLLYLLLGALLGVLLITLILI_0,1.1001100110011e+17,1.0,-58.7653,-59.8407,-58.7653,-231.098,-220.149,-243.67,-355.287,4596.55,3826.52,3685.8,-13.2174,4.76324,-78.6412,-70.534,-52.8511,-72.5626,78.3421,-47.8736,7.59071,7.96058,7.63571,2.49921,-68.8165,69.6202,-43.3499,-350.524,7.0847,6.2212,5.7655,0.0,LLLYLLLGALLGVLLITLILI,0.2562942547133735,0.0417299821875065,G,99999900.0,-25.790099999999995,0.0,12.571999999999974,770.0300000000002,-0.03349233146760514,0.0,0.01632663662454706,-0.01716478578756671
YLLLVTLLAILLSAL,Mutant,,void,16.0,LLLYLLLVTLLAILLSFLILI,-0.0632404520595339,LLLYLLLVTLLAILLSALILI_0,1.1001100110011e+17,1.0,-77.7317,-74.212,-74.212,-234.765,-231.566,-247.523,-375.336,4648.86,4023.76,4043.24,-13.1558,-7.64371,-75.9954,-77.2016,-53.6016,-56.1389,61.9937,-43.494,7.84876,3.28997,2.71988,-7.16961,-50.8571,62.3289,-43.2727,-382.98,8.14,2.54297,1.9779,0.0,LLLYLLLVTLLAILLSALILI,0.2284404501702374,0.0320276759881144,R,99999900.0,-22.393800000000006,-3.5197000000000003,12.75800000000001,625.0999999999995,-0.03582434810430335,-0.005630619100943855,0.020409534474484115,-0.02104591265397538
FALLVILLALLLSTL,Mutant,,void,4.0,LLLFYLLVILLALLLSTLILI,-0.1571677475584235,LLLFALLVILLALLLSTLILI_1,1.1001100110011e+17,1.0,-74.1631,-74.1631,-74.1631,-229.843,-223.672,-243.085,-370.393,4616.6,3980.43,3864.04,-13.1337,-1.57273,-79.5207,-74.1305,-53.1448,-69.1236,51.7332,-49.3915,7.90988,3.85252,3.12851,-3.45541,-63.1365,52.5615,-43.97,-375.266,8.1663,3.06628,2.3547,1.0,LLLFALLVILLALLLSTLILI,0.4517452811213878,0.033845272087909,R,99999900.0,-26.37590000000001,0.0,13.242000000000019,636.1700000000005,-0.041460458682427634,0.0,0.020815190908090617,-0.020644953392960984
TYLLVALLTFLLILL,Mutant,,clash,15.0,LLLTYLLVALLTFLLSLLILI,0.3040284627864776,LLLTYLLVALLTFLLILLILI_0,1.1001100110011e+17,1.0,-72.0964,-64.5665,-58.9752,-236.057,-236.924,-257.536,-366.875,4683.13,3836.41,3743.92,-13.1325,36.5124,-71.8538,-28.8716,-50.3638,-70.5205,53.2528,-46.2902,8.99768,4.26719,3.56599,34.9786,-71.7611,50.3856,-43.3797,-330.363,9.0,4.06622,3.322,0.0,LLLTYLLVALLTFLLILLILI,0.3403144570839755,0.0156020996974047,R,99999900.0,-21.49000000000001,-13.121200000000002,21.479000000000013,846.7200000000003,-0.02538029100529101,-0.015496504157218441,0.02536729969765685,-0.015509849773242625
TALLLALLISLLFVL,Mutant,,void,4.0,LLLTYLLLALLISLLFVLILI,-0.0570422088995269,LLLTALLLALLISLLFVLILI_2,1.1001100110011e+17,1.0,-60.3844,-60.3697,-60.355,-232.791,-231.33,-246.516,-366.041,4598.09,3909.79,3863.66,-13.1246,21.8333,-85.9902,-52.5082,-59.1699,-20.2464,100.306,-42.9257,8.42732,3.07829,3.08288,21.455,-12.3046,96.0681,-35.7827,-342.245,8.782,1.31488,1.2559,2.0,LLLTALLLALLISLLFVLILI,0.4804355749953647,0.0284144757598125,R,99999900.0,-26.820300000000003,-0.029400000000002535,13.724999999999994,688.3000000000002,-0.038966003196280685,-4.271393287810915e-05,0.019940432950748207,-0.01906813889292459
LALLIALLVALLSTL,Mutant,,void,4.0,LLLLYLLIALLVALLSTLILI,-0.0850095497566643,LLLLALLIALLVALLSTLILI_1,1.1001100110011e+17,1.0,-74.2471,-74.2471,-74.2471,-225.103,-222.996,-237.169,-377.823,4506.89,3917.21,3928.92,-13.1133,-11.1475,-91.5855,-91.7268,-66.4067,-18.9465,99.761,-39.2988,8.71977,2.80971,2.80612,-6.84085,-18.5428,92.2619,-41.0527,-384.927,8.8427,1.73677,1.6207,1.0,LLLLALLIALLVALLSTLILI,0.3889346210150559,0.0465877610395611,R,99999900.0,-25.178799999999995,0.0,12.066000000000003,589.6800000000003,-0.042699091032424336,0.0,0.020461945461945456,-0.022237993487993477
LALLFALLVSLLTAL,Mutant,,void,16.0,LLLLALLFALLVSLLTWLILI,-0.0662957360119955,LLLLALLFALLVSLLTALILI_0,1.1001100110011e+17,1.0,-70.9057,-74.1879,-74.1879,-225.168,-217.529,-237.179,-363.479,4529.05,3901.12,3869.18,-13.1011,-1.20935,-80.5056,-72.9706,-52.1114,-44.4264,98.5112,-44.0756,8.26541,6.46297,6.44064,-1.2137,-43.4298,87.7182,-42.5164,-364.688,8.2716,4.85643,4.6722,0.0,LLLLALLFALLVSLLTALILI,0.3742645101858768,0.0750748953454311,R,99999900.0,-28.394199999999998,3.282200000000003,12.010999999999996,627.9300000000003,-0.04521873457232491,0.005227015750163237,0.01912792827225963,-0.020863949803322016
YALLTILLAVLLSLL,Mutant,,void,4.0,LLLYFLLTILLAVLLSLLILI,-0.172823552071009,LLLYALLTILLAVLLSLLILI_2,1.1001100110011e+17,1.0,-73.9922,-73.6335,-74.0843,-238.814,-236.386,-248.999,-377.949,4625.1,3883.48,3896.64,-13.0905,-10.5276,-78.2336,-78.458,-54.8657,-75.3193,55.3736,-43.974,8.25508,5.27333,4.60393,-9.42252,-72.8356,51.2424,-44.0229,-387.553,8.2733,4.34306,3.6117,2.0,LLLYALLTILLAVLLSLLILI,0.4424059880032012,0.0331247901972302,R,99999900.0,-23.3679,0.09210000000000207,10.185000000000002,741.6200000000003,-0.031509263504220474,0.00012418758933146627,0.013733448396753051,-0.01765122299830101
TVLLGALLGILLILL,Mutant,,clash,15.0,LLLTVLLGALLGILLSLLILI,0.1059021776179847,LLLTVLLGALLGILLILLILI_0,1.1001100110011e+17,1.0,-44.983,-51.0142,-44.983,-226.322,-222.374,-240.464,-362.527,4501.87,3707.93,3628.89,-13.0756,56.2642,-104.298,-32.8743,-77.0802,-68.7489,74.5719,-42.9675,7.89973,6.87954,6.49812,55.4568,-63.7261,69.6712,-42.7158,-306.263,7.3752,5.46453,5.0096,0.0,LLLTVLLGALLGILLILLILI,0.2531743133736357,0.0400966979700325,G,99999900.0,-27.217799999999997,0.0,14.141999999999996,793.94,-0.03428193566264453,0.0,0.017812429150817436,-0.01646925460362244
TALLAGLLFLLLSVL,WT,LLLTALLIGLLFLLLSVLILI,clash,,,,LLLTALLAGLLFLLLSVLILI_1,1.1001100110011e+17,1.0,-60.2509,-60.7795,-60.3184,-224.389,-223.403,-244.41,-361.483,4589.87,3669.78,3598.38,-13.0571,-10.8076,-89.9002,-88.1086,-56.755,-71.4599,71.1443,-43.3483,7.22564,6.82346,6.39062,-12.0823,-68.8165,69.6202,-43.3499,-373.591,7.0847,6.2212,5.7655,1.0,LLLTALLAGLLFLLLSVLILI,0.3408570852851822,0.0151994770724244,G,99999900.0,-33.145199999999996,0.06749999999999545,20.020999999999987,920.0899999999997,-0.03602386723037965,7.336238846199336e-05,0.021759827842928403,-0.014191111739069008
YALLVALLITLLALL,Mutant,,void,15.0,LLLYALLVALLITLLFLLILI,-0.133799492606788,LLLYALLVALLITLLALLILI_1,1.1001100110011e+17,1.0,-59.0588,-51.4548,-58.8507,-230.231,-230.187,-247.054,-362.709,4636.58,4032.69,3931.37,-13.0166,2.78582,-86.4356,-78.281,-56.804,-36.7767,91.8203,-46.1494,8.20833,4.41225,4.28955,-7.51973,-28.1339,95.9421,-37.7472,-370.331,8.6579,3.67227,3.6114,1.0,LLLYALLVALLITLLALLILI,0.441972040636132,0.0830094172049338,R,99999900.0,-29.63159999999999,-0.20809999999999462,16.823000000000008,603.8899999999999,-0.04906787660004305,-0.00034459918197021755,0.027857722432893427,-0.021554587756048293
VYLLLALLTSLLAIL,Mutant,,void,15.0,LLLVYLLLALLTSLLFILILI,-0.0536110831007455,LLLVYLLLALLTSLLAILILI_0,1.1001100110011e+17,1.0,-80.8095,-80.8278,-74.3239,-229.491,-223.469,-242.944,-376.494,4565.73,3881.04,4007.83,-13.0005,-6.15453,-79.1938,-78.3514,-59.2259,-19.5629,103.424,-46.1107,8.57429,3.39665,3.44801,-6.28268,-22.5179,92.1154,-45.0,-382.648,8.7339,2.31327,2.195,0.0,LLLVYLLLALLTSLLAILILI,0.4577468731149379,0.055310618640129,R,99999900.0,-19.967899999999993,-6.485600000000005,13.452999999999975,684.6899999999996,-0.029163417020841555,-0.009472315938599964,0.019648307993398447,-0.01898742496604304
LILLSVLLAALLTFL,Mutant,,void,12.0,LLLLILLSVLLAYLLTFLILI,0.1074216530463065,LLLLILLSVLLAALLTFLILI_0,1.1001100110011e+17,1.0,-72.5678,-74.1097,-74.101,-231.799,-217.009,-241.36,-370.336,4575.84,4054.85,3820.78,-12.9775,-1.47593,-78.9469,-80.6936,-54.8752,-71.8204,65.7506,-50.0803,8.72772,6.14939,5.63565,-1.36042,-71.7611,50.3856,-43.3797,-371.812,9.0,4.06622,3.322,0.0,LLLLILLSVLLAALLTFLILI,0.3128893594603508,0.0225604751848295,R,99999900.0,-24.0717,1.5331999999999937,9.561000000000007,520.9900000000002,-0.04620376590721509,0.0029428587880765333,0.018351599838768502,-0.024909307280370052
VTLLLALALLLFSLL,Mutant,,void,10.0,LLLVTLLLALLLLLFSLLILI,0.025989106453476,LLLVTLLLALALLLFSLLILI_0,1.1001100110011e+17,1.0,-63.6377,-64.7297,-60.4201,-221.604,-219.164,-242.383,-368.651,4628.75,3685.62,3663.05,-12.9763,-0.983165,-96.3846,-85.7402,-65.8473,-107.083,24.3482,21.5949,9.33616,5.84944,4.71466,3.53409,-109.546,18.722,21.6774,-369.634,9.0601,5.45937,4.2402,0.0,LLLVTLLLALALLLFSLLILI,0.2736126228226561,0.0524587691439539,L,99999900.0,-30.537300000000002,-3.2176000000000045,20.778999999999996,943.1300000000001,-0.03237867526215898,-0.0034116187588137414,0.02203195741838346,-0.013758760722275824
VALLAALLFTLLSLL,Mutant,,void,7.0,LLLVALLIALLFTLLSLLILI,0.1638325682301427,LLLVALLAALLFTLLSLLILI_0,1.1001100110011e+17,1.0,-73.3376,-74.1282,-74.1282,-225.591,-219.213,-237.973,-365.869,4557.68,4017.3,3797.03,-12.9741,-2.82331,-79.9142,-75.3506,-53.768,-29.6431,107.072,-45.3019,9.08901,5.40118,5.50726,-2.8157,-35.9255,91.0265,-40.2111,-368.692,8.8691,4.1774,4.0428,0.0,LLLVALLAALLFTLLSLLILI,0.3663026543813064,0.0195973500767681,R,99999900.0,-26.146199999999993,0.790600000000012,12.382000000000005,540.3800000000001,-0.04838484029756836,0.0014630445242237162,0.022913505311077394,-0.024009215737073906
TLLLGLLLIVLLASL,Mutant,,clash,11.0,LLLTLLLGLLLGVLLASLILI,0.817764286525001,LLLTLLLGLLLIVLLASLILI_2,1.1001100110011e+17,1.0,-60.2643,-64.9805,-60.2643,-238.34,-223.898,-241.977,-381.199,4597.09,4015.08,3589.66,-12.9639,733925.0,-95.5586,733833.0,-78.9585,-90.9278,70.0108,-37.9213,10.2234,9.59063,9.14079,726674.0,-97.764,38.4753,-38.0973,733544.0,7.04,6.35877,5.4359,2.0,LLLTLLLGLLLIVLLASLILI,0.2539373861388247,0.0640809247444216,G,99999900.0,-16.600099999999998,0.0,3.6370000000000005,582.0100000000002,-0.028522018522018508,0.0,0.006249033521760793,-0.022274359547086814
YALLTALLLSLLFVL,Mutant,,void,4.0,LLLYWLLTALLLSLLFVLILI,-0.0434037537378142,LLLYALLTALLLSLLFVLILI_2,1.1001100110011e+17,1.0,-74.1884,-74.2025,-74.159,-234.868,-230.85,-250.133,-362.174,4666.8,3948.15,3844.24,-12.9613,15.0689,-66.0788,-42.0528,-37.8825,-21.9065,90.9267,-46.9235,7.83221,2.06107,1.92497,15.6489,-15.7577,89.9497,-39.1893,-347.105,8.0,1.00686,0.856105,2.0,LLLYALLTALLLSLLFVLILI,0.2458221101958292,0.0132525397407053,R,99999900.0,-28.1963,-0.02939999999999543,15.265000000000015,718.6500000000001,-0.03923509357823697,-4.091003965768514e-05,0.021241216169206167,-0.018035622347457033
YALLFLLLGTLLSAL,Mutant,,void,16.0,LLLYALLFLLLGTLLSILILI,-0.0529717868367282,LLLYALLFLLLGTLLSALILI_0,1.1001100110011e+17,1.0,-76.8273,-71.3173,-74.0819,-229.273,-222.991,-246.034,-354.506,4652.8,3988.83,3687.34,-12.9609,275.929,-61.3666,215.732,-34.3897,-64.1677,60.4819,-48.5818,7.82397,4.29021,3.69744,234.051,-60.5958,60.1642,-40.2827,-78.5764,7.5,3.71154,3.114,0.0,LLLYALLFLLLGTLLSALILI,0.2480841897764706,0.0227399994756468,G,99999900.0,-26.9769,-2.7453999999999894,16.760999999999996,663.9700000000003,-0.040629697124870086,-0.004134825368616034,0.025243610404084505,-0.019520309652544535
TVLLALLLAFLLSIL,WT,LLLTVLLILLLAFLLSILILI,clash,,,,LLLTVLLALLLAFLLSILILI_0,1.1001100110011e+17,1.0,-60.3188,-60.3188,-60.3188,-231.09,-226.731,-245.024,-370.674,4555.9,3893.62,3707.62,-12.9413,-8.55429,-92.2062,-92.1788,-65.3314,-84.5779,49.7519,-33.0767,8.90744,5.9032,5.14947,-8.49643,-79.0843,48.947,-35.0,-379.228,8.4738,4.97049,4.20469,0.0,LLLTVLLALLLAFLLSILILI,0.3546340360604454,0.0770821263843277,R,99999900.0,-26.874799999999993,0.0,13.933999999999997,662.2799999999997,-0.04057921120976023,0.0,0.021039439511988892,-0.019540526665458725
YVLLAILLILLLSFL,Mutant,,clash,11.0,LLLYVLLAILLTLLLSFLILI,-0.0148280050181555,LLLYVLLAILLILLLSFLILI_0,1.1001100110011e+17,1.0,-60.4293,-60.4293,-60.4293,-247.208,-239.53,-254.443,-367.537,4689.72,4185.63,3832.94,-12.934,51.1722,-72.8341,-16.4055,-52.6654,-70.738,62.0111,-34.2716,9.63838,5.48219,4.91236,53.588,-76.3191,47.1656,-35.0895,-316.365,8.6159,4.31522,3.5227,0.0,LLLYVLLAILLILLLSFLILI,0.2860434894489829,0.0082968582418071,R,99999900.0,-20.16870000000001,0.0,7.235000000000014,504.09000000000015,-0.04001011724096888,0.0,0.014352595766628997,-0.025658116606161588
YILLFALLTVLLSAL,Mutant,,void,16.0,LLLYILLFALLTVLLSLLILI,0.0802961872542145,LLLYILLFALLTVLLSALILI_2,1.1001100110011e+17,1.0,-74.3044,-74.3044,-74.3044,-235.826,-236.762,-248.688,-358.433,4653.01,4095.59,3957.39,-12.9283,-10.6228,-61.2308,-57.9895,-35.4404,-44.7878,89.0585,-47.1504,8.88693,5.24107,5.07694,-7.8125,-41.9569,84.1671,-45.0,-366.239,9.0,4.15609,3.9186,2.0,LLLYILLFALLTVLLSALILI,0.1772936189714741,0.0634417460767173,R,99999900.0,-25.790400000000005,0.0,12.861999999999995,557.4200000000001,-0.04626744644971476,0.0,0.0230741631086075,-0.02319310394316673
YFLLAVLLILLLGTL,Mutant,,clash,11.0,LLLYFLLAVLLGLLLGTLILI,0.0354577145782323,LLLYFLLAVLLILLLGTLILI_1,1.1001100110011e+17,1.0,-58.7556,-58.7556,-58.7556,-242.614,-236.934,-250.804,-348.944,4763.91,4198.72,3624.02,-12.9271,88798.4,-60.5015,88745.1,-39.3846,-70.8393,47.7768,-46.9259,9.93983,3.57576,2.79242,81395.9,-71.1719,34.5088,-41.0473,88411.7,6.9662,1.83447,0.852102,1.0,LLLYFLLAVLLILLLGTLILI,0.261156291886638,0.1185588430664074,G,99999900.0,-21.1169,0.0,8.189999999999998,565.1899999999996,-0.03736247987402469,0.0,0.014490702241724029,-0.022872131495603264
YALLTILLSILLVLL,Mutant,,clash,8.0,LLLYALLTTLLSILLVLLILI,-0.0578319929726847,LLLYALLTILLSILLVLLILI_2,1.1001100110011e+17,1.0,-74.2982,-74.39,-74.2982,-242.601,-232.216,-253.103,-386.479,4645.71,4183.47,3869.59,-12.9197,29.4318,-82.4995,-50.4414,-59.0776,-73.5019,82.7973,-42.3929,9.01996,8.70292,8.44488,23.2656,-66.0867,73.4773,-35.8299,-363.496,8.3793,6.33244,5.9346,2.0,LLLYALLTILLSILLVLLILI,0.4032046348117334,0.0348154144996461,R,99999900.0,-23.4219,0.0,10.50200000000001,462.2399999999998,-0.05067043094496368,0.0,0.022719799238490858,-0.027950199030806522
YLLLATLLAALLTSL,Mutant,,void,7.0,LLLYLLLFTLLAALLTSLILI,-0.1080188301331993,LLLYLLLATLLAALLTSLILI_1,1.1001100110011e+17,1.0,-80.7379,-80.7379,-88.0216,-230.17,-224.98,-244.561,-377.843,4585.06,3926.75,3780.53,-12.8874,2702.7,-79.8227,2630.57,-45.2602,-40.1333,78.2636,-44.8032,8.48084,3.08558,2.75954,1620.31,-41.3832,66.3868,-39.1389,2313.36,8.4387,1.6697,1.1655,1.0,LLLYLLLATLLAALLTSLILI,0.2150260514107008,0.0171861953216745,R,99999900.0,-34.5625,7.28370000000001,14.39100000000002,658.3100000000004,-0.052501860825446944,0.011064240251553229,0.021860521638741644,-0.019576491318679636
TYLLVALLIALLFLL,WT,LLLTYLLVALLIILLFLLILI,clash,,,,LLLTYLLVALLIALLFLLILI_1,1.1001100110011e+17,1.0,-45.0773,-45.0773,-45.0773,-235.598,-234.946,-253.821,-351.534,4687.19,3738.24,3643.59,-12.8758,13.6395,-83.7345,-57.8706,-52.6356,-19.8465,93.0203,-44.0094,8.26671,2.03471,1.93002,13.582,-14.8656,89.0751,-39.4069,-296.506,8.0,0.754973,0.591099,1.0,LLLTYLLVALLIALLFLLILI,0.3816497135040333,0.0373391006579907,R,99999900.0,-31.0989,0.0,18.222999999999985,948.9499999999998,-0.032771905790610685,0.0,0.0192033299963117,-0.013568470414668847
YVLLTALLALLLAFL,Mutant,,void,8.0,LLLYVLLTILLALLLAFLILI,0.0331702531596688,LLLYVLLTALLALLLAFLILI_1,1.1001100110011e+17,1.0,-58.8866,-58.8866,-58.8866,-238.765,-224.117,-247.448,-348.143,4654.54,4175.67,3805.11,-12.8729,1190.26,-63.364,1125.13,-41.8081,-48.2295,80.5972,-48.0695,9.70197,4.61504,4.324,617.999,-53.6458,55.2229,-41.7266,832.511,8.6181,2.00196,1.3303,1.0,LLLYVLLTALLALLLAFLILI,0.3032688967246378,0.0342775039948581,R,99999900.0,-21.555899999999994,0.0,8.683000000000021,478.8699999999999,-0.04501409568358845,0.0,0.0181322697182952,-0.026881825965293298
YSLLVALLATLLALL,Mutant,,void,15.0,LLLYSLLVALLATLLFLLILI,-0.05500306372341,LLLYSLLVALLATLLALLILI_2,1.1001100110011e+17,1.0,-69.9078,-69.1055,-58.7878,-222.979,-220.26,-248.594,-361.279,4648.54,3886.47,3809.87,-12.8615,-10.223,-81.2537,-82.1368,-53.897,-55.4655,76.0699,-47.0022,8.04995,5.08927,4.73032,-7.27925,-54.4223,72.8251,-42.2813,-366.794,8.0,4.49473,4.08711,2.0,LLLYSLLVALLATLLALLILI,0.3230941584282771,0.028888118217556,R,99999900.0,-27.356699999999996,-11.119999999999997,25.61499999999998,762.0700000000002,-0.03589788339653836,-0.014591835395698551,0.03361239781122466,-0.016877058537929583
YILLSVLLILLLTFL,Mutant,,clash,11.0,LLLYILLSVLLALLLTFLILI,0.0271494927287883,LLLYILLSVLLILLLTFLILI_1,1.1001100110011e+17,1.0,-70.7738,-74.2881,-74.179,-249.691,-245.927,-256.968,-378.788,4686.58,4059.67,3831.95,-12.8603,144.822,-71.1828,86.2498,-47.6406,-81.9341,59.5321,-33.8527,9.67985,6.82695,6.21993,116.633,-73.6754,55.7586,-37.7359,-305.438,8.8202,5.07872,4.4151,1.0,LLLYILLSVLLILLLTFLILI,0.1601439806429189,0.0232068942705405,R,99999900.0,-23.5422,3.4052000000000078,7.277000000000015,626.9099999999999,-0.03755275876920133,0.005431720661657987,0.011607726786939141,-0.020513789858193368
TVLLAALLFALLSIL,Mutant,,void,7.0,LLLTVLLLALLFALLSILILI,-0.0312249787246124,LLLTVLLAALLFALLSILILI_1,1.1001100110011e+17,1.0,-62.2228,-62.0263,-60.4169,-225.282,-223.974,-241.294,-358.252,4533.24,3823.43,3690.71,-12.8476,-11.5135,-83.5947,-83.7655,-56.542,-34.2564,81.4663,-44.7373,7.89816,2.63642,2.35842,-9.00805,-31.2213,81.346,-45.0,-367.304,8.0964,2.16491,1.8851,1.0,LLLTVLLAALLFALLSILILI,0.4012119777980463,0.0139551432030735,R,99999900.0,-27.0527,-1.8059000000000012,16.012,709.81,-0.038112593510939555,-0.002544201969541147,0.02255814936391429,-0.018100054944280866
YALLLTLLVALLSFL,WT,LLLYALLLTLLVILLSFLILI,clash,,,,LLLYALLLTLLVALLSFLILI_0,1.1001100110011e+17,1.0,-74.2477,-74.2477,-74.2477,-235.268,-229.901,-249.114,-362.17,4694.44,4169.71,3959.34,-12.8174,-7.33622,-65.4717,-65.3572,-38.8076,-45.2015,87.4175,-44.1181,8.3675,5.08159,4.89286,-7.36363,-42.0221,81.2532,-43.3619,-369.506,8.4067,3.7725,3.4913,0.0,LLLYALLLTLLVALLSFLILI,0.2539675354075375,0.0522916988677922,R,99999900.0,-26.664099999999998,0.0,13.846000000000004,524.7299999999996,-0.0508148952794771,0.0,0.026386903740971576,-0.024426657519105083
TALLFLLLGALLASL,Mutant,,void,12.0,LLLTALLFLLLGVLLASLILI,-0.0636534875370026,LLLTALLFLLLGALLASLILI_2,1.1001100110011e+17,1.0,-64.596,-64.6516,-60.3462,-220.248,-220.884,-238.322,-352.111,4560.47,3658.44,3547.63,-12.7992,833.259,-80.0661,766.684,-53.4424,-64.7778,58.2811,-44.291,7.67177,4.08462,3.45884,788.459,-60.5958,60.1642,-40.2827,448.513,7.5,3.71154,3.114,2.0,LLLTALLFLLLGALLASLILI,0.9649501881708472,0.0476000396810613,G,99999900.0,-26.623700000000007,-4.2498000000000005,18.074000000000012,902.0300000000002,-0.029515315455140075,-0.004711373235923417,0.020037027593317304,-0.014189328514572684
AFLLAILLTVLLSLL,Mutant,,void,3.0,LLLYFLLAILLTVLLSLLILI,-0.1954249674679671,LLLAFLLAILLTVLLSLLILI_0,1.1001100110011e+17,1.0,-72.0165,-71.8264,-74.3011,-228.591,-219.718,-243.456,-370.112,4598.8,3901.4,3906.87,-12.7808,-5.14528,-82.2856,-83.7132,-52.3545,-76.7486,69.8542,-43.5663,8.95469,7.44261,6.99043,-5.28132,-79.0284,55.7683,-40.9071,-375.257,8.9529,5.88298,5.2195,0.0,LLLAFLLAILLTVLLSLLILI,0.3617080232980823,0.0158339515730184,R,99999900.0,-29.9311,2.2846000000000117,14.86499999999998,697.4000000000001,-0.042918124462288494,0.003275881846859781,0.021314883854316,-0.018326355032979635
LYFLLIVLTALLLSL,Mutant,,clash,8.0,LLLLYFLLAVLTALLLSLILI,0.0003273320934141,LLLLYFLLIVLTALLLSLILI_0,1.1001100110011e+17,1.0,-74.2001,-74.1241,-74.1902,-231.087,-222.52,-248.325,-363.932,4680.3,3709.88,3619.07,-12.7697,211.739,-71.4151,144.45,-41.4172,-1.8729,110.615,21.5694,10.1522,1.71401,1.87324,184.914,-10.3153,94.584,18.0,-152.193,9.3619,0.81614,0.734901,0.0,LLLLYFLLIVLTALLLSLILI,0.3050743692950664,0.0885193322203661,L,99999900.0,-29.997899999999994,-0.009900000000001796,17.238,970.4200000000001,-0.030912285402196978,-1.0201768306508312e-05,0.017763442633086702,-0.013158941489252075
LIVLLALLLILLSTL,Mutant,,clash,4.0,LLLLAVLLALLLILLSTLILI,0.0167467832306528,LLLLIVLLALLLILLSTLILI_2,1.1001100110011e+17,1.0,-74.1912,-74.1912,-74.1912,-246.058,-227.614,-244.355,-397.23,4548.39,4120.2,3674.52,-12.7689,8398.7,-89.7505,8303.27,-78.6843,-53.2124,82.1714,28.497,11.3656,5.57501,5.30758,8047.21,-59.2256,60.857,18.0467,8001.47,9.5,3.59954,3.0124,2.0,LLLLIVLLALLLILLSTLILI,0.2221880206896115,0.0418951070285516,L,99999900.0,-11.06620000000001,0.0,-1.703000000000003,428.1900000000005,-0.025844134613139016,0.0,-0.003977206380345176,-0.0298206403699292
AALLVALLSLLLFTL,Mutant,,void,3.0,LLLYALLVALLSLLLFTLILI,-0.0628800358859322,LLLAALLVALLSLLLFTLILI_1,1.1001100110011e+17,1.0,-74.288,-76.2907,-74.288,-227.562,-224.817,-239.582,-366.256,4528.86,3750.69,3723.97,-12.7383,-9.66865,-77.1439,-74.8169,-52.3861,-69.6119,81.8625,-47.91,8.01823,7.99322,7.72116,-6.73425,-69.5216,69.2117,-44.462,-373.876,8.1432,6.27182,5.81,1.0,LLLAALLVALLSLLLFTLILI,0.4205975703531558,0.0232147631661016,R,99999900.0,-24.757800000000003,0.0,12.019999999999982,778.1699999999996,-0.031815413084544525,0.0,0.015446496266882543,-0.016369559350784543
LAILLLVLATLLFSL,Mutant,,void,4.0,LLLLYILLLVLATLLFSLILI,-0.2344093074300483,LLLLAILLLVLATLLFSLILI_1,1.1001100110011e+17,1.0,-74.2374,-74.2374,-74.2374,-232.036,-229.711,-242.015,-370.381,4560.63,3652.92,3582.31,-12.703,463.449,-76.8108,397.016,-54.1287,-55.1586,81.2427,19.9484,9.71642,5.74155,5.46019,429.413,-62.5739,62.4261,19.1703,94.3279,9.1885,4.31361,3.75,1.0,LLLLAILLLVLATLLFSLILI,0.4449617878542645,0.0593369055906571,L,99999900.0,-22.6821,0.0,9.978999999999985,907.71,-0.02498826717784314,0.0,0.010993599277302205,-0.013994557733196725
FALLVALLISLLTLL,Mutant,,void,4.0,LLLFYLLVALLISLLTLLILI,0.0087374830586294,LLLFALLVALLISLLTLLILI_1,1.1001100110011e+17,1.0,-74.237,-74.237,-74.237,-230.767,-230.153,-243.081,-371.128,4608.73,3939.16,3856.65,-12.702,-11.0464,-78.8257,-77.7839,-53.8102,-24.6191,97.7041,-37.9049,8.50999,3.38291,3.34847,-10.2244,-21.6189,95.7091,-37.3116,-381.922,8.5753,2.66356,2.5992,1.0,LLLFALLVALLISLLTLLILI,0.344306828625864,0.0407720169249874,R,99999900.0,-25.015499999999996,0.0,12.313999999999993,669.5699999999997,-0.037360544827277214,0.0,0.018390907597413263,-0.01897038397777679
SALLFTLLAILLTLL,Mutant,,void,4.0,LLLSYLLFTLLAILLTLLILI,-0.1308991598968816,LLLSALLFTLLAILLTLLILI_1,1.1001100110011e+17,1.0,-69.5072,-69.7803,-72.6833,-230.702,-230.781,-249.527,-373.624,4560.33,3849.27,3812.65,-12.7005,-12.3915,-86.1156,-85.4543,-51.4137,-65.3774,53.8172,-44.4271,7.87577,3.57193,2.87919,-10.074,-61.6436,55.2704,-42.3147,-382.699,8.0426,3.20804,2.5371,1.0,LLLSALLFTLLAILLTLLILI,0.4434264080539741,0.0433008092214308,R,99999900.0,-34.7019,3.1761000000000053,18.82499999999999,711.06,-0.04880305459454899,0.004466711669901282,0.026474559108935942,-0.01786136191038731
AFLLGTLLIVLLSLL,Mutant,,clash,11.0,LLLAFLLGTLLGVLLSLLILI,0.8610087806084223,LLLAFLLGTLLIVLLSLLILI_2,1.1001100110011e+17,1.0,-74.0991,-70.6146,-74.0991,-237.056,-225.304,-242.252,-368.786,4616.86,3884.41,3569.79,-12.6614,26175.5,-70.2925,26102.6,-52.4353,-84.7083,61.7084,-38.6783,9.2536,7.53688,6.96251,24175.3,-78.9988,51.5632,-42.618,25806.7,6.5,5.31085,4.5843,2.0,LLLAFLLGTLLIVLLSLLILI,0.2813203785991836,0.051599928963288,G,99999900.0,-17.857200000000006,0.0,5.195999999999998,732.4499999999998,-0.024380094204382564,0.0,0.007093999590415727,-0.01728636767014814
VYLLTALLLALLSFL,WT,LLLVYLLTALLLILLSFLILI,clash,,,,LLLVYLLTALLLALLSFLILI_2,1.1001100110011e+17,1.0,-75.5374,-79.9384,-74.1591,-241.076,-234.939,-244.085,-361.94,4637.01,4188.87,3680.76,-12.6588,995.694,-57.9854,948.631,-43.6955,-15.4012,105.744,-34.804,11.132,3.08568,3.17184,956.88,-12.6474,89.5679,-35.0,932.777,8.0,0.488782,0.332301,2.0,LLLVYLLTALLLALLSFLILI,0.3389715148969627,0.0500682694837404,R,99999900.0,-14.289899999999996,-1.37830000000001,3.0090000000000146,448.1400000000003,-0.0318871334850716,-0.003075601374570467,0.0067144196010175666,-0.02824742268041235
AYLLTLLLAILLSAL,Mutant,,void,16.0,LLLAYLLTLLLAILLSFLILI,-0.1171173232377444,LLLAYLLTLLLAILLSALILI_1,1.1001100110011e+17,1.0,-81.9603,-81.6209,-74.1339,-230.469,-228.681,-244.191,-373.658,4591.14,3896.55,3912.37,-12.6571,-11.5696,-73.8851,-74.9253,-55.3326,-36.2852,76.5011,-47.5579,8.84024,2.27043,1.91795,-8.2693,-35.2789,74.0431,-44.1963,-384.86,8.7202,1.78765,1.3983,1.0,LLLAYLLTLLLAILLSALILI,0.4163904980068637,0.0155872052128791,R,99999900.0,-18.552499999999995,-7.826400000000007,13.722000000000008,694.5900000000001,-0.02671000158366805,-0.011267654299658798,0.01975553923897552,-0.01822240458399919
LTLLAILLAVLLSFL,Mutant,,clash,8.0,LLLLTLLATLLAVLLSFLILI,0.1062563936219,LLLLTLLAILLAVLLSFLILI_1,1.1001100110011e+17,1.0,-67.6032,-65.3934,-60.3732,-228.087,-224.687,-242.337,-362.944,4572.3,4018.83,3814.31,-12.6549,39.7697,-79.9085,-33.0933,-60.2337,-58.9303,83.3636,-38.1158,9.05525,6.59364,6.3441,30.4252,-54.6721,77.5326,-37.7744,-331.235,8.1371,5.16771,4.8307,1.0,LLLLTLLAILLAVLLSFLILI,0.2711014023526871,0.0692424787781703,R,99999900.0,-19.674800000000005,-7.230000000000004,14.25,553.4700000000003,-0.03554808752055214,-0.013063038647081145,0.025746652935118422,-0.02286465391078106
FLLLTILVALLLSLL,WT,LLLFLLLTILVILLLSLLILI,clash,,,,LLLFLLLTILVALLLSLLILI_0,1.1001100110011e+17,1.0,-70.4896,-70.4896,-74.1594,-227.131,-220.86,-245.92,-383.004,4631.38,3653.07,3728.58,-12.6342,-5.24877,-98.0174,-96.9034,-62.9247,-107.265,15.2804,24.623,9.45456,4.65258,3.38179,-5.28834,-108.506,6.15667,24.8812,-388.253,9.4921,3.60705,2.1994,0.0,LLLFLLLTILVALLLSLLILI,0.3456241897935537,0.0691514388543497,L,99999900.0,-35.092699999999994,3.6698000000000093,18.788999999999987,978.31,-0.03587073626968956,0.0037511627193834362,0.019205568786989795,-0.01291431141458229
YSLLFILLAILLTLL,Mutant,,clash,8.0,LLLYSLLFVLLAILLTLLILI,0.086337735177941,LLLYSLLFILLAILLTLLILI_2,1.1001100110011e+17,1.0,-70.8321,-68.5833,-58.8512,-233.071,-228.587,-255.297,-363.305,4696.06,4036.24,3871.1,-12.6303,657.028,-72.0321,590.893,-49.1566,-57.4715,78.9571,-41.6493,9.41964,5.77993,5.46428,641.302,-63.3956,71.5364,-35.2166,293.722,8.8874,5.66675,5.2398,2.0,LLLYSLLFILLAILLTLLILI,0.1633740435677091,0.1008032856394436,R,99999900.0,-22.875500000000002,-11.980899999999998,22.226,659.8200000000006,-0.03466930374950741,-0.0181578309235852,0.033684944378769933,-0.019142038737837576
TYLLAVLLAILLSLL,Mutant,,void,7.0,LLLTYLLFVLLAILLSLLILI,-0.05052148150867,LLLTYLLAVLLAILLSLLILI_0,1.1001100110011e+17,1.0,-77.0895,-76.9262,-60.3872,-230.677,-230.733,-252.361,-378.075,4603.65,3709.49,3812.92,-12.5914,-11.5295,-82.9001,-81.9457,-65.3272,-66.4826,63.0194,-42.188,8.35947,4.98,4.42529,-11.2825,-66.1502,63.0091,-42.2689,-389.605,8.387,4.92876,4.3739,0.0,LLLTYLLAVLLAILLSLLILI,0.3477329283388531,0.0545435537901057,R,99999900.0,-17.57289999999999,-16.7023,21.683999999999997,894.1599999999999,-0.019652970385613304,-0.018679319137514545,0.024250693388207928,-0.014081819808535387
YALLTVLLALLFSLL,Mutant,,void,4.0,LLLYWLLTVLLALLFSLLILI,-0.0010337468982519,LLLYALLTVLLALLFSLLILI_1,1.1001100110011e+17,1.0,-70.6713,-70.6713,-74.2235,-230.275,-222.931,-250.114,-363.145,4655.89,3924.46,3864.0,-12.5856,89.2147,-74.784,19.6719,-38.8074,-104.964,20.8634,28.0106,9.03368,5.06112,3.87407,-3.90407,-107.621,8.37296,28.0,-366.02,9.5,3.7735,2.39909,1.0,LLLYALLTVLLALLFSLLILI,0.4482396573330727,0.0117923433276125,L,99999900.0,-35.976600000000005,3.552199999999999,19.839,731.4300000000003,-0.04918666174480127,0.004856513952121184,0.02712357983675812,-0.017206841392887896
YWLLTILLLSLLFVL,Mutant,,clash,8.0,LLLYWLLTALLLSLLFVLILI,-0.0317790639015128,LLLYWLLTILLLSLLFVLILI_0,1.1001100110011e+17,1.0,-74.1883,-74.2324,-74.1601,-251.819,-241.611,-261.169,-375.534,4781.1,4195.0,3672.87,-12.5673,926.653,-62.0938,866.962,-40.2046,-13.5329,109.941,-50.2645,10.1082,3.372,3.52112,726.244,-15.7577,89.9497,-39.1893,551.119,8.0,1.00686,0.856105,0.0,LLLYWLLTILLLSLLFVLILI,0.2341974203595278,0.032173063440945,R,99999900.0,-21.889200000000002,-0.028199999999998226,9.349999999999994,586.1000000000004,-0.037347210373656355,-4.811465620201025e-05,0.01595290905988737,-0.021442245350622745
SYLLTVLLGTLLIFL,Mutant,,clash,15.0,LLLSYLLTVLLGTLLAFLILI,0.0630236756281135,LLLSYLLTVLLGTLLIFLILI_0,1.1001100110011e+17,1.0,-84.9478,-85.619,-72.5251,-234.804,-236.199,-257.494,-365.401,4615.66,4039.29,3679.15,-12.5599,1576.71,-58.2084,1533.13,-35.381,-45.9526,50.9231,-54.8163,8.89749,0.267501,-0.468653,1256.46,-49.156,60.31,-42.3523,1211.31,7.5,2.01525,1.4199,0.0,LLLSYLLTVLLGTLLIFLILI,0.2521633997129917,0.02752719990411,G,99999900.0,-22.827399999999997,-12.422700000000006,22.690000000000026,576.3699999999999,-0.03960546176934955,-0.021553342470982197,0.039367073234207246,-0.021791384006801192
AYLLIVLLGLLLGFL,Mutant,,clash,7.0,LLLAYLLGVLLGLLLGFLILI,0.7504981868773597,LLLAYLLIVLLGLLLGFLILI_0,1.1001100110011e+17,1.0,-44.9046,-54.1902,-44.9046,-227.684,-223.426,-243.317,-336.833,4617.18,3733.96,3443.4,-12.5517,5340.24,-76.7965,5281.02,-48.6121,-74.0829,47.2044,-38.258,8.52315,3.98504,3.1931,3788.73,-71.2876,45.5524,-38.516,5003.4,6.6243,3.34271,2.526,0.0,LLLAYLLIVLLGLLLGFLILI,0.400375589143232,0.1313002479264768,G,99999900.0,-28.184399999999997,0.0,15.63300000000001,883.2200000000003,-0.03191096216118293,0.0,0.01770000679332443,-0.01421129503407984
YSLLAALLFALLTIL,Mutant,,void,7.0,LLLYSLLLALLFALLTILILI,-0.0489248103318714,LLLYSLLAALLFALLTILILI_1,1.1001100110011e+17,1.0,-72.3684,-62.1425,-58.8896,-228.013,-225.368,-249.506,-345.091,4679.21,3945.75,3737.66,-12.528,885.622,-57.2382,828.041,-36.6952,-53.2023,80.7364,-41.9297,8.6542,5.37975,5.09079,824.343,-54.1112,74.7115,-35.0,527.475,8.1658,4.70273,4.3234,1.0,LLLYSLLAALLFALLTILILI,0.5182325641164346,0.0836489851227733,R,99999900.0,-20.543,-13.478799999999993,21.492999999999995,733.46,-0.02800834401330679,-0.018377007607776826,0.029303574837073586,-0.017080686063316336
LAVLLALLTILYSLL,Mutant,,void,4.0,LLLLFVLLALLTILYSLLILI,-0.0697059678204305,LLLLAVLLALLTILYSLLILI_2,1.1001100110011e+17,1.0,-74.2659,-74.2659,-74.2659,-241.814,-230.522,-244.168,-378.148,4505.57,4014.04,3897.87,-12.5002,0.0243821,-74.5685,-73.3362,-59.7149,-46.8187,63.9144,28.7299,9.34725,2.15125,1.60997,-2.1545,-41.1626,59.5701,26.296,-381.628,9.4713,0.716349,0.1099,2.0,LLLLAVLLALLTILYSLLILI,0.1572437670331718,0.0610692197004498,L,99999900.0,-14.8536,0.0,2.3540000000000134,491.52999999999975,-0.030219111753097487,0.0,0.0047891278253616556,-0.025431204606026093
FALLLILTALLAVLL,Mutant,,void,14.0,LLLFALLLILTALLYVLLILI,0.0018412059679657,LLLFALLLILTALLAVLLILI_2,1.1001100110011e+17,1.0,-58.8808,-58.913,-58.8808,-225.031,-224.453,-241.001,-356.798,4554.48,3743.24,3754.13,-12.4649,-2.58829,-85.3513,-76.0202,-56.9162,-110.801,20.8077,19.7896,9.48557,5.92918,4.7413,0.46563,-115.762,1.87941,19.6398,-355.318,9.2964,4.11802,2.64621,2.0,LLLFALLLILTALLAVLLILI,0.3987599568558333,0.0255472469861971,L,99999900.0,-28.43509999999999,0.0,15.969999999999999,811.2399999999998,-0.03505140279078941,0.0,0.01968591292342587,-0.01536524333119669
TALLIALLLVLLSWL,WT,LLLTALLIALLLILLSWLILI,clash,,,,LLLTALLIALLLVLLSWLILI_0,1.1001100110011e+17,1.0,-60.3014,-69.1362,-60.3799,-233.388,-232.33,-250.167,-383.318,4621.66,3821.45,3875.73,-12.4508,-6.77085,-102.08,-88.6226,-72.7711,-39.1742,88.3346,-38.9234,8.83264,4.3013,4.12632,-8.49888,-33.2071,91.2243,-42.4294,-390.089,9.0,3.79634,3.6647,0.0,LLLTALLIALLLVLLSWLILI,0.3678882905789093,0.009233471860143,R,99999900.0,-29.308899999999994,0.07849999999999824,16.778999999999996,800.21,-0.03662651054098298,9.809924894714916e-05,0.020968245835468184,-0.015559415653390984
YVLLTILLAALLSFL,Mutant,,void,12.0,LLLYVLLTILLALLLSFLILI,0.1578973446338452,LLLYVLLTILLAALLSFLILI_1,1.1001100110011e+17,1.0,-74.2249,-72.0612,-74.2249,-239.844,-231.551,-249.463,-359.677,4633.96,4099.1,3940.68,-12.4491,-4.29612,-58.0574,-60.3618,-35.9897,-63.1492,69.2569,-43.5763,9.23909,5.32206,4.86091,-2.48772,-57.818,66.41,-40.684,-362.304,9.0,4.13805,3.6342,1.0,LLLYVLLTILLAALLSFLILI,0.2024670036192305,0.0361683072686018,R,99999900.0,-22.067700000000002,0.0,9.619,534.8599999999997,-0.04125883408742478,0.0,0.017984145383838773,-0.023275436562838887
YVLLATLLALLLSFL,WT,LLLYVLLATLLALLLIFLILI,clash,,,,LLLYVLLATLLALLLSFLILI_1,1.1001100110011e+17,1.0,-74.1811,-74.1934,-74.1811,-234.638,-230.992,-249.415,-364.502,4640.08,3987.53,3838.12,-12.4368,-9.09426,-68.1194,-68.4103,-40.9056,-65.6924,72.414,-41.9939,8.13817,6.12976,5.71597,-8.35585,-64.0417,66.015,-43.5351,-372.959,8.0775,5.01828,4.5085,1.0,LLLYVLLATLLALLLSFLILI,0.2610069252311263,0.0211217133516844,R,99999900.0,-27.2138,0.0,14.776999999999987,652.5499999999997,-0.04170377748831509,0.0,0.022645008045360498,-0.019058769442954572
YALLLALLFILLVTL,Mutant,,clash,12.0,LLLYALLLALLFSLLVTLILI,0.0167021066630578,LLLYALLLALLFILLVTLILI_1,1.1001100110011e+17,1.0,-58.8701,-58.8701,-58.8701,-239.056,-238.34,-252.044,-356.323,4695.01,4085.62,3758.56,-12.4289,153.684,-70.8249,94.5715,-45.4081,-35.6777,99.7128,-38.8935,9.72492,5.31289,5.30859,137.088,-38.8884,87.4303,-44.355,-211.786,8.3134,4.13635,3.9478,1.0,LLLYALLLALLFILLVTLILI,0.284500476585645,0.0440576351473533,R,99999900.0,-25.416800000000002,0.0,12.988,609.3900000000003,-0.04170859383974136,0.0,0.021313116395083594,-0.020395641543182515
ALLLGVLLITLLSFL,Mutant,,clash,11.0,LLLALLLGVLLGTLLSFLILI,0.90255418499404,LLLALLLGVLLITLLSFLILI_0,1.1001100110011e+17,1.0,-74.0352,-73.3269,-74.0352,-237.395,-223.042,-241.235,-370.486,4555.44,3955.99,3725.13,-12.3605,215332.0,-71.4161,215258.0,-55.2153,-84.5344,70.036,-32.9768,9.62269,8.63501,8.18555,211785.0,-93.9928,36.7785,-43.1657,214961.0,6.6465,5.56402,4.6157,0.0,LLLALLLGVLLITLLSFLILI,0.219443789093224,0.0164728297632148,G,99999900.0,-16.2008,0.0,3.8400000000000034,599.4499999999998,-0.02702610726499292,0.0,0.0064058720493786045,-0.02061973475686046
LFYLTALLILLVSLL,WT,LLLLFYLTILLILLVSLLILI,clash,,,,LLLLFYLTALLILLVSLLILI_1,1.1001100110011e+17,1.0,-74.0167,-73.9833,-74.2373,-237.68,-232.898,-246.155,-364.097,4646.93,3830.57,3736.34,-12.3382,2.85916,-64.739,-54.3561,-43.7044,-48.6751,71.4077,34.7181,9.93094,3.4413,3.01241,-1.16142,-47.8829,56.4851,28.0,-365.139,9.5,1.30792,0.655196,1.0,LLLLFYLTALLILLVSLLILI,0.3200677226079477,0.1237662394257356,L,99999900.0,-21.034600000000005,0.22060000000000457,8.474999999999994,816.3600000000001,-0.0257663285805282,0.00027022392081925195,0.010381449360576207,-0.015113675339311086
YSLLATLLATLLAFL,Mutant,,void,7.0,LLLYSLLLTLLATLLAFLILI,-0.0053007883394687,LLLYSLLATLLATLLAFLILI_2,1.1001100110011e+17,1.0,-79.6564,-85.3286,-72.5555,-229.927,-225.139,-249.07,-350.211,4641.57,3972.15,3804.75,-12.3321,1690.15,-52.9591,1650.41,-28.5855,-40.5808,79.0212,-46.0789,8.108,3.25498,2.9403,1454.78,-43.6777,70.6483,-39.0967,1339.94,8.0,2.58918,2.1489,2.0,LLLYSLLATLLATLLAFLILI,0.2119520285493236,0.0244693533435688,R,99999900.0,-24.3736,-7.10090000000001,19.143,669.4199999999996,-0.03641002659018257,-0.010607540856263652,0.028596396880881975,-0.018422066863852303
LVLLIALLATLLIFL,Mutant,,clash,15.0,LLLLVLLIALLATLLSFLILI,-0.0510945580022916,LLLLVLLIALLATLLIFLILI_2,1.1001100110011e+17,1.0,-58.7941,-58.7941,-58.7941,-234.471,-231.57,-244.086,-365.488,4584.53,4016.29,3798.03,-12.3239,72.3512,-84.5471,-2.77256,-62.6075,-50.3721,77.1182,-42.7796,8.68921,4.46678,4.12355,56.791,-40.8345,76.2695,-41.1941,-291.382,8.0,2.92156,2.5656,2.0,LLLLVLLIALLATLLIFLILI,0.364975820186749,0.0475154254667602,R,99999900.0,-21.9396,0.0,9.615000000000009,568.2399999999998,-0.038609742362382106,0.0,0.01692066732366608,-0.021687843164859926
YALLVGLLALLLGTL,Mutant,,void,11.0,LLLYALLVGLLFLLLGTLILI,-0.0317577919323018,LLLYALLVGLLALLLGTLILI_1,1.1001100110011e+17,1.0,-58.7681,-58.7681,-58.7681,-227.299,-219.805,-240.159,-346.136,4608.66,3959.67,3847.18,-12.3219,-7.70261,-72.3908,-75.2651,-47.2088,-43.4256,87.7796,-38.9299,7.73159,4.86408,4.68078,-7.00941,-44.9135,70.5331,-40.7685,-353.874,7.218,2.759,2.317,1.0,LLLYALLVGLLALLLGTLILI,0.3040238121328129,0.0540289858798464,G,99999900.0,-25.182000000000002,0.0,12.859999999999985,648.9899999999998,-0.03880183053668009,0.0,0.019815405476201465,-0.018986270974899466
ALLLVILLAILLSFL,Mutant,,clash,8.0,LLLALLLVTLLAILLSFLILI,0.0199035149231315,LLLALLLVILLAILLSFLILI_0,1.1001100110011e+17,1.0,-64.1921,-63.9518,-60.3992,-227.689,-223.804,-243.684,-367.512,4570.45,3906.41,3808.92,-12.2928,-2.73914,-87.9236,-82.4955,-63.4286,-50.6728,58.1978,-49.3735,8.53848,1.95762,1.33059,-1.18223,-51.3087,52.0453,-45.0,-370.251,8.5127,1.22242,0.503099,0.0,LLLALLLVILLAILLSFLILI,0.1442387950346797,0.0344684652112052,R,99999900.0,-24.49499999999999,-3.792899999999996,15.995000000000005,664.04,-0.03688783808204324,-0.005711854707547732,0.024087404373230537,-0.01851213782302271
YALLLTLLSALLVFL,Mutant,,void,12.0,LLLYALLLTLLSILLVFLILI,-0.0233431816682543,LLLYALLLTLLSALLVFLILI_2,1.1001100110011e+17,1.0,-70.8006,-74.1975,-74.1975,-240.776,-231.209,-249.993,-359.673,4683.13,4156.36,3899.57,-12.2834,1.84019,-60.3793,-52.4258,-35.4824,-52.3031,93.6833,-36.7864,9.986,6.9927,6.89795,-3.13848,-58.6812,72.8948,-40.4498,-361.457,8.9476,5.14298,4.7364,2.0,LLLYALLLTLLSALLVFLILI,0.2365475088198004,0.0415227035865847,R,99999900.0,-24.896900000000002,3.3969000000000023,9.216999999999985,526.7700000000004,-0.04726332175332684,0.0064485449057463395,0.017497199916472042,-0.02331833627579397
YVLLFALLTILLSLL,Mutant,,clash,12.0,LLLYVLLFALLTVLLSLLILI,0.0619007056929115,LLLYVLLFALLTILLSLLILI_1,1.1001100110011e+17,1.0,-74.3908,-74.0974,-74.2365,-237.247,-235.998,-253.391,-370.769,4682.17,4004.11,3858.94,-12.2693,-3.86817,-71.3998,-64.5413,-43.141,-44.6773,83.9551,-46.355,9.02958,4.53553,4.29485,-3.78331,-39.2116,82.5884,-44.5047,-371.398,8.7478,3.53117,3.27,1.0,LLLYVLLFALLTILLSLLILI,0.2401043431151714,0.0584516311500429,R,99999900.0,-28.2588,-0.1542999999999921,16.143999999999977,678.06,-0.04167595787983365,-0.00022756098280387005,0.023809102439312124,-0.018094711382473528
LYVLLFLLITLLILL,Mutant,,clash,11.0,LLLLYVLLFLLATLLILLILI,0.6501419877384792,LLLLYVLLFLLITLLILLILI_1,1.1001100110011e+17,1.0,-61.0142,-58.8982,-58.8982,-247.452,-236.826,-253.662,-369.941,4721.84,4033.51,3678.54,-12.2453,39339.4,-73.7205,39265.2,-57.3806,-54.0307,89.2733,23.289,11.9729,6.65649,6.49559,14541.5,-59.5624,70.8383,23.7924,38961.3,9.4709,4.99753,4.5601,1.0,LLLLYVLLFLLITLLILLILI,0.1633111030669977,0.0657349031813168,L,99999900.0,-16.3399,-2.1159999999999997,6.210000000000008,688.3299999999999,-0.02373846846715965,-0.0030741068964014353,0.009021835456830312,-0.01778986823180742
YALLLALLASLLVTL,Mutant,,void,11.0,LLLYALLLALLFSLLVTLILI,-0.0138856322699942,LLLYALLLALLASLLVTLILI_0,1.1001100110011e+17,1.0,-74.1677,-74.1677,-74.1677,-230.529,-226.678,-244.847,-371.052,4595.9,3811.66,3841.57,-12.222,-8.71122,-78.5777,-78.9173,-52.0371,-35.6067,97.8639,-43.1751,8.48023,5.05264,5.0206,-8.79052,-38.8884,87.4303,-44.355,-379.763,8.3134,4.13635,3.9478,0.0,LLLYALLLALLASLLVTLILI,0.3150882155186972,0.0258992156196641,R,99999900.0,-26.54059999999999,0.0,14.318000000000012,784.2399999999998,-0.03384244618994185,0.0,0.018257166173620342,-0.015584514944404777
FALLLILTALLYVLL,WT,LLLFALLLILTILLYVLLILI,clash,,,,LLLFALLLILTALLYVLLILI_1,1.1001100110011e+17,1.0,-58.8808,-58.913,-58.8808,-225.399,-224.626,-247.863,-354.11,4648.34,3706.58,3735.92,-12.2097,-3.726,-82.0399,-74.297,-47.3667,-113.765,7.2589,19.977,9.38829,4.54477,3.15366,-8.37996,-115.762,1.87941,19.6398,-362.775,9.2964,4.11802,2.64621,1.0,LLLFALLLILTALLYVLLILI,0.4006011628237989,0.0780325488011143,L,99999900.0,-34.6732,0.0,22.464,941.7600000000002,-0.03681744818212707,0.0,0.023853211009174306,-0.012964768093781852
AALLLSLLFTLLVAL,Mutant,,void,16.0,LLLAALLLSLLFTLLVYLILI,-0.0804279150837495,LLLAALLLSLLFTLLVALILI_2,1.1001100110011e+17,1.0,-74.2323,-74.2323,-74.2029,-222.885,-221.903,-239.469,-366.419,4531.14,3762.59,3733.01,-12.1577,-10.3274,-81.4591,-80.6113,-52.7473,-54.3132,84.9982,-37.4948,8.16236,6.12173,5.8967,-7.31651,-54.7442,78.7538,-35.0,-373.359,8.4748,5.34339,5.0247,2.0,LLLAALLLSLLFTLLVALILI,0.4065840852382019,0.0404591797029959,R,99999900.0,-28.711800000000004,-0.02939999999999543,16.584000000000003,768.5500000000002,-0.03735840218593455,-3.825385466136936e-05,0.021578296792661506,-0.015819009823693966
YVLLAALLATLLSLL,Mutant,,void,7.0,LLLYVLLIALLATLLSLLILI,0.0781997988584231,LLLYVLLAALLATLLSLLILI_2,1.1001100110011e+17,1.0,-74.1081,-74.1081,-74.1081,-234.073,-231.027,-244.439,-370.778,4597.4,4010.85,3854.74,-12.1576,-9.05085,-74.7535,-74.6935,-52.2307,-45.9889,82.6608,-46.0207,8.13417,4.55754,4.29745,-7.54511,-40.8345,76.2695,-41.1941,-378.504,8.0,2.92156,2.5656,2.0,LLLYVLLAALLATLLSLLILI,0.2603391094029015,0.0770049763306901,R,99999900.0,-22.522800000000004,0.0,10.365999999999985,586.5499999999997,-0.03839877248316429,0.0,0.01767283266558689,-0.02072730372517263
FALLTILLAALLSLL,Mutant,,void,12.0,LLLFALLTILLAYLLSLLILI,0.0520861511672191,LLLFALLTILLAALLSLLILI_1,1.1001100110011e+17,1.0,-74.2013,-74.2013,-74.2013,-228.319,-227.775,-240.37,-366.639,4594.32,3822.65,3876.79,-12.1267,-11.7672,-76.2458,-76.4298,-52.0679,-75.6016,68.1998,-35.9516,8.97907,7.04721,6.57021,-2.92262,-68.8108,64.9165,-37.632,-369.553,9.0,5.58535,5.0591,1.0,LLLFALLTILLAALLSLLILI,0.3618349435202921,0.0279102715003876,R,99999900.0,-24.1779,0.0,12.051000000000016,771.6699999999996,-0.03133191649280134,0.0,0.01561677919317846,-0.015714878121476806
TYLLAVLLAILLFLL,WT,LLLTYLLAVLLIILLFLLILI,clash,,,,LLLTYLLAVLLAILLFLLILI_2,1.1001100110011e+17,1.0,-49.5676,-49.0973,-45.0281,-235.27,-237.655,-255.458,-355.891,4679.18,3793.24,3783.84,-12.1144,-10.4204,-83.1684,-79.5593,-55.4054,-89.1548,49.8556,-45.1474,8.50443,6.60373,5.85156,-6.03274,-87.3658,48.4216,-44.846,-363.999,8.8676,6.14178,5.3681,2.0,LLLTYLLAVLLAILLFLLILI,0.3252167713817652,0.0522380293462804,R,99999900.0,-27.763000000000005,-4.539499999999997,20.187999999999988,885.9400000000005,-0.031337336614217656,-0.005123936158204838,0.022787096191615657,-0.013674063706345795
VALLLTLLAILLSAL,Mutant,,void,16.0,LLLVALLLTLLAILLSFLILI,-0.195061904400301,LLLVALLLTLLAILLSALILI_0,1.1001100110011e+17,1.0,-76.7554,-77.0921,-74.2015,-227.575,-221.503,-237.402,-381.542,4518.97,3878.87,3896.62,-12.0974,-6.21067,-89.3086,-89.1574,-69.9385,-51.2439,86.4866,-42.139,7.9919,5.86228,5.65958,-5.38538,-54.4223,72.8251,-42.2813,-387.753,8.0,4.49473,4.08711,0.0,LLLVALLLTLLAILLSALILI,0.4790787542387622,0.0161105098697735,R,99999900.0,-19.370099999999994,-2.5538999999999987,9.826999999999998,640.1000000000004,-0.030261052960474898,-0.003989845336666142,0.01535228870488985,-0.018899234494610208
TALLIALLLVLLSFL,WT,LLLTALLIILLLVLLSFLILI,clash,,,,LLLTALLIALLLVLLSFLILI_1,1.1001100110011e+17,1.0,-60.3994,-60.3601,-60.4388,-230.995,-228.716,-246.233,-368.552,4581.29,3838.9,3782.01,-12.0963,-10.2437,-89.2542,-89.7192,-61.88,-53.2453,88.8428,-37.9169,8.55012,6.48057,6.31321,-9.41798,-46.4612,89.8188,-35.5102,-378.372,8.818,5.59472,5.442,1.0,LLLTALLIALLLVLLSFLILI,0.427699064270723,0.0352079207892127,R,99999900.0,-27.374199999999995,0.039400000000000546,15.238,742.3899999999999,-0.03687307210495831,5.3071835558130566e-05,0.020525599752151836,-0.016293727016797103
SYLLIVLLGLLLAFL,Mutant,,clash,7.0,LLLSYLLGVLLGLLLAFLILI,0.3685810589556278,LLLSYLLIVLLGLLLAFLILI_0,1.1001100110011e+17,1.0,-63.3104,-54.352,-44.9369,-229.746,-229.097,-253.594,-351.2,4636.02,3900.95,3620.11,-12.0962,134655.0,-70.2392,134587.0,-52.6692,-91.0316,33.1387,-39.3375,9.65532,4.62847,3.62555,32514.5,-83.7533,47.7994,-42.6647,134304.0,7.5,5.51591,4.7329,0.0,LLLSYLLIVLLGLLLAFLILI,0.6147918997458972,0.1324060932789996,G,99999900.0,-17.57,-18.3735,23.847999999999985,735.0700000000006,-0.023902485477573544,-0.024995578652373222,0.032443168677812946,-0.016455847742391866
TALLIALLAVLLSLL,Mutant,,void,11.0,LLLTALLIALLFVLLSLLILI,-0.1176394335170132,LLLTALLIALLAVLLSLLILI_1,1.1001100110011e+17,1.0,-60.468,-60.468,-60.468,-226.327,-226.021,-241.237,-377.198,4505.85,3713.13,3762.7,-12.0927,-9.2734,-102.495,-99.9824,-75.4929,-53.1049,80.7116,-37.9378,7.87419,5.3618,5.07247,-8.90577,-47.9836,80.2404,-36.9281,-387.121,8.0,4.52999,4.2336,1.0,LLLTALLIALLAVLLSLLILI,0.4559723172906989,0.0306894858389265,R,99999900.0,-27.0021,0.0,14.909999999999997,792.7200000000003,-0.03406259461095972,0.0,0.018808658795034808,-0.01525469270360278
TSLLLGLLFALLIYL,Mutant,,clash,15.0,LLLTSLLLGLLFALLAYLILI,-0.0032969821672372,LLLTSLLLGLLFALLIYLILI_0,1.1001100110011e+17,1.0,-55.7459,-57.2618,-44.9453,-232.645,-232.317,-256.143,-352.975,4646.62,3777.06,3659.52,-12.0897,11978.4,-76.6737,11915.0,-51.887,-34.9288,62.1425,-44.0274,8.05444,0.128568,-0.439294,9545.06,-40.0595,64.5531,-38.0126,11625.4,7.2779,1.2236,0.691897,0.0,LLLTSLLLGLLFALLIYLILI,0.2415252614754327,0.033690023946638,G,99999900.0,-24.786699999999996,-10.800599999999996,23.497999999999962,869.56,-0.028504876029256172,-0.012420764524587144,0.027022862137172782,-0.013903238419430518
YLLLATLVILLFSLL,WT,LLLYILLATLVILLFSLLILI,clash,,,,LLLYLLLATLVILLFSLLILI_2,1.1001100110011e+17,1.0,-74.1845,-74.124,-74.1845,-231.046,-230.028,-253.101,-367.223,4692.74,3827.68,3816.14,-12.0685,-9.36102,-74.0607,-72.4318,-39.9374,-111.039,30.8158,25.5506,9.32314,7.31605,6.27829,-2.78203,-114.221,16.6004,23.3529,-370.287,9.3591,5.8742,4.62321,2.0,LLLYLLLATLVILLFSLLILI,0.1280571392616766,0.0964769828678265,L,99999900.0,-34.1233,0.0,22.055000000000007,865.06,-0.039446165583890136,0.0,0.025495341363604845,-0.013951055418121288
TILLVALLAYLLSFL,Mutant,,clash,4.0,LLLTALLVALLAYLLSFLILI,0.2162094770354561,LLLTILLVALLAYLLSFLILI_1,1.1001100110011e+17,1.0,-63.3825,-62.9884,-60.2169,-229.19,-226.267,-246.675,-355.122,4601.72,3983.15,3719.48,-12.0656,28.9937,-74.6152,-36.8729,-48.2298,-74.7627,58.2296,-46.6379,8.02562,5.5754,4.94885,20.8648,-69.0036,63.721,-36.3865,-340.762,8.0348,5.45288,4.9087,1.0,LLLTILLVALLAYLLSFLILI,0.3151413743877608,0.0596564032580697,R,99999900.0,-26.385400000000004,-3.1655999999999977,17.485000000000014,618.5700000000002,-0.04265547957385583,-0.00511760997138561,0.02826680893027468,-0.01950563396220314
YVLLTILLIFLLSLL,Mutant,,clash,11.0,LLLYVLLTILLAFLLSLLILI,0.0628760015857734,LLLYVLLTILLIFLLSLLILI_1,1.1001100110011e+17,1.0,-74.1747,-73.3879,-74.1037,-245.791,-241.595,-257.226,-374.544,4760.1,4123.11,3878.41,-12.0585,26.6857,-66.6371,-32.8759,-43.2148,-57.8422,65.1914,-36.6069,10.0459,3.97717,3.45504,16.3015,-63.1873,55.2127,-36.6493,-318.13,8.5138,3.43181,2.76,1.0,LLLYVLLTILLIFLLSLLILI,0.1711899460060733,0.0424790687586758,R,99999900.0,-23.422300000000007,-0.07099999999999795,11.435000000000002,636.9900000000007,-0.036770278968272625,-0.00011146171839431997,0.0179516161949167,-0.018930438468421778
YSLLLILLAVLLTAL,Mutant,,void,16.0,LLLYSLLLILLAVLLTFLILI,-0.0033265449471598,LLLYSLLLILLAVLLTALILI_2,1.1001100110011e+17,1.0,-58.0591,-61.1424,-58.8872,-237.118,-232.176,-248.999,-362.912,4665.39,4042.31,3823.65,-12.0547,29052.3,-79.7898,28982.7,-55.0254,-40.1841,80.5572,-45.8526,9.1594,3.40284,3.1112,22264.7,-38.6138,67.2216,-35.9594,28673.9,8.7535,1.36698,0.875303,2.0,LLLYSLLLILLAVLLTALILI,0.2468685991166489,0.1329067836233068,R,99999900.0,-24.764400000000002,0.8280999999999992,11.881,623.0800000000004,-0.03974513706105153,0.0013290428195416298,0.019068177441099045,-0.019346953842203238
YSLLAALLATLLVFL,Mutant,,void,7.0,LLLYSLLLALLATLLVFLILI,0.1166780789920974,LLLYSLLAALLATLLVFLILI_2,1.1001100110011e+17,1.0,-69.6372,-68.7466,-58.8092,-222.917,-218.796,-251.442,83.8168,4637.72,3986.95,3781.08,-12.0539,460.927,364.317,832.286,394.068,-56.4981,73.1323,-45.9977,7.94725,4.84758,4.44456,375.198,-59.0896,67.569,-38.1162,544.743,8.0324,4.48526,3.9988,2.0,LLLYSLLAALLATLLVFLILI,0.1276670967095196,0.0303573241658794,R,99999900.0,-29.750999999999976,-10.82800000000001,28.525000000000006,650.7700000000004,-0.045716612628117395,-0.016638751018024804,0.043832690505093946,-0.01852251947692732
TYLLLVLLAILLSFL,WT,LLLTYLLLVLLIILLSFLILI,clash,,,,LLLTYLLLVLLAILLSFLILI_1,1.1001100110011e+17,1.0,-63.3857,-63.0465,-60.4179,-240.608,-239.596,-255.097,-366.594,4667.29,3999.12,3907.85,-12.0423,-9.99527,-74.6434,-73.9472,-51.0799,-56.9504,53.6647,-48.6907,8.2062,2.28729,1.59226,-9.08421,-52.2236,53.6517,-43.5176,-375.687,8.4549,1.57652,0.881296,1.0,LLLTYLLLVLLAILLSFLILI,0.1924630301825396,0.0898094323451468,R,99999900.0,-23.563499999999998,-2.967799999999997,14.489000000000004,668.1700000000001,-0.03526572578834727,-0.00444168400257419,0.021684601224239344,-0.01802280856668213
TALLIALLLSLLFVL,WT,LLLTALLIALLLILLFVLILI,clash,,,,LLLTALLIALLLSLLFVLILI_1,1.1001100110011e+17,1.0,-60.3917,-60.421,-60.3917,-229.959,-228.871,-246.231,-371.352,4562.65,3635.18,3698.34,-12.0265,5.01314,-93.0282,-77.0466,-64.7291,-35.3957,91.1372,-38.2609,8.06424,4.11288,3.97994,-8.19667,-32.2597,92.0409,-42.2469,-379.802,8.0874,3.76448,3.64509,1.0,LLLTALLIALLLSLLFVLILI,0.4249512529989692,0.0298703178199828,R,99999900.0,-28.299099999999996,0.0,16.27199999999999,927.4699999999998,-0.030512145945421416,0.0,0.01754450278715214,-0.012966996237075057
VALLLALLAALLSTL,Mutant,,void,11.0,LLLVALLLALLFALLSTLILI,-0.0179373145998921,LLLVALLLALLAALLSTLILI_0,1.1001100110011e+17,1.0,-76.5557,-76.6744,-74.1918,-216.821,-209.625,-233.49,-367.453,4463.03,3743.87,3703.11,-12.0181,-4.19931,-86.0938,-85.3529,-59.7711,-29.4709,87.4154,-38.6395,8.1591,2.72171,2.53294,-3.80941,-32.5709,73.9857,-37.3157,-371.652,8.2281,1.37371,0.983496,0.0,LLLVALLLALLAALLSTLILI,0.388245925639048,0.0377396077586337,R,99999900.0,-26.322700000000005,-2.363900000000001,16.66900000000001,719.1599999999999,-0.036602007898103354,-0.003287029311975084,0.023178430391011758,-0.016711302074642644
FYLLIILLVALLSLL,Mutant,,clash,8.0,LLLFYLLITLLVALLSLLILI,0.1077650603976807,LLLFYLLIILLVALLSLLILI_0,1.1001100110011e+17,1.0,-63.7628,-65.4078,-60.4926,-238.982,-234.613,-249.652,-361.211,4712.42,3972.65,3947.4,-11.9895,123.562,-70.4553,62.3721,-51.0659,-24.498,95.5472,-46.2918,9.0523,3.07357,3.00678,126.367,-20.6004,88.8043,-45.0,-237.649,9.0,1.57864,1.4107,0.0,LLLFYLLIILLVALLSLLILI,0.2411704752752609,0.0438276124062483,R,99999900.0,-19.389399999999995,-3.2701999999999956,10.669999999999987,739.77,-0.026210038255133346,-0.004420563148005455,0.014423401868148191,-0.01620706435784095
YILLAALLTVLLSFL,Mutant,,void,7.0,LLLYILLLALLTVLLSFLILI,-0.040120270151238,LLLYILLAALLTVLLSFLILI_0,1.1001100110011e+17,1.0,-74.2719,-74.2719,-74.2719,-231.75,-225.43,-248.862,-356.413,4643.87,4129.25,3926.92,-11.9864,-5.68052,-62.3772,-62.3908,-33.2786,-36.1437,94.2649,-44.4122,8.72049,4.64732,4.5613,-5.69905,-39.2116,82.5884,-44.5047,-362.093,8.7478,3.53117,3.27,0.0,LLLYILLAALLTVLLSFLILI,0.2381535402266833,0.0865182290564914,R,99999900.0,-29.098600000000005,0.0,17.111999999999995,514.6199999999999,-0.05654385760366875,0.0,0.03325171971551824,-0.023291749251875174
TYLLVLLLAALLSFL,Mutant,,void,12.0,LLLTYLLVLLLALLLSFLILI,0.1485442228965288,LLLTYLLVLLLAALLSFLILI_2,1.1001100110011e+17,1.0,-76.5402,-77.4018,-60.3887,-229.908,-230.183,-252.194,-361.359,4665.78,3841.09,3849.21,-11.9817,-9.84549,-66.8924,-63.6198,-48.7763,-69.7516,52.2672,-40.9553,8.34572,4.01881,3.30282,-7.69923,-70.1435,50.4198,-38.9685,-370.353,8.6236,3.8282,3.0845,2.0,LLLTYLLVLLLAALLSFLILI,0.2918426325637344,0.0497575685814205,R,99999900.0,-18.116099999999996,-16.1515,22.286,824.6899999999996,-0.021967163418981684,-0.019584934945252163,0.027023487613527523,-0.014528732008391039
YVLLIALLFTLLSLL,WT,LLLYVLLIALLFILLSLLILI,clash,,,,LLLYVLLIALLFTLLSLLILI_0,1.1001100110011e+17,1.0,-74.1173,-74.1173,-74.1173,-232.492,-232.743,-253.464,-367.474,4704.4,3966.37,3815.6,-11.97,-11.7638,-72.8345,-72.3771,-39.8928,-32.4534,79.7847,-45.3862,8.53705,2.13895,1.83572,-11.3717,-34.3116,78.2924,-42.6631,-379.238,8.583,2.21621,1.8906,0.0,LLLYVLLIALLFTLLSLLILI,0.2608405866500536,0.0453106066176138,R,99999900.0,-32.941700000000004,0.0,20.97200000000001,738.0299999999997,-0.044634635448423526,0.0,0.02841618904380583,-0.016218852892158863
YVLLATLLSLLLFIL,WT,LLLYVLLATLLSLLLFALILI,void,,,,LLLYVLLATLLSLLLFILILI_0,1.1001100110011e+17,1.0,-75.7616,-74.9169,-74.1535,-239.352,-233.56,-253.558,-371.082,4679.27,4092.03,3806.77,-11.9412,-9.65929,-67.9092,-72.2644,-43.3705,-64.2744,76.3201,-51.215,8.84017,6.44436,6.08917,-10.2479,-65.5044,67.4883,-45.0,-380.741,8.7313,5.43658,4.9489,0.0,LLLYVLLATLLSLLLFILILI,0.2828292069979671,0.0744926762567381,R,99999900.0,-24.5387,-1.6081000000000074,14.205999999999989,587.2400000000002,-0.041786492745725747,-0.002738403378516461,0.02419113139431916,-0.02033444588243307
YVLLTILLALLLAFL,WT,LLLYVLLTILLILLLAFLILI,clash,,,,LLLYVLLTILLALLLAFLILI_1,1.1001100110011e+17,1.0,-58.8866,-58.8866,-58.8866,-239.486,-234.53,-251.5,-356.861,4666.4,4062.83,3783.25,-11.939,1181.78,-70.4279,1118.34,-46.4745,-53.018,70.118,-46.0603,9.66934,3.91863,3.4704,1167.9,-53.6458,55.2229,-41.7266,820.322,8.6181,2.00196,1.3303,1.0,LLLYVLLTILLALLLAFLILI,0.3364391498843069,0.0745095588285986,R,99999900.0,-23.953399999999995,0.0,12.01400000000001,603.5699999999997,-0.03968620044071111,0.0,0.01990489918319336,-0.019780638534055713
YLLLSTLLAFLLAIL,WT,LLLYLLLSTLLIFLLAILILI,clash,,,,LLLYLLLSTLLAFLLAILILI_2,1.1001100110011e+17,1.0,-74.0463,-74.0463,-74.1135,-232.796,-227.923,-250.43,-366.688,4658.96,3822.53,3799.95,-11.9316,19460.9,-71.7765,19396.2,-42.1443,-61.1876,54.3441,-41.3543,8.51866,3.0146,2.32976,18727.4,-52.3191,53.2783,-35.0,19083.0,8.3883,1.54043,0.839604,2.0,LLLYLLLSTLLAFLLAILILI,0.2785493828749358,0.0264294948385428,R,99999900.0,-29.632199999999997,0.0671999999999997,17.634000000000015,836.4299999999998,-0.0354269932929235,8.034145116746138e-05,0.021082457587604485,-0.014264911588536999
FALLVTLLIALLSLL,Mutant,,void,4.0,LLLFYLLVTLLIALLSLLILI,-0.0016479686327144,LLLFALLVTLLIALLSLLILI_0,1.1001100110011e+17,1.0,-75.5672,-76.5258,-74.2156,-232.857,-227.182,-243.003,-369.904,4618.29,4045.46,3985.63,-11.9177,1.48575,-73.3983,-64.711,-52.6857,-14.8111,100.826,-48.5247,8.67423,2.33318,2.34557,1.49127,-20.5827,81.7293,-45.0,-368.419,9.0,0.620861,0.346801,0.0,LLLFALLVTLLIALLSLLILI,0.375183608976788,0.0442432566983818,R,99999900.0,-20.71260000000001,-1.3516000000000048,10.145999999999987,572.8299999999999,-0.036158371593666555,-0.002359513293647339,0.0177120611699806,-0.020804950858020706
LYILLIVLATLLFSL,Mutant,,clash,8.0,LLLLYILLLVLATLLFSLILI,0.0372338012909081,LLLLYILLIVLATLLFSLILI_0,1.1001100110011e+17,1.0,-74.2374,-74.2374,-74.2374,-230.852,-221.8,-247.54,-364.24,4603.59,3708.33,3549.8,-11.917,525.27,-71.0679,457.067,-42.463,-66.0372,66.5776,16.457,10.7094,5.39355,4.89221,483.354,-62.5739,62.4261,19.1703,161.03,9.1885,4.31361,3.75,0.0,LLLLYILLIVLATLLFSLILI,0.1733186791333066,0.0706828336080532,L,99999900.0,-28.604899999999994,0.0,16.687999999999988,895.2600000000002,-0.03195150012286932,0.0,0.01864039496905925,-0.013311216853204652
AFLLGILLIVLLGLL,Mutant,,clash,11.0,LLLAFLLGILLGVLLGLLILI,0.8030317646741683,LLLAFLLGILLIVLLGLLILI_2,1.1001100110011e+17,1.0,-44.9385,-48.5137,-44.9385,-233.283,-221.262,-239.883,-343.799,4617.74,4064.62,3542.82,-11.8875,18849600.0,-77.4649,18849500.0,-58.9773,-77.3599,61.6869,-45.3011,11.0558,6.43171,5.85701,17206200.0,-82.2405,38.4729,-43.0414,18849200.0,7.0713,4.02991,3.107,2.0,LLLAFLLGILLIVLLGLLILI,0.3984885906865427,0.0356446999329711,G,99999900.0,-18.4876,0.0,6.600000000000023,553.1199999999999,-0.03342421174428696,0.0,0.01193231125253114,-0.021491719699161124
LYLLLAVLISLLFTL,Mutant,,clash,11.0,LLLLYLLLAVLLSLLFTLILI,-0.0355320038475791,LLLLYLLLAVLISLLFTLILI_1,1.1001100110011e+17,1.0,-74.2291,-74.2291,-74.2291,-234.521,-225.649,-247.652,-364.948,4642.06,3693.93,3486.24,-11.8849,463.58,-68.0826,398.51,-43.0674,-49.2061,87.3541,20.3484,10.6078,5.67371,5.48403,402.345,-54.2352,70.7135,18.0,119.411,9.2479,4.1816,3.7423,1.0,LLLLYLLLAVLISLLFTLILI,0.3344544058483882,0.0440396130810951,L,99999900.0,-25.0152,0.0,13.131,948.1300000000006,-0.026383723750962405,0.0,0.01384936664803349,-0.012535095398310351
YVLLTILLAALLAFL,Mutant,,void,12.0,LLLYVLLTILLALLLAFLILI,0.1134768585530485,LLLYVLLTILLAALLAFLILI_2,1.1001100110011e+17,1.0,-58.8866,-58.8866,-58.8866,-236.944,-231.67,-247.422,-344.104,4636.45,4129.1,3827.16,-11.8791,1177.91,-60.1528,1124.36,-37.7951,-61.0885,62.5413,-45.6966,9.16622,4.10635,3.54447,1032.47,-53.6458,55.2229,-41.7266,837.324,8.6181,2.00196,1.3303,2.0,LLLYVLLTILLAALLAFLILI,0.2229622913312579,0.0695315299085167,R,99999900.0,-22.3577,0.0,10.478000000000009,507.34999999999945,-0.04406760618902143,0.0,0.020652409579186005,-0.02341401399428405
YALLLALLVILLFTL,Mutant,,clash,12.0,LLLYALLLALLVSLLFTLILI,0.0681054978286628,LLLYALLLALLVILLFTLILI_2,1.1001100110011e+17,1.0,-58.8854,-51.7221,-58.8854,-244.452,-238.187,-252.068,-353.176,4726.27,4248.1,3809.21,-11.877,310.704,-61.7154,247.438,-42.2221,-42.8592,82.1259,-35.3016,10.6069,4.01587,3.74776,307.097,-39.3076,75.987,-35.0,-42.4713,8.4047,2.65439,2.2942,2.0,LLLYALLLALLVILLFTLILI,0.3248980837970373,0.0490384169987709,R,99999900.0,-19.493300000000005,0.0,7.616000000000014,478.1700000000001,-0.040766463809942075,0.0,0.015927389840433345,-0.02483844657757701
YTLLVILLFALLILL,Mutant,,clash,8.0,LLLYTLLVSLLFALLILLILI,-0.0331454522039997,LLLYTLLVILLFALLILLILI_0,1.1001100110011e+17,1.0,-45.0916,-45.0916,-45.0916,-244.494,-233.314,-255.96,-353.239,4748.05,3996.27,3772.88,-11.8672,274.222,-75.5205,199.388,-52.1874,-45.7278,89.5757,-40.177,9.96311,5.45189,5.29553,274.61,-49.655,70.869,-39.5698,-79.0175,8.1714,3.51556,3.07859,0.0,LLLYTLLVILLFALLILLILI,0.2581802148202013,0.0934837488073314,R,99999900.0,-23.3331,0.0,11.466000000000008,751.7800000000002,-0.031037138524568353,0.0,0.015251802388996788,-0.015785469153209712
TALLIALLSVLLFLL,WT,LLLTALLIILLSVLLFLLILI,clash,,,,LLLTALLIALLSVLLFLLILI_2,1.1001100110011e+17,1.0,-60.5374,-63.1241,-60.5374,-233.229,-231.217,-246.24,-371.053,4580.29,3800.86,3791.01,-11.8231,77.1606,-89.1095,0.449014,-64.2762,-61.5621,87.3045,-44.0361,8.31684,7.52041,7.32998,-10.8148,-60.0354,75.7593,-43.336,-381.741,8.5306,5.73281,5.3692,2.0,LLLTALLIALLSVLLFLLILI,0.3843330966169985,0.0561904505036152,R,99999900.0,-24.833299999999994,0.0,13.010999999999996,779.4299999999998,-0.03186084702923932,0.0,0.016692967938108615,-0.015168905482211363
YLLLVILLATLLSFL,Mutant,,clash,8.0,LLLYLLLVALLATLLSFLILI,0.1424590227808929,LLLYLLLVILLATLLSFLILI_1,1.1001100110011e+17,1.0,-74.0594,-66.6574,-74.0594,-243.667,-238.259,-253.084,-370.842,4685.84,4203.07,3834.69,-11.7907,566.393,-64.9056,500.467,-43.6978,-53.6756,62.3593,-49.0181,9.12592,2.96984,2.40523,560.966,-47.1777,64.0077,-41.6778,181.793,8.4891,2.21769,1.67781,1.0,LLLYLLLVILLATLLSFLILI,0.0763912450064514,0.0467266031014445,R,99999900.0,-21.207800000000006,0.0,9.417000000000002,482.77000000000044,-0.043929407378254626,0.0,0.019506183068541943,-0.02442301717173807
FVLLIALLLTLLSAL,Mutant,,void,16.0,LLLFVLLIALLLTLLSLLILI,0.0294798404576773,LLLFVLLIALLLTLLSALILI_1,1.1001100110011e+17,1.0,-74.196,-74.196,-74.196,-231.487,-233.347,-242.258,-363.547,4609.98,4024.22,3993.07,-11.7501,-10.7163,-69.6142,-66.7199,-47.0933,-22.0509,90.4099,-44.1271,8.74859,2.01296,1.86911,-4.2043,-14.3135,93.6678,-45.0,-367.907,9.0,1.29218,1.1972,1.0,LLLFVLLIALLLTLLSALILI,0.3288481880948599,0.0964127827546368,R,99999900.0,-22.520899999999997,0.0,10.771000000000015,585.7599999999998,-0.03844731630701995,0.0,0.01838807702813442,-0.02005958071565147
YVLLTLLLGTLLAFL,WT,LLLYVLLTLLLITLLAFLILI,clash,,,,LLLYVLLTLLLGTLLAFLILI_1,1.1001100110011e+17,1.0,-72.6251,-72.6251,-72.6251,-231.776,-225.572,-249.396,-356.281,4657.91,4025.5,3717.91,-11.7317,861.395,-63.6117,803.31,-34.2599,-39.9628,76.07,-43.1789,8.24861,2.76387,2.40492,562.922,-48.9252,56.7148,-39.7132,492.379,7.3783,1.49528,0.846002,1.0,LLLYVLLTLLLGTLLAFLILI,0.2019433759561414,0.0220967047972561,G,99999900.0,-29.351799999999997,0.0,17.619999999999976,632.4099999999999,-0.046412612071282874,0.0,0.027861672016571498,-0.01855078192944451
TALLIVLLALLLSFL,Mutant,,void,4.0,LLLTYLLIVLLALLLSFLILI,-0.0167631122008222,LLLTALLIVLLALLLSFLILI_2,1.1001100110011e+17,1.0,-60.4217,-60.4217,-60.4217,-234.324,-230.572,-246.523,-369.853,4570.15,4045.84,3937.92,-11.7279,-7.56105,-86.835,-86.4207,-62.908,-72.9736,52.7074,-49.704,8.33771,4.56154,3.85215,-7.13851,-65.3764,53.0016,-44.5512,-376.734,8.8858,3.46168,2.7567,2.0,LLLTALLIVLLALLLSFLILI,0.4402322945355339,0.0676693057460589,R,99999900.0,-23.926999999999992,0.0,12.198999999999984,524.3099999999995,-0.04563521580744219,0.0,0.023266769659171092,-0.02236825542141102
YALLLVLITLLFSLL,WT,LLLYILLLVLITLLFSLLILI,clash,,,,LLLYALLLVLITLLFSLLILI_2,1.1001100110011e+17,1.0,-74.3072,-74.2388,-74.3072,-229.052,-223.617,-253.979,-368.134,4722.95,3873.93,3725.9,-11.7267,-8.42736,-76.502,-78.7058,-39.8487,-108.746,34.275,26.8298,9.59674,7.43897,6.4531,-8.08364,-109.692,28.2633,28.0,-376.742,9.5,6.76935,5.6933,2.0,LLLYALLLVLITLLFSLLILI,0.3852432614374892,0.0743973688050634,L,99999900.0,-36.653299999999994,0.0,24.92700000000002,849.02,-0.04317130338507926,0.0,0.029359732397352265,-0.013812042119149137
TLLLGILLIFLLAVL,Mutant,,clash,11.0,LLLTLLLGILLGFLLAVLILI,0.881815290613089,LLLTLLLGILLIFLLAVLILI_2,1.1001100110011e+17,1.0,-44.948,-50.1984,-44.948,-238.947,-229.101,-247.559,-354.967,4673.6,3952.94,3587.8,-11.7077,191618.0,-82.7795,191542.0,-62.4596,-81.8275,68.1026,-33.74,9.60608,7.96798,7.48952,156371.0,-81.7774,50.2073,-43.0207,191263.0,6.749,5.54459,4.7977,2.0,LLLTLLLGILLIFLLAVLILI,0.4237138970568854,0.1248400782857666,G,99999900.0,-20.319899999999997,0.0,8.611999999999995,720.6600000000003,-0.028196236782948948,0.0,0.011950156800710448,-0.016245802458857154
TALLVFLLALLLSIL,Mutant,,void,4.0,LLLTYLLVFLLALLLSILILI,-0.1079532055766652,LLLTALLVFLLALLLSILILI_1,1.1001100110011e+17,1.0,-60.7246,-60.6194,-60.3544,-231.372,-229.667,-247.28,-369.309,4572.85,3839.97,3777.78,-11.7044,-8.12425,-88.9167,-87.1466,-61.6742,-71.8494,55.9907,-38.2048,8.35451,4.83616,4.17602,0.679223,-68.3504,51.785,-38.1091,-371.756,8.6758,3.74353,3.0203,1.0,LLLTALLVFLLALLLSILILI,0.4527382057732127,0.0147399097049615,R,99999900.0,-27.242500000000007,-0.3702000000000041,15.907999999999987,732.8800000000006,-0.0371718425936033,-0.0005051304442746477,0.021706145617290656,-0.015970418076629175
ALLLVTLLAILLSLL,Mutant,,void,11.0,LLLALLLVTLLFILLSLLILI,-0.0144306033404907,LLLALLLVTLLAILLSLLILI_1,1.1001100110011e+17,1.0,-74.3433,-74.1896,-74.1896,-229.757,-225.917,-242.282,-390.068,4533.53,3886.3,3823.77,-11.6973,-4.30774,-97.6643,-94.2687,-73.596,-41.3469,74.1891,-47.8826,9.16217,2.71756,2.3304,1.7511,-33.5268,69.6745,-45.0,-391.764,9.0,0.935083,0.480201,1.0,LLLALLLVTLLAILLSLLILI,0.3285566756972836,0.0421824286564287,R,99999900.0,-24.068299999999994,-0.15370000000000061,12.525000000000006,647.2299999999996,-0.03718662608346339,-0.00023747354109049444,0.019351698777868787,-0.0180728643604283
YVLLIILLFTLLSLL,Mutant,,clash,8.0,LLLYVLLIALLFTLLSLLILI,0.049080400821295,LLLYVLLIILLFTLLSLLILI_0,1.1001100110011e+17,1.0,-74.1173,-74.1173,-74.1173,-246.452,-236.929,-257.407,-375.333,4714.11,4095.12,3813.86,-11.694,92.8351,-66.4578,28.5478,-43.8094,-30.1708,95.1529,-46.8197,9.69076,3.87126,3.79855,74.5262,-34.3116,78.2924,-42.6631,-282.498,8.583,2.21621,1.8906,0.0,LLLYVLLIILLFTLLSLLILI,0.2117601858287586,0.1421585709701611,R,99999900.0,-22.64840000000001,0.0,10.954999999999984,618.9899999999998,-0.036589282540913454,0.0,0.01769818575421249,-0.01889206610769157
TYLLIVLLALLLSFL,WT,LLLTYLLIVLLALLLIFLILI,clash,,,,LLLTYLLIVLLALLLSFLILI_0,1.1001100110011e+17,1.0,-60.4217,-60.4217,-60.4217,-239.324,-239.12,-254.948,-369.577,4649.92,3898.21,3874.82,-11.6929,-9.7747,-81.5242,-79.8098,-54.2075,-67.7005,53.9097,-45.1212,8.70026,3.93288,3.24153,-10.081,-65.3764,53.0016,-44.5512,-379.351,8.8858,3.46168,2.7567,0.0,LLLTYLLIVLLALLLSFLILI,0.4234691823347116,0.0056546004543528,R,99999900.0,-27.31669999999999,0.0,15.623999999999995,751.71,-0.03633941280547018,0.0,0.020784611086722266,-0.015555067778797674
TALLIALLLILLSWL,Mutant,,clash,12.0,LLLTALLIALLLVLLSWLILI,0.1069749856462378,LLLTALLIALLLILLSWLILI_2,1.1001100110011e+17,1.0,-69.2073,-69.683,-60.3378,-234.096,-233.538,-251.582,-386.969,4632.78,3977.05,3874.97,-11.6921,-6.46883,-95.3574,-90.217,-75.0489,-31.1229,92.8778,-41.343,9.43173,3.70694,3.60011,-5.52649,-33.2071,91.2243,-42.4294,-395.406,9.0,3.79634,3.6647,2.0,LLLTALLIALLLILLSWLILI,0.2609133049326712,0.0363492076341407,R,99999900.0,-20.308499999999995,-8.869500000000002,17.48599999999999,655.7299999999996,-0.030970826407210297,-0.01352614643222059,0.02666646333094414,-0.017830662010278633
FALLTALLIALLSLL,Mutant,,void,4.0,LLLFYLLTALLIALLSLLILI,-0.0189542942426302,LLLFALLTALLIALLSLLILI_2,1.1001100110011e+17,1.0,-74.2173,-74.2173,-74.2173,-225.41,-227.274,-240.481,-366.84,4603.47,3950.38,3928.71,-11.6841,5.73392,-78.8973,-59.6143,-52.1417,-21.1252,96.3119,-37.5064,8.17662,2.67089,2.61557,-5.481,-19.0498,93.1316,-41.4393,-371.732,8.233,1.93023,1.8272,2.0,LLLFALLTALLIALLSLLILI,0.4148009445539022,0.0249526731859121,R,99999900.0,-26.7556,0.0,15.070999999999998,653.0900000000001,-0.04096770736039443,0.0,0.023076451943836215,-0.01789048982529207
YALLTALLFVLLSAL,Mutant,,void,16.0,LLLYALLTALLFVLLSLLILI,0.0547080540727439,LLLYALLTALLFVLLSALILI_1,1.1001100110011e+17,1.0,-74.3266,-74.3266,-74.3266,-228.719,-225.559,-246.019,-351.436,4652.86,3920.68,3874.86,-11.6208,-2.81235,-60.0113,-54.3625,-31.0904,-53.1874,82.8789,-44.5848,8.05593,5.66676,5.40995,-10.1346,-51.8061,81.4519,-44.6308,-361.863,8.0262,5.26692,4.9887,1.0,LLLYALLTALLFVLLSALILI,0.2680799442738187,0.0436343936648122,R,99999900.0,-28.9209,0.0,17.30000000000001,732.1799999999998,-0.039499713185282316,0.0,0.023628069600371514,-0.01587150700647382
YALLTALLVALLSLL,Mutant,,void,4.0,LLLYILLTALLVALLSLLILI,-0.060067423458508,LLLYALLTALLVALLSLLILI_1,1.1001100110011e+17,1.0,-74.0826,-74.0826,-74.0826,-228.122,-226.422,-244.895,-370.812,4609.24,3925.02,3895.33,-11.6147,-6.68662,-80.2226,-76.9949,-51.835,-32.346,85.0398,-44.1582,7.99606,2.83228,2.60787,-8.83044,-28.5899,84.4588,-45.0,-379.791,8.1271,2.19042,1.9573,1.0,LLLYALLTALLVALLSLLILI,0.3829181011918273,0.017493639707624,R,99999900.0,-28.3876,0.0,16.772999999999996,684.2199999999998,-0.04148899476776476,0.0,0.024514045190143524,-0.01697509572944375
YLLLFTLLAALLTSL,WT,LLLYLLLFILLAALLTSLILI,clash,,,,LLLYLLLFTLLAALLTSLILI_2,1.1001100110011e+17,1.0,-80.7379,-80.7379,-88.0216,-235.826,-235.121,-249.461,-371.258,4636.63,3883.91,3850.23,-11.6123,2695.98,-66.3066,2640.58,-33.7761,-40.6719,78.9531,-45.249,8.57327,3.25946,2.94376,2015.89,-41.3832,66.3868,-39.1389,2322.33,8.4387,1.6697,1.1655,2.0,LLLYLLLFTLLAALLTSLILI,0.1070072212775011,0.0292259587109483,R,99999900.0,-32.5305,7.28370000000001,13.63500000000002,752.7200000000003,-0.0432172653842066,0.009676506536295046,0.01811430545222661,-0.015427117653310654
TFLLGVLLILLLGAL,Mutant,,clash,11.0,LLLTFLLGVLLGLLLGALILI,0.9423818792354308,LLLTFLLGVLLILLLGALILI_2,1.1001100110011e+17,1.0,-44.9172,-46.6677,-44.9172,-236.958,-223.132,-243.401,-345.591,4655.71,3973.83,3473.39,-11.6077,5889040.0,-75.3231,5888970.0,-57.2727,-88.879,64.4699,-37.6695,9.88292,8.53529,8.00234,5833650.0,-87.213,39.461,-38.899,5896930.0,6.5512,4.90918,4.00109,2.0,LLLTFLLGVLLILLLGALILI,0.4233667691383118,0.0784294171432866,G,99999900.0,-18.050399999999996,0.0,6.443000000000012,681.8800000000001,-0.02647151991552765,0.0,0.009448876635185092,-0.01702308324045286
SALLFTLLALLLAVL,Mutant,,void,4.0,LLLSYLLFTLLALLLAVLILI,-0.1598426091463511,LLLSALLFTLLALLLAVLILI_1,1.1001100110011e+17,1.0,-58.8166,-58.8166,-58.8166,-229.814,-227.34,-245.201,-358.923,4581.15,3845.51,3840.99,-11.5906,-5.35458,-81.8834,-78.1213,-54.9056,-66.8014,56.3384,-44.2444,7.97569,4.12589,3.47096,-4.5958,-60.3593,55.6767,-42.7922,-363.602,8.0,3.07025,2.4054,1.0,LLLSALLFTLLALLLAVLILI,0.5605051992926818,0.050042627353687,R,99999900.0,-26.977799999999995,0.0,15.387,735.6399999999994,-0.036672557229079465,0.0,0.02091648088739059,-0.015755804469577524
AILLLILLTVLLSFL,Mutant,,clash,8.0,LLLAILLLTLLTVLLSFLILI,0.0681960033281343,LLLAILLLILLTVLLSFLILI_0,1.1001100110011e+17,1.0,-74.299,-67.3596,-74.299,-237.193,-226.221,-246.219,-379.351,4572.54,4043.35,3786.08,-11.5881,30.0705,-79.4472,-55.7002,-58.833,-39.5221,95.1983,-45.8303,9.77053,5.28009,5.20806,30.0761,-39.0642,80.9104,-41.9448,-349.281,8.9591,3.28254,2.9962,0.0,LLLAILLLILLTVLLSFLILI,0.2639180409725354,0.1044613086904782,R,99999900.0,-20.614199999999997,0.0,9.025999999999982,529.19,-0.03895425083618359,0.0,0.017056255787146358,-0.021897806080991702
AVLLATLLALLLSFL,Mutant,,void,3.0,LLLYVLLATLLALLLSFLILI,-0.0988267383229244,LLLAVLLATLLALLLSFLILI_2,1.1001100110011e+17,1.0,-74.2106,-74.1934,-74.1811,-226.628,-223.14,-238.96,-367.344,4480.84,3821.21,3734.5,-11.5822,-8.18373,-78.0873,-78.1946,-54.2025,-71.1308,64.1176,-44.0779,7.85387,5.82549,5.28725,-7.71043,-64.0417,66.015,-43.5351,-375.043,8.0775,5.01828,4.5085,2.0,LLLAVLLATLLALLLSFLILI,0.3598336635540511,0.0093830609101083,R,99999900.0,-23.8848,-0.02949999999999875,12.332000000000022,659.6300000000001,-0.03620939011263889,-4.472204114427595e-05,0.018695329199702893,-0.017558631353940844
TSLLVGLLAYLLGLL,WT,LLLTSLLVGLLIYLLGLLILI,clash,,,,LLLTSLLVGLLAYLLGLLILI_2,1.1001100110011e+17,1.0,-61.9059,-54.7547,-44.9603,-230.17,-226.586,-252.375,-354.422,4588.81,3820.38,3611.41,-11.5639,1573960.0,-73.9098,1573890.0,-57.0864,-51.5585,77.1725,-40.658,8.73437,4.65207,4.30966,1063590.0,-47.0876,58.6724,-35.0,1556800.0,7.44,1.48391,0.863996,2.0,LLLTSLLVGLLAYLLGLLILI,0.4511642403159738,0.0106062142165194,G,99999900.0,-16.823400000000007,-16.945600000000006,22.205000000000013,768.4300000000003,-0.021893210832476608,-0.02205223637806957,0.028896581341176168,-0.015048735733898984
TYLLVALLIFLLSLL,Mutant,,clash,11.0,LLLTYLLVALLTFLLSLLILI,0.3524379137854845,LLLTYLLVALLIFLLSLLILI_2,1.1001100110011e+17,1.0,-68.5914,-66.3982,-60.3627,-238.681,-237.275,-256.304,-369.094,4676.6,3927.79,3771.42,-11.5609,-5.34431,-73.3819,-70.7651,-52.4277,-75.4929,53.8259,-44.0524,9.72611,5.09042,4.39781,-3.46439,-71.7611,50.3856,-43.3797,-363.921,9.0,4.06622,3.322,2.0,LLLTYLLVALLIFLLSLLILI,0.2919050060849684,0.0531583108533265,R,99999900.0,-20.9542,-8.228699999999996,17.622999999999962,748.8100000000004,-0.027983333555908693,-0.010989035937020062,0.02353467501769468,-0.015439029927484934
LYVLTILLAILLFLL,Mutant,,clash,8.0,LLLLYVLTSLLAILLFLLILI,-0.0707445071262516,LLLLYVLTILLAILLFLLILI_0,1.1001100110011e+17,1.0,-58.963,-50.5612,-58.8529,-234.309,-224.711,-249.721,-359.967,4680.7,3767.53,3612.22,-11.5532,9262.83,-78.2483,9178.14,-51.3932,-67.4759,55.1364,23.6222,11.1721,4.0648,3.39185,5239.27,-60.6875,54.8651,25.5985,8902.86,8.9175,3.00992,2.3329,0.0,LLLLYVLTILLAILLFLLILI,0.2101310122558314,0.0697943524695553,L,99999900.0,-26.8551,-0.11010000000000275,15.412000000000006,913.1699999999996,-0.02940865337231842,-0.00012056900686619447,0.016877470788571693,-0.012651751590612926
TYLLLVLLAILLIFL,Mutant,,clash,15.0,LLLTYLLLVLLAILLSFLILI,-0.0692533627482205,LLLTYLLLVLLAILLIFLILI_0,1.1001100110011e+17,1.0,-52.4816,-45.1085,-45.1085,-242.958,-241.274,-257.047,-359.092,4700.34,4069.23,3914.16,-11.5453,148.266,-75.1982,75.5556,-56.9361,-50.2586,65.3954,-39.6462,9.95125,2.86717,2.34811,148.657,-52.2236,53.6517,-43.5176,-210.827,8.4549,1.57652,0.881296,0.0,LLLTYLLLVLLAILLIFLILI,0.2617163929307602,0.0383119335654893,R,99999900.0,-18.262099999999997,-7.373100000000001,14.089000000000027,631.1100000000001,-0.02893647700083978,-0.011682749441460282,0.022324159021406765,-0.018293641362044647
FYLLVALLATLLSTL,Mutant,,void,11.0,LLLFYLLVALLLTLLSTLILI,0.0610205815504157,LLLFYLLVALLATLLSTLILI_1,1.1001100110011e+17,1.0,-87.9016,-87.9016,-87.9016,-231.301,-229.176,-243.788,-359.903,4636.16,3771.05,3911.42,-11.5308,45.2887,-52.2313,2.46347,-28.2135,-25.7861,82.1519,-35.7126,8.86362,1.45843,1.1907,-3.42842,-19.7119,80.3881,-36.3997,-363.895,9.0,0.309179,0.0150006,1.0,LLLFYLLVALLATLLSTLILI,0.3437417798321253,0.057341445717924,R,99999900.0,-24.017799999999998,0.0,12.487000000000023,865.1099999999997,-0.027762712256244878,0.0,0.014434002612384585,-0.013328709643860322
AFLLVTLLAALLSLL,Mutant,,void,12.0,LLLAFLLVTLLAYLLSLLILI,0.0894281286434444,LLLAFLLVTLLAALLSLLILI_0,1.1001100110011e+17,1.0,-74.1908,-74.1908,-74.1908,-228.691,-220.166,-239.049,-364.62,4574.37,3993.25,3866.07,-11.4976,-2.35528,-73.2365,-72.6184,-51.3808,-57.2249,67.5401,-43.7938,9.25068,4.20164,3.71474,-2.22551,-62.68,49.0027,-44.4948,-366.976,8.7847,2.51736,1.7524,0.0,LLLAFLLVTLLAALLSLLILI,0.3090835088354116,0.0167479269199296,R,99999900.0,-21.855700000000006,0.0,10.358000000000004,581.1199999999999,-0.037609615914096936,0.0,0.01782420154185023,-0.019785242290748902
LAYLTALLFVLLLLL,Mutant,,void,4.0,LLLLYYLTALLFVLLLLLILI,-0.1055463154563496,LLLLAYLTALLFVLLLLLILI_0,1.1001100110011e+17,1.0,-58.8403,-58.8403,-58.8403,-235.923,-221.528,-247.05,-352.8,4711.18,4153.3,3842.04,-11.4834,558.406,-69.5208,485.975,-46.9097,-71.777,55.1079,29.7618,10.1687,4.70611,4.03273,538.511,-70.366,39.5247,25.0484,205.606,9.5,2.39073,1.4836,0.0,LLLLAYLTALLFVLLLLLILI,0.3669265580096144,0.0569941025581243,L,99999900.0,-22.611099999999993,0.0,11.12700000000001,557.8800000000001,-0.04053040080304006,0.0,0.019945149494514963,-0.02058399655839965
TALLIALLVALLSLL,Mutant,,void,4.0,LLLTYLLIALLVALLSLLILI,0.0111338624896477,LLLTALLIALLVALLSLLILI_1,1.1001100110011e+17,1.0,-60.4332,-60.4332,-60.4332,-225.695,-222.904,-241.49,-376.615,4513.08,3826.36,3912.21,-11.4226,-6.04721,-101.91,-99.3254,-74.6922,-27.7292,84.0392,-45.1555,8.02147,2.00468,1.76527,-1.53977,-24.5149,79.9684,-45.0,-377.39,8.631,0.972974,0.672501,1.0,LLLTALLIALLVALLSLLILI,0.4474927652975393,0.0139313236599952,R,99999900.0,-27.217799999999997,0.0,15.795000000000016,686.7199999999998,-0.03963449440820131,0.0,0.02300064072693386,-0.0166335624417521
YILLTTLLALLLSFL,WT,LLLYILLITLLALLLSFLILI,clash,,,,LLLYILLTTLLALLLSFLILI_0,1.1001100110011e+17,1.0,-88.0798,-88.0798,-87.943,-236.387,-228.892,-253.44,-379.162,4650.67,3997.46,3885.88,-11.3927,-2.09427,-66.0879,-64.2843,-37.7792,-56.5109,72.7372,-44.9292,8.61475,4.79617,4.38722,-1.50061,-59.6352,61.4935,-42.8163,-381.256,8.6405,3.7469,3.1693,0.0,LLLYILLTTLLALLLSFLILI,0.274104653766194,0.0399119513286476,R,99999900.0,-28.3087,-0.13680000000000803,17.052999999999997,653.21,-0.04333782397697525,-0.00020942728984554433,0.02610645887233814,-0.017441098574730942
YVLLFILLATLLSLL,Mutant,,clash,8.0,LLLYVLLFTLLATLLSLLILI,-6.77673005118895e-05,LLLYVLLFILLATLLSLLILI_2,1.1001100110011e+17,1.0,-74.1186,-70.9201,-74.1186,-241.169,-235.504,-253.37,-371.015,4668.24,4034.83,3871.64,-11.3767,37.2296,-67.1046,-27.3611,-43.526,-40.8267,81.2545,-47.7468,9.09385,3.59336,3.31218,22.2447,-37.5163,77.3551,-44.2381,-347.786,8.0869,2.57038,2.23071,2.0,LLLYVLLFILLATLLSLLILI,0.1933064306797951,0.1152605061277436,R,99999900.0,-23.5786,0.0,12.200999999999993,633.4099999999999,-0.03722486225351669,0.0,0.019262405077280113,-0.017961036295606324
YWLLILLVALLLSLL,Mutant,,clash,7.0,LLLYWLLTLLVALLLSLLILI,0.126764952133664,LLLYWLLILLVALLLSLLILI_2,1.1001100110011e+17,1.0,-60.4291,-60.4291,-60.4291,-239.295,-234.654,-258.591,-381.403,4774.13,3820.59,3766.21,-11.3709,31.6435,-93.05,-54.6761,-62.3825,-97.6448,27.7772,26.8558,9.81549,4.89663,3.81329,33.3555,-100.223,12.091,21.0733,-351.865,9.5,3.16573,1.84709,2.0,LLLYWLLILLVALLLSLLILI,0.3114292474473371,0.0172004308068704,L,99999900.0,-30.667499999999997,0.0,19.29600000000002,953.54,-0.0321617341695157,0.0,0.02023617257797263,-0.01192493235732114
YVLLATLLAALLSLL,Mutant,,void,7.0,LLLYVLLFTLLAALLSLLILI,-0.0294746751606914,LLLYVLLATLLAALLSLLILI_1,1.1001100110011e+17,1.0,-76.9963,-76.1002,-74.1512,-223.611,-229.265,-244.494,-370.935,4588.69,3931.12,3851.32,-11.3589,-3.68675,-81.6862,-69.2566,-52.29,-33.8919,76.1375,-42.8168,7.92302,1.86236,1.50442,-4.65553,-36.8676,70.5484,-45.0,-376.414,8.0,1.55417,1.1124,1.0,LLLYVLLATLLAALLSLLILI,0.3158594885384195,0.0547490843990797,R,99999900.0,-29.3962,-2.845100000000002,20.88300000000001,657.5699999999997,-0.04470429003756256,-0.004326687653025538,0.0317578356676856,-0.017274054473288024
FALLVALLTTLLSLL,Mutant,,void,4.0,LLLFYLLVALLTTLLSLLILI,-0.0541414483077385,LLLFALLVALLTTLLSLLILI_2,1.1001100110011e+17,1.0,-88.0236,-88.0236,-88.0236,-229.176,-228.645,-242.175,-375.291,4589.54,4005.01,4002.88,-11.3194,6.50867,-69.4106,-52.113,-45.0918,-31.1944,83.0695,-39.3711,8.76319,2.39354,2.13959,1.41123,-24.6133,82.1567,-42.3875,-375.603,8.9966,1.28315,1.0155,2.0,LLLFALLVALLTTLLSLLILI,0.4594704987997458,0.108189651278443,R,99999900.0,-24.318800000000003,0.0,12.999000000000024,584.5299999999997,-0.04160402374557339,0.0,0.022238379552803157,-0.019364959882298607
TYLLIVLLAILLFLL,Mutant,,clash,7.0,LLLTYLLAVLLAILLFLLILI,0.0259042113225033,LLLTYLLIVLLAILLFLLILI_0,1.1001100110011e+17,1.0,-59.1956,-45.0281,-45.0281,-234.343,-233.237,-256.996,-360.836,4708.28,3889.28,3835.93,-11.3134,7.43264,-78.6108,-75.1385,-58.8119,-83.5828,54.0896,-41.5426,9.64263,6.33952,5.65086,7.91681,-87.3658,48.4216,-44.846,-353.403,8.8676,6.14178,5.3681,0.0,LLLTYLLIVLLAILLFLLILI,0.2993125600592617,0.0895528032541568,R,99999900.0,-19.798899999999996,-14.167499999999997,22.65299999999999,818.9999999999995,-0.024174481074481082,-0.017298534798534805,0.027659340659340663,-0.01381367521367522
VALLFALLTTLLSLL,Mutant,,void,4.0,LLLVYLLFALLTTLLSLLILI,-0.0142978719349124,LLLVALLFALLTTLLSLLILI_2,1.1001100110011e+17,1.0,-84.8361,-87.9653,-87.9653,-233.26,-226.327,-241.727,-375.883,4622.99,3916.59,3763.19,-11.2852,-6.78357,-69.0723,-68.3736,-46.1901,-28.9008,103.593,-38.7313,9.17395,4.82015,4.87404,-7.49349,-31.1915,87.4311,-36.2559,-382.622,8.5903,2.98193,2.7934,2.0,LLLVALLFALLTTLLSLLILI,0.4529294691607879,0.0105735220717666,R,99999900.0,-22.882199999999997,3.1291999999999973,8.467000000000013,706.3999999999996,-0.0323926953567384,0.004429784824462059,0.011986126840317125,-0.01597565118912798
LALLFALLGILLITL,Mutant,,clash,15.0,LLLLALLFALLGILLSTLILI,-0.0115392448757388,LLLLALLFALLGILLITLILI_1,1.1001100110011e+17,1.0,-58.8314,-58.8314,-58.8314,-228.079,-221.267,-239.429,-356.691,4549.9,3760.97,3658.81,-11.2625,31.166,-81.0428,-45.4259,-58.4305,-64.1085,64.961,-37.8393,7.71012,4.88601,4.36043,37.1205,-58.8131,62.5969,-39.1181,-314.748,7.175,3.77255,3.2115,1.0,LLLLALLFALLGILLITLILI,0.2853694394609519,0.0201672256849121,G,99999900.0,-22.612299999999998,0.0,11.349999999999994,788.9299999999998,-0.028661985220488514,0.0,0.01438657422078004,-0.014275664507624252
YALLTILLIFLLSLL,Mutant,,clash,11.0,LLLYALLTILLTFLLSLLILI,0.0859957979346317,LLLYALLTILLIFLLSLLILI_2,1.1001100110011e+17,1.0,-74.2318,-74.2082,-74.1371,-245.643,-244.352,-255.431,-370.782,4750.97,4096.08,3862.55,-11.2551,21.2976,-62.1618,-30.9241,-41.2141,-76.4276,60.4588,-33.8354,9.9951,6.12607,5.53295,19.1717,-72.6011,53.9923,-36.179,-328.933,9.0,4.67912,3.989,2.0,LLLYALLTILLIFLLSLLILI,0.2067632923347636,0.0371465381051424,R,99999900.0,-20.947699999999998,-0.09470000000000312,9.788000000000011,654.8900000000003,-0.031986593168318325,-0.000144604437386436,0.014946021469254387,-0.01718624501824733
YALLFALLLSLLVTL,WT,LLLYILLFALLLSLLVTLILI,clash,,,,LLLYALLFALLLSLLVTLILI_0,1.1001100110011e+17,1.0,-74.2526,-74.2526,-74.2526,-231.888,-230.615,-249.898,-363.679,4673.02,3905.87,3849.35,-11.247,-7.41421,-68.7848,-66.2252,-39.5285,-36.9607,93.4054,-40.3984,8.31772,4.65383,4.55491,-7.34306,-38.8884,87.4303,-44.355,-371.093,8.3134,4.13635,3.9478,0.0,LLLYALLFALLLSLLVTLILI,0.2644139555516999,0.0436194471934765,R,99999900.0,-29.256300000000003,0.0,18.00999999999999,767.1500000000005,-0.03813634882356773,0.0,0.023476503943166235,-0.014660757348628027
TALLFLLLGYLLISL,Mutant,,clash,15.0,LLLTALLFLLLGYLLGSLILI,0.8622755438674892,LLLTALLFLLLGYLLISLILI_1,1.1001100110011e+17,1.0,-62.7581,-62.3427,-60.326,-239.651,-230.669,-248.849,-356.629,4622.6,3881.2,3480.59,-11.2407,39103.5,-65.4598,39039.8,-47.453,-51.7231,79.2344,-40.075,10.1656,4.95511,4.64363,35165.0,-54.4566,55.8714,-40.6917,39543.1,7.0594,2.21113,1.5492,1.0,LLLTALLFLLLGYLLISLILI,0.2083390714159073,0.0422614244121862,G,99999900.0,-18.0068,-2.4320999999999984,9.197999999999979,741.4000000000005,-0.024287564067979477,-0.0032804154302670577,0.012406258429997265,-0.01516145130833557
YALLVALLSLLLATL,Mutant,,void,15.0,LLLYALLVALLSLLLFTLILI,-0.0559066671360282,LLLYALLVALLSLLLATLILI_1,1.1001100110011e+17,1.0,-73.9546,-76.4516,-74.288,-231.539,-223.996,-245.053,-370.126,4620.11,3956.66,3892.07,-11.2357,-7.39266,-75.8679,-77.0712,-50.7847,-77.3683,75.0566,-42.1222,8.24106,8.23788,7.86373,-6.65048,-69.5216,69.2117,-44.462,-376.762,8.1432,6.27182,5.81,1.0,LLLYALLVALLSLLLATLILI,0.4136242016032519,0.0303950026333631,R,99999900.0,-25.083200000000005,0.3333999999999975,13.51400000000001,663.4499999999998,-0.037807219835707305,0.0005025246815886617,0.020369281784610768,-0.016935262642248854
YVLLTTLLFALLSLL,WT,LLLYVLLTTLLFILLSLLILI,clash,,,,LLLYVLLTTLLFALLSLLILI_1,1.1001100110011e+17,1.0,-90.1697,-87.9739,-88.0341,-229.751,-234.437,-252.667,-374.9,4665.06,3925.57,3817.33,-11.216,-6.03746,-66.1952,-58.5267,-34.1985,-34.3734,75.1813,-41.9843,8.31319,1.80547,1.43319,-5.89075,-36.943,72.2376,-39.9087,-375.87,8.4949,1.79353,1.37709,1.0,LLLYVLLTTLLFALLSLLILI,0.2905441901424843,0.0522407471896195,R,99999900.0,-31.996699999999997,-2.135600000000011,22.915999999999997,739.4900000000002,-0.043268604037918004,-0.002887936280409485,0.030988924799523983,-0.015167209833804374
TYLLLALLASLLFVL,Mutant,,void,11.0,LLLTYLLLALLISLLFVLILI,-0.0177157708234235,LLLTYLLLALLASLLFVLILI_0,1.1001100110011e+17,1.0,-66.7845,-60.355,-60.355,-234.377,-231.026,-251.019,-360.732,4641.78,3815.18,3879.09,-11.2158,26.6087,-70.7862,-42.7421,-49.3583,-5.45046,111.044,-41.4553,8.33107,2.30853,2.4742,25.8412,-12.3046,96.0681,-35.7827,-334.123,8.782,1.31488,1.2559,0.0,LLLTYLLLALLASLLFVLILI,0.4411091369192612,0.0450525449244704,R,99999900.0,-21.427899999999994,-6.429499999999997,16.641999999999996,826.5999999999999,-0.025922937333655936,-0.007778248245826274,0.020133075248003868,-0.013568594241471088
TYLLAALLVALLSLL,Mutant,,void,7.0,LLLTYLLIALLVALLSLLILI,0.1210419239881394,LLLTYLLAALLVALLSLLILI_0,1.1001100110011e+17,1.0,-67.0111,-66.8715,-60.4332,-227.459,-227.516,-248.04,-370.241,4592.73,3806.82,3878.19,-11.2028,-5.02496,-86.9737,-80.8781,-61.7681,-26.1382,77.1198,-45.5976,8.37188,0.831915,0.488713,-5.27651,-24.5149,79.9684,-45.0,-375.266,8.631,0.972974,0.672501,0.0,LLLTYLLAALLVALLSLLILI,0.3375847037990471,0.0515581805795061,R,99999900.0,-25.205599999999997,-6.5779,20.58099999999999,785.9099999999994,-0.03207186573526233,-0.008369787889198515,0.02618747693756283,-0.014254558409996065
YILLTLLLGALLAAL,Mutant,,void,16.0,LLLYILLTLLLGALLAFLILI,0.0365319371607101,LLLYILLTLLLGALLAALILI_0,1.1001100110011e+17,1.0,-62.8979,-65.4677,-58.7429,-225.21,-219.971,-241.997,-355.207,4579.23,3969.18,3705.8,-11.1989,158.218,-78.2975,88.4503,-54.4673,-48.596,63.1841,-51.7382,7.45605,2.31926,1.76702,161.144,-48.1219,61.2568,-42.1281,-196.989,7.3101,1.98795,1.4068,0.0,LLLYILLTLLLGALLAALILI,0.2712646883915151,0.0152714744046189,G,99999900.0,-23.830199999999998,-4.155000000000001,16.787000000000006,610.0499999999997,-0.039062699778706675,-0.006810917137939518,0.027517416605196316,-0.01835734775838047
TLLLIILLGFLLSVL,Mutant,,clash,7.0,LLLTLLLGILLGFLLSVLILI,0.999263077253475,LLLTLLLIILLGFLLSVLILI_2,1.1001100110011e+17,1.0,-60.3585,-58.0689,-60.2282,-226.161,-224.268,-247.936,-369.649,4626.66,3970.0,3565.64,-11.1773,312199.0,-94.3065,312112.0,-61.4851,-71.6868,44.8204,-54.1636,8.23481,3.30378,2.47608,274357.0,-85.9497,42.6517,-45.0,311803.0,6.5506,5.15043,4.2902,2.0,LLLTLLLIILLGFLLSVLILI,0.2611192183366632,0.0767787543710777,G,99999900.0,-32.8214,-0.1302999999999983,21.775000000000006,656.6599999999999,-0.049982334846039055,-0.0001984284104407126,0.03316023512929067,-0.01702144184204916
YFLLATLVSLLLILL,WT,LLLYFLLITLVSLLLILLILI,clash,,,,LLLYFLLATLVSLLLILLILI_2,1.1001100110011e+17,1.0,-74.0752,-74.0752,-74.1357,-227.879,-227.906,-253.96,-369.672,4724.84,3732.13,3730.1,-11.1482,5.14372,-78.866,-62.5475,-41.5766,-105.614,38.7242,21.4159,8.98782,7.56982,6.65068,3.7076,-109.426,30.0607,18.0,-366.588,9.0516,6.97209,5.923,2.0,LLLYFLLATLVSLLLILLILI,0.1700341557277778,0.1011669018894816,L,99999900.0,-37.2894,0.06050000000000466,26.081000000000017,992.71,-0.037563235990369793,6.094428382911894e-05,0.026272526719787265,-0.011230067189813741
AYLLILLLATLLSFL,Mutant,,clash,7.0,LLLAYLLVLLLATLLSFLILI,-0.0098354706563761,LLLAYLLILLLATLLSFLILI_0,1.1001100110011e+17,1.0,-74.1234,-73.1876,-74.1234,-229.848,-228.954,-248.275,-368.041,4642.5,3877.56,3799.34,-11.1407,-7.71936,-75.2095,-73.6182,-45.6419,-73.9864,54.5128,-43.2845,8.65936,4.9572,4.27489,-5.8098,-76.864,48.8373,-44.7359,-375.76,8.5339,4.62264,3.8552,0.0,LLLAYLLILLLATLLSFLILI,0.359342535367438,0.0680983931829975,R,99999900.0,-29.567600000000006,0.0,18.426999999999992,764.94,-0.0386534891625487,0.0,0.024089471069626365,-0.01456414882212984
YVLLIILLALLLSFL,Mutant,,clash,7.0,LLLYVLLTILLALLLSFLILI,0.1864412887514668,LLLYVLLIILLALLLSFLILI_2,1.1001100110011e+17,1.0,-60.433,-60.433,-60.433,-245.617,-240.43,-254.305,-367.563,4692.67,4196.15,3912.01,-11.0814,5.14512,-72.5945,-61.5542,-52.8244,-60.9035,73.7616,-44.3315,10.0438,5.59334,5.19977,7.90176,-57.818,66.41,-40.684,-350.687,9.0,4.13805,3.6342,2.0,LLLYVLLIILLALLLSFLILI,0.1739230595016088,0.0251798125301065,R,99999900.0,-19.7701,0.0,8.688000000000017,496.52000000000044,-0.03981732860710542,0.0,0.01749778458068156,-0.022318134214130328
SYLLILLLGFLLSTL,Mutant,,clash,7.0,LLLSYLLGLLLGFLLSTLILI,0.4260746185298157,LLLSYLLILLLGFLLSTLILI_0,1.1001100110011e+17,1.0,-92.9567,-78.056,-74.0925,-230.775,-229.514,-255.929,-372.775,4639.37,4019.4,3600.13,-11.0696,351189.0,-60.1127,351124.0,-42.7534,-84.3562,42.6007,-44.2043,9.45929,4.90453,4.04354,268373.0,-95.479,27.325,-44.2015,350816.0,7.2798,4.51072,3.42059,0.0,LLLSYLLILLLGFLLSTLILI,0.7061868699113885,0.0811999987551644,G,99999900.0,-17.359299999999998,-18.864199999999997,25.153999999999996,619.9699999999998,-0.028000225817378266,-0.030427601335548497,0.0405729309482717,-0.017855057502782396
YALLAVLLTLLFSLL,Mutant,,void,4.0,LLLYFLLAVLLTLLFSLLILI,-0.0188845721548689,LLLYALLAVLLTLLFSLLILI_2,1.1001100110011e+17,1.0,-74.2252,-70.661,-74.2252,-227.979,-225.863,-250.076,-363.704,4651.48,3879.49,3817.09,-11.0614,-8.9177,-72.561,-76.0971,-39.4026,-106.495,37.3144,29.4065,8.94325,7.51175,6.57147,-0.847948,-108.265,26.115,28.0,-364.528,9.2465,6.26528,5.15701,2.0,LLLYALLAVLLTLLFSLLILI,0.2155905148691729,0.0621537204850215,L,99999900.0,-33.15840000000001,0.0,22.09699999999998,771.9899999999998,-0.0429518517079237,0.0,0.02862342776460833,-0.014328423943315334
YSLLLILLVALLIFL,Mutant,,clash,8.0,LLLYSLLLTLLVALLIFLILI,0.0926207735677651,LLLYSLLLILLVALLIFLILI_1,1.1001100110011e+17,1.0,-56.8172,-55.2802,-45.07,-230.98,-228.224,-254.813,-354.79,4741.12,4117.04,3816.21,-11.0132,658.558,-78.0058,587.273,-54.9064,-58.9768,77.695,-41.0192,9.59869,5.83534,5.50077,329.405,-60.7082,73.6864,-39.4582,-98.0642,8.5241,5.5539,5.1592,1.0,LLLYSLLLILLVALLIFLILI,0.1476389543150111,0.0755747301468415,R,99999900.0,-23.099399999999996,-11.7472,23.833,624.0799999999999,-0.037013523907191384,-0.018823227791308808,0.03818901422894501,-0.0176470965260864
TYLLVALLIALLALL,Mutant,,void,15.0,LLLTYLLVALLIALLFLLILI,-0.0864717480109625,LLLTYLLVALLIALLALLILI_1,1.1001100110011e+17,1.0,-45.0773,-45.0773,-45.0773,-229.905,-229.559,-248.767,-360.784,4617.47,3714.17,3694.21,-10.9851,27.9098,-96.7873,-58.2381,-66.9396,-18.9425,92.1714,-42.8176,8.30419,1.78452,1.66709,24.2761,-14.8656,89.0751,-39.4069,-324.514,8.0,0.754973,0.591099,1.0,LLLTYLLVALLIALLALLILI,0.4681214615149962,0.04443533649691,R,99999900.0,-29.847700000000003,0.0,18.861999999999995,903.3000000000002,-0.03304295361452452,0.0,0.020881213328905114,-0.012161076054466952
YSLLFVLLAILLTAL,Mutant,,void,16.0,LLLYSLLFVLLAILLTLLILI,0.0694649245242841,LLLYSLLFVLLAILLTALILI_0,1.1001100110011e+17,1.0,-71.7957,-68.5833,-58.8512,-231.642,-223.205,-249.834,-346.921,4659.7,4055.64,3869.12,-10.9721,648.592,-54.4555,593.459,-38.2361,-61.5299,81.1917,-43.9249,9.47613,6.69036,6.40824,601.159,-63.3956,71.5364,-35.2166,301.671,8.8874,5.66675,5.2398,0.0,LLLYSLLFVLLAILLTALILI,0.1802468542213662,0.0411294105514849,R,99999900.0,-16.2194,-12.944499999999998,18.192000000000007,604.06,-0.026850643975764,-0.021429162665960334,0.030116213621163474,-0.01816392411349866
TSLLLALLAVLLILL,Mutant,,void,11.0,LLLTSLLLALLFVLLILLILI,-0.0549694026502448,LLLTSLLLALLAVLLILLILI_0,1.1001100110011e+17,1.0,-56.2691,-55.4563,-45.1106,-226.131,-224.196,-252.17,-380.137,4575.8,3769.64,3712.92,-10.9692,240.659,-108.706,140.174,-82.8561,-61.364,71.2245,-49.7741,8.06469,5.31991,4.88828,171.798,-59.3177,76.0637,-43.9776,-139.478,8.0334,5.66625,5.3072,0.0,LLLTSLLLALLAVLLILLILI,0.4597828620714376,0.0489243052002449,R,99999900.0,-25.849900000000005,-11.158500000000004,26.038999999999987,806.1600000000003,-0.03206547087426813,-0.013841545102709138,0.03230003969435345,-0.013606728192914554
YWLLVALLAALLSTL,Mutant,,void,11.0,LLLYWLLVALLLALLSTLILI,-0.0205140300213007,LLLYWLLVALLAALLSTLILI_0,1.1001100110011e+17,1.0,-74.2545,-72.42,-74.2545,-232.865,-224.064,-247.45,-363.638,4641.79,3911.12,3704.88,-10.9613,73.1023,-67.4801,5.94804,-41.934,-11.0699,100.66,-42.7033,8.85199,1.74965,1.75955,64.4551,-15.7577,89.9497,-39.1893,-290.536,8.0,1.00686,0.856105,0.0,LLLYWLLVALLAALLSTLILI,0.3946744213475597,0.0277234776550726,R,99999900.0,-25.546099999999996,0.0,14.58499999999998,730.6700000000001,-0.03496256860142061,0.0,0.01996113156418079,-0.0150017107586188
YVLLLILLATLLSAL,Mutant,,void,16.0,LLLYVLLLILLATLLSFLILI,-0.0404281258916194,LLLYVLLLILLATLLSALILI_2,1.1001100110011e+17,1.0,-74.1087,-65.713,-74.1087,-233.734,-232.255,-248.482,-253.752,4615.93,4035.71,3866.65,-10.955,1789.47,43.1359,1833.68,68.8385,-29.8894,87.2528,-46.4187,9.06391,2.76254,2.57133,1175.82,-30.5546,77.5454,-42.4251,1547.14,8.9441,1.55182,1.215,2.0,LLLYVLLLILLATLLSALILI,0.1704673925110132,0.0604332321598536,R,99999900.0,-25.702599999999997,0.0,14.74799999999999,580.2200000000003,-0.04429802488711176,0.0,0.02541794491744508,-0.01888076936334493
YILLIFLLATLLSLL,Mutant,,clash,7.0,LLLYILLVFLLATLLSLLILI,-0.0400532275482045,LLLYILLIFLLATLLSLLILI_2,1.1001100110011e+17,1.0,-74.1188,-74.1188,-74.1188,-237.669,-235.613,-254.239,-371.115,4770.39,4057.42,3899.93,-10.9442,-5.17694,-70.271,-66.5604,-42.7569,-84.6344,49.7477,-41.7903,9.26503,5.91109,5.15731,-1.50981,-79.5181,50.3906,-43.452,-374.742,8.9618,5.23044,4.4863,2.0,LLLYILLIFLLATLLSLLILI,0.2599111141721275,0.1312758471623414,R,99999900.0,-27.5141,0.0,16.569999999999993,712.9700000000003,-0.03859082429835756,0.0,0.02324080957123019,-0.015350154985483255
YSLLVILLFTLLFLL,Mutant,,clash,8.0,LLLYSLLVALLFTLLFLLILI,0.0904059412202882,LLLYSLLVILLFTLLFLLILI_2,1.1001100110011e+17,1.0,-59.2313,-54.8303,-58.8425,-241.45,-237.163,-262.322,-350.857,4838.7,4130.27,3812.05,-10.9378,719.311,-61.1134,660.447,-29.6926,-56.8382,83.9804,-43.0421,10.4239,6.36308,6.12279,481.174,-52.9619,83.5681,-45.0,368.454,8.1807,5.72598,5.4795,2.0,LLLYSLLVILLFTLLFLLILI,0.1415576127803143,0.093548376874608,R,99999900.0,-31.4208,-0.38879999999999626,20.872000000000014,708.4299999999994,-0.044352723628304884,-0.0005488192199652705,0.029462332199370486,-0.015439492963313255
TILLVALLFALLSLL,Mutant,,clash,4.0,LLLTALLVALLFALLSLLILI,0.0524924323515821,LLLTILLVALLFALLSLLILI_2,1.1001100110011e+17,1.0,-60.4381,-60.4381,-60.4381,-226.478,-223.117,-243.772,-366.305,4571.28,3824.52,3649.92,-10.9078,55.5884,-90.297,-27.162,-62.0954,-33.5747,89.7714,-51.1252,8.24574,3.65534,3.50191,36.5919,-36.6373,79.1887,-39.9947,-320.392,8.0543,2.68607,2.3739,2.0,LLLTILLVALLFALLSLLILI,0.4110084584356932,0.0774686372310952,R,99999900.0,-28.2016,0.0,17.293999999999983,746.7599999999998,-0.0377652793400825,0.0,0.02315871230381915,-0.014606834859928228
TALLVALLAALLSLL,Mutant,,void,11.0,LLLTALLVALLFALLSLLILI,0.0109214230861008,LLLTALLVALLAALLSLLILI_2,1.1001100110011e+17,1.0,-62.6212,-62.6501,-60.4381,-220.117,-219.866,-238.911,-372.248,4492.71,3739.75,3757.09,-10.8962,-9.94573,-100.406,-99.6774,-72.899,-37.83,81.9998,-38.774,7.88061,3.24447,2.97447,-7.94746,-36.6373,79.1887,-39.9947,-380.951,8.0543,2.68607,2.3739,2.0,LLLTALLVALLAALLSLLILI,0.4525794677011746,0.0215619050437991,R,99999900.0,-27.507000000000005,-2.183100000000003,18.79400000000001,752.96,-0.03653182107947302,-0.002899357203569915,0.024960157246068863,-0.014471153846153845
SALLFVLLALLLATL,Mutant,,void,4.0,LLLSYLLFVLLALLLATLILI,-0.0701735215733763,LLLSALLFVLLALLLATLILI_2,1.1001100110011e+17,1.0,-58.8379,-58.8379,-58.8379,-228.955,-227.382,-244.487,-358.26,4566.46,3853.38,3820.69,-10.8576,-2.70967,-81.3247,-74.75,-54.9348,-68.2675,49.6114,-44.8517,8.29392,3.43766,2.68183,-3.06197,-62.3589,45.8824,-44.1628,-361.538,8.2562,2.04796,1.2362,2.0,LLLSALLFVLLALLLATLILI,0.4153196200724445,0.0576952066506416,R,99999900.0,-26.389900000000004,0.0,15.531999999999982,713.0799999999999,-0.03700833006114322,0.0,0.02178156728557803,-0.015226342065406406
YILLVALLSTLLFLL,Mutant,,clash,4.0,LLLYTLLVALLSTLLFLLILI,-0.0199330402294088,LLLYILLVALLSTLLFLLILI_0,1.1001100110011e+17,1.0,-76.6826,-75.4943,-74.2668,-235.28,-223.064,-252.848,-369.786,4708.73,3950.18,3793.44,-10.8384,61.6588,-68.6617,-9.5695,-42.6719,-50.7897,87.9621,-48.1561,8.97684,5.99333,5.81276,59.5963,-52.2698,72.8602,-43.2077,-308.127,8.6278,4.1766,3.7695,0.0,LLLYILLVALLSTLLFLLILI,0.2457033212701221,0.0559908172392729,R,99999900.0,-25.989799999999995,-2.41579999999999,17.568000000000012,758.5499999999997,-0.03426247445784721,-0.0031847603981279954,0.02315997627051614,-0.01428831322918727
VALLIALLATLLSLL,Mutant,,void,11.0,LLLVALLIALLFTLLSLLILI,0.1270769637060558,LLLVALLIALLATLLSLLILI_0,1.1001100110011e+17,1.0,-74.1282,-74.1282,-74.1282,-223.339,-217.496,-237.478,-381.306,4511.75,3739.33,3805.54,-10.8364,-1.70094,-94.6755,-91.3826,-69.7,-31.7088,104.536,-35.3361,8.47342,5.36873,5.43677,-1.20518,-35.9255,91.0265,-40.2111,-383.007,8.8691,4.1774,4.0428,0.0,LLLVALLIALLATLLSLLILI,0.4030582589053934,0.0376288966734403,R,99999900.0,-24.975499999999997,0.0,14.13900000000001,772.4200000000001,-0.03233409285103958,0.0,0.018304808264933598,-0.014029155122860617
AYLLTLLLAILLIFL,Mutant,,clash,15.0,LLLAYLLTLLLAILLSFLILI,-0.0104664385977845,LLLAYLLTLLLAILLIFLILI_0,1.1001100110011e+17,1.0,-65.6027,-66.6282,-58.8455,-238.823,-235.06,-251.134,-358.791,4667.15,3976.47,3906.81,-10.831,84.6697,-65.1967,27.5668,-48.8112,-40.6315,75.9676,-48.3258,9.62753,2.85036,2.48987,82.3274,-35.2789,74.0431,-44.1963,-274.121,8.7202,1.78765,1.3983,0.0,LLLAYLLTLLLAILLIFLILI,0.3097396133669035,0.0628355654101116,R,99999900.0,-16.385500000000008,-6.757199999999997,12.310999999999979,690.6799999999998,-0.023723721549777047,-0.009783401864828864,0.017824462848207538,-0.01568164707245034
YLLLAVLLAALLTSL,Mutant,,void,12.0,LLLYLLLAVLLAFLLTSLILI,0.0471818922066802,LLLYLLLAVLLAALLTSLILI_0,1.1001100110011e+17,1.0,-74.0449,-70.5381,-74.0449,-228.434,-221.737,-244.055,-369.545,4601.7,3867.02,3821.4,-10.796,-3.85356,-77.8616,-81.1231,-51.4451,-85.6427,54.9436,-47.3594,7.99334,6.7638,6.08795,-3.92143,-81.4126,51.8134,-45.0,-373.398,8.0,5.7067,4.9839,0.0,LLLYLLLAVLLAALLTSLILI,0.19444225278322,0.0111169180027804,R,99999900.0,-26.4165,0.0,15.62100000000001,734.6799999999998,-0.03595647084444929,0.0,0.021262318288234352,-0.01469483312462569
LFLLIILLGTLLASL,Mutant,,clash,7.0,LLLLFLLGILLGTLLASLILI,0.8610239757267983,LLLLFLLIILLGTLLASLILI_2,1.1001100110011e+17,1.0,-74.072,-75.6322,-74.072,-226.213,-208.635,-242.461,-367.83,4616.08,3961.79,3647.8,-10.7225,4187.19,-78.2673,4103.62,-51.2972,-79.7595,56.0171,-43.6023,9.32449,6.02623,5.36649,3611.71,-75.337,50.8884,-45.0,11595.7,6.5,4.67048,3.93381,2.0,LLLLFLLIILLGTLLASLILI,0.278290972290821,0.1375421206792013,G,99999900.0,-26.97010000000001,0.0,16.24800000000002,654.29,-0.04122040685323024,0.0,0.024833025111189257,-0.016387993091748307
VALLALLTALLYSLL,Mutant,,void,7.0,LLLVALLFLLTALLYSLLILI,-0.0031570261976024,LLLVALLALLTALLYSLLILI_1,1.1001100110011e+17,1.0,-74.076,-74.076,-74.076,-220.015,-222.594,-240.459,-370.889,4567.93,3613.13,3707.8,-10.703,11.2496,-87.5014,-62.9692,-56.3542,-101.834,28.6133,18.1224,8.34186,5.63796,4.56716,-6.81835,-101.418,26.0133,19.6683,-377.648,8.5316,5.22449,4.11469,1.0,LLLVALLALLTALLYSLLILI,0.3092654368484531,0.026927956509497,L,99999900.0,-31.147200000000005,0.0,20.444000000000017,954.8000000000002,-0.032621700879765396,0.0,0.02141181399245917,-0.011209677419354837
FALLVALLLTLLSTL,Mutant,,void,4.0,LLLFYLLVALLLTLLSTLILI,0.0145975993285816,LLLFALLVALLLTLLSTLILI_1,1.1001100110011e+17,1.0,-87.9016,-87.9016,-87.9016,-227.837,-226.313,-242.275,-375.245,4588.25,3892.87,3951.85,-10.6775,-2.90981,-70.1837,-63.9401,-45.0683,-25.8751,81.9756,-33.8967,8.6824,1.44798,1.17761,-0.118652,-19.7119,80.3881,-36.3997,-375.611,9.0,0.309179,0.0150006,1.0,LLLFALLVALLLTLLSTLILI,0.3901647620539596,0.0370791018825966,R,99999900.0,-25.1154,0.0,14.438000000000017,695.3800000000001,-0.036117518479104944,0.0,0.02076274842532143,-0.015354913860047741
LYVLTSLLAILLFLL,WT,LLLLYVLTSLLIILLFLLILI,clash,,,,LLLLYVLTSLLAILLFLLILI_1,1.1001100110011e+17,1.0,-74.174,-62.8852,-74.196,-236.168,-232.194,-247.721,-367.546,4646.48,3855.83,3617.46,-10.6664,3600390.0,-67.87,3600310.0,-45.6289,-53.3257,71.3802,29.6546,10.4906,4.13518,3.70588,4671.54,-60.6875,54.8651,25.5985,8001.72,8.9175,3.00992,2.3329,1.0,LLLLYVLTSLLAILLFLLILI,0.1393865051295795,0.0414657744550554,L,99999900.0,-22.241100000000003,0.02199999999999136,11.552999999999997,790.6499999999996,-0.028130146082337333,2.782520710806472e-05,0.014612028078163539,-0.013490672231708094
AALLLSLLFTLLVFL,WT,LLLAALLLSLLFILLVFLILI,clash,,,,LLLAALLLSLLFTLLVFLILI_2,1.1001100110011e+17,1.0,-74.2589,-74.2589,-74.2294,-224.483,-221.184,-244.464,-361.652,4586.46,3811.17,3698.16,-10.6595,-6.29044,-73.569,-72.4991,-42.958,-55.8129,83.3947,-37.0028,8.26178,6.13022,5.88114,-9.94605,-56.0784,83.297,-37.0432,-372.023,8.1857,6.15685,5.9063,2.0,LLLAALLLSLLFTLLVFLILI,0.4826460405616286,0.0395050187460867,R,99999900.0,-30.611000000000004,-0.02949999999999875,19.980999999999995,775.29,-0.039483290123695655,-3.805027796050349e-05,0.025772291658605163,-0.013749048743050987
YLLLATLLAVLLSIL,WT,LLLYLLLAILLAVLLSILILI,clash,,,,LLLYLLLATLLAVLLSILILI_1,1.1001100110011e+17,1.0,-74.1784,-73.4824,-74.1784,-230.051,-229.53,-248.063,-378.184,4614.44,3893.2,3832.06,-10.6385,393.896,-84.5938,318.724,-55.9434,-47.5582,78.7741,-48.7625,8.58514,4.26824,3.94985,319.085,-46.7103,70.4803,-42.9747,18.5257,8.3098,3.02139,2.57859,1.0,LLLYLLLATLLAVLLSILILI,0.237155142072282,0.0412868425428191,R,99999900.0,-28.650400000000005,0.0,18.012,721.2399999999998,-0.03972380899561868,0.0,0.024973656480505802,-0.014750291165215467
YVLLFTLLATLLILL,Mutant,,clash,15.0,LLLYVLLFTLLATLLSLLILI,-0.0569113782030396,LLLYVLLFTLLATLLILLILI_2,1.1001100110011e+17,1.0,-63.5652,-72.5481,-72.6321,-246.341,-236.066,-254.53,-367.445,4687.69,4133.72,3851.49,-10.6332,88.9158,-68.1717,30.0848,-40.2828,-35.4638,95.4095,-50.8242,9.38513,4.69986,4.631,72.5446,-37.5163,77.3551,-44.2381,-278.529,8.0869,2.57038,2.23071,2.0,LLLYVLLFTLLATLLILLILI,0.2501500415823229,0.0235232638294689,R,99999900.0,-27.8889,9.066899999999997,8.188999999999993,553.9699999999993,-0.050343700922432684,0.01636713179414049,0.01478238893802914,-0.019194541220643742
ALLLFTLLAALLTSL,Mutant,,void,3.0,LLLYLLLFTLLAALLTSLILI,-0.1852057351986354,LLLALLLFTLLAALLTSLILI_1,1.1001100110011e+17,1.0,-80.7379,-80.7379,-88.0216,-226.255,-222.101,-238.876,-373.522,4502.32,3810.92,3714.33,-10.6291,2703.43,-77.1585,2632.74,-46.6245,-40.0539,78.1101,-44.3182,8.47246,3.05294,2.7246,2378.83,-41.3832,66.3868,-39.1389,2319.47,8.4387,1.6697,1.1655,1.0,LLLALLLFTLLAALLTSLILI,0.2922129564761372,0.0195299981512019,R,99999900.0,-30.534000000000006,7.28370000000001,12.62100000000001,691.3999999999996,-0.04416256870118603,0.010534712178189201,0.018254266705235778,-0.015373300549609495
YALLLSLLTALLVFL,WT,LLLYALLLILLTALLVFLILI,clash,,,,LLLYALLLSLLTALLVFLILI_1,1.1001100110011e+17,1.0,-74.3402,-66.5447,-74.3109,-235.844,-230.568,-249.988,-363.636,4684.08,4112.09,3884.13,-10.6084,-9.08774,-64.0608,-75.6112,-39.3376,-55.8091,93.2605,-46.4535,8.64608,7.46153,7.36044,-7.56902,-53.3345,81.1929,-45.0,-371.077,8.2083,5.46121,5.1791,1.0,LLLYALLLSLLTALLVFLILI,0.2843271243328187,0.0698686768546791,R,99999900.0,-24.7232,-0.02929999999999211,14.144000000000005,571.9899999999998,-0.04322313327156071,-5.122467175998203e-05,0.02472770502980823,-0.018546478085281218
YILLVALLATLLSLL,Mutant,,void,8.0,LLLYILLVFLLATLLSLLILI,-0.0969911144698396,LLLYILLVALLATLLSLLILI_1,1.1001100110011e+17,1.0,-74.1188,-74.1188,-74.1188,-236.972,-234.547,-247.84,-377.163,4620.49,4081.55,3964.12,-10.571,-9.27338,-76.6433,-77.7701,-55.2038,-87.9092,52.1223,-41.3067,9.31553,6.72289,6.00472,-1.94898,-79.5181,50.3906,-43.452,-378.85,8.9618,5.23044,4.4863,1.0,LLLYILLVALLATLLSLLILI,0.3168490010937625,0.081059378446822,R,99999900.0,-21.439499999999995,0.0,10.867999999999995,538.9399999999996,-0.03978086614465434,0.0,0.020165510075333067,-0.019614428322262234
FALLLTLLVALLSIL,Mutant,,void,4.0,LLLFYLLLTLLVALLSILILI,0.1201959229150486,LLLFALLLTLLVALLSILILI_2,1.1001100110011e+17,1.0,-76.2248,-75.2775,-74.2853,-227.866,-227.476,-243.101,-369.96,4571.7,4009.7,3969.99,-10.5619,-7.35557,-76.4311,-74.5623,-52.5734,-27.1495,78.6251,-44.9666,8.02113,1.1868,0.866177,-7.86528,-25.1949,78.0418,-44.1889,-377.928,8.1983,0.814873,0.485499,2.0,LLLFALLLTLLVALLSILILI,0.3848543288877951,0.0326229409527622,R,99999900.0,-23.8577,-1.9394999999999953,15.234999999999985,562.0,-0.042451423487544486,-0.0034510676156583545,0.027108540925266877,-0.01879341637010676
FYLLVILLTTLLSLL,Mutant,,clash,8.0,LLLFYLLVALLTTLLSLLILI,0.1263139467284643,LLLFYLLVILLTTLLSLLILI_1,1.1001100110011e+17,1.0,-94.6016,-81.5257,-87.9562,-237.803,-235.881,-251.82,-378.623,4706.48,4068.87,3907.17,-10.5618,14.1778,-56.7804,-47.0384,-38.8468,-26.5167,80.7053,-45.1322,9.95435,1.37271,1.08329,7.24374,-24.6133,82.1567,-42.3875,-370.489,8.9966,1.28315,1.0155,1.0,LLLFYLLVILLTTLLSLLILI,0.2790151037635425,0.1046698524253903,R,99999900.0,-17.9336,-6.645400000000009,14.016999999999996,637.6099999999997,-0.02812628409215666,-0.010422358495004804,0.02198365772180487,-0.016564671193990067
TALLIALLFLLLSVL,WT,LLLTALLIALLFILLSVLILI,clash,,,,LLLTALLIALLFLLLSVLILI_0,1.1001100110011e+17,1.0,-60.3412,-60.2627,-60.4084,-228.549,-226.712,-246.165,-367.736,4588.07,3771.88,3609.73,-10.5455,1387.27,-89.3919,1306.5,-61.1627,-50.6372,80.4568,-42.0605,8.19578,4.95725,4.6641,1026.56,-47.682,80.7227,-35.7606,1019.53,8.0,4.54986,4.2607,0.0,LLLTALLIALLFLLLSVLILI,0.4187104511624095,0.0289662425730298,R,99999900.0,-28.229200000000006,0.0671999999999997,17.615999999999985,816.1899999999996,-0.034586554601257084,8.233377032308622e-05,0.021583209791837678,-0.012920398436638534
YLLLAVLLIFLLTSL,Mutant,,clash,11.0,LLLYLLLAVLLAFLLTSLILI,0.0704983331934704,LLLYLLLAVLLIFLLTSLILI_0,1.1001100110011e+17,1.0,-74.1261,-70.5549,-74.2137,-242.024,-231.548,-253.141,-367.279,4699.64,4138.09,3752.98,-10.5419,1846.06,-61.6712,1780.88,-39.9243,-79.272,68.0151,-38.5978,9.82725,7.57284,7.09307,1838.87,-81.4126,51.8134,-45.0,1478.78,8.0,5.7067,4.9839,0.0,LLLYLLLAVLLIFLLTSLILI,0.17112581179643,0.1366671738577936,R,99999900.0,-21.746899999999997,0.087600000000009,11.11699999999999,561.5500000000002,-0.03872656041314218,0.0001559967945864286,0.01979699047279848,-0.018772860831626742
LAYLTFLLAVLLILL,Mutant,,void,4.0,LLLLYYLTFLLAVLLILLILI,-0.163737754314338,LLLLAYLTFLLAVLLILLILI_2,1.1001100110011e+17,1.0,-58.7552,-58.7552,-58.7552,-238.64,-229.341,-245.058,-351.074,4673.54,4039.74,3787.06,-10.5058,2497.46,-64.1848,2434.48,-47.2607,-65.0726,64.2058,30.4319,10.5178,4.92868,4.39176,1728.57,-70.366,39.5247,25.0484,2150.0,9.5,2.39073,1.4836,2.0,LLLLAYLTFLLAVLLILLILI,0.4277819956189344,0.0697120365251431,L,99999900.0,-16.924099999999996,0.0,6.418000000000006,633.8000000000002,-0.02670258756705584,0.0,0.010126222783212378,-0.016575891448406432
YVLLTTLLAALLSLL,Mutant,,void,11.0,LLLYVLLTTLLFALLSLLILI,-0.0910148438119549,LLLYVLLTTLLAALLSLLILI_2,1.1001100110011e+17,1.0,-90.5111,-87.945,-88.0341,-224.64,-229.151,-247.657,-382.073,4593.93,3940.29,3840.99,-10.4912,-8.20955,-77.4127,-73.1865,-46.382,-34.7902,74.383,-42.4272,8.21647,1.76023,1.37597,-2.51691,-36.943,72.2376,-39.9087,-381.581,8.4949,1.79353,1.37709,2.0,LLLYVLLTTLLAALLSLLILI,0.3815590339544394,0.0442887568487644,R,99999900.0,-31.030700000000003,-2.477000000000004,23.017000000000024,653.6400000000003,-0.04747368582094117,-0.003789547763294784,0.035213573220733145,-0.016050425310568498
AFLLALLLGTLLGSL,Mutant,,void,3.0,LLLYFLLALLLGTLLGSLILI,-0.1185329888624748,LLLAFLLALLLGTLLGSLILI_0,1.1001100110011e+17,1.0,-74.1108,-83.9993,-74.1108,-216.797,-216.428,-234.409,-352.236,4497.59,3548.06,3421.25,-10.4877,118016.0,-71.8154,117964.0,-43.7159,-71.7311,41.3085,-38.5111,7.56202,2.83631,1.95594,117871.0,-62.8637,50.8317,-39.7383,117664.0,6.5162,2.79183,2.05431,0.0,LLLAFLLALLLGTLLGSLILI,0.3880679680396023,0.0110395670243847,G,99999900.0,-28.0995,0.0,17.611999999999995,949.5300000000002,-0.029593061830589865,0.0,0.018548123808621097,-0.01104514865249123
VALLIALLFSLLTLL,Mutant,,void,4.0,LLLVYLLIALLFSLLTLLILI,-0.1019915959378121,LLLVALLIALLFSLLTLLILI_0,1.1001100110011e+17,1.0,-74.1826,-74.1896,-74.243,-228.557,-222.498,-242.601,-369.97,4641.01,3944.97,3952.8,-10.4695,-0.281132,-77.6993,-73.5627,-53.126,-12.357,104.869,-38.1815,8.86094,2.51081,2.58384,-0.175438,-17.6261,86.7132,-42.8643,-370.251,9.0,0.850202,0.650901,0.0,LLLVALLIALLFSLLTLLILI,0.4501367039262064,0.0303127666416734,R,99999900.0,-24.573299999999996,0.06040000000000134,14.044000000000011,696.0400000000004,-0.035304436526636375,8.677662203321836e-05,0.02017700132176312,-0.015041520602264229
YILLTALLVALLSAL,Mutant,,void,16.0,LLLYILLTALLVALLSLLILI,0.0724925604646427,LLLYILLTALLVALLSALILI_0,1.1001100110011e+17,1.0,-74.2045,-74.2045,-74.2045,-224.957,-220.858,-243.769,-365.809,4583.38,3962.0,3869.82,-10.4511,-5.55926,-77.0984,-76.3058,-47.8358,-27.3514,91.1074,-44.7707,8.07549,2.90221,2.76882,-5.40483,-28.5899,84.4588,-45.0,-371.368,8.1271,2.19042,1.9573,0.0,LLLYILLTALLVALLSALILI,0.2503581172686762,0.046613071599966,R,99999900.0,-29.2626,0.0,18.812000000000012,621.3800000000001,-0.047092922205413744,0.0,0.030274550194727877,-0.01681917667128005
TVLLAALLAFLLSIL,Mutant,,void,8.0,LLLTVLLALLLAFLLSILILI,-0.0116969335356088,LLLTVLLAALLAFLLSILILI_0,1.1001100110011e+17,1.0,-61.1048,-60.3188,-60.3188,-223.378,-222.783,-241.297,-358.699,4524.35,3808.02,3739.51,-10.4415,-5.50811,-84.658,-81.1049,-57.0828,-75.3419,51.9716,-39.1061,8.18755,4.81745,4.09703,-4.79727,-79.0843,48.947,-35.0,-364.207,8.4738,4.97049,4.20469,0.0,LLLTVLLAALLAFLLSILILI,0.3663309695960543,0.0426781925587133,R,99999900.0,-27.575200000000002,-0.7859999999999943,17.91900000000001,716.3300000000004,-0.03849510700375523,-0.0010972596429020059,0.025015007049823408,-0.014576382393589538
LFLLGTLLIVLLASL,Mutant,,clash,11.0,LLLLFLLGTLLGVLLASLILI,0.7613934958986047,LLLLFLLGTLLIVLLASLILI_1,1.1001100110011e+17,1.0,-73.9927,-74.4783,-73.9927,-232.148,-215.913,-241.233,-364.528,4674.07,3779.26,3568.83,-10.4366,200395.0,-68.824,200321.0,-49.3024,-78.1216,63.0671,-37.3775,9.27976,6.7323,6.1783,200013.0,-75.337,50.8884,-45.0,1254110.0,6.5,4.67048,3.93381,1.0,LLLLFLLGTLLIVLLASLILI,0.1933550502356102,0.0224907213356897,G,99999900.0,-19.5216,0.0,9.085000000000008,894.8099999999995,-0.02181647500586718,0.0,0.01015299337289482,-0.01166348163297237
AVLLYTLLFTLLSLL,WT,LLLAVLLYTLLFILLSLLILI,clash,,,,LLLAVLLYTLLFTLLSLLILI_1,1.1001100110011e+17,1.0,-87.9422,-87.8574,-87.9178,-232.918,-229.632,-250.562,-377.203,4604.39,3912.46,3765.69,-10.4313,-2.28378,-66.7746,-61.9975,-38.7233,-41.9469,75.241,-45.3064,8.73701,2.94957,2.57819,-6.23056,-38.0162,70.3818,-41.5919,-383.518,8.4877,1.70397,1.2597,1.0,LLLAVLLYTLLFTLLSLLILI,0.4043460322946865,0.0136389081095118,R,99999900.0,-28.051300000000005,-0.024399999999999977,17.644000000000005,691.9300000000003,-0.04054066162762128,-3.52636827424739e-05,0.02549968927492665,-0.015075657942277393
AALLLSLLATLLVYL,Mutant,,void,11.0,LLLAALLLSLLFTLLVYLILI,0.0591806701645269,LLLAALLLSLLATLLVYLILI_0,1.1001100110011e+17,1.0,-74.2323,-74.2029,-74.2029,-224.85,-221.786,-241.274,-371.955,4527.91,3750.31,3775.64,-10.4178,-5.85905,-83.2902,-81.8251,-56.4782,-52.9845,86.3659,-36.6506,8.25725,6.10708,5.90257,-5.92905,-54.7442,78.7538,-35.0,-377.814,8.4748,5.34339,5.0247,0.0,LLLAALLLSLLATLLVYLILI,0.2669754999899251,0.0388666774472944,R,99999900.0,-26.811999999999998,-0.02939999999999543,16.424000000000007,777.5999999999999,-0.03448045267489712,-3.7808641975302766e-05,0.021121399176954745,-0.013397376543209877
YSLLFVLLIILLTLL,Mutant,,clash,11.0,LLLYSLLFVLLAILLTLLILI,0.0522521922806138,LLLYSLLFVLLIILLTLLILI_0,1.1001100110011e+17,1.0,-70.2461,-68.3648,-58.8512,-240.087,-231.841,-257.942,-366.816,4728.2,4047.66,3873.69,-10.411,713.159,-66.894,646.549,-50.0231,-61.9246,80.6902,-40.8333,9.87115,6.68186,6.39221,665.707,-63.3956,71.5364,-35.2166,346.343,8.8874,5.66675,5.2398,0.0,LLLYSLLFVLLIILLTLLILI,0.1974595864650365,0.1163898068237618,R,99999900.0,-16.870900000000006,-11.3949,17.855000000000018,680.54,-0.024790460516648554,-0.016743909248537928,0.02623651805918832,-0.015298145590266553
YVLLFALLTVLLSLL,WT,LLLYVLLFILLTVLLSLLILI,clash,,,,LLLYVLLFALLTVLLSLLILI_2,1.1001100110011e+17,1.0,-74.2,-74.2394,-74.2788,-236.979,-230.283,-251.947,-367.21,4677.52,4069.96,3880.65,-10.4022,-5.21544,-66.4324,-67.9027,-40.9842,-44.3451,86.2501,-48.48,8.89849,4.79554,4.58929,-5.80962,-39.2116,82.5884,-44.5047,-373.303,8.7478,3.53117,3.27,2.0,LLLYVLLFALLTVLLSLLILI,0.3020050488080831,0.0387750526207098,R,99999900.0,-25.4482,0.07880000000000109,14.96799999999999,607.5600000000004,-0.04188590427282899,0.00012969912436631943,0.02463624991770357,-0.017121271973138445
TALLIALLFILLSVL,Mutant,,clash,12.0,LLLTALLIALLFLLLSVLILI,0.2238673360945165,LLLTALLIALLFILLSVLILI_2,1.1001100110011e+17,1.0,-60.5572,-59.7858,-60.4032,-231.111,-229.882,-246.156,-365.036,4550.25,3938.63,3649.59,-10.3956,1452.27,-83.763,1376.9,-58.4768,-50.3855,82.8247,-50.0708,8.56604,5.23916,4.98153,1443.61,-47.682,80.7227,-35.7606,1080.78,8.0,4.54986,4.2607,2.0,LLLTALLIALLFILLSVLILI,0.1948431150678922,0.0239981316424957,R,99999900.0,-25.286200000000008,-0.15400000000000347,15.045000000000016,611.6199999999999,-0.04134299074588799,-0.0002517903273274312,0.0245986069781891,-0.016996828095876527
YALLLTLLFILLSVL,WT,LLLYILLLTLLFILLSVLILI,clash,,,,LLLYALLLTLLFILLSVLILI_2,1.1001100110011e+17,1.0,-74.2896,-74.4262,-74.2478,-236.273,-234.928,-254.052,-370.992,4688.0,3981.43,3941.01,-10.3806,-8.97897,-70.8092,-70.616,-42.692,-58.9024,77.3561,-41.6626,8.9169,5.77843,5.43877,-8.61304,-55.2901,77.1212,-45.0,-379.636,8.8351,5.20488,4.8617,2.0,LLLYALLLTLLFILLSVLILI,0.1637325299104205,0.01506705230757,R,99999900.0,-28.117200000000004,-0.04179999999999495,17.778999999999996,706.5700000000002,-0.03979393407588774,-5.915903590584789e-05,0.025162404291153025,-0.014691537993404754
YALLFALLLILLVTL,Mutant,,clash,12.0,LLLYALLFALLLSLLVTLILI,0.0177294643574554,LLLYALLFALLLILLVTLILI_1,1.1001100110011e+17,1.0,-58.9494,-58.9494,-58.9494,-238.372,-239.935,-251.929,-355.903,4713.26,3938.98,3833.67,-10.3541,132.888,-68.9359,75.8699,-45.0249,-42.7394,96.5342,-43.9406,9.16845,5.94303,5.89104,126.322,-38.8884,87.4303,-44.355,-220.884,8.3134,4.13635,3.9478,1.0,LLLYALLFALLLILLVTLILI,0.2466844911942445,0.0275976584599302,R,99999900.0,-23.911,0.0,13.556999999999988,774.2800000000002,-0.030881593222090192,0.0,0.017509169809371266,-0.013372552564963577
YSLLAVLLAILLTLL,Mutant,,void,7.0,LLLYSLLFVLLAILLTLLILI,-0.0084012612723427,LLLYSLLAVLLAILLTLLILI_2,1.1001100110011e+17,1.0,-71.7705,-68.5833,-58.8512,-229.632,-223.448,-249.174,-366.534,4633.16,4015.91,3881.62,-10.3504,649.97,-75.4824,575.466,-58.509,-60.6946,79.4033,-42.7688,9.43715,6.32365,6.0147,623.599,-63.3956,71.5364,-35.2166,283.435,8.8874,5.66675,5.2398,2.0,LLLYSLLAVLLAILLTLLILI,0.2581130400179932,0.0275222869314111,R,99999900.0,-16.973399999999998,-12.9193,19.542,617.25,-0.02749842041312272,-0.020930417172944513,0.03165978128797084,-0.016768570271364927
TYLLTILLAALLSLL,Mutant,,void,12.0,LLLTYLLTILLAFLLSLLILI,0.0899265317741864,LLLTYLLTILLAALLSLLILI_0,1.1001100110011e+17,1.0,-90.76,-74.3811,-74.0863,-228.243,-228.669,-251.74,-384.076,4589.53,3818.75,3824.98,-10.3366,-5.30934,-75.41,-86.3358,-58.2495,-66.2129,55.3257,-41.9175,8.26648,3.90091,3.23079,0.434896,-68.2683,51.1623,-39.0156,-389.385,8.2586,3.64716,2.9146,0.0,LLLTYLLTILLAALLSLLILI,0.3382308861453309,0.0314225302047608,R,99999900.0,-17.1605,-16.67370000000001,23.497000000000014,770.7799999999997,-0.022263810685279852,-0.021632242663276183,0.030484703806533668,-0.013410571109784898
YSLLFVLLAILLTLL,WT,LLLYSLLFILLAILLTLLILI,clash,,,,LLLYSLLFVLLAILLTLLILI_2,1.1001100110011e+17,1.0,-70.92,-68.5833,-58.8512,-233.505,-227.263,-253.886,-359.636,4692.93,4028.8,3890.49,-10.3335,648.36,-65.545,584.569,-46.8996,-60.2785,79.2025,-41.5375,9.53652,6.23412,5.92215,428.054,-63.3956,71.5364,-35.2166,288.723,8.8874,5.66675,5.2398,2.0,LLLYSLLFVLLAILLTLLILI,0.2497117787456505,0.0673796104006832,R,99999900.0,-18.645400000000002,-12.068800000000003,20.381,664.1300000000001,-0.028074925089967326,-0.01817234577567645,0.0306882688630238,-0.015559453721409964
VYLLLALLFILLSIL,Mutant,,clash,12.0,LLLVYLLLALLFTLLSILILI,0.1825569257248409,LLLVYLLLALLFILLSILILI_2,1.1001100110011e+17,1.0,-66.8471,-66.6074,-60.3664,-233.988,-231.326,-248.831,-365.947,4650.82,3961.51,3946.04,-10.3146,23.0325,-75.4266,-44.9819,-56.7503,-26.0333,81.3558,-48.1841,9.26793,1.38803,1.10837,25.3507,-23.8784,81.123,-44.2433,-344.338,8.4762,1.03336,0.750204,2.0,LLLVYLLLALLFILLSILILI,0.2219731252003834,0.0724982934391601,R,99999900.0,-18.67629999999999,-6.480699999999999,14.84299999999999,689.3099999999995,-0.02709419564492029,-0.009401720561140857,0.02153312733022878,-0.01496365931148541
LYLLLIVLTSLLFSL,Mutant,,clash,8.0,LLLLYLLLAVLTSLLFSLILI,0.0516159177996495,LLLLYLLLIVLTSLLFSLILI_1,1.1001100110011e+17,1.0,-89.6344,-82.7199,-89.5398,-229.994,-221.887,-250.466,-381.727,4619.6,3816.25,3598.24,-10.2979,7495.68,-72.3967,7418.56,-41.7212,-12.5954,91.9096,31.5555,9.62634,0.797109,0.675753,6488.43,-14.6826,87.4327,18.0,7107.12,8.5,0.50581,0.317301,1.0,LLLLYLLLIVLTSLLFSLILI,0.2786212924393297,0.1457991182578607,L,99999900.0,-30.675499999999992,-0.0945999999999998,20.47200000000001,803.3500000000004,-0.03818447750046677,-0.00011775689301051814,0.025483288728449616,-0.012818696707537183
VALLLALLTSLLFIL,Mutant,,void,4.0,LLLVYLLLALLTSLLFILILI,-0.1829368674234778,LLLVALLLALLTSLLFILILI_0,1.1001100110011e+17,1.0,-74.3239,-74.3239,-74.3239,-228.574,-221.703,-242.31,-373.279,4574.95,3972.49,4016.99,-10.2547,1.57978,-80.6354,-75.6721,-56.6449,-24.016,102.808,-44.7067,8.06174,3.98145,4.02356,1.61478,-22.5179,92.1154,-45.0,-371.699,8.7339,2.31327,2.195,0.0,LLLVALLLALLTSLLFILILI,0.5870726574376707,0.0570137277891522,R,99999900.0,-23.990500000000004,0.0,13.73599999999999,602.46,-0.03982090097267869,0.0,0.022799853932211248,-0.017021379012714534
LIVLLFLLATLISLL,Mutant,,clash,4.0,LLLLAVLLFLLATLISLLILI,-0.0344989391764095,LLLLIVLLFLLATLISLLILI_2,1.1001100110011e+17,1.0,-74.1808,-74.1808,-74.1808,-226.086,-211.462,-245.451,-377.796,4608.21,3727.47,3631.73,-10.2432,97524.0,-87.7715,97431.8,-58.1641,-54.4486,69.3679,29.8535,9.28097,4.03196,3.57248,51577.4,-60.0299,56.8654,19.5041,97132.0,8.5832,3.18132,2.5343,2.0,LLLLIVLLFLLATLISLLILI,0.2940941728745118,0.0744740187824819,L,99999900.0,-29.607400000000005,0.0,19.36499999999998,880.7400000000002,-0.03361650430319958,0.0,0.02198719258805093,-0.011630220042237207
YSLLVILLATLLTLL,Mutant,,clash,8.0,LLLYSLLVALLATLLTLLILI,0.1721078892019802,LLLYSLLVILLATLLTLLILI_1,1.1001100110011e+17,1.0,-79.3344,-72.664,-72.5506,-238.128,-234.74,-252.348,-377.596,4651.6,3938.12,3817.85,-10.2298,2354.82,-70.3631,2284.62,-52.6971,-47.3345,75.8798,-38.5312,9.91123,3.84395,3.48214,2335.79,-46.3688,65.1745,-35.0,1965.56,8.3786,2.25388,1.7315,1.0,LLLYSLLVILLATLLTLLILI,0.2329128390506866,0.0346778949885595,R,99999900.0,-17.666000000000004,-6.783799999999999,14.220000000000027,713.4800000000005,-0.02476032965184727,-0.009508045074844417,0.019930481583225905,-0.014337893143465818
VYLLTALLAALLSFL,Mutant,,void,11.0,LLLVYLLTALLLALLSFLILI,0.0208375166459338,LLLVYLLTALLAALLSFLILI_1,1.1001100110011e+17,1.0,-75.6814,-80.4306,-74.1591,-236.12,-222.675,-240.025,-351.184,4583.69,4299.75,3670.71,-10.2273,1007.33,-49.61,959.252,-36.9998,-13.4247,106.211,-30.4498,11.541,2.85221,2.94538,652.67,-12.6474,89.5679,-35.0,947.521,8.0,0.488782,0.332301,1.0,LLLVYLLTALLAALLSFLILI,0.3181339982510286,0.0378782742665814,R,99999900.0,-12.610199999999999,-1.5223000000000013,3.905000000000001,283.9399999999996,-0.04441149538634929,-0.005361343945904077,0.01375290554342469,-0.03601922941466512
TYLLALLLGVLLISL,Mutant,,clash,15.0,LLLTYLLALLLGVLLGSLILI,0.531524858585884,LLLTYLLALLLGVLLISLILI_0,1.1001100110011e+17,1.0,-77.0408,-70.2348,-60.2923,-231.141,-228.063,-250.281,-372.272,4637.44,3743.16,3491.54,-10.2267,755998.0,-74.3173,755924.0,-61.6989,-64.5656,53.7968,-46.6291,8.70839,3.44741,2.75436,687678.0,-59.4498,45.2469,-38.8459,755626.0,6.6517,1.5258,0.704503,0.0,LLLTYLLALLLGVLLISLILI,0.27284606288726,0.0384438529407848,G,99999900.0,-12.618400000000001,-16.748500000000007,19.140000000000015,894.2799999999997,-0.014110122109406455,-0.018728474303350194,0.021402692668962765,-0.011435680100192335
LVLLISLLAALLTWL,Mutant,,void,11.0,LLLLVLLISLLFALLTWLILI,0.045757487784683,LLLLVLLISLLAALLTWLILI_0,1.1001100110011e+17,1.0,-74.1716,-74.1716,-74.1716,-233.165,-222.246,-246.023,-386.475,4524.79,3935.65,3857.55,-10.216,0.292929,-89.3545,-89.7645,-66.2807,-40.9762,89.6738,-44.6803,8.93494,4.7524,4.59751,2.41343,-37.8953,80.5167,-43.883,-386.182,8.888,3.05405,2.7618,0.0,LLLLVLLISLLAALLTWLILI,0.3373830914321507,0.056842612837919,R,99999900.0,-23.073800000000006,0.0,12.858000000000004,589.1399999999999,-0.03916522388566387,0.0,0.021825033099093605,-0.017340530264453275
AYLLVLLLATLLSFL,WT,LLLAALLVLLLATLLSFLILI,void,,,,LLLAYLLVLLLATLLSFLILI_0,1.1001100110011e+17,1.0,-74.1234,-73.1876,-74.1234,-228.863,-227.679,-247.749,-365.466,4634.77,3864.56,3807.55,-10.1925,-8.29478,-72.672,-72.8945,-43.5935,-74.5939,53.7974,-44.8311,8.6173,4.95174,4.2587,-9.01493,-76.864,48.8373,-44.7359,-373.761,8.5339,4.62264,3.8552,0.0,LLLAYLLVLLLATLLSFLILI,0.3495070647110619,0.0600410945123162,R,99999900.0,-29.0785,0.0,18.885999999999996,770.2100000000005,-0.03775398917178429,0.0,0.024520585294919545,-0.013233403876864743
TALLFVLLAILLSLL,Mutant,,void,4.0,LLLTYLLFVLLAILLSLLILI,-0.1557595569415983,LLLTALLFVLLAILLSLLILI_2,1.1001100110011e+17,1.0,-60.5039,-59.7726,-60.3872,-232.264,-233.034,-247.874,-368.146,4658.3,3926.06,3826.43,-10.1541,-9.56877,-85.5325,-84.9088,-59.8855,-70.3921,58.585,-47.3299,8.41888,4.96779,4.34656,-6.7104,-66.1502,63.0091,-42.2689,-377.788,8.387,4.92876,4.3739,2.0,LLLTALLFVLLAILLSLLILI,0.4529710037717817,0.0488242224289865,R,99999900.0,-25.647,-0.11670000000000158,15.609999999999985,732.2400000000002,-0.03502540150770238,-0.00015937397574565927,0.021318147055610154,-0.01386717469682071
YSLLTALLVALLALL,Mutant,,void,15.0,LLLYSLLTALLVALLFLLILI,-0.0672275253434954,LLLYSLLTALLVALLALLILI_0,1.1001100110011e+17,1.0,-66.8929,-70.6603,-51.6189,-225.667,-225.582,-256.15,-365.678,4671.84,3884.97,3888.69,-10.1364,-6.38936,-83.2539,-75.8246,-57.9085,-33.8096,89.4471,-42.5495,8.10109,3.6468,3.48851,-5.3627,-38.8884,87.4303,-44.355,-372.067,8.3134,4.13635,3.9478,0.0,LLLYSLLTALLVALLALLILI,0.3562606607820032,0.029949245463667,R,99999900.0,-25.345400000000005,-15.274000000000001,30.482999999999976,786.8700000000003,-0.0322104032432295,-0.019411084423094024,0.03873956307903461,-0.012881924587288873
LYLLVILLATLLALL,Mutant,,void,15.0,LLLLYLLVILLATLLFLLILI,-0.1664175924092671,LLLLYLLVILLATLLALLILI_0,1.1001100110011e+17,1.0,-58.8513,-58.8513,-58.8513,-226.723,-209.601,-244.508,-368.248,4626.35,3699.1,3703.34,-10.1083,99.5593,-92.7824,-0.236518,-64.8892,-63.0553,68.6229,13.6336,9.81576,5.22238,4.75172,100.538,-67.0014,49.6286,18.3874,-268.689,9.5,3.25007,2.4945,0.0,LLLLYLLVILLATLLALLILI,0.375427098709149,0.147104081167289,L,99999900.0,-27.893199999999993,0.0,17.784999999999997,927.2500000000005,-0.03008163925586409,0.0,0.01918037206794283,-0.010901375033701801
YSLLLILLAVLLIFL,Mutant,,clash,15.0,LLLYSLLLILLAVLLTFLILI,0.0804779668473197,LLLYSLLLILLAVLLIFLILI_1,1.1001100110011e+17,1.0,-45.101,-52.7519,-45.101,-247.393,-234.113,-254.957,-352.633,4743.64,4315.74,3766.27,-10.1028,29089.9,-70.2412,29024.2,-52.5743,-46.6657,80.5771,-43.773,10.6937,4.37776,4.08642,25707.8,-38.6138,67.2216,-35.9594,28731.9,8.7535,1.36698,0.875303,1.0,LLLYSLLLILLAVLLIFLILI,0.163064087322169,0.0309791325317566,R,99999900.0,-17.666900000000005,0.0,7.563999999999993,427.90000000000055,-0.04128745033886418,0.0,0.017677027342837073,-0.02361018929656459
VLLLTGLLAALLAYL,Mutant,,void,11.0,LLLVLLLTGLLFALLAYLILI,-0.007453671915194,LLLVLLLTGLLAALLAYLILI_1,1.1001100110011e+17,1.0,-59.4706,-58.6912,-58.7499,-222.031,-217.327,-236.184,-351.833,4511.98,3819.06,3744.82,-10.0889,1605.61,-80.4206,1529.79,-56.8987,-39.1205,74.6673,-49.3475,7.68831,2.44816,2.06817,1550.75,-38.7525,65.3789,-42.5319,1247.35,7.4041,1.13902,0.619703,1.0,LLLVLLLTGLLAALLAYLILI,0.2715211169361274,0.0111063958564796,G,99999900.0,-23.521899999999995,-0.7207000000000008,14.152999999999992,692.9199999999996,-0.03394605437857185,-0.0010400912082202869,0.02042515730531663,-0.014559978063845763
AALLLILTALLYVLL,Mutant,,void,3.0,LLLFALLLILTALLYVLLILI,0.0392744896197908,LLLAALLLILTALLYVLLILI_2,1.1001100110011e+17,1.0,-58.9052,-58.9052,-58.8808,-222.645,-221.639,-243.374,-364.041,4579.72,3668.07,3717.88,-10.0336,-6.22369,-92.5248,-89.7211,-61.7868,-114.238,7.68984,19.6166,9.39866,4.67388,3.28923,-6.72546,-115.762,1.87941,19.6398,-370.858,9.2964,4.11802,2.64621,2.0,LLLAALLLILTALLYVLLILI,0.3613266732040079,0.0369664391161009,L,99999900.0,-30.738,-0.024399999999999977,20.728999999999985,911.6500000000001,-0.03371688696319859,-2.6764657489167965e-05,0.022737892831678805,-0.011005978171447375
YALLLTLLVALLSIL,WT,LLLYALLLTLLVILLSILILI,clash,,,,LLLYALLLTLLVALLSILILI_0,1.1001100110011e+17,1.0,-74.2687,-74.2687,-74.2687,-232.258,-229.639,-249.021,-377.742,4645.81,3897.72,3886.17,-10.0296,-7.03235,-81.2451,-80.8662,-54.4525,-35.298,85.8368,-41.8785,8.32934,3.38267,3.17022,-6.93575,-37.8829,78.3957,-41.3335,-384.774,8.3984,2.76586,2.4418,0.0,LLLYALLLTLLVALLSILILI,0.3430245287538557,0.0334652658311673,R,99999900.0,-26.792599999999993,0.0,16.762999999999977,748.0900000000006,-0.035814674704915145,0.0,0.022407731690037246,-0.01340694301487788
LYVLLIILATLLFSL,Mutant,,clash,8.0,LLLLYVLLLILATLLFSLILI,0.0186298893088652,LLLLYVLLIILATLLFSLILI_1,1.1001100110011e+17,1.0,-74.2185,-74.2185,-74.2185,-235.593,-230.61,-247.963,-364.613,4611.52,3784.68,3581.33,-10.0196,115.179,-64.8215,55.3947,-42.4319,-59.8777,75.5322,16.6565,10.5943,5.67851,5.31149,116.299,-62.5739,62.4261,19.1703,-259.272,9.1885,4.31361,3.75,1.0,LLLLYVLLIILATLLFSLILI,0.2854459031179719,0.0439357310642911,L,99999900.0,-22.3896,0.0,12.370000000000005,826.8400000000006,-0.027078515795075208,0.0,0.014960572783126113,-0.012117943011949099
FVLLIALLATLLSLL,Mutant,,void,11.0,LLLFVLLIALLLTLLSLLILI,0.0659891318857971,LLLFVLLIALLATLLSLLILI_0,1.1001100110011e+17,1.0,-74.196,-74.196,-74.196,-230.622,-226.742,-240.805,-369.94,4643.33,4025.0,3976.54,-9.99564,-5.12947,-75.1181,-74.132,-54.9395,-16.8081,97.5629,-44.1925,8.915,2.19221,2.15565,-4.46907,-14.3135,93.6678,-45.0,-375.07,9.0,1.29218,1.1972,0.0,LLLFVLLIALLATLLSLLILI,0.2923388966667399,0.0466379501646824,R,99999900.0,-20.178599999999996,0.0,10.182999999999993,618.3299999999999,-0.03263403037213138,0.0,0.016468552391118,-0.016165542671389067
YALLLSLLFALLTIL,WT,LLLYALLLSLLFILLTILILI,clash,,,,LLLYALLLSLLFALLTILILI_2,1.1001100110011e+17,1.0,-74.2287,-66.9371,-74.1993,-233.173,-228.241,-251.424,-367.185,4675.14,3873.6,3694.94,-9.99257,2825.68,-69.7753,2753.67,-41.5614,-53.4524,83.9019,-45.4597,8.51987,5.84462,5.60315,2219.44,-54.1112,74.7115,-35.0,2449.41,8.1658,4.70273,4.3234,2.0,LLLYALLLSLLFALLTILILI,0.5147424045686388,0.0714868816220558,R,99999900.0,-28.213900000000002,-0.02940000000000964,18.251000000000005,801.5400000000004,-0.03519961573970106,-3.667939217008462e-05,0.022769917908027043,-0.01246671407540484
YVLLIILLALLLAFL,Mutant,,clash,7.0,LLLYVLLTILLALLLAFLILI,0.1166944351502667,LLLYVLLIILLALLLAFLILI_0,1.1001100110011e+17,1.0,-45.0659,-45.0659,-45.0659,-239.113,-230.029,-252.309,-352.298,4696.2,4114.5,3790.31,-9.99057,1215.98,-78.1093,1138.78,-54.9225,-48.0851,71.8394,-49.1074,9.42476,3.41108,2.98868,471.556,-53.6458,55.2229,-41.7266,863.686,8.6181,2.00196,1.3303,0.0,LLLYVLLIILLALLLAFLILI,0.2197447147340398,0.0894720185724793,R,99999900.0,-23.186800000000005,0.0,13.195999999999998,581.6999999999998,-0.03986040914560772,0.0,0.022685232937940523,-0.017174780814853022
YSLLLALLITLLVFL,Mutant,,clash,11.0,LLLYSLLLALLATLLVFLILI,0.0360687769118802,LLLYSLLLALLITLLVFLILI_2,1.1001100110011e+17,1.0,-67.2264,-54.9667,-58.8092,-232.448,-224.087,-253.476,-358.513,4715.3,4129.77,3795.51,-9.93428,532.317,-68.7726,452.858,-46.2275,-47.8933,78.7592,-45.6168,8.78547,4.31649,3.99788,363.185,-59.0896,67.569,-38.1162,173.804,8.0324,4.48526,3.9988,2.0,LLLYSLLLALLITLLVFLILI,0.2082763987897371,0.0532140252171367,R,99999900.0,-22.545099999999998,-8.417200000000001,21.02799999999999,585.5299999999997,-0.03850374874045737,-0.014375352244974646,0.035912762796099264,-0.0169663040322443
LAYLTVLLSILALLL,Mutant,,void,14.0,LLLLAYLTVLLSILFLLLILI,0.1493549733327205,LLLLAYLTVLLSILALLLILI_2,1.1001100110011e+17,1.0,-74.3184,-70.6957,-74.3763,-235.159,-226.631,-244.058,-374.66,4589.64,3976.39,3806.85,-9.9025,28.9472,-75.0851,-48.3858,-56.2252,-95.428,46.8911,22.9553,9.71052,7.1445,6.34787,31.7638,-94.2488,32.0172,18.3479,-342.541,9.3079,4.95964,3.9399,2.0,LLLLAYLTVLLSILALLLILI,0.2671082089530589,0.0355499338122967,L,99999900.0,-18.859899999999996,0.057900000000003615,8.899000000000001,613.2500000000005,-0.030754015491235194,9.441500203832625e-05,0.01451121076233183,-0.016147574398695463
SYLLVLLLILLLTFL,Mutant,,clash,11.0,LLLSYLLVLLLALLLTFLILI,0.1230459515447974,LLLSYLLVLLLILLLTFLILI_0,1.1001100110011e+17,1.0,-76.9069,-71.2457,-58.8832,-240.55,-239.358,-263.452,-379.206,4705.59,4032.26,3791.86,-9.90238,1300.16,-71.651,1231.56,-56.8704,-78.187,56.7894,-42.3019,10.4226,5.89462,5.24646,1275.53,-77.6256,57.7497,-43.493,920.952,8.7997,5.94005,5.3063,0.0,LLLSYLLVLLLILLLTFLILI,0.2651666932873194,0.0745511253257755,R,99999900.0,-14.7806,-18.02369999999999,22.901999999999987,673.3299999999999,-0.021951494809380245,-0.02676800380199901,0.03401303966851319,-0.014706577755335425
TALLLVLLAILLSFL,Mutant,,void,4.0,LLLTYLLLVLLAILLSFLILI,-0.0909823146037576,LLLTALLLVLLAILLSFLILI_1,1.1001100110011e+17,1.0,-64.2888,-62.6511,-60.4179,-231.193,-231.548,-246.667,-366.624,4575.09,4037.4,3893.4,-9.88274,-5.02648,-81.0255,-77.4521,-59.5398,-52.3734,52.4619,-51.1864,8.25379,1.43836,0.725289,-7.35868,-52.2236,53.6517,-43.5176,-374.05,8.4549,1.57652,0.881296,1.0,LLLTALLLVLLAILLSFLILI,0.2834453447862974,0.0499724419992005,R,99999900.0,-21.485699999999994,-3.870899999999992,15.47399999999999,537.69,-0.03995927021146012,-0.00719912960999831,0.028778664286112792,-0.018379995908423066
YVLLGLLLIFLLSTL,Mutant,,clash,11.0,LLLYVLLGLLLGFLLSTLILI,0.751443431989657,LLLYVLLGLLLIFLLSTLILI_1,1.1001100110011e+17,1.0,-74.1432,-74.0882,-74.0812,-252.743,-251.855,-252.427,-366.73,4666.42,4405.13,3676.19,-9.88099,333500.0,-49.725,333459.0,-40.2217,-92.3071,47.7473,-49.5649,10.4491,6.79194,6.00815,166344.0,-92.7718,28.0376,-44.4465,333422.0,7.5,4.20084,3.1214,1.0,LLLYVLLGLLLIFLLSTLILI,0.278716003517072,0.0338802982753638,G,99999900.0,-9.503300000000003,-0.06199999999999761,-0.3160000000000025,261.28999999999996,-0.03637069922308548,-0.0002372842435607854,-0.0012093842091163173,-0.037816181254544765
YWLLLALLVILLSTL,Mutant,,clash,12.0,LLLYWLLLALLVALLSTLILI,-0.0387384222429529,LLLYWLLLALLVILLSTLILI_0,1.1001100110011e+17,1.0,-74.1671,-58.7621,-74.1671,-244.657,-232.547,-256.167,-383.004,4716.02,4223.01,3702.18,-9.86702,401.23,-74.0463,309.536,-52.6695,-11.0411,111.617,-36.5477,10.4411,3.22448,3.39874,349.07,-15.029,89.2957,-37.6435,18.2266,8.2413,0.809265,0.6487,0.0,LLLYWLLLALLVILLSTLILI,0.3480990499176175,0.0204908468430816,R,99999900.0,-21.376800000000003,0.0,11.509999999999962,493.0100000000002,-0.04335976957871036,0.0,0.023346382426319867,-0.020013833390803423
YALLFVLLILLASLL,Mutant,,void,14.0,LLLYALLFVLLILLFSLLILI,-0.0552676038606428,LLLYALLFVLLILLASLLILI_0,1.1001100110011e+17,1.0,-60.4445,-60.4445,-60.4445,-226.64,-222.122,-250.732,-358.495,4710.29,3929.16,3898.07,-9.86618,-2.54677,-81.2775,-78.4755,-47.3192,-106.006,41.1462,25.1456,9.1597,7.95564,7.07284,-2.64343,-109.225,30.3317,25.4032,-361.042,9.5,6.97853,5.93351,0.0,LLLYALLFVLLILLASLLILI,0.2358790758216586,0.0663436546367471,L,99999900.0,-33.9583,0.0,24.092000000000013,781.1300000000001,-0.04347330149911026,0.0,0.03084249740760182,-0.01263065046791187
YWLLIVLALLLFSLL,Mutant,,clash,7.0,LLLYWLLTVLALLLFSLLILI,0.0931472118530193,LLLYWLLIVLALLLFSLLILI_2,1.1001100110011e+17,1.0,-60.4452,-60.4452,-60.4452,-242.052,-231.104,-259.544,-365.071,4793.84,3969.45,3810.39,-9.83776,8.11941,-72.4106,-65.4023,-45.0814,-100.416,40.5672,23.1392,9.95436,7.03904,6.14754,5.23316,-104.528,19.8573,25.1083,-362.494,9.5,4.85993,3.65779,2.0,LLLYWLLIVLALLLFSLLILI,0.299277114680091,0.0347703433511884,L,99999900.0,-27.3292,0.0,17.49199999999999,824.3900000000003,-0.03315081454166109,0.0,0.02121811278642388,-0.011933381045379002
YVLLATLLTFLLSLL,WT,LLLYVLLITLLTFLLSLLILI,clash,,,,LLLYVLLATLLTFLLSLLILI_1,1.1001100110011e+17,1.0,-85.2815,-85.4701,-87.8824,-231.866,-227.825,-252.734,-374.988,4670.19,3917.34,3864.95,-9.81488,-6.36269,-67.6562,-68.0556,-34.3724,-80.7603,59.4359,-42.8961,8.58809,6.63789,6.02943,-7.51265,-78.4017,57.601,-44.604,-382.568,8.4867,6.03639,5.40041,1.0,LLLYVLLATLLTFLLSLLILI,0.2953871853437927,0.0294725731078188,R,99999900.0,-33.2838,2.60090000000001,20.867999999999995,752.8499999999995,-0.044210400478182935,0.003454738659759596,0.027718669057581205,-0.013036966195125201
TALLVALLIALLFLL,Mutant,,void,4.0,LLLTYLLVALLIALLFLLILI,-0.0977705636465811,LLLTALLVALLIALLFLLILI_2,1.1001100110011e+17,1.0,-45.0773,-45.0773,-45.0773,-228.037,-226.055,-246.08,-350.921,4604.77,3762.93,3679.82,-9.80675,57.5184,-87.6129,-22.27,-59.7631,-20.3805,91.6085,-42.6032,8.21927,1.92422,1.79835,56.2486,-14.8656,89.0751,-39.4069,-293.402,8.0,0.754973,0.591099,2.0,LLLTALLVALLIALLFLLILI,0.4794202771506146,0.1408872155079278,R,99999900.0,-27.849799999999995,0.0,18.043000000000006,841.8400000000006,-0.03308205834837971,0.0,0.021432813836358446,-0.011649185118312259
TYLLLVLLAILLSAL,Mutant,,void,16.0,LLLTYLLLVLLAILLSFLILI,-0.1125774772900799,LLLTYLLLVLLAILLSALILI_0,1.1001100110011e+17,1.0,-60.5346,-62.6511,-60.4179,-234.823,-234.278,-250.054,-375.122,4613.71,3869.01,3946.07,-9.7663,-5.6381,-89.5314,-83.8315,-64.6502,-58.5053,52.8616,-41.435,8.45218,2.4121,1.70502,-5.33069,-52.2236,53.6517,-43.5176,-380.76,8.4549,1.57652,0.881296,0.0,LLLTYLLLVLLAILLSALILI,0.3050405074726199,0.0947023020944672,R,99999900.0,-24.881200000000007,-0.11669999999999447,15.230999999999995,744.6999999999998,-0.03341103800187997,-0.00015670739895259098,0.020452531220625753,-0.013114408486638918
VALLLALLFILLSTL,Mutant,,clash,12.0,LLLVALLLALLFALLSTLILI,0.0949775319128006,LLLVALLLALLFILLSTLILI_1,1.1001100110011e+17,1.0,-74.0912,-74.9751,-74.1211,-230.791,-231.543,-242.519,-375.202,4553.93,3941.67,3673.65,-9.72655,211.236,-80.0461,142.552,-58.5617,-32.5418,91.4573,-32.1072,10.0003,3.72801,3.59987,204.643,-32.5709,73.9857,-37.3157,-166.322,8.2281,1.37371,0.983496,1.0,LLLVALLLALLFILLSTLILI,0.2753310791263549,0.0539347816706908,R,99999900.0,-21.484399999999994,0.029899999999997817,11.728000000000009,612.2600000000002,-0.03509032110541271,4.883546205859897e-05,0.019155260836899363,-0.015886306471107038
LVLLTGLLFILLYAL,Mutant,,clash,12.0,LLLLVLLTGLLFGLLYALILI,0.0965086606698932,LLLLVLLTGLLFILLYALILI_0,1.1001100110011e+17,1.0,-58.7605,-58.7605,-58.7605,-231.874,-225.226,-245.714,-349.606,4663.6,3995.5,3678.4,-9.72487,1150.74,-68.6966,1085.12,-45.1312,-28.6364,88.8932,-43.88,9.1475,2.79603,2.62943,1060.69,-36.3206,72.3714,-40.8966,801.135,7.2598,1.71823,1.3038,0.0,LLLLVLLTGLLFILLYALILI,0.2276334135911991,0.0143664780355798,G,99999900.0,-23.565400000000004,0.0,13.840000000000003,668.1000000000004,-0.03527226463104324,0.0,0.020715461757221967,-0.014556009579404271
YALLTILLVALLFLL,Mutant,,clash,8.0,LLLYALLTSLLVALLFLLILI,0.064681002684729,LLLYALLTILLVALLFLLILI_0,1.1001100110011e+17,1.0,-58.9263,-51.6285,-58.9263,-240.658,-237.554,-252.149,-352.847,4742.17,4179.48,3821.84,-9.69867,83.0159,-62.9617,19.3511,-41.7723,-39.2705,88.2467,-45.2648,10.595,4.30388,4.12758,84.5793,-35.5651,88.7149,-39.2404,-269.831,9.0,3.81128,3.642,0.0,LLLYALLTILLVALLFLLILI,0.2823231845178529,0.0176422846759549,R,99999900.0,-21.1894,0.0,11.491000000000014,562.6900000000005,-0.03765732463701146,0.0,0.020421546499848946,-0.017236257975083956
LIFLLIVLYLLLSTL,Mutant,,clash,8.0,LLLLIFLLAVLYLLLSTLILI,0.1649119078685883,LLLLIFLLIVLYLLLSTLILI_0,1.1001100110011e+17,1.0,-74.2187,-74.1389,-74.2187,-241.838,-229.1,-252.19,-376.316,4591.18,3966.21,3638.74,-9.68821,51.5726,-69.947,-21.5043,-49.9071,-56.3651,73.9773,25.1339,11.1799,4.9417,4.55136,51.8972,-52.6824,67.6516,25.6825,-324.743,9.1288,3.53533,3.0501,0.0,LLLLIFLLIVLYLLLSTLILI,0.1852576880306837,0.1332711270403725,L,99999900.0,-20.039900000000003,0.0,10.352000000000004,624.9700000000003,-0.032065379138198624,0.0,0.016563995071763444,-0.015501880090244325
VALLIALLFTLLILL,Mutant,,clash,15.0,LLLVALLIALLFTLLSLLILI,0.0483194535838286,LLLVALLIALLFTLLILLILI_1,1.1001100110011e+17,1.0,-58.8866,-58.8866,-58.8866,-229.058,-225.784,-244.534,-364.191,4646.75,3771.03,3752.05,-9.68247,-6.91245,-85.9292,-86.4331,-60.7707,-37.6043,96.5751,-39.1848,8.76101,5.17829,5.12691,-0.516692,-35.9255,91.0265,-40.2111,-366.632,8.8691,4.1774,4.0428,1.0,LLLVALLIALLFTLLILLILI,0.4818157690276208,0.0323807898403202,R,99999900.0,-25.158499999999997,0.0,15.475999999999999,875.7199999999998,-0.02872893162197963,0.0,0.01767231535193898,-0.011056582012515418
ALLLVTLLAILLSAL,Mutant,,void,16.0,LLLALLLVTLLAILLSFLILI,-0.1658897706047147,LLLALLLVTLLAILLSALILI_1,1.1001100110011e+17,1.0,-74.2753,-77.8072,-74.1591,-225.106,-224.444,-237.484,-380.015,4491.48,3965.58,3887.26,-9.63897,-8.15412,-90.2722,-85.9172,-68.3711,-59.6453,55.3499,-47.7889,8.87389,2.91903,2.24928,-4.53513,-51.3087,52.0453,-45.0,-384.548,8.5127,1.22242,0.503099,1.0,LLLALLLVTLLAILLSALILI,0.3300320805625265,0.0448313039863174,R,99999900.0,-21.9011,-0.1162000000000063,12.378000000000014,525.8999999999996,-0.041644989541738,-0.00022095455409774933,0.02353679406731322,-0.018328522532800925
YWLLTALLLILLFVL,Mutant,,clash,12.0,LLLYWLLTALLLSLLFVLILI,0.0092452413071014,LLLYWLLTALLLILLFVLILI_2,1.1001100110011e+17,1.0,-58.8639,-58.8709,-58.8477,-246.229,-242.65,-259.13,-360.744,4772.07,4055.56,3777.23,-9.62224,283.146,-65.2733,223.923,-42.7657,-21.1945,92.3184,-44.1441,9.75375,2.14217,2.02694,206.874,-15.7577,89.9497,-39.1893,22.6104,8.0,1.00686,0.856105,2.0,LLLYWLLTALLLILLFVLILI,0.1931731151509133,0.0329735174544656,R,99999900.0,-22.507600000000004,-0.016199999999997772,12.900999999999982,716.5099999999998,-0.03141282047703453,-2.260959372513681e-05,0.018005331398026528,-0.013429317106530269
YLLLGALLIVLLSTL,Mutant,,clash,11.0,LLLYLLLGALLGVLLSTLILI,0.6660504969653543,LLLYLLLGALLIVLLSTLILI_0,1.1001100110011e+17,1.0,-74.1216,-75.1694,-74.1216,-234.561,-223.383,-246.868,-373.033,4642.32,4027.51,3694.3,-9.60858,3264.23,-73.959,3189.75,-52.0436,-65.5276,87.0425,-53.3208,8.3869,8.07988,7.88552,1759.06,-68.8165,69.6202,-43.3499,2891.19,7.0847,6.2212,5.7655,0.0,LLLYLLLGALLIVLLSTLILI,0.1543168777820949,0.0311681511047647,G,99999900.0,-21.915400000000005,0.0,12.306999999999988,614.8099999999995,-0.035645809274410016,0.0,0.020017566402628452,-0.01562853564515868
YLLLIILVALLLSLL,Mutant,,clash,7.0,LLLYLLLTILVALLLSLLILI,0.0887490324760321,LLLYLLLIILVALLLSLLILI_1,1.1001100110011e+17,1.0,-60.3989,-60.3989,-60.3989,-239.193,-230.97,-252.86,-384.347,4692.74,3895.45,3738.52,-9.55879,4381.48,-94.314,4288.5,-71.0884,-102.444,18.7969,28.4123,10.6847,4.40414,3.18609,1504.1,-108.73,3.38007,19.3936,3984.72,9.4542,3.26581,1.81651,1.0,LLLYLLLIILVALLLSLLILI,0.2786139567507526,0.0593949919116001,L,99999900.0,-23.2256,0.0,13.667000000000002,797.29,-0.029130680179106725,0.0,0.01714181790816391,-0.011989100578208683
VALLIALLFILLSLL,Mutant,,clash,12.0,LLLVALLIALLFTLLSLLILI,0.3364378635412137,LLLVALLIALLFILLSLLILI_0,1.1001100110011e+17,1.0,-60.3611,-60.2516,-60.3908,-233.523,-223.369,-243.364,-367.68,4586.44,3895.41,3749.76,-9.47097,14.7233,-83.2669,-69.336,-63.925,-35.5477,105.05,-39.0972,9.3836,6.01392,6.08967,14.6525,-35.9255,91.0265,-40.2111,-352.957,8.8691,4.1774,4.0428,0.0,LLLVALLIALLFILLSLLILI,0.1936973590702348,0.0214694932641177,R,99999900.0,-19.34190000000001,0.029699999999998283,9.841000000000008,691.0299999999997,-0.0279899570206793,4.297932072413397e-05,0.014241060446000915,-0.01370558441746379
LILLLILLAVLTFLL,Mutant,,clash,8.0,LLLLILLLYLLAVLTFLLILI,0.5057239717933546,LLLLILLLILLAVLTFLLILI_2,1.1001100110011e+17,1.0,-58.9634,-58.9634,-58.9634,-241.613,-233.997,-247.051,-375.613,4598.05,4102.78,3641.36,-9.47013,83.6422,-84.5074,0.989529,-69.5993,-58.2943,70.7218,28.4965,11.7672,4.79159,4.35242,82.9166,-56.3533,55.5834,26.7658,-287.359,9.4989,2.45675,1.7905,2.0,LLLLILLLILLAVLTFLLILI,0.1204694468586542,0.1036448121044097,L,99999900.0,-14.908100000000005,0.0,5.437999999999988,495.27000000000044,-0.03010095503462756,0.0,0.010979869566095228,-0.019121146041553076
LVILLILLTALLFLL,Mutant,,clash,5.0,LLLLVSLLILLTALLFLLILI,0.1084091435312343,LLLLVILLILLTALLFLLILI_0,1.1001100110011e+17,1.0,-58.976,-58.976,-58.8813,-237.473,-216.365,-248.076,-375.465,4629.7,3843.74,3553.9,-9.46117,111.67,-88.4767,11.546,-68.5073,-3.48207,112.961,17.739,10.7156,2.27208,2.4665,104.236,-2.1739,98.4581,19.6299,-263.795,9.2379,0.117928,0.0947994,0.0,LLLLVILLILLTALLFLLILI,0.3350145322932003,0.0255509568971662,L,99999900.0,-19.969399999999993,-0.09469999999999601,10.60299999999998,785.96,-0.02540765433355386,-0.00012048959234566136,0.013490508422820475,-0.01203772456613568
LTLLIALLVALLSAL,Mutant,,void,16.0,LLLLTLLIALLVALLSFLILI,-0.0102439941322641,LLLLTLLIALLVALLSALILI_2,1.1001100110011e+17,1.0,-68.4191,-67.8274,-60.4241,-218.279,-217.501,-237.561,-372.118,4534.28,3840.51,3828.05,-9.44808,-9.03241,-94.8681,-95.8221,-74.1333,-47.4599,83.5088,-36.9626,7.90302,4.89267,4.6453,-7.43685,-47.682,80.7227,-35.7606,-379.406,8.0,4.54986,4.2607,2.0,LLLLTLLIALLVALLSALILI,0.3653535734878237,0.0411050478829903,R,99999900.0,-20.734799999999993,-7.994999999999997,19.28200000000001,693.7699999999995,-0.029887138388803216,-0.01152399210112862,0.02779307263214037,-0.013618461449760016
AALLVLLLATLLSFL,Mutant,,void,4.0,LLLAYLLVLLLATLLSFLILI,0.1125579360149965,LLLAALLVLLLATLLSFLILI_0,1.1001100110011e+17,1.0,-74.1234,-73.1876,-74.1234,-227.196,-221.281,-239.601,-366.276,4545.77,4026.1,3857.52,-9.43485,-4.53881,-74.3911,-76.3467,-52.5518,-72.7271,63.8898,-44.8212,8.6541,6.03419,5.49254,-4.45126,-76.864,48.8373,-44.7359,-370.815,8.5339,4.62264,3.8552,0.0,LLLAALLVLLLATLLSFLILI,0.236949128696065,0.0208239559990598,R,99999900.0,-21.839299999999994,0.0,12.405000000000001,519.6700000000005,-0.04202532376315733,0.0,0.02387091808262934,-0.018155464044489755
FTLLVALLAYLLSLL,WT,LLLFTLLVALLIYLLSLLILI,clash,,,,LLLFTLLVALLAYLLSLLILI_2,1.1001100110011e+17,1.0,-67.1687,-62.542,-60.2706,-231.837,-227.781,-245.762,-353.573,4683.95,3804.42,3733.91,-9.41351,40154.0,-63.9805,40090.8,-47.5396,-41.8749,79.5001,-42.6711,8.06146,3.51376,3.20626,33645.5,-45.4715,65.5685,-35.0,39783.7,8.1631,2.17247,1.656,2.0,LLLFTLLVALLAYLLSLLILI,0.4557431978028272,0.04390144036664,R,99999900.0,-16.4409,-6.8980999999999995,13.925000000000011,879.5299999999997,-0.018692824576762593,-0.00784293884233625,0.015832319534296743,-0.010702886769069848
TALLAGLLALLLSVL,Mutant,,void,11.0,LLLTALLAGLLFLLLSVLILI,0.0470864645890695,LLLTALLAGLLALLLSVLILI_1,1.1001100110011e+17,1.0,-60.3478,-60.2509,-60.3184,-222.083,-218.747,-238.898,-369.105,4493.44,3749.91,3678.39,-9.39055,-5.31563,-96.0642,-95.4223,-69.8882,-73.9719,75.1385,-43.3796,7.56617,7.73948,7.36656,-5.25872,-68.8165,69.6202,-43.3499,-375.033,7.0847,6.2212,5.7655,1.0,LLLTALLAGLLALLLSVLILI,0.2880100062530045,0.0974382102979525,G,99999900.0,-26.176000000000002,-0.029400000000002535,16.814999999999998,743.5299999999997,-0.035205035439054254,-3.9541107957987635e-05,0.02261509286780628,-0.012629685419552677
VALLAALLFALLSTL,Mutant,,void,7.0,LLLVALLLALLFALLSTLILI,-0.0019314568649173,LLLVALLAALLFALLSTLILI_0,1.1001100110011e+17,1.0,-76.6097,-76.6744,-74.1918,-214.861,-212.268,-234.547,-353.449,4493.45,3681.7,3688.55,-9.38808,-6.5833,-71.3672,-71.0908,-44.7108,-31.283,79.3867,-37.8467,8.22629,1.90966,1.60046,-5.57666,-32.5709,73.9857,-37.3157,-360.033,8.2281,1.37371,0.983496,0.0,LLLVALLAALLFALLSTLILI,0.3722400679040731,0.0104690308292293,R,99999900.0,-26.656399999999998,-2.417900000000003,19.686000000000007,811.75,-0.032838189097628576,-0.00297862642439175,0.024251308900523568,-0.011565235602094241
YILLILLLGALLAFL,Mutant,,clash,7.0,LLLYILLTLLLGALLAFLILI,0.1127375881186401,LLLYILLILLLGALLAFLILI_0,1.1001100110011e+17,1.0,-49.4185,-51.5561,-44.9563,-226.619,-223.945,-247.82,-343.384,4680.61,3988.99,3712.09,-9.35285,162.504,-76.6992,94.621,-50.608,-50.1248,57.6629,-51.0402,7.43612,1.80321,1.16815,147.928,-48.1219,61.2568,-42.1281,-180.88,7.3101,1.98795,1.4068,0.0,LLLYILLILLLGALLAFLILI,0.1850987234052364,0.0312865414095635,G,99999900.0,-26.091200000000008,-4.462200000000003,21.200999999999993,691.6199999999999,-0.037724762152627184,-0.006451808796738098,0.030654116422312826,-0.013523105173361097
AFLLGTLLIVLLGLL,Mutant,,clash,11.0,LLLAFLLGTLLGVLLGLLILI,0.9982737843717686,LLLAFLLGTLLIVLLGLLILI_2,1.1001100110011e+17,1.0,-58.7211,-58.7457,-58.7211,-231.802,-228.449,-239.054,-349.283,4609.41,3941.33,3494.18,-9.30855,3112380.0,-68.0684,3112320.0,-51.5078,-89.8827,60.4856,-40.7771,9.49024,8.14796,7.55524,2016100.0,-92.5815,39.7325,-40.3169,3140720.0,6.7382,5.75111,4.8471,2.0,LLLAFLLGTLLIVLLGLLILI,0.3113151067711191,0.0811036777375985,G,99999900.0,-16.560599999999994,0.0,7.2520000000000095,668.0799999999999,-0.024788348700754394,0.0,0.010854987426655506,-0.013933286432762546
TYLLVALLAALLSLL,Mutant,,void,11.0,LLLTYLLVALLIALLSLLILI,-0.0761860947562819,LLLTYLLVALLAALLSLLILI_0,1.1001100110011e+17,1.0,-60.4016,-60.4016,-60.4016,-227.973,-228.02,-246.962,-369.852,4574.42,3751.75,3825.64,-9.30801,-7.68328,-90.7852,-89.1133,-62.4882,-19.4675,94.8385,-37.5908,8.63474,2.22333,2.14591,-5.75202,-20.3478,93.4489,-39.1406,-377.535,8.6526,2.16777,2.0695,0.0,LLLTYLLVALLAALLSLLILI,0.443072941200296,0.074609759755313,R,99999900.0,-28.297000000000004,0.0,18.988999999999976,822.6700000000001,-0.0343965381015474,0.0,0.023082159310537607,-0.011314390946552079
TALLVALLAALLSFL,Mutant,,void,12.0,LLLTALLVALLAYLLSFLILI,0.1940401156712833,LLLTALLVALLAALLSFLILI_2,1.1001100110011e+17,1.0,-60.3027,-58.5882,-60.3027,-227.038,-220.296,-239.688,-354.458,4507.85,3861.3,3819.01,-9.28464,-0.958637,-76.4027,-76.5327,-54.4677,-74.6658,72.6906,-34.478,8.15446,7.5131,7.10346,-2.17138,-69.0036,63.721,-36.3865,-356.267,8.0348,5.45288,4.9087,2.0,LLLTALLVALLAALLSFLILI,0.3373107357519334,0.0380679166285626,R,99999900.0,-21.934999999999995,0.0,12.649999999999977,646.5500000000002,-0.03392622380326346,0.0,0.019565385507694648,-0.01436028149408398
LALLIVLLATLLSFL,Mutant,,void,4.0,LLLLYLLIVLLATLLSFLILI,-0.0059626896984965,LLLLALLIVLLATLLSFLILI_0,1.1001100110011e+17,1.0,-76.9228,-70.3973,-74.1532,-230.041,-223.532,-242.75,-371.255,4576.81,4051.03,3964.98,-9.27153,-0.917177,-73.5633,-78.2427,-54.352,-52.8018,67.3564,-50.1657,7.81055,3.51339,3.02373,-0.763541,-56.568,53.9293,-45.0,-372.172,8.1133,2.26566,1.5746,0.0,LLLLALLIVLLATLLSFLILI,0.3162047305303433,0.052381183518646,R,99999900.0,-19.2113,-2.769599999999997,12.709000000000003,525.7800000000002,-0.03653866636235687,-0.005267602419262802,0.02417170679751987,-0.01763385826771653
AVLLIILLFTLLSLL,Mutant,,clash,8.0,LLLAVLLITLLFTLLSLLILI,0.0314285434683841,LLLAVLLIILLFTLLSLLILI_1,1.1001100110011e+17,1.0,-74.1914,-74.1914,-74.1914,-234.711,-231.478,-246.934,-379.809,4562.73,3917.39,3691.24,-9.26009,290.961,-80.1668,216.821,-58.684,-39.6084,87.1282,-46.352,10.0591,4.20356,4.01048,56.8564,-36.2869,84.2404,-44.7529,-320.951,9.0,3.31549,3.0791,1.0,LLLAVLLIILLFTLLSLLILI,0.3554565989161524,0.0775119514682879,R,99999900.0,-21.482799999999997,0.0,12.222999999999985,645.3399999999997,-0.03328911891406082,0.0,0.018940403508228208,-0.014349164781355572
TALLAALLFVLLSLL,Mutant,,void,7.0,LLLTALLIALLFVLLSLLILI,-0.0293120100905996,LLLTALLAALLFVLLSLLILI_2,1.1001100110011e+17,1.0,-60.468,-60.468,-60.468,-227.346,-226.649,-244.809,-365.891,4579.0,3756.31,3785.93,-9.25233,-7.06393,-87.329,-85.8374,-60.6143,-53.0494,80.3711,-37.8674,7.86056,5.30751,5.01308,-7.33813,-47.9836,80.2404,-36.9281,-373.119,8.0,4.52999,4.2336,2.0,LLLTALLAALLFVLLSLLILI,0.3676448938642851,0.0560095589866549,R,99999900.0,-26.714699999999993,0.0,17.462999999999994,822.69,-0.032472377201619065,0.0,0.021226707508295948,-0.011246435473872296
AYLLGTLLGILLILL,Mutant,,clash,15.0,LLLAYLLGTLLGILLALLILI,0.5406071372575773,LLLAYLLGTLLGILLILLILI_2,1.1001100110011e+17,1.0,-58.7536,-53.7255,-58.7536,-229.469,-227.867,-244.535,-361.759,4549.94,3725.04,3521.76,-9.25155,1605.16,-82.7874,1524.99,-58.4699,-70.0391,64.4334,-46.5302,8.30444,5.70438,5.17088,395.344,-71.7752,52.5548,-41.6943,76.6401,6.762,4.36118,3.6495,2.0,LLLAYLLGTLLGILLILLILI,0.4847099798843978,0.0274787566393142,G,99999900.0,-24.317500000000003,0.0,15.066000000000003,824.8999999999996,-0.029479330827979166,0.0,0.018264032003879268,-0.011215359437507582
LALLLAVLLSLLFTL,Mutant,,void,4.0,LLLLYLLLAVLLSLLFTLILI,-0.1172344811072977,LLLLALLLAVLLSLLFTLILI_2,1.1001100110011e+17,1.0,-74.2291,-74.2291,-74.2291,-226.08,-221.484,-242.495,-374.385,4555.57,3627.15,3536.94,-9.20758,38.2064,-83.2834,-40.4652,-57.661,-52.0927,82.4261,16.7121,9.78956,5.44143,5.17782,33.9694,-54.2352,70.7135,18.0,-344.817,9.2479,4.1816,3.7423,2.0,LLLLALLLAVLLSLLFTLILI,0.4161568831081073,0.0077463637066462,L,99999900.0,-25.6224,0.0,16.414999999999992,928.4199999999996,-0.027597854419336088,0.0,0.01768057560155964,-0.009917472695547278
AALLTLLLAILLSFL,Mutant,,void,4.0,LLLAYLLTLLLAILLSFLILI,0.1237549400633409,LLLAALLTLLLAILLSFLILI_1,1.1001100110011e+17,1.0,-74.2823,-74.1656,-74.1656,-229.334,-224.679,-240.594,-367.898,4541.13,3999.3,3894.62,-9.19757,-4.21436,-73.4793,-73.2682,-53.1384,-39.6649,78.4427,-47.2894,9.09586,3.0395,2.71614,-5.85018,-35.2789,74.0431,-44.1963,-373.13,8.7202,1.78765,1.3983,1.0,LLLAALLTLLLAILLSFLILI,0.1755182347057776,0.0264949380989559,R,99999900.0,-20.340899999999998,-0.11670000000000869,11.259999999999991,541.8299999999999,-0.03754111068047174,-0.0002153812081280267,0.02078142590849527,-0.01697501061218464
LALLTALLIALLFVL,Mutant,,void,4.0,LLLLYLLTALLIALLFVLILI,-0.1322809588776433,LLLLALLTALLIALLFVLILI_2,1.1001100110011e+17,1.0,-58.8048,-58.8048,-58.8048,-228.987,-227.552,-240.466,-351.768,4588.69,3946.73,3787.47,-9.19667,30.8747,-73.1737,-34.537,-52.4981,-18.9302,96.8424,-49.9913,8.7893,2.41325,2.36589,31.2273,-12.2918,89.7742,-43.52,-308.449,8.1539,0.463287,0.3099,2.0,LLLLALLTALLIALLFVLILI,0.4022929643054678,0.0728279619560028,R,99999900.0,-20.675599999999996,0.0,11.479000000000013,641.9599999999996,-0.03220699108978754,0.0,0.01788117639728335,-0.014325923733565962
AYLLILLLGTLLSFL,Mutant,,clash,7.0,LLLAYLLGLLLGTLLSFLILI,0.7234893270393123,LLLAYLLILLLGTLLSFLILI_0,1.1001100110011e+17,1.0,-73.6293,-81.3526,-74.0929,-227.717,-225.449,-247.131,-363.7,4637.16,3890.31,3611.58,-9.17445,3190940.0,-71.5275,3190880.0,-42.476,-75.7517,54.2722,-45.3107,8.49205,5.18951,4.50359,2783840.0,-80.4387,52.288,-45.0,3190580.0,6.6037,5.62468,4.909,0.0,LLLAYLLILLLGTLLSFLILI,0.333146727686717,0.0533110191833652,G,99999900.0,-29.051500000000004,0.46359999999999957,19.413999999999987,746.8499999999999,-0.03889870790654081,0.0006207404431947508,0.025994510276494597,-0.012284193613175337
YALLFALLASLLVTL,Mutant,,void,11.0,LLLYALLFALLLSLLVTLILI,-0.0291313034724743,LLLYALLFALLASLLVTLILI_2,1.1001100110011e+17,1.0,-74.2526,-74.2526,-74.2526,-229.487,-226.362,-245.833,-352.535,4600.29,3903.24,3893.03,-9.14926,-4.68326,-57.945,-56.604,-32.4497,-46.5278,88.3466,-39.4871,8.29971,5.40596,5.23116,-4.77188,-38.8884,87.4303,-44.355,-357.1,8.3134,4.13635,3.9478,2.0,LLLYALLFALLASLLVTLILI,0.2935452590241745,0.0366614006995889,R,99999900.0,-25.4953,0.0,16.346000000000004,697.0500000000002,-0.03657599885230614,0.0,0.023450254644573558,-0.013125686823039951
AFLLGVLLITLLGLL,Mutant,,clash,11.0,LLLAFLLGVLLGTLLGLLILI,0.7917726525468567,LLLAFLLGVLLITLLGLLILI_0,1.1001100110011e+17,1.0,-58.7088,-54.5449,-58.7088,-233.304,-218.74,-239.041,-349.236,4610.47,4037.4,3537.5,-9.10985,2826350.0,-66.3333,2826270.0,-51.4866,-87.3337,64.7694,-46.3614,10.2851,8.34392,7.81546,1181840.0,-92.5815,39.7325,-40.3169,2826000.0,6.7382,5.75111,4.8471,0.0,LLLAFLLGVLLITLLGLLILI,0.3593944428014186,0.1422261628951983,G,99999900.0,-14.846699999999991,0.0,5.736999999999995,573.0700000000002,-0.0259073062627602,0.0,0.010010993421397024,-0.01589657458949168
YALLAALLLSLLVTL,Mutant,,void,7.0,LLLYALLFALLLSLLVTLILI,-0.0956612208907816,LLLYALLAALLLSLLVTLILI_0,1.1001100110011e+17,1.0,-74.282,-74.2526,-74.2526,-232.385,-224.842,-244.611,-370.59,4590.82,4041.0,3880.74,-9.10659,-4.82822,-73.0287,-76.3227,-51.7259,-42.3484,98.2192,-50.5056,8.66292,6.11185,6.08514,-4.82963,-38.8884,87.4303,-44.355,-375.418,8.3134,4.13635,3.9478,0.0,LLLYALLAALLLSLLVTLILI,0.3600751764424819,0.0157852210814102,R,99999900.0,-21.302799999999998,-0.02939999999999543,12.225999999999999,549.8199999999997,-0.038745043832527026,-5.3472045396666995e-05,0.022236368265977968,-0.016562856934996917
TALLVALLIALLSLL,Mutant,,void,4.0,LLLTYLLVALLIALLSLLILI,-0.0833614296187938,LLLTALLVALLIALLSLLILI_2,1.1001100110011e+17,1.0,-60.4016,-60.4016,-60.4016,-224.468,-225.591,-243.199,-378.355,4533.16,3838.31,3802.01,-9.08061,1.97097,-102.566,-90.391,-74.7545,-18.7956,93.8585,-39.3116,8.56967,1.99024,1.89811,-7.95456,-20.3478,93.4489,-39.1406,-387.084,8.6526,2.16777,2.0695,2.0,LLLTALLVALLIALLSLLILI,0.450248276062808,0.0525168220465943,R,99999900.0,-27.81150000000001,0.0,18.731000000000023,694.8499999999999,-0.04002518529178961,0.0,0.026956897172051558,-0.013068446427286466
LAYLIVLLLTLFLLL,Mutant,,void,4.0,LLLLYYLIVLLLTLFLLLILI,-0.1741180008335436,LLLLAYLIVLLLTLFLLLILI_1,1.1001100110011e+17,1.0,-58.8727,-58.8727,-58.8727,-230.679,-228.466,-249.326,-360.747,4715.93,3934.93,3758.29,-9.07896,92.2291,-80.2745,18.8209,-52.5487,-66.1743,44.6253,14.2862,9.99193,2.45055,1.61993,79.6546,-69.4304,35.6276,19.061,-267.864,9.4613,1.72429,0.758704,1.0,LLLLAYLIVLLLTLFLLLILI,0.3641072625577271,0.0638754528598096,L,99999900.0,-27.725800000000007,0.0,18.64699999999999,781.0000000000005,-0.03550038412291932,0.0,0.023875800256081922,-0.01162478873239436
YLLLGALLITLLSFL,Mutant,,clash,11.0,LLLYLLLGALLGTLLSFLILI,0.3926647716703408,LLLYLLLGALLITLLSFLILI_1,1.1001100110011e+17,1.0,-73.9921,-58.581,-73.9921,-239.438,-238.195,-249.341,-362.431,4685.98,4097.22,3579.93,-9.04825,5610.54,-58.0484,5544.89,-39.0978,-68.5273,70.2883,-41.7278,9.48491,6.26802,5.82234,5155.56,-60.6857,64.7023,-38.4105,8994.2,7.3229,4.33767,3.8082,1.0,LLLYLLLGALLITLLSFLILI,0.1345158230439411,0.0273468830665029,G,99999900.0,-18.9506,0.0,9.90300000000002,588.7599999999993,-0.032187308920443004,0.0,0.016820096473945296,-0.015368316461716167
SYLLVFLLALLLITL,Mutant,,clash,15.0,LLLSYLLVFLLALLLATLILI,0.1983436172279519,LLLSYLLVFLLALLLITLILI_0,1.1001100110011e+17,1.0,-76.6931,-77.5297,-58.8168,-235.481,-232.811,-259.299,-366.55,4690.03,3910.18,3637.61,-9.02698,238.585,-63.4028,182.376,-48.4344,-53.7839,68.311,-45.0245,9.79587,3.78957,3.31423,229.695,-61.0036,57.271,-40.2845,-127.965,8.1019,3.38213,2.7412,0.0,LLLSYLLVFLLALLLITLILI,0.3097978284557472,0.0404857504458051,R,99999900.0,-14.968400000000003,-17.8763,23.817999999999984,779.8499999999999,-0.019193947554016804,-0.022922741552862735,0.030541770853369222,-0.011575277296916075
TALLAALLSVLLFLL,Mutant,,void,7.0,LLLTALLIALLSVLLFLLILI,-0.1206751914263208,LLLTALLAALLSVLLFLLILI_1,1.1001100110011e+17,1.0,-62.7278,-60.5374,-60.5374,-227.204,-226.844,-244.929,-366.74,4573.01,3714.85,3824.99,-8.98551,-6.68259,-85.7933,-86.0413,-61.2739,-61.9109,78.796,-42.1822,8.25625,6.42411,6.10605,-5.60501,-60.0354,75.7593,-43.336,-373.047,8.5306,5.73281,5.3692,1.0,LLLTALLAALLSVLLFLLILI,0.5050082880433199,0.0231216198695835,R,99999900.0,-24.519400000000005,-2.190400000000004,17.724999999999994,858.1600000000003,-0.028572061154097134,-0.0025524377738417115,0.02065465647431713,-0.010470669805164534
LVLLIILLFTLLSYL,Mutant,,clash,8.0,LLLLVLLIALLFTLLSYLILI,0.1205294156357002,LLLLVLLIILLFTLLSYLILI_0,1.1001100110011e+17,1.0,-74.1091,-63.3482,-74.1091,-241.476,-235.429,-253.092,-375.156,4636.54,4047.01,3817.13,-8.95863,53.7078,-68.5292,-22.6709,-47.9541,-38.1037,96.9783,-41.3411,10.0116,5.30763,5.26231,54.1963,-41.3452,86.0588,-44.4358,-321.448,8.523,4.31972,4.1106,0.0,LLLLVLLIILLFTLLSYLILI,0.2196857607846493,0.092349705546182,R,99999900.0,-20.575100000000006,0.0,11.616000000000014,589.5299999999997,-0.03490085322205828,0.0,0.019703831866062827,-0.015196224110732284
VYLLIILLTALLSLL,Mutant,,clash,8.0,LLLVYLLIALLTALLSLLILI,0.0993359035172602,LLLVYLLIILLTALLSLLILI_1,1.1001100110011e+17,1.0,-80.3747,-67.0095,-74.2144,-233.15,-233.478,-246.93,-383.311,4621.71,3890.66,3795.13,-8.88246,3.07699,-78.6693,-79.7469,-62.1667,-24.7571,87.0947,-46.6688,9.87057,1.97135,1.77778,15.0424,-22.0295,90.9785,-43.2966,-370.433,8.7631,2.08652,1.9512,1.0,LLLVYLLIILLTALLSLLILI,0.344276308552543,0.0355651118707093,R,99999900.0,-16.502600000000008,-6.1603000000000065,13.780000000000001,731.0500000000002,-0.02257383215922304,-0.008426646604199447,0.018849599890568357,-0.012150276998837285
SALLTVLLGTLLAFL,Mutant,,void,4.0,LLLSYLLTVLLGTLLAFLILI,0.0713827573240936,LLLSALLTVLLGTLLAFLILI_1,1.1001100110011e+17,1.0,-72.5499,-72.5499,-72.5499,-231.377,-226.357,-246.319,-360.686,4486.33,3986.46,3715.44,-8.86744,324.366,-65.6263,262.587,-41.8166,-46.282,79.306,-47.7958,8.56783,4.14861,3.83819,260.113,-49.156,60.31,-42.3523,-48.8634,7.5,2.01525,1.4199,1.0,LLLSALLTVLLGTLLAFLILI,0.2430903028009376,0.0572544642913624,G,99999900.0,-23.8097,0.0,14.941999999999979,499.8699999999999,-0.04763178426390863,0.0,0.02989177186068374,-0.01773949226798968
TSLLAVLLALLASLL,Mutant,,void,14.0,LLLTSLLAVLLALLFSLLILI,-0.0730963039038919,LLLTSLLAVLLALLASLLILI_2,1.1001100110011e+17,1.0,-82.094,-81.1947,-60.369,-217.207,-215.577,-253.264,-369.69,4494.88,3587.07,3587.38,-8.86173,65.8999,-79.251,-7.01858,-56.0569,-104.631,39.9596,26.2172,8.86178,7.58925,6.68864,68.8317,-105.741,26.387,21.3899,-309.282,8.7438,5.9234,4.81921,2.0,LLLTSLLAVLLALLASLLILI,0.2728488478891666,0.0312714484585587,L,99999900.0,-23.194100000000006,-21.724999999999994,36.057000000000016,907.81,-0.025549509258545298,-0.023931219087694557,0.03971866359700821,-0.009761657174959517
YALLAALLTVLLSLL,Mutant,,void,7.0,LLLYALLFALLTVLLSLLILI,0.0155685832002162,LLLYALLAALLTVLLSLLILI_0,1.1001100110011e+17,1.0,-74.259,-74.259,-74.3379,-229.417,-228.016,-244.531,-370.727,4598.11,4038.47,3918.83,-8.86144,-6.8962,-75.9128,-75.3482,-51.8585,-37.3378,88.5786,-41.2017,8.74387,4.05878,3.88746,-6.74026,-36.6602,86.1438,-39.3244,-377.624,8.6204,3.62844,3.4206,0.0,LLLYALLAALLTVLLSLLILI,0.3227153129017526,0.0708149691626514,R,99999900.0,-24.054300000000005,0.07890000000000441,15.114000000000004,559.6399999999999,-0.042981738260310216,0.0001409834893860418,0.027006647130298062,-0.015834179115145453
TVLLGALLIILLSLL,Mutant,,clash,11.0,LLLTVLLGALLGILLSLLILI,0.1379368902029337,LLLTVLLGALLIILLSLLILI_0,1.1001100110011e+17,1.0,-60.2863,-66.2589,-60.2863,-229.323,-225.417,-243.643,-380.199,4541.31,3830.01,3640.2,-8.83772,106689.0,-99.4279,106600.0,-76.2701,-75.0411,66.4377,-34.3756,9.17514,6.72525,6.22182,91944.1,-63.7261,69.6712,-42.7158,106309.0,7.3752,5.46453,5.0096,0.0,LLLTVLLGALLIILLSLLILI,0.2176224503196476,0.0252874066595705,G,99999900.0,-23.157799999999995,0.0,14.319999999999993,711.3000000000002,-0.03255700829467171,0.0,0.020132152397019525,-0.01242474342752706
YALLIALLFILLVLL,Mutant,,clash,12.0,LLLYALLIALLFTLLVLLILI,0.0587532834015595,LLLYALLIALLFILLVLLILI_1,1.1001100110011e+17,1.0,-45.0841,-45.0841,-45.0841,-236.893,-234.532,-252.847,-349.806,4791.2,4111.33,3966.62,-8.78986,58.4465,-76.6192,-11.7437,-51.8747,-36.937,96.6644,-38.3661,9.45357,5.09025,5.04022,50.7818,-28.8229,98.2271,-45.0,-327.264,8.6709,4.08409,4.0575,1.0,LLLYALLIALLFILLVLLILI,0.2453322422936559,0.0286339068312532,R,99999900.0,-24.74450000000001,0.0,15.954000000000008,679.8699999999999,-0.03639592863341523,0.0,0.02346625090090754,-0.012928736376071897
YLLLFTLLAVLLSIL,WT,LLLYLLLFILLAVLLSILILI,clash,,,,LLLYLLLFTLLAVLLSILILI_0,1.1001100110011e+17,1.0,-74.2003,-74.2003,-74.2003,-236.299,-228.124,-252.834,-371.023,4664.04,4002.63,3976.94,-8.78801,2.17388,-69.3115,-66.5243,-43.9887,-43.5525,74.4583,-49.1283,8.03493,3.08476,2.70163,1.72474,-43.9383,65.751,-42.91,-368.849,8.0,1.96713,1.4534,0.0,LLLYLLLFTLLAVLLSILILI,0.3055192579443512,0.0350778393402961,R,99999900.0,-25.322799999999994,0.0,16.534999999999997,661.4099999999999,-0.03828608578642597,0.0,0.024999622019624742,-0.013286781270316447
YALLIALLATLLVLL,Mutant,,void,11.0,LLLYALLIALLFTLLVLLILI,-0.0072226821304066,LLLYALLIALLATLLVLLILI_1,1.1001100110011e+17,1.0,-58.9842,-56.3733,-58.8653,-229.234,-229.365,-246.965,-362.986,4644.11,4080.47,4003.27,-8.78711,-6.43837,-83.5548,-83.6862,-57.1554,-33.5922,98.0188,-48.3092,8.55397,4.77137,4.74165,-4.03969,-28.8229,98.2271,-45.0,-368.609,8.6709,4.08409,4.0575,1.0,LLLYALLIALLATLLVLLILI,0.3113082078256222,0.0232931226296947,R,99999900.0,-26.3994,-0.11890000000000356,17.730999999999995,563.6399999999999,-0.04683734298488398,-0.00021095025193386486,0.03145802285146547,-0.015589933290752967
LFVLLILLTILLSLL,Mutant,,clash,8.0,LLLLFVLLALLTILLSLLILI,0.0073959708669676,LLLLFVLLILLTILLSLLILI_2,1.1001100110011e+17,1.0,-74.2574,-74.2587,-74.1899,-249.339,-236.269,-248.306,-387.261,4583.12,4257.28,3875.73,-8.77934,2408.88,-72.4436,2332.15,-64.7648,-35.0047,78.5097,31.213,11.8175,2.34951,2.02716,1798.73,-44.8132,57.5828,26.7672,2021.62,9.4293,0.995658,0.3594,2.0,LLLLFVLLILLTILLSLLILI,0.1765983341852745,0.080003348645776,L,99999900.0,-7.67880000000001,-0.06750000000000966,-1.032999999999987,325.84000000000015,-0.023566167444144383,-0.00020715688681564458,-0.0031702676160078156,-0.026943714706604456
LAYLLLTLIVLLFSL,Mutant,,clash,11.0,LLLLAYLLLTLAVLLFSLILI,0.0262663367088832,LLLLAYLLLTLIVLLFSLILI_0,1.1001100110011e+17,1.0,-74.2134,-74.2134,-74.2134,-235.239,-222.96,-247.066,-363.677,4674.91,3886.24,3544.57,-8.75202,137905.0,-62.9763,137838.0,-42.3977,-56.3626,76.2982,20.0524,10.8827,5.25464,4.89911,115785.0,-61.161,61.4936,18.0,137541.0,8.8181,3.97579,3.39819,0.0,LLLLAYLLLTLIVLLFSLILI,0.4507915422654356,0.0221567295477944,L,99999900.0,-20.5786,0.0,11.826999999999998,788.6700000000001,-0.02609278912599693,0.0,0.014996132729785585,-0.011097188938339228
LIVLLITLALLLLSL,Mutant,,clash,4.0,LLLLFVLLITLALLLLSLILI,-0.0781014421833639,LLLLIVLLITLALLLLSLILI_0,1.1001100110011e+17,1.0,-74.2301,-74.2301,-74.2301,-241.066,-223.83,-244.556,-397.746,4543.33,4089.49,3645.21,-8.74804,3676.0,-91.1979,3576.32,-78.959,-53.1479,85.8461,26.9114,11.6246,6.06141,5.8491,3653.94,-60.6709,65.7431,20.4901,3278.26,9.5,4.47595,3.9621,0.0,LLLLIVLLITLALLLLSLILI,0.4214137355048479,0.0391102413410696,L,99999900.0,-12.238900000000001,0.0,3.490000000000009,453.84000000000015,-0.02696743345672483,0.0,0.007689934778776679,-0.019275603736999818
YLLLTVLLAFLLIIL,Mutant,,clash,15.0,LLLYLLLTVLLAFLLSILILI,-0.0084157185090787,LLLYLLLTVLLAFLLIILILI_2,1.1001100110011e+17,1.0,-58.8196,-58.8299,-58.8884,-244.518,-241.794,-255.055,-360.466,4722.54,4170.07,3956.99,-8.72506,227.185,-65.8536,167.343,-46.5234,-56.6637,61.7538,-40.5288,10.6718,3.33633,2.76264,173.41,-57.4417,46.4343,-44.977,-312.522,9.0,1.38489,0.581405,2.0,LLLYLLLTVLLAFLLIILILI,0.2823530738043018,0.0623679752958875,R,99999900.0,-19.330199999999998,0.06879999999999598,10.537000000000006,552.4700000000003,-0.03498868716853402,0.00012453164877730184,0.019072528825094578,-0.01579282132966495
SALLTILLAFLLTLL,Mutant,,void,4.0,LLLSYLLTILLAFLLTLLILI,0.0892922694281305,LLLSALLTILLAFLLTLLILI_0,1.1001100110011e+17,1.0,-65.5544,-72.6683,-72.5872,-235.277,-232.569,-253.025,-374.891,4578.51,3897.55,3820.7,-8.67685,-6.87019,-82.7363,-76.524,-49.2787,-67.5395,64.3213,-47.3884,7.92438,5.31431,4.77913,-6.91604,-70.0938,55.5169,-41.2219,-381.761,8.0,4.50885,3.8416,0.0,LLLSALLTILLAFLLTLLILI,0.4033634817416187,0.0835490537613939,R,99999900.0,-33.4576,7.032799999999995,17.74800000000002,680.96,-0.04913298872180451,0.010327772556390969,0.026063204887218073,-0.012742084703947368
LFALTALLILLVSLL,Mutant,,void,5.0,LLLLFYLTALLILLVSLLILI,-0.0516422574234601,LLLLFALTALLILLVSLLILI_0,1.1001100110011e+17,1.0,-74.0136,-74.0692,-74.2373,-230.08,-216.363,-241.025,-367.273,4559.29,3753.79,3798.63,-8.65899,3.73768,-71.8384,-73.1034,-52.0105,-48.7334,69.8771,33.1645,9.38877,3.24342,2.79157,4.1108,-47.8829,56.4851,28.0,-363.535,9.5,1.30792,0.655196,0.0,LLLLFALTALLILLVSLLILI,0.3717099800314082,0.040682192462702,L,99999900.0,-19.827899999999993,0.223700000000008,10.944999999999993,805.5,-0.02461564245810055,0.0002777157045313569,0.013587833643699558,-0.010749832402234635
TSLLAALLFVLLILL,Mutant,,void,7.0,LLLTSLLLALLFVLLILLILI,-0.0028193342000146,LLLTSLLAALLFVLLILLILI_0,1.1001100110011e+17,1.0,-56.1237,-55.4563,-45.1106,-230.755,-227.411,-259.285,-337.031,4628.31,3766.16,3724.85,-8.65133,245.795,-58.8034,191.632,-32.635,-61.5212,69.8883,-50.7818,7.83231,5.16311,4.71143,231.853,-59.3177,76.0637,-43.9776,-91.2354,8.0334,5.66625,5.3072,0.0,LLLTSLLAALLFVLLILLILI,0.4076327936212072,0.0288839087389476,R,99999900.0,-26.168400000000005,-11.013100000000001,28.53000000000003,862.1500000000005,-0.030352490865858596,-0.012773995244447016,0.03309168938119818,-0.010034599547642515
YALLTALLFILLSLL,Mutant,,clash,12.0,LLLYALLTALLFVLLSLLILI,0.1411960707021841,LLLYALLTALLFILLSLLILI_1,1.1001100110011e+17,1.0,-74.3426,-74.1457,-74.2843,-238.968,-234.227,-251.48,-367.126,4683.53,4089.78,3828.41,-8.6431,7.13058,-62.4577,-51.6221,-41.3611,-52.669,91.8171,-50.4184,9.03555,6.79566,6.67292,12.6,-51.8061,81.4519,-44.6308,-358.888,8.0262,5.26692,4.9887,1.0,LLLYALLTALLFILLSLLILI,0.1815919276443781,0.0194378087383185,R,99999900.0,-21.096600000000002,-0.05830000000000268,12.512,593.7499999999995,-0.03553111578947372,-9.818947368421512e-05,0.021072842105263175,-0.014556800000000012
AFLLIILLGVLLGLL,Mutant,,clash,7.0,LLLAFLLGILLGVLLGLLILI,0.8610659001122163,LLLAFLLIILLGVLLGLLILI_2,1.1001100110011e+17,1.0,-44.9385,-51.2728,-44.9385,-226.611,-219.065,-239.829,-344.181,4584.87,4003.79,3546.5,-8.63742,49448.1,-81.269,49374.3,-59.4128,-78.0185,52.6711,-47.8638,9.86242,5.31337,4.60344,45224.6,-82.2405,38.4729,-43.0414,49103.9,7.0713,4.02991,3.107,2.0,LLLAFLLIILLGVLLGLLILI,0.3326234186856989,0.0201463366719404,G,99999900.0,-21.85620000000001,0.0,13.218000000000018,581.0799999999999,-0.03761306532663319,0.0,0.022747298134508192,-0.014864424864046261
TYLLIVLLAALLSFL,Mutant,,void,12.0,LLLTYLLIVLLALLLSFLILI,0.0852575274389572,LLLTYLLIVLLAALLSFLILI_1,1.1001100110011e+17,1.0,-60.4129,-60.4129,-60.4129,-236.215,-235.6,-250.891,-357.266,4630.66,3929.63,3929.68,-8.60828,-4.74362,-69.2465,-65.9968,-45.9622,-67.0847,57.8754,-41.5291,8.99332,4.37588,3.74401,-4.87466,-65.3764,53.0016,-44.5512,-363.784,8.8858,3.46168,2.7567,1.0,LLLTYLLIVLLAALLSFLILI,0.3382116548957541,0.0213314225205312,R,99999900.0,-23.284299999999995,0.0,14.675999999999988,701.0299999999997,-0.033214413077899664,0.0,0.020934910060910365,-0.012279474487539768
YALLLVLITLLASLL,Mutant,,void,14.0,LLLYALLLVLITLLFSLLILI,-0.0861138811053319,LLLYALLLVLITLLASLLILI_0,1.1001100110011e+17,1.0,-70.685,-74.2388,-74.3072,-228.553,-220.483,-249.022,-376.05,4646.86,3890.28,3783.35,-8.57337,-0.110774,-85.3862,-81.4396,-52.7207,-104.652,44.709,23.6526,9.45963,8.23359,7.40423,0.0190336,-109.692,28.2633,28.0,-376.161,9.5,6.76935,5.6933,0.0,LLLYALLLVLITLLASLLILI,0.4713571425428215,0.0738087834055351,L,99999900.0,-32.6655,3.6221999999999923,20.468999999999994,756.5799999999995,-0.04317520949536074,0.004787596817256596,0.027054640619630452,-0.011331742842792576
TSLLAVLAALLFSLL,Mutant,,void,10.0,LLLTSLLAVLLALLFSLLILI,-0.0453763068711647,LLLTSLLAVLAALLFSLLILI_0,1.1001100110011e+17,1.0,-82.1467,-82.9886,-60.369,-211.773,-211.431,-255.407,-365.236,4519.81,3584.4,3517.93,-8.55949,54.015,-79.8765,-16.8012,-49.4607,-103.869,32.1961,26.4626,9.09111,6.42677,5.40971,52.961,-105.741,26.387,21.3899,-311.221,8.7438,5.9234,4.81921,0.0,LLLTSLLAVLAALLFSLLILI,0.2451288508564391,0.0060603326684298,L,99999900.0,-30.41579999999999,-21.777699999999996,43.634000000000015,935.4100000000003,-0.032516009022781435,-0.023281448776472338,0.04664692487786105,-0.009150522230893403
LILLTILLFVLASLL,Mutant,,clash,4.0,LLLLALLTILLFVLASLLILI,0.1194903077313641,LLLLILLTILLFVLASLLILI_2,1.1001100110011e+17,1.0,-74.2017,-74.2607,-74.193,-246.53,-223.189,-245.357,-380.755,4562.34,4342.75,3725.22,-8.53767,848.332,-68.5604,765.027,-61.2052,-101.322,33.5898,38.341,11.8802,6.23294,5.23678,841.91,-95.5434,21.4906,28.0,446.696,9.3253,3.73274,2.5551,2.0,LLLLILLTILLFVLASLLILI,0.1882112696795783,0.0452119636919586,L,99999900.0,-7.3552000000000035,-0.008700000000004593,-1.1730000000000018,219.59000000000015,-0.03349515005237032,-3.961929049594511e-05,-0.0053417733047953055,-0.03888004918256749
LALLVTLLALLFILL,Mutant,,void,4.0,LLLLYLLVTLLALLFILLILI,-0.1303636651801807,LLLLALLVTLLALLFILLILI_1,1.1001100110011e+17,1.0,-58.8556,-51.7733,-58.8556,-237.231,-233.786,-244.504,-366.831,4608.39,3897.27,3793.37,-8.50137,110.089,-79.2464,28.8175,-63.472,-62.798,71.2486,16.3635,10.4877,5.53826,5.10699,111.997,-64.0373,57.892,18.4788,-255.552,9.391,3.92102,3.2894,1.0,LLLLALLVTLLALLFILLILI,0.3670368063696438,0.0431948357689037,L,99999900.0,-15.774399999999993,0.0,7.272999999999996,711.1200000000003,-0.02218247271909099,0.0,0.010227528405894916,-0.011954902126223415
FALLVALLLTLLSLL,Mutant,,void,4.0,LLLFYLLVALLLTLLSLLILI,-0.0001228047285926,LLLFALLVALLLTLLSLLILI_1,1.1001100110011e+17,1.0,-74.1425,-74.1425,-74.1425,-230.219,-228.745,-242.993,-373.388,4633.66,4024.49,4011.41,-8.47631,-7.84381,-77.5028,-78.3449,-56.2528,-18.3925,90.8756,-39.6502,8.8619,1.52708,1.39021,-5.35228,-16.5696,85.3931,-40.833,-379.73,8.844,0.513503,0.294399,1.0,LLLFALLVALLLTLLSLLILI,0.4182169476913858,0.0449317655094744,R,99999900.0,-21.249999999999993,0.0,12.774000000000001,609.1700000000001,-0.034883530049083164,0.0,0.02096951589868181,-0.01391452303954561
YSLLLILLIVLLTFL,Mutant,,clash,11.0,LLLYSLLLILLAVLLTFLILI,0.0336793944103986,LLLYSLLLILLIVLLTFLILI_2,1.1001100110011e+17,1.0,-58.8872,-59.9266,-58.8872,-247.779,-237.951,-258.076,-363.662,4748.22,4327.14,3838.99,-8.41384,29252.2,-65.4094,29186.4,-46.6984,-42.4515,79.0774,-44.7345,10.6478,3.54317,3.22933,24069.2,-38.6138,67.2216,-35.9594,28888.6,8.7535,1.36698,0.875303,2.0,LLLYSLLLILLIVLLTFLILI,0.2098626597590905,0.0904273554374433,R,99999900.0,-18.711000000000006,0.0,10.297000000000025,421.0799999999999,-0.044435736677116006,0.0,0.024453785503942307,-0.019981571197872142
TALLAALLLSLLFVL,Mutant,,void,7.0,LLLTALLIALLLSLLFVLILI,0.1089272296187934,LLLTALLAALLLSLLFVLILI_1,1.1001100110011e+17,1.0,-60.3917,-60.421,-60.3945,-227.121,-226.333,-246.545,-366.836,4547.13,3729.47,3743.11,-8.41265,-4.05027,-87.7352,-84.1315,-59.8957,-37.5138,91.8546,-38.7386,8.04264,4.52743,4.40525,-5.73803,-32.2597,92.0409,-42.2469,-372.668,8.0874,3.76448,3.64509,1.0,LLLTALLAALLLSLLFVLILI,0.3160240233801754,0.021564432678733,R,99999900.0,-27.839500000000008,0.00280000000000058,19.423999999999978,817.6600000000003,-0.03404777046694225,3.4244062324200508e-06,0.023755595235183294,-0.010288689675415205
FSLLVLLTALLALLL,Mutant,,void,14.0,LLLFSLLVLLTALLYLLLILI,-0.0454465399280306,LLLFSLLVLLTALLALLLILI_2,1.1001100110011e+17,1.0,-66.6615,-68.6843,-58.8892,-226.384,-222.577,-243.069,-361.286,4647.41,3918.64,3866.49,-8.40021,24.6934,-76.6409,-45.3314,-59.3286,-103.313,27.519,20.5557,9.89514,5.71206,4.62484,25.6878,-99.1745,22.4175,18.2946,-335.87,9.5,4.40254,3.2388,2.0,LLLFSLLVLLTALLALLLILI,0.3141325028523198,0.0617517883109971,L,99999900.0,-17.3123,-7.772300000000001,16.685000000000002,728.77,-0.023755505852326525,-0.010664956021790142,0.0228947404530922,-0.0115265584477956
LSLLFILLIALLVTL,Mutant,,clash,8.0,LLLLSLLFALLIALLVTLILI,0.0958528727884054,LLLLSLLFILLIALLVTLILI_1,1.1001100110011e+17,1.0,-64.9427,-68.4974,-58.8343,-234.093,-232.832,-241.769,-364.113,4588.54,4083.71,3775.35,-8.39672,1713.26,-73.4739,1650.47,-63.5091,-47.5649,74.8045,-32.3735,10.4325,3.73335,3.35541,1444.33,-39.3076,75.987,-35.0,1421.95,8.4047,2.65439,2.2942,1.0,LLLLSLLFILLIALLVTLILI,0.1987838908234184,0.0171418935130833,R,99999900.0,-9.964800000000004,-6.108400000000003,7.676000000000016,504.8299999999999,-0.019738922013351038,-0.012099914822811647,0.015205118554761043,-0.016632767466275778
TFLLGLLLIVLLAIL,Mutant,,clash,11.0,LLLTFLLGLLLGVLLAILILI,0.8388629983651485,LLLTFLLGLLLIVLLAILILI_2,1.1001100110011e+17,1.0,-44.9935,-49.5496,-44.9935,-238.085,-231.263,-248.059,-356.907,4618.57,4052.95,3559.95,-8.37907,32004.5,-82.2075,31928.4,-63.8543,-81.7552,56.7688,-32.0031,11.1132,6.42707,5.7786,22213.6,-75.4208,48.7219,-40.9997,31647.6,7.4067,4.39057,3.6214,2.0,LLLTFLLGLLLIVLLAILILI,0.3924655740885023,0.0417472099300332,G,99999900.0,-18.353199999999994,0.0,9.97399999999999,565.6199999999999,-0.032447933241398816,0.0,0.01763374703864784,-0.014813956366465122
YILLVALLFALLTLL,Mutant,,clash,4.0,LLLYSLLVALLFALLTLLILI,0.1243509956066492,LLLYILLVALLFALLTLLILI_2,1.1001100110011e+17,1.0,-58.8685,-51.5659,-58.8685,-230.05,-230.01,-250.823,-352.62,4768.48,3937.99,3754.61,-8.3778,45963.6,-72.0796,45892.5,-42.9284,-34.7069,81.9073,-52.5734,8.94059,2.76352,2.49213,29058.7,-40.2159,66.0014,-36.8044,46254.0,8.4291,1.44258,0.932602,2.0,LLLYILLVALLFALLTLLILI,0.256513180444595,0.0369964793503036,R,99999900.0,-29.151199999999996,0.0,20.772999999999996,830.4899999999998,-0.03510120531252634,0.0,0.025012944165492663,-0.010087779503666513
YFLLAILLIVLLTLL,Mutant,,clash,11.0,LLLYFLLAILLAVLLTLLILI,0.0732761569691556,LLLYFLLAILLIVLLTLLILI_0,1.1001100110011e+17,1.0,-58.8246,-58.6676,-58.8246,-238.264,-226.777,-251.471,-358.243,4741.67,4114.72,3831.91,-8.3588,469.028,-69.5127,396.23,-47.9468,-72.4794,70.7546,-44.7307,10.4984,6.92378,6.4851,458.376,-76.5455,57.3918,-43.7935,110.786,8.5484,5.72972,5.0906,0.0,LLLYFLLAILLIVLLTLLILI,0.1635201113534068,0.0400275979593814,R,99999900.0,-21.565899999999992,0.0,13.206999999999994,626.9499999999998,-0.034398117872238614,0.0,0.021065475715766804,-0.013332482654119153
YWLLTVLALLLASLL,Mutant,,void,14.0,LLLYWLLTVLALLLFSLLILI,0.0232700949233787,LLLYWLLTVLALLLASLLILI_2,1.1001100110011e+17,1.0,-77.068,-67.0937,-74.1644,-220.363,-224.803,-253.764,-375.07,4695.89,3883.75,3840.03,-8.35287,15.6871,-85.9923,-67.4861,-47.142,-104.112,20.2426,24.8254,9.60482,4.84962,3.65326,-2.17302,-104.528,19.8573,25.1083,-383.213,9.5,4.85993,3.65779,2.0,LLLYWLLTVLALLLASLLILI,0.3691542316097317,0.0279031120982973,L,99999900.0,-38.8503,-2.9035999999999973,33.40100000000001,812.1400000000003,-0.047836949294456595,-0.0035752456473021844,0.04112714556603541,-0.010285012436279455
TSLLVGLLAYLLGAL,Mutant,,void,16.0,LLLTSLLVGLLAYLLGLLILI,0.1673206808114028,LLLTSLLVGLLAYLLGALILI_2,1.1001100110011e+17,1.0,-58.5035,-54.1322,-44.9603,-223.947,-222.428,-248.438,-343.191,4532.36,3736.64,3636.26,-8.29695,1559750.0,-69.0372,1559690.0,-49.7928,-41.5265,77.4606,-43.0153,7.66035,3.18616,2.84807,696421.0,-47.0876,58.6724,-35.0,1556810.0,7.44,1.48391,0.863996,2.0,LLLTSLLVGLLAYLLGALILI,0.2607282454852709,0.0139689458769662,G,99999900.0,-19.2444,-13.543200000000006,24.490999999999985,795.7199999999998,-0.0241848891569899,-0.01702005730659027,0.030778414517669522,-0.010426971799125323
LAYLTVLLSILFALL,Mutant,,void,15.0,LLLLAYLTVLLSILFLLLILI,0.0195093185545278,LLLLAYLTVLLSILFALLILI_1,1.1001100110011e+17,1.0,-70.7353,-70.6957,-74.3763,-227.894,-223.39,-245.008,-356.415,4592.4,3842.83,3742.47,-8.22665,31.5472,-66.0124,-30.782,-37.0308,-94.4356,39.574,24.7153,9.67026,6.00783,5.10144,28.9735,-94.2488,32.0172,18.3479,-327.559,9.3079,4.95964,3.9399,1.0,LLLLAYLTVLLSILFALLILI,0.3969538637312522,0.0587875315245497,L,99999900.0,-28.9816,3.6410000000000053,17.114000000000004,749.5699999999997,-0.03866430086582976,0.004857451605587212,0.022831756873941074,-0.010975159091212298
YILLVALLATLLTAL,Mutant,,void,16.0,LLLYILLVALLATLLTLLILI,0.0712399830571904,LLLYILLVALLATLLTALILI_1,1.1001100110011e+17,1.0,-69.4329,-65.5966,-72.5251,-229.439,-227.935,-244.979,-362.261,4598.9,4014.68,3805.7,-8.19537,667.161,-71.5839,598.432,-44.7566,-52.9657,56.6943,-48.7442,8.21947,2.09858,1.449,664.431,-47.282,59.6907,-41.1998,276.871,8.0989,1.65054,1.0459,1.0,LLLYILLVALLATLLTALILI,0.288671504397789,0.0459082428696866,R,99999900.0,-26.8273,3.092199999999991,15.54000000000002,584.2199999999998,-0.045919858957242154,0.005292869124644812,0.026599568655643467,-0.014027883331621655
YLLLVALLITLLSFL,Mutant,,clash,11.0,LLLYLLLVALLATLLSFLILI,0.0081559225326615,LLLYLLLVALLITLLSFLILI_2,1.1001100110011e+17,1.0,-74.0594,-51.7068,-74.0594,-243.796,-238.792,-253.091,-370.427,4699.08,4234.39,3814.97,-8.19369,646.097,-60.7659,566.168,-43.2766,-51.2735,65.7139,-48.8263,9.6321,3.0624,2.54811,458.648,-47.1777,64.0077,-41.6778,275.669,8.4891,2.21769,1.67781,2.0,LLLYLLLVALLITLLSFLILI,0.2106943452546831,0.0337209612684224,R,99999900.0,-17.4893,0.0,9.295000000000016,464.6899999999996,-0.037636488842023745,0.0,0.020002582366739168,-0.01763259377219223
LIYLLFVLATLLLIL,Mutant,,clash,4.0,LLLLSYLLFVLATLLLILILI,0.3027042444944363,LLLLIYLLFVLATLLLILILI_0,1.1001100110011e+17,1.0,-58.8946,-58.8946,-58.8946,-220.842,-210.916,-247.772,-356.356,4715.42,3645.87,3583.05,-8.16532,783.18,-84.7839,696.635,-49.6892,-52.419,77.4468,19.2297,9.47251,4.81817,4.47987,635.27,-60.4364,62.9803,18.0,426.824,8.8114,4.0678,3.5125,0.0,LLLLIYLLFVLATLLLILILI,0.1991656034090803,0.0630647327634518,L,99999900.0,-35.0947,0.0,26.92999999999998,1069.5500000000002,-0.03281258473189659,0.0,0.025178813519704524,-0.007634350895236313
TALLIALLSVLLALL,Mutant,,void,15.0,LLLTALLIALLSVLLFLLILI,-0.1735554874714169,LLLTALLIALLSVLLALLILI_1,1.1001100110011e+17,1.0,-62.2183,-62.5352,-60.5374,-225.807,-224.422,-241.213,-377.83,4506.85,3697.71,3864.99,-8.12409,-5.61084,-97.9292,-96.4843,-76.0801,-60.6554,80.0812,-42.0323,8.40105,6.40927,6.11049,-6.11391,-60.0354,75.7593,-43.336,-383.846,8.5306,5.73281,5.3692,1.0,LLLTALLIALLSVLLALLILI,0.5578885840884159,0.0809258179082845,R,99999900.0,-21.849099999999993,-1.6809000000000012,15.406000000000006,809.1400000000003,-0.02700286724176284,-0.0020773908099957984,0.019039968361470202,-0.010040400919494768
VYLLAALLTTLLSLL,Mutant,,void,7.0,LLLVYLLFALLTTLLSLLILI,0.1458035843227987,LLLVYLLAALLTTLLSLLILI_2,1.1001100110011e+17,1.0,-87.9653,-87.9653,-87.9653,-226.82,-228.325,-242.39,-380.204,4590.59,3637.34,3730.33,-8.07043,-7.12564,-73.4888,-71.0391,-49.8479,-27.129,92.2088,-36.0879,8.92164,3.01754,2.90067,-5.97437,-31.1915,87.4311,-36.2559,-385.333,8.5903,2.98193,2.7934,2.0,LLLVYLLAALLTTLLSLLILI,0.2928280129030762,0.0107709330431051,R,99999900.0,-23.640899999999995,0.0,15.569999999999993,953.25,-0.024800314712824543,0.0,0.01633359559402045,-0.0084662260687123
YSLLIILLFVLLTLL,Mutant,,clash,8.0,LLLYSLLIALLFVLLTLLILI,0.0926094057852361,LLLYSLLIILLFVLLTLLILI_2,1.1001100110011e+17,1.0,-67.1366,-61.6168,-58.8796,-239.83,-238.315,-257.794,-363.734,4807.12,4070.42,3820.17,-8.03416,357.336,-64.8016,293.533,-47.061,-50.7019,88.3617,-45.2799,9.78478,6.03411,5.85954,321.06,-52.9619,83.5681,-45.0,588.909,8.1807,5.72598,5.4795,2.0,LLLYSLLIILLFVLLTLLILI,0.1909674571497122,0.1276400622279791,R,99999900.0,-17.740599999999993,-8.256999999999998,17.96399999999997,736.6999999999998,-0.024081172797610965,-0.01120809013166825,0.024384416994706087,-0.010905606081172801
TALLVALLFILLSLL,Mutant,,clash,12.0,LLLTALLVALLFALLSLLILI,0.1726239099205871,LLLTALLVALLFILLSLLILI_0,1.1001100110011e+17,1.0,-60.5233,-61.8672,-60.369,-231.015,-229.392,-247.971,-369.86,4593.02,3850.13,3716.42,-7.89793,61.7063,-86.2191,-16.8938,-61.5191,-27.9902,92.7119,-46.6515,9.03422,3.21464,3.10531,61.6243,-36.6373,79.1887,-39.9947,-308.153,8.0543,2.68607,2.3739,0.0,LLLTALLVALLFILLSLLILI,0.2908769808666879,0.0297675105962468,R,99999900.0,-24.699999999999996,-0.15429999999999922,16.956000000000017,742.8900000000003,-0.03324852939196918,-0.00020770235162675382,0.02282437507571782,-0.01063135861298442
SYLLIVLLGLLLATL,Mutant,,clash,7.0,LLLSYLLGVLLGLLLATLILI,0.583686348720123,LLLSYLLIVLLGLLLATLILI_2,1.1001100110011e+17,1.0,-77.3526,-58.7839,-58.7839,-227.749,-233.572,-251.918,-369.583,4599.92,3916.86,3620.6,-7.77205,145119.0,-72.2533,145042.0,-58.8814,-76.2905,51.9697,-41.7197,9.71481,4.95948,4.23903,96885.1,-84.8765,45.4702,-44.3391,526208.0,6.8761,5.36995,4.552,2.0,LLLSYLLIVLLGLLLATLILI,0.4639791197015316,0.067822859476712,G,99999900.0,-13.371899999999997,-18.568699999999993,24.16900000000001,683.06,-0.019576464732234355,-0.027184581149532976,0.03538342166134748,-0.011378283020525284
YSLLTALLVILLFLL,Mutant,,clash,12.0,LLLYSLLTALLVALLFLLILI,0.0814732001803122,LLLYSLLTALLVILLFLLILI_2,1.1001100110011e+17,1.0,-65.3987,-65.3518,-51.6189,-241.184,-240.637,-265.691,-364.396,4761.92,3966.04,3806.46,-7.7527,185.91,-65.5658,127.502,-47.0859,-36.7037,100.548,-35.0553,9.91337,5.57959,5.58781,181.631,-38.8884,87.4303,-44.355,-185.853,8.3134,4.13635,3.9478,2.0,LLLYSLLTALLVILLFLLILI,0.2075599352581949,0.0689336766171141,R,99999900.0,-18.479899999999994,-13.779800000000009,24.506999999999977,795.8800000000001,-0.02321945519425038,-0.017313916670854912,0.03079233050208571,-0.009741041363019549
YFLLILLLGVLLASL,Mutant,,clash,7.0,LLLYFLLGLLLGVLLASLILI,0.934442149268882,LLLYFLLILLLGVLLASLILI_0,1.1001100110011e+17,1.0,-60.2828,-69.58,-60.2828,-228.111,-211.818,-249.501,-351.995,4717.14,4157.71,3597.28,-7.75087,1122070.0,-71.3519,1122000.0,-42.2117,-85.3884,64.7078,-44.5326,9.30948,8.04382,7.51444,711307.0,-85.2491,54.6423,-40.0514,1121720.0,6.6215,6.66407,5.9837,0.0,LLLYFLLILLLGVLLASLILI,0.1605864544584947,0.0846942493982213,G,99999900.0,-29.1402,0.0,21.390000000000015,559.4300000000003,-0.05208909068158659,0.0,0.03823534669216882,-0.013854941637023391
YLLLAILLFVLLSIL,Mutant,,clash,8.0,LLLYLLLATLLFVLLSILILI,0.1087858033222586,LLLYLLLAILLFVLLSILILI_0,1.1001100110011e+17,1.0,-60.4111,-60.4111,-60.4111,-249.715,-238.843,-253.948,-366.134,4700.71,4238.94,3816.79,-7.74438,78.8331,-63.7522,11.9535,-51.7754,-38.9037,106.027,-44.4931,10.4514,6.64918,6.73959,77.1989,-41.3452,86.0588,-44.4358,-287.301,8.523,4.31972,4.1106,0.0,LLLYLLLAILLFVLLSILILI,0.2119047907485062,0.107242374075453,R,99999900.0,-11.976800000000004,0.0,4.233000000000004,461.77000000000044,-0.025936721744591447,0.0,0.009166901271195618,-0.016771076509950824
VYLLLALLTILLFIL,Mutant,,clash,12.0,LLLVYLLLALLTSLLFILILI,0.0819601647976324,LLLVYLLLALLTILLFILILI_2,1.1001100110011e+17,1.0,-65.8681,-65.3198,-59.0106,-232.65,-233.309,-249.998,-362.325,4682.68,3997.63,3996.89,-7.70011,7.11334,-71.5064,-56.5824,-53.3157,-29.1607,87.4008,-44.1488,9.56877,2.67321,2.48423,12.8698,-22.5179,92.1154,-45.0,-345.754,8.7339,2.31327,2.195,2.0,LLLVYLLLALLTILLFILILI,0.3221756252165595,0.036056212177995,R,99999900.0,-18.1907,-6.857500000000002,17.347999999999985,685.0500000000002,-0.026553828187723515,-0.010010218232245821,0.025323699000072957,-0.011240216042624622
TVLLALLLAALLSIL,Mutant,,void,12.0,LLLTVLLALLLAFLLSILILI,-0.1223854001286148,LLLTVLLALLLAALLSILILI_0,1.1001100110011e+17,1.0,-60.2614,-60.3614,-60.2614,-224.907,-221.701,-240.225,-377.404,4495.15,3847.51,3737.78,-7.6583,-3.93901,-99.8939,-99.2804,-76.9177,-82.9936,48.7272,-35.372,8.96396,5.52721,4.75812,-4.26348,-79.0843,48.947,-35.0,-381.343,8.4738,4.97049,4.20469,0.0,LLLTVLLALLLAALLSILILI,0.4770194361890607,0.010943645342127,R,99999900.0,-22.976200000000006,0.0,15.317999999999984,647.6399999999994,-0.03547680810326729,0.0,0.02365202890494719,-0.011824933605089257
YLLLIALLGILLSTL,Mutant,,clash,7.0,LLLYLLLGALLGILLSTLILI,0.5893684372111179,LLLYLLLIALLGILLSTLILI_0,1.1001100110011e+17,1.0,-81.7663,-82.4185,-74.098,-228.85,-220.96,-248.238,-377.087,4607.18,3992.42,3685.95,-7.65016,222.701,-74.121,148.992,-54.7514,-70.143,62.9548,-50.2817,7.50652,5.52034,4.96466,200.061,-63.07,66.418,-42.249,-154.386,7.1117,4.92693,4.4232,0.0,LLLYLLLIALLGILLSTLILI,0.1483760547303901,0.0079520454891846,G,99999900.0,-19.3696,-7.668300000000002,19.388000000000005,614.7600000000002,-0.031507580193896795,-0.01247364825297677,0.03153751057323183,-0.012444140802914954
ATLLVSLLALLLAFL,Mutant,,void,3.0,LLLYTLLVSLLALLLAFLILI,-0.1213401995635006,LLLATLLVSLLALLLAFLILI_0,1.1001100110011e+17,1.0,-67.1163,-66.8952,-60.3815,-220.112,-219.626,-241.734,-359.675,4545.27,3913.05,3652.07,-7.62602,22668.7,-80.0727,22595.6,-57.5591,-48.7301,60.8388,-42.2405,9.48777,2.02275,1.43533,3663.39,-52.2356,60.4157,-36.0527,22309.1,8.7567,2.49146,1.8977,0.0,LLLATLLVSLLALLLAFLILI,0.4386941580995695,0.0228738547958059,R,99999900.0,-22.513599999999997,-6.734799999999993,21.622000000000014,632.2200000000003,-0.03561038878871277,-0.010652620923096375,0.03420012021131885,-0.012062288443896107
YILLLALLTVLLSAL,Mutant,,void,16.0,LLLYILLLALLTVLLSFLILI,-0.062364812140202,LLLYILLLALLTVLLSALILI_0,1.1001100110011e+17,1.0,-74.2719,-74.2719,-74.2719,-231.732,-224.273,-247.824,-376.151,4645.57,4062.97,3955.41,-7.62326,-2.96473,-77.7703,-80.5709,-54.0552,-41.2197,88.6356,-44.2841,8.87837,4.64876,4.4783,-3.22182,-39.2116,82.5884,-44.5047,-379.116,8.7478,3.53117,3.27,0.0,LLLYILLLALLTVLLSALILI,0.2603980822156473,0.0091721458090616,R,99999900.0,-23.715100000000007,0.0,16.092000000000013,582.5999999999999,-0.04070562993477517,0.0,0.027621009268795082,-0.013084895296944734
YVLLALLLITLLGFL,Mutant,,clash,11.0,LLLYVLLALLLGTLLGFLILI,0.0008161981314487,LLLYVLLALLLITLLGFLILI_1,1.1001100110011e+17,1.0,-58.7232,-51.605,-58.7232,-246.047,-238.157,-250.379,-351.318,4688.59,4263.8,3580.43,-7.55364,63612.9,-54.1021,63551.3,-42.2162,-71.8218,49.8929,-41.482,10.2427,4.00881,3.2572,57287.3,-71.1719,34.5088,-41.0473,64230.1,6.9662,1.83447,0.852102,1.0,LLLYVLLALLLITLLGFLILI,0.193011417894279,0.0483978068283479,G,99999900.0,-11.8859,0.0,4.331999999999994,424.78999999999996,-0.027980649261988278,0.0,0.010197980178441098,-0.017782057016408108
SALLVLLLAFLLTIL,Mutant,,void,4.0,LLLSYLLVLLLAFLLTILILI,0.0184859077824419,LLLSALLVLLLAFLLTILILI_1,1.1001100110011e+17,1.0,-51.8182,-58.8905,-58.8353,-231.603,-231.61,-251.558,-364.153,4583.2,3896.94,3847.25,-7.54808,-4.47549,-88.28,-78.1278,-53.7593,-69.7701,57.9919,-47.8667,8.75543,4.79442,4.1643,-4.60831,-68.6732,57.2295,-41.2124,-367.645,9.0,4.52696,3.8854,1.0,LLLSALLVLLLAFLLTILILI,0.3352318596735963,0.04999748392314,R,99999900.0,-34.5207,7.017099999999999,19.954999999999984,686.2599999999998,-0.050302654970419386,0.010225133331390437,0.029077900504182075,-0.010998863404540557
TALLIALLLSLLAVL,Mutant,,void,15.0,LLLTALLIALLLSLLFVLILI,-0.0705641113582986,LLLTALLIALLLSLLAVLILI_2,1.1001100110011e+17,1.0,-60.3917,-60.3917,-60.3917,-225.674,-226.174,-241.19,-378.129,4497.8,3738.2,3720.14,-7.53778,-0.475318,-99.6017,-92.0386,-76.5482,-36.5091,91.6111,-39.1445,8.09612,4.34387,4.21803,-4.86653,-32.2597,92.0409,-42.2469,-383.268,8.0874,3.76448,3.64509,2.0,LLLTALLIALLLSLLAVLILI,0.4955153643572681,0.0479777760140914,R,99999900.0,-23.0535,0.0,15.515999999999991,759.6000000000004,-0.030349526066350697,0.0,0.020426540284360167,-0.009923354397051075
LTLLIALLVILLSFL,Mutant,,clash,12.0,LLLLTLLIALLVALLSFLILI,0.1585851665922647,LLLLTLLIALLVILLSFLILI_2,1.1001100110011e+17,1.0,-66.6367,-65.4977,-60.3518,-233.184,-231.878,-246.641,-370.178,4618.8,4017.11,3771.29,-7.53218,57.8612,-77.8892,-14.9417,-63.1856,-51.8577,88.6039,-39.3432,8.69272,6.24018,6.06924,50.2849,-47.682,80.7227,-35.7606,-320.781,8.0,4.54986,4.2607,2.0,LLLLTLLIALLVILLSFLILI,0.1965244127632944,0.0502867716485782,R,99999900.0,-14.703600000000002,-6.2849000000000075,13.456999999999994,601.69,-0.024437168641659325,-0.010445412089281868,0.022365337632335575,-0.012518373248682876
YALLLALLVALLSTL,Mutant,,void,4.0,LLLYWLLLALLVALLSTLILI,-0.004847410283957,LLLYALLLALLVALLSTLILI_2,1.1001100110011e+17,1.0,-74.2355,-74.1453,-74.2355,-224.97,-224.184,-245.119,-368.811,4626.8,4001.6,3878.4,-7.44574,0.993903,-77.052,-69.4876,-49.4568,-20.6049,89.6683,-39.0084,8.27045,1.69595,1.54097,2.02125,-15.029,89.2957,-37.6435,-366.295,8.2413,0.809265,0.6487,2.0,LLLYALLLALLVALLSTLILI,0.3142080379586217,0.0393960733671839,R,99999900.0,-27.595200000000006,0.0,20.149,625.2000000000003,-0.04413819577735124,0.0,0.0322280870121561,-0.01190937300063979
FALLTILLIYLLSLL,Mutant,,clash,11.0,LLLFALLTILLAYLLSLLILI,0.1022228330743711,LLLFALLTILLIYLLSLLILI_0,1.1001100110011e+17,1.0,-74.2445,-74.5376,-74.1681,-237.805,-230.959,-251.0,-368.001,4712.73,4002.71,3775.88,-7.36278,92.3572,-63.3145,29.8523,-42.8334,-67.0878,75.6366,-33.6269,10.1821,6.77412,6.40867,93.9118,-68.8108,64.9165,-37.632,-275.644,9.0,5.58535,5.0591,0.0,LLLFALLTILLIYLLSLLILI,0.31169826161314,0.0328387525131573,R,99999900.0,-20.481100000000005,-0.07640000000000668,13.194999999999993,710.0199999999995,-0.028845807160361708,-0.00010760260274359418,0.018583983549759164,-0.010369820568434699
TYLLVILLAALLSLL,Mutant,,void,12.0,LLLTYLLVILLAFLLSLLILI,0.0267304904040134,LLLTYLLVILLAALLSLLILI_1,1.1001100110011e+17,1.0,-60.3271,-58.7879,-60.3271,-234.648,-227.965,-251.087,-376.141,4620.43,3856.05,3903.18,-7.34016,765.163,-88.5063,675.775,-64.7271,-69.9545,44.5021,-48.7998,8.93286,3.00097,2.1685,3.04545,-61.4542,42.8978,-44.8882,-374.378,8.9762,1.50933,0.652797,1.0,LLLTYLLVILLAALLSLLILI,0.3185055506534106,0.0093206868814152,R,99999900.0,-23.779200000000003,0.0,16.438999999999993,764.3800000000001,-0.031109134200266883,0.0,0.021506318846646943,-0.009602763023626991
FTLLVILLAYLLSLL,Mutant,,clash,8.0,LLLFTLLVALLAYLLSLLILI,0.0020873249936199,LLLFTLLVILLAYLLSLLILI_0,1.1001100110011e+17,1.0,-62.9474,-55.3359,-60.4033,-236.358,-227.057,-249.804,-358.285,4718.4,4115.59,3749.64,-7.32277,40242.0,-66.3021,40166.1,-48.0769,-40.213,79.3975,-50.3957,10.3421,3.25063,2.94159,38558.2,-45.4715,65.5685,-35.0,39883.7,8.1631,2.17247,1.656,0.0,LLLFTLLVILLAYLLSLLILI,0.4536558728092075,0.1346235795020935,R,99999900.0,-18.225199999999994,-2.5441000000000003,13.445999999999998,602.8099999999995,-0.030233738657288383,-0.004220401121414712,0.022305535740946583,-0.012147724822083254
LVLLIILLFALLSTL,Mutant,,clash,8.0,LLLLVLLIALLFALLSTLILI,-0.0367881758527738,LLLLVLLIILLFALLSTLILI_2,1.1001100110011e+17,1.0,-74.1998,-74.1998,-74.1998,-232.854,-228.763,-246.15,-377.528,4564.07,3862.53,3722.86,-7.26104,606.14,-77.7355,531.574,-57.178,-34.8102,83.6257,-40.1768,9.62889,3.01101,2.76539,73.6465,-30.3621,80.2592,-40.3295,-303.89,8.3549,1.88931,1.5932,2.0,LLLLVLLIILLFALLSTLILI,0.3725624651853025,0.1085272758786327,R,99999900.0,-20.557500000000005,0.0,13.295999999999992,701.5399999999995,-0.02930338968554896,0.0,0.018952590016249965,-0.010350143968982532
YALLVALLLTLLSAL,Mutant,,void,16.0,LLLYALLVALLLTLLSWLILI,-0.0380006259932826,LLLYALLVALLLTLLSALILI_2,1.1001100110011e+17,1.0,-72.0658,-72.1983,-74.1382,-227.703,-225.263,-244.988,-370.335,4619.71,4113.33,4065.0,-7.22751,-3.05779,-77.7942,-75.9315,-51.2095,-37.631,97.9065,-47.3687,8.83231,5.36203,5.33063,-2.60764,-31.0165,97.6795,-42.1335,-372.411,9.0,4.33921,4.3044,2.0,LLLYALLVALLLTLLSALILI,0.310641793632244,0.0425241246532333,R,99999900.0,-26.584700000000005,2.072400000000002,17.284999999999997,506.3800000000001,-0.05249950629961689,0.004092578695841071,0.03413444448832891,-0.014272897823768707
YILLIVLLALLLTFL,Mutant,,clash,7.0,LLLYILLSVLLALLLTFLILI,-0.0434625130218092,LLLYILLIVLLALLLTFLILI_1,1.1001100110011e+17,1.0,-58.8588,-58.814,-58.8588,-247.391,-234.264,-254.851,-363.538,4713.67,4266.63,3851.15,-7.22342,53.8454,-64.511,-16.6146,-49.8282,-77.5981,65.1203,-43.4444,10.718,6.93096,6.40777,53.5769,-73.6754,55.7586,-37.7359,-302.233,8.8202,5.07872,4.4151,1.0,LLLYILLIVLLALLLTFLILI,0.2307559863935167,0.0252769212484511,R,99999900.0,-14.682799999999993,0.0,7.460000000000008,447.03999999999996,-0.03284448818897637,0.0,0.01668754473872586,-0.01615833035075161
SALLVFLLATLLSLL,Mutant,,void,4.0,LLLSYLLVFLLATLLSLLILI,0.0687055799083817,LLLSALLVFLLATLLSLLILI_2,1.1001100110011e+17,1.0,-74.5513,-67.95,-74.0414,-231.064,-230.533,-248.902,-375.99,4542.53,3746.01,3893.56,-7.22134,0.963397,-77.5967,-76.544,-53.0468,-69.3931,51.0446,-41.8646,8.24938,3.79999,3.06566,0.870213,-64.4175,49.7905,-41.0526,-376.001,8.2396,2.88434,2.1312,2.0,LLLSALLVFLLATLLSLLILI,0.341040613845781,0.0792373886266581,R,99999900.0,-24.5499,-0.5099000000000018,17.837999999999994,796.5199999999995,-0.03082144830010548,-0.0006401596946718251,0.02239491789283383,-0.009066112589765484
YSLLVILLFTLLILL,Mutant,,clash,8.0,LLLYSLLVALLFTLLILLILI,0.0178870254661389,LLLYSLLVILLFTLLILLILI_2,1.1001100110011e+17,1.0,-66.078,-54.8856,-58.8088,-235.921,-232.524,-258.994,-364.273,4778.31,4060.25,3793.97,-7.14081,565.614,-69.4152,488.751,-46.47,-56.58,80.881,-31.8329,10.405,5.90593,5.61914,566.525,-56.104,80.164,-35.0,201.341,8.259,5.73774,5.4402,2.0,LLLYSLLVILLFTLLILLILI,0.2613241291185219,0.0300747866783004,R,99999900.0,-22.9452,-7.269200000000005,23.073000000000036,718.0600000000004,-0.03195443277720523,-0.010123388017714398,0.03213241233323124,-0.009944586803331193
AILLLALLFVLLYTL,Mutant,,clash,4.0,LLLASLLLALLFVLLYTLILI,-0.0146546288315373,LLLAILLLALLFVLLYTLILI_0,1.1001100110011e+17,1.0,-61.9572,-59.9362,-58.8922,-230.761,-223.27,-247.07,-356.565,4622.18,3773.07,3682.8,-7.13136,203.568,-70.9785,130.209,-50.6029,-60.3732,88.9621,-39.3751,9.4711,7.56586,7.40029,177.213,-56.0784,83.297,-37.0432,-152.997,8.1857,6.15685,5.9063,0.0,LLLAILLLALLFVLLYTLILI,0.3767777067308007,0.0469272900156327,R,99999900.0,-20.3756,-3.0649999999999977,16.308999999999997,849.1100000000001,-0.023996419780711563,-0.0036096618812639083,0.019207169860206562,-0.008398629152877717
YVLLITLLGFLLSLL,Mutant,,clash,7.0,LLLYVLLGTLLGFLLSLLILI,0.6626310630427323,LLLYVLLITLLGFLLSLLILI_0,1.1001100110011e+17,1.0,-74.0677,-76.2624,-74.0677,-242.672,-228.176,-252.24,-365.774,4693.77,4119.38,3696.09,-7.11338,710494.0,-56.1478,710432.0,-39.466,-91.3817,48.7873,-31.1253,10.0015,6.79353,6.02534,227912.0,-95.1525,31.2122,-44.0738,710128.0,7.3447,4.98652,3.9547,0.0,LLLYVLLITLLGFLLSLLILI,0.324752145413724,0.0139091869384058,G,99999900.0,-16.681799999999996,0.0,9.568000000000012,574.3900000000003,-0.02904263653615137,0.0,0.01665767161684571,-0.012384233708804116
AALLLSLLATLLVFL,Mutant,,void,11.0,LLLAALLLSLLFTLLVFLILI,0.1132428714325174,LLLAALLLSLLATLLVFLILI_0,1.1001100110011e+17,1.0,-74.2589,-74.2589,-74.2294,-222.655,-219.383,-239.355,-366.943,4519.59,3904.72,3749.34,-7.10744,-6.27943,-77.1367,-79.5807,-53.3589,-56.3014,89.5001,-36.618,8.45821,7.02773,6.87023,-6.09463,-56.0784,83.297,-37.0432,-373.223,8.1857,6.15685,5.9063,0.0,LLLAALLLSLLATLLVFLILI,0.3694031691291106,0.0169887770525461,R,99999900.0,-23.777800000000006,-0.02949999999999875,16.69999999999999,614.8700000000003,-0.03867126384438986,-4.797762128579819e-05,0.02716021272789367,-0.011559256428188067
LIVLTILLALLYSLL,Mutant,,clash,4.0,LLLLFVLTILLALLYSLLILI,-0.0007382560426772,LLLLIVLTILLALLYSLLILI_1,1.1001100110011e+17,1.0,-74.1982,-74.2084,-74.1982,-237.432,-243.242,-247.512,-385.524,4554.37,4021.45,3862.14,-7.0341,89.8016,-80.9278,21.728,-63.8134,-94.9109,9.65456,38.9471,9.5639,2.04,0.684818,82.6451,-95.3663,8.02833,28.0,-299.469,9.3966,1.88877,0.509195,1.0,LLLLIVLTILLALLYSLLILI,0.2289009983064922,0.0905485052123425,L,99999900.0,-17.114400000000003,0.0,10.080000000000013,532.9200000000001,-0.03211438865120469,0.0,0.018914658860617,-0.01319916685431209
TALLVALLIYLLSFL,Mutant,,clash,11.0,LLLTALLVALLAYLLSFLILI,0.2631023841384998,LLLTALLVALLIYLLSFLILI_2,1.1001100110011e+17,1.0,-60.3018,-61.1733,-60.2169,-235.349,-231.277,-250.129,-357.905,4607.78,3939.33,3768.5,-7.02602,115.968,-69.2809,50.5127,-47.559,-72.755,67.5683,-35.607,8.96068,6.53498,6.04851,61.4599,-69.0036,63.721,-36.3865,-241.937,8.0348,5.45288,4.9087,2.0,LLLTALLVALLIYLLSFLILI,0.2682484672847171,0.0998370982052881,R,99999900.0,-21.721900000000005,-0.08489999999999753,14.780000000000001,668.4499999999998,-0.03249592340489193,-0.00012701024758769925,0.022110853466975847,-0.010510913306904034
FYLLGVLLILLLASL,Mutant,,clash,11.0,LLLFYLLGVLLGLLLASLILI,0.7125141595510083,LLLFYLLGVLLILLLASLILI_2,1.1001100110011e+17,1.0,-60.7424,-66.4601,-60.32,-236.087,-224.093,-244.496,-349.656,4756.15,3916.79,3626.83,-7.00878,1219120.0,-59.8347,1219070.0,-44.8394,-75.8287,64.9336,-32.014,10.4685,6.64033,6.11433,698801.0,-75.759,50.2096,-41.8685,1218780.0,7.3305,4.64215,3.89529,2.0,LLLFYLLGVLLILLLASLILI,0.1890858410709189,0.059970925131014,G,99999900.0,-14.9953,-0.4224000000000032,8.40900000000002,839.3599999999997,-0.01786515916889059,-0.0005032405642394246,0.010018347312237923,-0.008350147731605036
YALLVILLSLLLFTL,Mutant,,clash,8.0,LLLYALLVALLSLLLFTLILI,0.0916626348864496,LLLYALLVILLSLLLFTLILI_0,1.1001100110011e+17,1.0,-74.2198,-75.6487,-74.2198,-239.158,-232.072,-254.131,-370.971,4713.7,4145.62,3805.97,-6.96915,68.473,-64.5628,5.22238,-42.6208,-72.2476,73.1258,-46.8142,9.51361,7.20912,6.806,68.4932,-69.5216,69.2117,-44.462,-302.498,8.1432,6.27182,5.81,0.0,LLLYALLVILLSLLLFTLILI,0.2660548995807736,0.0010975758856794,R,99999900.0,-21.941999999999993,0.0,14.973000000000013,568.0799999999999,-0.03862484157160963,0.0,0.026357203210815406,-0.012267902408111535
TYLLIALLAALLFVL,Mutant,,void,11.0,LLLTYLLIALLLALLFVLILI,0.0141766847313022,LLLTYLLIALLAALLFVLILI_1,1.1001100110011e+17,1.0,-45.0398,-45.0398,-45.0398,-234.155,-233.074,-248.904,-342.204,4632.84,3779.23,3744.85,-6.95757,24.6719,-69.9663,-39.4181,-48.2597,-20.7394,96.3197,-41.3706,8.43167,2.61407,2.55887,21.8264,-15.7577,89.9497,-39.1893,-321.005,8.0,1.00686,0.856105,1.0,LLLTYLLIALLAALLFVLILI,0.4000637892540128,0.0250082151740851,R,99999900.0,-21.7066,0.0,14.748999999999995,853.6100000000001,-0.02542917725893558,0.0,0.017278382399456418,-0.008150759714623772
VALLLALLFTLLSLL,Mutant,,void,4.0,LLLVYLLLALLFTLLSLLILI,-0.1218908488491972,LLLVALLLALLFTLLSLLILI_0,1.1001100110011e+17,1.0,-74.1354,-74.4659,-74.1354,-225.991,-226.084,-242.573,-375.955,4610.92,3961.22,3963.62,-6.94799,27.6708,-82.7756,-47.7336,-59.2456,-9.59597,95.6213,-32.7286,9.28982,0.848267,0.782586,27.903,-18.4173,84.5167,-38.5607,-348.284,9.0,0.672349,0.440099,0.0,LLLVALLLALLFTLLSLLILI,0.6130260414113242,0.0280620560222856,R,99999900.0,-23.529999999999994,0.0,16.581999999999994,649.7000000000003,-0.03621671540711095,0.0,0.025522548868708615,-0.01069415114668308
YALLVALLATLLFLL,Mutant,,void,11.0,LLLYALLVALLITLLFLLILI,0.010274242773095,LLLYALLVALLATLLFLLILI_1,1.1001100110011e+17,1.0,-57.2296,-59.5126,-58.8507,-229.04,-227.701,-247.979,-348.02,4686.5,4077.82,4008.81,-6.94255,-4.0698,-68.6927,-64.8761,-41.1902,-31.5307,94.7397,-39.2864,8.67964,4.01947,3.94057,-3.98192,-28.1339,95.9421,-37.7472,-352.339,8.6579,3.67227,3.6114,1.0,LLLYALLVALLATLLFLLILI,0.2978983052562483,0.0272321148821851,R,99999900.0,-27.502500000000005,1.6211000000000055,18.93900000000002,608.6799999999998,-0.045183840441611375,0.0026633041992508476,0.031114871525267835,-0.011405911152001054
SALLVALLTFLLTLL,Mutant,,void,4.0,LLLSYLLVALLTFLLTLLILI,3.622398413307019,LLLSALLVALLTFLLTLLILI_0,1.1001100110011e+17,1.0,-70.9522,-70.5874,-72.693,-231.014,-228.186,-250.677,-373.297,4581.34,4033.5,3854.63,-6.91217,-6.69368,-78.2435,-81.2175,-49.9267,-77.6352,60.6142,-49.7599,8.81413,6.32821,5.73742,-6.93464,-80.5617,52.7769,-43.5392,-379.991,8.7383,5.70914,5.00079,0.0,LLLSALLVALLTFLLTLLILI,0.4200343013280442,0.0703560129967644,R,99999900.0,-28.3168,1.740799999999993,19.662999999999982,547.8400000000001,-0.05168808411214952,0.0031775700934579304,0.035891866238317714,-0.012617132739485977
TALLAALLLVLLSFL,Mutant,,void,7.0,LLLTALLIALLLVLLSFLILI,0.080471323357,LLLTALLAALLLVLLSFLILI_1,1.1001100110011e+17,1.0,-60.3994,-60.3601,-60.4388,-226.428,-225.604,-245.874,-364.165,4596.1,3862.39,3859.58,-6.79608,-2.81413,-84.1332,-81.0149,-57.8518,-49.02,90.3991,-34.6472,8.89273,6.05687,5.91285,-5.8676,-46.4612,89.8188,-35.5102,-370.144,8.818,5.59472,5.442,1.0,LLLTALLAALLLVLLSFLILI,0.3472277409137227,0.0293190198723526,R,99999900.0,-26.281400000000005,0.039400000000000546,19.445999999999998,733.7100000000005,-0.035819874337272205,5.369969061345834e-05,0.026503659483992293,-0.009262624197571241
YILLIALLAVLLSLL,Mutant,,clash,4.0,LLLYTLLIALLAVLLSLLILI,0.1030131184543146,LLLYILLIALLAVLLSLLILI_0,1.1001100110011e+17,1.0,-60.3856,-60.3856,-60.3856,-227.884,-216.006,-248.611,-373.432,4651.63,3909.04,3855.09,-6.76506,89.3023,-91.9274,-7.73844,-64.4355,-46.1068,81.7292,-52.5072,8.47995,4.44946,4.1754,89.0817,-46.7103,70.4803,-42.9747,-284.13,8.3098,3.02139,2.57859,0.0,LLLYILLIALLAVLLSLLILI,0.2750790648889166,0.0941201765949812,R,99999900.0,-27.4919,0.0,20.727000000000004,742.5900000000001,-0.037021640474555265,0.0,0.027911768270512664,-0.009110087666141476
YALLLSLLTALLVAL,Mutant,,void,16.0,LLLYALLLSLLTALLVFLILI,-0.0532193487011435,LLLYALLLSLLTALLVALILI_1,1.1001100110011e+17,1.0,-66.7057,-66.6877,-74.3109,-225.653,-225.385,-244.977,-369.972,4614.12,3958.61,3904.03,-6.7356,-4.47226,-84.3496,-82.3717,-50.6847,-55.7671,82.3723,-45.7504,8.52382,5.98532,5.72091,-4.14801,-53.3345,81.1929,-45.0,-374.161,8.2083,5.46121,5.1791,1.0,LLLYALLLSLLTALLVALILI,0.3375464730339624,0.0167143313319035,R,99999900.0,-33.664899999999996,7.605200000000011,19.324000000000012,655.5099999999998,-0.05135680615093592,0.01160195878018644,0.029479336699668988,-0.010275358118106516
FLLLTILVALLASLL,Mutant,,void,14.0,LLLFLLLTILVALLLSLLILI,0.0196176284615013,LLLFLLLTILVALLASLLILI_1,1.1001100110011e+17,1.0,-70.4237,-70.4896,-74.1594,-222.211,-220.942,-241.865,-371.559,4583.59,3733.07,3769.59,-6.71877,-1.71095,-85.6426,-81.8382,-55.5344,-108.88,13.5521,23.9653,9.25434,4.66156,3.36485,-0.369114,-108.506,6.15667,24.8812,-371.535,9.4921,3.60705,2.1994,1.0,LLLFLLLTILVALLASLLILI,0.3260065613320523,0.0557851635479903,L,99999900.0,-30.108200000000004,3.7357000000000085,19.653999999999996,850.52,-0.035399755443728545,0.004392254150402117,0.023108216150119924,-0.007899602596058881
YILLTLLLGALLAFL,WT,LLLYILLILLLGALLAFLILI,clash,,,,LLLYILLTLLLGALLAFLILI_0,1.1001100110011e+17,1.0,-58.8678,-65.4677,-58.7429,-229.554,-224.628,-246.982,-347.928,4647.15,4105.7,3709.3,-6.71418,155.659,-66.22,97.8274,-42.2026,-40.0737,73.5224,-48.2495,8.54327,2.43658,2.03942,121.182,-48.1219,61.2568,-42.1281,-192.268,7.3101,1.98795,1.4068,0.0,LLLYILLTLLLGALLAFLILI,0.3149736526785783,0.1499857813762973,G,99999900.0,-24.017400000000002,-0.12490000000000379,17.427999999999997,541.4499999999998,-0.044357558407978594,-0.00023067688613907808,0.03218764428848463,-0.012400369378520643
TYLLAVLLAILLALL,Mutant,,void,15.0,LLLTYLLAVLLAILLFLLILI,-0.0149604766822114,LLLTYLLAVLLAILLALLILI_2,1.1001100110011e+17,1.0,-49.5038,-50.0109,-45.0281,-230.188,-231.605,-250.333,-363.027,4598.37,3824.89,3908.16,-6.70469,1.69779,-90.0396,-79.7131,-67.666,-88.8086,50.7521,-45.4265,8.30751,6.67282,5.9341,-0.319058,-87.3658,48.4216,-44.846,-362.925,8.8676,6.14178,5.3681,2.0,LLLTYLLAVLLAILLALLILI,0.3401772480639768,0.0641154649680222,R,99999900.0,-22.373599999999996,-4.475699999999996,20.14500000000001,773.48,-0.02892589336505145,-0.005786445674096287,0.02604462946682527,-0.008668213787040389
ATLLVFLLAILLSLL,Mutant,,void,3.0,LLLWTLLVFLLAILLSLLILI,-0.0041826268025655,LLLATLLVFLLAILLSLLILI_2,1.1001100110011e+17,1.0,-59.9433,-59.0557,-60.3741,-228.39,-228.524,-243.145,-362.604,4558.53,3838.36,3787.03,-6.63752,-3.01924,-80.9075,-78.0434,-59.0841,-69.2002,51.9543,-39.7316,9.05159,3.89386,3.17317,-0.972991,-66.894,46.55,-38.3386,-364.752,9.0,2.81835,2.0166,2.0,LLLATLLVFLLAILLSLLILI,0.294730071818395,0.0283114780742799,R,99999900.0,-21.8234,0.43079999999999785,14.755000000000024,720.1699999999996,-0.030303122873765933,0.0005981920935334686,0.020488218059624856,-0.009216601635724903
TALLALLLGYLLGSL,Mutant,,void,7.0,LLLTALLFLLLGYLLGSLILI,0.0960551640592599,LLLTALLALLLGYLLGSLILI_2,1.1001100110011e+17,1.0,-63.4871,-60.326,-60.326,-226.36,-225.919,-241.92,-357.284,4523.25,3933.49,3553.98,-6.62104,38404.5,-74.0585,38333.4,-55.038,-60.6601,59.1533,-46.5597,9.17864,3.58471,2.97201,37949.6,-54.4566,55.8714,-40.6917,38025.2,7.0594,2.21113,1.5492,2.0,LLLTALLALLLGYLLGSLILI,1.0812765091597634,0.0168279222348968,G,99999900.0,-19.0205,-3.1610999999999976,15.559999999999974,589.7600000000002,-0.03225125474769396,-0.0053599769397721046,0.0263836136733586,-0.011226668475311986
YALLLTLLVALLSAL,Mutant,,void,16.0,LLLYALLLTLLVALLSFLILI,-0.035558206907988,LLLYALLLTLLVALLSALILI_0,1.1001100110011e+17,1.0,-74.2477,-74.2477,-74.2487,-228.551,-224.876,-244.534,-368.554,4636.59,4087.77,4000.95,-6.61181,-2.75438,-72.3666,-72.1847,-49.771,-45.4813,84.0825,-42.1911,8.48786,4.67333,4.43456,-2.76657,-42.0221,81.2532,-43.3619,-371.308,8.4067,3.7725,3.4913,0.0,LLLYALLLTLLVALLSALILI,0.2895257423155257,0.0603439516105401,R,99999900.0,-22.595600000000005,0.0010000000000047748,15.983000000000004,548.8200000000002,-0.041171240115156146,1.8220910316766417e-06,0.029122480959148718,-0.012047319704092414
YALLLILLSVLLFIL,Mutant,,clash,8.0,LLLYALLLTLLSVLLFILILI,0.0745287017359498,LLLYALLLILLSVLLFILILI_0,1.1001100110011e+17,1.0,-60.5261,-60.6175,-60.5261,-236.18,-232.891,-254.878,-366.521,4725.31,4056.81,3910.29,-6.59148,20.464,-76.4066,-52.5486,-51.1168,-51.3667,80.1656,-43.9918,9.56257,5.02736,4.72984,20.2174,-53.703,73.7044,-44.133,-346.057,8.7769,4.50554,4.11111,0.0,LLLYALLLILLSVLLFILILI,0.2361727476375933,0.0400687655397367,R,99999900.0,-25.2898,0.0,18.69799999999998,668.5000000000005,-0.0378306656694091,0.0,0.027970082273747143,-0.009860104712041878
YVLLLILLITLLSFL,Mutant,,clash,11.0,LLLYVLLLILLATLLSFLILI,-0.0958818107285817,LLLYVLLLILLITLLSFLILI_2,1.1001100110011e+17,1.0,-74.1087,-57.6521,-74.1087,-242.441,-243.067,-257.566,-378.159,4717.91,4261.89,3812.16,-6.55928,1853.64,-68.1678,1776.2,-46.4835,-27.734,88.799,-49.4793,10.6839,2.64797,2.47995,1049.86,-30.5546,77.5454,-42.4251,1475.99,8.9441,1.55182,1.215,2.0,LLLYVLLLILLITLLSFLILI,0.2259210773479756,0.0552069690695908,R,99999900.0,-21.6843,0.0,15.124999999999972,456.0199999999995,-0.04755120389456608,0.0,0.033167404938379864,-0.01438375509846061
TSLLIVLLALLFSLL,Mutant,,clash,7.0,LLLTSLLAVLLALLFSLLILI,-0.1882907969727469,LLLTSLLIVLLALLFSLLILI_0,1.1001100110011e+17,1.0,-67.2121,-71.6783,-60.369,-228.102,-221.0,-255.65,-379.34,4601.87,3845.13,3548.33,-6.54336,455.039,-90.5701,368.377,-63.3211,-108.466,17.9802,32.8182,10.0867,5.19719,3.96689,451.261,-105.741,26.387,21.3899,75.6985,8.7438,5.9234,4.81921,0.0,LLLTSLLIVLLALLFSLLILI,0.3880433409580219,0.0640687408794377,L,99999900.0,-27.248999999999995,-6.843100000000007,27.548000000000002,756.7399999999998,-0.03600840447181331,-0.009042868092079194,0.03640352036366521,-0.008646774321431405
TVLLILLLAFLLSIL,Mutant,,clash,7.0,LLLTVLLALLLAFLLSILILI,0.0955637534425621,LLLTVLLILLLAFLLSILILI_1,1.1001100110011e+17,1.0,-60.3188,-60.3513,-60.3188,-237.094,-228.926,-248.68,-377.565,4579.12,4025.98,3670.39,-6.54132,50.056,-86.6932,-38.2314,-68.5664,-84.8737,49.5312,-35.4603,9.74229,5.91776,5.16073,52.9855,-79.0843,48.947,-35.0,-332.164,8.4738,4.97049,4.20469,1.0,LLLTVLLILLLAFLLSILILI,0.259070282617883,0.077290810349391,R,99999900.0,-18.126800000000003,0.0,11.586000000000013,553.1399999999999,-0.0327707271215244,0.0,0.020945872654300927,-0.011825794554723943
TYLLAVLLIILLFLL,Mutant,,clash,11.0,LLLTYLLAVLLAILLFLLILI,0.1331108271075078,LLLTYLLAVLLIILLFLLILI_1,1.1001100110011e+17,1.0,-57.7138,-48.626,-45.0281,-239.766,-240.579,-259.086,-360.232,4721.56,3929.31,3768.91,-6.51345,261.167,-69.2658,190.141,-56.1178,-85.5789,64.0744,-43.1674,10.0826,7.98688,7.448,247.763,-87.3658,48.4216,-44.846,35.6712,8.8676,6.14178,5.3681,1.0,LLLTYLLAVLLIILLFLLILI,0.1921059442742569,0.030766812586934,R,99999900.0,-13.147999999999996,-12.685699999999997,19.32000000000002,792.2500000000005,-0.016595771536762373,-0.016012243609971586,0.024386241716629866,-0.008221457873146099
VYLLFILLTTLLSLL,Mutant,,clash,8.0,LLLVYLLFALLTTLLSLLILI,0.183925849975554,LLLVYLLFILLTTLLSLLILI_0,1.1001100110011e+17,1.0,-94.1761,-71.0417,-87.9005,-234.41,-234.445,-251.41,-378.271,4738.27,4021.43,3769.37,-6.50733,293.504,-56.1921,220.719,-38.9601,-32.7435,79.3819,-46.0762,10.0864,2.12808,1.81881,275.534,-31.1915,87.4311,-36.2559,-84.7669,8.5903,2.98193,2.7934,0.0,LLLVYLLFILLTTLLSLLILI,0.2547057472503209,0.0651821727932596,R,99999900.0,-17.232000000000006,-6.275600000000011,17.0,716.8400000000006,-0.02403883711846436,-0.008754533787177063,0.02371519446459459,-0.009077799787958253
TYLLAILLGLLLIFL,Mutant,,clash,15.0,LLLTYLLAILLGLLLGFLILI,0.5697671009091219,LLLTYLLAILLGLLLIFLILI_0,1.1001100110011e+17,1.0,-52.555,-55.2121,-44.9626,-235.95,-234.016,-255.593,-356.542,4648.74,3868.39,3661.13,-6.50549,1595.49,-74.5428,1528.18,-55.9866,-55.6387,55.1669,-45.1455,8.63719,2.29334,1.62084,905.803,-61.5471,48.1349,-42.0502,1238.95,7.2784,2.23028,1.4523,0.0,LLLTYLLAILLGLLLIFLILI,0.202885524470292,0.0769092483391066,G,99999900.0,-18.556199999999997,-7.592399999999998,19.643,780.3499999999999,-0.02377932978791568,-0.009729480361376304,0.02517203818799257,-0.008336630998910747
ALLLGLLLIVLLGTL,Mutant,,clash,11.0,LLLALLLGLLLGVLLGTLILI,1.3164856563833425,LLLALLLGLLLIVLLGTLILI_1,1.1001100110011e+17,1.0,-58.7607,-58.7607,-58.7607,-229.342,-225.174,-237.083,-368.3,4542.26,4051.84,3449.62,-6.48871,7258.07,-86.6864,7173.71,-72.4564,-90.0266,66.0629,-36.881,10.2301,8.92249,8.41343,6682.8,-81.7407,58.0906,-35.0,15277.0,6.5862,6.60334,5.9747,1.0,LLLALLLGLLLIVLLGTLILI,0.3867712665979049,0.0081163299925809,G,99999900.0,-14.230000000000004,0.0,7.7409999999999854,490.4200000000001,-0.029015945516088253,0.0,0.01578442967252556,-0.013230924513682149
YILLILLLGTLLASL,Mutant,,clash,7.0,LLLYILLGLLLGTLLASLILI,-0.0027976823850814,LLLYILLILLLGTLLASLILI_1,1.1001100110011e+17,1.0,-74.0156,-76.0283,-74.0156,-234.756,-208.704,-248.052,-376.965,4629.77,4052.83,3579.1,-6.48526,95828900.0,-74.6788,95828800.0,-54.8971,-97.3788,52.5586,-27.6015,10.1375,8.20223,7.4906,3812900.0,-97.764,38.4753,-38.0973,2683760.0,7.04,6.35877,5.4359,1.0,LLLYILLILLLGTLLASLILI,0.3433787138967076,0.1191731997861975,G,99999900.0,-19.781699999999994,0.0,13.295999999999992,576.9400000000005,-0.03428727423995559,0.0,0.023045723992096197,-0.01124078760356362
YALLIVLLALLLSFL,Mutant,,clash,7.0,LLLYALLTVLLALLLSFLILI,0.0331387600364561,LLLYALLIVLLALLLSFLILI_2,1.1001100110011e+17,1.0,-60.4169,-51.1627,-60.4169,-240.015,-236.159,-250.862,-360.105,4699.51,4208.69,3877.82,-6.32401,47.1312,-65.9971,-25.6525,-48.8262,-73.4984,62.0301,-41.3879,9.64209,5.89882,5.32927,43.969,-71.6539,57.0728,-39.68,-296.32,8.4856,4.95291,4.309,2.0,LLLYALLIVLLALLLSFLILI,0.4051432332776107,0.0305149859349833,R,99999900.0,-17.170900000000003,0.0,10.847000000000008,490.8200000000006,-0.034984108227048574,0.0,0.022099751436371776,-0.012884580905423562
LYALLTLLVALLSFL,Mutant,,void,5.0,LLLLYWLLTLLVALLSFLILI,0.039014702365981,LLLLYALLTLLVALLSFLILI_1,1.1001100110011e+17,1.0,-64.626,-74.2596,-74.2596,-221.833,-224.952,-244.728,-358.023,4593.16,3875.48,3793.33,-6.28304,3.23888,-77.8474,-55.5728,-39.0358,-6.75756,102.652,23.3276,8.84006,1.37167,1.41145,3.37228,-7.46127,97.2494,27.9329,-354.581,9.5,0.747859,0.7066,1.0,LLLLYALLTLLVALLSFLILI,0.4154679019284117,0.0663358528396408,L,99999900.0,-38.81159999999999,9.633600000000001,22.89500000000001,717.6799999999998,-0.054079255378441646,0.013423252703154614,0.03190140452569393,-0.008754653884739718
SALLVALLTLLLSFL,Mutant,,void,4.0,LLLSYLLVALLTLLLSFLILI,0.1889212792100496,LLLSALLVALLTLLLSFLILI_0,1.1001100110011e+17,1.0,-72.4846,-72.1059,-74.2797,-229.651,-228.467,-249.613,-377.967,4552.28,4071.39,3938.79,-6.24727,-4.174,-82.0786,-81.5681,-54.074,-65.9054,55.7303,-45.2773,8.92861,3.9094,3.24536,-4.54838,-70.8563,45.7237,-44.789,-382.141,8.8389,3.30114,2.487,0.0,LLLSALLVALLTLLLSFLILI,0.3861048364633466,0.0463008689083921,R,99999900.0,-28.004599999999996,1.795100000000005,19.96199999999999,480.8899999999999,-0.05823493938322694,0.003732870302979903,0.041510532554222365,-0.012991058246168566
LYLLLIVLTALLFSL,Mutant,,clash,8.0,LLLLYLLLAVLTALLFSLILI,0.0139751396808588,LLLLYLLLIVLTALLFSLILI_0,1.1001100110011e+17,1.0,-74.2253,-74.0376,-74.1781,-226.665,-214.408,-248.352,-366.775,4616.4,3791.41,3655.67,-6.22497,29720.8,-72.1094,29642.5,-44.2445,-6.76948,102.425,24.9759,10.2848,1.34275,1.37912,25785.3,-16.1108,85.7945,18.2467,29354.1,9.3989,0.498883,0.285801,0.0,LLLLYLLLIVLTALLFSLILI,0.2925868997160976,0.0982241431568321,L,99999900.0,-27.86489999999999,-0.04720000000000368,21.687000000000012,824.9899999999998,-0.03377604577025176,-5.721281470078873e-05,0.026287591364743835,-0.007545509642541123
TYLLFVLLIILLSLL,Mutant,,clash,11.0,LLLTYLLFVLLAILLSLLILI,0.0184650388219481,LLLTYLLFVLLIILLSLLILI_2,1.1001100110011e+17,1.0,-60.3872,-67.7244,-60.3872,-244.381,-240.769,-260.267,-373.056,4755.36,3911.84,3727.71,-6.16734,479.524,-74.4547,414.961,-52.4014,-69.8184,64.2599,-41.2171,10.372,5.64784,5.11173,412.464,-66.1502,63.0091,-42.2689,106.468,8.387,4.92876,4.3739,2.0,LLLTYLLFVLLIILLSLLILI,0.2787464080082346,0.027794962193525,R,99999900.0,-22.0533,0.0,15.885999999999996,843.5199999999995,-0.026144371206373307,0.0,0.018832985584218517,-0.007311433042488624
YFLLALLLITLLGSL,Mutant,,clash,11.0,LLLYFLLALLLGTLLGSLILI,0.0754352509291101,LLLYFLLALLLITLLGSLILI_0,1.1001100110011e+17,1.0,-74.1108,-65.9734,-74.1108,-237.999,-225.078,-250.16,-360.116,4709.35,4185.88,3511.47,-6.15821,18165500.0,-54.1654,18165400.0,-35.8453,-68.459,57.0967,-35.6346,10.7198,4.47691,3.83336,9411280.0,-62.8637,50.8317,-39.7383,18165100.0,6.5162,2.79183,2.05431,0.0,LLLYFLLALLLITLLGSLILI,0.1670875792006994,0.0314799248561001,G,99999900.0,-18.320099999999996,0.0,12.161000000000001,523.4700000000003,-0.03499742105564786,0.0,0.023231512789653647,-0.011764208073050982
SSLLFLLLGVLLGTL,WT,LLLSSLLFLLLIVLLGTLILI,clash,,,,LLLSSLLFLLLGVLLGTLILI_0,1.1001100110011e+17,1.0,-58.7727,-84.6167,-58.7727,-227.935,-213.692,-253.885,-362.49,4545.49,3653.68,3371.42,-6.06397,24723.3,-81.8471,24659.1,-49.8323,-60.3278,78.0899,-42.7346,7.66249,6.09131,5.76266,22557.6,-63.2674,60.5559,-36.2287,24360.8,7.0661,4.16516,3.5735,0.0,LLLSSLLFLLLGVLLGTLILI,0.3233963793412731,0.0550942017286072,G,99999900.0,-32.0148,0.0,25.94999999999999,891.81,-0.03589867796952266,0.0,0.02909812628250411,-0.006799620995503527
YLLLTVLLAALLSIL,Mutant,,void,12.0,LLLYLLLTVLLAFLLSILILI,0.0364852026035887,LLLYLLLTVLLAALLSILILI_1,1.1001100110011e+17,1.0,-70.4975,-65.6652,-74.0861,-236.458,-233.16,-248.035,-376.986,4623.72,4029.57,4056.5,-6.04941,9.1185,-76.0797,-69.0416,-54.8648,-58.0318,66.4302,-41.3939,9.33536,4.17284,3.6693,4.9522,-56.6166,54.3101,-43.9978,-373.409,8.7546,2.32435,1.639,1.0,LLLYLLLTVLLAALLSILILI,0.2374521526916341,0.0519974514096791,R,99999900.0,-21.2149,3.5885999999999996,11.576999999999998,594.1500000000001,-0.03570630312210721,0.006039888916940165,0.019484978540772527,-0.010181620802827567
LILLSVLLIYLLTFL,Mutant,,clash,11.0,LLLLILLSVLLAYLLTFLILI,0.2263192346404419,LLLLILLSVLLIYLLTFLILI_0,1.1001100110011e+17,1.0,-74.2501,-70.536,-74.1831,-238.794,-228.614,-252.37,-373.49,4689.59,4070.08,3738.27,-6.00775,92.854,-66.4543,18.5142,-46.9376,-69.2578,62.848,-41.4311,10.701,5.37314,4.81586,76.3079,-71.7611,50.3856,-43.3797,-280.636,9.0,4.06622,3.322,0.0,LLLLILLSVLLIYLLTFLILI,0.193991777866215,0.0832616896745743,R,99999900.0,-19.5167,-0.06700000000000728,13.575999999999993,619.5100000000002,-0.03150344627205371,-0.00010814998950784854,0.021914093396393906,-0.009697583574115022
TYLLVILLAFLLILL,Mutant,,clash,15.0,LLLTYLLVILLAFLLSLLILI,0.0785560125691813,LLLTYLLVILLAFLLILLILI_2,1.1001100110011e+17,1.0,-45.1141,-45.1141,-45.1141,-242.443,-238.686,-258.116,-359.525,4711.84,4017.81,3823.23,-5.83877,257.092,-77.8064,181.367,-56.2946,-65.8418,55.4238,-51.4461,10.1436,3.85848,3.18984,247.898,-61.4542,42.8978,-44.8882,-101.421,8.9762,1.50933,0.652797,2.0,LLLTYLLVILLAFLLILLILI,0.2666800284882425,0.0124390045716901,R,99999900.0,-21.511799999999994,0.0,15.672999999999973,694.0300000000002,-0.030995490108496733,0.0,0.022582597294065053,-0.008412849588634495
YILLIALLVLLLFSL,Mutant,,clash,4.0,LLLYTLLIALLVLLLFSLILI,0.0836677682615573,LLLYILLIALLVLLLFSLILI_0,1.1001100110011e+17,1.0,-60.3998,-60.3998,-60.3998,-232.407,-230.556,-253.674,-363.094,4723.12,4037.15,3816.94,-5.80559,56.3681,-76.0931,-15.7707,-49.02,-49.1563,86.8802,-53.7266,9.44377,5.60228,5.40548,54.5954,-49.6955,84.1851,-43.2834,-306.726,9.0,5.31932,5.0821,0.0,LLLYILLIALLVLLLFSLILI,0.2419980153118543,0.0657415021192953,R,99999900.0,-27.073100000000004,0.0,21.266999999999996,685.9699999999998,-0.03946688630698137,0.0,0.031002813534119572,-0.008463329300115167
YTLLVILLSTLLFLL,Mutant,,clash,8.0,LLLYTLLVALLSTLLFLLILI,-0.0180023162481739,LLLYTLLVILLSTLLFLLILI_0,1.1001100110011e+17,1.0,-67.0801,-76.4413,-74.1976,-240.332,-229.56,-257.155,-374.783,4725.68,4044.92,3805.18,-5.79706,285.718,-73.1688,216.937,-43.4306,-54.1642,80.0858,-43.9823,10.6267,5.43622,5.1375,259.195,-52.2698,72.8602,-43.2077,-89.065,8.6278,4.1766,3.7695,0.0,LLLYTLLVILLSTLLFLLILI,0.243772597288887,0.0189724055097433,R,99999900.0,-29.738200000000006,7.117499999999993,16.82299999999998,680.7600000000002,-0.04368382396145484,0.010455226511545904,0.024712086491568207,-0.008515570832598858
LAYLTALLILLVSLL,Mutant,,void,4.0,LLLLFYLTALLILLVSLLILI,-0.0249171398901699,LLLLAYLTALLILLVSLLILI_0,1.1001100110011e+17,1.0,-74.0043,-74.0043,-74.0716,-230.929,-219.288,-242.03,-372.686,4614.75,3769.99,3792.48,-5.76017,5.7288,-73.513,-73.6655,-56.5845,-50.18,67.9659,32.6204,9.63327,3.2024,2.72189,6.01749,-47.8829,56.4851,28.0,-366.958,9.5,1.30792,0.655196,0.0,LLLLAYLTALLILLVSLLILI,0.3449848624981178,0.0232729839620731,L,99999900.0,-16.928500000000007,0.06730000000000302,11.100999999999999,844.7600000000002,-0.020039419480089023,7.966759789763129e-05,0.013141010464510626,-0.006818705904635634
ALLLVILLFILLSLL,Mutant,,clash,8.0,LLLALLLVTLLFILLSLLILI,0.0726165566089236,LLLALLLVILLFILLSLLILI_1,1.1001100110011e+17,1.0,-60.5369,-60.5743,-60.4206,-232.63,-228.444,-247.29,-378.681,4608.36,3981.03,3814.38,-5.70422,0.441449,-91.2185,-89.222,-70.9709,-37.0365,72.819,-49.6173,9.82281,1.88604,1.47833,5.01564,-33.5268,69.6745,-45.0,-360.795,9.0,0.935083,0.480201,1.0,LLLALLLVILLFILLSLLILI,0.2415095157478689,0.0274642594444956,R,99999900.0,-20.247600000000006,-0.11630000000000251,14.659999999999997,627.3299999999995,-0.03227583568456797,-0.00018538887029155725,0.02336888081233164,-0.009092853840881203
AVLLGLLLIFLLSTL,Mutant,,clash,11.0,LLLAVLLGLLLGFLLSTLILI,1.1506476129215284,LLLAVLLGLLLIFLLSTLILI_1,1.1001100110011e+17,1.0,-74.143,-74.0932,-74.0809,-237.167,-229.475,-241.843,-371.421,4511.81,4112.51,3600.67,-5.64175,67500.2,-65.7524,67432.4,-55.4964,-91.1292,65.4604,-40.0134,10.8583,9.00653,8.48843,58861.7,-93.3512,41.9135,-44.1361,74856.7,7.4044,6.161,5.2897,1.0,LLLAVLLGLLLIFLLSTLILI,0.3477306640617562,0.0760484480627205,G,99999900.0,-10.255999999999993,-0.06210000000000093,4.675999999999988,399.3000000000002,-0.025684948660155242,-0.00015552216378662885,0.01171049336338589,-0.014129100926621582
YWLLVILLLALLSTL,Mutant,,clash,8.0,LLLYWLLVALLLALLSTLILI,0.0911221805685022,LLLYWLLVILLLALLSTLILI_0,1.1001100110011e+17,1.0,-70.6829,-72.42,-74.2545,-242.381,-236.243,-256.209,-383.114,4722.06,4050.46,3756.21,-5.51466,608.75,-75.5648,534.298,-52.6512,-16.7423,100.084,-47.2626,9.62074,2.52265,2.52391,485.12,-15.7577,89.9497,-39.1893,225.635,8.0,1.00686,0.856105,0.0,LLLYWLLVILLLALLSTLILI,0.2830382107577565,0.03726102734986,R,99999900.0,-22.913600000000002,3.5715999999999894,13.828000000000003,671.6000000000004,-0.034117927337701,0.005318046456223924,0.020589636688505056,-0.008211226920786178
AFLLGILLILLLGTL,Mutant,,clash,11.0,LLLAFLLGILLGLLLGTLILI,0.8533995520539139,LLLAFLLGILLILLLGTLILI_0,1.1001100110011e+17,1.0,-58.7173,-62.1836,-58.7173,-230.637,-224.188,-240.52,-351.386,4615.2,3911.08,3470.0,-5.50983,7475140.0,-67.5409,7475070.0,-52.1487,-67.5926,51.9318,-38.9345,9.88384,3.64968,2.92865,6323960.0,-72.6874,32.4259,-40.8381,7474790.0,7.0033,1.78061,0.766999,0.0,LLLAFLLGILLILLLGTLILI,0.3771016998062247,0.0275391793014182,G,99999900.0,-15.392199999999995,0.0,9.88300000000001,704.1199999999999,-0.021860194285065044,0.0,0.014035959779583041,-0.007825129239334205
SALLVFLLAILLTLL,Mutant,,void,4.0,LLLSYLLVFLLAILLTLLILI,0.0447972239693383,LLLSALLVFLLAILLTLLILI_2,1.1001100110011e+17,1.0,-55.3641,-55.3641,-58.8692,-232.432,-235.021,-251.277,-367.802,4600.37,3794.86,3779.7,-5.50149,-4.43426,-85.5078,-81.8515,-57.6556,-80.0287,57.448,-43.2359,8.82901,6.25979,5.62151,-4.49806,-79.5719,55.1888,-42.772,-372.716,8.8555,5.88627,5.2141,2.0,LLLSALLVFLLAILLTLLILI,0.3529993119354849,0.0309817684998429,R,99999900.0,-27.852200000000003,3.5050999999999988,18.845,805.5099999999998,-0.03457710022221948,0.004351404700127869,0.02339511613760227,-0.006829822100284295
TALLIALLALLLSVL,Mutant,,void,11.0,LLLTALLIALLFLLLSVLILI,-0.1003307691277796,LLLTALLIALLALLLSVLILI_2,1.1001100110011e+17,1.0,-60.317,-60.2627,-60.4084,-228.083,-223.345,-241.175,-377.41,4516.94,3761.34,3635.74,-5.4633,1401.93,-94.4733,1308.13,-75.8274,-46.3718,95.9281,-39.3842,9.18337,6.40606,6.34499,1379.69,-47.682,80.7227,-35.7606,1016.16,8.0,4.54986,4.2607,2.0,LLLTALLIALLALLLSVLILI,0.5190412202901893,0.1004972338455707,R,99999900.0,-18.645899999999997,0.09140000000000015,13.092000000000013,755.5999999999995,-0.024676945473795675,0.00012096347273689812,0.017326627845420887,-0.007230412916887248
TYLLVILLIFLLSLL,Mutant,,clash,11.0,LLLTYLLVILLAFLLSLLILI,0.0972836306754688,LLLTYLLVILLIFLLSLLILI_2,1.1001100110011e+17,1.0,-60.3865,-58.785,-60.3155,-238.207,-235.905,-259.68,-373.315,4740.93,3988.48,3813.25,-5.39787,33.4875,-80.1199,-45.1377,-53.3196,-62.0095,47.6911,-44.6668,10.312,2.23973,1.45509,29.789,-61.4542,42.8978,-44.8882,-305.217,8.9762,1.50933,0.652797,2.0,LLLTYLLVILLIFLLSLLILI,0.2479524103819551,0.0243546274372261,R,99999900.0,-26.8003,-0.07099999999999795,21.473000000000013,752.4500000000003,-0.03561738321483154,-9.4358429131501e-05,0.0285374443484617,-0.007173725828958732
YTLLIILLFVLLALL,Mutant,,clash,8.0,LLLYTLLISLLFVLLALLILI,0.1071046818952232,LLLYTLLIILLFVLLALLILI_0,1.1001100110011e+17,1.0,-45.0785,-45.0785,-45.0785,-240.994,-234.394,-255.896,-353.52,4739.74,4115.64,3839.75,-5.36957,428.941,-72.8166,354.894,-52.545,-45.5208,81.2401,-45.7402,10.18,4.29553,4.01414,424.317,-47.8874,71.7719,-40.0436,75.421,8.4792,3.37232,2.9489,0.0,LLLYTLLIILLFVLLALLILI,0.2073302419387139,0.0510892478594987,R,99999900.0,-20.271599999999992,0.0,14.901999999999987,624.0999999999995,-0.032481333119692375,0.0,0.023877583720557604,-0.008603701329915087
YALLVALLIILLFLL,Mutant,,clash,12.0,LLLYALLVALLITLLFLLILI,-0.0054410501893638,LLLYALLVALLIILLFLLILI_0,1.1001100110011e+17,1.0,-45.0894,-45.0894,-45.0894,-236.866,-232.936,-252.759,-349.562,4736.34,4167.21,3941.92,-5.34896,46.2806,-72.956,-25.2561,-51.7132,-28.3919,102.448,-35.4414,10.0529,4.58925,4.62596,46.3273,-28.1339,95.9421,-37.7472,-303.281,8.6579,3.67227,3.6114,0.0,LLLYALLVALLIILLFLLILI,0.3136135982187073,0.0890446736789582,R,99999900.0,-21.242800000000003,0.0,15.892999999999972,569.1300000000001,-0.03732503997329257,0.0,0.027925078628784232,-0.009398485407551876
YILLFALLLSLLVTL,Mutant,,clash,4.0,LLLYALLFALLLSLLVTLILI,0.0866937762549742,LLLYILLFALLLSLLVTLILI_2,1.1001100110011e+17,1.0,-74.282,-74.2526,-74.2526,-229.61,-230.567,-252.721,-370.458,4680.33,4001.97,3808.25,-5.31859,56.5654,-71.884,-9.07257,-43.4838,-34.444,93.2791,-51.4078,8.65258,4.25928,4.15846,46.2016,-38.8884,87.4303,-44.355,-323.016,8.3134,4.13635,3.9478,2.0,LLLYILLFALLLSLLVTLILI,0.1777201792967254,0.0302356773137034,R,99999900.0,-28.400199999999998,-0.02939999999999543,23.11099999999999,678.3600000000001,-0.04186597087092398,-4.3339819564826086e-05,0.03406893095111738,-0.007840364997936198
TYLLVALLIILLFLL,Mutant,,clash,12.0,LLLTYLLVALLIALLFLLILI,0.1150201676648109,LLLTYLLVALLIILLFLLILI_2,1.1001100110011e+17,1.0,-45.0773,-45.0773,-45.0773,-239.624,-235.768,-257.911,-359.301,4704.98,3941.9,3658.67,-5.27903,1481.41,-79.8782,1402.96,-56.3129,-20.4629,90.1755,-39.9515,10.1527,1.74313,1.59576,777.518,-14.8656,89.0751,-39.4069,1338.35,8.0,0.754973,0.591099,2.0,LLLTYLLVALLIILLFLLILI,0.266629545839222,0.0429577993330025,R,99999900.0,-23.565300000000008,0.0,18.287000000000006,763.0799999999995,-0.03088182104104422,0.0,0.023964721916443908,-0.006918055773968658
YLLLAILLAVLLSIL,Mutant,,clash,8.0,LLLYLLLATLLAVLLSILILI,-0.0081293511780159,LLLYLLLAILLAVLLSILILI_1,1.1001100110011e+17,1.0,-60.3996,-59.7036,-60.3996,-232.527,-223.463,-248.894,-374.107,4625.92,4012.73,3839.7,-5.23168,439.375,-86.4126,348.434,-64.8137,-53.3196,74.5272,-46.8489,9.66735,4.55912,4.17703,346.718,-46.7103,70.4803,-42.9747,54.3461,8.3098,3.02139,2.57859,1.0,LLLYLLLAILLAVLLSILILI,0.245284493250298,0.0095348945155987,R,99999900.0,-21.5989,0.0,16.36700000000002,613.19,-0.03522382948188979,0.0,0.026691563789363847,-0.008531906913028587
TALLIALLLILLFVL,Mutant,,clash,12.0,LLLTALLIALLLSLLFVLILI,0.1686174755006643,LLLTALLIALLLILLFVLILI_0,1.1001100110011e+17,1.0,-45.0736,-45.0736,-45.0736,-232.726,-231.872,-248.264,-363.831,4581.78,3920.95,3743.48,-5.20675,587.925,-91.2382,501.039,-70.4939,-26.3022,103.194,-45.7893,9.15521,4.37648,4.42439,585.085,-32.2597,92.0409,-42.2469,224.093,8.0874,3.76448,3.64509,0.0,LLLTALLIALLLILLFVLILI,0.2563337774983045,0.0428073550992435,R,99999900.0,-20.74430000000001,0.0,15.538000000000011,660.8299999999999,-0.031391280662197554,0.0,0.023512855045927112,-0.00787910657809119
YFLLVILLLALLSTL,Mutant,,clash,8.0,LLLYFLLVALLLALLSTLILI,0.2274425619089541,LLLYFLLVILLLALLSTLILI_0,1.1001100110011e+17,1.0,-70.6108,-75.0437,-74.18,-237.792,-230.603,-253.972,-367.006,4738.27,4087.35,3850.33,-5.20456,213.606,-63.8082,152.247,-38.8542,-22.798,90.0819,-42.6424,10.2556,2.08075,1.93197,209.651,-18.8236,86.1077,-38.4912,-153.4,8.6409,0.948085,0.739701,0.0,LLLYFLLVILLLALLSTLILI,0.0971267690813142,0.0307508577405055,R,99999900.0,-24.954,3.5692000000000093,16.180000000000007,650.9200000000005,-0.03833650832667606,0.005483315922079528,0.024857125299575976,-0.00799569839611626
YFLLGTLLIVLLALL,Mutant,,clash,11.0,LLLYFLLGTLLGVLLALLILI,0.6927043322481661,LLLYFLLGTLLIVLLALLILI_2,1.1001100110011e+17,1.0,-58.7627,-63.0537,-58.7627,-234.041,-230.962,-250.798,-348.938,4766.38,4124.64,3657.08,-5.14561,581484.0,-61.2794,581429.0,-39.377,-67.9693,48.3261,-31.8219,9.9169,3.21941,2.4443,581365.0,-70.6256,40.5984,-41.2559,581135.0,6.8843,2.57462,1.6836,2.0,LLLYFLLGTLLIVLLALLILI,0.2141434760357001,0.0274715632133099,G,99999900.0,-21.9024,0.0,16.757000000000005,641.7399999999998,-0.03412970985134168,0.0,0.026111820986692447,-0.008018216099978187
AILLLILLFVLLSLL,Mutant,,clash,8.0,LLLAILLLTLLFVLLSLLILI,0.1379937974434491,LLLAILLLILLFVLLSLLILI_2,1.1001100110011e+17,1.0,-60.492,-60.4132,-60.492,-237.83,-230.574,-247.059,-381.634,4584.45,4036.24,3749.46,-5.14286,26.2946,-88.455,-64.3522,-74.0834,-40.8782,92.5203,-42.6155,10.8037,5.12197,5.00977,12.6623,-36.2869,84.2404,-44.7529,-342.298,9.0,3.31549,3.0791,2.0,LLLAILLLILLFVLLSLLILI,0.1995053270308357,0.0843949883279147,R,99999900.0,-14.3716,0.0,9.228999999999985,548.21,-0.026215501358968277,0.0,0.016834789587931602,-0.009381186041845277
YVLLAALLTVLLSLL,Mutant,,void,7.0,LLLYVLLFALLTVLLSLLILI,-0.0108023400818992,LLLYVLLAALLTVLLSLLILI_1,1.1001100110011e+17,1.0,-74.2788,-74.2394,-74.2788,-227.655,-227.012,-247.103,-374.213,4622.41,3937.14,3893.62,-5.10736,-4.57438,-77.386,-77.5352,-52.8307,-41.9135,81.9899,-44.4636,9.10149,3.85566,3.58551,-2.87782,-39.2116,82.5884,-44.5047,-376.731,8.7478,3.53117,3.27,1.0,LLLYVLLAALLTVLLSLLILI,0.3128073888899824,0.0242600594187736,R,99999900.0,-24.555299999999995,0.0,19.448000000000008,685.27,-0.035833029316911576,0.0,0.028380054577028045,-0.0074530622966130135
TYLLVILLIALLFLL,Mutant,,clash,8.0,LLLTYLLVALLIALLFLLILI,0.0328344053597721,LLLTYLLVILLIALLFLLILI_0,1.1001100110011e+17,1.0,-51.8324,-45.0773,-45.0773,-236.264,-236.703,-258.061,-358.708,4715.08,3954.31,3676.88,-4.98919,1276.05,-75.6009,1199.13,-55.5694,-21.2663,77.9314,-47.0467,9.94801,0.210677,-0.120352,768.229,-14.8656,89.0751,-39.4069,917.346,8.0,0.754973,0.591099,0.0,LLLTYLLVILLIALLFLLILI,0.348815308144261,0.0453906589728707,R,99999900.0,-20.031499999999994,-6.755099999999999,21.79699999999997,760.77,-0.02633055982754314,-0.008879293347529476,0.02865123493302834,-0.0065580793143788525
TALLIALLLVLLSAL,Mutant,,void,16.0,LLLTALLIALLLVLLSWLILI,0.0126583712487685,LLLTALLIALLLVLLSALILI_1,1.1001100110011e+17,1.0,-60.3014,-60.2512,-60.3799,-225.358,-226.21,-240.964,-375.728,4526.31,3844.73,3871.88,-4.97187,6.88528,-95.0402,-82.3815,-74.3836,-38.3798,89.2795,-40.3207,8.91459,4.3097,4.14889,5.84718,-33.2071,91.2243,-42.4294,-369.794,9.0,3.79634,3.6647,1.0,LLLTALLIALLLVLLSALILI,0.3552299193301409,0.0231867625473015,R,99999900.0,-20.656599999999997,0.07849999999999824,15.605999999999995,681.5800000000004,-0.03030693388890517,0.00011517356729950731,0.022896798614982814,-0.007294624255406551
YILLLILLVALLSFL,Mutant,,clash,8.0,LLLYILLLTLLVALLSFLILI,0.1265676548724505,LLLYILLLILLVALLSFLILI_2,1.1001100110011e+17,1.0,-60.506,-55.9988,-60.506,-238.347,-231.105,-253.662,-365.961,4719.17,4254.7,3810.97,-4.91001,1096.41,-72.0178,1017.55,-51.7931,-30.8991,77.4338,-44.9002,10.3401,1.58843,1.24994,651.136,-34.0014,66.4946,-38.3052,730.451,8.683,0.576981,0.0744,2.0,LLLYILLLILLVALLSFLILI,0.1514614513579414,0.0554440644893698,R,99999900.0,-20.22469999999999,0.0,15.314999999999998,464.47000000000025,-0.04354360884448938,0.0,0.03297306607531162,-0.010571210196568126
YFLLAVLLILLLGSL,Mutant,,clash,11.0,LLLYFLLAVLLGLLLGSLILI,0.0078647699892934,LLLYFLLAVLLILLLGSLILI_1,1.1001100110011e+17,1.0,-60.2613,-60.2613,-60.2613,-234.588,-234.566,-249.619,-352.337,4763.88,4196.79,3550.73,-4.90829,750329.0,-62.3968,750271.0,-42.4568,-68.3084,53.09,-43.7836,10.2447,3.9134,3.20975,386052.0,-72.2097,37.011,-35.0,749941.0,7.3038,2.32794,1.3831,1.0,LLLYFLLAVLLILLLGSLILI,0.2633298643914161,0.1290193316246828,G,99999900.0,-19.939999999999998,0.0,15.031000000000006,567.0900000000001,-0.03516196723624115,0.0,0.026505492955262836,-0.008655222275123876
YFLLGLLLIVLLGSL,Mutant,,clash,11.0,LLLYFLLGLLLGVLLGSLILI,0.94291253687189,LLLYFLLGLLLIVLLGSLILI_2,1.1001100110011e+17,1.0,-60.2835,-62.1087,-60.2835,-234.696,-226.837,-248.396,-347.294,4733.18,4171.59,3462.56,-4.85538,6755440.0,-57.1706,6755380.0,-38.6147,-75.4256,64.9238,-39.011,10.8346,6.57856,6.05241,5551670.0,-78.9548,52.0865,-37.7493,20022400.0,6.5,5.3749,4.6562,2.0,LLLYFLLGLLLIVLLGSLILI,0.2037069545821705,0.0927376222029582,G,99999900.0,-18.5559,0.0,13.699999999999989,561.5900000000001,-0.03304172082836232,0.0,0.0243950212788689,-0.008645773607079896
AYLLTLLLIILLSFL,Mutant,,clash,11.0,LLLAYLLTLLLAILLSFLILI,0.1740829598294299,LLLAYLLTLLLIILLSFLILI_0,1.1001100110011e+17,1.0,-80.6083,-81.7778,-74.1339,-236.784,-236.899,-253.263,-373.265,4670.34,4120.92,3870.42,-4.83292,64.9822,-60.706,10.3933,-45.8682,-35.2086,73.5075,-46.5188,10.2654,1.7048,1.30741,61.9935,-35.2789,74.0431,-44.1963,-308.283,8.7202,1.78765,1.3983,0.0,LLLAYLLTLLLIILLSFLILI,0.1251902149396885,0.0565749088794846,R,99999900.0,-14.837800000000001,-6.474400000000003,16.479000000000013,549.4200000000001,-0.027006297550143787,-0.011784063193913586,0.029993447635688564,-0.008796403480033488
SALLVLLLALLLTFL,Mutant,,void,4.0,LLLSYLLVLLLALLLTFLILI,-0.0114498069888176,LLLSALLVLLLALLLTFLILI_1,1.1001100110011e+17,1.0,-58.849,-58.8841,-58.8832,-230.81,-232.991,-251.706,-373.122,4617.06,3911.61,3828.6,-4.82533,205.014,-88.2884,123.767,-62.5328,-75.172,60.4558,-41.3561,8.61509,5.93733,5.34417,-3.2666,-77.6256,57.7497,-43.493,-376.364,8.7997,5.94005,5.3063,1.0,LLLSALLVLLLALLLTFLILI,0.399662451820935,0.0816158256693388,R,99999900.0,-25.755599999999994,0.03420000000000556,20.895999999999987,705.4500000000003,-0.03650946204550285,4.8479693812467996e-05,0.02962080941243175,-0.0068400737118151506
YLLLGILLITLLAFL,Mutant,,clash,11.0,LLLYLLLGILLGTLLAFLILI,0.3742644978286743,LLLYLLLGILLITLLAFLILI_0,1.1001100110011e+17,1.0,-58.7109,-49.9616,-58.7109,-240.437,-233.174,-251.334,-354.384,4709.3,4149.98,3601.54,-4.75008,746541.0,-59.9866,746470.0,-44.3397,-71.8692,50.8075,-33.2731,10.0567,4.13938,3.40149,722798.0,-70.6256,40.5984,-41.2559,746187.0,6.8843,2.57462,1.6836,0.0,LLLYLLLGILLITLLAFLILI,0.1558824042858685,0.0804441500095061,G,99999900.0,-15.646900000000002,0.0,10.896999999999991,559.3200000000006,-0.0279748623328327,0.0,0.01948258599728238,-0.008492598154902371
YFLLAILLIVLLSLL,Mutant,,clash,11.0,LLLYFLLAILLTVLLSLLILI,-0.0050610856830848,LLLYFLLAILLIVLLSLLILI_2,1.1001100110011e+17,1.0,-60.4787,-60.4787,-60.4787,-235.186,-230.368,-254.848,-362.961,4774.38,4109.11,3944.82,-4.74595,34.3258,-72.0419,-37.7877,-47.6343,-82.3298,60.568,-40.8514,10.0728,7.02615,6.43467,27.9794,-79.0284,55.7683,-40.9071,-286.941,8.9529,5.88298,5.2195,2.0,LLLYFLLAILLIVLLSLLILI,0.1713441415131994,0.0452527772657598,R,99999900.0,-24.407599999999995,0.0,19.662000000000006,665.2700000000004,-0.03668826190869869,0.0,0.029554917552272,-0.007133870458610784
TYLLIILLVALLSLL,Mutant,,clash,8.0,LLLTYLLIALLVALLSLLILI,0.1859735175803324,LLLTYLLIILLVALLSLLILI_0,1.1001100110011e+17,1.0,-68.0848,-66.8715,-60.4332,-234.43,-234.445,-253.852,-382.734,4643.5,3849.71,3813.06,-4.71167,42.3589,-84.931,-39.0588,-68.4483,-29.1635,75.8885,-45.0169,8.79695,1.11948,0.757804,44.7218,-24.5149,79.9684,-45.0,-340.375,8.631,0.972974,0.672501,0.0,LLLTYLLIILLVALLSLLILI,0.272653110206854,0.0247000399630796,R,99999900.0,-16.482699999999994,-7.651600000000002,19.421999999999997,793.79,-0.0207645598961942,-0.009639325262348987,0.02446742841305635,-0.0059356630846949445
YVLLGLLLITLLAFL,Mutant,,clash,11.0,LLLYVLLGLLLGTLLAFLILI,0.1292168083005355,LLLYVLLGLLLITLLAFLILI_0,1.1001100110011e+17,1.0,-58.7144,-48.9689,-58.7144,-242.586,-230.122,-250.407,-351.611,4685.85,4284.01,3621.94,-4.62862,27843.4,-54.9392,27770.9,-42.4896,-73.3104,62.9684,-31.0428,11.0029,5.99728,5.44181,24069.8,-68.9875,54.3485,-39.7512,27491.8,6.8746,4.18517,3.5004,0.0,LLLYVLLGLLLITLLAFLILI,0.1968408269708491,0.1296530308998513,G,99999900.0,-12.449599999999997,0.0,7.820999999999998,401.84000000000015,-0.03098148516822614,0.0,0.019462970336452307,-0.011518564602826992
YVLLFILLTVLLSLL,Mutant,,clash,8.0,LLLYVLLFALLTVLLSLLILI,0.1126420187823824,LLLYVLLFILLTVLLSLLILI_0,1.1001100110011e+17,1.0,-74.2128,-60.318,-74.2128,-238.877,-233.05,-255.944,-374.791,4693.15,4130.18,3883.68,-4.58819,67.1715,-66.2886,-14.2512,-44.6343,-39.9834,87.6357,-42.2986,9.93351,4.32833,4.14287,66.2524,-39.2116,82.5884,-44.5047,-307.619,8.7478,3.53117,3.27,0.0,LLLYVLLFILLTVLLSLLILI,0.1893630300257003,0.005896715633023,R,99999900.0,-21.6543,0.0,17.06699999999998,562.9699999999993,-0.0384643941950726,0.0,0.030316002628914505,-0.00814997246744943
YLLLIVLLAFLLTSL,Mutant,,clash,7.0,LLLYLLLAVLLAFLLTSLILI,0.086580924874399,LLLYLLLIVLLAFLLTSLILI_2,1.1001100110011e+17,1.0,-74.1978,-70.6458,-74.2137,-232.528,-225.756,-253.056,-366.841,4717.32,4232.95,3763.51,-4.54405,220.66,-64.6596,150.221,-39.5718,-79.816,52.3149,-54.1771,9.04193,5.53492,4.81964,215.418,-81.4126,51.8134,-45.0,-146.181,8.0,5.7067,4.9839,2.0,LLLYLLLIVLLAFLLTSLILI,0.1550432201155013,0.0516838497445116,R,99999900.0,-25.087799999999994,0.015900000000002024,20.52800000000002,484.3699999999999,-0.05179470239692797,3.282614530214924e-05,0.042380824576253744,-0.009381361355988193
AFLLIILLGLLLGTL,Mutant,,clash,7.0,LLLAFLLGILLGLLLGTLILI,0.9109779538593026,LLLAFLLIILLGLLLGTLILI_1,1.1001100110011e+17,1.0,-58.7173,-59.8119,-58.7173,-221.909,-220.474,-240.425,-351.746,4588.83,3837.25,3512.31,-4.50493,351.579,-75.6252,280.119,-52.6036,-70.0482,37.2952,-41.7647,8.84853,2.04207,1.1015,353.464,-72.6874,32.4259,-40.8381,17.2636,7.0033,1.78061,0.766999,1.0,LLLAFLLIILLGLLLGTLILI,0.3117556761886917,0.026031136546058,G,99999900.0,-23.021600000000007,0.0,18.51600000000002,751.5799999999999,-0.030630937491684197,0.0,0.024636099949439876,-0.005993946086910243
TLLLIALLGFLLSIL,Mutant,,clash,7.0,LLLTLLLGALLGFLLSILILI,1.147823811598489,LLLTLLLIALLGFLLSILILI_0,1.1001100110011e+17,1.0,-60.2793,-68.6015,-60.2793,-235.466,-219.505,-244.166,-368.06,4567.06,4073.05,3564.05,-4.45584,1005500.0,-76.7707,1005420.0,-63.6149,-84.8409,63.4535,-40.4925,9.82985,7.79236,7.24416,898759.0,-83.724,52.3747,-45.0,1005130.0,6.6055,6.12918,5.4148,0.0,LLLTLLLIALLGFLLSILILI,0.279595335121445,0.0555806399127059,G,99999900.0,-13.155800000000006,0.0,8.699999999999989,494.0100000000002,-0.026630635007388517,0.0,0.0176109795348272,-0.009019736442582131
AYLLGVLLILLLAFL,Mutant,,clash,11.0,LLLAYLLGVLLGLLLAFLILI,0.8935376437153262,LLLAYLLGVLLILLLAFLILI_1,1.1001100110011e+17,1.0,-44.9245,-44.9245,-44.9245,-238.343,-231.178,-246.546,-343.245,4626.78,3966.36,3585.12,-4.45478,853358.0,-64.4323,853291.0,-51.7745,-88.4445,73.7285,-35.7063,9.66396,9.72002,9.32595,444347.0,-91.43,48.2927,-36.5962,273777.0,7.0472,6.73401,5.9584,1.0,LLLAYLLGVLLILLLAFLILI,0.2122848823928661,0.0061511094985405,G,99999900.0,-12.657799999999995,0.0,8.203000000000003,660.4199999999996,-0.019166288119681418,0.0,0.012420883680082383,-0.006745374155840227
YILLLILLTVLLSFL,Mutant,,clash,8.0,LLLYILLLALLTVLLSFLILI,0.0280476922216062,LLLYILLLILLTVLLSFLILI_1,1.1001100110011e+17,1.0,-74.2032,-60.3463,-74.2032,-237.196,-239.704,-256.884,-375.026,4710.91,4156.89,3908.33,-4.44932,34.6627,-68.076,-40.3127,-43.9384,-44.4309,81.2241,-43.3,9.76662,4.12989,3.84826,26.5673,-39.2116,82.5884,-44.5047,-344.771,8.7478,3.53117,3.27,1.0,LLLYILLLILLTVLLSFLILI,0.1699855778538388,0.1059978656185407,R,99999900.0,-24.137599999999992,0.0,19.688000000000017,554.0199999999995,-0.04356810223457639,0.0,0.035536623226598375,-0.00803097361106098
LYVLIILLTLLFSLL,Mutant,,clash,8.0,LLLLYVLIALLTLLFSLLILI,0.1105379992349711,LLLLYVLIILLTLLFSLLILI_0,1.1001100110011e+17,1.0,-74.2814,-74.1856,-74.2341,-232.225,-225.489,-252.278,-375.179,4623.48,3810.83,3672.99,-4.41496,68.2936,-73.087,-7.21017,-48.6668,-56.1785,77.7635,15.654,10.8313,5.42484,5.09129,70.9001,-43.0836,88.7124,20.2021,-306.885,9.3861,4.93871,4.7694,0.0,LLLLYVLIILLTLLFSLLILI,0.2031341613173128,0.068374814129278,L,99999900.0,-24.4202,-0.047300000000007,20.052999999999997,812.6499999999996,-0.030050083061588646,-5.820463914355137e-05,0.02467605980434382,-0.005432793945733098
FYLLVILLLTLLSTL,Mutant,,clash,8.0,LLLFYLLVALLLTLLSTLILI,0.1842950195651997,LLLFYLLVILLLTLLSTLILI_1,1.1001100110011e+17,1.0,-94.8283,-87.9138,-87.9016,-235.254,-237.396,-251.86,-378.685,4701.13,4077.46,3853.32,-4.37744,499.923,-52.9807,446.547,-38.9235,-28.0359,71.0746,-43.5285,10.5128,0.30046,-0.133421,440.306,-19.7119,80.3881,-36.3997,117.916,9.0,0.309179,0.0150006,1.0,LLLFYLLVILLLTLLSTLILI,0.2204673418173409,0.0255133015392081,R,99999900.0,-14.057200000000002,-6.926699999999997,16.606000000000023,623.6700000000001,-0.022539484021998814,-0.011106354321997204,0.02662626068273289,-0.0070188400917151695
FTLLVALLAYLLSAL,Mutant,,void,16.0,LLLFTLLVALLAYLLSLLILI,0.0918459084063925,LLLFTLLVALLAYLLSALILI_0,1.1001100110011e+17,1.0,-68.176,-62.542,-60.2706,-225.663,-222.261,-241.729,-341.641,4642.88,3870.58,3753.47,-4.35701,40139.0,-52.1585,40082.2,-39.641,-34.3643,83.2249,-42.8033,8.78408,2.89001,2.63838,28008.2,-45.4715,65.5685,-35.0,39797.4,8.1631,2.17247,1.656,0.0,LLLFTLLVALLAYLLSALILI,0.3638972893964343,0.0244171795792025,R,99999900.0,-12.517499999999998,-7.9054,16.066000000000003,772.3000000000002,-0.01620807976175061,-0.010236177651171822,0.02080279684060598,-0.005641603004013983
LALLFALLVILLTWL,Mutant,,clash,12.0,LLLLALLFALLVSLLTWLILI,0.0673367080181365,LLLLALLFALLVILLTWLILI_0,1.1001100110011e+17,1.0,-55.2921,-58.8875,-58.8193,-238.068,-228.408,-248.151,-362.208,4673.11,4102.58,3823.79,-4.3446,34.4262,-73.1923,-40.486,-55.2378,-39.3064,110.176,-44.1445,9.90107,7.26977,7.42242,35.9801,-43.4298,87.7182,-42.5164,-327.782,8.2716,4.85643,4.6722,0.0,LLLLALLFALLVILLTWLILI,0.2406320661557443,0.1006940524580763,R,99999900.0,-17.954500000000003,3.5272000000000006,10.082999999999998,570.5299999999997,-0.031469861356983875,0.006182321700874629,0.01767304085674724,-0.007615024626224741
AILLVILLFTLLSLL,Mutant,,clash,8.0,LLLAILLVTLLFTLLSLLILI,0.0413016379155984,LLLAILLVILLFTLLSLLILI_2,1.1001100110011e+17,1.0,-74.156,-74.156,-74.156,-231.249,-230.035,-246.228,-379.348,4569.62,3891.14,3711.42,-4.22789,49.0693,-78.1704,-26.0873,-58.9639,-34.1298,83.0625,-40.8689,9.5588,2.83291,2.57885,51.7296,-34.3116,78.2924,-42.6631,-327.061,8.583,2.21621,1.8906,2.0,LLLAILLVILLFTLLSLLILI,0.3254741282698681,0.0575872637745226,R,99999900.0,-19.2065,0.0,14.979000000000013,678.48,-0.028308129937507365,0.0,0.02207729041386631,-0.006231414337931848
LAALLLTLAVLLFSL,Mutant,,void,5.0,LLLLAYLLLTLAVLLFSLILI,0.0297135505144939,LLLLAALLLTLAVLLFSLILI_1,1.1001100110011e+17,1.0,-74.2134,-74.2134,-74.2134,-220.421,-223.215,-238.731,-362.322,4573.26,3607.09,3559.41,-4.05429,158.086,-71.7419,93.1933,-49.3772,-54.2743,76.1959,19.2028,9.14431,4.92759,4.57053,139.214,-61.161,61.4936,18.0,-214.702,8.8181,3.97579,3.39819,1.0,LLLLAALLLTLAVLLFSLILI,0.4473443284598248,0.0278223477079453,L,99999900.0,-22.3647,0.0,18.310000000000002,966.1700000000001,-0.023147789726445656,0.0,0.0189511162631835,-0.004196249107299957
YGLLFLLLIVLLATL,Mutant,,clash,11.0,LLLYGLLFLLLGVLLATLILI,0.2082792677964597,LLLYGLLFLLLIVLLATLILI_2,1.1001100110011e+17,1.0,-58.8381,-61.4623,-58.8381,-239.816,-235.482,-250.966,-350.777,4729.23,4222.88,3672.0,-4.02797,22363.4,-56.1506,22309.5,-40.9728,-74.5269,47.5559,-35.1634,11.0545,4.09908,3.31241,17255.2,-73.2508,43.1479,-42.798,22012.6,7.4823,3.31258,2.4598,2.0,LLLYGLLFLLLIVLLATLILI,0.200085775405806,0.0141779461412079,G,99999900.0,-15.177799999999998,0.0,11.150000000000006,506.34999999999945,-0.029974918534610474,0.0,0.022020341660906523,-0.007954912609854852
FYLLTILLIALLSLL,Mutant,,clash,8.0,LLLFYLLTALLIALLSLLILI,0.1341539329081534,LLLFYLLTILLIALLSLLILI_0,1.1001100110011e+17,1.0,-79.2572,-74.2922,-74.2083,-237.708,-234.459,-249.988,-370.04,4733.23,4030.94,3900.72,-3.99387,257.743,-57.0688,196.454,-45.844,-25.9198,90.6815,-44.4179,9.61461,2.62997,2.49019,184.71,-19.0498,93.1316,-41.4393,-112.297,8.233,1.93023,1.8272,0.0,LLLFYLLTILLIALLSLLILI,0.2616927174031181,0.0447301477318327,R,99999900.0,-11.224800000000002,-5.048900000000003,12.280000000000001,702.2899999999995,-0.015983140867732715,-0.007189195346651678,0.01748565407452763,-0.00568692420510046
LYLLVILLATLLFLL,WT,LLLLYLLVILLITLLFLLILI,clash,,,,LLLLYLLVILLATLLFLLILI_0,1.1001100110011e+17,1.0,-58.8513,-58.8513,-58.8513,-231.977,-215.185,-249.151,-361.518,4728.25,3908.94,3683.71,-3.97806,96.3955,-74.6685,8.91361,-53.5159,-65.7979,63.7677,11.0782,11.1348,4.97832,4.43484,95.8844,-67.0014,49.6286,18.3874,-265.123,9.5,3.25007,2.4945,0.0,LLLLYLLVILLATLLFLLILI,0.209009506299881,0.0925920489745298,L,99999900.0,-21.152599999999993,0.0,17.174000000000007,819.31,-0.025817578206051427,0.0,0.020961540808729306,-0.004855378306135651
LYLLLFVLITLLLSL,Mutant,,clash,11.0,LLLLYLLLFVLATLLLSLILI,-0.1396247700533103,LLLLYLLLFVLITLLLSLILI_1,1.1001100110011e+17,1.0,-74.2037,-70.6473,-74.2037,-230.754,-221.751,-251.971,-377.837,4640.99,3616.62,3506.74,-3.96107,127423.0,-76.8406,127338.0,-51.662,-47.6493,81.2773,22.3741,10.69,4.61982,4.33898,87938.9,-56.1344,66.139,24.0594,90525.3,9.2891,3.84892,3.341,1.0,LLLLYLLLFVLITLLLSLILI,0.4038516427527712,0.1088700394887236,L,99999900.0,-25.178599999999996,0.0,21.217000000000013,1024.37,-0.024579595263430204,0.0,0.02071224264669994,-0.0038668352255532674
YWLLIILVALLLSLL,Mutant,,clash,7.0,LLLYWLLTILVALLLSLLILI,0.0990724221152836,LLLYWLLIILVALLLSLLILI_2,1.1001100110011e+17,1.0,-60.4258,-60.4258,-60.4258,-235.677,-236.019,-258.316,-378.144,4756.44,3851.8,3794.11,-3.92272,18.834,-85.9643,-62.8654,-59.4023,-102.169,25.628,29.8005,10.0908,5.28507,4.16949,15.0715,-106.661,10.839,28.0,-366.324,9.5,3.96242,2.62501,2.0,LLLYWLLIILVALLLSLLILI,0.3472238028588418,0.0425689309057532,L,99999900.0,-26.561999999999998,0.0,22.63899999999998,904.6399999999994,-0.029361956137247982,0.0,0.025025424478245486,-0.004336222143615142
FYLLVILLIALLSLL,Mutant,,clash,8.0,LLLFYLLVTLLIALLSLLILI,0.0820810472751751,LLLFYLLVILLIALLSLLILI_1,1.1001100110011e+17,1.0,-63.4926,-66.8905,-60.4486,-237.426,-236.307,-249.465,-362.408,4730.52,4051.12,3926.31,-3.90369,12.7248,-65.3938,-46.4855,-52.4942,-17.6976,90.1864,-47.9995,9.75307,1.32981,1.18261,7.24583,-20.5827,81.7293,-45.0,-355.195,9.0,0.620861,0.346801,1.0,LLLFYLLVILLIALLSLLILI,0.291454593068898,0.031154930260553,R,99999900.0,-12.8996,-3.044000000000004,12.039000000000016,679.4000000000005,-0.01898675301736825,-0.004480423903444218,0.017720047100382698,-0.005745790403297022
VYLLLILLTSLLFIL,Mutant,,clash,8.0,LLLVYLLLALLTSLLFILILI,0.1911655619797155,LLLVYLLLILLTSLLFILILI_0,1.1001100110011e+17,1.0,-79.4381,-70.3548,-74.2589,-236.443,-232.932,-251.986,-376.378,4689.0,4063.81,3913.05,-3.88003,338.852,-64.3763,265.76,-50.1331,-28.6312,89.6486,-53.6489,9.72994,2.89724,2.74197,317.163,-22.5179,92.1154,-45.0,-37.5259,8.7339,2.31327,2.195,0.0,LLLVYLLLILLTSLLFILILI,0.2129702280344761,0.0298863239049588,R,99999900.0,-14.243200000000002,-5.179200000000009,15.542999999999978,625.19,-0.02278219421295926,-0.008284201602712789,0.02486124218237652,-0.006206161326956605
SYLLTVLLITLLAFL,Mutant,,clash,11.0,LLLSYLLTVLLGTLLAFLILI,0.1021691608207656,LLLSYLLTVLLITLLAFLILI_1,1.1001100110011e+17,1.0,-80.1989,-72.6982,-72.5251,-242.087,-238.063,-258.795,-369.011,4628.54,4074.0,3638.6,-3.8437,19901.4,-50.5684,19843.1,-37.6901,-50.0199,65.5719,-41.4294,10.3753,2.8552,2.33878,13120.5,-49.156,60.31,-42.3523,38926.8,7.5,2.01525,1.4199,1.0,LLLSYLLTVLLITLLAFLILI,0.2062292312720397,0.0842810289819696,G,99999900.0,-12.878299999999996,-7.6738,16.708000000000027,554.54,-0.023223392361236335,-0.013838136112814226,0.030129476683377263,-0.0069313304721030046
YVLLILLLGTLLAFL,Mutant,,clash,7.0,LLLYVLLGLLLGTLLAFLILI,0.121184599946473,LLLYVLLILLLGTLLAFLILI_0,1.1001100110011e+17,1.0,-58.7144,-66.4517,-58.7144,-232.926,-228.26,-250.283,-351.773,4689.37,4173.44,3631.34,-3.82046,7316.58,-63.9529,7259.52,-42.7749,-76.6015,44.3661,-47.0516,8.60936,3.97964,3.14513,6992.86,-68.9875,54.3485,-39.7512,6964.8,6.8746,4.18517,3.5004,0.0,LLLYVLLILLLGTLLAFLILI,0.2037840673931463,0.0816140605841748,G,99999900.0,-21.177999999999997,0.0,17.357,515.9300000000003,-0.0410482042137499,0.0,0.033642160758242376,-0.007404996801891725
ALLLGALLITLLSFL,Mutant,,clash,11.0,LLLALLLGALLGTLLSFLILI,0.7612672329682214,LLLALLLGALLITLLSFLILI_0,1.1001100110011e+17,1.0,-73.9598,-66.0768,-73.9598,-223.78,-218.528,-238.601,-366.754,4539.96,3867.36,3556.16,-3.7946,48383.1,-72.8088,48301.0,-54.1925,-77.8208,67.2398,-40.5375,8.82011,7.2505,6.75909,42852.3,-74.197,65.2656,-42.419,48016.4,6.5325,6.44041,5.91939,0.0,LLLALLLGALLITLLSFLILI,0.2360286887719941,0.0260289980230803,G,99999900.0,-18.616300000000003,0.0,14.820999999999998,672.5999999999999,-0.02767811477847161,0.0,0.02203538507285162,-0.0056416889681831705
SYLLGLLLIVLLGTL,Mutant,,clash,11.0,LLLSYLLGLLLGVLLGTLILI,0.7824315318353743,LLLSYLLGLLLIVLLGTLILI_2,1.1001100110011e+17,1.0,-78.1753,-66.2263,-58.7086,-233.796,-229.912,-253.094,-367.121,4598.88,4017.75,3579.16,-3.7391,1335040.0,-58.8894,1334970.0,-55.3181,-83.6571,57.273,-39.5386,10.9301,6.78041,6.13951,954464.0,-88.5873,34.12,-39.5515,1297290.0,7.2522,4.3943,3.4061,2.0,LLLSYLLGLLLIVLLGTLILI,0.2014311607623876,0.0720115245786222,G,99999900.0,-3.571300000000001,-19.466699999999996,19.298000000000002,581.1300000000001,-0.006145440779171614,-0.03349801249290175,0.03320771600158312,-0.006434188563660454
YTLLIILVALLLSLL,Mutant,,clash,7.0,LLLYTLLAILVALLLSLLILI,-0.227951021451736,LLLYTLLIILVALLLSLLILI_0,1.1001100110011e+17,1.0,-60.363,-60.363,-60.363,-230.377,-227.883,-252.909,-378.492,4669.61,3902.4,3677.6,-3.67428,628.768,-91.4261,538.522,-65.2195,-108.825,-3.46692,31.9684,10.3723,2.3557,0.8037,373.469,-107.84,2.594,18.2142,250.276,9.3464,3.02619,1.5651,0.0,LLLYTLLIILVALLLSLLILI,0.518361072634765,0.0672857411981056,L,99999900.0,-26.20660000000001,0.0,22.531999999999982,767.2099999999996,-0.03415831389059061,0.0,0.02936875171074412,-0.004789145084136028
VYLLTILLILLLSFL,Mutant,,clash,11.0,LLLVYLLTILLALLLSFLILI,-0.0620167513421476,LLLVYLLTILLILLLSFLILI_0,1.1001100110011e+17,1.0,-74.1096,-74.0792,-74.1658,-236.617,-236.977,-252.168,-377.49,4683.9,3921.42,3756.84,-3.66201,210.381,-70.4259,143.948,-51.157,-67.1796,61.0194,-34.548,9.53121,4.81456,4.22986,210.202,-65.4251,62.8523,-35.0,-167.109,8.0148,4.79882,4.2416,0.0,LLLVYLLTILLILLLSFLILI,0.484118289520376,0.0737520285686065,R,99999900.0,-19.268900000000002,0.056200000000004025,15.551000000000016,762.4799999999996,-0.02527135137970834,7.370685132725324e-05,0.02039528905676218,-0.0048027620396600594
YTLLVILLFALLSLL,Mutant,,clash,8.0,LLLYTLLVALLFALLSLLILI,0.09404921178365,LLLYTLLVILLFALLSLLILI_2,1.1001100110011e+17,1.0,-60.4371,-61.8963,-60.4371,-235.593,-231.326,-253.955,-360.648,4706.82,4108.05,3782.93,-3.63239,320.379,-68.2506,252.953,-46.2561,-40.7371,76.7363,-44.9139,9.80732,2.96997,2.62101,317.225,-41.4439,73.7208,-39.1581,-40.2687,8.0,2.66889,2.2747,2.0,LLLYTLLVILLFALLSLLILI,0.2139907886560412,0.0959946305969676,R,99999900.0,-21.994500000000002,0.0,18.362000000000023,598.7699999999995,-0.036732802244601466,0.0,0.030666199041368202,-0.006066419493294592
YVLLLILLATLLIFL,Mutant,,clash,15.0,LLLYVLLLILLATLLSFLILI,0.0186461097370107,LLLYVLLLILLATLLIFLILI_0,1.1001100110011e+17,1.0,-58.8653,-55.4455,-58.8653,-241.259,-232.918,-255.507,-363.937,4704.95,4100.84,3864.31,-3.58905,1833.74,-67.401,1758.16,-49.5643,-20.7248,98.0997,-47.6591,9.93606,2.85217,2.82367,1590.06,-30.5546,77.5454,-42.4251,1469.8,8.9441,1.55182,1.215,0.0,LLLYVLLLILLATLLIFLILI,0.1113931568823827,0.0603424126041273,R,99999900.0,-17.836699999999993,0.0,14.248000000000019,604.1099999999997,-0.029525583089172507,0.0,0.02358510867226172,-0.00594105378159607
YVLLTILLFALLSLL,Mutant,,clash,8.0,LLLYVLLTALLFALLSLLILI,0.0845975466457081,LLLYVLLTILLFALLSLLILI_0,1.1001100110011e+17,1.0,-74.1974,-74.1293,-74.1974,-237.637,-234.228,-253.529,-370.664,4687.13,4079.44,3802.09,-3.58578,220.847,-62.4161,158.54,-42.9376,-33.1185,84.0237,-44.349,9.97074,2.81097,2.57133,199.607,-28.5899,84.4588,-45.0,-149.817,8.1271,2.19042,1.9573,0.0,LLLYVLLTILLFALLSLLILI,0.2379139111773421,0.0680686313098903,R,99999900.0,-19.478499999999997,0.0,15.891999999999996,607.69,-0.0320533495696819,0.0,0.02615149171452549,-0.005900673040530533
SSLLALLLGVLLITL,Mutant,,clash,15.0,LLLSSLLALLLGVLLGTLILI,0.375460604407642,LLLSSLLALLLGVLLITLILI_2,1.1001100110011e+17,1.0,-63.2884,-55.5593,-58.7566,-232.208,-228.816,-260.261,-388.353,4504.06,3671.91,3372.1,-3.51619,1193840.0,-96.3722,1193740.0,-69.3353,-71.0984,64.7509,-47.1579,7.58107,5.90614,5.3774,1066720.0,-66.9239,51.0441,-36.0241,1192680.0,6.7893,3.42954,2.6952,2.0,LLLSSLLALLLGVLLITLILI,0.1894199408598386,0.0238396811312896,G,99999900.0,-27.036900000000003,-4.531800000000004,28.053000000000026,832.1500000000005,-0.032490416391275596,-0.005445893168298986,0.033711470287808694,-0.004225428107913234
AYLLGVLLILLLGSL,Mutant,,clash,11.0,LLLAYLLGVLLGLLLGSLILI,0.83332784566133,LLLAYLLGVLLILLLGSLILI_1,1.1001100110011e+17,1.0,-63.6102,-73.8779,-60.2742,-226.442,-221.236,-241.416,-359.535,4586.2,3962.16,3482.98,-3.50097,74472400000.0,-72.9829,74472400000.0,-57.8442,-64.7872,64.1146,-31.4256,10.4925,4.87355,4.33526,18198200.0,-71.2876,45.5524,-38.516,14652700.0,6.6243,3.34271,2.526,1.0,LLLAYLLGVLLILLLGSLILI,0.2783867014869016,0.1129256060793628,G,99999900.0,-15.1387,-3.3359999999999985,14.97399999999999,624.04,-0.0242591821037113,-0.005345811165950899,0.02399525671431317,-0.0056101692199218
FTLLVALLAALLSLL,Mutant,,void,12.0,LLLFTLLVALLAYLLSLLILI,0.0599303588367575,LLLFTLLVALLAALLSLLILI_1,1.1001100110011e+17,1.0,-60.3117,-53.6573,-60.3117,-227.823,-219.817,-238.779,-355.587,4584.28,3946.76,3733.69,-3.42122,40159.7,-70.8729,40077.6,-56.4961,-50.2586,77.2183,-41.561,9.53042,4.46326,4.12154,39094.7,-45.4715,65.5685,-35.0,39785.2,8.1631,2.17247,1.656,1.0,LLLFTLLVALLAALLSLLILI,0.3958128389660695,0.0319166098906566,R,99999900.0,-14.376800000000003,0.0,10.955999999999989,637.5199999999995,-0.022551135650646276,0.0,0.017185343204919056,-0.005366451248588283
TYLLTILLIFLLSLL,Mutant,,clash,11.0,LLLTYLLTILLAFLLSLLILI,0.2199450725477239,LLLTYLLTILLIFLLSLLILI_0,1.1001100110011e+17,1.0,-87.8541,-74.4169,-74.2773,-238.01,-238.418,-260.771,-381.554,4711.97,3945.91,3736.25,-3.38822,103.695,-59.0781,34.9766,-46.5057,-71.9803,51.5498,-40.1852,9.81351,4.25627,3.52952,101.904,-68.2683,51.1623,-39.0156,-277.859,8.2586,3.64716,2.9146,0.0,LLLTYLLTILLIFLLSLLILI,0.208212345371793,0.0301365908791773,R,99999900.0,-12.572400000000002,-13.576800000000006,22.761000000000024,766.0600000000004,-0.01641176931310863,-0.017722893768112157,0.029711771923870207,-0.004422917264966188
YALLLILLFILLSVL,Mutant,,clash,8.0,LLLYALLLTLLFILLSVLILI,0.0423805627836332,LLLYALLLILLFILLSVLILI_2,1.1001100110011e+17,1.0,-60.5859,-60.5522,-60.4695,-241.324,-238.465,-254.796,-367.023,4701.75,4249.31,3956.84,-3.36453,101.029,-68.478,33.0228,-51.7576,-59.2813,82.3208,-45.828,10.2132,6.50552,6.24033,99.8903,-55.2901,77.1212,-45.0,-264.133,8.8351,5.20488,4.8617,2.0,LLLYALLLILLFILLSVLILI,0.1213519671267874,0.1194659739972282,R,99999900.0,-16.720399999999998,-0.11640000000000583,13.47199999999998,452.4399999999996,-0.036956060472106825,-0.0002572716824330429,0.029776323932455113,-0.007436411457872873
TLLLIVLLGFLLGIL,Mutant,,clash,7.0,LLLTLLLGVLLGFLLGILILI,0.7709045767431724,LLLTLLLIVLLGFLLGILILI_0,1.1001100110011e+17,1.0,-44.9313,-50.1775,-44.9313,-227.621,-218.199,-244.851,-349.607,4589.16,4091.74,3550.92,-3.34505,285816.0,-80.3996,285735.0,-59.8241,-78.8747,49.1036,-53.1976,9.18796,4.9602,4.19676,277432.0,-90.0074,38.3333,-42.1317,285467.0,6.7822,5.1761,4.2511,0.0,LLLTLLLIVLLGFLLGILILI,0.3011574225352759,0.0879191888574304,G,99999900.0,-20.575500000000005,0.0,17.22999999999999,497.4200000000001,-0.04136444051304733,0.0,0.034638735877125945,-0.006724799967834023
YLLLGALLIALLTFL,Mutant,,clash,11.0,LLLYLLLGALLGALLTFLILI,0.93165873124599,LLLYLLLGALLIALLTFLILI_2,1.1001100110011e+17,1.0,-58.7574,-62.3862,-58.7574,-229.016,-223.384,-247.248,-347.252,4676.68,4040.73,3640.65,-3.28037,340694.0,-62.7581,340632.0,-41.2461,-72.9508,67.056,-35.6341,9.15232,6.49517,6.00101,324692.0,-68.1028,64.3439,-40.6526,340346.0,6.5,5.40184,4.867,2.0,LLLYLLLGALLIALLTFLILI,0.1664898632363907,0.0973282010962172,G,99999900.0,-21.512,0.0,18.232,635.9500000000003,-0.033826558691721034,0.0,0.028668920512618903,-0.005158219985847942
YLLLAILLFVLLSLL,Mutant,,clash,8.0,LLLYLLLATLLFVLLSLLILI,-0.0090055491024473,LLLYLLLAILLFVLLSLLILI_0,1.1001100110011e+17,1.0,-60.4494,-60.3708,-60.4494,-239.36,-234.94,-253.938,-369.112,4732.49,4235.27,3850.63,-3.21116,58.3808,-72.5134,-15.421,-54.7245,-43.2029,75.5852,-54.5851,10.4493,3.18444,2.81822,57.4314,-36.9249,77.9317,-44.0734,-310.731,8.7253,2.55952,2.2285,0.0,LLLYLLLAILLFVLLSLLILI,0.2185164014183654,0.0425044750129085,R,99999900.0,-17.788900000000005,0.0,14.577999999999975,497.21999999999935,-0.03577671855516679,0.0,0.029319013716262405,-0.0064582277462692655
TYLLLVLLIILLSFL,Mutant,,clash,11.0,LLLTYLLLVLLAILLSFLILI,-0.0347576274978352,LLLTYLLLVLLIILLSFLILI_2,1.1001100110011e+17,1.0,-68.0087,-62.4788,-60.4179,-241.821,-243.99,-258.211,-371.422,4692.14,4265.74,3895.5,-3.05279,210.168,-64.645,145.215,-52.7938,-49.1738,54.3483,-46.1656,10.4914,1.21309,0.528316,212.018,-52.2236,53.6517,-43.5176,-161.254,8.4549,1.57652,0.881296,2.0,LLLTYLLLVLLIILLSFLILI,0.2272206576803748,0.04170611617964,R,99999900.0,-11.851199999999999,-7.5908000000000015,16.390000000000015,426.40000000000055,-0.02779362101313317,-0.01780206378986865,0.038438086303939946,-0.007159451219512186
SYLLVLLLIFLLTIL,Mutant,,clash,11.0,LLLSYLLVLLLAFLLTILILI,0.0854011360291642,LLLSYLLVLLLIFLLTILILI_0,1.1001100110011e+17,1.0,-69.4671,-72.6992,-58.8353,-237.16,-237.991,-262.776,-375.309,4670.88,3917.41,3783.83,-2.96355,1232.48,-71.6452,1167.87,-53.6969,-65.7551,59.2546,-37.8536,10.8621,4.36264,3.75146,1206.11,-68.6732,57.2295,-41.2124,857.176,9.0,4.52696,3.8854,0.0,LLLSYLLVLLLIFLLTILILI,0.2683166314268738,0.037287146210545,R,99999900.0,-17.948300000000003,-10.631800000000005,25.616000000000014,753.4700000000003,-0.023820855508513938,-0.014110448989342644,0.033997372158148305,-0.003933202383638365
TVLLLILLFALLSIL,Mutant,,clash,8.0,LLLTVLLLALLFALLSILILI,0.1444596807330176,LLLTVLLLILLFALLSILILI_2,1.1001100110011e+17,1.0,-60.4169,-62.0778,-60.4169,-233.194,-231.253,-248.857,-377.686,4561.67,3916.45,3704.18,-2.90321,97.5037,-86.9784,13.1481,-68.4121,-34.4056,80.4949,-44.3822,9.23947,2.52765,2.23508,77.2291,-31.2213,81.346,-45.0,-280.182,8.0964,2.16491,1.8851,2.0,LLLTVLLLILLFALLSILILI,0.2255273183404157,0.1153322358356125,R,99999900.0,-18.5663,0.0,15.663000000000011,645.2200000000003,-0.028775146461671973,0.0,0.024275440934874933,-0.004499566039490405
TSLLAVLLALLFSLL,WT,LLLTSLLAVLLILLFSLLILI,clash,,,,LLLTSLLAVLLALLFSLLILI_1,1.1001100110011e+17,1.0,-66.0338,-73.7497,-60.369,-222.887,-217.865,-258.281,-379.311,4562.94,3736.31,3557.78,-2.89261,74.3551,-93.2832,-13.3412,-60.6606,-106.651,32.8438,27.4519,9.61212,6.93156,5.92422,58.5357,-105.741,26.387,21.3899,-326.768,8.7438,5.9234,4.81921,1.0,LLLTSLLAVLLALLFSLLILI,0.1997525439852741,0.0243842849935894,L,99999900.0,-32.62259999999999,-5.6648,35.394000000000005,826.6299999999997,-0.039464573025416456,-0.006852884603752588,0.04281722173160909,-0.0034992802100093164
VALLALLLITLLSFL,Mutant,,clash,11.0,LLLVALLALLLGTLLSFLILI,0.0961270581786579,LLLVALLALLLITLLSFLILI_0,1.1001100110011e+17,1.0,-74.0748,-56.4889,-74.0748,-233.82,-227.547,-242.627,-374.549,4579.48,4233.33,3576.03,-2.74672,23675.2,-69.4006,23584.6,-57.8471,-69.0626,55.497,-36.4734,10.4443,4.35148,3.68394,19687.8,-68.1464,52.7276,-38.529,23300.6,6.6534,3.84019,3.1311,0.0,LLLVALLALLLITLLSFLILI,0.1990421588634362,0.031530682457855,G,99999900.0,-11.5535,0.0,8.807000000000016,346.14999999999964,-0.033377148634984866,0.0,0.025442727141412755,-0.00793505705618952
AFLLIVLLGTLLGLL,Mutant,,clash,7.0,LLLAFLLGVLLGTLLGLLILI,0.7549535303315016,LLLAFLLIVLLGTLLGLLILI_0,1.1001100110011e+17,1.0,-58.6705,-68.6262,-58.6705,-219.356,-214.726,-238.937,-349.531,4592.54,3815.87,3430.76,-2.70288,144463.0,-74.2074,144397.0,-51.9229,-71.4656,44.9089,-40.1119,8.75479,3.28254,2.45618,137516.0,-62.8637,50.8317,-39.7383,144113.0,6.5162,2.79183,2.05431,0.0,LLLAFLLIVLLGTLLGLLILI,0.4001235338038434,0.0385286607843904,G,99999900.0,-22.28450000000001,0.0,19.581000000000017,776.6700000000001,-0.02869236612718401,0.0,0.025211479779056762,-0.003480088068291552
YFLLIVLLGLLLGSL,Mutant,,clash,7.0,LLLYFLLAVLLGLLLGSLILI,0.0571596769370137,LLLYFLLIVLLGLLLGSLILI_0,1.1001100110011e+17,1.0,-60.2613,-62.0884,-60.2613,-229.56,-214.61,-248.347,-348.387,4736.45,3960.12,3550.5,-2.49146,286.392,-61.0563,214.704,-39.7783,-81.0489,31.8629,-37.6967,8.9949,2.95884,1.93678,279.141,-72.2097,37.011,-35.0,-61.9942,7.3038,2.32794,1.3831,0.0,LLLYFLLIVLLGLLLGSLILI,0.2064362078030668,0.0582576409634466,G,99999900.0,-21.278,0.0,18.787000000000006,776.3299999999999,-0.02740844743858926,0.0,0.024199760411165366,-0.0032092795589504465
TFLLGLLLIYLLASL,Mutant,,clash,11.0,LLLTFLLGLLLGYLLASLILI,0.9770382240886856,LLLTFLLGLLLIYLLASLILI_2,1.1001100110011e+17,1.0,-60.2384,-62.7306,-60.2384,-237.876,-230.741,-250.188,-358.145,4649.4,4073.45,3620.48,-2.44579,104661.0,-62.4764,104597.0,-47.718,-75.7571,60.403,-34.6721,10.9699,6.01797,5.42402,96199.1,-75.8727,44.54,-43.5756,104303.0,7.3804,3.8938,3.0619,2.0,LLLTFLLGLLLIYLLASLILI,0.2423109460820658,0.0823575355979817,G,99999900.0,-14.758399999999995,0.0,12.311999999999983,575.9499999999998,-0.025624446566542232,0.0,0.021376855629828957,-0.004246531816998005
YVLLFLLLGALLITL,Mutant,,clash,15.0,LLLYVLLFLLLGALLGTLILI,-0.0568758444759924,LLLYVLLFLLLGALLITLILI_2,1.1001100110011e+17,1.0,-58.7437,-53.8072,-58.7437,-233.002,-225.226,-250.135,-351.721,4693.42,4091.52,3656.43,-2.43313,82831.8,-62.4086,82759.1,-42.8424,-37.6592,74.1167,-40.0129,8.98902,2.15463,1.76638,80285.8,-41.6132,59.4908,-39.8529,82480.0,6.5091,0.773238,0.1656,2.0,LLLYVLLFLLLGALLITLILI,0.2493405735424602,0.125382597514909,G,99999900.0,-19.566200000000002,0.0,17.13299999999998,601.9000000000001,-0.03250739325469347,0.0,0.028464861272636616,-0.004042415683668383
FLLLIILVALLLSLL,Mutant,,clash,7.0,LLLFLLLTILVALLLSLLILI,0.1582306483711875,LLLFLLLIILVALLLSLLILI_2,1.1001100110011e+17,1.0,-60.3711,-60.3711,-60.3711,-227.24,-218.809,-245.137,-377.914,4675.49,3839.17,3710.52,-2.28975,22.2239,-92.5933,-76.5107,-72.4066,-106.962,12.5085,25.5452,10.2399,4.23292,2.92055,17.2115,-108.506,6.15667,24.8812,-360.534,9.4921,3.60705,2.1994,2.0,LLLFLLLIILVALLLSLLILI,0.1873935414223655,0.0685053478059942,L,99999900.0,-20.186700000000002,0.0,17.89699999999999,836.3199999999997,-0.024137531088578544,0.0,0.02139970346278936,-0.002737887411517124
AALLLILLFTLLVFL,Mutant,,clash,8.0,LLLAALLLSLLFTLLVFLILI,0.2368185174694884,LLLAALLLILLFTLLVFLILI_0,1.1001100110011e+17,1.0,-58.9178,-51.8511,-58.9178,-230.411,-225.572,-246.379,-354.101,4610.08,3918.98,3721.47,-2.28139,374.887,-67.0536,298.209,-48.8039,-59.2331,86.8034,-31.8817,9.62409,7.10343,6.90548,369.047,-56.0784,83.297,-37.0432,20.786,8.1857,6.15685,5.9063,0.0,LLLAALLLILLFTLLVFLILI,0.2458275230921393,0.0392348634944711,R,99999900.0,-18.249700000000004,0.0,15.96799999999999,691.0999999999999,-0.02640674287367965,0.0,0.02310519461727679,-0.003301099696136594
TFLLILLLGYLLSVL,Mutant,,clash,7.0,LLLTFLLGLLLGYLLSVLILI,0.7443976234501635,LLLTFLLILLLGYLLSVLILI_2,1.1001100110011e+17,1.0,-60.1731,-63.637,-60.1731,-230.568,-223.475,-251.313,-360.607,4623.1,3977.96,3643.33,-2.22142,16342.1,-72.088,16268.6,-49.1213,-78.3625,57.245,-48.607,9.62964,5.98244,5.34112,12400.6,-85.0833,46.26,-43.2731,15981.5,7.339,5.5076,4.7015,2.0,LLLTFLLILLLGYLLSVLILI,0.7191762646561656,0.0834228718372607,G,99999900.0,-22.966699999999996,0.0,20.744999999999976,645.1400000000003,-0.0355995597854729,0.0,0.032155811141767625,-0.003443314629382768
ALLLGFLLITLLGVL,Mutant,,clash,11.0,LLLALLLGFLLGTLLGVLILI,0.8255524261991967,LLLALLLGFLLITLLGVLILI_2,1.1001100110011e+17,1.0,-58.6797,-50.9334,-58.6797,-220.843,-214.766,-237.995,-351.147,4517.75,3910.69,3422.07,-1.99831,231887.0,-73.6231,231801.0,-54.4732,-71.2098,62.2307,-41.2968,10.689,5.58262,5.01608,202774.0,-82.6456,43.881,-35.0,231536.0,7.5,4.82078,3.979,2.0,LLLALLLGFLLITLLGVLILI,0.2768951374791591,0.0310085512096188,G,99999900.0,-19.149899999999995,0.0,17.152000000000015,607.06,-0.031545316772641906,0.0,0.028254208809672877,-0.0032917833492570755
SYLLGVLLITLLGLL,Mutant,,clash,11.0,LLLSYLLGVLLGTLLGLLILI,0.8153828440212547,LLLSYLLGVLLITLLGLLILI_2,1.1001100110011e+17,1.0,-76.7538,-64.6547,-58.7296,-229.471,-229.381,-253.466,-367.717,4589.46,4012.4,3633.59,-1.96003,6953380.0,-63.4527,6953310.0,-55.5221,-72.132,45.7594,-42.0044,10.3373,3.49732,2.68371,2346250.0,-80.0419,31.8268,-44.1909,6981530.0,7.2939,2.8029,1.7803,2.0,LLLSYLLGVLLITLLGLLILI,0.2379151907048625,0.0379170578880172,G,99999900.0,-7.930599999999998,-18.0242,23.995000000000005,577.06,-0.013743111634838663,-0.031234533670675496,0.041581464665719346,-0.0033965792118670506
TSLLVGLLAALLGLL,Mutant,,void,12.0,LLLTSLLVGLLAYLLGLLILI,0.0730399603983525,LLLTSLLVGLLAALLGLLILI_0,1.1001100110011e+17,1.0,-54.6054,-55.2887,-44.9603,-218.69,-217.199,-244.287,-357.113,4473.5,3802.52,3633.75,-1.94528,1557150.0,-85.7629,1557070.0,-67.8649,-48.2423,43.3398,-43.29,7.60893,-0.412788,-1.26269,303883.0,-47.0876,58.6724,-35.0,1556800.0,7.44,1.48391,0.863996,0.0,LLLTSLLVGLLAALLGLLILI,0.3678583207697736,0.0232490298484736,G,99999900.0,-17.897999999999996,-9.645100000000006,25.59700000000001,670.98,-0.02667441652508271,-0.014374646040120431,0.03814867805299712,-0.0028991624191481115
WTLLVFLLIILLSLL,Mutant,,clash,11.0,LLLWTLLVFLLAILLSLLILI,0.0837405458650923,LLLWTLLVFLLIILLSLLILI_0,1.1001100110011e+17,1.0,-60.3915,-69.375,-60.3741,-240.62,-233.605,-258.002,-376.984,4750.42,3992.96,3791.7,-1.94391,433.553,-77.9159,359.55,-58.6074,-66.4422,53.9528,-44.0564,10.6204,3.74995,3.05925,437.224,-66.894,46.55,-38.3386,56.5692,9.0,2.81835,2.0166,0.0,LLLWTLLVFLLIILLSLLILI,0.2068068991507369,0.0523853402290591,R,99999900.0,-19.308499999999995,-0.01740000000000208,17.382000000000005,757.46,-0.025491115042378467,-2.2971510046737888e-05,0.022947746415652316,-0.002566353338790167
TALLAALLFLLLSVL,Mutant,,void,7.0,LLLTALLIALLFLLLSVLILI,0.0342322586279538,LLLTALLAALLFLLLSVLILI_1,1.1001100110011e+17,1.0,-60.3627,-60.2627,-60.4084,-226.984,-224.188,-244.292,-364.827,4564.0,4007.91,3678.38,-1.88336,1407.91,-79.3637,1327.53,-60.1267,-46.7244,86.8724,-43.1528,9.21658,5.23643,5.03952,1393.24,-47.682,80.7227,-35.7606,1028.96,8.0,4.54986,4.2607,1.0,LLLTALLAALLFLLLSVLILI,0.3844781925344555,0.0238807311305719,R,99999900.0,-19.236999999999995,0.04570000000000363,17.307999999999993,556.0900000000001,-0.03459332122498155,8.218094193386613e-05,0.03112445827114314,-0.0033867899081083987
YALLLILLVALLSFL,Mutant,,clash,8.0,LLLYALLLTLLVALLSFLILI,0.071222149423901,LLLYALLLILLVALLSFLILI_0,1.1001100110011e+17,1.0,-60.4551,-60.4551,-60.4551,-235.799,-230.623,-250.242,-357.996,4722.47,4253.7,3951.73,-1.78502,58.74,-63.5266,-8.17783,-47.2991,-45.5285,86.1862,-38.3728,9.56037,4.96441,4.7572,56.2565,-42.0221,81.2532,-43.3619,-299.256,8.4067,3.7725,3.4913,0.0,LLLYALLLILLVALLSFLILI,0.1827453859836361,0.066962922879492,R,99999900.0,-16.2275,0.0,14.442999999999984,468.77000000000044,-0.03461718966657419,0.0,0.03081041875546637,-0.0038078801971115866
TALLIILLFVLLSLL,Mutant,,clash,8.0,LLLTALLIALLFVLLSLLILI,0.0603884544925806,LLLTALLIILLFVLLSLLILI_1,1.1001100110011e+17,1.0,-60.468,-60.4404,-60.468,-234.375,-234.668,-250.153,-375.688,4602.0,4020.3,3817.17,-1.55508,299.305,-82.4001,218.725,-65.0673,-51.6962,77.3582,-36.7185,9.961,4.69778,4.35815,289.013,-47.9836,80.2404,-36.9281,167.792,8.0,4.52999,4.2336,1.0,LLLTALLIILLFVLLSLLILI,0.2779444292811046,0.0732664906890419,R,99999900.0,-17.33279999999999,0.0,15.777999999999992,581.6999999999998,-0.029796802475502832,0.0,0.027123947051744878,-0.0026733367715317184
TALLIILLSVLLFLL,Mutant,,clash,8.0,LLLTALLIALLSVLLFLLILI,0.0863849098880017,LLLTALLIILLSVLLFLLILI_1,1.1001100110011e+17,1.0,-60.4702,-60.5619,-60.4702,-233.872,-232.193,-250.148,-377.981,4607.04,4034.82,3818.11,-1.50718,109.128,-85.1461,23.9022,-67.363,-65.9563,67.2098,-49.6731,9.54668,5.46677,4.97492,103.037,-60.0354,75.7593,-43.336,-279.993,8.5306,5.73281,5.3692,1.0,LLLTALLIILLSVLLFLLILI,0.2979481867289966,0.0545523563476369,R,99999900.0,-17.783100000000005,0.0,16.275999999999982,572.2199999999998,-0.031077382824787687,0.0,0.028443605606235343,-0.002633917024920486
TYLLVILLIALLSLL,Mutant,,clash,8.0,LLLTYLLVALLIALLSLLILI,0.0774682565562389,LLLTYLLVILLIALLSLLILI_1,1.1001100110011e+17,1.0,-67.3141,-60.4016,-60.4016,-233.474,-235.324,-255.106,-383.33,4648.84,3975.58,3786.4,-1.46996,562.227,-84.0119,474.623,-67.8228,-25.6476,78.8801,-42.2741,10.1151,0.995955,0.679157,500.198,-20.3478,93.4489,-39.1406,118.985,8.6526,2.16777,2.0695,1.0,LLLTYLLVILLIALLSLLILI,0.2894185898877746,0.0228009400968156,R,99999900.0,-16.189099999999996,-6.912499999999994,21.632000000000005,673.2600000000002,-0.024045836675281453,-0.010267207319609055,0.03213023200546594,-0.0021833467011258645
YSLLILLLGTLLGFL,Mutant,,clash,7.0,LLLYSLLALLLGTLLGFLILI,-0.054849348690309,LLLYSLLILLLGTLLGFLILI_0,1.1001100110011e+17,1.0,-58.7271,-71.6281,-58.7271,-223.939,-222.669,-249.12,-346.408,4686.93,3894.81,3527.66,-1.4113,9940.76,-65.1524,9888.65,-38.5603,-69.4483,38.7871,-35.7601,8.00877,2.15351,1.23532,8295.73,-65.5548,56.8812,-35.0605,9594.35,6.8434,4.01218,3.3654,0.0,LLLYSLLILLLGTLLGFLILI,0.2264761698877374,0.0697937916318474,G,99999900.0,-26.592100000000002,0.0,25.18100000000001,792.1200000000003,-0.03357079735393626,0.0,0.03178937534716962,-0.0017816744937635704
TLLLGLLLIFLLSIL,Mutant,,clash,11.0,LLLTLLLGLLLGFLLSILILI,0.859780847126622,LLLTLLLGLLLIFLLSILILI_1,1.1001100110011e+17,1.0,-60.3659,-60.8307,-60.3038,-237.786,-225.706,-251.444,-379.88,4593.25,4012.63,3572.39,-1.38552,72445.8,-83.1133,72352.5,-68.1318,-86.4353,62.7488,-36.6733,10.5295,7.93638,7.37762,70169.4,-95.1054,38.6706,-41.1733,82012.5,7.1293,5.98634,5.0664,1.0,LLLTLLLGLLLIFLLSILILI,0.3922832999273184,0.0881792931760102,G,99999900.0,-14.981499999999997,-0.06210000000000093,13.657999999999987,580.6199999999999,-0.02580259033447005,-0.00010695463470083866,0.023523130446763785,-0.002386276738658676
LALLVILLATLLFLL,Mutant,,void,4.0,LLLLYLLVILLATLLFLLILI,-0.1672441370214174,LLLLALLVILLATLLFLLILI_0,1.1001100110011e+17,1.0,-58.8513,-58.8513,-58.8513,-227.996,-215.393,-244.233,-365.059,4646.27,3844.37,3730.53,-1.37992,98.0401,-79.5922,7.2254,-61.9756,-64.637,64.8366,12.0405,10.5255,4.9485,4.42105,84.3235,-67.0014,49.6286,18.3874,-267.019,9.5,3.25007,2.4945,0.0,LLLLALLVILLATLLFLLILI,0.3762536433212993,0.0523608452241724,L,99999900.0,-17.616600000000005,0.0,16.236999999999995,801.9000000000005,-0.021968574635241295,0.0,0.020248160618530967,-0.001720813068961216
YALLFLLLITLLSIL,Mutant,,clash,11.0,LLLYALLFLLLGTLLSILILI,-0.0561188265814894,LLLYALLFLLLITLLSILILI_1,1.1001100110011e+17,1.0,-74.0819,-55.0569,-74.0819,-246.472,-232.626,-255.353,-373.594,4719.93,4263.0,3686.56,-1.37912,9196.04,-54.4196,9110.13,-44.1594,-63.9627,73.5972,-38.1152,11.2209,6.03002,5.63398,8331.18,-60.5958,60.1642,-40.2827,9092.86,7.5,3.71154,3.114,1.0,LLLYALLFLLLITLLSILILI,0.2513175190768737,0.0299348282015787,G,99999900.0,-10.260200000000005,0.0,8.881,456.9300000000003,-0.022454642943120388,0.0,0.019436237498085034,-0.0030182303635130085
AYLLGLLLIFLLGTL,Mutant,,clash,11.0,LLLAYLLGLLLGFLLGTLILI,0.7632811885638489,LLLAYLLGLLLIFLLGTLILI_1,1.1001100110011e+17,1.0,-59.4206,-59.6077,-58.747,-234.168,-226.272,-244.821,-345.446,4612.79,4133.76,3473.13,-1.34703,57735.7,-53.204,57676.1,-41.8777,-82.458,58.3735,-37.7825,11.0773,6.74912,6.12472,44025.6,-87.7841,38.6606,-35.7467,57352.4,7.5,4.88679,3.9667,1.0,LLLAYLLGLLLIFLLGTLILI,0.3508620843434258,0.0583492884144794,G,99999900.0,-11.326300000000003,-0.6736000000000004,10.652999999999992,479.02999999999975,-0.023644239400455107,-0.0014061749786025944,0.022238690687430843,-0.0028119950733774515
IYLLVALLTFLLTLL,Mutant,,clash,3.0,LLLSYLLVALLTFLLTLLILI,3.6031956234950826,LLLIYLLVALLTFLLTLLILI_0,1.1001100110011e+17,1.0,-69.9076,-70.5874,-72.693,-223.038,-216.01,-247.809,-363.633,4685.24,3975.89,3830.56,-1.27464,23.7922,-71.9615,-53.2436,-43.1309,-83.4087,54.0324,-48.3425,9.14678,6.30568,5.61617,24.4546,-80.5617,52.7769,-43.5392,-339.841,8.7383,5.70914,5.00079,0.0,LLLIYLLVALLTFLLTLLILI,0.4392370911399807,0.1242051256422789,R,99999900.0,-28.830600000000004,2.7853999999999957,24.770999999999987,709.3499999999999,-0.04064368788327343,0.003926693451751598,0.0349207020511736,-0.0017969126665256928
YILLTILLVALLSLL,Mutant,,clash,8.0,LLLYILLTALLVALLSLLILI,0.1142507572238529,LLLYILLTILLVALLSLLILI_0,1.1001100110011e+17,1.0,-74.3146,-74.1008,-74.2045,-235.685,-228.439,-251.864,-384.461,4661.78,4065.33,3809.69,-1.19887,701.96,-75.6602,620.038,-58.3927,-31.7927,89.3009,-42.4007,9.98406,3.32454,3.16405,483.352,-28.5899,84.4588,-45.0,317.498,8.1271,2.19042,1.9573,0.0,LLLYILLTILLVALLSLLILI,0.2085999205094658,0.0607399703614764,R,99999900.0,-17.267500000000005,-0.11010000000000275,16.179000000000002,596.4499999999998,-0.02895045686981308,-0.00018459217034119002,0.02712549249727556,-0.0020100092212255857
YILLGLLLITLLAFL,Mutant,,clash,11.0,LLLYILLGLLLGTLLAFLILI,0.0548241661701259,LLLYILLGLLLITLLAFLILI_2,1.1001100110011e+17,1.0,-58.718,-48.4272,-58.718,-240.179,-229.045,-251.109,-354.936,4684.63,4264.52,3587.9,-1.16571,19488.3,-57.2049,19410.8,-45.1093,-59.229,76.8407,-35.523,11.2893,5.75785,5.41046,19124.3,-60.6857,64.7023,-38.4105,19133.4,7.3229,4.33767,3.8082,2.0,LLLYILLGLLLITLLAFLILI,0.2035527667815611,0.1387914871889571,G,99999900.0,-12.095600000000005,0.0,10.930000000000007,420.1099999999997,-0.028791506986265536,0.0,0.02601699554878488,-0.0027747732736664228
SALLVFLLALLLATL,Mutant,,void,4.0,LLLSYLLVFLLALLLATLILI,0.0464485897622941,LLLSALLVFLLALLLATLILI_2,1.1001100110011e+17,1.0,-58.8168,-58.8168,-58.8168,-227.388,-225.193,-248.017,-357.071,4567.85,3849.62,3803.86,-1.02963,33.3339,-71.8965,-39.7278,-50.2379,-66.1439,56.7834,-44.685,8.59647,4.08734,3.43909,28.4461,-61.0036,57.271,-40.2845,-323.738,8.1019,3.38213,2.7412,2.0,LLLSALLVFLLALLLATLILI,0.4616928559214053,0.0382644741843522,R,99999900.0,-21.6586,0.0,20.62899999999999,718.2300000000005,-0.030155521211868045,0.0,0.02872199713183796,-0.0014335658493797242
TYLLAVLLILLLGFL,Mutant,,clash,11.0,LLLTYLLAVLLGLLLGFLILI,0.6267007306824345,LLLTYLLAVLLILLLGFLILI_1,1.1001100110011e+17,1.0,-44.9568,-47.1045,-44.9568,-235.747,-231.304,-254.495,-349.974,4685.17,4169.56,3459.57,-0.897831,4998830.0,-70.1685,4998760.0,-50.5227,-62.278,53.5772,-42.3674,10.3356,3.07463,2.37829,3094540.0,-62.6538,43.9976,-40.9419,5029390.0,6.5,1.83774,0.997703,1.0,LLLTYLLAVLLILLLGFLILI,0.2351536443677592,0.059540851711548,G,99999900.0,-19.645799999999994,0.0,18.74799999999999,515.6099999999997,-0.03810205387793101,0.0,0.03636081534493125,-0.001741298655960902
TYLLAILLILLLGFL,Mutant,,clash,11.0,LLLTYLLAILLGLLLGFLILI,0.5515430705419089,LLLTYLLAILLILLLGFLILI_0,1.1001100110011e+17,1.0,-44.9626,-53.9051,-44.9626,-236.376,-234.736,-255.609,-354.818,4682.73,4120.11,3663.0,-0.599777,34238.1,-74.0789,34172.0,-54.2461,-59.9478,53.6941,-38.7976,10.2546,2.74088,2.04629,34175.5,-61.5471,48.1349,-42.0502,33883.3,7.2784,2.23028,1.4523,0.0,LLLTYLLAILLILLLGFLILI,0.223582920699854,0.0507983352120167,G,99999900.0,-19.832800000000006,0.0,19.233000000000004,562.6199999999999,-0.03525079094237676,0.0,0.03418470726245069,-0.001066042799758274
TSLLVGLLAYLLILL,Mutant,,clash,15.0,LLLTSLLVGLLAYLLGLLILI,0.1284894037196072,LLLTSLLVGLLAYLLILLILI_1,1.1001100110011e+17,1.0,-54.62,-54.1322,-44.9603,-236.17,-230.25,-256.868,-365.43,4623.85,3758.15,3613.25,-0.555948,1558060.0,-75.1956,1557980.0,-63.6019,-42.5909,85.4947,-42.1241,8.43555,4.43042,4.21284,1491600.0,-47.0876,58.6724,-35.0,1557690.0,7.44,1.48391,0.863996,1.0,LLLTSLLVGLLAYLLILLILI,0.305161580576353,0.0299786831314371,G,99999900.0,-11.593699999999998,-9.6597,20.698000000000008,865.7000000000003,-0.013392283701051166,-0.011158253436525352,0.02390897539563359,-0.0006421947556890376
TALLIALLLVLLIWL,Mutant,,clash,15.0,LLLTALLIALLLVLLSWLILI,-0.0476889890265581,LLLTALLIALLLVLLIWLILI_2,1.1001100110011e+17,1.0,-45.0273,-45.0273,-45.0273,-235.771,-233.755,-252.185,-376.076,4654.28,3933.43,3885.07,-0.393805,1.46183,-95.6718,-95.8318,-78.8632,-34.7062,90.9585,-37.6571,9.41507,3.98534,3.84972,8.76061,-33.2071,91.2243,-42.4294,-362.348,9.0,3.79634,3.6647,2.0,LLLTALLIALLLVLLIWLILI,0.4155772796054677,0.0267505432496138,R,99999900.0,-16.8086,0.0,16.414000000000016,720.8499999999999,-0.023317749878615523,0.0,0.022770340570160252,-0.0005463064437816467
YALLSTLLAFLLAIL,Mutant,,void,4.0,LLLYLLLSTLLAFLLAILILI,-0.1154263635705539,LLLYALLSTLLAFLLAILILI_2,1.1001100110011e+17,1.0,-74.1003,-74.0398,-74.1003,-226.889,-223.07,-247.588,-355.361,4624.21,4042.8,3829.42,-0.375407,19451.4,-54.7474,19393.1,-33.6725,-57.1738,50.6784,-45.8143,8.79568,1.91765,1.17783,18888.6,-52.3191,53.2783,-35.0,19096.0,8.3883,1.54043,0.839604,2.0,LLLYALLSTLLAFLLAILILI,0.39397574644549,0.0068394772999281,R,99999900.0,-21.0749,0.0,20.698999999999984,581.4099999999999,-0.03624791455255329,0.0,0.03560138284515228,-0.0006456837687690271
TFLLGVLLILLLAIL,Mutant,,clash,11.0,LLLTFLLGVLLGLLLAILILI,0.7888794929585404,LLLTFLLGVLLILLLAILILI_2,1.1001100110011e+17,1.0,-44.9375,-49.0126,-44.9375,-232.166,-227.597,-248.571,-357.401,4671.0,3928.11,3583.63,-0.299131,275408.0,-80.5967,275327.0,-63.8923,-80.4774,51.2832,-37.306,9.91871,5.49484,4.76409,204919.0,-80.0044,42.005,-45.0,275050.0,7.041,4.17133,3.3014,2.0,LLLTFLLGVLLILLLAILILI,0.4581878820309222,0.0957954613534572,G,99999900.0,-16.7044,0.0,16.405,742.8899999999999,-0.022485697747984226,0.0,0.022082677112358496,-0.00040265853625705023
TLLLILLLGFLLSIL,Mutant,,clash,7.0,LLLTLLLGLLLGFLLSILILI,0.9927734172537476,LLLTLLLILLLGFLLSILILI_0,1.1001100110011e+17,1.0,-60.3038,-63.8213,-60.3038,-236.347,-223.038,-248.22,-378.748,4607.51,4319.02,3586.75,-0.178274,557642.0,-82.2754,557550.0,-70.2248,-100.509,42.0871,-39.4734,10.8309,7.25811,6.38941,244788.0,-95.1054,38.6706,-41.1733,557263.0,7.1293,5.98634,5.0664,0.0,LLLTLLLILLLGFLLSILILI,0.2405154171798789,0.0508888633044078,G,99999900.0,-12.050600000000003,0.0,11.87299999999999,288.4899999999998,-0.04177129189919932,0.0,0.04115567264029949,-0.0006179555617179109
LLLLTILLIFLVSLL,Mutant,,clash,8.0,LLLLLLLTALLIFLVSLLILI,-0.0279273019550396,LLLLLLLTILLIFLVSLLILI_1,1.1001100110011e+17,1.0,-74.0887,-66.9447,-74.2285,-251.075,-245.927,-249.228,-387.48,4641.84,3725.48,3637.55,-0.0417655,88.8365,-62.3582,14.2278,-64.0238,-51.1128,75.9016,19.689,10.0777,4.41364,4.05217,49.677,-51.3244,56.7456,20.2059,-338.157,9.3834,1.85932,1.2105,1.0,LLLLLLLTILLIFLVSLLILI,0.2889732392039412,0.1336890822627933,L,99999900.0,1.6655999999999977,0.13979999999999393,-1.84699999999998,916.3600000000001,0.0018176262604216657,0.00015256012920685527,-0.002015583395172181,-4.557761141909292e-05
YLLLIVLITLLFSLL,Mutant,,clash,7.0,LLLYLLLAVLITLLFSLLILI,-0.1177760610417196,LLLYLLLIVLITLLFSLLILI_1,1.1001100110011e+17,1.0,-70.7151,-74.0893,-74.2762,-232.036,-229.232,-256.966,-375.189,4717.63,3915.44,3756.97,-0.00707313,71096.8,-72.4457,71024.9,-43.9469,-102.43,24.709,27.0131,10.2915,5.20015,4.07078,37840.4,-110.96,14.1167,21.5291,70702.4,9.2522,5.04976,3.76151,1.0,LLLYLLLIVLITLLFSLLILI,0.3738757397421241,0.0420969687405464,L,99999900.0,-28.498800000000003,3.561099999999996,24.930000000000007,802.19,-0.03552624689911368,0.004439222628055692,0.031077425547563552,-8.817275209115048e-06
