,C1-Rep1,C2-Rep1,C3-Rep1,C4-Rep1,C5-Rep1,C6-Rep1
0,0.9883594253381365,0.008472576201064749,8.69315156643394e-05,0.00042740395386621353,0.0014606362755458673,0.0011930267157222545
1,0.7421165562855685,0.20921177522738188,0.041930330615957516,0.006450745463453738,0.00025289539242003906,3.7697015218364616e-05
2,0.5347999425877982,0.33064441886850043,0.10588938944604065,0.027568008427261093,0.0009998972218613663,9.834344853830686e-05
3,0.9931458347481185,0.004420622315168158,0.0006131183689897102,0.001105397920017667,0.0006238085994447284,9.121804826131e-05
4,0.9942841497548297,0.005663503334411484,0.0,0.0,0.0,5.234691075880252e-05
5,0.8128555778988532,0.17123396860320417,0.01466637077156302,0.001124927983808489,0.0001191547425712711,0.0
6,0.7768835030653819,0.21270098129323853,0.009096153514205688,0.0010699696174827043,0.00022931713202098547,2.0075377670404807e-05
7,0.9435344235779787,0.04823958458263813,0.0060402623366962015,0.0015325473245774502,0.0006531821781096007,0.0
8,0.9124697298420175,0.07420919552866329,0.008474347841322102,0.0042075168857990475,0.0005889710018335452,5.0238900364502595e-05
9,0.548781416411575,0.3334283494374572,0.09115982329633623,0.025364536572082402,0.0011866475205235974,7.922676202569553e-05
10,0.9352556149040954,0.06336564129425039,0.0010485616282747553,0.00022716679665766367,0.0001030153767217082,0.0
11,0.9002069663397861,0.0959877703202238,0.002909303613928052,0.0007090754708562094,0.00018688425520570445,0.0
12,0.8447977964490194,0.14956393042817037,0.0034131105441610123,0.0017991536865237217,0.0003239219667443046,0.00010208692538128213
13,0.9412039142576458,0.03581608230832703,0.012212207367195443,0.009884456588095657,0.0008182208732062512,6.511860552977736e-05
14,0.9882661381585619,0.00945403395619981,0.0,0.0,0.00037465284755512797,0.0019051750376832314
15,0.9286900023594195,0.07072933928133995,0.0005806583592406899,0.0,0.0,0.0
16,0.9541471943116884,0.04491524965446265,0.0,0.0009375560338490624,0.0,0.0
17,0.9458577127450927,0.02013398573687816,0.009585285513445034,0.017424989169101308,0.006872358960480707,0.0001256678750021685
18,0.7654985834408039,0.2213334181497231,0.01062247106936996,0.0023220763266242677,0.00022345101347890647,0.0
19,0.9714423774787474,0.023509349886312786,0.0,0.0014046896699060909,0.0017835924326278162,0.0018599905324059131
20,0.9048463915205696,0.09147506057236772,0.002638793419372769,0.0007983867316580549,0.00024136775603203148,0.0
21,0.7900898970700052,0.20272194953937334,0.005884357075641667,0.0013037963149799493,0.0,0.0
22,0.9629324237893685,0.01865754404712358,0.001550852837272848,0.007532691339755603,0.008566635119624492,0.0007598528668549182
23,0.7734695473931412,0.15861310587769165,0.04443931641174277,0.022779063815579894,0.0006989665018445315,0.0
24,0.7657885842647939,0.21872479030179615,0.013932703297571009,0.0012380426769433817,0.00031587945889548566,0.0
25,0.882031135528448,0.08021350887748538,0.02319869890929659,0.013206765151018663,0.0012208327687682062,0.00012905876498296368
26,0.8280998988024234,0.15952991087696541,0.010103199385560398,0.0022669909350508124,0.0,0.0
27,0.9162682323413749,0.07444542400750982,0.006832331221365773,0.0024540124297494532,0.0,0.0
28,0.9049764660796179,0.09334486869241254,0.0007363968267452136,0.0009422684012243592,0.0,0.0
29,0.7165862362743055,0.1466237315661143,0.06859975954860374,0.06434627433020532,0.003574719310715303,0.0002692789700556165
30,0.9270574859457756,0.020407631898946944,0.0014038540824278002,0.010557986345444253,0.023052492279324238,0.017520549448081058
31,0.6609361835252885,0.3072750113945994,0.026602393843684777,0.004456082725536881,0.0007303285108903531,0.0
32,0.6023649933649706,0.10158584280733407,0.08922581372907135,0.18124477084952642,0.024680729046416588,0.0008978502026809562
33,0.46993255184050725,0.3057860296042595,0.1555719742930351,0.06426742988322484,0.004222568815624423,0.00021944556334854527
34,0.9470948796999202,0.047112925754351005,0.0034427444207577812,0.0023494501249710377,0.0,0.0
35,0.8565238713715293,0.06065216363068819,0.031084993176456827,0.047121836427319555,0.004383336263788515,0.00023379913021753752
36,0.9806497130417611,0.0,0.0,0.0033504403284940524,0.00992786541102969,0.0060719812187153294
37,0.47108311641997014,0.31346826468149097,0.13713053160145067,0.07471933255863412,0.003321035531725979,0.00027771920672811905
38,0.8482590617601282,0.09294597225894612,0.035466601089493115,0.022026341966597,0.0013020229248356628,0.0
39,0.9333482984569764,0.0,0.0,0.0020662797037350102,0.037480579948213515,0.027104841891074972
40,0.8962465375820221,0.08253227658392995,0.015764424598683616,0.005456761235364199,0.0,0.0
41,0.5196868138776732,0.4199387762906543,0.04850396742330541,0.011050738524412327,0.0006761959709927379,0.00014350791296195275
42,0.3808065660822042,0.4140204095047089,0.1611619771800971,0.042741334700075524,0.001019320258565722,0.00025039227434859354
43,0.9059564111008055,0.018205674632440376,0.019068594600632583,0.04059562474255109,0.015527302707987183,0.0006463922155830559
44,0.9432544939641181,0.05284126353528314,0.0039042425005986585,0.0,0.0,0.0
45,0.6810456391868959,0.22404863994255686,0.06945970477801477,0.023368219830730497,0.0018750257352521604,0.0002027705265497686
46,0.8881054842602992,0.10178203847300292,0.010112477266697957,0.0,0.0,0.0
47,0.5202097420742502,0.3338516084346569,0.10267523421847254,0.03881674343301666,0.004242041592282428,0.00020463024732137844
48,0.8935050160561395,0.10041755718139549,0.0035772474296276815,0.0016766756308364962,0.0008235037020008072,0.0
49,0.8812911984936314,0.013426203984651691,0.012298921633580859,0.048360920297208655,0.04238348060685254,0.0022392749840748493
50,0.948327097575865,0.05056616447883758,0.0,0.0,0.0,0.0011067379452974731
51,0.7957979106277597,0.16599205294340796,0.029618421235079392,0.007808510386262102,0.0007831048074908838,0.0
52,0.5555987997062096,0.30106861757741005,0.09716013350973975,0.04429452677472,0.0018779224319207713,0.0
53,0.9820494311075078,0.01473604337976038,0.003214525512731903,0.0,0.0,0.0
54,0.648634630401613,0.25558193024316067,0.06725637475776648,0.02719233277649936,0.0010900466268735456,0.00024468519408684297
55,0.522143888674104,0.25164619317282405,0.1081718412120906,0.11254939522113319,0.005234747655700035,0.00025393406414816154
56,0.8161413214171704,0.13633932024069248,0.03344395875010582,0.0140753995920311,0.0,0.0
57,0.8090994437520415,0.0708799718662207,0.02764219959547453,0.0585613534344681,0.032576265604007816,0.0012407657477874127
58,0.8394790675359561,0.02325656729694357,0.007709028709592578,0.05650440401428595,0.06821440087050136,0.00483653157272047
59,0.9152838322883246,0.009711049756742602,0.006457616942550475,0.04496842231272524,0.02066413264201498,0.0029149460576422094
60,0.5971643335610609,0.1994327703243175,0.11285775283557592,0.08455507856445203,0.005514573852777378,0.0004754908618160579
61,0.46640961082018917,0.3404287552018206,0.14604792464807814,0.04341114338936254,0.0034836131103456558,0.0002189528302038672
62,0.9174617051436831,0.049855363528259054,0.027555432787199907,0.004958296470775776,0.0,0.00016920207008199847
63,0.7602065047137907,0.14714981174305533,0.042484380830386165,0.042954827918818536,0.005219908349130111,0.0019845664448192315
64,0.6306851055513507,0.27793459391628167,0.06396288917888733,0.02626183949288127,0.0009043970021413664,0.0002511748584576434
65,0.8771676816487869,0.02517370390644446,0.015305064141513306,0.052456716787447004,0.027542597085625054,0.0023542364301833243
66,0.4990327399139379,0.25799514421578085,0.1429062248605304,0.08777360295550503,0.011743405023297878,0.0005488830309480063
67,0.9034826618842213,0.0,0.01515153035555547,0.04390370626651842,0.03563369271057878,0.001828408783125978
68,0.8092806895161074,0.14567721556275345,0.03112471735587181,0.012676163188534068,0.001241214376733281,0.0
69,0.7070411787325407,0.1174830076295864,0.06616573987131345,0.10193937573701738,0.006687176738571246,0.0006835212909708686
70,0.663790361256161,0.14655308948713544,0.08948688071294864,0.09333279534146979,0.0062975449388601315,0.0005393282634250751
71,0.4273530444472107,0.19211419300964008,0.17866832997435414,0.17635648477473506,0.024612882916187174,0.0008950648778727985
72,0.4089073124494776,0.4410265619046242,0.10546959211014885,0.04236880507837107,0.001892628025321562,0.00033510043205685423
73,0.8911854730784924,0.10732529107616683,0.0014892358453408325,0.0,0.0,0.0
74,0.777732167643192,0.04675931249827638,0.038357766547122536,0.08803683010829437,0.046022180755589705,0.003091742447525022
75,0.544750076906514,0.29109492150772853,0.12026028265379551,0.040327620393131695,0.0031002720653127676,0.000466826473517548
76,0.7910340195144905,0.16822850033609674,0.03552600853054267,0.005211471618870146,0.0,0.0
77,0.7844597961641813,0.03932094698463706,0.01471841869293937,0.08169201599733061,0.07517194141484772,0.004636880746063889
78,0.9266803247719316,0.020798387819708206,0.0389886487957836,0.012135053315700181,0.0013975852968764262,0.0
79,0.5653345638104286,0.22121261412564627,0.11578229594275366,0.09468381354131444,0.002847574775430107,0.00013913780442689015
80,0.5238791901124883,0.2861250044540926,0.11593641933362935,0.06939297860578038,0.004275810350756928,0.00039059714325243716
81,0.7009736896281967,0.2047915976539357,0.06643992972803617,0.026592496641663247,0.001202286348168112,0.0
82,0.9108253042198791,0.06519806841253406,0.015214700279366318,0.008761927088220418,0.0,0.0
83,0.8432088618575254,0.09578551363619453,0.01770000450910009,0.033812992840158984,0.008138858856240322,0.0013537683007806725
84,0.9947284368887359,0.0,0.003941449964356933,0.0013301131469069952,0.0,0.0
85,0.9786371213962031,0.012690602738442946,0.006027820539325467,0.002644455326028536,0.0,0.0
86,0.5030234462007708,0.33558862436839804,0.1104321845395868,0.04621486563257459,0.004390436044721257,0.0003504432139485132
87,0.6371604017442186,0.17964186046446048,0.1120136183228667,0.0638333497731773,0.007191565649449133,0.00015920404582766133
88,0.6491576219283779,0.24650202352426645,0.07823002465126214,0.023490247384469178,0.0024263059382884896,0.0001937765733359546
89,0.6445339075446738,0.027799688703968293,0.014084671459476157,0.14599551437432293,0.13718759097418567,0.030398626943373256
90,0.8152539368322257,0.06412851070453034,0.04635210131529955,0.06391017233498568,0.010052470996745732,0.00030280781621307547
91,0.9795493971102601,0.010887799535225244,0.0039780920526627005,0.0055847113018519055,0.0,0.0
92,0.889989813327567,0.03734634294930471,0.029416972601629305,0.037938196914895805,0.005308674206603418,0.0
93,0.7496045562809185,0.15203445104354452,0.05702398442763635,0.0399651338625755,0.0013718743853251185,0.0
94,0.9718537015105356,0.0,0.022598977646012437,0.005547320843452139,0.0,0.0
95,0.8735049477402455,0.012357041187336819,0.0,0.012123713960667028,0.07718696889263431,0.024827328219116353
96,1.0,0.0,0.0,0.0,0.0,0.0
97,0.5067034890217326,0.38662847170565295,0.07788291305609757,0.02788199065601319,0.0009031355605035918,0.0
98,0.8835669569055508,0.028123612739251083,0.025380652015250915,0.05795255551175985,0.004361116240962347,0.0006151065872250114
99,0.8876758732943061,0.03254848918933169,0.025188453567866278,0.039371133676029936,0.014526317712684868,0.0006897325597813155
100,0.6619362474505971,0.21429759442969593,0.06084768313815165,0.05954016281438373,0.0031211468007909205,0.00025716536638073517
101,0.6322886801385691,0.1430107810651733,0.10031561197751349,0.10720213775898746,0.016499404412031425,0.0006833846477253117
102,0.7965915459531244,0.06416692889076334,0.00623417732963032,0.03261723778768727,0.07411870644316713,0.026271403595627695
103,0.9281819150804723,0.0577743281341122,0.014043756785415624,0.0,0.0,0.0
104,0.8971399236917289,0.059830854919714314,0.023208555070985043,0.016277007028287837,0.0035436592892840284,0.0
105,0.9625431077259101,0.0,0.013028834244408751,0.015543124371702736,0.008884933657978475,0.0
106,0.3762171458402266,0.5015484246552993,0.09976708314989592,0.02067927590566958,0.0016329959806096561,0.00015507446829893587
107,0.6193269394812944,0.31850570811075035,0.04711600295678027,0.01436790102114369,0.0006834484300311759,0.0
108,0.9266937584951594,0.0,0.030272906565140853,0.04303333493969967,0.0,0.0
109,0.7906852483120084,0.17088854418206412,0.03088035335558527,0.0071746723202466695,0.0,0.0003711818300955224
110,0.5412370612274359,0.35560710091643666,0.0762552376959699,0.02484479923731139,0.0020558009228460222,0.0
111,0.8640651667024727,0.06805924791031097,0.031223137346532093,0.03124678292948921,0.005405665111195066,0.0
112,0.7347304679473455,0.20819814761392832,0.04599250044389306,0.011078883994833262,0.0,0.0
113,0.5909500927072988,0.18959377220946552,0.08897532954584858,0.11891637681705591,0.011179126615861706,0.00038530210446939046
114,0.8297289488042452,0.15860472258285,0.010448409489531333,0.001217919123373606,0.0,0.0
115,0.5597412054476375,0.353308269822634,0.07446970931364798,0.010587657117300957,0.0017305713940921476,0.00016258690468713471
116,0.8357114195281075,0.0,0.0,0.03048629547359141,0.10385608067645423,0.029946204321846994
117,0.9779973785963463,0.0,0.012810276680111558,0.008296154467534319,0.0008961902560077364,0.0
118,0.9200126336948812,0.014874242685793623,0.016602779113661446,0.027120450631101047,0.020758880359860413,0.0006310135147022203
119,0.6158180216569852,0.2215253755316658,0.10403853104173637,0.05255811599284832,0.005789636362421841,0.0002703194143425577
120,0.9453492190510844,0.0,0.0022065297839044366,0.011831393270808132,0.0371443060131845,0.003468551881018522
121,0.9141753226915316,0.0,0.0028450228220128983,0.020282199048643656,0.05210131897846684,0.010596136459345038
122,0.7022041676527268,0.21279103940779276,0.053950661806371876,0.029660659310423675,0.0013934718226850061,0.0
123,0.9056585641445776,0.028186185386868286,0.04212744383713282,0.021405315019099827,0.002622491612321638,0.0
124,0.8901838693243277,0.06095006974763213,0.03965306541965882,0.008210563640195508,0.0010024318681857384,0.0
125,0.8970759895564026,0.0362947986067089,0.029528018958180406,0.03154513109072055,0.0055560617879875165,0.0
126,0.4827211269402017,0.39311219314209217,0.09590592664677822,0.026435844017022966,0.0018249092539048743,0.0
127,0.25505635440140906,0.26406889019502094,0.2240113055212848,0.2337428043490511,0.021849065391175353,0.0012715801420586034
128,0.38349193863279857,0.5394689828689669,0.06749883932905106,0.00812431682294191,0.0012646990857514038,0.00015122326049014904
129,0.688824615528244,0.21144143645213723,0.0668145706834121,0.03131112807079246,0.0013092482635084473,0.00029900100190601177
130,0.7876828286716799,0.12341207860669484,0.06954483444702217,0.019360258274602932,0.0,0.0
131,0.6604305040353163,0.1485246487314026,0.08612713524054297,0.0876166844077633,0.017301027584974715,0.0
132,0.8441778246334878,0.12416579695651628,0.022906869851631595,0.008749508558364335,0.0,0.0
133,0.6314842369417498,0.15480297566329157,0.10140578044191464,0.10677763529921716,0.0048532311322051856,0.0006761405216217148
134,0.9431299024787325,0.05299735267838265,0.003872744842884816,0.0,0.0,0.0
135,0.543229164515748,0.27238323690557703,0.12123555252680909,0.060102510109063624,0.003049535942802283,0.0
136,0.5853016487805414,0.24886563976790307,0.1171101822636962,0.04553201179333896,0.002685489946050097,0.0005050274484703783
137,0.629856292990905,0.22472960045259183,0.08832047225654192,0.05329648065133895,0.0034740157173117838,0.0003231379313105463
138,0.8222652212479196,0.0329024468929622,0.03333995280559508,0.08519437917708723,0.025156522523509493,0.0011414773529262543
139,0.9381769655874981,0.013556322517296942,0.026944833517578558,0.01550047632864708,0.005821402048979212,0.0
140,0.3785577340543786,0.5015591448271378,0.08945694038844373,0.02805755749141843,0.002185834408963623,0.0001827888296578094
141,0.511989310748827,0.2908007809494126,0.12693483453968754,0.06545875356684684,0.004368239289029649,0.0004480809061963418
142,0.7815002353208419,0.08339002818078428,0.028221302501502333,0.07578185950033696,0.029432075051268658,0.0016744994452660305
143,0.7522242178683501,0.18491261005715265,0.05237589437625758,0.010487277698239617,0.0,0.0
144,0.5887495768487013,0.2984263972691745,0.08908012244629611,0.022647048074932185,0.0010968553608958435,0.0
145,0.8384267132638613,0.08058371682222062,0.049940930231423326,0.028519670812340837,0.0025289688701538924,0.0
146,1.0,0.0,0.0,0.0,0.0,0.0
147,0.6274071173407794,0.3137139129797068,0.046509832747571686,0.010571118333084542,0.0014471789888176724,0.00035083961004009345
148,0.974536294013191,0.0,0.002754116632041781,0.017349288486657503,0.005360300868109744,0.0
149,0.36521661751903023,0.46092359877508154,0.12337935686682891,0.048183045875237376,0.0019116219165736055,0.000385759047248215
150,0.8353756673803011,0.0630853705525566,0.03377813935022619,0.05417608430025341,0.013117604931433803,0.00046713348522869593
151,0.6608850260538115,0.2440563117072277,0.06824122791169786,0.02484171477589923,0.0017256689280301166,0.00025005062333376333
152,0.7389208654500502,0.12957221687788684,0.04662716720759855,0.0665168795287017,0.01836287093576274,0.0
153,0.6511648838158646,0.16560448649738874,0.08979373919348557,0.08036226059192603,0.013074629901335037,0.0
154,0.6622889200841939,0.19765946910563367,0.07905326695837021,0.057268000121236465,0.0030412437894182117,0.0006890999411472312
155,0.39311133554045746,0.3583622342364984,0.18162152257407468,0.0577107472178687,0.008884292694983373,0.0003098677361174365
156,0.9417883153148434,0.03219727928024194,0.011390767634937269,0.013418474824421208,0.0012051629455562388,0.0
157,0.7058320062369005,0.10733934403686099,0.09722599545334872,0.07744738449599878,0.01116122562452714,0.000994044152363834
158,0.7603620385284053,0.20798632676366297,0.024236472418674385,0.005265005750084246,0.0021501565391732784,0.0
159,0.5818769532559265,0.2864956418216891,0.08789796104743036,0.040487684396062325,0.002742392160228624,0.0004993673186631781
160,0.652161966946448,0.2021750172049817,0.08360232345417477,0.058925573307013514,0.003135119087381907,0.0
161,0.8884712877800132,0.09217092555523633,0.011257617234635166,0.007164324470948228,0.000935844959167203,0.0
162,0.7074566985669,0.21755570440028335,0.05312013405554154,0.02051259280606796,0.001354870171207105,0.0
163,0.4822352346625528,0.3165051294928338,0.1531515317660376,0.04279170319698041,0.00502064367150899,0.00029575721008632595
164,0.47822123532572103,0.1656372700209457,0.1330631787011988,0.1875833235595107,0.03373521996376553,0.001759772428858302
165,0.6886993944005956,0.27138102229109795,0.03103485253926035,0.008884730769046313,0.0,0.0
166,0.5592633177698614,0.11299580897357066,0.11720965584967058,0.18680766445637018,0.022637389743969432,0.0010861632065578355
167,0.5142031524487728,0.30715798686900836,0.12750471800565527,0.049483073166604365,0.0016510695099592218,0.0
168,0.8381174492581669,0.10622980427728591,0.02797635300069157,0.024985258336338335,0.0026911351275171616,0.0
169,0.4958715348100373,0.335850252485032,0.11476054065473729,0.05175224321175381,0.001765428838439565,0.0
170,0.8401726489885235,0.040722470320473894,0.0384813570407608,0.06877889919648988,0.011466375580620804,0.00037824887313103706
171,0.6206303394193071,0.2715245494119869,0.0836234015132438,0.02342379784822719,0.0007979118072348795,0.0
172,0.7325145092622611,0.17285022103089492,0.06727837244916932,0.025310198340834922,0.001666182637494763,0.0003805162793451519
173,0.7472640771098775,0.17537751317654776,0.05577567784974389,0.021582731863830685,0.0,0.0
174,0.7902757070312977,0.08870401620088808,0.08484033869780724,0.031646943876782394,0.004532994193224606,0.0
175,0.6814631286995967,0.23642491757820494,0.06424095663821304,0.017870997083985277,0.0,0.0
176,0.510632541507138,0.33903068962025784,0.09901063375797406,0.048753707558526684,0.002104987234873299,0.0004674403212299355
177,0.7635156381748481,0.21089102814954128,0.02050421063472339,0.0050891230408873205,0.0,0.0
178,0.5013105087452172,0.3087884036482954,0.1241284951777669,0.06086813504825747,0.0045867526732521376,0.0003177047072108679
179,0.6210224951053908,0.2681711962860171,0.06885230209609515,0.03971540312850342,0.001998087173436499,0.00024051621055728808
180,0.8143778537141928,0.12567053974830023,0.03591514349274219,0.023032914616629048,0.0,0.0010035484281356792
181,0.8561531033959291,0.029355169070601976,0.021665597359794626,0.06854178357348974,0.022935546199585537,0.0013488004005989158
182,0.5714989477645885,0.39793227102377193,0.024915094697603064,0.0056536865140365145,0.0,0.0
183,0.486658199208969,0.26569549371185225,0.13680902898565325,0.10279592080994303,0.007762560600884581,0.00027879668269789436
184,0.812533105287855,0.12751105199981577,0.030333686346464172,0.029622156365865016,0.0,0.0
185,0.42384809947532903,0.454423297216278,0.09589497477065043,0.024847502761861918,0.0006067288362857292,0.00037939693959488226
186,0.5446186482550565,0.24921936522194657,0.12881379077850055,0.07343326720561144,0.003563927349949437,0.00035100118893545705
187,0.6354902580900575,0.2924063759626262,0.0602523116886938,0.010066404325294325,0.001784649933328278,0.0
188,0.9032349215621701,0.03998512711776516,0.020488615096540458,0.026426942505294086,0.009864393718230006,0.0
189,0.965046099565408,0.03495390043459202,0.0,0.0,0.0,0.0
190,0.9894731637504265,0.0,0.005548154897923847,0.004978681351649637,0.0,0.0
191,0.7839289623123707,0.1924472104880781,0.021578554164501138,0.002045273035049977,0.0,0.0
192,0.7008587111990761,0.20872154028631085,0.04733672702820296,0.037615731397769754,0.005467290088640323,0.0
193,0.8929258598531525,0.019165458092177047,0.04483358873879142,0.03610951719410459,0.006965576121774278,0.0
194,0.7904697096812745,0.11221619295839177,0.056170825996814236,0.038223028846283216,0.0019241839385906795,0.0009960585786453829
195,0.48026386807281696,0.30746077381057685,0.11060325160734641,0.0969905020166362,0.004218825120150074,0.00046277937247350654
196,0.6662764050102039,0.24646808085575836,0.07361037795427453,0.013645136179763291,0.0,0.0
197,0.8868825231519882,0.051753434331415354,0.03979943085852747,0.018316242644850565,0.003248369013218369,0.0
198,0.8979720790903281,0.02869554362531731,0.031763582206642785,0.03622393560017685,0.004836744903878789,0.0005081145736562929
199,0.4601262433021175,0.30366476394097286,0.14951917783473292,0.08170550997414379,0.004411510891455243,0.0005727940565778118
200,0.7375412158342148,0.020494629802899067,0.04302693515345701,0.12327945354789845,0.06920297980155464,0.006454785859975889
201,0.9759061774318437,0.0,0.011850256264685728,0.012243566303470534,0.0,0.0
202,0.6761456621436496,0.1482590077699164,0.09431804818781542,0.07082381656858384,0.010011974096752701,0.0004414912332823546
203,0.8569147239148202,0.0557627985946493,0.030171443013919556,0.04765800866727797,0.009493025809332936,0.0
204,0.6497666809454069,0.1093839302759417,0.09727468065414682,0.1210535768059673,0.02252113131853738,0.0
205,0.9307317419850593,0.0,0.0,0.0067066834298031295,0.04523018819819761,0.017331386386940015
206,0.9361843386375046,0.04181586837306683,0.01435177143364099,0.006183809360909585,0.0014642121948781263,0.0
207,0.9727903055564915,0.01962299640320507,0.006391261486505668,0.0,0.0011954365537978984,0.0
208,0.6146931326752518,0.23204793457229464,0.09288670334835966,0.05635138831876458,0.0037082306005769504,0.0003126104847523867
209,0.6330749145684867,0.26673066432960596,0.07010025739916327,0.027500043425600775,0.0025941202771433713,0.0
210,0.872744066072716,0.07815426524995013,0.03748708114799757,0.010323181649175197,0.0012914058801611447,0.0
211,0.7418058935384803,0.10345460563865319,0.05855321092202574,0.08093618553918175,0.013002998212059311,0.002247106149599678
212,0.626815453640745,0.27789618382438674,0.08269415936166988,0.011249184464285595,0.0010701963285976216,0.000274822380315054
213,0.13934288279057072,0.37598129818763637,0.2832481982398351,0.18374653688880546,0.016542517478698806,0.0011385664144536007
214,0.5117938195992384,0.35302416401824366,0.09267892681448438,0.040424981588529744,0.0020781079795037143,0.0
215,0.8366570805911901,0.015022326875043252,0.00903810982394247,0.06504146130658306,0.06910866649565806,0.005132354907583011
216,0.33046154631985425,0.45045123141146437,0.1521887226897138,0.06312590816834888,0.0034503922423724568,0.00032219916824623173
217,0.594773369626508,0.21714498931706516,0.09620780547195923,0.07924661888847502,0.012627216695992599,0.0
218,0.9139911492037798,0.0,0.02286499912662656,0.048065527010963886,0.014632755134221478,0.00044556952440820565
219,0.8654163991347709,0.0,0.0,0.0075551937836948625,0.05070158395603271,0.07632682312550153
220,0.7037152082846571,0.13267098477471773,0.07401933648161514,0.07694030048928385,0.012654169969726205,0.0
221,0.9155919519569876,0.06164856205216929,0.014575938270156416,0.0081835477206867,0.0,0.0
222,0.36378423575902824,0.4828416956006679,0.10217563531502472,0.04880361023937053,0.0021085220717453673,0.0002863010141631558
223,0.797514435494708,0.09125180306507301,0.06241399923298798,0.046650037747516845,0.0021697244597139753,0.0
224,0.4684288545756843,0.3130108472051428,0.13468989230110306,0.0807120818423456,0.00315832407572428,0.0
225,0.7452292125506659,0.15916938735585828,0.07365868206115446,0.020532299358371125,0.0014104186739502824,0.0
226,0.6637023744618886,0.23389825923146035,0.08041357078119107,0.019552060674092046,0.0024337348513678706,0.0
227,0.9741798538320904,0.0,0.01694221110094061,0.008877935066968894,0.0,0.0
228,0.8019111887099251,0.0985814438005162,0.05618941170731086,0.03935108094715636,0.003966874835091482,0.0
229,0.7854514090178933,0.013444783660083138,0.033904086312586436,0.0828597619977971,0.0804572864494225,0.00388267256221746
230,0.5307839671150092,0.37250846656192693,0.07924813314170673,0.01617861890540481,0.0012808142759524084,0.0
231,0.5693681985098246,0.11481870962084355,0.14274076520279086,0.1438060487912821,0.028529877557442452,0.0007364003178166792
232,0.3856189848558339,0.1414445184118556,0.14064959898923823,0.2669253414674963,0.061670838065938684,0.0036907182096372593
233,0.8994157788512795,0.07426421254038,0.02632000860834054,0.0,0.0,0.0
234,0.7624317746839409,0.014527736960109318,0.004370271104836351,0.06811369986515502,0.1350747192423923,0.015481798143566117
235,0.6208898409934102,0.3154861270883795,0.059378279080769494,0.004245752837440837,0.0,0.0
236,0.9610543863730053,0.038945613626994696,0.0,0.0,0.0,0.0
237,0.34579516699765483,0.4338408644925589,0.14515212825846224,0.07171530547032406,0.003085633938223495,0.0004109008427764232
238,0.9670805536672943,0.03291944633270567,0.0,0.0,0.0,0.0
239,0.45090097149610897,0.34059452681622454,0.1473347491376666,0.056148687085811576,0.004703556857288677,0.0003175086068996287
240,0.6162314056530859,0.2227507977503489,0.10437948517988438,0.05508934872157866,0.001548962695102223,0.0
241,0.3937870729324282,0.4442641527966228,0.11096631965610168,0.046731032190354925,0.004008792792399989,0.00024262963209221942
242,0.839678406891774,0.0,0.03284167802739081,0.07014879222243656,0.054559535337633275,0.0027715875207652975
243,0.9963179656081976,0.0,0.0036820343918023304,0.0,0.0,0.0
244,0.8235044392882561,0.1199672139984908,0.03134031285347305,0.02518803385977998,0.0,0.0
245,0.6472377033432085,0.16286259582692622,0.09608549222786834,0.08692672907716929,0.00589837895185793,0.00098910057296962
246,0.41509876076461444,0.4150518289768743,0.11972167518422425,0.04677612050550824,0.00271726582798314,0.0006343487407956909
247,0.44170661179825293,0.29833761928092617,0.1615718238420649,0.09284462761779456,0.005102545943904596,0.0004367715170568549
248,0.6904840049900817,0.18920064819319418,0.08897951495582852,0.03033974583299352,0.0009960860279021213,0.0
249,0.45798917348664986,0.42915972589262597,0.0868358904596453,0.024213325422480902,0.001801884738598079,0.0
250,0.4416452712180398,0.3174800920407558,0.13823708915859056,0.09412339439136076,0.008514153191253182,0.0
251,0.5920067577256262,0.306409392265065,0.07724043954639431,0.024343410462914578,0.0,0.0
252,0.8394705254551952,0.13489102051857782,0.018074749777019422,0.0071010841974948734,0.0,0.0004626200517128403
253,0.630813637401524,0.20177720537509275,0.1052693987847137,0.058334278420870946,0.003805480017798716,0.0
254,0.35600908634390677,0.43949971215074757,0.14560215089533426,0.05677945097761784,0.0019090483695765209,0.0002005512628170077
255,0.7573998560943187,0.037977162845947786,0.07887181539996448,0.11661254528851628,0.008427507914559249,0.000711112456693503
256,0.9303520759705006,0.049866435500530555,0.0,0.010726316201034765,0.008356376366979142,0.0006987959609550252
257,0.6535912740413772,0.28138755972318014,0.05324701701031627,0.011774149225126363,0.0,0.0
258,0.4050338954257332,0.431391299382269,0.12267601121633331,0.037260799544330175,0.003637994431334419,0.0
259,0.7381423341296813,0.041768533760703094,0.05579815331677357,0.09610319973798312,0.06446667064732366,0.0037211084075354324
260,0.7202621234948482,0.039483115008480625,0.011373277322027498,0.08970577460629597,0.12067504756989617,0.018500661998451552
261,0.6155953568887012,0.19270136789516934,0.08697983355060515,0.09191531198674613,0.012263758691297406,0.0005443709874807758
262,0.4431856079835011,0.3945427890414747,0.1092411388808315,0.05102196867974881,0.0016165863716683124,0.00039190904277542417
263,0.6701610263191897,0.05578023737447196,0.04746000752620883,0.15228379220279173,0.07089089020761381,0.0034240463697238184
264,0.44026543967628157,0.3234327457195172,0.15544131213174467,0.07636067716995192,0.004261903407134927,0.00023792189536980324
265,0.5744434337148334,0.19956843750728534,0.11750210586978131,0.09790008041711062,0.00999329875991195,0.0005926437310773118
266,0.7364880551933026,0.18009521033973067,0.05573201528273724,0.025018708619332385,0.0022214885753977565,0.00044452198949923664
267,0.6269082965388925,0.19394697601608432,0.09620354744134904,0.07582756772854603,0.007113612275128099,0.0
268,0.35647862292120697,0.2938705234267809,0.1705114424068206,0.16008630221987938,0.017869730394027773,0.0011833786312842583
269,0.9514127762778843,0.031725173678613744,0.011720269646104666,0.005141780397397211,0.0,0.0
270,0.910827693998593,0.0,0.01795249580997473,0.041489169708091904,0.029043455308081494,0.0006871851752588629
271,0.531841576074864,0.27048615260051767,0.12291540826261554,0.06912257176380444,0.005634291298198338,0.0
272,0.7381540025658504,0.0812461761944033,0.07292283689553057,0.10080159934054093,0.006190793959229578,0.000684591044445111
273,0.879663130001274,0.04006411823610352,0.0,0.013682299259598293,0.05811486668865497,0.008475585814369331
274,0.5638243311551412,0.25037307805618064,0.12461499420327406,0.058118079515196285,0.0030695170702077896,0.0
275,0.958054768313388,0.0,0.03765154903713624,0.0042936826494757606,0.0,0.0
276,0.8781664800547473,0.09665688774773265,0.01614778824785206,0.00902884394966807,0.0,0.0
277,0.7370487759652902,0.0153856862591472,0.01514736528262557,0.08588339079560327,0.1355597495381458,0.010975032159187844
278,0.8393606226644741,0.1560998998773919,0.004539477458133986,0.0,0.0,0.0
279,0.7653293733492608,0.16673171896445957,0.0427085875012881,0.025230320184991693,0.0,0.0
280,0.5482088596926995,0.32310263630368025,0.10190697591664535,0.022812943254723814,0.003968584832251053,0.0
281,0.7057636083072913,0.14689088981048704,0.004694849177021246,0.036044218557315176,0.08398169676924139,0.0226247373786438
282,0.6121044824729294,0.37862082980896594,0.009274687718104642,0.0,0.0,0.0
283,0.9212779879145743,0.03763239101312589,0.013618854032576065,0.0206625223564713,0.00680824468325232,0.0
284,0.351332174159901,0.16196385025186175,0.1451608845383902,0.26060024607106314,0.07476413583686362,0.006178709141920396
285,0.4227855968973599,0.37911671466971897,0.11593484029278969,0.07757191401673476,0.004590934123396691,0.0
286,0.6826046106583245,0.15800397100354638,0.11124940219786537,0.048142016140263824,0.0,0.0
287,0.32799303403720464,0.4371075320186508,0.13725208703636677,0.09317478929248207,0.003957336566618683,0.0005152210486770152
288,0.6263822272125789,0.16245384186193046,0.09496961587429581,0.09148712406853612,0.024707190982658517,0.0
289,0.6528907802693715,0.24357311472500742,0.07597385694512453,0.026961046033291833,0.0,0.0006012020272046518
290,0.849192014418379,0.12028499588155607,0.01899079634862853,0.011532193351436395,0.0,0.0
291,0.5572978004050646,0.08005105000492606,0.1335025836585087,0.17993812388461464,0.04827464859503339,0.0009357934518525581
292,0.42696649450213175,0.465086406242397,0.07865300656393828,0.026388128640424776,0.0029059640511081416,0.0
293,0.9096243116564107,0.03166206225566755,0.03361645694198673,0.025097169145935103,0.0,0.0
294,0.47020333229121153,0.021180519173690134,0.032010320692358624,0.20770555057061446,0.22341750369675284,0.04548277357537246
295,0.34124790115453896,0.38988130019259504,0.16474340738164425,0.09570570967737747,0.00790947431875309,0.0005122072750910931
296,0.9954695752842291,0.0,0.0,0.004530424715770913,0.0,0.0
297,0.79182233198016,0.04539562453103484,0.008316829228177848,0.04481999117056625,0.07416594475723765,0.03547927833282359
298,0.1558478071677707,0.5539602909023864,0.18770157716579297,0.09677103272869601,0.005121483961428858,0.0005978080739250669
299,0.9947692055484736,0.0,0.0,0.0052307944515264364,0.0,0.0
300,0.7693801762581951,0.18282245058631166,0.029816789051099135,0.0179805841043943,0.0,0.0
301,0.5974991360918563,0.18595552546104194,0.09238392147653732,0.09879308095958339,0.024549602841302656,0.0008187331696782243
302,0.6857449000899399,0.2408181124026957,0.05260317543379275,0.0208338120735716,0.0,0.0
303,0.8911869893179093,0.06184333018565803,0.020651185007303854,0.021087576594129787,0.005230918894999018,0.0
304,0.6999398177802251,0.13009735440061637,0.02960365228469705,0.09709004796512828,0.042694109064331964,0.0005750185050011443
305,0.6715713588652084,0.19013968734006678,0.09513901063834897,0.03952030407213847,0.003038517917766265,0.0005911211664713522
306,0.5673909184160767,0.16186972360138174,0.12488047432464029,0.12180369469259164,0.024055188965309598,0.0
307,0.605501666006869,0.2813604928295196,0.071358318683379,0.040358996275943186,0.0014205262042891482,0.0
308,0.7058809767883839,0.1144200294112087,0.02869551624129583,0.09897383501359355,0.049917152167548134,0.0021124903779698645
309,0.43705505715530046,0.4666297377679601,0.06640262431044654,0.028081607387815344,0.0018309733784777342,0.0
310,0.4874648391571209,0.31290251833792354,0.14692196395613535,0.05239602758523977,0.0,0.0003146509635804558
311,0.3394818835256083,0.44022749868479355,0.14274599408488914,0.07124687475982355,0.005859488405093067,0.00043826053979253575
312,0.5148308356889647,0.28151036238867777,0.12430518570941958,0.07543213725495164,0.003105795977765374,0.0008156829802209233
313,0.6265143508372528,0.2464402978369386,0.08772689777454741,0.03385911234474569,0.005459341206515491,0.0
314,1.0,0.0,0.0,0.0,0.0,0.0
315,0.5657270817416421,0.30811782510949426,0.1027441848426174,0.02341090830624615,0.0,0.0
316,0.7690785183592433,0.11283878120352925,0.053921329912646115,0.05533922826390771,0.008218691866811786,0.0006034503938616913
317,0.6700286252879676,0.26214995961764664,0.05178765820713184,0.014070475241680945,0.0019632816455730133,0.0
318,0.621465583498802,0.1630207399267844,0.1152294340677043,0.09116270194138011,0.008033756676182429,0.0010877838891468281
319,0.5708747869922135,0.20685795983096392,0.12152152895819604,0.09308533830956017,0.007281366814721026,0.000379019094345446
320,0.919108448042436,0.044950363582423165,0.020574270889677903,0.013624309214665667,0.0017426082707972211,0.0
321,0.6919506254768988,0.16920436463457686,0.09644303573369792,0.03931872493132411,0.002623844630103277,0.000459404593399211
322,0.4524563378740775,0.21536390060803,0.13160541142600604,0.16411865312302445,0.03516254020162138,0.0012931567672407453
323,0.4755604323167111,0.42442720893161595,0.06389033215982326,0.03477196012296573,0.0013500664688839658,0.0
324,0.5817843035216337,0.178401990485034,0.08827919823788415,0.13871355014854378,0.012387187204808496,0.00043377040209587113
325,0.9209636398435088,0.0,0.014415042876357505,0.029863333191238517,0.03235468155764171,0.0024033025312534743
326,0.9673306861718429,0.0,0.015140785926307406,0.017528527901849698,0.0,0.0
327,0.7443212852559488,0.16692424159392424,0.05113149358804335,0.03762297956208363,0.0,0.0
328,0.5808972522592936,0.3921518205812846,0.019194812221115822,0.00775611493830614,0.0,0.0
329,0.41564709190284443,0.39093041952582946,0.13138025804300593,0.05628983415084874,0.005752396377471462,0.0
330,0.3288618569707387,0.24458496858500783,0.17286646816690113,0.2363794353065911,0.016163028137714718,0.0011442428330464718
331,0.42351150553817246,0.3363005561373398,0.1548574710106072,0.07701172756256651,0.007739838400099676,0.0005789013512146038
332,0.5818071232786998,0.20370578489567356,0.12116731965824487,0.081566766715621,0.011355366986916306,0.0003976384648444494
333,0.8066537620863069,0.0798793143812908,0.03035305299952098,0.048086055401498316,0.024183850194787786,0.010843964936595264
334,0.8726536278803778,0.0,0.01915463625118334,0.06574009621929891,0.03988194585027023,0.0025696937988697885
335,0.9224556609562382,0.0587228519018519,0.011570162599583477,0.007251324542326328,0.0,0.0
336,0.6768346189674792,0.14043103955326386,0.03547352581092654,0.11971179001369324,0.026725802056362245,0.0008232235982749074
337,0.8971502883333632,0.0,0.01165464714756495,0.05171761272455231,0.037065347189842134,0.0024121046046776035
338,0.44555136240500665,0.4391085893164307,0.08961486348461283,0.023933280174259434,0.0017919046196903233,0.0
339,0.9205439361672193,0.0,0.0070101832931021,0.04191021827037444,0.028944589906623516,0.0015910723626805148
340,0.6442252839406752,0.13314305797824091,0.10416113463480023,0.10836565759717316,0.009594519961577532,0.0005103458875330855
341,0.41554856099656834,0.353632086295265,0.11729051280893066,0.10428819693795044,0.008225635780687473,0.0010150071805980088
342,0.6998609873124535,0.15655301954811016,0.05011218915875395,0.0794283653730162,0.012797994324350137,0.0012474442833160409
343,0.5503954149879816,0.3024440762181757,0.11085650663562092,0.03402126513774716,0.002282737020474408,0.0
344,0.3948710646158765,0.3835450624793871,0.14122277811725395,0.07407137953759373,0.005993721944772407,0.00029599330511616257
345,0.6265813482590135,0.0,0.02270801810233023,0.1651627499706653,0.1710731342725204,0.01447474939547077
346,0.7242440044318742,0.05271485632120239,0.09290206452035976,0.12272527807180224,0.006624139120102894,0.000789657534658414
347,0.6630425351670425,0.08986390160964175,0.12647059386135984,0.1044943169965029,0.01612865236545291,0.0
348,0.46513958072135086,0.3700774985237075,0.1033611637304081,0.05741156769582551,0.0034396446036166527,0.0005705447250911952
349,0.6762276092527972,0.018669629700173593,0.014188410708330467,0.09313283877314407,0.1833119144592825,0.014469597106271949
350,0.40974638596275925,0.34760174868718735,0.13481940279676094,0.10257757381884823,0.004863978483036835,0.0003909102514073478
351,0.8522519408820569,0.04919783091664012,0.03860822013587887,0.05645916446951597,0.003482843595908135,0.0
352,0.632314837364084,0.2301184793897436,0.09799522407263193,0.03747961672109204,0.002091842452448342,0.0
353,0.6596603836545696,0.13245260696991054,0.07675353840221306,0.1186814794709409,0.012451991502366056,0.0
354,0.7679746836542312,0.21511030642886275,0.012487901350146666,0.004427108566759506,0.0,0.0
355,0.8268293702677442,0.04503246804435334,0.04685353371050094,0.06881469050251045,0.012469937474891123,0.0
356,0.6510728560547969,0.26848329774198293,0.055180629693728334,0.023692137764870478,0.0015710787446213854,0.0
357,0.8498212798869945,0.07493713387356662,0.02219382141503854,0.04347796736370445,0.009569797460695847,0.0
358,0.5191663156446573,0.04174060701610749,0.013302659238417334,0.12046077705741841,0.2619354539230957,0.04339418712030358
359,0.3713105693882587,0.38520140515158047,0.14966464883482608,0.08280970674458561,0.01022927834646804,0.0007843915342812826
