,C1-Rep2,C2-Rep2,C3-Rep2,C4-Rep2,C5-Rep2,C6-Rep2
0,0.4878042358031117,0.41232969684346116,0.08323221982744305,0.015994153547007166,0.0005326211474907727,0.00010707283148626573
1,0.5757520005042472,0.3658544492358826,0.0518628579805053,0.006246937214477706,0.00022689755757297156,5.6857507314082976e-05
2,0.5188983462460921,0.3866094890806477,0.07813432424830212,0.01569172920391093,0.0005479927644164377,0.00011811845663058135
3,0.44965039359295617,0.43232362934301033,0.09520953404409235,0.021873641473891356,0.0008793386459717945,6.346290007785518e-05
4,0.21121040301638416,0.48780649579810403,0.20144996465498285,0.09328071081730892,0.0059195276034459945,0.0003328981097740373
5,0.7708812521120517,0.21628127950121984,0.012464654925883658,0.00037281346084491735,0.0,0.0
6,0.8378402797529779,0.1548237877926573,0.006519808431422882,0.0006489419874151669,0.0001469368775407922,2.0245157985974448e-05
7,0.0,0.7576430577139183,0.17974748918561514,0.06043603554416011,0.0019386016385425828,0.00023481591776395363
8,0.3326749219877101,0.4378363050246465,0.16408563978170115,0.06137638128633655,0.0038311980793524357,0.0001955538402532758
9,0.5052971523294109,0.36341596225667816,0.09575905118973421,0.0331408396540256,0.0022756548990373604,0.00011133967111387496
10,0.52055815888035,0.32971522056099273,0.1068901577965033,0.03967972605376003,0.002934829266895805,0.000221907441498115
11,0.7031179294604956,0.27220970686236545,0.02256663996547869,0.0016500932144205983,0.00045563049723972823,0.0
12,0.5606876465168815,0.3497549696120493,0.06831061504480004,0.019904625116237036,0.0012207397019703907,0.00012140400806144502
13,0.19094088133334935,0.5627305033310054,0.1888234848958387,0.05469173418858147,0.002462813287755306,0.0003505829634697675
14,0.1812232288869277,0.3901478534231479,0.22113990036595912,0.18381904583291153,0.022539909196672096,0.0011300622943816127
15,0.5346216072118164,0.39470807185483675,0.059198072379269356,0.009550020791128983,0.0016418360301939767,0.0002803917327545485
16,0.0,0.5140393467537728,0.2685981387727269,0.2010543949628746,0.015549201027922722,0.0007589184827028649
17,0.7046210396548928,0.266511932835783,0.025921437561228253,0.0022223762092077972,0.000669601039690726,5.361269919758267e-05
18,0.24061689770777442,0.5526454949508548,0.15252972962790373,0.05044379868825746,0.00348357606427576,0.00028050296093388034
19,0.46461657875671447,0.3944122753966708,0.10489898458889974,0.0339986952827654,0.0018628304767380627,0.00021063549821138638
20,0.4411141369482025,0.47796283506610004,0.0662497569304479,0.013585176398225988,0.000990604121013819,9.749053600980325e-05
21,0.21928389678805033,0.48658554748052757,0.19839578938178065,0.08501099361561815,0.010127294154116227,0.0005964785799071236
22,0.34207484434526303,0.468340780338317,0.1417176319340449,0.0456892268178986,0.0018008917930296556,0.0003766247714467095
23,0.2633572296004266,0.40378195409413653,0.20528150101646367,0.11894114878296425,0.008117174980672479,0.0005209915253364902
24,0.504995636883359,0.33952247499066907,0.1000445375717574,0.04993137168145565,0.005341141006544647,0.00016483786621429325
25,0.46613102078560203,0.38907826404093004,0.10651443075032666,0.03539486928223409,0.002469337093428782,0.00041207804747841244
26,0.7889218076441414,0.20216029385628875,0.007760682843217061,0.0006948665827716389,0.00041889500979562695,4.345406378520222e-05
27,0.6346399570784494,0.2706974251709006,0.06936765953154368,0.023699415164830887,0.0014001989163611847,0.00019534413791407506
28,0.2847231671120534,0.5290881033450829,0.1494098708791295,0.03564995264061827,0.000983690785409253,0.00014521523770661955
29,0.4369681597079123,0.385551424871266,0.11648406913511922,0.05602910644696805,0.004648863241435202,0.0003183765972993888
30,0.8994191133552999,0.0958231661619575,0.004154295223915693,0.00040073598870265885,0.000202689270124371,0.0
31,0.2845888976715415,0.5403144162438128,0.12964835182084467,0.04293267869398358,0.002386636230027817,0.00012901933978955784
32,0.35619200855981636,0.5052375282144912,0.11191833626387299,0.0266521269618194,0.0,0.0
33,0.3220141772683886,0.5148359178632054,0.12419090432792557,0.0349658647589689,0.0034504478881062024,0.0005426878934054584
34,0.2983712598037592,0.5610186217785929,0.12179308270313546,0.017407335044235545,0.0014097006702769646,0.0
35,0.2451586004055997,0.5811652915627161,0.12238440284635874,0.0476394762037684,0.003463285063696442,0.0001889439178606556
36,0.6029485362825531,0.29568445778222907,0.07093657929924048,0.02846835245650433,0.001870957926385629,9.111625308733229e-05
37,0.5525114572976627,0.37440320179619285,0.05791422371622662,0.013947480509163095,0.0012236366807546392,0.0
38,0.575147034457906,0.2889464690708429,0.09455065228794123,0.039441238614577406,0.0017345227916401864,0.0001800827770921446
39,0.6519985280782573,0.28076348005221047,0.053155241666282084,0.012896200025657582,0.0011865501775927773,0.0
40,0.5931025843457296,0.370077791962454,0.033254805444665594,0.0029494694156796853,0.0006153488314711522,0.0
41,0.5078450853356874,0.3596243120198166,0.09878158170767416,0.030450643111822644,0.002942346967342411,0.0003560308576567961
42,0.7313678738793845,0.23524361391045298,0.02933585021863348,0.003251256709627176,0.0007310252605642793,7.038002133767043e-05
43,0.5801498461531805,0.37523129553954904,0.040294851865722424,0.004170795045853345,0.0,0.00015321139569470313
44,0.37802823649634903,0.44659863927504795,0.12652951378290678,0.04469530285165059,0.003989391241461015,0.0001589163525846783
45,0.3302649578788444,0.5364859460352184,0.10655962892001254,0.025456060237076545,0.0010649643505676813,0.00016844257828049696
46,0.5024302930254672,0.3832279637723423,0.0790745259346841,0.033105749467990005,0.0019604867934568822,0.00020098100605963628
47,0.3348812996385679,0.5392024973982765,0.09762810866884036,0.025135583473168317,0.0027767573843882434,0.00037575343675856003
48,0.1965759257299235,0.5099763369157038,0.19585556713896543,0.09064505319896096,0.0063010088982559265,0.0006461081181903303
49,0.5261679158600181,0.39796152270736024,0.06502594410660874,0.01084461732601294,0.0,0.0
50,0.3289427501809287,0.2990260334005661,0.1837848553816612,0.1709335214493094,0.016758620185745216,0.0005542194017893864
51,0.4503301475386966,0.406014024006257,0.10259734179531765,0.03818755675357142,0.002724666959572816,0.0001462629465846102
52,0.5411093697547867,0.3699348576930524,0.06845403486803069,0.01842220815611759,0.0016904111439633722,0.00038911838404895565
53,0.665199327976826,0.22671537030496677,0.07682039223876588,0.028793979359591902,0.00224475234510255,0.00022617777474689385
54,0.44749470926310786,0.4429999216487109,0.0864587814131232,0.021648357792680876,0.001222864877672366,0.00017536500470501695
55,0.38827804212046413,0.4795677512392646,0.1004492997258089,0.030030456915508617,0.0016744499989536702,0.0
56,0.5457622345879709,0.3614699630719886,0.07134407588402777,0.019594104293395826,0.001676049169315922,0.000153572993301143
57,0.9181620484013715,0.07061588710254635,0.007699987213699124,0.00294402009311103,0.0005780571892720424,0.0
58,0.3237756413407022,0.40004961863356636,0.17337966281526015,0.09523697777981358,0.007165609685779611,0.00039248974487811095
59,0.39696803107174733,0.4605993820041348,0.10521738159697464,0.0331805639160217,0.003809682910871224,0.00022495850025019748
60,0.46271016634218554,0.35301668838694095,0.12690054867989004,0.052397160868137636,0.0046133648505005,0.0003620708723452429
61,0.1704474459577974,0.5925464838589806,0.17447551643141332,0.05722642472985832,0.004956400853114555,0.0003477281688357548
62,0.0,0.6870969960937895,0.22760919617795727,0.07807217716797485,0.0066057410893527275,0.0006158894709257669
63,0.2665082985648117,0.2543020368156012,0.22170538731042155,0.2344004640850722,0.02218753040386818,0.000896282820225306
64,0.8266617280195065,0.16127882213528824,0.010952125701337363,0.0009516047263117325,0.00015571941755600715,0.0
65,0.4877341126617571,0.38048177800485483,0.08899055941544358,0.041653400473520244,0.001140149444424178,0.0
66,0.0,0.7670203813860733,0.17753391929653772,0.05251884550995684,0.0029268538074321325,0.0
67,0.6163465350681684,0.29045800276116646,0.0693774041852539,0.021801346590864062,0.0019100226939229587,0.00010668870062431816
68,0.5484890696257182,0.3646790881200199,0.07223907510193474,0.013138658424327944,0.001279724230708771,0.00017438449729034159
69,0.5468358236620335,0.3615515392904028,0.0711838760063768,0.019218323204657415,0.0012104378365295266,0.0
70,0.2429957593957382,0.3855074447922429,0.22724732516083776,0.12871455193913744,0.015111479873735439,0.00042343883830824264
71,0.511090607243606,0.33507423953665866,0.10714498451105162,0.04325195464413183,0.003149335532033294,0.0002888785325186282
72,0.16607952333312537,0.5946201450500561,0.16926606492227733,0.0642047722712932,0.0054100064457756804,0.000419487977472312
73,0.8193464944569896,0.17110445886539846,0.008444647239270032,0.0007846424914573793,0.00026846838749559356,5.128855938885727e-05
74,0.342708308260118,0.4616286813737321,0.13604496892636542,0.05561743687796976,0.0033707344080896842,0.0006298701537249834
75,0.46811205905283426,0.2497848750954201,0.14476226489472097,0.12184557753298156,0.014885946115757389,0.0006092773082857304
76,0.3286021759958293,0.5081221694483419,0.11557598000069758,0.04368785701127385,0.0034531691371476273,0.0005586484067097033
77,0.7728299140555603,0.13555607586743187,0.05077674954410435,0.03845282190777495,0.002270189150104007,0.0001142494750248359
78,0.5780271200180751,0.2959338952053876,0.08725750330499964,0.03601329192106452,0.0026343765032223136,0.00013381304725075286
79,0.30929951617589013,0.48881049030077167,0.13873383566135322,0.05996459924546147,0.002897092453677669,0.00029446616284599494
80,0.4486972959623769,0.37759289450684963,0.1252448373490441,0.04174741538273889,0.0067175567989905625,0.0
81,0.5726026257470487,0.29330799136414504,0.08872548200389767,0.04214894375181063,0.003096448043996589,0.00011850908910163595
82,0.0,0.7351821517213735,0.20399572790008322,0.05607909949837873,0.0047430208801646665,0.0
83,0.0,0.75663038111509,0.1797160662703173,0.06018411897814178,0.0031851280604746728,0.000284305575976415
84,0.21113043197737613,0.5835018816618981,0.13603860081046426,0.0633715497144383,0.005721059293287097,0.0002364765425362396
85,0.7357609315221121,0.10288161947233361,0.05944853560650362,0.08785508693184828,0.013758983510959798,0.00029484295624246685
86,0.12901164167696952,0.5501942387522942,0.2049962942048977,0.10626848362435415,0.009130560848385386,0.00039878089309901
87,0.6144507213963797,0.33653495570158637,0.03987532104568488,0.008272566390986912,0.0006992974770785911,0.00016713798828359416
88,0.22348248675787366,0.5138233298993885,0.19223487950197396,0.06694632065880134,0.0033458108882865926,0.00016717229367590363
89,0.9691465172710142,0.02378505659458649,0.0006410495217075281,0.0009950646772674187,0.0033015527228616314,0.0021307592125626115
90,0.9201323253051457,0.07866699133570781,0.0007931597448831774,0.0002561442103354813,0.00015137940392794083,0.0
91,0.658204018809273,0.2529104067234579,0.07045462705775103,0.017197574816546452,0.0012333725929715978,0.0
92,0.4725806983411291,0.3820248931916052,0.1148834487442865,0.0278360264114124,0.0022158346141916674,0.0004590986973750838
93,0.9117885320707081,0.08694373965630993,0.0010399465998604071,0.0,0.0001961870935204798,3.1594579601032895e-05
94,0.6244679646515944,0.23037484694697347,0.08925293954386143,0.051075149786910905,0.004602615338713045,0.0002264837319467488
95,0.5637316137586891,0.2998769711013362,0.08771219369558286,0.04563317459437496,0.002921456653086844,0.00012459019693005085
96,0.2694549964799186,0.6025097209279152,0.11334867278245105,0.014320134806298372,0.0,0.0003664750034166197
97,0.5683244296294753,0.3330931959989089,0.07518863547283836,0.02125431079252346,0.001999866712775331,0.00013956139347860562
98,0.49292558092327193,0.3402299587338082,0.11560812351863639,0.04667622883190257,0.004314291564227627,0.00024581642815334204
99,0.34221303821272064,0.45401666472219665,0.1507150219936601,0.04934306749969619,0.003712207571726389,0.0
100,0.8100664618118317,0.1831096158225981,0.004808503025263226,0.0017474038080477635,0.00026801553225921145,0.0
101,0.31117775400377606,0.5276994094871529,0.11637021474713091,0.04224408121897619,0.0025085405429639196,0.0
102,0.3940583328113193,0.3255831696377114,0.1493097780660995,0.11758379249504851,0.012928983953878601,0.0005359430359426946
103,0.0,0.5358572448549271,0.25517048532572156,0.1887970491939524,0.019649466881541455,0.0005257537438575255
104,0.8493679759241438,0.1419346963753599,0.00869732770049621,0.0,0.0,0.0
105,0.0,0.8220652965743712,0.14949116727166895,0.026532348157954657,0.0019111879960052613,0.0
106,0.32070233863453457,0.4879249160162629,0.14335286033597558,0.04483794974820618,0.0031819352650207054,0.0
107,0.3917566453152795,0.4112709175669675,0.13470627970912372,0.057447733226115946,0.00448721634852841,0.00033120783398488715
108,0.0,0.6136238705630227,0.23844890745354755,0.13760885370474416,0.009824200020319761,0.0004941682583658697
109,0.5013217400639595,0.34100124507215857,0.12053892983111981,0.034221002524476254,0.0029170825082858337,0.0
110,0.6460486793559139,0.2717635172046912,0.05667768353837369,0.01938137031355921,0.001229236779826395,0.004899512807635497
111,0.35675275779631244,0.492176671792774,0.11118277285275019,0.03636623756034819,0.0035215599978152073,0.0
112,0.0,0.6304748095843954,0.20101933845174094,0.14964297594157241,0.016465490415381666,0.0023973856069096026
113,0.0,0.7841095488576904,0.1642110393612356,0.047542205026175705,0.004137206754898437,0.0
114,0.4156584840539224,0.4201939361545449,0.12898806456137202,0.031367929917669554,0.003627939892751137,0.00016364541974019756
115,0.5240245209688335,0.4070026069631798,0.05731031582124099,0.011662556246745831,0.0,0.0
116,0.0,0.6054148505392082,0.22553019983999945,0.1579275879077112,0.010498749087511465,0.0006286126255697487
117,0.5239114976445942,0.34054798177642814,0.0987074541257135,0.03405188594425462,0.0026214707682642208,0.00015970974074540703
118,0.6717519309861395,0.26130867735169455,0.051434499227413374,0.014602344543709855,0.000902547891042678,0.0
119,0.5562865022140664,0.34873113460598076,0.07869368945184915,0.0147250813477834,0.0015635923803201737,0.0
120,0.2802876674835451,0.47122195933582167,0.1702689447600084,0.0732423695873847,0.004753799508757409,0.00022525932448278204
121,0.3512539369982779,0.459510020901159,0.1293575751042477,0.05421524248557338,0.005663224510741744,0.0
122,0.5313287932258051,0.28342137675011336,0.13247766937269498,0.04818070156162327,0.004283274759528123,0.00030818433023516916
123,0.39503625369961065,0.37559372383203593,0.15623226872408458,0.06676132373572376,0.005938128295850031,0.0004383017126949671
124,0.0,0.7525547024617003,0.16899532184540036,0.07193254258323481,0.005864575912994582,0.000652857196669816
125,0.0,0.6631676767351157,0.23368787464001278,0.09590011170377466,0.007244336921096915,0.0
126,0.6452389642997707,0.226293766956368,0.07260699851926691,0.05339998773696824,0.0023312289870770224,0.00012905350054925172
127,0.0,0.7255736827494574,0.19001564042519667,0.07728033253253119,0.006633797746661135,0.0004965465461536152
128,0.3648166368681353,0.4999381576406197,0.10166708762575362,0.03003665833852255,0.0031025376376632298,0.0004389218893054671
129,0.4731629441782084,0.378546661703523,0.10412534454763166,0.042276020831015095,0.0016842691732668522,0.00020475956635485342
130,0.6394132034120802,0.21393008117426907,0.09271551030280198,0.049602193050448835,0.004123672528200522,0.00021533953219941314
131,0.5185133857520624,0.38677470095739014,0.0769002427858466,0.017526585856006492,0.0,0.0002850846486940697
132,0.3664988463919139,0.42481003852214266,0.14774303709699868,0.05674448451981829,0.003489133452581046,0.0007144600165452816
133,0.6821254344503962,0.23719616168390711,0.059524045047711305,0.020020454836169994,0.0009112483925526566,0.00022265558926258975
134,0.0,0.7929814284153932,0.16651829588485265,0.038787836408917635,0.0017124392908366946,0.0
135,0.0,0.6024252569603239,0.23615573037000523,0.15002515786294598,0.011081123176375657,0.00031273163034924455
136,0.47119523471898417,0.1740742238497756,0.1570300915513073,0.17211187908544529,0.024961648537732518,0.0006269222567551941
137,0.0,0.6412953663125298,0.22123582945986345,0.12550185991063986,0.00975534418261831,0.0022116001343485386
138,0.5998178937986942,0.29854052956252186,0.06865163960026116,0.030283348054798563,0.0024786481028684954,0.0002279408808557189
139,0.0,0.6666321658209884,0.254224940239742,0.07361115698762183,0.00518274762831697,0.00034898932333085717
140,0.5305393665678336,0.3862309549828622,0.07329181649678404,0.009937861952520272,0.0,0.0
141,0.3688816754806537,0.44118053758331793,0.14827781524235026,0.036361024752721655,0.004976424697530311,0.0003225222434260617
142,0.0,0.8393160420723034,0.13723840380083338,0.023445554126863187,0.0,0.0
143,0.0,0.5620999703278029,0.2482384306325915,0.17640935689053872,0.01249087402393072,0.0007613681251360861
144,0.5869338144779523,0.37298690946346585,0.035375364761873786,0.004109090224358202,0.0005948210723499745,0.0
145,0.6356322092052896,0.3358551932434441,0.02637316249659239,0.0021394350546739475,0.0,0.0
146,0.709293789497608,0.2329691640231763,0.045587149029657326,0.011358845651744023,0.0007910517978143675,0.0
147,0.3750957112188309,0.4151339473949604,0.14673857888077954,0.058075524625107754,0.004628282553930734,0.00032795532639066054
148,0.6298063526061611,0.3192122509035464,0.038689863643331976,0.010564379576643043,0.0014743935748487698,0.00025275969546851234
149,0.39455706060373896,0.33885169893650274,0.1467615124226459,0.10447052548879535,0.014792768916147262,0.0005664336321697482
150,0.6457987677826152,0.30182240521776726,0.042436077548840954,0.009221562611066842,0.0007211868397096606,0.0
151,0.4083655599679021,0.44883095255955097,0.11102510008533811,0.030042475139382206,0.0014780471609961948,0.00025786508683053866
152,0.6279082437198452,0.25705013094909174,0.07843229578957199,0.03404043233471701,0.002352552318185051,0.00021634488858893677
153,0.4966212809368139,0.3299329692152862,0.11217462994833685,0.056832590775249714,0.00427701210339745,0.00016151702091600153
154,0.0,0.7439415575222277,0.19470080583005356,0.05880343904962293,0.0020232219650615606,0.0005309756330343589
155,0.0,0.9215828238717824,0.07841717612821761,0.0,0.0,0.0
156,0.0,0.8251985630555385,0.13223040118499446,0.03944676291395203,0.0031242728455151093,0.0
157,0.0,0.8294044227338376,0.15219691821064202,0.0183986590555203,0.0,0.0
158,0.3453343828905383,0.47634380583825553,0.12628142531839445,0.047338921669561565,0.004338533189400812,0.0003629310938494876
159,0.0,0.7837595418737794,0.15938752615265428,0.054592415930258806,0.002260516043307451,0.0
160,0.45356707279337294,0.33412770058680125,0.13741051385157058,0.0704485414099874,0.004280667369959477,0.00016550398830827726
161,0.30620812479277615,0.48561267334308095,0.12690874373514607,0.07659334157883109,0.004677116550165743,0.0
162,0.23001373887687887,0.4620504757730492,0.1838389693701462,0.1139606188541175,0.009677376095574659,0.0004588210302334542
163,0.0,0.7586767479198604,0.18088456765142089,0.05776467708486908,0.002674007343849699,0.0
164,0.28493096679234076,0.4068966363371707,0.22453170365719863,0.07653984576072963,0.006750231175177815,0.00035061627738246025
165,0.0,0.6216102457506744,0.25018378828418336,0.11636871060367977,0.011102536560556145,0.0007347188009064159
166,0.0,0.7520118585565427,0.18553431050567093,0.056650484551667275,0.005803346386119081,0.0
167,0.7288810355499407,0.2091770555856355,0.04765896792914182,0.012926980131665853,0.0013559608036161704,0.0
168,0.0,0.3149855489465863,0.23217382723422803,0.35892302774080015,0.08846588586477329,0.005451710213612091
169,0.7740101665545712,0.19436909247606013,0.02690066149135736,0.004327269470121748,0.000392810007889546,0.0
170,0.4463554162063916,0.2638916193528961,0.1485485748933691,0.12187144555510146,0.018628742542698105,0.0007042014495436816
171,0.7557134476502367,0.12850579587353525,0.05551837495498853,0.05234247529340453,0.007646614179677445,0.0002732920481573574
172,0.0,0.6949028535898981,0.2121083991934727,0.09078572050445376,0.0022030267121753086,0.0
173,0.5475449817283534,0.3978035672263024,0.04250716313774277,0.010504801978953858,0.0016394859286474846,0.0
174,0.6789240744809434,0.22622596125791827,0.06932431936186316,0.02164324519054753,0.003882399708727649,0.0
175,0.6041303855256737,0.38072669948493193,0.01514291498939435,0.0,0.0,0.0
176,0.6317518625305484,0.25731058836071835,0.07589674226269301,0.031146893151676062,0.003893913694364292,0.0
177,0.0,0.7484424858536436,0.16514745382396426,0.0811891661079331,0.004411285993485267,0.0008096082209737764
178,0.7588707908666609,0.2304305461858892,0.010257092488166891,0.0,0.0004415704592830437,0.0
179,0.5296791832371948,0.345541913706099,0.09621527552166005,0.027066363037896522,0.0014972644971496566,0.0
180,0.0,0.8591473981420581,0.10457899283473136,0.034338473328480265,0.0019351356947302405,0.0
181,0.20334199844317413,0.5253296661703769,0.17729620819090058,0.08636088414882165,0.007067845193772483,0.0006033978529540313
182,0.0,0.6540487080732418,0.2372962306804376,0.10297896407788819,0.005676097168432587,0.0
183,0.2177928240366567,0.3829431080657289,0.20688811227635237,0.17043537282912904,0.02157031861548176,0.0003702641766511896
184,0.3967657590080413,0.3839221687361117,0.1407212902158494,0.07294316043147378,0.005294073999209824,0.00035354760931411333
185,0.0,0.7427916781635034,0.1978484902665177,0.05395064736031524,0.005012159705779201,0.00039702450388436354
186,0.5086326920469232,0.30949024047872403,0.1277817961100484,0.050019450831152716,0.003820166012324096,0.0002556545208277456
187,0.7795853812667739,0.19946437869793207,0.016645872473261915,0.003207059916975599,0.0010973076450562828,0.0
188,0.0,0.7348025812984922,0.18117679119531677,0.07912081139758363,0.0048998161086073605,0.0
189,0.0,0.7446731259734979,0.16496955576528868,0.08475650656196616,0.005600811699247308,0.0
190,0.36979387753830856,0.40768193242385325,0.15427186853358624,0.06452350055297174,0.003406938124259084,0.00032188282702122294
191,0.586863884981691,0.35071531779564125,0.051485416836164505,0.009275269030289315,0.0014692445729649823,0.00019086678324905254
192,0.0,0.7223820546885568,0.1862700349732622,0.08278674875683505,0.007989327723527064,0.0005718338578189108
193,0.6477235538784396,0.2330715820656082,0.07582280315712607,0.040734055768418966,0.002277081764085429,0.00037092336632187154
194,0.4326656803239686,0.3687909751129362,0.14385086003510042,0.05151599681773656,0.003176487710258153,0.0
195,0.49058850380301416,0.39253454058494147,0.08885671878047809,0.026225599291645026,0.0017946375399211893,0.0
196,0.3783766638809597,0.42777081485775365,0.1384018415661813,0.0522157369639499,0.0029776352196969826,0.0002573075114583708
197,0.0,0.8117287876900151,0.13993781212381953,0.048333400186165304,0.0,0.0
198,0.0,0.7379522800165401,0.21509240321635065,0.04368926925336293,0.0032660475137463547,0.0
199,0.0,0.7233619749897034,0.1604063125265058,0.11192203678036321,0.004309675703427532,0.0
200,0.0,0.8791304707851638,0.10556144235345212,0.015308086861384086,0.0,0.0
201,0.6736234652000631,0.27547330769755735,0.04546803155445389,0.004259789789154187,0.0011754057587715007,0.0
202,0.0,0.6186052247754948,0.2258255146734085,0.1457242709063602,0.009844989644736492,0.0
203,0.7232460821645119,0.23332094001481885,0.03448013078422233,0.008798780093170987,0.0,0.0001540669432758668
204,0.9401922715716118,0.05935569084572145,0.0,0.00032917147803350586,0.00012286610463328455,0.0
205,0.0,0.6935924740337265,0.23563116542807094,0.06751103493397889,0.0032653256042236697,0.0
206,0.803385362277153,0.15119474520166698,0.03721817228924419,0.007725899985090067,0.00047582024684571223,0.0
207,0.5887984852302982,0.33724822369198504,0.06171782819524726,0.01223546288246948,0.0,0.0
208,0.6103273820007538,0.3017640513891468,0.07046246463588517,0.01627906611708562,0.001167035857128638,0.0
209,0.37515825186547336,0.44442567377324266,0.11417386077907944,0.06152899472061248,0.004713218861592076,0.0
210,0.0,0.794286619686179,0.16931278386496,0.030363711219656843,0.006036885229204236,0.0
211,0.0,0.6769315673172873,0.24022309930859356,0.07454401033753533,0.008301323036583756,0.0
212,0.6727223535542856,0.25130922011047907,0.05837903775110406,0.01588273688016646,0.0017066517039649425,0.0
213,0.48755924620378976,0.25065383040095346,0.114605061819473,0.12957694845485962,0.017114211793144554,0.0004907013277796998
214,0.4713326283950136,0.40385289794702095,0.09160522074295606,0.03320925291500936,0.0,0.0
215,0.0,0.7374408724469574,0.18824048470709823,0.0691357901406728,0.005182852705271472,0.0
216,0.27781307444155673,0.5901387101061375,0.10313458271763676,0.02774052295937031,0.0011731097752985904,0.0
217,0.0,0.6747734700745278,0.21634053415038307,0.10078499067666959,0.007703864440926839,0.0003971406574926278
218,0.0,0.7908954678447173,0.14513046896466592,0.059230936169295846,0.0047431270213208945,0.0
219,0.8877189351234258,0.0914709483639201,0.01881817108572719,0.0019919454269269063,0.0,0.0
220,0.5212179829751428,0.268869181830168,0.09588832085955831,0.10082057574176147,0.01249505078432171,0.0007088878090477512
221,0.0,0.600327367713913,0.2730618333678732,0.12089087964371742,0.005266411082067063,0.0004535081924291562
222,0.0,0.8307998811961006,0.12956344493083535,0.034170489167076754,0.005466184705987222,0.0
223,0.0,0.7477416953271779,0.18803083297331655,0.06065410232168834,0.0035733693778171958,0.0
224,0.0,0.5360936659159868,0.27802557230071606,0.15983257381714142,0.024535391270497902,0.0015127966956577526
225,0.0,0.8990318778005246,0.0834295353699495,0.0135613782269435,0.003977208602582473,0.0
226,0.0,0.5534986673372279,0.29019374485869376,0.1419365479030226,0.01346736243269226,0.0009036774683635479
227,0.0,0.8362808481253039,0.13718948627358435,0.025753741378936223,0.0,0.0007759242221755598
228,0.3468127140373656,0.453560374849252,0.1277134480796698,0.06635266585054499,0.0052132389655351165,0.00034755821763228126
229,0.0,0.5548084836128885,0.20801725706026192,0.21404777494276334,0.022486931329794246,0.000639553054291941
230,0.26397057670589374,0.4360217858391679,0.1957608835723984,0.09121750612211077,0.012646297506961193,0.0003829502534679539
231,0.920016937055318,0.07842084674332175,0.0015016006399381017,0.0,0.0,6.061556142222184e-05
232,0.6843760216586644,0.2763748356211437,0.03924914272019196,0.0,0.0,0.0
233,0.44596670628179896,0.3598283136164879,0.13692743475638758,0.05323730009438218,0.0040402452509431894,0.0
234,0.4290546192849405,0.30545540586724695,0.1357471705823806,0.11060324179018152,0.01714866098954921,0.001990901485701196
235,0.0,0.38466331694832584,0.28276278339826755,0.2823961110480554,0.04889882040163447,0.0012789682037167936
236,0.0,0.9098874313355667,0.07382161554686978,0.016290953117563657,0.0,0.0
237,0.5778537093251607,0.33813317188888864,0.06647992389266312,0.016128953031439436,0.0007141694489093029,0.0006900724129388869
238,0.6546929752770332,0.2662192154133975,0.05670276547342537,0.02121422724183894,0.0008689786867321746,0.0003018379075728124
239,0.0,0.642704621406456,0.20533714683051532,0.13813688861257417,0.013821343150454345,0.0
240,0.6052331841804831,0.35310033900084603,0.03481491541226033,0.0057635501420746985,0.0010880112643359217,0.0
241,0.8072974700925692,0.12750216622867355,0.041960188517508705,0.021737860127951016,0.001502315033297555,0.0
242,0.5616730879969812,0.30443309174460004,0.09450033564738822,0.03574764832922117,0.003645836281809278,0.0
243,0.4058001226218052,0.40323837080130187,0.12007543893572532,0.06487823030419278,0.00568588833408953,0.0003219490028852917
244,0.0,0.6271790662490975,0.24161603901154857,0.12324471921691237,0.007312481871763454,0.0006476936506780584
245,0.8557623665944945,0.12882376199907453,0.01321232426721745,0.002201547139213555,0.0,0.0
246,0.25453033921954854,0.5468765701595055,0.1628077674558621,0.03333372526269561,0.002451597902388251,0.0
247,0.8015458873842146,0.1748771339003792,0.018281694531698547,0.004196692298174853,0.0009572760642565658,0.0001413158212761345
248,0.0,0.6616660640668115,0.23286908348147828,0.09101080485051001,0.012845122166049112,0.0016089254351513305
249,0.37837342341939106,0.34082824045092514,0.12699173880184184,0.12833401428678107,0.0249381797093785,0.0005344033316823229
250,0.0,0.45865340779929786,0.276758725333198,0.23795685375073716,0.02550547559097381,0.001125537525793066
251,0.0,0.37487744123788436,0.23549159609499742,0.3239373721590042,0.06387559224757156,0.0018179982605424437
252,0.0,0.6422970436029869,0.23282365452311132,0.11700945608755751,0.007267541146443322,0.0006023046399009537
253,0.7194289128266576,0.21615068934409448,0.04909027885325841,0.014340200266993794,0.0009899187089957686,0.0
254,0.3537967963104045,0.4755206761709114,0.13225152156377143,0.03670535874483589,0.0017256472100766244,0.0
255,0.0,0.6134365353005826,0.20613739702872713,0.15795735301234867,0.02151934210482252,0.0009493725535190173
256,0.0,0.6125057658806157,0.20888634649317236,0.15689371935163052,0.020503456780924145,0.0012107114936572598
257,0.5242581966087143,0.3401094955798935,0.10244756773192983,0.0314597296407593,0.0017250104387028335,0.0
258,0.32886820851915777,0.3383552553121818,0.18939985837547868,0.13021370471056204,0.012532714131999077,0.000630258950620754
259,0.0,0.5825966834065466,0.25597056872931406,0.14623790176455156,0.014109635308402665,0.0010852107911850184
260,0.5311816109420571,0.38784219179567325,0.06690392024709592,0.01407227701517391,0.0,0.0
261,0.37450352368117845,0.46944523822441386,0.1232184672380032,0.030532551896601774,0.002300218959802535,0.0
262,0.31273592696865987,0.41376510398119554,0.1581199461589954,0.10402347255893793,0.011355550332211264,0.0
263,0.0,0.37497641537211174,0.2793984558164121,0.29632544462216664,0.04545549570222271,0.003844188487086955
264,0.0,0.7659379253336133,0.19381676216867924,0.037255268295911345,0.0029900442017960676,0.0
265,0.0,0.5306140845591705,0.250863316185856,0.18703633216794763,0.030198750653358582,0.0012875164336672797
266,0.5208915566023687,0.3413009107143134,0.09434528979245474,0.04042757345761907,0.0030346694332441383,0.0
267,0.0,0.6080437805375815,0.2242301413312854,0.14856559893824903,0.018415664695529573,0.0007448144973544275
268,0.32244141688075856,0.35570810178399465,0.19877621318649946,0.11395498582060758,0.008614961647390645,0.0005043206807490709
269,0.683822300325265,0.22187444225786587,0.07088765120818212,0.021933228556316398,0.0014823776523706568,0.0
270,0.3844794009986674,0.4712740249317534,0.09879369782006876,0.04112347555811248,0.004329400691397793,0.0
271,0.0,0.30924222537572105,0.2582052943026978,0.3589133177859301,0.07057007093540443,0.0030690916002465104
272,0.0,0.49523818018634114,0.22351606529972434,0.20882016637414672,0.06824324298424324,0.004182345155544542
273,0.43654141672600955,0.1913851677085684,0.1472271686690739,0.1950091718769407,0.028756499913796068,0.0010805751056114164
274,0.46042341343930826,0.33642555177966066,0.12568114452799753,0.07273308551844566,0.004736804734588052,0.0
275,0.0,0.7763594897431131,0.16387911677832742,0.055014608942060936,0.0047467845364984945,0.0
276,0.5949387466738041,0.33330630266332356,0.06256132653967166,0.008420632359883192,0.0007729917633174094,0.0
277,0.0,0.6375500137906045,0.22633621631518375,0.12807052313203454,0.00752732974929865,0.0005159170128785775
278,0.0,0.6567210050486967,0.2252140265883247,0.10799445448126001,0.009168221245792672,0.0009022926359260774
279,0.0,0.5459842271538284,0.20729874373900758,0.21300799717252356,0.03244327037823663,0.001265761556403845
280,0.5936597199260858,0.3221555573153241,0.0659221334168849,0.015186034654832346,0.003076554686872931,0.0
281,0.4584699469951183,0.2805941002794644,0.14365549747095085,0.10158241057564892,0.015145760453762407,0.0005522842250551293
282,0.0,0.6088852878266533,0.20521322070723202,0.16341083580083565,0.02055767328967017,0.001932982375608826
283,0.0,0.49908539951286857,0.3180979285414957,0.17189882938392867,0.010410831707363658,0.0005070108543436335
284,0.5453384325069103,0.40281331217695104,0.038683140409354735,0.01316511490678387,0.0,0.0
285,0.402767629527399,0.4094688841235702,0.10931467938135543,0.06610410542540042,0.01192733910162253,0.00041736244065254517
286,0.0,0.7786903699508738,0.19179975267765623,0.024142562824054095,0.0047202679523848075,0.0006470465950313264
287,0.0,0.6992923860410607,0.22736099952625183,0.06769751338658593,0.0048445405502862,0.0008045604958153035
288,0.5880794325148471,0.21952897590250633,0.11071309733645922,0.07514699228685404,0.006321022116633728,0.00021047984269960692
289,0.613968038076956,0.3255042576644216,0.05329489488504267,0.007232809373579871,0.0,0.0
290,0.3295255338668367,0.38822854911962207,0.18373813378240628,0.09144157117545666,0.006493544578171549,0.0005726674775067441
291,0.9109508929378544,0.0874125105949942,0.0010261486007375243,0.0006104478664138855,0.0,0.0
292,0.9213177718318583,0.07602338919461252,0.0015970157764716266,0.001061823197057591,0.0,0.0
293,0.0,0.5535580511756522,0.24605382917622515,0.17490083689650682,0.025095443615851,0.0003918391357648336
294,0.0,0.7584348827248815,0.1877668269136607,0.04993122930195829,0.002985581080712112,0.0008814799787874828
295,0.7715602107920471,0.21887687834964414,0.00956291085830887,0.0,0.0,0.0
296,0.0,0.7159478923224258,0.20356783562654582,0.07417856388336072,0.006305708167667687,0.0
297,0.44003510270389984,0.45872734641167573,0.07552879960258117,0.024289824792070355,0.001418926489772955,0.0
298,0.551989456578079,0.28574802764540974,0.09311764508645227,0.06335463204253156,0.005339795329063005,0.0004504433184644222
299,0.5297421945545373,0.32262506093527005,0.08982397910260097,0.05181265002094762,0.005741827886805619,0.0002542874998385032
300,0.3442062906109736,0.44546262375627416,0.16461356926003193,0.039969720344587824,0.00574779602813233,0.0
301,0.0,0.7813718833608361,0.15082489521260192,0.06780322142656184,0.0,0.0
302,0.0,0.7360378833296263,0.20118911669689493,0.05782660244769413,0.004946397525784665,0.0
303,0.6742651514243903,0.27634846655362705,0.042405863959425354,0.006172951002442398,0.0008075670601149517,0.0
304,0.4097136392770571,0.19457742498032285,0.15293328561604522,0.19627120996630423,0.041916969024722375,0.004587471135548334
305,0.5863321103228557,0.34090623701146444,0.05882533277479209,0.012855935740974612,0.0010803841499129635,0.0
306,0.4519039358650699,0.35369757989441697,0.13572910949293243,0.05592730337504453,0.002482041299776847,0.00026003007275940057
307,0.0,0.6214115460906381,0.2389776040678854,0.12381841051095918,0.01478507837056231,0.0010073609599549564
308,0.5728244617091428,0.3106280024488558,0.07992267616174134,0.03355821950389902,0.0030666401763610697,0.0
309,0.37820227190997174,0.3794153612169424,0.13875100223944578,0.09470878832180525,0.00853679293232512,0.0003857833795096549
310,0.5136914931963759,0.3312936896435778,0.10855870361467064,0.04194225072201443,0.004198342867779281,0.0003155199555817337
311,0.0,0.6174305173365326,0.23634498116036284,0.1356144601286515,0.00985128901043973,0.0007587523640133817
312,0.0,0.8128932034440167,0.15292309119875278,0.034183705357230476,0.0,0.0
313,0.8582300853299345,0.11316358492368643,0.02136541336837185,0.0072409163780073225,0.0,0.0
314,0.37459257351504266,0.410119285751827,0.13879007305827848,0.06892471322690291,0.007573354447948926,0.0
315,0.6192537790481861,0.15645793622114104,0.09746924856500996,0.11030798794702859,0.015981959794940413,0.0005290884236937602
316,0.0,0.5809852736538,0.2814547373823473,0.12747386661918683,0.010086122344665889,0.0
317,0.7929852556179305,0.15043492845236883,0.0427827005741871,0.01318829607729729,0.0006088192782162784,0.0
318,0.7315400166867658,0.2274702552302821,0.03153773719973944,0.008419290036102315,0.001032700847110134,0.0
319,0.43886849585834015,0.4387093538431734,0.09412286937673918,0.028299280921747296,0.0,0.0
320,0.0,0.5228897454305839,0.2451277231434556,0.20276804018302833,0.028387633884228873,0.0008268573587034201
321,0.5851779345611879,0.30641062465460905,0.07645992253014704,0.03195151825405582,0.0,0.0
322,0.0,0.7612262973598853,0.18801859729314493,0.05075510534696973,0.0,0.0
323,0.6089711290874399,0.34653967558567284,0.044489195326887235,0.0,0.0,0.0
324,0.6163742285874958,0.2956620669321285,0.06999234260906279,0.01617136427329659,0.00145607717672393,0.00034392042129243675
325,0.648754260105005,0.2582248943773001,0.07053439342858074,0.02248645208911421,0.0,0.0
326,0.8223613499566993,0.10188294432330444,0.036606404363364396,0.03563487301790385,0.0033366597184695456,0.00017776862025842003
327,0.43224464491077336,0.4475196157159681,0.1006841386016604,0.017781688937883292,0.001769911833714911,0.0
328,0.829710947539012,0.0904244070720009,0.04265865853409294,0.03305479207351589,0.004045608180464745,0.00010558660091347079
329,0.6498849132566548,0.223424346166126,0.09350855650400859,0.03240603478247924,0.0007761492907315514,0.0
330,0.691000863791326,0.22731323444322596,0.06402354438648579,0.015616065418601865,0.002046291960360376,0.0
331,0.7571331735448059,0.12565606477913485,0.04486492825085153,0.06180413938631313,0.010337600106490749,0.00020409393240383415
332,0.6265677849627305,0.2885640527609299,0.07675976506214793,0.007170347281245926,0.0009380499329458339,0.0
333,0.4325951796105921,0.3175332751187411,0.1575725037674378,0.08456711111536395,0.00773193038786507,0.0
334,0.0,0.5666978363024001,0.3083279633657809,0.11558513311414154,0.009389067217677547,0.0
335,0.0,0.679454358392925,0.20375860920700334,0.10917168934840427,0.004946354572350911,0.002668988479316548
336,0.0,0.7338884986739309,0.20989520807601328,0.05621629325005588,0.0,0.0
337,0.0,0.6199730585337119,0.2568622024843474,0.11050628228333147,0.011874259227525654,0.0007841974710836799
338,0.0,0.601217313397687,0.20766917962344703,0.1253658232392608,0.03026944486159678,0.03547823887800855
339,0.3574275365912391,0.5402004366571374,0.06868681740255138,0.03368520934907222,0.0,0.0
340,0.0,0.7404078638840716,0.19363568152666327,0.065956454589265,0.0,0.0
341,0.0,0.7360628382239033,0.18578606077765794,0.06857141860282095,0.007695525986639441,0.001884156408978448
342,0.7336315577085104,0.20707754335430817,0.04941375898708975,0.00987713995009162,0.0,0.0
343,0.5938021647214955,0.2979711720824886,0.07780289204105391,0.03042377115496208,0.0,0.0
344,0.0,0.8011891453599324,0.157520757604517,0.030573379175127518,0.010050569650415236,0.0006661482100079693
345,0.2812401182763316,0.33468825629937204,0.20414605918204573,0.15170981810904335,0.02599722796106232,0.0022185201721451994
346,0.0,0.6376655855611013,0.25141253419242754,0.10381756590803175,0.00710431433843925,0.0
347,0.5248803952216069,0.31106625203016064,0.09238428613367926,0.06454206593377945,0.0067700662257719054,0.0003569344550018217
348,0.49233381892065786,0.3790512787681874,0.112187840496058,0.016427061815096653,0.0,0.0
349,0.0,0.7233909335208338,0.16699962127892956,0.10339939083853558,0.006210054361701247,0.0
350,0.42146110748862947,0.4372401033497713,0.11564118804026714,0.02303089822715372,0.0026267028941782886,0.0
351,0.0,0.7931255596892074,0.16085966185858033,0.04601477845221244,0.0,0.0
352,0.6995229450037865,0.16900148075821003,0.09316160748762854,0.033672302503345464,0.004237647921468851,0.00040401632556058483
353,0.663316207067028,0.20890266835295943,0.08008224646493879,0.04114390328879539,0.00632943734095904,0.0002255374853192829
354,0.5823124888761596,0.2622654350068832,0.10681644116001802,0.04502904316875855,0.00357659178818045,0.0
355,0.5968417797712808,0.26662378441781087,0.08401611527475526,0.05068540483440275,0.0018329157017504267,0.0
356,0.0,0.8504653195733516,0.11688566033973087,0.029036332563820298,0.003612687523097059,0.0
357,0.0,0.5309007440462287,0.3264813172247441,0.1278189359513495,0.013587178552691127,0.0012118242249867502
358,0.5093173685520808,0.36669675198613316,0.10315852376501711,0.018285650793301245,0.002541704903467847,0.0
359,0.8396920304502825,0.12349963228351252,0.02191008461126108,0.012947686361659242,0.0019505662932845537,0.0
