Sequence,PercentGpA,PercentStd,Sample,Geometry,Interface,Seed,HBONDDimerOptimize,HBONDDimerPreOptimize,HBONDMonomer,IMM1DimerOptimize,IMM1DimerPreOptimize,IMM1Monomer,Monomer,MonomerSasa,OptimizeSasa,PreBBOptimizeSasa,Total,TotalPreOptimize,VDWDimerOptimize,VDWDimerPreOptimize,VDWMonomer,endAxialRotation,endAxialRotationPrime,endCrossingAngle,endXShift,endZShift,endZShiftPrime,firstRepackEnergy,preOptimizeAxialRotation,preOptimizeAxialRotationPrime,preOptimizeCrossingAngle,preOptimizeEnergy,preOptimizeXShift,preOptimizeZShift,preOptimizeZShiftPrime,replicateNumber,Directory
SYLLVLLLGALLGFL,0.6682015420372012,0.0457341008893523,G,AAASYLLVLLLGALLGFLAAA_2,1.1001100110011e+17,1.0,-77.7686,-77.8056,-44.9843,-224.71,-224.577,-253.409,-323.429,4145.41,3286.72,3189.97,-46.9985,-46.4339,-67.9484,-67.4803,-25.0359,-48.7772,65.277,-44.2229,6.67827,2.62897,2.10813,-44.6207,-47.4319,67.7648,-45.0,-369.416,6.6781,2.76303,2.2795,2.0,AAASYLLVLLLGALLGFLAAA
SYLLVLLLGALLGFL,0.6682015420372012,0.0457341008893523,G,AAASYLLVLLLGALLGFLAAA_0,1.1001100110011e+17,1.0,-77.709,-77.2585,-44.9843,-224.604,-224.525,-253.409,-323.429,4145.41,3284.48,3189.97,-46.992,-45.9872,-68.1083,-67.6321,-25.0359,-46.4837,72.8732,-44.1411,6.65852,3.31043,2.90353,-43.229,-47.4319,67.7648,-45.0,-369.416,6.6781,2.76303,2.2795,0.0,AAASYLLVLLLGALLGFLAAA
SYLLVLLLGALLGFL,0.6682015420372012,0.0457341008893523,G,AAASYLLVLLLGALLGFLAAA_1,1.1001100110011e+17,1.0,-77.8056,-77.6355,-44.9843,-224.578,-224.84,-253.409,-323.429,4145.41,3287.15,3189.97,-46.6057,-46.2813,-67.651,-67.2343,-25.0359,-48.4701,66.6733,-44.6818,6.68281,2.77141,2.27151,-45.5811,-47.4319,67.7648,-45.0,-369.416,6.6781,2.76303,2.2795,1.0,AAASYLLVLLLGALLGFLAAA
TLLLGILLGFLLSVL,1.2081235073186547,0.067204590828956,G,AAATLLLGILLGFLLSVLAAA_2,1.1001100110011e+17,1.0,-74.341,-73.3533,-60.2002,-221.049,-220.836,-245.765,-340.923,4130.29,3299.74,3250.92,-38.6602,-34.9957,-84.1931,-81.7287,-34.9576,-89.9931,41.0512,-46.2636,7.22534,5.54088,4.65665,-31.582,-88.2547,42.586,-44.3835,-377.106,7.3105,5.48731,4.6261,2.0,AAATLLLGILLGFLLSVLAAA
TLLLGILLGFLLSVL,1.2081235073186547,0.067204590828956,G,AAATLLLGILLGFLLSVLAAA_1,1.1001100110011e+17,1.0,-73.3217,-71.6955,-60.2002,-221.478,-222.093,-245.765,-340.923,4130.29,3313.7,3250.92,-38.4609,-34.6483,-84.5837,-81.7826,-34.9576,-87.9828,40.1125,-47.7033,7.23139,5.1126,4.21429,-35.4808,-88.2547,42.586,-44.3835,-377.106,7.3105,5.48731,4.6261,1.0,AAATLLLGILLGFLLSVLAAA
TLLLGILLGFLLSVL,1.2081235073186547,0.067204590828956,G,AAATLLLGILLGFLLSVLAAA_0,1.1001100110011e+17,1.0,-71.7506,-74.6361,-60.2002,-222.133,-220.774,-245.765,-340.923,4130.29,3307.32,3250.92,-38.1426,-36.1832,-85.1812,-81.6959,-34.9576,-80.5606,68.008,-45.1774,7.22667,7.76517,7.28529,-31.7114,-88.2547,42.586,-44.3835,-377.106,7.3105,5.48731,4.6261,0.0,AAATLLLGILLGFLLSVLAAA
TLLLGILLGFLLSVL,1.2081235073186547,0.067204590828956,G,AAATLLLGILLGFLLSVLAAA_2,1.1001100110011e+17,1.0,-74.3835,-73.7619,-60.2282,-221.272,-220.981,-246.126,-337.621,4130.91,3304.13,3260.16,-38.2211,-37.6733,-80.1866,-80.5515,-31.2666,-90.5081,42.2765,-44.0174,6.44004,5.78353,4.91768,-36.2424,-85.9497,42.6517,-45.0,-373.642,6.5506,5.15043,4.2902,2.0,AAATLLLGILLGFLLSVLAAA
TLLLGILLGFLLSVL,1.2081235073186547,0.067204590828956,G,AAATLLLGILLGFLLSVLAAA_1,1.1001100110011e+17,1.0,-73.5286,-73.2181,-60.2282,-221.12,-221.147,-246.126,-337.621,4130.91,3301.25,3260.16,-37.7685,-35.6774,-80.7409,-78.9335,-31.2666,-88.8117,41.7783,-45.0553,6.45527,5.46181,4.58849,-34.7825,-85.9497,42.6517,-45.0,-373.642,6.5506,5.15043,4.2902,1.0,AAATLLLGILLGFLLSVLAAA
TLLLGILLGFLLSVL,1.2081235073186547,0.067204590828956,G,AAATLLLGILLGFLLSVLAAA_0,1.1001100110011e+17,1.0,-73.4024,-73.0359,-60.2282,-221.147,-221.197,-246.126,-337.621,4130.91,3199.71,3260.16,-36.165,-36.021,-79.2368,-79.4087,-31.2666,-85.6291,42.4109,-44.8985,6.54129,5.06984,4.206,-36.1287,-85.9497,42.6517,-45.0,-373.642,6.5506,5.15043,4.2902,0.0,AAATLLLGILLGFLLSVLAAA
SYLLVLLLGALLAFL,0.7267785058135644,0.0569315273564847,G,AAASYLLVLLLGALLAFLAAA_0,1.1001100110011e+17,1.0,-72.9394,-72.798,-44.9973,-225.199,-225.019,-254.6,-327.584,4155.26,3362.9,3247.84,-35.8712,-34.954,-65.3174,-64.7213,-27.9872,-54.1992,60.048,-42.9981,7.38815,2.73636,2.13708,-34.6136,-52.4575,65.3118,-43.1135,-362.538,7.3978,3.18572,2.6654,0.0,AAASYLLVLLLGALLAFLAAA
SYLLVLLLGALLAFL,0.7267785058135644,0.0569315273564847,G,AAASYLLVLLLGALLAFLAAA_2,1.1001100110011e+17,1.0,-73.0112,-73.0266,-44.9973,-225.102,-225.09,-254.6,-327.584,4155.26,3353.31,3247.84,-35.7853,-35.7804,-65.2566,-65.2476,-27.9872,-51.2334,65.5975,-43.0019,7.38947,3.04067,2.52463,-35.2648,-52.4575,65.3118,-43.1135,-362.538,7.3978,3.18572,2.6654,2.0,AAASYLLVLLLGALLAFLAAA
SYLLVLLLGALLAFL,0.7267785058135644,0.0569315273564847,G,AAASYLLVLLLGALLAFLAAA_1,1.1001100110011e+17,1.0,-73.0266,-72.9394,-44.9973,-225.09,-225.199,-254.6,-327.584,4155.26,3345.92,3247.84,-35.7804,-35.8712,-65.2476,-65.3174,-27.9872,-51.2554,65.6878,-43.0182,7.38979,3.05616,2.54148,-35.1185,-52.4575,65.3118,-43.1135,-362.538,7.3978,3.18572,2.6654,1.0,AAASYLLVLLLGALLAFLAAA
TFLLGVLLGLLLGSL,0.7652115988743505,0.0462003194950854,G,AAATFLLGVLLGLLLGSLAAA_2,1.1001100110011e+17,1.0,-71.9648,-71.9932,-60.2321,-219.261,-219.299,-243.138,-334.886,4059.06,3106.53,3188.91,-33.848,-33.7473,-77.508,-77.3411,-31.5159,-77.5239,32.2233,-42.5828,6.65108,2.47873,1.46207,-31.1862,-76.9679,35.2534,-45.0,-367.452,6.6086,2.8044,1.8332,2.0,AAATFLLGVLLGLLLGSLAAA
TFLLGVLLGLLLGSL,0.7652115988743505,0.0462003194950854,G,AAATFLLGVLLGLLLGSLAAA_1,1.1001100110011e+17,1.0,-71.9329,-72.2491,-60.2321,-219.285,-218.613,-243.138,-334.886,4059.06,3107.83,3188.91,-33.8346,-33.4185,-77.5029,-77.4419,-31.5159,-77.4794,32.1665,-42.6195,6.6487,2.46439,1.44689,-30.8966,-76.9679,35.2534,-45.0,-367.452,6.6086,2.8044,1.8332,1.0,AAATFLLGVLLGLLLGSLAAA
TFLLGVLLGLLLGSL,0.7652115988743505,0.0462003194950854,G,AAATFLLGVLLGLLLGSLAAA_0,1.1001100110011e+17,1.0,-72.2491,-71.9715,-60.2321,-218.624,-218.912,-243.138,-334.886,4059.06,3115.65,3188.91,-33.5415,-32.5663,-77.554,-76.5688,-31.5159,-75.7994,39.8191,-42.8051,6.64754,3.2455,2.34278,-32.2396,-76.9679,35.2534,-45.0,-367.452,6.6086,2.8044,1.8332,0.0,AAATFLLGVLLGLLLGSLAAA
SYLLTVLLGILLGLL,0.5711920803312923,0.0775436920064432,G,AAASYLLTVLLGILLGLLAAA_1,1.1001100110011e+17,1.0,-88.948,-87.4977,-51.6656,-227.428,-226.951,-261.727,-355.493,4096.72,3163.88,3216.18,-33.2051,-23.2093,-72.3223,-64.2538,-42.1001,-52.1228,49.6118,-43.0473,6.96381,1.01602,0.260194,-31.4255,-50.2915,51.0798,-42.8435,-387.443,7.1438,0.939503,0.205701,1.0,AAASYLLTVLLGILLGLLAAA
SYLLTVLLGILLGLL,0.5711920803312923,0.0775436920064432,G,AAASYLLTVLLGILLGLLAAA_0,1.1001100110011e+17,1.0,-89.064,-88.7333,-51.6656,-226.927,-227.386,-261.727,-355.493,4096.72,3170.93,3216.18,-33.1493,-31.9503,-72.6507,-71.3233,-42.1001,-48.6161,55.9382,-43.0421,6.94978,1.34407,0.683146,-31.9281,-50.2915,51.0798,-42.8435,-387.443,7.1438,0.939503,0.205701,0.0,AAASYLLTVLLGILLGLLAAA
SYLLTVLLGILLGLL,0.5711920803312923,0.0775436920064432,G,AAASYLLTVLLGILLGLLAAA_2,1.1001100110011e+17,1.0,-89.1211,-87.5366,-51.6656,-226.805,-227.216,-261.727,-355.493,4096.72,3166.69,3216.18,-31.9225,-24.0352,-71.4891,-64.7751,-42.1001,-52.9637,50.7085,-43.4736,7.01048,1.2902,0.550831,-24.8229,-50.2915,51.0798,-42.8435,-387.443,7.1438,0.939503,0.205701,2.0,AAASYLLTVLLGILLGLLAAA
AYLLGVLLGLLLGFL,1.2332844488391486,0.0882190212054264,G,AAAAYLLGVLLGLLLGFLAAA_2,1.1001100110011e+17,1.0,-60.7282,-60.9955,-44.9046,-217.097,-217.382,-244.694,-313.393,4060.81,3257.11,3128.65,-35.3405,-26.2751,-70.908,-61.29,-23.7937,-74.2396,46.9444,-37.8301,6.53554,3.97343,3.1776,-31.2408,-71.2876,45.5524,-38.516,-345.057,6.6243,3.34271,2.526,2.0,AAAAYLLGVLLGLLLGFLAAA
AYLLGVLLGLLLGFL,1.2332844488391486,0.0882190212054264,G,AAAAYLLGVLLGLLLGFLAAA_1,1.1001100110011e+17,1.0,-58.9034,-60.5391,-44.9046,-216.871,-216.539,-244.694,-313.393,4060.81,3284.29,3128.65,-34.8978,-33.2692,-72.5158,-69.5838,-23.7937,-71.7292,48.7392,-36.8347,6.66334,3.83918,3.07027,-31.6629,-71.2876,45.5524,-38.516,-345.057,6.6243,3.34271,2.526,1.0,AAAAYLLGVLLGLLLGFLAAA
AYLLGVLLGLLLGFL,1.2332844488391486,0.0882190212054264,G,AAAAYLLGVLLGLLLGFLAAA_0,1.1001100110011e+17,1.0,-60.5434,-58.0007,-44.9046,-216.616,-216.594,-244.694,-313.393,4060.81,3291.93,3128.65,-34.2042,-31.6646,-70.4373,-70.4623,-23.7937,-70.0158,47.0189,-38.1378,6.55847,3.34992,2.55521,-31.8956,-71.2876,45.5524,-38.516,-345.057,6.6243,3.34271,2.526,0.0,AAAAYLLGVLLGLLLGFLAAA
AYLLGVLLGLLLGFL,1.2332844488391486,0.0882190212054264,G,AAAAYLLGVLLGLLLGFLAAA_1,1.1001100110011e+17,1.0,-59.1191,-61.1255,-44.9604,-218.007,-216.886,-245.134,-201.971,4066.21,3271.69,3118.84,-34.3429,-24.6725,40.8128,51.3685,88.1235,-73.2623,41.8592,-39.4288,6.74977,3.14035,2.26824,-33.523,-78.3342,38.1851,-39.2997,-235.99,6.6883,3.40512,2.4779,1.0,AAAAYLLGVLLGLLLGFLAAA
AYLLGVLLGLLLGFL,1.2332844488391486,0.0882190212054264,G,AAAAYLLGVLLGLLLGFLAAA_2,1.1001100110011e+17,1.0,-59.0992,-61.2393,-44.9604,-217.99,-218.156,-245.134,-201.971,4066.21,3260.2,3118.84,-34.333,-24.6532,40.7854,52.7719,88.1235,-73.2488,41.8323,-39.4623,6.74745,3.13469,2.26217,-33.4132,-78.3342,38.1851,-39.2997,-235.99,6.6883,3.40512,2.4779,2.0,AAAAYLLGVLLGLLLGFLAAA
AYLLGVLLGLLLGFL,1.2332844488391486,0.0882190212054264,G,AAAAYLLGVLLGLLLGFLAAA_0,1.1001100110011e+17,1.0,-58.927,-60.04,-44.9604,-217.22,-218.72,-245.134,-201.971,4066.21,3264.61,3118.84,-33.0079,-34.0191,41.1688,42.7701,88.1235,-82.7759,25.6172,-38.7691,6.7,2.3747,1.25896,-33.5331,-78.3342,38.1851,-39.2997,-235.99,6.6883,3.40512,2.4779,0.0,AAAAYLLGVLLGLLLGFLAAA
ALLLGLLLGVLLGSL,1.019462997295875,0.0058897842043732,G,AAAALLLGLLLGVLLGSLAAA_0,1.1001100110011e+17,1.0,-76.0163,-74.3348,-60.3054,-211.158,-209.308,-230.525,-341.053,3969.33,3076.32,3176.51,-38.35,-30.9846,-92.2291,-88.3952,-50.2224,-81.8923,65.0661,-28.8506,6.48198,7.56777,7.04377,-30.8318,-81.7407,58.0906,-35.0,-372.038,6.5862,6.60334,5.9747,0.0,AAAALLLGLLLGVLLGSLAAA
ALLLGLLLGVLLGSL,1.019462997295875,0.0058897842043732,G,AAAALLLGLLLGVLLGSLAAA_1,1.1001100110011e+17,1.0,-76.0799,-76.0163,-60.3054,-208.866,-211.689,-230.525,-341.053,3969.33,3112.68,3176.51,-34.6327,-38.3382,-90.7397,-91.6857,-50.2224,-81.361,51.0404,-31.1827,6.47543,5.5946,4.86021,-30.8428,-81.7407,58.0906,-35.0,-372.038,6.5862,6.60334,5.9747,1.0,AAAALLLGLLLGVLLGSLAAA
ALLLGLLLGVLLGSL,1.019462997295875,0.0058897842043732,G,AAAALLLGLLLGVLLGSLAAA_2,1.1001100110011e+17,1.0,-75.131,-76.0799,-60.3054,-209.343,-208.866,-230.525,-341.053,3969.33,3170.17,3176.51,-33.4248,-34.6327,-90.0035,-90.7397,-50.2224,-84.7106,55.0383,-33.4364,6.48565,6.63675,5.96232,-30.9134,-81.7407,58.0906,-35.0,-372.038,6.5862,6.60334,5.9747,2.0,AAAALLLGLLLGVLLGSLAAA
SYLLVALLGLLLGFL,0.511676848689628,0.0458638318281028,G,AAASYLLVALLGLLLGFLAAA_2,1.1001100110011e+17,1.0,-71.537,-68.8353,-44.9412,-226.064,-226.091,-253.869,-325.351,4119.31,3364.45,3259.6,-36.2954,-32.417,-64.0446,-62.8416,-26.5409,-53.8789,46.5215,-37.6102,7.1152,0.86223,0.0600524,-29.8637,-56.9491,49.4969,-37.5681,-355.431,7.4308,1.72445,0.966904,2.0,AAASYLLVALLGLLLGFLAAA
SYLLVALLGLLLGFL,0.511676848689628,0.0458638318281028,G,AAASYLLVALLGLLLGFLAAA_1,1.1001100110011e+17,1.0,-71.8928,-68.4912,-44.9412,-225.777,-225.153,-253.869,-325.351,4119.31,3367.21,3259.6,-35.776,-24.7671,-63.4574,-56.4736,-26.5409,-54.3529,47.7583,-38.0372,7.14909,1.10031,0.316683,-30.016,-56.9491,49.4969,-37.5681,-355.431,7.4308,1.72445,0.966904,1.0,AAASYLLVALLGLLLGFLAAA
SYLLVALLGLLLGFL,0.511676848689628,0.0458638318281028,G,AAASYLLVALLGLLLGFLAAA_0,1.1001100110011e+17,1.0,-68.2049,-68.3914,-44.9412,-224.812,-225.425,-253.869,-325.351,4119.31,3385.47,3259.6,-28.3246,-30.0804,-60.6585,-61.6142,-26.5409,-58.9235,48.8736,-37.9808,7.25126,1.93646,1.16956,-30.2455,-56.9491,49.4969,-37.5681,-355.431,7.4308,1.72445,0.966904,0.0,AAASYLLVALLGLLLGFLAAA
TALLFLLLGLLLGSL,0.9466579432681298,0.0551267826667304,G,AAATALLFLLLGLLLGSLAAA_2,1.1001100110011e+17,1.0,-69.593,-71.0669,-60.3637,-221.977,-222.116,-248.92,-346.851,4163.8,3137.25,3179.65,-30.0055,-28.2353,-85.2868,-81.9031,-37.5676,-62.3801,54.0384,-35.1201,7.47924,3.1522,2.46277,-29.3934,-54.4566,55.8714,-40.6917,-376.27,7.0594,2.21113,1.5492,2.0,AAATALLFLLLGLLLGSLAAA
TALLFLLLGLLLGSL,0.9466579432681298,0.0551267826667304,G,AAATALLFLLLGLLLGSLAAA_0,1.1001100110011e+17,1.0,-70.7773,-72.8179,-60.3637,-221.35,-222.032,-248.92,-346.851,4163.8,3159.84,3179.65,-29.3475,-29.4192,-84.0708,-81.4201,-37.5676,-51.5221,63.6306,-38.4159,7.25805,2.81845,2.27291,-29.3824,-54.4566,55.8714,-40.6917,-376.27,7.0594,2.21113,1.5492,0.0,AAATALLFLLLGLLLGSLAAA
TALLFLLLGLLLGSL,0.9466579432681298,0.0551267826667304,G,AAATALLFLLLGLLLGSLAAA_1,1.1001100110011e+17,1.0,-71.0669,-70.7159,-60.3637,-221.485,-222.327,-248.92,-346.851,4163.8,3155.09,3179.65,-28.3048,-28.2232,-82.6038,-82.0315,-37.5676,-56.0748,55.9518,-39.7507,7.16339,2.46471,1.80398,-29.3114,-54.4566,55.8714,-40.6917,-376.27,7.0594,2.21113,1.5492,1.0,AAATALLFLLLGLLLGSLAAA
YFLLGVLLGTLLGLL,1.050591836894032,0.0801250895314923,G,AAAYFLLGVLLGTLLGLLAAA_0,1.1001100110011e+17,1.0,-71.2386,-68.1971,-58.6992,-218.135,-217.187,-243.378,-313.452,4208.12,3202.2,3337.5,-36.1059,-28.9032,-60.184,-56.9711,-11.3741,-89.1865,21.7706,-41.3641,6.95351,2.81701,1.64357,-29.1092,-83.9549,29.1297,-45.0,-342.355,7.4713,3.02575,1.9627,0.0,AAAYFLLGVLLGTLLGLLAAA
YFLLGVLLGTLLGLL,1.050591836894032,0.0801250895314923,G,AAAYFLLGVLLGTLLGLLAAA_2,1.1001100110011e+17,1.0,-71.0687,-70.7818,-58.6992,-219.531,-216.945,-243.378,-313.452,4208.12,3210.35,3337.5,-35.8094,-34.2175,-58.6609,-59.9425,-11.3741,-77.518,25.2844,-42.5675,6.86639,1.54109,0.42036,-28.9072,-83.9549,29.1297,-45.0,-342.355,7.4713,3.02575,1.9627,2.0,AAAYFLLGVLLGTLLGLLAAA
YFLLGVLLGTLLGLL,1.050591836894032,0.0801250895314923,G,AAAYFLLGVLLGTLLGLLAAA_1,1.1001100110011e+17,1.0,-70.7818,-71.2386,-58.6992,-218.972,-217.949,-243.378,-313.452,4208.12,3249.56,3337.5,-34.5523,-35.7602,-58.2503,-60.0241,-11.3741,-80.7172,26.2765,-43.0506,7.04991,2.15491,1.04906,-28.8481,-83.9549,29.1297,-45.0,-342.355,7.4713,3.02575,1.9627,1.0,AAAYFLLGVLLGTLLGLLAAA
TFLLAVLLGILLGLL,0.5403329192505709,0.0293472909420284,G,AAATFLLAVLLGILLGLLAAA_1,1.1001100110011e+17,1.0,-55.9296,-54.2223,-44.9923,-220.949,-221.179,-245.126,-330.071,4090.14,3186.86,3241.19,-29.1246,-27.4232,-82.3175,-82.0935,-39.9533,-58.7283,43.6011,-42.2718,6.48668,1.19539,0.349407,-28.7118,-58.9856,45.4304,-41.2673,-358.891,6.5,1.48094,0.662396,1.0,AAATFLLAVLLGILLGLLAAA
TFLLAVLLGILLGLL,0.5403329192505709,0.0293472909420284,G,AAATFLLAVLLGILLGLLAAA_2,1.1001100110011e+17,1.0,-56.1452,-55.945,-44.9923,-220.948,-220.272,-245.126,-330.071,4090.14,3180.8,3241.19,-29.1005,-27.638,-82.0782,-81.4919,-39.9533,-57.9254,43.9121,-42.6376,6.49725,1.11694,0.275617,-28.645,-58.9856,45.4304,-41.2673,-358.891,6.5,1.48094,0.662396,2.0,AAATFLLAVLLGILLGLLAAA
TFLLAVLLGILLGLL,0.5403329192505709,0.0293472909420284,G,AAATFLLAVLLGILLGLLAAA_0,1.1001100110011e+17,1.0,-54.2223,-56.2012,-44.9923,-221.179,-220.381,-245.126,-330.071,4090.14,3200.55,3241.19,-27.4232,-28.8195,-82.0935,-82.3084,-39.9533,-54.2207,59.6125,-41.0518,6.62955,2.68079,2.07498,-28.6704,-58.9856,45.4304,-41.2673,-358.891,6.5,1.48094,0.662396,0.0,AAATFLLAVLLGILLGLLAAA
SYLLGVLLGTLLGFL,0.7208779109747231,0.1012126908407523,G,AAASYLLGVLLGTLLGFLAAA_0,1.1001100110011e+17,1.0,-83.7301,-81.1759,-58.6887,-224.083,-225.243,-256.8,-327.934,4037.76,3287.11,3212.49,-30.4743,-26.5363,-50.5954,-48.0517,-12.4455,-64.1948,48.8021,-41.2003,6.6221,2.7175,1.94953,-26.9416,-69.5064,38.1576,-45.0,-354.471,6.5231,2.07724,1.1496,0.0,AAASYLLGVLLGTLLGFLAAA
SYLLGVLLGTLLGFL,0.7208779109747231,0.1012126908407523,G,AAASYLLGVLLGTLLGFLAAA_2,1.1001100110011e+17,1.0,-81.8749,-68.2145,-58.6887,-224.837,-224.886,-256.8,-327.934,4037.76,3245.07,3212.49,-28.5123,1978.44,-49.7345,1943.6,-12.4455,-71.8141,37.7204,-43.2669,6.55964,2.36436,1.43016,-26.7015,-69.5064,38.1576,-45.0,-354.471,6.5231,2.07724,1.1496,2.0,AAASYLLGVLLGTLLGFLAAA
SYLLGVLLGTLLGFL,0.7208779109747231,0.1012126908407523,G,AAASYLLGVLLGTLLGFLAAA_1,1.1001100110011e+17,1.0,-72.1379,-72.3645,-58.6887,-224.918,-223.718,-256.8,-327.934,4037.76,3308.12,3212.49,-26.1257,-8.93733,-57.0042,-40.7889,-12.4455,-67.5878,38.5313,-40.0359,6.58931,1.83989,0.917858,-26.5991,-69.5064,38.1576,-45.0,-354.471,6.5231,2.07724,1.1496,1.0,AAASYLLGVLLGTLLGFLAAA
SYLLGVLLGLLLATL,1.1043057738304485,0.0384354124483696,G,AAASYLLGVLLGLLLATLAAA_1,1.1001100110011e+17,1.0,-84.2313,-74.8538,-58.7839,-223.806,-222.747,-256.404,-349.246,4044.51,3249.69,3251.61,-32.6499,-19.6439,-73.859,-71.2896,-34.058,-81.8308,43.5071,-44.4743,6.69984,4.64808,3.80069,-23.7017,-84.8765,45.4702,-44.3391,-375.626,6.8761,5.36995,4.552,1.0,AAASYLLGVLLGLLLATLAAA
SYLLGVLLGLLLATL,1.1043057738304485,0.0384354124483696,G,AAASYLLGVLLGLLLATLAAA_2,1.1001100110011e+17,1.0,-82.1897,-80.3876,-58.7839,-224.394,-225.405,-256.404,-349.246,4044.51,3253.13,3251.61,-29.2845,-27.2187,-71.9464,-70.6724,-34.058,-83.8166,43.7382,-43.4069,6.75076,4.97714,4.13321,-26.1293,-84.8765,45.4702,-44.3391,-375.626,6.8761,5.36995,4.552,2.0,AAASYLLGVLLGLLLATLAAA
SYLLGVLLGLLLATL,1.1043057738304485,0.0384354124483696,G,AAASYLLGVLLGLLLATLAAA_0,1.1001100110011e+17,1.0,-82.7122,-81.7305,-58.7839,-222.781,-223.325,-256.404,-349.246,4044.51,3245.11,3251.61,-27.1924,-26.3805,-70.9455,-70.5714,-34.058,-85.3372,46.6207,-46.0446,6.7488,5.59436,4.79367,-26.4192,-84.8765,45.4702,-44.3391,-375.626,6.8761,5.36995,4.552,0.0,AAASYLLGVLLGLLLATLAAA
TYLLAVLLGLLLGFL,0.96006527583769,0.0788639397598605,G,AAATYLLAVLLGLLLGFLAAA_1,1.1001100110011e+17,1.0,-55.6883,-56.0111,-44.9568,-224.053,-223.72,-252.971,-324.909,4121.02,3353.57,3202.56,-25.7489,-25.129,-70.9166,-70.3069,-26.9813,-61.6809,43.0681,-40.4096,6.44308,1.56633,0.712356,-22.8171,-62.6538,43.9976,-40.9419,-350.398,6.5,1.83774,0.997703,1.0,AAATYLLAVLLGLLLGFLAAA
TYLLAVLLGLLLGFL,0.96006527583769,0.0788639397598605,G,AAATYLLAVLLGLLLGFLAAA_0,1.1001100110011e+17,1.0,-56.0111,-55.8749,-44.9568,-223.717,-223.884,-252.971,-324.909,4121.02,3361.47,3202.56,-25.1917,-25.489,-70.3725,-70.6388,-26.9813,-62.5683,43.2115,-42.0954,6.50891,1.7188,0.866972,-25.461,-62.6538,43.9976,-40.9419,-350.398,6.5,1.83774,0.997703,0.0,AAATYLLAVLLGLLLGFLAAA
TYLLAVLLGLLLGFL,0.96006527583769,0.0788639397598605,G,AAATYLLAVLLGLLLGFLAAA_2,1.1001100110011e+17,1.0,-54.1085,-55.6883,-44.9568,-226.034,-224.053,-252.971,-324.909,4121.02,3322.14,3202.56,-24.9412,-25.6537,-69.7081,-70.8214,-26.9813,-59.1983,43.7026,-38.809,6.4818,1.27959,0.435131,-25.2944,-62.6538,43.9976,-40.9419,-350.398,6.5,1.83774,0.997703,2.0,AAATYLLAVLLGLLLGFLAAA
SYLLFVLLGILLALL,0.5117698444828326,0.0434353669605237,G,AAASYLLFVLLGILLALLAAA_2,1.1001100110011e+17,1.0,-69.5194,-66.7423,-44.9887,-228.708,-228.987,-255.149,-333.561,4128.7,3266.8,3301.22,-27.3294,-25.5257,-62.6632,-63.3575,-33.4231,-56.5978,52.1813,-45.9096,7.40602,2.03414,1.31686,-25.6121,-52.0033,51.666,-44.2967,-359.18,7.439,1.27541,0.550401,2.0,AAASYLLFVLLGILLALLAAA
SYLLFVLLGILLALL,0.5117698444828326,0.0434353669605237,G,AAASYLLFVLLGILLALLAAA_1,1.1001100110011e+17,1.0,-69.3865,-67.2967,-44.9887,-229.225,-230.403,-255.149,-333.561,4128.7,3272.69,3301.22,-27.319,-25.9987,-62.2688,-61.8603,-33.4231,-56.4341,52.0843,-45.7986,7.40927,1.9965,1.27777,-25.3588,-52.0033,51.666,-44.2967,-359.18,7.439,1.27541,0.550401,1.0,AAASYLLFVLLGILLALLAAA
SYLLFVLLGILLALL,0.5117698444828326,0.0434353669605237,G,AAASYLLFVLLGILLALLAAA_0,1.1001100110011e+17,1.0,-67.2967,-67.0851,-44.9887,-230.403,-230.534,-255.149,-333.561,4128.7,3224.14,3301.22,-25.9987,-25.6189,-61.8603,-61.5607,-33.4231,-52.1968,52.3118,-44.4859,7.43051,1.39162,0.676298,-17.9886,-52.0033,51.666,-44.2967,-359.18,7.439,1.27541,0.550401,0.0,AAASYLLFVLLGILLALLAAA
SYLLGVLLGLLLAFL,1.1231242047571457,0.103991980867415,G,AAASYLLGVLLGLLLAFLAAA_1,1.1001100110011e+17,1.0,-70.3966,-54.8048,-44.9369,-225.423,-224.998,-257.407,-329.726,4082.56,3367.87,3304.92,-34.0044,-14.2771,-67.9104,-64.1996,-27.382,-81.3684,44.4948,-44.3195,7.09233,4.71205,3.87947,-24.6822,-83.7533,47.7994,-42.6647,-354.975,7.5,5.51591,4.7329,1.0,AAASYLLGVLLGLLLAFLAAA
SYLLGVLLGLLLAFL,1.1231242047571457,0.103991980867415,G,AAASYLLGVLLGLLLAFLAAA_0,1.1001100110011e+17,1.0,-70.4348,-67.7448,-44.9369,-223.68,-225.093,-257.407,-329.726,4082.56,3367.08,3304.92,-32.3129,-25.2493,-67.9235,-62.1371,-27.382,-85.6488,46.5906,-44.2387,7.13054,5.63706,4.83592,-24.8271,-83.7533,47.7994,-42.6647,-354.975,7.5,5.51591,4.7329,0.0,AAASYLLGVLLGLLLAFLAAA
SYLLGVLLGLLLAFL,1.1231242047571457,0.103991980867415,G,AAASYLLGVLLGLLLAFLAAA_2,1.1001100110011e+17,1.0,-68.1942,-54.7084,-44.9369,-225.112,-227.205,-257.407,-329.726,4082.56,3362.95,3304.92,-29.3597,-15.1769,-65.7794,-62.9888,-27.382,-84.6431,45.7993,-43.3798,7.18359,5.37936,4.56635,-19.4766,-83.7533,47.7994,-42.6647,-354.975,7.5,5.51591,4.7329,2.0,AAASYLLGVLLGLLLAFLAAA
SYLLGLLLGFLLSTL,0.9609117338247132,0.0429769126757518,G,AAASYLLGLLLGFLLSTLAAA_0,1.1001100110011e+17,1.0,-92.1365,-88.3347,-74.0925,-230.484,-229.434,-259.811,-351.559,4090.36,3364.53,3241.93,-25.8984,-22.541,-54.8369,-56.3311,-17.6556,-98.2695,21.5475,-46.503,7.33736,4.14934,2.97256,-23.132,-95.479,27.325,-44.2015,-374.1,7.2798,4.51072,3.42059,0.0,AAASYLLGLLLGFLLSTLAAA
SYLLGLLLGFLLSTL,0.9609117338247132,0.0429769126757518,G,AAASYLLGLLLGFLLSTLAAA_2,1.1001100110011e+17,1.0,-85.7092,-86.9507,-74.0925,-228.17,-228.798,-259.811,-351.559,4090.36,3318.04,3241.93,-22.1594,-19.7508,-59.839,-55.5615,-17.6556,-95.2427,32.6139,-48.4633,6.82379,5.18928,4.17849,-23.1744,-95.479,27.325,-44.2015,-374.1,7.2798,4.51072,3.42059,2.0,AAASYLLGLLLGFLLSTLAAA
SYLLGLLLGFLLSTL,0.9609117338247132,0.0429769126757518,G,AAASYLLGLLLGFLLSTLAAA_1,1.1001100110011e+17,1.0,-86.9235,-77.9111,-74.0925,-228.799,-231.126,-259.811,-351.559,4090.36,3359.8,3241.93,-21.0762,-11.9536,-56.9125,-54.4755,-17.6556,-97.5842,26.8449,-43.6328,7.46501,4.7617,3.66437,-16.6819,-95.479,27.325,-44.2015,-374.1,7.2798,4.51072,3.42059,1.0,AAASYLLGLLLGFLLSTLAAA
TILLALLLGFLLGSL,0.7957727595137974,0.0533753040306985,G,AAATILLALLLGFLLGSLAAA_0,1.1001100110011e+17,1.0,-73.486,-69.9134,-60.2535,-218.461,-218.6,-240.227,-338.256,4029.2,3166.87,3241.76,-31.5098,-25.3865,-77.8189,-75.1292,-37.775,-52.5991,62.1268,-41.8147,6.62764,2.77698,2.20888,-23.614,-54.4566,55.8714,-40.6917,-363.643,7.0594,2.21113,1.5492,0.0,AAATILLALLLGFLLGSLAAA
TILLALLLGFLLGSL,0.7957727595137974,0.0533753040306985,G,AAATILLALLLGFLLGSLAAA_1,1.1001100110011e+17,1.0,-72.3976,-73.4898,-60.2535,-217.995,-219.152,-240.227,-338.256,4029.2,3178.44,3241.76,-30.7923,-23.5712,-78.6557,-69.1849,-37.775,-57.7201,53.6591,-41.0241,6.62278,2.402,1.70689,-25.3109,-54.4566,55.8714,-40.6917,-363.643,7.0594,2.21113,1.5492,1.0,AAATILLALLLGFLLGSLAAA
TILLALLLGFLLGSL,0.7957727595137974,0.0533753040306985,G,AAATILLALLLGFLLGSLAAA_2,1.1001100110011e+17,1.0,-72.5305,-72.3976,-60.2535,-218.387,-218.776,-240.227,-338.256,4029.2,3211.51,3241.76,-27.6258,-31.0312,-74.9639,-78.1133,-37.775,-55.308,50.4582,-45.4838,6.62834,1.60806,0.864933,-26.8453,-54.4566,55.8714,-40.6917,-363.643,7.0594,2.21113,1.5492,2.0,AAATILLALLLGFLLGSLAAA
ALLLGLLLGTLLGFL,0.9264551172945938,0.0609490734545089,G,AAAALLLGLLLGTLLGFLAAA_0,1.1001100110011e+17,1.0,-69.0271,-67.028,-58.691,-214.149,-213.382,-234.291,-326.638,4002.1,3266.03,3205.53,-32.0775,-25.0316,-75.5394,-71.2593,-33.6555,-59.968,61.46,-34.2958,6.76223,3.7923,3.2142,-25.6487,-60.7383,56.5303,-35.0,-351.669,7.1924,3.24234,2.5903,0.0,AAAALLLGLLLGTLLGFLAAA
ALLLGLLLGTLLGFL,0.9264551172945938,0.0609490734545089,G,AAAALLLGLLLGTLLGFLAAA_1,1.1001100110011e+17,1.0,-64.1676,-69.0271,-58.691,-213.61,-214.216,-234.291,-326.638,4002.1,3246.0,3205.53,-30.4451,-32.0642,-79.3055,-75.4588,-33.6555,-61.7047,53.6436,-35.7187,6.53547,2.9976,2.30225,-24.9358,-60.7383,56.5303,-35.0,-351.669,7.1924,3.24234,2.5903,1.0,AAAALLLGLLLGTLLGFLAAA
ALLLGLLLGTLLGFL,0.9264551172945938,0.0609490734545089,G,AAAALLLGLLLGTLLGFLAAA_2,1.1001100110011e+17,1.0,-69.0323,-71.5847,-58.691,-213.679,-212.954,-234.291,-326.638,4002.1,3214.99,3205.53,-30.4021,-26.4282,-74.3284,-68.5269,-33.6555,-61.9843,49.4749,-35.6811,6.67378,2.47675,1.71888,-24.9269,-60.7383,56.5303,-35.0,-351.669,7.1924,3.24234,2.5903,2.0,AAAALLLGLLLGTLLGFLAAA
TALLFLLLGYLLGSL,1.1454016510399077,0.0761592573948524,G,AAATALLFLLLGYLLGSLAAA_1,1.1001100110011e+17,1.0,-75.1684,-75.7861,-60.326,-225.011,-224.963,-250.624,-333.661,4146.26,3188.75,3273.87,-31.2042,-16.0169,-64.6862,-48.929,-22.7108,-53.233,55.493,-38.8337,6.6505,1.97651,1.3089,-22.7099,-54.4566,55.8714,-40.6917,-356.34,7.0594,2.21113,1.5492,1.0,AAATALLFLLLGYLLGSLAAA
TALLFLLLGYLLGSL,1.1454016510399077,0.0761592573948524,G,AAATALLFLLLGYLLGSLAAA_0,1.1001100110011e+17,1.0,-75.0692,-73.1773,-60.326,-224.963,-224.674,-250.624,-333.661,4146.26,3144.88,3273.87,-31.1411,-22.6789,-64.7702,-58.4889,-22.7108,-55.5274,53.5513,-38.7983,6.6412,2.05854,1.3618,-22.6053,-54.4566,55.8714,-40.6917,-356.34,7.0594,2.21113,1.5492,0.0,AAATALLFLLLGYLLGSLAAA
TALLFLLLGYLLGSL,1.1454016510399077,0.0761592573948524,G,AAATALLFLLLGYLLGSLAAA_2,1.1001100110011e+17,1.0,-72.3959,-75.8491,-60.326,-225.002,-225.011,-250.624,-333.661,4146.26,3133.55,3273.87,-30.9657,-27.8273,-67.2288,-60.6286,-22.7108,-56.0921,55.9321,-37.4101,6.81744,2.46465,1.80363,-24.3481,-54.4566,55.8714,-40.6917,-356.34,7.0594,2.21113,1.5492,2.0,AAATALLFLLLGYLLGSLAAA
SYLLGLLLGVLLGTL,1.1312264050928371,0.0556559201180933,G,AAASYLLGLLLGVLLGTLAAA_2,1.1001100110011e+17,1.0,-83.7097,-75.7718,-58.7511,-225.751,-223.989,-255.89,-345.501,4010.26,3192.94,3258.13,-31.3096,-14.5686,-67.3503,-60.3093,-30.8604,-77.3842,37.0624,-43.497,6.54954,3.11105,2.16699,-18.7221,-82.2405,38.4729,-43.0414,-368.792,7.0713,4.02991,3.107,2.0,AAASYLLGLLLGVLLGTLAAA
SYLLGLLLGVLLGTL,1.1312264050928371,0.0556559201180933,G,AAASYLLGLLLGVLLGTLAAA_1,1.1001100110011e+17,1.0,-85.5744,-84.1617,-58.7511,-222.286,-223.619,-255.89,-345.501,4010.26,3207.3,3258.13,-31.1727,-30.1057,-68.8134,-67.8267,-30.8604,-81.7244,36.6902,-44.9805,6.61797,3.71183,2.76218,-26.8309,-82.2405,38.4729,-43.0414,-368.792,7.0713,4.02991,3.107,1.0,AAASYLLGLLLGVLLGTLAAA
SYLLGLLLGVLLGTL,1.1312264050928371,0.0556559201180933,G,AAASYLLGLLLGVLLGTLAAA_0,1.1001100110011e+17,1.0,-84.1454,-81.713,-58.7511,-223.707,-223.201,-255.89,-345.501,4010.26,3185.99,3258.13,-31.0882,-23.2905,-68.7367,-63.8775,-30.8604,-84.0434,35.1145,-43.483,6.62844,3.84698,2.8737,-22.6488,-82.2405,38.4729,-43.0414,-368.792,7.0713,4.02991,3.107,0.0,AAASYLLGLLLGVLLGTLAAA
SYLLGLLLGVLLGTL,1.1312264050928371,0.0556559201180933,G,AAASYLLGLLLGVLLGTLAAA_2,1.1001100110011e+17,1.0,-84.0447,-81.8792,-58.7086,-225.111,-222.236,-255.395,-338.549,4010.23,3170.48,3273.02,-32.1484,57.9372,-61.5416,23.5032,-24.4459,-81.014,38.3883,-40.2945,6.51754,3.83453,2.91035,-15.6484,-88.5873,34.12,-39.5515,-355.795,7.2522,4.3943,3.4061,2.0,AAASYLLGLLLGVLLGTLAAA
SYLLGLLLGVLLGTL,1.1312264050928371,0.0556559201180933,G,AAASYLLGLLLGVLLGTLAAA_0,1.1001100110011e+17,1.0,-83.5951,-76.2933,-58.7086,-226.154,-222.163,-255.395,-338.549,4010.23,3180.34,3273.02,-32.081,-17.2456,-60.8811,-57.3389,-24.4459,-93.0566,19.5781,-39.6676,6.57062,3.10153,1.8952,-14.0535,-88.5873,34.12,-39.5515,-355.795,7.2522,4.3943,3.4061,0.0,AAASYLLGLLLGVLLGTLAAA
SYLLGLLLGVLLGTL,1.1312264050928371,0.0556559201180933,G,AAASYLLGLLLGVLLGTLAAA_1,1.1001100110011e+17,1.0,-84.5159,-80.822,-58.7086,-224.298,-224.12,-255.395,-338.549,4010.23,3168.53,3273.02,-31.3466,37.2659,-61.0817,3.65888,-24.4459,-82.3807,39.0905,-39.9104,6.56993,4.13431,3.22067,-9.35646,-88.5873,34.12,-39.5515,-355.795,7.2522,4.3943,3.4061,1.0,AAASYLLGLLLGVLLGTLAAA
SYLLGLLLGTLLGFL,0.8995421812759707,0.0336196864458741,G,AAASYLLGLLLGTLLGFLAAA_2,1.1001100110011e+17,1.0,-75.0306,-80.1401,-58.7496,-225.075,-224.322,-258.152,-334.137,4062.01,3245.37,3250.68,-28.1359,-13.8652,-62.1675,-43.5397,-17.235,-67.4802,44.4566,-37.0692,6.48958,2.62368,1.79053,-21.6258,-69.5064,38.1576,-45.0,-356.109,6.5231,2.07724,1.1496,2.0,AAASYLLGLLLGTLLGFLAAA
SYLLGLLLGTLLGFL,0.8995421812759707,0.0336196864458741,G,AAASYLLGLLLGTLLGFLAAA_0,1.1001100110011e+17,1.0,-81.6444,-80.0984,-58.7496,-226.933,-225.718,-258.152,-334.137,4062.01,3331.88,3250.68,-26.8561,-21.9722,-52.4151,-50.2929,-17.235,-68.184,37.2845,-44.9294,6.39854,1.76101,0.820282,-18.5815,-69.5064,38.1576,-45.0,-356.109,6.5231,2.07724,1.1496,0.0,AAASYLLGLLLGTLLGFLAAA
SYLLGLLLGTLLGFL,0.8995421812759707,0.0336196864458741,G,AAASYLLGLLLGTLLGFLAAA_1,1.1001100110011e+17,1.0,-82.0889,-80.4967,-58.7496,-225.018,-225.819,-258.152,-334.137,4062.01,3335.22,3250.68,-26.1521,-13.5944,-53.1816,-41.4153,-17.235,-72.1518,40.1563,-44.0272,6.39336,2.74386,1.84621,-22.3124,-69.5064,38.1576,-45.0,-356.109,6.5231,2.07724,1.1496,1.0,AAASYLLGLLLGTLLGFLAAA
TFLLAVLLGLLLGSL,0.5092047025106877,0.0593219590215928,G,AAATFLLAVLLGLLLGSLAAA_2,1.1001100110011e+17,1.0,-69.4214,-69.1389,-60.2706,-218.693,-218.977,-243.109,-337.894,4075.48,3208.94,3290.6,-24.6746,-22.2057,-74.4543,-71.9843,-34.5149,-61.4469,51.0932,-39.945,7.06252,2.61462,1.88101,-22.0604,-62.877,50.983,-41.0408,-359.715,7.3408,2.81426,2.07901,2.0,AAATFLLAVLLGLLLGSLAAA
TFLLAVLLGLLLGSL,0.5092047025106877,0.0593219590215928,G,AAATFLLAVLLGLLLGSLAAA_0,1.1001100110011e+17,1.0,-69.3298,-67.9558,-60.2706,-218.857,-218.634,-243.109,-337.894,4075.48,3221.21,3290.6,-24.6614,-21.8205,-74.3691,-73.1251,-34.5149,-62.6471,51.7311,-39.8527,7.06256,2.88076,2.15673,-21.9252,-62.877,50.983,-41.0408,-359.715,7.3408,2.81426,2.07901,0.0,AAATFLLAVLLGLLLGSLAAA
TFLLAVLLGLLLGSL,0.5092047025106877,0.0593219590215928,G,AAATFLLAVLLGLLLGSLAAA_1,1.1001100110011e+17,1.0,-69.1642,-69.2788,-60.2706,-218.943,-218.823,-243.109,-337.894,4075.48,3208.62,3290.6,-24.3038,-23.475,-74.0904,-73.2672,-34.5149,-63.4917,50.7905,-38.8958,7.11844,2.88047,2.14233,-22.08,-62.877,50.983,-41.0408,-359.715,7.3408,2.81426,2.07901,1.0,AAATFLLAVLLGLLLGSLAAA
ATLLVGLLFLLLGLL,0.4716560472291299,0.0473269212849005,G,AAAATLLVGLLFLLLGLLAAA_1,1.1001100110011e+17,1.0,-55.2362,-55.6859,-44.9989,-221.273,-221.271,-249.121,-335.898,4113.87,3217.2,3223.77,-22.5305,-23.1212,-81.919,-82.0619,-41.7778,-35.3215,66.6175,-37.6934,6.81413,0.791579,0.290841,-21.7609,-36.3008,67.5299,-37.7338,-357.737,6.896,1.06165,0.574598,1.0,AAAATLLVGLLFLLLGLLAAA
ATLLVGLLFLLLGLL,0.4716560472291299,0.0473269212849005,G,AAAATLLVGLLFLLLGLLAAA_0,1.1001100110011e+17,1.0,-55.272,-53.6801,-44.9989,-221.2,-221.102,-249.121,-335.898,4113.87,3219.44,3223.77,-22.4625,-21.8389,-81.8885,-82.9552,-41.7778,-37.7593,64.4955,-37.6573,6.82652,0.870788,0.338221,-21.6673,-36.3008,67.5299,-37.7338,-357.737,6.896,1.06165,0.574598,0.0,AAAATLLVGLLFLLLGLLAAA
ATLLVGLLFLLLGLL,0.4716560472291299,0.0473269212849005,G,AAAATLLVGLLFLLLGLLAAA_2,1.1001100110011e+17,1.0,-54.0288,-55.2362,-44.9989,-221.056,-221.273,-249.121,-335.898,4113.87,3219.32,3223.77,-22.0485,-22.5305,-82.8616,-81.919,-41.7778,-37.1544,67.5299,-37.6358,6.90311,1.18969,0.702636,-21.4231,-36.3008,67.5299,-37.7338,-357.737,6.896,1.06165,0.574598,2.0,AAAATLLVGLLFLLLGLLAAA
SSLLALLLGVLLGTL,0.6033718816427786,0.057324129963723,G,AAASSLLALLLGVLLGTLAAA_0,1.1001100110011e+17,1.0,-87.2155,-84.2177,-58.7566,-219.817,-219.652,-261.234,-367.462,3924.48,3154.38,3119.78,-24.0933,-20.4283,-84.5225,-84.0207,-47.4714,-67.3507,49.0233,-34.5961,6.91844,3.22075,2.4561,-21.6609,-66.9239,51.0441,-36.0241,-387.89,6.7893,3.42954,2.6952,0.0,AAASSLLALLLGVLLGTLAAA
SSLLALLLGVLLGTL,0.6033718816427786,0.057324129963723,G,AAASSLLALLLGVLLGTLAAA_2,1.1001100110011e+17,1.0,-87.2514,-83.6325,-58.7566,-221.069,-219.92,-261.234,-367.462,3924.48,3134.81,3119.78,-24.0901,-20.7182,-83.2315,-84.6275,-47.4714,-66.5604,48.9623,-33.0372,6.94489,3.09397,2.3284,-20.3909,-66.9239,51.0441,-36.0241,-387.89,6.7893,3.42954,2.6952,2.0,AAASSLLALLLGVLLGTLAAA
SSLLALLLGVLLGTL,0.6033718816427786,0.057324129963723,G,AAASSLLALLLGVLLGTLAAA_1,1.1001100110011e+17,1.0,-87.3251,-83.1383,-58.7566,-219.601,-220.139,-261.234,-367.462,3924.48,3140.13,3119.78,-24.0732,-20.3205,-84.6092,-84.5051,-47.4714,-66.7226,50.7508,-33.8973,6.92732,3.35974,2.621,-16.9799,-66.9239,51.0441,-36.0241,-387.89,6.7893,3.42954,2.6952,1.0,AAASSLLALLLGVLLGTLAAA
TVLLALLLGFLLGSL,0.7860547586005664,0.0035242026756319,G,AAATVLLALLLGFLLGSLAAA_1,1.1001100110011e+17,1.0,-74.3241,-74.3499,-60.3442,-218.055,-217.984,-240.38,-337.914,3992.63,3219.79,3245.46,-28.3639,-28.131,-73.8984,-73.7109,-37.1897,-50.7656,50.7899,-38.7652,6.96602,0.971464,0.233312,-21.6092,-52.4326,53.6154,-37.48,-359.424,7.3254,1.60297,0.907201,1.0,AAATVLLALLLGFLLGSLAAA
TVLLALLLGFLLGSL,0.7860547586005664,0.0035242026756319,G,AAATVLLALLLGFLLGSLAAA_0,1.1001100110011e+17,1.0,-74.3499,-70.1178,-60.3442,-218.043,-218.252,-240.38,-337.914,3992.63,3189.79,3245.46,-28.3009,-21.5099,-73.8215,-71.0535,-37.1897,-56.1389,44.2082,-38.5274,6.98209,0.88895,0.0520739,-21.7021,-52.4326,53.6154,-37.48,-359.424,7.3254,1.60297,0.907201,0.0,AAATVLLALLLGFLLGSLAAA
TVLLALLLGFLLGSL,0.7860547586005664,0.0035242026756319,G,AAATVLLALLLGFLLGSLAAA_2,1.1001100110011e+17,1.0,-72.5518,-74.3241,-60.3442,-218.147,-217.976,-240.38,-337.914,3992.63,3214.89,3245.46,-27.5698,-28.1547,-74.785,-73.7686,-37.1897,-56.1678,44.8087,-39.121,6.93075,0.97434,0.146471,-23.2859,-52.4326,53.6154,-37.48,-359.424,7.3254,1.60297,0.907201,2.0,AAATVLLALLLGFLLGSLAAA
SYLLGVLLGLLLGTL,0.9968861743687542,0.0190059333497028,G,AAASYLLGVLLGLLLGTLAAA_1,1.1001100110011e+17,1.0,-72.5419,-84.2304,-58.7288,-222.801,-222.326,-255.608,-345.555,4025.68,3132.65,3229.27,-27.554,0.747071,-77.7662,-38.2516,-31.2185,-84.1046,42.2831,-35.0733,6.51786,4.82392,3.95817,-20.3669,-92.5815,39.7325,-40.3169,-366.246,6.7382,5.75111,4.8471,1.0,AAASYLLGVLLGLLLGTLAAA
SYLLGVLLGLLLGTL,0.9968861743687542,0.0190059333497028,G,AAASYLLGVLLGLLLGTLAAA_0,1.1001100110011e+17,1.0,-71.3172,-82.1063,-58.7288,-221.927,-220.955,-255.608,-345.555,4025.68,3144.25,3229.27,-24.1939,-20.6909,-76.5051,-63.1848,-31.2185,-94.6396,34.2967,-35.0598,6.56385,5.326,4.34045,-18.6992,-92.5815,39.7325,-40.3169,-366.246,6.7382,5.75111,4.8471,0.0,AAASYLLGVLLGLLLGTLAAA
SYLLGVLLGLLLGTL,0.9968861743687542,0.0190059333497028,G,AAASYLLGVLLGLLLGTLAAA_2,1.1001100110011e+17,1.0,-71.234,-85.9254,-58.7288,-220.678,-224.033,-255.608,-345.555,4025.68,3224.16,3229.27,-16.3429,-30.9435,-69.9864,-66.5404,-31.2185,-96.4075,40.0664,-40.0643,6.64721,6.37009,5.47108,-20.6153,-92.5815,39.7325,-40.3169,-366.246,6.7382,5.75111,4.8471,2.0,AAASYLLGVLLGLLLGTLAAA
TFLLGLLLGVLLGSL,1.5078476893415682,0.0806436020894995,G,AAATFLLGLLLGVLLGSLAAA_0,1.1001100110011e+17,1.0,-72.4741,-67.5593,-60.2824,-216.541,-216.172,-243.646,-334.035,4045.29,3174.47,3226.97,-30.2129,-20.7876,-75.2329,-71.0908,-30.106,-94.5074,26.0608,-38.8039,6.89951,4.19432,3.08524,-19.8693,-91.396,35.576,-35.8075,-354.822,7.4513,5.01216,4.0458,0.0,AAATFLLGLLLGVLLGSLAAA
TFLLGLLLGVLLGSL,1.5078476893415682,0.0806436020894995,G,AAATFLLGLLLGVLLGSLAAA_1,1.1001100110011e+17,1.0,-73.5331,-72.2087,-60.2824,-216.305,-216.745,-243.646,-334.035,4045.29,3186.38,3226.97,-30.0432,-23.519,-74.2402,-68.5997,-30.106,-87.9454,41.5213,-40.6559,6.933,5.29719,4.42001,-20.6046,-91.396,35.576,-35.8075,-354.822,7.4513,5.01216,4.0458,1.0,AAATFLLGLLLGVLLGSLAAA
TFLLGLLLGVLLGSL,1.5078476893415682,0.0806436020894995,G,AAATFLLGLLLGVLLGSLAAA_2,1.1001100110011e+17,1.0,-74.0862,-73.569,-60.2824,-215.314,-215.663,-243.646,-334.035,4045.29,3192.22,3226.97,-28.897,-13.3089,-73.5317,-58.1122,-30.106,-87.9714,44.2117,-40.9588,6.95717,5.66429,4.82746,-16.7791,-91.396,35.576,-35.8075,-354.822,7.4513,5.01216,4.0458,2.0,AAATFLLGLLLGVLLGSLAAA
TYLLALLLGVLLGSL,0.7428228344667536,0.0199993868357763,G,AAATYLLALLLGVLLGSLAAA_1,1.1001100110011e+17,1.0,-70.0174,-69.5977,-60.2923,-223.747,-222.353,-250.546,-347.282,4046.33,3179.79,3214.62,-22.753,-7.49039,-76.2699,-62.8212,-36.4431,-58.2308,42.5893,-36.8456,6.61194,0.98417,0.123009,-20.1163,-59.4498,45.2469,-38.8459,-367.658,6.6517,1.5258,0.704503,1.0,AAATYLLALLLGVLLGSLAAA
TYLLALLLGVLLGSL,0.7428228344667536,0.0199993868357763,G,AAATYLLALLLGVLLGSLAAA_2,1.1001100110011e+17,1.0,-71.2389,-69.9738,-60.2923,-221.206,-222.811,-250.546,-347.282,4046.33,3188.77,3214.62,-20.6468,-21.5294,-75.4834,-76.0262,-36.4431,-62.8142,40.4578,-38.6891,6.66845,1.38394,0.490807,-20.7138,-59.4498,45.2469,-38.8459,-367.658,6.6517,1.5258,0.704503,2.0,AAATYLLALLLGVLLGSLAAA
TYLLALLLGVLLGSL,0.7428228344667536,0.0199993868357763,G,AAATYLLALLLGVLLGSLAAA_0,1.1001100110011e+17,1.0,-72.1861,-70.2215,-60.2923,-220.561,-222.836,-250.546,-347.282,4046.33,3224.88,3214.62,-18.5186,-20.3761,-73.053,-74.5997,-36.4431,-63.8668,43.761,-40.9819,6.75644,1.98776,1.14418,-19.681,-59.4498,45.2469,-38.8459,-367.658,6.6517,1.5258,0.704503,0.0,AAATYLLALLLGVLLGSLAAA
SYLLGVLLGTLLGLL,1.0664248688899278,0.049454424646737,G,AAASYLLGVLLGTLLGLLAAA_1,1.1001100110011e+17,1.0,-85.3686,-80.6182,-58.7296,-222.957,-223.189,-256.212,-345.946,4015.93,3192.4,3302.74,-31.9211,19.8659,-69.5407,-22.2722,-31.0039,-79.9915,33.6561,-43.723,6.77393,3.04229,2.04713,-18.2337,-80.0419,31.8268,-44.1909,-364.578,7.2939,2.8029,1.7803,1.0,AAASYLLGVLLGTLLGLLAAA
SYLLGVLLGTLLGLL,1.0664248688899278,0.049454424646737,G,AAASYLLGVLLGTLLGLLAAA_2,1.1001100110011e+17,1.0,-83.876,-85.3686,-58.7296,-223.95,-223.355,-256.212,-345.946,4015.93,3175.93,3302.74,-31.032,-29.7655,-69.1517,-66.9869,-31.0039,-80.9913,33.595,-41.0477,6.86759,3.18401,2.18794,-22.1648,-80.0419,31.8268,-44.1909,-364.578,7.2939,2.8029,1.7803,2.0,AAASYLLGVLLGTLLGLLAAA
SYLLGVLLGTLLGLL,1.0664248688899278,0.049454424646737,G,AAASYLLGVLLGTLLGLLAAA_0,1.1001100110011e+17,1.0,-82.0012,-77.2189,-58.7296,-223.802,-224.257,-256.212,-345.946,4015.93,3251.09,3302.74,-25.3713,-18.632,-65.514,-63.102,-31.0039,-75.9685,35.9367,-46.2944,7.04211,2.74673,1.78578,-17.6506,-80.0419,31.8268,-44.1909,-364.578,7.2939,2.8029,1.7803,0.0,AAASYLLGVLLGTLLGLLAAA
ASLLVGLLFLLLGLL,0.4196269096077487,0.0336907762476849,G,AAAASLLVGLLFLLLGLLAAA_1,1.1001100110011e+17,1.0,-60.8862,-61.2915,-44.9758,-219.182,-219.028,-252.332,-339.626,4086.32,3231.44,3232.34,-20.3237,-20.1061,-79.8822,-79.4134,-42.3186,-33.5942,67.8703,-35.796,7.22146,0.701618,0.219673,-18.6664,-36.0293,69.0807,-35.6829,-359.082,7.2857,1.23029,0.766501,1.0,AAAASLLVGLLFLLLGLLAAA
ASLLVGLLFLLLGLL,0.4196269096077487,0.0336907762476849,G,AAAASLLVGLLFLLLGLLAAA_0,1.1001100110011e+17,1.0,-61.2915,-59.69,-44.9758,-219.028,-219.016,-252.332,-339.626,4086.32,3222.77,3232.34,-20.1061,-19.4552,-79.4134,-80.376,-42.3186,-37.2468,66.7264,-35.7762,7.19567,1.09509,0.595984,-19.0507,-36.0293,69.0807,-35.6829,-359.082,7.2857,1.23029,0.766501,0.0,AAAASLLVGLLFLLLGLLAAA
ASLLVGLLFLLLGLL,0.4196269096077487,0.0336907762476849,G,AAAASLLVGLLFLLLGLLAAA_2,1.1001100110011e+17,1.0,-59.6545,-61.7692,-44.9758,-219.074,-219.198,-252.332,-339.626,4086.32,3230.59,3232.34,-19.3844,-20.7529,-80.2823,-79.4121,-42.3186,-37.1076,69.5688,-35.6447,7.30604,1.45792,1.00146,-18.8673,-36.0293,69.0807,-35.6829,-359.082,7.2857,1.23029,0.766501,2.0,AAAASLLVGLLFLLLGLLAAA
AYLLFLLLGTLLSIL,0.4122928160375551,0.052969662032105,G,AAAAYLLFLLLGTLLSILAAA_2,1.1001100110011e+17,1.0,-79.5816,-79.6505,-74.1028,-225.723,-225.722,-246.849,-343.514,4101.12,3265.46,3263.42,-19.9385,-19.9327,-58.1487,-58.0746,-22.5627,-61.7536,58.7141,-43.2753,7.35296,3.68944,3.07015,-18.5111,-62.4741,58.2239,-43.3401,-362.682,7.3625,3.73134,3.1047,2.0,AAAAYLLFLLLGTLLSILAAA
AYLLFLLLGTLLSIL,0.4122928160375551,0.052969662032105,G,AAAAYLLFLLLGTLLSILAAA_1,1.1001100110011e+17,1.0,-79.6505,-66.459,-74.1028,-225.722,-226.022,-246.849,-343.514,4101.12,3268.49,3263.42,-19.9327,-5.74724,-58.0746,-56.7802,-22.5627,-61.7814,58.7388,-43.2548,7.34838,3.69695,3.07803,-19.1626,-62.4741,58.2239,-43.3401,-362.682,7.3625,3.73134,3.1047,1.0,AAAAYLLFLLLGTLLSILAAA
AYLLFLLLGTLLSIL,0.4122928160375551,0.052969662032105,G,AAAAYLLFLLLGTLLSILAAA_0,1.1001100110011e+17,1.0,-72.2187,-79.2285,-74.1028,-226.022,-225.753,-246.849,-343.514,4101.12,3291.33,3263.42,-14.3579,-19.1673,-59.6311,-57.7005,-22.5627,-61.2469,61.5767,-44.5728,7.53999,3.99989,3.42354,-18.2303,-62.4741,58.2239,-43.3401,-362.682,7.3625,3.73134,3.1047,0.0,AAAAYLLFLLLGTLLSILAAA
ASLLFLLLGYLLGTL,0.6447983110745215,0.0487466325472013,G,AAAASLLFLLLGYLLGTLAAA_1,1.1001100110011e+17,1.0,-77.074,-74.2957,-58.7329,-222.572,-222.189,-255.607,-328.237,4258.29,3128.95,3285.01,-33.9363,21.992,-62.5275,-9.76075,-13.8973,-52.7769,56.5047,-36.7408,6.66615,2.04468,1.39225,-23.4806,-47.0876,58.6724,-35.0,-351.633,7.44,1.48391,0.863996,1.0,AAAASLLFLLLGYLLGTLAAA
ASLLFLLLGYLLGTL,0.6447983110745215,0.0487466325472013,G,AAAASLLFLLLGYLLGTLAAA_2,1.1001100110011e+17,1.0,-74.9144,-83.5175,-58.7329,-222.682,-222.127,-255.607,-328.237,4258.29,3127.12,3285.01,-33.6896,-27.4602,-64.3303,-50.0527,-13.8973,-54.1777,55.5683,-35.951,6.84578,2.12838,1.46191,-23.5062,-47.0876,58.6724,-35.0,-351.633,7.44,1.48391,0.863996,2.0,AAAASLLFLLLGYLLGTLAAA
ASLLFLLLGYLLGTL,0.6447983110745215,0.0487466325472013,G,AAAASLLFLLLGYLLGTLAAA_0,1.1001100110011e+17,1.0,-75.2868,-75.6366,-58.7329,-222.565,-223.171,-255.607,-328.237,4258.29,3154.38,3285.01,-33.1337,-23.3957,-63.5193,-52.8257,-13.8973,-52.6501,56.3064,-36.5358,6.75589,1.99887,1.34347,-23.3992,-47.0876,58.6724,-35.0,-351.633,7.44,1.48391,0.863996,0.0,AAAASLLFLLLGYLLGTLAAA
YLLLGALLGTLLSFL,0.6436733553180601,0.0965353379165817,G,AAAYLLLGALLGTLLSFLAAA_2,1.1001100110011e+17,1.0,-81.8734,-81.1658,-73.9921,-221.738,-219.944,-241.86,-327.822,4167.5,3481.73,3412.85,-24.7581,-19.7624,-48.9695,-46.4749,-11.9701,-65.4249,62.3505,-40.3494,6.91141,4.73104,4.1663,-18.7709,-60.6857,64.7023,-38.4105,-346.634,7.3229,4.33767,3.8082,2.0,AAAYLLLGALLGTLLSFLAAA
YLLLGALLGTLLSFL,0.6436733553180601,0.0965353379165817,G,AAAYLLLGALLGTLLSFLAAA_0,1.1001100110011e+17,1.0,-80.2118,-77.8642,-73.9921,-223.406,-221.063,-241.86,-327.822,4167.5,3440.68,3412.85,-24.1486,-18.8117,-48.3533,-47.7074,-11.9701,-57.3921,74.6351,-39.3727,7.03122,5.18456,4.80409,-18.8073,-60.6857,64.7023,-38.4105,-346.634,7.3229,4.33767,3.8082,0.0,AAAYLLLGALLGTLLSFLAAA
YLLLGALLGTLLSFL,0.6436733553180601,0.0965353379165817,G,AAAYLLLGALLGTLLSFLAAA_1,1.1001100110011e+17,1.0,-81.1658,-80.2118,-73.9921,-219.787,-223.406,-241.86,-327.822,4167.5,3576.08,3412.85,-18.9732,-24.1486,-45.8425,-48.3533,-11.9701,-64.0586,58.7261,-42.4885,7.04768,4.03682,3.41771,-18.6592,-60.6857,64.7023,-38.4105,-346.634,7.3229,4.33767,3.8082,1.0,AAAYLLLGALLGTLLSFLAAA
TLLLGLLLGVLLASL,1.159958645935506,0.0774867521312799,G,AAATLLLGLLLGVLLASLAAA_1,1.1001100110011e+17,1.0,-67.6328,-67.1467,-60.2643,-215.745,-215.419,-240.766,-354.186,4044.01,3225.81,3247.68,-22.679,-21.4172,-93.4874,-93.0375,-53.1557,-96.0621,43.0957,-40.1362,6.88263,6.72723,5.87367,-17.6674,-97.764,38.4753,-38.0973,-372.209,7.04,6.35877,5.4359,1.0,AAATLLLGLLLGVLLASLAAA
TLLLGLLLGVLLASL,1.159958645935506,0.0774867521312799,G,AAATLLLGLLLGVLLASLAAA_2,1.1001100110011e+17,1.0,-67.6106,-67.6046,-60.2643,-215.867,-215.817,-240.766,-354.186,4044.01,3237.72,3247.68,-21.947,-21.0288,-92.6552,-91.793,-53.1557,-97.1548,42.3868,-38.4823,6.95795,6.79544,5.93124,-18.1376,-97.764,38.4753,-38.0973,-372.209,7.04,6.35877,5.4359,2.0,AAATLLLGLLLGVLLASLAAA
TLLLGLLLGVLLASL,1.159958645935506,0.0774867521312799,G,AAATLLLGLLLGVLLASLAAA_0,1.1001100110011e+17,1.0,-67.1467,-64.8999,-60.2643,-216.306,-216.107,-240.766,-354.186,4044.01,3243.81,3247.68,-21.6063,-18.0225,-92.3397,-91.2021,-53.1557,-97.6457,34.5149,-39.2809,6.95977,5.80636,4.82409,-18.1847,-97.764,38.4753,-38.0973,-372.209,7.04,6.35877,5.4359,0.0,AAATLLLGLLLGVLLASLAAA
FYLLGVLLGLLLASL,0.8825528462317933,0.0535966326541431,G,AAAFYLLGVLLGLLLASLAAA_2,1.1001100110011e+17,1.0,-72.9126,-70.6615,-60.32,-218.295,-213.725,-242.651,-326.692,4187.81,3235.7,3269.14,-24.8751,-18.5398,-60.3592,-60.8449,-23.7203,-82.8591,55.7367,-37.8119,7.09118,6.45332,5.78937,-18.9156,-75.759,50.2096,-41.8685,-346.183,7.3305,4.64215,3.89529,2.0,AAAFYLLGVLLGLLLASLAAA
FYLLGVLLGLLLASL,0.8825528462317933,0.0535966326541431,G,AAAFYLLGVLLGLLLASLAAA_1,1.1001100110011e+17,1.0,-70.6976,-70.2778,-60.32,-213.726,-213.638,-242.651,-326.692,4187.81,3291.4,3269.14,-20.6547,-19.0197,-62.9223,-61.7957,-23.7203,-75.3568,50.9706,-41.8446,7.18421,4.68454,3.9491,-19.4783,-75.759,50.2096,-41.8685,-346.183,7.3305,4.64215,3.89529,1.0,AAAFYLLGVLLGLLLASLAAA
FYLLGVLLGLLLASL,0.8825528462317933,0.0535966326541431,G,AAAFYLLGVLLGLLLASLAAA_0,1.1001100110011e+17,1.0,-70.3101,-70.3019,-60.32,-213.639,-213.733,-242.651,-326.692,4187.81,3231.35,3269.14,-20.3554,-19.4917,-63.0978,-62.1489,-23.7203,-75.6059,50.6555,-42.1256,7.16653,4.67938,3.93921,-20.1893,-75.759,50.2096,-41.8685,-346.183,7.3305,4.64215,3.89529,0.0,AAAFYLLGVLLGLLLASLAAA
TYLLGVLLGILLALL,0.942422527193958,0.133177291577493,G,AAATYLLGVLLGILLALLAAA_2,1.1001100110011e+17,1.0,-57.2723,-57.4452,-44.9618,-222.444,-223.05,-254.324,-341.807,4094.39,3309.62,3337.42,-17.354,-15.7263,-79.4443,-77.0386,-42.521,-66.2341,49.562,-44.2273,7.26973,3.12599,2.36942,-16.9311,-66.8898,49.5856,-44.1976,-359.168,7.2568,3.22752,2.4713,2.0,AAATYLLGVLLGILLALLAAA
TYLLGVLLGILLALL,0.942422527193958,0.133177291577493,G,AAATYLLGVLLGILLALLAAA_1,1.1001100110011e+17,1.0,-57.432,-56.6751,-44.9618,-223.18,-223.558,-254.324,-341.807,4094.39,3247.91,3337.42,-15.9786,-14.5865,-77.1741,-76.1602,-42.521,-62.8504,49.1968,-44.7847,7.27592,2.56912,1.80707,-15.0299,-66.8898,49.5856,-44.1976,-359.168,7.2568,3.22752,2.4713,1.0,AAATYLLGVLLGILLALLAAA
TYLLGVLLGILLALL,0.942422527193958,0.133177291577493,G,AAATYLLGVLLGILLALLAAA_0,1.1001100110011e+17,1.0,-56.665,-57.2087,-44.9618,-223.703,-222.349,-254.324,-341.807,4094.39,3250.33,3337.42,-15.1276,-17.3612,-76.5671,-79.6104,-42.521,-72.5468,35.1531,-44.2824,7.44115,2.12769,1.15498,-17.2187,-66.8898,49.5856,-44.1976,-359.168,7.2568,3.22752,2.4713,0.0,AAATYLLGVLLGILLALLAAA
ASLLTLLLGYLLGVL,0.3686859356365224,0.0287138003353892,G,AAAASLLTLLLGYLLGVLAAA_0,1.1001100110011e+17,1.0,-77.3416,-75.8277,-51.6444,-220.923,-221.341,-257.602,-350.648,4025.54,3165.77,3231.31,-18.849,-15.4825,-71.2326,-68.9621,-41.4019,-45.953,61.7939,-34.8773,7.20763,1.73512,1.16203,-15.3373,-47.0876,58.6724,-35.0,-366.131,7.44,1.48391,0.863996,0.0,AAAASLLTLLLGYLLGVLAAA
ASLLTLLLGYLLGVL,0.3686859356365224,0.0287138003353892,G,AAAASLLTLLLGYLLGVLAAA_2,1.1001100110011e+17,1.0,-77.495,-77.5336,-51.6444,-221.18,-221.347,-257.602,-350.648,4025.54,3163.09,3231.31,-18.7883,-18.5448,-70.762,-70.3128,-41.4019,-47.9681,58.0108,-35.1417,7.20287,1.52667,0.896834,-16.3671,-47.0876,58.6724,-35.0,-366.131,7.44,1.48391,0.863996,2.0,AAAASLLTLLLGYLLGVLAAA
ASLLTLLLGYLLGVL,0.3686859356365224,0.0287138003353892,G,AAAASLLTLLLGYLLGVLAAA_1,1.1001100110011e+17,1.0,-77.5336,-77.3416,-51.6444,-221.347,-220.996,-257.602,-350.648,4025.54,3172.86,3231.31,-18.5448,-18.8461,-70.3128,-71.1564,-41.4019,-47.4146,57.7265,-35.2089,7.20428,1.40528,0.771177,-15.2643,-47.0876,58.6724,-35.0,-366.131,7.44,1.48391,0.863996,1.0,AAAASLLTLLLGYLLGVLAAA
TFLLGLLLGYLLASL,1.4337559754798903,0.0031043202224621,G,AAATFLLGLLLGYLLASLAAA_0,1.1001100110011e+17,1.0,-73.3526,-65.4148,-60.2384,-222.489,-222.799,-248.072,-331.431,4089.49,3145.79,3273.23,-24.9057,-16.5196,-60.4945,-59.7364,-23.1203,-72.4647,45.7028,-38.7956,6.87325,3.53958,2.72512,-16.1882,-75.8727,44.54,-43.5756,-347.95,7.3804,3.8938,3.0619,0.0,AAATFLLGLLLGYLLASLAAA
TFLLGLLLGYLLASL,1.4337559754798903,0.0031043202224621,G,AAATFLLGLLLGYLLASLAAA_2,1.1001100110011e+17,1.0,-65.5098,-65.0114,-60.2384,-222.65,-223.087,-248.072,-331.431,4089.49,3230.92,3273.23,-17.3084,-15.371,-60.579,-58.7036,-23.1203,-77.6922,43.8563,-43.3916,7.34276,4.07444,3.23228,-16.5012,-75.8727,44.54,-43.5756,-347.95,7.3804,3.8938,3.0619,2.0,AAATFLLGLLLGYLLASLAAA
TFLLGLLLGYLLASL,1.4337559754798903,0.0031043202224621,G,AAATFLLGLLLGYLLASLAAA_1,1.1001100110011e+17,1.0,-65.0114,-72.1307,-60.2384,-223.863,-223.274,-248.072,-331.431,4089.49,3262.48,3273.23,-15.476,782.195,-58.0322,746.168,-23.1203,-73.9646,44.1898,-43.9324,7.43339,3.56032,2.72316,-16.596,-75.8727,44.54,-43.5756,-347.95,7.3804,3.8938,3.0619,1.0,AAATFLLGLLLGYLLASLAAA
YLLLGALLGILLSTL,0.9047331916530856,0.0276981270886117,G,AAAYLLLGALLGILLSTLAAA_1,1.1001100110011e+17,1.0,-85.6428,-84.0041,-74.098,-217.358,-220.039,-240.892,-342.295,4121.49,3508.01,3519.84,-20.5756,-17.9541,-59.8694,-56.2056,-27.305,-69.3579,59.5219,-46.4626,6.70614,4.93914,4.33197,-14.2026,-63.07,66.418,-42.249,-356.61,7.1117,4.92693,4.4232,1.0,AAAYLLLGALLGILLSTLAAA
YLLLGALLGILLSTL,0.9047331916530856,0.0276981270886117,G,AAAYLLLGALLGILLSTLAAA_0,1.1001100110011e+17,1.0,-84.0041,-82.4185,-74.098,-219.94,-218.211,-240.892,-342.295,4121.49,3517.93,3519.84,-19.2032,-14.315,-57.5537,-55.9806,-27.305,-61.5161,76.1221,-45.5949,6.95758,6.0039,5.64573,-13.6739,-63.07,66.418,-42.249,-356.61,7.1117,4.92693,4.4232,0.0,AAAYLLLGALLGILLSTLAAA
YLLLGALLGILLSTL,0.9047331916530856,0.0276981270886117,G,AAAYLLLGALLGILLSTLAAA_2,1.1001100110011e+17,1.0,-84.4283,-85.6428,-74.098,-217.592,-217.573,-240.892,-342.295,4121.49,3526.28,3519.84,-17.0542,-19.5173,-57.3292,-58.5967,-27.305,-64.6779,62.2103,-46.1001,6.94424,4.60006,4.03322,-14.2543,-63.07,66.418,-42.249,-356.61,7.1117,4.92693,4.4232,2.0,AAAYLLLGALLGILLSTLAAA
ALLLGLLLGVLLSTL,0.9260721899361108,0.0258961716094428,G,AAAALLLGLLLGVLLSTLAAA_1,1.1001100110011e+17,1.0,-84.7695,-82.9546,-74.1453,-217.158,-212.458,-234.919,-356.443,4000.14,3246.88,3241.51,-32.3147,-3.07506,-86.8298,-64.105,-47.3791,-100.465,54.3591,-35.6879,6.60211,8.90821,8.2236,-14.1298,-100.398,38.898,-35.0,-370.605,7.038,6.81093,5.8944,1.0,AAAALLLGLLLGVLLSTLAAA
ALLLGLLLGVLLSTL,0.9260721899361108,0.0258961716094428,G,AAAALLLGLLLGVLLSTLAAA_2,1.1001100110011e+17,1.0,-83.7065,-84.0324,-74.1453,-215.092,-217.089,-234.919,-356.443,4000.14,3251.24,3241.51,-29.0735,3073.08,-86.7178,3017.76,-47.3791,-103.483,46.0779,-36.1443,6.74582,8.24298,7.43415,-14.386,-100.398,38.898,-35.0,-370.605,7.038,6.81093,5.8944,2.0,AAAALLLGLLLGVLLSTLAAA
ALLLGLLLGVLLSTL,0.9260721899361108,0.0258961716094428,G,AAAALLLGLLLGVLLSTLAAA_0,1.1001100110011e+17,1.0,-83.6533,-79.8348,-74.1453,-212.429,-213.864,-234.919,-356.443,4000.14,3255.87,3241.51,-25.5438,-14.1617,-85.9046,-76.9059,-47.3791,-97.2244,39.6481,-36.8274,6.78769,6.43615,5.53087,-15.5926,-100.398,38.898,-35.0,-370.605,7.038,6.81093,5.8944,0.0,AAAALLLGLLLGVLLSTLAAA
ALLLGLLLGVLLSTL,0.9260721899361108,0.0258961716094428,G,AAAALLLGLLLGVLLSTLAAA_1,1.1001100110011e+17,1.0,-84.7735,-83.4218,-74.1192,-219.355,-213.059,-235.221,-350.96,4007.16,3231.99,3272.59,-33.4638,-16.9293,-80.2947,-71.4085,-41.6201,-100.18,54.526,-33.7419,6.64941,8.88796,8.20584,-13.6623,-97.764,38.4753,-38.0973,-363.358,7.04,6.35877,5.4359,1.0,AAAALLLGLLLGVLLSTLAAA
ALLLGLLLGVLLSTL,0.9260721899361108,0.0258961716094428,G,AAAALLLGLLLGVLLSTLAAA_2,1.1001100110011e+17,1.0,-86.2367,-84.6596,-74.1192,-217.309,-219.234,-235.221,-350.96,4007.16,3216.1,3272.59,-33.2457,1232.37,-80.6603,1185.3,-41.6201,-96.0228,55.843,-35.2009,6.47838,8.44221,7.77986,-10.1612,-97.764,38.4753,-38.0973,-363.358,7.04,6.35877,5.4359,2.0,AAAALLLGLLLGVLLSTLAAA
ALLLGLLLGVLLSTL,0.9260721899361108,0.0258961716094428,G,AAAALLLGLLLGVLLSTLAAA_0,1.1001100110011e+17,1.0,-83.4911,-78.2955,-74.1192,-213.096,-213.161,-235.221,-350.96,4007.16,3248.78,3272.59,-25.5474,-12.3978,-79.9196,-71.9008,-41.6201,-91.6113,48.0024,-34.8651,6.86621,6.72202,5.94206,-12.1611,-97.764,38.4753,-38.0973,-363.358,7.04,6.35877,5.4359,0.0,AAAALLLGLLLGVLLSTLAAA
GYLLALLLGTLLSFL,0.5832216489855214,0.032485256418069,G,AAAGYLLALLLGTLLSFLAAA_1,1.1001100110011e+17,1.0,-84.9056,-77.2864,-74.0338,-226.148,-224.665,-252.297,-343.993,4056.63,3341.79,3327.39,-20.4391,-12.4423,-53.3781,-54.4832,-17.6621,-66.5223,49.5199,-41.9163,7.21115,3.16353,2.40633,-14.1486,-69.3266,52.1387,-41.8459,-358.298,7.431,3.93772,3.2198,1.0,AAAGYLLALLLGTLLSFLAAA
GYLLALLLGTLLSFL,0.5832216489855214,0.032485256418069,G,AAAGYLLALLLGTLLSFLAAA_2,1.1001100110011e+17,1.0,-83.2224,-77.2812,-74.0338,-225.963,-225.146,-252.297,-343.993,4056.63,3397.47,3327.39,-20.3415,-12.5472,-55.1484,-54.1129,-17.6621,-66.2489,50.1073,-41.3256,7.21588,3.20182,2.45343,-14.3042,-69.3266,52.1387,-41.8459,-358.298,7.431,3.93772,3.2198,2.0,AAAGYLLALLLGTLLSFLAAA
GYLLALLLGTLLSFL,0.5832216489855214,0.032485256418069,G,AAAGYLLALLLGTLLSFLAAA_0,1.1001100110011e+17,1.0,-84.8003,-76.0012,-74.0338,-224.625,-224.345,-252.297,-343.993,4056.63,3405.65,3327.39,-19.5996,-14.3059,-54.1665,-57.9526,-17.6621,-71.3497,49.9138,-41.7922,7.22956,3.94082,3.18953,-13.4579,-69.3266,52.1387,-41.8459,-358.298,7.431,3.93772,3.2198,0.0,AAAGYLLALLLGTLLSFLAAA
GYLLALLLGTLLSFL,0.5832216489855214,0.032485256418069,G,AAAGYLLALLLGTLLSFLAAA_0,1.1001100110011e+17,1.0,-83.1207,-76.2925,-74.0304,-224.813,-224.459,-251.962,-340.226,4062.83,3307.94,3321.7,-19.4846,-13.5386,-51.777,-53.0131,-14.2341,-71.1002,50.9022,-38.4211,6.74536,4.03683,3.30037,-13.8802,-68.9875,54.3485,-39.7512,-353.765,6.8746,4.18517,3.5004,0.0,AAAGYLLALLLGTLLSFLAAA
GYLLALLLGTLLSFL,0.5832216489855214,0.032485256418069,G,AAAGYLLALLLGTLLSFLAAA_1,1.1001100110011e+17,1.0,-83.2417,-77.7921,-74.0304,-224.819,-224.79,-251.962,-340.226,4062.83,3318.5,3321.7,-19.4778,-13.9258,-51.6436,-51.57,-14.2341,-66.265,52.674,-38.5204,6.7413,3.55075,2.84086,-14.0823,-68.9875,54.3485,-39.7512,-353.765,6.8746,4.18517,3.5004,1.0,AAAGYLLALLLGTLLSFLAAA
GYLLALLLGTLLSFL,0.5832216489855214,0.032485256418069,G,AAAGYLLALLLGTLLSFLAAA_2,1.1001100110011e+17,1.0,-73.4911,-77.7964,-74.0304,-224.94,-224.769,-251.962,-340.226,4062.83,3392.71,3321.7,-14.1213,-13.6468,-55.9164,-51.3074,-14.2341,-69.123,56.9663,-37.8782,6.96021,4.5589,3.91339,-13.6928,-68.9875,54.3485,-39.7512,-353.765,6.8746,4.18517,3.5004,2.0,AAAGYLLALLLGTLLSFLAAA
SYLLTALLGALLGFL,0.7907880944892437,0.0918411265359474,G,AAASYLLTALLGALLGFLAAA_0,1.1001100110011e+17,1.0,-84.3122,-81.5806,-51.5363,-221.593,-220.025,-256.837,-327.534,4057.45,3315.73,3277.29,-33.8823,-12.9352,-55.5114,-38.864,-19.161,-45.7002,84.2305,-42.6098,6.29804,4.72614,4.4896,-12.8504,-47.4319,67.7648,-45.0,-340.47,6.6781,2.76303,2.2795,0.0,AAASYLLTALLGALLGFLAAA
SYLLTALLGALLGFL,0.7907880944892437,0.0918411265359474,G,AAASYLLTALLGALLGFLAAA_2,1.1001100110011e+17,1.0,-88.8067,-82.9621,-51.5363,-222.873,-221.457,-256.837,-327.534,4057.45,3291.31,3277.29,-29.263,-16.3673,-45.1179,-39.483,-19.161,-50.7462,54.7789,-40.9577,6.37772,1.50708,0.828765,-9.15547,-47.4319,67.7648,-45.0,-340.47,6.6781,2.76303,2.2795,2.0,AAASYLLTALLGALLGFLAAA
SYLLTALLGALLGFL,0.7907880944892437,0.0918411265359474,G,AAASYLLTALLGALLGFLAAA_1,1.1001100110011e+17,1.0,-80.191,-86.6691,-51.5363,-220.889,-220.348,-256.837,-327.534,4057.45,3361.32,3277.29,-24.5726,16.1651,-51.0272,-4.35208,-19.161,-49.5698,58.6539,-48.2057,6.46724,1.85374,1.23355,-12.3418,-47.4319,67.7648,-45.0,-340.47,6.6781,2.76303,2.2795,1.0,AAASYLLTALLGALLGFLAAA
TLLLGLLLGVLLGSL,0.8816588090137158,0.0343395919074278,G,AAATLLLGLLLGVLLGSLAAA_1,1.1001100110011e+17,1.0,-73.0171,-69.7269,-60.2824,-216.051,-216.5,-239.583,-350.278,4024.84,3188.45,3277.26,-29.6894,196.676,-90.8989,132.626,-50.4124,-87.091,44.0732,-40.4277,6.52404,5.51352,4.67462,-10.8953,-91.396,35.576,-35.8075,-361.184,7.4513,5.01216,4.0458,1.0,AAATLLLGLLLGVLLGSLAAA
TLLLGLLLGVLLGSL,0.8816588090137158,0.0343395919074278,G,AAATLLLGLLLGVLLGSLAAA_2,1.1001100110011e+17,1.0,-72.3499,-70.7776,-60.2824,-216.12,-215.629,-239.583,-350.278,4024.84,3194.03,3277.26,-28.8067,958.628,-90.6143,894.757,-50.4124,-90.1479,43.1482,-40.2831,6.63081,5.8472,4.99442,-9.89214,-91.396,35.576,-35.8075,-361.184,7.4513,5.01216,4.0458,2.0,AAATLLLGLLLGVLLGSLAAA
TLLLGLLLGVLLGSL,0.8816588090137158,0.0343395919074278,G,AAATLLLGLLLGVLLGSLAAA_0,1.1001100110011e+17,1.0,-72.1768,-61.9984,-60.2824,-215.18,-217.011,-239.583,-350.278,4024.84,3207.28,3277.26,-27.1084,-10.9059,-90.0295,-82.1745,-50.4124,-90.7948,29.6092,-40.0715,6.59119,4.11647,3.0606,-10.8237,-91.396,35.576,-35.8075,-361.184,7.4513,5.01216,4.0458,0.0,AAATLLLGLLLGVLLGSLAAA
TSLLVGLLAYLLGLL,0.3914254471463252,0.0469002711886256,G,AAATSLLVGLLAYLLGLLAAA_1,1.1001100110011e+17,1.0,-58.4193,-58.3915,-44.9603,-225.402,-226.143,-259.174,-344.801,4062.07,3248.84,3294.15,-10.2713,-8.70392,-71.2506,-68.9703,-40.667,-49.433,58.479,-34.1881,7.43825,1.80961,1.18679,-8.86979,-47.0876,58.6724,-35.0,-354.515,7.44,1.48391,0.863996,1.0,AAATSLLVGLLAYLLGLLAAA
TSLLVGLLAYLLGLL,0.3914254471463252,0.0469002711886256,G,AAATSLLVGLLAYLLGLLAAA_0,1.1001100110011e+17,1.0,-59.1884,-59.0702,-44.9603,-226.155,-226.0,-259.174,-344.801,4062.07,3244.3,3294.15,-10.1358,-9.71395,-69.5931,-69.4446,-40.667,-47.0205,58.7332,-33.8296,7.47936,1.48205,0.863052,-8.41218,-47.0876,58.6724,-35.0,-354.515,7.44,1.48391,0.863996,0.0,AAATSLLVGLLAYLLGLLAAA
TSLLVGLLAYLLGLL,0.3914254471463252,0.0469002711886256,G,AAATSLLVGLLAYLLGLLAAA_2,1.1001100110011e+17,1.0,-56.2626,-58.1039,-44.9603,-229.155,-225.402,-259.174,-344.801,4062.07,3308.63,3294.15,-5.0532,-9.64255,-64.4363,-70.9381,-40.667,-46.1679,54.2496,-33.2998,7.89078,0.748882,0.0626253,-9.44226,-47.0876,58.6724,-35.0,-354.515,7.44,1.48391,0.863996,2.0,AAATSLLVGLLAYLLGLLAAA
YSLLFALLGALLTLL,0.4359117814143273,0.0409500522366477,G,AAAYSLLFALLGALLTLLAAA_0,1.1001100110011e+17,1.0,-65.8569,-65.7597,-58.8315,-224.195,-224.32,-254.357,-333.675,4151.43,3433.97,3478.16,-11.313,-8.96373,-54.9367,-52.5587,-20.4866,-61.6353,66.2777,-38.0248,7.22716,4.69278,4.18695,-8.78981,-60.6829,69.0631,-38.9844,-342.639,7.1168,4.92595,4.4619,0.0,AAAYSLLFALLGALLTLLAAA
YSLLFALLGALLTLL,0.4359117814143273,0.0409500522366477,G,AAAYSLLFALLGALLTLLAAA_1,1.1001100110011e+17,1.0,-65.638,-65.4237,-58.8315,-225.506,-224.865,-254.357,-333.675,4151.43,3441.58,3478.16,-11.2616,-8.5518,-53.7927,-51.9381,-20.4866,-58.1082,69.0061,-38.3066,7.23458,4.53206,4.06715,-9.07893,-60.6829,69.0631,-38.9844,-342.639,7.1168,4.92595,4.4619,1.0,AAAYSLLFALLGALLTLLAAA
YSLLFALLGALLTLL,0.4359117814143273,0.0409500522366477,G,AAAYSLLFALLGALLTLLAAA_2,1.1001100110011e+17,1.0,-65.8376,-64.9259,-58.8315,-224.127,-225.281,-254.357,-333.675,4151.43,3426.82,3478.16,-11.231,-7.39787,-54.9411,-50.8659,-20.4866,-59.3866,69.9172,-37.9024,7.23378,4.84681,4.39557,-7.97226,-60.6829,69.0631,-38.9844,-342.639,7.1168,4.92595,4.4619,2.0,AAAYSLLFALLGALLTLLAAA
LYLLLAVLTSLLFSL,0.415003198821331,0.0372947764167974,L,AAALYLLLAVLTSLLFSLAAA_1,1.1001100110011e+17,1.0,-95.83,-95.7606,-89.6087,-231.476,-231.174,-243.583,-353.06,4124.03,3381.73,3371.78,-27.9995,-26.3152,-53.754,-52.4406,-19.8685,-12.238,97.4522,18.4541,8.47179,1.49174,1.45353,-22.0096,-14.6826,87.4327,18.0,-377.29,8.5,0.50581,0.317301,1.0,AAALYLLLAVLTSLLFSLAAA
LYLLLAVLTSLLFSL,0.415003198821331,0.0372947764167974,L,AAALYLLLAVLTSLLFSLAAA_0,1.1001100110011e+17,1.0,-95.7606,-96.1029,-89.6087,-230.924,-228.957,-243.583,-353.06,4124.03,3395.09,3371.78,-27.2354,-24.2298,-53.6115,-52.2298,-19.8685,-13.5779,94.5045,18.3132,8.46296,1.29479,1.21236,-21.0996,-14.6826,87.4327,18.0,-377.29,8.5,0.50581,0.317301,0.0,AAALYLLLAVLTSLLFSLAAA
LYLLLAVLTSLLFSL,0.415003198821331,0.0372947764167974,L,AAALYLLLAVLTSLLFSLAAA_2,1.1001100110011e+17,1.0,-95.8661,-95.83,-89.6087,-229.861,-231.592,-243.583,-353.06,4124.03,3383.76,3371.78,-25.6024,-26.3084,-52.9356,-51.9464,-19.8685,-12.171,93.9751,17.4029,8.34403,1.01229,0.921921,-21.7554,-14.6826,87.4327,18.0,-377.29,8.5,0.50581,0.317301,2.0,AAALYLLLAVLTSLLFSLAAA
LFWLLAVLTALLYLL,0.3752583436971805,0.0371641202138348,L,AAALFWLLAVLTALLYLLAAA_1,1.1001100110011e+17,1.0,-58.9566,-58.9566,-58.9566,-229.964,-227.539,-246.131,-325.346,4353.94,3272.02,3381.68,-25.2367,-22.6125,-61.6616,-61.4627,-20.2578,-9.13641,99.7778,20.2658,8.47345,1.34047,1.33714,-21.1579,-10.97,92.972,21.0294,-346.59,8.5,0.69672,0.5913,1.0,AAALFWLLAVLTALLYLLAAA
LFWLLAVLTALLYLL,0.3752583436971805,0.0371641202138348,L,AAALFWLLAVLTALLYLLAAA_0,1.1001100110011e+17,1.0,-58.9566,-58.9566,-58.9566,-227.672,-226.861,-246.131,-325.346,4353.94,3296.01,3381.68,-22.6881,-21.2448,-61.4055,-60.7724,-20.2578,-10.1612,95.0922,20.2996,8.47757,0.861625,0.788007,-21.1473,-10.97,92.972,21.0294,-346.59,8.5,0.69672,0.5913,0.0,AAALFWLLAVLTALLYLLAAA
LFWLLAVLTALLYLL,0.3752583436971805,0.0371641202138348,L,AAALFWLLAVLTALLYLLAAA_2,1.1001100110011e+17,1.0,-58.9566,-58.9566,-58.9566,-230.673,-229.855,-246.131,-325.346,4353.94,3386.26,3381.68,-20.6629,-25.0522,-56.3785,-61.5863,-20.2578,-8.06215,101.552,18.6307,9.18819,1.41886,1.44214,-21.0976,-10.97,92.972,21.0294,-346.59,8.5,0.69672,0.5913,2.0,AAALFWLLAVLTALLYLLAAA
FALLLVLITLLYSLL,0.928439459452535,0.0830267054520167,L,AAAFALLLVLITLLYSLLAAA_2,1.1001100110011e+17,1.0,-76.2483,-75.8288,-74.2971,-229.268,-229.521,-246.679,-344.248,4151.92,3488.91,3459.66,-13.509,13.8615,-52.2407,-25.0372,-23.2722,-112.578,17.9841,26.6969,9.49988,5.8146,4.58436,-14.8382,-112.078,20.556,26.4283,-358.408,9.0465,6.08676,4.8951,2.0,AAAFALLLVLITLLYSLLAAA
FALLLVLITLLYSLL,0.928439459452535,0.0830267054520167,L,AAAFALLLVLITLLYSLLAAA_1,1.1001100110011e+17,1.0,-75.7861,-75.8288,-74.2971,-229.923,-229.605,-246.679,-344.248,4151.92,3549.72,3459.66,-11.3536,5.27649,-49.8924,-33.5377,-23.2722,-107.28,26.9565,27.4451,9.61428,6.23107,5.13541,-13.7126,-112.078,20.556,26.4283,-358.408,9.0465,6.08676,4.8951,1.0,AAAFALLLVLITLLYSLLAAA
FALLLVLITLLYSLL,0.928439459452535,0.0830267054520167,L,AAAFALLLVLITLLYSLLAAA_0,1.1001100110011e+17,1.0,-75.4237,-76.1019,-74.2971,-230.011,-229.286,-246.679,-344.248,4151.92,3557.39,3459.66,-11.0187,-14.16,-49.832,-53.0205,-23.2722,-108.991,23.2735,24.8348,9.75694,5.99061,4.83971,-13.3915,-112.078,20.556,26.4283,-358.408,9.0465,6.08676,4.8951,0.0,AAAFALLLVLITLLYSLLAAA
LYLLLFVLTALLLSL,0.5931748441810833,0.0719201360409222,L,AAALYLLLFVLTALLLSLAAA_0,1.1001100110011e+17,1.0,-74.1547,-74.1547,-74.1215,-233.326,-229.214,-244.618,-347.326,4233.94,3436.33,3445.01,-19.2467,-14.8888,-59.0919,-58.8461,-28.5863,-12.732,102.409,29.837,9.27507,2.23505,2.27119,-15.15,-14.7531,87.3716,27.6992,-362.214,9.2159,0.508126,0.318699,0.0,AAALYLLLFVLTALLLSLAAA
LYLLLFVLTALLLSL,0.5931748441810833,0.0719201360409222,L,AAALYLLLFVLTALLLSLAAA_2,1.1001100110011e+17,1.0,-74.1547,-74.1547,-74.1215,-229.348,-228.05,-244.618,-347.326,4233.94,3458.15,3445.01,-15.5087,-14.4649,-59.332,-59.5854,-28.5863,-13.7559,89.4224,27.913,9.21254,0.635405,0.476741,-14.6341,-14.7531,87.3716,27.6992,-362.214,9.2159,0.508126,0.318699,2.0,AAALYLLLFVLTALLLSLAAA
LYLLLFVLTALLLSL,0.5931748441810833,0.0719201360409222,L,AAALYLLLFVLTALLLSLAAA_1,1.1001100110011e+17,1.0,-74.1547,-74.1547,-74.1215,-228.05,-233.706,-244.618,-347.326,4233.94,3441.7,3445.01,-14.4649,-18.7733,-59.5854,-58.238,-28.5863,-14.7631,84.0506,27.524,9.15471,0.0612982,-0.177942,-14.9687,-14.7531,87.3716,27.6992,-362.214,9.2159,0.508126,0.318699,1.0,AAALYLLLFVLTALLLSLAAA
LYLLLAVLTALLFSL,0.3570070784691533,0.0372191102470245,L,AAALYLLLAVLTALLFSLAAA_0,1.1001100110011e+17,1.0,-74.2439,-74.2439,-74.2439,-230.658,-225.878,-241.564,-338.215,4124.2,3331.76,3407.29,-26.2719,-13.0546,-59.5858,-51.1485,-22.4074,-12.165,103.952,18.6197,8.71209,2.35826,2.41754,-13.0591,-16.1108,85.7945,18.2467,-351.27,9.3989,0.498883,0.285801,0.0,AAALYLLLAVLTALLFSLAAA
LYLLLAVLTALLFSL,0.3570070784691533,0.0372191102470245,L,AAALYLLLAVLTALLFSLAAA_1,1.1001100110011e+17,1.0,-74.2439,-74.2439,-74.2439,-228.628,-230.949,-241.564,-338.215,4124.2,3359.58,3407.29,-22.8528,-3.74329,-58.1963,-36.7658,-22.4074,-11.514,100.813,18.7149,8.83165,1.83689,1.84909,-12.8803,-16.1108,85.7945,18.2467,-351.27,9.3989,0.498883,0.285801,1.0,AAALYLLLAVLTALLFSLAAA
LYLLLAVLTALLFSL,0.3570070784691533,0.0372191102470245,L,AAALYLLLAVLTALLFSLAAA_2,1.1001100110011e+17,1.0,-74.2439,-74.2439,-74.2439,-225.488,-229.063,-241.564,-338.215,4124.2,3307.9,3407.29,-20.2823,6.44833,-58.7661,-28.4606,-22.4074,-14.0332,88.9359,18.7878,8.72208,0.611318,0.445356,-12.9967,-16.1108,85.7945,18.2467,-351.27,9.3989,0.498883,0.285801,2.0,AAALYLLLAVLTALLFSLAAA
YLLLFVLIALLLTLL,0.4094159779886273,0.0411042415400228,L,AAAYLLLFVLIALLLTLLAAA_0,1.1001100110011e+17,1.0,-58.8554,-58.8554,-58.8554,-235.885,-231.823,-250.237,-339.911,4323.15,3547.44,3565.44,-14.6854,-12.4113,-59.8561,-61.6438,-30.8188,-105.76,29.1872,20.4543,9.51192,6.30428,5.24209,-12.0962,-105.122,22.7647,23.6466,-352.322,9.4707,5.34153,4.183,0.0,AAAYLLLFVLIALLLTLLAAA
YLLLFVLIALLLTLL,0.4094159779886273,0.0411042415400228,L,AAAYLLLFVLIALLLTLLAAA_1,1.1001100110011e+17,1.0,-58.8554,-58.8554,-58.8554,-235.426,-235.789,-250.237,-339.911,4323.15,3605.49,3565.44,-14.3765,-13.1864,-60.0065,-58.4533,-30.8188,-103.097,33.413,24.0516,9.56414,6.47527,5.47646,-12.405,-105.122,22.7647,23.6466,-352.322,9.4707,5.34153,4.183,1.0,AAAYLLLFVLIALLLTLLAAA
YLLLFVLIALLLTLL,0.4094159779886273,0.0411042415400228,L,AAAYLLLFVLIALLLTLLAAA_2,1.1001100110011e+17,1.0,-58.8554,-58.8554,-58.8554,-230.773,-235.426,-250.237,-339.911,4323.15,3579.54,3565.44,-11.816,-14.3765,-62.0982,-60.0065,-30.8188,-106.067,19.4864,23.8034,9.45692,5.04066,3.83295,-12.4191,-105.122,22.7647,23.6466,-352.322,9.4707,5.34153,4.183,2.0,AAAYLLLFVLIALLLTLLAAA
YWLLTVLALLLFSLL,0.8382560664259644,0.0763151709550063,L,AAAYWLLTVLALLLFSLLAAA_1,1.1001100110011e+17,1.0,-76.8737,-77.3091,-67.1086,-236.75,-232.59,-264.172,-350.381,4385.72,3572.45,3602.34,-14.4563,-12.4694,-51.2132,-52.9511,-19.1003,-100.188,35.3208,23.6346,9.64813,6.2965,5.32631,-12.0752,-104.528,19.8573,25.1083,-362.467,9.5,4.85993,3.65779,1.0,AAAYWLLTVLALLLFSLLAAA
YWLLTVLALLLFSLL,0.8382560664259644,0.0763151709550063,L,AAAYWLLTVLALLLFSLLAAA_0,1.1001100110011e+17,1.0,-77.3091,-76.5954,-67.1086,-232.59,-232.772,-264.172,-350.381,4385.72,3645.27,3602.34,-12.4694,-12.0863,-52.9511,-53.1,-19.1003,-105.167,17.6368,24.5827,9.51157,4.65596,3.42052,-11.3862,-104.528,19.8573,25.1083,-362.467,9.5,4.85993,3.65779,0.0,AAAYWLLTVLALLLFSLLAAA
YWLLTVLALLLFSLL,0.8382560664259644,0.0763151709550063,L,AAAYWLLTVLALLLFSLLAAA_2,1.1001100110011e+17,1.0,-77.237,-76.8737,-67.1086,-233.062,-236.75,-264.172,-350.381,4385.72,3665.74,3602.34,-12.4496,-14.4563,-52.5316,-51.2132,-19.1003,-103.72,21.0092,24.3267,9.58443,4.89425,3.70939,-11.5252,-104.528,19.8573,25.1083,-362.467,9.5,4.85993,3.65779,2.0,AAAYWLLTVLALLLFSLLAAA
FSLLLLLVALLLTLL,0.7455477022284246,0.0325057113423677,L,AAAFSLLLLLVALLLTLLAAA_2,1.1001100110011e+17,1.0,-65.0939,-58.8874,-58.8864,-231.029,-230.66,-252.416,-358.495,4169.71,3357.18,3482.61,-16.5656,-6.39374,-78.9379,-75.3413,-47.1925,-108.583,18.6107,21.1642,9.21258,5.29989,4.07905,-11.3946,-106.959,11.5744,28.0,-370.41,9.0662,4.10639,2.78001,2.0,AAAFSLLLLLVALLLTLLAAA
FSLLLLLVALLLTLL,0.7455477022284246,0.0325057113423677,L,AAAFSLLLLLVALLLTLLAAA_1,1.1001100110011e+17,1.0,-65.4602,-66.7287,-58.8864,-230.353,-229.653,-252.416,-358.495,4169.71,3368.92,3482.61,-15.3519,-8.94508,-78.0332,-71.0584,-47.1925,-110.225,9.79512,21.4647,9.22483,4.35611,3.00304,-11.3992,-106.959,11.5744,28.0,-370.41,9.0662,4.10639,2.78001,1.0,AAAFSLLLLLVALLLTLLAAA
FSLLLLLVALLLTLL,0.7455477022284246,0.0325057113423677,L,AAAFSLLLLLVALLLTLLAAA_0,1.1001100110011e+17,1.0,-67.8583,-66.7528,-58.8864,-229.548,-229.953,-252.416,-358.495,4169.71,3485.15,3482.61,-11.7409,-11.915,-72.8292,-73.7042,-47.1925,-105.041,14.9152,29.0975,9.07535,4.26972,2.99344,-11.4981,-106.959,11.5744,28.0,-370.41,9.0662,4.10639,2.78001,0.0,AAAFSLLLLLVALLLTLLAAA
FLLLTILVALLLSLL,0.4855250848829623,0.0414525432807424,L,AAAFLLLTILVALLLSLLAAA_0,1.1001100110011e+17,1.0,-70.4896,-70.4896,-74.0801,-227.694,-224.914,-241.427,-356.652,4194.24,3424.3,3509.2,-12.4493,-9.96694,-70.9181,-71.2152,-41.1446,-107.304,13.1408,24.0109,9.53984,4.3696,3.06672,-8.24144,-108.506,6.15667,24.8812,-366.619,9.4921,3.60705,2.1994,0.0,AAAFLLLTILVALLLSLLAAA
FLLLTILVALLLSLL,0.4855250848829623,0.0414525432807424,L,AAAFLLLTILVALLLSLLAAA_2,1.1001100110011e+17,1.0,-70.4896,-70.4896,-74.0801,-226.597,-225.856,-241.427,-356.652,4194.24,3463.49,3509.2,-10.8132,11.7121,-70.3786,-48.5949,-41.1446,-107.884,11.0684,26.1824,9.56617,4.17685,2.84288,-9.99506,-108.506,6.15667,24.8812,-366.619,9.4921,3.60705,2.1994,2.0,AAAFLLLTILVALLLSLLAAA
FLLLTILVALLLSLL,0.4855250848829623,0.0414525432807424,L,AAAFLLLTILVALLLSLLAAA_1,1.1001100110011e+17,1.0,-74.0867,-70.4896,-74.0801,-226.67,-227.694,-241.427,-356.652,4194.24,3533.33,3509.2,-4.94486,-12.4493,-60.8399,-70.9181,-41.1446,-113.877,1.87054,24.2813,10.3081,3.83409,2.36215,-9.66578,-108.506,6.15667,24.8812,-366.619,9.4921,3.60705,2.1994,1.0,AAAFLLLTILVALLLSLLAAA
FALLTVLLSLLYLLL,0.4725612635760087,0.0413450703379541,L,AAAFALLTVLLSLLYLLLAAA_1,1.1001100110011e+17,1.0,-70.5821,-70.6457,-74.3339,-235.836,-235.152,-248.432,-351.613,4170.52,3446.25,3507.87,-14.5221,35.4935,-59.7168,-10.3216,-28.8471,-99.6848,38.7781,13.8404,9.15532,6.68776,5.76943,-7.49655,-97.9457,30.4483,18.4225,-359.51,9.4224,5.30238,4.2591,1.0,AAAFALLTVLLSLLYLLLAAA
FALLTVLLSLLYLLL,0.4725612635760087,0.0413450703379541,L,AAAFALLTVLLSLLYLLLAAA_2,1.1001100110011e+17,1.0,-70.6457,-70.6457,-74.3339,-230.722,-235.836,-248.432,-351.613,4170.52,3481.22,3507.87,-8.76068,-0.683056,-59.0063,-45.815,-28.8471,-101.391,22.5939,17.5305,9.21948,4.75884,3.59774,-7.96374,-97.9457,30.4483,18.4225,-359.51,9.4224,5.30238,4.2591,2.0,AAAFALLTVLLSLLYLLLAAA
FALLTVLLSLLYLLL,0.4725612635760087,0.0413450703379541,L,AAAFALLTVLLSLLYLLLAAA_0,1.1001100110011e+17,1.0,-74.3339,-70.6457,-74.3339,-235.221,-231.792,-248.432,-351.613,4170.52,3525.71,3507.87,-6.49506,-7.89637,-48.553,-57.0719,-28.8471,-102.569,33.4928,13.4058,9.98274,6.40685,5.40924,-7.93871,-97.9457,30.4483,18.4225,-359.51,9.4224,5.30238,4.2591,0.0,AAAFALLTVLLSLLYLLLAAA
LYLLTFLLAVLLILL,0.4110927512995033,0.0200667093248089,L,AAALYLLTFLLAVLLILLAAA_2,1.1001100110011e+17,1.0,-58.8717,-58.7591,-58.7776,-231.011,-229.177,-246.389,-339.59,4296.29,3391.63,3524.23,-16.7051,-8.27666,-66.412,-59.9302,-34.4229,-56.4986,84.1284,23.2992,8.94708,6.33213,6.09405,-6.61579,-63.0338,71.0042,23.361,-346.492,9.4488,5.54064,5.1057,2.0,AAALYLLTFLLAVLLILLAAA
LYLLTFLLAVLLILL,0.4110927512995033,0.0200667093248089,L,AAALYLLTFLLAVLLILLAAA_0,1.1001100110011e+17,1.0,-58.7776,-58.7591,-58.7776,-232.22,-229.487,-246.389,-339.59,4296.29,3469.71,3524.23,-13.6175,-6.90254,-62.2095,-58.2459,-34.4229,-59.3836,81.5985,22.7145,9.56028,6.42335,6.14732,-6.69634,-63.0338,71.0042,23.361,-346.492,9.4488,5.54064,5.1057,0.0,AAALYLLTFLLAVLLILLAAA
LYLLTFLLAVLLILL,0.4110927512995033,0.0200667093248089,L,AAALYLLTFLLAVLLILLAAA_1,1.1001100110011e+17,1.0,-58.7776,-58.7591,-58.7776,-228.826,-232.587,-246.389,-339.59,4296.29,3465.86,3524.23,-11.0165,-11.0247,-63.0022,-59.2682,-34.4229,-60.2092,73.2056,23.5286,9.42455,5.41414,5.01222,-6.91951,-63.0338,71.0042,23.361,-346.492,9.4488,5.54064,5.1057,1.0,AAALYLLTFLLAVLLILLAAA
VWLLTALLIALLSLL,0.4664147200369147,0.049692529247088,R,AAAVWLLTALLIALLSLLAAA_0,1.1001100110011e+17,1.0,-74.91,-74.2062,-74.275,-238.741,-228.729,-243.827,-361.395,4188.09,3288.99,3326.24,-32.9421,-23.5813,-80.6859,-82.0409,-43.293,-16.3207,107.86,-37.7192,8.56027,3.50921,3.62711,-23.5468,-18.646,87.7907,-39.994,-384.976,8.5175,1.14864,0.9655,0.0,AAAVWLLTALLIALLSLLAAA
VWLLTALLIALLSLL,0.4664147200369147,0.049692529247088,R,AAAVWLLTALLIALLSLLAAA_2,1.1001100110011e+17,1.0,-75.7245,-74.2062,-74.275,-229.613,-230.639,-243.827,-361.395,4188.09,3287.68,3326.24,-24.4453,-23.8877,-80.5028,-80.4371,-43.293,-20.7496,86.7319,-38.3241,8.31175,1.32125,1.12223,-23.3653,-18.646,87.7907,-39.994,-384.976,8.5175,1.14864,0.9655,2.0,AAAVWLLTALLIALLSLLAAA
VWLLTALLIALLSLL,0.4664147200369147,0.049692529247088,R,AAAVWLLTALLIALLSLLAAA_1,1.1001100110011e+17,1.0,-74.275,-75.7461,-74.275,-230.99,-238.743,-243.827,-361.395,4188.09,3288.13,3326.24,-24.2306,-31.388,-80.3601,-78.2939,-43.293,-21.4394,89.2231,-39.5627,8.41451,1.76104,1.59938,-23.4531,-18.646,87.7907,-39.994,-384.976,8.5175,1.14864,0.9655,1.0,AAAVWLLTALLIALLSLLAAA
YWLLVALLLALLSTL,0.4206608829083308,0.0399651840216747,R,AAAYWLLVALLLALLSTLAAA_0,1.1001100110011e+17,1.0,-68.0249,-75.8092,-74.2545,-237.186,-232.229,-254.283,-354.302,4300.19,3408.47,3457.17,-22.0179,-19.1554,-71.109,-65.4194,-25.765,-19.6292,98.5877,-38.3681,7.73948,2.75371,2.73252,-19.1556,-15.7577,89.9497,-39.1893,-373.457,8.0,1.00686,0.856105,0.0,AAAYWLLVALLLALLSTLAAA
YWLLVALLLALLSTL,0.4206608829083308,0.0399651840216747,R,AAAYWLLVALLLALLSTLAAA_1,1.1001100110011e+17,1.0,-74.8525,-76.4983,-74.2545,-234.701,-236.403,-254.283,-354.302,4300.19,3425.08,3457.17,-19.4149,-18.0631,-64.1637,-59.4636,-25.765,-20.0041,92.666,-39.9181,8.00036,2.01053,1.90052,-19.0711,-15.7577,89.9497,-39.1893,-373.457,8.0,1.00686,0.856105,1.0,AAAYWLLVALLLALLSTLAAA
YWLLVALLLALLSTL,0.4206608829083308,0.0399651840216747,R,AAAYWLLVALLLALLSTLAAA_2,1.1001100110011e+17,1.0,-75.0565,-74.8525,-74.2545,-232.824,-234.102,-254.283,-354.302,4300.19,3447.28,3457.17,-19.2262,-19.6872,-65.6475,-65.035,-25.765,-16.4047,91.7843,-40.7081,8.00513,1.35159,1.22835,-19.3382,-15.7577,89.9497,-39.1893,-373.457,8.0,1.00686,0.856105,2.0,AAAYWLLVALLLALLSTLAAA
SYLLVFLLALLLATL,0.5459544929434212,0.0234791098696088,R,AAASYLLVFLLALLLATLAAA_1,1.1001100110011e+17,1.0,-77.5204,-74.0711,-58.8168,-233.412,-234.921,-257.248,-342.597,4184.98,3427.4,3388.99,-18.5598,-14.9412,-50.2242,-48.546,-26.5323,-63.7866,55.5879,-41.5491,8.36596,3.57235,2.90617,-16.8827,-61.0036,57.271,-40.2845,-360.137,8.1019,3.38213,2.7412,1.0,AAASYLLVFLLALLLATLAAA
SYLLVFLLALLLATL,0.5459544929434212,0.0234791098696088,R,AAASYLLVFLLALLLATLAAA_0,1.1001100110011e+17,1.0,-76.9744,-77.5297,-58.8168,-234.774,-233.674,-257.248,-342.597,4184.98,3378.52,3388.99,-17.7368,-17.5394,-48.5855,-48.9333,-26.5323,-63.1179,49.7782,-41.2255,8.09036,2.68774,1.93441,-17.4767,-61.0036,57.271,-40.2845,-360.137,8.1019,3.38213,2.7412,0.0,AAASYLLVFLLALLLATLAAA
SYLLVFLLALLLATL,0.5459544929434212,0.0234791098696088,R,AAASYLLVFLLALLLATLAAA_2,1.1001100110011e+17,1.0,-78.2232,-72.0849,-58.8168,-234.091,-233.521,-257.248,-342.597,4184.98,3427.79,3388.99,-15.888,-10.8234,-46.1711,-47.8143,-26.5323,-66.2321,51.7582,-37.881,8.80142,3.42217,2.69854,-16.6633,-61.0036,57.271,-40.2845,-360.137,8.1019,3.38213,2.7412,2.0,AAASYLLVFLLALLLATLAAA
SYLLVFLLATLLSLL,0.4434153177551228,0.0343711016458068,R,AAASYLLVFLLATLLSLLAAA_2,1.1001100110011e+17,1.0,-93.5788,-87.3028,-74.0414,-232.852,-233.634,-259.295,-357.174,4191.16,3446.02,3457.54,-16.9294,-7.95553,-47.6721,-44.1922,-23.8377,-65.3685,50.1605,-41.1793,8.39585,3.07694,2.32935,-12.9123,-64.4175,49.7905,-41.0526,-372.914,8.2396,2.88434,2.1312,2.0,AAASYLLVFLLATLLSLLAAA
SYLLVFLLATLLSLL,0.4434153177551228,0.0343711016458068,R,AAASYLLVFLLATLLSLLAAA_0,1.1001100110011e+17,1.0,-93.4458,-90.0863,-74.0414,-232.782,-233.051,-259.295,-357.174,4191.16,3455.86,3457.54,-16.8026,-15.7403,-47.7488,-49.7767,-23.8377,-63.3075,52.7849,-41.3261,8.37559,3.12209,2.41386,-15.4782,-64.4175,49.7905,-41.0526,-372.914,8.2396,2.88434,2.1312,0.0,AAASYLLVFLLATLLSLLAAA
SYLLVFLLATLLSLL,0.4434153177551228,0.0343711016458068,R,AAASYLLVFLLATLLSLLAAA_1,1.1001100110011e+17,1.0,-93.3942,-88.1712,-74.0414,-234.363,-232.782,-259.295,-357.174,4191.16,3476.14,3457.54,-12.4372,-12.725,-41.8537,-48.9457,-23.8377,-67.1648,45.2352,-38.7562,8.78935,2.68148,1.86,-14.2857,-64.4175,49.7905,-41.0526,-372.914,8.2396,2.88434,2.1312,1.0,AAASYLLVFLLATLLSLLAAA
FYLLVALLTALLSLL,0.4953568372531854,0.0597298129017986,R,AAAFYLLVALLTALLSLLAAA_0,1.1001100110011e+17,1.0,-80.9133,-80.7145,-74.2943,-227.801,-225.931,-243.899,-339.167,4156.44,3495.52,3614.59,-17.1933,-14.8444,-47.6461,-47.3663,-20.9736,-21.4499,95.7941,-42.1605,8.68896,2.64969,2.5866,-14.7567,-22.0295,90.9785,-43.2966,-354.012,8.7631,2.08652,1.9512,0.0,AAAFYLLVALLTALLSLLAAA
FYLLVALLTALLSLL,0.4953568372531854,0.0597298129017986,R,AAAFYLLVALLTALLSLLAAA_2,1.1001100110011e+17,1.0,-80.9098,-80.7145,-74.2943,-227.033,-228.992,-243.899,-339.167,4156.44,3564.7,3614.59,-13.9053,-20.381,-45.1302,-49.8419,-20.9736,-20.9773,95.2232,-43.8817,8.95905,2.50172,2.43007,-14.3027,-22.0295,90.9785,-43.2966,-354.012,8.7631,2.08652,1.9512,2.0,AAAFYLLVALLTALLSLLAAA
FYLLVALLTALLSLL,0.4953568372531854,0.0597298129017986,R,AAAFYLLVALLTALLSLLAAA_1,1.1001100110011e+17,1.0,-74.2943,-80.7145,-74.2943,-228.716,-227.804,-243.899,-339.167,4156.44,3448.26,3614.59,-13.7761,-17.2997,-49.9331,-47.9489,-20.9736,-23.4278,96.2403,-40.5031,8.54833,3.00661,2.95021,-6.10152,-22.0295,90.9785,-43.2966,-354.012,8.7631,2.08652,1.9512,1.0,AAAFYLLVALLTALLSLLAAA
YSLLLALLFALLTIL,0.5791037113147097,0.0346929214088448,R,AAAYSLLLALLFALLTILAAA_0,1.1001100110011e+17,1.0,-65.8904,-65.8873,-58.8896,-231.483,-231.114,-259.611,-343.772,4226.81,3449.73,3434.17,-14.8699,-14.0843,-61.2688,-60.8546,-25.2717,-51.8805,73.6735,-34.5682,8.21273,4.22799,3.83309,-13.9871,-54.1112,74.7115,-35.0,-357.856,8.1658,4.70273,4.3234,0.0,AAAYSLLLALLFALLTILAAA
YSLLLALLFALLTIL,0.5791037113147097,0.0346929214088448,R,AAAYSLLLALLFALLTILAAA_2,1.1001100110011e+17,1.0,-65.9401,-65.4977,-58.8896,-231.255,-231.076,-259.611,-343.772,4226.81,3448.9,3434.17,-14.639,-13.6516,-61.2158,-60.8495,-25.2717,-52.778,74.0412,-34.6826,8.18722,4.41226,4.02288,-13.8179,-54.1112,74.7115,-35.0,-357.856,8.1658,4.70273,4.3234,2.0,AAAYSLLLALLFALLTILAAA
YSLLLALLFALLTIL,0.5791037113147097,0.0346929214088448,R,AAAYSLLLALLFALLTILAAA_1,1.1001100110011e+17,1.0,-65.4977,-65.8904,-58.8896,-231.076,-231.592,-259.611,-343.772,4226.81,3448.0,3434.17,-13.6516,-14.4967,-60.8495,-60.786,-25.2717,-54.7062,75.4693,-34.9911,8.17236,4.89429,4.52633,-13.6234,-54.1112,74.7115,-35.0,-357.856,8.1658,4.70273,4.3234,1.0,AAAYSLLLALLFALLTILAAA
SYLLTILLAFLLSLL,0.5397741023754757,0.0534630176824294,R,AAASYLLTILLAFLLSLLAAA_1,1.1001100110011e+17,1.0,-92.4361,-87.067,-66.994,-234.786,-233.405,-267.728,-363.606,4192.51,3496.72,3491.04,-16.0219,-6.29548,-52.406,-49.4291,-28.8843,-65.2579,51.2686,-44.9165,8.92625,3.20996,2.47899,-13.3687,-64.7378,56.4022,-45.0,-378.135,8.8345,3.82497,3.171,1.0,AAASYLLTILLAFLLSLLAAA
SYLLTILLAFLLSLL,0.5397741023754757,0.0534630176824294,R,AAASYLLTILLAFLLSLLAAA_2,1.1001100110011e+17,1.0,-93.3003,-86.6596,-66.994,-234.253,-234.756,-267.728,-363.606,4192.51,3446.1,3491.04,-15.7631,-7.11498,-51.8157,-49.305,-28.8843,-63.4965,54.6708,-44.3051,8.77532,3.40504,2.7251,-13.2014,-64.7378,56.4022,-45.0,-378.135,8.8345,3.82497,3.171,2.0,AAASYLLTILLAFLLSLLAAA
SYLLTILLAFLLSLL,0.5397741023754757,0.0534630176824294,R,AAASYLLTILLAFLLSLLAAA_0,1.1001100110011e+17,1.0,-92.3062,-93.3901,-66.994,-232.85,-233.632,-267.728,-363.606,4192.51,3493.99,3491.04,-15.0944,-14.5288,-53.544,-51.1128,-28.8843,-64.5828,60.957,-44.7671,8.92235,4.41662,3.83097,-13.4271,-64.7378,56.4022,-45.0,-378.135,8.8345,3.82497,3.171,0.0,AAASYLLTILLAFLLSLLAAA
FYLLTALLIALLSLL,0.589705665066217,0.0799262856868945,R,AAAFYLLTALLIALLSLLAAA_0,1.1001100110011e+17,1.0,-80.0642,-80.159,-74.2083,-226.852,-226.395,-245.279,-341.968,4182.44,3528.93,3531.82,-14.2724,-13.8302,-49.3235,-49.2441,-22.4807,-19.1727,94.1103,-41.1846,8.24728,2.08079,1.99245,-13.8241,-19.0498,93.1316,-41.4393,-355.798,8.233,1.93023,1.8272,0.0,AAAFYLLTALLIALLSLLAAA
FYLLTALLIALLSLL,0.589705665066217,0.0799262856868945,R,AAAFYLLTALLIALLSLLAAA_1,1.1001100110011e+17,1.0,-74.2699,-80.0642,-74.2083,-228.487,-226.852,-245.279,-341.968,4182.44,3439.38,3531.82,-13.1256,-14.2724,-52.3362,-49.3235,-22.4807,-21.8168,96.5271,-37.5525,8.15302,2.80369,2.7516,-13.6939,-19.0498,93.1316,-41.4393,-355.798,8.233,1.93023,1.8272,1.0,AAAFYLLTALLIALLSLLAAA
FYLLTALLIALLSLL,0.589705665066217,0.0799262856868945,R,AAAFYLLTALLIALLSLLAAA_2,1.1001100110011e+17,1.0,-74.2083,-74.2115,-74.2083,-227.237,-228.558,-245.279,-341.968,4182.44,3510.62,3531.82,-8.86176,610.873,-49.3836,571.675,-22.4807,-15.8474,96.8707,-36.7749,8.66932,1.95465,1.90772,-8.1958,-19.0498,93.1316,-41.4393,-355.798,8.233,1.93023,1.8272,2.0,AAAFYLLTALLIALLSLLAAA
YWLLVALLAFLLSLL,0.4505147255863543,0.0207089914734439,R,,,,,,,,,,,,,,,,,,,,,,,,,,,,,,,,,,
YYLLVFLLATLLSLL,0.3869490556868234,0.0259788226449227,R,AAAYYLLVFLLATLLSLLAAA_1,1.1001100110011e+17,1.0,-74.1041,-70.758,-74.1041,-237.04,-234.806,-256.08,-336.996,4355.76,3618.42,3587.51,-10.5157,-6.19515,-36.3668,-37.6269,-6.81109,-78.4114,49.237,-38.1114,8.81452,4.90871,4.14726,-11.8501,-76.4723,48.349,-40.0172,-348.872,8.4267,4.49796,3.72319,1.0,AAAYYLLVFLLATLLSLLAAA
YYLLVFLLATLLSLL,0.3869490556868234,0.0259788226449227,R,AAAYYLLVFLLATLLSLLAAA_2,1.1001100110011e+17,1.0,-70.85,-70.758,-74.1041,-237.287,-237.141,-256.08,-336.996,4355.76,3628.03,3587.51,-10.4127,-8.8816,-39.2711,-37.9781,-6.81109,-79.2129,48.5976,-37.2993,8.88123,4.9426,4.17157,-11.7305,-76.4723,48.349,-40.0172,-348.872,8.4267,4.49796,3.72319,2.0,AAAYYLLVFLLATLLSLLAAA
YYLLVFLLATLLSLL,0.3869490556868234,0.0259788226449227,R,AAAYYLLVFLLATLLSLLAAA_0,1.1001100110011e+17,1.0,-74.1041,-70.758,-74.1041,-234.765,-235.635,-256.08,-336.996,4355.76,3640.47,3587.51,-5.63736,-11.876,-33.7642,-42.4783,-6.81109,-74.0998,49.1426,-42.8863,8.81871,4.24921,3.48635,-11.4661,-76.4723,48.349,-40.0172,-348.872,8.4267,4.49796,3.72319,0.0,AAAYYLLVFLLATLLSLLAAA
TILLAVLLAYLLSLL,0.5058730780892728,0.0426544360738228,R,AAATILLAVLLAYLLSLLAAA_0,1.1001100110011e+17,1.0,-64.0352,-64.0702,-60.3858,-226.094,-224.528,-247.385,-349.672,4163.59,3378.03,3449.27,-13.8338,-11.5728,-73.3762,-72.6467,-41.9003,-64.5617,79.9359,-37.2688,8.56175,6.9756,6.67464,-11.3638,-67.464,67.9953,-37.225,-361.244,8.6549,5.79897,5.3189,0.0,AAATILLAVLLAYLLSLLAAA
TILLAVLLAYLLSLL,0.5058730780892728,0.0426544360738228,R,AAATILLAVLLAYLLSLLAAA_2,1.1001100110011e+17,1.0,-64.204,-63.9171,-60.3858,-225.161,-224.569,-247.385,-349.672,4163.59,3396.24,3449.27,-12.3208,-11.5035,-72.6268,-72.6887,-41.9003,-69.6146,69.3615,-36.7173,8.59839,6.30599,5.84642,-11.3908,-67.464,67.9953,-37.225,-361.244,8.6549,5.79897,5.3189,2.0,AAATILLAVLLAYLLSLLAAA
TILLAVLLAYLLSLL,0.5058730780892728,0.0426544360738228,R,AAATILLAVLLAYLLSLLAAA_1,1.1001100110011e+17,1.0,-64.0117,-64.0352,-60.3858,-224.569,-226.558,-247.385,-349.672,4163.59,3411.22,3449.27,-11.6581,-13.7062,-72.7487,-72.7843,-41.9003,-68.4728,67.4047,-37.8639,8.57757,5.87055,5.38162,-11.245,-67.464,67.9953,-37.225,-361.244,8.6549,5.79897,5.3189,1.0,AAATILLAVLLAYLLSLLAAA
SYLLTILLAFLLTLL,0.6192968807131978,0.0824815865975588,R,AAASYLLTILLAFLLTLLAAA_0,1.1001100110011e+17,1.0,-91.0258,-86.7044,-65.468,-233.34,-233.758,-267.821,-358.459,4222.79,3531.58,3530.41,-12.2543,-8.80122,-46.3483,-46.7983,-25.1704,-69.2969,60.1263,-43.0276,8.15902,5.01159,4.41349,-4.3898,-70.0938,55.5169,-41.2219,-367.261,8.0,4.50885,3.8416,0.0,AAASYLLTILLAFLLTLLAAA
SYLLTILLAFLLTLL,0.6192968807131978,0.0824815865975588,R,AAASYLLTILLAFLLTLLAAA_1,1.1001100110011e+17,1.0,-91.017,-78.0882,-65.468,-233.21,-233.093,-267.821,-358.459,4222.79,3507.83,3530.41,-11.0736,1.06957,-45.3062,-46.2086,-25.1704,-71.6096,55.9073,-43.6803,8.25964,4.78893,4.12754,-2.61879,-70.0938,55.5169,-41.2219,-367.261,8.0,4.50885,3.8416,1.0,AAASYLLTILLAFLLTLLAAA
SYLLTILLAFLLTLL,0.6192968807131978,0.0824815865975588,R,AAASYLLTILLAFLLTLLAAA_2,1.1001100110011e+17,1.0,-87.2699,-80.6752,-65.468,-233.354,-233.125,-267.821,-358.459,4222.79,3577.71,3530.41,-6.27025,-0.981971,-44.1063,-45.6414,-25.1704,-74.304,53.4555,-42.0674,8.57495,4.86209,4.16393,-5.16823,-70.0938,55.5169,-41.2219,-367.261,8.0,4.50885,3.8416,2.0,AAASYLLTILLAFLLTLLAAA
YSLLIALLFVLLTLL,0.5151702841238537,0.0384262727116552,R,AAAYSLLIALLFVLLTLLAAA_1,1.1001100110011e+17,1.0,-69.0989,-60.8573,-58.8796,-232.318,-231.183,-263.042,-345.572,4337.81,3527.65,3532.12,-12.2746,-5.08607,-56.4303,-58.6183,-23.6509,-57.6255,87.282,-43.5597,8.31125,6.9269,6.73613,-10.2464,-52.9619,83.5681,-45.0,-355.671,8.1807,5.72598,5.4795,1.0,AAAYSLLIALLFVLLTLLAAA
YSLLIALLFVLLTLL,0.5151702841238537,0.0384262727116552,R,AAAYSLLIALLFVLLTLLAAA_2,1.1001100110011e+17,1.0,-68.7885,-59.2702,-58.8796,-232.564,-232.454,-263.042,-345.572,4337.81,3532.18,3532.12,-11.8676,1.20585,-56.0879,-52.642,-23.6509,-58.925,85.7231,-42.2497,8.38882,6.91137,6.69721,-10.9147,-52.9619,83.5681,-45.0,-355.671,8.1807,5.72598,5.4795,2.0,AAAYSLLIALLFVLLTLLAAA
YSLLIALLFVLLTLL,0.5151702841238537,0.0384262727116552,R,AAAYSLLIALLFVLLTLLAAA_0,1.1001100110011e+17,1.0,-70.0545,-62.09,-58.8796,-231.438,-231.394,-263.042,-345.572,4337.81,3525.34,3532.12,-10.9739,-10.0984,-55.054,-62.1873,-23.6509,-52.1995,81.2543,-45.6317,8.30577,5.29926,5.01807,-9.68154,-52.9619,83.5681,-45.0,-355.671,8.1807,5.72598,5.4795,0.0,AAAYSLLIALLFVLLTLLAAA
YSLLLTLLATLLVFL,0.3532389171608204,0.0371202049509696,R,AAAYSLLLTLLATLLVFLAAA_0,1.1001100110011e+17,1.0,-82.8078,-85.9676,-65.5884,-235.837,-231.738,-265.426,-351.594,4294.34,3681.1,3600.11,-12.5169,-10.2216,-45.4659,-44.1104,-20.58,-47.3344,91.237,-45.6886,8.79246,5.91716,5.78571,-10.2165,-53.5058,73.6956,-45.0,-361.816,8.8777,4.47477,4.0802,0.0,AAAYSLLLTLLATLLVFLAAA
YSLLLTLLATLLVFL,0.3532389171608204,0.0371202049509696,R,AAAYSLLLTLLATLLVFLAAA_1,1.1001100110011e+17,1.0,-82.8518,-85.9676,-65.5884,-234.067,-235.58,-265.426,-351.594,4294.34,3668.95,3600.11,-10.8895,-1.77851,-45.565,-31.8251,-20.58,-59.2809,73.8748,-46.1357,8.77787,5.36523,4.97335,-9.83604,-53.5058,73.6956,-45.0,-361.816,8.8777,4.47477,4.0802,1.0,AAAYSLLLTLLATLLVFLAAA
YSLLLTLLATLLVFL,0.3532389171608204,0.0371202049509696,R,AAAYSLLLTLLATLLVFLAAA_2,1.1001100110011e+17,1.0,-82.8409,-85.9676,-65.5884,-233.841,-233.667,-265.426,-351.594,4294.34,3638.9,3600.11,-10.6029,1.28066,-45.5145,-30.6788,-20.58,-56.9351,74.8049,-44.9434,8.79758,5.13893,4.761,-9.64463,-53.5058,73.6956,-45.0,-361.816,8.8777,4.47477,4.0802,2.0,AAAYSLLLTLLATLLVFLAAA
VYLLIALLFSLLTLL,0.5287257018555162,0.052388904563006,R,AAAVYLLIALLFSLLTLLAAA_1,1.1001100110011e+17,1.0,-80.9778,-81.8696,-74.243,-227.001,-224.474,-246.035,-344.148,4249.39,3534.21,3526.0,-11.5602,86.0694,-47.73,48.2644,-23.8708,-21.8781,85.0414,-44.6059,9.19519,1.26231,1.03793,-7.82915,-17.6261,86.7132,-42.8643,-352.901,9.0,0.850202,0.650901,1.0,AAAVYLLIALLFSLLTLLAAA
VYLLIALLFSLLTLL,0.5287257018555162,0.052388904563006,R,AAAVYLLIALLFSLLTLLAAA_2,1.1001100110011e+17,1.0,-80.2068,-79.8934,-74.243,-224.555,-225.815,-246.035,-344.148,4249.39,3539.02,3526.0,-8.91348,-6.63058,-48.3003,-45.0704,-23.8708,-17.4219,84.4193,-42.274,8.90602,0.509886,0.276175,-8.76302,-17.6261,86.7132,-42.8643,-352.901,9.0,0.850202,0.650901,2.0,AAAVYLLIALLFSLLTLLAAA
VYLLIALLFSLLTLL,0.5287257018555162,0.052388904563006,R,AAAVYLLIALLFSLLTLLAAA_0,1.1001100110011e+17,1.0,-75.9719,-79.5764,-74.243,-224.81,-225.248,-246.035,-344.148,4249.39,3494.16,3526.0,-8.02125,-8.75254,-51.388,-48.0764,-23.8708,-16.473,86.5951,-45.4291,8.56764,0.661292,0.460218,-8.31284,-17.6261,86.7132,-42.8643,-352.901,9.0,0.850202,0.650901,0.0,AAAVYLLIALLFSLLTLLAAA
TYLLVALLIALLFLL,0.4733895290178994,0.0454980640153556,R,AAATYLLVALLIALLFLLAAA_2,1.1001100110011e+17,1.0,-45.0773,-45.0773,-45.0773,-234.193,-232.51,-256.749,-333.37,4278.73,3254.81,3344.62,-10.7511,-7.46633,-64.8502,-63.2489,-31.5435,-14.0683,84.0205,-35.7249,8.00491,-0.0469861,-0.286679,-7.88598,-14.8656,89.0751,-39.4069,-341.293,8.0,0.754973,0.591099,2.0,AAATYLLVALLIALLFLLAAA
TYLLVALLIALLFLL,0.4733895290178994,0.0454980640153556,R,AAATYLLVALLIALLFLLAAA_1,1.1001100110011e+17,1.0,-45.0773,-45.0773,-45.0773,-232.748,-232.405,-256.749,-333.37,4278.73,3291.86,3344.62,-7.92252,-6.73097,-63.4671,-62.6182,-31.5435,-16.2822,88.0441,-40.4833,7.97869,0.828296,0.648958,-7.39571,-14.8656,89.0751,-39.4069,-341.293,8.0,0.754973,0.591099,1.0,AAATYLLVALLIALLFLLAAA
TYLLVALLIALLFLL,0.4733895290178994,0.0454980640153556,R,AAATYLLVALLIALLFLLAAA_0,1.1001100110011e+17,1.0,-45.0773,-45.0773,-45.0773,-232.405,-232.866,-256.749,-333.37,4278.73,3355.92,3344.62,-6.73097,-7.92273,-62.6182,-63.3496,-31.5435,-13.9497,92.7935,-42.3069,7.99693,1.11958,1.01148,-7.83075,-14.8656,89.0751,-39.4069,-341.293,8.0,0.754973,0.591099,0.0,AAATYLLVALLIALLFLLAAA
TYLLTILLAFLLSLL,0.4324720161855762,0.045483407273605,R,AAATYLLTILLAFLLSLLAAA_1,1.1001100110011e+17,1.0,-91.9917,-74.5918,-67.0398,-231.756,-234.953,-262.595,-358.357,4209.71,3471.72,3494.29,-10.4283,-6.81261,-45.0378,-55.6257,-28.7227,-66.66,50.3879,-41.146,8.1859,3.30137,2.55719,-7.12639,-68.2683,51.1623,-39.0156,-365.778,8.2586,3.64716,2.9146,1.0,AAATYLLTILLAFLLSLLAAA
TYLLTILLAFLLSLL,0.4324720161855762,0.045483407273605,R,AAATYLLTILLAFLLSLLAAA_0,1.1001100110011e+17,1.0,-91.6177,-74.5287,-67.0398,-231.058,-234.938,-262.595,-358.357,4209.71,3475.92,3494.29,-8.74387,-7.42069,-44.426,-56.3115,-28.7227,-69.575,50.5908,-39.7366,8.36168,3.76602,3.02488,-7.1692,-68.2683,51.1623,-39.0156,-365.778,8.2586,3.64716,2.9146,0.0,AAATYLLTILLAFLLSLLAAA
TYLLTILLAFLLSLL,0.4324720161855762,0.045483407273605,R,AAATYLLTILLAFLLSLLAAA_2,1.1001100110011e+17,1.0,-74.6497,-73.9152,-67.0398,-234.191,-235.126,-262.595,-358.357,4209.71,3480.92,3494.29,-7.64548,-4.32194,-57.1626,-53.6385,-28.7227,-68.7685,50.9985,-38.9298,8.31814,3.70009,2.96506,-7.12793,-68.2683,51.1623,-39.0156,-365.778,8.2586,3.64716,2.9146,2.0,AAATYLLTILLAFLLSLLAAA
TSLLLALLFVLLILL,0.6413426924201359,0.0460308575502689,R,AAATSLLLALLFVLLILLAAA_0,1.1001100110011e+17,1.0,-55.3688,-55.4563,-45.1106,-236.018,-235.097,-263.606,-363.742,4152.91,3353.28,3400.13,-6.84633,-5.70267,-79.2008,-78.8911,-55.0248,-60.2334,72.6636,-44.2249,8.17262,5.34459,4.93455,-5.5744,-59.3177,76.0637,-43.9776,-369.444,8.0334,5.66625,5.3072,0.0,AAATSLLLALLFVLLILLAAA
TSLLLALLFVLLILL,0.6413426924201359,0.0460308575502689,R,AAATSLLLALLFVLLILLAAA_1,1.1001100110011e+17,1.0,-55.7949,-55.5388,-45.1106,-236.478,-236.115,-263.606,-363.742,4152.91,3342.04,3400.13,-5.95235,-5.77731,-77.421,-77.8655,-55.0248,-57.956,74.8194,-41.8508,8.20516,5.29403,4.91632,-5.84623,-59.3177,76.0637,-43.9776,-369.444,8.0334,5.66625,5.3072,1.0,AAATSLLLALLFVLLILLAAA
TSLLLALLFVLLILL,0.6413426924201359,0.0460308575502689,R,AAATSLLLALLFVLLILLAAA_2,1.1001100110011e+17,1.0,-55.2227,-55.4563,-45.1106,-233.084,-236.761,-263.606,-363.742,4152.91,3362.35,3400.13,-5.78811,-5.72,-81.2226,-77.2441,-55.0248,-57.8366,79.7812,-47.4829,7.93359,5.94596,5.64268,-5.92433,-59.3177,76.0637,-43.9776,-369.444,8.0334,5.66625,5.3072,2.0,AAATSLLLALLFVLLILLAAA
YTLLVALLSTLLFLL,0.3907150568390982,0.0255911370259086,R,AAAYTLLVALLSTLLFLLAAA_0,1.1001100110011e+17,1.0,-82.2455,-83.0178,-74.2668,-234.928,-231.478,-260.222,-353.864,4268.02,3555.63,3554.61,-8.3876,-5.80113,-45.0777,-45.1685,-19.3744,-56.3809,54.4727,-46.4379,8.47224,2.31095,1.62804,-5.12984,-52.2698,72.8602,-43.2077,-359.665,8.6278,4.1766,3.7695,0.0,AAAYTLLVALLSTLLFLLAAA
YTLLVALLSTLLFLL,0.3907150568390982,0.0255911370259086,R,AAAYTLLVALLSTLLFLLAAA_1,1.1001100110011e+17,1.0,-82.7565,-80.8459,-74.2668,-232.026,-232.891,-260.222,-353.864,4268.02,3514.5,3554.61,-7.16089,-3.88962,-46.2425,-44.0166,-19.3744,-49.5081,73.0818,-43.8329,8.59393,3.79227,3.38849,-5.46522,-52.2698,72.8602,-43.2077,-359.665,8.6278,4.1766,3.7695,1.0,AAAYTLLVALLSTLLFLLAAA
YTLLVALLSTLLFLL,0.3907150568390982,0.0255911370259086,R,AAAYTLLVALLSTLLFLLAAA_2,1.1001100110011e+17,1.0,-82.6819,-81.6425,-74.2668,-231.779,-231.839,-260.222,-353.864,4268.02,3519.75,3554.61,-6.55536,-6.29774,-45.9577,-46.6804,-19.3744,-50.5474,73.5249,-43.8983,8.60866,4.00797,3.61085,-4.95249,-52.2698,72.8602,-43.2077,-359.665,8.6278,4.1766,3.7695,2.0,AAAYTLLVALLSTLLFLLAAA
TYLLVILLAFLLSLL,0.3998355692784354,0.027259451748174,R,AAATYLLVILLAFLLSLLAAA_2,1.1001100110011e+17,1.0,-74.717,-59.5777,-60.3504,-231.003,-234.997,-257.708,-348.294,4212.12,3502.72,3532.99,-9.46349,-5.66491,-52.0374,-59.3838,-30.2349,-64.9347,43.071,-43.6407,8.91984,2.05479,1.20086,-4.92151,-61.4542,42.8978,-44.8882,-353.869,8.9762,1.50933,0.652797,2.0,AAATYLLVILLAFLLSLLAAA
TYLLVILLAFLLSLL,0.3998355692784354,0.027259451748174,R,AAATYLLVILLAFLLSLLAAA_1,1.1001100110011e+17,1.0,-56.3256,-58.8779,-60.3504,-234.341,-233.788,-257.708,-348.294,4212.12,3489.97,3532.99,-6.37176,-2.19956,-63.9984,-57.8273,-30.2349,-58.601,41.0526,-43.9667,8.86214,0.832259,-0.0519511,-5.22616,-61.4542,42.8978,-44.8882,-353.869,8.9762,1.50933,0.652797,1.0,AAATYLLVILLAFLLSLLAAA
TYLLVILLAFLLSLL,0.3998355692784354,0.027259451748174,R,AAATYLLVILLAFLLSLLAAA_0,1.1001100110011e+17,1.0,-56.8213,-59.2251,-60.3504,-233.142,-234.305,-257.708,-348.294,4212.12,3474.65,3532.99,-5.80148,-5.57538,-64.1314,-60.3388,-30.2349,-60.8432,49.2466,-44.8195,8.7754,2.27477,1.51347,-5.58433,-61.4542,42.8978,-44.8882,-353.869,8.9762,1.50933,0.652797,0.0,AAATYLLVILLAFLLSLLAAA
YSLLFTLLAVLLALL,0.5569627814934252,0.0319099241789196,R,AAAYSLLFTLLAVLLALLAAA_0,1.1001100110011e+17,1.0,-71.9196,-70.5541,-58.7045,-229.187,-228.267,-256.902,-340.269,4202.08,3549.62,3574.33,-7.74404,-6.4026,-46.9063,-47.8504,-24.6624,-47.1269,64.9272,-34.2334,8.37453,2.33422,1.80812,-6.42043,-41.4867,66.182,-35.0,-346.672,8.3362,1.65757,1.1503,0.0,AAAYSLLFTLLAVLLALLAAA
YSLLFTLLAVLLALL,0.5569627814934252,0.0319099241789196,R,AAAYSLLFTLLAVLLALLAAA_2,1.1001100110011e+17,1.0,-71.1787,-71.217,-58.7045,-228.413,-229.007,-256.902,-340.269,4202.08,3526.92,3574.33,-7.64666,-7.17072,-48.3241,-47.2153,-24.6624,-43.7992,66.7111,-34.98,8.33421,2.07589,1.57656,-6.42479,-41.4867,66.182,-35.0,-346.672,8.3362,1.65757,1.1503,2.0,AAAYSLLFTLLAVLLALLAAA
YSLLFTLLAVLLALL,0.5569627814934252,0.0319099241789196,R,AAAYSLLFTLLAVLLALLAAA_1,1.1001100110011e+17,1.0,-71.2774,-70.6157,-58.7045,-228.468,-229.467,-256.902,-340.269,4202.08,3514.11,3574.33,-7.50009,0.756228,-48.0235,-39.4299,-24.6624,-44.7156,65.4504,-33.9967,8.36894,2.04314,1.52489,-6.48463,-41.4867,66.182,-35.0,-346.672,8.3362,1.65757,1.1503,1.0,AAAYSLLFTLLAVLLALLAAA
YVLLFALLTVLLSLL,0.4748340757611652,0.0495897089128021,R,AAAYVLLFALLTVLLSLLAAA_0,1.1001100110011e+17,1.0,-74.2394,-74.2394,-74.2788,-226.744,-226.442,-246.408,-342.014,4218.97,3587.05,3596.44,-5.68239,-5.23462,-46.7125,-46.5666,-21.327,-39.6585,83.0539,-44.662,8.77818,3.66105,3.40686,-5.23478,-39.2116,82.5884,-44.5047,-347.248,8.7478,3.53117,3.27,0.0,AAAYVLLFALLTVLLSLLAAA
YVLLFALLTVLLSLL,0.4748340757611652,0.0495897089128021,R,AAAYVLLFALLTVLLSLLAAA_1,1.1001100110011e+17,1.0,-74.2788,-74.2394,-74.2788,-226.472,-226.744,-246.408,-342.014,4218.97,3593.78,3596.44,-5.53414,-5.68239,-46.7968,-46.7125,-21.327,-39.8543,81.6906,-44.056,8.79935,3.50637,3.23173,-5.25838,-39.2116,82.5884,-44.5047,-347.248,8.7478,3.53117,3.27,1.0,AAAYVLLFALLTVLLSLLAAA
YVLLFALLTVLLSLL,0.4748340757611652,0.0495897089128021,R,AAAYVLLFALLTVLLSLLAAA_2,1.1001100110011e+17,1.0,-74.2788,-74.2394,-74.2788,-225.425,-226.472,-246.408,-342.014,4218.97,3575.56,3596.44,-4.39953,-5.33899,-46.709,-46.6411,-21.327,-37.9846,79.0889,-42.187,8.83241,2.87469,2.56103,-5.36291,-39.2116,82.5884,-44.5047,-347.248,8.7478,3.53117,3.27,2.0,AAAYVLLFALLTVLLSLLAAA
TFLLGILLGLLLGVL,1.0302282896802442,0.1157457470415454,G,AAATFLLGILLGLLLGVLAAA_2,1.1001100110011e+17,1.0,-56.3783,-56.6659,-44.9378,-219.326,-219.685,-245.694,-318.682,4109.48,3162.84,3244.02,-34.1987,-30.5364,-77.1763,-72.867,-28.0498,-79.4818,39.6732,-42.3888,6.43504,3.77815,2.87325,-31.3678,-79.84,40.4327,-45.0,-351.509,6.5,3.93441,3.0409,2.0,AAATFLLGILLGLLLGVLAAA
TFLLGILLGLLLGVL,1.0302282896802442,0.1157457470415454,G,AAATFLLGILLGLLLGVLAAA_0,1.1001100110011e+17,1.0,-56.3467,-55.1738,-44.9378,-219.325,-219.291,-245.694,-318.682,4109.48,3144.66,3244.02,-34.1103,-32.8274,-77.1205,-77.0442,-28.0498,-80.6085,39.0606,-42.9788,6.42741,3.86445,2.95036,-31.6086,-79.84,40.4327,-45.0,-351.509,6.5,3.93441,3.0409,0.0,AAATFLLGILLGLLLGVLAAA
TFLLGILLGLLLGVL,1.0302282896802442,0.1157457470415454,G,AAATFLLGILLGLLLGVLAAA_1,1.1001100110011e+17,1.0,-56.6659,-56.3467,-44.9378,-219.341,-219.55,-245.694,-318.682,4109.48,3152.79,3244.02,-33.0344,-33.6297,-75.7096,-76.4146,-28.0498,-81.5105,40.3983,-41.0606,6.47487,4.18034,3.28631,-31.89,-79.84,40.4327,-45.0,-351.509,6.5,3.93441,3.0409,1.0,AAATFLLGILLGLLLGVLAAA
TFLLGVLLGLLLGAL,1.3231859795536447,0.0930763387154326,G,AAATFLLGVLLGLLLGALAAA_0,1.1001100110011e+17,1.0,-56.9513,-56.6294,-44.9172,-217.165,-215.237,-241.481,-314.317,4069.09,3105.31,3172.93,-32.7222,-31.8027,-72.9232,-74.254,-27.9198,-92.7114,27.9967,-37.5718,6.4532,4.18627,3.10622,-31.9008,-87.213,39.461,-38.899,-346.12,6.5512,4.90918,4.00109,0.0,AAATFLLGVLLGLLLGALAAA
TFLLGVLLGLLLGAL,1.3231859795536447,0.0930763387154326,G,AAATFLLGVLLGLLLGALAAA_2,1.1001100110011e+17,1.0,-57.1461,-57.2256,-44.9172,-214.912,-215.28,-241.481,-314.317,4069.09,3129.46,3172.93,-32.3319,-31.5296,-74.5913,-73.3418,-27.9198,-86.0477,40.6356,-37.9658,6.56049,4.89297,4.0025,-31.6984,-87.213,39.461,-38.899,-346.12,6.5512,4.90918,4.00109,2.0,AAATFLLGVLLGLLLGALAAA
TFLLGVLLGLLLGAL,1.3231859795536447,0.0930763387154326,G,AAATFLLGVLLGLLLGALAAA_1,1.1001100110011e+17,1.0,-57.2256,-58.6888,-44.9172,-214.854,-216.75,-241.481,-314.317,4069.09,3135.67,3172.93,-32.0772,-35.3574,-74.3152,-74.2362,-27.9198,-86.9795,41.1181,-38.3839,6.57984,5.09787,4.21464,-31.3392,-87.213,39.461,-38.899,-346.12,6.5512,4.90918,4.00109,1.0,AAATFLLGVLLGLLLGALAAA
AYLLGLLLGTLLSFL,1.0425442551378872,0.031334293114815,G,AAAAYLLGLLLGTLLSFLAAA_0,1.1001100110011e+17,1.0,-93.4861,-87.2679,-74.0929,-219.532,-218.873,-250.535,-338.602,4060.86,3344.4,3259.85,-26.3066,-18.6522,-51.8909,-51.1134,-13.974,-75.2131,62.8364,-43.0546,6.41505,6.26488,5.70742,-18.0477,-80.4387,52.288,-45.0,-357.254,6.6037,5.62468,4.909,0.0,AAAAYLLGLLLGTLLSFLAAA
AYLLGLLLGTLLSFL,1.0425442551378872,0.031334293114815,G,AAAAYLLGLLLGTLLSFLAAA_2,1.1001100110011e+17,1.0,-93.1837,-88.3364,-74.0929,-219.131,-219.241,-250.535,-338.602,4060.86,3321.89,3259.85,-25.7178,-20.3942,-52.0049,-51.4189,-13.974,-86.5051,50.2267,-44.2544,6.41517,6.25636,5.50976,-18.054,-80.4387,52.288,-45.0,-357.254,6.6037,5.62468,4.909,2.0,AAAAYLLGLLLGTLLSFLAAA
AYLLGLLLGTLLSFL,1.0425442551378872,0.031334293114815,G,AAAAYLLGLLLGTLLSFLAAA_1,1.1001100110011e+17,1.0,-91.9174,-91.3485,-74.0929,-219.256,-219.413,-250.535,-338.602,4060.86,3331.32,3259.85,-23.8805,-21.4315,-51.3098,-49.2725,-13.974,-84.374,50.7731,-44.4081,6.51242,6.01046,5.27206,-18.0163,-80.4387,52.288,-45.0,-357.254,6.6037,5.62468,4.909,1.0,AAAAYLLGLLLGTLLSFLAAA
YFLLGILLGVLLSLL,1.0830410842120042,0.0196283699665819,G,AAAYFLLGILLGVLLSLLAAA_1,1.1001100110011e+17,1.0,-67.1593,-64.7846,-60.344,-223.033,-218.87,-247.905,-286.433,4265.37,3289.29,3381.83,-37.1478,-21.8049,-33.3893,-24.5841,21.8154,-96.3664,34.99,-42.0406,6.82745,5.67861,4.70346,-27.1002,-94.6454,29.8466,-40.7669,-312.509,7.1745,4.7261,3.6738,1.0,AAAYFLLGILLGVLLSLLAAA
YFLLGILLGVLLSLL,1.0830410842120042,0.0196283699665819,G,AAAYFLLGILLGVLLSLLAAA_2,1.1001100110011e+17,1.0,-73.0725,-67.7889,-60.344,-220.705,-222.9,-247.905,-286.433,4265.37,3289.19,3381.83,-36.879,-8.57289,-29.5352,-4.31695,21.8154,-91.9919,34.5621,-41.3499,6.77081,4.96468,3.98311,-25.9336,-94.6454,29.8466,-40.7669,-312.509,7.1745,4.7261,3.6738,2.0,AAAYFLLGILLGVLLSLLAAA
YFLLGILLGVLLSLL,1.0830410842120042,0.0196283699665819,G,AAAYFLLGILLGVLLSLLAAA_0,1.1001100110011e+17,1.0,-73.0644,-63.1831,-60.344,-219.22,-220.625,-247.905,-286.433,4265.37,3287.42,3381.83,-36.2982,-26.0752,-30.4468,-28.7008,21.8154,-88.3068,32.7035,-42.8782,6.78245,4.16099,3.15154,-26.4268,-94.6454,29.8466,-40.7669,-312.509,7.1745,4.7261,3.6738,0.0,AAAYFLLGILLGVLLSLLAAA
ALLLGVLLGTLLGFL,0.953075416571997,0.0242384739492622,G,AAAALLLGVLLGTLLGFLAAA_1,1.1001100110011e+17,1.0,-70.6072,-71.6227,-58.6964,-214.231,-213.117,-233.01,-312.033,3986.17,3299.63,3284.41,-31.0433,31.2705,-58.238,3.97675,-20.327,-96.7255,43.8216,-35.4723,6.81737,6.92475,6.08207,-27.9696,-92.5815,39.7325,-40.3169,-340.016,6.7382,5.75111,4.8471,1.0,AAAALLLGVLLGTLLGFLAAA
ALLLGVLLGTLLGFL,0.953075416571997,0.0242384739492622,G,AAAALLLGVLLGTLLGFLAAA_0,1.1001100110011e+17,1.0,-71.5289,-71.2316,-58.6964,-212.687,-212.176,-233.01,-312.033,3986.17,3309.81,3284.41,-30.4455,-27.9832,-58.2625,-56.6082,-20.327,-92.63,43.0543,-34.4792,6.84452,6.20683,5.35264,-27.7792,-92.5815,39.7325,-40.3169,-340.016,6.7382,5.75111,4.8471,0.0,AAAALLLGVLLGTLLGFLAAA
ALLLGVLLGTLLGFL,0.953075416571997,0.0242384739492622,G,AAAALLLGVLLGTLLGFLAAA_2,1.1001100110011e+17,1.0,-71.9616,-70.682,-58.6964,-211.742,-214.434,-233.01,-312.033,3986.17,3300.85,3284.41,-29.2036,-2.99149,-57.5331,-29.9082,-20.327,-89.1245,42.2978,-35.5692,6.80007,5.57888,4.71334,-28.2467,-92.5815,39.7325,-40.3169,-340.016,6.7382,5.75111,4.8471,2.0,AAAALLLGVLLGTLLGFLAAA
TLLLGVLLGFLLGIL,1.0748920913067987,0.1195078573066026,G,AAATLLLGVLLGFLLGILAAA_2,1.1001100110011e+17,1.0,-57.1794,-55.7686,-44.9313,-218.795,-219.263,-242.841,-316.739,4072.05,3245.99,3276.31,-32.0997,-24.5432,-72.8643,-66.2509,-28.9666,-89.1555,43.9561,-41.466,6.58584,5.8074,4.96674,-27.4627,-90.0074,38.3333,-42.1317,-342.578,6.7822,5.1761,4.2511,2.0,AAATLLLGVLLGFLLGILAAA
TLLLGVLLGFLLGIL,1.0748920913067987,0.1195078573066026,G,AAATLLLGVLLGFLLGILAAA_1,1.1001100110011e+17,1.0,-56.7457,-56.6057,-44.9313,-218.786,-218.764,-242.841,-316.739,4072.05,3262.3,3276.31,-31.5685,-28.5332,-72.7757,-69.9021,-28.9666,-88.0636,43.2986,-41.138,6.58683,5.55485,4.70433,-26.0274,-90.0074,38.3333,-42.1317,-342.578,6.7822,5.1761,4.2511,1.0,AAATLLLGVLLGFLLGILAAA
TLLLGVLLGFLLGIL,1.0748920913067987,0.1195078573066026,G,AAATLLLGVLLGFLLGILAAA_0,1.1001100110011e+17,1.0,-56.7372,-52.3475,-44.9313,-219.157,-219.434,-242.841,-316.739,4072.05,3251.13,3276.31,-31.3886,-25.8386,-72.2336,-70.7958,-28.9666,-89.9378,33.6426,-41.5291,6.5671,4.53242,3.53706,-25.8329,-90.0074,38.3333,-42.1317,-342.578,6.7822,5.1761,4.2511,0.0,AAATLLLGVLLGFLLGILAAA
TFLLGLLLGVLLAIL,1.2106749772612155,0.0859426602966263,G,AAATFLLGLLLGVLLAILAAA_0,1.1001100110011e+17,1.0,-56.4663,-53.5015,-44.9935,-220.396,-219.98,-247.115,-317.413,4102.76,3211.76,3276.34,-26.99,-16.6816,-67.5401,-60.6126,-25.304,-81.3842,46.476,-39.7681,7.01113,4.9819,4.17904,-16.7754,-75.4208,48.7219,-40.9997,-334.094,7.4067,4.39057,3.6214,0.0,AAATFLLGLLLGVLLAILAAA
TFLLGLLLGVLLAIL,1.2106749772612155,0.0859426602966263,G,AAATFLLGLLLGVLLAILAAA_2,1.1001100110011e+17,1.0,-55.886,-53.5015,-44.9935,-220.396,-219.98,-247.115,-317.413,4102.76,3221.98,3276.34,-23.9809,-16.6816,-65.1111,-60.6126,-25.304,-77.0547,45.2417,-40.3212,7.05877,4.16584,3.34447,-17.0022,-75.4208,48.7219,-40.9997,-334.094,7.4067,4.39057,3.6214,2.0,AAATFLLGLLLGVLLAILAAA
TFLLGLLLGVLLAIL,1.2106749772612155,0.0859426602966263,G,AAATFLLGLLLGVLLAILAAA_1,1.1001100110011e+17,1.0,-53.5015,-56.4663,-44.9935,-219.98,-220.396,-247.115,-317.413,4102.76,3268.04,3276.34,-16.6816,-26.6887,-60.6126,-67.2391,-25.304,-75.4208,48.7219,-40.9997,7.4067,4.39057,3.6214,-16.8582,-75.4208,48.7219,-40.9997,-334.094,7.4067,4.39057,3.6214,1.0,AAATFLLGLLLGVLLAILAAA
TYLLGVLLGLLLGFL,0.8212373835464332,0.0219378226834519,G,AAATYLLGVLLGLLLGFLAAA_1,1.1001100110011e+17,1.0,-60.0793,-56.611,-44.9134,-222.605,-222.621,-254.025,-310.953,4103.73,3297.43,3258.81,-28.8317,-22.1158,-57.1007,-53.8366,-12.0142,-75.9024,32.5958,-36.885,6.46067,2.28579,1.27473,-19.0772,-70.6256,40.5984,-41.2559,-329.857,6.8843,2.57462,1.6836,1.0,AAATYLLGVLLGLLLGFLAAA
TYLLGVLLGLLLGFL,0.8212373835464332,0.0219378226834519,G,AAATYLLGVLLGLLLGFLAAA_2,1.1001100110011e+17,1.0,-57.7611,-56.3322,-44.9134,-223.455,-222.208,-254.025,-310.953,4103.73,3281.2,3258.81,-27.7037,-25.5862,-57.4406,-57.9989,-12.0142,-70.8514,33.6774,-39.9421,6.52193,1.67417,0.679328,-18.7293,-70.6256,40.5984,-41.2559,-329.857,6.8843,2.57462,1.6836,2.0,AAATYLLGVLLGLLLGFLAAA
TYLLGVLLGLLLGFL,0.8212373835464332,0.0219378226834519,G,AAATYLLGVLLGLLLGFLAAA_0,1.1001100110011e+17,1.0,-58.2839,-57.3899,-44.9134,-222.907,-221.94,-254.025,-310.953,4103.73,3331.45,3258.81,-25.7357,-18.9037,-55.4972,-50.527,-12.0142,-75.7851,36.0247,-37.9405,6.71421,2.73109,1.77146,-18.0616,-70.6256,40.5984,-41.2559,-329.857,6.8843,2.57462,1.6836,0.0,AAATYLLGVLLGLLLGFLAAA
TVLLGILLGLLLAFL,0.7224362722162149,0.0370346255751411,G,AAATVLLGILLGLLLAFLAAA_0,1.1001100110011e+17,1.0,-54.3132,-51.6664,-44.9298,-218.651,-218.01,-243.691,-327.465,4027.26,3328.2,3328.99,-22.9081,-16.9253,-77.4087,-74.7134,-38.8434,-91.3738,27.3081,-45.6165,6.49919,3.89267,2.80229,-16.6368,-86.6913,38.1487,-45.0,-344.39,6.9063,4.65377,3.726,0.0,AAATVLLGILLGLLLAFLAAA
TVLLGILLGLLLAFL,0.7224362722162149,0.0370346255751411,G,AAATVLLGILLGLLLAFLAAA_1,1.1001100110011e+17,1.0,-54.0995,-54.298,-44.9298,-218.578,-217.795,-243.691,-327.465,4027.26,3291.79,3328.99,-22.9,-12.537,-77.6872,-67.9087,-38.8434,-86.9549,38.0185,-46.0398,6.51958,4.67573,3.74601,-16.62,-86.6913,38.1487,-45.0,-344.39,6.9063,4.65377,3.726,1.0,AAATVLLGILLGLLLAFLAAA
TVLLGILLGLLLAFL,0.7224362722162149,0.0370346255751411,G,AAATVLLGILLGLLLAFLAAA_2,1.1001100110011e+17,1.0,-54.5596,-54.0963,-44.9298,-217.893,-217.851,-243.691,-327.465,4027.26,3305.2,3328.99,-22.397,-19.026,-77.409,-74.5432,-38.8434,-88.2501,39.1401,-45.0773,6.54728,5.02142,4.10852,-21.3544,-86.6913,38.1487,-45.0,-344.39,6.9063,4.65377,3.726,2.0,AAATVLLGILLGLLLAFLAAA
YLLLGILLGTLLAFL,0.6579259709130238,0.0367360872780604,G,AAAYLLLGILLGTLLAFLAAA_2,1.1001100110011e+17,1.0,-69.2295,-69.0342,-58.7109,-226.553,-226.188,-243.918,-281.868,4205.77,3453.24,3405.33,-35.1668,-34.8989,-21.2526,-21.5449,20.7601,-82.1601,38.5754,-41.6496,6.91894,4.03169,3.11032,-26.4976,-70.6256,40.5984,-41.2559,-307.929,6.8843,2.57462,1.6836,2.0,AAAYLLLGILLGTLLAFLAAA
YLLLGILLGTLLAFL,0.6579259709130238,0.0367360872780604,G,AAAYLLLGILLGTLLAFLAAA_1,1.1001100110011e+17,1.0,-69.0342,-67.8523,-58.7109,-226.188,-223.626,-243.918,-281.868,4205.77,3450.14,3405.33,-34.8989,-28.8809,-21.5449,-19.2715,20.7601,-82.1236,38.0191,-41.9824,6.9071,3.95112,3.02141,-27.0342,-70.6256,40.5984,-41.2559,-307.929,6.8843,2.57462,1.6836,1.0,AAAYLLLGILLGTLLAFLAAA
YLLLGILLGTLLAFL,0.6579259709130238,0.0367360872780604,G,AAAYLLLGILLGTLLAFLAAA_0,1.1001100110011e+17,1.0,-67.8523,-68.6978,-58.7109,-223.626,-222.673,-243.918,-281.868,4205.77,3552.48,3405.33,-28.8809,-26.0607,-19.2715,-16.5579,20.7601,-70.6623,43.7793,-42.5084,6.93574,3.00955,2.16623,-25.894,-70.6256,40.5984,-41.2559,-307.929,6.8843,2.57462,1.6836,0.0,AAAYLLLGILLGTLLAFLAAA
VGLLFALLGILLTLL,0.3727229840376972,0.043813052323754,G,AAAVGLLFALLGILLTLLAAA_2,1.1001100110011e+17,1.0,-62.2759,-63.9076,-58.7972,-217.402,-214.445,-241.309,-306.26,4183.16,3249.8,3414.32,-20.225,12.1684,-46.8068,-15.7389,-6.15403,-66.4212,64.3,-39.6745,6.88159,5.14367,4.60817,-17.8102,-65.6894,61.9546,-41.2702,-324.151,6.9355,4.71728,4.1466,2.0,AAAVGLLFALLGILLTLLAAA
VGLLFALLGILLTLL,0.3727229840376972,0.043813052323754,G,AAAVGLLFALLGILLTLLAAA_0,1.1001100110011e+17,1.0,-62.4033,-62.508,-58.7972,-216.346,-215.714,-241.309,-306.26,4183.16,3259.6,3414.32,-18.9698,-17.8909,-46.4809,-45.9285,-6.15403,-63.9103,65.1053,-40.252,6.87948,4.87575,4.35233,-17.9021,-65.6894,61.9546,-41.2702,-324.151,6.9355,4.71728,4.1466,0.0,AAAVGLLFALLGILLTLLAAA
VGLLFALLGILLTLL,0.3727229840376972,0.043813052323754,G,AAAVGLLFALLGILLTLLAAA_1,1.1001100110011e+17,1.0,-63.9076,-62.4033,-58.7972,-214.397,-216.319,-241.309,-306.26,4183.16,3270.53,3414.32,-16.4305,-18.9555,-44.3859,-46.4932,-6.15403,-67.9324,57.751,-43.261,6.76171,4.48625,3.85251,-17.9192,-65.6894,61.9546,-41.2702,-324.151,6.9355,4.71728,4.1466,1.0,AAAVGLLFALLGILLTLLAAA
YVLLGALLGILLTLL,0.9648403226212996,0.0280730459732439,G,AAAYVLLGALLGILLTLLAAA_1,1.1001100110011e+17,1.0,-68.0268,-67.8027,-58.7202,-217.986,-218.231,-243.344,-327.142,4151.54,3366.08,3410.45,-25.2787,-25.1268,-66.4077,-66.2355,-25.0781,-75.2105,59.1397,-43.9715,6.69622,5.76544,5.15253,-23.7464,-72.8097,60.8563,-43.7016,-350.649,6.839,5.63706,5.0499,1.0,AAAYVLLGALLGILLTLLAAA
YVLLGALLGILLTLL,0.9648403226212996,0.0280730459732439,G,AAAYVLLGALLGILLTLLAAA_2,1.1001100110011e+17,1.0,-68.0006,-68.0268,-58.7202,-218.03,-217.986,-243.344,-327.142,4151.54,3374.36,3410.45,-25.2697,-25.2787,-66.3807,-66.4077,-25.0781,-74.9654,59.5041,-43.6522,6.70971,5.77786,5.17042,-22.9569,-72.8097,60.8563,-43.7016,-350.649,6.839,5.63706,5.0499,2.0,AAAYVLLGALLGILLTLLAAA
YVLLGALLGILLTLL,0.9648403226212996,0.0280730459732439,G,AAAYVLLGALLGILLTLLAAA_0,1.1001100110011e+17,1.0,-67.8027,-66.8813,-58.7202,-218.231,-218.049,-243.344,-327.142,4151.54,3376.44,3410.45,-25.1268,-23.5072,-66.2355,-65.7187,-25.0781,-72.2405,62.6104,-43.0061,6.75892,5.78848,5.22764,-23.8938,-72.8097,60.8563,-43.7016,-350.649,6.839,5.63706,5.0499,0.0,AAAYVLLGALLGILLTLLAAA
ALLLGVLLGTLLSFL,1.1264850011279337,0.0454188935155212,G,AAAALLLGVLLGTLLSFLAAA_1,1.1001100110011e+17,1.0,-88.0707,-87.6486,-74.0352,-214.071,-214.274,-236.229,-329.171,4020.47,3377.69,3331.27,-26.6449,-26.3691,-53.674,-53.6175,-18.9068,-90.1781,39.9591,-42.3189,6.68625,5.42118,4.52057,-21.1222,-93.9928,36.7785,-43.1657,-350.965,6.6465,5.56402,4.6157,1.0,AAAALLLGVLLGTLLSFLAAA
ALLLGVLLGTLLSFL,1.1264850011279337,0.0454188935155212,G,AAAALLLGVLLGTLLSFLAAA_0,1.1001100110011e+17,1.0,-87.6486,-84.1744,-74.0352,-214.334,-213.929,-236.229,-329.171,4020.47,3371.91,3331.27,-26.6192,-21.7948,-53.8069,-52.8624,-18.9068,-96.8035,27.2066,-42.1116,6.64772,4.69342,3.60152,-21.7124,-93.9928,36.7785,-43.1657,-350.965,6.6465,5.56402,4.6157,0.0,AAAALLLGVLLGTLLSFLAAA
ALLLGVLLGTLLSFL,1.1264850011279337,0.0454188935155212,G,AAAALLLGVLLGTLLSFLAAA_2,1.1001100110011e+17,1.0,-85.226,-88.0707,-74.0352,-213.817,-214.151,-236.229,-329.171,4020.47,3358.63,3331.27,-24.2621,-26.2682,-54.3901,-53.2169,-18.9068,-95.135,38.5496,-39.9445,6.74986,5.97445,5.0527,-22.0366,-93.9928,36.7785,-43.1657,-350.965,6.6465,5.56402,4.6157,2.0,AAAALLLGVLLGTLLSFLAAA
AFLLGILLGLLLGTL,1.3789385740611677,0.1020030206494269,G,AAAAFLLGILLGLLLGTLAAA_1,1.1001100110011e+17,1.0,-70.0859,-70.4842,-58.7173,-218.822,-215.687,-237.225,-315.459,4039.06,3117.08,3235.42,-35.4761,-12.7146,-62.0276,-42.0031,-19.5167,-77.4199,37.4687,-37.5325,6.60505,3.17125,2.23328,-20.0963,-72.6874,32.4259,-40.8381,-336.441,7.0033,1.78061,0.766999,1.0,AAAAFLLGILLGLLLGTLAAA
AFLLGILLGLLLGTL,1.3789385740611677,0.1020030206494269,G,AAAAFLLGILLGLLLGTLAAA_2,1.1001100110011e+17,1.0,-67.8362,-70.0763,-58.7173,-215.878,-218.912,-237.225,-315.459,4039.06,3163.23,3235.42,-34.5816,6.57395,-66.3262,-19.8972,-19.5167,-72.4509,37.5112,-42.9455,6.42946,2.43165,1.49432,-20.6456,-72.6874,32.4259,-40.8381,-336.441,7.0033,1.78061,0.766999,2.0,AAAAFLLGILLGLLLGTLAAA
AFLLGILLGLLLGTL,1.3789385740611677,0.1020030206494269,G,AAAAFLLGILLGLLLGTLAAA_0,1.1001100110011e+17,1.0,-70.6748,-64.1054,-58.7173,-215.512,-215.221,-237.225,-315.459,4039.06,3140.76,3235.42,-34.3523,-20.9814,-63.6248,-57.1147,-19.5167,-66.2867,42.6972,-39.9155,6.48966,2.20711,1.34757,-21.7944,-72.6874,32.4259,-40.8381,-336.441,7.0033,1.78061,0.766999,0.0,AAAAFLLGILLGLLLGTLAAA
LTLLVGLLFALLSIL,0.3965958056919501,0.0170806310949817,G,AAALTLLVGLLFALLSILAAA_0,1.1001100110011e+17,1.0,-70.0132,-69.5605,-60.4426,-219.161,-218.462,-243.301,-328.746,4100.25,3367.59,3385.38,-16.7839,-15.928,-56.3556,-56.6515,-25.0022,-36.8008,80.3936,-35.8256,7.53202,2.87326,2.57916,-15.2903,-38.5963,75.2623,-37.139,-344.674,7.5,2.44986,2.0788,0.0,AAALTLLVGLLFALLSILAAA
LTLLVGLLFALLSIL,0.3965958056919501,0.0170806310949817,G,AAALTLLVGLLFALLSILAAA_1,1.1001100110011e+17,1.0,-69.9406,-70.0615,-60.4426,-218.773,-219.089,-243.301,-328.746,4100.25,3374.71,3385.38,-16.3658,-14.8764,-56.3988,-54.472,-25.0022,-40.777,74.1356,-35.9211,7.52346,2.62486,2.23689,-15.3406,-38.5963,75.2623,-37.139,-344.674,7.5,2.44986,2.0788,1.0,AAALTLLVGLLFALLSILAAA
LTLLVGLLFALLSIL,0.3965958056919501,0.0170806310949817,G,AAALTLLVGLLFALLSILAAA_2,1.1001100110011e+17,1.0,-69.9411,-70.1867,-60.4426,-219.231,-218.73,-243.301,-328.746,4100.25,3336.49,3385.38,-16.2624,-14.956,-55.8368,-54.7854,-25.0022,-40.897,73.6156,-35.9358,7.4949,2.57266,2.17689,-15.3765,-38.5963,75.2623,-37.139,-344.674,7.5,2.44986,2.0788,2.0,AAALTLLVGLLFALLSILAAA
YLLLGALLGALLTFL,1.1200661830892205,0.0487510324004528,G,AAAYLLLGALLGALLTFLAAA_0,1.1001100110011e+17,1.0,-67.7852,-66.9258,-58.7574,-218.271,-216.622,-240.191,-299.038,4212.93,3515.98,3482.37,-27.1777,-21.372,-40.1602,-36.8627,-0.0899745,-66.5452,71.7974,-39.1339,6.43602,6.17443,5.7514,-20.4696,-68.1028,64.3439,-40.6526,-320.41,6.5,5.40184,4.867,0.0,AAAYLLLGALLGALLTFLAAA
YLLLGALLGALLTFL,1.1200661830892205,0.0487510324004528,G,AAAYLLLGALLGALLTFLAAA_2,1.1001100110011e+17,1.0,-68.1647,-67.9893,-58.7574,-217.058,-216.21,-240.191,-299.038,4212.93,3525.08,3482.37,-27.0481,-23.261,-40.8639,-38.0999,-0.0899745,-72.8383,61.7245,-39.394,6.4528,5.75855,5.18442,-21.2157,-68.1028,64.3439,-40.6526,-320.41,6.5,5.40184,4.867,2.0,AAAYLLLGALLGALLTFLAAA
YLLLGALLGALLTFL,1.1200661830892205,0.0487510324004528,G,AAAYLLLGALLGALLTFLAAA_1,1.1001100110011e+17,1.0,-67.9893,-67.7852,-58.7574,-216.569,-218.271,-240.191,-299.038,4212.93,3526.7,3482.37,-25.464,-27.1777,-39.9444,-40.1602,-0.0899745,-74.4769,56.4645,-43.2085,6.3766,5.29424,4.64121,-20.8432,-68.1028,64.3439,-40.6526,-320.41,6.5,5.40184,4.867,1.0,AAAYLLLGALLGALLTFLAAA
YVLLGLLLGFLLSTL,1.1320402347043543,0.1569056686150395,G,AAAYVLLGLLLGFLLSTLAAA_1,1.1001100110011e+17,1.0,-82.9663,-70.5159,-60.5168,-233.262,-220.424,-243.975,172.585,4219.12,3353.54,3450.79,-52.4237,117.74,436.39,581.264,477.076,-91.0077,44.6419,-42.3739,6.52689,6.17781,5.34744,-3.60958,-92.7718,28.0376,-44.4465,167.429,7.5,4.20084,3.1214,1.0,AAAYVLLGLLLGFLLSTLAAA
YVLLGLLLGFLLSTL,1.1320402347043543,0.1569056686150395,G,AAAYVLLGLLLGFLLSTLAAA_0,1.1001100110011e+17,1.0,-80.6443,-59.66,-60.5168,-221.162,-225.055,-243.975,172.585,4219.12,3283.63,3450.79,-39.4179,-5.15583,434.974,452.145,477.076,-84.7793,31.075,-43.5475,6.6011,3.41202,2.37814,-5.08016,-92.7718,28.0376,-44.4465,167.429,7.5,4.20084,3.1214,0.0,AAAYVLLGLLLGFLLSTLAAA
YVLLGLLLGFLLSTL,1.1320402347043543,0.1569056686150395,G,AAAYVLLGLLLGFLLSTLAAA_2,1.1001100110011e+17,1.0,-65.7156,-73.4393,-60.5168,-230.652,-233.454,-243.975,172.585,4219.12,3431.21,3450.79,-26.8245,643.045,442.128,1122.52,477.076,-99.9731,30.5901,-42.2609,7.03833,5.62563,4.58448,-5.55367,-92.7718,28.0376,-44.4465,167.429,7.5,4.20084,3.1214,2.0,AAAYVLLGLLLGFLLSTLAAA
AYLLGVLLGLLLAFL,1.0525457600251389,0.1011746712086965,G,AAAAYLLGVLLGLLLAFLAAA_0,1.1001100110011e+17,1.0,-58.1444,-55.1249,-44.9245,-216.131,-216.477,-246.22,-311.644,4069.25,3317.51,3274.08,-18.6211,-15.3643,-55.9902,-55.4068,-20.4998,-89.1982,48.4149,-38.5777,6.80473,6.41574,5.64196,-14.8418,-91.43,48.2927,-36.5962,-327.009,7.0472,6.73401,5.9584,0.0,AAAAYLLGVLLGLLLAFLAAA
AYLLGVLLGLLLAFL,1.0525457600251389,0.1011746712086965,G,AAAAYLLGVLLGLLLAFLAAA_1,1.1001100110011e+17,1.0,-57.5376,-58.1444,-44.9245,-216.222,-216.13,-246.22,-311.644,4069.25,3314.81,3274.08,-17.8299,-18.217,-55.7146,-55.5874,-20.4998,-91.5555,48.1712,-37.652,6.8257,6.73644,5.95901,-15.0016,-91.43,48.2927,-36.5962,-327.009,7.0472,6.73401,5.9584,1.0,AAAAYLLGVLLGLLLAFLAAA
AYLLGVLLGLLLAFL,1.0525457600251389,0.1011746712086965,G,AAAAYLLGVLLGLLLAFLAAA_2,1.1001100110011e+17,1.0,-56.3051,-57.5376,-44.9245,-216.569,-216.22,-246.22,-311.644,4069.25,3282.32,3274.08,-17.2214,-16.6679,-55.9919,-54.5545,-20.4998,-96.8267,48.718,-35.6277,6.65543,7.60093,6.8317,-14.9227,-91.43,48.2927,-36.5962,-327.009,7.0472,6.73401,5.9584,2.0,AAAAYLLGVLLGLLLAFLAAA
VALLALLLGTLLSFL,0.3786454440403209,0.0393070283498036,G,AAAVALLALLLGTLLSFLAAA_1,1.1001100110011e+17,1.0,-72.2668,-72.4833,-60.896,-221.483,-220.462,-236.644,308.74,4071.53,3371.01,3350.28,-29.0735,-28.209,573.416,573.476,606.279,-69.272,59.2569,-34.52,6.64936,4.89048,4.27933,-23.9728,-68.1464,52.7276,-38.529,285.078,6.6534,3.84019,3.1311,1.0,AAAVALLALLLGTLLSFLAAA
VALLALLLGTLLSFL,0.3786454440403209,0.0393070283498036,G,AAAVALLALLLGTLLSFLAAA_0,1.1001100110011e+17,1.0,-72.4833,-73.044,-60.896,-220.462,-216.466,-236.644,308.74,4071.53,3379.31,3350.28,-28.209,-23.6623,573.476,574.587,606.279,-68.8309,57.9684,-35.0517,6.64966,4.65037,4.01989,-22.5662,-68.1464,52.7276,-38.529,285.078,6.6534,3.84019,3.1311,0.0,AAAVALLALLLGTLLSFLAAA
VALLALLLGTLLSFL,0.3786454440403209,0.0393070283498036,G,AAAVALLALLLGTLLSFLAAA_2,1.1001100110011e+17,1.0,-73.1584,-72.2668,-60.896,-217.069,-221.609,-236.644,308.74,4071.53,3398.36,3350.28,-24.5897,-29.047,574.377,573.569,606.279,-67.4263,53.9164,-37.3684,6.63185,3.89266,3.20141,-23.8457,-68.1464,52.7276,-38.529,285.078,6.6534,3.84019,3.1311,2.0,AAAVALLALLLGTLLSFLAAA
TVLLGLLLGFLLSAL,0.8363910311362851,0.1004184659597983,G,AAATVLLGLLLGFLLSALAAA_1,1.1001100110011e+17,1.0,-68.9843,-65.5872,-60.2116,-217.578,-217.384,-241.913,-315.805,4061.11,3219.52,3265.84,-19.6818,-16.9604,-48.9247,-49.7936,-13.6797,-90.0846,30.3932,-46.4078,6.98146,4.11578,3.07168,-14.8439,-95.479,27.325,-44.2015,-331.118,7.2798,4.51072,3.42059,1.0,AAATVLLGLLLGFLLSALAAA
TVLLGLLLGFLLSAL,0.8363910311362851,0.1004184659597983,G,AAATVLLGLLLGFLLSALAAA_2,1.1001100110011e+17,1.0,-66.6881,-66.3795,-60.2116,-217.421,-217.988,-241.913,-315.805,4061.11,3360.45,3265.84,-17.3105,-13.4531,-49.0059,-44.8904,-13.6797,-93.6175,28.4089,-44.7742,7.07962,4.37783,3.30397,-14.9913,-95.479,27.325,-44.2015,-331.118,7.2798,4.51072,3.42059,2.0,AAATVLLGLLLGFLLSALAAA
TVLLGLLLGFLLSAL,0.8363910311362851,0.1004184659597983,G,AAATVLLGLLLGFLLSALAAA_0,1.1001100110011e+17,1.0,-65.5872,-63.4797,-60.2116,-217.384,-217.406,-241.913,-315.805,4061.11,3284.38,3265.84,-16.9604,-15.313,-49.7936,-50.2326,-13.6797,-96.423,24.8578,-44.3687,7.1168,4.31925,3.19212,-14.3718,-95.479,27.325,-44.2015,-331.118,7.2798,4.51072,3.42059,0.0,AAATVLLGLLLGFLLSALAAA
TSLLLALLFGLLFAL,0.3731604224394128,0.0204841416685241,G,AAATSLLLALLFGLLFALAAA_0,1.1001100110011e+17,1.0,-54.1458,-54.3076,-44.9597,-234.443,-228.647,-257.04,-312.601,4107.56,3285.94,3322.44,-15.67,-7.76062,-39.6819,-37.407,-10.6019,-30.7725,63.5743,-34.7498,7.29436,-0.301582,-0.847967,-8.7475,-33.5044,71.7656,-37.0663,-320.362,7.3729,1.21402,0.790504,0.0,AAATSLLLALLFGLLFALAAA
TSLLLALLFGLLFAL,0.3731604224394128,0.0204841416685241,G,AAATSLLLALLFGLLFALAAA_2,1.1001100110011e+17,1.0,-54.1634,-54.6021,-44.9597,-232.461,-230.447,-257.04,-312.601,4107.56,3279.95,3322.44,-13.9389,-13.2249,-39.9161,-40.7772,-10.6019,-31.7345,66.8135,-35.1289,7.2974,0.279999,-0.217798,-7.20234,-33.5044,71.7656,-37.0663,-320.362,7.3729,1.21402,0.790504,2.0,AAATSLLLALLFGLLFALAAA
TSLLLALLFGLLFAL,0.3731604224394128,0.0204841416685241,G,AAATSLLLALLFGLLFALAAA_1,1.1001100110011e+17,1.0,-54.6021,-54.1458,-44.9597,-230.59,-233.012,-257.04,-312.601,4107.56,3284.35,3322.44,-13.2549,-15.2268,-40.6637,-40.6696,-10.6019,-33.4876,67.5752,-34.9597,7.37396,0.645798,0.159427,-8.40432,-33.5044,71.7656,-37.0663,-320.362,7.3729,1.21402,0.790504,1.0,AAATSLLLALLFGLLFALAAA
TVLLGALLGILLSLL,0.3790823836662541,0.0319571239406169,G,AAATVLLGALLGILLSLLAAA_2,1.1001100110011e+17,1.0,-70.8937,-72.3957,-60.2863,-214.72,-215.491,-242.518,-335.92,3996.23,3284.7,3433.93,-12.8131,-10.4378,-63.1196,-58.4712,-33.1159,-78.1911,59.524,-46.8189,6.6137,6.2644,5.65726,-7.72273,-63.7261,69.6712,-42.7158,-343.748,7.3752,5.46453,5.0096,2.0,AAATVLLGALLGILLSLLAAA
TVLLGALLGILLSLL,0.3790823836662541,0.0319571239406169,G,AAATVLLGALLGILLSLLAAA_1,1.1001100110011e+17,1.0,-72.3957,-71.4056,-60.2863,-215.201,-215.847,-242.518,-335.92,3996.23,3346.34,3433.93,-10.4591,-9.7416,-58.7821,-58.4086,-33.1159,-69.4894,62.4217,-46.8761,6.9778,5.35034,4.78666,-7.81307,-63.7261,69.6712,-42.7158,-343.748,7.3752,5.46453,5.0096,1.0,AAATVLLGALLGILLSLLAAA
TVLLGALLGILLSLL,0.3790823836662541,0.0319571239406169,G,AAATVLLGALLGILLSLLAAA_0,1.1001100110011e+17,1.0,-71.4056,-69.9041,-60.2863,-215.53,-216.048,-242.518,-335.92,3996.23,3363.96,3433.93,-9.80545,-7.8284,-58.7899,-57.7963,-33.1159,-67.4398,67.3124,-44.3039,7.15635,5.70314,5.21283,-6.87114,-63.7261,69.6712,-42.7158,-343.748,7.3752,5.46453,5.0096,0.0,AAATVLLGALLGILLSLLAAA
GLLLGALLGTLLSFL,1.2177814594854166,0.1068671789829805,G,AAAGLLLGALLGTLLSFLAAA_1,1.1001100110011e+17,1.0,-84.0006,-78.2846,-74.0016,-215.194,-213.718,-237.462,-325.873,3974.8,3368.97,3319.22,-19.379,-16.7377,-46.058,-50.6085,-14.4103,-70.281,58.5802,-35.2003,6.5976,4.95048,4.32918,-14.7827,-70.6341,63.5646,-35.8262,-340.26,6.7474,5.67633,5.1298,1.0,AAAGLLLGALLGTLLSFLAAA
GLLLGALLGTLLSFL,1.2177814594854166,0.1068671789829805,G,AAAGLLLGALLGTLLSFLAAA_2,1.1001100110011e+17,1.0,-78.6313,-79.2775,-74.0016,-213.907,-213.775,-237.462,-325.873,3974.8,3403.63,3319.22,-16.9398,-8.69145,-50.2749,-41.5122,-14.4103,-74.598,60.8919,-36.0804,6.61937,5.9101,5.32348,-13.9027,-70.6341,63.5646,-35.8262,-340.26,6.7474,5.67633,5.1298,2.0,AAAGLLLGALLGTLLSFLAAA
GLLLGALLGTLLSFL,1.2177814594854166,0.1068671789829805,G,AAAGLLLGALLGTLLSFLAAA_0,1.1001100110011e+17,1.0,-78.2846,-77.0075,-74.0016,-213.409,-213.628,-237.462,-325.873,3974.8,3340.4,3319.22,-16.7945,-14.3862,-50.9746,-49.6244,-14.4103,-68.6973,69.3859,-35.8892,6.64631,6.17169,5.71248,-14.5359,-70.6341,63.5646,-35.8262,-340.26,6.7474,5.67633,5.1298,0.0,AAAGLLLGALLGTLLSFLAAA
VTLLLGLLFGLLFAL,0.6968118394419219,0.0321260310980875,G,AAAVTLLLGLLFGLLFALAAA_0,1.1001100110011e+17,1.0,-51.642,-49.5476,-44.9466,-218.361,-217.849,-240.896,-306.325,4101.25,3284.75,3315.08,-14.5149,-10.8601,-50.8375,-49.7892,-20.4825,-32.1809,78.7826,-38.1253,6.99464,1.96279,1.64453,-10.8407,-33.3677,74.3197,-39.8132,-317.186,7.0315,1.53831,1.15311,0.0,AAAVTLLLGLLFGLLFALAAA
VTLLLGLLFGLLFAL,0.6968118394419219,0.0321260310980875,G,AAAVTLLLGLLFGLLFALAAA_1,1.1001100110011e+17,1.0,-51.2368,-51.642,-44.9466,-218.011,-218.361,-240.896,-306.325,4101.25,3294.96,3315.08,-13.9032,-14.5149,-50.9811,-50.8375,-20.4825,-35.771,72.3593,-38.2428,7.06732,1.63416,1.21955,-10.2314,-33.3677,74.3197,-39.8132,-317.186,7.0315,1.53831,1.15311,1.0,AAAVTLLLGLLFGLLFALAAA
VTLLLGLLFGLLFAL,0.6968118394419219,0.0321260310980875,G,AAAVTLLLGLLFGLLFALAAA_2,1.1001100110011e+17,1.0,-45.8793,-51.2368,-44.9466,-217.75,-218.011,-240.896,-306.325,4101.25,3305.65,3315.08,-9.90815,-13.9032,-52.6044,-50.9811,-20.4825,-31.0959,69.9254,-40.1001,7.02651,0.604308,0.153189,-10.7192,-33.3677,74.3197,-39.8132,-317.186,7.0315,1.53831,1.15311,2.0,AAAVTLLLGLLFGLLFALAAA
TVLLLGLLFGLLFAL,0.5424607014036394,0.0523678347149487,G,AAATVLLLGLLFGLLFALAAA_0,1.1001100110011e+17,1.0,-45.7343,-45.5292,-44.9318,-222.351,-220.105,-242.227,-308.46,4110.4,3325.07,3331.56,-14.0061,-10.4119,-54.3808,-53.2385,-21.3019,-27.2435,85.6888,-41.2423,7.09827,2.15451,1.93985,-10.2022,-30.525,71.559,-44.3251,-318.872,7.1169,0.739215,0.3126,0.0,AAATVLLLGLLFGLLFALAAA
TVLLLGLLFGLLFAL,0.5424607014036394,0.0523678347149487,G,AAATVLLLGLLFGLLFALAAA_1,1.1001100110011e+17,1.0,-45.6493,-45.7343,-44.9318,-220.939,-222.335,-242.227,-308.46,4110.4,3313.1,3331.56,-12.584,-13.9653,-54.4561,-54.356,-21.3019,-32.0186,71.8181,-41.282,7.11096,0.998224,0.575496,-11.2927,-30.525,71.559,-44.3251,-318.872,7.1169,0.739215,0.3126,1.0,AAATVLLLGLLFGLLFALAAA
TVLLLGLLFGLLFAL,0.5424607014036394,0.0523678347149487,G,AAATVLLLGLLFGLLFALAAA_2,1.1001100110011e+17,1.0,-45.8324,-45.6493,-44.9318,-220.877,-220.96,-242.227,-308.46,4110.4,3334.54,3331.56,-12.2885,-12.5796,-54.0395,-54.4312,-21.3019,-30.7922,71.64,-41.009,7.11054,0.790239,0.364839,-9.81821,-30.525,71.559,-44.3251,-318.872,7.1169,0.739215,0.3126,2.0,AAATVLLLGLLFGLLFALAAA
TYLLAILLGLLLGFL,0.7393158536148173,0.0227270213883742,G,AAATYLLAILLGLLLGFLAAA_2,1.1001100110011e+17,1.0,-54.5788,-70.0406,-44.9626,-225.382,-223.427,-253.163,-314.376,4130.77,3353.87,3376.85,-22.3834,-22.974,-56.7984,-43.8821,-16.2508,-65.026,35.9095,-40.6492,6.57625,1.10168,0.140319,-11.2444,-61.5471,48.1349,-42.0502,-327.499,7.2784,2.23028,1.4523,2.0,AAATYLLAILLGLLLGFLAAA
TYLLAILLGLLLGFL,0.7393158536148173,0.0227270213883742,G,AAATYLLAILLGLLLGFLAAA_0,1.1001100110011e+17,1.0,-54.1541,-65.1088,-44.9626,-227.159,-223.457,-253.163,-314.376,4130.77,3386.32,3376.85,-20.8974,-13.1233,-53.9608,-38.9334,-16.2508,-63.9636,39.5728,-41.1034,6.59493,1.43687,0.530464,-11.5479,-61.5471,48.1349,-42.0502,-327.499,7.2784,2.23028,1.4523,0.0,AAATYLLAILLGLLLGFLAAA
TYLLAILLGLLLGFL,0.7393158536148173,0.0227270213883742,G,AAATYLLAILLGLLLGFLAAA_1,1.1001100110011e+17,1.0,-55.168,-70.6412,-44.9626,-223.873,-224.28,-253.163,-314.376,4130.77,3432.81,3376.85,-19.4258,-26.2257,-54.7611,-45.6805,-16.2508,-65.9707,39.6405,-43.6596,6.64645,1.74707,0.841677,-11.9644,-61.5471,48.1349,-42.0502,-327.499,7.2784,2.23028,1.4523,1.0,AAATYLLAILLGLLLGFLAAA
TYLLAVLLGLLLAFL,0.4509632520759182,0.0336094988011625,G,AAATYLLAVLLGLLLAFLAAA_2,1.1001100110011e+17,1.0,-55.8966,-49.8786,-44.9868,-225.333,-225.319,-253.644,-317.985,4140.92,3433.52,3358.55,-14.8573,-2.84605,-51.6119,-45.6328,-19.3543,-67.2234,45.0351,-43.2164,6.64331,2.66324,1.83877,-8.03481,-71.1566,42.8294,-43.0573,-328.678,7.0278,2.95546,2.0979,2.0,AAATYLLAVLLGLLLAFLAAA
TYLLAVLLGLLLAFL,0.4509632520759182,0.0336094988011625,G,AAATYLLAVLLGLLLAFLAAA_0,1.1001100110011e+17,1.0,-54.7816,-52.7731,-44.9868,-224.903,-225.199,-253.644,-317.985,4140.92,3453.34,3358.55,-13.9407,-10.6932,-52.2408,-50.7055,-19.3543,-69.3056,45.4447,-43.0803,6.82048,3.03087,2.21254,-9.40934,-71.1566,42.8294,-43.0573,-328.678,7.0278,2.95546,2.0979,0.0,AAATYLLAVLLGLLLAFLAAA
TYLLAVLLGLLLAFL,0.4509632520759182,0.0336094988011625,G,AAATYLLAVLLGLLLAFLAAA_1,1.1001100110011e+17,1.0,-54.6149,-54.729,-44.9868,-225.301,-225.033,-253.644,-317.985,4140.92,3383.34,3358.55,-8.06801,-11.6459,-46.1372,-49.8685,-19.3543,-67.9624,41.8411,-47.0734,6.82875,2.3429,1.47052,-9.79024,-71.1566,42.8294,-43.0573,-328.678,7.0278,2.95546,2.0979,1.0,AAATYLLAVLLGLLLAFLAAA
TVLLAILLGLLLGFL,0.3655437160879066,0.0207368490155856,G,AAATVLLAILLGLLLGFLAAA_1,1.1001100110011e+17,1.0,-53.9281,-51.9088,-44.964,-221.044,-220.449,-242.585,-322.323,4044.4,3408.52,3340.24,-23.3297,-17.8054,-70.6804,-67.7704,-34.7739,-64.8763,43.3532,-41.5274,6.58172,2.08413,1.23443,-13.119,-71.1566,42.8294,-43.0573,-335.429,7.0278,2.95546,2.0979,1.0,AAATVLLAILLGLLLGFLAAA
TVLLAILLGLLLGFL,0.3655437160879066,0.0207368490155856,G,AAATVLLAILLGLLLGFLAAA_2,1.1001100110011e+17,1.0,-52.9542,-53.7708,-44.964,-221.48,-220.124,-242.585,-322.323,4044.4,3378.73,3340.24,-22.1585,-10.9472,-70.0473,-59.3756,-34.7739,-66.8944,39.3653,-38.9458,6.70048,1.84847,0.938952,-12.1186,-71.1566,42.8294,-43.0573,-335.429,7.0278,2.95546,2.0979,2.0,AAATVLLAILLGLLLGFLAAA
TVLLAILLGLLLGFL,0.3655437160879066,0.0207368490155856,G,AAATVLLAILLGLLLGFLAAA_0,1.1001100110011e+17,1.0,-51.9531,-50.3553,-44.964,-220.427,-219.881,-242.585,-322.323,4044.4,3316.8,3340.24,-18.2768,-13.1053,-68.2195,-65.1926,-34.7739,-74.624,39.1014,-39.3294,6.84581,2.97229,2.05881,-13.0906,-71.1566,42.8294,-43.0573,-335.429,7.0278,2.95546,2.0979,0.0,AAATVLLAILLGLLLGFLAAA
ALLLGALLGTLLSFL,1.1821310775698746,0.1082765362603003,G,AAAALLLGALLGTLLSFLAAA_0,1.1001100110011e+17,1.0,-87.5149,-82.9814,-73.9598,-213.856,-211.696,-234.06,-331.958,3987.15,3415.22,3321.11,-25.6683,-11.0492,-56.2549,-48.3298,-23.9381,-67.5484,85.0994,-42.1848,6.14914,8.12068,7.89717,-12.0933,-74.197,65.2656,-42.419,-343.007,6.5325,6.44041,5.91939,0.0,AAAALLLGALLGTLLSFLAAA
ALLLGALLGTLLSFL,1.1821310775698746,0.1082765362603003,G,AAAALLLGALLGTLLSFLAAA_2,1.1001100110011e+17,1.0,-87.994,-82.9814,-73.9598,-211.361,-211.696,-234.06,-331.958,3987.15,3418.66,3321.11,-23.1754,-11.0492,-55.7782,-48.3298,-23.9381,-81.9395,56.1377,-44.5364,6.21253,6.36952,5.71158,-11.0601,-74.197,65.2656,-42.419,-343.007,6.5325,6.44041,5.91939,2.0,AAAALLLGALLGTLLSFLAAA
ALLLGALLGTLLSFL,1.1821310775698746,0.1082765362603003,G,AAAALLLGALLGTLLSFLAAA_1,1.1001100110011e+17,1.0,-82.9814,-87.4354,-73.9598,-211.696,-214.043,-234.06,-331.958,3987.15,3423.56,3321.11,-11.0492,-23.0318,-48.3298,-53.511,-23.9381,-74.197,65.2656,-42.419,6.5325,6.44041,5.91939,-10.3302,-74.197,65.2656,-42.419,-343.007,6.5325,6.44041,5.91939,1.0,AAAALLLGALLGTLLSFLAAA
TFLLAILLGLLLGVL,0.6673140381729884,0.0366336175295039,G,AAATFLLAILLGLLLGVLAAA_1,1.1001100110011e+17,1.0,-48.9149,-46.0289,-44.9832,-222.938,-223.361,-245.105,-321.968,4129.21,3224.44,3304.07,-15.6712,22.7947,-65.7857,-29.7831,-31.8795,-69.5007,30.6787,-37.4827,7.04193,1.06673,0.0269061,-8.32767,-74.241,27.0676,-35.812,-330.494,7.4865,1.29028,0.196294,1.0,AAATFLLAILLGLLLGVLAAA
TFLLAILLGLLLGVL,0.6673140381729884,0.0366336175295039,G,AAATFLLAILLGLLLGVLAAA_2,1.1001100110011e+17,1.0,-46.1276,-48.9149,-44.9832,-223.123,-223.065,-245.105,-321.968,4129.21,3174.44,3304.07,-10.5017,-15.7968,-63.2184,-65.785,-31.8795,-73.3366,27.788,-32.8427,7.35458,1.25188,0.168696,-8.4136,-74.241,27.0676,-35.812,-330.494,7.4865,1.29028,0.196294,2.0,AAATFLLAILLGLLLGVLAAA
TFLLAILLGLLLGVL,0.6673140381729884,0.0366336175295039,G,AAATFLLAILLGLLLGVLAAA_0,1.1001100110011e+17,1.0,-46.0289,-44.9832,-44.9832,-223.162,-223.258,-245.105,-321.968,4129.21,3169.63,3304.07,-9.85212,-8.5262,-62.6292,-62.2532,-31.8795,-73.9052,28.0107,-32.1002,7.40828,1.36723,0.28739,-8.15413,-74.241,27.0676,-35.812,-330.494,7.4865,1.29028,0.196294,0.0,AAATFLLAILLGLLLGVLAAA
AYLLAVLLGLLLGFL,0.7037252082119437,0.0326897947240069,G,AAAAYLLAVLLGLLLGFLAAA_2,1.1001100110011e+17,1.0,-56.4414,-56.0186,-44.9566,-217.291,-216.567,-244.414,-296.892,4092.47,3375.05,3307.84,-22.164,-15.5902,-45.3236,-39.8957,-7.52128,-67.3446,51.9328,-43.958,6.94508,3.61261,2.8916,-4.98592,-76.6711,46.9516,-39.8118,-301.793,7.5,4.33913,3.5434,2.0,AAAAYLLAVLLGLLLGFLAAA
AYLLAVLLGLLLGFL,0.7037252082119437,0.0326897947240069,G,AAAAYLLAVLLGLLLGFLAAA_1,1.1001100110011e+17,1.0,-56.1185,-53.4494,-44.9566,-217.219,-217.159,-244.414,-296.892,4092.47,3301.37,3307.84,-21.2418,-16.3304,-44.7958,-42.6138,-7.52128,-68.1463,51.7567,-44.7634,6.99723,3.70911,2.98546,-5.25989,-76.6711,46.9516,-39.8118,-301.793,7.5,4.33913,3.5434,1.0,AAAAYLLAVLLGLLLGFLAAA
AYLLAVLLGLLLGFL,0.7037252082119437,0.0326897947240069,G,AAAAYLLAVLLGLLLGFLAAA_0,1.1001100110011e+17,1.0,-53.4573,-48.7647,-44.9566,-217.87,-217.983,-244.414,-296.892,4092.47,3299.37,3307.84,-17.2159,-4.90098,-42.7806,-35.0451,-7.52128,-81.9722,35.6308,-39.8596,7.11037,3.60598,2.64044,-4.24076,-76.6711,46.9516,-39.8118,-301.793,7.5,4.33913,3.5434,0.0,AAAAYLLAVLLGLLLGFLAAA
AVLLIGLLFGLLSTL,0.4254503829041898,0.053769244406887,G,AAAAVLLIGLLFGLLSTLAAA_0,1.1001100110011e+17,1.0,-76.5116,-76.638,-74.0695,-212.817,-212.641,-245.342,-312.673,4050.37,3335.12,3341.56,2.54144,3.20866,-20.8029,-20.1853,6.73904,-34.9854,70.9839,-40.625,7.50179,1.33064,0.895398,4.25891,-35.7131,69.4343,-39.9439,-309.464,7.5,1.23059,0.772104,0.0,AAAAVLLIGLLFGLLSTLAAA
AVLLIGLLFGLLSTL,0.4254503829041898,0.053769244406887,G,AAAAVLLIGLLFGLLSTLAAA_2,1.1001100110011e+17,1.0,-75.942,-76.1002,-74.0695,-213.766,-212.984,-245.342,-312.673,4050.37,3379.1,3341.56,2.72791,3.64494,-20.2366,-19.9438,6.73904,-40.713,71.9048,-42.449,7.562,2.3141,1.89267,2.81539,-35.7131,69.4343,-39.9439,-309.464,7.5,1.23059,0.772104,2.0,AAAAVLLIGLLFGLLSTLAAA
AVLLIGLLFGLLSTL,0.4254503829041898,0.053769244406887,G,AAAAVLLIGLLFGLLSTLAAA_1,1.1001100110011e+17,1.0,-76.1002,-76.5116,-74.0695,-212.984,-212.817,-245.342,-312.673,4050.37,3320.05,3341.56,3.64494,2.54144,-19.9438,-20.8029,6.73904,-33.8496,71.9034,-38.7937,7.55807,1.2844,0.862949,2.98835,-35.7131,69.4343,-39.9439,-309.464,7.5,1.23059,0.772104,1.0,AAAAVLLIGLLFGLLSTLAAA
TALLFLLLGVLLGIL,0.6451996291372167,0.0429344472614385,G,AAATALLFLLLGVLLGILAAA_0,1.1001100110011e+17,1.0,-50.969,-49.2116,-44.96,-222.487,-220.821,-249.703,-322.573,4161.18,3210.32,3409.28,-20.9332,-2.05866,-70.0499,-54.5991,-27.9101,-68.2348,60.3751,-26.2846,6.95982,4.88585,4.29148,-2.96152,-65.2659,57.7881,-36.226,-324.632,7.2064,4.09128,3.4581,0.0,AAATALLFLLLGVLLGILAAA
TALLFLLLGVLLGIL,0.6451996291372167,0.0429344472614385,G,AAATALLFLLLGVLLGILAAA_2,1.1001100110011e+17,1.0,-54.5758,-53.5634,-44.96,-223.9,-221.685,-249.703,-322.573,4161.18,3211.33,3409.28,-20.8808,-13.1002,-64.9781,-60.425,-27.9101,-59.2392,47.7134,-30.464,6.65665,1.82718,1.04288,-2.72684,-65.2659,57.7881,-36.226,-324.632,7.2064,4.09128,3.4581,2.0,AAATALLFLLLGVLLGILAAA
TALLFLLLGVLLGIL,0.6451996291372167,0.0429344472614385,G,AAATALLFLLLGVLLGILAAA_1,1.1001100110011e+17,1.0,-53.6332,-50.969,-44.96,-222.839,-222.269,-249.703,-322.573,4161.18,3255.64,3409.28,-15.972,-7.28684,-62.0727,-56.6216,-27.9101,-60.9424,52.8339,-31.7951,6.81011,2.77395,2.06646,-2.69751,-65.2659,57.7881,-36.226,-324.632,7.2064,4.09128,3.4581,1.0,AAATALLFLLLGVLLGILAAA
TALLIGLLFGLLVLL,0.4034376573478254,0.0168090494050398,G,AAATALLIGLLFGLLVLLAAA_2,1.1001100110011e+17,1.0,-44.9826,-44.9826,-44.9826,-222.577,-222.117,-247.336,2300.86,4214.5,3362.43,3432.09,-7.82849,-6.42308,2560.59,2561.53,2593.18,-45.8683,65.8406,-32.2104,7.54827,2.26873,1.75634,-5.35113,-44.147,67.923,-36.7071,2295.34,7.5,2.29165,1.81049,2.0,AAATALLIGLLFGLLVLLAAA
TALLIGLLFGLLVLL,0.4034376573478254,0.0168090494050398,G,AAATALLIGLLFGLLVLLAAA_0,1.1001100110011e+17,1.0,-44.9826,-44.9826,-44.9826,-222.315,-221.919,-247.336,2300.86,4214.5,3356.72,3432.09,-6.73246,-5.52204,2561.42,2562.24,2593.18,-43.2995,67.0346,-34.9068,7.43894,2.04459,1.55011,-5.30859,-44.147,67.923,-36.7071,2295.34,7.5,2.29165,1.81049,0.0,AAATALLIGLLFGLLVLLAAA
TALLIGLLFGLLVLL,0.4034376573478254,0.0168090494050398,G,AAATALLIGLLFGLLVLLAAA_1,1.1001100110011e+17,1.0,-44.9826,-44.9826,-44.9826,-222.117,-222.315,-247.336,2300.86,4214.5,3356.35,3432.09,-6.42308,-6.73246,2561.53,2561.42,2593.18,-44.6776,67.2181,-35.113,7.47945,2.27608,1.78435,-5.27783,-44.147,67.923,-36.7071,2295.34,7.5,2.29165,1.81049,1.0,AAATALLIGLLFGLLVLLAAA
TALLLALLFGLLFSL,0.3851827474331821,0.0164852696191567,G,AAATALLLALLFGLLFSLAAA_0,1.1001100110011e+17,1.0,-60.3539,-60.3539,-60.3539,-225.854,-224.795,-248.005,-309.095,4097.96,3293.53,3329.36,-8.47101,-5.52444,-31.3575,-29.4709,-0.736414,-32.8042,66.5032,-32.9509,7.31663,0.398564,-0.103889,-4.86707,-32.2864,71.771,-35.0,-314.619,7.3393,1.03204,0.608604,0.0,AAATALLLALLFGLLFSLAAA
TALLLALLFGLLFSL,0.3851827474331821,0.0164852696191567,G,AAATALLLALLFGLLFSLAAA_2,1.1001100110011e+17,1.0,-60.3539,-60.3539,-60.3539,-225.406,-225.05,-248.005,-309.095,4097.96,3289.52,3329.36,-8.01123,-7.62898,-31.346,-31.3195,-0.736414,-33.0678,69.5812,-32.9273,7.32938,0.853631,0.397349,-4.94289,-32.2864,71.771,-35.0,-314.619,7.3393,1.03204,0.608604,2.0,AAATALLLALLFGLLFSLAAA
TALLLALLFGLLFSL,0.3851827474331821,0.0164852696191567,G,AAATALLLALLFGLLFSLAAA_1,1.1001100110011e+17,1.0,-60.3539,-60.3539,-60.3539,-225.05,-225.712,-248.005,-309.095,4097.96,3287.99,3329.36,-7.62898,-8.43774,-31.3195,-31.4669,-0.736414,-34.6589,70.5387,-32.6657,7.36504,1.22156,0.779638,-6.32502,-32.2864,71.771,-35.0,-314.619,7.3393,1.03204,0.608604,1.0,AAATALLLALLFGLLFSLAAA
ATLLVGLLFLLLGTL,0.3823880146659898,0.0456216219591141,G,AAAATLLVGLLFLLLGTLAAA_1,1.1001100110011e+17,1.0,-59.6116,-58.7666,-58.7666,-224.811,-219.642,-248.647,-279.947,4088.4,3302.91,3261.59,-10.661,-1.26218,-6.18553,-2.80048,27.4665,-36.293,57.2092,-37.4967,7.13077,-0.332807,-0.974669,-2.98799,-39.5918,66.1876,-38.1472,-280.668,7.1158,1.37409,0.866903,1.0,AAAATLLVGLLFLLLGTLAAA
ATLLVGLLFLLLGTL,0.3823880146659898,0.0456216219591141,G,AAAATLLVGLLFLLLGTLAAA_0,1.1001100110011e+17,1.0,-58.7666,-62.7977,-58.7666,-219.502,-220.24,-248.647,-279.947,4088.4,3328.98,3261.59,-3.78648,-0.720997,-5.46487,2.37012,27.4665,-43.1324,64.964,-38.8652,7.38624,1.73999,1.21445,-2.08967,-39.5918,66.1876,-38.1472,-280.668,7.1158,1.37409,0.866903,0.0,AAAATLLVGLLFLLLGTLAAA
ATLLVGLLFLLLGTL,0.3823880146659898,0.0456216219591141,G,AAAATLLVGLLFLLLGTLAAA_2,1.1001100110011e+17,1.0,-58.7666,-59.6478,-58.7666,-219.304,-223.845,-248.647,-279.947,4088.4,3369.6,3261.59,-2.74281,-7.25175,-4.61968,-3.70591,27.4665,-43.0292,65.5221,-39.5924,7.40998,1.79987,1.2827,-3.40274,-39.5918,66.1876,-38.1472,-280.668,7.1158,1.37409,0.866903,2.0,AAAATLLVGLLFLLLGTLAAA
VGLLLALLGLLLGTL,0.3641841471466523,0.0360612543206692,G,AAAVGLLLALLGLLLGTLAAA_1,1.1001100110011e+17,1.0,-69.0287,-67.8879,-58.7749,-207.603,-208.453,-235.405,-281.015,4030.12,3266.38,3371.9,-12.931,-10.1324,-17.3148,-14.8064,13.1644,-51.6109,59.6288,-35.3475,6.50888,2.29152,1.68595,-1.51476,-46.3992,64.2808,-38.4034,-283.25,6.6622,2.13779,1.602,1.0,AAAVGLLLALLGLLLGTLAAA
VGLLLALLGLLLGTL,0.3641841471466523,0.0360612543206692,G,AAAVGLLLALLGLLLGTLAAA_2,1.1001100110011e+17,1.0,-69.0261,-69.0287,-58.7749,-207.575,-207.574,-235.405,-281.015,4030.12,3268.75,3371.9,-12.9202,-8.87027,-17.3346,-13.2827,13.1644,-51.7582,59.5596,-35.5681,6.51103,2.30428,1.69767,-3.16407,-46.3992,64.2808,-38.4034,-283.25,6.6622,2.13779,1.602,2.0,AAAVGLLLALLGLLLGTLAAA
VGLLLALLGLLLGTL,0.3641841471466523,0.0360612543206692,G,AAAVGLLLALLGLLLGTLAAA_0,1.1001100110011e+17,1.0,-67.8879,-67.0717,-58.7749,-208.453,-207.136,-235.405,-281.015,4030.12,3271.48,3371.9,-10.1324,-2.23453,-14.8064,-9.04209,13.1644,-45.4017,69.2462,-35.1506,6.61802,2.6585,2.1972,-1.84862,-46.3992,64.2808,-38.4034,-283.25,6.6622,2.13779,1.602,0.0,AAAVGLLLALLGLLLGTLAAA
TALLVGLLGLLLGFL,0.3582547557792913,0.0125424863108302,G,AAATALLVGLLGLLLGFLAAA_2,1.1001100110011e+17,1.0,-54.5561,-47.009,-44.921,-219.702,-216.499,-244.806,-242.813,4029.6,3372.7,3454.38,-12.3481,5.17012,19.0969,25.8654,46.914,-53.1046,47.8762,-40.5705,6.67134,0.92899,0.147133,5.21275,-48.1591,65.1383,-40.7743,-237.643,7.1702,2.51753,1.9946,2.0,AAATALLVGLLGLLLGFLAAA
TALLVGLLGLLLGFL,0.3582547557792913,0.0125424863108302,G,AAATALLVGLLGLLLGFLAAA_0,1.1001100110011e+17,1.0,-54.4933,-47.009,-44.921,-218.545,-216.499,-244.806,-242.813,4029.6,3417.4,3454.38,-10.7328,5.17012,19.4924,25.8654,46.914,-54.0654,49.4268,-43.6856,6.63062,1.28243,0.52383,5.06435,-48.1591,65.1383,-40.7743,-237.643,7.1702,2.51753,1.9946,0.0,AAATALLVGLLGLLLGFLAAA
TALLVGLLGLLLGFL,0.3582547557792913,0.0125424863108302,G,AAATALLVGLLGLLLGFLAAA_1,1.1001100110011e+17,1.0,-47.009,-54.4933,-44.921,-216.499,-217.587,-244.806,-242.813,4029.6,3423.47,3454.38,5.17012,-10.6274,25.8654,18.6398,46.914,-48.1591,65.1383,-40.7743,7.1702,2.51753,1.9946,27.196,-48.1591,65.1383,-40.7743,-237.643,7.1702,2.51753,1.9946,1.0,AAATALLVGLLGLLLGFLAAA
VGLLLILLGALLATL,0.9306249114972432,0.0375694454538523,G,AAAVGLLLILLGALLATLAAA_0,1.1001100110011e+17,1.0,-62.9114,-61.3055,-58.7586,-212.039,-209.855,-232.123,-337.302,3952.87,3321.7,3404.25,-6.64416,-0.985676,-68.9958,-67.1276,-46.421,-40.013,67.3475,-40.8561,7.38109,1.59385,1.10406,-1.39475,-40.5762,61.5678,-43.055,-338.288,7.4828,0.898083,0.3216,0.0,AAAVGLLLILLGALLATLAAA
VGLLLILLGALLATL,0.9306249114972432,0.0375694454538523,G,AAAVGLLLILLGALLATLAAA_2,1.1001100110011e+17,1.0,-64.3714,-63.086,-58.7586,-209.712,-209.389,-232.123,-337.302,3952.87,3307.07,3404.25,-6.62813,-4.03478,-69.8466,-68.8617,-46.421,-45.9836,56.0815,-43.068,7.19651,0.968545,0.309767,1.43614,-40.5762,61.5678,-43.055,-338.288,7.4828,0.898083,0.3216,2.0,AAAVGLLLILLGALLATLAAA
VGLLLILLGALLATL,0.9306249114972432,0.0375694454538523,G,AAAVGLLLILLGALLATLAAA_1,1.1001100110011e+17,1.0,-63.086,-62.9114,-58.7586,-209.898,-212.037,-232.123,-337.302,3952.87,3319.81,3404.25,-4.31106,-6.56694,-68.629,-68.9206,-46.421,-41.6754,57.4638,-41.151,7.37431,0.508924,-0.129119,-1.00916,-40.5762,61.5678,-43.055,-338.288,7.4828,0.898083,0.3216,1.0,AAAVGLLLILLGALLATLAAA
LLALLFVLTSLLAIL,0.3630599679967266,0.0076600990858316,L,AAALLALLFVLTSLLAILAAA_2,1.1001100110011e+17,1.0,-79.4998,-79.5958,-74.2275,-233.185,-231.445,-234.661,14226400.0,4131.41,3336.08,3471.22,-32.2392,-10.9296,14226700.0,14226700.0,14226700.0,-4.67968,102.538,14.0536,8.73492,1.0446,1.08268,-25.0256,-7.1541,92.8459,18.0,14226400.0,8.8115,0.107311,-5.55556e-07,2.0,AAALLALLFVLTSLLAILAAA
LLALLFVLTSLLAIL,0.3630599679967266,0.0076600990858316,L,AAALLALLFVLTSLLAILAAA_1,1.1001100110011e+17,1.0,-79.6499,-72.9481,-74.2275,-231.412,-230.645,-234.661,14226400.0,4131.41,3381.11,3471.22,-30.7262,-20.6541,14226700.0,14226700.0,14226700.0,-5.40455,98.9544,14.1308,8.73545,0.669532,0.653849,-24.9883,-7.1541,92.8459,18.0,14226400.0,8.8115,0.107311,-5.55556e-07,1.0,AAALLALLFVLTSLLAILAAA
LLALLFVLTSLLAIL,0.3630599679967266,0.0076600990858316,L,AAALLALLFVLTSLLAILAAA_0,1.1001100110011e+17,1.0,-80.0767,-78.7741,-74.2275,-230.647,-228.488,-234.661,14226400.0,4131.41,3368.89,3471.22,-28.25,-24.8646,14226700.0,14226700.0,14226700.0,-2.67435,101.115,17.4454,8.63947,0.551666,0.56839,-24.7705,-7.1541,92.8459,18.0,14226400.0,8.8115,0.107311,-5.55556e-07,0.0,AAALLALLFVLTSLLAILAAA
LVLLTALLFLLISLL,0.5886659506159713,0.0339732413414478,L,AAALVLLTALLFLLISLLAAA_0,1.1001100110011e+17,1.0,-62.0164,-58.9076,-58.919,-238.391,-233.028,-239.455,1278000000.0,4326.93,3389.42,3589.52,-28.3677,-15.8368,1278010000.0,1278010000.0,1278010000.0,-52.1781,59.3002,22.0457,8.54897,2.33223,1.72174,-15.2074,-54.2004,50.1516,26.2942,1278000000.0,9.153,1.40053,0.652804,0.0,AAALVLLTALLFLLISLLAAA
LVLLTALLFLLISLL,0.5886659506159713,0.0339732413414478,L,AAALVLLTALLFLLISLLAAA_2,1.1001100110011e+17,1.0,-61.6795,-58.9076,-58.919,-234.868,-237.111,-239.455,1278000000.0,4326.93,3408.05,3589.52,-24.1287,-10.7504,1278010000.0,1278010000.0,1278010000.0,-52.3708,53.5475,22.343,8.56069,1.58454,0.88775,-15.8585,-54.2004,50.1516,26.2942,1278000000.0,9.153,1.40053,0.652804,2.0,AAALVLLTALLFLLISLLAAA
LVLLTALLFLLISLL,0.5886659506159713,0.0339732413414478,L,AAALVLLTALLFLLISLLAAA_1,1.1001100110011e+17,1.0,-58.9076,-62.0277,-58.919,-237.47,-238.092,-239.455,1278000000.0,4326.93,3435.87,3589.52,-23.3147,-4.31,1278010000.0,1278010000.0,1278010000.0,-52.254,59.3535,28.5801,8.591,2.35082,1.74113,-14.8465,-54.2004,50.1516,26.2942,1278000000.0,9.153,1.40053,0.652804,1.0,AAALVLLTALLFLLISLLAAA
LALLILLTSLLFVLL,0.532734165936038,0.0362305589503203,L,AAALALLILLTSLLFVLLAAA_2,1.1001100110011e+17,1.0,-74.3089,-74.1675,-74.3764,-240.371,-240.042,-241.92,47116.5,4285.33,3591.86,3670.49,-22.3971,21.1289,47408.8,47451.8,47432.8,-98.2095,20.1358,23.3255,9.50559,3.94975,2.75179,-9.97658,-98.8508,7.42719,28.0,47105.3,9.5,2.33029,0.941698,2.0,AAALALLILLTSLLFVLLAAA
LALLILLTSLLFVLL,0.532734165936038,0.0362305589503203,L,AAALALLILLTSLLFVLLAAA_1,1.1001100110011e+17,1.0,-74.3089,-74.1675,-74.3764,-239.833,-238.33,-241.92,47116.5,4285.33,3555.87,3670.49,-22.3773,19.0994,47408.2,47448.1,47432.8,-99.0096,17.5251,20.7258,9.53229,3.71733,2.4802,-11.3721,-98.8508,7.42719,28.0,47105.3,9.5,2.33029,0.941698,1.0,AAALALLILLTSLLFVLLAAA
LALLILLTSLLFVLL,0.532734165936038,0.0362305589503203,L,AAALALLILLTSLLFVLLAAA_0,1.1001100110011e+17,1.0,-74.3089,-74.1675,-74.3764,-238.051,-232.408,-241.92,47116.5,4285.33,3552.28,3670.49,-20.6365,-11.1921,47408.2,47411.9,47432.8,-101.405,11.7295,20.1328,9.54706,3.29416,1.9701,-11.2822,-98.8508,7.42719,28.0,47105.3,9.5,2.33029,0.941698,0.0,AAALALLILLTSLLFVLLAAA
LALLFILTYLLAVLL,0.6136867698132795,0.0074820521604551,L,AAALALLFILTYLLAVLLAAA_0,1.1001100110011e+17,1.0,-58.9008,-58.9557,-58.9806,-238.235,-232.713,-242.079,1909270.0,4245.31,3665.21,3675.75,-17.9496,-12.6416,1909550.0,1909550.0,1909570.0,-96.5879,25.8564,29.9455,9.49404,4.47879,3.36663,-12.6043,-99.2693,14.1594,28.0,1909260.0,9.4208,3.30191,2.0143,0.0,AAALALLFILTYLLAVLLAAA
LALLFILTYLLAVLL,0.6136867698132795,0.0074820521604551,L,AAALALLFILTYLLAVLLAAA_1,1.1001100110011e+17,1.0,-58.9557,-58.9557,-58.9806,-236.59,-238.243,-242.079,1909270.0,4245.31,3645.7,3675.75,-17.2337,-16.856,1909550.0,1909550.0,1909570.0,-101.966,17.154,28.2877,9.48835,4.11072,2.86803,-12.5828,-99.2693,14.1594,28.0,1909260.0,9.4208,3.30191,2.0143,1.0,AAALALLFILTYLLAVLLAAA
LALLFILTYLLAVLL,0.6136867698132795,0.0074820521604551,L,AAALALLFILTYLLAVLLAAA_2,1.1001100110011e+17,1.0,-58.9557,-58.9557,-58.9806,-236.818,-236.59,-242.079,1909270.0,4245.31,3596.37,3675.75,-16.1677,-15.0931,1909550.0,1909550.0,1909570.0,-97.2899,22.1481,26.8754,9.52852,4.08348,2.9157,-12.34,-99.2693,14.1594,28.0,1909260.0,9.4208,3.30191,2.0143,2.0,AAALALLFILTYLLAVLLAAA
LAILLAVLFTLLSLL,0.4770209926681847,0.0207226332940411,L,AAALAILLAVLFTLLSLLAAA_2,1.1001100110011e+17,1.0,-52.4334,-59.8979,-60.9251,-231.724,-224.924,-236.073,1078.86,4097.18,3301.76,3499.37,-23.9029,-6.34563,1339.12,1357.34,1375.86,-51.3337,76.8519,19.2662,7.74248,4.57506,4.22784,-8.81246,-53.398,64.296,20.1517,1069.01,8.5941,3.18966,2.6541,2.0,AAALAILLAVLFTLLSLLAAA
LAILLAVLFTLLSLL,0.4770209926681847,0.0207226332940411,L,AAALAILLAVLFTLLSLLAAA_0,1.1001100110011e+17,1.0,-52.4334,-59.8979,-60.9251,-230.216,-226.364,-236.073,1078.86,4097.18,3282.51,3499.37,-22.1327,-9.85123,1339.38,1355.27,1375.86,-54.1039,71.1339,19.1751,7.75916,4.21866,3.78567,-9.70168,-53.398,64.296,20.1517,1069.01,8.5941,3.18966,2.6541,0.0,AAALAILLAVLFTLLSLLAAA
LAILLAVLFTLLSLL,0.4770209926681847,0.0207226332940411,L,AAALAILLAVLFTLLSLLAAA_1,1.1001100110011e+17,1.0,-60.9251,-59.8979,-60.9251,-224.924,-230.358,-236.073,1078.86,4097.18,3416.81,3499.37,-11.5991,-10.0534,1353.11,1359.06,1375.86,-57.0038,58.4307,23.4611,8.47768,2.93872,2.31518,-9.63594,-53.398,64.296,20.1517,1069.01,8.5941,3.18966,2.6541,1.0,AAALAILLAVLFTLLSLLAAA
LLLLTILVALLFSLL,0.5339231430069628,0.0441736489762311,L,AAALLLLTILVALLFSLLAAA_2,1.1001100110011e+17,1.0,-69.8627,-69.8627,-73.4718,-230.344,-224.783,-239.811,-251.783,4252.5,3404.89,3437.78,-18.6319,-9.00971,29.7922,33.8534,61.4998,-108.867,14.1723,18.0759,9.48138,4.74328,3.45586,-15.6979,-109.634,7.68067,18.0547,-267.65,9.5,3.98199,2.5972,2.0,AAALLLLTILVALLFSLLAAA
LLLLTILVALLFSLL,0.5339231430069628,0.0441736489762311,L,AAALLLLTILVALLFSLLAAA_0,1.1001100110011e+17,1.0,-73.496,-69.8627,-73.4718,-233.756,-228.233,-239.811,-251.783,4252.5,3491.62,3437.78,-15.5679,-15.8671,39.9013,30.446,61.4998,-115.213,12.495,14.6704,10.4617,5.46873,4.15616,-15.7691,-109.634,7.68067,18.0547,-267.65,9.5,3.98199,2.5972,0.0,AAALLLLTILVALLFSLLAAA
LLLLTILVALLFSLL,0.5339231430069628,0.0441736489762311,L,AAALLLLTILVALLFSLLAAA_1,1.1001100110011e+17,1.0,-69.9031,-69.8627,-73.4718,-224.228,-234.739,-239.811,-251.783,4252.5,3525.7,3437.78,-11.5994,-10.4462,30.7491,42.3733,61.4998,-111.002,1.35155,26.2872,9.68846,3.3328,1.85308,-15.2459,-109.634,7.68067,18.0547,-267.65,9.5,3.98199,2.5972,1.0,AAALLLLTILVALLFSLLAAA
YALLFVLTALLLSLL,0.4254315198699945,0.0086978294707584,L,AAAYALLFVLTALLLSLLAAA_0,1.1001100110011e+17,1.0,-74.212,-74.1224,-74.144,-232.007,-229.341,-247.908,-332.707,4232.14,3439.6,3504.51,-13.5544,-9.19185,-40.0426,-38.4357,-10.6548,-104.825,26.5901,13.5316,8.88986,5.81336,4.71221,-9.07566,-102.991,23.1616,18.0337,-341.899,9.0042,5.07547,3.92289,0.0,AAAYALLFVLTALLLSLLAAA
YALLFVLTALLLSLL,0.4254315198699945,0.0086978294707584,L,AAAYALLFVLTALLLSLLAAA_2,1.1001100110011e+17,1.0,-74.1224,-74.1224,-74.144,-230.909,-228.587,-247.908,-332.707,4232.14,3429.38,3504.51,-10.443,-0.214742,-38.1187,-30.2125,-10.6548,-102.622,29.2743,18.0261,9.01098,5.8454,4.78452,-9.16449,-102.991,23.1616,18.0337,-341.899,9.0042,5.07547,3.92289,2.0,AAAYALLFVLTALLLSLLAAA
YALLFVLTALLLSLL,0.4254315198699945,0.0086978294707584,L,AAAYALLFVLTALLLSLLAAA_1,1.1001100110011e+17,1.0,-74.1502,-74.1224,-74.144,-229.606,-231.682,-247.908,-332.707,4232.14,3475.62,3504.51,-7.822,13.4764,-36.7727,-13.426,-10.6548,-102.808,17.3818,11.4418,9.25932,4.26777,3.0285,-8.74881,-102.991,23.1616,18.0337,-341.899,9.0042,5.07547,3.92289,1.0,AAAYALLFVLTALLLSLLAAA
LALLFILVTLLLSLL,0.4369944332838797,0.0458675492345784,L,AAALALLFILVTLLLSLLAAA_2,1.1001100110011e+17,1.0,-74.2468,-67.151,-74.2468,-231.159,-228.627,-242.607,-349.579,4219.06,3457.96,3460.74,-13.5223,-12.5533,-57.6953,-66.3539,-32.725,-113.024,18.1749,14.0762,10.0552,5.90724,4.67986,-9.90735,-104.645,21.315,18.824,-359.624,9.3331,5.07427,3.89399,2.0,AAALALLFILVTLLLSLLAAA
LALLFILVTLLLSLL,0.4369944332838797,0.0458675492345784,L,AAALALLFILVTLLLSLLAAA_1,1.1001100110011e+17,1.0,-67.151,-67.151,-74.2468,-228.627,-225.546,-242.607,-349.579,4219.06,3418.42,3460.74,-12.5533,-8.06148,-66.3539,-64.9437,-32.725,-103.221,28.4241,18.2766,9.31982,5.82036,4.74672,-9.71049,-104.645,21.315,18.824,-359.624,9.3331,5.07427,3.89399,1.0,AAALALLFILVTLLLSLLAAA
LALLFILVTLLLSLL,0.4369944332838797,0.0458675492345784,L,AAALALLFILVTLLLSLLAAA_0,1.1001100110011e+17,1.0,-70.6818,-67.151,-74.2468,-225.531,-225.891,-242.607,-349.579,4219.06,3443.43,3460.74,-10.2893,-10.045,-63.6553,-66.5822,-32.725,-108.11,16.9912,20.8861,9.50807,5.01032,3.76518,-9.47857,-104.645,21.315,18.824,-359.624,9.3331,5.07427,3.89399,0.0,AAALALLFILVTLLLSLLAAA
LALLYVLTFLLASLL,0.6356303549336838,0.0113940196882111,L,AAALALLYVLTFLLASLLAAA_2,1.1001100110011e+17,1.0,-74.1261,-74.1261,-74.0409,-233.174,-229.769,-240.697,-212.498,4142.18,3450.09,3512.02,-19.3707,646.509,75.4318,737.907,102.24,-97.4522,36.0884,16.8227,9.38752,5.98976,5.03108,-8.76251,-99.1745,22.4175,18.2946,-224.323,9.5,4.40254,3.2388,2.0,AAALALLYVLTFLLASLLAAA
LALLYVLTFLLASLL,0.6356303549336838,0.0113940196882111,L,AAALALLYVLTFLLASLLAAA_1,1.1001100110011e+17,1.0,-74.2232,-74.1261,-74.0409,-229.969,-226.405,-240.697,-212.498,4142.18,3371.29,3512.02,-17.1217,-12.4699,74.5732,75.5638,102.24,-102.644,23.8001,13.5433,9.1541,5.10955,3.96656,-11.5147,-99.1745,22.4175,18.2946,-224.323,9.5,4.40254,3.2388,1.0,AAALALLYVLTFLLASLLAAA
LALLYVLTFLLASLL,0.6356303549336838,0.0113940196882111,L,AAALALLYVLTFLLASLLAAA_0,1.1001100110011e+17,1.0,-74.1261,-74.1261,-74.0409,-226.406,-226.687,-240.697,-212.498,4142.18,3459.15,3512.02,-12.504,-11.8249,75.5299,76.4901,102.24,-100.618,20.242,17.1805,9.35622,4.32541,3.12904,-11.5528,-99.1745,22.4175,18.2946,-224.323,9.5,4.40254,3.2388,0.0,AAALALLYVLTFLLASLLAAA
LLALLLILVTLLSFL,0.6270234499649133,0.0573283903508542,L,AAALLALLLILVTLLSFLAAA_0,1.1001100110011e+17,1.0,-57.0586,-57.0736,-60.9534,-236.008,-230.513,-241.611,320.801,4163.93,3589.87,3491.64,-14.6482,-10.3637,599.219,598.023,623.365,-8.28343,104.147,18.5988,9.48011,1.80238,1.86459,-9.26528,-15.856,85.056,19.3699,310.437,9.4176,0.36096,0.1368,0.0,AAALLALLLILVTLLSFLAAA
LLALLLILVTLLSFL,0.6270234499649133,0.0573283903508542,L,AAALLALLLILVTLLSFLAAA_1,1.1001100110011e+17,1.0,-57.0736,-57.0736,-60.9534,-232.54,-236.009,-241.611,320.801,4163.93,3438.53,3491.64,-13.2405,-14.1715,597.173,599.711,623.365,-14.0749,90.8243,17.8825,9.1838,0.87251,0.734874,-9.40471,-15.856,85.056,19.3699,310.437,9.4176,0.36096,0.1368,1.0,AAALLALLLILVTLLSFLAAA
LLALLLILVTLLSFL,0.6270234499649133,0.0573283903508542,L,AAALLALLLILVTLLSFLAAA_2,1.1001100110011e+17,1.0,-60.9534,-57.0736,-60.9534,-231.873,-232.543,-241.611,320.801,4163.93,3615.66,3491.64,-10.8128,-12.3264,602.814,598.09,623.365,-17.7714,86.8304,23.6038,9.45081,0.887803,0.690259,-9.88037,-15.856,85.056,19.3699,310.437,9.4176,0.36096,0.1368,2.0,AAALLALLLILVTLLSFLAAA
AALLLLLVTLLFSLL,0.5684478919352915,0.03994073094906,L,AAAAALLLLLVTLLFSLLAAA_1,1.1001100110011e+17,1.0,-67.1181,-67.1181,-74.254,-227.38,-225.941,-246.15,-353.809,4134.64,3264.78,3416.71,-8.91406,-6.27495,-68.2245,-67.0247,-33.4049,-101.219,49.325,19.6106,8.95531,8.3417,7.58158,-4.62586,-103.038,36.634,25.4696,-358.179,9.2755,6.90129,5.9508,1.0,AAAAALLLLLVTLLFSLLAAA
AALLLLLVTLLFSLL,0.5684478919352915,0.03994073094906,L,AAAAALLLLLVTLLFSLLAAA_2,1.1001100110011e+17,1.0,-67.1181,-67.1181,-74.254,-226.306,-227.358,-246.15,-353.809,4134.64,3324.5,3416.71,-8.39159,3.49662,-68.776,-55.8359,-33.4049,-100.103,48.5532,24.0324,9.12858,8.0702,7.2985,-4.39148,-103.038,36.634,25.4696,-358.179,9.2755,6.90129,5.9508,2.0,AAAAALLLLLVTLLFSLLAAA
AALLLLLVTLLFSLL,0.5684478919352915,0.03994073094906,L,AAAAALLLLLVTLLFSLLAAA_0,1.1001100110011e+17,1.0,-70.5994,-67.1181,-74.254,-225.966,-224.557,-246.15,-353.809,4134.64,3326.86,3416.71,-8.38378,-4.36996,-65.6273,-66.5041,-33.4049,-108.311,39.0036,24.4529,9.11839,8.01218,7.09724,-4.15099,-103.038,36.634,25.4696,-358.179,9.2755,6.90129,5.9508,0.0,AAAAALLLLLVTLLFSLLAAA
TALLFLLVALLLSLL,0.4926569459258582,0.0184336811076575,L,AAATALLFLLVALLLSLLAAA_0,1.1001100110011e+17,1.0,-60.3716,-60.3716,-60.3716,-230.302,-228.49,-253.481,-354.171,4221.51,3223.27,3355.57,-13.4176,-3.83455,-76.9146,-69.1437,-40.3181,-108.647,32.3489,15.4858,8.59277,7.16417,6.1494,-4.27833,-107.997,20.181,18.0,-358.006,9.1137,5.42398,4.22669,0.0,AAATALLFLLVALLLSLLAAA
TALLFLLVALLLSLL,0.4926569459258582,0.0184336811076575,L,AAATALLFLLVALLLSLLAAA_2,1.1001100110011e+17,1.0,-60.3716,-60.3716,-60.3716,-227.918,-228.382,-253.481,-354.171,4221.51,3208.82,3355.57,-12.4475,-9.24584,-78.3291,-74.6636,-40.3181,-103.014,23.9429,16.0919,8.49575,5.18438,4.04352,-2.57553,-107.997,20.181,18.0,-358.006,9.1137,5.42398,4.22669,2.0,AAATALLFLLVALLLSLLAAA
TALLFLLVALLLSLL,0.4926569459258582,0.0184336811076575,L,AAATALLFLLVALLLSLLAAA_1,1.1001100110011e+17,1.0,-60.3716,-60.3716,-60.3716,-228.003,-230.41,-253.481,-354.171,4221.51,3222.05,3355.57,-12.3111,-12.4587,-78.1078,-75.8485,-40.3181,-102.681,27.5427,16.0048,8.54523,5.62045,4.53358,-3.2484,-107.997,20.181,18.0,-358.006,9.1137,5.42398,4.22669,1.0,AAATALLFLLVALLLSLLAAA
LFALLALLYVLTSLL,0.8841846186838356,0.0523241112595014,L,AAALFALLALLYVLTSLLAAA_1,1.1001100110011e+17,1.0,-74.2164,-74.2438,-74.1496,-232.897,-225.601,-244.22,-335.234,4071.3,3376.44,3459.38,-17.6681,-10.6379,-45.7882,-46.0268,-16.8635,-46.7451,102.687,20.1623,8.88902,7.37451,7.41481,-4.15318,-51.6346,81.3081,19.4931,-339.312,9.3325,5.22178,4.9414,1.0,AAALFALLALLYVLTSLLAAA
LFALLALLYVLTSLL,0.8841846186838356,0.0523241112595014,L,AAALFALLALLYVLTSLLAAA_2,1.1001100110011e+17,1.0,-74.1377,-74.2438,-74.1496,-223.824,-232.897,-244.22,-335.234,4071.3,3328.09,3459.38,-11.1396,-14.2115,-48.4116,-42.3042,-16.8635,-50.8753,83.6429,17.9243,8.68816,5.42309,5.17773,-4.06169,-51.6346,81.3081,19.4931,-339.312,9.3325,5.22178,4.9414,2.0,AAALFALLALLYVLTSLLAAA
LFALLALLYVLTSLL,0.8841846186838356,0.0523241112595014,L,AAALFALLALLYVLTSLLAAA_0,1.1001100110011e+17,1.0,-74.2438,-74.2438,-74.1496,-225.601,-223.56,-244.22,-335.234,4071.3,3445.98,3459.38,-10.6379,-4.07891,-46.0268,-41.5088,-16.8635,-44.9322,94.7249,17.8438,8.98968,6.02769,5.94856,-4.21241,-51.6346,81.3081,19.4931,-339.312,9.3325,5.22178,4.9414,0.0,AAALFALLALLYVLTSLLAAA
VALLTILLYLLFSLL,0.7174776054810348,0.0279981946825255,L,AAAVALLTILLYLLFSLLAAA_1,1.1001100110011e+17,1.0,-74.2623,-74.2623,-74.2623,-236.451,-236.034,-245.657,-173.221,4149.6,3551.76,3562.29,-9.52486,-8.24319,127.967,128.832,146.699,-95.9553,36.1099,19.1319,9.34719,5.76814,4.80978,-2.28994,-96.1052,25.5895,23.4724,-175.811,9.5,4.37036,3.2542,1.0,AAAVALLTILLYLLFSLLAAA
VALLTILLYLLFSLL,0.7174776054810348,0.0279981946825255,L,AAAVALLTILLYLLFSLLAAA_0,1.1001100110011e+17,1.0,-74.2623,-74.2623,-74.2623,-235.517,-230.843,-245.657,-173.221,4149.6,3579.17,3562.29,-8.25707,-2.59036,128.301,129.293,146.699,-99.7612,30.0881,18.6008,9.43276,5.52607,4.47739,-1.9212,-96.1052,25.5895,23.4724,-175.811,9.5,4.37036,3.2542,0.0,AAAVALLTILLYLLFSLLAAA
VALLTILLYLLFSLL,0.7174776054810348,0.0279981946825255,L,AAAVALLTILLYLLFSLLAAA_2,1.1001100110011e+17,1.0,-74.2623,-74.2623,-74.2623,-230.949,-236.892,-245.657,-173.221,4149.6,3567.13,3562.29,-3.32305,-9.43537,128.667,128.497,146.699,-94.5543,29.3523,26.0094,9.12685,4.64572,3.586,-2.16571,-96.1052,25.5895,23.4724,-175.811,9.5,4.37036,3.2542,2.0,AAAVALLTILLYLLFSLLAAA
SYLLTILLAVLLSLL,0.459000049744503,0.0452842089701419,R,AAASYLLTILLAVLLSLLAAA_0,1.1001100110011e+17,1.0,-91.9617,-91.1451,-67.0035,-232.343,-231.851,-264.46,-364.867,4153.76,3439.11,3519.77,-11.6084,-10.6742,-52.1708,-52.5457,-33.4038,-64.27,53.8924,-40.4252,8.01123,3.41598,2.72437,-9.15266,-63.7796,55.9617,-42.8634,-375.542,8.0,3.62177,2.9612,0.0,AAASYLLTILLAVLLSLLAAA
SYLLTILLAVLLSLL,0.459000049744503,0.0452842089701419,R,AAASYLLTILLAVLLSLLAAA_2,1.1001100110011e+17,1.0,-91.1738,-86.5165,-67.0035,-232.291,-232.08,-264.46,-364.867,4153.76,3452.84,3519.77,-11.5414,-1.9641,-52.9439,-48.2345,-33.4038,-62.8627,54.97,-41.672,7.94372,3.35035,2.6749,-9.11485,-63.7796,55.9617,-42.8634,-375.542,8.0,3.62177,2.9612,2.0,AAASYLLTILLAVLLSLLAAA
SYLLTILLAVLLSLL,0.459000049744503,0.0452842089701419,R,AAASYLLTILLAVLLSLLAAA_1,1.1001100110011e+17,1.0,-91.3249,-87.1802,-67.0035,-232.495,-231.927,-264.46,-364.867,4153.76,3432.63,3519.77,-11.0434,-1.60838,-52.0909,-47.3686,-33.4038,-62.3668,55.8273,-40.0159,7.97445,3.39171,2.72912,-10.226,-63.7796,55.9617,-42.8634,-375.542,8.0,3.62177,2.9612,1.0,AAASYLLTILLAVLLSLLAAA
TALLFALLAYLLSLL,0.473131428874571,0.0357868717167406,R,AAATALLFALLAYLLSLLAAA_1,1.1001100110011e+17,1.0,-64.7657,-65.0333,-60.3015,-227.21,-226.608,-254.919,-336.949,4199.68,3292.42,3454.68,-15.959,23.3949,-60.9322,-21.9127,-21.7288,-76.2999,72.4164,-32.6406,7.79414,7.7212,7.30745,-5.0869,-74.5663,64.3243,-36.9715,-343.539,8.2163,6.36873,5.8336,1.0,AAATALLFALLAYLLSLLAAA
TALLFALLAYLLSLL,0.473131428874571,0.0357868717167406,R,AAATALLFALLAYLLSLLAAA_0,1.1001100110011e+17,1.0,-64.5333,-64.6496,-60.3015,-226.609,-226.542,-254.919,-336.949,4199.68,3323.6,3454.68,-10.4384,-6.5899,-56.2459,-52.3473,-21.7288,-70.8352,68.6872,-35.7577,7.87916,6.39806,5.92837,-7.00113,-74.5663,64.3243,-36.9715,-343.539,8.2163,6.36873,5.8336,0.0,AAATALLFALLAYLLSLLAAA
TALLFALLAYLLSLL,0.473131428874571,0.0357868717167406,R,AAATALLFALLAYLLSLLAAA_2,1.1001100110011e+17,1.0,-64.7706,-64.7062,-60.3015,-226.878,-227.561,-254.919,-336.949,4199.68,3350.74,3454.68,-10.3688,-8.90568,-55.6693,-53.5877,-21.7288,-74.0235,65.6286,-34.6633,8.1651,6.46339,5.94782,-6.56951,-74.5663,64.3243,-36.9715,-343.539,8.2163,6.36873,5.8336,2.0,AAATALLFALLAYLLSLLAAA
TYLLVALLTFLLSLL,1.439475250932275,0.0947851987900665,R,,,,,,,,,,,,,,,,,,,,,,,,,,,,,,,,,,
TYLLTVLLAFLLSLL,0.5649822339279752,0.0505139951740456,R,AAATYLLTVLLAFLLSLLAAA_1,1.1001100110011e+17,1.0,-90.2091,-88.4801,-67.0125,-230.144,-230.137,-263.458,-348.628,4206.13,3447.58,3562.12,-7.69443,-2.19698,-35.9698,-32.2086,-18.1577,-64.9257,57.1652,-35.8458,8.52334,3.95616,3.31363,2.11352,-65.6219,56.0214,-35.0,-355.968,8.811,3.90618,3.2465,1.0,AAATYLLTVLLAFLLSLLAAA
TYLLTVLLAFLLSLL,0.5649822339279752,0.0505139951740456,R,AAATYLLTVLLAFLLSLLAAA_0,1.1001100110011e+17,1.0,-91.2992,-90.799,-67.0125,-230.582,-230.346,-263.458,-348.628,4206.13,3490.88,3562.12,-6.74625,-7.34002,-33.4931,-34.8232,-18.1577,-69.4126,56.6222,-35.7595,8.51613,4.55588,3.90521,-5.12072,-65.6219,56.0214,-35.0,-355.968,8.811,3.90618,3.2465,0.0,AAATYLLTVLLAFLLSLLAAA
TYLLTVLLAFLLSLL,0.5649822339279752,0.0505139951740456,R,AAATYLLTVLLAFLLSLLAAA_2,1.1001100110011e+17,1.0,-87.5307,-90.2262,-67.0125,-230.786,-230.144,-263.458,-348.628,4206.13,3452.59,3562.12,-5.95189,-5.87051,-36.2636,-34.1285,-18.1577,-62.4268,53.6793,-34.496,8.52961,3.11073,2.41592,-7.19121,-65.6219,56.0214,-35.0,-355.968,8.811,3.90618,3.2465,2.0,AAATYLLTVLLAFLLSLLAAA
YFLLTILLAVLLSLL,0.3815323865197179,0.025393424747292,R,AAAYFLLTILLAVLLSLLAAA_0,1.1001100110011e+17,1.0,-74.235,-73.5619,-74.1191,-236.623,-228.258,-251.239,-323.376,4333.27,3568.59,3650.2,-16.0685,-7.25076,-28.5863,-28.8069,1.98189,-74.3362,62.0542,-39.6503,8.44633,6.02775,5.45856,-6.91292,-72.8356,51.2424,-44.0229,-330.626,8.2733,4.34306,3.6117,0.0,AAAYFLLTILLAVLLSLLAAA
YFLLTILLAVLLSLL,0.3815323865197179,0.025393424747292,R,AAAYFLLTILLAVLLSLLAAA_2,1.1001100110011e+17,1.0,-74.359,-74.2516,-74.1191,-229.52,-227.895,-251.239,-323.376,4333.27,3584.47,3650.2,-10.3412,-6.15205,-29.8384,-27.3813,1.98189,-72.9067,53.0141,-41.6092,8.2968,4.59291,3.88812,-6.64813,-72.8356,51.2424,-44.0229,-330.626,8.2733,4.34306,3.6117,2.0,AAAYFLLTILLAVLLSLLAAA
YFLLTILLAVLLSLL,0.3815323865197179,0.025393424747292,R,AAAYFLLTILLAVLLSLLAAA_1,1.1001100110011e+17,1.0,-74.3668,-74.2071,-74.1191,-227.865,-236.927,-251.239,-323.376,4333.27,3624.29,3650.2,-9.46599,-12.3923,-30.6096,-24.6344,1.98189,-69.6483,52.7797,-40.6596,8.66947,4.0725,3.3642,-6.49817,-72.8356,51.2424,-44.0229,-330.626,8.2733,4.34306,3.6117,1.0,AAAYFLLTILLAVLLSLLAAA
TALLVALLAYLLSFL,0.6950313582266907,0.0680401759147654,R,AAATALLVALLAYLLSFLAAA_2,1.1001100110011e+17,1.0,-64.2073,-64.1503,-60.2169,-225.444,-226.009,-252.301,-314.64,4101.99,3543.59,3508.63,-3.31629,3.41166,-28.3045,-21.0689,-2.1221,-66.9857,65.8977,-34.5055,7.9449,5.44405,4.93251,-2.07738,-69.0036,63.721,-36.3865,-316.967,8.0348,5.45288,4.9087,2.0,AAATALLVALLAYLLSFLAAA
TALLVALLAYLLSFL,0.6950313582266907,0.0680401759147654,R,AAATALLVALLAYLLSFLAAA_0,1.1001100110011e+17,1.0,-64.1442,-64.0605,-60.2169,-225.333,-225.048,-252.301,-314.64,4101.99,3543.36,3508.63,-3.31589,-2.32755,-28.479,-27.8586,-2.1221,-69.0586,66.5035,-33.4586,8.0236,5.83676,5.33431,-2.83466,-69.0036,63.721,-36.3865,-316.967,8.0348,5.45288,4.9087,0.0,AAATALLVALLAYLLSFLAAA
TALLVALLAYLLSFL,0.6950313582266907,0.0680401759147654,R,AAATALLVALLAYLLSFLAAA_1,1.1001100110011e+17,1.0,-64.0465,-64.1442,-60.2169,-225.905,-225.436,-252.301,-314.64,4101.99,3525.05,3508.63,-2.07434,-3.3006,-26.7628,-28.3607,-2.1221,-64.2219,71.2172,-30.8806,8.23784,5.74761,5.31587,-2.95947,-69.0036,63.721,-36.3865,-316.967,8.0348,5.45288,4.9087,1.0,AAATALLVALLAYLLSFLAAA
TVLLLALLFALLSIL,0.4614593611493667,0.0451310259615079,R,AAATVLLLALLFALLSILAAA_2,1.1001100110011e+17,1.0,-62.6633,-62.255,-60.4169,-223.93,-223.879,-245.664,-335.951,4094.15,3367.4,3434.29,-6.49732,-4.32982,-55.8548,-54.1473,-29.8703,-29.6201,81.1881,-43.7039,7.90165,1.90342,1.62124,-4.74686,-31.2213,81.346,-45.0,-340.617,8.0964,2.16491,1.8851,2.0,AAATVLLLALLFALLSILAAA
TVLLLALLFALLSIL,0.4614593611493667,0.0451310259615079,R,AAATVLLLALLFALLSILAAA_1,1.1001100110011e+17,1.0,-62.255,-62.7564,-60.4169,-223.89,-223.695,-245.664,-335.951,4094.15,3352.71,3434.29,-6.19313,-5.48973,-55.9988,-54.9896,-29.8703,-30.07,82.2808,-44.223,7.88068,2.1184,1.85262,-4.64815,-31.2213,81.346,-45.0,-340.617,8.0964,2.16491,1.8851,1.0,AAATVLLLALLFALLSILAAA
TVLLLALLFALLSIL,0.4614593611493667,0.0451310259615079,R,AAATVLLLALLFALLSILAAA_0,1.1001100110011e+17,1.0,-62.7564,-62.0778,-60.4169,-223.739,-223.817,-245.664,-335.951,4094.15,3362.09,3434.29,-5.76762,-4.66612,-55.2227,-54.7221,-29.8703,-30.8414,77.6819,-44.112,7.91498,1.61326,1.27849,-4.66522,-31.2213,81.346,-45.0,-340.617,8.0964,2.16491,1.8851,0.0,AAATVLLLALLFALLSILAAA
TYLLTILLAVLLSLL,0.4155692718241959,0.0483261686219364,R,,,,,,,,,,,,,,,,,,,,,,,,,,,,,,,,,,
YALLTALLFVLLSLL,0.3641505426793129,0.035356618942571,R,AAAYALLTALLFVLLSLLAAA_2,1.1001100110011e+17,1.0,-74.3266,-74.3266,-74.3266,-230.11,-229.14,-253.527,-341.848,4208.07,3511.12,3574.49,-3.50804,-2.45774,-40.9185,-40.8385,-13.9939,-56.5432,82.3234,-40.2263,7.98385,6.09514,5.82999,0.147262,-51.8061,81.4519,-44.6308,-342.06,8.0262,5.26692,4.9887,2.0,AAAYALLTALLFVLLSLLAAA
YALLTALLFVLLSLL,0.3641505426793129,0.035356618942571,R,AAAYALLTALLFVLLSLLAAA_1,1.1001100110011e+17,1.0,-74.3266,-74.3266,-74.3266,-229.156,-228.729,-253.527,-341.848,4208.07,3512.43,3574.49,-2.60303,-2.11895,-40.9682,-40.9112,-13.9939,-53.7807,82.5945,-40.58,8.00627,5.71737,5.45629,-0.144022,-51.8061,81.4519,-44.6308,-342.06,8.0262,5.26692,4.9887,1.0,AAAYALLTALLFVLLSLLAAA
YALLTALLFVLLSLL,0.3641505426793129,0.035356618942571,R,AAAYALLTALLFVLLSLLAAA_0,1.1001100110011e+17,1.0,-74.3266,-74.3266,-74.3266,-228.746,-227.471,-253.527,-341.848,4208.07,3521.56,3574.49,-2.26203,-0.212514,-41.0369,-40.2628,-13.9939,-50.0616,85.4915,-40.6273,8.01979,5.55059,5.33296,-0.128107,-51.8061,81.4519,-44.6308,-342.06,8.0262,5.26692,4.9887,0.0,AAAYALLTALLFVLLSLLAAA
TYLLIVLLALLLSFL,0.4193494359400956,0.0337506947063142,R,AAATYLLIVLLALLLSFLAAA_0,1.1001100110011e+17,1.0,-60.3987,-60.4217,-60.4217,-233.149,-232.418,-257.083,-342.04,4184.28,3597.88,3592.7,-1.20357,0.798621,-49.696,-48.4016,-24.536,-66.7962,52.6894,-41.0531,8.75876,3.6325,2.92285,0.878783,-65.3764,53.0016,-44.5512,-341.242,8.8858,3.46168,2.7567,0.0,AAATYLLIVLLALLLSFLAAA
TYLLIVLLALLLSFL,0.4193494359400956,0.0337506947063142,R,AAATYLLIVLLALLLSFLAAA_2,1.1001100110011e+17,1.0,-60.4217,-60.4217,-60.4217,-233.466,-232.803,-257.083,-342.04,4184.28,3588.82,3592.7,-1.07628,1.66873,-49.2286,-47.1471,-24.536,-63.2186,53.7356,-40.7629,8.68973,3.2371,2.54313,1.30031,-65.3764,53.0016,-44.5512,-341.242,8.8858,3.46168,2.7567,2.0,AAATYLLIVLLALLLSFLAAA
TYLLIVLLALLLSFL,0.4193494359400956,0.0337506947063142,R,AAATYLLIVLLALLLSFLAAA_1,1.1001100110011e+17,1.0,-60.3239,-60.4217,-60.4217,-233.75,-233.225,-257.083,-342.04,4184.28,3605.38,3592.7,0.650568,-0.0392444,-47.316,-48.4331,-24.536,-62.7381,48.5578,-39.7788,8.97903,2.46601,1.69438,1.15475,-65.3764,53.0016,-44.5512,-341.242,8.8858,3.46168,2.7567,1.0,AAATYLLIVLLALLLSFLAAA
AYLLVLLLTLLLSFL,0.6761728799889669,0.0597501754498309,R,AAAAYLLVLLLTLLLSFLAAA_1,1.1001100110011e+17,1.0,-71.6955,-71.818,-74.1801,-229.88,-229.602,-253.449,-353.466,4182.46,3574.03,3506.77,-7.31687,-6.97314,-59.208,-59.0192,-25.837,-76.7903,56.7034,-40.7013,8.82778,5.6735,5.02405,-6.01945,-79.5719,55.1888,-42.772,-359.462,8.8555,5.88627,5.2141,1.0,AAAAYLLVLLLTLLLSFLAAA
AYLLVLLLTLLLSFL,0.6761728799889669,0.0597501754498309,R,AAAAYLLVLLLTLLLSFLAAA_0,1.1001100110011e+17,1.0,-71.818,-71.9748,-74.1801,-230.386,-229.639,-253.449,-353.466,4182.46,3572.49,3506.77,-7.24169,-5.99581,-58.5044,-57.848,-25.837,-73.941,50.6737,-40.8414,8.79003,4.4321,3.69221,-6.09172,-79.5719,55.1888,-42.772,-359.462,8.8555,5.88627,5.2141,0.0,AAAAYLLVLLLTLLLSFLAAA
AYLLVLLLTLLLSFL,0.6761728799889669,0.0597501754498309,R,AAAAYLLVLLLTLLLSFLAAA_2,1.1001100110011e+17,1.0,-71.9925,-71.6955,-74.1801,-230.573,-229.873,-253.449,-353.466,4182.46,3574.07,3506.77,-6.66874,-7.30211,-57.5696,-59.2001,-25.837,-74.4588,54.9879,-41.8368,8.77268,5.09219,4.41701,-5.53449,-79.5719,55.1888,-42.772,-359.462,8.8555,5.88627,5.2141,2.0,AAAAYLLVLLLTLLLSFLAAA
YVLLIALLATLLSLL,0.4350918901831617,0.0350321178030768,R,AAAYVLLIALLATLLSLLAAA_0,1.1001100110011e+17,1.0,-74.1134,-74.1081,-74.1081,-233.355,-224.331,-243.651,-346.24,4205.36,3543.96,3568.27,-15.2953,-6.32797,-54.0677,-54.1297,-28.4809,-39.3786,95.762,-38.9157,7.95655,5.33466,5.27109,-6.35356,-40.8345,76.2695,-41.1941,-352.568,8.0,2.92156,2.5656,0.0,AAAYVLLIALLATLLSLLAAA
YVLLIALLATLLSLL,0.4350918901831617,0.0350321178030768,R,AAAYVLLIALLATLLSLLAAA_1,1.1001100110011e+17,1.0,-74.1081,-74.1081,-74.1081,-223.97,-233.34,-243.651,-346.24,4205.36,3533.99,3568.27,-6.62433,-12.6401,-54.7865,-51.432,-28.4809,-37.5589,78.0687,-39.248,8.06887,2.67311,2.34414,-5.98851,-40.8345,76.2695,-41.1941,-352.568,8.0,2.92156,2.5656,1.0,AAAYVLLIALLATLLSLLAAA
YVLLIALLATLLSLL,0.4350918901831617,0.0350321178030768,R,AAAYVLLIALLATLLSLLAAA_2,1.1001100110011e+17,1.0,-74.1081,-74.1081,-74.1081,-223.376,-223.97,-243.651,-346.24,4205.36,3527.56,3568.27,-6.13103,-6.62433,-54.8878,-54.7865,-28.4809,-36.0154,77.875,-38.5383,8.11742,2.41544,2.08356,-6.39982,-40.8345,76.2695,-41.1941,-352.568,8.0,2.92156,2.5656,2.0,AAAYVLLIALLATLLSLLAAA
TALLIALLSVLLFLL,0.4802364297525446,0.0454999130965639,R,AAATALLIALLSVLLFLLAAA_1,1.1001100110011e+17,1.0,-62.3178,-63.0971,-60.5374,-225.332,-224.644,-251.086,-350.026,4116.89,3392.73,3543.69,3.29861,5.81546,-59.0772,-56.4693,-38.4023,-59.0109,80.5783,-38.8715,8.37341,6.2297,5.93837,5.20415,-60.0354,75.7593,-43.336,-345.169,8.5306,5.73281,5.3692,1.0,AAATALLIALLSVLLFLLAAA
TALLIALLSVLLFLL,0.4802364297525446,0.0454999130965639,R,AAATALLIALLSVLLFLLAAA_2,1.1001100110011e+17,1.0,-62.6595,-62.3178,-60.5374,-224.701,-225.501,-251.086,-350.026,4116.89,3419.39,3543.69,4.22051,28.2006,-58.4454,-34.0069,-38.4023,-59.1412,77.7508,-42.7331,8.44986,5.86754,5.5338,5.26591,-60.0354,75.7593,-43.336,-345.169,8.5306,5.73281,5.3692,2.0,AAATALLIALLSVLLFLLAAA
TALLIALLSVLLFLL,0.4802364297525446,0.0454999130965639,R,AAATALLIALLSVLLFLLAAA_0,1.1001100110011e+17,1.0,-63.0971,-63.0722,-60.5374,-224.742,-224.616,-251.086,-350.026,4116.89,3433.54,3543.69,5.3192,4.85658,-56.8673,-57.4811,-38.4023,-62.189,81.5103,-43.4425,8.36124,6.83224,6.55489,4.80805,-60.0354,75.7593,-43.336,-345.169,8.5306,5.73281,5.3692,0.0,AAATALLIALLSVLLFLLAAA
YALLTVLLALLLSFL,0.4166937349764574,0.0455154023805996,R,AAAYALLTVLLALLLSFLAAA_0,1.1001100110011e+17,1.0,-74.8417,-73.6115,-66.9519,-236.342,-227.893,-254.865,-335.321,4202.63,3614.98,3679.27,-9.02631,3.08969,-33.1637,-30.7265,-13.5045,-68.5015,73.8652,-29.7915,8.65075,6.74703,6.35501,3.71608,-71.6539,57.0728,-39.68,-332.231,8.4856,4.95291,4.309,0.0,AAAYALLTVLLALLLSFLAAA
YALLTVLLALLLSFL,0.4166937349764574,0.0455154023805996,R,AAAYALLTVLLALLLSFLAAA_2,1.1001100110011e+17,1.0,-74.2947,-73.6115,-66.9519,-235.608,-227.318,-254.865,-335.321,4202.63,3725.64,3679.27,-3.8926,1.37542,-29.3112,-33.016,-13.5045,-74.5046,68.9531,-36.7345,8.6119,6.98436,6.51866,2.69856,-71.6539,57.0728,-39.68,-332.231,8.4856,4.95291,4.309,2.0,AAAYALLTVLLALLLSFLAAA
YALLTVLLALLLSFL,0.4166937349764574,0.0455154023805996,R,AAAYALLTVLLALLLSFLAAA_1,1.1001100110011e+17,1.0,-74.7652,-74.8417,-66.9519,-227.847,-236.342,-254.865,-335.321,4202.63,3719.87,3679.27,0.351367,-7.18334,-32.3579,-31.3209,-13.5045,-68.5594,56.8393,-37.3032,8.52168,4.45722,3.80981,5.38705,-71.6539,57.0728,-39.68,-332.231,8.4856,4.95291,4.309,1.0,AAAYALLTVLLALLLSFLAAA
LALLVALLSTLLIFL,0.5041528304428758,0.0564803005624171,R,AAALALLVALLSTLLIFLAAA_1,1.1001100110011e+17,1.0,-75.8742,-77.2856,-74.3231,-220.789,-217.308,-238.841,-344.921,4079.17,3597.71,3542.57,-7.95601,14.5529,-56.2138,-35.7746,-31.757,-63.2066,75.2688,-40.6229,7.91731,6.14227,5.77131,-3.02314,-61.8682,69.5584,-44.3006,-348.613,8.0,5.17062,4.714,1.0,AAALALLVALLSTLLIFLAAA
LALLVALLSTLLIFL,0.5041528304428758,0.0564803005624171,R,AAALALLVALLSTLLIFLAAA_2,1.1001100110011e+17,1.0,-76.2493,-75.8742,-74.3231,-219.531,-221.49,-238.841,-344.921,4079.17,3605.51,3542.57,-6.6354,-7.47722,-55.776,-55.0332,-31.757,-63.1844,73.399,-41.6757,7.93976,5.88652,5.48751,-3.41102,-61.8682,69.5584,-44.3006,-348.613,8.0,5.17062,4.714,2.0,AAALALLVALLSTLLIFLAAA
LALLVALLSTLLIFL,0.5041528304428758,0.0564803005624171,R,AAALALLVALLSTLLIFLAAA_0,1.1001100110011e+17,1.0,-76.0797,-76.9446,-74.3231,-217.825,-217.49,-238.841,-344.921,4079.17,3624.24,3542.57,-1.92276,-3.69259,-52.9391,-54.1783,-31.757,-64.8025,63.2413,-40.8771,8.13615,4.75795,4.20657,-3.17423,-61.8682,69.5584,-44.3006,-348.613,8.0,5.17062,4.714,0.0,AAALALLVALLSTLLIFLAAA
TALLIALLLVLLSFL,0.4902947034218267,0.0376551677844694,R,AAATALLIALLLVLLSFLAAA_0,1.1001100110011e+17,1.0,-60.3994,-60.3601,-60.4388,-226.064,-226.049,-250.976,-265.089,4131.59,3520.93,3478.44,2.01813,2.91463,23.3918,24.2347,46.3251,-48.1154,88.1369,-35.3409,8.6961,5.61578,5.43783,2.9148,-46.4612,89.8188,-35.5102,-262.175,8.818,5.59472,5.442,0.0,AAATALLIALLLVLLSFLAAA
TALLIALLLVLLSFL,0.4902947034218267,0.0376551677844694,R,AAATALLIALLLVLLSFLAAA_1,1.1001100110011e+17,1.0,-60.3994,-60.3601,-60.4388,-225.983,-226.064,-250.976,-265.089,4131.59,3526.56,3478.44,2.24764,2.72131,23.5407,24.0558,46.3251,-49.3631,88.8899,-35.3175,8.67878,5.90461,5.73796,2.48192,-46.4612,89.8188,-35.5102,-262.175,8.818,5.59472,5.442,1.0,AAATALLIALLLVLLSFLAAA
TALLIALLLVLLSFL,0.4902947034218267,0.0376551677844694,R,AAATALLIALLLVLLSFLAAA_2,1.1001100110011e+17,1.0,-60.3994,-60.3601,-60.4388,-226.932,-225.983,-250.976,-265.089,4131.59,3476.63,3478.44,2.54515,2.51158,24.7873,23.7654,46.3251,-43.4788,85.512,-33.8518,8.78296,4.56594,4.34862,2.40854,-46.4612,89.8188,-35.5102,-262.175,8.818,5.59472,5.442,2.0,AAATALLIALLLVLLSFLAAA
FYLLVALLLTLLSTL,0.5021852106462401,0.0498600567583154,R,AAAFYLLVALLLTLLSTLAAA_0,1.1001100110011e+17,1.0,-87.6554,-87.9016,-87.9016,-230.384,-229.143,-247.206,-348.3,4161.31,3421.65,3545.86,-10.7704,-2.71092,-41.0307,-33.9656,-13.1921,-22.642,82.2156,-30.7656,8.59729,0.99542,0.728654,-2.88462,-19.7119,80.3881,-36.3997,-351.011,9.0,0.309179,0.0150006,0.0,AAAFYLLVALLLTLLSTLAAA
FYLLVALLLTLLSTL,0.5021852106462401,0.0498600567583154,R,AAAFYLLVALLLTLLSTLAAA_1,1.1001100110011e+17,1.0,-94.1303,-88.4525,-87.9016,-227.703,-230.606,-247.206,-348.3,4161.31,3529.62,3545.86,-7.69656,-7.51036,-34.1629,-36.7514,-13.1921,-23.2399,74.8828,-41.6505,8.6986,0.0951576,-0.281601,-3.01305,-19.7119,80.3881,-36.3997,-351.011,9.0,0.309179,0.0150006,1.0,AAAFYLLVALLLTLLSTLAAA
FYLLVALLLTLLSTL,0.5021852106462401,0.0498600567583154,R,AAAFYLLVALLLTLLSTLAAA_2,1.1001100110011e+17,1.0,-94.6926,-87.9016,-87.9016,-227.252,-228.12,-247.206,-348.3,4161.31,3631.84,3545.86,-3.97348,5.63397,-30.3287,-26.644,-13.1921,-21.473,74.3074,-45.6053,9.01844,-0.24754,-0.632928,-2.44734,-19.7119,80.3881,-36.3997,-351.011,9.0,0.309179,0.0150006,2.0,AAAFYLLVALLLTLLSTLAAA
YALLVALLSLLLFTL,0.4010921027789765,0.0254517148853315,R,AAAYALLVALLSLLLFTLAAA_0,1.1001100110011e+17,1.0,-74.3466,-76.5223,-74.288,-225.996,-225.461,-251.734,-340.585,4216.79,3573.31,3596.9,-3.13473,3.44374,-43.3778,-35.1589,-14.5631,-60.8789,82.5272,-43.4342,7.90456,6.77301,6.51092,3.33068,-69.5216,69.2117,-44.462,-337.142,8.1432,6.27182,5.81,0.0,AAAYALLVALLSLLLFTLAAA
YALLVALLSLLLFTL,0.4010921027789765,0.0254517148853315,R,AAAYALLVALLSLLLFTLAAA_1,1.1001100110011e+17,1.0,-76.7403,-72.982,-74.288,-225.906,-226.423,-251.734,-340.585,4216.79,3581.59,3596.9,-0.52801,3.84891,-38.4671,-37.3319,-14.5631,-61.7956,74.4467,-41.4198,8.10106,5.81965,5.43635,3.66336,-69.5216,69.2117,-44.462,-337.142,8.1432,6.27182,5.81,1.0,AAAYALLVALLSLLLFTLAAA
YALLVALLSLLLFTL,0.4010921027789765,0.0254517148853315,R,AAAYALLVALLSLLLFTLAAA_2,1.1001100110011e+17,1.0,-75.9655,-75.542,-74.288,-224.987,-225.906,-251.734,-340.585,4216.79,3656.13,3596.9,2.72832,3.25672,-36.9049,-35.8805,-14.5631,-71.5985,68.2792,-45.1247,8.348,6.45747,5.98166,4.59143,-69.5216,69.2117,-44.462,-337.142,8.1432,6.27182,5.81,2.0,AAAYALLVALLSLLLFTLAAA
TALLLALLAVLLSFL,0.4305197340936851,0.039843856313944,R,AAATALLLALLAVLLSFLAAA_1,1.1001100110011e+17,1.0,-60.3783,-60.3783,-60.3783,-223.555,-224.662,-249.738,-344.234,4104.92,3428.34,3532.16,-3.53885,-0.460261,-63.8398,-59.6542,-34.1177,-54.5608,87.0332,-37.5055,8.00051,6.4336,6.2391,3.11618,-55.1691,76.5276,-42.1376,-339.943,8.1639,5.10659,4.7545,1.0,AAATALLLALLAVLLSFLAAA
TALLLALLAVLLSFL,0.4305197340936851,0.039843856313944,R,AAATALLLALLAVLLSFLAAA_0,1.1001100110011e+17,1.0,-62.253,-60.3783,-60.3783,-224.79,-221.044,-249.738,-344.234,4104.92,3391.42,3532.16,-3.33584,4.29142,-60.5267,-58.5202,-34.1177,-54.5425,87.8621,-33.9359,8.1121,6.54276,6.36069,4.75611,-55.1691,76.5276,-42.1376,-339.943,8.1639,5.10659,4.7545,0.0,AAATALLLALLAVLLSFLAAA
TALLLALLAVLLSFL,0.4305197340936851,0.039843856313944,R,AAATALLLALLAVLLSFLAAA_2,1.1001100110011e+17,1.0,-60.3783,-60.3783,-60.3783,-222.261,-223.275,-249.738,-344.234,4104.92,3486.22,3532.16,-2.06368,-1.65047,-63.6582,-62.2311,-34.1177,-49.5566,83.221,-38.5141,8.04739,5.16832,4.91664,4.73613,-55.1691,76.5276,-42.1376,-339.943,8.1639,5.10659,4.7545,2.0,AAATALLLALLAVLLSFLAAA
VALLLALLFALLSTL,0.3800994398189023,0.0293508007857984,R,AAAVALLLALLFALLSTLAAA_0,1.1001100110011e+17,1.0,-76.7266,-76.6744,-74.1918,-215.986,-214.761,-244.163,-325.501,4048.48,3312.61,3370.0,2.45208,3.82192,-30.3363,-30.2432,-7.14627,-29.9617,82.119,-37.4888,8.19757,2.08031,1.8121,4.09901,-32.5709,73.9857,-37.3157,-321.679,8.2281,1.37371,0.983496,0.0,AAAVALLLALLFALLSTLAAA
VALLLALLFALLSTL,0.3800994398189023,0.0293508007857984,R,AAAVALLLALLFALLSTLAAA_1,1.1001100110011e+17,1.0,-76.6462,-76.7266,-74.1918,-214.771,-215.986,-244.163,-325.501,4048.48,3314.13,3370.0,4.15885,2.45208,-29.925,-30.3363,-7.14627,-32.3942,73.8727,-37.5217,8.19059,1.33194,0.940027,4.20387,-32.5709,73.9857,-37.3157,-321.679,8.2281,1.37371,0.983496,1.0,AAAVALLLALLFALLSTLAAA
VALLLALLFALLSTL,0.3800994398189023,0.0293508007857984,R,AAAVALLLALLFALLSTLAAA_2,1.1001100110011e+17,1.0,-75.6847,-76.6462,-74.1918,-215.042,-214.771,-244.163,-325.501,4048.48,3331.91,3370.0,4.66374,4.15885,-30.1109,-29.925,-7.14627,-32.1974,73.4397,-35.6003,8.24504,1.24396,0.84556,4.35171,-32.5709,73.9857,-37.3157,-321.679,8.2281,1.37371,0.983496,2.0,AAAVALLLALLFALLSTLAAA
TYLLVALLATLLSLL,0.5365255731649243,0.0395752469787768,R,AAATYLLVALLATLLSLLAAA_1,1.1001100110011e+17,1.0,-83.2325,-73.8263,-74.0585,-231.08,-227.261,-254.316,17066.5,4227.92,3609.82,3536.65,-1.35617,11.4217,17379.5,17379.0,17394.9,-35.7101,60.1395,-41.4816,8.08312,-0.0246558,-0.622563,11.2447,-40.3331,65.2509,-36.934,17088.0,8.0,1.35884,0.837604,1.0,AAATYLLVALLATLLSLLAAA
TYLLVALLATLLSLL,0.5365255731649243,0.0395752469787768,R,AAATYLLVALLATLLSLLAAA_2,1.1001100110011e+17,1.0,-80.7779,-75.5312,-74.0585,-228.474,-227.428,-254.316,17066.5,4227.92,3578.51,3536.65,4.36913,13.3882,17380.2,17382.9,17394.9,-37.0312,66.4731,-40.9438,8.20657,1.02855,0.525649,11.3935,-40.3331,65.2509,-36.934,17088.0,8.0,1.35884,0.837604,2.0,AAATYLLVALLATLLSLLAAA
TYLLVALLATLLSLL,0.5365255731649243,0.0395752469787768,R,AAATYLLVALLATLLSLLAAA_0,1.1001100110011e+17,1.0,-77.1915,-74.7404,-74.0585,-228.861,-226.806,-254.316,17066.5,4227.92,3542.01,3536.65,7.86759,21.4393,17380.5,17389.5,17394.9,-37.7613,62.7563,-37.8375,8.15964,0.636296,0.0776403,10.6679,-40.3331,65.2509,-36.934,17088.0,8.0,1.35884,0.837604,0.0,AAATYLLVALLATLLSLLAAA
TALLIALLLSLLFVL,0.463727794044179,0.0443881014779825,R,AAATALLIALLLSLLFVLAAA_0,1.1001100110011e+17,1.0,-60.421,-60.421,-60.3917,-227.169,-225.968,-251.006,-351.981,4085.46,3332.84,3427.5,-0.566437,2.76673,-64.9569,-62.8252,-40.5829,-33.0713,90.2571,-37.3382,8.1388,3.6454,3.49926,2.42304,-32.2597,92.0409,-42.2469,-349.214,8.0874,3.76448,3.64509,0.0,AAATALLIALLLSLLFVLAAA
TALLIALLLSLLFVL,0.463727794044179,0.0443881014779825,R,AAATALLIALLLSLLFVLAAA_1,1.1001100110011e+17,1.0,-60.421,-60.421,-60.3917,-227.005,-227.169,-251.006,-351.981,4085.46,3317.05,3427.5,-0.417015,-0.566437,-64.9718,-64.9569,-40.5829,-33.7756,90.2753,-38.0089,8.08372,3.75351,3.60764,2.43089,-32.2597,92.0409,-42.2469,-349.214,8.0874,3.76448,3.64509,1.0,AAATALLIALLLSLLFVLAAA
TALLIALLLSLLFVL,0.463727794044179,0.0443881014779825,R,AAATALLIALLLSLLFVLAAA_2,1.1001100110011e+17,1.0,-60.421,-60.421,-60.3917,-225.131,-227.005,-251.006,-351.981,4085.46,3468.8,3427.5,5.89216,-0.417015,-60.5373,-64.9718,-40.5829,-27.6284,95.5229,-46.5976,8.44683,3.53986,3.4727,2.13299,-32.2597,92.0409,-42.2469,-349.214,8.0874,3.76448,3.64509,2.0,AAATALLIALLLSLLFVLAAA
TVLLALLLAFLLSIL,0.3816812528977951,0.0386467787271964,R,AAATVLLALLLAFLLSILAAA_2,1.1001100110011e+17,1.0,-60.3188,-60.3188,-60.3188,-226.119,-225.871,-247.138,-348.939,4074.31,3492.97,3443.87,-1.15597,0.578531,-63.657,-62.1706,-41.4822,-79.0912,50.1107,-31.5708,8.74081,5.12863,4.38029,0.4176,-79.0843,48.947,-35.0,-348.07,8.4738,4.97049,4.20469,2.0,AAATVLLALLLAFLLSILAAA
TVLLALLLAFLLSIL,0.3816812528977951,0.0386467787271964,R,AAATVLLALLLAFLLSILAAA_1,1.1001100110011e+17,1.0,-59.2322,-60.3188,-60.3188,-225.949,-225.548,-247.138,-348.939,4074.31,3544.87,3443.87,-1.0313,-0.156306,-64.7884,-63.2282,-41.4822,-77.114,50.882,-30.6297,8.69143,4.93618,4.19941,1.36717,-79.0843,48.947,-35.0,-348.07,8.4738,4.97049,4.20469,1.0,AAATVLLALLLAFLLSILAAA
TVLLALLLAFLLSIL,0.3816812528977951,0.0386467787271964,R,AAATVLLALLLAFLLSILAAA_0,1.1001100110011e+17,1.0,-60.3188,-60.3188,-60.3188,-225.525,-225.311,-247.138,-348.939,4074.31,3558.77,3443.87,-0.198018,0.868606,-63.293,-62.4403,-41.4822,-79.7444,48.9043,-34.8753,8.59093,5.06374,4.2973,0.211224,-79.0843,48.947,-35.0,-348.07,8.4738,4.97049,4.20469,0.0,AAATVLLALLLAFLLSILAAA
YALLLTLLVALLSIL,0.4394106603340187,0.0470062243501013,R,AAAYALLLTLLVALLSILAAA_2,1.1001100110011e+17,1.0,-74.4867,-74.2932,-74.208,-226.506,-225.619,-250.335,-353.797,4208.79,3571.59,3619.17,-0.0742416,0.469277,-52.8785,-53.4152,-29.2541,-37.7756,75.443,-36.861,8.31646,2.35114,1.98279,1.56144,-37.8829,78.3957,-41.3335,-352.703,8.3984,2.76586,2.4418,2.0,AAAYALLLTLLVALLSILAAA
YALLLTLLVALLSIL,0.4394106603340187,0.0470062243501013,R,AAAYALLLTLLVALLSILAAA_1,1.1001100110011e+17,1.0,-74.2932,-74.2932,-74.208,-225.619,-225.304,-250.335,-353.797,4208.79,3598.34,3619.17,0.469277,2.06756,-53.4152,-52.1318,-29.2541,-36.8509,78.4459,-40.274,8.25073,2.61784,2.29452,1.67921,-37.8829,78.3957,-41.3335,-352.703,8.3984,2.76586,2.4418,1.0,AAAYALLLTLLVALLSILAAA
YALLLTLLVALLSIL,0.4394106603340187,0.0470062243501013,R,AAAYALLLTLLVALLSILAAA_0,1.1001100110011e+17,1.0,-74.2932,-74.2932,-74.208,-225.299,-225.624,-250.335,-353.797,4208.79,3652.18,3619.17,1.99436,1.09422,-52.2104,-52.7852,-29.2541,-36.0842,82.6618,-45.1848,8.23517,3.07196,2.81189,1.49375,-37.8829,78.3957,-41.3335,-352.703,8.3984,2.76586,2.4418,0.0,AAAYALLLTLLVALLSILAAA
VALLIALLFTLLSLL,0.5489995157152975,0.0657353537208541,R,AAAVALLIALLFTLLSLLAAA_1,1.1001100110011e+17,1.0,-74.1526,-74.1282,-74.1282,-223.2,-221.695,-238.657,-338.049,4088.65,3358.92,3481.09,-8.12689,-7.32975,-48.8237,-49.5562,-25.2643,-39.5619,95.9364,-33.4828,8.58488,5.3857,5.32474,-1.26335,-35.9255,91.0265,-40.2111,-339.659,8.8691,4.1774,4.0428,1.0,AAAVALLIALLFTLLSLLAAA
VALLIALLFTLLSLL,0.5489995157152975,0.0657353537208541,R,AAAVALLIALLFTLLSLLAAA_0,1.1001100110011e+17,1.0,-74.1282,-74.1282,-74.1282,-221.7,-218.519,-238.657,-338.049,4088.65,3374.79,3481.09,-7.39044,-1.60911,-49.6117,-47.0113,-25.2643,-30.0811,106.725,-38.6213,8.36386,5.42003,5.5209,-0.792712,-35.9255,91.0265,-40.2111,-339.659,8.8691,4.1774,4.0428,0.0,AAAVALLIALLFTLLSLLAAA
VALLIALLFTLLSLL,0.5489995157152975,0.0657353537208541,R,AAAVALLIALLFTLLSLLAAA_2,1.1001100110011e+17,1.0,-74.1282,-74.1282,-74.1282,-219.963,-223.199,-238.657,-338.049,4088.65,3364.46,3481.09,-5.09616,-7.82659,-49.0547,-48.5484,-25.2643,-38.3581,91.285,-36.9742,8.55087,4.57719,4.44647,-1.20931,-35.9255,91.0265,-40.2111,-339.659,8.8691,4.1774,4.0428,2.0,AAAVALLIALLFTLLSLLAAA
