Sequence,Mutant,Region,Mutant Type,CHARMM_IMM1,CHARMM_IMM1REF,CHARMM_VDW,Dimer,HBONDMonomer,IMM1Monomer,Monomer,MonomerSasa,SCWRL4_HBOND,VDWMonomer,Mutant_DimerSasa,Mutant_MonomerSasa,Mutant_Position_MonomerSasa,Mutant_Position_Sasa,WT_DimerSasa,WT_MonomerSasa,WT_Position_MonomerSasa,WT_Position_Sasa,Total,Interface,Position,WT_AA,SasaDifference,SasaPercDifference,Mutant_SASA_no_alanine,SASA_no_wt_position,DimerSasaDifference,Segment,PercentGpA_transformed,std_adjusted,Sample,wt_seq,Percent GpA
LLLTYLLAVLLGLLLAFLILI,LLLIYLLAVLLGLLLAFLILI,GAS,clash,32.5797,-269.498,429.151,141.491,-44.9868,-272.985,-341.866,4612.28,-50.7419,-23.8952,3756.71,4644.37,57.9775,51.7154,3743.51,4679.26,88.3625,79.6306,-17.912,1.10011e+17,3,T,127.4866,1.722011341,,,,,0.37664115288569,0.02546291001937662,G,LLLTYLLAVLLGLLLAFLILI,34.161735934155715
LLLTVLLAILLGLLLGFLILI,LLLIVLLAILLGLLLGFLILI,GAS,clash,33.235,-265.062,611.442,329.171,-44.964,-269.184,-350.809,4545.34,-50.444,-36.6606,3629.87,4526.53,56.8655,81.3097,3608.81,4563.2,88.1529,107.712,-17.5194,1.10011e+17,3,T,129.5954,0.0,,,,,0.4916805981476755,0.03799833279462081,G,LLLYTLLAILLGLLLGFLILI,44.595930713302536
LLLVALLIALLFTLLSLLILI,LLLVALLIALLFTLLILLILI,Right,clash,22.9073,-272.282,666.004,367.02,-58.8866,-275.237,-368.021,4651.52,-49.6085,-33.8978,3864.7,4673.25,34.1019,16.9071,3859.43,4661.46,35.4203,18.4858,-5.63805,1.10011e+17,15,S,112.8133,13.03349358,,,,,0.4623699173438899,0.014364789954581441,R,LLLVALLIALLFTLLSLLILI,43.22823424750465
LLLYALLTVLLALLLSFLILI,LLLYALLIVLLALLLSFLILI,Right,clash,22.3632,-277.347,700.655,400.569,-60.4169,-278.666,-362.316,4703.93,-45.102,-23.2339,4019.38,4746.04,58.7913,37.6666,4006.65,4781.18,89.179,61.8646,-8.56186,1.10011e+17,7,T,91.9288,29.06476619,,,,,0.437245890443237,0.03525726980597373,R,LLLYALLTVLLALLLSFLILI,40.87931992725431
LLLYVLLATLLAFLLSLLILI,LLLYVLLATLLAFLLILLILI,Right,clash,22.0548,-277.291,705.71,400.902,-58.8282,-279.426,-358.408,4697.13,-49.572,-20.1532,3933.98,4760.71,40.932,1.95796,3932.92,4764.46,50.6019,2.05807,-15.0718,1.10011e+17,15,S,127.76244,1.509369382,,,,,0.309154349892765,0.004090455627011682,R,LLLYVLLFTLLAALLSLLILI,28.903689782784408
LLLALLLVTLLTFLLSILILI,LLLALLLVTLLTFLLIILILI,Right,clash,18.1203,-273.792,768.203,458.287,-72.638,-278.089,-382.703,4598.3,-54.2436,-31.9766,3939.57,4671.15,52.469,14.9333,3938.05,4665.66,57.6269,14.9395,-12.5431,1.10011e+17,15,S,114.7871,11.51191332,,,,,0.9735893300122402,0.1294590513715378,R,LLLALLLVTLLTFLLSILILI,91.02354206002153
LLLVLLLAILFLLLTSLLILI,LLLVLLLAILFLLLISLLILI,Left,clash,22.5741,-284.172,777.202,470.467,-60.4347,-277.541,-384.807,4645.04,-45.138,-46.8313,3705.25,4702.52,33.2519,9.3985,3690.59,4701.94,51.4389,6.21086,-19.934,1.10011e+17,14,T,120.4883,7.235916198,,,,,0.6569615541185414,0.06552429938954175,L,LLLVLLLAILFLLLTSLLILI,65.68945412405508
LLLLAILLLLLTVLFSLLILI,LLLLIILLLLLTVLFSLLILI,Left,clash,25.4729,-289.719,807.809,493.868,-74.3434,-280.68,-396.419,4588.0,-49.6951,-41.3959,3682.53,4615.65,45.1315,26.5789,3682.53,4615.65,45.1315,26.5789,-19.0411,1.1011e+16,4,A,111.8963,19.19397842,,,,,0.4854640812939862,0.027778693513562193,L,LLLLAILLLLLTVLFSLLILI,48.54145618890156
LLLLALLTVLLALLFSLLILI,LLLLALLTVLLILLFSLLILI,Left,clash,20.8251,-281.343,861.293,551.013,-74.2722,-277.37,-386.776,4630.48,-49.7623,-35.1342,3798.31,4633.76,54.7522,25.9456,3798.31,4633.76,54.7522,25.9456,-16.6884,1.10011e+17,11,A,104.3222,19.91712457,,,,,0.2917007649758855,0.00656610382897442,L,LLLVALLTILLALLFSLLILI,29.16710102548512
LLLLAILLALLFVLTSLLILI,LLLLIILLALLFVLTSLLILI,Left,clash,27.785,-283.697,874.173,568.333,-74.23,-276.642,-384.96,4550.78,-49.9285,-34.0879,3639.74,4628.62,57.4117,33.177,3639.74,4628.62,57.4117,33.177,-19.5332,1.1011e+16,4,A,105.2982,23.95880273,,,,,0.28618941037741,0.021399331150777582,L,LLLLYFLLALLAVLTSLLILI,28.616021783802992
LLLLFVLLLLLATLISLLILI,LLLLFVLLLLLATLIILLILI,Left,clash,27.9316,-284.947,881.663,575.06,-58.858,-278.57,-377.992,4632.44,-49.5884,-40.5645,3678.06,4678.7,44.1258,28.0306,3673.22,4682.12,53.8249,27.2191,-12.3423,1.1011e+16,15,S,101.6898,21.60847484,,,,,0.4747659134398428,0.017723244449027696,L,LLLLAVLLFLLATLISLLILI,47.47174852935808
LLLFALLVALLTLLLSILILI,LLLFALLVALLTLLLIILILI,Right,clash,28.7837,-270.83,918.475,625.911,-59.0078,-274.585,-369.129,4663.16,-50.5168,-35.5363,3759.65,4585.38,40.5778,27.8417,3752.03,4579.72,45.7142,28.781,-5.81283,1.10011e+17,15,S,101.8787,21.46285395,,,,,0.4197203775550576,0.038093252246682675,R,LLLFALLVALLTLLLSILILI,39.240811564102266
LLLVALLLALLFTLLSILILI,LLLVALLLALLFTLLIILILI,Right,clash,20.0363,-272.373,938.681,636.768,-58.842,-275.111,-371.687,4598.88,-49.5762,-37.7331,3794.13,4667.24,34.7147,15.1177,3786.74,4653.92,35.6835,15.9424,-10.9004,1.10011e+17,15,S,114.6027,11.6540652,,,,,1.207690577452924,0.11663171213720432,R,LLLVALLLALLFALLSTLILI,112.91031103524509
LLLLAVLLLILTLLLSFLILI,LLLLIVLLLILTLLLSFLILI,Left,clash,23.2255,-289.802,1036.39,720.135,-74.3139,-280.888,-396.389,4606.22,-49.6833,-41.1877,3747.86,4723.43,46.2104,28.3414,3747.86,4723.43,46.2104,28.3414,-18.7353,1.10011e+16,4,A,110.1338,20.4667695,,,,,0.2745882994876317,0.005109303172758905,L,LLLLFALLLILTLLLSVLILI,27.45602903109975
LLLYLLLIVLLAFLLSTLILI,LLLYLLLIVLLAFLLITLILI,Right,clash,16.6995,-276.441,1031.85,722.519,-58.879,-282.912,-362.705,4799.43,-49.5918,-20.9137,4085.35,4850.16,41.0446,5.4698,4083.57,4857.08,52.6666,5.66509,-18.9945,1.10011e+17,15,S,124.2506,4.216607411,,,,,0.3213384110081628,0.030672467434769892,R,LLLYLLLTVLLAFLLSILILI,30.04281114043665
LLLLLALLLILFVLLSTLILI,LLLLLALLLILIVLLSTLILI,Left,clash,20.9836,-283.507,1043.62,731.433,-74.2997,-276.075,-401.735,4595.26,-49.6654,-51.3597,3699.45,4589.76,52.0919,35.6528,3665.04,4712.27,149.562,59.4869,-23.3431,1.10011e+16,11,F,94.615,27.36885094,,,,,0.1758060067998908,0.008551170837393455,L,LLLLLALLLILFVLLSTLILI,17.578807383804573
LLLLTVLLALLFILLSLLILI,LLLLTVLLILLFILLSLLILI,Left,clash,34.5537,-287.596,1152.45,854.296,-60.4896,-281.48,-389.448,4608.63,-45.1139,-47.4782,3717.0,4742.92,55.3117,30.197,3717.0,4742.92,55.3117,30.197,-9.8057,1.10011e+16,8,A,101.1326,22.99329321,,,,,0.0817323850140208,0.0026429865516457607,L,LLLLTVLLAILFLLLSLLILI,8.172404796246813
LLLLLALLLILFVLLSTLILI,LLLLLALLLILFVLLITLILI,Left,clash,21.0475,-286.499,1192.29,877.176,-58.9661,-278.984,-380.758,4634.01,-49.6654,-42.8082,3665.31,4724.57,35.0,10.226,3665.04,4712.27,36.3032,10.8586,-23.3431,1.10011e+16,15,S,119.4944,7.883108594,,,,,0.5713402546330787,0.04329685580796193,L,LLLLLALLLILFVLLSTLILI,57.12819754924885
LLLYVLLIALLATLLSLLILI,LLLYVLLIALLATLLILLILI,Right,clash,21.4448,-274.83,1185.44,882.496,-58.8271,-278.42,-372.867,4693.44,-49.5605,-35.6197,3982.76,4721.57,45.8044,20.3388,3977.68,4726.16,56.2289,28.4029,-10.2071,1.10011e+17,15,S,109.3816,15.67895258,,,,,0.3906611910983429,0.03400266846320178,R,LLLYALLIALLFTLLVLLILI,36.52398836243517
LLLATLLFALLVLLLSLLILI,LLLATLLFALLILLLSLLILI,Right,clash,34.4904,-277.821,1204.72,916.266,-60.4259,-275.093,-376.428,4641.41,-45.12,-40.9089,3738.61,4619.41,42.0575,24.7166,3731.61,4637.89,69.6847,43.2083,-11.3568,1.10011e+17,11,V,105.5512,18.97368344,,,,,0.2297231313293083,0.00659545439583445,R,LLLATLLFALLVLLLSLLILI,21.47744686812689
LLLLTVLLALLFLLISLLILI,LLLLTVLLALLILLISLLILI,Left,clash,30.3354,-284.002,1460.37,1161.61,-60.4091,-276.093,-394.715,4611.55,-45.1032,-58.2134,3668.55,4564.21,48.8709,9.21448,3635.3,4682.71,145.028,38.2585,-18.2847,1.1011e+16,11,F,121.05332,7.073490149,,,,,0.0427032558425909,0.003434718412822218,L,LLLLTVLLAILFLLLSLLILI,4.269889992852616
LLLYALLIALLFTLLVLLILI,LLLYALLIALLFTLLILLILI,Right,clash,24.5416,-280.216,1528.38,1223.12,-58.8653,-281.167,-359.484,4766.58,-49.5925,-19.452,3963.06,4719.79,32.6031,30.0093,3956.54,4718.21,51.7459,50.777,-11.3564,1.10011e+17,15,V,99.7111,23.13383246,,,,,0.241333194006188,0.01154711158381993,R,LLLVALLIALLFTLLSLLILI,22.562903534311964
LLLYLLLTVLLAFLLSILILI,LLLYLLLTVLLAFLLIILILI,Right,clash,23.6011,-281.61,1532.05,1224.44,-58.8869,-282.904,-362.852,4749.37,-49.6005,-21.0606,4007.95,4811.01,39.476,0.828668,4007.09,4816.91,50.914,0.774217,-6.07893,1.10011e+17,15,S,128.891732,0.638810858,,,,,0.4200534594050054,0.04933785739873741,R,LLLYLLLTVLLAFLLSILILI,39.27195230162224
LLLLVLLTALLFLLISLLILI,LLLLVLLTALLILLISLLILI,Left,clash,21.1044,-283.468,1575.94,1263.92,-74.2422,-276.125,-401.155,4600.61,-49.6547,-50.7872,3671.29,4611.19,46.3031,5.79912,3640.34,4731.56,142.646,31.7878,-24.5798,1.1011e+16,11,F,124.46868,4.451691055,,,,,0.3024940559506496,0.0036908492418396333,L,LLLLYLLTALLFLLTSLLILI,30.24632002679431
LLLLFALLLILTVLLSLLILI,LLLLFALLLILTVLLILLILI,Left,clash,21.8089,-287.393,1724.55,1409.31,-58.9643,-278.653,-376.958,4668.26,-49.6594,-39.3402,3622.13,4621.84,39.6018,18.6199,3622.22,4618.61,45.911,18.9673,-26.4357,1.10011e+16,15,S,111.1005,14.35387187,,,,,0.1572525683738179,0.00773096956494044,L,LLLLFALLLILTLLLSVLILI,15.7236527941753
LLLYTLLVLLLAFLLSILILI,LLLYTLLVLLLAFLLIILILI,Right,clash,27.301,-283.384,1764.91,1463.73,-45.1009,-283.682,-359.541,4738.63,-45.1009,-30.7581,4068.38,4805.55,39.2739,3.46032,4066.36,4808.73,48.8784,3.67969,-22.8958,1.10011e+17,15,S,126.26008,2.667521839,,,,,0.2847157409477737,0.019710451523694127,R,LLLYTLLVLLLAFLLSILILI,26.61885707085969
LLLVALLTILLALLFSLLILI,LLLVALLTILLILLFSLLILI,Left,clash,21.5899,-280.404,1971.07,1662.52,-74.2306,-277.274,-386.191,4602.93,-49.7389,-34.6855,3715.19,4643.39,51.5738,18.791,3715.19,4643.39,51.5738,18.791,-15.9385,1.10011e+17,11,A,121.58745,6.663465569,,,,,0.1848941335850323,0.004801641401922626,L,LLLVALLTILLALLFSLLILI,18.487527359552843
LLLTGLLFALLGVLLSLLILI,LLLTGLLFALLGVLLILLILI,GAS,clash,24.3436,-270.081,1971.87,1676.62,-45.046,-270.073,-347.939,4558.82,-49.5142,-32.8202,3671.81,4668.38,43.2579,8.04604,3669.35,4674.05,53.9982,8.94045,-22.7806,1.10011e+17,15,S,121.67436,6.202601904,,,,,0.1890025842961676,0.01994442805597805,G,LLLYGLLFALLGILLTLLILI,17.142726773561755
LLLTALLIALLLVLLSWLILI,LLLTALLIALLLVLLIWLILI,Right,clash,26.3249,-283.773,1997.05,1694.57,-45.0273,-280.138,-377.266,4678.84,-45.0273,-52.1005,3907.57,4697.56,41.9395,27.987,3905.79,4700.75,51.1093,40.1163,-5.55503,1.10011e+17,15,S,101.7334,21.57486409,,,,,0.5828166982719333,0.04130313249466257,R,LLLTALLIALLSVLLFLLILI,54.48913480571036
LLLATLLFALLVLLLSLLILI,LLLATLLFALLVLLLILLILI,Right,clash,34.4939,-278.411,2299.72,2010.68,-45.12,-275.62,-366.319,4643.99,-45.12,-45.5786,3737.14,4642.91,38.5179,18.6634,3731.61,4637.89,43.109,22.1838,-11.3568,1.10011e+17,15,S,111.057,14.38740553,,,,,0.513383072865965,0.034411298704026726,R,LLLATLLFALLVLLLSLLILI,47.997594350516096
LLLLLVLTLLLAILFSLLILI,LLLLLVLTILLAILFSLLILI,Left,clash,24.5084,-284.492,2324.57,2014.99,-74.2543,-276.761,-385.877,4554.22,-49.6023,-34.8609,3693.7,4619.8,50.3763,21.9108,3645.57,4692.11,112.845,32.7989,-14.4892,1.1011e+16,8,L,109.4188,16.68382451,,,,,0.2306228195871748,0.005891858315866827,L,LLLLIVLTWLLALLFSLLILI,23.059929507683787
LLLLAILTALLFVLLSLLILI,LLLLAILTALLFVLLILLILI,Left,clash,21.2946,-284.354,2362.38,2049.62,-58.9084,-275.241,-370.221,4601.6,-49.6966,-36.0718,3622.83,4632.26,32.9606,4.99188,3622.33,4620.44,34.2936,4.93909,-26.1884,1.1011e+16,15,S,124.72852,3.848184249,,,,,0.2163902255539545,0.011888446374769879,L,LLLLAILLALLFVLTSLLILI,21.636815282885745
LLLLLLLLAILFTLLSVLILI,LLLLLLLLAILITLLSVLILI,Left,clash,20.1246,-285.85,3083.94,2768.37,-74.1724,-275.581,-401.786,4570.06,-49.8537,-52.0323,3665.43,4560.8,54.0487,35.7964,3631.62,4696.68,155.407,62.1085,-30.4619,1.10011e+16,11,F,94.4714,27.47908539,,,,,0.513495358155702,0.03572473959156524,L,LLLLLLLLAILFTLLSVLILI,51.34429794410435
LLLYVLLTILLAFLLSLLILI,LLLYVLLTILLAFLLILLILI,Right,clash,20.7032,-281.844,3766.33,3455.55,-58.9032,-283.468,-363.446,4736.87,-49.6378,-21.075,3905.37,4752.17,38.1867,0.636554,3904.67,4761.0,50.0496,0.587382,-12.8666,1.10011e+17,15,S,129.083846,0.490712332,,,,,0.2491606582622646,0.028757073603379604,R,LLLYVLLTILLALLLAFLILI,23.29471467888084
LLLLALLFILVTLLLSLLILI,LLLLALLFILVTLLISLLILI,Left,clash,30.4021,-281.657,3866.88,3565.72,-74.3007,-276.713,-383.962,4591.17,-49.9089,-32.9483,3688.13,4644.48,45.1082,16.4038,3656.13,4676.82,97.8071,47.8466,-13.0023,1.10011e+17,14,L,113.483,12.6293049,,,,,0.1868262951822958,0.0014714892374437596,L,LLLLALLFILVTLLLSLLILI,18.680723810407567
LLLLALLLLFLTVLLSILILI,LLLLILLLLFLTVLLSILILI,Left,clash,27.2525,-289.63,3983.88,3671.85,-74.3063,-280.593,-395.814,4590.73,-49.6537,-40.9146,3652.7,4593.9,42.269,6.42642,3652.7,4593.9,42.269,6.42642,-17.0934,1.10011e+16,4,A,132.04878,4.640845437,,,,,0.0999952190699133,0.0015373163992186115,L,LLLLALLLLFLTVLLSILILI,9.99850191314646
LLLYALLFVLLLLLTSLLILI,LLLYALLFVLLILLTSLLILI,Left,clash,21.6501,-285.106,4047.32,3733.98,-74.2559,-281.476,-372.887,4726.31,-49.8847,-17.1553,3854.16,4693.84,53.1833,19.4225,3830.49,4765.93,114.956,30.155,-20.1749,1.10011e+17,11,L,110.8453,14.90967069,,,,,0.0668933298547841,0.002032095689547409,L,LLLYALLFVLTALLLSLLILI,6.688650645009044
LLLLAILLAVLFTLLSLLILI,LLLLIILLAVLFTLLSLLILI,Left,clash,29.5179,-283.978,4655.63,4351.55,-74.1383,-276.655,-385.073,4538.58,-49.6224,-34.2802,3603.97,4635.32,55.1861,28.3729,3603.97,4635.32,55.1861,28.3729,-16.9599,1.10011e+16,4,A,110.1023,20.48951726,,,,,0.2223658828132905,0.021574059651421788,L,LLLLAILLAVLFTLLSLLILI,22.234320054568933
LLLLILLSVLLAYLLTFLILI,LLLLILLSVLLAYLLIFLILI,Right,clash,27.9657,-276.521,4771.45,4477.85,-60.4057,-280.46,-367.519,4696.68,-45.0391,-26.6538,3846.73,4788.73,47.3114,20.0768,3827.95,4800.79,71.7082,22.3601,-8.30423,1.10011e+17,15,T,109.6436,15.47697972,,,,,0.3809090382098742,0.02816748970195688,R,LLLLILLSVLLAYLLTFLILI,35.61223278823621
LLLLFALLLILTLLLSVLILI,LLLLFALLIILTLLLSVLILI,Left,clash,28.7831,-282.222,4950.94,4647.58,-74.3484,-276.641,-382.131,4600.82,-49.9239,-31.1416,3690.81,4681.21,41.7175,10.3211,3687.7,4691.6,83.3723,11.2997,-16.2365,1.10011e+16,8,L,121.0085,7.858928985,,,,,0.2771748532010801,0.019924870644287843,L,LLLLFALLLILTLLLSVLILI,27.71465801849452
LLLGYLLALLLGTLLSFLILI,LLLIYLLALLLGTLLSFLILI,GAS,clash,28.1034,-272.606,5280.14,4979.13,-74.0304,-275.634,-364.314,4624.9,-56.4993,-14.6491,3667.66,4734.84,61.479,23.2698,3674.84,4713.4,41.3367,10.7292,-24.9317,1.10011e+17,3,G,129.5954,0.0,,,,,0.240213595752627,0.017730728663004992,G,LLLYSLLALLLGTLLGFLILI,21.787617638229285
LLLLAVLLLILTLLLSFLILI,LLLLAVLLLILILLLSFLILI,Left,clash,21.6926,-286.696,5502.1,5191.92,-60.51,-278.074,-383.946,4621.27,-45.1806,-45.3619,3766.91,4702.46,49.2325,12.3189,3747.86,4723.43,76.6865,20.039,-18.7353,1.10011e+16,11,T,117.9489,9.456596335,,,,,0.0829339741895125,0.0030222149148800143,L,LLLLAVLLFILALLLSTLILI,8.292551457074365
LLLLTLLIALLVALLSFLILI,LLLLTLLIALLVILLSFLILI,Right,clash,30.9224,-274.705,5701.35,5412.51,-60.4171,-277.391,-374.528,4632.73,-45.0594,-36.7196,3792.09,4672.26,56.3969,23.6912,3792.09,4672.26,56.3969,23.6912,-11.0151,1.10011e+17,12,A,106.1308,18.24898707,,,,,0.0815775229441463,0.0012502608059285977,R,LLLLTLLIALLVALLSFLILI,7.62690680963556
LLLTLLLAVLLAYLLSFLILI,LLLTLLLIVLLAYLLSFLILI,Right,clash,27.4355,-283.234,6951.4,6650.56,-60.4163,-280.409,-365.615,4685.04,-45.0423,-24.7898,3770.15,4685.43,54.6272,30.151,3770.15,4685.43,54.6272,30.151,-13.6633,1.10011e+17,7,A,129.12077,0.880516904,,,,,0.4465625094138123,0.032161111554650235,R,LLLTILLAVLLAYLLSLLILI,41.750356238544505
LLLYALLFVLLLLLTSLLILI,LLLYALLFVLLLLLISLLILI,Left,clash,21.6758,-285.955,7271.93,6962.54,-60.4296,-282.202,-371.848,4767.93,-45.1202,-29.2171,3843.79,4748.08,42.803,18.859,3830.49,4765.93,71.2324,30.0628,-20.1749,1.10011e+17,14,T,111.0278,14.51956627,,,,,0.3382345250823055,0.03964405931306239,L,LLLYALLFVLTALLLSLLILI,33.82000237194489
LLLLLVLLAILFTLLSLLILI,LLLLLVLLIILFTLLSLLILI,Left,clash,27.9318,-285.802,7425.13,7117.38,-74.214,-280.813,-395.804,4584.42,-49.8777,-40.7773,3693.37,4665.01,57.2924,30.3938,3693.37,4665.01,57.2924,30.3938,-8.93559,1.10011e+16,8,A,100.9358,23.14314519,,,,,0.1134094860940044,0.002533871371638225,L,LLLLTVLLAILFLLLSLLILI,11.339791784315786
LLLLLLLTALLFVLISLLILI,LLLLLLLTALLIVLISLLILI,Left,clash,21.7426,-284.419,7970.55,7658.25,-74.2419,-275.613,-401.644,4596.43,-49.6171,-51.7897,3679.5,4655.35,49.6841,21.1424,3647.44,4796.94,152.468,43.2536,-27.5287,1.1011e+16,11,F,109.1254,16.22995092,,,,,0.6568805327622916,0.026993094158204337,L,LLLLVLLTALLFLLISLLILI,65.68135281488246
LLLLLLLTALLFVLYILLILI,LLLLLLLTILLFVLYILLILI,Left,clash,28.5638,-285.853,8546.15,8239.32,-58.8086,-285.606,-378.444,4689.73,-49.5447,-34.0288,3900.89,4884.63,53.1195,26.4639,3900.89,4884.63,53.1195,26.4639,-9.24664,1.1011e+16,8,A,104.8657,20.15075048,,,,,0.2242410414539917,0.019363038457425263,L,LLLLALLTILLFVLASLLILI,22.421816791221865
LLLYILLSVLLALLLTFLILI,LLLYILLIVLLALLLTFLILI,Right,clash,24.0084,-281.637,9276.98,8969.77,-58.8588,-283.184,-366.627,4730.35,-49.5874,-24.584,3922.9,4765.0,58.4629,26.7045,3919.09,4770.53,68.3761,34.55,-9.80294,1.10011e+17,7,S,102.8909,20.60605546,,,,,0.1883509109050465,0.007370351236677373,R,LLLYALLTVLLALLLSFLILI,17.609444282419698
LLLLALLFILTYLLAVLLILI,LLLLALLFILTILLAVLLILI,Left,clash,18.9431,-279.436,9707.78,9397.4,-58.8679,-274.565,-369.007,4603.62,-49.8917,-35.5738,3795.7,4599.5,59.5879,12.3044,3790.82,4758.8,169.683,12.2498,-19.7346,1.10011e+17,11,Y,117.9634,9.445465418,,,,,0.3107168079903166,0.014148929731602795,L,LLLLALLFILTYLLAVLLILI,31.068511355186285
LLLLFALLLILTVLLSLLILI,LLLLFALLIILTVLLSLLILI,Left,clash,21.7183,-285.376,10917.8,10604.2,-74.3729,-276.743,-382.322,4589.84,-49.9139,-31.2064,3631.85,4554.8,62.3856,33.3102,3622.22,4618.61,123.265,33.2339,-26.4357,1.10011e+16,8,L,98.0194,25.36381745,,,,,0.4969180531667068,0.0431776368354495,L,LLLLFALLLILTLLLSVLILI,49.6867365407797
LLLTGLLFALLGVLLSLLILI,LLLTGLLFILLGVLLSLLILI,GAS,clash,24.3607,-272.111,11765.7,11468.8,-60.3857,-272.049,-361.998,4561.11,-49.1833,-29.5628,3669.35,4674.05,61.6661,15.3772,3669.35,4674.05,61.6661,15.3772,-22.7806,1.10011e+17,8,A,115.9524,11.70886076,,,,,0.3216545937049307,0.012856145716205962,G,LLLTGLLFGLLAILLSLLILI,29.17439904792059
LLLYALLTVLLALLLSFLILI,LLLYALLTVLLALLLIFLILI,Right,clash,22.4412,-278.538,13441.9,13136.0,-58.9504,-279.807,-359.478,4695.1,-49.7481,-20.7207,4008.79,4777.93,43.4751,18.2016,4006.65,4781.18,53.2452,18.7969,-8.56186,1.10011e+17,15,S,111.5188,14.03140909,,,,,0.1576902481825015,0.006098105850633645,R,LLLYALLTVLLALLLSFLILI,14.742894663517628
LLLLALLFALLVSLLTWLILI,LLLLALLFALLVILLTWLILI,Right,clash,29.8792,-277.201,13631.2,13334.1,-58.8729,-279.668,-366.366,4676.26,-49.8093,-27.8251,3837.74,4746.36,29.5919,2.54218,3837.61,4749.43,37.7457,2.77477,-12.7073,1.10011e+17,12,S,127.27982,1.958204311,,,,,0.2986326645157748,0.0057956074929371194,R,LLLLALLFALLVSLLTWLILI,27.91998850142101
LLLLFALLLILTLLLSVLILI,LLLLFALLLILILLLSVLILI,Left,clash,28.7705,-283.072,16978.4,16679.0,-60.4838,-277.491,-379.806,4654.85,-45.1649,-41.8313,3708.04,4671.42,49.1152,10.407,3687.7,4691.6,76.4313,21.2325,-16.2365,1.10011e+16,11,T,119.8608,7.988927425,,,,,0.7340626717547668,0.0604860642012707,L,LLLLFALLLILTLLLSVLILI,73.3987794234231
LLLLFLLTALLLVLISLLILI,LLLLFLLTILLLVLISLLILI,Left,clash,31.0421,-287.479,17151.6,16845.3,-74.2258,-280.643,-392.518,4649.54,-49.8764,-37.6495,3593.61,4543.43,51.4811,24.8767,3593.61,4543.43,51.4811,24.8767,-10.9712,1.1011e+16,8,A,106.4529,18.9421882,,,,,0.3007129900062619,0.023830335291470023,L,LLLLALLTILLFVLASLLILI,30.06823159998713
LLLLLILTALLFVLLSLLILI,LLLLLILTILLFVLLSLLILI,Left,clash,31.7717,-287.167,18617.4,18312.4,-74.228,-280.675,-395.587,4631.21,-49.6156,-40.6842,3613.8,4686.53,58.0383,35.3383,3613.8,4686.53,58.0383,35.3383,-6.49024,1.1011e+16,8,A,95.9913,26.90809993,,,,,0.2187338882166625,0.00435749507532844,L,LLLLALLTILLFVLASLLILI,21.8711576427987
LLLVGLLFALLGILLSLLILI,LLLVGLLFALLGILLILLILI,GAS,clash,22.0453,-266.517,18823.8,18528.5,-45.0254,-269.914,-349.005,4625.39,-50.8504,-34.0657,3574.96,4683.08,52.2019,1.57646,3574.96,4688.68,62.6763,1.57646,-22.629,1.10011e+17,15,S,128.14394,1.215275315,,,,,0.3202760244384916,0.0251325545443783,G,LLLYGLLFALLGILLTLLILI,29.049361412266023
LLLVALLIALLFTLLSLLILI,LLLVALLIALLFILLSLLILI,Right,clash,22.9069,-271.102,23133.3,22840.0,-60.4562,-274.106,-371.603,4611.69,-45.1027,-37.041,3865.8,4645.99,45.8436,8.86986,3859.43,4661.46,71.1033,15.2938,-5.63805,1.10011e+17,12,T,120.95214,6.832324259,,,,,0.1011618809700339,0.005025646461350276,R,LLLTALLVALLFALLSLLILI,9.457902262785696
LLLLFLLLLVLAILLSTLILI,LLLLFLLLLVLIILLSTLILI,Left,clash,30.2385,-288.565,24356.8,24048.8,-74.2628,-280.709,-392.176,4638.68,-49.6047,-37.2045,3603.92,4712.35,48.4625,22.6169,3603.92,4712.35,48.4625,22.6169,-15.4509,1.10011e+16,11,A,107.6509,17.36184997,,,,,0.1448118325106335,0.008593508281212464,L,LLLLFLLLAVLYLLLSTLILI,14.479706108663956
LLLLALLLFVLTYLLSLLILI,LLLLALLLIVLTYLLSLLILI,Left,clash,19.4581,-283.065,24781.7,24468.2,-74.3696,-279.322,-388.27,4653.88,-49.8792,-34.5789,3614.04,4670.78,43.8448,40.9936,3599.83,4697.46,114.995,64.3124,-28.0531,1.10011e+16,8,F,90.336,31.21428832,,,,,0.355163632856964,0.01493348042014201,L,LLLLALLLFVLTWLLSLLILI,35.51274046529753
LLLLALLLFVLTYLLSLLILI,LLLLALLLFVLTYLLILLILI,Left,clash,19.5497,-286.051,25157.9,24841.5,-58.9144,-282.226,-369.01,4687.38,-49.9046,-27.8699,3606.97,4703.45,36.8421,5.59276,3599.83,4697.46,42.2829,7.66833,-28.0531,1.10011e+16,15,S,124.12764,4.311395895,,,,,0.2023339238659877,0.0036262959114897464,L,LLLLALLLFVLTWLLSLLILI,20.23132849435601
LLLLVLLLLTLIALLSFLILI,LLLLVILLLTLIALLSFLILI,Left,clash,22.1936,-280.576,25461.0,25153.0,-74.3052,-277.067,-384.763,4573.81,-49.6115,-33.3899,3745.23,4622.38,47.162,21.6861,3736.53,4641.37,93.1777,24.1828,-18.19,1.10011e+16,5,L,108.6087,16.6438722,,,,,0.6538525118105755,0.04575688941826253,L,LLLLVLLLLTLIALLSFLILI,65.37858160681486
LLLWYLLLVLLATLLSFLILI,LLLWYLLLVLLATLLIFLILI,Right,clash,22.8948,-282.651,26240.5,25931.2,-58.796,-286.68,-362.27,4723.09,-49.5458,-16.7938,3959.35,4846.54,44.3658,8.25103,3955.68,4850.58,54.6991,8.41351,-23.088,1.10011e+17,15,S,121.46937,6.360626393,,,,,0.3209963881534596,0.021543244045893868,R,LLLWYLLLVLLATLLSFLILI,30.010834483810623
LLLLALLFILVTLLLSLLILI,LLLLALLFILVILLLSLLILI,Left,clash,30.405,-282.507,28608.7,28311.5,-60.4611,-277.577,-382.38,4656.91,-45.1548,-44.3426,3665.7,4667.16,39.9059,12.9577,3656.13,4676.82,60.9228,22.1558,-13.0023,1.10011e+17,11,T,117.3101,9.946970779,,,,,0.2935580386463334,0.012685702028337503,L,LLLFALLTILVALLLSLLILI,29.35280944754704
LLLLVALLLILTSLLFLLILI,LLLLVALLLILTILLFLLILI,Left,clash,22.4876,-282.234,31276.4,30967.1,-58.9428,-279.214,-379.92,4656.2,-49.6339,-41.7639,3718.87,4636.35,48.3401,18.5057,3717.95,4642.57,57.9466,18.9172,-21.2384,1.10011e+16,12,S,111.3163,14.25467178,,,,,0.2559577388760466,0.01468360426912106,L,LLLLVALLLLLTALLFSLILI,25.59316300959841
LLLYALLVALLFTLLSLLILI,LLLYALLVALLFTLLILLILI,Right,clash,19.2681,-278.84,32041.3,31732.2,-58.8137,-279.744,-355.337,4720.88,-49.5581,-16.7795,3948.43,4804.41,32.4363,14.2925,3940.9,4792.38,33.8343,14.588,-16.1279,1.10011e+17,15,S,115.4279,11.01792779,,,,,0.2935920131589269,0.03256855730948645,R,LLLTALLVALLFALLSLLILI,27.44872415346006
LLLLLLLTILVALLFSLLILI,LLLLLLLTILVALLISLLILI,Left,clash,28.792,-280.939,33477.4,33175.7,-74.1643,-275.738,-402.772,4568.17,-49.6022,-52.8699,3657.47,4527.24,46.1842,14.3446,3653.21,4644.1,144.39,23.5854,-16.2695,1.10011e+17,14,F,115.5422,11.0439244,,,,,0.3627721357735201,0.008003026900380324,L,LLLFALLTILVALLLSLLILI,36.27351314698123
LLLLALLTVLLALLFSLLILI,LLLLALLTVLLALLISLLILI,Left,clash,20.8507,-276.312,35806.1,35500.9,-74.2722,-272.329,-394.304,4568.97,-49.7623,-47.7021,3805.13,4515.65,48.4324,25.2315,3798.31,4633.76,146.826,36.6133,-16.6884,1.10011e+17,14,F,104.6553,19.42576151,,,,,0.4026064084413494,0.011307060072633691,L,LLLVALLTILLALLFSLLILI,40.25653408720861
LLLYALLFALLTVLLSLLILI,LLLYALLFALLTVLLILLILI,Right,clash,22.839,-279.063,36027.4,35721.4,-58.9885,-279.379,-358.832,4721.53,-49.7495,-20.4642,3974.9,4863.68,53.6397,17.5883,3969.46,4859.95,59.8703,22.9931,-11.6946,1.10011e+17,15,S,112.1321,13.55862301,,,,,0.3699643910332708,0.021935089167380347,R,LLLYALLLALLTVLLSILILI,34.588987645852484
LLLAGLLYLLLGTLLSFLILI,LLLAILLYLLLGTLLSFLILI,GAS,clash,25.9493,-274.894,36276.8,35972.5,-74.1125,-276.218,-367.759,4593.57,-55.4437,-17.4287,3720.1,4749.84,45.7581,8.81069,3722.73,4747.82,29.1344,4.94647,-10.7987,1.10011e+17,4,G,129.66451,6.36264833,,,,,0.2059011078853702,0.027911949183446333,G,LLLYALLALLLGTLLSFLILI,18.67544006340941
LLLLLALLFVLTSLLAILILI,LLLLLALLFVLTILLAILILI,Left,clash,22.0225,-282.282,39539.9,39229.8,-58.891,-274.684,-369.575,4559.92,-49.9058,-36.0,3593.85,4696.39,40.7833,5.81069,3593.55,4686.3,41.955,6.02859,-32.851,1.10011e+16,12,S,124.01131,4.475890065,,,,,0.188894747432491,0.010677354848779193,L,LLLLLALLFVLTSLLAILILI,18.887547936332723
LLLLALLILLTSLLFVLLILI,LLLLALLILLTILLFVLLILI,Left,clash,17.4215,-281.258,41055.5,40741.8,-58.9887,-279.359,-380.094,4660.07,-49.9222,-41.7457,3826.86,4678.29,53.1314,21.3052,3826.36,4677.8,58.9413,21.4149,-19.9071,1.10011e+17,11,S,108.9626,16.35492424,,,,,0.0476508569538023,0.002566700851637283,L,LLLLALLFLLTSLLYVLLILI,4.764599636334131
LLLYVLLFILLALLLSTLILI,LLLYVLLFILLALLLITLILI,Right,clash,21.3337,-280.503,42044.1,41735.3,-58.9281,-283.234,-367.219,4721.29,-49.6486,-25.0569,3931.68,4765.76,43.3628,18.3851,3929.65,4766.47,51.8228,18.8332,-11.5688,1.10011e+17,15,S,111.3353,14.17286718,,,,,0.203458208182318,0.02122813080156795,R,LLLYVLLTILLALLLAFLILI,19.02186702242003
LLLLVLLTILLAYLLSFLILI,LLLLVLLTILLAYLLIFLILI,Right,clash,26.067,-278.349,42816.5,42514.5,-58.9281,-282.011,-365.026,4699.87,-49.6634,-24.0875,3927.17,4833.82,53.3983,20.8992,3926.27,4837.41,62.9279,21.2951,-11.184,1.10011e+17,15,S,108.8212,16.11095865,,,,,0.469439841119302,0.030137831645619652,R,LLLYVLLTILLALLLAFLILI,43.88922085067981
LLLYGLLFLLLGVLLATLILI,LLLYGLLFLLLGVLLITLILI,GAS,clash,20.3274,-273.71,42830.1,42521.9,-58.8381,-277.218,-349.242,4725.69,-54.8148,-13.1861,3787.24,4795.83,44.0803,11.4738,3787.24,4795.83,44.0803,11.4738,-24.1814,1.10011e+17,15,A,118.2466,8.845023605,,,,,0.1304935586387156,0.01642292102493599,G,LLLYFLLALLLGVLLGTLILI,11.835898592517928
LLLLALLLYVLTSLLFLLILI,LLLLALLLYVLTILLFLLILI,Left,clash,35.641,-284.896,53233.6,52927.7,-58.8991,-282.343,-368.393,4697.02,-56.6206,-27.1506,3659.83,4875.81,48.5224,8.92137,3658.79,4896.6,63.0705,8.69819,-11.2963,1.10011e+16,12,S,120.90063,6.872001664,,,,,1.093759875820634,0.11765708187314809,L,LLLLALLLFVLTWLLSLLILI,109.36483076525276
LLLTGLLFGLLAILLSLLILI,LLLTGLLFGLLAILLILLILI,GAS,clash,26.6819,-272.325,53230.6,52939.0,-45.0043,-271.487,-351.888,4574.19,-45.9765,-35.3964,3718.63,4626.5,42.3701,9.98288,3710.97,4629.13,51.8324,10.5754,-14.8615,1.10011e+17,15,S,119.73752,7.695690115,,,,,0.2630688381853964,0.02739337874167334,G,LLLTGLLFGLLAILLSLLILI,23.860611390285744
LLLLYVLTALLFLLISLLILI,LLLLYVLTALLILLISLLILI,Left,clash,21.8317,-286.877,55207.3,54885.8,-74.2185,-278.785,-386.784,4628.19,-56.4618,-33.7808,3624.67,4656.44,46.0865,4.31576,3596.62,4778.16,142.803,25.8989,-28.485,1.1011e+16,11,F,125.95204,3.312990624,,,,,0.5249843856698021,0.03941271698384299,L,LLLLYLLTALLFLLTSLLILI,52.49308350253797
LLLLVLLIALLATLLSFLILI,LLLLVLLIALLATLLIFLILI,Right,clash,21.7525,-270.461,69734.7,69436.4,-58.7941,-275.025,-369.491,4598.5,-49.5366,-35.6712,3865.22,4682.92,47.5115,13.7198,3861.29,4690.03,57.9963,19.9466,-5.97089,1.10011e+17,15,S,116.0006,10.57643979,,,,,0.3732920980899576,0.03525372602233225,R,LLLLYLLIVLLATLLSFLILI,34.900104123714826
LLLYALLVALLFTLLSLLILI,LLLYALLVALLFILLSLLILI,Right,clash,19.2653,-277.661,69948.4,69644.9,-60.4317,-278.639,-358.976,4697.94,-45.0545,-19.9054,3948.05,4781.32,45.027,6.15602,3940.9,4792.38,68.6387,12.0776,-16.1279,1.10011e+17,12,T,123.66598,4.741892745,,,,,0.2587206121020135,0.018001806085233524,R,LLLTALLVALLFALLSLLILI,24.188501035817705
LLLYALLTALLFVLLSLLILI,LLLYALLTALLFVLLILLILI,Right,clash,26.5206,-278.124,72925.0,72623.6,-58.9852,-279.699,-358.2,4716.31,-49.7918,-19.5156,3873.91,4789.98,32.6083,14.8892,3866.47,4776.74,33.2199,15.5267,-11.9039,1.10011e+17,15,S,114.8312,11.47791712,,,,,0.5877763877251593,0.05921962768455395,R,LLLYALLVALLFTLLSLLILI,54.952829802803926
LLLYALLTALLFVLLSLLILI,LLLYALLTALLFILLSLLILI,Right,clash,26.52,-277.535,73928.4,73627.6,-74.3494,-279.191,-369.234,4690.21,-49.7918,-15.6935,3886.06,4778.29,45.206,9.45348,3866.47,4776.74,63.6695,22.0297,-11.9039,1.10011e+17,12,V,120.36852,7.281878264,,,,,0.1421550004089463,0.01003346724520489,R,LLLTALLVALLFALLSLLILI,13.29046165553542
LLLLLLLLAILFTLLSVLILI,LLLLLLLLAILFTLLIVLILI,Left,clash,20.2988,-288.813,83492.8,83174.4,-58.8913,-278.556,-380.503,4615.47,-49.8537,-43.0558,3632.3,4709.58,35.14,8.8289,3631.62,4696.68,36.0697,9.29638,-30.4619,1.10011e+16,15,S,120.8915,6.806099889,,,,,0.3542037095782794,0.030223033976412836,L,LLLLLLLLAILFTLLSVLILI,35.41675792905556
LLLVALLLLLTSLLFSLLILI,LLLVALLILLTSLLFSLLILI,Left,clash,33.38,-279.281,86766.4,86470.6,-89.6404,-275.331,-392.179,4589.95,-49.9155,-27.2074,3605.76,4612.79,52.045,11.1452,3593.36,4672.83,112.608,55.9195,-15.9231,1.10011e+17,7,L,118.4502,8.599996605,,,,,0.3108947252472074,0.009651894838267644,L,LLLVALLLLLTFLLASLLILI,31.08630126604353
LLLTFLLGILLGLLLGVLILI,LLLTFLLIILLGLLLGVLILI,GAS,clash,38.6223,-278.533,90613.9,90329.0,-44.9832,-272.369,-352.053,4633.73,-44.9832,-34.7006,3486.72,4611.12,55.2403,0.0,3486.72,4604.32,40.25,0.0,-41.3974,1.10011e+17,7,G,129.5954,0.0,,,,,0.2901486314119204,0.03220066805429294,G,LLLTVLLAILLGLLLGFLILI,26.31677619933096
LLLLFVLLALLTILLSLLILI,LLLLFVLLALLTILLILLILI,Left,clash,22.744,-279.532,94197.0,93890.5,-58.9585,-278.494,-377.299,4625.04,-49.7454,-39.8469,3766.37,4684.48,39.3337,13.3757,3766.29,4681.71,45.5851,13.5481,-9.53815,1.1011e+16,15,S,116.3447,10.31117696,,,,,0.4194777195752709,0.03430539622588497,L,LLLLFVLLALLTILYSLLILI,41.94349310603792
LLLLFLLLAVLLTLLSILILI,LLLLFLLLIVLLTLLSILILI,Left,clash,34.8501,-285.351,94399.8,94099.7,-74.1796,-280.506,-392.71,4623.69,-49.6561,-38.0243,3632.12,4657.65,53.6185,26.97,3632.12,4657.65,53.6185,26.97,-5.46692,1.10011e+16,8,A,104.3596,20.53611676,,,,,0.1286701082137796,0.006316723545151864,L,LLLLLLLLFVLATLLSILILI,12.865698331444769
LLLLAVLLALLLILLSTLILI,LLLLAVLLALLLILLITLILI,Left,clash,27.2599,-282.24,99120.8,98816.2,-58.8692,-274.253,-387.456,4582.08,-49.5982,-54.3335,3650.96,4550.47,44.4418,31.1928,3641.85,4552.52,53.5825,28.6581,-11.7216,1.10011e+16,15,S,98.5276,24.04617932,,,,,0.0383046227309292,0.001778675071689044,L,LLLLAVLLALLLILLSTLILI,3.830071549618548
LLLLAVLLALLLILLSTLILI,LLLLIVLLALLLILLSTLILI,Left,clash,29.7132,-284.046,101231.0,100927.0,-74.2561,-275.978,-402.052,4566.02,-49.5982,-51.8176,3641.85,4552.52,56.9911,33.7311,3641.85,4552.52,56.9911,33.7311,-11.7216,1.10011e+16,4,A,104.7441,24.35894658,,,,,0.3688495883506637,0.022665761181348765,L,LLLLAVLLALLLILLSTLILI,36.88119641208956
LLLVALLLALLFTLLSILILI,LLLVALLLALLFILLSILILI,Right,clash,20.0349,-271.194,114426.0,114130.0,-60.4311,-274.011,-375.137,4577.22,-45.0701,-40.6945,3792.88,4635.24,46.6525,6.15602,3786.74,4653.92,73.1259,13.7389,-10.9004,1.10011e+17,12,T,123.66598,4.741892745,,,,,0.1686485145815986,0.011466193164786415,R,LLLVALLLALLFALLSTLILI,15.767413104440353
LLLYILLVFLLATLLSLLILI,LLLYILLIFLLATLLSLLILI,Right,clash,24.2258,-280.497,122466.0,122161.0,-74.1188,-282.532,-374.124,4775.35,-49.6019,-17.4733,4069.06,4813.77,58.4582,18.017,4050.4,4840.51,86.9828,23.1917,-6.29517,1.10011e+17,7,V,111.5784,13.90249963,,,,,0.2565978984478888,0.020783211160952542,R,LLLSYLLVFLLATLLSLLILI,23.990042702697743
LLLLWTLIALLLVLFSLLILI,LLLLWTLIILLLVLFSLLILI,Left,clash,51.9618,-294.623,123437.0,123149.0,-60.4594,-284.838,-384.206,4659.83,-45.1053,-38.9088,3614.7,4647.7,44.7549,18.0376,3614.7,4647.7,44.7549,18.0376,-12.8213,1.1011e+16,8,A,113.292,13.73460362,,,,,0.1471790161871009,0.0011363189182274891,L,LLLLWTLIALLLVLFSLLILI,14.716400330028485
LLLLVALLLILFLLLSTLILI,LLLLVALLLILFILLSTLILI,Left,clash,31.2507,-280.068,128324.0,128026.0,-74.3251,-277.406,-385.212,4559.25,-49.6836,-33.4812,3709.56,4694.3,51.9194,6.60966,3699.28,4750.2,108.343,11.6021,-10.2748,1.10011e+16,12,L,123.21234,5.091325045,,,,,0.5486831950536237,0.034370927769890744,L,LLLLLALLLILFVLLSTLILI,54.86272270296578
LLLLVALLLILFLLLSTLILI,LLLLVALLLILFLLLITLILI,Left,clash,31.2829,-282.097,129086.0,128786.0,-58.9449,-279.37,-380.396,4629.96,-49.6836,-42.0808,3708.81,4760.03,37.8677,8.80586,3699.28,4750.2,38.8056,7.94588,-10.2748,1.10011e+16,15,S,120.91454,6.788338611,,,,,8.78846259271495,0.776915147831421,L,LLLLLALLLILFVLLSTLILI,878.756613208075
LLLLLVLLAILLFLLSTLILI,LLLLLVLLIILLFLLSTLILI,Left,clash,26.9138,-287.22,139655.0,139345.0,-74.0958,-280.992,-392.6,4683.13,-49.6329,-37.5125,3736.93,4674.02,57.8719,32.5319,3736.93,4674.02,57.8719,32.5319,-11.7071,1.10011e+16,8,A,98.7977,24.77118639,,,,,0.5806928614996282,0.039747859108488305,L,LLLLLVLLAILLFLLSTLILI,58.06336283532839
LLLLALLFALLGILLSTLILI,LLLLALLFALLGILLITLILI,GAS,clash,22.8148,-267.296,144317.0,144023.0,-58.8314,-270.992,-361.336,4568.69,-49.5495,-31.5131,3749.2,4656.19,44.0248,9.7104,3745.13,4662.49,55.18,9.67399,-12.638,1.10011e+17,15,S,120.01,7.485638342,,,,,0.1247811127185841,0.0149306094421623,G,LLLVALLFALLGLLLGTLILI,11.317773933099993
LLLLVALLLILTLLLSFLILI,LLLLVALLLILTLLLIFLILI,Left,clash,18.8238,-286.59,150725.0,150407.0,-58.9546,-279.287,-380.679,4631.88,-49.6618,-42.4381,3683.33,4644.17,39.4278,13.9832,3670.63,4639.4,44.5944,15.1505,-26.6839,1.10011e+16,15,S,115.7372,10.77949189,,,,,0.6160515768556236,0.027954653928551166,L,LLLLFALLLILTLLLSVLILI,61.598873696964105
LLLYALLFVLTALLLSLLILI,LLLYALLFVLTILLLSLLILI,Left,clash,30.0951,-284.722,162556.0,162252.0,-74.144,-281.471,-372.41,4737.25,-49.8826,-16.7947,3723.0,4774.55,40.6018,6.94898,3723.0,4774.55,40.6018,6.94898,-14.4827,1.10011e+17,11,A,123.31882,5.334380407,,,,,0.2188186005619073,0.01408485778559179,L,LLLYALLFVLTALLLSLLILI,21.87962801322116
LLLYILLTVLLALLLSFLILI,LLLYILLTVLLALLLIFLILI,Right,clash,21.9605,-282.597,168049.0,167738.0,-58.9404,-283.071,-367.123,4699.65,-49.8503,-25.1117,3978.05,4760.78,43.5405,17.6773,3976.37,4762.93,52.3903,19.5721,-9.91319,1.10011e+17,15,S,112.0431,13.62723211,,,,,0.1196322583450231,0.006561915839326333,R,LLLYALLTVLLALLLSFLILI,11.184748603465763
LLLLWTLIALLLVLFSLLILI,LLLLWTLIALLLVLFILLILI,Left,clash,51.827,-292.595,168164.0,167878.0,-45.1053,-282.866,-369.611,4653.99,-45.1053,-41.6394,3625.26,4651.27,41.3241,9.95081,3614.7,4647.7,45.9665,13.2947,-12.8213,1.1011e+16,15,S,119.76959,7.670967712,,,,,0.1427490473942305,0.00679905090167284,L,LLLLWTLIALLLVLFSLLILI,14.273448638310848
LLLYALLFALLTVLLSLLILI,LLLYALLFALLTILLSLLILI,Right,clash,22.8375,-278.474,169849.0,169544.0,-74.3608,-278.804,-369.81,4692.83,-49.7495,-16.645,3989.4,4846.15,56.6789,21.8106,3969.46,4859.95,79.0768,37.0326,-11.6946,1.10011e+17,12,V,108.0114,16.80038822,,,,,0.3174451758517733,0.017199801938776266,R,LLLTALLFALLAYLLSLLILI,29.678821886361
LLLAVLLISLLTTLLFLLILI,LLLAVLLIILLTTLLFLLILI,Right,clash,24.4269,-277.153,190617.0,190310.0,-72.844,-278.671,-382.31,4610.32,-54.4683,-30.7944,3811.13,4646.43,49.4764,12.2975,3804.6,4645.73,54.7131,10.8739,-8.04904,1.10011e+17,8,S,119.0321,9.363844861,,,,,0.3098790677782502,0.02417005885542829,R,LLLAVLLITLLFTLLSLLILI,28.971445649552464
LLLAYLLGTLLGILLALLILI,LLLAYLLGTLLGILLILLILI,GAS,clash,25.6198,-271.13,200512.0,200206.0,-58.7536,-272.135,-361.627,4551.99,-60.64,-30.7388,3525.21,4584.69,42.0508,0.0,3525.21,4584.69,42.0508,0.0,-26.1659,1.10011e+17,15,A,129.7204,0.0,,,,,0.4424271606958426,0.05991695034575943,G,LLLTYLLGVLLGILLALLILI,40.1285938033881
LLLLALLFALLTVLLSILILI,LLLLALLFALLTVLLIILILI,Right,clash,21.8683,-272.916,205908.0,205607.0,-58.9654,-274.354,-369.233,4595.44,-49.7232,-35.9138,3850.92,4661.22,41.1284,18.8071,3844.69,4658.29,47.5655,23.6001,-10.266,1.10011e+17,15,S,110.9133,14.49818224,,,,,0.540914214767341,0.03313398784795161,R,LLLYALLLALLTVLLSILILI,50.57155646736552
LLLTALLFLLLGVLLGILILI,LLLTALLFLLLGVLLIILILI,GAS,clash,28.5534,-277.559,210195.0,209896.0,-44.96,-274.94,-358.987,4620.27,-49.2357,-39.0865,3587.38,4627.5,43.7111,5.34056,3613.93,4621.39,25.2908,17.9557,-13.4938,1.10011e+17,15,G,124.37984,4.116977746,,,,,0.2573636610898537,0.012609306798236524,G,LLLYALLFLLLGTLLSILILI,23.34314602065665
LLLIALLLLLVSLLFTLLILI,LLLIALLILLVSLLFTLLILI,Left,clash,31.6384,-281.972,225760.0,225460.0,-74.2939,-276.928,-381.247,4629.68,-49.6673,-30.0254,3687.86,4631.07,46.5475,9.66794,3674.38,4685.52,108.157,53.5661,-17.047,1.10011e+17,7,L,119.92746,7.460095034,,,,,0.9144547457804733,0.012178687121409158,L,LLLIALLLLLVSLLFTLLILI,91.4361467499693
LLLYTLLVALLATLLSLLILI,LLLYTLLVALLAILLSLLILI,Right,clash,31.1422,-278.373,225914.0,225622.0,-60.3979,-276.796,-373.814,4658.45,-45.0343,-36.6201,3771.67,4629.9,57.7331,26.3532,3762.76,4663.79,86.6922,42.9624,-7.71988,1.10011e+17,12,T,103.4688,20.29948699,,,,,0.2325858831664432,0.022785994549617543,R,LLLWTLLVFLLAILLSLLILI,21.745093404733424
LLLLALLFALLTVLLSILILI,LLLLALLFALLTILLSILILI,Right,clash,21.8665,-272.326,232500.0,232199.0,-74.3287,-273.968,-380.379,4568.09,-49.7232,-32.0822,3860.15,4647.96,47.8532,17.2366,3844.69,4658.29,70.6733,32.6706,-10.266,1.10011e+17,12,V,112.5854,13.27710249,,,,,0.0792824259014912,0.006780899192194114,R,LLLYALLLALLTVLLSILILI,7.412331879781588
LLLYALLFALLLSLLVTLILI,LLLYALLFALLLILLVTLILI,Right,clash,26.8271,-278.705,235964.0,235663.0,-58.9494,-279.5,-358.16,4735.62,-49.6376,-19.7107,3890.55,4670.15,47.7343,16.9837,3887.2,4673.43,56.0533,16.9948,-9.42866,1.10011e+17,12,S,112.8383,13.0822973,,,,,0.2689209289805139,0.028837087828095943,R,LLLYALLFALLLSLLVTLILI,25.142156693079333
LLLLVALLLLLTALLFILILI,LLLLVALLLLLTILLFILILI,Left,clash,22.7167,-284.332,272026.0,271715.0,-58.9847,-279.156,-379.419,4653.23,-49.6808,-41.2786,3623.66,4754.0,47.3728,14.6423,3623.66,4754.0,47.3728,14.6423,-30.3335,1.10011e+16,12,A,119.1521,8.218868913,,,,,0.5312622635650102,0.0316057048722989,L,LLLLVALLLLLTALLFSLILI,53.12080725502908
LLLLLLLLAVLTALLFILILI,LLLLLILLAVLTALLFILILI,Left,clash,20.2403,-282.716,318327.0,318015.0,-58.9289,-274.372,-369.572,4563.99,-49.6949,-36.2714,3667.99,4587.71,58.3577,39.4181,3655.28,4640.65,114.068,40.9051,-32.3253,1.10011e+16,5,L,90.8767,30.25301086,,,,,0.357224305684097,0.029358171672905536,L,LLLLLALLYVLTALLFSLILI,35.7187867282699
LLLLALLVALLSTLLIFLILI,LLLLALLVILLSTLLIFLILI,Right,clash,24.3975,-272.225,322044.0,321747.0,-74.3185,-277.278,-384.59,4623.27,-49.6293,-32.9943,3871.05,4651.07,50.5684,17.8553,3871.05,4651.07,50.5684,17.8553,-8.50232,1.10011e+17,8,A,106.7246,22.92872659,,,,,0.3029061245223531,0.02729898694753635,R,LLLLALLVALLSTLLIFLILI,28.319526021666537
LLLLLLLLAVLTALLFILILI,LLLLLLLLAVLTALLIILILI,Left,clash,20.1633,-281.727,322412.0,322101.0,-58.9289,-273.507,-387.461,4552.07,-49.6949,-55.0248,3665.13,4555.97,43.395,16.8722,3655.28,4640.65,131.778,20.2316,-32.3253,1.10011e+16,15,F,112.8482,13.00658956,,,,,0.5099151522043885,0.02695525639053448,L,LLLLLLLLAVLTALLFILILI,50.98631386859931
LLLTVLLGALLGILLSLLILI,LLLTVLLGALLGILLILLILI,GAS,clash,26.4818,-268.901,330463.0,330169.0,-44.983,-268.431,-363.519,4532.82,-51.0142,-50.1051,3660.42,4462.98,42.2466,2.64061,3660.03,4470.03,52.9756,2.93248,-19.4822,1.10011e+17,15,S,127.07979,2.035616603,,,,,0.3645698342278389,0.028790002216942202,G,LLLTVLLGALLGILLSLLILI,33.066855044993524
LLLAYLLIALLVSLLTLLILI,LLLAYLLIALLVSLLTILILI,Right,clash,30.4222,-278.787,334193.0,333889.0,-74.2976,-274.999,-377.775,4557.29,-55.1943,-28.4784,3760.08,4693.52,47.4769,20.1202,3744.01,4736.72,101.729,37.5347,-5.58676,1.10011e+17,16,L,109.3426,15.54129835,,,,,0.5636353782445881,0.06409595338820308,R,LLLYALLLALLVSLLTILILI,52.69582048266428
LLLTGLLFGLLAILLSLLILI,LLLTGLLFILLAILLSLLILI,GAS,clash,26.7264,-275.535,367420.0,367126.0,-60.3852,-274.741,-370.689,4587.36,-45.5233,-35.5625,3701.58,4633.38,47.0239,9.21191,3710.97,4629.13,29.7169,1.8264,-14.8615,1.10011e+17,8,G,126.40826,2.962773609,,,,,0.2157408143451281,0.0017765295776768603,G,LLLTGLLFGLLAILLSLLILI,19.567911454738955
LLLFALLTILLSLLYVLLILI,LLLFALLTILLILLYVLLILI,Left,clash,21.608,-285.628,421564.0,421246.0,-58.9913,-281.669,-366.891,4714.46,-54.0334,-26.2309,3724.88,4699.48,52.7159,11.8902,3723.98,4698.86,58.8999,12.6165,-16.7599,1.10011e+17,11,S,118.3776,9.127505032,,,,,0.0307762783747755,0.0012720418729943318,L,LLLFALLLILTALLYVLLILI,3.0773139063236234
LLLFYLLGVLLGLLLGTLILI,LLLFYLLIVLLGLLLGTLILI,GAS,clash,24.2706,-269.609,442869.0,442565.0,-58.7456,-272.446,-344.937,4740.72,-58.4193,-13.7449,3511.47,4667.11,52.5097,0.859069,3512.1,4667.56,39.648,0.859069,-37.9263,1.10011e+17,7,G,128.736331,0.662885411,,,,,0.0988312674217595,0.004424126357239478,G,LLLFYLLGVLLGLLLASLILI,8.964096551405687
LLLLTLLATLLAVLLSFLILI,LLLLTLLAILLAVLLSFLILI,Right,clash,33.3969,-271.779,467876.0,467592.0,-60.3732,-272.579,-367.019,4593.91,-45.0185,-34.0677,3860.24,4616.15,55.8517,22.2358,3851.1,4643.5,81.6924,39.175,-12.5578,1.10011e+17,8,T,109.0938,16.93129348,,,,,0.1485328867902556,0.010516178488745798,R,LLLLVLLTILLAYLLSFLILI,13.886747780893687
LLLLALLIALLFVLLSTLILI,LLLLALLIALLFILLSTLILI,Right,clash,23.9671,-274.982,472202.0,471901.0,-74.2632,-272.826,-375.219,4626.51,-49.607,-28.1304,3740.38,4679.33,53.8963,13.2588,3727.48,4703.47,86.7604,27.5802,-11.7607,1.10011e+17,12,V,116.5632,10.21306096,,,,,0.0769610167894353,0.005727454025075407,R,LLLLALLVALLFALLSTLILI,7.195296962249078
LLLYALLLALLTVLLSILILI,LLLYALLLALLTVLLIILILI,Right,clash,22.1425,-278.595,478797.0,478491.0,-58.9874,-278.65,-373.47,4684.91,-49.7608,-35.8321,3881.08,4623.84,41.5567,17.4126,3875.95,4620.48,48.1161,23.2053,-13.6517,1.10011e+17,15,S,112.3078,13.42317785,,,,,0.3261895886199272,0.027974795513076304,R,LLLYALLLALLTVLLSILILI,30.49636106726209
LLLTYLLLFLLVALLSILILI,LLLTYLLLFLLIALLSILILI,Right,clash,22.6605,-281.148,496550.0,496241.0,-60.5256,-281.718,-370.65,4650.22,-50.2028,-28.4071,3898.08,4736.41,48.3397,0.199098,3898.08,4750.14,71.793,0.199098,-14.1106,1.10011e+17,11,V,130.068702,0.152837463,,,,,0.1783519017402601,0.007752856715605851,R,LLLTVLLLALLFALLSILILI,16.67460943654271
LLLAALLALLLGVLLGTLILI,LLLAALLALLLGVLLITLILI,GAS,clash,30.242,-266.763,508744.0,508454.0,-58.784,-265.63,-366.726,4506.42,-53.9625,-42.3121,3544.14,4493.45,55.582,7.41102,3553.03,4473.52,34.1963,10.6686,-14.9594,1.10011e+17,15,G,122.30938,5.713072115,,,,,0.2295463928732875,0.019798581372423827,G,LLLAALLALLLGVLLGTLILI,20.82009147936937
LLLTALLVALLAYLLSFLILI,LLLTILLVALLAYLLSFLILI,Right,clash,31.2239,-279.808,516847.0,516553.0,-60.2169,-276.392,-357.391,4620.38,-44.951,-20.7823,3873.27,4673.41,57.1458,42.1959,3873.27,4673.41,57.1458,42.1959,-14.3316,1.10011e+17,4,A,127.10154,2.430577625,,,,,0.2737426650160706,0.02952990369533093,R,LLLTILLAVLLAYLLSLLILI,25.5929540460344
LLLYALLLLLTSLLFVLLILI,LLLYALLLLLTSLLIVLLILI,Left,clash,35.6538,-283.555,519727.0,519430.0,-74.2453,-280.739,-390.233,4712.84,-49.6306,-35.2486,3737.5,4687.56,45.1904,11.2,3720.21,4801.81,141.598,52.4992,-12.344,1.10011e+17,14,F,118.6868,8.622893165,,,,,0.2002473435156856,0.009194028539666409,L,LLLYALLFLLTSLLFSLLILI,20.02269174333452
LLLYALLLALLTVLLSILILI,LLLYALLLALLTILLSILILI,Right,clash,22.1402,-278.005,520970.0,520664.0,-74.3539,-278.135,-384.49,4657.48,-49.7608,-32.0005,3891.52,4611.74,48.433,17.6281,3875.95,4620.48,70.2838,33.2999,-13.6517,1.10011e+17,12,V,112.1939,13.57866925,,,,,0.4891157871779458,0.02944991395159779,R,LLLYALLLALLTVLLSILILI,45.72877912071258
LLLTVLLLALLFALLSILILI,LLLTVLLLILLFALLSILILI,Right,clash,24.6427,-279.232,539209.0,538910.0,-60.4169,-277.771,-379.525,4576.43,-45.0579,-41.3368,3781.64,4624.0,52.7547,15.2511,3781.64,4624.0,52.7547,15.2511,-12.0894,1.10011e+17,8,A,122.90597,5.327317404,,,,,0.140875992202294,0.005159110202960742,R,LLLTVLLLALLFALLSILILI,13.170883663352765
LLLALLLVTLLAILLSFLILI,LLLALLLVILLAILLSFLILI,Right,clash,24.308,-271.203,573643.0,573351.0,-60.4642,-273.94,-371.635,4583.82,-45.0788,-37.231,3926.69,4621.08,47.3957,43.819,3904.75,4640.9,74.0801,59.9771,-8.13651,1.10011e+17,8,T,87.5106,33.36566928,,,,,0.0726539887995178,0.004433048725881958,R,LLLAYLLVLLLATLLSFLILI,6.7926210789903605
LLLLVLLGALLGTLLSFLILI,LLLLVLLGALLITLLSFLILI,GAS,clash,26.0886,-266.509,596175.0,595883.0,-74.0199,-271.272,-371.668,4586.64,-51.3354,-26.3761,3762.45,4603.25,60.1897,15.3731,3764.4,4578.16,37.0793,11.7414,-12.0486,1.10011e+17,11,G,114.8947,11.80115117,,,,,0.1585414653681991,0.003920246766052049,G,LLLYLLLGALLGTLLSFLILI,14.379872281684197
LLLTALLFLLVALLLSLLILI,LLLTILLFLLVALLLSLLILI,Left,clash,44.2295,-285.494,602223.0,601936.0,-60.3716,-277.445,-379.507,4627.78,-45.0608,-41.6899,3574.42,4637.73,42.9491,17.1006,3574.42,4637.73,42.9491,17.1006,-9.62636,1.10011e+17,4,A,113.4889,12.88031271,,,,,0.4271894039639206,0.05812226635188686,L,LLLTALLLLLVALLFSLLILI,42.714582882436
LLLTALLFLLVALLLSLLILI,LLLTALLFLLVILLLSLLILI,Left,clash,39.2218,-286.35,603623.0,603331.0,-60.3716,-278.325,-379.986,4652.28,-45.0608,-41.2899,3574.42,4637.73,47.6698,16.7789,3574.42,4637.73,47.6698,16.7789,-9.62636,1.10011e+17,11,A,113.4889,12.88031271,,,,,0.1510969652391046,0.004534739405660173,L,LLLTALLLLLVALLFSLLILI,15.10815527047899
LLLYVLLAILLTLLLSFLILI,LLLYVLLAILLILLLSFLILI,Right,clash,20.8436,-280.59,611329.0,611024.0,-60.4293,-282.429,-370.354,4710.82,-45.1144,-27.4956,4008.31,4750.22,50.5224,2.67368,4003.97,4776.06,80.4909,4.90066,-16.733,1.10011e+17,11,T,127.59412,2.052448878,,,,,0.2424504327381256,0.02671248699479077,R,LLLYVLLTILLALLLAFLILI,22.667357253732163
LLLYVLLTILLAFLLSLLILI,LLLYVLLTILLIFLLSLLILI,Right,clash,20.6906,-283.876,678182.0,677869.0,-74.1037,-285.508,-377.452,4778.74,-49.6378,-17.8409,3904.67,4761.0,50.3778,7.58109,3904.67,4761.0,50.3778,7.58109,-12.8666,1.10011e+17,11,A,122.68671,5.819619277,,,,,0.2127321375936971,0.013917834453468246,R,LLLYVLLTILLALLLSFLILI,19.88891216950244
LLLFYLLVILLALLLSTLILI,LLLFYLLVILLALLLITLILI,Right,clash,21.0971,-276.027,714784.0,714479.0,-58.8584,-275.118,-358.4,4783.37,-49.5769,-24.4236,3803.82,4748.01,55.2789,21.1993,3802.46,4750.88,64.528,20.8979,-11.7054,1.10011e+17,15,S,108.5211,16.34230237,,,,,0.1319073144739487,0.005982573370887817,R,LLLAYLLVFLLALLLSTLILI,12.332377335003256
LLLYALLFVLTALLLSLLILI,LLLYILLFVLTALLLSLLILI,Left,clash,34.5858,-284.083,715735.0,715435.0,-74.144,-280.711,-373.148,4689.92,-49.8826,-18.2933,3723.0,4774.55,47.1275,17.8597,3723.0,4774.55,47.1275,17.8597,-14.4827,1.10011e+17,4,A,123.31882,5.334380407,,,,,0.1237379036271756,0.0017938425133752292,L,LLLYTLLAVLIALLLSLLILI,12.372528183372882
LLLLALLLYVLTSLLFLLILI,LLLLAILLYVLTSLLFLLILI,Left,clash,36.6619,-282.858,841869.0,841566.0,-74.2392,-280.197,-372.847,4642.74,-56.6206,-18.4101,3693.44,4845.13,56.8252,28.3613,3658.79,4896.6,112.854,26.1142,-11.2963,1.10011e+16,5,L,101.9335,21.7670237,,,,,0.9269160803916556,0.03455439840136208,L,LLLLALLLYVLTSLLFLLILI,92.68215310016444
LLLYALLLLLTSLLFVLLILI,LLLYILLLLLTSLLFVLLILI,Left,clash,42.2675,-287.469,878570.0,878275.0,-74.2453,-284.943,-383.112,4758.53,-49.6306,-23.9237,3720.21,4801.81,38.029,15.3355,3720.21,4801.81,38.029,15.3355,-12.344,1.10011e+17,4,A,123.1397,11.0745462,,,,,0.3990889608582283,0.039486600506750624,L,LLLYALLFLLTSLLFSLLILI,39.90482520836072
LLLYALLLTLLVALLSFLILI,LLLYALLLILLVALLSFLILI,Right,clash,24.2023,-276.74,879315.0,879018.0,-60.4551,-278.666,-360.657,4733.66,-45.0834,-21.5357,4073.13,4701.77,49.0962,14.3904,4056.01,4728.75,79.9581,20.0133,-8.47689,1.10011e+17,8,T,116.9392,10.95746884,,,,,0.254783586865111,0.02127135142491462,R,LLLYWLLLALLVALLSTLILI,23.82041772677193
LLLTFLLGVLLGILLALLILI,LLLTFLLIVLLGILLALLILI,GAS,clash,27.2608,-273.16,914842.0,914542.0,-44.9728,-274.953,-358.227,4643.7,-53.8183,-38.3011,3598.8,4647.61,55.1574,0.0,3598.8,4641.86,40.3579,0.0,-30.3332,1.10011e+17,7,G,129.5954,0.0,,,,,0.4541909407750499,0.0016195226705464378,G,LLLTFLLAVLLGILLGLLILI,41.19558063043653
LLLLAILTALLFVLLSLLILI,LLLLAILTALLIVLLSLLILI,Left,clash,21.1796,-281.371,955424.0,955114.0,-74.2512,-272.319,-392.098,4536.65,-49.6966,-45.5286,3654.43,4479.09,52.5129,31.7225,3622.33,4620.44,155.467,45.87,-26.1884,1.1011e+16,11,F,98.5453,24.35175845,,,,,0.4405890914081543,0.023070306412978386,L,LLLLYILTFLLAVLLSLLILI,44.05441494433751
LLLTALLVGLLGGLLFLLILI,LLLTALLVILLGGLLFLLILI,GAS,clash,24.0682,-270.904,975991.0,975692.0,-44.9383,-269.807,-344.657,4607.31,-51.7833,-29.9113,3761.09,4541.67,65.3364,27.548,3779.3,4529.24,46.7498,14.5648,-20.3721,1.10011e+17,8,G,103.7816,20.9762308,,,,,0.3480339739089478,0.03158240616802895,G,LLLTALLVGLLGGLLFLLILI,31.56703568290304
LLLLVLLIALLFTLLSYLILI,LLLLVLLIILLFTLLSYLILI,Right,clash,20.5375,-278.436,1004290.0,1003990.0,-74.1091,-282.854,-378.193,4658.17,-49.6009,-21.23,3867.56,4807.19,48.2194,6.96885,3867.56,4807.19,48.2194,6.96885,-14.0793,1.10011e+17,8,A,124.36075,5.306381806,,,,,0.0542995047952219,0.0033419563463185343,R,LLLLVLLIALLFALLSTLILI,5.076609928032064
LLLFALLLVLISLLLTLLILI,LLLFALLIVLISLLLTLLILI,Left,clash,41.6214,-281.492,1062790.0,1062500.0,-74.3825,-276.832,-383.762,4686.71,-49.7116,-32.5474,3725.04,4629.8,42.5616,13.2662,3670.46,4626.49,80.958,22.6781,-7.23199,1.10011e+17,7,L,116.3292,10.23662877,,,,,0.742344290249172,0.030123410757130348,L,LLLFALLLVLITLLLSLLILI,74.22685679682598
LLLVTLLLGLLFGLLFALILI,LLLVTLLLGLLFGLLFILILI,GAS,clash,32.0843,-274.703,1083520.0,1083230.0,-44.9466,-273.682,-340.36,4656.23,-44.9466,-21.7317,3644.34,4713.22,43.7521,5.42895,3644.34,4713.22,43.7521,5.42895,-19.0276,1.10011e+17,16,A,124.03385,4.193443985,,,,,0.3138758195691132,0.018754604339192536,G,LLLATLLVGLLFGLLFLLILI,28.46885631611006
LLLYVLLFTLLAALLSLLILI,LLLYVLLFILLAALLSLLILI,Right,clash,26.0343,-276.164,1122290.0,1122000.0,-60.3624,-277.93,-362.052,4690.66,-45.0059,-23.7592,3991.59,4807.0,53.3967,11.9664,3982.59,4831.34,78.9653,25.5106,-6.70548,1.10011e+17,8,T,119.3632,9.111731095,,,,,0.2379438523729826,0.018184464907823376,R,LLLYVLLTILLALLLSFLILI,22.246024670508085
LLLYTLLVALLFLLLSLLILI,LLLYTLLVALLFILLSLLILI,Right,clash,35.4845,-284.176,1130550.0,1130250.0,-60.416,-281.712,-363.165,4729.17,-45.0474,-21.0377,3847.74,4759.02,47.7056,10.8506,3845.04,4804.89,101.666,18.209,-14.9005,1.10011e+17,12,L,118.9714,8.358059497,,,,,0.0018042618839575,9.840260444552614e-05,R,LLLTALLVALLFALLSLLILI,0.1686854019647455
LLLLAILLALLFVLTSLLILI,LLLLAILLALLFVLTILLILI,Left,clash,24.1986,-284.146,1151150.0,1150840.0,-58.8416,-275.267,-370.478,4577.51,-49.8804,-36.3696,3640.12,4639.88,35.2219,4.16123,3639.74,4628.62,36.3564,4.40225,-19.5332,1.1011e+16,15,S,125.55917,3.207845489,,,,,0.6971514250243379,0.028711733107785863,L,LLLLAILLALLFVLTSLLILI,69.70803126082563
LLLYILLTVLLALLLSFLILI,LLLYILLTVLLILLLSFLILI,Right,clash,21.9479,-284.63,1155440.0,1155130.0,-74.2457,-285.219,-381.322,4706.6,-49.8503,-21.857,3976.37,4762.93,47.4801,2.27156,3976.37,4762.93,47.4801,2.27156,-9.91319,1.10011e+17,11,A,127.99624,1.743761697,,,,,0.1502518167859604,0.00441782454310965,R,LLLYALLTVLLALLLSFLILI,14.047455270118428
LLLLAILLAVLFTLLSLLILI,LLLLAILLAVLFTLLILLILI,Left,clash,27.0159,-282.172,1160590.0,1160290.0,-58.8708,-275.27,-370.404,4566.56,-49.6224,-36.2632,3604.59,4648.07,33.2901,5.6971,3603.97,4635.32,34.0143,5.59279,-16.9599,1.10011e+16,15,S,124.0233,4.391830429,,,,,0.3472453590246403,0.013035934439331891,L,LLLLAILLAVLFTLLSLLILI,34.72099385183242
LLLSYLLTILLAVLLSLLILI,LLLSYLLTILLAVLLILLILI,Right,clash,26.1487,-282.626,1259040.0,1258730.0,-58.7795,-279.572,-376.673,4619.87,-49.4244,-38.3216,3785.59,4662.35,43.2084,11.1692,3781.6,4659.26,46.7338,11.3986,-19.7751,1.10011e+17,15,S,118.5512,8.610210884,,,,,0.583190943987332,0.05399627068960852,R,LLLSYLLTILLAVLLSLLILI,54.52412406613697
LLLYILLVFLLATLLSLLILI,LLLYILLVFLLITLLSLLILI,Right,clash,24.3279,-283.103,1281590.0,1281280.0,-74.1188,-285.128,-377.975,4740.93,-49.6019,-18.7283,4050.4,4840.51,50.6383,9.52438,4050.4,4840.51,50.6383,9.52438,-6.29517,1.10011e+17,11,A,120.74342,7.311384701,,,,,0.0668344784525661,0.0037727811521629634,R,LLLSYLLVFLLATLLSLLILI,6.248539063601152
LLLAYLLTLLLAILLSFLILI,LLLAYLLTLLLIILLSFLILI,Right,clash,21.1564,-278.899,1298790.0,1298470.0,-74.2086,-281.666,-373.799,4672.04,-58.5433,-17.9244,3852.46,4700.14,48.7835,19.5133,3852.46,4700.14,48.7835,19.5133,-10.4542,1.10011e+17,11,A,110.7545,14.97937326,,,,,0.1339769670740049,0.010633085381144925,R,LLLAYLLVLLLATLLSFLILI,12.525874844357102
LLLYALLFILLTLLLSVLILI,LLLYALLFILLILLLSVLILI,Right,clash,21.761,-280.768,1329100.0,1328790.0,-60.4678,-282.237,-369.034,4757.69,-45.1663,-26.3289,3853.73,4745.88,41.2037,2.11633,3847.05,4754.05,61.8784,3.77498,-15.5981,1.10011e+17,11,T,128.15147,1.624599479,,,,,0.2336168698428186,0.013447236828478572,R,LLLYVLLFILLALLLSTLILI,21.841483182443085
LLLYSLLTALLVALLFLLILI,LLLYSLLTALLVILLFLLILI,Right,clash,25.0439,-281.024,1331050.0,1330740.0,-58.852,-281.73,-358.628,4724.17,-52.3436,-18.0455,3893.05,4777.12,44.7616,11.8267,3893.05,4777.12,44.7616,11.8267,-8.82583,1.10011e+17,12,A,117.9953,9.109935142,,,,,0.2317491897791901,0.02628547985837264,R,LLLYILLTALLVALLSLLILI,21.66686864057643
LLLAYLLTLLLAILLSFLILI,LLLAYLLTLLLAILLIFLILI,Right,clash,21.1558,-276.869,1380130.0,1379820.0,-58.8551,-279.553,-359.421,4676.77,-58.5433,-21.0132,3859.26,4696.17,56.2026,6.66988,3852.46,4700.14,66.2408,7.55661,-10.4542,1.10011e+17,15,S,123.05052,5.14173561,,,,,0.166343826453873,0.014545418063835231,R,LLLAYLLVLLLATLLSFLILI,15.55194147768513
LLLLLFLLAVLTYLLSLLILI,LLLLLFLLAVLTILLSLLILI,Left,clash,18.3542,-281.941,1583340.0,1583020.0,-74.3219,-275.572,-385.874,4564.04,-49.723,-35.9809,3657.99,4634.18,50.9181,15.6869,3650.68,4804.17,165.094,16.425,-30.8381,1.10011e+16,12,Y,114.1351,12.0833911,,,,,0.616786378418229,0.037957481749098985,L,LLLLLALLFVLTWLLSLLILI,61.6723463579356
LLLLLALLLLLTVLFSLLILI,LLLLLALLLLLTVLFILLILI,Left,clash,26.0778,-286.624,1745950.0,1745640.0,-58.9457,-278.82,-382.47,4653.57,-49.6409,-44.7042,3719.32,4702.0,38.3891,9.81082,3718.54,4698.57,44.4715,9.8445,-16.6473,1.1011e+16,15,S,119.90958,7.563050993,,,,,0.0681885620748126,0.005260022734819271,L,LLLLAILLLLLTVLFSLLILI,6.818160655091318
LLLFALLLVLISLLLTLLILI,LLLFILLLVLISLLLTLLILI,Left,clash,46.9146,-284.457,1768940.0,1768650.0,-74.3825,-280.264,-394.228,4714.77,-49.7116,-39.5815,3670.46,4626.49,51.5513,12.7825,3670.46,4626.49,51.5513,12.7825,-7.23199,1.10011e+17,4,A,125.6927,9.230894774,,,,,0.3697159098193256,0.029753746689275357,L,LLLFALLLVLITLLLSLLILI,36.967819722107606
LLLLTLLLALIVLLFSLLILI,LLLLTLLLALIILLFSLLILI,Left,clash,37.4002,-284.373,1936760.0,1936470.0,-60.3909,-278.755,-380.495,4685.43,-45.0801,-41.3495,3755.88,4686.7,54.2911,25.9705,3724.49,4701.8,81.3457,40.491,-9.97523,1.10011e+17,11,V,104.2973,19.93623904,,,,,0.1913066231586508,0.011994267302393793,L,LLLVTLLLALLLLLFSLLILI,19.128710906788537
LLLLVALLLLLTSLLFLLILI,LLLLVALLLLLTILLFLLILI,Left,clash,24.8749,-285.81,1940940.0,1940630.0,-58.9959,-279.25,-381.978,4686.17,-49.6989,-43.7326,3541.59,4633.38,55.8289,10.5814,3536.64,4657.33,69.185,12.0312,-31.8215,1.10011e+16,12,S,119.2406,8.150698649,,,,,0.1670876142130798,0.007753908436365685,L,LLLLVALLLLLTALLFSLILI,16.70705705644298
LLLTYLLLVLLAILLSFLILI,LLLTYLLLVLLAILLIFLILI,Right,clash,24.0311,-282.799,2028340.0,2028040.0,-45.1085,-282.479,-357.269,4689.96,-45.1085,-29.6816,3845.7,4715.98,43.5718,7.01362,3842.81,4711.6,48.4729,6.73019,-7.94812,1.10011e+17,15,S,122.70678,5.406720917,,,,,0.3083863659966552,0.021871091563959943,R,LLLTYLLAVLLAILLFLLILI,28.831888857780346
LLLLTLLVALLLFLISLLILI,LLLLTLLVALLLFLIILLILI,Left,clash,36.5083,-286.087,2081310.0,2081020.0,-45.0899,-279.275,-372.734,4681.08,-45.0899,-48.3687,3602.75,4675.12,38.8622,8.6434,3600.75,4677.03,47.832,8.11702,-10.2022,1.1011e+16,15,S,121.077,6.663100021,,,,,0.818671793233946,0.07175605104223451,L,LLLLYLLVALLLFLTSLLILI,81.85882852224796
LLLYTLLISLLVALLFLLILI,LLLYTLLIILLVALLFLLILI,Right,clash,25.3363,-282.467,2103720.0,2103410.0,-45.0718,-283.805,-355.739,4788.26,-45.0718,-26.8626,3882.31,4815.51,47.5885,7.87611,3882.1,4813.42,52.8158,8.32421,-21.4763,1.10011e+17,8,S,123.45349,5.99720855,,,,,0.3656147660876128,0.016511809958135976,R,LLLYTLLIALLVLLLFSLILI,34.18232925613754
LLLLTLLLALIVLLFSLLILI,LLLLTLLLALIVLLISLLILI,Left,clash,37.4028,-281.963,2295650.0,2295360.0,-60.3909,-276.323,-394.79,4595.92,-45.0801,-58.0758,3735.19,4597.51,44.1538,16.0512,3724.49,4701.8,138.688,16.8974,-9.97523,1.10011e+17,14,F,113.8356,12.35783775,,,,,0.3901201517476441,0.030327696690643904,L,LLLLTVLLALLFLLISLLILI,39.008035782977046
LLLAYLLIALLVSLLTLLILI,LLLAYLLIALLVILLTLLILI,Right,clash,30.4315,-280.814,2299180.0,2298880.0,-58.9669,-277.133,-373.324,4609.0,-49.8801,-37.2238,3744.36,4731.48,42.9279,5.46336,3744.01,4736.72,51.9342,5.53039,-5.58676,1.10011e+17,12,S,124.35864,4.208346813,,,,,0.6050580997254484,0.0567578598517914,R,LLLAYLLIALLVSLLTLLILI,56.56854455093878
LLLLVALLLTLLALLFILILI,LLLLVALLLTLLALLIILILI,Left,clash,30.0019,-277.55,2601690.0,2601390.0,-58.9316,-274.001,-387.086,4570.85,-49.6014,-54.1533,3692.77,4565.12,46.8143,17.7991,3687.23,4653.89,135.013,21.7859,-15.2796,1.10011e+16,15,F,111.9213,13.72112636,,,,,0.6263374765238223,0.03635824257633362,L,LLLLVALLLTLIALLFSLILI,62.62735874322429
LLLTALLIALLLSLLFVLILI,LLLTALLIALLLILLFVLILI,Right,clash,25.6255,-279.322,3289200.0,3288900.0,-45.0736,-276.048,-364.568,4611.44,-45.0736,-43.4461,3691.85,4598.67,57.101,13.4689,3689.39,4603.14,65.8792,13.0958,-7.2068,1.10011e+17,12,S,116.3531,10.37489794,,,,,0.2032462946813327,0.011873802222536043,R,LLLTALLIALLSVLLFLLILI,19.0020546468368
LLLFYLLVILLALLLSTLILI,LLLFYLLVILLILLLSTLILI,Right,clash,21.0928,-278.058,3432030.0,3431720.0,-74.1631,-283.516,-378.771,4789.6,-49.5769,-21.0917,3802.46,4750.88,50.5562,3.22206,3802.46,4750.88,50.5562,3.22206,-11.7054,1.10011e+17,11,A,127.04574,2.473412463,,,,,0.2521163686634149,0.03399200937226628,R,LLLAYLLVFLLALLLSTLILI,23.57105216710389
LLLLALLVALLFALLSTLILI,LLLLALLVALLFILLSTLILI,Right,clash,20.5246,-272.271,3515000.0,3514690.0,-74.2022,-271.394,-371.233,4599.35,-49.5763,-25.6364,3712.65,4641.47,50.5443,8.1184,3712.65,4641.47,50.5443,8.1184,-15.8282,1.10011e+17,12,A,121.7036,6.253485542,,,,,0.318198860287766,0.028509208545997446,R,LLLTALLVALLFALLSLLILI,29.74928591554125
LLLTLLLAVLLAYLLSFLILI,LLLTLLLAVLLIYLLSFLILI,Right,clash,27.0489,-283.253,3723290.0,3722980.0,-60.4163,-280.436,-365.307,4706.22,-45.0423,-24.4547,3770.15,4685.43,51.183,1.14703,3770.15,4685.43,51.183,1.14703,-13.6633,1.10011e+17,11,A,129.12077,0.880516904,,,,,0.3543358983468654,0.024323123397856583,R,LLLTILLAVLLAYLLSLLILI,33.12783691471426
LLLYVLLIALLATLLSLLILI,LLLYVLLIALLAILLSLLILI,Right,clash,21.444,-273.65,3746840.0,3746550.0,-60.4527,-277.274,-376.591,4666.9,-45.0594,-38.8642,3986.0,4692.29,56.2936,32.6659,3977.68,4726.16,86.1534,53.5726,-10.2071,1.10011e+17,12,T,97.1561,25.16206806,,,,,0.1670874338199938,0.02041770161664344,R,LLLTYLLVALLAILLSLLILI,15.621463373909474
LLLLLLLTILVALLFSLLILI,LLLLILLTILVALLFSLLILI,Left,clash,29.7398,-281.918,4016940.0,4016640.0,-74.2156,-276.741,-382.65,4586.26,-49.8557,-31.6932,3663.03,4618.99,46.5638,15.8438,3653.21,4644.1,93.6338,16.7299,-16.2695,1.10011e+17,4,L,122.6314,11.44161554,,,,,0.3167449088519014,0.011575521221164906,L,LLLVALLTILLALLFSLLILI,31.671259952147256
LLLVALLTILLALLFSLLILI,LLLVILLTILLALLFSLLILI,Left,clash,24.3139,-280.099,4039310.0,4039000.0,-74.2187,-276.701,-387.062,4564.22,-49.8579,-36.1425,3715.19,4643.39,47.3712,14.419,3715.19,4643.39,47.3712,14.419,-15.9385,1.10011e+17,4,A,121.58745,6.663465569,,,,,0.091397551555566,0.00324002075192558,L,LLLVALLTILLALLFSLLILI,9.138822861584051
LLLYALLLTLLFILLSVLILI,LLLYALLLILLFILLSVLILI,Right,clash,24.9476,-280.502,4080980.0,4080680.0,-60.5345,-282.593,-369.859,4714.99,-45.1704,-26.7314,4026.81,4817.54,49.3512,11.1235,4016.46,4832.73,74.7645,13.5762,-7.79681,1.10011e+17,8,T,120.2061,8.46991082,,,,,0.0204198334992337,0.0012185228337121478,R,LLLYALLFILLTLLLSVLILI,1.9091063511889248
LLLLFALLALLYVLTSLLILI,LLLLFALLALLYILTSLLILI,Left,clash,34.2424,-281.155,4178350.0,4178050.0,-74.1724,-276.942,-367.637,4574.53,-52.3918,-16.523,3685.55,4758.86,47.2381,40.5991,3657.88,4758.01,65.5247,65.5361,-9.24259,1.1011e+16,12,V,89.2229,31.27289674,,,,,0.2899069029579109,0.02137657092601859,L,LLLLFVLLALLTILYSLLILI,28.98773312184465
LLLTALLLALLFGLLFSLILI,LLLTALLLALLFILLFSLILI,GAS,clash,31.7849,-283.359,4324350.0,4324050.0,-60.3539,-271.764,-355.325,4629.94,-45.0173,-23.207,3636.28,4696.76,50.8992,0.508435,3638.03,4684.01,31.8159,0.0,-11.773,1.10011e+17,12,G,129.313565,0.391640092,,,,,0.2135985224064988,0.011851317351875435,G,LLLTSLLLALLFGLLFALILI,19.37360339535508
LLLAVLLIGLLFGLLSTLILI,LLLAVLLIGLLFILLSTLILI,GAS,clash,26.0683,-270.539,4973980.0,4973690.0,-74.1992,-269.705,-364.685,4572.89,-49.5688,-20.7804,3734.6,4658.68,47.3146,5.66542,3741.17,4647.47,28.3521,1.12846,-13.9917,1.10011e+17,12,G,124.15658,4.363990695,,,,,0.2637364380760761,0.01162901609663078,G,LLLAVLLIGLLFGLLSTLILI,23.92116337989266
LLLAYLLGVLLGLLLTFLILI,LLLAYLLIVLLGLLLTFLILI,GAS,clash,29.9778,-278.174,4978870.0,4978570.0,-58.8052,-277.007,-354.201,4644.17,-49.5427,-18.3889,3599.01,4771.1,59.7573,0.0,3599.01,4755.84,40.552,0.0,-18.4709,1.10011e+17,7,G,129.5954,0.0,,,,,0.3909317480126807,0.020992197541028247,G,LLLTYLLAVLLGLLLAFLILI,35.45790745797843
LLLTYLLTILLAVLLSLLILI,LLLTYLLTILLAVLLILLILI,Right,clash,26.4165,-282.947,5075050.0,5074740.0,-58.859,-280.652,-378.061,4636.92,-49.5044,-38.55,3737.63,4657.9,52.2207,9.40082,3733.36,4658.28,56.6359,9.4387,-12.0153,1.10011e+17,15,S,120.31958,7.246986596,,,,,0.3961938362775849,0.026878797337741414,R,LLLTYLLTVLLAFLLSLLILI,37.04125056493854
LLLLLALLLVLTFLLSILILI,LLLLLALLLVLTILLSILILI,Left,clash,30.9319,-280.505,5159360.0,5159060.0,-74.3319,-275.762,-401.788,4574.76,-49.6504,-51.6936,3705.0,4554.6,49.0322,20.3749,3688.61,4672.55,145.016,72.9365,-8.97148,1.10011e+16,12,F,109.4471,15.69448938,,,,,0.1612095224642453,0.005700449004770627,L,LLLLLALLFVLTSLLAILILI,16.119307840600168
LLLATLLVSLLFTLLILLILI,LLLATLLVILLFTLLILLILI,Right,clash,34.2488,-280.504,5642020.0,5641730.0,-58.9155,-278.925,-373.263,4612.86,-49.6539,-35.4218,3685.21,4640.43,47.708,9.58036,3682.36,4635.51,48.879,10.5748,-16.7836,1.10011e+17,8,S,121.74924,7.294897723,,,,,0.5854418095088313,0.06485577935256312,R,LLLAILLVTLLFTLLSLLILI,54.734563669521975
LLLLYLLTVLLAILFSLLILI,LLLLYLLTVLLAILISLLILI,Left,clash,17.2916,-276.688,5657940.0,5657630.0,-74.243,-278.725,-388.146,4593.08,-49.5215,-35.1782,3908.44,4600.49,48.3004,32.4886,3886.81,4715.19,145.368,70.8412,-11.8701,1.1011e+16,14,F,97.3982,25.01301133,,,,,0.4708421172702846,0.024826764173151567,L,LLLLALLTVLLALLFSLLILI,47.07940893679521
LLLYALLTTLLSILLVLLILI,LLLYALLTILLSILLVLLILI,Right,clash,29.717,-280.737,5663330.0,5663030.0,-74.3637,-280.759,-388.911,4671.64,-49.7703,-33.7884,3890.35,4654.48,48.5347,17.9543,3887.5,4676.8,75.9603,32.4778,-6.5038,1.10011e+17,8,T,113.3753,13.67117542,,,,,0.4237212566676297,0.03626238211535299,R,LLLYALLTILLTFLLSLLILI,39.61486474746624
LLLLTLLVALLSTLLIFLILI,LLLLTLLVILLSTLLIFLILI,Right,clash,38.1491,-279.315,6074470.0,6074170.0,-74.3082,-280.516,-389.651,4632.65,-49.6266,-34.8267,3788.95,4665.6,48.1353,10.0551,3788.95,4665.6,48.1353,10.0551,-8.48754,1.10011e+17,8,A,121.2745,7.656385156,,,,,1.3500885715559443,0.08404516962938192,R,LLLLALLVALLSTLLIFLILI,126.22349083902952
LLLVTLLLGLLFGLLFALILI,LLLVTLLLGLLFILLFALILI,GAS,clash,32.013,-275.89,6090120.0,6089830.0,-44.9466,-275.123,-344.303,4678.49,-44.9466,-24.2335,3642.96,4726.93,54.4842,0.217901,3644.34,4713.22,35.7877,0.0,-19.0276,1.10011e+17,12,G,129.604099,0.167845974,,,,,0.2520265092498603,0.030096888279003493,G,LLLTVLLLGLLFGLLFALILI,22.859060916303537
LLLAALLYVLLSLLFTLLILI,LLLAALLYVLLSLLITLLILI,Left,clash,27.6797,-280.213,6260560.0,6260260.0,-74.3089,-275.612,-381.906,4584.68,-49.6657,-31.9846,3698.83,4593.81,48.2324,26.2279,3682.84,4707.05,145.155,30.0717,-16.6484,1.10011e+17,14,F,103.6589,20.19289104,,,,,0.6494333543191577,0.014382514206815291,L,LLLAALLYVLLSLLFTLLILI,64.93671093496262
LLLAALLYVLLSLLFTLLILI,LLLAALLYVLLILLFTLLILI,Left,clash,27.6703,-283.213,6262100.0,6261800.0,-58.9398,-278.644,-359.962,4642.77,-49.6657,-22.3778,3688.09,4706.8,53.8319,24.5416,3682.84,4707.05,58.5121,24.9153,-16.6484,1.10011e+17,11,S,105.7262,18.8393448,,,,,0.7993314460959217,0.10430372909322765,L,LLLAALLYVLLSLLFTLLILI,79.92499108822771
LLLFALLTILLSLLYVLLILI,LLLFILLTILLSLLYVLLILI,Left,clash,24.1499,-287.397,6476810.0,6476500.0,-74.3733,-283.076,-381.814,4701.82,-54.1488,-24.3645,3723.98,4698.86,42.0516,8.3687,3723.98,4698.86,42.0516,8.3687,-16.7599,1.10011e+17,4,A,130.1065,6.043464823,,,,,0.4460419759180926,0.036634152216218616,L,LLLFALLTILLSLLYVLLILI,44.59964777358573
LLLLALLWFLTSLLYVLLILI,LLLLALLWFLTILLYVLLILI,Left,clash,32.3712,-288.99,6629140.0,6628830.0,-58.7929,-286.284,-366.469,4693.66,-54.0861,-21.392,3760.61,4721.83,44.0873,10.7052,3758.98,4745.49,58.1143,11.5629,-12.8634,1.10011e+17,11,S,119.5626,8.217840479,,,,,0.5347562379331414,0.010475253648302017,L,LLLLALLWFLTSLLYVLLILI,53.47016905181479
LLLLLLLLAVLFILLSTLILI,LLLLLLLLAVLFILLITLILI,Left,clash,22.4622,-288.286,6697070.0,6696760.0,-58.8706,-278.842,-380.512,4621.78,-49.6034,-42.7992,3640.81,4709.16,34.8121,5.69811,3639.47,4697.41,36.2117,5.9688,-22.091,1.10011e+16,15,S,124.02229,4.392609027,,,,,0.7322516390342441,0.054456814016476764,L,LLLLLLLLAVLFILLSTLILI,73.2176946246763
LLLTVLLALLLAFLLSILILI,LLLTVLLILLLAFLLSILILI,Right,clash,30.8344,-281.446,6823780.0,6823480.0,-60.3188,-277.769,-379.46,4599.44,-45.0588,-41.3724,3727.9,4621.88,51.5221,10.1225,3727.9,4621.88,51.5221,10.1225,-7.1711,1.10011e+17,7,A,120.80602,7.263329848,,,,,0.1540714727539814,0.013562230358360709,R,LLLYTLLVLLLAFLLSILILI,14.404565403664776
LLLTALLIALLSVLLFLLILI,LLLTALLIILLSVLLFLLILI,Right,clash,25.7167,-279.283,6960700.0,6960400.0,-60.5356,-278.202,-378.912,4637.24,-45.1292,-40.1745,3776.83,4599.48,50.0732,17.3522,3776.83,4599.48,50.0732,17.3522,-9.7687,1.10011e+17,8,A,116.8614,15.60842664,,,,,0.2986922548004173,0.02847738410308196,R,LLLTALLIALLSVLLFLLILI,27.925559760896963
LLLLALLLFVLTLLLSILILI,LLLLAILLFVLTLLLSILILI,Left,clash,27.1108,-284.1,7480630.0,7480320.0,-74.2451,-277.227,-383.756,4596.18,-49.9413,-32.2844,3629.96,4713.21,50.1715,31.0988,3593.3,4773.36,108.364,55.3969,-18.878,1.10011e+16,5,L,99.196,23.8680285,,,,,0.0671994627278659,0.0026514592407407946,L,LLLLALLLFVLTWLLSLLILI,6.719260809631472
LLLLALLLFVLTLLLSILILI,LLLLALLLFVLTLLLIILILI,Left,clash,26.7729,-286.12,7480970.0,7480660.0,-58.9351,-279.288,-379.318,4641.9,-49.9413,-41.0947,3600.17,4773.78,41.5892,13.3988,3593.3,4773.36,48.1166,17.2952,-18.878,1.10011e+16,15,S,116.3216,10.32898449,,,,,0.5683425034715139,0.011646240855788328,L,LLLLALLLFVLTWLLSLLILI,56.828453011431634
LLLFALLTILLAYLLSLLILI,LLLFILLTILLAYLLSLLILI,Right,clash,28.0899,-276.912,7583520.0,7583230.0,-74.1559,-280.553,-374.368,4748.76,-49.8273,-19.6597,3734.74,4760.27,41.0397,16.9662,3734.74,4760.27,41.0397,16.9662,-12.8002,1.10011e+17,4,A,126.53829,2.862956156,,,,,0.3437801557211984,0.0306645981532455,R,LLLTILLAVLLAYLLSLLILI,32.14095152757666
LLLLYLLIVLLATLLSFLILI,LLLLYLLIVLLATLLIFLILI,Right,clash,21.7657,-274.425,7621030.0,7620730.0,-58.8959,-281.732,-365.035,4686.86,-49.6435,-24.4064,3961.38,4789.62,43.8963,9.61522,3958.47,4793.59,54.3033,9.96979,-5.99972,1.10011e+17,15,S,120.10518,7.412265149,,,,,0.3134385069187771,0.027197598376711696,R,LLLWYLLLVLLATLLSFLILI,29.30422739677413
LLLAVLLITLLFTLLSLLILI,LLLAVLLIILLFTLLSLLILI,Right,clash,22.6354,-275.532,7865800.0,7865500.0,-74.1907,-277.516,-383.22,4597.09,-49.6619,-31.5136,3803.64,4690.24,49.3456,11.1479,3795.38,4701.23,72.1324,13.0059,-14.879,1.10011e+17,8,T,120.1817,8.488490028,,,,,0.3012508509334441,0.015595727910893663,R,LLLVALLIALLFTLLSLLILI,28.164769944852296
LLLAALLLSLLFTLLVFLILI,LLLAALLLILLFTLLVFLILI,Right,clash,31.3286,-275.961,8306010.0,8305710.0,-58.9178,-276.76,-356.889,4617.96,-49.6417,-21.2113,3783.69,4810.94,52.814,7.94874,3782.59,4815.16,61.4611,8.17716,-9.60666,1.10011e+17,8,S,123.38086,6.052512153,,,,,0.2483914313485706,0.012954703994276638,R,LLLYALLLSLLFTLLVILILI,23.222797540746782
LLLAGLLFLLLGVLLATLILI,LLLAGLLILLLGVLLATLILI,GAS,clash,24.6735,-263.556,8491240.0,8490940.0,-58.8369,-257.934,-354.97,4524.94,-54.4544,-38.1996,3705.13,4512.54,59.995,18.4461,3694.96,4675.0,161.908,46.6004,-15.1565,1.10011e+17,7,F,111.1493,14.23360706,,,,,0.3013597198305867,0.02748655864597289,G,LLLAALLALLLGVLLGTLILI,27.33363333020637
LLLWYLLLVLLATLLSFLILI,LLLWYLLLVLLITLLSFLILI,Right,clash,22.8986,-284.681,8719860.0,8719550.0,-74.0443,-287.645,-376.46,4751.51,-49.5458,-14.7704,3955.68,4850.58,53.5049,2.6516,3955.68,4850.58,53.5049,2.6516,-23.088,1.10011e+17,11,A,127.6162,2.035499179,,,,,0.5624643522791304,0.05842201894435408,R,LLLWYLLLVLLATLLSFLILI,52.586338046965366
LLLYVLLGLLLGTLLAFLILI,LLLYVLLILLLGTLLAFLILI,GAS,clash,25.6349,-276.665,8836200.0,8835890.0,-58.7144,-278.337,-354.008,4707.47,-57.1528,-16.9566,3721.3,4735.96,58.543,1.29229,3721.3,4717.76,38.1026,1.29229,-25.0517,1.10011e+17,7,G,129.502499,0.167977435,,,,,0.1195571469000005,0.015191735397221635,G,LLLYSLLALLLGTLLGFLILI,10.8439549160961
LLLYALLLTLLVALLSILILI,LLLYALLLILLVALLSILILI,Right,clash,23.9327,-276.489,9244910.0,9244610.0,-60.4869,-277.546,-375.716,4705.29,-45.127,-37.6828,3998.24,4715.2,49.2275,13.7218,3984.44,4739.08,78.1453,17.3088,-7.00533,1.10011e+17,8,T,117.6078,10.44836808,,,,,0.3357387280117567,0.01924445008991558,R,LLLYWLLLALLVALLSTLILI,31.38913635174293
LLLYFLLVALLLALLSTLILI,LLLYFLLVILLLALLSTLILI,Right,clash,28.4526,-279.938,9700110.0,9699810.0,-74.18,-277.494,-367.527,4702.95,-49.5406,-15.8527,3839.22,4707.2,51.7324,3.78878,3839.22,4707.2,51.7324,3.78878,-8.30723,1.10011e+17,8,A,113.593,12.50096286,,,,,0.1821522753273292,0.01017227601186015,R,LLLYWLLVALLLALLSTLILI,17.029916807302435
LLLLTLLVALLAGLLFSLILI,LLLLTLLVALLAGLLFILILI,GAS,clash,30.9363,-269.856,10001100.0,10000800.0,-44.995,-269.893,-349.291,4622.35,-44.995,-34.4027,3708.86,4649.69,45.0386,7.86081,3708.25,4653.01,53.8513,8.14079,-15.113,1.10011e+17,16,S,121.60199,6.071867749,,,,,0.2503841639883125,0.020967754534341975,G,LLLLTLLVALLAGLLFSLILI,22.71009852940595
LLLAYLLTVLLAFLLSLLILI,LLLAYLLTVLLAFLLILLILI,Right,clash,22.9822,-275.912,10134200.0,10133900.0,-58.85,-278.039,-355.27,4642.37,-49.5148,-18.3815,3763.48,4742.86,39.8735,8.06656,3761.63,4750.5,51.2094,7.85658,-13.5818,1.10011e+17,15,S,121.65384,6.218420541,,,,,0.5676675505718572,0.05064653704170005,R,LLLAYLLTVLLAFLLSLLILI,53.072799354669606
LLLYALLALLLGTLLSFLILI,LLLYALLALLLGTLLIFLILI,GAS,clash,23.8374,-274.274,10324100.0,10323800.0,-58.8208,-276.02,-350.993,4693.96,-56.5922,-16.1524,3852.49,4741.8,44.493,8.01304,3852.73,4750.34,56.2323,8.06984,-18.5403,1.10011e+17,15,S,121.70736,6.177162574,,,,,0.1653998631797715,0.022218435622928166,G,LLLYSLLALLLGTLLGFLILI,15.001935944072766
LLLYVLLATLLGLLLGFLILI,LLLYVLLITLLGLLLGFLILI,GAS,clash,26.6731,-275.032,11146700.0,11146400.0,-58.7168,-277.093,-349.315,4675.64,-57.6464,-13.5047,3934.62,4765.56,63.9723,7.28156,3934.62,4765.56,63.9723,7.28156,-20.1621,1.10011e+17,7,A,122.31384,5.618687083,,,,,0.1737415818810668,0.017140001227905072,G,LLLYTLLAILLGLLLGFLILI,15.75853832097008
LLLLTLLVGLLFALLYGLILI,LLLLTLLVILLFALLYGLILI,GAS,clash,32.8107,-277.32,11455500.0,11455200.0,-44.9471,-277.105,-344.134,4685.32,-44.9471,-22.0819,3700.35,4676.75,52.8468,8.97089,3716.47,4667.58,36.0449,4.07458,-14.9538,1.10011e+17,8,G,122.35871,6.830821079,,,,,0.2176817556786904,0.024568558493534655,G,LLLLTLLVGLLFALLYGLILI,19.74395680929681
LLLLLALLLVLTFLLSILILI,LLLLLALLLVLTFLLIILILI,Left,clash,30.9747,-283.502,11503000.0,11502700.0,-58.9575,-278.694,-380.156,4634.51,-49.6504,-42.5048,3701.15,4674.68,36.5753,10.6543,3688.61,4672.55,42.9692,12.4948,-8.97148,1.10011e+16,15,S,119.0661,8.213280255,,,,,0.3827629113329706,0.04306792553219099,L,LLLLLALLFVLTSLLAILILI,38.27238678849702
LLLLYLLVILLAFLLSTLILI,LLLLYLLVILLAFLLITLILI,Right,clash,19.8422,-275.46,11733500.0,11733200.0,-58.8821,-281.839,-362.292,4748.67,-49.6187,-21.5711,3866.27,4749.52,43.2067,8.49142,3864.24,4744.86,47.134,7.96133,-14.7859,1.10011e+17,15,S,121.22898,6.545940346,,,,,0.2037288244147076,0.014587230127743912,R,LLLTYLLVILLAFLLSLLILI,19.047167677687817
LLLLILLLVLTALLFSLLILI,LLLLILLLVLTALLISLLILI,Left,clash,38.3417,-282.815,11818600.0,11818300.0,-74.2102,-275.726,-402.141,4560.62,-49.6248,-52.2045,3692.21,4621.83,46.8421,24.4202,3682.05,4714.71,136.936,29.3656,-14.7833,1.10011e+17,14,F,105.4666,18.80114069,,,,,0.6336614896895721,0.03526940510959973,L,LLLLILLLVLTALLFSLLILI,63.35968535174404
LLLTYLLVALLATLLSLLILI,LLLTYLLVALLITLLSLLILI,Right,clash,33.6165,-285.964,11899900.0,11899600.0,-74.0585,-278.707,-384.49,4604.05,-54.7468,-31.7243,3724.02,4614.89,51.5875,26.1165,3724.02,4614.89,51.5875,26.1165,-7.2254,1.10011e+17,11,A,104.1513,20.04831585,,,,,0.3513477184935655,0.020587020878346674,R,LLLTALLVALLFALLSLLILI,32.848463768177886
LLLTYLLVALLATLLSLLILI,LLLTYLLVALLATLLILLILI,Right,clash,33.6078,-283.934,11900500.0,11900200.0,-58.798,-276.639,-370.093,4608.54,-54.7468,-34.656,3727.15,4610.95,43.8006,5.79026,3724.02,4614.89,53.5783,9.81282,-7.2254,1.10011e+17,15,S,123.93014,4.463646427,,,,,0.1879729344236605,0.011344963653331928,R,LLLSYLLVFLLATLLSLLILI,17.574106222428117
LLLAYLLGVLLGLLLSFLILI,LLLAYLLGVLLILLLSFLILI,GAS,clash,26.6395,-274.221,11984300.0,11984000.0,-60.3304,-275.801,-357.573,4622.67,-51.0102,-21.4421,3683.53,4801.31,49.9673,0.0,3683.53,4783.62,29.6588,0.0,-22.7425,1.10011e+17,11,G,130.2678,0.0,,,,,0.1305971818699731,0.012937748371613617,G,LLLALLLGVLLGTLLSFLILI,11.845297325066776
LLLLYLLVILLAFLLSTLILI,LLLLYLLVILLIFLLSTLILI,Right,clash,19.8385,-277.491,12701400.0,12701100.0,-74.2757,-284.34,-376.908,4742.53,-49.6187,-18.2922,3864.24,4744.86,53.3784,6.07661,3864.24,4744.86,53.3784,6.07661,-14.7859,1.10011e+17,11,A,124.19119,4.66470609,,,,,0.3636821403787544,0.04066577233208085,R,LLLTYLLVILLAFLLSLLILI,34.00164276741613
LLLVALLLLLISLLFTLLILI,LLLVALLILLISLLFTLLILI,Left,clash,38.8344,-281.48,13002600.0,13002300.0,-74.2829,-277.531,-382.49,4652.51,-49.6584,-30.6756,3641.84,4594.41,46.0033,3.04403,3617.38,4633.67,102.684,33.9995,-10.5996,1.10011e+17,7,L,126.55137,2.348871951,,,,,0.4605269345037224,0.011862053458570047,L,LLLIALLLLLVSLLFTLLILI,46.04799587939876
LLLYFLLTILLAVLLSLLILI,LLLYFLLTILLIVLLSLLILI,Right,clash,23.3448,-281.253,14600200.0,14599900.0,-74.1352,-283.052,-376.375,4740.11,-49.8364,-19.1883,3947.89,4762.7,53.5918,3.66839,3947.89,4762.7,53.5918,3.66839,-14.9437,1.10011e+17,11,A,126.59941,2.816037424,,,,,0.1279271068056925,0.008643660215007941,R,LLLYFLLAILLAVLLTLLILI,11.9602567817772
LLLYFLLTILLAVLLSLLILI,LLLYFLLIILLAVLLSLLILI,Right,clash,23.2607,-278.034,15014000.0,15013700.0,-60.4094,-280.833,-366.386,4724.79,-45.0563,-25.1437,3950.02,4753.97,53.4433,0.0,3947.89,4762.7,75.0291,3.46465,-14.9437,1.10011e+17,7,T,118.5943,8.961155404,,,,,0.1732100940580045,0.013981330523648285,R,LLLYFLLAILLAVLLTLLILI,16.19388770572377
LLLASLLLALLFVLLYTLILI,LLLAILLLALLFVLLYTLILI,Right,clash,36.1239,-277.696,15494800.0,15494500.0,-58.8922,-273.614,-355.502,4629.63,-49.5951,-22.9956,3727.76,4752.21,54.2607,10.465,3711.73,4754.71,62.8496,10.9572,-23.1349,1.10011e+17,4,S,128.0102,7.557309901,,,,,0.9534794432273632,0.01200801056482795,R,LLLASLLLALLFVLLYTLILI,89.14341347894667
LLLAFLLVTLLAYLLSLLILI,LLLIFLLVTLLAYLLSLLILI,Right,clash,28.5774,-273.582,15944700.0,15944400.0,-74.0983,-279.841,-371.489,4715.09,-49.5898,-17.5498,3653.34,4675.11,61.1822,82.1596,3653.34,4675.11,61.1822,82.1596,-11.5026,1.10011e+17,3,A,127.46138,2.154346661,,,,,8.129168744003751,0.7428948267341142,R,LLLFTLLVALLAYLLSLLILI,760.0183262829461
LLLTALLVALLFALLSLLILI,LLLTALLVALLFILLSLLILI,Right,clash,28.838,-278.95,16220000.0,16219800.0,-60.4342,-274.19,-368.918,4584.39,-45.0688,-34.2936,3703.2,4715.81,55.2652,5.73284,3703.2,4715.81,55.2652,5.73284,-12.8177,1.10011e+17,12,A,124.08916,4.415923341,,,,,0.3983202351465744,0.03848590409915779,R,LLLTALLVALLFALLSLLILI,37.24005343892383
LLLTYLLAVLLGLLLAFLILI,LLLTYLLAVLLILLLAFLILI,GAS,clash,28.2116,-281.63,16961300.0,16961000.0,-44.9868,-278.406,-350.832,4662.25,-48.1769,-27.4397,3743.51,4697.81,54.6417,0.0,3743.51,4679.26,34.1105,0.0,-17.912,1.10011e+17,11,G,130.2678,0.0,,,,,0.1195516641248262,0.015660974792174848,G,LLLTYLLAVLLGLLLAFLILI,10.843457622807106
LLLALLLGALLGTLLSFLILI,LLLALLLGALLITLLSFLILI,GAS,clash,27.6927,-268.269,17408200.0,17407900.0,-73.9598,-269.199,-369.809,4545.2,-55.3595,-26.6507,3693.61,4570.88,59.6096,10.7725,3694.83,4547.02,37.0063,7.72194,-16.3762,1.10011e+17,11,G,119.4953,8.269503285,,,,,0.2315808117052207,0.027364511809731006,G,LLLALLLGVLLGTLLGFLILI,21.004615338176347
LLLYALLIALLFTLLVLLILI,LLLYALLIALLFILLVLLILI,Right,clash,24.5418,-279.626,17854000.0,17853700.0,-45.0841,-280.551,-352.476,4805.81,-45.0841,-26.8412,3962.47,4711.03,38.4244,4.08332,3956.54,4718.21,62.1735,4.50656,-11.3564,1.10011e+17,12,T,125.73868,3.145322056,,,,,0.228178669322794,0.009238908323883568,R,LLLVALLIALLFTLLSLLILI,21.33305087068073
LLLYALLLALLFSLLVTLILI,LLLYALLLALLFILLVTLILI,Right,clash,24.3007,-278.614,17877400.0,17877100.0,-58.8701,-278.118,-356.761,4713.1,-49.5814,-19.7736,3836.39,4755.72,43.1883,3.99485,3835.53,4757.58,51.4869,4.21275,-12.0058,1.10011e+17,12,S,125.82715,3.077174901,,,,,0.369138091792326,0.04247697573056463,R,LLLVALLLALLFALLSTLILI,34.51173465899882
LLLTALLIALLFVLLSLLILI,LLLTALLIILLFVLLSLLILI,Right,clash,29.5994,-281.121,17891700.0,17891400.0,-60.468,-278.214,-376.775,4638.23,-45.1129,-38.0924,3743.24,4676.29,50.1979,3.24539,3743.24,4676.29,50.1979,3.24539,-13.7653,1.10011e+17,8,A,124.7361,9.921704392,,,,,0.3350813681636046,0.02178200439743764,R,LLLTALLVALLFALLSLLILI,31.32767797299705
LLLTGLLYVLLGLLLAFLILI,LLLTILLYVLLGLLLAFLILI,GAS,clash,28.4351,-279.202,19036400.0,19036100.0,-44.9993,-276.286,-347.856,4585.55,-51.2664,-26.5713,3734.14,4704.62,53.9932,1.00959,3736.14,4688.95,34.2857,0.0,-8.61349,1.10011e+17,4,G,137.46561,0.729076398,,,,,0.3907243708132539,0.02492076834425546,G,LLLTYLLAVLLGLLLAFLILI,35.43909813490976
LLLAYLLGVLLGLLLAFLILI,LLLAYLLGVLLGLLLIFLILI,GAS,clash,26.641,-271.011,19108100.0,19107800.0,-45.02,-272.59,-339.538,4591.16,-51.0102,-21.9282,3626.26,4687.19,45.4954,13.1735,3626.26,4687.19,45.4954,13.1735,-23.2275,1.10011e+17,15,A,128.859678,0.663520927,,,,,0.3207540488366081,0.03366064444474976,G,LLLTYLLAVLLGLLLAFLILI,29.09271871173642
LLLTVLLALLLAFLLSILILI,LLLTVLLALLLIFLLSILILI,Right,clash,30.5529,-281.455,20959500.0,20959200.0,-60.3188,-277.801,-379.353,4608.43,-45.0588,-41.2337,3727.9,4621.88,52.1529,9.46178,3727.9,4621.88,52.1529,9.46178,-7.1711,1.10011e+17,11,A,120.80602,7.263329848,,,,,0.2308003053492791,0.013735582109469242,R,LLLTVLLALLLAFLLSILILI,21.578154827520347
LLLVALLIALLLTLLSLLILI,LLLVALLIALLLILLSLLILI,Right,clash,25.4954,-274.133,21047100.0,21046800.0,-60.5085,-273.336,-392.376,4584.58,-45.1398,-58.5323,3816.12,4549.9,47.5264,18.7038,3804.79,4562.07,70.9862,26.9145,-5.41756,1.10011e+17,12,T,111.1182,14.40726533,,,,,0.4723452919819628,0.044764975515535106,R,LLLVALLIALLFTLLSLLILI,44.1608594365273
LLLYVLLTALLFALLSLLILI,LLLYVLLTILLFALLSLLILI,Right,clash,22.0023,-278.952,21214400.0,21214100.0,-74.216,-281.462,-373.011,4700.54,-49.5782,-17.3339,3892.52,4808.15,51.2987,6.03915,3892.52,4808.15,51.2987,6.03915,-10.0167,1.10011e+17,8,A,126.69875,2.405794087,,,,,0.1352733385829167,0.01178522429494485,R,LLLYVLLTILLALLLSFLILI,12.647076179385458
LLLTALLAGLLFLLLSVLILI,LLLTILLAGLLFLLLSVLILI,GAS,clash,33.3683,-275.28,22738500.0,22738200.0,-60.3184,-272.17,-365.356,4611.12,-45.7558,-32.8679,3667.29,4644.23,65.4692,21.347,3667.29,4644.23,65.4692,21.347,-11.4684,1.10011e+17,4,A,117.1282,15.41575676,,,,,0.2314126844789726,0.016036644044479992,G,LLLTALLAGLLFLLLSVLILI,20.989366027625906
LLLTYLLAILLGLLLGFLILI,LLLTYLLAILLGLLLIFLILI,GAS,clash,22.8602,-278.914,23368800.0,23368500.0,-44.9626,-278.708,-352.196,4650.59,-48.3124,-28.5257,3619.7,4612.42,43.5583,13.6513,3646.38,4606.61,24.8725,21.8815,-17.9908,1.10011e+17,15,G,116.0691,10.52363391,,,,,0.23141340111347,0.014823976693373162,G,LLLTYLLAVLLGLLLAFLILI,20.98943102710425
LLLLTLLVALLAGLLFSLILI,LLLLTLLVALLAILLFSLILI,GAS,clash,30.8581,-273.085,25925500.0,25925200.0,-60.3111,-269.34,-364.637,4628.65,-44.995,-34.9858,3691.68,4666.2,53.0267,21.0849,3708.25,4653.01,33.7076,8.71239,-15.113,1.10011e+17,12,G,108.7371,16.24139206,,,,,0.2399849767851286,0.02062975699260932,G,LLLLTLLVALLAGLLFSLILI,21.766881665175404
LLLYTLLATLLFLLLSVLILI,LLLYTLLAILLFLLLSVLILI,Right,clash,35.3987,-284.082,26612000.0,26611700.0,-60.4203,-281.758,-366.233,4717.2,-45.1207,-24.054,3927.58,4861.9,55.3975,5.1781,3924.09,4889.61,80.8141,5.84366,-12.4425,1.10011e+17,8,T,126.1515,3.942827816,,,,,0.2925724244341927,0.021368580864835788,R,LLLYVLLAILLTLLLSFLILI,27.353400001572936
LLLLWALLFVLATLLSLLILI,LLLLWILLFVLATLLSLLILI,Left,clash,45.6358,-289.38,26787200.0,26786900.0,-74.2018,-280.723,-383.213,4607.8,-49.6843,-28.288,3652.96,4656.6,33.8153,86.031,3652.96,4656.6,33.8153,86.031,-10.1018,1.10011e+16,5,A,115.1401,11.61277,,,,,0.1034411843398456,0.0018501021054730584,L,LLLLWALLFVLATLLSLLILI,10.343063289825537
LLLLWALLFVLATLLSLLILI,LLLLWALLFVLITLLSLLILI,Left,clash,43.8456,-289.601,26787800.0,26787500.0,-74.2018,-281.885,-381.992,4650.39,-49.6843,-25.9055,3652.96,4656.6,48.5061,15.1277,3652.96,4656.6,48.5061,15.1277,-10.1018,1.10011e+16,11,A,115.1401,11.61277,,,,,0.3257179134920588,0.02355380816945471,L,LLLLLALLFVLTWLLSLLILI,32.56846888769206
LLLYVLLGTLLGFLLSLLILI,LLLYVLLITLLGFLLSLLILI,GAS,clash,32.92,-276.381,27493800.0,27493500.0,-74.0677,-280.304,-368.035,4703.73,-51.564,-13.6641,3611.89,4680.26,63.1814,0.464563,3611.89,4657.08,41.075,0.464563,-13.5466,1.10011e+17,7,G,129.130837,0.358471828,,,,,0.3129256215345997,0.013957375598069062,G,LLLYVLLFTLLGALLGLLILI,28.38267238721248
LLLTYLLTILLAVLLSLLILI,LLLTYLLTILLIVLLSLLILI,Right,clash,26.4149,-284.977,31191700.0,31191400.0,-74.2037,-282.7,-392.337,4643.93,-49.5044,-35.4333,3733.36,4658.28,55.8539,4.00121,3733.36,4658.28,55.8539,4.00121,-12.0153,1.10011e+17,11,A,126.26659,3.071526502,,,,,0.3223448655392192,0.021526080509113987,R,LLLTYLLTVLLAFLLSLLILI,30.13690734046173
LLLTFLLAILLGLLLGVLILI,LLLTFLLAILLILLLGVLILI,GAS,clash,38.0517,-279.737,32050200.0,32049900.0,-44.9832,-272.297,-355.043,4636.58,-44.9832,-37.7634,3448.38,4626.58,58.5308,0.0,3448.38,4608.95,38.2188,0.0,-16.1931,1.10011e+17,11,G,130.2678,0.0,,,,,0.3306795587275419,0.023499237003610705,G,LLLTVLLAILLGLLLGFLILI,29.99297256160937
LLLVYLLTILLALLLSFLILI,LLLVYLLTILLALLLIFLILI,Right,clash,21.945,-278.232,32527300.0,32527000.0,-58.8477,-281.704,-366.591,4668.64,-49.5123,-26.04,3795.02,4800.16,46.7611,20.4056,3792.48,4804.11,55.2744,20.9379,-15.495,1.10011e+17,15,S,109.3148,15.73044795,,,,,0.3566458854481278,0.03115093686255605,R,LLLYVLLTILLALLLAFLILI,33.343803957067955
LLLVYLLIALLLTLLSLLILI,LLLVYLLIALLLTLLILLILI,Right,clash,23.7068,-280.075,33509400.0,33509100.0,-58.8656,-280.69,-383.666,4673.08,-49.5839,-44.1096,3806.34,4738.68,54.4478,15.4968,3804.43,4741.87,63.8603,27.9998,-14.0884,1.10011e+17,15,S,114.2236,11.94630914,,,,,1.4636988799802897,0.07961607755553679,R,LLLVALLIALLFTLLSLLILI,136.84523079501832
LLLYFLLVLLLATLLSILILI,LLLYFLLILLLATLLSILILI,Right,clash,30.3522,-280.328,35363000.0,35362700.0,-74.0893,-283.097,-374.115,4733.9,-49.5758,-16.9293,3900.74,4734.02,51.0823,0.0,3899.02,4755.09,73.7271,3.41378,-11.9856,1.10011e+17,7,V,129.5954,0.0,,,,,0.1796135703248821,0.00820781929033169,R,LLLYTLLVLLLAFLLSILILI,16.79256629980938
LLLYALLLALLVSLLTILILI,LLLYALLLALLVILLTILILI,Right,clash,25.1969,-277.588,35667400.0,35667100.0,-58.9303,-278.695,-373.403,4682.43,-49.8716,-35.7772,3903.94,4677.09,46.2966,10.3793,3903.82,4681.74,54.896,10.6864,-9.70532,1.10011e+17,12,S,119.4427,7.995023956,,,,,0.3272081642814183,0.0242111651981243,R,LLLYALLLALLTVLLSILILI,30.59159050508253
LLLVTLLLSLLAGLLFALILI,LLLVTLLLILLAGLLFALILI,GAS,clash,31.4146,-270.63,37342700.0,37342400.0,-44.9492,-270.023,-351.304,4603.9,-44.9492,-36.3321,3701.38,4536.29,58.1138,15.7331,3696.18,4534.81,63.9801,16.1651,-14.6316,1.10011e+17,8,S,115.5965,11.97985831,,,,,0.3784280443263501,0.011448549903253797,G,LLLVALLLTLLGGLLFALILI,34.323808806626346
LLLTVLLAILLGLLLGFLILI,LLLTVLLAILLILLLGFLILI,GAS,clash,29.0076,-276.995,39174600.0,39174400.0,-44.964,-274.754,-359.778,4615.89,-47.2751,-40.0597,3608.81,4582.04,59.036,0.0,3608.81,4563.2,38.3542,0.0,-17.5194,1.10011e+17,11,G,130.2678,0.0,,,,,0.2676167011091127,0.018753658497648054,G,LLLYTLLAILLGLLLGFLILI,24.27310718654805
LLLAALLFSLLTTLLVLLILI,LLLAALLFILLTTLLVLLILI,Right,clash,26.3449,-274.617,39821000.0,39820700.0,-72.7651,-274.846,-374.187,4587.45,-54.4034,-26.5764,3764.57,4671.1,49.6291,3.12652,3764.23,4673.93,58.4341,3.2889,-9.57001,1.10011e+17,8,S,128.20308,2.380666659,,,,,0.3449340267470765,0.027921320329539184,R,LLLAALLFSLLTTLLVLLILI,32.24883010082945
LLLTALLIGLLFGLLVLLILI,LLLTALLIILLFGLLVLLILI,GAS,clash,33.4886,-282.243,40472100.0,40471800.0,-44.9826,-274.906,-357.031,4652.83,-44.9826,-37.1424,3677.31,4651.53,60.7861,10.413,3693.01,4636.71,41.6406,3.42816,-12.4399,1.10011e+17,8,G,120.9166,7.928905593,,,,,0.2357379223255286,0.02047334788073051,G,LLLTALLIGLLFGLLVLLILI,21.381669502788927
LLLTALLVGLLGLLLGFLILI,LLLTALLVGLLILLLGFLILI,GAS,clash,28.317,-273.436,40868000.0,40867700.0,-44.921,-269.854,-347.769,4580.24,-44.921,-32.9941,3823.66,4606.65,56.0277,19.9025,3829.34,4594.78,38.3549,14.4677,-6.9713,1.10011e+17,11,G,110.3653,15.27814241,,,,,0.4286233181590551,0.04250046128095393,G,LLLYALLVGLLFLLLGTLILI,38.87657123494211
LLLYVLLFLLLGALLGTLILI,LLLYVLLFLLLGALLITLILI,GAS,clash,30.3329,-277.418,45090400.0,45090100.0,-58.7437,-277.963,-354.553,4709.15,-58.3442,-17.8462,3866.61,4801.34,49.4017,6.29764,3868.07,4783.97,27.3297,3.75547,-10.102,1.10011e+17,15,G,123.42276,4.854779973,,,,,0.1393926092807867,0.018092987519531544,G,LLLYVLLTLLLGALLAFLILI,12.643051543728692
LLLVALLALLLGTLLSFLILI,LLLVALLALLLGTLLIFLILI,GAS,clash,19.4548,-267.332,46238900.0,46238600.0,-58.8078,-270.097,-359.507,4590.63,-56.3051,-30.6022,3674.89,4597.5,46.5684,10.1278,3674.32,4592.21,48.5573,9.97378,-22.2201,1.10011e+17,15,S,119.5926,7.807407316,,,,,0.1367754563190017,0.006714973501529074,G,LLLYSLLALLLGTLLGFLILI,12.405673106203237
LLLVALLLTLLGGLLFALILI,LLLVALLLTLLGGLLFILILI,GAS,clash,20.2149,-264.964,46625300.0,46625000.0,-58.7189,-268.738,-353.459,4597.77,-52.0964,-26.0021,3719.71,4484.54,43.7542,10.8559,3719.71,4484.54,43.7542,10.8559,-18.617,1.10011e+17,16,A,118.6069,8.385343126,,,,,0.3694577796916896,0.021009715197018518,G,LLLAVLLLTLLGGLLFALILI,33.510196673801936
LLLYALLTILLTFLLSLLILI,LLLYALLTILLIFLLSLLILI,Right,clash,22.7481,-281.921,47403000.0,47402700.0,-74.1371,-283.252,-373.344,4772.74,-49.7636,-15.9554,3894.26,4729.69,51.7446,18.8991,3875.32,4750.14,78.5746,26.6919,-14.4478,1.10011e+17,11,T,111.3687,14.50788299,,,,,0.0823949691481531,0.007965459944692051,R,LLLFALLTILLAYLLSLLILI,7.70333210173616
LLLLLALLLILVTLLSFLILI,LLLLLALLLILVTLLIFLILI,Left,clash,29.8465,-284.898,47410900.0,47410600.0,-58.9301,-278.892,-380.493,4645.4,-49.8571,-42.6708,3712.96,4736.6,43.4053,9.14682,3708.19,4733.39,49.5745,12.4666,-10.8378,1.10011e+16,15,S,120.57358,7.051180847,,,,,0.5150711011042913,0.03586579464052979,L,LLLLLALLLILVTLLSFLILI,51.50185616571375
LLLLLALLLILVTLLSFLILI,LLLLLALLLILVILLSFLILI,Left,clash,29.7868,-283.722,47411100.0,47410800.0,-60.4735,-277.766,-380.137,4658.04,-45.0994,-41.897,3717.35,4697.19,57.4934,19.6339,3708.19,4733.39,88.3249,28.8517,-10.8378,1.10011e+16,12,T,110.1881,15.12370785,,,,,0.1270009172983192,0.004075606083267688,L,LLLLLALLLILFVLLSTLILI,12.698796266357352
LLLLLLLLAVLYTLLSFLILI,LLLLLLLLIVLYTLLSFLILI,Left,clash,27.4896,-290.628,47705100.0,47704800.0,-74.1585,-283.724,-385.667,4631.88,-56.9365,-27.785,3725.71,4750.56,49.7507,16.6859,3725.71,4750.56,49.7507,16.6859,-14.8098,1.10011e+16,8,A,114.6437,12.70536117,,,,,0.2889185831279064,0.013520218059334952,L,LLLLLLLLFVLATLLSILILI,28.88891122012761
LLLTALLVGLLGLLLGFLILI,LLLTALLVGLLGLLLIFLILI,GAS,clash,28.3117,-273.436,49166500.0,49166300.0,-44.921,-269.808,-348.992,4559.9,-47.009,-34.2633,3799.53,4600.4,43.5259,19.0467,3829.34,4594.78,24.578,21.9482,-6.9713,1.10011e+17,15,G,110.6737,14.68288719,,,,,0.2529653640905966,0.032492085297119645,G,LLLTALLVGLLGGLLFLLILI,22.94421600597976
LLLTYLLFTLLALLLSVLILI,LLLTYLLFILLALLLSVLILI,Right,clash,27.1488,-282.178,49226500.0,49226200.0,-60.377,-275.291,-360.681,4643.58,-45.0707,-25.0137,3691.81,4723.2,46.0851,18.8918,3675.87,4733.14,68.9989,30.6614,-17.4432,1.10011e+17,8,T,112.4378,14.3850282,,,,,0.4684486315163963,0.0317766580008026,R,LLLTYLLFVLLAILLSLLILI,43.79654994088333
LLLTYLLTVLLAFLLSLLILI,LLLTYLLTVLLAFLLILLILI,Right,clash,23.8242,-283.609,58587200.0,58586900.0,-58.8354,-281.65,-359.853,4675.64,-49.5179,-19.3673,3771.38,4716.68,41.0924,6.69634,3769.12,4722.16,50.9528,6.496,-16.736,1.10011e+17,15,S,123.02406,5.162133327,,,,,0.4053815037131836,0.03210221707794087,R,LLLAYLLTVLLAFLLSLLILI,37.90023084284195
LLLTYLLTVLLAFLLSLLILI,LLLTYLLTVLLIFLLSLLILI,Right,clash,23.8176,-285.64,59256000.0,59255700.0,-74.0415,-283.7,-373.846,4719.72,-49.5179,-16.1048,3769.12,4722.16,50.8212,9.03916,3769.12,4722.16,50.8212,9.03916,-16.736,1.10011e+17,11,A,121.22864,6.938905854,,,,,0.275324178206845,0.018323323658239774,R,LLLAYLLTVLLAFLLSLLILI,25.74081406052031
LLLALLLGVLLGTLLSFLILI,LLLALLLGVLLITLLSFLILI,GAS,clash,25.0488,-268.72,63279900.0,63279600.0,-74.0352,-268.778,-370.441,4574.72,-55.8189,-27.6279,3700.04,4589.46,52.9163,0.0,3700.04,4569.09,31.5691,0.0,-26.0043,1.10011e+17,11,G,130.2678,0.0,,,,,0.2026829884431835,0.016779355943901963,G,LLLALLLGVLLGTLLGFLILI,18.38355335441264
LLLALLLVTLLFILLSLLILI,LLLALLLVILLFILLSLLILI,Right,clash,25.1337,-276.852,67990800.0,67990500.0,-60.4855,-277.962,-382.272,4625.68,-45.1237,-43.8243,3867.25,4663.83,48.0886,14.3938,3841.79,4684.22,74.4558,14.3393,-7.61051,1.10011e+17,8,T,116.9358,10.96005775,,,,,0.2499013323993653,0.0183518014291513,R,LLLALLLVTLLAILLSFLILI,23.36396233946305
LLLFALLTILLYLLAVLLILI,LLLFALLIILLYLLAVLLILI,Left,clash,25.8819,-281.859,70447800.0,70447500.0,-45.0804,-278.39,-351.276,4789.97,-45.0804,-27.8065,3758.16,4768.91,29.5316,13.362,3743.02,4755.73,42.0856,15.1435,-8.49197,1.10011e+17,7,T,116.2334,10.31055115,,,,,0.4186258540976598,0.002527176209302149,L,LLLFALLTILLSLLYVLLILI,41.85831524766768
LLLFALLTILLYLLAVLLILI,LLLFALLTILLYLLIVLLILI,Left,clash,25.8653,-285.084,70452100.0,70451800.0,-58.9355,-281.677,-366.356,4758.36,-49.7254,-25.7434,3743.02,4755.73,44.708,19.1513,3743.02,4755.73,44.708,19.1513,-8.49197,1.10011e+17,14,A,110.7355,14.74460838,,,,,0.496808953151941,0.026031574509003855,L,LLLFALLTILLSLLYVLLILI,49.675827652169765
LLLYTLLATLLVLLLSFLILI,LLLYTLLAILLVLLLSFLILI,Right,clash,28.6549,-281.82,70852900.0,70852600.0,-60.402,-281.772,-367.366,4700.03,-45.1049,-25.1915,3867.52,4711.26,40.6636,16.81,3859.38,4716.0,61.0676,24.0162,-12.3464,1.10011e+17,8,T,114.5196,12.79985624,,,,,0.2809631126962855,0.028065354071518656,R,LLLYVLLTILLALLLSFLILI,26.26801354273612
LLLLLALLLLLTVLFSLLILI,LLLLLALLILLTVLFSLLILI,Left,clash,26.0529,-284.598,75221800.0,75221500.0,-74.3505,-276.87,-387.335,4579.28,-49.8947,-36.1145,3749.67,4613.93,58.8616,41.1711,3718.54,4698.57,125.892,40.3438,-16.6473,1.1011e+16,8,L,90.1585,31.34944445,,,,,0.0168421701177536,0.0001718119667485873,L,LLLLAILLLLLTVLFSLLILI,1.6840452144633076
LLLLLVLLLALITLLSFLILI,LLLLLVLLIALITLLSFLILI,Left,clash,38.645,-281.024,75313800.0,75313600.0,-74.1949,-276.825,-384.153,4593.13,-49.7455,-33.1333,3725.66,4630.38,50.0406,22.8757,3691.49,4679.23,109.04,57.9483,-5.93778,1.10011e+16,8,L,108.4539,17.41854083,,,,,0.1334970602749888,0.003282564210873598,L,LLLLLVLLLALITLLSFLILI,13.34834430059779
LLLLVLLIALLATLLSFLILI,LLLLVLLIALLAILLSFLILI,Right,clash,21.7509,-269.281,75405400.0,75405100.0,-60.3999,-273.968,-369.86,4597.93,-45.0358,-35.4919,3869.45,4654.16,56.2655,31.3841,3861.29,4690.03,86.7328,56.3944,-5.97089,1.10011e+17,12,T,98.4379,24.17471615,,,,,0.1412148004453243,0.014369589868255539,R,LLLLYLLIVLLATLLSFLILI,13.202559777099165
LLLLVALLLFLLYLLSTLILI,LLLLVALLLFLLILLSTLILI,Left,clash,19.8161,-281.405,75697200.0,75696900.0,-74.2965,-277.434,-386.461,4618.99,-49.664,-34.7305,3732.65,4636.76,50.1511,23.5398,3725.42,4781.57,157.168,24.5048,-25.4376,1.10011e+16,12,Y,106.2822,18.13236585,,,,,0.1022443491065196,0.005422051423507601,L,LLLLVALLLFLLYLLSTLILI,10.223391974722311
LLLAILLGLLLGVLLSTLILI,LLLAILLGLLLIVLLSTLILI,GAS,clash,21.2397,-266.524,77697600.0,77697300.0,-74.1795,-271.029,-388.567,4527.88,-51.4091,-43.3589,3720.33,4539.3,52.5218,2.3572,3720.57,4521.87,31.7117,2.3572,-10.7027,1.10011e+17,11,G,127.9106,1.809503193,,,,,0.0860311741354209,0.008121159883891544,G,LLLALLLGFLLGVLLSTLILI,7.803115061650182
LLLTYLLVALLTFLLSLLILI,LLLTYLLVALLTFLLILLILI,Right,clash,25.4175,-282.847,83185200.0,83184900.0,-58.9752,-281.654,-362.884,4673.46,-49.7285,-22.2555,3734.46,4744.9,36.0197,6.63373,3730.55,4741.45,41.8446,6.82357,-17.0262,1.10011e+17,15,S,123.08667,5.113867981,,,,,0.3430558831419589,0.030257715323230867,R,LLLTYLLVALLAILLSLLILI,32.0732372937133
LLLTYLLVALLAILLSLLILI,LLLTYLLVALLAILLILLILI,Right,clash,20.6213,-275.938,84096900.0,84096600.0,-45.06,-277.496,-366.585,4639.85,-45.06,-44.0293,3700.36,4560.95,42.1287,5.54965,3695.52,4564.75,51.7535,5.29841,-18.5,1.10011e+17,15,S,124.17075,4.27816288,,,,,0.2654325112202572,0.013133280649352166,R,LLLTYLLAVLLAILLFLLILI,24.81601492987856
LLLAYLLGFLLGLLLGTLILI,LLLAYLLGFLLGLLLITLILI,GAS,clash,27.7788,-274.202,84557900.0,84557600.0,-58.7251,-273.247,-345.91,4586.68,-50.5358,-13.9377,3472.47,4672.54,43.3572,1.06639,3478.51,4667.78,25.1578,0.775851,-17.1112,1.10011e+17,15,G,128.65401,0.822068079,,,,,1.6776386982226952,0.24407980501886645,G,LLLAYLLGVLLGLLLTFLILI,152.16353752771744
LLLLYLLVTLLFALLSILILI,LLLLYLLVILLFALLSILILI,Right,clash,22.4331,-277.128,85104100.0,85103800.0,-60.4568,-280.439,-365.103,4680.9,-45.0893,-24.207,3819.79,4721.57,36.5021,13.2563,3809.02,4726.42,53.5014,14.6036,-17.226,1.10011e+17,8,T,118.0733,10.09391638,,,,,0.3662302781656594,0.01744779836599643,R,LLLLALLVALLFALLSTLILI,34.23987517185113
LLLLTLLVGLLFALLSILILI,LLLLTLLVILLFALLSILILI,GAS,clash,30.1246,-275.926,90296400.0,90296100.0,-60.4426,-277.252,-374.525,4616.58,-45.0501,-36.8303,3692.22,4635.56,50.6681,4.65911,3704.1,4627.46,35.0426,1.94782,-24.9465,1.10011e+17,8,G,126.67049,3.547646532,,,,,0.0918742514093268,0.008712758145126464,G,LLLLTLLVGLLFALLYGLILI,8.333088117819702
LLLAYLLVLLLTLLLSFLILI,LLLAYLLVLLLILLLSFLILI,Right,clash,24.2102,-278.693,99887600.0,99887300.0,-60.4605,-281.082,-372.142,4676.04,-45.8548,-30.5995,3926.11,4811.62,46.6716,5.44995,3912.71,4826.01,70.9294,6.89846,-10.2102,1.10011e+17,11,T,124.81785,4.18365091,,,,,0.3935611734617716,0.01761631790211456,R,LLLAYLLVLLLATLLSFLILI,36.795115683261045
LLLYLLLGALLGVLLSTLILI,LLLYLLLGALLGVLLITLILI,GAS,clash,32.3473,-272.268,100850000.0,100850000.0,-58.7653,-271.748,-357.637,4612.45,-50.5557,-27.1242,3787.39,4644.22,46.6209,21.8366,3782.17,4647.75,56.6915,23.6033,-7.71629,1.10011e+17,15,S,107.8838,16.83358978,,,,,0.2242560136439299,0.007446345720732201,G,LLLYLLLGALLAFLLSTLILI,20.340248698408818
LLLYLLLGALLGVLLSTLILI,LLLYLLLGALLIVLLSTLILI,GAS,clash,32.3473,-275.478,100873000.0,100873000.0,-74.1216,-272.689,-372.839,4683.67,-50.5557,-26.0285,3779.49,4668.5,53.6241,20.5805,3782.17,4647.75,31.9874,15.4876,-7.71629,1.10011e+17,11,G,109.6873,15.79860871,,,,,0.0593733138726566,0.006693350076549609,G,LLLYLLLGALLAFLLSTLILI,5.385220001886053
LLLSYLLGVLLGLLLGFLILI,LLLSYLLIVLLGLLLGFLILI,GAS,clash,32.2574,-281.344,101459000.0,101459000.0,-44.9456,-275.097,-341.434,4616.06,-53.7696,-21.3912,3602.99,4674.59,59.959,0.0,3602.99,4658.38,40.6461,0.0,-38.8868,1.10011e+17,7,G,129.5954,0.0,,,,,0.453255804107878,0.04793181163546712,G,LLLTYLLAVLLGLLLAFLILI,41.11076278288717
LLLAALLLLLVTLLFSLLILI,LLLAALLLLLVILLFSLLILI,Left,clash,35.0004,-278.931,104336000.0,104335000.0,-60.4567,-274.554,-373.192,4648.67,-45.1582,-38.1815,3670.78,4661.24,50.8615,20.8587,3645.79,4678.64,76.6454,29.5479,-10.0078,1.10011e+17,11,T,109.4091,16.01216878,,,,,0.2266896722612502,0.004600413421208112,L,LLLTALLLLLVALLFSLLILI,22.666654894870067
LLLAFLLGLLLGTLLSVLILI,LLLAFLLGLLLITLLSVLILI,GAS,clash,38.5923,-271.528,109236000.0,109235000.0,-74.0328,-272.454,-370.708,4581.98,-55.2628,-24.221,3615.16,4593.67,52.7813,2.75682,3616.01,4575.52,31.7533,2.90209,-17.9955,1.10011e+17,11,G,127.51098,2.11627125,,,,,0.2355099495090886,0.031315804548815794,G,LLLAFLLGLLLGTLLTVLILI,21.36099213629373
LLLVALLLILTFLLASLLILI,LLLVILLLILTFLLASLLILI,Left,clash,32.2356,-281.636,110791000.0,110791000.0,-74.1925,-276.671,-387.268,4567.41,-49.6106,-36.4048,3620.44,4610.99,39.3804,15.3883,3620.44,4610.99,39.3804,15.3883,-7.00132,1.10011e+17,4,A,124.04993,4.493813074,,,,,0.1278000793914823,0.0009800884283624627,L,LLLVALLLILTFLLASLLILI,12.778704323879769
LLLVALLLILTFLLASLLILI,LLLVALLLILTFLLISLLILI,Left,clash,28.9681,-282.137,110802000.0,110802000.0,-74.1925,-277.348,-386.852,4599.27,-49.6106,-35.3115,3620.44,4610.99,39.5438,5.83687,3620.44,4610.99,39.5438,5.83687,-7.00132,1.10011e+17,14,A,124.04993,4.493813074,,,,,0.144119609122329,0.009666866221476434,L,LLLVALLLILTFLLASLLILI,14.410490830807037
LLLATLLVGLLFLLLGTLILI,LLLATLLVGLLFILLGTLILI,GAS,clash,32.0268,-271.171,111851000.0,111851000.0,-58.7666,-263.733,-340.499,4548.03,-49.4946,-17.9999,3598.86,4633.54,57.2803,10.8433,3587.73,4695.1,115.269,15.5977,-9.71071,1.10011e+17,12,L,118.9787,8.352436413,,,,,0.2718998591053391,0.0279303273469005,G,LLLASLLVGLLFLLLGLLILI,24.661593976454835
LLLSYLLTILLAVLLSLLILI,LLLSYLLTILLIVLLSLLILI,Right,clash,26.1496,-284.657,112225000.0,112225000.0,-74.127,-281.677,-391.008,4632.88,-49.4244,-35.204,3781.6,4659.26,55.9832,6.91762,3781.6,4659.26,55.9832,6.91762,-19.7751,1.10011e+17,11,A,123.35018,5.310306922,,,,,0.3100641815993641,0.021438158301578927,R,LLLSYLLTILLAVLLSLLILI,28.988752449414207
LLLLTLLLYLLAVLFSLLILI,LLLLILLLYLLAVLFSLLILI,Left,clash,34.3075,-284.794,113444000.0,113443000.0,-60.4566,-280.48,-370.361,4681.0,-45.1177,-29.4245,3707.01,4774.7,37.9599,11.3875,3692.33,4772.2,57.0904,27.6538,-12.7449,1.1011e+16,4,T,127.0877,8.223494171,,,,,0.6316423988586577,0.015003485087545614,L,LLLLILLLYLLAVLTFLLILI,63.15779686423946
LLLLALLFILTYLLAVLLILI,LLLLALLFILTYLLIVLLILI,Left,clash,18.9868,-286.383,114068000.0,114068000.0,-58.8679,-281.537,-366.551,4667.07,-49.8917,-26.146,3790.82,4758.8,42.1322,20.8334,3790.82,4758.8,42.1322,20.8334,-19.7346,1.10011e+17,14,A,109.0534,16.03965915,,,,,0.278413886748602,0.007148731064960637,L,LLLLALLFILTYLLAVLLILI,27.83854873457654
LLLYALLTSLLVALLFLLILI,LLLYALLTILLVALLFLLILI,Right,clash,20.6157,-279.696,128776000.0,128775000.0,-58.9263,-279.78,-354.706,4755.75,-49.7446,-15.9997,3879.56,4717.49,49.9642,6.57398,3872.66,4722.16,58.5826,6.45222,-14.4815,1.10011e+17,8,S,124.75562,5.005710822,,,,,0.2778607774490837,0.025493958556667345,R,LLLYALLTILLTFLLSLLILI,25.977967694704475
LLLTALLVGLLGGLLFLLILI,LLLTALLVGLLGILLFLLILI,GAS,clash,24.0144,-270.904,129975000.0,129974000.0,-44.9383,-269.768,-347.01,4605.44,-51.7851,-32.3036,3762.08,4532.74,48.3798,23.5986,3779.3,4529.24,31.5637,8.77775,-20.3721,1.10011e+17,12,G,106.2234,18.17765864,,,,,0.2021855808631642,0.0200757548600129,G,LLLTALLVGLLGGLLFLLILI,18.33843798061432
LLLTVLLGILLGLLLAFLILI,LLLTVLLIILLGLLLAFLILI,GAS,clash,24.758,-272.783,133274000.0,133274000.0,-44.9298,-274.656,-360.834,4574.6,-50.451,-41.2485,3621.86,4600.64,56.7216,0.0,3621.86,4587.78,38.5179,0.0,-29.0691,1.10011e+17,7,G,119.4887,7.88750266,,,,,0.2887257537289073,0.03462473063816976,G,LLLTYLLAVLLGLLLAFLILI,26.18771974519344
LLLAFLLGILLGVLLGLLILI,LLLAFLLIILLGVLLGLLILI,GAS,clash,24.8192,-267.015,135785000.0,135784000.0,-44.9385,-269.361,-348.291,4562.65,-51.2786,-33.9915,3449.13,4566.04,57.093,0.0,3449.13,4555.8,40.318,0.0,-30.8577,1.10011e+17,7,G,129.5954,0.0,,,,,0.3355784158361788,0.04686205322586198,G,LLLYFLLTILLGVLLALLILI,30.437303887706413
LLLATLLLLLVALLFSLLILI,LLLATLLLLLVILLFSLLILI,Left,clash,37.8151,-285.132,142270000.0,142270000.0,-60.3623,-277.744,-378.186,4650.35,-45.0414,-40.079,3592.76,4665.54,50.6542,19.5113,3592.76,4665.54,50.6542,19.5113,-15.6841,1.10011e+17,11,A,110.7565,14.97783796,,,,,0.1130334282275368,0.002566519517350337,L,LLLTALLLLLVALLFSLLILI,11.302189833619511
LLLATLLLLLVALLFSLLILI,LLLATLLLLLVALLISLLILI,Left,clash,37.8176,-280.102,142291000.0,142291000.0,-60.3623,-272.705,-388.922,4567.26,-45.0414,-55.855,3597.19,4550.72,45.9231,15.5965,3592.76,4665.54,142.56,24.491,-15.6841,1.10011e+17,14,F,114.2903,12.00776368,,,,,0.2040390631887274,0.008696502893682328,L,LLLTALLLLLVALLFSLLILI,20.40182503348229
LLLYALLLALLVSLLFTLILI,LLLYALLLALLVILLFTLILI,Right,clash,19.6836,-277.735,144137000.0,144136000.0,-58.8854,-276.388,-352.058,4753.41,-49.5823,-16.7844,3813.88,4683.39,50.9272,12.5247,3813.17,4685.76,59.0172,12.3563,-20.1656,1.10011e+17,12,S,117.2973,9.647594398,,,,,0.3894483761482662,0.030707913004604293,R,LLLYWLLLALLVALLSTLILI,36.410598959720645
LLLAFLLGTLLGLLLGVLILI,LLLAFLLGTLLGLLLIVLILI,GAS,clash,31.4909,-266.455,148170000.0,148170000.0,-58.78,-269.208,-353.031,4575.31,-61.9532,-25.0434,3373.36,4602.65,43.6986,0.0726336,3373.54,4597.15,24.6718,0.0,-45.8898,1.10011e+17,15,G,129.6477664,0.055992427,,,,,2.432304207602702,0.10688511118016987,G,LLLAFLLGLLLGTLLTVLILI,220.61246737123693
LLLFYLLVALLISLLTLLILI,LLLFYLLVALLIILLTLLILI,Right,clash,22.5578,-280.847,156332000.0,156332000.0,-58.914,-281.239,-363.891,4754.85,-49.8451,-23.7384,3787.1,4746.38,49.2036,5.24546,3786.12,4750.82,57.8421,5.18338,-15.0743,1.10011e+17,12,S,124.57654,4.04050161,,,,,0.1556949139537902,0.0007067179442458319,R,LLLTYLLVALLAILLSLLILI,14.556345382940965
LLLFYLLVALLISLLTLLILI,LLLFYLLVILLISLLTLLILI,Right,clash,22.5888,-282.877,166696000.0,166696000.0,-74.237,-283.261,-377.984,4763.42,-55.0559,-20.486,3786.12,4750.82,45.4693,2.10237,3786.12,4750.82,45.4693,2.10237,-15.0743,1.10011e+17,8,A,129.22723,1.600834846,,,,,0.212574841390364,0.014848701865676743,R,LLLFYLLVALLISLLTLLILI,19.874206115174804
LLLTALLVALLAYLLSFLILI,LLLTALLVALLIYLLSFLILI,Right,clash,28.3505,-280.202,166863000.0,166862000.0,-60.2169,-277.106,-357.847,4618.37,-44.951,-20.5239,3873.27,4673.41,47.5287,3.16626,3873.27,4673.41,47.5287,3.16626,-14.3316,1.10011e+17,11,A,127.10154,2.430577625,,,,,0.2617406074058236,0.00885598842582999,R,LLLTALLVALLFALLSLLILI,24.4708486962568
LLLLALLVSLLIALLFTLILI,LLLLALLVILLIALLFTLILI,Right,clash,26.573,-275.437,177393000.0,177392000.0,-58.9006,-275.401,-365.727,4644.71,-49.6103,-31.4261,3830.8,4642.65,47.2737,7.65293,3825.79,4649.16,57.3429,7.76422,-7.1515,1.10011e+17,8,S,123.67667,5.827269709,,,,,0.4987374781738222,0.036448138525089,R,LLLLALLVALLFALLSTLILI,46.62833745404053
LLLAYLLGVLLGLLLAFLILI,LLLAYLLGVLLILLLAFLILI,GAS,clash,28.4898,-273.24,179832000.0,179832000.0,-44.9245,-273.797,-342.297,4625.64,-52.8491,-23.5752,3626.26,4708.42,58.072,0.0,3626.26,4687.19,36.8425,0.0,-23.2275,1.10011e+17,11,G,130.2678,0.0,,,,,0.2130182878773536,0.01076405719761421,G,LLLTYLLAVLLGLLLAFLILI,19.32097553296492
LLLYALLLALLFSLLVTLILI,LLLYILLLALLFSLLVTLILI,Right,clash,27.6432,-280.238,185167000.0,185166000.0,-74.1677,-281.123,-373.197,4693.1,-49.5814,-17.907,3835.53,4757.58,48.4692,14.6405,3835.53,4757.58,48.4692,14.6405,-12.0058,1.10011e+17,4,A,123.8347,10.57265128,,,,,0.1683309933862986,0.007069162013872908,R,LLLYALLLALLVSLLFTLILI,15.737727175286857
LLLLSLLFALLIALLVTLILI,LLLLSLLFALLIILLVTLILI,Right,clash,25.0012,-276.003,186001000.0,186001000.0,-58.8343,-276.747,-372.38,4610.42,-53.1101,-36.7993,3735.14,4579.2,46.3856,16.05,3735.14,4579.2,46.3856,16.05,-21.0659,1.10011e+17,12,A,113.772,12.36308176,,,,,0.248357507447636,0.017945641237047838,R,LLLLSLLFALLIALLVTLILI,23.21962590201948
LLLLTVLLAILYLLLSFLILI,LLLLTVLLIILYLLLSFLILI,Left,clash,31.073,-291.538,194445000.0,194445000.0,-60.3923,-284.096,-377.362,4620.26,-52.2642,-32.8731,3685.15,4737.51,44.9794,15.2194,3685.15,4737.51,44.9794,15.2194,-19.5299,1.10011e+16,8,A,116.1102,11.58870506,,,,,0.0411502807871723,0.0016559122995518688,L,LLLLTVLLAILFLLLSLLILI,4.114608328318088
LLLTLLLGILLGVLLSALILI,LLLTLLLGILLIVLLSALILI,GAS,clash,30.6171,-272.942,195718000.0,195718000.0,-60.3306,-267.617,-376.844,4583.75,-50.324,-48.8967,3573.61,4534.59,52.9562,2.28103,3573.61,4514.25,31.3905,2.28103,-30.5819,1.10011e+17,11,G,127.98677,1.751031337,,,,,0.4733243875864644,0.02901965185724488,G,LLLTFLLGILLGVLLSLLILI,42.93100373137453
LLLAFLLGVLLGTLLGLLILI,LLLAFLLIVLLGTLLGLLILI,GAS,clash,32.9138,-267.957,197499000.0,197499000.0,-58.7088,-269.297,-352.306,4594.11,-57.6996,-24.3004,3444.45,4574.4,57.1263,0.0,3444.45,4561.96,39.9492,0.0,-35.5018,1.10011e+17,7,G,129.5954,0.0,,,,,0.3558666403429967,0.003394509503728355,G,LLLTFLLAVLLGILLGLLILI,32.27746650101789
LLLAYLLGVLLGLLLSFLILI,LLLAYLLIVLLGLLLSFLILI,GAS,clash,27.4271,-274.185,200889000.0,200889000.0,-60.3304,-275.834,-357.829,4619.26,-48.8627,-21.6653,3683.53,4804.42,63.8568,0.0,3683.53,4783.62,42.5045,0.0,-22.7425,1.10011e+17,7,G,129.5954,0.0,,,,,0.402239997142236,0.027479608778748867,G,LLLTYLLAVLLGLLLAFLILI,36.48357716422733
LLLYFLLTVLLLLLASLLILI,LLLYFLLTVLLLLLISLLILI,Left,clash,39.1207,-286.563,208361000.0,208360000.0,-74.0825,-285.84,-381.013,4808.79,-49.8807,-21.0902,3916.81,4845.74,46.2158,23.2978,3916.81,4845.74,46.2158,23.2978,-6.48805,1.10011e+17,14,A,106.589,17.93700361,,,,,0.3990109257704773,0.04229916360617492,L,LLLYWLLTVLLALLFSLLILI,39.89702249557676
LLLTYLLAILLGLLLGFLILI,LLLTYLLAILLILLLGFLILI,GAS,clash,22.8541,-278.914,213823000.0,213823000.0,-44.9626,-278.764,-350.613,4684.72,-45.8639,-26.886,3646.38,4625.84,59.309,0.0,3646.38,4606.61,38.4711,0.0,-17.9908,1.10011e+17,11,G,130.2678,0.0,,,,,0.1897501918443234,0.018417890500494184,G,LLLTYLLAVLLGLLLAFLILI,17.210535539138228
LLLLTILLFLLALLVSLLILI,LLLLTILLFLLALLVILLILI,Left,clash,28.9962,-286.486,215672000.0,215672000.0,-45.0764,-279.179,-371.186,4669.33,-45.0764,-46.9305,3605.2,4657.57,39.637,15.3586,3604.77,4657.62,47.2781,15.3623,-19.5654,1.1011e+16,15,S,114.3618,11.83977231,,,,,0.2966884809072682,0.012186413285723199,L,LLLLTILLFLLAVLYLLLILI,29.665821741795504
LLLYALLTILLTFLLSLLILI,LLLYALLTILLTFLLILLILI,Right,clash,22.7552,-283.099,218801000.0,218801000.0,-72.7977,-284.347,-370.882,4740.81,-54.5189,-13.7374,3884.33,4753.24,36.1428,9.88739,3875.32,4750.14,42.4492,9.34308,-14.4478,1.10011e+17,15,S,119.83301,7.622077946,,,,,0.3165283842192343,0.017173649721461307,R,LLLYALLTILLTFLLSLLILI,29.593108517127952
LLLVYLLLALLFTLLSILILI,LLLVYLLLALLFILLSILILI,Right,clash,26.2674,-279.046,221089000.0,221089000.0,-60.4315,-280.411,-370.277,4642.06,-45.0727,-29.434,3845.49,4707.31,54.9396,9.57579,3838.53,4733.22,81.868,17.9139,-12.7344,1.10011e+17,12,T,120.24621,7.37609188,,,,,0.3341480148732286,0.026954409815189675,R,LLLVALLLALLFALLSTLILI,31.24041620885844
LLLTFLLGVLLGLLLAILILI,LLLTFLLIVLLGLLLAILILI,GAS,clash,36.0638,-276.316,223616000.0,223616000.0,-44.9375,-274.847,-357.744,4654.05,-51.3682,-37.959,3546.14,4629.21,59.6808,0.0,3546.14,4622.22,44.529,0.0,-25.296,1.10011e+17,7,G,128.737207,0.757932445,,,,,0.4615388917535422,0.02277363097330286,G,LLLTYLLAVLLGLLLAFLILI,41.862047263360616
LLLTGLLYVLLGLLLAFLILI,LLLTGLLYVLLILLLAFLILI,GAS,clash,24.763,-279.726,252045000.0,252045000.0,-44.9993,-278.314,-348.131,4696.66,-49.1484,-24.8176,3736.14,4707.13,54.2637,0.0,3736.14,4688.95,34.0609,0.0,-8.61349,1.10011e+17,11,G,130.2678,0.0,,,,,0.2994239089988789,0.017315238810897946,G,LLLTYLLAVLLGLLLAFLILI,27.15805331738884
LLLAALLALLLGVLLGTLILI,LLLAALLALLLIVLLGTLILI,GAS,clash,30.2269,-266.763,267107000.0,267107000.0,-58.784,-265.7,-366.1,4501.75,-52.0955,-41.6157,3551.8,4491.92,61.6097,3.88957,3553.03,4473.52,41.1206,3.0906,-14.9594,1.10011e+17,11,G,126.37823,2.985826121,,,,,0.2743954337539683,0.020158749793632226,G,LLLAALLALLLGVLLGTLILI,24.887945137227536
LLLTLLLGILLGFLLSVLILI,LLLTLLLIILLGFLLSVLILI,GAS,clash,25.0871,-275.26,286640000.0,286640000.0,-60.2282,-276.173,-371.932,4637.59,-51.8436,-35.5306,3506.5,4620.29,58.7134,0.0,3506.5,4608.7,40.9476,0.0,-46.7576,1.10011e+17,7,G,129.5954,0.0,,,,,0.1913374313390841,0.015243371475711304,G,LLLTLLLGILLGFLLSVLILI,17.354499776898344
LLLLLLLLFVLATLLSILILI,LLLLLLLLFVLATLLIILILI,Left,clash,22.236,-286.943,286810000.0,286809000.0,-58.9034,-278.515,-380.688,4593.69,-49.6295,-43.2697,3682.09,4722.07,47.3663,37.5949,3676.41,4727.97,57.2818,36.8246,-18.6513,1.10011e+16,15,S,92.1255,28.98148634,,,,,0.1182856369690093,0.0008265200994909776,L,LLLLLLLLFVLATLLSILILI,11.827357132999513
LLLLLLLLFVLATLLSILILI,LLLLLLLLFVLITLLSILILI,Left,clash,22.1735,-288.981,286815000.0,286815000.0,-74.1441,-280.633,-395.151,4595.25,-49.6295,-40.3739,3676.41,4727.97,48.5457,19.0605,3676.41,4727.97,48.5457,19.0605,-18.6513,1.10011e+16,11,A,111.2073,14.63178161,,,,,0.18883314280508,0.008943434473829517,L,LLLLLLLLFVLATLLSILILI,18.88138810198507
LLLAILLLTLLTVLLSFLILI,LLLAILLLILLTVLLSFLILI,Right,clash,23.5914,-275.074,286974000.0,286973000.0,-74.3528,-277.179,-383.485,4583.03,-49.9142,-31.9529,3826.35,4680.29,56.5212,17.954,3811.96,4706.24,81.4096,21.1874,-7.82968,1.10011e+17,8,T,113.3756,13.67094699,,,,,0.3506674511781352,0.021006945356368472,R,LLLYILLLALLTVLLSFLILI,32.78486370736236
LLLALLLGVLLGTLLGFLILI,LLLALLLIVLLGTLLGFLILI,GAS,clash,28.6716,-268.852,287957000.0,287957000.0,-58.6964,-268.651,-354.091,4534.47,-57.8397,-26.7433,3565.14,4577.43,61.3592,0.132732,3565.14,4558.7,40.6336,0.132732,-31.9796,1.10011e+17,7,G,129.462668,0.102420302,,,,,0.2658723799234888,0.03546763407765023,G,LLLALLLGFLLGTLLGVLILI,24.114895479539697
LLLAYLLGLLLGFLLSTLILI,LLLAYLLILLLGFLLSTLILI,GAS,clash,23.738,-273.761,311277000.0,311276000.0,-74.1162,-278.44,-366.482,4648.42,-53.2897,-13.925,3627.97,4739.68,55.4376,3.49497,3628.61,4728.63,37.8173,3.1034,-24.7319,1.10011e+17,7,G,126.10043,2.696831832,,,,,0.5907813044637866,0.07033857389199215,G,LLLSYLLALLLGFLLGTLILI,53.58446564667659
LLLTVLLLGLLFGLLFALILI,LLLTVLLLGLLFILLFALILI,GAS,clash,25.3253,-277.065,312698000.0,312698000.0,-44.9318,-275.722,-343.827,4662.69,-44.9318,-23.1736,3714.94,4709.83,55.0386,0.581069,3716.9,4694.99,35.9729,0.0,-18.1386,1.10011e+17,12,G,129.240931,0.447589006,,,,,0.2169310318854644,0.0291656726686776,G,LLLTVLLLGLLFGLLFALILI,19.67586539712057
LLLLVTLLAILLYLLSLLILI,LLLLVTLLIILLYLLSLLILI,Left,clash,39.1611,-288.022,328475000.0,328475000.0,-60.4329,-283.204,-389.498,4681.93,-45.0503,-45.861,3591.52,4725.09,34.5032,10.2059,3591.52,4725.09,34.5032,10.2059,-9.48156,1.10011e+16,8,A,121.1237,7.771210755,,,,,0.9041366893851396,0.10252542259848912,L,LLLLVALLTILFYLLSLLILI,90.40444635900796
LLLTVLLGALLGILLSLLILI,LLLTVLLGALLIILLSLLILI,GAS,clash,26.482,-272.112,331714000.0,331713000.0,-60.3514,-271.681,-381.384,4571.9,-47.4551,-49.3517,3659.82,4493.07,54.3954,2.18897,3660.03,4470.03,31.4519,1.97107,-19.4822,1.10011e+17,11,G,128.07883,1.680361532,,,,,0.2607892208758507,0.01580340934767811,G,LLLTVLLGALLGILLSLLILI,23.653847779981945
LLLLALLTALLYVLFSLLILI,LLLLALLTALLYVLFILLILI,Left,clash,25.8063,-287.512,362233000.0,362233000.0,-58.907,-278.175,-359.425,4641.77,-49.719,-22.3435,3610.56,4661.55,44.5524,9.55323,3609.16,4669.75,55.2084,9.03271,-19.2386,1.1011e+16,15,S,120.16717,7.364477754,,,,,1.2967127078251997,0.09026155555984504,L,LLLLILLTALLYVLLFLLILI,129.65804376033984
LLLLVALLLLLTALLFILILI,LLLLVILLLLLTALLFILILI,Left,clash,20.952,-283.972,388264000.0,388264000.0,-58.8987,-278.881,-379.674,4646.7,-49.5822,-41.894,3623.66,4754.0,42.0108,20.6654,3623.66,4754.0,42.0108,20.6654,-30.3335,1.10011e+16,5,A,119.1521,8.218868913,,,,,0.2457329854693374,0.01216655629187091,L,LLLLVALLLLLTALLFSLILI,24.57079196576925
LLLVGLLLILLGALLATLILI,LLLVGLLLILLGILLATLILI,GAS,clash,20.8636,-264.373,409915000.0,409915000.0,-58.7586,-261.893,-364.014,4520.08,-51.6829,-43.3628,3762.94,4515.44,51.3422,37.4755,3762.94,4515.44,51.3422,37.4755,-5.24635,1.10011e+17,12,A,92.3465,28.86683305,,,,,0.4597223465336294,0.03056362772792286,G,LLLVGLLLALLGLLLGTLILI,41.69728476292841
LLLLIFLLAVLYLLLSTLILI,LLLLIFLLIVLYLLLSTLILI,Left,clash,34.8735,-287.571,460934000.0,460934000.0,-74.2187,-282.746,-381.583,4593.44,-55.5637,-24.6189,3721.36,4830.13,38.8396,5.22962,3721.36,4830.13,38.8396,5.22962,-13.2821,1.10011e+16,8,A,126.09998,3.982057358,,,,,0.2537322006887816,0.0257223744791864,L,LLLLFLLLAVLYLLLSTLILI,25.37063189230977
LLLTILLAVLLALLLFLLILI,LLLTILLIVLLALLLFLLILI,Right,clash,27.1907,-279.605,474465000.0,474465000.0,-45.0539,-279.479,-373.894,4676.07,-45.0539,-49.3612,3855.48,4641.3,55.0657,9.95592,3855.48,4641.3,55.0657,9.95592,-6.74374,1.10011e+17,7,A,128.26797,1.535168322,,,,,0.4081747869769324,0.03748602559453594,R,LLLTYLLAVLLAILLFLLILI,38.16138257161059
LLLLLALLFVLTWLLSLLILI,LLLLLALLFVLTWLLILLILI,Left,clash,23.6612,-289.332,500018000.0,500018000.0,-58.9076,-283.706,-380.215,4667.36,-49.9105,-37.601,3635.21,4707.84,50.2768,7.71627,3629.29,4705.79,56.9511,12.9625,-20.1076,1.10011e+16,15,S,122.00413,5.948385913,,,,,0.6855677792521366,0.022379494708989513,L,LLLLLALLFVLTSLLAILILI,68.54978484172844
LLLLLALLFVLTWLLSLLILI,LLLLLILLFVLTWLLSLLILI,Left,clash,24.9106,-291.279,514726000.0,514726000.0,-74.2877,-285.572,-395.524,4654.33,-49.9105,-35.6652,3629.29,4705.79,52.9908,20.9837,3629.29,4705.79,52.9908,20.9837,-20.1076,1.10011e+16,5,A,109.3111,16.10478699,,,,,0.5412612273040741,0.04056236481215638,L,LLLLALLLFVLTWLLSLLILI,54.12060163524453
LLLYFLLAILVTLLLSLLILI,LLLYFLLAILVILLLSLLILI,Left,clash,47.4544,-286.372,542964000.0,542964000.0,-60.3786,-281.76,-366.926,4726.4,-45.0686,-24.7872,3767.05,4723.96,49.4308,24.8795,3755.49,4747.18,78.4653,38.6303,-11.7583,1.10011e+17,11,T,105.3883,19.09873353,,,,,0.0316875269580367,0.0005894389618406256,L,LLLYWLLTILVALLLSLLILI,3.168429469525885
LLLVGLLLILLGALLATLILI,LLLVGLLLILLIALLATLILI,GAS,clash,20.8648,-265.553,546251000.0,546251000.0,-58.7586,-264.893,-368.414,4585.13,-50.4418,-44.7627,3762.44,4536.38,58.2793,4.26794,3762.94,4515.44,36.7421,3.96653,-5.24635,1.10011e+17,11,G,125.99986,3.276281629,,,,,0.2959692950067322,0.02275669908486601,G,LLLVGLLLILLGALLATLILI,26.844716311992688
LLLFALLTILLAYLLSLLILI,LLLFALLTILLIYLLSLLILI,Right,clash,25.9234,-277.177,548012000.0,548012000.0,-74.2882,-281.15,-373.008,4772.62,-49.7129,-17.57,3734.74,4760.27,50.5565,3.72951,3734.74,4760.27,50.5565,3.72951,-12.8002,1.10011e+17,11,A,126.53829,2.862956156,,,,,0.4037384989920884,0.025460254286480622,R,LLLFALLTILLAYLLSLLILI,37.746621816196665
LLLYFLLAVLLGLLLGTLILI,LLLYFLLIVLLGLLLGTLILI,GAS,clash,31.3896,-277.673,569075000.0,569075000.0,-58.7556,-277.514,-347.224,4761.54,-51.0617,-10.9547,3598.51,4760.54,57.8557,0.0,3598.51,4760.54,57.8557,0.0,-23.8047,1.10011e+17,7,A,129.5954,0.0,,,,,0.0898581254649484,0.012435844057089425,G,LLLYFLLALLLGVLLGTLILI,8.150223442533521
LLLYFLLAILLTVLLSLLILI,LLLYFLLAILLIVLLSLLILI,Right,clash,33.3103,-280.312,588157000.0,588156000.0,-60.4787,-281.768,-366.341,4745.47,-45.1245,-24.0947,3970.59,4679.49,52.9054,11.6735,3950.86,4707.42,83.3698,15.5211,-6.17801,1.10011e+17,11,T,118.5943,8.961155404,,,,,0.2687773370681426,0.018332362545211197,R,LLLYFLLAILLAVLLTLLILI,25.128731890575544
LLLLVLLTGLLFGLLYALILI,LLLLVLLTGLLFILLYALILI,GAS,clash,25.0926,-273.234,603662000.0,603662000.0,-58.7605,-276.887,-353.021,4685.61,-49.4713,-17.3729,3633.52,4633.37,53.2037,0.0,3633.52,4618.05,33.9767,0.0,-12.6715,1.10011e+17,12,G,129.822,0.0,,,,,0.1236654293913982,0.015480259962946137,G,LLLLVLLIGLLFGLLFALILI,11.216580319716398
LLLAVLLGLLLGFLLSTLILI,LLLAVLLGLLLIFLLSTLILI,GAS,clash,24.6949,-268.488,635971000.0,635971000.0,-74.0809,-273.125,-374.831,4539.59,-54.5393,-27.6253,3697.04,4623.53,52.357,2.96356,3697.74,4605.86,31.2238,2.89093,-23.0845,1.10011e+17,11,G,127.30424,2.27497509,,,,,0.3033448806911929,0.0225248298368277,G,LLLTVLLGLLLGFLLSALILI,27.513689440876345
LLLTYLLAVLLAILLFLLILI,LLLTYLLAVLLIILLFLLILI,Right,clash,26.0804,-283.184,664531000.0,664531000.0,-45.0281,-282.498,-355.956,4707.2,-48.6528,-28.4301,3856.46,4815.7,58.6425,21.8984,3856.46,4815.7,58.6425,21.8984,-5.53152,1.10011e+17,11,A,108.3694,16.81029387,,,,,0.2454656008307835,0.014119017481393317,R,LLLTYLLAVLLAILLFLLILI,22.949253604934608
LLLTYLLAVLLAILLFLLILI,LLLTYLLIVLLAILLFLLILI,Right,clash,26.4318,-283.17,665088000.0,665088000.0,-45.0281,-282.494,-358.637,4699.26,-48.7214,-31.1152,3856.46,4815.7,55.6557,6.56534,3856.46,4815.7,55.6557,6.56534,-5.53152,1.10011e+17,7,A,108.3694,16.81029387,,,,,0.4258287970833643,0.019003387802926184,R,LLLTYLLAVLLAILLFLLILI,39.81190449283034
LLLAGLLFLLLGVLLGTLILI,LLLAGLLILLLGVLLGTLILI,GAS,clash,24.0089,-262.217,671163000.0,671162000.0,-58.8129,-259.161,-352.229,4519.95,-56.0724,-34.2544,3665.89,4458.79,59.8385,20.2285,3657.29,4621.52,161.67,51.5894,-18.7394,1.10011e+17,7,F,109.3669,15.60896452,,,,,0.3407494149644747,0.02918513048953538,G,LLLAGLLFLLLGTLLGSLILI,30.9063187719886
LLLLILLSVLLAYLLTFLILI,LLLLILLSVLLIYLLTFLILI,Right,clash,27.963,-279.732,701539000.0,701538000.0,-74.2415,-283.769,-378.836,4710.29,-49.4353,-20.8252,3827.95,4800.79,53.1441,2.27156,3827.95,4800.79,53.1441,2.27156,-8.30423,1.10011e+17,11,A,127.99624,1.743761697,,,,,0.3520617335717327,0.04295744376173876,R,LLLLILLSVLLAYLLTFLILI,32.91521900007656
LLLTALLVALLSLLLFILILI,LLLTALLVALLILLLFILILI,Right,clash,24.6419,-276.08,741196000.0,741195000.0,-45.1257,-276.126,-361.24,4637.72,-45.1257,-39.9882,3775.13,4653.4,53.1304,23.5555,3773.59,4652.08,58.9765,29.6739,-11.1396,1.10011e+17,11,S,106.7123,18.08236571,,,,,0.6229314222842376,0.05516036449411174,R,LLLYALLVALLSLLLFTLILI,58.23957059603914
LLLAYLLFLLLGTLLSVLILI,LLLAYLLFLLLITLLSVLILI,GAS,clash,23.7101,-278.228,776527000.0,776527000.0,-74.0829,-279.098,-370.742,4658.85,-51.379,-17.5609,3634.31,4801.53,43.5392,2.17901,3635.33,4803.99,30.2092,1.67057,-16.3043,1.10011e+17,11,G,128.08879,1.672715744,,,,,0.1189551470792316,0.008248709787512321,G,LLLAGLLFLLLGTLLSYLILI,10.789352919601686
LLLLALLTVLLYILFSLLILI,LLLLALLIVLLYILFSLLILI,Left,clash,16.964,-278.661,819690000.0,819690000.0,-60.5628,-281.155,-368.975,4652.06,-46.0269,-27.2573,4002.06,4615.8,57.14,51.0646,3991.42,4651.28,88.3613,72.8438,-5.81587,1.1011e+16,7,T,78.5308,39.4030961,,,,,0.2468013526341355,0.004493294439761089,L,LLLLALLTVLLALLFSLLILI,24.67761778444872
LLLTYLLVALLIALLSLLILI,LLLTYLLVILLIALLSLLILI,Right,clash,26.9736,-283.69,853564000.0,853564000.0,-60.4016,-279.549,-380.329,4645.7,-45.0194,-40.3781,3666.45,4661.9,49.8498,1.05583,3666.45,4661.9,49.8498,1.05583,-9.59349,1.10011e+17,8,A,121.87326,6.122798909,,,,,0.3197457708708084,0.02138697396343785,R,LLLTALLVALLFALLSLLILI,29.89391083713616
LLLLFVLLALLTILYSLLILI,LLLLFVLLILLTILYSLLILI,Left,clash,22.0401,-284.68,880099000.0,880098000.0,-74.3162,-283.562,-380.175,4622.06,-49.8326,-22.2975,3894.44,4774.81,39.7503,3.73085,3894.44,4774.81,39.7503,3.73085,-8.89267,1.1011e+16,8,A,127.59875,2.840829486,,,,,0.0623479663577268,0.004313161229068765,L,LLLLFVLLALLTILYSLLILI,6.234160659947877
LLLYVLLGALLGILLTLLILI,LLLYVLLIALLGILLTLLILI,GAS,clash,33.2109,-276.608,939513000.0,939513000.0,-58.7738,-277.314,-368.672,4674.03,-56.8784,-32.5845,3679.05,4688.58,63.0388,1.24473,3679.23,4665.29,40.8868,1.31736,-27.8696,1.10011e+17,7,G,128.35067,0.960473906,,,,,0.1617310399821614,0.008481914008876204,G,LLLTVLLGALLGILLSLLILI,14.66916994570641
LLLTYLLVALLTFLLSLLILI,LLLTYLLVALLIFLLSLLILI,Right,clash,25.4127,-281.668,961517000.0,961516000.0,-60.3627,-280.54,-365.568,4671.13,-45.0878,-24.6648,3749.96,4722.94,52.7708,22.6474,3730.55,4741.45,78.9233,30.7939,-17.0262,1.10011e+17,11,T,107.6204,17.38526328,,,,,0.3052435462508355,0.023068072901173332,R,LLLTALLVALLFALLSLLILI,28.538058002714283
LLLVGLLLALLGLLLGTLILI,LLLVGLLLALLILLLGTLILI,GAS,clash,27.0236,-265.738,961960000.0,961960000.0,-58.7749,-268.322,-371.911,4595.2,-53.3819,-44.8138,3571.97,4484.17,59.0233,3.3924,3572.31,4464.94,38.1422,3.02923,-9.309,1.10011e+17,11,G,126.8754,2.604173863,,,,,0.2690948665230693,0.026455225827417234,G,LLLVALLFALLGLLLGTLILI,24.40717829415724
LLLLALLYVLTFLLASLLILI,LLLLILLYVLTFLLASLLILI,Left,clash,29.5195,-284.485,965778000.0,965777000.0,-74.1261,-278.998,-373.953,4613.29,-55.9169,-20.8284,3721.44,4783.78,47.7522,15.0668,3721.44,4783.78,47.7522,15.0668,-12.8531,1.10011e+17,4,A,118.0749,9.093995695,,,,,0.3229326364755528,0.008117040578877298,L,LLLLALLYVLTFLLASLLILI,32.289969597053904
LLLVALLLALLFALLSTLILI,LLLVALLLALLFILLSTLILI,Right,clash,32.1309,-273.635,985449000.0,985449000.0,-74.1862,-270.803,-375.626,4578.22,-49.551,-30.6365,3654.91,4596.22,50.7328,3.41378,3654.91,4596.22,50.7328,3.41378,-7.69636,1.10011e+17,12,A,126.40822,2.629585124,,,,,0.200489378935946,0.014160297326403792,R,LLLLALLVALLFALLSTLILI,18.744303017304265
LLLYGLLFLLLGVLLATLILI,LLLYGLLFLLLIVLLATLILI,GAS,clash,20.315,-274.891,1037970000.0,1037970000.0,-58.8381,-271.071,-345.811,4744.53,-52.1217,-15.9018,3785.92,4795.39,48.7298,5.91271,3787.24,4795.83,35.1989,4.82321,-24.1814,1.10011e+17,11,G,124.35509,4.538888352,,,,,0.1529516390141113,0.021729148562779733,G,LLLAGLLFLLLGVLLATLILI,13.872869341715797
LLLLFVLLALLTILLSLLILI,LLLLFVLLILLTILLSLLILI,Left,clash,22.7442,-281.565,1109740000.0,1109740000.0,-74.309,-280.673,-393.177,4618.08,-49.8612,-38.1947,3766.29,4681.71,40.5954,2.58482,3766.29,4681.71,40.5954,2.58482,-9.53815,1.1011e+16,8,A,128.74478,1.968193004,,,,,0.1959998317121178,0.006462598889729922,L,LLLLFVLLALLTILYSLLILI,19.5979838894081
LLLYFLLFTLLAVLLSLLILI,LLLYFLLFTLLIVLLSLLILI,Right,clash,23.2574,-281.659,1198000000.0,1198000000.0,-74.2363,-283.676,-362.291,4775.5,-49.6109,-4.37936,3915.45,4897.76,44.5393,8.87879,3915.45,4897.76,44.5393,8.87879,-14.3265,1.10011e+17,11,A,121.38901,6.815797918,,,,,0.0198937929838949,9.288156370105962e-06,R,LLLYALLFALLTVLLSLLILI,1.8599253777567115
LLLLLLLLFILAVLLSTLILI,LLLLLLLLFILIVLLSTLILI,Left,clash,28.1466,-287.028,1284310000.0,1284310000.0,-74.2965,-280.939,-395.863,4599.4,-49.66,-40.6277,3631.69,4676.05,48.7412,22.6648,3631.69,4676.05,48.7412,22.6648,-10.8518,1.10011e+16,11,A,107.603,17.39862038,,,,,0.1056344766790088,0.0045674394029622456,L,LLLLLALLLILFVLLSTLILI,10.562370151225378
LLLYILLSVLLALLLTFLILI,LLLYILLSVLLILLLTFLILI,Right,clash,23.7583,-283.684,1298820000.0,1298820000.0,-74.244,-285.25,-381.899,4708.08,-49.5874,-22.4044,3919.09,4770.53,52.1566,3.07053,3919.09,4770.53,52.1566,3.07053,-9.80294,1.10011e+17,11,A,127.19727,2.357090547,,,,,0.1466815858342149,0.009541459826815351,R,LLLYILLTVLLALLLSFLILI,13.71366456680812
LLLYILLLALLTVLLSFLILI,LLLIILLLALLTVLLSFLILI,Right,clash,29.48,-272.802,1321500000.0,1321500000.0,-74.2719,-276.409,-382.265,4596.96,-49.7289,-31.5841,3869.45,4639.19,50.1362,100.511,4022.07,4791.1,160.994,322.194,-7.80804,1.10011e+17,3,Y,113.3756,13.67094699,,,,,0.3212421372874744,0.01929324786462229,R,LLLYALLLALLTVLLSILILI,30.03381024571214
LLLYILLLALLTVLLSFLILI,LLLYILLLILLTVLLSFLILI,Right,clash,26.2765,-283.323,1321750000.0,1321750000.0,-74.2571,-285.196,-378.247,4719.05,-49.8419,-18.7938,4022.07,4791.1,54.4538,13.6765,4022.07,4791.1,54.4538,13.6765,-7.80804,1.10011e+17,8,A,117.6531,10.41387471,,,,,0.0225692864604003,0.0009341397163447534,R,LLLYALLLALLTVLLSILILI,2.11006461560861
LLLYALLFALLLSLLVTLILI,LLLYILLFALLLSLLVTLILI,Right,clash,31.1992,-280.111,1433310000.0,1433310000.0,-74.2526,-273.344,-365.847,4694.49,-50.7822,-18.2507,3887.2,4673.43,62.5123,41.8977,3887.2,4673.43,62.5123,41.8977,-9.42866,1.10011e+17,4,A,96.5775,30.2564647,,,,,0.2429317731925372,0.02697628752369493,R,LLLYALLFALLLSLLVTLILI,22.71235909562456
LLLTYLLFVLLAILLSLLILI,LLLTYLLFVLLAILLILLILI,Right,clash,22.9745,-282.479,1468670000.0,1468670000.0,-45.085,-280.575,-356.645,4679.14,-45.085,-30.9855,3666.56,4723.04,42.2403,5.4879,3663.85,4721.22,46.4257,5.37284,-18.4798,1.10011e+17,15,S,124.2325,4.230560498,,,,,0.1787495536538991,0.013182622938455459,R,LLLTYLLAVLLAILLFLLILI,16.711787006767217
LLLTYLLFVLLAILLSLLILI,LLLTYLLFVLLIILLSLLILI,Right,clash,22.9695,-284.51,1489610000.0,1489610000.0,-60.4524,-283.634,-372.614,4681.2,-45.085,-28.5272,3663.85,4721.22,50.4633,2.37696,3663.85,4721.22,50.4633,2.37696,-18.4798,1.10011e+17,11,A,127.89084,1.824671945,,,,,0.3679265188625228,0.02423192819396055,R,LLLTYLLAVLLAILLFLLILI,34.39846137617295
LLLLLFLLAVLTSLLLILILI,LLLLLFLLAVLTILLLILILI,Left,clash,21.9431,-286.496,1577250000.0,1577250000.0,-58.9298,-277.407,-378.154,4596.14,-49.7096,-41.8171,3556.51,4664.84,45.2629,17.1237,3553.75,4671.13,55.3179,17.1122,-34.4201,1.10011e+16,12,S,112.6983,13.19013726,,,,,0.5935280030938486,0.042486564891837414,L,LLLLLLLLAVLTALLFILILI,59.34674607083681
LLLLVALLLTLISLLFLLILI,LLLLVALLLTLIILLFLLILI,Left,clash,36.6954,-282.21,1640900000.0,1640890000.0,-58.968,-279.278,-376.877,4662.81,-49.6665,-38.6311,3631.38,4657.88,55.4023,14.4432,3630.2,4665.21,65.552,14.3713,-9.83795,1.10011e+16,12,S,115.3788,11.12538707,,,,,0.0431205625970677,0.00213705763260341,L,LLLLVALLLLLTSLLFLLILI,4.311616411593579
LLLLVLLIALLFALLSTLILI,LLLLVLLIILLFALLSTLILI,Right,clash,24.2888,-274.016,1680770000.0,1680760000.0,-74.1998,-276.063,-379.996,4599.31,-49.5792,-29.7332,3818.03,4682.66,54.1044,11.7448,3818.03,4682.66,54.1044,11.7448,-10.6875,1.10011e+17,8,A,121.78807,6.188419528,,,,,0.2308850657566494,0.010729540391987404,R,LLLLALLVALLFALLSTLILI,21.58607931094211
LLLYALLLTLLSVLLFILILI,LLLYALLLILLSVLLFILILI,Right,clash,26.9393,-282.375,1781020000.0,1781020000.0,-60.5914,-282.545,-368.827,4743.87,-45.2114,-25.6906,3963.48,4731.74,56.8413,24.0936,3949.3,4766.57,86.5615,39.3844,-7.83245,1.10011e+17,8,T,107.236,18.34590222,,,,,0.2580188443832432,0.012522801476424362,R,LLLYALLLALLTVLLSILILI,24.12289084320697
LLLLYVLTALLLILFLLLILI,LLLLYVLTILLLILFLLLILI,Left,clash,37.1676,-291.489,1877110000.0,1877110000.0,-58.8641,-285.817,-376.138,4718.11,-49.5054,-31.4571,3649.13,4767.13,45.4931,19.1693,3649.13,4767.13,45.4931,19.1693,-8.22164,1.1011e+16,8,A,112.1603,14.59632863,,,,,0.4623139370535293,0.04073255925526695,L,LLLLYVLIALLLTLFLLLILI,46.22667790619195
LLLLALLVALLFALLSTLILI,LLLLILLVALLFALLSTLILI,Right,clash,22.1123,-272.127,1975260000.0,1975260000.0,-74.2058,-271.398,-372.43,4572.05,-49.5763,-26.8265,3712.65,4641.47,57.5103,34.0343,3712.65,4641.47,57.5103,34.0343,-15.8282,1.10011e+17,4,A,121.7036,6.253485542,,,,,0.5262432784884812,0.0517258355699415,R,LLLTALLVALLFALLSLLILI,49.19993031630458
LLLLFVLTILLALLYSLLILI,LLLLIVLTILLALLYSLLILI,Left,clash,18.9407,-277.825,2100950000.0,2100950000.0,-74.252,-278.685,-389.93,4573.75,-54.4574,-36.9933,3997.3,4647.74,49.6731,36.6276,3958.39,4760.41,145.881,50.2339,-14.9817,1.1011e+16,4,F,101.8476,26.45065687,,,,,0.0260860023126648,0.00038875232967021113,L,LLLLIVLTWLLALLFSLLILI,2.608334142927024
LLLSYLLGLLLGVLLGTLILI,LLLSYLLGLLLIVLLGTLILI,GAS,clash,27.9771,-276.919,2210320000.0,2210320000.0,-58.7086,-269.051,-355.074,4621.33,-52.0192,-27.314,3499.07,4612.81,61.3975,0.0617526,3499.07,4593.65,40.6346,0.0617526,-28.5286,1.10011e+17,11,G,130.2060474,0.047404347,,,,,0.2137740171480061,0.024235762448535727,G,LLLSYLLGLLLGTLLGFLILI,19.389520947038616
LLLYFLLAVLLGLLLGTLILI,LLLYFLLAVLLILLLGTLILI,GAS,clash,31.1187,-278.859,2229420000.0,2229420000.0,-58.7556,-278.721,-351.123,4782.14,-51.0617,-13.6457,3598.51,4777.64,57.9348,0.0,3598.51,4760.54,38.065,0.0,-23.8047,1.10011e+17,11,G,130.2678,0.0,,,,,0.1340811406363113,0.0095246148587855,G,LLLYFLLALLLGVLLGTLILI,12.16129593135092
LLLTALLVALLFALLSLLILI,LLLTILLVALLFALLSLLILI,Right,clash,33.636,-278.258,2275940000.0,2275940000.0,-60.4381,-273.39,-368.216,4582.08,-45.0688,-34.3876,3703.2,4715.81,50.7265,41.0245,3703.2,4715.81,50.7265,41.0245,-12.8177,1.10011e+17,4,A,124.08916,4.415923341,,,,,0.520253518581816,0.04939469690416945,R,LLLTALLVALLFALLSLLILI,48.63993120170159
LLLAVLLFSLLGLLLGTLILI,LLLAVLLFSLLGLLLITLILI,GAS,clash,24.4954,-269.442,2757500000.0,2757500000.0,-74.0995,-272.327,-373.219,4555.5,-57.9705,-26.7916,3643.5,4657.47,43.846,11.524,3647.09,4651.53,24.5749,8.87656,-11.5258,1.10011e+17,15,G,118.1964,8.883722221,,,,,0.2908112729788753,0.040090464380987775,G,LLLAVLLFSLLGLLLGTLILI,26.37687846392917
LLLVYLLTILLALLLSFLILI,LLLVYLLTILLILLLSFLILI,Right,clash,21.9386,-280.264,3103480000.0,3103480000.0,-74.1754,-283.855,-381.715,4673.34,-49.5123,-23.6843,3792.48,4804.11,47.9724,1.77566,3792.48,4804.11,47.9724,1.77566,-15.495,1.10011e+17,11,A,128.49214,1.363084354,,,,,0.4895183179709186,0.04414580229876309,R,LLLYVLLTILLALLLSFLILI,45.76641283077404
LLLLIVLTWLLALLFSLLILI,LLLLIVLTWLLILLFSLLILI,Left,clash,31.6207,-291.557,3125240000.0,3125240000.0,-74.1785,-285.704,-391.304,4684.85,-51.6016,-31.4207,3677.17,4668.2,53.2008,21.2687,3677.17,4668.2,53.2008,21.2687,-15.6319,1.1011e+16,11,A,108.9991,16.32690504,,,,,0.3897442687459187,0.02586814709698078,L,LLLLIVLTWLLALLFSLLILI,38.9704513169713
LLLYTLLVLLLAFLLSILILI,LLLYTLLVLLLIFLLSILILI,Right,clash,27.3005,-285.414,3560070000.0,3560070000.0,-60.3747,-285.785,-374.686,4732.17,-45.1009,-28.5264,4066.36,4808.73,49.1969,8.76514,4066.36,4808.73,49.1969,8.76514,-22.8958,1.10011e+17,11,A,121.50266,6.728554562,,,,,0.0895498612421981,0.005407210870836866,R,LLLYTLLVLLLAFLLSILILI,8.372262626528409
LLLYALLLALLVSLLTILILI,LLLYILLLALLVSLLTILILI,Right,clash,29.4539,-279.026,3687640000.0,3687640000.0,-74.2466,-280.005,-387.869,4654.92,-49.4554,-33.6175,3903.82,4681.74,53.0791,25.263,3903.82,4681.74,53.0791,25.263,-9.70532,1.10011e+17,4,A,113.2122,18.24369995,,,,,0.6584115540486248,0.013948381747759676,R,LLLYALLLALLVSLLFTLILI,61.55670562042383
LLLLFVLLILLATLYSLLILI,LLLLFVLLILLITLYSLLILI,Left,clash,20.4376,-282.058,4061950000.0,4061950000.0,-74.1478,-283.571,-379.763,4633.64,-53.305,-22.0441,3931.94,4685.28,53.7935,20.9118,3931.94,4685.28,53.7935,20.9118,-9.43159,1.1011e+16,11,A,109.356,16.05293096,,,,,0.3281633136794794,0.034010670051342944,L,LLLLFVLLALLTILYSLLILI,32.81298396231016
LLLAYLLIALLLTLLFVLILI,LLLAYLLIALLLTLLFILILI,Right,clash,28.8385,-279.044,4237650000.0,4237650000.0,-58.7636,-279.407,-362.011,4647.8,-49.5228,-23.84,3881.05,4608.05,41.5194,29.0105,3844.78,4612.65,63.2655,47.2066,-11.9189,1.10011e+17,16,V,100.4523,22.4083675,,,,,0.5470423091122568,0.03555786151129127,R,LLLTYLLIALLLALLFVLILI,51.14448884876828
LLLAYLLIALLLTLLFVLILI,LLLAYLLIALLLILLFVLILI,Right,clash,28.8199,-278.458,4239400000.0,4239400000.0,-45.0193,-278.822,-354.312,4663.48,-45.0193,-30.47,3852.45,4587.25,57.102,11.5141,3844.78,4612.65,83.6713,12.1156,-11.9189,1.10011e+17,12,T,118.3079,8.869143905,,,,,0.414122337334803,0.0351247698778777,R,LLLTYLLIALLLALLFVLILI,38.7174353994974
LLLVALLFLLLYLLATLLILI,LLLVALLILLLYLLATLLILI,Left,clash,31.1743,-282.165,4305040000.0,4305040000.0,-58.8664,-277.25,-374.116,4704.03,-49.6003,-37.9998,3637.97,4695.98,35.3933,3.0705,3628.11,4715.65,102.789,11.4239,-20.8896,1.10011e+17,7,F,126.5249,2.369297058,,,,,0.3490968386498065,0.014460493939263332,L,LLLVSLLILLLALLFTLLILI,34.90612292846791
LLLAYLLLSLLITLLFVLILI,LLLAYLLLILLITLLFVLILI,Right,clash,27.7661,-281.472,4371310000.0,4371310000.0,-58.901,-282.06,-362.601,4711.43,-49.6449,-21.6406,3855.93,4678.06,46.2504,8.12389,3838.33,4681.12,56.2777,6.656,-18.0784,1.10011e+17,8,S,123.20571,6.185878888,,,,,0.315261019024473,0.025801816393790283,R,LLLTYLLLALLISLLFVLILI,29.47461906212405
LLLLAVLLFILALLLSTLILI,LLLLIVLLFILALLLSTLILI,Left,clash,31.7599,-283.176,4591900000.0,4591900000.0,-74.1946,-276.95,-382.063,4612.89,-49.6038,-30.919,3610.49,4598.31,57.6923,38.1372,3610.49,4598.31,57.6923,38.1372,-12.483,1.10011e+16,4,A,124.34576,4.546050521,,,,,1.0007090960853486,0.047627597141984876,L,LLLLAVLLFILALLLSTLILI,100.06070194932867
LLLLAVLLFILALLLSTLILI,LLLLAVLLFILILLLSTLILI,Left,clash,28.7658,-283.455,4591920000.0,4591920000.0,-74.1919,-277.243,-383.557,4603.19,-49.6038,-32.1221,3610.49,4598.31,46.781,5.92204,3610.49,4598.31,46.781,5.92204,-12.483,1.10011e+16,11,A,124.34576,4.546050521,,,,,8.236795710104078e-05,1.8455864476070357e-06,L,LLLLAVLLFILALLLSTLILI,0.0082359555218426
LLLAYLLVLLLATLLSFLILI,LLLAYLLILLLATLLSFLILI,Right,clash,25.2157,-275.735,4647520000.0,4647520000.0,-74.1234,-277.613,-369.272,4641.04,-51.5624,-17.5352,3904.59,4747.32,51.8608,5.39111,3895.89,4767.13,74.6726,11.082,-6.69186,1.10011e+17,7,V,124.20429,4.159954751,,,,,0.3733125700796196,0.0359886868750219,R,LLLWYLLLVLLATLLSFLILI,34.902018106289
LLLLTLLLFILALLLSVLILI,LLLLILLLFILALLLSVLILI,Left,clash,35.6859,-281.951,4883610000.0,4883610000.0,-60.4286,-277.49,-380.578,4611.84,-45.1255,-42.6599,3632.09,4589.59,49.9238,12.4578,3613.48,4619.11,81.0625,20.2378,-9.5277,1.10011e+16,4,T,126.0174,8.996412354,,,,,0.1615592817426217,0.009162526189958048,L,LLLLAVLLFILALLLSTLILI,16.15428020074412
LLLLTLLLFILALLLSVLILI,LLLLTLLLFILILLLSVLILI,Left,clash,34.4771,-287.246,4883680000.0,4883680000.0,-60.4314,-281.271,-384.63,4692.46,-45.1255,-42.9275,3613.48,4619.11,46.4179,6.05478,3613.48,4619.11,46.4179,6.05478,-9.5277,1.10011e+16,11,A,124.21302,4.647948303,,,,,0.5353463996955828,0.021274532165806846,L,LLLLTLLLFILALLLSVLILI,53.52917920815747
LLLAALLYLLTSLLFVLLILI,LLLAALLYLLTILLFVLLILI,Left,clash,34.2887,-282.256,5425330000.0,5425330000.0,-58.8548,-278.559,-358.961,4669.07,-52.8893,-21.5467,3660.16,4695.17,56.6787,18.1792,3658.98,4698.77,64.8443,18.177,-8.01353,1.10011e+17,11,S,112.0886,13.95525218,,,,,0.7404004627487013,0.028517068910677762,L,LLLLALLILLTSLLFVLLILI,74.03249387464773
LLLTALLIALLLVLLSFLILI,LLLTALLIILLLVLLSFLILI,Right,clash,31.7681,-281.851,5468800000.0,5468800000.0,-60.4388,-278.277,-376.886,4634.69,-45.097,-38.1704,3801.72,4615.54,51.1165,0.0,3801.72,4615.54,51.1165,0.0,-8.47108,1.10011e+17,8,A,125.4396,9.413671184,,,,,0.2954799243045405,0.012445660224314812,R,LLLTALLLALLAVLLSFLILI,27.625230154780127
LLLLLALLFVLTSLLAILILI,LLLLLALLFVLTSLLIILILI,Left,clash,22.1744,-284.303,5778630000.0,5778630000.0,-74.2275,-276.652,-384.404,4557.82,-49.9058,-33.5241,3593.55,4686.3,42.5781,10.0038,3593.55,4686.3,42.5781,10.0038,-32.851,1.10011e+16,15,A,119.7166,7.711817108,,,,,0.2154058413673508,0.0093546155602552,L,LLLLLALLFVLTSLLAILILI,21.538386905363545
LLLAYLLAVLLGLLLGFLILI,LLLAYLLAVLLGLLLIFLILI,GAS,clash,24.2952,-274.499,5781120000.0,5781120000.0,-44.9566,-273.765,-343.548,4588.94,-46.7188,-24.8265,3609.25,4693.97,44.0446,2.2338,3618.64,4687.78,25.2746,2.83271,-14.6822,1.10011e+17,15,G,127.4866,1.722011341,,,,,0.3390181918909238,0.0069651056428439865,G,LLLTYLLAVLLGLLLAFLILI,30.749295077077303
LLLAYLLGLLLGVLLGTLILI,LLLAYLLGLLLIVLLGTLILI,GAS,clash,28.0957,-270.835,6818590000.0,6818590000.0,-58.7057,-267.164,-352.5,4620.71,-56.4742,-26.6304,3467.71,4607.86,61.6274,0.653703,3468.17,4588.0,40.8073,0.435802,-33.5239,1.10011e+17,11,G,129.614097,0.501814723,,,,,0.2445915459917363,0.027786280221820316,G,LLLAALLALLLGVLLGTLILI,22.18470218105065
LLLVALLLALLFALLSTLILI,LLLVILLLALLFALLSTLILI,Right,clash,39.0976,-272.641,6841380000.0,6841380000.0,-74.1918,-273.774,-379.354,4556.55,-49.551,-31.389,3654.91,4596.22,56.2118,24.9342,3654.91,4596.22,56.2118,24.9342,-7.69636,1.10011e+17,4,A,126.40822,2.629585124,,,,,0.2696037509291096,0.017116318194520353,R,LLLLALLVALLFALLSTLILI,25.20599559357008
LLLVYLLLALLTSLLFILILI,LLLVYLLLALLTILLFILILI,Right,clash,30.3931,-279.814,7736210000.0,7736210000.0,-59.0106,-281.546,-366.457,4669.35,-49.7718,-25.8997,3900.68,4654.51,48.3312,7.72556,3899.91,4659.45,57.4155,7.834,-8.36529,1.10011e+17,12,S,122.09644,5.950886599,,,,,0.2800067257704243,0.016295536979301067,R,LLLTYLLLALLVSLLFILILI,26.17859830071545
LLLAYLLGTLLGFLLSLLILI,LLLAYLLITLLGFLLSLLILI,GAS,clash,28.4456,-275.185,7764710000.0,7764710000.0,-74.0702,-276.357,-364.092,4636.34,-56.19,-13.6649,3636.74,4702.54,60.5316,0.529552,3636.67,4688.63,41.7261,0.612744,-28.4036,1.10011e+17,7,G,129.065848,0.408619442,,,,,2.0196073635402767,0.17209765247300748,G,LLLAYLLGTLLGFLLSLLILI,183.18044354775725
LLLYVLLGLLLGFLLSTLILI,LLLYVLLGLLLIFLLSTLILI,GAS,clash,19.509,-274.488,7786790000.0,7786790000.0,-74.0812,-281.098,-369.428,4712.76,-49.5178,-14.2491,3765.42,4758.23,52.4491,3.63931,3765.8,4741.15,31.5391,3.63931,-23.3255,1.10011e+17,11,G,126.62849,2.79371418,,,,,0.2720544549767723,0.03713291179990423,G,LLLYLLLGALLAFLLSTLILI,24.67561597935056
LLLLLFLLAILYVLLLTLILI,LLLLLFLLIILYVLLLTLILI,Left,clash,31.291,-285.436,7871980000.0,7871980000.0,-58.8948,-284.63,-376.279,4652.27,-51.0089,-32.7544,3810.59,4856.77,47.5389,20.1267,3810.59,4856.77,47.5389,20.1267,-9.34175,1.10011e+16,8,A,111.2029,15.32533412,,,,,1.1614941360649884,0.06316264083030006,L,LLLLLFLLAILYVLLLTLILI,116.13756587137053
LLLLLLLLFVLAILLSTLILI,LLLLLLLLFVLIILLSTLILI,Left,clash,23.6639,-288.342,7877410000.0,7877410000.0,-74.2445,-280.955,-395.38,4604.24,-49.6025,-40.1797,3602.82,4691.25,48.8019,15.3941,3602.82,4691.25,48.8019,15.3941,-16.6627,1.10011e+16,11,A,114.8737,11.8172718,,,,,0.0655883640708133,0.002942999165583286,L,LLLLLLLLFVLATLLSILILI,6.558167377819036
LLLGLLLGALLGTLLSFLILI,LLLGLLLGALLITLLSFLILI,GAS,clash,27.3303,-269.611,7960900000.0,7960900000.0,-74.0016,-268.514,-366.571,4529.73,-55.4808,-24.0559,3617.63,4462.51,54.402,4.11505,3619.28,4440.06,31.7884,2.80764,-19.0839,1.10011e+17,11,G,126.15275,3.158915711,,,,,0.330586839386724,0.019392220157289065,G,LLLALLLGVLLGTLLSFLILI,29.98456282302202
LLLYVLLGALLGILLTLLILI,LLLYVLLGALLIILLTLLILI,GAS,clash,32.1735,-276.65,8105690000.0,8105690000.0,-58.7738,-277.331,-368.982,4671.47,-55.9166,-32.8769,3679.23,4687.8,53.9189,0.199098,3679.23,4665.29,31.125,0.199098,-27.8696,1.10011e+17,11,G,130.068702,0.152837463,,,,,0.1805181317038885,0.021306972850846123,G,LLLTVLLGALLGILLSLLILI,16.37317828746929
LLLTFLLGVLLGLLLAILILI,LLLTFLLGVLLILLLAILILI,GAS,clash,34.9915,-276.368,8259280000.0,8259280000.0,-44.9375,-274.897,-356.84,4690.4,-49.0587,-37.0055,3546.14,4641.07,54.5753,0.0,3546.14,4622.22,34.0563,0.0,-25.296,1.10011e+17,11,G,130.2678,0.0,,,,,0.3638960424839912,0.021303950068057284,G,LLLTYLLGVLLGLLLASLILI,33.00574144800184
LLLLALLLFVLTWLLSLLILI,LLLLALLLFVLTWLLILLILI,Left,clash,29.2164,-287.841,8459310000.0,8459310000.0,-58.8964,-284.219,-379.702,4692.85,-49.8982,-36.5864,3592.12,4734.57,50.2708,5.30751,3585.79,4730.69,56.2093,9.44908,-16.098,1.10011e+16,15,S,124.41289,4.091499872,,,,,0.4678915697900107,0.02261402397625167,L,LLLLALLLFVLTWLLSLLILI,46.78438428560941
LLLTYLLLVLLAILLSFLILI,LLLTYLLLVLLIILLSFLILI,Right,clash,24.0336,-284.829,8954540000.0,8954540000.0,-60.4831,-284.488,-371.507,4688.61,-45.1085,-26.5364,3842.81,4711.6,56.7442,2.98284,3842.81,4711.6,56.7442,2.98284,-7.94812,1.10011e+17,11,A,127.28496,2.28977537,,,,,0.2104695294725091,0.021090288267185668,R,LLLTYLLFVLLAILLSLLILI,19.67737471820179
LLLAYLLLTLLAVLLSILILI,LLLAYLLLTLLAVLLIILILI,Right,clash,27.0557,-276.824,8975580000.0,8975580000.0,-58.8404,-276.134,-372.212,4608.13,-54.5266,-37.2373,3815.0,4579.14,44.3596,7.31128,3809.92,4584.25,54.5671,12.0295,-7.73195,1.10011e+17,15,S,122.40912,5.636183669,,,,,3.04821693500272,0.3683401451841306,R,LLLAYLLFTLLAVLLSLLILI,284.9861782973748
LLLVYLLLALLTSLLFILILI,LLLVYLLLILLTSLLFILILI,Right,clash,30.4786,-281.844,9072540000.0,9072540000.0,-74.3126,-283.58,-380.409,4690.99,-54.4834,-22.5164,3899.91,4659.45,52.5782,19.7403,3899.91,4659.45,52.5782,19.7403,-8.36529,1.10011e+17,8,A,111.5893,15.03111256,,,,,0.1208352353836226,0.002569813885923071,R,LLLTYLLLALLVSLLFILILI,11.297218232799956
LLLAYLLGLLLGTLLAFLILI,LLLAYLLILLLGTLLAFLILI,GAS,clash,28.5174,-274.091,10045700000.0,10045700000.0,-58.663,-273.531,-348.844,4623.68,-57.6346,-16.6496,3585.71,4709.54,55.1926,2.15394,3586.15,4698.69,37.7001,1.79077,-28.2039,1.10011e+17,7,G,127.44146,1.662049733,,,,,0.2854815283876292,0.03967016380334289,G,LLLSYLLTVLLGTLLAFLILI,25.89346520457697
LLLALLLGFLLGTLLGVLILI,LLLALLLGFLLITLLGVLILI,GAS,clash,32.4879,-271.24,10820500000.0,10820500000.0,-58.6797,-268.55,-353.97,4527.88,-55.3843,-26.7402,3408.1,4607.07,57.5896,0.0,3408.1,4594.46,40.251,0.0,-28.9192,1.10011e+17,11,G,130.2678,0.0,,,,,0.2890130941787335,0.02081820919308,G,LLLALLLGFLLGTLLGVLILI,26.21378181646461
LLLTLLLGLLLGFLLSILILI,LLLTLLLGLLLIFLLSILILI,GAS,clash,33.1463,-280.477,10991500000.0,10991500000.0,-60.3038,-277.631,-380.545,4652.4,-51.655,-42.6105,3550.37,4608.44,47.6976,0.0,3550.37,4596.81,29.0781,0.0,-31.722,1.10011e+17,11,G,130.2678,0.0,,,,,0.2843960560498984,0.026039043370178882,G,LLLTVLLGLLLGFLLSALILI,25.795011758687465
LLLTLLLGVLLGFLLAILILI,LLLTLLLGVLLIFLLAILILI,GAS,clash,24.6338,-273.266,11657300000.0,11657300000.0,-44.9169,-274.13,-355.621,4648.53,-50.8284,-36.5745,3603.98,4647.42,58.6481,0.682812,3603.98,4625.23,36.8712,0.682812,-40.8357,1.10011e+17,11,G,129.584988,0.52416023,,,,,0.2584708825023009,0.01666778874208138,G,LLLTLLLGVLLGFLLGILILI,23.44357212976041
LLLTALLFALLAYLLSLLILI,LLLTILLFALLAYLLSLLILI,Right,clash,38.1356,-282.368,12428500000.0,12428500000.0,-60.3015,-277.661,-361.827,4622.15,-45.0419,-23.8649,3602.18,4741.08,50.2506,17.7368,3602.18,4741.08,50.2506,17.7368,-17.2261,1.10011e+17,4,A,126.85033,2.623418834,,,,,0.3368737652270868,0.020825713171795598,R,LLLTILLAVLLAYLLSLLILI,31.49525410028892
LLLTALLFALLAYLLSLLILI,LLLTALLFALLIYLLSLLILI,Right,clash,34.6868,-282.739,12477200000.0,12477200000.0,-60.3015,-278.6,-362.459,4652.81,-45.0419,-23.5578,3602.18,4741.08,45.2005,3.41747,3602.18,4741.08,45.2005,3.41747,-17.2261,1.10011e+17,11,A,126.85033,2.623418834,,,,,0.297315801936627,0.0211791125900001,R,LLLTALLVALLFALLSLLILI,27.79687139992316
LLLLALLLFVLTWLLSLLILI,LLLLAILLFVLTWLLSLLILI,Left,clash,29.8254,-285.807,12582800000.0,12582800000.0,-74.1363,-282.2,-384.107,4629.84,-49.8982,-27.771,3620.28,4675.84,56.9389,45.2272,3585.79,4730.69,113.928,41.8005,-16.098,1.10011e+16,5,L,85.0676,34.71143898,,,,,0.3526534038040246,0.010644671955024524,L,LLLLALLLFVLTWLLSLLILI,35.261743165409605
LLLLLLLLAVLYTLLSFLILI,LLLLLLLLAVLYTLLIFLILI,Left,clash,27.4734,-288.596,12632600000.0,12632600000.0,-58.9029,-281.64,-370.398,4651.54,-56.9365,-29.8546,3728.5,4748.23,44.588,23.0017,3725.71,4750.56,53.8865,22.607,-14.8098,1.10011e+16,15,S,106.7187,17.73175229,,,,,2.793778054508799,0.06444079860833221,L,LLLLFLLLAVLYTLLSILILI,279.3493077242282
LLLAILLYTLLAVLLSLLILI,LLLAILLYILLAVLLSLLILI,Right,clash,21.6763,-272.442,13078100000.0,13078100000.0,-60.4096,-275.78,-378.946,4563.61,-45.0484,-42.757,3957.4,4652.01,55.0556,21.4599,3943.79,4680.79,81.3693,32.13,-10.2236,1.10011e+17,8,T,109.8697,16.34048988,,,,,0.7763783621880294,0.08493732365376566,R,LLLSYLLTILLAVLLSLLILI,72.58574670721201
LLLYVLLGLLLGFLLSTLILI,LLLYVLLILLLGFLLSTLILI,GAS,clash,19.7006,-274.486,13134200000.0,13134200000.0,-74.0812,-279.249,-367.774,4717.26,-49.5178,-14.4429,3765.69,4758.56,58.0154,1.11236,3765.8,4741.15,38.1885,0.995492,-23.3255,1.10011e+17,7,G,128.48304,0.858332935,,,,,0.2046227655864635,0.021179794987967165,G,LLLYVLLTLLLGALLSFLILI,18.55949311572692
LLLALLLGFLLGTLLGVLILI,LLLALLLGFLLGTLLIVLILI,GAS,clash,32.5076,-271.24,14102700000.0,14102700000.0,-58.6797,-268.409,-354.64,4508.07,-57.7067,-27.5522,3403.07,4602.75,44.5603,0.581069,3408.1,4594.46,25.2694,0.508435,-28.9192,1.10011e+17,15,G,129.139331,0.447939568,,,,,0.889118049997335,0.055595744547861065,G,LLLALLLGFLLGTLLGVLILI,80.64391213118131
LLLALLLGLLLGVLLSTLILI,LLLALLLGLLLIVLLSTLILI,GAS,clash,26.3431,-269.464,15319500000.0,15319500000.0,-74.1192,-270.653,-389.705,4560.3,-53.7195,-44.9325,3611.01,4559.58,53.4774,2.08604,3611.41,4542.45,32.6347,2.21346,-16.0131,1.10011e+17,11,G,128.18176,1.601347378,,,,,0.2642687048706331,0.037469883409864256,G,LLLALLLGFLLGVLLSTLILI,23.9694405199313
LLLTLLLGLLLGFLLSILILI,LLLTLLLILLLGFLLSILILI,GAS,clash,34.0013,-280.447,16043700000.0,16043700000.0,-60.3038,-277.576,-380.699,4628.34,-48.522,-42.8187,3550.37,4605.51,54.4888,0.0,3550.37,4596.81,38.0234,0.0,-31.722,1.10011e+17,7,G,129.5954,0.0,,,,,0.3015608082735418,0.037628301124621684,G,LLLTALLALLLGVLLSILILI,27.351872256662
LLLVALLTILLYLLFSLLILI,LLLVILLTILLYLLFSLLILI,Left,clash,24.3912,-283.936,16752700000.0,16752700000.0,-74.2508,-283.652,-384.773,4633.3,-49.8754,-26.8695,3810.52,4669.72,46.353,18.9953,3810.52,4669.72,46.353,18.9953,-6.30302,1.10011e+17,4,A,119.4799,13.71747432,,,,,0.1981363137258717,0.010005841865284335,L,LLLVALLTILLALLFSLLILI,19.81161029775654
LLLTLLLGILLGFLLAVLILI,LLLTLLLGILLIFLLAVLILI,GAS,clash,25.0306,-274.174,17533000000.0,17533000000.0,-44.948,-274.164,-355.873,4698.39,-50.2413,-36.7607,3636.98,4679.34,58.5411,0.279653,3636.98,4656.17,36.3004,0.279653,-39.0511,1.10011e+17,11,G,129.988147,0.214675461,,,,,0.2931908511549702,0.012232281966532244,G,LLLTLLLGILLGFLLSVLILI,26.592708626575
LLLAFLLGILLGLLLGTLILI,LLLAFLLIILLGLLLGTLILI,GAS,clash,25.4328,-269.626,17986500000.0,17986500000.0,-58.7173,-266.727,-351.746,4612.49,-54.9806,-26.3019,3508.73,4591.62,57.2065,0.0,3508.73,4579.29,39.9195,0.0,-25.8973,1.10011e+17,7,G,129.5954,0.0,,,,,0.2882558885597825,0.028701189613607618,G,LLLTFLLAILLGLLLGVLILI,26.14510249609754
LLLVALLALLLGTLLSFLILI,LLLVALLALLLITLLSFLILI,GAS,clash,19.4336,-270.547,20326400000.0,20326400000.0,-74.0748,-273.409,-377.949,4604.72,-52.3687,-30.4653,3673.66,4611.96,58.0568,0.79897,3674.32,4592.21,37.0971,0.508435,-22.2201,1.10011e+17,11,G,129.46883,0.61332885,,,,,0.1660461550017425,0.01534263687898052,G,LLLYALLALLLGTLLSFLILI,15.0605552701592
LLLYILLFTLLVALLSLLILI,LLLYILLFILLVALLSLLILI,Right,clash,22.1595,-279.798,21098600000.0,21098600000.0,-60.4781,-281.565,-369.489,4736.73,-45.1164,-27.4456,3967.22,4796.61,52.1645,12.9849,3960.8,4821.55,76.8763,17.3548,-10.613,1.10011e+17,8,T,118.3447,9.887260755,,,,,0.0672042070072199,0.0002706264167987507,R,LLLYILLTALLVALLSLLILI,6.283106002255765
LLLALLLGALLGTLLSFLILI,LLLALLLIALLGTLLSFLILI,GAS,clash,28.5752,-268.235,22668600000.0,22668600000.0,-73.9598,-269.322,-370.215,4527.44,-54.8174,-26.933,3690.71,4567.75,62.0503,15.0624,3694.83,4547.02,41.0288,12.1517,-16.3762,1.10011e+17,7,G,114.533,11.62263475,,,,,0.2438971574909337,0.019791949537401276,G,LLLALLLGVLLGTLLGFLILI,22.12172043723857
LLLAVLLIGLLFGLLSTLILI,LLLAVLLIILLFGLLSTLILI,GAS,clash,26.1738,-270.538,23808200000.0,23808200000.0,-74.0695,-271.799,-367.316,4554.54,-49.5688,-21.4477,3721.75,4655.68,58.2001,9.52788,3741.17,4647.47,41.6392,4.64013,-13.9917,1.10011e+17,8,G,121.80172,7.254937196,,,,,0.3095730751739199,0.030934403493021626,G,LLLAVLLIGLLFGLLSTLILI,28.07859301988078
LLLTALLLLLVALLFSLLILI,LLLTILLLLLVALLFSLLILI,Left,clash,36.254,-284.263,24640000000.0,24640000000.0,-60.3638,-277.406,-378.946,4630.4,-45.0527,-41.1759,3610.84,4623.01,43.2007,20.6289,3610.84,4623.01,43.2007,20.6289,-17.9063,1.10011e+17,4,A,119.5491,8.228203746,,,,,0.1818219717334614,0.0059614183166835895,L,LLLTALLLLLVALLFSLLILI,18.18034251175577
LLLTLLLGALLGFLLSILILI,LLLTLLLIALLGFLLSILILI,GAS,clash,29.2536,-274.607,28503700000.0,28503700000.0,-60.2245,-273.539,-369.971,4581.31,-51.9809,-36.2075,3612.23,4591.34,59.1549,0.356901,3612.4,4578.5,40.9023,0.284267,-38.4828,1.10011e+17,7,G,129.238499,0.275396349,,,,,0.2466015668187933,0.019209323361666673,G,LLLTLLLGILLGFLLSVLILI,22.367013115981635
LLLALLLGLLLGVLLSTLILI,LLLALLLILLLGVLLSTLILI,GAS,clash,26.9683,-269.444,28990400000.0,28990400000.0,-74.1192,-271.948,-391.048,4564.0,-51.9568,-44.9807,3611.41,4556.14,57.6879,0.0,3611.41,4542.45,38.6163,0.0,-16.0131,1.10011e+17,7,G,129.5954,0.0,,,,,0.0354491381468365,0.0007508438466137603,G,LLLAALLALLLGVLLGTLILI,3.2152729121269785
LLLVALLLLLISLLFTLLILI,LLLVILLLLLISLLFTLLILI,Left,clash,44.6653,-284.47,30187200000.0,30187200000.0,-74.2829,-280.756,-393.754,4666.27,-49.6584,-38.7156,3617.38,4633.67,39.9008,11.7521,3617.38,4633.67,39.9008,11.7521,-10.5996,1.10011e+17,4,A,126.7231,8.486790414,,,,,0.6208792040441904,0.024291192970472646,L,LLLIALLLLLVSLLFTLLILI,62.08158717196629
LLLLLTLLAVLISLLFLLILI,LLLLLTLLAVLISLLILLILI,Left,clash,46.8398,-280.991,30626300000.0,30626300000.0,-60.4271,-275.783,-395.856,4557.03,-45.0975,-59.6455,3606.02,4594.36,41.2866,2.70926,3601.71,4674.7,127.228,12.8806,-10.1202,1.10011e+16,15,F,127.01114,2.088538117,,,,,0.5314653095570928,0.03685912295693684,L,LLLLLTLLAVLISLLFLLILI,53.14110978308171
LLLLIFLLWLLTALLSVLILI,LLLLIFLLWLLTALLIVLILI,Left,clash,38.1989,-287.747,31000300000.0,31000300000.0,-58.7529,-282.967,-373.538,4702.14,-49.5124,-31.8182,3654.33,4748.78,42.2998,18.7883,3652.42,4744.74,48.5334,18.9633,-9.28387,1.10011e+16,15,S,110.9321,14.48368954,,,,,0.8699164353471707,0.06170617263766826,L,LLLLIFLLWLLTALLSVLILI,86.98277001638431
LLLTLLLGVLLGFLLGILILI,LLLTLLLIVLLGFLLGILILI,GAS,clash,30.9541,-275.671,33598300000.0,33598300000.0,-44.9313,-272.87,-351.8,4621.6,-50.1696,-33.9989,3532.18,4606.98,58.6303,0.0,3532.18,4593.62,40.3321,0.0,-31.8391,1.10011e+17,7,G,129.5954,0.0,,,,,0.2867336938095418,0.03403298893059404,G,LLLTLLLGVLLGFLLGILILI,26.00703788287173
LLLLALLTILLFVLASLLILI,LLLLALLTILLFVLISLLILI,Left,clash,20.6522,-277.625,37398800000.0,37398800000.0,-74.2574,-277.356,-384.587,4600.56,-49.7267,-32.9731,3744.38,4565.63,41.8149,14.5726,3744.38,4565.63,41.8149,14.5726,-6.80419,1.1011e+16,14,A,115.3142,11.21946187,,,,,0.3176031679929629,0.015406409824627829,L,LLLLALLTILLFVLASLLILI,31.75707711164445
LLLLYLLIALLVALLSTLILI,LLLLYLLIILLVALLSTLILI,Right,clash,24.2121,-277.217,43956900000.0,43956900000.0,-74.2471,-277.718,-384.974,4676.58,-49.5914,-33.0091,3837.99,4588.98,49.7419,25.5248,3837.99,4588.98,49.7419,25.5248,-16.83,1.10011e+17,8,A,119.87848,7.659348955,,,,,0.1323486239746048,0.006892959095655468,R,LLLLVLLIALLFALLSTLILI,12.37363657301684
LLLTSLLLALLFGLLFALILI,LLLTSLLLALLFILLFALILI,GAS,clash,33.571,-285.227,48424000000.0,48424000000.0,-44.9597,-276.616,-348.069,4647.34,-48.4303,-26.4935,3668.16,4727.81,55.0772,0.363168,3669.84,4713.45,36.3807,0.0726336,-19.7661,1.10011e+17,12,G,129.458832,0.279743033,,,,,0.3711166463806118,0.03503253584390405,G,LLLTVLLLGLLFGLLFALILI,33.660657570978856
LLLTSLLLALLFGLLFALILI,LLLTILLLALLFGLLFALILI,GAS,clash,40.2799,-279.512,48731100000.0,48731100000.0,-44.9597,-272.712,-340.811,4615.16,-44.9597,-23.1393,3681.8,4709.73,52.8869,23.6315,3669.84,4713.45,61.2791,24.2717,-19.7661,1.10011e+17,4,S,123.35175,4.72031348,,,,,0.2887565755127525,0.03768057971336474,G,LLLTVLLLGLLFGLLFALILI,26.19051531236041
LLLLALLTILLFVLASLLILI,LLLLILLTILLFVLASLLILI,Left,clash,23.5116,-277.303,53879000000.0,53879000000.0,-74.2463,-276.73,-385.338,4585.35,-49.8444,-34.3618,3744.38,4565.63,43.4317,18.721,3744.38,4565.63,43.4317,18.721,-6.80419,1.1011e+16,4,A,115.3142,11.21946187,,,,,0.2300281394799366,0.009474227779203327,L,LLLLALLTILLFVLASLLILI,23.000467562950472
LLLYVLLTLLLGGLLFALILI,LLLYVLLTLLLGILLFALILI,GAS,clash,29.7826,-278.057,54860300000.0,54860300000.0,-58.7757,-278.331,-352.133,4749.1,-49.4948,-15.0264,3859.06,4715.53,57.52,24.6861,3877.95,4701.31,38.5198,9.57471,-9.69791,1.10011e+17,12,G,105.1359,19.01534409,,,,,0.1727314431586792,0.023269326334221508,G,LLLYVLLTLLLGALLAFLILI,15.666917710671177
LLLYFLLGILLGVLLSLLILI,LLLYFLLGILLIVLLSLLILI,GAS,clash,33.7178,-275.94,63203300000.0,63203300000.0,-60.344,-278.728,-360.601,4721.79,-49.3708,-21.5283,3642.72,4649.99,53.4129,2.73506,3642.91,4629.75,31.6916,2.80769,-32.2999,1.10011e+17,11,G,127.53274,2.099567199,,,,,0.0871394109681179,0.008574928349936011,G,LLLYFLLTILLGVLLALLILI,7.903633270404153
LLLYALLLSLLTALLVFLILI,LLLYALLLILLTALLVFLILI,Right,clash,29.3267,-279.584,63640100000.0,63640100000.0,-58.9741,-279.761,-357.42,4729.0,-49.8778,-18.6848,3910.41,4747.42,54.6476,5.53599,3906.28,4767.35,69.5978,5.67768,-7.23242,1.10011e+17,8,S,125.79361,4.215340639,,,,,0.143389327729251,0.009214366724994968,R,LLLYALLLTLLVALLSFLILI,13.405862308862403
LLLTYLLIVLLALLLSFLILI,LLLTYLLIVLLALLLIFLILI,Right,clash,22.6339,-281.717,67165500000.0,67165500000.0,-45.1159,-282.553,-360.366,4674.96,-45.1159,-32.6969,3920.98,4679.86,43.586,20.9444,3919.17,4680.31,51.9829,21.305,-10.6115,1.10011e+17,15,S,108.776,16.14580282,,,,,0.2397855518714998,0.020268170978065145,R,LLLSYLLTVLLALLLSFLILI,22.418210217943265
LLLYVLLALLLGTLLGFLILI,LLLYVLLALLLITLLGFLILI,GAS,clash,24.205,-279.862,80240600000.0,80240600000.0,-58.7232,-278.363,-353.421,4705.68,-50.507,-16.3352,3723.99,4748.0,61.376,0.0,3723.99,4728.28,40.6745,0.0,-20.6671,1.10011e+17,11,G,130.2678,0.0,,,,,0.1223809588045324,0.01281871468625722,G,LLLYSLLALLLGTLLGFLILI,11.100077530078275
LLLTALLIALLLVLLSWLILI,LLLTALLIALLLILLSWLILI,Right,clash,26.3247,-283.183,82119300000.0,82119300000.0,-60.4027,-279.616,-388.289,4660.35,-45.0273,-48.27,3927.96,4690.91,42.3721,22.4974,3905.79,4700.75,69.4093,29.3102,-5.55503,1.10011e+17,12,V,107.3246,17.32942028,,,,,0.2455652907584393,0.018715413739918765,R,LLLYALLVALLLTLLSWLILI,22.958573890236856
LLLVALLFALLGLLLGTLILI,LLLVALLFALLGLLLITLILI,GAS,clash,27.123,-266.397,89919700000.0,89919700000.0,-58.7454,-270.188,-356.342,4590.36,-58.5892,-27.4081,3562.87,4616.26,43.169,8.77779,3566.45,4611.9,24.6958,5.72718,-11.1281,1.10011e+17,15,G,120.94261,6.766699763,,,,,0.399969985243761,0.04156908517339678,G,LLLVALLFALLGLLLGTLILI,36.27768477448458
LLLLLLLTALLIFLVSLLILI,LLLLLLLTILLIFLVSLLILI,Left,clash,28.4654,-287.019,90583900000.0,90583900000.0,-74.2285,-280.76,-391.649,4668.05,-49.5667,-36.6598,3680.13,4705.13,47.4992,7.60477,3680.13,4705.13,47.4992,7.60477,-10.8614,1.1011e+16,8,A,123.72483,5.790598616,,,,,0.3046655561950487,0.02569050759896723,L,LLLLLLLTALLIFLVSLLILI,30.46344790100639
LLLFALLLVLITLLLSLLILI,LLLFALLLVLIILLLSLLILI,Left,clash,36.6545,-282.864,104600000000.0,104600000000.0,-60.4613,-277.6,-381.383,4724.78,-45.152,-43.3214,3702.98,4626.46,49.7313,18.0665,3691.79,4648.53,78.5507,27.392,-10.1998,1.10011e+17,11,T,112.2013,13.86873809,,,,,0.6231472329807762,0.0572549315594597,L,LLLYALLLVLITLLFSLLILI,62.308366930763256
LLLAYLLVLLLTLLLSFLILI,LLLAYLLILLLTLLLSFLILI,Right,clash,24.1682,-279.305,112114000000.0,112114000000.0,-74.2406,-281.334,-379.69,4667.68,-49.6739,-24.116,3924.77,4813.99,47.3845,11.1705,3912.71,4826.01,71.5924,17.2899,-10.2102,1.10011e+17,7,V,118.4249,8.619518903,,,,,0.2922206886312645,0.0071852255712269416,R,LLLAYLLVLLLATLLSFLILI,27.32051525472444
LLLLSLLFALLIALLVTLILI,LLLLSLLFILLIALLVTLILI,Right,clash,25.0232,-276.003,182116000000.0,182116000000.0,-58.8343,-276.78,-372.035,4615.04,-53.1101,-36.4207,3735.14,4579.2,50.3285,0.0,3735.14,4579.2,50.3285,0.0,-21.0659,1.10011e+17,8,A,113.772,12.36308176,,,,,0.2035171404999179,0.017124392762278052,R,LLLLSLLFALLIALLVTLILI,19.02737676674896
LLLTVLLGLLLGFLLSALILI,LLLTVLLILLLGFLLSALILI,GAS,clash,35.514,-275.361,182340000000.0,182340000000.0,-60.2116,-271.42,-365.179,4577.7,-47.4447,-33.5474,3696.54,4675.66,59.9664,0.0,3696.54,4659.24,41.0486,0.0,-19.9475,1.10011e+17,7,G,129.5954,0.0,,,,,0.2203324795389288,0.02759059138061255,G,LLLTVLLGLLLGFLLSALILI,19.984380161482427
LLLYWLLTVLLALLFSLLILI,LLLYWLLTVLLILLFSLLILI,Left,clash,57.7636,-294.658,212871000000.0,212871000000.0,-74.1887,-290.717,-378.852,4795.91,-49.6096,-13.9465,3887.96,4816.97,51.3605,21.3901,3887.96,4816.97,51.3605,21.3901,-12.558,1.10011e+17,11,A,108.8777,16.42009768,,,,,0.3471111033429316,0.016206901405112568,L,LLLYWLLTVLLALLFSLLILI,34.70756965312672
LLLYWLLTVLLALLFSLLILI,LLLYWLLTVLLALLISLLILI,Left,clash,57.7642,-289.628,212871000000.0,212871000000.0,-74.1887,-285.626,-386.279,4736.35,-49.6096,-26.4644,3894.48,4701.98,46.8699,23.5838,3887.96,4816.97,144.539,32.6245,-12.558,1.10011e+17,14,F,106.303,18.15719534,,,,,0.3656576362797494,0.006860610491657217,L,LLLYWLLTVLLALLFSLLILI,36.56203376426942
LLLFYLLVALLLTLLSTLILI,LLLFYLLVILLLTLLSTLILI,Right,clash,29.7576,-284.164,223088000000.0,223088000000.0,-87.9016,-282.607,-382.43,4722.77,-54.0958,-11.9217,3751.37,4639.11,44.737,5.41639,3751.37,4639.11,44.737,5.41639,-7.98098,1.10011e+17,8,A,125.91321,4.124272061,,,,,0.2286896347949221,0.016223939262840006,R,LLLFYLLVILLALLLSTLILI,21.380822436894256
LLLTALLLALLAVLLSFLILI,LLLTALLLALLAILLSFLILI,Right,clash,25.8668,-272.816,255756000000.0,255756000000.0,-60.4012,-271.583,-365.528,4572.43,-45.0401,-33.5446,3767.06,4578.41,56.4996,35.9922,3755.24,4601.58,81.6192,61.1196,-7.83971,1.10011e+17,12,V,93.8298,27.72426861,,,,,0.345335476671905,0.01254259538718987,R,LLLTALLFALLAYLLSLLILI,32.28636275755768
LLLTALLLALLAVLLSFLILI,LLLTALLLALLAVLLIFLILI,Right,clash,25.8684,-273.406,255756000000.0,255756000000.0,-45.0401,-272.116,-354.531,4599.26,-45.0401,-37.3755,3761.29,4596.09,44.1034,15.1344,3755.24,4601.58,54.8005,20.5591,-7.83971,1.10011e+17,15,S,114.586,11.66693905,,,,,0.4174353334824587,0.03930979037028815,R,LLLTALLLALLAVLLSFLILI,39.02717651404621
LLLTALLIGLLFGLLVLLILI,LLLTALLIGLLFILLVLLILI,GAS,clash,33.3147,-282.245,256873000000.0,256873000000.0,-44.9826,-274.96,-358.055,4683.83,-44.9826,-38.1129,3685.29,4639.21,41.6856,4.93909,3693.01,4636.71,24.642,0.944237,-12.4399,1.10011e+17,12,G,124.88291,3.804509251,,,,,0.2100676726941028,0.023743300132233164,G,LLLTALLIGLLFGLLVLLILI,19.05335173253513
LLLALLLGLLLGVLLGTLILI,LLLALLLILLLGVLLGTLILI,GAS,clash,33.7065,-268.964,298479000000.0,298479000000.0,-58.7607,-267.77,-371.586,4536.03,-58.9398,-45.0552,3464.7,4523.35,61.1458,4.94371,3464.7,4507.79,41.6494,4.5911,-31.4979,1.10011e+17,7,G,124.65169,3.814726449,,,,,0.179506664031868,0.026591175641522944,G,LLLAALLALLLGVLLGTLILI,16.281437140086
LLLYALLALLLGTLLSFLILI,LLLYALLALLLITLLSFLILI,GAS,clash,23.8319,-277.485,335964000000.0,335964000000.0,-74.0925,-279.288,-369.398,4698.8,-52.4525,-16.0176,3852.54,4767.67,52.8358,0.581069,3852.73,4750.34,31.8706,0.217901,-18.5403,1.10011e+17,11,G,129.686731,0.446057276,,,,,0.1398779874137091,0.012100555116551422,G,LLLYSLLALLLGTLLGFLILI,12.687075834431049
LLLAGLLFLLLGVLLGTLILI,LLLAGLLFLLLIVLLGTLILI,GAS,clash,24.583,-268.199,342270000000.0,342270000000.0,-58.8129,-265.422,-348.376,4597.0,-52.2681,-24.1405,3657.04,4620.3,52.2912,1.20109,3657.29,4621.52,39.5926,0.871603,-18.7394,1.10011e+17,11,G,129.06671,0.922016032,,,,,0.4246477065491238,0.04432981020124115,G,LLLAGLLFLLLGTLLGSLILI,38.515979215311006
LLLYFLLAILLTVLLSLLILI,LLLYFLLIILLTVLLSLLILI,Right,clash,33.7697,-283.504,371330000000.0,371330000000.0,-74.345,-285.002,-378.466,4728.74,-49.88,-19.1194,3950.86,4707.42,53.395,9.11801,3950.86,4707.42,53.395,9.11801,-6.17801,1.10011e+17,7,A,120.47739,7.035751269,,,,,0.0419579166398269,0.0008623338184654873,R,LLLYFLLAILLAVLLTLLILI,3.922760934498065
LLLLLLLLAVLFILLSTLILI,LLLLLLLLIVLFILLSTLILI,Left,clash,22.3984,-290.327,490802000000.0,490802000000.0,-74.2392,-280.962,-395.964,4584.52,-49.6034,-40.7637,3639.47,4697.41,50.8988,30.4741,3639.47,4697.41,50.8988,30.4741,-22.091,1.10011e+16,8,A,100.8555,23.20428906,,,,,0.1249742678493177,0.006961014698391324,L,LLLLALLLYVLFLLLSTLILI,12.496151994145183
LLLTFLLGLLLGVLLAILILI,LLLTFLLGLLLIVLLAILILI,GAS,clash,27.4097,-273.456,535218000000.0,535218000000.0,-44.9935,-274.857,-356.624,4640.71,-49.6153,-36.7733,3585.55,4639.12,57.306,4.95378,3586.43,4620.01,36.7586,3.71901,-29.261,1.10011e+17,11,G,125.31402,3.802766301,,,,,0.327353477313298,0.038176835019554545,G,LLLTLLLGLLLGVLLASLILI,29.691293591857
LLLTYLLGVLLGLLLGFLILI,LLLTYLLGVLLILLLGFLILI,GAS,clash,23.9274,-276.904,652728000000.0,652728000000.0,-44.9134,-275.278,-341.019,4654.49,-49.4018,-20.8272,3605.57,4605.91,57.8976,0.0,3605.57,4587.98,37.5506,0.0,-29.2244,1.10011e+17,11,G,130.2678,0.0,,,,,0.1589473266050541,0.016125370098713215,G,LLLTYLLAVLLGLLLAFLILI,14.416684308976272
LLLVGLLLALLGLLLGTLILI,LLLVGLLLALLGLLLITLILI,GAS,clash,27.0181,-265.738,674371000000.0,674371000000.0,-58.7749,-268.074,-372.865,4551.96,-57.8316,-46.0169,3569.19,4471.32,43.6524,8.57077,3572.31,4464.94,25.1792,5.52016,-9.309,1.10011e+17,15,G,121.14963,6.60711037,,,,,0.2562648198737789,0.028533168421087773,G,LLLVALLFALLGLLLGTLILI,23.24348000389373
LLLTALLIALLFVLLSLLILI,LLLTILLIALLFVLLSLLILI,Right,clash,33.8094,-280.681,711800000000.0,711800000000.0,-60.468,-277.475,-376.366,4618.21,-45.1129,-38.4231,3743.24,4676.29,53.1718,13.7391,3743.24,4676.29,53.1718,13.7391,-13.7653,1.10011e+17,4,A,124.7361,9.921704392,,,,,0.4049438201619617,0.024926571162428256,R,LLLTALLVALLFALLSLLILI,37.85931060480573
LLLLALLLLFLTVLLSILILI,LLLLALLLLFLTVLLIILILI,Left,clash,25.1836,-287.769,729537000000.0,729537000000.0,-58.9482,-279.223,-380.246,4618.42,-49.6537,-42.0751,3653.38,4597.16,41.4233,19.3932,3652.7,4593.9,47.7652,19.6671,-17.0934,1.10011e+16,15,S,110.3272,14.95000015,,,,,0.2633662754205472,0.011809368046725239,L,LLLLALLLLFLTVLLSILILI,26.33394109381875
LLLAYLLGLLLGFLLGTLILI,LLLAYLLGLLLIFLLGTLILI,GAS,clash,27.1881,-273.956,742646000000.0,742646000000.0,-58.747,-273.329,-345.72,4613.2,-54.3941,-13.6446,3564.92,4729.9,62.3771,1.81584,3565.83,4708.65,40.6921,1.88847,-28.9835,1.10011e+17,11,G,128.45196,1.393928507,,,,,0.3001448266025492,0.027035307226695022,G,LLLSYLLALLLGFLLGTLILI,27.22344127783389
LLLLVALLLFLLYLLSTLILI,LLLLVALLLFLLYLLITLILI,Left,clash,19.9081,-286.311,980663000000.0,980663000000.0,-58.9326,-282.273,-369.787,4662.37,-49.664,-28.5812,3736.56,4781.21,41.7438,18.5991,3725.42,4781.57,50.723,25.252,-25.4376,1.10011e+16,15,S,111.1213,14.33783738,,,,,0.4107837232236105,0.025646231350661415,L,LLLLVALLLFLLYLLSTLILI,41.07418215333939
LLLLALLLYVLFLLLSTLILI,LLLLALLLYVLFLLLITLILI,Left,clash,30.6103,-284.12,1057040000000.0,1057040000000.0,-58.9141,-282.445,-369.013,4665.91,-49.628,-27.6538,3682.32,4876.53,34.9102,4.92028,3677.47,4863.91,35.7072,4.70719,-9.61096,1.10011e+16,15,S,124.80012,3.792988612,,,,,0.6930820266067489,0.02660387484375907,L,LLLLALLLYVLFLLLSTLILI,69.30113292866466
LLLLALLLYVLFLLLSTLILI,LLLLALLLYVLFILLSTLILI,Left,clash,30.5821,-282.092,1057040000000.0,1057040000000.0,-74.2759,-280.484,-373.807,4601.21,-49.628,-19.0471,3681.11,4800.29,51.9019,4.43065,3677.47,4863.91,112.116,5.8298,-9.61096,1.10011e+16,12,L,125.39135,3.412865308,,,,,0.4729273163572864,0.017159192929647807,L,LLLLALLLYVLFLLLSTLILI,47.28790757557614
LLLAYLLGLLLGTLLSFLILI,LLLAYLLILLLGTLLSFLILI,GAS,clash,24.9504,-274.137,1223310000000.0,1223310000000.0,-74.0929,-276.409,-364.859,4632.22,-56.9961,-14.3563,3656.03,4720.41,57.6678,0.0,3656.15,4704.67,38.0857,0.0,-32.7922,1.10011e+17,7,G,129.5954,0.0,,,,,0.2726156977997195,0.033445986158447905,G,LLLYALLALLLGTLLSFLILI,24.72652127465769
LLLYWLLTVLFLLLASLLILI,LLLYWLLTVLFLLLISLLILI,Left,clash,56.2334,-294.385,1598020000000.0,1598020000000.0,-74.1645,-290.7,-379.248,4783.54,-49.6333,-14.3835,3839.77,4904.26,36.9925,7.43112,3839.77,4904.26,36.9925,7.43112,-12.368,1.10011e+17,14,A,122.45568,5.721228023,,,,,0.0354678537793359,0.0019291231272165793,L,LLLYWLLTVLLALLFSLLILI,3.5464235907113424
LLLYWLLTVLFLLLASLLILI,LLLYWLLTVLFILLASLLILI,Left,clash,56.2296,-290.325,1598020000000.0,1598020000000.0,-74.1645,-286.624,-368.917,4738.84,-49.6333,-8.12858,3845.34,4859.76,50.625,6.9293,3839.77,4904.26,104.551,11.7755,-12.368,1.10011e+17,11,L,123.3385,5.319273067,,,,,0.1328754262756863,0.0045928516214964795,L,LLLYWLLTVLLALLFSLLILI,13.286187241599226
LLLYALLVALLSLLLFTLILI,LLLYALLVILLSLLLFTLILI,Right,clash,26.8494,-280.413,1730620000000.0,1730620000000.0,-74.2851,-274.068,-365.566,4746.03,-49.601,-17.2136,3842.62,4702.21,52.1436,25.6476,3842.62,4702.21,52.1436,25.6476,-7.90531,1.10011e+17,8,A,108.8328,21.40628791,,,,,0.3145672915605229,0.03547790143849121,R,LLLYALLVALLSLLLFTLILI,29.40976057503252
LLLLAVLLFLLATLISLLILI,LLLLIVLLFLLATLISLLILI,Left,clash,42.2143,-282.571,1764450000000.0,1764450000000.0,-74.1808,-276.773,-382.467,4619.28,-51.9207,-31.5129,3602.91,4616.17,57.1294,30.2997,3602.91,4616.17,57.1294,30.2997,-7.80654,1.1011e+16,4,A,123.33092,5.325091849,,,,,0.0414026313495257,0.0006735955322417161,L,LLLLAVLLFLLATLISLLILI,4.139840810470155
LLLYVLLGLLLGTLLAFLILI,LLLYVLLGLLLITLLAFLILI,GAS,clash,25.1505,-276.678,2072310000000.0,2072310000000.0,-58.7144,-278.377,-353.813,4699.38,-53.5438,-16.7222,3720.93,4735.6,56.8653,0.581069,3721.3,4717.76,37.0337,0.290534,-25.0517,1.10011e+17,11,G,129.686731,0.446057276,,,,,0.1872341909946601,0.01882331871380177,G,LLLYVLLTLLLGALLAFLILI,16.982331701140755
LLLLAALVFLLTSLILLLILI,LLLLAALVFLLISLILLLILI,Left,clash,33.7615,-276.225,2114290000000.0,2114290000000.0,-60.4745,-274.388,-372.275,4620.37,-47.5999,-37.4126,3487.06,4597.9,42.4273,71.8838,3474.81,4598.99,62.9876,103.632,-18.3792,1.1011e+16,11,T,58.384,55.18155676,,,,,0.131927831583766,0.004735185123660809,L,LLLLAALVFLLTSLILLLILI,13.191437438276838
LLLLAALVFLLTSLILLLILI,LLLLAALVFLLTILILLLILI,Left,clash,33.762,-277.405,2114290000000.0,2114290000000.0,-58.9371,-275.566,-368.7,4631.65,-49.9308,-34.1976,3475.44,4596.2,43.3731,4.93909,3474.81,4598.99,51.4275,4.86645,-18.3792,1.1011e+16,12,S,124.88291,3.804509251,,,,,0.2725751566331831,0.016346480090215592,L,LLLLAALVFLLTSLILLLILI,27.254735280569857
LLLFALLLILTALLYVLLILI,LLLFALLLILTILLYVLLILI,Left,clash,43.8363,-286.67,2152780000000.0,2152780000000.0,-58.8808,-281.673,-366.188,4764.05,-49.6017,-25.6342,3646.12,4682.16,57.3595,21.6283,3646.12,4682.16,57.3595,21.6283,-8.29746,1.10011e+17,11,A,108.6395,16.60295177,,,,,0.1664203046432321,0.023172880418175234,L,LLLFALLLILTALLYVLLILI,16.640332906300177
LLLFALLLILTALLYVLLILI,LLLFILLLILTALLYVLLILI,Left,clash,48.9759,-285.555,2152780000000.0,2152780000000.0,-58.8808,-281.027,-366.159,4737.04,-49.6017,-26.2507,3646.12,4682.16,43.2893,15.6175,3646.12,4682.16,43.2893,15.6175,-8.29746,1.10011e+17,4,A,108.6395,16.60295177,,,,,0.3810811337710862,0.028666831833928725,L,LLLFALLLILTALLYVLLILI,38.10422618715637
LLLAYLLTVLLAFLLSLLILI,LLLAYLLIVLLAFLLSLLILI,Right,clash,23.0109,-274.695,2397370000000.0,2397370000000.0,-60.3184,-276.868,-358.233,4680.8,-45.1158,-21.0461,3774.9,4716.05,56.1832,24.2306,3761.63,4750.5,86.5569,39.4307,-13.5818,1.10011e+17,7,T,105.3648,18.69711425,,,,,0.5911151543142746,0.03685224207738578,R,LLLAYLLTVLLAFLLSLLILI,55.26498026674659
LLLVGLLFALLGILLTLLILI,LLLVGLLFALLIILLTLLILI,GAS,clash,22.0342,-270.908,2909270000000.0,2909270000000.0,-58.8508,-274.356,-364.224,4647.13,-52.2032,-31.0173,3597.23,4637.24,44.7383,2.1226,3597.7,4635.98,30.1012,2.19523,-27.9109,1.10011e+17,11,G,128.1452,1.629412641,,,,,0.2552114346065257,0.0308750466503917,G,LLLYGLLFALLGILLTLLILI,23.14793688795664
LLLTFLLGVLLGLLLGALILI,LLLTFLLGVLLILLLGALILI,GAS,clash,40.4416,-272.55,5811480000000.0,5811480000000.0,-44.9172,-269.86,-344.573,4677.95,-53.0406,-29.796,3433.44,4601.16,59.0174,0.0,3433.44,4581.57,37.9111,0.0,-37.6168,1.10011e+17,11,G,130.2678,0.0,,,,,0.3019178603670343,0.014987388921502264,G,LLLTFLLAVLLGLLLGSLILI,27.384257244970296
LLLAFLLGTLLGVLLGLLILI,LLLAFLLGTLLIVLLGLLILI,GAS,clash,32.2545,-267.965,6262440000000.0,6262440000000.0,-58.7211,-269.342,-352.064,4619.94,-59.0101,-24.0001,3495.32,4590.99,62.5999,0.0617526,3495.32,4567.44,40.2034,0.0617526,-38.3782,1.10011e+17,11,G,130.2060474,0.047404347,,,,,0.2130961163813787,0.01317916710355034,G,LLLAFLLGLLLGVLLGTLILI,19.32803465749841
LLLAFLLGVLLGTLLGLLILI,LLLAFLLGVLLITLLGLLILI,GAS,clash,32.2444,-267.976,7594340000000.0,7594340000000.0,-58.7088,-266.812,-349.815,4561.04,-59.0099,-24.2949,3444.45,4584.8,62.3883,0.0617526,3444.45,4561.96,40.137,0.0617526,-35.5018,1.10011e+17,11,G,130.2060474,0.047404347,,,,,0.3532593813270048,0.01344893346270345,G,LLLYFLLGVLLGTLLGLLILI,32.0409854544465
LLLAFLLGILLGLLLGTLILI,LLLAFLLGILLILLLGTLILI,GAS,clash,25.0345,-269.638,8026960000000.0,8026960000000.0,-58.7173,-267.301,-353.126,4633.5,-52.9398,-27.1079,3508.73,4596.32,58.0861,0.0,3508.73,4579.29,38.1479,0.0,-25.8973,1.10011e+17,11,G,130.2678,0.0,,,,,0.3061151905729544,0.029223783482183633,G,LLLVFLLAILLGLLLGTLILI,27.76495936693575
LLLYFLLGTLLGVLLALLILI,LLLYFLLGTLLIVLLALLILI,GAS,clash,30.5548,-274.324,8090480000000.0,8090480000000.0,-58.7627,-278.607,-351.086,4775.91,-53.8142,-13.7161,3621.05,4668.2,57.5599,0.0,3621.05,4646.3,36.0399,0.0,-31.0407,1.10011e+17,11,G,130.2678,0.0,,,,,0.2980935600038547,0.009222221547377585,G,LLLYFLLTILLGVLLALLILI,27.037389309433024
LLLYLLLGILLGTLLAFLILI,LLLYLLLGILLITLLAFLILI,GAS,clash,23.3802,-276.96,10143800000000.0,10143800000000.0,-58.7109,-279.399,-357.204,4715.85,-54.4733,-19.0947,3699.52,4716.76,58.4187,0.0,3699.52,4694.57,36.8369,0.0,-28.6375,1.10011e+17,11,G,130.2678,0.0,,,,,0.146759548285364,0.007540985103350429,G,LLLYVLLGILLGLLLAFLILI,13.311240409945825
LLLYLLLGALLGALLTFLILI,LLLYLLLGALLIALLTFLILI,GAS,clash,31.2224,-275.769,13794000000000.0,13794000000000.0,-58.7574,-275.345,-349.705,4697.29,-57.5595,-15.6031,3805.72,4767.04,54.2841,11.4078,3808.41,4744.81,31.2501,8.64772,-23.6808,1.10011e+17,11,G,118.86,8.757190956,,,,,0.0094496203282179,0.0010646534766815725,G,LLLYLLLGALLGTLLSFLILI,0.8570901821463613
LLLLVLLTILLAYLLSFLILI,LLLLVLLTILLIYLLSFLILI,Right,clash,26.0625,-280.38,22845300000000.0,22845300000000.0,-74.296,-284.126,-379.326,4705.53,-49.6634,-20.904,3926.27,4837.41,50.6879,2.89159,3926.27,4837.41,50.6879,2.89159,-11.184,1.10011e+17,11,A,127.37621,2.219727362,,,,,0.5442638672412453,0.0420283288775784,R,LLLYVLLTILLALLLSFLILI,50.88472468259345
LLLYVLLFLLLGALLGTLILI,LLLYVLLFLLLIALLGTLILI,GAS,clash,30.3374,-277.418,29463100000000.0,29463100000000.0,-58.7437,-274.499,-350.197,4715.32,-56.6095,-16.9545,3866.43,4782.17,52.0785,4.57592,3868.07,4783.97,39.2357,3.41378,-10.102,1.10011e+17,11,G,125.69188,3.512702295,,,,,0.1600257510481521,0.014642331143333472,G,LLLYVLLTLLLGALLGFLILI,14.51449850364882
LLLAYLLGLLLGVLLGTLILI,LLLAYLLILLLGVLLGTLILI,GAS,clash,28.9128,-270.805,52121700000000.0,52121700000000.0,-58.7057,-267.024,-352.481,4608.63,-56.8179,-26.7511,3468.21,4599.25,57.2148,0.217901,3468.17,4588.0,39.5012,0.145267,-33.5239,1.10011e+17,7,G,129.377499,0.168139456,,,,,0.4215901258485654,0.027194177806244276,G,LLLAALLALLLGVLLGTLILI,38.238653533585655
LLLALLLGVLLGTLLGFLILI,LLLALLLGVLLITLLGFLILI,GAS,clash,28.0515,-268.87,52682900000000.0,52682900000000.0,-58.6964,-268.747,-353.762,4563.28,-59.1396,-26.318,3565.14,4581.36,62.1988,0.0,3565.14,4558.7,40.137,0.0,-31.9796,1.10011e+17,11,G,130.2678,0.0,,,,,0.189963103230489,0.021724284531506384,G,LLLALLLGFLLGTLLGVLILI,17.22984681857713
LLLYGLLFALLGILLTLLILI,LLLYGLLFALLIILLTLLILI,GAS,clash,29.6716,-280.387,69377100000000.0,69377100000000.0,-58.8346,-279.922,-358.384,4726.53,-52.1659,-19.627,3651.37,4666.15,46.3379,2.9754,3651.6,4660.34,30.3587,2.5396,-19.6027,1.10011e+17,11,G,127.2924,2.284064059,,,,,0.1640320837784167,0.01427871381501771,G,LLLYGLLFALLGILLTLLILI,14.87787696016391
LLLAFLLGTLLGVLLSLLILI,LLLAFLLGTLLIVLLSLLILI,GAS,clash,26.549,-269.1,171751000000000.0,171751000000000.0,-74.0991,-272.564,-371.594,4622.52,-56.3106,-24.9309,3543.62,4612.79,52.978,0.548426,3543.73,4592.44,31.44,0.621059,-30.9358,1.10011e+17,11,G,129.719374,0.420998896,,,,,0.2736005407743132,0.016975977243854523,G,LLLTFLLGILLGVLLSLLILI,24.815847534884192
LLLYVLLALLLGTLLGFLILI,LLLYVLLALLLGTLLIFLILI,GAS,clash,24.2647,-279.86,209576000000000.0,209576000000000.0,-58.7232,-278.266,-354.564,4706.95,-50.507,-17.5747,3723.32,4736.44,44.4223,0.217901,3723.99,4728.28,25.064,0.0726336,-20.6671,1.10011e+17,15,G,129.502499,0.167977435,,,,,0.1113422638767178,0.009807230281314156,G,LLLYSLLALLLGTLLGFLILI,10.09885666429531
LLLTFLLGLLLGYLLSVLILI,LLLTFLLILLLGYLLSVLILI,GAS,clash,36.1433,-280.837,303975000000000.0,303975000000000.0,-60.1731,-279.766,-361.451,4642.1,-47.2691,-21.5116,3598.82,4770.43,52.362,0.0,3598.82,4763.64,37.4562,0.0,-26.1,1.10011e+17,7,G,129.5954,0.0,,,,,0.6116534087713696,0.04978260493821563,G,LLLTFLLGLLLGYLLASLILI,55.477586752224525
LLLAALLFSLLGLLLGTLILI,LLLAALLFSLLILLLGTLILI,GAS,clash,26.2029,-269.309,398548000000000.0,398548000000000.0,-74.0983,-265.846,-364.003,4584.82,-50.9827,-24.0579,3680.84,4648.65,50.1557,3.79317,3681.63,4650.35,36.7318,3.35737,-10.6977,1.10011e+17,11,G,126.47463,2.911824718,,,,,1.9347680570573431,0.08709345005991918,G,LLLVALLFALLGLLLGTLILI,175.48543209534034
LLLALLLGLLLGVLLGTLILI,LLLALLLGLLLIVLLGTLILI,GAS,clash,32.8505,-268.993,1682180000000000.0,1682180000000000.0,-58.7607,-267.864,-371.446,4555.65,-59.4515,-44.821,3463.56,4526.3,61.5384,3.48641,3464.7,4507.79,40.9657,2.39691,-31.4979,1.10011e+17,11,G,126.78139,2.676340585,,,,,0.3586254832651966,0.04414398388831007,G,LLLAALLALLLGVLLGTLILI,32.52769636217332
LLLYALLTALLSVLLFLLILI,LLLYILLTALLSVLLFLLILI,Right,clash,24.296,-278.371,4690330000000000.0,4690330000000000.0,-74.3395,-281.081,-372.619,4711.02,-49.8812,-17.1989,3935.92,4786.07,56.7107,40.0171,3935.92,4786.07,56.7107,40.0171,-11.5768,1.10011e+17,4,A,107.8327,17.8915492,,,,,0.2612305978465773,0.01816021182109916,R,LLLYALLTALLFVLLSLLILI,24.423166500965607
LLLLIVLTWLLALLFSLLILI,LLLLIVLTWLLALLFILLILI,Left,clash,31.6489,-289.525,2.12e+16,2.12e+16,-58.8731,-283.596,-376.713,4682.75,-49.7918,-34.2441,3681.75,4667.82,46.3433,8.27295,3677.17,4668.2,53.8818,8.56286,-15.6319,1.1011e+16,15,S,121.44745,6.377524275,,,,,0.4165830743975061,0.028133713231213293,L,LLLLIVLTWLLALLFSLLILI,41.65405811487573
LLLAFLLGILLGVLLGLLILI,LLLAFLLGILLIVLLGLLILI,GAS,clash,24.3466,-267.029,4.94e+16,4.94e+16,-44.9385,-269.389,-347.73,4589.62,-48.2178,-33.4026,3449.13,4579.19,62.7673,0.0,3449.13,4555.8,40.8105,0.0,-30.8577,1.10011e+17,11,G,130.2678,0.0,,,,,0.3250732114538136,0.0338755142032999,G,LLLTFLLGILLGVLLSLLILI,29.484471157413623
LLLFYLLTALLITLLVLLILI,LLLFYLLTILLITLLVLLILI,Right,clash,38.2192,-280.731,7.59e+17,7.59e+17,-72.5928,-283.376,-374.402,4737.08,-53.9945,-18.4324,3930.77,4697.75,46.0768,6.26152,3930.77,4697.75,46.0768,6.26152,-17.0864,1.10011e+17,8,A,125.06808,4.767790353,,,,,0.3859550445498617,0.027106046556254225,R,LLLFYLLTALLIALLSLLILI,36.08399778828732
LLLLFVLTILLALLYSLLILI,LLLLFVLTILLILLYSLLILI,Left,clash,19.5361,-282.731,1.68e+18,1.68e+18,-74.2097,-283.568,-379.843,4653.3,-54.4823,-22.0651,3958.39,4760.41,48.6551,9.6073,3958.39,4760.41,48.6551,9.6073,-14.9817,1.1011e+16,11,A,120.6605,7.375038191,,,,,0.5288404798256141,0.04539708884731056,L,LLLLFVLTILLALLYSLLILI,52.87865358431559
LLLYVLLAILLTLLLSFLILI,LLLYVLLIILLTLLLSFLILI,Right,clash,20.9991,-283.796,3.81e+18,3.81e+18,-74.3057,-285.588,-382.136,4708.21,-49.8725,-22.2432,4003.97,4776.06,52.3732,17.2464,4003.97,4776.06,52.3732,17.2464,-16.733,1.10011e+17,7,A,112.349,13.30787975,,,,,0.0808448475380156,0.005574046774216996,R,LLLYVLLTILLALLLAFLILI,7.558406972393662
LLLLYLLLFILAVLLSTLILI,LLLLYLLLFILIVLLSTLILI,Left,clash,29.8589,-290.127,5.99e+20,5.99e+20,-74.1493,-283.957,-380.486,4642.53,-49.5143,-22.3805,3593.22,4690.09,48.2843,17.0225,3593.22,4690.09,48.2843,17.0225,-11.9998,1.10011e+16,11,A,113.2453,13.06731211,,,,,0.3249353469117309,0.006122675574195788,L,LLLLYLLLFILAVLLSTLILI,32.49022021217186
LLLLYLLLFILAVLLSTLILI,LLLLYLLLFILAVLLITLILI,Left,clash,29.8815,-288.096,5.99e+20,5.99e+20,-58.7996,-281.844,-365.83,4642.18,-49.5143,-25.1862,3598.89,4684.79,43.9627,31.8266,3593.22,4690.09,54.2647,31.6088,-11.9998,1.10011e+16,15,S,97.8938,24.53476863,,,,,0.6171661548593441,0.03883089755412004,L,LLLLYLLLFILAVLLSTLILI,61.71032012816558
LLLTYLLAVLLGLLLGFLILI,LLLIYLLAVLLGLLLGFLILI,GAS,clash,19.1097,-255.738,225.435,-65.0178,-44.9568,-274.486,-344.594,4170.9,-53.8243,-25.1509,3237.22,4140.85,63.658,41.6357,3232.9,4163.93,90.4624,82.6711,-25.681,1.10011e+17,3,T,127.07203,1.947113864,,,,,0.4778272324824315,0.022861422253883986,G,LLLTYLLAVLLGLLLAFLILI,43.339416346698
LLLYTLLVLLLAFLLSILILI,LLLYTLLILLLAFLLSILILI,Right,clash,15.0769,-266.988,338.407,41.4073,-60.3441,-283.144,-374.961,4293.83,-45.0894,-31.4728,3736.83,4228.66,54.8576,26.5017,3725.68,4253.44,81.4389,31.3781,-11.0904,1.10011e+17,7,V,103.0937,20.44956843,,,,,0.1948622544550299,0.01993537160959181,R,LLLYLLLTVLLAFLLSILILI,18.21820768524141
LLLLYLLLAVLTALLFSLILI,LLLLYLLLAVLTILLFSLILI,Left,clash,20.3696,-274.081,422.795,119.412,-74.2439,-287.039,-382.831,4210.94,-49.671,-21.5484,3350.15,4125.93,50.3537,20.2799,3350.15,4125.93,50.3537,20.2799,-12.7239,1.10011e+16,12,A,118.927,8.392260172,,,,,0.068644226707298,0.0039671103012763045,L,LLLLLLLLAVLTALLFILILI,6.863722470366445
LLLYILLTVLLALLLSFLILI,LLLYILLIVLLALLLSFLILI,Right,clash,11.2089,-267.24,599.92,298.793,-60.4181,-285.231,-376.867,4302.51,-45.0955,-31.2175,3708.3,4249.19,58.7138,31.8991,3694.41,4284.91,88.9916,53.1783,-11.9934,1.10011e+17,7,T,97.6963,24.61437674,,,,,0.171233015964089,0.010518162634004591,R,LLLYALLTVLLALLLSFLILI,16.009045241360276
LLLYSLLVALLATLLTLLILI,LLLYSLLVALLITLLTLLILI,Right,clash,17.104,-271.562,627.262,314.776,-72.5506,-278.607,-383.471,4231.18,-58.0282,-32.3133,3454.3,4149.4,51.3253,31.9575,3454.3,4149.4,51.3253,31.9575,-5.8078,1.10011e+17,11,A,98.3103,24.53215607,,,,,0.4435003703549797,0.03287869878605056,R,LLLYALLVALLFTLLSLLILI,41.4640684426298
LLLYSLLLALLATLLVFLILI,LLLYSLLLALLITLLVFLILI,Right,clash,24.2334,-279.357,663.567,352.62,-58.8092,-276.338,-360.121,4311.02,-55.8229,-24.9738,3499.14,4242.47,52.2833,39.1866,3499.14,4242.47,52.2833,39.1866,-10.482,1.10011e+17,11,A,103.1834,21.43172598,,,,,0.4370195675598607,0.0333803787594928,R,LLLYSLLLALLFALLVTLILI,40.8581603789118
LLLVSLLFLLLYLLATLLILI,LLLVSLLFLLLILLATLLILI,Left,clash,14.8939,-271.047,672.854,364.247,-58.8596,-278.342,-379.633,4215.6,-52.4536,-42.4312,3319.52,4127.4,47.7518,20.9568,3314.55,4167.75,123.221,21.3942,-14.1747,1.10011e+17,11,Y,109.311,16.08747519,,,,,0.1524193392856778,0.005096812436746196,L,LLLYSLLFVLLLLLATLLILI,15.240379186357542
LLLYLLLAVLITLLFSLLILI,LLLYLLLAVLIILLFSLLILI,Left,clash,16.9246,-274.868,691.503,388.416,-60.4566,-283.946,-371.648,4329.9,-45.1439,-27.246,3464.13,4225.02,52.1256,23.3285,3451.95,4255.62,82.9047,32.7509,-12.5799,1.10011e+17,11,T,106.9393,17.90810929,,,,,0.0028361364489579,5.883669923913713e-05,L,LLLYTLLAVLIALLLSLLILI,0.2835847150954702
LLLYSLLVALLFTLLILLILI,LLLYSLLVALLFILLILLILI,Right,clash,20.336,-275.254,756.251,450.311,-45.032,-276.019,-352.725,4339.62,-51.0223,-31.674,3477.45,4264.56,40.334,9.15966,3466.47,4268.87,63.0144,19.3772,-9.98335,1.10011e+17,12,T,120.66234,7.055552988,,,,,0.0718211014285209,0.007094892010070717,R,LLLYALLVALLFTLLSLLILI,6.714752149752765
LLLLYALVFLLTSLLFLLILI,LLLLYALVILLTSLLFLLILI,Left,clash,17.0196,-271.757,818.798,510.706,-74.3283,-276.794,-372.574,4234.52,-53.3546,-21.452,3374.62,4154.79,57.6023,8.54419,3357.04,4294.49,154.565,35.8785,-19.8812,1.1011e+16,8,F,122.78541,6.505913366,,,,,0.4558970420876718,0.03499991943316894,L,LLLLYLLVILLATLLFLLILI,45.58505386466925
LLLYLLLAILVTLLFSLLILI,LLLYLLLAILVILLFSLLILI,Left,clash,19.105,-274.425,901.358,600.94,-60.4221,-284.064,-372.092,4316.78,-45.0986,-27.6058,3495.91,4227.87,52.664,20.1379,3486.24,4248.7,78.0415,28.2632,-11.9428,1.10011e+17,11,T,110.1299,15.45884708,,,,,0.3213191634128814,0.0250429287944185,L,LLLYTLLAILVALLLSLLILI,32.12863874889955
LLLYSLLLALLAVLLTILILI,LLLYSLLLALLAVLLIILILI,Right,clash,15.8107,-267.346,1074.53,771.629,-45.042,-270.494,-362.051,4271.06,-51.3678,-46.5144,3427.38,4077.54,63.1532,44.6468,3399.86,4118.84,94.6858,48.1242,-8.45964,1.10011e+17,15,T,85.0736,34.41771687,,,,,0.2872471156615899,0.03691504422786741,R,LLLYALLLALLTVLLSILILI,26.855522249523705
LLLASLLVGLLFLLLGLLILI,LLLASLLVGLLFILLGLLILI,GAS,clash,12.9954,-258.11,1071.53,775.93,-44.9758,-267.049,-348.596,4063.96,-50.487,-36.5711,3176.74,4053.14,50.6624,5.30935,3172.26,4114.55,108.898,17.4963,-19.4851,1.10011e+17,12,L,124.51265,4.089715148,,,,,0.3431100449822338,0.04531992656048451,G,LLLASLLVGLLFLLLGLLILI,31.12043031738684
LLLYSLLFTLLAVLLALLILI,LLLYSLLFTLLIVLLALLILI,Right,clash,15.1605,-271.561,1124.27,815.797,-58.7649,-278.345,-362.892,4282.39,-52.07,-25.7825,3480.59,4245.28,48.3785,25.1279,3480.59,4245.28,48.3785,25.1279,-5.51293,1.10011e+17,11,A,105.1399,19.28941765,,,,,0.1264516870346973,0.013117953617524991,R,LLLYSLLFTLLAVLLALLILI,11.8223157326701
LLLYVLLTLLLGALLSFLILI,LLLYVLLILLLGALLSFLILI,GAS,clash,13.8812,-261.292,1133.32,837.054,-60.3995,-280.508,-365.25,4268.74,-48.8519,-24.3432,3542.23,4193.94,58.7943,23.4162,3531.86,4230.42,88.6191,42.1472,-9.47255,1.10011e+17,7,T,106.1792,18.06869688,,,,,0.1984499888838936,0.021595941230547915,G,LLLYALLALLLGTLLSFLILI,17.999615985790186
LLLYSLLFVLLAILLTLLILI,LLLYSLLFVLLIILLTLLILI,Right,clash,17.7915,-277.008,1230.24,915.991,-58.9046,-284.257,-373.02,4308.09,-55.0278,-29.859,3540.58,4298.49,43.2945,15.1842,3540.58,4298.49,43.2945,15.1842,-5.71654,1.10011e+17,11,A,115.0836,11.65614219,,,,,0.1346747367567924,0.004475322222414076,R,LLLYSLLFVLLAILLTLLILI,12.591111249596487
LLLYSLLVALLATLLFLLILI,LLLYSLLIALLATLLFLLILI,Right,clash,22.0356,-273.783,1549.73,1242.41,-58.7878,-274.187,-356.197,4309.02,-55.5743,-23.2217,3466.87,4178.88,59.4655,70.3605,3459.85,4212.53,92.2715,91.6504,-6.31342,1.10011e+17,7,V,59.2349,54.29243631,,,,,0.1870116285298618,0.017436018060807197,R,LLLYALLIALLFTLLVLLILI,17.484231092576767
LLLLFVLLITLALLLLSLILI,LLLLIVLLITLALLLLSLILI,Left,clash,15.1966,-270.112,1779.46,1474.95,-74.2301,-282.221,-412.836,4112.9,-49.5903,-56.3848,3324.43,4045.31,48.545,28.0137,3315.79,4160.9,146.28,37.0155,-7.01664,1.10011e+16,4,F,110.4615,20.23012063,,,,,0.936537915224215,0.03761874628695983,L,LLLLIVLLFTLALLLSLLILI,93.644238436605
LLLYALLVALLITLLFLLILI,LLLYALLVALLITLLFILILI,Right,clash,13.899,-265.271,1788.88,1487.92,-58.8507,-273.524,-351.22,4267.08,-49.5895,-18.845,3576.86,4222.68,53.2791,71.7564,3537.32,4305.82,116.293,103.815,-5.40899,1.10011e+17,16,L,57.7064,55.42626917,,,,,0.2366587545064527,0.02382883038840196,R,LLLYALLVALLFTLLSLLILI,22.125877339287992
LLLASLLFLLLGYLLGTLILI,LLLASLLFILLGYLLGTLILI,GAS,clash,15.3806,-262.683,1843.93,1535.89,-58.7329,-283.675,-354.819,4104.88,-60.7315,-12.4114,3177.0,4050.4,48.9006,11.1393,3166.04,4111.27,107.486,27.6026,-18.8019,1.10011e+17,8,L,120.1903,8.481941619,,,,,0.3835808026219395,0.03017088662771705,G,LLLASLLTLLLGYLLGVLILI,34.79116922881546
LLLYILLTLLLGALLAFLILI,LLLYILLILLLGALLAFLILI,GAS,clash,14.8553,-260.612,1898.1,1600.74,-44.9563,-275.501,-349.517,4295.06,-51.6043,-29.0606,3522.67,4209.28,58.7887,18.8726,3511.14,4245.13,88.631,34.5718,-21.875,1.10011e+17,7,T,110.7228,14.56270824,,,,,0.1411642082415913,0.01808943461537477,G,LLLYVLLTLLLGALLAFLILI,12.803737372710849
LLLATLLVGLLFLLLGLLILI,LLLATLLVGLLFILLGLLILI,GAS,clash,14.7682,-259.261,2185.33,1894.13,-44.9989,-268.923,-350.357,4100.15,-46.7077,-36.4353,3173.03,4074.31,50.7456,5.68836,3168.17,4134.96,108.791,21.2396,-21.6244,1.10011e+17,12,L,124.13364,4.381661044,,,,,0.2775902070192266,0.024451841502190628,G,LLLASLLVGLLFLLLGLLILI,25.1777143242138
LLLYSLLFVLLLLLATLLILI,LLLYSLLFVLLILLATLLILI,Left,clash,20.5249,-278.715,2321.5,2013.76,-58.817,-281.422,-366.133,4281.96,-49.5431,-25.8947,3500.39,4247.84,45.3797,16.1401,3496.25,4258.59,86.1616,16.8323,-11.3569,1.10011e+17,11,L,114.1277,12.38993827,,,,,0.6079937753978951,0.05358335171072092,L,LLLYSLLFVLLLLLATLLILI,60.79317574419974
LLLYVLLLILLATLLSFLILI,LLLYVLLLILLITLLSFLILI,Right,clash,14.6821,-272.534,2612.33,2304.88,-74.1087,-285.862,-385.436,4311.73,-49.5949,-25.4659,3594.62,4258.88,53.4023,28.3793,3594.62,4258.88,53.4023,28.3793,-6.57676,1.10011e+17,11,A,101.8885,21.78535294,,,,,0.0978914640427997,0.0036753693915414633,R,LLLYVLLTILLALLLSFLILI,9.152141996569378
LLLYSLLVALLATLLTLLILI,LLLYSLLVILLATLLTLLILI,Right,clash,17.1654,-271.561,2786.57,2474.15,-72.5506,-279.013,-383.427,4244.85,-58.0282,-31.8636,3454.3,4149.4,51.9967,17.7153,3454.3,4149.4,51.9967,17.7153,-5.8078,1.10011e+17,8,A,98.3103,24.53215607,,,,,0.24040033242934,0.0211895318129202,R,LLLYFLLAILLAVLLTLLILI,22.47568774182239
LLLYTLLVGLLFALLGLLILI,LLLITLLVGLLFALLGLLILI,GAS,clash,19.1127,-257.217,2812.9,2526.84,-44.9097,-268.4,-348.929,4100.47,-47.9535,-35.6189,3164.43,4072.24,63.7801,126.772,3355.12,4263.83,185.312,369.551,-20.2698,1.10011e+17,3,Y,124.13364,4.381661044,,,,,0.4768526233092414,0.06063502641781304,G,LLLASLLVGLLFLLLGLLILI,43.25101830267536
LLLYVLLFTLLATLLSLLILI,LLLYVLLFILLATLLSLLILI,Right,clash,11.7652,-265.183,3072.86,2769.84,-74.1186,-282.127,-378.582,4244.55,-49.5999,-22.3371,3509.69,4237.41,47.7319,8.17293,3500.68,4255.3,72.6169,16.3821,-10.9192,1.10011e+17,8,T,123.15667,6.223220051,,,,,0.1781649982732613,0.011754223374806418,R,LLLYVLLTILLALLLSFLILI,16.65713531776892
LLLYSLLLTLLATLLVFLILI,LLLYSLLLILLATLLVFLILI,Right,clash,12.3732,-269.695,3137.48,2825.9,-58.8316,-276.353,-360.228,4305.16,-54.2562,-25.0433,3557.82,4247.2,53.7326,28.1462,3551.46,4274.56,82.4523,44.5955,-10.0894,1.10011e+17,8,T,103.1834,21.43172598,,,,,0.1330915335199723,0.009679114661991329,R,LLLYSLLLILLAVLLTFLILI,12.443093228061215
LLLLTYLLAILFVLLLSLILI,LLLLIYLLAILFVLLLSLILI,Left,clash,21.4932,-273.977,3812.39,3514.8,-60.4159,-286.431,-378.315,4237.81,-45.1,-31.4683,3332.33,4163.32,58.4688,6.48924,3315.42,4199.85,89.8686,7.95099,-6.88991,1.10011e+16,4,T,131.98596,4.686210961,,,,,0.1001974717645797,0.0031124396081008924,L,LLLLTYLLAVLFILLLSLILI,10.01872511954943
LLLYLLLATLLAVLLSILILI,LLLYLLLAILLAVLLSILILI,Right,clash,19.6336,-266.923,4355.71,4063.37,-60.3996,-276.195,-379.289,4244.33,-45.0564,-42.6944,3501.71,4124.02,58.2227,23.946,3491.82,4158.38,87.332,45.3414,-6.3554,1.10011e+17,8,T,107.3836,18.23351324,,,,,0.1870653529518611,0.01941579114530607,R,LLLYLLLTVLLAFLLSILILI,17.489253936433784
LLLYVLLFALLTVLLSLLILI,LLLYVLLFALLTILLSLLILI,Right,clash,14.8066,-264.414,4708.67,4409.36,-74.3017,-282.022,-378.277,4262.1,-49.6954,-21.9534,3551.13,4242.89,46.8706,21.0241,3537.36,4258.05,76.0685,34.5175,-5.15993,1.10011e+17,12,V,108.7979,16.1945587,,,,,0.119369949577668,0.007866955525017132,R,LLLYALLVALLTALLSLLILI,11.160224635934442
LLLYVLLFTLLATLLSLLILI,LLLYVLLFTLLATLLILLILI,Right,clash,11.7844,-266.362,4909.56,4600.88,-72.6321,-276.35,-367.124,4297.02,-54.102,-18.1421,3501.99,4248.9,60.1354,19.9372,3500.68,4255.3,69.7079,25.5332,-10.9192,1.10011e+17,15,S,109.7832,15.36936365,,,,,0.1748625410441696,0.01478957007113461,R,LLLYVLLIALLATLLSLLILI,16.348379515679472
LLLYALLFVLLILLFSLLILI,LLLYALLIVLLILLFSLLILI,Left,clash,16.9239,-273.482,5902.92,5601.21,-60.4445,-283.598,-376.104,4279.54,-45.1547,-32.0612,3612.79,4255.67,52.9578,26.4366,3601.3,4357.76,145.234,32.8721,-10.6362,1.10011e+17,7,F,103.1588,20.39933516,,,,,0.5814953512800185,0.05744778825283554,L,LLLYWLLTVLLALLFSLLILI,58.1436036276297
LLLYSLLLALLFALLTILILI,LLLYSLLLALLFILLTILILI,Right,clash,14.9079,-270.103,6024.83,5714.6,-58.9028,-281.254,-368.177,4297.71,-55.0357,-28.0205,3388.49,4264.35,44.2787,2.94885,3388.49,4264.35,44.2787,2.94885,-14.225,1.10011e+17,12,A,124.6439,3.988615181,,,,,0.0727922861931111,0.0038888414733355982,R,LLLYSLLLALLFALLVTLILI,6.805550882383307
LLLYSLLLILLAVLLTFLILI,LLLYSLLLILLIVLLTFLILI,Right,clash,16.5647,-278.267,6033.78,5722.44,-58.8872,-286.0,-370.959,4343.02,-49.6334,-26.0713,3589.79,4321.95,52.2279,30.8026,3589.79,4321.95,52.2279,30.8026,-9.72298,1.10011e+17,11,A,99.4652,23.64559776,,,,,0.1908603092213224,0.021490305076385767,R,LLLYSLLLILLAVLLTFLILI,17.84405482728261
LLLTSLLAVLIALLFLLLILI,LLLTSLLAVLIILLFLLLILI,Left,clash,18.2947,-277.604,8584.03,8277.68,-44.9965,-272.966,-364.817,4178.22,-47.0339,-46.8546,3212.64,4105.94,48.0833,8.2076,3212.64,4105.94,48.0833,8.2076,-9.84837,1.10011e+17,11,A,122.0602,6.300559309,,,,,0.2244683339938853,0.0020466946560457676,L,LLLTSLLAVLIALLFLLLILI,22.444543726730465
LLLYLLLFVLIALLLTLLILI,LLLYLLLFVLIILLLTLLILI,Left,clash,17.5515,-278.97,9471.81,9160.81,-58.8554,-286.861,-379.761,4370.16,-49.5811,-34.0441,3534.75,4232.88,49.6715,15.3031,3534.75,4232.88,49.6715,15.3031,-12.1728,1.10011e+17,11,A,114.9647,11.74741571,,,,,0.2228856415713989,0.00833391615312276,L,LLLYLLLFVLIALLLTLLILI,22.28629062861895
LLLYLLLFTLLAALLTSLILI,LLLYLLLFILLAALLTSLILI,Right,clash,17.2441,-266.855,10521.8,10219.1,-74.24,-290.715,-385.584,4249.04,-53.1353,-20.6291,3469.27,4262.76,56.2818,11.558,3460.5,4294.59,84.8554,24.6279,-11.3656,1.10011e+17,8,T,119.7716,8.800757788,,,,,0.1166360477725934,0.007729262710162852,R,LLLYLLLAVLLAFLLTSLILI,10.904624642928102
LLLYALLVALLTALLSLLILI,LLLYALLVALLTILLSLLILI,Right,clash,12.9481,-265.172,11680.4,11378.5,-74.2919,-275.845,-385.196,4188.65,-49.6723,-35.0585,3433.79,4108.23,47.3454,13.8889,3433.79,4108.23,47.3454,13.8889,-7.73994,1.10011e+17,12,A,115.9331,10.69841783,,,,,0.2455365053878842,0.011940430592468165,R,LLLTALLVALLFALLSLLILI,22.955882666836327
LLLFLLLTILVALLLSLLILI,LLLFLLLIILVALLLSLLILI,Left,clash,17.6806,-269.146,16333.6,16037.0,-60.3711,-280.251,-388.972,4287.15,-45.0575,-48.35,3385.38,4101.17,44.9609,19.4632,3368.67,4119.16,67.3699,21.2366,-9.91551,1.10011e+17,7,T,110.1322,15.0184343,,,,,0.0537615386640659,0.0019515850580098686,L,LLLFALLTILVALLLSLLILI,5.37560547580314
LLLFLLLTILVALLLSLLILI,LLLFLLLTILVILLLSLLILI,Left,clash,17.5851,-272.396,16461.5,16157.1,-74.1594,-283.663,-400.535,4285.17,-49.5613,-42.7122,3368.67,4119.16,45.9191,14.8409,3368.67,4119.16,45.9191,14.8409,-9.91551,1.10011e+17,11,A,115.4269,11.39260815,,,,,0.0161058318320528,0.002129157732283537,L,LLLFALLTILVALLLSLLILI,1.6104188968575204
LLLYALLFLLLGTLLSILILI,LLLYALLFILLGTLLSILILI,GAS,clash,15.1132,-264.358,17450.9,17148.1,-74.0819,-275.309,-365.167,4191.92,-53.6365,-15.776,3455.52,4203.15,54.5486,13.3637,3441.04,4253.75,110.162,27.0954,-9.67379,1.10011e+17,8,L,117.9659,10.17569535,,,,,0.0548371334440698,0.0013117647017824475,G,LLLYALLFLLLGTLLSILILI,4.973783819823121
LLLYVLLTILLALLLAFLILI,LLLYVLLIILLALLLAFLILI,Right,clash,15.4099,-266.886,23164.3,22867.8,-45.0659,-278.738,-357.937,4286.27,-45.0659,-34.1328,3657.7,4268.11,58.4401,35.7196,3641.96,4302.82,88.6287,59.6095,-8.42499,1.10011e+17,7,T,93.8758,27.56239805,,,,,0.0774873651191119,0.0013488371801308248,R,LLLYVLLTILLALLLAFLILI,7.244506714089666
LLLALLLTVLTSLLFLLLILI,LLLALLLTVLTILLFLLLILI,Left,clash,19.6102,-273.292,26441.1,26133.1,-72.6531,-274.117,-384.719,4198.07,-54.2988,-37.9493,3259.98,4161.65,46.1923,12.2731,3260.05,4163.02,52.8506,12.5709,-10.5163,1.10011e+17,11,S,117.9947,9.421437992,,,,,0.1729680097181834,0.008274872202470439,L,LLLALLLTVLTSLLFLLLILI,17.29503662441341
LLLLAYLLALLFLLTSLLILI,LLLLAYLLILLFLLTSLLILI,Left,clash,17.0506,-275.524,27135.9,26827.5,-74.1866,-285.143,-387.028,4220.28,-49.9233,-27.6983,3280.59,4214.25,51.7902,4.72119,3280.59,4214.25,51.7902,4.72119,-25.4867,1.1011e+16,8,A,135.95305,1.821373069,,,,,0.5278137759123488,0.04160443458967543,L,LLLLAYLVILLFTLLSLLILI,52.77599366580649
LLLFSLLTALLGLLLGVLILI,LLLFILLTALLGLLLGVLILI,GAS,clash,19.2244,-255.009,28378.3,28077.0,-58.7871,-267.89,-356.236,4169.62,-65.5715,-29.5586,3227.02,4019.05,57.2094,6.67956,3213.64,4025.25,67.476,8.23037,-19.8404,1.10011e+17,4,S,131.79564,4.823650733,,,,,0.2852345478462921,0.015571895525050306,G,LLLFSLLTALLGLLLGVLILI,25.87106381808643
LLLTSLLLGLLFALLAYLILI,LLLTSLLLGLLFILLAYLILI,GAS,clash,15.6362,-271.411,29467.5,29162.6,-44.9453,-279.549,-351.221,4202.96,-49.1971,-26.727,3232.71,4199.12,41.1589,1.03799,3232.71,4199.12,41.1589,1.03799,-21.9286,1.10011e+17,12,A,128.78401,0.799548613,,,,,0.1696703168078936,0.018768496326966602,G,LLLTSLLVGLLFALLAYLILI,15.389270434861244
LLLFTLLVALLAYLLSLLILI,LLLFTLLVILLAYLLSLLILI,Right,clash,18.358,-268.683,31269.8,30970.4,-60.2791,-282.908,-369.779,4282.97,-49.0868,-26.5917,3327.27,4222.84,38.6099,15.2953,3327.27,4222.84,38.6099,15.2953,-8.62057,1.10011e+17,8,A,125.97152,3.298036813,,,,,0.3787615318645366,0.04442570960570159,R,LLLWTLLVFLLAILLSLLILI,35.411456518280026
LLLLYFLLLVLATLLLSLILI,LLLLYFLLIVLATLLLSLILI,Left,clash,19.8027,-269.704,33737.7,33431.4,-74.2686,-287.358,-382.978,4211.48,-56.3932,-21.3507,3407.75,4229.53,53.7835,21.0337,3402.28,4292.52,113.781,20.7399,-16.1412,1.10011e+16,8,L,110.2959,16.01596289,,,,,0.1507876250591884,0.005066664107339532,L,LLLLYLLLFVLATLLLSLILI,15.077224407889023
LLLYTLLAILVALLLSLLILI,LLLYTLLAILVILLLSLLILI,Left,clash,16.6271,-276.822,34947.5,34642.2,-60.363,-280.68,-386.543,4241.36,-45.0523,-45.4998,3345.69,4109.7,47.5381,8.06233,3345.69,4109.7,47.5381,8.06233,-12.8594,1.10011e+17,11,A,122.20547,6.189042879,,,,,0.1350612691489937,0.005658737172881282,L,LLLYTLLAVLIALLLSLLILI,13.504749232401217
LLLLYLLLTVLIALLFSLILI,LLLLYLLLIVLIALLFSLILI,Left,clash,17.9002,-273.731,38916.3,38615.3,-60.4294,-287.793,-376.175,4246.88,-45.1058,-27.953,3420.97,4252.13,55.5852,29.6555,3400.19,4282.73,84.2312,39.13,-11.4414,1.10011e+16,8,T,101.6741,22.58097184,,,,,0.6937237814013575,0.06338420853833637,L,LLLLYLLLFVLTALLLSLILI,69.36530186195314
LLLYSLLIALLFVLLTLLILI,LLLYSLLIALLFILLTLLILI,Right,clash,15.0856,-269.72,40305.4,39995.2,-58.8983,-281.172,-365.845,4378.46,-55.6025,-25.7746,3492.89,4286.72,45.3437,10.685,3478.85,4296.13,72.7115,22.4826,-10.2014,1.10011e+17,12,V,119.137,8.230500223,,,,,0.4530958831572732,0.022783468346941053,R,LLLYSLLFVLLAILLTLLILI,42.36117930469733
LLLYLLLAVLITLLFSLLILI,LLLYLLLIVLITLLFSLLILI,Left,clash,17.2277,-278.07,42785.0,42474.5,-74.2762,-287.373,-383.662,4319.34,-49.6774,-22.0132,3451.95,4255.62,49.4912,28.183,3451.95,4255.62,49.4912,28.183,-12.5799,1.10011e+17,7,A,101.4124,21.74691386,,,,,0.812020144763053,0.08074857835333932,L,LLLYLLLTVLALLLFSLLILI,81.19373152480749
LLLYILLGLLLGTLLAFLILI,LLLYILLILLLGTLLAFLILI,GAS,clash,13.6537,-265.228,43793.7,43485.2,-58.718,-278.604,-361.152,4293.4,-56.9037,-23.8302,3497.89,4254.05,59.0402,7.91085,3498.87,4235.61,38.3911,6.33904,-25.5412,1.10011e+17,7,G,121.68455,6.10426759,,,,,0.186527061493388,0.0011208661736779413,G,LLLYSLLALLLGTLLGFLILI,16.918194335617553
LLLVALLLLLTALLFSLLILI,LLLVALLILLTALLFSLLILI,Left,clash,13.1367,-268.316,49398.4,49093.3,-74.2784,-275.017,-384.594,4119.26,-49.8727,-35.2984,3199.33,3991.27,56.6932,8.53017,3187.25,4050.61,116.079,54.6445,-20.5886,1.10011e+17,7,L,121.06523,6.582154922,,,,,0.5811446556467199,0.016058123408364898,L,LLLVALLTILLALLFSLLILI,58.10853764154474
LLLLVALLLLLTALLFSLILI,LLLLVALLLLLTILLFSLILI,Left,clash,10.7796,-270.448,53476.6,53167.3,-74.2423,-284.52,-398.982,4151.78,-49.5893,-40.2195,3242.27,4135.49,50.8219,10.0795,3242.27,4135.49,50.8219,10.0795,-14.5199,1.10011e+16,12,A,119.7425,7.764092373,,,,,0.6890641116788337,0.04599331057747803,L,LLLLYALLFLLTALLFSLILI,68.89938242031754
LLLLYALVFLLTSLLFLLILI,LLLLYALVFLLTILLFLLILI,Left,clash,17.0366,-274.756,64068.2,63760.5,-58.9419,-279.675,-350.952,4292.25,-49.9584,-12.3359,3358.54,4303.64,34.925,0.508435,3357.04,4294.49,37.9222,1.68173,-19.8812,1.1011e+16,12,S,129.313565,0.391640092,,,,,0.697937752949557,0.033169628130376855,L,LLLLYALLFLLTALLFSLILI,69.78665603246762
LLLLVALLLLLTALLFSLILI,LLLLVILLLLLTALLFSLILI,Left,clash,11.4423,-270.386,70031.6,69723.0,-74.2423,-285.409,-399.747,4164.85,-49.5893,-40.0955,3242.27,4135.49,54.8744,14.8047,3242.27,4135.49,54.8744,14.8047,-14.5199,1.10011e+16,5,A,119.7425,7.764092373,,,,,0.2150640688874332,0.013516965326346784,L,LLLLYALLFLLTALLFSLILI,21.50421314359673
LLLYSLLFVLLAILLTLLILI,LLLYSLLFILLAILLTLLILI,Right,clash,17.7828,-274.389,70110.2,69798.6,-58.9046,-282.145,-369.955,4285.11,-55.0278,-28.9045,3554.2,4287.32,47.8776,7.25936,3540.58,4298.49,70.4458,17.6691,-5.71654,1.10011e+17,8,V,124.07024,5.527588602,,,,,0.2471833347381226,0.02727205582605144,R,LLLYFLLAILLAVLLTLLILI,23.10984926857098
LLLLYLLAVLTSLLFSLLILI,LLLLILLAVLTSLLFSLLILI,Left,clash,18.1812,-269.473,84369.2,84064.9,-89.6761,-278.315,-399.118,4120.4,-53.05,-31.1261,3227.16,4004.98,59.9227,26.6488,3220.17,4189.68,178.256,28.8083,-22.2275,1.10011e+17,4,Y,111.8264,19.24445677,,,,,0.0760757855366714,0.004393598357032379,L,LLLLYLLAVLTSLLFSLLILI,7.606802548236952
LLLVLLLTGLLFALLAYLILI,LLLVLLLTGLLFILLAYLILI,GAS,clash,16.1417,-262.909,89977.4,89680.7,-58.7499,-280.623,-358.081,4254.96,-49.9579,-18.7081,3211.96,4238.01,41.0351,1.06438,3211.96,4238.01,41.0351,1.06438,-20.5014,1.10011e+17,12,A,128.75762,0.819876446,,,,,0.1207273414145984,0.017163124040616276,G,LLLVLLLTGLLFALLAYLILI,10.950092749662636
LLLYLLLGALLAFLLSTLILI,LLLYLLLGILLAFLLSTLILI,GAS,clash,16.6278,-263.775,99920.6,99622.8,-74.1744,-288.552,-376.923,4264.3,-50.6609,-14.1969,3515.52,4208.62,59.0221,49.9942,3515.52,4208.62,59.0221,49.9942,-12.4366,1.10011e+17,8,A,128.17231,1.608601665,,,,,0.1303471587111631,0.01647780718828391,G,LLLYLLLGALLAFLLSTLILI,11.822619970074491
LLLYWLLVALLLALLSTLILI,LLLYWLLVALLLILLSTLILI,Right,clash,22.816,-278.045,125368.0,125063.0,-74.2497,-293.741,-399.249,4255.31,-49.6004,-31.2589,3369.4,4108.9,53.3701,14.9216,3369.4,4108.9,53.3701,14.9216,-19.021,1.10011e+17,12,A,114.9004,11.49389164,,,,,0.2826637539608963,0.027531272058853952,R,LLLYWLLLALLVALLSTLILI,26.427011168230187
LLLVSLLLTLLAYLLALLILI,LLLVSLLLTLLIYLLALLILI,Right,clash,17.0482,-268.949,140678.0,140368.0,-58.7633,-277.286,-383.904,4183.31,-57.5098,-47.8541,3225.45,4096.56,58.2014,1.35239,3225.45,4096.56,58.2014,1.35239,-14.1235,1.10011e+17,11,A,128.91541,1.038161388,,,,,8.129168744003751,0.7428948267341142,R,LLLVSLLLTLLAYLLALLILI,760.0183262829461
LLLLFILLAVLLTLLLSLILI,LLLLIILLAVLLTLLLSLILI,Left,clash,14.6686,-270.461,145417.0,145111.0,-74.2506,-282.876,-412.753,4144.88,-49.6536,-55.6271,3357.22,4060.34,59.2047,36.4356,3318.17,4217.06,161.488,38.7517,-10.64,1.10011e+16,4,F,102.0396,26.31200388,,,,,0.5260324514864686,0.03921493576159508,L,LLLLFILLAVLLTLLLSLILI,52.59787939348668
LLLYILLVALLATLLTLLILI,LLLYILLVALLITLLTLLILI,Right,clash,13.5234,-266.132,149971.0,149665.0,-72.5251,-280.548,-386.638,4285.84,-54.1717,-33.5645,3516.6,4180.55,51.7595,18.1437,3516.6,4180.55,51.7595,18.1437,-11.5225,1.10011e+17,11,A,112.1241,13.92800063,,,,,0.1908730215494709,0.019314640807993323,R,LLLYALLVALLFTLLSLLILI,17.84524333777695
LLLFALLTILVALLLSLLILI,LLLFALLIILVALLLSLLILI,Left,clash,20.0204,-268.898,159589.0,159295.0,-60.4007,-277.232,-381.039,4196.23,-45.0946,-43.4056,3292.99,4077.5,46.7794,11.6752,3274.35,4096.73,70.712,13.1949,-6.23415,1.10011e+17,7,T,117.9202,9.008961738,,,,,0.4478032103728473,0.009599832873228117,L,LLLFALLTILVALLLSLLILI,44.77575325371927
LLLGYLLFLLLGVLLASLILI,LLLGYLLILLLGVLLASLILI,GAS,clash,14.6177,-257.977,164574.0,164279.0,-60.364,-279.841,-375.539,4124.51,-51.4808,-35.3337,3196.06,3982.37,57.1455,12.4134,3186.76,4132.2,155.51,52.296,-20.4809,1.10011e+17,7,F,117.182,9.578580721,,,,,0.4718634603225371,0.03298990045000164,G,LLLYGLLFLLLGVLLASLILI,42.798496141519
LLLTSLLFALLGLLLGVLILI,LLLTSLLFILLGLLLGVLILI,GAS,clash,16.0096,-264.444,179863.0,179558.0,-44.9724,-269.89,-353.922,4078.72,-57.3535,-39.0603,3106.62,4048.87,54.0147,7.05984,3106.62,4048.87,54.0147,7.05984,-21.873,1.10011e+17,8,A,124.26976,5.375665501,,,,,0.5134918097850268,0.07670797149869898,G,LLLTVLLAILLGLLLGFLILI,46.57422980953889
LLLTILLAVLLAYLLSLLILI,LLLTILLIVLLAYLLSLLILI,Right,clash,19.2885,-272.227,196393.0,196095.0,-60.281,-282.174,-386.247,4192.89,-45.0092,-43.7923,3335.04,4098.69,55.4704,33.3303,3335.04,4098.69,55.4704,33.3303,-11.4044,1.10011e+17,7,A,128.1227,1.646684752,,,,,0.5018250994755044,0.06560829868780892,R,LLLTILLAVLLAYLLSLLILI,46.91700765486899
LLLYLLLAILVTLLFSLLILI,LLLYLLLIILVTLLFSLLILI,Left,clash,15.7354,-276.806,204185.0,203874.0,-74.2674,-287.888,-384.483,4324.36,-49.8438,-22.3278,3486.24,4248.7,48.8456,27.5407,3486.24,4248.7,48.8456,27.5407,-11.9428,1.10011e+17,7,A,102.0547,21.25129441,,,,,0.1652525178174177,0.004578171714550974,L,LLLYLLLAILVTLLFSLLILI,16.52356613564198
LLLYLLLVALLATLLSFLILI,LLLYLLLVALLITLLSFLILI,Right,clash,9.53404,-263.866,204785.0,204481.0,-74.0594,-284.924,-380.151,4301.46,-49.5292,-21.1677,3594.36,4309.09,51.8322,17.9618,3594.36,4309.09,51.8322,17.9618,-6.01584,1.10011e+17,11,A,112.306,13.7883652,,,,,0.1792787425791685,0.010931622889814592,R,LLLYALLVALLFTLLSLLILI,16.761262333696234
LLLLYYLTALLFVLLLLLILI,LLLLYYLTILLFVLLLLLILI,Left,clash,22.3078,-283.633,211285.0,210974.0,-58.8062,-284.688,-362.446,4384.28,-49.4741,-18.9522,3492.24,4398.97,56.7923,42.93,3492.24,4398.97,56.7923,42.93,-26.5607,1.1011e+16,8,A,88.3996,32.68874648,,,,,0.9614851536907866,0.02548916261679674,L,LLLLYILTFLLAVLLLLLILI,96.13870781079916
LLLATLLVGLLFGLLFLLILI,LLLATLLVILLFGLLFLLILI,GAS,clash,18.4288,-267.025,211732.0,211438.0,-45.0114,-271.629,-342.797,4229.59,-45.0114,-26.1569,3181.98,4220.18,56.5638,9.94352,3196.48,4212.74,40.2136,4.15249,-16.382,1.10011e+17,8,G,121.38608,7.57142335,,,,,0.4110148521965431,0.04107148007652001,G,LLLATLLVGLLFGLLFLLILI,37.27946544921437
LLLYVLLFALLTVLLSLLILI,LLLYVLLFILLTVLLSLLILI,Right,clash,14.8479,-267.033,232137.0,231835.0,-74.2664,-284.468,-382.155,4270.51,-49.8154,-23.4205,3537.36,4258.05,45.0978,2.70328,3537.36,4258.05,45.0978,2.70328,-5.15993,1.10011e+17,8,A,128.62632,2.058393538,,,,,0.1567621828933571,0.004556829842619174,R,LLLYALLTILLTFLLSLLILI,14.65612728914653
LLLYTLLVILLAFLLSLLILI,LLLYTLLVILLAFLLILLILI,Right,clash,15.5508,-267.056,247954.0,247657.0,-45.1094,-277.213,-353.686,4353.18,-45.1094,-31.3631,3654.44,4220.25,56.6198,21.1865,3652.52,4230.55,68.5221,21.4454,-16.9329,1.10011e+17,15,S,108.5339,16.33243499,,,,,0.215686391408233,0.019480718366599373,R,LLLYTLLVLLLAFLLSILILI,20.16511347743996
LLLYLLLTILVALLLSLLILI,LLLYLLLTILVILLLSLLILI,Left,clash,14.0185,-278.337,271333.0,271019.0,-74.198,-285.652,-403.192,4311.41,-49.6238,-43.3413,3397.51,4220.53,48.2368,15.1797,3397.51,4220.53,48.2368,15.1797,-13.8679,1.10011e+17,11,A,115.0881,11.65268777,,,,,0.0863215157095933,0.005171628283292953,L,LLLFALLTILVALLLSLLILI,8.631271054715436
LLLYSLLVALLFTLLILLILI,LLLYSLLVILLFTLLILLILI,Right,clash,20.4312,-278.463,381884.0,381570.0,-58.8088,-279.243,-363.847,4347.41,-55.529,-25.7954,3466.47,4268.87,50.3643,7.83715,3466.47,4268.87,50.3643,7.83715,-9.98335,1.10011e+17,8,A,123.49245,5.967542732,,,,,0.2974641616557354,0.03573429377191269,R,LLLYALLVALLFTLLSLLILI,27.81074195778158
LLLLYVLLALLFTLLSILILI,LLLLYVLLILLFTLLSILILI,Left,clash,18.5944,-277.261,433158.0,432844.0,-74.1368,-283.709,-384.762,4184.44,-55.6265,-26.9165,3344.33,4216.73,52.8675,12.5179,3344.33,4216.73,52.8675,12.5179,-10.8778,1.10011e+16,8,A,118.8117,9.53166689,,,,,0.4095562410074221,0.034755693284687056,L,LLLLYVLLALLFTLISLLILI,40.95144645256221
LLLSYLLAVLLGLLLGTLILI,LLLSYLLIVLLGLLLGTLILI,GAS,clash,20.5901,-269.785,447499.0,447197.0,-58.7719,-283.681,-375.602,4125.59,-52.9094,-33.1491,3239.14,4001.68,63.8201,18.615,3239.14,4001.68,63.8201,18.615,-11.997,1.10011e+17,7,A,129.5954,0.0,,,,,0.3065184284047431,0.03885311869247583,G,LLLAYLLAVLLGLLLGFLILI,27.801533448718068
LLLYLLLFVLTALLLSLLILI,LLLYLLLFVLTILLLSLLILI,Left,clash,17.1495,-278.95,464616.0,464305.0,-74.1712,-286.166,-387.425,4348.87,-49.8892,-27.0882,3424.07,4296.38,49.4361,6.54231,3424.07,4296.38,49.4361,6.54231,-13.0429,1.10011e+17,11,A,123.72549,5.022200421,,,,,0.1952875930464377,0.023682131993109697,L,LLLYALLFVLTALLLSLLILI,19.526767287977982
LLLYVLLIALLFTLLSLLILI,LLLYVLLIILLFTLLSLLILI,Right,clash,13.1701,-269.467,468044.0,467738.0,-74.1173,-285.897,-382.826,4298.51,-49.6004,-22.8118,3493.18,4289.61,50.0102,10.9247,3493.18,4289.61,50.0102,10.9247,-11.4802,1.10011e+17,8,A,120.4049,8.318535958,,,,,0.1534276610543791,0.006536121527991232,R,LLLVALLIALLFTLLSLLILI,14.344373678559547
LLLYSLLLTLLVALLIFLILI,LLLYSLLLILLVALLIFLILI,Right,clash,19.086,-274.816,555837.0,555530.0,-45.07,-276.931,-355.505,4343.24,-50.5846,-33.5036,3648.16,4290.33,57.2495,15.2458,3642.0,4322.16,85.5373,23.4677,-7.44926,1.10011e+17,8,T,116.0838,11.60880715,,,,,0.292713990427157,0.01823126513249676,R,LLLYSLLLILLAVLLTFLILI,27.366635395303778
LLLLYVLLALLFTLISLLILI,LLLLYVLLILLFTLISLLILI,Left,clash,19.799,-277.22,582387.0,582079.0,-74.1064,-285.42,-386.078,4201.1,-51.3696,-26.5514,3338.69,4238.08,51.4693,11.68,3338.69,4238.08,51.4693,11.68,-13.0633,1.1011e+16,8,A,119.6496,8.89365383,,,,,0.0766925905602398,0.002450763693662987,L,LLLLAVLLFLLATLISLLILI,7.668476758919718
LLLLYLLLAVLTALLFSLILI,LLLLYLLLIVLTALLFSLILI,Left,clash,20.5237,-274.079,603885.0,603581.0,-74.2318,-287.912,-383.504,4206.85,-49.7888,-21.3602,3350.15,4125.93,62.0981,38.3197,3350.15,4125.93,62.0981,38.3197,-12.7239,1.10011e+16,8,A,118.927,8.392260172,,,,,0.2783059119971923,0.003278137209386764,L,LLLLLALLYVLTALLFSLILI,27.827752360824043
LLLLYSLTALLFVLLLLLILI,LLLLYSLTILLFVLLLLLILI,Left,clash,17.5854,-277.422,634878.0,634564.0,-58.8393,-279.767,-370.618,4288.73,-54.4661,-32.0116,3417.26,4248.05,59.2731,32.8144,3417.26,4248.05,59.2731,32.8144,-14.0728,1.1011e+16,8,A,98.5152,24.98629403,,,,,0.9573091273383304,0.09523766869043383,L,LLLLYILTFLLAVLLLLLILI,95.72114777280186
LLLWSLLTLLLGVLLAFLILI,LLLWSLLILLLGVLLAFLILI,GAS,clash,16.5407,-264.977,647452.0,647152.0,-44.9904,-277.567,-354.138,4264.05,-52.2665,-31.5808,3348.33,4109.33,39.4264,9.45415,3343.65,4129.95,59.3685,16.1294,-18.8028,1.10011e+17,7,T,120.14125,7.295127759,,,,,0.0981306248894222,0.009895315714069047,G,LLLASLLTLLLGVLLGFLILI,8.900547560567688
LLLYWLLTALLLSLLFVLILI,LLLYWLLTALLLILLFVLILI,Right,clash,22.2054,-279.53,701029.0,700722.0,-58.825,-283.094,-362.189,4348.01,-49.5947,-20.2701,3452.23,4372.01,57.0122,11.274,3448.25,4365.95,57.7331,11.9677,-18.0581,1.10011e+17,12,S,118.548,8.684198364,,,,,0.3027851427488605,0.034671706555217986,R,LLLYWLLTALLLSLLFVLILI,28.30821510318321
LLLTYLLALLLGFLLASLILI,LLLTYLLILLLGFLLASLILI,GAS,clash,14.9558,-264.88,873666.0,873362.0,-60.2985,-287.788,-374.25,4171.46,-54.0298,-26.1638,3200.4,4138.35,56.4625,12.4293,3200.4,4138.35,56.4625,12.4293,-16.6455,1.10011e+17,7,A,129.5954,0.0,,,,,0.7416911248541902,0.04889109073042505,G,LLLTYLLGVLLGLLLASLILI,67.27213996093951
LLLYLLLAVLLAFLLTSLILI,LLLYLLLAVLLIFLLTSLILI,Right,clash,15.4313,-265.035,896282.0,895982.0,-74.2137,-296.565,-388.942,4304.71,-49.8395,-18.1629,3590.06,4255.45,53.4842,5.71172,3590.06,4255.45,53.4842,5.71172,-7.34717,1.10011e+17,11,A,124.55608,4.384598496,,,,,0.1019266458497736,0.00711438336027388,R,LLLYLLLAVLLAFLLTSLILI,9.529402233102894
LLLTWLLVALLLALLFSLILI,LLLTWLLVALLLILLFSLILI,Right,clash,29.3586,-281.688,976337.0,976040.0,-60.3561,-289.009,-387.604,4223.72,-45.0211,-38.2391,3262.02,4224.4,53.2317,12.8541,3262.02,4224.4,53.2317,12.8541,-9.71765,1.10011e+17,12,A,116.9679,9.901326432,,,,,0.7121149572585441,0.06626471651539227,R,LLLTWLLVALLLALLFSLILI,66.57758437305243
LLLLLALLYVLTALLFSLILI,LLLLLALLYVLTILLFSLILI,Left,clash,11.1055,-272.001,979093.0,978778.0,-74.1796,-286.546,-384.611,4163.53,-53.9267,-23.8855,3359.19,4204.26,53.3357,13.4767,3359.19,4204.26,53.3357,13.4767,-10.0435,1.10011e+16,12,A,116.3453,10.38090616,,,,,0.8590709036471186,0.054359355378140295,L,LLLLLALLYVLTALLFSLILI,85.89832747542397
LLLYTLLVALLALLLGLLILI,LLLYTLLVALLILLLGLLILI,GAS,clash,15.4535,-266.935,1006490.0,1006190.0,-44.9829,-275.119,-366.296,4292.15,-46.8063,-46.1941,3367.48,4159.17,56.5347,12.0598,3367.48,4159.17,56.5347,12.0598,-14.7864,1.10011e+17,11,A,118.208,9.257698372,,,,,0.2990180606228569,0.03097418407895856,G,LLLYTLLVGLLFALLGLLILI,27.121242456587403
LLLYTLLVSLLFALLILLILI,LLLYTLLVILLFALLILLILI,Right,clash,17.618,-273.02,1023340.0,1023040.0,-45.0916,-277.222,-353.62,4349.76,-45.0916,-31.3065,3472.32,4279.48,52.6962,10.2393,3472.16,4277.71,57.7972,10.5075,-8.49036,1.10011e+17,8,S,121.0903,7.79664295,,,,,0.2074401269766793,0.009129897914142796,R,LLLYTLLVALLFALLSLLILI,19.394147553528125
LLLLYLLTSLLAVLFLLLILI,LLLLYLLTILLAVLFLLLILI,Left,clash,22.9309,-276.611,1163650.0,1163350.0,-58.8638,-277.87,-367.154,4274.86,-49.5356,-30.4206,3330.6,4265.72,57.6786,14.5296,3330.41,4270.64,66.504,15.0753,-24.2709,1.1011e+16,8,S,116.8,11.0634617,,,,,0.1510047274847206,0.006334173500879576,L,LLLLYLLTVLLAILFSLLILI,15.098932435904992
LLLYSLLLTLLVALLSFLILI,LLLYSLLLILLVALLSFLILI,Right,clash,13.0224,-268.093,1206730.0,1206430.0,-60.4831,-282.411,-370.759,4302.2,-45.1222,-27.8652,3590.57,4207.55,55.0951,19.6038,3578.11,4238.06,86.2154,26.5885,-5.20008,1.10011e+17,8,T,111.7258,14.92717559,,,,,0.1890043130997098,0.01797742513135004,R,LLLYWLLLALLVALLSTLILI,17.67053264926457
LLLYSLLVALLFTLLFLLILI,LLLYSLLVILLFTLLFLLILI,Right,clash,16.2145,-275.008,1240260.0,1239950.0,-58.8425,-281.82,-350.94,4392.16,-55.3444,-10.2774,3445.66,4379.2,50.9678,5.76973,3445.66,4379.2,50.9678,5.76973,-11.9863,1.10011e+17,8,A,125.55987,4.393320318,,,,,0.0928463900194407,0.00861500364852358,R,LLLYALLVALLFTLLSLLILI,8.680464161362035
LLLYSLLLTLLFALLVILILI,LLLYSLLLILLFALLVILILI,Right,clash,14.7259,-272.251,1255520.0,1255210.0,-45.1129,-275.504,-354.544,4326.41,-49.0023,-33.9272,3484.69,4268.26,56.9644,18.9343,3475.19,4292.94,84.1877,27.4448,-11.7525,1.10011e+17,8,T,112.3953,14.41738953,,,,,0.2582341463198306,0.019420111532927862,R,LLLYSLLLALLFALLVTLILI,24.143020012946664
LLLLAVLIFLLATLLSLLILI,LLLLIVLIFLLATLLSLLILI,Left,clash,16.7147,-270.576,1318600.0,1318290.0,-74.1297,-281.105,-390.418,4212.58,-49.6189,-35.1837,3416.8,4063.89,57.6262,28.0785,3416.8,4063.89,57.6262,28.0785,-6.42817,1.1011e+16,4,A,115.642,11.22748676,,,,,0.938302430601731,0.06840692428442079,L,LLLLAVLLFLLATLISLLILI,93.82067197554782
LLLLYVLIALLTLLFSLLILI,LLLLYVLIILLTLLFSLLILI,Left,clash,16.9748,-277.887,1346330.0,1346010.0,-74.2879,-285.993,-387.523,4194.2,-54.0477,-27.2414,3543.69,4249.12,47.6396,14.5597,3543.69,4249.12,47.6396,14.5597,-5.87878,1.1011e+16,8,A,116.7699,11.08638114,,,,,0.102853146972486,0.003789259524259842,L,LLLLYVLIALLFLLTSLLILI,10.284265551321296
LLLALLLTVLTSLLFLLLILI,LLLAILLTVLTSLLFLLLILI,Left,clash,21.4913,-271.229,1371770.0,1371460.0,-88.0789,-272.119,-389.151,4135.55,-54.5526,-28.9524,3283.6,4074.14,58.7377,41.2619,3260.05,4163.02,126.946,51.4456,-10.5163,1.10011e+17,4,L,97.2133,29.79732111,,,,,0.0580456552593376,0.0013269657841306823,L,LLLALLLTVLTSLLFLLLILI,5.803973435515472
LLLLVALLLTLIALLFSLILI,LLLLVILLLTLIALLFSLILI,Left,clash,17.315,-269.973,1375470.0,1375160.0,-74.2394,-284.925,-394.014,4135.37,-49.627,-34.8492,3262.53,4030.24,48.6589,28.8532,3262.53,4030.24,48.6589,28.8532,-8.15537,1.10011e+16,5,A,116.1669,10.51832509,,,,,0.9888563050644126,0.0212303436233602,L,LLLLVALLLLLTALLFSLILI,98.87554375075426
LLLFSLLLLLVALLLTLLILI,LLLFSLLILLVALLLTLLILI,Left,clash,17.3181,-270.197,1385640.0,1385330.0,-58.8864,-278.022,-379.636,4274.37,-51.8271,-42.728,3459.67,4118.96,47.1343,16.7758,3412.56,4124.63,89.5404,37.5791,-11.7867,1.10011e+17,7,L,112.8196,12.94474958,,,,,0.2283947908452612,0.006053777073144569,L,LLLFSLLLLLVALLLTLLILI,22.83714936033501
LLLLYVLIALLFLLTSLLILI,LLLLYVLIILLFLLTSLLILI,Left,clash,18.2025,-277.01,1401930.0,1401620.0,-74.2285,-293.336,-391.04,4243.34,-49.8881,-23.4758,3260.32,4183.67,54.5334,5.37489,3260.32,4183.67,54.5334,5.37489,-29.9475,1.1011e+16,8,A,125.95471,4.092672177,,,,,0.1728811877260267,0.009718391239471153,L,LLLLYLLTALLFLLTSLLILI,17.28635531081905
LLLYSLLIALLFVLLTLLILI,LLLYSLLIILLFVLLTLLILI,Right,clash,15.1316,-272.34,1416580.0,1416270.0,-58.8796,-284.867,-370.249,4354.08,-55.3829,-26.5032,3478.85,4296.13,50.64,5.915,3478.85,4296.13,50.64,5.915,-10.2014,1.10011e+17,8,A,125.4146,4.503935137,,,,,0.014553894606405,0.0006179133673370349,R,LLLYFLLAILLAVLLTLLILI,1.3606836034517535
LLLTSLLAVLLALLFSLLILI,LLLTSLLIVLLALLFSLLILI,Left,clash,22.88,-278.623,1489260.0,1488960.0,-60.369,-276.098,-380.124,4107.93,-48.7587,-43.6572,3180.44,4066.99,59.4404,18.044,3180.44,4066.99,59.4404,18.044,-11.6814,1.10011e+17,7,A,114.9727,11.74127451,,,,,0.2366031865210309,0.010225970554345362,L,LLLTSLLAVLIALLFLLLILI,23.6579051987783
LLLYILLVALLATLLTLLILI,LLLYILLVALLATLLILLILI,Right,clash,13.5242,-262.922,1587620.0,1587320.0,-58.8077,-272.121,-369.334,4302.2,-49.5437,-38.4051,3523.03,4143.27,59.2918,9.67149,3516.6,4180.55,90.6183,12.9316,-11.5225,1.10011e+17,15,T,120.04891,7.45564306,,,,,0.3917507059765434,0.043480424845346734,R,LLLYYLLVFLLATLLSLLILI,36.625850102579406
LLLLVSLLILLTALLFLLILI,LLLLVSLLILLTILLFLLILI,Left,clash,17.7554,-274.076,1662800.0,1662490.0,-58.9351,-277.917,-384.863,4190.32,-52.2145,-48.011,3283.19,4094.13,38.621,3.24539,3283.19,4094.13,38.621,3.24539,-7.46926,1.10011e+16,12,A,126.57661,2.499876754,,,,,0.2817456983979465,0.02176184427333526,L,LLLLVALLLLLTSLLFLLILI,28.17169591361241
LLLYLLLFVLIALLLTLLILI,LLLYILLFVLIALLLTLLILI,Left,clash,18.9816,-274.908,1993400.0,1993090.0,-58.8554,-282.83,-369.621,4313.74,-49.5811,-27.9349,3564.44,4167.06,59.8878,40.7375,3534.75,4232.88,121.801,47.6785,-12.1728,1.10011e+17,4,L,97.7377,29.41862514,,,,,0.1519313387548815,0.0027011430285437303,L,LLLYTLLAVLIALLLSLLILI,15.191584111091275
LLLYWLLLALLVALLSTLILI,LLLYWLLLALLVILLSTLILI,Right,clash,29.3669,-279.207,2135930.0,2135630.0,-74.232,-295.449,-400.485,4249.31,-49.5698,-30.8045,3447.44,4127.59,50.9653,6.04971,3447.44,4127.59,50.9653,6.04971,-11.5575,1.10011e+17,12,A,123.77229,4.660003697,,,,,0.2905110634532262,0.022389250369953054,R,LLLYWLLLALLVALLSTLILI,27.16067769847464
LLLYLLLTVLLALLFSLLILI,LLLYLLLTVLLILLFSLLILI,Left,clash,20.416,-279.547,2377280.0,2376980.0,-74.1713,-286.51,-388.109,4341.55,-49.6038,-27.4272,3463.37,4304.42,54.4127,25.8361,3463.37,4304.42,54.4127,25.8361,-9.49051,1.10011e+17,11,A,104.4317,19.83306696,,,,,0.0004907990804833,3.949622210640545e-05,L,LLLYWLLTVLLALLFSLLILI,0.0490749016885751
LLLYTLLVILLAFLLSLLILI,LLLYTLLVILLIFLLSLLILI,Right,clash,15.5526,-269.086,2397550.0,2397250.0,-60.5144,-286.025,-376.31,4322.28,-45.1094,-29.7709,3652.52,4230.55,51.3525,4.51384,3652.52,4230.55,51.3525,4.51384,-16.9329,1.10011e+17,11,A,125.75396,3.465046619,,,,,0.0417036152550756,0.0027489676423057287,R,LLLYTLLVLLLAFLLSILILI,3.898985599172096
LLLLTLLIALLFVLLYSLILI,LLLLTLLIALLFILLYSLILI,Right,clash,18.8703,-267.762,2836310.0,2836020.0,-60.3755,-289.379,-380.034,4246.09,-45.0607,-30.2788,3449.73,4156.64,53.2072,4.36,3434.77,4177.53,77.4574,14.6997,-7.45389,1.10011e+17,12,V,125.462,3.35844464,,,,,0.8913931983611781,0.003029566082819015,R,LLLLTLLIALLFVLLYSLILI,83.3387998223293
LLLLYVLTALLILLFSLLILI,LLLLYVLTILLILLFSLLILI,Left,clash,15.5408,-277.071,2849470.0,2849160.0,-74.1277,-284.152,-385.436,4224.06,-51.0557,-27.1564,3540.3,4258.02,42.4265,12.4867,3540.3,4258.02,42.4265,12.4867,-5.7224,1.1011e+16,8,A,118.8429,9.50790987,,,,,0.5268402017178488,0.052445781682664096,L,LLLLIVLTWLLALLFSLLILI,52.67864617722814
LLLYTLLISLLFVLLALLILI,LLLYTLLIILLFVLLALLILI,Right,clash,16.6843,-272.625,2883730.0,2883430.0,-45.0785,-280.203,-358.168,4319.29,-45.0785,-32.8856,3470.48,4302.84,46.8572,11.1783,3467.06,4301.75,52.3656,11.9685,-8.81999,1.10011e+17,8,S,120.1513,8.511637894,,,,,0.1951447278611308,0.01139641085516526,R,LLLYTLLIALLAVLLSLLILI,18.244616900265104
LLLGYLLALLLGTLLSFLILI,LLLGYLLILLLGTLLSFLILI,GAS,clash,14.9216,-263.594,2920690.0,2920380.0,-74.0338,-280.064,-370.569,4175.39,-56.2574,-16.4712,3379.08,4117.73,58.8722,7.95178,3379.08,4117.73,58.8722,7.95178,-14.0,1.10011e+17,7,A,121.64362,6.135850501,,,,,0.1448458606174012,0.019003377312806092,G,LLLYALLALLLGTLLSFLILI,13.137666990598213
LLLLYLLAVLTSLLFSLLILI,LLLLYLLAVLTILLFSLLILI,Left,clash,17.9202,-275.001,3012710.0,3012400.0,-74.2892,-282.165,-378.098,4239.73,-49.7772,-21.644,3221.83,4182.09,53.1187,8.35287,3220.17,4189.68,63.0016,8.78819,-22.2275,1.10011e+17,11,S,121.91493,6.412075739,,,,,0.0931241743785157,0.0022211469804546175,L,LLLLYLLAVLTSLLFSLLILI,9.311467531590472
LLLLYVLTSLLFALLLLLILI,LLLLYVLTILLFALLLLLILI,Left,clash,16.0558,-274.363,3096190.0,3095880.0,-58.8406,-277.745,-366.93,4305.55,-49.5125,-30.3437,3294.21,4247.93,58.598,10.0871,3292.26,4263.01,69.909,10.752,-30.3893,1.1011e+16,8,S,121.2425,7.680751331,,,,,0.5463113529099815,0.022698002476266823,L,LLLLYVLTSLLFALLLLLILI,54.62556268240212
LLLSYLLVILLAFLLTLLILI,LLLSYLLVILLIFLLTLLILI,Right,clash,18.6589,-277.736,3508950.0,3508640.0,-58.9041,-284.429,-370.652,4267.95,-50.4325,-27.3195,3496.73,4248.12,50.1315,9.04208,3496.73,4248.12,50.1315,9.04208,-17.525,1.10011e+17,11,A,121.22572,6.94114739,,,,,0.3149543191011773,0.009530974766921378,R,LLLSYLLTILLAFLLSLLILI,29.445944843429032
LLLYWLLVALLISLLTLLILI,LLLYWLLVALLIILLTLLILI,Right,clash,19.3465,-276.175,4016660.0,4016350.0,-58.9313,-285.958,-381.992,4303.82,-49.8599,-37.1035,3408.4,4168.25,46.7485,6.20553,3407.99,4172.32,55.4497,6.28872,-17.7972,1.10011e+17,12,S,123.61647,4.780029579,,,,,0.3375003985294587,0.03272954993012669,R,LLLYWLLVALLAFLLSLLILI,31.55383976982777
LLLSYLLTVLLALLLSFLILI,LLLSYLLTVLLILLLSFLILI,Right,clash,20.1468,-278.361,4856680.0,4856370.0,-74.1326,-285.625,-384.26,4201.14,-49.4887,-24.5015,3513.59,4246.95,48.2645,2.77373,3513.59,4246.95,48.2645,2.77373,-9.83905,1.10011e+17,11,A,127.49407,2.129252202,,,,,0.331474384340221,0.012226468137966772,R,LLLYALLTVLLALLLSFLILI,30.99045114271385
LLLLAVLIFLLATLLSLLILI,LLLLAVLIFLLITLLSLLILI,Left,clash,13.8962,-271.031,5065500.0,5065190.0,-74.1297,-279.287,-391.76,4131.17,-49.6189,-38.3434,3416.8,4063.89,45.9181,14.6258,3416.8,4063.89,45.9181,14.6258,-6.42817,1.1011e+16,11,A,115.642,11.22748676,,,,,0.7658675813015056,0.05661411932275612,L,LLLLAVLLFLLATLISLLILI,76.57894595446677
LLLLFLLLAVLYLLLSTLILI,LLLLFLLLIVLYLLLSTLILI,Left,clash,12.7113,-277.284,5762990.0,5762670.0,-74.1684,-296.441,-400.921,4201.63,-53.7999,-30.311,3288.64,4287.51,39.9817,4.43065,3288.64,4287.51,39.9817,4.43065,-8.17684,1.10011e+16,8,A,126.89895,3.373687272,,,,,0.563859177108099,0.04589642745921405,L,LLLLALLLYVLFLLLSTLILI,56.38016610692949
LLLTALLFLLLGYLLGSLILI,LLLTALLFLLLGYLLISLILI,GAS,clash,16.4379,-268.957,6058340.0,6058030.0,-60.326,-280.29,-367.167,4142.67,-58.1195,-26.551,3174.16,4192.66,60.8303,8.18466,3174.58,4176.7,41.3995,7.83405,-22.501,1.10011e+17,15,G,121.53574,6.309462506,,,,,0.1257103773729289,0.010697687616693034,G,LLLYALLFLLLGTLLGSLILI,11.402059183109047
LLLFSLLTILVALLLSLLILI,LLLFSLLIILVALLLSLLILI,Left,clash,18.4301,-269.805,6106830.0,6106530.0,-60.3677,-277.721,-382.557,4215.6,-46.5165,-44.4683,3376.33,4046.05,46.5813,18.8095,3357.88,4062.85,69.6971,20.8336,-8.1722,1.10011e+17,7,T,110.7859,14.51401824,,,,,0.2163629299326066,0.009714232945018827,L,LLLFALLTILVALLLSLLILI,21.634085999177923
LLLFSLLTILVALLLSLLILI,LLLFSLLTILVILLLSLLILI,Left,clash,18.3415,-273.088,6111070.0,6110770.0,-74.1687,-281.434,-394.568,4218.77,-50.8602,-38.965,3357.88,4062.85,45.7847,8.10457,3357.88,4062.85,45.7847,8.10457,-8.1722,1.10011e+17,11,A,122.16323,6.221468391,,,,,0.0223302702580291,0.00018979069717764386,L,LLLFALLTILVALLLSLLILI,2.2327992475308185
LLLYALLLVLITLLFSLLILI,LLLYALLLVLIILLFSLLILI,Left,clash,16.8274,-274.058,6800440.0,6800140.0,-60.4587,-283.682,-372.579,4318.46,-45.1515,-28.4389,3532.23,4193.67,51.3883,24.4782,3514.77,4225.07,82.1389,36.8442,-10.5313,1.10011e+17,11,T,105.7896,18.79067582,,,,,0.2030335035986468,0.012654858397161095,L,LLLYALLLVLITLLFSLLILI,20.30127933161054
LLLYLLLTILVALLLSLLILI,LLLYLLLIILVALLLSLLILI,Left,clash,14.0398,-275.114,6982270.0,6981960.0,-60.3989,-283.123,-392.486,4307.49,-45.1129,-48.9641,3411.98,4192.45,54.8059,25.645,3397.51,4220.53,83.7799,36.5789,-13.8679,1.10011e+17,7,T,103.9504,19.78851101,,,,,0.0883422236909112,0.0024435019203669626,L,LLLFALLTILVALLLSLLILI,8.833321240764736
LLLLYVLLALLFTLLSILILI,LLLLYVLLALLFTLLIILILI,Left,clash,18.4502,-275.233,7288540.0,7288230.0,-58.8738,-276.442,-363.785,4221.89,-53.0735,-28.469,3345.03,4225.02,54.9977,33.1343,3344.33,4216.73,57.0431,33.4337,-10.8778,1.10011e+16,15,S,96.5861,25.54285987,,,,,0.8068236023066785,0.09888054895251563,L,LLLLYVLLALLFTLISLLILI,80.67413028611746
LLLTVLLALLLGFLLGSLILI,LLLTVLLALLLGFLLISLILI,GAS,clash,17.1156,-263.933,7294340.0,7294040.0,-60.3442,-276.291,-375.275,4121.97,-54.6226,-38.64,3184.77,4005.67,58.6216,2.59361,3184.77,3992.71,40.8756,2.59361,-21.2463,1.10011e+17,15,G,127.12679,1.999384831,,,,,0.2294878966939543,0.030662565982653954,G,LLLTVLLGLLLGFLLSALILI,20.814785816363013
LLLLYLLVALLLFLTSLLILI,LLLLYLLVALLIFLTSLLILI,Left,clash,13.2946,-273.179,7524550.0,7524240.0,-74.1956,-287.066,-382.574,4230.79,-49.8365,-21.3121,3338.09,4207.92,55.4413,12.9811,3309.1,4273.02,115.862,47.0047,-23.9714,1.1011e+16,11,L,117.2867,9.964933775,,,,,0.411785716825563,0.02564043337073615,L,LLLLYLLVALLTILFSLLILI,41.174371292772925
LLLSYLLTVLLAILLSLLILI,LLLSYLLTVLLIILLSLLILI,Right,clash,15.5219,-271.822,7578380.0,7578080.0,-74.2306,-283.327,-397.508,4183.05,-49.5267,-39.9501,3390.99,4095.01,50.5535,2.39837,3390.99,4095.01,50.5535,2.39837,-8.17484,1.10011e+17,11,A,127.86943,1.841107319,,,,,0.3486432364798444,0.0273932330833747,R,LLLAYLLTVLLAFLLSLLILI,32.59561431231602
LLLSSLLALLLGVLLGTLILI,LLLSSLLALLLGVLLITLILI,GAS,clash,15.8,-264.781,8106350.0,8106050.0,-58.7566,-269.538,-377.215,4066.29,-59.5072,-48.9203,3082.89,3917.34,63.7661,6.59767,3082.63,3894.77,41.9608,6.44712,-21.5114,1.10011e+17,15,G,123.12273,5.086069732,,,,,0.1536170990375132,0.018418567134774022,G,LLLAALLALLLGVLLGTLILI,13.933227243182523
LLLFALLLLLVSLLLTLLILI,LLLFALLILLVSLLLTLLILI,Left,clash,14.4105,-270.654,8143850.0,8143540.0,-74.3103,-278.434,-392.172,4251.83,-49.6676,-39.4282,3322.58,4115.37,37.9197,5.54265,3305.81,4120.97,80.6472,27.5795,-16.8039,1.10011e+17,7,L,124.05275,4.276887914,,,,,0.962449630343328,0.08165030398998167,L,LLLFSLLLLLVALLLTLLILI,96.23514563798048
LLLAYLLGVLLGLLLGFLILI,LLLAYLLIVLLGLLLGFLILI,GAS,clash,13.5409,-259.458,8438030.0,8437730.0,-44.9046,-274.89,-345.359,4154.56,-54.3185,-25.5647,3179.43,4084.23,59.8771,2.52337,3180.94,4069.29,40.968,2.23284,-31.4568,1.10011e+17,7,G,127.07203,1.947113864,,,,,0.3202023267770064,0.0012568869655551337,G,LLLTYLLAVLLGLLLAFLILI,29.04267695935552
LLLLFLLLYVLALLLSTLILI,LLLLILLLYVLALLLSTLILI,Left,clash,12.2826,-271.786,8508020.0,8507710.0,-74.1831,-290.708,-404.184,4211.28,-49.6137,-39.2923,3361.49,4162.54,41.7916,18.7188,3341.39,4191.98,115.328,39.2976,-6.49473,1.10011e+16,4,F,119.7564,13.51779958,,,,,2.8690492692190737,0.06668428197413087,L,LLLLALLLYVLFLLLSTLILI,286.87566139679075
LLLTYLLVILLAFLLSLLILI,LLLTYLLVILLAFLLILLILI,Right,clash,20.1277,-275.778,8928130.0,8927830.0,-45.1141,-277.15,-354.295,4304.71,-45.1141,-32.0316,3440.57,4216.04,56.7816,20.4758,3438.77,4225.65,67.9123,19.7801,-5.54929,1.10011e+17,15,S,109.2446,15.78456434,,,,,0.3309010149444407,0.028608728958559784,R,LLLTYLLTVLLAFLLSLLILI,30.93684526218096
LLLTYLLVILLAFLLSLLILI,LLLTYLLVILLIFLLSLLILI,Right,clash,20.1327,-277.808,9129520.0,9129220.0,-60.512,-286.25,-377.182,4280.33,-45.1141,-30.4202,3438.77,4225.65,50.8226,4.78755,3438.77,4225.65,50.8226,4.78755,-5.54929,1.10011e+17,11,A,125.48025,3.67515994,,,,,0.1972442073993867,0.011540573669628462,R,LLLTYLLTVLLAFLLSLLILI,18.440903012040984
LLLLYYLIVLLLTLFLLLILI,LLLLYYLIVLLITLFLLLILI,Left,clash,20.1567,-283.014,9151720.0,9151410.0,-58.8727,-284.839,-360.917,4324.02,-49.6132,-17.2052,3512.82,4390.44,48.5248,22.7559,3488.88,4437.06,104.49,51.0189,-26.7413,1.1011e+16,11,L,107.5119,17.46855324,,,,,0.2711964105007811,0.008028949617348197,L,LLLLYYLIVLLLTLFLLLILI,27.116874731127723
LLLYALLFLLLGTLLGSLILI,LLLYALLFLLLGTLLISLILI,GAS,clash,16.9802,-266.898,9265690.0,9265380.0,-74.1625,-281.697,-373.194,4254.69,-60.254,-17.3339,3273.97,4250.24,63.5894,4.40105,3273.68,4227.06,41.6488,4.2505,-29.1246,1.10011e+17,15,G,125.31935,3.392720035,,,,,0.1928889762473452,0.005404120883961824,G,LLLAGLLFLLLGTLLGSLILI,17.4952264793309
LLLLYYLIVLLLTLFLLLILI,LLLLYYLIVLLLTLFILLILI,Left,clash,20.1558,-283.014,9324130.0,9323820.0,-58.8727,-284.167,-360.042,4328.52,-49.6132,-17.0028,3506.84,4374.84,61.3205,23.7182,3488.88,4437.06,120.573,32.0299,-26.7413,1.1011e+16,15,L,106.0022,18.2840941,,,,,0.1011745841396851,0.008006804250210617,L,LLLLYYLIVLLLTLFLLLILI,10.116426390097374
LLLLYYLTALLFVLLILLILI,LLLLYYLTILLFVLLILLILI,Left,clash,22.546,-283.884,9700420.0,9700110.0,-58.813,-284.066,-359.375,4365.39,-49.4941,-16.4959,3476.75,4339.96,55.5737,44.7792,3476.75,4339.96,55.5737,44.7792,-24.8151,1.1011e+16,8,A,86.5504,34.09680681,,,,,0.2232615456941918,0.006623488393868776,L,LLLLYLLTFLLAVLLILLILI,22.32387720651601
LLLLVFLLALLYLLTSLLILI,LLLLVFLLALLYLLTILLILI,Left,clash,19.3843,-272.737,9902870.0,9902570.0,-58.7981,-278.752,-367.931,4260.85,-49.4763,-30.3812,3322.74,4174.13,58.405,20.5519,3321.94,4180.72,68.0765,20.4664,-18.9478,1.1011e+16,15,S,109.1685,15.84322898,,,,,3.0281778178549863,0.12090315242496062,L,LLLLVFLLALLYLLTSLLILI,302.78689308137746
LLLTALLIALLFLLLSVLILI,LLLTALLIALLFILLSVLILI,Right,clash,16.5385,-267.899,10182900.0,10182600.0,-60.4683,-274.394,-371.667,4097.38,-45.0946,-36.8049,3265.08,4039.23,52.7345,10.1271,3263.63,4086.49,107.619,10.6686,-5.65405,1.10011e+17,12,L,119.6949,7.800757961,,,,,0.1563067713807008,0.006444564061405869,R,LLLTALLVALLFALLSLLILI,14.613549615276206
LLLYLLLVALLATLLSFLILI,LLLYLLLVILLATLLSFLILI,Right,clash,9.54857,-263.866,10251700.0,10251400.0,-74.0594,-283.917,-379.293,4294.23,-49.5292,-21.3169,3594.36,4309.09,50.1991,33.6681,3594.36,4309.09,50.1991,33.6681,-6.01584,1.10011e+17,8,A,112.306,13.7883652,,,,,0.0433225166685508,0.003661611070233499,R,LLLYVLLTILLALLLSFLILI,4.050341141347805
LLLYTLLVALLFALLSLLILI,LLLYTLLVILLFALLSLLILI,Right,clash,18.742,-271.777,10779900.0,10779600.0,-60.4371,-281.759,-368.063,4280.06,-45.0493,-25.8665,3429.76,4253.17,56.4837,9.64571,3429.76,4253.17,56.4837,9.64571,-10.4326,1.10011e+17,8,A,125.18073,3.575102833,,,,,0.2772857603485545,0.02117717331181504,R,LLLTALLVALLFALLSLLILI,25.924207765726425
LLLYVLLTILLALLLSFLILI,LLLYVLLIILLALLLSFLILI,Right,clash,11.5095,-266.89,10960000.0,10959700.0,-60.433,-284.461,-376.775,4287.16,-45.1169,-31.8805,3721.62,4220.93,57.3013,38.9044,3709.45,4257.5,88.5971,64.5848,-7.67668,1.10011e+17,7,T,90.691,30.01989268,,,,,0.1850222191368908,0.017050197724181922,R,LLLYALLTVLLALLLSFLILI,17.298235741175976
LLLYLLLTVLLALLFSLLILI,LLLYILLTVLLALLFSLLILI,Left,clash,22.1295,-275.439,13958700.0,13958400.0,-74.2226,-282.801,-378.962,4260.87,-49.8572,-21.9385,3483.83,4221.6,54.8591,35.8513,3463.37,4304.42,122.785,46.0856,-9.49051,1.10011e+17,4,L,102.6239,25.89005107,,,,,0.1504968810486245,0.007174041811808906,L,LLLVALLTILLALLFSLLILI,15.048152972545436
LLLSYLLTILLAFLLTLLILI,LLLSYLLTILLIFLLTLLILI,Right,clash,13.9854,-273.039,14233500.0,14233200.0,-72.6902,-285.728,-378.476,4263.76,-54.2946,-20.0581,3416.67,4220.45,50.6109,7.74993,3416.67,4220.45,50.6109,7.74993,-10.6211,1.10011e+17,11,A,122.51787,5.949229203,,,,,0.4739564295712548,0.05172620700184292,R,LLLSYLLTILLAVLLSLLILI,44.31148911744376
LLLLAYLVILLFTLLSLLILI,LLLLAYLIILLFTLLSLLILI,Left,clash,12.8185,-273.088,14581700.0,14581300.0,-74.1907,-284.238,-380.952,4216.69,-49.6736,-22.5234,3577.67,4208.44,59.841,40.3241,3555.05,4240.01,90.7013,39.1506,-8.13862,1.1011e+16,7,V,89.2713,31.1153791,,,,,0.2224569995440866,0.006117700873770773,L,LLLLAVLIFLLATLLSLLILI,22.243430798219062
LLLTSLLLALLFVLLILLILI,LLLTILLLALLFVLLILLILI,Right,clash,25.8574,-274.848,14605500.0,14605300.0,-45.1106,-274.241,-372.727,4237.43,-45.1106,-53.3754,3292.88,4104.26,55.201,6.86907,3278.54,4109.92,65.0439,8.89237,-5.87644,1.10011e+17,4,S,131.60613,4.960505563,,,,,0.0160584257385614,0.0016513230040494902,R,LLLTALLIALLFVLLSLLILI,1.5013463537170302
LLLSYLLGLLLGFLLATLILI,LLLSYLLILLLGFLLATLILI,GAS,clash,13.2406,-262.257,14724900.0,14724600.0,-58.7127,-285.3,-366.576,4179.53,-54.4159,-22.5632,3282.99,4187.41,56.1412,0.363168,3283.45,4176.44,38.3205,0.581069,-22.945,1.10011e+17,7,G,109.5179,15.49244803,,,,,0.7826499544065786,0.06650621435005018,G,LLLSYLLALLLGFLLGTLILI,70.98714749163665
LLLSYLLVALLTFLLTLLILI,LLLIYLLVALLTFLLTLLILI,Right,clash,24.5309,-264.884,15294000.0,15293700.0,-72.693,-282.139,-373.568,4244.03,-55.406,-18.736,3456.5,4136.68,60.4773,50.9314,3459.21,4148.23,72.1068,72.1318,-11.0706,1.10011e+17,3,S,118.7994,30.00716429,,,,,0.4188092982828882,0.020624836643321983,R,LLLTYLLVALLTFLLSLLILI,39.15563225913877
LLLTSLLVGLLAYLLGLLILI,LLLTSLLVGLLAYLLILLILI,GAS,clash,18.0448,-271.388,15869600.0,15869300.0,-44.9603,-268.925,-356.337,4187.24,-54.6189,-42.4519,3187.22,4093.1,57.6008,3.83429,3186.99,4079.63,39.0307,3.75438,-9.47755,1.10011e+17,15,G,125.88611,2.955811114,,,,,0.3014740782921172,0.03534996807603781,G,LLLTSLLVGLLAYLLGLLILI,27.344005759067937
LLLYTLLVALLSTLLFLLILI,LLLYTLLVILLSTLLFLLILI,Right,clash,20.7547,-276.55,16463200.0,16462900.0,-74.2629,-280.027,-376.723,4311.43,-49.5963,-22.4335,3463.04,4272.83,48.2135,11.6531,3463.04,4272.83,48.2135,11.6531,-5.78509,1.10011e+17,8,A,119.6765,8.873171014,,,,,0.2272923931677355,0.017851146355947648,R,LLLYSLLVALLATLLFLLILI,21.25019047729932
LLLTYLLGVLLGLLLASLILI,LLLTYLLIVLLGLLLASLILI,GAS,clash,18.1401,-264.075,18365400.0,18365100.0,-60.2796,-285.309,-385.325,4120.55,-52.5212,-39.7361,3196.73,4081.97,58.7703,1.30741,3197.49,4069.15,40.5375,1.23477,-13.2764,1.10011e+17,7,G,128.28799,1.00883982,,,,,0.4464171790460506,0.03403480732251914,G,LLLTYLLAVLLGLLLAFLILI,40.49049252902632
LLLYLLLATLLFVLLSILILI,LLLYLLLAILLFVLLSILILI,Right,clash,15.7332,-268.806,19163200.0,19162900.0,-60.44,-280.826,-371.075,4325.66,-45.0716,-29.8088,3539.04,4246.04,58.23,10.5101,3528.46,4277.22,86.2434,14.0134,-10.9951,1.10011e+17,8,T,120.8195,8.002841705,,,,,0.180926621352934,0.009198812510726262,R,LLLYFLLAILLTVLLSLLILI,16.915327048920442
LLLYALLVALLITLLFLLILI,LLLYALLVALLIILLFLLILI,Right,clash,13.903,-266.116,19231400.0,19231100.0,-45.0894,-275.315,-351.598,4309.86,-45.0894,-31.193,3541.89,4289.62,56.7877,8.64803,3537.32,4305.82,80.3557,9.19237,-5.40899,1.10011e+17,12,T,121.17397,6.661451834,,,,,0.1949448225049992,0.008558602274612732,R,LLLYALLVALLFTLLSLLILI,18.22592719914477
LLLYSLLVALLFLLLATLILI,LLLYSLLVALLFLLLITLILI,Right,clash,14.8896,-272.163,19745200.0,19744900.0,-58.8495,-280.934,-361.969,4309.7,-54.1851,-22.1859,3450.82,4288.64,50.7226,27.1438,3450.82,4288.64,50.7226,27.1438,-10.0953,1.10011e+17,15,A,102.5766,20.92485068,,,,,0.4073698846376548,0.006288578108064258,R,LLLYSLLLALLFALLVTLILI,38.08613003989629
LLLTYLLGVLLGILLALLILI,LLLTYLLIVLLGILLALLILI,GAS,clash,16.9268,-264.936,19753500.0,19753200.0,-44.9618,-274.555,-365.373,4171.42,-54.4115,-45.8562,3237.5,4075.52,56.9445,5.39738,3239.81,4067.64,40.6507,4.81631,-17.05,1.10011e+17,7,G,129.178933,0.417410831,,,,,0.3358604110902133,0.03617478923229154,G,LLLTYLLAVLLGLLLAFLILI,30.462881144278622
LLLALLLFVLTSLLYLLLILI,LLLALLLFVLTILLYLLLILI,Left,clash,17.8572,-277.027,20215300.0,20214900.0,-58.8916,-277.89,-370.221,4267.94,-57.0374,-33.4396,3292.28,4229.02,45.4864,9.66027,3291.34,4234.29,54.7481,9.60483,-14.4737,1.10011e+17,11,S,120.60753,7.41570058,,,,,0.2462396432453922,0.023477044508583168,L,LLLALLLTVLTSLLFLLLILI,24.62145257524951
LLLALLLFVLTSLLYLLLILI,LLLAILLFVLTSLLYLLLILI,Left,clash,19.4772,-274.962,20240700.0,20240300.0,-74.2728,-275.87,-373.933,4210.28,-58.0299,-23.7902,3317.55,4155.33,57.8193,29.0126,3291.34,4234.29,123.095,39.3247,-14.4737,1.10011e+17,4,L,109.4626,20.95147723,,,,,0.1251606747115357,0.004792711513393802,L,LLLALLLTVLTSLLFLLLILI,12.514790778937556
LLLSYLLGFLLGTLLGLLILI,LLLSYLLIFLLGTLLGLLILI,GAS,clash,15.9044,-266.436,20365900.0,20365600.0,-58.7092,-275.918,-354.479,4160.11,-51.084,-19.8514,3286.46,4139.1,60.9819,2.46954,3287.63,4120.77,40.5355,2.39691,-12.0026,1.10011e+17,7,G,127.12586,1.905576895,,,,,0.7346928574991516,0.06474172023058458,G,LLLSYLLGLLLGTLLGFLILI,66.63738998859114
LLLAYLLVFLLALLLSTLILI,LLLIYLLVFLLALLLSTLILI,Right,clash,18.3682,-263.254,20923500.0,20923200.0,-74.2023,-294.505,-391.067,4232.0,-49.6058,-22.3597,3335.62,4165.45,57.8928,41.4595,3335.62,4165.45,57.8928,41.4595,-9.7377,1.10011e+17,3,A,130.2678,0.0,,,,,0.4364611219017303,0.042411600187015897,R,LLLTYLLVFLLALLLASLILI,40.80594975962489
LLLSYLLTVLLGILLALLILI,LLLSYLLTVLLGILLILLILI,GAS,clash,16.3781,-269.053,20967100.0,20966800.0,-58.786,-272.967,-370.465,4197.27,-54.9916,-38.712,3199.38,4071.16,59.7619,3.87431,3199.38,4071.16,59.7619,3.87431,-19.2308,1.10011e+17,15,A,129.7204,0.0,,,,,0.3422814093668977,0.011842612110829433,G,LLLSYLLTVLLGTLLAFLILI,31.045272223641994
LLLAYLLVFLLALLLSTLILI,LLLAYLLVFLLILLLSTLILI,Right,clash,13.3102,-265.588,21044300.0,21044000.0,-74.2023,-293.904,-391.477,4205.96,-49.6058,-23.371,3335.62,4165.45,51.0067,0.0,3335.62,4165.45,51.0067,0.0,-9.7377,1.10011e+17,11,A,130.2678,0.0,,,,,0.5132136735606334,0.06953192312038922,R,LLLAYLLVFLLALLLSTLILI,47.98175674392113
LLLSYLLVALLGALLGLLILI,LLLSYLLVALLGALLILLILI,GAS,clash,10.544,-255.371,21977800.0,21977500.0,-44.9223,-265.691,-351.253,4172.15,-54.7702,-40.6399,3210.93,4048.38,60.6828,11.9269,3211.22,4027.51,39.0515,11.3954,-27.9455,1.10011e+17,15,G,117.7935,9.194313308,,,,,0.4335317389390895,0.03361911305105299,G,LLLSYLLTALLGALLGFLILI,39.32176999576936
LLLYSLLLALLFALLVTLILI,LLLYSLLLALLFILLVTLILI,Right,clash,19.2967,-275.169,23667800.0,23667500.0,-58.8202,-281.512,-365.638,4299.29,-55.4237,-25.3056,3414.6,4274.8,45.818,13.6442,3414.6,4274.8,45.818,13.6442,-8.415,1.10011e+17,12,A,116.1778,10.50992898,,,,,0.4162496279199917,0.03948667606466243,R,LLLASLLLALLFVLLYTLILI,38.91632164248074
LLLYTLLVALLSTLLFLLILI,LLLYILLVALLSTLLFLLILI,Right,clash,22.6415,-271.111,24606200.0,24605900.0,-74.2668,-276.817,-370.982,4334.87,-49.5963,-19.8976,3480.44,4243.18,51.9758,35.6781,3463.04,4272.83,84.0767,41.9974,-5.78509,1.10011e+17,4,T,102.7971,25.76497452,,,,,0.2475531324756797,0.020506293055476212,R,LLLYALLVALLFTLLSLLILI,23.144422675325355
LLLLLALLYVLTALLFSLILI,LLLLLILLYVLTALLFSLILI,Left,clash,11.9038,-271.915,25268100.0,25267700.0,-74.1796,-287.334,-385.402,4153.98,-53.9267,-23.8891,3359.19,4204.26,53.806,17.7206,3359.19,4204.26,53.806,17.7206,-10.0435,1.10011e+16,5,A,116.3453,10.38090616,,,,,0.8756632019540417,0.05865651576843538,L,LLLLLALLYVLTALLFSLILI,87.55738805760318
LLLSYLLVALLTILLWLLILI,LLLSYLLVALLIILLWLLILI,Right,clash,18.2107,-277.533,26097200.0,26096900.0,-45.0644,-283.223,-373.166,4309.91,-45.9087,-44.8788,3425.24,4274.6,37.7888,17.8443,3404.7,4275.6,58.7657,21.7806,-10.6746,1.10011e+17,11,T,112.4235,13.69816639,,,,,0.4779073382376404,0.018118441855739936,R,LLLTYLLVALLAILLSLLILI,44.68087042646604
LLLTSLLVALLALLLFILILI,LLLTILLVALLALLLFILILI,Right,clash,30.895,-273.649,27633200.0,27632900.0,-45.0382,-270.735,-361.867,4205.93,-45.0382,-46.0935,3354.82,4120.01,59.1281,17.414,3338.47,4128.17,69.4828,19.3985,-7.56434,1.10011e+17,4,S,121.0612,12.57553699,,,,,0.4423325839357291,0.025807290632431056,R,LLLTYLLVFLLALLLSILILI,41.35488888100863
LLLAYLLVTLLFTLLSLLILI,LLLAYLLVTLLFTLLILLILI,Right,clash,11.8731,-268.575,27823700.0,27823400.0,-72.6751,-276.3,-365.183,4243.44,-54.1456,-16.2074,3388.98,4252.35,50.6638,18.7912,3387.72,4249.45,54.3316,19.5249,-11.7763,1.10011e+17,15,S,110.9292,14.48592511,,,,,2.971717339167957,0.3196879939935443,R,LLLYALLVTLLFTLLSLLILI,277.83402084824513
LLLTSLLVGLLAYLLGLLILI,LLLTSLLVGLLIYLLGLLILI,GAS,clash,18.0454,-270.208,29384400.0,29384100.0,-44.9603,-272.84,-358.185,4143.52,-54.5145,-40.3854,3186.99,4079.63,60.3117,3.89179,3186.99,4079.63,60.3117,3.89179,-9.47755,1.10011e+17,11,A,126.37601,2.987530303,,,,,0.2200500220660655,0.02041112809010022,G,LLLASLLVGLLFLLLGLLILI,19.958760981191965
LLLYFLLVALLTLLLSILILI,LLLYFLLIALLTLLLSILILI,Right,clash,13.3455,-265.16,31104700.0,31104400.0,-74.3253,-282.086,-378.603,4332.76,-49.8008,-22.1913,3535.46,4286.81,39.1102,0.313376,3529.7,4293.82,60.6305,5.86977,-9.13618,1.10011e+17,7,V,129.282024,0.241811052,,,,,0.492320068831226,0.03984748961263888,R,LLLYALLLALLTVLLSILILI,46.02835621841541
LLLYSLLFALLGALLTLLILI,LLLYSLLFALLGALLILLILI,GAS,clash,21.1763,-265.987,31571700.0,31571400.0,-44.9875,-268.157,-340.269,4248.75,-50.5652,-27.124,3399.43,4212.18,60.933,19.6801,3387.03,4251.87,93.1984,26.7747,-8.92688,1.10011e+17,15,T,110.0403,15.17116814,,,,,0.244525453096407,0.029229726431307616,G,LLLYGLLFALLGILLTLLILI,22.178707488171064
LLLYSLLLALLFVLLTILILI,LLLYSLLLILLFVLLTILILI,Right,clash,14.9554,-272.723,31598000.0,31597700.0,-58.884,-282.826,-370.89,4299.23,-54.8153,-29.1796,3499.5,4351.54,50.7538,6.52974,3499.5,4351.54,50.7538,6.52974,-8.47795,1.10011e+17,8,A,124.79986,4.972024585,,,,,0.1141160848406028,0.0035765308463586933,R,LLLYSLLLILLAVLLTFLILI,10.66902638310858
LLLLAYLVILLFTLLSLLILI,LLLLIYLVILLFTLLSLLILI,Left,clash,15.4961,-275.199,33871300.0,33871000.0,-74.1907,-287.077,-384.578,4252.63,-49.6736,-23.31,3555.05,4240.01,47.6981,37.259,3555.05,4240.01,47.6981,37.259,-8.13862,1.1011e+16,4,A,101.2162,26.90662299,,,,,0.5409322152331039,0.03863504880335337,L,LLLLAYLVILLFTLLSLLILI,54.08770378421084
LLLSYLLGVLLGLLLATLILI,LLLSYLLIVLLGLLLATLILI,GAS,clash,15.6761,-262.288,34161700.0,34161400.0,-58.7839,-281.922,-376.728,4142.27,-56.2312,-36.0228,3203.15,4063.34,60.1152,0.217901,3203.07,4047.62,40.8023,0.0726336,-26.2402,1.10011e+17,7,G,109.9687,15.22636378,,,,,0.4426990796439196,0.03007743578106183,G,LLLTYLLAVLLGLLLAFLILI,40.15325712875371
LLLAYLLFALLTVLLSLLILI,LLLAYLLFALLTVLLILLILI,Right,clash,12.4984,-268.273,34876300.0,34876000.0,-59.0035,-273.081,-357.157,4224.5,-49.7661,-25.072,3270.96,4196.66,56.8418,27.963,3269.3,4197.02,63.7544,33.8137,-5.22595,1.10011e+17,15,S,101.7574,21.55636276,,,,,0.4167149367995417,0.021151821180514,R,LLLAYLLFALLTVLLSLLILI,38.95982464838168
LLLTYLLTILLAFLLSLLILI,LLLTYLLTILLAFLLILLILI,Right,clash,18.5936,-275.13,35292500.0,35292200.0,-58.8837,-277.716,-362.053,4282.11,-49.5453,-25.453,3421.36,4208.12,56.3122,21.816,3419.28,4208.84,59.3097,21.0967,-6.66312,1.10011e+17,15,S,107.9044,16.81770947,,,,,0.2724728242157466,0.005174422837433879,R,LLLAYLLTVLLAFLLSLLILI,25.474233139863035
LLLAYLLFALLTVLLSLLILI,LLLAYLLFALLTILLSLLILI,Right,clash,12.4966,-267.684,35574400.0,35574100.0,-74.384,-278.515,-375.176,4176.63,-49.7661,-22.2765,3288.12,4196.57,46.8713,20.921,3269.3,4197.02,65.6425,35.914,-5.22595,1.10011e+17,12,V,108.901,16.11514227,,,,,0.3575601948969262,0.024794841314005223,R,LLLTYLLFVLLAILLSLLILI,33.4292852601216
LLLYLLLAILLAFLLTSLILI,LLLYLLLAILLIFLLTSLILI,Right,clash,16.1481,-268.413,35671900.0,35671600.0,-74.2278,-298.061,-393.109,4316.95,-49.8326,-20.821,3585.83,4286.09,53.1157,7.70002,3585.83,4286.09,53.1157,7.70002,-7.22105,1.10011e+17,11,A,122.56778,5.910915821,,,,,0.1530246806674653,0.010457757922561102,R,LLLYLLLAVLLAFLLTSLILI,14.30669793472498
LLLYVLLFTLLGALLGLLILI,LLLYVLLFTLLGALLILLILI,GAS,clash,14.9857,-261.045,37522600.0,37522300.0,-58.7108,-271.946,-351.705,4279.1,-55.9222,-21.0489,3404.73,4224.3,60.3754,10.7879,3404.85,4203.79,38.9332,10.4848,-19.5858,1.10011e+17,15,G,118.9325,8.316270995,,,,,0.2645149030271297,0.030216481217314888,G,LLLYVLLFLLLGALLGTLILI,23.991770943320446
LLLTYLLTILLAFLLSLLILI,LLLTYLLTILLIFLLSLLILI,Right,clash,18.5957,-277.16,37617800.0,37617500.0,-74.2773,-286.649,-384.269,4271.35,-49.5453,-23.3424,3419.28,4208.84,56.1767,7.68118,3419.28,4208.84,56.1767,7.68118,-6.66312,1.10011e+17,11,A,122.58662,5.896453306,,,,,0.2955623060594272,0.01824383359010479,R,LLLAYLLTVLLAFLLSLLILI,27.63293225144424
LLLLYYLVILLFALLTLLILI,LLLLYYLVILLIALLTLLILI,Left,clash,20.6912,-277.57,38295000.0,38294700.0,-58.918,-285.133,-372.774,4299.78,-49.7216,-28.7231,3491.9,4273.0,50.2313,24.583,3476.11,4406.64,150.831,33.4186,-27.1164,1.1011e+16,11,F,105.6848,18.87112548,,,,,0.2759559280272933,0.0015923681279693673,L,LLLLYYLVILLFALLTLLILI,27.59277793467203
LLLYLLLAVLLGTLLSFLILI,LLLYLLLAVLLITLLSFLILI,GAS,clash,12.1946,-265.096,38649500.0,38649200.0,-74.0075,-284.147,-379.116,4303.82,-50.3332,-20.9619,3418.59,4248.2,53.1454,0.0,3418.59,4229.82,32.0439,0.0,-7.09849,1.10011e+17,11,G,130.2678,0.0,,,,,0.2913506896244246,0.03373418760361988,G,LLLYALLALLLGTLLSFLILI,26.425804102730343
LLLTILLALLLGFLLGSLILI,LLLTILLALLLGFLLISLILI,GAS,clash,16.0362,-264.347,45011600.0,45011300.0,-60.2535,-277.921,-379.043,4137.86,-54.493,-40.8685,3149.38,4079.83,58.5397,2.3466,3149.38,4067.52,40.8205,2.3466,-25.1796,1.10011e+17,15,G,127.3738,1.808967595,,,,,0.2589861831789016,0.037876619593347434,G,LLLTFLLALLLGYLLGSLILI,23.490310425631304
LLLTSLLAVLIALLFLLLILI,LLLTSLLIVLIALLFLLLILI,Left,clash,18.5812,-277.595,50772300.0,50772000.0,-44.9965,-272.966,-364.059,4190.62,-47.0339,-46.096,3212.64,4105.94,53.8896,17.3532,3212.64,4105.94,53.8896,17.3532,-9.84837,1.10011e+17,7,A,122.0602,6.300559309,,,,,0.2072363304710519,0.005317023695644954,L,LLLTSLLAVLIALLFLLLILI,20.72151914822603
LLLYALLVALLLTLLSWLILI,LLLYALLVALLLILLSWLILI,Right,clash,15.1158,-268.735,52803700.0,52803400.0,-60.4807,-289.619,-386.453,4299.37,-45.1068,-36.3535,3613.89,4050.66,54.6329,26.337,3583.1,4086.71,85.5974,32.7152,-6.72358,1.10011e+17,12,T,103.485,20.28700837,,,,,0.2149929940658423,0.017329064039697525,R,LLLYALLVALLFTLLSLLILI,20.100285854320248
LLLYTLLIALLAVLLSLLILI,LLLYILLIALLAVLLSLLILI,Right,clash,26.8444,-268.775,54051200.0,54050900.0,-60.3856,-278.175,-381.308,4266.55,-45.0439,-42.7466,3477.34,4114.77,52.9443,23.1744,3466.84,4144.8,83.4484,29.3999,-7.14993,1.10011e+17,4,T,115.3008,16.73541544,,,,,0.4198797642084964,0.033085708571906874,R,LLLYALLTALLFVLLSLLILI,39.25571306035523
LLLTFLLGLLLGYLLSILILI,LLLTFLLGLLLIYLLSILILI,GAS,clash,24.5722,-271.761,59874300.0,59874100.0,-60.2378,-280.937,-370.396,4223.99,-49.6504,-29.221,3174.53,4139.66,50.838,0.0,3174.53,4125.47,31.0604,0.0,-19.9535,1.10011e+17,11,G,130.2678,0.0,,,,,0.3799650837551523,0.040682041998778874,G,LLLTFLLGLLLGYLLASLILI,34.46321984730745
LLLVSLLLFLIALLLTLLILI,LLLVSLLLFLIILLLTLLILI,Left,clash,15.7854,-273.346,61099000.0,61098700.0,-58.8383,-282.212,-390.366,4215.52,-49.5741,-49.3149,3428.64,4088.75,46.089,10.1092,3428.64,4088.75,46.089,10.1092,-8.78259,1.10011e+17,11,A,120.1586,7.76032143,,,,,0.1552379326849249,0.004474891821861484,L,LLLVSLLLFLIALLLTLLILI,15.522209775428506
LLLYLLLAVLLGTLLSFLILI,LLLYLLLAVLLGTLLIFLILI,GAS,clash,12.1951,-261.886,62374400.0,62374100.0,-58.7596,-272.865,-351.819,4319.0,-52.2203,-20.1941,3418.74,4220.25,62.3943,2.7898,3418.59,4229.82,73.7707,2.77723,-7.09849,1.10011e+17,15,S,126.9306,2.150625499,,,,,0.0779385918653702,0.009259996323979336,G,LLLYSLLALLLGTLLGFLILI,7.069109612652406
LLLSTLLVALLFYLLALLILI,LLLSTLLVILLFYLLALLILI,Right,clash,16.4181,-275.878,63381400.0,63381000.0,-45.0213,-278.414,-353.853,4229.36,-48.0962,-30.4175,3232.54,4206.65,31.4673,3.88854,3232.54,4206.65,31.4673,3.88854,-9.13752,1.10011e+17,8,A,123.82694,4.543202149,,,,,0.355329749605208,0.032109604902981356,R,LLLSTLLVALLFYLLALLILI,33.22075480013728
LLLYALLLLLVTLLFSLLILI,LLLYALLLLLVILLFSLLILI,Left,clash,15.1432,-272.917,63642800.0,63642500.0,-60.4422,-284.162,-374.75,4342.63,-45.143,-30.1462,3572.14,4308.93,51.2016,21.5687,3544.6,4325.62,76.6286,31.6937,-11.0314,1.10011e+17,11,T,108.6991,16.55719986,,,,,0.708935269275677,0.04708226632870138,L,LLLTALLLLLVALLFSLLILI,70.88629548572679
LLLYALLLLLVTLLFSLLILI,LLLYILLLLLVTLLFSLLILI,Left,clash,18.793,-275.194,65065000.0,65064700.0,-74.2593,-287.666,-386.404,4355.71,-49.6463,-24.4787,3544.6,4325.62,44.7934,37.4896,3544.6,4325.62,44.7934,37.4896,-11.0314,1.10011e+17,4,A,100.9856,27.073151,,,,,0.4226026805023578,0.04849901313370067,L,LLLTALLLLLVALLFSLLILI,42.25595732281353
LLLSYLLFTLLAILLTLLILI,LLLSYLLFILLAILLTLLILI,Right,clash,19.7945,-274.436,65747300.0,65747000.0,-58.9678,-282.21,-370.394,4216.52,-49.8962,-29.2166,3352.37,4241.83,47.6099,20.5109,3332.87,4260.66,73.9889,32.3353,-22.0793,1.10011e+17,8,T,110.8187,15.61788051,,,,,0.1714829750209764,0.011398228443805938,R,LLLTYLLFVLLAILLSLLILI,16.03241460052076
LLLYWLLVALLLALLSTLILI,LLLYWLLVILLLALLSTLILI,Right,clash,22.8714,-278.044,68850300.0,68850000.0,-74.2545,-294.12,-399.561,4258.36,-49.6004,-31.1859,3369.4,4108.9,44.1274,0.0389564,3369.4,4108.9,44.1274,0.0389564,-19.021,1.10011e+17,8,A,114.9004,11.49389164,,,,,0.1757731139061905,0.011443505287777702,R,LLLYWLLLALLVALLSTLILI,16.433511474966494
LLLTWLLVALLLALLFSLILI,LLLTWLLVILLLALLFSLILI,Right,clash,29.4642,-281.686,72670100.0,72669800.0,-60.3561,-289.997,-388.595,4227.39,-45.0211,-38.2422,3262.02,4224.4,48.6764,0.837926,3262.02,4224.4,48.6764,0.837926,-9.71765,1.10011e+17,8,A,116.9679,9.901326432,,,,,0.5603291954041997,0.05924703611462902,R,LLLTWLLVALLLALLFSLILI,52.386716362936056
LLLYFLLAVLITLLLSLLILI,LLLYFLLAVLIILLLSLLILI,Left,clash,20.8637,-275.427,75315900.0,75315600.0,-60.4441,-283.514,-373.452,4333.41,-45.1374,-29.4936,3489.07,4230.57,49.732,24.5223,3473.61,4257.04,79.9283,33.9016,-10.0268,1.10011e+17,11,T,105.7455,18.82452916,,,,,0.0626765286857491,0.0015630896872320652,L,LLLYTLLAVLIALLLSLLILI,6.267013541274354
LLLYFLLAVLITLLLSLLILI,LLLYFLLIVLITLLLSLLILI,Left,clash,21.1185,-278.632,75319300.0,75319000.0,-74.2904,-287.593,-386.272,4327.84,-49.6726,-24.3893,3473.61,4257.04,45.5601,9.80296,3473.61,4257.04,45.5601,9.80296,-10.0268,1.10011e+17,7,A,119.79244,7.564280831,,,,,0.7163381443381517,0.07066262126487191,L,LLLYTLLAVLIALLLSLLILI,71.62650747949408
LLLSYLLFTLLALLLSILILI,LLLSYLLFILLALLLSILILI,Right,clash,16.0844,-269.882,75869000.0,75868700.0,-60.406,-280.048,-372.716,4212.6,-45.1041,-32.2612,3376.38,4216.76,46.2185,18.3603,3357.93,4224.75,68.1939,28.6369,-9.21303,1.10011e+17,8,T,112.9693,13.98032127,,,,,0.4539492737542277,0.024554459513420418,R,LLLSYLLFVLLALLLATLILI,42.44096513687622
LLLVYLLIALLFSLLTLLILI,LLLVYLLIILLFSLLTLLILI,Right,clash,18.4404,-268.791,76131000.0,76130700.0,-74.243,-283.221,-381.35,4275.88,-54.1795,-23.8862,3499.45,4275.27,53.5266,23.2676,3499.45,4275.27,53.5266,23.2676,-8.57958,1.10011e+17,8,A,108.062,17.71695033,,,,,0.1865833698302771,0.006573361385793295,R,LLLAYLLIALLVSLLTLLILI,17.44419200982129
LLLTFLLGLLLGYLLASLILI,LLLTFLLGLLLIYLLASLILI,GAS,clash,19.08,-264.538,78151400.0,78151100.0,-60.2384,-288.612,-375.386,4162.38,-47.3912,-26.5354,3187.84,4142.5,57.5137,0.0,3187.84,4123.45,37.0337,0.0,-16.3299,1.10011e+17,11,G,130.2678,0.0,,,,,0.1476679814322015,0.010833136553243049,G,LLLTLLLGLLLGVLLASLILI,13.393636221020447
LLLSYLLFTLLAILLTLLILI,LLLSYLLFTLLIILLTLLILI,Right,clash,19.8366,-277.649,80141500.0,80141200.0,-72.7368,-284.77,-380.798,4243.01,-54.4033,-23.2914,3332.87,4260.66,43.8413,1.76678,3332.87,4260.66,43.8413,1.76678,-22.0793,1.10011e+17,11,A,128.50102,1.356267627,,,,,3.26153552415799,0.28635107133311677,R,LLLSYLLVFLLAILLTLLILI,304.9299194350422
LLLTLLLGLLLGVLLGSLILI,LLLTLLLILLLGVLLGSLILI,GAS,clash,19.185,-262.885,84519500.0,84519200.0,-60.2824,-283.754,-398.081,4085.47,-46.7415,-54.0451,3232.5,3951.08,54.9474,1.3487,3232.5,3941.92,38.1198,1.3487,-10.7178,1.10011e+17,7,G,128.2467,1.040700519,,,,,0.1081735009546499,0.013554004651081458,G,LLLTLLLGLLLGVLLASLILI,9.811446641911266
LLLYILLLTLLVALLSFLILI,LLLYILLLILLVALLSFLILI,Right,clash,15.0646,-269.277,87975800.0,87975500.0,-60.506,-283.579,-374.097,4329.39,-45.1325,-30.0125,3599.84,4272.36,52.7278,18.4086,3585.4,4298.06,77.8583,26.3679,-10.2194,1.10011e+17,8,T,112.921,14.01709896,,,,,0.2186656698633433,0.024358685157383105,R,LLLYWLLLALLVALLSTLILI,20.443654407796945
LLLVSLLLFLIALLLTLLILI,LLLVILLLFLIALLLTLLILI,Left,clash,19.6545,-269.131,88782700.0,88782400.0,-58.8383,-279.425,-382.977,4212.29,-49.5741,-44.7136,3439.64,4064.52,57.7946,38.1101,3428.64,4088.75,72.2937,39.1084,-8.78259,1.10011e+17,4,S,119.2976,8.421267573,,,,,0.4956268646806696,0.018218764411392363,L,LLLVALLLFLTALLLSLLILI,49.55763086284874
LLLTYLLGVLLGLLLSFLILI,LLLTYLLIVLLGLLLSFLILI,GAS,clash,27.2443,-276.202,88783200.0,88782900.0,-60.3458,-284.684,-372.655,4189.55,-49.0863,-27.6252,3305.8,4209.52,57.3905,0.145267,3306.0,4201.18,41.2427,0.145267,-9.24157,1.10011e+17,7,G,129.450133,0.112092713,,,,,0.2766062121048129,0.02387982716503261,G,LLLTYLLAVLLGLLLAFLILI,25.088464983908825
LLLSYLLGVLLGLLLAFLILI,LLLSYLLIVLLGLLLAFLILI,GAS,clash,14.7783,-263.613,107549000.0,107548000.0,-44.9369,-276.116,-350.34,4180.3,-50.8982,-29.2867,3312.55,4174.04,60.5932,0.217901,3312.97,4156.42,40.6438,0.363168,-25.3616,1.10011e+17,7,G,129.377499,0.168139456,,,,,0.3834197040521739,0.008445091072993889,G,LLLTYLLAVLLGLLLAFLILI,34.776557424562164
LLLVYLLFALLTTLLSLLILI,LLLVYLLFALLTILLSLLILI,Right,clash,14.7892,-268.239,107603000.0,107602000.0,-74.3167,-281.742,-377.068,4220.86,-49.728,-21.0088,3322.15,4143.81,46.9769,14.8648,3315.6,4156.97,70.6025,24.8607,-7.64414,1.10011e+17,12,T,114.9572,11.45013942,,,,,0.3459180208234238,0.020700685302172558,R,LLLTYLLFVLLAILLSLLILI,32.34082641121843
LLLTFLLGLLLGVLLGSLILI,LLLTFLLILLLGVLLGSLILI,GAS,clash,31.0609,-266.276,107928000.0,107928000.0,-60.2824,-285.345,-380.369,4112.5,-48.703,-34.742,3142.85,3998.68,56.345,0.0,3142.85,3990.3,39.9231,0.0,-20.6302,1.10011e+17,7,G,129.5954,0.0,,,,,0.248864779294745,0.037131260175560274,G,LLLYFLLALLLGTLLGSLILI,22.572288791180657
LLLVYLLFALLTTLLSLLILI,LLLVYLLFILLTTLLSLLILI,Right,clash,14.8248,-271.448,115757000.0,115757000.0,-87.9543,-284.633,-387.949,4292.22,-54.3515,-15.3622,3315.6,4156.97,38.9872,7.16561,3315.6,4156.97,38.9872,7.16561,-7.64414,1.10011e+17,8,A,124.16399,5.456203324,,,,,0.4035750613218578,0.045655886698284,R,LLLAYLLFALLTVLLSLLILI,37.73134157925092
LLLASLLTLLLGVLLGFLILI,LLLASLLTLLLIVLLGFLILI,GAS,clash,14.9049,-263.66,118328000.0,118328000.0,-58.8154,-273.128,-364.668,4111.11,-55.4261,-32.7238,3197.04,4038.24,58.9696,13.6651,3200.16,4024.9,40.8462,10.3239,-12.5433,1.10011e+17,11,G,116.6027,10.49000597,,,,,0.2254206090722162,0.022535945789637232,G,LLLASLLTLLLGYLLGVLILI,20.44587868914782
LLLTYLLVLLLALLLSFLILI,LLLTYLLVLLLILLLSFLILI,Right,clash,15.4177,-273.832,118535000.0,118535000.0,-60.4011,-288.106,-384.754,4261.67,-45.0743,-36.2466,3519.1,4253.1,51.0237,3.00047,3519.1,4253.1,51.0237,3.00047,-6.56091,1.10011e+17,11,A,127.26733,2.30330903,,,,,0.1665545109188855,0.009508554055695862,R,LLLAYLLVLLLATLLSFLILI,15.571638947317645
LLLLFLLLYVLALLLSTLILI,LLLLFLLLYVLILLLSTLILI,Left,clash,11.8269,-276.724,122267000.0,122267000.0,-74.1831,-297.728,-400.55,4241.55,-49.6137,-28.6384,3341.39,4191.98,48.2588,4.97086,3341.39,4191.98,48.2588,4.97086,-6.49473,1.10011e+16,11,A,125.29694,3.815877753,,,,,1.11000908880023,0.0717807405249284,L,LLLLALLLYVLFLLLSTLILI,110.98958631431576
LLLTYLLALLLGVLLGSLILI,LLLTYLLALLLGVLLISLILI,GAS,clash,17.9857,-266.605,124171000.0,124171000.0,-60.2923,-277.469,-375.664,4201.15,-54.8881,-37.9022,3159.71,4087.27,63.4392,5.76247,3159.63,4064.88,41.8188,5.67928,-20.1072,1.10011e+17,15,G,123.95793,4.442223428,,,,,0.2760937913683745,0.03126653349064398,G,LLLTALLALLLGVLLSILILI,25.041987901542026
LLLYSLLLALLATLLVFLILI,LLLYILLLALLATLLVFLILI,Right,clash,31.7368,-274.247,127109000.0,127109000.0,-58.8092,-274.31,-356.383,4310.5,-49.5342,-23.2639,3507.19,4243.51,58.2056,6.62477,3499.14,4242.47,62.2648,10.574,-10.482,1.10011e+17,4,S,131.85043,4.784084081,,,,,0.1829249858343775,0.01840453228401851,R,LLLYLLLVALLATLLSFLILI,17.102159636152724
LLLSFLLVLLLGTLLAYLILI,LLLSFLLILLLGTLLAYLILI,GAS,clash,12.8247,-261.348,141784000.0,141784000.0,-58.783,-278.826,-358.744,4254.89,-53.4547,-21.1346,3254.65,4100.92,55.2468,0.935394,3253.03,4128.08,78.7936,1.63661,-14.603,1.10011e+17,7,V,128.660006,0.721780248,,,,,0.2684194642714079,0.02519766835854628,G,LLLSYLLVLLLGTLLAFLILI,24.34591862246758
LLLASLLTLLLGYLLGVLILI,LLLASLLTLLLGYLLIVLILI,GAS,clash,14.976,-265.101,143296000.0,143296000.0,-58.8608,-268.354,-364.608,4128.26,-60.3308,-37.3932,3131.17,4050.81,61.8515,17.7177,3133.79,4034.05,42.1025,16.9577,-16.6594,1.10011e+17,15,G,112.0027,13.65837601,,,,,0.3193764889450658,0.021866973365153707,G,LLLASLLTLLLGYLLGVLILI,28.9677726274124
LLLASLLVGLLFLLLGLLILI,LLLASLLVGLLFLLLILLILI,GAS,clash,13.0,-263.35,146605000.0,146605000.0,-44.9758,-267.848,-357.014,4180.64,-50.7848,-44.1903,3171.75,4110.11,49.5079,9.26098,3172.26,4114.55,37.8999,8.99156,-19.4851,1.10011e+17,15,G,120.45942,7.13918551,,,,,0.3307867875921853,0.03184437977419213,G,LLLASLLVGLLFLLLGLLILI,30.00269832877635
LLLSYLLVALLGLLLGFLILI,LLLSYLLVALLILLLGFLILI,GAS,clash,13.2944,-264.77,155397000.0,155397000.0,-44.9412,-277.315,-351.114,4200.84,-47.7387,-28.8577,3334.73,4193.77,56.6523,1.02056,3334.73,4180.76,38.1868,1.02056,-29.9073,1.10011e+17,11,G,129.24724,0.783432283,,,,,0.314024376250119,0.024587846530410257,G,LLLSYLLTALLGALLGFLILI,28.48233055828697
LLLSYLLFTLLALLLAILILI,LLLSYLLFILLALLLAILILI,Right,clash,16.27,-268.359,155607000.0,155607000.0,-45.0308,-275.466,-355.355,4218.97,-45.0308,-34.8587,3387.34,4172.76,47.3632,34.4498,3362.07,4184.06,70.8635,44.0716,-18.0446,1.10011e+17,8,T,96.8798,26.23155785,,,,,0.3474321511519911,0.009070608867244203,R,LLLSYLLFVLLALLLATLILI,32.48238661673647
LLLYFLLALLLGTLLGSLILI,LLLYFLLALLLITLLGSLILI,GAS,clash,19.6097,-263.913,160082000.0,160082000.0,-74.1108,-291.715,-382.272,4261.03,-55.1112,-16.4463,3282.68,4148.9,61.7986,0.0,3282.68,4129.9,40.9224,0.0,-33.9785,1.10011e+17,11,G,130.2678,0.0,,,,,0.1481746947195299,0.022179419083446103,G,LLLYSLLALLLGTLLGFLILI,13.439595631943588
LLLSYLLTVLLGTLLAFLILI,LLLSYLLTVLLGTLLIFLILI,GAS,clash,10.252,-262.937,161008000.0,161008000.0,-72.5251,-273.988,-357.5,4183.16,-57.0929,-10.9869,3323.22,4200.72,63.4785,14.4078,3323.22,4200.72,63.4785,14.4078,-9.70983,1.10011e+17,15,A,115.3126,11.10681126,,,,,0.2109390964956348,0.021154823983041502,G,LLLSYLLTVLLGTLLAFLILI,19.13239075832027
LLLSYLLGLLLGTLLGFLILI,LLLSYLLILLLGTLLGFLILI,GAS,clash,14.5869,-264.633,163568000.0,163568000.0,-58.7496,-277.548,-355.49,4180.01,-58.2406,-19.1919,3312.41,4162.93,56.1233,3.47557,3313.94,4151.1,38.482,3.5502,-22.2715,1.10011e+17,7,G,126.11983,2.681862165,,,,,0.4617456342945024,0.06247346399420315,G,LLLYSLLALLLGTLLGFLILI,41.88079902226037
LLLYSLLLALLAVLLTILILI,LLLYILLLALLAVLLTILILI,Right,clash,19.0953,-267.467,164080000.0,164080000.0,-58.8612,-276.402,-374.678,4269.52,-49.5781,-39.4155,3407.61,4120.87,55.5753,7.00578,3399.86,4118.84,58.5384,10.6662,-8.45964,1.10011e+17,4,S,131.46942,5.059230823,,,,,0.4255878631710576,0.029109092659957366,R,LLLYALLLALLTVLLSILILI,39.7893789192394
LLLSYLLTVLLGTLLAFLILI,LLLSYLLTVLLITLLAFLILI,GAS,clash,10.2495,-264.117,172873000.0,172873000.0,-72.5251,-278.877,-365.744,4173.3,-55.0637,-14.3414,3323.22,4216.64,55.9459,0.0,3323.22,4200.72,36.8323,0.0,-9.70983,1.10011e+17,11,G,130.2678,0.0,,,,,0.1207315440002065,0.01024665432144969,G,LLLSYLLTVLLGTLLAFLILI,10.950473928454931
LLLYLLLAFLLGVLLGSLILI,LLLYLLLIFLLGVLLGSLILI,GAS,clash,16.6857,-262.61,183793000.0,183793000.0,-60.278,-288.2,-370.008,4224.59,-52.7795,-21.5303,3359.66,4200.1,61.7375,13.9467,3359.66,4200.1,61.7375,13.9467,-11.4742,1.10011e+17,7,A,115.6487,10.76172457,,,,,0.4274770737250662,0.05421564875843,G,LLLTLLLGLLLGVLLGSLILI,38.7726056980646
LLLLYYLTFLLAVLLILLILI,LLLLYYLTILLAVLLILLILI,Left,clash,21.7606,-278.336,197366000.0,197366000.0,-58.7662,-279.046,-366.661,4298.55,-49.4492,-28.8484,3450.53,4246.12,56.9906,47.5125,3438.97,4380.4,152.773,152.51,-20.004,1.1011e+16,8,F,107.6446,17.36668616,,,,,0.6701347507339783,0.06102808782988867,L,LLLLYILTFLLAVLLSLLILI,67.00663941337989
LLLATLLVGLLFLLLGLLILI,LLLATLLVGLLFLLLILLILI,GAS,clash,14.7725,-264.501,210600000.0,210600000.0,-44.9989,-269.025,-358.061,4208.09,-46.999,-44.0368,3167.73,4130.4,49.7123,8.93677,3168.17,4134.96,38.2049,8.66735,-21.6244,1.10011e+17,15,G,120.78363,6.889255661,,,,,0.2725761379942475,0.02112075666245069,G,LLLASLLVGLLFLLLGLLILI,24.722933160035087
LLLLYLLVALLLFLTSLLILI,LLLLYLLVILLLFLTSLLILI,Left,clash,13.3533,-277.238,212388000.0,212388000.0,-74.2727,-290.682,-389.824,4296.15,-49.583,-24.8692,3309.1,4273.02,51.5102,7.33399,3309.1,4273.02,51.5102,7.33399,-23.9714,1.1011e+16,8,A,123.99561,5.58441509,,,,,0.1246293696682768,0.008189590782175512,L,LLLLYLLVALLLFLTSLLILI,12.461665694149511
LLLYALLFLLVILLWSLLILI,LLLYALLILLVILLWSLLILI,Left,clash,19.0198,-279.91,214782000.0,214782000.0,-60.4312,-287.75,-388.482,4356.23,-45.1437,-40.3012,3595.15,4169.21,45.0747,12.4936,3594.75,4285.26,143.773,14.8036,-16.3167,1.10011e+17,7,F,117.1018,9.640465634,,,,,0.1418208495346555,0.012908764742127347,L,LLLYALLFLLVILLWSLLILI,14.180638320367043
LLLYLLLGALLGILLSTLILI,LLLYLLLIALLGILLSTLILI,GAS,clash,16.088,-261.441,217008000.0,217007000.0,-74.1632,-288.869,-396.267,4214.05,-54.3754,-33.2341,3483.04,4160.88,61.9439,25.8787,3489.55,4141.35,41.075,21.3356,-14.2325,1.10011e+17,7,G,103.7167,19.96884149,,,,,0.1263139150027947,0.015493118402130595,G,LLLYLLLGALLAFLLSTLILI,11.456800660453824
LLLTFLLAVLLGILLGLLILI,LLLTFLLAVLLIILLGLLILI,GAS,clash,17.4667,-262.726,223277000.0,223277000.0,-44.9923,-273.271,-361.678,4168.3,-52.0124,-43.4148,3119.63,4053.58,61.9683,0.0,3119.63,4033.1,40.9406,0.0,-28.6534,1.10011e+17,11,G,130.2678,0.0,,,,,0.132840845925994,0.006492268828074115,G,LLLTFLLAVLLGILLGLLILI,12.04879993868055
LLLYSLLVALLFALLTLLILI,LLLYILLVALLFALLTLLILI,Right,clash,24.3103,-271.101,231266000.0,231265000.0,-58.8685,-278.0,-357.266,4321.54,-53.3731,-20.3976,3430.35,4277.18,52.4852,36.1555,3422.16,4286.2,63.212,40.3343,-12.5778,1.10011e+17,4,S,102.3197,26.1097294,,,,,0.1146195664481745,0.006435600181091958,R,LLLTALLVALLFALLSLLILI,10.71609826225774
LLLTYLLVFLLALLLASLILI,LLLTYLLVFLLALLLISLILI,Right,clash,17.3041,-271.017,234643000.0,234643000.0,-60.3691,-284.091,-373.434,4244.65,-45.047,-28.9739,3310.59,4194.77,63.1117,44.3655,3310.59,4194.77,63.1117,44.3655,-8.27773,1.10011e+17,15,A,130.2678,0.0,,,,,0.3315246635274,0.025561868169989663,R,LLLTYLLVFLLALLLASLILI,30.9951518820994
LLLTYLLVFLLALLLASLILI,LLLTYLLVFLLILLLASLILI,Right,clash,17.3058,-271.017,236531000.0,236531000.0,-60.3691,-291.06,-381.737,4212.49,-45.047,-30.3079,3310.59,4194.77,48.4979,0.0,3310.59,4194.77,48.4979,0.0,-8.27773,1.10011e+17,11,A,130.2678,0.0,,,,,0.5382109736120582,0.037386119339947566,R,LLLTYLLVFLLALLLASLILI,50.318823022769145
LLLTFLLAVLLGILLGLLILI,LLLTFLLAVLLGILLILLILI,GAS,clash,17.4705,-262.726,239315000.0,239315000.0,-44.9923,-268.977,-356.888,4192.05,-54.5074,-42.9191,3119.63,4051.26,59.132,0.0,3119.63,4033.1,39.1601,0.0,-28.6534,1.10011e+17,15,G,129.7204,0.0,,,,,0.2889168731681626,0.024742903250493553,G,LLLTFLLAVLLGILLGLLILI,26.205054472866458
LLLLYYLTFLLAVLLILLILI,LLLLYYLTFLLIVLLILLILI,Left,clash,22.2504,-283.351,241028000.0,241028000.0,-58.7662,-284.075,-360.127,4357.2,-49.4492,-17.2866,3438.97,4380.4,37.1618,4.66514,3438.97,4380.4,37.1618,4.66514,-20.004,1.1011e+16,11,A,125.60266,3.581191975,,,,,0.5088223302820855,0.039376339473119186,L,LLLLYILTFLLAVLLSLLILI,50.87704282361829
LLLAYLLFLLLGVLLGSLILI,LLLAYLLFLLLIVLLGSLILI,GAS,clash,13.2628,-262.815,245771000.0,245770000.0,-60.2995,-287.89,-373.819,4188.69,-49.9183,-25.6295,3121.68,4097.55,61.6151,0.0,3121.82,4077.76,40.6953,0.0,-31.4659,1.10011e+17,11,G,130.2678,0.0,,,,,0.2213079927634269,0.02068421720059894,G,LLLAGLLFLLLGTLLGSLILI,20.072860203878896
LLLYLLLTTLLAGLLFSLILI,LLLYLLLTILLAGLLFSLILI,GAS,clash,14.9974,-263.537,253200000.0,253199000.0,-74.1897,-285.33,-375.28,4289.07,-49.5832,-15.7606,3457.26,4255.12,62.0316,18.3714,3450.71,4295.77,91.5598,33.7039,-8.86812,1.10011e+17,8,T,112.9582,13.98877328,,,,,0.2835277561391992,0.022217362826316124,G,LLLALLLTVLLGGLLFSLILI,25.716256072980546
LLLTSLLFALLGLLLGVLILI,LLLTSLLFALLILLLGVLILI,GAS,clash,15.9678,-265.624,260253000.0,260253000.0,-44.9724,-270.227,-353.512,4148.12,-52.561,-38.3128,3106.62,4047.66,50.0227,1.251,3106.62,4048.87,36.7037,1.251,-21.873,1.10011e+17,11,G,129.0168,0.960329414,,,,,0.382580156330608,0.0026940809103581363,G,LLLFSLLTALLGLLLGVLILI,34.7004095916753
LLLLWILTYLLAVLLFLLILI,LLLLWILTILLAVLLFLLILI,Left,clash,28.216,-280.866,260424000.0,260423000.0,-58.7988,-280.546,-375.839,4289.74,-49.5722,-36.495,3319.86,4122.89,49.5223,20.5369,3313.4,4267.55,153.05,22.4158,-14.7712,1.1011e+16,8,Y,110.7927,15.63767803,,,,,0.3916345277650942,0.008227610342643932,L,LLLLWILTYLLAVLLFLLILI,39.15945793744137
LLLYLLLTTLLVALLSFLILI,LLLYLLLTILLVALLSFLILI,Right,clash,12.6629,-265.149,270945000.0,270945000.0,-74.2268,-283.879,-378.41,4313.11,-49.6076,-20.3047,3684.04,4278.24,50.5561,15.4812,3666.1,4302.98,79.0627,19.2868,-9.49437,1.10011e+17,8,T,115.8484,11.78805083,,,,,0.0688573441464867,0.0017871503864423301,R,LLLYVLLTILLALLLSFLILI,6.437662336521615
LLLASLLFLLLGYLLGTLILI,LLLASLLFLLLIYLLGTLILI,GAS,clash,15.347,-267.923,274279000.0,274278000.0,-58.7329,-286.423,-370.274,4124.33,-58.3887,-25.1188,3166.04,4130.06,61.243,0.331831,3166.04,4111.27,40.6128,0.331831,-18.8019,1.10011e+17,11,G,129.935969,0.254729872,,,,,0.2098582660138261,0.020469046879689937,G,LLLASLLTLLLGYLLGVLILI,19.034358333487656
LLLLYFLLAVLTALLLSLILI,LLLLYFLLAVLTILLLSLILI,Left,clash,21.1912,-272.152,297807000.0,297807000.0,-74.2562,-285.25,-380.388,4213.69,-49.686,-20.8815,3397.27,4173.14,50.0295,18.369,3397.27,4173.14,50.0295,18.369,-12.1996,1.10011e+16,12,A,111.453,14.14937376,,,,,0.0078289815928241,0.000347835925505678,L,LLLLYFLLAVLTALLLSLILI,0.7828183003340481
LLLLYFLLAVLTALLLSLILI,LLLLYFLLIVLTALLLSLILI,Left,clash,21.3116,-272.151,297839000.0,297839000.0,-74.244,-285.414,-380.658,4214.9,-49.8016,-21.0006,3397.27,4173.14,58.0425,25.7172,3397.27,4173.14,58.0425,25.7172,-12.1996,1.10011e+16,8,A,111.453,14.14937376,,,,,0.2913068636858127,0.0066308287299811555,L,LLLLYFLLAVLTALLLSLILI,29.127714914438847
LLLSYLLGVLLGLLLAFLILI,LLLSYLLGVLLILLLAFLILI,GAS,clash,14.0774,-263.643,306766000.0,306765000.0,-44.9369,-275.878,-349.913,4191.37,-50.4089,-29.0981,3312.97,4177.0,55.2521,0.0,3312.97,4156.42,34.0111,0.0,-25.3616,1.10011e+17,11,G,130.2678,0.0,,,,,0.2165053227673086,0.020938881225391816,G,LLLTYLLAVLLGLLLAFLILI,19.63725314679217
LLLLYILTFLLAVLLLLLILI,LLLLYILTFLLAVLLILLILI,Left,clash,16.1798,-274.362,326931000.0,326930000.0,-58.8332,-277.083,-364.176,4282.59,-49.493,-28.2594,3309.43,4244.39,60.5055,38.2555,3289.29,4324.19,125.42,42.1912,-16.6978,1.1011e+16,15,L,94.5666,27.09966975,,,,,0.0633766782018443,0.003355941467886453,L,LLLLWILTYLLAVLLFLLILI,6.337021351060458
LLLLWILTYLLAVLLFLLILI,LLLLWILTYLLIVLLFLLILI,Left,clash,28.0964,-287.821,332014000.0,332013000.0,-58.7988,-287.372,-370.559,4358.25,-49.5722,-24.388,3313.4,4267.55,54.3368,27.6329,3313.4,4267.55,54.3368,27.6329,-14.7712,1.1011e+16,11,A,102.6349,21.21237942,,,,,0.5409633245675881,0.04120431217655792,L,LLLLWILTYLLAVLLFLLILI,54.0908144003308
LLLYWLLTALLLSLLFVLILI,LLLYWLLTILLLSLLFVLILI,Right,clash,22.259,-281.559,335001000.0,335001000.0,-74.1374,-285.212,-376.895,4350.83,-55.1357,-17.5448,3448.25,4365.95,53.8619,2.94758,3448.25,4365.95,53.8619,2.94758,-18.0581,1.10011e+17,8,A,128.38202,2.244414054,,,,,0.1384444423293078,0.015470795515728853,R,LLLYWLLTALLLSLLFVLILI,12.94355138339442
LLLYWLLVALLAFLLSLLILI,LLLYWLLVILLAFLLSLLILI,Right,clash,20.5627,-274.39,349526000.0,349526000.0,-60.4308,-287.89,-368.811,4352.37,-45.0342,-20.4898,3523.96,4352.15,37.6321,26.5145,3523.96,4352.15,37.6321,26.5145,-12.0787,1.10011e+17,8,A,125.57195,3.604766489,,,,,0.4289518349193953,0.004432942868672442,R,LLLYYLLVFLLATLLSLLILI,40.10388588278603
LLLAILLLTLLFVLLSLLILI,LLLAILLLILLFVLLSLLILI,Right,clash,12.2602,-263.923,355954000.0,355954000.0,-60.5003,-278.585,-390.242,4153.91,-45.1631,-51.1572,3335.4,4167.21,53.0967,19.4661,3325.21,4184.04,76.2983,24.4589,-8.55011,1.10011e+17,8,T,111.8635,14.8223249,,,,,0.3089097422075411,0.02341055010891505,R,LLLAILLLTLLTVLLSFLILI,28.880820738067257
LLLSYLLVLLLALLLTFLILI,LLLSYLLVLLLILLLTFLILI,Right,clash,14.5387,-272.721,361038000.0,361038000.0,-58.8832,-286.856,-378.967,4254.83,-49.6154,-33.2275,3522.73,4265.42,46.4639,3.56901,3522.73,4265.42,46.4639,3.56901,-5.8953,1.10011e+17,11,A,126.69879,2.739748426,,,,,0.136099829594273,0.009078637973828558,R,LLLSYLLVILLTLLLAFLILI,12.724347095381914
LLLFYLLVALLTALLSLLILI,LLLFYLLVALLTILLSLLILI,Right,clash,14.0838,-262.954,366008000.0,366008000.0,-74.3702,-280.365,-376.325,4289.01,-49.7526,-21.5904,3467.77,4164.62,47.4071,8.41294,3467.77,4164.62,47.4071,8.41294,-14.6796,1.10011e+17,12,A,115.2636,11.21412395,,,,,0.1522477643263537,0.0008743474418616716,R,LLLTYLLVALLAILLSLLILI,14.23406189088974
LLLFYLLVALLTTLLSLLILI,LLLFYLLVILLTTLLSLLILI,Right,clash,14.1232,-266.164,372487000.0,372487000.0,-88.0102,-283.649,-387.404,4305.82,-54.3741,-15.7442,3516.94,4198.55,50.2789,18.4171,3516.94,4198.55,50.2789,18.4171,-12.1727,1.10011e+17,8,A,112.9125,14.02357123,,,,,0.4250439892826182,0.04450722170826218,R,LLLSYLLVFLLATLLSLLILI,39.738530654746725
LLLYVLLGILLGLLLSFLILI,LLLYVLLIILLGLLLSFLILI,GAS,clash,22.8823,-265.816,404512000.0,404512000.0,-60.3102,-285.531,-374.651,4265.86,-53.1185,-28.8092,3315.63,4210.94,61.655,0.0,3315.63,4190.15,40.7452,0.0,-33.5965,1.10011e+17,7,G,129.5954,0.0,,,,,0.1872045952152395,0.021910488174442886,G,LLLYTLLAILLGLLLGFLILI,16.97964733382299
LLLYWLLLALLVALLSTLILI,LLLYWLLLILLVALLSTLILI,Right,clash,29.484,-279.205,415777000.0,415777000.0,-74.2355,-297.634,-402.365,4247.72,-49.5698,-30.4959,3447.44,4127.59,40.3096,4.36858,3447.44,4127.59,40.3096,4.36858,-11.5575,1.10011e+17,8,A,123.77229,4.660003697,,,,,0.2258146536276927,0.015739734377715198,R,LLLYWLLLALLVALLSTLILI,21.112032546608813
LLLVLLLTGLLFALLAYLILI,LLLVLLLTGLLFALLIYLILI,GAS,clash,16.1446,-262.909,431511000.0,431511000.0,-58.7499,-273.004,-354.714,4222.9,-50.4027,-22.9601,3211.96,4238.01,55.2011,5.23232,3211.96,4238.01,55.2011,5.23232,-20.5014,1.10011e+17,15,A,128.75762,0.819876446,,,,,0.1288666821485362,0.012869341204966517,G,LLLVLLLTGLLFALLAYLILI,11.688339238928489
LLLLYVLTSLLAILLFLLILI,LLLLYVLTILLAILLFLLILI,Left,clash,16.1959,-274.853,462324000.0,462324000.0,-58.8529,-278.68,-366.134,4256.57,-49.5229,-28.601,3237.8,4177.4,50.3945,5.01172,3237.0,4183.66,60.1062,4.79382,-31.9172,1.1011e+16,8,S,126.31788,3.816138936,,,,,0.0606447806139895,0.0030021050353116756,L,LLLLYLLVILLATLLFLLILI,6.063859458794501
LLLYSLLLILLAVLLTFLILI,LLLYSLLLILLAVLLIFLILI,Right,clash,16.5634,-275.057,494524000.0,494524000.0,-45.101,-276.761,-353.019,4347.94,-45.101,-31.1577,3618.56,4281.2,63.4824,31.5139,3589.79,4321.95,94.6841,31.4972,-9.72298,1.10011e+17,15,T,98.2065,24.29371171,,,,,0.0668710890676149,0.001869460243824904,R,LLLYSLLLILLAVLLTFLILI,6.251961890614568
LLLYWLLVALLAFLLSLLILI,LLLYWLLVALLIFLLSLLILI,Right,clash,20.5391,-274.39,514525000.0,514525000.0,-60.3026,-288.186,-371.851,4336.9,-45.0342,-23.3616,3523.96,4352.15,53.6632,4.69585,3523.96,4352.15,53.6632,4.69585,-12.0787,1.10011e+17,11,A,125.57195,3.604766489,,,,,0.2484721731541772,0.023546410167364716,R,LLLYALLVALLFTLLSLLILI,23.230346314045832
LLLFYLLGVLLGLLLASLILI,LLLFYLLGVLLILLLASLILI,GAS,clash,13.5545,-254.016,558967000.0,558967000.0,-60.32,-286.324,-370.741,4268.61,-47.8134,-24.0967,3187.04,4227.12,54.4575,0.0,3187.04,4209.22,34.2449,0.0,-17.4846,1.10011e+17,11,G,130.2678,0.0,,,,,0.1362270167945321,0.018696294386025478,G,LLLFYLLGVLLGLLLASLILI,12.35592908309998
LLLSTLLGLLLGVLLGILILI,LLLSTLLILLLGVLLGILILI,GAS,clash,20.0619,-266.781,559246000.0,559245000.0,-44.9498,-268.175,-368.627,4058.0,-54.447,-55.5024,3094.19,3881.63,58.3584,3.30097,3094.38,3863.4,37.9061,3.3736,-26.0226,1.10011e+17,7,G,126.29443,2.547135161,,,,,0.4296998004530192,0.03916735057151978,G,LLLSTLLGLLLGVLLAILILI,38.97420927471138
LLLAILLVTLLFTLLSLLILI,LLLAILLVILLFTLLSLLILI,Right,clash,11.7217,-261.092,566718000.0,566717000.0,-74.156,-278.736,-389.023,4142.19,-49.6255,-36.1311,3326.06,4108.19,48.2118,12.3404,3316.91,4121.06,72.0305,15.2779,-11.9177,1.10011e+17,8,T,118.9892,9.396510764,,,,,0.3498231914361184,0.03267679875101037,R,LLLYALLVALLFTLLSLLILI,32.70593154390482
LLLLILLTALLYVLLFLLILI,LLLLILLTILLYVLLFLLILI,Left,clash,12.8467,-276.547,574472000.0,574472000.0,-58.9066,-282.804,-377.673,4309.32,-55.4067,-35.9621,3336.66,4259.58,51.073,13.3078,3336.66,4259.58,51.073,13.3078,-17.389,1.1011e+16,8,A,118.0218,10.13313069,,,,,1.0891823637622962,0.10423235685667409,L,LLLLILLTALLYVLLFLLILI,108.90712625199257
LLLTFLLGILLGVLLSLLILI,LLLTFLLIILLGVLLSLLILI,GAS,clash,21.4266,-266.195,575639000.0,575639000.0,-60.3629,-278.438,-380.062,4163.53,-47.8218,-41.261,3218.6,4025.59,54.2534,0.0,3218.6,4019.55,39.7167,0.0,-7.29132,1.10011e+17,7,G,129.5954,0.0,,,,,0.3562252710287963,0.024628087300353298,G,LLLYFLLTILLGVLLALLILI,32.309994669255225
LLLLSYLLFVLATLLLILILI,LLLLIYLLFVLATLLLILILI,Left,clash,26.853,-276.206,586226000.0,586225000.0,-58.8946,-276.786,-360.636,4331.68,-49.6308,-24.9556,3248.73,4264.41,57.1845,2.95891,3242.8,4269.22,67.3926,4.10139,-13.3019,1.10011e+16,4,S,135.51629,2.136779727,,,,,0.0756127770619023,0.0037828971003642875,L,LLLLLLLLFVLATLLSILILI,7.560506423643784
LLLLWYLVSLLILLTFLLILI,LLLLWYLVILLILLTFLLILI,Left,clash,13.3259,-280.78,608046000.0,608046000.0,-59.0105,-289.523,-371.343,4384.08,-49.9497,-22.8095,3364.57,4273.38,31.8931,14.0473,3359.13,4270.69,32.0789,16.9992,-19.6397,1.1011e+16,8,S,117.2823,10.69621776,,,,,0.1615387861295701,0.005496341844956169,L,LLLLWYLVSLLILLTFLLILI,16.152230848502942
LLLWTLLVFLLAILLSLLILI,LLLWTLLVFLLIILLSLLILI,Right,clash,20.6616,-278.547,632360000.0,632360000.0,-60.4392,-287.373,-386.013,4279.79,-45.0711,-38.2008,3372.84,4114.39,45.7725,1.80324,3372.84,4114.39,45.7725,1.80324,-5.52392,1.10011e+17,11,A,128.46456,1.384256125,,,,,0.242765577081019,0.026611734432577513,R,LLLWTLLVFLLAILLSLLILI,22.69682096442215
LLLTFLLGLLLGVLLSILILI,LLLTFLLGLLLIVLLSILILI,GAS,clash,18.5832,-262.146,687303000.0,687303000.0,-60.3583,-275.444,-375.648,4191.84,-51.2582,-39.8455,3196.68,4054.55,52.4996,5.61864,3198.01,4037.26,32.0657,5.18284,-20.4286,1.10011e+17,11,G,124.64916,4.313145689,,,,,0.3962588185154887,0.03313798225361455,G,LLLTALLALLLGVLLSILILI,35.94107817478745
LLLYLLLGALLGTLLSFLILI,LLLYLLLGALLGTLLIFLILI,GAS,clash,14.8871,-262.093,700545000.0,700545000.0,-58.7234,-269.047,-344.54,4263.62,-55.2402,-16.7699,3419.9,4112.56,59.1023,15.9864,3418.96,4122.3,70.3474,15.2333,-18.6621,1.10011e+17,15,S,113.734,12.32373628,,,,,0.1148725492982451,0.0031480210093928706,G,LLLALLLGVLLGTLLGFLILI,10.419057145359089
LLLYALLFLLLGTLLSILILI,LLLYALLFLLLITLLSILILI,GAS,clash,15.0945,-269.598,742393000.0,742393000.0,-74.0819,-282.919,-381.076,4285.29,-51.2868,-24.075,3439.63,4251.35,43.5213,3.77695,3441.04,4253.75,30.1583,2.61481,-9.67379,1.10011e+17,11,G,126.49085,2.899373445,,,,,0.1932278794087782,0.02661504899180862,G,LLLYALLFLLLGTLLSILILI,17.525965341028353
LLLTYLLGLLLGFLLASLILI,LLLTYLLGLLLIFLLASLILI,GAS,clash,18.6309,-266.909,748128000.0,748128000.0,-60.2963,-288.394,-374.794,4176.44,-46.5878,-26.1037,3329.68,4199.34,57.5296,3.11999,3329.81,4178.85,36.341,3.11999,-5.67396,1.10011e+17,11,G,127.14781,2.395058487,,,,,0.1076839222145979,0.013060187863510262,G,LLLTYLLGVLLGLLLASLILI,9.767041351866638
LLLSYLLVALLGLLLGFLILI,LLLSYLLVALLGLLLIFLILI,GAS,clash,13.2964,-264.769,772685000.0,772684000.0,-44.9412,-271.636,-345.22,4207.42,-50.8606,-28.6435,3331.19,4200.93,63.3134,17.4325,3334.73,4180.76,42.0522,17.7858,-29.9073,1.10011e+17,15,G,112.2879,13.43851854,,,,,0.2566622663712755,0.01824099967677418,G,LLLSYLLTALLGALLGFLILI,23.27952880576098
LLLYFLLAVLLGLLLGSLILI,LLLYFLLIVLLGLLLGSLILI,GAS,clash,26.8982,-264.777,802421000.0,802420000.0,-60.2613,-288.894,-369.626,4255.75,-46.8371,-20.4707,3268.14,4161.48,57.636,0.0,3268.14,4161.48,57.636,0.0,-16.4919,1.10011e+17,7,A,129.5954,0.0,,,,,0.151664436434062,0.02259331501370243,G,LLLYFLLALLLGTLLGSLILI,13.756118757515148
LLLAYLLGVLLGLLLGSLILI,LLLAYLLGVLLILLLGSLILI,GAS,clash,13.3868,-255.607,813337000.0,813336000.0,-60.2742,-283.607,-379.384,4107.45,-50.0366,-35.5025,3153.68,4027.68,59.1019,0.0,3153.68,4008.56,38.3093,0.0,-26.7388,1.10011e+17,11,G,130.2678,0.0,,,,,0.3636861007672374,0.024862803749063266,G,LLLFYLLGVLLGLLLASLILI,32.9866995206013
LLLLYLLLAVLTILLSLLILI,LLLLYLLLIVLTILLSLLILI,Left,clash,12.8799,-277.408,865796000.0,865795000.0,-74.3572,-285.058,-404.39,4200.61,-57.2703,-44.9741,3389.51,4157.21,49.9415,21.1276,3389.51,4157.21,49.9415,21.1276,-10.5232,1.10011e+16,8,A,110.202,16.08746238,,,,,0.4996472096534517,0.029754864101208506,L,LLLLALLLFVLTWLLSLLILI,49.95962435089506
LLLLYWLLAVLLSLLFTLILI,LLLLYWLLIVLLSLLFTLILI,Left,clash,30.3689,-283.623,871056000.0,871056000.0,-74.2539,-294.592,-388.282,4309.16,-52.4215,-19.4363,3504.5,4205.23,58.2947,38.9837,3504.5,4205.23,58.2947,38.9837,-15.0364,1.10011e+16,8,A,92.3459,29.68386411,,,,,0.5887335193372356,0.04921208801040751,L,LLLLYWLLAVLLSLLFTLILI,58.86734660095287
LLLLYWLLAVLLSLLFTLILI,LLLLYWLLAVLLILLFTLILI,Left,clash,30.2052,-281.595,871070000.0,871070000.0,-58.9034,-291.215,-372.394,4303.13,-49.6129,-22.2754,3505.8,4200.95,48.4496,16.0255,3504.5,4205.23,58.2318,16.0949,-15.0364,1.10011e+16,12,S,113.7965,12.34420976,,,,,0.4298772576462286,0.018396475386974778,L,LLLLYWLLAVLLSLLFTLILI,42.98334083341388
LLLTYLLIALLLALLFVLILI,LLLTYLLIILLLALLFVLILI,Right,clash,16.9827,-274.886,872124000.0,872124000.0,-45.0398,-278.249,-358.823,4273.1,-45.0398,-35.5343,3281.49,4248.01,50.2565,6.33423,3281.49,4248.01,50.2565,6.33423,-7.37369,1.10011e+17,8,A,118.8669,8.438554328,,,,,0.3830806067352596,0.01844459183752083,R,LLLTYLLIALLLALLFVLILI,35.81525869753223
LLLVYLLTALLLALLSFLILI,LLLVYLLTALLLILLSFLILI,Right,clash,16.3087,-270.859,872202000.0,872202000.0,-74.1517,-281.585,-376.06,4235.42,-49.4479,-20.3241,3279.16,4140.91,55.1075,13.3359,3279.16,4140.91,55.1075,13.3359,-15.6341,1.10011e+17,12,A,116.4861,10.27244997,,,,,0.0462621467860046,0.000373751864528442,R,LLLVYLLTILLALLLSFLILI,4.325175239656582
LLLLLALLFVLTSLLYLLILI,LLLLLILLFVLTSLLYLLILI,Left,clash,19.1062,-275.158,880264000.0,880263000.0,-74.2961,-282.084,-385.446,4245.65,-53.7529,-29.0661,3329.92,4179.24,53.3969,26.7137,3329.92,4179.24,53.3969,26.7137,-14.7041,1.10011e+16,5,A,103.5811,20.50250662,,,,,0.1844929932364013,0.0033254499966464597,L,LLLLLALLFVLTSLLAILILI,18.44741741649224
LLLLFWLLAVLTALLYLLILI,LLLLFWLLIVLTALLYLLILI,Left,clash,29.4015,-280.429,882809000.0,882809000.0,-58.9455,-284.577,-365.148,4329.6,-49.8358,-21.6258,3214.47,4196.85,53.7834,18.8081,3214.47,4196.85,53.7834,18.8081,-19.9151,1.10011e+16,8,A,123.43024,4.923479842,,,,,0.1804520683722336,0.0044858548139724095,L,LLLLFWLLAVLTALLYLLILI,18.043366149231023
LLLYVLLTILLALLLSFLILI,LLLYVLLTILLILLLSFLILI,Right,clash,11.5448,-270.117,883615000.0,883615000.0,-74.2348,-288.245,-388.669,4288.56,-49.6537,-26.1892,3709.45,4257.5,47.6614,4.80019,3709.45,4257.5,47.6614,4.80019,-7.67668,1.10011e+17,11,A,125.46761,3.684863028,,,,,0.2120178572903596,0.008899436536853845,R,LLLYALLTVLLALLLSFLILI,19.822132140973714
LLLFALLLVLITLLYSLLILI,LLLFALLIVLITLLYSLLILI,Left,clash,20.3902,-272.797,908751000.0,908750000.0,-74.2971,-281.631,-375.04,4252.46,-49.6937,-19.1119,3421.08,4148.64,42.3222,8.63087,3374.2,4145.18,80.6288,16.0533,-17.2718,1.10011e+17,7,L,120.96453,6.659858297,,,,,0.2331141954442218,0.01146145308294866,L,LLLYALLLVLITLLFSLLILI,23.309041680293102
LLLSYLLTALLGALLGFLILI,LLLSYLLTALLIALLGFLILI,GAS,clash,13.119,-259.384,916692000.0,916692000.0,-58.6186,-275.052,-349.027,4139.79,-53.1536,-15.3556,3279.64,4133.07,60.6574,11.6725,3283.26,4114.96,40.6672,10.1419,-12.2521,1.10011e+17,11,G,118.5953,8.960387755,,,,,0.2044467955202374,0.01120534207711529,G,LLLSYLLTALLGALLGFLILI,18.543532451607568
LLLAYLLVFLLGLLLGSLILI,LLLAYLLVFLLGLLLISLILI,GAS,clash,10.6102,-259.499,918826000.0,918826000.0,-60.3448,-279.711,-364.861,4219.58,-54.3426,-24.8055,3106.44,4132.49,62.5088,8.93867,3107.04,4113.64,41.8214,8.63757,-33.0247,1.10011e+17,15,G,120.78173,6.890720349,,,,,0.5569020945985833,0.07177748953938153,G,LLLAYLLTILLGLLLGSLILI,50.5115868276587
LLLTALLAFLLGVLLGLLILI,LLLTALLAFLLGVLLILLILI,GAS,clash,17.5917,-264.865,995693000.0,995692000.0,-44.9299,-264.973,-350.482,4139.91,-54.3915,-40.5793,3082.23,4012.37,59.6365,2.15499,3082.21,3994.14,39.1908,2.2045,-21.538,1.10011e+17,15,G,127.56541,1.661257597,,,,,0.6351066131296317,0.0012597855465739981,G,LLLTALLALLLGVLLSILILI,57.60481625956384
LLLSYLLVFLLALLLATLILI,LLLSYLLVFLLALLLITLILI,Right,clash,26.2844,-282.182,1015400000.0,1015400000.0,-58.8168,-280.942,-365.156,4250.69,-49.5427,-25.3977,3306.26,4173.1,62.4722,40.1082,3306.26,4173.1,62.4722,40.1082,-17.4457,1.10011e+17,15,A,130.2678,0.0,,,,,0.2611120710933218,0.01594048542916833,R,LLLSYLLFVLLALLLATLILI,24.41208510907109
LLLTFLLAVLLGLLLGSLILI,LLLTFLLAVLLILLLGSLILI,GAS,clash,15.1681,-259.424,1018260000.0,1018260000.0,-60.2706,-284.162,-381.884,4140.34,-49.263,-37.4515,3194.4,4029.29,58.1207,0.0,3194.4,4011.67,38.3156,0.0,-21.6354,1.10011e+17,11,G,130.2678,0.0,,,,,0.3169986323410569,0.03392309544968096,G,LLLTFLLAILLGLLLGVLILI,28.75209861310708
LLLSYLLVFLLALLLATLILI,LLLSYLLVFLLILLLATLILI,Right,clash,26.2997,-282.181,1025160000.0,1025160000.0,-58.8168,-287.469,-372.904,4214.94,-49.5427,-26.6184,3306.26,4173.1,46.0244,0.0,3306.26,4173.1,46.0244,0.0,-17.4457,1.10011e+17,11,A,130.2678,0.0,,,,,0.3111608116357638,0.022733622061606652,R,LLLSYLLFVLLALLLATLILI,29.09127940525221
LLLYFLLTILLGVLLALLILI,LLLYFLLTILLIVLLALLILI,GAS,clash,12.3992,-265.092,1059580000.0,1059580000.0,-58.7793,-280.213,-365.872,4273.42,-50.9329,-26.8802,3389.43,4259.14,55.6437,0.570188,3389.43,4242.47,36.6081,0.570188,-18.4887,1.10011e+17,11,G,129.697612,0.437704483,,,,,0.2322439684956895,0.018167642589011997,G,LLLYFLLTILLGVLLALLILI,21.06476433407169
LLLALLLGLLLGTLLGFLILI,LLLALLLGLLLGTLLIFLILI,GAS,clash,15.9921,-259.857,1066410000.0,1066410000.0,-58.691,-266.083,-360.777,4158.02,-57.8149,-36.0027,3196.51,4021.42,61.069,8.54922,3198.4,4002.16,40.5652,8.88503,-24.8153,1.10011e+17,15,G,121.17118,6.590497717,,,,,0.3304324867048906,0.03647846704340416,G,LLLALLLGFLLGTLLGVLILI,29.970562877670524
LLLSYLLVFLLATLLSLLILI,LLLSYLLVFLLITLLSLLILI,Right,clash,16.1211,-273.463,1085350000.0,1085350000.0,-74.0414,-283.162,-381.131,4225.26,-49.5282,-23.928,3359.74,4225.05,45.4497,0.123505,3359.74,4225.05,45.4497,0.123505,-15.6525,1.10011e+17,11,A,130.144295,0.094808541,,,,,0.2505903287843528,0.017219566711937095,R,LLLSYLLVFLLATLLSLLILI,23.42837850498052
LLLLSTLTSLLAVLLFLLILI,LLLLSTLTILLAVLLFLLILI,Left,clash,21.9856,-273.005,1095480000.0,1095480000.0,-58.9219,-272.906,-370.95,4154.37,-51.9046,-39.1229,3232.5,4057.13,59.6463,14.6289,3229.94,4064.54,69.5269,15.1928,-17.931,1.1011e+16,8,S,116.7007,11.13907299,,,,,0.2611291855665472,0.01117304788973972,L,LLLLWILTYLLAVLLFLLILI,26.11025492768854
LLLLLFLTALLYVLISLLILI,LLLLLFLTILLYVLISLLILI,Left,clash,14.4969,-273.191,1111820000.0,1111820000.0,-74.2211,-284.529,-384.939,4264.96,-50.1256,-26.1887,3446.22,4227.07,51.7971,7.48126,3446.22,4227.07,51.7971,7.48126,-15.3504,1.1011e+16,8,A,123.84834,5.696552795,,,,,0.72765634791606,0.0475217217389446,L,LLLLLLLTALLFVLISLLILI,72.75821238678547
LLLTYLLAFLLGVLLGLLILI,LLLTYLLAFLLGVLLILLILI,GAS,clash,19.9318,-271.824,1132230000.0,1132230000.0,-44.9207,-271.9,-345.073,4256.15,-54.6171,-28.2524,3103.57,4123.0,59.4889,0.0,3103.61,4104.06,38.9914,0.0389564,-25.4978,1.10011e+17,15,G,129.7204,0.0,,,,,0.4411924112662935,0.0004959373802948832,G,LLLTYLLALLLGVLLGSLILI,40.01660077332772
LLLVYLLTALLLALLSFLILI,LLLVYLLTILLLALLSFLILI,Right,clash,16.3744,-270.859,1137460000.0,1137460000.0,-74.1591,-283.573,-380.787,4221.95,-49.4479,-23.0552,3279.16,4140.91,44.8485,2.65905,3279.16,4140.91,44.8485,2.65905,-15.6341,1.10011e+17,8,A,116.4861,10.27244997,,,,,0.415606262092682,0.01931743513341186,R,LLLVYLLTILLALLLSFLILI,38.85617160320148
LLLYLLLATLLFVLLSLLILI,LLLYLLLAILLFVLLSLLILI,Right,clash,12.7626,-266.08,1141190000.0,1141190000.0,-60.4494,-282.008,-374.918,4348.18,-45.0959,-32.4608,3524.0,4257.33,54.9864,24.1987,3494.54,4281.86,82.9136,28.7129,-7.44257,1.10011e+17,8,T,107.1309,18.42592987,,,,,0.2212897685081346,0.01902589430754128,R,LLLYFLLAILLAVLLTLLILI,20.68898860158973
LLLSYLLILLLGTLLAFLILI,LLLSYLLILLLITLLAFLILI,GAS,clash,15.7663,-271.894,1155070000.0,1155070000.0,-58.7724,-281.86,-369.708,4237.32,-49.5098,-29.0747,3410.56,4238.48,54.277,0.435802,3410.57,4225.88,36.3919,0.145267,-27.8576,1.10011e+17,11,G,129.831998,0.334543149,,,,,0.2477391166250991,0.029132460112409136,G,LLLSYLLTVLLGTLLAFLILI,22.470190041278386
LLLTYLLAVLLGILLGLLILI,LLLTYLLAVLLGILLILLILI,GAS,clash,14.0815,-264.213,1207510000.0,1207510000.0,-44.9369,-270.939,-360.722,4211.63,-54.1325,-44.8462,3152.85,4068.38,59.8676,0.541467,3152.79,4049.62,39.342,0.546746,-21.372,1.10011e+17,15,G,129.178933,0.417410831,,,,,0.264523268146322,0.032131250959843254,G,LLLTYLLAVLLGLLLAFLILI,23.99252966814569
LLLYTLLAVLIALLLSLLILI,LLLYTLLAVLIILLLSLLILI,Left,clash,23.4807,-279.215,1266650000.0,1266650000.0,-60.3479,-281.039,-386.668,4248.48,-45.0195,-45.281,3363.02,4114.91,50.141,11.8393,3363.02,4114.91,50.141,11.8393,-11.3191,1.10011e+17,11,A,118.4285,9.088431677,,,,,0.0097279866422402,0.0006768797600644934,L,LLLYTLLAVLIALLLSLLILI,0.9726994346149423
LLLVALLLLLFLLLTSLLILI,LLLVALLLLLFILLTSLLILI,Left,clash,19.3696,-272.117,1270650000.0,1270650000.0,-74.3089,-282.127,-398.707,4135.57,-49.9312,-42.2711,3311.31,4113.78,51.2037,3.86014,3307.39,4165.2,107.812,5.80596,-7.38901,1.10011e+17,11,L,126.40766,2.963234199,,,,,0.3606417822924017,0.010694179508901402,L,LLLVALLLLLTFLLASLLILI,36.06049952938269
LLLSTLLGALLGLLLAVLILI,LLLSTLLGALLILLLAVLILI,GAS,clash,16.2625,-259.566,1304730000.0,1304730000.0,-44.8908,-264.605,-363.806,4074.81,-51.9813,-54.3101,3141.43,3901.25,54.987,1.04563,3141.51,3882.81,34.194,1.04563,-14.0094,1.10011e+17,11,G,129.22217,0.802677254,,,,,0.3714158225142664,0.02834801643035187,G,LLLSTLLGALLGLLLAVLILI,33.68779315082031
LLLYALLVLLLGTLLAFLILI,LLLYALLVLLLITLLAFLILI,GAS,clash,13.1734,-264.701,1313250000.0,1313250000.0,-58.7698,-278.12,-361.543,4258.49,-51.6119,-24.6533,3554.92,4250.45,54.8936,1.23477,3555.56,4236.88,36.7369,0.581069,-12.827,1.10011e+17,11,G,129.03303,0.947870464,,,,,0.1085286923309176,0.009768263281892313,G,LLLYALLALLLGTLLSFLILI,9.843662861273335
LLLTSLLLGLLFALLAYLILI,LLLTSLLLGLLFALLIYLILI,GAS,clash,15.639,-271.411,1320050000.0,1320050000.0,-44.9453,-272.443,-348.344,4172.3,-49.5986,-30.9557,3232.71,4199.12,55.4942,4.42807,3232.71,4199.12,55.4942,4.42807,-21.9286,1.10011e+17,15,A,128.78401,0.799548613,,,,,0.1131210860430521,0.012281619224968576,G,LLLTSLLVGLLFALLAYLILI,10.260197645371214
LLLVALLLFLTALLLSLLILI,LLLVALLLFLTILLLSLLILI,Left,clash,19.8167,-272.118,1327910000.0,1327910000.0,-74.1799,-279.136,-394.56,4173.48,-49.5982,-41.244,3262.05,4074.27,51.3401,11.8888,3262.05,4074.27,51.3401,11.8888,-13.5361,1.10011e+17,11,A,118.379,9.126430323,,,,,0.6041548678321772,0.03330362334007893,L,LLLVALLLILTFLLASLLILI,60.40932414612098
LLLVALLLFLTALLLSLLILI,LLLVILLLFLTALLLSLLILI,Left,clash,24.8031,-271.011,1327910000.0,1327910000.0,-74.1799,-279.166,-391.599,4175.7,-49.5982,-38.2537,3262.05,4074.27,53.8159,16.9038,3262.05,4074.27,53.8159,16.9038,-13.5361,1.10011e+17,4,A,118.379,9.126430323,,,,,0.1597961508640382,0.0018246476329415102,L,LLLVALLLLLTALLFSLLILI,15.977985097572049
LLLYLLLGALLAFLLSTLILI,LLLYLLLGALLIFLLSTLILI,GAS,clash,16.5864,-263.775,1334970000.0,1334970000.0,-74.0462,-290.66,-381.112,4287.63,-50.9262,-16.4057,3515.52,4208.62,58.992,12.2159,3515.52,4208.62,58.992,12.2159,-12.4366,1.10011e+17,11,A,128.17231,1.608601665,,,,,0.0254567094977342,0.001257421900199841,G,LLLYLLLGALLAFLLSTLILI,2.3089494627743123
LLLTYLLAVLLGLLLGFLILI,LLLTYLLAVLLILLLGFLILI,GAS,clash,15.7759,-267.195,1340600000.0,1340600000.0,-44.9568,-279.129,-353.108,4215.71,-49.8673,-29.0223,3232.9,4181.8,58.4393,0.0,3232.9,4163.93,38.5117,0.0,-25.681,1.10011e+17,11,G,130.2678,0.0,,,,,0.1739707749150268,0.006486929158454713,G,LLLTYLLAVLLGLLLAFLILI,15.779326362436349
LLLYFLLGVLLGLLLSTLILI,LLLYFLLIVLLGLLLSTLILI,GAS,clash,25.8119,-264.529,1362850000.0,1362850000.0,-74.1291,-292.696,-384.185,4289.13,-55.7684,-17.3601,3229.9,4216.49,60.2806,0.0,3229.9,4200.09,40.6325,0.0,-29.5179,1.10011e+17,7,G,129.5954,0.0,,,,,0.2410487049629155,0.03215144127581164,G,LLLYFLLAVLLGLLLGTLILI,21.86336289362552
LLLLYLLIALLTVLFSLLILI,LLLLYLLIALLTVLFILLILI,Left,clash,15.0398,-276.102,1438880000.0,1438870000.0,-58.9928,-277.199,-364.352,4248.43,-51.2445,-28.1596,3556.79,4268.14,55.2343,28.5283,3549.12,4264.85,60.7296,27.923,-7.80507,1.1011e+16,15,S,101.1921,21.99214619,,,,,0.3371059345902983,0.028759156487540172,L,LLLLYLLVALLTILFSLLILI,33.707154834848104
LLLFYLLITLLVALLSLLILI,LLLFYLLIILLVALLSLLILI,Right,clash,14.7522,-263.777,1458900000.0,1458900000.0,-60.4926,-281.452,-371.903,4333.61,-45.1306,-29.9586,3539.07,4208.57,50.1995,23.7784,3514.36,4231.67,77.9459,22.6527,-9.05665,1.10011e+17,8,T,107.5512,18.1058954,,,,,0.2539655582134478,0.02097034042218617,R,LLLFYLLTALLIALLSLLILI,23.74393798003926
LLLSYLLGVLLGTLLGFLILI,LLLSYLLGVLLITLLGFLILI,GAS,clash,14.9851,-264.285,1540160000.0,1540160000.0,-58.6887,-276.236,-348.969,4154.86,-54.7134,-14.0439,3327.28,4144.66,63.368,0.0,3327.28,4123.37,42.0652,0.0,-26.5145,1.10011e+17,11,G,130.2678,0.0,,,,,0.1497335437972108,0.01988174015245432,G,LLLSYLLTVLLGTLLAFLILI,13.580984829977131
LLLLYLLLAVLLSLLFTLILI,LLLLYLLLAVLISLLFTLILI,Left,clash,17.9957,-272.712,1600390000.0,1600390000.0,-74.2291,-285.125,-378.377,4215.15,-49.6062,-19.0226,3294.97,4261.8,59.6349,22.8192,3265.3,4326.04,121.631,76.6257,-19.3482,1.10011e+16,11,L,107.4486,17.51714545,,,,,0.4141284634231845,0.03401489602672114,L,LLLLYWLLAVLLSLLFTLILI,41.40862205552149
LLLTYLLAFLLGVLLGLLILI,LLLTYLLAFLLIVLLGLLILI,GAS,clash,19.9353,-271.824,1713820000.0,1713820000.0,-44.9207,-276.855,-350.746,4238.63,-50.175,-28.9705,3103.61,4115.29,57.3363,0.0,3103.61,4104.06,40.5062,0.0,-25.4978,1.10011e+17,11,G,130.2678,0.0,,,,,0.2786171613627193,0.02036125316660341,G,LLLTYLLALLLGVLLGSLILI,25.270860128462864
LLLSYLLVILLTLLLAFLILI,LLLSYLLVILLILLLAFLILI,Right,clash,15.2762,-271.373,1741460000.0,1741460000.0,-45.0934,-280.854,-362.167,4222.92,-45.0934,-36.219,3507.52,4200.19,51.298,3.13159,3504.16,4223.55,77.2683,5.28321,-10.9575,1.10011e+17,11,T,127.13621,2.40396322,,,,,0.3917344576173767,0.01420181342632033,R,LLLSYLLVILLTLLLAFLILI,36.62433099882752
LLLSYLLGLLLGFLLSTLILI,LLLSYLLILLLGFLLSTLILI,GAS,clash,23.3638,-275.544,1872410000.0,1872410000.0,-74.0925,-295.1,-388.821,4181.17,-53.3896,-19.6284,3302.37,4192.0,55.4088,0.0,3302.37,4181.2,38.0124,0.0,-25.2886,1.10011e+17,7,G,129.5954,0.0,,,,,0.5973887025515393,0.06383718876251887,G,LLLSYLLALLLGFLLGTLILI,54.18376337863251
LLLSYLLFVLLGILLALLILI,LLLSYLLFVLLIILLALLILI,GAS,clash,17.7505,-272.195,1915570000.0,1915570000.0,-44.9887,-278.967,-359.798,4243.6,-46.2805,-35.842,3186.06,4199.88,49.0151,0.0663661,3186.06,4198.61,35.3218,0.0663661,-25.4259,1.10011e+17,11,G,130.2014339,0.050945898,,,,,0.1946514326121508,0.01610504728148403,G,LLLSYLLFVLLGILLALLILI,17.655083065550077
LLLSYLLTILLAFLLSLLILI,LLLSYLLIILLAFLLSLLILI,Right,clash,14.265,-269.158,2067590000.0,2067590000.0,-60.4916,-281.886,-371.074,4255.83,-45.0969,-28.6969,3419.63,4144.06,53.8605,25.7584,3405.36,4172.76,81.7497,40.2992,-14.1476,1.10011e+17,7,T,103.837,19.87601412,,,,,0.3897377853800723,0.024118737827082643,R,LLLAYLLTVLLAFLLSLLILI,36.43765662415039
LLLSYLLVILLTFLLSLLILI,LLLSYLLVILLIFLLSLLILI,Right,clash,15.1903,-273.343,2076240000.0,2076240000.0,-60.5328,-283.654,-374.173,4266.38,-45.1408,-29.9858,3430.49,4180.44,50.4765,8.60896,3415.24,4203.55,78.0346,12.6635,-17.0472,1.10011e+17,11,T,121.65884,6.608663077,,,,,0.2797246854458884,0.001708979069123465,R,LLLSYLLVFLLATLLSLLILI,26.15222957567746
LLLSYLLTVLLGILLGLLILI,LLLSYLLTVLLIILLGLLILI,GAS,clash,12.5598,-266.404,2102800000.0,2102800000.0,-58.7344,-276.921,-375.096,4166.41,-56.6141,-39.441,3112.65,4070.24,62.556,0.0,3112.65,4046.37,40.522,0.0,-31.5567,1.10011e+17,11,G,130.2678,0.0,,,,,0.1743137383207778,0.0169465358145914,G,LLLSYLLFVLLGILLALLILI,15.810433492426206
LLLYSLLLTLLAVLLFSLILI,LLLYSLLLILLAVLLFSLILI,Right,clash,15.612,-268.824,2320630000.0,2320630000.0,-60.4281,-286.561,-374.305,4300.86,-48.3363,-27.3162,3525.94,4218.48,58.8378,20.0006,3512.43,4251.02,87.0586,31.9962,-5.30693,1.10011e+17,8,T,111.329,15.22931616,,,,,0.1002552506707431,0.007041890301247706,R,LLLYSLLLILLAVLLTFLILI,9.373138904523184
LLLWTLLVFLLAILLSLLILI,LLLWTLLIFLLAILLSLLILI,Right,clash,20.7218,-275.958,2385970000.0,2385970000.0,-60.4392,-284.444,-380.394,4279.33,-45.0711,-35.5114,3386.72,4094.02,49.5258,33.1197,3372.84,4114.39,74.2555,43.8185,-5.52392,1.10011e+17,7,V,96.4757,25.55623116,,,,,0.1755172608367054,0.013449464571873673,R,LLLWTLLVFLLAILLSLLILI,16.409591068370446
LLLLAYLIFLLWTLVLLLILI,LLLLIYLIFLLWTLVLLLILI,Left,clash,23.665,-282.387,2431710000.0,2431710000.0,-58.9084,-286.5,-367.675,4417.17,-49.6376,-22.2672,3579.99,4349.95,57.6445,33.1705,3579.99,4349.95,57.6445,33.1705,-12.3295,1.1011e+16,4,A,105.3047,23.95410875,,,,,0.963641330205204,0.058927742727829344,L,LLLLAYLIFLLWTLVLLLILI,96.35430346832166
LLLFVLLTILLGALLSLLILI,LLLFVLLTILLGALLILLILI,GAS,clash,12.7251,-253.555,2604800000.0,2604800000.0,-58.8679,-268.94,-363.403,4234.92,-54.6664,-35.5954,3325.28,4068.85,60.4757,12.8389,3324.45,4086.19,72.523,13.9987,-9.71457,1.10011e+17,15,S,116.8815,9.897363869,,,,,0.2092191312578712,0.022811286831001594,G,LLLFVLLTILLGALLSLLILI,18.97638816057376
LLLLYLLLFVLTALLLSLILI,LLLLYLLLFVLTILLLSLILI,Left,clash,18.5031,-275.613,2629630000.0,2629630000.0,-74.1215,-288.614,-390.363,4261.98,-49.827,-27.6276,3406.55,4308.03,41.2889,8.60772,3406.55,4308.03,41.2889,8.60772,-14.5487,1.10011e+16,12,A,121.21428,6.630401627,,,,,0.1519465298736215,0.0060733641316225795,L,LLLLYLLLFVLATLLLSLILI,15.193103068009387
LLLYALLTLLLGFLLGILILI,LLLYALLTLLLGFLLIILILI,GAS,clash,13.6156,-267.395,2644790000.0,2644790000.0,-58.7915,-272.909,-354.791,4293.24,-59.655,-23.0907,3353.53,4217.48,58.8108,0.123505,3353.53,4205.2,41.5276,0.123505,-27.0037,1.10011e+17,15,G,129.596895,0.095208618,,,,,0.3514642546293522,0.033388777394956846,G,LLLYALLFLLLGTLLSILILI,31.878165635784327
LLLYFLLGLLLGVLLGSLILI,LLLYFLLGLLLIVLLGSLILI,GAS,clash,25.3986,-263.495,2766980000.0,2766980000.0,-60.2835,-287.197,-366.772,4276.38,-55.8359,-19.2916,3147.71,4122.04,61.5755,0.0,3147.71,4104.3,41.1979,0.0,-40.0165,1.10011e+17,11,G,130.2678,0.0,,,,,0.2100522820182514,0.012188050763905667,G,LLLYFLLALLLGTLLGSLILI,19.051955782569884
LLLVYLLLALLFTLLSLLILI,LLLVYLLLALLFILLSLLILI,Right,clash,12.8854,-267.041,2834820000.0,2834820000.0,-60.4802,-281.755,-378.312,4236.89,-45.1172,-36.0768,3461.95,4226.71,45.864,18.2997,3452.85,4235.26,68.3419,31.0707,-11.9489,1.10011e+17,12,T,111.5223,14.09599297,,,,,0.4448354653266189,0.05325706798972967,R,LLLVALLLALLFALLSTLILI,41.58889014060752
LLLSYLLTLLLAFLLSILILI,LLLSYLLTLLLIFLLSILILI,Right,clash,14.1899,-272.595,3034680000.0,3034680000.0,-74.0605,-284.518,-384.918,4219.65,-49.469,-26.3398,3444.4,4204.53,55.1311,11.0332,3444.4,4204.53,55.1311,11.0332,-13.2512,1.10011e+17,11,A,119.2346,8.469629486,,,,,0.3938997371607753,0.03027647986433816,R,LLLSYLLTILLAFLLSLLILI,36.82676893391435
LLLTLLLGLLLGVLLASLILI,LLLTLLLGLLLIVLLASLILI,GAS,clash,17.4811,-260.211,3344210000.0,3344210000.0,-60.2643,-282.462,-398.677,4145.02,-49.6062,-55.9503,3184.44,3983.39,57.5401,3.00383,3184.83,3963.18,36.4193,3.1491,-17.8028,1.10011e+17,11,G,127.26397,2.305888332,,,,,0.2346969454610873,0.029244845177484623,G,LLLTLLLGLLLGVLLASLILI,21.28725184161689
LLLFALLLLLVSLLLTLLILI,LLLFILLLLLVSLLLTLLILI,Left,clash,16.9898,-274.138,3516750000.0,3516750000.0,-74.3103,-282.015,-401.534,4313.62,-49.6676,-45.2086,3305.81,4120.97,44.1878,13.4689,3305.81,4120.97,44.1878,13.4689,-16.8039,1.10011e+17,4,A,125.0063,9.7265792,,,,,0.3634682479920791,0.02666962378469512,L,LLLFSLLLLLVALLLTLLILI,36.34311726819587
LLLVWLLTALLIALLSLLILI,LLLVWLLTILLIALLSLLILI,Right,clash,15.2689,-272.82,3525070000.0,3525070000.0,-74.1403,-281.932,-402.972,4220.19,-49.5446,-46.8999,3235.26,3985.62,41.1084,0.0779128,3235.26,3985.62,41.1084,0.0779128,-23.4744,1.10011e+17,8,A,118.2858,8.886167214,,,,,0.3231537871695801,0.03208636052921815,R,LLLVWLLTALLIALLSLLILI,30.212535646745124
LLLSYLLTILLAFLLTLLILI,LLLSYLLIILLAFLLTLLILI,Right,clash,18.6854,-275.171,3665440000.0,3665440000.0,-58.9041,-282.566,-366.851,4267.74,-49.8563,-25.3818,3431.22,4187.41,55.7593,24.256,3416.67,4220.45,85.1044,35.4545,-10.6211,1.10011e+17,7,T,111.8029,13.72926817,,,,,0.3184066335238768,0.033797229009550775,R,LLLSYLLTILLAVLLSLLILI,29.76871120638317
LLLSYLLFVLLALLLSTLILI,LLLSYLLFILLALLLSTLILI,Right,clash,11.9792,-265.348,3682770000.0,3682770000.0,-74.2184,-292.474,-390.155,4175.56,-49.617,-23.4626,3445.29,4117.0,48.7033,36.2194,3416.81,4115.01,66.3302,50.7771,-15.4688,1.10011e+17,8,V,95.1102,27.57900732,,,,,0.3131216016056884,0.016198371022848036,R,LLLSYLLFVLLALLLATLILI,29.27459904814112
LLLTSLLFALLGILLALLILI,LLLTSLLFALLGILLILLILI,GAS,clash,20.5785,-270.342,3965060000.0,3965060000.0,-44.9798,-268.43,-356.011,4140.14,-52.7458,-42.6013,3191.82,4082.77,59.4374,12.318,3191.82,4082.77,59.4374,12.318,-7.15644,1.10011e+17,15,A,117.4024,9.495807907,,,,,0.3687382000937098,0.014607489626915817,G,LLLTVLLGALLGILLSLLILI,33.44493007183492
LLLTSLLFALLGILLALLILI,LLLTSLLFALLIILLALLILI,GAS,clash,20.5844,-271.522,4011090000.0,4011090000.0,-44.9798,-272.01,-363.445,4141.77,-50.1746,-46.455,3190.7,4086.71,49.8457,4.87641,3191.82,4082.77,35.0421,4.29534,-7.15644,1.10011e+17,11,G,125.39139,3.743373266,,,,,0.2075142664265698,0.02125029345956518,G,LLLTYLLFVLLGILLALLILI,18.821755185063456
LLLTYLLGVLLGLLLSFLILI,LLLTYLLGVLLILLLSFLILI,GAS,clash,25.658,-276.286,4350930000.0,4350930000.0,-60.3458,-283.998,-371.18,4222.37,-52.6785,-26.8363,3306.0,4216.53,49.797,0.0,3306.0,4201.18,29.7071,0.0,-9.24157,1.10011e+17,11,G,130.2678,0.0,,,,,0.3750429918073295,0.006667489020672375,G,LLLTYLLAVLLGLLLAFLILI,34.01678109764647
LLLLVSLLILLTALLFLLILI,LLLLVILLILLTALLFLLILI,Left,clash,19.4557,-271.449,4452750000.0,4452750000.0,-58.9351,-275.888,-380.101,4217.55,-49.8324,-45.2785,3286.54,4090.78,41.5697,16.5813,3283.19,4094.13,50.8032,16.4093,-7.46926,1.10011e+16,5,S,113.7135,12.72598753,,,,,0.1792286004282498,0.009995763929268854,L,LLLLVALLLLLTALLFSLILI,17.921031834727017
LLLVYLLIALLTALLSLLILI,LLLVYLLIALLTILLSLLILI,Right,clash,13.1678,-263.2,4808950000.0,4808950000.0,-74.2769,-279.965,-394.006,4171.66,-49.6741,-39.7643,3381.16,4088.56,47.4062,11.7594,3381.16,4088.56,47.4062,11.7594,-16.3645,1.10011e+17,12,A,118.0626,9.05809493,,,,,0.2425652896552813,0.018674146004662,R,LLLVALLIALLFTLLSLLILI,22.67809554256436
LLLVYLLIALLTALLSLLILI,LLLVYLLIILLTALLSLLILI,Right,clash,13.2003,-263.2,4809050000.0,4809050000.0,-74.2682,-280.732,-394.066,4185.49,-49.7883,-39.0657,3381.16,4088.56,56.809,20.2232,3381.16,4088.56,56.809,20.2232,-16.3645,1.10011e+17,8,A,118.0626,9.05809493,,,,,0.4813444799318425,0.05792642007502696,R,LLLSYLLVILLTFLLSLLILI,45.00221824933559
LLLVYLLTALLISLLFLLILI,LLLVYLLTILLISLLFLLILI,Right,clash,14.3588,-273.603,4887220000.0,4887220000.0,-74.1773,-280.567,-377.638,4293.33,-54.3883,-22.8937,3273.36,4291.19,45.2623,6.65418,3273.36,4291.19,45.2623,6.65418,-19.3756,1.10011e+17,8,A,124.67542,5.066778548,,,,,0.9066899232136674,0.1356831729258226,R,LLLVYLLTALLIALLSLLILI,84.76893266691752
LLLLYLLLAVLLSLLFTLILI,LLLLYLLLIVLLSLLFTLILI,Left,clash,18.1398,-276.77,5245900000.0,5245900000.0,-74.2291,-290.033,-392.228,4249.87,-49.6062,-27.9665,3265.3,4326.04,47.9208,13.15,3265.3,4326.04,47.9208,13.15,-19.3482,1.10011e+16,8,A,118.1796,10.01297499,,,,,0.4346081768053198,0.042534842501503946,L,LLLLYWLLAVLLSLLFTLILI,43.456384491931615
LLLSYLLTVLLALLLSFLILI,LLLSYLLIVLLALLLSFLILI,Right,clash,20.0102,-274.99,5467280000.0,5467280000.0,-60.402,-282.968,-373.631,4198.5,-45.093,-30.2604,3524.51,4214.14,55.5057,32.6374,3513.59,4246.95,85.1775,53.0249,-9.83905,1.10011e+17,7,T,96.958,25.18407289,,,,,0.5593658915008513,0.02096009926484832,R,LLLYALLTVLLALLLSFLILI,52.29665443368102
LLLYLLLAVLLAFLLTSLILI,LLLYLLLIVLLAFLLTSLILI,Right,clash,15.9299,-265.017,5627670000.0,5627670000.0,-74.2137,-296.406,-388.269,4311.75,-49.8395,-17.649,3590.06,4255.45,57.8398,13.5473,3590.06,4255.45,57.8398,13.5473,-7.34717,1.10011e+17,7,A,124.55608,4.384598496,,,,,0.0075483751553408,0.00030094636223457064,R,LLLYLLLTVLLAFLLSILILI,0.7057183375544462
LLLLYLLVTLLALLFILLILI,LLLLYLLVILLALLFILLILI,Left,clash,14.7067,-274.727,5806370000.0,5806370000.0,-45.0912,-278.064,-362.52,4306.27,-45.0912,-39.3644,3445.1,4338.69,46.5837,15.424,3433.99,4351.82,71.1239,19.6406,-10.6547,1.1011e+16,8,T,115.9056,11.74449629,,,,,0.1310318607369262,0.005726289368930874,L,LLLLYLLVILLATLLFLLILI,13.101849492877289
LLLAGLLFLLLGTLLGSLILI,LLLAGLLFLLLGTLLISLILI,GAS,clash,13.1616,-255.81,5858630000.0,5858630000.0,-74.1241,-273.688,-374.991,4092.3,-59.2401,-27.1794,3134.08,4016.78,63.3276,2.0312,3134.12,3994.87,41.9413,2.07015,-23.3464,1.10011e+17,15,G,127.6892,1.565829276,,,,,0.2104021487485018,0.013820215369312596,G,LLLAGLLFLLLGTLLGSLILI,19.08368905111844
LLLSYLLVALLGALLGLLILI,LLLSYLLVALLIALLGLLILI,GAS,clash,10.5409,-255.371,5865260000.0,5865260000.0,-44.9223,-270.085,-356.591,4131.31,-49.9117,-41.5835,3210.32,4045.94,60.8819,5.04048,3211.22,4027.51,40.6455,3.73308,-27.9455,1.10011e+17,11,G,125.22732,3.869321505,,,,,0.4330732513416878,0.019795316896567276,G,LLLSYLLTALLGALLGFLILI,39.2801847040095
LLLSYLLGVLLGLLLATLILI,LLLSYLLGVLLILLLATLILI,GAS,clash,14.8439,-262.325,6093740000.0,6093740000.0,-58.7839,-281.928,-376.522,4150.2,-55.4772,-35.8101,3203.07,4064.87,54.849,0.0,3203.07,4047.62,34.6202,0.0,-26.2402,1.10011e+17,11,G,130.2678,0.0,,,,,0.1467403903689343,0.01826420931070566,G,LLLFYLLGVLLGLLLASLILI,13.309502767425602
LLLYILLTALLVALLSLLILI,LLLYILLTILLVALLSLLILI,Right,clash,14.5359,-262.966,6407730000.0,6407730000.0,-74.2582,-279.936,-390.947,4272.59,-49.8265,-36.7524,3461.01,4177.87,50.0699,6.64661,3461.01,4177.87,50.0699,6.64661,-10.0714,1.10011e+17,8,A,124.61022,4.014558395,,,,,0.1230521125877485,0.00732213710106893,R,LLLYALLTILLTFLLSLLILI,11.504480174987762
LLLLFLLGILLGTLLASLILI,LLLLFLLIILLGTLLASLILI,GAS,clash,18.9379,-250.865,7472180000.0,7472180000.0,-74.072,-286.383,-393.262,4100.43,-58.2627,-32.8069,3166.71,4137.49,55.2271,0.0,3166.71,4138.47,43.389,0.0,-16.4292,1.10011e+17,7,G,129.5954,0.0,,,,,0.2102770613990882,0.011520576365455268,G,LLLLFLLGILLGTLLASLILI,19.0723435012054
LLLLYLLLFVLATLLLSLILI,LLLLYLLLFVLATLLISLILI,Left,clash,19.9285,-272.565,7712660000.0,7712660000.0,-74.2037,-284.865,-380.847,4215.39,-49.615,-21.7787,3249.41,4202.84,62.8941,51.5586,3227.42,4288.71,129.917,55.9133,-18.611,1.10011e+16,15,L,78.1618,39.7459459,,,,,0.0982383608516734,0.005978387556412722,L,LLLLLLLLFVLATLLSILILI,9.822834012024945
LLLSYLLIALLTVLLWLLILI,LLLSYLLIALLIVLLWLLILI,Right,clash,13.8246,-272.355,7907370000.0,7907370000.0,-45.0526,-282.724,-372.488,4314.43,-46.5354,-44.7113,3430.67,4280.58,45.2641,26.4021,3407.93,4281.74,66.1128,33.4478,-10.9176,1.10011e+17,11,T,103.8657,20.26755653,,,,,0.4525379826348301,0.01888824740596158,R,LLLSYLLIALLTVLLWLLILI,42.30901965164395
LLLYWLLTILVALLLSLLILI,LLLYWLLIILVALLLSLLILI,Left,clash,36.869,-279.825,8779390000.0,8779390000.0,-60.4258,-287.36,-387.556,4374.38,-45.1229,-39.7699,3620.33,4096.93,55.5054,30.4259,3604.75,4130.02,87.5773,44.3352,-14.8358,1.10011e+17,7,T,99.1695,23.477608,,,,,0.0413064002229676,0.0020573433784952244,L,LLLFALLTILVALLLSLLILI,4.130218679412847
LLLYWLLTILVALLLSLLILI,LLLYWLLTILVILLLSLLILI,Left,clash,36.7618,-283.098,8779390000.0,8779390000.0,-74.1249,-289.95,-398.758,4302.76,-49.6093,-34.6826,3604.75,4130.02,46.8967,15.4979,3604.75,4130.02,46.8967,15.4979,-14.8358,1.10011e+17,11,A,114.7699,11.89695381,,,,,0.0218916077253394,0.0008129216872073558,L,LLLFALLTILVALLLSLLILI,2.1889374688066106
LLLYWLLTLLVALLLSLLILI,LLLYWLLILLVALLLSLLILI,Left,clash,31.7085,-279.454,9296700000.0,9296700000.0,-60.4291,-287.822,-390.117,4407.85,-45.1105,-41.8657,3574.92,4133.58,52.3,21.5063,3560.96,4162.98,83.7637,45.3085,-8.9373,1.10011e+17,7,T,108.0891,16.5949563,,,,,0.0447410331278772,0.0015395521258695175,L,LLLYWLLTLLVALLLSLLILI,4.473646935184594
LLLAYLLGVLLGLLLSTLILI,LLLAYLLGVLLILLLSTLILI,GAS,clash,21.511,-264.525,9560980000.0,9560980000.0,-74.1418,-289.182,-396.002,4137.45,-57.7336,-32.6776,3193.16,4098.66,54.2369,0.0,3193.16,4080.45,33.956,0.0,-15.265,1.10011e+17,11,G,130.2678,0.0,,,,,0.2119464166641878,0.0244009103573022,G,LLLAYLLGVLLGLLLTFLILI,19.223755722917485
LLLYWLLTLLVALLLSLLILI,LLLYWLLTLLVILLLSLLILI,Left,clash,31.6255,-282.703,9564860000.0,9564860000.0,-74.149,-290.343,-401.422,4326.77,-49.5993,-36.9298,3560.96,4162.98,44.6503,11.268,3560.96,4162.98,44.6503,11.268,-8.9373,1.10011e+17,11,A,118.9998,8.649873568,,,,,0.047146117585905,0.002913894425841361,L,LLLYWLLTLLVALLLSLLILI,4.714130848101035
LLLSYLLTLLLAFLLSILILI,LLLSYLLILLLAFLLSILILI,Right,clash,14.1372,-269.327,10585300000.0,10585300000.0,-60.3394,-279.673,-371.624,4218.84,-45.0712,-31.6113,3455.77,4176.13,52.1995,20.5454,3444.4,4204.53,80.9,33.9794,-13.2512,1.10011e+17,7,T,109.05,15.8534948,,,,,0.6080293695681375,0.05774463249276959,R,LLLYTLLVLLLAFLLSILILI,56.84633673411141
LLLYSLLVALLATLLFLLILI,LLLYSLLVALLAILLFLLILI,Right,clash,21.961,-273.143,10619600000.0,10619600000.0,-45.0385,-273.533,-349.094,4291.74,-51.0738,-30.5227,3472.44,4204.56,45.0845,29.7183,3459.85,4212.53,67.8741,42.8553,-6.31342,1.10011e+17,12,T,100.1037,22.89157462,,,,,0.2265391141716226,0.024093841660020758,R,LLLTYLLVALLAILLSLLILI,21.17976435380764
LLLYFLLAVLLGLLLGSLILI,LLLYFLLAVLLILLLGSLILI,GAS,clash,26.3539,-265.975,10882600000.0,10882600000.0,-60.2613,-285.835,-369.057,4292.15,-46.8371,-22.9609,3268.14,4179.28,58.2138,0.0,3268.14,4161.48,38.064,0.0,-16.4919,1.10011e+17,11,G,130.2678,0.0,,,,,0.2977617617171408,0.036571707507897275,G,LLLYFLLALLLGTLLGSLILI,27.00729486710436
LLLSYLLAVLLGLLLGTLILI,LLLSYLLAVLLILLLGTLILI,GAS,clash,19.6479,-271.023,12214300000.0,12214300000.0,-58.7719,-284.103,-378.794,4146.52,-51.2791,-35.9186,3239.14,4018.73,58.1967,0.0,3239.14,4001.68,38.2984,0.0,-11.997,1.10011e+17,11,G,130.2678,0.0,,,,,0.3730946992228959,0.009616128712227954,G,LLLAYLLAVLLGLLLGFLILI,33.84006897715204
LLLSYLLFVLLALLLSTLILI,LLLSYLLFVLLILLLSTLILI,Right,clash,11.9886,-267.968,12475500000.0,12475500000.0,-74.2184,-294.316,-392.399,4218.99,-49.617,-23.8647,3416.81,4115.01,50.3679,2.23026,3416.81,4115.01,50.3679,2.23026,-15.4688,1.10011e+17,11,A,128.03754,1.712057776,,,,,0.3659269054945488,0.03510177405609641,R,LLLSYLLFVLLALLLATLILI,34.21151202710678
LLLYWLLVALLITLLFLLILI,LLLYWLLVILLITLLFLLILI,Right,clash,19.3196,-279.94,12671000000.0,12671000000.0,-58.8485,-287.476,-367.529,4394.2,-49.6069,-21.2042,3499.69,4385.39,37.2628,0.0,3499.69,4385.39,37.2628,0.0,-19.1451,1.10011e+17,8,A,131.3296,0.0,,,,,0.1691180952960674,0.00655064667677773,R,LLLYSLLVALLATLLFLLILI,15.811315495927616
LLLLVLLLAILTFLLSLLILI,LLLLVILLAILTFLLSLLILI,Left,clash,15.3637,-268.731,13164000000.0,13164000000.0,-74.1833,-280.959,-392.76,4132.17,-49.6831,-37.6183,3328.25,4009.73,49.6902,26.076,3302.48,4089.18,114.905,38.4028,-7.01837,1.10011e+16,5,L,104.2188,20.01307804,,,,,0.6536751142373519,0.04840134572500335,L,LLLLYLLLAILTVLLSLLILI,65.36084365902335
LLLSYLLVFLLAILLTLLILI,LLLSYLLIFLLAILLTLLILI,Right,clash,14.0037,-269.618,15008000000.0,15008000000.0,-58.9231,-282.219,-369.993,4239.39,-50.7755,-28.8516,3421.46,4169.97,56.0442,19.6681,3404.12,4201.25,91.3636,35.521,-6.44439,1.10011e+17,7,V,109.9273,15.17654176,,,,,0.5176559679118483,0.05542922819554485,R,LLLSYLLVFLLATLLSLLILI,48.39707905103364
LLLLTILLFLLAVLYLLLILI,LLLLIILLFLLAVLYLLLILI,Left,clash,20.7546,-273.847,16161600000.0,16161600000.0,-45.0625,-278.735,-362.902,4318.88,-45.0625,-39.1044,3495.11,4225.95,59.4009,44.7165,3480.29,4263.89,91.2019,60.2871,-10.988,1.1011e+16,4,T,93.7587,32.29206385,,,,,0.4420969010122307,0.03831259205900963,L,LLLLYILTFLLAVLLLLLILI,44.20518052444467
LLLLTILLFLLAVLYLLLILI,LLLLTILLFLLIVLYLLLILI,Left,clash,19.3604,-279.714,16162100000.0,16162100000.0,-45.0625,-281.946,-369.088,4313.19,-45.0625,-42.0799,3480.29,4263.89,44.4451,10.0192,3480.29,4263.89,44.4451,10.0192,-10.988,1.1011e+16,11,A,120.2486,7.691232983,,,,,0.078357360119477,0.0029456816040144495,L,LLLLTILLFLLAVLYLLLILI,7.834936733484535
LLLSYLLTVLLAILLSLLILI,LLLSYLLIVLLAILLSLLILI,Right,clash,15.426,-268.541,17743000000.0,17743000000.0,-60.4918,-279.524,-385.674,4172.15,-45.1284,-45.6581,3404.36,4061.65,56.8078,39.5475,3390.99,4095.01,86.1484,59.035,-8.17484,1.10011e+17,7,T,90.0479,30.51612943,,,,,8.129168744003751,0.7428948267341142,R,LLLAYLLTVLLAFLLSLLILI,760.0183262829461
LLLLILLLYLLAVLTFLLILI,LLLLILLLILLAVLTFLLILI,Left,clash,18.3983,-269.561,18353400000.0,18353400000.0,-58.9634,-278.162,-382.503,4214.56,-49.7626,-45.3771,3399.16,4172.25,54.3221,21.4953,3393.6,4308.13,159.96,21.131,-14.2556,1.1011e+16,8,Y,109.8343,16.36744496,,,,,0.1781337759557797,0.01898446727066024,L,LLLLYILLLLLAVLTFLLILI,17.81156055515616
LLLYWLLTILLALLFSLLILI,LLLYWLLIILLALLFSLLILI,Left,clash,37.2697,-281.697,19706100000.0,19706100000.0,-60.4066,-290.335,-377.351,4397.57,-45.0932,-26.6091,3678.81,4242.78,59.0805,39.5172,3654.35,4278.25,89.9678,52.248,-16.5746,1.10011e+17,7,T,90.0782,30.49274897,,,,,0.1210838122535403,0.00594026848717224,L,LLLVALLTILLALLFSLLILI,12.107146118872338
LLLYWLLTILLALLFSLLILI,LLLYWLLTILLILLFSLLILI,Left,clash,37.1521,-284.976,19706100000.0,19706100000.0,-74.1,-293.137,-388.811,4335.99,-49.5752,-21.5743,3654.35,4278.25,51.6286,27.6467,3654.35,4278.25,51.6286,27.6467,-16.5746,1.10011e+17,11,A,102.6211,21.22297298,,,,,0.1434543528761376,0.004237763759527391,L,LLLVALLTILLALLFSLLILI,14.343971992085091
LLLTALLFLLLGLLLGSLILI,LLLTALLFLLLILLLGSLILI,GAS,clash,16.3889,-266.764,19774200000.0,19774200000.0,-60.3637,-283.227,-385.777,4141.91,-52.4037,-42.186,3082.88,4070.76,47.95,0.0,3082.88,4076.77,36.9662,0.0,-29.4405,1.10011e+17,11,G,130.2678,0.0,,,,,0.2518640083638803,0.03281017080303101,G,LLLYALLFLLLGTLLGSLILI,22.844321920542228
LLLASLLTLLLGYLLGVLILI,LLLASLLTLLLIYLLGVLILI,GAS,clash,14.9778,-265.101,20439400000.0,20439400000.0,-58.8608,-272.927,-370.329,4078.21,-56.7636,-38.541,3133.79,4047.11,58.9931,0.199098,3133.79,4034.05,40.6567,0.199098,-16.6594,1.10011e+17,11,G,130.068702,0.152837463,,,,,0.260955687873264,0.014571728960963598,G,LLLASLLTLLLGYLLGVLILI,23.668946506087195
LLLSYLLVLLLGALLGFLILI,LLLSYLLVLLLGALLIFLILI,GAS,clash,9.13541,-259.472,20491400000.0,20491400000.0,-44.9973,-271.642,-344.178,4257.85,-53.5785,-27.5384,3223.32,4176.03,64.5264,13.8996,3224.86,4150.96,41.8551,12.5691,-45.7637,1.10011e+17,15,G,115.8208,10.71504559,,,,,0.2245579086066512,0.02505018509134234,G,LLLSYLLGLLLGTLLGFLILI,20.36763087881401
LLLAYLLFLLLGVLLGSLILI,LLLAYLLILLLGVLLGSLILI,GAS,clash,12.496,-256.71,20910800000.0,20910800000.0,-60.2995,-282.532,-378.125,4108.21,-53.6146,-35.2928,3129.89,3996.61,56.258,8.95183,3121.82,4077.76,141.237,61.5957,-31.4659,1.10011e+17,7,F,120.64357,6.907521409,,,,,0.4836303501689807,0.04611223864467845,G,LLLAGLLFLLLGTLLGSLILI,43.86576502762106
LLLYSLLALLLGTLLGFLILI,LLLYSLLILLLGTLLGFLILI,GAS,clash,18.0255,-267.597,22244600000.0,22244600000.0,-58.7271,-276.669,-353.695,4246.39,-58.9298,-18.2995,3405.39,4186.92,59.5305,11.3001,3405.39,4186.92,59.5305,11.3001,-21.3296,1.10011e+17,7,A,118.2953,8.719522452,,,,,0.189672735419123,0.02325656640015169,G,LLLYSLLALLLGTLLGFLILI,17.20351016253287
LLLYFLLAVLTSLLLSLLILI,LLLYFLLIVLTSLLLSLLILI,Left,clash,22.213,-274.823,22485800000.0,22485800000.0,-89.6159,-284.705,-391.585,4312.58,-49.8555,-17.2645,3402.82,4218.81,52.2922,24.2342,3402.82,4218.81,52.2922,24.2342,-15.2592,1.10011e+17,7,A,105.3612,18.69989213,,,,,0.3930847911726761,0.0333887297578462,L,LLLYALLFVLTALLLSLLILI,39.3044694848948
LLLFALLTVLLSLLYLLLILI,LLLFILLTVLLSLLYLLLILI,Left,clash,19.0563,-277.166,22834300000.0,22834300000.0,-74.3168,-279.912,-383.128,4314.35,-53.1649,-28.8989,3461.91,4233.92,56.4388,16.5353,3461.91,4233.92,56.4388,16.5353,-7.76537,1.10011e+17,4,A,121.9399,11.94098293,,,,,0.0096308137282819,0.00025731116664091865,L,LLLFALLTILLSLLYVLLILI,0.962983134424246
LLLYALLVALLTALLSLLILI,LLLYILLVALLTALLSLLILI,Right,clash,16.3585,-264.617,23542500000.0,23542500000.0,-74.294,-275.744,-383.305,4236.08,-49.6723,-33.2674,3433.79,4108.23,52.7183,45.7855,3433.79,4108.23,52.7183,45.7855,-7.73994,1.10011e+17,4,A,115.9331,10.69841783,,,,,0.3604694621927944,0.024892181124052958,R,LLLTALLVALLFALLSLLILI,33.7012806547979
LLLYTLLAILVALLLSLLILI,LLLYTLLIILVALLLSLLILI,Left,clash,16.8414,-276.818,26810900000.0,26810900000.0,-60.363,-281.736,-387.395,4251.4,-45.0523,-45.2961,3345.69,4109.7,55.3229,18.7489,3345.69,4109.7,55.3229,18.7489,-12.8594,1.10011e+17,7,A,122.20547,6.189042879,,,,,0.4079818669812317,0.0017774323353257,L,LLLYTLLAVLIALLLSLLILI,40.79402510922912
LLLYFLLAILLAVLLTLLILI,LLLYFLLAILLIVLLTLLILI,Right,clash,21.9933,-267.314,28804000000.0,28804000000.0,-58.8246,-282.4,-367.439,4347.09,-49.547,-26.2145,3513.86,4217.15,53.3894,6.61553,3513.86,4217.15,53.3894,6.61553,-5.54831,1.10011e+17,11,A,123.65227,5.078407711,,,,,0.1287076122679138,0.012700750281449284,R,LLLYFLLAILLAVLLTLLILI,12.033228382408534
LLLYFLLAILLAVLLTLLILI,LLLYFLLIILLAVLLTLLILI,Right,clash,22.4648,-267.296,28804200000.0,28804200000.0,-58.8246,-282.815,-367.798,4349.26,-49.547,-26.1587,3513.86,4217.15,59.1549,7.80415,3513.86,4217.15,59.1549,7.80415,-5.54831,1.10011e+17,7,A,123.65227,5.078407711,,,,,0.2896288306465656,0.018822649879970402,R,LLLYFLLAILLAVLLTLLILI,27.078195328846785
LLLYWLLVALLISLLTLLILI,LLLYWLLVILLISLLTLLILI,Right,clash,19.3828,-278.205,30675800000.0,30675800000.0,-74.253,-288.314,-396.362,4311.09,-55.2617,-33.7945,3407.99,4172.32,34.7665,0.0,3407.99,4172.32,34.7665,0.0,-17.7972,1.10011e+17,8,A,131.3296,0.0,,,,,0.3041211269302936,0.01940783855767681,R,LLLFYLLVALLISLLTLLILI,28.43311993582828
LLLTYLLIALLVALLSLLILI,LLLTYLLIILLVALLSLLILI,Right,clash,19.1885,-269.921,32102900000.0,32102900000.0,-60.4332,-280.691,-386.382,4204.46,-45.0489,-45.2574,3406.81,4079.64,50.022,19.246,3406.81,4079.64,50.022,19.246,-5.43846,1.10011e+17,8,A,118.0963,9.03213631,,,,,0.2382817556655801,0.02449311807636677,R,LLLTYLLTILLAVLLSLLILI,22.27761617795156
LLLTYLLLFLLVALLSILILI,LLLTYLLLFLLVILLSILILI,Right,clash,15.7677,-273.298,34826900000.0,34826900000.0,-60.4377,-283.449,-377.278,4255.28,-50.7655,-33.391,3447.33,4247.05,34.7622,39.9931,3447.33,4247.05,34.7622,39.9931,-5.89312,1.10011e+17,12,A,89.8289,30.80610374,,,,,0.131207678327873,0.010799659642552098,R,LLLTYLLLVLLAILLSFLILI,12.266966428981686
LLLTYLLVFLLALLLSILILI,LLLTYLLIFLLALLLSILILI,Right,clash,18.2173,-273.867,40579400000.0,40579400000.0,-60.3544,-282.023,-374.612,4246.27,-45.0692,-32.2348,3369.08,4190.45,55.8081,33.4936,3354.03,4223.75,91.5075,50.5258,-7.70203,1.10011e+17,7,V,96.1018,25.84474449,,,,,0.3892574759042473,0.03434728384655684,R,LLLTYLLVFLLALLLASLILI,36.39275117127938
LLLLYLLIALLLVLTFLLILI,LLLLYLLIILLLVLTFLLILI,Left,clash,19.0164,-279.853,41007700000.0,41007700000.0,-58.9132,-284.827,-378.46,4301.63,-49.6437,-34.7192,3355.43,4314.58,52.2995,21.697,3355.43,4314.58,52.2995,21.697,-11.7614,1.1011e+16,8,A,109.6326,16.52102801,,,,,0.5087999582791797,0.049312941060761395,L,LLLLYLLIALLLVLTFLLILI,50.87480585153168
LLLYTLLIALLVLLLFSLILI,LLLYTLLIILLVLLLFSLILI,Right,clash,15.3751,-271.682,42510200000.0,42510200000.0,-60.3998,-292.039,-382.502,4320.21,-45.0649,-30.0636,3515.33,4326.67,41.5899,8.4519,3515.33,4326.67,41.5899,8.4519,-6.50733,1.10011e+17,8,A,122.8777,6.435639795,,,,,0.3480941922952048,0.02778164980523722,R,LLLYTLLIALLVLLLFSLILI,32.54428266262269
LLLYTLLIALLVLLLFSLILI,LLLYILLIALLVLLLFSLILI,Right,clash,16.5546,-267.305,42529400000.0,42529400000.0,-60.3998,-288.804,-376.331,4332.54,-45.0649,-27.1275,3526.17,4295.84,52.6062,20.2922,3515.33,4326.67,83.422,26.0562,-6.50733,1.10011e+17,4,T,118.183,14.65403191,,,,,0.360281872650109,0.0364522473622606,R,LLLYTLLIALLVLLLFSLILI,33.68374239292271
LLLLYILLLVLATLLFSLILI,LLLLYILLIVLATLLFSLILI,Left,clash,16.5374,-273.565,47699100000.0,47699100000.0,-74.2374,-289.581,-383.342,4181.5,-49.6442,-19.5244,3247.11,4197.26,58.1788,29.17,3237.56,4266.12,119.972,30.0765,-20.5691,1.10011e+16,8,L,102.1596,22.21129129,,,,,0.0800617542766243,0.005389229742381995,L,LLLLYVLLLILATLLFSLILI,8.00535876365258
LLLYLLLGALLGTLLSFLILI,LLLYLLLGALLITLLSFLILI,GAS,clash,14.8852,-265.304,50362500000.0,50362500000.0,-73.9921,-279.476,-370.424,4288.77,-51.6788,-16.9556,3417.52,4145.36,54.4839,7.58635,3418.96,4122.3,31.5453,5.84314,-18.6621,1.10011e+17,11,G,122.68145,5.823657113,,,,,0.0777665956899538,0.008010157045796707,G,LLLYLLLGALLAFLLSTLILI,7.053509384474353
LLLTLLLFYLLGVLLGSLILI,LLLTLLLFYLLIVLLGSLILI,GAS,clash,16.3514,-270.25,50687200000.0,50687200000.0,-60.3176,-288.617,-377.0,4151.46,-49.7772,-28.0652,3147.61,4239.49,53.1012,0.726336,3147.87,4244.84,42.0646,0.435802,-19.1409,1.10011e+17,11,G,129.541464,0.557571403,,,,,0.5269846277627016,0.023655001603060572,G,LLLTLLLGLLLGVLLGSLILI,47.79804213389435
LLLYWLLTVLALLLFSLLILI,LLLYWLLTVLAILLFSLLILI,Left,clash,39.9925,-280.598,59583500000.0,59583500000.0,-74.1508,-288.117,-374.103,4285.65,-49.6148,-11.8355,3648.83,4196.07,52.5852,20.5134,3618.08,4268.14,113.453,49.7409,-12.1449,1.10011e+17,11,L,109.7544,15.74709944,,,,,0.0906056542866561,0.0032744981061404305,L,LLLYWLLTVLLALLFSLLILI,9.059641212382656
LLLYWLLTVLALLLFSLLILI,LLLYWLLIVLALLLFSLLILI,Left,clash,40.118,-281.368,59583500000.0,59583500000.0,-60.4452,-287.926,-372.076,4400.54,-45.1307,-23.705,3630.0,4234.92,64.6941,50.7023,3618.08,4268.14,93.7166,65.9125,-12.1449,1.10011e+17,7,T,78.8931,39.12353371,,,,,0.1458023989469781,0.006078271783867492,L,LLLYWLLTVLLALLFSLLILI,14.578752648098664
LLLSYLLGLLLGFLLSTLILI,LLLSYLLGLLLIFLLSTLILI,GAS,clash,21.796,-275.627,61687100000.0,61687100000.0,-74.0925,-295.235,-389.54,4174.96,-56.6465,-20.2129,3301.58,4199.42,54.4165,3.1769,3302.37,4181.2,33.4567,3.28321,-25.2886,1.10011e+17,11,G,127.0909,2.438745415,,,,,0.1817373573475596,0.026839008308630178,G,LLLSYLLALLLGFLLGTLILI,16.483763294349526
LLLTLLLGLLLGVLLASLILI,LLLTLLLILLLGVLLASLILI,GAS,clash,18.1299,-260.191,81713300000.0,81713300000.0,-60.2643,-282.368,-399.399,4111.56,-47.5101,-56.7667,3184.83,3971.01,54.8077,0.0,3184.83,3963.18,38.4866,0.0,-17.8028,1.10011e+17,7,G,129.5954,0.0,,,,,0.2498975632404864,0.02991976678459996,G,LLLYGLLFLLLGVLLASLILI,22.665963346287384
LLLSYLLGLLLGFLLGTLILI,LLLSYLLGLLLIFLLGTLILI,GAS,clash,19.4991,-270.959,96677700000.0,96677700000.0,-58.7136,-286.156,-364.798,4149.52,-53.1255,-19.9285,3283.19,4147.55,61.1301,1.38004,3283.42,4128.26,40.2875,1.30741,-25.6118,1.10011e+17,11,G,128.88776,1.059386894,,,,,0.172231416664005,0.01813343471044231,G,LLLSYLLGLLLGTLLGFLILI,15.621564798647976
LLLALLLTVLLGGLLFSLILI,LLLALLLTVLLGILLFSLILI,GAS,clash,13.0143,-257.566,103561000000.0,103561000000.0,-74.0963,-279.025,-383.219,4137.88,-49.914,-30.0975,3219.74,4086.04,50.62,24.5145,3238.16,4080.12,34.6889,9.38521,-6.42133,1.10011e+17,12,G,105.3075,18.8831631,,,,,0.2641004422076556,0.03240651780888296,G,LLLALLLTVLLGGLLFSLILI,23.95417892513165
LLLYALLFLLLGTLLGSLILI,LLLYALLFLLLITLLGSLILI,GAS,clash,16.9791,-266.899,106405000000.0,106405000000.0,-74.1625,-290.335,-383.071,4207.94,-55.2367,-18.5732,3273.58,4219.6,47.4429,0.435802,3273.68,4227.06,37.8042,0.145267,-29.1246,1.10011e+17,11,G,129.831998,0.334543149,,,,,0.127980371656478,0.017210953545497776,G,LLLAGLLFLLLGTLLGSLILI,11.60794997516008
LLLYYLLVLLLATLLSFLILI,LLLYYLLILLLATLLSFLILI,Right,clash,12.3971,-267.811,135605000000.0,135605000000.0,-74.1087,-289.564,-372.133,4368.87,-51.1558,-8.46045,3672.57,4397.4,51.8324,11.4477,3659.11,4419.59,84.8521,21.8285,-8.10855,1.10011e+17,7,V,118.1477,8.833415384,,,,,0.1040217789920117,0.012631016035169878,R,LLLWYLLLVLLATLLSFLILI,9.725281988370394
LLLYLLLAFLLGVLLGSLILI,LLLYLLLAFLLIVLLGSLILI,GAS,clash,16.1531,-263.809,142884000000.0,142884000000.0,-60.278,-288.884,-373.084,4252.96,-48.7196,-23.923,3359.66,4220.64,61.556,0.0,3359.66,4200.1,40.7907,0.0,-11.4742,1.10011e+17,11,G,130.2678,0.0,,,,,0.1729012242669055,0.019378298548821008,G,LLLYLLLGFLLGTLLGSLILI,15.682317030000451
LLLVYLLTALLIALLSLLILI,LLLVYLLTILLIALLSLLILI,Right,clash,13.8435,-268.649,145876000000.0,145876000000.0,-74.1035,-280.466,-393.218,4206.22,-49.3953,-38.6484,3284.49,4123.35,50.3796,6.67332,3284.49,4123.35,50.3796,6.67332,-14.5457,1.10011e+17,8,A,117.99,9.114017655,,,,,0.3528136785354969,0.031179116200835376,R,LLLSYLLTILLAVLLSLLILI,32.98552040121779
LLLYYLLVFLLATLLSLLILI,LLLYYLLIFLLATLLSLLILI,Right,clash,11.2436,-268.865,150877000000.0,150877000000.0,-74.1041,-287.539,-370.063,4376.11,-49.5803,-8.4199,3544.72,4331.9,58.8752,29.9545,3525.69,4362.68,93.0926,47.6757,-11.8168,1.10011e+17,7,V,99.6409,23.11386052,,,,,0.2834839221592922,0.023593294779390463,R,LLLSYLLVFLLATLLSLLILI,26.50369094706676
LLLVALLLFLISLLLTLLILI,LLLVILLLFLISLLLTLLILI,Left,clash,19.2739,-273.362,159253000000.0,159253000000.0,-74.1581,-282.02,-398.58,4241.62,-49.668,-42.4019,3345.22,4066.45,53.5488,20.7722,3345.22,4066.45,53.5488,20.7722,-14.2178,1.10011e+17,4,A,117.703,15.00066438,,,,,0.2888411342535376,0.005609680014554957,L,LLLVALLLFLLSLLYTLLILI,28.88116712270225
LLLVALLLFLISLLLTLLILI,LLLVALLLFLIILLLTLLILI,Left,clash,15.7282,-272.102,159253000000.0,159253000000.0,-58.9337,-279.774,-387.015,4194.61,-49.668,-48.307,3345.35,4061.48,47.3898,10.9702,3345.22,4066.45,56.8609,11.0898,-14.2178,1.10011e+17,11,S,119.2976,8.421267573,,,,,0.2690460789595595,0.006345271774682596,L,LLLVALLLFLLSLLYTLLILI,26.901863511303592
LLLSYLLVLLLALLLTFLILI,LLLSYLLILLLALLLTFLILI,Right,clash,14.4307,-270.126,161188000000.0,161188000000.0,-58.8832,-284.485,-374.869,4265.61,-49.6154,-31.5004,3537.63,4247.62,55.3733,19.714,3522.73,4265.42,80.1573,27.3556,-5.8953,1.10011e+17,7,V,109.8814,15.21195968,,,,,0.2288269316019355,0.01987441086720588,R,LLLSYLLTVLLALLLSFLILI,21.393658692698057
LLLSTLLGLLLGVLLAILILI,LLLSTLLGLLLIVLLAILILI,GAS,clash,16.3519,-263.878,164025000000.0,164025000000.0,-44.9506,-268.201,-371.806,4073.57,-50.1437,-58.6541,3148.07,3903.15,57.47,8.39286,3150.13,3883.75,36.7306,5.70541,-17.0296,1.10011e+17,11,G,121.87494,6.442774039,,,,,0.5122535784032428,0.04393458207586078,G,LLLSTLLGLLLGVLLAILILI,46.46192096286666
LLLFYLLVALLTALLSLLILI,LLLFYLLVILLTALLSLLILI,Right,clash,12.7229,-262.264,167696000000.0,167696000000.0,-74.2793,-281.945,-377.09,4299.85,-49.8096,-20.8664,3467.77,4164.62,54.8611,11.9554,3467.77,4164.62,54.8611,11.9554,-14.6796,1.10011e+17,8,A,115.2636,11.21412395,,,,,0.3345348752227429,0.023723206951137922,R,LLLYALLVALLTALLSLLILI,31.2765848460958
LLLSYLLVLLLGTLLAFLILI,LLLSYLLVLLLITLLAFLILI,GAS,clash,15.4514,-269.881,168206000000.0,168206000000.0,-58.8025,-280.308,-365.465,4215.24,-52.1485,-26.3553,3306.47,4242.79,54.5173,0.0726336,3306.57,4229.6,36.4308,0.0726336,-30.2578,1.10011e+17,11,G,130.1951664,0.05575714,,,,,0.2547715352441234,0.028225918697001907,G,LLLSYLLTVLLGTLLAFLILI,23.108037568031417
LLLSYLLFVLLALLLATLILI,LLLSYLLFILLALLLATLILI,Right,clash,19.0526,-270.051,173312000000.0,173312000000.0,-58.8379,-285.251,-370.326,4179.95,-49.5592,-26.2371,3424.49,4110.85,47.9463,51.5087,3392.38,4113.84,67.2123,64.6434,-17.9099,1.10011e+17,8,V,79.8209,39.22093724,,,,,0.1970834737247982,0.020160984766134937,R,LLLSYLLFVLLALLLATLILI,18.425875579078888
LLLSYLLFVLLALLLATLILI,LLLIYLLFVLLALLLATLILI,Right,clash,25.1285,-262.037,173312000000.0,173312000000.0,-58.8379,-285.471,-367.29,4226.8,-49.5592,-22.9811,3383.87,4103.85,41.5818,68.8604,3392.38,4113.84,52.9475,90.3927,-17.9099,1.10011e+17,3,S,100.8704,40.57036201,,,,,0.3279245840097905,0.02552670643653544,R,LLLSYLLFVLLALLLATLILI,30.65857055433728
LLLYILLGLLLGTLLASLILI,LLLYILLGLLLITLLASLILI,GAS,clash,22.1767,-261.93,179161000000.0,179161000000.0,-74.0156,-289.8,-397.507,4210.78,-55.0242,-33.6912,3197.9,4116.02,56.792,1.48206,3197.9,4097.78,36.4183,1.48206,-11.5693,1.10011e+17,11,G,128.78574,1.137702487,,,,,0.1574537492429339,0.0137649369953941,G,LLLYILLGLLLGTLLASLILI,14.281215321981458
LLLLYWLLTILAFLLSLLILI,LLLLYWLLIILAFLLSLLILI,Left,clash,28.0152,-278.763,197642000000.0,197642000000.0,-60.3383,-291.597,-377.293,4307.8,-45.0857,-25.3583,3528.63,4125.43,64.4148,46.5552,3512.76,4166.89,95.9534,59.9389,-19.6515,1.10011e+16,8,T,84.7744,35.44912952,,,,,0.0051524910042731,9.767174190131998e-05,L,LLLLYWLLTILAFLLSLLILI,0.5151965428234744
LLLSYLLVLLLTALLFILILI,LLLSYLLILLLTALLFILILI,Right,clash,15.366,-271.712,216019000000.0,216019000000.0,-58.9269,-277.128,-363.583,4269.9,-49.6114,-27.5279,3398.1,4272.75,47.2357,17.0171,3388.7,4286.46,70.2251,24.1863,-9.4064,1.10011e+17,7,V,112.5783,13.13094446,,,,,0.3682411422573011,0.04504877341455264,R,LLLSYLLVLLLTALLFILILI,34.42787638199199
LLLTFLLGVLLGLLLGSLILI,LLLTFLLGVLLILLLGSLILI,GAS,clash,27.2266,-265.48,246784000000.0,246784000000.0,-60.2321,-282.18,-376.744,4130.51,-52.5198,-34.3319,3087.52,4051.37,56.4231,0.0,3087.52,4035.01,36.1056,0.0,-32.3478,1.10011e+17,11,G,130.2678,0.0,,,,,0.134018630213824,0.013011661430238124,G,LLLTYLLGVLLGLLLASLILI,12.155626172404553
LLLSSLLALLLGVLLGTLILI,LLLSSLLALLLIVLLGTLILI,GAS,clash,15.7931,-264.781,257011000000.0,257011000000.0,-58.7566,-278.09,-386.495,4031.71,-54.967,-49.6482,3081.85,3914.84,61.6814,0.931702,3082.63,3894.77,40.6937,0.4959,-21.5114,1.10011e+17,11,G,129.336098,0.715220492,,,,,0.1711275553564232,0.01941352818381216,G,LLLAALLALLLGVLLGTLILI,15.521443454475618
LLLSYLLVLLLAFLLTILILI,LLLSYLLVLLLIFLLTILILI,Right,clash,19.5272,-279.184,265414000000.0,265414000000.0,-58.8353,-283.324,-372.427,4239.02,-49.8823,-30.2671,3473.64,4224.57,47.8524,10.162,3473.64,4224.57,47.8524,10.162,-16.8978,1.10011e+17,11,A,120.1058,7.800853319,,,,,0.1083256015654839,0.004897086481911164,R,LLLSYLLTLLLAFLLSILILI,10.12765818843659
LLLSYLLTILLAFLLSLLILI,LLLSYLLTILLIFLLSLLILI,Right,clash,14.3929,-272.425,278086000000.0,278086000000.0,-74.2289,-285.704,-383.157,4253.43,-49.4903,-23.2241,3405.36,4172.76,50.5892,7.35348,3405.36,4172.76,50.5892,7.35348,-14.1476,1.10011e+17,11,A,122.91432,5.644894594,,,,,0.3171194149904364,0.017927917879948546,R,LLLAYLLTVLLAFLLSLLILI,29.64836560818565
LLLVALLLLLTFLLASLLILI,LLLVALLILLTFLLASLLILI,Left,clash,18.6888,-267.817,335966000000.0,335966000000.0,-74.2215,-275.43,-382.94,4116.91,-49.8599,-33.2884,3314.48,4083.5,52.6792,16.6804,3276.12,4146.77,110.786,42.2946,-9.22698,1.10011e+17,7,L,112.915,12.87113586,,,,,0.0629050838612749,0.0017724413344724355,L,LLLVALLLILTFLLASLLILI,6.289866727466746
LLLVALLLLLTFLLASLLILI,LLLVALLLLLTFLLISLLILI,Left,clash,18.5517,-271.883,340546000000.0,340546000000.0,-74.1704,-278.412,-394.94,4159.23,-49.6068,-42.3579,3276.12,4146.77,50.6453,17.6006,3276.12,4146.77,50.6453,17.6006,-9.22698,1.10011e+17,14,A,112.2862,13.55072263,,,,,0.095808874588684,0.0013609905157747912,L,LLLVALLLILTFLLASLLILI,9.579910167521144
LLLSYLLFVLLATLLSLLILI,LLLSYLLFVLLATLLILLILI,Right,clash,14.3253,-267.37,403991000000.0,403991000000.0,-58.8523,-275.087,-359.325,4249.69,-49.6,-25.3861,3418.72,4203.47,59.8659,35.6922,3414.17,4210.8,69.9862,35.8381,-16.715,1.10011e+17,15,S,94.0282,27.51471627,,,,,0.3075308384949573,0.024102702901300413,R,LLLSYLLFVLLALLLATLILI,28.7519032405044
LLLSYLLFVLLATLLSLLILI,LLLSYLLFVLLITLLSLLILI,Right,clash,14.3266,-269.401,404049000000.0,404049000000.0,-74.099,-284.526,-381.825,4224.45,-49.6,-23.2,3414.17,4210.8,54.1455,4.08068,3414.17,4210.8,54.1455,4.08068,-16.715,1.10011e+17,11,A,126.18712,3.1325316,,,,,0.3996497693424033,0.026948372471576224,R,LLLTYLLFVLLAILLSLLILI,37.36435524468905
LLLLYVLIALLLTLFLLLILI,LLLLYVLIILLLTLFLLLILI,Left,clash,13.578,-279.046,426440000000.0,426440000000.0,-58.8692,-281.965,-376.134,4288.13,-49.6118,-35.3001,3426.96,4264.43,49.726,20.1062,3426.96,4264.43,49.726,20.1062,-18.8045,1.1011e+16,8,A,111.2234,15.30972454,,,,,0.1463845626035028,0.003546402945477534,L,LLLLYYLIVLLLTLFLLLILI,14.636963075433762
LLLLAYLTLLLWFLVSLLILI,LLLLAYLILLLWFLVSLLILI,Left,clash,15.122,-279.857,479687000000.0,479687000000.0,-60.3962,-288.019,-372.323,4303.16,-45.1356,-23.9076,3622.42,4162.37,54.3884,21.3208,3602.98,4194.47,84.8287,41.7721,-7.41464,1.1011e+16,7,T,108.2746,16.45181851,,,,,0.902099312425732,0.052210259191215115,L,LLLLAYLTLLLWFLVSLLILI,90.20072944518034
LLLAYLLFLLLGTLLSILILI,LLLAYLLFLLLITLLSILILI,GAS,clash,17.0775,-268.194,495912000000.0,495912000000.0,-74.1028,-282.912,-381.87,4226.08,-52.5004,-24.8546,3234.4,4213.2,43.3374,0.508435,3234.44,4216.18,30.3267,0.145267,-19.1342,1.10011e+17,11,G,129.759365,0.390299829,,,,,0.1372652982758265,0.009105732567305529,G,LLLYALLFLLLGTLLSILILI,12.45010227027708
LLLLYLLTFLLAVLLILLILI,LLLLYLLTFLLIVLLILLILI,Left,clash,19.2546,-278.342,525062000000.0,525062000000.0,-58.7776,-281.18,-374.426,4329.93,-49.4533,-34.4687,3410.46,4343.39,39.773,4.83254,3410.46,4343.39,39.773,4.83254,-6.65336,1.1011e+16,11,A,125.43526,3.709696487,,,,,0.2342259761127404,0.00636677359811105,L,LLLLYILTFLLAVLLSLLILI,23.4202084065084
LLLLYLLVTLLAILLFLLILI,LLLLYLLVILLAILLFLLILI,Left,clash,23.1055,-277.633,546958000000.0,546958000000.0,-45.0858,-279.492,-363.617,4329.17,-45.0858,-39.0389,3368.74,4316.01,47.4333,12.1879,3359.08,4336.36,74.0184,16.7676,-12.0804,1.1011e+16,8,T,119.1417,9.280390712,,,,,0.0391943889304354,0.001614308442573064,L,LLLLYLLVILLATLLFLLILI,3.919039093574789
LLLLYLLVILLATLLFLLILI,LLLLYLLVILLITLLFLLILI,Left,clash,23.109,-280.843,546958000000.0,546958000000.0,-58.8513,-282.593,-372.074,4338.32,-49.5879,-30.6295,3415.95,4325.8,55.7848,26.3927,3415.95,4325.8,55.7848,26.3927,-9.08882,1.1011e+16,11,A,103.8751,20.26034062,,,,,0.215270331459849,0.005710595579411441,L,LLLLYLLVILLATLLFLLILI,21.52483729687217
LLLYFLLGVLLGTLLGLLILI,LLLYFLLGVLLITLLGLLILI,GAS,clash,38.352,-268.07,560761000000.0,560761000000.0,-58.6992,-275.238,-350.346,4293.27,-55.5096,-16.4086,3274.57,4196.45,62.5679,0.0,3274.57,4173.53,40.5619,0.0,-28.7978,1.10011e+17,11,G,130.2678,0.0,,,,,0.192476071863855,0.0048494663432544355,G,LLLYFLLGVLLGTLLGLLILI,17.457775631470074
LLLYSLLVALLFLLLTLLILI,LLLYSLLVILLFLLLTLLILI,Right,clash,20.5888,-279.587,613678000000.0,613678000000.0,-58.8767,-284.416,-372.162,4341.37,-55.608,-28.8692,3484.94,4313.3,55.0538,17.9669,3484.94,4313.3,55.0538,17.9669,-5.07416,1.10011e+17,8,A,113.3627,13.68076961,,,,,0.1926895053049247,0.01771859289238502,R,LLLYSLLVALLFLLLATLILI,18.01507139609577
LLLTALLFLLLGYLLGSLILI,LLLTALLFLLLIYLLGSLILI,GAS,clash,16.439,-268.957,619887000000.0,619887000000.0,-60.326,-286.589,-374.044,4096.43,-53.4858,-27.1288,3173.63,4175.59,51.9778,1.67057,3174.58,4176.7,39.1287,1.16214,-22.501,1.10011e+17,11,G,128.59723,1.282412077,,,,,0.275616721278424,0.02401522487707771,G,LLLYALLFLLLGTLLGSLILI,24.99871715879364
LLLYTLLAILLGLLLGFLILI,LLLYTLLAILLILLLGFLILI,GAS,clash,17.2008,-266.794,629784000000.0,629784000000.0,-44.9774,-280.226,-356.627,4271.7,-46.5115,-31.4235,3509.14,4192.07,58.7715,0.0,3509.14,4173.5,38.1072,0.0,-22.1321,1.10011e+17,11,G,130.2678,0.0,,,,,0.1314420414241633,0.017216116891008562,G,LLLYTLLAILLGLLLGFLILI,11.921926946579358
LLLAYLLFTLLTLLLSILILI,LLLAYLLFILLTLLLSILILI,Right,clash,17.0422,-267.447,765591000000.0,765591000000.0,-74.3067,-282.151,-382.172,4211.34,-49.9177,-25.714,3400.79,4231.53,44.8765,19.8763,3389.29,4242.35,68.2927,36.5546,-7.84811,1.10011e+17,8,T,111.4533,15.1346688,,,,,0.490020920677625,0.06160157246340356,R,LLLAYLLFALLTVLLSLLILI,45.813402539065926
LLLSYLLGVLLGLLLGTLILI,LLLSYLLGVLLILLLGTLILI,GAS,clash,15.2381,-262.306,826111000000.0,826111000000.0,-58.7288,-283.369,-374.872,4138.59,-56.1204,-32.7744,3170.45,4014.65,58.7791,0.0,3170.45,3995.88,38.2651,0.0,-20.7472,1.10011e+17,11,G,130.2678,0.0,,,,,0.1880492196838032,0.02639828955944544,G,LLLSYLLGVLLGLLLGFLILI,17.056255632829963
LLLSYLLGLLLGTLLGFLILI,LLLSYLLGLLLITLLGFLILI,GAS,clash,13.8867,-264.674,1062200000000.0,1062200000000.0,-58.7496,-277.681,-355.335,4182.43,-54.9764,-18.9051,3313.94,4170.16,61.2259,0.0,3313.94,4151.1,40.7234,0.0,-22.2715,1.10011e+17,11,G,130.2678,0.0,,,,,0.1833869304962845,0.020689059763494586,G,LLLSYLLGLLLGTLLGFLILI,16.633381257971035
LLLYFLLGALLGILLSLLILI,LLLYFLLGALLIILLSLLILI,GAS,clash,25.0976,-262.78,1351780000000.0,1351780000000.0,-60.3266,-279.32,-364.85,4315.11,-52.1229,-25.2036,3303.6,4172.06,60.2409,0.0663661,3303.6,4147.31,37.3979,0.0663661,-26.9479,1.10011e+17,11,G,130.2014339,0.050945898,,,,,0.2130804898113021,0.019458969520889782,G,LLLTVLLGALLGILLSLLILI,19.32661731168682
LLLALLLGLLLGVLLGSLILI,LLLALLLILLLGVLLGSLILI,GAS,clash,16.963,-254.539,1400440000000.0,1400440000000.0,-60.3054,-279.041,-392.143,4068.68,-54.3219,-52.7965,3142.64,3919.6,56.8886,2.07504,3142.99,3905.35,37.7945,2.07504,-30.7627,1.10011e+17,7,G,127.52036,1.601167943,,,,,0.3310107272870343,0.006352030079869241,G,LLLAGLLFLLLGTLLGSLILI,30.02300988703809
LLLAYLLGVLLGLLLSTLILI,LLLAYLLIVLLGLLLSTLILI,GAS,clash,23.0737,-264.454,1442260000000.0,1442260000000.0,-74.1418,-289.127,-396.011,4124.73,-54.2706,-32.7421,3193.16,4094.93,57.915,0.0,3193.16,4080.45,39.0937,0.0,-15.265,1.10011e+17,7,G,129.5954,0.0,,,,,0.4870912129058606,0.02073365499462993,G,LLLAYLLAVLLGLLLGFLILI,44.17966880052485
LLLYSLLVALLFALLTLLILI,LLLYSLLVALLFALLILLILI,Right,clash,18.7315,-272.269,1872630000000.0,1872630000000.0,-45.0333,-271.982,-344.69,4311.76,-48.6487,-27.6749,3427.53,4267.1,51.5298,15.4259,3422.16,4286.2,72.5678,19.2626,-12.5778,1.10011e+17,15,T,114.2945,11.89165312,,,,,0.1576051288762698,0.004361753314257037,R,LLLTALLVALLFALLSLLILI,14.73493662565499
LLLWSLLTLLLGVLLAFLILI,LLLWSLLTLLLIVLLAFLILI,GAS,clash,16.5021,-269.449,1891640000000.0,1891640000000.0,-58.8001,-281.385,-370.118,4263.28,-52.6967,-29.9331,3343.45,4142.7,54.5401,0.581069,3343.65,4129.95,36.4698,0.363168,-18.8028,1.10011e+17,11,G,129.686731,0.446057276,,,,,0.2005149608464108,0.02411422874072688,G,LLLASLLTLLLGVLLGFLILI,18.18691104463989
LLLFYLLTALLIALLSLLILI,LLLFYLLTILLIALLSLLILI,Right,clash,16.2417,-264.489,2245950000000.0,2245950000000.0,-74.2083,-282.038,-379.278,4323.64,-49.4862,-23.0312,3447.9,4172.42,48.7547,7.79832,3447.9,4172.42,48.7547,7.79832,-13.6937,1.10011e+17,8,A,124.45439,4.13459198,,,,,0.1768809654717049,0.012506128168512244,R,LLLFALLTILLAYLLSLLILI,16.53708756240018
LLLFYLLVTLLIALLSLLILI,LLLFYLLVILLIALLSLLILI,Right,clash,12.9826,-263.706,2419880000000.0,2419880000000.0,-60.4486,-282.48,-372.765,4339.0,-45.0725,-29.837,3544.44,4245.21,52.9152,18.7477,3521.13,4272.19,80.5571,22.0558,-12.9621,1.10011e+17,8,T,112.5819,14.27530427,,,,,0.3615828192886997,0.02688615633378235,R,LLLTYLLVALLIALLFLLILI,33.80537146939802
LLLSYLLVALLTLLLSFLILI,LLLSYLLIALLTLLLSFLILI,Right,clash,18.0513,-272.008,2420590000000.0,2420590000000.0,-74.2797,-284.227,-381.681,4176.09,-49.7653,-23.1746,3559.4,4185.04,50.7557,29.2582,3548.36,4199.63,78.2996,42.4337,-15.869,1.10011e+17,7,V,100.3372,22.57657293,,,,,0.5071066933652302,0.03045540479266843,R,LLLSYLLTVLLALLLSFLILI,47.41079838238176
LLLAILLYTLLFVLLSLLILI,LLLAILLYILLFVLLSLLILI,Right,clash,12.4602,-264.919,2668260000000.0,2668260000000.0,-60.5116,-283.374,-378.055,4212.38,-45.16,-34.1692,3434.39,4209.77,47.7687,15.6073,3423.22,4217.53,69.8748,21.1808,-6.56542,1.10011e+17,8,T,115.7223,11.88406879,,,,,0.3739825016586842,0.00651900227394569,R,LLLAILLVTLLFTLLSLLILI,34.96465185070725
LLLSYLLVALLITLLFLLILI,LLLSYLLVALLIILLFLLILI,Right,clash,26.4169,-280.562,2838930000000.0,2838930000000.0,-45.0832,-277.297,-354.926,4269.17,-45.0832,-32.545,3311.92,4139.67,43.7329,1.96111,3310.17,4149.87,67.1985,2.0707,-5.44671,1.10011e+17,12,T,127.86089,1.510614534,,,,,0.4279374881124649,0.01958575967002782,R,LLLTYLLVALLAILLSLLILI,40.009051812200106
LLLSYLLVALLITLLFLLILI,LLLSYLLVILLITLLFLLILI,Right,clash,26.64,-283.769,2850320000000.0,2850320000000.0,-58.8681,-280.575,-365.903,4284.8,-49.5866,-26.4604,3310.17,4149.87,39.5981,0.547392,3310.17,4149.87,39.5981,0.547392,-5.44671,1.10011e+17,8,A,130.782208,0.416807787,,,,,0.4144391139671535,0.031205696255864116,R,LLLSYLLVFLLATLLSLLILI,38.74705171741454
LLLYVLLTLLLGALLAFLILI,LLLYVLLTLLLIALLAFLILI,GAS,clash,12.6297,-263.711,3610280000000.0,3610280000000.0,-58.7433,-278.13,-360.793,4286.03,-51.5438,-23.92,3477.45,4226.79,54.817,10.2454,3479.66,4213.02,36.4572,7.41267,-21.2603,1.10011e+17,11,G,120.0224,7.86487528,,,,,0.1886788681348971,0.018024658237083616,G,LLLYVLLTLLLGALLAFLILI,17.113365388237252
LLLSYLLVLLLGALLAFLILI,LLLSYLLVLLLIALLAFLILI,GAS,clash,9.1298,-260.652,3616740000000.0,3616740000000.0,-44.9973,-277.03,-353.55,4220.48,-49.1789,-31.5234,3304.46,4202.08,54.2089,3.41378,3305.03,4191.02,36.7368,2.46954,-34.7785,1.10011e+17,11,G,126.85402,2.620586208,,,,,0.3057324611617496,0.0348093148553384,G,LLLSYLLVLLLGTLLAFLILI,27.730245419775063
LLLYILLGLLLGTLLAFLILI,LLLYILLGLLLITLLAFLILI,GAS,clash,13.1859,-265.243,4768290000000.0,4768290000000.0,-58.718,-278.573,-360.843,4287.96,-52.8201,-23.5523,3497.7,4255.34,57.5556,1.88847,3498.87,4235.61,36.6695,1.38004,-25.5412,1.10011e+17,11,G,128.37933,1.449682884,,,,,0.2371353398110857,0.00020375503028485437,G,LLLYILLGLLLGTLLASLILI,21.508416691102312
LLLLYLLLAVLTSLLFSLILI,LLLLYLLLIVLTSLLFSLILI,Left,clash,17.3213,-275.277,4857800000000.0,4857800000000.0,-89.5936,-289.816,-398.294,4207.62,-51.3566,-18.8843,3344.34,4191.09,60.9111,34.8524,3344.34,4191.09,60.9111,34.8524,-24.3779,1.10011e+16,8,A,96.4772,26.53811479,,,,,0.111854062918621,0.004893173604744643,L,LLLLALLLYVLTSLLFLLILI,11.184265332756638
LLLLYALLLLLTVLFILLILI,LLLLYALLLLLIVLFILLILI,Left,clash,19.2613,-276.846,5101520000000.0,5101520000000.0,-45.156,-278.044,-363.829,4254.63,-45.156,-40.6285,3427.98,4294.91,47.6052,25.8619,3420.42,4310.09,74.006,34.5116,-7.22906,1.1011e+16,11,T,104.4059,19.85287231,,,,,0.608701568684435,0.04053415698988212,L,LLLLYALLLLLTVLFILLILI,60.86394785306061
LLLLAYLLLTLAVLLFSLILI,LLLLAYLLLTLIVLLFSLILI,Left,clash,17.3315,-274.423,5506520000000.0,5506520000000.0,-74.2134,-287.318,-380.663,4210.35,-49.5904,-19.1313,3291.79,4231.88,58.5672,26.6661,3291.79,4231.88,58.5672,26.6661,-12.6397,1.10011e+16,11,A,103.6017,20.47021597,,,,,0.5850574660533563,0.04346523809289355,L,LLLLAYLLLTLAVLLFSLILI,58.49977876987489
LLLLYVLLLILATLLFSLILI,LLLLYVLLIILATLLFSLILI,Left,clash,16.4419,-273.036,6399560000000.0,6399560000000.0,-74.2722,-289.002,-383.525,4155.88,-49.8851,-20.251,3313.54,4192.45,58.1914,33.1023,3301.63,4259.01,119.223,33.3968,-15.1973,1.10011e+16,8,L,98.2273,25.20551346,,,,,0.0485096829854564,0.002747755427878162,L,LLLLYVLLLILATLLFSLILI,4.850473479108061
LLLLYVLLLILATLLFSLILI,LLLLYVLLLILITLLFSLILI,Left,clash,16.3958,-277.096,6399560000000.0,6399560000000.0,-74.2722,-293.151,-391.022,4225.41,-49.8851,-23.5993,3301.63,4259.01,57.4005,27.2736,3301.63,4259.01,57.4005,27.2736,-15.1973,1.10011e+16,11,A,102.9942,20.93656299,,,,,0.9351967454278884,0.010362809226080492,L,LLLLYVLLLILATLLFSLILI,93.51013513747576
LLLTALLAFLLGVLLGLLILI,LLLTALLAFLLIVLLGLLILI,GAS,clash,17.5889,-264.865,10577000000000.0,10577000000000.0,-44.9299,-270.128,-356.362,4106.73,-49.8553,-41.3048,3082.21,4004.96,57.3093,0.0,3082.21,3994.14,40.5402,0.0,-21.538,1.10011e+17,11,G,130.2678,0.0,,,,,0.4197045568340953,0.01593764984673229,G,LLLTYLLAFLLGVLLGLLILI,38.06763050473064
LLLVALLLFLLSLLYTLLILI,LLLVILLLFLLSLLYTLLILI,Left,clash,22.3956,-276.905,13493700000000.0,13493700000000.0,-74.19,-286.212,-389.137,4234.76,-52.5085,-28.7353,3451.33,4227.44,54.3274,29.1901,3451.33,4227.44,54.3274,29.1901,-7.71278,1.10011e+17,4,A,109.2851,21.07965903,,,,,0.913495438346776,0.08191923279307074,L,LLLVALLLFLLSLLYTLLILI,91.34022579194418
LLLLYLLVALLISLLFTLILI,LLLLYLLVALLIILLFTLILI,Right,clash,10.5759,-269.061,14610600000000.0,14610600000000.0,-58.9208,-285.327,-369.335,4280.03,-49.6467,-25.087,3463.21,4321.3,50.5145,8.00554,3462.48,4323.83,58.5537,8.27252,-14.2936,1.10011e+17,12,S,121.81646,6.166551124,,,,,0.2686559896576894,0.00944036933986344,R,LLLTYLLVALLIALLFLLILI,25.117386787687945
LLLLYLLVALLISLLFTLILI,LLLLYLLVILLISLLFTLILI,Right,clash,10.6025,-271.09,14627400000000.0,14627400000000.0,-74.2452,-288.662,-384.995,4289.7,-55.2342,-22.0881,3462.48,4323.83,38.6101,13.9857,3462.48,4323.83,38.6101,13.9857,-14.2936,1.10011e+17,8,A,117.3439,10.64931287,,,,,0.2505520611821175,0.008610997221991292,R,LLLLYLLVILLAFLLSTLILI,23.42480076168135
LLLLYLLTALLFLLTSLLILI,LLLLYLLTILLFLLTSLLILI,Left,clash,16.9527,-277.878,16505700000000.0,16505700000000.0,-87.8384,-291.262,-400.586,4274.33,-54.2563,-21.4857,3217.07,4287.53,45.4461,5.2613,3217.07,4287.53,45.4461,5.2613,-34.5702,1.1011e+16,8,A,126.0683,4.006179871,,,,,0.7898397606832168,0.08729374532140036,L,LLLLALLTILLFVLASLLILI,78.97591936619308
LLLTVLLALLLGFLLGSLILI,LLLTVLLALLLIFLLGSLILI,GAS,clash,17.1158,-263.933,22418000000000.0,22418000000000.0,-60.3442,-285.672,-386.01,4080.31,-50.0301,-39.9935,3183.59,4013.14,62.3737,3.70431,3184.77,3992.71,40.7616,2.54218,-21.2463,1.10011e+17,11,G,126.56349,2.843611391,,,,,0.3407401043365234,0.0001343910993917282,G,LLLTFLLALLLGYLLGSLILI,30.905474288556515
LLLTYLLVALLIALLFLLILI,LLLTYLLVALLIILLFLLILI,Right,clash,23.0392,-279.422,31133300000000.0,31133300000000.0,-45.0773,-278.47,-356.325,4287.75,-45.0773,-32.7776,3252.56,4274.97,45.517,5.6423,3252.56,4274.97,45.517,5.6423,-7.52921,1.10011e+17,12,A,124.1797,4.346181695,,,,,0.292069756185182,0.012262019628354263,R,LLLTYLLAVLLAILLFLLILI,27.30640416555089
LLLTYLLVALLIALLFLLILI,LLLTYLLVILLIALLFLLILI,Right,clash,23.179,-279.42,31133300000000.0,31133300000000.0,-45.0773,-278.517,-355.373,4302.28,-45.0773,-31.7789,3252.56,4274.97,54.3808,0.944237,3252.56,4274.97,54.3808,0.944237,-7.52921,1.10011e+17,8,A,124.1797,4.346181695,,,,,0.3882227652967296,0.030242469906627933,R,LLLTYLLVALLIALLFLLILI,36.296013233013205
LLLLYSLVALLLLLTFLLILI,LLLLYSLVILLLLLTFLLILI,Left,clash,21.1312,-279.238,31215700000000.0,31215700000000.0,-58.8636,-282.735,-374.823,4267.89,-54.911,-33.225,3369.02,4293.32,53.7155,16.3798,3369.02,4293.32,53.7155,16.3798,-6.22553,1.1011e+16,8,A,114.9498,12.47228348,,,,,0.3543948614479393,0.04855463790023091,L,LLLLYLLVALLILLTFLLILI,35.43587116619102
LLLLFWLLTILVALLLSLILI,LLLLFWLLIILVALLLSLILI,Left,clash,20.6951,-271.151,43880000000000.0,43880000000000.0,-60.4018,-288.352,-388.384,4255.67,-45.0697,-39.6299,3378.02,4154.78,51.7245,29.3708,3366.49,4184.56,81.5813,40.2569,-17.6336,1.10011e+16,8,T,101.9588,22.36418903,,,,,0.2833447265880379,0.0038158587123192805,L,LLLLYWLLTILVALLLSLILI,28.331582421852623
LLLTYLLGVLLGILLALLILI,LLLTYLLGVLLIILLALLILI,GAS,clash,16.0492,-264.992,51239900000000.0,51239900000000.0,-44.9618,-274.398,-364.38,4197.07,-49.8368,-45.0196,3239.81,4090.57,58.6798,0.0,3239.81,4067.64,36.7861,0.0,-17.05,1.10011e+17,11,G,130.2678,0.0,,,,,0.215084468555799,0.025628770271479917,G,LLLTYLLGVLLGLLLASLILI,19.50838022357962
LLLSYLLVALLTILLFLLILI,LLLSYLLVILLTILLFLLILI,Right,clash,9.25074,-264.745,62277400000000.0,62277400000000.0,-58.9824,-280.642,-369.805,4262.72,-49.8782,-30.1803,3392.83,4270.86,45.9453,29.0442,3392.83,4270.86,45.9453,29.0442,-9.35026,1.10011e+17,8,A,102.2854,22.11550176,,,,,0.4049361555599535,0.021126209743369186,R,LLLSYLLVILLTLLLAFLILI,37.85859402010029
LLLYILLGLLLGTLLASLILI,LLLYILLILLLGTLLASLILI,GAS,clash,23.0314,-261.91,80622300000000.0,80622300000000.0,-74.0156,-289.509,-397.52,4211.79,-52.5581,-33.996,3197.9,4119.5,62.454,0.0,3197.9,4097.78,41.1803,0.0,-11.5693,1.10011e+17,7,G,129.5954,0.0,,,,,0.0316769780437131,0.0008817214083039596,G,LLLYFLLALLLGTLLGSLILI,2.873134151248217
LLLLVILTALLYLLLFLLILI,LLLLVILTILLYLLLFLLILI,Left,clash,15.5199,-275.113,88365600000000.0,88365600000000.0,-58.893,-282.801,-378.905,4295.05,-53.5713,-37.2106,3342.87,4292.1,42.7848,8.99929,3342.87,4292.1,42.7848,8.99929,-11.5857,1.1011e+16,8,A,122.33031,6.852446059,,,,,1.0009280546319503,0.05519217329667885,L,LLLLVILTALLYLLLFLLILI,100.08259557051838
LLLLFLLGTLLGVLLASLILI,LLLLFLLGTLLIVLLASLILI,GAS,clash,26.5575,-250.49,100649000000000.0,100649000000000.0,-73.9927,-282.792,-385.526,4158.77,-55.311,-28.7404,3161.04,4089.28,58.3127,0.0726336,3161.04,4067.85,36.8758,0.0726336,-16.7625,1.10011e+17,11,G,130.1951664,0.05575714,,,,,0.0986749712629349,0.012306548317321378,G,LLLLFLLGILLGTLLASLILI,8.949920330712906
LLLLYWLLTILVALLLSLILI,LLLLYWLLIILVALLLSLILI,Left,clash,34.021,-276.171,148659000000000.0,148659000000000.0,-60.4195,-290.442,-391.993,4269.73,-45.0868,-41.1309,3570.31,4080.16,56.1637,43.0228,3553.71,4114.71,88.1422,59.4843,-19.1093,1.10011e+16,8,T,88.3068,32.75940839,,,,,0.3766136822531034,0.011299007959265401,L,LLLLYWLLTILVALLLSLILI,37.65752660526726
LLLLYVLLLILATLLLSLILI,LLLLYVLLLILITLLLSLILI,Left,clash,20.5643,-275.845,177321000000000.0,177321000000000.0,-74.2517,-290.707,-410.154,4196.15,-49.8673,-45.1955,3331.59,4174.23,46.1318,21.1598,3331.59,4174.23,46.1318,21.1598,-14.5478,1.10011e+16,11,A,109.108,16.24330802,,,,,0.5139968700953371,0.036376086214800256,L,LLLLYVLLLILATLLFSLILI,51.39444402243236
LLLLYVLLLILATLLLSLILI,LLLLYVLLIILATLLLSLILI,Left,clash,20.6535,-271.784,177321000000000.0,177321000000000.0,-74.2517,-286.294,-399.508,4141.7,-49.8673,-38.9625,3342.84,4101.76,57.6846,33.0568,3331.59,4174.23,120.737,32.9659,-14.5478,1.10011e+16,8,L,98.2728,25.1708678,,,,,0.4749755597255091,0.03921612199057799,L,LLLLYVLLLILATLLFSLILI,47.492711019443256
LLLLYLLLFVLATLLLSLILI,LLLLYLLLFVLITLLLSLILI,Left,clash,19.9299,-276.625,191552000000000.0,191552000000000.0,-74.2037,-291.435,-394.221,4255.7,-49.615,-28.5822,3227.42,4288.71,41.3202,6.69852,3227.42,4288.71,41.3202,6.69852,-18.611,1.10011e+16,11,A,123.56928,5.142114936,,,,,0.2292725865780696,0.0128849410306432,L,LLLLYLLLFVLATLLLSLILI,22.924919979725324
LLLLYVLLLALTILLFSLILI,LLLLYVLLLALIILLFSLILI,Left,clash,14.2929,-275.113,204647000000000.0,204647000000000.0,-60.4404,-288.1,-376.338,4249.22,-45.1029,-27.7978,3376.94,4288.32,58.4493,37.9102,3344.07,4318.79,86.1592,39.8512,-12.5804,1.10011e+16,11,T,92.3576,29.10174272,,,,,0.4233083138681217,0.022228793566988207,L,LLLLYVLLLILATLLFSLILI,42.32651346162891
LLLLYVLLLALTILLFSLILI,LLLLYVLLIALTILLFSLILI,Left,clash,14.323,-274.263,204647000000000.0,204647000000000.0,-74.2827,-287.744,-381.265,4180.15,-49.8582,-19.2386,3364.28,4239.98,61.8956,39.5595,3344.07,4318.79,127.249,41.9875,-12.5804,1.10011e+16,8,L,91.7701,30.12230297,,,,,0.1441793970655776,0.005235960094282075,L,LLLLYVLLLALTILLFSLILI,14.4164690152694
LLLLYILVTLLLALLFLLILI,LLLLYILVILLLALLFLLILI,Left,clash,17.5762,-275.565,367631000000000.0,367631000000000.0,-45.0699,-279.596,-364.569,4302.93,-45.0699,-39.9031,3347.39,4269.53,54.0536,16.1138,3337.31,4298.74,83.6994,26.6787,-13.7409,1.1011e+16,8,T,115.2158,12.26973965,,,,,0.3338150471797021,0.009873749735102938,L,LLLLYLLVILLATLLFLLILI,33.37809966224239
LLLTILLALLLGFLLGSLILI,LLLTILLALLLIFLLGSLILI,GAS,clash,16.0333,-264.347,644162000000000.0,644162000000000.0,-60.2535,-288.889,-391.361,4094.05,-50.0416,-42.2186,3148.74,4083.84,60.1089,0.653703,3149.38,4067.52,40.55,0.726336,-25.1796,1.10011e+17,11,G,129.614097,0.501814723,,,,,0.2144588987581328,0.025612844979918545,G,LLLTFLLALLLGYLLGSLILI,19.45164040618972
LLLALLLGLLLGTLLGFLILI,LLLALLLGLLLITLLGFLILI,GAS,clash,15.9911,-259.858,1607890000000000.0,1607890000000000.0,-58.691,-272.75,-367.382,4144.8,-53.6794,-35.9409,3197.43,4022.59,61.7392,1.59794,3198.4,4002.16,40.6679,1.0895,-24.8153,1.10011e+17,11,G,128.66986,1.226657701,,,,,0.19991415315137,0.02307195637908366,G,LLLALLLGFLLGTLLGVLILI,18.13241717516244
LLLYLLLAILLGFLLSTLILI,LLLYLLLAILLIFLLSTLILI,GAS,clash,10.5087,-263.52,4661110000000000.0,4661110000000000.0,-74.2296,-293.24,-388.105,4325.4,-53.9737,-20.636,3442.43,4305.35,53.7771,0.0,3442.43,4284.54,31.4302,0.0,-21.7761,1.10011e+17,11,G,130.2678,0.0,,,,,0.1045339721601775,0.00673808394548856,G,LLLYLLLGALLAFLLSTLILI,9.481337675727064
LLLLYWLLTLLVALLSFLILI,LLLLYWLLILLVALLSFLILI,Left,clash,42.5542,-277.747,5461810000000000.0,5461810000000000.0,-60.4892,-289.33,-374.006,4315.69,-45.1202,-24.1873,3668.82,4187.74,52.0259,29.4123,3653.59,4217.38,83.6023,47.9586,-17.7225,1.10011e+16,8,T,101.9173,22.39578892,,,,,0.2015161010899773,0.007246985231660382,L,LLLLYWLLTLLVALLSFLILI,20.14955455889578
LLLSYLLVILLTFLLSLLILI,LLLSYLLVILLTFLLILLILI,Right,clash,15.1941,-274.523,7755990000000000.0,7755990000000000.0,-59.0063,-279.187,-364.8,4286.99,-49.8978,-26.607,3416.27,4204.89,53.5189,17.1758,3415.24,4203.55,59.3961,17.2514,-17.0472,1.10011e+17,15,S,112.5446,13.24063139,,,,,1.1719310610922309,0.11600863806152076,R,LLLSYLLVILLTLLLAFLILI,109.56705557715304
LLLLYVLLFLLATLLILLILI,LLLLYVLIFLLATLLILLILI,Left,clash,16.8877,-273.374,7848720000000000.0,7848720000000000.0,-58.8982,-277.127,-363.883,4268.1,-49.6465,-27.858,3343.78,4214.0,49.7929,37.6084,3330.65,4244.33,99.0932,119.557,-14.5024,1.1011e+16,7,L,91.987,29.01985719,,,,,0.1469797117536588,0.002301677373212123,L,LLLLAVLIFLLATLLSLLILI,14.69647191967442
LLLLYVLLFLLATLLILLILI,LLLLYVLLFLLITLLILLILI,Left,clash,16.7744,-277.436,7848720000000000.0,7848720000000000.0,-58.8982,-281.172,-374.528,4298.49,-49.6465,-34.4577,3330.65,4244.33,42.8044,4.89891,3330.65,4244.33,42.8044,4.89891,-14.5024,1.1011e+16,11,A,125.36889,3.760645378,,,,,0.5747097602544076,0.053267187222140064,L,LLLLYVLLFLLATLLILLILI,57.46511374098857
LLLYTLLAVLIALLLSLLILI,LLLYTLLIVLIALLLSLLILI,Left,clash,24.0004,-279.197,1.07e+16,1.07e+16,-60.3479,-280.86,-386.347,4255.39,-45.0195,-45.1387,3363.02,4114.91,56.2644,17.0614,3363.02,4114.91,56.2644,17.0614,-11.3191,1.10011e+17,7,A,118.4285,9.088431677,,,,,0.598176424067557,0.022500328401572556,L,LLLYTLLAVLIALLLSLLILI,59.81154075233292
LLLSYLLGVLLGTLLGLLILI,LLLSYLLGVLLITLLGLLILI,GAS,clash,17.6543,-266.682,2.18e+16,2.18e+16,-58.7296,-272.434,-363.69,4137.53,-52.2484,-32.5268,3245.3,4033.42,62.0747,0.0,3245.3,4012.18,40.895,0.0,-19.8281,1.10011e+17,11,G,130.2678,0.0,,,,,0.2013697077025261,0.016795851204015402,G,LLLSYLLGLLLGTLLGFLILI,18.264437454500964
LLLYVLLLILLATLLSFLILI,LLLYVLLLILLATLLIFLILI,Right,clash,14.6814,-270.504,2.36e+16,2.36e+16,-58.8653,-278.066,-364.509,4332.52,-49.5949,-27.5773,3596.85,4251.76,63.6699,21.2591,3594.62,4258.88,74.1815,23.9558,-6.57676,1.10011e+17,15,S,108.4613,16.38840152,,,,,0.0931255711540205,0.008353775570539335,R,LLLYVLLTILLALLLAFLILI,8.706565572873464
LLLLYILLLVLATLLFSLILI,LLLLYILLLVLITLLFSLILI,Left,clash,16.4961,-277.625,3.33e+16,3.33e+16,-74.2374,-293.497,-390.617,4235.83,-49.6442,-22.8827,3237.56,4266.12,57.5394,21.2622,3237.56,4266.12,57.5394,21.2622,-20.5691,1.10011e+16,11,A,109.0056,16.32191532,,,,,0.8050732334627753,0.061129280622274774,L,LLLLYVLLLILATLLFSLILI,80.49911125623522
LLLTILLAVLLAYLLSLLILI,LLLTILLAVLLIYLLSLLILI,Right,clash,18.7934,-272.251,5.22e+16,5.22e+16,-60.262,-284.097,-387.043,4216.53,-45.0092,-42.6847,3335.04,4098.69,52.9496,2.1451,3335.04,4098.69,52.9496,2.1451,-11.4044,1.10011e+17,11,A,128.1227,1.646684752,,,,,0.2420194898739585,0.023190207561912556,R,LLLTILLAVLLAYLLSLLILI,22.62706722105332
LLLYSLLALLLGTLLGFLILI,LLLYSLLALLLITLLGFLILI,GAS,clash,17.5119,-268.802,7.24e+16,7.24e+16,-58.7271,-277.961,-357.91,4255.67,-54.2178,-21.2218,3405.02,4205.87,61.3519,0.508435,3405.39,4186.92,40.9297,0.363168,-21.3296,1.10011e+17,11,G,129.759365,0.390299829,,,,,0.0912147951304103,0.010242003786492386,G,LLLYSLLALLLGTLLGFLILI,8.273274762088748
LLLLYFLLALLAVLTSLLILI,LLLLYFLLALLAVLTILLILI,Left,clash,26.6278,-271.153,1.46e+17,1.46e+17,-58.92,-274.303,-356.887,4212.3,-49.7319,-23.6636,3258.07,4161.55,60.0201,20.191,3257.04,4168.06,70.0242,20.4291,-27.8769,1.1011e+16,15,S,109.5294,15.56501522,,,,,0.0539807452521987,0.0031163684509833457,L,LLLLYFLLALLAVLTSLLILI,5.397523898615819
LLLYFLLGLLLGVLLASLILI,LLLYFLLILLLGVLLASLILI,GAS,clash,27.7798,-262.164,1.55e+17,1.55e+17,-60.2828,-287.33,-370.272,4292.13,-54.1736,-22.659,3231.65,4132.74,58.1468,0.0,3231.65,4115.37,37.9682,0.0,-37.2871,1.10011e+17,7,G,129.5954,0.0,,,,,0.1420352790758466,0.014785729304663254,G,LLLYFLLALLLGTLLGSLILI,12.882744384004717
LLLLLWLLTVLIALLSFLILI,LLLLLWLLIVLIALLSFLILI,Left,clash,27.4068,-271.155,2.27e+17,2.27e+17,-60.4716,-287.202,-387.005,4266.36,-45.1038,-39.3322,3664.48,4091.18,56.7816,34.5244,3645.2,4125.62,86.9764,47.8744,-10.8968,1.10011e+16,8,T,96.8052,26.2883615,,,,,0.2964937184808431,0.006479147895587944,L,LLLLLWLLTVLIALLSFLILI,29.646347485812736
LLLYALLALLLGTLLGFLILI,LLLYALLALLLITLLGFLILI,GAS,clash,15.4348,-264.93,3.73e+17,3.73e+17,-58.7826,-277.381,-356.6,4226.3,-54.7864,-20.4365,3424.39,4200.95,61.5596,0.145267,3424.51,4181.23,40.5547,0.0,-25.481,1.10011e+17,11,G,130.122533,0.111514127,,,,,0.1106581290067997,0.012982728302152788,G,LLLYSLLALLLGTLLGFLILI,10.036804935241197
LLLSSLLALLLGTLLGFLILI,LLLSSLLALLLITLLGFLILI,GAS,clash,16.0253,-267.505,1.36e+18,1.36e+18,-58.7549,-273.409,-368.021,4078.57,-57.038,-35.8572,3211.17,4025.54,61.0848,0.786435,3211.37,4006.18,40.4556,0.713801,-24.8316,1.10011e+17,11,G,129.481365,0.603706365,,,,,0.2320081787010178,0.028942560311081666,G,LLLYSLLALLLGTLLGFLILI,21.0433779596943
LLLSSLLFLLLGVLLGTLILI,LLLSSLLFLLLIVLLGTLILI,GAS,clash,21.2637,-274.797,2.07e+18,2.07e+18,-58.7727,-282.481,-377.721,4123.15,-57.1492,-36.4675,3099.43,4052.31,52.4978,3.54025,3100.72,4052.71,39.2964,2.59601,-31.0222,1.10011e+17,11,G,126.72755,2.717670829,,,,,0.1640638988771791,0.020299679210352,G,LLLAGLLFLLLGVLLGTLILI,14.880762622004925
LLLFALLLLLVTLLYSLLILI,LLLFALLILLVTLLYSLLILI,Left,clash,13.3599,-270.217,3.59e+18,3.59e+18,-74.2685,-282.043,-377.302,4282.09,-51.9234,-20.9905,3483.73,4178.47,49.6775,20.9774,3449.49,4264.16,118.21,47.0241,-17.4217,1.10011e+17,7,L,108.618,16.18683996,,,,,0.2601155071692939,0.010093490335935706,L,LLLAALLLLLVTLLFSLLILI,26.008897427914825
LLLLSYLLFVLATLLLILILI,LLLLSYLLFVLITLLLILILI,Left,clash,21.9943,-280.786,9.69e+18,9.69e+18,-58.8946,-278.828,-367.039,4246.88,-50.3236,-29.3167,3242.8,4269.22,41.9924,7.55132,3242.8,4269.22,41.9924,7.55132,-13.3019,1.10011e+16,11,A,122.71648,5.796766354,,,,,0.5652252579515831,0.024795667401926177,L,LLLLSYLLAVLFTLLLILILI,56.51676025667118
LLLSYLLVILLTLLLAFLILI,LLLSYLLIILLTLLLAFLILI,Right,clash,15.0723,-271.99,1.07e+21,1.07e+21,-58.9725,-281.433,-370.061,4193.67,-49.8497,-29.6551,3520.03,4201.23,51.1189,38.5661,3504.16,4223.55,85.4423,52.8612,-10.9575,1.10011e+17,7,V,91.0293,29.75884947,,,,,0.3831206005379027,0.02773741303032974,R,LLLSYLLVILLTLLLAFLILI,35.818997828051444
LLLASLLFLLLGYLLGTLILI,LLLASLLALLLGYLLGTLILI,GAS,void,,,,,,,,,,,3143.62,4010.89,59.1858,31.4727,3166.04,4111.27,151.01,165.434,-18.8019,1.1e+17,7,F,98.1227,24.28535272,3112.1473,3000.606,111.5413,0.0,0.5881539431755485,0.07090470213028602,G,LLLYSLLALLLGTLLGFLILI,53.34616130355121
LLLASLLFLLLGYLLGTLILI,LLLASLLFLLLGALLGTLILI,GAS,void,,,,,,,,,,,3215.63,3950.13,59.9649,56.9468,3166.04,4111.27,167.941,118.529,-18.8019,1.1e+17,12,Y,72.8752,43.86529248,3158.6832,3047.511,111.1722,0.0,0.1918378703465442,0.021435712048117738,G,LLLAGLLFLLLGTLLGSLILI,17.399890104251103
LLLYFLLAVLLGLLLGSLILI,LLLYALLAVLLGLLLGSLILI,GAS,void,,,,,,,,,,,3296.1,4007.94,60.2627,62.016,3268.14,4161.48,160.752,138.504,-16.4919,1.1e+17,4,F,76.4592,44.78491456,3234.084,3129.636,104.448,0.0,0.1849243277696552,0.02315766082838736,G,LLLYTLLAILLGLLLGFLILI,16.77282475551874
LLLYFLLAVLLGLLLGSLILI,LLLAFLLAVLLGLLLGSLILI,GAS,void,,,,,,,,,,,3124.61,3974.63,66.458,88.7522,3268.14,4161.48,185.296,306.236,-16.4919,1.1e+17,3,Y,80.9786,52.28997919,3035.8578,2961.904,73.9538,0.0,0.5760265724605833,0.059023808465275905,G,LLLYFLLALLLGTLLGSLILI,52.2461964357557
LLLYALLALLLGTLLSFLILI,LLLYALLALLLGTLLSALILI,GAS,void,,,,,,,,,,,3766.37,4646.03,43.4317,82.882,3852.73,4750.34,138.163,260.013,-18.5403,1.1e+17,16,F,46.5808,64.01993468,3683.488,3592.717,90.771,0.0,0.2226447449969905,0.020872325975212953,G,LLLYSLLALLLGTLLGFLILI,20.194104992087823
LLLYALLALLLGTLLSFLILI,LLLAALLALLLGTLLSFLILI,GAS,void,,,,,,,,,,,3711.46,4583.76,61.9205,110.925,3852.73,4750.34,175.605,324.243,-18.5403,1.1e+17,3,Y,66.5638,60.78272182,3600.535,3528.487,72.048,0.0,0.2291889869114585,0.020572517962545448,G,LLLYSLLALLLGTLLGFLILI,20.78767439484276
LLLYILLTVLLGFLLALLILI,LLLYILLTVLLGALLALLILI,GAS,void,,,,,,,,,,,3453.79,4130.34,49.0837,49.2108,3439.55,4235.79,136.29,134.315,-13.6347,1.1e+17,12,F,80.6112,37.9063641,3404.5792,3305.235,99.3442,0.0,0.3547083019235715,0.027611012246827448,G,LLLYILLTVLLGFLLALLILI,32.17240402735134
LLLYILLTVLLGFLLALLILI,LLLYILLTVLLGFLLAALILI,GAS,void,,,,,,,,,,,3458.98,4232.06,49.3686,87.9017,3439.55,4235.79,88.6926,132.785,-13.6347,1.1e+17,16,L,41.5611,67.8972647,3371.0783,3306.765,64.3133,0.0,0.2342537661062402,0.026383511506746258,G,LLLYILLTVLLGFLLALLILI,21.24705502303835
LLLYFLLATLLGVLLGLLILI,LLLYALLATLLGVLLGLLILI,GAS,void,,,,,,,,,,,3692.63,4580.28,48.2641,46.0764,3652.3,4711.47,147.176,108.522,-12.6205,1.1e+17,4,F,92.3988,33.27411695,3646.5536,3543.778,102.7756,0.0,0.2241695051302969,0.023240323222662576,G,LLLAALLALLLGVLLGTLILI,20.33240228816888
LLLAGLLFLLLGVLLATLILI,LLLAGLLFALLGVLLATLILI,GAS,void,,,,,,,,,,,3714.99,4612.52,61.5815,24.4294,3694.96,4675.0,120.441,66.0228,-15.1565,1.1e+17,8,L,106.9002,18.60159477,3690.5606,3628.9372,61.6234,0.0,0.4170672778557793,0.05771104467611923,G,LLLAGLLFLLLGVLLATLILI,37.82842661702039
LLLAGLLFLLLGVLLATLILI,LLLAGLLFLLLGALLATLILI,GAS,void,,,,,,,,,,,3723.95,4660.17,54.6343,75.8307,3694.96,4675.0,78.6786,100.422,-15.1565,1.1e+17,12,V,53.9913,58.41128622,3648.1193,3594.538,53.5813,0.0,0.3547307277584575,0.02567321864289045,G,LLLAGLLFLLLGTLLGSLILI,32.17443807340183
LLLAYLLGVLLGLLLGFLILI,LLLAALLGVLLGLLLGFLILI,GAS,void,,,,,,,,,,,3172.59,3877.5,65.6065,70.0357,3180.94,4069.29,184.16,196.876,-31.4568,1.1e+17,4,Y,68.4395,50.57634869,3102.5543,2984.064,118.4903,0.0,1.147346545982617,0.14652913854186678,G,LLLALLLGVLLGTLLGFLILI,104.06549955713292
LLLAYLLGVLLGLLLGFLILI,LLLAYLLGVLLGLLLGALILI,GAS,void,,,,,,,,,,,3110.48,3984.97,59.2053,115.671,3180.94,4069.29,142.766,270.617,-31.4568,1.1e+17,16,F,13.7918,89.34690119,2994.809,2910.323,84.486,0.0,0.9176302871868172,0.06263831310295828,G,LLLFYLLGVLLGLLLASLILI,83.23000106569219
LLLAYLLGVLLGLLLTFLILI,LLLAALLGVLLGLLLTFLILI,GAS,void,,,,,,,,,,,3646.8,4593.37,64.2228,85.6046,3599.01,4755.84,172.971,177.763,-18.4709,1.1e+17,4,Y,52.8706,61.81944493,3561.1954,3421.247,139.9484,0.0,0.7946911610257081,0.00909670676419093,G,LLLALLLGVLLGTLLGFLILI,72.07929718823699
LLLAYLLGVLLGLLLTFLILI,LLLAYLLGVLLGLLLTALILI,GAS,void,,,,,,,,,,,3508.91,4654.43,44.2834,91.5903,3599.01,4755.84,136.985,269.26,-18.4709,1.1e+17,16,F,37.8725,70.74642291,3417.3197,3329.75,87.5697,0.0,0.8987834166730263,0.02293800430208662,G,LLLFYLLGVLLGLLLASLILI,81.52057072664277
LLLSYLLGLLLGTLLGFLILI,LLLSALLGLLLGTLLGFLILI,GAS,void,,,,,,,,,,,3341.32,3972.2,57.6091,93.2471,3313.94,4151.1,173.545,218.725,-22.2715,1.1e+17,4,Y,45.2281,67.33848371,3248.0729,3095.215,152.8579,0.0,0.8172129374576034,0.04801316898239882,G,LLLYSLLALLLGTLLGFLILI,74.12204523459295
LLLYFLLALLLGTLLGSLILI,LLLYALLALLLGTLLGSLILI,GAS,void,,,,,,,,,,,3305.86,4038.49,52.5205,59.4776,3282.68,4129.9,140.93,128.705,-33.9785,1.1e+17,4,F,78.9976,42.95180653,3246.3824,3153.975,92.4074,0.0,0.1604722696459307,0.017572824602134714,G,LLLAGLLFLLLGTLLGSLILI,14.55499819496012
LLLYFLLALLLGTLLGSLILI,LLLAFLLALLLGTLLGSLILI,GAS,void,,,,,,,,,,,3111.73,3936.75,64.4669,99.3758,3282.68,4129.9,186.656,333.627,-33.9785,1.1e+17,3,Y,70.355,58.54906711,3012.3542,2949.053,63.3012,0.0,0.3668262456308301,0.026244744580026205,G,LLLAGLLFLLLGTLLGSLILI,33.2715138559525
LLLTFLLGALLGILLSLLILI,LLLTALLGALLGILLSLLILI,GAS,void,,,,,,,,,,,3600.94,4401.31,62.5276,51.3921,3564.63,4488.59,139.348,109.726,-31.2093,1.1e+17,4,F,87.0831,37.11285486,3549.5479,3454.904,94.6439,0.0,0.6310307663412167,0.052528362790723586,G,LLLTVLLGALLGILLSLLILI,57.23513280721904
LLLTFLLGALLGILLSLLILI,LLLTFLLGALLGILLSALILI,GAS,void,,,,,,,,,,,3561.28,4468.41,41.3326,82.9303,3564.63,4488.59,89.4183,165.496,-31.2093,1.1e+17,16,L,46.5325,64.0572427,3478.3497,3399.134,79.2157,0.0,1.4583916446307343,0.21614387594557288,G,LLLTVLLGALLGILLSLLILI,132.2776066044351
LLLTGLLFGLLAILLSLLILI,LLLTGLLAGLLAILLSLLILI,GAS,void,,,,,,,,,,,3732.29,4466.44,57.3131,46.3287,3710.97,4629.13,161.122,119.985,-14.8615,1.1e+17,7,F,83.2667,35.74872256,3685.9613,3590.985,94.9763,0.0,0.1451560634035411,0.012177509485613271,G,LLLTGLLFGLLAILLSLLILI,13.165802699043669
LLLTGLLFGLLAILLSLLILI,LLLTGLLFGLLAILLSALILI,GAS,void,,,,,,,,,,,3722.29,4608.62,41.3686,80.7616,3710.97,4629.13,89.9492,155.506,-14.8615,1.1e+17,16,L,48.7012,62.38208968,3641.5284,3555.464,86.0644,0.0,0.194328783021215,0.01628100470077533,G,LLLTGLLFGLLAILLSLLILI,17.625818419240545
LLLAYLLGLLLGVLLGTLILI,LLLAALLGLLLGVLLGTLILI,GAS,void,,,,,,,,,,,3488.72,4438.82,53.1732,47.8843,3468.17,4588.0,158.682,145.689,-33.5239,1.1e+17,4,Y,99.3464,28.25690087,3440.8357,3322.481,118.3547,0.0,1.0702787245840566,0.11835963467712576,G,LLLAALLALLLGVLLGTLILI,97.07536971214134
LLLAYLLGLLLGVLLGTLILI,LLLAYLLGALLGVLLGTLILI,GAS,void,,,,,,,,,,,3503.54,4523.53,65.0437,48.4222,3468.17,4588.0,123.904,78.6182,-33.5239,1.1e+17,8,L,82.9074,36.87074353,3455.1178,3389.5518,65.566,0.0,0.8767948409079449,0.03816461610443877,G,LLLAALLALLLGVLLGTLILI,79.5261845234897
LLLTLLLGVLLGFLLGILILI,LLLTLLLGVLLGALLGILILI,GAS,void,,,,,,,,,,,3556.39,4473.22,50.5615,79.2538,3532.18,4593.62,145.302,193.078,-31.8391,1.1e+17,12,F,50.5682,61.04805041,3477.1362,3339.102,138.0342,0.0,0.972806751586426,0.07565571689260323,G,LLLALLLGVLLGTLLGFLILI,88.23456254857362
LLLTLLLGVLLGFLLGILILI,LLLTALLGVLLGFLLGILILI,GAS,void,,,,,,,,,,,3546.2,4528.17,68.1226,63.0317,3532.18,4593.62,126.476,116.258,-31.8391,1.1e+17,4,L,75.4435,45.5184033,3483.1683,3415.922,67.2463,0.0,1.220330501626396,0.057341394765511824,G,LLLYALLTLLLGFLLGILILI,110.68521862136808
LLLTYLLAVLLGLLLAFLILI,LLLTALLAVLLGLLLAFLILI,GAS,void,,,,,,,,,,,3803.58,4626.5,58.3938,77.1632,3743.51,4679.26,137.969,169.675,-17.912,1.1e+17,4,Y,61.312,55.72347973,3726.4168,3573.835,152.5818,0.0,0.408038239601406,0.027843294648545767,G,LLLTYLLAVLLGLLLAFLILI,37.0094836570648
LLLTYLLAVLLGLLLAFLILI,LLLTYLLAVLLGLLLAALILI,GAS,void,,,,,,,,,,,3641.99,4578.37,53.4488,96.7565,3743.51,4679.26,142.404,279.509,-17.912,1.1e+17,16,F,32.7063,74.73691284,3545.2335,3464.001,81.2325,0.0,0.4846359965365395,0.0268411581134539,G,LLLTYLLAVLLGLLLAFLILI,43.956978176764416
LLLALLLGLLLGVLLSTLILI,LLLAALLGLLLGVLLSTLILI,GAS,void,,,,,,,,,,,3205.01,3892.91,54.7666,63.3809,3206.43,3987.77,124.457,124.097,-14.0089,1.1e+17,4,L,75.0943,45.77057841,3141.6291,3082.333,59.2961,0.0,1.1477760067232663,0.10230758156678979,G,LLLAALLALLLGVLLGTLILI,104.10445208344012
LLLYLLLGALLAFLLSTLILI,LLLYLLLGALLAALLSTLILI,GAS,void,,,,,,,,,,,3461.44,4084.41,50.2728,71.3383,3515.52,4208.62,149.571,223.87,-12.4366,1.1e+17,12,F,58.4837,54.95085579,3390.1017,3291.65,98.4517,0.0,0.1907419179880273,0.015691299318915112,G,LLLYLLLGALLAFLLSTLILI,17.30048610980913
LLLYLLLGALLAFLLSTLILI,LLLALLLGALLAFLLSTLILI,GAS,void,,,,,,,,,,,3380.32,4021.07,63.7835,66.755,3515.52,4208.62,183.699,287.159,-12.4366,1.1e+17,3,Y,102.9758,39.32992716,3313.565,3228.361,85.204,0.0,0.4077606217672836,0.02072477359724301,G,LLLYLLLGALLAFLLSTLILI,36.984303436934205
LLLTFLLAILLGLLLGVLILI,LLLTALLAILLGLLLGVLILI,GAS,void,,,,,,,,,,,3477.18,4492.97,49.6047,43.7773,3448.38,4608.95,145.876,124.99,-16.1931,1.1e+17,4,F,94.6979,31.61381966,3433.4027,3323.39,110.0127,0.0,0.4133303043992382,0.012009763561647941,G,LLLYTLLAILLGLLLGFLILI,37.489479320801664
LLLTFLLAILLGLLLGVLILI,LLLTFLLAALLGLLLGVLILI,GAS,void,,,,,,,,,,,3489.25,4622.95,44.1322,51.0532,3448.38,4608.95,67.6845,74.022,-16.1931,1.1e+17,8,I,80.2764,38.87409997,3438.1968,3374.358,63.8388,0.0,0.4227198893079234,0.023962000491204477,G,LLLTVLLAILLGLLLGFLILI,38.341124229288845
LLLAFLLGILLGLLLGTLILI,LLLAALLGILLGLLLGTLILI,GAS,void,,,,,,,,,,,3535.67,4479.3,55.7038,67.7656,3508.73,4579.29,144.992,143.805,-25.8973,1.1e+17,4,F,70.7096,48.93699377,3467.9044,3364.925,102.9794,0.0,1.3577633546851096,0.02661094706973215,G,LLLAALLALLLGVLLGTLILI,123.15051828100007
LLLYFLLGTLLGALLGLLILI,LLLYFLLGTLLGALLGALILI,GAS,void,,,,,,,,,,,3355.59,4078.84,59.2783,86.6294,3354.53,4149.2,120.98,143.906,-33.2671,1.1e+17,16,L,42.8334,66.91451135,3268.9606,3210.624,58.3366,0.0,2.4202418864572093,0.2249951911258722,G,LLLYFLLGVLLGTLLGLLILI,219.51840256560385
LLLSYLLGLLLGFLLGTLILI,LLLSALLGLLLGFLLGTLILI,GAS,void,,,,,,,,,,,3314.78,3971.05,54.4552,61.2422,3283.42,4128.26,163.055,144.731,-25.6118,1.1e+17,4,Y,77.233,44.22611413,3253.5378,3138.689,114.8488,0.0,1.1709411649003416,0.008919355497077334,G,LLLAALLALLLGVLLGTLILI,106.2055555089555
LLLSYLLGLLLGFLLGTLILI,LLLSYLLGLLLGALLGTLILI,GAS,void,,,,,,,,,,,3219.38,3983.63,60.0887,99.551,3283.42,4128.26,160.557,258.924,-25.6118,1.1e+17,12,F,30.271,76.6826886,3119.829,3024.496,95.333,0.0,0.8751787357716054,0.058184614384647296,G,LLLSYLLGLLLGTLLGFLILI,79.37960214265726
LLLTALLLALLFGLLFSLILI,LLLTALLLALLAGLLFSLILI,GAS,void,,,,,,,,,,,3669.16,4542.33,60.3873,49.5174,3638.03,4684.01,158.926,130.892,-11.773,1.1e+17,11,F,80.7504,38.01200297,3619.6426,3507.138,112.5046,0.0,0.2406825910653607,0.02173905800657383,G,LLLTSLLLALLFGLLFALILI,21.830155990465126
LLLTALLLALLFGLLFSLILI,LLLTALLLALLFGLLASLILI,GAS,void,,,,,,,,,,,3663.41,4617.86,36.1611,19.6603,3638.03,4684.01,121.008,95.3527,-11.773,1.1e+17,15,F,110.0601,15.15590455,3643.7497,3542.6773,101.0724,0.0,0.3057955168942703,0.01621327516411398,G,LLLTSLLLALLFGLLFALILI,27.735964638896515
LLLTYLLAILLGLLLGFLILI,LLLTALLAILLGLLLGFLILI,GAS,void,,,,,,,,,,,3722.98,4554.17,47.0488,53.7485,3646.38,4606.61,126.287,86.2262,-17.9908,1.1e+17,4,Y,89.9688,35.02894381,3669.2315,3560.1538,109.0777,0.0,0.1607295310956771,0.00802666557744046,G,LLLTYLLAVLLGLLLAFLILI,14.578332070307892
LLLTYLLAILLGLLLGFLILI,LLLTYLLAILLGLLLGALILI,GAS,void,,,,,,,,,,,3573.02,4501.99,44.3224,86.0528,3646.38,4606.61,138.067,255.294,-17.9908,1.1e+17,16,F,43.41,66.46913245,3486.9672,3391.086,95.8812,0.0,0.654737701919841,0.04013885404737578,G,LLLTYLLAVLLGLLLAFLILI,59.3853759945077
LLLSYLLVLLLGFLLGTLILI,LLLSYLLVLLLGALLGTLILI,GAS,void,,,,,,,,,,,3157.5,4034.88,60.7286,52.979,3154.78,4179.68,160.924,147.819,-47.5636,1.1e+17,12,F,76.843,40.8089538,3104.521,3006.961,97.56,0.0,0.7563664428286289,0.04976950252755422,G,LLLSYLLGLLLGTLLGFLILI,68.60320623861921
LLLYSLLALLLGTLLGFLILI,LLLYSLLAALLGTLLGFLILI,GAS,void,,,,,,,,,,,3432.32,4114.94,58.6647,45.8915,3405.39,4186.92,119.971,81.5046,-21.3296,1.1e+17,8,L,85.4381,34.94375982,3386.4285,3323.8854,62.5431,0.0,0.1973088630982125,0.019090479645326668,G,LLLYSLLALLLGTLLGFLILI,17.89611471552425
LLLYSLLALLLGTLLGFLILI,LLLASLLALLLGTLLGFLILI,GAS,void,,,,,,,,,,,3229.74,3991.86,65.1209,91.5937,3405.39,4186.92,186.982,324.375,-21.3296,1.1e+17,3,Y,78.1371,53.9641008,3138.1463,3081.015,57.1313,0.0,0.0922314402870514,0.012129497880573492,G,LLLAGLLFLLLGTLLGSLILI,8.365485512597076
LLLALLLTVLLGGLLFSLILI,LLLALLLTVLLGGLLASLILI,GAS,void,,,,,,,,,,,3232.21,3908.43,64.4977,45.299,3238.16,4080.12,169.658,138.844,-6.42133,1.1e+17,15,F,84.4214,34.92049053,3186.911,3099.316,87.595,0.0,0.2654507860713804,0.023626089666260463,G,LLLALLLTVLLGGLLFSLILI,24.07665648803056
LLLALLLTVLLGGLLFSLILI,LLLAALLTVLLGGLLFSLILI,GAS,void,,,,,,,,,,,3256.47,3992.65,58.3983,75.9539,3238.16,4080.12,126.71,107.546,-6.42133,1.1e+17,4,L,62.5213,54.85018256,3180.5161,3130.614,49.9021,0.0,0.2250316977009787,0.02438718160460411,G,LLLALLLTVLLGGLLFSLILI,20.41060403191981
LLLGYLLFLLLGVLLASLILI,LLLGALLFLLLGVLLASLILI,GAS,void,,,,,,,,,,,3203.9,3990.06,50.5756,58.7758,3186.76,4132.2,158.598,166.936,-20.4809,1.1e+17,4,Y,79.6994,42.44500098,3145.1242,3019.824,125.3002,0.0,0.5068035868372495,0.03436768038210871,G,LLLAGLLFLLLGVLLATLILI,45.96760118051047
LLLGYLLFLLLGVLLASLILI,LLLGYLLFALLGVLLASLILI,GAS,void,,,,,,,,,,,3207.1,4083.27,61.9566,21.8835,3186.76,4132.2,115.315,52.7218,-20.4809,1.1e+17,8,L,109.4461,16.66303712,3185.2165,3134.0382,51.1783,0.0,0.3000670560624204,0.0240746490138917,G,LLLYGLLFLLLGVLLASLILI,27.216387410684806
LLLTALLVGLLGLLLGFLILI,LLLTALLVGLLGLLLGALILI,GAS,void,,,,,,,,,,,3796.99,4493.89,45.2023,65.0449,3829.34,4594.78,137.77,209.004,-6.9713,1.1e+17,16,F,64.4179,50.2421545,3731.9451,3620.336,111.6091,0.0,0.3239135280245171,0.030537013556519207,G,LLLTALLVGLLGGLLFLLILI,29.379286689982724
LLLTALLVGLLGLLLGFLILI,LLLTALLVGLLGALLGFLILI,GAS,void,,,,,,,,,,,3853.61,4501.86,63.1509,47.7301,3829.34,4594.78,131.999,82.7721,-6.9713,1.1e+17,12,L,82.0919,36.76580241,3805.8799,3746.5679,59.312,0.0,0.3591175006234076,0.030486236944211407,G,LLLTALLVGLLGGLLFLLILI,32.57232283736714
LLLYVLLGLLLGTLLAFLILI,LLLYVLLGLLLGTLLAALILI,GAS,void,,,,,,,,,,,3631.71,4615.7,41.3867,80.7265,3721.3,4717.76,134.317,258.708,-25.0517,1.1e+17,16,F,48.7363,62.35497765,3550.9835,3462.592,88.3915,0.0,0.2862558980122651,0.04229176382450283,G,LLLYVLLTLLLGALLAFLILI,25.96370131773019
LLLYVLLGLLLGTLLAFLILI,LLLAVLLGLLLGTLLAFLILI,GAS,void,,,,,,,,,,,3601.83,4550.05,66.112,75.0632,3721.3,4717.76,180.243,280.017,-25.0517,1.1e+17,3,Y,94.6676,44.22485489,3526.7668,3441.283,85.4838,0.0,0.8012515607008674,0.04495153108741639,G,LLLTVLLGILLGLLLAFLILI,72.67433211633293
LLLSSLLALLLGTLLGFLILI,LLLSSLLAALLGTLLGFLILI,GAS,void,,,,,,,,,,,3215.13,3936.52,59.6195,50.3604,3211.37,4006.18,120.081,101.229,-24.8316,1.1e+17,8,L,80.9692,38.34657229,3164.7696,3110.141,54.6286,0.0,0.3884568078333754,0.03245430285124997,G,LLLYSLLALLLGTLLGFLILI,35.23342786457637
LLLSSLLALLLGTLLGFLILI,LLLSSLLALLLGTLLGALILI,GAS,void,,,,,,,,,,,3066.33,3859.62,56.8069,108.647,3211.37,4006.18,155.739,306.206,-24.8316,1.1e+17,16,F,20.8158,83.92140445,2957.683,2905.164,52.519,0.0,0.2544762587331801,0.03330716151356481,G,LLLYSLLALLLGTLLGFLILI,23.081255687939127
LLLYVLLALLLGTLLGFLILI,LLLYVLLALLLGTLLGALILI,GAS,void,,,,,,,,,,,3621.25,4624.69,42.3231,83.4025,3723.99,4728.28,135.763,269.314,-20.6671,1.1e+17,16,F,46.0603,64.42198068,3537.8475,3454.676,83.1715,0.0,0.2130308899259098,0.025385504191206408,G,LLLYSLLALLLGTLLGFLILI,19.32211855159608
LLLYVLLALLLGTLLGFLILI,LLLAVLLALLLGTLLGFLILI,GAS,void,,,,,,,,,,,3599.96,4566.52,60.2304,88.6858,3723.99,4728.28,173.773,293.815,-20.6671,1.1e+17,3,Y,81.045,52.25085842,3511.2742,3430.175,81.0992,0.0,0.2492079326850318,0.01887858842238347,G,LLLAGLLFLLLGTLLGSLILI,22.603413152961288
LLLGLLLGALLGTLLSFLILI,LLLGALLGALLGTLLSFLILI,GAS,void,,,,,,,,,,,3635.24,4391.59,57.6141,44.5021,3619.28,4440.06,112.228,88.6375,-19.0839,1.1e+17,4,L,93.9731,32.13723468,3590.7379,3530.6425,60.0954,0.0,1.1543863935788123,0.08226392907848183,G,LLLYALLALLLGTLLSFLILI,104.704020899677
LLLYGLLFLLLGVLLATLILI,LLLYGLLFALLGVLLATLILI,GAS,void,,,,,,,,,,,3812.22,4734.25,61.9889,23.9365,3787.24,4795.83,120.022,61.4478,-24.1814,1.1e+17,8,L,107.3931,18.22627953,3788.2835,3725.7922,62.4913,0.0,0.2442586191431028,0.02504784584706411,G,LLLAGLLFLLLGVLLATLILI,22.154505377007144
LLLYLLLGALLGFLLSTLILI,LLLALLLGALLGFLLSTLILI,GAS,void,,,,,,,,,,,3271.26,4003.26,63.9584,47.0284,3346.57,4193.95,185.367,237.824,-31.7777,1.1e+17,3,Y,122.7024,27.70764057,3224.2316,3108.746,115.4856,0.0,1.2044757157782786,0.11673113978025422,G,LLLYLLLGALLAFLLSTLILI,109.24717340701424
LLLYLLLAILLGFLLSTLILI,LLLYLLLAILLGALLSTLILI,GAS,void,,,,,,,,,,,3436.68,4156.01,50.388,50.5881,3442.43,4284.54,147.802,159.502,-21.7761,1.1e+17,12,F,79.2339,38.96727827,3386.0919,3282.928,103.1639,0.0,0.3133033038821913,0.02902835919739069,G,LLLYLLLAVLLGTLLSFLILI,28.416928560566244
LLLTVLLLGLLFGLLFALILI,LLLTVLLLGLLFGLLAALILI,GAS,void,,,,,,,,,,,3754.82,4625.61,36.1159,21.9412,3716.9,4694.99,121.435,89.2792,-18.1386,1.1e+17,15,F,107.7792,16.91422475,3732.8788,3627.6208,105.258,0.0,0.4327291138147677,0.03712298339081452,G,LLLTVLLLGLLFGLLFALILI,39.24897108003452
LLLTVLLLGLLFGLLFALILI,LLLTVLLLGLLAGLLFALILI,GAS,void,,,,,,,,,,,3754.55,4551.87,59.7363,51.0587,3716.9,4694.99,158.454,116.273,-18.1386,1.1e+17,11,F,79.2091,39.195181,3703.4913,3600.627,102.8643,0.0,0.5765248613066078,0.026853235088425173,G,LLLTVLLLGLLFGLLFALILI,52.29139174127771
LLLAYLLFLLLGVLLGSLILI,LLLAALLFLLLGVLLGSLILI,GAS,void,,,,,,,,,,,3155.4,3927.52,45.8585,35.238,3121.82,4077.76,157.805,140.036,-31.4659,1.1e+17,4,Y,103.2372,25.44715588,3120.162,2981.784,138.378,0.0,0.2562878273302635,0.023167885210482422,G,LLLAGLLFLLLGTLLGSLILI,23.24556680361521
LLLAYLLFLLLGVLLGSLILI,LLLAYLLFALLGVLLGSLILI,GAS,void,,,,,,,,,,,3145.76,4018.37,63.759,38.7908,3121.82,4077.76,120.635,82.1012,-31.4659,1.1e+17,8,L,92.5388,29.53698176,3106.9692,3039.7188,67.2504,0.0,0.2709430998573445,0.025314764934833686,G,LLLAGLLFLLLGTLLGSLILI,24.57481493881613
LLLSYLLGTLLGLLLAFLILI,LLLSYLLGTLLGLLLAALILI,GAS,void,,,,,,,,,,,3197.14,4020.24,58.6517,114.34,3343.41,4166.99,158.534,313.543,-13.4407,1.1e+17,16,F,15.1228,88.31880664,3082.8,3029.867,52.933,0.0,1.0108927763240492,0.14315108376887084,G,LLLFYLLGVLLGLLLASLILI,91.68900375846256
LLLFSLLTALLGLLLGVLILI,LLLASLLTALLGLLLGVLILI,GAS,void,,,,,,,,,,,3119.2,3885.57,58.9837,107.66,3213.64,4025.25,161.278,283.363,-19.8404,1.1e+17,3,F,62.0708,63.42985481,3011.54,2930.277,81.263,0.0,0.3640127549901027,0.02534872365183838,G,LLLASLLTLLLGYLLGVLILI,33.016327391102976
LLLFSLLTALLGLLLGVLILI,LLLFSLLTALLGALLGVLILI,GAS,void,,,,,,,,,,,3232.38,3947.6,64.103,57.0655,3213.64,4025.25,127.297,96.6578,-19.8404,1.1e+17,12,L,72.7565,43.95672536,3175.3145,3116.9822,58.3323,0.0,0.269041944287761,0.026251171234828025,G,LLLASLLTLLLGYLLGVLILI,24.40237819354743
LLLYVLLTLLLGGLLFALILI,LLLYVLLTALLGGLLFALILI,GAS,void,,,,,,,,,,,3895.83,4656.08,63.4441,30.6634,3877.95,4701.31,116.983,64.0356,-9.69791,1.1e+17,8,L,100.6662,23.34843021,3865.1666,3813.9144,51.2522,0.0,0.272938661868109,0.0020250805308055873,G,LLLYVLLTLLLGGLLFALILI,24.75581444439236
LLLTSLLVGLLAYLLGLLILI,LLLTSLLVGLLAALLGLLILI,GAS,void,,,,,,,,,,,3211.09,3890.38,52.711,47.4703,3186.99,4079.63,171.48,126.818,-9.47755,1.1e+17,12,Y,82.3517,36.56568224,3163.6197,3060.172,103.4477,0.0,0.3113545254603108,0.024106164598243666,G,LLLASLLVGLLFLLLGLLILI,28.24017237412088
LLLTSLLVGLLAYLLGLLILI,LLLTSLLVGLLAYLLGALILI,GAS,void,,,,,,,,,,,3187.43,4022.29,59.3629,103.745,3186.99,4079.63,116.903,172.334,-9.47755,1.1e+17,16,L,25.7178,80.13498858,3083.685,3014.656,69.029,0.0,0.2696929443359861,0.01774073499965439,G,LLLTSLLVGLLAYLLGLLILI,24.461424560547417
LLLTLLLGLLLGFLLSALILI,LLLTLLLGLLLGALLSALILI,GAS,void,,,,,,,,,,,3640.93,4545.33,54.7924,101.301,3641.07,4705.24,159.101,209.978,-28.6058,1.1e+17,12,F,28.521,78.03068817,3539.629,3431.092,108.537,0.0,2.5643683699728204,0.2649588070004185,G,LLLTVLLGLLLGFLLSALILI,232.59082132084555
LLLTLLLGLLLGFLLSALILI,LLLTALLGLLLGFLLSALILI,GAS,void,,,,,,,,,,,3661.61,4643.04,52.6169,50.0067,3641.07,4705.24,111.145,98.187,-28.6058,1.1e+17,4,L,88.4685,36.11238691,3611.6033,3542.883,68.7203,0.0,1.1875885789462912,0.04498159417863668,G,LLLTALLALLLGVLLSILILI,107.71549290763612
LLLAFLLGTLLGVLLGLLILI,LLLAALLGTLLGVLLGLLILI,GAS,void,,,,,,,,,,,3529.36,4423.32,59.6063,58.2159,3495.32,4567.44,159.849,128.071,-38.3782,1.1e+17,4,F,80.2593,42.04066865,3471.1441,3367.249,103.8951,0.0,0.9122334364004993,0.07438717561821176,G,LLLAALLALLLGVLLGTLILI,82.74050120614235
LLLTVLLGALLGILLSLLILI,LLLTVLLGALLGILLSALILI,GAS,void,,,,,,,,,,,3679.44,4450.45,41.3947,82.2099,3660.03,4470.03,89.2853,140.818,-19.4822,1.1e+17,16,L,47.2529,63.50078942,3597.2301,3519.212,78.0181,0.0,0.5368172972325581,0.03197923059487776,G,LLLTVLLGALLGILLSLLILI,48.68987526307718
LLLTVLLGALLGILLSLLILI,LLLTVLLGALLGALLSLLILI,GAS,void,,,,,,,,,,,3691.32,4454.69,48.1015,38.6362,3660.03,4470.03,87.8454,81.3724,-19.4822,1.1e+17,12,I,91.1858,29.76090339,3652.6838,3578.6576,74.0262,0.0,2.1730434130547867,0.15561013723572906,G,LLLFVLLTILLGALLSLLILI,197.09724941492053
LLLYLLLGILLGFLLSTLILI,LLLYLLLGILLGALLSTLILI,GAS,void,,,,,,,,,,,3319.83,4106.89,51.0968,69.8763,3377.12,4235.51,149.106,228.888,-32.077,1.1e+17,12,F,59.9457,53.82469843,3249.9537,3148.232,101.7217,0.0,1.0131589815329305,0.08990232493990122,G,LLLYLLLGALLAFLLSTLILI,91.89455087758444
LLLAGLLYLLLGTLLSFLILI,LLLAGLLALLLGTLLSFLILI,GAS,void,,,,,,,,,,,3765.03,4581.65,59.3647,25.9893,3722.73,4747.82,174.396,146.235,-10.7987,1.1e+17,7,Y,103.6061,20.05418402,3739.0407,3576.495,162.5457,0.0,0.1815057910220333,0.016493609164687336,G,LLLAGLLFLLLGTLLGSLILI,16.462759992922518
LLLTALLVGLLGGLLFLLILI,LLLTALLVGLLGGLLALLILI,GAS,void,,,,,,,,,,,3791.52,4455.06,43.4866,19.992,3779.3,4529.24,127.715,74.337,-20.3721,1.1e+17,15,F,109.7284,15.41160835,3771.528,3704.963,66.565,0.0,0.3634918310944183,0.036760023848356055,G,LLLTALLVGLLGGLLFLLILI,32.96907906353756
LLLTALLVGLLGGLLFLLILI,LLLTALLVGLLGGLLFALILI,GAS,void,,,,,,,,,,,3781.52,4483.42,52.6244,22.1103,3779.3,4529.24,107.657,61.2544,-20.3721,1.1e+17,16,L,107.3525,17.07849668,3759.4097,3718.0456,41.3641,0.0,0.8065509609051552,0.08288343640626644,G,LLLTALLVGLLGGLLFLLILI,73.15499310890173
LLLAYLLVFLLGLLLGSLILI,LLLAALLVFLLGLLLGSLILI,GAS,void,,,,,,,,,,,3149.32,3945.76,52.4908,74.6408,3107.04,4113.64,169.786,147.142,-33.0247,1.1e+17,4,Y,63.8344,53.90192612,3074.6792,2959.898,114.7812,0.0,0.8751253327688774,0.051260579683613375,G,LLLAYLLTILLGLLLGSLILI,79.37475843595311
LLLAYLLVFLLGLLLGSLILI,LLLAYLLVALLGLLLGSLILI,GAS,void,,,,,,,,,,,3140.87,4022.96,51.1375,38.5386,3107.04,4113.64,138.636,85.4606,-33.0247,1.1e+17,8,F,92.791,29.34494585,3102.3314,3021.5794,80.752,0.0,0.5666601536119883,0.03641135992270958,G,LLLAYLLTILLGLLLGSLILI,51.39665271249848
LLLALLLGVLLGTLLGFLILI,LLLAALLGVLLGTLLGFLILI,GAS,void,,,,,,,,,,,3584.38,4488.21,63.7867,58.5116,3565.14,4558.7,124.561,102.717,-31.9796,1.1e+17,4,L,79.9636,42.2542087,3525.8684,3462.423,63.4454,0.0,0.8967227420042992,0.048779718771075065,G,LLLALLLGFLLGTLLGVLILI,81.33366543671386
LLLALLLGVLLGTLLGFLILI,LLLALLLGVLLGALLGFLILI,GAS,void,,,,,,,,,,,3581.31,4527.45,61.9853,98.0757,3565.14,4558.7,89.1574,122.381,-31.9796,1.1e+17,12,T,31.7463,75.54628645,3483.2343,3442.759,40.4753,0.0,1.0872122180822377,0.07315007599420928,G,LLLALLLGFLLGTLLGVLILI,98.61125480832776
LLLYGLLFALLGTLLSLLILI,LLLYGLLAALLGTLLSLLILI,GAS,void,,,,,,,,,,,3812.87,4581.66,63.8902,35.6001,3792.4,4765.22,170.426,99.5794,-15.871,1.1e+17,7,F,93.9953,27.47018799,3777.2699,3692.8206,84.4493,0.0,0.3254023509401461,0.038361783289096965,G,LLLYALLALLLGTLLSFLILI,29.514324443841428
LLLYGLLFALLGTLLSLLILI,LLLYGLLFALLGTLLSALILI,GAS,void,,,,,,,,,,,3802.16,4745.78,42.0474,80.4805,3792.4,4765.22,89.5368,144.368,-15.871,1.1e+17,16,L,48.9823,62.16496167,3721.6795,3648.032,73.6475,0.0,0.2499800897723457,0.030810380522860795,G,LLLYALLFLLLGTLLSILILI,22.673448586727364
LLLYFLLGVLLGTLLGLLILI,LLLYALLGVLLGTLLGLLILI,GAS,void,,,,,,,,,,,3303.83,4009.95,65.9063,65.9294,3274.57,4173.53,167.177,147.607,-28.7978,1.1e+17,4,F,72.5458,47.61098016,3237.9006,3126.963,110.9376,0.0,0.310071515716497,0.018523507668588263,G,LLLYALLALLLGTLLGFLILI,28.12380208443451
LLLVTLLLGLLFGLLFALILI,LLLVTLLLGLLFGLLAALILI,GAS,void,,,,,,,,,,,3676.72,4640.84,36.1601,23.2061,3644.34,4713.22,122.38,94.2328,-19.0276,1.1e+17,15,F,106.5143,17.88932196,3653.5139,3550.1072,103.4067,0.0,0.7856981488044171,0.03867316296082605,G,LLLTVLLLGLLFGLLFALILI,71.26362182615138
LLLYILLGLLLGTLLAFLILI,LLLYALLGLLLGTLLAFLILI,GAS,void,,,,,,,,,,,3537.57,4193.75,57.7392,52.4285,3498.87,4235.61,108.796,98.3619,-25.5412,1.1e+17,4,I,86.0467,37.86129213,3485.1415,3400.5081,84.6334,0.0,0.2889605513127879,0.012399117755584816,G,LLLYSLLALLLGTLLGFLILI,26.20901612504214
LLLYILLGLLLGTLLAFLILI,LLLAILLGLLLGTLLAFLILI,GAS,void,,,,,,,,,,,3321.46,4043.08,67.386,87.6884,3498.87,4235.61,189.36,324.654,-25.5412,1.1e+17,3,Y,82.0424,51.663222,3233.7716,3174.216,59.5556,0.0,0.7052788036834272,0.05262263119006584,G,LLLSYLLGLLLGTLLGFLILI,63.96950536815832
LLLYALLTALLGLLLGFLILI,LLLYALLTALLGLLLGALILI,GAS,void,,,,,,,,,,,3873.15,4642.65,45.3822,58.4888,3871.33,4743.02,137.848,162.183,-11.4161,1.1e+17,16,F,70.974,45.17807432,3814.6612,3709.147,105.5142,0.0,0.3362124546002613,0.03991016855703602,G,LLLVALLFALLGLLLGTLILI,30.49481184897048
LLLYALLTALLGLLLGFLILI,LLLYALLTALLGALLGFLILI,GAS,void,,,,,,,,,,,3907.25,4660.94,65.1163,38.5492,3871.33,4743.02,130.076,68.8776,-11.4161,1.1e+17,12,L,91.2728,29.69388856,3868.7008,3802.4524,66.2484,0.0,0.2529812647490226,0.011176853015890604,G,LLLYALLALLLGTLLGFLILI,22.94565821188361
LLLTALLIGLLFGLLVLLILI,LLLTALLIGLLAGLLVLLILI,GAS,void,,,,,,,,,,,3721.34,4483.48,56.2179,44.6265,3693.01,4636.71,157.794,124.434,-12.4399,1.1e+17,11,F,85.6413,34.25750646,3676.7135,3568.576,108.1375,0.0,0.3250929051468788,0.026215096630195615,G,LLLTALLVGLLGGLLFLLILI,29.48625739542004
LLLTALLIGLLFGLLVLLILI,LLLTALLAGLLFGLLVLLILI,GAS,void,,,,,,,,,,,3735.28,4593.29,56.9185,68.566,3693.01,4636.71,106.888,113.075,-12.4399,1.1e+17,7,I,61.0294,52.9077421,3666.714,3579.935,86.779,0.0,0.2374758371605116,0.016409519431183094,G,LLLTALLVGLLGGLLFLLILI,21.539300147273384
LLLFYLLGVLLGLLLASLILI,LLLFALLGVLLGLLLASLILI,GAS,void,,,,,,,,,,,3218.83,3994.93,63.8346,44.3173,3187.04,4209.22,185.386,136.632,-17.4846,1.1e+17,4,Y,94.1579,32.00378118,3174.5127,3050.408,124.1047,0.0,0.767090718712921,0.04611706936149403,G,LLLFYLLGVLLGLLLASLILI,69.57590897712058
LLLFYLLGVLLGLLLASLILI,LLLAYLLGVLLGLLLASLILI,GAS,void,,,,,,,,,,,3229.58,4032.07,68.5373,83.5451,3187.04,4209.22,173.541,113.106,-17.4846,1.1e+17,3,F,86.1857,49.22212115,3146.0349,3073.934,72.1009,0.0,1.857247246861743,0.24598833116960286,G,LLLTYLLAVLLGLLLAFLILI,168.45421570537874
LLLVGLLFALLGILLTLLILI,LLLVGLLAALLGILLTLLILI,GAS,void,,,,,,,,,,,3615.23,4453.27,60.6485,34.3223,3597.7,4635.98,167.141,103.055,-27.9109,1.1e+17,7,F,95.2731,26.4841962,3580.9077,3494.645,86.2627,0.0,0.3525472702784863,0.03243442887102787,G,LLLYGLLFALLGILLTLLILI,31.976396257517543
LLLSYLLALLLGFLLGTLILI,LLLSALLALLLGFLLGTLILI,GAS,void,,,,,,,,,,,3210.14,3997.94,49.9793,80.8827,3172.43,4167.78,164.552,173.487,-39.7676,1.1e+17,4,Y,57.5925,58.40952026,3129.2573,2998.943,130.3143,0.0,0.5957773401146605,0.04035537585809651,G,LLLAALLALLLGVLLGTLILI,54.03761116546855
LLLYLLLGFLLGTLLGSLILI,LLLALLLGFLLGTLLGSLILI,GAS,void,,,,,,,,,,,3097.89,3988.24,64.1843,36.6652,3208.86,4178.01,185.049,249.123,-27.7766,1.1e+17,3,Y,133.0656,21.60197206,3061.2248,2959.737,101.4878,0.0,1.1262977816884634,0.008181055662311112,G,LLLAGLLFLLLGTLLGSLILI,102.15635521098814
LLLYFLLGLLLGVLLSTLILI,LLLAFLLGLLLGVLLSTLILI,GAS,void,,,,,,,,,,,3151.42,3966.02,68.1253,49.1413,3244.87,4157.35,189.287,249.55,-39.1721,1.1e+17,3,Y,120.5895,28.95249418,3102.2787,2995.32,106.9587,0.0,1.3492004243935454,0.07242229252699835,G,LLLAALLALLLGVLLGTLILI,122.37385178770326
LLLYFLLGLLLGVLLSTLILI,LLLYALLGLLLGVLLSTLILI,GAS,void,,,,,,,,,,,3273.92,4073.89,54.9409,43.5297,3244.87,4157.35,137.413,100.433,-39.1721,1.1e+17,4,F,94.9455,31.43501508,3230.3903,3144.437,85.9533,0.0,0.7364858614355317,0.03762896013971404,G,LLLYALLFLLLGTLLSILILI,66.80001727064524
LLLSYLLVLLLGALLGFLILI,LLLSALLVLLLGALLGFLILI,GAS,void,,,,,,,,,,,3264.83,3997.02,45.2229,74.2478,3224.86,4150.96,157.897,156.978,-45.7637,1.1e+17,4,Y,64.2274,53.61812079,3190.5822,3067.882,122.7002,0.0,0.0870661978263497,0.010758491232733411,G,LLLYALLALLLGTLLGFLILI,7.896992763925151
LLLSYLLVLLLGALLGFLILI,LLLSYLLVLLLGALLGALILI,GAS,void,,,,,,,,,,,3140.67,4005.21,59.0,89.7523,3224.86,4150.96,158.415,253.803,-45.7637,1.1e+17,16,F,39.7105,69.32671007,3050.9177,2971.057,79.8607,0.0,0.8800067587371948,0.014558948708842256,G,LLLSYLLGLLLGTLLGFLILI,79.81750873988074
LLLTLLLGALLGFLLSILILI,LLLTALLGALLGFLLSILILI,GAS,void,,,,,,,,,,,3271.89,3946.06,69.2316,58.0525,3280.11,4036.67,136.474,122.625,-28.4404,1.1e+17,4,L,80.4227,41.92266919,3213.8375,3157.485,56.3525,0.0,2.218972261500489,0.07163255855166137,G,LLLTVLLGALLGILLSLLILI,201.2630427180176
LLLTSLLFALLGILLALLILI,LLLTSLLFALLGILLAALILI,GAS,void,,,,,,,,,,,3183.06,4038.39,55.8824,106.223,3191.82,4082.77,108.933,186.1,-7.15644,1.1e+17,16,L,23.2398,82.04905193,3076.837,3005.72,71.117,0.0,0.2670837724548154,0.036318256574837726,G,LLLTSLLFALLGLLLGVLILI,24.224770015157286
LLLYVLLTLLLGALLGFLILI,LLLYVLLTALLGALLGFLILI,GAS,void,,,,,,,,,,,3443.11,4157.31,59.5431,33.3922,3437.72,4204.09,113.185,82.9385,-32.8267,1.1e+17,8,L,97.9374,25.42625577,3409.7178,3354.7815,54.9363,0.0,0.1785585809164394,0.024353560339621737,G,LLLYVLLTLLLGALLAFLILI,16.195445036502104
LLLTSLLLALLFGLLFALILI,LLLTSLLLALLAGLLFALILI,GAS,void,,,,,,,,,,,3695.07,4566.83,60.042,50.2764,3669.84,4713.45,159.472,136.956,-19.7661,1.1e+17,11,F,79.9914,38.59464887,3644.7936,3532.884,111.9096,0.0,0.3631536142430751,0.05012905731691742,G,LLLTVLLLGLLFGLLFALILI,32.938402450863805
LLLTSLLLALLFGLLFALILI,LLLTSLLLALLFGLLAALILI,GAS,void,,,,,,,,,,,3695.6,4639.2,41.4838,31.6247,3669.84,4713.45,125.949,105.012,-19.7661,1.1e+17,15,F,98.0957,24.37912618,3663.9753,3564.828,99.1473,0.0,0.2732391533109853,0.032647404835400635,G,LLLTVLLLGLLFGLLFALILI,24.783069324119023
LLLAVLLIGLLFGLLSTLILI,LLLAVLLIGLLAGLLSTLILI,GAS,void,,,,,,,,,,,3772.3,4492.33,57.2547,45.1616,3741.17,4647.47,158.783,123.306,-13.9917,1.1e+17,11,F,85.1062,34.66827566,3727.1384,3617.864,109.2744,0.0,0.432467457524923,0.03338188826811456,G,LLLAVLLIGLLFGLLSTLILI,39.225238588216506
LLLAVLLIGLLFGLLSTLILI,LLLAVLLAGLLFGLLSTLILI,GAS,void,,,,,,,,,,,3755.22,4592.53,58.6102,75.3199,3741.17,4647.47,112.32,146.036,-13.9917,1.1e+17,7,I,54.2755,58.11926967,3679.9001,3595.134,84.7661,0.0,0.470067792457235,0.02450535162353565,G,LLLAVLLIGLLFGLLSTLILI,42.63562723840019
LLLASLLTLLLGYLLGVLILI,LLLASLLTLLLGALLGVLILI,GAS,void,,,,,,,,,,,3178.4,3871.06,64.6296,58.781,3133.79,4034.05,172.964,119.219,-16.6594,1.1e+17,12,Y,71.041,45.27815008,3119.619,3014.571,105.048,0.0,0.3248821681918529,0.023154961428834844,G,LLLASLLTLLLGYLLGVLILI,29.46714333909877
LLLASLLTLLLGYLLGVLILI,LLLASLLTALLGYLLGVLILI,GAS,void,,,,,,,,,,,3143.68,3978.85,48.8508,17.1976,3133.79,4034.05,105.207,56.3111,-16.6594,1.1e+17,8,L,114.132,13.09499153,3126.4824,3077.4789,49.0035,0.0,0.3723121450884323,0.027624304316938873,G,LLLASLLTLLLGYLLGVLILI,33.76909052062677
LLLAYLLGVLLGLLLSFLILI,LLLAALLGVLLGLLLSFLILI,GAS,void,,,,,,,,,,,3734.97,4559.46,68.222,71.7128,3683.53,4783.62,192.74,150.914,-22.7425,1.1e+17,4,Y,66.7624,51.78746808,3663.2572,3532.616,130.6412,0.0,1.2527315545715254,0.08568819110742437,G,LLLALLLGVLLGTLLGFLILI,113.62402710318058
LLLYLLLGALLGALLTFLILI,LLLYLLLGALLGALLTALILI,GAS,void,,,,,,,,,,,3732.74,4665.88,47.1936,76.4661,3808.41,4744.81,133.506,247.698,-23.6808,1.1e+17,16,F,52.9967,59.06414816,3656.2739,3560.712,95.5619,0.0,1.2344054637469526,0.17482617355893493,G,LLLYSLLFALLGALLTLLILI,111.9618320120233
LLLTVLLGLLLGLLLGFLILI,LLLTVLLGLLLGALLGFLILI,GAS,void,,,,,,,,,,,3741.79,4554.63,64.8453,121.798,3693.35,4628.21,126.582,159.067,-15.3881,1.1e+17,12,L,8.024,93.81922941,3619.992,3534.283,85.709,0.0,0.2881289942746535,0.04153508500082242,G,LLLTVLLAILLGLLLGFLILI,26.1335930552759
LLLTVLLGLLLGLLLGFLILI,LLLTVLLGALLGLLLGFLILI,GAS,void,,,,,,,,,,,3714.73,4575.45,50.6959,44.5816,3693.35,4628.21,106.532,82.8855,-15.3881,1.1e+17,8,L,86.748,33.94634568,3670.1484,3610.4645,59.6839,0.0,0.3360193865947223,0.03000426072602799,G,LLLTVLLAILLGLLLGFLILI,30.47730038435217
LLLVGLLLILLGALLATLILI,LLLVGLLAILLGALLATLILI,GAS,void,,,,,,,,,,,3779.29,4457.16,60.1658,59.7902,3762.94,4515.44,118.048,140.813,-5.24635,1.1e+17,7,L,69.8052,46.13605113,3719.4998,3622.127,97.3728,0.0,0.5692568867837753,0.06519640970884397,G,LLLVGLLLILLGALLATLILI,51.63217905428667
LLLAFLLGLLLGTLLSVLILI,LLLAALLGLLLGTLLSVLILI,GAS,void,,,,,,,,,,,3644.9,4484.75,52.889,49.6401,3616.01,4575.52,140.841,119.613,-17.9955,1.1e+17,4,F,88.8351,35.84764637,3595.2599,3496.397,98.8629,0.0,1.050580933661469,0.07538767149493761,G,LLLYALLFLLLGTLLSILILI,95.28876002589745
LLLTSLLLGLLFALLAYLILI,LLLTSLLLGLLFALLAALILI,GAS,void,,,,,,,,,,,3228.33,4034.3,58.2142,90.763,3232.71,4199.12,169.413,214.811,-21.9286,1.1e+17,16,Y,38.6998,70.10739765,3137.567,3017.899,119.668,0.0,0.2434944266177425,0.02581431356910281,G,LLLTVLLLGLLFGLLFALILI,22.08519233711706
LLLTSLLLGLLFALLAYLILI,LLLTSLLLGLLAALLAYLILI,GAS,void,,,,,,,,,,,3251.47,4035.89,59.1538,39.1064,3232.71,4199.12,163.84,115.805,-21.9286,1.1e+17,11,F,91.1614,30.02000494,3212.3636,3116.905,95.4586,0.0,0.401558198652625,0.05095371175101295,G,LLLTSLLFLLLGALLAYLILI,36.421737347245184
LLLTFLLGVLLGLLLAILILI,LLLTALLGVLLGLLLAILILI,GAS,void,,,,,,,,,,,3603.14,4468.24,64.0396,59.0073,3546.14,4622.22,162.91,124.339,-25.296,1.1e+17,4,F,79.4679,42.61217893,3544.1327,3421.801,122.3317,0.0,1.699582082559106,0.16709653205807753,G,LLLTYLLAVLLGLLLAFLILI,154.1538248222916
LLLLTLLVALLAGLLFSLILI,LLLLTLLVALLAGLLASLILI,GAS,void,,,,,,,,,,,3717.32,4536.03,56.7876,30.0927,3708.25,4653.01,149.193,116.376,-15.113,1.1e+17,15,F,99.6277,23.19812458,3687.2273,3591.874,95.3533,0.0,0.2204766518950575,0.01430438494141957,G,LLLLTLLVALLAGLLFSLILI,19.99745674093037
LLLLTLLVALLAGLLFSLILI,LLLATLLVALLAGLLFSLILI,GAS,void,,,,,,,,,,,3652.1,4595.45,61.7851,123.342,3708.25,4653.01,120.62,239.665,-15.113,1.1e+17,3,L,46.3888,72.66919145,3528.758,3468.585,60.173,0.0,0.307778756940809,0.014110576275208451,G,LLLATLLVGLLFGLLFLLILI,27.915846529775447
LLLATLLVGLLFGLLFLLILI,LLLATLLVGLLAGLLFLLILI,GAS,void,,,,,,,,,,,3222.77,4063.86,56.8954,46.2277,3196.48,4212.74,156.794,124.892,-16.382,1.1e+17,11,F,84.0401,35.4866667,3176.5423,3071.588,104.9543,0.0,0.1651743691561947,0.023667712051189383,G,LLLATLLVGLLFGLLFLLILI,14.981483406613323
LLLATLLVGLLFGLLFLLILI,LLLATLLVGLLFGLLALLILI,GAS,void,,,,,,,,,,,3211.55,4068.88,50.9996,20.2557,3196.48,4212.74,150.035,81.0796,-16.382,1.1e+17,15,F,109.4647,15.61489172,3191.2943,3115.4004,75.8939,0.0,0.5331646033044084,0.030800735864262872,G,LLLASLLVGLLFLLLGLLILI,48.35857220586819
LLLYFLLGVLLGTLLSLLILI,LLLAFLLGVLLGTLLSLLILI,GAS,void,,,,,,,,,,,3222.38,4002.67,68.5809,49.9476,3262.92,4193.44,189.695,222.152,-19.4915,1.1e+17,3,Y,119.7832,29.42754055,3172.4324,3040.768,131.6644,0.0,1.1451788121176585,0.07975303504342991,G,LLLYFLLGVLLGTLLGLLILI,103.86888388913466
LLLYFLLGVLLGTLLSLLILI,LLLYALLGVLLGTLLSLLILI,GAS,void,,,,,,,,,,,3277.17,4052.4,59.0951,55.1921,3262.92,4193.44,158.841,134.577,-19.4915,1.1e+17,4,F,83.2831,39.85702855,3221.9779,3128.343,93.6349,0.0,0.3550552587694405,0.02626223892028835,G,LLLYALLFLLLGTLLSILILI,32.20387336642466
LLLAFLLGTLLGLLLSVLILI,LLLAFLLGTLLGALLSVLILI,GAS,void,,,,,,,,,,,3561.28,4521.19,48.8091,77.3845,3533.91,4565.03,103.051,119.128,-31.4308,1.1e+17,12,L,52.4375,59.60815578,3483.8955,3414.782,69.1135,0.0,3.751411476786114,0.07263497829681727,G,LLLAFLLGLLLGTLLTVLILI,340.2568393508053
LLLYGLLFALLGILLTLLILI,LLLYGLLAALLGILLTLLILI,GAS,void,,,,,,,,,,,3682.08,4555.69,43.8937,28.9653,3651.6,4660.34,133.949,102.18,-19.6027,1.1e+17,7,F,100.6301,22.35056183,3653.1147,3549.42,103.6947,0.0,0.2527497468009622,0.020577278713025126,G,LLLYGLLFALLGILLTLLILI,22.924659298342007
LLLLFLLGILLGTLLASLILI,LLLLALLGILLGTLLASLILI,GAS,void,,,,,,,,,,,3188.0,4006.69,51.3657,63.1234,3166.71,4138.47,149.585,140.534,-16.4292,1.1e+17,4,F,75.3518,45.58462454,3124.8766,3026.176,98.7006,0.0,0.2358399208996032,0.015092004306246307,G,LLLYILLGLLLGTLLASLILI,21.39092087727761
LLLYLLLGALLGTLLFSLILI,LLLYLLLGALLGTLLASLILI,GAS,void,,,,,,,,,,,3456.46,4064.7,63.8017,52.3391,3429.44,4228.17,167.416,132.066,-12.1388,1.1e+17,15,F,77.3813,40.34762458,3404.1209,3297.374,106.7469,0.0,0.5937674810694312,0.07371860396891158,G,LLLYILLGLLLGTLLASLILI,53.855314904314
LLLYLLLGALLGTLLFSLILI,LLLYALLGALLGTLLFSLILI,GAS,void,,,,,,,,,,,3464.52,4132.34,66.3382,54.509,3429.44,4228.17,135.808,99.776,-12.1388,1.1e+17,4,L,83.9662,39.36372722,3410.011,3329.664,80.347,0.0,0.2662161254174285,0.036251775426386995,G,LLLYALLFLLLGTLLGSLILI,24.146073545724324
LLLTVLLASLLGALLFGLILI,LLLTVLLASLLGALLAGLILI,GAS,void,,,,,,,,,,,3730.93,4415.8,45.8046,23.1358,3710.28,4500.45,134.268,113.974,-15.3703,1.1e+17,15,F,106.5846,17.83512848,3707.7942,3596.306,111.4882,0.0,1.4989390699568863,0.21765724138250653,G,LLLTVLLASLLGALLFGLILI,135.9552993530613
LLLYVLLTLLLGTLLAFLILI,LLLYVLLTLLLGTLLAALILI,GAS,void,,,,,,,,,,,3440.49,4103.61,56.3492,99.1151,3479.5,4249.94,155.468,229.309,-13.112,1.1e+17,16,F,30.3477,76.55874892,3341.3749,3250.191,91.1839,0.0,0.27400563273161,0.03204804981468413,G,LLLYVLLTLLLGALLAFLILI,24.85258978773733
LLLYVLLTLLLGTLLAFLILI,LLLYVLLTALLGTLLAFLILI,GAS,void,,,,,,,,,,,3496.23,4207.14,56.7093,41.8723,3479.5,4249.94,108.66,84.3923,-13.112,1.1e+17,8,L,89.4573,31.88336826,3454.3577,3395.1077,59.25,0.0,0.2730086618848049,0.030315328913047015,G,LLLSYLLTVLLGTLLAFLILI,24.7621635171568
LLLTLLLGALLGFLLSILILI,LLLTLLLGALLGFLLSALILI,GAS,void,,,,,,,,,,,3626.47,4591.91,34.7828,67.9611,3612.4,4578.5,60.9817,120.243,-38.4828,1.1e+17,16,I,61.5017,52.49469346,3558.5089,3492.157,66.3519,0.0,1.1880268806127938,0.14325027807268104,G,LLLTVLLGALLGILLSLLILI,107.755247314917
LLLAALLALLLGVLLGTLILI,LLLAALLAALLGVLLGTLILI,GAS,void,,,,,,,,,,,3583.19,4402.83,63.9762,56.4329,3553.03,4473.52,124.546,91.4886,-14.9594,1.1e+17,8,L,74.8967,42.97043469,3526.7571,3461.5414,65.2157,0.0,0.0557148080369696,0.003279814490331867,G,LLLAALLALLLGVLLGTLILI,5.053389798747739
LLLAALLALLLGVLLGTLILI,LLLAALLALLLGALLGTLILI,GAS,void,,,,,,,,,,,3585.32,4454.92,59.9098,88.6078,3553.03,4473.52,84.3464,111.858,-14.9594,1.1e+17,12,V,41.2142,68.25330067,3496.7122,3441.172,55.5402,0.0,0.3943477209626046,0.05229329233379352,G,LLLAALLALLLGVLLGTLILI,35.76773968151385
LLLAVLLLTLLGGLLFALILI,LLLAVLLLTLLGGLLAALILI,GAS,void,,,,,,,,,,,3761.95,4518.67,57.6863,32.4567,3741.67,4633.36,148.683,109.916,-12.0832,1.1e+17,15,F,97.2637,25.02050564,3729.4933,3631.754,97.7393,0.0,0.3711749286554254,0.052337480604820456,G,LLLAVLLLTLLGGLLFALILI,33.665943832627555
LLLAVLLLTLLGGLLFALILI,LLLAVLLATLLGGLLFALILI,GAS,void,,,,,,,,,,,3719.17,4575.34,62.7069,66.1142,3741.67,4633.36,122.519,167.839,-12.0832,1.1e+17,7,L,63.4812,51.01585396,3653.0558,3573.831,79.2248,0.0,0.3529595919178062,0.04122733323517327,G,LLLYVLLTLLLGGLLFALILI,32.01379424988897
LLLATLLVGLLFLLLGLLILI,LLLATLLVGLLALLLGLLILI,GAS,void,,,,,,,,,,,3174.65,3970.15,56.6021,17.6511,3168.17,4134.96,158.993,99.6808,-21.6244,1.1e+17,11,F,112.6167,13.54985653,3156.9989,3068.4892,88.5097,0.0,0.3929818563476132,0.03703894775967605,G,LLLASLLVGLLFLLLGLLILI,35.64385437067713
LLLATLLVGLLFLLLGLLILI,LLLATLLVGLLFLLLGALILI,GAS,void,,,,,,,,,,,3166.73,4065.56,58.8171,84.5608,3168.17,4134.96,120.082,142.451,-21.6244,1.1e+17,16,L,44.902,65.31667784,3082.1692,3025.719,56.4502,0.0,0.433014565628989,0.05987153830538552,G,LLLASLLVGLLFLLLGLLILI,39.27486185013396
LLLSYLLTALLGALLGFLILI,LLLSALLTALLGALLGFLILI,GAS,void,,,,,,,,,,,3326.5,3936.35,59.1554,58.4429,3283.26,4114.96,175.693,125.552,-12.2521,1.1e+17,4,Y,80.0323,42.20459692,3268.0571,3157.708,110.3491,0.0,0.2242309947225873,0.019870985456929374,G,LLLSYLLTALLGALLGFLILI,20.33797945677733
LLLSYLLTALLGALLGFLILI,LLLSYLLTALLGALLGALILI,GAS,void,,,,,,,,,,,3204.45,3969.03,59.445,97.6492,3283.26,4114.96,158.364,259.451,-12.2521,1.1e+17,16,F,31.8136,75.42645455,3106.8008,3023.809,82.9918,0.0,0.8314950781611692,0.029587561337402972,G,LLLSYLLTALLGALLGFLILI,75.41744993360562
LLLTFLLGLLLGYLLASLILI,LLLTFLLGLLLGALLASLILI,GAS,void,,,,,,,,,,,3228.77,3970.4,54.7361,79.1541,3187.84,4123.45,162.239,160.09,-16.3299,1.1e+17,12,Y,50.6679,60.97125295,3149.6159,3027.75,121.8659,0.0,1.314571699729379,0.07314505295003645,G,LLLYILLGLLLGTLLASLILI,119.23299121351936
LLLTFLLGLLLGYLLASLILI,LLLTALLGLLLGYLLASLILI,GAS,void,,,,,,,,,,,3216.9,4024.57,54.6956,57.2408,3187.84,4123.45,143.495,121.36,-16.3299,1.1e+17,4,F,81.2344,41.33649924,3159.6592,3066.48,93.1792,0.0,1.006204166350554,0.028231317977595774,G,LLLYILLGLLLGTLLASLILI,91.26374206152474
LLLVGLLLALLGLLLGTLILI,LLLVGLLLALLGALLGTLILI,GAS,void,,,,,,,,,,,3613.38,4388.82,59.5961,35.6504,3572.31,4464.94,122.899,56.7358,-9.309,1.1e+17,12,L,94.1716,27.46098504,3577.7296,3515.5742,62.1554,0.0,0.3424600681555096,0.03352546208899409,G,LLLVALLFALLGLLLGTLILI,31.061476757618472
LLLYLLLGILLGTLLAFLILI,LLLALLLGILLGTLLAFLILI,GAS,void,,,,,,,,,,,3626.76,4504.71,63.7851,63.8683,3699.52,4694.57,185.122,242.844,-28.6375,1.1e+17,3,Y,105.8625,37.62917514,3562.8917,3456.676,106.2157,0.0,0.9193388235685116,0.07462356263562225,G,LLLALLLGFLLGTLLGVLILI,83.38496705456028
LLLYLLLGILLGTLLAFLILI,LLLYLLLGILLGTLLAALILI,GAS,void,,,,,,,,,,,3610.13,4590.14,41.7905,79.7597,3699.52,4694.57,135.407,258.049,-28.6375,1.1e+17,16,F,49.7031,61.60819942,3530.3703,3441.471,88.8993,0.0,1.356733503927676,0.19046408677058807,G,LLLYILLGLLLGTLLASLILI,123.05710976905844
LLLTYLLAVLLGILLGLLILI,LLLTALLAVLLGILLGLLILI,GAS,void,,,,,,,,,,,3177.46,3868.88,59.8893,67.7538,3152.79,4049.62,176.78,177.861,-21.372,1.1e+17,4,Y,60.5169,56.29766196,3109.7062,2974.929,134.7772,0.0,0.2470708542194042,0.028997306371251075,G,LLLTFLLAVLLGILLGLLILI,22.409577960885247
LLLTYLLAVLLGILLGLLILI,LLLTYLLAVLLGILLGALILI,GAS,void,,,,,,,,,,,3161.54,4002.94,56.8732,109.239,3152.79,4049.62,111.382,177.533,-21.372,1.1e+17,16,L,20.2238,84.37867866,3052.301,2975.257,77.044,0.0,0.7533019840692274,0.03855498526809331,G,LLLTYLLAVLLGLLLAFLILI,68.32525670995591
LLLYSLLTALLGLLLGFLILI,LLLYSLLTALLGLLLGALILI,GAS,void,,,,,,,,,,,3358.3,4081.32,57.4302,96.2457,3391.23,4133.11,126.704,218.168,-13.6456,1.1e+17,16,F,33.2171,74.34235935,3262.0543,3173.062,88.9923,0.0,0.1862932701896228,0.025385210518331133,G,LLLFSLLTALLGLLLGVLILI,16.89698922639957
LLLYSLLTALLGLLLGFLILI,LLLYSLLTALLGALLGFLILI,GAS,void,,,,,,,,,,,3416.07,4102.63,45.3431,42.0948,3391.23,4133.11,95.5259,83.6433,-13.6456,1.1e+17,12,L,87.7272,32.42501271,3373.9752,3307.5867,66.3885,0.0,0.2299064334066456,0.0270038713000802,G,LLLYSLLALLLGTLLGFLILI,20.852747522215296
LLLLVLLGALLGTLLSFLILI,LLLLVLLGALLGTLLSALILI,GAS,void,,,,,,,,,,,3688.68,4473.04,40.9249,80.6627,3764.4,4578.16,134.565,250.409,-12.0486,1.1e+17,16,F,48.8001,62.30569708,3608.0173,3513.991,94.0263,0.0,0.553822238267831,0.07223939292157444,G,LLLTVLLGALLGILLSLLILI,50.23224072360131
LLLLVLLGALLGTLLSFLILI,LLLAVLLGALLGTLLSFLILI,GAS,void,,,,,,,,,,,3724.47,4522.75,66.3688,94.4433,3764.4,4578.16,124.261,201.393,-12.0486,1.1e+17,3,L,75.2875,55.64299467,3630.0267,3563.007,67.0197,0.0,1.02582827552826,0.08277915784457524,G,LLLTVLLGALLGILLSLLILI,93.04366873851026
LLLALLLGFLLGTLLGVLILI,LLLALLLGALLGTLLGVLILI,GAS,void,,,,,,,,,,,3429.56,4450.78,59.9448,54.8906,3408.1,4594.46,160.296,130.576,-28.9192,1.1e+17,8,F,76.439,41.79606121,3374.6694,3277.524,97.1454,0.0,2.1667696773921,0.1600854710240885,G,LLLALLLGFLLGTLLGVLILI,196.5282152045393
LLLYALLTLLLGFLLGILILI,LLLYALLTLLLGALLGILILI,GAS,void,,,,,,,,,,,3368.34,4079.38,55.8746,41.6597,3353.53,4205.2,152.268,126.797,-27.0037,1.1e+17,12,F,88.1623,32.0898615,3326.6803,3226.733,99.9473,0.0,0.1804712299619553,0.013495951075202284,G,LLLYALLFLLLGTLLSILILI,16.36892425173661
LLLYALLTLLLGFLLGILILI,LLLAALLTLLLGFLLGILILI,GAS,void,,,,,,,,,,,3168.16,4015.85,59.6176,114.863,3353.53,4205.2,181.069,356.673,-27.0037,1.1e+17,3,Y,54.8678,67.67363378,3053.297,2996.857,56.44,0.0,0.4675254611081503,0.0240745077022708,G,LLLAALLALLLGVLLGTLILI,42.405035197304464
LLLAYLLGLLLGTLLSFLILI,LLLAALLGLLLGTLLSFLILI,GAS,void,,,,,,,,,,,3679.88,4579.03,52.8378,48.4463,3656.15,4704.67,149.33,138.375,-32.7922,1.1e+17,4,Y,98.3414,28.9826626,3631.4337,3517.775,113.6587,0.0,1.0410015015639271,0.056475233892107575,G,LLLYALLFLLLGTLLSILILI,94.41989578414336
LLLAYLLGLLLGTLLSFLILI,LLLAYLLGLLLGTLLSALILI,GAS,void,,,,,,,,,,,3562.6,4602.08,41.1484,82.8213,3656.15,4704.67,134.019,264.178,-32.7922,1.1e+17,16,F,46.6415,63.97304863,3479.7787,3391.972,87.8067,0.0,1.0340464555321154,0.06833042174693504,G,LLLAGLLFLLLGTLLSYLILI,93.78906602980489
LLLSYLLGVLLGLLLGTLILI,LLLSALLGVLLGLLLGTLILI,GAS,void,,,,,,,,,,,3189.67,3836.56,66.1751,68.0308,3170.45,3995.88,178.349,174.1,-20.7472,1.1e+17,4,Y,70.4444,49.12850821,3121.6392,2996.35,125.2892,0.0,1.1588659719637535,0.06773694985983426,G,LLLVALLFALLGLLLGTLILI,105.1103232187684
LLLSYLLGVLLGLLLGTLILI,LLLSYLLGVLLGALLGTLILI,GAS,void,,,,,,,,,,,3183.54,3944.35,57.8837,94.9746,3170.45,3995.88,112.838,145.695,-20.7472,1.1e+17,12,L,34.8474,73.15755419,3088.5654,3024.755,63.8104,0.0,0.8371485549215916,0.0694023590221773,G,LLLSYLLGLLLGTLLGFLILI,75.93022603021566
LLLAYLLGVLLGLLLSTLILI,LLLAALLGVLLGLLLSTLILI,GAS,void,,,,,,,,,,,3201.42,3888.58,65.654,51.3268,3193.16,4080.45,184.228,162.17,-15.265,1.1e+17,4,Y,87.1484,37.06569841,3150.0932,3030.99,119.1032,0.0,1.0222820739824496,0.055264522747577594,G,LLLALLLGVLLGTLLSFLILI,92.72202464877364
LLLAYLLGVLLGLLLSTLILI,LLLAYLLGVLLGALLSTLILI,GAS,void,,,,,,,,,,,3202.99,4032.16,52.0335,96.0134,3193.16,4080.45,107.186,157.467,-15.265,1.1e+17,12,L,33.8086,73.95772673,3106.9766,3035.693,71.2836,0.0,1.05773276486112,0.030730604917135407,G,LLLALLLGVLLGTLLSFLILI,95.9374383952584
LLLTFLLAVLLGLLLGILILI,LLLTALLAVLLGLLLGILILI,GAS,void,,,,,,,,,,,3500.55,4460.63,56.1029,54.9654,3471.32,4611.02,156.083,140.888,-14.2027,1.1e+17,4,F,83.5098,39.69331693,3445.5846,3330.432,115.1526,0.0,0.4798120568158308,0.04362798493437247,G,LLLTYLLAVLLGLLLAFLILI,43.519441934007766
LLLTFLLAVLLGLLLGILILI,LLLTFLLAVLLGLLLGALILI,GAS,void,,,,,,,,,,,3460.55,4591.63,44.9636,90.3481,3471.32,4611.02,88.0129,172.032,-14.2027,1.1e+17,16,I,39.1147,69.78691949,3370.2019,3299.288,70.9139,0.0,0.6320292363781018,0.06445467118413276,G,LLLTYLLAVLLGLLLAFLILI,57.3256950558658
LLLAFLLGILLGVLLGLLILI,LLLAALLGILLGVLLGLLILI,GAS,void,,,,,,,,,,,3478.26,4412.55,54.9045,65.322,3449.13,4555.8,155.374,142.779,-30.8577,1.1e+17,4,F,73.1532,47.17234566,3412.938,3306.351,106.587,0.0,0.894012034173883,0.011362223813155062,G,LLLAALLALLLGVLLGTLILI,81.08780147737792
LLLAFLLGILLGVLLGLLILI,LLLAFLLGILLGVLLGALILI,GAS,void,,,,,,,,,,,3466.32,4534.27,42.1894,84.7991,3449.13,4555.8,91.1829,156.885,-30.8577,1.1e+17,16,L,44.6637,65.50074616,3381.5209,3292.245,89.2759,0.0,1.2545810423924906,0.002443309591502733,G,LLLTFLLGILLGVLLSLLILI,113.79177753105914
LLLTVLLAYLLGLLLGFLILI,LLLTVLLAALLGLLLGFLILI,GAS,void,,,,,,,,,,,3315.41,4083.16,50.305,47.9999,3286.06,4210.94,150.889,128.427,-24.0747,1.1e+17,8,Y,83.3297,36.54918617,3267.4101,3157.633,109.7771,0.0,0.3361952007846845,0.0352112249389466,G,LLLTYLLAVLLGLLLAFLILI,30.493246910335724
LLLTVLLAYLLGLLLGFLILI,LLLTVLLAYLLGLLLGALILI,GAS,void,,,,,,,,,,,3221.47,4065.22,59.4424,113.408,3286.06,4210.94,158.581,261.179,-24.0747,1.1e+17,16,F,16.0548,87.59890872,3108.062,3024.881,83.181,0.0,0.933330539376246,0.06417530137648994,G,LLLTVLLAILLGLLLGFLILI,84.65402991990955
LLLVLLLTGLLFALLAYLILI,LLLVLLLTGLLFALLAALILI,GAS,void,,,,,,,,,,,3215.52,4078.49,58.8827,88.7788,3211.96,4238.01,167.842,205.149,-20.5014,1.1e+17,16,Y,40.684,68.57475661,3126.7412,3006.811,119.9302,0.0,0.2586354076077333,0.03284650572432042,G,LLLVLLLTGLLFALLAYLILI,23.458494724286417
LLLVLLLTGLLFALLAYLILI,LLLVLLLTGLLAALLAYLILI,GAS,void,,,,,,,,,,,3230.82,4075.61,57.3173,34.6673,3211.96,4238.01,161.45,111.037,-20.5014,1.1e+17,11,F,95.6005,26.61233244,3196.1527,3100.923,95.2297,0.0,0.2379438061875493,0.024206322013091315,G,LLLVLLLTGLLFALLAYLILI,21.58174541435199
LLLTYLLFLLLGVLLGSLILI,LLLTALLFLLLGVLLGSLILI,GAS,void,,,,,,,,,,,3165.24,4024.88,49.154,47.0396,3116.19,4144.19,154.095,138.449,-30.1867,1.1e+17,4,Y,91.4356,33.96969277,3118.2004,2977.741,140.4594,0.0,2.212891795592446,0.15870297761947338,G,LLLAGLLFLLLGTLLGSLILI,200.71153827110376
LLLTGLLFALLGVLLSLLILI,LLLTGLLAALLGVLLSLLILI,GAS,void,,,,,,,,,,,3684.79,4489.69,61.74,33.9143,3669.35,4674.05,168.498,105.871,-22.7806,1.1e+17,7,F,95.6811,26.16937021,3650.8757,3563.479,87.3967,0.0,0.3479577789423258,0.020760287883474938,G,LLLTVLLGALLGILLSLLILI,31.56012472187472
LLLVLLLATLLGSLLGTLILI,LLLVALLATLLGSLLGTLILI,GAS,void,,,,,,,,,,,3698.18,4401.09,47.3288,55.6627,3626.34,4427.68,92.9218,54.8728,-7.11869,1.1e+17,4,L,82.8125,40.1968728,3642.5173,3571.4672,71.0501,0.0,0.255275680241809,0.016012071210149352,G,LLLAALLALLLGVLLGTLILI,23.1537640324698
LLLTFLLGLLLGYLLSVLILI,LLLTALLGLLLGYLLSVLILI,GAS,void,,,,,,,,,,,3635.05,4672.84,53.0577,44.9764,3598.82,4763.64,140.466,98.0934,-26.1,1.1e+17,4,F,93.4988,32.47975089,3590.0736,3500.7266,89.347,0.0,1.1242011715264533,0.04083793855156272,G,LLLTALLALLLGVLLSILILI,101.9661905352412
LLLSSLLALLLGVLLGTLILI,LLLSSLLAALLGVLLGTLILI,GAS,void,,,,,,,,,,,3103.16,3826.02,63.5484,50.7504,3082.63,3894.77,124.013,90.6565,-21.5114,1.1e+17,8,L,80.5792,38.64353504,3052.4096,2991.9735,60.4361,0.0,0.2218659049371955,0.021208442799882665,G,LLLAALLALLLGVLLGTLILI,20.12346340591539
LLLSSLLALLLGVLLGTLILI,LLLSSLLALLLGALLGTLILI,GAS,void,,,,,,,,,,,3093.04,3875.44,59.6371,67.437,3082.63,3894.77,84.3711,101.176,-21.5114,1.1e+17,12,V,62.385,51.94574109,3025.603,2981.454,44.149,0.0,0.2482629506238741,0.02874316625522598,G,LLLYSLLALLLGTLLGFLILI,22.5177023181562
LLLFVLLTILLGALLSLLILI,LLLAVLLTILLGALLSLLILI,GAS,void,,,,,,,,,,,3225.0,3945.34,59.1187,118.036,3324.45,4086.19,162.118,298.721,-9.71457,1.1e+17,3,F,51.6948,69.54306466,3106.964,3025.729,81.235,0.0,0.3312655434556233,0.03493858281640069,G,LLLFVLLTILLGALLSLLILI,30.04612197289594
LLLFVLLTILLGALLSLLILI,LLLFVLLTALLGALLSLLILI,GAS,void,,,,,,,,,,,3359.18,4060.81,61.6362,40.5358,3324.45,4086.19,101.208,77.3652,-9.71457,1.1e+17,8,I,90.7938,30.86569974,3318.6442,3247.0848,71.5594,0.0,0.3711627440174749,0.02954032025982251,G,LLLFVLLTILLGALLSLLILI,33.66483867356321
LLLAFLLGLLLGTLLTVLILI,LLLAALLGLLLGTLLTVLILI,GAS,void,,,,,,,,,,,3706.6,4519.29,52.8279,71.1723,3665.61,4607.93,139.512,127.813,-22.0382,1.1e+17,4,F,67.3029,51.39714548,3635.4277,3537.797,97.6307,0.0,0.9129046978956304,0.047806393476792615,G,LLLALLLGFLLGTLLGVLILI,82.80138530700002
LLLAFLLGLLLGTLLTVLILI,LLLAFLLGALLGTLLTVLILI,GAS,void,,,,,,,,,,,3705.84,4600.89,50.6753,40.2421,3665.61,4607.93,88.3453,56.1522,-22.0382,1.1e+17,8,L,91.0875,30.64206394,3665.5979,3609.4578,56.1401,0.0,2.719363401937413,0.2005773721337057,G,LLLALLLGFLLGTLLGVLILI,246.64902848305505
LLLTFLLGILLGVLLSLLILI,LLLTALLGILLGVLLSLLILI,GAS,void,,,,,,,,,,,3238.4,3882.94,56.449,52.7344,3218.6,4019.55,155.809,122.692,-7.29132,1.1e+17,4,F,92.1482,33.45508799,3185.6656,3095.908,89.7576,0.0,1.124050507907025,0.013303389298751826,G,LLLTVLLGALLGILLSLLILI,101.95252519160483
LLLTLLLFYLLGVLLGSLILI,LLLTLLLFALLGVLLGSLILI,GAS,void,,,,,,,,,,,3186.29,4098.1,60.4158,23.1073,3147.87,4244.84,166.232,103.525,-19.1409,1.1e+17,8,Y,108.2223,17.59489102,3163.1827,3044.345,118.8377,0.0,0.2494099448775363,0.013681486711223243,G,LLLTSLLFALLGLLLGVLILI,22.621735864441288
LLLTLLLFYLLGVLLGSLILI,LLLTALLFYLLGVLLGSLILI,GAS,void,,,,,,,,,,,3186.66,4179.3,45.5198,45.3557,3147.87,4244.84,107.382,86.049,-19.1409,1.1e+17,4,L,93.1195,32.75366275,3141.3043,3061.821,79.4833,0.0,0.7175911128670445,0.047207743704569205,G,LLLYALLFLLLGTLLGSLILI,65.08624434330177
LLLSYLLGVLLGLLLGFLILI,LLLSALLGVLLGLLLGFLILI,GAS,void,,,,,,,,,,,3651.88,4519.68,67.221,78.6592,3602.99,4658.38,171.027,174.857,-38.8868,1.1e+17,4,Y,59.816,56.80381758,3573.2208,3428.133,145.0878,0.0,1.1182628007799005,0.03244907620799445,G,LLLSYLLGLLLGTLLGFLILI,101.42757426410734
LLLSYLLGVLLGLLLGFLILI,LLLSYLLGVLLGLLLGALILI,GAS,void,,,,,,,,,,,3502.56,4557.08,44.9259,88.969,3602.99,4658.38,137.437,273.896,-38.8868,1.1e+17,16,F,40.4938,68.7216714,3413.591,3329.094,84.497,0.0,1.0807037417041816,0.10678607689129219,G,LLLFYLLGVLLGLLLASLILI,98.02092937612966
LLLAGLLFLLLGTLLGSLILI,LLLAGLLFALLGTLLGSLILI,GAS,void,,,,,,,,,,,3140.19,3933.14,56.655,23.1832,3134.12,3994.87,115.449,89.2012,-23.3464,1.1e+17,8,L,108.1464,17.65268454,3117.0068,3044.9188,72.088,0.0,0.301811493321114,0.03155168036015073,G,LLLAGLLFLLLGTLLGSLILI,27.37460964563872
LLLAGLLFLLLGTLLGSLILI,LLLAGLLFLLLGALLGSLILI,GAS,void,,,,,,,,,,,3144.55,3964.71,60.7012,54.8417,3134.12,3994.87,89.5256,83.2877,-23.3464,1.1e+17,12,T,74.9803,42.24376454,3089.7083,3050.8323,38.876,0.0,0.1715449699017459,0.014106674037468453,G,LLLAGLLFLLLGTLLGSLILI,15.559303378605357
LLLLVLLTGLLFGLLYALILI,LLLLVLLTGLLFGLLAALILI,GAS,void,,,,,,,,,,,3682.48,4590.59,38.9067,29.4142,3633.52,4618.05,115.836,95.3863,-12.6715,1.1e+17,15,Y,100.3062,22.67507655,3653.0658,3538.1337,114.9321,0.0,1.0527367104997334,0.03441282027816478,G,LLLTVLLLGLLFGLLFALILI,95.48429117940394
LLLASLLTLLLGVLLGFLILI,LLLASLLTLLLGVLLGALILI,GAS,void,,,,,,,,,,,3150.21,3879.5,56.8293,101.532,3200.16,4024.9,156.009,239.985,-12.5433,1.1e+17,16,F,27.9308,78.42561724,3048.678,2960.175,88.503,0.0,0.2681533284244433,0.019729926797429714,G,LLLAALLALLLGVLLGTLILI,24.32177983025924
LLLASLLTLLLGVLLGFLILI,LLLASLLTALLGVLLGFLILI,GAS,void,,,,,,,,,,,3201.82,3960.0,66.6666,34.0274,3200.16,4024.9,125.194,76.2255,-12.5433,1.1e+17,8,L,97.3022,25.90992434,3167.7926,3123.9345,43.8581,0.0,0.1940486641429452,0.02220831233771235,G,LLLASLLTLLLGYLLGVLILI,17.600411351860075
LLLSTLLGFLLGVLLGLLILI,LLLSTLLGALLGVLLGLLILI,GAS,void,,,,,,,,,,,3061.15,3840.06,61.8558,50.1653,3025.2,3997.46,161.86,108.298,-30.979,1.1e+17,8,F,81.1643,38.19801477,3010.9847,2916.902,94.0827,0.0,0.6334783609020507,0.03215033251373805,G,LLLSYLLVALLGALLGLLILI,57.45713212519177
LLLSTLLGFLLGVLLGLLILI,LLLSTLLGFLLGVLLGALILI,GAS,void,,,,,,,,,,,3032.89,3949.62,56.6382,108.435,3025.2,3997.46,111.499,178.025,-30.979,1.1e+17,16,L,21.0278,83.75765085,2924.455,2847.175,77.28,0.0,0.9530202524508078,0.06907335969859024,G,LLLSTLLGLLLGVLLAILILI,86.43990693711542
LLLYALLFLLLGTLLSILILI,LLLYALLALLLGTLLSILILI,GAS,void,,,,,,,,,,,3445.82,4091.07,59.7435,19.8178,3441.04,4253.75,161.233,93.9467,-9.67379,1.1e+17,7,F,109.7776,15.29205512,3426.0022,3347.0933,78.9089,0.0,0.1798294049905075,0.018939345114117045,G,LLLYSLLALLLGTLLGFLILI,16.31071007353925
LLLYALLFLLLGTLLSILILI,LLLYALLFLLLGTLLSALILI,GAS,void,,,,,,,,,,,3412.82,4227.86,56.301,107.258,3441.04,4253.75,97.0389,191.924,-9.67379,1.1e+17,16,I,22.2048,82.84850938,3305.562,3249.116,56.446,0.0,0.1714290268130135,0.018367223316344577,G,LLLYALLFLLLGTLLSILILI,15.548787222443664
LLLYTLLAILLGLLLGFLILI,LLLYTLLAILLGLLLGALILI,GAS,void,,,,,,,,,,,3453.15,4048.17,58.9207,117.241,3509.14,4173.5,150.274,265.893,-22.1321,1.1e+17,16,F,12.2218,90.55960477,3335.909,3243.247,92.662,0.0,0.3407324124824467,0.025869054706076606,G,LLLYTLLAILLGLLLGFLILI,30.90477662956254
LLLGYLLALLLGVLLSTLILI,LLLGALLALLLGVLLSTLILI,GAS,void,,,,,,,,,,,3638.08,4430.92,51.5189,60.5169,3594.96,4571.63,156.383,152.152,-20.4196,1.1e+17,4,Y,77.9583,43.70233804,3577.5631,3442.808,134.7551,0.0,0.2762723846365849,0.030588375386607827,G,LLLYALLALLLGTLLSFLILI,25.0581864927514
LLLGYLLALLLGVLLSTLILI,LLLGYLLAALLGVLLSTLILI,GAS,void,,,,,,,,,,,3631.63,4499.43,62.4839,48.3793,3594.96,4571.63,124.0,78.6562,-20.4196,1.1e+17,8,L,82.9503,36.83807763,3583.2507,3516.3038,66.9469,0.0,0.8109772282407786,0.11274617321126083,G,LLLGYLLALLLGTLLSFLILI,73.55646006155689
LLLVALLLTLLGGLLFALILI,LLLVALLLTLLGGLLAALILI,GAS,void,,,,,,,,,,,3744.0,4400.36,46.083,30.5696,3719.71,4484.54,134.541,104.519,-18.617,1.1e+17,15,F,99.1508,23.56576144,3713.4304,3615.191,98.2394,0.0,0.4100924852694231,0.053947853158850735,G,LLLAVLLLTLLGGLLFALILI,37.195805830085504
LLLVALLLTLLGGLLFALILI,LLLVALLATLLGGLLFALILI,GAS,void,,,,,,,,,,,3736.09,4444.55,61.1437,58.515,3719.71,4484.54,116.68,138.141,-18.617,1.1e+17,7,L,71.0804,45.15206558,3677.575,3581.569,96.006,0.0,0.104260035989334,0.013621562751087777,G,LLLAVLLLTLLGGLLFALILI,9.456491386203284
LLLSYLLTVLLGILLGLLILI,LLLSYLLTVLLGILLGALILI,GAS,void,,,,,,,,,,,3119.69,3998.33,56.1882,93.8466,3112.65,4046.37,111.689,151.605,-31.5567,1.1e+17,16,L,35.6162,72.48924015,3025.8434,2961.045,64.7984,0.0,0.463963910440543,0.04838362886895502,G,LLLSYLLTVLLGTLLAFLILI,42.08199892659763
LLLAVLLFSLLGLLLGTLILI,LLLAVLLFSLLGALLGTLILI,GAS,void,,,,,,,,,,,3690.13,4577.47,60.2102,40.0856,3647.09,4651.53,122.593,61.7863,-11.5258,1.1e+17,12,L,89.7364,30.87735515,3650.0444,3585.3037,64.7407,0.0,0.2696741114491916,0.038616049294945165,G,LLLAGLLFLLLGVLLGTLILI,24.459716398545943
LLLAYLLGVLLGLLLAFLILI,LLLAALLGVLLGLLLAFLILI,GAS,void,,,,,,,,,,,3656.03,4526.73,64.3784,64.3096,3626.26,4687.19,171.935,153.577,-23.2275,1.1e+17,4,Y,74.1656,46.44124002,3591.7204,3472.683,119.0374,0.0,1.0964449351592942,0.07176039635294595,G,LLLTYLLAVLLGLLLAFLILI,99.44867164481695
LLLAYLLGVLLGLLLAFLILI,LLLAYLLGVLLGALLAFLILI,GAS,void,,,,,,,,,,,3668.26,4631.17,56.7789,99.5796,3626.26,4687.19,108.673,140.266,-23.2275,1.1e+17,12,L,30.2424,76.70471877,3568.6804,3485.994,82.6864,0.0,1.2741630796283714,0.020087177581122332,G,LLLTYLLAVLLGLLLAFLILI,115.56788824009789
LLLTVLLAILLGLLLGFLILI,LLLTVLLAILLGLLLGALILI,GAS,void,,,,,,,,,,,3508.08,4460.75,45.2832,89.8162,3608.81,4563.2,138.129,274.806,-17.5194,1.1e+17,16,F,39.6466,69.37606787,3418.2638,3334.004,84.2598,0.0,0.3237075833521927,0.02645463067599379,G,LLLYTLLAILLGLLLGFLILI,29.360607298580344
LLLYLLLGALLGVLLSTLILI,LLLYALLGALLGVLLSTLILI,GAS,void,,,,,,,,,,,3825.63,4588.73,63.8174,35.8433,3782.17,4647.75,121.222,56.3409,-7.71629,1.1e+17,4,L,102.6319,25.88427386,3789.7867,3725.8291,63.9576,0.0,0.7718745764316852,0.09689351292497875,G,LLLYLLLGALLAFLLSTLILI,70.00980974150305
LLLYFLLGILLGVLLSLLILI,LLLYALLGILLGVLLSLLILI,GAS,void,,,,,,,,,,,3676.35,4567.2,54.8663,52.9126,3642.91,4629.75,126.9,108.068,-32.2999,1.1e+17,4,F,85.5626,38.21088541,3623.4374,3534.842,88.5954,0.0,0.5457060826508381,0.03668926019426938,G,LLLYFLLTILLGVLLALLILI,49.49609714804154
LLLAGLLFLLLGTLLSYLILI,LLLAGLLFLLLGTLLSALILI,GAS,void,,,,,,,,,,,3682.72,4632.27,41.9411,82.5053,3644.08,4669.4,125.487,175.822,-18.3705,1.1e+17,16,Y,46.9575,63.72896307,3600.2147,3468.258,131.9567,0.0,0.218633408641144,0.024146784183995348,G,LLLAGLLFLLLGTLLGSLILI,19.83027270163948
LLLAGLLFLLLGTLLSYLILI,LLLAGLLALLLGTLLSYLILI,GAS,void,,,,,,,,,,,3649.33,4506.99,59.655,25.5155,3644.08,4669.4,161.052,75.856,-18.3705,1.1e+17,7,F,104.0799,19.68858463,3623.8145,3568.224,55.5905,0.0,0.1806142383746515,0.008073465136632936,G,LLLAGLLFLLLGTLLGSLILI,16.381895260330495
LLLTILLALLLGFLLGSLILI,LLLTILLALLLGALLGSLILI,GAS,void,,,,,,,,,,,3146.17,3921.41,58.6698,57.3165,3149.38,4067.52,159.059,163.14,-25.1796,1.1e+17,12,F,72.5055,44.15006701,3088.8535,2986.24,102.6135,0.0,0.3552293180239748,0.04098645074396596,G,LLLYFLLALLLGTLLGSLILI,32.21966071797863
LLLTILLALLLGFLLGSLILI,LLLTALLALLLGFLLGSLILI,GAS,void,,,,,,,,,,,3179.64,4005.25,64.6935,58.8041,3149.38,4067.52,120.078,112.09,-25.1796,1.1e+17,4,I,79.6711,42.46543785,3120.8359,3037.29,83.5459,0.0,0.906441836283283,0.05340361023942526,G,LLLAALLALLLGVLLGTLILI,82.21519718048106
LLLVALLFALLGLLLGTLILI,LLLVALLAALLGLLLGTLILI,GAS,void,,,,,,,,,,,3583.55,4432.74,61.2939,35.9037,3566.45,4611.9,166.278,103.198,-11.1281,1.1e+17,7,F,93.6917,27.70445556,3547.6463,3463.252,84.3943,0.0,0.348582127726708,0.01567516388970766,G,LLLAALLALLLGVLLGTLILI,31.616753792116945
LLLVALLFALLGLLLGTLILI,LLLVALLFALLGALLGTLILI,GAS,void,,,,,,,,,,,3609.63,4535.56,57.8126,36.0221,3566.45,4611.9,121.169,55.2514,-11.1281,1.1e+17,12,L,93.7999,27.74730015,3573.6079,3511.1986,62.4093,0.0,0.2241159427177907,0.001380385629760185,G,LLLVALLFALLGLLLGTLILI,20.327544122835604
LLLYLLLAFLLGVLLGSLILI,LLLYLLLAALLGVLLGSLILI,GAS,void,,,,,,,,,,,3406.48,4061.53,58.0013,54.3267,3359.66,4200.1,155.268,128.229,-11.4742,1.1e+17,8,F,77.0029,41.36668352,3352.1533,3231.431,120.7223,0.0,0.1853850205700985,0.007615110782440166,G,LLLYFLLALLLGTLLGSLILI,16.81461006143906
LLLTALLFLLLGYLLGSLILI,LLLTALLFLLLGALLGSLILI,GAS,void,,,,,,,,,,,3198.29,4015.03,60.4341,56.2911,3174.58,4176.7,168.324,143.562,-22.501,1.1e+17,12,Y,73.5309,43.3602163,3141.9989,3031.018,110.9809,0.0,0.60523279090355,0.018333786575980823,G,LLLAGLLFLLLGTLLGSLILI,54.89523017633239
LLLTALLFLLLGYLLGSLILI,LLLTALLALLLGYLLGSLILI,GAS,void,,,,,,,,,,,3179.87,4017.01,57.2829,16.7406,3174.58,4176.7,157.321,84.9675,-22.501,1.1e+17,7,F,112.8548,12.91758812,3163.1294,3089.6125,73.5169,0.0,0.939902262051284,0.111528499833301,G,LLLAALLALLLGVLLGTLILI,85.25009185561971
LLLYVLLTLLLGALLSFLILI,LLLYVLLTLLLGALLSALILI,GAS,void,,,,,,,,,,,3433.39,4084.22,58.3181,100.311,3531.86,4230.42,157.975,273.941,-9.47255,1.1e+17,16,F,29.1518,77.48248918,3333.079,3257.919,75.16,0.0,0.3582662762429964,0.02562149589327321,G,LLLFVLLTILLGALLSLLILI,32.49511591963782
LLLYVLLTLLLGALLSFLILI,LLLYVLLTALLGALLSFLILI,GAS,void,,,,,,,,,,,3543.3,4180.79,58.8448,36.3178,3531.86,4230.42,114.098,81.626,-9.47255,1.1e+17,8,L,95.0118,27.65393331,3506.9822,3450.234,56.7482,0.0,0.1742848393072997,0.019448208646774295,G,LLLFVLLTILLGALLSLLILI,15.80781232248863
LLLAVLLGTLLGLLLSFLILI,LLLAVLLGTLLGALLSFLILI,GAS,void,,,,,,,,,,,3678.16,4510.95,55.312,87.4293,3644.45,4568.08,110.96,127.622,-32.3507,1.1e+17,12,L,42.3927,67.34551925,3590.7307,3516.828,73.9027,0.0,1.727257284736218,0.21554688828755114,G,LLLALLLGVLLGTLLSFLILI,156.66399382919724
LLLYLLLGALLGILLSTLILI,LLLYALLGALLGILLSTLILI,GAS,void,,,,,,,,,,,3523.69,4049.32,66.734,57.1915,3489.55,4141.35,134.485,101.928,-14.2325,1.1e+17,4,L,81.2837,41.3008972,3466.4985,3387.622,78.8765,0.0,0.4722247299220422,0.034759053291511494,G,LLLTVLLGALLGILLSLLILI,42.83126366191547
LLLAALLFSLLGLLLGTLILI,LLLAALLFSLLGALLGTLILI,GAS,void,,,,,,,,,,,3725.14,4574.05,60.092,40.4435,3681.63,4650.35,123.45,61.3399,-10.6977,1.1e+17,12,L,89.3785,31.15304032,3684.6965,3620.2901,64.4064,0.0,0.1803619537354739,0.014752872891510503,G,LLLAALLALLLGVLLGTLILI,16.359012786767007
LLLTGLLYVLLGLLLAFLILI,LLLTGLLAVLLGLLLAFLILI,GAS,void,,,,,,,,,,,3803.04,4564.36,60.9975,27.1114,3736.14,4688.95,166.896,124.673,-8.61349,1.1e+17,7,Y,102.484,20.92003266,3775.9286,3611.467,164.4616,0.0,0.3544936217490967,0.023956629694695687,G,LLLTYLLAVLLGLLLAFLILI,32.15293231701242
LLLTGLLYVLLGLLLAFLILI,LLLTGLLYVLLGLLLAALILI,GAS,void,,,,,,,,,,,3636.78,4587.29,44.5915,88.4922,3736.14,4688.95,137.51,273.198,-8.61349,1.1e+17,16,F,40.9706,68.35338028,3548.2878,3462.942,85.3458,0.0,0.4782624308942778,0.04183573285883859,G,LLLTYLLAVLLGLLLAFLILI,43.3788892856229
LLLTYLLGVLLGILLALLILI,LLLTALLGVLLGILLALLILI,GAS,void,,,,,,,,,,,3252.96,3877.48,65.2113,73.0233,3239.81,4067.64,183.896,203.333,-17.05,1.1e+17,4,Y,67.8221,51.0222047,3179.9367,3036.477,143.4597,0.0,0.9295342780292926,0.0964356374579818,G,LLLTVLLGALLGILLSLLILI,84.30970515168376
LLLTYLLGVLLGILLALLILI,LLLTYLLGVLLGILLAALILI,GAS,void,,,,,,,,,,,3224.7,4023.98,55.5338,107.767,3239.81,4067.64,108.693,192.934,-17.05,1.1e+17,16,L,21.6958,83.24167251,3116.933,3046.876,70.057,0.0,0.9548800081335844,0.05951036877279499,G,LLLTYLLAVLLGLLLAFLILI,86.60858867051151
LLLTALLAFLLGVLLGLLILI,LLLTALLAFLLGVLLGALILI,GAS,void,,,,,,,,,,,3088.2,3946.84,56.5487,109.908,3082.21,3994.14,111.109,181.591,-21.538,1.1e+17,16,L,19.5548,84.89542942,2978.292,2900.619,77.673,0.0,1.24259300778466,0.044574956221809264,G,LLLAALLALLLGVLLGTLILI,112.70445059000518
LLLAFLLGVLLGTLLGLLILI,LLLAALLGVLLGTLLGLLILI,GAS,void,,,,,,,,,,,3116.28,3834.42,59.2628,69.2237,3100.55,3968.75,157.507,149.896,-29.5755,1.1e+17,4,F,69.2515,49.9899621,3047.0563,2950.654,96.4023,0.0,0.8532199206370432,0.003343164490491119,G,LLLALLLGFLLGTLLGVLILI,77.38791525898438
LLLASLLVGLLFLLLGLLILI,LLLASLLVGLLALLLGLLILI,GAS,void,,,,,,,,,,,3177.63,3950.94,56.5631,17.9459,3172.26,4114.55,158.741,105.634,-19.4851,1.1e+17,11,F,112.3219,13.77615957,3159.6841,3066.626,93.0581,0.0,0.3738397484378934,0.033583437315164846,G,LLLASLLVGLLFLLLGLLILI,33.90764569930704
LLLASLLVGLLFLLLGLLILI,LLLASLLVGLLFLLLGALILI,GAS,void,,,,,,,,,,,3172.01,4047.18,59.1638,85.0475,3172.26,4114.55,120.027,142.781,-19.4851,1.1e+17,16,L,44.4153,65.69261595,3086.9625,3029.479,57.4835,0.0,0.4601107133934076,0.029593383090407197,G,LLLASLLVGLLFLLLGLLILI,41.732510032412826
LLLSYLLVALLGLLLGFLILI,LLLSALLVALLGLLLGFLILI,GAS,void,,,,,,,,,,,3370.51,4009.09,52.1392,83.7598,3334.73,4180.76,171.065,179.837,-29.9073,1.1e+17,4,Y,54.7154,60.48722082,3286.7502,3154.893,131.8572,0.0,0.2404836033463589,0.03451399233322891,G,LLLVALLFALLGLLLGTLILI,21.81210760181031
LLLSYLLVALLGLLLGFLILI,LLLSYLLVALLGALLGFLILI,GAS,void,,,,,,,,,,,3351.19,4102.59,63.0341,70.1301,3334.73,4180.76,126.874,113.811,-29.9073,1.1e+17,12,L,90.3123,31.23233452,3281.0599,3220.919,60.1409,0.0,0.624011118699087,0.036076769738978054,G,LLLSYLLGLLLGTLLGFLILI,56.59844362106939
LLLTLLLGLLLGVLLASLILI,LLLTALLGLLLGVLLASLILI,GAS,void,,,,,,,,,,,3178.33,3875.56,57.5435,57.1122,3184.83,3963.18,124.532,123.801,-17.8028,1.1e+17,4,L,81.363,41.24363063,3121.2178,3061.029,60.1888,0.0,2.1113755656967568,0.2931710954201786,G,LLLTALLALLLGVLLSILILI,191.5039128904006
LLLSYLLGVLLGLLLATLILI,LLLSALLGVLLGLLLATLILI,GAS,void,,,,,,,,,,,3222.17,3857.07,66.1298,67.3124,3203.07,4047.62,184.435,172.656,-26.2402,1.1e+17,4,Y,71.1628,48.60971495,3154.8576,3030.414,124.4436,0.0,1.0125272809404646,0.09248228417751601,G,LLLFYLLGVLLGLLLASLILI,91.83725499086596
LLLSYLLGVLLGLLLATLILI,LLLSYLLGVLLGALLATLILI,GAS,void,,,,,,,,,,,3214.53,3998.96,51.7548,77.6348,3203.07,4047.62,106.981,125.795,-26.2402,1.1e+17,12,L,52.1872,59.80095824,3136.8952,3077.275,59.6202,0.0,1.1112449506184807,0.12226901996141658,G,LLLFYLLGVLLGLLLASLILI,100.79104811128768
LLLSYLLVLLLGFLLATLILI,LLLSALLVLLLGFLLATLILI,GAS,void,,,,,,,,,,,3284.38,4039.91,44.9439,75.1112,3255.95,4206.46,162.471,168.934,-27.2819,1.1e+17,4,Y,63.364,54.24162594,3209.2688,3087.016,122.2528,0.0,0.3612616676228867,0.031194288979784622,G,LLLYALLVLLLGTLLAFLILI,32.766800966678645
LLLSYLLVLLLGFLLATLILI,LLLSYLLVLLLGALLATLILI,GAS,void,,,,,,,,,,,3255.16,4074.55,54.568,54.9256,3255.95,4206.46,153.565,157.706,-27.2819,1.1e+17,12,F,74.8964,42.30839149,3200.2344,3098.244,101.9904,0.0,1.0255695684305837,0.06271998682170461,G,LLLSYLLALLLGFLLGTLILI,93.0202037414238
LLLYVLLGILLGLLLAFLILI,LLLAVLLGILLGLLLAFLILI,GAS,void,,,,,,,,,,,3733.15,4566.23,65.592,88.2623,3818.98,4730.51,178.952,272.125,-18.868,1.1e+17,3,Y,108.7377,16.17532786,3644.8877,3546.855,98.0327,0.0,1.2034940565567604,0.07118865621313719,G,LLLTVLLAILLGLLLGFLILI,109.15813591643231
LLLYVLLGILLGLLLAFLILI,LLLYVLLGILLGALLAFLILI,GAS,void,,,,,,,,,,,3857.3,4680.3,56.4454,82.5819,3818.98,4730.51,111.578,112.0,-18.868,1.1e+17,12,L,47.2401,63.61163747,3774.7181,3706.98,67.7381,0.0,0.7976269282204914,0.041615717389785825,G,LLLTVLLGILLGLLLAFLILI,72.34557426099963
LLLSTLLGLLLGVLLGILILI,LLLSTLLGLLLGVLLGALILI,GAS,void,,,,,,,,,,,3074.77,3837.88,56.515,109.668,3094.38,3863.4,96.8118,185.809,-26.0226,1.1e+17,16,I,19.7948,84.71004798,2965.102,2908.571,56.531,0.0,0.7843005805080393,0.06631287601204289,G,LLLSYLLGLLLGTLLGFLILI,71.13686095914305
LLLSTLLGLLLGVLLGILILI,LLLSTLLGALLGVLLGILILI,GAS,void,,,,,,,,,,,3110.0,3809.23,61.8333,48.2771,3094.38,3863.4,117.752,88.2003,-26.0226,1.1e+17,8,L,83.0525,36.76025816,3061.7229,3006.1797,55.5432,0.0,0.6566744158748157,0.04642627223358321,G,LLLSTLLGLLLGVLLAILILI,59.56103792152479
LLLATLLVGLLFLLLGTLILI,LLLATLLVGLLALLLGTLILI,GAS,void,,,,,,,,,,,3592.23,4539.05,56.5526,23.3703,3587.73,4695.1,156.014,116.056,-9.71071,1.1e+17,11,F,106.8975,17.94019704,3568.8597,3471.674,97.1857,0.0,0.349803791285567,0.027504917505947454,G,LLLASLLVGLLFLLLGLLILI,31.727559920386167
LLLTYLLALLLGFLLASLILI,LLLTALLALLLGFLLASLILI,GAS,void,,,,,,,,,,,3243.61,4014.8,50.3636,51.8931,3200.4,4138.35,156.168,150.358,-16.6455,1.1e+17,4,Y,86.5821,37.4746525,3191.7169,3050.042,141.6749,1.0,1.2498535607053445,0.06441163277870246,G,LLLTALLALLLGVLLSILILI,113.36299013012729
LLLSYLLGVLLGLLLAFLILI,LLLSALLGVLLGLLLAFLILI,GAS,void,,,,,,,,,,,3346.13,3992.47,59.48,65.4373,3312.97,4156.42,169.258,148.712,-25.3616,1.1e+17,4,Y,73.0379,47.25560967,3280.6927,3164.258,116.4347,1.0,1.245201929972177,0.05332183808643893,G,LLLTYLLAVLLGLLLAFLILI,112.9410824879268
LLLSYLLGVLLGLLLAFLILI,LLLSYLLGVLLGALLAFLILI,GAS,void,,,,,,,,,,,3324.15,4104.89,56.2882,88.8947,3312.97,4156.42,112.399,137.591,-25.3616,1.1e+17,12,L,40.9273,68.47429557,3235.2553,3175.379,59.8763,1.0,1.002694165801322,0.037326706292990855,G,LLLTYLLAVLLGLLLAFLILI,90.94538143902524
LLLYALLALLLGTLLGFLILI,LLLYALLAALLGTLLGFLILI,GAS,void,,,,,,,,,,,3438.73,4086.53,61.0827,47.9451,3424.51,4181.23,130.505,93.03,-25.481,1.1e+17,8,L,83.3845,36.5074591,3390.7849,3331.48,59.3049,1.0,0.0993549453367784,0.011550947752287946,G,LLLYSLLALLLGTLLGFLILI,9.011594671327948
LLLYALLALLLGTLLGFLILI,LLLAALLALLLGTLLGFLILI,GAS,void,,,,,,,,,,,3245.28,3984.28,65.2461,107.551,3424.51,4181.23,187.631,343.215,-25.481,1.1e+17,3,Y,62.1798,63.36563547,3137.729,3081.295,56.434,1.0,0.2208225635649061,0.02135475041566059,G,LLLAGLLFLLLGTLLGSLILI,20.0288312814748
LLLYSLLFALLGALLTLLILI,LLLYSLLAALLGALLTLLILI,GAS,void,,,,,,,,,,,3403.05,4070.11,64.0176,35.4221,3387.03,4251.87,169.804,113.747,-8.92688,1.1e+17,7,F,94.1733,27.33283743,3367.6279,3273.283,94.3449,1.0,0.5210999393714772,0.06089628451855313,G,LLLYGLLFALLGILLTLLILI,47.26429490702981
LLLSYLLVLLLGLLLGTLILI,LLLSALLVLLLGLLLGTLILI,GAS,void,,,,,,,,,,,3255.91,3961.09,49.1639,67.9782,3198.95,4086.04,154.467,153.954,-27.9106,1.1e+17,4,Y,70.497,49.09052307,3187.9318,3044.996,142.9358,1.0,0.4201697621639447,0.031220447095013353,G,LLLAALLALLLGVLLGTLILI,38.109825101661215
LLLYALLTALLGGLLFLLILI,LLLYALLTALLGGLLFALILI,GAS,void,,,,,,,,,,,3432.27,4122.88,55.9182,44.0111,3427.97,4180.07,113.891,103.769,-6.72804,1.1e+17,16,L,85.4517,33.99517081,3388.2589,3324.201,64.0579,1.0,0.2399899661660194,0.020587511222198738,G,LLLYVLLTLLLGGLLFALILI,21.76733420710068
LLLTALLFLLLGVLLASLILI,LLLTALLALLLGVLLASLILI,GAS,void,,,,,,,,,,,3221.07,3892.71,56.8583,15.7854,3215.47,4057.28,158.941,98.8269,-13.6832,1.1e+17,7,F,113.81,12.18052493,3205.2846,3116.6431,88.6415,1.0,0.7441838495349716,0.06363433799527458,G,LLLAALLALLLGVLLGTLILI,67.49823262672756
LLLTALLFLLLGVLLASLILI,LLLTALLFLLLGALLASLILI,GAS,void,,,,,,,,,,,3223.47,4043.26,55.5169,59.7187,3215.47,4057.28,78.812,92.7388,-13.6832,1.1e+17,12,V,70.1033,46.00044677,3163.7513,3122.7312,41.0201,1.0,0.8535586791667786,0.08318327604457493,G,LLLYALLFLLLGTLLGSLILI,77.41864100243966
LLLAYLLGVLLGLLLGSLILI,LLLAYLLGVLLGALLGSLILI,GAS,void,,,,,,,,,,,3158.83,3952.63,58.1961,62.6175,3153.68,4008.56,114.355,107.556,-26.7388,1.1e+17,12,L,67.2045,48.23335028,3096.2125,3046.124,50.0885,1.0,1.106886879343392,0.07918834166274995,G,LLLFYLLGVLLGLLLASLILI,100.39576661073694
LLLTLLLGLLLGVLLGSLILI,LLLTLLLGALLGVLLGSLILI,GAS,void,,,,,,,,,,,3264.72,3866.52,64.4877,69.2151,3232.5,3941.92,126.994,108.872,-10.7178,1.1e+17,8,L,62.1145,52.70335096,3195.5049,3123.628,71.8769,1.0,0.6393773458118183,0.05620538739676583,G,LLLTLLLGLLLGVLLASLILI,57.99217606084001
LLLTLLLGLLLGVLLGSLILI,LLLTALLGLLLGVLLGSLILI,GAS,void,,,,,,,,,,,3204.85,3853.93,54.3885,53.3193,3232.5,3941.92,121.469,130.582,-10.7178,1.1e+17,4,L,85.1559,38.50458421,3151.5307,3101.918,49.6127,1.0,0.453040281358876,0.04966243814309223,G,LLLAALLALLLGVLLGTLILI,41.091214650180994
LLLLVLLIGLLFGLLFALILI,LLLLVLLIGLLAGLLFALILI,GAS,void,,,,,,,,,,,3799.56,4544.93,56.5659,45.5896,3755.6,4687.67,155.122,110.079,-19.9506,1.1e+17,11,F,84.6782,34.99682961,3753.9704,3645.521,108.4494,1.0,1.148048337353121,0.08685858949626853,G,LLLTVLLLGLLFGLLFALILI,104.12915274876198
LLLSYLLGVLLGTLLGLLILI,LLLSYLLGVLLGTLLGALILI,GAS,void,,,,,,,,,,,3209.38,3963.54,56.9049,113.674,3245.3,4012.18,112.207,216.152,-19.8281,1.1e+17,16,L,15.7888,87.80437315,3095.706,3029.148,66.558,1.0,0.9694802926175462,0.07182037429639154,G,LLLSYLLTVLLGTLLAFLILI,87.93284933423146
LLLTFLLGVLLGLLLGSLILI,LLLTALLGVLLGLLLGSLILI,GAS,void,,,,,,,,,,,3127.14,3869.36,64.833,60.6958,3087.52,4035.01,167.333,125.934,-32.3478,1.1e+17,4,F,77.7794,43.83153084,3066.4442,2961.586,104.8582,1.0,0.9949210678143072,0.047404271991863915,G,LLLFYLLGVLLGLLLASLILI,90.24035353968864
LLLSTLLGALLGLLLAVLILI,LLLSTLLGALLGALLAVLILI,GAS,void,,,,,,,,,,,3159.81,3812.41,58.9996,66.1692,3141.51,3882.81,120.746,105.884,-14.0094,1.1e+17,12,L,63.6528,50.96917318,3093.6408,3035.626,58.0148,1.0,1.27852979903694,0.13913303097602295,G,LLLSTLLGLLLGVLLAILILI,115.9639541351578
LLLSTLLGALLGLLLAVLILI,LLLSALLGALLGLLLAVLILI,GAS,void,,,,,,,,,,,3152.25,3844.89,66.4487,40.1412,3141.51,3882.81,96.9412,62.2308,-14.0094,1.1e+17,4,T,98.334,28.98800652,3112.1088,3079.2792,32.8296,1.0,1.2156056936445458,0.11765737662552116,G,LLLSTLLGALLGLLLAVLILI,110.25667372822798
LLLGTLLVGLLFALLSLLILI,LLLGTLLVGLLAALLSLLILI,GAS,void,,,,,,,,,,,3652.27,4469.53,51.8374,41.7761,3637.91,4609.79,153.966,130.386,-20.0944,1.1e+17,11,F,88.4917,32.06939858,3610.4939,3507.524,102.9699,1.0,0.3678324844024573,0.033850432467781875,G,LLLLTLLVGLLFALLSILILI,33.362780736747844
LLLGTLLVGLLFALLSLLILI,LLLGTLLVGLLFALLSALILI,GAS,void,,,,,,,,,,,3647.54,4557.72,43.6763,42.4823,3637.91,4609.79,100.55,91.9995,-20.0944,1.1e+17,16,L,86.9805,32.81429106,3605.0577,3545.9105,59.1472,1.0,0.3336224878406255,0.027758558377878727,G,LLLLTLLVGLLFALLYGLILI,30.25989922765166
LLLTYLLFVLLGILLALLILI,LLLTALLFVLLGILLALLILI,GAS,void,,,,,,,,,,,3685.86,4665.57,53.3221,35.6784,3608.99,4793.04,154.302,110.008,-19.9727,1.1e+17,4,Y,102.7968,25.76519117,3650.1816,3498.982,151.1996,1.0,0.5925529850176878,0.06285348711756102,G,LLLTFLLAVLLGILLGLLILI,53.745158876235664
LLLALLLGLLLGVLLGSLILI,LLLALLLGALLGVLLGSLILI,GAS,void,,,,,,,,,,,3168.69,3833.29,64.9555,50.7233,3142.99,3905.35,126.381,86.6692,-30.7627,1.1e+17,8,L,80.6063,38.62289994,3117.9667,3056.3208,61.6459,1.0,8.25263196432306,0.5598982671760535,G,LLLALLLGFLLGTLLGVLILI,748.5221191762352
LLLAYLLGLLLGFLLGTLILI,LLLAYLLGLLLGALLGTLILI,GAS,void,,,,,,,,,,,3568.73,4564.51,60.4872,103.663,3565.83,4708.65,160.711,228.276,-28.9835,1.1e+17,12,F,26.159,79.85010245,3465.067,3337.554,127.513,1.0,1.0535425767397335,0.0927347754084241,G,LLLAALLALLLGVLLGTLILI,95.5573840676298
LLLYALLVLLLGTLLAFLILI,LLLYALLVLLLGTLLAALILI,GAS,void,,,,,,,,,,,3435.72,4090.4,55.9877,102.374,3555.56,4236.88,155.324,286.84,-12.827,1.1e+17,16,F,27.0888,79.07599712,3333.346,3268.72,64.626,1.0,0.2445825884040142,0.019840272991631526,G,LLLYALLFLLLGTLLSILILI,22.1838897187267
LLLYALLVLLLGTLLAFLILI,LLLYALLVALLGTLLAFLILI,GAS,void,,,,,,,,,,,3570.88,4163.26,54.3994,36.6447,3555.56,4236.88,117.077,84.6928,-12.827,1.1e+17,8,L,94.6849,27.90284901,3534.2353,3470.8672,63.3681,1.0,0.2648819696399707,0.024489480161997573,G,LLLYALLALLLGTLLSFLILI,24.02506425872702
LLLTFLLGILLGLLLGSLILI,LLLTFLLGILLGALLGSLILI,GAS,void,,,,,,,,,,,3086.41,3943.78,57.3885,71.7368,3080.08,3997.82,113.502,118.71,-33.988,1.1e+17,12,L,58.0852,55.25781455,3014.6732,2961.37,53.3032,1.0,1.2001027233628865,0.03033686405882915,G,LLLTFLLAILLGLLLGVLILI,108.85053854385038
LLLAYLLFLLLGTLLGSLILI,LLLAALLFLLLGTLLGSLILI,GAS,void,,,,,,,,,,,3135.19,4006.63,50.1395,64.59,3094.61,4165.81,161.85,163.193,-37.6883,1.1e+17,4,Y,54.8008,67.71310805,3070.6,2931.417,139.183,1.0,0.2880471360573023,0.02102202264298514,G,LLLAGLLFLLLGTLLGSLILI,26.126168431642053
LLLFYLLGVLLGLLLGTLILI,LLLFALLGVLLGLLLGTLILI,GAS,void,,,,,,,,,,,3542.08,4557.84,59.9807,33.8809,3512.1,4667.56,153.735,144.645,-37.9263,1.1e+17,4,Y,104.5943,24.4671248,3508.1991,3367.455,140.7441,1.0,0.821980571896477,0.08694648611499659,G,LLLFYLLGVLLGLLLASLILI,74.55447453097634
LLLSYLLVLLLGTLLAFLILI,LLLSALLVLLLGTLLAFLILI,GAS,void,,,,,,,,,,,3330.54,4069.47,45.0681,66.5625,3306.57,4229.6,159.244,174.813,-30.2578,1.1e+17,4,Y,71.9127,48.06817394,3263.9775,3131.757,132.2205,1.0,0.316832697500967,0.019320792680724837,G,LLLYALLALLLGTLLSFLILI,28.73704815421273
LLLSYLLVLLLGTLLAFLILI,LLLSYLLVLLLGTLLAALILI,GAS,void,,,,,,,,,,,3244.75,4080.95,55.9257,106.451,3306.57,4229.6,156.044,254.736,-30.2578,1.1e+17,16,F,23.0118,82.22516429,3138.299,3051.834,86.465,1.0,0.5053679000499053,0.03734068792227961,G,LLLSYLLTVLLGTLLAFLILI,45.83738292757226
LLLLTLLVGLLFALLYGLILI,LLLLTLLVGLLFALLAGLILI,GAS,void,,,,,,,,,,,3761.35,4651.97,35.9032,23.1762,3716.47,4667.58,111.491,89.9611,-14.9538,1.1e+17,15,Y,106.5442,17.86627238,3738.1738,3626.5089,111.6649,1.0,0.3602595059149299,0.02775252406450944,G,LLLLTLLVGLLFALLYGLILI,32.67590387970808
LLLLTLLVGLLFALLYGLILI,LLLLTLLVGLLAALLYGLILI,GAS,void,,,,,,,,,,,3732.67,4642.21,39.7319,39.0244,3716.47,4667.58,111.476,95.3229,-14.9538,1.1e+17,11,F,91.2434,29.95705769,3693.6456,3621.1471,72.4985,1.0,0.2277007417994665,0.010225721391485832,G,LLLLTLLVGLLFALLYGLILI,20.652689048362053
LLLTFLLGLLLGYLLSILILI,LLLTFLLGLLLGALLSILILI,GAS,void,,,,,,,,,,,3203.24,4018.88,48.5166,80.7913,3174.53,4125.47,145.044,185.031,-19.9535,1.1e+17,12,Y,49.0307,62.23236431,3122.4487,2989.499,132.9497,1.0,0.2437063507557191,0.028686729884240515,G,LLLTALLALLLGVLLSILILI,22.10441407214033
LLLAYLLFLLLGTLLSILILI,LLLAALLFLLLGTLLSILILI,GAS,void,,,,,,,,,,,3266.67,4060.81,49.8836,55.1827,3234.44,4216.18,160.019,159.03,-19.1342,1.1e+17,4,Y,51.4328,69.69742675,3211.4873,3075.41,136.0773,1.0,0.1286160821532329,0.012688441866361772,G,LLLAGLLFLLLGTLLGSLILI,11.665609564279125
LLLSYLLTVLLGTLLAFLILI,LLLSALLTVLLGTLLAFLILI,GAS,void,,,,,,,,,,,3381.75,4026.64,58.6248,78.1095,3323.22,4200.72,174.444,134.462,-9.70983,1.1e+17,4,Y,60.3657,56.40685119,3303.6405,3188.758,114.8825,1.0,0.2556590705197039,0.022373378928337035,G,LLLSYLLTVLLGTLLAFLILI,23.188537920911944
LLLSYLLTVLLGTLLAFLILI,LLLSYLLTVLLGTLLAALILI,GAS,void,,,,,,,,,,,3221.01,4053.9,56.1317,100.685,3323.22,4200.72,155.229,276.262,-9.70983,1.1e+17,16,F,28.7778,77.77137525,3120.325,3046.958,73.367,1.0,0.3325979304222521,0.0371901280556005,G,LLLSYLLTVLLGTLLAFLILI,30.166970826950656
LLLWSLLTLLLGVLLAFLILI,LLLASLLTLLLGVLLAFLILI,GAS,void,,,,,,,,,,,3392.87,4052.02,62.2955,121.678,3343.65,4129.95,168.745,197.624,-18.8028,1.1e+17,3,W,125.38944,3.338688441,3271.192,3146.026,125.166,1.0,0.3022130397277841,0.024310406122717367,G,LLLASLLTLLLGYLLGVLILI,27.41103031344115
LLLYFLLTILLGVLLALLILI,LLLYALLTILLGVLLALLILI,GAS,void,,,,,,,,,,,3416.94,4096.8,49.8926,69.0783,3389.43,4242.47,150.71,143.081,-18.4887,1.1e+17,4,F,69.3969,49.88496135,3347.8617,3246.349,101.5127,1.0,0.3786246448674605,0.04390485724092815,G,LLLYILLTVLLGFLLALLILI,34.3416406758166
LLLYFLLTILLGVLLALLILI,LLLYFLLTALLGVLLALLILI,GAS,void,,,,,,,,,,,3433.77,4208.86,63.6223,45.9787,3389.43,4242.47,107.389,78.8402,-18.4887,1.1e+17,8,I,85.3509,35.01015765,3387.7913,3310.5898,77.2015,1.0,0.3433166179719839,0.048992399855940706,G,LLLYILLTVLLGFLLALLILI,31.139166697819253
LLLSYLLGLLLGVLLGTLILI,LLLSALLGLLLGVLLGTLILI,GAS,void,,,,,,,,,,,3551.26,4444.94,53.0508,65.2521,3499.07,4593.65,158.17,140.525,-28.5286,1.1e+17,4,Y,73.2231,47.12186731,3486.0079,3358.545,127.4629,1.0,0.9837575293582876,0.0377729697814683,G,LLLAALLALLLGVLLGTLILI,89.22780923882442
LLLSYLLGLLLGVLLGTLILI,LLLSYLLGALLGVLLGTLILI,GAS,void,,,,,,,,,,,3519.88,4530.66,64.77,58.6701,3499.07,4593.65,122.826,103.147,-28.5286,1.1e+17,8,L,72.6595,44.67393489,3461.2099,3395.923,65.2869,1.0,0.5797040659446948,0.02085888072611459,G,LLLSYLLGLLLGTLLGFLILI,52.57974883793286
LLLSYLLGLLLGVLLSTLILI,LLLSYLLGALLGVLLSTLILI,GAS,void,,,,,,,,,,,3297.26,4000.7,65.2985,80.3403,3254.35,4063.86,123.489,113.303,-6.10586,1.1e+17,8,L,50.9893,61.17455623,3216.9197,3141.047,75.8727,1.0,0.953244410381526,0.009660356117075213,G,LLLSYLLGVLLGLLLGTLILI,86.46023828959262
LLLGYLLALLLGTLLSFLILI,LLLGALLALLLGTLLSFLILI,GAS,void,,,,,,,,,,,3375.13,3983.59,53.7306,63.4414,3379.08,4117.73,162.995,199.101,-14.0,1.1e+17,4,Y,75.0338,45.81426855,3311.6886,3179.979,131.7096,1.0,0.3080782645767452,0.021206560228049218,G,LLLYSLLALLLGTLLGFLILI,27.94301217721127
LLLVILLTLLLGALLGFLILI,LLLVALLTLLLGALLGFLILI,GAS,void,,,,,,,,,,,3284.59,4014.95,47.2414,63.8886,3249.41,4052.76,96.7056,104.75,-33.0099,1.1e+17,4,I,74.5866,46.13721446,3220.7014,3144.66,76.0414,1.0,0.3289680779243897,0.02392595160524683,G,LLLYALLALLLGTLLGFLILI,29.83773951071808
LLLTFLLALLLGYLLGVLILI,LLLTALLALLLGYLLGVLILI,GAS,void,,,,,,,,,,,3679.59,4642.49,46.142,51.3311,3645.89,4726.91,132.415,117.212,-14.6326,1.1e+17,4,F,87.1441,37.06880366,3628.2589,3528.678,99.5809,1.0,0.7694042929907534,0.051505648141286366,G,LLLAALLALLLGVLLGTLILI,69.78575251901137
LLLTYLLAVLLGLLLGFLILI,LLLTYLLAVLLGLLLGALILI,GAS,void,,,,,,,,,,,3168.06,4019.49,59.3219,112.016,3232.9,4163.93,158.106,260.831,-25.681,1.1e+17,16,F,17.4468,86.52369638,3056.044,2972.069,83.975,1.0,0.6745188916110001,0.0018506166969915025,G,LLLTYLLAVLLGLLLAFLILI,61.179550033949205
LLLAYLLAVLLGLLLGFLILI,LLLAALLAVLLGLLLGFLILI,GAS,void,,,,,,,,,,,3647.54,4534.86,58.3954,66.3783,3618.64,4687.78,165.83,167.385,-14.6822,1.1e+17,4,Y,72.0969,47.93515373,3581.1617,3451.255,129.9067,1.0,0.3294415836266656,0.0289741191276567,G,LLLTYLLAVLLGLLLAFLILI,29.880686959876336
LLLAYLLAVLLGLLLGFLILI,LLLAYLLAVLLGALLGFLILI,GAS,void,,,,,,,,,,,3644.84,4633.09,61.9051,92.4409,3618.64,4687.78,118.044,131.103,-14.6822,1.1e+17,12,L,37.3811,71.2058819,3552.3991,3487.537,64.8621,1.0,0.5771163897766415,0.04724801079536637,G,LLLTYLLAVLLGLLLAFLILI,52.34504397560207
LLLTYLLGVLLGLLLGFLILI,LLLTALLGVLLGLLLGFLILI,GAS,void,,,,,,,,,,,3627.89,4485.05,57.3479,57.7036,3605.57,4587.98,151.151,154.631,-29.2244,1.1e+17,4,Y,89.2797,35.52657804,3570.1864,3450.939,119.2474,1.0,8.25263196432306,0.5598982671760535,G,LLLTYLLAVLLGLLLAFLILI,748.5221191762352
LLLSYLLGLLLGFLLATLILI,LLLSYLLGLLLGALLATLILI,GAS,void,,,,,,,,,,,3259.06,4049.63,52.4722,78.6123,3283.45,4176.44,150.077,196.552,-22.945,1.1e+17,12,F,51.2097,60.55391228,3180.4477,3086.898,93.5497,1.0,1.0508303958894016,0.04524825696104452,G,LLLSYLLGLLLGTLLGFLILI,95.3113865038882
LLLYLLLALLLGFLLGTLILI,LLLYLLLALLLGALLGTLILI,GAS,void,,,,,,,,,,,3343.02,4115.94,60.1257,48.4342,3342.12,4262.44,161.331,138.193,-33.7836,1.1e+17,12,F,81.3878,37.3081604,3294.5858,3203.927,90.6588,1.0,0.191840140178177,0.022385710131918396,G,LLLYSLLALLLGTLLGFLILI,17.40009598029057
LLLYLLLALLLGFLLGTLILI,LLLYALLALLLGFLLGTLILI,GAS,void,,,,,,,,,,,3369.3,4175.76,53.3033,72.465,3342.12,4262.44,120.37,121.091,-33.7836,1.1e+17,4,L,66.0102,52.33067004,3296.835,3221.029,75.806,1.0,0.3652088885923452,0.035575200967154746,G,LLLYSLLALLLGTLLGFLILI,33.1248179263212
LLLTLLLGILLGFLLAVLILI,LLLTLLLGILLGALLAVLILI,GAS,void,,,,,,,,,,,3621.03,4512.95,56.0571,86.2929,3636.98,4656.17,153.942,209.513,-39.0511,1.1e+17,12,F,43.5291,66.47016684,3534.7371,3427.467,107.2701,1.0,1.2247235215941386,0.028103102345723104,G,LLLTVLLGILLGLLLAFLILI,111.08367000391532
LLLTFLLGLLLGVLLAILILI,LLLTALLGLLLGVLLAILILI,GAS,void,,,,,,,,,,,3621.06,4530.07,53.1085,40.9816,3586.43,4620.01,140.143,94.9372,-29.261,1.1e+17,4,F,97.4936,29.59490219,3580.0784,3491.4928,88.5856,1.0,0.8689104380611602,0.055565891537452394,G,LLLTALLALLLGVLLSILILI,78.81106116007935
LLLTFLLGLLLGVLLAILILI,LLLTFLLGLLLGVLLAALILI,GAS,void,,,,,,,,,,,3584.15,4617.29,42.4335,83.4822,3586.43,4620.01,77.7873,154.86,-29.261,1.1e+17,16,I,45.9806,64.48354276,3500.6678,3431.57,69.0978,1.0,1.1272369065201358,0.060043048124251645,G,LLLTFLLGILLGVLLSLLILI,102.24153478911708
LLLYILLGLLLGTLLASLILI,LLLAILLGLLLGTLLASLILI,GAS,void,,,,,,,,,,,3167.65,3907.1,67.3979,34.9541,3197.9,4097.78,188.909,197.731,-11.5693,1.1e+17,3,Y,134.7767,20.59384626,3132.6959,3000.169,132.5269,1.0,0.9582075073566688,0.07164088533415332,G,LLLAGLLFLLLGTLLGSLILI,86.91039623696886
LLLYILLGLLLGTLLASLILI,LLLYALLGLLLGTLLASLILI,GAS,void,,,,,,,,,,,3214.28,4036.3,58.0611,51.8338,3197.9,4097.78,115.298,99.9369,-11.5693,1.1e+17,4,I,86.6414,37.43182895,3162.4462,3097.9631,64.4831,1.0,0.3050348513067352,0.03064965098378766,G,LLLYALLFLLLGTLLSILILI,27.6669714958571
LLLYGLLALLLGTLLSFLILI,LLLYGLLALLLGTLLSALILI,GAS,void,,,,,,,,,,,3822.59,4630.56,41.6413,82.4793,3924.78,4732.54,134.75,269.037,-21.9621,1.1e+17,16,F,46.9835,63.70888008,3740.1107,3655.743,84.3677,1.0,0.2178367024940411,0.013475046219744493,G,LLLYSLLALLLGTLLGFLILI,19.758010643163065
LLLVGLLFALLGILLSLLILI,LLLVGLLAALLGILLSLLILI,GAS,void,,,,,,,,,,,3595.71,4504.49,61.1596,32.7193,3574.96,4688.68,168.227,104.481,-22.629,1.1e+17,7,F,96.8761,25.24726958,3562.9907,3470.479,92.5117,1.0,0.0394541883837609,0.0033847049128964235,G,LLLTVLLGALLGILLSLLILI,3.578535045190715
LLLVGLLFALLGILLSLLILI,LLLVGLLFALLGALLSLLILI,GAS,void,,,,,,,,,,,3621.11,4652.49,50.6536,53.2049,3574.96,4688.68,99.0326,87.8918,-22.629,1.1e+17,12,I,76.6171,40.98296129,3567.9051,3487.0682,80.8369,1.0,0.5610992430811077,0.07966528672560858,G,LLLYGLLFALLGILLTLLILI,50.8922724671272
LLLTALLAGLLFLLLSVLILI,LLLTALLAGLLALLLSVLILI,GAS,void,,,,,,,,,,,3680.64,4520.76,50.7201,18.7426,3667.29,4644.23,148.309,99.7995,-11.4684,1.1e+17,11,F,111.5252,14.38774586,3661.8974,3567.4905,94.4069,1.0,0.3117777875683202,0.009589966663456542,G,LLLTALLAGLLFLLLSVLILI,28.27856267813829
LLLTALLAGLLFLLLSVLILI,LLLAALLAGLLFLLLSVLILI,GAS,void,,,,,,,,,,,3670.37,4605.01,62.0439,98.4486,3667.29,4644.23,93.4548,138.152,-11.4684,1.1e+17,3,T,71.2822,58.0027903,3571.9214,3529.138,42.7834,1.0,0.3284139613282877,0.031177058454241232,G,LLLTALLAGLLFLLLSVLILI,29.7874805714393
LLLAYLLGFLLGLLLGTLILI,LLLAYLLGALLGLLLGTLILI,GAS,void,,,,,,,,,,,3490.17,4579.22,53.6913,58.8888,3478.51,4667.78,140.358,147.851,-17.1112,1.1e+17,8,F,72.4408,44.84046247,3431.2812,3330.659,100.6222,1.0,2.4018971662458104,0.06153488292409169,G,LLLVALLFALLGLLLGTLILI,217.85451777009936
LLLTLLLGILLGVLLGALILI,LLLTLLLGALLGVLLGALILI,GAS,void,,,,,,,,,,,3556.99,4450.77,64.4223,56.6499,3524.14,4491.0,110.698,98.5982,-22.5276,1.1e+17,8,I,74.6797,43.13566782,3500.3401,3425.5418,74.7983,1.0,0.6677380507479429,0.03570260237474759,G,LLLTLLLGLLLGVLLASLILI,60.56452086573296
LLLTLLLGILLGVLLGALILI,LLLTALLGILLGVLLGALILI,GAS,void,,,,,,,,,,,3540.84,4429.99,53.2406,50.4689,3524.14,4491.0,111.206,99.273,-22.5276,1.1e+17,4,L,88.0063,36.44616509,3490.3711,3424.867,65.5041,1.0,0.7616367025927737,0.029891596094998505,G,LLLTFLLGILLGVLLSLLILI,69.0812241636062
LLLTALLALLLGVLLSILILI,LLLTALLALLLGVLLSALILI,GAS,void,,,,,,,,,,,3550.01,4443.38,41.5445,82.4024,3555.59,4450.39,78.5661,155.823,-14.4706,1.1e+17,16,I,47.0604,63.64948078,3467.6076,3399.767,67.8406,1.0,0.682959026427017,0.004554545465134265,G,LLLYALLALLLGTLLSFLILI,61.94507885262544
LLLFGLLALLLGVLLSTLILI,LLLAGLLALLLGVLLSTLILI,GAS,void,,,,,,,,,,,3645.01,4483.11,63.0757,67.3319,3639.22,4632.3,163.303,161.549,-11.6285,1.1e+17,3,F,102.3989,39.66981832,3577.6781,3477.671,100.0071,1.0,0.2851718841177222,0.0067462362980195145,G,LLLAALLALLLGVLLGTLILI,25.865380154122324
LLLTLLLGILLGVLLSALILI,LLLTALLGILLGVLLSALILI,GAS,void,,,,,,,,,,,3594.46,4450.21,54.6493,48.1612,3573.61,4514.25,113.66,95.8198,-30.5819,1.1e+17,4,L,90.314,34.7796573,3546.2988,3477.7902,68.5086,1.0,0.979213151690788,0.06823546575391556,G,LLLTALLALLLGVLLSILILI,88.81562955884849
LLLTFLLGILLGLLLGVLILI,LLLTALLGILLGLLLGVLILI,GAS,void,,,,,,,,,,,3512.2,4477.4,54.8395,48.9977,3486.72,4604.32,151.183,120.418,-41.3974,1.1e+17,4,F,89.4775,35.38373658,3463.2023,3366.302,96.9003,1.0,1.181831337036371,0.03889674433152587,G,LLLTVLLAILLGLLLGFLILI,107.19330520634838
LLLTALLFLLLGVLLGILILI,LLLTALLFLLLGVLLGALILI,GAS,void,,,,,,,,,,,3613.7,4615.1,42.5714,84.5819,3613.93,4621.39,79.6612,155.737,-13.4938,1.1e+17,16,I,44.8809,65.33297596,3529.1181,3458.193,70.9251,1.0,3.6793796081274985,0.04000437075175487,G,LLLAALLALLLGVLLGTLILI,333.72347554521434
LLLTALLFLLLGVLLGILILI,LLLTALLALLLGVLLGILILI,GAS,void,,,,,,,,,,,3622.37,4459.17,56.6088,14.6538,3613.93,4621.39,158.038,68.4696,-13.4938,1.1e+17,7,F,114.9416,11.30734579,3607.7162,3545.4604,62.2558,1.0,0.7301297735632569,0.04986820666531207,G,LLLAALLALLLGVLLGTLILI,66.22351363103142
LLLLFLLGTLLGVLLASLILI,LLLLALLGTLLGVLLASLILI,GAS,void,,,,,,,,,,,3205.34,3890.86,61.294,68.8514,3161.04,4067.85,167.849,119.075,-16.7625,1.1e+17,4,F,69.6238,49.7211053,3136.4886,3041.965,94.5236,1.0,0.5196821165055191,0.042216540949659515,G,LLLTLLLGLLLGVLLASLILI,47.13569692994426
LLLTLLLGVLLGFLLSILILI,LLLTLLLGVLLGALLSILILI,GAS,void,,,,,,,,,,,3584.51,4513.23,45.9669,67.9681,3589.94,4627.41,141.404,199.305,-41.4977,1.1e+17,12,F,61.8539,52.3548397,3516.5419,3390.635,125.9069,1.0,1.1543666220405742,0.09862432555822442,G,LLLALLLGVLLGTLLSFLILI,104.70222760103418
LLLTLLLGVLLGFLLSILILI,LLLTALLGVLLGFLLSILILI,GAS,void,,,,,,,,,,,3619.78,4563.44,64.0245,54.2537,3589.94,4627.41,122.499,108.236,-41.4977,1.1e+17,4,L,84.2215,39.17936208,3565.5263,3481.704,83.8223,1.0,1.1384866995783645,0.019539952694195017,G,LLLTALLALLLGVLLSILILI,103.26190247019666
LLLAYLLGTLLGILLALLILI,LLLAYLLGTLLGILLAALILI,GAS,void,,,,,,,,,,,3531.84,4565.83,41.88,81.0566,3525.21,4584.69,89.62,151.146,-26.1659,1.1e+17,16,L,48.4062,62.60995437,3450.7834,3374.064,76.7194,1.0,1.0259187690079854,0.12967267638226906,G,LLLAYLLGVLLGLLLAFLILI,93.05187658923091
LLLTFLLAVLLGLLLGSLILI,LLLTALLAVLLGLLLGSLILI,GAS,void,,,,,,,,,,,3215.16,3859.39,60.1349,71.2427,3194.4,4011.67,161.042,156.165,-21.6354,1.1e+17,4,F,67.2325,51.44798491,3143.9173,3038.235,105.6823,1.0,0.3999622291680649,0.027611309102902055,G,LLLTYLLAVLLGLLLAFLILI,36.27698129052436
LLLTFLLAVLLGLLLGSLILI,LLLTFLLAVLLGALLGSLILI,GAS,void,,,,,,,,,,,3207.77,3959.57,57.8448,63.4725,3194.4,4011.67,113.357,107.593,-21.6354,1.1e+17,12,L,66.3495,48.89194435,3144.2975,3086.807,57.4905,1.0,0.5044107941100936,0.04164769413609744,G,LLLYFLLALLLGTLLGSLILI,45.75057244463286
LLLTGLLFGLLFALLVLLILI,LLLTGLLFGLLAALLVLLILI,GAS,void,,,,,,,,,,,3686.05,4627.84,49.5829,32.0566,3661.25,4767.12,148.606,111.997,-20.5032,1.1e+17,11,F,98.2112,24.60823012,3653.9934,3549.253,104.7404,1.0,0.2328206066080359,0.0334008670360062,G,LLLTGLLFGLLAILLSLLILI,21.11706599779755
LLLTALLFSLLGILLALLILI,LLLTALLFSLLGILLAALILI,GAS,void,,,,,,,,,,,3649.08,4625.68,40.0493,75.896,3633.24,4645.72,88.8547,134.642,-14.6587,1.1e+17,16,L,53.5668,58.62379,3573.184,3498.598,74.586,1.0,0.3501854917722044,0.03871182397047976,G,LLLTYLLFVLLGILLALLILI,31.762180543041296
LLLAVLLGFLLGILLSLLILI,LLLAVLLGALLGILLSLLILI,GAS,void,,,,,,,,,,,3607.29,4430.08,52.801,43.43,3569.35,4556.02,149.279,93.5525,-14.3645,1.1e+17,8,F,87.8996,33.06946796,3563.86,3475.7975,88.0625,1.0,2.52793389289634,0.16714709591087634,G,LLLTVLLGALLGILLSLLILI,229.28617716486423
LLLYVLLTLLLGALLAFLILI,LLLYVLLTALLGALLAFLILI,GAS,void,,,,,,,,,,,3484.54,4168.29,59.6828,29.5556,3479.66,4213.02,113.054,78.7345,-21.2603,1.1e+17,8,L,101.774,22.50490369,3454.9844,3400.9255,54.0589,1.0,0.2560409134029869,0.03698054721953907,G,LLLYVLLTLLLGALLAFLILI,23.223171459087773
LLLYFLLATLLGLLLGVLILI,LLLYALLATLLGLLLGVLILI,GAS,void,,,,,,,,,,,3678.21,4628.75,53.5432,61.5898,3650.12,4758.79,151.283,139.187,-23.4915,1.1e+17,4,F,76.8854,44.47713381,3616.6202,3510.933,105.6872,1.0,0.2667269348063164,0.02049390776854311,G,LLLYTLLAILLGLLLGFLILI,24.192404477228173
LLLYYLLAFLLGTLLGLLILI,LLLYALLAFLLGTLLGLLILI,GAS,void,,,,,,,,,,,3317.41,4162.48,61.0265,59.3138,3247.24,4347.99,179.756,126.638,-30.6455,1.1e+17,4,Y,79.1614,42.8335182,3258.0962,3120.602,137.4942,1.0,0.302297059860234,0.030809830093984494,G,LLLYSLLALLLGTLLGFLILI,27.418651024974967
LLLSYLLFVLLGILLALLILI,LLLSYLLAVLLGILLALLILI,GAS,void,,,,,,,,,,,3197.1,4038.45,59.9478,28.32,3186.06,4198.61,160.708,97.2252,-25.4259,1.1e+17,7,F,101.2754,21.85262749,3168.78,3088.8348,79.9452,1.0,0.953993301716969,0.08781164278008624,G,LLLTYLLAVLLGLLLAFLILI,86.52816349598278
LLLYFLLALLLGVLLGTLILI,LLLYALLALLLGVLLGTLILI,GAS,void,,,,,,,,,,,3612.98,4632.3,50.3131,42.5881,3577.33,4717.21,137.2,98.3766,-23.3014,1.1e+17,4,F,95.8871,30.75503773,3570.3919,3478.9534,91.4385,1.0,0.2278425388595928,0.025567102069877848,G,LLLYSLLALLLGTLLGFLILI,20.66555018604485
LLLALLLGLLLGVLLGTLILI,LLLALLLGALLGVLLGTLILI,GAS,void,,,,,,,,,,,3503.68,4436.12,65.1176,47.224,3464.7,4507.79,126.274,74.0439,-31.4979,1.1e+17,8,L,84.1056,35.95838257,3456.456,3390.6561,65.7999,1.0,0.9206522984411392,0.010102258003278826,G,LLLAALLALLLGVLLGTLILI,83.50410056243925
LLLTVLLGLLLGFLLSILILI,LLLTVLLGLLLGALLSILILI,GAS,void,,,,,,,,,,,3686.08,4491.67,48.6391,87.4286,3663.75,4567.16,128.06,187.671,-21.0659,1.1e+17,12,F,42.3934,67.34498005,3598.6514,3476.079,122.5724,1.0,0.4640380805045639,0.050967343631897276,G,LLLTVLLGALLGILLSLLILI,42.08872622689896
LLLYLLLAVLLGTLLSFLILI,LLLYALLAVLLGTLLSFLILI,GAS,void,,,,,,,,,,,3423.87,4104.5,60.3486,84.9878,3418.59,4229.82,135.302,139.178,-7.09849,1.1e+17,4,L,53.4874,61.37402221,3338.8822,3279.412,59.4702,1.0,0.2557763734751485,0.019973889322592156,G,LLLYSLLALLLGTLLGFLILI,23.199177418368595
LLLTVLLALLLGFLLGSLILI,LLLTVLLAALLGFLLGSLILI,GAS,void,,,,,,,,,,,3208.87,3945.1,65.7388,53.2208,3184.77,3992.71,118.598,88.2911,-21.2463,1.1e+17,8,L,78.1088,40.52460375,3155.6492,3096.4789,59.1703,1.0,0.7369421674656207,0.022862123699435074,G,LLLTVLLAILLGLLLGFLILI,66.8414046920293
LLLFGLLAALLGILLTLLILI,LLLAGLLAALLGILLTLLILI,GAS,void,,,,,,,,,,,3601.52,4419.72,62.2005,109.272,3580.84,4571.38,164.152,202.251,-18.2075,1.1e+17,3,F,60.4588,64.37959404,3492.248,3378.589,113.659,1.0,0.3811766506811233,0.033126738577153876,G,LLLYGLLFALLGILLTLLILI,34.57311020069679
LLLSYLLVALLGALLGLLILI,LLLSALLVALLGALLGLLILI,GAS,void,,,,,,,,,,,3233.21,3858.05,52.5631,75.3648,3211.22,4027.51,169.347,171.969,-27.9455,1.1e+17,4,Y,63.1104,54.42476342,3157.8452,3039.251,118.5942,1.0,0.1766169707769961,0.021513962704993332,G,LLLSYLLTALLGALLGFLILI,16.01933902057009
LLLYVLLFLLLGALLGTLILI,LLLYVLLALLLGALLGTLILI,GAS,void,,,,,,,,,,,3872.47,4626.77,57.8391,23.4406,3868.07,4783.97,158.157,85.1105,-10.102,1.1e+17,7,F,106.1548,18.08752471,3849.0294,3782.9595,66.0699,1.0,0.1586744910969149,0.01782189211792287,G,LLLYSLLALLLGTLLGFLILI,14.391937850680092
LLLYVLLFLLLGALLGTLILI,LLLYVLLFALLGALLGTLILI,GAS,void,,,,,,,,,,,3883.0,4746.5,59.028,20.4981,3868.07,4783.97,108.64,43.2118,-10.102,1.1e+17,8,L,110.8315,15.60813404,3862.5019,3824.8582,37.6437,1.0,0.1135879296525861,0.00730627899648688,G,LLLVALLFALLGLLLGTLILI,10.30254083593671
LLLYALLVGLLFLLLGTLILI,LLLYALLVGLLALLLGTLILI,GAS,void,,,,,,,,,,,3858.6,4610.1,56.8874,21.5816,3850.68,4766.88,157.004,103.772,-16.4553,1.1e+17,11,F,108.6862,16.56710254,3837.0184,3746.908,90.1104,1.0,0.2135115824644002,0.020126611624987856,G,LLLATLLVGLLFLLLGTLILI,19.36571785411417
LLLYALLVGLLFLLLGTLILI,LLLYALLVGLLFLLLGALILI,GAS,void,,,,,,,,,,,3876.3,4749.06,44.8685,59.2403,3850.68,4766.88,71.5151,86.334,-16.4553,1.1e+17,16,T,70.2225,45.75854995,3817.0597,3764.346,52.7137,1.0,0.2085842561015529,0.0199834942754319,G,LLLASLLVGLLFLLLGLLILI,18.918804337682573
LLLSTLLGALLGLLLGFLILI,LLLSTLLGALLGALLGFLILI,GAS,void,,,,,,,,,,,3569.34,4411.0,41.8927,36.9658,3529.41,4457.08,98.6173,70.3807,-18.9335,1.1e+17,12,L,92.8562,28.47421855,3532.3742,3459.0293,73.3449,1.0,1.0660679207933363,0.06422412570777106,G,LLLSYLLGLLLGTLLGFLILI,96.6934455223203
LLLTLLLGVLLGLLLAFLILI,LLLTLLLGVLLGALLAFLILI,GAS,void,,,,,,,,,,,3742.96,4580.63,56.2285,103.276,3701.7,4629.51,111.377,140.679,-9.96961,1.1e+17,12,L,26.546,79.55200197,3639.684,3561.021,78.663,1.0,1.2345303684080435,0.06812234552251568,G,LLLTYLLAVLLGLLLAFLILI,111.97316099191954
LLLVTLLLGLLFALLSTLILI,LLLVTLLLGLLAALLSTLILI,GAS,void,,,,,,,,,,,3681.96,4476.55,54.4386,45.7949,3653.02,4615.74,156.526,140.515,-21.2906,1.1e+17,11,F,84.4729,35.15442803,3636.1651,3512.505,123.6601,1.0,0.2542899609721264,0.029812667590679277,G,LLLVTLLLGLLFALLSTLILI,23.06435829138679
LLLYFLLGLLLGVLLASLILI,LLLYALLGLLLGVLLASLILI,GAS,void,,,,,,,,,,,3261.23,4031.74,54.9409,45.6751,3231.65,4115.37,137.67,102.718,-37.2871,1.1e+17,4,F,92.8001,32.98431777,3215.5549,3128.932,86.6229,1.0,0.8330221670285001,0.06326142279076472,G,LLLYALLFLLLGTLLGSLILI,75.55595844823301
LLLYILLTLLLGALLAFLILI,LLLYILLTLLLGALLAALILI,GAS,void,,,,,,,,,,,3422.09,4100.56,58.648,95.0315,3511.14,4245.13,157.242,262.743,-21.875,1.1e+17,16,F,34.4313,73.40448376,3327.0585,3248.397,78.6615,1.0,0.1810420773534734,0.020586655602232478,G,LLLYILLTVLLGFLLALLILI,16.420700691189207
LLLYVLLATLLGGLLFLLILI,LLLYVLLATLLGGLLFALILI,GAS,void,,,,,,,,,,,3884.63,4679.53,44.424,13.2151,3876.84,4729.73,101.069,71.7529,-15.2477,1.1e+17,16,L,116.2477,10.20764266,3871.4149,3805.0871,66.3278,1.0,0.3074331201348793,0.013745168736988262,G,LLLYVLLTLLLGGLLFALILI,27.88449691966824
LLLLTLLVGLLFALLSTLILI,LLLLTLLVGLLAALLSTLILI,GAS,void,,,,,,,,,,,3662.94,4520.93,51.7444,41.2647,3640.95,4661.27,153.977,123.369,-24.7927,1.1e+17,11,F,89.0031,31.67682267,3621.6753,3517.581,104.0943,1.0,0.2589996878945333,0.022224080824674454,G,LLLLTLLVGLLFALLYGLILI,23.491535317084992
LLLYTLLVGLLFALLGLLILI,LLLYTLLVGLLAALLGLLILI,GAS,void,,,,,,,,,,,3372.25,4078.71,60.9714,31.5216,3355.12,4263.83,168.032,113.159,-20.2698,1.1e+17,11,F,98.7462,24.19753769,3340.7284,3241.961,98.7674,1.0,0.300394111574524,0.025217480368683418,G,LLLGTLLVGLLFALLSLLILI,27.24605167852885
LLLYVLLGALLGTLLSFLILI,LLLYVLLGALLGTLLSALILI,GAS,void,,,,,,,,,,,3827.39,4574.95,41.7615,79.3467,3900.7,4675.11,133.687,247.628,-11.7778,1.1e+17,16,F,50.1161,61.28918886,3748.0433,3653.072,94.9713,1.0,2.131436942162794,0.1551105643228671,G,LLLTVLLGALLGILLSLLILI,193.32350015551404
LLLYVLLGLLLGFLLSTLILI,LLLYVLLGLLLGALLSTLILI,GAS,void,,,,,,,,,,,3721.86,4595.26,53.3447,98.3864,3765.8,4741.15,154.653,251.937,-23.3255,1.1e+17,12,F,31.4356,75.78561415,3623.4736,3513.863,109.6106,1.0,0.9967305999761168,0.11394222926324521,G,LLLYVLLTLLLGALLAFLILI,90.40447994861258
LLLSYLLGVLLGLLLGFLILI,LLLSYLLGVLLGALLGFLILI,GAS,void,,,,,,,,,,,3312.83,4088.39,62.3835,85.4622,3305.6,4141.24,117.569,132.039,-30.3415,1.1e+17,12,L,44.3598,65.83029071,3227.3678,3173.561,53.8068,1.0,0.7755196701405844,0.03161415787484863,G,LLLSYLLTVLLGTLLAFLILI,70.34042345109006
LLLYFLLAVLLGLLLGTLILI,LLLYALLAVLLGLLLGTLILI,GAS,void,,,,,,,,,,,3631.39,4616.32,58.2845,61.0751,3598.51,4760.54,156.153,137.311,-23.8047,1.1e+17,4,F,77.4001,44.10544271,3570.3149,3461.199,109.1159,1.0,0.1868449626289744,0.021278282726931982,G,LLLYTLLAILLGLLLGFLILI,16.94702829219363
LLLYFLLAVLLGLLLGTLILI,LLLAFLLAVLLGLLLGTLILI,GAS,void,,,,,,,,,,,3485.02,4594.67,61.972,74.7269,3598.51,4760.54,175.817,277.122,-23.8047,1.1e+17,3,Y,95.0039,44.0267176,3410.2931,3321.388,88.9051,1.0,0.7311120091525443,0.05764307240073202,G,LLLAALLALLLGVLLGTLILI,66.31260339875669
LLLSYLLGVLLGTLLGFLILI,LLLSALLGVLLGTLLGFLILI,GAS,void,,,,,,,,,,,3355.23,3931.0,65.9003,100.136,3327.28,4123.37,184.251,218.788,-26.5145,1.1e+17,4,Y,38.3392,72.31330953,3255.094,3108.492,146.602,1.0,0.6446300657928677,0.04569735026609838,G,LLLYALLALLLGTLLGFLILI,58.46860310964722
LLLAYLLTILLGLLLGSLILI,LLLAALLTILLGLLLGSLILI,GAS,void,,,,,,,,,,,3182.23,3888.66,54.8082,74.3852,3130.84,4042.35,162.892,133.921,-16.5513,1.1e+17,4,Y,64.09,53.71734433,3107.8448,2996.919,110.9258,1.0,0.305473049327619,0.02402764727832505,G,LLLAYLLTILLGLLLGSLILI,27.706716502374867
LLLAYLLTILLGLLLGSLILI,LLLAYLLTALLGLLLGSLILI,GAS,void,,,,,,,,,,,3157.2,4026.32,52.4773,40.6779,3130.84,4042.35,92.6661,82.5992,-16.5513,1.1e+17,8,I,90.6517,30.97390078,3116.5221,3048.2408,68.2813,1.0,0.5902406472110898,0.061692247392240135,G,LLLAYLLTILLGLLLGSLILI,53.53542748354438
LLLYFLLGVLLGLLLGSLILI,LLLYALLGVLLGLLLGSLILI,GAS,void,,,,,,,,,,,3194.94,4001.85,65.9716,57.4854,3163.69,4167.07,168.031,134.796,-38.3902,1.1e+17,4,F,80.9898,41.51313737,3137.4546,3028.894,108.5606,1.0,0.4672393602204044,0.03160647208286351,G,LLLFYLLGVLLGLLLASLILI,42.37908555557567
LLLALLLGFLLGVLLSTLILI,LLLAALLGFLLGVLLSTLILI,GAS,void,,,,,,,,,,,3611.9,4558.18,64.5887,46.083,3598.97,4625.99,124.049,91.0811,-10.7949,1.1e+17,4,L,92.3922,33.27888315,3565.817,3507.8889,57.9281,1.0,1.2516199532372183,0.09168796324183438,G,LLLAALLALLLGVLLGTLILI,113.523203730706
LLLTFLLALLLGYLLGSLILI,LLLTFLLALLLGALLGSLILI,GAS,void,,,,,,,,,,,3270.15,3945.57,60.6471,94.1324,3231.13,4074.17,161.682,186.609,-9.74901,1.1e+17,12,Y,35.6896,72.50881977,3176.0176,3044.521,131.4966,1.0,0.7552304036825468,0.06440147575505226,G,LLLYFLLALLLGTLLGSLILI,68.50016633174239
LLLSYLLAILLGLLLGFLILI,LLLSALLAILLGLLLGFLILI,GAS,void,,,,,,,,,,,3384.33,3991.79,51.442,80.404,3343.7,4135.56,163.451,183.823,-23.6169,1.1e+17,4,Y,58.0712,58.06382659,3303.926,3159.877,144.049,1.0,0.3511803215182562,0.021052137584638177,G,LLLYTLLAILLGLLLGFLILI,31.85241261360417
LLLTFLLGVLLGLLLGALILI,LLLTALLGVLLGLLLGALILI,GAS,void,,,,,,,,,,,3466.54,4453.16,55.7664,54.2052,3433.44,4581.57,153.033,123.066,-37.6168,1.1e+17,4,F,84.27,39.14433776,3412.3348,3310.374,101.9608,1.0,1.2652895320129447,0.061980224507465494,G,LLLTYLLGVLLGLLLASLILI,114.76304843936222
LLLTVLLGLLLGFLLSALILI,LLLTVLLGLLLGALLSALILI,GAS,void,,,,,,,,,,,3630.59,4512.62,57.7777,103.853,3696.54,4659.24,157.642,262.462,-19.9475,1.1e+17,12,F,25.969,79.99645669,3526.737,3434.078,92.659,1.0,0.649684161347444,0.020759051676080234,G,LLLTVLLGALLGILLSLLILI,58.92701472080174
LLLTVLLGLLLGFLLSALILI,LLLTVLLGALLGFLLSALILI,GAS,void,,,,,,,,,,,3725.17,4592.25,60.0939,46.4517,3696.54,4659.24,115.934,78.335,-19.9475,1.1e+17,8,L,84.8779,35.37032017,3678.7183,3618.205,60.5133,1.0,0.7885732264314557,0.04985653671116281,G,LLLTVLLGALLGILLSLLILI,71.52439429334616
LLLSTLLGALLGILLALLILI,LLLSTLLGALLGALLALLILI,GAS,void,,,,,,,,,,,3208.38,3853.83,49.0503,54.8946,3178.51,3870.98,89.5951,100.583,-14.3494,1.1e+17,12,I,74.9274,42.28451264,3153.4854,3077.927,75.5584,1.0,1.0767308150373498,0.07193416540502379,G,LLLSYLLVALLGALLGLLILI,97.66058088357056
LLLSTLLGALLGILLALLILI,LLLSTLLGALLGILLAALILI,GAS,void,,,,,,,,,,,3144.93,3826.62,56.059,107.65,3178.51,3870.98,109.384,203.174,-14.3494,1.1e+17,16,L,21.8128,83.15129906,3037.28,2975.336,61.944,1.0,0.8400073919875477,0.028245114227217042,G,LLLSTLLGLLLGVLLAILILI,76.18952546198969
LLLTALLFLLLGLLLGSLILI,LLLTALLALLLGLLLGSLILI,GAS,void,,,,,,,,,,,3090.53,3915.97,59.2409,14.0373,3082.88,4076.77,160.063,87.1068,-29.4405,1.1e+17,7,F,115.5581,10.83163446,3076.4927,2995.7732,80.7195,1.0,0.850943758759511,0.03205286094790069,G,LLLTVLLAILLGLLLGFLILI,77.18146505988135
LLLAYLLGLLLGFLLSTLILI,LLLAYLLGLLLGALLSTLILI,GAS,void,,,,,,,,,,,3644.1,4604.11,51.2354,77.2864,3628.61,4728.63,148.567,173.781,-24.7319,1.1e+17,12,F,52.5356,59.53259078,3566.8136,3454.829,111.9846,1.0,1.1981136510439236,0.1258885320683142,G,LLLAYLLGVLLGLLLSFLILI,108.67012765992617
LLLYFLLGALLGILLSLLILI,LLLYALLGALLGILLSLLILI,GAS,void,,,,,,,,,,,3344.01,4015.78,66.2216,51.2359,3303.6,4147.31,161.241,120.625,-26.9479,1.1e+17,4,F,87.2393,37.00005488,3292.7741,3182.975,109.7991,1.0,0.4185743616715535,0.04019547162754905,G,LLLTVLLGALLGILLSLLILI,37.96512065310928
LLLYFLLGALLGILLSLLILI,LLLAFLLGALLGILLSLLILI,GAS,void,,,,,,,,,,,3178.35,3958.03,68.7896,66.6984,3303.6,4147.31,189.605,278.53,-26.9479,1.1e+17,3,Y,103.0324,39.29658023,3111.6516,3025.07,86.5816,1.0,1.290205011679742,0.05522988107120477,G,LLLTVLLGALLGILLSLLILI,117.02290780557512
LLLALLLGALLGTLLSFLILI,LLLAALLGALLGTLLSFLILI,GAS,void,,,,,,,,,,,3706.4,4479.21,64.419,38.5353,3694.83,4547.02,124.186,84.3744,-16.3762,1.1e+17,4,L,99.9399,27.82830427,3667.8647,3610.4556,57.4091,1.0,2.458843595882715,0.27177482837762945,G,LLLYALLALLLGTLLSFLILI,223.01961690157785
LLLTFLLGLLLGVLLSILILI,LLLTALLGLLLGVLLSILILI,GAS,void,,,,,,,,,,,3222.52,3926.27,55.0967,49.9929,3198.01,4037.26,143.719,114.776,-20.4286,1.1e+17,4,F,88.4823,36.10242123,3172.5271,3083.234,89.2931,1.0,0.4628037126522677,0.063726148552411,G,LLLYALLFLLLGTLLSILILI,41.9767678062838
LLLTGLLFALLGILLSLLILI,LLLTGLLAALLGILLSLLILI,GAS,void,,,,,,,,,,,3720.92,4461.96,61.7357,37.0418,3701.53,4644.13,167.673,106.058,-26.3742,1.1e+17,7,F,92.5536,28.58265031,3683.8782,3595.472,88.4062,1.0,0.1995220134834638,0.015691233014981733,G,LLLTGLLFGLLAILLSLLILI,18.096849708140617
LLLTGLLFALLGILLSLLILI,LLLTGLLFALLGILLSALILI,GAS,void,,,,,,,,,,,3707.35,4623.56,41.0896,81.2173,3701.53,4644.13,89.4035,150.483,-26.3742,1.1e+17,16,L,48.2455,62.73408269,3626.1327,3551.047,75.0857,1.0,0.2215992690264553,0.01712717623332878,G,LLLTGLLFGLLAILLSLLILI,20.09927925741361
LLLALLLGVLLGTLLSFLILI,LLLAALLGVLLGTLLSFLILI,GAS,void,,,,,,,,,,,3732.1,4497.24,63.761,57.9931,3700.04,4569.09,124.785,103.248,-26.0043,1.1e+17,4,L,80.4821,41.87977342,3674.1069,3596.792,77.3149,1.0,1.052433649984028,0.05261327058020061,G,LLLYALLALLLGTLLSFLILI,95.4568032821567
LLLYILLGLLLGTLLSFLILI,LLLYALLGLLLGTLLSFLILI,GAS,void,,,,,,,,,,,3409.87,4203.84,54.7775,55.7468,3393.22,4244.18,104.996,105.625,-12.365,1.1e+17,4,I,82.7284,40.25760569,3354.1232,3287.595,66.5282,1.0,0.4467787185501619,0.042002764913784595,G,LLLYSLLALLLGTLLGFLILI,40.52328453004529
LLLTLLLGLLLGFLLSILILI,LLLTLLLGLLLGALLSILILI,GAS,void,,,,,,,,,,,3600.72,4547.99,48.6843,82.9918,3550.37,4596.81,121.927,139.004,-31.722,1.1e+17,12,F,46.8302,63.92737749,3517.7282,3411.366,106.3622,1.0,1.0873105736736273,0.0851995236846038,G,LLLTALLALLLGVLLSILILI,98.62017576057887
LLLTLLLGVLLGLLLGFLILI,LLLTLLLGVLLGLLLGALILI,GAS,void,,,,,,,,,,,3430.09,4526.7,44.9857,89.6389,3532.12,4628.26,138.067,276.007,-33.9155,1.1e+17,16,F,39.8239,69.23911734,3340.4511,3256.113,84.3381,1.0,1.1402376648033208,0.034161096470250174,G,LLLALLLGVLLGTLLGFLILI,103.42071679833516
LLLAYLLGTLLGLLLSFLILI,LLLAALLGTLLGLLLSFLILI,GAS,void,,,,,,,,,,,3736.7,4557.49,62.0211,59.9624,3713.55,4604.25,141.979,164.376,-26.3969,1.1e+17,4,Y,86.1331,37.79889829,3676.7376,3549.174,127.5636,1.0,3.761817394639583,0.19884175425893194,G,LLLALLLGVLLGTLLSFLILI,341.2006666918675
LLLSYLLILLLGTLLAFLILI,LLLSALLILLLGTLLAFLILI,GAS,void,,,,,,,,,,,3416.23,4085.24,42.8953,45.945,3410.57,4225.88,153.52,166.294,-27.8576,1.1e+17,4,Y,92.5302,33.17922632,3370.285,3244.276,126.009,1.0,0.223319690116569,0.015835956983877072,G,LLLYALLALLLGTLLSFLILI,20.25532320143226
LLLTLLLGVLLGFLLAILILI,LLLTALLGVLLGFLLAILILI,GAS,void,,,,,,,,,,,3621.16,4558.32,63.7662,54.4887,3603.98,4625.23,122.805,103.968,-40.8357,1.1e+17,4,L,83.9865,39.34906756,3566.6713,3500.012,66.6593,1.0,1.2680596132128634,0.049182379873503,G,LLLTYLLGVLLGLLLASLILI,115.01429762374572
LLLTYLLAFLLGVLLGLLILI,LLLTYLLAALLGVLLGLLILI,GAS,void,,,,,,,,,,,3147.19,3948.94,64.2668,57.1813,3103.61,4104.06,163.428,118.063,-25.4978,1.1e+17,8,F,74.1483,43.54029861,3090.0087,2985.547,104.4617,1.0,0.4906622918373267,0.07067498030770211,G,LLLTFLLAVLLGILLGLLILI,44.5035692944621
LLLGYLLALLLGTLLSFLILI,LLLGYLLALLLGTLLSALILI,GAS,void,,,,,,,,,,,3586.02,4631.51,43.4742,81.5448,3674.84,4713.4,131.065,259.978,-24.9317,1.1e+17,16,F,47.918,62.98705111,3504.4752,3414.862,89.6132,1.0,0.7777846895696748,0.0385841883976837,G,LLLYALLALLLGTLLSFLILI,70.545863018778
LLLVFLLAILLGLLLGTLILI,LLLVFLLAILLGALLGTLILI,GAS,void,,,,,,,,,,,3665.2,4564.97,57.5143,61.9858,3628.5,4616.43,112.758,88.6499,-24.7258,1.1e+17,12,L,67.8362,47.74676095,3603.2142,3539.8501,63.3641,1.0,0.2530831622926433,0.020696413360282485,G,LLLYFLLALLLGVLLGTLILI,22.9549004228073
LLLAGLLFLLLGVLLGTLILI,LLLAGLLFLLLGALLGTLILI,GAS,void,,,,,,,,,,,3697.86,4588.5,59.7302,69.2902,3657.29,4621.52,94.747,88.3793,-18.7394,1.1e+17,12,V,60.5318,53.37323412,3628.5698,3568.9107,59.6591,1.0,0.2383786485280471,0.0332098245081631,G,LLLAGLLFLLLGTLLGSLILI,21.62118605724314
LLLTYLLALLLGVLLGSLILI,LLLTYLLAALLGVLLGSLILI,GAS,void,,,,,,,,,,,3178.73,4004.23,64.3027,54.4435,3159.63,4064.88,121.081,99.5706,-20.1072,1.1e+17,8,L,76.8861,41.45562006,3124.2865,3060.0594,64.2271,1.0,0.4425485550206874,0.054813976994092545,G,LLLTFLLAVLLGLLLGSLILI,40.139604392213776
LLLYFLLGTLLGLLLGSLILI,LLLYALLGTLLGLLLGSLILI,GAS,void,,,,,,,,,,,3170.14,3993.48,61.7212,42.8138,3140.68,4146.23,163.814,111.689,-40.8964,1.1e+17,4,F,95.6614,30.9180272,3127.3262,3028.991,98.3352,1.0,0.297172018664418,0.04288727944497941,G,LLLYALLFLLLGTLLGSLILI,26.95380457194737
LLLTSLLVGLLFALLAYLILI,LLLTSLLVGLLFALLAALILI,GAS,void,,,,,,,,,,,3212.15,4029.7,58.0742,95.8714,3211.83,4192.41,168.86,218.041,-18.5781,1.1e+17,16,Y,33.5914,74.05324155,3116.2786,2993.789,122.4896,1.0,0.3673975710414415,0.008520755613358267,G,LLLTSLLVGLLFALLAYLILI,33.32333365222342
LLLAVLLGTLLGFLLSLLILI,LLLAVLLGTLLGALLSLLILI,GAS,void,,,,,,,,,,,3616.26,4449.27,45.256,59.454,3586.67,4532.15,131.614,163.042,-30.3538,1.1e+17,12,F,70.368,45.7965522,3556.806,3423.628,133.178,1.0,1.4610698891272127,0.2028115607559084,G,LLLFVLLTILLGALLSLLILI,132.5205261063398
LLLFGLLTALLGILLSLLILI,LLLAGLLTALLGILLSLLILI,GAS,void,,,,,,,,,,,3664.72,4451.68,56.7456,113.728,3684.4,4587.73,159.349,254.903,-14.7182,1.1e+17,3,F,56.0028,67.0049278,3550.992,3429.497,121.495,1.0,0.1539796585495937,0.0011340706914331352,G,LLLTVLLGALLGILLSLLILI,13.966111759962535
LLLFGLLTALLGILLSLLILI,LLLFGLLTALLGILLSALILI,GAS,void,,,,,,,,,,,3703.84,4570.28,41.4733,77.6548,3684.4,4587.73,89.1007,131.858,-14.7182,1.1e+17,16,L,51.808,59.98232697,3626.1852,3552.542,73.6432,1.0,0.2852122269655278,0.02686202888952411,G,LLLVGLLFALLGILLSLLILI,25.86903929148161
LLLTSLLFLLLGALLAYLILI,LLLTSLLALLLGALLAYLILI,GAS,void,,,,,,,,,,,3199.45,4052.61,56.2558,21.6189,3208.37,4218.17,159.239,137.813,-17.5524,1.1e+17,7,F,107.9765,16.6818421,3177.8311,3070.557,107.2741,1.0,0.5563436485497721,0.05191671396631379,G,LLLTSLLFLLLGALLAYLILI,50.46093520261243
LLLSYLLGFLLGTLLGLLILI,LLLSALLGFLLGTLLGLLILI,GAS,void,,,,,,,,,,,3326.79,3953.93,66.3831,81.1051,3287.63,4120.77,176.533,166.478,-12.0026,1.1e+17,4,Y,57.3701,58.57012664,3245.6849,3121.152,124.5329,1.0,1.04414075387061,0.03856361401448916,G,LLLALLLGFLLGTLLGVLILI,94.70462916367435
LLLSYLLGFLLGTLLGLLILI,LLLSYLLGALLGTLLGLLILI,GAS,void,,,,,,,,,,,3300.11,3974.81,60.1551,59.646,3287.63,4120.77,161.18,148.875,-12.0026,1.1e+17,8,F,85.4328,34.94779547,3240.464,3138.755,101.709,1.0,0.7644171606457564,0.10040007131289849,G,LLLSYLLGLLLGTLLGFLILI,69.33341453912476
LLLYALLFLLLGLLLGTLILI,LLLYALLALLLGLLLGTLILI,GAS,void,,,,,,,,,,,3859.49,4690.56,59.169,45.6217,3862.46,4851.72,160.206,146.711,-7.75795,1.1e+17,7,F,83.9737,35.20317851,3813.8683,3715.749,98.1193,1.0,0.2292246150725754,0.025079447903204745,G,LLLYSLLALLLGTLLGFLILI,20.79090590532049
LLLYALLFLLLGLLLGTLILI,LLLYALLFLLLGALLGTLILI,GAS,void,,,,,,,,,,,3903.78,4777.29,59.8906,42.0995,3862.46,4851.72,122.297,65.6173,-7.75795,1.1e+17,12,L,87.7225,32.42863305,3861.6805,3796.8427,64.8378,1.0,0.2986464113742388,0.029661901479207664,G,LLLYALLFLLLGTLLSILILI,27.087533491451367
LLLYGLLFLLLGVLLASLILI,LLLAGLLFLLLGVLLASLILI,GAS,void,,,,,,,,,,,3230.3,4002.04,64.3659,127.648,3422.34,4194.85,186.417,371.315,-17.223,1.1e+17,3,Y,42.0828,75.20614997,3102.652,3051.025,51.627,1.0,0.3391389497914795,0.04336714886348886,G,LLLAGLLFLLLGTLLGSLILI,30.76024794157217
LLLSYLLAVLLGLLLGTLILI,LLLSALLAVLLGLLLGTLILI,GAS,void,,,,,,,,,,,3255.72,3858.73,64.2804,79.9046,3239.14,4001.68,175.389,210.352,-11.997,1.1e+17,4,Y,58.5706,57.7031844,3175.8154,3028.788,147.0274,1.0,0.2724617901818915,0.02789654914754317,G,LLLAALLALLLGVLLGTLILI,24.71256169706449
LLLSYLLAVLLGLLLGTLILI,LLLSYLLAVLLGALLGTLILI,GAS,void,,,,,,,,,,,3247.55,3951.63,55.1633,74.016,3239.14,4001.68,110.416,123.75,-11.997,1.1e+17,12,L,55.806,57.01344918,3173.534,3115.39,58.144,1.0,0.7302551040703998,0.06159202921931363,G,LLLAYLLAVLLGLLLGFLILI,66.23488123559802
LLLLVALLLLLTALLFSLILI,LLLLVALLLLLTALLASLILI,Left,void,,,,,,,,,,,3245.57,3961.65,61.6927,37.064,3242.27,4135.49,167.942,116.703,-14.5199,1.1e+16,15,F,92.6564,28.57222149,3208.506,3125.567,82.939,2.0,0.2164496827352063,0.008108303272139948,L,LLLLYALLFLLTALLFSLILI,21.642760394522345
LLLLVALLLLLTALLFSLILI,LLLLVALLLALTALLFSLILI,Left,void,,,,,,,,,,,3244.37,4097.26,48.1004,49.9636,3242.27,4135.49,100.87,125.427,-14.5199,1.1e+16,9,L,79.7032,38.53229971,3194.4064,3116.843,77.5634,2.0,0.6852728013858955,0.012561267550110819,L,LLLLLALLYVLTALLFSLILI,68.52029006400426
LLLLLFLLAVLTYLLSLLILI,LLLLLALLAVLTYLLSLLILI,Left,void,,,,,,,,,,,3718.32,4665.57,55.749,40.2144,3650.68,4804.17,153.137,76.6228,-30.8381,1.1e+16,5,F,90.0804,30.86416342,3678.1056,3574.0572,104.0484,2.0,0.7344738271395552,0.04094677705908246,L,LLLLLALLFVLTWLLSLLILI,73.43989076794182
LLLLLFLLAVLTYLLSLLILI,LLLLLFLLAVLTYLLSALILI,Left,void,,,,,,,,,,,3657.59,4756.63,44.2005,91.6983,3650.68,4804.17,99.1314,164.357,-30.8381,1.1e+16,16,L,37.7645,70.82984456,3565.8917,3486.323,79.5687,2.0,0.150792395726344,0.003032630974672335,L,LLLLYFLLAVLTILLSLLILI,15.077701425941743
LLLLYLLLAILTVLLSLLILI,LLLLALLLAILTVLLSLLILI,Left,void,,,,,,,,,,,3470.82,4006.65,60.1315,34.5945,3475.5,4162.78,172.953,192.417,-9.12485,1.1e+16,4,Y,103.8807,24.98245173,3436.2255,3283.083,153.1425,2.0,0.4901468803086378,0.028381575541388315,L,LLLLALLLFVLTWLLSLLILI,49.00968832382131
LLLLYLLLAILTVLLSLLILI,LLLLYALLAILTVLLSLLILI,Left,void,,,,,,,,,,,3481.44,4082.33,51.1201,49.4455,3475.5,4162.78,115.734,114.499,-9.12485,1.1e+16,5,L,80.8493,37.94894347,3431.9945,3361.001,70.9935,2.0,0.0615823565258425,0.001844350185923798,L,LLLLYFLLAVLTILLSLLILI,6.157607486305972
LLLLWVLLFLLAILTSLLILI,LLLLWVLLALLAILTSLLILI,Left,void,,,,,,,,,,,3652.04,4534.95,39.8544,19.9832,3592.54,4629.72,130.896,83.9426,-10.4562,1.1e+16,8,F,111.3464,15.21606706,3632.0568,3508.5974,123.4594,2.0,0.0500504560816526,0.0019902110980799326,L,LLLLAVLLFLLALLTSLLILI,5.004535072185536
LLLLWVLLFLLAILTSLLILI,LLLLAVLLFLLAILTSLLILI,Left,void,,,,,,,,,,,3648.08,4596.32,55.5374,42.9841,3592.54,4629.72,133.658,94.4855,-10.4562,1.1e+16,4,W,95.4911,31.04100951,3605.0959,3498.0545,107.0414,2.0,0.1910548567932034,0.006166482487575516,L,LLLLAVLLFLLATLISLLILI,19.103536838368
LLLLVTLLAILLYLLSLLILI,LLLLVTLLAILLALLSLLILI,Left,void,,,,,,,,,,,3626.18,4567.7,45.8545,19.6386,3591.52,4725.09,158.321,67.7479,-9.48156,1.1e+16,12,Y,110.1834,15.12732819,3606.5414,3523.7721,82.7693,2.0,0.3707240200006364,0.021760546330907973,L,LLLLVLLLAILTFLLSLLILI,37.06862045708525
LLLLVTLLAILLYLLSLLILI,LLLLVTLLAILAYLLSLLILI,Left,void,,,,,,,,,,,3549.65,4649.11,59.5924,75.4459,3591.52,4725.09,123.644,188.244,-9.48156,1.1e+16,11,L,54.8219,57.91600073,3474.2041,3403.276,70.9281,2.0,0.2313229122208566,0.004815603591940985,L,LLLLVLLLAILTFLLSLLILI,23.129931629808777
LLLLLLLLFVLAILLSTLILI,LLLLLLLLAVLAILLSTLILI,Left,void,,,,,,,,,,,3651.9,4569.59,51.6414,19.1196,3602.82,4691.25,150.128,97.9236,-16.6627,1.1e+16,8,F,88.8869,31.76602353,3632.7804,3504.8964,127.884,2.0,0.4311549225760029,0.03943285620250967,L,LLLLLLLLFVLATLLSILILI,43.111094293664586
LLLLLLLLFVLAILLSTLILI,LLLLALLLFVLAILLSTLILI,Left,void,,,,,,,,,,,3649.25,4640.29,53.4684,11.8633,3602.82,4691.25,109.932,65.2317,-16.6627,1.1e+16,4,L,126.6119,8.567093602,3637.3867,3537.5883,99.7984,2.0,0.1325800925797605,0.003714849099114538,L,LLLLALLLFVLTWLLSLLILI,13.256656884536197
LLLLLTLLAVLISLLFLLILI,LLLLLTLLAVLISLLFALILI,Left,void,,,,,,,,,,,3606.12,4640.14,43.1605,66.423,3601.71,4674.7,94.609,143.029,-10.1202,1.1e+16,16,L,63.0398,51.30663017,3539.697,3458.681,81.016,2.0,0.4205348328844709,0.013676385968922605,L,LLLLLTLLAVLISLLFLLILI,42.04919365395171
LLLLLTLLAVLISLLFLLILI,LLLLATLLAVLISLLFLLILI,Left,void,,,,,,,,,,,3570.89,4633.03,57.0029,82.3239,3601.71,4674.7,111.752,187.35,-10.1202,1.1e+16,4,L,56.1513,59.45028424,3488.5661,3414.36,74.2061,2.0,0.957765390573776,0.06913554654551245,L,LLLLALLLYVLTSLLFLLILI,95.76676944226696
LLLLAYLTLLLWFLVSLLILI,LLLLAYLTLLLAFLVSLLILI,Left,void,,,,,,,,,,,3591.15,4170.74,48.3729,31.8092,3602.98,4194.47,125.796,176.831,-7.41464,1.1e+16,11,W,98.4586,24.41831366,3559.3408,3426.149,133.1918,2.0,0.4837183660383425,0.02024298718082334,L,LLLLAYLTLLLWFLVSLLILI,48.36690247037669
LLLLAYLTLLLWFLVSLLILI,LLLLAALTLLLWFLVSLLILI,Left,void,,,,,,,,,,,3458.89,4049.39,47.7701,93.3647,3602.98,4194.47,158.113,314.046,-7.41464,1.1e+16,5,Y,36.9301,71.65650509,3365.5253,3288.934,76.5913,2.0,0.4050463572351422,0.024057061598872557,L,LLLLAYLTLLLWFLVSLLILI,40.50050407807047
LLLFALLLLLVTLLYSLLILI,LLLFALLLLLVTLLASLLILI,Left,void,,,,,,,,,,,3816.75,4686.31,43.9032,13.891,3779.92,4804.53,148.121,76.3761,-17.8064,1.1e+17,14,Y,115.9958,10.69469723,3802.859,3703.5439,99.3151,2.0,0.2868021168569152,0.0055990087069590164,L,LLLVALLLLLTFLLASLLILI,28.67728618188633
LLLFALLLLLVTLLYSLLILI,LLLFALLALLVTLLYSLLILI,Left,void,,,,,,,,,,,3820.24,4727.99,49.4606,21.1778,3779.92,4804.53,117.024,63.2972,-17.8064,1.1e+17,7,L,108.4176,16.34147508,3799.0622,3716.6228,82.4394,2.0,0.1607383021221079,0.0022334277833478003,L,LLLAALLLLLVTLLFSLLILI,16.07219061303471
LLLLLALLLILFVLLSTLILI,LLLLAALLLILFVLLSTLILI,Left,void,,,,,,,,,,,3698.5,4674.05,46.0367,43.9205,3665.04,4712.27,99.7118,101.849,-23.3431,1.1e+16,4,L,94.5547,31.71723168,3654.5795,3563.191,91.3885,2.0,0.2230937490077802,0.007946204741342612,L,LLLLLALLLILFVLLSTLILI,22.30709924947256
LLLLLALLLILFVLLSTLILI,LLLLLALLLALFVLLSTLILI,Left,void,,,,,,,,,,,3650.55,4698.29,48.4528,91.4957,3665.04,4712.27,87.5842,171.247,-23.3431,1.1e+16,9,I,38.1711,70.56216395,3559.0543,3493.793,65.2613,2.0,0.2535956661720285,0.007583820844494642,L,LLLLLALLLILFVLLSTLILI,25.35697983334472
LLLLYLLTVLLAILFSLLILI,LLLLALLTVLLAILFSLLILI,Left,void,,,,,,,,,,,4017.18,4551.83,56.2761,70.1078,3886.81,4715.19,167.827,97.5385,-11.8701,1.1e+16,4,Y,117.0177,10.17143147,3947.0722,3789.2715,157.8007,2.0,0.2405407152806211,0.009019864986565242,L,LLLVALLTILLALLFSLLILI,24.051617910266096
LLLLYLLTVLLAILFSLLILI,LLLLYALTVLLAILFSLLILI,Left,void,,,,,,,,,,,3879.09,4697.23,41.3236,72.0307,3886.81,4715.19,87.288,148.204,-11.8701,1.1e+16,5,L,58.2641,55.28286624,3807.0593,3738.606,68.4533,2.0,0.0813022522038635,0.0017696286588350049,L,LLLLALLTVLLALLFSLLILI,8.129395902769035
LLLLYALLFLLTALLFSLILI,LLLLYALLALLTALLFSLILI,Left,void,,,,,,,,,,,3309.55,4210.04,58.8127,4.43075,3284.35,4360.92,158.722,62.8135,-23.8351,1.1e+16,8,F,126.89885,3.373763417,3305.11925,3221.5365,83.58275,2.0,0.364113147487722,0.015591289234891201,L,LLLLLALLYVLTALLFSLILI,36.4076006395105
LLLLYALLFLLTALLFSLILI,LLLLAALLFLLTALLFSLILI,Left,void,,,,,,,,,,,3141.97,4203.78,59.4025,82.9216,3284.35,4360.92,172.817,303.645,-23.8351,1.1e+16,4,Y,55.5536,59.88191387,3059.0484,2980.705,78.3434,2.0,0.1673643379564668,0.006141054155275165,L,LLLLLALLYVLTALLFSLILI,16.73472660808157
LLLLYLLIALLTVLFSLLILI,LLLLALLIALLTVLFSLLILI,Left,void,,,,,,,,,,,3547.05,4110.01,52.7535,16.9409,3549.12,4264.85,166.639,181.956,-7.80507,1.1e+16,4,Y,121.5343,12.23388737,3530.1091,3367.164,162.9451,2.0,0.0029390344471797,0.00014448658805471423,L,LLLLAILLLLLTVLFSLLILI,0.2938734653142212
LLLLYLLIALLTVLFSLLILI,LLLLYLLAALLTVLFSLLILI,Left,void,,,,,,,,,,,3534.15,4242.36,50.6352,99.4586,3549.12,4264.85,95.3119,184.817,-7.80507,1.1e+16,7,I,30.1368,76.7454709,3434.6914,3364.303,70.3884,2.0,0.1070319305003417,0.004085033540960333,L,LLLLYLLVALLTILFSLLILI,10.7021012787342
LLLLYFLLAVLTILLSLLILI,LLLLYALLAVLTILLSLLILI,Left,void,,,,,,,,,,,3995.63,4652.19,53.5937,89.1759,3958.7,4791.64,151.508,182.037,-13.6142,1.1e+16,5,F,41.1189,68.44164157,3906.4541,3776.663,129.7911,2.0,0.0196859633033177,0.0011868120469130878,L,LLLLLALLFVLTWLLSLLILI,1.9683955251174248
LLLFSLLVLLTALLYLLLILI,LLLFSLLVLLTALLALLLILI,Left,void,,,,,,,,,,,3508.55,4144.61,52.5093,24.2986,3495.39,4266.64,157.282,158.108,-8.52362,1.1e+17,14,Y,105.5882,18.7075207,3484.2514,3337.282,146.9694,2.0,0.0859310062887119,0.003460683673859603,L,LLLVSLLILLTALLFLLLILI,8.592224095989787
LLLLALLFILTYLLAVLLILI,LLLLALLAILTYLLAVLLILI,Left,void,,,,,,,,,,,3794.61,4648.85,45.6167,34.8732,3790.82,4758.8,136.436,115.367,-19.7346,1.1e+17,7,F,94.7222,26.90928845,3759.7368,3675.453,84.2838,2.0,1.887847551665644,0.2800934858340554,L,LLLLALLFILTYLLAVLLILI,188.7654983170804
LLLLALLFILTYLLAVLLILI,LLLLALLFALTYLLAVLLILI,Left,void,,,,,,,,,,,3811.82,4748.59,44.2543,46.3457,3790.82,4758.8,83.8245,96.3104,-19.7346,1.1e+17,8,I,84.9839,35.28960722,3765.4743,3694.5096,70.9647,2.0,0.4585510867787143,0.01834812148488858,L,LLLLALLFILTYLLAVLLILI,45.850431261386696
LLLAALLYVLLSLLFTLLILI,LLLAALLAVLLSLLFTLLILI,Left,void,,,,,,,,,,,3688.12,4547.01,59.7637,24.9312,3682.84,4707.05,173.92,158.941,-16.6484,1.1e+17,7,Y,104.6642,19.23771986,3663.1888,3523.899,139.2898,2.0,0.1927924253420166,0.0054160310913573964,L,LLLAALLYVLLSLLFTLLILI,19.277275969309706
LLLAALLYVLLSLLFTLLILI,LLLAALLYVLASLLFTLLILI,Left,void,,,,,,,,,,,3653.45,4679.44,55.7841,94.0841,3682.84,4707.05,105.862,196.098,-16.6484,1.1e+17,10,L,34.4873,73.17653848,3559.3659,3486.742,72.6239,2.0,0.6120807924505088,0.02374934308980088,L,LLLAALLYVLLSLLFTLLILI,61.201835760145606
LLLLYSLLTILVALLFLLILI,LLLLYSLLTALVALLFLLILI,Left,void,,,,,,,,,,,3466.0,4237.05,48.494,61.9674,3451.59,4251.78,88.2873,121.675,-5.99865,1.1e+16,9,I,67.6994,47.7897195,3404.0326,3329.915,74.1176,2.0,0.7837612397665186,0.03392436853765178,L,LLLLYSLLTILVALLFLLILI,78.36812927802681
LLLLFLLLAVLYLLLSTLILI,LLLLFLLLAVLALLLSTLILI,Left,void,,,,,,,,,,,3338.99,4149.7,54.5119,10.1168,3288.64,4287.51,162.023,119.42,-8.17684,1.1e+16,11,Y,120.151,7.766155566,3328.8732,3169.22,159.6532,2.0,0.1048557366042995,0.004264533905843498,L,LLLLALLLYVLFLLLSTLILI,10.484504087235049
LLLLFLLLAVLYLLLSTLILI,LLLLFLLLAVLYALLSTLILI,Left,void,,,,,,,,,,,3289.57,4198.04,54.1427,58.5962,3288.64,4287.51,119.944,118.679,-8.17684,1.1e+16,12,L,71.2258,45.13580133,3230.9738,3169.961,61.0128,2.0,0.2429140610677325,0.011911245484936885,L,LLLLFLLLAVLYLLLSTLILI,24.288928279838867
LLLYALLFVLLLLLTSLLILI,LLLYALLAVLLLLLTSLLILI,Left,void,,,,,,,,,,,3859.68,4675.95,59.2503,24.7974,3830.49,4765.93,142.594,120.716,-20.1749,1.1e+17,7,F,104.798,19.13447545,3834.8826,3709.774,125.1086,2.0,0.011149757967492,0.0005880402501504241,L,LLLYALLFVLLILLFSLLILI,1.1148620644667626
LLLYALLFVLLLLLTSLLILI,LLLYALLFVLALLLTSLLILI,Left,void,,,,,,,,,,,3803.66,4730.13,51.563,74.3185,3830.49,4765.93,104.983,177.536,-20.1749,1.1e+17,10,L,54.2529,57.80329062,3729.3415,3652.954,76.3875,2.0,0.0930464242328737,0.001755014428322666,L,LLLYLLLTVLALLLFSLLILI,9.30369331011089
LLLVALLFLLTSLLYLLLILI,LLLVALLFLLTSLLALLLILI,Left,void,,,,,,,,,,,3295.3,4126.09,52.5492,17.7617,3296.51,4241.64,155.839,168.608,-9.35155,1.1e+17,14,Y,112.1251,13.67475371,3277.5383,3127.902,149.6363,2.0,0.3372848176378678,0.009527691732022461,L,LLLVALLLLLTFLLASLLILI,33.72504131492174
LLLLAYLTVLLSILFLLLILI,LLLLAYLTVLLSILALLLILI,Left,void,,,,,,,,,,,3515.96,4123.57,58.9875,31.3404,3462.44,4270.19,157.547,87.7536,-7.57527,1.1e+16,14,F,98.5464,24.1290108,3484.6196,3374.6864,109.9332,2.0,0.0241894667846368,0.0008551435345801937,L,LLLLAYLTVLLSILFLLLILI,2.4186999355947707
LLLLAYLTVLLSILFLLLILI,LLLLAYLTVLLSILFALLILI,Left,void,,,,,,,,,,,3449.42,4194.73,57.2478,84.8716,3462.44,4270.19,119.67,164.282,-7.57527,1.1e+16,15,L,44.8488,65.42656359,3364.5484,3298.158,66.3904,2.0,0.2645905649653855,0.007027022769465339,L,LLLLAYLTVLLSILFLLLILI,26.45635756002753
LLLLYLLLAVLTILLSLLILI,LLLLALLLAVLTILLSLLILI,Left,void,,,,,,,,,,,3394.12,4001.74,55.6731,20.0786,3389.51,4157.21,168.541,179.59,-10.5232,1.1e+16,4,Y,118.3966,14.49978047,3374.0414,3209.92,164.1214,2.0,0.1729007773086498,0.004781673103868758,L,LLLLALLLFVLTWLLSLLILI,17.28831406925928
LLLLYLLLAVLTILLSLLILI,LLLLYLLLAVLTALLSLLILI,Left,void,,,,,,,,,,,3383.08,4121.07,47.7317,64.7226,3389.51,4157.21,96.0295,141.361,-10.5232,1.1e+16,12,I,65.0994,49.85487822,3318.3574,3248.149,70.2084,2.0,0.2791689813129993,0.01735389327062767,L,LLLLALLLFVLTWLLSLLILI,27.91405048872995
LLLYALLFVLTALLLSLLILI,LLLYALLFVLTALLASLLILI,Left,void,,,,,,,,,,,3767.08,4734.36,45.8547,16.8746,3723.0,4774.55,101.8,49.1018,-14.4827,1.1e+17,14,L,113.0122,12.99177438,3750.2054,3673.8982,76.3072,2.0,0.2274185508820377,0.005895529254923277,L,LLLLALLYVLTFLLASLLILI,22.73953532207628
LLLYALLFVLTALLLSLLILI,LLLAALLFVLTALLLSLLILI,Left,void,,,,,,,,,,,3549.38,4590.55,57.999,115.556,3723.0,4774.55,177.731,348.257,-14.4827,1.1e+17,3,Y,54.1748,68.08192738,3433.824,3374.743,59.081,2.0,0.3274413076014775,0.006467550807527218,L,LLLVALLLFLTALLLSLLILI,32.74079071927963
LLLVALLFLLLYLLATLLILI,LLLVALLFALLYLLATLLILI,Left,void,,,,,,,,,,,3628.58,4676.87,43.3383,67.9876,3628.11,4715.65,95.7611,145.182,-20.8896,1.1e+17,8,L,63.342,51.76867972,3560.5924,3482.928,77.6644,2.0,0.9997468475321496,0.05210785469475631,L,LLLVSLLFLLLYLLATLLILI,99.96448690935406
LLLVALLFLLLYLLATLLILI,LLLVALLFLLAYLLATLLILI,Left,void,,,,,,,,,,,3567.63,4654.72,53.2435,88.1678,3628.11,4715.65,112.108,208.224,-20.8896,1.1e+17,10,L,40.4036,68.57497079,3479.4622,3419.886,59.5762,2.0,0.4469492019617404,0.017605714833766214,L,LLLVSLLFLLLYLLATLLILI,44.690361123858274
LLLLFVLLAILYTLLLSLILI,LLLLFVLLAILATLLLSLILI,Left,void,,,,,,,,,,,3272.96,4077.39,47.6459,19.1496,3237.5,4193.37,149.967,126.796,-7.80042,1.1e+16,11,Y,111.1182,14.70017917,3253.8104,3110.704,143.1064,2.0,0.1355200023253987,0.0047273084572215665,L,LLLLYVLLLILATLLFSLILI,13.550617870767834
LLLLFVLLAILYTLLLSLILI,LLLLAVLLAILYTLLLSLILI,Left,void,,,,,,,,,,,3275.81,4036.68,58.962,45.1711,3237.5,4193.37,161.525,71.3177,-7.80042,1.1e+16,4,F,93.3041,32.62035368,3230.6389,3166.1823,64.4566,2.0,0.371910685505623,0.02249672645579592,L,LLLLFVLLAILYTLLLSLILI,37.1872749030901
LLLLLALLYTLFLLLSILILI,LLLLLALLYTLALLLSILILI,Left,void,,,,,,,,,,,3690.27,4741.4,47.5173,83.0759,3715.83,4856.88,143.04,210.08,-26.5389,1.1e+16,11,F,47.1919,63.77316574,3607.1941,3505.75,101.4441,2.0,1.1695774900532483,0.05651620663978669,L,LLLLLALLYTLFLLLSILILI,116.94581881654132
LLLLYLLTFLLAVLLILLILI,LLLLALLTFLLAVLLILLILI,Left,void,,,,,,,,,,,3476.63,4171.17,59.6566,41.6596,3410.46,4343.39,175.327,138.829,-6.65336,1.1e+16,4,Y,96.8156,30.08452055,3434.9704,3271.631,163.3394,2.0,0.2761619716491415,0.010492714635445462,L,LLLLYILTFLLAVLLSLLILI,27.613380195124105
LLLLYLLTFLLAVLLILLILI,LLLLYLLTALLAVLLILLILI,Left,void,,,,,,,,,,,3422.64,4202.99,58.2739,38.9702,3410.46,4343.39,155.98,149.818,-6.65336,1.1e+16,8,F,92.3594,29.67358463,3383.6698,3260.642,123.0278,2.0,0.258510180470269,0.008725186431644757,L,LLLLYILTFLLAVLLSLLILI,25.84838113302873
LLLYTLLAILVALLLSLLILI,LLLYTLLAILVALLASLLILI,Left,void,,,,,,,,,,,3377.82,4061.77,57.1464,24.4785,3345.69,4109.7,112.454,74.0518,-12.8594,1.1e+17,14,L,105.4083,18.84602592,3353.3415,3271.6382,81.7033,2.0,0.2396044242083528,0.007387853138681807,L,LLLYTLLAVLIALLLSLLILI,23.95799835360717
LLLYTLLAILVALLLSLLILI,LLLYTLLAALVALLLSLLILI,Left,void,,,,,,,,,,,3348.04,4107.69,46.1995,77.0507,3345.69,4109.7,79.799,139.798,-12.8594,1.1e+17,8,I,54.2789,58.66971345,3270.9893,3205.892,65.0973,2.0,0.183163424306861,0.009965473618807888,L,LLLYTLLAVLIALLLSLLILI,18.314474085707857
LLLLVILTALLYLLLFLLILI,LLLLVILTALLALLLFLLILI,Left,void,,,,,,,,,,,3353.11,4168.37,53.0178,9.53219,3342.87,4292.1,158.452,139.62,-11.5857,1.1e+16,11,Y,120.73561,7.317380043,3343.57781,3203.25,140.32781,2.0,0.5045823132893652,0.013490345229050356,L,LLLLWILTYLLAVLLFLLILI,50.453084374326366
LLLLVILTALLYLLLFLLILI,LLLLVILTALLYLLLALLILI,Left,void,,,,,,,,,,,3399.27,4143.61,57.3538,33.9243,3342.87,4292.1,157.511,105.603,-11.5857,1.1e+16,15,F,95.7961,26.151862,3365.3457,3237.267,128.0787,2.0,1.2075088700433627,0.015970722660880798,L,LLLLVILTALLYLLLFLLILI,120.7385698993134
LLLLYLLVALLTILFSLLILI,LLLLALLVALLTILFSLLILI,Left,void,,,,,,,,,,,3455.08,4101.59,52.26,31.4639,3458.41,4269.58,168.448,183.079,-7.98757,1.1e+16,4,Y,107.0113,22.7216859,3423.6161,3275.331,148.2851,2.0,0.1652497793008206,0.010221039173546529,L,LLLLYLLVALLTILFSLLILI,16.523292311916304
LLLYALLFLLTSLLLVLLILI,LLLYALLFLLTSLLAVLLILI,Left,void,,,,,,,,,,,3841.87,4775.1,45.1478,22.5053,3795.22,4824.76,102.517,53.9824,-12.1515,1.1e+17,14,L,107.3815,17.32685692,3819.3647,3741.2376,78.1271,2.0,0.1955576181988332,0.001886512123533584,L,LLLLALLFILTYLLAVLLILI,19.55376704884591
LLLYALLFLLTSLLLVLLILI,LLLYALLFALTSLLLVLLILI,Left,void,,,,,,,,,,,3767.13,4778.0,44.887,59.6375,3795.22,4824.76,99.5328,155.473,-12.1515,1.1e+17,8,L,71.6921,45.41055482,3707.4925,3639.747,67.7455,2.0,0.3839877835141154,0.03363804039892479,L,LLLYALLFVLTALLLSLLILI,38.39486151239331
LLLLTYLLAVLFILLLSLILI,LLLLTYLLAVLAILLLSLILI,Left,void,,,,,,,,,,,3378.53,4144.03,47.6515,16.4619,3338.13,4226.97,133.609,90.2415,-7.22391,1.1e+16,11,F,113.8059,12.63696785,3362.0681,3247.8885,114.1796,2.0,0.066385119947764,0.0030247876000794155,L,LLLLTYLLAVLFILLLSLILI,6.637834838264648
LLLLAILTALLFVLLSLLILI,LLLLAALTALLFVLLSLLILI,Left,void,,,,,,,,,,,3620.29,4606.03,48.8278,85.1669,3622.33,4620.44,88.0685,155.716,-26.1884,1.1e+16,5,I,45.1279,65.36477281,3535.1231,3466.614,68.5091,2.0,0.1111735462605967,0.0066749129817645384,L,LLLLALLTILLFVLASLLILI,11.116220608514109
LLLLAILTALLFVLLSLLILI,LLLLAILTALLFVLASLLILI,Left,void,,,,,,,,,,,3577.33,4570.07,41.9331,83.4072,3622.33,4620.44,100.251,193.354,-26.1884,1.1e+16,14,L,46.4796,64.21530132,3493.9228,3428.976,64.9468,2.0,0.4079256896227926,0.00542076539777642,L,LLLLALLTILLFVLASLLILI,40.78840794641821
LLLVSLLILLLALLFTLLILI,LLLVSLLILLLALLATLLILI,Left,void,,,,,,,,,,,3431.02,4015.1,59.1145,35.7497,3387.96,4073.08,137.463,121.797,-8.44058,1.1e+17,14,F,94.1371,27.52373605,3395.2703,3266.163,129.1073,2.0,0.0383358711341847,0.0011348523390454245,L,LLLVSLLILLTALLFLLLILI,3.8331960711970767
LLLVSLLILLLALLFTLLILI,LLLVSLLILLAALLFTLLILI,Left,void,,,,,,,,,,,3354.28,4041.08,33.99,64.7043,3387.96,4073.08,87.7195,174.926,-8.44058,1.1e+17,10,L,63.8671,50.32557785,3289.5757,3213.034,76.5417,2.0,0.0930226567946913,0.004715912771666725,L,LLLVSLLILLTALLFLLLILI,9.301316808730649
LLLLFALLALLYVLTSLLILI,LLLLFALLALLAVLTSLLILI,Left,void,,,,,,,,,,,3686.8,4611.68,59.1396,44.7851,3657.88,4758.01,166.58,153.817,-9.24259,1.1e+16,11,Y,85.4827,34.37925566,3642.0149,3504.063,137.9519,2.0,0.1110989633375987,0.00457036899720592,L,LLLLYFLLALLAVLTSLLILI,11.1087630769919
LLLLFALLALLYVLTSLLILI,LLLLAALLALLYVLTSLLILI,Left,void,,,,,,,,,,,3689.98,4614.67,55.1227,40.1808,3657.88,4758.01,154.952,106.09,-9.24259,1.1e+16,4,F,98.2944,29.0166037,3649.7992,3551.79,98.0092,2.0,0.4975654972981841,0.032946825045299714,L,LLLLYFLLALLAVLTSLLILI,49.7514743497214
LLLYALLFVLLLLLTSLLILI,LLLAALLFVLLLLLTSLLILI,Left,void,,,,,,,,,,,3407.14,4091.74,64.3725,104.322,3484.99,4169.13,154.526,279.759,-8.15293,1.1e+17,3,Y,65.4088,61.46321116,3302.818,3205.231,97.587,2.0,0.1746862748894197,0.011013300392790137,L,LLLYALLFVLLILLFSLLILI,17.466845614500098
LLLYLLLAVLTSLLFLLLILI,LLLYLLLAVLTSLLFALLILI,Left,void,,,,,,,,,,,3823.2,4729.77,42.9478,77.864,3831.31,4763.69,94.8506,163.811,-8.47045,1.1e+17,15,L,51.8564,60.02448343,3745.336,3667.499,77.837,2.0,0.0959018385052671,0.0036650170812570857,L,LLLALLLTVLTSLLFLLLILI,9.589205610907891
LLLLYLLVTLLALLFILLILI,LLLLALLVTLLALLFILLILI,Left,void,,,,,,,,,,,3465.99,4179.56,49.4606,25.2822,3433.99,4351.82,167.96,156.833,-10.6547,1.1e+16,4,Y,113.193,18.25756525,3440.7078,3277.157,163.5508,2.0,0.2733352145938685,0.018832448267771595,L,LLLLALLTVLLALLFSLLILI,27.33073332372331
LLLVALLLLLTSLLFSLLILI,LLLVALLLLLTSLLASLLILI,Left,void,,,,,,,,,,,3617.75,4582.68,47.5656,18.2513,3593.36,4672.83,137.487,68.7632,-15.9231,1.1e+17,14,F,111.6355,14.05169732,3599.4987,3524.5968,74.9019,2.0,0.21950220305631,0.00947532875129931,L,LLLVALLLILTFLLASLLILI,21.94798128962469
LLLVALLLLLTSLLFSLLILI,LLLVALLLALTSLLFSLLILI,Left,void,,,,,,,,,,,3591.89,4611.67,47.0707,53.4341,3593.36,4672.83,106.117,115.13,-15.9231,1.1e+17,8,L,77.8955,40.68701953,3538.4559,3478.23,60.2259,2.0,0.5300389514003593,0.02709337983268037,L,LLLVALLLILTFLLASLLILI,52.99848851686936
LLLLVALLLLLTSLIFLLILI,LLLLVALLLLLTSLIALLILI,Left,void,,,,,,,,,,,3589.92,4583.8,42.796,17.1436,3531.99,4652.85,126.887,97.038,-24.3764,1.1e+16,15,F,112.5768,13.21580877,3572.7764,3434.952,137.8244,2.0,0.3232035380859587,0.00361668406309677,L,LLLLVALLLLLTSLLFLLILI,32.31705699478263
LLLLVALLLLLTSLIFLLILI,LLLLVALALLLTSLIFLLILI,Left,void,,,,,,,,,,,3472.93,4593.44,49.7511,99.8198,3531.99,4652.85,110.573,220.82,-24.3764,1.1e+16,7,L,29.7756,77.0241845,3373.1102,3311.17,61.9402,2.0,0.1442214941510631,0.006715182158401366,L,LLLLVALLLLLTSLLFLLILI,14.420678294409743
LLLFALLLVLITLLLSLLILI,LLLAALLLVLITLLLSLLILI,Left,void,,,,,,,,,,,3642.15,4565.13,52.342,95.9715,3691.79,4648.53,139.915,244.858,-10.1998,1.1e+17,3,F,73.7593,56.54336161,3546.1785,3446.932,99.2465,2.0,0.3882397225386165,0.005965695233287691,L,LLLYALLLVLITLLFSLLILI,38.82001204325351
LLLFALLLVLITLLLSLLILI,LLLFALLAVLITLLLSLLILI,Left,void,,,,,,,,,,,3745.06,4634.81,42.5177,17.925,3691.79,4648.53,87.288,27.763,-10.1998,1.1e+17,7,L,111.6704,13.83150945,3727.135,3664.027,63.108,2.0,0.2491667869373164,0.003939719385540545,L,LLLYTLLAVLIALLLSLLILI,24.914137086328942
LLLLLFLTALLYVLISLLILI,LLLLLFLTALLAVLISLLILI,Left,void,,,,,,,,,,,3471.72,4093.39,50.954,29.977,3446.22,4227.07,159.642,153.955,-15.3504,1.1e+16,11,Y,100.2908,23.01182641,3441.743,3292.265,149.478,2.0,0.2567937737681614,0.017047758823425917,L,LLLLYFLLALLAVLTSLLILI,25.676757970897736
LLLLLFLTALLYVLISLLILI,LLLLLALTALLYVLISLLILI,Left,void,,,,,,,,,,,3405.68,4135.19,50.1309,62.0197,3446.22,4227.07,138.252,214.951,-15.3504,1.1e+16,5,F,68.2751,47.59952047,3343.6603,3231.269,112.3913,2.0,0.3803616233006233,0.026326276887607632,L,LLLLFALLALLYVLTSLLILI,38.03228247942347
LLLYWLLTVLALLLFSLLILI,LLLYALLTVLALLLFSLLILI,Left,void,,,,,,,,,,,3595.6,4241.66,58.959,57.7153,3618.08,4268.14,141.503,220.79,-12.1449,1.1e+17,4,W,94.7636,31.56637434,3537.8847,3397.29,140.5947,2.0,0.0952360169439268,0.0037711558030055037,L,LLLYWLLTVLLALLFSLLILI,9.522630246437512
LLLYWLLTVLALLLFSLLILI,LLLYWLLTVLALLLASLLILI,Left,void,,,,,,,,,,,3644.02,4120.97,58.6187,51.2247,3618.08,4268.14,161.432,147.229,-12.1449,1.1e+17,14,F,78.6621,39.43795674,3592.7953,3470.851,121.9443,2.0,0.2108241069266272,0.004153536129122825,L,LLLYWLLTVLLALLFSLLILI,21.08026019693488
LLLYALLFLLTSLLLSLLILI,LLLYALLFALTSLLLSLLILI,Left,void,,,,,,,,,,,3368.12,4226.97,47.5566,54.4601,3377.26,4270.68,101.691,151.774,-20.8915,1.1e+17,8,L,76.8695,41.46826001,3313.6599,3225.486,88.1739,2.0,0.4547091745446591,0.030109124226911074,L,LLLYALLFVLTALLLSLLILI,45.46627922712309
LLLLFVLLLLLATLISLLILI,LLLLAVLLLLLATLISLLILI,Left,void,,,,,,,,,,,3722.43,4597.15,44.423,30.8518,3673.22,4682.12,128.81,113.446,-12.3423,1.1e+16,4,F,107.6234,22.2796573,3691.5782,3559.774,131.8042,2.0,0.2068253319650494,0.005393538733714219,L,LLLLAVLLFLLATLISLLILI,20.68042348998567
LLLLFVLLLLLATLISLLILI,LLLLFVLALLLATLISLLILI,Left,void,,,,,,,,,,,3637.53,4645.74,52.0431,95.4707,3673.22,4682.12,105.132,202.001,-12.3423,1.1e+16,7,L,34.1247,73.66827835,3542.0593,3471.219,70.8403,2.0,0.0951475566122194,0.004310193222007057,L,LLLLAVLLFLLATLISLLILI,9.513785115599845
LLLYWLLTVLLALLFSLLILI,LLLYALLTVLLALLFSLLILI,Left,void,,,,,,,,,,,3935.88,4810.03,56.6439,36.4719,3887.96,4816.97,128.924,137.926,-12.558,1.1e+17,4,W,102.0033,26.33821796,3899.4081,3750.034,149.3741,2.0,0.295973429671096,0.010468313623248371,L,LLLVALLTILLALLFSLLILI,29.594323912005592
LLLYWLLTVLLALLFSLLILI,LLLAWLLTVLLALLFSLLILI,Left,void,,,,,,,,,,,3716.45,4647.6,56.9361,92.2323,3887.96,4816.97,171.962,326.268,-12.558,1.1e+17,3,Y,77.4985,54.34034365,3624.2177,3561.692,62.5257,2.0,0.338218836353635,0.013911290772253258,L,LLLVALLTILLALLFSLLILI,33.818433659109544
LLLLYVLLATLLALLSFLILI,LLLLAVLLATLLALLSFLILI,Left,void,,,,,,,,,,,3354.3,4004.23,58.8359,36.7915,3363.46,4160.54,171.764,183.518,-12.5719,1.1e+16,4,Y,101.6837,26.56901741,3317.5085,3179.942,137.5665,2.0,0.1347991808239259,0.00404245116446885,L,LLLLAVLLALLLILLSTLILI,13.478543073307028
LLLLAVLTALLLLLFSLLILI,LLLLAVLTALLLLLASLLILI,Left,void,,,,,,,,,,,3575.52,4474.2,46.1234,85.8266,3619.44,4581.85,141.475,228.403,-20.6163,1.1e+16,14,F,44.0602,66.07800023,3489.6934,3391.037,98.6564,2.0,0.0883540324624084,0.002217763714820155,L,LLLLAVLTALLLLLFSLLILI,8.834501997459958
LLLLAVLTALLLLLFSLLILI,LLLLAVLTALLALLFSLLILI,Left,void,,,,,,,,,,,3655.8,4528.94,52.5058,28.071,3619.44,4581.85,110.74,65.347,-20.6163,1.1e+16,11,L,102.1968,21.54868663,3627.729,3554.093,73.636,2.0,0.1627751568863964,0.0047397642613768035,L,LLLVALLTILLALLFSLLILI,16.27585531267701
LLLLVALLLTLLALLFILILI,LLLLVALLLTLAALLFILILI,Left,void,,,,,,,,,,,3653.76,4611.39,57.4242,92.1438,3687.23,4653.89,112.277,198.602,-15.2796,1.1e+16,11,L,38.124,70.73413384,3561.6162,3488.628,72.9882,2.0,0.0906633544495661,0.0063195341060649545,L,LLLLVALLLLLTALLFSLILI,9.065410640107403
LLLYLLLFVLIALLLTLLILI,LLLYLLLAVLIALLLTLLILI,Left,void,,,,,,,,,,,3570.84,4190.88,55.1623,33.2314,3534.75,4232.88,128.753,89.5224,-12.1728,1.1e+17,7,F,96.364,25.64242249,3537.6086,3445.2276,92.381,2.0,0.2183381433069797,0.0054342441408627715,L,LLLYTLLAVLIALLLSLLILI,21.831587188597133
LLLYLLLFVLIALLLTLLILI,LLLYLLLFVLIALLATLLILI,Left,void,,,,,,,,,,,3587.93,4193.28,56.7772,44.5673,3534.75,4232.88,112.164,77.0119,-12.1728,1.1e+17,14,L,85.3195,34.31241666,3543.3627,3457.7381,85.6246,2.0,0.296032140917026,0.007528871852823022,L,LLLYSLLFVLLLLLATLLILI,29.60019443771887
LLLLLALLFVLTSLLYLLILI,LLLLLALLFVLTSLLALLILI,Left,void,,,,,,,,,,,3342.71,4058.28,58.1248,20.2127,3329.92,4179.24,166.3,149.061,-14.7041,1.1e+16,15,Y,109.5077,15.5817435,3322.4973,3180.859,141.6383,2.0,0.3542830258477268,0.016818766932887804,L,LLLLLALLFVLTSLLAILILI,35.424688746940554
LLLLLALLFVLTSLLYLLILI,LLLLLALLAVLTSLLYLLILI,Left,void,,,,,,,,,,,3344.92,4078.2,58.6622,42.6285,3329.92,4179.24,148.384,113.684,-14.7041,1.1e+16,8,F,88.7011,32.45917143,3302.2915,3216.236,86.0555,2.0,0.3920711175745011,0.030421577651188553,L,LLLLLALLFVLTSLLAILILI,39.20311246497996
LLLLYLLLFVLATLLLSLILI,LLLLALLLFVLATLLLSLILI,Left,void,,,,,,,,,,,3240.85,4134.65,55.7649,6.68892,3227.42,4288.71,167.91,147.819,-18.611,1.1e+16,4,Y,131.78628,4.830410066,3234.16108,3079.601,154.56008,2.0,0.1815765929264454,0.006170209538464279,L,LLLLLLLLFVLATLLSILILI,18.15580713402256
LLLLYLLLFVLATLLLSLILI,LLLLYLLLAVLATLLLSLILI,Left,void,,,,,,,,,,,3253.77,4137.94,58.0168,26.0484,3227.42,4288.71,162.141,108.926,-18.611,1.1e+16,8,F,105.2812,19.83437093,3227.7216,3118.494,109.2276,2.0,0.1898380423075244,0.0036753877029271852,L,LLLLYLLLFVLATLLLSLILI,18.98186780182637
LLLYWLLTILVALLLSLLILI,LLLYALLTILVALLLSLLILI,Left,void,,,,,,,,,,,3584.43,4114.05,48.8124,41.7687,3604.75,4130.02,126.011,207.924,-14.8358,1.1e+17,4,W,104.1574,24.78263256,3542.6613,3396.826,145.8353,2.0,0.3329139115948295,0.012328473720093158,L,LLLVALLTILLALLFSLLILI,33.2879952957221
LLLYWLLTILVALLLSLLILI,LLLYWLLTILVALLASLLILI,Left,void,,,,,,,,,,,3665.22,4090.19,56.237,44.7167,3604.75,4130.02,111.851,75.5301,-14.8358,1.1e+17,14,L,85.1701,34.42743989,3620.5033,3529.2199,91.2834,2.0,0.3865252457047377,0.01437894425329813,L,LLLFALLTILVALLLSLLILI,38.64858184825992
LLLLYYLIVLLLTLFLLLILI,LLLLAYLIVLLLTLFLLLILI,Left,void,,,,,,,,,,,3660.73,4326.94,56.6304,54.4483,3488.88,4437.06,161.933,86.7732,-26.7413,1.1e+16,4,Y,84.0269,39.31989266,3606.2817,3402.1068,204.1749,2.0,0.2219292582642273,0.009508957874800064,L,LLLLAYLTVLLSILFLLLILI,22.190662053419064
LLLLTLLLFILALLLSVLILI,LLLLTLLLAILALLLSVLILI,Left,void,,,,,,,,,,,3675.56,4531.1,47.291,27.5391,3613.48,4619.11,136.117,86.5867,-9.5277,1.1e+16,8,F,103.7905,20.96945395,3648.0209,3526.8933,121.1276,2.0,0.7746378433480567,0.021577940252072013,L,LLLLTLLLFILALLLSVLILI,77.45588269871179
LLLLTLLLFILALLLSVLILI,LLLLTLLLFALALLLSVLILI,Left,void,,,,,,,,,,,3611.12,4615.47,42.4295,84.9035,3613.48,4619.11,79.9651,158.977,-9.5277,1.1e+16,9,I,44.7633,65.47821031,3526.2165,3454.503,71.7135,2.0,0.2499195446392822,0.0025293531266346214,L,LLLLTLLLFILALLLSVLILI,24.9894051780762
LLLLVLLLATLYLLLAFLILI,LLLLVLLLATLALLLAFLILI,Left,void,,,,,,,,,,,3781.95,4691.55,58.651,32.7898,3803.59,4840.25,169.393,204.117,-15.9755,1.1e+16,11,Y,97.478,25.17107067,3749.1602,3599.473,149.6872,2.0,0.2300700108350111,0.010779184819534215,L,LLLLVLLLATLYLLLAFLILI,23.00465427135226
LLLLALLTVLLALLFSLLILI,LLLLALLTVLAALLFSLLILI,Left,void,,,,,,,,,,,3746.29,4576.7,59.1906,104.866,3798.31,4633.76,119.215,221.691,-16.6884,1.1e+17,10,L,23.7054,81.56246257,3641.424,3576.619,64.805,2.0,0.2001884629865664,0.005449530716269799,L,LLLVALLTILLALLFSLLILI,20.01680429102908
LLLLALLTVLLALLFSLLILI,LLLLALLTALLALLFSLLILI,Left,void,,,,,,,,,,,3809.02,4634.09,47.6729,63.1243,3798.31,4633.76,66.2721,96.5113,-16.6884,1.1e+17,8,V,68.2053,48.06555415,3745.8957,3701.7987,44.097,2.0,0.1004734179987363,0.004727966995817937,L,LLLVALLTILLALLFSLLILI,10.04631692819592
LLLLYFLLLVLATLLLSLILI,LLLLAFLLLVLATLLLSLILI,Left,void,,,,,,,,,,,3429.92,4146.49,45.4639,32.5695,3402.28,4292.52,158.374,152.974,-16.1412,1.1e+16,4,Y,105.9057,23.52009602,3397.3505,3249.306,148.0445,2.0,0.01551860803425,0.0006349152551009947,L,LLLLYLLLFVLATLLLSLILI,1.5517025070102095
LLLLYFLLLVLATLLLSLILI,LLLLYALLLVLATLLLSLILI,Left,void,,,,,,,,,,,3349.88,4151.37,55.1484,57.1141,3402.28,4292.52,153.875,214.394,-16.1412,1.1e+16,5,F,73.1807,43.83451987,3292.7659,3187.886,104.8799,2.0,0.216432364909291,0.005453250138796226,L,LLLLYVLLLILATLLFSLILI,21.64102878858001
LLLLLLLLFILAVLLSTLILI,LLLLLLLLAILAVLLSTLILI,Left,void,,,,,,,,,,,3674.13,4518.87,61.6635,45.5562,3631.69,4676.05,163.091,110.624,-10.8518,1.1e+16,8,F,85.7734,34.688448,3628.5738,3521.066,107.5078,2.0,0.595450197016019,0.026035884608245227,L,LLLLLALLLILFVLLSTLILI,59.53894585585675
LLLLLLLLFILAVLLSTLILI,LLLLALLLFILAVLLSTLILI,Left,void,,,,,,,,,,,3668.66,4624.41,52.9296,15.8069,3631.69,4676.05,111.414,65.5177,-10.8518,1.1e+16,4,L,122.6683,11.41496817,3652.8531,3566.1723,86.6808,2.0,0.12266295233463,0.003342608556084631,L,LLLLAVLLFILALLLSTLILI,12.265044019079566
LLLLYVLTALLLILFLLLILI,LLLLYVLTALLLILALLLILI,Left,void,,,,,,,,,,,3611.06,4692.72,46.3676,77.4729,3649.13,4767.13,131.375,218.061,-8.22164,1.1e+16,14,F,52.4139,59.64647678,3533.5871,3431.069,102.5181,2.0,0.2803815146580892,0.017297629089605603,L,LLLLYVLIALLLTLFLLLILI,28.03529145488213
LLLYFLLAVLITLLLSLLILI,LLLYALLAVLITLLLSLLILI,Left,void,,,,,,,,,,,3492.52,4103.51,59.8715,61.12,3473.61,4257.04,160.801,152.455,-10.0268,1.1e+17,4,F,77.3552,44.13786729,3431.4,3321.155,110.245,2.0,0.1856826783007887,0.00416204246294928,L,LLLYTLLAVLIALLLSLLILI,18.566373787636365
LLLYFLLAVLITLLLSLLILI,LLLAFLLAVLITLLLSLLILI,Left,void,,,,,,,,,,,3317.78,4067.52,64.9869,69.1621,3473.61,4257.04,185.759,300.436,-10.0268,1.1e+17,3,Y,100.5687,40.74811407,3248.6179,3173.174,75.4439,2.0,0.2007969301942695,0.0023616479981080716,L,LLLYTLLAVLIALLLSLLILI,20.0776448051746
LLLLAILLAVLFLLLSTLILI,LLLLAILLAVLALLLSTLILI,Left,void,,,,,,,,,,,3634.06,4520.72,54.2551,14.7626,3575.62,4574.73,131.533,88.3704,-21.8131,1.1e+16,11,F,115.5052,11.3325012,3619.2974,3487.2496,132.0478,2.0,0.564929473731885,0.019751997193868318,L,LLLLAVLLFILALLLSTLILI,56.487184851826456
LLLLAILLAVLFLLLSTLILI,LLLLAILLAVLFALLSTLILI,Left,void,,,,,,,,,,,3570.34,4485.91,53.5154,71.8221,3575.62,4574.73,119.435,149.708,-21.8131,1.1e+16,12,L,57.9999,55.3235199,3498.5179,3425.912,72.6059,2.0,0.179695575091162,0.002058085033169644,L,LLLLALLLYVLFLLLSTLILI,17.967724537677682
LLLLTILLFLLAVLYLLLILI,LLLLTILLALLAVLYLLLILI,Left,void,,,,,,,,,,,3537.18,4171.17,50.0053,26.4657,3480.29,4263.89,139.487,91.4233,-10.988,1.1e+16,8,F,104.8639,20.15212108,3510.7143,3388.8667,121.8476,2.0,0.4565995651126631,0.02862155311600898,L,LLLLTILLFLLAVLYLLLILI,45.65529900113416
LLLLAYLLLTLAVLLFSLILI,LLLLAALLLTLAVLLFSLILI,Left,void,,,,,,,,,,,3222.84,4075.77,50.377,96.7248,3291.79,4231.88,163.192,276.125,-12.6397,1.1e+16,5,Y,33.57,74.23534938,3126.1152,3015.665,110.4502,2.0,0.2579923919098338,0.005443572069352253,L,LLLLAYLLLTLAVLLFSLILI,25.796607558649164
LLLLAYLLLTLAVLLFSLILI,LLLLAYLLLTLAVLLASLILI,Left,void,,,,,,,,,,,3305.28,4071.8,63.5828,45.5443,3291.79,4231.88,165.362,138.13,-12.6397,1.1e+16,15,F,84.1761,35.10958955,3259.7357,3153.66,106.0757,2.0,0.2335740391769672,0.008213012188338063,L,LLLLAYLLLTLAVLLFSLILI,23.355021362965623
LLLLAVLLLTLALLLSFLILI,LLLLAVLLLTLAALLSFLILI,Left,void,,,,,,,,,,,3651.98,4614.47,58.8183,95.4048,3685.71,4694.57,124.175,193.606,-14.752,1.1e+16,12,L,34.4172,73.488931,3556.5752,3492.104,64.4712,2.0,0.0162525688789855,0.000754893045353874,L,LLLLVLLLLTLIALLSFLILI,1.6250911047703824
LLLYTLLAVLLLLLASLLILI,LLLYTLLAVLALLLASLLILI,Left,void,,,,,,,,,,,3360.55,4097.14,55.6179,87.8098,3415.2,4159.21,117.07,210.877,-5.78252,1.1e+17,10,L,40.7616,68.29652629,3272.7402,3204.323,68.4172,2.0,0.0853186103642772,0.0009174383869404934,L,LLLYTLLAVLIALLLSLLILI,8.53099075024571
LLLYTLLAVLLLLLASLLILI,LLLATLLAVLLLLLASLLILI,Left,void,,,,,,,,,,,3226.82,3968.51,63.9526,95.1667,3415.2,4159.21,185.111,335.662,-5.78252,1.1e+17,3,Y,74.5641,56.06919899,3131.6533,3079.538,52.1153,2.0,0.0826089657274947,0.002983267865570891,L,LLLYTLLAVLLLLLASLLILI,8.260053926097395
LLLLVALLTILLSLLFLLILI,LLLLVALLTILLSLLFALILI,Left,void,,,,,,,,,,,3636.81,4603.15,43.4636,63.827,3669.51,4665.32,104.502,165.08,-19.1929,1.1e+16,16,L,65.6358,49.30142095,3572.983,3504.43,68.553,2.0,0.6731777961451751,0.032642330203198906,L,LLLLVLLLTILLFLLSALILI,67.31091291413965
LLLLYVLIALLLLLTSLLILI,LLLLYVLIALLLALTSLLILI,Left,void,,,,,,,,,,,3238.73,4130.31,47.733,60.6545,3244.15,4191.05,106.665,140.346,-22.4441,1.1e+16,12,L,69.1675,46.72127991,3178.0755,3103.804,74.2715,2.0,0.444219055021856,0.030678981952835443,L,LLLLYVLIALLFLLTSLLILI,44.41737427853201
LLLLFVLLITLALLLLSLILI,LLLLFVLLITLAALLLSLILI,Left,void,,,,,,,,,,,3295.45,4129.07,49.3309,92.7497,3315.79,4160.9,102.662,184.316,-7.01664,1.1e+16,12,L,37.0723,71.44374605,3202.7003,3131.474,71.2263,2.0,0.3561786882857159,0.033828363544909534,L,LLLLYVLLFTLALLLLSLILI,35.614235654174806
LLLLFVLLITLALLLLSLILI,LLLLFVLLITLALLLASLILI,Left,void,,,,,,,,,,,3365.3,4060.36,63.0001,66.1565,3315.79,4160.9,129.116,74.7259,-7.01664,1.1e+16,15,L,63.5639,50.99930312,3299.1435,3241.0641,58.0794,2.0,0.1574604410212492,0.0068054196424390005,L,LLLLYVLLFTLALLLLSLILI,15.744437938528849
LLLYLLLAVLITLLFSLLILI,LLLYLLLAVLITLLASLLILI,Left,void,,,,,,,,,,,3515.01,4158.91,56.0767,33.4956,3451.95,4255.62,144.438,98.3989,-12.5799,1.1e+17,14,F,96.3912,25.78830181,3481.5144,3353.5511,127.9633,2.0,0.2485317286167386,0.007582662213147145,L,LLLYTLLAVLIALLLSLLILI,24.85063773213665
LLLYLLLAVLITLLFSLLILI,LLLYLLLAVLATLLFSLLILI,Left,void,,,,,,,,,,,3431.67,4228.8,41.9437,64.6461,3451.95,4255.62,90.075,154.378,-12.5799,1.1e+17,10,I,63.9253,50.28031117,3367.0239,3297.572,69.4519,2.0,0.0140422946237233,0.0006166984460277438,L,LLLYLLLTVLALLLFSLLILI,1.4040862249834145
LLLLAYLVILLFTLLSLLILI,LLLLAYLVILLATLLSLLILI,Left,void,,,,,,,,,,,3594.44,4140.79,53.4908,32.7559,3555.05,4240.01,146.696,111.792,-8.13862,1.1e+16,11,F,97.5119,25.14504736,3561.6841,3443.258,118.4261,2.0,0.1605660604914634,0.0016316536865585715,L,LLLLAVLIFLLATLLSLLILI,16.054968206908285
LLLLAYLVILLFTLLSLLILI,LLLLAYLVALLFTLLSLLILI,Left,void,,,,,,,,,,,3556.48,4226.34,48.8197,71.1603,3555.05,4240.01,90.3701,142.28,-8.13862,1.1e+16,8,I,60.1693,54.18450981,3485.3197,3412.77,72.5497,2.0,0.5031104086398969,0.034915492601543356,L,LLLLAYLVILLFTLLSLLILI,50.305908923434174
LLLLYVLIALLTLLFSLLILI,LLLLAVLIALLTLLFSLLILI,Left,void,,,,,,,,,,,3522.65,4093.21,57.0157,45.3331,3543.69,4249.12,171.15,202.528,-5.87878,1.1e+16,4,Y,93.1421,32.73734214,3477.3169,3341.162,136.1549,2.0,0.8782550955785824,0.02790991750292285,L,LLLLAVLTALLLLLFSLLILI,87.8165509816378
LLLLYVLIALLTLLFSLLILI,LLLLYVLAALLTLLFSLLILI,Left,void,,,,,,,,,,,3537.13,4229.12,48.196,95.231,3543.69,4249.12,93.0398,175.9,-5.87878,1.1e+16,7,I,34.3644,73.48331808,3441.899,3367.79,74.109,2.0,0.2793657366521291,0.016783807671741757,L,LLLLYLLVALLTILFSLLILI,27.93372401565464
LLLLAVLLALLLILLSTLILI,LLLLAVLLAALLILLSTLILI,Left,void,,,,,,,,,,,3622.44,4534.83,41.1476,78.9125,3641.85,4552.52,89.408,176.01,-11.7216,1.1e+16,9,L,50.7543,60.85790657,3543.5275,3465.84,77.6875,2.0,0.0408738319254025,0.0007593144833727818,L,LLLLAVLLALLLILLSTLILI,4.086966262037299
LLLLAVLLALLLILLSTLILI,LLLLAVLLALLAILLSTLILI,Left,void,,,,,,,,,,,3687.99,4531.65,48.3445,23.8312,3641.85,4552.52,96.9429,53.517,-11.7216,1.1e+16,11,L,106.4366,18.29400665,3664.1588,3588.333,75.8258,2.0,0.276765200259023,0.005874891497004864,L,LLLLAVLLFILALLLSTLILI,27.67369690292339
LLLLFALLTILVALLSLLILI,LLLLAALLTILVALLSLLILI,Left,void,,,,,,,,,,,3661.71,4541.56,52.1196,104.339,3723.72,4677.18,153.538,264.44,-10.6134,1.1e+16,4,F,34.1362,75.34851006,3557.371,3459.28,98.091,2.0,0.0678331838510165,0.005101173385208135,L,LLLLFALLTILVALLSLLILI,6.782626457721032
LLLLFALLTILVALLSLLILI,LLLLFALLTALVALLSLLILI,Left,void,,,,,,,,,,,3788.78,4661.47,47.6788,62.4032,3723.72,4677.18,88.1579,92.3088,-10.6134,1.1e+16,9,I,67.2636,48.1258117,3726.3768,3631.4112,94.9656,2.0,1.031327205244811,0.052797865813558775,L,LLLLFALLTILVALLSLLILI,103.1222005475144
LLLLYYLTALLFVLLILLILI,LLLLAYLTALLFVLLILLILI,Left,void,,,,,,,,,,,3624.95,4231.15,63.5287,64.4959,3476.75,4339.96,167.178,110.733,-24.8151,1.1e+16,4,Y,73.9793,46.57577675,3560.4541,3366.017,194.4371,2.0,0.8115372581698076,0.07521268457873985,L,LLLLAILTALLFVLLSLLILI,81.14544779113197
LLLLYYLTALLFVLLILLILI,LLLLYALTALLFVLLILLILI,Left,void,,,,,,,,,,,3462.15,4167.39,50.0246,82.2578,3476.75,4339.96,165.682,234.262,-24.8151,1.1e+16,5,Y,48.037,63.13206667,3379.8922,3242.488,137.4042,2.0,0.1463292519000856,0.003974798403134252,L,LLLLYLLTFLLAVLLILLILI,14.631432569284788
LLLLVALLLILFLLLSTLILI,LLLLVALLLILALLLSTLILI,Left,void,,,,,,,,,,,3650.85,4633.25,49.6521,78.5125,3699.28,4750.2,145.754,226.006,-10.2748,1.1e+16,11,F,51.7553,60.27007442,3572.3375,3473.274,99.0635,2.0,0.0458222017734804,0.0026073369740201064,L,LLLLLALLLILFVLLSTLILI,4.581752771364019
LLLLVALLLILFLLLSTLILI,LLLLVALLAILFLLLSTLILI,Left,void,,,,,,,,,,,3738.51,4697.47,50.9418,25.332,3699.28,4750.2,106.194,57.5492,-10.2748,1.1e+16,8,L,105.9976,19.28887319,3713.178,3641.7308,71.4472,2.0,0.6781574612130131,0.03884846223607126,L,LLLLLALLLILFVLLSTLILI,67.8088286262178
LLLAALLYLLTSLLFVLLILI,LLLAALLALLTSLLFVLLILI,Left,void,,,,,,,,,,,3647.59,4520.63,54.9909,16.3058,3658.98,4698.77,172.282,186.504,-8.01353,1.1e+17,7,Y,113.2896,12.58208239,3631.2842,3472.476,158.8082,2.0,0.1498333443034016,0.0021820146308116576,L,LLLYALLFLLTSLLFSLLILI,14.981806066380695
LLLAALLYLLTSLLFVLLILI,LLLAALLYALTSLLFVLLILI,Left,void,,,,,,,,,,,3680.85,4638.35,46.6369,24.9355,3658.98,4698.77,105.678,51.5022,-8.01353,1.1e+17,8,L,106.3941,18.98696105,3655.9145,3607.4778,48.4367,2.0,0.7276474014051322,0.06240851052324348,L,LLLAALLYVLLSLLFTLLILI,72.75731782695091
LLLLYVLLLILATLLFSLILI,LLLLAVLLLILATLLFSLILI,Left,void,,,,,,,,,,,3316.99,4116.8,47.5294,28.8061,3301.63,4259.01,157.712,150.708,-15.1973,1.1e+16,4,Y,109.6691,20.80235306,3288.1839,3150.922,137.2619,2.0,0.1740793443098667,0.0036912410433234274,L,LLLLYVLLLILATLLFSLILI,17.406158747495336
LLLLYVLLLILATLLFSLILI,LLLLYVLLLILATLLASLILI,Left,void,,,,,,,,,,,3315.95,4097.68,63.6825,57.7271,3301.63,4259.01,166.065,158.599,-15.1973,1.1e+16,15,F,71.9933,44.50117329,3258.2229,3143.031,115.1919,2.0,0.0521020709414934,0.0027012386285627755,L,LLLLYVLLLILATLLFSLILI,5.209675630823804
LLLTSLLAVLIALLFLLLILI,LLLTSLLAVLIALLALLLILI,Left,void,,,,,,,,,,,3234.65,3961.41,51.9688,5.34232,3212.64,4105.94,152.453,58.198,-9.84837,1.1e+17,14,F,124.54448,4.113058448,3229.30768,3154.442,74.86568,2.0,0.4234232754394766,0.014328016407525335,L,LLLTSLLAVLIALLFLLLILI,42.33800844610739
LLLTSLLAVLIALLFLLLILI,LLLTSLLAVLAALLFLLLILI,Left,void,,,,,,,,,,,3193.42,4048.92,60.1332,84.294,3212.64,4105.94,115.343,171.633,-9.84837,1.1e+17,10,I,44.2774,65.56201457,3109.126,3041.007,68.119,2.0,0.0875378396578809,0.002932487834655416,L,LLLTSLLAVLIALLFLLLILI,8.752891042521611
LLLLAVLIFLLATLLSLLILI,LLLLAVLIFLLATLASLLILI,Left,void,,,,,,,,,,,3425.85,3999.87,59.4622,67.5816,3416.8,4063.89,121.97,145.666,-6.42817,1.1e+16,14,L,62.3052,52.03115328,3358.2684,3271.134,87.1344,2.0,0.0104413229952134,0.00034485531610528087,L,LLLLAVLLFLLATLISLLILI,1.044025793577496
LLLLAVLIFLLATLLSLLILI,LLLLAVLIALLATLLSLLILI,Left,void,,,,,,,,,,,3318.46,3928.98,55.3197,65.1888,3416.8,4063.89,154.154,248.4,-6.42817,1.1e+16,8,F,66.1408,49.63755315,3253.2712,3168.4,84.8712,2.0,0.214592309217855,0.012128350256920098,L,LLLLAVLLFLLATLISLLILI,21.45704198878856
LLLLFLLLAILLVLLSTLILI,LLLLALLLAILLVLLSTLILI,Left,void,,,,,,,,,,,3700.64,4563.0,53.462,29.9668,3637.41,4695.37,149.518,60.4872,-9.42978,1.1e+16,4,F,108.5084,21.64055369,3670.6732,3576.9228,93.7504,2.0,0.1128164719127705,0.006011516014452447,L,LLLLAVLLALLLILLSTLILI,11.280496415189743
LLLLFLLLAILLVLLSTLILI,LLLLFLLLAILAVLLSTLILI,Left,void,,,,,,,,,,,3674.98,4631.22,59.344,35.1312,3637.41,4695.37,121.412,81.0488,-9.42978,1.1e+16,11,L,95.1366,26.968445,3639.8488,3556.3612,83.4876,2.0,0.0358637064797573,0.0011245303119503008,L,LLLLYLLLFILAVLLSTLILI,3.586004822887255
LLLLSYLLFVLATLLLILILI,LLLLSALLFVLATLLLILILI,Left,void,,,,,,,,,,,3215.5,4105.24,58.9521,106.749,3242.8,4269.22,171.423,260.971,-13.3019,1.1e+16,5,Y,23.5458,81.92882602,3108.751,2981.829,126.922,2.0,0.1916288325251479,0.012108340924089616,L,LLLLWALLFVLATLLSLLILI,19.16092855676541
LLLLSYLLFVLATLLLILILI,LLLLSYLLAVLATLLLILILI,Left,void,,,,,,,,,,,3276.82,4129.67,56.5334,26.1161,3242.8,4269.22,158.175,104.696,-13.3019,1.1e+16,8,F,105.2135,19.88592062,3250.7039,3138.104,112.5999,2.0,0.2420685136947323,0.0038137243743335174,L,LLLLSYLLAVLFTLLLILILI,24.20438216748236
LLLLAYLIFLLWTLVLLLILI,LLLLAYLIFLLATLVLLLILI,Left,void,,,,,,,,,,,3660.71,4267.42,41.9363,11.0567,3579.99,4349.95,151.232,85.1051,-12.3295,1.1e+16,11,W,119.2111,8.487669248,3649.6533,3494.8849,154.7684,2.0,0.2655520308129593,0.006060373010318702,L,LLLLAVLIFLLATLLSLLILI,26.552494337423564
LLLLAYLIFLLWTLVLLLILI,LLLLAYLIALLWTLVLLLILI,Left,void,,,,,,,,,,,3543.41,4299.72,40.6789,43.9242,3579.99,4349.95,117.127,186.629,-12.3295,1.1e+16,8,F,87.4054,33.44577308,3499.4858,3393.361,106.1248,2.0,1.199346971787299,0.04434909077727376,L,LLLLAYLIFLLWTLVLLLILI,119.9224633285472
LLLALLLTVLTSLLFLLLILI,LLLALLLTVLTSLLFALLILI,Left,void,,,,,,,,,,,3266.2,4116.34,56.0024,79.3792,3260.05,4163.02,110.122,146.546,-10.5163,1.1e+17,15,L,50.3412,61.1925341,3186.8208,3113.504,73.3168,2.0,0.2011345169393474,0.005535450791759295,L,LLLALLLTVLTSLLFLLLILI,20.11140003615373
LLLALLLTVLTSLLFLLLILI,LLLALLLTVLTSLLALLLILI,Left,void,,,,,,,,,,,3292.54,4019.86,53.1013,12.2284,3260.05,4163.02,152.474,45.851,-10.5163,1.1e+17,14,F,117.6584,9.414659534,3280.3116,3214.199,66.1126,2.0,0.1792584272498751,0.005409881412912653,L,LLLALLLTVLTSLLFLLLILI,17.924014212643257
LLLLVLLLLTLIALLSFLILI,LLLLVLLLLTLIALLSALILI,Left,void,,,,,,,,,,,3636.82,4539.75,44.0998,87.9111,3736.53,4641.37,137.209,272.56,-18.19,1.1e+16,16,F,41.5517,67.90452547,3548.9089,3463.97,84.9389,2.0,0.2078758569876356,0.008758533471265727,L,LLLLVLLLLTLIALLSFLILI,20.785465276441407
LLLLVALLLLLTSLLFLLILI,LLLLVALLLLLTSLLALLILI,Left,void,,,,,,,,,,,3589.58,4589.78,42.5075,16.4678,3536.64,4657.33,126.065,93.2492,-31.8215,1.1e+16,15,F,113.2526,12.69484214,3573.1122,3443.3908,129.7214,2.0,0.3412479451121606,0.018407336626673466,L,LLLLVALLLLLTALLFSLILI,34.121313636762004
LLLLVALLLLLTSLLFLLILI,LLLLVALLLLLTSLLFALILI,Left,void,,,,,,,,,,,3541.8,4618.33,43.046,39.1219,3536.64,4657.33,96.9491,130.248,-31.8215,1.1e+16,16,L,69.2052,46.54433552,3502.6781,3406.392,96.2861,2.0,0.2321946565741275,0.006699451129933833,L,LLLLVALLLLLTALLFSLILI,23.217097172972
LLLYWLLTLLVALLLSLLILI,LLLYALLTLLVALLLSLLILI,Left,void,,,,,,,,,,,3565.04,4154.07,49.0044,35.0175,3560.96,4162.98,121.528,176.36,-8.9373,1.1e+17,4,W,103.4577,25.28792159,3530.0225,3384.6,145.4225,2.0,0.3086819672066971,0.009245684443455924,L,LLLFALLTILVALLLSLLILI,30.865048033067428
LLLYWLLTLLVALLLSLLILI,LLLYWLLTLLVALLASLLILI,Left,void,,,,,,,,,,,3601.98,4122.82,56.1918,41.6183,3560.96,4162.98,111.661,90.5451,-8.9373,1.1e+17,14,L,88.2685,32.04197809,3560.3617,3470.4149,89.9468,2.0,0.3341880655621698,0.007573781217170105,L,LLLYWLLTVLLALLFSLLILI,33.415397695542715
LLLLIFLLAVLYLLLSTLILI,LLLLIFLLAVLALLLSTLILI,Left,void,,,,,,,,,,,3768.88,4687.07,54.2045,11.4315,3721.36,4830.13,163.284,127.973,-13.2821,1.1e+16,11,Y,118.8363,8.775384247,3757.4485,3593.387,164.0615,2.0,0.1628359787033137,0.005799275005965123,L,LLLLFLLLAVLYLLLSTLILI,16.281936873960294
LLLLIFLLAVLYLLLSTLILI,LLLLIALLAVLYLLLSTLILI,Left,void,,,,,,,,,,,3619.68,4668.55,61.7223,87.3256,3721.36,4830.13,164.684,263.654,-13.2821,1.1e+16,5,F,42.9692,67.0215542,3532.3544,3457.706,74.6484,2.0,1.070845357843483,0.045240260661999585,L,LLLLFLLLAVLYLLLSTLILI,107.07361270538544
LLLLYLLVTLLAILLFLLILI,LLLLYLLVTLLAILLALLILI,Left,void,,,,,,,,,,,3386.16,4186.59,59.7465,43.6675,3359.08,4336.36,159.469,135.186,-12.0804,1.1e+16,15,F,86.0529,33.6627855,3342.4925,3223.894,118.5985,2.0,0.6029124768803886,0.05316176883699281,L,LLLLYLLVILLATLLFLLILI,60.28509772385924
LLLLAILLALLFVLTSLLILI,LLLLAALLALLFVLTSLLILI,Left,void,,,,,,,,,,,3640.68,4616.03,48.6703,87.6122,3639.74,4628.62,87.9453,157.118,-19.5332,1.1e+16,5,I,42.6826,67.24151693,3553.0678,3482.622,70.4458,2.0,0.2192001087948801,0.00890906476365671,L,LLLLYFLLALLAVLTSLLILI,21.91777494497189
LLLLAILLALLFVLTSLLILI,LLLLAILAALLFVLTSLLILI,Left,void,,,,,,,,,,,3575.99,4563.95,59.8416,106.672,3639.74,4628.62,122.082,230.973,-19.5332,1.1e+16,7,L,22.9234,82.31156353,3469.318,3408.767,60.551,2.0,0.4511014067059624,0.006246388302890634,L,LLLLAILLALLFVLTSLLILI,45.10553924402274
LLLLAVLLFLLATLISLLILI,LLLLAVLLALLATLISLLILI,Left,void,,,,,,,,,,,3630.57,4480.36,55.0671,30.5493,3602.91,4616.17,154.29,114.42,-7.80654,1.1e+16,8,F,100.7803,23.26154957,3600.0207,3488.49,111.5307,2.0,0.396973325171852,0.01395350492835941,L,LLLLAVLLFLLATLISLLILI,39.69328322010861
LLLLAVLLFLLATLISLLILI,LLLLAVLAFLLATLISLLILI,Left,void,,,,,,,,,,,3572.52,4553.59,59.3499,54.9713,3602.91,4616.17,121.182,169.633,-7.80654,1.1e+16,7,L,74.6241,42.41763211,3517.5487,3433.277,84.2717,2.0,0.2063926174055449,0.006964070712503732,L,LLLLAVLLFLLATLISLLILI,20.63715644790812
LLLLYILTFLLAVLLLLLILI,LLLLAILTFLLAVLLLLLILI,Left,void,,,,,,,,,,,3319.61,4143.38,62.6799,39.6284,3289.29,4324.19,180.187,151.16,-16.6978,1.1e+16,4,Y,98.8468,28.6176875,3279.9816,3138.13,141.8516,2.0,0.4092625041325641,0.008631710966316333,L,LLLLWILTYLLAVLLFLLILI,40.92207576131771
LLLFALLTILLSLLYVLLILI,LLLFALLTILLSLLAVLLILI,Left,void,,,,,,,,,,,3753.99,4557.15,48.1617,31.0148,3723.98,4698.86,157.516,142.332,-16.7599,1.1e+17,14,Y,98.872,23.87833098,3722.9752,3581.648,141.3272,2.0,0.2397867359007739,0.008624986891572753,L,LLLFALLTILLSLLYVLLILI,23.97622766319234
LLLFALLTILLSLLYVLLILI,LLLAALLTILLSLLYVLLILI,Left,void,,,,,,,,,,,3668.54,4578.29,53.5214,110.266,3723.98,4698.86,152.248,267.452,-16.7599,1.1e+17,3,F,59.4648,64.96522729,3558.274,3456.528,101.746,2.0,0.1049543363973941,0.0028607984002514742,L,LLLFALLTILLSLLYVLLILI,10.494363060784604
LLLVALLLLLFLLLTSLLILI,LLLVALLLLLALLLTSLLILI,Left,void,,,,,,,,,,,3243.91,4053.28,48.6665,80.1351,3307.39,4165.2,143.366,238.914,-7.38901,1.1e+17,10,F,48.4363,62.32731385,3163.7749,3068.476,95.2989,2.0,0.3152939350199069,0.0107194543887876,L,LLLVALLLLLTFLLASLLILI,31.5261773694992
LLLVALLLLLFLLLTSLLILI,LLLVALLLALFLLLTSLLILI,Left,void,,,,,,,,,,,3302.34,4127.2,43.4556,59.7245,3307.39,4165.2,94.648,133.705,-7.38901,1.1e+17,8,L,71.6051,45.47680036,3242.6155,3173.685,68.9305,2.0,0.1528345882851194,0.006963861754619462,L,LLLVTLLLALLLLLFSLLILI,15.281899850584956
LLLLFVLLALLTILYSLLILI,LLLLAVLLALLTILYSLLILI,Left,void,,,,,,,,,,,3982.26,4629.9,57.6979,103.834,3894.44,4774.81,157.084,160.519,-8.89267,1.1e+16,4,F,34.6412,74.98382382,3878.426,3733.921,144.505,2.0,0.6548876576528165,0.05574482132102024,L,LLLLAVLLALLLILLSTLILI,65.48208563211028
LLLLVLLLAILFTLLSLLILI,LLLLVLLLAILFTLLSALILI,Left,void,,,,,,,,,,,3672.02,4701.6,42.1976,83.7016,3686.7,4720.98,89.937,174.577,-17.1477,1.1e+16,16,L,45.7612,64.65301229,3588.3184,3512.123,76.1954,2.0,0.0370873648647867,0.0006477875940172381,L,LLLLVLLLAILFLLLSTLILI,3.7083581795532345
LLLLVLLLAILFTLLSLLILI,LLLLVLLLAILATLLSLLILI,Left,void,,,,,,,,,,,3724.59,4578.42,54.4783,47.8689,3686.7,4720.98,157.272,81.2355,-17.1477,1.1e+16,11,F,82.3989,36.74653291,3676.7211,3605.4645,71.2566,2.0,0.2562545971353649,0.014968104040143138,L,LLLLVLLLAILFLLLSTLILI,25.62284580744949
LLLLYLLTALLFVLISLLILI,LLLLYALTALLFVLISLLILI,Left,void,,,,,,,,,,,3325.22,4209.03,50.5171,41.4123,3315.81,4291.58,116.099,95.3015,-19.9231,1.1e+16,5,L,88.8825,31.7835401,3283.8077,3220.5085,63.2992,2.0,0.2365036275264549,0.019883240117888834,L,LLLLYLLTALLFLLTSLLILI,23.647950314864868
LLLLFVLLWTLALLLSILILI,LLLLAVLLWTLALLLSILILI,Left,void,,,,,,,,,,,3647.76,4646.74,58.0314,37.2639,3619.06,4792.03,156.88,92.957,-12.5287,1.1e+16,4,F,101.2113,26.91016153,3610.4961,3526.103,84.3931,2.0,0.620366047169686,0.028028264512149667,L,LLLLAVLLFILALLLSTLILI,62.03027671893464
LLLYALLFLLVILLWSLLILI,LLLYALLFLLVILLASLLILI,Left,void,,,,,,,,,,,3641.91,4232.74,55.3542,42.2649,3594.75,4285.26,143.214,123.507,-16.3167,1.1e+17,14,W,87.6219,32.53979619,3599.6451,3471.243,128.4021,2.0,0.0830527511425019,0.0027781208141085447,L,LLLTALLFLLVALLLSLLILI,8.30442794079778
LLLYALLFLLVILLWSLLILI,LLLYALLFALVILLWSLLILI,Left,void,,,,,,,,,,,3541.74,4228.8,44.1119,84.681,3594.75,4285.26,103.99,200.048,-16.3167,1.1e+17,8,L,46.6486,64.47975171,3457.059,3394.702,62.357,2.0,0.3172214709961659,0.01057591153328988,L,LLLYALLFTLVALLLSLLILI,31.71891130543677
LLLLYLLLFILAVLLSTLILI,LLLLYLLLAILAVLLSTLILI,Left,void,,,,,,,,,,,3622.14,4533.91,62.171,45.0407,3593.22,4690.09,163.359,127.178,-11.9998,1.1e+16,8,F,94.997,27.07560886,3577.0993,3466.042,111.0573,2.0,0.1712367208215201,0.0008050886099340627,L,LLLLYLLLFILAVLLSTLILI,17.121925394631567
LLLLALLTALLYVLFSLLILI,LLLLALLTALLAVLFSLLILI,Left,void,,,,,,,,,,,3623.14,4584.16,52.1914,32.7049,3609.16,4669.75,151.06,155.127,-19.2386,1.1e+16,11,Y,97.5629,25.10589724,3590.4351,3454.033,136.4021,2.0,0.2733600470110465,0.00445707142171981,L,LLLVALLTILLALLFSLLILI,27.333216312139875
LLLLALLTALLYVLFSLLILI,LLLLALLTALLYVLASLLILI,Left,void,,,,,,,,,,,3554.45,4611.75,56.0088,92.935,3609.16,4669.75,132.803,244.032,-19.2386,1.1e+16,14,F,36.9518,71.55076574,3461.515,3365.128,96.387,2.0,0.6206405508460622,0.018839439873488014,L,LLLLALLTILLFVLASLLILI,62.05772428651779
LLLLVLLLAILTFLLSLLILI,LLLLVLLLAILTALLSLLILI,Left,void,,,,,,,,,,,3328.83,4003.32,47.2962,20.538,3302.48,4089.18,134.12,90.58,-7.01837,1.1e+16,12,F,109.284,15.82012294,3308.292,3211.9,96.392,2.0,0.4084163428080405,0.017032480729545135,L,LLLLVLLLAILFLLLSTLILI,40.83746826007143
LLLLVLLLAILTFLLSLLILI,LLLLVLLLAALTFLLSLLILI,Left,void,,,,,,,,,,,3309.05,4078.95,47.3547,83.4488,3302.48,4089.18,85.39,148.104,-7.01837,1.1e+16,9,I,46.218,64.35633485,3225.6012,3154.376,71.2252,2.0,0.1450129442403405,0.019291623273522837,L,LLLLVLLLLALTFLLSILILI,14.49981523020932
LLLYALLFVLLILLFSLLILI,LLLYALLFVLLILLASLLILI,Left,void,,,,,,,,,,,3668.55,4219.63,54.7308,56.3895,3601.3,4357.76,152.534,79.2841,-10.6362,1.1e+17,14,F,73.4973,43.41434234,3612.1605,3522.0159,90.1446,2.0,0.0843981293532167,0.0027248180228480407,L,LLLYALLFVLTALLLSLLILI,8.438952038438211
LLLYALLFVLLILLFSLLILI,LLLYALLFVLAILLFSLLILI,Left,void,,,,,,,,,,,3569.85,4307.95,52.8441,72.0328,3601.3,4357.76,110.759,178.958,-10.6362,1.1e+17,10,L,56.5386,56.02552356,3497.8172,3422.342,75.4752,2.0,0.0467099351121777,0.00138007123664852,L,LLLYLLLTVLALLLFSLLILI,4.6705170499754045
LLLLFILLAVLLTLLLSLILI,LLLLFILLAVLATLLLSLILI,Left,void,,,,,,,,,,,3358.38,4154.43,59.9283,28.2201,3318.17,4217.06,121.594,65.4121,-10.64,1.1e+16,11,L,102.0477,21.66314316,3330.1599,3252.7579,77.402,2.0,0.1423048802202558,0.002710052832514403,L,LLLLYLLLFVLATLLLSLILI,14.229036451607818
LLLLFILLAVLLTLLLSLILI,LLLLFALLAVLLTLLLSLILI,Left,void,,,,,,,,,,,3265.09,4162.2,58.0355,102.026,3318.17,4217.06,112.303,212.039,-10.64,1.1e+16,5,I,28.2688,78.30396915,3163.064,3106.131,56.933,2.0,0.2929496032683563,0.007914028976885444,L,LLLLFVLLAILYTLLLSLILI,29.291972116049457
LLLFALLLVLISLLLTLLILI,LLLAALLLVLISLLLTLLILI,Left,void,,,,,,,,,,,3299.54,3990.83,52.4215,96.088,3345.5,4075.5,141.768,240.809,-11.8052,1.1e+17,3,F,73.6428,56.61199971,3203.452,3104.691,98.761,2.0,0.4606162367590528,0.011049278867795715,L,LLLFALLLVLITLLLSLLILI,46.05692519401073
LLLFALLLVLISLLLTLLILI,LLLFALLLVLISLLATLLILI,Left,void,,,,,,,,,,,3387.35,4037.06,56.594,33.6139,3345.5,4075.5,111.74,70.7392,-11.8052,1.1e+17,14,L,96.2729,25.87938112,3353.7361,3274.7608,78.9753,2.0,0.2834653134832388,0.007826069228178707,L,LLLFALLLVLITLLLSLLILI,28.343639881335
LLLLLILTALLFVLLSLLILI,LLLLLALTALLFVLLSLLILI,Left,void,,,,,,,,,,,3617.84,4673.25,48.2289,73.035,3613.8,4686.53,87.7231,137.403,-6.49024,1.1e+16,5,I,57.2598,56.05365678,3544.805,3476.397,68.408,2.0,0.1609630780904373,0.018278602929038806,L,LLLLAILTALLFVLLSLLILI,16.09466591705699
LLLLYYLTFLLAVLLILLILI,LLLLAYLTFLLAVLLILLILI,Left,void,,,,,,,,,,,3556.76,4272.17,63.6792,47.3007,3438.97,4380.4,166.904,103.293,-20.004,1.1e+16,4,Y,91.1745,34.15824639,3509.4593,3335.677,173.7823,2.0,0.3196763742188946,0.00718891372397552,L,LLLLYILTFLLAVLLSLLILI,31.96437658665068
LLLLYYLTFLLAVLLILLILI,LLLLYALTFLLAVLLILLILI,Left,void,,,,,,,,,,,3432.93,4222.23,49.5729,82.1879,3438.97,4380.4,160.854,224.173,-20.004,1.1e+16,5,Y,62.1359,52.31129715,3350.7421,3214.797,135.9451,2.0,0.2073194992415096,0.006408617634919879,L,LLLLYILTFLLAVLLSLLILI,20.7298351769149
LLLLLLLLFVLATLLSILILI,LLLLLLLLAVLATLLSILILI,Left,void,,,,,,,,,,,3719.39,4578.83,58.6493,43.3254,3676.41,4727.97,162.965,119.074,-18.6513,1.1e+16,8,F,88.0042,32.98982103,3676.0646,3557.336,118.7286,2.0,0.1949592910661448,0.024079781043657447,L,LLLLLLLLFVLATLLSILILI,19.493940438768792
LLLLLLLLFVLATLLSILILI,LLLLALLLFVLATLLSILILI,Left,void,,,,,,,,,,,3734.68,4689.14,58.137,32.4669,3676.41,4727.97,111.824,72.0749,-18.6513,1.1e+16,4,L,106.0083,23.44600333,3702.2131,3604.3351,97.878,2.0,0.1700037945717643,0.0034305420818309964,L,LLLLALLLFVLTWLLSLLILI,16.99864534602911
LLLLWALLFVLATLLSLLILI,LLLLWALLAVLATLLSLLILI,Left,void,,,,,,,,,,,3666.01,4519.18,49.6596,44.4902,3652.96,4656.6,151.377,148.177,-10.1018,1.1e+16,8,F,86.8394,33.8767498,3621.5198,3504.783,116.7368,2.0,0.127694231031352,0.004245159237981925,L,LLLLWALLFVLATLLSLLILI,12.768120567565116
LLLLWALLFVLATLLSLLILI,LLLLAALLFVLATLLSLLILI,Left,void,,,,,,,,,,,3682.36,4615.96,55.9848,36.4969,3652.96,4656.6,139.327,88.0273,-10.1018,1.1e+16,4,W,101.9783,26.35627174,3645.8631,3564.9327,80.9304,2.0,0.2272269564192378,0.00781322630038185,L,LLLLAVLLFLLATLISLLILI,22.720377830141462
LLLVTLLLALLLLLFSLLILI,LLLVTLLLALALLLFSLLILI,Left,void,,,,,,,,,,,3265.2,4167.9,57.3274,56.1234,3285.78,4210.27,112.366,157.089,-8.52579,1.1e+17,10,L,72.448,43.65154303,3209.0766,3128.691,80.3856,2.0,0.1243946548785497,0.0009141030570070556,L,LLLVTLLLALLLLLFSLLILI,12.438196609367676
LLLLALLLFVLTYLLSLLILI,LLLLALLLFVLTYLLSALILI,Left,void,,,,,,,,,,,3607.35,4667.23,44.0058,86.3286,3599.83,4697.46,95.035,157.291,-28.0531,1.1e+16,16,L,43.1342,66.68216661,3521.0214,3442.539,78.4824,2.0,0.1592536594095041,0.0041470751578307615,L,LLLLALLLFVLTWLLSLLILI,15.92374148576264
LLLLALLLFVLTYLLSLLILI,LLLLALLLFVLAYLLSLLILI,Left,void,,,,,,,,,,,3601.02,4676.88,48.6022,85.9516,3599.83,4697.46,76.9503,127.868,-28.0531,1.1e+16,11,T,44.3162,65.98069515,3515.0684,3471.962,43.1064,2.0,0.3952010169815558,0.014618294230465711,L,LLLLALLLFVLTWLLSLLILI,39.51607047937776
LLLLYALLLLLTVLFILLILI,LLLLYALLLLLTVLAILLILI,Left,void,,,,,,,,,,,3349.11,4159.98,57.8752,82.9101,3420.42,4310.09,158.797,237.451,-7.22906,1.1e+16,14,F,46.9767,63.83258345,3266.1999,3182.969,83.2309,2.0,0.6407153767898771,0.011591931798728118,L,LLLLYALLLLLTVLFILLILI,64.0650021091203
LLLVALLILLTYLLFSLLILI,LLLVALLIALTYLLFSLLILI,Left,void,,,,,,,,,,,3693.5,4665.65,43.8703,46.8932,3682.63,4711.66,96.646,108.08,-5.2557,1.1e+17,8,L,84.4364,35.70649724,3646.6068,3574.55,72.0568,2.0,0.5788159357164137,0.027052628362043914,L,LLLVALLLLLTALLFSLLILI,57.87568940244972
LLLVALLILLTYLLFSLLILI,LLLVALLILLTYLLASLLILI,Left,void,,,,,,,,,,,3701.62,4613.96,41.9559,26.0581,3682.63,4711.66,135.316,60.1054,-5.2557,1.1e+17,14,F,103.8287,20.06216182,3675.5619,3622.5246,53.0373,2.0,0.5965991494165379,0.01614802234282567,L,LLLVALLLILTFLLASLLILI,59.65382937610456
LLLYSLLFVLLLLLATLLILI,LLLYSLLFVLALLLATLLILI,Left,void,,,,,,,,,,,3439.98,4194.0,51.1857,91.3764,3496.25,4258.59,113.207,212.582,-11.3569,1.1e+17,10,L,37.195,71.07054913,3348.6036,3283.668,64.9356,2.0,0.113957723029652,0.0036204511647356446,L,LLLYSLLFVLLLLLATLLILI,11.394609885630183
LLLYSLLFVLLLLLATLLILI,LLLASLLFVLLLLLATLLILI,Left,void,,,,,,,,,,,3307.42,4067.76,64.6786,117.001,3496.25,4258.59,185.574,358.397,-11.3569,1.1e+17,3,Y,52.7298,68.93327552,3190.419,3137.853,52.566,2.0,0.1231047925303582,0.002026230125060286,L,LLLYSLLFVLLLLLATLLILI,12.309223531694116
LLLLYLLLAVLLSLLFTLILI,LLLLALLLAVLLSLLFTLILI,Left,void,,,,,,,,,,,3283.75,4171.19,60.1879,22.7848,3265.3,4326.04,172.674,150.264,-19.3482,1.1e+16,4,Y,115.6904,16.45406542,3260.9652,3115.036,145.9292,2.0,0.2183140662730006,0.008001233267569761,L,LLLLALLLYVLTSLLFLLILI,21.82917973079522
LLLLYLLLAVLLSLLFTLILI,LLLLYLLLAVLLSLLATLILI,Left,void,,,,,,,,,,,3282.15,4155.83,64.5019,43.8463,3265.3,4326.04,169.284,131.485,-19.3482,1.1e+16,15,F,85.8741,33.80062041,3238.3037,3133.815,104.4887,2.0,0.2996417972065898,0.020094375551815823,L,LLLLYWLLAVLLSLLFTLILI,29.961123246642927
LLLLALLTILLFVLASLLILI,LLLLALLTILLAVLASLLILI,Left,void,,,,,,,,,,,3796.62,4424.4,56.4064,26.4169,3744.38,4565.63,157.829,88.1872,-6.80419,1.1e+16,11,F,103.8509,20.27891774,3770.2031,3656.1928,114.0103,2.0,0.2897905328507921,0.009983503334087375,L,LLLVALLTILLALLFSLLILI,28.97609729815745
LLLLALLTILLFVLASLLILI,LLLLALLTALLFVLASLLILI,Left,void,,,,,,,,,,,3748.23,4538.35,56.4176,71.589,3744.38,4565.63,99.9586,139.291,-6.80419,1.1e+16,8,I,59.7406,54.51094041,3676.641,3605.089,71.552,2.0,0.2431097979807185,0.009155772622219454,L,LLLLALLTILLFVLASLLILI,24.308499974537547
LLLLLLLTALLIFLVSLLILI,LLLLLLLTALLIALVSLLILI,Left,void,,,,,,,,,,,3621.85,4603.81,50.2009,61.7831,3680.13,4705.13,136.931,220.131,-10.8614,1.1e+16,12,F,68.0389,47.59062409,3560.0669,3459.999,100.0679,2.0,0.5370828125575795,0.0407810784942058,L,LLLLLLLTALLFVLISLLILI,53.702802782206014
LLLLLLLTALLIFLVSLLILI,LLLLLALTALLIFLVSLLILI,Left,void,,,,,,,,,,,3671.4,4665.4,48.1625,57.2757,3680.13,4705.13,101.055,150.263,-10.8614,1.1e+16,5,L,73.0191,43.95854631,3614.1243,3529.867,84.2573,2.0,0.1983436742075923,0.0072462763533421215,L,LLLLFYLTALLILLVSLLILI,19.83234423076333
LLLLILLLYLLAVLTFLLILI,LLLLALLLYLLAVLTFLLILI,Left,void,,,,,,,,,,,3440.84,4286.6,41.6477,30.5114,3393.6,4308.13,87.0366,66.2248,-14.2556,1.1e+16,4,I,107.9638,22.03383711,3410.3286,3327.3752,82.9534,2.0,0.6021862374263768,0.022930858372121454,L,LLLLYILLLLLAVLTFLLILI,60.21248118640995
LLLLYLLLFTLAVLLLSLILI,LLLLALLLFTLAVLLLSLILI,Left,void,,,,,,,,,,,3236.96,4171.52,59.7661,12.6895,3213.76,4329.67,173.285,133.618,-22.5076,1.1e+16,4,Y,125.7857,9.163734734,3224.2705,3080.142,144.1285,2.0,0.287098603736064,0.01133967463498396,L,LLLLYLLLFVLATLLLSLILI,28.70693184550871
LLLLYLLLTVLIALLFSLILI,LLLLALLLTVLIALLFSLILI,Left,void,,,,,,,,,,,3257.62,4138.3,48.7996,78.3385,3400.19,4282.73,158.954,297.872,-11.4414,1.1e+16,4,Y,60.1367,56.57222376,3179.2815,3102.318,76.9635,2.0,0.3778489802731225,0.024477783863889623,L,LLLLYLLLAVLTALLFSLILI,37.78104380670297
LLLLYILLLLLAVLTFLLILI,LLLLAILLLLLAVLTFLLILI,Left,void,,,,,,,,,,,3286.23,4158.34,59.6425,23.7343,3261.52,4294.35,168.581,135.687,-18.3647,1.1e+16,4,Y,114.7409,17.13974777,3262.4957,3125.833,136.6627,2.0,0.1950223679736033,0.006825287181551042,L,LLLLAILLLLLTVLFSLLILI,19.500247486103305
LLLFSLLLLLVALLLTLLILI,LLLASLLLLLVALLLTLLILI,Left,void,,,,,,,,,,,3364.85,4040.44,52.6536,107.721,3412.56,4124.63,141.532,257.624,-11.7867,1.1e+17,3,F,62.0098,63.46579407,3257.129,3154.936,102.193,2.0,0.3423133947315904,0.016787228714787033,L,LLLFSLLLLLVALLLTLLILI,34.22784773066485
LLLFSLLLLLVALLLTLLILI,LLLFSLLLALVALLLTLLILI,Left,void,,,,,,,,,,,3440.91,4074.86,53.7178,56.2072,3412.56,4124.63,106.34,123.489,-11.7867,1.1e+17,8,L,75.1224,42.79857702,3384.7028,3289.071,95.6318,2.0,0.7768870717565524,0.04951893190710915,L,LLLFSLLLLLVALLLTLLILI,77.68078259647314
LLLLILLLALLFVLTSLLILI,LLLLILLLALLAVLTSLLILI,Left,void,,,,,,,,,,,3671.01,4559.15,58.4591,51.9036,3650.15,4653.55,145.564,123.368,-16.6705,1.1e+16,11,F,78.3642,39.84376799,3619.1064,3526.782,92.3244,2.0,0.4458853723433724,0.03492311147272506,L,LLLLYFLLALLAVLTSLLILI,44.58398901353691
LLLLILLLALLFVLTSLLILI,LLLLALLLALLFVLTSLLILI,Left,void,,,,,,,,,,,3686.35,4625.13,53.5634,20.9277,3650.15,4653.55,97.7039,50.6834,-16.6705,1.1e+16,4,I,117.5475,15.11295885,3665.4223,3599.4666,65.9557,2.0,0.2605368412091555,0.010615904029531094,L,LLLLALLTILLFVLASLLILI,26.05102653411423
LLLLAILLTLLAVLFSLLILI,LLLLAILLTLLAVLASLLILI,Left,void,,,,,,,,,,,3561.02,4492.96,47.7751,90.21,3619.18,4606.73,145.15,241.042,-9.92373,1.1e+16,14,F,39.6768,69.45278504,3470.81,3378.138,92.672,2.0,0.6482634701231952,0.046463402589789954,L,LLLLAILLLLLTVLFSLLILI,64.81973444868368
LLLLLALLLILVTLLSFLILI,LLLLLALLLILVTLLSALILI,Left,void,,,,,,,,,,,3654.14,4629.93,40.6469,80.815,3708.19,4733.39,133.924,228.587,-10.8378,1.1e+16,16,F,48.6478,62.42333705,3573.325,3479.603,93.722,2.0,0.3107692836693146,0.012079518133573467,L,LLLLLALLLILFVLLSTLILI,31.0737583878118
LLLLLALLLILVTLLSFLILI,LLLLLALLAILVTLLSFLILI,Left,void,,,,,,,,,,,3754.69,4649.71,57.5958,37.6504,3708.19,4733.39,123.026,71.0715,-10.8378,1.1e+16,8,L,93.6792,28.6686322,3717.0396,3637.1185,79.9211,2.0,0.1014899785520602,0.005853969797888207,L,LLLLLALLLILVTLLSFLILI,10.147962614177484
LLLLLLLLAVLFILLSTLILI,LLLLALLLAVLFILLSTLILI,Left,void,,,,,,,,,,,3669.96,4658.02,53.6357,19.7818,3639.47,4697.41,107.104,72.4344,-22.091,1.1e+16,4,L,118.6934,14.28544606,3650.1782,3567.0356,83.1426,2.0,0.1470402578539198,0.005474058588559983,L,LLLLAVLLALLLILLSTLILI,14.702525912104502
LLLLSTLLAVLFLLLYILILI,LLLLSTLLAVLFALLYILILI,Left,void,,,,,,,,,,,3203.18,4089.67,45.5518,53.8019,3234.92,4168.2,111.085,160.835,-16.9972,1.1e+16,12,L,76.0201,41.44282171,3149.3781,3074.085,75.2931,2.0,0.6360730717113461,0.05400527350103947,L,LLLLSYLLAVLFTLLLILILI,63.60081895475719
LLLLSTLLAVLFLLLYILILI,LLLLSTLLAVLALLLYILILI,Left,void,,,,,,,,,,,3263.95,4142.8,39.1639,14.219,3234.92,4168.2,111.324,52.3987,-16.9972,1.1e+16,11,F,116.0488,10.91520698,3249.731,3182.5213,67.2097,2.0,0.1564022908518491,0.005287926307913638,L,LLLLSTLLAVLFLLLYILILI,15.638633715171462
LLLLYWLLTILVALLLSLILI,LLLLYWLLTILVALLASLILI,Left,void,,,,,,,,,,,3577.73,4039.46,61.6525,44.5163,3553.71,4114.71,122.819,93.9721,-19.1093,1.1e+16,15,L,85.2041,34.31711589,3533.2137,3459.7379,73.4758,2.0,0.9605593503702698,0.026199718490528066,L,LLLLYWLLTILVALLLSLILI,96.04613692233586
LLLLIVLTWLLALLFSLLILI,LLLLIVLTALLALLFSLLILI,Left,void,,,,,,,,,,,3696.43,4679.23,48.1134,15.3322,3677.17,4668.2,103.473,115.652,-15.6319,1.1e+16,8,W,115.9974,11.67459583,3681.0978,3561.518,119.5798,2.0,0.134720863699927,0.006282102982818321,L,LLLLALLTVLLALLFSLLILI,13.47071215977518
LLLLIVLTWLLALLFSLLILI,LLLLIVLTWLLALLASLLILI,Left,void,,,,,,,,,,,3625.88,4570.41,53.0991,98.7513,3677.17,4668.2,143.741,247.749,-15.6319,1.1e+16,14,F,31.1355,76.02874195,3527.1287,3429.421,97.7077,2.0,0.5693137501179018,0.023467654185281933,L,LLLLIVLTWLLALLFSLLILI,56.92556776894075
LLLLVALLFILLYLLSTLILI,LLLLVALLFALLYLLSTLILI,Left,void,,,,,,,,,,,3750.44,4707.64,43.6847,56.0349,3745.63,4714.94,81.4454,119.549,-15.537,1.1e+16,9,I,73.6319,43.2145314,3694.4051,3626.081,68.3241,2.0,0.238603215656812,0.003754390597865016,L,LLLLVALLLFLLYLLSTLILI,23.857887711206967
LLLLVALLFILLYLLSTLILI,LLLLVALLFILAYLLSTLILI,Left,void,,,,,,,,,,,3695.15,4664.06,48.2443,92.6852,3745.63,4714.94,106.883,209.146,-15.537,1.1e+16,11,L,37.5826,71.14973923,3602.4648,3536.484,65.9808,2.0,0.1411778630530317,0.007388245745820487,L,LLLLAVLLFILALLLSTLILI,14.116346230940769
LLLLFLLLYVLALLLSTLILI,LLLLFLLLYVLAALLSTLILI,Left,void,,,,,,,,,,,3308.0,4122.32,54.0235,94.4738,3341.39,4191.98,116.177,191.435,-6.49473,1.1e+16,12,L,35.3482,72.77179523,3213.5262,3149.955,63.5712,2.0,0.59118073834941,0.0021088310336438106,L,LLLLALLLYVLFLLLSTLILI,59.11204353949356
LLLLFLLLYVLALLLSTLILI,LLLLFALLYVLALLLSTLILI,Left,void,,,,,,,,,,,3287.29,4109.95,55.2477,76.7957,3341.39,4191.98,118.696,191.891,-6.49473,1.1e+16,5,L,53.4991,58.9399577,3210.4943,3149.499,60.9953,2.0,0.6668049371044776,0.02055026782216242,L,LLLLALLLYVLFLLLSTLILI,66.67369201594775
LLLLLWLLTVLIALLSFLILI,LLLLLALLTVLIALLSFLILI,Left,void,,,,,,,,,,,3669.5,4100.13,58.4535,59.605,3645.2,4125.62,141.639,187.998,-10.8968,1.1e+16,5,W,70.6898,45.74626155,3609.895,3457.202,152.693,2.0,0.6736276448705318,0.04696541932063947,L,LLLLLWLLTVLIALLSFLILI,67.35589319802664
LLLLLWLLTVLIALLSFLILI,LLLLAWLLTVLIALLSFLILI,Left,void,,,,,,,,,,,3591.27,4050.43,55.0243,86.2733,3645.2,4125.62,119.813,207.809,-10.8968,1.1e+16,4,L,52.2019,62.30234728,3504.9967,3437.391,67.6057,2.0,0.8400456103641094,0.02358144070203605,L,LLLLYWLLTLLVALLSFLILI,83.99599221322168
LLLVTLLFLLYLLLASLLILI,LLLVTLLFLLALLLASLLILI,Left,void,,,,,,,,,,,3646.1,4671.67,51.4521,90.1437,3783.19,4811.05,158.772,304.472,-11.4805,1.1e+17,10,Y,38.4277,70.11178225,3555.9563,3478.718,77.2383,2.0,0.1040010612713393,0.005243494421747385,L,LLLVTLLFLLYLLLASLLILI,10.399045271991628
LLLVTLLFLLYLLLASLLILI,LLLVTLLFALYLLLASLLILI,Left,void,,,,,,,,,,,3776.87,4791.61,40.2195,62.2543,3783.19,4811.05,86.5493,138.376,-11.4805,1.1e+17,8,L,69.0753,47.40309877,3714.6157,3644.814,69.8017,2.0,0.3648089837331087,0.014473198406477126,L,LLLVTLLLALLLLLFSLLILI,36.47717716622295
LLLTALLLLLVALLFSLLILI,LLLTALLLLLVALLASLLILI,Left,void,,,,,,,,,,,3210.82,3977.96,56.7059,19.3066,3189.47,4077.77,146.151,93.9123,-14.0339,1.1e+17,14,F,110.5802,14.86417403,3191.5134,3095.5577,95.9557,2.0,0.1908482792926321,0.004606696814848,L,LLLVALLLLLTFLLASLLILI,19.082881195489406
LLLTALLLLLVALLFSLLILI,LLLTALLALLVALLFSLLILI,Left,void,,,,,,,,,,,3220.26,4024.25,54.5748,14.5537,3189.47,4077.77,115.424,56.9289,-14.0339,1.1e+17,7,L,115.0417,11.23010539,3205.7063,3132.5411,73.1652,2.0,0.2187032395724186,0.007109680955616153,L,LLLTALLLLLVALLFSLLILI,21.86809309100354
LLLLYILLLVLATLLFSLILI,LLLLAILLLVLATLLFSLILI,Left,void,,,,,,,,,,,3255.94,4122.76,48.2768,20.5005,3237.56,4266.12,157.733,138.154,-20.5691,1.1e+16,4,Y,117.9747,14.80445596,3235.4395,3099.406,136.0335,2.0,0.3001451248988266,0.009129776819114479,L,LLLLYVLLLILATLLFSLILI,30.01145088170968
LLLLYILLLVLATLLFSLILI,LLLLYILLLVLATLLASLILI,Left,void,,,,,,,,,,,3252.21,4103.88,63.5481,42.6135,3237.56,4266.12,166.484,134.777,-20.5691,1.1e+16,15,F,87.1069,32.85026873,3209.5965,3102.783,106.8135,2.0,0.2201759439428,0.006540239673634708,L,LLLLYVLLLILATLLFSLILI,22.01534850582954
LLLLYLLIALLLVLTFLLILI,LLLLALLIALLLVLTFLLILI,Left,void,,,,,,,,,,,3418.07,4186.83,55.5594,27.6832,3355.43,4314.58,160.858,128.86,-11.7614,1.1e+16,4,Y,110.792,19.99144973,3390.3868,3226.57,163.8168,2.0,0.2513087799261163,0.02099118162489793,L,LLLLYLLIALLLVLTFLLILI,25.128314535967693
LLLLALLILLTSLLFVLLILI,LLLLALLIALTSLLFVLLILI,Left,void,,,,,,,,,,,3847.31,4651.79,46.5883,40.6737,3826.36,4677.8,94.6694,101.637,-19.9071,1.1e+17,8,L,90.6559,30.97070272,3806.6363,3724.723,81.9133,2.0,0.6519546371892387,0.02714902868790866,L,LLLLALLWFLTSLLYVLLILI,65.18881350381106
LLLLALLILLTSLLFVLLILI,LLLAALLILLTSLLFVLLILI,Left,void,,,,,,,,,,,3778.53,4621.65,50.8834,101.286,3826.36,4677.8,111.646,216.806,-19.9071,1.1e+17,3,L,68.4448,59.67449632,3677.244,3609.554,67.69,2.0,0.2603566128271274,0.007678486120875861,L,LLLYALLFLLTSLLFSLLILI,26.03300553431772
LLLYALLLLLVTLLFSLLILI,LLLYALLALLVTLLFSLLILI,Left,void,,,,,,,,,,,3591.52,4256.84,49.2596,24.852,3544.6,4325.62,114.086,70.1577,-11.0314,1.1e+17,7,L,104.7434,19.17660658,3566.668,3474.4423,92.2257,2.0,0.0662694823218445,0.0009628617350811435,L,LLLTALLLLLVALLFSLLILI,6.6262722552257545
LLLYALLLLLVTLLFSLLILI,LLLYALLLALVTLLFSLLILI,Left,void,,,,,,,,,,,3537.81,4262.94,47.0625,60.0095,3544.6,4325.62,107.085,139.99,-11.0314,1.1e+17,8,L,71.3201,45.6938116,3477.8005,3404.61,73.1905,2.0,0.15890447312147,0.008037701169698094,L,LLLTALLLLLVALLFSLLILI,15.88882641880816
LLLAALLLLLVTLLFSLLILI,LLLAALLALLVTLLFSLLILI,Left,void,,,,,,,,,,,3669.66,4599.03,49.2206,10.4206,3645.79,4678.64,118.083,65.9846,-10.0078,1.1e+17,7,L,119.1748,8.040871821,3659.2394,3579.8054,79.434,2.0,0.1758980916730427,0.005728874193998895,L,LLLTALLLLLVALLFSLLILI,17.58801493181482
LLLAALLLLLVTLLFSLLILI,LLLAALLLALVTLLFSLLILI,Left,void,,,,,,,,,,,3634.87,4616.32,46.8475,55.7742,3645.79,4678.64,106.649,126.056,-10.0078,1.1e+17,8,L,75.5554,42.46887221,3579.0958,3519.734,59.3618,2.0,0.3706541211799521,0.019716842695800273,L,LLLTALLLLLVALLFSLLILI,37.06163128801458
LLLLALLLYVLTSLLFLLILI,LLLLALLLAVLTSLLFLLILI,Left,void,,,,,,,,,,,3625.89,4729.57,57.6903,41.9527,3658.79,4896.6,170.979,199.8,-11.2963,1.1e+16,8,Y,89.3769,31.94458827,3583.9373,3458.99,124.9473,2.0,0.3812424010126588,0.01968382231763302,L,LLLLALLLFVLTWLLSLLILI,38.12035126631904
LLLLALLLYVLTSLLFLLILI,LLLLALLLYVLTSLLALLILI,Left,void,,,,,,,,,,,3679.6,4787.87,55.6735,9.97754,3658.79,4896.6,144.309,62.6449,-11.2963,1.1e+16,15,F,119.74286,7.691573569,3669.62246,3596.1451,73.47736,2.0,0.9205971582375044,0.009872962499155485,L,LLLLALLLFVLTWLLSLLILI,92.05032534044794
LLLYTLLAVLIALLLSLLILI,LLLYTLLAVLIALLASLLILI,Left,void,,,,,,,,,,,3399.32,4075.35,56.9446,24.7124,3363.02,4114.91,112.108,69.4115,-11.3191,1.1e+17,14,L,105.1744,19.02610581,3374.6076,3293.6085,80.9991,2.0,0.2927067015229659,0.009357897534355447,L,LLLYTLLAVLIALLLSLLILI,29.26768441921172
LLLYTLLAVLIALLLSLLILI,LLLYTLLAVLAALLLSLLILI,Left,void,,,,,,,,,,,3335.98,4083.93,48.3547,83.8253,3363.02,4114.91,96.6975,177.811,-11.3191,1.1e+17,10,I,44.7461,65.19747004,3252.1547,3185.209,66.9457,2.0,0.097889441517683,0.002728680612906816,L,LLLYTLLAVLIALLLSLLILI,9.787945637751788
LLLLFLLLAVLYTLLSILILI,LLLLFLLLAVLATLLSILILI,Left,void,,,,,,,,,,,3667.13,4635.75,54.7176,30.2083,3652.42,4779.62,164.235,162.141,-16.555,1.1e+16,11,Y,98.4299,24.4403452,3636.9217,3490.279,146.6427,2.0,0.1399644179802797,0.0038314531604091164,L,LLLLLLLLFVLATLLSILILI,13.995014101322386
LLLLFLLLAVLYTLLSILILI,LLLLALLLAVLYTLLSILILI,Left,void,,,,,,,,,,,3704.08,4684.83,57.8201,31.0168,3652.42,4779.62,146.212,125.276,-16.555,1.1e+16,4,F,107.4584,22.39881221,3673.0632,3527.144,145.9192,2.0,0.4559201954191886,0.01973558265957336,L,LLLLLLLLFVLATLLSILILI,45.58736896164708
LLLLYYLTALLFVLLLLLILI,LLLLAYLTALLFVLLLLLILI,Left,void,,,,,,,,,,,3623.81,4221.25,61.6474,64.8357,3492.24,4398.97,177.933,111.559,-26.5607,1.1e+16,4,Y,73.6395,46.82116365,3558.9743,3380.681,178.2933,2.0,0.3310695216695759,0.010225828902106417,L,LLLLAILTALLFVLLSLLILI,33.10357511675991
LLLLYYLTALLFVLLLLLILI,LLLLYALTALLFVLLLLLILI,Left,void,,,,,,,,,,,3494.97,4249.34,52.4479,69.0433,3492.24,4398.97,158.896,204.322,-26.5607,1.1e+16,5,Y,61.2515,52.99006561,3425.9267,3287.918,138.0087,2.0,2.329175419090965,0.31741946951471944,L,LLLLYILTFLLAVLLLLLILI,232.8937833273044
LLLLYVLTALLFLLISLLILI,LLLLYVLTALLFALISLLILI,Left,void,,,,,,,,,,,3607.18,4734.42,46.0092,61.2294,3596.62,4778.16,99.896,128.327,-28.485,1.1e+16,12,L,68.5926,47.16411702,3545.9506,3468.293,77.6576,2.0,0.1371538157489607,0.006677407155611149,L,LLLLYLLTALLFLLTSLLILI,13.713982547530913
LLLIALLLLLVSLLFTLLILI,LLLAALLLLLVSLLFTLLILI,Left,void,,,,,,,,,,,3663.6,4668.83,50.362,95.9516,3674.38,4685.52,93.1538,175.843,-17.047,1.1e+17,3,I,73.7792,56.53163716,3567.6484,3498.537,69.1114,2.0,0.2738223460740324,0.015337435911149151,L,LLLTALLLLLVALLFSLLILI,27.379441502791025
LLLIALLLLLVSLLFTLLILI,LLLIALLLALVSLLFTLLILI,Left,void,,,,,,,,,,,3667.89,4624.48,47.6277,60.5218,3674.38,4685.52,106.766,127.406,-17.047,1.1e+17,8,L,70.8078,46.08389883,3607.3682,3546.974,60.3942,2.0,0.5330454414611345,0.03818821329522566,L,LLLIALLLLLVSLLFTLLILI,53.29910685546713
LLLLVLLLAILFLLLSTLILI,LLLLVLLLAILALLLSTLILI,Left,void,,,,,,,,,,,3731.48,4580.37,50.7419,26.0265,3697.1,4631.92,127.068,101.754,-30.5202,1.1e+16,11,F,104.2413,19.97922741,3705.4535,3595.346,110.1075,2.0,0.3492553263776207,0.013661933513150178,L,LLLLAVLLFILALLLSTLILI,34.92197008460697
LLLLAILLTVLLLLLSFLILI,LLLLAILLTVLLLLLSALILI,Left,void,,,,,,,,,,,3633.45,4586.83,43.1856,86.3577,3735.71,4689.18,136.348,272.401,-5.78381,1.1e+16,16,F,43.1051,66.70464411,3547.0923,3463.309,83.7833,2.0,0.4362248843256876,0.044871915085179265,L,LLLLAFLLTVLLLLLSILILI,43.61803875286277
LLLLAILLTVLLLLLSFLILI,LLLLAILLTVLALLLSFLILI,Left,void,,,,,,,,,,,3778.77,4618.93,54.6611,19.9359,3735.71,4689.18,117.222,48.6874,-5.78381,1.1e+16,11,L,110.3319,15.3037819,3758.8341,3687.0226,71.8115,2.0,0.0788372648544444,0.0019204785544160857,L,LLLLAFLLTVLLLLLSILILI,7.882922311748485
LLLYFLLAVLLTLLFSLLILI,LLLYFLLAVLLTLLASLLILI,Left,void,,,,,,,,,,,3623.74,4291.43,58.4606,48.8216,3525.06,4347.62,131.508,75.4259,-7.82407,1.1e+17,14,F,81.0652,37.58780723,3574.9184,3449.6341,125.2843,2.0,0.0611055204015143,0.0020084624322171856,L,LLLYLLLAVLITLLFSLLILI,6.109928737804816
LLLYFLLAVLLTLLFSLLILI,LLLYALLAVLLTLLFSLLILI,Left,void,,,,,,,,,,,3565.77,4194.03,60.0798,47.3101,3525.06,4347.62,161.194,113.594,-7.82407,1.1e+17,4,F,91.1651,34.16503461,3518.4599,3411.466,106.9939,2.0,0.029244467361471,0.0016317439769637312,L,LLLYWLLTVLLALLFSLLILI,2.924148430118246
LLLYLLLAILVTLLFSLLILI,LLLYLLLAILVTLLASLLILI,Left,void,,,,,,,,,,,3563.45,4149.06,57.076,42.2666,3486.24,4248.7,146.705,102.682,-11.9428,1.1e+17,14,F,87.6202,32.54110502,3521.1834,3383.558,137.6254,2.0,0.155470265407526,0.005029499033036296,L,LLLYTLLAILVALLLSLLILI,15.545440677795842
LLLYLLLAILVTLLFSLLILI,LLLYLLLAALVTLLFSLLILI,Left,void,,,,,,,,,,,3485.5,4236.29,45.3021,84.0226,3486.24,4248.7,84.7119,154.588,-11.9428,1.1e+17,8,I,47.307,63.97841766,3401.4774,3331.652,69.8254,2.0,0.1566839271832733,0.013593951657453163,L,LLLYLLLAILVTLLFSLLILI,15.666794475503297
LLLLLVLTLLLAILFSLLILI,LLLLAVLTLLLAILFSLLILI,Left,void,,,,,,,,,,,3672.36,4618.8,49.3115,42.3311,3645.57,4692.11,112.675,94.0691,-14.4892,1.1e+16,4,L,96.1441,30.56944493,3630.0289,3551.5009,78.528,2.0,0.0243155759672178,0.0003895639658558314,L,LLLLALLTVLLALLFSLLILI,2.431309567485468
LLLLYILLFTLAVLLLSLILI,LLLLAILLFTLAVLLLSLILI,Left,void,,,,,,,,,,,3208.48,4130.64,58.6204,19.8601,3184.64,4290.3,172.803,140.085,-25.312,1.1e+16,4,Y,118.6151,14.34199048,3188.6199,3044.555,144.0649,2.0,0.3127299910858944,0.004239956934278638,L,LLLLAYLLLTLAVLLFSLILI,31.26980912941863
LLLLALLLFVLTLLLSILILI,LLLLALLLAVLTLLLSILILI,Left,void,,,,,,,,,,,3623.48,4645.89,59.6692,28.2522,3593.3,4773.36,153.938,108.684,-18.878,1.1e+16,8,F,103.0774,21.51243893,3595.2278,3484.616,110.6118,2.0,0.4909368027665312,0.0163671824237636,L,LLLLALLLFVLTWLLSLLILI,49.08867251206498
LLLLALLLFVLTLLLSILILI,LLLLALLLFVLTALLSILILI,Left,void,,,,,,,,,,,3636.15,4691.36,49.8596,19.6413,3593.3,4773.36,115.642,51.727,-18.878,1.1e+16,12,L,110.1807,15.12940796,3616.5087,3541.573,74.9357,2.0,0.1691870032088059,0.0019879202599005353,L,LLLLALLLFVLTWLLSLLILI,16.916974541353234
LLLTSLLAVLLALLFSLLILI,LLLTSLLAVLAALLFSLLILI,Left,void,,,,,,,,,,,3124.51,4003.26,59.3127,98.1736,3180.44,4066.99,122.111,219.111,-11.6814,1.1e+17,10,L,30.3978,76.35726141,3026.3364,2961.329,65.0074,2.0,0.0217083795968276,0.0007828302049730031,L,LLLTSLLAVLIALLFLLLILI,2.1706165249604163
LLLTSLLAVLLALLFSLLILI,LLLTSLLAVLLALLASLLILI,Left,void,,,,,,,,,,,3201.69,3907.89,59.5986,19.0618,3180.44,4066.99,162.739,47.1881,-11.6814,1.1e+17,14,F,110.825,14.67570223,3182.6282,3133.2519,49.3763,2.0,0.0489219486238767,0.0010643459225592262,L,LLLTSLLAVLIALLFLLLILI,4.891695837664894
LLLLAALVFLLTSLILLLILI,LLLLAALVALLTSLILLLILI,Left,void,,,,,,,,,,,3504.19,4530.4,52.8155,10.774,3474.81,4598.99,133.661,71.7167,-18.3792,1.1e+16,8,F,120.5556,8.203786504,3493.416,3403.0933,90.3227,3.0,0.3859771255215312,0.02536196798527278,L,LLLLAALVFLLTSLILLLILI,38.5937754209987
LLLLAALVFLLTSLILLLILI,LLLLAALVFLLTSLIALLILI,Left,void,,,,,,,,,,,3494.33,4558.42,50.1187,1.93011,3474.81,4598.99,106.432,28.6293,-18.3792,1.1e+16,15,L,127.79029,1.48790013,3492.39989,3446.1807,46.21919,3.0,0.222802315050137,0.0018692065220533218,L,LLLLAALVFLLTSLILLLILI,22.27795882645879
LLLLLLLTILVALLFSLLILI,LLLLLLLTALVALLFSLLILI,Left,void,,,,,,,,,,,3657.65,4630.01,48.1919,74.078,3653.21,4644.1,87.6284,139.116,-16.2695,1.1e+17,8,I,57.2516,56.40617195,3583.572,3514.094,69.478,3.0,0.5845769936278086,0.036779257550038386,L,LLLLALLTVLLALLFSLLILI,58.4517364283436
LLLLLLLTILVALLFSLLILI,LLLALLLTILVALLFSLLILI,Left,void,,,,,,,,,,,3586.49,4577.45,51.6672,100.545,3653.21,4644.1,111.704,222.944,-16.2695,1.1e+17,3,L,69.1858,59.23792264,3485.945,3430.266,55.679,3.0,0.3690939494780238,0.017421934309638915,L,LLLVALLTILLALLFSLLILI,36.90563003223794
LLLYFLLTVLLLLLASLLILI,LLLYALLTVLLLLLASLLILI,Left,void,,,,,,,,,,,3988.07,4705.99,56.7126,51.6191,3916.81,4845.74,154.202,97.6447,-6.48805,1.1e+17,4,F,86.8561,37.27678314,3936.4509,3819.1653,117.2856,3.0,0.0836074061845465,0.0019353219428889362,L,LLLYWLLTVLLALLFSLLILI,8.359887787284455
LLLYFLLTVLLLLLASLLILI,LLLAFLLTVLLLLLASLLILI,Left,void,,,,,,,,,,,3758.0,4670.54,55.5132,73.4179,3916.81,4845.74,172.455,301.128,-6.48805,1.1e+17,3,Y,96.3129,43.25549635,3684.5821,3615.682,68.9001,3.0,0.0497536443496466,0.0011918553286244327,L,LLLYWLLTVLFLLLASLLILI,4.974856926591075
LLLLLFLLAILYVLLLTLILI,LLLLLFLLAILAVLLLTLILI,Left,void,,,,,,,,,,,3867.18,4713.89,47.2066,21.8775,3810.59,4856.77,156.599,110.943,-9.34175,1.1e+16,11,Y,108.3903,16.79425,3845.3025,3699.647,145.6555,3.0,0.642094190437989,0.044637316359985746,L,LLLLLLLLFILAVLLSTLILI,64.20286940944472
LLLLLALLYTLLFLLSVLILI,LLLLLALLYTLLALLSVLILI,Left,void,,,,,,,,,,,3774.9,4657.99,57.8017,37.1055,3744.23,4801.91,156.581,132.674,-25.7287,1.1e+16,12,F,92.7165,28.58182743,3737.7945,3611.556,126.2385,3.0,0.7851047691894076,0.040491199237032045,L,LLLLLALLYTLFLLLSILILI,78.50246851574309
LLLTSLLFLLLYLLAVLLILI,LLLTSLLALLLYLLAVLLILI,Left,void,,,,,,,,,,,3348.69,4171.57,39.0128,6.27723,3308.9,4197.93,110.736,53.8702,-5.66472,1.1e+17,7,F,123.31817,4.843713589,3342.41277,3255.0298,87.38297,3.0,0.6451787963339382,0.008631203001568926,L,LLLVSLLFLLLYLLATLLILI,64.51129853474508
LLLTSLLFLLLYLLAVLLILI,LLLTSLLFALLYLLAVLLILI,Left,void,,,,,,,,,,,3323.35,4144.14,43.8415,53.0979,3308.9,4197.93,102.999,122.822,-5.66472,1.1e+17,8,L,78.2317,40.4310224,3270.2521,3186.078,84.1741,3.0,0.6324997193687231,0.048092190402557175,L,LLLVSLLFLLLYLLATLLILI,63.24352017021148
LLLYALLFTLVALLLSLLILI,LLLYALLFTLVALLASLLILI,Left,void,,,,,,,,,,,3369.49,4191.55,56.2644,20.9907,3332.96,4232.99,112.515,64.4075,-17.0019,1.1e+17,14,L,108.8961,16.1607646,3348.4993,3268.5525,79.9468,3.0,0.3923287891693363,0.01865172624448558,L,LLLYALLFVLTALLLSLLILI,39.22887699610341
LLLYALLFTLVALLLSLLILI,LLLAALLFTLVALLLSLLILI,Left,void,,,,,,,,,,,3142.33,4041.05,64.494,111.068,3332.96,4232.99,186.391,354.126,-17.0019,1.1e+17,3,Y,58.6628,65.43774023,3031.262,2978.834,52.428,3.0,0.3797822125405232,0.021983729605270425,L,LLLFALLTILVALLLSLLILI,37.97434731365012
LLLLALLWFLTSLLYVLLILI,LLLLALLWFLTSLLAVLLILI,Left,void,,,,,,,,,,,3792.5,4626.25,44.7061,23.7559,3758.98,4745.49,149.436,133.242,-12.8634,1.1e+17,14,Y,106.1309,18.28969533,3768.7441,3625.738,143.0061,3.0,0.5791349482352883,0.012586551540655373,L,LLLLALLWFLTSLLYVLLILI,57.90758740027356
LLLLYLLLAILFVLLSTLILI,LLLLALLLAILFVLLSTLILI,Left,void,,,,,,,,,,,3633.04,4648.07,53.4502,11.4843,3607.01,4773.27,155.277,142.977,-11.4453,1.1e+16,4,Y,126.9909,8.293398385,3621.5557,3464.033,157.5227,3.0,0.0186865326175676,0.0007635720684082641,L,LLLLLALLLILFVLLSTLILI,1.868462651161289
LLLLYLLLAILFVLLSTLILI,LLLLYLLLAALFVLLSTLILI,Left,void,,,,,,,,,,,3592.66,4758.54,42.8924,85.9795,3607.01,4773.27,83.2514,166.424,-11.4453,1.1e+16,9,I,43.6873,66.3080295,3506.6805,3440.586,66.0945,3.0,0.568770949324655,0.014287177188841971,L,LLLLYLLLFILAVLLSTLILI,56.87129322641547
LLLLALLLFVLTWLLSLLILI,LLLLALLLFVLTALLSLLILI,Left,void,,,,,,,,,,,3594.57,4726.15,38.6521,4.17707,3585.79,4730.69,101.176,107.597,-16.098,1.1e+16,12,W,125.64493,3.217536319,3590.39293,3478.193,112.19993,3.0,0.2946666285534173,0.00444805246127141,L,LLLLALLLFVLTWLLSLLILI,29.46365713016598
LLLLALLLFVLTWLLSLLILI,LLLLALLLFVLTWLLSALILI,Left,void,,,,,,,,,,,3601.58,4705.33,38.1254,60.504,3585.79,4730.69,87.5904,115.8,-16.098,1.1e+16,16,L,68.9588,46.73466046,3541.076,3469.99,71.086,3.0,0.3285364737422274,0.00794073382008826,L,LLLLALLLFVLTWLLSLLILI,32.85029616219332
LLLVALLLFLISLLLTLLILI,LLLVALLLALISLLLTLLILI,Left,void,,,,,,,,,,,3301.75,4003.32,49.3088,60.9751,3345.22,4066.45,130.166,215.594,-14.2178,1.1e+17,8,F,70.3545,46.42906093,3240.7749,3129.626,111.1489,3.0,0.8978185865273794,0.018502575476191493,L,LLLVALLLFLLSLLYTLLILI,89.77270052057337
LLLVALLLFLISLLLTLLILI,LLLVALLAFLISLLLTLLILI,Left,void,,,,,,,,,,,3409.12,4025.9,49.4438,19.1133,3345.22,4066.45,106.216,50.3462,-14.2178,1.1e+17,7,L,110.4821,14.74844015,3390.0067,3294.8738,95.1329,3.0,0.3048752514753594,0.008151914168324961,L,LLLVALLLFLLSLLYTLLILI,30.484415290056248
LLLFSLLTILVALLLSLLILI,LLLFSLLTALVALLLSLLILI,Left,void,,,,,,,,,,,3420.8,4058.69,47.1602,61.2976,3357.88,4062.85,82.1202,90.2619,-8.1722,1.1e+17,8,I,70.032,46.67462628,3359.5024,3267.6181,91.8843,3.0,0.7743729045908665,0.02959015357260023,L,LLLFALLTILVALLLSLLILI,77.42939152548098
LLLFSLLTILVALLLSLLILI,LLLASLLTILVALLLSLLILI,Left,void,,,,,,,,,,,3279.3,3920.37,59.0514,117.625,3357.88,4062.85,162.213,285.913,-8.1722,1.1e+17,3,F,52.1058,69.30091651,3161.675,3071.967,89.708,3.0,0.2164529393698335,0.008309688836286001,L,LLLFALLTILVALLLSLLILI,21.643086024766003
LLLLYLLLFVLTALLLSLILI,LLLLYLLLAVLTALLLSLILI,Left,void,,,,,,,,,,,3422.0,4156.77,60.9591,34.3384,3406.55,4308.03,160.7,105.1,-14.5487,1.1e+16,8,F,96.9912,26.14673311,3387.6616,3301.45,86.2116,3.0,0.1718652096805867,0.014268002333304537,L,LLLLYLLLFVLATLLLSLILI,17.184767869684052
LLLLYLLLFVLTALLLSLILI,LLLLALLLFVLTALLLSLILI,Left,void,,,,,,,,,,,3260.09,4151.56,55.6652,89.2059,3406.55,4308.03,168.34,310.359,-14.5487,1.1e+16,4,Y,49.2693,64.42012721,3170.8841,3096.191,74.6931,3.0,0.2484779188950077,0.005765084817539085,L,LLLLALLLFVLTWLLSLLILI,24.845257308845653
LLLLWTLIALLLVLFSLLILI,LLLLATLIALLLVLFSLLILI,Left,void,,,,,,,,,,,3670.29,4612.03,54.6436,28.7404,3614.7,4647.7,135.871,97.0881,-12.8213,1.1e+16,4,W,109.7348,20.75490774,3641.5496,3517.6119,123.9377,3.0,0.2890643554765019,0.010920154598952247,L,LLLLWTLIALLLVLFSLLILI,28.90348696804709
LLLLWTLIALLLVLFSLLILI,LLLLWTLIALLLVLASLLILI,Left,void,,,,,,,,,,,3566.49,4540.83,45.8378,88.1601,3614.7,4647.7,141.701,235.458,-12.8213,1.1e+16,14,F,41.7267,67.87456462,3478.3299,3379.242,99.0879,3.0,0.3240159533581331,0.006359743265691261,L,LLLLWTLIALLLVLFSLLILI,32.39829023501811
LLLLSYLLAVLFTLLLILILI,LLLLSALLAVLFTLLLILILI,Left,void,,,,,,,,,,,3210.83,4015.03,59.404,105.585,3229.25,4198.32,177.583,245.701,-14.2684,1.1e+16,5,Y,24.7098,81.03546726,3105.245,2983.549,121.696,3.0,0.600265937770491,0.055696639874077025,L,LLLLSYLLAVLFTLLLILILI,60.02047080869615
LLLLSYLLAVLFTLLLILILI,LLLLSYLLAVLFTLLLALILI,Left,void,,,,,,,,,,,3203.8,4171.67,56.198,112.386,3229.25,4198.32,97.0323,192.541,-14.2684,1.1e+16,16,I,17.0768,86.80949277,3091.414,3036.709,54.705,3.0,0.2505049869049022,0.013191604390839929,L,LLLLSYLLAVLFTLLLILILI,25.047943432877624
LLLFLLLTILVALLLSLLILI,LLLALLLTILVALLLSLLILI,Left,void,,,,,,,,,,,3303.2,3993.37,56.1698,105.121,3368.67,4119.16,155.145,262.793,-9.91551,1.1e+17,3,F,79.3502,53.24938078,3198.079,3105.877,92.202,3.0,0.2077302183840708,0.007961891358294077,L,LLLFALLTILVALLLSLLILI,20.770902901660744
LLLFLLLTILVALLLSLLILI,LLLFLLLTILVALLASLLILI,Left,void,,,,,,,,,,,3425.4,4079.47,56.9136,36.368,3368.67,4119.16,112.109,68.1001,-9.91551,1.1e+17,14,L,93.5188,27.99976595,3389.032,3300.5699,88.4621,3.0,0.2311288867807794,0.007706371390247237,L,LLLFALLTILVALLLSLLILI,23.110531064943224
LLLVALLLLLTALLFSLLILI,LLLVALLLLLTALLASLLILI,Left,void,,,,,,,,,,,3207.67,3985.0,56.6098,24.8545,3187.25,4050.61,139.85,98.5148,-20.5886,1.1e+17,14,F,112.9481,13.29545751,3182.8155,3088.7352,94.0803,3.0,0.2967101846211519,0.012954377666186649,L,LLLVALLLILTFLLASLLILI,29.667991891796746
LLLVALLLLLTALLFSLLILI,LLLVALLLALTALLFSLLILI,Left,void,,,,,,,,,,,3185.6,3984.05,47.4042,51.8907,3187.25,4050.61,108.351,115.932,-20.5886,1.1e+17,8,L,79.4389,39.51180846,3133.7093,3071.318,62.3913,3.0,0.4663740996149999,0.012187997700567981,L,LLLVALLLILTFLLASLLILI,46.63265274695075
LLLLYLLVALLILLTFLLILI,LLLLALLVALLILLTFLLILI,Left,void,,,,,,,,,,,3372.4,4180.39,53.0914,33.538,3424.83,4350.34,170.416,224.817,-13.7183,1.1e+16,4,Y,104.9372,24.21949923,3338.862,3200.013,138.849,3.0,0.7124496728031986,0.07021498247192043,L,LLLLWYLVSLLILLTFLLILI,71.23769999006541
LLLLYFLLATLVALLLSLILI,LLLLAFLLATLVALLLSLILI,Left,void,,,,,,,,,,,3213.02,4031.95,60.105,60.7109,3313.59,4135.68,162.237,265.473,-17.392,1.1e+16,4,Y,77.7643,43.84243532,3152.3091,3048.117,104.1921,3.0,0.7283044800364109,0.05362597464797192,L,LLLLYFLLAVLTALLLSLILI,72.82301898759674
LLLLTYLLAILFVLLLSLILI,LLLLTALLAILFVLLLSLILI,Left,void,,,,,,,,,,,3269.96,4029.92,50.1035,81.24,3315.42,4199.85,165.56,247.832,-6.88991,1.1e+16,5,Y,49.0548,62.350915,3188.72,3067.588,121.132,3.0,0.2669524433847523,0.009012720159584627,L,LLLLTYLLAVLFILLLSLILI,26.69252130979788
LLLLTYLLAILFVLLLSLILI,LLLLTYLLAILAVLLLSLILI,Left,void,,,,,,,,,,,3339.61,4134.8,47.8374,27.4452,3315.42,4199.85,129.376,82.9459,-6.88991,1.1e+16,11,F,102.8226,21.06829163,3312.1648,3232.4741,79.6907,3.0,0.418819439967739,0.01563263476813727,L,LLLLTYLLAVLFILLLSLILI,41.87767186001725
LLLLYILLALLFVLLSTLILI,LLLLAILLALLFVLLSTLILI,Left,void,,,,,,,,,,,3857.96,4608.69,57.2908,97.4832,3860.35,4750.13,165.565,213.292,-10.8998,1.1e+16,4,Y,40.992,70.39758744,3760.4768,3647.058,113.4188,3.0,0.2467734412018097,0.008769578934530304,L,LLLLAVLLALLLILLSTLILI,24.67482692592465
LLLLYILLALLFVLLSTLILI,LLLLYALLALLFVLLSTLILI,Left,void,,,,,,,,,,,3926.34,4718.79,47.6933,76.3047,3860.35,4750.13,95.0503,115.342,-10.8998,1.1e+16,5,I,53.9901,58.56311994,3850.0353,3745.008,105.0273,3.0,0.1936082248896216,0.010232395423000038,L,LLLLLALLLILFVLLSTLILI,19.358847602567195
LLLLLLLTALLFVLYILLILI,LLLLLLLTALLFVLAILLILI,Left,void,,,,,,,,,,,3770.74,4745.6,53.0529,82.8919,3900.89,4884.63,160.612,292.906,-9.24664,1.1e+16,14,Y,46.9949,63.81857125,3687.8481,3607.984,79.8641,3.0,0.5382608926981658,0.03593016384370813,L,LLLLALLTILLFVLASLLILI,53.82059877934521
LLLYLLLFVLTALLLSLLILI,LLLYLLLAVLTALLLSLLILI,Left,void,,,,,,,,,,,3444.05,4175.29,61.8624,48.1655,3424.07,4296.38,151.655,114.878,-13.0429,1.1e+17,7,F,81.4299,37.16605682,3395.8845,3309.192,86.6925,3.0,0.249029427651739,0.010531126340424801,L,LLLYTLLAVLIALLLSLLILI,24.90040255889445
LLLYLLLFVLTALLLSLLILI,LLLYLLLFVLTALLASLLILI,Left,void,,,,,,,,,,,3457.56,4235.62,57.0618,31.7679,3424.07,4296.38,116.236,84.2491,-13.0429,1.1e+17,14,L,98.1189,24.45814355,3425.7921,3339.8209,85.9712,3.0,0.1574809505432689,0.006338729476886747,L,LLLYALLFVLTALLLSLLILI,15.746488681524951
LLLLYVLIALLFLLTSLLILI,LLLLAVLIALLFLLTSLLILI,Left,void,,,,,,,,,,,3263.16,4028.64,57.6698,35.4325,3260.32,4183.67,171.372,177.838,-29.9475,1.1e+16,4,Y,103.0427,25.58761424,3227.7275,3082.482,145.2455,3.0,0.3115556110283725,0.010857537135243067,L,LLLLAVLLFLLALLTSLLILI,31.15238310284345
LLLLYVLIALLFLLTSLLILI,LLLLYVLIALLALLTSLLILI,Left,void,,,,,,,,,,,3293.95,4089.08,55.6421,15.3807,3260.32,4183.67,146.876,99.6433,-29.9475,1.1e+16,11,F,111.4175,14.4704217,3278.5693,3160.6767,117.8926,3.0,0.2998120580957374,0.012552117475376197,L,LLLLAVLLFLLALLTSLLILI,29.978147598824066
LLLYALLLLLTSLLFVLLILI,LLLYALLALLTSLLFVLLILI,Left,void,,,,,,,,,,,3756.09,4725.74,58.4812,23.5908,3720.21,4801.81,122.918,73.9123,-12.344,1.1e+17,7,L,106.0046,18.20342389,3732.4992,3646.2977,86.2015,3.0,0.1252488500915579,0.007270288500155402,L,LLLYALLFLLTSLLFSLLILI,12.523607417513324
LLLYALLLLLTSLLFVLLILI,LLLYALLLALTSLLFVLLILI,Left,void,,,,,,,,,,,3714.53,4742.33,54.1905,56.2695,3720.21,4801.81,113.709,131.52,-12.344,1.1e+17,8,L,75.0601,42.84601491,3658.2605,3588.69,69.5705,3.0,0.371205880337037,0.008585809601751737,L,LLLYALLFLLTSLLFSLLILI,37.11680157554456
LLLLSYLVALLLTLFLLLILI,LLLLSALVALLLTLFLLLILI,Left,void,,,,,,,,,,,3382.0,4134.56,53.0184,95.2584,3450.07,4301.69,167.099,275.376,-7.82025,1.1e+16,5,Y,35.0364,73.10990155,3286.7416,3174.694,112.0476,3.0,0.1152592993179835,0.008243305940263283,L,LLLLYVLIALLLTLFLLLILI,11.52475423783056
LLLLSYLVALLLTLFLLLILI,LLLLSYLVALLLTLALLLILI,Left,void,,,,,,,,,,,3370.87,4174.06,52.1266,85.8263,3450.07,4301.69,146.968,251.251,-7.82025,1.1e+16,14,F,44.0605,66.07776926,3285.0437,3198.819,86.2247,3.0,0.467996544006221,0.01709126679941196,L,LLLLSYLVALLLTLFLLLILI,46.7948806364487
LLLLVLLLLALTFLLSILILI,LLLLVLLLLALTALLSILILI,Left,void,,,,,,,,,,,3640.56,4502.7,46.7558,16.8397,3595.49,4621.18,144.823,103.431,-24.8099,1.1e+16,12,F,112.9823,12.97137619,3623.7203,3492.059,131.6613,3.0,0.198036336674604,0.002282811596993946,L,LLLLALLLLFLTVLLSILILI,19.801613612438302
LLLLAILLYTLAVLLSLLILI,LLLLAALLYTLAVLLSLLILI,Left,void,,,,,,,,,,,3637.98,4629.58,49.4942,89.2136,3652.66,4654.32,94.4415,169.591,-18.2531,1.1e+16,5,I,41.0812,68.47057596,3548.7664,3483.069,65.6974,3.0,1.2508734842844724,0.07184908887976041,L,LLLLAILLYTLAVLLSLLILI,125.0745889858804
LLLLAILLYTLAVLLSLLILI,LLLLAILLYTLAALLSLLILI,Left,void,,,,,,,,,,,3647.77,4648.18,48.9909,82.4135,3652.66,4654.32,69.6319,123.48,-18.2531,1.1e+16,12,V,47.4085,63.4819214,3565.3565,3529.18,36.1765,3.0,0.9752416651992944,0.07868019376390613,L,LLLLAILLYTLAVLLSLLILI,97.51421863937055
LLLYFLLAVLTSLLLSLLILI,LLLYALLAVLTSLLLSLLILI,Left,void,,,,,,,,,,,3432.86,4066.34,59.6605,40.3583,3402.82,4218.81,160.505,107.884,-15.2592,1.1e+17,4,F,98.1169,29.14478549,3392.5017,3294.936,97.5657,3.0,0.1253445459035675,0.0018039051466654768,L,LLLYTLLAVLIALLLSLLILI,12.533176022576225
LLLYFLLAVLTSLLLSLLILI,LLLYFLLAVLTSLLASLLILI,Left,void,,,,,,,,,,,3449.95,4179.89,56.894,25.3222,3402.82,4218.81,112.008,61.5244,-15.2592,1.1e+17,14,L,104.5646,19.49559155,3424.6278,3341.2956,83.3322,3.0,0.0462070384066401,0.0017103082184885278,L,LLLYFLLAVLITLLLSLLILI,4.62023250918234
LLLVSLLFLLLYLLATLLILI,LLLVSLLALLLYLLATLLILI,Left,void,,,,,,,,,,,3334.95,4145.94,36.9141,4.25277,3314.55,4167.75,104.524,58.9833,-14.1747,1.1e+17,7,F,125.34263,3.281574809,3330.69723,3255.5667,75.13053,3.0,0.4204360284854577,0.05966603366931879,L,LLLVSLLILLLALLFTLLILI,42.03931422189736
LLLVSLLFLLLYLLATLLILI,LLLVSLLFLLAYLLATLLILI,Left,void,,,,,,,,,,,3266.76,4106.15,53.1101,91.9431,3314.55,4167.75,113.49,205.09,-14.1747,1.1e+17,10,L,36.6283,71.51131589,3174.8169,3109.46,65.3569,3.0,0.3689120423727131,0.006975446029434855,L,LLLVSLLFLLLYLLATLLILI,36.88744117723686
LLLLFALLLILTVLLSLLILI,LLLLAALLLILTVLLSLLILI,Left,void,,,,,,,,,,,3626.18,4510.94,45.8737,29.5477,3622.22,4618.61,138.651,148.458,-26.4357,1.1e+16,4,F,108.9275,21.33790022,3596.6323,3473.762,122.8703,3.0,0.179885538525444,0.0009144380945068414,L,LLLLLALLLILFVLLSTLILI,17.98671894339791
LLLLIFLLWLLTALLSVLILI,LLLLIFLLALLTALLSVLILI,Left,void,,,,,,,,,,,3720.12,4610.79,55.7075,29.5112,3652.42,4744.74,170.041,104.644,-9.28387,1.1e+16,8,W,101.8184,22.47109563,3690.6088,3547.776,142.8328,3.0,0.4194021252640152,0.030645371485104843,L,LLLLIFLLWLLTALLSVLILI,41.93593444600654
LLLLIFLLWLLTALLSVLILI,LLLLIALLWLLTALLSVLILI,Left,void,,,,,,,,,,,3635.78,4716.72,33.8826,53.1421,3652.42,4744.74,101.932,173.246,-9.28387,1.1e+16,5,F,77.1527,40.78604825,3582.6379,3479.174,103.4639,3.0,0.6448631684267363,0.015032850165167666,L,LLLLIFLLWLLTALLSVLILI,64.47973896356403
LLLVLLLAILFLLLTSLLILI,LLLVLLLAILALLLTSLLILI,Left,void,,,,,,,,,,,3639.27,4559.72,54.3102,72.9515,3690.59,4701.94,156.958,221.194,-19.934,1.1e+17,10,F,55.6199,56.74006816,3566.3185,3469.396,96.9225,3.0,0.3323786957769554,0.006296896236407541,L,LLLVLLLAILFLLLTSLLILI,33.2344791733641
LLLVLLLAILFLLLTSLLILI,LLLVLLLAALFLLLTSLLILI,Left,void,,,,,,,,,,,3704.2,4675.69,46.6812,82.5528,3690.59,4701.94,91.8491,147.154,-19.934,1.1e+17,8,I,48.7768,62.85924879,3621.6472,3543.436,78.2112,3.0,0.0779460753533422,0.00269623803405023,L,LLLVALLLLLFLLLTSLLILI,7.793812452150927
LLLFALLTILLYLLAVLLILI,LLLAALLTILLYLLAVLLILI,Left,void,,,,,,,,,,,3685.74,4622.23,57.225,111.539,3743.02,4755.73,158.87,268.281,-8.49197,1.1e+17,3,F,58.1918,65.71523848,3574.201,3474.739,99.462,3.0,1.0127176189885243,0.059375789618511955,L,LLLFALLTILLSLLYVLLILI,101.26143174759554
LLLFALLTILLYLLAVLLILI,LLLFALLTALLYLLAVLLILI,Left,void,,,,,,,,,,,3807.3,4745.1,44.104,58.2265,3743.02,4755.73,82.8644,88.0849,-8.49197,1.1e+17,8,I,73.1031,44.33615879,3749.0735,3654.9351,94.1384,3.0,0.3547219780867778,0.023634530319572362,L,LLLFALLTILLSLLYVLLILI,35.46857949334577
LLLVALLLFLTLLLYSLLILI,LLLVALLLFLTLLLASLLILI,Left,void,,,,,,,,,,,3513.95,4073.08,54.5308,57.9698,3446.82,4180.44,153.053,143.258,-8.4294,1.1e+17,14,Y,71.917,44.63101716,3455.9802,3303.562,152.4182,3.0,0.0438656342183266,0.0016894567421830984,L,LLLVALLLILTFLLASLLILI,4.386115973671441
LLLVALLLFLTLLLYSLLILI,LLLVALLLALTLLLYSLLILI,Left,void,,,,,,,,,,,3403.93,4111.52,43.5893,58.6459,3446.82,4180.44,126.564,212.011,-8.4294,1.1e+17,8,F,72.6837,44.65550797,3345.2841,3234.809,110.4751,3.0,0.7118903610174859,0.049663204842822634,L,LLLVALLLILTFLLASLLILI,71.18177451671268
LLLYALLLVLITLLFSLLILI,LLLYALLLVLITLLASLLILI,Left,void,,,,,,,,,,,3587.06,4129.87,55.1419,48.4637,3514.77,4225.07,142.786,67.9791,-10.5313,1.1e+17,14,F,81.4231,37.3122596,3538.5963,3446.7909,91.8054,3.0,0.4972691822046215,0.014379547818295329,L,LLLYALLLVLITLLFSLLILI,49.72184586290536
LLLYALLLVLITLLFSLLILI,LLLYALLAVLITLLFSLLILI,Left,void,,,,,,,,,,,3567.89,4159.68,51.8254,29.7724,3514.77,4225.07,114.896,65.1755,-10.5313,1.1e+17,7,L,86.3113,37.67021098,3538.1176,3449.5945,88.5231,3.0,0.1912664541482654,0.00965273314979611,L,LLLYTLLAVLIALLLSLLILI,19.12469441549101
LLLLTLLIALLFLLVSLLILI,LLLLTLLIALLFALVSLLILI,Left,void,,,,,,,,,,,3556.9,4676.29,45.406,52.4937,3547.12,4720.88,99.3096,114.492,-15.2343,1.1e+16,12,L,77.3283,40.43513426,3504.4063,3432.628,71.7783,3.0,0.1365689822964451,0.0036385959790029765,L,LLLLTLLIALLFLLVSLLILI,13.655505167829782
LLLLTLLIALLFLLVSLLILI,LLLLTLLAALLFLLVSLLILI,Left,void,,,,,,,,,,,3532.06,4670.37,58.2566,104.999,3547.12,4720.88,109.965,189.13,-15.2343,1.1e+16,7,I,24.5964,81.02062265,3427.061,3357.99,69.071,3.0,0.9007924113472084,0.07830915655503906,L,LLLLYLLTALLFLLTSLLILI,90.07005266827589
LLLVALLFLLTALLYSLLILI,LLLVALLFLLTALLASLLILI,Left,void,,,,,,,,,,,3634.71,4665.54,45.4546,17.004,3619.06,4764.43,141.327,131.705,-14.2521,1.1e+17,14,Y,112.8828,13.09139959,3617.706,3487.355,130.351,3.0,0.2593424552124864,0.004031869451169093,L,LLLVALLLILTFLLASLLILI,25.93160011769345
LLLVALLFLLTALLYSLLILI,LLLVALLALLTALLYSLLILI,Left,void,,,,,,,,,,,3633.24,4615.84,55.4974,11.0452,3619.06,4764.43,155.004,69.6022,-14.2521,1.1e+17,7,F,118.5502,8.522833372,3622.1948,3549.4578,72.737,3.0,0.165093153175457,0.0038336677524659028,L,LLLVALLLLLTFLLASLLILI,16.507631297033175
LLLVALLLFLTALLLSLLILI,LLLVALLLALTALLLSLLILI,Left,void,,,,,,,,,,,3211.93,3973.87,51.8472,60.3355,3262.05,4074.27,138.68,217.135,-13.5361,1.1e+17,8,F,70.9941,45.94204201,3151.5945,3044.915,106.6795,3.0,0.8732893402897381,0.017541276376166193,L,LLLVALLLILTFLLASLLILI,87.32002610557336
LLLVALLLFLTALLLSLLILI,LLLVALLAFLTALLLSLLILI,Left,void,,,,,,,,,,,3311.74,4014.01,60.8429,26.5156,3262.05,4074.27,121.131,64.029,-13.5361,1.1e+17,7,L,103.0798,20.46029412,3285.2244,3198.021,87.2034,3.0,0.3062625775707684,0.001290966950070169,L,LLLVALLLLLTALLFSLLILI,30.6231337482798
LLLLIVLLFTLALLLSLLILI,LLLLIVLLFTLALLLSALILI,Left,void,,,,,,,,,,,3645.45,4635.4,43.7267,88.0884,3685.83,4676.7,98.6986,197.141,-14.7939,1.1e+16,16,L,41.3744,68.04147601,3557.3616,3488.689,68.6726,3.0,0.337487589083994,0.009266678066541394,L,LLLLAVLLFILALLLSTLILI,33.7453163911792
LLLLILLLVLTALLFSLLILI,LLLAILLLVLTALLFSLLILI,Left,void,,,,,,,,,,,3650.33,4670.81,49.9661,77.3345,3682.05,4714.71,105.253,177.576,-14.7833,1.1e+17,3,L,92.3963,45.56303276,3572.9955,3504.474,68.5215,3.0,0.1512868359475284,0.004126934998497619,L,LLLVALLLLLTALLFSLLILI,15.127140404559237
LLLLILLLVLTALLFSLLILI,LLLLILLAVLTALLFSLLILI,Left,void,,,,,,,,,,,3713.67,4682.6,59.6118,35.0038,3682.05,4714.71,109.27,66.2894,-14.7833,1.1e+17,7,L,94.5916,27.01006363,3678.6662,3615.7606,62.9056,3.0,0.1453421153349587,0.00418479336372671,L,LLLLALLTVLLALLFSLLILI,14.532728981985708
LLLLYVLLLLLATLFSLLILI,LLLLAVLLLLLATLFSLLILI,Left,void,,,,,,,,,,,3392.8,4121.78,47.8189,32.1409,3376.5,4268.79,159.012,159.28,-11.2712,1.1e+16,4,Y,106.3343,23.21058211,3360.6591,3217.22,143.4391,3.0,0.1175892240665851,0.003986547506160287,L,LLLLAVLLFLLATLISLLILI,11.757722946465451
LLLLYVLLLLLATLFSLLILI,LLLLYVLLLLLATLASLLILI,Left,void,,,,,,,,,,,3309.64,4109.48,59.45,95.8996,3376.5,4268.79,162.318,251.86,-11.2712,1.1e+16,14,F,33.9872,73.83321477,3213.7404,3124.64,89.1004,3.0,0.269581708840497,0.009140553376993717,L,LLLLAVLLFLLATLISLLILI,26.955421035744305
LLLVALLLILTFLLASLLILI,LLLVALLLILTALLASLLILI,Left,void,,,,,,,,,,,3649.72,4476.58,54.6346,28.4406,3620.44,4610.99,154.544,139.585,-7.00132,1.1e+17,11,F,101.8272,21.83240985,3621.2794,3480.855,140.4244,3.0,0.2533705032499856,0.008592576359377845,L,LLLVALLLILTFLLASLLILI,25.33446583789817
LLLVALLLILTFLLASLLILI,LLLVALLAILTFLLASLLILI,Left,void,,,,,,,,,,,3679.11,4550.85,60.4699,31.2576,3620.44,4610.99,120.44,57.9809,-7.00132,1.1e+17,7,L,98.3378,24.11937461,3647.8524,3562.4591,85.3933,3.0,0.3204874203130055,0.0097733403150329,L,LLLVALLLILTFLLASLLILI,32.04547292304599
LLLLSILFVLLATLYLLLILI,LLLLSILFVLLATLALLLILI,Left,void,,,,,,,,,,,3413.58,4033.07,55.2445,35.3192,3427.64,4178.18,164.71,202.888,-12.9935,1.1e+16,14,Y,94.5676,27.1922936,3378.2608,3224.752,153.5088,3.0,0.0312278159176799,0.0008832525134005107,L,LLLLSILFVLLATLYLLLILI,3.122463054738716
LLLLSILFVLLATLYLLLILI,LLLLSILAVLLATLYLLLILI,Left,void,,,,,,,,,,,3473.39,4149.78,57.4229,40.4104,3427.64,4178.18,126.536,134.758,-12.9935,1.1e+16,7,F,89.185,31.18197097,3432.9796,3292.882,140.0976,3.0,0.0632356445718928,0.0011795203155127675,L,LLLLSILFVLLATLYLLLILI,6.322919426668426
LLLLAVLLFLLALLTSLLILI,LLLLAVLLALLALLTSLLILI,Left,void,,,,,,,,,,,3642.27,4560.54,49.5267,21.4535,3574.54,4646.48,135.593,82.0647,-6.86645,1.1e+16,8,F,109.8761,16.33561665,3620.8165,3492.4753,128.3412,3.0,0.3274254662292621,0.009634601315330657,L,LLLLAVLLFLLATLISLLILI,32.73920674364685
LLLLAVLLFLLALLTSLLILI,LLLLAVLLFLLAALTSLLILI,Left,void,,,,,,,,,,,3571.61,4650.01,38.0307,60.2976,3574.54,4646.48,72.7822,138.383,-6.86645,1.1e+16,12,L,69.5244,46.44636502,3511.3124,3436.157,75.1554,3.0,0.1239671480575664,0.00503123309043515,L,LLLLAVLLFLLATLISLLILI,12.395450288021086
LLLLFILLAVLYTLLLSLILI,LLLLFALLAVLYTLLLSLILI,Left,void,,,,,,,,,,,3283.75,4198.17,52.0976,65.7403,3313.79,4243.85,104.766,161.394,-11.9581,1.1e+16,5,I,64.5545,50.45504502,3218.0097,3152.396,65.6137,3.0,0.6241236800604176,0.019322466929032233,L,LLLLFVLLAILYTLLLSLILI,62.40600167855111
LLLLYLLLAVLTALLFSLILI,LLLLALLLAVLTALLFSLILI,Left,void,,,,,,,,,,,3232.71,4011.57,54.8242,80.1055,3350.15,4125.93,159.574,289.47,-12.7239,1.1e+16,4,Y,58.3697,57.84826453,3152.6045,3060.68,91.9245,3.0,0.3249712799124835,0.014102721392656302,L,LLLLLALLYVLTALLFSLILI,32.4938131457152
LLLLYLLLAVLTALLFSLILI,LLLLYLLLAVLTALLASLILI,Left,void,,,,,,,,,,,3352.72,4025.66,62.1986,33.3517,3350.15,4125.93,153.313,109.82,-12.7239,1.1e+16,15,F,96.3687,25.71045109,3319.3683,3240.33,79.0383,3.0,0.2387237850029465,0.010952835955606161,L,LLLLLLLLAVLTALLFILILI,23.869943415961707
LLLLTVLLAILFLLLSLLILI,LLLLTVLLAILALLLSLLILI,Left,void,,,,,,,,,,,3678.24,4603.46,52.8166,20.6976,3607.73,4631.83,122.372,100.532,-16.5571,1.1e+16,11,F,109.5702,15.88850046,3657.5424,3507.198,150.3444,3.0,0.5439692350604035,0.03125307692782985,L,LLLLAVLLFILALLLSTLILI,54.39137478804442
LLLLTVLLAILFLLLSLLILI,LLLLTVLLAILFALLSLLILI,Left,void,,,,,,,,,,,3620.41,4558.52,47.8093,57.63,3607.73,4631.83,110.838,130.379,-16.5571,1.1e+16,12,L,72.192,44.39155151,3562.78,3477.351,85.429,3.0,0.2936395475059433,0.012373601051245544,L,LLLLTVLLAILFLLLSLLILI,29.360959502082927
LLLLFYLTALLILLVSLLILI,LLLLFALTALLILLVSLLILI,Left,void,,,,,,,,,,,3416.25,4117.43,47.8911,46.9778,3393.65,4271.81,159.391,151.82,-7.56343,1.1e+16,5,Y,83.317,36.05500757,3369.2722,3241.83,127.4422,3.0,0.3359603749967815,0.02460667748042619,L,LLLLFYLTALLILLVSLLILI,33.59261056069242
LLLLFYLTALLILLVSLLILI,LLLLAYLTALLILLVSLLILI,Left,void,,,,,,,,,,,3443.98,4124.74,62.7554,51.0692,3393.65,4271.81,161.684,110.35,-7.56343,1.1e+16,4,F,87.406,36.87967232,3392.9108,3283.3,109.6108,3.0,0.6042243396906516,0.04853667355181109,L,LLLLAYLTLLLWFLVSLLILI,60.41627062332585
LLLLVLLTALLFLLISLLILI,LLLLVLLTALLFALISLLILI,Left,void,,,,,,,,,,,3652.38,4687.68,46.0429,61.4136,3640.34,4731.56,100.008,126.696,-24.5798,1.1e+16,12,L,68.4084,47.3060036,3590.9664,3513.644,77.3224,3.0,0.4556402662270634,0.021873572842955005,L,LLLLYLLTALLFLLTSLLILI,45.5593788978316
LLLLALLFTLVSLLLILLILI,LLLLALLFTLVSLLLALLILI,Left,void,,,,,,,,,,,3624.12,4601.8,41.089,67.1159,3613.2,4607.38,79.9394,128.439,-16.9859,1.1e+17,15,I,62.6045,51.73889381,3557.0041,3484.761,72.2431,3.0,0.3306488540019739,0.021209394227749076,L,LLLLALLFILVTLLLSLLILI,33.06151264098918
LLLLYWLLAVLLSLLFTLILI,LLLLYALLAVLLSLLFTLILI,Left,void,,,,,,,,,,,3479.59,4176.57,59.8876,45.1366,3504.5,4205.23,143.452,205.826,-15.0364,1.1e+16,5,W,68.872,47.14140549,3434.4534,3298.674,135.7794,3.0,0.5738711414492174,0.02741152688477031,L,LLLLYWLLAVLLSLLFTLILI,57.38126041473872
LLLLYWLLAVLLSLLFTLILI,LLLLYWLLAVLLSLLATLILI,Left,void,,,,,,,,,,,3533.05,4142.9,63.4581,41.9218,3504.5,4205.23,140.179,99.3912,-15.0364,1.1e+16,15,F,87.7986,32.31704497,3491.1282,3405.1088,86.0194,3.0,0.4237810918622325,0.011286491095617836,L,LLLLYWLLAVLLSLLFTLILI,42.37378643850299
LLLLYWLLTLLVALLSFLILI,LLLLYALLTLLVALLSFLILI,Left,void,,,,,,,,,,,3641.3,4197.7,51.0728,54.5386,3653.59,4217.38,128.882,203.791,-17.7225,1.1e+16,5,W,75.7562,41.85784851,3586.7614,3449.799,136.9624,3.0,0.6248423072605593,0.006310842065098925,L,LLLLFALLTILVALLSLLILI,62.47785706826161
LLLLYWLLTLLVALLSFLILI,LLLLYWLLTLLVALLSALILI,Left,void,,,,,,,,,,,3610.97,4071.05,58.4595,103.235,3653.59,4217.38,157.963,228.277,-17.7225,1.1e+16,16,F,26.2278,79.74105303,3507.735,3425.313,82.422,3.0,0.3684204626628916,0.021630006120330232,L,LLLLYWLLTILVALLLSLILI,36.83828822057721
LLLLVALLLILTLLLSFLILI,LLLLVALLLILTLLLSALILI,Left,void,,,,,,,,,,,3622.61,4570.02,44.0728,87.9993,3670.63,4639.4,124.17,237.491,-26.6839,1.1e+16,16,F,41.4635,67.97265315,3534.6107,3433.139,101.4717,3.0,0.3794754219815311,0.008147533144590395,L,LLLLFALLLILTLLLSVLILI,37.943671387145336
LLLLVALLLILTLLLSFLILI,LLLLVALLAILTLLLSFLILI,Left,void,,,,,,,,,,,3718.64,4580.72,48.7209,23.3485,3670.63,4639.4,108.421,57.8779,-26.6839,1.1e+16,8,L,107.9811,17.77855107,3695.2915,3612.7521,82.5394,3.0,0.3923506254416836,0.01898498478606906,L,LLLLFALLLILTLLLSVLILI,39.231060400598864
LLLLAYLLALLFLLTSLLILI,LLLLAYLLALLALLTSLLILI,Left,void,,,,,,,,,,,3318.96,4117.58,58.6483,16.1453,3280.59,4214.25,146.952,108.95,-25.4867,1.1e+16,11,F,114.1225,12.39393004,3302.8147,3171.64,131.1747,3.0,0.4873224188973902,0.004057365437875307,L,LLLLAVLLFLLALLTSLLILI,48.72727099340652
LLLLLLLLAILFTLLSVLILI,LLLLALLLAILFTLLSVLILI,Left,void,,,,,,,,,,,3668.1,4658.34,53.947,14.9892,3631.62,4696.68,107.22,71.3322,-30.4619,1.1e+16,4,L,123.486,10.82446532,3653.1108,3560.2878,92.823,3.0,0.361286145270156,0.013668865774249908,L,LLLLAILLAVLFTLLSLLILI,36.124929254381165
LLLLLLLLAILFTLLSVLILI,LLLLLALLAILFTLLSVLILI,Left,void,,,,,,,,,,,3629.83,4631.31,50.3192,65.4347,3631.62,4696.68,110.435,130.386,-30.4619,1.1e+16,5,L,64.8601,50.22049997,3564.3953,3501.234,63.1613,3.0,0.4031910320013737,0.01686151058258739,L,LLLLLALLLILFVLLSTLILI,40.31499047980161
LLLLFWLLAVLTALLYLLILI,LLLLFWLLAVLTALLALLILI,Left,void,,,,,,,,,,,3208.31,4071.58,57.5705,7.31852,3214.47,4196.85,164.207,139.812,-19.9151,1.1e+16,15,Y,122.40188,5.641764904,3200.99148,3074.658,126.33348,3.0,0.3477420203529437,0.03128810566666087,L,LLLLFWLLAVLTALLYLLILI,34.77065491850558
LLLLYVLLFTLALLLLSLILI,LLLLAVLLFTLALLLLSLILI,Left,void,,,,,,,,,,,3287.94,4103.2,57.7349,37.6881,3261.83,4247.62,167.5,157.843,-18.4232,1.1e+16,4,Y,100.7871,27.21649797,3250.2519,3103.987,146.2649,3.0,0.4767998867320613,0.03676049178375694,L,LLLLAVLLFILALLLSTLILI,47.67512511118562
LLLLYFLLALLAVLTSLLILI,LLLLYALLALLAVLTSLLILI,Left,void,,,,,,,,,,,3248.58,4077.73,52.576,32.875,3257.04,4168.06,139.631,179.346,-27.8769,1.1e+16,5,F,97.4198,25.23124484,3215.705,3077.694,138.011,3.0,0.2022716920913101,0.001472842604886583,L,LLLLYFLLALLAVLTSLLILI,20.225105951678863
LLLLYFLLALLAVLTSLLILI,LLLLAFLLALLAVLTSLLILI,Left,void,,,,,,,,,,,3256.01,4012.07,57.2856,17.4637,3257.04,4168.06,171.653,132.518,-27.8769,1.1e+16,4,Y,121.0115,12.61142789,3238.5463,3124.522,114.0243,3.0,0.1996507480842294,0.0071817493120240015,L,LLLLAVLLFLLALLTSLLILI,19.96303828571652
LLLLALLFILVTLLLSLLILI,LLLLALLAILVTLLLSLLILI,Left,void,,,,,,,,,,,3690.26,4534.19,52.5555,28.4176,3656.13,4676.82,158.46,75.2729,-13.0023,1.1e+17,7,F,101.1778,21.9279388,3661.8424,3580.8571,80.9853,3.0,0.2663115950868245,0.009426644033570875,L,LLLFALLTILVALLLSLLILI,26.62844301693082
LLLLALLFILVTLLLSLLILI,LLLLALLFALVTLLLSLLILI,Left,void,,,,,,,,,,,3664.63,4659.71,45.0898,62.9275,3656.13,4676.82,86.807,127.526,-13.0023,1.1e+17,8,I,68.4021,47.91570217,3601.7025,3528.604,73.0985,3.0,0.3069769109860461,0.009663497872806365,L,LLLTALLFLLVALLLSLLILI,30.69455980330234
LLLLFLLLLALTVLLSILILI,LLLLALLLLALTVLLSILILI,Left,void,,,,,,,,,,,3643.84,4527.91,42.0429,15.2344,3588.03,4610.44,128.632,72.1843,-10.0241,1.1e+16,4,F,43.3419,66.57440455,3628.6056,3515.8457,112.7599,3.0,0.1591387482409971,0.006968366904495145,L,LLLLALLLLFLTVLLSILILI,15.912251541054829
LLLLFLLLLALTVLLSILILI,LLLLFALLLALTVLLSILILI,Left,void,,,,,,,,,,,3588.32,4606.65,50.0876,78.7403,3588.03,4610.44,90.7219,142.801,-10.0241,1.1e+16,5,L,51.5545,60.43241941,3509.5797,3445.229,64.3507,3.0,0.934851528820838,0.02398955730350917,L,LLLLALLLLFLTVLLSILILI,93.4756169981272
LLLLTVLLALLFLLISLLILI,LLLLTVLAALLFLLISLLILI,Left,void,,,,,,,,,,,3598.36,4624.49,58.2358,103.071,3635.3,4682.71,118.519,209.474,-18.2847,1.1e+16,7,L,26.5244,79.53291552,3495.289,3425.826,69.463,3.0,0.4065281090634928,0.029076845013503126,L,LLLLTVLLAILFLLLSLLILI,40.64866414640548
LLLLTVLLALLFLLISLLILI,LLLLTVLLALLFLLASLLILI,Left,void,,,,,,,,,,,3609.87,4657.56,42.176,83.919,3635.3,4682.71,89.7895,178.462,-18.2847,1.1e+16,14,I,45.9678,64.60933675,3525.951,3456.838,69.113,3.0,0.594187268665293,0.040277074448800736,L,LLLLTVLLAILFLLLSLLILI,59.412665903191495
LLLLYVLLLALTILLFSLILI,LLLLYVLLLALTILLASLILI,Left,void,,,,,,,,,,,3371.17,4159.99,60.29,61.893,3344.07,4318.79,162.031,146.823,-12.5804,1.1e+16,15,F,67.8274,47.71261883,3309.277,3197.247,112.03,3.0,0.282538445595531,0.005896240262948137,L,LLLLYVLLLALTILLFSLILI,28.250962547011632
LLLLLVLLAILFTLLSLLILI,LLLLLVLLAILATLLSLLILI,Left,void,,,,,,,,,,,3731.62,4551.19,54.6678,35.1496,3693.37,4665.01,149.563,95.9249,-8.93559,1.1e+16,11,F,95.1182,26.98256975,3696.4704,3597.4451,99.0253,3.0,0.6662574581759662,0.047396763619762305,L,LLLLTVLLAILFLLLSLLILI,66.61894970761496
LLLLLVLLAILFTLLSLLILI,LLLLAVLLAILFTLLSLLILI,Left,void,,,,,,,,,,,3739.95,4593.35,57.518,45.1737,3693.37,4665.01,119.599,90.5797,-8.93559,1.1e+16,4,L,93.3015,32.62223127,3694.7763,3602.7903,91.986,3.0,0.6435154070467347,0.025436720255663077,L,LLLLTVLLAILFLLLSLLILI,64.34497657330427
LLLLLALLLLLTVLFSLLILI,LLLLLALLLLLTVLASLLILI,Left,void,,,,,,,,,,,3643.2,4592.28,44.8899,92.1008,3718.54,4698.57,139.971,260.307,-16.6473,1.1e+16,14,F,37.786,70.90851418,3551.0992,3458.233,92.8662,3.0,0.2397178809774802,0.011000426263231137,L,LLLLAILLLLLTVLFSLLILI,23.96934287321253
LLLYFLLAILVTLLLSLLILI,LLLYFLLAALVTLLLSLLILI,Left,void,,,,,,,,,,,3747.71,4721.79,46.9023,89.8183,3755.49,4747.18,91.023,166.101,-11.7583,1.1e+17,8,I,41.5113,68.39151265,3657.8917,3589.389,68.5027,3.0,0.029235780022233,0.0009159239067853488,L,LLLYTLLAILVALLLSLLILI,2.9232797848090164
LLLYFLLAILVTLLLSLLILI,LLLYFLLAILVTLLASLLILI,Left,void,,,,,,,,,,,3795.06,4713.61,55.684,20.6298,3755.49,4747.18,109.073,47.0193,-11.7583,1.1e+17,14,L,109.257,15.88290727,3774.4302,3708.4707,65.9595,3.0,0.124451274454167,0.0008865847166262355,L,LLLYTLLAILVALLLSLLILI,12.4438579893856
LLLLVLLLTLLTALLFILILI,LLLLVLLLTLLTALLFALILI,Left,void,,,,,,,,,,,3715.51,4687.27,43.4963,84.9145,3713.41,4700.53,84.8546,160.025,-26.3522,1.1e+16,16,I,44.5483,65.58988373,3630.5955,3553.385,77.2105,3.0,0.2621428629202733,0.010843185459770312,L,LLLLVALLLLLTALLFSLILI,26.2116123231202
LLLLWILTYLLAVLLFLLILI,LLLLWILTYLLAVLLALLILI,Left,void,,,,,,,,,,,3342.26,4118.18,59.7735,39.3118,3313.4,4267.55,159.007,117.636,-14.7712,1.1e+16,15,F,90.4086,30.30502527,3302.9482,3195.764,107.1842,3.0,0.7457328785926278,0.01637657336686519,L,LLLLWILTYLLAVLLFLLILI,74.5656810661265
LLLLWILTYLLAVLLFLLILI,LLLLAILTYLLAVLLFLLILI,Left,void,,,,,,,,,,,3315.39,4248.18,45.1921,30.7278,3313.4,4267.55,122.828,110.395,-14.7712,1.1e+16,4,W,107.7474,22.19011058,3284.6622,3203.005,81.6572,3.0,0.6819941971877642,0.029600339849423625,L,LLLLWILTYLLAVLLFLLILI,68.19246308735106
LLLLYVLLALLFTLLSILILI,LLLLAVLLALLFTLLSILILI,Left,void,,,,,,,,,,,3322.29,4059.74,59.3395,38.6939,3344.33,4216.73,172.166,201.708,-10.8778,1.1e+16,4,Y,99.7813,27.94283742,3283.5961,3142.622,140.9741,3.0,0.052896894780006,0.0017073668878410484,L,LLLLAVLLALLLILLSTLILI,5.289149907133219
LLLLYVLLALLFTLLSILILI,LLLLYVLLALLATLLSILILI,Left,void,,,,,,,,,,,3375.1,4079.57,54.2811,27.0739,3344.33,4216.73,155.092,91.0768,-10.8778,1.1e+16,11,F,103.1939,20.7832634,3348.0261,3253.2532,94.7729,3.0,0.1470038796890524,0.00428040042238296,L,LLLLYVLLLLLATLFSLLILI,14.698888466690546
LLLVALLLFLLSLLYTLLILI,LLLVALLLFLLSLLATLLILI,Left,void,,,,,,,,,,,3467.21,4083.25,59.761,37.9059,3451.33,4227.44,168.709,168.987,-7.71278,1.1e+17,14,Y,91.9809,29.18379697,3429.3041,3282.343,146.9611,3.0,0.1914678157925101,0.0055923544455563365,L,LLLVALLLFLLSLLYTLLILI,19.14482852594091
LLLLALLYVLTFLLASLLILI,LLLLALLAVLTFLLASLLILI,Left,void,,,,,,,,,,,3724.51,4613.77,62.1301,36.808,3721.44,4783.78,175.944,171.352,-12.8531,1.1e+17,7,Y,92.7874,28.40224267,3687.702,3550.088,137.614,3.0,0.2551144545621289,0.008179650280945836,L,LLLVALLLILTFLLASLLILI,25.50884318006598
LLLLALLYVLTFLLASLLILI,LLLLALLYVLTALLASLLILI,Left,void,,,,,,,,,,,3773.28,4652.55,55.5607,22.961,3721.44,4783.78,153.827,94.9884,-12.8531,1.1e+17,11,F,107.3068,17.62599814,3750.319,3626.4516,123.8674,3.0,0.6806443358469677,0.017024323133695906,L,LLLLALLYVLTFLLASLLILI,68.05749072243228
LLLLFVLTILLALLYSLLILI,LLLLFVLTILLALLASLLILI,Left,void,,,,,,,,,,,3958.95,4617.73,48.1347,33.5517,3958.39,4760.41,157.575,177.609,-14.9817,1.1e+16,14,Y,96.3351,25.83149327,3925.3983,3780.781,144.6173,3.0,0.2588380858805943,0.002071435876988944,L,LLLLIVLTWLLALLFSLLILI,25.881168329286343
LLLYWLLTVLFLLLASLLILI,LLLYALLTVLFLLLASLLILI,Left,void,,,,,,,,,,,3919.27,4712.33,54.8839,38.6924,3839.77,4904.26,189.227,114.461,-12.368,1.1e+17,4,W,99.7828,27.94175419,3880.5776,3725.309,155.2686,3.0,0.0674783932589613,0.002407555990412322,L,LLLYWLLTVLFLLLASLLILI,6.747151017530734
LLLLYLLVILLATLLFLLILI,LLLLALLVILLATLLFLLILI,Left,void,,,,,,,,,,,3475.44,4159.03,45.3589,28.1934,3415.95,4325.8,161.833,119.217,-9.08882,1.1e+16,4,Y,110.2818,20.35989116,3447.2466,3296.733,150.5136,3.0,0.0295868493230898,0.00041877161764558335,L,LLLLAYLVILLFTLLSLLILI,2.95838313383822
LLLLYLLVILLATLLFLLILI,LLLLYLLVILLATLLALLILI,Left,void,,,,,,,,,,,3441.61,4175.82,59.7336,60.634,3415.95,4325.8,159.526,154.227,-9.08882,1.1e+16,15,F,69.0864,46.74206987,3380.976,3261.723,119.253,3.0,0.2461074749782916,0.008640626041787492,L,LLLLYLLVILLATLLFLLILI,24.6082370967121
LLLLVALLLLLTALLFILILI,LLLLVALLLLLTALLFALILI,Left,void,,,,,,,,,,,3629.55,4736.83,43.3223,72.1564,3623.66,4754.0,87.5896,140.979,-30.3335,1.1e+16,16,I,57.3064,55.73523823,3557.3936,3482.681,74.7126,3.0,0.3529387897155144,0.01755579875858354,L,LLLLYALLFLLTALLFSLILI,35.29027884550067
LLLLVALLLLLTALLFILILI,LLLLVALLLALTALLFILILI,Left,void,,,,,,,,,,,3616.73,4690.0,48.4372,60.2825,3623.66,4754.0,108.188,127.621,-30.3335,1.1e+16,9,L,69.3843,46.49031209,3556.4475,3496.039,60.4085,3.0,0.7343105782113205,0.020300118658438383,L,LLLLVALLLLLTALLFSLILI,73.42356754032697
LLLLFLLLAILYVLLSTLILI,LLLLALLLAILYVLLSTLILI,Left,void,,,,,,,,,,,3706.79,4657.82,53.5727,33.3787,3614.9,4706.32,124.342,95.5041,-34.6086,1.1e+16,4,F,105.0965,24.10446058,3673.4113,3519.3959,154.0154,3.0,0.2194426348521844,0.01059092275869024,L,LLLLYLLLFILAVLLSTLILI,21.94202507683319
LLLLTVLLALLFILLSLLILI,LLLLTVLLALLFILLSALILI,Left,void,,,,,,,,,,,3697.95,4722.45,42.9447,84.6926,3717.0,4742.92,89.7937,178.515,-9.8057,1.1e+16,16,L,44.7702,65.41848315,3613.2574,3538.485,74.7724,3.0,0.1151306375895322,0.005265875076776788,L,LLLLAVLLALLLILLSTLILI,11.511889377389888
LLLLFLLLAVLLTLLSILILI,LLLLALLLAVLLTLLSILILI,Left,void,,,,,,,,,,,3671.4,4563.32,56.9983,28.7115,3632.12,4657.65,145.787,73.3871,-5.46692,1.1e+16,4,F,109.7637,20.73403757,3642.6885,3558.7329,83.9556,3.0,0.2917823763192257,0.01104303457524279,L,LLLLLLLLFVLATLLSILILI,29.175261327348657
LLLLVFLLALLYLLTSLLILI,LLLLVFLLALLALLTSLLILI,Left,void,,,,,,,,,,,3389.59,4036.22,58.4215,30.6962,3321.94,4180.72,168.78,114.982,-18.9478,1.1e+16,11,Y,99.5716,23.56391986,3358.8938,3206.958,151.9358,3.0,0.5915711260855187,0.03531933248380791,L,LLLLAVLLFLLALLTSLLILI,59.151078330983175
LLLLLVLTALLYILFLLLILI,LLLLLVLTALLAILFLLLILI,Left,void,,,,,,,,,,,3432.67,4156.01,49.2547,19.4115,3403.15,4278.48,152.146,108.259,-17.9392,1.1e+16,11,Y,110.8563,14.90122655,3413.2585,3294.891,118.3675,3.0,0.0792047177239348,0.0026340035322559513,L,LLLLLVLTLLLAILFSLLILI,7.919663850521676
LLLLALLFLLTSLLYVLLILI,LLLLALLFLLTSLLAVLLILI,Left,void,,,,,,,,,,,3714.03,4664.25,45.9171,15.2994,3687.91,4779.82,149.33,115.641,-17.8677,1.1e+17,14,Y,114.5874,11.77902604,3698.7306,3572.269,126.4616,3.0,0.031308663855523,0.0014786388618993076,L,LLLLALLWFLTSLLYVLLILI,3.13054702383961
LLLLVALLLFLLYLLSTLILI,LLLLVALLLALLYLLSTLILI,Left,void,,,,,,,,,,,3673.99,4707.22,44.0872,62.4022,3725.42,4781.57,128.017,218.173,-25.4376,1.1e+16,9,F,67.2646,48.12504049,3611.5878,3507.247,104.3408,3.0,0.2408862109277072,0.007499242514920195,L,LLLLVALLLFLLYLLSTLILI,24.08616395077188
LLLLVALLLFLLYLLSTLILI,LLLLVALLAFLLYLLSTLILI,Left,void,,,,,,,,,,,3793.96,4746.59,39.1082,20.9031,3725.42,4781.57,94.7974,43.3728,-25.4376,1.1e+16,8,L,110.4265,15.91651844,3773.0569,3682.0472,91.0097,3.0,0.5803398349769829,0.04007549139167188,L,LLLLVALLLFLLYLLSTLILI,58.02806378408483
LLLVALLTILLYLLFSLLILI,LLLVALLTILLYLLASLLILI,Left,void,,,,,,,,,,,3868.68,4613.01,46.1109,30.7772,3810.52,4669.72,121.376,102.403,-6.30302,1.1e+17,14,F,99.1096,23.69540246,3837.9028,3708.117,129.7858,3.0,0.6189479772099707,0.0028742931532230636,L,LLLVALLLILTFLLASLLILI,61.88848418788098
LLLVALLTILLYLLFSLLILI,LLLVALLTALLYLLFSLLILI,Left,void,,,,,,,,,,,3834.01,4661.54,38.5192,58.4579,3810.52,4669.72,75.0651,112.011,-6.30302,1.1e+17,8,I,72.8717,44.5123567,3775.5521,3698.509,77.0431,3.0,0.7983059992346953,0.059582311518679945,L,LLLVALLTILLALLFSLLILI,79.82245686210004
LLLALLLFVLTSLLYLLLILI,LLLALLLFVLTSLLALLLILI,Left,void,,,,,,,,,,,3321.06,4114.11,52.922,12.8517,3291.34,4234.29,157.054,138.624,-14.4737,1.1e+17,14,Y,117.0351,9.894538937,3308.2083,3152.716,155.4923,3.0,0.156570428456949,0.0008061115881825242,L,LLLALLLTVLTSLLFLLLILI,15.655445760606232
LLLALLLFVLTSLLYLLLILI,LLLALLLAVLTSLLYLLLILI,Left,void,,,,,,,,,,,3280.98,4107.92,56.2296,47.3434,3291.34,4234.29,150.502,173.605,-14.4737,1.1e+17,7,F,82.252,36.53169788,3233.6366,3117.735,115.9016,3.0,0.1867948086221059,0.024728689254568514,L,LLLALLLTVLTSLLFLLLILI,18.677575475564907
LLLLTILLLVLALLLSFLILI,LLLLTILLLVLAALLSFLILI,Left,void,,,,,,,,,,,3693.05,4630.15,57.5063,105.058,3743.43,4719.3,123.302,213.726,-12.5314,1.1e+16,12,L,24.764,80.92465068,3587.992,3529.704,58.288,3.0,0.0772778090631233,0.0007901623403135215,L,LLLLTILLLVLALLLSFLILI,7.7269926397299695
LLLLFVLLILLATLYSLLILI,LLLLFVLAILLATLYSLLILI,Left,void,,,,,,,,,,,3928.99,4629.91,56.6935,68.2426,3931.94,4685.28,114.902,151.398,-9.43159,1.1e+16,7,L,61.3528,52.6581962,3860.7474,3780.542,80.2054,3.0,0.0064998789974556,0.00033075643101145523,L,LLLLFVLLLLLATLISLLILI,0.6499215982100333
LLLLTLLLALIVLLFSLLILI,LLLLTLLAALIVLLFSLLILI,Left,void,,,,,,,,,,,3751.78,4642.51,55.4798,23.1519,3724.49,4701.8,117.611,68.9513,-9.97523,1.1e+17,7,L,106.4435,17.86475446,3728.6281,3655.5387,73.0894,3.0,0.1215660712692691,0.0030921748137397297,L,LLLLTLLLALIVLLFSLLILI,12.15536710119775
LLLLTLLLALIVLLFSLLILI,LLLLTLLLALAVLLFSLLILI,Left,void,,,,,,,,,,,3720.26,4670.4,57.9056,76.3378,3724.49,4701.8,102.582,150.914,-9.97523,1.1e+17,10,I,52.2336,59.37385764,3643.9222,3573.576,70.3462,3.0,0.1196518479120122,0.0035846401013166673,L,LLLVTLLLALLLLLFSLLILI,11.963964291366
LLLTALLLLLVALLFSLLILI,LLLTALLLALVALLFSLLILI,Left,void,,,,,,,,,,,3608.35,4559.99,48.6468,54.3675,3610.84,4623.01,108.211,131.753,-17.9063,1.1e+17,8,L,76.9621,41.39775039,3553.9825,3479.087,74.8955,3.0,0.3867379479191016,0.015114473565380832,L,LLLTALLLLLVALLFSLLILI,38.66984990004308
LLLLLFLLAVLTSLLLILILI,LLLLAFLLAVLTSLLLILILI,Left,void,,,,,,,,,,,3531.41,4622.18,53.2108,55.7803,3553.75,4671.13,110.458,161.149,-34.4201,1.1e+16,4,L,82.6949,40.28179775,3475.6297,3392.601,83.0287,3.0,0.2980860367832244,0.009181463447871383,L,LLLLYFLLAVLTALLLSLILI,29.80556307372565
LLLLYVLLLILATLLLSLILI,LLLLAVLLLILATLLLSLILI,Left,void,,,,,,,,,,,3349.8,4035.51,45.8766,35.6904,3331.59,4174.23,155.888,161.375,-14.5478,1.1e+16,4,Y,102.7848,25.77385698,3314.1096,3170.215,143.8946,3.0,0.2609216712942133,0.014936846015356133,L,LLLLYVLLLILATLLFSLILI,26.08950561718916
LLLLYVLLLILATLLLSLILI,LLLLYALLLILATLLLSLILI,Left,void,,,,,,,,,,,3338.75,4161.01,46.3076,51.74,3331.59,4174.23,72.7938,93.792,-14.5478,1.1e+16,5,V,78.5548,39.70995005,3287.01,3237.798,49.212,3.0,0.1221803114175888,0.006286085813435346,L,LLLLYVLLLILATLLFSLILI,12.216784850518469
LLLVALLTILLALLFSLLILI,LLLVALLTALLALLFSLLILI,Left,void,,,,,,,,,,,3741.85,4629.78,48.3035,60.9063,3715.19,4643.39,87.9579,115.659,-15.9385,1.1e+17,8,I,70.4233,46.37667365,3680.9437,3599.531,81.4127,3.0,0.2147546966830392,0.005613329756763831,L,LLLVALLTILLALLFSLLILI,21.47327907888564
LLLVALLTILLALLFSLLILI,LLLVALLTILAALLFSLLILI,Left,void,,,,,,,,,,,3655.95,4580.87,60.4583,107.252,3715.19,4643.39,118.256,224.803,-15.9385,1.1e+17,10,L,21.3194,83.41824076,3548.698,3490.387,58.311,3.0,0.2626231308421031,0.007035720213178667,L,LLLVALLTILLALLFSLLILI,26.25963421636572
LLLLTLLLYLLAVLFSLLILI,LLLLTLLLYLLAVLASLLILI,Left,void,,,,,,,,,,,3639.13,4655.86,48.0874,90.6138,3692.33,4772.2,146.596,238.057,-12.7449,1.1e+16,14,F,39.273,69.76367114,3548.5162,3454.273,94.2432,3.0,0.6774539138381143,0.0346264086371368,L,LLLLILLLYLLAVLTFLLILI,67.73848106521095
LLLLTLLLYLLAVLFSLLILI,LLLLTLLAYLLAVLFSLLILI,Left,void,,,,,,,,,,,3634.55,4711.72,57.2538,103.292,3692.33,4772.2,118.958,224.198,-12.7449,1.1e+16,7,L,26.3034,79.70344626,3531.258,3468.132,63.126,3.0,0.5418474551162985,0.01368592231793482,L,LLLLTLLLYLLAVLFSLLILI,54.17921843669349
LLLLYLLAVLTSLLFSLLILI,LLLLYLLAVLTSLLASLLILI,Left,void,,,,,,,,,,,3238.16,4109.67,56.7571,17.9949,3220.17,4189.68,141.639,130.777,-22.2275,1.1e+17,14,F,111.8919,13.85429466,3220.1651,3089.393,130.7721,3.0,0.3974033635145534,0.01219420295918271,L,LLLLALLYVLTFLLASLLILI,39.73628266780441
LLLLYLLAVLTSLLFSLLILI,LLLAYLLAVLTSLLFSLLILI,Left,void,,,,,,,,,,,3137.88,4100.56,64.2688,109.159,3220.17,4189.68,131.803,242.471,-22.2275,1.1e+17,3,L,60.5718,64.31301803,3028.721,2977.699,51.022,3.0,0.3238399944456567,0.002706620713037997,L,LLLALLLTVLTSLLFLLLILI,32.38069613862635
LLLFALLLLLVTLLYSLLILI,LLLAALLLLLVTLLYSLLILI,Left,void,,,,,,,,,,,3369.2,4122.9,54.8724,105.815,3449.49,4264.16,157.067,270.168,-17.4217,1.1e+17,3,F,63.9158,62.34283937,3263.385,3179.322,84.063,3.0,0.2017915718847725,0.005952891005310526,L,LLLTALLLLLVALLFSLLILI,20.177098828455804
LLLTALLFLLVALLLSLLILI,LLLTALLALLVALLLSLLILI,Left,void,,,,,,,,,,,3587.66,4545.89,49.7216,8.15618,3574.42,4637.73,142.789,97.4663,-9.62636,1.1e+17,7,F,121.43922,6.293572148,3579.50382,3476.9537,102.55012,3.0,0.3082485228547998,0.0060024897244263156,L,LLLFALLTILVALLLSLLILI,30.821708019194794
LLLTALLFLLVALLLSLLILI,LLLTALLFLLVALLASLLILI,Left,void,,,,,,,,,,,3616.12,4598.32,44.9514,15.3142,3574.42,4637.73,100.577,46.8185,-9.62636,1.1e+17,14,L,114.5726,11.79042058,3600.8058,3527.6015,73.2043,3.0,0.2900455565856807,0.008689120984173597,L,LLLTALLLLLVALLFSLLILI,29.00159707029555
LLLLVLLLTILLFLLSALILI,LLLLVLLLTILLALLSALILI,Left,void,,,,,,,,,,,3654.76,4534.79,51.6648,37.0835,3619.53,4679.81,153.585,121.207,-23.9979,1.1e+16,12,F,92.7385,28.56488114,3617.6765,3498.323,119.3535,3.0,0.5525528279575467,0.02852929239752791,L,LLLLVLLLTILLFLLSALILI,55.24964652145351
LLLLLLLLAVLTALLFILILI,LLLLALLLAVLTALLFILILI,Left,void,,,,,,,,,,,3614.55,4602.62,51.5336,90.9463,3655.28,4640.65,104.894,201.807,-32.3253,1.1e+16,4,L,47.5289,65.67695876,3523.6037,3453.473,70.1307,3.0,0.5629216429448348,0.04027230756857152,L,LLLLLLLLAVLTALLFILILI,56.28642225385106
LLLLLLLLAVLTALLFILILI,LLLLLLLLAVLTALLFALILI,Left,void,,,,,,,,,,,3641.6,4621.81,44.3448,85.6181,3655.28,4640.65,87.2739,168.826,-32.3253,1.1e+16,16,I,43.8447,66.13336032,3555.9819,3486.454,69.5279,3.0,0.2102030317496347,0.005912421953285419,L,LLLLLALLYVLTALLFSLILI,21.018159014467084
LLLYLLLTVLLALLFSLLILI,LLLYLLLTVLLALLASLLILI,Left,void,,,,,,,,,,,3484.09,4146.56,59.3246,38.522,3463.37,4304.42,162.007,85.5918,-9.49051,1.1e+17,14,F,91.3648,29.65813308,3445.568,3377.7782,67.7898,3.0,0.192276192606078,0.0016922652809947603,L,LLLYWLLTVLLALLFSLLILI,19.22565796150973
LLLYLLLTVLALLLFSLLILI,LLLYLLLTVLALLLASLLILI,Left,void,,,,,,,,,,,3517.83,4192.48,55.6598,40.929,3476.78,4317.66,150.653,99.9017,-9.84623,1.1e+17,14,F,88.9578,31.51128521,3476.901,3376.8783,100.0227,3.0,0.1760503998640359,0.00470447925248612,L,LLLYWLLTVLFLLLASLLILI,17.60324419730569
LLLYLLLTVLALLLFSLLILI,LLLALLLTVLALLLFSLLILI,Left,void,,,,,,,,,,,3287.88,4131.97,53.9746,102.3,3476.78,4317.66,174.282,345.182,-9.84623,1.1e+17,3,Y,67.4308,60.27191294,3185.58,3131.598,53.982,3.0,0.6220648641540819,0.004586282710779237,L,LLLALLLTVLTSLLFLLLILI,62.20014108871709
LLLLLALLLVLTFLLSILILI,LLLLLALLAVLTFLLSILILI,Left,void,,,,,,,,,,,3728.22,4579.08,63.5515,40.1692,3688.61,4672.55,132.344,85.4026,-8.97148,1.1e+16,8,L,91.1604,30.58655474,3688.0508,3603.2074,84.8434,3.0,0.3433757694411381,0.011590377121705554,L,LLLLLALLFVLTSLLAILILI,34.334074364944875
LLLLLALLLVLTFLLSILILI,LLLLAALLLVLTFLLSILILI,Left,void,,,,,,,,,,,3650.22,4633.32,47.6661,85.9601,3688.61,4672.55,101.474,193.51,-8.97148,1.1e+16,4,L,52.5151,62.0761696,3564.2599,3495.1,69.1599,3.0,0.1634655290400828,0.008959499880251846,L,LLLLALLLLFLTVLLSILILI,16.3448854859555
LLLLYFLLAVLTALLLSLILI,LLLLYALLAVLTALLLSLILI,Left,void,,,,,,,,,,,3419.45,4019.96,60.4932,47.5824,3397.27,4173.14,161.002,127.469,-12.1996,1.1e+16,5,F,82.7124,36.51903223,3371.8676,3269.801,102.0666,3.0,0.3813830438358384,0.022638118302986888,L,LLLLLALLYVLTALLFSLILI,38.13441411402027
LLLLYFLLAVLTALLLSLILI,LLLLAFLLAVLTALLLSLILI,Left,void,,,,,,,,,,,3264.11,4019.03,58.9567,60.9748,3397.27,4173.14,171.181,281.354,-12.1996,1.1e+16,4,Y,77.5004,44.03301097,3203.1352,3115.916,87.2192,3.0,0.4549974761809963,0.03758200018717256,L,LLLLYFLLAVLTALLLSLILI,45.49510644995727
LLLLYILTFLLAVLLSLLILI,LLLLAILTFLLAVLLSLLILI,Left,void,,,,,,,,,,,3332.83,4082.5,64.1418,41.2181,3312.31,4261.54,179.864,162.335,-14.4515,1.1e+16,4,Y,97.2571,29.7656909,3291.6119,3149.975,141.6369,3.0,0.291357692666803,0.006913504395663331,L,LLLLWILTYLLAVLLFLLILI,29.13279729406061
LLLLYILTFLLAVLLSLLILI,LLLLYILTALLAVLLSLLILI,Left,void,,,,,,,,,,,3344.93,4115.22,59.3142,14.8548,3312.31,4261.54,157.942,96.756,-14.4515,1.1e+16,8,F,116.4748,11.31108295,3330.0752,3215.554,114.5212,3.0,0.2543371355412477,0.01531084191858925,L,LLLLWILTYLLAVLLFLLILI,25.431119206963103
LLLLFWLLTILVALLLSLILI,LLLLAWLLTILVALLLSLILI,Left,void,,,,,,,,,,,3311.55,4103.09,55.9888,63.1748,3366.49,4184.56,141.909,222.341,-17.6336,1.1e+16,4,F,31.1602,77.49763134,3248.3752,3144.149,104.2262,3.0,0.8061224420308236,0.04530248111504764,L,LLLLYWLLTILVALLLSLILI,80.60402141066557
LLLLFLLTALLLVLISLLILI,LLLLFLLTALLAVLISLLILI,Left,void,,,,,,,,,,,3642.93,4503.59,49.8288,31.0978,3593.61,4543.43,106.561,67.5436,-10.9712,1.1e+16,11,L,99.17,23.87220787,3611.8322,3526.0664,85.7658,3.0,0.6181710334586136,0.03826803293432545,L,LLLLVLLTALLFLLISLLILI,61.81079773790261
LLLLFLLTALLLVLISLLILI,LLLLALLTALLLVLISLLILI,Left,void,,,,,,,,,,,3647.32,4495.9,55.7504,32.7765,3593.61,4543.43,129.199,59.9577,-10.9712,1.1e+16,4,F,105.6987,23.66958127,3614.5435,3533.6523,80.8912,3.0,0.3339675138132263,0.005755300173357685,L,LLLLALLTILLFVLASLLILI,33.393344770370184
LLLLYVLTALLILLLFLLILI,LLLLYVLTALLILLLALLILI,Left,void,,,,,,,,,,,3521.59,4179.83,55.687,45.5212,3450.79,4300.7,147.694,101.572,-8.79513,1.1e+16,15,F,84.1992,35.09178202,3476.0688,3349.218,126.8508,3.0,0.1768130816035837,0.0057228395851259,L,LLLLYVLTALLILLLFLLILI,17.679504591581725
LLLLYVLTALLILLLFLLILI,LLLLAVLTALLILLLFLLILI,Left,void,,,,,,,,,,,3370.33,4117.16,63.2417,67.9708,3450.79,4300.7,181.806,254.145,-8.79513,1.1e+16,4,Y,70.5044,49.08517915,3302.3592,3196.645,105.7142,3.0,0.7701931666291819,0.05752458495701188,L,LLLLAVLTALLLLLFSLLILI,77.01146036442083
LLLLAVLLLILTLLLSFLILI,LLLLAVLLLILTLLLSALILI,Left,void,,,,,,,,,,,3645.38,4617.72,46.3102,90.2833,3747.86,4723.43,140.852,276.99,-18.7353,1.1e+16,16,F,39.1795,69.7368665,3555.0967,3470.87,84.2267,3.0,0.1699142739592894,0.00867163555900466,L,LLLLAVLLFILALLLSTLILI,16.98969419793002
LLLLAVLLLILTLLLSFLILI,LLLLAVLLLALTLLLSFLILI,Left,void,,,,,,,,,,,3751.77,4725.99,40.3477,79.4882,3747.86,4723.43,74.0482,145.976,-18.7353,1.1e+16,9,I,50.1786,61.30189069,3672.2818,3601.884,70.3978,3.0,0.4786600343601582,0.03694723172426381,L,LLLLVALLLILTLLLSFLILI,47.86112089969684
LLLLFLLLLVLAILLSTLILI,LLLLALLLLVLAILLSTLILI,Left,void,,,,,,,,,,,3664.58,4617.75,55.196,22.5779,3603.92,4712.35,142.905,78.0163,-15.4509,1.1e+16,4,F,115.8973,16.30465239,3642.0021,3525.9037,116.0984,3.0,0.1972151598971145,0.005968190561202259,L,LLLLALLLYVLFLLLSTLILI,19.719504311042403
LLLLFLLLLVLAILLSTLILI,LLLLFALLLVLAILLSTLILI,Left,void,,,,,,,,,,,3573.15,4655.84,54.0893,68.7527,3603.92,4712.35,109.441,169.501,-15.4509,1.1e+16,5,L,61.5421,52.76703291,3504.3973,3434.419,69.9783,3.0,0.3199646364531474,0.02572920420544949,L,LLLLFLLLYVLALLLSTLILI,31.993199869678328
LLLYLLLTILVALLLSLLILI,LLLYLLLTILVALLASLLILI,Left,void,,,,,,,,,,,3437.66,4157.78,56.5091,26.076,3397.51,4220.53,115.254,63.7214,-13.8679,1.1e+17,14,L,103.8108,20.07594305,3411.584,3333.7886,77.7954,3.0,0.3475039390767628,0.009324155557298713,L,LLLFALLTILVALLLSLLILI,34.746849219417946
LLLYLLLTILVALLLSLLILI,LLLYLLLTALVALLLSLLILI,Left,void,,,,,,,,,,,3382.58,4185.71,51.5232,78.5363,3397.51,4220.53,99.673,160.248,-13.8679,1.1e+17,8,I,52.7933,59.80091312,3304.0437,3237.262,66.7817,3.0,0.3969822988425873,0.025537950469278828,L,LLLFALLTILVALLLSLLILI,39.69418049564688
LLLLYLLLAVLTSLLFSLILI,LLLLYLLLAVLTSLLASLILI,Left,void,,,,,,,,,,,3338.22,4079.17,62.4231,28.4922,3344.34,4191.09,152.192,144.565,-24.3779,1.1e+16,15,F,101.2282,21.9643171,3309.7278,3199.775,109.9528,3.0,0.1364418591999865,0.0021840379235125882,L,LLLLYFLLAVLTALLLSLILI,13.642794154893668
LLLLYLLLAVLTSLLFSLILI,LLLLALLLAVLTSLLFSLILI,Left,void,,,,,,,,,,,3193.75,4036.66,55.266,87.1788,3344.34,4191.09,167.413,311.18,-24.3779,1.1e+16,4,Y,51.2964,62.95625498,3106.5712,3033.16,73.4112,3.0,0.4580144911190023,0.006874817228212069,L,LLLLLLLLAVLTALLFILILI,45.796777168919874
LLLLLVLLAILLFLLSTLILI,LLLLLVLLAILAFLLSTLILI,Left,void,,,,,,,,,,,3795.99,4620.44,54.4845,33.0865,3736.93,4674.02,113.368,69.4516,-11.7071,1.1e+16,11,L,97.1813,25.39883225,3762.9035,3667.4784,95.4251,3.0,0.1752809862561244,0.006654887877877558,L,LLLLAVLLFILALLLSTLILI,17.526310684861205
LLLLYVLTALLILLFSLLILI,LLLLAVLTALLILLFSLLILI,Left,void,,,,,,,,,,,3468.34,4079.26,63.8789,58.0686,3540.3,4258.02,180.448,240.622,-5.7224,1.1e+16,4,Y,80.4066,41.93429582,3410.2714,3299.678,110.5934,3.0,0.4458769682255401,0.023435459216521307,L,LLLLALLTVLLALLFSLLILI,44.58314868747927
LLLLYVLTALLILLFSLLILI,LLLLYVLTALLILLASLLILI,Left,void,,,,,,,,,,,3429.73,4107.05,58.2896,116.29,3540.3,4258.02,159.348,299.435,-5.7224,1.1e+16,14,F,13.5968,89.5318077,3313.44,3240.865,72.575,3.0,0.3031169089193044,0.009248394905062908,L,LLLLYLLTALLFLLTSLLILI,30.30859897029409
LLLLYVLTFLLAILLSLLILI,LLLLAVLTFLLAILLSLLILI,Left,void,,,,,,,,,,,3342.52,4030.26,64.0586,49.494,3327.74,4156.19,171.601,158.969,-9.71426,1.1e+16,4,Y,88.9812,35.74214011,3293.026,3168.771,124.255,3.0,0.0537866734939808,0.0014852614688157487,L,LLLLAVLLFLLATLISLLILI,5.37811870240866
LLLLYVLTFLLAILLSLLILI,LLLLYVLTALLAILLSLLILI,Left,void,,,,,,,,,,,3351.49,4036.23,50.1369,11.1341,3327.74,4156.19,146.594,95.3825,-9.71426,1.1e+16,8,F,120.1955,8.477982115,3340.3559,3232.3575,107.9984,3.0,0.633100659273666,0.046617290882110814,L,LLLLLVLTLLLAILFSLLILI,63.303608030862655
LLLLFALLLILTLLLSVLILI,LLLLFALLLALTLLLSVLILI,Left,void,,,,,,,,,,,3680.8,4684.02,45.3837,88.3593,3687.7,4691.6,84.0969,164.985,-16.2365,1.1e+16,9,I,41.3075,68.14334895,3592.4407,3522.715,69.7257,3.0,0.2064391690472856,0.002667559916443389,L,LLLLFALLLILTLLLSVLILI,20.641811137235607
LLLLFALLLILTLLLSVLILI,LLLLFALLLILTALLSVLILI,Left,void,,,,,,,,,,,3650.01,4617.83,57.9087,96.9055,3687.7,4691.6,121.073,190.895,-16.2365,1.1e+16,12,L,32.9165,74.6448984,3553.1045,3496.805,56.2995,3.0,0.3759961979419058,0.012799196800734164,L,LLLLFALLLILTLLLSVLILI,37.5957844727506
LLLVALLLLLISLLFTLLILI,LLLVALLLLLASLLFTLLILI,Left,void,,,,,,,,,,,3603.43,4600.71,58.318,95.0238,3617.38,4633.67,102.799,175.615,-10.5996,1.1e+17,10,I,33.5476,73.90741642,3508.4062,3441.765,66.6412,3.0,0.1897863666186559,0.00464500416637563,L,LLLVALLLLLTALLFSLLILI,18.97670076005357
LLLVALLLLLISLLFTLLILI,LLLVALLLALISLLFTLLILI,Left,void,,,,,,,,,,,3611.48,4573.03,47.4329,61.2818,3617.38,4633.67,106.146,127.935,-10.5996,1.1e+17,8,L,70.0478,46.66259548,3550.1982,3489.445,60.7532,3.0,0.3031598726412368,0.003072398817535953,L,LLLVALLLFLLSLLYTLLILI,30.31289490423906
LLLYWLLTILLALLFSLLILI,LLLYALLTILLALLFSLLILI,Left,void,,,,,,,,,,,3639.55,4259.59,49.9867,44.3855,3654.35,4278.25,127.069,195.78,-16.5746,1.1e+17,4,W,94.0897,32.05303188,3595.1645,3458.57,136.5945,3.0,0.2133735029184704,0.003947797757565571,L,LLLVALLTILLALLFSLLILI,21.33517379119372
LLLYWLLTILLALLFSLLILI,LLLYWLLTILLALLASLLILI,Left,void,,,,,,,,,,,3725.58,4119.49,60.149,51.3881,3654.35,4278.25,162.986,55.4237,-16.5746,1.1e+17,14,F,78.4987,39.5637586,3674.1919,3598.9263,75.2656,3.0,0.2551934013043243,0.0014893258142931313,L,LLLVALLTILLALLFSLLILI,25.516737048995108
LLLLVALLLTLIALLFSLILI,LLLLVALLLTLIALLASLILI,Left,void,,,,,,,,,,,3266.98,3927.44,61.6346,35.7859,3262.53,4030.24,154.788,140.569,-8.15537,1.1e+16,15,F,93.9345,27.58694854,3231.1941,3121.961,109.2331,3.0,0.5848363552330988,0.024875102021717787,L,LLLLVALLLLLTALLFSLILI,58.47766994327374
LLLLVALLLTLIALLFSLILI,LLLLVALLATLIALLFSLILI,Left,void,,,,,,,,,,,3313.68,3991.48,54.5397,21.2933,3262.53,4030.24,110.423,53.1789,-8.15537,1.1e+16,8,L,110.0363,16.21363348,3292.3867,3209.3511,83.0356,3.0,2.395835178184723,0.3042457730497656,L,LLLLVALLLLLTALLFSLILI,239.55907927873204
LLLLYWLLTILAFLLSLLILI,LLLLYWLLTILAALLSLLILI,Left,void,,,,,,,,,,,3553.26,4080.66,46.2078,15.5718,3512.76,4166.89,132.876,75.6247,-19.6515,1.1e+16,12,F,114.2502,11.99473125,3537.6882,3437.1353,100.5529,3.0,0.2316918696002418,0.009885679119555787,L,LLLLFALLTILVALLSLLILI,23.16682360422481
LLLLALLYTLVALLFSLLILI,LLLAALLYTLVALLFSLLILI,Left,void,,,,,,,,,,,3570.98,4645.93,39.0753,74.0679,3604.07,4699.37,97.9903,180.514,-30.9719,1.1e+17,3,L,95.6629,43.63845572,3496.9121,3423.556,73.3561,3.0,1.163152001757509,0.05554739500839771,L,LLLTALLLLLVALLFSLLILI,116.30333552968604
LLLVSLLLFLIALLLTLLILI,LLLVSLLLALIALLLTLLILI,Left,void,,,,,,,,,,,3398.27,3999.2,51.1052,53.6821,3428.64,4088.75,139.558,202.802,-8.78259,1.1e+17,8,F,77.6475,40.87585738,3344.5879,3225.838,118.7499,3.0,0.8010548449728064,0.034726868833279315,L,LLLFSLLLLLVALLLTLLILI,80.09731339651327
LLLVSLLLFLIALLLTLLILI,LLLVSLLAFLIALLLTLLILI,Left,void,,,,,,,,,,,3509.85,4050.83,53.8748,19.1374,3428.64,4088.75,109.483,53.095,-8.78259,1.1e+17,7,L,110.458,14.76703648,3490.7126,3375.545,115.1676,3.0,0.0343736015455676,0.0012402605627136326,L,LLLVSLLLFLIALLLTLLILI,3.437009529173586
LLLLAILLAVLFTLLSLLILI,LLLLAILLAVLFTLLSALILI,Left,void,,,,,,,,,,,3585.66,4615.15,41.6228,83.1558,3603.97,4635.32,89.6375,177.414,-16.9599,1.1e+16,16,L,46.307,64.23142401,3502.5042,3426.556,75.9482,3.0,0.362601058933707,0.018923400432854814,L,LLLLAILLAVLFTLLSLLILI,36.25640720805658
LLLLAILLAVLFTLLSLLILI,LLLLAALLAVLFTLLSLLILI,Left,void,,,,,,,,,,,3580.14,4598.27,58.4016,106.983,3603.97,4635.32,104.041,188.471,-16.9599,1.1e+16,5,I,23.3118,82.10841876,3473.157,3415.499,57.658,3.0,0.1809536537761548,0.001976849469283618,L,LLLLWALLFVLATLLSLLILI,18.09351957323828
LLLVSLLILLTALLFLLLILI,LLLVSLLILLTALLALLLILI,Left,void,,,,,,,,,,,3396.97,4050.11,56.3385,17.0772,3357.43,4200.98,156.828,67.0771,-11.0634,1.1e+17,14,F,112.8096,13.14775635,3379.8928,3290.3529,89.5399,3.0,0.2302630915296197,0.006461424039872316,L,LLLVSLLILLTALLFLLLILI,23.02396037130775
LLLVSLLILLTALLFLLLILI,LLLVSLLILLTALLFALLILI,Left,void,,,,,,,,,,,3372.42,4140.31,56.4442,83.3671,3357.43,4200.98,113.754,144.656,-11.0634,1.1e+17,15,L,46.3533,64.26676143,3289.0529,3212.774,76.2789,3.0,0.4534962953757671,0.015030879177459521,L,LLLVALLLLLTALLFSLLILI,45.34500368211825
LLLLLALLYVLTALLFSLILI,LLLLLALLAVLTALLFSLILI,Left,void,,,,,,,,,,,3341.96,4065.26,64.2203,45.6335,3359.19,4204.26,170.397,192.571,-10.0435,1.1e+16,8,Y,85.6961,34.74730754,3296.3265,3166.619,129.7075,3.0,0.4485380286704536,0.0034484909904646094,L,LLLLLALLYVLTALLFSLILI,44.84922758802013
LLLLLALLYVLTALLFSLILI,LLLLLALLYALTALLFSLILI,Left,void,,,,,,,,,,,3392.2,4203.54,47.9179,35.4762,3359.19,4204.26,66.6501,56.9107,-10.0435,1.1e+16,9,V,94.1906,27.35950914,3356.7238,3302.2793,54.4445,3.0,0.8296670152513743,0.023066657533363816,L,LLLLLALLYVLTALLFSLILI,82.95823856804088
LLLLLLLLTVLTALLFILILI,LLLLLLLLTVLTALLFALILI,Left,void,,,,,,,,,,,3639.05,4647.28,43.6973,80.137,3647.37,4661.6,85.7599,160.766,-6.98164,1.1e+16,16,I,49.3258,61.89963449,3558.913,3486.604,72.309,3.0,0.7478405789440693,0.04153640842460833,L,LLLLLALLYVLTALLFSLILI,74.77642960182892
LLLLLLLLTVLTALLFILILI,LLLLALLLTVLTALLFILILI,Left,void,,,,,,,,,,,3613.93,4622.23,48.6517,81.0543,3647.37,4661.6,102.958,186.326,-6.98164,1.1e+16,4,L,57.4209,58.53344137,3532.8757,3461.044,71.8317,3.0,0.785976834814712,0.01089240620569871,L,LLLLLLLLAVLTALLFILILI,78.58966618283254
LLLLALLTVLLYILFSLLILI,LLLLALLTVLLYILASLLILI,Left,void,,,,,,,,,,,4041.25,4592.07,48.6484,44.7766,3991.42,4651.28,127.637,108.216,-5.81587,1.1e+16,14,F,85.1102,34.47355697,3996.4734,3883.204,113.2694,3.0,0.3659526187776103,0.01714463052592295,L,LLLLALLTILLFVLASLLILI,36.59152900510833
LLLLLALLFVLTSLLAILILI,LLLLLALLAVLTSLLAILILI,Left,void,,,,,,,,,,,3609.37,4548.8,54.0166,18.7986,3593.55,4686.3,154.009,82.1646,-32.851,1.1e+16,8,F,112.531,14.31406172,3590.5714,3511.3854,79.186,3.0,0.7244709640009925,0.04920666218756338,L,LLLLLALLFVLTSLLAILILI,72.43970648755203
LLLLLALLFVLTSLLAILILI,LLLLLALLFVLTSLLAALILI,Left,void,,,,,,,,,,,3603.87,4666.95,44.5462,82.9043,3593.55,4686.3,87.8316,149.733,-32.851,1.1e+16,16,I,46.5585,64.03715971,3520.9657,3443.817,77.1487,3.0,0.3587086343581471,0.008667561771223256,L,LLLLLALLFVLTSLLAILILI,35.86720445488992
LLLLLVLLLALITLLSFLILI,LLLLLVLLLALITLLSALILI,Left,void,,,,,,,,,,,3638.33,4627.89,40.7525,81.9794,3691.49,4679.23,118.908,230.647,-5.93778,1.1e+16,16,F,47.4834,63.32274599,3556.3506,3460.843,95.5076,3.0,0.2205861797138731,0.005225216361674005,L,LLLLLVLLLALITLLSFLILI,22.056367898357173
LLLLVALLLILTSLLFLLILI,LLLLVALLLILTSLLFALILI,Left,void,,,,,,,,,,,3712.49,4610.49,43.5633,85.5802,3717.95,4642.57,93.8173,171.898,-21.2384,1.1e+16,16,L,43.8826,66.1040855,3626.9098,3546.052,80.8578,3.0,0.4351006916771242,0.018959452858069,L,LLLLVALLLLLTALLFSLILI,43.505630955250496
LLLLVALLLLLTSLLFILILI,LLLLVALLALLTSLLFILILI,Left,void,,,,,,,,,,,3623.16,4608.47,55.921,23.5664,3591.39,4668.76,116.436,69.3141,-27.3171,1.1e+16,8,L,107.7632,17.94446949,3599.5936,3522.0759,77.5177,3.0,0.3198674876511703,0.0015923581194277924,L,LLLLVALLLLLTALLFSLILI,31.983485980439795
LLLATLLLLLVALLFSLLILI,LLLATLLALLVALLFSLLILI,Left,void,,,,,,,,,,,3604.8,4592.36,51.4878,10.8766,3592.76,4665.54,117.655,66.7527,-15.6841,1.1e+17,7,L,118.7188,8.392736162,3593.9234,3526.0073,67.9161,3.0,0.2649510532823483,0.009224883534829715,L,LLLTALLLLLVALLFSLLILI,26.492402714589364
LLLATLLLLLVALLFSLLILI,LLLATLLLALVALLFSLLILI,Left,void,,,,,,,,,,,3583.6,4624.05,45.9417,62.6437,3592.76,4665.54,98.506,128.228,-15.6841,1.1e+17,8,L,68.6859,47.69960466,3520.9563,3464.532,56.4243,3.0,0.3119995583566365,0.013422339915596207,L,LLLTALLLLLVALLFSLLILI,31.19677330721793
LLLLAVLLFILALLLSTLILI,LLLLAVLLAILALLLSTLILI,Left,void,,,,,,,,,,,3667.81,4511.21,51.3194,26.8617,3610.49,4598.31,139.455,84.8978,-12.483,1.1e+16,8,F,104.4679,20.45365249,3640.9483,3525.5922,115.3561,3.0,0.5373003570304293,0.025050749760052428,L,LLLLAVLLFILALLLSTLILI,53.72455501044468
LLLLAVLLFILALLLSTLILI,LLLLAVLLFILAALLSTLILI,Left,void,,,,,,,,,,,3607.89,4594.8,44.8937,80.6474,3610.49,4598.31,83.3926,145.89,-12.483,1.1e+16,12,L,49.1746,62.12152024,3527.2426,3464.6,62.6426,3.0,0.1193694065198669,0.0034871244419356186,L,LLLLAVLLFILALLLSTLILI,11.935723033174034
LLLLVSLLILLTALLFLLILI,LLLLVSLLILLTALLALLILI,Left,void,,,,,,,,,,,3307.87,4033.26,61.388,24.0667,3283.19,4094.13,140.738,112.516,-7.46926,1.1e+16,15,F,105.6537,18.55274884,3283.8033,3170.674,113.1293,3.0,0.2906313571235739,0.017444163290693503,L,LLLLVSLLILLTALLFLLILI,29.06017114866976
LLLLVSLLILLTALLFLLILI,LLLLVSLLIALTALLFLLILI,Left,void,,,,,,,,,,,3273.83,4033.39,46.9598,56.777,3283.19,4094.13,105.584,139.383,-7.46926,1.1e+16,9,L,72.8898,43.78684444,3217.053,3143.807,73.246,3.0,0.8926910252694189,0.04873927909435198,L,LLLLVSLLILLTALLFLLILI,89.25999669808712
LLLFALLLILTALLYVLLILI,LLLFALLLILTALLAVLLILI,Left,void,,,,,,,,,,,3671.59,4583.97,45.4872,17.2566,3646.12,4682.16,140.817,116.411,-8.29746,1.1e+17,14,Y,112.6302,13.28587662,3654.3334,3529.709,124.6244,3.0,0.1285088822468606,0.0037240081923403077,L,LLLVALLLILTFLLASLLILI,12.849577379326435
LLLFALLLILTALLYVLLILI,LLLAALLLILTALLYVLLILI,Left,void,,,,,,,,,,,3635.74,4607.98,53.1191,93.7211,3646.12,4682.16,138.781,213.578,-8.29746,1.1e+17,3,F,76.0097,55.21749735,3542.0189,3432.542,109.4769,3.0,0.4849809021771238,0.04541148195469815,L,LLLFALLLILTALLYVLLILI,48.493143205848206
LLLLALLLLFLTVLLSILILI,LLLLAALLLFLTVLLSILILI,Left,void,,,,,,,,,,,3645.11,4588.63,47.7271,94.224,3652.7,4593.9,89.8094,166.999,-17.0934,1.1e+16,5,L,36.0708,72.31600954,3550.886,3485.701,65.185,3.0,0.2758467842058549,0.007623426052512839,L,LLLLALLLLFLTVLLSILILI,27.58186466584168
LLLYSLLLLLTFLLAVLLILI,LLLYSLLLLLTALLAVLLILI,Left,void,,,,,,,,,,,3552.37,4163.71,57.4884,25.3678,3505.01,4304.61,154.527,98.8988,-6.11415,1.1e+17,11,F,104.9,19.47357674,3527.0022,3406.1112,120.891,3.0,0.2147349801608716,0.004374433929425337,L,LLLYSLLLLLTFLLAVLLILI,21.47130762778581
LLLYSLLLLLTFLLAVLLILI,LLLYSLLLALTFLLAVLLILI,Left,void,,,,,,,,,,,3524.91,4281.5,45.6266,45.0503,3505.01,4304.61,93.2759,117.481,-6.11415,1.1e+17,8,L,86.2793,34.303234,3479.8597,3387.529,92.3307,3.0,0.3473920755307291,0.032099458183249156,L,LLLYSLLLLLTFLLAVLLILI,34.73566400587042
LLLLTILLFLLALLVSLLILI,LLLLTILLALLALLVSLLILI,Left,void,,,,,,,,,,,3675.18,4568.79,46.8489,20.6911,3604.77,4657.62,134.186,69.2344,-19.5654,1.1e+16,8,F,110.6385,15.75509253,3654.4889,3535.5356,118.9533,3.0,0.2042562695705146,0.0043147000486573415,L,LLLLTILLFLLALLVSLLILI,20.42354345606336
LLLLTILLFLLALLVSLLILI,LLLLTILAFLLALLVSLLILI,Left,void,,,,,,,,,,,3584.75,4581.08,57.9383,51.3664,3604.77,4657.62,123.025,160.217,-19.5654,1.1e+16,7,L,78.229,39.63597473,3533.3836,3444.553,88.8306,3.0,0.2053243167635319,0.010808603589427621,L,LLLLTILLFLLALLVSLLILI,20.5303372808286
LLLLFLLLTALLVLLSILILI,LLLLFLLLTALAVLLSILILI,Left,void,,,,,,,,,,,3728.62,4672.24,49.1487,27.4375,3686.42,4686.98,95.346,55.0556,-5.34626,1.1e+16,11,L,102.8303,21.06238073,3701.1825,3631.3644,69.8181,3.0,0.0064524916659502,0.00012758865031974208,L,LLLLFLLLLALTVLLSILILI,0.6451833484304729
LLLLALLLYVLFLLLSTLILI,LLLLALLLAVLFLLLSTLILI,Left,void,,,,,,,,,,,3663.71,4716.0,51.9246,33.6761,3677.47,4863.91,161.694,165.688,-9.61096,1.1e+16,8,Y,97.6535,25.64242943,3630.0339,3511.782,118.2519,3.0,0.3796760211664881,0.0175966394234187,L,LLLLALLLYVLFLLLSTLILI,37.963729259443866
LLLLALLLYVLFLLLSTLILI,LLLLALLLYVLALLLSTLILI,Left,void,,,,,,,,,,,3636.92,4751.1,47.7464,85.2804,3677.47,4863.91,142.698,226.368,-9.61096,1.1e+16,11,F,44.9874,65.46544887,3551.6396,3451.102,100.5376,3.0,0.8126353443267076,0.027496625814069305,L,LLLLAVLLFILALLLSTLILI,81.25524520587526
LLLLILLTALLYVLFLLLILI,LLLLILLTALLYVLALLLILI,Left,void,,,,,,,,,,,3782.14,4742.67,43.7373,67.9184,3769.26,4812.98,126.524,170.247,-11.8498,1.1e+16,14,F,61.9684,52.290456,3714.2216,3599.013,115.2086,3.0,0.9026175212198858,0.043458482093514446,L,LLLLILLTALLYVLLFLLILI,90.2525450386452
LLLLYLLLTVLLALLFSLILI,LLLLALLLTVLLALLFSLILI,Left,void,,,,,,,,,,,3284.67,4144.06,48.7599,89.1394,3432.09,4284.46,157.807,311.293,-7.11973,1.1e+16,4,Y,49.3358,64.37210417,3195.5306,3120.797,74.7336,3.0,0.3328171867137334,0.01242667624179105,L,LLLLYLLLAVLTALLFSLILI,33.27832379424749
LLLLTVLLAILYLLLSFLILI,LLLLTVLLAILALLLSFLILI,Left,void,,,,,,,,,,,3710.58,4590.21,50.5187,12.8324,3685.15,4737.51,161.146,158.634,-19.5299,1.1e+16,11,Y,117.4354,9.850784307,3697.7476,3526.516,171.2316,3.0,0.0971433241614986,0.00186030275180011,L,LLLLAVLLFILALLLSTLILI,9.71334151284832
LLLLTVLLAILYLLLSFLILI,LLLLTVLLAILYLLLSALILI,Left,void,,,,,,,,,,,3584.05,4635.99,44.0236,88.5929,3685.15,4737.51,136.775,273.264,-19.5299,1.1e+16,16,F,40.8699,68.43116324,3495.4571,3411.886,83.5711,3.0,0.3650728309362808,0.002575017228514411,L,LLLLTVLLAILFLLLSLLILI,36.503559195186256
LLLLFVLLAILYLLLSTLILI,LLLLFVLLAILALLLSTLILI,Left,void,,,,,,,,,,,3673.08,4587.04,52.2848,27.9033,3606.39,4642.91,139.241,132.469,-26.8807,1.1e+16,11,Y,102.3645,21.41995182,3645.1767,3473.921,171.2557,3.0,0.3346588258790506,0.010543646787341134,L,LLLLAVLLFILALLLSTLILI,33.46246892527496
LLLLFVLLAILYLLLSTLILI,LLLLAVLLAILYLLLSTLILI,Left,void,,,,,,,,,,,3661.89,4599.06,53.6055,43.7284,3606.39,4642.91,122.683,93.2303,-26.8807,1.1e+16,4,F,94.7468,31.57850648,3618.1616,3513.1597,105.0019,3.0,0.1443642862976858,0.009019160101152888,L,LLLLAVLLFILALLLSTLILI,14.434956052531264
LLLFALLTILVALLLSLLILI,LLLAALLTILVALLLSLLILI,Left,void,,,,,,,,,,,3237.41,3950.64,59.6874,108.966,3274.35,4096.73,163.767,249.687,-6.23415,1.1e+17,3,F,60.7648,64.19930855,3128.444,3024.663,103.781,3.0,0.3015170112367542,0.011174865873026643,L,LLLVALLTILLALLFSLLILI,30.148625521677182
LLLFALLTILVALLLSLLILI,LLLFALLTILVALLASLLILI,Left,void,,,,,,,,,,,3305.45,4057.21,56.5887,31.355,3274.35,4096.73,111.997,85.4763,-6.23415,1.1e+17,14,L,98.5318,24.14025136,3274.095,3188.8737,85.2213,3.0,0.2770972638953042,0.00476570498382977,L,LLLVALLTILLALLFSLLILI,27.706899879360915
LLLLVALLLTLISLLFLLILI,LLLLVALLLTLISLLALLILI,Left,void,,,,,,,,,,,3695.38,4584.92,42.5072,19.8027,3630.2,4665.21,130.017,75.3678,-9.83795,1.1e+16,15,F,109.9177,15.26567911,3675.5773,3554.8322,120.7451,3.0,0.3302641009005674,0.020540621132616423,L,LLLLVALLLLLTSLLFLLILI,33.02304125549412
LLLLVALLLTLISLLFLLILI,LLLLVALLLTLISLLFALILI,Left,void,,,,,,,,,,,3613.48,4613.75,43.938,47.797,3630.2,4665.21,103.052,151.509,-9.83795,1.1e+16,16,L,81.6658,36.91948575,3565.683,3478.691,86.992,3.0,0.5819133010588712,0.028638117791376736,L,LLLLVALLLLLTSLLFLLILI,58.18539434224913
LLLFALLLLLVSLLLTLLILI,LLLAALLLLLVSLLLTLLILI,Left,void,,,,,,,,,,,3283.08,4040.89,52.6084,96.88,3305.81,4120.97,140.295,223.977,-16.8039,1.1e+17,3,F,72.8508,57.07862097,3186.2,3081.833,104.367,3.0,0.3459886593668711,0.0005746282048705668,L,LLLFSLLLLLVALLLTLLILI,34.59533670492752
LLLFALLLLLVSLLLTLLILI,LLLFALLLLLVSLLATLLILI,Left,void,,,,,,,,,,,3357.44,4082.7,56.3031,28.9342,3305.81,4120.97,111.214,60.0355,-16.8039,1.1e+17,14,L,100.9526,22.27647459,3328.5058,3245.7745,82.7313,3.0,0.123002011171203,0.0035739097222049487,L,LLLFSLLLLLVALLLTLLILI,12.298946444192252
LLLFALLLLLTSLLYSLLILI,LLLAALLLLLTSLLYSLLILI,Left,void,,,,,,,,,,,3234.46,4132.94,54.5979,94.3428,3258.01,4217.2,142.35,221.088,-23.7467,1.1e+17,3,F,75.388,55.58378326,3140.1172,3036.922,103.1952,3.0,0.5047753581138505,0.03814698663598444,L,LLLVALLLLLTFLLASLLILI,50.47238688763542
LLLLYVLLFLLATLLILLILI,LLLLYVLLALLATLLILLILI,Left,void,,,,,,,,,,,3385.3,4137.16,55.4201,23.2592,3330.65,4244.33,147.869,102.43,-14.5024,1.1e+16,8,F,108.0704,17.71055421,3362.0408,3228.22,133.8208,3.0,0.4109358041377254,0.05477657004201518,L,LLLLYVLLLLLATLFSLLILI,41.08938869346075
LLLLYFLLTILVALLLSLILI,LLLLAFLLTILVALLLSLILI,Left,void,,,,,,,,,,,3318.23,4062.22,54.0484,70.9557,3463.3,4219.41,167.81,294.547,-5.06039,1.1e+16,4,Y,67.5195,51.24072758,3247.2743,3168.753,78.5213,3.0,0.5924671985672594,0.013842033766689299,L,LLLLYWLLTILVALLLSLILI,59.24067643883609
LLLLTLLVALLLFLISLLILI,LLLLTLLVALLLALISLLILI,Left,void,,,,,,,,,,,3562.22,4595.37,47.0255,56.5692,3600.75,4677.03,133.222,210.302,-10.2022,1.1e+16,12,F,73.2528,43.57443268,3505.6508,3390.448,115.2028,3.0,0.3316574548359614,0.009883313746237812,L,LLLLYLLVALLLFLTSLLILI,33.16236243622963
LLLLTLLVALLLFLISLLILI,LLLLTLLVALLAFLISLLILI,Left,void,,,,,,,,,,,3652.39,4637.66,49.3312,16.4658,3600.75,4677.03,105.462,51.5176,-10.2022,1.1e+16,11,L,113.802,12.63996168,3635.9242,3549.2324,86.6918,3.0,0.3449081011862249,0.013723908081408236,L,LLLLYLLVALLLFLTSLLILI,34.48729190901679
LLLFALLLVLITLLYSLLILI,LLLFALLLVLITLLASLLILI,Left,void,,,,,,,,,,,3436.7,4033.5,54.7857,42.9966,3374.2,4145.18,157.854,109.452,-17.2718,1.1e+17,14,Y,86.8902,33.10313288,3393.7034,3264.748,128.9554,3.0,0.2426498864084373,0.005740459793650644,L,LLLYALLLVLITLLFSLLILI,24.26251350860344
LLLFALLLVLITLLYSLLILI,LLLAALLLVLITLLYSLLILI,Left,void,,,,,,,,,,,3329.23,4058.8,53.0266,100.454,3374.2,4145.18,142.797,248.693,-17.2718,1.1e+17,3,F,69.2768,59.18430833,3228.776,3125.507,103.269,3.0,0.2041257603566214,0.010435715264910585,L,LLLYALLLVLITLLFSLLILI,20.410493865923627
LLLLYVLIALLLTLFLLLILI,LLLLAVLIALLLTLFLLLILI,Left,void,,,,,,,,,,,3451.3,4108.08,57.1343,44.4787,3426.96,4264.43,172.054,173.966,-18.8045,1.1e+16,4,Y,93.9965,32.12033635,3406.8213,3252.994,153.8273,3.0,0.4868595556409252,0.023259311100805195,L,LLLLAVLTALLLLLFSLLILI,48.68098938916248
LLLLYVLIALLLTLFLLLILI,LLLLYVLIALLLTLALLLILI,Left,void,,,,,,,,,,,3336.05,4169.83,53.6789,80.9448,3426.96,4264.43,139.251,253.447,-18.8045,1.1e+16,14,F,48.942,62.31949667,3255.1052,3173.513,81.5922,3.0,0.4390756284590348,0.028529495042271587,L,LLLLYYLIVLLLTLFLLLILI,43.90308408739256
LLLFALLTVLLSLLYLLLILI,LLLFALLTVLLSLLALLLILI,Left,void,,,,,,,,,,,3469.35,4090.99,55.4136,26.349,3461.91,4233.92,164.672,180.624,-7.76537,1.1e+17,14,Y,103.5378,20.28612607,3443.001,3281.286,161.715,3.0,0.188554121337204,0.005496751460937956,L,LLLFALLTILLSLLYVLLILI,18.85348880133534
LLLFALLTVLLSLLYLLLILI,LLLAALLTVLLSLLYLLLILI,Left,void,,,,,,,,,,,3360.72,4097.34,59.0379,114.386,3461.91,4233.92,162.124,296.444,-7.76537,1.1e+17,3,F,55.3448,67.39260052,3246.334,3165.466,80.868,3.0,0.0921384706682571,0.003143013043817008,L,LLLALLLTVLTSLLFLLLILI,9.212907215162492
LLLYLLLATLVALLFSLLILI,LLLYLLLATLVALLASLLILI,Left,void,,,,,,,,,,,3767.6,4674.78,44.3017,18.1093,3732.35,4696.02,105.677,45.7547,-7.00928,1.1e+17,14,F,111.7775,13.94237136,3749.4907,3686.5953,62.8954,3.0,0.7050368680767612,0.060459171224214237,L,LLLYTLLAILVALLLSLLILI,70.49649513118865
LLLLFVLLALLTILLSLLILI,LLLLAVLLALLTILLSLLILI,Left,void,,,,,,,,,,,3840.5,4537.85,54.5756,82.3398,3766.29,4681.71,153.319,124.506,-9.53815,1.1e+16,4,F,56.1354,59.46176644,3758.1602,3641.784,116.3762,3.0,0.3343558622788996,0.010183830075329919,L,LLLLAVLLALLLILLSTLILI,33.43217565561768
LLLLFVLLALLTILLSLLILI,LLLLFVLLALLTALLSLLILI,Left,void,,,,,,,,,,,3808.04,4665.03,46.9608,58.6421,3766.29,4681.71,87.1966,100.835,-9.53815,1.1e+16,12,I,71.1799,45.17115743,3749.3979,3665.455,83.9429,3.0,0.1158106368829553,0.007000601837863987,L,LLLLFVLLALLTILYSLLILI,11.579882370449647
LLLVALLLLLTFLLASLLILI,LLLVALLLALTFLLASLLILI,Left,void,,,,,,,,,,,3261.07,4081.53,44.4285,57.2692,3276.12,4146.77,106.374,141.026,-9.22698,1.1e+17,8,L,74.0604,43.60722944,3203.8008,3135.094,68.7068,3.0,0.1398634596714851,0.0021449821416893392,L,LLLVALLLILTFLLASLLILI,13.984919300260696
LLLLLALLFVLTWLLSLLILI,LLLLLALLFVLTALLSLLILI,Left,void,,,,,,,,,,,3636.01,4703.27,38.8016,2.33811,3629.29,4705.79,101.455,106.217,-20.1076,1.1e+16,12,W,127.48389,1.801012155,3633.67189,3523.073,110.59889,3.0,0.401056084347009,0.00920454385657684,L,LLLLLALLFVLTSLLAILILI,40.10151749174097
LLLLLALLFVLTWLLSLLILI,LLLLLALLFVLTWLLSALILI,Left,void,,,,,,,,,,,3642.74,4680.18,39.0215,68.8775,3629.29,4705.79,88.087,120.992,-20.1076,1.1e+16,16,L,60.5853,53.20254158,3573.8625,3508.298,65.5645,3.0,0.4327129212930451,0.008231928213077291,L,LLLLLALLFVLTSLLAILILI,43.26687827311799
LLLLYLLVALLLFLTSLLILI,LLLLYLLVALLLALTSLLILI,Left,void,,,,,,,,,,,3295.7,4189.05,46.9581,52.4952,3309.1,4273.02,133.383,175.738,-23.9714,1.1e+16,12,F,77.3268,40.43628969,3243.2048,3133.362,109.8428,3.0,0.4903614201462819,0.02772789176709706,L,LLLLYLLVALLTILFSLLILI,49.03114011918796
LLLLYALVFLLTSLLFLLILI,LLLLYALVFLLTSLLALLILI,Left,void,,,,,,,,,,,3387.62,4197.86,58.1423,19.2757,3357.04,4294.49,149.586,104.858,-19.8812,1.1e+16,15,F,110.4447,14.85942072,3368.3443,3252.182,116.1623,3.0,0.2700022591183874,0.004827853869448468,L,LLLLAALVFLLTSLILLLILI,26.997471773741307
LLLLYALVFLLTSLLFLLILI,LLLLYALVFLLTSLAFLLILI,Left,void,,,,,,,,,,,3303.84,4236.7,53.7589,109.01,3357.04,4294.49,113.695,226.585,-19.8812,1.1e+16,14,L,20.8768,83.92692714,3194.83,3130.455,64.375,3.0,0.1180968103671864,0.0022457074057895586,L,LLLLAALVFLLTSLILLLILI,11.808476398929017
LLLLLLLLAVLYTLLSFLILI,LLLLLLLLAVLATLLSFLILI,Left,void,,,,,,,,,,,3747.93,4694.67,52.6136,37.4985,3725.71,4750.56,139.935,159.628,-14.8098,1.1e+16,11,Y,92.7693,28.78570146,3710.4315,3566.082,144.3495,3.0,0.0045646192311852,0.0001854866943133946,L,LLLLLLLLFVLATLLSILILI,0.4564153620572768
LLLLLLLLAVLYTLLSFLILI,LLLLALLLAVLYTLLSFLILI,Left,void,,,,,,,,,,,3758.18,4696.47,53.6618,20.2175,3725.71,4750.56,110.304,75.9135,-14.8098,1.1e+16,4,L,118.2577,14.60008724,3737.9625,3649.7965,88.166,3.0,0.2282777837657733,0.01055962563105734,L,LLLLFLLLAVLYLLLSTLILI,22.825449845908288
LLLLYYLVILLFALLTLLILI,LLLLAYLVILLFALLTLLILI,Left,void,,,,,,,,,,,3562.35,4237.18,44.1925,33.3303,3476.11,4406.64,161.168,96.9137,-27.1164,1.1e+16,4,Y,105.1449,24.06950848,3529.0197,3379.1963,149.8234,3.0,0.1195554207101529,0.0037263721525938255,L,LLLLAYLVILLFTLLSLLILI,11.954322554778624
LLLLYYLVILLFALLTLLILI,LLLLYALVILLFALLTLLILI,Left,void,,,,,,,,,,,3442.17,4282.69,43.068,63.0283,3476.11,4406.64,150.107,219.33,-27.1164,1.1e+16,5,Y,67.2665,48.37361123,3379.1417,3256.78,122.3617,3.0,0.1727961052098797,0.008314636470639396,L,LLLLYYLVILLFALLTLLILI,17.27784792708227
LLLLIVLTALLYFLLLLLILI,LLLLIVLTALLAFLLLLLILI,Left,void,,,,,,,,,,,3503.52,4103.46,45.3032,19.4861,3436.73,4214.21,148.43,113.808,-13.0878,1.1e+16,11,Y,110.7817,14.9584932,3484.0339,3322.922,161.1119,3.0,0.1515045771523013,0.007890528619955334,L,LLLLIVLTALLYFLLLLLILI,15.148912303983456
LLLLYLLTALLFLLTSLLILI,LLLLALLTALLFLLTSLLILI,Left,void,,,,,,,,,,,3207.72,4108.41,59.8676,7.52586,3217.07,4287.53,176.27,173.834,-34.5702,1.1e+16,4,Y,130.94934,5.434807099,3200.19414,3043.236,156.95814,3.0,0.5807759311966798,0.050159383005710205,L,LLLLALLTILLFVLASLLILI,58.07166895768724
LLLLYLLTALLFLLTSLLILI,LLLLYLLTALLALLTSLLILI,Left,void,,,,,,,,,,,3248.77,4197.49,52.6571,14.5468,3217.07,4287.53,140.955,104.292,-34.5702,1.1e+16,11,F,115.721,11.16684246,3234.2232,3112.778,121.4452,3.0,0.4539358941389975,0.013359077016544992,L,LLLLALLTVLLALLFSLLILI,45.38895907434658
LLLYTLLIALLVLLLFSLILI,LLLYTLLIALLVLLLASLILI,Right,void,,,,,,,,,,,3522.59,4173.13,60.1398,73.8945,3515.33,4326.67,161.168,176.436,-6.50733,1.1e+17,15,F,55.8259,56.96444044,3448.6955,3338.894,109.8015,4.0,0.313427745368569,0.02381630633415694,R,LLLYTLLIALLVLLLFSLILI,29.303221269870505
LLLYTLLIALLVLLLFSLILI,LLLYTLLAALLVLLLFSLILI,Right,void,,,,,,,,,,,3533.05,4278.21,58.0545,71.2624,3515.33,4326.67,109.585,134.432,-6.50733,1.1e+17,7,I,58.333,54.9883715,3461.7876,3380.898,80.8896,4.0,0.2467502833435837,0.017850124249966487,R,LLLYTLLIALLVLLLFSLILI,23.069362103593043
LLLLVLLIALLFTLLSYLILI,LLLLVLLIALLATLLSYLILI,Right,void,,,,,,,,,,,3879.55,4670.56,50.705,44.1739,3867.56,4807.19,151.574,133.509,-14.0793,1.1e+17,11,F,86.0939,33.91006834,3835.3761,3734.051,101.3251,4.0,0.4750291228217757,0.035002014239529027,R,LLLLYLLIVLLATLLSFLILI,44.41177815738738
LLLYVLLTILLALLLSFLILI,LLLYVLLTALLALLLSFLILI,Right,void,,,,,,,,,,,3730.24,4253.76,45.5194,34.1967,3709.45,4257.5,79.7557,74.0854,-7.67668,1.1e+17,8,I,97.1329,26.03883664,3696.0433,3635.3646,60.6787,4.0,0.2987481621717218,0.024650898731435174,R,LLLYALLTVLLALLLSFLILI,27.930786694683647
LLLYVLLTILLALLLSFLILI,LLLYVLLTILLAALLSFLILI,Right,void,,,,,,,,,,,3707.28,4216.13,54.7226,74.3489,3709.45,4257.5,107.75,132.918,-7.67668,1.1e+17,12,L,55.4731,57.26987722,3632.9311,3576.532,56.3991,4.0,0.2059398757593394,0.015321129607566604,R,LLLYALLTVLLALLLSFLILI,19.253884944261014
LLLFALLTILLAYLLSLLILI,LLLFALLTILLAALLSLLILI,Right,void,,,,,,,,,,,3803.64,4640.18,44.8278,61.8875,3734.74,4760.27,145.036,132.317,-12.8002,1.1e+17,12,Y,67.9345,47.67104189,3741.7525,3602.423,139.3295,4.0,0.4533151092801746,0.04728331244219925,R,LLLFALLTILLAYLLSLLILI,42.381675357399885
LLLFALLTILLAYLLSLLILI,LLLAALLTILLAYLLSLLILI,Right,void,,,,,,,,,,,3726.09,4625.4,58.3568,95.3401,3734.74,4760.27,159.596,218.435,-12.8002,1.1e+17,3,F,74.3907,56.17136077,3630.7499,3516.305,114.4449,4.0,0.4892894854951694,0.032905575970829326,R,LLLAYLLTVLLAFLLSLLILI,45.74501865374378
LLLYALLVALLITLLFLLILI,LLLYALLVALLITLLALLILI,Right,void,,,,,,,,,,,3505.23,4139.76,60.9467,68.8703,3537.32,4305.82,165.079,189.633,-5.40899,1.1e+17,15,F,60.8501,53.09134107,3436.3597,3347.687,88.6727,4.0,0.3776672264461695,0.02876839299834586,R,LLLYALLVALLFTLLSLLILI,35.30914689737036
LLLYALLVALLITLLFLLILI,LLLYALLVALLATLLFLLILI,Right,void,,,,,,,,,,,3590.37,4266.34,57.4372,69.7254,3537.32,4305.82,105.369,96.8676,-5.40899,1.1e+17,11,I,60.5424,53.52466227,3520.6446,3440.4524,80.1922,4.0,0.4121328294095497,0.03544891072319508,R,LLLYYLLVFLLATLLSLLILI,38.53143083604274
LLLVYLLTALLISLLFLLILI,LLLVALLTALLISLLFLLILI,Right,void,,,,,,,,,,,3301.7,4118.54,60.8168,72.4573,3273.36,4291.19,176.231,160.567,-19.3756,1.1e+17,4,Y,66.0179,52.32510948,3229.2427,3112.793,116.4497,4.0,1.024376150358415,0.12969695468857032,R,LLLVALLIALLLSLLFTLILI,95.7717414654286
LLLYALLVALLTALLSLLILI,LLLYALLAALLTALLSLLILI,Right,void,,,,,,,,,,,3464.56,4083.26,54.4881,103.0,3433.79,4108.23,87.1389,130.07,-7.73994,1.1e+17,7,V,26.5954,79.47812962,3361.56,3303.72,57.84,4.0,0.2534709361184131,0.026883004885343165,R,LLLTALLVALLFALLSLLILI,23.697694401064705
LLLYALLVALLTALLSLLILI,LLLYALLVALLTALLSALILI,Right,void,,,,,,,,,,,3430.02,4041.83,58.1303,66.8132,3433.79,4108.23,118.674,122.742,-7.73994,1.1e+17,16,L,62.6496,51.60802949,3363.2068,3311.048,52.1588,4.0,0.3420486863843689,0.027693368270667623,R,LLLTALLVALLFALLSLLILI,31.979071700889826
LLLTILLAVLLALLLFLLILI,LLLTILLAVLLALLLALLILI,Right,void,,,,,,,,,,,3964.04,4579.24,42.6016,48.1469,3855.48,4641.3,121.107,48.638,-6.74374,1.1e+17,15,F,81.5735,37.11590467,3915.8931,3806.842,109.0511,4.0,0.4847715280177012,0.04378185564970382,R,LLLTYLLAVLLAILLFLLILI,45.32262239302208
LLLTILLAVLLALLLFLLILI,LLLTALLAVLLALLLFLLILI,Right,void,,,,,,,,,,,3883.25,4603.53,58.2171,60.5525,3855.48,4641.3,104.354,111.992,-6.74374,1.1e+17,4,I,77.9227,43.72804661,3822.6975,3743.488,79.2095,4.0,0.6472821797038731,0.0543682725926115,R,LLLTYLLAVLLAILLFLLILI,60.51618982742669
LLLSYLLVALLITLLFLLILI,LLLSALLVALLITLLFLLILI,Right,void,,,,,,,,,,,3355.69,4071.81,51.9613,55.832,3310.17,4149.87,144.915,117.509,-5.44671,1.1e+17,4,Y,82.6432,40.31913296,3299.858,3192.661,107.197,4.0,0.4924434919396834,0.05019493783486973,R,LLLYALLVALLFTLLSLLILI,46.0398953840138
LLLSYLLVALLITLLFLLILI,LLLSYLLVALLITLLALLILI,Right,void,,,,,,,,,,,3280.16,4030.15,56.1693,58.511,3310.17,4149.87,152.388,187.36,-5.44671,1.1e+17,15,F,71.2094,45.105473,3221.649,3122.81,98.839,4.0,0.5114615399935388,0.03766653215402162,R,LLLSYLLVFLLATLLSLLILI,47.81794496155782
LLLTALLIALLLVLLSWLILI,LLLTALLIALLLVLLSALILI,Right,void,,,,,,,,,,,3903.79,4558.99,40.8655,54.4753,3905.79,4700.75,165.454,195.76,-5.55503,1.1e+17,16,W,53.7962,58.44659624,3849.3147,3710.03,139.2847,4.0,0.3881576205273224,0.031319016078825784,R,LLLTALLIALLSVLLFLLILI,36.28992266949187
LLLTALLIALLLVLLSWLILI,LLLTALLIALLAVLLSWLILI,Right,void,,,,,,,,,,,3948.1,4660.91,50.8173,60.294,3905.79,4700.75,106.463,108.047,-5.55503,1.1e+17,11,L,69.9738,46.28465361,3887.806,3797.743,90.063,4.0,0.3425052393307606,0.027980326064658723,R,LLLTALLFALLAYLLSLLILI,32.02175609053693
LLLYILLLALLTVLLSFLILI,LLLYILLLALLTVLLSALILI,Right,void,,,,,,,,,,,4032.64,4689.53,42.02,65.9516,4022.07,4791.1,134.934,167.862,-7.80804,1.1e+17,16,F,63.5112,50.94251013,3966.6884,3854.208,112.4804,4.0,0.2184094799420542,0.016772470727606424,R,LLLYALLLALLTVLLSILILI,20.41970250800002
LLLYILLLALLTVLLSFLILI,LLLYILLAALLTVLLSFLILI,Right,void,,,,,,,,,,,4015.54,4744.54,53.122,79.4633,4022.07,4791.1,109.946,168.993,-7.80804,1.1e+17,7,L,50.1321,61.31645105,3936.0767,3853.077,82.9997,4.0,0.0635929166108962,0.006452131611202091,R,LLLYALLLALLTVLLSILILI,5.9454765386331605
LLLTALLIALLFLLLSVLILI,LLLTALLIALLALLLSVLILI,Right,void,,,,,,,,,,,3256.09,3956.71,47.9136,22.0069,3263.63,4086.49,147.062,138.631,-5.65405,1.1e+17,11,F,108.2609,16.89358383,3234.0831,3124.999,109.0841,4.0,0.5621224682404833,0.04629518993515289,R,LLLTALLFALLAYLLSLLILI,52.5543743686339
LLLTALLIALLFLLLSVLILI,LLLTALLAALLFLLLSVLILI,Right,void,,,,,,,,,,,3291.92,4044.07,56.8901,69.1194,3263.63,4086.49,106.883,119.789,-5.65405,1.1e+17,7,I,60.476,53.33476343,3222.8006,3143.841,78.9596,4.0,0.3165568065418183,0.024777447512440393,R,LLLTALLVALLFALLSLLILI,29.595765798175943
LLLSYLLVLLLALLLTFLILI,LLLSALLVLLLALLLTFLILI,Right,void,,,,,,,,,,,3566.18,4130.06,44.8795,54.4549,3522.73,4265.42,154.783,161.414,-5.8953,1.1e+17,4,Y,84.0203,39.32465886,3511.7251,3361.316,150.4091,4.0,0.505421649724458,0.053417420268398345,R,LLLSYLLVLLLALLLTFLILI,47.253259021605416
LLLSYLLVLLLALLLTFLILI,LLLSYLLVLLLAALLTFLILI,Right,void,,,,,,,,,,,3519.48,4203.22,57.3165,98.7891,3522.73,4265.42,117.165,169.884,-5.8953,1.1e+17,12,L,31.0329,76.09580811,3420.6909,3352.846,67.8449,4.0,0.2685697619643709,0.022344582559334043,R,LLLAYLLVLLLATLLSFLILI,25.109325123670512
LLLYALLFALLLSLLVTLILI,LLLYALLAALLLSLLVTLILI,Right,void,,,,,,,,,,,3889.07,4586.52,47.987,74.1975,3887.2,4673.43,137.525,176.078,-9.42866,1.1e+17,7,F,55.3979,57.25318954,3814.8725,3711.122,103.7505,4.0,0.5712844742167851,0.06625823021303065,R,LLLVALLIALLLSLLFTLILI,53.41095548618539
LLLYALLFALLLSLLVTLILI,LLLYALLFALLASLLVTLILI,Right,void,,,,,,,,,,,3932.64,4684.54,49.8328,40.8038,3887.2,4673.43,85.7266,60.9006,-9.42866,1.1e+17,11,L,89.464,31.32301305,3891.8362,3826.2994,65.5368,4.0,0.2965854878509075,0.02623041888396731,R,LLLYALLLALLVSLLFTLILI,27.728592329015843
LLLTALLIALLSVLLFLLILI,LLLTALLIALLSVLLALLILI,Right,void,,,,,,,,,,,3814.56,4523.71,42.6543,20.2532,3776.83,4599.48,127.549,79.7938,-9.7687,1.1e+17,15,F,109.4672,15.6129645,3794.3068,3697.0362,97.2706,4.0,0.6951130429285813,0.05468345577507426,R,LLLTALLIALLSVLLFLLILI,64.98802867805031
LLLTALLIALLSVLLFLLILI,LLLTALLAALLSVLLFLLILI,Right,void,,,,,,,,,,,3812.43,4563.4,52.0303,52.2694,3776.83,4599.48,101.487,91.5279,-9.7687,1.1e+17,7,I,77.326,40.33275872,3760.1606,3685.3021,74.8585,4.0,0.4445107006005042,0.02267112561898193,R,LLLTALLIALLSVLLFLLILI,41.55852699385164
LLLYSLLVALLFTLLILLILI,LLLYSLLVALLATLLILLILI,Right,void,,,,,,,,,,,3469.06,4151.74,45.1637,41.5186,3466.47,4268.87,143.6,136.669,-9.98335,1.1e+17,11,F,88.7492,31.87172885,3427.5414,3329.801,97.7404,4.0,0.2502635491918169,0.015029521327424038,R,LLLYYLLVFLLATLLSLLILI,23.397826982825723
LLLYSLLVALLFTLLILLILI,LLLYSLLVALLFTLLIALILI,Right,void,,,,,,,,,,,3459.59,4228.9,55.6407,102.425,3466.47,4268.87,107.467,176.962,-9.98335,1.1e+17,16,L,27.0378,79.11539068,3357.165,3289.508,67.657,4.0,0.2927951864247048,0.03621958364690686,R,LLLYALLVALLFTLLSLLILI,27.37422663225561
LLLLYLLVALLISLLFTLILI,LLLLALLVALLISLLFTLILI,Right,void,,,,,,,,,,,3432.64,4150.53,52.651,89.7999,3462.48,4323.83,170.918,210.198,-14.2936,1.1e+17,4,Y,48.6753,64.84908489,3342.8401,3252.282,90.5581,4.0,0.5178516266318876,0.02160063662366258,R,LLLLALLVALLFALLSTLILI,48.41537172247518
LLLLVLLISLLFALLTWLILI,LLLLVLLISLLAALLTWLILI,Right,void,,,,,,,,,,,3847.94,4526.77,51.678,53.1465,3820.38,4666.63,153.469,131.41,-9.90584,1.1e+17,11,F,77.1213,40.79787945,3794.7935,3688.97,105.8235,4.0,0.7708762465154244,0.0033001466205758224,R,LLLLVLLISLLFALLTWLILI,72.07133879218466
LLLFYLLTALLITLLVLLILI,LLLFALLTALLITLLVLLILI,Right,void,,,,,,,,,,,4023.87,4655.99,54.6307,80.2054,3930.77,4697.75,131.715,106.531,-17.0864,1.1e+17,4,Y,58.2698,57.92040741,3943.6646,3824.239,119.4256,4.0,0.2885312556736446,0.023630322692538244,R,LLLYALLIALLFTLLVLLILI,26.97558002829656
LLLFYLLTALLITLLVLLILI,LLLFYLLTALLATLLVLLILI,Right,void,,,,,,,,,,,3995.44,4659.15,56.8742,71.4992,3930.77,4697.75,105.165,96.992,-17.0864,1.1e+17,11,I,58.7686,54.8863188,3923.9408,3833.778,90.1628,4.0,0.4106657892995201,0.039317508807412895,R,LLLTYLLVALLATLLSLLILI,38.39427322446811
LLLLALLIALLFVLLSTLILI,LLLLALLIALLAVLLSTLILI,Right,void,,,,,,,,,,,3724.48,4568.44,50.9962,51.4679,3727.48,4703.47,151.974,150.868,-11.7607,1.1e+17,11,F,78.7999,39.50930314,3673.0121,3576.612,96.4001,4.0,0.2531306546144141,0.017563004945207402,R,LLLLALLVALLFALLSTLILI,23.665880548101555
LLLLALLIALLFVLLSTLILI,LLLLALLAALLFVLLSTLILI,Right,void,,,,,,,,,,,3741.42,4646.57,59.5795,102.364,3727.48,4703.47,114.963,172.195,-11.7607,1.1e+17,7,I,27.2314,78.98737147,3639.056,3555.285,83.771,4.0,0.2357533698670861,0.004163013963310932,R,LLLLALLVALLFALLSTLILI,22.041230441195093
LLLTALLVALLAYLLSFLILI,LLLTALLVALLAALLSFLILI,Right,void,,,,,,,,,,,3929.54,4573.09,57.2983,82.2604,3873.27,4673.41,152.063,150.755,-14.3316,1.1e+17,12,Y,47.5616,63.36399069,3847.2796,3722.515,124.7646,4.0,0.2547868727569989,0.016817538801092165,R,LLLTALLVALLFALLSLLILI,23.82072493383476
LLLTALLVALLAYLLSFLILI,LLLTALLVALLAYLLSALILI,Right,void,,,,,,,,,,,3780.17,4571.58,43.1592,91.1211,3873.27,4673.41,136.325,271.651,-14.3316,1.1e+17,16,F,38.3417,70.3840022,3689.0489,3601.619,87.4299,4.0,0.4053498965646487,0.027716510301374345,R,LLLTALLVALLFALLSLLILI,37.89727580366334
LLLVYLLLALLTALLSILILI,LLLVALLLALLTALLSILILI,Right,void,,,,,,,,,,,3843.02,4469.67,51.1758,76.7437,3774.76,4526.91,135.059,119.738,-18.8836,1.1e+17,4,Y,61.7315,55.4205374,3766.2763,3655.022,111.2543,4.0,0.4612052669451633,0.05460267071357585,R,LLLVALLLALLFALLSTLILI,43.11934788106063
LLLVYLLLALLTALLSILILI,LLLVYLLLALLTALLSALILI,Right,void,,,,,,,,,,,3813.67,4510.85,44.2847,22.8855,3774.76,4526.91,86.9452,53.0888,-18.8836,1.1e+17,16,I,106.5773,17.67727872,3790.7845,3721.6712,69.1133,4.0,0.3364472866289945,0.024732541010635135,R,LLLVALLLALLFALLSTLILI,31.455381444114
LLLSYLLVALLTFLLTLLILI,LLLSALLVALLTFLLTLLILI,Right,void,,,,,,,,,,,3503.12,4025.48,56.6349,60.3954,3459.21,4148.23,164.524,172.368,-11.0706,1.1e+17,4,Y,78.0798,43.61459669,3442.7246,3286.842,155.8826,4.0,0.4481461949238289,0.04289239593712248,R,LLLYALLVALLTALLSLLILI,41.898419349126286
LLLYWLLVALLISLLTLLILI,LLLYALLVALLISLLTLLILI,Right,void,,,,,,,,,,,3474.79,4132.21,57.2269,67.6918,3407.99,4172.32,142.299,153.557,-17.7972,1.1e+17,4,W,70.7834,48.88369903,3407.0982,3254.433,152.6652,4.0,0.381521379208764,0.02886955563512023,R,LLLYALLVALLFTLLSLLILI,35.66948223104473
LLLYWLLVALLISLLTLLILI,LLLYWLLVALLASLLTLLILI,Right,void,,,,,,,,,,,3454.19,4142.31,51.3699,60.7757,3407.99,4172.32,99.2672,86.2832,-17.7972,1.1e+17,11,I,69.4921,46.65443034,3393.4143,3321.7068,71.7075,4.0,0.5173899540443397,0.052320223794253294,R,LLLYWLLVALLAFLLSLLILI,48.3722086835067
LLLSYLLFVLLATLLSLLILI,LLLSALLFVLLATLLSLLILI,Right,void,,,,,,,,,,,3450.47,4044.07,50.9699,49.8035,3414.17,4210.8,165.552,153.122,-16.715,1.1e+17,4,Y,88.6717,35.96564583,3400.6665,3261.048,139.6185,4.0,0.3201724004062804,0.01797589780948824,R,LLLTYLLFVLLAILLSLLILI,29.933797604861507
LLLSYLLFVLLATLLSLLILI,LLLSYLLAVLLATLLSLLILI,Right,void,,,,,,,,,,,3424.82,4098.58,55.5906,29.9225,3414.17,4210.8,147.321,116.162,-16.715,1.1e+17,7,F,99.6729,23.08916829,3394.8975,3298.008,96.8895,4.0,0.2582912124576517,0.02155703586963536,R,LLLAYLLTVLLAFLLSLLILI,24.14835528299949
LLLFYLLLTLLAVLLSILILI,LLLFALLLTLLAVLLSILILI,Right,void,,,,,,,,,,,3529.1,4034.88,49.8418,62.4784,3475.49,4125.28,148.003,134.099,-7.95318,1.1e+17,4,Y,75.9968,45.11883716,3466.6216,3341.391,125.2306,4.0,0.4222016382200964,0.020532867312012256,R,LLLYALLLALLTVLLSILILI,39.47279144262373
LLLSYLLTLLLAFLLSILILI,LLLSALLTLLLAFLLSILILI,Right,void,,,,,,,,,,,3476.6,4039.54,47.7818,69.3384,3444.4,4204.53,162.264,161.965,-13.2512,1.1e+17,4,Y,69.1368,50.07279282,3407.2616,3282.435,124.8266,4.0,0.3435565484530854,0.033123117070127855,R,LLLYLLLTVLLAFLLSILILI,32.12004586956811
LLLSYLLTLLLAFLLSILILI,LLLSYLLTLLLAALLSILILI,Right,void,,,,,,,,,,,3412.22,4093.7,45.3559,70.7691,3444.4,4204.53,141.973,215.653,-13.2512,1.1e+17,12,F,59.0529,54.5124093,3341.4509,3228.747,112.7039,4.0,0.4477266683047914,0.03542363797111588,R,LLLSYLLTILLAVLLSLLILI,41.85919665257848
LLLTSLLVALLALLLFILILI,LLLTSLLVALLALLLAILILI,Right,void,,,,,,,,,,,3371.68,3968.57,63.01,92.9935,3338.47,4128.17,164.744,165.067,-7.56434,1.1e+17,15,F,36.7269,71.68764512,3278.6865,3173.403,105.2835,4.0,0.7206752223307485,0.04866267622522853,R,LLLTYLLVFLLALLLASLILI,67.37790707978849
LLLTSLLVALLALLLFILILI,LLLTSLLVALLALLLFALILI,Right,void,,,,,,,,,,,3338.8,4096.25,56.1751,84.5043,3338.47,4128.17,100.864,151.249,-7.56434,1.1e+17,16,I,44.9585,65.27303596,3254.2957,3187.221,67.0747,4.0,0.4662256966374209,0.04619423375878764,R,LLLYSLLVALLATLLFLLILI,43.58872165002627
LLLFYLLVALLLTLLSLLILI,LLLFALLVALLLTLLSLLILI,Right,void,,,,,,,,,,,3992.25,4666.85,48.2935,91.7574,3925.95,4791.89,151.785,134.602,-14.07,1.1e+17,4,Y,46.7178,66.26269541,3900.4926,3791.348,109.1446,4.0,0.3637221999846624,0.018952818140369875,R,LLLTALLVALLFALLSLLILI,34.00538805006341
LLLFYLLVALLLTLLSLLILI,LLLFYLLVALLATLLSLLILI,Right,void,,,,,,,,,,,3960.87,4753.59,52.0283,60.8164,3925.95,4791.89,106.998,122.238,-14.07,1.1e+17,11,L,69.4514,46.68567367,3900.0536,3803.712,96.3416,4.0,0.3768927145612838,0.02699556815331039,R,LLLSYLLVFLLATLLSLLILI,35.23673565275556
LLLTYLLVALLTFLLSLLILI,LLLTALLVALLTFLLSLLILI,Right,void,,,,,,,,,,,3832.41,4611.36,50.3121,51.0163,3730.55,4741.45,154.051,104.216,-17.0262,1.1e+17,4,Y,87.4589,36.84147053,3781.3937,3626.334,155.0597,4.0,0.3976553120482099,0.03309948832338482,R,LLLTALLVALLFALLSLLILI,37.17788795113043
LLLVYLLLALLFTLLSLLILI,LLLVYLLLALLATLLSLLILI,Right,void,,,,,,,,,,,3466.77,4093.95,54.1603,60.0982,3452.85,4235.26,157.068,157.12,-11.9489,1.1e+17,11,F,70.1696,46.13434786,3406.6718,3295.73,110.9418,4.0,0.4450714035700728,0.042910196122164776,R,LLLWYLLLVLLATLLSFLILI,41.61094865538841
LLLVYLLLALLFTLLSLLILI,LLLVALLLALLFTLLSLLILI,Right,void,,,,,,,,,,,3461.02,4087.19,53.9605,102.368,3452.85,4235.26,165.193,179.848,-11.9489,1.1e+17,4,Y,36.1072,73.9251505,3358.652,3273.002,85.65,4.0,0.6161825307166561,0.03692575782967891,R,LLLTALLVALLFALLSLLILI,57.60859817622786
LLLTLLLATLLAYLLSFLILI,LLLTALLATLLAYLLSFLILI,Right,void,,,,,,,,,,,3860.53,4731.38,53.7505,52.7362,3799.81,4789.81,111.773,82.0578,-17.3602,1.1e+17,4,L,85.739,38.08349798,3807.7938,3717.7522,90.0416,4.0,0.4763386893373995,0.052240887310380985,R,LLLTILLAVLLAYLLSLLILI,44.53421312985547
LLLAVLLLTLLFTLLSYLILI,LLLAVLLLTLLFTLLSALILI,Right,void,,,,,,,,,,,3335.07,4079.73,56.1545,99.197,3312.98,4211.64,158.346,203.759,-11.009,1.1e+17,16,Y,30.2658,76.62201034,3235.873,3109.221,126.652,4.0,0.2717491035516753,0.03293431875755583,R,LLLYVLLLTLLATLLSFLILI,25.406570506065503
LLLAVLLLTLLFTLLSYLILI,LLLAVLLLTLLATLLSYLILI,Right,void,,,,,,,,,,,3324.99,4084.6,53.8315,26.8376,3312.98,4211.64,152.636,109.863,-11.009,1.1e+17,11,F,103.4302,20.60186784,3298.1524,3203.117,95.0354,4.0,0.1689392139281779,0.015932528862448277,R,LLLYVLLLILLATLLSFLILI,15.79459138524571
LLLALLLVTLLAYLLSFLILI,LLLALLLVTLLAALLSFLILI,Right,void,,,,,,,,,,,3989.0,4638.09,48.6016,64.8357,3928.19,4765.37,153.103,118.098,-12.4532,1.1e+17,12,Y,79.1126,39.0607139,3924.1643,3810.092,114.0723,4.0,0.2239080541934597,0.014467954692555669,R,LLLAYLLVLLLATLLSFLILI,20.93377932582696
LLLALLLVTLLAYLLSFLILI,LLLALLLVTLLAYLLSALILI,Right,void,,,,,,,,,,,3866.79,4671.96,44.4613,88.1755,3928.19,4765.37,133.392,250.281,-12.4532,1.1e+17,16,F,41.2873,68.10875402,3778.6145,3677.909,100.7055,4.0,0.3658022968481996,0.03515391545626735,R,LLLALLLVTLLAYLLSFLILI,34.19986202231279
LLLAILLFTLLAYLLSLLILI,LLLAILLFTLLAALLSLLILI,Right,void,,,,,,,,,,,3782.84,4692.19,44.5039,50.2124,3731.34,4799.48,141.438,107.995,-6.17134,1.1e+17,12,Y,79.6096,38.67788202,3732.6276,3623.345,109.2826,4.0,0.3381592582134913,0.04590878010966662,R,LLLYVLLFTLLAALLSLLILI,31.61543837235195
LLLYVLLIALLFTLLSLLILI,LLLYVLLAALLFTLLSLLILI,Right,void,,,,,,,,,,,3495.83,4240.02,58.4467,87.2683,3493.18,4289.61,110.569,162.303,-11.4802,1.1e+17,7,I,42.3271,67.33904135,3408.5617,3330.877,77.6847,4.0,0.2269802661318286,0.022162681842411044,R,LLLVALLIALLFTLLSLLILI,21.22100886293159
LLLYILLTALLVALLSLLILI,LLLYILLTALLVALLSALILI,Right,void,,,,,,,,,,,3520.71,4111.62,58.8279,103.235,3461.01,4177.87,118.816,116.22,-10.0714,1.1e+17,16,L,26.2278,79.74105303,3417.475,3344.79,72.685,4.0,0.2818427615760863,0.023056366248736554,R,LLLYWLLLALLVALLSTLILI,26.35025433394076
LLLYILLTALLVALLSLLILI,LLLYALLTALLVALLSLLILI,Right,void,,,,,,,,,,,3492.1,4119.14,59.4727,70.6316,3461.01,4177.87,114.125,94.7792,-10.0714,1.1e+17,4,I,67.8436,51.00667845,3421.4684,3366.2308,55.2376,4.0,0.3741836289439866,0.032851444455252954,R,LLLTALLVALLFALLSLLILI,34.98345579334384
LLLTSLLLALLFVLLILLILI,LLLTSLLLALLAVLLILLILI,Right,void,,,,,,,,,,,3284.85,3993.36,48.5005,45.7177,3278.54,4109.92,146.971,130.747,-5.87644,1.1e+17,11,F,84.5501,35.0951655,3239.1323,3147.793,91.3393,4.0,0.5209579510566716,0.05827616918660179,R,LLLTALLLALLAVLLSFLILI,48.70579052968196
LLLTSLLLALLFVLLILLILI,LLLTSLLAALLFVLLILLILI,Right,void,,,,,,,,,,,3298.47,4070.86,57.8426,60.6655,3278.54,4109.92,113.247,125.869,-5.87644,1.1e+17,7,L,68.9299,46.8114609,3237.8045,3152.671,85.1335,4.0,0.4013144936265146,0.03106742081433031,R,LLLTALLIALLFVLLSLLILI,37.519994892969954
LLLFYLLVALLISLLTLLILI,LLLFALLVALLISLLTLLILI,Right,void,,,,,,,,,,,3906.63,4664.48,47.8587,57.0103,3786.12,4750.82,141.517,89.0258,-15.0743,1.1e+17,4,Y,81.4649,41.17004344,3849.6197,3697.0942,152.5255,4.0,0.3854241531845352,0.030170469951861737,R,LLLYALLVALLITLLFLLILI,36.03436329555877
LLLFYLLVALLISLLTLLILI,LLLFYLLVALLASLLTLLILI,Right,void,,,,,,,,,,,3833.35,4720.12,51.4746,61.7688,3786.12,4750.82,99.6905,92.6956,-15.0743,1.1e+17,11,I,68.499,47.41678297,3771.5812,3693.4244,78.1568,4.0,0.4531721453100462,0.04177678795427284,R,LLLTYLLVALLAILLSLLILI,42.36830926294208
LLLVALLIALLFTLLSLLILI,LLLVALLIALLATLLSLLILI,Right,void,,,,,,,,,,,3861.85,4524.89,51.5034,49.0915,3859.43,4661.46,152.555,145.777,-5.63805,1.1e+17,11,F,81.1763,37.68506108,3812.7585,3713.653,99.1055,4.0,0.4386960734968004,0.046244007774087464,R,LLLVALLIALLFTLLSLLILI,41.014901526293706
LLLVALLIALLFTLLSLLILI,LLLVALLAALLFTLLSLLILI,Right,void,,,,,,,,,,,3888.98,4620.43,56.7719,98.6195,3859.43,4661.46,105.67,156.687,-5.63805,1.1e+17,7,I,30.9759,76.09799422,3790.3605,3702.743,87.6175,4.0,0.3561263706439525,0.03666677017415859,R,LLLTALLVALLFALLSLLILI,33.29523309030623
LLLYSLLVALLFLLLTLLILI,LLLYSLLVALLALLLTLLILI,Right,void,,,,,,,,,,,3509.28,4172.43,51.7925,35.5191,3484.94,4313.3,154.178,89.3234,-5.07416,1.1e+17,11,F,94.7487,27.26621621,3473.7609,3395.6166,78.1443,4.0,0.379429449983378,0.04328728031659196,R,LLLYSLLFVLLAILLTLLILI,35.47390201876866
LLLYTLLVLLLAFLLSILILI,LLLYTLLVLLLAALLSILILI,Right,void,,,,,,,,,,,3670.57,4145.29,45.976,76.9556,3725.68,4253.44,139.101,236.38,-11.0904,1.1e+17,12,F,52.8664,59.27778035,3593.6144,3489.3,104.3144,4.0,0.3875947795270657,0.04095147193650765,R,LLLYTLLVLLLAFLLSILILI,36.23730111759039
LLLYTLLVLLLAFLLSILILI,LLLYTLLVALLAFLLSILILI,Right,void,,,,,,,,,,,3748.27,4194.27,58.7739,73.8705,3725.68,4253.44,117.18,119.66,-11.0904,1.1e+17,8,L,57.4591,56.24817254,3674.3995,3606.02,68.3795,4.0,0.4260451486548305,0.04411370360862468,R,LLLYLLLTVLLAFLLSILILI,39.83213179581942
LLLSYLLVILLTLLLAFLILI,LLLSALLVILLTLLLAFLILI,Right,void,,,,,,,,,,,3549.62,4067.88,51.2561,70.3272,3504.16,4223.55,161.875,150.249,-10.9575,1.1e+17,4,Y,68.148,50.7868557,3479.2928,3353.911,125.3818,4.0,0.372714239141102,0.043176195037883607,R,LLLSYLLVILLTLLLAFLILI,34.84607850252682
LLLSYLLVILLTLLLAFLILI,LLLSYLLVALLTLLLAFLILI,Right,void,,,,,,,,,,,3519.22,4198.79,44.7342,39.9086,3504.16,4223.55,89.8345,92.1775,-10.9575,1.1e+17,8,I,91.421,30.38812271,3479.3114,3411.9825,67.3289,4.0,0.4871515758091898,0.041977125747048843,R,LLLSYLLVILLTLLLAFLILI,45.54513960184431
LLLYALLFALLTVLLSLLILI,LLLYALLAALLTVLLSLLILI,Right,void,,,,,,,,,,,3469.34,4052.66,53.9371,86.0884,3481.59,4195.97,157.109,199.503,-5.40825,1.1e+17,7,F,43.507,66.42859237,3383.2516,3282.087,101.1646,4.0,0.3358150717843504,0.030856783767864663,R,LLLYALLLALLTVLLSILILI,31.396273940849024
LLLYALLFALLTVLLSLLILI,LLLYALLFALLTVLLSALILI,Right,void,,,,,,,,,,,3497.21,4151.25,55.4869,111.92,3481.59,4195.97,108.983,176.507,-5.40825,1.1e+17,16,L,17.5428,86.44954381,3385.29,3305.083,80.207,4.0,0.1642815315047148,0.011011221148786396,R,LLLYALLLALLTVLLSILILI,15.359131855333874
LLLAFLLVTLLAYLLSLLILI,LLLAALLVTLLAYLLSLLILI,Right,void,,,,,,,,,,,3741.77,4555.84,46.8656,66.32,3653.34,4675.11,143.266,98.8869,-11.5026,1.1e+17,4,F,72.1552,47.89305233,3675.45,3554.4531,120.9969,4.0,0.4293538151856347,0.05312798802845006,R,LLLFALLTILLAYLLSLLILI,40.14146812259023
LLLAFLLVTLLAYLLSLLILI,LLLAFLLVTLLAALLSLLILI,Right,void,,,,,,,,,,,3721.79,4565.98,44.905,60.1301,3653.34,4675.11,142.874,102.316,-11.5026,1.1e+17,12,Y,69.6919,46.31734221,3661.6599,3551.024,110.6359,4.0,0.2807852783416769,0.026401529152067157,R,LLLALLLVTLLAYLLSFLILI,26.25138732020322
LLLVALLLALLFTLLSILILI,LLLVALLLALLATLLSILILI,Right,void,,,,,,,,,,,3795.24,4517.82,54.1319,46.2938,3786.74,4653.92,154.928,139.385,-10.9004,1.1e+17,11,F,83.974,35.53740832,3748.9462,3647.355,101.5912,4.0,0.6862873611695419,0.08332726595213023,R,LLLVALLLALLFALLSTLILI,64.16289143584966
LLLVALLLALLFTLLSILILI,LLLVALLAALLFTLLSILILI,Right,void,,,,,,,,,,,3802.48,4614.33,57.0417,85.8303,3786.74,4653.92,112.433,164.07,-10.9004,1.1e+17,7,L,43.7651,66.22943407,3716.6497,3622.67,93.9797,4.0,0.3804184995552128,0.040161943884887565,R,LLLVALLLALLFALLSTLILI,35.56637098132418
LLLSYLLVFLLALLLATLILI,LLLSALLVFLLALLLATLILI,Right,void,,,,,,,,,,,3350.14,3997.96,63.5752,70.5729,3306.26,4173.1,179.138,147.009,-17.4457,1.1e+17,4,Y,67.9023,50.96428819,3279.5671,3159.251,120.3161,4.0,0.4531906055959265,0.03973904853091331,R,LLLSYLLFVLLALLLATLILI,42.37003516580119
LLLSYLLVFLLALLLATLILI,LLLSYLLVALLALLLATLILI,Right,void,,,,,,,,,,,3349.1,4095.42,45.7586,41.912,3306.26,4173.1,129.388,99.3788,-17.4457,1.1e+17,8,F,89.4176,31.91359754,3307.188,3206.8812,100.3068,4.0,0.4370390396394034,0.03651622210818467,R,LLLSYLLFVLLALLLATLILI,40.85998087714099
LLLFYLLVALLTALLSLLILI,LLLFALLVALLTALLSLLILI,Right,void,,,,,,,,,,,3493.27,4063.38,50.7466,74.1752,3467.77,4164.62,152.171,153.111,-14.6796,1.1e+17,4,Y,64.3,53.56569263,3419.0948,3314.659,104.4358,4.0,0.4318306904957236,0.04151115088144091,R,LLLTALLVALLFALLSLLILI,40.3730380022257
LLLFYLLVALLTALLSLLILI,LLLFYLLVALLTALLSALILI,Right,void,,,,,,,,,,,3491.16,4098.45,58.4146,69.9336,3467.77,4164.62,118.973,106.42,-14.6796,1.1e+17,16,L,59.5292,54.01829715,3421.2264,3361.35,59.8764,4.0,0.4898151097737325,0.041090992872743363,R,LLLYALLVALLTALLSLLILI,45.794160712055934
LLLTYLLVLLLALLLSFLILI,LLLTALLVLLLALLLSFLILI,Right,void,,,,,,,,,,,3587.97,4110.16,46.8152,68.4851,3519.1,4253.1,158.64,142.371,-6.56091,1.1e+17,4,Y,69.9901,49.4565814,3519.4849,3376.729,142.7559,4.0,0.4857306849974844,0.05633896076466519,R,LLLYALLTVLLALLLSFLILI,45.412296614996514
LLLTYLLVLLLALLLSFLILI,LLLTYLLVLLLAALLSFLILI,Right,void,,,,,,,,,,,3526.38,4195.19,51.5597,94.4248,3519.1,4253.1,111.6,159.171,-6.56091,1.1e+17,12,L,35.3972,72.73405124,3431.9552,3359.929,72.0262,4.0,0.3077841550343959,0.032825752477884974,R,LLLAYLLVLLLATLLSFLILI,28.77558649993556
LLLSYLLFVLLALLLSTLILI,LLLSALLFVLLALLLSTLILI,Right,void,,,,,,,,,,,3464.77,4012.31,58.1205,48.297,3416.81,4115.01,159.804,132.392,-15.4688,1.1e+17,4,Y,90.1782,34.8777254,3416.473,3284.418,132.055,4.0,0.4135514854742969,0.031110711297499597,R,LLLYALLTVLLALLLSFLILI,38.66406489025592
LLLSYLLFVLLALLLSTLILI,LLLSYLLAVLLALLLSTLILI,Right,void,,,,,,,,,,,3418.03,4016.02,59.098,37.2175,3416.81,4115.01,147.591,129.559,-15.4688,1.1e+17,7,F,92.3779,28.71822611,3380.8125,3287.251,93.5615,4.0,0.3635282240697032,0.029934650846661165,R,LLLSYLLFVLLALLLATLILI,33.98725270869345
LLLYVLLFTLLATLLSLLILI,LLLYVLLFTLLATLLSALILI,Right,void,,,,,,,,,,,3527.17,4209.97,56.2106,102.211,3500.68,4255.3,109.628,148.862,-10.9192,1.1e+17,16,L,27.2518,78.95009223,3424.959,3351.818,73.141,4.0,0.1905357145223297,0.019969973979965673,R,LLLYVLLLILLATLLSFLILI,17.813707576829636
LLLYALLLALLFSLLVTLILI,LLLYALLLALLASLLVTLILI,Right,void,,,,,,,,,,,3834.01,4608.1,59.0092,52.6694,3835.53,4757.58,159.429,152.503,-12.0058,1.1e+17,11,F,77.5984,40.43163391,3781.3406,3683.027,98.3136,4.0,0.2523780475517211,0.01716261824386471,R,LLLYALLLALLVSLLFTLILI,23.595517245511903
LLLYALLLALLFSLLVTLILI,LLLYALLAALLFSLLVTLILI,Right,void,,,,,,,,,,,3842.13,4704.32,59.8637,82.8067,3835.53,4757.58,118.738,165.794,-12.0058,1.1e+17,7,L,46.7887,63.89632657,3759.3233,3669.736,89.5873,4.0,0.2766208949519206,0.017022750429513175,R,LLLYALLIALLFTLLVLLILI,25.86204767262639
LLLFALLTTLLAVLLSLLILI,LLLAALLTTLLAVLLSLLILI,Right,void,,,,,,,,,,,3764.7,4502.65,57.2085,114.023,3797.5,4637.93,158.983,259.898,-5.72533,1.1e+17,3,F,55.7078,67.17873244,3650.677,3537.602,113.075,4.0,0.2707691939853748,0.026845923014240946,R,LLLAYLLTVLLAFLLSLLILI,25.314956067745765
LLLFALLTTLLAVLLSLLILI,LLLFALLTTLLAVLLSALILI,Right,void,,,,,,,,,,,3806.32,4617.19,41.7773,82.616,3797.5,4637.93,89.4236,154.981,-5.72533,1.1e+17,16,L,46.8468,63.81447026,3723.704,3642.519,81.185,4.0,0.41060465332601,0.03622029904337364,R,LLLFALLTILLAYLLSLLILI,38.38855745429208
LLLVYLLLALLFTLLSILILI,LLLVYLLLALLATLLSILILI,Right,void,,,,,,,,,,,3846.95,4595.4,54.6007,56.6068,3838.53,4733.22,156.171,147.086,-12.7344,1.1e+17,11,F,73.661,43.4541767,3790.3432,3691.444,98.8992,4.0,0.5109113222182318,0.042013377620333504,R,LLLWYLLLVLLATLLSFLILI,47.76650358964776
LLLYFLLAILLTVLLSLLILI,LLLYALLAILLTVLLSLLILI,Right,void,,,,,,,,,,,4012.11,4661.81,47.9111,60.718,3950.86,4707.42,116.469,106.94,-6.17801,1.1e+17,4,F,77.7572,43.8475626,3951.392,3843.92,107.472,4.0,0.3402328513276651,0.032997755473690715,R,LLLYFLLAILLAVLLTLLILI,31.80930429119988
LLLYFLLAILLTVLLSLLILI,LLLAFLLAILLTVLLSLLILI,Right,void,,,,,,,,,,,3820.49,4523.99,56.8269,76.5171,3950.86,4707.42,175.958,290.056,-6.17801,1.1e+17,3,Y,93.2137,45.08144662,3743.9729,3660.804,83.1689,4.0,0.3778132172593556,0.030725265025495874,R,LLLYFLLAILLAVLLTLLILI,35.32279597970393
LLLYTLLVALLATLLSLLILI,LLLATLLVALLATLLSLLILI,Right,void,,,,,,,,,,,3706.85,4498.85,61.9699,121.735,3762.76,4663.79,175.095,269.363,-7.71988,1.1e+17,3,Y,47.9958,71.72239806,3585.115,3493.397,91.718,4.0,0.4622512863754456,0.050892097890251724,R,LLLWTLLVFLLAILLSLLILI,43.21714311224573
LLLYTLLVALLATLLSLLILI,LLLYTLLVALLATLLSALILI,Right,void,,,,,,,,,,,3774.08,4611.92,42.6895,62.9473,3762.76,4663.79,101.129,127.327,-7.71988,1.1e+17,16,L,66.5155,48.62192074,3711.1327,3635.433,75.6997,4.0,0.321963084855189,0.02828969798737089,R,LLLYYLLVFLLATLLSLLILI,30.10121361511031
LLLTYLLIALLVALLSLLILI,LLLTALLIALLVALLSLLILI,Right,void,,,,,,,,,,,3430.75,3971.03,52.7317,81.3988,3406.81,4079.64,156.794,161.059,-5.43846,1.1e+17,4,Y,57.0764,58.78222238,3349.3512,3245.751,103.6002,4.0,0.4568655380575651,0.04425569584779402,R,LLLTALLVALLFALLSLLILI,42.71361470100983
LLLTYLLIALLVALLSLLILI,LLLTYLLAALLVALLSLLILI,Right,void,,,,,,,,,,,3393.16,4052.41,55.5806,108.836,3406.81,4079.64,97.8347,185.491,-5.43846,1.1e+17,7,I,20.7594,83.98137588,3284.324,3221.319,63.005,4.0,0.4069343310936537,0.0357180711503086,R,LLLTALLVALLFALLSLLILI,38.04540894208878
LLLVALLIALLLTLLSLLILI,LLLVALLAALLLTLLSLLILI,Right,void,,,,,,,,,,,3822.49,4541.48,45.6167,89.2823,3804.79,4562.07,90.325,156.583,-5.41756,1.1e+17,7,I,40.3131,68.89310886,3733.2077,3648.207,85.0007,4.0,0.2962422716568036,0.022889365850155087,R,LLLVALLIALLFTLLSLLILI,27.696504103809737
LLLYWLLTALLLSLLFVLILI,LLLYALLTALLLSLLFVLILI,Right,void,,,,,,,,,,,3468.12,4247.41,58.5812,71.9465,3448.25,4365.95,173.796,182.046,-18.0581,1.1e+17,4,W,66.5287,51.95623476,3396.1735,3266.204,129.9695,4.0,0.2603114141051665,0.018265278783258208,R,LLLVALLIALLLSLLFTLILI,24.337229486900203
LLLYWLLTALLLSLLFVLILI,LLLYWLLTALLASLLFVLILI,Right,void,,,,,,,,,,,3487.0,4325.51,57.1073,67.3954,3448.25,4365.95,112.845,125.016,-18.0581,1.1e+17,11,L,62.8724,51.73603914,3419.6046,3323.234,96.3706,4.0,0.2244926949013579,0.019427017501031964,R,LLLYWLLTALLLSLLFVLILI,20.988438992305337
LLLVYLLLTLLFTLLSALILI,LLLVALLLTLLFTLLSALILI,Right,void,,,,,,,,,,,3891.75,4601.88,45.2181,84.5892,3814.47,4660.19,129.944,120.024,-12.3982,1.1e+17,4,Y,53.886,61.08617283,3807.1608,3694.446,112.7148,4.0,0.2950808671860469,0.021831223400124875,R,LLLVALLLALLFALLSTLILI,27.587921208092
LLLVYLLLTLLFTLLSALILI,LLLVYLLLTLLATLLSALILI,Right,void,,,,,,,,,,,3826.31,4534.89,53.0388,33.3292,3814.47,4660.19,151.189,118.61,-12.3982,1.1e+17,11,F,96.9386,25.58514076,3792.9808,3695.86,97.1208,4.0,0.439912452817603,0.0257060276906654,R,LLLWYLLLVLLATLLSFLILI,41.128624171822935
LLLAALLLSLLFTLLVYLILI,LLLAALLLSLLFTLLVALILI,Right,void,,,,,,,,,,,3724.51,4646.85,40.5455,75.9443,3725.58,4748.24,137.984,200.365,-9.29048,1.1e+17,16,Y,49.1183,62.05991219,3648.5657,3525.215,123.3507,4.0,0.4395186150908667,0.03832873623171631,R,LLLAALLFSLLTTLLVLLILI,41.09180320041402
LLLAALLLSLLFTLLVYLILI,LLLAALLLSLLATLLVYLILI,Right,void,,,,,,,,,,,3734.46,4598.81,58.512,43.8053,3725.58,4748.24,159.419,130.41,-9.29048,1.1e+17,11,F,86.4625,33.62711276,3690.6547,3595.17,95.4847,4.0,0.5164833595051512,0.06423960242305043,R,LLLAALLFSLLTTLLVLLILI,48.287448668554426
LLLYSLLIALLFVLLTLLILI,LLLYSLLIALLAVLLTLLILI,Right,void,,,,,,,,,,,3478.76,4158.43,50.8489,42.7922,3478.85,4296.13,152.393,138.743,-10.2014,1.1e+17,11,F,87.4756,32.84940714,3435.9678,3340.107,95.8608,4.0,0.5297684929318451,0.03731380115899199,R,LLLYFLLAILLAVLLTLLILI,49.52951230253289
LLLYSLLIALLFVLLTLLILI,LLLYSLLAALLFVLLTLLILI,Right,void,,,,,,,,,,,3498.38,4245.75,59.5451,66.4605,3478.85,4296.13,112.202,118.086,-10.2014,1.1e+17,7,I,63.1349,51.28307023,3431.9195,3360.764,71.1555,4.0,0.2789416782126415,0.025918706495385625,R,LLLYFLLAILLAVLLTLLILI,26.07902407759764
LLLLVLLIALLATLLSFLILI,LLLLVLLIALLATLLSALILI,Right,void,,,,,,,,,,,3832.3,4589.14,41.947,52.415,3861.29,4690.03,134.592,195.214,-5.97089,1.1e+17,16,F,77.0478,40.48653358,3779.885,3666.076,113.809,4.0,0.328409384264695,0.025894483222997765,R,LLLLYLLIVLLATLLSFLILI,30.70389586248589
LLLLVLLIALLATLLSFLILI,LLLLVLLAALLATLLSFLILI,Right,void,,,,,,,,,,,3868.34,4639.1,58.0663,66.46,3861.29,4690.03,110.897,140.452,-5.97089,1.1e+17,7,I,63.1354,51.28268442,3801.88,3720.838,81.042,4.0,0.3073341219417479,0.04204622587570954,R,LLLYLLLVALLATLLSFLILI,28.73351166933266
LLLAYLLTLLLAILLSFLILI,LLLAYLLTLLLAILLSALILI,Right,void,,,,,,,,,,,3867.83,4624.69,44.0978,57.7035,3852.46,4700.14,127.306,155.147,-10.4542,1.1e+17,16,F,71.7593,44.57149081,3810.1265,3697.313,112.8135,4.0,0.4000484646491695,0.036237246177493104,R,LLLAYLLTVLLAFLLSLLILI,37.40163036460445
LLLAYLLTLLLAILLSFLILI,LLLAALLTLLLAILLSFLILI,Right,void,,,,,,,,,,,3910.84,4646.3,48.6619,93.5832,3852.46,4700.14,128.108,141.505,-10.4542,1.1e+17,4,Y,44.892,67.58119866,3817.2568,3710.955,106.3018,4.0,0.0913699598603889,0.00790270530543749,R,LLLYALLTVLLALLLSFLILI,8.542428648298793
LLLYLLLATLLAVLLSFLILI,LLLALLLATLLAVLLSFLILI,Right,void,,,,,,,,,,,3450.18,4078.65,60.0818,109.376,3639.93,4269.05,181.393,351.558,-11.7436,1.1e+17,3,Y,60.3548,64.44086754,3340.804,3288.372,52.432,4.0,0.3610739587608905,0.01947893904205222,R,LLLTLLLAVLLAYLLSFLILI,33.75779670021362
LLLSYLLIALLTVLLWLLILI,LLLSALLIALLTVLLWLLILI,Right,void,,,,,,,,,,,3443.78,4110.82,57.1222,52.4382,3407.93,4281.74,174.407,155.306,-10.9176,1.1e+17,4,Y,86.037,37.86829699,3391.3418,3252.624,138.7178,4.0,0.530024496999109,0.022500520468772066,R,LLLTALLIALLSVLLFLLILI,49.55344682632625
LLLSYLLIALLTVLLWLLILI,LLLSYLLIALLTVLLALLILI,Right,void,,,,,,,,,,,3458.46,4094.5,57.4675,80.1787,3407.93,4281.74,188.916,147.795,-10.9176,1.1e+17,15,W,49.5417,61.80885967,3378.2813,3260.135,118.1463,4.0,0.7828883941611383,0.056523781275507855,R,LLLAYLLFALLTVLLSLLILI,73.19438748710728
LLLAVLLYTLLAFLLSLLILI,LLLAVLLYTLLAALLSLLILI,Right,void,,,,,,,,,,,3797.0,4583.89,45.1404,57.413,3770.73,4664.83,130.493,159.106,-5.80566,1.1e+17,12,F,72.409,44.22439956,3739.587,3611.624,127.963,4.0,0.7546484146787716,0.02593342222703278,R,LLLYVLLFTLLAALLSLLILI,70.5541541967989
LLLYFLLAILLAVLLTLLILI,LLLYALLAILLAVLLTLLILI,Right,void,,,,,,,,,,,3567.54,4114.94,50.5965,55.5634,3513.86,4217.15,142.573,122.804,-5.54831,1.1e+17,4,F,82.9118,40.12516321,3511.9766,3391.056,120.9206,4.0,0.3213372622342187,0.02653315269226247,R,LLLYFLLAILLAVLLTLLILI,30.04270373840359
LLLYFLLAILLAVLLTLLILI,LLLAFLLAILLAVLLTLLILI,Right,void,,,,,,,,,,,3357.16,4025.98,58.855,81.8548,3513.86,4217.15,180.397,313.372,-5.54831,1.1e+17,3,Y,87.876,48.22625004,3275.3052,3200.488,74.8172,4.0,0.4794332650797955,0.04553383778782925,R,LLLYFLLAILLAVLLTLLILI,44.82353352045833
LLLYLLLATLLAILLFSLILI,LLLYALLATLLAILLFSLILI,Right,void,,,,,,,,,,,3555.27,4203.45,58.2911,61.265,3526.06,4292.7,127.012,94.849,-8.91739,1.1e+17,4,L,77.2102,44.24257918,3494.005,3431.211,62.794,4.0,0.5342317275320265,0.037984178729222516,R,LLLYSLLLTLLAVLLFSLILI,49.94679237106882
LLLYFLLFTLLAVLLSLLILI,LLLYALLFTLLAVLLSLLILI,Right,void,,,,,,,,,,,4010.97,4797.42,52.3083,59.1441,3915.45,4897.76,137.567,81.9877,-14.3265,1.1e+17,4,F,79.3311,42.71096918,3951.8259,3833.4623,118.3636,4.0,0.4149713937341994,0.04232355214575809,R,LLLTALLFALLAYLLSLLILI,38.79681601563543
LLLSYLLTVLLAILLSLLILI,LLLSALLTVLLAILLSLLILI,Right,void,,,,,,,,,,,3439.7,3949.33,58.712,68.2992,3390.99,4095.01,169.889,146.447,-8.17484,1.1e+17,4,Y,70.176,49.32233353,3371.4008,3244.543,126.8578,4.0,0.8546131563676237,0.05863274250813025,R,LLLYALLTVLLALLLSFLILI,79.90013261823457
LLLSYLLTVLLAILLSLLILI,LLLSYLLTVLLAALLSLLILI,Right,void,,,,,,,,,,,3401.66,4083.26,47.1089,61.3335,3390.99,4095.01,83.8863,120.598,-8.17484,1.1e+17,12,I,68.4885,47.24430374,3340.3265,3270.392,69.9345,4.0,0.492062866919795,0.042438906189172704,R,LLLAYLLTVLLAFLLSLLILI,46.004309704878985
LLLTYLLIVLLALLLSFLILI,LLLTALLIVLLALLLSFLILI,Right,void,,,,,,,,,,,3962.61,4633.59,50.9,53.5325,3919.17,4680.31,131.924,161.08,-10.6115,1.1e+17,4,Y,84.9427,38.6585468,3909.0775,3758.09,150.9875,4.0,0.4979673258366353,0.0483025599544073,R,LLLYALLTVLLALLLSFLILI,46.55633379552091
LLLTYLLIVLLALLLSFLILI,LLLTYLLIVLLAALLSFLILI,Right,void,,,,,,,,,,,3943.87,4639.67,54.2303,81.4285,3919.17,4680.31,106.85,129.558,-10.6115,1.1e+17,12,L,48.3935,62.72319021,3862.4415,3789.612,72.8295,4.0,0.3504745683462665,0.03220114176970042,R,LLLTYLLFVLLAILLSLLILI,32.76683056133452
LLLYSLLTALLVALLFLLILI,LLLYSLLTALLVALLALLILI,Right,void,,,,,,,,,,,3893.97,4699.3,40.2948,34.6076,3893.05,4777.12,125.618,120.416,-8.82583,1.1e+17,15,F,95.1128,26.6786103,3859.3624,3772.634,86.7284,4.0,0.3786867253809173,0.03201909893556666,R,LLLYILLTALLVALLSLLILI,35.40446265454489
LLLYSLLTALLVALLFLLILI,LLLYSLLAALLVALLFLLILI,Right,void,,,,,,,,,,,3904.31,4742.2,58.9544,80.5836,3893.05,4777.12,89.3884,114.338,-8.82583,1.1e+17,7,T,49.0118,62.18091074,3823.7264,3778.712,45.0144,4.0,0.2534810068432667,0.014813932271775082,R,LLLYILLTALLVALLSLLILI,23.69863594080742
LLLYALLFILLTLLLSVLILI,LLLAALLFILLTLLLSVLILI,Right,void,,,,,,,,,,,3710.39,4567.96,59.7821,89.3143,3847.05,4754.05,179.296,303.99,-15.5981,1.1e+17,3,Y,80.4165,52.62115067,3621.0757,3543.06,78.0157,4.0,0.4414903458659437,0.047714628225079665,R,LLLAYLLFTLLTLLLSILILI,41.27614572924392
LLLYALLFILLTLLLSVLILI,LLLYALLAILLTLLLSVLILI,Right,void,,,,,,,,,,,3858.51,4613.72,53.5954,29.5061,3847.05,4754.05,156.414,93.6896,-15.5981,1.1e+17,7,F,100.0893,22.76786059,3829.0039,3753.3604,75.6435,4.0,0.3663865985150207,0.02678191630100099,R,LLLYALLTILLTFLLSLLILI,34.25448999090913
LLLLTLLVALLSTLLIFLILI,LLLLTLLVALLSTLLIALILI,Right,void,,,,,,,,,,,3771.84,4597.99,39.1886,71.4382,3788.95,4665.6,118.633,194.834,-8.48754,1.1e+17,16,F,58.0246,55.18048428,3700.4018,3594.116,106.2858,4.0,0.4523616423183164,0.03320880462898732,R,LLLLALLVALLSTLLIFLILI,42.29253311083844
LLLLTLLVALLSTLLIFLILI,LLLLTLLVALLSTLLAFLILI,Right,void,,,,,,,,,,,3831.73,4611.92,44.6842,22.7499,3788.95,4665.6,94.8192,53.0767,-8.48754,1.1e+17,15,I,106.9705,17.5376425,3808.9801,3735.8733,73.1068,4.0,0.3252008120632255,0.031800141338599125,R,LLLLALLVALLSTLLIFLILI,30.40391762964165
LLLFSLLLTLLAALLSYLILI,LLLFSLLLTLLAALLSALILI,Right,void,,,,,,,,,,,3333.49,3997.68,58.4945,104.319,3317.21,4123.34,160.548,213.088,-12.4535,1.1e+17,16,Y,25.1438,80.57835919,3229.171,3104.122,125.049,4.0,0.4247297294727364,0.056759974637767774,R,LLLYSLLLTLLAALLVFLILI,39.70914964147885
LLLFSLLLTLLAALLSYLILI,LLLFSLLATLLAALLSYLILI,Right,void,,,,,,,,,,,3380.69,4132.36,50.4486,56.3716,3317.21,4123.34,86.6287,92.0,-12.4535,1.1e+17,7,L,73.2238,43.49814885,3324.3184,3225.21,99.1084,4.0,0.2459425949381906,0.018945165050436915,R,LLLFSLLLTLLVALLSYLILI,22.993849094901
LLLSYLLVFLLATLLSLLILI,LLLSALLVFLLATLLSLLILI,Right,void,,,,,,,,,,,3412.02,4059.9,60.1869,74.9079,3359.74,4225.05,174.96,158.132,-15.6525,1.1e+17,4,Y,63.5673,54.09481265,3337.1121,3201.608,135.5041,4.0,0.3578782278015441,0.023988540935348364,R,LLLWTLLVFLLAILLSLLILI,33.4590190303855
LLLSYLLVFLLATLLSLLILI,LLLSYLLVALLATLLSLLILI,Right,void,,,,,,,,,,,3400.5,4090.43,53.2001,47.0846,3359.74,4225.05,153.722,119.409,-15.6525,1.1e+17,8,F,84.245,35.85223742,3353.4154,3240.331,113.0844,4.0,0.6477315152525422,0.08676902464887527,R,LLLSYLLVFLLATLLSLLILI,60.55819944272602
LLLYFLLVALLLALLSTLILI,LLLYALLVALLLALLSTLILI,Right,void,,,,,,,,,,,3909.01,4597.54,48.0662,61.6293,3839.22,4707.2,141.086,106.903,-8.30723,1.1e+17,4,F,76.8459,44.50565878,3847.3807,3732.317,115.0637,4.0,0.3670179228865975,0.028064218140709342,R,LLLTALLVALLFALLSLLILI,34.31351424139985
LLLYFLLVALLLALLSTLILI,LLLYFLLVALLAALLSTLILI,Right,void,,,,,,,,,,,3882.5,4669.84,51.5716,58.791,3839.22,4707.2,106.521,109.211,-8.30723,1.1e+17,11,L,71.4768,45.13087655,3823.709,3730.009,93.7,4.0,0.3379679816796497,0.02242706099825983,R,LLLLALLVALLFALLSTLILI,31.59755540354105
LLLVYLLTALLIALLSLLILI,LLLVALLTALLIALLSLLILI,Right,void,,,,,,,,,,,3331.26,3959.14,57.575,67.7183,3284.49,4123.35,170.93,147.761,-14.5457,1.1e+17,4,Y,74.5062,46.1952754,3263.5417,3136.729,126.8127,4.0,0.3653379205081511,0.028684928950905474,R,LLLTALLVALLFALLSLLILI,34.15644620209263
LLLVYLLTALLIALLSLLILI,LLLVYLLTALLAALLSLLILI,Right,void,,,,,,,,,,,3332.42,4089.45,52.2627,65.1888,3284.49,4123.35,101.602,103.756,-14.5457,1.1e+17,11,I,65.079,50.04214395,3267.2312,3180.734,86.4972,4.0,0.3913931746297411,0.024070277957301402,R,LLLAYLLTVLLAFLLSLLILI,36.59242351440693
LLLSYLLVILLAFLLTLLILI,LLLSALLVILLAFLLTLLILI,Right,void,,,,,,,,,,,3526.04,4076.25,45.2041,71.9692,3496.73,4248.12,163.416,176.018,-17.525,1.1e+17,4,Y,66.506,51.97262759,3454.0708,3320.712,133.3588,4.0,0.3326123205865879,0.028369484570283147,R,LLLSYLLTILLAFLLSLLILI,31.09683992963852
LLLSYLLVILLAFLLTLLILI,LLLSYLLVILLAALLTLLILI,Right,void,,,,,,,,,,,3465.62,4165.41,44.0645,68.3122,3496.73,4248.12,130.438,206.919,-17.525,1.1e+17,12,F,61.5098,52.61989493,3397.3078,3289.811,107.4968,4.0,0.4051025658296253,0.017859825379108372,R,LLLSYLLVFLLATLLSLLILI,37.87415217353701
LLLYSLLLTLLATLLVFLILI,LLLYSLLLTLLATLLVALILI,Right,void,,,,,,,,,,,3472.37,4125.67,53.9991,97.4814,3551.46,4274.56,153.666,260.712,-10.0894,1.1e+17,16,F,31.9814,75.29684203,3374.8886,3290.748,84.1406,4.0,0.3985942975341128,0.042441222560267944,R,LLLYSLLLALLATLLVFLILI,37.26567628470713
LLLYYLLVFLLATLLSLLILI,LLLYALLVFLLATLLSLLILI,Right,void,,,,,,,,,,,3601.79,4238.29,59.135,58.7109,3525.69,4362.68,165.415,133.459,-11.8168,1.1e+17,4,Y,79.7643,42.39813338,3543.0791,3392.231,150.8481,4.0,0.3350197494099303,0.0245289200573808,R,LLLWTLLVFLLAILLSLLILI,31.32191706637672
LLLYVLLTILLAFLLSLLILI,LLLYVLLTILLAALLSLLILI,Right,void,,,,,,,,,,,3946.56,4685.1,42.5771,64.5092,3904.67,4761.0,126.883,161.382,-12.8666,1.1e+17,12,F,65.3128,49.6904993,3882.0508,3743.288,138.7628,4.0,0.2634901776390384,0.024632485392789224,R,LLLYVLLTILLALLLAFLILI,24.6344208254912
LLLYVLLTILLAFLLSLLILI,LLLYVLLTILLAFLLSALILI,Right,void,,,,,,,,,,,3932.27,4783.78,35.0301,70.119,3904.67,4761.0,65.2957,125.665,-12.8666,1.1e+17,16,L,59.3438,54.16150431,3862.151,3779.005,83.146,4.0,0.2343512139871459,0.013149260952231743,R,LLLYLLLTVLLAFLLSILILI,21.910139034604967
LLLFALLVALLTLLLSILILI,LLLAALLVALLTLLLSILILI,Right,void,,,,,,,,,,,3771.77,4476.65,53.5309,92.4491,3752.03,4579.72,147.585,182.714,-5.81283,1.1e+17,3,F,77.2817,54.46807533,3679.3209,3569.316,110.0049,4.0,0.41514434318056,0.03349282675901059,R,LLLYALLLALLTVLLSILILI,38.81298553467162
LLLFALLVALLTLLLSILILI,LLLFALLVALLTALLSILILI,Right,void,,,,,,,,,,,3742.06,4522.78,48.2385,65.7245,3752.03,4579.72,105.239,136.142,-5.81283,1.1e+17,12,L,64.0975,50.62662723,3676.3355,3615.888,60.4475,4.0,0.4342579243429852,0.04240179188728095,R,LLLTALLVALLFALLSLLILI,40.599966765077845
LLLWYLLLVLLATLLSFLILI,LLLWALLLVLLATLLSFLILI,Right,void,,,,,,,,,,,3974.12,4735.05,52.0486,57.8979,3955.68,4850.58,151.75,154.347,-23.088,1.1e+17,4,Y,80.5773,41.81102465,3916.2221,3801.333,114.8891,4.0,0.2152637325273618,0.01835436023746749,R,LLLYALLTVLLALLLSFLILI,20.12559793712529
LLLWYLLLVLLATLLSFLILI,LLLWYLLLVLLATLLSALILI,Right,void,,,,,,,,,,,3895.65,4747.35,41.5508,80.2841,3955.68,4850.58,135.206,242.1,-23.088,1.1e+17,16,F,49.1787,62.01325786,3815.3659,3713.58,101.7859,4.0,0.4114358551509248,0.029356670193214144,R,LLLWYLLLVLLATLLSFLILI,38.46626879719429
LLLYLLLVTLLAILLSFLILI,LLLYLLLVTLLAILLSALILI,Right,void,,,,,,,,,,,4043.09,4694.98,41.0094,77.6214,4043.91,4744.4,118.885,192.593,-11.6549,1.1e+17,16,F,51.8414,59.95652805,3965.4686,3851.317,114.1516,4.0,0.2907050100479328,0.02869767774985789,R,LLLYLLLVALLATLLSFLILI,27.178810298613605
LLLYLLLVTLLAILLSFLILI,LLLYALLVTLLAILLSFLILI,Right,void,,,,,,,,,,,4054.65,4692.22,47.1826,79.5258,4043.91,4744.4,106.131,144.59,-11.6549,1.1e+17,4,L,58.9494,57.42963361,3975.1242,3899.32,75.8042,4.0,0.369946654746476,0.03051707994579378,R,LLLYALLTVLLALLLSFLILI,34.58732943165755
LLLYILLFTLLVALLSLLILI,LLLAILLFTLLVALLSLLILI,Right,void,,,,,,,,,,,3809.19,4657.51,62.2272,103.49,3960.8,4821.55,174.869,324.171,-10.613,1.1e+17,3,Y,66.2408,60.97302316,3705.7,3636.629,69.071,4.0,0.4012766264788733,0.05729641489246434,R,LLLATLLFALLVLLLSLLILI,37.51645458927129
LLLTALLIALLLVLLSFLILI,LLLTALLAALLLVLLSFLILI,Right,void,,,,,,,,,,,3845.06,4598.38,45.1626,73.2497,3801.72,4615.54,88.5386,120.518,-8.47108,1.1e+17,7,I,56.3457,56.52183642,3771.8103,3681.202,90.6083,4.0,0.4577658049232609,0.0354390635682727,R,LLLTALLLALLAVLLSFLILI,42.797783124377695
LLLYSLLLTLLVALLSFLILI,LLLYSLLLTLLVALLSALILI,Right,void,,,,,,,,,,,3502.85,4091.81,58.3307,104.213,3578.11,4238.06,157.623,265.822,-5.20008,1.1e+17,16,F,25.2498,80.49648239,3398.637,3312.288,86.349,4.0,0.0705444742179335,0.005080019274792763,R,LLLYWLLLALLVALLSTLILI,6.595396763435618
LLLYSLLLALLAVLLTILILI,LLLYSLLAALLAVLLTILILI,Right,void,,,,,,,,,,,3413.46,4064.89,59.5794,60.8755,3399.86,4118.84,118.484,128.979,-8.45964,1.1e+17,7,L,68.7199,46.97350369,3352.5845,3270.881,81.7035,4.0,0.3126199826113374,0.03304711479334594,R,LLLYFLLAILLAVLLTLLILI,29.227701309820752
LLLYSLLLALLAVLLTILILI,LLLASLLLALLAVLLTILILI,Right,void,,,,,,,,,,,3220.7,3941.6,50.1959,99.8085,3399.86,4118.84,170.409,338.83,-8.45964,1.1e+17,3,Y,69.9223,58.80400022,3120.8915,3061.03,59.8615,4.0,0.6173494135998833,0.061190532099119094,R,LLLASLLLALLFVLLYTLILI,57.71769326378311
LLLTYLLVALLIALLFLLILI,LLLTALLVALLIALLFLLILI,Right,void,,,,,,,,,,,3283.97,4102.63,55.7761,57.9559,3252.56,4274.97,174.434,138.618,-7.52921,1.1e+17,4,Y,80.5193,41.8529094,3226.0141,3113.942,112.0721,4.0,0.6063528022769288,0.05989370422682788,R,LLLTALLVALLFALLSLLILI,56.68958985055027
LLLTYLLVALLIALLFLLILI,LLLTYLLVALLIALLALLILI,Right,void,,,,,,,,,,,3229.04,4117.86,57.2007,34.9554,3252.56,4274.97,159.609,161.484,-7.52921,1.1e+17,15,F,94.765,26.94672542,3194.0846,3091.076,103.0086,4.0,0.4501963967016877,0.04232060943026157,R,LLLTALLVALLFALLSLLILI,42.09009834765857
LLLYSLLVALLATLLTLLILI,LLLYSLLVALLATLLTALILI,Right,void,,,,,,,,,,,3438.43,4109.52,55.888,92.1093,3454.3,4149.4,107.333,171.121,-5.8078,1.1e+17,16,L,37.3535,71.14731027,3346.3207,3283.179,63.1417,4.0,0.3964147293353616,0.03183619212753075,R,LLLYLLLVALLATLLSFLILI,37.06190246396361
LLLYSLLVALLATLLTLLILI,LLLASLLVALLATLLTLLILI,Right,void,,,,,,,,,,,3265.6,3958.56,66.0063,122.887,3454.3,4149.4,185.207,362.711,-5.8078,1.1e+17,3,Y,46.8438,72.40111989,3142.713,3091.589,51.124,4.0,0.594011804597649,0.0616064067233259,R,LLLTYLLVALLATLLSLLILI,55.53579606225103
LLLYILLVFLLATLLSLLILI,LLLYILLVALLATLLSLLILI,Right,void,,,,,,,,,,,4088.4,4710.74,47.4469,60.1261,4050.4,4840.51,145.523,150.361,-6.29517,1.1e+17,8,F,71.2035,45.78259585,4028.2739,3900.039,128.2349,4.0,0.1352203126587731,0.005421276390124925,R,LLLSYLLVFLLATLLSLLILI,12.642118640012573
LLLYALLTTLLSVLLFLLILI,LLLYALLTTLLSVLLFALILI,Right,void,,,,,,,,,,,3937.34,4728.84,40.0298,67.3485,3947.44,4748.15,85.429,135.1,-10.8891,1.1e+17,16,L,62.1143,52.02150734,3869.9915,3812.34,57.6515,4.0,0.3465271293408345,0.033080287206911245,R,LLLYALLTALLSVLLFLLILI,32.39777364045004
LLLYVLLTALLFALLSLLILI,LLLYVLLTALLAALLSLLILI,Right,void,,,,,,,,,,,3460.44,4116.66,51.7057,44.2816,3438.14,4238.95,146.777,135.737,-10.4337,1.1e+17,11,F,85.9862,33.99274418,3416.1584,3302.403,113.7554,4.0,0.4791309770854622,0.044032691401468066,R,LLLYVLLTILLALLLSFLILI,44.795271785126765
LLLYVLLTALLFALLSLLILI,LLLYVLLTALLFALLSALILI,Right,void,,,,,,,,,,,3472.63,4171.6,58.3707,84.7794,3438.14,4238.95,118.771,114.459,-10.4337,1.1e+17,16,L,44.6834,65.48552943,3387.8506,3323.681,64.1696,4.0,0.2523408340423662,0.023991016688867016,R,LLLYALLTALLFVLLSLLILI,23.59203805225296
LLLLYLLVILLAFLLSTLILI,LLLLALLVILLAFLLSTLILI,Right,void,,,,,,,,,,,3940.49,4606.42,45.3863,75.0937,3864.24,4744.86,151.57,137.401,-14.7859,1.1e+17,4,Y,63.3815,54.2289883,3865.3963,3726.839,138.5573,4.0,0.4270974188925045,0.03363293776519093,R,LLLLALLVALLFALLSTLILI,39.93051143216592
LLLLYLLVILLAFLLSTLILI,LLLLYLLVILLAALLSTLILI,Right,void,,,,,,,,,,,3910.67,4681.6,46.3524,67.0199,3864.24,4744.86,125.581,140.461,-14.7859,1.1e+17,12,F,62.8021,51.62445502,3843.6501,3723.779,119.8711,4.0,0.254125506267319,0.019135506376214185,R,LLLLALLVALLFALLSTLILI,23.758891963161467
LLLTVLLALLLAFLLSILILI,LLLTVLLALLLAALLSILILI,Right,void,,,,,,,,,,,3751.73,4515.69,45.9311,83.1361,3727.9,4621.88,139.006,184.191,-7.1711,1.1e+17,12,F,46.6859,64.03852968,3668.5939,3543.709,124.8849,4.0,0.4744536647859949,0.03902024136820407,R,LLLTVLLALLLAFLLSILILI,44.35797700416088
LLLTVLLALLLAFLLSILILI,LLLTVLLAALLAFLLSILILI,Right,void,,,,,,,,,,,3730.7,4578.13,59.3718,53.6392,3727.9,4621.88,112.394,105.536,-7.1711,1.1e+17,8,L,77.6904,40.84319148,3677.0608,3622.364,54.6968,4.0,0.4069660226604258,0.03178151113514956,R,LLLTVLLALLLAFLLSILILI,38.04837187376038
LLLFYLLVALLLTLLSTLILI,LLLFALLVALLLTLLSTLILI,Right,void,,,,,,,,,,,3848.5,4577.69,46.8103,50.908,3751.37,4639.11,135.4,85.4091,-7.98098,1.1e+17,4,Y,87.5672,36.76326158,3797.592,3665.9609,131.6311,4.0,0.4671826830611734,0.04127027677366899,R,LLLLALLVALLFALLSTLILI,43.678192940752325
LLLFYLLVALLLTLLSTLILI,LLLFYLLVALLATLLSTLILI,Right,void,,,,,,,,,,,3802.65,4600.28,52.022,68.3055,3751.37,4639.11,107.138,122.453,-7.98098,1.1e+17,11,L,61.9623,52.43467687,3734.3445,3628.917,105.4275,4.0,0.2773985694325508,0.021622486545117465,R,LLLSYLLVFLLATLLSLLILI,25.934754597008723
LLLYTLLVALLSTLLFLLILI,LLLYTLLVALLSTLLALLILI,Right,void,,,,,,,,,,,3499.22,4120.08,59.8112,33.5966,3463.04,4272.83,160.948,91.2452,-5.78509,1.1e+17,15,F,96.1238,25.89924175,3465.6234,3371.7948,93.8286,4.0,0.6230068450622466,0.05938530290786941,R,LLLYALLVALLFTLLSLLILI,58.246622078830455
LLLYTLLVALLSTLLFLLILI,LLLYTLLVALLSTLLFALILI,Right,void,,,,,,,,,,,3456.82,4241.67,54.0325,63.244,3463.04,4272.83,102.048,139.773,-5.78509,1.1e+17,16,L,66.2188,48.85109854,3393.576,3323.267,70.309,4.0,0.3476692461151401,0.0396674289496032,R,LLLYALLVALLSLLLFTLILI,32.50455327642052
LLLAYLLLTLLATLLSFLILI,LLLAALLLTLLATLLSFLILI,Right,void,,,,,,,,,,,3928.88,4625.54,48.8854,64.2098,3868.96,4679.51,132.38,128.808,-9.65221,1.1e+17,4,Y,74.2654,46.36916935,3864.6702,3740.152,124.5182,4.0,0.2513476766053385,0.029995821468594405,R,LLLWYLLLVLLATLLSFLILI,23.499185034091408
LLLAYLLLTLLATLLSFLILI,LLLAYLLLTLLATLLSALILI,Right,void,,,,,,,,,,,3837.33,4575.13,41.5888,49.2145,3868.96,4679.51,135.486,196.844,-9.65221,1.1e+17,16,F,80.2483,38.01439487,3788.1155,3672.116,115.9995,4.0,0.4718303492604703,0.032707967002540944,R,LLLWYLLLVLLATLLSFLILI,44.11271602634051
LLLLALLFALLVSLLTWLILI,LLLLALLFALLVSLLTALILI,Right,void,,,,,,,,,,,3840.29,4690.42,47.0781,66.2435,3837.61,4749.43,150.102,199.799,-12.7073,1.1e+17,16,W,63.2193,51.1679803,3774.0465,3637.811,136.2355,4.0,0.3466350874067371,0.02514056646473757,R,LLLLALLFALLVSLLTWLILI,32.4078669367193
LLLLALLFALLVSLLTWLILI,LLLLALLAALLVSLLTWLILI,Right,void,,,,,,,,,,,3812.67,4592.75,59.6131,88.9308,3837.61,4749.43,162.098,210.656,-12.7073,1.1e+17,7,F,40.6646,68.6218801,3723.7392,3626.954,96.7852,4.0,0.2243667568930837,0.018062657645977028,R,LLLLALLFALLVSLLTWLILI,20.976664701811668
LLLSYLLFTLLALLLAILILI,LLLSALLFTLLALLLAILILI,Right,void,,,,,,,,,,,3409.28,4018.2,54.5515,48.2947,3362.07,4184.06,169.954,127.015,-18.0446,1.1e+17,4,Y,90.1805,34.87606445,3360.9853,3235.055,125.9303,4.0,0.5347691197084322,0.05013537731459495,R,LLLSYLLFVLLALLLATLILI,49.99703464249057
LLLSYLLVLLLAFLLTILILI,LLLSALLVLLLAFLLTILILI,Right,void,,,,,,,,,,,3495.85,4059.77,44.8713,73.6291,3473.64,4224.57,160.553,181.928,-16.8978,1.1e+17,4,Y,64.8461,53.17132598,3422.2209,3291.712,130.5089,4.0,0.2867521742972865,0.02326627477032561,R,LLLYTLLVLLLAFLLSILILI,26.809248821187804
LLLSYLLVLLLAFLLTILILI,LLLSYLLVLLLAALLTILILI,Right,void,,,,,,,,,,,3426.74,4117.96,45.4612,63.1603,3473.64,4224.57,140.542,218.512,-16.8978,1.1e+17,12,F,66.6617,48.65146123,3363.5797,3255.128,108.4517,4.0,0.4149925665320724,0.0294287060192206,R,LLLSYLLVFLLAILLTLLILI,38.79879551869521
LLLLALLFALLTVLLSILILI,LLLLALLAALLTVLLSILILI,Right,void,,,,,,,,,,,3848.32,4514.63,54.2534,90.2358,3844.69,4658.29,157.8,200.475,-10.266,1.1e+17,7,F,39.3596,69.62886028,3758.0842,3644.215,113.8692,4.0,0.2182654280022796,0.0058731662328057625,R,LLLYALLLALLTVLLSILILI,20.40623469627005
LLLLALLFALLTVLLSILILI,LLLLALLFALLTVLLSALILI,Right,void,,,,,,,,,,,3878.33,4650.37,41.1989,61.5992,3844.69,4658.29,78.8209,109.902,-10.266,1.1e+17,16,I,67.8636,47.58061775,3816.7308,3734.788,81.9428,4.0,0.4542711505326277,0.03619630186641139,R,LLLYALLLALLTVLLSILILI,42.471058281463655
LLLYTLLVILLAFLLSLLILI,LLLYTLLVILLAALLSLLILI,Right,void,,,,,,,,,,,3640.55,4152.31,41.9845,57.1858,3652.52,4230.55,126.589,185.293,-16.9329,1.1e+17,12,F,72.6362,44.0493907,3583.3642,3467.227,116.1372,4.0,0.303639228548102,0.026684995437093892,R,LLLWTLLVFLLAILLSLLILI,28.388065931734456
LLLYTLLVILLAFLLSLLILI,LLLYTLLVALLAFLLSLLILI,Right,void,,,,,,,,,,,3679.02,4187.16,58.8409,63.8327,3652.52,4230.55,107.174,113.113,-16.9329,1.1e+17,8,I,67.4969,48.60496034,3615.1873,3539.407,75.7803,4.0,0.4927820499066555,0.05312783258439016,R,LLLWTLLVFLLAILLSLLILI,46.071548098763735
LLLAYLLITLLVALLSLLILI,LLLAALLITLLVALLSLLILI,Right,void,,,,,,,,,,,3884.77,4551.56,46.4637,81.2911,3830.52,4673.96,149.135,139.099,-8.54133,1.1e+17,4,Y,57.1841,58.70444672,3803.4789,3691.421,112.0579,4.0,0.5250318515637559,0.0375297646595868,R,LLLYALLLTLLVALLSILILI,49.08667068389469
LLLYSLLLILLAVLLTFLILI,LLLYSLLAILLAVLLTFLILI,Right,void,,,,,,,,,,,3579.85,4270.57,59.6128,79.4109,3589.79,4321.95,117.848,174.575,-9.72298,1.1e+17,7,L,50.1845,61.27601751,3500.4391,3415.215,85.2241,4.0,0.1733059774076198,0.012860435172084803,R,LLLYFLLAILLAVLLTLLILI,16.202852103583858
LLLYSLLLILLAVLLTFLILI,LLLYSLLLILLAVLLTALILI,Right,void,,,,,,,,,,,3471.22,4175.98,55.7692,90.9654,3589.79,4321.95,154.387,275.886,-9.72298,1.1e+17,16,F,38.4974,70.26373599,3380.2546,3313.904,66.3506,4.0,0.3248579715194003,0.03746361576048108,R,LLLYFLLAILLAVLLTLLILI,30.37186452501246
LLLSYLLVALLTILLWLLILI,LLLSALLVALLTILLWLLILI,Right,void,,,,,,,,,,,3448.01,4102.84,52.4452,57.8744,3404.7,4275.6,171.56,151.513,-10.6746,1.1e+17,4,Y,80.6008,41.7940541,3390.1356,3253.187,136.9486,4.0,0.6135786847681152,0.05892200311433343,R,LLLYALLVALLTALLSLLILI,57.36515746266555
LLLSYLLVALLTILLWLLILI,LLLSYLLVALLTILLALLILI,Right,void,,,,,,,,,,,3459.58,4110.39,57.6012,79.6893,3404.7,4275.6,181.543,150.484,-10.6746,1.1e+17,15,W,61.483,52.60344556,3379.8907,3254.216,125.6747,4.0,0.6030306180399756,0.05527642241126161,R,LLLSYLLVILLTLLLAFLILI,56.378989716282526
LLLVYLLLALLTSLLFILILI,LLLVALLLALLTSLLFILILI,Right,void,,,,,,,,,,,3976.78,4612.87,51.5702,78.9261,3899.91,4659.45,132.326,117.739,-8.36529,1.1e+17,4,Y,59.5491,56.99655967,3897.8539,3782.171,115.6829,4.0,0.7371877590601478,0.09108652091194518,R,LLLYALLLALLTVLLSILILI,68.92170951801695
LLLVYLLLALLTSLLFILILI,LLLVYLLLALLTSLLAILILI,Right,void,,,,,,,,,,,3896.24,4581.38,47.4496,44.1563,3899.91,4659.45,132.115,141.346,-8.36529,1.1e+17,15,F,85.5641,34.03959593,3852.0837,3758.564,93.5197,4.0,0.5127407832353379,0.03377448205187796,R,LLLTYLLLALLVSLLFILILI,47.93754492782227
LLLAILLLTLLFVLLSLLILI,LLLAILLLTLLAVLLSLLILI,Right,void,,,,,,,,,,,3851.46,4586.54,53.0259,35.2873,3843.05,4708.63,150.183,123.168,-8.16589,1.1e+17,11,F,94.9805,27.08827508,3816.1727,3719.882,96.2907,4.0,0.5282884170435814,0.05991258163611447,R,LLLFILLTALLAVLLSLLILI,49.39113594022652
LLLYSLLVALLFALLTLLILI,LLLYSLLVALLAALLTLLILI,Right,void,,,,,,,,,,,3428.36,4142.56,49.4385,38.2643,3422.16,4286.2,153.158,128.27,-12.5778,1.1e+17,11,F,90.2745,30.46286454,3390.0957,3293.89,96.2057,4.0,0.4636950661576013,0.037119219182950795,R,LLLYSLLFVLLAILLTLLILI,43.35212605184389
LLLYSLLVALLFALLTLLILI,LLLYSLLVALLFALLTALILI,Right,void,,,,,,,,,,,3408.28,4224.34,58.1854,87.2935,3422.16,4286.2,116.881,165.263,-12.5778,1.1e+17,16,L,42.1693,67.42747724,3320.9865,3256.897,64.0895,4.0,0.218572861471569,0.016172612667204208,R,LLLYTLLVALLFALLSLLILI,20.43497749619595
LLLYSLLLTLLFALLVILILI,LLLYSLLLTLLAALLVILILI,Right,void,,,,,,,,,,,3476.21,4144.08,58.0954,31.1714,3475.19,4292.94,158.488,127.416,-11.7525,1.1e+17,11,F,99.0964,23.92870686,3445.0386,3347.774,97.2646,4.0,0.4171306751248225,0.02023897819941375,R,LLLYSLLLALLFALLVTLILI,38.99869316693528
LLLTLLLAVLLAYLLSFLILI,LLLTLLLAVLLAALLSFLILI,Right,void,,,,,,,,,,,3825.17,4580.9,35.7541,66.371,3770.15,4685.43,135.475,140.201,-13.6633,1.1e+17,12,Y,63.451,51.12461678,3758.799,3629.949,128.85,4.0,0.3661628547093835,0.03363033246591858,R,LLLTILLAVLLAYLLSLLILI,34.23357156763221
LLLTLLLAVLLAYLLSFLILI,LLLTALLAVLLAYLLSFLILI,Right,void,,,,,,,,,,,3832.53,4624.43,58.1511,56.9802,3770.15,4685.43,116.479,84.6292,-13.6633,1.1e+17,4,L,81.495,41.1483067,3775.5498,3685.5208,90.029,4.0,0.5387542055692492,0.050562156914135924,R,LLLYALLTVLLALLLSFLILI,50.369611271345285
LLLYSLLVALLFTLLFLLILI,LLLYSLLVALLFTLLALLILI,Right,void,,,,,,,,,,,3479.2,4264.61,50.5073,38.5812,3445.66,4379.2,140.824,110.244,-11.9863,1.1e+17,15,F,91.1392,29.74181393,3440.6188,3335.416,105.2028,4.0,0.3086686589829424,0.023319435890389914,R,LLLYALLVALLFTLLSLLILI,28.85828120485981
LLLAALLFSLLTTLLVLLILI,LLLAALLFSLLTTLLVALILI,Right,void,,,,,,,,,,,3773.72,4649.91,40.1995,63.5938,3764.23,4673.93,88.1169,108.365,-9.57001,1.1e+17,16,L,65.869,49.12129199,3710.1262,3655.865,54.2612,4.0,0.5122422023950824,0.026610229828474444,R,LLLAALLFSLLTTLLVLLILI,47.89093123487769
LLLFYLLTALLIALLSLLILI,LLLFALLTALLIALLSLLILI,Right,void,,,,,,,,,,,3459.87,4066.05,60.9917,94.0224,3447.9,4172.42,162.727,179.009,-13.6937,1.1e+17,4,Y,44.4528,67.89836736,3365.8476,3268.891,96.9566,4.0,0.5263535022076544,0.0714155183630419,R,LLLTALLVALLFALLSLLILI,49.21023543472453
LLLFYLLTALLIALLSLLILI,LLLFYLLTALLAALLSLLILI,Right,void,,,,,,,,,,,3501.93,4139.26,51.9451,54.2785,3447.9,4172.42,101.205,80.2579,-13.6937,1.1e+17,11,I,75.9893,41.66685858,3447.6515,3367.6421,80.0094,4.0,0.5707884553879238,0.05003110396252417,R,LLLAYLLTVLLAFLLSLLILI,53.3645813227269
LLLYLLLVALLATLLSFLILI,LLLYLLLVALLATLLSALILI,Right,void,,,,,,,,,,,3548.61,4161.11,55.5757,107.133,3594.36,4309.09,155.51,244.813,-6.01584,1.1e+17,16,F,22.3298,82.75195655,3441.477,3349.547,91.93,4.0,0.2390726988995264,0.02349754196788997,R,LLLYYLLVFLLATLLSLLILI,22.351563634546324
LLLYLLLVALLATLLSFLILI,LLLYALLVALLATLLSFLILI,Right,void,,,,,,,,,,,3597.57,4208.13,52.7087,74.2037,3594.36,4309.09,125.025,134.57,-6.01584,1.1e+17,4,L,64.2715,53.58627393,3523.3663,3459.79,63.5763,4.0,0.3637983203892315,0.03295710859221233,R,LLLYALLTVLLALLLSFLILI,34.01250475587903
LLLYLLLFTLLAALLTSLILI,LLLYLLLATLLAALLTSLILI,Right,void,,,,,,,,,,,3453.07,4142.89,56.746,68.913,3460.5,4294.59,158.599,172.984,-11.3656,1.1e+17,7,F,60.6824,53.17549851,3384.157,3287.516,96.641,4.0,0.0576374821954502,0.0003514250680521077,R,LLLYLLLAVLLAFLLTSLILI,5.388686608536832
LLLYLLLFTLLAALLTSLILI,LLLALLLFTLLAALLTSLILI,Right,void,,,,,,,,,,,3271.73,4104.99,60.3853,121.087,3460.5,4294.59,181.248,360.04,-11.3656,1.1e+17,3,Y,48.6438,71.34061702,3150.643,3100.46,50.183,4.0,0.3612031394944215,0.04607937869204806,R,LLLYLLLFTLLAALLTSLILI,33.76987416200314
LLLYALLTALLSVLLFLLILI,LLLYALLTALLSVLLALLILI,Right,void,,,,,,,,,,,3985.0,4680.69,45.3124,30.44,3935.92,4786.07,140.252,112.352,-11.5768,1.1e+17,15,F,99.2804,23.46585425,3954.56,3823.568,130.992,4.0,0.828356671071059,0.06745897298742311,R,LLLYALLTALLFVLLSLLILI,77.44534165035272
LLLYALLTALLSVLLFLLILI,LLLYALLTALLSVLLFALILI,Right,void,,,,,,,,,,,3945.6,4730.52,40.9404,63.1496,3935.92,4786.07,101.065,133.982,-11.5768,1.1e+17,16,L,66.3132,48.77818184,3882.4504,3801.938,80.5124,4.0,0.4281634589398214,0.03937999154502185,R,LLLYALLTALLFVLLSLLILI,40.03017844585781
LLLYLLLAILLAFLLTSLILI,LLLYLLLAILLAALLTSLILI,Right,void,,,,,,,,,,,3517.5,4159.0,49.8551,77.2359,3585.83,4286.09,147.36,240.36,-7.22105,1.1e+17,12,F,52.5861,59.49369136,3440.2641,3345.47,94.7941,4.0,0.1834390311956119,0.013566312866208345,R,LLLYFLLAILLAVLLTLLILI,17.150219149662888
LLLYLLLAILLAFLLTSLILI,LLLYALLAILLAFLLTSLILI,Right,void,,,,,,,,,,,3617.93,4188.85,50.9356,54.5231,3585.83,4286.09,120.714,101.573,-7.22105,1.1e+17,4,L,83.9521,39.37390955,3563.4069,3484.257,79.1499,4.0,0.1729370511131178,0.012818414619095634,R,LLLYFLLAILLAVLLTLLILI,16.168360170435587
LLLFSLLTTLLAYLLALLILI,LLLFSLLTTLLAALLALLILI,Right,void,,,,,,,,,,,3371.56,4088.73,46.0533,54.1406,3331.42,4210.18,145.998,125.45,-8.99205,1.1e+17,12,Y,75.6814,41.7037174,3317.4194,3205.97,111.4494,4.0,0.4663409795908353,0.03649559668563736,R,LLLVSLLLTLLAYLLALLILI,43.59949977015912
LLLYLLLTVLLAFLLSILILI,LLLYLLLTVLLAALLSILILI,Right,void,,,,,,,,,,,3651.92,4175.46,45.6252,58.7896,3668.79,4289.54,140.785,191.575,-7.06731,1.1e+17,12,F,71.0324,45.28477454,3593.1304,3477.215,115.9154,4.0,0.2126857733571902,0.015560879934728284,R,LLLYALLTVLLALLLSFLILI,19.88457744961422
LLLYLLLTVLLAFLLSILILI,LLLYALLTVLLAFLLSILILI,Right,void,,,,,,,,,,,3666.16,4201.73,58.9025,87.6732,3668.79,4289.54,127.236,156.214,-7.06731,1.1e+17,4,L,50.802,63.31328642,3578.4868,3512.576,65.9108,4.0,0.4130261744571886,0.04335420416053839,R,LLLYALLTVLLALLLSFLILI,38.61495211961808
LLLYSLLFTLLAVLLALLILI,LLLYSLLFTLLAVLLAALILI,Right,void,,,,,,,,,,,3487.65,4201.14,55.4941,101.563,3480.59,4245.28,109.083,166.109,-5.51293,1.1e+17,16,L,27.8998,78.44956235,3386.087,3314.481,71.606,4.0,0.1801062968956331,0.008934680288084636,R,LLLYSLLLTLLATLLAFLILI,16.83863266100942
LLLVYLLFALLTTLLSLLILI,LLLVALLFALLTTLLSLLILI,Right,void,,,,,,,,,,,3404.38,4079.2,57.6982,43.6582,3315.6,4156.97,149.192,84.9791,-7.64414,1.1e+17,4,Y,94.817,31.52781148,3360.7218,3230.6209,130.1009,4.0,0.4839799213813008,0.040331209233605385,R,LLLVALLIALLFTLLSLLILI,45.24861291310874
LLLVYLLFALLTTLLSLLILI,LLLVYLLAALLTTLLSLLILI,Right,void,,,,,,,,,,,3291.54,4014.39,51.5079,71.8519,3315.6,4156.97,154.835,214.563,-7.64414,1.1e+17,7,F,57.7435,55.44324876,3219.6881,3101.037,118.6511,4.0,0.1809233541399641,0.0151642844141404,R,LLLVALLIALLFTLLSLLILI,16.915021588201004
LLLYALLLTLLSILLVFLILI,LLLYALLLTLLSALLVFLILI,Right,void,,,,,,,,,,,3670.18,4251.16,48.5528,64.9296,3659.16,4268.21,89.0405,120.513,-7.49055,1.1e+17,12,I,64.8924,50.01432731,3605.2504,3538.647,66.6034,4.0,0.3638754769381649,0.0379140002806278,R,LLLYALLLTLLVALLSILILI,34.019718333678775
LLLFYLLVTLLIALLSLLILI,LLLFALLVTLLIALLSLLILI,Right,void,,,,,,,,,,,3534.89,4117.5,47.2159,94.8128,3521.13,4272.19,162.01,155.112,-12.9621,1.1e+17,4,Y,43.6624,68.46915549,3440.0772,3366.018,74.0592,4.0,0.3914447234518107,0.01403575492020007,R,LLLTALLVALLFALLSLLILI,36.59724295544758
LLLAYLLLTLLVALLSILILI,LLLAALLLTLLVALLSILILI,Right,void,,,,,,,,,,,3874.61,4558.93,47.7678,88.7882,3799.81,4591.47,122.845,129.541,-12.0347,1.1e+17,4,Y,49.687,64.11848475,3785.8218,3670.269,115.5528,4.0,0.4213028128303294,0.03323848649823065,R,LLLYALLLTLLVALLSILILI,39.38875778680189
LLLYALLLSLLTALLVFLILI,LLLYALLLSLLTALLVALILI,Right,void,,,,,,,,,,,3892.53,4665.87,42.9397,78.112,3906.28,4767.35,135.45,197.115,-7.23242,1.1e+17,16,F,51.3508,60.33547861,3814.418,3709.165,105.253,4.0,0.3579034427667297,0.027238831786417745,R,LLLYALLLSLLFALLTILILI,33.46137644677592
LLLTYLLLFLLVALLSILILI,LLLTYLLLALLVALLSILILI,Right,void,,,,,,,,,,,3504.6,4112.62,50.676,52.1038,3447.33,4247.05,152.466,110.177,-5.89312,1.1e+17,8,F,79.2258,39.67407195,3452.4962,3337.153,115.3432,4.0,0.3319552000051583,0.029461069078443335,R,LLLYWLLLALLVALLSTLILI,31.03540392059607
LLLTYLLLFLLVALLSILILI,LLLTALLLFLLVALLSILILI,Right,void,,,,,,,,,,,3485.27,4087.98,56.8119,70.2202,3447.33,4247.05,169.434,124.857,-5.89312,1.1e+17,4,Y,68.255,50.70958554,3415.0498,3322.473,92.5768,4.0,0.3337193618945774,0.03156962920711325,R,LLLTVLLLALLFALLSILILI,31.200340263869474
LLLYILLVALLATLLTLLILI,LLLYILLVALLATLLTALILI,Right,void,,,,,,,,,,,3505.54,4140.26,55.6694,93.979,3516.6,4180.55,107.412,170.202,-11.5225,1.1e+17,16,L,35.4838,72.59150891,3411.561,3346.398,65.163,4.0,0.2047583145086207,0.012531690276090518,R,LLLYLLLVALLATLLSFLILI,19.143417535790203
LLLYILLVALLATLLTLLILI,LLLYALLVALLATLLTLLILI,Right,void,,,,,,,,,,,3516.25,4129.24,52.534,72.8085,3516.6,4180.55,108.418,132.873,-11.5225,1.1e+17,4,I,100.5689,27.37407131,3443.4415,3383.727,59.7145,4.0,0.391419377900035,0.027779406458055697,R,LLLYYLLVFLLATLLSLLILI,36.59487333015797
LLLSYLLTILLAFLLTLLILI,LLLSALLTILLAFLLTLLILI,Right,void,,,,,,,,,,,3462.56,4048.22,49.2227,60.2741,3416.67,4220.45,165.105,154.782,-10.6211,1.1e+17,4,Y,78.2011,43.52699978,3402.2859,3261.888,140.3979,4.0,0.4442599138642295,0.03952193346931797,R,LLLFALLTILLAYLLSLLILI,41.53508025267063
LLLSYLLTILLAFLLTLLILI,LLLSYLLTILLAALLTLLILI,Right,void,,,,,,,,,,,3388.61,4141.29,44.5366,64.4366,3416.67,4220.45,129.633,199.341,-10.6211,1.1e+17,12,F,65.3854,49.63457657,3324.1734,3217.329,106.8444,4.0,0.4849134693306413,0.030884310401791463,R,LLLSYLLTILLAVLLSLLILI,45.335892876448895
LLLFTLLVALLAYLLSLLILI,LLLFTLLVALLAALLSLLILI,Right,void,,,,,,,,,,,3354.54,4074.95,47.4719,40.8317,3327.27,4222.84,154.318,119.824,-8.62057,1.1e+17,12,Y,88.9903,31.45206514,3313.7083,3207.446,106.2623,4.0,0.468800404682785,0.05638723579341932,R,LLLTALLVALLFALLSLLILI,43.82943818094443
LLLFTLLVALLAYLLSLLILI,LLLFTLLVALLAYLLSALILI,Right,void,,,,,,,,,,,3322.4,4167.48,58.2009,105.005,3327.27,4222.84,114.721,177.379,-8.62057,1.1e+17,16,L,24.4578,81.10824113,3217.395,3149.891,67.504,4.0,0.4195432683563283,0.04792267767914505,R,LLLTALLVALLAYLLSFLILI,39.22425313838539
LLLTALLVALLSLLLFILILI,LLLTALLVALLSLLLAILILI,Right,void,,,,,,,,,,,3863.57,4557.82,46.2703,45.1135,3773.59,4652.08,134.95,86.2935,-11.1396,1.1e+17,15,F,84.6069,34.77749066,3818.4565,3687.2965,131.16,4.0,0.9556348745764026,0.1068826393801604,R,LLLYALLVALLSLLLFTLILI,89.34493067927825
LLLTALLVALLSLLLFILILI,LLLTALLVALLSLLLFALILI,Right,void,,,,,,,,,,,3784.22,4639.88,41.4464,62.144,3773.59,4652.08,83.1142,124.646,-11.1396,1.1e+17,16,I,67.3188,48.00143362,3722.076,3648.944,73.132,4.0,0.6050848722790668,0.03040325696388142,R,LLLTALLIALLSVLLFLLILI,56.57104759055231
LLLAYLLIALLVSLLTLLILI,LLLAALLIALLVSLLTLLILI,Right,void,,,,,,,,,,,3891.67,4623.92,51.1559,67.7783,3744.01,4736.72,150.958,107.083,-5.58676,1.1e+17,4,Y,70.6969,48.94616509,3823.8917,3636.927,186.9647,4.0,0.528927298520235,0.04504590064065983,R,LLLLALLFALLVSLLTWLILI,49.450866725239145
LLLAYLLIALLVSLLTLLILI,LLLAYLLAALLVSLLTLLILI,Right,void,,,,,,,,,,,3715.31,4705.92,55.5948,111.72,3744.01,4736.72,100.883,201.088,-5.58676,1.1e+17,7,I,17.8754,86.20676351,3603.59,3542.922,60.668,4.0,0.4842242664369025,0.028372945775971953,R,LLLAYLLIALLVSLLTLLILI,45.27145740386074
LLLYALLLALLVSLLTILILI,LLLYALLAALLVSLLTILILI,Right,void,,,,,,,,,,,3901.45,4628.0,59.4777,90.7678,3903.82,4681.74,118.679,179.239,-9.70532,1.1e+17,7,L,38.8276,70.03936868,3810.6822,3724.581,86.1012,4.0,0.6802567368884075,0.04628487045791736,R,LLLYALLLALLVSLLFTLILI,63.59907179857495
LLLYALLLALLVSLLTILILI,LLLYALLLALLVSLLTALILI,Right,void,,,,,,,,,,,3947.32,4664.26,44.4865,50.9223,3903.82,4681.74,87.2463,93.4343,-9.70532,1.1e+17,16,I,78.5405,39.33353828,3896.3977,3810.3857,86.012,4.0,0.3050232086648717,0.022930954225562367,R,LLLYALLLALLVSLLFTLILI,28.51745803627553
LLLYVLLATLLALLLSFLILI,LLLYVLLATLLALLLSALILI,Right,void,,,,,,,,,,,3947.04,4679.42,44.4874,89.1832,4021.44,4802.33,141.008,256.556,-7.55078,1.1e+17,16,F,40.2796,68.88712433,3857.8568,3764.884,92.9728,4.0,0.2808168004131984,0.03181954808437533,R,LLLYVLLTILLALLLSFLILI,26.254334405298053
LLLYVLLATLLALLLSFLILI,LLLAVLLATLLALLLSFLILI,Right,void,,,,,,,,,,,3860.14,4636.87,61.7128,120.907,4021.44,4802.33,175.381,346.541,-7.55078,1.1e+17,3,Y,48.8238,71.23456674,3739.233,3674.899,64.334,4.0,0.377690203667326,0.02949122240738961,R,LLLYVLLTILLALLLSFLILI,35.31129510092178
LLLTYLLVALLIALLSLLILI,LLLTALLVALLIALLSLLILI,Right,void,,,,,,,,,,,3765.92,4546.42,47.8037,52.57,3666.45,4661.9,150.125,97.9484,-9.59349,1.1e+17,4,Y,85.9052,37.96347649,3713.35,3568.5016,144.8484,4.0,0.5474040954725499,0.0482660266983281,R,LLLTALLVALLFALLSLLILI,51.17831324984554
LLLTYLLVALLIALLSLLILI,LLLTYLLVALLAALLSLLILI,Right,void,,,,,,,,,,,3714.21,4629.58,51.7423,57.7073,3666.45,4661.9,100.121,87.9917,-9.59349,1.1e+17,11,I,81.3402,37.34482599,3656.5027,3578.4583,78.0444,4.0,0.6465775680884143,0.06748991374863547,R,LLLTALLVALLFALLSLLILI,60.45031375109902
LLLSYLLFTLLAILLTLLILI,LLLSALLFTLLAILLTLLILI,Right,void,,,,,,,,,,,3378.2,4097.41,54.4037,64.4546,3332.87,4260.66,167.239,144.093,-22.0793,1.1e+17,4,Y,74.0206,46.54595191,3313.7454,3188.777,124.9684,4.0,0.6279567342422961,0.04342991302202506,R,LLLYSLLFVLLAILLTLLILI,58.70940082145187
LLLYSLLLALLFVLLTILILI,LLLYSLLAALLFVLLTILILI,Right,void,,,,,,,,,,,3497.35,4236.56,59.9981,71.7801,3499.5,4351.54,131.773,145.446,-8.47795,1.1e+17,7,L,57.8153,55.38784556,3425.5699,3354.054,71.5159,4.0,0.1885378901769675,0.014722156136098561,R,LLLYSLLLALLFALLTILILI,17.626925488403995
LLLVYLLIALLTALLSLLILI,LLLVALLIALLTALLSLLILI,Right,void,,,,,,,,,,,3402.03,3982.38,51.8587,84.2763,3381.16,4088.56,154.369,163.877,-16.3645,1.1e+17,4,Y,54.1989,60.86021179,3317.7537,3217.283,100.4707,4.0,0.5431469653153503,0.054048702268265664,R,LLLTALLVALLFALLSLLILI,50.78030245209577
LLLVYLLIALLTALLSLLILI,LLLVYLLAALLTALLSLLILI,Right,void,,,,,,,,,,,3372.85,4072.41,51.3191,99.9609,3381.16,4088.56,92.1227,175.91,-16.3645,1.1e+17,7,I,29.6345,77.13306182,3272.8891,3205.25,67.6391,4.0,0.3680030792816862,0.029994893147854765,R,LLLYALLVALLTALLSLLILI,34.40561922016222
LLLYTLLVALLFLLLSLLILI,LLLYTLLVALLALLLSLLILI,Right,void,,,,,,,,,,,3845.16,4681.24,48.4474,26.674,3845.04,4804.89,145.915,129.862,-14.9005,1.1e+17,11,F,103.5938,20.4762804,3818.486,3715.178,103.308,4.0,0.3679177873953781,0.042873153420712844,R,LLLWTLLVFLLAILLSLLILI,34.397645047313965
LLLYTLLVALLFLLLSLLILI,LLLYTLLVALLFLLLSALILI,Right,void,,,,,,,,,,,3873.91,4755.68,44.4973,85.4142,3845.04,4804.89,98.1103,142.048,-14.9005,1.1e+17,16,L,44.0486,65.97586334,3788.4958,3702.992,85.5038,4.0,0.2375431997490653,0.021031888388310886,R,LLLYALLVALLFTLLSLLILI,22.20856655563317
LLLTALLVALLFALLSLLILI,LLLTALLVALLAALLSLLILI,Right,void,,,,,,,,,,,3713.3,4572.91,51.3366,41.6077,3703.2,4715.81,154.827,133.086,-12.8177,1.1e+17,11,F,88.6601,31.94012642,3671.6923,3570.114,101.5783,5.0,0.5129346982144144,0.04489504702365782,R,LLLTALLVALLFALLSLLILI,47.95567457212909
LLLTALLVALLFALLSLLILI,LLLTALLVALLFALLSALILI,Right,void,,,,,,,,,,,3716.67,4676.79,47.8327,51.2162,3703.2,4715.81,97.0603,115.787,-12.8177,1.1e+17,16,L,78.2466,39.5605533,3665.4538,3587.413,78.0408,5.0,0.4229613656744501,0.02867645396465771,R,LLLTALLVALLFALLSLLILI,39.543820450197856
LLLYFLLVLLLATLLSILILI,LLLYALLVLLLATLLSILILI,Right,void,,,,,,,,,,,3924.49,4672.14,40.7161,53.5877,3899.02,4755.09,128.631,122.399,-11.9856,1.1e+17,4,F,84.8875,38.69840953,3870.9023,3776.621,94.2813,5.0,0.3074440835971511,0.028003140103799642,R,LLLAYLLVLLLATLLSFLILI,28.74379228669056
LLLYFLLVLLLATLLSILILI,LLLAFLLVLLLATLLSILILI,Right,void,,,,,,,,,,,3754.58,4574.07,57.8645,90.9596,3899.02,4755.09,175.922,308.688,-11.9856,1.1e+17,3,Y,78.7712,53.59050921,3663.6204,3590.332,73.2884,5.0,0.3393309839229814,0.022356321818907388,R,LLLAYLLVLLLATLLSFLILI,31.72498622904348
LLLTYLLFTLLAVLLSLLILI,LLLTALLFTLLAVLLSLLILI,Right,void,,,,,,,,,,,3823.55,4626.28,50.5996,37.0907,3720.48,4721.56,144.044,64.1024,-19.7151,1.1e+17,4,Y,101.3845,26.78508498,3786.4593,3656.3776,130.0817,5.0,0.376432949081998,0.03651702377440475,R,LLLTYLLFVLLAILLSLLILI,35.19375091457956
LLLYTLLIALLFVLLSLLILI,LLLYTLLIALLFVLLSALILI,Right,void,,,,,,,,,,,3512.57,4218.51,55.4957,111.641,3492.62,4261.55,108.084,170.02,-12.3755,1.1e+17,16,L,17.8218,86.23403789,3400.929,3322.6,78.329,5.0,0.2353197693094911,0.023248270134251,R,LLLYALLTALLFVLLSLLILI,22.000691933453844
LLLAYLLFTLLAVLLSLLILI,LLLAALLFTLLAVLLSLLILI,Right,void,,,,,,,,,,,3415.69,4063.23,54.7633,57.3389,3369.28,4226.25,167.334,148.667,-6.33878,1.1e+17,4,Y,81.1363,41.40734225,3358.3511,3220.613,137.7381,5.0,0.4334992929652282,0.05558004507993742,R,LLLTALLFALLAYLLSLLILI,40.529040232716966
LLLYWLLVALLAFLLSLLILI,LLLYALLVALLAFLLSLLILI,Right,void,,,,,,,,,,,3537.72,4154.48,59.5741,45.6529,3523.96,4352.15,197.651,185.94,-12.0787,1.1e+17,4,W,92.8223,32.96828602,3492.0671,3338.02,154.0471,5.0,0.3495586185536021,0.025401657638339806,R,LLLTALLVALLFALLSLLILI,32.68119589802488
LLLYWLLVALLAFLLSLLILI,LLLYWLLVALLAALLSLLILI,Right,void,,,,,,,,,,,3564.13,4258.22,44.902,70.8022,3523.96,4352.15,131.663,140.954,-12.0787,1.1e+17,12,F,59.0198,54.53790575,3493.3278,3383.006,110.3218,5.0,0.5909863944808317,0.0632824778975781,R,LLLTALLVALLFALLSLLILI,55.25294215606301
LLLVYLLTALLLALLSFLILI,LLLVALLTALLLALLSFLILI,Right,void,,,,,,,,,,,3331.68,4023.72,61.0267,69.5765,3279.16,4140.91,161.988,137.962,-15.6341,1.1e+17,4,Y,68.8987,50.24473696,3262.1035,3141.198,120.9055,5.0,0.4758982716461419,0.05995279862402,R,LLLVALLLALLFALLSTLILI,44.49303726955341
LLLVYLLTALLLALLSFLILI,LLLVYLLTALLAALLSFLILI,Right,void,,,,,,,,,,,3314.1,4101.68,51.917,63.2476,3279.16,4140.91,107.16,125.0,-15.6341,1.1e+17,11,L,67.0202,48.55198292,3250.8524,3154.16,96.6924,5.0,0.4766500392331275,0.04854831621289311,R,LLLSYLLTVLLALLLSFLILI,44.56332208725215
LLLYVLLIALLATLLSLLILI,LLLYVLLIALLATLLSALILI,Right,void,,,,,,,,,,,3984.91,4678.42,41.4396,55.6199,3977.68,4726.16,99.3651,135.267,-10.2071,1.1e+17,16,L,73.8429,42.96207096,3929.2901,3842.413,86.8771,5.0,0.2445107097428339,0.02314681921782237,R,LLLYLLLVALLATLLSFLILI,22.85997821291113
LLLYVLLIALLATLLSLLILI,LLLYVLLAALLATLLSLLILI,Right,void,,,,,,,,,,,3990.19,4676.82,58.2288,70.718,3977.68,4726.16,110.266,140.321,-10.2071,1.1e+17,7,I,58.8774,54.56829486,3919.472,3837.359,82.113,5.0,0.393647795065308,0.016809184969699954,R,LLLYYLLVFLLATLLSLLILI,36.803214175027286
LLLVALLIALLLSLLFTLILI,LLLVALLIALLLSLLATLILI,Right,void,,,,,,,,,,,3727.33,4542.11,48.2534,34.4665,3711.74,4623.29,134.181,112.781,-11.3414,1.1e+17,15,F,95.2539,26.5698379,3692.8635,3598.959,93.9045,5.0,0.5320358979310388,0.05338305784279505,R,LLLVALLIALLLSLLFTLILI,49.74149822714098
LLLVALLIALLLSLLFTLILI,LLLVALLAALLLSLLFTLILI,Right,void,,,,,,,,,,,3743.05,4609.27,45.2927,79.9797,3711.74,4623.29,86.9585,133.144,-11.3414,1.1e+17,7,I,49.6157,61.71492198,3663.0703,3578.596,84.4743,5.0,0.2854563797690376,0.017390103951186987,R,LLLVALLIALLLSLLFTLILI,26.68810142966728
LLLAALLLSLLFTLLVFLILI,LLLAALLLSLLATLLVFLILI,Right,void,,,,,,,,,,,3784.69,4663.85,57.7124,50.006,3782.59,4815.16,158.469,145.808,-9.60666,1.1e+17,11,F,80.2618,38.38707647,3734.684,3636.782,97.902,5.0,0.3698254345499185,0.019959857494294644,R,LLLYSLLLALLATLLVFLILI,34.575996222346674
LLLTYLLLVLLAILLSFLILI,LLLTALLLVLLAILLSFLILI,Right,void,,,,,,,,,,,3936.88,4666.82,48.8704,60.4922,3842.81,4711.6,130.949,125.443,-7.94812,1.1e+17,4,Y,77.983,43.68450091,3876.3878,3717.367,159.0208,5.0,0.2797453187541026,0.02178662747426653,R,LLLYALLTVLLALLLSFLILI,26.15415864036641
LLLTYLLLVLLAILLSFLILI,LLLTYLLLVLLAILLSALILI,Right,void,,,,,,,,,,,3780.18,4608.32,41.4032,77.3384,3842.81,4711.6,135.143,240.717,-7.94812,1.1e+17,16,F,52.1244,59.73793244,3702.8416,3602.093,100.7486,5.0,0.4018849978742809,0.027028724135313095,R,LLLTYLLAVLLAILLFLLILI,37.57333290294108
LLLATLLVALLFLLLSILILI,LLLATLLVALLALLLSILILI,Right,void,,,,,,,,,,,3802.78,4584.83,51.3696,30.5559,3777.62,4678.81,140.522,142.029,-11.9598,1.1e+17,11,F,99.7119,23.45621865,3772.2241,3635.591,136.6331,5.0,0.582522489476951,0.04791666065723775,R,LLLYTLLVLLLAFLLSILILI,54.4616284169292
LLLATLLVALLFLLLSILILI,LLLATLLVALLFLLLSALILI,Right,void,,,,,,,,,,,3745.65,4621.1,44.0269,88.061,3777.62,4678.81,94.7589,178.87,-11.9598,1.1e+17,16,I,41.4018,68.02031163,3657.589,3598.75,58.839,5.0,0.375733895572946,0.024468729262993393,R,LLLYTLLVALLFALLSLLILI,35.12839448089453
LLLSYLLVFLLAILLTLLILI,LLLSALLVFLLAILLTLLILI,Right,void,,,,,,,,,,,3439.31,4025.1,63.3005,58.6931,3404.12,4201.25,179.154,157.017,-6.44439,1.1e+17,4,Y,79.7821,42.3852791,3380.6169,3247.103,133.5139,5.0,0.3656291456299408,0.035170362284000035,R,LLLWTLLVFLLAILLSLLILI,34.183673639067344
LLLSYLLVFLLAILLTLLILI,LLLSYLLVALLAILLTLLILI,Right,void,,,,,,,,,,,3437.68,4110.86,45.4187,45.1566,3404.12,4201.25,133.904,141.089,-6.44439,1.1e+17,8,F,86.173,34.38417539,3392.5234,3263.031,129.4924,5.0,0.7405002621732496,0.04221941508674095,R,LLLSYLLVFLLATLLSLLILI,69.23140453741038
LLLYFLLVALLTLLLSILILI,LLLYALLVALLTLLLSILILI,Right,void,,,,,,,,,,,3544.47,4152.64,49.4187,35.3736,3529.7,4293.82,152.678,118.567,-9.13618,1.1e+17,4,F,103.1016,25.54507955,3509.0964,3411.133,97.9634,5.0,0.3950692495258898,0.026551329526983615,R,LLLYALLLALLTVLLSILILI,36.936109858957536
LLLYFLLVALLTLLLSILILI,LLLAFLLVALLTLLLSILILI,Right,void,,,,,,,,,,,3458.02,4107.46,64.4438,116.585,3529.7,4293.82,183.606,284.271,-9.13618,1.1e+17,3,Y,53.1458,68.68818152,3341.435,3245.429,96.006,5.0,0.5365352467594382,0.05156519299049244,R,LLLAYLLVLLLTLLLSFLILI,50.16215471412136
LLLYVLLFTLLAALLSLLILI,LLLYVLLATLLAALLSLLILI,Right,void,,,,,,,,,,,3969.47,4686.61,55.9005,66.2591,3982.59,4831.34,155.524,171.347,-6.70548,1.1e+17,7,F,73.0502,43.73049252,3903.2109,3811.243,91.9679,5.0,0.3365614206563184,0.02031975313025063,R,LLLYVLLIALLATLLSLLILI,31.466052147989178
LLLYVLLFTLLAALLSLLILI,LLLYVLLFTLLAALLSALILI,Right,void,,,,,,,,,,,3992.29,4783.78,45.2521,45.55,3982.59,4831.34,100.049,95.0461,-6.70548,1.1e+17,16,L,83.9128,35.18385204,3946.74,3887.5439,59.1961,5.0,0.1722599534810981,0.01160475469326256,R,LLLYVLLFILLALLLSTLILI,16.10505645203297
LLLVSLLLTLLFALLAYLILI,LLLVSLLLTLLFALLAALILI,Right,void,,,,,,,,,,,3230.07,4061.52,58.542,99.0371,3238.99,4226.46,169.76,229.122,-17.1169,1.1e+17,16,Y,30.4257,76.49849996,3131.0329,3009.868,121.1649,5.0,0.3511648480977585,0.02367381709271147,R,LLLVSLLLTLLAYLLALLILI,32.83136671231342
LLLVSLLLTLLFALLAYLILI,LLLVSLLLTLLAALLAYLILI,Right,void,,,,,,,,,,,3254.41,4075.81,56.0237,24.7074,3238.99,4226.46,157.559,109.584,-17.1169,1.1e+17,11,F,105.5604,18.96662107,3229.7026,3129.406,100.2966,5.0,0.3939496600664907,0.04326542350472395,R,LLLYSLLLTLLATLLAFLILI,36.83143636356673
LLLSYLLTILLAVLLSLLILI,LLLSALLTILLAVLLSLLILI,Right,void,,,,,,,,,,,3873.39,4520.47,47.251,62.6178,3781.6,4659.26,151.488,114.8,-19.7751,1.1e+17,4,Y,75.8574,45.21950501,3810.7722,3666.8,143.9722,5.0,0.5410816476126871,0.031642084046084304,R,LLLFALLTILLAYLLSLLILI,50.58721022421226
LLLSYLLTILLAVLLSLLILI,LLLSYLLTILLAVLLSALILI,Right,void,,,,,,,,,,,3778.1,4637.1,42.4766,87.9831,3781.6,4659.26,90.2004,170.336,-19.7751,1.1e+17,16,L,41.4797,67.9601399,3690.1169,3611.264,78.8529,5.0,0.4200491440732443,0.019281132788797086,R,LLLSYLLTILLAVLLSLLILI,39.27154884939659
LLLTWLLVALLLALLFSLILI,LLLTALLVALLLALLFSLILI,Right,void,,,,,,,,,,,3290.65,4056.31,55.9772,60.1405,3262.02,4224.4,188.997,133.335,-9.71765,1.1e+17,4,W,78.3347,43.43052041,3230.5095,3128.685,101.8245,5.0,0.5504522248878659,0.05719890436451024,R,LLLTALLVALLFALLSLLILI,51.46329124568689
LLLTWLLVALLLALLFSLILI,LLLTWLLVALLLALLASLILI,Right,void,,,,,,,,,,,3237.47,4053.11,64.6664,57.9129,3262.02,4224.4,169.224,167.342,-9.71765,1.1e+17,15,F,71.8075,44.64440443,3179.5571,3094.678,84.8791,5.0,0.6739406297681916,0.05201429855186066,R,LLLTWLLVALLLALLFSLILI,63.00856158611674
LLLTYLLVFLLALLLASLILI,LLLTALLVFLLALLLASLILI,Right,void,,,,,,,,,,,3367.69,4023.39,52.3667,62.2512,3310.59,4194.77,170.125,135.413,-8.27773,1.1e+17,4,Y,76.224,44.95476446,3305.4388,3175.177,130.2618,5.0,0.5546749087028263,0.05324650212383746,R,LLLTYLLVFLLALLLASLILI,51.85808156023602
LLLTYLLVFLLALLLASLILI,LLLTYLLVALLALLLASLILI,Right,void,,,,,,,,,,,3354.33,4111.4,46.2598,42.6574,3310.59,4194.77,133.438,98.4282,-8.27773,1.1e+17,8,F,88.6722,32.48117713,3311.6726,3212.1618,99.5108,5.0,0.4323754253831735,0.031900346579823685,R,LLLTYLLVFLLALLLASLILI,40.42396676388204
LLLSYLLFVLLALLLATLILI,LLLSALLFVLLALLLATLILI,Right,void,,,,,,,,,,,3430.88,4000.88,60.4177,32.8913,3392.38,4113.84,164.318,147.338,-17.9099,1.1e+17,4,Y,105.5839,23.7524842,3397.9887,3245.042,152.9467,5.0,0.4324813063377093,0.035027076280345786,R,LLLSYLLFVLLALLLATLILI,40.43386586530136
LLLSYLLFVLLALLLATLILI,LLLSYLLAVLLALLLATLILI,Right,void,,,,,,,,,,,3401.71,4024.12,59.6659,38.1872,3392.38,4113.84,144.969,138.356,-17.9099,1.1e+17,7,F,91.4082,29.46647798,3363.5228,3254.024,109.4988,5.0,0.4500509905662044,0.03538762713968584,R,LLLSYLLFVLLALLLATLILI,42.07650392845023
LLLVWLLTALLIALLSLLILI,LLLVWLLTALLAALLSLLILI,Right,void,,,,,,,,,,,3277.97,3953.05,52.1191,63.0588,3235.26,3985.62,101.574,93.254,-23.4744,1.1e+17,11,I,67.209,48.40705071,3214.9112,3142.006,72.9052,5.0,0.4744736497600304,0.04608938379666752,R,LLLYWLLVALLAFLLSLLILI,44.35984545430574
LLLYVLLAILLTLLLSFLILI,LLLAVLLAILLTLLLSFLILI,Right,void,,,,,,,,,,,3869.08,4611.39,62.0244,113.389,4003.97,4776.06,175.42,323.786,-16.733,1.1e+17,3,Y,56.3418,66.80519976,3755.691,3680.184,75.507,5.0,0.4228540089443455,0.056552758149792,R,LLLYVLLTILLALLLSFLILI,39.533783374464925
LLLYVLLAILLTLLLSFLILI,LLLYVLLAALLTLLLSFLILI,Right,void,,,,,,,,,,,4020.09,4771.07,44.246,41.0964,4003.97,4776.06,79.2556,89.0188,-16.733,1.1e+17,8,I,90.2332,31.29256466,3978.9936,3914.9512,64.0424,5.0,0.2179082187546577,0.01331580388588177,R,LLLYVLLTILLALLLSFLILI,20.372838222035146
LLLYALLIALLFTLLVLLILI,LLLYALLIALLATLLVLLILI,Right,void,,,,,,,,,,,3938.36,4566.32,56.7204,75.2028,3956.54,4718.21,158.04,193.976,-11.3564,1.1e+17,11,F,55.065,57.72938516,3863.1572,3762.564,100.5932,5.0,0.4464139732463855,0.04289438955936112,R,LLLVALLIALLFTLLSLLILI,41.73646918404789
LLLYALLIALLFTLLVLLILI,LLLYALLAALLFTLLVLLILI,Right,void,,,,,,,,,,,3958.08,4662.7,60.1714,117.31,3956.54,4718.21,114.568,197.131,-11.3564,1.1e+17,7,I,12.2854,90.52018822,3840.77,3759.409,81.361,5.0,0.2164089203208005,0.02162730805317075,R,LLLVALLIALLFTLLSLLILI,20.23266469111425
LLLWTLLVFLLAILLSLLILI,LLLWTLLVALLAILLSLLILI,Right,void,,,,,,,,,,,3412.58,3999.88,44.8938,46.0757,3372.84,4114.39,139.977,134.215,-5.52392,1.1e+17,8,F,85.2539,35.08401762,3366.5043,3238.625,127.8793,5.0,0.3478106333019268,0.03661407442604778,R,LLLWTLLVFLLAILLSLLILI,32.51777195307042
LLLWTLLVFLLAILLSLLILI,LLLATLLVFLLAILLSLLILI,Right,void,,,,,,,,,,,3448.15,4057.14,63.4787,127.095,3372.84,4114.39,155.62,141.666,-5.52392,1.1e+17,3,W,42.6358,74.88033993,3321.055,3231.174,89.881,5.0,0.2561197831888364,0.018533042250779088,R,LLLWTLLVFLLAILLSLLILI,23.945342393182912
LLLYTLLVSLLALLLAFLILI,LLLATLLVSLLALLLAFLILI,Right,void,,,,,,,,,,,3404.59,4060.94,63.8567,123.344,3592.92,4252.78,185.891,364.94,-6.35184,1.1e+17,3,Y,46.3868,72.67036979,3281.246,3227.98,53.266,5.0,0.5858191357320103,0.07439483761529231,R,LLLYTLLVSLLALLLAFLILI,54.76984093508676
LLLYSLLLALLFALLVTLILI,LLLYSLLLALLAALLVTLILI,Right,void,,,,,,,,,,,3419.37,4115.83,59.071,40.1573,3414.6,4274.8,162.387,130.653,-8.415,1.1e+17,11,F,90.1105,30.82672771,3379.2127,3283.947,95.2657,5.0,0.3679929128254209,0.041044919694169006,R,LLLYWLLLALLVALLSTLILI,34.40466873022675
LLLYSLLLALLFALLVTLILI,LLLYSLLAALLFALLVTLILI,Right,void,,,,,,,,,,,3429.09,4222.41,57.9448,64.6455,3414.6,4274.8,114.166,133.091,-8.415,1.1e+17,7,L,64.9499,49.88255756,3364.4445,3281.509,82.9355,5.0,0.313008373765644,0.021865846501565166,R,LLLYSLLLALLFALLVTLILI,29.26401306620507
LLLLILLSVLLAYLLTFLILI,LLLLILLSVLLAALLTFLILI,Right,void,,,,,,,,,,,3890.06,4669.9,54.0233,86.7044,3827.95,4800.79,157.357,163.365,-8.30423,1.1e+17,12,Y,43.1176,66.78713931,3803.3556,3664.585,138.7706,5.0,0.3783132002720669,0.03275743109115939,R,LLLLILLSVLLAYLLTFLILI,35.36954076560483
LLLLILLSVLLAYLLTFLILI,LLLLALLSVLLAYLLTFLILI,Right,void,,,,,,,,,,,3889.25,4764.5,56.8733,56.9904,3827.95,4800.79,102.381,84.606,-8.30423,1.1e+17,4,I,81.4848,41.15567264,3832.2596,3743.344,88.9156,5.0,0.6350050853501583,0.0708207979055387,R,LLLLILLSVLLAYLLTFLILI,59.36837053665225
LLLLALLVALLFALLSTLILI,LLLLALLVALLAALLSTLILI,Right,void,,,,,,,,,,,3722.44,4501.51,50.6115,42.7292,3712.65,4641.47,152.931,135.695,-15.8282,1.1e+17,11,F,87.5386,32.80104523,3679.7108,3576.955,102.7558,5.0,0.5720607604082797,0.05078597374017111,R,LLLTALLVALLFALLSLLILI,53.48353261560116
LLLLALLVALLFALLSTLILI,LLLLALLAALLFALLSTLILI,Right,void,,,,,,,,,,,3735.09,4604.24,57.8716,86.1229,3712.65,4641.47,94.9775,113.27,-15.8282,1.1e+17,7,V,43.4725,66.45521369,3648.9671,3599.38,49.5871,5.0,0.4394714119967365,0.048626280435892705,R,LLLTALLVALLFALLSLLILI,41.08739005342126
LLLAYLLVFLLALLLSTLILI,LLLAALLVFLLALLLSTLILI,Right,void,,,,,,,,,,,3379.64,3996.22,52.6519,57.3036,3335.62,4165.45,169.605,148.0,-9.7377,1.1e+17,4,Y,81.1716,41.38185032,3322.3364,3187.62,134.7164,5.0,0.3904928167916732,0.026033297730867093,R,LLLAYLLVFLLALLLSTLILI,36.50824658578199
LLLAYLLVFLLALLLSTLILI,LLLAYLLVALLALLLSTLILI,Right,void,,,,,,,,,,,3375.71,4081.96,46.031,49.6044,3335.62,4165.45,132.454,110.809,-9.7377,1.1e+17,8,F,81.7252,37.77092141,3326.1056,3224.811,101.2946,5.0,0.5634553237153803,0.05863914694920783,R,LLLAYLLVLLLATLLSFLILI,52.67898668990667
LLLYVLLFILLALLLSTLILI,LLLYVLLAILLALLLSTLILI,Right,void,,,,,,,,,,,3942.18,4619.94,57.6639,26.7022,3929.65,4766.47,157.236,93.6199,-11.5688,1.1e+17,7,F,102.8932,20.60428071,3915.4778,3836.0301,79.4477,5.0,0.1977096909190248,0.014773100370724261,R,LLLYVLLTILLALLLAFLILI,18.484422345523704
LLLYVLLFILLALLLSTLILI,LLLYVLLFILLAALLSTLILI,Right,void,,,,,,,,,,,3946.21,4727.36,49.8277,67.6317,3929.65,4766.47,101.98,117.18,-11.5688,1.1e+17,12,L,62.1903,52.09571567,3878.5783,3812.47,66.1083,5.0,0.1569071707777614,0.008022503436943766,R,LLLYVLLTILLALLLSFLILI,14.669682604912063
LLLYVLLTTLLFALLSLLILI,LLLYVLLTTLLAALLSLLILI,Right,void,,,,,,,,,,,3474.64,4137.41,50.4168,31.1995,3466.42,4274.75,152.652,123.163,-8.82824,1.1e+17,11,F,99.0683,23.95027781,3443.4405,3343.257,100.1835,5.0,0.9186043628539614,0.013142720155522836,R,LLLYVLLTILLALLLSFLILI,85.88284637189439
LLLYILLSVLLALLLTFLILI,LLLYILLSVLLALLLTALILI,Right,void,,,,,,,,,,,3818.49,4668.82,44.5964,88.7834,3919.09,4770.53,137.365,273.788,-9.80294,1.1e+17,16,F,40.6794,68.57830975,3729.7066,3645.302,84.4046,5.0,0.1180689215566554,0.0034922277884904397,R,LLLYILLTVLLALLLSFLILI,11.038587950792856
LLLYILLSVLLALLLTFLILI,LLLAILLSVLLALLLTFLILI,Right,void,,,,,,,,,,,3777.64,4583.15,58.5084,74.0236,3919.09,4770.53,178.799,290.537,-9.80294,1.1e+17,3,Y,95.7072,43.61235557,3703.6164,3628.553,75.0634,5.0,0.2692271086197469,0.025933575535201595,R,LLLYILLTVLLALLLSFLILI,25.1707822689875
LLLYTLLVALLFALLSLLILI,LLLYTLLVALLAALLSLLILI,Right,void,,,,,,,,,,,3438.55,4107.19,52.3304,43.8567,3429.76,4253.17,156.374,131.237,-10.4326,1.1e+17,11,F,86.4111,33.66656994,3394.6933,3298.523,96.1703,5.0,0.4368573462204611,0.029965659997305775,R,LLLTALLVALLFALLSLLILI,40.84299386007814
LLLYTLLVALLFALLSLLILI,LLLYTLLVALLFALLSALILI,Right,void,,,,,,,,,,,3455.16,4187.24,58.2175,105.113,3429.76,4253.17,118.486,154.939,-10.4326,1.1e+17,16,L,24.3498,81.19166278,3350.047,3274.821,75.226,5.0,0.1952897873392411,0.011329243585832628,R,LLLTALLVALLFALLSLLILI,18.25817890952296
LLLYLLLSTLLAFLLAILILI,LLLYALLSTLLAFLLAILILI,Right,void,,,,,,,,,,,3561.82,4165.44,54.2433,57.2797,3531.11,4250.99,121.161,87.9364,-9.1271,1.1e+17,4,L,81.1955,41.36459092,3504.5403,3443.1736,61.3667,5.0,0.5400119376816938,0.037527222340911694,R,LLLYILLSTLLALLLAFLILI,50.487200103009954
LLLSYLLVILLTFLLSLLILI,LLLSALLVILLTFLLSLLILI,Right,void,,,,,,,,,,,3469.54,4043.71,45.4715,71.4927,3415.24,4203.55,159.492,137.887,-17.0472,1.1e+17,4,Y,66.9825,51.62852265,3398.0473,3277.353,120.6943,5.0,0.2228512284111999,0.020833728601113512,R,LLLYALLVALLTALLSLLILI,20.83497377909769
LLLSYLLVILLTFLLSLLILI,LLLSYLLVILLTALLSLLILI,Right,void,,,,,,,,,,,3402.35,4121.47,43.9657,57.7789,3415.24,4203.55,129.727,187.734,-17.0472,1.1e+17,12,F,72.0431,44.50624702,3344.5711,3227.506,117.0651,5.0,0.5272799514258134,0.04778197014847493,R,LLLSYLLVFLLATLLSLLILI,49.29685171817796
LLLYLLLAVLLAFLLTSLILI,LLLYLLLAVLLAALLTSLILI,Right,void,,,,,,,,,,,3506.2,4128.56,50.4405,76.6113,3590.06,4255.45,148.132,250.143,-7.34717,1.1e+17,12,F,53.2107,59.01257106,3429.5887,3339.917,89.6717,5.0,0.1614084254539458,0.015472980313221127,R,LLLYLLLAVLLAFLLTSLILI,15.090517274839458
LLLYLLLAVLLAFLLTSLILI,LLLYALLAVLLAFLLTSLILI,Right,void,,,,,,,,,,,3625.68,4165.08,64.1136,83.0423,3590.06,4255.45,133.522,136.713,-7.34717,1.1e+17,4,L,55.4329,59.9690775,3542.6377,3453.347,89.2907,5.0,0.2585008935146745,0.01970103499491894,R,LLLYLLLAVLLAFLLTSLILI,24.167958941261507
LLLAYLLFALLTVLLSLLILI,LLLAYLLAALLTVLLSLLILI,Right,void,,,,,,,,,,,3266.44,4072.73,50.6188,97.0403,3269.3,4197.02,149.251,224.109,-5.22595,1.1e+17,7,F,32.5551,74.87943245,3169.3997,3045.191,124.2087,5.0,0.4700938473030062,0.040018819528816856,R,LLLAYLLFALLTVLLSLLILI,43.95036568612
LLLAYLLFALLTVLLSLLILI,LLLAALLFALLTVLLSLLILI,Right,void,,,,,,,,,,,3324.54,4031.63,59.1619,48.6477,3269.3,4197.02,171.529,81.9243,-5.22595,1.1e+17,4,Y,40.5268,76.12289579,3275.8923,3187.3757,88.5166,5.0,0.419313543875932,0.011878491471494444,R,LLLTALLFALLAYLLSLLILI,39.20277556538928
LLLYILLLTLLAVLLSFLILI,LLLYALLLTLLAVLLSFLILI,Right,void,,,,,,,,,,,3706.4,4288.64,55.7529,54.4256,3683.72,4335.93,109.804,103.608,-8.13395,1.1e+17,4,I,84.0496,39.30349983,3651.9744,3580.112,71.8624,5.0,0.2921952915297281,0.026561218654788946,R,LLLYALLTVLLALLLSFLILI,27.31814080990604
LLLYWLLVALLLALLSTLILI,LLLYWLLVALLAALLSTLILI,Right,void,,,,,,,,,,,3405.95,4068.36,50.7562,58.8754,3369.4,4108.9,106.969,112.945,-19.021,1.1e+17,11,L,71.3924,45.19566616,3347.0746,3256.455,90.6196,5.0,0.3815196720408799,0.03064659605251534,R,LLLLALLVALLFALLSTLILI,35.66932262322764
LLLFYLLVALLTLLLSILILI,LLLAYLLVALLTLLLSILILI,Right,void,,,,,,,,,,,3793.38,4664.6,61.3934,72.0736,3866.02,4762.74,150.198,229.956,-12.0394,1.1e+17,3,F,97.6572,42.46347746,3721.3064,3636.064,85.2424,5.0,0.5229513034217622,0.02289853400361766,R,LLLAYLLVFLLALLLSTLILI,48.89215452038221
LLLLSLLFALLIALLVTLILI,LLLLSLLAALLIALLVTLILI,Right,void,,,,,,,,,,,3714.08,4462.0,48.5289,73.7761,3735.14,4579.2,146.967,189.444,-21.0659,1.1e+17,7,F,55.8193,56.92802368,3640.3039,3545.696,94.6079,5.0,0.4792424396856085,0.041847019831272474,R,LLLYSLLLALLFALLVTLILI,44.80569272993355
LLLLSLLFALLIALLVTLILI,LLLASLLFALLIALLVTLILI,Right,void,,,,,,,,,,,3677.21,4523.9,62.4738,121.759,3735.14,4579.2,120.204,239.61,-21.0659,1.1e+17,3,L,47.9718,71.73653809,3555.451,3495.53,59.921,5.0,0.3925949309957321,0.0241230174097513,R,LLLYSLLLALLFALLVTLILI,36.70477901970433
LLLAYLLVTLLFTLLSLLILI,LLLAALLVTLLFTLLSLLILI,Right,void,,,,,,,,,,,3373.54,4078.95,49.667,93.7625,3387.72,4249.45,167.519,175.091,-11.7763,1.1e+17,4,Y,72.2823,47.80126694,3279.7775,3212.629,67.1485,5.0,0.4183906753143159,0.03624908360907925,R,LLLTALLVALLFALLSLLILI,39.11649404735634
LLLSYLLVLLLTALLFILILI,LLLSALLVLLLTALLFILILI,Right,void,,,,,,,,,,,3442.99,4120.01,44.9944,61.8778,3388.7,4286.46,161.644,141.744,-9.4064,1.1e+17,4,Y,76.5974,44.68511329,3381.1122,3246.956,134.1562,5.0,0.356609126893421,0.03608016167097787,R,LLLSYLLVLLLTALLFILILI,33.34036729876935
LLLSYLLVLLLTALLFILILI,LLLSYLLVLLLTALLFALILI,Right,void,,,,,,,,,,,3366.37,4256.31,56.1134,108.346,3388.7,4286.46,100.244,192.462,-9.4064,1.1e+17,16,I,21.1168,83.68890523,3258.024,3196.238,61.786,5.0,0.4659105150232573,0.03289492070240947,R,LLLSYLLVLLLTALLFILILI,43.55925445474281
LLLLTLLIALLFVLLYSLILI,LLLLTLLIALLFVLLASLILI,Right,void,,,,,,,,,,,3426.89,4128.27,54.0674,68.1844,3434.77,4177.53,134.648,158.922,-7.45389,1.1e+17,15,Y,61.536,52.56258846,3358.7056,3275.848,82.8576,5.0,0.4071405143568152,0.028367392246328397,R,LLLYTLLIALLFVLLSLLILI,38.06468558199014
LLLLTLLIALLFVLLYSLILI,LLLLTLLIALLAVLLYSLILI,Right,void,,,,,,,,,,,3451.34,4149.25,38.9184,35.8814,3434.77,4177.53,111.674,101.7,-7.45389,1.1e+17,11,F,94.3864,27.54433559,3415.4586,3333.07,82.3886,5.0,0.5102555200917861,0.051125815494300994,R,LLLYTLLIALLAVLLSLLILI,47.7051908465851
LLLALLLVTLLAILLSFLILI,LLLALLLVTLLAILLSALILI,Right,void,,,,,,,,,,,3850.64,4538.9,40.7406,74.4744,3904.75,4640.9,133.789,232.684,-8.13651,1.1e+17,16,F,54.9884,57.52571395,3776.1656,3672.066,104.0996,5.0,0.4817939481010696,0.036876638881377904,R,LLLALLLVTLLAYLLSFLILI,45.04424026369535
LLLTYLLVFLLALLLSILILI,LLLTALLVFLLALLLSILILI,Right,void,,,,,,,,,,,3415.88,4053.59,58.2339,69.2302,3354.03,4223.75,172.442,140.167,-7.70203,1.1e+17,4,Y,69.245,49.99465608,3346.6498,3213.863,132.7868,5.0,0.4162850399599991,0.04735718819181508,R,LLLTYLLVFLLALLLASLILI,38.919632411419634
LLLTYLLVFLLALLLSILILI,LLLTYLLVALLALLLSILILI,Right,void,,,,,,,,,,,3399.49,4126.37,47.1671,46.4462,3354.03,4223.75,135.518,110.71,-7.70203,1.1e+17,8,F,84.8834,35.36613224,3353.0438,3243.32,109.7238,5.0,0.3408334216674217,0.04452373820636448,R,LLLTYLLVFLLALLLASLILI,31.86545326273817
LLLYSLLLTLLATLLAFLILI,LLLYSLLATLLATLLAFLILI,Right,void,,,,,,,,,,,3571.11,4199.97,58.3394,71.7768,3568.15,4248.93,115.528,156.925,-6.91124,1.1e+17,7,L,57.8186,55.38529917,3499.3332,3411.225,88.1082,5.0,0.2102087486865659,0.02072883224403085,R,LLLYSLLLALLATLLVFLILI,19.652993605851822
LLLYSLLLTLLATLLAFLILI,LLLYSLLLTLLATLLAALILI,Right,void,,,,,,,,,,,3460.1,4103.71,56.272,102.533,3568.15,4248.93,154.737,280.357,-6.91124,1.1e+17,16,F,26.9298,79.19881232,3357.567,3287.793,69.774,5.0,0.2515846985314543,0.013640068599794702,R,LLLYSLLLALLATLLVFLILI,23.52134486534252
LLLAYLLTVLLAFLLSLLILI,LLLAALLTVLLAFLLSLLILI,Right,void,,,,,,,,,,,3834.4,4598.76,57.1699,63.2664,3761.63,4750.5,164.779,135.181,-13.5818,1.1e+17,4,Y,75.2088,45.68789213,3771.1336,3626.449,144.6846,5.0,0.4644835248944327,0.034611436634597884,R,LLLYALLTVLLALLLSFLILI,43.42584122597554
LLLAYLLTVLLAFLLSLLILI,LLLAYLLTVLLAALLSLLILI,Right,void,,,,,,,,,,,3789.46,4668.77,45.2946,67.2673,3761.63,4750.5,131.162,174.965,-13.5818,1.1e+17,12,F,62.5547,51.81502365,3722.1927,3586.665,135.5277,5.0,0.6988142034292149,0.07259820708552388,R,LLLAYLLTVLLAFLLSLLILI,65.33406034470393
LLLVYLLTILLALLLSFLILI,LLLVALLTILLALLLSFLILI,Right,void,,,,,,,,,,,3865.25,4669.03,45.6818,45.705,3792.48,4804.11,149.078,77.5684,-15.495,1.1e+17,4,Y,92.7702,33.00591008,3819.545,3714.9116,104.6334,5.0,0.4368969469788348,0.04431094028616332,R,LLLYALLTVLLALLLSFLILI,40.84669624380845
LLLVYLLTILLALLLSFLILI,LLLVYLLTILLALLLSALILI,Right,void,,,,,,,,,,,3691.36,4700.27,44.363,88.6979,3792.48,4804.11,138.079,274.558,-15.495,1.1e+17,16,F,40.7649,68.51226762,3602.6621,3517.922,84.7401,5.0,0.3171154638365834,0.025839078864634716,R,LLLYVLLTILLALLLSFLILI,29.647996203953447
LLLLALLVSLLIALLFTLILI,LLLLALLVSLLAALLFTLILI,Right,void,,,,,,,,,,,3843.72,4589.72,57.5712,66.418,3825.79,4649.16,112.857,109.985,-7.1515,1.1e+17,11,I,63.8498,50.98573861,3777.302,3715.805,61.497,5.0,0.5106940122236081,0.050804001318468156,R,LLLLALLVALLFALLSTLILI,47.74618668104375
LLLLYLLIALLVALLSTLILI,LLLLALLIALLVALLSTLILI,Right,void,,,,,,,,,,,3910.01,4552.95,50.6204,82.2248,3837.99,4588.98,127.777,127.201,-16.83,1.1e+17,4,Y,56.2504,59.37871908,3827.7852,3710.789,116.9962,5.0,0.3311133270195884,0.025163402829507703,R,LLLLALLVALLFALLSTLILI,30.956694901557974
LLLLYLLIALLVALLSTLILI,LLLLYLLAALLVALLSTLILI,Right,void,,,,,,,,,,,3812.69,4553.82,59.1469,115.391,3837.99,4588.98,105.391,202.842,-16.83,1.1e+17,7,I,14.2044,89.03942578,3697.299,3635.148,62.151,5.0,0.1547903242467617,0.012187782503285923,R,LLLLALLVALLFALLSTLILI,14.47177280525696
LLLTALLFALLAYLLSLLILI,LLLTALLFALLAALLSLLILI,Right,void,,,,,,,,,,,3670.47,4594.48,48.0146,68.746,3602.18,4741.08,154.666,140.955,-17.2261,1.1e+17,12,Y,61.076,52.95404477,3601.724,3461.225,140.499,5.0,0.4031875528030547,0.03160739189020865,R,LLLTALLVALLFALLSLLILI,37.69511234288547
LLLTALLFALLAYLLSLLILI,LLLTALLAALLAYLLSLLILI,Right,void,,,,,,,,,,,3611.91,4576.97,56.8161,37.7374,3602.18,4741.08,161.241,120.405,-17.2261,1.1e+17,7,F,91.858,29.11939776,3574.1726,3481.775,92.3976,5.0,0.5506826530261426,0.043475393689583884,R,LLLTALLVALLFALLSLLILI,51.48483460559201
LLLYALLLALLVSLLFTLILI,LLLYALLLALLVSLLATLILI,Right,void,,,,,,,,,,,3829.39,4604.5,42.8307,34.1306,3813.17,4685.76,130.062,115.025,-20.1656,1.1e+17,15,F,95.5898,26.31089636,3795.2594,3698.145,97.1144,5.0,0.361827428437902,0.031238038823914394,R,LLLYWLLLALLVALLSTLILI,33.828240650986515
LLLYALLLALLVSLLFTLILI,LLLYALLAALLVSLLFTLILI,Right,void,,,,,,,,,,,3809.32,4631.08,58.9468,90.0853,3813.17,4685.76,118.534,179.497,-20.1656,1.1e+17,7,L,39.5101,69.51272962,3719.2347,3633.673,85.5617,5.0,0.3177584971074536,0.030256677449163615,R,LLLVALLIALLLSLLFTLILI,29.70811515161726
LLLLYLLVTLLFALLSILILI,LLLLALLVTLLFALLSILILI,Right,void,,,,,,,,,,,3924.64,4631.93,42.002,81.8653,3809.02,4726.42,143.435,96.499,-17.226,1.1e+17,4,Y,56.6099,59.1191058,3842.7747,3712.521,130.2537,5.0,0.5176602427783669,0.03942854017017149,R,LLLTALLVALLFALLSLLILI,48.39747872005256
LLLLYLLVTLLFALLSILILI,LLLLYLLVTLLAALLSILILI,Right,void,,,,,,,,,,,3802.52,4592.23,50.7582,55.5586,3809.02,4726.42,151.417,166.435,-17.226,1.1e+17,11,F,74.7092,42.64952659,3746.9614,3642.585,104.3764,5.0,0.1061687716503205,0.0006708542943809133,R,LLLTYLLVFLLALLLSILILI,9.926010232314562
LLLSYLLTILLAFLLSLLILI,LLLSALLTILLAFLLSLLILI,Right,void,,,,,,,,,,,3452.21,4014.78,50.9177,63.5767,3405.36,4172.76,163.926,140.998,-14.1476,1.1e+17,4,Y,74.8985,45.91197557,3388.6333,3264.362,124.2713,5.0,0.3898796427832998,0.04089957626915089,R,LLLAYLLTVLLAFLLSLLILI,36.45091926262759
LLLSYLLTILLAFLLSLLILI,LLLSYLLTILLAALLSLLILI,Right,void,,,,,,,,,,,3389.44,4090.37,44.5313,57.3119,3405.36,4172.76,131.091,187.142,-14.1476,1.1e+17,12,F,72.5101,44.1465237,3332.1281,3218.218,113.9101,5.0,0.3816851112442133,0.03944456862513242,R,LLLAYLLTVLLAFLLSLLILI,35.68478998900373
LLLTYLLLALLISLLFVLILI,LLLTALLLALLISLLFVLILI,Right,void,,,,,,,,,,,3391.86,4145.7,55.3452,83.6132,3373.13,4300.41,167.693,175.236,-7.14306,1.1e+17,4,Y,54.862,60.38135348,3308.2468,3197.894,110.3528,5.0,0.5001717206528096,0.04001638219692198,R,LLLYALLLALLVSLLFTLILI,46.76242872495527
LLLTYLLLALLISLLFVLILI,LLLTYLLLALLASLLFVLILI,Right,void,,,,,,,,,,,3403.63,4237.72,60.0701,77.312,3373.13,4300.41,118.091,135.372,-7.14306,1.1e+17,11,I,52.9558,59.3485113,3326.318,3237.758,88.56,5.0,0.4769286957088955,0.03708958162205354,R,LLLTYLLIALLLALLFVLILI,44.58937444696941
LLLAYLLLTLLAVLLSILILI,LLLAALLLTLLAVLLSILILI,Right,void,,,,,,,,,,,3885.71,4534.13,49.8033,73.7188,3809.92,4584.25,131.057,122.319,-7.73195,1.1e+17,4,Y,64.7564,53.23610293,3811.9912,3687.601,124.3902,5.0,0.4126776595922033,0.03760846738025332,R,LLLYALLLALLTVLLSILILI,38.58236850710957
LLLAYLLVLLLATLLSFLILI,LLLAALLVLLLATLLSFLILI,Right,void,,,,,,,,,,,3950.14,4635.85,43.4262,61.9157,3895.89,4767.13,147.746,156.071,-6.69186,1.1e+17,4,Y,76.5595,44.71248281,3888.2243,3739.819,148.4053,5.0,0.2394038283201323,0.02322816656870426,R,LLLAYLLVLLLATLLSFLILI,22.38252183408149
LLLAYLLVLLLATLLSFLILI,LLLAYLLVLLLATLLSALILI,Right,void,,,,,,,,,,,3794.29,4663.65,41.9566,80.6053,3895.89,4767.13,135.233,266.569,-6.69186,1.1e+17,16,F,48.8575,62.26136002,3713.6847,3629.321,84.3637,5.0,0.3642151130182034,0.031063047320916488,R,LLLSYLLVFLLATLLSLLILI,34.05147184418211
LLLTYLLAVLLAILLFLLILI,LLLTALLAVLLAILLFLLILI,Right,void,,,,,,,,,,,3912.14,4607.63,58.2482,77.9471,3856.46,4815.7,179.516,164.623,-5.53152,1.1e+17,4,Y,60.5281,56.28957387,3834.1929,3691.837,142.3559,5.0,0.5334690232864041,0.050370334553652786,R,LLLTYLLAVLLAILLFLLILI,49.875485055098245
LLLTYLLAVLLAILLFLLILI,LLLTYLLAVLLAILLALLILI,Right,void,,,,,,,,,,,3919.88,4744.94,41.5034,45.5226,3856.46,4815.7,124.876,45.2573,-5.53152,1.1e+17,15,F,84.1978,35.09286126,3874.3574,3811.2027,63.1547,5.0,0.295497203223618,0.022766539582471816,R,LLLTYLLAVLLAILLFLLILI,27.62684560841023
LLLFYLLLTLLVALLSILILI,LLLFALLLTLLVALLSILILI,Right,void,,,,,,,,,,,3969.52,4704.65,48.3895,87.2794,3873.23,4829.33,150.224,88.3333,-14.5388,1.1e+17,4,Y,51.1958,63.02890337,3882.2406,3784.8967,97.3439,5.0,0.254636095643308,0.02130862708460114,R,LLLYALLLTLLVALLSILILI,23.80662836711338
LLLSYLLVALLTLLLSFLILI,LLLSALLVALLTLLLSFLILI,Right,void,,,,,,,,,,,3577.65,4046.07,52.5341,73.304,3548.36,4199.63,166.746,177.66,-15.869,1.1e+17,4,Y,65.1712,52.9365547,3504.346,3370.7,133.646,5.0,0.3869464909229042,0.03797824140162044,R,LLLSYLLVILLTLLLAFLILI,36.17669083437459
LLLSYLLVALLTLLLSFLILI,LLLSYLLVALLTALLSFLILI,Right,void,,,,,,,,,,,3540.97,4146.5,42.3838,66.7977,3548.36,4199.63,100.187,135.921,-15.869,1.1e+17,12,L,63.0243,51.45329759,3474.1723,3412.439,61.7333,5.0,0.8152563407433551,0.11088543008917952,R,LLLSYLLVILLTLLLAFLILI,76.2205557659707
LLLVALLLTLLAILLSFLILI,LLLVALLLTLLAILLSALILI,Right,void,,,,,,,,,,,3852.33,4463.86,40.6069,83.0762,3912.38,4563.23,132.259,245.545,-8.69146,1.1e+17,16,F,46.3866,64.16993916,3769.2538,3666.835,102.4188,5.0,0.5662485298971823,0.06430368638570783,R,LLLVALLLTLLAILLSFLILI,52.94013121207226
LLLFVLLATLLAYLLSLLILI,LLLFVLLATLLAALLSLLILI,Right,void,,,,,,,,,,,3774.31,4638.48,44.7218,58.272,3713.41,4739.56,140.993,112.33,-16.9179,1.1e+17,12,Y,71.55,44.88607478,3716.038,3601.08,114.958,5.0,0.7693762365789872,0.014832689311283936,R,LLLYVLLFTLLAALLSLLILI,71.93109874093223
LLLAVLLITLLFTLLSLLILI,LLLAVLLITLLFTLLSALILI,Right,void,,,,,,,,,,,3336.81,4068.94,55.821,106.368,3300.22,4114.93,109.501,147.195,-11.6821,1.1e+17,16,L,23.0948,82.16105321,3230.442,3153.025,77.417,5.0,0.592657386518167,0.06605704997102206,R,LLLYVLLIALLFTLLSLLILI,55.40916779381773
LLLYALLVALLLTLLSWLILI,LLLYALLVALLLTLLSALILI,Right,void,,,,,,,,,,,3573.97,4077.13,55.9388,111.43,3583.1,4086.71,130.087,260.122,-6.72358,1.1e+17,16,W,18.0328,86.07105671,3462.54,3322.978,139.562,5.0,0.277907421192378,0.018567800785778008,R,LLLYALLVALLFTLLSLLILI,25.98232854645039
LLLYALLVALLLTLLSWLILI,LLLYALLVALLATLLSWLILI,Right,void,,,,,,,,,,,3632.36,4048.43,51.6941,73.011,3583.1,4086.71,106.925,125.442,-6.72358,1.1e+17,11,L,57.2568,56.04685118,3559.349,3457.658,101.691,5.0,0.277259264527483,0.021359292624003025,R,LLLYYLLVFLLATLLSLLILI,25.9217305985992
LLLYILLTVLLALLLSFLILI,LLLYILLTVLLAALLSFLILI,Right,void,,,,,,,,,,,3704.39,4245.03,50.9626,87.8262,3694.41,4284.91,104.767,147.611,-11.9934,1.1e+17,12,L,41.9958,67.65124555,3616.5638,3546.799,69.7648,5.0,0.2087427464102082,0.019575190394424555,R,LLLYALLTVLLALLLSFLILI,19.515933024199345
LLLYALLTALLFVLLSLLILI,LLLYALLTALLAVLLSLLILI,Right,void,,,,,,,,,,,3870.04,4635.68,51.8209,46.4486,3866.47,4776.74,154.719,137.573,-11.9039,1.1e+17,11,F,83.8192,35.65624045,3823.5914,3728.897,94.6944,5.0,0.7284687842587465,0.08831203114448101,R,LLLYALLTVLLALLLSFLILI,68.10654860253564
LLLYALLTALLFVLLSLLILI,LLLYALLTALLFVLLSALILI,Right,void,,,,,,,,,,,3903.97,4757.46,41.0331,78.7228,3866.47,4776.74,89.0512,125.428,-11.9039,1.1e+17,16,L,50.74,60.80727437,3825.2472,3741.042,84.2052,5.0,0.1918911693464844,0.016703271517235396,R,LLLYALLLALLTVLLSILILI,17.940432773371544
LLLASLLLALLFVLLYTLILI,LLLASLLLALLFVLLATLILI,Right,void,,,,,,,,,,,3773.77,4663.49,36.3025,37.2404,3711.73,4754.71,132.897,117.806,-23.1349,1.1e+17,15,Y,92.48,28.70820627,3736.5296,3593.924,142.6056,5.0,0.3480746853673577,0.03743527835695261,R,LLLASLLLALLFVLLYTLILI,32.54245890632975
LLLASLLLALLFVLLYTLILI,LLLASLLLALLAVLLYTLILI,Right,void,,,,,,,,,,,3727.31,4650.68,58.5802,57.4306,3711.73,4754.71,148.101,138.243,-23.1349,1.1e+17,11,F,72.8372,44.08656629,3669.8794,3573.487,96.3924,5.0,0.4600620717893542,0.05810754007182581,R,LLLASLLLALLFVLLYTLILI,43.01246742423979
LLLYWLLVALLITLLFLLILI,LLLYWLLVALLITLLALLILI,Right,void,,,,,,,,,,,3475.19,4213.51,60.7637,65.3281,3499.69,4385.39,165.587,179.016,-19.1451,1.1e+17,15,F,64.3923,50.36069886,3409.8619,3320.674,89.1879,5.0,0.4736498732569421,0.03571110312633079,R,LLLYALLVALLFTLLSLLILI,44.282828325147214
LLLTYLLFVLLAILLSLLILI,LLLTALLFVLLAILLSLLILI,Right,void,,,,,,,,,,,3751.74,4645.11,50.3269,50.8475,3663.85,4721.22,136.226,75.7024,-18.4798,1.1e+17,4,Y,87.6277,36.71957145,3700.8925,3588.1476,112.7449,5.0,0.431678121332558,0.029234415464585498,R,LLLTYLLAVLLAILLFLLILI,40.35877389187407
LLLTYLLFVLLAILLSLLILI,LLLTYLLAVLLAILLSLLILI,Right,void,,,,,,,,,,,3681.83,4579.66,55.5512,29.3395,3663.85,4721.22,154.689,91.6975,-18.4798,1.1e+17,7,F,100.2559,22.63930664,3652.4905,3572.1525,80.338,5.0,0.3164721684002558,0.03089507205565254,R,LLLAYLLTVLLAFLLSLLILI,29.58785274572056
LLLYFLLTILLAVLLSLLILI,LLLYALLTILLAVLLSLLILI,Right,void,,,,,,,,,,,3971.95,4657.15,45.0452,54.9326,3947.89,4762.7,139.701,134.968,-14.9437,1.1e+17,4,F,83.5426,39.66963037,3917.0174,3812.922,104.0954,5.0,0.5013564761587356,0.04151615029883871,R,LLLYALLTVLLALLLSFLILI,46.8731947731238
LLLYFLLTILLAVLLSLLILI,LLLYFLLTILLAVLLSALILI,Right,void,,,,,,,,,,,3930.93,4743.45,41.9794,83.1862,3947.89,4762.7,89.8825,177.442,-14.9437,1.1e+17,16,L,46.2766,64.25490566,3847.7438,3770.448,77.2958,5.0,0.2418287409656751,0.017588256684425114,R,LLLYFLLAILLAVLLTLLILI,22.609233581405864
LLLYSLLLTLLALLLAFLILI,LLLASLLLTLLALLLAFLILI,Right,void,,,,,,,,,,,3398.73,4077.34,52.0893,103.539,3578.72,4255.64,171.307,341.471,-8.51479,1.1e+17,3,Y,66.1918,61.00189241,3295.191,3237.249,57.942,5.0,0.3609402935910756,0.018321221427333736,R,LLLYSLLLTLLATLLAFLILI,33.74529997615189
LLLAILLYTLLAVLLSLLILI,LLLAILLATLLAVLLSLLILI,Right,void,,,,,,,,,,,3839.43,4528.34,57.9947,73.5025,3943.79,4680.79,169.229,270.092,-10.2236,1.1e+17,7,Y,56.0929,56.71690508,3765.9275,3673.698,92.2295,5.0,0.4089886346266171,0.004645105446756861,R,LLLTILLAVLLAYLLSLLILI,38.23747142497815
LLLTYLLVALLATLLSLLILI,LLLTALLVALLATLLSLLILI,Right,void,,,,,,,,,,,3793.81,4475.52,44.7595,70.6139,3724.02,4614.89,151.74,127.594,-7.2254,1.1e+17,4,Y,67.8613,50.99389638,3723.1961,3596.426,126.7701,5.0,0.5103290574278461,0.04631523059444629,R,LLLTALLVALLFALLSLLILI,47.712066054227066
LLLTYLLVALLATLLSLLILI,LLLTYLLVALLATLLSALILI,Right,void,,,,,,,,,,,3744.72,4581.95,41.3719,57.7329,3724.02,4614.89,92.1138,105.899,-7.2254,1.1e+17,16,L,71.7299,44.59420003,3686.9871,3618.121,68.8661,5.0,0.3695046819887333,0.032944429450533226,R,LLLSYLLVFLLATLLSLLILI,34.5460081839162
LLLYALLLALLTVLLSILILI,LLLYALLAALLTVLLSILILI,Right,void,,,,,,,,,,,3856.62,4566.59,54.0361,97.5209,3875.95,4620.48,112.983,195.872,-13.6517,1.1e+17,7,L,32.0745,75.25027895,3759.0991,3680.078,79.0211,5.0,0.3748279808874773,0.038110597850733195,R,LLLYALLLALLTVLLSILILI,35.04369802733488
LLLYALLLALLTVLLSILILI,LLLYALLLALLTVLLSALILI,Right,void,,,,,,,,,,,3903.96,4614.29,41.3666,54.6963,3875.95,4620.48,78.8084,104.337,-13.6517,1.1e+17,16,I,74.7665,42.24866139,3849.2637,3771.613,77.6507,5.0,0.3383461343242918,0.02434227413660687,R,LLLYALLLALLTVLLSILILI,31.63290993351957
LLLTYLLIALLLALLFVLILI,LLLTALLIALLLALLFVLILI,Right,void,,,,,,,,,,,3321.11,4095.11,56.7539,66.6714,3281.49,4248.01,170.895,148.59,-7.37369,1.1e+17,4,Y,71.8038,48.14681618,3254.4386,3132.9,121.5386,5.0,0.4631043171274988,0.03709785265966877,R,LLLTALLIALLSVLLFLLILI,43.29689530153588
LLLTYLLIALLLALLFVLILI,LLLTYLLIALLAALLFVLILI,Right,void,,,,,,,,,,,3317.01,4207.04,57.3269,61.9499,3281.49,4248.01,113.265,113.347,-7.37369,1.1e+17,11,L,68.3179,47.55580427,3255.0601,3168.143,86.9171,5.0,0.544636768315992,0.030018489510334638,R,LLLTYLLIALLLALLFVLILI,50.9195882288702
LLLLYLLIVLLATLLSFLILI,LLLLALLIVLLATLLSFLILI,Right,void,,,,,,,,,,,4002.89,4666.75,50.7808,61.6674,3958.47,4793.59,155.07,157.333,-5.99972,1.1e+17,4,Y,76.8078,44.53317273,3941.2226,3801.137,140.0856,5.0,0.2212170479032062,0.014652401444528916,R,LLLYALLTVLLALLLSFLILI,20.68218975238577
LLLLYLLIVLLATLLSFLILI,LLLLYLLIVLLATLLSALILI,Right,void,,,,,,,,,,,3884.98,4692.91,41.501,83.3403,3958.47,4793.59,134.018,252.185,-5.99972,1.1e+17,16,F,46.1225,64.37393599,3801.6397,3706.285,95.3547,5.0,0.2696582498568452,0.02639932980604187,R,LLLWYLLLVLLATLLSFLILI,25.21109084809685
LLLTALLIALLLSLLFVLILI,LLLTALLIALLLSLLAVLILI,Right,void,,,,,,,,,,,3718.49,4519.87,45.9103,49.6783,3689.39,4603.14,133.621,126.094,-7.2068,1.1e+17,15,F,80.0421,38.29644374,3668.8117,3563.296,105.5157,5.0,0.4835468889212639,0.007592122398818294,R,LLLVALLIALLLSLLFTLILI,45.20812751836944
LLLTALLIALLLSLLFVLILI,LLLTALLAALLLSLLFVLILI,Right,void,,,,,,,,,,,3737.38,4587.74,45.2795,78.2624,3689.39,4603.14,88.7333,124.794,-7.2068,1.1e+17,7,I,51.333,60.38979779,3659.1176,3564.596,94.5216,5.0,0.4155681663715737,0.0332863515938312,R,LLLVALLIALLLSLLFTLILI,38.85260992954123
LLLYTLLIALLAVLLSLLILI,LLLYTLLAALLAVLLSLLILI,Right,void,,,,,,,,,,,3481.92,4097.09,58.7264,70.0471,3466.84,4144.8,110.002,136.104,-7.14993,1.1e+17,7,I,59.5483,54.05060673,3411.8729,3330.736,81.1369,5.0,0.3379394050070672,0.030315880210156014,R,LLLYFLLAILLAVLLTLLILI,31.594883691887528
LLLYTLLIALLAVLLSLLILI,LLLYTLLIALLAVLLSALILI,Right,void,,,,,,,,,,,3487.23,4099.55,55.6942,109.175,3466.84,4144.8,109.256,167.664,-7.14993,1.1e+17,16,L,20.2878,84.32924361,3378.055,3299.176,78.879,5.0,0.3703329386925178,0.04466318512354308,R,LLLYTLLIALLAVLLSLLILI,34.6234441793502
LLLYSLLVALLTLLLFILILI,LLLYSLLVALLTLLLAILILI,Right,void,,,,,,,,,,,3548.29,4154.66,57.9584,88.6236,3517.49,4307.36,159.214,165.624,-7.46803,1.1e+17,15,F,41.0968,68.31893827,3459.6664,3351.866,107.8004,5.0,0.6397656155142587,0.020318395704767032,R,LLLYSLLVALLFLLLATLILI,59.813445584480206
LLLYSLLVALLTLLLFILILI,LLLYSLLVALLTLLLFALILI,Right,void,,,,,,,,,,,3519.18,4280.33,56.638,81.8971,3517.49,4307.36,99.2716,147.887,-7.46803,1.1e+17,16,I,47.5657,63.25917561,3437.2829,3369.603,67.6799,5.0,0.3550042876822064,0.031154551294025844,R,LLLYALLVALLSLLLFTLILI,33.190326470528426
LLLYALLVALLSLLLFTLILI,LLLYALLVALLSLLLATLILI,Right,void,,,,,,,,,,,3917.98,4637.9,41.6437,30.7904,3842.62,4702.21,125.241,71.3853,-7.90531,1.1e+17,15,F,98.93,23.73597368,3887.1896,3771.2347,115.9549,5.0,0.5113621007053196,0.03584789173217007,R,LLLYALLVALLSLLLFTLILI,47.8086481092253
LLLYALLVALLSLLLFTLILI,LLLAALLVALLSLLLFTLILI,Right,void,,,,,,,,,,,3691.97,4512.17,63.9483,91.0616,3842.62,4702.21,184.997,312.504,-7.90531,1.1e+17,3,Y,78.6692,53.65060437,3600.9084,3530.116,70.7924,5.0,0.4577830415334331,0.056092403536992456,R,LLLYALLVALLSLLLFTLILI,42.79939462243197
LLLYSLLLALLATLLVFLILI,LLLYSLLAALLATLLVFLILI,Right,void,,,,,,,,,,,3515.12,4192.47,59.5193,63.5623,3499.14,4242.47,116.326,131.704,-10.482,1.1e+17,7,L,66.0331,49.04672542,3451.5577,3367.436,84.1217,5.0,0.1459546888811952,0.014522446548708165,R,LLLYLLLVALLATLLSFLILI,13.645704973027796
LLLYSLLLALLATLLVFLILI,LLLYSLLLALLATLLVALILI,Right,void,,,,,,,,,,,3417.59,4096.45,54.7962,100.423,3499.14,4242.47,153.727,260.969,-10.482,1.1e+17,16,F,29.0398,77.56900052,3317.167,3238.171,78.996,5.0,0.4219622562933845,0.02660039645954616,R,LLLYSLLLALLFALLVTLILI,39.4504109684312
LLLTYLLVILLAFLLSLLILI,LLLTALLVILLAFLLSLLILI,Right,void,,,,,,,,,,,3488.23,4056.28,45.0535,78.4537,3438.77,4225.65,162.507,156.962,-5.54929,1.1e+17,4,Y,60.0215,56.65541555,3409.7763,3281.808,127.9683,5.0,0.4333204658991394,0.04882081790100647,R,LLLTALLVALLFALLSLLILI,40.51232119885964
LLLTYLLVILLAFLLSLLILI,LLLTYLLVILLAALLSLLILI,Right,void,,,,,,,,,,,3440.94,4142.65,44.7218,66.8304,3438.77,4225.65,130.778,182.583,-5.54929,1.1e+17,12,F,62.9916,51.47848593,3374.1096,3256.187,117.9226,5.0,0.282952635683234,0.019214172473077246,R,LLLTALLVALLFALLSLLILI,26.45401951435005
LLLSTLLVALLFYLLALLILI,LLLSTLLVALLFALLALLILI,Right,void,,,,,,,,,,,3259.84,4090.19,46.3146,31.2394,3232.54,4206.65,143.238,88.3025,-9.13752,1.1e+17,12,Y,98.5826,24.06325584,3228.6006,3144.2375,84.3631,5.0,0.5975518352993812,0.04977205481893536,R,LLLTALLVALLFALLSLLILI,55.86676326119191
LLLSTLLVALLFYLLALLILI,LLLSTLLVALLAYLLALLILI,Right,void,,,,,,,,,,,3244.08,4067.28,54.4443,3.08525,3232.54,4206.65,151.615,73.213,-9.13752,1.1e+17,11,F,127.18255,2.368390347,3240.99475,3159.327,81.66775,5.0,0.38492598766996,0.034684554976669175,R,LLLSTLLVALLFYLLALLILI,35.98778843255342
LLLTYLLVALLAILLSLLILI,LLLTALLVALLAILLSLLILI,Right,void,,,,,,,,,,,3802.21,4480.74,47.5699,57.3484,3695.52,4564.75,137.669,84.7111,-18.5,1.1e+17,4,Y,81.1268,41.41420269,3744.8616,3610.8089,134.0527,5.0,0.2506796383826745,0.017018566528468084,R,LLLTALLVALLFALLSLLILI,23.436728304766326
LLLTYLLVALLAILLSLLILI,LLLTYLLVALLAILLSALILI,Right,void,,,,,,,,,,,3713.17,4544.75,41.3276,82.2598,3695.52,4564.75,89.1723,148.434,-18.5,1.1e+17,16,L,47.203,63.53933331,3630.9102,3547.086,83.8242,5.0,0.3035685376300646,0.022283215528695516,R,LLLTYLLFVLLAILLSLLILI,28.38145684353588
LLLYVLLLILLATLLSFLILI,LLLYVLLLILLATLLSALILI,Right,void,,,,,,,,,,,3510.19,4110.05,55.8127,93.1173,3594.62,4258.88,155.84,257.981,-6.57676,1.1e+17,16,F,36.3455,71.92591231,3417.0727,3336.639,80.4337,5.0,0.0593192214142786,0.003269917429537755,R,LLLYVLLTILLALLLSFLILI,5.545917029824509
LLLYVLLLILLATLLSFLILI,LLLYVLLAILLATLLSFLILI,Right,void,,,,,,,,,,,3577.08,4210.77,58.146,80.3844,3594.62,4258.88,115.485,177.944,-6.57676,1.1e+17,7,L,49.211,62.02720158,3496.6956,3416.676,80.0196,5.0,0.1075452105796248,0.009057203727273144,R,LLLYVLLTILLALLLAFLILI,10.054697290514964
LLLYILLFALLTVLLSLLILI,LLLYILLFALLTVLLSALILI,Right,void,,,,,,,,,,,4033.49,4784.06,41.7126,73.0805,3996.44,4803.23,89.3684,115.85,-9.41616,1.1e+17,16,L,56.3823,56.44903401,3960.4095,3880.59,79.8195,5.0,0.0704147901727204,0.006833004742021917,R,LLLYALLLALLTVLLSILILI,6.583272245653747
LLLYTLLVSLLAILLTLLILI,LLLYTLLVSLLAILLTALILI,Right,void,,,,,,,,,,,3443.97,4114.98,55.2501,94.4191,3460.47,4156.47,107.647,175.708,-8.36524,1.1e+17,16,L,35.0437,72.93145212,3349.5509,3284.762,64.7889,5.0,0.1429790285319811,0.011172491865148532,R,LLLYTLLVSLLAILLTLLILI,13.367502309334249
LLLTVLLLALLFALLSILILI,LLLTVLLLALLAALLSILILI,Right,void,,,,,,,,,,,3799.82,4484.84,54.2333,47.094,3781.64,4624.0,156.36,130.682,-12.0894,1.1e+17,11,F,83.1738,36.15168138,3752.726,3650.958,101.768,5.0,0.3903793211926177,0.02338699369420016,R,LLLTVLLALLLAFLLSILILI,36.497635570320135
LLLTVLLLALLFALLSILILI,LLLTVLLAALLFALLSILILI,Right,void,,,,,,,,,,,3773.83,4587.86,55.6616,82.9051,3781.64,4624.0,109.895,175.176,-12.0894,1.1e+17,7,L,46.6903,63.97225519,3690.9249,3606.464,84.4609,5.0,0.5802391204353016,0.034078390113981394,R,LLLTALLVALLFALLSLLILI,54.2481499701199
LLLLALLVALLSTLLIFLILI,LLLLALLVALLSTLLIALILI,Right,void,,,,,,,,,,,3767.93,4545.72,41.2203,81.9629,3871.05,4651.07,135.066,268.632,-8.50232,1.1e+17,16,F,47.4999,63.31000102,3685.9671,3602.418,83.5491,5.0,0.4876105432835162,0.05719553129444648,R,LLLLALLVALLSTLLIFLILI,45.58804973234359
LLLLALLVALLSTLLIFLILI,LLLAALLVALLSTLLIFLILI,Right,void,,,,,,,,,,,3812.12,4585.33,62.1704,107.284,3871.05,4651.07,122.895,225.976,-8.50232,1.1e+17,3,L,62.4468,63.20832754,3704.836,3645.074,59.762,5.0,0.3818959312386463,0.026784442741454292,R,LLLLALLVALLSTLLIFLILI,35.70450012965423
LLLYILLSTLLALLLAFLILI,LLLYALLSTLLALLLAFLILI,Right,void,,,,,,,,,,,3644.27,4205.68,54.4497,65.79,3631.36,4258.5,109.82,127.185,-12.8642,1.1e+17,4,I,72.6852,47.51031232,3578.48,3504.175,74.305,5.0,0.4226798899502618,0.03249793687796082,R,LLLYALLTVLLALLLSFLILI,39.517504511197984
LLLYSLLITLLFVLLALLILI,LLLYSLLITLLAVLLALLILI,Right,void,,,,,,,,,,,3490.39,4140.91,55.8251,31.6197,3479.07,4291.39,156.475,110.062,-7.11015,1.1e+17,11,F,98.6481,24.2728441,3458.7703,3369.008,89.7623,5.0,0.2985031579906749,0.007901458241760475,R,LLLYTLLIALLAVLLSLLILI,27.907880580482374
LLLVYLLIALLFSLLTLLILI,LLLVYLLIALLASLLTLLILI,Right,void,,,,,,,,,,,3504.87,4134.49,51.4247,65.7731,3499.45,4275.27,154.109,169.148,-8.57958,1.1e+17,11,F,64.4947,50.4906815,3439.0969,3330.302,108.7949,5.0,0.7300799204649613,0.09358377646322764,R,LLLAYLLIALLVSLLTLLILI,68.2571781541444
LLLVYLLIALLFSLLTLLILI,LLLVALLIALLFSLLTLLILI,Right,void,,,,,,,,,,,3493.58,4124.65,55.0553,95.8344,3499.45,4275.27,167.505,186.612,-8.57958,1.1e+17,4,Y,42.6408,69.20690492,3397.7456,3312.838,84.9076,5.0,0.3566379827223637,0.04289107334648541,R,LLLVALLIALLFTLLSLLILI,33.343065109518164
LLLTYLLTILLAVLLSLLILI,LLLTALLTILLAVLLSLLILI,Right,void,,,,,,,,,,,3838.22,4570.5,46.9658,57.6949,3733.36,4658.28,137.561,90.694,-12.0153,1.1e+17,4,Y,80.7803,41.664428,3780.5251,3642.666,137.8591,5.0,0.4788888855888424,0.039446863741581586,R,LLLFALLTILLAYLLSLLILI,44.77263798579716
LLLTYLLTILLAVLLSLLILI,LLLTYLLTILLAVLLSALILI,Right,void,,,,,,,,,,,3731.01,4636.46,42.7722,83.3788,3733.36,4658.28,90.9402,165.947,-12.0153,1.1e+17,16,L,46.084,64.40367426,3647.6312,3567.413,80.2182,5.0,0.4150964959554995,0.043429829314910295,R,LLLTYLLTVLLAFLLSLLILI,38.808512166108
LLLTALLLALLAVLLSFLILI,LLLTALLLALLAVLLSALILI,Right,void,,,,,,,,,,,3743.95,4497.77,41.9021,90.644,3755.24,4601.58,135.38,216.497,-7.83971,1.1e+17,16,F,38.8188,70.01547935,3653.306,3538.743,114.563,5.0,0.3331899159523669,0.02237221475539567,R,LLLTALLFALLAYLLSLLILI,31.15084090772032
LLLTALLLALLAVLLSFLILI,LLLTALLAALLAVLLSFLILI,Right,void,,,,,,,,,,,3784.63,4558.61,56.8937,60.3959,3755.24,4601.58,113.381,121.901,-7.83971,1.1e+17,7,L,69.1995,46.60342883,3724.2341,3633.339,90.8951,5.0,0.7003696948507344,0.08932158827464443,R,LLLTLLLAVLLAYLLSFLILI,65.47948751246973
LLLAILLVTLLFTLLSLLILI,LLLAILLVTLLATLLSLLILI,Right,void,,,,,,,,,,,3324.35,3986.1,50.6951,29.9832,3316.91,4121.06,151.911,120.786,-11.9177,1.1e+17,11,F,100.2846,23.01658583,3294.3668,3196.124,98.2428,5.0,0.4670269003068026,0.06690878206964189,R,LLLSYLLVFLLATLLSLLILI,43.6636283829274
LLLAILLVTLLFTLLSLLILI,LLLAILLVTLLFTLLSALILI,Right,void,,,,,,,,,,,3355.81,4076.57,55.6245,105.851,3316.91,4121.06,109.033,142.528,-11.9177,1.1e+17,16,L,23.6118,81.7617107,3249.959,3174.382,75.577,5.0,0.2893729693731501,0.023304114651496496,R,LLLYALLVTLLFTLLSLLILI,27.05427415524274
LLLYVLLLTLLATLLSFLILI,LLLYVLLLTLLATLLSALILI,Right,void,,,,,,,,,,,4079.42,4703.65,43.3815,71.8772,4119.52,4808.73,137.421,223.687,-13.3415,1.1e+17,16,F,57.5856,55.51957782,4007.5428,3895.833,111.7098,5.0,0.2789829192780843,0.02136140624924684,R,LLLYVLLLILLATLLSFLILI,26.082879818143688
LLLYVLLFALLTVLLSLLILI,LLLYVLLAALLTVLLSLLILI,Right,void,,,,,,,,,,,3534.01,4125.77,52.9995,78.5418,3537.36,4258.05,153.354,192.097,-5.15993,1.1e+17,7,F,51.0536,60.60539186,3455.4682,3345.263,110.2052,5.0,0.3457751542932858,0.00271666852842722,R,LLLYALLLALLTVLLSILILI,32.32746942669312
LLLYVLLFALLTVLLSLLILI,LLLYVLLFALLTVLLSALILI,Right,void,,,,,,,,,,,3569.54,4214.04,55.8666,111.268,3537.36,4258.05,108.715,159.042,-5.15993,1.1e+17,16,L,18.1948,85.94592423,3458.272,3378.318,79.954,5.0,0.2745635694373439,0.030189826433418398,R,LLLYALLLALLTVLLSILILI,25.669702656371047
LLLYALLVALLFTLLSLLILI,LLLYALLVALLATLLSLLILI,Right,void,,,,,,,,,,,3944.69,4654.61,51.1359,51.6257,3940.9,4792.38,152.724,148.536,-16.1279,1.1e+17,11,F,78.6421,39.63043822,3893.0643,3792.364,100.7003,5.0,0.4541194779045779,0.042429070816468135,R,LLLTALLVALLFALLSLLILI,42.45687799064383
LLLYALLVALLFTLLSLLILI,LLLYALLVALLFTLLSALILI,Right,void,,,,,,,,,,,3955.66,4771.99,41.5353,48.7533,3940.9,4792.38,89.5081,91.9055,-16.1279,1.1e+17,16,L,80.7095,37.65815354,3906.9067,3848.9945,57.9122,5.0,0.2334670880956352,0.020846704806093075,R,LLLTALLVALLFALLSLLILI,21.827479675271945
LLLTYLLTVLLAFLLSLLILI,LLLTYLLTVLLAALLSLLILI,Right,void,,,,,,,,,,,3798.48,4637.82,44.6851,66.2006,3769.12,4722.16,131.273,173.892,-16.736,1.1e+17,12,F,63.6214,50.99336014,3732.2794,3595.228,137.0514,5.0,0.5408316454336648,0.05092357287336312,R,LLLAYLLTVLLAFLLSLLILI,50.56383683344488
LLLTYLLTVLLAFLLSLLILI,LLLTALLTVLLAFLLSLLILI,Right,void,,,,,,,,,,,3877.62,4622.55,56.7641,64.6761,3769.12,4722.16,149.891,90.2604,-16.736,1.1e+17,4,Y,73.7991,46.70590835,3812.9439,3678.8596,134.0843,5.0,0.4305755795244915,0.04187422320341674,R,LLLYALLTVLLALLLSFLILI,40.25569422825634
LLLTALLIALLFVLLSLLILI,LLLTALLIALLAVLLSLLILI,Right,void,,,,,,,,,,,3764.82,4572.02,49.7242,45.5777,3743.24,4676.29,137.67,140.283,-13.7653,1.1e+17,11,F,84.6901,34.98769458,3719.2423,3602.957,116.2853,5.0,0.5185883448084804,0.05022734261956965,R,LLLTALLVALLFALLSLLILI,48.48424952943783
LLLTALLIALLFVLLSLLILI,LLLTALLAALLFVLLSLLILI,Right,void,,,,,,,,,,,3786.25,4654.51,47.6015,67.9071,3743.24,4676.29,92.7797,109.444,-13.7653,1.1e+17,7,I,61.6883,52.39931356,3718.3429,3633.796,84.5469,5.0,0.3746238062063667,0.028431046783633267,R,LLLTALLVALLFALLSLLILI,35.024609175289406
LLLLYLLTALLIALLFVLILI,LLLLALLTALLIALLFVLILI,Right,void,,,,,,,,,,,3365.02,4121.2,63.9179,81.9196,3358.49,4301.01,180.779,182.512,-14.2442,1.1e+17,4,Y,56.5556,59.1583186,3283.1004,3175.978,107.1224,5.0,0.441503087040104,0.04731425536612126,R,LLLLYLLTALLIALLFVLILI,41.27733693663118
LLLYVLLTILLALLLAFLILI,LLLYVLLTALLALLLAFLILI,Right,void,,,,,,,,,,,3673.6,4260.74,45.4283,34.9979,3641.96,4302.82,91.0473,74.4151,-8.42499,1.1e+17,8,I,96.3317,26.64890474,3638.6021,3567.5449,71.0572,5.0,0.3434622234183154,0.020355822543822188,R,LLLYALLTVLLALLLSFLILI,32.11122716284544
LLLYVLLTILLALLLAFLILI,LLLYVLLTILLAALLAFLILI,Right,void,,,,,,,,,,,3650.61,4263.64,56.5935,76.0134,3641.96,4302.82,108.109,125.604,-8.42499,1.1e+17,12,L,53.8086,58.55201738,3574.5966,3516.356,58.2406,5.0,0.2914774931649664,0.02450288089915023,R,LLLYVLLTILLALLLAFLILI,27.25103186814649
LLLYALLLTLLVALLSFLILI,LLLYALLLTLLVALLSALILI,Right,void,,,,,,,,,,,4019.72,4627.49,44.4079,74.7985,4056.01,4728.75,137.154,222.561,-8.47689,1.1e+17,16,F,54.6643,57.77605613,3944.9215,3833.449,111.4725,5.0,0.1896062634181858,0.013056052243955691,R,LLLYWLLLALLVALLSTLILI,17.72681063880576
LLLAYLLIALLLTLLFVLILI,LLLAYLLIALLLTLLAVLILI,Right,void,,,,,,,,,,,3857.54,4536.92,45.5597,45.6046,3844.78,4612.65,131.847,147.3,-11.9189,1.1e+17,15,F,84.1158,35.15607414,3811.9354,3697.48,114.4554,5.0,0.7284648332841249,0.06338792776455975,R,LLLTYLLIALLLALLFVLILI,68.10617921506028
LLLAYLLIALLLTLLFVLILI,LLLAALLIALLLTLLFVLILI,Right,void,,,,,,,,,,,3906.48,4547.25,51.4639,79.7108,3844.78,4612.65,140.561,131.989,-11.9189,1.1e+17,4,Y,58.7644,57.56323154,3826.7692,3712.791,113.9782,5.0,0.4251707477001693,0.026467123780738913,R,LLLVALLIALLLSLLFTLILI,39.75038164755833
LLLYVLLATLLAFLLSLLILI,LLLYVLLATLLAFLLSALILI,Right,void,,,,,,,,,,,3957.87,4782.76,35.2933,70.4485,3932.92,4764.46,67.1994,127.753,-15.0718,1.1e+17,16,L,59.0143,54.41601757,3887.4215,3805.167,82.2545,5.0,0.3632803088425879,0.026373706607652637,R,LLLTVLLALLLAFLLSILILI,33.964074432795165
LLLSYLLFTLLALLLAVLILI,LLLSALLFTLLALLLAVLILI,Right,void,,,,,,,,,,,3744.97,4638.44,52.3898,65.9466,3641.21,4770.41,154.075,100.283,-23.5221,1.1e+17,4,Y,72.5286,47.62340116,3679.0234,3540.927,138.0964,5.0,0.5900321224973426,0.050317498768478144,R,LLLSYLLFVLLALLLATLILI,55.16372464581695
LLLYSLLLTLLAALLVFLILI,LLLYSLLATLLAALLVFLILI,Right,void,,,,,,,,,,,3581.71,4193.65,58.7233,71.0488,3576.22,4243.11,115.333,148.975,-8.44593,1.1e+17,7,L,58.5466,54.82355084,3510.6612,3427.245,83.4162,5.0,0.5687017415526949,0.04564034462573239,R,LLLYSLLLALLATLLVFLILI,53.169488711609446
LLLYSLLLTLLAALLVFLILI,LLLYSLLLTLLAALLVALILI,Right,void,,,,,,,,,,,3446.57,4096.7,56.1364,96.3434,3576.22,4243.11,155.586,288.94,-8.44593,1.1e+17,16,F,33.1194,74.41782504,3350.2266,3287.28,62.9466,5.0,0.2975154498521991,0.014662083889718246,R,LLLYSLLLALLFALLVTLILI,27.815537032218085
LLLYALLTILLTFLLSLLILI,LLLYALLTILLTALLSLLILI,Right,void,,,,,,,,,,,3888.3,4670.38,47.5233,68.9911,3875.32,4750.14,132.29,189.736,-14.4478,1.1e+17,12,F,60.8309,53.14284174,3819.3089,3685.584,133.7249,5.0,0.2783749962060329,0.02686998351878338,R,LLLFALLTILLAYLLSLLILI,26.026043419456546
LLLYALLTILLTFLLSLLILI,LLLAALLTILLTFLLSLLILI,Right,void,,,,,,,,,,,3725.07,4561.23,58.5255,90.239,3875.32,4750.14,179.54,311.082,-14.4478,1.1e+17,3,Y,79.4918,53.16595456,3634.831,3564.238,70.593,5.0,0.2865796896177681,0.027187751526113454,R,LLLAYLLTVLLAFLLSLLILI,26.793122754480965
LLLYSLLLALLFALLTILILI,LLLYSLLLALLAALLTILILI,Right,void,,,,,,,,,,,3392.44,4118.53,54.0985,39.1181,3388.49,4264.35,158.136,129.959,-14.225,1.1e+17,11,F,88.1247,32.11882424,3353.3219,3258.531,94.7909,5.0,0.5100513746936484,0.04337868227122784,R,LLLYSLLLALLFALLVTLILI,47.68610473228523
LLLYSLLLALLFALLTILILI,LLLYSLLAALLFALLTILILI,Right,void,,,,,,,,,,,3399.62,4212.59,59.8377,66.538,3388.49,4264.35,118.546,139.847,-14.225,1.1e+17,7,L,63.0574,51.34287174,3333.082,3248.643,84.439,5.0,0.587088130377971,0.041866279541295535,R,LLLYSLLLALLFALLVTLILI,54.88848273196132
LLLAYLLVLLLTLLLSFLILI,LLLAALLVLLLTLLLSFLILI,Right,void,,,,,,,,,,,3983.22,4693.47,45.7168,64.6111,3912.71,4826.01,150.511,141.14,-10.2102,1.1e+17,4,Y,73.8641,46.65896854,3918.6089,3771.57,147.0389,5.0,0.3273643080895305,0.042302379790005055,R,LLLAYLLVLLLATLLSFLILI,30.60618881881398
LLLAYLLVLLLTLLLSFLILI,LLLAYLLVLLLTALLSFLILI,Right,void,,,,,,,,,,,3908.75,4768.08,54.6069,91.0375,3912.71,4826.01,112.963,166.94,-10.2102,1.1e+17,12,L,38.7845,70.12486327,3817.7125,3745.77,71.9425,5.0,0.4417767170590025,0.01509473622839234,R,LLLAYLLVLLLATLLSFLILI,41.30291935908211
LLLYSLLFVLLAILLTLLILI,LLLYSLLAVLLAILLTLLILI,Right,void,,,,,,,,,,,3515.87,4138.51,57.6329,68.907,3540.58,4298.49,161.127,183.944,-5.71654,1.1e+17,7,F,60.6884,53.17086872,3446.963,3356.636,90.327,5.0,0.2818668450006248,0.021843205134054022,R,LLLTYLLAVLLAILLFLLILI,26.352505959486404
LLLYSLLFVLLAILLTLLILI,LLLYSLLFVLLAILLTALILI,Right,void,,,,,,,,,,,3521.23,4260.04,55.7156,108.327,3540.58,4298.49,106.642,195.568,-5.71654,1.1e+17,16,L,21.1358,83.6742292,3412.903,3345.012,67.891,5.0,0.0518244117326908,0.003356690332008404,R,LLLYSLLFVLLAILLTLLILI,4.845206675618714
LLLLVLLTILLAYLLSFLILI,LLLLVLLTILLAALLSFLILI,Right,void,,,,,,,,,,,3609.17,4118.56,49.9311,79.1454,3573.7,4242.38,153.032,169.193,-7.94839,1.1e+17,12,Y,50.6766,60.96455146,3530.0246,3404.507,125.5176,5.0,0.3413889239744235,0.03978091137144579,R,LLLYVLLTILLALLLAFLILI,31.91738870003921
LLLATLLFALLVLLLSLLILI,LLLATLLAALLVLLLSLLILI,Right,void,,,,,,,,,,,3726.56,4486.16,59.0861,75.6348,3731.61,4637.89,159.95,180.083,-11.3568,1.1e+17,7,F,53.9606,58.36225669,3650.9252,3551.527,99.3982,5.0,0.5105949424639443,0.05253865494321653,R,LLLATLLFALLVLLLSLLILI,47.73692437695141
LLLATLLFALLVLLLSLLILI,LLLATLLFALLVLLLSALILI,Right,void,,,,,,,,,,,3766.12,4598.02,41.8888,82.1826,3731.61,4637.89,96.8317,134.734,-11.3568,1.1e+17,16,L,47.2802,63.47970228,3683.9374,3596.876,87.0614,5.0,0.4194937768410033,0.02447366704901873,R,LLLATLLFALLVLLLSLLILI,39.21962604060615
LLLLVLLIALLFALLSTLILI,LLLLVLLIALLAALLSTLILI,Right,void,,,,,,,,,,,3831.69,4541.55,51.7143,42.7823,3818.03,4682.66,154.021,126.518,-10.6875,1.1e+17,11,F,87.4855,32.84180742,3788.9077,3691.512,97.3957,5.0,0.4237322503510922,0.034060901895872166,R,LLLLALLVALLFALLSTLILI,39.61589257714575
LLLLVLLIALLFALLSTLILI,LLLLVLLAALLFALLSTLILI,Right,void,,,,,,,,,,,3818.31,4638.68,59.319,85.9407,3818.03,4682.66,109.315,161.342,-10.6875,1.1e+17,7,I,43.6547,66.31462228,3732.3693,3656.688,75.6813,5.0,0.4075108732264166,0.04338680711693305,R,LLLLALLVALLFALLSTLILI,38.09931145052143
LLLALLLLTLLFVLLSILILI,LLLALLLLTLLAVLLSILILI,Right,void,,,,,,,,,,,3861.78,4560.32,52.9477,34.6201,3857.87,4684.2,150.731,129.736,-12.2337,1.1e+17,11,F,95.6477,26.57609939,3827.1599,3728.134,99.0259,5.0,0.7277138003920115,0.07618977949561573,R,LLLALLLVTLLAYLLSFLILI,68.03596308600423
LLLFVLLIALLLTLLSLLILI,LLLFVLLIALLATLLSLLILI,Right,void,,,,,,,,,,,3981.08,4646.27,51.3745,66.6432,3941.56,4686.25,106.684,130.478,-7.46132,1.1e+17,11,L,63.6246,51.15861326,3914.4368,3811.082,103.3548,5.0,0.2311637831266984,0.029088320772526436,R,LLLVALLIALLFTLLSLLILI,21.612137363833057
LLLFVLLIALLLTLLSLLILI,LLLFVLLIALLLTLLSALILI,Right,void,,,,,,,,,,,3964.48,4663.96,45.2336,29.6391,3941.56,4686.25,93.3118,61.2149,-7.46132,1.1e+17,16,L,99.8237,22.89391238,3934.8409,3880.3451,54.4958,5.0,0.220717690400177,0.018611597008866002,R,LLLYVLLIALLATLLSLLILI,20.63550344710406
LLLSYLLTVLLALLLSFLILI,LLLSALLTVLLALLLSFLILI,Right,void,,,,,,,,,,,3556.06,4072.76,53.0092,73.3479,3513.59,4246.95,169.016,154.05,-9.83905,1.1e+17,4,Y,65.1273,52.96825713,3482.7121,3359.54,123.1721,5.0,0.4889944645684342,0.04716026665440655,R,LLLYALLTVLLALLLSFLILI,45.71743633653317
LLLSYLLTVLLALLLSFLILI,LLLSYLLTVLLAALLSFLILI,Right,void,,,,,,,,,,,3520.91,4205.16,54.2171,84.3605,3513.59,4246.95,106.962,144.8,-9.83905,1.1e+17,12,L,45.4615,64.98166721,3436.5495,3368.79,67.7595,5.0,0.3503883178094763,0.0310738393433562,R,LLLYALLTVLLALLLSFLILI,32.75876676161814
LLLYWLLLALLVALLSTLILI,LLLYALLLALLVALLSTLILI,Right,void,,,,,,,,,,,3536.14,4084.87,59.2063,71.7493,3447.44,4127.59,145.295,161.475,-11.5575,1.1e+17,4,W,66.7259,51.81382659,3464.3907,3285.965,178.4257,5.0,0.3150902589716325,0.02686378049348337,R,LLLLALLVALLFALLSTLILI,29.458654235504905
LLLYWLLLALLVALLSTLILI,LLLYWLLAALLVALLSTLILI,Right,void,,,,,,,,,,,3412.67,4074.41,59.1036,90.0014,3447.44,4127.59,117.819,196.878,-11.5575,1.1e+17,7,L,39.594,69.44798967,3322.6686,3250.562,72.1066,5.0,0.3145242327855469,0.022851731284167672,R,LLLYWLLLALLVALLSTLILI,29.405734891826818
LLLYILLTVLLALLLSFLILI,LLLYILLTVLLALLLSALILI,Right,void,,,,,,,,,,,3885.37,4661.03,46.4816,89.808,3976.37,4762.93,138.402,268.635,-9.91319,1.1e+17,16,F,39.6548,69.36973401,3795.562,3707.735,87.827,5.0,0.1369968625676599,0.00885034675068937,R,LLLYALLTVLLALLLSFLILI,12.808213173270508
LLLYSLLFTLLVALLILLILI,LLLYSLLFTLLVALLIALILI,Right,void,,,,,,,,,,,3490.93,4248.89,57.9962,95.317,3503.43,4311.32,116.685,174.698,-7.23483,1.1e+17,16,L,34.1458,73.62501043,3395.613,3328.732,66.881,5.0,0.0584013638154182,0.004403425017692089,R,LLLYSLLLTLLVALLIFLILI,5.460104000470621
LLLALLLVTLLTFLLSILILI,LLLALLLVTLLTALLSILILI,Right,void,,,,,,,,,,,3980.06,4600.5,45.5211,60.7784,3938.05,4665.66,123.499,138.841,-12.5431,1.1e+17,12,F,69.0436,46.81671828,3919.2816,3799.209,120.0726,5.0,0.3397969571620716,0.03138735348319068,R,LLLALLLVTLLAYLLSFLILI,31.76855134774361
LLLALLLVTLLTFLLSILILI,LLLALLLVTLLTFLLSALILI,Right,void,,,,,,,,,,,3938.05,4652.16,46.0998,89.9057,3938.05,4665.66,86.5998,163.953,-12.5431,1.1e+17,16,I,39.5571,69.4451997,3848.1443,3774.097,74.0473,5.0,0.4471675460676776,0.04402749358413598,R,LLLALLLVTLLAYLLSFLILI,41.80692277806304
LLLYVLLAILLTLLLSFLILI,LLLYVLLAILLTALLSFLILI,Right,void,,,,,,,,,,,3706.57,4236.67,54.0474,85.4429,3717.48,4274.15,105.555,157.554,-6.80694,1.1e+17,12,L,44.3791,65.8154242,3621.1271,3559.926,61.2011,5.0,0.1338573873698201,0.012947135843336142,R,LLLYVLLTILLALLLSFLILI,12.514695009186507
LLLTILLAVLLAYLLSLLILI,LLLTILLAVLLAALLSLLILI,Right,void,,,,,,,,,,,3373.39,3981.64,45.463,66.3911,3335.04,4098.69,144.326,157.521,-11.4044,1.1e+17,12,Y,63.4309,51.14009952,3306.9989,3177.519,129.4799,5.0,0.3793395493129399,0.0319086639941992,R,LLLTYLLAVLLAILLFLLILI,35.46549695802632
LLLTILLAVLLAYLLSLLILI,LLLTALLAVLLAYLLSLLILI,Right,void,,,,,,,,,,,3383.81,4039.67,60.3823,40.1183,3335.04,4098.69,115.412,79.179,-11.4044,1.1e+17,4,I,98.3569,28.97146926,3343.6917,3255.861,87.8307,5.0,0.5079292831298681,0.040563465160038906,R,LLLTYLLAVLLAILLFLLILI,47.48770456010119
LLLALLLVTLLFILLSLLILI,LLLALLLVTLLAILLSLLILI,Right,void,,,,,,,,,,,3851.86,4592.79,50.2333,22.715,3841.79,4684.22,137.586,129.111,-7.61051,1.1e+17,11,F,107.5528,17.43715638,3829.145,3712.679,116.466,5.0,0.1749820114475117,0.009372009634298625,R,LLLWTLLVFLLAILLSLLILI,16.359549132013907
LLLFILLTALLAVLLSLLILI,LLLAILLTALLAVLLSLLILI,Right,void,,,,,,,,,,,3800.19,4520.96,56.3441,104.324,3861.17,4648.05,156.603,260.687,-7.71969,1.1e+17,3,F,65.4068,61.46438949,3695.866,3600.483,95.383,5.0,0.5809968314864361,0.05884860234814734,R,LLLAYLLTVLLAFLLSLLILI,54.318990458615616
LLLFILLTALLAVLLSLLILI,LLLFALLTALLAVLLSLLILI,Right,void,,,,,,,,,,,3943.64,4613.73,56.1814,49.0031,3861.17,4648.05,101.409,61.7946,-7.71969,1.1e+17,4,I,102.9404,21.61675662,3894.6369,3799.3754,95.2615,5.0,0.4246793830783747,0.024121034897364658,R,LLLFALLTILLAYLLSLLILI,39.7044426187091
LLLTYLLFTLLALLLSVLILI,LLLTALLFTLLALLLSVLILI,Right,void,,,,,,,,,,,3774.09,4614.39,49.9394,49.6777,3675.87,4733.14,150.101,85.5011,-17.4432,1.1e+17,4,Y,88.7975,35.87479924,3724.4123,3590.3689,134.0434,5.0,0.7363841110809279,0.0895667104775173,R,LLLTALLFALLAYLLSLLILI,68.84657425987166
LLLTYLLFTLLALLLSVLILI,LLLTYLLATLLALLLSVLILI,Right,void,,,,,,,,,,,3693.09,4585.04,54.9165,35.6348,3675.87,4733.14,155.652,105.142,-17.4432,1.1e+17,7,F,93.9606,27.49696363,3657.4552,3570.728,86.7272,5.0,0.4554822472074067,0.04833187163146886,R,LLLTYLLIVLLALLLSFLILI,42.58428703789848
LLLAVLLLTLLFALLSYLILI,LLLAVLLLTLLFALLSALILI,Right,void,,,,,,,,,,,3285.63,4091.8,58.7962,88.6226,3275.67,4252.17,168.49,195.958,-13.9568,1.1e+17,16,Y,40.8402,68.45410419,3197.0074,3079.712,117.2954,5.0,0.381971031218414,0.038884232774348604,R,LLLTVLLLALLFALLSILILI,35.71152143315086
LLLAVLLLTLLFALLSYLILI,LLLAVLLLTLLAALLSYLILI,Right,void,,,,,,,,,,,3284.68,4115.86,52.0375,29.4963,3275.67,4252.17,153.641,117.394,-13.9568,1.1e+17,11,F,100.7715,22.64281733,3255.1837,3158.276,96.9077,5.0,0.2864261194229685,0.027995963105269125,R,LLLYVLLLTLLATLLSFLILI,26.77876505493085
LLLVSLLLTLLAYLLALLILI,LLLVSLLLTLLAALLALLILI,Right,void,,,,,,,,,,,3257.26,3974.95,45.9073,46.7282,3225.45,4096.56,146.033,115.593,-14.1235,1.1e+17,12,Y,83.0938,35.9940534,3210.5318,3109.857,100.6748,5.0,0.4500170779602171,0.009696772476878225,R,LLLYSLLLTLLATLLAFLILI,42.07333334571859
LLLYYLLVLLLATLLSFLILI,LLLYALLVLLLATLLSFLILI,Right,void,,,,,,,,,,,3741.07,4256.15,48.5854,55.7821,3659.11,4419.59,162.158,121.55,-8.10855,1.1e+17,4,Y,82.6931,40.28309762,3685.2879,3537.56,147.7279,5.0,0.2724952039105203,0.019628463950087164,R,LLLYALLTVLLALLLSFLILI,25.476325479030827
LLLFYLLVILLALLLSTLILI,LLLFALLVILLALLLSTLILI,Right,void,,,,,,,,,,,3888.39,4629.03,41.3344,35.4514,3802.46,4750.88,143.358,85.5819,-11.7054,1.1e+17,4,Y,103.0238,25.6012629,3852.9386,3716.8781,136.0605,5.0,0.5201823395288074,0.046540582306769204,R,LLLFALLTILLAYLLSLLILI,48.633276476423084
LLLFYLLVILLALLLSTLILI,LLLAYLLVILLALLLSTLILI,Right,void,,,,,,,,,,,3765.74,4670.88,54.5966,63.7171,3802.46,4750.88,139.057,187.834,-11.7054,1.1e+17,3,F,106.0137,37.5400929,3702.0229,3614.626,87.3969,5.0,0.6074505574098166,0.04603376843957511,R,LLLAYLLVLLLATLLSFLILI,56.79222199475091
LLLSYLLVALLTILLFLLILI,LLLSALLVALLTILLFLLILI,Right,void,,,,,,,,,,,3421.89,4100.76,52.3607,64.5751,3392.83,4270.86,169.8,158.667,-9.35026,1.1e+17,4,Y,73.9001,46.6329711,3357.3149,3234.163,123.1519,5.0,3.221253806469796,0.18788941283280902,R,LLLYALLVALLTALLSLLILI,301.163870947026
LLLVALLLALLFALLSTLILI,LLLVALLLALLAALLSTLILI,Right,void,,,,,,,,,,,3666.47,4457.19,55.1498,44.6292,3654.91,4596.22,157.825,137.735,-7.69636,1.1e+17,11,F,85.6386,34.25957911,3621.8408,3517.175,104.6658,5.0,0.4110744196076809,0.04105563893867638,R,LLLLALLVALLFALLSTLILI,38.43247719496705
LLLVALLLALLFALLSTLILI,LLLVALLAALLFALLSTLILI,Right,void,,,,,,,,,,,3666.91,4556.96,56.8072,87.1961,3654.91,4596.22,112.209,166.827,-7.69636,1.1e+17,7,L,42.3993,67.2833295,3579.7139,3488.083,91.6309,5.0,0.5200268739976451,0.053563895372016966,R,LLLTALLVALLFALLSLLILI,48.61874157666771
LLLAYLLVALLTLLLSFLILI,LLLAALLVALLTLLLSFLILI,Right,void,,,,,,,,,,,3917.19,4592.33,55.5496,54.9942,3850.65,4629.56,131.189,116.571,-13.5001,1.1e+17,4,Y,83.481,39.71411487,3862.1958,3734.079,128.1168,5.0,0.4843214949374866,0.03319528447144678,R,LLLYALLVALLTALLSLLILI,45.28054756358163
LLLAYLLVALLTLLLSFLILI,LLLAYLLVALLTLLLSALILI,Right,void,,,,,,,,,,,3749.72,4527.54,44.0516,88.1228,3850.65,4629.56,137.032,273.787,-13.5001,1.1e+17,16,F,41.34,68.06804735,3661.5972,3576.863,84.7342,5.0,0.6450466000362484,0.054507057681221494,R,LLLAYLLVFLLALLLSTLILI,60.30717934052867
LLLYSLLVALLFLLLATLILI,LLLYSLLVALLALLLATLILI,Right,void,,,,,,,,,,,3466.82,4126.05,56.4886,24.3372,3450.82,4288.64,160.466,100.078,-10.0953,1.1e+17,11,F,105.9306,18.68243726,3442.4828,3350.742,91.7408,5.0,0.3999655025171456,0.030872106815127497,R,LLLYALLVALLSLLLFTLILI,37.3938740068868
LLLYSLLVALLFLLLATLILI,LLLASLLVALLFLLLATLILI,Right,void,,,,,,,,,,,3259.73,4098.23,64.3061,127.112,3450.82,4288.64,185.605,369.63,-10.0953,1.1e+17,3,Y,42.6188,74.89035579,3132.618,3081.19,51.428,5.0,0.4279581277318277,0.031949153149408625,R,LLLASLLLALLFVLLYTLILI,40.01098146693569
LLLFYLLVALLTTLLSLLILI,LLLFALLVALLTTLLSLLILI,Right,void,,,,,,,,,,,3545.45,4098.51,50.5574,81.6282,3516.94,4198.55,151.812,158.288,-12.1727,1.1e+17,4,Y,56.847,58.94788381,3463.8218,3358.652,105.1698,5.0,0.5148242620511188,0.03138098309958058,R,LLLTALLVALLFALLSLLILI,48.13233508808112
LLLFYLLVALLTTLLSLLILI,LLLFYLLVALLTTLLSALILI,Right,void,,,,,,,,,,,3545.91,4154.85,56.0518,91.2942,3516.94,4198.55,108.847,122.464,-12.1727,1.1e+17,16,L,38.1686,70.51770856,3454.6158,3394.476,60.1398,5.0,0.456091639841452,0.04153629305402542,R,LLLTYLLVALLATLLSLLILI,42.641260829975046
LLLYSLLVALLATLLFLLILI,LLLYSLLVALLATLLALLILI,Right,void,,,,,,,,,,,3514.63,4088.38,59.5995,56.7028,3459.85,4212.53,152.235,114.736,-6.31342,1.1e+17,15,F,116.2504,10.38387177,3457.9272,3345.114,112.8132,5.0,0.3683998133957554,0.03260598002032405,R,LLLYYLLVFLLATLLSLLILI,34.442710982782685
LLLYSLLVALLATLLFLLILI,LLLYSLLVALLATLLFALILI,Right,void,,,,,,,,,,,3446.93,4187.94,49.5088,66.4616,3459.85,4212.53,94.739,146.526,-6.31342,1.1e+17,16,L,63.0012,51.33644568,3380.4684,3313.324,67.1444,5.0,0.201906473525419,0.013562900944543477,R,LLLYLLLVALLATLLSFLILI,18.87679108490285
LLLTYLLLALLVSLLFILILI,LLLTYLLLALLVSLLAILILI,Right,void,,,,,,,,,,,3797.15,4706.45,54.4437,33.4013,3800.49,4807.28,142.288,130.827,-14.3951,1.1e+17,15,F,96.3191,25.74868718,3763.7487,3669.663,94.0857,5.0,0.3773779600356293,0.021240624137154825,R,LLLYALLLALLVSLLTILILI,35.28210258569325
LLLTYLLLALLVSLLFILILI,LLLTYLLAALLVSLLFILILI,Right,void,,,,,,,,,,,3792.87,4792.7,52.8539,97.8511,3800.49,4807.28,99.9181,188.505,-14.3951,1.1e+17,7,L,31.7443,75.50507194,3695.0189,3611.985,83.0339,5.0,0.2923189194069881,0.03993591529776189,R,LLLTYLLLALLISLLFVLILI,27.329699119902536
LLLLVLLTILLAYLLSFLILI,LLLAVLLTILLAYLLSFLILI,Right,void,,,,,,,,,,,3870.27,4781.42,56.1609,112.374,3926.27,4837.41,115.025,229.658,-11.184,1.1e+17,3,L,57.3568,66.20719398,3757.896,3696.612,61.284,5.0,0.4959034529490055,0.0491021230024798,R,LLLYVLLTILLALLLAFLILI,46.363376647365484
LLLYLLLIVLLAFLLSTLILI,LLLYLLLIVLLAALLSTLILI,Right,void,,,,,,,,,,,4092.83,4726.27,49.6986,66.7304,4083.57,4857.08,148.53,181.31,-18.9945,1.1e+17,12,F,63.0916,51.40145738,4026.0996,3902.26,123.8396,5.0,0.1996482128708449,0.01270043883343093,R,LLLYLLLTVLLAFLLSILILI,18.66566009020354
LLLYLLLIVLLAFLLSTLILI,LLLYALLIVLLAFLLSTLILI,Right,void,,,,,,,,,,,4090.09,4816.27,54.0235,67.2549,4083.57,4857.08,109.534,143.937,-18.9945,1.1e+17,4,L,71.2203,48.56819127,4022.8351,3939.633,83.2021,5.0,0.3238017925777295,0.03268914991671403,R,LLLYALLTVLLALLLSFLILI,30.273119453187487
LLLYALLVTLLFTLLSLLILI,LLLYALLVTLLFTLLSALILI,Right,void,,,,,,,,,,,4009.66,4784.51,41.7298,44.1277,3994.86,4803.23,89.1344,102.653,-14.6637,1.1e+17,16,L,85.3351,34.0852353,3965.5323,3892.207,73.3253,5.0,0.3472405945949177,0.00678887931275821,R,LLLYALLVALLFTLLSLLILI,32.46447746778408
LLLYALLTVLLALLLSFLILI,LLLYALLTVLLALLLSALILI,Right,void,,,,,,,,,,,3907.35,4681.82,44.4994,88.6982,4006.65,4781.18,136.383,272.251,-8.56186,1.1e+17,16,F,40.7646,68.51249934,3818.6518,3734.399,84.2528,5.0,0.5218483423420334,0.050269916176569465,R,LLLYALLTVLLALLLSFLILI,48.78903565790454
LLLYALLTVLLALLLSFLILI,LLLYALLTVLLAALLSFLILI,Right,void,,,,,,,,,,,4024.68,4726.9,54.6083,86.3369,4006.65,4781.18,106.374,142.644,-8.56186,1.1e+17,12,L,43.4851,66.5040594,3938.3431,3864.006,74.3371,5.0,0.2690238439538662,0.019483375653560446,R,LLLYALLTVLLALLLSFLILI,25.151778496766745
LLLLTLLIALLVALLSFLILI,LLLLTLLIALLVALLSALILI,Right,void,,,,,,,,,,,3792.9,4567.48,45.3848,79.9165,3792.09,4672.26,138.052,192.442,-11.0151,1.1e+17,16,F,49.5463,61.72931529,3712.9835,3599.648,113.3355,5.0,0.4301259276098415,0.03141346572038308,R,LLLLVLLIALLFALLSTLILI,40.213655035032026
LLLLTLLIALLVALLSFLILI,LLLLTLLAALLVALLSFLILI,Right,void,,,,,,,,,,,3814.55,4635.75,51.1611,66.6122,3792.09,4672.26,101.799,130.769,-11.0151,1.1e+17,7,I,62.9832,51.40012686,3747.9378,3661.321,86.6168,5.0,0.3178842911533715,0.02719818810453555,R,LLLLTLLIALLVALLSFLILI,29.719875982674605
LLLYSLLLTLLFVLLALLILI,LLLYSLLLTLLAVLLALLILI,Right,void,,,,,,,,,,,3505.12,4155.62,58.0842,36.9215,3493.2,4307.41,159.153,112.215,-6.04566,1.1e+17,11,F,93.3463,28.34276774,3468.1985,3380.985,87.2135,5.0,0.49147610251443,0.024428719040419034,R,LLLYSLLLILLAVLLTFLILI,45.94945148808814
LLLTYLLTILLAFLLSLLILI,LLLTALLTILLAFLLSLLILI,Right,void,,,,,,,,,,,3475.32,4033.1,49.7381,54.0592,3419.28,4208.84,165.882,118.608,-6.66312,1.1e+17,4,Y,84.416,39.03890372,3421.2608,3300.672,120.5888,5.0,0.4133395262383738,0.04704889378335109,R,LLLAYLLTVLLAFLLSLLILI,38.64424823878767
LLLTYLLTILLAFLLSLLILI,LLLTYLLTILLAALLSLLILI,Right,void,,,,,,,,,,,3402.22,4126.7,41.7941,65.3719,3419.28,4208.84,128.78,198.057,-6.66312,1.1e+17,12,F,64.4501,50.35502457,3336.8481,3221.223,115.6251,5.0,0.3523413969161994,0.03490545220496321,R,LLLAYLLTVLLAFLLSLLILI,32.94136549471552
