Sequence,Mutant,Region,Mutant Type,CHARMM_IMM1,CHARMM_IMM1REF,CHARMM_VDW,Dimer,HBONDMonomer,IMM1Monomer,Monomer,MonomerSasa,SCWRL4_HBOND,VDWMonomer,Mutant_DimerSasa,Mutant_MonomerSasa,Mutant_Position_MonomerSasa,Mutant_Position_Sasa,WT_DimerSasa,WT_MonomerSasa,WT_Position_MonomerSasa,WT_Position_Sasa,Total,Interface,Position,WT_AA,SasaDifference,SasaPercDifference,Mutant_SASA_no_alanine,SASA_no_wt_position,DimerSasaDifference,Segment,PercentGpA_transformed,std_adjusted,Sample,LB-12H_M9-36H,wt_seq,Fluorescence,FluorStdDev,Percent GpA
LLLTYLLAVLLGLLLAFLILI,LLLIYLLAVLLGLLLAFLILI,GAS,clash,32.5797,-269.498,429.151,141.491,-44.9868,-272.985,-341.866,4612.28,-50.7419,-23.8952,3756.71,4644.37,57.9775,51.7154,3743.51,4679.26,88.3625,79.6306,-17.912,1.10011e+17,3,T,127.4866,1.722011341,,,,,0.3811983672301176,0.1090554067235348,G,99999900.0,LLLYSLLALLLGTLLGFLILI,19684.01300431856,1300.031140692473,67.4856084189344
LLLFVLLATLLAYLLSLLILI,LLLFVLLITLLAYLLSLLILI,Right,clash,22.2053,-275.433,553.748,251.005,-74.0031,-279.428,-372.279,4714.84,-49.515,-18.8485,3713.41,4739.56,48.4116,18.5602,3713.41,4739.56,48.4116,18.5602,-16.9179,1.10011e+17,7,A,128.42577,1.414033245,,,,,4.61404314293134,5.4861740192819255,R,99999900.0,LLLAYLLTVLLAFLLSLLILI,40060.053820465066,25793.27240797116,61.565555094807934
LLLVLLLAILFLLLTSLLILI,LLLVLLLAILFILLTSLLILI,Left,clash,22.5401,-283.324,607.446,296.766,-74.2544,-276.702,-385.74,4611.78,-49.8973,-34.7843,3715.14,4626.99,48.5898,10.7498,3690.59,4701.94,111.732,27.8052,-19.934,1.10011e+17,11,L,119.518,8.252077643,,,,,3.417932206957016,4.412084836101078,L,99999900.0,LLLVALLLILTFLLASLLILI,45623.10930759103,30363.23592776264,24.379283462224805
LLLTVLLAILLGLLLGFLILI,LLLIVLLAILLGLLLGFLILI,GAS,clash,33.235,-265.062,611.442,329.171,-44.964,-269.184,-350.809,4545.34,-50.444,-36.6606,3629.87,4526.53,56.8655,81.3097,3608.81,4563.2,88.1529,107.712,-17.5194,1.10011e+17,3,T,129.5954,0.0,,,,,0.4952499987179464,0.0854167483752643,G,36.42181720709966,LLLFVLLTILLGALLSLLILI,20881.15977565673,1221.3611777607066,81.81823639885684
LLLVALLIALLFTLLSLLILI,LLLVALLIALLFTLLILLILI,Right,clash,22.9073,-272.282,666.004,367.02,-58.8866,-275.237,-368.021,4651.52,-49.6085,-33.8978,3864.7,4673.25,34.1019,16.9071,3859.43,4661.46,35.4203,18.4858,-5.63805,1.10011e+17,15,S,112.8133,13.03349358,,,,,0.466022026276532,0.2431227524840382,R,99999900.0,LLLTALLVALLFALLSLLILI,25318.76838892536,926.416808167328,53.45466704991223
LLLYALLTVLLALLLSFLILI,LLLYALLIVLLALLLSFLILI,Right,clash,22.3632,-277.347,700.655,400.569,-60.4169,-278.666,-362.316,4703.93,-45.102,-23.2339,4019.38,4746.04,58.7913,37.6666,4006.65,4781.18,89.179,61.8646,-8.56186,1.10011e+17,7,T,91.9288,29.06476619,,,,,0.4372284180371749,0.0011631469741598,R,3738202488579.5234,LLLYALLTVLLALLLSFLILI,25532.573752255583,1466.7554009121218,36.56784221496712
LLLYVLLATLLAFLLSLLILI,LLLYVLLATLLAFLLILLILI,Right,clash,22.0548,-277.291,705.71,400.902,-58.8282,-279.426,-358.408,4697.13,-49.572,-20.1532,3933.98,4760.71,40.932,1.95796,3932.92,4764.46,50.6019,2.05807,-15.0718,1.10011e+17,15,S,127.76244,1.509369382,,,,,0.314095112284626,0.3289090698644192,R,22795790908990.91,LLLAYLLTVLLAFLLSLLILI,24747.965805603057,414.7540007723265,45.80712937043891
LLLALLLVTLLTFLLSILILI,LLLALLLVTLLTFLLIILILI,Right,clash,18.1203,-273.792,768.203,458.287,-72.638,-278.089,-382.703,4598.3,-54.2436,-31.9766,3939.57,4671.15,52.469,14.9333,3938.05,4665.66,57.6269,14.9395,-12.5431,1.10011e+17,15,S,114.7871,11.51191332,,,,,0.9688672417921432,0.3143518188303113,R,99999900.0,LLLYLLLTVLLAFLLSILILI,27187.732429000247,3396.999342735605,62.55889373895472
LLLVLLLAILFLLLTSLLILI,LLLVLLLAILFLLLISLLILI,Left,clash,22.5741,-284.172,777.202,470.467,-60.4347,-277.541,-384.807,4645.04,-45.138,-46.8313,3705.25,4702.52,33.2519,9.3985,3690.59,4701.94,51.4389,6.21086,-19.934,1.10011e+17,14,T,120.4883,7.235916198,,,,,0.464615267030093,0.6221338330191463,L,99999900.0,LLLVALLLILTFLLASLLILI,30944.83053435208,3086.388126946095,2.0199228430074188
LLLLAILLLLLTVLFSLLILI,LLLLIILLLLLTVLFSLLILI,Left,clash,25.4729,-289.719,807.809,493.868,-74.3434,-280.68,-396.419,4588.0,-49.6951,-41.3959,3682.53,4615.65,45.1315,26.5789,3682.53,4615.65,45.1315,26.5789,-19.0411,1.1011e+16,4,A,111.8963,19.19397842,,,,,0.3327809567118346,0.0913481014415168,L,99999900.0,LLLLIFLLWLLTALLSVLILI,30010.299601681585,1717.216467721432,32.496253856169695
LLLLALLTVLLALLFSLLILI,LLLLALLTVLLILLFSLLILI,Left,clash,20.8251,-281.343,861.293,551.013,-74.2722,-277.37,-386.776,4630.48,-49.7623,-35.1342,3798.31,4633.76,54.7522,25.9456,3798.31,4633.76,54.7522,25.9456,-16.6884,1.10011e+17,11,A,104.3222,19.91712457,,,,,0.3493437960397646,0.0113559988614707,L,19890075513525.508,LLLTSLLAVLLALLFSLLILI,28954.436738318407,651.7563913450363,27.911810907339184
LLLLAILLALLFVLTSLLILI,LLLLIILLALLFVLTSLLILI,Left,clash,27.785,-283.697,874.173,568.333,-74.23,-276.642,-384.96,4550.78,-49.9285,-34.0879,3639.74,4628.62,57.4117,33.177,3639.74,4628.62,57.4117,33.177,-19.5332,1.1011e+16,4,A,105.2982,23.95880273,,,,,0.1223799831987371,0.0204631436733155,L,99999900.0,LLLLALLTILLFVLASLLILI,28924.40404297682,2162.773596822812,8.824643553509222
LLLLFVLLLLLATLISLLILI,LLLLFVLLLLLATLIILLILI,Left,clash,27.9316,-284.947,881.663,575.06,-58.858,-278.57,-377.992,4632.44,-49.5884,-40.5645,3678.06,4678.7,44.1258,28.0306,3673.22,4682.12,53.8249,27.2191,-12.3423,1.1011e+16,15,S,101.6898,21.60847484,,,,,0.3588562010228261,0.2203686811748652,L,99999900.0,LLLLAVLLFLLATLISLLILI,29952.00271474829,1118.1229545424987,16.603458756372387
LLLFALLVALLTLLLSILILI,LLLFALLVALLTLLLIILILI,Right,clash,28.7837,-270.83,918.475,625.911,-59.0078,-274.585,-369.129,4663.16,-50.5168,-35.5363,3759.65,4585.38,40.5778,27.8417,3752.03,4579.72,45.7142,28.781,-5.81283,1.10011e+17,15,S,101.8787,21.46285395,,,,,0.4189693293908162,0.0499976589707821,R,16716913333233.344,LLLTALLVALLFALLSLLILI,25198.57794989445,1730.2424659589285,32.144374835706444
LLLVALLLALLFTLLSILILI,LLLVALLLALLFTLLIILILI,Right,clash,20.0363,-272.373,938.681,636.768,-58.842,-275.111,-371.687,4598.88,-49.5762,-37.7331,3794.13,4667.24,34.7147,15.1177,3786.74,4653.92,35.6835,15.9424,-10.9004,1.10011e+17,15,S,114.6027,11.6540652,,,,,1.205722621437913,0.1310078346406318,R,99999900.0,LLLTALLVALLFALLSLLILI,27774.21931852354,3778.683589478172,93.26902331930174
LLLLAVLLLILTLLLSFLILI,LLLLIVLLLILTLLLSFLILI,Left,clash,23.2255,-289.802,1036.39,720.135,-74.3139,-280.888,-396.389,4606.22,-49.6833,-41.1877,3747.86,4723.43,46.2104,28.3414,3747.86,4723.43,46.2104,28.3414,-18.7353,1.10011e+16,4,A,110.1338,20.4667695,,,,,0.265706850138651,0.0210944322909765,L,-31.031050183777914,LLLLIFLLWLLTALLSVLILI,28861.186802505123,537.0241688184839,22.94864802568114
LLLYLLLIVLLAFLLSTLILI,LLLYLLLIVLLAFLLITLILI,Right,clash,16.6995,-276.441,1031.85,722.519,-58.879,-282.912,-362.705,4799.43,-49.5918,-20.9137,4085.35,4850.16,41.0446,5.4698,4083.57,4857.08,52.6666,5.66509,-18.9945,1.10011e+17,15,S,124.2506,4.216607411,,,,,0.3203377932990681,0.0666116307333688,R,99999900.0,LLLYALLTVLLALLLSFLILI,24891.55376412508,1700.2634157205969,22.89533489714581
LLLLLVLASLLFTLLILLILI,LLLLLVLAILLFTLLILLILI,Left,clash,23.2256,-279.756,1029.54,723.428,-58.8461,-278.701,-379.005,4675.02,-49.5789,-41.4587,3774.77,4600.36,51.3745,35.6326,3769.92,4608.56,61.798,34.5005,-10.6775,1.1011e+16,8,S,95.697,27.13219259,,,,,0.5245949484619892,2.563541985266102,L,99999900.0,LLLLAVLIFLLATLLSLLILI,28259.68026312944,13017.707045552555,191.1380641368011
LLLLLALLLILFVLLSTLILI,LLLLLALLLILIVLLSTLILI,Left,clash,20.9836,-283.507,1043.62,731.433,-74.2997,-276.075,-401.735,4595.26,-49.6654,-51.3597,3699.45,4589.76,52.0919,35.6528,3665.04,4712.27,149.562,59.4869,-23.3431,1.10011e+16,11,F,94.615,27.36885094,,,,,0.2781680536514185,0.2185350379240355,L,-50.99105843338132,LLLLLALLLILFVLLSTLILI,28322.89835663837,1377.6204059592792,10.111011708393098
LLLLTVLLALLFILLSLLILI,LLLLTVLLILLFILLSLLILI,Left,clash,34.5537,-287.596,1152.45,854.296,-60.4896,-281.48,-389.448,4608.63,-45.1139,-47.4782,3717.0,4742.92,55.3117,30.197,3717.0,4742.92,55.3117,30.197,-9.8057,1.10011e+16,8,A,101.1326,22.99329321,,,,,0.1955530923491438,0.1290252350213532,L,99999900.0,LLLLAVLLFLLATLISLLILI,27810.268589801053,899.3028389896091,8.530908289619779
LLLLLALLLILFVLLSTLILI,LLLLLALLLILFVLLITLILI,Left,clash,21.0475,-286.499,1192.29,877.176,-58.9661,-278.984,-380.758,4634.01,-49.6654,-42.8082,3665.31,4724.57,35.0,10.226,3665.04,4712.27,36.3032,10.8586,-23.3431,1.10011e+16,15,S,119.4944,7.883108594,,,,,0.3217627055479679,0.3031124532953066,L,99999900.0,LLLLLALLLILFVLLSTLILI,30478.25950244849,2309.679383264582,8.785347712704402
LLLYVLLIALLATLLSLLILI,LLLYVLLIALLATLLILLILI,Right,clash,21.4448,-274.83,1185.44,882.496,-58.8271,-278.42,-372.867,4693.44,-49.5605,-35.6197,3982.76,4721.57,45.8044,20.3388,3977.68,4726.16,56.2289,28.4029,-10.2071,1.10011e+17,15,S,109.3816,15.67895258,,,,,0.3902094748879726,0.0300709782846674,R,-12.084514016416414,LLLYFLLAILLAVLLTLLILI,24879.566944663424,1777.201442467467,30.91516546446536
LLLATLLFALLVLLLSLLILI,LLLATLLFALLILLLSLLILI,Right,clash,34.4904,-277.821,1204.72,916.266,-60.4259,-275.093,-376.428,4641.41,-45.12,-40.9089,3738.61,4619.41,42.0575,24.7166,3731.61,4637.89,69.6847,43.2083,-11.3568,1.10011e+17,11,V,105.5512,18.97368344,,,,,0.2335460049851303,0.2544906471148797,R,99999900.0,LLLAYLLTVLLAFLLSLLILI,24426.15552109112,531.3125421075406,34.648317968187406
LLLLTVLLALLFLLISLLILI,LLLLTVLLALLILLISLLILI,Left,clash,30.3354,-284.002,1460.37,1161.61,-60.4091,-276.093,-394.715,4611.55,-45.1032,-58.2134,3668.55,4564.21,48.8709,9.21448,3635.3,4682.71,145.028,38.2585,-18.2847,1.1011e+16,11,F,121.05332,7.073490149,,,,,0.2834849718644213,0.0534469486279993,L,99999900.0,LLLLAVLLFLLATLISLLILI,27597.58948797425,2219.735870099944,20.092109916937225
LLLYALLIALLFTLLVLLILI,LLLYALLIALLFTLLILLILI,Right,clash,24.5416,-280.216,1528.38,1223.12,-58.8653,-281.167,-359.484,4766.58,-49.5925,-19.452,3963.06,4719.79,32.6031,30.0093,3956.54,4718.21,51.7459,50.777,-11.3564,1.10011e+17,15,V,99.7111,23.13383246,,,,,0.2437957539458787,0.1639338699191885,R,99999900.0,LLLTALLVALLFALLSLLILI,24281.816722354084,991.7035271298432,30.14162225530293
LLLYLLLTVLLAFLLSILILI,LLLYLLLTVLLAFLLIILILI,Right,clash,23.6011,-281.61,1532.05,1224.44,-58.8869,-282.904,-362.852,4749.37,-49.6005,-21.0606,4007.95,4811.01,39.476,0.828668,4007.09,4816.91,50.914,0.774217,-6.07893,1.10011e+17,15,S,128.891732,0.638810858,,,,,0.4173323134276969,0.1811480741992165,R,99999900.0,LLLYALLTVLLALLLSFLILI,25013.73172397838,2295.568401251916,24.23644677534876
LLLLVLLTALLFLLISLLILI,LLLLVLLTALLILLISLLILI,Left,clash,21.1044,-283.468,1575.94,1263.92,-74.2422,-276.125,-401.155,4600.61,-49.6547,-50.7872,3671.29,4611.19,46.3031,5.79912,3640.34,4731.56,142.646,31.7878,-24.5798,1.1011e+16,11,F,124.46868,4.451691055,,,,,0.3309820034311713,0.0518989736401858,L,20164130290565.76,LLLVALLTILLALLFSLLILI,29013.25197398983,354.0021264714463,24.065812732346902
LLLLFALLLILTVLLSLLILI,LLLLFALLLILTVLLILLILI,Left,clash,21.8089,-287.393,1724.55,1409.31,-58.9643,-278.653,-376.958,4668.26,-49.6594,-39.3402,3622.13,4621.84,39.6018,18.6199,3622.22,4618.61,45.911,18.9673,-26.4357,1.10011e+16,15,S,111.1005,14.35387187,,,,,0.2719462326121685,0.2007875412124873,L,22622926274322.777,LLLLLALLLILFVLLSTLILI,28221.79621308492,1387.4612659594422,10.628463535927596
LLLYTLLVLLLAFLLSILILI,LLLYTLLVLLLAFLLIILILI,Right,clash,27.301,-283.384,1764.91,1463.73,-45.1009,-283.682,-359.541,4738.63,-45.1009,-30.7581,4068.38,4805.55,39.2739,3.46032,4066.36,4808.73,48.8784,3.67969,-22.8958,1.10011e+17,15,S,126.26008,2.667521839,,,,,0.285632622742373,0.0610372882399743,R,19288746153746.164,LLLYLLLTVLLAFLLSILILI,24551.46253077885,1300.2217466768657,27.55056938782277
LLLVALLTILLALLFSLLILI,LLLVALLTILLILLFSLLILI,Left,clash,21.5899,-280.404,1971.07,1662.52,-74.2306,-277.274,-386.191,4602.93,-49.7389,-34.6855,3715.19,4643.39,51.5738,18.791,3715.19,4643.39,51.5738,18.791,-15.9385,1.10011e+17,11,A,121.58745,6.663465569,,,,,0.2717843706142163,0.0018744336712771,L,99999900.0,LLLTSLLAVLLALLFSLLILI,28372.421742965093,736.8227010359805,22.33424756152222
LLLTGLLFALLGVLLSLLILI,LLLTGLLFALLGVLLILLILI,GAS,clash,24.3436,-270.081,1971.87,1676.62,-45.046,-270.073,-347.939,4558.82,-49.5142,-32.8202,3671.81,4668.38,43.2579,8.04604,3669.35,4674.05,53.9982,8.94045,-22.7806,1.10011e+17,15,S,121.67436,6.202601904,,,,,0.1897429106495892,0.017716215538405,G,-13.80779582257204,LLLTGLLFGLLAILLSLLILI,20361.09415820983,3232.4188759450626,29.783902157351484
LLLTALLIALLLVLLSWLILI,LLLTALLIALLLVLLIWLILI,Right,clash,26.3249,-283.773,1997.05,1694.57,-45.0273,-280.138,-377.266,4678.84,-45.0273,-52.1005,3907.57,4697.56,41.9395,27.987,3905.79,4700.75,51.1093,40.1163,-5.55503,1.10011e+17,15,S,101.7334,21.57486409,,,,,0.5834330465029226,0.0410306157813477,R,-4.806319790347798,LLLTALLVALLFALLSLLILI,25702.403975098216,1754.2377323302787,51.31880402554441
LLLLFVLLLLLATLISLLILI,LLLLFVLLILLATLISLLILI,Left,clash,27.9165,-282.919,2056.09,1751.5,-74.1181,-275.0,-381.622,4559.67,-49.5884,-32.5034,3687.78,4618.21,54.2781,29.1288,3673.22,4682.12,114.198,28.5208,-12.3423,1.1011e+16,8,L,102.2008,22.17991984,,,,,0.1052054237541212,0.0281492556137166,L,-62.57375891415036,LLLLAVLLFLLATLISLLILI,27094.822623785585,927.1535831763896,6.975697397508558
LLLYTLLVALLATLLSLLILI,LLLYTLLVALLATLLILLILI,Right,clash,31.1425,-279.553,2295.24,1997.3,-58.7857,-277.949,-369.942,4677.23,-49.5341,-33.2073,3765.88,4658.66,44.8021,21.0681,3762.76,4663.79,55.1083,29.8504,-7.71988,1.10011e+17,15,S,108.6523,16.24116176,,,,,0.59371067441096,0.6100352111272757,R,99999900.0,LLLTALLVALLFALLSLLILI,25765.84751244973,3912.371791696942,13.603876382860747
LLLATLLFALLVLLLSLLILI,LLLATLLFALLVLLLILLILI,Right,clash,34.4939,-278.411,2299.72,2010.68,-45.12,-275.62,-366.319,4643.99,-45.12,-45.5786,3737.14,4642.91,38.5179,18.6634,3731.61,4637.89,43.109,22.1838,-11.3568,1.10011e+17,15,S,111.057,14.38740553,,,,,0.5143307020697674,0.0630841589371543,R,99999900.0,LLLTALLFALLAYLLSLLILI,25427.48808972268,1590.3173363126411,46.83518728037199
LLLLLVLTLLLAILFSLLILI,LLLLLVLTILLAILFSLLILI,Left,clash,24.5084,-284.492,2324.57,2014.99,-74.2543,-276.761,-385.877,4554.22,-49.6023,-34.8609,3693.7,4619.8,50.3763,21.9108,3645.57,4692.11,112.845,32.7989,-14.4892,1.1011e+16,8,L,109.4188,16.68382451,,,,,0.2564079997735228,0.1992528428630217,L,19288746153746.164,LLLVALLTILLALLFSLLILI,28621.608339569328,731.2132485884879,9.44652968753254
LLLLAILTALLFVLLSLLILI,LLLLAILTALLFVLLILLILI,Left,clash,21.2946,-284.354,2362.38,2049.62,-58.9084,-275.241,-370.221,4601.6,-49.6966,-36.0718,3622.83,4632.26,32.9606,4.99188,3622.33,4620.44,34.2936,4.93909,-26.1884,1.1011e+16,15,S,124.72852,3.848184249,,,,,0.3692910224567275,0.054102485779825,L,20896141666566.67,LLLLWILTYLLAVLLFLLILI,28544.05151522013,1568.2058877134982,33.3282126299278
LLLLVLLLTLLTALLFILILI,LLLLVLLLTLLTALLIILILI,Left,clash,20.4066,-279.528,2460.69,2147.32,-72.6387,-277.104,-398.29,4586.3,-54.2449,-48.547,3718.97,4619.26,42.2876,14.5436,3713.41,4700.53,129.952,17.4092,-26.3522,1.10011e+16,15,F,115.1768,11.21149796,,,,,1.4302728038427268,1.741550911556812,L,99999900.0,LLLLIFLLWLLTALLSVLILI,38800.60549321661,9562.876284232134,217.6701653260417
LLLLLLLLAILFTLLSVLILI,LLLLLLLLAILITLLSVLILI,Left,clash,20.1246,-285.85,3083.94,2768.37,-74.1724,-275.581,-401.786,4570.06,-49.8537,-52.0323,3665.43,4560.8,54.0487,35.7964,3631.62,4696.68,155.407,62.1085,-30.4619,1.10011e+16,11,F,94.4714,27.47908539,,,,,0.2860649856003949,0.1956476606790291,L,99999900.0,LLLLLALLLILFVLLSTLILI,30163.048763975792,2098.494261469018,12.080276366297529
LLLYVLLTILLAFLLSLLILI,LLLYVLLTILLAFLLILLILI,Right,clash,20.7032,-281.844,3766.33,3455.55,-58.9032,-283.468,-363.446,4736.87,-49.6378,-21.075,3905.37,4752.17,38.1867,0.636554,3904.67,4761.0,50.0496,0.587382,-12.8666,1.10011e+17,15,S,129.083846,0.490712332,,,,,0.2468093115473459,0.1565303488802567,R,17494574999899.99,LLLYALLTVLLALLLSFLILI,24392.61629318909,2053.438944386079,11.40640028294609
LLLLALLFILVTLLLSLLILI,LLLLALLFILVTLLISLLILI,Left,clash,30.4021,-281.657,3866.88,3565.72,-74.3007,-276.713,-383.962,4591.17,-49.9089,-32.9483,3688.13,4644.48,45.1082,16.4038,3656.13,4676.82,97.8071,47.8466,-13.0023,1.10011e+17,14,L,113.483,12.6293049,,,,,0.2213918682499518,0.1070675457949619,L,-37.993783799925644,LLLVALLLILTFLLASLLILI,28382.95055572145,223.55100618406044,11.913653199959803
LLLLALLLLFLTVLLSILILI,LLLLILLLLFLTVLLSILILI,Left,clash,27.2525,-289.63,3983.88,3671.85,-74.3063,-280.593,-395.814,4590.73,-49.6537,-40.9146,3652.7,4593.9,42.269,6.42642,3652.7,4593.9,42.269,6.42642,-17.0934,1.10011e+16,4,A,132.04878,4.640845437,,,,,0.1613283089574591,0.1512117790898926,L,99999900.0,LLLLIFLLWLLTALLSVLILI,27909.78716032203,429.0822491249856,4.4491426704899775
LLLYALLFVLLLLLTSLLILI,LLLYALLFVLLILLTSLLILI,Left,clash,21.6501,-285.106,4047.32,3733.98,-74.2559,-281.476,-372.887,4726.31,-49.8847,-17.1553,3854.16,4693.84,53.1833,19.4225,3830.49,4765.93,114.956,30.155,-20.1749,1.10011e+17,11,L,110.8453,14.90967069,,,,,0.1727260893134692,0.1574932051388553,L,99999900.0,LLLTSLLAVLLALLFSLLILI,27729.407013070428,842.3681193220813,5.017998810988563
LLLLAILLAVLFTLLSLLILI,LLLLIILLAVLFTLLSLLILI,Left,clash,29.5179,-283.978,4655.63,4351.55,-74.1383,-276.655,-385.073,4538.58,-49.6224,-34.2802,3603.97,4635.32,55.1861,28.3729,3603.97,4635.32,55.1861,28.3729,-16.9599,1.10011e+16,4,A,110.1023,20.48951726,,,,,0.0659013480533914,0.1407883496211229,L,99999900.0,LLLLAYLVILLFTLLSLLILI,28576.61430731211,2772.5187600801173,13.530400441672889
LLLLILLSVLLAYLLTFLILI,LLLLILLSVLLAYLLIFLILI,Right,clash,27.9657,-276.521,4771.45,4477.85,-60.4057,-280.46,-367.519,4696.68,-45.0391,-26.6538,3846.73,4788.73,47.3114,20.0768,3827.95,4800.79,71.7082,22.3601,-8.30423,1.10011e+17,15,T,109.6436,15.47697972,,,,,0.3814238314431399,0.0342700478381653,R,12485214395545.283,LLLYALLTVLLALLLSFLILI,25114.42192936025,1370.4774643211845,33.991240956689346
LLLLFALLLILTLLLSVLILI,LLLLFALLIILTLLLSVLILI,Left,clash,28.7831,-282.222,4950.94,4647.58,-74.3484,-276.641,-382.131,4600.82,-49.9239,-31.1416,3690.81,4681.21,41.7175,10.3211,3687.7,4691.6,83.3723,11.2997,-16.2365,1.10011e+16,8,L,121.0085,7.858928985,,,,,0.3933002493448012,0.2759215960403497,L,-24.62195279897647,LLLLIFLLWLLTALLSVLILI,28875.28155512404,2075.715899760401,16.207835817492647
LLLGYLLALLLGTLLSFLILI,LLLIYLLALLLGTLLSFLILI,GAS,clash,28.1034,-272.606,5280.14,4979.13,-74.0304,-275.634,-364.314,4624.9,-56.4993,-14.6491,3667.66,4734.84,61.479,23.2698,3674.84,4713.4,41.3367,10.7292,-24.9317,1.10011e+17,3,G,129.5954,0.0,,,,,0.24406188555704,0.092090645313504,G,99999900.0,LLLAGLLFLLLGTLLGSLILI,19938.136885387896,1776.0773560307775,45.52614563632813
LLLLAVLLLILTLLLSFLILI,LLLLAVLLLILILLLSFLILI,Left,clash,21.6926,-286.696,5502.1,5191.92,-60.51,-278.074,-383.946,4621.27,-45.1806,-45.3619,3766.91,4702.46,49.2325,12.3189,3747.86,4723.43,76.6865,20.039,-18.7353,1.10011e+16,11,T,117.9489,9.456596335,,,,,0.1751206956640602,0.2246154988644294,L,99999900.0,LLLLLALLLILFVLLSTLILI,27816.816337906985,1013.67862860154,1.3324467238888849
LLLLTLLIALLVALLSFLILI,LLLLTLLIALLVILLSFLILI,Right,clash,30.9224,-274.705,5701.35,5412.51,-60.4171,-277.391,-374.528,4632.73,-45.0594,-36.7196,3792.09,4672.26,56.3969,23.6912,3792.09,4672.26,56.3969,23.6912,-11.0151,1.10011e+17,12,A,106.1308,18.24898707,,,,,0.0863168734919527,0.3155009807814584,R,17910978571328.58,LLLWTLLVFLLAILLSLLILI,23876.8683314012,324.54370913718515,25.926427406377645
LLLTLLLAVLLAYLLSFLILI,LLLTLLLIVLLAYLLSFLILI,Right,clash,27.4355,-283.234,6951.4,6650.56,-60.4163,-280.409,-365.615,4685.04,-45.0423,-24.7898,3770.15,4685.43,54.6272,30.151,3770.15,4685.43,54.6272,30.151,-13.6633,1.10011e+17,7,A,129.12077,0.880516904,,,,,0.4471770616058069,0.0409110525503274,R,11298522506811.19,LLLYALLTVLLALLLSFLILI,25405.047206178293,1379.487871254053,39.89439755386277
LLLLLVLLAILFTLLSLLILI,LLLLLVLLIILFTLLSLLILI,Left,clash,27.9318,-285.802,7425.13,7117.38,-74.214,-280.813,-395.804,4584.42,-49.8777,-40.7773,3693.37,4665.01,57.2924,30.3938,3693.37,4665.01,57.2924,30.3938,-8.93559,1.10011e+16,8,A,100.9358,23.14314519,,,,,0.1785470351895513,0.1773152866628727,L,22622926274322.777,LLLLAVLLFLLATLISLLILI,27982.884724190742,625.2125191688723,4.347800589657611
LLLLLLLTALLFVLISLLILI,LLLLLLLTALLIVLISLLILI,Left,clash,21.7426,-284.419,7970.55,7658.25,-74.2419,-275.613,-401.644,4596.43,-49.6171,-51.7897,3679.5,4655.35,49.6841,21.1424,3647.44,4796.94,152.468,43.2536,-27.5287,1.1011e+16,11,F,109.1254,16.22995092,,,,,0.5032709271590662,0.2343596250195994,L,99999900.0,LLLLALLTILLFVLASLLILI,30944.38902951604,1271.5931818367649,27.604307303079366
LLLALLLVTLLAYLLSFLILI,LLLILLLVTLLAYLLSFLILI,Right,clash,23.0032,-271.533,8555.77,8252.53,-74.095,-279.299,-374.013,4657.43,-54.7137,-20.6196,3928.19,4765.37,57.5287,115.054,3928.19,4765.37,57.5287,115.054,-12.4532,1.10011e+17,3,A,128.37194,1.455355813,,,,,2.127880780177977,1.5168956394538455,R,99999900.0,LLLYALLTVLLALLLSFLILI,31219.52654706964,9207.310541855382,88.42472959935881
LLLYILLSVLLALLLTFLILI,LLLYILLIVLLALLLTFLILI,Right,clash,24.0084,-281.637,9276.98,8969.77,-58.8588,-283.184,-366.627,4730.35,-49.5874,-24.584,3922.9,4765.0,58.4629,26.7045,3919.09,4770.53,68.3761,34.55,-9.80294,1.10011e+17,7,S,102.8909,20.60605546,,,,,0.1914403958385177,0.2056685861886631,R,20750795506624.254,LLLYALLTVLLALLLSFLILI,24379.753488616472,681.344572630936,28.22741254012472
LLLLALLFILTYLLAVLLILI,LLLLALLFILTILLAVLLILI,Left,clash,18.9431,-279.436,9707.78,9397.4,-58.8679,-274.565,-369.007,4603.62,-49.8917,-35.5738,3795.7,4599.5,59.5879,12.3044,3790.82,4758.8,169.683,12.2498,-19.7346,1.10011e+17,11,Y,117.9634,9.445465418,,,,,0.3498973575464643,0.2552046907431987,L,-33.22134440221783,LLLVALLLILTFLLASLLILI,29058.059725417224,1323.199886902991,13.856418496198389
LLLLFALLLILTVLLSLLILI,LLLLFALLIILTVLLSLLILI,Left,clash,21.7183,-285.376,10917.8,10604.2,-74.3729,-276.743,-382.322,4589.84,-49.9139,-31.2064,3631.85,4554.8,62.3856,33.3102,3622.22,4618.61,123.265,33.2339,-26.4357,1.10011e+16,8,L,98.0194,25.36381745,,,,,0.2600491180676606,0.0631259895177859,L,20164130290565.76,LLLLALLLFVLTWLLSLLILI,30072.715046298345,2613.044063604219,24.916466485829325
LLLTGLLFALLGVLLSLLILI,LLLTGLLFILLGVLLSLLILI,GAS,clash,24.3607,-272.111,11765.7,11468.8,-60.3857,-272.049,-361.998,4561.11,-49.1833,-29.5628,3669.35,4674.05,61.6661,15.3772,3669.35,4674.05,61.6661,15.3772,-22.7806,1.10011e+17,8,A,115.9524,11.70886076,,,,,0.3290189512765672,0.1762311248788046,G,99999900.0,LLLTGLLFGLLAILLSLLILI,20211.302222377803,982.3583663762556,66.79663296761625
LLLAGLLFLLLGTLLSYLILI,LLLAGLLFLLLGTLLIYLILI,GAS,clash,21.8078,-271.325,12089.5,11785.0,-58.8435,-273.9,-347.186,4646.0,-54.9872,-14.4423,3645.05,4663.85,40.79,0.464563,3644.08,4669.4,51.5709,0.672642,-18.3705,1.10011e+17,15,S,129.255837,0.358126401,,,,,0.1836115274824366,0.1161878761163497,G,52.192488247711175,LLLAGLLFLLLGTLLGSLILI,18771.4942725366,2159.3115841660924,14.938954003214237
LLLYALLTVLLALLLSFLILI,LLLYALLTVLLALLLIFLILI,Right,clash,22.4412,-278.538,13441.9,13136.0,-58.9504,-279.807,-359.478,4695.1,-49.7481,-20.7207,4008.79,4777.93,43.4751,18.2016,4006.65,4781.18,53.2452,18.7969,-8.56186,1.10011e+17,15,S,111.5188,14.03140909,,,,,0.1608160140905012,0.208083829149089,R,-66.3822897645146,LLLYALLTVLLALLLSFLILI,24196.41565707045,663.8642072129538,25.804403107382235
LLLLALLFALLVSLLTWLILI,LLLLALLFALLVILLTWLILI,Right,clash,29.8792,-277.201,13631.2,13334.1,-58.8729,-279.668,-366.366,4676.26,-49.8093,-27.8251,3837.74,4746.36,29.5919,2.54218,3837.61,4749.43,37.7457,2.77477,-12.7073,1.10011e+17,12,S,127.27982,1.958204311,,,,,0.3031263583242748,0.2991474864777789,R,-2.329745239696165,LLLLALLVALLFALLSTLILI,24610.655917080705,593.9855673409882,43.12462718018771
LLLLVLLGALLGTLLSFLILI,LLLLVLLIALLGTLLSFLILI,GAS,clash,26.6645,-266.488,16107.0,15813.6,-74.0199,-271.946,-372.699,4546.61,-53.609,-26.7322,3762.18,4599.64,62.3497,15.7517,3764.4,4578.16,40.9069,12.3981,-12.0486,1.10011e+17,7,G,113.8437,12.15452092,,,,,0.3595276991959757,0.3768851901537225,G,99999900.0,LLLFVLLTILLGALLSLLILI,21441.53033530295,4317.265424043916,13.698437628397784
LLLLFALLLILTLLLSVLILI,LLLLFALLLILILLLSVLILI,Left,clash,28.7705,-283.072,16978.4,16679.0,-60.4838,-277.491,-379.806,4654.85,-45.1649,-41.8313,3708.04,4671.42,49.1152,10.407,3687.7,4691.6,76.4313,21.2325,-16.2365,1.10011e+16,11,T,119.8608,7.988927425,,,,,0.4959623366573741,0.4795368462106397,L,22452663636263.64,LLLLLALLLILFVLLSTLILI,31364.973048336724,2584.443871717007,12.82914462119324
LLLLLILTALLFVLLSLLILI,LLLLLILTILLFVLLSLLILI,Left,clash,31.7717,-287.167,18617.4,18312.4,-74.228,-280.675,-395.587,4631.21,-49.6156,-40.6842,3613.8,4686.53,58.0383,35.3383,3613.8,4686.53,58.0383,35.3383,-6.49024,1.1011e+16,8,A,95.9913,26.90809993,,,,,0.2850964278531892,0.0359531881385976,L,19890075513525.508,LLLLWILTYLLAVLLFLLILI,28556.822696147592,568.8931663951071,21.235475467647
LLLVGLLFALLGILLSLLILI,LLLVGLLFALLGILLILLILI,GAS,clash,22.0453,-266.517,18823.8,18528.5,-45.0254,-269.914,-349.005,4625.39,-50.8504,-34.0657,3574.96,4683.08,52.2019,1.57646,3574.96,4688.68,62.6763,1.57646,-22.629,1.10011e+17,15,S,128.14394,1.215275315,,,,,0.3236779021129505,0.0814078788866805,G,-40.1357711406018,LLLTGLLFGLLAILLSLLILI,20765.718369692146,2096.609754654814,56.13716334558667
LLLLLILTALLFVLLSLLILI,LLLLLILTALLFVLLILLILI,Left,clash,31.7136,-285.137,19991.1,19688.1,-58.8772,-278.417,-380.353,4638.87,-49.6156,-43.0581,3618.04,4692.02,32.8827,8.65523,3613.8,4686.53,36.8908,13.4218,-6.49024,1.1011e+16,15,S,121.06517,6.672219635,,,,,1.5359698342383563,0.9920333001083408,L,99999900.0,LLLLWILTYLLAVLLFLLILI,36363.210279357154,7317.979548013666,68.24306056327127
LLLLLLLTALLFVLISLLILI,LLLLLLLTALLFVLIILLILI,Left,clash,21.8404,-287.407,22927.2,22612.0,-58.895,-278.644,-379.918,4659.12,-49.6171,-42.3795,3647.71,4805.72,35.0937,4.89412,3647.44,4796.94,37.1437,5.16026,-27.5287,1.1011e+16,15,S,124.82628,3.772822162,,,,,5.247594637337136,4.356517537640416,L,99999900.0,LLLLALLTILLFVLASLLILI,51025.13590636403,23601.68266144919,681.0529913842605
LLLVALLIALLFTLLSLLILI,LLLVALLIALLFILLSLLILI,Right,clash,22.9069,-271.102,23133.3,22840.0,-60.4562,-274.106,-371.603,4611.69,-45.1027,-37.041,3865.8,4645.99,45.8436,8.86986,3859.43,4661.46,71.1033,15.2938,-5.63805,1.10011e+17,12,T,120.95214,6.832324259,,,,,0.1035355516801462,0.1580164686149682,R,19084990908990.9,LLLTALLVALLFALLSLLILI,23861.43755369987,838.3484447227481,18.03816356331652
LLLLFLLLLVLAILLSTLILI,LLLLFLLLLVLIILLSTLILI,Left,clash,30.2385,-288.565,24356.8,24048.8,-74.2628,-280.709,-392.176,4638.68,-49.6047,-37.2045,3603.92,4712.35,48.4625,22.6169,3603.92,4712.35,48.4625,22.6169,-15.4509,1.10011e+16,11,A,107.6509,17.36184997,,,,,0.2472410610025868,0.3068300730306945,L,13465268268739.54,LLLLALLLFVLTWLLSLLILI,28154.003654408425,1670.731316349296,2.476177801719772
LLLLALLLFVLTYLLSLLILI,LLLLALLLIVLTYLLSLLILI,Left,clash,19.4581,-283.065,24781.7,24468.2,-74.3696,-279.322,-388.27,4653.88,-49.8792,-34.5789,3614.04,4670.78,43.8448,40.9936,3599.83,4697.46,114.995,64.3124,-28.0531,1.10011e+16,8,F,90.336,31.21428832,,,,,0.4084293391891224,0.1768440897689337,L,20581608333233.32,LLLLAYLVILLFTLLSLLILI,29300.26115271967,1231.9810806907842,23.174257365754983
LLLLALLLFVLTYLLSLLILI,LLLLALLLFVLTYLLILLILI,Left,clash,19.5497,-286.051,25157.9,24841.5,-58.9144,-282.226,-369.01,4687.38,-49.9046,-27.8699,3606.97,4703.45,36.8421,5.59276,3599.83,4697.46,42.2829,7.66833,-28.0531,1.10011e+16,15,S,124.12764,4.311395895,,,,,0.2257684375852112,0.0218101663890112,L,22795790908990.91,LLLLLALLFVLTSLLAILILI,28467.455350215456,510.2032075223171,19.72397049411533
LLLLVLLLLTLIALLSFLILI,LLLLVILLLTLIALLSFLILI,Left,clash,22.1936,-280.576,25461.0,25153.0,-74.3052,-277.067,-384.763,4573.81,-49.6115,-33.3899,3745.23,4622.38,47.162,21.6861,3736.53,4641.37,93.1777,24.1828,-18.19,1.10011e+16,5,L,108.6087,16.6438722,,,,,0.3935956767183857,0.233111384106647,L,19288746153746.164,LLLLVALLLLLTALLFSLILI,30927.88861585077,2164.347392987925,18.70751508170488
LLLWYLLLVLLATLLSFLILI,LLLWYLLLVLLATLLIFLILI,Right,clash,22.8948,-282.651,26240.5,25931.2,-58.796,-286.68,-362.27,4723.09,-49.5458,-16.7938,3959.35,4846.54,44.3658,8.25103,3955.68,4850.58,54.6991,8.41351,-23.088,1.10011e+17,15,S,121.46937,6.360626393,,,,,0.3220447949389327,0.06979297389766,R,7716826039821.655,LLLYALLTVLLALLLSFLILI,24688.96719253813,1308.7251645561587,31.12044181534005
LLLLALLFILVTLLLSLLILI,LLLLALLFILVILLLSLLILI,Left,clash,30.405,-282.507,28608.7,28311.5,-60.4611,-277.577,-382.38,4656.91,-45.1548,-44.3426,3665.7,4667.16,39.9059,12.9577,3656.13,4676.82,60.9228,22.1558,-13.0023,1.10011e+17,11,T,117.3101,9.946970779,,,,,0.3469092694660974,0.2235029235422252,L,18998407692207.707,LLLVALLLILTFLLASLLILI,28964.557468769308,1251.663034423446,15.445229080211533
LLLLVALLLILTSLLFLLILI,LLLLVALLLILTILLFLLILI,Left,clash,22.4876,-282.234,31276.4,30967.1,-58.9428,-279.214,-379.92,4656.2,-49.6339,-41.7639,3718.87,4636.35,48.3401,18.5057,3717.95,4642.57,57.9466,18.9172,-21.2384,1.10011e+16,12,S,111.3163,14.25467178,,,,,0.3990699596508147,0.0578627105124774,L,17910978571328.58,LLLLLALLLILFVLLSTLILI,28759.664401633767,1649.864281661064,29.289022589811108
LLLYALLVALLFTLLSLLILI,LLLYALLVALLFTLLILLILI,Right,clash,19.2681,-278.84,32041.3,31732.2,-58.8137,-279.744,-355.337,4720.88,-49.5581,-16.7795,3948.43,4804.41,32.4363,14.2925,3940.9,4792.38,33.8343,14.588,-16.1279,1.10011e+17,15,S,115.4279,11.01792779,,,,,0.2915060084808536,0.1388663942892317,R,-22.51835730001052,LLLTALLVALLFALLSLLILI,24774.79051048702,1956.6692174969671,16.198280782294876
LLLAVLLYTLLAFLLSLLILI,LLLAVLLYTLLAFLLILLILI,Right,clash,25.0792,-277.002,33098.6,32797.1,-58.8494,-278.253,-359.99,4640.26,-49.5864,-22.8873,3771.34,4661.19,38.1867,0.393583,3770.73,4664.83,47.918,0.862513,-5.80566,1.10011e+17,15,S,129.326817,0.303408716,,,,,1.993395100417688,1.7070871117158113,R,99999900.0,LLLAYLLTVLLAFLLSLLILI,30764.595235325043,9525.719138196568,65.8867640662597
LLLLLLLTILVALLFSLLILI,LLLLLLLTILVALLISLLILI,Left,clash,28.792,-280.939,33477.4,33175.7,-74.1643,-275.738,-402.772,4568.17,-49.6022,-52.8699,3657.47,4527.24,46.1842,14.3446,3653.21,4644.1,144.39,23.5854,-16.2695,1.10011e+17,14,F,115.5422,11.0439244,,,,,0.3585806484878511,0.1605231395676913,L,15059880996065.766,LLLVALLTILLALLFSLLILI,29341.721713098363,647.3005090997391,20.04152035959007
LLLLALLTVLLALLFSLLILI,LLLLALLTVLLALLISLLILI,Left,clash,20.8507,-276.312,35806.1,35500.9,-74.2722,-272.329,-394.304,4568.97,-49.7623,-47.7021,3805.13,4515.65,48.4324,25.2315,3798.31,4633.76,146.826,36.6133,-16.6884,1.10011e+17,14,F,104.6553,19.42576151,,,,,0.4503435101511297,0.0079728656440546,L,-86.70011888415038,LLLTSLLAVLLALLFSLLILI,29558.788235277385,830.1482222909749,36.3669504101653
LLLYALLFALLTVLLSLLILI,LLLYALLFALLTVLLILLILI,Right,clash,22.839,-279.063,36027.4,35721.4,-58.9885,-279.379,-358.832,4721.53,-49.7495,-20.4642,3974.9,4863.68,53.6397,17.5883,3969.46,4859.95,59.8703,22.9931,-11.6946,1.10011e+17,15,S,112.1321,13.55862301,,,,,0.3715568930294555,0.1060136693043933,R,16716913333233.344,LLLTALLVALLFALLSLLILI,25119.15300937421,1087.622413149049,37.41532045166422
LLLAGLLYLLLGTLLSFLILI,LLLAILLYLLLGTLLSFLILI,GAS,clash,25.9493,-274.894,36276.8,35972.5,-74.1125,-276.218,-367.759,4593.57,-55.4437,-17.4287,3720.1,4749.84,45.7581,8.81069,3722.73,4747.82,29.1344,4.94647,-10.7987,1.10011e+17,4,G,129.66451,6.36264833,,,,,0.2036808412593176,0.0531315978663206,G,10741680343248.057,LLLAGLLFLLLGTLLGSLILI,19973.14482254181,2699.736735739639,24.459551625339166
LLLLLALLFVLTSLLAILILI,LLLLLALLFVLTILLAILILI,Left,clash,22.0225,-282.282,39539.9,39229.8,-58.891,-274.684,-369.575,4559.92,-49.9058,-36.0,3593.85,4696.39,40.7833,5.81069,3593.55,4686.3,41.955,6.02859,-32.851,1.10011e+16,12,S,124.01131,4.475890065,,,,,0.3274394192181636,0.1513265348376381,L,-27.94108132890468,LLLLLALLFVLTSLLAILILI,28394.22204899027,1604.9953140197872,18.026665041469894
LLLLALLILLTSLLFVLLILI,LLLLALLILLTILLFVLLILI,Left,clash,17.4215,-281.258,41055.5,40741.8,-58.9887,-279.359,-380.094,4660.07,-49.9222,-41.7457,3826.86,4678.29,53.1314,21.3052,3826.36,4677.8,58.9413,21.4149,-19.9071,1.10011e+17,11,S,108.9626,16.35492424,,,,,0.223639310623207,0.0904432675728859,L,20737682418120.88,LLLVALLLLLTFLLASLLILI,27624.550155118726,1487.9891137735813,23.51859596002078
LLLYVLLFILLALLLSTLILI,LLLYVLLFILLALLLITLILI,Right,clash,21.3337,-280.503,42044.1,41735.3,-58.9281,-283.234,-367.219,4721.29,-49.6486,-25.0569,3931.68,4765.76,43.3628,18.3851,3929.65,4766.47,51.8228,18.8332,-11.5688,1.10011e+17,15,S,111.3353,14.17286718,,,,,0.2019468813830262,0.1006097950864623,R,17641378571328.58,LLLYALLTVLLALLLSFLILI,24157.423476514286,1846.896133475508,10.960567996299693
LLLLVLLTILLAYLLSFLILI,LLLLVLLTILLAYLLIFLILI,Right,clash,26.067,-278.349,42816.5,42514.5,-58.9281,-282.011,-365.026,4699.87,-49.6634,-24.0875,3927.17,4833.82,53.3983,20.8992,3926.27,4837.41,62.9279,21.2951,-11.184,1.10011e+17,15,S,108.8212,16.11095865,,,,,0.4706227198387224,0.0787448390571829,R,99999900.0,LLLYALLTVLLALLLSFLILI,25314.72884125606,1420.0906624160248,44.10066312262694
LLLYGLLFLLLGVLLATLILI,LLLYGLLFLLLGVLLITLILI,GAS,clash,20.3274,-273.71,42830.1,42521.9,-58.8381,-277.218,-349.242,4725.69,-54.8148,-13.1861,3787.24,4795.83,44.0803,11.4738,3787.24,4795.83,44.0803,11.4738,-24.1814,1.10011e+17,15,A,118.2466,8.845023605,,,,,0.1293588336439022,0.0271542847178132,G,3.2952040304963752,LLLAGLLFLLLGTLLGSLILI,18364.75049297849,1643.2448303395104,16.22053721855204
LLLLALLLYVLTSLLFLLILI,LLLLALLLYVLTILLFLLILI,Left,clash,35.641,-284.896,53233.6,52927.7,-58.8991,-282.343,-368.393,4697.02,-56.6206,-27.1506,3659.83,4875.81,48.5224,8.92137,3658.79,4896.6,63.0705,8.69819,-11.2963,1.10011e+16,12,S,120.90063,6.872001664,,,,,0.6122783412633124,0.2234066532346048,L,22795790908990.91,LLLLALLLFVLTWLLSLLILI,33325.04953260383,3584.8161630014683,37.15202617423748
LLLTGLLFGLLAILLSLLILI,LLLTGLLFGLLAILLILLILI,GAS,clash,26.6819,-272.325,53230.6,52939.0,-45.0043,-271.487,-351.888,4574.19,-45.9765,-35.3964,3718.63,4626.5,42.3701,9.98288,3710.97,4629.13,51.8324,10.5754,-14.8615,1.10011e+17,15,S,119.73752,7.695690115,,,,,0.2638810764973546,0.0194370887064814,G,-31.79173600073895,LLLTGLLFGLLAILLSLLILI,19157.064017053963,1433.2766251660912,40.87978539697603
LLLLYVLTALLFLLISLLILI,LLLLYVLTALLILLISLLILI,Left,clash,21.8317,-286.877,55207.3,54885.8,-74.2185,-278.785,-386.784,4628.19,-56.4618,-33.7808,3624.67,4656.44,46.0865,4.31576,3596.62,4778.16,142.803,25.8989,-28.485,1.1011e+16,11,F,125.95204,3.312990624,,,,,0.6021382257628254,0.2383264477118318,L,16716913333233.344,LLLLAVLLFLLATLISLLILI,30225.655235204747,2269.16309885378,35.46004857153805
LLLVTLLFLLYLLLASLLILI,LLLVTLLFLLYILLASLLILI,Left,clash,45.2139,-288.015,62102.0,61814.0,-60.4332,-279.887,-365.018,4687.8,-45.1272,-24.6974,3789.61,4809.22,44.6474,21.0762,3783.19,4811.05,80.7109,26.4749,-11.4805,1.10011e+17,11,L,109.1916,16.17913253,,,,,1.054282715458143,1.1791659324418595,L,99999900.0,LLLVALLLILTFLLASLLILI,34844.09866553672,6612.931981236625,18.03084291076217
LLLLVLLIALLATLLSFLILI,LLLLVLLIALLATLLIFLILI,Right,clash,21.7525,-270.461,69734.7,69436.4,-58.7941,-275.025,-369.491,4598.5,-49.5366,-35.6712,3865.22,4682.92,47.5115,13.7198,3861.29,4690.03,57.9963,19.9466,-5.97089,1.10011e+17,15,S,116.0006,10.57643979,,,,,0.3723143791089558,0.0650872507367694,R,-22.079331608336712,LLLYVLLTILLALLLAFLILI,25061.1742867012,1729.9092306866305,27.34093892690233
LLLYALLVALLFTLLSLLILI,LLLYALLVALLFILLSLLILI,Right,clash,19.2653,-277.661,69948.4,69644.9,-60.4317,-278.639,-358.976,4697.94,-45.0545,-19.9054,3948.05,4781.32,45.027,6.15602,3940.9,4792.38,68.6387,12.0776,-16.1279,1.10011e+17,12,T,123.66598,4.741892745,,,,,0.2596277149404147,0.0603862981432953,R,-28.97156521497008,LLLYALLTVLLALLLSFLILI,24550.076302697067,1236.3196524940242,25.33296383276536
LLLYALLTALLFVLLSLLILI,LLLYALLTALLFVLLILLILI,Right,clash,26.5206,-278.124,72925.0,72623.6,-58.9852,-279.699,-358.2,4716.31,-49.7918,-19.5156,3873.91,4789.98,32.6083,14.8892,3866.47,4776.74,33.2199,15.5267,-11.9039,1.10011e+17,15,S,114.8312,11.47791712,,,,,0.5861094791844184,0.110966950887398,R,20896141666566.67,LLLYALLTVLLALLLSFLILI,25704.547136600508,2227.870513068628,42.53710469067487
LLLYALLTALLFVLLSLLILI,LLLYALLTALLFILLSLLILI,Right,clash,26.52,-277.535,73928.4,73627.6,-74.3494,-279.191,-369.234,4690.21,-49.7918,-15.6935,3886.06,4778.29,45.206,9.45348,3866.47,4776.74,63.6695,22.0297,-11.9039,1.10011e+17,12,V,120.36852,7.281878264,,,,,0.1430616832185295,0.0603583366108837,R,99999900.0,LLLYALLTVLLALLLSFLILI,23990.70081106141,1211.104948550479,15.563868618075658
LLLLLLLLAILFTLLSVLILI,LLLLLLLLAILFTLLIVLILI,Left,clash,20.2988,-288.813,83492.8,83174.4,-58.8913,-278.556,-380.503,4615.47,-49.8537,-43.0558,3632.3,4709.58,35.14,8.8289,3631.62,4696.68,36.0697,9.29638,-30.4619,1.10011e+16,15,S,120.8915,6.806099889,,,,,0.1318617243269538,0.126749833693376,L,99999900.0,LLLLLALLLILFVLLSTLILI,29295.030300147057,2499.6482875787547,3.4539609276305514
LLLVALLLLLTSLLFSLLILI,LLLVALLILLTSLLFSLLILI,Left,clash,33.38,-279.281,86766.4,86470.6,-89.6404,-275.331,-392.179,4589.95,-49.9155,-27.2074,3605.76,4612.79,52.045,11.1452,3593.36,4672.83,112.608,55.9195,-15.9231,1.10011e+17,7,L,118.4502,8.599996605,,,,,0.3856123963124585,0.0249127040855146,L,17268563367996.0,LLLVALLLILTFLLASLLILI,29059.02923929565,902.1532742210644,32.97502207593916
LLLTFLLGILLGLLLGVLILI,LLLTFLLIILLGLLLGVLILI,GAS,clash,38.6223,-278.533,90613.9,90329.0,-44.9832,-272.369,-352.053,4633.73,-44.9832,-34.7006,3486.72,4611.12,55.2403,0.0,3486.72,4604.32,40.25,0.0,-41.3974,1.10011e+17,7,G,129.5954,0.0,,,,,0.2902416869263509,0.0022268443411181,G,-49.34444961982623,LLLTYLLAVLLGLLLAFLILI,19248.65175934456,1586.1193041672775,42.96940262579329
LLLLFVLLALLTILLSLLILI,LLLLFVLLALLTILLILLILI,Left,clash,22.744,-279.532,94197.0,93890.5,-58.9585,-278.494,-377.299,4625.04,-49.7454,-39.8469,3766.37,4684.48,39.3337,13.3757,3766.29,4681.71,45.5851,13.5481,-9.53815,1.1011e+16,15,S,116.3447,10.31117696,,,,,0.1910089891066055,0.0946681248311958,L,99999900.0,LLLLAVLLALLLILLSTLILI,29650.724063075195,2424.872144337224,10.14601819331486
LLLLFLLLAVLLTLLSILILI,LLLLFLLLAVLLTLLIILILI,Left,clash,34.7743,-283.321,94374.9,94076.7,-58.924,-278.413,-378.025,4628.92,-49.6561,-40.6878,3637.48,4654.6,44.0069,29.2613,3632.12,4657.65,53.2748,27.9446,-5.46692,1.10011e+16,15,S,100.4591,22.55720766,,,,,4.43752009191725,2.9701698211590166,L,99999900.0,LLLLLLLLFVLATLLSILILI,50631.0957629019,26649.082113751345,191.1380641368011
LLLLFLLLAVLLTLLSILILI,LLLLFLLLIVLLTLLSILILI,Left,clash,34.8501,-285.351,94399.8,94099.7,-74.1796,-280.506,-392.71,4623.69,-49.6561,-38.0243,3632.12,4657.65,53.6185,26.97,3632.12,4657.65,53.6185,26.97,-5.46692,1.10011e+16,8,A,104.3596,20.53611676,,,,,0.2693048278276277,0.126353962930471,L,12660787257125.346,LLLLALLLFVLTWLLSLLILI,28066.043520573214,1377.8292440005578,29.329561939399323
LLLLAVLLALLLILLSTLILI,LLLLAVLLALLLILLITLILI,Left,clash,27.2599,-282.24,99120.8,98816.2,-58.8692,-274.253,-387.456,4582.08,-49.5982,-54.3335,3650.96,4550.47,44.4418,31.1928,3641.85,4552.52,53.5825,28.6581,-11.7216,1.10011e+16,15,S,98.5276,24.04617932,,,,,0.172953472949842,0.2119022697832285,L,99999900.0,LLLLAVLLFILALLLSTLILI,27573.620279352017,1280.3809966127585,1.8903648220947025
LLLLAVLLALLLILLSTLILI,LLLLIVLLALLLILLSTLILI,Left,clash,29.7132,-284.046,101231.0,100927.0,-74.2561,-275.978,-402.052,4566.02,-49.5982,-51.8176,3641.85,4552.52,56.9911,33.7311,3641.85,4552.52,56.9911,33.7311,-11.7216,1.10011e+16,4,A,104.7441,24.35894658,,,,,0.2110669838362339,0.0317252772271669,L,99999900.0,LLLLIFLLWLLTALLSVLILI,29374.839212333984,1805.080204384843,15.4260104224387
LLLLTILLLVLALLLSFLILI,LLLLTILLLVLILLLSFLILI,Left,clash,31.9974,-287.82,114014.0,113714.0,-60.3604,-281.387,-388.771,4637.52,-45.062,-47.0238,3743.43,4719.3,51.9361,16.7251,3743.43,4719.3,51.9361,16.7251,-12.5314,1.10011e+16,11,A,113.5427,12.83901317,,,,,-0.186612942512176,0.9859808687593716,L,99999900.0,LLLLFALLLILTLLLSVLILI,27183.621023439,7327.379379952852,41.75404374284631
LLLVALLLALLFTLLSILILI,LLLVALLLALLFILLSILILI,Right,clash,20.0349,-271.194,114426.0,114130.0,-60.4311,-274.011,-375.137,4577.22,-45.0701,-40.6945,3792.88,4635.24,46.6525,6.15602,3786.74,4653.92,73.1259,13.7389,-10.9004,1.10011e+17,12,T,123.66598,4.741892745,,,,,0.1697205401361116,0.0713652873869402,R,-46.96318523295508,LLLTALLVALLFALLSLLILI,24181.02540454369,1165.69445888171,18.44986883535073
LLLYILLVFLLATLLSLLILI,LLLYILLIFLLATLLSLLILI,Right,clash,24.2258,-280.497,122466.0,122161.0,-74.1188,-282.532,-374.124,4775.35,-49.6019,-17.4733,4069.06,4813.77,58.4582,18.017,4050.4,4840.51,86.9828,23.1917,-6.29517,1.10011e+17,7,V,111.5784,13.90249963,,,,,0.2566920713171869,0.0062691358925883,R,99999900.0,LLLYALLTVLLALLLSFLILI,24765.3271276077,1422.1413463496062,21.880495778438235
LLLLWTLIALLLVLFSLLILI,LLLLWTLIILLLVLFSLLILI,Left,clash,51.9618,-294.623,123437.0,123149.0,-60.4594,-284.838,-384.206,4659.83,-45.1053,-38.9088,3614.7,4647.7,44.7549,18.0376,3614.7,4647.7,44.7549,18.0376,-12.8213,1.1011e+16,8,A,113.292,13.73460362,,,,,0.1986647684429757,0.0773611049351486,L,22452663636263.64,LLLLALLTILLFVLASLLILI,28166.903006990924,217.46703833129405,11.772875286425094
LLLATLLVALLFLLLSILILI,LLLATLLVALLFLLLIILILI,Right,clash,32.4429,-276.957,126252.0,125962.0,-45.1025,-275.529,-361.057,4640.93,-45.1025,-40.4247,3782.96,4682.74,42.7996,28.8739,3777.62,4678.81,49.8652,33.0701,-11.9598,1.10011e+17,15,S,100.8465,22.25856535,,,,,1.948048243612025,2.014149833772022,R,99999900.0,LLLTALLVALLFALLSLLILI,30585.10908409061,10448.57742965254,43.89331759484343
LLLLVALLLILFLLLSTLILI,LLLLVALLLILFILLSTLILI,Left,clash,31.2507,-280.068,128324.0,128026.0,-74.3251,-277.406,-385.212,4559.25,-49.6836,-33.4812,3709.56,4694.3,51.9194,6.60966,3699.28,4750.2,108.343,11.6021,-10.2748,1.10011e+16,12,L,123.21234,5.091325045,,,,,0.3491086208358238,0.0289240414265769,L,99999900.0,LLLLLALLLILFVLLSTLILI,30354.7957413118,1901.5025451844745,30.2217904733184
LLLLVALLLILFLLLSTLILI,LLLLVALLLILFLLLITLILI,Left,clash,31.2829,-282.097,129086.0,128786.0,-58.9449,-279.37,-380.396,4629.96,-49.6836,-42.0808,3708.81,4760.03,37.8677,8.80586,3699.28,4750.2,38.8056,7.94588,-10.2748,1.10011e+16,15,S,120.91454,6.788338611,,,,,7.43293252214761,1.2659830625737114,L,99999900.0,LLLLLALLLILFVLLSTLILI,75255.33333333333,6652.700379044087,681.0529913842605
LLLLLVLLAILLFLLSTLILI,LLLLLVLLIILLFLLSTLILI,Left,clash,26.9138,-287.22,139655.0,139345.0,-74.0958,-280.992,-392.6,4683.13,-49.6329,-37.5125,3736.93,4674.02,57.8719,32.5319,3736.93,4674.02,57.8719,32.5319,-11.7071,1.10011e+16,8,A,98.7977,24.77118639,,,,,0.3511419295437741,0.0105403562981201,L,99999900.0,LLLLLALLLILFVLLSTLILI,30529.224104281668,2089.6955668693536,28.106022745676068
LLLLALLFALLGILLSTLILI,LLLLALLFALLGILLITLILI,GAS,clash,22.8148,-267.296,144317.0,144023.0,-58.8314,-270.992,-361.336,4568.69,-49.5495,-31.5131,3749.2,4656.19,44.0248,9.7104,3745.13,4662.49,55.18,9.67399,-12.638,1.10011e+17,15,S,120.01,7.485638342,,,,,0.1242431552839818,0.0128734710277913,G,20896141666566.67,LLLYALLFLLLGTLLSILILI,19997.240733680806,3532.956675727306,16.954183586772306
LLLLVALLLILTLLLSFLILI,LLLLVILLLILTLLLSFLILI,Left,clash,19.1593,-288.637,149293.0,148974.0,-74.2705,-281.129,-396.326,4605.46,-49.6618,-40.9266,3670.63,4639.4,39.7274,19.0549,3670.63,4639.4,39.7274,19.0549,-26.6839,1.10011e+16,5,A,111.2399,14.62445163,,,,,-0.3103611533756601,0.5701642460574453,L,99999900.0,LLLLLALLLILFVLLSTLILI,26678.20638986572,5922.271598462539,7.589434342784878
LLLLVALLLILTLLLSFLILI,LLLLVALLLILTLLLIFLILI,Left,clash,18.8238,-286.59,150725.0,150407.0,-58.9546,-279.287,-380.679,4631.88,-49.6618,-42.4381,3683.33,4644.17,39.4278,13.9832,3670.63,4639.4,44.5944,15.1505,-26.6839,1.10011e+16,15,S,115.7372,10.77949189,,,,,0.4271766738101119,0.0829525212388427,L,22795790908990.91,LLLLLALLLILFVLLSTLILI,30721.90223939024,1394.0718235190998,30.13669087135825
LLLYALLFVLTALLLSLLILI,LLLYALLFVLTILLLSLLILI,Left,clash,30.0951,-284.722,162556.0,162252.0,-74.144,-281.471,-372.41,4737.25,-49.8826,-16.7947,3723.0,4774.55,40.6018,6.94898,3723.0,4774.55,40.6018,6.94898,-14.4827,1.10011e+17,11,A,123.31882,5.334380407,,,,,0.3734440506560439,0.1302234405723847,L,-49.090629705947634,LLLVALLLILTFLLASLLILI,28557.28431406946,1838.1677209958384,23.00910669357423
LLLYGLLFALLGTLLSLLILI,LLLYGLLFALLGTLLILLILI,GAS,clash,25.4113,-273.309,165920.0,165616.0,-58.7566,-274.564,-346.743,4674.22,-55.9369,-13.4222,3792.97,4757.46,42.0637,0.974652,3792.4,4765.22,53.5935,1.16156,-15.871,1.10011e+17,15,S,128.745748,0.751348284,,,,,0.7383359645094572,1.1505815713928351,G,99999900.0,LLLTGLLFGLLAILLSLLILI,24786.265570533025,5990.044703025029,228.51730459356472
LLLYILLTVLLALLLSFLILI,LLLYILLTVLLALLLIFLILI,Right,clash,21.9605,-282.597,168049.0,167738.0,-58.9404,-283.071,-367.123,4699.65,-49.8503,-25.1117,3978.05,4760.78,43.5405,17.6773,3976.37,4762.93,52.3903,19.5721,-9.91319,1.10011e+17,15,S,112.0431,13.62723211,,,,,0.1216422655800783,0.1338072057850685,R,17910978571328.58,LLLYALLTVLLALLLSFLILI,24121.825871240897,970.3388893062488,18.120966306667142
LLLLWTLIALLLVLFSLLILI,LLLLWTLIALLLVLFILLILI,Left,clash,51.827,-292.595,168164.0,167878.0,-45.1053,-282.866,-369.611,4653.99,-45.1053,-41.6394,3625.26,4651.27,41.3241,9.95081,3614.7,4647.7,45.9665,13.2947,-12.8213,1.1011e+16,15,S,119.76959,7.670967712,,,,,0.2919124439476692,0.0060242242837865,L,22795790908990.91,LLLLALLTALLYVLFSLLILI,28142.763042713214,1340.4228044526876,23.52352842709473
LLLYALLFALLTVLLSLLILI,LLLYALLFALLTILLSLLILI,Right,clash,22.8375,-278.474,169849.0,169544.0,-74.3608,-278.804,-369.81,4692.83,-49.7495,-16.645,3989.4,4846.15,56.6789,21.8106,3969.46,4859.95,79.0768,37.0326,-11.6946,1.10011e+17,12,V,108.0114,16.80038822,,,,,0.3194297465008609,0.1321138792966292,R,99999900.0,LLLYALLTVLLALLLSFLILI,24897.915630445976,970.3053580683692,34.5938774664126
LLLYLLLIVLLAFLLSTLILI,LLLYLLLIVLLIFLLSTLILI,Right,clash,16.6959,-278.473,187650.0,187338.0,-74.2927,-284.062,-376.107,4787.54,-49.5918,-17.7515,4083.57,4857.08,50.5169,5.69161,4083.57,4857.08,50.5169,5.69161,-18.9945,1.10011e+17,11,A,124.57619,4.369161067,,,,,-0.5041975780572469,0.7472319291462444,R,99999900.0,LLLYALLTVLLALLLSFLILI,21530.102136838093,2054.329089411721,2.0257157246326893
LLLAVLLISLLTTLLFLLILI,LLLAVLLIILLTTLLFLLILI,Right,clash,24.4269,-277.153,190617.0,190310.0,-72.844,-278.671,-382.31,4610.32,-54.4683,-30.7944,3811.13,4646.43,49.4764,12.2975,3804.6,4645.73,54.7131,10.8739,-8.04904,1.10011e+17,8,S,119.0321,9.363844861,,,,,0.3101485962262486,0.0179426461145801,R,11576561981654.762,LLLVALLIALLFTLLSLLILI,24649.14247958132,1471.2224747378575,27.051451943241663
LLLAYLLGTLLGILLALLILI,LLLAYLLGTLLGILLILLILI,GAS,clash,25.6198,-271.13,200512.0,200206.0,-58.7536,-272.135,-361.627,4551.99,-60.64,-30.7388,3525.21,4584.69,42.0508,0.0,3525.21,4584.69,42.0508,0.0,-26.1659,1.10011e+17,15,A,129.7204,0.0,,,,,0.4397055546508216,0.0651287895957274,G,20581608333233.32,LLLFYLLGVLLGLLLASLILI,23011.32037331383,4442.69966312054,57.96459802376048
LLLLALLFALLTVLLSILILI,LLLLALLFALLTVLLIILILI,Right,clash,21.8683,-272.916,205908.0,205607.0,-58.9654,-274.354,-369.233,4595.44,-49.7232,-35.9138,3850.92,4661.22,41.1284,18.8071,3844.69,4658.29,47.5655,23.6001,-10.266,1.10011e+17,15,S,110.9133,14.49818224,,,,,0.5422829682775717,0.0911186185891332,R,16716913333233.344,LLLLALLVALLFALLSTLILI,25370.185720852933,1763.7455885891595,50.83845863400032
LLLLAVLLLTLALLLSFLILI,LLLLAVLLLTLILLLSFLILI,Left,clash,28.1389,-285.738,207662.0,207355.0,-74.2024,-277.182,-386.526,4615.48,-49.6004,-35.1417,3685.71,4694.57,48.5573,10.1884,3685.71,4694.57,48.5573,10.1884,-14.752,1.10011e+16,11,A,120.0794,7.821119264,,,,,3.622346692952901,4.1229990976601725,L,99999900.0,LLLLAVLLFILALLLSTLILI,48334.95101044431,27997.66114845636,57.81231159027439
LLLTALLFLLLGVLLGILILI,LLLTALLFLLLGVLLIILILI,GAS,clash,28.5534,-277.559,210195.0,209896.0,-44.96,-274.94,-358.987,4620.27,-49.2357,-39.0865,3587.38,4627.5,43.7111,5.34056,3613.93,4621.39,25.2908,17.9557,-13.4938,1.10011e+17,15,G,124.37984,4.116977746,,,,,0.2637060198049791,0.1517744080021682,G,99999900.0,LLLAGLLFLLLGTLLGSLILI,19570.265235956154,892.5727764490914,54.63298956062354
LLLIALLLLLVSLLFTLLILI,LLLIALLILLVSLLFTLLILI,Left,clash,31.6384,-281.972,225760.0,225460.0,-74.2939,-276.928,-381.247,4629.68,-49.6673,-30.0254,3687.86,4631.07,46.5475,9.66794,3674.38,4685.52,108.157,53.5661,-17.047,1.10011e+17,7,L,119.92746,7.460095034,,,,,0.7436299769479724,0.0334746929689238,L,99999900.0,LLLTALLLLLVALLFSLLILI,32347.972799931147,430.80955242457605,62.747920444678826
LLLYTLLVALLATLLSLLILI,LLLYTLLVALLAILLSLLILI,Right,clash,31.1422,-278.373,225914.0,225622.0,-60.3979,-276.796,-373.814,4658.45,-45.0343,-36.6201,3771.67,4629.9,57.7331,26.3532,3762.76,4663.79,86.6922,42.9624,-7.71988,1.10011e+17,12,T,103.4688,20.29948699,,,,,0.2314939715636267,0.0726891117548938,R,13465268268739.54,LLLYALLTVLLALLLSFLILI,24362.906598147267,1730.439063612277,15.090733392529614
LLLLALLFALLTVLLSILILI,LLLLALLFALLTILLSILILI,Right,clash,21.8665,-272.326,232500.0,232199.0,-74.3287,-273.968,-380.379,4568.09,-49.7232,-32.0822,3860.15,4647.96,47.8532,17.2366,3844.69,4658.29,70.6733,32.6706,-10.266,1.10011e+17,12,V,112.5854,13.27710249,,,,,0.0792011248522431,0.0054122522732609,R,-30.35617141604497,LLLTALLVALLFALLSLLILI,23879.345717519216,1453.5262108101892,6.315834232751846
LLLYGLLFALLGILLTLLILI,LLLYGLLFALLGILLILLILI,GAS,clash,29.6722,-275.997,233721.0,233424.0,-45.0061,-275.315,-343.26,4703.3,-50.936,-22.9386,3660.19,4649.11,41.8847,0.902019,3651.6,4660.34,67.5099,3.00339,-19.6027,1.10011e+17,15,T,128.818381,0.69535632,,,,,0.2753713204942944,0.1147911968160662,G,-99.99961574305216,LLLTGLLFGLLAILLSLLILI,20801.92222637385,3254.93585195357,28.595833633213942
LLLYALLFALLLSLLVTLILI,LLLYALLFALLLILLVTLILI,Right,clash,26.8271,-278.705,235964.0,235663.0,-58.9494,-279.5,-358.16,4735.62,-49.6376,-19.7107,3890.55,4670.15,47.7343,16.9837,3887.2,4673.43,56.0533,16.9948,-9.42866,1.10011e+17,12,S,112.8383,13.0822973,,,,,0.2671294155816962,0.1192619597787697,R,20.59663160045856,LLLLALLVALLFALLSTLILI,24528.02024399925,1910.1885347045527,15.317265519651093
LLLVALLIALLLSLLFTLILI,LLLVALLIALLLSLLFILILI,Right,clash,24.693,-273.939,260414.0,260119.0,-60.4142,-273.999,-374.832,4590.28,-45.1908,-40.4187,3727.87,4608.96,43.6858,16.9617,3711.74,4623.29,68.8725,32.3414,-11.3414,1.10011e+17,16,T,112.5011,13.10160139,,,,,-0.2538608009784451,1.0193437488108188,R,99999900.0,LLLVALLLALLFALLSTLILI,22776.38412163353,2775.9383939002487,39.12505314304236
LLLLVALLLLLTALLFILILI,LLLLVALLLLLTILLFILILI,Left,clash,22.7167,-284.332,272026.0,271715.0,-58.9847,-279.156,-379.419,4653.23,-49.6808,-41.2786,3623.66,4754.0,47.3728,14.6423,3623.66,4754.0,47.3728,14.6423,-30.3335,1.10011e+16,12,A,119.1521,8.218868913,,,,,0.3424325366203802,0.0194826325855517,L,22452663636263.64,LLLLLALLFVLTSLLAILILI,30259.864900151835,1800.211355295713,29.12988296846257
LLLLLLLLAVLTALLFILILI,LLLLLILLAVLTALLFILILI,Left,clash,20.2403,-282.716,318327.0,318015.0,-58.9289,-274.372,-369.572,4563.99,-49.6949,-36.2714,3667.99,4587.71,58.3577,39.4181,3655.28,4640.65,114.068,40.9051,-32.3253,1.10011e+16,5,L,90.8767,30.25301086,,,,,0.4474619876205273,0.3575461586649656,L,18998407692207.707,LLLLLALLFVLTSLLAILILI,29311.49025404316,2408.939563109926,15.917072214851776
LLLLALLVALLSTLLIFLILI,LLLLALLVILLSTLLIFLILI,Right,clash,24.3975,-272.225,322044.0,321747.0,-74.3185,-277.278,-384.59,4623.27,-49.6293,-32.9943,3871.05,4651.07,50.5684,17.8553,3871.05,4651.07,50.5684,17.8553,-8.50232,1.10011e+17,8,A,106.7246,22.92872659,,,,,0.3023074019210927,0.0398572686295873,R,-30.25666726410621,LLLLALLVALLFALLSTLILI,24887.17494331733,1588.309522740966,22.96972643974374
LLLLLLLLAVLTALLFILILI,LLLLLLLLAVLTALLIILILI,Left,clash,20.1633,-281.727,322412.0,322101.0,-58.9289,-273.507,-387.461,4552.07,-49.6949,-55.0248,3665.13,4555.97,43.395,16.8722,3655.28,4640.65,131.778,20.2316,-32.3253,1.10011e+16,15,F,112.8482,13.00658956,,,,,0.3315957513056621,0.0537540587819709,L,99999900.0,LLLLLALLFVLTSLLAILILI,30143.53936158212,1593.4549669626797,24.00873238398808
LLLTVLLGALLGILLSLLILI,LLLTVLLGALLGILLILLILI,GAS,clash,26.4818,-268.901,330463.0,330169.0,-44.983,-268.431,-363.519,4532.82,-51.0142,-50.1051,3660.42,4462.98,42.2466,2.64061,3660.03,4470.03,52.9756,2.93248,-19.4822,1.10011e+17,15,S,127.07979,2.035616603,,,,,0.3679290243581093,0.0803863540819198,G,99999900.0,LLLTGLLFGLLAILLSLLILI,21306.42966852901,2387.2358501819785,62.54669667265617
LLLAYLLIALLVSLLTLLILI,LLLAYLLIALLVSLLTILILI,Right,clash,30.4222,-278.787,334193.0,333889.0,-74.2976,-274.999,-377.775,4557.29,-55.1943,-28.4784,3760.08,4693.52,47.4769,20.1202,3744.01,4736.72,101.729,37.5347,-5.58676,1.10011e+17,16,L,109.3426,15.54129835,,,,,0.5610094224841334,0.1748112129615399,R,14750217646958.812,LLLVALLIALLLSLLFTLILI,25864.71865172742,2225.276854715923,36.65107225845235
LLLTGLLFGLLAILLSLLILI,LLLTGLLFILLAILLSLLILI,GAS,clash,26.7264,-275.535,367420.0,367126.0,-60.3852,-274.741,-370.689,4587.36,-45.5233,-35.5625,3701.58,4633.38,47.0239,9.21191,3710.97,4629.13,29.7169,1.8264,-14.8615,1.10011e+17,8,G,126.40826,2.962773609,,,,,0.2260362069523535,0.2463716084656314,G,99999900.0,LLLTGLLFGLLAILLSLLILI,19261.386885004595,648.5811723197062,58.93565464027157
LLLFYLLGVLLGLLLGTLILI,LLLFYLLIVLLGLLLGTLILI,GAS,clash,24.2706,-269.609,442869.0,442565.0,-58.7456,-272.446,-344.937,4740.72,-58.4193,-13.7449,3511.47,4667.11,52.5097,0.859069,3512.1,4667.56,39.648,0.859069,-37.9263,1.10011e+17,7,G,128.736331,0.662885411,,,,,0.113716015325421,0.356196157109819,G,99999900.0,LLLTYLLAVLLGLLLAFLILI,18696.321790195445,1409.336033652057,53.83166536076169
LLLLTLLATLLAVLLSFLILI,LLLLTLLAILLAVLLSFLILI,Right,clash,33.3969,-271.779,467876.0,467592.0,-60.3732,-272.579,-367.019,4593.91,-45.0185,-34.0677,3860.24,4616.15,55.8517,22.2358,3851.1,4643.5,81.6924,39.175,-12.5578,1.10011e+17,8,T,109.0938,16.93129348,,,,,0.1494204082673733,0.0590827569454607,R,-39.853977067214544,LLLYALLTVLLALLLSFLILI,24271.332624555074,1238.6427269300395,16.02110738947408
LLLLALLIALLFVLLSTLILI,LLLLALLIALLFILLSTLILI,Right,clash,23.9671,-274.982,472202.0,471901.0,-74.2632,-272.826,-375.219,4626.51,-49.607,-28.1304,3740.38,4679.33,53.8963,13.2588,3727.48,4703.47,86.7604,27.5802,-11.7607,1.10011e+17,12,V,116.5632,10.21306096,,,,,0.0776439612190198,0.0454639586542243,R,99999900.0,LLLTALLVALLFALLSLLILI,23833.72310227988,1259.9743102950474,9.1998069620197
LLLYALLLALLTVLLSILILI,LLLYALLLALLTVLLIILILI,Right,clash,22.1425,-278.595,478797.0,478491.0,-58.9874,-278.65,-373.47,4684.91,-49.7608,-35.8321,3881.08,4623.84,41.5567,17.4126,3875.95,4620.48,48.1161,23.2053,-13.6517,1.10011e+17,15,S,112.3078,13.42317785,,,,,0.3258854695978159,0.0202453582579413,R,19288746153746.164,LLLVALLLALLFALLSTLILI,24835.092893709847,1556.9510006251064,26.107427630982112
LLLTYLLLFLLVALLSILILI,LLLTYLLLFLLIALLSILILI,Right,clash,22.6605,-281.148,496550.0,496241.0,-60.5256,-281.718,-370.65,4650.22,-50.2028,-28.4071,3898.08,4736.41,48.3397,0.199098,3898.08,4750.14,71.793,0.199098,-14.1106,1.10011e+17,11,V,130.068702,0.152837463,,,,,0.181138409695837,0.1854992543961237,R,18479356968157.32,LLLTYLLVFLLALLLASLILI,24318.78851281269,751.4736840458735,26.16912881431984
LLLAALLALLLGVLLGTLILI,LLLAALLALLLGVLLITLILI,GAS,clash,30.242,-266.763,508744.0,508454.0,-58.784,-265.63,-366.726,4506.42,-53.9625,-42.3121,3544.14,4493.45,55.582,7.41102,3553.03,4473.52,34.1963,10.6686,-14.9594,1.10011e+17,15,G,122.30938,5.713072115,,,,,0.2321583512465069,0.0625048903141281,G,1.9948602043001968,LLLAGLLFLLLGTLLGSLILI,19339.459763848863,1296.9222489944775,40.692899452651424
LLLTALLVALLAYLLSFLILI,LLLTILLVALLAYLLSFLILI,Right,clash,31.2239,-279.808,516847.0,516553.0,-60.2169,-276.392,-357.391,4620.38,-44.951,-20.7823,3873.27,4673.41,57.1458,42.1959,3873.27,4673.41,57.1458,42.1959,-14.3316,1.10011e+17,4,A,127.10154,2.430577625,,,,,0.2718995950983939,0.1226941035085077,R,16716913333233.344,LLLYALLTVLLALLLSFLILI,24649.97729839984,1898.7135572620111,15.513617023418108
LLLYALLLLLTSLLFVLLILI,LLLYALLLLLTSLLIVLLILI,Left,clash,35.6538,-283.555,519727.0,519430.0,-74.2453,-280.739,-390.233,4712.84,-49.6306,-35.2486,3737.5,4687.56,45.1904,11.2,3720.21,4801.81,141.598,52.4992,-12.344,1.10011e+17,14,F,118.6868,8.622893165,,,,,0.3208628806996551,0.125193790084735,L,-27.67936981314237,LLLVALLLILTFLLASLLILI,28456.085072573787,1306.5145019710344,33.47876521427037
LLLYALLLALLTVLLSILILI,LLLYALLLALLTILLSILILI,Right,clash,22.1402,-278.005,520970.0,520664.0,-74.3539,-278.135,-384.49,4657.48,-49.7608,-32.0005,3891.52,4611.74,48.433,17.6281,3875.95,4620.48,70.2838,33.2999,-13.6517,1.10011e+17,12,V,112.1939,13.57866925,,,,,0.4905870257673209,0.0979411025264002,R,-99.99956421714332,LLLYALLTVLLALLLSFLILI,25389.95652115437,1392.4561736546875,46.910928344730216
LLLTVLLLALLFALLSILILI,LLLTVLLLILLFALLSILILI,Right,clash,24.6427,-279.232,539209.0,538910.0,-60.4169,-277.771,-379.525,4576.43,-45.0579,-41.3368,3781.64,4624.0,52.7547,15.2511,3781.64,4624.0,52.7547,15.2511,-12.0894,1.10011e+17,8,A,122.90597,5.327317404,,,,,0.1441465749612,0.2177243607015888,R,-29.408946326183884,LLLTALLVALLFALLSLLILI,23823.65639566601,756.4595408802826,24.978826285826905
LLLALLLVTLLAILLSFLILI,LLLALLLVILLAILLSFLILI,Right,clash,24.308,-271.203,573643.0,573351.0,-60.4642,-273.94,-371.635,4583.82,-45.0788,-37.231,3926.69,4621.08,47.3957,43.819,3904.75,4640.9,74.0801,59.9771,-8.13651,1.10011e+17,8,T,87.5106,33.36566928,,,,,0.0742588187868293,0.1068343499551397,R,-64.81282930428567,LLLYALLTVLLALLLSFLILI,23657.556700533136,1028.311199611706,12.552395338291786
LLLLVLLGALLGTLLSFLILI,LLLLVLLGALLITLLSFLILI,GAS,clash,26.0886,-266.509,596175.0,595883.0,-74.0199,-271.272,-371.668,4586.64,-51.3354,-26.3761,3762.45,4603.25,60.1897,15.3731,3764.4,4578.16,37.0793,11.7414,-12.0486,1.10011e+17,11,G,114.8947,11.80115117,,,,,0.1718226367237253,0.3178221243230947,G,99999900.0,LLLYALLALLLGTLLSFLILI,18799.75116454929,713.6481205507922,58.39224635098718
LLLTALLFLLVALLLSLLILI,LLLTILLFLLVALLLSLLILI,Left,clash,44.2295,-285.494,602223.0,601936.0,-60.3716,-277.445,-379.507,4627.78,-45.0608,-41.6899,3574.42,4637.73,42.9491,17.1006,3574.42,4637.73,42.9491,17.1006,-9.62636,1.10011e+17,4,A,113.4889,12.88031271,,,,,0.5816996249838455,0.5326161252064959,L,99999900.0,LLLTSLLAVLLALLFSLLILI,29692.746884085263,4039.9170183109695,16.771195850618675
LLLTALLFLLVALLLSLLILI,LLLTALLFLLVILLLSLLILI,Left,clash,39.2218,-286.35,603623.0,603331.0,-60.3716,-278.325,-379.986,4652.28,-45.0608,-41.2899,3574.42,4637.73,47.6698,16.7789,3574.42,4637.73,47.6698,16.7789,-9.62636,1.10011e+17,11,A,113.4889,12.88031271,,,,,0.245329184382802,0.0511134107831776,L,15531178858892.15,LLLVALLLLLTFLLASLLILI,28188.25285268498,845.9890692410875,23.018073682693856
LLLYALLLTLLVALLSILILI,LLLYALLLTLLVILLSILILI,Right,clash,23.9472,-279.699,607740.0,607434.0,-74.2624,-280.747,-387.776,4690.15,-49.6282,-32.7665,3984.44,4739.08,43.7624,17.0543,3984.44,4739.08,43.7624,17.0543,-7.00533,1.10011e+17,12,A,112.7677,13.13667945,,,,,-0.0404407555806271,1.333724601138084,R,99999900.0,LLLYALLTVLLALLLSFLILI,23422.971407202487,3566.88621279524,75.63549108288315
LLLYVLLAILLTLLLSFLILI,LLLYVLLAILLILLLSFLILI,Right,clash,20.8436,-280.59,611329.0,611024.0,-60.4293,-282.429,-370.354,4710.82,-45.1144,-27.4956,4008.31,4750.22,50.5224,2.67368,4003.97,4776.06,80.4909,4.90066,-16.733,1.10011e+17,11,T,127.59412,2.052448878,,,,,0.2404802330719297,0.131157195643139,R,18459417913945.523,LLLYALLTVLLALLLSFLILI,24775.27445923161,1940.573296193716,12.379444415599048
LLLYVLLTILLAFLLSLLILI,LLLYVLLTILLIFLLSLLILI,Right,clash,20.6906,-283.876,678182.0,677869.0,-74.1037,-285.508,-377.452,4778.74,-49.6378,-17.8409,3904.67,4761.0,50.3778,7.58109,3904.67,4761.0,50.3778,7.58109,-12.8666,1.10011e+17,11,A,122.68671,5.819619277,,,,,0.2139602460881152,0.0817558082244617,R,12877519904760.756,LLLYALLTVLLALLLSFLILI,24318.06166701933,1151.91708307136,22.772500378419004
LLLLVALLFILLYLLSTLILI,LLLLVALLFILLILLSTLILI,Left,clash,22.295,-278.562,700332.0,700026.0,-74.3328,-277.425,-381.596,4596.8,-49.6793,-29.8388,3748.3,4672.27,44.3245,9.41761,3745.63,4714.94,123.441,9.91349,-15.537,1.10011e+16,12,Y,120.40439,7.254248124,,,,,0.1052862263233551,0.6109775922866025,L,99999900.0,LLLLLALLLILFVLLSTLILI,26904.64717850606,3631.27020081263,43.94010536256474
LLLFYLLVILLALLLSTLILI,LLLFYLLVILLALLLITLILI,Right,clash,21.0971,-276.027,714784.0,714479.0,-58.8584,-275.118,-358.4,4783.37,-49.5769,-24.4236,3803.82,4748.01,55.2789,21.1993,3802.46,4750.88,64.528,20.8979,-11.7054,1.10011e+17,15,S,108.5211,16.34230237,,,,,0.1345722819985371,0.1774082459774322,R,99999900.0,LLLSYLLFVLLALLLATLILI,23981.409427712548,774.0771075235272,21.787806775008946
LLLYALLFVLTALLLSLLILI,LLLYILLFVLTALLLSLLILI,Left,clash,34.5858,-284.083,715735.0,715435.0,-74.144,-280.711,-373.148,4689.92,-49.8826,-18.2933,3723.0,4774.55,47.1275,17.8597,3723.0,4774.55,47.1275,17.8597,-14.4827,1.10011e+17,4,A,123.31882,5.334380407,,,,,0.1966566415489391,0.0690200103514355,L,99999900.0,LLLTSLLAVLLALLFSLLILI,28039.16675279042,406.48700104311615,12.090983187459337
LLLLFALLALLYVLTSLLILI,LLLLFALLALLYVLTILLILI,Left,clash,34.2565,-281.744,785788.0,785488.0,-58.8218,-275.918,-355.754,4612.42,-52.6286,-21.014,3659.18,4754.49,41.8458,17.4756,3657.88,4758.01,51.5801,17.1318,-9.24259,1.1011e+16,15,S,112.2448,13.47174384,,,,,1.205647140482863,1.3834949506759966,L,99999900.0,LLLLYFLLALLAVLTSLLILI,36111.88343187164,7814.546225678639,18.59363518417184
LLLLALLLYVLTSLLFLLILI,LLLLAILLYVLTSLLFLLILI,Left,clash,36.6619,-282.858,841869.0,841566.0,-74.2392,-280.197,-372.847,4642.74,-56.6206,-18.4101,3693.44,4845.13,56.8252,28.3613,3658.79,4896.6,112.854,26.1142,-11.2963,1.10011e+16,5,L,101.9335,21.7670237,,,,,0.7020345131168919,0.1016175704654633,L,99999900.0,LLLLLALLFVLTSLLAILILI,32415.87760613445,1208.4277886935283,63.28673851135969
LLLYALLLLLTSLLFVLLILI,LLLYILLLLLTSLLFVLLILI,Left,clash,42.2675,-287.469,878570.0,878275.0,-74.2453,-284.943,-383.112,4758.53,-49.6306,-23.9237,3720.21,4801.81,38.029,15.3355,3720.21,4801.81,38.029,15.3355,-12.344,1.10011e+17,4,A,123.1397,11.0745462,,,,,0.1318403380595892,0.1269604514241537,L,99999900.0,LLLVALLLLLTFLLASLLILI,29539.620818310043,2922.704762028883,3.440032945370485
LLLYALLLTLLVALLSFLILI,LLLYALLLILLVALLSFLILI,Right,clash,24.2023,-276.74,879315.0,879018.0,-60.4551,-278.666,-360.657,4733.66,-45.0834,-21.5357,4073.13,4701.77,49.0962,14.3904,4056.01,4728.75,79.9581,20.0133,-8.47689,1.10011e+17,8,T,116.9392,10.95746884,,,,,0.2547014262032032,0.0054694771260208,R,-10.46991541606678,LLLYALLTVLLALLLSFLILI,24176.957977238795,1682.079133796228,21.01817195328933
LLLTFLLGVLLGILLALLILI,LLLTFLLIVLLGILLALLILI,GAS,clash,27.2608,-273.16,914842.0,914542.0,-44.9728,-274.953,-358.227,4643.7,-53.8183,-38.3011,3598.8,4647.61,55.1574,0.0,3598.8,4641.86,40.3579,0.0,-30.3332,1.10011e+17,7,G,129.5954,0.0,,,,,0.4665196064419508,0.2950283982815481,G,19043943133453.742,LLLTGLLFGLLAILLSLLILI,20726.691378366384,155.0102577089761,99.41253557264072
LLLLAILTALLFVLLSLLILI,LLLLAILTALLIVLLSLLILI,Left,clash,21.1796,-281.371,955424.0,955114.0,-74.2512,-272.319,-392.098,4536.65,-49.6966,-45.5286,3654.43,4479.09,52.5129,31.7225,3622.33,4620.44,155.467,45.87,-26.1884,1.1011e+16,11,F,98.5453,24.35175845,,,,,0.2791211851782872,0.2158411135736058,L,99999900.0,LLLLWILTYLLAVLLFLLILI,29765.7650003205,1558.6071751784464,10.344733859711171
LLLTALLVGLLGGLLFLLILI,LLLTALLVILLGGLLFLLILI,GAS,clash,24.0682,-270.904,975991.0,975692.0,-44.9383,-269.807,-344.657,4607.31,-51.7833,-29.9113,3761.09,4541.67,65.3364,27.548,3779.3,4529.24,46.7498,14.5648,-20.3721,1.10011e+17,8,G,103.7816,20.9762308,,,,,0.3501651788560816,0.0510003271198189,G,-28.130927822304425,LLLALLLTVLLGGLLFSLILI,19480.18956019651,1523.5557669725858,56.87132638513567
LLLLVLLIALLFTLLSYLILI,LLLLVLLIILLFTLLSYLILI,Right,clash,20.5375,-278.436,1004290.0,1003990.0,-74.1091,-282.854,-378.193,4658.17,-49.6009,-21.23,3867.56,4807.19,48.2194,6.96885,3867.56,4807.19,48.2194,6.96885,-14.0793,1.10011e+17,8,A,124.36075,5.306381806,,,,,0.0558766313445866,0.1049901179754555,R,99999900.0,LLLLALLVALLFALLSTLILI,23967.451168176176,1190.2906552710792,10.902821314555048
LLLFALLLVLISLLLTLLILI,LLLFALLIVLISLLLTLLILI,Left,clash,41.6214,-281.492,1062790.0,1062500.0,-74.3825,-276.832,-383.762,4686.71,-49.7116,-32.5474,3725.04,4629.8,42.5616,13.2662,3670.46,4626.49,80.958,22.6781,-7.23199,1.10011e+17,7,L,116.3292,10.23662877,,,,,0.5376678680341032,0.0279377523793498,L,99999900.0,LLLYTLLAVLIALLLSLLILI,31410.101577218986,1274.582972027932,42.35364305142617
LLLLVALLLLLTSLLFILILI,LLLLVALLLLLTSLLIILILI,Left,clash,22.7994,-281.327,1070000.0,1069690.0,-74.28,-276.102,-401.464,4587.93,-49.6808,-51.0819,3618.74,4590.16,44.9177,13.819,3591.39,4668.76,130.85,54.7965,-27.3171,1.10011e+16,15,F,115.9014,10.65291196,,,,,3.827718679134094,3.83255924947123,L,99999900.0,LLLLLALLFVLTSLLAILILI,49077.29676642783,27364.01504632996,91.40194374015748
LLLVTLLLGLLFGLLFALILI,LLLVTLLLGLLFGLLFILILI,GAS,clash,32.0843,-274.703,1083520.0,1083230.0,-44.9466,-273.682,-340.36,4656.23,-44.9466,-21.7317,3644.34,4713.22,43.7521,5.42895,3644.34,4713.22,43.7521,5.42895,-19.0276,1.10011e+17,16,A,124.03385,4.193443985,,,,,0.3191966183005625,0.1273281934745412,G,-23.27773389075723,LLLATLLVGLLFGLLFLLILI,19901.18910821506,914.184233773738,60.25853255468976
LLLYVLLFTLLAALLSLLILI,LLLYVLLFILLAALLSLLILI,Right,clash,26.0343,-276.164,1122290.0,1122000.0,-60.3624,-277.93,-362.052,4690.66,-45.0059,-23.7592,3991.59,4807.0,53.3967,11.9664,3982.59,4831.34,78.9653,25.5106,-6.70548,1.10011e+17,8,T,119.3632,9.111731095,,,,,0.2383771209742048,0.0288429115442442,R,-70.48617258120072,LLLYALLTVLLALLLSFLILI,24284.027280058013,1420.912681243729,21.683340439043903
LLLYVLLFTLLAALLSLLILI,LLLYVLLFTLLAALLILLILI,Right,clash,26.0651,-277.344,1122370.0,1122070.0,-58.7947,-278.905,-358.737,4703.91,-49.5141,-21.0373,3985.62,4826.46,45.5324,11.7928,3982.59,4831.34,55.5256,18.887,-6.70548,1.10011e+17,15,S,117.9276,9.090937123,,,,,-0.0987553490279266,0.2834265474337139,R,99999900.0,LLLYFLLAILLAVLLTLLILI,23252.21999280864,854.8738263363259,8.51820390421141
LLLYTLLVALLFLLLSLLILI,LLLYTLLVALLFILLSLLILI,Right,clash,35.4845,-284.176,1130550.0,1130250.0,-60.416,-281.712,-363.165,4729.17,-45.0474,-21.0377,3847.74,4759.02,47.7056,10.8506,3845.04,4804.89,101.666,18.209,-14.9005,1.10011e+17,12,L,118.9714,8.358059497,,,,,0.0038792387859515,0.1381322696168142,R,16881049676200.46,LLLTALLVALLFALLSLLILI,23596.0675231574,997.5861099254288,8.509490980590853
LLLLAILLALLFVLTSLLILI,LLLLAILLALLFVLTILLILI,Left,clash,24.1986,-284.146,1151150.0,1150840.0,-58.8416,-275.267,-370.478,4577.51,-49.8804,-36.3696,3640.12,4639.88,35.2219,4.16123,3639.74,4628.62,36.3564,4.40225,-19.5332,1.1011e+16,15,S,125.55917,3.207845489,,,,,0.6011298282107649,0.2479570967994855,L,99999900.0,LLLLALLTILLFVLASLLILI,31163.83479676431,1283.4624949215158,63.49715102270096
LLLYILLTVLLALLLSFLILI,LLLYILLTVLLILLLSFLILI,Right,clash,21.9479,-284.63,1155440.0,1155130.0,-74.2457,-285.219,-381.322,4706.6,-49.8503,-21.857,3976.37,4762.93,47.4801,2.27156,3976.37,4762.93,47.4801,2.27156,-9.91319,1.10011e+17,11,A,127.99624,1.743761697,,,,,0.1540248226384757,0.251170922039906,R,99999900.0,LLLYALLTVLLALLLSFLILI,24045.837213164672,517.5973146103134,27.788289104928708
LLLLAILLAVLFTLLSLLILI,LLLLAILLAVLFTLLILLILI,Left,clash,27.0159,-282.172,1160590.0,1160290.0,-58.8708,-275.27,-370.404,4566.56,-49.6224,-36.2632,3604.59,4648.07,33.2901,5.6971,3603.97,4635.32,34.0143,5.59279,-16.9599,1.10011e+16,15,S,124.0233,4.391830429,,,,,0.2649374986466117,0.0237918037399817,L,99999900.0,LLLLAYLVILLFTLLSLLILI,29257.112576196727,1098.3409612693763,23.041709080879446
LLLALLLVTLLAYLLSFLILI,LLLALLLVTLLIYLLSFLILI,Right,clash,18.3543,-273.676,1194700.0,1194390.0,-74.095,-278.176,-373.183,4635.93,-54.7137,-20.9114,3928.19,4765.37,55.5778,1.89586,3928.19,4765.37,55.5778,1.89586,-12.4532,1.10011e+17,11,A,128.37194,1.455355813,,,,,2.195604411045091,1.651660416877465,R,99999900.0,LLLTLLLAVLLAYLLSFLILI,31457.254010947705,9736.86372392948,86.1145971179149
LLLSYLLTILLAVLLSLLILI,LLLSYLLTILLAVLLILLILI,Right,clash,26.1487,-282.626,1259040.0,1258730.0,-58.7795,-279.572,-376.673,4619.87,-49.4244,-38.3216,3785.59,4662.35,43.2084,11.1692,3781.6,4659.26,46.7338,11.3986,-19.7751,1.10011e+17,15,S,118.5512,8.610210884,,,,,0.582151305187469,0.0692092846280606,R,10302801045240.992,LLLSYLLFVLLALLLATLILI,25912.22443624244,1900.202182376516,44.67960873690033
LLLYILLVFLLATLLSLLILI,LLLYILLVFLLITLLSLLILI,Right,clash,24.3279,-283.103,1281590.0,1281280.0,-74.1188,-285.128,-377.975,4740.93,-49.6019,-18.7283,4050.4,4840.51,50.6383,9.52438,4050.4,4840.51,50.6383,9.52438,-6.29517,1.10011e+17,11,A,120.74342,7.311384701,,,,,0.0687546870155627,0.1278292624315543,R,22795790908990.91,LLLTALLVALLFALLSLLILI,23990.768108153465,1082.6764742813311,13.335150435923124
LLLAYLLTLLLAILLSFLILI,LLLAYLLTLLLIILLSFLILI,Right,clash,21.1564,-278.899,1298790.0,1298470.0,-74.2086,-281.666,-373.799,4672.04,-58.5433,-17.9244,3852.46,4700.14,48.7835,19.5133,3852.46,4700.14,48.7835,19.5133,-10.4542,1.10011e+17,11,A,110.7545,14.97937326,,,,,0.1342783067166113,0.0200603335481962,R,19288746153746.164,LLLYALLTVLLALLLSFLILI,24082.190341756905,1351.2960373934889,12.440195641675196
LLLYALLFILLTLLLSVLILI,LLLYALLFILLILLLSVLILI,Right,clash,21.761,-280.768,1329100.0,1328790.0,-60.4678,-282.237,-369.034,4757.69,-45.1663,-26.3289,3853.73,4745.88,41.2037,2.11633,3847.05,4754.05,61.8784,3.77498,-15.5981,1.10011e+17,11,T,128.15147,1.624599479,,,,,0.2353920010005094,0.1181713856398518,R,17910978571328.58,LLLYALLTVLLALLLSFLILI,24545.128703098464,999.459397610344,26.725984665858228
LLLYSLLTALLVALLFLLILI,LLLYSLLTALLVILLFLLILI,Right,clash,25.0439,-281.024,1331050.0,1330740.0,-58.852,-281.73,-358.628,4724.17,-52.3436,-18.0455,3893.05,4777.12,44.7616,11.8267,3893.05,4777.12,44.7616,11.8267,-8.82583,1.10011e+17,12,A,117.9953,9.109935142,,,,,0.2295616384515131,0.145626406493831,R,22622926274322.777,LLLTYLLAVLLAILLFLLILI,24259.68582360552,2028.8878684282813,10.6072294074269
LLLAYLLTLLLAILLSFLILI,LLLAYLLTLLLAILLIFLILI,Right,clash,21.1558,-276.869,1380130.0,1379820.0,-58.8551,-279.553,-359.421,4676.77,-58.5433,-21.0132,3859.26,4696.17,56.2026,6.66988,3852.46,4700.14,66.2408,7.55661,-10.4542,1.10011e+17,15,S,123.05052,5.14173561,,,,,0.1660560440185508,0.0191578233514692,R,6447041628368.159,LLLYALLTVLLALLLSFLILI,24286.026417697445,1503.3315451286237,12.77924904260347
LLLLLFLLAVLTYLLSLLILI,LLLLLFLLAVLTILLSLLILI,Left,clash,18.3542,-281.941,1583340.0,1583020.0,-74.3219,-275.572,-385.874,4564.04,-49.723,-35.9809,3657.99,4634.18,50.9181,15.6869,3650.68,4804.17,165.094,16.425,-30.8381,1.10011e+16,12,Y,114.1351,12.0833911,,,,,0.4033557206781135,0.2933136998016247,L,99999900.0,LLLLLALLFVLTSLLAILILI,30725.90634964516,1890.8945954386068,16.024441243772912
LLLLYLLLAILFVLLSTLILI,LLLLYLLLIILFVLLSTLILI,Left,clash,33.6361,-288.725,1698550.0,1698240.0,-74.2436,-283.964,-381.001,4625.96,-53.4419,-22.7929,3607.01,4773.27,60.5719,38.8472,3607.01,4773.27,60.5719,38.8472,-11.4453,1.10011e+16,8,A,92.4824,29.57992715,,,,,0.0904077514292005,0.0756420837983271,L,22622926274322.777,LLLLALLTILLFVLASLLILI,27238.60377134272,505.7932109217904,3.019285787814351
LLLLLALLLLLTVLFSLLILI,LLLLLALLLLLTVLFILLILI,Left,clash,26.0778,-286.624,1745950.0,1745640.0,-58.9457,-278.82,-382.47,4653.57,-49.6409,-44.7042,3719.32,4702.0,38.3891,9.81082,3718.54,4698.57,44.4715,9.8445,-16.6473,1.1011e+16,15,S,119.90958,7.563050993,,,,,0.2680100682233781,0.2100939509107629,L,99999900.0,LLLLLALLLILFVLLSTLILI,27736.46504462432,2139.573445736792,9.76842632447935
LLLFALLLVLISLLLTLLILI,LLLFILLLVLISLLLTLLILI,Left,clash,46.9146,-284.457,1768940.0,1768650.0,-74.3825,-280.264,-394.228,4714.77,-49.7116,-39.5815,3670.46,4626.49,51.5513,12.7825,3670.46,4626.49,51.5513,12.7825,-7.23199,1.10011e+17,4,A,125.6927,9.230894774,,,,,0.5224412526844325,0.1552605350165934,L,22452663636263.64,LLLYTLLAVLIALLLSLLILI,29379.560006155418,2364.3883399356487,33.74595017852638
LLLAALLFSLLTTLLVLLILI,LLLAALLFSLLTILLVLLILI,Right,clash,26.3043,-273.437,1797180.0,1796880.0,-74.3412,-273.66,-378.07,4574.92,-55.6212,-30.0689,3771.0,4662.69,43.0492,20.4133,3764.23,4673.93,66.5517,29.4006,-9.57001,1.10011e+17,12,T,109.4087,15.72406834,,,,,4.62095640692564,5.476397187580921,R,99999900.0,LLLTYLLFVLLAILLSLLILI,39896.6280928527,25942.75684735776,62.72412384281494
LLLLTLLLALIVLLFSLLILI,LLLLTLLLALIILLFSLLILI,Left,clash,37.4002,-284.373,1936760.0,1936470.0,-60.3909,-278.755,-380.495,4685.43,-45.0801,-41.3495,3755.88,4686.7,54.2911,25.9705,3724.49,4701.8,81.3457,40.491,-9.97523,1.10011e+17,11,V,104.2973,19.93623904,,,,,0.3345575944501386,0.1871241588761625,L,17641378571328.58,LLLYTLLAVLIALLLSLLILI,28407.36493928906,1781.044078938754,16.538758048870257
LLLLVALLLLLTSLLFLLILI,LLLLVALLLLLTILLFLLILI,Left,clash,24.8749,-285.81,1940940.0,1940630.0,-58.9959,-279.25,-381.978,4686.17,-49.6989,-43.7326,3541.59,4633.38,55.8289,10.5814,3536.64,4657.33,69.185,12.0312,-31.8215,1.10011e+16,12,S,119.2406,8.150698649,,,,,0.3014948518314499,0.0805103048331869,L,99999900.0,LLLLLALLFVLTWLLSLLILI,28275.38974078912,1312.1546087374163,19.99996276040393
LLLTYLLLVLLAILLSFLILI,LLLTYLLLVLLAILLIFLILI,Right,clash,24.0311,-282.799,2028340.0,2028040.0,-45.1085,-282.479,-357.269,4689.96,-45.1085,-29.6816,3845.7,4715.98,43.5718,7.01362,3842.81,4711.6,48.4729,6.73019,-7.94812,1.10011e+17,15,S,122.70678,5.406720917,,,,,0.3091672694871883,0.0519851432540667,R,-66.48457418366179,LLLYALLTVLLALLLSFLILI,24703.20797348557,1317.3723159772146,28.986266117688803
LLLLTLLVALLLFLISLLILI,LLLLTLLVALLLFLIILLILI,Left,clash,36.5083,-286.087,2081310.0,2081020.0,-45.0899,-279.275,-372.734,4681.08,-45.0899,-48.3687,3602.75,4675.12,38.8622,8.6434,3600.75,4677.03,47.832,8.11702,-10.2022,1.1011e+16,15,S,121.077,6.663100021,,,,,0.5894959218401736,0.5289452564572439,L,99999900.0,LLLLYLLVALLTILFSLLILI,31826.02847910251,2789.5307287880223,17.62102749043452
LLLYTLLISLLVALLFLLILI,LLLYTLLIILLVALLFLLILI,Right,clash,25.3363,-282.467,2103720.0,2103410.0,-45.0718,-283.805,-355.739,4788.26,-45.0718,-26.8626,3882.31,4815.51,47.5885,7.87611,3882.1,4813.42,52.8158,8.32421,-21.4763,1.10011e+17,8,S,123.45349,5.99720855,,,,,0.3682400102205075,0.174763839552334,R,99999900.0,LLLYFLLAILLAVLLTLLILI,24986.250172022577,917.570416617545,41.21088577745509
LLLAYLLIALLVSLLTLLILI,LLLAYLLIALLVILLTLLILI,Right,clash,30.4315,-280.814,2299180.0,2298880.0,-58.9669,-277.133,-373.324,4609.0,-49.8801,-37.2238,3744.36,4731.48,42.9279,5.46336,3744.01,4736.72,51.9342,5.53039,-5.58676,1.10011e+17,12,S,124.35864,4.208346813,,,,,0.6039046541179576,0.0767854617991331,R,14589317515551.416,LLLAYLLTVLLAFLLSLLILI,25871.49773882906,2052.3749877531177,46.05349702268376
LLLLVALLLTLLALLFILILI,LLLLVALLLTLLALLIILILI,Left,clash,30.0019,-277.55,2601690.0,2601390.0,-58.9316,-274.001,-387.086,4570.85,-49.6014,-54.1533,3692.77,4565.12,46.8143,17.7991,3687.23,4653.89,135.013,21.7859,-15.2796,1.10011e+16,15,F,111.9213,13.72112636,,,,,0.4162258800626093,0.0279167059887328,L,99999900.0,LLLLVALLLLLTALLFSLILI,30777.952577928525,1786.628307860255,35.65222528043787
LLLTALLIALLLSLLFVLILI,LLLTALLIALLLILLFVLILI,Right,clash,25.6255,-279.322,3289200.0,3288900.0,-45.0736,-276.048,-364.568,4611.44,-45.0736,-43.4461,3691.85,4598.67,57.101,13.4689,3689.39,4603.14,65.8792,13.0958,-7.2068,1.10011e+17,12,S,116.3531,10.37489794,,,,,0.2049733572571984,0.1149714356556801,R,-28.34709387835284,LLLTYLLAVLLAILLFLLILI,24344.71524263381,1011.5721408051844,23.98751041747018
LLLLALLVALLSTLLIFLILI,LLLLILLVALLSTLLIFLILI,Right,clash,26.4047,-272.019,3324650.0,3324350.0,-74.3231,-276.728,-384.844,4613.02,-49.6293,-33.7936,3871.05,4651.07,50.4383,31.7463,3871.05,4651.07,50.4383,31.7463,-8.50232,1.10011e+17,4,A,106.7246,22.92872659,,,,,1.7350564398239474,2.2869784178660977,R,99999900.0,LLLLALLVALLFALLSTLILI,29736.46682299156,11120.101675543568,9.88076543142958
LLLFYLLVILLALLLSTLILI,LLLFYLLVILLILLLSTLILI,Right,clash,21.0928,-278.058,3432030.0,3431720.0,-74.1631,-283.516,-378.771,4789.6,-49.5769,-21.0917,3802.46,4750.88,50.5562,3.22206,3802.46,4750.88,50.5562,3.22206,-11.7054,1.10011e+17,11,A,127.04574,2.473412463,,,,,0.248378046638696,0.2488620019512129,R,99999900.0,LLLSYLLFVLLALLLATLILI,24817.00003320081,2367.858334965048,6.067132128886192
LLLLALLVALLFALLSTLILI,LLLLALLVALLFILLSTLILI,Right,clash,20.5246,-272.271,3515000.0,3514690.0,-74.2022,-271.394,-371.233,4599.35,-49.5763,-25.6364,3712.65,4641.47,50.5443,8.1184,3712.65,4641.47,50.5443,8.1184,-15.8282,1.10011e+17,12,A,121.7036,6.253485542,,,,,0.317624479618294,0.0382368138276236,R,13930761111011.104,LLLTALLVALLFALLSLLILI,24728.035579503907,1648.528212360424,24.34920621081862
LLLTLLLAVLLAYLLSFLILI,LLLTLLLAVLLIYLLSFLILI,Right,clash,27.0489,-283.253,3723290.0,3722980.0,-60.4163,-280.436,-365.307,4706.22,-45.0423,-24.4547,3770.15,4685.43,51.183,1.14703,3770.15,4685.43,51.183,1.14703,-13.6633,1.10011e+17,11,A,129.12077,0.880516904,,,,,0.3552543131517107,0.0611393415131731,R,-49.609099882293975,LLLYALLTVLLALLLSFLILI,25012.582971102875,1256.4913799562548,33.39043895209851
LLLYVLLIALLATLLSLLILI,LLLYVLLIALLAILLSLLILI,Right,clash,21.444,-273.65,3746840.0,3746550.0,-60.4527,-277.274,-376.591,4666.9,-45.0594,-38.8642,3986.0,4692.29,56.2936,32.6659,3977.68,4726.16,86.1534,53.5726,-10.2071,1.10011e+17,12,T,97.1561,25.16206806,,,,,0.1643667875174599,0.1811148105949032,R,9824561096905.06,LLLYALLTVLLALLLSFLILI,24257.98839097809,2093.518641444668,3.041631831110028
LLLGTLLVGLLFALLSLLILI,LLLGTLLVGLLFILLSLLILI,GAS,clash,32.5415,-276.525,3973620.0,3973330.0,-60.3757,-271.726,-360.484,4572.33,-45.0039,-28.382,3637.91,4609.79,47.2537,2.97798,3637.91,4609.79,47.2537,2.97798,-20.0944,1.10011e+17,12,A,126.84402,2.293894717,,,,,0.970911276041204,1.1376801394984362,G,99999900.0,LLLTGLLFGLLAILLSLLILI,21452.93622114681,7118.155339668479,261.420283429294
LLLLLLLTILVALLFSLLILI,LLLLILLTILVALLFSLLILI,Left,clash,29.7398,-281.918,4016940.0,4016640.0,-74.2156,-276.741,-382.65,4586.26,-49.8557,-31.6932,3663.03,4618.99,46.5638,15.8438,3653.21,4644.1,93.6338,16.7299,-16.2695,1.10011e+17,4,L,122.6314,11.44161554,,,,,0.3988874270458329,0.0511010862854655,L,12769099211511.75,LLLTSLLAVLLALLFSLLILI,29090.908295297733,1063.1344558489154,29.66508951273298
LLLVALLTILLALLFSLLILI,LLLVILLTILLALLFSLLILI,Left,clash,24.3139,-280.099,4039310.0,4039000.0,-74.2187,-276.701,-387.062,4564.22,-49.8579,-36.1425,3715.19,4643.39,47.3712,14.419,3715.19,4643.39,47.3712,14.419,-15.9385,1.10011e+17,4,A,121.58745,6.663465569,,,,,0.2119505982057495,0.1192096173859819,L,15672106249899.988,LLLTSLLAVLLALLFSLLILI,27862.936404397515,987.734251337646,10.43944854732178
LLLYALLLTLLFILLSVLILI,LLLYALLLILLFILLSVLILI,Right,clash,24.9476,-280.502,4080980.0,4080680.0,-60.5345,-282.593,-369.859,4714.99,-45.1704,-26.7314,4026.81,4817.54,49.3512,11.1235,4016.46,4832.73,74.7645,13.5762,-7.79681,1.10011e+17,8,T,120.2061,8.46991082,,,,,0.0221399600706887,0.1145097023079844,R,-31.21756853126092,LLLYALLTVLLALLLSFLILI,23808.15394429184,1172.3971914753383,8.639960627880692
LLLLFALLALLYVLTSLLILI,LLLLFALLALLYILTSLLILI,Left,clash,34.2424,-281.155,4178350.0,4178050.0,-74.1724,-276.942,-367.637,4574.53,-52.3918,-16.523,3685.55,4758.86,47.2381,40.5991,3657.88,4758.01,65.5247,65.5361,-9.24259,1.1011e+16,12,V,89.2229,31.27289674,,,,,0.1306093391779316,0.0045416339595097,L,99999900.0,LLLLAVLLALLLILLSTLILI,28944.66155319684,2134.263117947712,10.4182885789178
LLLTALLLALLFGLLFSLILI,LLLTALLLALLFILLFSLILI,GAS,clash,31.7849,-283.359,4324350.0,4324050.0,-60.3539,-271.764,-355.325,4629.94,-45.0173,-23.207,3636.28,4696.76,50.8992,0.508435,3638.03,4684.01,31.8159,0.0,-11.773,1.10011e+17,12,G,129.313565,0.391640092,,,,,0.2192389626787417,0.1349773044450607,G,99999900.0,LLLTALLVGLLGGLLFLLILI,20655.6452643066,3171.628680428146,46.33638205122315
LLLAVLLIGLLFGLLSTLILI,LLLAVLLIGLLFILLSTLILI,GAS,clash,26.0683,-270.539,4973980.0,4973690.0,-74.1992,-269.705,-364.685,4572.89,-49.5688,-20.7804,3734.6,4658.68,47.3146,5.66542,3741.17,4647.47,28.3521,1.12846,-13.9917,1.10011e+17,12,G,124.15658,4.363990695,,,,,0.2705804598029618,0.1637793433970981,G,15873991450918.56,LLLTGLLFGLLAILLSLLILI,19390.316722359235,631.4981478179582,56.89519355815298
LLLAYLLGVLLGLLLTFLILI,LLLAYLLIVLLGLLLTFLILI,GAS,clash,29.9778,-278.174,4978870.0,4978570.0,-58.8052,-277.007,-354.201,4644.17,-49.5427,-18.3889,3599.01,4771.1,59.7573,0.0,3599.01,4755.84,40.552,0.0,-18.4709,1.10011e+17,7,G,129.5954,0.0,,,,,0.3969700945271128,0.1444993114871118,G,-53.841139695779496,LLLALLLTVLLGGLLFSLILI,21196.138142621727,1730.0537559262202,73.49839016012746
LLLTYLLTILLAVLLSLLILI,LLLTYLLTILLAVLLILLILI,Right,clash,26.4165,-282.947,5075050.0,5074740.0,-58.859,-280.652,-378.061,4636.92,-49.5044,-38.55,3737.63,4657.9,52.2207,9.40082,3733.36,4658.28,56.6359,9.4387,-12.0153,1.10011e+17,15,S,120.31958,7.246986596,,,,,0.3971468331450172,0.0634414870399849,R,13128923322025.914,LLLTYLLVFLLALLLASLILI,25208.51526588939,1262.0173858775272,37.03715021227431
LLLLLALLLVLTFLLSILILI,LLLLLALLLVLTILLSILILI,Left,clash,30.9319,-280.505,5159360.0,5159060.0,-74.3319,-275.762,-401.788,4574.76,-49.6504,-51.6936,3705.0,4554.6,49.0322,20.3749,3688.61,4672.55,145.016,72.9365,-8.97148,1.10011e+16,12,F,109.4471,15.69448938,,,,,0.2565314026064337,0.1515486867113435,L,-34.77712563215982,LLLLLALLFVLTSLLAILILI,28243.35860660453,998.6992269399404,12.215135753920338
LLLATLLVSLLFTLLILLILI,LLLATLLVILLFTLLILLILI,Right,clash,34.2488,-280.504,5642020.0,5641730.0,-58.9155,-278.925,-373.263,4612.86,-49.6539,-35.4218,3685.21,4640.43,47.708,9.58036,3682.36,4635.51,48.879,10.5748,-16.7836,1.10011e+17,8,S,121.74924,7.294897723,,,,,0.5830124990040894,0.1617204380932725,R,-34.05948576304594,LLLTALLVALLFALLSLLILI,26080.268051320338,2131.7732365177217,39.2704179208406
LLLLYLLTVLLAILFSLLILI,LLLLYLLTVLLAILISLLILI,Left,clash,17.2916,-276.688,5657940.0,5657630.0,-74.243,-278.725,-388.146,4593.08,-49.5215,-35.1782,3908.44,4600.49,48.3004,32.4886,3886.81,4715.19,145.368,70.8412,-11.8701,1.1011e+16,14,F,97.3982,25.01301133,,,,,0.3010943490569087,0.0718163933107838,L,19288746153746.164,LLLTSLLAVLLALLFSLLILI,29930.62100670588,1578.1945625371936,20.46994000886244
LLLYALLTTLLSILLVLLILI,LLLYALLTILLSILLVLLILI,Right,clash,29.717,-280.737,5663330.0,5663030.0,-74.3637,-280.759,-388.911,4671.64,-49.7703,-33.7884,3890.35,4654.48,48.5347,17.9543,3887.5,4676.8,75.9603,32.4778,-6.5038,1.10011e+17,8,T,113.3753,13.67117542,,,,,0.4233488786582066,0.0247893938229074,R,99999900.0,LLLYALLTVLLALLLSFLILI,25094.88972661588,1728.4033300786052,34.004959201006855
LLLLTLLVALLSTLLIFLILI,LLLLTLLVILLSTLLIFLILI,Right,clash,38.1491,-279.315,6074470.0,6074170.0,-74.3082,-280.516,-389.651,4632.65,-49.6266,-34.8267,3788.95,4665.6,48.1353,10.0551,3788.95,4665.6,48.1353,10.0551,-8.48754,1.10011e+17,8,A,121.2745,7.656385156,,,,,1.3509903512472428,0.0600319335282943,R,99999900.0,LLLAYLLVLLLATLLSFLILI,28328.36657981403,3759.717898789065,116.76071326068016
LLLVTLLLGLLFGLLFALILI,LLLVTLLLGLLFILLFALILI,GAS,clash,32.013,-275.89,6090120.0,6089830.0,-44.9466,-275.123,-344.303,4678.49,-44.9466,-24.2335,3642.96,4726.93,54.4842,0.217901,3644.34,4713.22,35.7877,0.0,-19.0276,1.10011e+17,12,G,129.604099,0.167845974,,,,,0.251319522761897,0.0169183832854168,G,-29.8277634111213,LLLATLLVGLLFGLLFLLILI,19381.39880837188,1655.546449283944,35.24478317098879
LLLAALLYVLLSLLFTLLILI,LLLAALLYVLLSLLITLLILI,Left,clash,27.6797,-280.213,6260560.0,6260260.0,-74.3089,-275.612,-381.906,4584.68,-49.6657,-31.9846,3698.83,4593.81,48.2324,26.2279,3682.84,4707.05,145.155,30.0717,-16.6484,1.10011e+17,14,F,103.6589,20.19289104,,,,,0.6165086732454652,0.0461258658512621,L,5349841751366.146,LLLVALLLFLLSLLYTLLILI,30903.80756495216,684.4034855794882,47.74931433456853
LLLAALLYVLLSLLFTLLILI,LLLAALLYVLLILLFTLLILI,Left,clash,27.6703,-283.213,6262100.0,6261800.0,-58.9398,-278.644,-359.962,4642.77,-49.6657,-22.3778,3688.09,4706.8,53.8319,24.5416,3682.84,4707.05,58.5121,24.9153,-16.6484,1.10011e+17,11,S,105.7262,18.8393448,,,,,0.333599907338567,0.2666112217702357,L,99999900.0,LLLTSLLAVLLALLFSLLILI,31720.638280918312,4139.18516289691,11.86406525432421
LLLFALLTILLSLLYVLLILI,LLLFILLTILLSLLYVLLILI,Left,clash,24.1499,-287.397,6476810.0,6476500.0,-74.3733,-283.076,-381.814,4701.82,-54.1488,-24.3645,3723.98,4698.86,42.0516,8.3687,3723.98,4698.86,42.0516,8.3687,-16.7599,1.10011e+17,4,A,130.1065,6.043464823,,,,,0.2040061436965273,0.1688050897145681,L,99999900.0,LLLVALLTILLALLFSLLILI,29795.47907810187,2447.151108717133,6.921889888179631
LLLLALLWFLTSLLYVLLILI,LLLLALLWFLTILLYVLLILI,Left,clash,32.3712,-288.99,6629140.0,6628830.0,-58.7929,-286.284,-366.469,4693.66,-54.0861,-21.392,3760.61,4721.83,44.0873,10.7052,3758.98,4745.49,58.1143,11.5629,-12.8634,1.10011e+17,11,S,119.5626,8.217840479,,,,,0.5325553998610918,0.0043774763266886,L,-34.06789702722654,LLLFALLLILTALLYVLLILI,30278.90440593112,593.1285721335987,43.297941633034846
LLLLLLLLAVLFILLSTLILI,LLLLLLLLAVLFILLITLILI,Left,clash,22.4622,-288.286,6697070.0,6696760.0,-58.8706,-278.842,-380.512,4621.78,-49.6034,-42.7992,3640.81,4709.16,34.8121,5.69811,3639.47,4697.41,36.2117,5.9688,-22.091,1.10011e+16,15,S,124.02229,4.392609027,,,,,0.4584576488445619,0.3348274779164938,L,99999900.0,LLLLLALLLILFVLLSTLILI,31355.10429593161,2331.847403390965,18.129988382424703
LLLTVLLALLLAFLLSILILI,LLLTVLLILLLAFLLSILILI,Right,clash,30.8344,-281.446,6823780.0,6823480.0,-60.3188,-277.769,-379.46,4599.44,-45.0588,-41.3724,3727.9,4621.88,51.5221,10.1225,3727.9,4621.88,51.5221,10.1225,-7.1711,1.10011e+17,7,A,120.80602,7.263329848,,,,,0.1537535439334729,0.021164683573651,R,11742878301369.703,LLLAYLLTVLLAFLLSLLILI,24208.5276272138,1507.2607521647317,11.629475514303635
LLLTALLIALLSVLLFLLILI,LLLTALLIILLSVLLFLLILI,Right,clash,25.7167,-279.283,6960700.0,6960400.0,-60.5356,-278.202,-378.912,4637.24,-45.1292,-40.1745,3776.83,4599.48,50.0732,17.3522,3776.83,4599.48,50.0732,17.3522,-9.7687,1.10011e+17,8,A,116.8614,15.60842664,,,,,0.2977219583368535,0.0645931299690071,R,0.6374280612824038,LLLTYLLAVLLAILLFLLILI,24734.696893112563,1699.9229993966328,21.11987980340522
LLLLALLLFVLTLLLSILILI,LLLLAILLFVLTLLLSILILI,Left,clash,27.1108,-284.1,7480630.0,7480320.0,-74.2451,-277.227,-383.756,4596.18,-49.9413,-32.2844,3629.96,4713.21,50.1715,31.0988,3593.3,4773.36,108.364,55.3969,-18.878,1.10011e+16,5,L,99.196,23.8680285,,,,,0.200760340042833,0.0677439814749374,L,-23.509044268116654,LLLLLALLFVLTSLLAILILI,27731.075204646026,1094.1726707667049,20.33501347564698
LLLLALLLFVLTLLLSILILI,LLLLALLLFVLTLLLIILILI,Left,clash,26.7729,-286.12,7480970.0,7480660.0,-58.9351,-279.288,-379.318,4641.9,-49.9413,-41.0947,3600.17,4773.78,41.5892,13.3988,3593.3,4773.36,48.1166,17.2952,-18.878,1.10011e+16,15,S,116.3216,10.32898449,,,,,0.4608165962615765,0.0024057437535326,L,99999900.0,LLLLLALLFVLTSLLAILILI,30461.92403614226,624.2132201774021,37.5453349924238
LLLFALLTILLAYLLSLLILI,LLLFILLTILLAYLLSLLILI,Right,clash,28.0899,-276.912,7583520.0,7583230.0,-74.1559,-280.553,-374.368,4748.76,-49.8273,-19.6597,3734.74,4760.27,41.0397,16.9662,3734.74,4760.27,41.0397,16.9662,-12.8002,1.10011e+17,4,A,126.53829,2.862956156,,,,,0.3432117379574563,0.0378398601549188,R,-51.76894294688722,LLLYALLTVLLALLLSFLILI,24813.64704123033,1674.5165624321746,26.51676374678649
LLLLYLLIVLLATLLSFLILI,LLLLYLLIVLLATLLIFLILI,Right,clash,21.7657,-274.425,7621030.0,7620730.0,-58.8959,-281.732,-365.035,4686.86,-49.6435,-24.4064,3961.38,4789.62,43.8963,9.61522,3958.47,4793.59,54.3033,9.96979,-5.99972,1.10011e+17,15,S,120.10518,7.412265149,,,,,0.3130722114148249,0.0243844783345122,R,21632188574294.98,LLLYALLTVLLALLLSFLILI,24805.043779419382,1557.8116075287944,24.788518113566344
LLLAVLLITLLFTLLSLLILI,LLLAVLLIILLFTLLSLLILI,Right,clash,22.6354,-275.532,7865800.0,7865500.0,-74.1907,-277.516,-383.22,4597.09,-49.6619,-31.5136,3803.64,4690.24,49.3456,11.1479,3795.38,4701.23,72.1324,13.0059,-14.879,1.10011e+17,8,T,120.1817,8.488490028,,,,,0.3034149560194206,0.1440655782374658,R,-58.64106905578441,LLLAYLLTVLLAFLLSLLILI,24895.5413383114,911.829128106907,33.9600940819518
LLLAALLLSLLFTLLVFLILI,LLLAALLLILLFTLLVFLILI,Right,clash,31.3286,-275.961,8306010.0,8305710.0,-58.9178,-276.76,-356.889,4617.96,-49.6417,-21.2113,3783.69,4810.94,52.814,7.94874,3782.59,4815.16,61.4611,8.17716,-9.60666,1.10011e+17,8,S,123.38086,6.052512153,,,,,0.2505454196304366,0.1433920974330834,R,-26.68672232780029,LLLVALLLALLFALLSTLILI,24610.49895395527,908.9540190234228,29.49008327831826
LLLAGLLFLLLGVLLATLILI,LLLAGLLILLLGVLLATLILI,GAS,clash,24.6735,-263.556,8491240.0,8490940.0,-58.8369,-257.934,-354.97,4524.94,-54.4544,-38.1996,3705.13,4512.54,59.995,18.4461,3694.96,4675.0,161.908,46.6004,-15.1565,1.10011e+17,7,F,111.1493,14.23360706,,,,,0.3034576754861467,0.0502046623251005,G,-6.069533837389957,LLLAGLLFLLLGTLLGSLILI,20099.91070118988,1549.8136761902203,49.91088950561014
LLLWYLLLVLLATLLSFLILI,LLLWYLLLVLLITLLSFLILI,Right,clash,22.8986,-284.681,8719860.0,8719550.0,-74.0443,-287.645,-376.46,4751.51,-49.5458,-14.7704,3955.68,4850.58,53.5049,2.6516,3955.68,4850.58,53.5049,2.6516,-23.088,1.10011e+17,11,A,127.6162,2.035499179,,,,,0.5605877691934573,0.1249250921778121,R,15538532872929.83,LLLYALLTVLLALLLSFLILI,25915.920113767846,2020.278384307656,39.57152945060855
LLLYVLLGLLLGTLLAFLILI,LLLYVLLILLLGTLLAFLILI,GAS,clash,25.6349,-276.665,8836200.0,8835890.0,-58.7144,-278.337,-354.008,4707.47,-57.1528,-16.9566,3721.3,4735.96,58.543,1.29229,3721.3,4717.76,38.1026,1.29229,-25.0517,1.10011e+17,7,G,129.502499,0.167977435,,,,,0.1183271346517958,0.0294345351929445,G,20896141666566.67,LLLAGLLFLLLGTLLGSLILI,18337.117794533504,1671.4098551543889,14.35872025053722
LLLYALLLTLLVALLSILILI,LLLYALLLILLVALLSILILI,Right,clash,23.9327,-276.489,9244910.0,9244610.0,-60.4869,-277.546,-375.716,4705.29,-45.127,-37.6828,3998.24,4715.2,49.2275,13.7218,3984.44,4739.08,78.1453,17.3088,-7.00533,1.10011e+17,8,T,117.6078,10.44836808,,,,,0.3374891281509818,0.1165250291395349,R,-27.156906586216216,LLLYALLTVLLALLLSFLILI,24718.296483011643,1197.9672461038351,35.18347979732665
LLLYFLLVALLLALLSTLILI,LLLYFLLVILLLALLSTLILI,Right,clash,28.4526,-279.938,9700110.0,9699810.0,-74.18,-277.494,-367.527,4702.95,-49.5406,-15.8527,3839.22,4707.2,51.7324,3.78878,3839.22,4707.2,51.7324,3.78878,-8.30723,1.10011e+17,8,A,113.593,12.50096286,,,,,0.1840691760145021,0.1276090554524952,R,19432723350961.49,LLLTALLVALLFALLSLLILI,23867.427991025987,1201.8694567134369,22.98467074158052
LLLLTLLVALLAGLLFSLILI,LLLLTLLVALLAGLLFILILI,GAS,clash,30.9363,-269.856,10001100.0,10000800.0,-44.995,-269.893,-349.291,4622.35,-44.995,-34.4027,3708.86,4649.69,45.0386,7.86081,3708.25,4653.01,53.8513,8.14079,-15.113,1.10011e+17,16,S,121.60199,6.071867749,,,,,0.2532444347983965,0.0684470759894339,G,99999900.0,LLLATLLVGLLFGLLFLLILI,21294.156275400703,3848.496131306294,44.41648688863959
LLLAYLLTVLLAFLLSLLILI,LLLAYLLTVLLAFLLILLILI,Right,clash,22.9822,-275.912,10134200.0,10133900.0,-58.85,-278.039,-355.27,4642.37,-49.5148,-18.3815,3763.48,4742.86,39.8735,8.06656,3761.63,4750.5,51.2094,7.85658,-13.5818,1.10011e+17,15,S,121.65384,6.218420541,,,,,0.5668985464984122,0.0511929929954174,R,-75.57241087297228,LLLYALLTVLLALLLSFLILI,26250.856164280813,1659.921366438206,44.4690099380374
LLLYALLALLLGTLLSFLILI,LLLYALLALLLGTLLIFLILI,GAS,clash,23.8374,-274.274,10324100.0,10323800.0,-58.8208,-276.02,-350.993,4693.96,-56.5922,-16.1524,3852.49,4741.8,44.493,8.01304,3852.73,4750.34,56.2323,8.06984,-18.5403,1.10011e+17,15,S,121.70736,6.177162574,,,,,0.1633862406383402,0.0481865474490752,G,-22.90491089143016,LLLAGLLFLLLGTLLGSLILI,18694.54868547139,1792.3597694794405,19.04112673373443
LLLAYLLLTLLVALLSILILI,LLLAYLLLTLLIALLSILILI,Right,clash,21.4298,-273.429,10332600.0,10332300.0,-74.2089,-276.404,-383.521,4594.61,-49.8362,-32.9084,3815.02,4571.92,54.6245,40.3755,3799.81,4591.47,84.4826,55.0928,-12.0347,1.10011e+17,11,V,101.0427,22.16827656,,,,,5.474831113834762,3.2164069149927355,R,99999900.0,LLLAYLLTVLLAFLLSLLILI,42571.17484986343,18386.401341188925,649.3279528674849
LLLYLLLTVLLAFLLSILILI,LLLYLLLTVLLIFLLSILILI,Right,clash,23.5996,-283.64,10337100.0,10336800.0,-74.2764,-284.98,-377.184,4759.35,-49.6005,-17.9274,4007.09,4816.91,51.1693,7.78892,4007.09,4816.91,51.1693,7.78892,-6.07893,1.10011e+17,11,A,122.47888,5.979159854,,,,,-0.2246378534316968,0.4848254231012794,R,99999900.0,LLLYALLTVLLALLLSFLILI,22924.16398486638,1427.173516581101,9.903138110875211
LLLYVLLATLLGLLLGFLILI,LLLYVLLITLLGLLLGFLILI,GAS,clash,26.6731,-275.032,11146700.0,11146400.0,-58.7168,-277.093,-349.315,4675.64,-57.6464,-13.5047,3934.62,4765.56,63.9723,7.28156,3934.62,4765.56,63.9723,7.28156,-20.1621,1.10011e+17,7,A,122.31384,5.618687083,,,,,0.1751605385464526,0.0339560276456964,G,99999900.0,LLLYSLLALLLGTLLGFLILI,20830.350991937008,4149.057618506672,29.327566852321745
LLLLTLLVGLLFALLYGLILI,LLLLTLLVILLFALLYGLILI,GAS,clash,32.8107,-277.32,11455500.0,11455200.0,-44.9471,-277.105,-344.134,4685.32,-44.9471,-22.0819,3700.35,4676.75,52.8468,8.97089,3716.47,4667.58,36.0449,4.07458,-14.9538,1.10011e+17,8,G,122.35871,6.830821079,,,,,0.2176723602680391,0.0002248347899457,G,-35.91154628533793,LLLATLLVGLLFGLLFLLILI,19183.62805248492,1582.7270464580213,32.028436387070215
LLLLLALLLVLTFLLSILILI,LLLLLALLLVLTFLLIILILI,Left,clash,30.9747,-283.502,11503000.0,11502700.0,-58.9575,-278.694,-380.156,4634.51,-49.6504,-42.5048,3701.15,4674.68,36.5753,10.6543,3688.61,4672.55,42.9692,12.4948,-8.97148,1.10011e+16,15,S,119.0661,8.213280255,,,,,0.1218828378438877,0.0793254749825336,L,99999900.0,LLLLLALLFVLTSLLAILILI,29450.65625202006,3313.744965307717,14.55431040438887
LLLLYLLVILLAFLLSTLILI,LLLLYLLVILLAFLLITLILI,Right,clash,19.8422,-275.46,11733500.0,11733200.0,-58.8821,-281.839,-362.292,4748.67,-49.6187,-21.5711,3866.27,4749.52,43.2067,8.49142,3864.24,4744.86,47.134,7.96133,-14.7859,1.10011e+17,15,S,121.22898,6.545940346,,,,,0.2045260513388814,0.0530718025487441,R,99999900.0,LLLSYLLFVLLALLLATLILI,24300.69229844233,1246.6656979224422,20.282431045752663
LLLLILLLVLTALLFSLLILI,LLLLILLLVLTALLISLLILI,Left,clash,38.3417,-282.815,11818600.0,11818300.0,-74.2102,-275.726,-402.141,4560.62,-49.6248,-52.2045,3692.21,4621.83,46.8421,24.4202,3682.05,4714.71,136.936,29.3656,-14.7833,1.10011e+17,14,F,105.4666,18.80114069,,,,,0.4178915426662386,0.0371745123156453,L,15085417378841.266,LLLTSLLAVLLALLFSLLILI,30817.862885304785,1715.312841950349,32.024509824285
LLLTYLLVALLATLLSLLILI,LLLTYLLVALLITLLSLLILI,Right,clash,33.6165,-285.964,11899900.0,11899600.0,-74.0585,-278.707,-384.49,4604.05,-54.7468,-31.7243,3724.02,4614.89,51.5875,26.1165,3724.02,4614.89,51.5875,26.1165,-7.2254,1.10011e+17,11,A,104.1513,20.04831585,,,,,0.3529989854540142,0.1099256829176522,R,99999900.0,LLLTYLLVFLLALLLASLILI,24842.892208083897,1182.7525258502064,36.0920840082684
LLLTYLLVALLATLLSLLILI,LLLTYLLVALLATLLILLILI,Right,clash,33.6078,-283.934,11900500.0,11900200.0,-58.798,-276.639,-370.093,4608.54,-54.7468,-34.656,3727.15,4610.95,43.8006,5.79026,3724.02,4614.89,53.5783,9.81282,-7.2254,1.10011e+17,15,S,123.93014,4.463646427,,,,,0.1895705979576947,0.1063572755089531,R,13123672896150.344,LLLTYLLVFLLALLLASLILI,24428.754619334075,1055.9649131404412,22.18646899498404
LLLAYLLGVLLGLLLSFLILI,LLLAYLLGVLLILLLSFLILI,GAS,clash,26.6395,-274.221,11984300.0,11984000.0,-60.3304,-275.801,-357.573,4622.67,-51.0102,-21.4421,3683.53,4801.31,49.9673,0.0,3683.53,4783.62,29.6588,0.0,-22.7425,1.10011e+17,11,G,130.2678,0.0,,,,,0.132004148233015,0.0336690963758424,G,19164834606204.387,LLLTYLLAVLLGLLLAFLILI,19124.939779863565,2037.873051096993,22.94299410928032
LLLAVLLLTLLGGLLFALILI,LLLIVLLLTLLGGLLFALILI,GAS,clash,30.9137,-265.568,12092400.0,12092100.0,-58.6781,-268.269,-352.52,4578.8,-50.1172,-25.5728,3741.67,4633.36,50.0705,100.108,3741.67,4633.36,50.0705,100.108,-12.0832,1.10011e+17,3,A,123.79483,4.378068449,,,,,1.24270274354551,1.310129386272172,G,99999900.0,LLLALLLTVLLGGLLFSLILI,27589.244697065034,5664.908598706509,319.3965071975257
LLLLAILLYTLAVLLSLLILI,LLLLAILLYTLIVLLSLLILI,Left,clash,23.1771,-287.701,12199500.0,12199200.0,-74.2179,-279.255,-388.451,4593.8,-49.5455,-34.9783,3652.66,4654.32,51.0608,34.6855,3652.66,4654.32,51.0608,34.6855,-18.2531,1.10011e+16,11,A,95.5823,26.62630366,,,,,2.444085757769616,0.4922670203536963,L,99999900.0,LLLLWILTYLLAVLLFLLILI,40157.5636933469,6478.015387465438,228.33688784572325
LLLLYLLVILLAFLLSTLILI,LLLLYLLVILLIFLLSTLILI,Right,clash,19.8385,-277.491,12701400.0,12701100.0,-74.2757,-284.34,-376.908,4742.53,-49.6187,-18.2922,3864.24,4744.86,53.3784,6.07661,3864.24,4744.86,53.3784,6.07661,-14.7859,1.10011e+17,11,A,124.19119,4.66470609,,,,,0.361446352425777,0.1488375432178388,R,99999900.0,LLLAYLLTVLLAFLLSLLILI,25115.93251947138,2004.4516647652133,21.46800679835126
LLLVALLLLLISLLFTLLILI,LLLVALLILLISLLFTLLILI,Left,clash,38.8344,-281.48,13002600.0,13002300.0,-74.2829,-277.531,-382.49,4652.51,-49.6584,-30.6756,3641.84,4594.41,46.0033,3.04403,3617.38,4633.67,102.684,33.9995,-10.5996,1.10011e+17,7,L,126.55137,2.348871951,,,,,0.4005936178493421,0.1870362652376486,L,-42.5504348826214,LLLVALLTILLALLFSLLILI,29874.411097529177,769.492151124824,21.94410416703141
LLLYFLLTILLAVLLSLLILI,LLLYFLLTILLIVLLSLLILI,Right,clash,23.3448,-281.253,14600200.0,14599900.0,-74.1352,-283.052,-376.375,4740.11,-49.8364,-19.1883,3947.89,4762.7,53.5918,3.66839,3947.89,4762.7,53.5918,3.66839,-14.9437,1.10011e+17,11,A,126.59941,2.816037424,,,,,0.1290516115252827,0.0748588521455922,R,17567670101343.707,LLLYALLTVLLALLLSFLILI,23981.17437705045,1147.5007823135186,15.249086228846773
LLLYFLLTILLAVLLSLLILI,LLLYFLLIILLAVLLSLLILI,Right,clash,23.2607,-278.034,15014000.0,15013700.0,-60.4094,-280.833,-366.386,4724.79,-45.0563,-25.1437,3950.02,4753.97,53.4433,0.0,3947.89,4762.7,75.0291,3.46465,-14.9437,1.10011e+17,7,T,118.5943,8.961155404,,,,,0.1733874829557208,0.0118088693049455,R,99999900.0,LLLYALLTVLLALLLSFLILI,24175.21402642961,1387.9290315141998,15.228372639401291
LLLASLLLALLFVLLYTLILI,LLLAILLLALLFVLLYTLILI,Right,clash,36.1239,-277.696,15494800.0,15494500.0,-58.8922,-273.614,-355.502,4629.63,-49.5951,-22.9956,3727.76,4752.21,54.2607,10.465,3711.73,4754.71,62.8496,10.9572,-23.1349,1.10011e+17,4,S,128.0102,7.557309901,,,,,0.9606954488388412,0.4803731702858159,R,99999900.0,LLLLALLVALLFALLSTLILI,26877.24921780637,2469.3703664460363,108.96218561309804
LLLAFLLVTLLAYLLSLLILI,LLLIFLLVTLLAYLLSLLILI,Right,clash,28.5774,-273.582,15944700.0,15944400.0,-74.0983,-279.841,-371.489,4715.09,-49.5898,-17.5498,3653.34,4675.11,61.1822,82.1596,3653.34,4675.11,61.1822,82.1596,-11.5026,1.10011e+17,3,A,127.46138,2.154346661,,,,,8.121264124608238,0.5262145407549771,R,99999900.0,LLLAYLLTVLLAFLLSLLILI,51925.79403560616,24059.069080789595,649.3279528674849
LLLTALLVALLFALLSLLILI,LLLTALLVALLFILLSLLILI,Right,clash,28.838,-278.95,16220000.0,16219800.0,-60.4342,-274.19,-368.918,4584.39,-45.0688,-34.2936,3703.2,4715.81,55.2652,5.73284,3703.2,4715.81,55.2652,5.73284,-12.8177,1.10011e+17,12,A,124.08916,4.415923341,,,,,0.3971581282422786,0.0773620487405893,R,-19.9556354820426,LLLTYLLAVLLAILLFLLILI,25150.119282119675,1793.168605884361,28.695384978585896
LLLYVLLGILLGLLLAFLILI,LLLYVLLIILLGLLLAFLILI,GAS,clash,28.638,-277.599,16949700.0,16949400.0,-44.9417,-279.178,-350.815,4696.16,-50.7954,-26.6953,3818.98,4753.03,62.6947,1.42503,3818.98,4730.51,40.9406,1.42503,-18.868,1.10011e+17,7,G,128.17037,1.099599214,,,,,0.3018408668477655,0.127405927782044,G,13641320956749.668,LLLFVLLTILLGALLSLLILI,19612.72214105388,2272.7426064405527,31.17997699584351
LLLTYLLAVLLGLLLAFLILI,LLLTYLLAVLLILLLAFLILI,GAS,clash,28.2116,-281.63,16961300.0,16961000.0,-44.9868,-278.406,-350.832,4662.25,-48.1769,-27.4397,3743.51,4697.81,54.6417,0.0,3743.51,4679.26,34.1105,0.0,-17.912,1.10011e+17,11,G,130.2678,0.0,,,,,0.1179504688669768,0.0383170478478819,G,99999900.0,LLLTYLLAVLLGLLLAFLILI,18263.26769649856,1696.943409610748,13.37840841162966
LLLALLLGALLGTLLSFLILI,LLLALLLGALLITLLSFLILI,GAS,clash,27.6927,-268.269,17408200.0,17407900.0,-73.9598,-269.199,-369.809,4545.2,-55.3595,-26.6507,3693.61,4570.88,59.6096,10.7725,3694.83,4547.02,37.0063,7.72194,-16.3762,1.10011e+17,11,G,119.4953,8.269503285,,,,,0.2310290182776229,0.013204570188268,G,4.118293094311243,LLLYALLALLLGTLLSFLILI,20125.65722518524,2488.8315147415133,32.643727255053925
LLLYALLIALLFTLLVLLILI,LLLYALLIALLFILLVLLILI,Right,clash,24.5418,-279.626,17854000.0,17853700.0,-45.0841,-280.551,-352.476,4805.81,-45.0841,-26.8412,3962.47,4711.03,38.4244,4.08332,3956.54,4718.21,62.1735,4.50656,-11.3564,1.10011e+17,12,T,125.73868,3.145322056,,,,,0.231166375130659,0.198893097938145,R,-34.226511455339214,LLLTALLVALLFALLSLLILI,24395.24528832205,737.2299887783508,31.15472607586167
LLLYALLLALLFSLLVTLILI,LLLYALLLALLFILLVTLILI,Right,clash,24.3007,-278.614,17877400.0,17877100.0,-58.8701,-278.118,-356.761,4713.1,-49.5814,-19.7736,3836.39,4755.72,43.1883,3.99485,3835.53,4757.58,51.4869,4.21275,-12.0058,1.10011e+17,12,S,125.82715,3.077174901,,,,,0.3666580099213101,0.165100313815332,R,-2.433782405837766,LLLTALLVALLFALLSLLILI,24948.65289025713,2123.7397702655003,20.941127191865768
LLLTALLIALLFVLLSLLILI,LLLTALLIILLFVLLSLLILI,Right,clash,29.5994,-281.121,17891700.0,17891400.0,-60.468,-278.214,-376.775,4638.23,-45.1129,-38.0924,3743.24,4676.29,50.1979,3.24539,3743.24,4676.29,50.1979,3.24539,-13.7653,1.10011e+17,8,A,124.7361,9.921704392,,,,,0.3362748081049558,0.0794479049823716,R,-41.064124539979375,LLLTALLVALLFALLSLLILI,24848.204446270367,1221.1547997342986,32.884881543447605
LLLTGLLYVLLGLLLAFLILI,LLLTILLYVLLGLLLAFLILI,GAS,clash,28.4351,-279.202,19036400.0,19036100.0,-44.9993,-276.286,-347.856,4585.55,-51.2664,-26.5713,3734.14,4704.62,53.9932,1.00959,3736.14,4688.95,34.2857,0.0,-8.61349,1.10011e+17,4,G,137.46561,0.729076398,,,,,0.3956956375924843,0.118963796645431,G,19084990908990.9,LLLTYLLAVLLGLLLAFLILI,20132.2125332182,960.6926723325088,70.65196725086606
LLLAYLLGVLLGLLLAFLILI,LLLAYLLGVLLGLLLIFLILI,GAS,clash,26.641,-271.011,19108100.0,19107800.0,-45.02,-272.59,-339.538,4591.16,-51.0102,-21.9282,3626.26,4687.19,45.4954,13.1735,3626.26,4687.19,45.4954,13.1735,-23.2275,1.10011e+17,15,A,128.859678,0.663520927,,,,,0.3214330223052927,0.0162480239430721,G,-13.337293570110154,LLLALLLTVLLGGLLFSLILI,20064.87396802624,1570.681202526359,49.02215543635905
LLLAYLLVALLTLLLSFLILI,LLLAYLLVALLILLLSFLILI,Right,clash,21.808,-274.123,19396800.0,19396500.0,-60.4123,-277.03,-361.835,4624.17,-45.0956,-24.3929,3861.89,4613.93,48.5647,9.93835,3850.65,4629.56,73.7689,14.9382,-13.5001,1.10011e+17,11,T,120.32945,7.629168528,,,,,1.9127143667424096,2.0517273541906467,R,99999900.0,LLLYALLTVLLALLLSFLILI,30444.81744992973,10530.030675697471,38.70608433413686
LLLLTLLVGLLFALLSTLILI,LLLLTLLVGLLFALLITLILI,GAS,clash,25.3672,-272.035,19773200.0,19772900.0,-58.7905,-273.32,-359.087,4616.19,-49.5093,-26.9765,3648.61,4673.45,36.2136,16.3228,3640.95,4661.27,37.8995,16.951,-24.7927,1.10011e+17,15,S,113.3976,12.58306327,,,,,0.6004744337455378,0.2149805602780091,G,19288746153746.164,LLLASLLVGLLFLLLGLLILI,22423.579893179623,2980.0614826502983,66.03492535642008
LLLTVLLALLLAFLLSILILI,LLLTVLLALLLIFLLSILILI,Right,clash,30.5529,-281.455,20959500.0,20959200.0,-60.3188,-277.801,-379.353,4608.43,-45.0588,-41.2337,3727.9,4621.88,52.1529,9.46178,3727.9,4621.88,52.1529,9.46178,-7.1711,1.10011e+17,11,A,120.80602,7.263329848,,,,,0.2324381468429466,0.1090319427534091,R,-40.40834562747978,LLLYLLLTVLLAFLLSILILI,24486.41376569601,1036.576931788565,25.936953208706413
LLLVALLIALLLTLLSLLILI,LLLVALLIALLLTLLILLILI,Right,clash,25.4968,-275.313,21035700.0,21035400.0,-58.9065,-274.32,-388.715,4601.03,-49.6449,-55.4879,3807.09,4556.58,41.9521,18.6631,3804.79,4562.07,51.8139,28.1299,-5.41756,1.10011e+17,15,S,111.0573,14.38717426,,,,,1.0636618700253224,0.6246888175804705,R,99999900.0,LLLTALLVALLFALLSLLILI,27862.75647278437,4235.455325010211,52.1143446731432
LLLVALLIALLLTLLSLLILI,LLLVALLIALLLILLSLLILI,Right,clash,25.4954,-274.133,21047100.0,21046800.0,-60.5085,-273.336,-392.376,4584.58,-45.1398,-58.5323,3816.12,4549.9,47.5264,18.7038,3804.79,4562.07,70.9862,26.9145,-5.41756,1.10011e+17,12,T,111.1182,14.40726533,,,,,0.4712469794648685,0.0731152238798273,R,99999900.0,LLLTALLVALLFALLSLLILI,25577.02199221279,1769.0551986290998,35.155152877517295
LLLYVLLTALLFALLSLLILI,LLLYVLLTILLFALLSLLILI,Right,clash,22.0023,-278.952,21214400.0,21214100.0,-74.216,-281.462,-373.011,4700.54,-49.5782,-17.3339,3892.52,4808.15,51.2987,6.03915,3892.52,4808.15,51.2987,6.03915,-10.0167,1.10011e+17,8,A,126.69875,2.405794087,,,,,0.1350346213106467,0.0158915304472378,R,-23.51954131419573,LLLYALLTVLLALLLSFLILI,24092.23608280236,1483.6438878775136,10.373395612092509
LLLLFLLLAILYVLLSTLILI,LLLLFLLLAILYVLLITLILI,Left,clash,20.6058,-292.088,22447100.0,22446700.0,-58.8626,-280.753,-364.543,4633.84,-55.107,-24.9274,3615.99,4703.26,43.1142,19.8554,3614.9,4706.32,52.478,19.8065,-34.6086,1.10011e+16,15,S,109.865,15.30630495,,,,,1.414793628090606,1.01403204990254,L,99999900.0,LLLLLALLLILFVLLSTLILI,39683.84010927564,6976.187575523302,57.061480670683686
LLLTALLAGLLFLLLSVLILI,LLLTILLAGLLFLLLSVLILI,GAS,clash,33.3683,-275.28,22738500.0,22738200.0,-60.3184,-272.17,-365.356,4611.12,-45.7558,-32.8679,3667.29,4644.23,65.4692,21.347,3667.29,4644.23,65.4692,21.347,-11.4684,1.10011e+17,4,A,117.1282,15.41575676,,,,,0.2357047539389634,0.1027104158963423,G,-14.309007674535938,LLLTGLLFGLLAILLSLLILI,19100.54766769648,942.7231555925798,45.40130575957089
LLLTYLLAILLGLLLGFLILI,LLLTYLLAILLGLLLIFLILI,GAS,clash,22.8602,-278.914,23368800.0,23368500.0,-44.9626,-278.708,-352.196,4650.59,-48.3124,-28.5257,3619.7,4612.42,43.5583,13.6513,3646.38,4606.61,24.8725,21.8815,-17.9908,1.10011e+17,15,G,116.0691,10.52363391,,,,,0.2362249193736832,0.1151409701557815,G,99999900.0,LLLYSLLALLLGTLLGFLILI,20046.519968591405,1978.099282001329,46.77217026030993
LLLLTLLVALLAGLLFSLILI,LLLLTLLVALLAILLFSLILI,GAS,clash,30.8581,-273.085,25925500.0,25925200.0,-60.3111,-269.34,-364.637,4628.65,-44.995,-34.9858,3691.68,4666.2,53.0267,21.0849,3708.25,4653.01,33.7076,8.71239,-15.113,1.10011e+17,12,G,108.7371,16.24139206,,,,,0.2426244340841781,0.0631629472572975,G,-46.06162492930143,LLLATLLVGLLFGLLFLLILI,20793.32034457357,3174.335955828269,42.30252747777659
LLLYTLLATLLFLLLSVLILI,LLLYTLLAILLFLLLSVLILI,Right,clash,35.3987,-284.082,26612000.0,26611700.0,-60.4203,-281.758,-366.233,4717.2,-45.1207,-24.054,3927.58,4861.9,55.3975,5.1781,3924.09,4889.61,80.8141,5.84366,-12.4425,1.10011e+17,8,T,126.1515,3.942827816,,,,,0.293210986990185,0.042509434715505,R,-25.64136923818613,LLLYALLTVLLALLLSFLILI,24745.07980080588,1299.1385103511964,27.08779585879998
LLLLWALLFVLATLLSLLILI,LLLLWILLFVLATLLSLLILI,Left,clash,45.6358,-289.38,26787200.0,26786900.0,-74.2018,-280.723,-383.213,4607.8,-49.6843,-28.288,3652.96,4656.6,33.8153,86.031,3652.96,4656.6,33.8153,86.031,-10.1018,1.10011e+16,5,A,115.1401,11.61277,,,,,0.1889375056654942,0.0545166883090145,L,-71.42284456913302,LLLLAVLLFLLATLISLLILI,27928.56505299077,499.5176470294508,12.29839241550607
LLLLWALLFVLATLLSLLILI,LLLLWALLFVLITLLSLLILI,Left,clash,43.8456,-289.601,26787800.0,26787500.0,-74.2018,-281.885,-381.992,4650.39,-49.6843,-25.9055,3652.96,4656.6,48.5061,15.1277,3652.96,4656.6,48.5061,15.1277,-10.1018,1.10011e+16,11,A,115.1401,11.61277,,,,,0.4293522705256281,0.3588282585548976,L,19153648817317.625,LLLLLALLFVLTSLLAILILI,29139.80435339768,2107.201763872601,55.86077997204305
LLLYVLLGTLLGFLLSLLILI,LLLYVLLITLLGFLLSLLILI,GAS,clash,32.92,-276.381,27493800.0,27493500.0,-74.0677,-280.304,-368.035,4703.73,-51.564,-13.6641,3611.89,4680.26,63.1814,0.464563,3611.89,4657.08,41.075,0.464563,-13.5466,1.10011e+17,7,G,129.130837,0.358471828,,,,,0.3197988379910216,0.1644779813945865,G,99999900.0,LLLFVLLTILLGALLSLLILI,21895.92447301297,3897.685132195381,64.21524959449259
LLLTYLLTILLAVLLSLLILI,LLLTYLLTILLIVLLSLLILI,Right,clash,26.4149,-284.977,31191700.0,31191400.0,-74.2037,-282.7,-392.337,4643.93,-49.5044,-35.4333,3733.36,4658.28,55.8539,4.00121,3733.36,4658.28,55.8539,4.00121,-12.0153,1.10011e+17,11,A,126.26659,3.071526502,,,,,0.3234166741674747,0.07135084649546,R,12426646861207.21,LLLAYLLTVLLAFLLSLLILI,24795.34878221297,1240.677181025375,31.32770102049917
LLLTFLLAILLGLLLGVLILI,LLLTFLLAILLILLLGVLILI,GAS,clash,38.0517,-279.737,32050200.0,32049900.0,-44.9832,-272.297,-355.043,4636.58,-44.9832,-37.7634,3448.38,4626.58,58.5308,0.0,3448.38,4608.95,38.2188,0.0,-16.1931,1.10011e+17,11,G,130.2678,0.0,,,,,0.3348488063162845,0.0997712543579175,G,-33.8086394497429,LLLTYLLAVLLGLLLAFLILI,19831.095588903663,996.0939539253114,59.69405533329753
LLLVYLLTILLALLLSFLILI,LLLVYLLTILLALLLIFLILI,Right,clash,21.945,-278.232,32527300.0,32527000.0,-58.8477,-281.704,-366.591,4668.64,-49.5123,-26.04,3795.02,4800.16,46.7611,20.4056,3792.48,4804.11,55.2744,20.9379,-15.495,1.10011e+17,15,S,109.3148,15.73044795,,,,,0.3562010633558865,0.0296120333281203,R,99999900.0,LLLYALLTVLLALLLSFLILI,24969.390097753923,1603.345829769013,28.09268533847767
LLLVYLLIALLLTLLSLLILI,LLLVYLLIALLLTLLILLILI,Right,clash,23.7068,-280.075,33509400.0,33509100.0,-58.8656,-280.69,-383.666,4673.08,-49.5839,-44.1096,3806.34,4738.68,54.4478,15.4968,3804.43,4741.87,63.8603,27.9998,-14.0884,1.10011e+17,15,S,114.2236,11.94630914,,,,,1.465248680165781,0.1031709880088409,R,99999900.0,LLLSYLLVFLLATLLSLLILI,28843.9068798483,3833.7352894227074,128.89080226493002
LLLYFLLVLLLATLLSILILI,LLLYFLLILLLATLLSILILI,Right,clash,30.3522,-280.328,35363000.0,35362700.0,-74.0893,-283.097,-374.115,4733.9,-49.5758,-16.9293,3900.74,4734.02,51.0823,0.0,3899.02,4755.09,73.7271,3.41378,-11.9856,1.10011e+17,7,V,129.5954,0.0,,,,,0.1822435118394707,0.1750765466451643,R,99999900.0,LLLYALLTVLLALLLSFLILI,23646.346549021768,1338.3894887151534,25.644175838398446
LLLYALLLALLVSLLTILILI,LLLYALLLALLVILLTILILI,Right,clash,25.1969,-277.588,35667400.0,35667100.0,-58.9303,-278.695,-373.403,4682.43,-49.8716,-35.7772,3903.94,4677.09,46.2966,10.3793,3903.82,4681.74,54.896,10.6864,-9.70532,1.10011e+17,12,S,119.4427,7.995023956,,,,,0.327755126989907,0.0364115861948712,R,-10.037052273647337,LLLVALLLALLFALLSTLILI,24701.378681181777,1435.2365409541878,29.621057247975248
LLLVTLLLSLLAGLLFALILI,LLLVTLLLILLAGLLFALILI,GAS,clash,31.4146,-270.63,37342700.0,37342400.0,-44.9492,-270.023,-351.304,4603.9,-44.9492,-36.3321,3701.38,4536.29,58.1138,15.7331,3696.18,4534.81,63.9801,16.1651,-14.6316,1.10011e+17,8,S,115.5965,11.97985831,,,,,0.3869191797706975,0.2031952327544397,G,99999900.0,LLLATLLVGLLFGLLFLLILI,20325.86614488681,482.9964918362269,78.1298396991899
LLLTVLLAILLGLLLGFLILI,LLLTVLLAILLILLLGFLILI,GAS,clash,29.0076,-276.995,39174600.0,39174400.0,-44.964,-274.754,-359.778,4615.89,-47.2751,-40.0597,3608.81,4582.04,59.036,0.0,3608.81,4563.2,38.3542,0.0,-17.5194,1.10011e+17,11,G,130.2678,0.0,,,,,0.271852181709463,0.101356228746541,G,-43.30302698571413,LLLYSLLALLLGTLLGFLILI,19599.517355513297,1080.4765638892186,50.58294844382425
LLLAALLFSLLTTLLVLLILI,LLLAALLFILLTTLLVLLILI,Right,clash,26.3449,-274.617,39821000.0,39820700.0,-72.7651,-274.846,-374.187,4587.45,-54.4034,-26.5764,3764.57,4671.1,49.6291,3.12652,3764.23,4673.93,58.4341,3.2889,-9.57001,1.10011e+17,8,S,128.20308,2.380666659,,,,,0.3449640751614093,0.00200033825255,R,-18.27469895917769,LLLFALLTILLAYLLSLLILI,25028.39159423334,1449.6350830429274,29.02415832388627
LLLLVLLATLLGGLLSILILI,LLLLVLLATLLIGLLSILILI,GAS,clash,21.0788,-266.093,40150000.0,40149700.0,-73.9676,-270.079,-385.986,4551.21,-50.2892,-41.9401,3795.75,4570.52,53.33,11.0883,3797.71,4550.37,31.7025,7.95128,-5.80888,1.10011e+17,11,G,119.1795,8.511926969,,,,,1.3367574634655903,1.525572718469197,G,99999900.0,LLLAVLLIGLLFGLLSTLILI,27408.90753216101,6639.665086385393,355.67787913596675
LLLAFLLGTLLGLLLSVLILI,LLLAFLLGTLLILLLSVLILI,GAS,clash,31.4863,-269.665,40449400.0,40449100.0,-74.0774,-272.476,-371.004,4618.39,-58.9579,-24.4499,3533.91,4580.09,49.9469,0.0,3533.91,4565.03,29.9134,0.0,-31.4308,1.10011e+17,11,G,130.2678,0.0,,,,,0.8820213785111334,1.7206408310322463,G,99999900.0,LLLTALLAGLLFLLLSVLILI,24407.47413425834,8066.158907137315,309.02936496160294
LLLTALLIGLLFGLLVLLILI,LLLTALLIILLFGLLVLLILI,GAS,clash,33.4886,-282.243,40472100.0,40471800.0,-44.9826,-274.906,-357.031,4652.83,-44.9826,-37.1424,3677.31,4651.53,60.7861,10.413,3693.01,4636.71,41.6406,3.42816,-12.4399,1.10011e+17,8,G,120.9166,7.928905593,,,,,0.2382898994040196,0.0610695212491573,G,-23.9809440075902,LLLATLLVGLLFGLLFLLILI,19724.07797794969,1648.972288434674,41.44630756678424
LLLTALLVGLLGLLLGFLILI,LLLTALLVGLLILLLGFLILI,GAS,clash,28.317,-273.436,40868000.0,40867700.0,-44.921,-269.854,-347.769,4580.24,-44.921,-32.9941,3823.66,4606.65,56.0277,19.9025,3829.34,4594.78,38.3549,14.4677,-6.9713,1.10011e+17,11,G,110.3653,15.27814241,,,,,0.4298270672231338,0.0288060498924629,G,-23.1858685333559,LLLASLLVGLLFLLLGLLILI,21034.46458182491,1624.8105865942257,66.29051845359058
LLLAALLLSLLFTLLVYLILI,LLLAALLLSLLFTLLIYLILI,Right,clash,30.5676,-278.456,41847800.0,41847500.0,-74.2029,-278.089,-371.874,4622.38,-52.4444,-19.5822,3736.01,4755.38,35.0228,7.74968,3725.58,4748.24,53.9745,3.0361,-9.29048,1.10011e+17,15,V,121.97072,5.974141307,,,,,5.85497329643299,3.731233766242166,R,99999900.0,LLLVALLLALLFALLSTLILI,44238.90938778642,23206.018774844088,269.5285224416254
LLLYVLLFLLLGALLGTLILI,LLLYVLLFLLLGALLITLILI,GAS,clash,30.3329,-277.418,45090400.0,45090100.0,-58.7437,-277.963,-354.553,4709.15,-58.3442,-17.8462,3866.61,4801.34,49.4017,6.29764,3868.07,4783.97,27.3297,3.75547,-10.102,1.10011e+17,15,G,123.42276,4.854779973,,,,,0.1378661592914628,0.0365283727837653,G,18998407692207.707,LLLFVLLTILLGALLSLLILI,18628.50095676054,1784.020137082562,16.497193528892893
LLLVALLALLLGTLLSFLILI,LLLVALLALLLGTLLIFLILI,GAS,clash,19.4548,-267.332,46238900.0,46238600.0,-58.8078,-270.097,-359.507,4590.63,-56.3051,-30.6022,3674.89,4597.5,46.5684,10.1278,3674.32,4592.21,48.5573,9.97378,-22.2201,1.10011e+17,15,S,119.5926,7.807407316,,,,,0.142933353800302,0.1473601993740135,G,-99.99961118047024,LLLAGLLFLLLGTLLGSLILI,22734.07621448334,7780.372546072733,36.38983328179366
LLLVALLLTLLGGLLFALILI,LLLVALLLTLLGGLLFILILI,GAS,clash,20.2149,-264.964,46625300.0,46625000.0,-58.7189,-268.738,-353.459,4597.77,-52.0964,-26.0021,3719.71,4484.54,43.7542,10.8559,3719.71,4484.54,43.7542,10.8559,-18.617,1.10011e+17,16,A,118.6069,8.385343126,,,,,0.3751368107828311,0.1359007934742571,G,-99.99954048601028,LLLALLLTVLLGGLLFSLILI,22004.12051549609,3346.895383564613,69.38820118986334
LLLYALLTILLTFLLSLLILI,LLLYALLTILLIFLLSLLILI,Right,clash,22.7481,-281.921,47403000.0,47402700.0,-74.1371,-283.252,-373.344,4772.74,-49.7636,-15.9554,3894.26,4729.69,51.7446,18.8991,3875.32,4750.14,78.5746,26.6919,-14.4478,1.10011e+17,11,T,111.3687,14.50788299,,,,,0.0815452793604362,0.0565642821058113,R,-50.45100798117902,LLLYALLTVLLALLLSFLILI,23794.929097397788,1625.4077708041389,3.481463501193443
LLLLLALLLILVTLLSFLILI,LLLLLALLLILVTLLIFLILI,Left,clash,29.8465,-284.898,47410900.0,47410600.0,-58.9301,-278.892,-380.493,4645.4,-49.8571,-42.6708,3712.96,4736.6,43.4053,9.14682,3708.19,4733.39,49.5745,12.4666,-10.8378,1.10011e+16,15,S,120.57358,7.051180847,,,,,0.2927782033284734,0.0697222964902505,L,99999900.0,LLLLLALLLILFVLLSTLILI,30171.63536588392,2100.932620140592,19.910958157698094
LLLLLLLLAVLYTLLSFLILI,LLLLLLLLIVLYTLLSFLILI,Left,clash,27.4896,-290.628,47705100.0,47704800.0,-74.1585,-283.724,-385.667,4631.88,-56.9365,-27.785,3725.71,4750.56,49.7507,16.6859,3725.71,4750.56,49.7507,16.6859,-14.8098,1.10011e+16,8,A,114.6437,12.70536117,,,,,0.3516437884793599,0.2289720645845276,L,12348964999900.008,LLLLALLLFVLTWLLSLLILI,28939.27596099365,1354.2407595799662,15.51615084055323
LLLTALLVGLLGLLLGFLILI,LLLTALLVGLLGLLLIFLILI,GAS,clash,28.3117,-273.436,49166500.0,49166300.0,-44.921,-269.808,-348.992,4559.9,-47.009,-34.2633,3799.53,4600.4,43.5259,19.0467,3829.34,4594.78,24.578,21.9482,-6.9713,1.10011e+17,15,G,110.6737,14.68288719,,,,,0.2513542045377606,0.0385554961981934,G,24.33886961621848,LLLASLLVGLLFLLLGLLILI,19783.6051045775,2022.08676122682,32.99703065386702
LLLTYLLFTLLALLLSVLILI,LLLTYLLFILLALLLSVLILI,Right,clash,27.1488,-282.178,49226500.0,49226200.0,-60.377,-275.291,-360.681,4643.58,-45.0707,-25.0137,3691.81,4723.2,46.0851,18.8918,3675.87,4733.14,68.9989,30.6614,-17.4432,1.10011e+17,8,T,112.4378,14.3850282,,,,,0.469361233351802,0.0607523691757185,R,14247907953283.691,LLLYALLTVLLALLLSFLILI,25301.478347043936,1482.650298504126,42.928892259558765
LLLVLLLATLLGSLLGTLILI,LLLVLLLATLLISLLGTLILI,GAS,clash,25.2479,-267.555,52955400.0,52955100.0,-87.858,-267.576,-388.857,4539.19,-58.4654,-33.4229,3624.92,4449.58,62.8746,12.1463,3626.34,4427.68,41.1648,9.16827,-7.11869,1.10011e+17,11,G,118.1215,9.324100046,,,,,1.8261949767752232,2.6417640428959817,G,99999900.0,LLLAALLALLLGVLLGTLILI,30161.472801132328,12832.365464044484,543.9646367544674
LLLYILLFALLTVLLSLLILI,LLLYILLFALLTVLLILLILI,Right,clash,21.0585,-279.455,55523700.0,55523400.0,-58.9622,-282.698,-366.552,4735.31,-49.7418,-24.8921,4002.53,4806.58,39.1769,17.9926,3996.44,4803.23,45.219,23.1765,-9.41616,1.10011e+17,15,S,111.7278,13.87029334,,,,,-0.0997208790351744,1.238525629329212,R,99999900.0,LLLYFLLAILLAVLLTLLILI,22889.158865413,3169.025034855657,65.02761285793484
LLLYILLFALLTVLLSLLILI,LLLYILLFILLTVLLSLLILI,Right,clash,21.0811,-281.486,56307000.0,56306700.0,-74.2897,-284.793,-381.798,4719.53,-49.8549,-22.7148,3996.44,4803.23,52.4418,6.90149,3996.44,4803.23,52.4418,6.90149,-9.41616,1.10011e+17,8,A,124.42811,5.255091008,,,,,-0.0015196248574943,0.0404942527987423,R,99999900.0,LLLYFLLAILLAVLLTLLILI,23739.286610130337,1446.6047359307358,2.2719796686292355
LLLTYLLTVLLAFLLSLLILI,LLLTYLLTVLLAFLLILLILI,Right,clash,23.8242,-283.609,58587200.0,58586900.0,-58.8354,-281.65,-359.853,4675.64,-49.5179,-19.3673,3771.38,4716.68,41.0924,6.69634,3769.12,4722.16,50.9528,6.496,-16.736,1.10011e+17,15,S,123.02406,5.162133327,,,,,0.4054945355636449,0.0075245878777155,R,6634677132994.172,LLLYALLTVLLALLLSFLILI,25046.47242629476,1584.1508171925168,34.423513885210035
LLLTYLLTVLLAFLLSLLILI,LLLTYLLTVLLIFLLSLLILI,Right,clash,23.8176,-285.64,59256000.0,59255700.0,-74.0415,-283.7,-373.846,4719.72,-49.5179,-16.1048,3769.12,4722.16,50.8212,9.03916,3769.12,4722.16,50.8212,9.03916,-16.736,1.10011e+17,11,A,121.22864,6.938905854,,,,,0.2764382617917989,0.0741651119029701,R,16819199876029.926,LLLYALLTVLLALLLSFLILI,24518.684277094624,1244.3102304162574,27.55797772584674
LLLYALLTTLLSVLLFLLILI,LLLYALLTILLSVLLFLLILI,Right,clash,22.2917,-278.614,60134600.0,60134300.0,-74.3508,-281.808,-372.858,4714.41,-49.7648,-16.6986,3949.55,4725.32,50.7694,23.4969,3947.44,4748.15,78.3228,44.8046,-10.8891,1.10011e+17,8,T,107.8327,17.8915492,,,,,0.7656152483066444,0.5713095389007636,R,99999900.0,LLLYALLTVLLALLLSFLILI,26475.447216019405,3907.855054788644,30.30283146500356
LLLVTLLFSLLGALLSLLILI,LLLVILLFSLLGALLSLLILI,GAS,clash,32.4452,-268.156,61564400.0,61564100.0,-75.6823,-270.269,-374.961,4536.36,-55.2493,-29.0102,3659.2,4518.31,45.4076,17.49,3634.87,4537.26,73.1056,15.0249,-17.6448,1.10011e+17,4,T,120.9852,12.63042047,,,,,0.1722347605493258,0.1926367493619295,G,99999900.0,LLLTGLLFGLLAILLSLLILI,20716.64995484572,4474.153273211112,5.303878638710558
LLLALLLGVLLGTLLSFLILI,LLLALLLGVLLITLLSFLILI,GAS,clash,25.0488,-268.72,63279900.0,63279600.0,-74.0352,-268.778,-370.441,4574.72,-55.8189,-27.6279,3700.04,4589.46,52.9163,0.0,3700.04,4569.09,31.5691,0.0,-26.0043,1.10011e+17,11,G,130.2678,0.0,,,,,0.2056372133453241,0.0706954235430469,G,-25.12176492806969,LLLALLLTVLLGGLLFSLILI,18576.52589346402,1158.788161344991,37.6405112196623
LLLLALLWFLTSLLYVLLILI,LLLLILLWFLTSLLYVLLILI,Left,clash,38.7811,-290.112,63804300.0,63804000.0,-74.2184,-287.719,-379.186,4681.58,-54.0861,-17.2489,3758.98,4745.49,32.9649,13.845,3758.98,4745.49,32.9649,13.845,-12.8634,1.10011e+17,4,A,124.6302,9.99818018,,,,,2.545922223411454,0.4060973056409248,L,99999900.0,LLLFALLLILTALLYVLLILI,40737.03201005521,6862.038583554812,231.6820207447413
LLLALLLVTLLFILLSLLILI,LLLALLLVILLFILLSLLILI,Right,clash,25.1337,-276.852,67990800.0,67990500.0,-60.4855,-277.962,-382.272,4625.68,-45.1237,-43.8243,3867.25,4663.83,48.0886,14.3938,3841.79,4684.22,74.4558,14.3393,-7.61051,1.10011e+17,8,T,116.9358,10.96005775,,,,,0.2505390260964094,0.0424515943326444,R,-53.64755902115886,LLLAYLLTVLLAFLLSLLILI,24682.98185926593,1281.7594541052176,23.508749475606614
LLLFALLTILLYLLAVLLILI,LLLFALLIILLYLLAVLLILI,Left,clash,25.8819,-281.859,70447800.0,70447500.0,-45.0804,-278.39,-351.276,4789.97,-45.0804,-27.8065,3758.16,4768.91,29.5316,13.362,3743.02,4755.73,42.0856,15.1435,-8.49197,1.10011e+17,7,T,116.2334,10.31055115,,,,,0.3771613754539077,0.0551084786695874,L,8854473779625.082,LLLVALLLILTFLLASLLILI,29646.08204342213,178.96857660797514,27.656657148232043
LLLFALLTILLYLLAVLLILI,LLLFALLTILLYLLIVLLILI,Left,clash,25.8653,-285.084,70452100.0,70451800.0,-58.9355,-281.677,-366.356,4758.36,-49.7254,-25.7434,3743.02,4755.73,44.708,19.1513,3743.02,4755.73,44.708,19.1513,-8.49197,1.10011e+17,14,A,110.7355,14.74460838,,,,,0.4882055813118106,0.2832255675777055,L,16581763099149.084,LLLVALLTILLALLFSLLILI,30072.120534105983,1575.7055933891563,23.5466050488548
LLLYTLLATLLVLLLSFLILI,LLLYTLLAILLVLLLSFLILI,Right,clash,28.6549,-281.82,70852900.0,70852600.0,-60.402,-281.772,-367.366,4700.03,-45.1049,-25.1915,3867.52,4711.26,40.6636,16.81,3859.38,4716.0,61.0676,24.0162,-12.3464,1.10011e+17,8,T,114.5196,12.79985624,,,,,0.279684045535885,0.0851481525835303,R,-36.717795454910615,LLLYALLTVLLALLLSFLILI,24792.18021271788,1751.6914942484352,18.39052572181989
LLLLLALLLLLTVLFSLLILI,LLLLLALLILLTVLFSLLILI,Left,clash,26.0529,-284.598,75221800.0,75221500.0,-74.3505,-276.87,-387.335,4579.28,-49.8947,-36.1145,3749.67,4613.93,58.8616,41.1711,3718.54,4698.57,125.892,40.3438,-16.6473,1.1011e+16,8,L,90.1585,31.34944445,,,,,0.0953707368336433,0.133406459752848,L,17197836222642.191,LLLLALLTILLFVLASLLILI,27456.66621858573,280.09358594484286,0.084895268183013
LLLLLVLLLALITLLSFLILI,LLLLLVLLIALITLLSFLILI,Left,clash,38.645,-281.024,75313800.0,75313600.0,-74.1949,-276.825,-384.153,4593.13,-49.7455,-33.1333,3725.66,4630.38,50.0406,22.8757,3691.49,4679.23,109.04,57.9483,-5.93778,1.10011e+16,8,L,108.4539,17.41854083,,,,,0.226797744964368,0.0752911646253461,L,15568018703754.732,LLLLLLLLFVLATLLSILILI,28092.3467420576,690.7637653217041,14.1932161729788
LLLLVLLIALLATLLSFLILI,LLLLVLLIALLAILLSFLILI,Right,clash,21.7509,-269.281,75405400.0,75405100.0,-60.3999,-273.968,-369.86,4597.93,-45.0358,-35.4919,3869.45,4654.16,56.2655,31.3841,3861.29,4690.03,86.7328,56.3944,-5.97089,1.10011e+17,12,T,98.4379,24.17471615,,,,,0.1399524872001213,0.0840328359122986,R,-40.409410660558265,LLLYALLTVLLALLLSFLILI,24030.075166369294,1733.7006339351703,6.748057429966003
LLLLVALLLFLLYLLSTLILI,LLLLVALLLFLLILLSTLILI,Left,clash,19.8161,-281.405,75697200.0,75696900.0,-74.2965,-277.434,-386.461,4618.99,-49.664,-34.7305,3732.65,4636.76,50.1511,23.5398,3725.42,4781.57,157.168,24.5048,-25.4376,1.10011e+16,12,Y,106.2822,18.13236585,,,,,0.2578085937233207,0.1331536476970302,L,17494574999899.99,LLLLLALLLILFVLLSTLILI,27922.043210257863,1480.7151246832648,28.782623039059825
LLLAILLGLLLGVLLSTLILI,LLLAILLGLLLIVLLSTLILI,GAS,clash,21.2397,-266.524,77697600.0,77697300.0,-74.1795,-271.029,-388.567,4527.88,-51.4091,-43.3589,3720.33,4539.3,52.5218,2.3572,3720.57,4521.87,31.7117,2.3572,-10.7027,1.10011e+17,11,G,127.9106,1.809503193,,,,,0.0879013506977536,0.0447538452737932,G,20896141666566.67,LLLAALLALLLGVLLGTLILI,17965.891614760218,1208.5526148748493,17.603085673384417
LLLLTLLIALLVALLSFLILI,LLLLILLIALLVALLSFLILI,Right,clash,32.0817,-270.17,82695600.0,82695300.0,-60.4241,-273.606,-372.82,4581.27,-45.0594,-38.7896,3814.14,4646.14,51.4042,17.449,3792.09,4672.26,79.6451,13.924,-11.0151,1.10011e+17,4,T,121.0262,12.60081228,,,,,4.528902241979528,5.606581436120644,R,99999900.0,LLLTALLVALLFALLSLLILI,40010.10069313103,25833.381898768323,47.2971014235377
LLLTYLLVALLTFLLSLLILI,LLLTYLLVALLTFLLILLILI,Right,clash,25.4175,-282.847,83185200.0,83184900.0,-58.9752,-281.654,-362.884,4673.46,-49.7285,-22.2555,3734.46,4744.9,36.0197,6.63373,3730.55,4741.45,41.8446,6.82357,-17.0262,1.10011e+17,15,S,123.08667,5.113867981,,,,,0.3425605696082491,0.0329732743132912,R,16966716209325.793,LLLTYLLVFLLALLLASLILI,24903.68843045828,1611.8434837499835,26.7505490232478
LLLTYLLVALLAILLSLLILI,LLLTYLLVALLAILLILLILI,Right,clash,20.6213,-275.938,84096900.0,84096600.0,-45.06,-277.496,-366.585,4639.85,-45.06,-44.0293,3700.36,4560.95,42.1287,5.54965,3695.52,4564.75,51.7535,5.29841,-18.5,1.10011e+17,15,S,124.17075,4.27816288,,,,,0.2677720303664498,0.1557429816037731,R,99999900.0,LLLTYLLVFLLALLLASLILI,24379.03033039292,1045.891873289445,31.66535462286625
LLLAYLLGFLLGLLLGTLILI,LLLAYLLGFLLGLLLITLILI,GAS,clash,27.7788,-274.202,84557900.0,84557600.0,-58.7251,-273.247,-345.91,4586.68,-50.5358,-13.9377,3472.47,4672.54,43.3572,1.06639,3478.51,4667.78,25.1578,0.775851,-17.1112,1.10011e+17,15,G,128.65401,0.822068079,,,,,1.6706236396445608,0.1678723028165108,G,99999900.0,LLLTYLLAVLLGLLLAFLILI,30280.75456590557,3219.4705402752425,228.51730459356472
LLLLYLLVTLLFALLSILILI,LLLLYLLVILLFALLSILILI,Right,clash,22.4331,-277.128,85104100.0,85103800.0,-60.4568,-280.439,-365.103,4680.9,-45.0893,-24.207,3819.79,4721.57,36.5021,13.2563,3809.02,4726.42,53.5014,14.6036,-17.226,1.10011e+17,8,T,118.0733,10.09391638,,,,,0.3686744211874047,0.1627078463076854,R,99999900.0,LLLTALLVALLFALLSLLILI,25101.58534748266,884.761064105889,40.53296010417341
LLLLTLLVGLLFALLSILILI,LLLLTLLVILLFALLSILILI,GAS,clash,30.1246,-275.926,90296400.0,90296100.0,-60.4426,-277.252,-374.525,4616.58,-45.0501,-36.8303,3692.22,4635.56,50.6681,4.65911,3704.1,4627.46,35.0426,1.94782,-24.9465,1.10011e+17,8,G,126.67049,3.547646532,,,,,0.0937011437673977,0.0437180422275151,G,99999900.0,LLLFVLLTILLGALLSLLILI,18889.62769215456,2098.4697832133725,18.349246345910668
LLLLYLLITLLFSLLVALILI,LLLLYLLIILLFSLLVALILI,Right,clash,22.1745,-276.972,99313900.0,99313600.0,-60.4211,-280.62,-365.137,4688.26,-50.8523,-24.0966,3891.67,4758.53,30.9555,10.4856,3883.87,4759.45,47.6775,11.9105,-19.4726,1.10011e+17,8,T,120.844,7.984186353,,,,,0.3702643187215445,0.3877453790105084,R,99999900.0,LLLYALLIALLFTLLVLLILI,24747.719863599345,841.4075417933084,53.999819812225965
LLLAYLLVLLLTLLLSFLILI,LLLAYLLVLLLILLLSFLILI,Right,clash,24.2102,-278.693,99887600.0,99887300.0,-60.4605,-281.082,-372.142,4676.04,-45.8548,-30.5995,3926.11,4811.62,46.6716,5.44995,3912.71,4826.01,70.9294,6.89846,-10.2102,1.10011e+17,11,T,124.81785,4.18365091,,,,,0.3962094544872859,0.1762974172318975,R,99999900.0,LLLYALLTVLLALLLSFLILI,25271.606927873538,826.9903848215174,43.6454000448927
LLLYLLLGALLGVLLSTLILI,LLLYLLLGALLGVLLITLILI,GAS,clash,32.3473,-272.268,100850000.0,100850000.0,-58.7653,-271.748,-357.637,4612.45,-50.5557,-27.1242,3787.39,4644.22,46.6209,21.8366,3782.17,4647.75,56.6915,23.6033,-7.71629,1.10011e+17,15,S,107.8838,16.83358978,,,,,0.2321107088394522,0.1879650405920444,G,-99.99885186762968,LLLAALLALLLGVLLGTLILI,20231.088542777827,2244.6793158145247,53.7488132921264
LLLYLLLGALLGVLLSTLILI,LLLYLLLGALLIVLLSTLILI,GAS,clash,32.3473,-275.478,100873000.0,100873000.0,-74.1216,-272.689,-372.839,4683.67,-50.5557,-26.0285,3779.49,4668.5,53.6241,20.5805,3782.17,4647.75,31.9874,15.4876,-7.71629,1.10011e+17,11,G,109.6873,15.79860871,,,,,0.059570416727849,0.0047167261433941,G,-15.703520956577172,LLLYFLLALLLGVLLGTLILI,19507.58934906332,3536.1538727031416,9.26273819032638
LLLSYLLGVLLGLLLGFLILI,LLLSYLLIVLLGLLLGFLILI,GAS,clash,32.2574,-281.344,101459000.0,101459000.0,-44.9456,-275.097,-341.434,4616.06,-53.7696,-21.3912,3602.99,4674.59,59.959,0.0,3602.99,4658.38,40.6461,0.0,-38.8868,1.10011e+17,7,G,129.5954,0.0,,,,,0.453728473719269,0.0113111152604086,G,4514920334643.839,LLLYSLLALLLGTLLGFLILI,21316.66142654521,1791.7263031722775,67.9883805301867
LLLAALLLLLVTLLFSLLILI,LLLAALLLLLVILLFSLLILI,Left,clash,35.0004,-278.931,104336000.0,104335000.0,-60.4567,-274.554,-373.192,4648.67,-45.1582,-38.1815,3670.78,4661.24,50.8615,20.8587,3645.79,4678.64,76.6454,29.5479,-10.0078,1.10011e+17,11,T,109.4091,16.01216878,,,,,0.2455728191744215,0.179898206838445,L,-99.99945527142916,LLLVALLLILTFLLASLLILI,28600.175674829203,580.4085854946325,9.679645873665915
LLLAFLLGLLLGTLLSVLILI,LLLAFLLGLLLITLLSVLILI,GAS,clash,38.5923,-271.528,109236000.0,109235000.0,-74.0328,-272.454,-370.708,4581.98,-55.2628,-24.221,3615.16,4593.67,52.7813,2.75682,3616.01,4575.52,31.7533,2.90209,-17.9955,1.10011e+17,11,G,127.51098,2.11627125,,,,,0.2334822877186484,0.0485225105824827,G,-23.966593454723338,LLLAGLLFLLLGTLLGSLILI,19445.61367610911,1917.0050498769003,29.32765748187629
LLLVALLLILTFLLASLLILI,LLLVILLLILTFLLASLLILI,Left,clash,32.2356,-281.636,110791000.0,110791000.0,-74.1925,-276.671,-387.268,4567.41,-49.6106,-36.4048,3620.44,4610.99,39.3804,15.3883,3620.44,4610.99,39.3804,15.3883,-7.00132,1.10011e+17,4,A,124.04993,4.493813074,,,,,0.1647456346645522,0.131728785994279,L,-51.93317105571834,LLLVALLLILTFLLASLLILI,28061.302524491108,215.19984979653387,5.8552160851350665
LLLVALLLILTFLLASLLILI,LLLVALLLILTFLLISLLILI,Left,clash,28.9681,-282.137,110802000.0,110802000.0,-74.1925,-277.348,-386.852,4599.27,-49.6106,-35.3115,3620.44,4610.99,39.5438,5.83687,3620.44,4610.99,39.5438,5.83687,-7.00132,1.10011e+17,14,A,124.04993,4.493813074,,,,,0.3158868099389673,0.1583357182049799,L,99999900.0,LLLVALLLILTFLLASLLILI,28150.23156285492,1888.185266938396,16.676611849168854
LLLATLLVGLLFLLLGTLILI,LLLATLLVGLLFILLGTLILI,GAS,clash,32.0268,-271.171,111851000.0,111851000.0,-58.7666,-263.733,-340.499,4548.03,-49.4946,-17.9999,3598.86,4633.54,57.2803,10.8433,3587.73,4695.1,115.269,15.5977,-9.71071,1.10011e+17,12,L,118.9787,8.352436413,,,,,0.2728463630855408,0.022650103489784,G,-38.98891850673227,LLLASLLVGLLFLLLGLLILI,19490.9133437651,1427.878555989762,42.534446575073495
LLLSYLLTILLAVLLSLLILI,LLLSYLLTILLIVLLSLLILI,Right,clash,26.1496,-284.657,112225000.0,112225000.0,-74.127,-281.677,-391.008,4632.88,-49.4244,-35.204,3781.6,4659.26,55.9832,6.91762,3781.6,4659.26,55.9832,6.91762,-19.7751,1.10011e+17,11,A,123.35018,5.310306922,,,,,0.3109724466654687,0.0604636682336973,R,15672106249899.988,LLLAYLLTVLLAFLLSLLILI,25123.6264250978,1256.0959327905143,29.639886412344502
LLLATLLVGLLFLLLGTLILI,LLLATLLVILLFLLLGTLILI,GAS,clash,32.1607,-276.41,112780000.0,112780000.0,-58.7666,-269.581,-356.553,4583.77,-49.4946,-28.2056,3573.29,4691.37,42.8346,8.37926,3587.73,4695.1,29.2548,3.42288,-9.71071,1.10011e+17,8,G,122.95034,6.380328578,,,,,0.3197367420415937,0.1768815179749411,G,14995349999899.996,LLLASLLVGLLFLLLGLLILI,20028.12321181322,2595.955417879467,28.663705359333026
LLLLTLLLYLLAVLFSLLILI,LLLLILLLYLLAVLFSLLILI,Left,clash,34.3075,-284.794,113444000.0,113443000.0,-60.4566,-280.48,-370.361,4681.0,-45.1177,-29.4245,3707.01,4774.7,37.9599,11.3875,3692.33,4772.2,57.0904,27.6538,-12.7449,1.1011e+16,4,T,127.0877,8.223494171,,,,,0.6144155783341715,0.0180991032743189,L,13014280485432.846,LLLTSLLAVLLALLFSLLILI,30806.860374269003,731.7594117409337,49.198806448641655
LLLLTLLLYLLAVLFSLLILI,LLLLTLLLYLLAVLFILLILI,Left,clash,33.246,-287.689,113446000.0,113445000.0,-45.1177,-282.221,-359.667,4718.49,-45.1177,-32.3285,3695.5,4768.77,41.6308,10.0234,3692.33,4772.2,51.0011,9.69347,-12.7449,1.1011e+16,15,S,119.697,7.726926528,,,,,1.4293698010490892,1.12460126058347,L,99999900.0,LLLLWILTYLLAVLLFLLILI,34879.73761501978,8599.356542312345,51.85976945264801
LLLLALLFILTYLLAVLLILI,LLLLALLFILTYLLIVLLILI,Left,clash,18.9868,-286.383,114068000.0,114068000.0,-58.8679,-281.537,-366.551,4667.07,-49.8917,-26.146,3790.82,4758.8,42.1322,20.8334,3790.82,4758.8,42.1322,20.8334,-19.7346,1.10011e+17,14,A,109.0534,16.03965915,,,,,0.2260427311231793,0.0472999544605307,L,12766416580787.164,LLLVALLLILTFLLASLLILI,28882.03334660939,741.5933573405806,15.750077432609212
LLLYALLTSLLVALLFLLILI,LLLYALLTILLVALLFLLILI,Right,clash,20.6157,-279.696,128776000.0,128775000.0,-58.9263,-279.78,-354.706,4755.75,-49.7446,-15.9997,3879.56,4717.49,49.9642,6.57398,3872.66,4722.16,58.5826,6.45222,-14.4815,1.10011e+17,8,S,124.75562,5.005710822,,,,,0.277168084431192,0.0461129271448872,R,-54.42173825401152,LLLYALLTVLLALLLSFLILI,24586.20128485931,1643.694800134925,20.492570777981967
LLLTALLVGLLGGLLFLLILI,LLLTALLVGLLGILLFLLILI,GAS,clash,24.0144,-270.904,129975000.0,129974000.0,-44.9383,-269.768,-347.01,4605.44,-51.7851,-32.3036,3762.08,4532.74,48.3798,23.5986,3779.3,4529.24,31.5637,8.77775,-20.3721,1.10011e+17,12,G,106.2234,18.17765864,,,,,0.2035237607344628,0.0320230164973898,G,-17.1584881602357,LLLTGLLFGLLAILLSLLILI,19029.412753258057,1385.9866009444854,33.30273264590659
LLLTVLLGILLGLLLAFLILI,LLLTVLLIILLGLLLAFLILI,GAS,clash,24.758,-272.783,133274000.0,133274000.0,-44.9298,-274.656,-360.834,4574.6,-50.451,-41.2485,3621.86,4600.64,56.7216,0.0,3621.86,4587.78,38.5179,0.0,-29.0691,1.10011e+17,7,G,119.4887,7.88750266,,,,,0.2879125357389587,0.0194605326732319,G,-51.60030503909503,LLLFVLLTILLGALLSLLILI,19557.218660760136,1657.2948904486962,40.368346639007406
LLLAFLLGILLGVLLGLLILI,LLLAFLLIILLGVLLGLLILI,GAS,clash,24.8192,-267.015,135785000.0,135784000.0,-44.9385,-269.361,-348.291,4562.65,-51.2786,-33.9915,3449.13,4566.04,57.093,0.0,3449.13,4555.8,40.318,0.0,-30.8577,1.10011e+17,7,G,129.5954,0.0,,,,,0.3326526391390306,0.0700146500854802,G,16078263291490.088,LLLASLLVGLLFLLLGLLILI,19706.28987784264,1977.92192694125,41.69254077619803
LLLATLLLLLVALLFSLLILI,LLLATLLLLLVILLFSLLILI,Left,clash,37.8151,-285.132,142270000.0,142270000.0,-60.3623,-277.744,-378.186,4650.35,-45.0414,-40.079,3592.76,4665.54,50.6542,19.5113,3592.76,4665.54,50.6542,19.5113,-15.6841,1.10011e+17,11,A,110.7565,14.97783796,,,,,0.1607306389671682,0.2066636183267317,L,8.261868037659488,LLLVALLLLLTFLLASLLILI,27980.835494526305,635.3285177187602,1.1937389103879694
LLLATLLLLLVALLFSLLILI,LLLATLLLLLVALLISLLILI,Left,clash,37.8176,-280.102,142291000.0,142291000.0,-60.3623,-272.705,-388.922,4567.26,-45.0414,-55.855,3597.19,4550.72,45.9231,15.5965,3592.76,4665.54,142.56,24.491,-15.6841,1.10011e+17,14,F,114.2903,12.00776368,,,,,0.325807437151725,0.0479827619719717,L,-56.872226360851045,LLLVALLLLLTFLLASLLILI,28476.747064054543,1213.7289270738625,23.86910614248256
LLLYALLLALLVSLLFTLILI,LLLYALLLALLVILLFTLILI,Right,clash,19.6836,-277.735,144137000.0,144136000.0,-58.8854,-276.388,-352.058,4753.41,-49.5823,-16.7844,3813.88,4683.39,50.9272,12.5247,3813.17,4685.76,59.0172,12.3563,-20.1656,1.10011e+17,12,S,117.2973,9.647594398,,,,,0.3895981330107431,0.0099693906398759,R,-23.31561865006873,LLLLALLVALLFALLSTLILI,25060.526351370976,1508.2623878529078,33.23636010335589
LLLAFLLGTLLGLLLGVLILI,LLLAFLLGTLLGLLLIVLILI,GAS,clash,31.4909,-266.455,148170000.0,148170000.0,-58.78,-269.208,-353.031,4575.31,-61.9532,-25.0434,3373.36,4602.65,43.6986,0.0726336,3373.54,4597.15,24.6718,0.0,-45.8898,1.10011e+17,15,G,129.6477664,0.055992427,,,,,2.442767298628784,0.2503846782695326,G,99999900.0,LLLFYLLGVLLGLLLASLILI,34231.4119496698,4469.986290336432,385.7629858456952
LLLTLLLGVLLGLLLAFLILI,LLLTLLLIVLLGLLLAFLILI,GAS,clash,38.9538,-280.882,154291000.0,154291000.0,-44.9757,-274.299,-362.889,4599.07,-47.2458,-43.6149,3701.7,4642.03,58.8802,0.0,3701.7,4629.51,40.8515,0.0,-9.96961,1.10011e+17,7,G,129.5954,0.0,,,,,1.0054772410063093,1.384788416764309,G,99999900.0,LLLALLLTVLLGGLLFSLILI,22727.708334663737,6971.460707261398,292.239006618222
LLLFYLLVALLISLLTLLILI,LLLFYLLVALLIILLTLLILI,Right,clash,22.5578,-280.847,156332000.0,156332000.0,-58.914,-281.239,-363.891,4754.85,-49.8451,-23.7384,3787.1,4746.38,49.2036,5.24546,3786.12,4750.82,57.8421,5.18338,-15.0743,1.10011e+17,12,S,124.57654,4.04050161,,,,,0.1618374264814298,0.4089101887240068,R,99999900.0,LLLTYLLAVLLAILLFLLILI,24174.046477254247,89.55825011395754,37.78909805798224
LLLFYLLVALLISLLTLLILI,LLLFYLLVILLISLLTLLILI,Right,clash,22.5888,-282.877,166696000.0,166696000.0,-74.237,-283.261,-377.984,4763.42,-55.0559,-20.486,3786.12,4750.82,45.4693,2.10237,3786.12,4750.82,45.4693,2.10237,-15.0743,1.10011e+17,8,A,129.22723,1.600834846,,,,,0.2134901746940818,0.0609342044130294,R,13830948423223.46,LLLYFLLAILLAVLLTLLILI,24401.41424101572,1209.5776727857312,21.499416464006643
LLLTALLVALLAYLLSFLILI,LLLTALLVALLIYLLSFLILI,Right,clash,28.3505,-280.202,166863000.0,166862000.0,-60.2169,-277.106,-357.847,4618.37,-44.951,-20.5239,3873.27,4673.41,47.5287,3.16626,3873.27,4673.41,47.5287,3.16626,-14.3316,1.10011e+17,11,A,127.10154,2.430577625,,,,,0.2651982166497,0.2301748091005954,R,99999900.0,LLLYALLTVLLALLLSFLILI,24491.36783515723,692.148559455659,35.859826386389884
LLLLAFLLTVLLLLLSILILI,LLLLAFLLIVLLLLLSILILI,Left,clash,20.4054,-282.254,170082000.0,170082000.0,-60.4805,-277.743,-381.384,4653.75,-45.1791,-43.1605,3792.0,4712.34,41.8551,13.1295,3786.76,4716.95,64.9348,18.9446,-27.6632,1.10011e+16,8,T,118.2001,9.997365407,,,,,0.1041193760524646,0.0243401291359472,L,22795790908990.91,LLLLALLLFVLTWLLSLLILI,26948.178923092182,1201.024030991362,9.922105588964737
LLLLALLVSLLIALLFTLILI,LLLLALLVILLIALLFTLILI,Right,clash,26.573,-275.437,177393000.0,177392000.0,-58.9006,-275.401,-365.727,4644.71,-49.6103,-31.4261,3830.8,4642.65,47.2737,7.65293,3825.79,4649.16,57.3429,7.76422,-7.1515,1.10011e+17,8,S,123.67667,5.827269709,,,,,0.4992395398618882,0.0334225023871831,R,-25.724103105923,LLLTALLVALLFALLSLLILI,25766.099446163986,1370.307157218559,43.81317613155271
LLLAYLLGVLLGLLLAFLILI,LLLAYLLGVLLILLLAFLILI,GAS,clash,28.4898,-273.24,179832000.0,179832000.0,-44.9245,-273.797,-342.297,4625.64,-52.8491,-23.5752,3626.26,4708.42,58.072,0.0,3626.26,4687.19,36.8425,0.0,-23.2275,1.10011e+17,11,G,130.2678,0.0,,,,,0.2191451706374972,0.1466180084708618,G,-58.63323620759557,LLLTYLLAVLLGLLLAFLILI,18559.43925259208,863.0205758427727,47.534603145553135
LLLYALLLALLFSLLVTLILI,LLLYILLLALLFSLLVTLILI,Right,clash,27.6432,-280.238,185167000.0,185166000.0,-74.1677,-281.123,-373.197,4693.1,-49.5814,-17.907,3835.53,4757.58,48.4692,14.6405,3835.53,4757.58,48.4692,14.6405,-12.0058,1.10011e+17,4,A,123.8347,10.57265128,,,,,0.1712226899667246,0.1925017147484913,R,19288746153746.164,LLLLALLVALLFALLSTLILI,24202.366108755123,719.3129573224545,25.75315998464412
LLLLSLLFALLIALLVTLILI,LLLLSLLFALLIILLVTLILI,Right,clash,25.0012,-276.003,186001000.0,186001000.0,-58.8343,-276.747,-372.38,4610.42,-53.1101,-36.7993,3735.14,4579.2,46.3856,16.05,3735.14,4579.2,46.3856,16.05,-21.0659,1.10011e+17,12,A,113.772,12.36308176,,,,,0.249080147227457,0.0481064983452012,R,20155873716385.79,LLLLALLVALLFALLSTLILI,24484.2517103672,1283.4500452700258,23.721562542893466
LLLLTVLLAILYLLLSFLILI,LLLLTVLLIILYLLLSFLILI,Left,clash,31.073,-291.538,194445000.0,194445000.0,-60.3923,-284.096,-377.362,4620.26,-52.2642,-32.8731,3685.15,4737.51,44.9794,15.2194,3685.15,4737.51,44.9794,15.2194,-19.5299,1.10011e+16,8,A,116.1102,11.58870506,,,,,0.1744430464780554,0.1643773720570752,L,17910978571328.58,LLLLAVLLFILALLLSTLILI,27589.126953786123,1110.203230275741,4.760327269059433
LLLTLLLGILLGVLLSALILI,LLLTLLLGILLIVLLSALILI,GAS,clash,30.6171,-272.942,195718000.0,195718000.0,-60.3306,-267.617,-376.844,4583.75,-50.324,-48.8967,3573.61,4534.59,52.9562,2.28103,3573.61,4514.25,31.3905,2.28103,-30.5819,1.10011e+17,11,G,127.98677,1.751031337,,,,,0.4920325301901251,0.44769105565082,G,99999900.0,LLLTVLLGILLGLLLAFLILI,21292.041162460497,1071.092772518503,119.06452376552706
LLLAFLLGVLLGTLLGLLILI,LLLAFLLIVLLGTLLGLLILI,GAS,clash,32.9138,-267.957,197499000.0,197499000.0,-58.7088,-269.297,-352.306,4594.11,-57.6996,-24.3004,3444.45,4574.4,57.1263,0.0,3444.45,4561.96,39.9492,0.0,-35.5018,1.10011e+17,7,G,129.5954,0.0,,,,,0.3684592322765991,0.3013442272474072,G,19084990908990.9,LLLALLLTVLLGGLLFSLILI,19684.35847599113,596.4770544103998,85.63093468392879
LLLAYLLGVLLGLLLSFLILI,LLLAYLLIVLLGLLLSFLILI,GAS,clash,27.4271,-274.185,200889000.0,200889000.0,-60.3304,-275.834,-357.829,4619.26,-48.8627,-21.6653,3683.53,4804.42,63.8568,0.0,3683.53,4783.62,42.5045,0.0,-22.7425,1.10011e+17,7,G,129.5954,0.0,,,,,0.4067387627114788,0.1076567112774661,G,9266517204679.602,LLLALLLTVLLGGLLFSLILI,21247.97117233166,1778.7214989372394,71.10075131041751
LLLTYLLAILLGLLLGFLILI,LLLTYLLAILLILLLGFLILI,GAS,clash,22.8541,-278.914,213823000.0,213823000.0,-44.9626,-278.764,-350.613,4684.72,-45.8639,-26.886,3646.38,4625.84,59.309,0.0,3646.38,4606.61,38.4711,0.0,-17.9908,1.10011e+17,11,G,130.2678,0.0,,,,,0.1913136970105127,0.0374151134720372,G,-61.52093085637462,LLLYSLLALLLGTLLGFLILI,19399.49341654565,1784.2109953282318,32.066249616699885
LLLLTILLFLLALLVSLLILI,LLLLTILLFLLALLVILLILI,Left,clash,28.9962,-286.486,215672000.0,215672000.0,-45.0764,-279.179,-371.186,4669.33,-45.0764,-46.9305,3605.2,4657.57,39.637,15.3586,3604.77,4657.62,47.2781,15.3623,-19.5654,1.1011e+16,15,S,114.3618,11.83977231,,,,,0.3643932391926269,0.1726651901139341,L,13177995574565.342,LLLLAVLLFLLATLISLLILI,28981.61600075581,1190.4134235118056,19.814740150750783
LLLYALLTILLTFLLSLLILI,LLLYALLTILLTFLLILLILI,Right,clash,22.7552,-283.099,218801000.0,218801000.0,-72.7977,-284.347,-370.882,4740.81,-54.5189,-13.7374,3884.33,4753.24,36.1428,9.88739,3875.32,4750.14,42.4492,9.34308,-14.4478,1.10011e+17,15,S,119.83301,7.622077946,,,,,0.3185079202949908,0.1317787251847226,R,-46.739332512720814,LLLYALLTVLLALLLSFLILI,24877.316091878856,976.2502045307884,34.496776592875015
LLLVYLLLALLFTLLSILILI,LLLVYLLLALLFTLLIILILI,Right,clash,26.2681,-280.226,221005000.0,221005000.0,-58.8559,-281.507,-366.822,4660.05,-49.5775,-26.4585,3845.2,4745.98,46.4356,15.0668,3838.53,4733.22,47.5869,16.149,-12.7344,1.10011e+17,15,S,114.6536,11.61482697,,,,,2.287095975581039,1.6141921712919318,R,99999900.0,LLLVALLLALLFALLSTLILI,31792.944530372257,9783.82913399988,96.00098699436228
LLLVYLLLALLFTLLSILILI,LLLVYLLLALLFILLSILILI,Right,clash,26.2674,-279.046,221089000.0,221089000.0,-60.4315,-280.411,-370.277,4642.06,-45.0727,-29.434,3845.49,4707.31,54.9396,9.57579,3838.53,4733.22,81.868,17.9139,-12.7344,1.10011e+17,12,T,120.24621,7.37609188,,,,,0.3342066674823586,0.0039045340747352,R,99999900.0,LLLTALLVALLFALLSLLILI,24871.58463149588,1473.4203246966931,28.23558591077458
LLLTFLLGVLLGLLLAILILI,LLLTFLLIVLLGLLLAILILI,GAS,clash,36.0638,-276.316,223616000.0,223616000.0,-44.9375,-274.847,-357.744,4654.05,-51.3682,-37.959,3546.14,4629.21,59.6808,0.0,3546.14,4622.22,44.529,0.0,-25.296,1.10011e+17,7,G,128.737207,0.757932445,,,,,0.4681394124663898,0.1579522964081851,G,19142476078257.742,LLLTYLLAVLLGLLLAFLILI,20280.209206015355,1254.5416440515964,85.37866530339929
LLLTGLLYVLLGLLLAFLILI,LLLTGLLYVLLILLLAFLILI,GAS,clash,24.763,-279.726,252045000.0,252045000.0,-44.9993,-278.314,-348.131,4696.66,-49.1484,-24.8176,3736.14,4707.13,54.2637,0.0,3736.14,4688.95,34.0609,0.0,-8.61349,1.10011e+17,11,G,130.2678,0.0,,,,,0.3049263820773287,0.1316757111258925,G,16051053547467.254,LLLTYLLAVLLGLLLAFLILI,20305.03274762576,1510.001877256667,58.60993124330142
LLLAILLFTLLAYLLSLLILI,LLLAILLFTLLIYLLSLLILI,Right,clash,28.4439,-280.977,261231000.0,261230000.0,-74.1082,-281.382,-378.115,4652.18,-52.0833,-22.6255,3731.34,4799.48,42.9974,2.18897,3731.34,4799.48,42.9974,2.18897,-6.17134,1.10011e+17,11,A,128.07883,1.680361532,,,,,4.283515957645234,5.953610047446543,R,99999900.0,LLLAYLLTVLLAFLLSLLILI,38825.534132287794,26876.6965519687,6.173707256372185
LLLAALLALLLGVLLGTLILI,LLLAALLALLLIVLLGTLILI,GAS,clash,30.2269,-266.763,267107000.0,267107000.0,-58.784,-265.7,-366.1,4501.75,-52.0955,-41.6157,3551.8,4491.92,61.6097,3.88957,3553.03,4473.52,41.1206,3.0906,-14.9594,1.10011e+17,11,G,126.37823,2.985826121,,,,,0.2782926682128913,0.0932619045085013,G,-27.2086773482208,LLLAGLLFLLLGTLLGSLILI,19682.35752958656,1146.923281557135,50.68851576801766
LLLTLLLGVLLGLLLSFLILI,LLLTLLLGVLLILLLSFLILI,GAS,clash,30.3712,-278.444,284761000.0,284760000.0,-60.2651,-276.371,-376.942,4637.7,-49.9254,-40.3058,3659.18,4645.19,50.4461,0.0,3659.18,4629.04,29.8986,0.0,-26.2455,1.10011e+17,11,G,130.2678,0.0,,,,,0.2708831070552494,0.1475714213590818,G,16716913333233.344,LLLTYLLAVLLGLLLAFLILI,20561.808952998053,3127.192527126349,24.52187088693548
LLLTLLLGILLGFLLSVLILI,LLLTLLLIILLGFLLSVLILI,GAS,clash,25.0871,-275.26,286640000.0,286640000.0,-60.2282,-276.173,-371.932,4637.59,-51.8436,-35.5306,3506.5,4620.29,58.7134,0.0,3506.5,4608.7,40.9476,0.0,-46.7576,1.10011e+17,7,G,129.5954,0.0,,,,,0.1945951744243155,0.0779586980794756,G,19142476078257.742,LLLFVLLTILLGALLSLLILI,19041.91067403482,1211.6934343859225,36.7708449287944
LLLAILLLTLLTVLLSFLILI,LLLAILLLTLLTVLLIFLILI,Right,clash,23.6266,-276.255,286679000.0,286679000.0,-72.6659,-278.274,-379.787,4601.54,-54.2864,-28.847,3818.23,4709.55,45.4083,30.8134,3811.96,4706.24,51.4932,35.4751,-7.82968,1.10011e+17,15,S,98.907,23.75370412,,,,,4.528902241979528,5.606581436120644,R,99999900.0,LLLYALLLALLTVLLSILILI,39606.66666666666,26182.961641749647,47.2971014235377
LLLLLLLLFVLATLLSILILI,LLLLLLLLFVLATLLIILILI,Left,clash,22.236,-286.943,286810000.0,286809000.0,-58.9034,-278.515,-380.688,4593.69,-49.6295,-43.2697,3682.09,4722.07,47.3663,37.5949,3676.41,4727.97,57.2818,36.8246,-18.6513,1.10011e+16,15,S,92.1255,28.98148634,,,,,0.1664364603012292,0.0531468546500103,L,-20.787791421337303,LLLLLALLFVLTSLLAILILI,28009.4560418318,195.71588730124824,10.537523502894452
LLLLLLLLFVLATLLSILILI,LLLLLLLLFVLITLLSILILI,Left,clash,22.1735,-288.981,286815000.0,286815000.0,-74.1441,-280.633,-395.151,4595.25,-49.6295,-40.3739,3676.41,4727.97,48.5457,19.0605,3676.41,4727.97,48.5457,19.0605,-18.6513,1.10011e+16,11,A,111.2073,14.63178161,,,,,0.3015879074126399,0.1670328384060287,L,14829795214510.592,LLLLLALLFVLTSLLAILILI,28393.88635057464,1344.779090479106,15.004367833824336
LLLAILLLTLLTVLLSFLILI,LLLAILLLILLTVLLSFLILI,Right,clash,23.5914,-275.074,286974000.0,286973000.0,-74.3528,-277.179,-383.485,4583.03,-49.9142,-31.9529,3826.35,4680.29,56.5212,17.954,3811.96,4706.24,81.4096,21.1874,-7.82968,1.10011e+17,8,T,113.3756,13.67094699,,,,,0.3522236366154299,0.1035960574749234,R,99999900.0,LLLYVLLTILLALLLSFLILI,24433.074042582582,1651.9110858329325,35.65208016217703
LLLALLLGVLLGTLLGFLILI,LLLALLLIVLLGTLLGFLILI,GAS,clash,28.6716,-268.852,287957000.0,287957000.0,-58.6964,-268.651,-354.091,4534.47,-57.8397,-26.7433,3565.14,4577.43,61.3592,0.132732,3565.14,4558.7,40.6336,0.132732,-31.9796,1.10011e+17,7,G,129.462668,0.102420302,,,,,0.2637385060426178,0.0510641954464045,G,-71.28633114197999,LLLALLLTVLLGGLLFSLILI,18847.26147720387,1978.9445058549709,33.518188205265105
LLLGYLLALLLGVLLSTLILI,LLLGYLLALLLIVLLSTLILI,GAS,clash,21.2953,-272.603,301080000.0,301080000.0,-74.2086,-273.933,-375.985,4615.21,-52.3718,-27.8435,3593.08,4591.64,57.8544,7.52888,3594.96,4571.63,36.7379,6.22148,-20.4196,1.10011e+17,11,G,122.73892,5.779540301,,,,,0.4130164377275868,0.1996305317536341,G,16615345372558.783,LLLYALLALLLGTLLSFLILI,20779.239518321185,2765.8357547709497,40.03033472818139
LLLAYLLGLLLGFLLSTLILI,LLLAYLLILLLGFLLSTLILI,GAS,clash,23.738,-273.761,311277000.0,311276000.0,-74.1162,-278.44,-366.482,4648.42,-53.2897,-13.925,3627.97,4739.68,55.4376,3.49497,3628.61,4728.63,37.8173,3.1034,-24.7319,1.10011e+17,7,G,126.10043,2.696831832,,,,,0.5896061704204751,0.0281212844870015,G,99999900.0,LLLAGLLFLLLGTLLGSLILI,22173.75875318249,1900.3314980066823,83.89040896755728
LLLTVLLLGLLFGLLFALILI,LLLTVLLLGLLFILLFALILI,GAS,clash,25.3253,-277.065,312698000.0,312698000.0,-44.9318,-275.722,-343.827,4662.69,-44.9318,-23.1736,3714.94,4709.83,55.0386,0.581069,3716.9,4694.99,35.9729,0.0,-18.1386,1.10011e+17,12,G,129.240931,0.447589006,,,,,0.2147963901571033,0.0510825702503939,G,-49.41812846700977,LLLTGLLFGLLAILLSLLILI,18790.759052529804,1807.2597297695768,26.30964037674821
LLLLVTLLAILLYLLSLLILI,LLLLVTLLIILLYLLSLLILI,Left,clash,39.1611,-288.022,328475000.0,328475000.0,-60.4329,-283.204,-389.498,4681.93,-45.0503,-45.861,3591.52,4725.09,34.5032,10.2059,3591.52,4725.09,34.5032,10.2059,-9.48156,1.10011e+16,8,A,121.1237,7.771210755,,,,,0.5816073784233045,0.6677534320488668,L,99999900.0,LLLLALLLFVLTYLLSLLILI,32291.747231660866,3661.752775037908,8.949276036129644
LLLTVLLGALLGILLSLLILI,LLLTVLLGALLIILLSLLILI,GAS,clash,26.482,-272.112,331714000.0,331713000.0,-60.3514,-271.681,-381.384,4571.9,-47.4551,-49.3517,3659.82,4493.07,54.3954,2.18897,3660.03,4470.03,31.4519,1.97107,-19.4822,1.10011e+17,11,G,128.07883,1.680361532,,,,,0.2659720096872199,0.1240255777034369,G,-65.10043196201886,LLLTGLLFGLLAILLSLLILI,20671.98770015189,2589.576589073611,52.07744006819016
LLLLALLTALLYVLFSLLILI,LLLLALLTALLYVLFILLILI,Left,clash,25.8063,-287.512,362233000.0,362233000.0,-58.907,-278.175,-359.425,4641.77,-49.719,-22.3435,3610.56,4661.55,44.5524,9.55323,3609.16,4669.75,55.2084,9.03271,-19.2386,1.1011e+16,15,S,120.16717,7.364477754,,,,,1.1013426192969256,0.5936017357903985,L,99999900.0,LLLVALLTILLALLFSLLILI,34430.988274776304,2396.671631572406,124.39038135269176
LLLLVALLLLLTALLFILILI,LLLLVILLLLLTALLFILILI,Left,clash,20.952,-283.972,388264000.0,388264000.0,-58.8987,-278.881,-379.674,4646.7,-49.5822,-41.894,3623.66,4754.0,42.0108,20.6654,3623.66,4754.0,42.0108,20.6654,-30.3335,1.10011e+16,5,A,119.1521,8.218868913,,,,,0.3525626899518514,0.1822770472162192,L,18126192174381.94,LLLLIFLLWLLTALLSVLILI,28703.94726376508,1421.16936200683,39.37196293172955
LLLTVLLGLLLGLLLGFLILI,LLLTVLLILLLGLLLGFLILI,GAS,clash,26.1218,-272.86,388890000.0,388890000.0,-44.9562,-273.548,-358.386,4613.57,-46.5797,-39.8824,3693.35,4640.0,55.6394,0.0663661,3693.35,4628.21,38.0561,0.0663661,-15.3881,1.10011e+17,7,G,129.5290339,0.051210228,,,,,0.3710953957123882,0.1557051422909912,G,99999900.0,LLLAGLLFLLLGTLLGSLILI,21227.725386789043,3047.181238251156,38.43105796693812
LLLVGLLLILLGALLATLILI,LLLVGLLLILLGILLATLILI,GAS,clash,20.8636,-264.373,409915000.0,409915000.0,-58.7586,-261.893,-364.014,4520.08,-51.6829,-43.3628,3762.94,4515.44,51.3422,37.4755,3762.94,4515.44,51.3422,37.4755,-5.24635,1.10011e+17,12,A,92.3465,28.86683305,,,,,0.4644572068094301,0.1133065232685298,G,-29.76331672753843,LLLTVLLGILLGLLLAFLILI,20938.187179971843,990.8501336314388,80.18794304353074
LLLLIFLLAVLYLLLSTLILI,LLLLIFLLIVLYLLLSTLILI,Left,clash,34.8735,-287.571,460934000.0,460934000.0,-74.2187,-282.746,-381.583,4593.44,-55.5637,-24.6189,3721.36,4830.13,38.8396,5.22962,3721.36,4830.13,38.8396,5.22962,-13.2821,1.10011e+16,8,A,126.09998,3.982057358,,,,,0.4106814162165362,0.3896359522363983,L,99999900.0,LLLLIFLLWLLTALLSVLILI,28747.536909353068,2914.312443313412,11.053640637710718
LLLTILLAVLLALLLFLLILI,LLLTILLAVLLILLLFLLILI,Right,clash,26.7915,-279.621,468257000.0,468257000.0,-45.0539,-279.505,-371.274,4684.42,-45.0539,-46.7157,3855.48,4641.3,58.4748,1.99983,3855.48,4641.3,58.4748,1.99983,-6.74374,1.10011e+17,11,A,128.26797,1.535168322,,,,,0.705009028314291,0.7229167608593146,R,99999900.0,LLLTYLLAVLLAILLFLLILI,26335.23157981425,4329.168195431642,16.241605633501084
LLLTILLAVLLALLLFLLILI,LLLTILLIVLLALLLFLLILI,Right,clash,27.1907,-279.605,474465000.0,474465000.0,-45.0539,-279.479,-373.894,4676.07,-45.0539,-49.3612,3855.48,4641.3,55.0657,9.95592,3855.48,4641.3,55.0657,9.95592,-6.74374,1.10011e+17,7,A,128.26797,1.535168322,,,,,0.4073548167867218,0.0545858333569938,R,13454227132124.414,LLLYALLTVLLALLLSFLILI,25156.367408129627,1735.3834751238037,30.899305228556763
LLLYFLLGALLGALLTLLILI,LLLYFLLGALLGALLILLILI,GAS,clash,40.0236,-269.845,481524000.0,481524000.0,-44.9055,-268.761,-331.548,4627.41,-55.2446,-17.8819,3682.54,4686.11,43.1614,3.12067,3671.54,4697.34,69.0045,7.71781,-28.0633,1.10011e+17,15,T,126.59973,2.405689468,,,,,5.997168837744196,3.436249681600544,G,99999900.0,LLLFVLLTILLGALLSLLILI,53172.069712949495,24542.41092810176,1240.854664131023
LLLSYLLFTLLALLLAVLILI,LLLSYLLFTLLALLLIVLILI,Right,clash,25.8902,-282.663,491833000.0,491833000.0,-58.8166,-280.413,-361.637,4650.79,-49.5429,-22.4082,3641.21,4770.41,43.6471,15.3992,3641.21,4770.41,43.6471,15.3992,-23.5221,1.10011e+17,15,A,129.591604,0.519081461,,,,,1.797925574406216,2.151460979310544,R,99999900.0,LLLSYLLFVLLALLLATLILI,30044.036654426927,10687.077734137863,23.17827672831523
LLLLLALLFVLTWLLSLLILI,LLLLLALLFVLTWLLILLILI,Left,clash,23.6612,-289.332,500018000.0,500018000.0,-58.9076,-283.706,-380.215,4667.36,-49.9105,-37.601,3635.21,4707.84,50.2768,7.71627,3629.29,4705.79,56.9511,12.9625,-20.1076,1.10011e+16,15,S,122.00413,5.948385913,,,,,0.5320735148536772,0.1667320132097136,L,99999900.0,LLLLLALLFVLTSLLAILILI,31100.71272791438,1015.2435061919437,33.87030946124232
LLLLLALLFVLTWLLSLLILI,LLLLLILLFVLTWLLSLLILI,Left,clash,24.9106,-291.279,514726000.0,514726000.0,-74.2877,-285.572,-395.524,4654.33,-49.9105,-35.6652,3629.29,4705.79,52.9908,20.9837,3629.29,4705.79,52.9908,20.9837,-20.1076,1.10011e+16,5,A,109.3111,16.10478699,,,,,0.3076379233225724,0.005253499305938,L,14223206720031.045,LLLLLALLFVLTSLLAILILI,30314.35165587427,2271.771427327421,24.854086987349948
LLLYFLLAILVTLLLSLLILI,LLLYFLLAILVILLLSLLILI,Left,clash,47.4544,-286.372,542964000.0,542964000.0,-60.3786,-281.76,-366.926,4726.4,-45.0686,-24.7872,3767.05,4723.96,49.4308,24.8795,3755.49,4747.18,78.4653,38.6303,-11.7583,1.10011e+17,11,T,105.3883,19.09873353,,,,,0.130402805689605,0.035045104509239,L,-64.83283637643719,LLLYTLLAVLIALLLSLLILI,27537.56213469039,512.2429420821962,8.637521745598551
LLLYFLLAILVTLLLSLLILI,LLLYFLLIILVTLLLSLLILI,Left,clash,47.7205,-289.577,542967000.0,542967000.0,-74.213,-284.988,-378.771,4724.4,-49.8242,-19.5696,3755.49,4747.18,48.3437,26.8388,3755.49,4747.18,48.3437,26.8388,-11.7583,1.10011e+17,7,A,102.7566,20.70968568,,,,,-0.5565865256111882,1.0345204812452795,L,99999900.0,LLLYTLLAVLIALLLSLLILI,25501.944721690303,8973.703249753826,14.305338911338088
LLLVGLLLILLGALLATLILI,LLLVGLLLILLIALLATLILI,GAS,clash,20.8648,-265.553,546251000.0,546251000.0,-58.7586,-264.893,-368.414,4585.13,-50.4418,-44.7627,3762.44,4536.38,58.2793,4.26794,3762.94,4515.44,36.7421,3.96653,-5.24635,1.10011e+17,11,G,125.99986,3.276281629,,,,,0.2995271482239861,0.0851404170059925,G,-42.34457985144077,LLLVLLLTGLLFALLAYLILI,19342.59097155324,1114.7917786308826,52.96964260714745
LLLFALLTILLAYLLSLLILI,LLLFALLTILLIYLLSLLILI,Right,clash,25.9234,-277.177,548012000.0,548012000.0,-74.2882,-281.15,-373.008,4772.62,-49.7129,-17.57,3734.74,4760.27,50.5565,3.72951,3734.74,4760.27,50.5565,3.72951,-12.8002,1.10011e+17,11,A,126.53829,2.862956156,,,,,0.4050388109497344,0.0865624295609649,R,-21.58082337301604,LLLYALLTVLLALLLSFLILI,25207.233089780733,1202.4332711989953,39.06837675355174
LLLYFLLAVLLGLLLGTLILI,LLLYFLLIVLLGLLLGTLILI,GAS,clash,31.3896,-277.673,569075000.0,569075000.0,-58.7556,-277.514,-347.224,4761.54,-51.0617,-10.9547,3598.51,4760.54,57.8557,0.0,3598.51,4760.54,57.8557,0.0,-23.8047,1.10011e+17,7,A,129.5954,0.0,,,,,0.0876267115322582,0.0533983560144749,G,22452663636263.64,LLLYSLLALLLGTLLGFLILI,18007.8346760802,1763.740176721549,7.343024098253986
LLLYFLLAILLTVLLSLLILI,LLLYFLLAILLIVLLSLLILI,Right,clash,33.3103,-280.312,588157000.0,588156000.0,-60.4787,-281.768,-366.341,4745.47,-45.1245,-24.0947,3970.59,4679.49,52.9054,11.6735,3950.86,4707.42,83.3698,15.5211,-6.17801,1.10011e+17,11,T,118.5943,8.961155404,,,,,0.2697766882671573,0.066527318512088,R,13323855084316.863,LLLYFLLAILLAVLLTLLILI,24503.03162865228,1259.3990748601284,26.54723849498064
LLLLVLLTGLLFGLLYALILI,LLLLVLLTGLLFILLYALILI,GAS,clash,25.0926,-273.234,603662000.0,603662000.0,-58.7605,-276.887,-353.021,4685.61,-49.4713,-17.3729,3633.52,4633.37,53.2037,0.0,3633.52,4618.05,33.9767,0.0,-12.6715,1.10011e+17,12,G,129.822,0.0,,,,,0.1226065530482933,0.025339205387242,G,6.354066608918309,LLLTVLLLGLLFGLLFALILI,18399.165840121805,1662.9447639413954,15.415262906847884
LLLAYLLGLLLGFLLGTLILI,LLLAYLLILLLGFLLGTLILI,GAS,clash,27.6802,-273.941,620362000.0,620362000.0,-58.747,-273.293,-345.412,4619.25,-52.2288,-13.372,3565.83,4720.15,55.9074,0.0,3565.83,4708.65,38.1412,0.0,-28.9835,1.10011e+17,7,G,129.5954,0.0,,,,,6.110188745691552,2.81084315557554,G,99999900.0,LLLAGLLFLLLGTLLGSLILI,55550.020292494686,28701.433576932974,607.0484184903329
LLLAVLLGLLLGFLLSTLILI,LLLAVLLGLLLIFLLSTLILI,GAS,clash,24.6949,-268.488,635971000.0,635971000.0,-74.0809,-273.125,-374.831,4539.59,-54.5393,-27.6253,3697.04,4623.53,52.357,2.96356,3697.74,4605.86,31.2238,2.89093,-23.0845,1.10011e+17,11,G,127.30424,2.27497509,,,,,0.3071738215760518,0.091627620287207,G,10.453344061164392,LLLAALLALLLGVLLGTLILI,20252.452817307258,1531.9336926843769,54.77104944545583
LLLTALLALLLGVLLSILILI,LLLTALLALLLIVLLSILILI,GAS,clash,24.5618,-273.664,657113000.0,657113000.0,-60.3301,-273.072,-385.812,4561.44,-47.5017,-52.4094,3554.72,4466.99,52.3778,3.01444,3555.59,4450.39,32.1166,2.506,-14.4706,1.10011e+17,11,G,127.25336,2.314033092,,,,,0.377138540437087,0.1582902495952173,G,99999900.0,LLLYALLFLLLGTLLSILILI,20553.67424169127,2541.290303723031,39.05173792893365
LLLTYLLAVLLAILLFLLILI,LLLTYLLAVLLIILLFLLILI,Right,clash,26.0804,-283.184,664531000.0,664531000.0,-45.0281,-282.498,-355.956,4707.2,-48.6528,-28.4301,3856.46,4815.7,58.6425,21.8984,3856.46,4815.7,58.6425,21.8984,-5.53152,1.10011e+17,11,A,108.3694,16.81029387,,,,,0.2472388018808826,0.11804289739402,R,18428319730718.645,LLLAYLLTVLLAFLLSLLILI,24507.330954369347,1018.3062208535316,27.71105276219042
LLLTYLLAVLLAILLFLLILI,LLLTYLLIVLLAILLFLLILI,Right,clash,26.4318,-283.17,665088000.0,665088000.0,-45.0281,-282.494,-358.637,4699.26,-48.7214,-31.1152,3856.46,4815.7,55.6557,6.56534,3856.46,4815.7,55.6557,6.56534,-5.53152,1.10011e+17,7,A,108.3694,16.81029387,,,,,0.4284798758096454,0.1764836615974375,R,12638932272600.932,LLLSYLLFVLLALLLATLILI,25105.471296283315,1117.8369871265452,46.36047638005542
LLLYFLLGALLGALLTLLILI,LLLYFLLIALLGALLTLLILI,GAS,clash,41.0099,-274.193,668508000.0,668507000.0,-58.7485,-275.033,-347.292,4673.68,-61.9065,-13.5104,3671.54,4709.49,57.6952,0.0,3671.54,4697.34,40.1007,0.0,-28.0633,1.10011e+17,7,G,129.5954,0.0,,,,,1.3386534585744947,1.4463409841656774,G,99999900.0,LLLFVLLTILLGALLSLLILI,25056.19391460753,7439.871839486843,347.70744115519585
LLLAGLLFLLLGVLLGTLILI,LLLAGLLILLLGVLLGTLILI,GAS,clash,24.0089,-262.217,671163000.0,671162000.0,-58.8129,-259.161,-352.229,4519.95,-56.0724,-34.2544,3665.89,4458.79,59.8385,20.2285,3657.29,4621.52,161.67,51.5894,-18.7394,1.10011e+17,7,F,109.3669,15.60896452,,,,,0.3434112345436623,0.0636980828404456,G,0.1883244357567419,LLLAGLLFLLLGTLLGSLILI,20390.34847525312,1476.1494057364084,57.19891294281453
LLLLILLSVLLAYLLTFLILI,LLLLILLSVLLIYLLTFLILI,Right,clash,27.963,-279.732,701539000.0,701538000.0,-74.2415,-283.769,-378.836,4710.29,-49.4353,-20.8252,3827.95,4800.79,53.1441,2.27156,3827.95,4800.79,53.1441,2.27156,-8.30423,1.10011e+17,11,A,127.99624,1.743761697,,,,,0.3490980729149232,0.1972923999807217,R,99999900.0,LLLTILLAVLLAYLLSLLILI,24674.23683852995,2334.507144453374,17.562319760847625
LLLVALLFALLGLLLGTLILI,LLLVALLFALLILLLGTLILI,GAS,clash,27.1255,-266.397,710877000.0,710877000.0,-58.7454,-266.327,-351.015,4645.62,-53.8635,-25.9428,3566.44,4611.2,50.0943,1.02683,3566.45,4611.9,36.8101,0.954196,-11.1281,1.10011e+17,11,G,129.24097,0.788245445,,,,,0.3101128817191906,0.0991084807983114,G,21.41573745051292,LLLATLLVGLLFLLLGTLILI,20992.97732001772,3099.6758268907465,35.3443499448509
LLLVALLILLTYLLFSLLILI,LLLVILLILLTYLLFSLLILI,Left,clash,32.1816,-284.758,725769000.0,725768000.0,-74.28,-283.614,-381.737,4677.65,-49.9029,-23.8423,3682.63,4711.66,40.9031,5.2309,3682.63,4711.66,40.9031,5.2309,-5.2557,1.10011e+17,4,A,133.2443,3.777499509,,,,,1.195755118139288,1.2985717465713555,L,99999900.0,LLLVALLLILTFLLASLLILI,36394.28322378596,7329.732092184549,22.69541274941045
LLLTALLVALLSLLLFILILI,LLLTALLVALLILLLFILILI,Right,clash,24.6419,-276.08,741196000.0,741195000.0,-45.1257,-276.126,-361.24,4637.72,-45.1257,-39.9882,3775.13,4653.4,53.1304,23.5555,3773.59,4652.08,58.9765,29.6739,-11.1396,1.10011e+17,11,S,106.7123,18.08236571,,,,,0.6221646711816615,0.0510430115767596,R,99999900.0,LLLTYLLVFLLALLLASLILI,25917.80426492119,2018.241693099839,49.10882077736496
LLLAYLLFLLLGTLLSVLILI,LLLAYLLFLLLITLLSVLILI,GAS,clash,23.7101,-278.228,776527000.0,776527000.0,-74.0829,-279.098,-370.742,4658.85,-51.379,-17.5609,3634.31,4801.53,43.5392,2.17901,3635.33,4803.99,30.2092,1.67057,-16.3043,1.10011e+17,11,G,128.08879,1.672715744,,,,,0.1231757213205956,0.100999515430211,G,99999900.0,LLLAGLLFLLLGTLLGSLILI,19279.891096356085,2206.6647400535926,28.65347785272666
LLLLALLTVLLYILFSLLILI,LLLLALLIVLLYILFSLLILI,Left,clash,16.964,-278.661,819690000.0,819690000.0,-60.5628,-281.155,-368.975,4652.06,-46.0269,-27.2573,4002.06,4615.8,57.14,51.0646,3991.42,4651.28,88.3613,72.8438,-5.81587,1.1011e+16,7,T,78.5308,39.4030961,,,,,0.301954091385529,0.0535305952437073,L,99999900.0,LLLTSLLAVLLALLFSLLILI,28709.769053127387,522.6934304710954,21.5976321972058
LLLTYLLVALLIALLSLLILI,LLLTYLLVILLIALLSLLILI,Right,clash,26.9736,-283.69,853564000.0,853564000.0,-60.4016,-279.549,-380.329,4645.7,-45.0194,-40.3781,3666.45,4661.9,49.8498,1.05583,3666.45,4661.9,49.8498,1.05583,-9.59349,1.10011e+17,8,A,121.87326,6.122798909,,,,,0.3208112251587334,0.0709278348219433,R,6431421711604.346,LLLTYLLVFLLALLLASLILI,24780.530499485903,1242.5772792371902,31.08431841416175
LLLLFVLLALLTILYSLLILI,LLLLFVLLILLTILYSLLILI,Left,clash,22.0401,-284.68,880099000.0,880098000.0,-74.3162,-283.562,-380.175,4622.06,-49.8326,-22.2975,3894.44,4774.81,39.7503,3.73085,3894.44,4774.81,39.7503,3.73085,-8.89267,1.1011e+16,8,A,127.59875,2.840829486,,,,,0.2154904772836512,0.3018886490878098,L,19130708025709.57,LLLLAVLLFLLATLISLLILI,27704.63823532537,1916.575286776333,0.1654332142020543
LLLYVLLGALLGILLTLLILI,LLLYVLLIALLGILLTLLILI,GAS,clash,33.2109,-276.608,939513000.0,939513000.0,-58.7738,-277.314,-368.672,4674.03,-56.8784,-32.5845,3679.05,4688.58,63.0388,1.24473,3679.23,4665.29,40.8868,1.31736,-27.8696,1.10011e+17,7,G,128.35067,0.960473906,,,,,0.1676027809281015,0.140512393896429,G,99999900.0,LLLFVLLTILLGALLSLLILI,19487.57244049619,1910.4564016011648,39.30936559003932
LLLTYLLVALLTFLLSLLILI,LLLTYLLVALLIFLLSLLILI,Right,clash,25.4127,-281.668,961517000.0,961516000.0,-60.3627,-280.54,-365.568,4671.13,-45.0878,-24.6648,3749.96,4722.94,52.7708,22.6474,3730.55,4741.45,78.9233,30.7939,-17.0262,1.10011e+17,11,T,107.6204,17.38526328,,,,,0.3056912015596955,0.0298006420020376,R,22795790908990.91,LLLTYLLVFLLALLLASLILI,24748.66207090556,1366.7674265906082,27.380547532277514
LLLVGLLLALLGLLLGTLILI,LLLVGLLLALLILLLGTLILI,GAS,clash,27.0236,-265.738,961960000.0,961960000.0,-58.7749,-268.322,-371.911,4595.2,-53.3819,-44.8138,3571.97,4484.17,59.0233,3.3924,3572.31,4464.94,38.1422,3.02923,-9.309,1.10011e+17,11,G,126.8754,2.604173863,,,,,0.270487816459841,0.0333336793969155,G,99999900.0,LLLATLLVGLLFLLLGTLILI,22752.214470164174,6091.859085318176,43.29953049157061
LLLLALLYVLTFLLASLLILI,LLLLILLYVLTFLLASLLILI,Left,clash,29.5195,-284.485,965778000.0,965777000.0,-74.1261,-278.998,-373.953,4613.29,-55.9169,-20.8284,3721.44,4783.78,47.7522,15.0668,3721.44,4783.78,47.7522,15.0668,-12.8531,1.10011e+17,4,A,118.0749,9.093995695,,,,,0.3761135685878532,0.0472102284873766,L,16465286666566.662,LLLVALLLILTFLLASLLILI,29124.62670975599,732.0591050438428,33.487595770837665
LLLVALLLALLFALLSTLILI,LLLVALLLALLFILLSTLILI,Right,clash,32.1309,-273.635,985449000.0,985449000.0,-74.1862,-270.803,-375.626,4578.22,-49.551,-30.6365,3654.91,4596.22,50.7328,3.41378,3654.91,4596.22,50.7328,3.41378,-7.69636,1.10011e+17,12,A,126.40822,2.629585124,,,,,0.2013571761089082,0.0577696999678171,R,99999900.0,LLLTALLVALLFALLSLLILI,24292.89992802772,1227.1626873514358,20.295254744995656
LLLYGLLFLLLGVLLATLILI,LLLYGLLFLLLIVLLATLILI,GAS,clash,20.315,-274.891,1037970000.0,1037970000.0,-58.8381,-271.071,-345.811,4744.53,-52.1217,-15.9018,3785.92,4795.39,48.7298,5.91271,3787.24,4795.83,35.1989,4.82321,-24.1814,1.10011e+17,11,G,124.35509,4.538888352,,,,,0.150223361676805,0.06528843547555,G,-11.162947599629272,LLLAGLLFLLLGTLLGSLILI,18403.345123784835,1847.303261428411,15.322266460422698
LLLLFVLLALLTILLSLLILI,LLLLFVLLILLTILLSLLILI,Left,clash,22.7442,-281.565,1109740000.0,1109740000.0,-74.309,-280.673,-393.177,4618.08,-49.8612,-38.1947,3766.29,4681.71,40.5954,2.58482,3766.29,4681.71,40.5954,2.58482,-9.53815,1.1011e+16,8,A,128.74478,1.968193004,,,,,0.2178853546820736,0.2567118562341444,L,20737682418120.88,LLLLAVLLFLLATLISLLILI,28432.93936026713,937.5042862858758,2.9736489555311394
LLLYFLLFTLLAVLLSLLILI,LLLYFLLFTLLIVLLSLLILI,Right,clash,23.2574,-281.659,1198000000.0,1198000000.0,-74.2363,-283.676,-362.291,4775.5,-49.6109,-4.37936,3915.45,4897.76,44.5393,8.87879,3915.45,4897.76,44.5393,8.87879,-14.3265,1.10011e+17,11,A,121.38901,6.815797918,,,,,0.0256897589747444,0.3858404091960266,R,99999900.0,LLLYFLLAILLAVLLTLLILI,23599.81484992312,273.1663478928346,25.013950872745244
LLLTLLLGLLLGFLLSALILI,LLLTLLLILLLGFLLSALILI,GAS,clash,28.762,-274.395,1223700000.0,1223700000.0,-60.2235,-270.59,-369.605,4601.53,-47.3053,-38.7918,3641.07,4713.72,54.7176,0.0,3641.07,4705.24,38.1852,0.0,-28.6058,1.10011e+17,7,G,129.5954,0.0,,,,,6.084115527862297,2.8477162538443808,G,99999900.0,LLLYALLFLLLGTLLSILILI,51385.0316337552,34027.952700142574,599.369953780847
LLLLLLLLFILAVLLSTLILI,LLLLLLLLFILIVLLSTLILI,Left,clash,28.1466,-287.028,1284310000.0,1284310000.0,-74.2965,-280.939,-395.863,4599.4,-49.66,-40.6277,3631.69,4676.05,48.7412,22.6648,3631.69,4676.05,48.7412,22.6648,-10.8518,1.10011e+16,11,A,107.603,17.39862038,,,,,0.2492714148373717,0.0569520664900797,L,22452663636263.64,LLLLALLLFVLTWLLSLLILI,27940.516829897904,1208.0962723542798,17.091524313657004
LLLYILLSVLLALLLTFLILI,LLLYILLSVLLILLLTFLILI,Right,clash,23.7583,-283.684,1298820000.0,1298820000.0,-74.244,-285.25,-381.899,4708.08,-49.5874,-22.4044,3919.09,4770.53,52.1566,3.07053,3919.09,4770.53,52.1566,3.07053,-9.80294,1.10011e+17,11,A,127.19727,2.357090547,,,,,0.1479709723062306,0.0858351144158059,R,99999900.0,LLLYALLTVLLALLLSFLILI,24094.33488606109,1108.6386231886154,17.484751137280895
LLLYILLLALLTVLLSFLILI,LLLIILLLALLTVLLSFLILI,Right,clash,29.48,-272.802,1321500000.0,1321500000.0,-74.2719,-276.409,-382.265,4596.96,-49.7289,-31.5841,3869.45,4639.19,50.1362,100.511,4022.07,4791.1,160.994,322.194,-7.80804,1.10011e+17,3,Y,113.3756,13.67094699,,,,,0.3228004908170118,0.1037403884802146,R,17157733372999.604,LLLVALLLALLFALLSTLILI,24880.71119924708,1084.9701369760023,33.19517292803813
LLLYILLLALLTVLLSFLILI,LLLYILLLILLTVLLSFLILI,Right,clash,26.2765,-283.323,1321750000.0,1321750000.0,-74.2571,-285.196,-378.247,4719.05,-49.8419,-18.7938,4022.07,4791.1,54.4538,13.6765,4022.07,4791.1,54.4538,13.6765,-7.80804,1.10011e+17,8,A,117.6531,10.41387471,,,,,0.0255282396742367,0.1969790231035128,R,14750217646958.812,LLLYALLTVLLALLLSFLILI,23705.44825068226,811.0677473371928,13.810242461255823
LLLYALLFALLLSLLVTLILI,LLLYILLFALLLSLLVTLILI,Right,clash,31.1992,-280.111,1433310000.0,1433310000.0,-74.2526,-273.344,-365.847,4694.49,-50.7822,-18.2507,3887.2,4673.43,62.5123,41.8977,3887.2,4673.43,62.5123,41.8977,-9.42866,1.10011e+17,4,A,96.5775,30.2564647,,,,,0.240899289981236,0.1353034429757492,R,-99.99961118047024,LLLYWLLLALLVALLSTLILI,24427.883605974243,1955.03864400372,12.168890362941214
LLLLILLTALLYVLFLLLILI,LLLLILLTILLYVLFLLLILI,Left,clash,22.3437,-286.382,1447630000.0,1447620000.0,-58.9635,-285.591,-378.305,4691.66,-51.0382,-33.7505,3769.26,4812.98,50.3041,24.6927,3769.26,4812.98,50.3041,24.6927,-11.8498,1.1011e+16,8,A,106.6369,18.8020827,,,,,5.267088110387935,4.328949603674222,L,99999900.0,LLLVALLTILLALLFSLLILI,52256.50504651609,22197.97193897132,681.0529913842605
LLLLILLTALLYVLFLLLILI,LLLLILLTALLYVLFILLILI,Left,clash,22.2935,-282.323,1447630000.0,1447630000.0,-58.9635,-281.563,-367.341,4656.35,-51.0382,-26.8145,3789.47,4758.64,46.9155,18.591,3769.26,4812.98,103.6,28.4043,-11.8498,1.1011e+16,15,L,111.1294,14.33159318,,,,,0.7268497838271986,0.1405436094401546,L,99999900.0,LLLLALLTILLFVLASLLILI,35885.17707919408,6935.367170621632,67.5669862112065
LLLTYLLFVLLAILLSLLILI,LLLTYLLFVLLAILLILLILI,Right,clash,22.9745,-282.479,1468670000.0,1468670000.0,-45.085,-280.575,-356.645,4679.14,-45.085,-30.9855,3666.56,4723.04,42.2403,5.4879,3663.85,4721.22,46.4257,5.37284,-18.4798,1.10011e+17,15,S,124.2325,4.230560498,,,,,0.1794116932515882,0.0440789703943505,R,19138145914291.195,LLLSYLLFVLLALLLATLILI,24425.977296790978,1294.784978030846,17.64518728703394
LLLTYLLFVLLAILLSLLILI,LLLTYLLFVLLIILLSLLILI,Right,clash,22.9695,-284.51,1489610000.0,1489610000.0,-60.4524,-283.634,-372.614,4681.2,-45.085,-28.5272,3663.85,4721.22,50.4633,2.37696,3663.85,4721.22,50.4633,2.37696,-18.4798,1.10011e+17,11,A,127.89084,1.824671945,,,,,0.3690402391193828,0.0741409249666507,R,16019711436328.846,LLLSYLLFVLLALLLATLILI,24987.99394978583,1261.403773973156,35.31595878342063
LLLGYLLATLLGILLSLLILI,LLLGYLLATLLIILLSLLILI,GAS,clash,22.1903,-274.897,1532340000.0,1532340000.0,-74.167,-275.792,-380.475,4569.04,-51.5714,-30.5165,3622.06,4608.37,54.073,0.0,3622.06,4587.77,32.705,0.0,-11.6447,1.10011e+17,11,G,130.2678,0.0,,,,,-0.0600342929181912,0.2559475004763287,G,99999900.0,LLLTGLLFGLLAILLSLLILI,20102.08726697521,6088.088512022689,17.809354099733376
LLLLLFLLAVLTSLLLILILI,LLLLLFLLAVLTILLLILILI,Left,clash,21.9431,-286.496,1577250000.0,1577250000.0,-58.9298,-277.407,-378.154,4596.14,-49.7096,-41.8171,3556.51,4664.84,45.2629,17.1237,3553.75,4671.13,55.3179,17.1122,-34.4201,1.10011e+16,12,S,112.6983,13.19013726,,,,,0.3455416919006169,0.2592920276076741,L,99999900.0,LLLLLALLFVLTSLLAILILI,30599.16587454481,2190.382660612865,13.263870759350556
LLLLVALLLTLISLLFLLILI,LLLLVALLLTLIILLFLLILI,Left,clash,36.6954,-282.21,1640900000.0,1640890000.0,-58.968,-279.278,-376.877,4662.81,-49.6665,-38.6311,3631.38,4657.88,55.4023,14.4432,3630.2,4665.21,65.552,14.3713,-9.83795,1.10011e+16,12,S,115.3788,11.12538707,,,,,0.2156167444879051,0.0281671737125919,L,22452663636263.64,LLLLVALLLLLTALLFSLILI,27599.863492739725,1367.850867047419,19.261386827354286
LLLLVLLIALLFALLSTLILI,LLLLVLLIILLFALLSTLILI,Right,clash,24.2888,-274.016,1680770000.0,1680760000.0,-74.1998,-276.063,-379.996,4599.31,-49.5792,-29.7332,3818.03,4682.66,54.1044,11.7448,3818.03,4682.66,54.1044,11.7448,-10.6875,1.10011e+17,8,A,121.78807,6.188419528,,,,,0.2334480210823045,0.1706172419167482,R,17794433276768.8,LLLTALLVALLFALLSLLILI,24843.88726134576,963.8660239405324,29.670547454698305
LLLYALLLTLLSVLLFILILI,LLLYALLLILLSVLLFILILI,Right,clash,26.9393,-282.375,1781020000.0,1781020000.0,-60.5914,-282.545,-368.827,4743.87,-45.2114,-25.6906,3963.48,4731.74,56.8413,24.0936,3949.3,4766.57,86.5615,39.3844,-7.83245,1.10011e+17,8,T,107.236,18.34590222,,,,,0.2604279052819392,0.1603724115011395,R,-68.11016608477102,LLLYFLLAILLAVLLTLLILI,24453.885879384,933.2181398894118,31.324264109306384
LLLLALLVALLFALLSTLILI,LLLLILLVALLFALLSTLILI,Right,clash,22.1123,-272.127,1975260000.0,1975260000.0,-74.2058,-271.398,-372.43,4572.05,-49.5763,-26.8265,3712.65,4641.47,57.5103,34.0343,3712.65,4641.47,57.5103,34.0343,-15.8282,1.10011e+17,4,A,121.7036,6.253485542,,,,,0.5248271371783799,0.0942732485717584,R,18998407692207.707,LLLTALLVALLFALLSLLILI,25471.06258260297,2092.034190819408,38.391176356401104
LLLVTLLLGLLFALLSTLILI,LLLVTLLLILLFALLSTLILI,GAS,clash,28.5705,-275.742,2014370000.0,2014370000.0,-74.2333,-275.798,-382.403,4578.55,-49.5752,-32.3716,3636.99,4623.17,52.376,4.06748,3653.02,4615.74,37.213,3.42288,-21.2906,1.10011e+17,8,G,127.26212,3.097154031,,,,,0.3153371813037188,0.2872272992241432,G,99999900.0,LLLFVLLTILLGALLSLLILI,20037.204372667133,3216.8420730492785,16.526659511058913
LLLLFVLTILLALLYSLLILI,LLLLIVLTILLALLYSLLILI,Left,clash,18.9407,-277.825,2100950000.0,2100950000.0,-74.252,-278.685,-389.93,4573.75,-54.4574,-36.9933,3997.3,4647.74,49.6731,36.6276,3958.39,4760.41,145.881,50.2339,-14.9817,1.1011e+16,4,F,101.8476,26.45065687,,,,,0.1136057572442032,0.1318231940065622,L,99999900.0,LLLVALLTILLALLFSLLILI,27507.038081099403,409.9296246386887,1.667663462852777
LLLSYLLGLLLGVLLGTLILI,LLLSYLLGLLLIVLLGTLILI,GAS,clash,27.9771,-276.919,2210320000.0,2210320000.0,-58.7086,-269.051,-355.074,4621.33,-52.0192,-27.314,3499.07,4612.81,61.3975,0.0617526,3499.07,4593.65,40.6346,0.0617526,-28.5286,1.10011e+17,11,G,130.2060474,0.047404347,,,,,0.2137196029995891,0.0013021457053715,G,99999900.0,LLLAALLALLLGVLLGTLILI,18651.053364812826,1562.825858511973,31.334230534140907
LLLYFLLAVLLGLLLGTLILI,LLLYFLLAVLLILLLGTLILI,GAS,clash,31.1187,-278.859,2229420000.0,2229420000.0,-58.7556,-278.721,-351.123,4782.14,-51.0617,-13.6457,3598.51,4777.64,57.9348,0.0,3598.51,4760.54,38.065,0.0,-23.8047,1.10011e+17,11,G,130.2678,0.0,,,,,0.1381498223074131,0.0973646839791784,G,99999900.0,LLLYSLLALLLGTLLGFLILI,18632.52479429308,1145.5514706784322,30.479926919390195
LLLFALLLLLVTLLYSLLILI,LLLFALLLLLVILLYSLLILI,Left,clash,33.1334,-283.582,2245390000.0,2245390000.0,-60.4591,-280.574,-368.391,4816.94,-45.1494,-27.3573,3789.09,4773.78,52.6906,16.3715,3779.92,4804.53,81.1025,29.9471,-17.8064,1.10011e+17,11,T,113.8963,12.56757234,,,,,1.570123957565186,0.9437320756885754,L,99999900.0,LLLVALLLILTFLLASLLILI,37029.55904839702,6740.326665052296,73.82914102284177
LLLTALLVALLFALLSLLILI,LLLTILLVALLFALLSLLILI,Right,clash,33.636,-278.258,2275940000.0,2275940000.0,-60.4381,-273.39,-368.216,4582.08,-45.0688,-34.3876,3703.2,4715.81,50.7265,41.0245,3703.2,4715.81,50.7265,41.0245,-12.8177,1.10011e+17,4,A,124.08916,4.415923341,,,,,0.519095668522377,0.0770786684095412,R,-9.386214855929902,LLLTALLVALLFALLSLLILI,25547.30510830344,1948.106474888288,38.92970972575892
LLLTLLLGVLLGFLLAILILI,LLLTLLLIVLLGFLLAILILI,GAS,clash,25.2135,-273.247,2413370000.0,2413370000.0,-44.9169,-274.073,-356.156,4621.2,-51.9816,-37.1654,3603.98,4637.44,59.1103,0.0,3603.98,4625.23,40.9476,0.0,-40.8357,1.10011e+17,7,G,129.5954,0.0,,,,,1.278361112046599,1.569134268905792,G,99999900.0,LLLALLLTVLLGGLLFSLILI,23345.489904679627,9275.489559374368,351.61476103656565
LLLAGLLFLLLGTLLSYLILI,LLLAGLLFLLLITLLSYLILI,GAS,clash,21.8058,-274.535,2654150000.0,2654150000.0,-74.1054,-277.179,-365.869,4647.07,-51.8728,-14.5843,3643.14,4667.17,43.5049,2.68744,3644.08,4669.4,30.1405,1.67057,-18.3705,1.10011e+17,11,G,127.58036,2.063011734,,,,,0.1675725426210053,0.1113359105797948,G,99999900.0,LLLTGLLFGLLAILLSLLILI,19810.772291429526,3051.33422986034,13.08243096408463
LLLYALLTALLSVLLFLLILI,LLLYALLTALLSILLFLLILI,Right,clash,22.2708,-275.994,2701120000.0,2701120000.0,-74.353,-279.179,-369.345,4692.9,-49.7648,-15.8126,3951.04,4754.36,58.1036,16.7493,3935.92,4786.07,91.9667,25.6919,-11.5768,1.10011e+17,12,V,113.0727,12.90174239,,,,,-0.0609978975172769,0.4768408434189791,R,99999900.0,LLLYALLTVLLALLLSFLILI,23426.50070177535,842.690724618541,23.141958244753084
LLLAVLLFSLLGLLLGTLILI,LLLAVLLFSLLGLLLITLILI,GAS,clash,24.4954,-269.442,2757500000.0,2757500000.0,-74.0995,-272.327,-373.219,4555.5,-57.9705,-26.7916,3643.5,4657.47,43.846,11.524,3647.09,4651.53,24.5749,8.87656,-11.5258,1.10011e+17,15,G,118.1964,8.883722221,,,,,0.2881724682504735,0.0631473310601655,G,6.802403911694364,LLLAGLLFLLLGTLLGSLILI,21970.17670801023,4687.339826857238,35.857945411069394
LLLGYLLALLLGVLLSTLILI,LLLGYLLILLLGVLLSTLILI,GAS,clash,21.6961,-271.406,2896710000.0,2896710000.0,-74.2086,-271.694,-370.336,4618.87,-55.1626,-24.4333,3594.96,4571.63,55.6975,3.08564,3594.96,4571.63,55.6975,3.08564,-20.4196,1.10011e+17,7,A,126.50976,2.380979572,,,,,0.2695707456240055,0.1062534376974306,G,9408166956307.936,LLLYALLFLLLGTLLSILILI,20185.248752986223,2569.741479988604,28.63066259938364
LLLVYLLTILLALLLSFLILI,LLLVYLLTILLILLLSFLILI,Right,clash,21.9386,-280.264,3103480000.0,3103480000.0,-74.1754,-283.855,-381.715,4673.34,-49.5123,-23.6843,3792.48,4804.11,47.9724,1.77566,3792.48,4804.11,47.9724,1.77566,-15.495,1.10011e+17,11,A,128.49214,1.363084354,,,,,0.4887467207195061,0.0513656221740264,R,99999900.0,LLLYALLTVLLALLLSFLILI,25815.63000779353,1654.7399873977824,37.910191532016526
LLLLIVLTWLLALLFSLLILI,LLLLIVLTWLLILLFSLLILI,Left,clash,31.6207,-291.557,3125240000.0,3125240000.0,-74.1785,-285.704,-391.304,4684.85,-51.6016,-31.4207,3677.17,4668.2,53.2008,21.2687,3677.17,4668.2,53.2008,21.2687,-15.6319,1.1011e+16,11,A,108.9991,16.32690504,,,,,0.503587267488474,0.1545609256256985,L,15064489868982.22,LLLVALLTILLALLFSLLILI,29488.69934587429,1957.227016659511,32.24457285675956
LLLYALLTALLGLLLGFLILI,LLLYALLTALLILLLGFLILI,GAS,clash,28.4143,-276.632,3310980000.0,3310980000.0,-58.802,-276.058,-349.634,4691.63,-51.1616,-14.7733,3868.49,4757.03,57.3499,10.8094,3871.33,4743.02,38.4156,8.61979,-11.4161,1.10011e+17,11,G,119.4584,8.297829548,,,,,0.2502838248192488,0.133866557835544,G,99999900.0,LLLYSLLALLLGTLLGFLILI,22598.49477797883,6289.564344525855,22.91561765054352
LLLYTLLVLLLAFLLSILILI,LLLYTLLVLLLIFLLSILILI,Right,clash,27.3005,-285.414,3560070000.0,3560070000.0,-60.3747,-285.785,-374.686,4732.17,-45.1009,-28.5264,4066.36,4808.73,49.1969,8.76514,4066.36,4808.73,49.1969,8.76514,-22.8958,1.10011e+17,11,A,121.50266,6.728554562,,,,,0.0911904401849128,0.1092141761312945,R,99999900.0,LLLYLLLTVLLAFLLSILILI,23846.649557103465,1019.0080956509272,14.112156165301052
LLLYALLLALLVSLLTILILI,LLLYILLLALLVSLLTILILI,Right,clash,29.4539,-279.026,3687640000.0,3687640000.0,-74.2466,-280.005,-387.869,4654.92,-49.4554,-33.6175,3903.82,4681.74,53.0791,25.263,3903.82,4681.74,53.0791,25.263,-9.70532,1.10011e+17,4,A,113.2122,18.24369995,,,,,0.6628252225544098,0.293820161301205,R,99999900.0,LLLYWLLLALLVALLSTLILI,26130.59462781772,1164.0726711527373,72.94929095985623
LLLLFVLLILLATLYSLLILI,LLLLIVLLILLATLYSLLILI,Left,clash,20.0401,-277.178,3996970000.0,3996970000.0,-74.1478,-278.612,-389.648,4547.51,-53.305,-36.888,3955.2,4577.07,46.406,45.3046,3931.94,4685.28,143.045,58.3685,-9.43159,1.1011e+16,4,F,93.1706,32.71676084,,,,,0.0931006602580131,0.0972930696064326,L,17794433276768.8,LLLLAVLLFLLATLISLLILI,26895.266472986503,1138.9740410453076,1.9875271672563584
LLLLFVLLILLATLYSLLILI,LLLLFVLLILLITLYSLLILI,Left,clash,20.4376,-282.058,4061950000.0,4061950000.0,-74.1478,-283.571,-379.763,4633.64,-53.305,-22.0441,3931.94,4685.28,53.7935,20.9118,3931.94,4685.28,53.7935,20.9118,-9.43159,1.1011e+16,11,A,109.356,16.05293096,,,,,0.0784939425554861,0.0585958716294223,L,99999900.0,LLLLAVLLFLLATLISLLILI,29153.129926540325,3021.414769915205,3.030708748280421
LLLLIVLLFTLALLLSLLILI,LLLLIVLLFTLALLLILLILI,Left,clash,25.3038,-284.265,4066080000.0,4066080000.0,-58.9406,-278.715,-376.863,4666.45,-49.6223,-39.2073,3689.23,4675.97,40.8943,26.9984,3685.83,4676.7,48.9052,26.1846,-14.7939,1.10011e+16,15,S,102.722,20.81276345,,,,,4.732683268335059,2.552746053955828,L,99999900.0,LLLLAVLLFLLATLISLLILI,51079.789198266495,27047.80275944492,239.41350181659303
LLLAYLLIALLLTLLFVLILI,LLLAYLLIALLLTLLFILILI,Right,clash,28.8385,-279.044,4237650000.0,4237650000.0,-58.7636,-279.407,-362.011,4647.8,-49.5228,-23.84,3881.05,4608.05,41.5194,29.0105,3844.78,4612.65,63.2655,47.2066,-11.9189,1.10011e+17,16,V,100.4523,22.4083675,,,,,0.5481247523195465,0.0720587958403332,R,17910978571328.58,LLLVALLIALLFTLLSLLILI,25588.50607780794,1583.3571754702164,50.19865196464206
LLLAYLLIALLLTLLFVLILI,LLLAYLLIALLLILLFVLILI,Right,clash,28.8199,-278.458,4239400000.0,4239400000.0,-45.0193,-278.822,-354.312,4663.48,-45.0193,-30.47,3852.45,4587.25,57.102,11.5141,3844.78,4612.65,83.6713,12.1156,-11.9189,1.10011e+17,12,T,118.3079,8.869143905,,,,,0.4138142260543918,0.0205111249271516,R,20896141666566.67,LLLTYLLAVLLAILLFLLILI,25062.835265829854,1699.6828679456105,33.45951087660173
LLLVALLFLLLYLLATLLILI,LLLVALLILLLYLLATLLILI,Left,clash,31.1743,-282.165,4305040000.0,4305040000.0,-58.8664,-277.25,-374.116,4704.03,-49.6003,-37.9998,3637.97,4695.98,35.3933,3.0705,3628.11,4715.65,102.789,11.4239,-20.8896,1.10011e+17,7,F,126.5249,2.369297058,,,,,0.4415974093121783,0.0076768156572465,L,14656839285046.738,LLLVALLLILTFLLASLLILI,29267.20173350284,1212.3231906750743,36.55666571375081
LLLAYLLLSLLITLLFVLILI,LLLAYLLLILLITLLFVLILI,Right,clash,27.7661,-281.472,4371310000.0,4371310000.0,-58.901,-282.06,-362.601,4711.43,-49.6449,-21.6406,3855.93,4678.06,46.2504,8.12389,3838.33,4681.12,56.2777,6.656,-18.0784,1.10011e+17,8,S,123.20571,6.185878888,,,,,0.315249079256814,0.0007948364166417,R,22795790908990.91,LLLWYLLLVLLATLLSFLILI,25247.755648403014,1519.3131089639196,26.368628196663863
LLLLAVLLFILALLLSTLILI,LLLLIVLLFILALLLSTLILI,Left,clash,31.7599,-283.176,4591900000.0,4591900000.0,-74.1946,-276.95,-382.063,4612.89,-49.6038,-30.919,3610.49,4598.31,57.6923,38.1372,3610.49,4598.31,57.6923,38.1372,-12.483,1.10011e+16,4,A,124.34576,4.546050521,,,,,0.8133557538794692,0.2483264437045364,L,22795790908990.91,LLLLAVLLFLLATLISLLILI,32817.9934778438,1561.934610653047,52.154644385271496
LLLLAVLLFILALLLSTLILI,LLLLAVLLFILILLLSTLILI,Left,clash,28.7658,-283.455,4591920000.0,4591920000.0,-74.1919,-277.243,-383.557,4603.19,-49.6038,-32.1221,3610.49,4598.31,46.781,5.92204,3610.49,4598.31,46.781,5.92204,-12.483,1.10011e+16,11,A,124.34576,4.546050521,,,,,0.0544671668807356,0.0089052361923892,L,99999900.0,LLLLAVLLFLLATLISLLILI,27365.33802997393,613.1643758063665,3.939241661655859
LLLAYLLVLLLATLLSFLILI,LLLAYLLILLLATLLSFLILI,Right,clash,25.2157,-275.735,4647520000.0,4647520000.0,-74.1234,-277.613,-369.272,4641.04,-51.5624,-17.5352,3904.59,4747.32,51.8608,5.39111,3895.89,4767.13,74.6726,11.082,-6.69186,1.10011e+17,7,V,124.20429,4.159954751,,,,,0.3721913340967759,0.0746412506748123,R,7840482456349.492,LLLYALLTVLLALLLSFLILI,24930.91653687559,1825.9184051430293,26.76454716372956
LLLLTLLLFILALLLSVLILI,LLLLILLLFILALLLSVLILI,Left,clash,35.6859,-281.951,4883610000.0,4883610000.0,-60.4286,-277.49,-380.578,4611.84,-45.1255,-42.6599,3632.09,4589.59,49.9238,12.4578,3613.48,4619.11,81.0625,20.2378,-9.5277,1.10011e+16,4,T,126.0174,8.996412354,,,,,0.2581175184857681,0.2934669219093676,L,17641378571328.58,LLLLIFLLWLLTALLSVLILI,28245.26452894407,1601.8762475128576,4.138358032557961
LLLLTLLLFILALLLSVLILI,LLLLTLLLFILILLLSVLILI,Left,clash,34.4771,-287.246,4883680000.0,4883680000.0,-60.4314,-281.271,-384.63,4692.46,-45.1255,-42.9275,3613.48,4619.11,46.4179,6.05478,3613.48,4619.11,46.4179,6.05478,-9.5277,1.10011e+16,11,A,124.21302,4.647948303,,,,,0.5645239405960308,0.0904424393258495,L,22795790908990.91,LLLLALLLFVLTWLLSLLILI,30282.12033916441,1203.4038961889382,40.93550473515996
LLLAALLYLLTSLLFVLLILI,LLLAALLYLLTILLFVLLILI,Left,clash,34.2887,-282.256,5425330000.0,5425330000.0,-58.8548,-278.559,-358.961,4669.07,-52.8893,-21.5467,3660.16,4695.17,56.6787,18.1792,3658.98,4698.77,64.8443,18.177,-8.01353,1.10011e+17,11,S,112.0886,13.95525218,,,,,0.5407389343457113,0.0399721419978874,L,99999900.0,LLLVALLLLLTFLLASLLILI,31399.50919415324,1209.37521314738,41.90889326041143
LLLTALLIALLLVLLSFLILI,LLLTALLIILLLVLLSFLILI,Right,clash,31.7681,-281.851,5468800000.0,5468800000.0,-60.4388,-278.277,-376.886,4634.69,-45.097,-38.1704,3801.72,4615.54,51.1165,0.0,3801.72,4615.54,51.1165,0.0,-8.47108,1.10011e+17,8,A,125.4396,9.413671184,,,,,0.2983398255438549,0.1903850826901786,R,-99.9996005323814,LLLYALLTVLLALLLSFLILI,24693.94735960283,804.3768147644796,36.27929701675126
LLLLLALLFVLTSLLAILILI,LLLLLALLFVLTSLLIILILI,Left,clash,22.1744,-284.303,5778630000.0,5778630000.0,-74.2275,-276.652,-384.404,4557.82,-49.9058,-33.5241,3593.55,4686.3,42.5781,10.0038,3593.55,4686.3,42.5781,10.0038,-32.851,1.10011e+16,15,A,119.7166,7.711817108,,,,,0.3274127904316982,0.1182103056243846,L,20896141666566.67,LLLLLALLFVLTSLLAILILI,28538.687369283387,1239.3742307046884,33.61057756840438
LLLAYLLAVLLGLLLGFLILI,LLLAYLLAVLLGLLLIFLILI,GAS,clash,24.2952,-274.499,5781120000.0,5781120000.0,-44.9566,-273.765,-343.548,4588.94,-46.7188,-24.8265,3609.25,4693.97,44.0446,2.2338,3618.64,4687.78,25.2746,2.83271,-14.6822,1.10011e+17,15,G,127.4866,1.722011341,,,,,0.3526856211462583,0.3270653832923144,G,99999900.0,LLLALLLTVLLGGLLFSLILI,19559.59174439336,632.1552729848204,85.98639057931807
LLLALLLGFLLGVLLSTLILI,LLLALLLGFLLIVLLSTLILI,GAS,clash,29.2263,-272.14,5965110000.0,5965110000.0,-74.1741,-271.748,-372.909,4548.19,-50.8275,-26.9869,3598.97,4635.96,51.8386,1.91433,3598.97,4625.99,34.414,1.91433,-10.7949,1.10011e+17,11,G,128.35347,1.469534298,,,,,0.995734183972982,0.9525065174493128,G,99999900.0,LLLAALLALLLGVLLGTLILI,21116.246115188485,10516.157071013866,47.444871272298926
LLLAYLLGLLLGVLLGTLILI,LLLAYLLGLLLIVLLGTLILI,GAS,clash,28.0957,-270.835,6818590000.0,6818590000.0,-58.7057,-267.164,-352.5,4620.71,-56.4742,-26.6304,3467.71,4607.86,61.6274,0.653703,3468.17,4588.0,40.8073,0.435802,-33.5239,1.10011e+17,11,G,129.614097,0.501814723,,,,,0.2444755191116143,0.0027765555109292,G,-18.63567951119505,LLLAGLLFLLLGTLLGSLILI,19758.87309784933,1888.7645164488288,35.70946565259677
LLLVALLLALLFALLSTLILI,LLLVILLLALLFALLSTLILI,Right,clash,39.0976,-272.641,6841380000.0,6841380000.0,-74.1918,-273.774,-379.354,4556.55,-49.551,-31.389,3654.91,4596.22,56.2118,24.9342,3654.91,4596.22,56.2118,24.9342,-7.69636,1.10011e+17,4,A,126.40822,2.629585124,,,,,0.2709401755805442,0.0889664699868052,R,99999900.0,LLLTALLVALLFALLSLLILI,24455.124135549257,1215.5306192120784,27.974266807327524
LLLVYLLLALLTSLLFILILI,LLLVYLLLALLTILLFILILI,Right,clash,30.3931,-279.814,7736210000.0,7736210000.0,-59.0106,-281.546,-366.457,4669.35,-49.7718,-25.8997,3900.68,4654.51,48.3312,7.72556,3899.91,4659.45,57.4155,7.834,-8.36529,1.10011e+17,12,S,122.09644,5.950886599,,,,,0.2817170943604059,0.1138601085093557,R,22452663636263.64,LLLTYLLAVLLAILLFLLILI,24578.220399754427,1086.8522079910235,30.352265251577204
LLLAYLLGTLLGFLLSLLILI,LLLAYLLITLLGFLLSLLILI,GAS,clash,28.4456,-275.185,7764710000.0,7764710000.0,-74.0702,-276.357,-364.092,4636.34,-56.19,-13.6649,3636.74,4702.54,60.5316,0.529552,3636.67,4688.63,41.7261,0.612744,-28.4036,1.10011e+17,7,G,129.065848,0.408619442,,,,,2.022199173387984,0.0620227304949032,G,99999900.0,LLLFVLLTILLGALLSLLILI,31965.87287923148,3205.396363625895,304.2228459148677
LLLYVLLGLLLGFLLSTLILI,LLLYVLLGLLLIFLLSTLILI,GAS,clash,19.509,-274.488,7786790000.0,7786790000.0,-74.0812,-281.098,-369.428,4712.76,-49.5178,-14.2491,3765.42,4758.23,52.4491,3.63931,3765.8,4741.15,31.5391,3.63931,-23.3255,1.10011e+17,11,G,126.62849,2.79371418,,,,,0.2695961344952735,0.0588282928351479,G,99999900.0,LLLYALLFLLLGTLLSILILI,19607.45740412875,1921.4574272867333,33.57231404378239
LLLLLFLLAILYVLLLTLILI,LLLLLFLLIILYVLLLTLILI,Left,clash,31.291,-285.436,7871980000.0,7871980000.0,-58.8948,-284.63,-376.279,4652.27,-51.0089,-32.7544,3810.59,4856.77,47.5389,20.1267,3810.59,4856.77,47.5389,20.1267,-9.34175,1.10011e+16,8,A,111.2029,15.32533412,,,,,1.1314406724413557,0.2311737069987093,L,99999900.0,LLLLLALLLILFVLLSTLILI,33694.149790219046,1832.3049727070315,105.89416083638147
LLLLLFLLAILYVLLLTLILI,LLLLLFLLAILYVLLITLILI,Left,clash,31.1625,-281.378,7871990000.0,7871990000.0,-58.8948,-280.552,-365.914,4605.64,-51.0089,-26.4666,3868.5,4800.93,48.2379,54.9312,3810.59,4856.77,106.965,45.3778,-9.34175,1.10011e+16,15,L,74.7892,42.34584537,,,,,-0.1801531576959389,0.386460072528804,L,99999900.0,LLLLLALLLILFVLLSTLILI,27971.90614158926,5579.50032977318,7.614746850708586
LLLGLLLGALLGTLLSFLILI,LLLGLLLGALLITLLSFLILI,GAS,clash,27.3303,-269.611,7960900000.0,7960900000.0,-74.0016,-268.514,-366.571,4529.73,-55.4808,-24.0559,3617.63,4462.51,54.402,4.11505,3619.28,4440.06,31.7884,2.80764,-19.0839,1.10011e+17,11,G,126.15275,3.158915711,,,,,0.3360370836146032,0.1304258602057442,G,21.90050397976566,LLLYALLALLLGTLLSFLILI,20954.858314517904,2136.332541993063,63.06078895307835
LLLYVLLGALLGILLTLLILI,LLLYVLLGALLIILLTLLILI,GAS,clash,32.1735,-276.65,8105690000.0,8105690000.0,-58.7738,-277.331,-368.982,4671.47,-55.9166,-32.8769,3679.23,4687.8,53.9189,0.199098,3679.23,4665.29,31.125,0.199098,-27.8696,1.10011e+17,11,G,130.068702,0.152837463,,,,,0.1800531714660381,0.0111266278073922,G,-26.40471220597618,LLLTVLLGALLGILLSLLILI,20143.79072474228,3078.859590629839,25.35398521760464
LLLTFLLGVLLGLLLAILILI,LLLTFLLGVLLILLLAILILI,GAS,clash,34.9915,-276.368,8259280000.0,8259280000.0,-44.9375,-274.897,-356.84,4690.4,-49.0587,-37.0055,3546.14,4641.07,54.5753,0.0,3546.14,4622.22,34.0563,0.0,-25.296,1.10011e+17,11,G,130.2678,0.0,,,,,0.3693932253347642,0.1315491145062555,G,-22.94770507948212,LLLTYLLAVLLGLLLAFLILI,19800.29096062184,966.1415299771731,68.0893715731387
LLLLALLLFVLTWLLSLLILI,LLLLALLLFVLTWLLILLILI,Left,clash,29.2164,-287.841,8459310000.0,8459310000.0,-58.8964,-284.219,-379.702,4692.85,-49.8982,-36.5864,3592.12,4734.57,50.2708,5.30751,3585.79,4730.69,56.2093,9.44908,-16.098,1.10011e+16,15,S,124.41289,4.091499872,,,,,0.5106867762878291,0.1713612727087257,L,-57.7243860713316,LLLLLALLFVLTSLLAILILI,29914.542764599948,1445.8225601732397,31.85366553350097
LLLTYLLLVLLAILLSFLILI,LLLTYLLLVLLIILLSFLILI,Right,clash,24.0336,-284.829,8954540000.0,8954540000.0,-60.4831,-284.488,-371.507,4688.61,-45.1085,-26.5364,3842.81,4711.6,56.7442,2.98284,3842.81,4711.6,56.7442,2.98284,-7.94812,1.10011e+17,11,A,127.28496,2.28977537,,,,,0.2092421328268646,0.0817084200888618,R,14095726945625.238,LLLYALLTVLLALLLSFLILI,24322.53709867088,1741.7431858734803,12.691780500041071
LLLAYLLLTLLAVLLSILILI,LLLAYLLLTLLAVLLIILILI,Right,clash,27.0557,-276.824,8975580000.0,8975580000.0,-58.8404,-276.134,-372.212,4608.13,-54.5266,-37.2373,3815.0,4579.14,44.3596,7.31128,3809.92,4584.25,54.5671,12.0295,-7.73195,1.10011e+17,15,S,122.40912,5.636183669,,,,,3.0416601425159304,0.4364890166904179,R,99999900.0,LLLAYLLTVLLAFLLSLLILI,34303.702237023914,9093.797832661665,229.0080846779764
LLLAYLLLTLLAVLLSILILI,LLLAYLLLTLLIVLLSILILI,Right,clash,27.0613,-278.854,8975580000.0,8975580000.0,-74.1748,-279.048,-387.504,4613.35,-54.5266,-34.2813,3809.92,4584.25,52.7539,18.7327,3809.92,4584.25,52.7539,18.7327,-7.73195,1.10011e+17,11,A,111.5351,14.38014613,,,,,4.792565444154755,5.233705359705717,R,99999900.0,LLLAYLLTVLLAFLLSLLILI,40615.606958772834,25350.673612222014,91.4834577223182
LLLVYLLLALLTSLLFILILI,LLLVYLLLILLTSLLFILILI,Right,clash,30.4786,-281.844,9072540000.0,9072540000.0,-74.3126,-283.58,-380.409,4690.99,-54.4834,-22.5164,3899.91,4659.45,52.5782,19.7403,3899.91,4659.45,52.5782,19.7403,-8.36529,1.10011e+17,8,A,111.5893,15.03111256,,,,,0.1251716424312518,0.2886768266651848,R,99999900.0,LLLSYLLVILLTLLLAFLILI,24212.517821084264,557.5451106798647,27.5928414529923
LLLAYLLGLLLGTLLAFLILI,LLLAYLLILLLGTLLAFLILI,GAS,clash,28.5174,-274.091,10045700000.0,10045700000.0,-58.663,-273.531,-348.844,4623.68,-57.6346,-16.6496,3585.71,4709.54,55.1926,2.15394,3586.15,4698.69,37.7001,1.79077,-28.2039,1.10011e+17,7,G,127.44146,1.662049733,,,,,0.2827431798648738,0.0655294417443665,G,11890067785708.83,LLLAGLLFLLLGTLLGSLILI,19806.352926171297,2006.8099506732203,34.810467182653845
LLLALLLGFLLGTLLGVLILI,LLLALLLGFLLITLLGVLILI,GAS,clash,32.4879,-271.24,10820500000.0,10820500000.0,-58.6797,-268.55,-353.97,4527.88,-55.3843,-26.7402,3408.1,4607.07,57.5896,0.0,3408.1,4594.46,40.251,0.0,-28.9192,1.10011e+17,11,G,130.2678,0.0,,,,,0.2930621302350463,0.0968945589534037,G,-13.205411863416556,LLLAGLLFLLLGTLLGSLILI,19120.70905482324,1173.0403730872583,53.24152381998771
LLLTLLLGLLLGFLLSILILI,LLLTLLLGLLLIFLLSILILI,GAS,clash,33.1463,-280.477,10991500000.0,10991500000.0,-60.3038,-277.631,-380.545,4652.4,-51.655,-42.6105,3550.37,4608.44,47.6976,0.0,3550.37,4596.81,29.0781,0.0,-31.722,1.10011e+17,11,G,130.2678,0.0,,,,,0.2864639079470479,0.0494842710138134,G,99999900.0,LLLYALLFLLLGTLLSILILI,20256.65046767241,1887.4237341693488,47.33358190499679
LLLLVLLLAILFLLLSTLILI,LLLLVLLLIILFLLLSTLILI,Left,clash,19.9954,-291.625,11009800000.0,11009800000.0,-74.1764,-281.328,-396.051,4602.07,-49.5967,-40.5464,3697.1,4631.92,38.3819,18.6191,3697.1,4631.92,38.3819,18.6191,-30.5202,1.10011e+16,8,A,112.7105,14.17738271,,,,,-0.273573743613988,0.8949924268639704,L,99999900.0,LLLLLALLLILFVLLSTLILI,27068.069085724044,7532.451116325107,29.381155282775616
LLLTFLLGALLGILLSLLILI,LLLTFLLGALLIILLSLLILI,GAS,clash,32.9779,-273.773,11257200000.0,11257200000.0,-60.3396,-273.489,-367.718,4615.37,-51.769,-33.8903,3564.63,4511.04,54.3564,0.0,3564.63,4488.59,31.6632,0.0,-31.2093,1.10011e+17,11,G,130.2678,0.0,,,,,0.182113338979954,0.1032990653931274,G,99999900.0,LLLTGLLFGLLAILLSLLILI,20640.50085327752,4016.057914309125,16.060333407224615
LLLTLLLGVLLGFLLAILILI,LLLTLLLGVLLIFLLAILILI,GAS,clash,24.6338,-273.266,11657300000.0,11657300000.0,-44.9169,-274.13,-355.621,4648.53,-50.8284,-36.5745,3603.98,4647.42,58.6481,0.682812,3603.98,4625.23,36.8712,0.682812,-40.8357,1.10011e+17,11,G,129.584988,0.52416023,,,,,0.2632616647154048,0.1146447507812975,G,14260290771572.582,LLLTYLLAVLLGLLLAFLILI,19964.41436389615,1536.3779059879482,50.70161379812629
LLLTALLFALLAYLLSLLILI,LLLTILLFALLAYLLSLLILI,Right,clash,38.1356,-282.368,12428500000.0,12428500000.0,-60.3015,-277.661,-361.827,4622.15,-45.0419,-23.8649,3602.18,4741.08,50.2506,17.7368,3602.18,4741.08,50.2506,17.7368,-17.2261,1.10011e+17,4,A,126.85033,2.623418834,,,,,0.3382972481073393,0.0947619806374622,R,-24.16860291924681,LLLAYLLTVLLAFLLSLLILI,24834.78789584342,1182.5165843744342,33.96171831957267
LLLTALLFALLAYLLSLLILI,LLLTALLFALLIYLLSLLILI,Right,clash,34.6868,-282.739,12477200000.0,12477200000.0,-60.3015,-278.6,-362.459,4652.81,-45.0419,-23.5578,3602.18,4741.08,45.2005,3.41747,3602.18,4741.08,45.2005,3.41747,-17.2261,1.10011e+17,11,A,126.85033,2.623418834,,,,,0.2980809664060191,0.0509373885972987,R,20051412857174.0,LLLTALLVALLFALLSLLILI,24720.017947398774,1285.3526077916265,27.99522930464711
LLLLALLLFVLTWLLSLLILI,LLLLAILLFVLTWLLSLLILI,Left,clash,29.8254,-285.807,12582800000.0,12582800000.0,-74.1363,-282.2,-384.107,4629.84,-49.8982,-27.771,3620.28,4675.84,56.9389,45.2272,3585.79,4730.69,113.928,41.8005,-16.098,1.10011e+16,5,L,85.0676,34.71143898,,,,,0.4163946047930849,0.0370071277221543,L,-58.85130582211235,LLLLLALLFVLTSLLAILILI,29286.582311513303,884.0012829228921,36.1916809376372
LLLLLLLLAVLYTLLSFLILI,LLLLLLLLAVLYTLLIFLILI,Left,clash,27.4734,-288.596,12632600000.0,12632600000.0,-58.9029,-281.64,-370.398,4651.54,-56.9365,-29.8546,3728.5,4748.23,44.588,23.0017,3725.71,4750.56,53.8865,22.607,-14.8098,1.10011e+16,15,S,106.7187,17.73175229,,,,,2.302532513658104,0.5861258614020038,L,99999900.0,LLLLLLLLFVLATLLSILILI,42588.857027374,982.347167567895,222.18844167747355
LLLAILLYTLLAVLLSLLILI,LLLAILLYILLAVLLSLLILI,Right,clash,21.6763,-272.442,13078100000.0,13078100000.0,-60.4096,-275.78,-378.946,4563.61,-45.0484,-42.757,3957.4,4652.01,55.0556,21.4599,3943.79,4680.79,81.3693,32.13,-10.2236,1.10011e+17,8,T,109.8697,16.34048988,,,,,0.773826502200945,0.1698786195747382,R,8804824107048.135,LLLAYLLTVLLAFLLSLLILI,27096.80736237,2171.743217778062,54.77595185637312
LLLYVLLGLLLGFLLSTLILI,LLLYVLLILLLGFLLSTLILI,GAS,clash,19.7006,-274.486,13134200000.0,13134200000.0,-74.0812,-279.249,-367.774,4717.26,-49.5178,-14.4429,3765.69,4758.56,58.0154,1.11236,3765.8,4741.15,38.1885,0.995492,-23.3255,1.10011e+17,7,G,128.48304,0.858332935,,,,,0.2055464855419246,0.0221048754410015,G,99999900.0,LLLFVLLTILLGALLSLLILI,19098.279798949112,1468.2104285552753,32.56789678540087
LLLALLLGFLLGTLLGVLILI,LLLALLLGFLLGTLLIVLILI,GAS,clash,32.5076,-271.24,14102700000.0,14102700000.0,-58.6797,-268.409,-354.64,4508.07,-57.7067,-27.5522,3403.07,4602.75,44.5603,0.581069,3408.1,4594.46,25.2694,0.508435,-28.9192,1.10011e+17,15,G,129.139331,0.447939568,,,,,0.8946616470876638,0.1326598201676544,G,-61.34554749883466,LLLALLLTVLLGGLLFSLILI,24623.614287052085,1204.1050445618148,145.5498069541864
LLLAFLLGLLLGTLLSVLILI,LLLAFLLILLLGTLLSVLILI,GAS,clash,39.5887,-271.489,14408000000.0,14408000000.0,-74.0328,-272.449,-370.526,4598.77,-52.0737,-24.0442,3616.01,4588.26,58.3429,0.0,3616.01,4575.52,40.6903,0.0,-17.9955,1.10011e+17,7,G,129.5954,0.0,,,,,2.4095086283099016,1.212813474820926,G,99999900.0,LLLAGLLFLLLGTLLGSLILI,34154.333333333336,10619.158786520396,228.51730459356472
LLLALLLGLLLGVLLSTLILI,LLLALLLGLLLIVLLSTLILI,GAS,clash,26.3431,-269.464,15319500000.0,15319500000.0,-74.1192,-270.653,-389.705,4560.3,-53.7195,-44.9325,3611.01,4559.58,53.4774,2.08604,3611.41,4542.45,32.6347,2.21346,-16.0131,1.10011e+17,11,G,128.18176,1.601347378,,,,,0.2612953789322484,0.071152516652753,G,21646457698547.21,LLLAALLALLLGVLLGTLILI,19208.124929944872,1937.589291988974,31.066843401193044
LLLLVALLFILLYLLSTLILI,LLLLVALLFILLYLLITLILI,Left,clash,22.355,-283.477,16043400000.0,16043400000.0,-58.9677,-282.228,-364.211,4683.85,-49.6793,-23.0148,3753.74,4713.01,41.4202,23.1185,3745.63,4714.94,50.4879,34.1251,-15.537,1.10011e+16,15,S,106.6019,17.8217921,,,,,1.4580036892092083,1.182812342674433,L,99999900.0,LLLLLALLLILFVLLSTLILI,36126.79785717892,7936.089398071344,50.835296174802615
LLLTLLLGLLLGFLLSILILI,LLLTLLLILLLGFLLSILILI,GAS,clash,34.0013,-280.447,16043700000.0,16043700000.0,-60.3038,-277.576,-380.699,4628.34,-48.522,-42.8187,3550.37,4605.51,54.4888,0.0,3550.37,4596.81,38.0234,0.0,-31.722,1.10011e+17,7,G,129.5954,0.0,,,,,0.3002324123600322,0.0317888836663405,G,99999900.0,LLLYALLFLLLGTLLSILILI,19850.26683135123,1788.8322974693165,40.89879563382284
LLLVALLTILLYLLFSLLILI,LLLVILLTILLYLLFSLLILI,Left,clash,24.3912,-283.936,16752700000.0,16752700000.0,-74.2508,-283.652,-384.773,4633.3,-49.8754,-26.8695,3810.52,4669.72,46.353,18.9953,3810.52,4669.72,46.353,18.9953,-6.30302,1.10011e+17,4,A,119.4799,13.71747432,,,,,0.2811833295117765,0.262412187743247,L,20632309940075.35,LLLTSLLAVLLALLFSLLILI,28444.5815640621,1436.4453426137609,7.820377446919853
LLLTLLLGILLGFLLAVLILI,LLLTLLLGILLIFLLAVLILI,GAS,clash,25.0306,-274.174,17533000000.0,17533000000.0,-44.948,-274.164,-355.873,4698.39,-50.2413,-36.7607,3636.98,4679.34,58.5411,0.279653,3636.98,4656.17,36.3004,0.279653,-39.0511,1.10011e+17,11,G,129.988147,0.214675461,,,,,0.300324913229114,0.170720089573568,G,-36.0420748834141,LLLALLLGFLLGTLLGVLILI,19639.572657013006,614.5277258439968,61.99767996062655
LLLAFLLGILLGLLLGTLILI,LLLAFLLIILLGLLLGTLILI,GAS,clash,25.4328,-269.626,17986500000.0,17986500000.0,-58.7173,-266.727,-351.746,4612.49,-54.9806,-26.3019,3508.73,4591.62,57.2065,0.0,3508.73,4579.29,39.9195,0.0,-25.8973,1.10011e+17,7,G,129.5954,0.0,,,,,0.2895094510337032,0.0299980986441755,G,-63.78783557753231,LLLASLLVGLLFLLLGLLILI,19919.17890388405,1571.6058773302443,45.75312930309546
LLLVALLALLLGTLLSFLILI,LLLVALLALLLITLLSFLILI,GAS,clash,19.4336,-270.547,20326400000.0,20326400000.0,-74.0748,-273.409,-377.949,4604.72,-52.3687,-30.4653,3673.66,4611.96,58.0568,0.79897,3674.32,4592.21,37.0971,0.508435,-22.2201,1.10011e+17,11,G,129.46883,0.61332885,,,,,0.1680725939243393,0.0484932470149044,G,-0.8523297734974981,LLLYSLLALLLGTLLGFLILI,18759.023628178344,1293.4132792198432,29.797497714346505
LLLYILLFTLLVALLSLLILI,LLLYILLFILLVALLSLLILI,Right,clash,22.1595,-279.798,21098600000.0,21098600000.0,-60.4781,-281.565,-369.489,4736.73,-45.1164,-27.4456,3967.22,4796.61,52.1645,12.9849,3960.8,4821.55,76.8763,17.3548,-10.613,1.10011e+17,8,T,118.3447,9.887260755,,,,,0.0732656544828936,0.4035136469100657,R,99999900.0,LLLTALLVALLFALLSLLILI,23488.71346247097,351.89540875011147,30.04763860818308
LLLTLLLGLLLGFLLSALILI,LLLTLLLGLLLIFLLSALILI,GAS,clash,28.1386,-274.415,22315900000.0,22315900000.0,-60.2235,-271.671,-370.528,4627.43,-49.3465,-38.6332,3640.47,4720.37,53.67,1.75055,3641.07,4705.24,34.7489,1.75055,-28.6058,1.10011e+17,11,G,128.51725,1.343808677,,,,,0.2544407918151158,0.0992654740709821,G,99999900.0,LLLTVLLGALLGILLSLLILI,20209.53056597725,2684.162084624452,27.130393107191235
LLLALLLGALLGTLLSFLILI,LLLALLLIALLGTLLSFLILI,GAS,clash,28.5752,-268.235,22668600000.0,22668600000.0,-73.9598,-269.322,-370.215,4527.44,-54.8174,-26.933,3690.71,4567.75,62.0503,15.0624,3694.83,4547.02,41.0288,12.1517,-16.3762,1.10011e+17,7,G,114.533,11.62263475,,,,,0.2470159133644709,0.0746326954482326,G,-59.90972271851908,LLLALLLTVLLGGLLFSLILI,20717.99415935678,2979.0719370897204,44.14339640359321
LLLAVLLIGLLFGLLSTLILI,LLLAVLLIILLFGLLSTLILI,GAS,clash,26.1738,-270.538,23808200000.0,23808200000.0,-74.0695,-271.799,-367.316,4554.54,-49.5688,-21.4477,3721.75,4655.68,58.2001,9.52788,3741.17,4647.47,41.6392,4.64013,-13.9917,1.10011e+17,8,G,121.80172,7.254937196,,,,,0.3107757263118466,0.028779776214287,G,-59.97221758170228,LLLFVLLTILLGALLSLLILI,19866.659043668253,1439.2913904614777,48.7576964869694
LLLALLLGLLLGTLLSFLILI,LLLALLLGLLLITLLSFLILI,GAS,clash,28.3427,-273.19,23867900000.0,23867900000.0,-74.0307,-273.405,-379.997,4608.79,-56.1481,-32.5609,3582.8,4606.85,52.8509,1.36916,3583.4,4588.81,31.9194,0.715455,-23.5239,1.10011e+17,11,G,128.89864,1.051034868,,,,,0.1342840004998956,0.1508701712617531,G,99999900.0,LLLAGLLFLLLGTLLGSLILI,18999.95859997424,2633.2869289086743,4.064442686911393
LLLTALLLLLVALLFSLLILI,LLLTALLLLLVILLFSLLILI,Left,clash,31.839,-284.942,24639900000.0,24639900000.0,-60.3638,-278.208,-378.022,4672.03,-45.0527,-39.4505,3610.84,4623.01,47.995,10.7187,3610.84,4623.01,47.995,10.7187,-17.9063,1.10011e+17,11,A,119.5491,8.228203746,,,,,5.247594637337136,4.356517537640416,L,99999900.0,LLLTSLLAVLLALLFSLLILI,63108.688070711934,17028.56803694505,681.0529913842605
LLLTALLLLLVALLFSLLILI,LLLTILLLLLVALLFSLLILI,Left,clash,36.254,-284.263,24640000000.0,24640000000.0,-60.3638,-277.406,-378.946,4630.4,-45.0527,-41.1759,3610.84,4623.01,43.2007,20.6289,3610.84,4623.01,43.2007,20.6289,-17.9063,1.10011e+17,4,A,119.5491,8.228203746,,,,,0.2585812049402288,0.1722119940140243,L,15178042027303.225,LLLTSLLAVLLALLFSLLILI,28355.68079493141,929.7010326163352,11.187898423388107
LLLTLLLGALLGFLLSILILI,LLLTLLLIALLGFLLSILILI,GAS,clash,29.2536,-274.607,28503700000.0,28503700000.0,-60.2245,-273.539,-369.971,4581.31,-51.9809,-36.2075,3612.23,4591.34,59.1549,0.356901,3612.4,4578.5,40.9023,0.284267,-38.4828,1.10011e+17,7,G,129.238499,0.275396349,,,,,0.2500450705119036,0.0824040010901175,G,99999900.0,LLLYALLFLLLGTLLSILILI,20400.77993966648,2423.8912723454464,45.39858357792879
LLLALLLGLLLGVLLSTLILI,LLLALLLILLLGVLLSTLILI,GAS,clash,26.9683,-269.444,28990400000.0,28990400000.0,-74.1192,-271.948,-391.048,4564.0,-51.9568,-44.9807,3611.41,4556.14,57.6879,0.0,3611.41,4542.45,38.6163,0.0,-16.0131,1.10011e+17,7,G,129.5954,0.0,,,,,0.0478489143571236,0.296730093362184,G,99999900.0,LLLALLLTVLLGGLLFSLILI,18704.490851831182,2202.689929427772,37.94124324809035
LLLVALLLLLISLLFTLLILI,LLLVILLLLLISLLFTLLILI,Left,clash,44.6653,-284.47,30187200000.0,30187200000.0,-74.2829,-280.756,-393.754,4666.27,-49.6584,-38.7156,3617.38,4633.67,39.9008,11.7521,3617.38,4633.67,39.9008,11.7521,-10.5996,1.10011e+17,4,A,126.7231,8.486790414,,,,,0.4647392706532834,0.0529194039620367,L,99999900.0,LLLVALLLLLTFLLASLLILI,30748.209139805807,1202.9887244513232,41.06532344244168
LLLLLTLLAVLISLLFLLILI,LLLLLTLLAVLISLLILLILI,Left,clash,46.8398,-280.991,30626300000.0,30626300000.0,-60.4271,-275.783,-395.856,4557.03,-45.0975,-59.6455,3606.02,4594.36,41.2866,2.70926,3601.71,4674.7,127.228,12.8806,-10.1202,1.10011e+16,15,F,127.01114,2.088538117,,,,,0.3278757078140014,0.0643291124857905,L,99999900.0,LLLLLALLFVLTSLLAILILI,30260.97134654565,2098.712453289196,30.53272935960197
LLLLIFLLWLLTALLSVLILI,LLLLIFLLWLLTALLIVLILI,Left,clash,38.1989,-287.747,31000300000.0,31000300000.0,-58.7529,-282.967,-373.538,4702.14,-49.5124,-31.8182,3654.33,4748.78,42.2998,18.7883,3652.42,4744.74,48.5334,18.9633,-9.28387,1.10011e+16,15,S,110.9321,14.48368954,,,,,0.5502376194877691,0.1674251988961776,L,19796428488201.48,LLLLIFLLWLLTALLSVLILI,32105.272845796066,2277.33771694003,35.31564150051699
LLLTLLLGVLLGFLLGILILI,LLLTLLLIVLLGFLLGILILI,GAS,clash,30.9541,-275.671,33598300000.0,33598300000.0,-44.9313,-272.87,-351.8,4621.6,-50.1696,-33.9989,3532.18,4606.98,58.6303,0.0,3532.18,4593.62,40.3321,0.0,-31.8391,1.10011e+17,7,G,129.5954,0.0,,,,,0.2860483447427471,0.0164005937790103,G,-50.78322407555831,LLLALLLTVLLGGLLFSLILI,19499.20278392633,1634.701823467081,40.41244929884922
LLLLALLTILLFVLASLLILI,LLLLALLTILLFVLISLLILI,Left,clash,20.6522,-277.625,37398800000.0,37398800000.0,-74.2574,-277.356,-384.587,4600.56,-49.7267,-32.9731,3744.38,4565.63,41.8149,14.5726,3744.38,4565.63,41.8149,14.5726,-6.80419,1.1011e+16,14,A,115.3142,11.21946187,,,,,0.4333762914290565,0.0025270934933799,L,-56.74853230391206,LLLVALLLILTFLLASLLILI,29095.58515555905,1411.379212073325,35.586577884817835
LLLLWVLLFLLAILTSLLILI,LLLLWVLLFLLAILTILLILI,Left,clash,45.2337,-290.074,37599000000.0,37599000000.0,-58.919,-281.294,-373.702,4667.14,-49.7177,-33.4894,3597.23,4625.96,42.65,22.9588,3592.54,4629.72,52.3564,22.6786,-10.4562,1.1011e+16,15,S,106.7616,17.69868116,,,,,0.0584802771238181,0.0488845568412944,L,-30.3586173415934,LLLLAVLLFLLATLISLLILI,27069.655389375315,476.2276493976886,1.9556015838963177
LLLLYLLIALLVALLSTLILI,LLLLYLLIILLVALLSTLILI,Right,clash,24.2121,-277.217,43956900000.0,43956900000.0,-74.2471,-277.718,-384.974,4676.58,-49.5914,-33.0091,3837.99,4588.98,49.7419,25.5248,3837.99,4588.98,49.7419,25.5248,-16.83,1.10011e+17,8,A,119.87848,7.659348955,,,,,0.1345462123997986,0.1462945811897531,R,17910978571328.58,LLLLALLVALLFALLSTLILI,24146.94591325521,908.9960332235946,19.94211510043455
LLLLVLLIGLLFGLLFALILI,LLLLVLLIILLFGLLFALILI,GAS,clash,24.0537,-271.413,45194300000.0,45194300000.0,-44.9897,-275.816,-343.569,4688.23,-44.9897,-22.7637,3736.96,4695.6,55.9511,10.1532,3755.6,4687.67,40.6032,4.57808,-19.9506,1.10011e+17,8,G,121.1764,7.731082711,,,,,0.2909261763684203,0.1068763248142869,G,-25.68313318660519,LLLATLLVGLLFGLLFLLILI,20192.65475202775,2435.0836215985846,31.710354569610303
LLLTSLLLALLFGLLFALILI,LLLTSLLLALLFILLFALILI,GAS,clash,33.571,-285.227,48424000000.0,48424000000.0,-44.9597,-276.616,-348.069,4647.34,-48.4303,-26.4935,3668.16,4727.81,55.0772,0.363168,3669.84,4713.45,36.3807,0.0726336,-19.7661,1.10011e+17,12,G,129.458832,0.279743033,,,,,0.3728574742506201,0.04165849509176,G,18.3724560729488,LLLTVLLLGLLFGLLFALILI,21747.93502849248,3088.686857471904,59.240051351921686
LLLTSLLLALLFGLLFALILI,LLLTILLLALLFGLLFALILI,GAS,clash,40.2799,-279.512,48731100000.0,48731100000.0,-44.9597,-272.712,-340.811,4615.16,-44.9597,-23.1393,3681.8,4709.73,52.8869,23.6315,3669.84,4713.45,61.2791,24.2717,-19.7661,1.10011e+17,4,S,123.35175,4.72031348,,,,,0.2868701719268433,0.0451421624610473,G,-19.427378226983063,LLLATLLVGLLFGLLFLLILI,21049.961904589807,3259.867126382189,37.54088549667652
LLLLALLTILLFVLASLLILI,LLLLILLTILLFVLASLLILI,Left,clash,23.5116,-277.303,53879000000.0,53879000000.0,-74.2463,-276.73,-385.338,4585.35,-49.8444,-34.3618,3744.38,4565.63,43.4317,18.721,3744.38,4565.63,43.4317,18.721,-6.80419,1.1011e+16,4,A,115.3142,11.21946187,,,,,0.3294917909888323,0.1233914145718151,L,-26.072631205511648,LLLVALLLILTFLLASLLILI,28618.367784789687,1178.7120292113705,19.80986396995248
LLLYVLLTLLLGGLLFALILI,LLLYVLLTLLLGILLFALILI,GAS,clash,29.7826,-278.057,54860300000.0,54860300000.0,-58.7757,-278.331,-352.133,4749.1,-49.4948,-15.0264,3859.06,4715.53,57.52,24.6861,3877.95,4701.31,38.5198,9.57471,-9.69791,1.10011e+17,12,G,105.1359,19.01534409,,,,,0.1706652666434263,0.0494441786590488,G,16465286666566.662,LLLALLLTVLLGGLLFSLILI,18729.05916869564,1794.8013736649978,19.982004897047347
LLLYFLLGILLGVLLSLLILI,LLLYFLLGILLIVLLSLLILI,GAS,clash,33.7178,-275.94,63203300000.0,63203300000.0,-60.344,-278.728,-360.601,4721.79,-49.3708,-21.5283,3642.72,4649.99,53.4129,2.73506,3642.91,4629.75,31.6916,2.80769,-32.2999,1.10011e+17,11,G,127.53274,2.099567199,,,,,0.0886361594264527,0.0358176068865676,G,99999900.0,LLLFVLLTILLGALLSLLILI,18082.32885543363,1302.101073777763,16.78084243796538
LLLYALLLSLLTALLVFLILI,LLLYALLLILLTALLVFLILI,Right,clash,29.3267,-279.584,63640100000.0,63640100000.0,-58.9741,-279.761,-357.42,4729.0,-49.8778,-18.6848,3910.41,4747.42,54.6476,5.53599,3906.28,4767.35,69.5978,5.67768,-7.23242,1.10011e+17,8,S,125.79361,4.215340639,,,,,0.1447352832553007,0.0896009451661496,R,-24.07473639412557,LLLYALLTVLLALLLSFLILI,24074.067326894383,1094.5127439819507,17.436750667413392
LLLTYLLIVLLALLLSFLILI,LLLTYLLIVLLALLLIFLILI,Right,clash,22.6339,-281.717,67165500000.0,67165500000.0,-45.1159,-282.553,-360.366,4674.96,-45.1159,-32.6969,3920.98,4679.86,43.586,20.9444,3919.17,4680.31,51.9829,21.305,-10.6115,1.10011e+17,15,S,108.776,16.14580282,,,,,0.2396416410877831,0.009580214198029,R,99999900.0,LLLYALLTVLLALLLSFLILI,24698.9671983731,1482.5720420307894,19.51270051395349
LLLYVLLALLLGTLLGFLILI,LLLYVLLALLLITLLGFLILI,GAS,clash,24.205,-279.862,80240600000.0,80240600000.0,-58.7232,-278.363,-353.421,4705.68,-50.507,-16.3352,3723.99,4748.0,61.376,0.0,3723.99,4728.28,40.6745,0.0,-20.6671,1.10011e+17,11,G,130.2678,0.0,,,,,0.1232563788369075,0.0209490448482778,G,20896141666566.67,LLLAGLLFLLLGTLLGSLILI,19177.148726794367,2241.6507697095185,20.33048788061724
LLLTALLIALLLVLLSWLILI,LLLTALLIALLLILLSWLILI,Right,clash,26.3247,-283.183,82119300000.0,82119300000.0,-60.4027,-279.616,-388.289,4660.35,-45.0273,-48.27,3927.96,4690.91,42.3721,22.4974,3905.79,4700.75,69.4093,29.3102,-5.55503,1.10011e+17,12,V,107.3246,17.32942028,,,,,0.2460081727125423,0.0294828773437592,R,0.6850622107719975,LLLTALLVALLFALLSLLILI,24464.412199527964,1352.0613842835658,22.36068896874696
LLLVALLFALLGLLLGTLILI,LLLVALLFALLGLLLITLILI,GAS,clash,27.123,-266.397,89919700000.0,89919700000.0,-58.7454,-270.188,-356.342,4590.36,-58.5892,-27.4081,3562.87,4616.26,43.169,8.77779,3566.45,4611.9,24.6958,5.72718,-11.1281,1.10011e+17,15,G,120.94261,6.766699763,,,,,0.4006854178482176,0.0171205012021779,G,-36.32025695222156,LLLYALLFLLLGTLLSILILI,21992.4373772098,3177.066284808145,60.78276428763322
LLLLLLLTALLIFLVSLLILI,LLLLLLLTILLIFLVSLLILI,Left,clash,28.4654,-287.019,90583900000.0,90583900000.0,-74.2285,-280.76,-391.649,4668.05,-49.5667,-36.6598,3680.13,4705.13,47.4992,7.60477,3680.13,4705.13,47.4992,7.60477,-10.8614,1.1011e+16,8,A,123.72483,5.790598616,,,,,0.3509175150059203,0.4704698705502272,L,99999900.0,LLLVALLTILLALLFSLLILI,29025.08500053692,2447.500715471695,1.492037716855373
LLLFALLLVLITLLLSLLILI,LLLFALLLVLIILLLSLLILI,Left,clash,36.6545,-282.864,104600000000.0,104600000000.0,-60.4613,-277.6,-381.383,4724.78,-45.152,-43.3214,3702.98,4626.46,49.7313,18.0665,3691.79,4648.53,78.5507,27.392,-10.1998,1.10011e+17,11,T,112.2013,13.86873809,,,,,0.4151417655342386,0.3247472812227919,L,16465286666566.662,LLLVALLLILTFLLASLLILI,30760.5681743882,2826.289089225599,52.727931827433714
LLLFALLLVLITLLLSLLILI,LLLFALLLVLITLLISLLILI,Left,clash,36.6526,-282.014,104600000000.0,104600000000.0,-74.2921,-276.764,-383.807,4681.39,-49.6868,-32.7509,3725.58,4616.21,44.7623,16.9723,3691.79,4648.53,97.8975,45.4452,-10.1998,1.10011e+17,14,L,112.9145,13.06699372,,,,,4.349455576317807,5.6266779786309895,L,22795790908990.91,LLLVALLLILTFLLASLLILI,45986.82725010029,27124.58280970272,681.0529913842605
LLLAYLLVLLLTLLLSFLILI,LLLAYLLILLLTLLLSFLILI,Right,clash,24.1682,-279.305,112114000000.0,112114000000.0,-74.2406,-281.334,-379.69,4667.68,-49.6739,-24.116,3924.77,4813.99,47.3845,11.1705,3912.71,4826.01,71.5924,17.2899,-10.2102,1.10011e+17,7,V,118.4249,8.619518903,,,,,0.2963410315094842,0.2742933248176739,R,17910978571328.58,LLLYALLTVLLALLLSFLILI,24966.97183860196,471.69148988078695,41.08343595255556
LLLAYLLVALLTLLLSFLILI,LLLAYLLIALLTLLLSFLILI,Right,clash,21.7559,-274.728,163499000000.0,163499000000.0,-74.296,-277.598,-369.759,4613.37,-49.7364,-17.8648,3863.46,4602.99,52.9308,27.7362,3850.65,4629.56,88.6665,45.7883,-13.5001,1.10011e+17,7,V,101.8592,21.40214853,,,,,1.9330754352504296,2.132958079053224,R,99999900.0,LLLYALLTVLLALLLSFLILI,30799.951213695524,10596.7877729335,35.59922360903091
LLLVYLLLALLTALLSILILI,LLLVYLLLALLTILLSILILI,Right,clash,21.4589,-276.016,172228000000.0,172228000000.0,-74.3039,-278.595,-388.766,4606.7,-49.7,-35.8677,3774.76,4526.91,48.1666,6.66973,3774.76,4526.91,48.1666,6.66973,-18.8836,1.10011e+17,12,A,123.15227,5.137596093,,,,,-0.323952208470464,1.0013712930716023,R,99999900.0,LLLTYLLFVLLAILLSLLILI,22646.943823758,2961.3245877988315,32.1869901748347
LLLVYLLLALLTALLSILILI,LLLVYLLLILLTALLSILILI,Right,clash,21.4848,-276.016,172234000000.0,172234000000.0,-74.2934,-278.561,-388.089,4620.89,-49.8155,-35.2345,3774.76,4526.91,54.0945,16.6154,3774.76,4526.91,54.0945,16.6154,-18.8836,1.10011e+17,8,A,123.15227,5.137596093,,,,,2.0769044853175176,1.5889870070050378,R,99999900.0,LLLVALLLALLFALLSTLILI,31032.60769339112,9336.373002640312,79.88179790121833
LLLLSLLFALLIALLVTLILI,LLLLSLLFILLIALLVTLILI,Right,clash,25.0232,-276.003,182116000000.0,182116000000.0,-58.8343,-276.78,-372.035,4615.04,-53.1101,-36.4207,3735.14,4579.2,50.3285,0.0,3735.14,4579.2,50.3285,0.0,-21.0659,1.10011e+17,8,A,113.772,12.36308176,,,,,0.2034300070617062,0.0058005173783449,R,-37.94978254906473,LLLLALLVALLFALLSTLILI,24354.676158122107,1453.3751945038198,16.702362327017944
LLLTVLLGLLLGFLLSALILI,LLLTVLLILLLGFLLSALILI,GAS,clash,35.514,-275.361,182340000000.0,182340000000.0,-60.2116,-271.42,-365.179,4577.7,-47.4447,-33.5474,3696.54,4675.66,59.9664,0.0,3696.54,4659.24,41.0486,0.0,-19.9475,1.10011e+17,7,G,129.5954,0.0,,,,,0.2191006213162283,0.0294787098760228,G,16465286666566.662,LLLFVLLTILLGALLSLLILI,19219.36875718436,1749.7889539571804,29.1928274150827
LLLYWLLTVLLALLFSLLILI,LLLYWLLTVLLILLFSLLILI,Left,clash,57.7636,-294.658,212871000000.0,212871000000.0,-74.1887,-290.717,-378.852,4795.91,-49.6096,-13.9465,3887.96,4816.97,51.3605,21.3901,3887.96,4816.97,51.3605,21.3901,-12.558,1.10011e+17,11,A,108.8777,16.42009768,,,,,0.3945601703839471,0.2265865648460947,L,22622926274322.777,LLLTSLLAVLLALLFSLLILI,29256.3809847314,1366.0043643763972,19.16368963811014
LLLYWLLTVLLALLFSLLILI,LLLYWLLTVLLALLISLLILI,Left,clash,57.7642,-289.628,212871000000.0,212871000000.0,-74.1887,-285.626,-386.279,4736.35,-49.6096,-26.4644,3894.48,4701.98,46.8699,23.5838,3887.96,4816.97,144.539,32.6245,-12.558,1.10011e+17,14,F,106.303,18.15719534,,,,,0.3974036504123684,0.0298312820009672,L,4432636291023.711,LLLTSLLAVLLALLFSLLILI,29357.445498614816,550.815786715749,30.773685996642097
LLLFYLLVALLLTLLSTLILI,LLLFYLLVILLLTLLSTLILI,Right,clash,29.7576,-284.164,223088000000.0,223088000000.0,-87.9016,-282.607,-382.43,4722.77,-54.0958,-11.9217,3751.37,4639.11,44.737,5.41639,3751.37,4639.11,44.737,5.41639,-7.98098,1.10011e+17,8,A,125.91321,4.124272061,,,,,0.2295179401910709,0.0551407122633559,R,22622926274322.777,LLLLALLVALLFALLSTLILI,24566.908884501005,1232.291932603658,22.49916528809082
LLLTALLLALLAVLLSFLILI,LLLTALLLALLAILLSFLILI,Right,clash,25.8668,-272.816,255756000000.0,255756000000.0,-60.4012,-271.583,-365.528,4572.43,-45.0401,-33.5446,3767.06,4578.41,56.4996,35.9922,3755.24,4601.58,81.6192,61.1196,-7.83971,1.10011e+17,12,V,93.8298,27.72426861,,,,,0.3486077609694039,0.2178376329926871,R,-58.38690392993488,LLLYALLTVLLALLLSFLILI,24858.110482601514,803.1295675188131,42.11799070584068
LLLTALLLALLAVLLSFLILI,LLLTALLLALLAVLLIFLILI,Right,clash,25.8684,-273.406,255756000000.0,255756000000.0,-45.0401,-272.116,-354.531,4599.26,-45.0401,-37.3755,3761.29,4596.09,44.1034,15.1344,3755.24,4601.58,54.8005,20.5591,-7.83971,1.10011e+17,15,S,114.586,11.66693905,,,,,0.4164348247309924,0.0666043773685737,R,-8.405350022185596,LLLYALLTVLLALLLSFLILI,25092.14773927555,1845.5462464083307,30.94804051292324
LLLTALLIGLLFGLLVLLILI,LLLTALLIGLLFILLVLLILI,GAS,clash,33.3147,-282.245,256873000000.0,256873000000.0,-44.9826,-274.96,-358.055,4683.83,-44.9826,-38.1129,3685.29,4639.21,41.6856,4.93909,3693.01,4636.71,24.642,0.944237,-12.4399,1.10011e+17,12,G,124.88291,3.804509251,,,,,0.2100516829173216,0.0003826398054686,G,-31.03942291085581,LLLTGLLFGLLAILLSLLILI,19153.29204264477,1597.130452022252,30.88987527913508
LLLALLLGLLLGVLLGTLILI,LLLALLLILLLGVLLGTLILI,GAS,clash,33.7065,-268.964,298479000000.0,298479000000.0,-58.7607,-267.77,-371.586,4536.03,-58.9398,-45.0552,3464.7,4523.35,61.1458,4.94371,3464.7,4507.79,41.6494,4.5911,-31.4979,1.10011e+17,7,G,124.65169,3.814726449,,,,,0.1761248652751511,0.0809273848006989,G,99999900.0,LLLALLLTVLLGGLLFSLILI,18187.838195833305,2075.534651653481,17.507884538842802
LLLYALLALLLGTLLSFLILI,LLLYALLALLLITLLSFLILI,GAS,clash,23.8319,-277.485,335964000000.0,335964000000.0,-74.0925,-279.288,-369.398,4698.8,-52.4525,-16.0176,3852.54,4767.67,52.8358,0.581069,3852.73,4750.34,31.8706,0.217901,-18.5403,1.10011e+17,11,G,129.686731,0.446057276,,,,,0.1424755119930073,0.0621594856112314,G,-13.75005883586303,LLLYSLLALLLGTLLGFLILI,18584.840556283143,1235.2418776995137,27.45130622662569
LLLAGLLFLLLGVLLGTLILI,LLLAGLLFLLLIVLLGTLILI,GAS,clash,24.583,-268.199,342270000000.0,342270000000.0,-58.8129,-265.422,-348.376,4597.0,-52.2681,-24.1405,3657.04,4620.3,52.2912,1.20109,3657.29,4621.52,39.5926,0.871603,-18.7394,1.10011e+17,11,G,129.06671,0.922016032,,,,,0.4252925954520393,0.0154323708045483,G,-99.99946979155033,LLLAGLLFLLLGTLLGSLILI,20643.06736476552,1523.4507261931406,64.23035659016149
LLLYFLLAILLTVLLSLLILI,LLLYFLLIILLTVLLSLLILI,Right,clash,33.7697,-283.504,371330000000.0,371330000000.0,-74.345,-285.002,-378.466,4728.74,-49.88,-19.1194,3950.86,4707.42,53.395,9.11801,3950.86,4707.42,53.395,9.11801,-6.17801,1.10011e+17,7,A,120.47739,7.035751269,,,,,0.0463325939210341,0.2912244956141117,R,99999900.0,LLLYFLLAILLAVLLTLLILI,24045.46926297681,912.9041107929608,21.137618107336127
LLLYFLLGILLGVLLSLLILI,LLLYFLLIILLGVLLSLLILI,GAS,clash,34.1659,-275.932,397102000000.0,397102000000.0,-60.344,-278.691,-361.012,4709.72,-47.3907,-21.9767,3642.91,4649.07,61.4536,0.0,3642.91,4629.75,40.7455,0.0,-32.2999,1.10011e+17,7,G,129.5954,0.0,,,,,0.9227884683990648,0.889726338778476,G,99999900.0,LLLFVLLTILLGALLSLLILI,26548.42905528574,5076.515377598444,228.51730459356472
LLLAYLLGLLLGTLLSFLILI,LLLAYLLGLLLITLLSFLILI,GAS,clash,24.3173,-274.16,414249000000.0,414249000000.0,-74.0929,-276.456,-364.723,4627.72,-56.9156,-14.1745,3655.64,4721.3,52.2596,0.497554,3656.15,4704.67,32.0419,0.424921,-32.7922,1.10011e+17,11,G,129.770246,0.381947035,,,,,4.046154434177915,6.195400711509233,G,99999900.0,LLLAGLLFLLLGTLLGSLILI,41272.66666666666,33764.5425310833,1240.854664131023
LLLLLLLLAVLFILLSTLILI,LLLLLLLLIVLFILLSTLILI,Left,clash,22.3984,-290.327,490802000000.0,490802000000.0,-74.2392,-280.962,-395.964,4584.52,-49.6034,-40.7637,3639.47,4697.41,50.8988,30.4741,3639.47,4697.41,50.8988,30.4741,-22.091,1.10011e+16,8,A,100.8555,23.20428906,,,,,0.0609889885111229,0.0154801807134814,L,99999900.0,LLLLALLLFVLTWLLSLLILI,28045.90399848046,1562.1451785457311,5.88267800220283
LLLTFLLGLLLGVLLAILILI,LLLTFLLGLLLIVLLAILILI,GAS,clash,27.4097,-273.456,535218000000.0,535218000000.0,-44.9935,-274.857,-356.624,4640.71,-49.6153,-36.7733,3585.55,4639.12,57.306,4.95378,3586.43,4620.01,36.7586,3.71901,-29.261,1.10011e+17,11,G,125.31402,3.802766301,,,,,0.3268217531201853,0.0127243078253443,G,-22.41556074354883,LLLTVLLGILLGLLLAFLILI,20154.844868369462,1749.8435007246885,46.79903253016368
LLLTYLLGVLLGLLLGFLILI,LLLTYLLGVLLILLLGFLILI,GAS,clash,23.9274,-276.904,652728000000.0,652728000000.0,-44.9134,-275.278,-341.019,4654.49,-49.4018,-20.8272,3605.57,4605.91,57.8976,0.0,3605.57,4587.98,37.5506,0.0,-29.2244,1.10011e+17,11,G,130.2678,0.0,,,,,0.1601067215703283,0.0277446439722238,G,99999900.0,LLLTYLLAVLLGLLLAFLILI,18437.947032338467,1322.5022070794168,26.464190405113225
LLLVGLLLALLGLLLGTLILI,LLLVGLLLALLGLLLITLILI,GAS,clash,27.0181,-265.738,674371000000.0,674371000000.0,-58.7749,-268.074,-372.865,4551.96,-57.8316,-46.0169,3569.19,4471.32,43.6524,8.57077,3572.31,4464.94,25.1792,5.52016,-9.309,1.10011e+17,15,G,121.14963,6.60711037,,,,,0.2563604934406761,0.0022894950647816,G,-28.73919782259812,LLLVALLFALLGLLLGTLILI,21121.83470791762,3627.4708454598526,37.98698372301169
LLLTALLIALLFVLLSLLILI,LLLTILLIALLFVLLSLLILI,Right,clash,33.8094,-280.681,711800000000.0,711800000000.0,-60.468,-277.475,-376.366,4618.21,-45.1129,-38.4231,3743.24,4676.29,53.1718,13.7391,3743.24,4676.29,53.1718,13.7391,-13.7653,1.10011e+17,4,A,124.7361,9.921704392,,,,,0.4063542798796954,0.0938950220729843,R,99999900.0,LLLTALLVALLFALLSLLILI,25125.05473981564,1237.5261475349762,39.613065506438886
LLLLALLLLFLTVLLSILILI,LLLLALLLLFLTVLLIILILI,Left,clash,25.1836,-287.769,729537000000.0,729537000000.0,-58.9482,-279.223,-380.246,4618.42,-49.6537,-42.0751,3653.38,4597.16,41.4233,19.3932,3652.7,4593.9,47.7652,19.6671,-17.0934,1.10011e+16,15,S,110.3272,14.95000015,,,,,0.3770062507239424,0.0495762980529316,L,20581608333233.32,LLLLALLLFVLTWLLSLLILI,28800.035297208065,1291.3962353012544,27.96387228487443
LLLAYLLGLLLGFLLGTLILI,LLLAYLLGLLLIFLLGTLILI,GAS,clash,27.1881,-273.956,742646000000.0,742646000000.0,-58.747,-273.329,-345.72,4613.2,-54.3941,-13.6446,3564.92,4729.9,62.3771,1.81584,3565.83,4708.65,40.6921,1.88847,-28.9835,1.10011e+17,11,G,128.45196,1.393928507,,,,,0.3023588709577785,0.0529826971949917,G,14.757596731442655,LLLAGLLFLLLGTLLGSLILI,19989.886992569896,1441.9154247869403,50.03834199728136
LLLLVALLLFLLYLLSTLILI,LLLLVALLLFLLYLLITLILI,Left,clash,19.9081,-286.311,980663000000.0,980663000000.0,-58.9326,-282.273,-369.787,4662.37,-49.664,-28.5812,3736.56,4781.21,41.7438,18.5991,3725.42,4781.57,50.723,25.252,-25.4376,1.10011e+16,15,S,111.1213,14.33783738,,,,,0.2289927558480734,0.1201272990293338,L,99999900.0,LLLLLALLLILFVLLSTLILI,29603.34838817261,1848.209358344086,11.78004893955482
LLLFALLVALLTLLLSILILI,LLLFALLVALLILLLSILILI,Right,clash,28.7797,-269.651,1013070000000.0,1013070000000.0,-60.4477,-273.495,-371.992,4666.45,-45.1423,-38.0485,3764.43,4562.78,48.3864,10.8436,3752.03,4579.72,73.872,18.1202,-5.81283,1.10011e+17,11,T,119.4242,8.324083158,,,,,0.7975179391995445,0.6267019332715503,R,99999900.0,LLLYALLTVLLALLLSFLILI,26514.28144527604,4189.760977630501,29.69401981574604
LLLLALLLYVLFLLLSTLILI,LLLLALLLYVLFLLLITLILI,Left,clash,30.6103,-284.12,1057040000000.0,1057040000000.0,-58.9141,-282.445,-369.013,4665.91,-49.628,-27.6538,3682.32,4876.53,34.9102,4.92028,3677.47,4863.91,35.7072,4.70719,-9.61096,1.10011e+16,15,S,124.80012,3.792988612,,,,,0.707789246312311,0.0503495732839213,L,11397895454445.455,LLLLALLLFVLTWLLSLLILI,31141.6596670906,1195.369068025622,60.79275123114078
LLLLALLLYVLFLLLSTLILI,LLLLALLLYVLFILLSTLILI,Left,clash,30.5821,-282.092,1057040000000.0,1057040000000.0,-74.2759,-280.484,-373.807,4601.21,-49.628,-19.0471,3681.11,4800.29,51.9019,4.43065,3677.47,4863.91,112.116,5.8298,-9.61096,1.10011e+16,12,L,125.39135,3.412865308,,,,,0.521480293523226,0.0321295293569576,L,8803095792220.047,LLLLALLLFVLTWLLSLLILI,29941.98375751197,1086.383167605777,40.78747160214997
LLLAYLLGLLLGTLLSFLILI,LLLAYLLILLLGTLLSFLILI,GAS,clash,24.9504,-274.137,1223310000000.0,1223310000000.0,-74.0929,-276.409,-364.859,4632.22,-56.9961,-14.3563,3656.03,4720.41,57.6678,0.0,3656.15,4704.67,38.0857,0.0,-32.7922,1.10011e+17,7,G,129.5954,0.0,,,,,0.2715483937617461,0.0255408824693695,G,99999900.0,LLLAGLLFLLLGTLLGSLILI,20246.44887680616,2286.678011024341,37.325670562802166
LLLYVLLATLLSLLLFILILI,LLLYVLLAILLSLLLFILILI,Right,clash,25.101,-279.567,1230180000000.0,1230180000000.0,-60.4927,-282.269,-370.1,4706.66,-45.0887,-27.3381,3912.32,4715.97,44.5363,24.8136,3904.59,4722.89,64.7618,42.5963,-8.39929,1.10011e+17,8,T,106.516,18.89414115,,,,,0.404043511734351,0.3724495462131209,R,22452663636263.64,LLLYFLLAILLAVLLTLLILI,25117.088575141814,2886.318325878591,11.78818476611557
LLLTVLLGLLLGFLLSALILI,LLLTVLLGLLLIFLLSALILI,GAS,clash,34.3918,-275.407,1328100000000.0,1328100000000.0,-60.2116,-271.216,-364.972,4582.63,-49.1402,-33.5443,3695.78,4673.96,50.9991,3.59197,3696.54,4659.24,31.2558,3.59197,-19.9475,1.10011e+17,11,G,126.67583,2.757373656,,,,,1.1087091981943582,1.187049177354218,G,99999900.0,LLLTVLLLGLLFGLLFALILI,28092.36208928841,6382.815720185867,286.8510800568337
LLLYWLLTVLFLLLASLLILI,LLLYWLLTVLFLLLISLLILI,Left,clash,56.2334,-294.385,1598020000000.0,1598020000000.0,-74.1645,-290.7,-379.248,4783.54,-49.6333,-14.3835,3839.77,4904.26,36.9925,7.43112,3839.77,4904.26,36.9925,7.43112,-12.368,1.10011e+17,14,A,122.45568,5.721228023,,,,,0.2139760434973341,0.1014498645322004,L,18177887662933.445,LLLYTLLAVLIALLLSLLILI,27558.162043784807,1498.909070534767,11.632050254551638
LLLYWLLTVLFLLLASLLILI,LLLYWLLTVLFILLASLLILI,Left,clash,56.2296,-290.325,1598020000000.0,1598020000000.0,-74.1645,-286.624,-368.917,4738.84,-49.6333,-8.12858,3845.34,4859.76,50.625,6.9293,3839.77,4904.26,104.551,11.7755,-12.368,1.10011e+17,11,L,123.3385,5.319273067,,,,,0.2473145697953278,0.086885022143372,L,7638353588859.291,LLLYTLLAVLIALLLSLLILI,28088.959309044272,970.8975235272572,15.200611587912096
LLLAYLLGVLLGLLLGFLILI,LLLAYLLGVLLILLLGFLILI,GAS,clash,21.1237,-273.909,1659780000000.0,1659780000000.0,-44.9604,-272.603,-337.672,4621.15,-53.2013,-20.1086,3512.4,4686.63,58.1131,0.0,3512.4,4667.98,37.7566,0.0,-49.7552,1.10011e+17,11,G,130.2678,0.0,,,,,1.9888528883998744,2.411731018249115,G,99999900.0,LLLASLLVGLLFLLLGLLILI,32420.09137638708,11371.90622751509,543.9646367544674
LLLYALLVALLSLLLFTLILI,LLLYALLVILLSLLLFTLILI,Right,clash,26.8494,-280.413,1730620000000.0,1730620000000.0,-74.2851,-274.068,-365.566,4746.03,-49.601,-17.2136,3842.62,4702.21,52.1436,25.6476,3842.62,4702.21,52.1436,25.6476,-7.90531,1.10011e+17,8,A,108.8328,21.40628791,,,,,0.312322092192535,0.149464065910423,R,17910978571328.58,LLLYALLTVLLALLLSFLILI,24732.1251879646,2035.277892479234,17.314606895850286
LLLLAVLLFLLATLISLLILI,LLLLIVLLFLLATLISLLILI,Left,clash,42.2143,-282.571,1764450000000.0,1764450000000.0,-74.1808,-276.773,-382.467,4619.28,-51.9207,-31.5129,3602.91,4616.17,57.1294,30.2997,3602.91,4616.17,57.1294,30.2997,-7.80654,1.1011e+16,4,A,123.33092,5.325091849,,,,,0.1192995753059199,0.1578041618534884,L,22795790908990.91,LLLLAVLLFLLATLISLLILI,27590.502072629057,448.8806223820254,0.6309286438129016
LLLYVLLGLLLGTLLAFLILI,LLLYVLLGLLLITLLAFLILI,GAS,clash,25.1505,-276.678,2072310000000.0,2072310000000.0,-58.7144,-278.377,-353.813,4699.38,-53.5438,-16.7222,3720.93,4735.6,56.8653,0.581069,3721.3,4717.76,37.0337,0.290534,-25.0517,1.10011e+17,11,G,129.686731,0.446057276,,,,,0.1884616254442825,0.0293728477559401,G,-12.85343973119766,LLLYSLLALLLGTLLGFLILI,18161.05174449855,1586.1908635723094,30.80892555925829
LLLLAALVFLLTSLILLLILI,LLLLAALVFLLISLILLLILI,Left,clash,33.7615,-276.225,2114290000000.0,2114290000000.0,-60.4745,-274.388,-372.275,4620.37,-47.5999,-37.4126,3487.06,4597.9,42.4273,71.8838,3474.81,4598.99,62.9876,103.632,-18.3792,1.1011e+16,11,T,58.384,55.18155676,,,,,0.2462408074622502,0.106858613993595,L,13819299708333.64,LLLLAVLLFLLATLISLLILI,28083.79563790296,1007.9902756234818,13.957819928089991
LLLLAALVFLLTSLILLLILI,LLLLAALVFLLTILILLLILI,Left,clash,33.762,-277.405,2114290000000.0,2114290000000.0,-58.9371,-275.566,-368.7,4631.65,-49.9308,-34.1976,3475.44,4596.2,43.3731,4.93909,3474.81,4598.99,51.4275,4.86645,-18.3792,1.1011e+16,12,S,124.88291,3.804509251,,,,,0.4258085780140832,0.016068619153526,L,-54.03120405484779,LLLLAVLLFLLATLISLLILI,28850.21670342214,1730.1631548745588,35.75075375758887
LLLAYLLAVLLGLLLGFLILI,LLLAYLLAVLLILLLGFLILI,GAS,clash,24.27,-274.5,2292060000000.0,2292060000000.0,-44.9566,-273.836,-341.973,4624.05,-46.7188,-23.1798,3618.64,4705.27,58.677,0.0,3618.64,4687.78,38.41,0.0,-14.6822,1.10011e+17,11,G,130.2678,0.0,,,,,0.2680547052428924,0.1197407205017093,G,22795790908990.91,LLLASLLVGLLFLLLGLLILI,20376.13388622193,2834.4611386809465,27.00313065345248
LLLAYLLTVLLAFLLSLLILI,LLLAYLLIVLLAFLLSLLILI,Right,clash,23.0109,-274.695,2397370000000.0,2397370000000.0,-60.3184,-276.868,-358.233,4680.8,-45.1158,-21.0461,3774.9,4716.05,56.1832,24.2306,3761.63,4750.5,86.5569,39.4307,-13.5818,1.10011e+17,7,T,105.3648,18.69711425,,,,,0.5923772836022632,0.0840205897868834,R,9293396447398.035,LLLYALLTVLLALLLSFLILI,26011.83938239309,1354.749599210938,54.61545725504572
LLLVGLLFALLGILLTLLILI,LLLVGLLFALLIILLTLLILI,GAS,clash,22.0342,-270.908,2909270000000.0,2909270000000.0,-58.8508,-274.356,-364.224,4647.13,-52.2032,-31.0173,3597.23,4637.24,44.7383,2.1226,3597.7,4635.98,30.1012,2.19523,-27.9109,1.10011e+17,11,G,128.1452,1.629412641,,,,,0.2543435964029412,0.0207676095766253,G,99999900.0,LLLTGLLFGLLAILLSLLILI,19902.826016825657,2034.886616673784,35.28929033353973
LLLTFLLGVLLGLLLGALILI,LLLTFLLGVLLILLLGALILI,GAS,clash,40.4416,-272.55,5811480000000.0,5811480000000.0,-44.9172,-269.86,-344.573,4677.95,-53.0406,-29.796,3433.44,4601.16,59.0174,0.0,3433.44,4581.57,37.9111,0.0,-37.6168,1.10011e+17,11,G,130.2678,0.0,,,,,0.3082588372531249,0.1517413404490515,G,19288746153746.164,LLLTYLLAVLLGLLLAFLILI,20325.75475978221,1454.4952157228026,61.18986525249702
LLLAFLLGTLLGVLLGLLILI,LLLAFLLGTLLIVLLGLLILI,GAS,clash,32.2545,-267.965,6262440000000.0,6262440000000.0,-58.7211,-269.342,-352.064,4619.94,-59.0101,-24.0001,3495.32,4590.99,62.5999,0.0617526,3495.32,4567.44,40.2034,0.0617526,-38.3782,1.10011e+17,11,G,130.2060474,0.047404347,,,,,0.2181102318795991,0.1199891784080305,G,99999900.0,LLLASLLVGLLFLLLGLLILI,22262.85007182836,5932.40975056538,44.60961269811026
LLLAFLLGVLLGTLLGLLILI,LLLAFLLGVLLITLLGLLILI,GAS,clash,32.2444,-267.976,7594340000000.0,7594340000000.0,-58.7088,-266.812,-349.815,4561.04,-59.0099,-24.2949,3444.45,4584.8,62.3883,0.0617526,3444.45,4561.96,40.137,0.0617526,-35.5018,1.10011e+17,11,G,130.2060474,0.047404347,,,,,0.3608793448425598,0.1823478462063927,G,-21.440976035864885,LLLASLLVGLLFLLLGLLILI,20487.022601156,1002.4377625944796,72.12488999441543
LLLAFLLGILLGLLLGTLILI,LLLAFLLGILLILLLGTLILI,GAS,clash,25.0345,-269.638,8026960000000.0,8026960000000.0,-58.7173,-267.301,-353.126,4633.5,-52.9398,-27.1079,3508.73,4596.32,58.0861,0.0,3508.73,4579.29,38.1479,0.0,-25.8973,1.10011e+17,11,G,130.2678,0.0,,,,,0.3077762071034943,0.039748587540995,G,-0.9719430413120308,LLLASLLVGLLFLLLGLLILI,20248.361097638543,1714.783784762628,49.45809714791535
LLLYFLLGTLLGVLLALLILI,LLLYFLLGTLLIVLLALLILI,GAS,clash,30.5548,-274.324,8090480000000.0,8090480000000.0,-58.7627,-278.607,-351.086,4775.91,-53.8142,-13.7161,3621.05,4668.2,57.5599,0.0,3621.05,4646.3,36.0399,0.0,-31.0407,1.10011e+17,11,G,130.2678,0.0,,,,,0.3063353049262526,0.197227248203209,G,99999900.0,LLLYILLTVLLGFLLALLILI,21541.29777283232,3466.936608561567,65.64262806117628
LLLYLLLGILLGTLLAFLILI,LLLYLLLGILLITLLAFLILI,GAS,clash,23.3802,-276.96,10143800000000.0,10143800000000.0,-58.7109,-279.399,-357.204,4715.85,-54.4733,-19.0947,3699.52,4716.76,58.4187,0.0,3699.52,4694.57,36.8369,0.0,-28.6375,1.10011e+17,11,G,130.2678,0.0,,,,,0.1527131748812182,0.1424719402730762,G,-25.152330219238245,LLLYSLLALLLGTLLGFLILI,18089.521255919663,792.5513413169012,37.32092731897696
LLLYLLLGALLGALLTFLILI,LLLYLLLGALLIALLTFLILI,GAS,clash,31.2224,-275.769,13794000000000.0,13794000000000.0,-58.7574,-275.345,-349.705,4697.29,-57.5595,-15.6031,3805.72,4767.04,54.2841,11.4078,3808.41,4744.81,31.2501,8.64772,-23.6808,1.10011e+17,11,G,118.86,8.757190956,,,,,0.009713785457673,0.0063215450179877,G,99999900.0,LLLYVLLTLLLGALLAFLILI,18446.25197587292,2510.7699601623376,2.0885368509559914
LLLLYLLGTLLGSLLAFLILI,LLLLYLLGTLLISLLAFLILI,GAS,clash,27.8836,-271.097,22752100000000.0,22752100000000.0,-74.0364,-275.968,-362.506,4664.96,-53.8195,-12.501,3682.66,4759.2,58.4982,0.0,3682.66,4736.41,36.547,0.0,-20.3999,1.10011e+17,11,G,130.2678,0.0,,,,,0.9294604774208012,1.119239567579692,G,99999900.0,LLLTYLLAVLLGLLLAFLILI,24477.63581760713,4537.442215921838,253.39669615490573
LLLLVLLTILLAYLLSFLILI,LLLLVLLTILLIYLLSFLILI,Right,clash,26.0625,-280.38,22845300000000.0,22845300000000.0,-74.296,-284.126,-379.326,4705.53,-49.6634,-20.904,3926.27,4837.41,50.6879,2.89159,3926.27,4837.41,50.6879,2.89159,-11.184,1.10011e+17,11,A,127.37621,2.219727362,,,,,0.5444233208739901,0.0106149095773165,R,99999900.0,LLLYALLTVLLALLLSFLILI,25775.44407616488,1582.501624458531,46.24790239826865
LLLYVLLFLLLGALLGTLILI,LLLYVLLFLLLIALLGTLILI,GAS,clash,30.3374,-277.418,29463100000000.0,29463100000000.0,-58.7437,-274.499,-350.197,4715.32,-56.6095,-16.9545,3866.43,4782.17,52.0785,4.57592,3868.07,4783.97,39.2357,3.41378,-10.102,1.10011e+17,11,G,125.69188,3.512702295,,,,,0.1621409324071241,0.0506168781985853,G,-26.420018048003712,LLLAGLLFLLLGTLLGSLILI,19292.50424414209,1893.0250943268768,29.14518448447525
LLLAYLLGLLLGVLLGTLILI,LLLAYLLILLLGVLLGTLILI,GAS,clash,28.9128,-270.805,52121700000000.0,52121700000000.0,-58.7057,-267.024,-352.481,4608.63,-56.8179,-26.7511,3468.21,4599.25,57.2148,0.217901,3468.17,4588.0,39.5012,0.145267,-33.5239,1.10011e+17,7,G,129.377499,0.168139456,,,,,0.4265095949782836,0.1177242644865461,G,-66.74340190298112,LLLAGLLFLLLGTLLGSLILI,21094.91906757056,1331.8486094040147,75.06020433260552
LLLALLLGVLLGTLLGFLILI,LLLALLLGVLLITLLGFLILI,GAS,clash,28.0515,-268.87,52682900000000.0,52682900000000.0,-58.6964,-268.747,-353.762,4563.28,-59.1396,-26.318,3565.14,4581.36,62.1988,0.0,3565.14,4558.7,40.137,0.0,-31.9796,1.10011e+17,11,G,130.2678,0.0,,,,,0.1898420676499126,0.0028964151058328,G,-0.1675343898247755,LLLALLLTVLLGGLLFSLILI,18599.34998016052,1518.2170862380642,27.65231273873993
LLLYGLLFALLGILLTLLILI,LLLYGLLFALLIILLTLLILI,GAS,clash,29.6716,-280.387,69377100000000.0,69377100000000.0,-58.8346,-279.922,-358.384,4726.53,-52.1659,-19.627,3651.37,4666.15,46.3379,2.9754,3651.6,4660.34,30.3587,2.5396,-19.6027,1.10011e+17,11,G,127.2924,2.284064059,,,,,0.166574603024056,0.0608431926785815,G,10.793108774737789,LLLTGLLFGLLAILLSLLILI,19408.19959723234,1974.4927534014416,30.862799506534746
LLLAFLLGTLLGVLLSLLILI,LLLAFLLGTLLIVLLSLLILI,GAS,clash,26.549,-269.1,171751000000000.0,171751000000000.0,-74.0991,-272.564,-371.594,4622.52,-56.3106,-24.9309,3543.62,4612.79,52.978,0.548426,3543.73,4592.44,31.44,0.621059,-30.9358,1.10011e+17,11,G,129.719374,0.420998896,,,,,0.2786495652928435,0.1208245609730213,G,99999900.0,LLLTVLLGALLGILLSLLILI,21617.44592122548,4004.7613424160313,53.61089599264199
LLLYVLLALLLGTLLGFLILI,LLLYVLLALLLGTLLIFLILI,GAS,clash,24.2647,-279.86,209576000000000.0,209576000000000.0,-58.7232,-278.266,-354.564,4706.95,-50.507,-17.5747,3723.32,4736.44,44.4223,0.217901,3723.99,4728.28,25.064,0.0726336,-20.6671,1.10011e+17,15,G,129.502499,0.167977435,,,,,0.1137952129668764,0.0586997539465023,G,22795790908990.91,LLLAGLLFLLLGTLLGSLILI,19004.968959898448,1996.62484943427,22.86795829812169
LLLTFLLGLLLGYLLSVLILI,LLLTFLLGLLLIYLLSVLILI,GAS,clash,35.3004,-280.87,303975000000000.0,303975000000000.0,-60.1731,-279.821,-361.054,4680.08,-48.5059,-21.0599,3598.82,4779.43,51.8123,0.0,3598.82,4763.64,31.7471,0.0,-26.1,1.10011e+17,11,G,130.2678,0.0,,,,,0.3790456910001756,0.1774279145331634,G,13930761111011.104,LLLTALLAGLLFLLLSVLILI,20664.47789480736,2684.16712441906,37.33994581053772
LLLTFLLGLLLGYLLSVLILI,LLLTFLLILLLGYLLSVLILI,GAS,clash,36.1433,-280.837,303975000000000.0,303975000000000.0,-60.1731,-279.766,-361.451,4642.1,-47.2691,-21.5116,3598.82,4770.43,52.362,0.0,3598.82,4763.64,37.4562,0.0,-26.1,1.10011e+17,7,G,129.5954,0.0,,,,,0.614781813694852,0.0748635998970531,G,-30.28712134155992,LLLYALLFLLLGTLLSILILI,23134.92067863538,2228.62371486026,98.32027629557352
LLLAALLFSLLGLLLGTLILI,LLLAALLFSLLILLLGTLILI,GAS,clash,26.2029,-269.309,398548000000000.0,398548000000000.0,-74.0983,-265.846,-364.003,4584.82,-50.9827,-24.0579,3680.84,4648.65,50.1557,3.79317,3681.63,4650.35,36.7318,3.35737,-10.6977,1.10011e+17,11,G,126.47463,2.911824718,,,,,1.944221611612039,0.2262261897349991,G,99999900.0,LLLASLLVGLLFLLLGLLILI,31336.000973576185,2619.237538775522,309.83768445908606
LLLALLLGLLLGVLLGTLILI,LLLALLLGLLLIVLLGTLILI,GAS,clash,32.8505,-268.993,1682180000000000.0,1682180000000000.0,-58.7607,-267.864,-371.446,4555.65,-59.4515,-44.821,3463.56,4526.3,61.5384,3.48641,3464.7,4507.79,40.9657,2.39691,-31.4979,1.10011e+17,11,G,126.78139,2.676340585,,,,,0.3573746397546126,0.0299330330953032,G,15.79185480391232,LLLAGLLFLLLGTLLGSLILI,19906.83570179293,1760.078234523225,49.50611272474849
LLLTLLLGVLLGLLLGFLILI,LLLTLLLGVLLILLLGFLILI,GAS,clash,34.7731,-277.339,2699700000000000.0,2699700000000000.0,-44.9424,-273.159,-357.334,4644.18,-53.1814,-39.2326,3532.12,4646.08,58.408,0.0,3532.12,4628.26,38.3238,0.0,-33.9155,1.10011e+17,11,G,130.2678,0.0,,,,,0.2468209649226297,0.1927655316076693,G,99999900.0,LLLTYLLAVLLGLLLAFLILI,19768.139427644022,2792.710872867914,16.273148319007625
LLLYALLTALLSVLLFLLILI,LLLYILLTALLSVLLFLLILI,Right,clash,24.296,-278.371,4690330000000000.0,4690330000000000.0,-74.3395,-281.081,-372.619,4711.02,-49.8812,-17.1989,3935.92,4786.07,56.7107,40.0171,3935.92,4786.07,56.7107,40.0171,-11.5768,1.10011e+17,4,A,107.8327,17.8915492,,,,,0.262140647567247,0.0605824735973948,R,99999900.0,LLLYFLLAILLAVLLTLLILI,24451.869942341727,1285.9856466932376,25.55515398663288
LLLLIVLTWLLALLFSLLILI,LLLLIVLTWLLALLFILLILI,Left,clash,31.6489,-289.525,2.12e+16,2.12e+16,-58.8731,-283.596,-376.713,4682.75,-49.7918,-34.2441,3681.75,4667.82,46.3433,8.27295,3677.17,4668.2,53.8818,8.56286,-15.6319,1.1011e+16,15,S,121.44745,6.377524275,,,,,0.528601708856214,0.1484229784220202,L,-68.5909321755779,LLLVALLTILLALLFSLLILI,29634.95044604648,2001.380393757256,34.645121951519656
LLLAFLLGILLGVLLGLLILI,LLLAFLLGILLIVLLGLLILI,GAS,clash,24.3466,-267.029,4.94e+16,4.94e+16,-44.9385,-269.389,-347.73,4589.62,-48.2178,-33.4026,3449.13,4579.19,62.7673,0.0,3449.13,4555.8,40.8105,0.0,-30.8577,1.10011e+17,11,G,130.2678,0.0,,,,,0.3258238868000257,0.0179638698141656,G,-57.46581025869549,LLLASLLVGLLFLLLGLLILI,19758.270470073447,1457.1328903155097,49.8473561079628
LLLAYLLGTLLGILLALLILI,LLLAYLLGTLLIILLALLILI,GAS,clash,25.6155,-272.31,9.39e+16,9.39e+16,-58.7536,-273.361,-364.757,4593.68,-55.7627,-32.6425,3525.21,4607.5,56.4833,0.0,3525.21,4584.69,34.7278,0.0,-26.1659,1.10011e+17,11,G,130.2678,0.0,,,,,1.108074466405119,1.1020459711987869,G,99999900.0,LLLFYLLGVLLGLLLASLILI,26875.20180326618,4791.4701636825175,277.90707080486226
LLLFYLLTALLITLLVLLILI,LLLFYLLTILLITLLVLLILI,Right,clash,38.2192,-280.731,7.59e+17,7.59e+17,-72.5928,-283.376,-374.402,4737.08,-53.9945,-18.4324,3930.77,4697.75,46.0768,6.26152,3930.77,4697.75,46.0768,6.26152,-17.0864,1.10011e+17,8,A,125.06808,4.767790353,,,,,0.3867388493965129,0.0521782880091545,R,19914215646375.203,LLLAYLLTVLLAFLLSLLILI,25046.2268862877,1361.004862122609,35.49767943993319
LLLLFVLTILLALLYSLLILI,LLLLFVLTILLILLYSLLILI,Left,clash,19.5361,-282.731,1.68e+18,1.68e+18,-74.2097,-283.568,-379.843,4653.3,-54.4823,-22.0651,3958.39,4760.41,48.6551,9.6073,3958.39,4760.41,48.6551,9.6073,-14.9817,1.1011e+16,11,A,120.6605,7.375038191,,,,,0.2552997902409534,0.2380272990320519,L,99999900.0,LLLVALLTILLALLFSLLILI,30246.66801870846,2596.455316418289,7.113752506011249
LLLYVLLAILLTLLLSFLILI,LLLYVLLIILLTLLLSFLILI,Right,clash,20.9991,-283.796,3.81e+18,3.81e+18,-74.3057,-285.588,-382.136,4708.21,-49.8725,-22.2432,4003.97,4776.06,52.3732,17.2464,4003.97,4776.06,52.3732,17.2464,-16.733,1.10011e+17,7,A,112.349,13.30787975,,,,,0.0819010924123883,0.0703147594693963,R,15672106249899.988,LLLYALLTVLLALLLSFLILI,23990.40442999764,1225.6976234434503,11.028953506463836
LLLLVLLLLALTFLLSILILI,LLLLVILLLALTFLLSILILI,Left,clash,20.391,-281.379,8.15e+19,8.15e+19,-74.1895,-276.879,-384.363,4572.61,-49.6147,-33.2945,3609.86,4606.92,44.4358,23.6762,3595.49,4621.18,89.5159,25.6479,-24.8099,1.10011e+16,5,L,106.6186,18.17125472,,,,,1.297085881547651,1.5195933376716428,L,99999900.0,LLLLALLLLFLTVLLSILILI,36330.82994929751,8749.830802449696,18.20131959121545
LLLLVLLLLALTFLLSILILI,LLLLVLLLLALTFLLIILILI,Left,clash,20.2239,-283.391,8.15e+19,8.15e+19,-58.9254,-278.921,-380.352,4625.89,-49.6147,-42.5052,3597.74,4626.68,36.7757,6.11875,3595.49,4621.18,38.5498,6.25172,-24.8099,1.10011e+16,15,S,123.60165,4.71687568,,,,,-0.168979398582876,0.7201585682225298,L,99999900.0,LLLLALLLLFLTVLLSILILI,28030.341164746627,6918.903795301261,27.82477640307743
LLLLVLLLTILLFLLSALILI,LLLLVILLTILLFLLSALILI,Left,clash,19.2278,-282.286,9.29e+19,9.29e+19,-74.1966,-277.139,-384.856,4581.68,-49.8794,-33.5202,3625.18,4649.13,46.29,14.9518,3619.53,4679.81,94.7932,16.2235,-23.9979,1.10011e+16,5,L,115.343,11.47536203,,,,,3.3058645515656218,4.570572434258942,L,99999900.0,LLLLFALLTILVALLSLLILI,46204.98865851927,29857.50068582817,6.050048835377152
LLLLYLLLFILAVLLSTLILI,LLLLYLLLFILIVLLSTLILI,Left,clash,29.8589,-290.127,5.99e+20,5.99e+20,-74.1493,-283.957,-380.486,4642.53,-49.5143,-22.3805,3593.22,4690.09,48.2843,17.0225,3593.22,4690.09,48.2843,17.0225,-11.9998,1.10011e+16,11,A,113.2453,13.06731211,,,,,0.3520932164190553,0.1013852676000954,L,17784789594014.59,LLLLALLLFVLTWLLSLLILI,29135.53996008537,548.9937015165027,22.930668409712084
LLLLYLLLFILAVLLSTLILI,LLLLYLLLFILAVLLITLILI,Left,clash,29.8815,-288.096,5.99e+20,5.99e+20,-58.7996,-281.844,-365.83,4642.18,-49.5143,-25.1862,3598.89,4684.79,43.9627,31.8266,3593.22,4690.09,54.2647,31.6088,-11.9998,1.10011e+16,15,S,97.8938,24.53476863,,,,,0.4396817368637466,0.1848461627229179,L,99999900.0,LLLLLALLLILFVLLSTLILI,30727.975842716263,1933.344647303168,46.64490465617402
LLLYLLLTVLALLLFSLLILI,LLLYLLLTILALLLFSLLILI,Left,clash,17.2999,-274.887,175.991,-131.21,-74.1741,-283.457,-383.552,4325.79,-49.6142,-25.9211,3485.16,4321.62,41.582,69.6322,3476.78,4317.66,59.6814,102.731,-9.84623,1.10011e+17,8,V,61.6974,53.02094882,,,,,0.1661901907759824,0.0683675824566031,L,99999900.0,LLLVALLTILLALLFSLLILI,27346.82094504612,1225.5000274415308,9.637238691333074
LLLTYLLAVLLGLLLGFLILI,LLLIYLLAVLLGLLLGFLILI,GAS,clash,19.1097,-255.738,225.435,-65.0178,-44.9568,-274.486,-344.594,4170.9,-53.8243,-25.1509,3237.22,4140.85,63.658,41.6357,3232.9,4163.93,90.4624,82.6711,-25.681,1.10011e+17,3,T,127.07203,1.947113864,,,,,0.4846151316686211,0.1624363153893337,G,99999900.0,LLLYSLLALLLGTLLGFLILI,21587.619808373795,1239.7133820319364,88.27156071979036
LLLASLLTLLLGVLLGFLILI,LLLASLLILLLGVLLGFLILI,GAS,clash,14.9641,-259.186,307.738,9.92275,-44.9951,-268.866,-349.287,4100.07,-53.5931,-35.4257,3205.24,3988.15,59.7382,28.0863,3200.16,4024.9,89.9177,54.377,-12.5433,1.10011e+17,7,T,101.5091,21.67229701,,,,,0.6347284469844353,1.2971047278405292,G,99999900.0,LLLASLLVGLLFLLLGLLILI,24071.917328671912,6877.78356705349,228.51730459356472
LLLYTLLVLLLAFLLSILILI,LLLYTLLILLLAFLLSILILI,Right,clash,15.0769,-266.988,338.407,41.4073,-60.3441,-283.144,-374.961,4293.83,-45.0894,-31.4728,3736.83,4228.66,54.8576,26.5017,3725.68,4253.44,81.4389,31.3781,-11.0904,1.10011e+17,7,V,103.0937,20.44956843,,,,,0.1935035468218596,0.0904498594346016,R,99999900.0,LLLYALLTVLLALLLSFLILI,24519.28427281032,1785.3564637423085,10.85505770506783
LLLLYLLLAVLTALLFSLILI,LLLLYLLLAVLTILLFSLILI,Left,clash,20.3696,-274.081,422.795,119.412,-74.2439,-287.039,-382.831,4210.94,-49.671,-21.5484,3350.15,4125.93,50.3537,20.2799,3350.15,4125.93,50.3537,20.2799,-12.7239,1.10011e+16,12,A,118.927,8.392260172,,,,,0.2277485253601529,0.1945512352561852,L,18449040197459.81,LLLLALLLFVLTWLLSLLILI,27738.94807068277,1603.09864232289,7.374700930306945
LLLYLLLTVLALLLFSLLILI,LLLYLLLIVLALLLFSLLILI,Left,clash,17.3876,-274.26,421.597,119.614,-60.403,-283.228,-376.381,4338.88,-45.1117,-32.7498,3488.71,4307.74,50.8648,41.5991,3476.78,4317.66,74.8608,58.9544,-9.84623,1.10011e+17,7,T,87.9963,32.09921031,,,,,0.1307758913302877,0.1043884743867941,L,99999900.0,LLLTSLLAVLLALLFSLLILI,26983.44371019241,1462.8574717899774,4.6582199284141135
LLLYILLTVLLALLLSFLILI,LLLYILLIVLLALLLSFLILI,Right,clash,11.2089,-267.24,599.92,298.793,-60.4181,-285.231,-376.867,4302.51,-45.0955,-31.2175,3708.3,4249.19,58.7138,31.8991,3694.41,4284.91,88.9916,53.1783,-11.9934,1.10011e+17,7,T,97.6963,24.61437674,,,,,0.1727632347513039,0.1018674443484893,R,20896141666566.67,LLLYALLTVLLALLLSFLILI,24162.018500209528,1058.73681235509,20.51210083029712
LLLYSLLVALLATLLTLLILI,LLLYSLLVALLITLLTLLILI,Right,clash,17.104,-271.562,627.262,314.776,-72.5506,-278.607,-383.471,4231.18,-58.0282,-32.3133,3454.3,4149.4,51.3253,31.9575,3454.3,4149.4,51.3253,31.9575,-5.8078,1.10011e+17,11,A,98.3103,24.53215607,,,,,0.4439600405479273,0.0306004789576209,R,99999900.0,LLLTALLVALLFALLSLLILI,25116.46617697775,1625.7464004405183,39.01392416095631
LLLYALLFVLLLLLTSLLILI,LLLYALLIVLLLLLTSLLILI,Left,clash,17.7591,-274.278,640.44,334.241,-74.2514,-284.189,-398.944,4262.97,-49.6801,-40.5038,3519.55,4132.24,38.0718,14.6368,3484.99,4169.13,108.578,50.685,-8.15293,1.10011e+17,7,F,114.9586,11.29422804,,,,,0.0692136587329294,0.066597527455617,L,-41.81307923131071,LLLTSLLAVLLALLFSLLILI,27155.320617090383,418.7523142675529,1.8090905742867136
LLLYSLLLALLATLLVFLILI,LLLYSLLLALLITLLVFLILI,Right,clash,24.2334,-279.357,663.567,352.62,-58.8092,-276.338,-360.121,4311.02,-55.8229,-24.9738,3499.14,4242.47,52.2833,39.1866,3499.14,4242.47,52.2833,39.1866,-10.482,1.10011e+17,11,A,103.1834,21.43172598,,,,,0.4373171459171411,0.0198099428675804,R,99999900.0,LLLWYLLLVLLATLLSFLILI,25098.29778272245,1643.411070204086,37.81794780091725
LLLVSLLFLLLYLLATLLILI,LLLVSLLFLLLILLATLLILI,Left,clash,14.8939,-271.047,672.854,364.247,-58.8596,-278.342,-379.633,4215.6,-52.4536,-42.4312,3319.52,4127.4,47.7518,20.9568,3314.55,4167.75,123.221,21.3942,-14.1747,1.10011e+17,11,Y,109.311,16.08747519,,,,,0.2601830190566789,0.0844478906418566,L,-26.16348307944466,LLLVALLLLLTFLLASLLILI,28195.458786572686,942.839443319066,16.393889963899905
LLLYTLLAVLLLLLASLLILI,LLLYTLLAVLLILLASLLILI,Left,clash,22.8783,-274.85,719.741,422.744,-60.3379,-277.896,-379.577,4226.94,-45.0267,-41.3427,3436.08,4075.6,55.1626,25.2068,3415.2,4159.21,121.934,27.2371,-5.78252,1.10011e+17,11,L,105.061,19.34998518,,,,,0.1189391357761781,0.1477609397878318,L,-41.57099282287293,LLLTSLLAVLLALLFSLLILI,27279.423468732155,896.9722815910998,1.1822066606477406
LLLYSLLVALLFTLLILLILI,LLLYSLLVALLFILLILLILI,Right,clash,20.336,-275.254,756.251,450.311,-45.032,-276.019,-352.725,4339.62,-51.0223,-31.674,3477.45,4264.56,40.334,9.15966,3466.47,4268.87,63.0144,19.3772,-9.98335,1.10011e+17,12,T,120.66234,7.055552988,,,,,0.0708372585597872,0.0654949210633671,R,99999900.0,LLLTALLVALLFALLSLLILI,23899.44936623873,1687.8208473444383,2.0550575473872508
LLLLYALVFLLTSLLFLLILI,LLLLYALVILLTSLLFLLILI,Left,clash,17.0196,-271.757,818.798,510.706,-74.3283,-276.794,-372.574,4234.52,-53.3546,-21.452,3374.62,4154.79,57.6023,8.54419,3357.04,4294.49,154.565,35.8785,-19.8812,1.1011e+16,8,F,122.78541,6.505913366,,,,,0.227062726866321,0.1238869778895407,L,99999900.0,LLLLAYLVILLFTLLSLLILI,29849.18170139597,2291.567740625907,11.40481077794934
LLLYLLLAILVTLLFSLLILI,LLLYLLLAILVILLFSLLILI,Left,clash,19.105,-274.425,901.358,600.94,-60.4221,-284.064,-372.092,4316.78,-45.0986,-27.6058,3495.91,4227.87,52.664,20.1379,3486.24,4248.7,78.0415,28.2632,-11.9428,1.10011e+17,11,T,110.1299,15.45884708,,,,,0.13935312506762,0.0245031537901302,L,99999900.0,LLLTSLLAVLLALLFSLLILI,29115.83450739136,2269.225908016429,9.97904994403399
LLLYVLLTLLLGALLGFLILI,LLLYVLLILLLGALLGFLILI,GAS,clash,11.7865,-259.118,909.235,605.073,-45.0052,-274.289,-343.064,4242.48,-56.8297,-23.7691,3444.01,4169.53,58.5489,21.3233,3437.72,4204.09,87.7307,38.9647,-32.8267,1.10011e+17,7,T,108.2721,16.45374759,,,,,4.046154434177915,6.195400711509233,G,99999900.0,LLLFVLLTILLGALLSLLILI,41272.66666666666,33764.5425310833,1240.854664131023
LLLYSLLLALLAVLLTILILI,LLLYSLLLALLAVLLIILILI,Right,clash,15.8107,-267.346,1074.53,771.629,-45.042,-270.494,-362.051,4271.06,-51.3678,-46.5144,3427.38,4077.54,63.1532,44.6468,3399.86,4118.84,94.6858,48.1242,-8.45964,1.10011e+17,15,T,85.0736,34.41771687,,,,,0.2839066917031922,0.2223737249374492,R,17184687969984.729,LLLYLLLTVLLAFLLSILILI,24626.143295970847,2284.5526232299385,10.613639916033014
LLLASLLVGLLFLLLGLLILI,LLLASLLVGLLFILLGLLILI,GAS,clash,12.9954,-258.11,1071.53,775.93,-44.9758,-267.049,-348.596,4063.96,-50.487,-36.5711,3176.74,4053.14,50.6624,5.30935,3172.26,4114.55,108.898,17.4963,-19.4851,1.10011e+17,12,L,124.51265,4.089715148,,,,,0.3409513269093252,0.0516587238715718,G,-45.2569101356911,LLLTGLLFGLLAILLSLLILI,19922.664880880377,1860.26065038586,44.82572867097288
LLLYSLLFTLLAVLLALLILI,LLLYSLLFTLLIVLLALLILI,Right,clash,15.1605,-271.561,1124.27,815.797,-58.7649,-278.345,-362.892,4282.39,-52.07,-25.7825,3480.59,4245.28,48.3785,25.1279,3480.59,4245.28,48.3785,25.1279,-5.51293,1.10011e+17,11,A,105.1399,19.28941765,,,,,0.125067801712261,0.0921259510376825,R,99999900.0,LLLYFLLAILLAVLLTLLILI,23977.610721524223,1760.5137725153077,5.021299355285601
LLLYVLLTLLLGALLSFLILI,LLLYVLLILLLGALLSFLILI,GAS,clash,13.8812,-261.292,1133.32,837.054,-60.3995,-280.508,-365.25,4268.74,-48.8519,-24.3432,3542.23,4193.94,58.7943,23.4162,3531.86,4230.42,88.6191,42.1472,-9.47255,1.10011e+17,7,T,106.1792,18.06869688,,,,,0.1988592283736296,0.0097932148078828,G,7744075917350.679,LLLFVLLTILLGALLSLLILI,19435.353014142725,1865.010391794597,30.30131883156517
LLLTSLLLALLFVLLILLILI,LLLTSLLLALLFILLILLILI,Right,clash,20.3479,-276.353,1208.6,901.352,-45.1106,-273.664,-373.186,4199.91,-51.2429,-54.4111,3298.23,4117.24,40.9253,10.4716,3278.54,4109.92,58.2128,25.7551,-5.87644,1.10011e+17,12,V,119.3504,8.066121305,,,,,2.329825314257058,1.4960566595009976,R,99999900.0,LLLTYLLAVLLAILLFLLILI,31905.962969229604,9568.090850710609,106.581028972402
LLLYSLLFVLLAILLTLLILI,LLLYSLLFVLLIILLTLLILI,Right,clash,17.7915,-277.008,1230.24,915.991,-58.9046,-284.257,-373.02,4308.09,-55.0278,-29.859,3540.58,4298.49,43.2945,15.1842,3540.58,4298.49,43.2945,15.1842,-5.71654,1.10011e+17,11,A,115.0836,11.65614219,,,,,0.1381815869264769,0.2334528026210895,R,22452663636263.64,LLLTYLLAVLLAILLFLLILI,23965.44142895232,578.9944011334891,25.410922568900595
LLLYSLLVALLATLLFLLILI,LLLYSLLIALLATLLFLLILI,Right,clash,22.0356,-273.783,1549.73,1242.41,-58.7878,-274.187,-356.197,4309.02,-55.5743,-23.2217,3466.87,4178.88,59.4655,70.3605,3459.85,4212.53,92.2715,91.6504,-6.31342,1.10011e+17,7,V,59.2349,54.29243631,,,,,0.1862988836481604,0.0474477899356175,R,99999900.0,LLLTYLLAVLLAILLFLLILI,24412.931381294668,1612.4543328539528,12.799259894557231
LLLLFVLLITLALLLLSLILI,LLLLIVLLITLALLLLSLILI,Left,clash,15.1966,-270.112,1779.46,1474.95,-74.2301,-282.221,-412.836,4112.9,-49.5903,-56.3848,3324.43,4045.31,48.545,28.0137,3315.79,4160.9,146.28,37.0155,-7.01664,1.10011e+16,4,F,110.4615,20.23012063,,,,,0.7670957608406446,0.2686777524132282,L,99999900.0,LLLLAVLLFILALLLSTLILI,32468.30929583796,1304.183279621148,78.26761824478977
LLLYALLVALLITLLFLLILI,LLLYALLVALLITLLFILILI,Right,clash,13.899,-265.271,1788.88,1487.92,-58.8507,-273.524,-351.22,4267.08,-49.5895,-18.845,3576.86,4222.68,53.2791,71.7564,3537.32,4305.82,116.293,103.815,-5.40899,1.10011e+17,16,L,57.7064,55.42626917,,,,,0.2353694612313031,0.0858289102528525,R,99999900.0,LLLTALLVALLFALLSLLILI,24448.39744702028,1761.6920043915045,14.636930398237258
LLLASLLFLLLGYLLGTLILI,LLLASLLFILLGYLLGTLILI,GAS,clash,15.3806,-262.683,1843.93,1535.89,-58.7329,-283.675,-354.819,4104.88,-60.7315,-12.4114,3177.0,4050.4,48.9006,11.1393,3166.04,4111.27,107.486,27.6026,-18.8019,1.10011e+17,8,L,120.1903,8.481941619,,,,,0.3869767829796252,0.0812667544561309,G,-42.42851556865118,LLLASLLVGLLFLLLGLLILI,20893.93559270408,1593.6069062563631,65.44311076926157
LLLYILLTLLLGALLAFLILI,LLLYILLILLLGALLAFLILI,GAS,clash,14.8553,-260.612,1898.1,1600.74,-44.9563,-275.501,-349.517,4295.06,-51.6043,-29.0606,3522.67,4209.28,58.7887,18.8726,3511.14,4245.13,88.631,34.5718,-21.875,1.10011e+17,7,T,110.7228,14.56270824,,,,,0.1397920255618187,0.0328367131610763,G,-25.311357682682544,LLLYSLLALLLGTLLGFLILI,18375.07191660873,1663.688311842135,17.165149856894534
LLLATLLVGLLFLLLGLLILI,LLLATLLVGLLFILLGLLILI,GAS,clash,14.7682,-259.261,2185.33,1894.13,-44.9989,-268.923,-350.357,4100.15,-46.7077,-36.4353,3173.03,4074.31,50.7456,5.68836,3168.17,4134.96,108.791,21.2396,-21.6244,1.10011e+17,12,L,124.13364,4.381661044,,,,,0.2800113118932095,0.05793771299685,G,-66.60004722871223,LLLTGLLFGLLAILLSLLILI,20026.75521601037,1635.5511508965103,47.2636228640904
LLLYSLLFVLLLLLATLLILI,LLLYSLLFVLLILLATLLILI,Left,clash,20.5249,-278.715,2321.5,2013.76,-58.817,-281.422,-366.133,4281.96,-49.5431,-25.8947,3500.39,4247.84,45.3797,16.1401,3496.25,4258.59,86.1616,16.8323,-11.3569,1.10011e+17,11,L,114.1277,12.38993827,,,,,0.3076095316260365,0.2038266200428402,L,20581608333233.32,LLLTSLLAVLLALLFSLLILI,30677.99334331416,2703.694961380437,13.369184329696948
LLLYVLLLILLATLLSFLILI,LLLYVLLLILLITLLSFLILI,Right,clash,14.6821,-272.534,2612.33,2304.88,-74.1087,-285.862,-385.436,4311.73,-49.5949,-25.4659,3594.62,4258.88,53.4023,28.3793,3594.62,4258.88,53.4023,28.3793,-6.57676,1.10011e+17,11,A,101.8885,21.78535294,,,,,0.1011026154944151,0.2137679882935692,R,-37.590369073421954,LLLYALLTVLLALLLSFLILI,24036.9854495592,713.0167420258405,21.137618107336127
LLLYSLLVALLATLLTLLILI,LLLYSLLVILLATLLTLLILI,Right,clash,17.1654,-271.561,2786.57,2474.15,-72.5506,-279.013,-383.427,4244.85,-58.0282,-31.8636,3454.3,4149.4,51.9967,17.7153,3454.3,4149.4,51.9967,17.7153,-5.8078,1.10011e+17,8,A,98.3103,24.53215607,,,,,0.2399988535377666,0.0267266543752321,R,7601377158051.712,LLLWTLLVFLLAILLSLLILI,24462.22722894809,1548.034788164642,18.52669345621003
LLLYTLLVGLLFALLGLLILI,LLLITLLVGLLFALLGLLILI,GAS,clash,19.1127,-257.217,2812.9,2526.84,-44.9097,-268.4,-348.929,4100.47,-47.9535,-35.6189,3164.43,4072.24,63.7801,126.772,3355.12,4263.83,185.312,369.551,-20.2698,1.10011e+17,3,Y,124.13364,4.381661044,,,,,0.4749611417832972,0.0452636789783705,G,-28.815600427453624,LLLASLLVGLLFLLLGLLILI,21007.83795133356,1887.7426350278588,65.22427521886414
LLLYVLLFTLLATLLSLLILI,LLLYVLLFILLATLLSLLILI,Right,clash,11.7652,-265.183,3072.86,2769.84,-74.1186,-282.127,-378.582,4244.55,-49.5999,-22.3371,3509.69,4237.41,47.7319,8.17293,3500.68,4255.3,72.6169,16.3821,-10.9192,1.10011e+17,8,T,123.15667,6.223220051,,,,,0.1793729350801185,0.0804129687055927,R,-67.01641295621933,LLLYALLTVLLALLLSFLILI,24294.882190740995,1133.15919578809,19.79475538661878
LLLYSLLLTLLATLLVFLILI,LLLYSLLLILLATLLVFLILI,Right,clash,12.3732,-269.695,3137.48,2825.9,-58.8316,-276.353,-360.228,4305.16,-54.2562,-25.0433,3557.82,4247.2,53.7326,28.1462,3551.46,4274.56,82.4523,44.5955,-10.0894,1.10011e+17,8,T,103.1834,21.43172598,,,,,0.1338547907586093,0.0508104232741641,R,-58.09996161840174,LLLYALLTVLLALLLSFLILI,23975.017809936588,1239.512700926216,14.226673026507234
LLLLTYLLAILFVLLLSLILI,LLLLIYLLAILFVLLLSLILI,Left,clash,21.4932,-273.977,3812.39,3514.8,-60.4159,-286.431,-378.315,4237.81,-45.1,-31.4683,3332.33,4163.32,58.4688,6.48924,3315.42,4199.85,89.8686,7.95099,-6.88991,1.10011e+16,4,T,131.98596,4.686210961,,,,,0.1862873300141007,0.1935975030054723,L,20775995259695.48,LLLLLALLLILFVLLSTLILI,27910.88928384764,866.9974977859216,4.039256317302804
LLLYLLLATLLAVLLSILILI,LLLYLLLAILLAVLLSILILI,Right,clash,19.6336,-266.923,4355.71,4063.37,-60.3996,-276.195,-379.289,4244.33,-45.0564,-42.6944,3501.71,4124.02,58.2227,23.946,3491.82,4158.38,87.332,45.3414,-6.3554,1.10011e+17,8,T,107.3836,18.23351324,,,,,0.185610637424848,0.0968411538460502,R,17784789594014.59,LLLYALLTVLLALLLSFLILI,24356.83667667364,1785.9894142596866,9.814996895055248
LLLYSLLFTLLAVLLALLILI,LLLYSLLFILLAVLLALLILI,Right,clash,15.1429,-268.35,4605.84,4305.07,-45.0097,-275.121,-352.021,4251.67,-47.5637,-31.8906,3489.47,4220.05,55.2378,7.21712,3480.59,4245.28,81.1501,15.1955,-5.51293,1.10011e+17,8,T,124.11248,5.495425251,,,,,0.3087884369063902,0.4282830326457447,R,99999900.0,LLLSYLLFVLLALLLATLILI,23694.352953139663,3746.5456240997432,0.4982845453702467
LLLYVLLFALLTVLLSLLILI,LLLYVLLFALLTILLSLLILI,Right,clash,14.8066,-264.414,4708.67,4409.36,-74.3017,-282.022,-378.277,4262.1,-49.6954,-21.9534,3551.13,4242.89,46.8706,21.0241,3537.36,4258.05,76.0685,34.5175,-5.15993,1.10011e+17,12,V,108.7979,16.1945587,,,,,0.1206144705589267,0.082848395836058,R,99999900.0,LLLTALLVALLFALLSLLILI,23992.555981763635,1118.01580625958,15.015497619704163
LLLYVLLFTLLATLLSLLILI,LLLYVLLFTLLATLLILLILI,Right,clash,11.7844,-266.362,4909.56,4600.88,-72.6321,-276.35,-367.124,4297.02,-54.102,-18.1421,3501.99,4248.9,60.1354,19.9372,3500.68,4255.3,69.7079,25.5332,-10.9192,1.10011e+17,15,S,109.7832,15.36936365,,,,,0.1747681420695477,0.0062841878391075,R,22795790908990.91,LLLYFLLAILLAVLLTLLILI,24222.642488275807,1450.8134728606883,14.27203568983252
LLLYALLFVLLILLFSLLILI,LLLYALLIVLLILLFSLLILI,Left,clash,16.9239,-273.482,5902.92,5601.21,-60.4445,-283.598,-376.104,4279.54,-45.1547,-32.0612,3612.79,4255.67,52.9578,26.4366,3601.3,4357.76,145.234,32.8721,-10.6362,1.10011e+17,7,F,103.1588,20.39933516,,,,,0.2599264746446336,0.2305999995472252,L,18998407692207.707,LLLTSLLAVLLALLFSLLILI,30533.59706389777,3016.511851492895,7.921598345304464
LLLYSLLLALLFALLTILILI,LLLYSLLLALLFILLTILILI,Right,clash,14.9079,-270.103,6024.83,5714.6,-58.9028,-281.254,-368.177,4297.71,-55.0357,-28.0205,3388.49,4264.35,44.2787,2.94885,3388.49,4264.35,44.2787,2.94885,-14.225,1.10011e+17,12,A,124.6439,3.988615181,,,,,0.0749175896277586,0.1414825325381351,R,-33.71481934682036,LLLVALLLALLFALLSTLILI,23780.647533657248,902.669871152125,14.66052580653073
LLLYSLLLILLAVLLTFLILI,LLLYSLLLILLIVLLTFLILI,Right,clash,16.5647,-278.267,6033.78,5722.44,-58.8872,-286.0,-370.959,4343.02,-49.6334,-26.0713,3589.79,4321.95,52.2279,30.8026,3589.79,4321.95,52.2279,30.8026,-9.72298,1.10011e+17,11,A,99.4652,23.64559776,,,,,0.1887820268727173,0.1383523148818402,R,99999900.0,LLLYFLLAILLAVLLTLLILI,24278.428711823068,1939.3196367191044,7.621171282917888
LLLTALLFLLLGVLLASLILI,LLLTALLFILLGVLLASLILI,GAS,clash,16.1602,-260.031,7371.4,7077.32,-60.3462,-276.757,-369.837,4010.16,-50.2139,-32.7338,3227.59,4004.87,61.2313,13.2008,3215.47,4057.28,116.343,23.7898,-13.6832,1.10011e+17,8,L,118.1288,10.05165629,,,,,0.281572633363594,0.118234198910117,G,2.270561945911824,LLLAGLLFLLLGTLLGSLILI,19380.72173623916,2215.2253625627536,29.15047942713847
LLLYTLLIALLAVLLSLLILI,LLLYTLLIALLAVLLILLILI,Right,clash,23.3654,-273.139,8098.61,7803.79,-45.0439,-272.177,-363.609,4300.72,-45.0439,-46.3873,3468.88,4137.23,59.3136,27.2908,3466.84,4144.8,69.7661,34.1259,-7.14993,1.10011e+17,15,S,102.4296,21.03817133,,,,,1.882469231206052,1.863959980372932,R,99999900.0,LLLWTLLVFLLAILLSLLILI,29983.308130035195,10203.69773267947,47.2971014235377
LLLTSLLAVLIALLFLLLILI,LLLTSLLAVLIILLFLLLILI,Left,clash,18.2947,-277.604,8584.03,8277.68,-44.9965,-272.966,-364.817,4178.22,-47.0339,-46.8546,3212.64,4105.94,48.0833,8.2076,3212.64,4105.94,48.0833,8.2076,-9.84837,1.10011e+17,11,A,122.0602,6.300559309,,,,,0.2561710774431938,0.095337760825966,L,13006785832535.82,LLLTSLLAVLLALLFSLLILI,28588.071068921105,260.66506238252623,15.43609155588192
LLLYLLLFVLIALLLTLLILI,LLLYLLLFVLIILLLTLLILI,Left,clash,17.5515,-278.97,9471.81,9160.81,-58.8554,-286.861,-379.761,4370.16,-49.5811,-34.0441,3534.75,4232.88,49.6715,15.3031,3534.75,4232.88,49.6715,15.3031,-12.1728,1.10011e+17,11,A,114.9647,11.74741571,,,,,0.2388999348828473,0.2767409046394506,L,15672106249899.988,LLLYTLLAVLIALLLSLLILI,28579.44659766005,1068.6139760656197,3.533980838308673
LLLYLLLFTLLAALLTSLILI,LLLYLLLFILLAALLTSLILI,Right,clash,17.2441,-266.855,10521.8,10219.1,-74.24,-290.715,-385.584,4249.04,-53.1353,-20.6291,3469.27,4262.76,56.2818,11.558,3460.5,4294.59,84.8554,24.6279,-11.3656,1.10011e+17,8,T,119.7716,8.800757788,,,,,0.1178568294571331,0.0812680587577052,R,-27.40468540687476,LLLYLLLTVLLAFLLSILILI,24073.48564908006,1143.8624715861108,14.690789983737575
LLLYALLVALLTALLSLLILI,LLLYALLVALLTILLSLLILI,Right,clash,12.9481,-265.172,11680.4,11378.5,-74.2919,-275.845,-385.196,4188.65,-49.6723,-35.0585,3433.79,4108.23,47.3454,13.8889,3433.79,4108.23,47.3454,13.8889,-7.73994,1.10011e+17,12,A,115.9331,10.69841783,,,,,0.2479422382339817,0.1601508613439336,R,15672106249899.988,LLLYALLTVLLALLLSFLILI,24460.54927987409,887.8001073250527,30.26492335579486
LLLYLLLFTLLAVLLSILILI,LLLYLLLFILLAVLLSILILI,Right,clash,19.2466,-269.454,12527.1,12231.8,-60.4334,-281.505,-372.836,4295.13,-45.0906,-30.8978,3596.76,4281.93,50.6901,16.2825,3586.49,4305.1,74.4496,28.3548,-5.10787,1.10011e+17,8,T,115.0471,12.39819508,,,,,-0.0961156701399544,0.5124830118967744,R,99999900.0,LLLYALLTVLLALLLSFLILI,23152.72573691476,782.394934100633,22.31115275377622
LLLSYLLGLLLGFLLGTLILI,LLLIYLLGLLLGFLLGTLILI,GAS,clash,27.6279,-258.543,15861.1,15577.0,-58.7136,-280.9,-355.06,4146.14,-53.1255,-15.4464,3292.41,4118.83,66.4792,15.6576,3283.42,4128.26,77.3587,31.7026,-25.6118,1.10011e+17,3,S,154.0732,9.224960938,,,,,3.1051917669401927,0.5145886131728016,G,-99.99916985500244,LLLAGLLFLLLGTLLGSLILI,38945.17470286434,8232.676077718103,403.6546142753533
LLLFLLLTILVALLLSLLILI,LLLFLLLIILVALLLSLLILI,Left,clash,17.6806,-269.146,16333.6,16037.0,-60.3711,-280.251,-388.972,4287.15,-45.0575,-48.35,3385.38,4101.17,44.9609,19.4632,3368.67,4119.16,67.3699,21.2366,-9.91551,1.10011e+17,7,T,110.1322,15.0184343,,,,,0.1931059179183094,0.0500274953628034,L,16606937058294.28,LLLVALLTILLALLFSLLILI,27657.848727884208,1004.0011066519944,12.898864540638233
LLLYALLFLLLGTLLSILILI,LLLYALLFILLGTLLSILILI,GAS,clash,15.1132,-264.358,17450.9,17148.1,-74.0819,-275.309,-365.167,4191.92,-53.6365,-15.776,3455.52,4203.15,54.5486,13.3637,3441.04,4253.75,110.162,27.0954,-9.67379,1.10011e+17,8,L,117.9659,10.17569535,,,,,0.0631854312807752,0.1997770890772782,G,99999900.0,LLLFVLLTILLGALLSLLILI,18202.9952464244,1089.7787623200643,30.104755652681792
LLLYVLLTILLALLLAFLILI,LLLYVLLIILLALLLAFLILI,Right,clash,15.4099,-266.886,23164.3,22867.8,-45.0659,-278.738,-357.937,4286.27,-45.0659,-34.1328,3657.7,4268.11,58.4401,35.7196,3641.96,4302.82,88.6287,59.6095,-8.42499,1.10011e+17,7,T,93.8758,27.56239805,,,,,0.08208297436459,0.3059320490458132,R,-39.82798502850157,LLLYALLTVLLALLLSFLILI,23893.093260009733,392.77800759811765,25.0046893846863
LLLALLLTVLTSLLFLLLILI,LLLALLLTVLTILLFLLLILI,Left,clash,19.6102,-273.292,26441.1,26133.1,-72.6531,-274.117,-384.719,4198.07,-54.2988,-37.9493,3259.98,4161.65,46.1923,12.2731,3260.05,4163.02,52.8506,12.5709,-10.5163,1.10011e+17,11,S,117.9947,9.421437992,,,,,0.3090790651365212,0.0820472756440406,L,11729389688970.3,LLLTSLLAVLIALLFLLLILI,28307.433428695105,1354.241136173326,20.53130504204514
LLLLAYLLALLFLLTSLLILI,LLLLAYLLILLFLLTSLLILI,Left,clash,17.0506,-275.524,27135.9,26827.5,-74.1866,-285.143,-387.028,4220.28,-49.9233,-27.6983,3280.59,4214.25,51.7902,4.72119,3280.59,4214.25,51.7902,4.72119,-25.4867,1.1011e+16,8,A,135.95305,1.821373069,,,,,0.2727840807553293,0.1690766606855056,L,99999900.0,LLLVALLLILTFLLASLLILI,30241.07326241359,2383.724737560857,12.530676759557446
LLLFSLLTALLGLLLGVLILI,LLLFILLTALLGLLLGVLILI,GAS,clash,19.2244,-255.009,28378.3,28077.0,-58.7871,-267.89,-356.236,4169.62,-65.5715,-29.5586,3227.02,4019.05,57.2094,6.67956,3213.64,4025.25,67.476,8.23037,-19.8404,1.10011e+17,4,S,131.79564,4.823650733,,,,,0.291049683719775,0.1391578187694102,G,-99.99952790190528,LLLFVLLTILLGALLSLLILI,20628.013795427298,2171.734828420507,57.34565160938661
LLLTSLLLGLLFALLAYLILI,LLLTSLLLGLLFILLAYLILI,GAS,clash,15.6362,-271.411,29467.5,29162.6,-44.9453,-279.549,-351.221,4202.96,-49.1971,-26.727,3232.71,4199.12,41.1589,1.03799,3232.71,4199.12,41.1589,1.03799,-21.9286,1.10011e+17,12,A,128.78401,0.799548613,,,,,0.1699368116175544,0.0063772949132524,G,4.579610239930554,LLLTGLLFGLLAILLSLLILI,18352.784050515464,1477.9729273610535,25.686881209946304
LLLFTLLVALLAYLLSLLILI,LLLFTLLVILLAYLLSLLILI,Right,clash,18.358,-268.683,31269.8,30970.4,-60.2791,-282.908,-369.779,4282.97,-49.0868,-26.5917,3327.27,4222.84,38.6099,15.2953,3327.27,4222.84,38.6099,15.2953,-8.62057,1.10011e+17,8,A,125.97152,3.298036813,,,,,0.3761066365228771,0.176737735627757,R,99999900.0,LLLAYLLTVLLAFLLSLLILI,25513.3641524727,2128.9674452094564,21.04333197262717
LLLYTLLIALLFVLLSLLILI,LLLYTLLIALLFILLSLLILI,Right,clash,15.0667,-269.073,31678.7,31379.6,-60.443,-283.354,-372.198,4324.45,-45.0745,-28.4007,3507.25,4259.83,44.8247,9.54395,3492.62,4261.55,63.0706,20.0414,-12.3755,1.10011e+17,12,V,120.27805,7.35156599,,,,,-0.1175721950805911,1.2901036410423727,R,99999900.0,LLLTALLVALLFALLSLLILI,23091.433576579297,3442.977376847834,66.58782894768572
LLLLYFLLLVLATLLLSLILI,LLLLYFLLIVLATLLLSLILI,Left,clash,19.8027,-269.704,33737.7,33431.4,-74.2686,-287.358,-382.978,4211.48,-56.3932,-21.3507,3407.75,4229.53,53.7835,21.0337,3402.28,4292.52,113.781,20.7399,-16.1412,1.10011e+16,8,L,110.2959,16.01596289,,,,,0.2634330954154767,0.0471908324966396,L,15881200642107.771,LLLLWALLFVLATLLSLLILI,28186.56718372387,947.1060254634974,18.814079518597783
LLLYTLLAILVALLLSLLILI,LLLYTLLAILVILLLSLLILI,Left,clash,16.6271,-276.822,34947.5,34642.2,-60.363,-280.68,-386.543,4241.36,-45.0523,-45.4998,3345.69,4109.7,47.5381,8.06233,3345.69,4109.7,47.5381,8.06233,-12.8594,1.10011e+17,11,A,122.20547,6.189042879,,,,,0.2708348587765454,0.0385212796859191,L,-54.25180984879523,LLLYTLLAVLIALLLSLLILI,28100.87049202219,1177.3578128316703,19.92069835437297
LLLLYLLLTVLIALLFSLILI,LLLLYLLLIVLIALLFSLILI,Left,clash,17.9002,-273.731,38916.3,38615.3,-60.4294,-287.793,-376.175,4246.88,-45.1058,-27.953,3420.97,4252.13,55.5852,29.6555,3400.19,4282.73,84.2312,39.13,-11.4414,1.10011e+16,8,T,101.6741,22.58097184,,,,,0.3909721061435557,0.0789525286049879,L,22452663636263.64,LLLLLALLYVLTALLFSLILI,31145.15674315169,2845.673109229861,36.538203353580165
LLLYSLLIALLFVLLTLLILI,LLLYSLLIALLFILLTLLILI,Right,clash,15.0856,-269.72,40305.4,39995.2,-58.8983,-281.172,-365.845,4378.46,-55.6025,-25.7746,3492.89,4286.72,45.3437,10.685,3478.85,4296.13,72.7115,22.4826,-10.2014,1.10011e+17,12,V,119.137,8.230500223,,,,,0.4553207799994132,0.1481125164201149,R,99999900.0,LLLTALLVALLFALLSLLILI,25139.523922848268,1325.7689791998964,46.92855015254106
LLLYLLLAVLITLLFSLLILI,LLLYLLLIVLITLLFSLLILI,Left,clash,17.2277,-278.07,42785.0,42474.5,-74.2762,-287.373,-383.662,4319.34,-49.6774,-22.0132,3451.95,4255.62,49.4912,28.183,3451.95,4255.62,49.4912,28.183,-12.5799,1.10011e+17,7,A,101.4124,21.74691386,,,,,0.482600670122089,0.5147129536048862,L,99999900.0,LLLTSLLAVLLALLFSLLILI,31789.78204848799,3161.22663105477,9.702386005448
LLLYILLGLLLGTLLAFLILI,LLLYILLILLLGTLLAFLILI,GAS,clash,13.6537,-265.228,43793.7,43485.2,-58.718,-278.604,-361.152,4293.4,-56.9037,-23.8302,3497.89,4254.05,59.0402,7.91085,3498.87,4235.61,38.3911,6.33904,-25.5412,1.10011e+17,7,G,121.68455,6.10426759,,,,,0.196946555746502,0.2493413953671407,G,99999900.0,LLLAGLLFLLLGTLLGSLILI,19149.59346400945,856.3507256263814,54.96147278040255
LLLVALLLLLTALLFSLLILI,LLLVALLILLTALLFSLLILI,Left,clash,13.1367,-268.316,49398.4,49093.3,-74.2784,-275.017,-384.594,4119.26,-49.8727,-35.2984,3199.33,3991.27,56.6932,8.53017,3187.25,4050.61,116.079,54.6445,-20.5886,1.10011e+17,7,L,121.06523,6.582154922,,,,,0.5879470202149522,0.0039356357116347,L,-36.0853061277846,LLLTSLLAVLLALLFSLLILI,30531.6860391353,843.6480960773579,47.85328178649956
LLLLVALLLLLTALLFSLILI,LLLLVALLLLLTILLFSLILI,Left,clash,10.7796,-270.448,53476.6,53167.3,-74.2423,-284.52,-398.982,4151.78,-49.5893,-40.2195,3242.27,4135.49,50.8219,10.0795,3242.27,4135.49,50.8219,10.0795,-14.5199,1.10011e+16,12,A,119.7425,7.764092373,,,,,0.4371526974977153,0.2749551259646812,L,99999900.0,LLLLLALLYVLTALLFSLILI,31119.76508332133,2077.166690757028,19.84986777684225
LLLLYALVFLLTSLLFLLILI,LLLLYALVFLLTILLFLLILI,Left,clash,17.0366,-274.756,64068.2,63760.5,-58.9419,-279.675,-350.952,4292.25,-49.9584,-12.3359,3358.54,4303.64,34.925,0.508435,3357.04,4294.49,37.9222,1.68173,-19.8812,1.1011e+16,12,S,129.313565,0.391640092,,,,,0.4836986036221797,0.1185354572083418,L,99999900.0,LLLLAALVFLLTSLILLLILI,31168.119686548613,1481.2709803371467,32.70131589271358
LLLLSYLLAVLFTLLLILILI,LLLLSYLLIVLFTLLLILILI,Left,clash,18.6247,-279.089,66215.1,65903.1,-58.8845,-278.832,-367.404,4235.51,-51.5759,-29.6879,3229.25,4198.32,54.3731,24.6093,3229.25,4198.32,54.3731,24.6093,-14.2684,1.10011e+16,8,A,106.7203,18.73857836,,,,,-0.2444878743461473,0.570064958273153,L,99999900.0,LLLLAYLVILLFTLLSLLILI,26872.577361136988,5515.681640835257,12.970647775787652
LLLLVALLLLLTALLFSLILI,LLLLVILLLLLTALLFSLILI,Left,clash,11.4423,-270.386,70031.6,69723.0,-74.2423,-285.409,-399.747,4164.85,-49.5893,-40.0955,3242.27,4135.49,54.8744,14.8047,3242.27,4135.49,54.8744,14.8047,-14.5199,1.10011e+16,5,A,119.7425,7.764092373,,,,,0.3726825318227076,0.1921237322727917,L,99999900.0,LLLLIFLLWLLTALLSVLILI,28536.82496892752,1793.564474179628,41.58670316418007
LLLYSLLFVLLAILLTLLILI,LLLYSLLFILLAILLTLLILI,Right,clash,17.7828,-274.389,70110.2,69798.6,-58.9046,-282.145,-369.955,4285.11,-55.0278,-28.9045,3554.2,4287.32,47.8776,7.25936,3540.58,4298.49,70.4458,17.6691,-5.71654,1.10011e+17,8,V,124.07024,5.527588602,,,,,0.2451964599629149,0.1322672661464224,R,12769099211511.75,LLLTYLLAVLLAILLFLLILI,24272.604173069543,2015.027074957984,12.708859581245902
LLLLSYLLAVLFTLLLILILI,LLLLIYLLAVLFTLLLILILI,Left,clash,22.1635,-275.359,72810.8,72507.9,-58.8845,-276.802,-363.443,4244.31,-49.6305,-27.7571,3230.59,4191.46,58.8815,1.668,3229.25,4198.32,69.572,1.91266,-14.2684,1.10011e+16,4,S,136.8072,1.204547818,,,,,4.16019736300404,5.8943295106898175,L,99999900.0,LLLLLLLLFVLATLLSILILI,44738.04412491968,28284.12547566768,681.0529913842605
LLLFTLLVALLAYLLSLLILI,LLLFTLLVALLIYLLSLLILI,Right,clash,18.3023,-268.683,77601.0,77301.5,-60.2706,-282.153,-371.785,4290.4,-49.0868,-29.3618,3327.27,4222.84,52.195,4.29628,3327.27,4222.84,52.195,4.29628,-8.62057,1.10011e+17,11,A,125.97152,3.298036813,,,,,-0.3648552566372608,0.9765460560951637,R,99999900.0,LLLTALLVALLFALLSLLILI,22244.393138265616,2693.4310410286657,27.28868039053913
LLLLYLLAVLTSLLFSLLILI,LLLLILLAVLTSLLFSLLILI,Left,clash,18.1812,-269.473,84369.2,84064.9,-89.6761,-278.315,-399.118,4120.4,-53.05,-31.1261,3227.16,4004.98,59.9227,26.6488,3220.17,4189.68,178.256,28.8083,-22.2275,1.10011e+17,4,Y,111.8264,19.24445677,,,,,0.254702162432101,0.0906225552713095,L,-45.439262455000254,LLLTSLLAVLLALLFSLLILI,27779.44442021857,1604.3438855470115,15.58862619974457
LLLVLLLTGLLFALLAYLILI,LLLVLLLTGLLFILLAYLILI,GAS,clash,16.1417,-262.909,89977.4,89680.7,-58.7499,-280.623,-358.081,4254.96,-49.9579,-18.7081,3211.96,4238.01,41.0351,1.06438,3211.96,4238.01,41.0351,1.06438,-20.5014,1.10011e+17,12,A,128.75762,0.819876446,,,,,0.118068760365539,0.063620583913739,G,-99.99963095372294,LLLVLLLTGLLFALLAYLILI,17769.07068920045,1925.373103549356,10.761218757179805
LLLVTLLLALLLLLFSLLILI,LLLVTLLIALLLLLFSLLILI,Left,clash,20.1776,-273.198,99638.3,99340.2,-60.4201,-280.815,-390.371,4162.8,-45.1106,-49.136,3325.53,4178.18,56.0166,21.8619,3285.78,4210.27,108.796,51.3765,-8.52579,1.10011e+17,7,L,107.7335,16.86934876,,,,,0.2003225407879122,0.929254219977018,L,99999900.0,LLLTSLLAVLLALLFSLLILI,29075.196317414982,5831.89630036659,70.11643197742886
LLLYLLLGALLAFLLSTLILI,LLLYLLLGILLAFLLSTLILI,GAS,clash,16.6278,-263.775,99920.6,99622.8,-74.1744,-288.552,-376.923,4264.3,-50.6609,-14.1969,3515.52,4208.62,59.0221,49.9942,3515.52,4208.62,59.0221,49.9942,-12.4366,1.10011e+17,8,A,128.17231,1.608601665,,,,,0.1291593277236756,0.0284251258924359,G,16598537249900.352,LLLYLLLGALLAFLLSTLILI,18115.05131628813,1634.8349812957524,16.058840178571266
LLLYWLLVALLLALLSTLILI,LLLYWLLVALLLILLSTLILI,Right,clash,22.816,-278.045,125368.0,125063.0,-74.2497,-293.741,-399.249,4255.31,-49.6004,-31.2589,3369.4,4108.9,53.3701,14.9216,3369.4,4108.9,53.3701,14.9216,-19.021,1.10011e+17,12,A,114.9004,11.49389164,,,,,0.2815615095141625,0.0733769744393048,R,99999900.0,LLLTALLVALLFALLSLLILI,24519.011573290907,1780.491574531857,19.245295247023712
LLLLAYLTVLLSILFLLLILI,LLLLIYLTVLLSILFLLLILI,Left,clash,20.0713,-277.877,126570.0,126262.0,-74.3603,-279.892,-380.325,4247.53,-49.9355,-26.0729,3462.44,4270.19,62.7676,38.5051,3462.44,4270.19,62.7676,38.5051,-7.57527,1.1011e+16,4,A,99.9701,27.80649531,,,,,0.2301999013707622,0.164276019509351,L,99999900.0,LLLALLLTVLTSLLFLLLILI,27200.399506540794,2447.7812978016327,9.32584652802909
LLLVSLLLTLLAYLLALLILI,LLLVSLLLTLLIYLLALLILI,Right,clash,17.0482,-268.949,140678.0,140368.0,-58.7633,-277.286,-383.904,4183.31,-57.5098,-47.8541,3225.45,4096.56,58.2014,1.35239,3225.45,4096.56,58.2014,1.35239,-14.1235,1.10011e+17,11,A,128.91541,1.038161388,,,,,8.121264124608238,0.5262145407549771,R,99999900.0,LLLVWLLTALLIALLSLLILI,51792.333333333336,24286.647655313267,649.3279528674849
LLLLFILLAVLLTLLLSLILI,LLLLIILLAVLLTLLLSLILI,Left,clash,14.6686,-270.461,145417.0,145111.0,-74.2506,-282.876,-412.753,4144.88,-49.6536,-55.6271,3357.22,4060.34,59.2047,36.4356,3318.17,4217.06,161.488,38.7517,-10.64,1.10011e+16,4,F,102.0396,26.31200388,,,,,0.2822866113110419,0.190027402215698,L,99999900.0,LLLLYLLLFVLATLLLSLILI,30231.36639764357,2253.7033369686183,12.096284204047238
LLLYILLVALLATLLTLLILI,LLLYILLVALLITLLTLLILI,Right,clash,13.5234,-266.132,149971.0,149665.0,-72.5251,-280.548,-386.638,4285.84,-54.1717,-33.5645,3516.6,4180.55,51.7595,18.1437,3516.6,4180.55,51.7595,18.1437,-11.5225,1.10011e+17,11,A,112.1241,13.92800063,,,,,0.1895969950298452,0.0849457355778632,R,99999900.0,LLLTALLVALLFALLSLLILI,24259.339274413105,1745.37527353214,10.853838640959133
LLLFALLTILVALLLSLLILI,LLLFALLIILVALLLSLLILI,Left,clash,20.0204,-268.898,159589.0,159295.0,-60.4007,-277.232,-381.039,4196.23,-45.0946,-43.4056,3292.99,4077.5,46.7794,11.6752,3274.35,4096.73,70.712,13.1949,-6.23415,1.10011e+17,7,T,117.9202,9.008961738,,,,,0.4625689092232481,0.0539660169567103,L,-60.580251612526666,LLLVALLLILTFLLASLLILI,29805.07646779249,638.9497579223722,34.70713863273514
LLLGYLLFLLLGVLLASLILI,LLLGYLLILLLGVLLASLILI,GAS,clash,14.6177,-257.977,164574.0,164279.0,-60.364,-279.841,-375.539,4124.51,-51.4808,-35.3337,3196.06,3982.37,57.1455,12.4134,3186.76,4132.2,155.51,52.296,-20.4809,1.10011e+17,7,F,117.182,9.578580721,,,,,0.4762323083817262,0.1045477491289714,G,12194716715429.49,LLLAGLLFLLLGTLLGSLILI,20890.4343262328,1041.5224516272638,81.00983979677521
LLLTSLLFALLGLLLGVLILI,LLLTSLLFILLGLLLGVLILI,GAS,clash,16.0096,-264.444,179863.0,179558.0,-44.9724,-269.89,-353.922,4078.72,-57.3535,-39.0603,3106.62,4048.87,54.0147,7.05984,3106.62,4048.87,54.0147,7.05984,-21.873,1.10011e+17,8,A,124.26976,5.375665501,,,,,0.5090671191593348,0.1058840772763921,G,99999900.0,LLLASLLVGLLFLLLGLLILI,21204.97736160365,2253.276089427984,63.93451164207682
LLLVALLLLLTALLFSLLILI,LLLVALLLLLTILLFSLLILI,Left,clash,13.0842,-272.377,192855.0,192546.0,-74.2272,-280.537,-396.491,4173.66,-49.6192,-41.7268,3187.25,4050.61,47.829,10.6216,3187.25,4050.61,47.829,10.6216,-20.5886,1.10011e+17,11,A,119.6462,8.153664989,,,,,0.1094653796416521,0.9625798167197988,L,99999900.0,LLLVALLLILTFLLASLLILI,32422.77065032412,11154.439965402473,64.61342449317424
LLLTSLLAVLLALLFSLLILI,LLLTSLLAVLLILLFSLLILI,Left,clash,22.3632,-278.644,195581.0,195276.0,-60.369,-276.979,-380.774,4114.32,-48.7587,-43.4261,3180.44,4066.99,54.24,15.2951,3180.44,4066.99,54.24,15.2951,-11.6814,1.10011e+17,11,A,114.9727,11.74127451,,,,,0.0064423098035288,0.1231573218345096,L,13197563157794.734,LLLTSLLAVLLALLFSLLILI,26594.74113309142,1296.682271272276,7.648464301654223
LLLTILLAVLLAYLLSLLILI,LLLTILLIVLLAYLLSLLILI,Right,clash,19.2885,-272.227,196393.0,196095.0,-60.281,-282.174,-386.247,4192.89,-45.0092,-43.7923,3335.04,4098.69,55.4704,33.3303,3335.04,4098.69,55.4704,33.3303,-11.4044,1.10011e+17,7,A,128.1227,1.646684752,,,,,0.4980001448147859,0.254629180671117,R,-36.99268693421004,LLLYALLTVLLALLLSFLILI,25811.45730841012,2410.314240728446,26.64205199921033
LLLYLLLAILVTLLFSLLILI,LLLYLLLIILVTLLFSLLILI,Left,clash,15.7354,-276.806,204185.0,203874.0,-74.2674,-287.888,-384.483,4324.36,-49.8438,-22.3278,3486.24,4248.7,48.8456,27.5407,3486.24,4248.7,48.8456,27.5407,-11.9428,1.10011e+17,7,A,102.0547,21.25129441,,,,,0.2616535991019512,0.017849087314632,L,99999900.0,LLLVALLTILLALLFSLLILI,28265.389859636736,783.0670906879557,20.365256421052603
LLLYLLLVALLATLLSFLILI,LLLYLLLVALLITLLSFLILI,Right,clash,9.53404,-263.866,204785.0,204481.0,-74.0594,-284.924,-380.151,4301.46,-49.5292,-21.1677,3594.36,4309.09,51.8322,17.9618,3594.36,4309.09,51.8322,17.9618,-6.01584,1.10011e+17,11,A,112.306,13.7883652,,,,,0.1808367721194676,0.1037188203515819,R,-28.99400619057671,LLLYALLTVLLALLLSFLILI,24210.23870059992,1051.6974099196257,21.29830357177672
LLLLYYLTALLFVLLLLLILI,LLLLYYLTILLFVLLLLLILI,Left,clash,22.3078,-283.633,211285.0,210974.0,-58.8062,-284.688,-362.446,4384.28,-49.4741,-18.9522,3492.24,4398.97,56.7923,42.93,3492.24,4398.97,56.7923,42.93,-26.5607,1.1011e+16,8,A,88.3996,32.68874648,,,,,0.8481953873007693,0.0614473379450087,L,99999900.0,LLLLWILTYLLAVLLFLLILI,32604.25279195915,864.3452249088633,65.81011307471708
LLLATLLVGLLFGLLFLLILI,LLLATLLVILLFGLLFLLILI,GAS,clash,18.4288,-267.025,211732.0,211438.0,-45.0114,-271.629,-342.797,4229.59,-45.0114,-26.1569,3181.98,4220.18,56.5638,9.94352,3196.48,4212.74,40.2136,4.15249,-16.382,1.10011e+17,8,G,121.38608,7.57142335,,,,,0.412147847487239,0.0271128924172334,G,-60.21708092050627,LLLALLLTVLLGGLLFSLILI,20717.213906442725,1511.2294939355324,63.51099474993942
LLLYVLLFALLTVLLSLLILI,LLLYVLLFILLTVLLSLLILI,Right,clash,14.8479,-267.033,232137.0,231835.0,-74.2664,-284.468,-382.155,4270.51,-49.8154,-23.4205,3537.36,4258.05,45.0978,2.70328,3537.36,4258.05,45.0978,2.70328,-5.15993,1.10011e+17,8,A,128.62632,2.058393538,,,,,0.1605585993474795,0.2527293777171834,R,17286756595224.133,LLLYFLLAILLAVLLTLLILI,24052.373365885192,526.5676264967186,28.428114662498988
LLLYTLLVILLAFLLSLLILI,LLLYTLLVILLAFLLILLILI,Right,clash,15.5508,-267.056,247954.0,247657.0,-45.1094,-277.213,-353.686,4353.18,-45.1094,-31.3631,3654.44,4220.25,56.6198,21.1865,3652.52,4230.55,68.5221,21.4454,-16.9329,1.10011e+17,15,S,108.5339,16.33243499,,,,,0.2151525573444567,0.035537605626929,R,16218358581980.951,LLLAYLLTVLLAFLLSLLILI,24432.22801990913,1562.8952110021532,15.922688031503217
LLLALLLLTLIVLLFSLLILI,LLLALLLLTLIILLFSLLILI,Left,clash,18.0247,-270.744,316461.0,316158.0,-74.253,-282.314,-396.427,4193.38,-49.6574,-39.8597,3360.7,4148.23,56.0034,39.0678,3323.27,4160.8,81.5845,54.7506,-9.39837,1.10011e+17,11,V,91.2,29.99037368,,,,,7.43293252214761,1.2659830625737114,L,99999900.0,LLLTALLLLLVALLFSLLILI,67251.61914038955,20367.80641245474,681.0529913842605
LLLYLLLAILLAFLLTSLILI,LLLYLLLIILLAFLLTSLILI,Right,clash,16.6374,-268.393,370041.0,369740.0,-74.2278,-297.679,-392.23,4326.09,-49.8326,-20.3231,3585.83,4286.09,56.3119,11.5611,3585.83,4286.09,56.3119,11.5611,-7.22105,1.10011e+17,7,A,122.56778,5.910915821,,,,,-0.0429887017930466,0.1665364659552343,R,19084990908990.9,LLLYLLLTVLLAFLLSILILI,23336.935417378,889.1728908772352,6.265246449106956
LLLVSLLLTLLAYLLALLILI,LLLVSLLLTLLAYLLILLILI,Right,clash,17.0477,-268.949,371260.0,370951.0,-58.7633,-274.136,-380.153,4206.55,-57.7081,-47.2537,3225.45,4096.56,56.744,6.07137,3225.45,4096.56,56.744,6.07137,-14.1235,1.10011e+17,15,A,128.91541,1.038161388,,,,,4.651992494940769,5.432505530986921,R,99999900.0,LLLTILLAVLLAYLLSLLILI,40349.267664431056,25541.968105401807,67.92534885958992
LLLYSLLVALLFTLLILLILI,LLLYSLLVILLFTLLILLILI,Right,clash,20.4312,-278.463,381884.0,381570.0,-58.8088,-279.243,-363.847,4347.41,-55.529,-25.7954,3466.47,4268.87,50.3643,7.83715,3466.47,4268.87,50.3643,7.83715,-9.98335,1.10011e+17,8,A,123.49245,5.967542732,,,,,0.2947117203849262,0.1832314178332575,R,17784789594014.59,LLLTALLVALLFALLSLLILI,24699.569679193297,2138.154175997767,13.838237733049713
LLLLYVLLALLFTLLSILILI,LLLLYVLLILLFTLLSILILI,Left,clash,18.5944,-277.261,433158.0,432844.0,-74.1368,-283.709,-384.762,4184.44,-55.6265,-26.9165,3344.33,4216.73,52.8675,12.5179,3344.33,4216.73,52.8675,12.5179,-10.8778,1.10011e+16,8,A,118.8117,9.53166689,,,,,0.1769265649659597,0.0903274291837727,L,17910978571328.58,LLLLAVLLFLLATLISLLILI,29596.659542666974,2511.626776302983,9.24539486841334
LLLYSLLFTLLVALLILLILI,LLLYSLLFILLVALLILLILI,Right,clash,11.6244,-270.613,444353.0,444046.0,-45.093,-276.033,-354.983,4328.96,-47.9358,-33.8565,3508.92,4294.82,48.2074,4.75286,3503.43,4311.32,74.156,7.82047,-7.23483,1.10011e+17,8,T,126.57674,3.61903181,,,,,1.3154439269149203,2.0047493670008896,R,99999900.0,LLLYFLLAILLAVLLTLLILI,27814.51892019952,6959.236525812532,229.0080846779764
LLLSYLLAVLLGLLLGTLILI,LLLSYLLIVLLGLLLGTLILI,GAS,clash,20.5901,-269.785,447499.0,447197.0,-58.7719,-283.681,-375.602,4125.59,-52.9094,-33.1491,3239.14,4001.68,63.8201,18.615,3239.14,4001.68,63.8201,18.615,-11.997,1.10011e+17,7,A,129.5954,0.0,,,,,0.3049791998440598,0.0368341675503855,G,-60.09815559153782,LLLTYLLAVLLGLLLAFLILI,20132.246870931525,1967.7718505368484,41.072435483632574
LLLFYLLGVLLGLLLASLILI,LLLFYLLIVLLGLLLASLILI,GAS,clash,14.0384,-253.993,461474.0,461182.0,-60.32,-287.782,-372.609,4262.12,-51.7028,-24.5068,3186.63,4197.92,48.3399,0.871603,3187.04,4209.22,38.8989,0.79897,-17.4846,1.10011e+17,7,G,128.723797,0.672557051,,,,,0.3570465898080989,0.2617522842524215,G,99999900.0,LLLALLLTVLLGGLLFSLILI,19653.859857701427,3166.6043703429264,25.32075383894017
LLLYVLLIALLFTLLSLLILI,LLLYVLLIILLFTLLSLLILI,Right,clash,13.1701,-269.467,468044.0,467738.0,-74.1173,-285.897,-382.826,4298.51,-49.6004,-22.8118,3493.18,4289.61,50.0102,10.9247,3493.18,4289.61,50.0102,10.9247,-11.4802,1.10011e+17,8,A,120.4049,8.318535958,,,,,0.1562798160964782,0.1898694143947208,R,16716913333233.344,LLLTALLVALLFALLSLLILI,24439.793118256726,897.1338762310245,24.34508335887354
LLLYSLLLTLLVALLIFLILI,LLLYSLLLILLVALLIFLILI,Right,clash,19.086,-274.816,555837.0,555530.0,-45.07,-276.931,-355.505,4343.24,-50.5846,-33.5036,3648.16,4290.33,57.2495,15.2458,3642.0,4322.16,85.5373,23.4677,-7.44926,1.10011e+17,8,T,116.0838,11.60880715,,,,,0.294125285889717,0.0939506580318859,R,14376727258940.19,LLLYVLLTILLALLLAFLILI,24860.43642282793,1094.8818706833306,30.212337686956285
LLLYTLLIALLFVLLSLLILI,LLLYTLLIILLFVLLSLLILI,Right,clash,15.1053,-271.693,564375.0,564074.0,-60.4202,-285.863,-376.393,4316.81,-45.0745,-30.1098,3492.62,4261.55,56.7544,8.1772,3492.62,4261.55,56.7544,8.1772,-12.3755,1.10011e+17,8,A,123.1524,6.226471412,,,,,1.7270223785372214,2.1926273616784973,R,99999900.0,LLLTALLVALLFALLSLLILI,29847.586418409275,10686.578823181522,14.797934444364142
LLLLYVLLALLFTLISLLILI,LLLLYVLLILLFTLISLLILI,Left,clash,19.799,-277.22,582387.0,582079.0,-74.1064,-285.42,-386.078,4201.1,-51.3696,-26.5514,3338.69,4238.08,51.4693,11.68,3338.69,4238.08,51.4693,11.68,-13.0633,1.1011e+16,8,A,119.6496,8.89365383,,,,,0.2003267830152045,0.0646268790438846,L,20632309940075.35,LLLLAVLLFLLATLISLLILI,27782.80553898293,887.8183749648725,12.645153144917042
LLLLYLLLAVLTALLFSLILI,LLLLYLLLIVLTALLFSLILI,Left,clash,20.5237,-274.079,603885.0,603581.0,-74.2318,-287.912,-383.504,4206.85,-49.7888,-21.3602,3350.15,4125.93,62.0981,38.3197,3350.15,4125.93,62.0981,38.3197,-12.7239,1.10011e+16,8,A,118.927,8.392260172,,,,,0.285345470959591,0.1253648510139938,L,16796243873802.152,LLLLALLLFVLTWLLSLLILI,28881.4449662474,340.19162124614377,16.085571603824995
LLLLYSLTALLFVLLLLLILI,LLLLYSLTILLFVLLLLLILI,Left,clash,17.5854,-277.422,634878.0,634564.0,-58.8393,-279.767,-370.618,4288.73,-54.4661,-32.0116,3417.26,4248.05,59.2731,32.8144,3417.26,4248.05,59.2731,32.8144,-14.0728,1.1011e+16,8,A,98.5152,24.98629403,,,,,0.7338745876621935,0.5985244408862122,L,99999900.0,LLLLWILTYLLAVLLFLLILI,32581.49662105038,3241.362368769554,25.40451186566372
LLLWSLLTLLLGVLLAFLILI,LLLWSLLILLLGVLLAFLILI,GAS,clash,16.5407,-264.977,647452.0,647152.0,-44.9904,-277.567,-354.138,4264.05,-52.2665,-31.5808,3348.33,4109.33,39.4264,9.45415,3343.65,4129.95,59.3685,16.1294,-18.8028,1.10011e+17,7,T,120.14125,7.295127759,,,,,0.0993929264179232,0.0302072266508075,G,99999900.0,LLLYSLLALLLGTLLGFLILI,18695.569408084444,1822.815062380548,17.7806025679955
LLLYWLLTALLLSLLFVLILI,LLLYWLLTALLLILLFVLILI,Right,clash,22.2054,-279.53,701029.0,700722.0,-58.825,-283.094,-362.189,4348.01,-49.5947,-20.2701,3452.23,4372.01,57.0122,11.274,3448.25,4365.95,57.7331,11.9677,-18.0581,1.10011e+17,12,S,118.548,8.684198364,,,,,0.3004302818177835,0.1567642920404695,R,99999900.0,LLLYWLLLALLVALLSTLILI,24588.600896765067,2093.896748670953,15.885610592556064
LLLLYVLLALLFTLISLLILI,LLLLYVLLALLFTLIILLILI,Left,clash,19.6292,-275.193,706716.0,706409.0,-58.8449,-277.013,-364.116,4228.9,-51.3696,-28.2574,3340.14,4247.73,50.9081,25.7528,3338.69,4238.08,52.3853,25.3998,-13.0633,1.1011e+16,15,S,103.9676,19.8525444,,,,,-0.2332696362000583,0.6791881151910999,L,99999900.0,LLLLAVLLFLLATLISLLILI,27550.49811085918,6762.790375748382,20.19814379705415
LLLTFLLGLLLGYLLASLILI,LLLTFLLILLLGYLLASLILI,GAS,clash,19.9742,-264.49,753284.0,752989.0,-60.2384,-288.788,-376.071,4155.71,-50.0753,-27.0447,3187.84,4130.11,52.4003,0.0,3187.84,4123.45,37.2927,0.0,-16.3299,1.10011e+17,7,G,129.5954,0.0,,,,,0.2739656932950062,0.1776647463023727,G,99999900.0,LLLAGLLFLLLGTLLGSLILI,19889.351760983496,2671.649826725137,21.84245455103275
LLLTYLLALLLGFLLASLILI,LLLTYLLILLLGFLLASLILI,GAS,clash,14.9558,-264.88,873666.0,873362.0,-60.2985,-287.788,-374.25,4171.46,-54.0298,-26.1638,3200.4,4138.35,56.4625,12.4293,3200.4,4138.35,56.4625,12.4293,-16.6455,1.10011e+17,7,A,129.5954,0.0,,,,,0.7466961222923765,0.1197709806954979,G,99999900.0,LLLAGLLFLLLGTLLGSLILI,22801.20752261513,1214.3065577772106,122.4201734958929
LLLYLLLAVLLAFLLTSLILI,LLLYLLLAVLLIFLLTSLILI,Right,clash,15.4313,-265.035,896282.0,895982.0,-74.2137,-296.565,-388.942,4304.71,-49.8395,-18.1629,3590.06,4255.45,53.4842,5.71172,3590.06,4255.45,53.4842,5.71172,-7.34717,1.10011e+17,11,A,124.55608,4.384598496,,,,,0.1029118039666048,0.0655824777994287,R,-33.12595330951984,LLLYLLLTVLLAFLLSILILI,24142.42124201714,1269.9171368505008,12.509116717381302
LLLTWLLVALLLALLFSLILI,LLLTWLLVALLLILLFSLILI,Right,clash,29.3586,-281.688,976337.0,976040.0,-60.3561,-289.009,-387.604,4223.72,-45.0211,-38.2391,3262.02,4224.4,53.2317,12.8541,3262.02,4224.4,53.2317,12.8541,-9.71765,1.10011e+17,12,A,116.9679,9.901326432,,,,,0.710917727929469,0.0797001664539013,R,-32.02914178809833,LLLTYLLVFLLALLLASLILI,26210.04364620405,2288.208398053329,54.84776440872858
LLLLLALLYVLTALLFSLILI,LLLLLALLYVLTILLFSLILI,Left,clash,11.1055,-272.001,979093.0,978778.0,-74.1796,-286.546,-384.611,4163.53,-53.9267,-23.8855,3359.19,4204.26,53.3357,13.4767,3359.19,4204.26,53.3357,13.4767,-10.0435,1.10011e+16,12,A,116.3453,10.38090616,,,,,0.5897348200180664,0.1230462658366704,L,19131316366201.285,LLLLLALLFVLTSLLAILILI,32046.172937861407,2027.7829173854984,55.342269762745744
LLLYTLLVALLALLLGLLILI,LLLYTLLVALLILLLGLLILI,GAS,clash,15.4535,-266.935,1006490.0,1006190.0,-44.9829,-275.119,-366.296,4292.15,-46.8063,-46.1941,3367.48,4159.17,56.5347,12.0598,3367.48,4159.17,56.5347,12.0598,-14.7864,1.10011e+17,11,A,118.208,9.257698372,,,,,0.2998547524913336,0.0200222691150449,G,99999900.0,LLLASLLVGLLFLLLGLLILI,20859.877949189384,2665.2439144033247,46.23777069072402
LLLYTLLVSLLFALLILLILI,LLLYTLLVILLFALLILLILI,Right,clash,17.618,-273.02,1023340.0,1023040.0,-45.0916,-277.222,-353.62,4349.76,-45.0916,-31.3065,3472.32,4279.48,52.6962,10.2393,3472.16,4277.71,57.7972,10.5075,-8.49036,1.10011e+17,8,S,121.0903,7.79664295,,,,,0.2101824532895458,0.1825580599292749,R,14644896702128.234,LLLTALLVALLFALLSLLILI,24371.811027719803,763.9396439895165,28.428553679221903
LLLLYLLTSLLAVLFLLLILI,LLLLYLLTILLAVLFLLLILI,Left,clash,22.9309,-276.611,1163650.0,1163350.0,-58.8638,-277.87,-367.154,4274.86,-49.5356,-30.4206,3330.6,4265.72,57.6786,14.5296,3330.41,4270.64,66.504,15.0753,-24.2709,1.1011e+16,8,S,116.8,11.0634617,,,,,0.2736528923747082,0.1116278725573863,L,18407645754860.566,LLLVALLTILLALLFSLLILI,28187.75022700069,1182.3874888641894,15.923728291631226
LLLYSLLLTLLVALLSFLILI,LLLYSLLLILLVALLSFLILI,Right,clash,13.0224,-268.093,1206730.0,1206430.0,-60.4831,-282.411,-370.759,4302.2,-45.1222,-27.8652,3590.57,4207.55,55.0951,19.6038,3578.11,4238.06,86.2154,26.5885,-5.20008,1.10011e+17,8,T,111.7258,14.92717559,,,,,0.1881573853506251,0.0563804117867263,R,-26.75020310111452,LLLYALLTVLLALLLSFLILI,24189.686253546108,1651.5986775496524,12.42572533447666
LLLYSLLVALLFTLLFLLILI,LLLYSLLVILLFTLLFLLILI,Right,clash,16.2145,-275.008,1240260.0,1239950.0,-58.8425,-281.82,-350.94,4392.16,-55.3444,-10.2774,3445.66,4379.2,50.9678,5.76973,3445.66,4379.2,50.9678,5.76973,-11.9863,1.10011e+17,8,A,125.55987,4.393320318,,,,,0.0922538697409677,0.039444376841371,R,13422921173914.137,LLLTALLVALLFALLSLLILI,23782.797545755664,1564.3733016215594,5.393137154105747
LLLYSLLLTLLFALLVILILI,LLLYSLLLILLFALLVILILI,Right,clash,14.7259,-272.251,1255520.0,1255210.0,-45.1129,-275.504,-354.544,4326.41,-49.0023,-33.9272,3484.69,4268.26,56.9644,18.9343,3475.19,4292.94,84.1877,27.4448,-11.7525,1.10011e+17,8,T,112.3953,14.41738953,,,,,0.2587403081888663,0.033695453523473,R,17755921160608.652,LLLVALLLALLFALLSTLILI,24692.60274626848,1312.6184206155997,23.67715328402727
LLLLAVLIFLLATLLSLLILI,LLLLIVLIFLLATLLSLLILI,Left,clash,16.7147,-270.576,1318600.0,1318290.0,-74.1297,-281.105,-390.418,4212.58,-49.6189,-35.1837,3416.8,4063.89,57.6262,28.0785,3416.8,4063.89,57.6262,28.0785,-6.42817,1.1011e+16,4,A,115.642,11.22748676,,,,,0.6326308666873981,0.3468366075966823,L,99999900.0,LLLLAVLLFLLATLISLLILI,32477.924564064968,2367.802591265101,31.67901251646608
LLLLYVLIALLTLLFSLLILI,LLLLYVLIILLTLLFSLLILI,Left,clash,16.9748,-277.887,1346330.0,1346010.0,-74.2879,-285.993,-387.523,4194.2,-54.0477,-27.2414,3543.69,4249.12,47.6396,14.5597,3543.69,4249.12,47.6396,14.5597,-5.87878,1.1011e+16,8,A,116.7699,11.08638114,,,,,0.2111821373129406,0.1698195712891021,L,16051053547467.254,LLLVALLTILLALLFSLLILI,27925.360696096686,1028.8109027367211,7.450062144674768
LLLLVALLLTLIALLFSLILI,LLLLVALLLTLIILLFSLILI,Left,clash,15.9654,-270.181,1375410.0,1375100.0,-74.2394,-283.956,-393.205,4137.5,-49.627,-35.0091,3262.53,4030.24,50.6835,13.6551,3262.53,4030.24,50.6835,13.6551,-8.15537,1.10011e+16,12,A,116.1669,10.51832509,,,,,-0.254497624362474,0.5346282918784028,L,99999900.0,LLLLLALLYVLTALLFSLILI,27632.710774251267,6491.332877439538,10.102933709001537
LLLLVALLLTLIALLFSLILI,LLLLVILLLTLIALLFSLILI,Left,clash,17.315,-269.973,1375470.0,1375160.0,-74.2394,-284.925,-394.014,4135.37,-49.627,-34.8492,3262.53,4030.24,48.6589,28.8532,3262.53,4030.24,48.6589,28.8532,-8.15537,1.10011e+16,5,A,116.1669,10.51832509,,,,,0.8420796826086804,0.2023956851537358,L,99999900.0,LLLLLALLYVLTALLFSLILI,32753.404771869828,703.2023101642731,80.5668283716022
LLLFSLLLLLVALLLTLLILI,LLLFSLLILLVALLLTLLILI,Left,clash,17.3181,-270.197,1385640.0,1385330.0,-58.8864,-278.022,-379.636,4274.37,-51.8271,-42.728,3459.67,4118.96,47.1343,16.7758,3412.56,4124.63,89.5404,37.5791,-11.7867,1.10011e+17,7,L,112.8196,12.94474958,,,,,0.2937311235288116,0.0632920610980542,L,-99.99957583324026,LLLFALLTILVALLLSLLILI,28609.46727565798,758.3156184398223,27.680501241893268
LLLFSLLLLLVALLLTLLILI,LLLFSLLLLLVILLLTLLILI,Left,clash,17.1749,-274.263,1393370.0,1393060.0,-58.8864,-281.762,-389.624,4319.57,-51.8271,-48.976,3412.56,4124.63,51.9221,13.2291,3412.56,4124.63,51.9221,13.2291,-11.7867,1.10011e+17,11,A,117.0387,10.15531083,,,,,-0.1720058190920188,0.5809927948240017,L,99999900.0,LLLFALLTILVALLLSLLILI,28606.62545244984,7178.628663685715,19.529959149976577
LLLLYVLIALLFLLTSLLILI,LLLLYVLIILLFLLTSLLILI,Left,clash,18.2025,-277.01,1401930.0,1401620.0,-74.2285,-293.336,-391.04,4243.34,-49.8881,-23.4758,3260.32,4183.67,54.5334,5.37489,3260.32,4183.67,54.5334,5.37489,-29.9475,1.1011e+16,8,A,125.95471,4.092672177,,,,,0.3017838021415655,0.1982210471960804,L,22795790908990.91,LLLLAVLIFLLATLLSLLILI,28306.96031480036,1591.2553514808942,13.216915291045266
LLLYSLLIALLFVLLTLLILI,LLLYSLLIILLFVLLTLLILI,Right,clash,15.1316,-272.34,1416580.0,1416270.0,-58.8796,-284.867,-370.249,4354.08,-55.3829,-26.5032,3478.85,4296.13,50.64,5.915,3478.85,4296.13,50.64,5.915,-10.2014,1.10011e+17,8,A,125.4146,4.503935137,,,,,0.0174419886390035,0.192261891304034,R,14712575312385.473,LLLYFLLAILLAVLLTLLILI,23721.793665210724,881.8067004796045,12.853176290371596
LLLTSLLAVLLALLFSLLILI,LLLTSLLIVLLALLFSLLILI,Left,clash,22.88,-278.623,1489260.0,1488960.0,-60.369,-276.098,-380.124,4107.93,-48.7587,-43.6572,3180.44,4066.99,59.4404,18.044,3180.44,4066.99,59.4404,18.044,-11.6814,1.10011e+17,7,A,114.9727,11.74127451,,,,,0.3512157609319751,0.0589725094880124,L,8717946933670.743,LLLTSLLAVLLALLFSLLILI,28654.196795809297,1238.4320642542057,25.311449249714784
LLLYILLVALLATLLTLLILI,LLLYILLVALLATLLILLILI,Right,clash,13.5242,-262.922,1587620.0,1587320.0,-58.8077,-272.121,-369.334,4302.2,-49.5437,-38.4051,3523.03,4143.27,59.2918,9.67149,3516.6,4180.55,90.6183,12.9316,-11.5225,1.10011e+17,15,T,120.04891,7.45564306,,,,,0.3895410722426485,0.1470964435273079,R,99999900.0,LLLTALLVALLFALLSLLILI,24972.899392007588,2109.939713987201,23.925314132265544
LLLVTLLLALLLLLFSLLILI,LLLVILLLALLLLLFSLLILI,Left,clash,21.3132,-270.609,1604460.0,1604160.0,-60.4201,-280.212,-393.745,4220.33,-45.1106,-53.1124,3300.55,4180.75,53.5825,28.3994,3285.78,4210.27,83.0468,39.6156,-8.52579,1.10011e+17,4,T,110.0758,20.50865426,,,,,4.16019736300404,5.8943295106898175,L,99999900.0,LLLTSLLAVLLALLFSLLILI,43814.89486437582,29000.41484568673,681.0529913842605
LLLYILLFTLLAVLLSLLILI,LLLYILLFTLLAVLLILLILI,Right,clash,10.4306,-265.201,1638840.0,1638540.0,-58.8846,-277.183,-363.399,4323.58,-49.6168,-27.3312,3534.37,4281.54,59.2301,17.2038,3532.31,4290.0,69.8724,20.714,-9.4384,1.10011e+17,15,S,112.5166,13.26221627,,,,,-0.3607876985786377,0.9492780433839628,R,99999900.0,LLLYFLLAILLAVLLTLLILI,22305.0634722188,2649.2534358963494,26.013864471543467
LLLLVSLLILLTALLFLLILI,LLLLVSLLILLTILLFLLILI,Left,clash,17.7554,-274.076,1662800.0,1662490.0,-58.9351,-277.917,-384.863,4190.32,-52.2145,-48.011,3283.19,4094.13,38.621,3.24539,3283.19,4094.13,38.621,3.24539,-7.46926,1.10011e+16,12,A,126.57661,2.499876754,,,,,0.1037784625413027,0.0792147732032527,L,99999900.0,LLLLYLLVILLATLLFLLILI,28900.18918877348,2232.230767575758,3.906117280784807
LLLLSYLVALLLTLFLLLILI,LLLLSYLVALLLTLFILLILI,Left,clash,17.2564,-274.19,1810490.0,1810180.0,-58.8562,-275.155,-360.43,4213.51,-49.5836,-26.4186,3458.4,4247.32,57.5892,10.271,3450.07,4301.69,113.929,13.4892,-7.82025,1.1011e+16,15,L,119.4494,7.917798588,,,,,-0.2353014856283297,0.479393465043412,L,99999900.0,LLLLAYLVILLFTLLSLLILI,27070.73302520427,5276.305139399015,8.478767799341567
LLLLSYLVALLLTLFLLLILI,LLLLIYLVALLLTLFLLLILI,Left,clash,20.3535,-274.622,1810600.0,1810290.0,-58.8562,-277.903,-367.197,4286.87,-49.5836,-30.4374,3457.42,4281.9,56.5676,13.0302,3450.07,4301.69,70.0362,14.1982,-7.82025,1.1011e+16,4,S,125.445,9.409771569,,,,,1.0553250351330363,1.1776918698212966,L,99999900.0,LLLLAYLVILLFTLLSLLILI,34728.31113072313,6637.255179550841,18.20131959121545
LLLLYALLFLLTALLFSLILI,LLLLYALLFLLTILLFSLILI,Left,clash,18.1646,-275.939,1819300.0,1818990.0,-74.1994,-289.713,-372.307,4249.08,-49.9107,-8.39496,3284.35,4360.92,48.5805,8.43401,3284.35,4360.92,48.5805,8.43401,-23.8351,1.10011e+16,12,A,121.38799,6.496595338,,,,,0.1278395464725757,0.0950929146511494,L,99999900.0,LLLLLALLFVLTSLLAILILI,27145.73671332636,1131.8452850344302,4.955612827336461
LLLLIVLTALLYFLLLLLILI,LLLLIVLTILLYFLLLLLILI,Left,clash,15.7847,-273.167,1872700.0,1872400.0,-58.9272,-281.809,-374.595,4302.29,-49.8625,-33.8588,3436.73,4214.21,51.7902,10.6731,3436.73,4214.21,51.7902,10.6731,-13.0878,1.1011e+16,8,A,120.6565,8.126956908,,,,,0.6402697589602999,0.1439811893633263,L,99999900.0,LLLLIVLTWLLALLFSLLILI,35801.134276199664,7480.686058412823,44.03390899586551
LLLYLLLFVLIALLLTLLILI,LLLYILLFVLIALLLTLLILI,Left,clash,18.9816,-274.908,1993400.0,1993090.0,-58.8554,-282.83,-369.621,4313.74,-49.5811,-27.9349,3564.44,4167.06,59.8878,40.7375,3534.75,4232.88,121.801,47.6785,-12.1728,1.10011e+17,4,L,97.7377,29.41862514,,,,,0.2182714043107426,0.1141748638613201,L,15001487717945.309,LLLTSLLAVLIALLFLLLILI,28192.799554435456,501.2315733915521,11.247485437644093
LLLYWLLLALLVALLSTLILI,LLLYWLLLALLVILLSTLILI,Right,clash,29.3669,-279.207,2135930.0,2135630.0,-74.232,-295.449,-400.485,4249.31,-49.5698,-30.8045,3447.44,4127.59,50.9653,6.04971,3447.44,4127.59,50.9653,6.04971,-11.5575,1.10011e+17,12,A,123.77229,4.660003697,,,,,0.2908613471808845,0.0233185662282887,R,16960870130216.166,LLLLALLVALLFALLSTLILI,24691.22124937056,1381.4605087273967,25.753839181411635
LLLYLLLTVLLALLFSLLILI,LLLYLLLTVLLILLFSLLILI,Left,clash,20.416,-279.547,2377280.0,2376980.0,-74.1713,-286.51,-388.109,4341.55,-49.6038,-27.4272,3463.37,4304.42,54.4127,25.8361,3463.37,4304.42,54.4127,25.8361,-9.49051,1.10011e+17,11,A,104.4317,19.83306696,,,,,0.2107437270115765,0.2577534340825635,L,20896141666566.67,LLLTSLLAVLLALLFSLLILI,27367.56366929316,2202.3581872427217,2.329394492057499
LLLYTLLVILLAFLLSLLILI,LLLYTLLVILLIFLLSLLILI,Right,clash,15.5526,-269.086,2397550.0,2397250.0,-60.5144,-286.025,-376.31,4322.28,-45.1094,-29.7709,3652.52,4230.55,51.3525,4.51384,3652.52,4230.55,51.3525,4.51384,-16.9329,1.10011e+17,11,A,125.75396,3.465046619,,,,,0.0429891223924,0.0855768651287932,R,15045270374693.814,LLLAYLLTVLLAFLLSLLILI,23676.28546199208,1117.6678052084796,8.672686636957472
LLLYTLLAILLGLLLGFLILI,LLLYTLLAILLGLLLIFLILI,GAS,clash,17.2004,-266.794,2441100.0,2440800.0,-44.9774,-274.306,-350.904,4270.82,-48.212,-31.6199,3507.4,4194.1,63.2405,10.3554,3509.14,4173.5,41.9189,11.2974,-22.1321,1.10011e+17,15,G,119.365,7.982861601,,,,,1.3169612075302597,1.5139948311780862,G,99999900.0,LLLYSLLALLLGTLLGFLILI,24562.69978324229,8056.093839667215,351.55742632204806
LLLVSLLILLLALLFTLLILI,LLLVSLLILLLILLFTLLILI,Left,clash,19.9979,-277.205,2454360.0,2454050.0,-58.8634,-281.929,-390.605,4183.63,-49.5907,-49.8123,3387.96,4073.08,41.9007,7.73084,3387.96,4073.08,41.9007,7.73084,-8.44058,1.10011e+17,11,A,122.53696,5.934574776,,,,,3.282874260586107,4.603085615565076,L,99999900.0,LLLTSLLAVLLALLFSLLILI,47035.05476044607,29234.83608783624,2.289869896759104
LLLYSLLVALLTLLLFILILI,LLLYSLLVILLTLLLFILILI,Right,clash,20.9147,-278.605,2810510.0,2810190.0,-58.9437,-279.821,-367.858,4329.18,-55.4232,-29.0934,3517.49,4307.36,44.7082,4.50328,3517.49,4307.36,44.7082,4.50328,-7.46803,1.10011e+17,8,A,126.82632,3.428990875,,,,,4.864877194268367,5.131441101976114,R,99999900.0,LLLYVLLTILLALLLAFLILI,40321.28826478243,25700.15120192896,103.6019207036822
LLLLTLLIALLFVLLYSLILI,LLLLTLLIALLFILLYSLILI,Right,clash,18.8703,-267.762,2836310.0,2836020.0,-60.3755,-289.379,-380.034,4246.09,-45.0607,-30.2788,3449.73,4156.64,53.2072,4.36,3434.77,4177.53,77.4574,14.6997,-7.45389,1.10011e+17,12,V,125.462,3.35844464,,,,,0.8978258467488774,0.4282246807593858,R,99999900.0,LLLLALLVALLFALLSTLILI,26729.554561592107,2154.305598127259,100.60430587880992
LLLLYVLTALLILLFSLLILI,LLLLYVLTILLILLFSLLILI,Left,clash,15.5408,-277.071,2849470.0,2849160.0,-74.1277,-284.152,-385.436,4224.06,-51.0557,-27.1564,3540.3,4258.02,42.4265,12.4867,3540.3,4258.02,42.4265,12.4867,-5.7224,1.1011e+16,8,A,118.8429,9.50790987,,,,,0.2334347823900278,0.0318704514983977,L,99999900.0,LLLVALLTILLALLFSLLILI,30235.768022720986,3009.904110500186,17.246799223575263
LLLYTLLISLLFVLLALLILI,LLLYTLLIILLFVLLALLILI,Right,clash,16.6843,-272.625,2883730.0,2883430.0,-45.0785,-280.203,-358.168,4319.29,-45.0785,-32.8856,3470.48,4302.84,46.8572,11.1783,3467.06,4301.75,52.3656,11.9685,-8.81999,1.10011e+17,8,S,120.1513,8.511637894,,,,,0.1968767216578731,0.1152997095419584,R,16955028078387.797,LLLYFLLAILLAVLLTLLILI,24380.896928771734,1006.805187833113,23.32851803961705
LLLGYLLALLLGTLLSFLILI,LLLGYLLILLLGTLLSFLILI,GAS,clash,14.9216,-263.594,2920690.0,2920380.0,-74.0338,-280.064,-370.569,4175.39,-56.2574,-16.4712,3379.08,4117.73,58.8722,7.95178,3379.08,4117.73,58.8722,7.95178,-14.0,1.10011e+17,7,A,121.64362,6.135850501,,,,,0.1431752962750685,0.0399770693326311,G,12497772687992.564,LLLAGLLFLLLGTLLGSLILI,19172.350717529065,2249.155136706661,16.91987519186666
LLLLYLLAVLTSLLFSLLILI,LLLLYLLAVLTILLFSLLILI,Left,clash,17.9202,-275.001,3012710.0,3012400.0,-74.2892,-282.165,-378.098,4239.73,-49.7772,-21.644,3221.83,4182.09,53.1187,8.35287,3220.17,4189.68,63.0016,8.78819,-22.2275,1.10011e+17,11,S,121.91493,6.412075739,,,,,0.1951328057854126,0.0456726577456495,L,17804087423641.594,LLLTSLLAVLLALLFSLLILI,27872.345186990788,664.7959647796429,13.316438909047209
LLLLYVLTSLLFALLLLLILI,LLLLYVLTILLFALLLLLILI,Left,clash,16.0558,-274.363,3096190.0,3095880.0,-58.8406,-277.745,-366.93,4305.55,-49.5125,-30.3437,3294.21,4247.93,58.598,10.0871,3292.26,4263.01,69.909,10.752,-30.3893,1.1011e+16,8,S,121.2425,7.680751331,,,,,0.5893340919832281,0.038928139365098,L,15604426611743.52,LLLLAYLVILLFTLLSLLILI,30341.87100362244,1260.636191260464,45.94325569566738
LLLSYLLVILLAFLLTLLILI,LLLSYLLVILLIFLLTLLILI,Right,clash,18.6589,-277.736,3508950.0,3508640.0,-58.9041,-284.429,-370.652,4267.95,-50.4325,-27.3195,3496.73,4248.12,50.1315,9.04208,3496.73,4248.12,50.1315,9.04208,-17.525,1.10011e+17,11,A,121.22572,6.94114739,,,,,0.3186669138501193,0.2471493240940972,R,19890075513525.508,LLLAYLLTVLLAFLLSLLILI,24851.29293143057,576.4811747525453,41.3458908862092
LLLYWLLVALLISLLTLLILI,LLLYWLLVALLIILLTLLILI,Right,clash,19.3465,-276.175,4016660.0,4016350.0,-58.9313,-285.958,-381.992,4303.82,-49.8599,-37.1035,3408.4,4168.25,46.7485,6.20553,3407.99,4172.32,55.4497,6.28872,-17.7972,1.10011e+17,12,S,123.61647,4.780029579,,,,,0.336373333349907,0.0750293032697608,R,16094033740620.217,LLLTALLVALLFALLSLLILI,24862.82997437884,1766.3977024654164,23.74025058335866
LLLSYLLTVLLGILLALLILI,LLLSYLLTILLGILLALLILI,GAS,clash,16.3506,-266.434,4807910.0,4807600.0,-58.786,-274.08,-371.948,4126.65,-54.4501,-39.0813,3224.06,4048.36,54.1788,40.1946,3199.38,4071.16,85.5786,53.3773,-19.2308,1.10011e+17,8,V,91.135,30.6058954,,,,,0.4085546719904355,0.192105842651041,G,5277022833744.606,LLLFVLLTILLGALLSLLILI,20770.90545266055,2729.5908741455046,40.15681982724371
LLLSYLLTVLLALLLSFLILI,LLLSYLLTVLLILLLSFLILI,Right,clash,20.1468,-278.361,4856680.0,4856370.0,-74.1326,-285.625,-384.26,4201.14,-49.4887,-24.5015,3513.59,4246.95,48.2645,2.77373,3513.59,4246.95,48.2645,2.77373,-9.83905,1.10011e+17,11,A,127.49407,2.129252202,,,,,0.3347070359854534,0.2151992671375044,R,99999900.0,LLLYALLTVLLALLLSFLILI,25093.19846948796,655.895821668797,40.79687966388651
LLLLAVLIFLLATLLSLLILI,LLLLAVLIFLLITLLSLLILI,Left,clash,13.8962,-271.031,5065500.0,5065190.0,-74.1297,-279.287,-391.76,4131.17,-49.6189,-38.3434,3416.8,4063.89,45.9181,14.6258,3416.8,4063.89,45.9181,14.6258,-6.42817,1.1011e+16,11,A,115.642,11.22748676,,,,,0.4647038439856605,0.0917967432365177,L,99999900.0,LLLLAVLLFLLATLISLLILI,31538.285641768474,2331.358984439541,32.69414942690764
LLLLYFLLLVLATLLLSLILI,LLLLYFLLLVLITLLLSLILI,Left,clash,19.746,-273.764,5075020.0,5074710.0,-74.2686,-291.107,-393.069,4251.67,-56.3932,-27.6929,3402.28,4292.52,45.8578,17.5909,3402.28,4292.52,45.8578,17.5909,-16.1412,1.10011e+16,11,A,112.6769,13.50364403,,,,,1.449306192269225,1.2558028029950157,L,99999900.0,LLLLYVLLLILATLLFSLILI,38144.43911419279,6343.572537210049,191.1380641368011
LLLVSLLILLTALLFLLLILI,LLLVILLILLTALLFLLLILI,Left,clash,22.2677,-270.973,5233840.0,5233540.0,-58.9185,-275.0,-380.528,4233.99,-49.8549,-46.6096,3369.49,4194.93,44.3351,26.5726,3357.43,4200.98,55.4987,26.6759,-11.0634,1.10011e+17,4,S,111.9026,19.18942887,,,,,0.4232067179226336,0.8982454096620843,L,99999900.0,LLLVALLTILLALLFSLLILI,30736.67127853743,5502.699711139899,86.5502534369507
LLLYYLLVFLLATLLSLLILI,LLLYYLLVFLLITLLSLLILI,Right,clash,11.3171,-271.477,5475970.0,5475660.0,-74.1041,-289.608,-373.475,4319.53,-49.5803,-9.76326,3525.69,4362.68,46.526,0.926288,3525.69,4362.68,46.526,0.926288,-11.8168,1.10011e+17,11,A,129.341512,0.711064438,,,,,-0.0708228019210489,0.4842853913789182,R,99999900.0,LLLTYLLVFLLALLLASLILI,23509.42676699937,1068.777881773176,22.759793131578952
LLLLFLLLAVLYLLLSTLILI,LLLLFLLLIVLYLLLSTLILI,Left,clash,12.7113,-277.284,5762990.0,5762670.0,-74.1684,-296.441,-400.921,4201.63,-53.7999,-30.311,3288.64,4287.51,39.9817,4.43065,3288.64,4287.51,39.9817,4.43065,-8.17684,1.10011e+16,8,A,126.89895,3.373687272,,,,,0.2957117561688693,0.1119666648983501,L,99999900.0,LLLLALLLFVLTWLLSLLILI,30437.49331364319,2477.5196726861445,17.70805711493249
LLLTALLFLLLGYLLGSLILI,LLLTALLFLLLGYLLISLILI,GAS,clash,16.4379,-268.957,6058340.0,6058030.0,-60.326,-280.29,-367.167,4142.67,-58.1195,-26.551,3174.16,4192.66,60.8303,8.18466,3174.58,4176.7,41.3995,7.83405,-22.501,1.10011e+17,15,G,121.53574,6.309462506,,,,,0.1284431602132082,0.0653962534147955,G,99999900.0,LLLAGLLFLLLGTLLGSLILI,18844.658726068752,1602.7607790293291,25.72208151703536
LLLFSLLTILVALLLSLLILI,LLLFSLLIILVALLLSLLILI,Left,clash,18.4301,-269.805,6106830.0,6106530.0,-60.3677,-277.721,-382.557,4215.6,-46.5165,-44.4683,3376.33,4046.05,46.5813,18.8095,3357.88,4062.85,69.6971,20.8336,-8.1722,1.10011e+17,7,T,110.7859,14.51401824,,,,,0.3121606395345008,0.165029561123661,L,19926307699890.844,LLLTSLLAVLLALLFSLLILI,28543.902774821472,1281.5602044257485,35.0706388731801
LLLSYLLVFLLAILLTLLILI,LLLSYLLVFLLIILLTLLILI,Right,clash,14.0567,-272.215,6404520.0,6404210.0,-58.9231,-284.243,-373.683,4255.37,-50.9627,-30.517,3404.12,4201.25,48.4052,1.43129,3404.12,4201.25,48.4052,1.43129,-6.44439,1.10011e+17,11,A,128.83651,1.098728926,,,,,3.296844999701403,6.296544416260407,R,99999900.0,LLLTYLLVFLLALLLASLILI,34717.0,23240.80375116145,649.3279528674849
LLLYALLLVLITLLFSLLILI,LLLYALLLVLIILLFSLLILI,Left,clash,16.8274,-274.058,6800440.0,6800140.0,-60.4587,-283.682,-372.579,4318.46,-45.1515,-28.4389,3532.23,4193.67,51.3883,24.4782,3514.77,4225.07,82.1389,36.8442,-10.5313,1.10011e+17,11,T,105.7896,18.79067582,,,,,0.3108586768724934,0.2792645921623543,L,-38.011671185629496,LLLTSLLAVLLALLFSLLILI,28471.26752825675,1774.5832710940876,9.272656454149985
LLLLFILLAVLYTLLLSLILI,LLLLIILLAVLYTLLLSLILI,Left,clash,12.2824,-269.289,7003430.0,7003130.0,-74.1664,-286.291,-400.324,4137.97,-50.1787,-39.8663,3344.44,4096.47,56.9775,34.1918,3313.79,4243.85,156.906,65.4304,-11.9581,1.10011e+16,4,F,104.2834,24.69164154,,,,,0.6420716964451192,0.0288298427160834,L,99999900.0,LLLLYLLLFVLATLLLSLILI,43526.88755748142,21042.827018067142,54.17414339535694
LLLLFILLAVLYTLLLSLILI,LLLLFILLIVLYTLLLSLILI,Left,clash,11.8158,-274.257,7028340.0,7028030.0,-74.1664,-291.294,-393.135,4192.42,-50.1787,-27.6751,3313.79,4243.85,43.8349,3.77695,3313.79,4243.85,43.8349,3.77695,-11.9581,1.10011e+16,8,A,127.55265,2.875932006,,,,,3.579937902927236,4.1829741836783,L,99999900.0,LLLLYLLLFVLATLLLSLILI,48454.72542805445,27914.368486728366,50.87613843749139
LLLLYVLLALLFTLLSILILI,LLLLYVLLALLFTLLIILILI,Left,clash,18.4502,-275.233,7288540.0,7288230.0,-58.8738,-276.442,-363.785,4221.89,-53.0735,-28.469,3345.03,4225.02,54.9977,33.1343,3344.33,4216.73,57.0431,33.4337,-10.8778,1.10011e+16,15,S,96.5861,25.54285987,,,,,0.6025988655257069,0.7577124549931659,L,99999900.0,LLLLAVLLALLLILLSTLILI,31761.464840144134,3892.537439349374,5.463986897687327
LLLTVLLALLLGFLLGSLILI,LLLTVLLALLLGFLLISLILI,GAS,clash,17.1156,-263.933,7294340.0,7294040.0,-60.3442,-276.291,-375.275,4121.97,-54.6226,-38.64,3184.77,4005.67,58.6216,2.59361,3184.77,3992.71,40.8756,2.59361,-21.2463,1.10011e+17,15,G,127.12679,1.999384831,,,,,0.2274090444898757,0.0497475114180259,G,-23.744619927884933,LLLAGLLFLLLGTLLGSLILI,19635.0845716041,2102.880737372341,28.305836558014523
LLLLYLLVALLLFLTSLLILI,LLLLYLLVALLIFLTSLLILI,Left,clash,13.2946,-273.179,7524550.0,7524240.0,-74.1956,-287.066,-382.574,4230.79,-49.8365,-21.3121,3338.09,4207.92,55.4413,12.9811,3309.1,4273.02,115.862,47.0047,-23.9714,1.1011e+16,11,L,117.2867,9.964933775,,,,,0.2382858538958174,0.0445195908368037,L,99999900.0,LLLLYLLVILLATLLFLLILI,29608.808492044347,1843.6352945402127,16.91206569914803
LLLSYLLTVLLAILLSLLILI,LLLSYLLTVLLIILLSLLILI,Right,clash,15.5219,-271.822,7578380.0,7578080.0,-74.2306,-283.327,-397.508,4183.05,-49.5267,-39.9501,3390.99,4095.01,50.5535,2.39837,3390.99,4095.01,50.5535,2.39837,-8.17484,1.10011e+17,11,A,127.86943,1.841107319,,,,,0.3488431950322874,0.013311342719879,R,12136886385683.658,LLLYALLTVLLALLLSFLILI,25064.730746511523,1405.3552221844325,30.019387337186217
LLLSSLLALLLGVLLGTLILI,LLLSSLLALLLGVLLITLILI,GAS,clash,15.8,-264.781,8106350.0,8106050.0,-58.7566,-269.538,-377.215,4066.29,-59.5072,-48.9203,3082.89,3917.34,63.7661,6.59767,3082.63,3894.77,41.9608,6.44712,-21.5114,1.10011e+17,15,G,123.12273,5.086069732,,,,,0.1530120486947499,0.0144790229800967,G,-16.59538802903968,LLLYSLLALLLGTLLGFLILI,18879.33561827564,1772.7242124113347,21.02317880509298
LLLFALLLLLVSLLLTLLILI,LLLFALLILLVSLLLTLLILI,Left,clash,14.4105,-270.654,8143850.0,8143540.0,-74.3103,-278.434,-392.172,4251.83,-49.6676,-39.4282,3322.58,4115.37,37.9197,5.54265,3305.81,4120.97,80.6472,27.5795,-16.8039,1.10011e+17,7,L,124.05275,4.276887914,,,,,0.7189575753411415,0.5020840480039105,L,99999900.0,LLLFALLTILVALLLSLLILI,32609.508456959884,2766.4577911727706,29.76134477527793
LLLAYLLGVLLGLLLGFLILI,LLLAYLLIVLLGLLLGFLILI,GAS,clash,13.5409,-259.458,8438030.0,8437730.0,-44.9046,-274.89,-345.359,4154.56,-54.3185,-25.5647,3179.43,4084.23,59.8771,2.52337,3180.94,4069.29,40.968,2.23284,-31.4568,1.10011e+17,7,G,127.07203,1.947113864,,,,,0.3320783433531183,0.284196379647322,G,99999900.0,LLLALLLTVLLGGLLFSLILI,19820.434244088287,161.29759194740225,78.48848073420643
LLLLFLLLYVLALLLSTLILI,LLLLILLLYVLALLLSTLILI,Left,clash,12.2826,-271.786,8508020.0,8507710.0,-74.1831,-290.708,-404.184,4211.28,-49.6137,-39.2923,3361.49,4162.54,41.7916,18.7188,3341.39,4191.98,115.328,39.2976,-6.49473,1.10011e+16,4,F,119.7564,13.51779958,,,,,2.3129533274367984,0.6008631175787984,L,99999900.0,LLLLALLLFVLTWLLSLLILI,42999.02796067048,999.4109672167998,223.89281873511163
LLLTYLLVILLAFLLSLLILI,LLLTYLLVILLAFLLILLILI,Right,clash,20.1277,-275.778,8928130.0,8927830.0,-45.1141,-277.15,-354.295,4304.71,-45.1141,-32.0316,3440.57,4216.04,56.7816,20.4758,3438.77,4225.65,67.9123,19.7801,-5.54929,1.10011e+17,15,S,109.2446,15.78456434,,,,,0.3305426265989666,0.0238580947657385,R,19041600876434.13,LLLTYLLVFLLALLLASLILI,24584.72538524657,1738.2827174453523,26.28360836559545
LLLTYLLVILLAFLLSLLILI,LLLTYLLVILLIFLLSLLILI,Right,clash,20.1327,-277.808,9129520.0,9129220.0,-60.512,-286.25,-377.182,4280.33,-45.1141,-30.4202,3438.77,4225.65,50.8226,4.78755,3438.77,4225.65,50.8226,4.78755,-5.54929,1.10011e+17,11,A,125.48025,3.67515994,,,,,0.1989676099491956,0.1147277858562009,R,19890075513525.508,LLLTYLLVFLLALLLASLILI,24337.090204492462,1009.0850256420532,23.469833325028105
LLLLYYLIVLLLTLFLLLILI,LLLLYYLIVLLITLFLLLILI,Left,clash,20.1567,-283.014,9151720.0,9151410.0,-58.8727,-284.839,-360.917,4324.02,-49.6132,-17.2052,3512.82,4390.44,48.5248,22.7559,3488.88,4437.06,104.49,51.0189,-26.7413,1.1011e+16,11,L,107.5119,17.46855324,,,,,0.3496361401699975,0.0300271792410268,L,19288746153746.164,LLLLYVLLLLLATLFSLLILI,28842.70358449504,853.9073709729327,26.85604860975303
LLLYALLFLLLGTLLGSLILI,LLLYALLFLLLGTLLISLILI,GAS,clash,16.9802,-266.898,9265690.0,9265380.0,-74.1625,-281.697,-373.194,4254.69,-60.254,-17.3339,3273.97,4250.24,63.5894,4.40105,3273.68,4227.06,41.6488,4.2505,-29.1246,1.10011e+17,15,G,125.31935,3.392720035,,,,,0.2011832724273843,0.1984848144142155,G,99999900.0,LLLAGLLFLLLGTLLGSLILI,19764.448084032472,1866.1487735899,50.29012674864671
LLLLYYLIVLLLTLFLLLILI,LLLLYYLIVLLLTLFILLILI,Left,clash,20.1558,-283.014,9324130.0,9323820.0,-58.8727,-284.167,-360.042,4328.52,-49.6132,-17.0028,3506.84,4374.84,61.3205,23.7182,3488.88,4437.06,120.573,32.0299,-26.7413,1.1011e+16,15,L,106.0022,18.2840941,,,,,0.3049007967879574,0.1820199093607276,L,99999900.0,LLLLYVLLLLLATLFSLLILI,27916.21380393643,2209.247126991377,14.408653599664254
LLLTLLLGLLLGVLLGSLILI,LLLTLLLGLLLIVLLGSLILI,GAS,clash,18.477,-262.911,9580100.0,9579810.0,-60.2824,-283.535,-396.903,4127.3,-46.7415,-53.0856,3232.51,3961.44,61.6201,0.145267,3232.5,3941.92,40.6319,0.0726336,-10.7178,1.10011e+17,11,G,130.122533,0.111514127,,,,,0.7592297320420921,1.121033321979112,G,99999900.0,LLLAGLLFLLLGTLLGSLILI,24779.20139814397,5657.1620483329325,228.51730459356472
LLLLYYLTALLFVLLILLILI,LLLLYYLTILLFVLLILLILI,Left,clash,22.546,-283.884,9700420.0,9700110.0,-58.813,-284.066,-359.375,4365.39,-49.4941,-16.4959,3476.75,4339.96,55.5737,44.7792,3476.75,4339.96,55.5737,44.7792,-24.8151,1.1011e+16,8,A,86.5504,34.09680681,,,,,0.3107608249514358,0.04911891761241,L,20737682418120.88,LLLLWILTYLLAVLLFLLILI,28581.494989538274,847.9256907140111,22.572932476652017
LLLLVFLLALLYLLTSLLILI,LLLLVFLLALLYLLTILLILI,Left,clash,19.3843,-272.737,9902870.0,9902570.0,-58.7981,-278.752,-367.931,4260.85,-49.4763,-30.3812,3322.74,4174.13,58.405,20.5519,3321.94,4180.72,68.0765,20.4664,-18.9478,1.1011e+16,15,S,109.1685,15.84322898,,,,,2.365735618749265,0.6755085498060162,L,99999900.0,LLLLAVLLFLLALLTSLLILI,43866.15765373223,1751.4020193382576,232.52563074701632
LLLTALLIALLFLLLSVLILI,LLLTALLIALLFILLSVLILI,Right,clash,16.5385,-267.899,10182900.0,10182600.0,-60.4683,-274.394,-371.667,4097.38,-45.0946,-36.8049,3265.08,4039.23,52.7345,10.1271,3263.63,4086.49,107.619,10.6686,-5.65405,1.10011e+17,12,L,119.6949,7.800757961,,,,,0.1592540650372789,0.1962028404359921,R,-28.24710340582465,LLLTALLVALLFALLSLLILI,24163.41382637405,704.423294736962,24.969565225171745
LLLYLLLVALLATLLSFLILI,LLLYLLLVILLATLLSFLILI,Right,clash,9.54857,-263.866,10251700.0,10251400.0,-74.0594,-283.917,-379.293,4294.23,-49.5292,-21.3169,3594.36,4309.09,50.1991,33.6681,3594.36,4309.09,50.1991,33.6681,-6.01584,1.10011e+17,8,A,112.306,13.7883652,,,,,0.0433399062300996,0.0011576319727522,R,12661371578063.738,LLLYALLTVLLALLLSFLILI,23599.54948942289,1409.6375069336918,3.7001790968606207
LLLYTLLVALLFALLSLLILI,LLLYTLLVILLFALLSLLILI,Right,clash,18.742,-271.777,10779900.0,10779600.0,-60.4371,-281.759,-368.063,4280.06,-45.0493,-25.8665,3429.76,4253.17,56.4837,9.64571,3429.76,4253.17,56.4837,9.64571,-10.4326,1.10011e+17,8,A,125.18073,3.575102833,,,,,0.2776952061207554,0.0272570136779773,R,19288746153746.164,LLLTALLVALLFALLSLLILI,24607.90866347975,1371.1154652199125,24.8839622239431
LLLYVLLTILLALLLSFLILI,LLLYVLLIILLALLLSFLILI,Right,clash,11.5095,-266.89,10960000.0,10959700.0,-60.433,-284.461,-376.775,4287.16,-45.1169,-31.8805,3721.62,4220.93,57.3013,38.9044,3709.45,4257.5,88.5971,64.5848,-7.67668,1.10011e+17,7,T,90.691,30.01989268,,,,,0.1843874284555283,0.0422583390995082,R,12195258807083.188,LLLYALLTVLLALLLSFLILI,24429.402729953385,1599.0998459226232,12.946571713991272
LLLYFLLALLLGTLLGSLILI,LLLYFLLILLLGTLLGSLILI,GAS,clash,20.0342,-262.72,11796000.0,11795700.0,-74.1108,-291.817,-379.854,4242.46,-59.3838,-13.9265,3282.68,4129.9,55.0298,0.0,3282.68,4129.9,55.0298,0.0,-33.9785,1.10011e+17,7,A,129.5954,0.0,,,,,0.1762652594176794,0.1276866453868758,G,99999900.0,LLLAGLLFLLLGTLLGSLILI,18888.670349336066,2263.677033684883,12.659976299529916
LLLYLLLTVLLALLFSLLILI,LLLYILLTVLLALLFSLLILI,Left,clash,22.1295,-275.439,13958700.0,13958400.0,-74.2226,-282.801,-378.962,4260.87,-49.8572,-21.9385,3483.83,4221.6,54.8591,35.8513,3463.37,4304.42,122.785,46.0856,-9.49051,1.10011e+17,4,L,102.6239,25.89005107,,,,,0.265070210827295,0.1951017708415269,L,17210988819737.322,LLLTSLLAVLLALLFSLLILI,28184.982849757387,1343.5510691012057,10.394941633582569
LLLSYLLTILLAFLLTLLILI,LLLSYLLTILLIFLLTLLILI,Right,clash,13.9854,-273.039,14233500.0,14233200.0,-72.6902,-285.728,-378.476,4263.76,-54.2946,-20.0581,3416.67,4220.45,50.6109,7.74993,3416.67,4220.45,50.6109,7.74993,-10.6211,1.10011e+17,11,A,122.51787,5.949229203,,,,,0.4717850102328218,0.144552491750255,R,99999900.0,LLLAYLLTVLLAFLLSLLILI,25708.9413186577,1997.8351909069595,30.96752621822201
LLLLAYLVILLFTLLSLLILI,LLLLAYLIILLFTLLSLLILI,Left,clash,12.8185,-273.088,14581700.0,14581300.0,-74.1907,-284.238,-380.952,4216.69,-49.6736,-22.5234,3577.67,4208.44,59.841,40.3241,3555.05,4240.01,90.7013,39.1506,-8.13862,1.1011e+16,7,V,89.2713,31.1153791,,,,,0.305435538008376,0.012880978726907,L,20750795506624.254,LLLLAVLLFLLATLISLLILI,28577.110824269534,785.8876826432734,25.72261575634372
LLLSYLLGLLLGFLLATLILI,LLLSYLLILLLGFLLATLILI,GAS,clash,13.2406,-262.257,14724900.0,14724600.0,-58.7127,-285.3,-366.576,4179.53,-54.4159,-22.5632,3282.99,4187.41,56.1412,0.363168,3283.45,4176.44,38.3205,0.581069,-22.945,1.10011e+17,7,G,109.5179,15.49244803,,,,,0.785355753265656,0.0647505192398148,G,10382973693696.236,LLLTYLLAVLLGLLLAFLILI,24146.3929680152,1850.852854280156,122.38399309714984
LLLSYLLVALLTFLLTLLILI,LLLIYLLVALLTFLLTLLILI,Right,clash,24.5309,-264.884,15294000.0,15293700.0,-72.693,-282.139,-373.568,4244.03,-55.406,-18.736,3456.5,4136.68,60.4773,50.9314,3459.21,4148.23,72.1068,72.1318,-11.0706,1.10011e+17,3,S,118.7994,30.00716429,,,,,0.4211211629600871,0.1539020095122536,R,99999900.0,LLLAYLLTVLLAFLLSLLILI,25318.56814305663,952.0396884504996,44.40588715485444
LLLTSLLVGLLAYLLGLLILI,LLLTSLLVGLLAYLLILLILI,GAS,clash,18.0448,-271.388,15869600.0,15869300.0,-44.9603,-268.925,-356.337,4187.24,-54.6189,-42.4519,3187.22,4093.1,57.6008,3.83429,3186.99,4079.63,39.0307,3.75438,-9.47755,1.10011e+17,15,G,125.88611,2.955811114,,,,,0.3009134696815585,0.013415519968213,G,-28.50264792797848,LLLTGLLFGLLAILLSLLILI,19806.001239399804,1669.270407623818,42.91211734581311
LLLYTLLVALLSTLLFLLILI,LLLYTLLVILLSTLLFLLILI,Right,clash,20.7547,-276.55,16463200.0,16462900.0,-74.2629,-280.027,-376.723,4311.43,-49.5963,-22.4335,3463.04,4272.83,48.2135,11.6531,3463.04,4272.83,48.2135,11.6531,-5.78509,1.10011e+17,8,A,119.6765,8.873171014,,,,,0.2275831709205522,0.0193572231633447,R,-49.33467070939022,LLLWTLLVFLLAILLSLLILI,24463.7144916257,1365.263977829017,20.21684711870609
LLLTYLLGVLLGLLLASLILI,LLLTYLLIVLLGLLLASLILI,GAS,clash,18.1401,-264.075,18365400.0,18365100.0,-60.2796,-285.309,-385.325,4120.55,-52.5212,-39.7361,3196.73,4081.97,58.7703,1.30741,3197.49,4069.15,40.5375,1.23477,-13.2764,1.10011e+17,7,G,128.28799,1.00883982,,,,,0.4500873832947881,0.0878290084366824,G,-67.10437700158143,LLLALLLTVLLGGLLFSLILI,21025.14255896861,1216.9475530448942,75.41929097048786
LLLLFVLLAILYTLLLSLILI,LLLLFVLLIILYTLLLSLILI,Left,clash,16.8025,-273.901,18535800.0,18535500.0,-74.2412,-291.422,-393.881,4173.98,-49.8357,-28.2176,3237.5,4193.37,42.48,2.39691,3237.5,4193.37,42.48,2.39691,-7.80042,1.10011e+16,8,A,128.93269,1.825110257,,,,,-0.1089603657859928,0.6961485999065765,L,99999900.0,LLLLYVLLLILATLLFSLILI,28030.84747297935,6213.167387250277,31.344598016530696
LLLYLLLATLLFVLLSILILI,LLLYLLLAILLFVLLSILILI,Right,clash,15.7332,-268.806,19163200.0,19162900.0,-60.44,-280.826,-371.075,4325.66,-45.0716,-29.8088,3539.04,4246.04,58.23,10.5101,3528.46,4277.22,86.2434,14.0134,-10.9951,1.10011e+17,8,T,120.8195,8.002841705,,,,,0.1831950875589512,0.1510129511730853,R,18218307315848.49,LLLYLLLTVLLAFLLSILILI,24552.153026169715,992.5904851505804,24.298125897582523
LLLYALLVALLITLLFLLILI,LLLYALLVALLIILLFLLILI,Right,clash,13.903,-266.116,19231400.0,19231100.0,-45.0894,-275.315,-351.598,4309.86,-45.0894,-31.193,3541.89,4289.62,56.7877,8.64803,3537.32,4305.82,80.3557,9.19237,-5.40899,1.10011e+17,12,T,121.17397,6.661451834,,,,,0.1976974818205762,0.1832459331846309,R,19084990908990.9,LLLTYLLAVLLAILLFLLILI,24463.265044677995,780.084672401121,27.423155207711087
LLLYSLLVALLFLLLATLILI,LLLYSLLVALLFLLLITLILI,Right,clash,14.8896,-272.163,19745200.0,19744900.0,-58.8495,-280.934,-361.969,4309.7,-54.1851,-22.1859,3450.82,4288.64,50.7226,27.1438,3450.82,4288.64,50.7226,27.1438,-10.0953,1.10011e+17,15,A,102.5766,20.92485068,,,,,0.4144451892927477,0.4710066359287572,R,99999900.0,LLLTALLVALLFALLSLLILI,25202.45062793147,520.4151180470859,62.63516535172917
LLLTYLLGVLLGILLALLILI,LLLTYLLIVLLGILLALLILI,GAS,clash,16.9268,-264.936,19753500.0,19753200.0,-44.9618,-274.555,-365.373,4171.42,-54.4115,-45.8562,3237.5,4075.52,56.9445,5.39738,3239.81,4067.64,40.6507,4.81631,-17.05,1.10011e+17,7,G,129.178933,0.417410831,,,,,0.3362396056604839,0.0090742315289257,G,11380193770693.15,LLLTGLLFGLLAILLSLLILI,19963.79145023584,1523.3542794742837,50.455460716194544
LLLALLLFVLTSLLYLLLILI,LLLAILLFVLTSLLYLLLILI,Left,clash,19.4772,-274.962,20240700.0,20240300.0,-74.2728,-275.87,-373.933,4210.28,-58.0299,-23.7902,3317.55,4155.33,57.8193,29.0126,3291.34,4234.29,123.095,39.3247,-14.4737,1.10011e+17,4,L,109.4626,20.95147723,,,,,0.2339786060870917,0.1606782493511122,L,-3.1123967831154844,LLLALLLTVLTSLLFLLLILI,28046.91977425799,1073.9858635879452,9.842902401613207
LLLSYLLGFLLGTLLGLLILI,LLLSYLLIFLLGTLLGLLILI,GAS,clash,15.9044,-266.436,20365900.0,20365600.0,-58.7092,-275.918,-354.479,4160.11,-51.084,-19.8514,3286.46,4139.1,60.9819,2.46954,3287.63,4120.77,40.5355,2.39691,-12.0026,1.10011e+17,7,G,127.12586,1.905576895,,,,,0.7370233430006166,0.0557691662092646,G,7796686509117.088,LLLAGLLFLLLGTLLGSLILI,24142.653668925337,2352.0175305996104,114.33199667953532
LLLAYLLVFLLALLLSTLILI,LLLIYLLVFLLALLLSTLILI,Right,clash,18.3682,-263.254,20923500.0,20923200.0,-74.2023,-294.505,-391.067,4232.0,-49.6058,-22.3597,3335.62,4165.45,57.8928,41.4595,3335.62,4165.45,57.8928,41.4595,-9.7377,1.10011e+17,3,A,130.2678,0.0,,,,,0.4352200609432478,0.0826180603568053,R,99999900.0,LLLYALLTVLLALLLSFLILI,25127.44949076993,1946.2613691657623,31.57329285221364
LLLSYLLTVLLGILLALLILI,LLLSYLLTVLLGILLILLILI,GAS,clash,16.3781,-269.053,20967100.0,20966800.0,-58.786,-272.967,-370.465,4197.27,-54.9916,-38.712,3199.38,4071.16,59.7619,3.87431,3199.38,4071.16,59.7619,3.87431,-19.2308,1.10011e+17,15,A,129.7204,0.0,,,,,0.3502407123472289,0.1904683339762513,G,17193691665664.49,LLLALLLTVLLGGLLFSLILI,20096.86455286882,584.3702373767205,71.40387770859391
LLLAYLLVFLLALLLSTLILI,LLLAYLLVFLLILLLSTLILI,Right,clash,13.3102,-265.588,21044300.0,21044000.0,-74.2023,-293.904,-391.477,4205.96,-49.6058,-23.371,3335.62,4165.45,51.0067,0.0,3335.62,4165.45,51.0067,0.0,-9.7377,1.10011e+17,11,A,130.2678,0.0,,,,,0.509014820422328,0.2795197928344056,R,19131316366201.285,LLLSYLLFVLLALLLATLILI,25667.41438073362,2559.858201399517,26.09021985911956
LLLSYLLVALLGALLGLLILI,LLLSYLLVALLGALLILLILI,GAS,clash,10.544,-255.371,21977800.0,21977500.0,-44.9223,-265.691,-351.253,4172.15,-54.7702,-40.6399,3210.93,4048.38,60.6828,11.9269,3211.22,4027.51,39.0515,11.3954,-27.9455,1.10011e+17,15,G,117.7935,9.194313308,,,,,0.4370573324238734,0.0843684326358569,G,99999900.0,LLLFVLLTILLGALLSLLILI,21563.445550213124,1952.915797565157,73.14032479703198
LLLYSLLLALLFALLVTLILI,LLLYSLLLALLFILLVTLILI,Right,clash,19.2967,-275.169,23667800.0,23667500.0,-58.8202,-281.512,-365.638,4299.29,-55.4237,-25.3056,3414.6,4274.8,45.818,13.6442,3414.6,4274.8,45.818,13.6442,-8.415,1.10011e+17,12,A,116.1778,10.50992898,,,,,0.41519915598405,0.069930452016554,R,20896141666566.67,LLLLALLVALLFALLSTLILI,25058.98628666568,1875.3508071018728,30.647427562382617
LLLYTLLVALLSTLLFLLILI,LLLYILLVALLSTLLFLLILI,Right,clash,22.6415,-271.111,24606200.0,24605900.0,-74.2668,-276.817,-370.982,4334.87,-49.5963,-19.8976,3480.44,4243.18,51.9758,35.6781,3463.04,4272.83,84.0767,41.9974,-5.78509,1.10011e+17,4,T,102.7971,25.76497452,,,,,0.2475231942958622,0.0019929998846277,R,99999900.0,LLLTALLVALLFALLSLLILI,24563.77022278833,1446.4000059374869,20.62266887493517
LLLLLALLYVLTALLFSLILI,LLLLLILLYVLTALLFSLILI,Left,clash,11.9038,-271.915,25268100.0,25267700.0,-74.1796,-287.334,-385.402,4153.98,-53.9267,-23.8891,3359.19,4204.26,53.806,17.7206,3359.19,4204.26,53.806,17.7206,-10.0435,1.10011e+16,5,A,116.3453,10.38090616,,,,,0.5756724617283241,0.2445483233910983,L,16465286666566.662,LLLLLALLFVLTSLLAILILI,32136.588357730467,2152.6773050900333,32.9359606753031
LLLLVLLITLLFALLSYLILI,LLLLVLLITLLFALLIYLILI,Right,clash,13.6937,-267.974,25503200.0,25502900.0,-58.8582,-278.247,-362.88,4282.4,-49.5927,-25.7744,3349.48,4299.86,54.825,4.88697,3346.51,4296.3,59.836,5.04716,-9.96489,1.10011e+17,15,S,124.83343,3.767310307,,,,,1.9606695061123056,1.753368091019203,R,99999900.0,LLLLALLVALLFALLSTLILI,30624.96520330123,9638.77171459148,60.4024008402303
LLLFSLLLTLLAALLSYLILI,LLLFILLLTLLAALLSYLILI,Right,clash,22.6021,-264.396,25981900.0,25981600.0,-74.1759,-288.59,-383.023,4298.29,-49.5409,-20.2571,3332.54,4119.52,50.2651,21.9169,3317.21,4123.34,59.5789,22.9182,-12.4535,1.10011e+17,4,S,116.5583,15.82731059,,,,,-0.4826333224678881,0.7563109714538578,R,99999900.0,LLLTILLAVLLAYLLSLLILI,21891.94776831023,2409.243615547837,4.370593120003141
LLLSYLLVALLTILLWLLILI,LLLSYLLVALLIILLWLLILI,Right,clash,18.2107,-277.533,26097200.0,26096900.0,-45.0644,-283.223,-373.166,4309.91,-45.9087,-44.8788,3425.24,4274.6,37.7888,17.8443,3404.7,4275.6,58.7657,21.7806,-10.6746,1.10011e+17,11,T,112.4235,13.69816639,,,,,0.4810482714909113,0.209093527051871,R,17641378571328.58,LLLTYLLAVLLAILLFLLILI,25295.20715370397,1146.967827007189,52.69750761511873
LLLTSLLVALLALLLFILILI,LLLTILLVALLALLLFILILI,Right,clash,30.895,-273.649,27633200.0,27632900.0,-45.0382,-270.735,-361.867,4205.93,-45.0382,-46.0935,3354.82,4120.01,59.1281,17.414,3338.47,4128.17,69.4828,19.3985,-7.56434,1.10011e+17,4,S,121.0612,12.57553699,,,,,0.4439633997098223,0.1085642370215335,R,19288746153746.164,LLLTYLLVFLLALLLASLILI,25256.58230687175,1247.3054773463134,43.63361488475996
LLLAYLLVTLLFTLLSLLILI,LLLAYLLVTLLFTLLILLILI,Right,clash,11.8731,-268.575,27823700.0,27823400.0,-72.6751,-276.3,-365.183,4243.44,-54.1456,-16.2074,3388.98,4252.35,50.6638,18.7912,3387.72,4249.45,54.3316,19.5249,-11.7763,1.10011e+17,15,S,110.9292,14.48592511,,,,,2.966751886044392,0.3305527444546458,R,99999900.0,LLLAYLLTVLLAFLLSLLILI,34106.5759264502,8627.780757356679,229.0080846779764
LLLTSLLVGLLAYLLGLLILI,LLLTSLLVGLLIYLLGLLILI,GAS,clash,18.0454,-270.208,29384400.0,29384100.0,-44.9603,-272.84,-358.185,4143.52,-54.5145,-40.3854,3186.99,4079.63,60.3117,3.89179,3186.99,4079.63,60.3117,3.89179,-9.47755,1.10011e+17,11,A,126.37601,2.987530303,,,,,0.2220212687320309,0.047172480963542,G,-32.83603089891731,LLLTGLLFGLLAILLSLLILI,18750.398714543742,1278.5434385953338,37.60382040022479
LLLYFLLVALLTLLLSILILI,LLLYFLLIALLTLLLSILILI,Right,clash,13.3455,-265.16,31104700.0,31104400.0,-74.3253,-282.086,-378.603,4332.76,-49.8008,-22.1913,3535.46,4286.81,39.1102,0.313376,3529.7,4293.82,60.6305,5.86977,-9.13618,1.10011e+17,7,V,129.282024,0.241811052,,,,,0.5043573793506193,0.8013298945774602,R,17910978571328.58,LLLYALLTVLLALLLSFLILI,25292.553047295543,1815.776095877848,89.74108648731786
LLLYSLLFALLGALLTLLILI,LLLYSLLFALLGALLILLILI,GAS,clash,21.1763,-265.987,31571700.0,31571400.0,-44.9875,-268.157,-340.269,4248.75,-50.5652,-27.124,3399.43,4212.18,60.933,19.6801,3387.03,4251.87,93.1984,26.7747,-8.92688,1.10011e+17,15,T,110.0403,15.17116814,,,,,0.2438180790915745,0.0169276566718718,G,-46.81930778812584,LLLFVLLTILLGALLSLLILI,19887.654202784863,2088.6944346896,34.13924413336923
LLLYSLLLALLFVLLTILILI,LLLYSLLLILLFVLLTILILI,Right,clash,14.9554,-272.723,31598000.0,31597700.0,-58.884,-282.826,-370.89,4299.23,-54.8153,-29.1796,3499.5,4351.54,50.7538,6.52974,3499.5,4351.54,50.7538,6.52974,-8.47795,1.10011e+17,8,A,124.79986,4.972024585,,,,,0.1177546389076337,0.2422203981737713,R,13030551557005.564,LLLYFLLAILLAVLLTLLILI,24046.796205918472,566.4224220005948,24.21877003721384
LLLVYLLLALLFTLLSLLILI,LLLVYLLLALLFTLLILLILI,Right,clash,12.887,-268.221,32269800.0,32269500.0,-58.8843,-277.126,-367.883,4276.32,-49.6202,-31.8724,3454.2,4244.33,50.3743,18.9312,3452.85,4235.26,51.8468,23.7836,-11.9489,1.10011e+17,15,S,110.7892,14.59384954,,,,,2.2197582138813643,1.7455413656676333,R,99999900.0,LLLTALLVALLFALLSLLILI,31448.1258682926,10162.525838867636,82.57600671407961
LLLLAYLVILLFTLLSLLILI,LLLLIYLVILLFTLLSLLILI,Left,clash,15.4961,-275.199,33871300.0,33871000.0,-74.1907,-287.077,-384.578,4252.63,-49.6736,-23.31,3555.05,4240.01,47.6981,37.259,3555.05,4240.01,47.6981,37.259,-8.13862,1.1011e+16,4,A,101.2162,26.90662299,,,,,0.3160095374627625,0.0049627832422445,L,99999900.0,LLLLAVLIFLLATLLSLLILI,30312.55879005252,2165.016531144337,25.555507796529504
LLLSYLLGVLLGLLLATLILI,LLLSYLLIVLLGLLLATLILI,GAS,clash,15.6761,-262.288,34161700.0,34161400.0,-58.7839,-281.922,-376.728,4142.27,-56.2312,-36.0228,3203.15,4063.34,60.1152,0.217901,3203.07,4047.62,40.8023,0.0726336,-26.2402,1.10011e+17,7,G,109.9687,15.22636378,,,,,0.4472642730332496,0.1092463474871914,G,6328832413389.887,LLLTYLLAVLLGLLLAFLILI,20758.06052530059,997.7092188095254,77.23356974380515
LLLAYLLFALLTVLLSLLILI,LLLAYLLFALLTVLLILLILI,Right,clash,12.4984,-268.273,34876300.0,34876000.0,-59.0035,-273.081,-357.157,4224.5,-49.7661,-25.072,3270.96,4196.66,56.8418,27.963,3269.3,4197.02,63.7544,33.8137,-5.22595,1.10011e+17,15,S,101.7574,21.55636276,,,,,0.4189159143404715,0.1465201963511152,R,22452663636263.64,LLLAYLLTVLLAFLLSLLILI,25143.159620923776,1109.480945481291,43.783724573121866
LLLTYLLTILLAFLLSLLILI,LLLTYLLTILLAFLLILLILI,Right,clash,18.5936,-275.13,35292500.0,35292200.0,-58.8837,-277.716,-362.053,4282.11,-49.5453,-25.453,3421.36,4208.12,56.3122,21.816,3419.28,4208.84,59.3097,21.0967,-6.66312,1.10011e+17,15,S,107.9044,16.81770947,,,,,0.2769921460541752,0.3008535574882345,R,13846741694422.47,LLLTYLLVFLLALLLASLILI,24513.366032511745,534.7775502252231,41.035844373840405
LLLAYLLFALLTVLLSLLILI,LLLAYLLFALLTILLSLLILI,Right,clash,12.4966,-267.684,35574400.0,35574100.0,-74.384,-278.515,-375.176,4176.63,-49.7661,-22.2765,3288.12,4196.57,46.8713,20.921,3269.3,4197.02,65.6425,35.914,-5.22595,1.10011e+17,12,V,108.901,16.11514227,,,,,0.358425729662076,0.0576190903269588,R,99999900.0,LLLAYLLTVLLAFLLSLLILI,24757.595062484725,1451.636383962869,33.44760458881646
LLLYLLLAILLAFLLTSLILI,LLLYLLLAILLIFLLTSLILI,Right,clash,16.1481,-268.413,35671900.0,35671600.0,-74.2278,-298.061,-393.109,4316.95,-49.8326,-20.821,3585.83,4286.09,53.1157,7.70002,3585.83,4286.09,53.1157,7.70002,-7.22105,1.10011e+17,11,A,122.56778,5.910915821,,,,,0.1540810826333238,0.0703252171296196,R,17746319164657.82,LLLYLLLTVLLAFLLSILILI,24033.309512114345,1179.2960404371024,17.077764040705112
LLLYVLLFTLLGALLGLLILI,LLLYVLLFTLLGALLILLILI,GAS,clash,14.9857,-261.045,37522600.0,37522300.0,-58.7108,-271.946,-351.705,4279.1,-55.9222,-21.0489,3404.73,4224.3,60.3754,10.7879,3404.85,4203.79,38.9332,10.4848,-19.5858,1.10011e+17,15,G,118.9325,8.316270995,,,,,0.264310389065683,0.0048940759772349,G,99999900.0,LLLFVLLTILLGALLSLLILI,20948.82678474499,3276.222614155512,38.40963646062531
LLLTYLLTILLAFLLSLLILI,LLLTYLLTILLIFLLSLLILI,Right,clash,18.5957,-277.16,37617800.0,37617500.0,-74.2773,-286.649,-384.269,4271.35,-49.5453,-23.3424,3419.28,4208.84,56.1767,7.68118,3419.28,4208.84,56.1767,7.68118,-6.66312,1.10011e+17,11,A,122.58662,5.896453306,,,,,0.2970123261688253,0.0965285775030293,R,13836780148069.855,LLLAYLLTVLLAFLLSLLILI,24742.979387331343,1109.6339264561784,30.606995572261603
LLLLYYLVILLFALLTLLILI,LLLLYYLVILLIALLTLLILI,Left,clash,20.6912,-277.57,38295000.0,38294700.0,-58.918,-285.133,-372.774,4299.78,-49.7216,-28.7231,3491.9,4273.0,50.2313,24.583,3476.11,4406.64,150.831,33.4186,-27.1164,1.1011e+16,11,F,105.6848,18.87112548,,,,,0.2915841294253867,0.0334295107578453,L,19084990908990.9,LLLLAYLVILLFTLLSLLILI,28868.639338998324,166.58276381262536,21.911956540929943
LLLYLLLAVLLGTLLSFLILI,LLLYLLLAVLLITLLSFLILI,GAS,clash,12.1946,-265.096,38649500.0,38649200.0,-74.0075,-284.147,-379.116,4303.82,-50.3332,-20.9619,3418.59,4248.2,53.1454,0.0,3418.59,4229.82,32.0439,0.0,-7.09849,1.10011e+17,11,G,130.2678,0.0,,,,,0.2909539428713117,0.0094942601459584,G,99999900.0,LLLYSLLALLLGTLLGFLILI,19186.39358470361,1686.8395358323007,41.853877871967256
LLLTILLALLLGFLLGSLILI,LLLTILLALLLGFLLISLILI,GAS,clash,16.0362,-264.347,45011600.0,45011300.0,-60.2535,-277.921,-379.043,4137.86,-54.493,-40.8685,3149.38,4079.83,58.5397,2.3466,3149.38,4067.52,40.8205,2.3466,-25.1796,1.10011e+17,15,G,127.3738,1.808967595,,,,,0.2555782576534763,0.0815526056423284,G,-37.85584175235404,LLLAGLLFLLLGTLLGSLILI,19655.91689097617,2115.9357082023384,29.14214925253761
LLLSYLLVLLLGFLLATLILI,LLLSYLLVLLLGFLLITLILI,GAS,clash,12.9457,-266.475,45622000.0,45621600.0,-58.767,-279.96,-361.136,4242.28,-55.5723,-22.4083,3255.95,4206.46,58.6989,6.66546,3255.95,4206.46,58.6989,6.66546,-27.2819,1.10011e+17,15,A,128.855864,0.666461096,,,,,1.1393554623052784,1.4860035037469703,G,99999900.0,LLLAALLALLLGVLLGTLILI,27532.39479602716,7149.432643389704,322.4908528327658
LLLTSLLAVLIALLFLLLILI,LLLTSLLIVLIALLFLLLILI,Left,clash,18.5812,-277.595,50772300.0,50772000.0,-44.9965,-272.966,-364.059,4190.62,-47.0339,-46.096,3212.64,4105.94,53.8896,17.3532,3212.64,4105.94,53.8896,17.3532,-9.84837,1.10011e+17,7,A,122.0602,6.300559309,,,,,0.2817654639201804,0.0982577948771579,L,-37.98539335971101,LLLTSLLAVLLALLFSLLILI,28494.1697416377,731.0695733689425,17.360285257555137
LLLYSLLTLLLGFLLAILILI,LLLYSLLTLLLGFLLIILILI,GAS,clash,13.7292,-270.201,52085300.0,52085000.0,-58.8807,-274.875,-357.673,4308.28,-57.6427,-23.9174,3369.7,4240.45,58.4463,3.14938,3369.7,4240.45,58.4463,3.14938,-10.7057,1.10011e+17,15,A,126.57102,2.427821684,,,,,0.1846633651939788,0.1096515378088543,G,99999900.0,LLLYSLLALLLGTLLGFLILI,19510.06857470853,2558.911501401643,15.774399625932602
LLLYALLVALLLTLLSWLILI,LLLYALLVALLLILLSWLILI,Right,clash,15.1158,-268.735,52803700.0,52803400.0,-60.4807,-289.619,-386.453,4299.37,-45.1068,-36.3535,3613.89,4050.66,54.6329,26.337,3583.1,4086.71,85.5974,32.7152,-6.72358,1.10011e+17,12,T,103.485,20.28700837,,,,,0.2151467625641865,0.0102364472835776,R,-38.28599977378683,LLLYALLTVLLALLLSFLILI,24313.49052109107,1415.6992785376324,18.634348324762115
LLLYTLLIALLAVLLSLLILI,LLLYILLIALLAVLLSLLILI,Right,clash,26.8444,-268.775,54051200.0,54050900.0,-60.3856,-278.175,-381.308,4266.55,-45.0439,-42.7466,3477.34,4114.77,52.9443,23.1744,3466.84,4144.8,83.4484,29.3999,-7.14993,1.10011e+17,4,T,115.3008,16.73541544,,,,,0.4200110152804391,0.0087374507348439,R,15436206249899.988,LLLYALLTVLLALLLSFLILI,25133.16391264083,1573.0990720807963,35.71175888708596
LLLTFLLGLLLGYLLSILILI,LLLTFLLGLLLIYLLSILILI,GAS,clash,24.5722,-271.761,59874300.0,59874100.0,-60.2378,-280.937,-370.396,4223.99,-49.6504,-29.221,3174.53,4139.66,50.838,0.0,3174.53,4125.47,31.0604,0.0,-19.9535,1.10011e+17,11,G,130.2678,0.0,,,,,0.3803670681750937,0.0096195989699056,G,99999900.0,LLLYALLFLLLGTLLSILILI,23558.040235586304,5991.329488941597,57.00993042872037
LLLVSLLLFLIALLLTLLILI,LLLVSLLLFLIILLLTLLILI,Left,clash,15.7854,-273.346,61099000.0,61098700.0,-58.8383,-282.212,-390.366,4215.52,-49.5741,-49.3149,3428.64,4088.75,46.089,10.1092,3428.64,4088.75,46.089,10.1092,-8.78259,1.10011e+17,11,A,120.1586,7.76032143,,,,,0.1371404727923478,0.018294175805631,L,99999900.0,LLLVALLLFLLSLLYTLLILI,28210.817979188385,813.2056159193653,10.157141651979742
LLLYLLLAVLLGTLLSFLILI,LLLYLLLAVLLGTLLIFLILI,GAS,clash,12.1951,-261.886,62374400.0,62374100.0,-58.7596,-272.865,-351.819,4319.0,-52.2203,-20.1941,3418.74,4220.25,62.3943,2.7898,3418.59,4229.82,73.7707,2.77723,-7.09849,1.10011e+17,15,S,126.9306,2.150625499,,,,,0.077549634807797,0.009307850565217,G,-13.722370825669342,LLLALLLTVLLGGLLFSLILI,17782.51565058,1494.0443963470568,10.449903317403376
LLLSTLLVALLFYLLALLILI,LLLSTLLVILLFYLLALLILI,Right,clash,16.4181,-275.878,63381400.0,63381000.0,-45.0213,-278.414,-353.853,4229.36,-48.0962,-30.4175,3232.54,4206.65,31.4673,3.88854,3232.54,4206.65,31.4673,3.88854,-9.13752,1.10011e+17,8,A,123.82694,4.543202149,,,,,0.3546660684836018,0.0441815904269241,R,12414367328222.195,LLLTALLVALLFALLSLLILI,25014.349315260657,1636.5563004664698,27.100806404669164
LLLYALLLLLVTLLFSLLILI,LLLYALLLLLVILLFSLLILI,Left,clash,15.1432,-272.917,63642800.0,63642500.0,-60.4422,-284.162,-374.75,4342.63,-45.143,-30.1462,3572.14,4308.93,51.2016,21.5687,3544.6,4325.62,76.6286,31.6937,-11.0314,1.10011e+17,11,T,108.6991,16.55719986,,,,,0.4588593811223714,0.0492180622894199,L,99999900.0,LLLVALLLILTFLLASLLILI,31228.047795225884,2073.937250607438,40.3704487711361
LLLYALLLLLVTLLFSLLILI,LLLYILLLLLVTLLFSLLILI,Left,clash,18.793,-275.194,65065000.0,65064700.0,-74.2593,-287.666,-386.404,4355.71,-49.6463,-24.4787,3544.6,4325.62,44.7934,37.4896,3544.6,4325.62,44.7934,37.4896,-11.0314,1.10011e+17,4,A,100.9856,27.073151,,,,,0.1359369978270838,0.0407708955219077,L,19288746153746.164,LLLVALLLLLTFLLASLLILI,29667.75272595664,3404.750597873994,13.474188992125688
LLLSYLLFTLLAILLTLLILI,LLLSYLLFILLAILLTLLILI,Right,clash,19.7945,-274.436,65747300.0,65747000.0,-58.9678,-282.21,-370.394,4216.52,-49.8962,-29.2166,3352.37,4241.83,47.6099,20.5109,3332.87,4260.66,73.9889,32.3353,-22.0793,1.10011e+17,8,T,110.8187,15.61788051,,,,,0.1726598635780694,0.0783460708989605,R,13118426668022.178,LLLSYLLFVLLALLLATLILI,24216.605112837577,1139.0733094665306,19.10978058301282
LLLYWLLVALLLALLSTLILI,LLLYWLLVILLLALLSTLILI,Right,clash,22.8714,-278.044,68850300.0,68850000.0,-74.2545,-294.12,-399.561,4258.36,-49.6004,-31.1859,3369.4,4108.9,44.1274,0.0389564,3369.4,4108.9,44.1274,0.0389564,-19.021,1.10011e+17,8,A,114.9004,11.49389164,,,,,0.1770433362046703,0.0845593456188772,R,19890075513525.508,LLLTALLVALLFALLSLLILI,24246.76432966829,1116.5181518734582,19.845226730230547
LLLYGLLFLLLGVLLASLILI,LLLYGLLILLLGVLLASLILI,GAS,clash,12.7122,-254.995,71259200.0,71258900.0,-60.3826,-280.567,-374.834,4180.11,-53.7867,-33.884,3430.23,4033.32,59.0732,19.698,3422.34,4194.85,160.448,53.0577,-17.223,1.10011e+17,7,F,109.8974,15.19961357,,,,,0.1759984511994139,0.0870600464374135,G,-38.19683051783381,LLLAGLLFLLLGTLLGSLILI,18782.711919401907,2007.797381888407,16.85073668204397
LLLTWLLVALLLALLFSLILI,LLLTWLLVILLLALLFSLILI,Right,clash,29.4642,-281.686,72670100.0,72669800.0,-60.3561,-289.997,-388.595,4227.39,-45.0211,-38.2422,3262.02,4224.4,48.6764,0.837926,3262.02,4224.4,48.6764,0.837926,-9.71765,1.10011e+17,8,A,116.9679,9.901326432,,,,,0.558313205417379,0.1342054806184224,R,-68.70176693771266,LLLTYLLVFLLALLLASLILI,26106.73248536273,1978.7405729828915,38.83106676826103
LLLLYLLLFVLTALLLSLILI,LLLLYLLLFVLTALLISLILI,Left,clash,18.4974,-271.553,73224300.0,73224000.0,-74.1215,-284.219,-380.14,4205.43,-49.827,-21.7986,3427.06,4242.0,62.1975,32.5379,3406.55,4308.03,123.571,83.9878,-14.5487,1.10011e+16,15,L,97.1825,25.08310181,,,,,-0.0285334526516704,0.1080073290236347,L,99999900.0,LLLLLALLFVLTSLLAILILI,26170.008511139808,1367.2553212944877,3.9121772320841823
LLLTFLLGILLGVLLSLLILI,LLLTFLLGILLIVLLSLLILI,GAS,clash,20.7658,-266.215,73385900.0,73385600.0,-60.3629,-277.408,-378.094,4199.65,-47.8218,-40.3231,3218.21,4040.33,53.7166,2.5751,3218.6,4019.55,31.6523,2.64773,-7.29132,1.10011e+17,11,G,127.6927,1.976773999,,,,,0.8253093594977227,1.027582616634798,G,99999900.0,LLLTGLLFGLLAILLSLLILI,26372.781974899164,6480.960189901483,228.51730459356472
LLLYFLLAVLITLLLSLLILI,LLLYFLLAVLIILLLSLLILI,Left,clash,20.8637,-275.427,75315900.0,75315600.0,-60.4441,-283.514,-373.452,4333.41,-45.1374,-29.4936,3489.07,4230.57,49.732,24.5223,3473.61,4257.04,79.9283,33.9016,-10.0268,1.10011e+17,11,T,105.7455,18.82452916,,,,,0.1643630082727348,0.0109476865696884,L,16955028078387.797,LLLTSLLAVLLALLFSLLILI,27706.428650389746,690.9705084433334,14.07425763763588
LLLYFLLAVLITLLLSLLILI,LLLYFLLIVLITLLLSLLILI,Left,clash,21.1185,-278.632,75319300.0,75319000.0,-74.2904,-287.593,-386.272,4327.84,-49.6726,-24.3893,3473.61,4257.04,45.5601,9.80296,3473.61,4257.04,45.5601,9.80296,-10.0268,1.10011e+17,7,A,119.79244,7.564280831,,,,,0.4930629369253773,0.6056189968219199,L,99999900.0,LLLYTLLAVLIALLLSLLILI,31268.387840024418,3084.445893278805,5.301281242291842
LLLSYLLFTLLALLLSILILI,LLLSYLLFILLALLLSILILI,Right,clash,16.0844,-269.882,75869000.0,75868700.0,-60.406,-280.048,-372.716,4212.6,-45.1041,-32.2612,3376.38,4216.76,46.2185,18.3603,3357.93,4224.75,68.1939,28.6369,-9.21303,1.10011e+17,8,T,112.9693,13.98032127,,,,,0.4558911010208516,0.1292684305472407,R,20775995259695.48,LLLYALLTVLLALLLSFLILI,25511.2789722614,1035.1082843615088,45.85981340011036
LLLTSLLFLLLYLLAVLLILI,LLLTILLFLLLYLLAVLLILI,Left,clash,23.5959,-279.537,75899000.0,75898700.0,-45.0498,-277.477,-360.428,4276.28,-45.0498,-37.901,3310.72,4187.08,58.8733,14.5247,3308.9,4197.93,70.7753,15.039,-5.66472,1.10011e+17,4,S,123.9505,10.48902619,,,,,0.4995377608580472,0.7030815975130031,L,99999900.0,LLLTALLFLLVALLLSLLILI,35066.1073415238,7913.872495537353,0.1949572927630293
LLLVYLLIALLFSLLTLLILI,LLLVYLLIILLFSLLTLLILI,Right,clash,18.4404,-268.791,76131000.0,76130700.0,-74.243,-283.221,-381.35,4275.88,-54.1795,-23.8862,3499.45,4275.27,53.5266,23.2676,3499.45,4275.27,53.5266,23.2676,-8.57958,1.10011e+17,8,A,108.062,17.71695033,,,,,0.1899472181282032,0.2239330951552309,R,99999900.0,LLLYFLLAILLAVLLTLLILI,24444.86367410971,649.8600691752323,29.18447984360724
LLLTFLLGLLLGYLLASLILI,LLLTFLLGLLLIYLLASLILI,GAS,clash,19.08,-264.538,78151400.0,78151100.0,-60.2384,-288.612,-375.386,4162.38,-47.3912,-26.5354,3187.84,4142.5,57.5137,0.0,3187.84,4123.45,37.0337,0.0,-16.3299,1.10011e+17,11,G,130.2678,0.0,,,,,0.1515214900748869,0.0922155335648299,G,-34.692923550684526,LLLFYLLGVLLGLLLASLILI,19129.91384264364,1659.9742158620788,31.91274959347921
LLLSYLLFTLLAILLTLLILI,LLLSYLLFTLLIILLTLLILI,Right,clash,19.8366,-277.649,80141500.0,80141200.0,-72.7368,-284.77,-380.798,4243.01,-54.4033,-23.2914,3332.87,4260.66,43.8413,1.76678,3332.87,4260.66,43.8413,1.76678,-22.0793,1.10011e+17,11,A,128.50102,1.356267627,,,,,3.258536499339674,0.1996466102313693,R,99999900.0,LLLSYLLFVLLALLLATLILI,34968.176014222634,9558.007325691598,261.2139287504634
LLLTLLLGLLLGVLLGSLILI,LLLTLLLILLLGVLLGSLILI,GAS,clash,19.185,-262.885,84519500.0,84519200.0,-60.2824,-283.754,-398.081,4085.47,-46.7415,-54.0451,3232.5,3951.08,54.9474,1.3487,3232.5,3941.92,38.1198,1.3487,-10.7178,1.10011e+17,7,G,128.2467,1.040700519,,,,,0.1071303586349431,0.0249626858313603,G,99999900.0,LLLALLLTVLLGGLLFSLILI,18691.07632963624,1968.3623108783115,13.175625617730482
LLLYILLLTLLVALLSFLILI,LLLYILLLILLVALLSFLILI,Right,clash,15.0646,-269.277,87975800.0,87975500.0,-60.506,-283.579,-374.097,4329.39,-45.1325,-30.0125,3599.84,4272.36,52.7278,18.4086,3585.4,4298.06,77.8583,26.3679,-10.2194,1.10011e+17,8,T,112.921,14.01709896,,,,,0.2166378044109976,0.1349960364092231,R,99999900.0,LLLYALLTVLLALLLSFLILI,24521.050787218963,1929.5372233959329,10.1541573985664
LLLVSLLLFLIALLLTLLILI,LLLVILLLFLIALLLTLLILI,Left,clash,19.6545,-269.131,88782700.0,88782400.0,-58.8383,-279.425,-382.977,4212.29,-49.5741,-44.7136,3439.64,4064.52,57.7946,38.1101,3428.64,4088.75,72.2937,39.1084,-8.78259,1.10011e+17,4,S,119.2976,8.421267573,,,,,0.5269205954456498,0.0914284953242572,L,12136886385683.658,LLLYTLLAVLIALLLSLLILI,30065.679050022503,1105.185296672355,37.80337648960543
LLLTYLLGVLLGLLLSFLILI,LLLTYLLIVLLGLLLSFLILI,GAS,clash,27.2443,-276.202,88783200.0,88782900.0,-60.3458,-284.684,-372.655,4189.55,-49.0863,-27.6252,3305.8,4209.52,57.3905,0.145267,3306.0,4201.18,41.2427,0.145267,-9.24157,1.10011e+17,7,G,129.450133,0.112092713,,,,,0.2792047500456628,0.0621837356350006,G,99999900.0,LLLTYLLAVLLGLLLAFLILI,19987.061196263265,1580.4985837303252,47.58695464156554
LLLVSLLFLLLYLLATLLILI,LLLVILLFLLLYLLATLLILI,Left,clash,17.9303,-274.487,94122300.0,94122000.0,-58.8596,-283.097,-373.298,4261.58,-49.6064,-31.3414,3317.06,4161.8,50.5346,16.0764,3314.55,4167.75,60.4117,16.5472,-14.1747,1.10011e+17,4,S,122.3988,11.60958785,,,,,4.43752009191725,2.9701698211590166,L,99999900.0,LLLVALLLLLTFLLASLLILI,55756.25934768681,21646.80002406498,191.1380641368011
LLLYVLLTLLLGALLSFLILI,LLLYVLLTLLLIALLSFLILI,GAS,clash,13.8927,-265.729,102505000.0,102504000.0,-74.2441,-282.782,-378.485,4281.9,-50.7709,-21.4588,3530.38,4242.9,50.3085,8.97039,3531.86,4230.42,31.9604,6.64612,-9.47255,1.10011e+17,11,G,121.29741,6.886114604,,,,,0.1832090602222347,0.0860902721948967,G,99999900.0,LLLFVLLTILLGALLSLLILI,20315.68339249301,3486.1393850285262,18.01345835289614
LLLSYLLGVLLGLLLAFLILI,LLLSYLLIVLLGLLLAFLILI,GAS,clash,14.7783,-263.613,107549000.0,107548000.0,-44.9369,-276.116,-350.34,4180.3,-50.8982,-29.2867,3312.55,4174.04,60.5932,0.217901,3312.97,4156.42,40.6438,0.363168,-25.3616,1.10011e+17,7,G,129.377499,0.168139456,,,,,0.392789943216607,0.2242324292741408,G,99999900.0,LLLTYLLAVLLGLLLAFLILI,21093.273819440103,1508.6490707239975,81.18469455153223
LLLVYLLFALLTTLLSLLILI,LLLVYLLFALLTILLSLLILI,Right,clash,14.7892,-268.239,107603000.0,107602000.0,-74.3167,-281.742,-377.068,4220.86,-49.728,-21.0088,3322.15,4143.81,46.9769,14.8648,3315.6,4156.97,70.6025,24.8607,-7.64414,1.10011e+17,12,T,114.9572,11.45013942,,,,,0.3474809052396279,0.1040420119142374,R,14657979494248.602,LLLAYLLTVLLAFLLSLLILI,24970.449324814617,1102.11777377451,35.28109474267923
LLLTFLLGLLLGVLLGSLILI,LLLTFLLILLLGVLLGSLILI,GAS,clash,31.0609,-266.276,107928000.0,107928000.0,-60.2824,-285.345,-380.369,4112.5,-48.703,-34.742,3142.85,3998.68,56.345,0.0,3142.85,3990.3,39.9231,0.0,-20.6302,1.10011e+17,7,G,129.5954,0.0,,,,,0.2451885878518876,0.0879722836571098,G,22795790908990.91,LLLAGLLFLLLGTLLGSLILI,19172.79601503535,2021.4453131129264,26.94387207948428
LLLLYVLLATLLALLSFLILI,LLLLYILLATLLALLSFLILI,Left,clash,19.5082,-270.929,109059000.0,109058000.0,-74.2354,-281.844,-377.564,4153.96,-52.1932,-21.4841,3365.77,4132.85,60.0458,56.0935,3363.46,4160.54,92.4512,108.347,-12.5719,1.10011e+16,5,V,74.2013,43.05121924,,,,,-0.2443326742436488,0.6635426167488047,L,99999900.0,LLLLAVLLALLLILLSTLILI,30704.809717643893,11571.044116830211,18.38872769676618
LLLVYLLFALLTTLLSLLILI,LLLVYLLFILLTTLLSLLILI,Right,clash,14.8248,-271.448,115757000.0,115757000.0,-87.9543,-284.633,-387.949,4292.22,-54.3515,-15.3622,3315.6,4156.97,38.9872,7.16561,3315.6,4156.97,38.9872,7.16561,-7.64414,1.10011e+17,8,A,124.16399,5.456203324,,,,,0.4011937844138266,0.1585228170859195,R,12734413765716.523,LLLAYLLTVLLAFLLSLLILI,25148.39775320508,2095.1946430336257,24.22471101402506
LLLASLLTLLLGVLLGFLILI,LLLASLLTLLLIVLLGFLILI,GAS,clash,14.9049,-263.66,118328000.0,118328000.0,-58.8154,-273.128,-364.668,4111.11,-55.4261,-32.7238,3197.04,4038.24,58.9696,13.6651,3200.16,4024.9,40.8462,10.3239,-12.5433,1.10011e+17,11,G,116.6027,10.49000597,,,,,0.2266763242888519,0.0300496143760764,G,-18.93604490970609,LLLASLLVGLLFLLLGLLILI,19393.36122740347,1528.2267081216798,36.50643322834512
LLLTYLLVLLLALLLSFLILI,LLLTYLLVLLLILLLSFLILI,Right,clash,15.4177,-273.832,118535000.0,118535000.0,-60.4011,-288.106,-384.754,4261.67,-45.0743,-36.2466,3519.1,4253.1,51.0237,3.00047,3519.1,4253.1,51.0237,3.00047,-6.56091,1.10011e+17,11,A,127.26733,2.30330903,,,,,0.1683903554847338,0.12221310815583,R,16716913333233.344,LLLYALLTVLLALLLSFLILI,24189.427670603985,977.457356722839,21.351178717790624
LLLLFLLLYVLALLLSTLILI,LLLLFLLLYVLILLLSTLILI,Left,clash,11.8269,-276.724,122267000.0,122267000.0,-74.1831,-297.728,-400.55,4241.55,-49.6137,-28.6384,3341.39,4191.98,48.2588,4.97086,3341.39,4191.98,48.2588,4.97086,-6.49473,1.10011e+16,11,A,125.29694,3.815877753,,,,,0.923172976144366,0.3305350091138146,L,99999900.0,LLLLALLLFVLTWLLSLLILI,33413.59539809607,2160.750434816781,56.38147919512135
LLLTYLLALLLGVLLGSLILI,LLLTYLLALLLGVLLISLILI,GAS,clash,17.9857,-266.605,124171000.0,124171000.0,-60.2923,-277.469,-375.664,4201.15,-54.8881,-37.9022,3159.71,4087.27,63.4392,5.76247,3159.63,4064.88,41.8188,5.67928,-20.1072,1.10011e+17,15,G,123.95793,4.442223428,,,,,0.2759741260817419,0.002863623590648,G,99999900.0,LLLAGLLFLLLGTLLGSLILI,20322.83731233084,2255.284227283714,40.338510827264784
LLLYSLLLALLATLLVFLILI,LLLYILLLALLATLLVFLILI,Right,clash,31.7368,-274.247,127109000.0,127109000.0,-58.8092,-274.31,-356.383,4310.5,-49.5342,-23.2639,3507.19,4243.51,58.2056,6.62477,3499.14,4242.47,62.2648,10.574,-10.482,1.10011e+17,4,S,131.85043,4.784084081,,,,,0.1816980852410144,0.0816753976357645,R,99999900.0,LLLYALLTVLLALLLSFLILI,24312.18246831077,1728.4990132307364,10.385733768093557
LLLAGLLFLLLGTLLGSLILI,LLLAGLLFLLLITLLGSLILI,GAS,clash,13.1597,-255.81,136510000.0,136510000.0,-74.1241,-281.855,-384.407,4038.1,-56.044,-28.4284,3134.12,3993.64,52.4962,0.0,3134.12,3994.87,39.6319,0.0,-23.3464,1.10011e+17,11,G,130.2678,0.0,,,,,0.2797278643391794,0.1965225826570134,G,2.956478701493894,LLLAGLLFLLLGTLLGSLILI,20135.4221473099,2892.4022422489784,20.727442750785567
LLLTFLLGVLLGLLLSILILI,LLLTFLLGVLLILLLSILILI,GAS,clash,19.704,-263.02,137220000.0,137220000.0,-60.3447,-276.293,-376.624,4201.2,-53.7145,-39.9861,3153.25,4091.19,50.6815,0.0,3153.25,4073.98,30.0403,0.0,-27.0782,1.10011e+17,11,G,130.2678,0.0,,,,,5.0064738655206025,4.371731708106292,G,99999900.0,LLLTYLLAVLLGLLLAFLILI,49583.949629443145,32894.33548321206,282.00853226585656
LLLSFLLVLLLGTLLAYLILI,LLLSFLLILLLGTLLAYLILI,GAS,clash,12.8247,-261.348,141784000.0,141784000.0,-58.783,-278.826,-358.744,4254.89,-53.4547,-21.1346,3254.65,4100.92,55.2468,0.935394,3253.03,4128.08,78.7936,1.63661,-14.603,1.10011e+17,7,V,128.660006,0.721780248,,,,,0.2702595903377612,0.0440347285473086,G,21646457698547.21,LLLAGLLFLLLGTLLGSLILI,19313.57702227891,1282.2001183895438,44.380119417696
LLLASLLTLLLGYLLGVLILI,LLLASLLTLLLGYLLIVLILI,GAS,clash,14.976,-265.101,143296000.0,143296000.0,-58.8608,-268.354,-364.608,4128.26,-60.3308,-37.3932,3131.17,4050.81,61.8515,17.7177,3133.79,4034.05,42.1025,16.9577,-16.6594,1.10011e+17,15,G,112.0027,13.65837601,,,,,0.3238066795062527,0.1060156922624734,G,-32.29657438965312,LLLALLLTVLLGGLLFSLILI,19971.624966318304,1045.3582927139037,58.71829468264118
LLLASLLVGLLFLLLGLLILI,LLLASLLVGLLFLLLILLILI,GAS,clash,13.0,-263.35,146605000.0,146605000.0,-44.9758,-267.848,-357.014,4180.64,-50.7848,-44.1903,3171.75,4110.11,49.5079,9.26098,3172.26,4114.55,37.8999,8.99156,-19.4851,1.10011e+17,15,G,120.45942,7.13918551,,,,,0.3323526668845006,0.0374719269705348,G,-99.9996005323814,LLLASLLVGLLFLLLGLLILI,21100.968906722646,2599.605063699388,52.839888461534514
LLLSYLLGTLLGLLLAFLILI,LLLSYLLITLLGLLLAFLILI,GAS,clash,13.3483,-263.699,150306000.0,150305000.0,-58.7409,-276.871,-358.239,4166.72,-58.6101,-22.6267,3342.37,4182.72,62.2502,5.14047,3343.41,4166.99,42.9882,4.70995,-13.4407,1.10011e+17,7,G,124.45493,3.966552825,,,,,2.4095086283099016,1.212813474820926,G,99999900.0,LLLTYLLAVLLGLLLAFLILI,34227.8370156471,10561.69256880967,228.51730459356472
LLLSYLLVALLGLLLGFLILI,LLLSYLLVALLILLLGFLILI,GAS,clash,13.2944,-264.77,155397000.0,155397000.0,-44.9412,-277.315,-351.114,4200.84,-47.7387,-28.8577,3334.73,4193.77,56.6523,1.02056,3334.73,4180.76,38.1868,1.02056,-29.9073,1.10011e+17,11,G,129.24724,0.783432283,,,,,0.3174425995790021,0.0817990349431425,G,99999900.0,LLLASLLVGLLFLLLGLLILI,21188.499485996577,2825.9466855931328,55.25975398407373
LLLSYLLFTLLALLLAILILI,LLLSYLLFILLALLLAILILI,Right,clash,16.27,-268.359,155607000.0,155607000.0,-45.0308,-275.466,-355.355,4218.97,-45.0308,-34.8587,3387.34,4172.76,47.3632,34.4498,3362.07,4184.06,70.8635,44.0716,-18.0446,1.10011e+17,8,T,96.8798,26.23155785,,,,,0.3514465875832634,0.2672430786824772,R,14750217646958.812,LLLSYLLFVLLALLLATLILI,25046.491742509235,494.5030750670406,45.28317352922737
LLLYVLLTLLLGTLLAFLILI,LLLYVLLTLLLGTLLIFLILI,GAS,clash,16.3438,-266.953,158185000.0,158185000.0,-72.6251,-276.088,-363.858,4310.38,-57.451,-15.1442,3479.5,4249.94,63.3722,7.49797,3479.5,4249.94,63.3722,7.49797,-13.112,1.10011e+17,15,A,122.22243,5.780100894,,,,,-0.036781752737701,0.421256981669278,G,99999900.0,LLLFVLLTILLGALLSLLILI,16778.623356286906,1015.2184920670472,38.44529419365463
LLLYFLLALLLGTLLGSLILI,LLLYFLLALLLITLLGSLILI,GAS,clash,19.6097,-263.913,160082000.0,160082000.0,-74.1108,-291.715,-382.272,4261.03,-55.1112,-16.4463,3282.68,4148.9,61.7986,0.0,3282.68,4129.9,40.9224,0.0,-33.9785,1.10011e+17,11,G,130.2678,0.0,,,,,0.1447295373705082,0.0824435735359742,G,99999900.0,LLLAGLLFLLLGTLLGSLILI,18423.454333605423,1946.3880846766144,12.727115679826904
LLLSYLLTVLLGTLLAFLILI,LLLSYLLTVLLGTLLIFLILI,GAS,clash,10.252,-262.937,161008000.0,161008000.0,-72.5251,-273.988,-357.5,4183.16,-57.0929,-10.9869,3323.22,4200.72,63.4785,14.4078,3323.22,4200.72,63.4785,14.4078,-9.70983,1.10011e+17,15,A,115.3126,11.10681126,,,,,0.2121737270977331,0.0295450536861018,G,-82.85191345343989,LLLALLLTVLLGGLLFSLILI,19136.764160438008,1424.0562987611738,34.318418098247946
LLLSYLLGLLLGTLLGFLILI,LLLSYLLILLLGTLLGFLILI,GAS,clash,14.5869,-264.633,163568000.0,163568000.0,-58.7496,-277.548,-355.49,4180.01,-58.2406,-19.1919,3312.41,4162.93,56.1233,3.47557,3313.94,4151.1,38.482,3.5502,-22.2715,1.10011e+17,7,G,126.11983,2.681862165,,,,,0.458996097827765,0.0657971723554618,G,99999900.0,LLLAGLLFLLLGTLLGSLILI,24180.594308168227,6069.086787437666,60.73550216498712
LLLYSLLLALLAVLLTILILI,LLLYILLLALLAVLLTILILI,Right,clash,19.0953,-267.467,164080000.0,164080000.0,-58.8612,-276.402,-374.678,4269.52,-49.5781,-39.4155,3407.61,4120.87,55.5753,7.00578,3399.86,4118.84,58.5384,10.6662,-8.45964,1.10011e+17,4,S,131.46942,5.059230823,,,,,0.4264831796125156,0.0596016716933233,R,15436206249899.988,LLLYLLLTVLLAFLLSILILI,25176.55789134557,1395.7775660429802,39.26782412516354
LLLSYLLTVLLGTLLAFLILI,LLLSYLLTVLLITLLAFLILI,GAS,clash,10.2495,-264.117,172873000.0,172873000.0,-72.5251,-278.877,-365.744,4173.3,-55.0637,-14.3414,3323.22,4216.64,55.9459,0.0,3323.22,4200.72,36.8323,0.0,-9.70983,1.10011e+17,11,G,130.2678,0.0,,,,,0.1234860440168524,0.0659159514852778,G,99999900.0,LLLTYLLAVLLGLLLAFLILI,18918.82954328208,1749.3377068160228,25.04626650624393
LLLYLLLAFLLGVLLGSLILI,LLLYLLLIFLLGVLLGSLILI,GAS,clash,16.6857,-262.61,183793000.0,183793000.0,-60.278,-288.2,-370.008,4224.59,-52.7795,-21.5303,3359.66,4200.1,61.7375,13.9467,3359.66,4200.1,61.7375,13.9467,-11.4742,1.10011e+17,7,A,115.6487,10.76172457,,,,,0.4257112200746939,0.0422573689760661,G,-47.23660024962941,LLLALLLTVLLGGLLFSLILI,20495.293785149235,1855.2637504244703,58.28533418297233
LLLYLLLAILLGFLLSTLILI,LLLYLLLIILLGFLLSTLILI,GAS,clash,19.0611,-267.015,193703000.0,193703000.0,-74.1746,-295.058,-386.485,4309.27,-55.8646,-17.2519,3442.43,4284.54,59.267,8.86993,3442.43,4284.54,59.267,8.86993,-21.7761,1.10011e+17,7,A,128.906669,0.531447104,,,,,0.130459582058256,0.0841961524758011,G,99999900.0,LLLFVLLTILLGALLSLLILI,18522.66611347062,2008.278047982276,10.44341278775371
LLLLYYLTFLLAVLLILLILI,LLLLYYLTILLAVLLILLILI,Left,clash,21.7606,-278.336,197366000.0,197366000.0,-58.7662,-279.046,-366.661,4298.55,-49.4492,-28.8484,3450.53,4246.12,56.9906,47.5125,3438.97,4380.4,152.773,152.51,-20.004,1.1011e+16,8,F,107.6446,17.36668616,,,,,0.3479371585761319,0.2706012641503656,L,14750217646958.812,LLLLWILTYLLAVLLFLLILI,31016.614447645494,2824.6329094610937,12.805804397030125
LLLATLLVGLLFLLLGLLILI,LLLATLLVGLLFLLLILLILI,GAS,clash,14.7725,-264.501,210600000.0,210600000.0,-44.9989,-269.025,-358.061,4208.09,-46.999,-44.0368,3167.73,4130.4,49.7123,8.93677,3168.17,4134.96,38.2049,8.66735,-21.6244,1.10011e+17,15,G,120.78363,6.889255661,,,,,0.2760672246732797,0.083542675177107,G,99999900.0,LLLASLLVGLLFLLLGLLILI,20086.245372856087,1658.83040273268,49.34885581503541
LLLLYLLVALLLFLTSLLILI,LLLLYLLVILLLFLTSLLILI,Left,clash,13.3533,-277.238,212388000.0,212388000.0,-74.2727,-290.682,-389.824,4296.15,-49.583,-24.8692,3309.1,4273.02,51.5102,7.33399,3309.1,4273.02,51.5102,7.33399,-23.9714,1.1011e+16,8,A,123.99561,5.58441509,,,,,0.3204191557503226,0.007899405256168,L,99999900.0,LLLLAYLVILLFTLLSLLILI,28044.0245654282,1842.816710759584,26.659877427086915
LLLYALLFLLVILLWSLLILI,LLLYALLILLVILLWSLLILI,Left,clash,19.0198,-279.91,214782000.0,214782000.0,-60.4312,-287.75,-388.482,4356.23,-45.1437,-40.3012,3595.15,4169.21,45.0747,12.4936,3594.75,4285.26,143.773,14.8036,-16.3167,1.10011e+17,7,F,117.1018,9.640465634,,,,,0.3505246577972331,0.2355328963764735,L,6.780275790619629,LLLVALLLLLTFLLASLLILI,28137.705069571537,2561.1397500316425,15.045248008167702
LLLYLLLGALLGILLSTLILI,LLLYLLLIALLGILLSTLILI,GAS,clash,16.088,-261.441,217008000.0,217007000.0,-74.1632,-288.869,-396.267,4214.05,-54.3754,-33.2341,3483.04,4160.88,61.9439,25.8787,3489.55,4141.35,41.075,21.3356,-14.2325,1.10011e+17,7,G,103.7167,19.96884149,,,,,0.1254893730267729,0.0197315188094228,G,99999900.0,LLLYALLFLLLGTLLSILILI,20208.81056027605,3862.6213546240574,16.423625876267884
LLLTFLLAVLLGILLGLLILI,LLLTFLLAVLLIILLGLLILI,GAS,clash,17.4667,-262.726,223277000.0,223277000.0,-44.9923,-273.271,-361.678,4168.3,-52.0124,-43.4148,3119.63,4053.58,61.9683,0.0,3119.63,4033.1,40.9406,0.0,-28.6534,1.10011e+17,11,G,130.2678,0.0,,,,,0.139014173677174,0.1477294500237242,G,15133545619754.172,LLLTGLLFGLLAILLSLLILI,18381.323475304936,685.3288033106616,35.85118780100508
LLLYSLLVALLFALLTLLILI,LLLYILLVALLFALLTLLILI,Right,clash,24.3103,-271.101,231266000.0,231265000.0,-58.8685,-278.0,-357.266,4321.54,-53.3731,-20.3976,3430.35,4277.18,52.4852,36.1555,3422.16,4286.2,63.212,40.3343,-12.5778,1.10011e+17,4,S,102.3197,26.1097294,,,,,0.1165417173412902,0.1279585643372395,R,-37.681811899271935,LLLTALLVALLFALLSLLILI,23949.23359296632,950.5957841726934,17.34703889964124
LLLTYLLVFLLALLLASLILI,LLLTYLLVFLLALLLISLILI,Right,clash,17.3041,-271.017,234643000.0,234643000.0,-60.3691,-284.091,-373.434,4244.65,-45.047,-28.9739,3310.59,4194.77,63.1117,44.3655,3310.59,4194.77,63.1117,44.3655,-8.27773,1.10011e+17,15,A,130.2678,0.0,,,,,0.331843391982919,0.02121791568379,R,14589317515551.416,LLLSYLLFVLLALLLATLILI,24816.9888911506,1430.8997591001114,29.06338996739669
LLLTYLLVFLLALLLASLILI,LLLTYLLVFLLILLLASLILI,Right,clash,17.3058,-271.017,236531000.0,236531000.0,-60.3691,-291.06,-381.737,4212.49,-45.047,-30.3079,3310.59,4194.77,48.4979,0.0,3310.59,4194.77,48.4979,0.0,-8.27773,1.10011e+17,11,A,130.2678,0.0,,,,,0.5389608057091027,0.0499167047578904,R,19629915252112.016,LLLSYLLFVLLALLLATLILI,25656.858628070226,1529.318932486591,48.11884077047265
LLLTFLLAVLLGILLGLLILI,LLLTFLLAVLLGILLILLILI,GAS,clash,17.4705,-262.726,239315000.0,239315000.0,-44.9923,-268.977,-356.888,4192.05,-54.5074,-42.9191,3119.63,4051.26,59.132,0.0,3119.63,4033.1,39.1601,0.0,-28.6534,1.10011e+17,15,G,129.7204,0.0,,,,,0.2915841766063621,0.063829313111774,G,-50.97639388293472,LLLTGLLFGLLAILLSLLILI,19346.22591851036,1202.6287672435778,49.581139717860296
LLLLYYLTFLLAVLLILLILI,LLLLYYLTFLLIVLLILLILI,Left,clash,22.2504,-283.351,241028000.0,241028000.0,-58.7662,-284.075,-360.127,4357.2,-49.4492,-17.2866,3438.97,4380.4,37.1618,4.66514,3438.97,4380.4,37.1618,4.66514,-20.004,1.1011e+16,11,A,125.60266,3.581191975,,,,,0.2717129103429462,0.0501718628143784,L,20737682418120.88,LLLLWILTYLLAVLLFLLILI,30137.58431237076,2332.263503698363,19.318802994062352
LLLAYLLFLLLGVLLGSLILI,LLLAYLLFLLLIVLLGSLILI,GAS,clash,13.2628,-262.815,245771000.0,245770000.0,-60.2995,-287.89,-373.819,4188.69,-49.9183,-25.6295,3121.68,4097.55,61.6151,0.0,3121.82,4077.76,40.6953,0.0,-31.4659,1.10011e+17,11,G,130.2678,0.0,,,,,0.2232090024307731,0.0454916900521366,G,99999900.0,LLLAGLLFLLLGTLLGSLILI,18947.724413646185,1251.6648784219883,37.60370776241041
LLLYLLLTTLLAGLLFSLILI,LLLYLLLTILLAGLLFSLILI,GAS,clash,14.9974,-263.537,253200000.0,253199000.0,-74.1897,-285.33,-375.28,4289.07,-49.5832,-15.7606,3457.26,4255.12,62.0316,18.3714,3450.71,4295.77,91.5598,33.7039,-8.86812,1.10011e+17,8,T,112.9582,13.98877328,,,,,0.2869330222526097,0.0814889651732008,G,99999900.0,LLLALLLTVLLGGLLFSLILI,18951.484773130647,1367.256876081886,50.73499151618596
LLLTSLLFALLGLLLGVLILI,LLLTSLLFALLILLLGVLILI,GAS,clash,15.9678,-265.624,260253000.0,260253000.0,-44.9724,-270.227,-353.512,4148.12,-52.561,-38.3128,3106.62,4047.66,50.0227,1.251,3106.62,4048.87,36.7037,1.251,-21.873,1.10011e+17,11,G,129.0168,0.960329414,,,,,0.3935284451896796,0.261995597357102,G,99999900.0,LLLASLLVGLLFLLLGLLILI,20847.335165529566,1065.8381674909856,85.22534413326068
LLLLWILTYLLAVLLFLLILI,LLLLWILTILLAVLLFLLILI,Left,clash,28.216,-280.866,260424000.0,260423000.0,-58.7988,-280.546,-375.839,4289.74,-49.5722,-36.495,3319.86,4122.89,49.5223,20.5369,3313.4,4267.55,153.05,22.4158,-14.7712,1.1011e+16,8,Y,110.7927,15.63767803,,,,,0.4171953248218396,0.0636042445174828,L,-66.84783423752911,LLLLWILTYLLAVLLFLLILI,29498.99982141533,619.7264511210452,30.43926357768545
LLLYLLLTTLLVALLSFLILI,LLLYLLLTILLVALLSFLILI,Right,clash,12.6629,-265.149,270945000.0,270945000.0,-74.2268,-283.879,-378.41,4313.11,-49.6076,-20.3047,3684.04,4278.24,50.5561,15.4812,3666.1,4302.98,79.0627,19.2868,-9.49437,1.10011e+17,8,T,115.8484,11.78805083,,,,,0.07286579667516,0.2668447272375602,R,-8.933020714522586,LLLYALLTVLLALLLSFLILI,23927.3453792883,590.5210643443816,21.91640057031253
LLLASLLFLLLGYLLGTLILI,LLLASLLFLLLIYLLGTLILI,GAS,clash,15.347,-267.923,274279000.0,274278000.0,-58.7329,-286.423,-370.274,4124.33,-58.3887,-25.1188,3166.04,4130.06,61.243,0.331831,3166.04,4111.27,40.6128,0.331831,-18.8019,1.10011e+17,11,G,129.935969,0.254729872,,,,,0.2113638818874077,0.0360298065996502,G,-5.112381615299895,LLLASLLVGLLFLLLGLLILI,19434.884412987245,1653.2112432183533,34.87436332860626
LLLLYFLLAVLTALLLSLILI,LLLLYFLLAVLTILLLSLILI,Left,clash,21.1912,-272.152,297807000.0,297807000.0,-74.2562,-285.25,-380.388,4213.69,-49.686,-20.8815,3397.27,4173.14,50.0295,18.369,3397.27,4173.14,50.0295,18.369,-12.1996,1.10011e+16,12,A,111.453,14.14937376,,,,,0.1739999902309155,0.0216986027025046,L,16716913333233.344,LLLLLALLYVLTALLFSLILI,27407.551188843256,1217.697451524681,15.48402293347048
LLLLYFLLAVLTALLLSLILI,LLLLYFLLIVLTALLLSLILI,Left,clash,21.3116,-272.151,297839000.0,297839000.0,-74.244,-285.414,-380.658,4214.9,-49.8016,-21.0006,3397.27,4173.14,58.0425,25.7172,3397.27,4173.14,58.0425,25.7172,-12.1996,1.10011e+16,8,A,111.453,14.14937376,,,,,0.3385024396590245,0.0961866708007506,L,15560636759996.182,LLLLIFLLWLLTALLSVLILI,28952.29027555176,659.0221587258548,22.11985932234589
LLLSYLLGVLLGLLLAFLILI,LLLSYLLGVLLILLLAFLILI,GAS,clash,14.0774,-263.643,306766000.0,306765000.0,-44.9369,-275.878,-349.913,4191.37,-50.4089,-29.0981,3312.97,4177.0,55.2521,0.0,3312.97,4156.42,34.0111,0.0,-25.3616,1.10011e+17,11,G,130.2678,0.0,,,,,0.2180882552958821,0.0378800156570665,G,22452663636263.64,LLLTYLLAVLLGLLLAFLILI,19109.423334630024,1343.0415522248531,36.05715871947351
LLLLYILTFLLAVLLLLLILI,LLLLYILTFLLAVLLILLILI,Left,clash,16.1798,-274.362,326931000.0,326930000.0,-58.8332,-277.083,-364.176,4282.59,-49.493,-28.2594,3309.43,4244.39,60.5055,38.2555,3289.29,4324.19,125.42,42.1912,-16.6978,1.1011e+16,15,L,94.5666,27.09966975,,,,,0.218618941143467,0.1712800828630293,L,16716913333233.344,LLLLWILTYLLAVLLFLLILI,27710.24393331787,1467.3214081195629,7.973770932014412
LLLLWILTYLLAVLLFLLILI,LLLLWILTYLLIVLLFLLILI,Left,clash,28.0964,-287.821,332014000.0,332013000.0,-58.7988,-287.372,-370.559,4358.25,-49.5722,-24.388,3313.4,4267.55,54.3368,27.6329,3313.4,4267.55,54.3368,27.6329,-14.7712,1.1011e+16,11,A,102.6349,21.21237942,,,,,0.6755449284884067,0.0016948580886701,L,17774631206578.258,LLLLWILTYLLAVLLFLLILI,30312.72831229032,2308.872087218077,55.14639732851473
LLLYWLLTALLLSLLFVLILI,LLLYWLLTILLLSLLFVLILI,Right,clash,22.259,-281.559,335001000.0,335001000.0,-74.1374,-285.212,-376.895,4350.83,-55.1357,-17.5448,3448.25,4365.95,53.8619,2.94758,3448.25,4365.95,53.8619,2.94758,-18.0581,1.10011e+17,8,A,128.38202,2.244414054,,,,,0.1364902874724928,0.1300890845073769,R,18397099156773.8,LLLYVLLTILLALLLAFLILI,24067.41538328768,1901.0976984372533,3.729082549677682
LLLYWLLVALLAFLLSLLILI,LLLYWLLVILLAFLLSLLILI,Right,clash,20.5627,-274.39,349526000.0,349526000.0,-60.4308,-287.89,-368.811,4352.37,-45.0342,-20.4898,3523.96,4352.15,37.6321,26.5145,3523.96,4352.15,37.6321,26.5145,-12.0787,1.10011e+17,8,A,125.57195,3.604766489,,,,,0.4341369809192346,0.3451778111668465,R,17166708838427.695,LLLYALLTVLLALLLSFLILI,25217.18855768314,636.8480320801069,56.82975400150112
LLLAILLLTLLFVLLSLLILI,LLLAILLLILLFVLLSLLILI,Right,clash,12.2602,-263.923,355954000.0,355954000.0,-60.5003,-278.585,-390.242,4153.91,-45.1631,-51.1572,3335.4,4167.21,53.0967,19.4661,3325.21,4184.04,76.2983,24.4589,-8.55011,1.10011e+17,8,T,111.8635,14.8223249,,,,,0.3093396190247175,0.0286171187521164,R,12749255856060.674,LLLAYLLTVLLAFLLSLLILI,24986.63940493092,1338.703424272224,27.616135421980854
LLLSYLLVLLLALLLTFLILI,LLLSYLLVLLLILLLTFLILI,Right,clash,14.5387,-272.721,361038000.0,361038000.0,-58.8832,-286.856,-378.967,4254.83,-49.6154,-33.2275,3522.73,4265.42,46.4639,3.56901,3522.73,4265.42,46.4639,3.56901,-5.8953,1.10011e+17,11,A,126.69879,2.739748426,,,,,0.1372796017188168,0.0785380314533865,R,99999900.0,LLLSYLLFVLLALLLATLILI,24234.548730831524,1180.1649511614835,16.156529736084465
LLLFYLLVALLTALLSLLILI,LLLFYLLVALLTILLSLLILI,Right,clash,14.0838,-262.954,366008000.0,366008000.0,-74.3702,-280.365,-376.325,4289.01,-49.7526,-21.5904,3467.77,4164.62,47.4071,8.41294,3467.77,4164.62,47.4071,8.41294,-14.6796,1.10011e+17,12,A,115.2636,11.21412395,,,,,0.1576712379086904,0.3610433997674495,R,99999900.0,LLLAYLLTVLLAFLLSLLILI,24154.399464290345,106.56384238435066,34.60385788325261
LLLFYLLVALLTTLLSLLILI,LLLFYLLVILLTTLLSLLILI,Right,clash,14.1232,-266.164,372487000.0,372487000.0,-88.0102,-283.649,-387.404,4305.82,-54.3741,-15.7442,3516.94,4198.55,50.2789,18.4171,3516.94,4198.55,50.2789,18.4171,-12.1727,1.10011e+17,8,A,112.9125,14.02357123,,,,,0.423257528186179,0.1189256254351691,R,17579688296650.027,LLLAYLLTVLLAFLLSLLILI,25214.080202991983,1978.3001349546807,28.41966461030244
LLLLYFLLTILVALLLSLILI,LLLLYFLLIILVALLLSLILI,Left,clash,20.7638,-271.257,391111000.0,391110000.0,-60.4206,-286.438,-377.856,4238.0,-45.1022,-30.9973,3475.27,4192.02,50.9078,22.7654,3463.3,4219.41,80.5979,31.6233,-5.06039,1.10011e+16,8,T,108.5642,17.33455367,,,,,3.3269867147392773,4.540701184632101,L,99999900.0,LLLLYVLLLILATLLFSLILI,45260.37935943435,30661.82158952941,9.50468597652525
LLLYVLLGILLGLLLSFLILI,LLLYVLLIILLGLLLSFLILI,GAS,clash,22.8823,-265.816,404512000.0,404512000.0,-60.3102,-285.531,-374.651,4265.86,-53.1185,-28.8092,3315.63,4210.94,61.655,0.0,3315.63,4190.15,40.7452,0.0,-33.5965,1.10011e+17,7,G,129.5954,0.0,,,,,0.1868264621429824,0.0090488295862097,G,99999900.0,LLLFVLLTILLGALLSLLILI,19570.033893471547,2203.416499639556,26.567680201210813
LLLYWLLLALLVALLSTLILI,LLLYWLLLILLVALLSTLILI,Right,clash,29.484,-279.205,415777000.0,415777000.0,-74.2355,-297.634,-402.365,4247.72,-49.5698,-30.4959,3447.44,4127.59,40.3096,4.36858,3447.44,4127.59,40.3096,4.36858,-11.5575,1.10011e+17,8,A,123.77229,4.660003697,,,,,0.2267326697927151,0.0611128038570534,R,-42.05722167267207,LLLLALLVALLFALLSTLILI,24344.76985264529,1242.6552211494804,22.619629385640888
LLLVLLLTGLLFALLAYLILI,LLLVLLLTGLLFALLIYLILI,GAS,clash,16.1446,-262.909,431511000.0,431511000.0,-58.7499,-273.004,-354.714,4222.9,-50.4027,-22.9601,3211.96,4238.01,55.2011,5.23232,3211.96,4238.01,55.2011,5.23232,-20.5014,1.10011e+17,15,A,128.75762,0.819876446,,,,,0.1301989640229693,0.0318818757920404,G,-18.80997653593904,LLLLTLLVGLLFALLYGLILI,18631.78271621863,1492.366860769544,22.491098457714
LLLSYLLFLLLGVLLGSLILI,LLLSYLLFLLLIVLLGSLILI,GAS,clash,14.7152,-266.864,434178000.0,434178000.0,-60.3605,-290.815,-377.575,4183.02,-47.638,-26.3997,3185.34,4134.02,52.3746,0.290534,3185.58,4135.28,39.4981,0.217901,-22.471,1.10011e+17,11,G,129.977266,0.223028254,,,,,0.2114732047987708,0.1132311914953959,G,99999900.0,LLLAGLLFLLLGTLLGSLILI,19284.842115816296,2251.996341932316,19.3493840911194
LLLSTLLGFLLGVLLGLLILI,LLLSTLLGFLLGVLLILLILI,GAS,clash,18.4352,-267.152,436610000.0,436610000.0,-44.9056,-265.757,-347.482,4177.1,-58.1671,-36.8189,3025.27,4015.67,59.4859,1.18789,3025.2,3997.46,39.1344,1.19845,-30.979,1.10011e+17,15,G,128.53251,0.915731065,,,,,1.5898635012562512,0.8873953244438858,G,99999900.0,LLLALLLGFLLGTLLGVLILI,31903.30348079421,7758.847829956219,141.70868423671362
LLLLYVLTSLLAILLFLLILI,LLLLYVLTILLAILLFLLILI,Left,clash,16.1959,-274.853,462324000.0,462324000.0,-58.8529,-278.68,-366.134,4256.57,-49.5229,-28.601,3237.8,4177.4,50.3945,5.01172,3237.0,4183.66,60.1062,4.79382,-31.9172,1.1011e+16,8,S,126.31788,3.816138936,,,,,0.1899517645777994,0.232746886743793,L,9553292247580.188,LLLLWILTYLLAVLLFLLILI,27695.357167007616,1371.0062162653664,2.0750938784117583
LLLTFLLALLLGYLLGSLILI,LLLTFLLALLLIYLLGSLILI,GAS,clash,16.3974,-263.345,476889000.0,476889000.0,-60.2601,-292.291,-379.326,4146.85,-46.2251,-26.7749,3231.13,4091.31,60.0901,0.0,3231.13,4074.17,40.3596,0.0,-9.74901,1.10011e+17,11,G,130.2678,0.0,,,,,0.1671571252991178,0.1078875654678173,G,99999900.0,LLLAGLLFLLLGTLLGSLILI,18869.485517598903,2174.7887887586685,13.38030373827397
LLLYSLLVALLFTLLFLLILI,LLLYSLLVALLFILLFLLILI,Right,clash,16.1619,-271.798,490616000.0,490616000.0,-45.0712,-278.562,-340.048,4371.05,-50.8396,-16.4144,3455.86,4373.18,45.1987,9.29838,3445.66,4379.2,66.4958,14.7663,-11.9863,1.10011e+17,12,T,120.52362,7.162406988,,,,,-0.0489151740053426,0.546074478838292,R,99999900.0,LLLTYLLAVLLAILLFLLILI,23456.65775576762,939.31240246484,28.2565512166309
LLLYSLLLILLAVLLTFLILI,LLLYSLLLILLAVLLIFLILI,Right,clash,16.5634,-275.057,494524000.0,494524000.0,-45.101,-276.761,-353.019,4347.94,-45.101,-31.1577,3618.56,4281.2,63.4824,31.5139,3589.79,4321.95,94.6841,31.4972,-9.72298,1.10011e+17,15,T,98.2065,24.29371171,,,,,0.0707423485684627,0.2577117174720221,R,15436206249899.988,LLLYALLTVLLALLLSFLILI,23633.359202135653,477.1537952344425,21.197332643905494
LLLYWLLVALLAFLLSLLILI,LLLYWLLVALLIFLLSLLILI,Right,clash,20.5391,-274.39,514525000.0,514525000.0,-60.3026,-288.186,-371.851,4336.9,-45.0342,-23.3616,3523.96,4352.15,53.6632,4.69585,3523.96,4352.15,53.6632,4.69585,-12.0787,1.10011e+17,11,A,125.57195,3.604766489,,,,,0.2475921313789103,0.0585848293821005,R,99999900.0,LLLAYLLTVLLAFLLSLLILI,24480.24802368635,1670.8361164309113,17.275338362034205
LLLFYLLGVLLGLLLASLILI,LLLFYLLGVLLILLLASLILI,GAS,clash,13.5545,-254.016,558967000.0,558967000.0,-60.32,-286.324,-370.741,4268.61,-47.8134,-24.0967,3187.04,4227.12,54.4575,0.0,3187.04,4209.22,34.2449,0.0,-17.4846,1.10011e+17,11,G,130.2678,0.0,,,,,0.1339984638506062,0.0533298917576379,G,-47.99367755301903,LLLTYLLAVLLGLLLAFLILI,18192.10870825325,1774.434856679539,14.178306040268067
LLLSTLLGLLLGVLLGILILI,LLLSTLLILLLGVLLGILILI,GAS,clash,20.0619,-266.781,559246000.0,559245000.0,-44.9498,-268.175,-368.627,4058.0,-54.447,-55.5024,3094.19,3881.63,58.3584,3.30097,3094.38,3863.4,37.9061,3.3736,-26.0226,1.10011e+17,7,G,126.29443,2.547135161,,,,,0.4317629080730537,0.0493707391429638,G,9691835160455.848,LLLAGLLFLLLGTLLGSLILI,21758.408850865824,2386.482353664271,68.71676581863683
LLLAILLVTLLFTLLSLLILI,LLLAILLVILLFTLLSLLILI,Right,clash,11.7217,-261.092,566718000.0,566717000.0,-74.156,-278.736,-389.023,4142.19,-49.6255,-36.1311,3326.06,4108.19,48.2118,12.3404,3316.91,4121.06,72.0305,15.2779,-11.9177,1.10011e+17,8,T,118.9892,9.396510764,,,,,0.3489431361064219,0.0585857317073948,R,-46.76562332855551,LLLAYLLTVLLAFLLSLLILI,24931.900580777165,1706.9138614904211,25.76780787713064
LLLLILLTALLYVLLFLLILI,LLLLILLTILLYVLLFLLILI,Left,clash,12.8467,-276.547,574472000.0,574472000.0,-58.9066,-282.804,-377.673,4309.32,-55.4067,-35.9621,3336.66,4259.58,51.073,13.3078,3336.66,4259.58,51.073,13.3078,-17.389,1.1011e+16,8,A,118.0218,10.13313069,,,,,0.8480032122449,0.5610753487105772,L,99999900.0,LLLLWILTYLLAVLLFLLILI,33300.105569624466,3186.7468686405623,36.903180928314185
LLLTFLLGILLGVLLSLLILI,LLLTFLLIILLGVLLSLLILI,GAS,clash,21.4266,-266.195,575639000.0,575639000.0,-60.3629,-278.438,-380.062,4163.53,-47.8218,-41.261,3218.6,4025.59,54.2534,0.0,3218.6,4019.55,39.7167,0.0,-7.29132,1.10011e+17,7,G,129.5954,0.0,,,,,0.3606090379124912,0.1049047607486524,G,99999900.0,LLLTGLLFGLLAILLSLLILI,20002.648009804896,979.4579980768438,64.02170248511744
LLLLSYLLFVLATLLLILILI,LLLLIYLLFVLATLLLILILI,Left,clash,26.853,-276.206,586226000.0,586225000.0,-58.8946,-276.786,-360.636,4331.68,-49.6308,-24.9556,3248.73,4264.41,57.1845,2.95891,3242.8,4269.22,67.3926,4.10139,-13.3019,1.10011e+16,4,S,135.51629,2.136779727,,,,,0.2230146250682869,0.1640670817644862,L,99999900.0,LLLLLALLFVLTSLLAILILI,27776.92137579912,1389.6756528798453,8.750334218641331
LLLLWYLVSLLILLTFLLILI,LLLLWYLVILLILLTFLLILI,Left,clash,13.3259,-280.78,608046000.0,608046000.0,-59.0105,-289.523,-371.343,4384.08,-49.9497,-22.8095,3364.57,4273.38,31.8931,14.0473,3359.13,4270.69,32.0789,16.9992,-19.6397,1.1011e+16,8,S,117.2823,10.69621776,,,,,0.2521370683297868,0.156257119743303,L,5.946789713912539,LLLLAYLVILLFTLLSLLILI,28245.152843424363,961.0386409984194,11.58351062367256
LLLWTLLVFLLAILLSLLILI,LLLWTLLVFLLIILLSLLILI,Right,clash,20.6616,-278.547,632360000.0,632360000.0,-60.4392,-287.373,-386.013,4279.79,-45.0711,-38.2008,3372.84,4114.39,45.7725,1.80324,3372.84,4114.39,45.7725,1.80324,-5.52392,1.10011e+17,11,A,128.46456,1.384256125,,,,,0.2408346847592077,0.1285404856993668,R,99999900.0,LLLTALLVALLFALLSLLILI,24150.94651229333,2059.903268917776,12.564187012914008
LLLTFLLGLLLGVLLSILILI,LLLTFLLGLLLIVLLSILILI,GAS,clash,18.5832,-262.146,687303000.0,687303000.0,-60.3583,-275.444,-375.648,4191.84,-51.2582,-39.8455,3196.68,4054.55,52.4996,5.61864,3198.01,4037.26,32.0657,5.18284,-20.4286,1.10011e+17,11,G,124.64916,4.313145689,,,,,0.3991302898384893,0.0687151073786342,G,13257661485416.01,LLLYALLFLLLGTLLSILILI,20660.458257060032,1321.471230569235,65.92581250828303
LLLYLLLGALLGTLLSFLILI,LLLYLLLGALLGTLLIFLILI,GAS,clash,14.8871,-262.093,700545000.0,700545000.0,-58.7234,-269.047,-344.54,4263.62,-55.2402,-16.7699,3419.9,4112.56,59.1023,15.9864,3418.96,4122.3,70.3474,15.2333,-18.6621,1.10011e+17,15,S,113.734,12.32373628,,,,,0.1230427763791997,0.1955158063667771,G,-99.99883722734472,LLLYSLLALLLGTLLGFLILI,19587.22879886399,2632.67085728191,38.47495191899763
LLLLYLLLAVLTILLSLLILI,LLLLYLLLAVLTILLILLILI,Left,clash,12.8542,-275.376,714185000.0,714184000.0,-59.0012,-276.117,-381.584,4239.15,-54.2963,-46.4658,3390.46,4155.99,56.5454,30.5149,3389.51,4157.21,63.4748,30.4516,-10.5232,1.10011e+16,15,S,99.2055,23.52359382,,,,,2.597460593821022,0.4766761243009172,L,99999900.0,LLLLALLLFVLTWLLSLLILI,40541.72425709325,7731.650623714175,239.9779541879973
LLLYALLFLLLGTLLSILILI,LLLYALLFLLLITLLSILILI,GAS,clash,15.0945,-269.598,742393000.0,742393000.0,-74.0819,-282.919,-381.076,4285.29,-51.2868,-24.075,3439.63,4251.35,43.5213,3.77695,3441.04,4253.75,30.1583,2.61481,-9.67379,1.10011e+17,11,G,126.49085,2.899373445,,,,,0.1908227214896769,0.057556097931303,G,5.318782020876848,LLLAGLLFLLLGTLLGSLILI,19450.29728504677,2227.077720486296,22.10553804904401
LLLTYLLGLLLGFLLASLILI,LLLTYLLGLLLIFLLASLILI,GAS,clash,18.6309,-266.909,748128000.0,748128000.0,-60.2963,-288.394,-374.794,4176.44,-46.5878,-26.1037,3329.68,4199.34,57.5296,3.11999,3329.81,4178.85,36.341,3.11999,-5.67396,1.10011e+17,11,G,127.14781,2.395058487,,,,,0.107018887207321,0.0159144726849619,G,-51.31595872970699,LLLTYLLAVLLGLLLAFLILI,18422.527444061947,1693.525603086255,14.101312928194634
LLLTYLLVFLLALLLSILILI,LLLTYLLVFLLILLLSILILI,Right,clash,18.3037,-276.458,771716000.0,771716000.0,-60.3544,-285.019,-378.499,4267.55,-45.0692,-33.1257,3354.03,4223.75,45.0746,0.0,3354.03,4223.75,45.0746,0.0,-7.70203,1.10011e+17,11,A,130.2678,0.0,,,,,-0.0537403516656189,0.4896342004514618,R,99999900.0,LLLTYLLVFLLALLLASLILI,23533.64649272695,972.8566963187516,24.508106779581457
LLLSYLLVALLGLLLGFLILI,LLLSYLLVALLGLLLIFLILI,GAS,clash,13.2964,-264.769,772685000.0,772684000.0,-44.9412,-271.636,-345.22,4207.42,-50.8606,-28.6435,3331.19,4200.93,63.3134,17.4325,3334.73,4180.76,42.0522,17.7858,-29.9073,1.10011e+17,15,G,112.2879,13.43851854,,,,,0.2607920171812707,0.0988260854575634,G,-43.91819557388572,LLLTYLLAVLLGLLLAFLILI,21015.066031969447,3253.09137318914,48.69092110296143
LLLYFLLAVLLGLLLGSLILI,LLLYFLLIVLLGLLLGSLILI,GAS,clash,26.8982,-264.777,802421000.0,802420000.0,-60.2613,-288.894,-369.626,4255.75,-46.8371,-20.4707,3268.14,4161.48,57.636,0.0,3268.14,4161.48,57.636,0.0,-16.4919,1.10011e+17,7,A,129.5954,0.0,,,,,0.1482781008776224,0.0810359516798533,G,-30.8233607950181,LLLALLLTVLLGGLLFSLILI,18678.41733813421,2005.0131700684915,13.396196783741727
LLLAYLLGVLLGLLLGSLILI,LLLAYLLGVLLILLLGSLILI,GAS,clash,13.3868,-255.607,813337000.0,813336000.0,-60.2742,-283.607,-379.384,4107.45,-50.0366,-35.5025,3153.68,4027.68,59.1019,0.0,3153.68,4008.56,38.3093,0.0,-26.7388,1.10011e+17,11,G,130.2678,0.0,,,,,0.3681552854469838,0.1069488323647283,G,99999900.0,LLLALLLTVLLGGLLFSLILI,19476.36188732685,1430.1842285363202,65.34570229520402
LLLLYLLLAVLTILLSLLILI,LLLLYLLLIVLTILLSLLILI,Left,clash,12.8799,-277.408,865796000.0,865795000.0,-74.3572,-285.058,-404.39,4200.61,-57.2703,-44.9741,3389.51,4157.21,49.9415,21.1276,3389.51,4157.21,49.9415,21.1276,-10.5232,1.10011e+16,8,A,110.202,16.08746238,,,,,0.3465207486383741,0.3574310360143706,L,99999900.0,LLLLALLLFVLTWLLSLLILI,30087.58687569008,1791.768354396292,7.669002898018171
LLLLYWLLAVLLSLLFTLILI,LLLLYWLLIVLLSLLFTLILI,Left,clash,30.3689,-283.623,871056000.0,871056000.0,-74.2539,-294.592,-388.282,4309.16,-52.4215,-19.4363,3504.5,4205.23,58.2947,38.9837,3504.5,4205.23,58.2947,38.9837,-15.0364,1.10011e+16,8,A,92.3459,29.68386411,,,,,0.3236164127592447,0.3743383280524963,L,18998407692207.707,LLLLALLLYVLTSLLFLLILI,30573.039580652858,2555.592751509232,4.818270787828074
LLLLYWLLAVLLSLLFTLILI,LLLLYWLLAVLLILLFTLILI,Left,clash,30.2052,-281.595,871070000.0,871070000.0,-58.9034,-291.215,-372.394,4303.13,-49.6129,-22.2754,3505.8,4200.95,48.4496,16.0255,3504.5,4205.23,58.2318,16.0949,-15.0364,1.10011e+16,12,S,113.7965,12.34420976,,,,,0.3111504985516101,0.0240862376819368,L,99999900.0,LLLLAVLLALLLILLSTLILI,29707.39364457239,1271.3194900933856,26.83792036402527
LLLTYLLIALLLALLFVLILI,LLLTYLLIILLLALLFVLILI,Right,clash,16.9827,-274.886,872124000.0,872124000.0,-45.0398,-278.249,-358.823,4273.1,-45.0398,-35.5343,3281.49,4248.01,50.2565,6.33423,3281.49,4248.01,50.2565,6.33423,-7.37369,1.10011e+17,8,A,118.8669,8.438554328,,,,,0.3854832067265306,0.1599423056018362,R,20581608333233.32,LLLTYLLAVLLAILLFLLILI,25227.068525920586,880.7035145738525,41.77756140184192
LLLVYLLTALLLALLSFLILI,LLLVYLLTALLLILLSFLILI,Right,clash,16.3087,-270.859,872202000.0,872202000.0,-74.1517,-281.585,-376.06,4235.42,-49.4479,-20.3241,3279.16,4140.91,55.1075,13.3359,3279.16,4140.91,55.1075,13.3359,-15.6341,1.10011e+17,12,A,116.4861,10.27244997,,,,,0.0514876773808888,0.347866234235971,R,22452663636263.64,LLLYALLTVLLALLLSFLILI,23849.824683576066,487.63347938574856,24.925643065559367
LLLAYLLFTLLAVLLSLLILI,LLLIYLLFTLLAVLLSLLILI,Right,clash,21.7457,-262.977,872815000.0,872814000.0,-74.2087,-282.754,-377.007,4227.62,-49.6004,-20.044,3369.28,4226.25,66.3022,44.4811,3369.28,4226.25,66.3022,44.4811,-6.33878,1.10011e+17,3,A,123.61723,5.105306146,,,,,1.829232069665307,1.9392486962461,R,99999900.0,LLLSYLLFVLLALLLATLILI,30114.906517937867,10065.98234051918,38.37527930817205
LLLAYLLFTLLAVLLSLLILI,LLLAYLLFTLLIVLLSLLILI,Right,clash,15.6716,-265.71,876183000.0,876183000.0,-74.2087,-281.347,-378.321,4212.68,-49.6004,-22.7653,3369.28,4226.25,44.5138,6.65057,3369.28,4226.25,44.5138,6.65057,-6.33878,1.10011e+17,11,A,123.61723,5.105306146,,,,,2.1590756518144696,1.703319883598071,R,99999900.0,LLLAYLLTVLLAFLLSLLILI,31201.350045289484,9958.1757626498,79.99287532586936
LLLLLALLFVLTSLLYLLILI,LLLLLILLFVLTSLLYLLILI,Left,clash,19.1062,-275.158,880264000.0,880263000.0,-74.2961,-282.084,-385.446,4245.65,-53.7529,-29.0661,3329.92,4179.24,53.3969,26.7137,3329.92,4179.24,53.3969,26.7137,-14.7041,1.10011e+16,5,A,103.5811,20.50250662,,,,,0.2465898097868302,0.1001158289973666,L,22795790908990.91,LLLLLALLFVLTSLLAILILI,28370.23583282913,511.3679332756712,14.376265083576092
LLLLFWLLAVLTALLYLLILI,LLLLFWLLIVLTALLYLLILI,Left,clash,29.4015,-280.429,882809000.0,882809000.0,-58.9455,-284.577,-365.148,4329.6,-49.8358,-21.6258,3214.47,4196.85,53.7834,18.8081,3214.47,4196.85,53.7834,18.8081,-19.9151,1.10011e+16,8,A,123.43024,4.923479842,,,,,0.2667008579589447,0.0184692864485841,L,-59.06218347088683,LLLLALLLFVLTWLLSLLILI,28348.215862388955,704.7078026920179,20.742145544035942
LLLYVLLTILLALLLSFLILI,LLLYVLLTILLILLLSFLILI,Right,clash,11.5448,-270.117,883615000.0,883615000.0,-74.2348,-288.245,-388.669,4288.56,-49.6537,-26.1892,3709.45,4257.5,47.6614,4.80019,3709.45,4257.5,47.6614,4.80019,-7.67668,1.10011e+17,11,A,125.46761,3.684863028,,,,,0.2149031668980755,0.1920765307208788,R,99999900.0,LLLYALLTVLLALLLSFLILI,24307.774460360382,761.2110569233737,29.38809358678467
LLLFALLLVLITLLYSLLILI,LLLFALLIVLITLLYSLLILI,Left,clash,20.3902,-272.797,908751000.0,908750000.0,-74.2971,-281.631,-375.04,4252.46,-49.6937,-19.1119,3421.08,4148.64,42.3222,8.63087,3374.2,4145.18,80.6288,16.0533,-17.2718,1.10011e+17,7,L,120.96453,6.659858297,,,,,0.3586505091556945,0.0822010249589839,L,-36.689652128721285,LLLYTLLAVLIALLLSLLILI,28635.184445181687,1407.8971999736548,24.57624522703389
LLLSYLLTALLGALLGFLILI,LLLSYLLTALLIALLGFLILI,GAS,clash,13.119,-259.384,916692000.0,916692000.0,-58.6186,-275.052,-349.027,4139.79,-53.1536,-15.3556,3279.64,4133.07,60.6574,11.6725,3283.26,4114.96,40.6672,10.1419,-12.2521,1.10011e+17,11,G,118.5953,8.960387755,,,,,0.2101426942281051,0.1363044402337754,G,99999900.0,LLLSYLLTVLLGTLLAFLILI,20124.10054869901,2403.9321629388032,45.13515517778808
LLLAYLLVFLLGLLLGSLILI,LLLAYLLVFLLGLLLISLILI,GAS,clash,10.6102,-259.499,918826000.0,918826000.0,-60.3448,-279.711,-364.861,4219.58,-54.3426,-24.8055,3106.44,4132.49,62.5088,8.93867,3107.04,4113.64,41.8214,8.63757,-33.0247,1.10011e+17,15,G,120.78173,6.890720349,,,,,0.5546691863815412,0.0534341146545972,G,-45.83884817293231,LLLALLLTVLLGGLLFSLILI,22155.433063236625,2166.5588918170088,76.11042812766652
LLLTALLAFLLGVLLGLLILI,LLLTALLAFLLGVLLILLILI,GAS,clash,17.5917,-264.865,995693000.0,995692000.0,-44.9299,-264.973,-350.482,4139.91,-54.3915,-40.5793,3082.23,4012.37,59.6365,2.15499,3082.21,3994.14,39.1908,2.2045,-21.538,1.10011e+17,15,G,127.56541,1.661257597,,,,,0.6474523870796612,0.2954378042550148,G,-57.44924227982281,LLLTYLLAVLLGLLLAFLILI,22572.294128923742,530.509693094382,126.09717510381194
LLLSYLLVFLLALLLATLILI,LLLSYLLVFLLALLLITLILI,Right,clash,26.2844,-282.182,1015400000.0,1015400000.0,-58.8168,-280.942,-365.156,4250.69,-49.5427,-25.3977,3306.26,4173.1,62.4722,40.1082,3306.26,4173.1,62.4722,40.1082,-17.4457,1.10011e+17,15,A,130.2678,0.0,,,,,0.2626268563996481,0.1008400296619733,R,-48.318212058508855,LLLSYLLFVLLALLLATLILI,24528.47721702028,1104.93294499824,27.981184385328312
LLLTFLLAVLLGLLLGSLILI,LLLTFLLAVLLILLLGSLILI,GAS,clash,15.1681,-259.424,1018260000.0,1018260000.0,-60.2706,-284.162,-381.884,4140.34,-49.263,-37.4515,3194.4,4029.29,58.1207,0.0,3194.4,4011.67,38.3156,0.0,-21.6354,1.10011e+17,11,G,130.2678,0.0,,,,,0.3174682397497726,0.0112378358987126,G,16066770638033.271,LLLTYLLAVLLGLLLAFLILI,20170.888036855584,1693.8610181668978,47.9166871438144
LLLFALLLVLITLLYSLLILI,LLLFALLLVLIILLYSLLILI,Left,clash,20.2058,-273.659,1019420000.0,1019420000.0,-60.4754,-287.428,-374.674,4382.31,-45.1577,-26.7707,3384.64,4116.68,51.0516,18.9771,3374.2,4145.18,81.4301,27.6428,-17.2718,1.10011e+17,11,T,111.2907,14.56775965,,,,,0.0445248722160802,0.8707400703711643,L,5.071311255251637,LLLVALLLILTFLLASLLILI,28453.173853420103,6144.735547072686,53.99207444143348
LLLSYLLVFLLALLLATLILI,LLLSYLLVFLLILLLATLILI,Right,clash,26.2997,-282.181,1025160000.0,1025160000.0,-58.8168,-287.469,-372.904,4214.94,-49.5427,-26.6184,3306.26,4173.1,46.0244,0.0,3306.26,4173.1,46.0244,0.0,-17.4457,1.10011e+17,11,A,130.2678,0.0,,,,,0.3117856472538052,0.0415956254619535,R,-61.715002285725575,LLLSYLLFVLLALLLATLILI,24971.01650145268,1289.537757204737,28.59008184752696
LLLYFLLTILLGVLLALLILI,LLLYFLLTILLIVLLALLILI,GAS,clash,12.3992,-265.092,1059580000.0,1059580000.0,-58.7793,-280.213,-365.872,4273.42,-50.9329,-26.8802,3389.43,4259.14,55.6437,0.570188,3389.43,4242.47,36.6081,0.570188,-18.4887,1.10011e+17,11,G,129.697612,0.437704483,,,,,0.2356512959901878,0.0815382945959411,G,18184602971947.58,LLLFVLLTILLGALLSLLILI,18804.738674546494,1119.4644250430963,43.18898982785072
LLLALLLGLLLGTLLGFLILI,LLLALLLGLLLGTLLIFLILI,GAS,clash,15.9921,-259.857,1066410000.0,1066410000.0,-58.691,-266.083,-360.777,4158.02,-57.8149,-36.0027,3196.51,4021.42,61.069,8.54922,3198.4,4002.16,40.5652,8.88503,-24.8153,1.10011e+17,15,G,121.17118,6.590497717,,,,,0.3305395390017049,0.002561791236376,G,42.89706177158635,LLLALLLTVLLGGLLFSLILI,20318.784358201032,1775.822800404692,48.938060376072826
LLLSYLLVALLTFLLTLLILI,LLLSYLLIALLTFLLTLLILI,Right,clash,18.1379,-273.38,1070710000.0,1070710000.0,-72.693,-281.808,-373.486,4223.09,-55.2152,-18.9846,3476.92,4128.64,51.759,25.6288,3459.21,4148.23,81.085,44.5237,-11.0706,1.10011e+17,7,V,103.9666,19.77601057,,,,,4.27596105192025,4.911865216075312,R,99999900.0,LLLAYLLTVLLAFLLSLLILI,38382.94026853955,20010.686240774583,649.3279528674849
LLLSYLLVFLLATLLSLLILI,LLLSYLLVFLLATLLILLILI,Right,clash,16.1187,-271.433,1085020000.0,1085020000.0,-58.7884,-275.127,-359.293,4256.1,-49.5282,-25.378,3363.37,4216.33,59.6335,31.9216,3359.74,4225.05,69.8734,32.5238,-15.6525,1.10011e+17,15,S,97.7988,24.60800306,,,,,4.528902241979528,5.606581436120644,R,99999900.0,LLLSYLLFVLLALLLATLILI,39419.74429209332,26349.64190493032,47.2971014235377
LLLSYLLVFLLATLLSLLILI,LLLSYLLVFLLITLLSLLILI,Right,clash,16.1211,-273.463,1085350000.0,1085350000.0,-74.0414,-283.162,-381.131,4225.26,-49.5282,-23.928,3359.74,4225.05,45.4497,0.123505,3359.74,4225.05,45.4497,0.123505,-15.6525,1.10011e+17,11,A,130.144295,0.094808541,,,,,0.2515638163152722,0.0648055609488253,R,16608274828840.293,LLLTYLLVFLLALLLASLILI,24551.10236491267,1207.503630858541,24.919108652658966
LLLLSTLTSLLAVLLFLLILI,LLLLSTLTILLAVLLFLLILI,Left,clash,21.9856,-273.005,1095480000.0,1095480000.0,-58.9219,-272.906,-370.95,4154.37,-51.9046,-39.1229,3232.5,4057.13,59.6463,14.6289,3229.94,4064.54,69.5269,15.1928,-17.931,1.1011e+16,8,S,116.7007,11.13907299,,,,,0.3737917376113397,0.0172054211338464,L,-47.541231488701705,LLLLWILTYLLAVLLFLLILI,28787.84485711997,1231.7580225019667,29.572857959681286
LLLLLFLTALLYVLISLLILI,LLLLLFLTILLYVLISLLILI,Left,clash,14.4969,-273.191,1111820000.0,1111820000.0,-74.2211,-284.529,-384.939,4264.96,-50.1256,-26.1887,3446.22,4227.07,51.7971,7.48126,3446.22,4227.07,51.7971,7.48126,-15.3504,1.1011e+16,8,A,123.84834,5.696552795,,,,,0.5024575556990851,0.3532173236490122,L,99999900.0,LLLLALLTILLFVLASLLILI,31330.063450583635,2046.1012421949813,20.664791402872684
LLLTYLLAFLLGVLLGLLILI,LLLTYLLAFLLGVLLILLILI,GAS,clash,19.9318,-271.824,1132230000.0,1132230000.0,-44.9207,-271.9,-345.073,4256.15,-54.6171,-28.2524,3103.57,4123.0,59.4889,0.0,3103.61,4104.06,38.9914,0.0389564,-25.4978,1.10011e+17,15,G,129.7204,0.0,,,,,0.4529674555044548,0.28178008351754,G,20155873716385.79,LLLTYLLAVLLGLLLAFLILI,20640.960956346844,114.39218144093644,96.03759034056714
LLLVYLLTALLLALLSFLILI,LLLVYLLTILLLALLSFLILI,Right,clash,16.3744,-270.859,1137460000.0,1137460000.0,-74.1591,-283.573,-380.787,4221.95,-49.4479,-23.0552,3279.16,4140.91,44.8485,2.65905,3279.16,4140.91,44.8485,2.65905,-15.6341,1.10011e+17,8,A,116.4861,10.27244997,,,,,0.4181229643673165,0.167538152743241,R,19288746153746.164,LLLYALLTVLLALLLSFLILI,25437.977031739425,844.7780783896176,44.96260994372943
LLLYLLLATLLFVLLSLLILI,LLLYLLLAILLFVLLSLLILI,Right,clash,12.7626,-266.08,1141190000.0,1141190000.0,-60.4494,-282.008,-374.918,4348.18,-45.0959,-32.4608,3524.0,4257.33,54.9864,24.1987,3494.54,4281.86,82.9136,28.7129,-7.44257,1.10011e+17,8,T,107.1309,18.42592987,,,,,0.2210582751209049,0.0154106327393707,R,-39.550720235179625,LLLYLLLTVLLAFLLSILILI,24522.3764925128,1489.932833405396,17.610084655069482
LLLSYLLILLLGTLLAFLILI,LLLSYLLILLLITLLAFLILI,GAS,clash,15.7663,-271.894,1155070000.0,1155070000.0,-58.7724,-281.86,-369.708,4237.32,-49.5098,-29.0747,3410.56,4238.48,54.277,0.435802,3410.57,4225.88,36.3919,0.145267,-27.8576,1.10011e+17,11,G,129.831998,0.334543149,,,,,0.2472208452668102,0.0124023777464786,G,-62.50088019168844,LLLYSLLALLLGTLLGFLILI,19293.50413291261,1611.6597715541593,35.1114677614998
LLLTYLLAVLLGILLGLLILI,LLLTYLLAVLLGILLILLILI,GAS,clash,14.0815,-264.213,1207510000.0,1207510000.0,-44.9369,-270.939,-360.722,4211.63,-54.1325,-44.8462,3152.85,4068.38,59.8676,0.541467,3152.79,4049.62,39.342,0.546746,-21.372,1.10011e+17,15,G,129.178933,0.417410831,,,,,0.2635915525309691,0.022296213805947,G,-76.13556773751776,LLLTGLLFGLLAILLSLLILI,19440.156753636074,1678.0992033800471,36.491876009233
LLLLYLLLAILTVLLSLLILI,LLLLYLLLIILTVLLSLLILI,Left,clash,12.6333,-277.158,1232890000.0,1232890000.0,-74.2975,-282.968,-401.974,4212.73,-51.5563,-44.7083,3475.5,4162.78,51.2317,25.9524,3475.5,4162.78,51.2317,25.9524,-9.12485,1.10011e+16,8,A,105.3772,19.7612724,,,,,3.8072947862039,6.3934091209969885,L,99999900.0,LLLLALLTILLFVLASLLILI,42849.79022113329,30309.75429386934,681.0529913842605
LLLYTLLAVLIALLLSLLILI,LLLYTLLAVLIILLLSLLILI,Left,clash,23.4807,-279.215,1266650000.0,1266650000.0,-60.3479,-281.039,-386.668,4248.48,-45.0195,-45.281,3363.02,4114.91,50.141,11.8393,3363.02,4114.91,50.141,11.8393,-11.3191,1.10011e+17,11,A,118.4285,9.088431677,,,,,0.2362008911097025,0.0073988585238853,L,22452663636263.64,LLLTSLLAVLLALLFSLLILI,27417.89932360436,1907.7556125591047,18.888085766872106
LLLVALLLLLFLLLTSLLILI,LLLVALLLLLFILLTSLLILI,Left,clash,19.3696,-272.117,1270650000.0,1270650000.0,-74.3089,-282.127,-398.707,4135.57,-49.9312,-42.2711,3311.31,4113.78,51.2037,3.86014,3307.39,4165.2,107.812,5.80596,-7.38901,1.10011e+17,11,L,126.40766,2.963234199,,,,,0.3590719324903073,0.2011038683209462,L,17243034246632.78,LLLVALLLILTFLLASLLILI,29330.112905150127,869.7314283171729,17.735097294443516
LLLSTLLGALLGLLLAVLILI,LLLSTLLGALLILLLAVLILI,GAS,clash,16.2625,-259.566,1304730000.0,1304730000.0,-44.8908,-264.605,-363.806,4074.81,-51.9813,-54.3101,3141.43,3901.25,54.987,1.04563,3141.51,3882.81,34.194,1.04563,-14.0094,1.10011e+17,11,G,129.22217,0.802677254,,,,,0.3750541035763134,0.0870650777006474,G,-24.96199113934373,LLLFYLLGVLLGLLLASLILI,21056.285344544383,1916.7370439916035,64.29124087980692
LLLYALLVLLLGTLLAFLILI,LLLYALLVLLLITLLAFLILI,GAS,clash,13.1734,-264.701,1313250000.0,1313250000.0,-58.7698,-278.12,-361.543,4258.49,-51.6119,-24.6533,3554.92,4250.45,54.8936,1.23477,3555.56,4236.88,36.7369,0.581069,-12.827,1.10011e+17,11,G,129.03303,0.947870464,,,,,0.1108013344450557,0.0543849578629971,G,-23.45005450157424,LLLYSLLALLLGTLLGFLILI,18488.89325205135,1396.1389524968586,21.977858113096275
LLLTSLLLGLLFALLAYLILI,LLLTSLLLGLLFALLIYLILI,GAS,clash,15.639,-271.411,1320050000.0,1320050000.0,-44.9453,-272.443,-348.344,4172.3,-49.5986,-30.9557,3232.71,4199.12,55.4942,4.42807,3232.71,4199.12,55.4942,4.42807,-21.9286,1.10011e+17,15,A,128.78401,0.799548613,,,,,0.1136444440306409,0.0125241022003567,G,-4.734873224535471,LLLASLLVGLLFLLLGLLILI,18352.980359801026,1472.975685157962,18.03794227962897
LLLLYLLIALLTVLFSLLILI,LLLLYLLIILLTVLFSLLILI,Left,clash,15.0999,-278.132,1327630000.0,1327630000.0,-74.3122,-285.662,-386.432,4215.69,-53.3852,-26.4577,3549.12,4264.85,56.5465,26.0149,3549.12,4264.85,56.5465,26.0149,-7.80507,1.1011e+16,8,A,105.3147,19.80886259,,,,,1.1508648431693718,1.4371332986495742,L,99999900.0,LLLVALLTILLALLFSLLILI,33348.680679881494,9420.529372670517,11.012011782713977
LLLVALLLFLTALLLSLLILI,LLLVALLLFLTILLLSLLILI,Left,clash,19.8167,-272.118,1327910000.0,1327910000.0,-74.1799,-279.136,-394.56,4173.48,-49.5982,-41.244,3262.05,4074.27,51.3401,11.8888,3262.05,4074.27,51.3401,11.8888,-13.5361,1.10011e+17,11,A,118.379,9.126430323,,,,,0.4210658964727852,0.0882887500788734,L,99999900.0,LLLVALLLILTFLLASLLILI,30657.07421366904,1689.9502208504796,39.5390707792682
LLLVALLLFLTALLLSLLILI,LLLVILLLFLTALLLSLLILI,Left,clash,24.8031,-271.011,1327910000.0,1327910000.0,-74.1799,-279.166,-391.599,4175.7,-49.5982,-38.2537,3262.05,4074.27,53.8159,16.9038,3262.05,4074.27,53.8159,16.9038,-13.5361,1.10011e+17,4,A,118.379,9.126430323,,,,,0.1741699152776656,0.1487813067836221,L,18198048485672.984,LLLVALLLILTFLLASLLILI,28235.656805184382,322.4115479349928,5.6398408257624455
LLLYLLLGALLAFLLSTLILI,LLLYLLLGALLIFLLSTLILI,GAS,clash,16.5864,-263.775,1334970000.0,1334970000.0,-74.0462,-290.66,-381.112,4287.63,-50.9262,-16.4057,3515.52,4208.62,58.992,12.2159,3515.52,4208.62,58.992,12.2159,-12.4366,1.10011e+17,11,A,128.17231,1.608601665,,,,,0.0314265314039999,0.1428594985554797,G,99999900.0,LLLTVLLGALLGILLSLLILI,19416.59221929715,3611.071549591048,19.502049491784
LLLTYLLAVLLGLLLGFLILI,LLLTYLLAVLLILLLGFLILI,GAS,clash,15.7759,-267.195,1340600000.0,1340600000.0,-44.9568,-279.129,-353.108,4215.71,-49.8673,-29.0223,3232.9,4181.8,58.4393,0.0,3232.9,4163.93,38.5117,0.0,-25.681,1.10011e+17,11,G,130.2678,0.0,,,,,0.1813243906079967,0.1759740687347596,G,99999900.0,LLLYSLLALLLGTLLGFLILI,18742.10992330561,585.6428255043121,45.02212158540512
LLLYFLLGVLLGLLLSTLILI,LLLYFLLIVLLGLLLSTLILI,GAS,clash,25.8119,-264.529,1362850000.0,1362850000.0,-74.1291,-292.696,-384.185,4289.13,-55.7684,-17.3601,3229.9,4216.49,60.2806,0.0,3229.9,4200.09,40.6325,0.0,-29.5179,1.10011e+17,7,G,129.5954,0.0,,,,,0.2389686338168447,0.0497766810389146,G,99999900.0,LLLTYLLAVLLGLLLAFLILI,19636.28529136824,2029.661675382488,30.004927230066148
LLLLYLLIALLTVLFSLLILI,LLLLYLLIALLTVLFILLILI,Left,clash,15.0398,-276.102,1438880000.0,1438870000.0,-58.9928,-277.199,-364.352,4248.43,-51.2445,-28.1596,3556.79,4268.14,55.2343,28.5283,3549.12,4264.85,60.7296,27.923,-7.80507,1.1011e+16,15,S,101.1921,21.99214619,,,,,0.1264707428925028,0.0677654790584542,L,99999900.0,LLLLYLLTVLLAILFSLLILI,29201.860416399235,2491.266949848293,6.423896805294086
LLLFYLLITLLVALLSLLILI,LLLFYLLIILLVALLSLLILI,Right,clash,14.7522,-263.777,1458900000.0,1458900000.0,-60.4926,-281.452,-371.903,4333.61,-45.1306,-29.9586,3539.07,4208.57,50.1995,23.7784,3514.36,4231.67,77.9459,22.6527,-9.05665,1.10011e+17,8,T,107.5512,18.1058954,,,,,0.2539493758052336,0.0010772711600986,R,11575717907252.25,LLLAYLLTVLLAFLLSLLILI,24531.662275756986,1456.561821461597,21.215396650158045
LLLLLVLTALLYILFLLLILI,LLLLLVLTILLYILFLLLILI,Left,clash,14.6952,-277.31,1491360000.0,1491360000.0,-58.8611,-281.922,-378.177,4254.04,-49.5667,-37.3945,3403.15,4278.48,45.8061,20.169,3403.15,4278.48,45.8061,20.169,-17.9392,1.1011e+16,8,A,111.1606,15.35754316,,,,,1.7478364029523028,2.0107754574939927,L,99999900.0,LLLLIVLTWLLALLFSLLILI,36910.9050824333,8867.367730250284,259.20776724794814
LLLLLVLTALLYILFLLLILI,LLLLLVLTALLYILFILLILI,Left,clash,14.6152,-273.251,1491370000.0,1491370000.0,-58.8611,-277.202,-366.287,4220.99,-49.5667,-30.2233,3412.7,4228.17,57.2705,12.7273,3403.15,4278.48,112.023,18.1655,-17.9392,1.1011e+16,15,L,116.9931,9.811332682,,,,,3.6617069002468616,4.067335358687237,L,99999900.0,LLLLIVLTWLLALLFSLLILI,47635.40503806073,28617.978202396305,64.24987354276404
LLLSYLLGVLLGTLLGFLILI,LLLSYLLGVLLITLLGFLILI,GAS,clash,14.9851,-264.285,1540160000.0,1540160000.0,-58.6887,-276.236,-348.969,4154.86,-54.7134,-14.0439,3327.28,4144.66,63.368,0.0,3327.28,4123.37,42.0652,0.0,-26.5145,1.10011e+17,11,G,130.2678,0.0,,,,,0.1479016766421916,0.0438370905020702,G,11875725009207.9,LLLYSLLALLLGTLLGFLILI,18490.11348250668,1738.3282797156485,17.213919858275542
LLLLYLLLAVLLSLLFTLILI,LLLLYLLLAVLISLLFTLILI,Left,clash,17.9957,-272.712,1600390000.0,1600390000.0,-74.2291,-285.125,-378.377,4215.15,-49.6062,-19.0226,3294.97,4261.8,59.6349,22.8192,3265.3,4326.04,121.631,76.6257,-19.3482,1.10011e+16,11,L,107.4486,17.51714545,,,,,0.2353748600857072,0.1439322670272406,L,99999900.0,LLLLYLLLFVLATLLLSLILI,29621.57468111307,2433.000558805367,27.57132601677508
LLLTYLLAFLLGVLLGLLILI,LLLTYLLAFLLIVLLGLLILI,GAS,clash,19.9353,-271.824,1713820000.0,1713820000.0,-44.9207,-276.855,-350.746,4238.63,-50.175,-28.9705,3103.61,4115.29,57.3363,0.0,3103.61,4104.06,40.5062,0.0,-25.4978,1.10011e+17,11,G,130.2678,0.0,,,,,0.2825552487212721,0.094239525758736,G,-82.13191782695034,LLLTYLLAVLLGLLLAFLILI,19522.034176907247,1025.07897893149,51.41796280867897
LLLSYLLVILLTLLLAFLILI,LLLSYLLVILLILLLAFLILI,Right,clash,15.2762,-271.373,1741460000.0,1741460000.0,-45.0934,-280.854,-362.167,4222.92,-45.0934,-36.219,3507.52,4200.19,51.298,3.13159,3504.16,4223.55,77.2683,5.28321,-10.9575,1.10011e+17,11,T,127.13621,2.40396322,,,,,0.3950072328693236,0.2178703160804392,R,99999900.0,LLLSYLLFVLLALLLATLILI,25334.305927156005,654.3467716248635,46.007886501590974
LLLSYLLGLLLGFLLSTLILI,LLLSYLLILLLGFLLSTLILI,GAS,clash,23.3638,-275.544,1872410000.0,1872410000.0,-74.0925,-295.1,-388.821,4181.17,-53.3896,-19.6284,3302.37,4192.0,55.4088,0.0,3302.37,4181.2,38.0124,0.0,-25.2886,1.10011e+17,7,G,129.5954,0.0,,,,,0.5976002471776863,0.0050623217389247,G,10279135128229.846,LLLYALLFLLLGTLLSILILI,22645.088151135107,2037.068040286511,88.52260366223138
LLLSYLLFVLLGILLALLILI,LLLSYLLFVLLIILLALLILI,GAS,clash,17.7505,-272.195,1915570000.0,1915570000.0,-44.9887,-278.967,-359.798,4243.6,-46.2805,-35.842,3186.06,4199.88,49.0151,0.0663661,3186.06,4198.61,35.3218,0.0663661,-25.4259,1.10011e+17,11,G,130.2014339,0.050945898,,,,,0.197610107099647,0.0708019033581343,G,19288746153746.164,LLLTGLLFGLLAILLSLLILI,18903.971401534585,1139.4847644406682,36.46962159529945
LLLSYLLTILLAFLLSLLILI,LLLSYLLIILLAFLLSLLILI,Right,clash,14.265,-269.158,2067590000.0,2067590000.0,-60.4916,-281.886,-371.074,4255.83,-45.0969,-28.6969,3419.63,4144.06,53.8605,25.7584,3405.36,4172.76,81.7497,40.2992,-14.1476,1.10011e+17,7,T,103.837,19.87601412,,,,,0.3911313295420068,0.0927689449045215,R,19142476078257.742,LLLSYLLFVLLALLLATLILI,25286.973761862733,1118.1017043009838,38.27076519972783
LLLSYLLVILLTFLLSLLILI,LLLSYLLVILLIFLLSLLILI,Right,clash,15.1903,-273.343,2076240000.0,2076240000.0,-60.5328,-283.654,-374.173,4266.38,-45.1408,-29.9858,3430.49,4180.44,50.4765,8.60896,3415.24,4203.55,78.0346,12.6635,-17.0472,1.10011e+17,11,T,121.65884,6.608663077,,,,,0.2851684394198253,0.3623934757696146,R,99999900.0,LLLAYLLTVLLAFLLSLLILI,24869.56503266344,170.57217450377226,45.36724681717717
LLLSYLLTVLLGILLGLLILI,LLLSYLLTVLLIILLGLLILI,GAS,clash,12.5598,-266.404,2102800000.0,2102800000.0,-58.7344,-276.921,-375.096,4166.41,-56.6141,-39.441,3112.65,4070.24,62.556,0.0,3112.65,4046.37,40.522,0.0,-31.5567,1.10011e+17,11,G,130.2678,0.0,,,,,0.1758710099707001,0.0372659436940936,G,99999900.0,LLLYILLTVLLGFLLALLILI,19077.50772377249,1560.17980743776,29.77681137550594
LLLYSLLLTLLAVLLFSLILI,LLLYSLLLILLAVLLFSLILI,Right,clash,15.612,-268.824,2320630000.0,2320630000.0,-60.4281,-286.561,-374.305,4300.86,-48.3363,-27.3162,3525.94,4218.48,58.8378,20.0006,3512.43,4251.02,87.0586,31.9962,-5.30693,1.10011e+17,8,T,111.329,15.22931616,,,,,0.101211019168183,0.0636259958618291,R,9009571750934.797,LLLYFLLAILLAVLLTLLILI,24041.76581349269,1226.185854032719,12.25067957593321
LLLWTLLVFLLAILLSLLILI,LLLWTLLIFLLAILLSLLILI,Right,clash,20.7218,-275.958,2385970000.0,2385970000.0,-60.4392,-284.444,-380.394,4279.33,-45.0711,-35.5114,3386.72,4094.02,49.5258,33.1197,3372.84,4114.39,74.2555,43.8185,-5.52392,1.10011e+17,7,V,96.4757,25.55623116,,,,,0.1759797229874126,0.0307863410082838,R,10937578855769.893,LLLAYLLTVLLAFLLSLLILI,24154.8459877998,1324.576959265177,16.57001364656196
LLLLAYLIFLLWTLVLLLILI,LLLLIYLIFLLWTLVLLLILI,Left,clash,23.665,-282.387,2431710000.0,2431710000.0,-58.9084,-286.5,-367.675,4417.17,-49.6376,-22.2672,3579.99,4349.95,57.6445,33.1705,3579.99,4349.95,57.6445,33.1705,-12.3295,1.1011e+16,4,A,105.3047,23.95410875,,,,,0.6505171659529337,0.0062302843046694,L,17494574999899.99,LLLLAVLIFLLATLLSLLILI,32616.00231581996,1994.5049397867183,52.83742536503309
LLLFVLLTILLGALLSLLILI,LLLFVLLTILLGALLILLILI,GAS,clash,12.7251,-253.555,2604800000.0,2604800000.0,-58.8679,-268.94,-363.403,4234.92,-54.6664,-35.5954,3325.28,4068.85,60.4757,12.8389,3324.45,4086.19,72.523,13.9987,-9.71457,1.10011e+17,15,S,116.8815,9.897363869,,,,,0.2095965938956093,0.0090327859017324,G,-44.82291960104514,LLLFVLLTILLGALLSLLILI,19214.05628673045,1590.5136019896174,31.803199769490494
LLLVYLLTALLISLLFLLILI,LLLVYLLTALLIILLFLLILI,Right,clash,14.3116,-271.573,2623870000.0,2623870000.0,-58.8599,-278.48,-363.5,4278.72,-49.5228,-26.1608,3273.74,4284.95,47.0548,9.40141,3273.36,4291.19,56.3755,9.60147,-19.3756,1.10011e+17,12,S,120.42059,7.2417695,,,,,4.253045661109705,5.996701554056617,R,99999900.0,LLLAYLLTVLLAFLLSLLILI,38579.528287754605,27087.45284912401,1.067301174140086
LLLYALLTLLLGFLLGILILI,LLLYALLTLLLGFLLIILILI,GAS,clash,13.6156,-267.395,2644790000.0,2644790000.0,-58.7915,-272.909,-354.791,4293.24,-59.655,-23.0907,3353.53,4217.48,58.8108,0.123505,3353.53,4205.2,41.5276,0.123505,-27.0037,1.10011e+17,15,G,129.596895,0.095208618,,,,,0.3531513578121105,0.0403728483838629,G,99999900.0,LLLYSLLALLLGTLLGFLILI,20251.41340458386,1419.8862196146831,56.20450099608476
LLLYFLLGLLLGVLLGSLILI,LLLYFLLGLLLIVLLGSLILI,GAS,clash,25.3986,-263.495,2766980000.0,2766980000.0,-60.2835,-287.197,-366.772,4276.38,-55.8359,-19.2916,3147.71,4122.04,61.5755,0.0,3147.71,4104.3,41.1979,0.0,-40.0165,1.10011e+17,11,G,130.2678,0.0,,,,,0.2154390677756631,0.1289072813582645,G,-16.586768315590472,LLLAGLLFLLLGTLLGSLILI,18434.40891133948,1052.4227534893057,45.14484297704343
LLLVYLLLALLFTLLSLLILI,LLLVYLLLALLFILLSLLILI,Right,clash,12.8854,-267.041,2834820000.0,2834820000.0,-60.4802,-281.755,-378.312,4236.89,-45.1172,-36.0768,3461.95,4226.71,45.864,18.2997,3452.85,4235.26,68.3419,31.0707,-11.9489,1.10011e+17,12,T,111.5223,14.09599297,,,,,0.4419136607280689,0.1945060208557157,R,19288746153746.164,LLLAYLLTVLLAFLLSLLILI,25215.34566432873,2299.0749787160053,25.504727999234667
LLLSYLLTLLLAFLLSILILI,LLLSYLLTLLLIFLLSILILI,Right,clash,14.1899,-272.595,3034680000.0,3034680000.0,-74.0605,-284.518,-384.918,4219.65,-49.469,-26.3398,3444.4,4204.53,55.1311,11.0332,3444.4,4204.53,55.1311,11.0332,-13.2512,1.10011e+17,11,A,119.2346,8.469629486,,,,,0.394192004952336,0.0194564158017547,R,13448713351097.416,LLLAYLLTVLLAFLLSLLILI,25255.37461773349,1398.329987963966,34.18340836791079
LLLSYLLVLLLTALLFILILI,LLLSYLLVLLLIALLFILILI,Right,clash,15.5031,-271.095,3234880000.0,3234880000.0,-45.1076,-276.301,-352.983,4279.14,-45.1076,-31.5748,3421.29,4260.27,55.9337,30.5764,3388.7,4286.46,81.4629,31.5636,-9.4064,1.10011e+17,11,T,99.6914,23.47195546,,,,,0.8339247003017101,0.7405783199988104,R,99999900.0,LLLSYLLVFLLATLLSLLILI,27329.875840894896,4279.202964345718,25.997399539122394
LLLTLLLGLLLGVLLASLILI,LLLTLLLGLLLIVLLASLILI,GAS,clash,17.4811,-260.211,3344210000.0,3344210000.0,-60.2643,-282.462,-398.677,4145.02,-49.6062,-55.9503,3184.44,3983.39,57.5401,3.00383,3184.83,3963.18,36.4193,3.1491,-17.8028,1.10011e+17,11,G,127.26397,2.305888332,,,,,0.2335011144069862,0.0286165697114921,G,-40.26818761952484,LLLFYLLGVLLGLLLASLILI,19312.56875971758,1740.929546913746,31.403039135072007
LLLVWLLTALLIALLSLLILI,LLLVWLLTILLIALLSLLILI,Right,clash,15.2689,-272.82,3525070000.0,3525070000.0,-74.1403,-281.932,-402.972,4220.19,-49.5446,-46.8999,3235.26,3985.62,41.1084,0.0779128,3235.26,3985.62,41.1084,0.0779128,-23.4744,1.10011e+17,8,A,118.2858,8.886167214,,,,,0.3218737211337519,0.0852146482297304,R,-72.36989436173342,LLLAYLLTVLLAFLLSLLILI,24960.06840106361,1759.4834104653037,21.921792886458803
LLLSYLLTILLAFLLTLLILI,LLLSYLLIILLAFLLTLLILI,Right,clash,18.6854,-275.171,3665440000.0,3665440000.0,-58.9041,-282.566,-366.851,4267.74,-49.8563,-25.3818,3431.22,4187.41,55.7593,24.256,3416.67,4220.45,85.1044,35.4545,-10.6211,1.10011e+17,7,T,111.8029,13.72926817,,,,,0.3166363079375816,0.1178514763034647,R,14194361516282.342,LLLSYLLFVLLALLLATLILI,24979.526083619952,1876.1122642497207,19.549177629814647
LLLSYLLFVLLALLLSTLILI,LLLSYLLFILLALLLSTLILI,Right,clash,11.9792,-265.348,3682770000.0,3682770000.0,-74.2184,-292.474,-390.155,4175.56,-49.617,-23.4626,3445.29,4117.0,48.7033,36.2194,3416.81,4115.01,66.3302,50.7771,-15.4688,1.10011e+17,8,V,95.1102,27.57900732,,,,,0.3152845747020668,0.143990221113151,R,14631837242939.924,LLLYALLTVLLALLLSFLILI,24909.242506345247,918.6510962832776,34.950222212006985
LLLSYLLVALLTILLWLLILI,LLLSYLLIALLTILLWLLILI,Right,clash,18.1192,-278.168,3807370000.0,3807370000.0,-58.9224,-283.428,-382.864,4258.68,-50.2923,-40.5137,3421.88,4260.5,50.6907,20.8129,3404.7,4275.6,77.3343,39.9528,-10.6746,1.10011e+17,7,V,108.7825,16.05990645,,,,,2.301933169428837,1.71805262922545,R,99999900.0,LLLTYLLAVLLAILLFLLILI,31911.039483569977,10049.629570113162,91.09043513735492
LLLTSLLFALLGILLALLILI,LLLTSLLFALLGILLILLILI,GAS,clash,20.5785,-270.342,3965060000.0,3965060000.0,-44.9798,-268.43,-356.011,4140.14,-52.7458,-42.6013,3191.82,4082.77,59.4374,12.318,3191.82,4082.77,59.4374,12.318,-7.15644,1.10011e+17,15,A,117.4024,9.495807907,,,,,0.3762257844244566,0.1791799754963848,G,-42.95595363932191,LLLTGLLFGLLAILLSLLILI,21612.06128210501,2639.40621485164,74.05478524015189
LLLTSLLFALLGILLALLILI,LLLTSLLFALLIILLALLILI,GAS,clash,20.5844,-271.522,4011090000.0,4011090000.0,-44.9798,-272.01,-363.445,4141.77,-50.1746,-46.455,3190.7,4086.71,49.8457,4.87641,3191.82,4082.77,35.0421,4.29534,-7.15644,1.10011e+17,11,G,125.39139,3.743373266,,,,,0.2085437501515059,0.0246358318597646,G,15582803623127.969,LLLTGLLFGLLAILLSLLILI,20213.79140689617,2763.1292724036107,33.27276192014658
LLLTYLLGVLLGLLLSFLILI,LLLTYLLGVLLILLLSFLILI,GAS,clash,25.658,-276.286,4350930000.0,4350930000.0,-60.3458,-283.998,-371.18,4222.37,-52.6785,-26.8363,3306.0,4216.53,49.797,0.0,3306.0,4201.18,29.7071,0.0,-9.24157,1.10011e+17,11,G,130.2678,0.0,,,,,0.3885767778404575,0.3238672638158043,G,18998407692207.707,LLLTYLLAVLLGLLLAFLILI,20181.985382746258,253.97519787517425,90.93830732686668
LLLLVSLLILLTALLFLLILI,LLLLVILLILLTALLFLLILI,Left,clash,19.4557,-271.449,4452750000.0,4452750000.0,-58.9351,-275.888,-380.101,4217.55,-49.8324,-45.2785,3286.54,4090.78,41.5697,16.5813,3283.19,4094.13,50.8032,16.4093,-7.46926,1.10011e+16,5,S,113.7135,12.72598753,,,,,0.3172537267092946,0.1556119267206234,L,13128923322025.914,LLLLWILTYLLAVLLFLLILI,28341.548891617007,1580.6374174296252,16.945899420887738
LLLSYLLVLLLAFLLTILILI,LLLSYLLILLLAFLLTILILI,Right,clash,19.5848,-276.621,4693230000.0,4693230000.0,-58.8353,-279.755,-366.776,4243.75,-49.8823,-28.1857,3483.81,4205.58,52.0447,14.7216,3473.64,4224.57,75.087,21.3402,-16.8978,1.10011e+17,7,V,114.8738,11.35966246,,,,,1.9056686967935712,2.156203883449716,R,99999900.0,LLLSYLLFVLLALLLATLILI,31190.11003993524,10292.25406538748,31.925395059756173
LLLVYLLIALLTALLSLLILI,LLLVYLLIALLTILLSLLILI,Right,clash,13.1678,-263.2,4808950000.0,4808950000.0,-74.2769,-279.965,-394.006,4171.66,-49.6741,-39.7643,3381.16,4088.56,47.4062,11.7594,3381.16,4088.56,47.4062,11.7594,-16.3645,1.10011e+17,12,A,118.0626,9.05809493,,,,,0.2429553196888266,0.0259644980629129,R,99999900.0,LLLAYLLTVLLAFLLSLLILI,24480.895835198666,1354.8745258436102,21.89641418001141
LLLVYLLIALLTALLSLLILI,LLLVYLLIILLTALLSLLILI,Right,clash,13.2003,-263.2,4809050000.0,4809050000.0,-74.2682,-280.732,-394.066,4185.49,-49.7883,-39.0657,3381.16,4088.56,56.809,20.2232,3381.16,4088.56,56.809,20.2232,-16.3645,1.10011e+17,8,A,118.0626,9.05809493,,,,,0.4783271626938668,0.2008643459282942,R,19142476078257.742,LLLAYLLTVLLAFLLSLLILI,25292.29537804083,2395.584703593592,28.17919574730013
LLLVYLLTALLISLLFLLILI,LLLVYLLTILLISLLFLLILI,Right,clash,14.3588,-273.603,4887220000.0,4887220000.0,-74.1773,-280.567,-377.638,4293.33,-54.3883,-22.8937,3273.36,4291.19,45.2623,6.65418,3273.36,4291.19,45.2623,6.65418,-19.3756,1.10011e+17,8,A,124.67542,5.066778548,,,,,0.9007189862367597,0.3974883168898979,R,99999900.0,LLLAYLLTVLLAFLLSLLILI,27013.308411310136,3471.2474156734056,51.922636849160455
LLLSSLLALLLGTLLGFLILI,LLLSSLLALLLGTLLIFLILI,GAS,clash,16.0315,-267.505,5209270000.0,5209270000.0,-58.7549,-267.333,-361.773,4111.19,-61.618,-35.6853,3210.54,4028.43,63.2969,9.87288,3211.37,4006.18,41.9667,9.89072,-24.8316,1.10011e+17,15,G,119.84752,7.61089235,,,,,0.2072638959485717,0.1663636321627873,G,99999900.0,LLLAGLLFLLLGTLLGSLILI,19117.34844666416,2483.498967758784,13.197413818722042
LLLLYLLLAVLLSLLFTLILI,LLLLYLLLIVLLSLLFTLILI,Left,clash,18.1398,-276.77,5245900000.0,5245900000.0,-74.2291,-290.033,-392.228,4249.87,-49.6062,-27.9665,3265.3,4326.04,47.9208,13.15,3265.3,4326.04,47.9208,13.15,-19.3482,1.10011e+16,8,A,118.1796,10.01297499,,,,,0.1600766311250697,0.1266695764606368,L,99999900.0,LLLLYLLVILLATLLFLLILI,29733.173559700685,2909.96792496673,5.765947543565695
LLLSYLLTVLLALLLSFLILI,LLLSYLLIVLLALLLSFLILI,Right,clash,20.0102,-274.99,5467280000.0,5467280000.0,-60.402,-282.968,-373.631,4198.5,-45.093,-30.2604,3524.51,4214.14,55.5057,32.6374,3513.59,4246.95,85.1775,53.0249,-9.83905,1.10011e+17,7,T,96.958,25.18407289,,,,,0.5625306425035133,0.2106790867645512,R,15214272131226.775,LLLYALLTVLLALLLSFLILI,25710.227743891457,1160.5670235579676,59.61912015688488
LLLYLLLAVLLAFLLTSLILI,LLLYLLLIVLLAFLLTSLILI,Right,clash,15.9299,-265.017,5627670000.0,5627670000.0,-74.2137,-296.406,-388.269,4311.75,-49.8395,-17.649,3590.06,4255.45,57.8398,13.5473,3590.06,4255.45,57.8398,13.5473,-7.34717,1.10011e+17,7,A,124.55608,4.384598496,,,,,0.010612672113604,0.203991809845175,R,22795790908990.91,LLLYALLTVLLALLLSFLILI,23656.095150971087,816.332420591663,12.97593232850806
LLLYSLLFVLLLLLATLLILI,LLLYSLLFVLLLLLITLLILI,Left,clash,20.5249,-282.775,5689560000.0,5689560000.0,-58.817,-283.94,-373.902,4352.05,-49.5431,-31.1449,3496.25,4258.59,57.9743,26.9428,3496.25,4258.59,57.9743,26.9428,-11.3569,1.10011e+17,14,A,102.944,20.74329339,,,,,0.1509518076864849,0.0766227333783701,L,22795790908990.91,LLLTSLLAVLLALLFSLLILI,27314.14527609364,1103.4255154719226,7.913723339683686
LLLAGLLFLLLGTLLGSLILI,LLLAGLLFLLLGTLLISLILI,GAS,clash,13.1616,-255.81,5858630000.0,5858630000.0,-74.1241,-273.688,-374.991,4092.3,-59.2401,-27.1794,3134.08,4016.78,63.3276,2.0312,3134.12,3994.87,41.9413,2.07015,-23.3464,1.10011e+17,15,G,127.6892,1.565829276,,,,,0.2150366959980396,0.1109060046507881,G,10.778775822161233,LLLALLLTVLLGGLLFSLILI,19745.03293711041,1781.2769822225905,43.21129893955138
LLLSYLLVALLGALLGLLILI,LLLSYLLVALLIALLGLLILI,GAS,clash,10.5409,-255.371,5865260000.0,5865260000.0,-44.9223,-270.085,-356.591,4131.31,-49.9117,-41.5835,3210.32,4045.94,60.8819,5.04048,3211.22,4027.51,40.6455,3.73308,-27.9455,1.10011e+17,11,G,125.22732,3.869321505,,,,,0.44002383723011,0.1663294534205048,G,16058908247114.04,LLLASLLVGLLFLLLGLLILI,22062.77675458984,2551.3702285912927,82.11093046295417
LLLSYLLGVLLGLLLATLILI,LLLSYLLGVLLILLLATLILI,GAS,clash,14.8439,-262.325,6093740000.0,6093740000.0,-58.7839,-281.928,-376.522,4150.2,-55.4772,-35.8101,3203.07,4064.87,54.849,0.0,3203.07,4047.62,34.6202,0.0,-26.2402,1.10011e+17,11,G,130.2678,0.0,,,,,0.1457093451854992,0.0246731979958924,G,-62.80138911811009,LLLTYLLAVLLGLLLAFLILI,18408.06463317581,1618.5340456511033,18.88645044393285
LLLYILLTALLVALLSLLILI,LLLYILLTILLVALLSLLILI,Right,clash,14.5359,-262.966,6407730000.0,6407730000.0,-74.2582,-279.936,-390.947,4272.59,-49.8265,-36.7524,3461.01,4177.87,50.0699,6.64661,3461.01,4177.87,50.0699,6.64661,-10.0714,1.10011e+17,8,A,124.61022,4.014558395,,,,,0.1247382617296067,0.1122478075074158,R,-50.87429102438823,LLLYALLTVLLALLLSFLILI,24006.463234584568,1010.0820158535936,17.102979674099593
LLLLYLLLFTLAVLLLSLILI,LLLLYLLLFTLAVLLISLILI,Left,clash,13.4021,-273.197,6413760000.0,6413760000.0,-74.2357,-283.671,-379.093,4225.68,-49.6161,-21.1866,3233.5,4244.78,64.0814,43.1961,3213.76,4329.67,130.997,46.1756,-22.5076,1.10011e+16,15,L,86.5243,33.29938853,,,,,-0.494992936498245,1.1216269703240396,L,99999900.0,LLLLLLLLFVLATLLSILILI,25437.23587034049,8765.81716106479,24.379283462224805
LLLLFLLGILLGTLLASLILI,LLLLFLLIILLGTLLASLILI,GAS,clash,18.9379,-250.865,7472180000.0,7472180000.0,-74.072,-286.383,-393.262,4100.43,-58.2627,-32.8069,3166.71,4137.49,55.2271,0.0,3166.71,4138.47,43.389,0.0,-16.4292,1.10011e+17,7,G,129.5954,0.0,,,,,0.2159820078290189,0.1365209547391087,G,99999900.0,LLLAGLLFLLLGTLLGSLILI,18421.677380311605,1038.9656826824382,46.01752665993303
LLLLYLLLFVLATLLLSLILI,LLLLYLLLFVLATLLISLILI,Left,clash,19.9285,-272.565,7712660000.0,7712660000.0,-74.2037,-284.865,-380.847,4215.39,-49.615,-21.7787,3249.41,4202.84,62.8941,51.5586,3227.42,4288.71,129.917,55.9133,-18.611,1.10011e+16,15,L,78.1618,39.7459459,,,,,0.2494773059341069,0.2219276597088101,L,8931125008286.803,LLLLALLLFVLTWLLSLLILI,27900.2136177956,1697.89365852438,7.568573008088688
LLLSYLLIALLTVLLWLLILI,LLLSYLLIALLIVLLWLLILI,Right,clash,13.8246,-272.355,7907370000.0,7907370000.0,-45.0526,-282.724,-372.488,4314.43,-46.5354,-44.7113,3430.67,4280.58,45.2641,26.4021,3407.93,4281.74,66.1128,33.4478,-10.9176,1.10011e+17,11,T,103.8657,20.26755653,,,,,0.4553977255711439,0.1903745443787331,R,16716913333233.344,LLLSYLLVFLLATLLSLLILI,25386.55514926284,923.8790950555596,49.439053495687965
LLLYWLLTILVALLLSLLILI,LLLYWLLIILVALLLSLLILI,Left,clash,36.869,-279.825,8779390000.0,8779390000.0,-60.4258,-287.36,-387.556,4374.38,-45.1229,-39.7699,3620.33,4096.93,55.5054,30.4259,3604.75,4130.02,87.5773,44.3352,-14.8358,1.10011e+17,7,T,99.1695,23.477608,,,,,0.189248079676617,0.1918368425208531,L,14589317515551.416,LLLVALLTILLALLFSLLILI,27589.97768610036,1374.171014635358,4.383190136834307
LLLYWLLTILVALLLSLLILI,LLLYWLLTILVILLLSLLILI,Left,clash,36.7618,-283.098,8779390000.0,8779390000.0,-74.1249,-289.95,-398.758,4302.76,-49.6093,-34.6826,3604.75,4130.02,46.8967,15.4979,3604.75,4130.02,46.8967,15.4979,-14.8358,1.10011e+17,11,A,114.7699,11.89695381,,,,,0.1247829305711418,0.0963286392519935,L,22795790908990.91,LLLVALLTILLALLFSLLILI,27484.181817265755,1020.5960080558236,15.77468855001967
LLLAYLLGVLLGLLLSTLILI,LLLAYLLGVLLILLLSTLILI,GAS,clash,21.511,-264.525,9560980000.0,9560980000.0,-74.1418,-289.182,-396.002,4137.45,-57.7336,-32.6776,3193.16,4098.66,54.2369,0.0,3193.16,4080.45,33.956,0.0,-15.265,1.10011e+17,11,G,130.2678,0.0,,,,,0.2117215833236217,0.0053803243708216,G,99999900.0,LLLTYLLAVLLGLLLAFLILI,19306.32309906158,1717.6976176008775,30.61540533373186
LLLSYLLTLLLAFLLSILILI,LLLSYLLILLLAFLLSILILI,Right,clash,14.1372,-269.327,10585300000.0,10585300000.0,-60.3394,-279.673,-371.624,4218.84,-45.0712,-31.6113,3455.77,4176.13,52.1995,20.5454,3444.4,4204.53,80.9,33.9794,-13.2512,1.10011e+17,7,T,109.05,15.8534948,,,,,0.6067838678663076,0.0829136829041204,R,99999900.0,LLLSYLLFVLLALLLATLILI,25977.061513563265,1996.5228687080348,45.9316539503082
LLLYSLLVALLATLLFLLILI,LLLYSLLVALLAILLFLLILI,Right,clash,21.961,-273.143,10619600000.0,10619600000.0,-45.0385,-273.533,-349.094,4291.74,-51.0738,-30.5227,3472.44,4204.56,45.0845,29.7183,3459.85,4212.53,67.8741,42.8553,-6.31342,1.10011e+17,12,T,100.1037,22.89157462,,,,,0.224858877503773,0.111854211100023,R,19926307699890.844,LLLTYLLAVLLAILLFLLILI,24365.08112994229,1862.3056202606672,12.21419720089906
LLLYFLLAVLLGLLLGSLILI,LLLYFLLAVLLILLLGSLILI,GAS,clash,26.3539,-265.975,10882600000.0,10882600000.0,-60.2613,-285.835,-369.057,4292.15,-46.8371,-22.9609,3268.14,4179.28,58.2138,0.0,3268.14,4161.48,38.064,0.0,-16.4919,1.10011e+17,11,G,130.2678,0.0,,,,,0.2966393004845533,0.0268608094769214,G,99999900.0,LLLYSLLALLLGTLLGFLILI,19789.67201075679,1747.1519674270492,40.88282846009099
LLLLYLLTALLIALLFVLILI,LLLLYLLTILLIALLFVLILI,Right,clash,19.0161,-270.86,10884100000.0,10884100000.0,-58.7697,-277.968,-360.369,4309.42,-49.4528,-23.6315,3358.49,4301.01,51.2074,8.68067,3358.49,4301.01,51.2074,8.68067,-14.2442,1.10011e+17,8,A,126.61028,2.473941243,,,,,2.186286713298128,1.6850936397702478,R,99999900.0,LLLSYLLTILLAVLLSLLILI,31659.104062137187,9581.148075195026,83.35289487258032
LLLTLLLFYLLGVLLGSLILI,LLLTLLLFYLLGVLLISLILI,GAS,clash,16.3562,-270.25,11058500000.0,11058500000.0,-60.3176,-282.499,-369.789,4185.34,-53.3237,-26.9724,3147.96,4266.5,62.3134,4.78195,3147.87,4244.84,41.1281,4.69348,-19.1409,1.10011e+17,15,G,124.93845,3.686351568,,,,,1.2002112479681566,1.368029043923908,G,99999900.0,LLLALLLTVLLGGLLFSLILI,28335.248745170247,6746.813692628214,319.1682350570084
LLLSYLLFLLLGVLLGSLILI,LLLSYLLILLLGVLLGSLILI,GAS,clash,13.6069,-260.813,11969600000.0,11969600000.0,-60.3605,-285.137,-381.413,4118.17,-50.5104,-35.916,3205.27,3981.0,57.3419,15.3577,3185.58,4135.28,156.833,43.1039,-22.471,1.10011e+17,7,F,114.2377,11.85049778,,,,,0.7351689867823936,0.2249781884020863,G,16465286666566.662,LLLAGLLFLLLGTLLGSLILI,24190.884743786904,3531.4365865097016,84.82749081393945
LLLSYLLAVLLGLLLGTLILI,LLLSYLLAVLLILLLGTLILI,GAS,clash,19.6479,-271.023,12214300000.0,12214300000.0,-58.7719,-284.103,-378.794,4146.52,-51.2791,-35.9186,3239.14,4018.73,58.1967,0.0,3239.14,4001.68,38.2984,0.0,-11.997,1.10011e+17,11,G,130.2678,0.0,,,,,0.382044483546071,0.2141708279851144,G,12452052068727.783,LLLTYLLAVLLGLLLAFLILI,19830.329411097788,676.6701383148285,78.55483040750725
LLLSYLLFVLLALLLSTLILI,LLLSYLLFVLLILLLSTLILI,Right,clash,11.9886,-267.968,12475500000.0,12475500000.0,-74.2184,-294.316,-392.399,4218.99,-49.617,-23.8647,3416.81,4115.01,50.3679,2.23026,3416.81,4115.01,50.3679,2.23026,-15.4688,1.10011e+17,11,A,128.03754,1.712057776,,,,,0.3648479131182505,0.0718290722629314,R,18459417913945.523,LLLYALLTVLLALLLSFLILI,25033.02985809777,1749.5939169235048,26.31584218002984
LLLYWLLVALLITLLFLLILI,LLLYWLLVILLITLLFLLILI,Right,clash,19.3196,-279.94,12671000000.0,12671000000.0,-58.8485,-287.476,-367.529,4394.2,-49.6069,-21.2042,3499.69,4385.39,37.2628,0.0,3499.69,4385.39,37.2628,0.0,-19.1451,1.10011e+17,8,A,131.3296,0.0,,,,,0.1722379872126525,0.2076927945476527,R,99999900.0,LLLYFLLAILLAVLLTLLILI,24539.47803775265,866.1255848826497,26.7383174727991
LLLLVLLLAILTFLLSLLILI,LLLLVILLAILTFLLSLLILI,Left,clash,15.3637,-268.731,13164000000.0,13164000000.0,-74.1833,-280.959,-392.76,4132.17,-49.6831,-37.6183,3328.25,4009.73,49.6902,26.076,3302.48,4089.18,114.905,38.4028,-7.01837,1.10011e+16,5,L,104.2188,20.01307804,,,,,0.3935704477366372,0.31632796799861,L,20737682418120.88,LLLLALLLFVLTWLLSLLILI,30926.921933853497,2289.9826047027705,13.893415175524924
LLLSYLLVFLLAILLTLLILI,LLLSYLLIFLLAILLTLLILI,Right,clash,14.0037,-269.618,15008000000.0,15008000000.0,-58.9231,-282.219,-369.993,4239.39,-50.7755,-28.8516,3421.46,4169.97,56.0442,19.6681,3404.12,4201.25,91.3636,35.521,-6.44439,1.10011e+17,7,V,109.9273,15.17654176,,,,,0.5155875950153104,0.1376926376086442,R,10829750340431.45,LLLSYLLFVLLALLLATLILI,25986.176294656205,1972.3014178136748,35.044335424287354
LLLLSTLLAVLFLLLYILILI,LLLLSTLLIVLFLLLYILILI,Left,clash,20.6667,-280.316,15299700000.0,15299700000.0,-45.0471,-279.78,-364.256,4201.96,-47.4511,-39.4291,3234.92,4168.2,61.4561,20.2144,3234.92,4168.2,61.4561,20.2144,-16.9972,1.10011e+16,8,A,111.1152,15.39211267,,,,,1.851603857271148,1.4832967954900511,L,99999900.0,LLLLALLLYVLFLLLSTLILI,40293.28050688374,6499.532252794057,237.19192143134632
LLLLTILLFLLAVLYLLLILI,LLLLIILLFLLAVLYLLLILI,Left,clash,20.7546,-273.847,16161600000.0,16161600000.0,-45.0625,-278.735,-362.902,4318.88,-45.0625,-39.1044,3495.11,4225.95,59.4009,44.7165,3480.29,4263.89,91.2019,60.2871,-10.988,1.1011e+16,4,T,93.7587,32.29206385,,,,,0.1886174714168749,0.2418904961654269,L,18998407692207.707,LLLLAVLLFLLATLISLLILI,29773.981417113,2580.245193745038,1.4372452985753692
LLLLTILLFLLAVLYLLLILI,LLLLTILLFLLIVLYLLLILI,Left,clash,19.3604,-279.714,16162100000.0,16162100000.0,-45.0625,-281.946,-369.088,4313.19,-45.0625,-42.0799,3480.29,4263.89,44.4451,10.0192,3480.29,4263.89,44.4451,10.0192,-10.988,1.1011e+16,11,A,120.2486,7.691232983,,,,,0.2155758247680454,0.0028496050049067,L,99999900.0,LLLLYILTFLLAVLLSLLILI,27791.877268281634,1044.7776888524295,17.794040609123744
LLLSYLLTVLLAILLSLLILI,LLLSYLLIVLLAILLSLLILI,Right,clash,15.426,-268.541,17743000000.0,17743000000.0,-60.4918,-279.524,-385.674,4172.15,-45.1284,-45.6581,3404.36,4061.65,56.8078,39.5475,3390.99,4095.01,86.1484,59.035,-8.17484,1.10011e+17,7,T,90.0479,30.51612943,,,,,8.121264124608238,0.5262145407549771,R,8812834876624.006,LLLYALLTVLLALLLSFLILI,55157.05925498103,18576.100251868305,649.3279528674849
LLLLILLLYLLAVLTFLLILI,LLLLILLLILLAVLTFLLILI,Left,clash,18.3983,-269.561,18353400000.0,18353400000.0,-58.9634,-278.162,-382.503,4214.56,-49.7626,-45.3771,3399.16,4172.25,54.3221,21.4953,3393.6,4308.13,159.96,21.131,-14.2556,1.1011e+16,8,Y,109.8343,16.36744496,,,,,0.417158987181092,0.2285451580296221,L,18417976941214.0,LLLLWILTYLLAVLLFLLILI,28335.58293002867,3019.842496707346,20.898508771319136
LLLLILLLYLLAVLTFLLILI,LLLLILLLYLLIVLTFLLILI,Left,clash,18.3344,-276.514,19413400000.0,19413400000.0,-58.9537,-284.734,-373.454,4327.91,-49.884,-29.7664,3393.6,4308.13,59.9185,40.3977,3393.6,4308.13,59.9185,40.3977,-14.2556,1.1011e+16,11,A,89.8701,31.01127063,,,,,1.5817315187221066,0.9122147386779584,L,99999900.0,LLLLWILTYLLAVLLFLLILI,37904.663775096255,6071.903858967808,76.60088315518571
LLLYWLLTILLALLFSLLILI,LLLYWLLIILLALLFSLLILI,Left,clash,37.2697,-281.697,19706100000.0,19706100000.0,-60.4066,-290.335,-377.351,4397.57,-45.0932,-26.6091,3678.81,4242.78,59.0805,39.5172,3654.35,4278.25,89.9678,52.248,-16.5746,1.10011e+17,7,T,90.0782,30.49274897,,,,,0.2605215855241052,0.1423947200821855,L,14339785448144.18,LLLTSLLAVLLALLFSLLILI,28024.70397123484,1374.8680584492404,13.070775378165742
LLLYWLLTILLALLFSLLILI,LLLYWLLTILLILLFSLLILI,Left,clash,37.1521,-284.976,19706100000.0,19706100000.0,-74.1,-293.137,-388.811,4335.99,-49.5752,-21.5743,3654.35,4278.25,51.6286,27.6467,3654.35,4278.25,51.6286,27.6467,-16.5746,1.10011e+17,11,A,102.6211,21.22297298,,,,,0.2418669424008124,0.1003015807910749,L,9996096720300.59,LLLTSLLAVLLALLFSLLILI,28146.606421737808,831.4747252787084,13.979299419220736
LLLTALLFLLLGLLLGSLILI,LLLTALLFLLLILLLGSLILI,GAS,clash,16.3889,-266.764,19774200000.0,19774200000.0,-60.3637,-283.227,-385.777,4141.91,-52.4037,-42.186,3082.88,4070.76,47.95,0.0,3082.88,4076.77,36.9662,0.0,-29.4405,1.10011e+17,11,G,130.2678,0.0,,,,,0.2500724985929212,0.0428713270772419,G,-34.017911394772945,LLLAGLLFLLLGTLLGSLILI,19923.42355994821,2183.3654814843894,32.358936921943865
LLLASLLTLLLGYLLGVLILI,LLLASLLTLLLIYLLGVLILI,GAS,clash,14.9778,-265.101,20439400000.0,20439400000.0,-58.8608,-272.927,-370.329,4078.21,-56.7636,-38.541,3133.79,4047.11,58.9931,0.199098,3133.79,4034.05,40.6567,0.199098,-16.6594,1.10011e+17,11,G,130.068702,0.152837463,,,,,0.2666162096274603,0.1354578598933123,G,17641378571328.58,LLLASLLVGLLFLLLGLLILI,19182.354998819348,770.992392184035,53.36262818382976
LLLSYLLVLLLGALLGFLILI,LLLSYLLVLLLGALLIFLILI,GAS,clash,9.13541,-259.472,20491400000.0,20491400000.0,-44.9973,-271.642,-344.178,4257.85,-53.5785,-27.5384,3223.32,4176.03,64.5264,13.8996,3224.86,4150.96,41.8551,12.5691,-45.7637,1.10011e+17,15,G,115.8208,10.71504559,,,,,0.2246696632982197,0.0026743208506756,G,20896141666566.67,LLLYSLLALLLGTLLGFLILI,19727.3287017166,1997.182987617518,33.36063662292524
LLLAYLLFLLLGVLLGSLILI,LLLAYLLILLLGVLLGSLILI,GAS,clash,12.496,-256.71,20910800000.0,20910800000.0,-60.2995,-282.532,-378.125,4108.21,-53.6146,-35.2928,3129.89,3996.61,56.258,8.95183,3121.82,4077.76,141.237,61.5957,-31.4659,1.10011e+17,7,F,120.64357,6.907521409,,,,,0.4852160815393811,0.0379469927204094,G,10703268453551.805,LLLALLLTVLLGGLLFSLILI,21668.20037117701,1780.018827905251,75.39820307697593
LLLYSLLALLLGTLLGFLILI,LLLYSLLILLLGTLLGFLILI,GAS,clash,18.0255,-267.597,22244600000.0,22244600000.0,-58.7271,-276.669,-353.695,4246.39,-58.9298,-18.2995,3405.39,4186.92,59.5305,11.3001,3405.39,4186.92,59.5305,11.3001,-21.3296,1.10011e+17,7,A,118.2953,8.719522452,,,,,0.188748402785385,0.0221195370025374,G,14671085681889.254,LLLAGLLFLLLGTLLGSLILI,19215.85587763832,1864.6237168036664,25.489758393772043
LLLYFLLAVLTSLLLSLLILI,LLLYFLLIVLTSLLLSLLILI,Left,clash,22.213,-274.823,22485800000.0,22485800000.0,-89.6159,-284.705,-391.585,4312.58,-49.8555,-17.2645,3402.82,4218.81,52.2922,24.2342,3402.82,4218.81,52.2922,24.2342,-15.2592,1.10011e+17,7,A,105.3612,18.69989213,,,,,0.1596335586839725,0.1448816435434421,L,99999900.0,LLLYTLLAVLIALLLSLLILI,29506.902655157333,2506.324388193744,4.676593121781572
LLLYFLLAVLTSLLLSLLILI,LLLYFLLAVLTILLLSLLILI,Left,clash,21.9599,-272.798,22485800000.0,22485800000.0,-74.2481,-282.931,-376.908,4306.5,-49.7387,-19.7297,3404.05,4212.24,50.1219,16.4396,3402.82,4218.81,59.8427,16.9313,-15.2592,1.10011e+17,11,S,113.8282,12.61984926,,,,,0.1158692701302998,0.1233868903295505,L,99999900.0,LLLTSLLAVLLALLFSLLILI,27308.00952585321,750.7266802229161,2.340601071325885
LLLFALLTVLLSLLYLLLILI,LLLFILLTVLLSLLYLLLILI,Left,clash,19.0563,-277.166,22834300000.0,22834300000.0,-74.3168,-279.912,-383.128,4314.35,-53.1649,-28.8989,3461.91,4233.92,56.4388,16.5353,3461.91,4233.92,56.4388,16.5353,-7.76537,1.10011e+17,4,A,121.9399,11.94098293,,,,,0.121730808402942,0.1570384553976772,L,99999900.0,LLLYWLLTVLLALLFSLLILI,27417.369805049853,732.5232955181892,0.8740262321548817
LLLSTLLGALLGLLLAVLILI,LLLSTLLIALLGLLLAVLILI,GAS,clash,17.0008,-259.532,23399500000.0,23399500000.0,-44.8908,-265.102,-364.424,4065.29,-53.2869,-54.4313,3140.12,3903.45,60.0039,5.63409,3141.51,3882.81,38.9151,3.67298,-14.0094,1.10011e+17,7,G,123.96131,4.347445974,,,,,1.190204932921616,1.1071196820755476,G,99999900.0,LLLTYLLAVLLGLLLAFLILI,24432.182843424634,5467.442727368077,290.52890325673013
LLLYALLVALLTALLSLLILI,LLLYILLVALLTALLSLLILI,Right,clash,16.3585,-264.617,23542500000.0,23542500000.0,-74.294,-275.744,-383.305,4236.08,-49.6723,-33.2674,3433.79,4108.23,52.7183,45.7855,3433.79,4108.23,52.7183,45.7855,-7.73994,1.10011e+17,4,A,115.9331,10.69841783,,,,,0.3613543885957273,0.0589100015347106,R,15085417378841.266,LLLTALLVALLFALLSLLILI,24857.680122199785,1376.1245670737117,33.769493659855364
LLLTALLFLLLGVLLASLILI,LLLTALLFLLLIVLLASLILI,GAS,clash,16.1356,-265.271,23796700000.0,23796700000.0,-60.3462,-280.158,-380.546,4117.13,-47.1411,-40.0424,3213.74,4056.64,48.3822,9.95815,3215.47,4057.28,35.1818,6.90754,-13.6832,1.10011e+17,11,G,120.30965,7.644367987,,,,,0.2485662900160618,0.0913385355791746,G,-41.37048703982036,LLLAGLLFLLLGTLLGSLILI,19069.47059265069,2052.210552404078,27.090737739443654
LLLYTLLAILVALLLSLLILI,LLLYTLLIILVALLLSLLILI,Left,clash,16.8414,-276.818,26810900000.0,26810900000.0,-60.363,-281.736,-387.395,4251.4,-45.0523,-45.2961,3345.69,4109.7,55.3229,18.7489,3345.69,4109.7,55.3229,18.7489,-12.8594,1.10011e+17,7,A,122.20547,6.189042879,,,,,0.3938876797279488,0.0430424721904561,L,10126546126717.664,LLLVALLTILLALLFSLLILI,29588.080400345887,128.90477518749938,29.72221548860261
LLLYFLLAILLAVLLTLLILI,LLLYFLLAILLIVLLTLLILI,Right,clash,21.9933,-267.314,28804000000.0,28804000000.0,-58.8246,-282.4,-367.439,4347.09,-49.547,-26.2145,3513.86,4217.15,53.3894,6.61553,3513.86,4217.15,53.3894,6.61553,-5.54831,1.10011e+17,11,A,123.65227,5.078407711,,,,,0.1276723939264736,0.0689150124584723,R,13997025290483.371,LLLYFLLAILLAVLLTLLILI,23966.195583546545,1676.7395832104917,6.614811376012569
LLLYFLLAILLAVLLTLLILI,LLLYFLLIILLAVLLTLLILI,Right,clash,22.4648,-267.296,28804200000.0,28804200000.0,-58.8246,-282.815,-367.798,4349.26,-49.547,-26.1587,3513.86,4217.15,59.1549,7.80415,3513.86,4217.15,59.1549,7.80415,-5.54831,1.10011e+17,7,A,123.65227,5.078407711,,,,,0.2908473195331674,0.081115426030727,R,16465286666566.662,LLLYFLLAILLAVLLTLLILI,25063.020459167088,1202.8533100098505,29.17716965065148
LLLYWLLVALLISLLTLLILI,LLLYWLLVILLISLLTLLILI,Right,clash,19.3828,-278.205,30675800000.0,30675800000.0,-74.253,-288.314,-396.362,4311.09,-55.2617,-33.7945,3407.99,4172.32,34.7665,0.0,3407.99,4172.32,34.7665,0.0,-17.7972,1.10011e+17,8,A,131.3296,0.0,,,,,0.3054164872577009,0.0862327970130108,R,18428319730718.645,LLLYFLLAILLAVLLTLLILI,24474.97819655407,1363.0700916194544,30.701174488427235
LLLSYLLALLLGFLLGTLILI,LLLSYLLALLLIFLLGTLILI,GAS,clash,11.2949,-263.46,30922400000.0,30922400000.0,-58.7285,-286.262,-368.182,4166.09,-57.7291,-23.1914,3172.13,4187.87,61.9706,0.435802,3172.43,4167.78,40.7554,0.435802,-39.7676,1.10011e+17,11,G,129.831998,0.334543149,,,,,0.8721862241639327,1.307773275839949,G,99999900.0,LLLYSLLALLLGTLLGFLILI,21837.82262199985,6510.819055308253,264.5933270603671
LLLTYLLIALLVALLSLLILI,LLLTYLLIALLVILLSLLILI,Right,clash,19.1162,-269.921,32102700000.0,32102700000.0,-60.433,-279.341,-385.79,4184.53,-45.0489,-46.0157,3406.81,4079.64,45.0838,11.7257,3406.81,4079.64,45.0838,11.7257,-5.43846,1.10011e+17,12,A,118.0963,9.03213631,,,,,1.6162458528780748,2.24045669262514,R,99999900.0,LLLAYLLTVLLAFLLSLLILI,29208.4079250144,10884.169315499184,2.6816945225505906
LLLTYLLIALLVALLSLLILI,LLLTYLLIILLVALLSLLILI,Right,clash,19.1885,-269.921,32102900000.0,32102900000.0,-60.4332,-280.691,-386.382,4204.46,-45.0489,-45.2574,3406.81,4079.64,50.022,19.246,3406.81,4079.64,50.022,19.246,-5.43846,1.10011e+17,8,A,118.0963,9.03213631,,,,,0.2368413911596502,0.095885799060328,R,14618445845461.182,LLLAYLLTVLLAFLLSLLILI,24497.64857099096,1791.7299037775051,14.164390126797022
LLLTYLLLFLLVALLSILILI,LLLTYLLLFLLVILLSILILI,Right,clash,15.7677,-273.298,34826900000.0,34826900000.0,-60.4377,-283.449,-377.278,4255.28,-50.7655,-33.391,3447.33,4247.05,34.7622,39.9931,3447.33,4247.05,34.7622,39.9931,-5.89312,1.10011e+17,12,A,89.8289,30.80610374,,,,,0.1313065919281207,0.0065847287673807,R,17775156358375.047,LLLTYLLVFLLALLLASLILI,24218.062111453342,1439.1816920057945,11.392746846169391
LLLTYLLVFLLALLLSILILI,LLLTYLLIFLLALLLSILILI,Right,clash,18.2173,-273.867,40579400000.0,40579400000.0,-60.3544,-282.023,-374.612,4246.27,-45.0692,-32.2348,3369.08,4190.45,55.8081,33.4936,3354.03,4223.75,91.5075,50.5258,-7.70203,1.10011e+17,7,V,96.1018,25.84474449,,,,,0.3887190385706695,0.0358440476431319,R,99999900.0,LLLYALLTVLLALLLSFLILI,25168.14193455985,1617.8011856178514,30.448218516504365
LLLYTLLIALLVLLLFSLILI,LLLYTLLIILLVLLLFSLILI,Right,clash,15.3751,-271.682,42510200000.0,42510200000.0,-60.3998,-292.039,-382.502,4320.21,-45.0649,-30.0636,3515.33,4326.67,41.5899,8.4519,3515.33,4326.67,41.5899,8.4519,-6.50733,1.10011e+17,8,A,122.8777,6.435639795,,,,,0.3482044195434191,0.0073378840770969,R,17593913027754.363,LLLYVLLTILLALLLAFLILI,25029.84172830582,1434.0051686917047,29.61193054775727
LLLYTLLIALLVLLLFSLILI,LLLYILLIALLVLLLFSLILI,Right,clash,16.5546,-267.305,42529400000.0,42529400000.0,-60.3998,-288.804,-376.331,4332.54,-45.0649,-27.1275,3526.17,4295.84,52.6062,20.2922,3515.33,4326.67,83.422,26.0562,-6.50733,1.10011e+17,4,T,118.183,14.65403191,,,,,0.3588257295265484,0.0969361896756485,R,22795790908990.91,LLLYWLLLALLVALLSTLILI,24939.281279669027,1864.4168475183512,24.32360933789755
LLLLYILLLVLATLLFSLILI,LLLLYILLIVLATLLFSLILI,Left,clash,16.5374,-273.565,47699100000.0,47699100000.0,-74.2374,-289.581,-383.342,4181.5,-49.6442,-19.5244,3247.11,4197.26,58.1788,29.17,3237.56,4266.12,119.972,30.0765,-20.5691,1.10011e+16,8,L,102.1596,22.21129129,,,,,0.2720051347103889,0.1335161004005526,L,13448713351097.416,LLLLWALLFVLATLLSLLILI,27801.164921534382,1871.3912307033368,14.523282009426325
LLLYLLLGALLGTLLSFLILI,LLLYLLLGALLITLLSFLILI,GAS,clash,14.8852,-265.304,50362500000.0,50362500000.0,-73.9921,-279.476,-370.424,4288.77,-51.6788,-16.9556,3417.52,4145.36,54.4839,7.58635,3418.96,4122.3,31.5453,5.84314,-18.6621,1.10011e+17,11,G,122.68145,5.823657113,,,,,0.0788430488844887,0.0257598243304921,G,22452663636263.64,LLLYSLLALLLGTLLGFLILI,18934.817685484464,2379.667349217452,14.291607521454516
LLLTLLLFYLLGVLLGSLILI,LLLTLLLFYLLIVLLGSLILI,GAS,clash,16.3514,-270.25,50687200000.0,50687200000.0,-60.3176,-288.617,-377.0,4151.46,-49.7772,-28.0652,3147.61,4239.49,53.1012,0.726336,3147.87,4244.84,42.0646,0.435802,-19.1409,1.10011e+17,11,G,129.541464,0.557571403,,,,,0.5341759478182093,0.1720902889923129,G,99999900.0,LLLAGLLFLLLGTLLGSLILI,25152.204158265584,6540.261464053822,96.5744709485479
LLLYWLLTVLALLLFSLLILI,LLLYWLLTVLAILLFSLLILI,Left,clash,39.9925,-280.598,59583500000.0,59583500000.0,-74.1508,-288.117,-374.103,4285.65,-49.6148,-11.8355,3648.83,4196.07,52.5852,20.5134,3618.08,4268.14,113.453,49.7409,-12.1449,1.10011e+17,11,L,109.7544,15.74709944,,,,,0.1974990628160395,0.1790497705280225,L,5464757398393.979,LLLTSLLAVLLALLFSLLILI,27858.62116592138,1006.813569922292,5.797353494048515
LLLYWLLTVLALLLFSLLILI,LLLYWLLIVLALLLFSLLILI,Left,clash,40.118,-281.368,59583500000.0,59583500000.0,-60.4452,-287.926,-372.076,4400.54,-45.1307,-23.705,3630.0,4234.92,64.6941,50.7023,3618.08,4268.14,93.7166,65.9125,-12.1449,1.10011e+17,7,T,78.8931,39.12353371,,,,,0.2173528497375723,0.2608345261343865,L,-70.40244127278679,LLLTSLLAVLLALLFSLLILI,28159.401488909323,1173.9209831717346,2.69170675187293
LLLSYLLGLLLGFLLSTLILI,LLLSYLLGLLLIFLLSTLILI,GAS,clash,21.796,-275.627,61687100000.0,61687100000.0,-74.0925,-295.235,-389.54,4174.96,-56.6465,-20.2129,3301.58,4199.42,54.4165,3.1769,3302.37,4181.2,33.4567,3.28321,-25.2886,1.10011e+17,11,G,127.0909,2.438745415,,,,,0.1783936297090886,0.0800163323526711,G,14356514465091.098,LLLSYLLGLLLGTLLGFLILI,19539.903691394527,2515.095154785603,17.936814753951964
LLLTLLLGLLLGVLLASLILI,LLLTLLLILLLGVLLASLILI,GAS,clash,18.1299,-260.191,81713300000.0,81713300000.0,-60.2643,-282.368,-399.399,4111.56,-47.5101,-56.7667,3184.83,3971.01,54.8077,0.0,3184.83,3963.18,38.4866,0.0,-17.8028,1.10011e+17,7,G,129.5954,0.0,,,,,0.2491629492275832,0.0175795176410398,G,-0.3060524901926822,LLLALLLTVLLGGLLFSLILI,19476.41350224922,1708.8159292764751,34.85839436326312
LLLSYLLGLLLGFLLGTLILI,LLLSYLLGLLLIFLLGTLILI,GAS,clash,19.4991,-270.959,96677700000.0,96677700000.0,-58.7136,-286.156,-364.798,4149.52,-53.1255,-19.9285,3283.19,4147.55,61.1301,1.38004,3283.42,4128.26,40.2875,1.30741,-25.6118,1.10011e+17,11,G,128.88776,1.059386894,,,,,0.1730103092559275,0.0186391163518478,G,-4.274735167736942,LLLAALLALLLGVLLGTLILI,19199.69242242421,1789.4608542382225,27.41615059616728
LLLALLLTVLLGGLLFSLILI,LLLALLLTVLLGILLFSLILI,GAS,clash,13.0143,-257.566,103561000000.0,103561000000.0,-74.0963,-279.025,-383.219,4137.88,-49.914,-30.0975,3219.74,4086.04,50.62,24.5145,3238.16,4080.12,34.6889,9.38521,-6.42133,1.10011e+17,12,G,105.3075,18.8831631,,,,,0.2630451134558447,0.0252543105409179,G,-20.176785021179068,LLLALLLTVLLGGLLFSLILI,19153.90155671897,1687.4930531117002,36.1034164194564
LLLYALLFLLLGTLLGSLILI,LLLYALLFLLLITLLGSLILI,GAS,clash,16.9791,-266.899,106405000000.0,106405000000.0,-74.1625,-290.335,-383.071,4207.94,-55.2367,-18.5732,3273.58,4219.6,47.4429,0.435802,3273.68,4227.06,37.8042,0.145267,-29.1246,1.10011e+17,11,G,129.831998,0.334543149,,,,,0.1260322177704762,0.0466198643163799,G,-10.312184646039482,LLLAGLLFLLLGTLLGSLILI,18281.49270982877,1737.2280338431242,13.703940300261609
LLLFALLTVLLSLLYLLLILI,LLLFALLTVLLILLYLLLILI,Left,clash,15.8182,-275.8,119064000000.0,119064000000.0,-58.9604,-277.887,-370.092,4285.09,-50.6569,-33.2446,3462.44,4234.98,43.0298,10.3866,3461.91,4233.92,49.2168,10.3529,-7.76537,1.10011e+17,11,S,119.8812,7.973267377,,,,,0.0461634096311497,0.0308385065125238,L,99999900.0,LLLVALLTILLALLFSLLILI,27178.0904234669,443.73332725557606,1.9918794970171745
LLLYLLLAFLLGVLLGSLILI,LLLYLLLAFLLIVLLGSLILI,GAS,clash,16.1531,-263.809,142884000000.0,142884000000.0,-60.278,-288.884,-373.084,4252.96,-48.7196,-23.923,3359.66,4220.64,61.556,0.0,3359.66,4200.1,40.7907,0.0,-11.4742,1.10011e+17,11,G,130.2678,0.0,,,,,0.1730229349519206,0.0029125705428387,G,-18.75658843770485,LLLYSLLALLLGTLLGFLILI,17991.529737120964,1757.4194528497092,25.780559469214293
LLLVYLLTALLIALLSLLILI,LLLVYLLTILLIALLSLLILI,Right,clash,13.8435,-268.649,145876000000.0,145876000000.0,-74.1035,-280.466,-393.218,4206.22,-49.3953,-38.6484,3284.49,4123.35,50.3796,6.67332,3284.49,4123.35,50.3796,6.67332,-14.5457,1.10011e+17,8,A,117.99,9.114017655,,,,,0.3522973045956798,0.0343752762786197,R,11762246226435.03,LLLAYLLTVLLAFLLSLLILI,25100.220276159696,1578.0539475285093,27.483351376323007
LLLYYLLVFLLATLLSLLILI,LLLYYLLIFLLATLLSLLILI,Right,clash,11.2436,-268.865,150877000000.0,150877000000.0,-74.1041,-287.539,-370.063,4376.11,-49.5803,-8.4199,3544.72,4331.9,58.8752,29.9545,3525.69,4362.68,93.0926,47.6757,-11.8168,1.10011e+17,7,V,99.6409,23.11386052,,,,,0.2833974813617947,0.0057544079330905,R,99999900.0,LLLYALLTVLLALLLSFLILI,24801.15460431468,1460.3404848074929,23.40582331029778
LLLVALLLFLISLLLTLLILI,LLLVILLLFLISLLLTLLILI,Left,clash,19.2739,-273.362,159253000000.0,159253000000.0,-74.1581,-282.02,-398.58,4241.62,-49.668,-42.4019,3345.22,4066.45,53.5488,20.7722,3345.22,4066.45,53.5488,20.7722,-14.2178,1.10011e+17,4,A,117.703,15.00066438,,,,,0.2651728694545882,0.1739257459123864,L,15538532872929.83,LLLVALLLFLLSLLYTLLILI,28938.85392346968,562.0311349287118,11.627850058697764
LLLVALLLFLISLLLTLLILI,LLLVALLLFLIILLLTLLILI,Left,clash,15.7282,-272.102,159253000000.0,159253000000.0,-58.9337,-279.774,-387.015,4194.61,-49.668,-48.307,3345.35,4061.48,47.3898,10.9702,3345.22,4066.45,56.8609,11.0898,-14.2178,1.10011e+17,11,S,119.2976,8.421267573,,,,,0.3273948283223044,0.0800907654447631,L,14488636266703.943,LLLVALLLILTFLLASLLILI,28830.98591129745,679.959514172015,22.14225921228686
LLLSYLLVLLLALLLTFLILI,LLLSYLLILLLALLLTFLILI,Right,clash,14.4307,-270.126,161188000000.0,161188000000.0,-58.8832,-284.485,-374.869,4265.61,-49.6154,-31.5004,3537.63,4247.62,55.3733,19.714,3522.73,4265.42,80.1573,27.3556,-5.8953,1.10011e+17,7,V,109.8814,15.21195968,,,,,0.2285269747589011,0.0199682798760536,R,99999900.0,LLLYALLTVLLALLLSFLILI,24453.036187351423,1512.0326347350629,17.965866847276523
LLLSTLLGLLLGVLLAILILI,LLLSTLLGLLLIVLLAILILI,GAS,clash,16.3519,-263.878,164025000000.0,164025000000.0,-44.9506,-268.201,-371.806,4073.57,-50.1437,-58.6541,3148.07,3903.15,57.47,8.39286,3150.13,3883.75,36.7306,5.70541,-17.0296,1.10011e+17,11,G,121.87494,6.442774039,,,,,0.5148874622697273,0.063029573465928,G,-53.78435232061693,LLLTALLALLLGVLLSILILI,21628.026982089214,1425.7108791655526,82.37886011619727
LLLFYLLVALLTALLSLLILI,LLLFYLLVILLTALLSLLILI,Right,clash,12.7229,-262.264,167696000000.0,167696000000.0,-74.2793,-281.945,-377.09,4299.85,-49.8096,-20.8664,3467.77,4164.62,54.8611,11.9554,3467.77,4164.62,54.8611,11.9554,-14.6796,1.10011e+17,8,A,115.2636,11.21412395,,,,,0.3353002274231118,0.0509498859440974,R,9574030408943.523,LLLAYLLTVLLAFLLSLLILI,24724.920908144195,1398.2108935986146,31.1146900179962
LLLSYLLVLLLGTLLAFLILI,LLLSYLLVLLLITLLAFLILI,GAS,clash,15.4514,-269.881,168206000000.0,168206000000.0,-58.8025,-280.308,-365.465,4215.24,-52.1485,-26.3553,3306.47,4242.79,54.5173,0.0726336,3306.57,4229.6,36.4308,0.0726336,-30.2578,1.10011e+17,11,G,130.1951664,0.05575714,,,,,0.2549243411839116,0.003656688637831,G,14702232927367.8,LLLYSLLALLLGTLLGFLILI,19570.838567424315,1631.6733759588883,37.91786539425537
LLLSYLLFVLLALLLATLILI,LLLSYLLFILLALLLATLILI,Right,clash,19.0526,-270.051,173312000000.0,173312000000.0,-58.8379,-285.251,-370.326,4179.95,-49.5592,-26.2371,3424.49,4110.85,47.9463,51.5087,3392.38,4113.84,67.2123,64.6434,-17.9099,1.10011e+17,8,V,79.8209,39.22093724,,,,,0.1957229358823806,0.0905716973967106,R,19614271556124.348,LLLSYLLFVLLALLLATLILI,24432.42618798301,1766.3737632999134,11.033808384341995
LLLSYLLFVLLALLLATLILI,LLLIYLLFVLLALLLATLILI,Right,clash,25.1285,-262.037,173312000000.0,173312000000.0,-58.8379,-285.471,-367.29,4226.8,-49.5592,-22.9811,3383.87,4103.85,41.5818,68.8604,3392.38,4113.84,52.9475,90.3927,-17.9099,1.10011e+17,3,S,100.8704,40.57036201,,,,,0.3281923387242652,0.0178245677701455,R,-34.74862203791367,LLLYALLTVLLALLLSFLILI,25091.1789401527,1380.9529750047277,28.556398277971866
LLLYILLGLLLGTLLASLILI,LLLYILLGLLLITLLASLILI,GAS,clash,22.1767,-261.93,179161000000.0,179161000000.0,-74.0156,-289.8,-397.507,4210.78,-55.0242,-33.6912,3197.9,4116.02,56.792,1.48206,3197.9,4097.78,36.4183,1.48206,-11.5693,1.10011e+17,11,G,128.78574,1.137702487,,,,,0.159961333848533,0.0600071970263261,G,99999900.0,LLLAGLLFLLLGTLLGSLILI,18646.232732401146,1202.506581452557,29.801964052551217
LLLLYWLLTILAFLLSLLILI,LLLLYWLLIILAFLLSLLILI,Left,clash,28.0152,-278.763,197642000000.0,197642000000.0,-60.3383,-291.597,-377.293,4307.8,-45.0857,-25.3583,3528.63,4125.43,64.4148,46.5552,3512.76,4166.89,95.9534,59.9389,-19.6515,1.10011e+16,8,T,84.7744,35.44912952,,,,,0.1021722824965215,0.0181578601231595,L,15085417378841.266,LLLLWALLFVLATLLSLLILI,27392.96634858406,519.2670374177384,7.305411543266836
LLLSYLLVLLLTALLFILILI,LLLSYLLILLLTALLFILILI,Right,clash,15.366,-271.712,216019000000.0,216019000000.0,-58.9269,-277.128,-363.583,4269.9,-49.6114,-27.5279,3398.1,4272.75,47.2357,17.0171,3388.7,4286.46,70.2251,24.1863,-9.4064,1.10011e+17,7,V,112.5783,13.13094446,,,,,0.3652318893094567,0.2003275020253219,R,99999900.0,LLLSYLLVILLTLLLAFLILI,25020.73848315433,2221.249034868609,18.734391542553883
LLLTFLLGVLLGLLLGSLILI,LLLTFLLGVLLILLLGSLILI,GAS,clash,27.2266,-265.48,246784000000.0,246784000000.0,-60.2321,-282.18,-376.744,4130.51,-52.5198,-34.3319,3087.52,4051.37,56.4231,0.0,3087.52,4035.01,36.1056,0.0,-32.3478,1.10011e+17,11,G,130.2678,0.0,,,,,0.1356113222815884,0.0381135641442506,G,-19.629514690395965,LLLTYLLAVLLGLLLAFLILI,18445.85611637063,1304.1263892667407,23.93690234342297
LLLSSLLALLLGVLLGTLILI,LLLSSLLALLLIVLLGTLILI,GAS,clash,15.7931,-264.781,257011000000.0,257011000000.0,-58.7566,-278.09,-386.495,4031.71,-54.967,-49.6482,3081.85,3914.84,61.6814,0.931702,3082.63,3894.77,40.6937,0.4959,-21.5114,1.10011e+17,11,G,129.336098,0.715220492,,,,,0.1711192928687361,0.0001977236283199,G,-31.266195968928244,LLLYSLLALLLGTLLGFLILI,19077.87140716721,1760.5793898492857,25.17640746640204
LLLSYLLVLLLAFLLTILILI,LLLSYLLVLLLIFLLTILILI,Right,clash,19.5272,-279.184,265414000000.0,265414000000.0,-58.8353,-283.324,-372.427,4239.02,-49.8823,-30.2671,3473.64,4224.57,47.8524,10.162,3473.64,4224.57,47.8524,10.162,-16.8978,1.10011e+17,11,A,120.1058,7.800853319,,,,,0.1110061712157011,0.1784468874302306,R,99999900.0,LLLSYLLVFLLATLLSLLILI,23847.00514889067,769.944085771481,19.87466767305549
LLLSYLLTILLAFLLSLLILI,LLLSYLLTILLIFLLSLLILI,Right,clash,14.3929,-272.425,278086000000.0,278086000000.0,-74.2289,-285.704,-383.157,4253.43,-49.4903,-23.2241,3405.36,4172.76,50.5892,7.35348,3405.36,4172.76,50.5892,7.35348,-14.1476,1.10011e+17,11,A,122.91432,5.644894594,,,,,0.3189342294616539,0.1208131240409531,R,19926307699890.844,LLLAYLLTVLLAFLLSLLILI,24753.98434146939,1077.539790233841,33.882778567337894
LLLVALLLLLTFLLASLLILI,LLLVALLILLTFLLASLLILI,Left,clash,18.6888,-267.817,335966000000.0,335966000000.0,-74.2215,-275.43,-382.94,4116.91,-49.8599,-33.2884,3314.48,4083.5,52.6792,16.6804,3276.12,4146.77,110.786,42.2946,-9.22698,1.10011e+17,7,L,112.915,12.87113586,,,,,0.1813520378567564,0.0541919030545621,L,-14.264650777282222,LLLVALLLILTFLLASLLILI,27707.67410245287,780.703622772082,11.69685236353454
LLLTYLLVLLLALLLSFLILI,LLLTYLLILLLALLLSFLILI,Right,clash,15.3588,-271.232,337599000000.0,337599000000.0,-60.4011,-283.75,-379.417,4249.31,-45.0743,-35.2658,3529.25,4233.18,52.5277,23.8841,3519.1,4253.1,77.1593,29.6436,-6.56091,1.10011e+17,7,V,105.7113,18.42974365,,,,,4.798887695383211,5.224764346273705,R,99999900.0,LLLYALLTVLLALLLSFLILI,40668.41048118825,25304.15650770528,92.54298079222798
LLLVALLLLLTFLLASLLILI,LLLVALLLLLTFLLISLLILI,Left,clash,18.5517,-271.883,340546000000.0,340546000000.0,-74.1704,-278.412,-394.94,4159.23,-49.6068,-42.3579,3276.12,4146.77,50.6453,17.6006,3276.12,4146.77,50.6453,17.6006,-9.22698,1.10011e+17,14,A,112.2862,13.55072263,,,,,0.1714134096897669,0.040196670507719,L,16066770638033.271,LLLVALLLILTFLLASLLILI,27886.974763450584,396.141884868667,11.69337646402931
LLLSYLLFVLLATLLSLLILI,LLLSYLLFVLLATLLILLILI,Right,clash,14.3253,-267.37,403991000000.0,403991000000.0,-58.8523,-275.087,-359.325,4249.69,-49.6,-25.3861,3418.72,4203.47,59.8659,35.6922,3414.17,4210.8,69.9862,35.8381,-16.715,1.10011e+17,15,S,94.0282,27.51471627,,,,,0.3077749131321954,0.0162481729628846,R,19084990908990.9,LLLSYLLFVLLALLLATLILI,24885.79853695854,1384.9159382559571,26.7521547245338
LLLSYLLFVLLATLLSLLILI,LLLSYLLFVLLITLLSLLILI,Right,clash,14.3266,-269.401,404049000000.0,404049000000.0,-74.099,-284.526,-381.825,4224.45,-49.6,-23.2,3414.17,4210.8,54.1455,4.08068,3414.17,4210.8,54.1455,4.08068,-16.715,1.10011e+17,11,A,126.18712,3.1325316,,,,,0.4006311168600752,0.065328804271777,R,20737682418120.88,LLLSYLLFVLLALLLATLILI,25174.54265496011,1282.196771203142,37.44093434039056
LLLLYVLIALLLTLFLLLILI,LLLLYVLIILLLTLFLLLILI,Left,clash,13.578,-279.046,426440000000.0,426440000000.0,-58.8692,-281.965,-376.134,4288.13,-49.6118,-35.3001,3426.96,4264.43,49.726,20.1062,3426.96,4264.43,49.726,20.1062,-18.8045,1.1011e+16,8,A,111.2234,15.30972454,,,,,0.2377985552495146,0.0541525807964534,L,16716913333233.344,LLLLAVLIFLLATLLSLLILI,28162.57383854188,682.283931016395,16.315183596404776
LLLLAYLTLLLWFLVSLLILI,LLLLAYLILLLWFLVSLLILI,Left,clash,15.122,-279.857,479687000000.0,479687000000.0,-60.3962,-288.019,-372.323,4303.16,-45.1356,-23.9076,3622.42,4162.37,54.3884,21.3208,3602.98,4194.47,84.8287,41.7721,-7.41464,1.1011e+16,7,T,108.2746,16.45181851,,,,,0.6291408354985684,0.0976998442510988,L,99999900.0,LLLLAVLIFLLATLLSLLILI,32280.645075117573,1868.2874745792071,57.099128484942376
LLLLAYLTLLLWFLVSLLILI,LLLLIYLTLLLWFLVSLLILI,Left,clash,18.417,-282.437,479700000000.0,479700000000.0,-74.2366,-290.647,-384.964,4299.03,-49.8937,-20.0809,3602.98,4194.47,51.9738,37.8049,3602.98,4194.47,51.9738,37.8049,-7.41464,1.1011e+16,4,A,100.6703,27.30084521,,,,,0.7360711275035752,0.1731197704914743,L,99999900.0,LLLLIVLTWLLALLFSLLILI,36270.93611795958,7102.29316412282,50.18335768329108
LLLAYLLFLLLGTLLSILILI,LLLAYLLFLLLITLLSILILI,GAS,clash,17.0775,-268.194,495912000000.0,495912000000.0,-74.1028,-282.912,-381.87,4226.08,-52.5004,-24.8546,3234.4,4213.2,43.3374,0.508435,3234.44,4216.18,30.3267,0.145267,-19.1342,1.10011e+17,11,G,129.759365,0.390299829,,,,,0.1417829219494823,0.1081079909609209,G,99999900.0,LLLAGLLFLLLGTLLGSLILI,22490.72652085201,7376.098714087222,32.13348870350596
LLLLYLLTFLLAVLLILLILI,LLLLYLLTFLLIVLLILLILI,Left,clash,19.2546,-278.342,525062000000.0,525062000000.0,-58.7776,-281.18,-374.426,4329.93,-49.4533,-34.4687,3410.46,4343.39,39.773,4.83254,3410.46,4343.39,39.773,4.83254,-6.65336,1.1011e+16,11,A,125.43526,3.709696487,,,,,0.315100176629993,0.0019838451688395,L,16716913333233.344,LLLLWILTYLLAVLLFLLILI,28641.242805156115,778.5315340992889,25.65340094996961
LLLLYLLVTLLAILLFLLILI,LLLLYLLVILLAILLFLLILI,Left,clash,23.1055,-277.633,546958000000.0,546958000000.0,-45.0858,-279.492,-363.617,4329.17,-45.0858,-39.0389,3368.74,4316.01,47.4333,12.1879,3359.08,4336.36,74.0184,16.7676,-12.0804,1.1011e+16,8,T,119.1417,9.280390712,,,,,0.1775005218407656,0.1547524073115705,L,99999900.0,LLLLWILTYLLAVLLFLLILI,27578.46882914455,1135.880830879726,5.566928042640009
LLLLYLLVILLATLLFLLILI,LLLLYLLVILLITLLFLLILI,Left,clash,23.109,-280.843,546958000000.0,546958000000.0,-58.8513,-282.593,-372.074,4338.32,-49.5879,-30.6295,3415.95,4325.8,55.7848,26.3927,3415.95,4325.8,55.7848,26.3927,-9.08882,1.1011e+16,11,A,103.8751,20.26034062,,,,,0.2747243900869692,0.1504566641666158,L,99999900.0,LLLLAYLVILLFTLLSLLILI,28537.94894324038,757.0420130613006,13.76606023777657
LLLYFLLGVLLGTLLGLLILI,LLLYFLLGVLLITLLGLLILI,GAS,clash,38.352,-268.07,560761000000.0,560761000000.0,-58.6992,-275.238,-350.346,4293.27,-55.5096,-16.4086,3274.57,4196.45,62.5679,0.0,3274.57,4173.53,40.5619,0.0,-28.7978,1.10011e+17,11,G,130.2678,0.0,,,,,0.2010444802750536,0.2050443963424928,G,-3.938102292765773,LLLYSLLALLLGTLLGFLILI,18867.637907275344,436.1676041536499,50.95267448932257
LLLYFLLGVLLGTLLGLLILI,LLLYFLLIVLLGTLLGLLILI,GAS,clash,40.0417,-267.99,561449000000.0,561449000000.0,-58.6992,-274.949,-350.801,4272.06,-55.5394,-17.1536,3274.57,4185.71,57.5896,0.0,3274.57,4173.53,40.1499,0.0,-28.7978,1.10011e+17,7,G,129.5954,0.0,,,,,0.220770509368858,0.1428080157799699,G,10836474877056.531,LLLAGLLFLLLGTLLGSLILI,19244.76064887124,2366.244362794503,17.638851480606174
LLLYSLLVALLFLLLTLLILI,LLLYSLLVILLFLLLTLLILI,Right,clash,20.5888,-279.587,613678000000.0,613678000000.0,-58.8767,-284.416,-372.162,4341.37,-55.608,-28.8692,3484.94,4313.3,55.0538,17.9669,3484.94,4313.3,55.0538,17.9669,-5.07416,1.10011e+17,8,A,113.3627,13.68076961,,,,,0.192061493664516,0.0418070548891229,R,12998910526215.783,LLLTALLVALLFALLSLLILI,24611.62288007674,1650.8692266500652,13.616344958086191
LLLTALLFLLLGYLLGSLILI,LLLTALLFLLLIYLLGSLILI,GAS,clash,16.439,-268.957,619887000000.0,619887000000.0,-60.326,-286.589,-374.044,4096.43,-53.4858,-27.1288,3173.63,4175.59,51.9778,1.67057,3174.58,4176.7,39.1287,1.16214,-22.501,1.10011e+17,11,G,128.59723,1.282412077,,,,,0.2781344724135393,0.0602504849051843,G,99999900.0,LLLAGLLFLLLGTLLGSLILI,19757.717450699773,1366.138801758956,47.2280679232573
LLLYTLLAILLGLLLGFLILI,LLLYTLLAILLILLLGFLILI,GAS,clash,17.2008,-266.794,629784000000.0,629784000000.0,-44.9774,-280.226,-356.627,4271.7,-46.5115,-31.4235,3509.14,4192.07,58.7715,0.0,3509.14,4173.5,38.1072,0.0,-22.1321,1.10011e+17,11,G,130.2678,0.0,,,,,0.1298189835864421,0.0388402254646822,G,-18.08925009422548,LLLYSLLALLLGTLLGFLILI,19174.539007717474,2369.1888507836256,15.071551583118808
LLLAYLLFTLLTLLLSILILI,LLLAYLLFILLTLLLSILILI,Right,clash,17.0422,-267.447,765591000000.0,765591000000.0,-74.3067,-282.151,-382.172,4211.34,-49.9177,-25.714,3400.79,4231.53,44.8765,19.8763,3389.29,4242.35,68.2927,36.5546,-7.84811,1.10011e+17,8,T,111.4533,15.1346688,,,,,0.4865900355768042,0.2283957692807155,R,99999900.0,LLLSYLLFVLLALLLATLILI,25565.792332867302,2367.0324861308004,27.24031132671057
LLLSYLLGVLLGLLLGTLILI,LLLSYLLGVLLILLLGTLILI,GAS,clash,15.2381,-262.306,826111000000.0,826111000000.0,-58.7288,-283.369,-374.872,4138.59,-56.1204,-32.7744,3170.45,4014.65,58.7791,0.0,3170.45,3995.88,38.2651,0.0,-20.7472,1.10011e+17,11,G,130.2678,0.0,,,,,0.1853988927494001,0.0634230606543615,G,-44.001851962067725,LLLTYLLAVLLGLLLAFLILI,18901.546279923023,1896.2675129141664,20.696020442009385
LLLTYLLFLLLGVLLGSLILI,LLLTYLLFLLLGVLLISLILI,GAS,clash,20.8565,-273.026,887312000000.0,887312000000.0,-60.3378,-282.469,-367.848,4236.7,-53.9534,-25.0408,3116.23,4167.4,63.5234,3.32425,3116.19,4144.19,41.6174,3.2853,-30.1867,1.10011e+17,15,G,126.39615,2.562627004,,,,,0.1563665857322366,0.1056490151519552,G,16863699961696.572,LLLAGLLFLLLGTLLGSLILI,19014.73514968239,2298.072307619046,12.024495238272085
LLLSYLLGLLLGTLLGFLILI,LLLSYLLGLLLITLLGFLILI,GAS,clash,13.8867,-264.674,1062200000000.0,1062200000000.0,-58.7496,-277.681,-355.335,4182.43,-54.9764,-18.9051,3313.94,4170.16,61.2259,0.0,3313.94,4151.1,40.7234,0.0,-22.2715,1.10011e+17,11,G,130.2678,0.0,,,,,0.1834243305031621,0.0008949925663627,G,99999900.0,LLLAGLLFLLLGTLLGSLILI,18843.70508365699,1530.8860331547107,27.10207491591812
LLLATLLVGLLFGLLFLLILI,LLLATLLVGLLFILLFLLILI,GAS,clash,18.2863,-267.027,1151950000000.0,1151950000000.0,-45.0114,-271.548,-343.403,4217.58,-45.0114,-26.8437,3193.72,4214.85,45.6682,0.944237,3196.48,4212.74,28.8319,0.0726336,-16.382,1.10011e+17,12,G,128.877763,0.727332039,,,,,0.3879187451528164,0.1788943087508462,G,12395659656672.176,LLLTGLLFGLLAILLSLLILI,19741.524799159164,2803.629908191617,38.493805189954585
LLLYFLLGALLGILLSLLILI,LLLYFLLGALLIILLSLLILI,GAS,clash,25.0976,-262.78,1351780000000.0,1351780000000.0,-60.3266,-279.32,-364.85,4315.11,-52.1229,-25.2036,3303.6,4172.06,60.2409,0.0663661,3303.6,4147.31,37.3979,0.0663661,-26.9479,1.10011e+17,11,G,130.2014339,0.050945898,,,,,0.2151955185609007,0.0506132262138426,G,99999900.0,LLLTGLLFGLLAILLSLLILI,19853.77718785411,2093.5131008426392,36.95699240352185
LLLALLLGLLLGVLLGSLILI,LLLALLLILLLGVLLGSLILI,GAS,clash,16.963,-254.539,1400440000000.0,1400440000000.0,-60.3054,-279.041,-392.143,4068.68,-54.3219,-52.7965,3142.64,3919.6,56.8886,2.07504,3142.99,3905.35,37.7945,2.07504,-30.7627,1.10011e+17,7,G,127.52036,1.601167943,,,,,0.3405386404608506,0.2280056121712729,G,16211100667180.64,LLLALLLTVLLGGLLFSLILI,20018.830658299896,437.2200861520805,73.88365271097612
LLLAYLLGVLLGLLLSTLILI,LLLAYLLIVLLGLLLSTLILI,GAS,clash,23.0737,-264.454,1442260000000.0,1442260000000.0,-74.1418,-289.127,-396.011,4124.73,-54.2706,-32.7421,3193.16,4094.93,57.915,0.0,3193.16,4080.45,39.0937,0.0,-15.265,1.10011e+17,7,G,129.5954,0.0,,,,,0.4944727794265643,0.1766429398161754,G,10102555030313.334,LLLALLLTVLLGGLLFSLILI,21976.30436153793,1684.078925268503,91.20227663915126
LLLYSLLVALLFALLTLLILI,LLLYSLLVALLFALLILLILI,Right,clash,18.7315,-272.269,1872630000000.0,1872630000000.0,-45.0333,-271.982,-344.69,4311.76,-48.6487,-27.6749,3427.53,4267.1,51.5298,15.4259,3422.16,4286.2,72.5678,19.2626,-12.5778,1.10011e+17,15,T,114.2945,11.89165312,,,,,0.1614988575304422,0.2592075004574132,R,14229373995382.115,LLLTALLVALLFALLSLLILI,24187.17620429473,475.437244185226,28.890735359613
LLLWSLLTLLLGVLLAFLILI,LLLWSLLTLLLIVLLAFLILI,GAS,clash,16.5021,-269.449,1891640000000.0,1891640000000.0,-58.8001,-281.385,-370.118,4263.28,-52.6967,-29.9331,3343.45,4142.7,54.5401,0.581069,3343.65,4129.95,36.4698,0.363168,-18.8028,1.10011e+17,11,G,129.686731,0.446057276,,,,,0.1998030340510784,0.0170366062147686,G,-99.99961118047024,LLLYSLLALLLGTLLGFLILI,19138.33610493921,1719.0200421263012,27.64676757778764
LLLFYLLTALLIALLSLLILI,LLLFYLLTILLIALLSLLILI,Right,clash,16.2417,-264.489,2245950000000.0,2245950000000.0,-74.2083,-282.038,-379.278,4323.64,-49.4862,-23.0312,3447.9,4172.42,48.7547,7.79832,3447.9,4172.42,48.7547,7.79832,-13.6937,1.10011e+17,8,A,124.45439,4.13459198,,,,,0.1777579044517769,0.0583782747251194,R,8742418006961.982,LLLAYLLTVLLAFLLSLLILI,24365.806429999662,1227.0103044623593,18.353855224097547
LLLFYLLVTLLIALLSLLILI,LLLFYLLVILLIALLSLLILI,Right,clash,12.9826,-263.706,2419880000000.0,2419880000000.0,-60.4486,-282.48,-372.765,4339.0,-45.0725,-29.837,3544.44,4245.21,52.9152,18.7477,3521.13,4272.19,80.5571,22.0558,-12.9621,1.10011e+17,8,T,112.5819,14.27530427,,,,,0.3620805638725652,0.0331351105609017,R,20581608333233.32,LLLAYLLTVLLAFLLSLLILI,25129.52098158205,1334.862527722401,32.30316119870314
LLLSYLLVALLTLLLSFLILI,LLLSYLLIALLTLLLSFLILI,Right,clash,18.0513,-272.008,2420590000000.0,2420590000000.0,-74.2797,-284.227,-381.681,4176.09,-49.7653,-23.1746,3559.4,4185.04,50.7557,29.2582,3548.36,4199.63,78.2996,42.4337,-15.869,1.10011e+17,7,V,100.3372,22.57657293,,,,,0.5085812885205292,0.0981645508302566,R,99999900.0,LLLYALLTVLLALLLSFLILI,25642.36817983027,1244.4613769216148,48.43196431607981
LLLAILLYTLLFVLLSLLILI,LLLAILLYILLFVLLSLLILI,Right,clash,12.4602,-264.919,2668260000000.0,2668260000000.0,-60.5116,-283.374,-378.055,4212.38,-45.16,-34.1692,3434.39,4209.77,47.7687,15.6073,3423.22,4217.53,69.8748,21.1808,-6.56542,1.10011e+17,8,T,115.7223,11.88406879,,,,,0.37863265331621,0.3095629652064628,R,19902138259809.785,LLLAYLLTVLLAFLLSLLILI,24943.714622970525,665.0670620910364,50.06866441866137
LLLSYLLVALLITLLFLLILI,LLLSYLLVALLIILLFLLILI,Right,clash,26.4169,-280.562,2838930000000.0,2838930000000.0,-45.0832,-277.297,-354.926,4269.17,-45.0832,-32.545,3311.92,4139.67,43.7329,1.96111,3310.17,4149.87,67.1985,2.0707,-5.44671,1.10011e+17,12,T,127.86089,1.510614534,,,,,0.4305037858120278,0.170839745450823,R,22622926274322.777,LLLTYLLAVLLAILLFLLILI,25106.0592447993,1145.4096166302852,46.19566010724829
LLLSYLLVALLITLLFLLILI,LLLSYLLVILLITLLFLLILI,Right,clash,26.64,-283.769,2850320000000.0,2850320000000.0,-58.8681,-280.575,-365.903,4284.8,-49.5866,-26.4604,3310.17,4149.87,39.5981,0.547392,3310.17,4149.87,39.5981,0.547392,-5.44671,1.10011e+17,8,A,130.782208,0.416807787,,,,,0.4148324286831512,0.0261831610473623,R,19665930429372.73,LLLTYLLAVLLAILLFLLILI,25277.39121250444,1407.873313388592,36.31149964595556
LLLYVLLTLLLGALLAFLILI,LLLYVLLTLLLIALLAFLILI,GAS,clash,12.6297,-263.711,3610280000000.0,3610280000000.0,-58.7433,-278.13,-360.793,4286.03,-51.5438,-23.92,3477.45,4226.79,54.817,10.2454,3479.66,4213.02,36.4572,7.41267,-21.2603,1.10011e+17,11,G,120.0224,7.86487528,,,,,0.1903921869038997,0.041000194653804,G,-99.99942965575364,LLLFVLLTILLGALLSLLILI,17894.82407505787,1848.122461951106,32.30383815835385
LLLSYLLVLLLGALLAFLILI,LLLSYLLVLLLIALLAFLILI,GAS,clash,9.1298,-260.652,3616740000000.0,3616740000000.0,-44.9973,-277.03,-353.55,4220.48,-49.1789,-31.5234,3304.46,4202.08,54.2089,3.41378,3305.03,4191.02,36.7368,2.46954,-34.7785,1.10011e+17,11,G,126.85402,2.620586208,,,,,0.3055136134250849,0.0052370872047317,G,22795790908990.91,LLLTYLLAVLLGLLLAFLILI,20325.027014202773,2000.1240686042795,44.4410194809177
LLLTALLIALLFLLLSVLILI,LLLTILLIALLFLLLSVLILI,Right,clash,22.1017,-271.334,4132100000000.0,4132100000000.0,-60.4084,-279.555,-381.467,4182.24,-45.0946,-41.5033,3263.63,4086.49,52.9057,11.1885,3263.63,4086.49,52.9057,11.1885,-5.65405,1.10011e+17,4,A,127.2867,8.079786128,,,,,5.556339473258988,3.101136687648215,R,99999900.0,LLLTALLVALLFALLSLLILI,42699.29233039719,18612.97709406325,649.3279528674849
LLLYILLGLLLGTLLAFLILI,LLLYILLGLLLITLLAFLILI,GAS,clash,13.1859,-265.243,4768290000000.0,4768290000000.0,-58.718,-278.573,-360.843,4287.96,-52.8201,-23.5523,3497.7,4255.34,57.5556,1.88847,3498.87,4235.61,36.6695,1.38004,-25.5412,1.10011e+17,11,G,128.37933,1.449682884,,,,,0.2484019060788292,0.2696120642665519,G,99999900.0,LLLYSLLALLLGTLLGFLILI,19635.83896404212,989.6693610383916,64.64876146766677
LLLLYLLLAVLTSLLFSLILI,LLLLYLLLIVLTSLLFSLILI,Left,clash,17.3213,-275.277,4857800000000.0,4857800000000.0,-89.5936,-289.816,-398.294,4207.62,-51.3566,-18.8843,3344.34,4191.09,60.9111,34.8524,3344.34,4191.09,60.9111,34.8524,-24.3779,1.10011e+16,8,A,96.4772,26.53811479,,,,,0.2304055393776479,0.1301594626605293,L,18998407692207.707,LLLLLALLFVLTSLLAILILI,27974.40884960876,1223.769932173404,26.368528522443967
LLLLYALLLLLTVLFILLILI,LLLLYALLLLLIVLFILLILI,Left,clash,19.2613,-276.846,5101520000000.0,5101520000000.0,-45.156,-278.044,-363.829,4254.63,-45.156,-40.6285,3427.98,4294.91,47.6052,25.8619,3420.42,4310.09,74.006,34.5116,-7.22906,1.1011e+16,11,T,104.4059,19.85287231,,,,,0.4558475103061998,0.4160924698907453,L,99999900.0,LLLLYVLLLLLATLFSLLILI,30681.850278983897,2043.1406783397583,13.217352616930514
LLLLAYLLLTLAVLLFSLILI,LLLLAYLLLTLIVLLFSLILI,Left,clash,17.3315,-274.423,5506520000000.0,5506520000000.0,-74.2134,-287.318,-380.663,4210.35,-49.5904,-19.1313,3291.79,4231.88,58.5672,26.6661,3291.79,4231.88,58.5672,26.6661,-12.6397,1.10011e+16,11,A,103.6017,20.47021597,,,,,0.376905111568697,0.4204401586426798,L,20581608333233.32,LLLLALLLLFLTVLLSILILI,30553.00788311616,2269.851833619001,6.510230270650505
LLLLYVLLLILATLLFSLILI,LLLLYVLLIILATLLFSLILI,Left,clash,16.4419,-273.036,6399560000000.0,6399560000000.0,-74.2722,-289.002,-383.525,4155.88,-49.8851,-20.251,3313.54,4192.45,58.1914,33.1023,3301.63,4259.01,119.223,33.3968,-15.1973,1.10011e+16,8,L,98.2273,25.20551346,,,,,0.2277061387300634,0.110674763098269,L,20896141666566.67,LLLLAVLLFILALLLSTLILI,27629.23010450308,1565.0147004775106,12.221429736553311
LLLLYVLLLILATLLFSLILI,LLLLYVLLLILITLLFSLILI,Left,clash,16.3958,-277.096,6399560000000.0,6399560000000.0,-74.2722,-293.151,-391.022,4225.41,-49.8851,-23.5993,3301.63,4259.01,57.4005,27.2736,3301.63,4259.01,57.4005,27.2736,-15.1973,1.10011e+16,11,A,102.9942,20.93656299,,,,,0.7749931977320704,0.0868053354485718,L,99999900.0,LLLLYVLLLLLATLFSLLILI,32461.000939394053,359.696675236664,68.39659613894982
LLLTALLAFLLGVLLGLLILI,LLLTALLAFLLIVLLGLLILI,GAS,clash,17.5889,-264.865,10577000000000.0,10577000000000.0,-44.9299,-270.128,-356.362,4106.73,-49.8553,-41.3048,3082.21,4004.96,57.3093,0.0,3082.21,3994.14,40.5402,0.0,-21.538,1.10011e+17,11,G,130.2678,0.0,,,,,0.427461746662589,0.185631710040675,G,-17.94003972275768,LLLTALLVGLLGGLLFLLILI,20925.501272371424,874.7280099095174,82.27093998765585
LLLVALLLFLLSLLYTLLILI,LLLVILLLFLLSLLYTLLILI,Left,clash,22.3956,-276.905,13493700000000.0,13493700000000.0,-74.19,-286.212,-389.137,4234.76,-52.5085,-28.7353,3451.33,4227.44,54.3274,29.1901,3451.33,4227.44,54.3274,29.1901,-7.71278,1.10011e+17,4,A,109.2851,21.07965903,,,,,0.614756397908216,0.5037412202171399,L,99999900.0,LLLVALLLFLLSLLYTLLILI,32342.74530324583,2900.3898327709053,21.14420195217541
LLLLYLLVALLISLLFTLILI,LLLLYLLVALLIILLFTLILI,Right,clash,10.5759,-269.061,14610600000000.0,14610600000000.0,-58.9208,-285.327,-369.335,4280.03,-49.6467,-25.087,3463.21,4321.3,50.5145,8.00554,3462.48,4323.83,58.5537,8.27252,-14.2936,1.10011e+17,12,S,121.81646,6.166551124,,,,,0.2720199410232841,0.2239399564224178,R,99999900.0,LLLTYLLAVLLAILLFLLILI,24601.252938937883,657.0455827654384,36.06202081823774
LLLLYLLVALLISLLFTLILI,LLLLYLLVILLISLLFTLILI,Right,clash,10.6025,-271.09,14627400000000.0,14627400000000.0,-74.2452,-288.662,-384.995,4289.7,-55.2342,-22.0881,3462.48,4323.83,38.6101,13.9857,3462.48,4323.83,38.6101,13.9857,-14.2936,1.10011e+17,8,A,117.3439,10.64931287,,,,,0.2539723317331921,0.2276891532958045,R,99999900.0,LLLLALLVALLFALLSTLILI,24509.70187091405,640.7209141454831,34.77189688089607
LLLLYLLTALLFLLTSLLILI,LLLLYLLTILLFLLTSLLILI,Left,clash,16.9527,-277.878,16505700000000.0,16505700000000.0,-87.8384,-291.262,-400.586,4274.33,-54.2563,-21.4857,3217.07,4287.53,45.4461,5.2613,3217.07,4287.53,45.4461,5.2613,-34.5702,1.1011e+16,8,A,126.0683,4.006179871,,,,,0.4345193143892011,0.1935071866364855,L,99999900.0,LLLVALLLILTFLLASLLILI,31668.91580667273,3500.074836244313,46.72356207894589
LLLTVLLALLLGFLLGSLILI,LLLTVLLALLLIFLLGSLILI,GAS,clash,17.1158,-263.933,22418000000000.0,22418000000000.0,-60.3442,-285.672,-386.01,4080.31,-50.0301,-39.9935,3183.59,4013.14,62.3737,3.70431,3184.77,3992.71,40.7616,2.54218,-21.2463,1.10011e+17,11,G,126.56349,2.843611391,,,,,0.3523253042108148,0.2772370550902482,G,99999900.0,LLLAGLLFLLLGTLLGSLILI,20083.41694129717,321.04814751254224,80.74520180766186
LLLTYLLVALLIALLFLLILI,LLLTYLLVALLIILLFLLILI,Right,clash,23.0392,-279.422,31133300000000.0,31133300000000.0,-45.0773,-278.47,-356.325,4287.75,-45.0773,-32.7776,3252.56,4274.97,45.517,5.6423,3252.56,4274.97,45.517,5.6423,-7.52921,1.10011e+17,12,A,124.1797,4.346181695,,,,,0.2949401185773451,0.1910814869655334,R,99999900.0,LLLTYLLVFLLALLLASLILI,24631.162483830343,835.2667083338393,36.03568721782956
LLLTYLLVALLIALLFLLILI,LLLTYLLVILLIALLFLLILI,Right,clash,23.179,-279.42,31133300000000.0,31133300000000.0,-45.0773,-278.517,-355.373,4302.28,-45.0773,-31.7789,3252.56,4274.97,54.3808,0.944237,3252.56,4274.97,54.3808,0.944237,-7.52921,1.10011e+17,8,A,124.1797,4.346181695,,,,,0.3884430581087488,0.0146650047406368,R,99999900.0,LLLTYLLVFLLALLLASLILI,24965.37884419133,1552.7112692060282,33.417791247622866
LLLLFWLLTILVALLLSLILI,LLLLFWLLIILVALLLSLILI,Left,clash,20.6951,-271.151,43880000000000.0,43880000000000.0,-60.4018,-288.352,-388.384,4255.67,-45.0697,-39.6299,3378.02,4154.78,51.7245,29.3708,3366.49,4184.56,81.5813,40.2569,-17.6336,1.10011e+16,8,T,101.9588,22.36418903,,,,,0.3201950026817741,0.0330925453705693,L,11268202283046.44,LLLLYFLLAVLTALLLSLILI,28908.90267755697,389.3218323633472,24.27116858582263
LLLTYLLGVLLGILLALLILI,LLLTYLLGVLLIILLALLILI,GAS,clash,16.0492,-264.992,51239900000000.0,51239900000000.0,-44.9618,-274.398,-364.38,4197.07,-49.8368,-45.0196,3239.81,4090.57,58.6798,0.0,3239.81,4067.64,36.7861,0.0,-17.05,1.10011e+17,11,G,130.2678,0.0,,,,,0.2144588747344011,0.0149706341374204,G,17678615626979.953,LLLTGLLFGLLAILLSLLILI,18830.558884712464,1594.367387370764,30.019921905042622
LLLSYLLVALLTILLFLLILI,LLLSYLLVILLTILLFLLILI,Right,clash,9.25074,-264.745,62277400000000.0,62277400000000.0,-58.9824,-280.642,-369.805,4262.72,-49.8782,-30.1803,3392.83,4270.86,45.9453,29.0442,3392.83,4270.86,45.9453,29.0442,-9.35026,1.10011e+17,8,A,102.2854,22.11550176,,,,,0.4070368513302478,0.1398443877839161,R,20750795506624.254,LLLTYLLAVLLAILLFLLILI,25316.950579761386,964.0365536580902,42.39279360581904
LLLTYLLLALLISLLFVLILI,LLLTYLLLILLISLLFVLILI,Right,clash,17.1622,-278.497,72761800000000.0,72761800000000.0,-60.355,-279.986,-369.669,4302.33,-50.038,-29.3284,3373.13,4300.41,50.3619,11.89,3373.13,4300.41,50.3619,11.89,-7.14306,1.10011e+17,8,A,119.4396,9.053556852,,,,,4.748210548886341,5.296432654151947,R,99999900.0,LLLTYLLAVLLAILLFLLILI,40591.41700688703,25350.732740243995,84.05018227941912
LLLYILLGLLLGTLLASLILI,LLLYILLILLLGTLLASLILI,GAS,clash,23.0314,-261.91,80622300000000.0,80622300000000.0,-74.0156,-289.509,-397.52,4211.79,-52.5581,-33.996,3197.9,4119.5,62.454,0.0,3197.9,4097.78,41.1803,0.0,-11.5693,1.10011e+17,7,G,129.5954,0.0,,,,,0.0396121868378842,0.1898917534003057,G,99999900.0,LLLAGLLFLLLGTLLGSLILI,17588.418683224456,459.84204764738337,25.60437709518624
LLLLVILTALLYLLLFLLILI,LLLLVILTILLYLLLFLLILI,Left,clash,15.5199,-275.113,88365600000000.0,88365600000000.0,-58.893,-282.801,-378.905,4295.05,-53.5713,-37.2106,3342.87,4292.1,42.7848,8.99929,3342.87,4292.1,42.7848,8.99929,-11.5857,1.1011e+16,8,A,122.33031,6.852446059,,,,,0.7600478083243387,0.2764865891707443,L,99999900.0,LLLLWILTYLLAVLLFLLILI,32819.18663557027,1809.6827517862853,78.14280354758888
LLLLFLLGTLLGVLLASLILI,LLLLFLLGTLLIVLLASLILI,GAS,clash,26.5575,-250.49,100649000000000.0,100649000000000.0,-73.9927,-282.792,-385.526,4158.77,-55.311,-28.7404,3161.04,4089.28,58.3127,0.0726336,3161.04,4067.85,36.8758,0.0726336,-16.7625,1.10011e+17,11,G,130.1951664,0.05575714,,,,,0.0977027774733693,0.0232648677727273,G,99999900.0,LLLFYLLGVLLGLLLASLILI,20730.527945092777,5068.772980835532,11.964209061737751
LLLLYWLLTILVALLLSLILI,LLLLYWLLIILVALLLSLILI,Left,clash,34.021,-276.171,148659000000000.0,148659000000000.0,-60.4195,-290.442,-391.993,4269.73,-45.0868,-41.1309,3570.31,4080.16,56.1637,43.0228,3553.71,4114.71,88.1422,59.4843,-19.1093,1.10011e+16,8,T,88.3068,32.75940839,,,,,0.4141172277145259,0.1153910214886081,L,13836780148069.855,LLLLYVLLLILATLLFSLILI,29417.14762537638,882.5610986024524,27.19295047603624
LLLLYVLLLILATLLLSLILI,LLLLYVLLLILITLLLSLILI,Left,clash,20.5643,-275.845,177321000000000.0,177321000000000.0,-74.2517,-290.707,-410.154,4196.15,-49.8673,-45.1955,3331.59,4174.23,46.1318,21.1598,3331.59,4174.23,46.1318,21.1598,-14.5478,1.10011e+16,11,A,109.108,16.24330802,,,,,0.2869016463642074,0.2574238916462403,L,20896141666566.67,LLLLYVLLLLLATLFSLLILI,30165.781623025978,2134.8633365267374,8.576457825683239
LLLLYVLLLILATLLLSLILI,LLLLYVLLIILATLLLSLILI,Left,clash,20.6535,-271.784,177321000000000.0,177321000000000.0,-74.2517,-286.294,-399.508,4141.7,-49.8673,-38.9625,3342.84,4101.76,57.6846,33.0568,3331.59,4174.23,120.737,32.9659,-14.5478,1.10011e+16,8,L,98.2728,25.1708678,,,,,0.2243695857094739,0.1660874218037158,L,99999900.0,LLLLAVLLFILALLLSTLILI,29953.14512772761,2473.0666015937472,8.744312488431477
LLLLYLLLFVLATLLLSLILI,LLLLYLLLFVLITLLLSLILI,Left,clash,19.9299,-276.625,191552000000000.0,191552000000000.0,-74.2037,-291.435,-394.221,4255.7,-49.615,-28.5822,3227.42,4288.71,41.3202,6.69852,3227.42,4288.71,41.3202,6.69852,-18.611,1.10011e+16,11,A,123.56928,5.142114936,,,,,0.3715319942055937,0.0840624651413011,L,99999900.0,LLLLALLLFVLTWLLSLLILI,28614.250595501504,1608.0986264510962,25.52202277868134
LLLLYVLLLALTILLFSLILI,LLLLYVLLLALIILLFSLILI,Left,clash,14.2929,-275.113,204647000000000.0,204647000000000.0,-60.4404,-288.1,-376.338,4249.22,-45.1029,-27.7978,3376.94,4288.32,58.4493,37.9102,3344.07,4318.79,86.1592,39.8512,-12.5804,1.10011e+16,11,T,92.3576,29.10174272,,,,,0.2815863493952533,0.0189774707384033,L,20737682418120.88,LLLLYVLLLILATLLFSLILI,29671.597891699144,1558.1168683182148,24.124820168598955
LLLLYVLLLALTILLFSLILI,LLLLYVLLIALTILLFSLILI,Left,clash,14.323,-274.263,204647000000000.0,204647000000000.0,-74.2827,-287.744,-381.265,4180.15,-49.8582,-19.2386,3364.28,4239.98,61.8956,39.5595,3344.07,4318.79,127.249,41.9875,-12.5804,1.10011e+16,8,L,91.7701,30.12230297,,,,,0.2657074437405799,0.0243009795724956,L,99999900.0,LLLLLALLYVLTALLFSLILI,28150.557361722083,1022.3041431553144,20.323686269445904
LLLLWYLLSTLVALLFLLILI,LLLLWYLLITLVALLFLLILI,Left,clash,20.0826,-278.805,216110000000000.0,216110000000000.0,-58.8507,-283.417,-360.25,4349.36,-49.5535,-17.9823,3417.36,4237.21,44.8825,31.8755,3413.95,4240.04,51.8502,33.6833,-14.0887,1.10011e+16,8,S,99.4541,24.27137523,,,,,0.5141659741602214,0.1441460613898164,L,99999900.0,LLLLAYLLLTLAVLLFSLILI,29002.197818528057,2486.921342098157,50.38254060884645
LLLLYILVTLLLALLFLLILI,LLLLYILVILLLALLFLLILI,Left,clash,17.5762,-275.565,367631000000000.0,367631000000000.0,-45.0699,-279.596,-364.569,4302.93,-45.0699,-39.9031,3347.39,4269.53,54.0536,16.1138,3337.31,4298.74,83.6994,26.6787,-13.7409,1.1011e+16,8,T,115.2158,12.26973965,,,,,0.3955843809119738,0.0520989346186286,L,16211100667180.64,LLLLWILTYLLAVLLFLLILI,29183.927580244366,863.216921014286,29.337273488349
LLLTILLALLLGFLLGSLILI,LLLTILLALLLIFLLGSLILI,GAS,clash,16.0333,-264.347,644162000000000.0,644162000000000.0,-60.2535,-288.889,-391.361,4094.05,-50.0416,-42.2186,3148.74,4083.84,60.1089,0.653703,3149.38,4067.52,40.55,0.726336,-25.1796,1.10011e+17,11,G,129.614097,0.501814723,,,,,0.2138073406847792,0.0155919659079434,G,22452663636263.64,LLLAGLLFLLLGTLLGSLILI,18937.520896654773,1597.4778970941372,29.8592915856283
LLLALLLGLLLGTLLGFLILI,LLLALLLGLLLITLLGFLILI,GAS,clash,15.9911,-259.858,1607890000000000.0,1607890000000000.0,-58.691,-272.75,-367.382,4144.8,-53.6794,-35.9409,3197.43,4022.59,61.7392,1.59794,3198.4,4002.16,40.6679,1.0895,-24.8153,1.10011e+17,11,G,128.66986,1.226657701,,,,,0.1996777001056271,0.0056583871474026,G,15.431725760701491,LLLAGLLFLLLGTLLGSLILI,19068.922756003463,1619.295603059295,28.81301421391577
LLLYLLLAILLGFLLSTLILI,LLLYLLLAILLIFLLSTLILI,GAS,clash,10.5087,-263.52,4661110000000000.0,4661110000000000.0,-74.2296,-293.24,-388.105,4325.4,-53.9737,-20.636,3442.43,4305.35,53.7771,0.0,3442.43,4284.54,31.4302,0.0,-21.7761,1.10011e+17,11,G,130.2678,0.0,,,,,0.1092041328516502,0.1117582442211737,G,22452663636263.64,LLLYTLLAILLGLLLGFLILI,18177.45606308885,877.4747961001843,27.71638809857033
LLLLYWLLTLLVALLSFLILI,LLLLYWLLILLVALLSFLILI,Left,clash,42.5542,-277.747,5461810000000000.0,5461810000000000.0,-60.4892,-289.33,-374.006,4315.69,-45.1202,-24.1873,3668.82,4187.74,52.0259,29.4123,3653.59,4217.38,83.6023,47.9586,-17.7225,1.10011e+16,8,T,101.9173,22.39578892,,,,,0.2608181815860553,0.1308899276646383,L,12759169818579.762,LLLLIFLLWLLTALLSVLILI,28462.99883742237,1023.5952914326498,28.89783909614708
LLLSYLLVILLTFLLSLLILI,LLLSYLLVILLTFLLILLILI,Right,clash,15.1941,-274.523,7755990000000000.0,7755990000000000.0,-59.0063,-279.187,-364.8,4286.99,-49.8978,-26.607,3416.27,4204.89,53.5189,17.1758,3415.24,4203.55,59.3961,17.2514,-17.0472,1.10011e+17,15,S,112.5446,13.24063139,,,,,1.1697933760594537,0.1423067818343159,R,99999900.0,LLLAYLLTVLLAFLLSLLILI,28311.974134134107,2828.6845580012923,89.58892677373463
LLLLYVLLFLLATLLILLILI,LLLLYVLIFLLATLLILLILI,Left,clash,16.8877,-273.374,7848720000000000.0,7848720000000000.0,-58.8982,-277.127,-363.883,4268.1,-49.6465,-27.858,3343.78,4214.0,49.7929,37.6084,3330.65,4244.33,99.0932,119.557,-14.5024,1.1011e+16,7,L,91.987,29.01985719,,,,,0.207518341980893,0.1212184722191845,L,16581763099149.084,LLLLAVLLFLLATLISLLILI,28165.816949249067,441.07191935969576,9.960826588282682
LLLLYVLLFLLATLLILLILI,LLLLYVLLFLLITLLILLILI,Left,clash,16.7744,-277.436,7848720000000000.0,7848720000000000.0,-58.8982,-281.172,-374.528,4298.49,-49.6465,-34.4577,3330.65,4244.33,42.8044,4.89891,3330.65,4244.33,42.8044,4.89891,-14.5024,1.1011e+16,11,A,125.36889,3.760645378,,,,,0.2751533355000716,0.1164193741237629,L,99999900.0,LLLLAVLLFLLATLISLLILI,30496.62074812213,2826.590601686869,15.769360087919932
LLLYTLLAVLIALLLSLLILI,LLLYTLLIVLIALLLSLLILI,Left,clash,24.0004,-279.197,1.07e+16,1.07e+16,-60.3479,-280.86,-386.347,4255.39,-45.0195,-45.1387,3363.02,4114.91,56.2644,17.0614,3363.02,4114.91,56.2644,17.0614,-11.3191,1.10011e+17,7,A,118.4285,9.088431677,,,,,0.532392815550555,0.2243588206034903,L,13116392894745.86,LLLTSLLAVLLALLFSLLILI,30624.496237240288,1151.9364434075526,30.56412478828708
LLLLYFLLATLVALLLSLILI,LLLLYFLLITLVALLLSLILI,Left,clash,21.4158,-272.981,1.11e+16,1.11e+16,-74.1508,-285.28,-380.652,4213.18,-49.5295,-21.2212,3313.59,4135.68,50.6076,12.3201,3313.59,4135.68,50.6076,12.3201,-17.392,1.10011e+16,8,A,119.1785,8.198533376,,,,,4.57807033959999,5.30336787983861,L,99999900.0,LLLLYLLLFVLATLLLSLILI,47533.14754007947,25766.30827617812,681.0529913842605
LLLLYVLLLLLATLFSLLILI,LLLLYVLLILLATLFSLLILI,Left,clash,17.9297,-272.986,1.57e+16,1.57e+16,-74.1131,-283.635,-381.177,4159.06,-49.6115,-23.4289,3387.82,4195.5,54.7159,26.0185,3376.5,4268.79,117.896,26.4184,-11.2712,1.1011e+16,8,L,105.3111,19.81160378,,,,,0.1928463159234811,0.0508736973362509,L,99999900.0,LLLVALLTILLALLFSLLILI,27324.685174428163,1573.6902623123783,18.712292202577544
LLLSYLLGVLLGTLLGLLILI,LLLSYLLGVLLITLLGLLILI,GAS,clash,17.6543,-266.682,2.18e+16,2.18e+16,-58.7296,-272.434,-363.69,4137.53,-52.2484,-32.5268,3245.3,4033.42,62.0747,0.0,3245.3,4012.18,40.895,0.0,-19.8281,1.10011e+17,11,G,130.2678,0.0,,,,,0.2042630357521515,0.0692381449255951,G,7412864699063.498,LLLFYLLGVLLGLLLASLILI,18925.25662193272,1136.910752001171,37.286434088440245
LLLYVLLLILLATLLSFLILI,LLLYVLLLILLATLLIFLILI,Right,clash,14.6814,-270.504,2.36e+16,2.36e+16,-58.8653,-278.066,-364.509,4332.52,-49.5949,-27.5773,3596.85,4251.76,63.6699,21.2591,3594.62,4258.88,74.1815,23.9558,-6.57676,1.10011e+17,15,S,108.4613,16.38840152,,,,,0.0927451296064768,0.0253261876641327,R,18428319730718.645,LLLYALLTVLLALLLSFLILI,23763.75620185464,1514.5634773526117,6.270814335716718
LLLLYILLLVLATLLFSLILI,LLLLYILLLVLITLLFSLILI,Left,clash,16.4961,-277.625,3.33e+16,3.33e+16,-74.2374,-293.497,-390.617,4235.83,-49.6442,-22.8827,3237.56,4266.12,57.5394,21.2622,3237.56,4266.12,57.5394,21.2622,-20.5691,1.10011e+16,11,A,109.0056,16.32191532,,,,,0.542050792915561,0.4093791760658196,L,20896141666566.67,LLLLLALLYVLTALLFSLILI,31751.92665977757,2410.926552277653,20.655044380952912
LLLTILLAVLLAYLLSLLILI,LLLTILLAVLLIYLLSLLILI,Right,clash,18.7934,-272.251,5.22e+16,5.22e+16,-60.262,-284.097,-387.043,4216.53,-45.0092,-42.6847,3335.04,4098.69,52.9496,2.1451,3335.04,4098.69,52.9496,2.1451,-11.4044,1.10011e+17,11,A,128.1227,1.646684752,,,,,0.2410707206687349,0.0631600494125873,R,16716913333233.344,LLLAYLLTVLLAFLLSLLILI,24790.91992750315,1700.0971985957012,16.45780351342821
LLLYSLLALLLGTLLGFLILI,LLLYSLLALLLITLLGFLILI,GAS,clash,17.5119,-268.802,7.24e+16,7.24e+16,-58.7271,-277.961,-357.91,4255.67,-54.2178,-21.2218,3405.02,4205.87,61.3519,0.508435,3405.39,4186.92,40.9297,0.363168,-21.3296,1.10011e+17,11,G,129.759365,0.390299829,,,,,0.0914148178814888,0.0047866000640341,G,99999900.0,LLLAGLLFLLLGTLLGSLILI,18075.89025401279,1456.3178680459455,13.95904173295103
LLLYFLLGLLLGVLLASLILI,LLLYFLLILLLGVLLASLILI,GAS,clash,27.7798,-262.164,1.55e+17,1.55e+17,-60.2828,-287.33,-370.272,4292.13,-54.1736,-22.659,3231.65,4132.74,58.1468,0.0,3231.65,4115.37,37.9682,0.0,-37.2871,1.10011e+17,7,G,129.5954,0.0,,,,,0.142954803528226,0.0220044758853834,G,-17.208196237489894,LLLAGLLFLLLGTLLGSLILI,18716.86068947433,1528.8585169132614,23.340935552000467
LLLLLWLLTVLIALLSFLILI,LLLLLWLLIVLIALLSFLILI,Left,clash,27.4068,-271.155,2.27e+17,2.27e+17,-60.4716,-287.202,-387.005,4266.36,-45.1038,-39.3322,3664.48,4091.18,56.7816,34.5244,3645.2,4125.62,86.9764,47.8744,-10.8968,1.10011e+16,8,T,96.8052,26.2883615,,,,,0.2821076572202422,0.0430563406905536,L,-45.140216305298246,LLLLLALLFVLTWLLSLLILI,28980.554693501435,633.2994200263408,25.559823027039407
LLLYALLALLLGTLLGFLILI,LLLYALLALLLITLLGFLILI,GAS,clash,15.4348,-264.93,3.73e+17,3.73e+17,-58.7826,-277.381,-356.6,4226.3,-54.7864,-20.4365,3424.39,4200.95,61.5596,0.145267,3424.51,4181.23,40.5547,0.0,-25.481,1.10011e+17,11,G,130.122533,0.111514127,,,,,0.1103608398346397,0.0071142125724179,G,-7.153612776843802,LLLAGLLFLLLGTLLGSLILI,18500.300463332307,1690.6525277336125,15.509693538593035
LLLSSLLALLLGTLLGFLILI,LLLSSLLALLLITLLGFLILI,GAS,clash,16.0253,-267.505,1.36e+18,1.36e+18,-58.7549,-273.409,-368.021,4078.57,-57.038,-35.8572,3211.17,4025.54,61.0848,0.786435,3211.37,4006.18,40.4556,0.713801,-24.8316,1.10011e+17,11,G,129.481365,0.603706365,,,,,0.2308029767857081,0.0288408170264613,G,99999900.0,LLLAGLLFLLLGTLLGSLILI,19022.426551288445,1678.04376478841,30.98239477492009
LLLSSLLFLLLGVLLGTLILI,LLLSSLLFLLLIVLLGTLILI,GAS,clash,21.2637,-274.797,2.07e+18,2.07e+18,-58.7727,-282.481,-377.721,4123.15,-57.1492,-36.4675,3099.43,4052.31,52.4978,3.54025,3100.72,4052.71,39.2964,2.59601,-31.0222,1.10011e+17,11,G,126.72755,2.717670829,,,,,0.1630740063229619,0.0236884041332564,G,-22.902829229253065,LLLAGLLFLLLGTLLGSLILI,19230.25558951825,2077.811000755009,21.54590106239676
LLLFALLLLLVTLLYSLLILI,LLLFALLILLVTLLYSLLILI,Left,clash,13.3599,-270.217,3.59e+18,3.59e+18,-74.2685,-282.043,-377.302,4282.09,-51.9234,-20.9905,3483.73,4178.47,49.6775,20.9774,3449.49,4264.16,118.21,47.0241,-17.4217,1.10011e+17,7,L,108.618,16.18683996,,,,,0.2329549509164695,0.2943290773878901,L,-22.88356712974144,LLLVALLLLLTFLLASLLILI,28782.321079991303,1116.8656679803878,2.03077059283984
LLLLSYLLFVLATLLLILILI,LLLLSYLLFVLITLLLILILI,Left,clash,21.9943,-280.786,9.69e+18,9.69e+18,-58.8946,-278.828,-367.039,4246.88,-50.3236,-29.3167,3242.8,4269.22,41.9924,7.55132,3242.8,4269.22,41.9924,7.55132,-13.3019,1.10011e+16,11,A,122.71648,5.796766354,,,,,0.4023124833333515,0.2060078224994887,L,20750795506624.254,LLLLLALLFVLTSLLAILILI,30444.93741636808,1335.5782170537486,20.987629848738766
LLLLYILTFLLAVLLSLLILI,LLLLYILTFLLIVLLSLLILI,Left,clash,16.1734,-276.393,2.57e+19,2.57e+19,-74.1772,-285.673,-386.236,4256.75,-49.493,-26.3861,3312.31,4261.54,45.6874,8.68212,3312.31,4261.54,45.6874,8.68212,-14.4515,1.1011e+16,11,A,121.58568,6.664824308,,,,,1.4809312154041232,0.9703489585519022,L,99999900.0,LLLLWILTYLLAVLLFLLILI,36200.83025671418,6944.026172072639,64.99604453502027
LLLSYLLVILLTLLLAFLILI,LLLSYLLIILLTLLLAFLILI,Right,clash,15.0723,-271.99,1.07e+21,1.07e+21,-58.9725,-281.433,-370.061,4193.67,-49.8497,-29.6551,3520.03,4201.23,51.1189,38.5661,3504.16,4223.55,85.4423,52.8612,-10.9575,1.10011e+17,7,V,91.0293,29.75884947,,,,,0.3837473943300263,0.0417259821083129,R,9264460239177.146,LLLSYLLFVLLALLLATLILI,25196.06569924393,1317.4747321170823,34.62770919661507
LLLASLLFLLLGYLLGTLILI,LLLASLLALLLGYLLGTLILI,GAS,void,,,,,,,,,,,3143.62,4010.89,59.1858,31.4727,3166.04,4111.27,151.01,165.434,-18.8019,1.1e+17,7,F,98.1227,24.28535272,3112.1473,3000.606,111.5413,0.0,0.5868122334209334,0.0321074875868506,G,16581763099149.084,LLLASLLVGLLFLLLGLLILI,22897.544187832,2556.278318869653,83.06396294540839
LLLASLLFLLLGYLLGTLILI,LLLASLLFLLLGALLGTLILI,GAS,void,,,,,,,,,,,3215.63,3950.13,59.9649,56.9468,3166.04,4111.27,167.941,118.529,-18.8019,1.1e+17,12,Y,72.8752,43.86529248,3158.6832,3047.511,111.1722,0.0,0.1919699481277941,0.0031606580390475,G,4.204226933476702,LLLASLLVGLLFLLLGLLILI,19473.27253602906,1994.1767220493225,28.59630247934449
LLLYFLLAVLLGLLLGSLILI,LLLYALLAVLLGLLLGSLILI,GAS,void,,,,,,,,,,,3296.1,4007.94,60.2627,62.016,3268.14,4161.48,160.752,138.504,-16.4919,1.1e+17,4,F,76.4592,44.78491456,3234.084,3129.636,104.448,0.0,0.1837537985002905,0.0280110909657675,G,4.614496329114334,LLLALLLTVLLGGLLFSLILI,19823.21947855464,2625.72604724686,24.140882838092
LLLYFLLAVLLGLLLGSLILI,LLLAFLLAVLLGLLLGSLILI,GAS,void,,,,,,,,,,,3124.61,3974.63,66.458,88.7522,3268.14,4161.48,185.296,306.236,-16.4919,1.1e+17,3,Y,80.9786,52.28997919,3035.8578,2961.904,73.9538,0.0,0.576757929401595,0.0175015750048447,G,-54.20767293641091,LLLALLLTVLLGGLLFSLILI,22381.883683198896,1881.398924697953,86.74878837493016
LLLYALLALLLGTLLSFLILI,LLLYALLALLLGTLLSALILI,GAS,void,,,,,,,,,,,3766.37,4646.03,43.4317,82.882,3852.73,4750.34,138.163,260.013,-18.5403,1.1e+17,16,F,46.5808,64.01993468,3683.488,3592.717,90.771,0.0,0.2245171806621176,0.0448079062319775,G,-10.816923133437149,LLLAGLLFLLLGTLLGSLILI,19217.35003052728,1339.944301530595,37.72513887915311
LLLYALLALLLGTLLSFLILI,LLLAALLALLLGTLLSFLILI,GAS,void,,,,,,,,,,,3711.46,4583.76,61.9205,110.925,3852.73,4750.34,175.605,324.243,-18.5403,1.1e+17,3,Y,66.5638,60.78272182,3600.535,3528.487,72.048,0.0,0.2314532595969569,0.054184675107931,G,-71.08609544590973,LLLAGLLFLLLGTLLGSLILI,19417.25566467417,1405.4661892963934,39.72277401415633
LLLYILLTVLLGFLLALLILI,LLLYILLTVLLGALLALLILI,GAS,void,,,,,,,,,,,3453.79,4130.34,49.0837,49.2108,3439.55,4235.79,136.29,134.315,-13.6347,1.1e+17,12,F,80.6112,37.9063641,3404.5792,3305.235,99.3442,0.0,0.3581832633111608,0.083156792468083,G,-99.9992256326573,LLLALLLTVLLGGLLFSLILI,19590.057535911896,1320.3708273401382,61.40011011065544
LLLYILLTVLLGFLLALLILI,LLLYILLTVLLGFLLAALILI,GAS,void,,,,,,,,,,,3458.98,4232.06,49.3686,87.9017,3439.55,4235.79,88.6926,132.785,-13.6347,1.1e+17,16,L,41.5611,67.8972647,3371.0783,3306.765,64.3133,0.0,0.2342475040627199,0.0001498524430351,G,12762835703821.596,LLLALLLTVLLGGLLFSLILI,18787.94444884349,1578.6689061301663,34.47690235233337
LLLYFLLATLLGVLLGLLILI,LLLYALLATLLGVLLGLLILI,GAS,void,,,,,,,,,,,3692.63,4580.28,48.2641,46.0764,3652.3,4711.47,147.176,108.522,-12.6205,1.1e+17,4,F,92.3988,33.27411695,3646.5536,3543.778,102.7756,0.0,0.2250604402063694,0.0213203241590335,G,22795790908990.91,LLLYSLLALLLGTLLGFLILI,21505.34968167217,4622.306818570901,35.359602365120466
LLLAGLLFLLLGVLLATLILI,LLLAGLLFALLGVLLATLILI,GAS,void,,,,,,,,,,,3714.99,4612.52,61.5815,24.4294,3694.96,4675.0,120.441,66.0228,-15.1565,1.1e+17,8,L,106.9002,18.60159477,3690.5606,3628.9372,61.6234,0.0,0.4140859028469134,0.0713451331479968,G,15.828211904694278,LLLAGLLFLLLGTLLGSLILI,20738.83847253218,2045.039077700325,53.54490581956836
LLLAGLLFLLLGVLLATLILI,LLLAGLLFLLLGALLATLILI,GAS,void,,,,,,,,,,,3723.95,4660.17,54.6343,75.8307,3694.96,4675.0,78.6786,100.422,-15.1565,1.1e+17,12,V,53.9913,58.41128622,3648.1193,3594.538,53.5813,0.0,0.3587759340148981,0.0968029107773108,G,52.80381149079923,LLLAGLLFLLLGTLLGSLILI,20450.46234973214,1276.3238741591683,62.90821558173933
LLLAYLLGVLLGLLLGFLILI,LLLAALLGVLLGLLLGFLILI,GAS,void,,,,,,,,,,,3172.59,3877.5,65.6065,70.0357,3180.94,4069.29,184.16,196.876,-31.4568,1.1e+17,4,Y,68.4395,50.57634869,3102.5543,2984.064,118.4903,0.0,1.1441534438250247,0.0764118227029697,G,-2.6071684320973074,LLLALLLTVLLGGLLFSLILI,26543.94735928386,2398.2446476356386,160.5184355652335
LLLAYLLGVLLGLLLGFLILI,LLLAYLLGVLLGLLLGALILI,GAS,void,,,,,,,,,,,3110.48,3984.97,59.2053,115.671,3180.94,4069.29,142.766,270.617,-31.4568,1.1e+17,16,F,13.7918,89.34690119,2994.809,2910.323,84.486,0.0,0.922465953446529,0.1157188384998803,G,1115.1937682379803,LLLALLLTVLLGGLLFSLILI,23802.956308585897,1741.0759795119452,147.8800413683687
LLLAYLLGVLLGLLLTFLILI,LLLAALLGVLLGLLLTFLILI,GAS,void,,,,,,,,,,,3646.8,4593.37,64.2228,85.6046,3599.01,4755.84,172.971,177.763,-18.4709,1.1e+17,4,Y,52.8706,61.81944493,3561.1954,3421.247,139.9484,0.0,0.806421410260278,0.2807081266231402,G,-46.48547219109038,LLLALLLTVLLGGLLFSLILI,23841.937655788963,539.5143202346532,147.97140901478338
LLLAYLLGVLLGLLLTFLILI,LLLAYLLGVLLGLLLTALILI,GAS,void,,,,,,,,,,,3508.91,4654.43,44.2834,91.5903,3599.01,4755.84,136.985,269.26,-18.4709,1.1e+17,16,F,37.8725,70.74642291,3417.3197,3329.75,87.5697,0.0,0.915527450612597,0.4006893890574067,G,286.1097629763579,LLLALLLTVLLGGLLFSLILI,24578.74194461533,550.2552076745338,176.5295350294045
LLLSYLLGLLLGTLLGFLILI,LLLSALLGLLLGTLLGFLILI,GAS,void,,,,,,,,,,,3341.32,3972.2,57.6091,93.2471,3313.94,4151.1,173.545,218.725,-22.2715,1.1e+17,4,Y,45.2281,67.33848371,3248.0729,3095.215,152.8579,0.0,0.8231602089664967,0.1423198612746206,G,138.36296826121094,LLLAGLLFLLLGTLLGSLILI,23869.629981677,1014.4283320460466,136.02715936962122
LLLSYLLGLLLGTLLGFLILI,LLLSYLLGALLGTLLGFLILI,GAS,void,,,,,,,,,,,3340.5,4065.76,61.1779,47.9273,3313.94,4151.1,127.687,93.9539,-22.2715,1.1e+17,8,L,83.4023,36.49390541,3292.5727,3219.9861,72.5866,0.0,0.6450681866627239,0.1180005797712126,G,907.3678428159722,LLLAGLLFLLLGTLLGSLILI,23446.24634897095,3007.547455310578,82.69884139324238
LLLYFLLALLLGTLLGSLILI,LLLYALLALLLGTLLGSLILI,GAS,void,,,,,,,,,,,3305.86,4038.49,52.5205,59.4776,3282.68,4129.9,140.93,128.705,-33.9785,1.1e+17,4,F,78.9976,42.95180653,3246.3824,3153.975,92.4074,0.0,0.1608559681285912,0.0091820114050444,G,-13.706176962832073,LLLAGLLFLLLGTLLGSLILI,18607.74420777759,1455.1189438301387,24.64177155085701
LLLYFLLALLLGTLLGSLILI,LLLAFLLALLLGTLLGSLILI,GAS,void,,,,,,,,,,,3111.73,3936.75,64.4669,99.3758,3282.68,4129.9,186.656,333.627,-33.9785,1.1e+17,3,Y,70.355,58.54906711,3012.3542,2949.053,63.3012,0.0,0.370963949191613,0.099016396995748,G,-33.79395071086718,LLLALLLTVLLGGLLFSLILI,20444.034367208213,1172.0250824750683,64.93334643203177
LLLTFLLGALLGILLSLLILI,LLLTALLGALLGILLSLLILI,GAS,void,,,,,,,,,,,3600.94,4401.31,62.5276,51.3921,3564.63,4488.59,139.348,109.726,-31.2093,1.1e+17,4,F,87.0831,37.11285486,3549.5479,3454.904,94.6439,0.0,0.6339463446642906,0.0697706001575172,G,11397895454445.455,LLLTGLLFGLLAILLSLLILI,23562.16871276421,2647.047104603448,100.61193361244732
LLLTFLLGALLGILLSLLILI,LLLTFLLGALLGILLSALILI,GAS,void,,,,,,,,,,,3561.28,4468.41,41.3326,82.9303,3564.63,4488.59,89.4183,165.496,-31.2093,1.1e+17,16,L,46.5325,64.0572427,3478.3497,3399.134,79.2157,0.0,1.451536722728053,0.1640401876354172,G,99999900.0,LLLTGLLFGLLAILLSLLILI,28395.19994555581,3146.9329235375826,196.6561679558077
LLLTGLLFGLLAILLSLLILI,LLLTGLLAGLLAILLSLLILI,GAS,void,,,,,,,,,,,3732.29,4466.44,57.3131,46.3287,3710.97,4629.13,161.122,119.985,-14.8615,1.1e+17,7,F,83.2667,35.74872256,3685.9613,3590.985,94.9763,0.0,0.1480027231790608,0.0681213601467795,G,-32.8065264289193,LLLTGLLFGLLAILLSLLILI,18336.593645550227,1087.2273627789773,28.88592893634925
LLLTGLLFGLLAILLSLLILI,LLLTGLLFGLLAILLSALILI,GAS,void,,,,,,,,,,,3722.29,4608.62,41.3686,80.7616,3710.97,4629.13,89.9492,155.506,-14.8615,1.1e+17,16,L,48.7012,62.38208968,3641.5284,3555.464,86.0644,0.0,0.1971856997370816,0.0683668115819614,G,27.442778656854102,LLLTGLLFGLLAILLSLLILI,18442.416016242565,1208.797837906308,36.15358629837597
LLLAYLLGLLLGVLLGTLILI,LLLAALLGLLLGVLLGTLILI,GAS,void,,,,,,,,,,,3488.72,4438.82,53.1732,47.8843,3468.17,4588.0,158.682,145.689,-33.5239,1.1e+17,4,Y,99.3464,28.25690087,3440.8357,3322.481,118.3547,0.0,1.069527959209227,0.0179660242239708,G,344.3889148932107,LLLAGLLFLLLGTLLGSLILI,26119.15828321476,2104.828630765391,155.61535815510445
LLLAYLLGLLLGVLLGTLILI,LLLAYLLGALLGVLLGTLILI,GAS,void,,,,,,,,,,,3503.54,4523.53,65.0437,48.4222,3468.17,4588.0,123.904,78.6182,-33.5239,1.1e+17,8,L,82.9074,36.87074353,3455.1178,3389.5518,65.566,0.0,0.8847253081354902,0.1897782863922313,G,3433.5147176910496,LLLAGLLFLLLGTLLGSLILI,24762.344316546383,1211.1077012855635,150.03388271674413
LLLTLLLGVLLGFLLGILILI,LLLTLLLGVLLGALLGILILI,GAS,void,,,,,,,,,,,3556.39,4473.22,50.5615,79.2538,3532.18,4593.62,145.302,193.078,-31.8391,1.1e+17,12,F,50.5682,61.04805041,3477.1362,3339.102,138.0342,0.0,0.9764395869359852,0.0869347602862448,G,-53.895117322145005,LLLALLLTVLLGGLLFSLILI,25462.140655572173,1604.5219213039209,152.83055511653444
LLLTLLLGVLLGFLLGILILI,LLLTALLGVLLGFLLGILILI,GAS,void,,,,,,,,,,,3546.2,4528.17,68.1226,63.0317,3532.18,4593.62,126.476,116.258,-31.8391,1.1e+17,4,L,75.4435,45.5184033,3483.1683,3415.922,67.2463,0.0,1.2283513221740834,0.1919404664724791,G,13835764113942.438,LLLTYLLAVLLGLLLAFLILI,27327.185475573297,1083.9707785420244,200.8572943913356
LLLTYLLAVLLGLLLAFLILI,LLLTALLAVLLGLLLAFLILI,GAS,void,,,,,,,,,,,3803.58,4626.5,58.3938,77.1632,3743.51,4679.26,137.969,169.675,-17.912,1.1e+17,4,Y,61.312,55.72347973,3726.4168,3573.835,152.5818,0.0,0.4125491820652001,0.1079481077507534,G,-2.178222403504632,LLLYSLLALLLGTLLGFLILI,20061.292413106177,1184.02115422895,71.98666489032696
LLLTYLLAVLLGLLLAFLILI,LLLTYLLAVLLGLLLAALILI,GAS,void,,,,,,,,,,,3641.99,4578.37,53.4488,96.7565,3743.51,4679.26,142.404,279.509,-17.912,1.1e+17,16,F,32.7063,74.73691284,3545.2335,3464.001,81.2325,0.0,0.4906066912904422,0.1428803860422085,G,-61.86340992589477,LLLTYLLAVLLGLLLAFLILI,20825.80163167406,915.832266065034,87.11764041285383
LLLALLLGLLLGVLLSTLILI,LLLALLLGALLGVLLSTLILI,GAS,void,,,,,,,,,,,3223.94,3912.69,58.3507,63.2573,3206.43,3987.77,120.617,108.045,-14.0089,1.1e+17,8,L,68.0723,48.16682606,3160.6827,3098.385,62.2977,0.0,1.8806417865670093,1.1169135762811986,G,99999900.0,LLLALLLTVLLGGLLFSLILI,31925.27134747191,4056.098067415264,393.21417486940027
LLLALLLGLLLGVLLSTLILI,LLLAALLGLLLGVLLSTLILI,GAS,void,,,,,,,,,,,3205.01,3892.91,54.7666,63.3809,3206.43,3987.77,124.457,124.097,-14.0089,1.1e+17,4,L,75.0943,45.77057841,3141.6291,3082.333,59.2961,0.0,1.1498881963459957,0.0505452851182427,G,-59.68951424697452,LLLAGLLFLLLGTLLGSLILI,27515.507667092905,2560.776374302593,174.5816596345212
LLLYLLLGALLAFLLSTLILI,LLLYLLLGALLAALLSTLILI,GAS,void,,,,,,,,,,,3461.44,4084.41,50.2728,71.3383,3515.52,4208.62,149.571,223.87,-12.4366,1.1e+17,12,F,58.4837,54.95085579,3390.1017,3291.65,98.4517,0.0,0.193746564887455,0.0719020359615899,G,-28.209118681459604,LLLTVLLGALLGILLSLLILI,20220.88645716977,2863.884034677512,36.015268227724
LLLYLLLGALLAFLLSTLILI,LLLALLLGALLAFLLSTLILI,GAS,void,,,,,,,,,,,3380.32,4021.07,63.7835,66.755,3515.52,4208.62,183.699,287.159,-12.4366,1.1e+17,3,Y,102.9758,39.32992716,3313.565,3228.361,85.204,0.0,0.4141259741115887,0.1523246519434765,G,-44.3692448025239,LLLALLLGFLLGTLLGVLILI,22209.67412376848,3156.440802654286,76.839336793306
LLLTFLLAILLGLLLGVLILI,LLLTALLAILLGLLLGVLILI,GAS,void,,,,,,,,,,,3477.18,4492.97,49.6047,43.7773,3448.38,4608.95,145.876,124.99,-16.1931,1.1e+17,4,F,94.6979,31.61381966,3433.4027,3323.39,110.0127,0.0,0.4220272456639337,0.2081202232744931,G,-2.00269772912369,LLLYSLLALLLGTLLGFLILI,20921.109939803944,869.0046008919645,83.81222719139906
LLLTFLLAILLGLLLGVLILI,LLLTFLLAALLGLLLGVLILI,GAS,void,,,,,,,,,,,3489.25,4622.95,44.1322,51.0532,3448.38,4608.95,67.6845,74.022,-16.1931,1.1e+17,8,I,80.2764,38.87409997,3438.1968,3374.358,63.8388,0.0,0.4284779765538194,0.1377926292447908,G,-19.86849900865772,LLLYSLLALLLGTLLGFLILI,22643.529290301376,3705.558358456753,77.4395658800594
LLLAFLLGILLGLLLGTLILI,LLLAALLGILLGLLLGTLILI,GAS,void,,,,,,,,,,,3535.67,4479.3,55.7038,67.7656,3508.73,4579.29,144.992,143.805,-25.8973,1.1e+17,4,F,70.7096,48.93699377,3467.9044,3364.925,102.9794,0.0,1.370003606130032,0.2929126213596909,G,-3.3965835785240768,LLLASLLVGLLFLLLGLLILI,28385.8418925988,655.9641177323302,232.22856260579445
LLLYFLLGTLLGALLGLLILI,LLLYFLLGTLLGALLGALILI,GAS,void,,,,,,,,,,,3355.59,4078.84,59.2783,86.6294,3354.53,4149.2,120.98,143.906,-33.2671,1.1e+17,16,L,42.8334,66.91451135,3268.9606,3210.624,58.3366,0.0,2.4213265415955307,0.0259560991265135,G,99999900.0,LLLYSLLALLLGTLLGFLILI,34308.98187261564,4685.4414501047095,359.23833834020866
LLLSYLLGLLLGFLLGTLILI,LLLSALLGLLLGFLLGTLILI,GAS,void,,,,,,,,,,,3314.78,3971.05,54.4552,61.2422,3283.42,4128.26,163.055,144.731,-25.6118,1.1e+17,4,Y,77.233,44.22611413,3253.5378,3138.689,114.8488,0.0,1.184339938848623,0.3206363870756201,G,8.59708775238629,LLLAGLLFLLLGTLLGSLILI,26350.744822617693,418.5396678907874,207.7765388299877
LLLSYLLGLLLGFLLGTLILI,LLLSYLLGLLLGALLGTLILI,GAS,void,,,,,,,,,,,3219.38,3983.63,60.0887,99.551,3283.42,4128.26,160.557,258.924,-25.6118,1.1e+17,12,F,30.271,76.6826886,3119.829,3024.496,95.333,0.0,0.8802113545772958,0.1204319677019807,G,-99.96116441298577,LLLAGLLFLLLGTLLGSLILI,25082.0362243798,1907.330196199029,142.14886274531662
LLLTALLLALLFGLLFSLILI,LLLTALLLALLAGLLFSLILI,GAS,void,,,,,,,,,,,3669.16,4542.33,60.3873,49.5174,3638.03,4684.01,158.926,130.892,-11.773,1.1e+17,11,F,80.7504,38.01200297,3619.6426,3507.138,112.5046,0.0,0.242888128685778,0.0527791286650389,G,-25.05661162900324,LLLALLLTVLLGGLLFSLILI,20687.159919920785,3018.3976170958927,41.26019131049621
LLLTALLLALLFGLLFSLILI,LLLTALLLALLFGLLASLILI,GAS,void,,,,,,,,,,,3663.41,4617.86,36.1611,19.6603,3638.03,4684.01,121.008,95.3527,-11.773,1.1e+17,15,F,110.0601,15.15590455,3643.7497,3542.6773,101.0724,0.0,0.3117964998671449,0.1436051915460195,G,-17.14693804240231,LLLTALLVGLLGGLLFLLILI,20757.94227057425,2108.707136176747,60.86364242084529
LLLTYLLAILLGLLLGFLILI,LLLTALLAILLGLLLGFLILI,GAS,void,,,,,,,,,,,3722.98,4554.17,47.0488,53.7485,3646.38,4606.61,126.287,86.2262,-17.9908,1.1e+17,4,Y,89.9688,35.02894381,3669.2315,3560.1538,109.0777,0.0,0.1764449818508403,0.3760751073829517,G,99999900.0,LLLYSLLALLLGTLLGFLILI,19023.639488881403,1188.5045476407786,65.13818705805579
LLLTYLLAILLGLLLGFLILI,LLLTYLLAILLGLLLGALILI,GAS,void,,,,,,,,,,,3573.02,4501.99,44.3224,86.0528,3646.38,4606.61,138.067,255.294,-17.9908,1.1e+17,16,F,43.41,66.46913245,3486.9672,3391.086,95.8812,0.0,0.6602174719254037,0.1311324202774896,G,-62.83378948936099,LLLYSLLALLLGTLLGFLILI,22400.87271947229,972.9469227807888,110.86930939495264
LLLSYLLVLLLGFLLGTLILI,LLLSALLVLLLGFLLGTLILI,GAS,void,,,,,,,,,,,3193.51,4025.32,45.8294,73.1144,3154.78,4179.68,157.53,160.12,-47.5636,1.1e+17,4,Y,65.3608,52.79963488,3120.3956,2994.66,125.7356,0.0,1.3849620154939846,1.456522037731388,G,99999900.0,LLLAGLLFLLLGTLLGSLILI,28970.32817742181,6540.260687802344,355.5863419630824
LLLSYLLVLLLGFLLGTLILI,LLLSYLLVLLLGALLGTLILI,GAS,void,,,,,,,,,,,3157.5,4034.88,60.7286,52.979,3154.78,4179.68,160.924,147.819,-47.5636,1.1e+17,12,F,76.843,40.8089538,3104.521,3006.961,97.56,0.0,0.7613965545419705,0.1203719722847957,G,8500388763969.032,LLLAGLLFLLLGTLLGSLILI,24084.11878531864,1815.4986232974595,124.64735986604045
LLLYSLLALLLGTLLGFLILI,LLLYSLLAALLGTLLGFLILI,GAS,void,,,,,,,,,,,3432.32,4114.94,58.6647,45.8915,3405.39,4186.92,119.971,81.5046,-21.3296,1.1e+17,8,L,85.4381,34.94375982,3386.4285,3323.8854,62.5431,0.0,0.1988983375698897,0.038036566174996,G,-35.64511191161851,LLLAGLLFLLLGTLLGSLILI,20134.3281061478,2728.2079136951543,33.24777943944514
LLLYSLLALLLGTLLGFLILI,LLLASLLALLLGTLLGFLILI,GAS,void,,,,,,,,,,,3229.74,3991.86,65.1209,91.5937,3405.39,4186.92,186.982,324.375,-21.3296,1.1e+17,3,Y,78.1371,53.9641008,3138.1463,3081.015,57.1313,0.0,0.0906366265531921,0.0381643362039566,G,14547395941850.855,LLLASLLVGLLFLLLGLLILI,18241.74723962181,1767.369218437658,9.372396790252346
LLLALLLTVLLGGLLFSLILI,LLLALLLTVLLGGLLASLILI,GAS,void,,,,,,,,,,,3232.21,3908.43,64.4977,45.299,3238.16,4080.12,169.658,138.844,-6.42133,1.1e+17,15,F,84.4214,34.92049053,3186.911,3099.316,87.595,0.0,0.2677819281609948,0.0557848785462758,G,482.6870417246171,LLLALLLTVLLGGLLFSLILI,19005.58664898586,1311.805700517296,45.23871564259024
LLLALLLTVLLGGLLFSLILI,LLLAALLTVLLGGLLFSLILI,GAS,void,,,,,,,,,,,3256.47,3992.65,58.3983,75.9539,3238.16,4080.12,126.71,107.546,-6.42133,1.1e+17,4,L,62.5213,54.85018256,3180.5161,3130.614,49.9021,0.0,0.225457366693934,0.0101863773893267,G,44.83344356550637,LLLALLLTVLLGGLLFSLILI,19264.39240614507,1541.9761002270325,34.25878088787482
LLLGYLLFLLLGVLLASLILI,LLLGALLFLLLGVLLASLILI,GAS,void,,,,,,,,,,,3203.9,3990.06,50.5756,58.7758,3186.76,4132.2,158.598,166.936,-20.4809,1.1e+17,4,Y,79.6994,42.44500098,3145.1242,3019.824,125.3002,0.0,0.5114250223546197,0.1105922372533712,G,10.291087895828746,LLLAGLLFLLLGTLLGSLILI,21346.589205157743,1036.6319371705029,86.8212538131176
LLLGYLLFLLLGVLLASLILI,LLLGYLLFALLGVLLASLILI,GAS,void,,,,,,,,,,,3207.1,4083.27,61.9566,21.8835,3186.76,4132.2,115.315,52.7218,-20.4809,1.1e+17,8,L,109.4461,16.66303712,3185.2165,3134.0382,51.1783,0.0,0.3032851517457673,0.07700992472557,G,-24.314653900011898,LLLAGLLFLLLGTLLGSLILI,20472.479843083813,1916.149560746154,52.67645352868896
LLLTALLVGLLGLLLGFLILI,LLLTALLVGLLGLLLGALILI,GAS,void,,,,,,,,,,,3796.99,4493.89,45.2023,65.0449,3829.34,4594.78,137.77,209.004,-6.9713,1.1e+17,16,F,64.4179,50.2421545,3731.9451,3620.336,111.6091,0.0,0.3256883876841604,0.0424728852827122,G,68.4146062567185,LLLASLLVGLLFLLLGLLILI,20030.79226936576,1396.8710422580282,52.379286372933386
LLLTALLVGLLGLLLGFLILI,LLLTALLVGLLGALLGFLILI,GAS,void,,,,,,,,,,,3853.61,4501.86,63.1509,47.7301,3829.34,4594.78,131.999,82.7721,-6.9713,1.1e+17,12,L,82.0919,36.76580241,3805.8799,3746.5679,59.312,0.0,0.3618568895172943,0.0655543381149236,G,14.28492976528003,LLLASLLVGLLFLLLGLLILI,20407.06806267206,1356.1644805185065,60.10827456228629
LLLYLLLTTLLAGLLFSLILI,LLLYALLTTLLAGLLFSLILI,GAS,void,,,,,,,,,,,3465.11,4210.34,54.0879,71.3111,3450.71,4295.77,121.876,102.235,-8.86812,1.1e+17,4,L,67.1641,51.49738004,3393.7989,3348.475,45.3239,0.0,1.0314106698615892,1.6447361150997477,G,99999900.0,LLLALLLTVLLGGLLFSLILI,26121.77723543979,7756.0051131192195,323.1234474677607
LLLYVLLGLLLGTLLAFLILI,LLLYVLLGLLLGTLLAALILI,GAS,void,,,,,,,,,,,3631.71,4615.7,41.3867,80.7265,3721.3,4717.76,134.317,258.708,-25.0517,1.1e+17,16,F,48.7363,62.35497765,3550.9835,3462.592,88.3915,0.0,0.2826250283703911,0.0868877203545978,G,-32.08330136184081,LLLAGLLFLLLGTLLGSLILI,19866.51420975174,2151.5749600902054,32.56924252166039
LLLYVLLGLLLGTLLAFLILI,LLLAVLLGLLLGTLLAFLILI,GAS,void,,,,,,,,,,,3601.83,4550.05,66.112,75.0632,3721.3,4717.76,180.243,280.017,-25.0517,1.1e+17,3,Y,94.6676,44.22485489,3526.7668,3441.283,85.4838,0.0,0.8075082999864577,0.1497255112407682,G,-45.21207930895647,LLLAGLLFLLLGTLLGSLILI,23646.54333555609,939.3280476569338,134.4935225212509
LLLYFLLGTLLGVLLALLILI,LLLAFLLGTLLGVLLALLILI,GAS,void,,,,,,,,,,,3539.45,4482.25,66.4719,72.6662,3621.05,4646.3,179.924,265.919,-31.0407,1.1e+17,3,Y,124.11208,4.323390924,3466.7838,3355.131,111.6528,0.0,3.0185737006220177,0.6279497168729489,G,99999900.0,LLLYILLTVLLGFLLALLILI,37782.63407505019,9278.865397129852,379.0970920906983
LLLSSLLALLLGTLLGFLILI,LLLSSLLAALLGTLLGFLILI,GAS,void,,,,,,,,,,,3215.13,3936.52,59.6195,50.3604,3211.37,4006.18,120.081,101.229,-24.8316,1.1e+17,8,L,80.9692,38.34657229,3164.7696,3110.141,54.6286,0.0,0.3913367914353782,0.0689188085826085,G,-30.428852384012977,LLLAGLLFLLLGTLLGSLILI,22035.90828436079,3265.5957393034537,64.79944390512792
LLLSSLLALLLGTLLGFLILI,LLLSSLLALLLGTLLGALILI,GAS,void,,,,,,,,,,,3066.33,3859.62,56.8069,108.647,3211.37,4006.18,155.739,306.206,-24.8316,1.1e+17,16,F,20.8158,83.92140445,2957.683,2905.164,52.519,0.0,0.252618003674713,0.0444685603706286,G,20.82758019840791,LLLAGLLFLLLGTLLGSLILI,19747.11951565546,2010.914527751221,32.56745360146379
LLLYVLLALLLGTLLGFLILI,LLLYVLLALLLGTLLGALILI,GAS,void,,,,,,,,,,,3621.25,4624.69,42.3231,83.4025,3723.99,4728.28,135.763,269.314,-20.6671,1.1e+17,16,F,46.0603,64.42198068,3537.8475,3454.676,83.1715,0.0,0.2124076991718805,0.0149131280669457,G,9.09607825479259,LLLAGLLFLLLGTLLGSLILI,19443.960698282142,1874.7485446020723,29.72387769639308
LLLYVLLALLLGTLLGFLILI,LLLAVLLALLLGTLLGFLILI,GAS,void,,,,,,,,,,,3599.96,4566.52,60.2304,88.6858,3723.99,4728.28,173.773,293.815,-20.6671,1.1e+17,3,Y,81.045,52.25085842,3511.2742,3430.175,81.0992,0.0,0.252865958519577,0.0875375755979832,G,-8.927396052343322,LLLAGLLFLLLGTLLGSLILI,19672.992638396125,1355.7364383056345,46.34846256328739
LLLGLLLGALLGTLLSFLILI,LLLGALLGALLGTLLSFLILI,GAS,void,,,,,,,,,,,3635.24,4391.59,57.6141,44.5021,3619.28,4440.06,112.228,88.6375,-19.0839,1.1e+17,4,L,93.9731,32.13723468,3590.7379,3530.6425,60.0954,0.0,1.1589604821076511,0.1094592106495944,G,8296242237983.317,LLLYSLLALLLGTLLGFLILI,27134.91331035379,1790.3054682940765,182.05166316842752
LLLYGLLFLLLGVLLATLILI,LLLYGLLFALLGVLLATLILI,GAS,void,,,,,,,,,,,3812.22,4734.25,61.9889,23.9365,3787.24,4795.83,120.022,61.4478,-24.1814,1.1e+17,8,L,107.3931,18.22627953,3788.2835,3725.7922,62.4913,0.0,0.2452448997396856,0.0236019689825286,G,17.576709790770124,LLLAGLLFLLLGTLLGSLILI,19860.464400755336,1886.6270121794896,38.56929131190412
LLLYLLLGALLGFLLSTLILI,LLLALLLGALLGFLLSTLILI,GAS,void,,,,,,,,,,,3271.26,4003.26,63.9584,47.0284,3346.57,4193.95,185.367,237.824,-31.7777,1.1e+17,3,Y,122.7024,27.70764057,3224.2316,3108.746,115.4856,0.0,1.2054861949834743,0.0241810484168196,G,17910978571328.58,LLLALLLTVLLGGLLFSLILI,27072.611242814488,1880.6523201268417,180.02331235006147
LLLYLLLGALLGFLLSTLILI,LLLYLLLGALLGALLSTLILI,GAS,void,,,,,,,,,,,3334.05,4070.55,50.641,74.18,3346.57,4193.95,149.594,187.803,-31.7777,1.1e+17,12,F,84.5638,34.86173376,3259.87,3158.767,101.103,0.0,1.0610899767732405,0.1732814814301638,G,11862955517812.545,LLLFVLLTILLGALLSLLILI,26284.569689718803,3037.9151990218984,138.20141309549484
LLLYLLLAILLGFLLSTLILI,LLLYLLLAILLGALLSTLILI,GAS,void,,,,,,,,,,,3436.68,4156.01,50.388,50.5881,3442.43,4284.54,147.802,159.502,-21.7761,1.1e+17,12,F,79.2339,38.96727827,3386.0919,3282.928,103.1639,0.0,0.3152493342425605,0.0465690477574129,G,465.2516019827775,LLLFVLLTILLGALLSLLILI,19824.927717345938,1314.2681284922382,51.26864839287716
LLLTVLLLGLLFGLLFALILI,LLLTVLLLGLLFGLLAALILI,GAS,void,,,,,,,,,,,3754.82,4625.61,36.1159,21.9412,3716.9,4694.99,121.435,89.2792,-18.1386,1.1e+17,15,F,107.7792,16.91422475,3732.8788,3627.6208,105.258,0.0,0.4353680684916799,0.0631509193697546,G,-23.036180024043464,LLLATLLVGLLFGLLFLLILI,20589.047990762007,1254.835571880746,70.68241328854705
LLLTVLLLGLLFGLLFALILI,LLLTVLLLGLLAGLLFALILI,GAS,void,,,,,,,,,,,3754.55,4551.87,59.7363,51.0587,3716.9,4694.99,158.454,116.273,-18.1386,1.1e+17,11,F,79.2091,39.195181,3703.4913,3600.627,102.8643,0.0,0.5836045467172692,0.1694188408931005,G,-37.70376226360934,LLLTGLLFGLLAILLSLLILI,22146.15830764255,940.6482345750812,103.57458773519744
LLLAYLLFLLLGVLLGSLILI,LLLAALLFLLLGVLLGSLILI,GAS,void,,,,,,,,,,,3155.4,3927.52,45.8585,35.238,3121.82,4077.76,157.805,140.036,-31.4659,1.1e+17,4,Y,103.2372,25.44715588,3120.162,2981.784,138.378,0.0,0.2584813981044912,0.0524927587074705,G,-3.333437211415638,LLLALLLTVLLGGLLFSLILI,19859.595642707583,1655.8382414593436,43.52645406355165
LLLAYLLFLLLGVLLGSLILI,LLLAYLLFALLGVLLGSLILI,GAS,void,,,,,,,,,,,3145.76,4018.37,63.759,38.7908,3121.82,4077.76,120.635,82.1012,-31.4659,1.1e+17,8,L,92.5388,29.53698176,3106.9692,3039.7188,67.2504,0.0,0.2728266997829663,0.0450750700906365,G,-7.127364567292436,LLLALLLTVLLGGLLFSLILI,19952.80346390426,1664.7690581702766,44.86644197477093
LLLSYLLGTLLGLLLAFLILI,LLLSALLGTLLGLLLAFLILI,GAS,void,,,,,,,,,,,3366.65,3976.9,61.8259,69.476,3343.41,4166.99,180.228,183.679,-13.4407,1.1e+17,4,Y,68.9992,50.17216079,3297.174,3159.731,137.443,0.0,1.8302030553545945,1.0407286055843334,G,99999900.0,LLLTYLLAVLLGLLLAFLILI,30194.87906095137,4320.108073126145,377.8547762025517
LLLSYLLGTLLGLLLAFLILI,LLLSYLLGTLLGLLLAALILI,GAS,void,,,,,,,,,,,3197.14,4020.24,58.6517,114.34,3343.41,4166.99,158.534,313.543,-13.4407,1.1e+17,16,F,15.1228,88.31880664,3082.8,3029.867,52.933,0.0,1.0061204320845454,0.1142035249450095,G,99999900.0,LLLTYLLAVLLGLLLAFLILI,26013.41016196629,2825.3229395020003,136.25845630546766
LLLFSLLTALLGLLLGVLILI,LLLASLLTALLGLLLGVLILI,GAS,void,,,,,,,,,,,3119.2,3885.57,58.9837,107.66,3213.64,4025.25,161.278,283.363,-19.8404,1.1e+17,3,F,62.0708,63.42985481,3011.54,2930.277,81.263,0.0,0.3683488291926584,0.1037634616246074,G,53.07564252186917,LLLALLLTVLLGGLLFSLILI,21253.865014374147,2252.670847072972,65.0425399834853
LLLFSLLTALLGLLLGVLILI,LLLFSLLTALLGALLGVLILI,GAS,void,,,,,,,,,,,3232.38,3947.6,64.103,57.0655,3213.64,4025.25,127.297,96.6578,-19.8404,1.1e+17,12,L,72.7565,43.95672536,3175.3145,3116.9822,58.3323,0.0,0.2705093555301305,0.035115559149203,G,64.07411397741237,LLLFVLLTILLGALLSLLILI,20254.75041871996,2095.597281424129,43.48823165818902
LLLYVLLTLLLGGLLFALILI,LLLYVLLTLLLGGLLAALILI,GAS,void,,,,,,,,,,,3901.22,4617.13,45.3923,29.5062,3877.95,4701.31,134.302,101.598,-9.69791,1.1e+17,15,F,100.2142,22.74599832,3871.7138,3776.352,95.3618,0.0,0.2479782491656027,0.1332464460397445,G,-99.99747317462864,LLLALLLTVLLGGLLFSLILI,18715.393895994694,2427.7214208916125,22.640692096237768
LLLYVLLTLLLGGLLFALILI,LLLYVLLTALLGGLLFALILI,GAS,void,,,,,,,,,,,3895.83,4656.08,63.4441,30.6634,3877.95,4701.31,116.983,64.0356,-9.69791,1.1e+17,8,L,100.6662,23.34843021,3865.1666,3813.9144,51.2522,0.0,0.2834969710145378,0.2526632743716308,G,12.70628773719399,LLLALLLTVLLGGLLFSLILI,20227.670986969217,1519.1287084166586,68.05173339506901
LLLTSLLVGLLAYLLGLLILI,LLLTSLLVGLLAALLGLLILI,GAS,void,,,,,,,,,,,3211.09,3890.38,52.711,47.4703,3186.99,4079.63,171.48,126.818,-9.47755,1.1e+17,12,Y,82.3517,36.56568224,3163.6197,3060.172,103.4477,0.0,0.3148618889699501,0.0839321842604808,G,-30.51078422569564,LLLTGLLFGLLAILLSLLILI,19935.656041484457,1176.389384123877,55.10185301114754
LLLTSLLVGLLAYLLGLLILI,LLLTSLLVGLLAYLLGALILI,GAS,void,,,,,,,,,,,3187.43,4022.29,59.3629,103.745,3186.99,4079.63,116.903,172.334,-9.47755,1.1e+17,16,L,25.7178,80.13498858,3083.685,3014.656,69.029,0.0,0.2743622580803759,0.1117379765419284,G,-11.285941178015158,LLLTGLLFGLLAILLSLLILI,19552.53776705174,980.547829613868,52.03350156545004
LLLTLLLGLLLGFLLSALILI,LLLTLLLGLLLGALLSALILI,GAS,void,,,,,,,,,,,3640.93,4545.33,54.7924,101.301,3641.07,4705.24,159.101,209.978,-28.6058,1.1e+17,12,F,28.521,78.03068817,3539.629,3431.092,108.537,0.0,2.563355985108968,0.0242266513584012,G,99999900.0,LLLFVLLTILLGALLSLLILI,37646.99738074765,2771.8672489894675,374.9268718591247
LLLTLLLGLLLGFLLSALILI,LLLTALLGLLLGFLLSALILI,GAS,void,,,,,,,,,,,3661.61,4643.04,52.6169,50.0067,3641.07,4705.24,111.145,98.187,-28.6058,1.1e+17,4,L,88.4685,36.11238691,3611.6033,3542.883,68.7203,0.0,1.1968277282998816,0.2210954136417375,G,9774897080541.766,LLLTALLVGLLGGLLFLLILI,26625.061752584304,731.0017600391723,199.2511217405405
LLLAFLLGTLLGVLLGLLILI,LLLAALLGTLLGVLLGLLILI,GAS,void,,,,,,,,,,,3529.36,4423.32,59.6063,58.2159,3495.32,4567.44,159.849,128.071,-38.3782,1.1e+17,4,F,80.2593,42.04066865,3471.1441,3367.249,103.8951,0.0,0.915369758747719,0.0750530660491038,G,131.16489675197255,LLLASLLVGLLFLLLGLLILI,25365.074696992862,2063.8541548891585,142.60101388482386
LLLAFLLGTLLGVLLGLLILI,LLLAFLLGTLLGVLLGALILI,GAS,void,,,,,,,,,,,3498.61,4547.06,41.8467,87.147,3495.32,4567.44,90.8987,170.948,-38.3782,1.1e+17,16,L,42.3158,67.31431732,3411.463,3324.372,87.091,0.0,5.994839081981226,3.439544453797553,G,99999900.0,LLLAGLLFLLLGTLLGSLILI,52884.34809356974,24919.143086308773,1240.854664131023
LLLVFLLGTLLGLLLAILILI,LLLVFLLGTLLGLLLAALILI,GAS,void,,,,,,,,,,,3550.39,4663.23,47.8397,92.4771,3565.23,4676.64,88.7266,175.12,-29.6208,1.1e+17,16,I,36.9857,71.43140732,3457.9129,3390.11,67.8029,0.0,3.104757906485916,0.6011384453791537,G,99999900.0,LLLTYLLAVLLGLLLAFLILI,38213.97481581423,9526.33432193589,394.579148020809
LLLTVLLGALLGILLSLLILI,LLLTVLLGALLGILLSALILI,GAS,void,,,,,,,,,,,3679.44,4450.45,41.3947,82.2099,3660.03,4470.03,89.2853,140.818,-19.4822,1.1e+17,16,L,47.2529,63.50078942,3597.2301,3519.212,78.0181,0.0,0.5423809501125303,0.1331397607917716,G,11751288380117.508,LLLTGLLFGLLAILLSLLILI,22501.549993651915,1993.8462231193964,93.72710746440124
LLLTVLLGALLGILLSLLILI,LLLTVLLGALLGALLSLLILI,GAS,void,,,,,,,,,,,3691.32,4454.69,48.1015,38.6362,3660.03,4470.03,87.8454,81.3724,-19.4822,1.1e+17,12,I,91.1858,29.76090339,3652.6838,3578.6576,74.0262,0.0,2.178080823946265,0.1205466436477216,G,99999900.0,LLLTGLLFGLLAILLSLLILI,33167.310701607574,3096.5804000668527,333.26964453272933
LLLYLLLGILLGFLLSTLILI,LLLALLLGILLGFLLSTLILI,GAS,void,,,,,,,,,,,3289.42,4042.32,64.4761,58.0056,3377.12,4235.51,186.921,255.035,-32.077,1.1e+17,3,Y,111.7252,34.17505839,3231.4144,3122.085,109.3294,0.0,1.5969825284630608,1.3873126975901198,G,22795790908990.91,LLLALLLTVLLGGLLFSLILI,32634.46519461767,7846.386188889272,379.5998777200574
LLLYLLLGILLGFLLSTLILI,LLLYLLLGILLGALLSTLILI,GAS,void,,,,,,,,,,,3319.83,4106.89,51.0968,69.8763,3377.12,4235.51,149.106,228.888,-32.077,1.1e+17,12,F,59.9457,53.82469843,3249.9537,3148.232,101.7217,0.0,1.015355425203838,0.0525615079240636,G,99999900.0,LLLFVLLTILLGALLSLLILI,25819.06758129823,1817.7599052084192,154.98189117454928
LLLAGLLYLLLGTLLSFLILI,LLLAGLLALLLGTLLSFLILI,GAS,void,,,,,,,,,,,3765.03,4581.65,59.3647,25.9893,3722.73,4747.82,174.396,146.235,-10.7987,1.1e+17,7,Y,103.6061,20.05418402,3739.0407,3576.495,162.5457,0.0,0.1836748532883144,0.0519062632959631,G,-50.47519077373694,LLLAGLLFLLLGTLLGSLILI,19170.008862721344,1532.569246428821,32.45026485317829
LLLAGLLYLLLGTLLSFLILI,LLLAGLLYLLLGTLLSALILI,GAS,void,,,,,,,,,,,3637.16,4644.66,41.6014,81.7687,3722.73,4747.82,134.994,257.904,-10.7987,1.1e+17,16,F,47.6941,63.15999654,3555.3913,3464.826,90.5653,0.0,1.087316939142329,1.4528121150332725,G,99999900.0,LLLAGLLFLLLGTLLGSLILI,24573.4874851302,6510.154058535684,311.3723858151935
LLLTALLVGLLGGLLFLLILI,LLLTALLVGLLGGLLALLILI,GAS,void,,,,,,,,,,,3791.52,4455.06,43.4866,19.992,3779.3,4529.24,127.715,74.337,-20.3721,1.1e+17,15,F,109.7284,15.41160835,3771.528,3704.963,66.565,0.0,0.3645314765506223,0.0248790049152051,G,-36.581270035059866,LLLTGLLFGLLAILLSLLILI,20202.981162039418,1451.4231802765094,56.26698087078472
LLLTALLVGLLGGLLFLLILI,LLLTALLVGLLGGLLFALILI,GAS,void,,,,,,,,,,,3781.52,4483.42,52.6244,22.1103,3779.3,4529.24,107.657,61.2544,-20.3721,1.1e+17,16,L,107.3525,17.07849668,3759.4097,3718.0456,41.3641,0.0,0.8070632648690179,0.01225957633824,G,-32.1778900185602,LLLALLLTVLLGGLLFSLILI,23904.041825518623,1775.4109066299177,120.11501880034857
LLLAYLLVFLLGLLLGSLILI,LLLAALLVFLLGLLLGSLILI,GAS,void,,,,,,,,,,,3149.32,3945.76,52.4908,74.6408,3107.04,4113.64,169.786,147.142,-33.0247,1.1e+17,4,Y,63.8344,53.90192612,3074.6792,2959.898,114.7812,0.0,0.8811552381375913,0.1442973125224205,G,-61.40084122141578,LLLALLLTVLLGGLLFSLILI,24877.658572038355,1546.4462165351936,144.77271100056032
LLLAYLLVFLLGLLLGSLILI,LLLAYLLVALLGLLLGSLILI,GAS,void,,,,,,,,,,,3140.87,4022.96,51.1375,38.5386,3107.04,4113.64,138.636,85.4606,-33.0247,1.1e+17,8,F,92.791,29.34494585,3102.3314,3021.5794,80.752,0.0,0.5717236885350994,0.1211717989903015,G,-40.95026289955796,LLLALLLTVLLGGLLFSLILI,22453.76783100524,1614.6919805417997,96.80166466226508
LLLSYLLTVLLGILLALLILI,LLLSALLTVLLGILLALLILI,GAS,void,,,,,,,,,,,3234.88,3898.87,49.6436,68.7229,3199.38,4071.16,166.585,155.242,-19.2308,1.1e+17,4,Y,69.7523,49.6283089,3166.1571,3044.138,122.0191,0.0,0.8021411974889804,0.2264470964553666,G,1596876241017.7346,LLLALLLTVLLGGLLFSLILI,23209.1533680156,3183.256067318536,94.53608013339016
LLLSYLLTVLLGILLALLILI,LLLSYLLTVLLGILLAALILI,GAS,void,,,,,,,,,,,3210.24,4028.56,55.7751,104.71,3199.38,4071.16,108.647,170.136,-19.2308,1.1e+17,16,L,24.7528,80.88037645,3105.53,3029.244,76.286,0.0,1.1061175008980162,1.352067454673526,G,99999900.0,LLLALLLTVLLGGLLFSLILI,23039.23805356098,7273.284069752454,303.6511845331588
LLLALLLGVLLGTLLGFLILI,LLLAALLGVLLGTLLGFLILI,GAS,void,,,,,,,,,,,3584.38,4488.21,63.7867,58.5116,3565.14,4558.7,124.561,102.717,-31.9796,1.1e+17,4,L,79.9636,42.2542087,3525.8684,3462.423,63.4454,0.0,0.9033059054889327,0.1575369331096121,G,127.32433767247517,LLLALLLTVLLGGLLFSLILI,24479.2817919168,955.8648918488498,149.4128663859184
LLLALLLGVLLGTLLGFLILI,LLLALLLGVLLGALLGFLILI,GAS,void,,,,,,,,,,,3581.31,4527.45,61.9853,98.0757,3565.14,4558.7,89.1574,122.381,-31.9796,1.1e+17,12,T,31.7463,75.54628645,3483.2343,3442.759,40.4753,0.0,1.0922889305917676,0.1214871422982889,G,-56.02484345646535,LLLALLLTVLLGGLLFSLILI,26248.80329514628,1369.3834125631072,173.4867524226179
LLLYGLLFALLGTLLSLLILI,LLLYGLLAALLGTLLSLLILI,GAS,void,,,,,,,,,,,3812.87,4581.66,63.8902,35.6001,3792.4,4765.22,170.426,99.5794,-15.871,1.1e+17,7,F,93.9953,27.47018799,3777.2699,3692.8206,84.4493,0.0,0.3247426826885223,0.0157860447295655,G,19926307699890.844,LLLTGLLFGLLAILLSLLILI,21404.38293340958,3268.811926007278,46.17410482222272
LLLYGLLFALLGTLLSLLILI,LLLYGLLFALLGTLLSALILI,GAS,void,,,,,,,,,,,3802.16,4745.78,42.0474,80.4805,3792.4,4765.22,89.5368,144.368,-15.871,1.1e+17,16,L,48.9823,62.16496167,3721.6795,3648.032,73.6475,0.0,0.2488933785520607,0.026005301739654,G,-9.240883595796074,LLLTGLLFGLLAILLSLLILI,19668.45134712141,1882.139298136256,33.941406721766924
LLLYFLLGVLLGTLLGLLILI,LLLYALLGVLLGTLLGLLILI,GAS,void,,,,,,,,,,,3303.83,4009.95,65.9063,65.9294,3274.57,4173.53,167.177,147.607,-28.7978,1.1e+17,4,F,72.5458,47.61098016,3237.9006,3126.963,110.9376,0.0,0.3153897633223062,0.1272671443284485,G,3.4143118983889984,LLLAGLLFLLLGTLLGSLILI,19374.448929188587,958.6873109183944,59.69162386319109
LLLVTLLLGLLFGLLFALILI,LLLVTLLLGLLAGLLFALILI,GAS,void,,,,,,,,,,,3677.19,4571.76,60.1926,49.5053,3644.34,4713.22,158.593,126.581,-19.0276,1.1e+17,11,F,80.7625,38.00271441,3627.6847,3517.759,109.9257,0.0,0.8284227126666079,0.1411540666772697,G,17067765905841.146,LLLATLLVGLLFGLLFLLILI,24250.03798543264,2683.4415478195288,107.28670654735964
LLLVTLLLGLLFGLLFALILI,LLLVTLLLGLLFGLLAALILI,GAS,void,,,,,,,,,,,3676.72,4640.84,36.1601,23.2061,3644.34,4713.22,122.38,94.2328,-19.0276,1.1e+17,15,F,106.5143,17.88932196,3653.5139,3550.1072,103.4067,0.0,0.792778876506818,0.1694437832243072,G,-9.06465438109721,LLLATLLVGLLFGLLFLLILI,23159.83456721604,985.7863903139764,134.37771192546035
LLLYILLGLLLGTLLAFLILI,LLLYALLGLLLGTLLAFLILI,GAS,void,,,,,,,,,,,3537.57,4193.75,57.7392,52.4285,3498.87,4235.61,108.796,98.3619,-25.5412,1.1e+17,4,I,86.0467,37.86129213,3485.1415,3400.5081,84.6334,0.0,0.2959665488647935,0.1676554699412458,G,-17.75572581860803,LLLAGLLFLLLGTLLGSLILI,20316.871544902915,1563.030968686333,61.03683035199351
LLLYILLGLLLGTLLAFLILI,LLLAILLGLLLGTLLAFLILI,GAS,void,,,,,,,,,,,3321.46,4043.08,67.386,87.6884,3498.87,4235.61,189.36,324.654,-25.5412,1.1e+17,3,Y,82.0424,51.663222,3233.7716,3174.216,59.5556,0.0,0.7092222934070321,0.0943688058569604,G,-41.07384251341388,LLLAGLLFLLLGTLLGSLILI,22802.81824394098,1205.546427883816,114.25734443692708
LLLYALLTALLGLLLGFLILI,LLLYALLTALLGLLLGALILI,GAS,void,,,,,,,,,,,3873.15,4642.65,45.3822,58.4888,3871.33,4743.02,137.848,162.183,-11.4161,1.1e+17,16,F,70.974,45.17807432,3814.6612,3709.147,105.5142,0.0,0.3354528753713462,0.018176942203585,G,14.883605193111684,LLLYSLLALLLGTLLGFLILI,21590.346442853937,3427.0133812271274,47.50221998618898
LLLYALLTALLGLLLGFLILI,LLLYALLTALLGALLGFLILI,GAS,void,,,,,,,,,,,3907.25,4660.94,65.1163,38.5492,3871.33,4743.02,130.076,68.8776,-11.4161,1.1e+17,12,L,91.2728,29.69388856,3868.7008,3802.4524,66.2484,0.0,0.2597987536058494,0.1631444044372037,G,-26.63333927324025,LLLFVLLTILLGALLSLLILI,19903.78827174261,1370.934078351684,55.2414976339336
LLLTALLIGLLFGLLVLLILI,LLLTALLIGLLAGLLVLLILI,GAS,void,,,,,,,,,,,3721.34,4483.48,56.2179,44.6265,3693.01,4636.71,157.794,124.434,-12.4399,1.1e+17,11,F,85.6413,34.25750646,3676.7135,3568.576,108.1375,0.0,0.3282724783841757,0.0760880718776501,G,-7.523784846955472,LLLTGLLFGLLAILLSLLILI,20104.82095873694,1266.0931083047828,56.259806992492365
LLLTALLIGLLFGLLVLLILI,LLLTALLAGLLFGLLVLLILI,GAS,void,,,,,,,,,,,3735.28,4593.29,56.9185,68.566,3693.01,4636.71,106.888,113.075,-12.4399,1.1e+17,7,I,61.0294,52.9077421,3666.714,3579.935,86.779,0.0,0.2417913279812515,0.1032708955730563,G,0.6058405569857311,LLLTGLLFGLLAILLSLLILI,19847.00523718084,1640.7609715860278,46.35589958097663
LLLFYLLGVLLGLLLASLILI,LLLFALLGVLLGLLLASLILI,GAS,void,,,,,,,,,,,3218.83,3994.93,63.8346,44.3173,3187.04,4209.22,185.386,136.632,-17.4846,1.1e+17,4,Y,94.1579,32.00378118,3174.5127,3050.408,124.1047,0.0,0.7728195932343591,0.1370935606238232,G,-50.46006363690524,LLLALLLTVLLGGLLFSLILI,24085.948723478075,1644.6352151310805,128.07043506871187
LLLFYLLGVLLGLLLASLILI,LLLAYLLGVLLGLLLASLILI,GAS,void,,,,,,,,,,,3229.58,4032.07,68.5373,83.5451,3187.04,4209.22,173.541,113.106,-17.4846,1.1e+17,3,F,86.1857,49.22212115,3146.0349,3073.934,72.1009,0.0,1.896265118427343,0.9337085182915592,G,5.679110787480766,LLLALLLTVLLGGLLFSLILI,29868.266555690803,4896.6023899384045,376.4393438580952
LLLVGLLFALLGILLTLLILI,LLLVGLLAALLGILLTLLILI,GAS,void,,,,,,,,,,,3615.23,4453.27,60.6485,34.3223,3597.7,4635.98,167.141,103.055,-27.9109,1.1e+17,7,F,95.2731,26.4841962,3580.9077,3494.645,86.2627,0.0,0.354546340153039,0.0478382980832874,G,20896141666566.67,LLLTGLLFGLLAILLSLLILI,21293.53986440195,2600.9944944427384,57.187213234249214
LLLVGLLFALLGILLTLLILI,LLLVGLLFALLGALLTLLILI,GAS,void,,,,,,,,,,,3630.24,4617.53,48.6061,45.8895,3597.7,4635.98,90.2654,86.6059,-27.9109,1.1e+17,12,I,83.9325,35.34801497,3584.3505,3511.0941,73.2564,0.0,1.6085427866982,1.0932090511621246,G,16716913333233.344,LLLTGLLFGLLAILLSLLILI,27920.427752398125,5122.815184344573,350.6799895908943
LLLSYLLALLLGFLLGTLILI,LLLSALLALLLGFLLGTLILI,GAS,void,,,,,,,,,,,3210.14,3997.94,49.9793,80.8827,3172.43,4167.78,164.552,173.487,-39.7676,1.1e+17,4,Y,57.5925,58.40952026,3129.2573,2998.943,130.3143,0.0,0.600466394193991,0.1122103682472834,G,-52.60716236774178,LLLAGLLFLLLGTLLGSLILI,22065.99675590805,1070.32376839553,100.10090861374611
LLLSYLLALLLGFLLGTLILI,LLLSYLLALLLGALLGTLILI,GAS,void,,,,,,,,,,,3176.4,4022.5,60.2102,50.8146,3172.43,4167.78,160.874,145.987,-39.7676,1.1e+17,12,F,79.0074,39.14174793,3125.5854,3026.443,99.1424,0.0,1.015538255005883,0.1787455937081372,G,-39.07208647242882,LLLAGLLFLLLGTLLGSLILI,25637.065918045988,2936.015020003254,130.92508345520758
LLLTSLLFALLGLLLGVLILI,LLLTSLLAALLGLLLGVLILI,GAS,void,,,,,,,,,,,3110.4,3865.02,61.183,31.0504,3106.62,4048.87,167.998,120.181,-21.873,1.1e+17,7,F,98.545,23.95949239,3079.3496,2986.439,92.9106,0.0,1.1834926796554393,1.2488893177832006,G,99999900.0,LLLASLLVGLLFLLLGLLILI,27431.951892050183,5525.4954730626,304.30161165971515
LLLTSLLFALLGLLLGVLILI,LLLTSLLFALLGALLGVLILI,GAS,void,,,,,,,,,,,3128.11,3972.06,62.75,52.1353,3106.62,4048.87,125.932,89.6816,-21.873,1.1e+17,12,L,77.6867,40.15906395,3075.9747,3016.9384,59.0363,0.0,5.847030775062127,3.648576966073948,G,99999900.0,LLLAGLLFLLLGTLLGSLILI,51886.49158033303,25367.55199844512,1240.854664131023
LLLYLLLGFLLGTLLGSLILI,LLLALLLGFLLGTLLGSLILI,GAS,void,,,,,,,,,,,3097.89,3988.24,64.1843,36.6652,3208.86,4178.01,185.049,249.123,-27.7766,1.1e+17,3,Y,133.0656,21.60197206,3061.2248,2959.737,101.4878,0.0,1.1415878143403284,0.365894733852936,G,4752462109879.037,LLLALLLTVLLGGLLFSLILI,25821.19732645627,701.4014253028198,206.19367444204696
LLLYLLLGFLLGTLLGSLILI,LLLYLLLGALLGTLLGSLILI,GAS,void,,,,,,,,,,,3238.44,4036.32,60.0983,50.1259,3208.86,4178.01,159.339,116.184,-27.7766,1.1e+17,8,F,81.2037,38.16801391,3188.3141,3092.676,95.6381,0.0,0.2178006009529405,0.1569961310671268,G,-99.9996005323814,LLLALLLTVLLGGLLFSLILI,20674.924947041687,3817.0650079406014,15.724269417149731
LLLYFLLGLLLGVLLSTLILI,LLLAFLLGLLLGVLLSTLILI,GAS,void,,,,,,,,,,,3151.42,3966.02,68.1253,49.1413,3244.87,4157.35,189.287,249.55,-39.1721,1.1e+17,3,Y,120.5895,28.95249418,3102.2787,2995.32,106.9587,0.0,1.3564423240844496,0.1733006737346789,G,15377132337831.918,LLLAGLLFLLLGTLLGSLILI,28232.531351676687,1129.715258883155,217.7776759117065
LLLYFLLGLLLGVLLSTLILI,LLLYALLGLLLGVLLSTLILI,GAS,void,,,,,,,,,,,3273.92,4073.89,54.9409,43.5297,3244.87,4157.35,137.413,100.433,-39.1721,1.1e+17,4,F,94.9455,31.43501508,3230.3903,3144.437,85.9533,0.0,0.7432705847256511,0.1623603153130906,G,-66.19019376845715,LLLYSLLALLLGTLLGFLILI,23919.39466000306,1672.714174203618,126.35017723779418
LLLSYLLVLLLGALLGFLILI,LLLSALLVLLLGALLGFLILI,GAS,void,,,,,,,,,,,3264.83,3997.02,45.2229,74.2478,3224.86,4150.96,157.897,156.978,-45.7637,1.1e+17,4,Y,64.2274,53.61812079,3190.5822,3067.882,122.7002,0.0,0.086221176803397,0.0202215880981482,G,99999900.0,LLLAGLLFLLLGTLLGSLILI,18339.80637462516,1770.1894927805388,10.590431650127048
LLLSYLLVLLLGALLGFLILI,LLLSYLLVLLLGALLGALILI,GAS,void,,,,,,,,,,,3140.67,4005.21,59.0,89.7523,3224.86,4150.96,158.415,253.803,-45.7637,1.1e+17,16,F,39.7105,69.32671007,3050.9177,2971.057,79.8607,0.0,0.8913511693920249,0.2714749020997808,G,19131316366201.285,LLLAGLLFLLLGTLLGSLILI,24541.01002034209,598.0742742403787,159.51579185190013
LLLTLLLGALLGFLLSILILI,LLLTLLLGALLGALLSILILI,GAS,void,,,,,,,,,,,3240.67,3923.42,49.1852,65.8424,3280.11,4036.67,144.382,214.294,-28.4404,1.1e+17,12,F,63.9796,50.71744388,3174.8276,3065.816,109.0116,0.0,1.833643364063344,0.8746181684975134,G,99999900.0,LLLFVLLTILLGALLSLLILI,31902.27827906665,7270.875464601348,178.9351705041853
LLLTLLLGALLGFLLSILILI,LLLTALLGALLGFLLSILILI,GAS,void,,,,,,,,,,,3271.89,3946.06,69.2316,58.0525,3280.11,4036.67,136.474,122.625,-28.4404,1.1e+17,4,L,80.4227,41.92266919,3213.8375,3157.485,56.3525,0.0,2.2312087854010736,0.2928234201870104,G,99999900.0,LLLTALLVGLLGGLLFLLILI,33674.6660485828,2447.3449680213603,359.03012010221147
LLLTSLLFALLGILLALLILI,LLLTSLLAALLGILLALLILI,GAS,void,,,,,,,,,,,3201.13,3901.04,64.1302,37.8744,3191.82,4082.77,170.007,122.956,-7.15644,1.1e+17,7,F,91.721,29.22511139,3163.2556,3068.864,94.3916,0.0,1.4497871193288214,1.2217686217980592,G,99999900.0,LLLTGLLFGLLAILLSLLILI,26920.240273026724,5500.76510124299,340.68915693792417
LLLTSLLFALLGILLALLILI,LLLTSLLFALLGILLAALILI,GAS,void,,,,,,,,,,,3183.06,4038.39,55.8824,106.223,3191.82,4082.77,108.933,186.1,-7.15644,1.1e+17,16,L,23.2398,82.04905193,3076.837,3005.72,71.117,0.0,0.2646877932938941,0.0573364476952402,G,5.918594360525216,LLLTGLLFGLLAILLSLLILI,20054.185889566023,2264.410536184568,33.00490115365429
LLLYVLLTLLLGALLGFLILI,LLLYVLLTLLLGALLGALILI,GAS,void,,,,,,,,,,,3358.03,4059.0,59.3344,88.9983,3437.72,4204.09,158.508,250.559,-32.8267,1.1e+17,16,F,40.4645,68.74430338,3269.0317,3187.161,81.8707,0.0,0.1763818201368035,0.0942830875910904,G,594.2590934188618,LLLFVLLTILLGALLSLLILI,19024.949919725008,2149.804826113571,16.155122942559736
LLLYVLLTLLLGALLGFLILI,LLLYVLLTALLGALLGFLILI,GAS,void,,,,,,,,,,,3443.11,4157.31,59.5431,33.3922,3437.72,4204.09,113.185,82.9385,-32.8267,1.1e+17,8,L,97.9374,25.42625577,3409.7178,3354.7815,54.9363,0.0,0.1763175086786693,0.053629481941224,G,-99.99881845641586,LLLFVLLTILLGALLSLLILI,20132.31193364034,3212.810001348671,20.378512534248543
LLLTSLLLALLFGLLFALILI,LLLTSLLLALLAGLLFALILI,GAS,void,,,,,,,,,,,3695.07,4566.83,60.042,50.2764,3669.84,4713.45,159.472,136.956,-19.7661,1.1e+17,11,F,79.9914,38.59464887,3644.7936,3532.884,111.9096,0.0,0.3603312159300924,0.0675407766005958,G,99999900.0,LLLTALLVGLLGGLLFLLILI,23531.150644198253,6293.234750718787,46.02573928994571
LLLTSLLLALLFGLLFALILI,LLLTSLLLALLFGLLAALILI,GAS,void,,,,,,,,,,,3695.6,4639.2,41.4838,31.6247,3669.84,4713.45,125.949,105.012,-19.7661,1.1e+17,15,F,98.0957,24.37912618,3663.9753,3564.828,99.1473,0.0,0.2724938910666995,0.0178343327795416,G,-21.56383160046743,LLLTVLLLGLLFGLLFALILI,20612.092588467647,2723.054692721967,38.2673003397078
LLLFGLLATLLGVLLSLLILI,LLLAGLLATLLGVLLSLLILI,GAS,void,,,,,,,,,,,3616.87,4413.32,58.1676,96.1584,3599.46,4550.51,156.7,183.523,-19.7133,1.1e+17,3,F,73.5724,56.65347715,3520.7116,3415.937,104.7746,0.0,1.668934321706279,2.26014370316482,G,99999900.0,LLLTGLLFGLLAILLSLLILI,30450.906301646355,15135.810770330509,10.420953186280578
LLLFGLLATLLGVLLSLLILI,LLLFGLLATLLGVLLSALILI,GAS,void,,,,,,,,,,,3594.9,4529.51,41.5102,83.0465,3599.46,4550.51,89.7141,165.087,-19.7133,1.1e+17,16,L,46.4163,64.14699821,3511.8535,3434.373,77.4805,0.0,0.4009893168064162,0.229900949371094,G,-99.9994189561911,LLLFVLLTILLGALLSLLILI,22580.557579840817,4681.350684330636,35.10760347683285
LLLAVLLIGLLFGLLSTLILI,LLLAVLLIGLLAGLLSTLILI,GAS,void,,,,,,,,,,,3772.3,4492.33,57.2547,45.1616,3741.17,4647.47,158.783,123.306,-13.9917,1.1e+17,11,F,85.1062,34.66827566,3727.1384,3617.864,109.2744,0.0,0.4360312536089803,0.085282631461444,G,-27.8939086959322,LLLTGLLFGLLAILLSLLILI,20962.5401358524,1260.2784598236922,73.08442313340151
LLLAVLLIGLLFGLLSTLILI,LLLAVLLAGLLFGLLSTLILI,GAS,void,,,,,,,,,,,3755.22,4592.53,58.6102,75.3199,3741.17,4647.47,112.32,146.036,-13.9917,1.1e+17,7,I,54.2755,58.11926967,3679.9001,3595.134,84.7661,0.0,0.4763762249943624,0.1509625451270618,G,18.026513708382645,LLLASLLVGLLFLLLGLLILI,21210.309225795067,903.9671555707646,85.86374655778266
LLLASLLTLLLGYLLGVLILI,LLLASLLTLLLGALLGVLILI,GAS,void,,,,,,,,,,,3178.4,3871.06,64.6296,58.781,3133.79,4034.05,172.964,119.219,-16.6594,1.1e+17,12,Y,71.041,45.27815008,3119.619,3014.571,105.048,0.0,0.3290268993604257,0.0991845696046928,G,4.903982165557301,LLLALLLTVLLGGLLFSLILI,19624.91913156934,1027.7798169481214,58.77570476689413
LLLASLLTLLLGYLLGVLILI,LLLASLLTALLGYLLGVLILI,GAS,void,,,,,,,,,,,3143.68,3978.85,48.8508,17.1976,3133.79,4034.05,105.207,56.3111,-16.6594,1.1e+17,8,L,114.132,13.09499153,3126.4824,3077.4789,49.0035,0.0,0.3761741600432254,0.0924190919793598,G,-34.941735954675984,LLLALLLTVLLGGLLFSLILI,21701.175862136468,2883.8556541048447,65.01362783628582
LLLAYLLGVLLGLLLSFLILI,LLLAALLGVLLGLLLSFLILI,GAS,void,,,,,,,,,,,3734.97,4559.46,68.222,71.7128,3683.53,4783.62,192.74,150.914,-22.7425,1.1e+17,4,Y,66.7624,51.78746808,3663.2572,3532.616,130.6412,0.0,1.257762542648329,0.120392943906181,G,15575407654804.59,LLLALLLTVLLGGLLFSLILI,28020.9747374398,1893.2449005545016,197.7385029103297
LLLYLLLGALLGALLTFLILI,LLLYLLLGALLGALLTALILI,GAS,void,,,,,,,,,,,3732.74,4665.88,47.1936,76.4661,3808.41,4744.81,133.506,247.698,-23.6808,1.1e+17,16,F,52.9967,59.06414816,3656.2739,3560.712,95.5619,0.0,1.2290864679238458,0.1272850493764216,G,99999900.0,LLLALLLGFLLGTLLGVLILI,29333.482717041315,4741.295847330246,167.72773608244057
LLLTVLLGLLLGLLLGFLILI,LLLTVLLGLLLGALLGFLILI,GAS,void,,,,,,,,,,,3741.79,4554.63,64.8453,121.798,3693.35,4628.21,126.582,159.067,-15.3881,1.1e+17,12,L,8.024,93.81922941,3619.992,3534.283,85.709,0.0,0.2848571299458596,0.0782966233653258,G,-99.99839341319586,LLLFVLLTILLGALLSLLILI,20484.491212429013,2645.603178296075,33.79242155437501
LLLTVLLGLLLGLLLGFLILI,LLLTVLLGALLGLLLGFLILI,GAS,void,,,,,,,,,,,3714.73,4575.45,50.6959,44.5816,3693.35,4628.21,106.532,82.8855,-15.3881,1.1e+17,8,L,86.748,33.94634568,3670.1484,3610.4645,59.6839,0.0,0.3383044920894494,0.0546832100268497,G,-26.30205846638644,LLLYSLLALLLGTLLGFLILI,21942.634002433504,3818.796740694848,55.50832483937948
LLLVGLLLILLGALLATLILI,LLLVGLLAILLGALLATLILI,GAS,void,,,,,,,,,,,3779.29,4457.16,60.1658,59.7902,3762.94,4515.44,118.048,140.813,-5.24635,1.1e+17,7,L,69.8052,46.13605113,3719.4998,3622.127,97.3728,0.0,0.5686271280887529,0.0150703007215814,G,50.46451745265317,LLLFVLLTILLGALLSLLILI,22013.84127997397,1824.5993724579905,82.16015471481576
LLLVGLLLILLGALLATLILI,LLLVGLLLALLGALLATLILI,GAS,void,,,,,,,,,,,3800.34,4467.42,63.9082,41.6141,3762.94,4515.44,114.186,77.1837,-5.24635,1.1e+17,8,I,89.7155,31.68676368,3758.7259,3685.7563,72.9696,0.0,0.506038590320023,0.1113696346476104,G,-2.679471574109257,LLLVLLLTGLLFALLAYLILI,22135.912100036072,2732.0552168123486,62.91740942732339
LLLAFLLGLLLGTLLSVLILI,LLLAALLGLLLGTLLSVLILI,GAS,void,,,,,,,,,,,3644.9,4484.75,52.889,49.6401,3616.01,4575.52,140.841,119.613,-17.9955,1.1e+17,4,F,88.8351,35.84764637,3595.2599,3496.397,98.8629,0.0,1.0550352101325684,0.1065920747855148,G,-68.63692010223794,LLLAGLLFLLLGTLLGSLILI,25582.06950708144,1300.2996929027015,166.45033545895518
LLLAFLLGLLLGTLLSVLILI,LLLAFLLGALLGTLLSVLILI,GAS,void,,,,,,,,,,,3643.04,4566.62,50.5363,43.091,3616.01,4575.52,88.9303,59.0255,-17.9955,1.1e+17,8,L,88.2386,32.8113388,3599.949,3556.9845,42.9645,0.0,2.176116860340676,1.1104526014483005,G,99999900.0,LLLAGLLFLLLGTLLGSLILI,33538.6970662099,4092.360598207713,436.0496068831397
LLLTSLLLGLLFALLAYLILI,LLLTSLLLGLLFALLAALILI,GAS,void,,,,,,,,,,,3228.33,4034.3,58.2142,90.763,3232.71,4199.12,169.413,214.811,-21.9286,1.1e+17,16,Y,38.6998,70.10739765,3137.567,3017.899,119.668,0.0,0.2441356407137107,0.0153444316522492,G,2.6314535712163205,LLLASLLVGLLFLLLGLLILI,18965.650193495185,1456.362320149564,37.546179015892726
LLLTSLLLGLLFALLAYLILI,LLLTSLLLGLLAALLAYLILI,GAS,void,,,,,,,,,,,3251.47,4035.89,59.1538,39.1064,3232.71,4199.12,163.84,115.805,-21.9286,1.1e+17,11,F,91.1614,30.02000494,3212.3636,3116.905,95.4586,0.0,0.3998326656112847,0.0412924855878845,G,-10.015669025505634,LLLTGLLFGLLAILLSLLILI,19766.83073107989,2121.6953534363297,54.575229441948736
LLLTFLLGVLLGLLLAILILI,LLLTALLGVLLGLLLAILILI,GAS,void,,,,,,,,,,,3603.14,4468.24,64.0396,59.0073,3546.14,4622.22,162.91,124.339,-25.296,1.1e+17,4,F,79.4679,42.61217893,3544.1327,3421.801,122.3317,0.0,1.7316871117760089,0.7682822782740184,G,17910978571328.58,LLLTYLLAVLLGLLLAFLILI,32481.817244709044,3573.174825619156,334.98133731747754
LLLYLLLASLLGILLAFLILI,LLLYLLLASLLGALLAFLILI,GAS,void,,,,,,,,,,,3564.32,4193.44,59.0773,62.0676,3538.66,4232.02,105.689,112.173,-25.1109,1.1e+17,12,I,67.7544,47.8097703,3502.2524,3426.487,75.7654,0.0,2.4095086283099016,1.212813474820926,G,99999900.0,LLLYSLLALLLGTLLGFLILI,34184.94877370549,10595.075184228572,228.51730459356472
LLLLTLLVALLAGLLFSLILI,LLLLTLLVALLAGLLASLILI,GAS,void,,,,,,,,,,,3717.32,4536.03,56.7876,30.0927,3708.25,4653.01,149.193,116.376,-15.113,1.1e+17,15,F,99.6277,23.19812458,3687.2273,3591.874,95.3533,0.0,0.2251982213816351,0.1129884709859547,G,-30.836226923485448,LLLATLLVGLLFGLLFLLILI,20619.67038509091,3051.9747555457507,44.924391164649855
LLLLTLLVALLAGLLFSLILI,LLLATLLVALLAGLLFSLILI,GAS,void,,,,,,,,,,,3652.1,4595.45,61.7851,123.342,3708.25,4653.01,120.62,239.665,-15.113,1.1e+17,3,L,46.3888,72.66919145,3528.758,3468.585,60.173,0.0,0.3145163068582188,0.1612314433841865,G,-56.66657718548672,LLLALLLTVLLGGLLFSLILI,21535.427015460948,3356.204404769539,63.09937679698241
LLLATLLVGLLFGLLFLLILI,LLLATLLVGLLAGLLFLLILI,GAS,void,,,,,,,,,,,3222.77,4063.86,56.8954,46.2277,3196.48,4212.74,156.794,124.892,-16.382,1.1e+17,11,F,84.0401,35.4866667,3176.5423,3071.588,104.9543,0.0,0.1622982092140973,0.0688273073375988,G,8.922476876166174,LLLALLLTVLLGGLLFSLILI,19213.278935397386,2257.6504760577373,16.73179722837183
LLLATLLVGLLFGLLFLLILI,LLLATLLVGLLFGLLALLILI,GAS,void,,,,,,,,,,,3211.55,4068.88,50.9996,20.2557,3196.48,4212.74,150.035,81.0796,-16.382,1.1e+17,15,F,109.4647,15.61489172,3191.2943,3115.4004,75.8939,0.0,0.5389260280300485,0.1378724960633017,G,-15.991184960761856,LLLASLLVGLLFLLLGLLILI,21806.60985976636,1075.603760639344,93.7111497615991
LLLYFLLGVLLGTLLSLLILI,LLLAFLLGVLLGTLLSLLILI,GAS,void,,,,,,,,,,,3222.38,4002.67,68.5809,49.9476,3262.92,4193.44,189.695,222.152,-19.4915,1.1e+17,3,Y,119.7832,29.42754055,3172.4324,3040.768,131.6644,0.0,1.149970746191206,0.114672315122103,G,6774840662234.6045,LLLALLLTVLLGGLLFSLILI,27293.90585854612,2060.153411935328,181.2707306351128
LLLYFLLGVLLGTLLSLLILI,LLLYALLGVLLGTLLSLLILI,GAS,void,,,,,,,,,,,3277.17,4052.4,59.0951,55.1921,3262.92,4193.44,158.841,134.577,-19.4915,1.1e+17,4,F,83.2831,39.85702855,3221.9779,3128.343,93.6349,0.0,0.3589344768027861,0.0928307664336806,G,-60.59677763451666,LLLFVLLTILLGALLSLLILI,20237.86503173894,1116.6909321209353,62.517980462695874
LLLAFLLGTLLGLLLSVLILI,LLLAFLLGTLLGALLSVLILI,GAS,void,,,,,,,,,,,3561.28,4521.19,48.8091,77.3845,3533.91,4565.03,103.051,119.128,-31.4308,1.1e+17,12,L,52.4375,59.60815578,3483.8955,3414.782,69.1135,0.0,3.77013200853258,0.4479875312839199,G,99999900.0,LLLFVLLTILLGALLSLLILI,41415.13445907077,10282.720073209612,601.7893841239836
LLLYGLLFALLGILLTLLILI,LLLYGLLAALLGILLTLLILI,GAS,void,,,,,,,,,,,3682.08,4555.69,43.8937,28.9653,3651.6,4660.34,133.949,102.18,-19.6027,1.1e+17,7,F,100.6301,22.35056183,3653.1147,3549.42,103.6947,0.0,0.2558429095869604,0.0740202457454332,G,-3.1798836287198795,LLLTGLLFGLLAILLSLLILI,20660.84265209125,2776.5961797484383,45.37938666639235
LLLLFLLGILLGTLLASLILI,LLLLALLGILLGTLLASLILI,GAS,void,,,,,,,,,,,3188.0,4006.69,51.3657,63.1234,3166.71,4138.47,149.585,140.534,-16.4292,1.1e+17,4,F,75.3518,45.58462454,3124.8766,3026.176,98.7006,0.0,0.2406616007797652,0.1153841405473252,G,6.251992059192347,LLLAGLLFLLLGTLLGSLILI,19027.88922674993,863.3803451750322,47.450782200933325
LLLLFLLGILLGTLLASLILI,LLLAFLLGILLGTLLASLILI,GAS,void,,,,,,,,,,,3182.57,4015.0,68.2134,94.3059,3166.71,4138.47,141.12,151.584,-16.4292,1.1e+17,3,L,75.4249,55.56204295,3088.2641,3015.126,73.1381,0.0,1.905005058145817,1.134525484209615,G,15113207086472.213,LLLALLLTVLLGGLLFSLILI,30053.165895729697,5456.959324501121,398.6353752654419
LLLYLLLGALLGTLLFSLILI,LLLYLLLGALLGTLLASLILI,GAS,void,,,,,,,,,,,3456.46,4064.7,63.8017,52.3391,3429.44,4228.17,167.416,132.066,-12.1388,1.1e+17,15,F,77.3813,40.34762458,3404.1209,3297.374,106.7469,0.0,0.59200560055884,0.0421622906360787,G,-15.27621128944574,LLLALLLTVLLGGLLFSLILI,23005.32504798512,2674.241057991412,82.7817689464015
LLLYLLLGALLGTLLFSLILI,LLLYALLGALLGTLLFSLILI,GAS,void,,,,,,,,,,,3464.52,4132.34,66.3382,54.509,3429.44,4228.17,135.808,99.776,-12.1388,1.1e+17,4,L,83.9662,39.36372722,3410.011,3329.664,80.347,0.0,0.2638025944245146,0.0577564679163687,G,16.710815533231386,LLLALLLTVLLGGLLFSLILI,20702.42845346879,3060.44758302867,32.830824716201626
LLLTVLLASLLGALLFGLILI,LLLTVLLASLLGALLAGLILI,GAS,void,,,,,,,,,,,3730.93,4415.8,45.8046,23.1358,3710.28,4500.45,134.268,113.974,-15.3703,1.1e+17,15,F,106.5846,17.83512848,3707.7942,3596.306,111.4882,0.0,1.5366540693080388,0.9025304238424684,G,99999900.0,LLLFVLLTILLGALLSLLILI,29079.907658864155,3009.2694936717894,320.2410245666084
LLLAYLLGTLLGLLLGFLILI,LLLAALLGTLLGLLLGFLILI,GAS,void,,,,,,,,,,,3584.78,4517.06,59.636,50.7236,3563.75,4677.66,167.247,146.918,-37.2159,1.1e+17,4,Y,87.7516,36.63009694,3534.0564,3416.832,117.2244,0.0,6.034930149378343,3.382847122554536,G,99999900.0,LLLASLLVGLLFLLLGLLILI,52658.39693154058,25499.70066123341,1240.854664131023
LLLAYLLGTLLGLLLGFLILI,LLLAYLLGTLLGALLGFLILI,GAS,void,,,,,,,,,,,3597.57,4622.03,62.2276,86.2782,3563.75,4677.66,119.003,116.111,-37.2159,1.1e+17,12,L,43.5438,66.45884365,3511.2918,3447.639,63.6528,0.0,1.6521405978268406,1.1631782985760428,G,-99.98832489772104,LLLAGLLFLLLGTLLGSLILI,29897.46337886197,4436.670044314303,364.3848936117328
LLLYVLLTLLLGTLLAFLILI,LLLYVLLTLLLGTLLAALILI,GAS,void,,,,,,,,,,,3440.49,4103.61,56.3492,99.1151,3479.5,4249.94,155.468,229.309,-13.112,1.1e+17,16,F,30.3477,76.55874892,3341.3749,3250.191,91.1839,0.0,0.2735136683121644,0.0117728453834239,G,-42.47686380697635,LLLFVLLTILLGALLSLLILI,19099.93897983138,1663.935161178424,39.048583573055
LLLYVLLTLLLGTLLAFLILI,LLLYVLLTALLGTLLAFLILI,GAS,void,,,,,,,,,,,3496.23,4207.14,56.7093,41.8723,3479.5,4249.94,108.66,84.3923,-13.112,1.1e+17,8,L,89.4573,31.88336826,3454.3577,3395.1077,59.25,0.0,0.2731151874517518,0.0025491864441516,G,9731886566888.771,LLLFVLLTILLGALLSLLILI,20395.32089741347,2359.579937972239,40.481120051733086
LLLTLLLGALLGFLLSILILI,LLLTLLLGALLGFLLSALILI,GAS,void,,,,,,,,,,,3626.47,4591.91,34.7828,67.9611,3612.4,4578.5,60.9817,120.243,-38.4828,1.1e+17,16,I,61.5017,52.49469346,3558.5089,3492.157,66.3519,0.0,1.1857516688862595,0.0544464494022615,G,13149832612355.13,LLLALLLGFLLGTLLGVLILI,27449.98052252611,2609.150704003908,168.9307339386917
LLLAALLALLLGVLLGTLILI,LLLAALLAALLGVLLGTLILI,GAS,void,,,,,,,,,,,3583.19,4402.83,63.9762,56.4329,3553.03,4473.52,124.546,91.4886,-14.9594,1.1e+17,8,L,74.8967,42.97043469,3526.7571,3461.5414,65.2157,0.0,0.0608587751750511,0.1230965642644911,G,99999900.0,LLLAGLLFLLLGTLLGSLILI,19564.17851969056,3471.964141330585,21.778172514758285
LLLAALLALLLGVLLGTLILI,LLLAALLALLLGALLGTLILI,GAS,void,,,,,,,,,,,3585.32,4454.92,59.9098,88.6078,3553.03,4473.52,84.3464,111.858,-14.9594,1.1e+17,12,V,41.2142,68.25330067,3496.7122,3441.172,55.5402,0.0,0.3920295319589528,0.0554749075966269,G,37.953841976924416,LLLAGLLFLLLGTLLGSLILI,20343.772561373324,1906.397244003719,51.94955682515143
LLLAVLLTSLLGGLLFLLILI,LLLAVLLTSLLGGLLALLILI,GAS,void,,,,,,,,,,,3732.51,4468.66,42.7659,21.295,3709.7,4548.74,129.468,69.9012,-16.1344,1.1e+17,15,F,108.4254,16.41607642,3711.215,3639.7988,71.4162,0.0,0.2943247865261337,0.2465465936454642,G,99999900.0,LLLALLLTVLLGGLLFSLILI,22326.457954817204,5555.3246443525695,17.668304827095557
LLLAVLLLTLLGGLLFALILI,LLLAVLLLTLLGGLLAALILI,GAS,void,,,,,,,,,,,3761.95,4518.67,57.6863,32.4567,3741.67,4633.36,148.683,109.916,-12.0832,1.1e+17,15,F,97.2637,25.02050564,3729.4933,3631.754,97.7393,0.0,0.3680227543063427,0.0754324088624242,G,40.27503441545268,LLLALLLTVLLGGLLFSLILI,21923.554311956603,3680.358664650225,46.33662597073503
LLLAVLLLTLLGGLLFALILI,LLLAVLLATLLGGLLFALILI,GAS,void,,,,,,,,,,,3719.17,4575.34,62.7069,66.1142,3741.67,4633.36,122.519,167.839,-12.0832,1.1e+17,7,L,63.4812,51.01585396,3653.0558,3573.831,79.2248,0.0,0.3523734132574542,0.0140274183713618,G,-99.999484246863,LLLALLLTVLLGGLLFSLILI,22358.72316723852,4412.407070518993,50.42578643476757
LLLATLLVGLLFLLLGLLILI,LLLATLLVGLLALLLGLLILI,GAS,void,,,,,,,,,,,3174.65,3970.15,56.6021,17.6511,3168.17,4134.96,158.993,99.6808,-21.6244,1.1e+17,11,F,112.6167,13.54985653,3156.9989,3068.4892,88.5097,0.0,0.3947282868033064,0.0417925665254071,G,-38.65492392747116,LLLTGLLFGLLAILLSLLILI,21027.234631553,1827.8206083784487,62.47444695980218
LLLATLLVGLLFLLLGLLILI,LLLATLLVGLLFLLLGALILI,GAS,void,,,,,,,,,,,3166.73,4065.56,58.8171,84.5608,3168.17,4134.96,120.082,142.451,-21.6244,1.1e+17,16,L,44.902,65.31667784,3082.1692,3025.719,56.4502,0.0,0.4300080200665337,0.0719474714958637,G,4.634007082965015,LLLASLLVGLLFLLLGLLILI,21177.761505311057,2222.218331365729,55.82669211891296
LLLSYLLTALLGALLGFLILI,LLLSALLTALLGALLGFLILI,GAS,void,,,,,,,,,,,3326.5,3936.35,59.1554,58.4429,3283.26,4114.96,175.693,125.552,-12.2521,1.1e+17,4,Y,80.0323,42.20459692,3268.0571,3157.708,110.3491,0.0,0.22660959247764,0.0569205058186802,G,-48.0608206384899,LLLFVLLTILLGALLSLLILI,20445.07395157692,2832.322800560203,39.29440821970826
LLLSYLLTALLGALLGFLILI,LLLSYLLTALLGALLGALILI,GAS,void,,,,,,,,,,,3204.45,3969.03,59.445,97.6492,3283.26,4114.96,158.364,259.451,-12.2521,1.1e+17,16,F,31.8136,75.42645455,3106.8008,3023.809,82.9918,0.0,0.8403367809427315,0.2115844066344819,G,20581608333233.32,LLLFVLLTILLGALLSLLILI,24812.07601603509,1776.5415371806523,145.76821186917158
LLLTFLLGLLLGYLLASLILI,LLLTFLLGLLLGALLASLILI,GAS,void,,,,,,,,,,,3228.77,3970.4,54.7361,79.1541,3187.84,4123.45,162.239,160.09,-16.3299,1.1e+17,12,Y,50.6679,60.97125295,3149.6159,3027.75,121.8659,0.0,1.3214863271882469,0.1654689582004496,G,7090491263960.916,LLLAGLLFLLLGTLLGSLILI,28560.106866771563,1800.1948443063238,211.81503166245176
LLLTFLLGLLLGYLLASLILI,LLLTALLGLLLGYLLASLILI,GAS,void,,,,,,,,,,,3216.9,4024.57,54.6956,57.2408,3187.84,4123.45,143.495,121.36,-16.3299,1.1e+17,4,F,81.2344,41.33649924,3159.6592,3066.48,93.1792,0.0,1.0163880392072082,0.2437029098183919,G,99999900.0,LLLAGLLFLLLGTLLGSLILI,25547.80432691296,716.1461497961513,175.03561221280702
LLLVGLLLALLGLLLGTLILI,LLLVGLLAALLGLLLGTLILI,GAS,void,,,,,,,,,,,3599.93,4426.57,60.6472,52.2517,3572.31,4464.94,115.492,124.82,-9.309,1.1e+17,7,L,77.3437,40.31910083,3547.6783,3447.49,100.1883,0.0,0.4315179669160496,0.1162015396485169,G,19.762546623057712,LLLAGLLFLLLGTLLGSLILI,21898.467089835714,3114.590886575114,51.441288943960586
LLLVGLLLALLGLLLGTLILI,LLLVGLLLALLGALLGTLILI,GAS,void,,,,,,,,,,,3613.38,4388.82,59.5961,35.6504,3572.31,4464.94,122.899,56.7358,-9.309,1.1e+17,12,L,94.1716,27.46098504,3577.7296,3515.5742,62.1554,0.0,0.3438508466523718,0.0332817162359701,G,79.05155276014501,LLLAGLLFLLLGTLLGSLILI,20882.064442823903,2173.3351111412176,54.09668848539149
LLLYLLLGILLGTLLAFLILI,LLLALLLGILLGTLLAFLILI,GAS,void,,,,,,,,,,,3626.76,4504.71,63.7851,63.8683,3699.52,4694.57,185.122,242.844,-28.6375,1.1e+17,3,Y,105.8625,37.62917514,3562.8917,3456.676,106.2157,0.0,0.9225234983799644,0.0762101539660774,G,99999900.0,LLLALLLTVLLGGLLFSLILI,25312.875596520804,1927.7668253960671,143.77486477175384
LLLYLLLGILLGTLLAFLILI,LLLYLLLGILLGTLLAALILI,GAS,void,,,,,,,,,,,3610.13,4590.14,41.7905,79.7597,3699.52,4694.57,135.407,258.049,-28.6375,1.1e+17,16,F,49.7031,61.60819942,3530.3703,3441.471,88.8993,0.0,1.3923784960923982,0.8529945761567428,G,99999900.0,LLLYSLLALLLGTLLGFLILI,25698.378336467467,4967.654026644716,293.8390377226608
LLLLVLLTTLLGGLLFALILI,LLLLVLLTTLLGGLLAALILI,GAS,void,,,,,,,,,,,3765.0,4478.92,45.9324,30.2242,3739.76,4562.94,134.536,103.821,-20.7002,1.1e+17,15,F,99.4962,23.29949646,3734.7758,3635.939,98.8368,0.0,5.847030775062127,3.648576966073948,G,-99.99945527142916,LLLALLLTVLLGGLLFSLILI,51562.52310509917,25794.97145180144,1240.854664131023
LLLLVLLTTLLGGLLFALILI,LLLAVLLTTLLGGLLFALILI,GAS,void,,,,,,,,,,,3671.47,4482.04,58.2789,114.762,3739.76,4562.94,124.868,239.922,-20.7002,1.1e+17,3,L,54.9688,67.61412778,3556.708,3499.838,56.87,0.0,2.4884871334305934,1.1011210017432909,G,99999900.0,LLLALLLTVLLGGLLFSLILI,34681.68917618302,10149.99348524134,251.7761776773749
LLLTYLLAVLLGILLGLLILI,LLLTALLAVLLGILLGLLILI,GAS,void,,,,,,,,,,,3177.46,3868.88,59.8893,67.7538,3152.79,4049.62,176.78,177.861,-21.372,1.1e+17,4,Y,60.5169,56.29766196,3109.7062,2974.929,134.7772,0.0,0.2465763820017416,0.0118328576922381,G,-39.92912207173303,LLLTGLLFGLLAILLSLLILI,18713.3242873272,1755.5009022613954,35.07587026702792
LLLTYLLAVLLGILLGLLILI,LLLTYLLAVLLGILLGALILI,GAS,void,,,,,,,,,,,3161.54,4002.94,56.8732,109.239,3152.79,4049.62,111.382,177.533,-21.372,1.1e+17,16,L,20.2238,84.37867866,3052.301,2975.257,77.044,0.0,0.7600988760881577,0.1626515163779264,G,-49.603331604494734,LLLYSLLALLLGTLLGFLILI,23025.099673498884,903.9444173285732,128.85843143131714
LLLYSLLTALLGLLLGFLILI,LLLYSLLTALLGLLLGALILI,GAS,void,,,,,,,,,,,3358.3,4081.32,57.4302,96.2457,3391.23,4133.11,126.704,218.168,-13.6456,1.1e+17,16,F,33.2171,74.34235935,3262.0543,3173.062,88.9923,0.0,0.1840472192593376,0.053748623437793,G,-11.38469522859317,LLLASLLVGLLFLLLGLLILI,20079.08069434032,3051.4743838009585,21.5042928693888
LLLYSLLTALLGLLLGFLILI,LLLYSLLTALLGALLGFLILI,GAS,void,,,,,,,,,,,3416.07,4102.63,45.3431,42.0948,3391.23,4133.11,95.5259,83.6433,-13.6456,1.1e+17,12,L,87.7272,32.42501271,3373.9752,3307.5867,66.3885,0.0,0.2294272090912126,0.0114679711511035,G,-35.03260939467366,LLLFVLLTILLGALLSLLILI,20039.12302597628,2385.7510442465086,32.58867880519513
LLLLVLLGALLGTLLSFLILI,LLLLVLLGALLGTLLSALILI,GAS,void,,,,,,,,,,,3688.68,4473.04,40.9249,80.6627,3764.4,4578.16,134.565,250.409,-12.0486,1.1e+17,16,F,48.8001,62.30569708,3608.0173,3513.991,94.0263,0.0,0.5514204983962274,0.057474303104045,G,-24.51115738034556,LLLFVLLTILLGALLSLLILI,22949.61813754049,3055.661722374812,75.21139991452215
LLLLVLLGALLGTLLSFLILI,LLLAVLLGALLGTLLSFLILI,GAS,void,,,,,,,,,,,3724.47,4522.75,66.3688,94.4433,3764.4,4578.16,124.261,201.393,-12.0486,1.1e+17,3,L,75.2875,55.64299467,3630.0267,3563.007,67.0197,0.0,1.0290867247360609,0.0779755957889798,G,6435776916258.442,LLLFVLLTILLGALLSLLILI,26212.505175656694,2008.2522095747845,159.64991776543218
LLLALLLGFLLGTLLGVLILI,LLLALLLGALLGTLLGVLILI,GAS,void,,,,,,,,,,,3429.56,4450.78,59.9448,54.8906,3408.1,4594.46,160.296,130.576,-28.9192,1.1e+17,8,F,76.439,41.79606121,3374.6694,3277.524,97.1454,0.0,2.171394201881937,0.1106661572236562,G,99999900.0,LLLALLLTVLLGGLLFSLILI,31263.601219307868,6038.51363770819,331.2562943090075
LLLYALLTLLLGFLLGILILI,LLLYALLTLLLGALLGILILI,GAS,void,,,,,,,,,,,3368.34,4079.38,55.8746,41.6597,3353.53,4205.2,152.268,126.797,-27.0037,1.1e+17,12,F,88.1623,32.0898615,3326.6803,3226.733,99.9473,0.0,0.1842010418191792,0.0892554350859397,G,19288746153746.164,LLLFVLLTILLGALLSLLILI,19564.51032465961,1926.050858080083,36.41654632506883
LLLYALLTLLLGFLLGILILI,LLLAALLTLLLGFLLGILILI,GAS,void,,,,,,,,,,,3168.16,4015.85,59.6176,114.863,3353.53,4205.2,181.069,356.673,-27.0037,1.1e+17,3,Y,54.8678,67.67363378,3053.297,2996.857,56.44,0.0,0.4739001046316776,0.1525469924463513,G,-56.04894821756508,LLLALLLTVLLGGLLFSLILI,21315.435616128703,1026.4183470339976,85.66411537035047
LLLLVLLATLLGGLLSILILI,LLLAVLLATLLGGLLSILILI,GAS,void,,,,,,,,,,,3741.0,4492.55,62.2506,123.986,3797.71,4550.37,121.168,241.114,-5.80888,1.1e+17,3,L,45.7448,73.04861581,3617.014,3556.596,60.418,0.0,1.1751393160908368,1.4577218662689275,G,99999900.0,LLLALLLTVLLGGLLFSLILI,26530.31028024184,6369.948262018623,324.8152698859723
LLLLALLFALLGILLSTLILI,LLLLALLAALLGILLSTLILI,GAS,void,,,,,,,,,,,3756.25,4482.12,63.7168,45.2438,3745.13,4662.49,169.103,121.975,-12.638,1.1e+17,7,F,84.3516,34.91157865,3711.0062,3623.155,87.8512,0.0,4.2822120308656,5.86156485677231,G,99999900.0,LLLYALLFLLLGTLLSILILI,42951.28717599418,32073.41981790607,1240.854664131023
LLLLALLFALLGILLSTLILI,LLLLALLFALLGALLSTLILI,GAS,void,,,,,,,,,,,3762.29,4632.64,53.7145,42.86,3745.13,4662.49,99.1531,99.1451,-12.638,1.1e+17,12,I,86.962,33.01443515,3719.43,3645.9849,73.4451,0.0,0.4860134472165262,0.1068778605752351,G,-21.006018528183947,LLLFVLLTILLGALLSLLILI,22642.65702862648,3485.0340092174856,60.43642888619806
LLLAYLLGLLLGTLLSFLILI,LLLAALLGLLLGTLLSFLILI,GAS,void,,,,,,,,,,,3679.88,4579.03,52.8378,48.4463,3656.15,4704.67,149.33,138.375,-32.7922,1.1e+17,4,Y,98.3414,28.9826626,3631.4337,3517.775,113.6587,0.0,1.0477807505938832,0.1622293147448712,G,7494097128715.801,LLLAGLLFLLLGTLLGSLILI,26146.2487238424,1445.6850892782284,171.1750874338827
LLLAYLLGLLLGTLLSFLILI,LLLAYLLGLLLGTLLSALILI,GAS,void,,,,,,,,,,,3562.6,4602.08,41.1484,82.8213,3656.15,4704.67,134.019,264.178,-32.7922,1.1e+17,16,F,46.6415,63.97304863,3479.7787,3391.972,87.8067,0.0,1.039246394145782,0.1244359772421665,G,409.1189720527243,LLLAGLLFLLLGTLLGSLILI,25696.77861117916,1250.125617683794,165.9833716784778
LLLSYLLGVLLGLLLGTLILI,LLLSALLGVLLGLLLGTLILI,GAS,void,,,,,,,,,,,3189.67,3836.56,66.1751,68.0308,3170.45,3995.88,178.349,174.1,-20.7472,1.1e+17,4,Y,70.4444,49.12850821,3121.6392,2996.35,125.2892,0.0,1.1652104751629486,0.1518257261023994,G,-12.457099641466382,LLLTYLLAVLLGLLLAFLILI,27457.30576106796,2014.7939638564,187.38317065803264
LLLSYLLGVLLGLLLGTLILI,LLLSYLLGVLLGALLGTLILI,GAS,void,,,,,,,,,,,3183.54,3944.35,57.8837,94.9746,3170.45,3995.88,112.838,145.695,-20.7472,1.1e+17,12,L,34.8474,73.15755419,3088.5654,3024.755,63.8104,0.0,0.840109218493786,0.0708495027081767,G,7902.981023921964,LLLTYLLAVLLGLLLAFLILI,24521.82017267372,1775.1400341301232,131.08136506003933
LLLAYLLGVLLGLLLSTLILI,LLLAALLGVLLGLLLSTLILI,GAS,void,,,,,,,,,,,3201.42,3888.58,65.654,51.3268,3193.16,4080.45,184.228,162.17,-15.265,1.1e+17,4,Y,87.1484,37.06569841,3150.0932,3030.99,119.1032,0.0,1.029063558153994,0.1622828023047215,G,15590206618726.064,LLLALLLTVLLGGLLFSLILI,29201.08980862002,6686.121105269451,168.4245851341771
LLLAYLLGVLLGLLLSTLILI,LLLAYLLGVLLGALLSTLILI,GAS,void,,,,,,,,,,,3202.99,4032.16,52.0335,96.0134,3193.16,4080.45,107.186,157.467,-15.265,1.1e+17,12,L,33.8086,73.95772673,3106.9766,3035.693,71.2836,0.0,1.0679033615291351,0.2433852069318603,G,1218.1158130425222,LLLALLLTVLLGGLLFSLILI,27021.727081608737,2405.058485113861,182.58806739808176
LLLTFLLAVLLGLLLGILILI,LLLTALLAVLLGLLLGILILI,GAS,void,,,,,,,,,,,3500.55,4460.63,56.1029,54.9654,3471.32,4611.02,156.083,140.888,-14.2027,1.1e+17,4,F,83.5098,39.69331693,3445.5846,3330.432,115.1526,0.0,0.4818837030100305,0.0495750695975015,G,39.763923310642994,LLLYSLLALLLGTLLGFLILI,21291.08923210967,1432.235221864982,76.11823365307254
LLLTFLLAVLLGLLLGILILI,LLLTFLLAVLLGLLLGALILI,GAS,void,,,,,,,,,,,3460.55,4591.63,44.9636,90.3481,3471.32,4611.02,88.0129,172.032,-14.2027,1.1e+17,16,I,39.1147,69.78691949,3370.2019,3299.288,70.9139,0.0,0.6327726411411361,0.017789882736621,G,-21.848837771687027,LLLYSLLALLLGTLLGFLILI,21845.60748166697,1744.4985287533564,95.0268681149323
LLLAFLLGILLGVLLGLLILI,LLLAALLGILLGVLLGLLILI,GAS,void,,,,,,,,,,,3478.26,4412.55,54.9045,65.322,3449.13,4555.8,155.374,142.779,-30.8577,1.1e+17,4,F,73.1532,47.17234566,3412.938,3306.351,106.587,0.0,0.9058824903973264,0.2840633188615167,G,181.5609106836408,LLLASLLVGLLFLLLGLLILI,24990.06092106497,1130.5748507994094,162.96620936140954
LLLAFLLGILLGVLLGLLILI,LLLAFLLGILLGVLLGALILI,GAS,void,,,,,,,,,,,3466.32,4534.27,42.1894,84.7991,3449.13,4555.8,91.1829,156.885,-30.8577,1.1e+17,16,L,44.6637,65.50074616,3381.5209,3292.245,89.2759,0.0,1.269051498628311,0.3462820422748011,G,11162753320695.54,LLLAGLLFLLLGTLLGSLILI,26924.74372046052,565.9470406356668,222.9203862519889
LLLAFLLGTLLGVLLGLLILI,LLLAFLLGTLLGALLGLLILI,GAS,void,,,,,,,,,,,3152.45,3969.07,51.4939,75.4475,3147.84,3970.3,69.986,109.112,-28.8249,1.1e+17,12,V,60.0118,64.64295225,3077.0025,3038.728,38.2745,0.0,5.847030775062127,3.648576966073948,G,99999900.0,LLLASLLVGLLFLLLGLLILI,51884.57847714099,25370.06070941721,1240.854664131023
LLLTVLLAYLLGLLLGFLILI,LLLTVLLAALLGLLLGFLILI,GAS,void,,,,,,,,,,,3315.41,4083.16,50.305,47.9999,3286.06,4210.94,150.889,128.427,-24.0747,1.1e+17,8,Y,83.3297,36.54918617,3267.4101,3157.633,109.7771,0.0,0.3368818460246757,0.0164316115641216,G,6.83873691726996,LLLYSLLALLLGTLLGFLILI,21579.41201845879,3319.1942363635985,51.31608088292392
LLLTVLLAYLLGLLLGFLILI,LLLTVLLAYLLGLLLGALILI,GAS,void,,,,,,,,,,,3221.47,4065.22,59.4424,113.408,3286.06,4210.94,158.581,261.179,-24.0747,1.1e+17,16,F,16.0548,87.59890872,3108.062,3024.881,83.181,0.0,0.9557912033320388,0.5374899352659209,G,-32.70651737281422,LLLYSLLALLLGTLLGFLILI,24477.60898259419,1242.876336064321,196.70198976224543
LLLYVLLGALLGILLTLLILI,LLLAVLLGALLGILLTLLILI,GAS,void,,,,,,,,,,,3582.04,4512.42,65.6835,57.7337,3679.23,4665.29,176.779,255.446,-27.8696,1.1e+17,3,Y,111.9971,34.01486354,3524.3063,3423.784,100.5223,0.0,3.3181135271982285,0.8403897883352845,G,99999900.0,LLLFVLLTILLGALLSLLILI,40122.47141214293,10421.163492469215,401.0844778206152
LLLYVLLGALLGILLTLLILI,LLLYVLLGALLGALLTLLILI,GAS,void,,,,,,,,,,,3710.86,4649.75,47.7004,47.6287,3679.23,4665.29,87.639,89.1699,-27.8696,1.1e+17,12,I,82.1933,36.68769546,3663.2313,3590.0601,73.1712,0.0,1.9722361532480253,1.1839325979177135,G,99999900.0,LLLFVLLTILLGALLSLLILI,30291.37579821797,5972.379554850317,413.6793036113472
LLLVLLLTGLLFALLAYLILI,LLLVLLLTGLLFALLAALILI,GAS,void,,,,,,,,,,,3215.52,4078.49,58.8827,88.7788,3211.96,4238.01,167.842,205.149,-20.5014,1.1e+17,16,Y,40.684,68.57475661,3126.7412,3006.811,119.9302,0.0,0.2571585147635894,0.0353424565166746,G,17.202095601919627,LLLTVLLLGLLFGLLFALILI,19592.17441202864,1833.5498460578908,34.18624659194661
LLLVLLLTGLLFALLAYLILI,LLLVLLLTGLLAALLAYLILI,GAS,void,,,,,,,,,,,3230.82,4075.61,57.3173,34.6673,3211.96,4238.01,161.45,111.037,-20.5014,1.1e+17,11,F,95.6005,26.61233244,3196.1527,3100.923,95.2297,0.0,0.239016134108616,0.0256611053890767,G,38.39167906243187,LLLVLLLTGLLFALLAYLILI,18899.05278371344,1403.8235198182656,37.86651485371212
LLLTYLLFLLLGVLLGSLILI,LLLTALLFLLLGVLLGSLILI,GAS,void,,,,,,,,,,,3165.24,4024.88,49.154,47.0396,3116.19,4144.19,154.095,138.449,-30.1867,1.1e+17,4,Y,91.4356,33.96969277,3118.2004,2977.741,140.4594,0.0,2.217929496714749,0.1205535889520653,G,99999900.0,LLLAGLLFLLLGTLLGSLILI,34330.79659532724,2082.2625046758644,339.1380099003669
LLLTYLLFLLLGVLLGSLILI,LLLTYLLFALLGVLLGSLILI,GAS,void,,,,,,,,,,,3129.03,4093.02,61.7057,23.9844,3116.19,4144.19,116.17,77.5194,-30.1867,1.1e+17,8,L,107.3452,18.26275265,3105.0456,3038.6706,66.375,0.0,0.118372907230738,0.1575884772669755,G,-16.526680502772308,LLLAGLLFLLLGTLLGSLILI,19525.421620463112,3336.637989099868,1.0220530887757944
LLLYFLLGALLGALLTLLILI,LLLAFLLGALLGALLTLLILI,GAS,void,,,,,,,,,,,3553.41,4513.65,61.5938,73.8328,3671.54,4697.34,180.612,277.25,-28.0633,1.1e+17,3,Y,95.898,43.49994226,3479.5772,3394.29,85.2872,0.0,1.3129474938344343,0.2547694141688276,G,20737682418120.88,LLLFVLLTILLGALLSLLILI,27851.616958884504,3478.8696033629785,166.8024240362351
LLLTGLLFALLGVLLSLLILI,LLLTGLLAALLGVLLSLLILI,GAS,void,,,,,,,,,,,3684.79,4489.69,61.74,33.9143,3669.35,4674.05,168.498,105.871,-22.7806,1.1e+17,7,F,95.6811,26.16937021,3650.8757,3563.479,87.3967,0.0,0.3533218255661519,0.128363127567312,G,9757458538172.646,LLLTGLLFGLLAILLSLLILI,21404.727627808144,2646.481717458917,65.39116271898294
LLLTGLLFALLGVLLSLLILI,LLLTGLLFALLGVLLSALILI,GAS,void,,,,,,,,,,,3671.95,4652.65,49.463,92.2118,3669.35,4674.05,98.1175,167.241,-22.7806,1.1e+17,16,L,37.251,71.22648359,3579.7382,3502.109,77.6292,0.0,0.2267010932784104,0.1249643571997194,G,-15.629772987439535,LLLTGLLFGLLAILLSLLILI,19801.262944730388,2600.1452885174176,20.37000314912707
LLLVLLLATLLGSLLGTLILI,LLLVALLATLLGSLLGTLILI,GAS,void,,,,,,,,,,,3698.18,4401.09,47.3288,55.6627,3626.34,4427.68,92.9218,54.8728,-7.11869,1.1e+17,4,L,82.8125,40.1968728,3642.5173,3571.4672,71.0501,0.0,0.2602402724477567,0.1188040722504313,G,-99.99949446207545,LLLYSLLALLLGTLLGFLILI,22053.48622575388,4997.4568860535655,50.68978861779902
LLLVLLLATLLGSLLGTLILI,LLLVLLLATLLGSLLGALILI,GAS,void,,,,,,,,,,,3636.35,4408.49,46.8283,45.9403,3626.34,4427.68,73.7359,73.1201,-7.11869,1.1e+17,16,T,83.5225,35.4853286,3590.4097,3553.2199,37.1898,0.0,1.2021089628100683,1.347062225178673,G,99999900.0,LLLYSLLALLLGTLLGFLILI,26345.882772640496,5688.297731980697,317.2646017859359
LLLTFLLGLLLGYLLSVLILI,LLLTFLLGLLLGALLSVLILI,GAS,void,,,,,,,,,,,3651.04,4612.92,57.5928,97.1365,3598.82,4763.64,164.773,180.655,-26.1,1.1e+17,12,Y,32.6855,74.82283434,3553.9035,3418.165,135.7385,0.0,1.8489906410168016,1.3099633667199653,G,99999900.0,LLLFVLLTILLGALLSLLILI,33946.937618307,6583.861006725382,408.6539753927136
LLLTFLLGLLLGYLLSVLILI,LLLTALLGLLLGYLLSVLILI,GAS,void,,,,,,,,,,,3635.05,4672.84,53.0577,44.9764,3598.82,4763.64,140.466,98.0934,-26.1,1.1e+17,4,F,93.4988,32.47975089,3590.0736,3500.7266,89.347,0.0,1.133530546110079,0.2232545284901002,G,7282787026954.498,LLLTALLVGLLGGLLFLLILI,26175.552399249354,674.5587254303657,190.15553789965296
LLLSSLLALLLGVLLGTLILI,LLLSSLLAALLGVLLGTLILI,GAS,void,,,,,,,,,,,3103.16,3826.02,63.5484,50.7504,3082.63,3894.77,124.013,90.6565,-21.5114,1.1e+17,8,L,80.5792,38.64353504,3052.4096,2991.9735,60.4361,0.0,0.2235566249985142,0.0404594012937342,G,-3.916680988678027,LLLYSLLALLLGTLLGFLILI,20382.408025228706,2804.765727932752,37.13093189516312
LLLSSLLALLLGVLLGTLILI,LLLSSLLALLLGALLGTLILI,GAS,void,,,,,,,,,,,3093.04,3875.44,59.6371,67.437,3082.63,3894.77,84.3711,101.176,-21.5114,1.1e+17,12,V,62.385,51.94574109,3025.603,2981.454,44.149,0.0,0.2479252404671736,0.0080814979744382,G,-29.695460818939427,LLLAGLLFLLLGTLLGSLILI,19851.49343332801,1979.4595159606777,35.66507926207429
LLLFVLLTILLGALLSLLILI,LLLAVLLTILLGALLSLLILI,GAS,void,,,,,,,,,,,3225.0,3945.34,59.1187,118.036,3324.45,4086.19,162.118,298.721,-9.71457,1.1e+17,3,F,51.6948,69.54306466,3106.964,3025.729,81.235,0.0,0.33188057308978,0.0147178301986274,G,-81.41811844580371,LLLALLLTVLLGGLLFSLILI,19714.717467974013,1489.887289039697,50.40121367159621
LLLFVLLTILLGALLSLLILI,LLLFVLLTALLGALLSLLILI,GAS,void,,,,,,,,,,,3359.18,4060.81,61.6362,40.5358,3324.45,4086.19,101.208,77.3652,-9.71457,1.1e+17,8,I,90.7938,30.86569974,3318.6442,3247.0848,71.5594,0.0,0.374458243887139,0.0788622284319444,G,99999900.0,LLLFVLLTILLGALLSLLILI,21135.160240948764,2058.878301532992,63.34941980080022
LLLAFLLGLLLGTLLTVLILI,LLLAALLGLLLGTLLTVLILI,GAS,void,,,,,,,,,,,3706.6,4519.29,52.8279,71.1723,3665.61,4607.93,139.512,127.813,-22.0382,1.1e+17,4,F,67.3029,51.39714548,3635.4277,3537.797,97.6307,0.0,0.919766947666744,0.164215545565098,G,11047066102924.225,LLLAGLLFLLLGTLLGSLILI,25283.02723545759,1629.3217617934188,152.53210202976962
LLLAFLLGLLLGTLLTVLILI,LLLAFLLGALLGTLLTVLILI,GAS,void,,,,,,,,,,,3705.84,4600.89,50.6753,40.2421,3665.61,4607.93,88.3453,56.1522,-22.0382,1.1e+17,8,L,91.0875,30.64206394,3665.5979,3609.4578,56.1401,0.0,2.724237618391912,0.1166413553828151,G,99999900.0,LLLAGLLFLLLGTLLGSLILI,37001.393294053465,4070.321612816444,413.2835875431688
LLLTFLLGILLGVLLSLLILI,LLLTALLGILLGVLLSLLILI,GAS,void,,,,,,,,,,,3238.4,3882.94,56.449,52.7344,3218.6,4019.55,155.809,122.692,-7.29132,1.1e+17,4,F,92.1482,33.45508799,3185.6656,3095.908,89.7576,0.0,1.1367239377407514,0.3032787006801825,G,5312110944019.41,LLLTGLLFGLLAILLSLLILI,26414.305091402275,430.3121074469865,198.9578872669652
LLLTFLLGILLGVLLSLLILI,LLLTFLLGALLGVLLSLLILI,GAS,void,,,,,,,,,,,3258.45,4011.41,55.099,61.2459,3218.6,4019.55,84.3122,89.2094,-7.29132,1.1e+17,8,I,70.0837,46.63525968,3197.2041,3129.3906,67.8135,0.0,1.914942356907757,1.0730613270263,G,99999900.0,LLLTGLLFGLLAILLSLLILI,32077.81261852243,3796.4550130044,393.69896685838864
LLLTLLLFYLLGVLLGSLILI,LLLTLLLFALLGVLLGSLILI,GAS,void,,,,,,,,,,,3186.29,4098.1,60.4158,23.1073,3147.87,4244.84,166.232,103.525,-19.1409,1.1e+17,8,Y,108.2223,17.59489102,3163.1827,3044.345,118.8377,0.0,0.2551553607811087,0.1374894004988027,G,35.65006401072493,LLLALLLTVLLGGLLFSLILI,19516.931755452235,963.2165250306542,51.88656402024574
LLLTLLLFYLLGVLLGSLILI,LLLTALLFYLLGVLLGSLILI,GAS,void,,,,,,,,,,,3186.66,4179.3,45.5198,45.3557,3147.87,4244.84,107.382,86.049,-19.1409,1.1e+17,4,L,93.1195,32.75366275,3141.3043,3061.821,79.4833,0.0,0.7225940387896198,0.1197214087507908,G,99999900.0,LLLAGLLFLLLGTLLGSLILI,22543.7818444495,1259.259041462267,118.86602553045726
LLLSYLLGVLLGLLLGFLILI,LLLSALLGVLLGLLLGFLILI,GAS,void,,,,,,,,,,,3651.88,4519.68,67.221,78.6592,3602.99,4658.38,171.027,174.857,-38.8868,1.1e+17,4,Y,59.816,56.80381758,3573.2208,3428.133,145.0878,0.0,1.1285766837364082,0.2468140876665563,G,-29.94590749791841,LLLYSLLALLLGTLLGFLILI,26804.68824168955,1248.3130743051177,191.87911569751685
LLLSYLLGVLLGLLLGFLILI,LLLSYLLGVLLGLLLGALILI,GAS,void,,,,,,,,,,,3502.56,4557.08,44.9259,88.969,3602.99,4658.38,137.437,273.896,-38.8868,1.1e+17,16,F,40.4938,68.7216714,3413.591,3329.094,84.497,0.0,1.08152783800951,0.0197208537858173,G,1494.6337488926144,LLLTYLLAVLLGLLLAFLILI,26032.76312038334,1833.274092453183,161.30628099005136
LLLAGLLFLLLGTLLGSLILI,LLLAGLLFALLGTLLGSLILI,GAS,void,,,,,,,,,,,3140.19,3933.14,56.655,23.1832,3134.12,3994.87,115.449,89.2012,-23.3464,1.1e+17,8,L,108.1464,17.65268454,3117.0068,3044.9188,72.088,0.0,0.3025483922733155,0.0176341968739742,G,70.96892571874115,LLLALLLTVLLGGLLFSLILI,20358.50270377036,1972.6851597946347,46.38575766036487
LLLAGLLFLLLGTLLGSLILI,LLLAGLLFLLLGALLGSLILI,GAS,void,,,,,,,,,,,3144.55,3964.71,60.7012,54.8417,3134.12,3994.87,89.5256,83.2877,-23.3464,1.1e+17,12,T,74.9803,42.24376454,3089.7083,3050.8323,38.876,0.0,0.1745516004022978,0.0719495040881725,G,87.38534394959304,LLLALLLTVLLGGLLFSLILI,19128.14642674106,1486.9500939318143,33.19378814743495
LLLLVLLTGLLFGLLYALILI,LLLLVLLTGLLFGLLAALILI,GAS,void,,,,,,,,,,,3682.48,4590.59,38.9067,29.4142,3633.52,4618.05,115.836,95.3863,-12.6715,1.1e+17,15,Y,100.3062,22.67507655,3653.0658,3538.1337,114.9321,0.0,1.0624102937977646,0.2314915387578173,G,17693344874485.26,LLLATLLVGLLFGLLFLLILI,25424.750999880973,687.9626820716317,180.540853031545
LLLLVLLTGLLFGLLYALILI,LLLLVLLTGLLAGLLYALILI,GAS,void,,,,,,,,,,,3671.51,4589.9,39.6817,33.6839,3633.52,4618.05,111.633,93.119,-12.6715,1.1e+17,11,F,96.5839,25.85742601,3637.8261,3540.401,97.4251,0.0,0.3924660555553843,0.2590775285032739,G,-99.99948604443144,LLLTVLLLGLLFGLLFALILI,20872.06589307964,3171.38145378926,30.814699603157
LLLASLLTLLLGVLLGFLILI,LLLASLLTLLLGVLLGALILI,GAS,void,,,,,,,,,,,3150.21,3879.5,56.8293,101.532,3200.16,4024.9,156.009,239.985,-12.5433,1.1e+17,16,F,27.9308,78.42561724,3048.678,2960.175,88.503,0.0,0.2720367448221349,0.0929312344601407,G,11.285256800968618,LLLALLLTVLLGGLLFSLILI,19549.2891339974,1084.3060283283935,49.73291338504996
LLLASLLTLLLGVLLGFLILI,LLLASLLTALLGVLLGFLILI,GAS,void,,,,,,,,,,,3201.82,3960.0,66.6666,34.0274,3200.16,4024.9,125.194,76.2255,-12.5433,1.1e+17,8,L,97.3022,25.90992434,3167.7926,3123.9345,43.8581,0.0,0.1939139079950594,0.0032247520975426,G,-50.21758149541494,LLLALLLTVLLGGLLFSLILI,19933.598509328225,2594.0047759624827,28.21769708651668
LLLSTLLGFLLGVLLGLLILI,LLLSTLLGALLGVLLGLLILI,GAS,void,,,,,,,,,,,3061.15,3840.06,61.8558,50.1653,3025.2,3997.46,161.86,108.298,-30.979,1.1e+17,8,F,81.1643,38.19801477,3010.9847,2916.902,94.0827,0.0,0.6401622630934941,0.1599476383812021,G,52.90778248394011,LLLYTLLAILLGLLLGFLILI,23444.28544142631,2211.8222556091628,110.91646226204308
LLLSTLLGFLLGVLLGLLILI,LLLSTLLGFLLGVLLGALILI,GAS,void,,,,,,,,,,,3032.89,3949.62,56.6382,108.435,3025.2,3997.46,111.499,178.025,-30.979,1.1e+17,16,L,21.0278,83.75765085,2924.455,2847.175,77.28,0.0,0.9573329858281696,0.1032049091861333,G,607.0785030818524,LLLYTLLAILLGLLLGFLILI,25313.24088761529,1528.2007954750018,151.71119425921233
LLLYALLFLLLGTLLSILILI,LLLYALLALLLGTLLSILILI,GAS,void,,,,,,,,,,,3445.82,4091.07,59.7435,19.8178,3441.04,4253.75,161.233,93.9467,-9.67379,1.1e+17,7,F,109.7776,15.29205512,3426.0022,3347.0933,78.9089,0.0,0.1805981704185473,0.018396770503553,G,-61.81916122401954,LLLAGLLFLLLGTLLGSLILI,18863.51267116098,1456.8277734662636,28.508215815899813
LLLYALLFLLLGTLLSILILI,LLLYALLFLLLGTLLSALILI,GAS,void,,,,,,,,,,,3412.82,4227.86,56.301,107.258,3441.04,4253.75,97.0389,191.924,-9.67379,1.1e+17,16,I,22.2048,82.84850938,3305.562,3249.116,56.446,0.0,0.1720292932704192,0.0143645432730123,G,-34.674876626361794,LLLAGLLFLLLGTLLGSLILI,19103.03240232108,1713.8252869276268,26.82662866415983
LLLYTLLAILLGLLLGFLILI,LLLYTLLAILLGLLLGALILI,GAS,void,,,,,,,,,,,3453.15,4048.17,58.9207,117.241,3509.14,4173.5,150.274,265.893,-22.1321,1.1e+17,16,F,12.2218,90.55960477,3335.909,3243.247,92.662,0.0,0.3601502817102121,0.4646750111561978,G,-99.99945527142916,LLLYSLLALLLGTLLGFLILI,20279.39907117668,1255.9612487156653,101.41348229502243
LLLYTLLAILLGLLLGFLILI,LLLYTLLAALLGLLLGFLILI,GAS,void,,,,,,,,,,,3541.79,4166.72,50.3879,48.3241,3509.14,4173.5,85.4175,85.4406,-22.1321,1.1e+17,8,I,83.0055,36.79604598,3493.4659,3423.6994,69.7665,0.0,1.98668213898401,2.414800921513544,G,99999900.0,LLLYSLLALLLGTLLGFLILI,31356.915794989745,11513.56170440922,543.9646367544674
LLLGYLLALLLGVLLSTLILI,LLLGALLALLLGVLLSTLILI,GAS,void,,,,,,,,,,,3638.08,4430.92,51.5189,60.5169,3594.96,4571.63,156.383,152.152,-20.4196,1.1e+17,4,Y,77.9583,43.70233804,3577.5631,3442.808,134.7551,0.0,0.2764078216243631,0.0032410447855419,G,-14.09072468348898,LLLYSLLALLLGTLLGFLILI,20116.909292235927,1983.3636204610025,41.03799064057018
LLLGYLLALLLGVLLSTLILI,LLLGYLLAALLGVLLSTLILI,GAS,void,,,,,,,,,,,3631.63,4499.43,62.4839,48.3793,3594.96,4571.63,124.0,78.6562,-20.4196,1.1e+17,8,L,82.9503,36.83807763,3583.2507,3516.3038,66.9469,0.0,0.8070102614990002,0.0949306174312802,G,12210384285541.17,LLLTYLLAVLLGLLLAFLILI,24649.918293196537,2869.2840871648345,108.946555588152
LLLVALLLTLLGGLLFALILI,LLLVALLLTLLGGLLAALILI,GAS,void,,,,,,,,,,,3744.0,4400.36,46.083,30.5696,3719.71,4484.54,134.541,104.519,-18.617,1.1e+17,15,F,99.1508,23.56576144,3713.4304,3615.191,98.2394,0.0,0.407854573803497,0.053553843791907,G,-5.843449097531632,LLLTALLVGLLGGLLFLLILI,22280.969073346547,3689.350137446369,54.4797859569851
LLLVALLLTLLGGLLFALILI,LLLVALLATLLGGLLFALILI,GAS,void,,,,,,,,,,,3736.09,4444.55,61.1437,58.515,3719.71,4484.54,116.68,138.141,-18.617,1.1e+17,7,L,71.0804,45.15206558,3677.575,3581.569,96.006,0.0,0.1027218559717004,0.0368090756235934,G,99999900.0,LLLALLLTVLLGGLLFSLILI,21551.9599945433,6380.550283504882,11.293034052440142
LLLSYLLTVLLGILLGLLILI,LLLSALLTVLLGILLGLLILI,GAS,void,,,,,,,,,,,3141.07,3875.91,50.9718,78.0749,3112.65,4046.37,167.682,169.877,-31.5567,1.1e+17,4,Y,60.4003,56.38186477,3062.9951,2942.773,120.2221,0.0,0.3847210064534441,0.1440299561227178,G,4417959436641.612,LLLALLLTVLLGGLLFSLILI,20175.28684442496,2416.311714303776,41.653025638923104
LLLSYLLTVLLGILLGLLILI,LLLSYLLTVLLGILLGALILI,GAS,void,,,,,,,,,,,3119.69,3998.33,56.1882,93.8466,3112.65,4046.37,111.689,151.605,-31.5567,1.1e+17,16,L,35.6162,72.48924015,3025.8434,2961.045,64.7984,0.0,0.4645863251827686,0.0148945578886829,G,99999900.0,LLLALLLTVLLGGLLFSLILI,21599.31123846542,1970.8161052105884,69.96028733266135
LLLAVLLFSLLGLLLGTLILI,LLLAVLLFSLLGALLGTLILI,GAS,void,,,,,,,,,,,3690.13,4577.47,60.2102,40.0856,3647.09,4651.53,122.593,61.7863,-11.5258,1.1e+17,12,L,89.7364,30.87735515,3650.0444,3585.3037,64.7407,0.0,0.2665457494486039,0.0748625727401991,G,50.22745356016487,LLLFVLLTILLGALLSLLILI,21296.45641151189,3933.692360662496,31.45365901906886
LLLAYLLGVLLGLLLAFLILI,LLLAALLGVLLGLLLAFLILI,GAS,void,,,,,,,,,,,3656.03,4526.73,64.3784,64.3096,3626.26,4687.19,171.935,153.577,-23.2275,1.1e+17,4,Y,74.1656,46.44124002,3591.7204,3472.683,119.0374,0.0,1.1017762739489534,0.1275804199989377,G,5755635503977.372,LLLALLLTVLLGGLLFSLILI,26066.54222888573,1211.9018503687532,175.51817887329824
LLLAYLLGVLLGLLLAFLILI,LLLAYLLGVLLGALLAFLILI,GAS,void,,,,,,,,,,,3668.26,4631.17,56.7789,99.5796,3626.26,4687.19,108.673,140.266,-23.2275,1.1e+17,12,L,30.2424,76.70471877,3568.6804,3485.994,82.6864,0.0,1.291230789506315,0.4084350442840733,G,4909.775990357182,LLLALLLTVLLGGLLFSLILI,26530.138042345134,1551.455314925499,232.6576247857393
LLLYSLLTLLLGFLLAILILI,LLLYSLLTLLLGALLAILILI,GAS,void,,,,,,,,,,,3377.21,4125.35,50.305,46.4462,3369.7,4240.45,145.809,144.572,-10.7057,1.1e+17,12,F,83.3758,35.77683289,3330.7638,3225.128,105.6358,0.0,0.3852141253099059,0.1037746487965489,G,99999900.0,LLLFVLLTILLGALLSLLILI,20203.02815770986,2183.0883626348136,45.91702491807907
LLLYSLLTLLLGFLLAILILI,LLLYSLLTLLLGFLLAALILI,GAS,void,,,,,,,,,,,3365.07,4235.93,49.8586,90.0311,3369.7,4240.45,78.9171,147.359,-10.7057,1.1e+17,16,I,39.4317,69.5420615,3275.0389,3222.341,52.6979,0.0,2.7641813227327274,0.711230540164757,G,99999900.0,LLLYSLLALLLGTLLGFLILI,36313.07448933827,8882.053369283685,332.9670808113758
LLLTVLLAILLGLLLGFLILI,LLLTVLLAILLGLLLGALILI,GAS,void,,,,,,,,,,,3508.08,4460.75,45.2832,89.8162,3608.81,4563.2,138.129,274.806,-17.5194,1.1e+17,16,F,39.6466,69.37606787,3418.2638,3334.004,84.2598,0.0,0.3267752319592367,0.073409684347007,G,36.70968794769514,LLLFVLLTILLGALLSLLILI,20092.746440444083,1278.321904971682,55.760466169295
LLLYLLLGALLGVLLSTLILI,LLLYALLGALLGVLLSTLILI,GAS,void,,,,,,,,,,,3825.63,4588.73,63.8174,35.8433,3782.17,4647.75,121.222,56.3409,-7.71629,1.1e+17,4,L,102.6319,25.88427386,3789.7867,3725.8291,63.9576,0.0,0.7696420324292818,0.0534253988969908,G,-33.72858369663058,LLLYALLFLLLGTLLSILILI,24025.380700685648,2366.972121926304,107.76568343299454
LLLYFLLGILLGVLLSLLILI,LLLYALLGILLGVLLSLLILI,GAS,void,,,,,,,,,,,3676.35,4567.2,54.8663,52.9126,3642.91,4629.75,126.9,108.068,-32.2999,1.1e+17,4,F,85.5626,38.21088541,3623.4374,3534.842,88.5954,0.0,0.5504183673889923,0.1127662843738942,G,-78.15782872666162,LLLFVLLTILLGALLSLLILI,21593.14117992148,1027.4516507229064,92.7893127346743
LLLAGLLFLLLGTLLSYLILI,LLLAGLLFLLLGTLLSALILI,GAS,void,,,,,,,,,,,3682.72,4632.27,41.9411,82.5053,3644.08,4669.4,125.487,175.822,-18.3705,1.1e+17,16,Y,46.9575,63.72896307,3600.2147,3468.258,131.9567,0.0,0.2188614637724378,0.0054574227190165,G,32.43357623577362,LLLTGLLFGLLAILLSLLILI,19114.826896055554,1516.9884766818357,32.795167123009946
LLLAGLLFLLLGTLLSYLILI,LLLAGLLALLLGTLLSYLILI,GAS,void,,,,,,,,,,,3649.33,4506.99,59.655,25.5155,3644.08,4669.4,161.052,75.856,-18.3705,1.1e+17,7,F,104.0799,19.68858463,3623.8145,3568.224,55.5905,0.0,0.1872617878326038,0.1590777073582548,G,34.63804105457484,LLLAGLLFLLLGTLLGSLILI,18772.00871497556,651.9178331310289,44.13714057112708
LLLTILLALLLGFLLGSLILI,LLLTILLALLLGALLGSLILI,GAS,void,,,,,,,,,,,3146.17,3921.41,58.6698,57.3165,3149.38,4067.52,159.059,163.14,-25.1796,1.1e+17,12,F,72.5055,44.15006701,3088.8535,2986.24,102.6135,0.0,0.3547885647023184,0.010547349570401,G,-99.99936895759336,LLLAGLLFLLLGTLLGSLILI,20337.916814755983,1726.2386109948895,51.143758218609015
LLLTILLALLLGFLLGSLILI,LLLTALLALLLGFLLGSLILI,GAS,void,,,,,,,,,,,3179.64,4005.25,64.6935,58.8041,3149.38,4067.52,120.078,112.09,-25.1796,1.1e+17,4,I,79.6711,42.46543785,3120.8359,3037.29,83.5459,0.0,0.9124611816973064,0.1440446098697201,G,-80.18187263666556,LLLAGLLFLLLGTLLGSLILI,24961.093862202822,1349.8594314497377,149.35614095407527
LLLVALLFALLGLLLGTLILI,LLLVALLAALLGLLLGTLILI,GAS,void,,,,,,,,,,,3583.55,4432.74,61.2939,35.9037,3566.45,4611.9,166.278,103.198,-11.1281,1.1e+17,7,F,93.6917,27.70445556,3547.6463,3463.252,84.3943,0.0,0.3648322239555432,0.3888693222645738,G,-99.9996005323814,LLLYSLLALLLGTLLGFLILI,23243.11684978819,5719.800580202001,94.20999014412163
LLLVALLFALLGLLLGTLILI,LLLVALLFALLGALLGTLILI,GAS,void,,,,,,,,,,,3609.63,4535.56,57.8126,36.0221,3566.45,4611.9,121.169,55.2514,-11.1281,1.1e+17,12,L,93.7999,27.74730015,3573.6079,3511.1986,62.4093,0.0,0.2346428699720937,0.2519122969650715,G,99999900.0,LLLAGLLFLLLGTLLGSLILI,19957.984096441684,1730.9814488415857,60.77986689735244
LLLYLLLAFLLGVLLGSLILI,LLLYLLLAALLGVLLGSLILI,GAS,void,,,,,,,,,,,3406.48,4061.53,58.0013,54.3267,3359.66,4200.1,155.268,128.229,-11.4742,1.1e+17,8,F,77.0029,41.36668352,3352.1533,3231.431,120.7223,0.0,0.1923924530010141,0.1676898069926287,G,99999900.0,LLLALLLTVLLGGLLFSLILI,19177.06917368132,1064.316976941018,45.7893144472944
LLLYLLLAFLLGVLLGSLILI,LLLYALLAFLLGVLLGSLILI,GAS,void,,,,,,,,,,,3398.8,4110.07,60.3855,59.8848,3359.66,4200.1,128.962,104.253,-11.4742,1.1e+17,4,L,78.5904,43.24586641,3338.9152,3255.407,83.5082,0.0,1.747190073715015,1.3128580234627705,G,99999900.0,LLLAGLLFLLLGTLLGSLILI,32626.67803188465,6140.663063556487,393.9654251400224
LLLTALLFLLLGYLLGSLILI,LLLTALLFLLLGALLGSLILI,GAS,void,,,,,,,,,,,3198.29,4015.03,60.4341,56.2911,3174.58,4176.7,168.324,143.562,-22.501,1.1e+17,12,Y,73.5309,43.3602163,3141.9989,3031.018,110.9809,0.0,0.6142265791436732,0.2152238539561381,G,-38.74943747685138,LLLAGLLFLLLGTLLGSLILI,22414.5435334619,821.6359080779156,112.852849118018
LLLTALLFLLLGYLLGSLILI,LLLTALLALLLGYLLGSLILI,GAS,void,,,,,,,,,,,3179.87,4017.01,57.2829,16.7406,3174.58,4176.7,157.321,84.9675,-22.501,1.1e+17,7,F,112.8548,12.91758812,3163.1294,3089.6125,73.5169,0.0,0.9382592401258004,0.0393179716372605,G,5160378872291.127,LLLAGLLFLLLGTLLGSLILI,25116.955744613857,2185.634905759948,134.0631179482641
LLLLVLLTTLLGALLFGLILI,LLLLVLLATLLGALLFGLILI,GAS,void,,,,,,,,,,,3775.25,4547.61,62.2869,39.2673,3766.7,4588.11,92.8962,72.8723,-10.2344,1.1e+17,7,T,90.3281,30.29991805,3735.9827,3693.8277,42.155,0.0,1.4905008105618376,1.1265564135403623,G,99999900.0,LLLFVLLTILLGALLSLLILI,27977.08025735066,4510.674822285495,336.7706625318032
LLLYVLLTLLLGALLSFLILI,LLLYVLLTLLLGALLSALILI,GAS,void,,,,,,,,,,,3433.39,4084.22,58.3181,100.311,3531.86,4230.42,157.975,273.941,-9.47255,1.1e+17,16,F,29.1518,77.48248918,3333.079,3257.919,75.16,0.0,0.362402816097313,0.0989885491763686,G,569.0839227175255,LLLFVLLTILLGALLSLLILI,20393.673198485543,1184.9272159041363,63.66983614437841
LLLYVLLTLLLGALLSFLILI,LLLYVLLTALLGALLSFLILI,GAS,void,,,,,,,,,,,3543.3,4180.79,58.8448,36.3178,3531.86,4230.42,114.098,81.626,-9.47255,1.1e+17,8,L,95.0118,27.65393331,3506.9822,3450.234,56.7482,0.0,0.1744521603692076,0.004004039547129,G,99999900.0,LLLFVLLTILLGALLSLLILI,19945.134031822225,2812.501774895509,26.104654139019186
LLLAVLLGTLLGLLLSFLILI,LLLAVLLGTLLGLLLSALILI,GAS,void,,,,,,,,,,,3542.77,4466.7,44.7809,87.8536,3644.45,4568.08,137.967,274.183,-32.3507,1.1e+17,16,F,41.6092,67.86011117,3454.9164,3370.267,84.6494,0.0,1.7306529403655124,1.091201022213742,G,99999900.0,LLLFVLLTILLGALLSLLILI,30841.87072011159,8500.418163673436,141.21938582115737
LLLAVLLGTLLGLLLSFLILI,LLLAVLLGTLLGALLSFLILI,GAS,void,,,,,,,,,,,3678.16,4510.95,55.312,87.4293,3644.45,4568.08,110.96,127.622,-32.3507,1.1e+17,12,L,42.3927,67.34551925,3590.7307,3516.828,73.9027,0.0,1.763858410013127,0.8758751074529953,G,99999900.0,LLLFVLLTILLGALLSLLILI,30619.63518677132,2841.573458186894,350.9210815817936
LLLYLLLGALLGILLSTLILI,LLLYALLGALLGILLSTLILI,GAS,void,,,,,,,,,,,3523.69,4049.32,66.734,57.1915,3489.55,4141.35,134.485,101.928,-14.2325,1.1e+17,4,L,81.2837,41.3008972,3466.4985,3387.622,78.8765,0.0,0.4761904403596771,0.0949005537237673,G,-38.8190612682457,LLLYALLFLLLGTLLSILILI,22551.8431375974,2971.497518903802,79.99920742044297
LLLAALLFSLLGLLLGTLILI,LLLAALLFSLLGALLGTLILI,GAS,void,,,,,,,,,,,3725.14,4574.05,60.092,40.4435,3681.63,4650.35,123.45,61.3399,-10.6977,1.1e+17,12,L,89.3785,31.15304032,3684.6965,3620.2901,64.4064,0.0,0.1834114783062466,0.0729759711183366,G,26.38155982992889,LLLAGLLFLLLGTLLGSLILI,21223.55455815463,4656.866376534244,34.6052644246784
LLLTGLLYVLLGLLLAFLILI,LLLTGLLAVLLGLLLAFLILI,GAS,void,,,,,,,,,,,3803.04,4564.36,60.9975,27.1114,3736.14,4688.95,166.896,124.673,-8.61349,1.1e+17,7,Y,102.484,20.92003266,3775.9286,3611.467,164.4616,0.0,0.3590386482633031,0.1087637485566287,G,-27.31493837697321,LLLYSLLALLLGTLLGFLILI,19904.654984999863,972.9913282389026,64.19226393060937
LLLTGLLYVLLGLLLAFLILI,LLLTGLLYVLLGLLLAALILI,GAS,void,,,,,,,,,,,3636.78,4587.29,44.5915,88.4922,3736.14,4688.95,137.51,273.198,-8.61349,1.1e+17,16,F,40.9706,68.35338028,3548.2878,3462.942,85.3458,0.0,0.4807125469430302,0.0586319584777283,G,9990374453458.414,LLLTYLLAVLLGLLLAFLILI,20915.744123689565,1308.2921234157643,76.8887877093518
LLLTYLLGVLLGILLALLILI,LLLTALLGVLLGILLALLILI,GAS,void,,,,,,,,,,,3252.96,3877.48,65.2113,73.0233,3239.81,4067.64,183.896,203.333,-17.05,1.1e+17,4,Y,67.8221,51.0222047,3179.9367,3036.477,143.4597,0.0,0.9298213671390432,0.006870122242153,G,-88.2836097136424,LLLTGLLFGLLAILLSLLILI,24666.49315214112,1808.047786935625,137.62976805147505
LLLTYLLGVLLGILLALLILI,LLLTYLLGVLLGILLAALILI,GAS,void,,,,,,,,,,,3224.7,4023.98,55.5338,107.767,3239.81,4067.64,108.693,192.934,-17.05,1.1e+17,16,L,21.6958,83.24167251,3116.933,3046.876,70.057,0.0,0.9605084111485482,0.1346892495305702,G,-16.553293034860477,LLLTYLLAVLLGLLLAFLILI,25007.874383125352,1132.8615755060025,155.45692376945536
LLLTALLAFLLGVLLGLLILI,LLLTALLAALLGVLLGLLILI,GAS,void,,,,,,,,,,,3110.82,3831.49,68.7836,54.6076,3082.21,3994.14,169.353,118.678,-21.538,1.1e+17,8,F,76.722,41.58057285,3056.2124,2963.532,92.6804,0.0,4.335636240818184,5.786011614498299,G,99999900.0,LLLYSLLALLLGTLLGFLILI,42917.19483474007,31969.31718511324,1240.854664131023
LLLTALLAFLLGVLLGLLILI,LLLTALLAFLLGVLLGALILI,GAS,void,,,,,,,,,,,3088.2,3946.84,56.5487,109.908,3082.21,3994.14,111.109,181.591,-21.538,1.1e+17,16,L,19.5548,84.89542942,2978.292,2900.619,77.673,0.0,1.2522211679177615,0.2304045497878832,G,5257101299451.05,LLLYSLLALLLGTLLGFLILI,27558.7539126064,982.4108833306306,208.37697029403336
LLLAFLLGVLLGTLLGLLILI,LLLAALLGVLLGTLLGLLILI,GAS,void,,,,,,,,,,,3116.28,3834.42,59.2628,69.2237,3100.55,3968.75,157.507,149.896,-29.5755,1.1e+17,4,F,69.2515,49.9899621,3047.0563,2950.654,96.4023,0.0,0.86606975807967,0.3075001838239961,G,120.68738218329172,LLLALLLTVLLGGLLFSLILI,23949.482482165287,141.31672970731847,159.54410909240912
LLLAFLLGVLLGTLLGLLILI,LLLAFLLGVLLGTLLGALILI,GAS,void,,,,,,,,,,,3109.17,3920.08,56.6062,104.322,3100.55,3968.75,111.615,169.215,-29.5755,1.1e+17,16,L,25.1408,80.58067646,3004.848,2931.335,73.513,0.0,3.293520188087731,0.7299743621696086,G,99999900.0,LLLALLLTVLLGGLLFSLILI,41909.6593921556,7914.668029942334,408.9596250593993
LLLYLLLGTLLGILLAFLILI,LLLYLLLGTLLGALLAFLILI,GAS,void,,,,,,,,,,,3539.95,4211.44,56.7914,55.7699,3518.43,4239.0,97.8445,104.156,-16.7257,1.1e+17,12,I,74.0521,42.95874351,3484.1801,3414.274,69.9061,0.0,1.3840919799588804,1.0033711093478914,G,99999900.0,LLLYSLLALLLGTLLGFLILI,28438.679796635435,3740.9936813028335,308.27609029301215
LLLASLLVGLLFLLLGLLILI,LLLASLLVGLLALLLGLLILI,GAS,void,,,,,,,,,,,3177.63,3950.94,56.5631,17.9459,3172.26,4114.55,158.741,105.634,-19.4851,1.1e+17,11,F,112.3219,13.77615957,3159.6841,3066.626,93.0581,0.0,0.3760589791412987,0.053106807949293,G,2.511389525365438,LLLTGLLFGLLAILLSLLILI,20992.00148784182,1922.346738623344,60.903466933841344
LLLASLLVGLLFLLLGLLILI,LLLASLLVGLLFLLLGALILI,GAS,void,,,,,,,,,,,3172.01,4047.18,59.1638,85.0475,3172.26,4114.55,120.027,142.781,-19.4851,1.1e+17,16,L,44.4153,65.69261595,3086.9625,3029.479,57.4835,0.0,0.4650811970806778,0.1189450570370366,G,-24.480979272066463,LLLASLLVGLLFLLLGLLILI,21069.7589990813,1016.7424454709444,80.86690939506686
LLLSYLLVALLGLLLGFLILI,LLLSALLVALLGLLLGFLILI,GAS,void,,,,,,,,,,,3370.51,4009.09,52.1392,83.7598,3334.73,4180.76,171.065,179.837,-29.9073,1.1e+17,4,Y,54.7154,60.48722082,3286.7502,3154.893,131.8572,0.0,0.2373959948015228,0.0738873312096386,G,-99.9996005323814,LLLASLLVGLLFLLLGLLILI,21147.26156808565,4053.771636418759,27.26295468624589
LLLSYLLVALLGLLLGFLILI,LLLSYLLVALLGALLGFLILI,GAS,void,,,,,,,,,,,3351.19,4102.59,63.0341,70.1301,3334.73,4180.76,126.874,113.811,-29.9073,1.1e+17,12,L,90.3123,31.23233452,3281.0599,3220.919,60.1409,0.0,0.6298656950238204,0.1401016397371127,G,16323996275453.598,LLLYSLLALLLGTLLGFLILI,23110.801293790064,1853.768522569936,107.33394368744216
LLLTLLLGLLLGVLLASLILI,LLLTLLLGALLGVLLASLILI,GAS,void,,,,,,,,,,,3205.26,3876.47,61.4439,54.4001,3184.83,3963.18,128.482,96.0035,-17.8028,1.1e+17,8,L,76.9295,41.42257343,3150.8599,3088.8265,62.0334,0.0,1.1359531041786066,0.3085100537938357,G,13352119327728.69,LLLALLLTVLLGGLLFSLILI,26584.310370466766,3713.305523157033,135.14484937553982
LLLTLLLGLLLGVLLASLILI,LLLTALLGLLLGVLLASLILI,GAS,void,,,,,,,,,,,3178.33,3875.56,57.5435,57.1122,3184.83,3963.18,124.532,123.801,-17.8028,1.1e+17,4,L,81.363,41.24363063,3121.2178,3061.029,60.1888,0.0,2.10441548059338,0.1665567722762171,G,99999900.0,LLLAGLLFLLLGTLLGSLILI,35246.57301209551,3857.816103533469,292.529311658346
LLLSYLLGVLLGLLLATLILI,LLLSALLGVLLGLLLATLILI,GAS,void,,,,,,,,,,,3222.17,3857.07,66.1298,67.3124,3203.07,4047.62,184.435,172.656,-26.2402,1.1e+17,4,Y,71.1628,48.60971495,3154.8576,3030.414,124.4436,0.0,1.0143805302832325,0.0443487722017888,G,10928301569177.572,LLLTYLLAVLLGLLLAFLILI,25956.00051794292,1987.2166760749703,153.983228490633
LLLSYLLGVLLGLLLATLILI,LLLSYLLGVLLGALLATLILI,GAS,void,,,,,,,,,,,3214.53,3998.96,51.7548,77.6348,3203.07,4047.62,106.981,125.795,-26.2402,1.1e+17,12,L,52.1872,59.80095824,3136.8952,3077.275,59.6202,0.0,1.1105237900934544,0.0172575719344233,G,6056.4321811338605,LLLTYLLAVLLGLLLAFLILI,26240.6352261489,2045.5206114885807,161.72568141002728
LLLSYLLVLLLGFLLATLILI,LLLSALLVLLLGFLLATLILI,GAS,void,,,,,,,,,,,3284.38,4039.91,44.9439,75.1112,3255.95,4206.46,162.471,168.934,-27.2819,1.1e+17,4,Y,63.364,54.24162594,3209.2688,3087.016,122.2528,0.0,0.3638486786782958,0.0619078940605277,G,-65.75090209354701,LLLTALLVGLLGGLLFLLILI,20283.285172443684,1282.9462122168086,60.0218934899741
LLLSYLLVLLLGFLLATLILI,LLLSYLLVLLLGALLATLILI,GAS,void,,,,,,,,,,,3255.16,4074.55,54.568,54.9256,3255.95,4206.46,153.565,157.706,-27.2819,1.1e+17,12,F,74.8964,42.30839149,3200.2344,3098.244,101.9904,0.0,1.0314153959950567,0.1398922794708562,G,16606937058294.28,LLLTYLLAVLLGLLLAFLILI,28619.918640898806,5670.387335008157,166.43958434501943
LLLYVLLGILLGLLLAFLILI,LLLAVLLGILLGLLLAFLILI,GAS,void,,,,,,,,,,,3733.15,4566.23,65.592,88.2623,3818.98,4730.51,178.952,272.125,-18.868,1.1e+17,3,Y,108.7377,16.17532786,3644.8877,3546.855,98.0327,0.0,1.226336558848047,0.5466274328319144,G,13930761111011.104,LLLFVLLTILLGALLSLLILI,28252.6715001084,2692.4798593238047,237.4906828003286
LLLYVLLGILLGLLLAFLILI,LLLYVLLGILLGALLAFLILI,GAS,void,,,,,,,,,,,3857.3,4680.3,56.4454,82.5819,3818.98,4730.51,111.578,112.0,-18.868,1.1e+17,12,L,47.2401,63.61163747,3774.7181,3706.98,67.7381,0.0,0.8043620155287439,0.1611725124621563,G,13.360072834255476,LLLFVLLTILLGALLSLLILI,23740.492389123807,916.193145382546,135.22210147626652
LLLSTLLGLLLGVLLGILILI,LLLSTLLGLLLGVLLGALILI,GAS,void,,,,,,,,,,,3074.77,3837.88,56.515,109.668,3094.38,3863.4,96.8118,185.809,-26.0226,1.1e+17,16,I,19.7948,84.71004798,2965.102,2908.571,56.531,0.0,0.7870583058025149,0.065993133280772,G,24.92635779983998,LLLAGLLFLLLGTLLGSLILI,23913.032114002926,1601.6872078707006,122.76407191515077
LLLSTLLGLLLGVLLGILILI,LLLSTLLGALLGVLLGILILI,GAS,void,,,,,,,,,,,3110.0,3809.23,61.8333,48.2771,3094.38,3863.4,117.752,88.2003,-26.0226,1.1e+17,8,L,83.0525,36.76025816,3061.7229,3006.1797,55.5432,0.0,0.6610573352646224,0.1048844799842078,G,406.9236220105779,LLLYTLLAILLGLLLGFLILI,23526.03431421163,2190.078998050248,108.26003833326814
LLLATLLVGLLFLLLGTLILI,LLLATLLVGLLALLLGTLILI,GAS,void,,,,,,,,,,,3592.23,4539.05,56.5526,23.3703,3587.73,4695.1,156.014,116.056,-9.71071,1.1e+17,11,F,106.8975,17.94019704,3568.8597,3471.674,97.1857,0.0,0.3531955425528419,0.0811655511464035,G,0.7262480334423129,LLLASLLVGLLFLLLGLLILI,20166.162224202497,1160.6848713486734,60.45834926088196
LLLYLLLGALLGTLLSFLILI,LLLYLLLGALLGTLLSALILI,GAS,void,,,,,,,,,,,3345.18,4066.9,56.0068,105.981,3418.96,4122.3,132.595,259.595,-18.6621,1.1e+17,16,F,23.4818,81.86212565,3239.199,3159.365,79.834,1.0,2.9098665240541965,0.505200552618881,G,99999900.0,LLLYSLLALLLGTLLGFLILI,36815.11348406319,8845.786553285705,375.8708253498076
LLLYLLLGALLGTLLSFLILI,LLLYALLGALLGTLLSFLILI,GAS,void,,,,,,,,,,,3455.26,4027.22,66.2473,44.1683,3418.96,4122.3,135.194,79.1032,-18.6621,1.1e+17,4,L,94.3069,31.89618069,3411.0917,3339.8568,71.2349,1.0,0.5577790278335084,0.1308743487083692,G,8123900821472.895,LLLYSLLALLLGTLLGFLILI,23191.21243166433,3550.087207143052,68.50525800763788
LLLTYLLALLLGFLLASLILI,LLLTALLALLLGFLLASLILI,GAS,void,,,,,,,,,,,3243.61,4014.8,50.3636,51.8931,3200.4,4138.35,156.168,150.358,-16.6455,1.1e+17,4,Y,86.5821,37.4746525,3191.7169,3050.042,141.6749,1.0,1.2572747865883749,0.1775919993868059,G,16516085916487.088,LLLAGLLFLLLGTLLGSLILI,27071.360438479885,1021.4451076172866,203.62225572253664
LLLVTLLFSLLGALLSLLILI,LLLVTLLFSLLGALLSALILI,GAS,void,,,,,,,,,,,3641.77,4492.29,44.3303,56.1337,3634.87,4537.26,95.492,120.04,-17.6448,1.1e+17,16,L,73.3291,43.35894172,3585.6363,3514.83,70.8063,1.0,2.1984689342512413,2.612230713465799,G,-99.9995700251918,LLLFVLLTILLGALLSLLILI,32215.18081613288,12777.70861204239,595.7062632336001
LLLSYLLGVLLGLLLAFLILI,LLLSALLGVLLGLLLAFLILI,GAS,void,,,,,,,,,,,3346.13,3992.47,59.48,65.4373,3312.97,4156.42,169.258,148.712,-25.3616,1.1e+17,4,Y,73.0379,47.25560967,3280.6927,3164.258,116.4347,1.0,1.2538510433276682,0.2069756881052559,G,-90.54978780832768,LLLTYLLAVLLGLLLAFLILI,27518.82443429082,1015.4310028035048,206.17754990092112
LLLSYLLGVLLGLLLAFLILI,LLLSYLLGVLLGALLAFLILI,GAS,void,,,,,,,,,,,3324.15,4104.89,56.2882,88.8947,3312.97,4156.42,112.399,137.591,-25.3616,1.1e+17,12,L,40.9273,68.47429557,3235.2553,3175.379,59.8763,1.0,1.011664436905556,0.2146610823536841,G,9392.049050140387,LLLTYLLAVLLGLLLAFLILI,25256.30974995781,666.3132138503346,171.31623134613895
LLLYALLALLLGTLLGFLILI,LLLYALLAALLGTLLGFLILI,GAS,void,,,,,,,,,,,3438.73,4086.53,61.0827,47.9451,3424.51,4181.23,130.505,93.03,-25.481,1.1e+17,8,L,83.3845,36.5074591,3390.7849,3331.48,59.3049,1.0,0.0991731740437088,0.0043498375977361,G,-29.21615766074968,LLLAGLLFLLLGTLLGSLILI,19491.91352135488,3042.4865531380347,14.150157887935377
LLLYALLALLLGTLLGFLILI,LLLAALLALLLGTLLGFLILI,GAS,void,,,,,,,,,,,3245.28,3984.28,65.2461,107.551,3424.51,4181.23,187.631,343.215,-25.481,1.1e+17,3,Y,62.1798,63.36563547,3137.729,3081.295,56.434,1.0,0.2224038614302222,0.0378408977106803,G,-10.158602355627258,LLLAGLLFLLLGTLLGSLILI,19143.39707236867,1344.8725008885096,36.68855065093344
LLLYSLLFALLGALLTLLILI,LLLYSLLAALLGALLTLLILI,GAS,void,,,,,,,,,,,3403.05,4070.11,64.0176,35.4221,3387.03,4251.87,169.804,113.747,-8.92688,1.1e+17,7,F,94.1733,27.33283743,3367.6279,3273.283,94.3449,1.0,0.5202731983650843,0.0197841422177806,G,19084990908990.9,LLLFVLLTILLGALLSLLILI,22482.252717995,2638.816942816203,74.54932351897881
LLLYSLLFALLGALLTLLILI,LLLYSLLFALLGALLTALILI,GAS,void,,,,,,,,,,,3363.79,4190.17,58.6787,95.5187,3387.03,4251.87,116.769,185.567,-8.92688,1.1e+17,16,L,33.9441,73.78080808,3268.2713,3201.463,66.8083,1.0,0.398686849478466,0.1382416466120526,G,15.906636872033411,LLLYSLLALLLGTLLGFLILI,21564.73537056832,3108.126835288353,44.31214942189485
LLLSYLLVLLLGLLLGTLILI,LLLSALLVLLLGLLLGTLILI,GAS,void,,,,,,,,,,,3255.91,3961.09,49.1639,67.9782,3198.95,4086.04,154.467,153.954,-27.9106,1.1e+17,4,Y,70.497,49.09052307,3187.9318,3044.996,142.9358,1.0,0.4240390684577431,0.0925935757496483,G,-23.42600717518652,LLLASLLVGLLFLLLGLLILI,21123.250599828338,1481.487657453085,72.07981297618153
LLLYALLTALLGGLLFLLILI,LLLYALLTALLGGLLFALILI,GAS,void,,,,,,,,,,,3432.27,4122.88,55.9182,44.0111,3427.97,4180.07,113.891,103.769,-6.72804,1.1e+17,16,L,85.4517,33.99517081,3388.2589,3324.201,64.0579,1.0,0.2426471127060798,0.0635862557144478,G,-22.88356712974144,LLLALLLTVLLGGLLFSLILI,20134.39397975939,2151.4588473591816,42.34994180038312
LLLTALLFLLLGVLLASLILI,LLLTALLALLLGVLLASLILI,GAS,void,,,,,,,,,,,3221.07,3892.71,56.8583,15.7854,3215.47,4057.28,158.941,98.8269,-13.6832,1.1e+17,7,F,113.81,12.18052493,3205.2846,3116.6431,88.6415,1.0,0.7468275873025076,0.0632653800586795,G,-43.48780156175949,LLLAGLLFLLLGTLLGSLILI,23336.40806130242,1438.4572379966214,116.55616011498036
LLLTALLFLLLGVLLASLILI,LLLTALLFLLLGALLASLILI,GAS,void,,,,,,,,,,,3223.47,4043.26,55.5169,59.7187,3215.47,4057.28,78.812,92.7388,-13.6832,1.1e+17,12,V,70.1033,46.00044677,3163.7513,3122.7312,41.0201,1.0,0.8546978020259776,0.0272595268357302,G,10876281752482.166,LLLAGLLFLLLGTLLGSLILI,24449.583500594254,1812.089426689919,128.69091195717084
LLLAYLLGVLLGLLLGSLILI,LLLAALLGVLLGLLLGSLILI,GAS,void,,,,,,,,,,,3154.31,3820.58,60.0743,70.9246,3153.68,4008.56,178.021,198.349,-26.7388,1.1e+17,4,Y,67.5506,51.21826869,3083.3854,2955.331,128.0544,1.0,6.334832314941047,2.9587214126306987,G,99999900.0,LLLALLLTVLLGGLLFSLILI,55227.59335082221,24067.967433729875,1240.854664131023
LLLAYLLGVLLGLLLGSLILI,LLLAYLLGVLLGALLGSLILI,GAS,void,,,,,,,,,,,3158.83,3952.63,58.1961,62.6175,3153.68,4008.56,114.355,107.556,-26.7388,1.1e+17,12,L,67.2045,48.23335028,3096.2125,3046.124,50.0885,1.0,1.1113984801089174,0.107963861094281,G,4204.798463628979,LLLALLLTVLLGGLLFSLILI,26502.71725561405,1523.088660106119,174.89255169168885
LLLTLLLGLLLGVLLGSLILI,LLLTLLLGALLGVLLGSLILI,GAS,void,,,,,,,,,,,3264.72,3866.52,64.4877,69.2151,3232.5,3941.92,126.994,108.872,-10.7178,1.1e+17,8,L,62.1145,52.70335096,3195.5049,3123.628,71.8769,1.0,0.6417509109427584,0.0568000737239964,G,-45.61901515252952,LLLALLLTVLLGGLLFSLILI,23127.2984423956,1992.5826434994667,100.41064823969556
LLLTLLLGLLLGVLLGSLILI,LLLTALLGLLLGVLLGSLILI,GAS,void,,,,,,,,,,,3204.85,3853.93,54.3885,53.3193,3232.5,3941.92,121.469,130.582,-10.7178,1.1e+17,4,L,85.1559,38.50458421,3151.5307,3101.918,49.6127,1.0,0.4530935445436987,0.0012746028264939,G,99999900.0,LLLAGLLFLLLGTLLGSLILI,25922.089169394578,9014.249208049556,66.84988526723018
LLLLVLLIGLLFGLLFALILI,LLLLVLLIGLLAGLLFALILI,GAS,void,,,,,,,,,,,3799.56,4544.93,56.5659,45.5896,3755.6,4687.67,155.122,110.079,-19.9506,1.1e+17,11,F,84.6782,34.99682961,3753.9704,3645.521,108.4494,1.0,1.152014494612678,0.0949112462966474,G,20896141666566.67,LLLATLLVGLLFGLLFLLILI,25669.81249197499,1888.2420917200889,179.514143391368
LLLSYLLGVLLGTLLGLLILI,LLLSYLLGVLLGTLLGALILI,GAS,void,,,,,,,,,,,3209.38,3963.54,56.9049,113.674,3245.3,4012.18,112.207,216.152,-19.8281,1.1e+17,16,L,15.7888,87.80437315,3095.706,3029.148,66.558,1.0,0.9735921874179068,0.0983987861808842,G,3438.114947223173,LLLAGLLFLLLGTLLGSLILI,24939.09625163257,1307.6888347812946,153.60491692900192
LLLTFLLGVLLGLLLGSLILI,LLLTALLGVLLGLLLGSLILI,GAS,void,,,,,,,,,,,3127.14,3869.36,64.833,60.6958,3087.52,4035.01,167.333,125.934,-32.3478,1.1e+17,4,F,77.7794,43.83153084,3066.4442,2961.586,104.8582,1.0,1.0025097750807248,0.1815998754715102,G,-66.03936810023419,LLLALLLTVLLGGLLFSLILI,25556.816128434304,1089.6238317865605,166.52588691753795
LLLSTLLGALLGLLLAVLILI,LLLSTLLGALLGALLAVLILI,GAS,void,,,,,,,,,,,3159.81,3812.41,58.9996,66.1692,3141.51,3882.81,120.746,105.884,-14.0094,1.1e+17,12,L,63.6528,50.96917318,3093.6408,3035.626,58.0148,1.0,1.277795596959911,0.017569659900989,G,49.14600614832687,LLLFYLLGVLLGLLLASLILI,27569.711435622656,2123.04501965132,186.3236461573949
LLLSTLLGALLGLLLAVLILI,LLLSALLGALLGLLLAVLILI,GAS,void,,,,,,,,,,,3152.25,3844.89,66.4487,40.1412,3141.51,3882.81,96.9412,62.2308,-14.0094,1.1e+17,4,T,98.334,28.98800652,3112.1088,3079.2792,32.8296,1.0,1.2166275507854942,0.0244533255838344,G,-33.996951258589604,LLLTYLLAVLLGLLLAFLILI,27328.97430881742,1964.514245175459,181.6922056044892
LLLGTLLVGLLFALLSLLILI,LLLGTLLVGLLAALLSLLILI,GAS,void,,,,,,,,,,,3652.27,4469.53,51.8374,41.7761,3637.91,4609.79,153.966,130.386,-20.0944,1.1e+17,11,F,88.4917,32.06939858,3610.4939,3507.524,102.9699,1.0,0.3698233726076014,0.0476425084588292,G,-53.90650633029514,LLLTGLLFGLLAILLSLLILI,20185.85522499345,1314.5765957234453,59.41634192574633
LLLGTLLVGLLFALLSLLILI,LLLGTLLVGLLFALLSALILI,GAS,void,,,,,,,,,,,3647.54,4557.72,43.6763,42.4823,3637.91,4609.79,100.55,91.9995,-20.0944,1.1e+17,16,L,86.9805,32.81429106,3605.0577,3545.9105,59.1472,1.0,0.3365378986505974,0.0697665915223972,G,22.66135507362956,LLLASLLVGLLFLLLGLLILI,20509.730662957056,1644.6696962255576,56.818681148629416
LLLYILLGVLLGLLLSFLILI,LLLYALLGVLLGLLLSFLILI,GAS,void,,,,,,,,,,,3322.13,4137.69,68.9487,53.3408,3298.74,4224.35,132.445,101.952,-30.7405,1.1e+17,4,I,85.1344,38.52011046,3268.7892,3196.788,72.0012,1.0,1.422702385173924,1.0852904425694487,G,99999900.0,LLLYSLLALLLGTLLGFLILI,29839.720597383075,4944.782161036696,322.4908528327658
LLLTYLLFVLLGILLALLILI,LLLTALLFVLLGILLALLILI,GAS,void,,,,,,,,,,,3685.86,4665.57,53.3221,35.6784,3608.99,4793.04,154.302,110.008,-19.9727,1.1e+17,4,Y,102.7968,25.76519117,3650.1816,3498.982,151.1996,1.0,0.5928592978121742,0.0073301503643994,G,-74.14609115804078,LLLTGLLFGLLAILLSLLILI,21780.690205406623,1663.0776477127522,88.06063441891985
LLLAYLLGLLLGTLLAFLILI,LLLAALLGLLLGTLLAFLILI,GAS,void,,,,,,,,,,,3607.09,4548.88,53.1115,46.6674,3586.15,4698.69,158.867,138.335,-28.2039,1.1e+17,4,Y,91.8078,33.70090818,3560.4226,3447.815,112.6076,1.0,1.668774483549855,1.2893469625756837,G,99999900.0,LLLAGLLFLLLGTLLGSLILI,31715.814056124527,5809.816911599863,379.9709016889355
LLLALLLGLLLGVLLGSLILI,LLLALLLGALLGVLLGSLILI,GAS,void,,,,,,,,,,,3168.69,3833.29,64.9555,50.7233,3142.99,3905.35,126.381,86.6692,-30.7627,1.1e+17,8,L,80.6063,38.62289994,3117.9667,3056.3208,61.6459,1.0,8.262359645652433,0.2327861196938468,G,99999900.0,LLLALLLTVLLGGLLFSLILI,65551.14106778662,31442.756289541616,1240.854664131023
LLLAYLLGLLLGFLLGTLILI,LLLAYLLGLLLGALLGTLILI,GAS,void,,,,,,,,,,,3568.73,4564.51,60.4872,103.663,3565.83,4708.65,160.711,228.276,-28.9835,1.1e+17,12,F,26.159,79.85010245,3465.067,3337.554,127.513,1.0,1.0558255143579185,0.0546313321382736,G,15520.63235366478,LLLAGLLFLLLGTLLGSLILI,25747.46531806168,1607.6555178847043,161.15654618995404
LLLYALLVLLLGTLLAFLILI,LLLYALLVLLLGTLLAALILI,GAS,void,,,,,,,,,,,3435.72,4090.4,55.9877,102.374,3555.56,4236.88,155.324,286.84,-12.827,1.1e+17,16,F,27.0888,79.07599712,3333.346,3268.72,64.626,1.0,0.2477043883627698,0.0747055412541432,G,-19.04781246276489,LLLAGLLFLLLGTLLGSLILI,19273.56554858272,1126.980874459606,44.25235776990813
LLLYALLVLLLGTLLAFLILI,LLLYALLVALLGTLLAFLILI,GAS,void,,,,,,,,,,,3570.88,4163.26,54.3994,36.6447,3555.56,4236.88,117.077,84.6928,-12.827,1.1e+17,8,L,94.6849,27.90284901,3534.2353,3470.8672,63.3681,1.0,0.2668663609786423,0.0474870366372176,G,10651283863893.098,LLLYSLLALLLGTLLGFLILI,19942.56878418284,1695.98585452649,44.23992758815646
LLLTFLLGILLGLLLGSLILI,LLLTFLLGILLGALLGSLILI,GAS,void,,,,,,,,,,,3086.41,3943.78,57.3885,71.7368,3080.08,3997.82,113.502,118.71,-33.988,1.1e+17,12,L,58.0852,55.25781455,3014.6732,2961.37,53.3032,1.0,1.2181913721247706,0.4328663957222824,G,9522122272995.65,LLLFVLLTILLGALLSLLILI,27097.9794857145,688.6801567134164,224.44650362380577
LLLAYLLFLLLGTLLGSLILI,LLLAALLFLLLGTLLGSLILI,GAS,void,,,,,,,,,,,3135.19,4006.63,50.1395,64.59,3094.61,4165.81,161.85,163.193,-37.6883,1.1e+17,4,Y,54.8008,67.71310805,3070.6,2931.417,139.183,1.0,0.2919993707135567,0.0945780745274115,G,4.605045251951244,LLLALLLTVLLGGLLFSLILI,19616.713109995475,1034.873463751052,52.84384178116477
LLLTYLLGVLLGLLLSFLILI,LLLTALLGVLLGLLLSFLILI,GAS,void,,,,,,,,,,,3317.81,4013.53,64.8967,55.9743,3306.0,4201.18,182.652,159.022,-9.24157,1.1e+17,4,Y,82.5009,40.42189504,3261.8357,3146.978,114.8577,1.0,1.7877615265773956,1.0657718432472116,G,99999900.0,LLLTYLLAVLLGLLLAFLILI,32865.18896185686,4796.4595720717325,374.2128463514824
LLLFYLLGVLLGLLLGTLILI,LLLFALLGVLLGLLLGTLILI,GAS,void,,,,,,,,,,,3542.08,4557.84,59.9807,33.8809,3512.1,4667.56,153.735,144.645,-37.9263,1.1e+17,4,Y,104.5943,24.4671248,3508.1991,3367.455,140.7441,1.0,0.8221070630911151,0.0030269694676954,G,40.87975067889266,LLLTYLLAVLLGLLLAFLILI,23892.35277455778,1790.4608204161837,121.36888946315642
LLLSYLLVLLLGTLLAFLILI,LLLSALLVLLLGTLLAFLILI,GAS,void,,,,,,,,,,,3330.54,4069.47,45.0681,66.5625,3306.57,4229.6,159.244,174.813,-30.2578,1.1e+17,4,Y,71.9127,48.06817394,3263.9775,3131.757,132.2205,1.0,0.3220301870018149,0.1243773692912446,G,16937526045018.129,LLLAGLLFLLLGTLLGSLILI,19369.19875413952,1030.4240003443213,60.36852998080548
LLLSYLLVLLLGTLLAFLILI,LLLSYLLVLLLGTLLAALILI,GAS,void,,,,,,,,,,,3244.75,4080.95,55.9257,106.451,3306.57,4229.6,156.044,254.736,-30.2578,1.1e+17,16,F,23.0118,82.22516429,3138.299,3051.834,86.465,1.0,0.5093163721049567,0.0944880344341665,G,-68.05595404348992,LLLAGLLFLLLGTLLGSLILI,21277.71045615102,1112.907314013645,84.83398708450915
LLLLTLLVGLLFALLYGLILI,LLLLTLLVGLLFALLAGLILI,GAS,void,,,,,,,,,,,3761.35,4651.97,35.9032,23.1762,3716.47,4667.58,111.491,89.9611,-14.9538,1.1e+17,15,Y,106.5442,17.86627238,3738.1738,3626.5089,111.6649,1.0,0.3638201172987891,0.0852064206999616,G,-11.216087022451074,LLLASLLVGLLFLLLGLLILI,20208.826128028457,1124.4043543400671,62.44353386282724
LLLLTLLVGLLFALLYGLILI,LLLLTLLVGLLAALLYGLILI,GAS,void,,,,,,,,,,,3732.67,4642.21,39.7319,39.0244,3716.47,4667.58,111.476,95.3229,-14.9538,1.1e+17,11,F,91.2434,29.95705769,3693.6456,3621.1471,72.4985,1.0,0.2344044143996198,0.1604207497602102,G,-0.3796401384191509,LLLATLLVGLLFGLLFLLILI,19359.3164588148,880.8651316450743,51.21864156025472
LLLTFLLGLLLGYLLSILILI,LLLTFLLGLLLGALLSILILI,GAS,void,,,,,,,,,,,3203.24,4018.88,48.5166,80.7913,3174.53,4125.47,145.044,185.031,-19.9535,1.1e+17,12,Y,49.0307,62.23236431,3122.4487,2989.499,132.9497,1.0,0.2431821816954312,0.012543511395604,G,10019950221084.684,LLLFVLLTILLGALLSLLILI,19600.522403007224,1797.8534986028426,34.502087279942174
LLLAYLLFLLLGTLLSILILI,LLLAALLFLLLGTLLSILILI,GAS,void,,,,,,,,,,,3266.67,4060.81,49.8836,55.1827,3234.44,4216.18,160.019,159.03,-19.1342,1.1e+17,4,Y,51.4328,69.69742675,3211.4873,3075.41,136.0773,1.0,0.1300634396961816,0.0346356685446822,G,99999900.0,LLLAGLLFLLLGTLLGSLILI,18493.714967087817,1372.8203184622496,22.75786805706497
LLLSYLLTVLLGTLLAFLILI,LLLSALLTVLLGTLLAFLILI,GAS,void,,,,,,,,,,,3381.75,4026.64,58.6248,78.1095,3323.22,4200.72,174.444,134.462,-9.70983,1.1e+17,4,Y,60.3657,56.40685119,3303.6405,3188.758,114.8825,1.0,0.2581417581620371,0.059411405770984,G,5460513927679.207,LLLALLLTVLLGGLLFSLILI,18926.716156221177,1288.5599093145297,44.19681325846823
LLLSYLLTVLLGTLLAFLILI,LLLSYLLTVLLGTLLAALILI,GAS,void,,,,,,,,,,,3221.01,4053.9,56.1317,100.685,3323.22,4200.72,155.229,276.262,-9.70983,1.1e+17,16,F,28.7778,77.77137525,3120.325,3046.958,73.367,1.0,0.3325556703544375,0.0010112951762353,G,-72.65977579679547,LLLALLLTVLLGGLLFSLILI,19736.69646880423,1576.8638091296043,48.8629016541057
LLLWSLLTLLLGVLLAFLILI,LLLASLLTLLLGVLLAFLILI,GAS,void,,,,,,,,,,,3392.87,4052.02,62.2955,121.678,3343.65,4129.95,168.745,197.624,-18.8028,1.1e+17,3,W,125.38944,3.338688441,3271.192,3146.026,125.166,1.0,0.3054099573649375,0.076503128190077,G,4022252343413.336,LLLALLLTVLLGGLLFSLILI,19552.732977583222,1115.8654696644944,52.936559436323904
LLLYFLLTILLGVLLALLILI,LLLYALLTILLGVLLALLILI,GAS,void,,,,,,,,,,,3416.94,4096.8,49.8926,69.0783,3389.43,4242.47,150.71,143.081,-18.4887,1.1e+17,4,F,69.3969,49.88496135,3347.8617,3246.349,101.5127,1.0,0.3780917722477347,0.0127517899936023,G,3637506326306.026,LLLFVLLTILLGALLSLLILI,20104.1520131752,1665.348942007245,54.3455851041915
LLLYFLLTILLGVLLALLILI,LLLYFLLTALLGVLLALLILI,GAS,void,,,,,,,,,,,3433.77,4208.86,63.6223,45.9787,3389.43,4242.47,107.389,78.8402,-18.4887,1.1e+17,8,I,85.3509,35.01015765,3387.7913,3310.5898,77.2015,1.0,0.3400552175849203,0.0780462183294612,G,99999900.0,LLLFVLLTILLGALLSLLILI,21143.30086587912,2921.9724654743504,41.94630849515049
LLLSYLLGLLLGVLLGTLILI,LLLSALLGLLLGVLLGTLILI,GAS,void,,,,,,,,,,,3551.26,4444.94,53.0508,65.2521,3499.07,4593.65,158.17,140.525,-28.5286,1.1e+17,4,Y,73.2231,47.12186731,3486.0079,3358.545,127.4629,1.0,0.9925380806307303,0.2101210340136718,G,368.2328767044221,LLLAGLLFLLLGTLLGSLILI,25862.39224409241,1529.2832139990594,168.02720081423047
LLLSYLLGLLLGVLLGTLILI,LLLSYLLGALLGVLLGTLILI,GAS,void,,,,,,,,,,,3519.88,4530.66,64.77,58.6701,3499.07,4593.65,122.826,103.147,-28.5286,1.1e+17,8,L,72.6595,44.67393489,3461.2099,3395.923,65.2869,1.0,0.5879937212557689,0.1983737571291652,G,-99.99196056181049,LLLFYLLGVLLGLLLASLILI,23245.878652115847,2530.0250690143034,107.2356755320951
LLLSYLLGLLLGVLLSTLILI,LLLSYLLGALLGVLLSTLILI,GAS,void,,,,,,,,,,,3297.26,4000.7,65.2985,80.3403,3254.35,4063.86,123.489,113.303,-6.10586,1.1e+17,8,L,50.9893,61.17455623,3216.9197,3141.047,75.8727,1.0,0.9656240842659418,0.2962490391131966,G,186.9777540598141,LLLFYLLGVLLGLLLASLILI,25682.98247095389,1494.538661802669,173.03182581708876
LLLGYLLALLLGTLLSFLILI,LLLGALLALLLGTLLSFLILI,GAS,void,,,,,,,,,,,3375.13,3983.59,53.7306,63.4414,3379.08,4117.73,162.995,199.101,-14.0,1.1e+17,4,Y,75.0338,45.81426855,3311.6886,3179.979,131.7096,1.0,0.3124637107994701,0.1049449477986998,G,-74.94513181785463,LLLAGLLFLLLGTLLGSLILI,19844.458355861283,1022.0835974075138,56.93657777558448
LLLGYLLALLLGTLLSFLILI,LLLGYLLAALLGTLLSFLILI,GAS,void,,,,,,,,,,,3406.13,4025.14,60.671,47.269,3379.08,4117.73,129.081,82.9884,-14.0,1.1e+17,8,L,84.0606,35.99264751,3358.861,3296.0916,62.7694,1.0,0.4306191172025531,0.1438036914758515,G,20581608333233.32,LLLYSLLALLLGTLLGFLILI,23917.573376722325,6126.903622339474,48.43499494901952
LLLVILLTLLLGALLGFLILI,LLLVALLTLLLGALLGFLILI,GAS,void,,,,,,,,,,,3284.59,4014.95,47.2414,63.8886,3249.41,4052.76,96.7056,104.75,-33.0099,1.1e+17,4,I,74.5866,46.13721446,3220.7014,3144.66,76.0414,1.0,0.3329643871718909,0.09563279175406,G,44.86960997136003,LLLFVLLTILLGALLSLLILI,19581.95818078075,1088.260192832235,58.98568082536367
LLLTFLLALLLGYLLGVLILI,LLLTALLALLLGYLLGVLILI,GAS,void,,,,,,,,,,,3679.59,4642.49,46.142,51.3311,3645.89,4726.91,132.415,117.212,-14.6326,1.1e+17,4,F,87.1441,37.06880366,3628.2589,3528.678,99.5809,1.0,0.7743052270837485,0.117280715902764,G,12951452438643.797,LLLAGLLFLLLGTLLGSLILI,23695.21348732125,1258.9367782266193,126.2262755886958
LLLTYLLAVLLGLLLGFLILI,LLLTALLAVLLGLLLGFLILI,GAS,void,,,,,,,,,,,3265.97,3987.42,59.6773,79.5396,3232.9,4163.93,175.23,193.323,-25.681,1.1e+17,4,Y,58.9356,57.43959929,3186.4304,3039.577,146.8534,1.0,1.277353574725578,1.4787055709132224,G,22452663636263.64,LLLYSLLALLLGTLLGFLILI,25347.968042785607,6967.7370653207845,342.0509538710501
LLLTYLLAVLLGLLLGFLILI,LLLTYLLAVLLGLLLGALILI,GAS,void,,,,,,,,,,,3168.06,4019.49,59.3219,112.016,3232.9,4163.93,158.106,260.831,-25.681,1.1e+17,16,F,17.4468,86.52369638,3056.044,2972.069,83.975,1.0,0.686910058210074,0.2965240629713372,G,-58.63267915958696,LLLYSLLALLLGTLLGFLILI,23018.835918376903,755.047976816052,132.02034448405684
LLLAYLLAVLLGLLLGFLILI,LLLAALLAVLLGLLLGFLILI,GAS,void,,,,,,,,,,,3647.54,4534.86,58.3954,66.3783,3618.64,4687.78,165.83,167.385,-14.6822,1.1e+17,4,Y,72.0969,47.93515373,3581.1617,3451.255,129.9067,1.0,0.3318670172443771,0.0580413010381913,G,7.698455718196932,LLLALLLTVLLGGLLFSLILI,19757.94777759403,1234.746053080943,54.91006368379937
LLLAYLLAVLLGLLLGFLILI,LLLAYLLAVLLGALLGFLILI,GAS,void,,,,,,,,,,,3644.84,4633.09,61.9051,92.4409,3618.64,4687.78,118.044,131.103,-14.6822,1.1e+17,12,L,37.3811,71.2058819,3552.3991,3487.537,64.8621,1.0,0.580187216555807,0.0734857388897994,G,-3.156360903344936,LLLALLLTVLLGGLLFSLILI,22331.855573729263,1562.504677491684,93.0828237538074
LLLTYLLGVLLGLLLGFLILI,LLLTALLGVLLGLLLGFLILI,GAS,void,,,,,,,,,,,3627.89,4485.05,57.3479,57.7036,3605.57,4587.98,151.151,154.631,-29.2244,1.1e+17,4,Y,89.2797,35.52657804,3570.1864,3450.939,119.2474,1.0,8.262359645652433,0.2327861196938468,G,99999900.0,LLLYSLLALLLGTLLGFLILI,65224.66666666666,32003.69372952649,1240.854664131023
LLLSYLLGLLLGFLLATLILI,LLLSYLLGLLLGALLATLILI,GAS,void,,,,,,,,,,,3259.06,4049.63,52.4722,78.6123,3283.45,4176.44,150.077,196.552,-22.945,1.1e+17,12,F,51.2097,60.55391228,3180.4477,3086.898,93.5497,1.0,1.0591155989933776,0.1982672145750647,G,11446.910763194972,LLLTYLLAVLLGLLLAFLILI,26107.902835433,1160.8638291283412,176.59639394347664
LLLYLLLALLLGFLLGTLILI,LLLYLLLALLLGALLGTLILI,GAS,void,,,,,,,,,,,3343.02,4115.94,60.1257,48.4342,3342.12,4262.44,161.331,138.193,-33.7836,1.1e+17,12,F,81.3878,37.3081604,3294.5858,3203.927,90.6588,1.0,0.1914897053153156,0.0083860037318953,G,554.033753719452,LLLAGLLFLLLGTLLGSLILI,19333.575001782505,1893.3656528945653,27.32334752420758
LLLYLLLALLLGFLLGTLILI,LLLYALLALLLGFLLGTLILI,GAS,void,,,,,,,,,,,3369.3,4175.76,53.3033,72.465,3342.12,4262.44,120.37,121.091,-33.7836,1.1e+17,4,L,66.0102,52.33067004,3296.835,3221.029,75.806,1.0,0.3666368458095536,0.0341714133540729,G,-51.87291080743942,LLLAGLLFLLLGTLLGSLILI,19985.32595464449,1397.099529928455,57.54451945805121
LLLTLLLGILLGFLLAVLILI,LLLTLLLGILLGALLAVLILI,GAS,void,,,,,,,,,,,3621.03,4512.95,56.0571,86.2929,3636.98,4656.17,153.942,209.513,-39.0511,1.1e+17,12,F,43.5291,66.47016684,3534.7371,3427.467,107.2701,1.0,1.2361356157074923,0.2730945860865125,G,10942441630990.05,LLLFVLLTILLGALLSLLILI,27719.605238243563,1303.9866395971883,210.4532957313384
LLLFALLASLLGTLLTLLILI,LLLFALLASLLGTLLTALILI,GAS,void,,,,,,,,,,,3651.56,4569.0,41.9239,73.4897,3654.43,4587.96,89.2618,137.581,-14.8421,1.1e+17,16,L,55.9731,56.76510936,3578.0703,3516.849,61.2213,1.0,0.2458890422930483,0.1099871063335422,G,97.758812899178,LLLYSLLALLLGTLLGFLILI,20692.46139414594,3397.8514344221167,24.75482614134826
LLLTFLLGLLLGVLLAILILI,LLLTALLGLLLGVLLAILILI,GAS,void,,,,,,,,,,,3621.06,4530.07,53.1085,40.9816,3586.43,4620.01,140.143,94.9372,-29.261,1.1e+17,4,F,97.4936,29.59490219,3580.0784,3491.4928,88.5856,1.0,0.8742575058324977,0.1279568189050783,G,-52.13910684562476,LLLTYLLAVLLGLLLAFLILI,24830.842594229267,1610.0787291477757,142.05565830185546
LLLTFLLGLLLGVLLAILILI,LLLTFLLGLLLGVLLAALILI,GAS,void,,,,,,,,,,,3584.15,4617.29,42.4335,83.4822,3586.43,4620.01,77.7873,154.86,-29.261,1.1e+17,16,I,45.9806,64.48354276,3500.6678,3431.57,69.0978,1.0,1.134256865262791,0.1679895651164168,G,19288746153746.164,LLLTYLLAVLLGLLLAFLILI,26532.59481282124,1121.3486438498571,184.50829100626424
LLLYFLLGALLGILLTLLILI,LLLYALLGALLGILLTLLILI,GAS,void,,,,,,,,,,,3381.39,4025.77,65.6891,56.5652,3345.66,4192.5,168.224,117.184,-28.8941,1.1e+17,4,F,81.91,40.84861405,3324.8248,3228.476,96.3488,1.0,5.149629104131684,4.634851867525439,G,99999900.0,LLLTALLVGLLGGLLFLLILI,47541.43774612018,27877.92104908008,1240.854664131023
LLLSYLLFLLLGVLLGSLILI,LLLSYLLFALLGVLLGSLILI,GAS,void,,,,,,,,,,,3218.5,4083.07,61.3812,27.3005,3185.58,4135.28,115.996,79.9623,-22.471,1.1e+17,8,L,104.0291,20.78777366,3191.1995,3105.6177,85.5818,1.0,0.7781109536730201,1.0943312422744815,G,99999900.0,LLLAGLLFLLLGTLLGSLILI,22190.15124418409,4693.871539012152,228.51730459356472
LLLYILLGLLLGTLLASLILI,LLLAILLGLLLGTLLASLILI,GAS,void,,,,,,,,,,,3167.65,3907.1,67.3979,34.9541,3197.9,4097.78,188.909,197.731,-11.5693,1.1e+17,3,Y,134.7767,20.59384626,3132.6959,3000.169,132.5269,1.0,0.9622262402984714,0.0961693969952323,G,-59.42887323963873,LLLALLLTVLLGGLLFSLILI,25387.63250533537,1594.9708835646338,151.69917823687953
LLLYILLGLLLGTLLASLILI,LLLYALLGLLLGTLLASLILI,GAS,void,,,,,,,,,,,3214.28,4036.3,58.0611,51.8338,3197.9,4097.78,115.298,99.9369,-11.5693,1.1e+17,4,I,86.6414,37.43182895,3162.4462,3097.9631,64.4831,1.0,0.3061840753577967,0.0275012511663554,G,-40.77899344515384,LLLAGLLFLLLGTLLGSLILI,19689.99466965966,1400.072730020784,47.94846429406112
LLLYGLLALLLGTLLSFLILI,LLLYGLLALLLGTLLSALILI,GAS,void,,,,,,,,,,,3822.59,4630.56,41.6413,82.4793,3924.78,4732.54,134.75,269.037,-21.9621,1.1e+17,16,F,46.9835,63.70888008,3740.1107,3655.743,84.3677,1.0,0.2228539197609622,0.1200634045957108,G,-9.051859970489575,LLLAGLLFLLLGTLLGSLILI,19367.332974844016,1146.1693818804526,45.31584027052219
LLLVGLLFALLGILLSLLILI,LLLVGLLAALLGILLSLLILI,GAS,void,,,,,,,,,,,3595.71,4504.49,61.1596,32.7193,3574.96,4688.68,168.227,104.481,-22.629,1.1e+17,7,F,96.8761,25.24726958,3562.9907,3470.479,92.5117,1.0,0.0421296045353621,0.0640234525997964,G,99999900.0,LLLTGLLFGLLAILLSLLILI,21584.56576831044,7198.240944947036,12.869636336728218
LLLVGLLFALLGILLSLLILI,LLLVGLLFALLGALLSLLILI,GAS,void,,,,,,,,,,,3621.11,4652.49,50.6536,53.2049,3574.96,4688.68,99.0326,87.8918,-22.629,1.1e+17,12,I,76.6171,40.98296129,3567.9051,3487.0682,80.8369,1.0,0.5573794640996653,0.0890153455780972,G,-24.44564020610123,LLLTGLLFGLLAILLSLLILI,22645.30277955016,2753.3473788425067,72.80478849237639
LLLTALLAGLLFLLLSVLILI,LLLTALLAGLLALLLSVLILI,GAS,void,,,,,,,,,,,3680.64,4520.76,50.7201,18.7426,3667.29,4644.23,148.309,99.7995,-11.4684,1.1e+17,11,F,111.5252,14.38774586,3661.8974,3567.4905,94.4069,1.0,0.3200680192792808,0.1983875505387541,G,16.061840644824525,LLLTGLLFGLLAILLSLLILI,19323.60327536588,729.8728112442432,67.78555530486636
LLLTALLAGLLFLLLSVLILI,LLLAALLAGLLFLLLSVLILI,GAS,void,,,,,,,,,,,3670.37,4605.01,62.0439,98.4486,3667.29,4644.23,93.4548,138.152,-11.4684,1.1e+17,3,T,71.2822,58.0027903,3571.9214,3529.138,42.7834,1.0,0.3301190067360008,0.0408022108171513,G,7.940732677245219,LLLASLLVGLLFLLLGLLILI,19419.692856549194,1482.492554986133,52.85773583840094
LLLAYLLGFLLGLLLGTLILI,LLLAYLLGALLGLLLGTLILI,GAS,void,,,,,,,,,,,3490.17,4579.22,53.6913,58.8888,3478.51,4667.78,140.358,147.851,-17.1112,1.1e+17,8,F,72.4408,44.84046247,3431.2812,3330.659,100.6222,1.0,2.415793988052932,0.3325548108557354,G,-99.99896770993956,LLLASLLVGLLFLLLGLLILI,34742.52549148502,3084.4631270287578,390.3467826806401
LLLTLLLGILLGVLLGALILI,LLLTLLLGALLGVLLGALILI,GAS,void,,,,,,,,,,,3556.99,4450.77,64.4223,56.6499,3524.14,4491.0,110.698,98.5982,-22.5276,1.1e+17,8,I,74.6797,43.13566782,3500.3401,3425.5418,74.7983,1.0,0.6741502090019615,0.1534447303806766,G,-7.243387505319824,LLLTVLLAILLGLLLGFLILI,24015.18636524787,2711.273118736602,115.24403973421174
LLLTLLLGILLGVLLGALILI,LLLTALLGILLGVLLGALILI,GAS,void,,,,,,,,,,,3540.84,4429.99,53.2406,50.4689,3524.14,4491.0,111.206,99.273,-22.5276,1.1e+17,4,L,88.0063,36.44616509,3490.3711,3424.867,65.5041,1.0,0.7698932864828265,0.1975823488262492,G,-3.082808648538752,LLLYTLLAILLGLLLGFLILI,23579.678271808683,823.8869177094284,133.9376433211278
LLLTALLALLLGVLLSILILI,LLLTALLALLLGVLLSALILI,GAS,void,,,,,,,,,,,3550.01,4443.38,41.5445,82.4024,3555.59,4450.39,78.5661,155.823,-14.4706,1.1e+17,16,I,47.0604,63.64948078,3467.6076,3399.767,67.8406,1.0,0.6949153986635958,0.286119312950972,G,-49.13869018080256,LLLYSLLALLLGTLLGFLILI,22844.35621477213,350.6137734904357,132.11577174480442
LLLTYLLGLLLGFLLASLILI,LLLTYLLGALLGFLLASLILI,GAS,void,,,,,,,,,,,3355.98,4115.55,65.1346,56.7119,3329.81,4178.85,123.404,95.7283,-5.67396,1.1e+17,8,L,74.6177,43.18287728,3299.2681,3234.0817,65.1864,1.0,5.847030775062127,3.648576966073948,G,99999900.0,LLLTYLLAVLLGLLLAFLILI,51768.75287879198,25522.28845310282,1240.854664131023
LLLFGLLALLLGVLLSTLILI,LLLAGLLALLLGVLLSTLILI,GAS,void,,,,,,,,,,,3645.01,4483.11,63.0757,67.3319,3639.22,4632.3,163.303,161.549,-11.6285,1.1e+17,3,F,102.3989,39.66981832,3577.6781,3477.671,100.0071,1.0,0.2941231889857208,0.2142072150456244,G,8.549600796641087,LLLAGLLFLLLGTLLGSLILI,19518.771890564723,345.9056027307294,65.6123735429569
LLLTLLLGILLGVLLSALILI,LLLTALLGILLGVLLSALILI,GAS,void,,,,,,,,,,,3594.46,4450.21,54.6493,48.1612,3573.61,4514.25,113.66,95.8198,-30.5819,1.1e+17,4,L,90.314,34.7796573,3546.2988,3477.7902,68.5086,1.0,0.9839026905519226,0.112221969210689,G,-82.49965082120883,LLLFVLLTILLGALLSLLILI,25355.2217342904,1352.403596241254,156.56239097790936
LLLTFLLGILLGLLLGVLILI,LLLTALLGILLGLLLGVLILI,GAS,void,,,,,,,,,,,3512.2,4477.4,54.8395,48.9977,3486.72,4604.32,151.183,120.418,-41.3974,1.1e+17,4,F,89.4775,35.38373658,3463.2023,3366.302,96.9003,1.0,1.1917493588306574,0.2373410199569127,G,-59.14492733105352,LLLTYLLAVLLGLLLAFLILI,26602.539029204658,630.0607239396905,200.1948362667417
LLLTFLLGILLGLLLGVLILI,LLLTFLLGILLGALLGVLILI,GAS,void,,,,,,,,,,,3507.6,4550.51,62.0585,72.3538,3486.72,4604.32,117.473,106.247,-41.3974,1.1e+17,12,L,57.4682,55.73308068,3435.2462,3380.473,54.7732,1.0,1.9242932918076088,1.185512469736287,G,16148838461438.455,LLLFVLLTILLGALLSLLILI,34193.19249490619,5569.843666254835,406.7843037938728
LLLTALLFLLLGVLLGILILI,LLLTALLFLLLGVLLGALILI,GAS,void,,,,,,,,,,,3613.7,4615.1,42.5714,84.5819,3613.93,4621.39,79.6612,155.737,-13.4938,1.1e+17,16,I,44.8809,65.33297596,3529.1181,3458.193,70.9251,1.0,3.705274687871925,0.6196764602744315,G,99999900.0,LLLAGLLFLLLGTLLGSLILI,41926.95173021063,8379.663464629577,610.1155417291773
LLLTALLFLLLGVLLGILILI,LLLTALLALLLGVLLGILILI,GAS,void,,,,,,,,,,,3622.37,4459.17,56.6088,14.6538,3613.93,4621.39,158.038,68.4696,-13.4938,1.1e+17,7,F,114.9416,11.30734579,3607.7162,3545.4604,62.2558,1.0,0.7348402764012435,0.1127236430073004,G,-28.11680710558097,LLLAGLLFLLLGTLLGSLILI,23211.442489475507,1155.3378613123348,119.94065263093457
LLLAVLLGLLLGFLLSTLILI,LLLAVLLGALLGFLLSTLILI,GAS,void,,,,,,,,,,,3727.81,4552.68,62.0645,46.168,3697.74,4605.86,117.738,74.855,-23.0845,1.1e+17,8,L,85.1616,35.1542988,3681.642,3622.885,58.757,1.0,0.8225822099650479,0.2621289138961417,G,99999900.0,LLLFVLLTILLGALLSLLILI,24254.721187516006,3355.951378295915,93.83078480660268
LLLAVLLGILLGLLLGFLILI,LLLAVLLGILLGLLLGALILI,GAS,void,,,,,,,,,,,3533.17,4471.24,48.1185,94.8249,3616.75,4553.74,135.359,270.295,-34.682,1.1e+17,16,F,34.6379,73.24490124,3438.3451,3346.455,91.8901,1.0,3.588564343748045,1.0935675892372057,G,99999900.0,LLLASLLVGLLFLLLGLLILI,43120.46558805698,10922.758881335772,414.54694314467895
LLLLFLLGTLLGVLLASLILI,LLLLALLGTLLGVLLASLILI,GAS,void,,,,,,,,,,,3205.34,3890.86,61.294,68.8514,3161.04,4067.85,167.849,119.075,-16.7625,1.1e+17,4,F,69.6238,49.7211053,3136.4886,3041.965,94.5236,1.0,0.5228193177584837,0.0750740985080005,G,-3.019991740186323,LLLFYLLGVLLGLLLASLILI,22856.766138064213,2902.3656596206374,84.80088863852811
LLLLFLLGTLLGVLLASLILI,LLLAFLLGTLLGVLLASLILI,GAS,void,,,,,,,,,,,3161.03,3980.56,68.7319,84.2906,3161.04,4067.85,135.908,171.562,-16.7625,1.1e+17,3,L,85.4402,49.66134608,3076.7394,2989.478,87.2614,1.0,6.046422667760689,3.3665942471924004,G,99999900.0,LLLALLLTVLLGGLLFSLILI,52997.02322590465,25105.28008882301,1240.854664131023
LLLTLLLGVLLGFLLSILILI,LLLTLLLGVLLGALLSILILI,GAS,void,,,,,,,,,,,3584.51,4513.23,45.9669,67.9681,3589.94,4627.41,141.404,199.305,-41.4977,1.1e+17,12,F,61.8539,52.3548397,3516.5419,3390.635,125.9069,1.0,1.1569871782122338,0.0627106380220545,G,9640605293220.91,LLLALLLTVLLGGLLFSLILI,26801.071057161167,1712.8193583204895,176.89362969477426
LLLTLLLGVLLGFLLSILILI,LLLTALLGVLLGFLLSILILI,GAS,void,,,,,,,,,,,3619.78,4563.44,64.0245,54.2537,3589.94,4627.41,122.499,108.236,-41.4977,1.1e+17,4,L,84.2215,39.17936208,3565.5263,3481.704,83.8223,1.0,1.1551809684927865,0.3994984981648587,G,99999900.0,LLLTYLLAVLLGLLLAFLILI,25890.93723924801,803.6163487921987,211.6940696880298
LLLAYLLGTLLGILLALLILI,LLLAALLGTLLGILLALLILI,GAS,void,,,,,,,,,,,3549.91,4422.9,63.0994,62.357,3525.21,4584.69,171.374,165.051,-26.1659,1.1e+17,4,Y,76.1182,45.03116804,3487.553,3360.159,127.394,1.0,1.6055313342738673,0.9934269457796062,G,99999900.0,LLLTALLVGLLGGLLFLLILI,29727.62667141888,3484.366138851667,339.847231552318
LLLAYLLGTLLGILLALLILI,LLLAYLLGTLLGILLAALILI,GAS,void,,,,,,,,,,,3531.84,4565.83,41.88,81.0566,3525.21,4584.69,89.62,151.146,-26.1659,1.1e+17,16,L,48.4062,62.60995437,3450.7834,3374.064,76.7194,1.0,1.0231245202627957,0.066867149614283,G,-99.99944131154936,LLLTYLLAVLLGLLLAFLILI,26031.61767136559,2512.690395179736,143.69094663695682
LLLTFLLAVLLGLLLGSLILI,LLLTALLAVLLGLLLGSLILI,GAS,void,,,,,,,,,,,3215.16,3859.39,60.1349,71.2427,3194.4,4011.67,161.042,156.165,-21.6354,1.1e+17,4,F,67.2325,51.44798491,3143.9173,3038.235,105.6823,1.0,0.4043832562908057,0.10579640863191,G,24.615217735992942,LLLALLLTVLLGGLLFSLILI,20611.71163431817,1076.051938622051,70.56021243205006
LLLTFLLAVLLGLLLGSLILI,LLLTFLLAVLLGALLGSLILI,GAS,void,,,,,,,,,,,3207.77,3959.57,57.8448,63.4725,3194.4,4011.67,113.357,107.593,-21.6354,1.1e+17,12,L,66.3495,48.89194435,3144.2975,3086.807,57.4905,1.0,0.5073992498058806,0.0715145759553477,G,49.113611526614896,LLLALLLTVLLGGLLFSLILI,21377.444052245435,1270.175536881953,82.15969458852274
LLLTGLLFGLLFALLVLLILI,LLLTGLLFGLLAALLVLLILI,GAS,void,,,,,,,,,,,3686.05,4627.84,49.5829,32.0566,3661.25,4767.12,148.606,111.997,-20.5032,1.1e+17,11,F,98.2112,24.60823012,3653.9934,3549.253,104.7404,1.0,0.2297579427157224,0.0732903987371126,G,-31.52765448407081,LLLTGLLFGLLAILLSLLILI,19989.948152414825,2548.012271784298,26.200418558231064
LLLTALLFSLLGILLALLILI,LLLTALLFSLLGILLAALILI,GAS,void,,,,,,,,,,,3649.08,4625.68,40.0493,75.896,3633.24,4645.72,88.8547,134.642,-14.6587,1.1e+17,16,L,53.5668,58.62379,3573.184,3498.598,74.586,1.0,0.3502546610635815,0.0016552403801669,G,-36.827297017952894,LLLTGLLFGLLAILLSLLILI,21901.74243254257,3685.835067686869,51.746684863818295
LLLAVLLGFLLGILLSLLILI,LLLAVLLGALLGILLSLLILI,GAS,void,,,,,,,,,,,3607.29,4430.08,52.801,43.43,3569.35,4556.02,149.279,93.5525,-14.3645,1.1e+17,8,F,87.8996,33.06946796,3563.86,3475.7975,88.0625,1.0,2.534222140251639,0.1504795081120161,G,99999900.0,LLLTGLLFGLLAILLSLLILI,35505.90983150008,3867.228305549797,388.82739865707447
LLLYVLLTLLLGALLAFLILI,LLLYVLLTALLGALLAFLILI,GAS,void,,,,,,,,,,,3484.54,4168.29,59.6828,29.5556,3479.66,4213.02,113.054,78.7345,-21.2603,1.1e+17,8,L,101.774,22.50490369,3454.9844,3400.9255,54.0589,1.0,0.2528227500481078,0.0770115441241268,G,50.685931097313066,LLLFVLLTILLGALLSLLILI,19954.764134118886,2342.290899938918,29.20922191877841
LLLYFLLATLLGLLLGVLILI,LLLYALLATLLGLLLGVLILI,GAS,void,,,,,,,,,,,3678.21,4628.75,53.5432,61.5898,3650.12,4758.79,151.283,139.187,-23.4915,1.1e+17,4,F,76.8854,44.47713381,3616.6202,3510.933,105.6872,1.0,0.2702820127162116,0.0850740031290252,G,99999900.0,LLLYSLLALLLGTLLGFLILI,21814.089303491783,4474.683091759592,48.65643630919645
LLLYYLLAFLLGTLLGLLILI,LLLYALLAFLLGTLLGLLILI,GAS,void,,,,,,,,,,,3317.41,4162.48,61.0265,59.3138,3247.24,4347.99,179.756,126.638,-30.6455,1.1e+17,4,Y,79.1614,42.8335182,3258.0962,3120.602,137.4942,1.0,0.3033012207330972,0.0240298489668153,G,20896141666566.67,LLLAGLLFLLLGTLLGSLILI,20405.770488016027,1998.8437195942945,47.16252646322764
LLLSYLLFVLLGILLALLILI,LLLSALLFVLLGILLALLILI,GAS,void,,,,,,,,,,,3234.14,4053.56,52.4439,71.5924,3186.06,4198.61,159.987,149.207,-25.4259,1.1e+17,4,Y,66.8828,51.7005211,3162.5476,3036.853,125.6946,1.0,0.4063193123846883,0.2103551591967797,G,20737682418120.88,LLLTGLLFGLLAILLSLLILI,25437.14274971849,9002.144143524334,37.92754583073504
LLLSYLLFVLLGILLALLILI,LLLSYLLAVLLGILLALLILI,GAS,void,,,,,,,,,,,3197.1,4038.45,59.9478,28.32,3186.06,4198.61,160.708,97.2252,-25.4259,1.1e+17,7,F,101.2754,21.85262749,3168.78,3088.8348,79.9452,1.0,0.9557739294294862,0.0426109163922254,G,4578820671048.455,LLLTYLLAVLLGLLLAFLILI,24419.81092823471,1767.0963378834238,145.17257078995198
LLLYFLLALLLGVLLGTLILI,LLLYALLALLLGVLLGTLILI,GAS,void,,,,,,,,,,,3612.98,4632.3,50.3131,42.5881,3577.33,4717.21,137.2,98.3766,-23.3014,1.1e+17,4,F,95.8871,30.75503773,3570.3919,3478.9534,91.4385,1.0,0.2278850618710666,0.001017587491171,G,17.442000157224875,LLLAGLLFLLLGTLLGSLILI,19016.78959424018,1507.510791694097,33.661598705273576
LLLALLLGLLLGVLLGTLILI,LLLALLLGALLGVLLGTLILI,GAS,void,,,,,,,,,,,3503.68,4436.12,65.1176,47.224,3464.7,4507.79,126.274,74.0439,-31.4979,1.1e+17,8,L,84.1056,35.95838257,3456.456,3390.6561,65.7999,1.0,0.9328242156335304,0.291277363691352,G,-41.65903834095735,LLLALLLTVLLGGLLFSLILI,25442.40905986045,1533.3201446945382,167.68445519752447
LLLYVLLGILLGLLLSFLILI,LLLAVLLGILLGLLLSFLILI,GAS,void,,,,,,,,,,,3255.5,3998.56,68.3098,47.866,3315.63,4190.15,189.92,234.992,-33.5965,1.1e+17,3,Y,121.8648,28.2011279,3207.634,3080.638,126.996,1.0,1.9583300627617155,1.3634080723424948,G,99999900.0,LLLFVLLTILLGALLSLLILI,34260.788267135555,6259.287269347496,430.3186704064405
LLLTVLLGLLLGFLLSILILI,LLLTVLLGLLLGALLSILILI,GAS,void,,,,,,,,,,,3686.08,4491.67,48.6391,87.4286,3663.75,4567.16,128.06,187.671,-21.0659,1.1e+17,12,F,42.3934,67.34498005,3598.6514,3476.079,122.5724,1.0,0.464056028295752,0.000429495634824,G,-22.7917048222812,LLLFVLLTILLGALLSLLILI,22075.4610111306,2616.729513764244,68.37609772631338
LLLYLLLAVLLGTLLSFLILI,LLLYALLAVLLGTLLSFLILI,GAS,void,,,,,,,,,,,3423.87,4104.5,60.3486,84.9878,3418.59,4229.82,135.302,139.178,-7.09849,1.1e+17,4,L,53.4874,61.37402221,3338.8822,3279.412,59.4702,1.0,0.2592025316385552,0.0819889177401424,G,9175467935170.7,LLLYSLLALLLGTLLGFLILI,18362.335080352303,1817.734174991385,46.70378399054985
LLLTVLLALLLGFLLGSLILI,LLLTVLLALLLGALLGSLILI,GAS,void,,,,,,,,,,,3182.95,3854.32,58.0771,55.9299,3184.77,3992.71,156.405,157.876,-21.2463,1.1e+17,12,F,73.8921,43.08198919,3127.0201,3026.894,100.1261,1.0,1.122952804468322,1.3380338353572816,G,-99.9995821933906,LLLFVLLTILLGALLSLLILI,23859.9944105654,6543.849753900078,304.66896887956466
LLLTVLLALLLGFLLGSLILI,LLLTVLLAALLGFLLGSLILI,GAS,void,,,,,,,,,,,3208.87,3945.1,65.7388,53.2208,3184.77,3992.71,118.598,88.2911,-21.2463,1.1e+17,8,L,78.1088,40.52460375,3155.6492,3096.4789,59.1703,1.0,0.7461423176374404,0.2201621523754214,G,22795790908990.91,LLLAGLLFLLLGTLLGSLILI,24182.87404887496,1966.354648241688,132.7913701972699
LLLFGLLAALLGILLTLLILI,LLLAGLLAALLGILLTLLILI,GAS,void,,,,,,,,,,,3601.52,4419.72,62.2005,109.272,3580.84,4571.38,164.152,202.251,-18.2075,1.1e+17,3,F,60.4588,64.37959404,3492.248,3378.589,113.659,1.0,0.3837024960343658,0.0604441817961583,G,-31.646798137725373,LLLTGLLFGLLAILLSLLILI,20773.677142844204,1566.1363540700308,62.79292887243886
LLLFGLLAALLGILLTLLILI,LLLFGLLAALLGALLTLLILI,GAS,void,,,,,,,,,,,3609.57,4554.45,46.7776,44.4157,3580.84,4571.38,88.3211,88.188,-18.2075,1.1e+17,12,I,85.4063,34.21276825,3565.1543,3492.652,72.5023,1.0,1.714676706746787,1.2608265993695813,G,99999900.0,LLLFVLLTILLGALLSLLILI,31171.490644353635,5077.273228497155,383.7603734761584
LLLSYLLVALLGALLGLLILI,LLLSALLVALLGALLGLLILI,GAS,void,,,,,,,,,,,3233.21,3858.05,52.5631,75.3648,3211.22,4027.51,169.347,171.969,-27.9455,1.1e+17,4,Y,63.1104,54.42476342,3157.8452,3039.251,118.5942,1.0,0.1757917382189,0.019748044630516,G,-19.71846854755489,LLLASLLVGLLFLLLGLLILI,20209.592099500307,3248.232643932694,23.82883400220891
LLLSYLLVALLGALLGLLILI,LLLSYLLVALLGALLGALILI,GAS,void,,,,,,,,,,,3210.2,3957.19,59.5893,90.3106,3211.22,4027.51,121.031,148.622,-27.9455,1.1e+17,16,L,39.1522,69.75795364,3119.8894,3062.598,57.2914,1.0,1.886527064683428,2.2057548546936205,G,99999900.0,LLLVALLFALLGLLLGTLILI,32507.77742107018,14883.179208521453,48.12405072121712
LLLYVLLFLLLGALLGTLILI,LLLYVLLALLLGALLGTLILI,GAS,void,,,,,,,,,,,3872.47,4626.77,57.8391,23.4406,3868.07,4783.97,158.157,85.1105,-10.102,1.1e+17,7,F,106.1548,18.08752471,3849.0294,3782.9595,66.0699,1.0,0.1587901448688207,0.0027676269275641,G,-99.99886249780997,LLLFVLLTILLGALLSLLILI,19305.486353675424,2103.7696531045617,23.669716311144374
LLLYVLLFLLLGALLGTLILI,LLLYVLLFALLGALLGTLILI,GAS,void,,,,,,,,,,,3883.0,4746.5,59.028,20.4981,3868.07,4783.97,108.64,43.2118,-10.102,1.1e+17,8,L,110.8315,15.60813404,3862.5019,3824.8582,37.6437,1.0,0.1182781242464414,0.1122376610770557,G,99999900.0,LLLFVLLTILLGALLSLLILI,19286.225700908533,2260.512988643848,29.102433241481485
LLLYALLVGLLFLLLGTLILI,LLLYALLVGLLALLLGTLILI,GAS,void,,,,,,,,,,,3858.6,4610.1,56.8874,21.5816,3850.68,4766.88,157.004,103.772,-16.4553,1.1e+17,11,F,108.6862,16.56710254,3837.0184,3746.908,90.1104,1.0,0.2153370053730907,0.0436828778951642,G,-16.11808824107098,LLLASLLVGLLFLLLGLLILI,19315.639071188834,1472.0024909064102,36.256237195954654
LLLYALLVGLLFLLLGTLILI,LLLYALLVGLLFLLLGALILI,GAS,void,,,,,,,,,,,3876.3,4749.06,44.8685,59.2403,3850.68,4766.88,71.5151,86.334,-16.4553,1.1e+17,16,T,70.2225,45.75854995,3817.0597,3764.346,52.7137,1.0,0.2102606494719937,0.0401165595964571,G,1.880185220076873,LLLASLLVGLLFLLLGLLILI,18824.551131203338,1276.0776167916167,35.13742774394681
LLLSTLLGALLGLLLGFLILI,LLLSTLLGALLGLLLGALILI,GAS,void,,,,,,,,,,,3579.97,4444.58,44.9857,93.3854,3529.41,4457.08,107.823,177.98,-18.9335,1.1e+17,16,F,36.0774,72.13299882,3486.5846,3351.43,135.1546,1.0,1.5949327872501178,1.2037600015315233,G,99999900.0,LLLATLLVGLLFLLLGTLILI,28695.416180836983,4932.524269319212,360.18652376590666
LLLSTLLGALLGLLLGFLILI,LLLSTLLGALLGALLGFLILI,GAS,void,,,,,,,,,,,3569.34,4411.0,41.8927,36.9658,3529.41,4457.08,98.6173,70.3807,-18.9335,1.1e+17,12,L,92.8562,28.47421855,3532.3742,3459.0293,73.3449,1.0,1.0720741859583724,0.1437315958735533,G,77.06852022773933,LLLYSLLALLLGTLLGFLILI,26227.275189498232,1389.843205389551,172.82626498419523
LLLTLLLGVLLGLLLAFLILI,LLLTLLLGVLLGALLAFLILI,GAS,void,,,,,,,,,,,3742.96,4580.63,56.2285,103.276,3701.7,4629.51,111.377,140.679,-9.96961,1.1e+17,12,L,26.546,79.55200197,3639.684,3561.021,78.663,1.0,1.2414163159894085,0.164782640755302,G,4020668599745.188,LLLALLLTVLLGGLLFSLILI,27689.828559065634,1482.7704435772482,199.9534134283921
LLLTLLLGVLLGLLLAFLILI,LLLTALLGVLLGLLLAFLILI,GAS,void,,,,,,,,,,,3720.96,4566.08,63.5939,62.732,3701.7,4629.51,121.599,112.282,-9.96961,1.1e+17,4,L,75.7432,45.30197465,3658.228,3589.418,68.81,1.0,0.7002360074075322,0.2180077952770657,G,99999900.0,LLLTYLLAVLLGLLLAFLILI,27661.72741365929,8827.457782175634,80.40943355795804
LLLTFLLGLLLGVLLGSLILI,LLLTFLLGALLGVLLGSLILI,GAS,void,,,,,,,,,,,3165.72,3978.8,49.2119,45.9457,3142.85,3990.3,89.6809,72.3511,-20.6302,1.1e+17,8,L,85.3839,34.98503003,3119.7743,3070.4989,49.2754,1.0,6.001958871401677,3.4294755510379105,G,99999900.0,LLLAGLLFLLLGTLLGSLILI,53981.99563490905,23488.698185463705,1240.854664131023
LLLVTLLLGLLFALLSTLILI,LLLVTLLLGLLAALLSTLILI,GAS,void,,,,,,,,,,,3681.96,4476.55,54.4386,45.7949,3653.02,4615.74,156.526,140.515,-21.2906,1.1e+17,11,F,84.4729,35.15442803,3636.1651,3512.505,123.6601,1.0,0.2537978167804701,0.011777147382432,G,12.20307871957307,LLLTGLLFGLLAILLSLLILI,19566.787266427607,1712.3704901449837,36.145013540485145
LLLYFLLGLLLGVLLASLILI,LLLYALLGLLLGVLLASLILI,GAS,void,,,,,,,,,,,3261.23,4031.74,54.9409,45.6751,3231.65,4115.37,137.67,102.718,-37.2871,1.1e+17,4,F,92.8001,32.98431777,3215.5549,3128.932,86.6229,1.0,0.8368483444593027,0.091561490063082,G,19084990908990.9,LLLAGLLFLLLGTLLGSLILI,23460.956791038767,1454.879997823063,132.75774261886087
LLLYILLTLLLGALLAFLILI,LLLYILLTLLLGALLAALILI,GAS,void,,,,,,,,,,,3422.09,4100.56,58.648,95.0315,3511.14,4245.13,157.242,262.743,-21.875,1.1e+17,16,F,34.4313,73.40448376,3327.0585,3248.397,78.6615,1.0,0.1809954744033146,0.0011152215585854,G,527.9141960423888,LLLFVLLTILLGALLSLLILI,18904.70917866466,1579.5115100095231,26.5351266300192
LLLYVLLATLLGGLLFLLILI,LLLYVLLATLLGGLLFALILI,GAS,void,,,,,,,,,,,3884.63,4679.53,44.424,13.2151,3876.84,4729.73,101.069,71.7529,-15.2477,1.1e+17,16,L,116.2477,10.20764266,3871.4149,3805.0871,66.3278,1.0,0.3142864531259597,0.1640021645389444,G,-99.99946979155033,LLLALLLTVLLGGLLFSLILI,21756.39242214578,3734.764506636376,63.35401915623732
LLLLTLLVGLLFALLSTLILI,LLLLTLLVGLLAALLSTLILI,GAS,void,,,,,,,,,,,3662.94,4520.93,51.7444,41.2647,3640.95,4661.27,153.977,123.369,-24.7927,1.1e+17,11,F,89.0031,31.67682267,3621.6753,3517.581,104.0943,1.0,0.2616528192154523,0.063490170403679,G,-9.52177571442554,LLLTGLLFGLLAILLSLLILI,19528.53038099957,1269.6014069356818,45.138491970912895
LLLYTLLVGLLFALLGLLILI,LLLYTLLVGLLAALLGLLILI,GAS,void,,,,,,,,,,,3372.25,4078.71,60.9714,31.5216,3355.12,4263.83,168.032,113.159,-20.2698,1.1e+17,11,F,98.7462,24.19753769,3340.7284,3241.961,98.7674,1.0,0.3032330544434501,0.0679366924257592,G,-50.96825336084121,LLLTGLLFGLLAILLSLLILI,19463.773707648805,1177.3163961865228,51.7240760320632
LLLYTLLVGLLFALLGLLILI,LLLYTLLVGLLFALLGALILI,GAS,void,,,,,,,,,,,3355.01,4193.6,58.9904,83.9695,3355.12,4263.83,120.544,140.627,-20.2698,1.1e+17,16,L,45.4933,64.85994432,3271.0405,3214.493,56.5475,1.0,0.1672320073599942,0.0891911366572509,G,33.70417585921241,LLLASLLVGLLFLLLGLLILI,18692.88863652581,2010.562923022752,15.33800486814472
LLLYVLLGALLGTLLSFLILI,LLLYVLLGALLGTLLSALILI,GAS,void,,,,,,,,,,,3827.39,4574.95,41.7615,79.3467,3900.7,4675.11,133.687,247.628,-11.7778,1.1e+17,16,F,50.1161,61.28918886,3748.0433,3653.072,94.9713,1.0,2.136245448951719,0.1150689048103502,G,99999900.0,LLLFVLLTILLGALLSLLILI,32887.439493909136,3025.274234173602,326.53912117536424
LLLYVLLGLLLGFLLSTLILI,LLLYVLLGLLLGALLSTLILI,GAS,void,,,,,,,,,,,3721.86,4595.26,53.3447,98.3864,3765.8,4741.15,154.653,251.937,-23.3255,1.1e+17,12,F,31.4356,75.78561415,3623.4736,3513.863,109.6106,1.0,0.9955739329352112,0.027679363983335,G,99999900.0,LLLFVLLTILLGALLSLLILI,25124.28235964224,2037.0578750869568,143.7144123379187
LLLSYLLGVLLGLLLGFLILI,LLLSYLLGVLLGALLGFLILI,GAS,void,,,,,,,,,,,3312.83,4088.39,62.3835,85.4622,3305.6,4141.24,117.569,132.039,-30.3415,1.1e+17,12,L,44.3598,65.83029071,3227.3678,3173.561,53.8068,1.0,0.7836168849569473,0.1937686025688013,G,5867.1620262375445,LLLYSLLALLLGTLLGFLILI,23621.77422310276,779.3301471646988,135.56132960581948
LLLYFLLAVLLGLLLGTLILI,LLLYALLAVLLGLLLGTLILI,GAS,void,,,,,,,,,,,3631.39,4616.32,58.2845,61.0751,3598.51,4760.54,156.153,137.311,-23.8047,1.1e+17,4,F,77.4001,44.10544271,3570.3149,3461.199,109.1159,1.0,0.1867744902780469,0.0016864229575836,G,1.5374457832343904,LLLYSLLALLLGTLLGFLILI,19767.616739163263,2437.0545563710343,27.32660229070689
LLLYFLLAVLLGLLLGTLILI,LLLAFLLAVLLGLLLGTLILI,GAS,void,,,,,,,,,,,3485.02,4594.67,61.972,74.7269,3598.51,4760.54,175.817,277.122,-23.8047,1.1e+17,3,Y,95.0039,44.0267176,3410.2931,3321.388,88.9051,1.0,0.734557225154248,0.082444977111001,G,20896141666566.67,LLLALLLTVLLGGLLFSLILI,23202.15631728489,1315.1585570323414,116.74635476945056
LLLYFLLATLLGLLLGSLILI,LLLAFLLATLLGLLLGSLILI,GAS,void,,,,,,,,,,,3149.91,3980.23,63.9862,99.3556,3297.75,4171.94,186.045,322.887,-30.8357,1.1e+17,3,Y,70.3752,58.53716591,3050.5544,2974.863,75.6914,1.0,5.100391290183506,4.704484651792554,G,99999900.0,LLLALLLTVLLGGLLFSLILI,47361.528905782485,27978.10794517302,1240.854664131023
LLLSYLLGVLLGTLLGFLILI,LLLSALLGVLLGTLLGFLILI,GAS,void,,,,,,,,,,,3355.23,3931.0,65.9003,100.136,3327.28,4123.37,184.251,218.788,-26.5145,1.1e+17,4,Y,38.3392,72.31330953,3255.094,3108.492,146.602,1.0,0.648984333583065,0.1041988392369127,G,101.41264687687416,LLLAGLLFLLLGTLLGSLILI,23032.78618313841,1637.4081711995134,106.41092249679188
LLLAYLLTILLGLLLGSLILI,LLLAALLTILLGLLLGSLILI,GAS,void,,,,,,,,,,,3182.23,3888.66,54.8082,74.3852,3130.84,4042.35,162.892,133.921,-16.5513,1.1e+17,4,Y,64.09,53.71734433,3107.8448,2996.919,110.9258,1.0,0.3088527816909732,0.0808779354328566,G,-99.99956421714332,LLLALLLTVLLGGLLFSLILI,19617.76013018436,1090.946110750532,53.89901441844367
LLLAYLLTILLGLLLGSLILI,LLLAYLLTALLGLLLGSLILI,GAS,void,,,,,,,,,,,3157.2,4026.32,52.4773,40.6779,3130.84,4042.35,92.6661,82.5992,-16.5513,1.1e+17,8,I,90.6517,30.97390078,3116.5221,3048.2408,68.2813,1.0,0.5907263153607858,0.011622173897221,G,-30.337854495906846,LLLALLLTVLLGGLLFSLILI,23025.757910828765,2526.993970328241,88.19344287360096
LLLYFLLGVLLGLLLGSLILI,LLLYALLGVLLGLLLGSLILI,GAS,void,,,,,,,,,,,3194.94,4001.85,65.9716,57.4854,3163.69,4167.07,168.031,134.796,-38.3902,1.1e+17,4,F,80.9898,41.51313737,3137.4546,3028.894,108.5606,1.0,0.4718528999057504,0.1104032877970313,G,26.153973952196964,LLLALLLTVLLGGLLFSLILI,21246.06736440202,1152.373136261014,80.9746596618501
LLLYFLLGVLLGLLLGSLILI,LLLAFLLGVLLGLLLGSLILI,GAS,void,,,,,,,,,,,3071.35,3976.55,68.3092,47.4377,3163.69,4167.07,189.483,245.645,-38.3902,1.1e+17,3,Y,122.2931,27.94878714,3023.9123,2918.045,105.8673,1.0,1.3946426260440403,0.2142673649670591,G,20775995259695.48,LLLALLLTVLLGGLLFSLILI,32282.88471962449,7408.060815554812,183.04895806831505
LLLALLLGFLLGVLLSTLILI,LLLAALLGFLLGVLLSTLILI,GAS,void,,,,,,,,,,,3611.9,4558.18,64.5887,46.083,3598.97,4625.99,124.049,91.0811,-10.7949,1.1e+17,4,L,92.3922,33.27888315,3565.817,3507.8889,57.9281,1.0,1.255961380732299,0.1038915674036085,G,19288746153746.164,LLLYALLFLLLGTLLSILILI,27590.81144474688,1544.7476652266955,195.75515947964627
LLLTFLLALLLGYLLGSLILI,LLLTFLLALLLGALLGSLILI,GAS,void,,,,,,,,,,,3270.15,3945.57,60.6471,94.1324,3231.13,4074.17,161.682,186.609,-9.74901,1.1e+17,12,Y,35.6896,72.50881977,3176.0176,3044.521,131.4966,1.0,0.7579016957512308,0.063924762148607,G,-15.400831658148464,LLLAGLLFLLLGTLLGSLILI,24031.51370943848,1968.552267249136,118.25545674381482
LLLSYLLAILLGLLLGFLILI,LLLSALLAILLGLLLGFLILI,GAS,void,,,,,,,,,,,3384.33,3991.79,51.442,80.404,3343.7,4135.56,163.451,183.823,-23.6169,1.1e+17,4,Y,58.0712,58.06382659,3303.926,3159.877,144.049,1.0,0.3565180678642083,0.1277337546030926,G,-34.325732513368834,LLLYSLLALLLGTLLGFLILI,19977.210292515112,847.0587143567476,65.79627298962869
LLLTFLLGVLLGLLLGALILI,LLLTALLGVLLGLLLGALILI,GAS,void,,,,,,,,,,,3466.54,4453.16,55.7664,54.2052,3433.44,4581.57,153.033,123.066,-37.6168,1.1e+17,4,F,84.27,39.14433776,3412.3348,3310.374,101.9608,1.0,1.2730948623708205,0.1867837262977422,G,-40.21734201068549,LLLTYLLAVLLGLLLAFLILI,26904.13278139291,1207.7023125759104,206.90877611115107
LLLYFLLGVLLGLLLSTLILI,LLLYALLGVLLGLLLSTLILI,GAS,void,,,,,,,,,,,3275.65,4028.9,65.8802,64.2849,3229.9,4200.09,168.987,128.06,-29.5179,1.1e+17,4,F,74.1903,46.42340289,3211.3651,3101.84,109.5251,1.0,1.4234325030765025,1.5237256584433974,G,99999900.0,LLLTYLLAVLLGLLLAFLILI,29814.322570344542,7228.279188278152,368.248299767425
LLLTVLLGLLLGFLLSALILI,LLLTVLLGLLLGALLSALILI,GAS,void,,,,,,,,,,,3630.59,4512.62,57.7777,103.853,3696.54,4659.24,157.642,262.462,-19.9475,1.1e+17,12,F,25.969,79.99645669,3526.737,3434.078,92.659,1.0,0.6660388774879433,0.3913729058478008,G,174.2138270369101,LLLFVLLTILLGALLSLLILI,22723.699614658806,776.0886872295914,138.82277763843723
LLLTVLLGLLLGFLLSALILI,LLLTVLLGALLGFLLSALILI,GAS,void,,,,,,,,,,,3725.17,4592.25,60.0939,46.4517,3696.54,4659.24,115.934,78.335,-19.9475,1.1e+17,8,L,84.8779,35.37032017,3678.7183,3618.205,60.5133,1.0,0.7939429997745968,0.1285001695532572,G,16674226580353.168,LLLFVLLTILLGALLSLLILI,24389.04086197385,1862.2657808990364,130.2860718797338
LLLSTLLGALLGILLALLILI,LLLSTLLGALLGALLALLILI,GAS,void,,,,,,,,,,,3208.38,3853.83,49.0503,54.8946,3178.51,3870.98,89.5951,100.583,-14.3494,1.1e+17,12,I,74.9274,42.28451264,3153.4854,3077.927,75.5584,1.0,1.0818641931500017,0.1228431659409481,G,55.44851919149043,LLLFVLLTILLGALLSLLILI,26076.16043897601,1298.0406478200614,172.09291879291854
LLLSTLLGALLGILLALLILI,LLLSTLLGALLGILLAALILI,GAS,void,,,,,,,,,,,3144.93,3826.62,56.059,107.65,3178.51,3870.98,109.384,203.174,-14.3494,1.1e+17,16,L,21.8128,83.15129906,3037.28,2975.336,61.944,1.0,0.8491103686604089,0.2178367635192614,G,-49.82930167494442,LLLFYLLGVLLGLLLASLILI,24636.380862383976,1372.532680765371,147.71110249029627
LLLTALLFLLLGLLLGSLILI,LLLTALLALLLGLLLGSLILI,GAS,void,,,,,,,,,,,3090.53,3915.97,59.2409,14.0373,3082.88,4076.77,160.063,87.1068,-29.4405,1.1e+17,7,F,115.5581,10.83163446,3076.4927,2995.7732,80.7195,1.0,0.8595639080094195,0.2062825690030908,G,-16.53399200792095,LLLAGLLFLLLGTLLGSLILI,24410.64108393114,952.3108474340208,148.04734211212337
LLLAYLLGLLLGFLLSTLILI,LLLAYLLGLLLGALLSTLILI,GAS,void,,,,,,,,,,,3644.1,4604.11,51.2354,77.2864,3628.61,4728.63,148.567,173.781,-24.7319,1.1e+17,12,F,52.5356,59.53259078,3566.8136,3454.829,111.9846,1.0,1.1979883673465703,0.0029980737217656,G,-99.99032178540445,LLLFVLLTILLGALLSLLILI,26008.477629026576,2413.7862084948288,176.08937716279294
LLLYFLLGALLGILLSLLILI,LLLYALLGALLGILLSLLILI,GAS,void,,,,,,,,,,,3344.01,4015.78,66.2216,51.2359,3303.6,4147.31,161.241,120.625,-26.9479,1.1e+17,4,F,87.2393,37.00005488,3292.7741,3182.975,109.7991,1.0,0.4201190959918189,0.0369659219084989,G,14214856477885.469,LLLTGLLFGLLAILLSLLILI,21569.25290643729,2284.264164802009,65.71064498437134
LLLYFLLGALLGILLSLLILI,LLLAFLLGALLGILLSLLILI,GAS,void,,,,,,,,,,,3178.35,3958.03,68.7896,66.6984,3303.6,4147.31,189.605,278.53,-26.9479,1.1e+17,3,Y,103.0324,39.29658023,3111.6516,3025.07,86.5816,1.0,1.298933157363363,0.2088669536980251,G,12305273997751.465,LLLTGLLFGLLAILLSLLILI,27423.09447435405,856.7248424411785,213.01272536822177
LLLALLLGALLGTLLSFLILI,LLLAALLGALLGTLLSFLILI,GAS,void,,,,,,,,,,,3706.4,4479.21,64.419,38.5353,3694.83,4547.02,124.186,84.3744,-16.3762,1.1e+17,4,L,99.9399,27.82830427,3667.8647,3610.4556,57.4091,1.0,2.456531174864339,0.0553368781047172,G,22795790908990.91,LLLAGLLFLLLGTLLGSLILI,35186.23362917529,4190.969797281642,355.9579178549009
LLLSYLLVLLLGALLAFLILI,LLLSALLVLLLGALLAFLILI,GAS,void,,,,,,,,,,,3336.67,4026.67,49.9084,70.0331,3305.03,4191.02,162.658,159.515,-34.7785,1.1e+17,4,Y,68.4421,50.5744711,3266.6369,3145.515,121.1219,1.0,2.7090209472356923,1.7852373476136356,G,99999900.0,LLLYSLLALLLGTLLGFLILI,35088.89096643004,9363.662121065308,584.7774186945768
LLLTFLLGLLLGVLLSILILI,LLLTALLGLLLGVLLSILILI,GAS,void,,,,,,,,,,,3222.52,3926.27,55.0967,49.9929,3198.01,4037.26,143.719,114.776,-20.4286,1.1e+17,4,F,88.4823,36.10242123,3172.5271,3083.234,89.2931,1.0,0.4597909822754626,0.0720954758233877,G,20896141666566.67,LLLTALLVGLLGGLLFLLILI,21584.72470576924,2371.1200219346088,60.196767133827386
LLLTGLLFALLGILLSLLILI,LLLTGLLAALLGILLSLLILI,GAS,void,,,,,,,,,,,3720.92,4461.96,61.7357,37.0418,3701.53,4644.13,167.673,106.058,-26.3742,1.1e+17,7,F,92.5536,28.58265031,3683.8782,3595.472,88.4062,1.0,0.2028811676269081,0.0803854929071582,G,16716913333233.344,LLLTGLLFGLLAILLSLLILI,19725.55871630264,1968.4304583979208,38.243620095578805
LLLTGLLFALLGILLSLLILI,LLLTGLLFALLGILLSALILI,GAS,void,,,,,,,,,,,3707.35,4623.56,41.0896,81.2173,3701.53,4644.13,89.4035,150.483,-26.3742,1.1e+17,16,L,48.2455,62.73408269,3626.1327,3551.047,75.0857,1.0,0.2250967583769227,0.083695892885275,G,-35.067006827348905,LLLTGLLFGLLAILLSLLILI,20177.4191653662,2380.91965329124,41.859503435484704
LLLAFLLGLLLGTLLSYLILI,LLLAFLLGLLLGTLLSALILI,GAS,void,,,,,,,,,,,3587.2,4508.33,41.422,80.5686,3558.39,4546.03,124.867,184.042,-18.4681,1.1e+17,16,Y,45.6824,64.7138792,3506.6314,3374.348,132.2834,1.0,1.7779208922411387,1.0347261387459836,G,99999900.0,LLLAGLLFLLLGTLLGSLILI,33989.54461355313,8970.020653450145,154.05967603698969
LLLALLLGVLLGTLLSFLILI,LLLAALLGVLLGTLLSFLILI,GAS,void,,,,,,,,,,,3732.1,4497.24,63.761,57.9931,3700.04,4569.09,124.785,103.248,-26.0043,1.1e+17,4,L,80.4821,41.87977342,3674.1069,3596.792,77.3149,1.0,1.05979573427919,0.1761767247405379,G,-84.0195575196362,LLLALLLTVLLGGLLFSLILI,26028.79670954484,1145.1264155673805,174.3964775723728
LLLYILLGLLLGTLLSFLILI,LLLYALLGLLLGTLLSFLILI,GAS,void,,,,,,,,,,,3409.87,4203.84,54.7775,55.7468,3393.22,4244.18,104.996,105.625,-12.365,1.1e+17,4,I,82.7284,40.25760569,3354.1232,3287.595,66.5282,1.0,0.4688624328651177,0.528469425522708,G,22795790908990.91,LLLAGLLFLLLGTLLGSLILI,20310.72020865113,1576.4519634917026,124.0634260722399
LLLTLLLGLLLGFLLSILILI,LLLTLLLGLLLGALLSILILI,GAS,void,,,,,,,,,,,3600.72,4547.99,48.6843,82.9918,3550.37,4596.81,121.927,139.004,-31.722,1.1e+17,12,F,46.8302,63.92737749,3517.7282,3411.366,106.3622,1.0,1.0908919664288632,0.085703724696779,G,20581608333233.32,LLLFVLLTILLGALLSLLILI,25969.357254646387,1439.6587627515198,169.55527742823045
LLLAYLLGTLLGFLLSLLILI,LLLAALLGTLLGFLLSLLILI,GAS,void,,,,,,,,,,,3669.56,4528.49,59.4954,57.3411,3636.67,4688.63,167.461,146.265,-28.4036,1.1e+17,4,Y,79.7303,42.42268652,3612.2189,3490.405,121.8139,1.0,1.9469659616687136,1.1456936776105922,G,99999900.0,LLLFVLLTILLGALLSLLILI,31505.327508086324,4488.011188263788,405.9768734196475
LLLTLLLGVLLGLLLGFLILI,LLLTLLLGVLLGLLLGALILI,GAS,void,,,,,,,,,,,3430.09,4526.7,44.9857,89.6389,3532.12,4628.26,138.067,276.007,-33.9155,1.1e+17,16,F,39.8239,69.23911734,3340.4511,3256.113,84.3381,1.0,1.1504725183852564,0.2449228927532442,G,19153648817317.625,LLLALLLTVLLGGLLFSLILI,26982.285187033835,1258.7845315432578,194.90632473545145
LLLAYLLGTLLGLLLSFLILI,LLLAALLGTLLGLLLSFLILI,GAS,void,,,,,,,,,,,3736.7,4557.49,62.0211,59.9624,3713.55,4604.25,141.979,164.376,-26.3969,1.1e+17,4,Y,86.1331,37.79889829,3676.7376,3549.174,127.5636,1.0,3.77228683976928,0.2505367337363223,G,99999900.0,LLLTYLLAVLLGLLLAFLILI,41481.28088432848,10444.229175552304,581.5480732175934
LLLSYLLILLLGTLLAFLILI,LLLSALLILLLGTLLAFLILI,GAS,void,,,,,,,,,,,3416.23,4085.24,42.8953,45.945,3410.57,4225.88,153.52,166.294,-27.8576,1.1e+17,4,Y,92.5302,33.17922632,3370.285,3244.276,126.009,1.0,0.2274476066532466,0.0987821907869272,G,99999900.0,LLLAGLLFLLLGTLLGSLILI,18917.00042721584,952.440616717363,43.77644896055932
LLLTLLLGVLLGFLLAILILI,LLLTALLGVLLGFLLAILILI,GAS,void,,,,,,,,,,,3621.16,4558.32,63.7662,54.4887,3603.98,4625.23,122.805,103.968,-40.8357,1.1e+17,4,L,83.9865,39.34906756,3566.6713,3500.012,66.6593,1.0,1.277323340743747,0.2216835762600853,G,9056426296587.838,LLLTYLLAVLLGLLLAFLILI,27338.28772530052,751.2164387223486,211.1651890637253
LLLVTLLLTLLGALLSALILI,LLLVTLLATLLGALLSALILI,GAS,void,,,,,,,,,,,3668.07,4396.86,59.5983,61.3799,3677.07,4492.47,125.77,148.64,-11.5507,1.1e+17,7,L,68.2155,47.36271503,3606.6901,3528.43,78.2601,1.0,2.4884871334305934,1.1011210017432909,G,-99.99942015760762,LLLFVLLTILLGALLSLLILI,34654.90865419732,10172.769135185508,251.7761776773749
LLLVTLLLTLLGALLSALILI,LLLATLLLTLLGALLSALILI,GAS,void,,,,,,,,,,,3665.14,4477.18,61.9812,110.077,3677.07,4492.47,86.014,163.403,-11.5507,1.1e+17,3,V,59.6538,64.85387449,3555.063,3513.667,41.396,1.0,0.2761730313726141,0.1479547854229694,G,-99.9993884203855,LLLFVLLTILLGALLSLLILI,21256.11349438025,3959.025322624308,25.26088638506227
LLLTYLLAFLLGVLLGLLILI,LLLTYLLAALLGVLLGLLILI,GAS,void,,,,,,,,,,,3147.19,3948.94,64.2668,57.1813,3103.61,4104.06,163.428,118.063,-25.4978,1.1e+17,8,F,74.1483,43.54029861,3090.0087,2985.547,104.4617,1.0,0.4868885228964899,0.0903073403222011,G,99999900.0,LLLYSLLALLLGTLLGFLILI,22739.880659245184,3556.0228940197526,62.290607115346816
LLLGYLLALLLGTLLSFLILI,LLLGYLLALLLGTLLSALILI,GAS,void,,,,,,,,,,,3586.02,4631.51,43.4742,81.5448,3674.84,4713.4,131.065,259.978,-24.9317,1.1e+17,16,F,47.918,62.98705111,3504.4752,3414.862,89.6132,1.0,0.7848068626136878,0.1680425539637452,G,-75.83813733056688,LLLAGLLFLLLGTLLGSLILI,23871.758935971564,1140.9719456426071,133.05795165829113
LLLVFLLAILLGLLLGTLILI,LLLVALLAILLGLLLGTLILI,GAS,void,,,,,,,,,,,3659.13,4501.53,48.1448,55.5279,3628.5,4616.43,143.592,128.517,-24.7258,1.1e+17,4,F,82.9473,40.09952685,3603.6021,3499.983,103.6191,1.0,0.4404169102124876,0.166828287286076,G,33.63392039564321,LLLYSLLALLLGTLLGFLILI,20446.91546671828,2618.1471334972844,47.4803773029936
LLLVFLLAILLGLLLGTLILI,LLLVFLLAILLGALLGTLILI,GAS,void,,,,,,,,,,,3665.2,4564.97,57.5143,61.9858,3628.5,4616.43,112.758,88.6499,-24.7258,1.1e+17,12,L,67.8362,47.74676095,3603.2142,3539.8501,63.3641,1.0,0.2561399962712392,0.0731508872804551,G,67.92560686066513,LLLFVLLTILLGALLSLLILI,19805.58104186499,1535.6406224264233,45.33261439284839
LLLAGLLFLLLGVLLGTLILI,LLLAGLLFLLLGALLGTLILI,GAS,void,,,,,,,,,,,3697.86,4588.5,59.7302,69.2902,3657.29,4621.52,94.747,88.3793,-18.7394,1.1e+17,12,V,60.5318,53.37323412,3628.5698,3568.9107,59.6591,1.0,0.2357142370712459,0.0637601071925616,G,95.27866518310638,LLLAGLLFLLLGTLLGSLILI,19411.9398272514,1967.8458864303773,28.06976705674097
LLLTYLLALLLGVLLGSLILI,LLLTYLLAALLGVLLGSLILI,GAS,void,,,,,,,,,,,3178.73,4004.23,64.3027,54.4435,3159.63,4064.88,121.081,99.5706,-20.1072,1.1e+17,8,L,76.8861,41.45562006,3124.2865,3060.0594,64.2271,1.0,0.4410757561654276,0.0352444862240402,G,13448713351097.416,LLLAGLLFLLLGTLLGSLILI,21979.375564511105,2841.0029069078287,61.27791563684831
LLLYFLLGTLLGLLLGSLILI,LLLYALLGTLLGLLLGSLILI,GAS,void,,,,,,,,,,,3170.14,3993.48,61.7212,42.8138,3140.68,4146.23,163.814,111.689,-40.8964,1.1e+17,4,F,95.6614,30.9180272,3127.3262,3028.991,98.3352,1.0,0.2938605198448759,0.0792450877521518,G,-22.07496845701112,LLLAGLLFLLLGTLLGSLILI,21700.432165728984,4228.948121991218,35.01939955696846
LLLYFLLGTLLGLLLGSLILI,LLLAFLLGTLLGLLLGSLILI,GAS,void,,,,,,,,,,,3017.48,3959.1,70.8575,62.4243,3140.68,4146.23,189.994,267.03,-40.8964,1.1e+17,3,Y,107.3065,36.77841617,2955.0557,2873.65,81.4057,1.0,3.1880278451521527,0.9482291532267966,G,99999900.0,LLLALLLTVLLGGLLFSLILI,38709.5945037313,11298.206141134797,370.7013551085931
LLLTSLLVGLLFALLAYLILI,LLLTSLLVGLLFALLAALILI,GAS,void,,,,,,,,,,,3212.15,4029.7,58.0742,95.8714,3211.83,4192.41,168.86,218.041,-18.5781,1.1e+17,16,Y,33.5914,74.05324155,3116.2786,2993.789,122.4896,1.0,0.376604179296381,0.2203166961005993,G,42.566645563589525,LLLASLLVGLLFLLLGLLILI,19976.91947233502,404.96182176180326,78.39366450676572
LLLAVLLGTLLGFLLSLLILI,LLLAVLLGTLLGALLSLLILI,GAS,void,,,,,,,,,,,3616.26,4449.27,45.256,59.454,3586.67,4532.15,131.614,163.042,-30.3538,1.1e+17,12,F,70.368,45.7965522,3556.806,3423.628,133.178,1.0,1.455623673933531,0.1303294442967749,G,20896141666566.67,LLLFVLLTILLGALLSLLILI,29285.08868832058,2910.4173290654367,200.76793134418224
LLLAVLLGTLLGFLLSLLILI,LLLAVLLGTLLGFLLSALILI,GAS,void,,,,,,,,,,,3606.38,4555.36,35.3943,69.5115,3586.67,4532.15,65.4301,130.117,-30.3538,1.1e+17,16,L,59.9513,53.69225754,3536.8685,3456.553,80.3155,1.0,1.9079741412735365,1.3181613663953335,G,99999900.0,LLLFVLLTILLGALLSLLILI,31337.411371274164,5338.758242421341,418.192761941494
LLLFGLLTALLGILLSLLILI,LLLAGLLTALLGILLSLLILI,GAS,void,,,,,,,,,,,3664.72,4451.68,56.7456,113.728,3684.4,4587.73,159.349,254.903,-14.7182,1.1e+17,3,F,56.0028,67.0049278,3550.992,3429.497,121.495,1.0,0.1641632843526263,0.2436969977564989,G,99999900.0,LLLALLLTVLLGGLLFSLILI,19809.87728295909,2451.769299011351,49.54650214089846
LLLFGLLTALLGILLSLLILI,LLLFGLLTALLGILLSALILI,GAS,void,,,,,,,,,,,3703.84,4570.28,41.4733,77.6548,3684.4,4587.73,89.1007,131.858,-14.7182,1.1e+17,16,L,51.808,59.98232697,3626.1852,3552.542,73.6432,1.0,0.2870138383643413,0.0431130618413026,G,-40.68155172833625,LLLTGLLFGLLAILLSLLILI,20592.54729173176,2363.324299176544,46.75118690036663
LLLTSLLFLLLGALLAYLILI,LLLTSLLALLLGALLAYLILI,GAS,void,,,,,,,,,,,3199.45,4052.61,56.2558,21.6189,3208.37,4218.17,159.239,137.813,-17.5524,1.1e+17,7,F,107.9765,16.6818421,3177.8311,3070.557,107.2741,1.0,0.5581221817502395,0.0425607941363307,G,45.55089822442741,LLLYSLLALLLGTLLGFLILI,21452.98641370791,1461.0407361728576,86.61387907555302
LLLSYLLGFLLGTLLGLLILI,LLLSALLGFLLGTLLGLLILI,GAS,void,,,,,,,,,,,3326.79,3953.93,66.3831,81.1051,3287.63,4120.77,176.533,166.478,-12.0026,1.1e+17,4,Y,57.3701,58.57012664,3245.6849,3121.152,124.5329,1.0,1.0532306199548145,0.2175230234863694,G,655.3876142760074,LLLAGLLFLLLGTLLGSLILI,25558.283103526686,667.4585129956158,177.7347594576902
LLLSYLLGFLLGTLLGLLILI,LLLSYLLGALLGTLLGLLILI,GAS,void,,,,,,,,,,,3300.11,3974.81,60.1551,59.646,3287.63,4120.77,161.18,148.875,-12.0026,1.1e+17,8,F,85.4328,34.94779547,3240.464,3138.755,101.709,1.0,0.7614917487430521,0.070005920452957,G,704.4422748820261,LLLAGLLFLLLGTLLGSLILI,24436.8751187127,2918.143566480584,104.83920315207416
LLLYALLFLLLGLLLGTLILI,LLLYALLALLLGLLLGTLILI,GAS,void,,,,,,,,,,,3859.49,4690.56,59.169,45.6217,3862.46,4851.72,160.206,146.711,-7.75795,1.1e+17,7,F,83.9737,35.20317851,3813.8683,3715.749,98.1193,1.0,0.2295431584258894,0.0076228310387175,G,9.485627427528556,LLLAGLLFLLLGTLLGSLILI,20021.33400045434,2298.929561661536,34.59348922760805
LLLYALLFLLLGLLLGTLILI,LLLYALLFLLLGALLGTLILI,GAS,void,,,,,,,,,,,3903.78,4777.29,59.8906,42.0995,3862.46,4851.72,122.297,65.6173,-7.75795,1.1e+17,12,L,87.7225,32.42863305,3861.6805,3796.8427,64.8378,1.0,0.299918216188987,0.0304346429337763,G,29.34213398423701,LLLAGLLFLLLGTLLGSLILI,20451.720767745734,2067.7645592174345,47.33125347743557
LLLYGLLFLLLGVLLASLILI,LLLAGLLFLLLGVLLASLILI,GAS,void,,,,,,,,,,,3230.3,4002.04,64.3659,127.648,3422.34,4194.85,186.417,371.315,-17.223,1.1e+17,3,Y,42.0828,75.20614997,3102.652,3051.025,51.627,1.0,0.3374247791260051,0.0410205807732834,G,12.46092130918204,LLLALLLTVLLGGLLFSLILI,19694.52193347394,1828.11690511564,45.41409614008087
LLLSYLLAVLLGLLLGTLILI,LLLSALLAVLLGLLLGTLILI,GAS,void,,,,,,,,,,,3255.72,3858.73,64.2804,79.9046,3239.14,4001.68,175.389,210.352,-11.997,1.1e+17,4,Y,58.5706,57.7031844,3175.8154,3028.788,147.0274,1.0,0.273441709499008,0.0234497417956932,G,11.390422996012894,LLLYSLLALLLGTLLGFLILI,19652.5773607988,1496.4201058391172,42.705368672993565
LLLSYLLAVLLGLLLGTLILI,LLLSYLLAVLLGALLGTLILI,GAS,void,,,,,,,,,,,3247.55,3951.63,55.1633,74.016,3239.14,4001.68,110.416,123.75,-11.997,1.1e+17,12,L,55.806,57.01344918,3173.534,3115.39,58.144,1.0,0.7330399056372999,0.066641076010399,G,-48.36375068924012,LLLYSLLALLLGTLLGFLILI,23618.19146450759,1708.035105340009,114.87742783921746
LLLLVALLLLLTALLFSLILI,LLLLVALLLLLTALLASLILI,Left,void,,,,,,,,,,,3245.57,3961.65,61.6927,37.064,3242.27,4135.49,167.942,116.703,-14.5199,1.1e+16,15,F,92.6564,28.57222149,3208.506,3125.567,82.939,2.0,0.3260548102558457,0.0234980656895223,L,-39.13914646039336,LLLLLALLFVLTSLLAILILI,28544.375511685696,1069.2852511395597,28.022747016990312
LLLLVALLLLLTALLFSLILI,LLLLVALLLALTALLFSLILI,Left,void,,,,,,,,,,,3244.37,4097.26,48.1004,49.9636,3242.27,4135.49,100.87,125.427,-14.5199,1.1e+16,9,L,79.7032,38.53229971,3194.4064,3116.843,77.5634,2.0,0.649711970033174,0.0672941652281819,L,-31.15336880230433,LLLLLALLYVLTALLFSLILI,31099.10532265111,570.0564530459344,57.02316309522589
LLLLLFLLATLYVLLSILILI,LLLLAFLLATLYVLLSILILI,Left,void,,,,,,,,,,,3867.33,4713.88,57.9809,42.331,3818.19,4753.05,111.679,89.1141,-24.154,1.1e+16,4,L,96.1442,30.56937271,3824.999,3729.0759,95.9231,2.0,7.43293252214761,1.2659830625737114,L,99999900.0,LLLLALLLLFLTVLLSILILI,66700.66666666667,21318.946088710232,681.0529913842605
LLLLLFLLAVLTYLLSLLILI,LLLLLALLAVLTYLLSLLILI,Left,void,,,,,,,,,,,3718.32,4665.57,55.749,40.2144,3650.68,4804.17,153.137,76.6228,-30.8381,1.1e+16,5,F,90.0804,30.86416342,3678.1056,3574.0572,104.0484,2.0,0.4898334517018267,0.070952627094127,L,99999900.0,LLLLLALLFVLTSLLAILILI,31367.213532810867,1748.7162265464883,35.95450743764268
LLLLLFLLAVLTYLLSLLILI,LLLLLFLLAVLTYLLSALILI,Left,void,,,,,,,,,,,3657.59,4756.63,44.2005,91.6983,3650.68,4804.17,99.1314,164.357,-30.8381,1.1e+16,16,L,37.7645,70.82984456,3565.8917,3486.323,79.5687,2.0,0.1983031622528127,0.1755063914619983,L,99999900.0,LLLLLALLFVLTSLLAILILI,28186.593180235373,566.8690064716329,6.068008272032089
LLLLYLLLAILTVLLSLLILI,LLLLALLLAILTVLLSLLILI,Left,void,,,,,,,,,,,3470.82,4006.65,60.1315,34.5945,3475.5,4162.78,172.953,192.417,-9.12485,1.1e+16,4,Y,103.8807,24.98245173,3436.2255,3283.083,153.1425,2.0,0.3157689355856646,0.0149294109383557,L,14750217646958.812,LLLLALLTILLFVLASLLILI,30035.817298581685,1739.2007413578783,26.68610712571589
LLLLYLLLAILTVLLSLLILI,LLLLYALLAILTVLLSLLILI,Left,void,,,,,,,,,,,3481.44,4082.33,51.1201,49.4455,3475.5,4162.78,115.734,114.499,-9.12485,1.1e+16,5,L,80.8493,37.94894347,3431.9945,3361.001,70.9935,2.0,0.1774343764669924,0.1165009162452218,L,20896141666566.67,LLLLALLLFVLTWLLSLLILI,27700.46624340929,829.6103453717074,7.77342867286878
LLLLWVLLFLLAILTSLLILI,LLLLWVLLALLAILTSLLILI,Left,void,,,,,,,,,,,3652.04,4534.95,39.8544,19.9832,3592.54,4629.72,130.896,83.9426,-10.4562,1.1e+16,8,F,111.3464,15.21606706,3632.0568,3508.5974,123.4594,2.0,0.0431144817924529,0.0022838213413941,L,13481863993717.21,LLLLAVLLFLLATLISLLILI,27637.6261472838,1098.9851959225596,3.6578593198432094
LLLLWVLLFLLAILTSLLILI,LLLLAVLLFLLAILTSLLILI,Left,void,,,,,,,,,,,3648.08,4596.32,55.5374,42.9841,3592.54,4629.72,133.658,94.4855,-10.4562,1.1e+16,4,W,95.4911,31.04100951,3605.0959,3498.0545,107.0414,2.0,0.2892058334071986,0.0415562581340867,L,-67.49449585976373,LLLLAVLLFLLATLISLLILI,28405.99300387543,916.831225024486,26.053551468253254
LLLLVTLLAILLYLLSLLILI,LLLLVTLLAILLALLSLLILI,Left,void,,,,,,,,,,,3626.18,4567.7,45.8545,19.6386,3591.52,4725.09,158.321,67.7479,-9.48156,1.1e+16,12,Y,110.1834,15.12732819,3606.5414,3523.7721,82.7693,2.0,0.5036268490956777,0.0828878087569333,L,-49.52378939401264,LLLLAVLLALLLILLSTLILI,29385.05344073762,1724.827047441598,45.97839060554693
LLLLVTLLAILLYLLSLLILI,LLLLVTLLAILAYLLSLLILI,Left,void,,,,,,,,,,,3549.65,4649.11,59.5924,75.4459,3591.52,4725.09,123.644,188.244,-9.48156,1.1e+16,11,L,54.8219,57.91600073,3474.2041,3403.276,70.9281,2.0,0.264491739964143,0.04969484840541,L,-37.88534474734098,LLLLWALLFVLATLLSLLILI,28625.42331253153,595.9145594408146,24.50311134902991
LLLLLLLTALLFVLISLLILI,LLLLALLTALLFVLISLLILI,Left,void,,,,,,,,,,,3660.45,4734.69,57.1046,22.7698,3647.44,4796.94,116.832,91.7854,-27.5287,1.1e+16,4,L,115.7054,16.44323316,3637.6802,3555.6546,82.0256,2.0,0.013520333086444,0.0765894346113662,L,99999900.0,LLLVALLTILLALLFSLLILI,26250.08282258013,1444.433512749722,5.534478423266023
LLLLLLLLFVLAILLSTLILI,LLLLLLLLAVLAILLSTLILI,Left,void,,,,,,,,,,,3651.9,4569.59,51.6414,19.1196,3602.82,4691.25,150.128,97.9236,-16.6627,1.1e+16,8,F,88.8869,31.76602353,3632.7804,3504.8964,127.884,2.0,0.1757729897929394,0.09912937915529,L,99999900.0,LLLLALLLFVLTWLLSLLILI,29714.355947741045,2717.6355038157126,8.64208157409941
LLLLLLLLFVLAILLSTLILI,LLLLALLLFVLAILLSTLILI,Left,void,,,,,,,,,,,3649.25,4640.29,53.4684,11.8633,3602.82,4691.25,109.932,65.2317,-16.6627,1.1e+16,4,L,126.6119,8.567093602,3637.3867,3537.5883,99.7984,2.0,0.2358817760253465,0.0113184348906907,L,-41.73487938604947,LLLLAVLLFLLATLISLLILI,28087.34996477956,786.9979925561224,18.63533803707887
LLLLLTLLAVLISLLFLLILI,LLLLLTLLAVLISLLFALILI,Left,void,,,,,,,,,,,3606.12,4640.14,43.1605,66.423,3601.71,4674.7,94.609,143.029,-10.1202,1.1e+16,16,L,63.0398,51.30663017,3539.697,3458.681,81.016,2.0,0.4747228697166576,0.0111459548639078,L,-21.605999468719794,LLLLLALLFVLTSLLAILILI,29656.48452747455,964.4707100649345,38.17714916843723
LLLLLTLLAVLISLLFLLILI,LLLLATLLAVLISLLFLLILI,Left,void,,,,,,,,,,,3570.89,4633.03,57.0029,82.3239,3601.71,4674.7,111.752,187.35,-10.1202,1.1e+16,4,L,56.1513,59.45028424,3488.5661,3414.36,74.2061,2.0,0.6991569675388299,0.4065189578851813,L,99999900.0,LLLLALLLFVLTWLLSLLILI,32583.982909040176,2352.0493528134048,33.668194474221806
LLLLAYLTLLLWFLVSLLILI,LLLLAYLTLLLAFLVSLLILI,Left,void,,,,,,,,,,,3591.15,4170.74,48.3729,31.8092,3602.98,4194.47,125.796,176.831,-7.41464,1.1e+16,11,W,98.4586,24.41831366,3559.3408,3426.149,133.1918,2.0,0.550749061673824,0.0371248957264001,L,-4.457029338284479,LLLVALLTILLALLFSLLILI,30000.786779835504,1255.494074315726,47.185668067866686
LLLLAYLTLLLWFLVSLLILI,LLLLAALTLLLWFLVSLLILI,Left,void,,,,,,,,,,,3458.89,4049.39,47.7701,93.3647,3602.98,4194.47,158.113,314.046,-7.41464,1.1e+16,5,Y,36.9301,71.65650509,3365.5253,3288.934,76.5913,2.0,0.5328322126826955,0.0665919391061798,L,10116716565718.338,LLLLALLTILLFVLASLLILI,29572.08410246643,1756.385253570062,47.42441737096357
LLLFALLLLLVTLLYSLLILI,LLLFALLLLLVTLLASLLILI,Left,void,,,,,,,,,,,3816.75,4686.31,43.9032,13.891,3779.92,4804.53,148.121,76.3761,-17.8064,1.1e+17,14,Y,115.9958,10.69469723,3802.859,3703.5439,99.3151,2.0,0.3237236947193597,0.1080974814403501,L,-24.99716714488813,LLLVALLLILTFLLASLLILI,28927.742827789883,564.7332235217498,20.222541865687973
LLLFALLLLLVTLLYSLLILI,LLLFALLALLVTLLYSLLILI,Left,void,,,,,,,,,,,3820.24,4727.99,49.4606,21.1778,3779.92,4804.53,117.024,63.2972,-17.8064,1.1e+17,7,L,108.4176,16.34147508,3799.0622,3716.6228,82.4394,2.0,0.2196300784418006,0.0985485142342461,L,-23.902273239848743,LLLVALLLLLTFLLASLLILI,28240.79081374684,392.40035507666585,12.262195228675248
LLLLLALLLILFVLLSTLILI,LLLLAALLLILFVLLSTLILI,Left,void,,,,,,,,,,,3698.5,4674.05,46.0367,43.9205,3665.04,4712.27,99.7118,101.849,-23.3431,1.1e+16,4,L,94.5547,31.71723168,3654.5795,3563.191,91.3885,2.0,0.3261203782008733,0.0319888590706906,L,-1.3818094441958275,LLLLLALLLILFVLLSTLILI,28580.5806250799,1017.989729803745,28.51909298422338
LLLLLALLLILFVLLSTLILI,LLLLLALLLALFVLLSTLILI,Left,void,,,,,,,,,,,3650.55,4698.29,48.4528,91.4957,3665.04,4712.27,87.5842,171.247,-23.3431,1.1e+16,9,I,38.1711,70.56216395,3559.0543,3493.793,65.2613,2.0,0.3241514339663203,0.1088585743763906,L,0.2472371365877576,LLLLLALLLILFVLLSTLILI,28746.792899968084,859.677653399879,20.21351078506136
LLLLYLLTVLLAILFSLLILI,LLLLALLTVLLAILFSLLILI,Left,void,,,,,,,,,,,4017.18,4551.83,56.2761,70.1078,3886.81,4715.19,167.827,97.5385,-11.8701,1.1e+16,4,Y,117.0177,10.17143147,3947.0722,3789.2715,157.8007,2.0,0.3352439944583196,0.0943119264149139,L,-74.25720619542732,LLLTSLLAVLLALLFSLLILI,28675.65333603413,1075.2879037165435,21.961799630684663
LLLLYLLTVLLAILFSLLILI,LLLLYALTVLLAILFSLLILI,Left,void,,,,,,,,,,,3879.09,4697.23,41.3236,72.0307,3886.81,4715.19,87.288,148.204,-11.8701,1.1e+16,5,L,58.2641,55.28286624,3807.0593,3738.606,68.4533,2.0,0.1713267373866331,0.1283148395423992,L,-80.36790933014089,LLLTSLLAVLLALLFSLLILI,27807.92469277664,605.268601362618,6.5908154880078245
LLLLYALLFLLTALLFSLILI,LLLLYALLALLTALLFSLILI,Left,void,,,,,,,,,,,3309.55,4210.04,58.8127,4.43075,3284.35,4360.92,158.722,62.8135,-23.8351,1.1e+16,8,F,126.89885,3.373763417,3305.11925,3221.5365,83.58275,2.0,0.4519299116407213,0.0393698470740029,L,-52.40899511156827,LLLLIFLLWLLTALLSVLILI,29349.02920811479,1256.7225498563378,34.68113771870784
LLLLYALLFLLTALLFSLILI,LLLLAALLFLLTALLFSLILI,Left,void,,,,,,,,,,,3141.97,4203.78,59.4025,82.9216,3284.35,4360.92,172.817,303.645,-23.8351,1.1e+16,4,Y,55.5536,59.88191387,3059.0484,2980.705,78.3434,2.0,0.284749268314337,0.0295268304082387,L,-37.40290684244079,LLLLLALLFVLTSLLAILILI,28276.89767495129,1037.5565194194378,21.57869266731797
LLLLYLLIALLTVLFSLLILI,LLLLYLLAALLTVLFSLLILI,Left,void,,,,,,,,,,,3534.15,4242.36,50.6352,99.4586,3549.12,4264.85,95.3119,184.817,-7.80507,1.1e+16,7,I,30.1368,76.7454709,3434.6914,3364.303,70.3884,2.0,0.2406485144323373,0.0166072177169131,L,14750217646958.812,LLLTSLLAVLLALLFSLLILI,27948.13189151664,1066.6822101621733,18.719323915944333
LLLLYFLLAVLTILLSLLILI,LLLLAFLLAVLTILLSLLILI,Left,void,,,,,,,,,,,3978.68,4623.1,54.4693,62.1247,3958.7,4791.64,169.765,179.063,-13.6142,1.1e+16,4,Y,76.3505,44.86341237,3916.5553,3779.637,136.9183,2.0,0.1236909437493499,0.1071973750671671,L,16716913333233.344,LLLLIFLLWLLTALLSVLILI,27103.62813909949,1171.1130876748712,3.9164043782192968
LLLLYFLLAVLTILLSLLILI,LLLLYALLAVLTILLSLLILI,Left,void,,,,,,,,,,,3995.63,4652.19,53.5937,89.1759,3958.7,4791.64,151.508,182.037,-13.6142,1.1e+16,5,F,41.1189,68.44164157,3906.4541,3776.663,129.7911,2.0,0.2172581431150091,0.0818801754129645,L,16019711436328.846,LLLLLALLFVLTSLLAILILI,27472.16273089146,1656.2203830931603,13.0320784490131
LLLFSLLVLLTALLYLLLILI,LLLFSLLVLLTALLALLLILI,Left,void,,,,,,,,,,,3508.55,4144.61,52.5093,24.2986,3495.39,4266.64,157.282,158.108,-8.52362,1.1e+17,14,Y,105.5882,18.7075207,3484.2514,3337.282,146.9694,2.0,0.2017134019672108,0.1863874048885285,L,-32.04244376060208,LLLTSLLAVLIALLFLLLILI,27833.147885869643,1120.91926582503,5.717689749871253
LLLFSLLVLLTALLYLLLILI,LLLFSLLVALTALLYLLLILI,Left,void,,,,,,,,,,,3538.98,4212.06,45.9977,61.3279,3495.39,4266.64,103.537,110.331,-8.52362,1.1e+17,8,L,70.0017,46.69769801,3477.6521,3385.059,92.5931,2.0,0.103509526279191,0.0240388461505612,L,-99.99944792608356,LLLTSLLAVLIALLFLLLILI,27196.185394519463,759.9337103041146,7.074697365012532
LLLLALLFILTYLLAVLLILI,LLLLALLAILTYLLAVLLILI,Left,void,,,,,,,,,,,3794.61,4648.85,45.6167,34.8732,3790.82,4758.8,136.436,115.367,-19.7346,1.1e+17,7,F,94.7222,26.90928845,3759.7368,3675.453,84.2838,2.0,1.6394948083848495,0.7254327741491536,L,-31.066046920372862,LLLVALLLILTFLLASLLILI,37652.22406239277,5586.331734114681,92.1253748531313
LLLLALLFILTYLLAVLLILI,LLLLALLFALTYLLAVLLILI,Left,void,,,,,,,,,,,3811.82,4748.59,44.2543,46.3457,3790.82,4758.8,83.8245,96.3104,-19.7346,1.1e+17,8,I,84.9839,35.28960722,3765.4743,3694.5096,70.9647,2.0,0.526504372089492,0.0452230816032543,L,9957107823137.607,LLLVALLLILTFLLASLLILI,29863.644228566885,1194.9416064772306,45.67127823961794
LLLAALLYVLLSLLFTLLILI,LLLAALLAVLLSLLFTLLILI,Left,void,,,,,,,,,,,3688.12,4547.01,59.7637,24.9312,3682.84,4707.05,173.92,158.941,-16.6484,1.1e+17,7,Y,104.6642,19.23771986,3663.1888,3523.899,139.2898,2.0,0.2817125693808409,0.0656304468564729,L,-12.192744838626194,LLLTSLLAVLLALLFSLLILI,28415.4614323587,798.2628068499195,19.242650883588706
LLLAALLYVLLSLLFTLLILI,LLLAALLYVLASLLFTLLILI,Left,void,,,,,,,,,,,3653.45,4679.44,55.7841,94.0841,3682.84,4707.05,105.862,196.098,-16.6484,1.1e+17,10,L,34.4873,73.17653848,3559.3659,3486.742,72.6239,2.0,0.6437008861134053,0.0314963182143254,L,5556469815163.832,LLLVALLLFLLSLLYTLLILI,30700.264481163093,1191.2007746423833,54.46156467689449
LLLLYSLLTILVALLFLLILI,LLLLYSLLTALVALLFLLILI,Left,void,,,,,,,,,,,3466.0,4237.05,48.494,61.9674,3451.59,4251.78,88.2873,121.675,-5.99865,1.1e+16,9,I,67.6994,47.7897195,3404.0326,3329.915,74.1176,2.0,0.5606649715894466,0.0981548001435457,L,99999900.0,LLLLYALLFLLTALLFSLILI,31635.7924857982,1369.3255405033867,40.17395697244893
LLLLFLLLAVLYLLLSTLILI,LLLLFLLLAVLALLLSTLILI,Left,void,,,,,,,,,,,3338.99,4149.7,54.5119,10.1168,3288.64,4287.51,162.023,119.42,-8.17684,1.1e+16,11,Y,120.151,7.766155566,3328.8732,3169.22,159.6532,2.0,0.1880990282375357,0.1364332770628384,L,-26.808732004723435,LLLLALLLFVLTWLLSLLILI,27936.27328813406,1136.1818484929006,23.27159222782615
LLLLFLLLAVLYLLLSTLILI,LLLLFLLLAVLYALLSTLILI,Left,void,,,,,,,,,,,3289.57,4198.04,54.1427,58.5962,3288.64,4287.51,119.944,118.679,-8.17684,1.1e+16,12,L,71.2258,45.13580133,3230.9738,3169.961,61.0128,2.0,0.3693203068648847,0.1176411081814199,L,13802996679288.076,LLLLALLLFVLTWLLSLLILI,28688.58626743801,1406.739454048983,37.00475712235834
LLLYALLFVLLLLLTSLLILI,LLLYALLAVLLLLLTSLLILI,Left,void,,,,,,,,,,,3859.68,4675.95,59.2503,24.7974,3830.49,4765.93,142.594,120.716,-20.1749,1.1e+17,7,F,104.798,19.13447545,3834.8826,3709.774,125.1086,2.0,0.1892330495041071,0.1157762164767952,L,-33.76522140869477,LLLTSLLAVLLALLFSLLILI,27425.64689714436,1446.433573621475,8.780201237160169
LLLYALLFVLLLLLTSLLILI,LLLYALLFVLALLLTSLLILI,Left,void,,,,,,,,,,,3803.66,4730.13,51.563,74.3185,3830.49,4765.93,104.983,177.536,-20.1749,1.1e+17,10,L,54.2529,57.80329062,3729.3415,3652.954,76.3875,2.0,0.1814381429499803,0.0861758625198375,L,-30.208046578560392,LLLYTLLAVLIALLLSLLILI,27871.92150776726,525.7120281031334,9.854406850242816
LLLVALLFLLTSLLYLLLILI,LLLVALLFLLTSLLALLLILI,Left,void,,,,,,,,,,,3295.3,4126.09,52.5492,17.7617,3296.51,4241.64,155.839,168.608,-9.35155,1.1e+17,14,Y,112.1251,13.67475371,3277.5383,3127.902,149.6363,2.0,0.3985735344604264,0.0378671659367507,L,-23.29356313031117,LLLVALLLILTFLLASLLILI,29202.83519310312,824.9277668930716,34.78404972329057
LLLLAYLTVLLSILFLLLILI,LLLLAYLTVLLSILALLLILI,Left,void,,,,,,,,,,,3515.96,4123.57,58.9875,31.3404,3462.44,4270.19,157.547,87.7536,-7.57527,1.1e+16,14,F,98.5464,24.1290108,3484.6196,3374.6864,109.9332,2.0,0.1650621136499532,0.0856348528428587,L,-3.9051776720139895,LLLLALLTILLFVLASLLILI,27496.70340335366,972.0606223772168,8.546499568554362
LLLLAYLTVLLSILFLLLILI,LLLLAYLTVLLSILFALLILI,Left,void,,,,,,,,,,,3449.42,4194.73,57.2478,84.8716,3462.44,4270.19,119.67,164.282,-7.57527,1.1e+16,15,L,44.8488,65.42656359,3364.5484,3298.158,66.3904,2.0,0.3227399712172558,0.1148217184433712,L,-19.315903517689563,LLLLALLTVLLALLFSLLILI,28806.706745080453,765.051407775908,19.75326331904171
LLLLYLLLAVLTILLSLLILI,LLLLALLLAVLTILLSLLILI,Left,void,,,,,,,,,,,3394.12,4001.74,55.6731,20.0786,3389.51,4157.21,168.541,179.59,-10.5232,1.1e+16,4,Y,118.3966,14.49978047,3374.0414,3209.92,164.1214,2.0,0.2639237728722069,0.0768238042172178,L,19123275916234.723,LLLLALLLFVLTWLLSLLILI,28307.067063142586,782.8486565078424,17.140665872092786
LLLLYLLLAVLTILLSLLILI,LLLLYLLLAVLTALLSLLILI,Left,void,,,,,,,,,,,3383.08,4121.07,47.7317,64.7226,3389.51,4157.21,96.0295,141.361,-10.5232,1.1e+16,12,I,65.0994,49.85487822,3318.3574,3248.149,70.2084,2.0,0.3799398923786714,0.2465756819155052,L,22795790908990.91,LLLLIFLLWLLTALLSVLILI,28886.14803830658,1795.640503105495,16.812199481038213
LLLYALLFVLTALLLSLLILI,LLLYALLFVLTALLASLLILI,Left,void,,,,,,,,,,,3767.08,4734.36,45.8547,16.8746,3723.0,4774.55,101.8,49.1018,-14.4827,1.1e+17,14,L,113.0122,12.99177438,3750.2054,3673.8982,76.3072,2.0,0.306643714411992,0.0275094928918801,L,-52.17123307222029,LLLTSLLAVLLALLFSLLILI,28604.14750955113,741.5252089182978,23.485820094289974
LLLYALLFVLTALLLSLLILI,LLLAALLFVLTALLLSLLILI,Left,void,,,,,,,,,,,3549.38,4590.55,57.999,115.556,3723.0,4774.55,177.731,348.257,-14.4827,1.1e+17,3,Y,54.1748,68.08192738,3433.824,3374.743,59.081,2.0,0.3699168867956366,0.032369222174718,L,-36.05935483939107,LLLTSLLAVLLALLFSLLILI,29149.195541955203,575.7486877483091,28.37912850797165
LLLVALLFLLLYLLATLLILI,LLLVALLFALLYLLATLLILI,Left,void,,,,,,,,,,,3628.58,4676.87,43.3383,67.9876,3628.11,4715.65,95.7611,145.182,-20.8896,1.1e+17,8,L,63.342,51.76867972,3560.5924,3482.928,77.6644,2.0,0.7113030644611067,0.0777735609436497,L,16716913333233.344,LLLVALLLILTFLLASLLILI,32812.74995429169,1710.2349569535602,62.66590717612903
LLLVALLFLLLYLLATLLILI,LLLVALLFLLAYLLATLLILI,Left,void,,,,,,,,,,,3567.63,4654.72,53.2435,88.1678,3628.11,4715.65,112.108,208.224,-20.8896,1.1e+17,10,L,40.4036,68.57497079,3479.4622,3419.886,59.5762,2.0,0.5042630691316536,0.1478435442959196,L,-58.64713872630435,LLLVALLLILTFLLASLLILI,29800.42277077996,1173.8643741284425,49.78651401183603
LLLLFVLLAILYTLLLSLILI,LLLLFVLLAILATLLLSLILI,Left,void,,,,,,,,,,,3272.96,4077.39,47.6459,19.1496,3237.5,4193.37,149.967,126.796,-7.80042,1.1e+16,11,Y,111.1182,14.70017917,3253.8104,3110.704,143.1064,2.0,0.2464773860243855,0.0593837272943388,L,-45.665623527770606,LLLLAVLLFILALLLSTLILI,28103.37023931369,980.3224433965166,23.59020559662377
LLLLFVLLAILYTLLLSLILI,LLLLAVLLAILYTLLLSLILI,Left,void,,,,,,,,,,,3275.81,4036.68,58.962,45.1711,3237.5,4193.37,161.525,71.3177,-7.80042,1.1e+16,4,F,93.3041,32.62035368,3230.6389,3166.1823,64.4566,2.0,0.4831375623907587,0.2514004606399527,L,99999900.0,LLLLAVLLFILALLLSTLILI,29391.51986617747,1777.881110489064,54.04714771275043
LLLLLALLYTLFLLLSILILI,LLLLLALLYTLALLLSILILI,Left,void,,,,,,,,,,,3690.27,4741.4,47.5173,83.0759,3715.83,4856.88,143.04,210.08,-26.5389,1.1e+16,11,F,47.1919,63.77316574,3607.1941,3505.75,101.4441,2.0,0.8476962007422187,0.0900530500845367,L,99999900.0,LLLLLALLFVLTSLLAILILI,33738.19792817313,1630.2938300187757,74.52986954103686
LLLLYLLTFLLAVLLILLILI,LLLLALLTFLLAVLLILLILI,Left,void,,,,,,,,,,,3476.63,4171.17,59.6566,41.6596,3410.46,4343.39,175.327,138.829,-6.65336,1.1e+16,4,Y,96.8156,30.08452055,3434.9704,3271.631,163.3394,2.0,0.3716404883206831,0.0450144597863736,L,10417738204847.969,LLLVALLTILLALLFSLLILI,28869.76212019693,1096.9003940385976,27.788863797254702
LLLLYLLTFLLAVLLILLILI,LLLLYLLTALLAVLLILLILI,Left,void,,,,,,,,,,,3422.64,4202.99,58.2739,38.9702,3410.46,4343.39,155.98,149.818,-6.65336,1.1e+16,8,F,92.3594,29.67358463,3383.6698,3260.642,123.0278,2.0,0.2299136919742717,0.2641126618033002,L,99999900.0,LLLLWILTYLLAVLLFLLILI,28773.573269119388,971.16017102673,3.529341862970508
LLLYTLLAILVALLLSLLILI,LLLYTLLAILVALLASLLILI,Left,void,,,,,,,,,,,3377.82,4061.77,57.1464,24.4785,3345.69,4109.7,112.454,74.0518,-12.8594,1.1e+17,14,L,105.4083,18.84602592,3353.3415,3271.6382,81.7033,2.0,0.3258954895201202,0.05153627645438,L,-66.86144295947241,LLLTSLLAVLLALLFSLLILI,28670.55126103205,884.0146538252841,23.67082326050857
LLLYTLLAILVALLLSLLILI,LLLYTLLAALVALLLSLLILI,Left,void,,,,,,,,,,,3348.04,4107.69,46.1995,77.0507,3345.69,4109.7,79.799,139.798,-12.8594,1.1e+17,8,I,54.2789,58.66971345,3270.9893,3205.892,65.0973,2.0,0.3271498133822368,0.1097245036713803,L,-58.70031780350104,LLLTSLLAVLLALLFSLLILI,28362.99069229552,1543.1609043355124,20.408638126883503
LLLLVILTALLYLLLFLLILI,LLLLVILTALLALLLFLLILI,Left,void,,,,,,,,,,,3353.11,4168.37,53.0178,9.53219,3342.87,4292.1,158.452,139.62,-11.5857,1.1e+16,11,Y,120.73561,7.317380043,3343.57781,3203.25,140.32781,2.0,0.3980463236334186,0.0050341731424238,L,20896141666566.67,LLLLWILTYLLAVLLFLLILI,30114.479441089075,805.1307256591338,32.26014630959442
LLLLVILTALLYLLLFLLILI,LLLLVILTALLYLLLALLILI,Left,void,,,,,,,,,,,3399.27,4143.61,57.3538,33.9243,3342.87,4292.1,157.511,105.603,-11.5857,1.1e+16,15,F,95.7961,26.151862,3365.3457,3237.267,128.0787,2.0,1.008414803594179,0.1900262116084803,L,99999900.0,LLLLWILTYLLAVLLFLLILI,33944.89513097044,448.9610961366632,93.45403516885496
LLLLYLLVALLTILFSLLILI,LLLLALLVALLTILFSLLILI,Left,void,,,,,,,,,,,3455.08,4101.59,52.26,31.4639,3458.41,4269.58,168.448,183.079,-7.98757,1.1e+16,4,Y,107.0113,22.7216859,3423.6161,3275.331,148.2851,2.0,0.3373869445085005,0.0644289122134565,L,22795790908990.91,LLLVALLTILLALLFSLLILI,28265.37493680185,1748.271650990322,23.865043679287727
LLLLYLLVALLTILFSLLILI,LLLLYLLVALLTALFSLLILI,Left,void,,,,,,,,,,,3475.83,4254.15,49.6518,66.7718,3458.41,4269.58,89.5789,125.56,-7.98757,1.1e+16,12,I,63.0502,51.4333472,3409.0582,3332.85,76.2082,2.0,-0.494992936498245,1.1216269703240396,L,99999900.0,LLLLALLTVLLALLFSLLILI,25379.9860990661,8705.22291088689,24.379283462224805
LLLYALLFLLTSLLLVLLILI,LLLYALLFLLTSLLAVLLILI,Left,void,,,,,,,,,,,3841.87,4775.1,45.1478,22.5053,3795.22,4824.76,102.517,53.9824,-12.1515,1.1e+17,14,L,107.3815,17.32685692,3819.3647,3741.2376,78.1271,2.0,0.227194676102978,0.0224231716428563,L,-37.43736655068131,LLLVALLLILTFLLASLLILI,28430.529632588907,274.26463527402524,17.28279192068553
LLLYALLFLLTSLLLVLLILI,LLLYALLFALTSLLLVLLILI,Left,void,,,,,,,,,,,3767.13,4778.0,44.887,59.6375,3795.22,4824.76,99.5328,155.473,-12.1515,1.1e+17,8,L,71.6921,45.41055482,3707.4925,3639.747,67.7455,2.0,0.4551684627489981,0.4152431991729803,L,20750795506624.254,LLLFALLLILTALLYVLLILI,29457.330874817675,2580.5166949411214,13.210931242104762
LLLLTYLLAVLFILLLSLILI,LLLLTYLLAVLAILLLSLILI,Left,void,,,,,,,,,,,3378.53,4144.03,47.6515,16.4619,3338.13,4226.97,133.609,90.2415,-7.22391,1.1e+16,11,F,113.8059,12.63696785,3362.0681,3247.8885,114.1796,2.0,0.2232587840869644,0.0619200792640786,L,-57.29148631708766,LLLLYLLLFVLATLLLSLILI,27726.63765518674,1263.3431985555776,14.67699773498511
LLLLTYLLAVLFILLLSLILI,LLLLTALLAVLFILLLSLILI,Left,void,,,,,,,,,,,3269.08,4051.85,55.0518,98.7289,3338.13,4226.97,170.338,277.705,-7.22391,1.1e+16,5,Y,31.5659,75.77347676,3170.3511,3060.425,109.9261,2.0,1.8693892336945896,1.6716420121507112,L,99999900.0,LLLLLALLYVLTALLFSLILI,36716.79000956672,7798.517593700718,249.53751344381848
LLLLAILTALLFVLLSLLILI,LLLLAALTALLFVLLSLLILI,Left,void,,,,,,,,,,,3620.29,4606.03,48.8278,85.1669,3622.33,4620.44,88.0685,155.716,-26.1884,1.1e+16,5,I,45.1279,65.36477281,3535.1231,3466.614,68.5091,2.0,0.2948033172045641,0.0220892120487425,L,-27.711326367987056,LLLLWILTYLLAVLLFLLILI,27970.70055084116,1679.3742620948583,22.830971723491107
LLLLAILTALLFVLLSLLILI,LLLLAILTALLFVLASLLILI,Left,void,,,,,,,,,,,3577.33,4570.07,41.9331,83.4072,3622.33,4620.44,100.251,193.354,-26.1884,1.1e+16,14,L,46.4796,64.21530132,3493.9228,3428.976,64.9468,2.0,0.4125674745432569,0.0252860838891281,L,-37.360844168331866,LLLLWILTYLLAVLLFLLILI,29587.774276422817,393.1803930837572,35.200932954953736
LLLLAYLILLLFVLFTLLILI,LLLLAYLILLLAVLFTLLILI,Left,void,,,,,,,,,,,3573.89,4266.27,53.8604,33.1445,3525.06,4384.09,149.391,97.5315,-7.92979,1.1e+16,11,F,97.1233,25.44335592,3540.7455,3427.5285,113.217,2.0,0.2359565318906349,0.2925878506770457,L,-32.395310676127934,LLLLAVLIFLLATLLSLLILI,28163.711404996604,1487.0285346144788,2.37691972985366
LLLVSLLILLLALLFTLLILI,LLLVSLLILLLALLATLLILI,Left,void,,,,,,,,,,,3431.02,4015.1,59.1145,35.7497,3387.96,4073.08,137.463,121.797,-8.44058,1.1e+17,14,F,94.1371,27.52373605,3395.2703,3266.163,129.1073,2.0,0.1318098792948672,0.0568736493134724,L,-7.338571069048934,LLLTSLLAVLLALLFSLLILI,27573.79055940896,816.2637182069985,14.067832434344629
LLLVSLLILLLALLFTLLILI,LLLVSLLILLAALLFTLLILI,Left,void,,,,,,,,,,,3354.28,4041.08,33.99,64.7043,3387.96,4073.08,87.7195,174.926,-8.44058,1.1e+17,10,L,63.8671,50.32557785,3289.5757,3213.034,76.5417,2.0,0.2559175881632914,0.0696108321203883,L,34.80359014535548,LLLTSLLAVLLALLFSLLILI,27871.791993286348,1412.999202124258,24.9535890960544
LLLLFALLALLYVLTSLLILI,LLLLFALLALLAVLTSLLILI,Left,void,,,,,,,,,,,3686.8,4611.68,59.1396,44.7851,3657.88,4758.01,166.58,153.817,-9.24259,1.1e+16,11,Y,85.4827,34.37925566,3642.0149,3504.063,137.9519,2.0,0.2447016023890132,0.090905274409789,L,6.086861225955398,LLLLAVLLFLLATLISLLILI,27970.294130574766,1150.636885320487,14.754456625600625
LLLLFALLALLYVLTSLLILI,LLLLAALLALLYVLTSLLILI,Left,void,,,,,,,,,,,3689.98,4614.67,55.1227,40.1808,3657.88,4758.01,154.952,106.09,-9.24259,1.1e+16,4,F,98.2944,29.0166037,3649.7992,3551.79,98.0092,2.0,0.6171327966820089,0.2356777050750416,L,14671085681889.254,LLLLAVLLFLLATLISLLILI,30076.243124922923,1991.5302118765871,64.09577303620215
LLLLYILVTLLLALLFLLILI,LLLLAILVTLLLALLFLLILI,Left,void,,,,,,,,,,,3362.09,4126.53,58.5895,43.8019,3337.31,4298.74,173.874,166.474,-13.7409,1.1e+16,4,Y,94.6733,31.63158457,3318.2881,3170.836,147.4521,2.0,0.2067429299703951,0.1086291920505346,L,99999900.0,LLLLWILTYLLAVLLFLLILI,33394.90314097394,8695.318914920153,10.625396141608936
LLLYALLFVLLLLLTSLLILI,LLLAALLFVLLLLLTSLLILI,Left,void,,,,,,,,,,,3407.14,4091.74,64.3725,104.322,3484.99,4169.13,154.526,279.759,-8.15293,1.1e+17,3,Y,65.4088,61.46321116,3302.818,3205.231,97.587,2.0,0.3050433305140582,0.2442905833965608,L,-9.838670650939177,LLLTSLLAVLLALLFSLLILI,28316.79666843621,1785.2655457245407,10.819479661669671
LLLLYSLTALLFVLLLLLILI,LLLLYSLTALLFVLALLLILI,Left,void,,,,,,,,,,,3370.46,4197.51,50.9634,88.4556,3417.26,4248.05,108.976,204.842,-14.0728,1.1e+16,14,L,41.4312,68.10207042,3282.0044,3212.418,69.5864,2.0,0.131065053846598,0.1148573540775933,L,17774631206578.258,LLLLALLTILLFVLASLLILI,26971.252123863727,1504.6326871891258,4.076499207258792
LLLYLLLAVLTSLLFLLLILI,LLLYLLLAVLTSLLFALLILI,Left,void,,,,,,,,,,,3823.2,4729.77,42.9478,77.864,3831.31,4763.69,94.8506,163.811,-8.47045,1.1e+17,15,L,51.8564,60.02448343,3745.336,3667.499,77.837,2.0,0.2289605074869776,0.0704445074540687,L,-62.41897014488963,LLLTSLLAVLLALLFSLLILI,27887.48134616717,1065.757414872994,14.65034172562818
LLLLYLLVTLLALLFILLILI,LLLLALLVTLLALLFILLILI,Left,void,,,,,,,,,,,3465.99,4179.56,49.4606,25.2822,3433.99,4351.82,167.96,156.833,-10.6547,1.1e+16,4,Y,113.193,18.25756525,3440.7078,3277.157,163.5508,2.0,0.121221386581775,0.0517061464976958,L,99999900.0,LLLTSLLAVLLALLFSLLILI,28854.35844185819,1988.0285584988903,6.923255548886178
LLLVALLLLLTSLLFSLLILI,LLLVALLLLLTSLLASLLILI,Left,void,,,,,,,,,,,3617.75,4582.68,47.5656,18.2513,3593.36,4672.83,137.487,68.7632,-15.9231,1.1e+17,14,F,111.6355,14.05169732,3599.4987,3524.5968,74.9019,2.0,0.3401109995485439,0.0687754431298764,L,2.3690146358523068,LLLVALLLILTFLLASLLILI,28561.00942830087,1232.903132788536,31.790412522365045
LLLVALLLLLTSLLFSLLILI,LLLVALLLALTSLLFSLLILI,Left,void,,,,,,,,,,,3591.89,4611.67,47.0707,53.4341,3593.36,4672.83,106.117,115.13,-15.9231,1.1e+17,8,L,77.8955,40.68701953,3538.4559,3478.23,60.2259,2.0,0.3677426858643103,0.0458697484051734,L,-37.1807306151374,LLLVALLLILTFLLASLLILI,30253.198778258906,1546.417302893326,32.72553169417265
LLLLVALLLLLTSLIFLLILI,LLLLVALLLLLTSLIALLILI,Left,void,,,,,,,,,,,3589.92,4583.8,42.796,17.1436,3531.99,4652.85,126.887,97.038,-24.3764,1.1e+16,15,F,112.5768,13.21580877,3572.7764,3434.952,137.8244,2.0,0.3268905429106346,0.1059078840960043,L,99999900.0,LLLLLALLFVLTSLLAILILI,29126.102917716755,325.92437838538285,20.60813338480178
LLLLVALLLLLTSLIFLLILI,LLLLVALALLLTSLIFLLILI,Left,void,,,,,,,,,,,3472.93,4593.44,49.7511,99.8198,3531.99,4652.85,110.573,220.82,-24.3764,1.1e+16,7,L,29.7756,77.0241845,3373.1102,3311.17,61.9402,2.0,0.2906269155947231,0.003226910575218,L,-46.64736544993324,LLLLAALVFLLTSLILLLILI,28150.78675885496,1310.7454065759362,23.580157014280225
LLLFALLLVLITLLLSLLILI,LLLAALLLVLITLLLSLLILI,Left,void,,,,,,,,,,,3642.15,4565.13,52.342,95.9715,3691.79,4648.53,139.915,244.858,-10.1998,1.1e+17,3,F,73.7593,56.54336161,3546.1785,3446.932,99.2465,2.0,0.4077039966532959,0.0130443323659603,L,-35.8813973640692,LLLVALLLILTFLLASLLILI,29480.50071211487,452.9976516138291,32.58673596997681
LLLFALLLVLITLLLSLLILI,LLLFALLAVLITLLLSLLILI,Left,void,,,,,,,,,,,3745.06,4634.81,42.5177,17.925,3691.79,4648.53,87.288,27.763,-10.1998,1.1e+17,7,L,111.6704,13.83150945,3727.135,3664.027,63.108,2.0,0.2985691155844977,0.0218699827406425,L,-48.37022195374814,LLLTSLLAVLLALLFSLLILI,28722.658872954547,454.1504803146757,23.15160649017418
LLLLLFLTALLYVLISLLILI,LLLLLFLTALLAVLISLLILI,Left,void,,,,,,,,,,,3471.72,4093.39,50.954,29.977,3446.22,4227.07,159.642,153.955,-15.3504,1.1e+16,11,Y,100.2908,23.01182641,3441.743,3292.265,149.478,2.0,0.4282669626542549,0.0139091385947556,L,99999900.0,LLLLAVLLFLLATLISLLILI,28764.220156623072,1909.569226615084,35.826921465281345
LLLLLFLTALLYVLISLLILI,LLLLLALTALLYVLISLLILI,Left,void,,,,,,,,,,,3405.68,4135.19,50.1309,62.0197,3446.22,4227.07,138.252,214.951,-15.3504,1.1e+16,5,F,68.2751,47.59952047,3343.6603,3231.269,112.3913,2.0,0.5127812694835809,0.1156988104083641,L,99999900.0,LLLLALLTILLFVLASLLILI,29437.57105660861,2037.486431490976,35.2436551893229
LLLYWLLTVLALLLFSLLILI,LLLYALLTVLALLLFSLLILI,Left,void,,,,,,,,,,,3595.6,4241.66,58.959,57.7153,3618.08,4268.14,141.503,220.79,-12.1449,1.1e+17,4,W,94.7636,31.56637434,3537.8847,3397.29,140.5947,2.0,0.2121811795429418,0.16941836511383,L,-27.851721435664125,LLLTSLLAVLLALLFSLLILI,27883.853124511978,1104.1448172131077,7.554961291089839
LLLYWLLTVLALLLFSLLILI,LLLYWLLTVLALLLASLLILI,Left,void,,,,,,,,,,,3644.02,4120.97,58.6187,51.2247,3618.08,4268.14,161.432,147.229,-12.1449,1.1e+17,14,F,78.6621,39.43795674,3592.7953,3470.851,121.9443,2.0,0.2531131132237473,0.1492629245189793,L,-70.53308502446998,LLLYTLLAVLIALLLSLLILI,28513.72039752796,561.7610318541834,12.06777168932654
LLLYALLFLLTSLLLSLLILI,LLLYALLFALTSLLLSLLILI,Left,void,,,,,,,,,,,3368.12,4226.97,47.5566,54.4601,3377.26,4270.68,101.691,151.774,-20.8915,1.1e+17,8,L,76.8695,41.46826001,3313.6599,3225.486,88.1739,2.0,0.2635650066092295,0.0216971775388578,L,12537684999899.998,LLLVALLLILTFLLASLLILI,29842.70872576212,1976.071464120513,20.299049063190715
LLLYALLFLLTSLLLSLLILI,LLLYALLFLLTSLLASLLILI,Left,void,,,,,,,,,,,3414.45,4229.94,56.4259,23.1779,3377.26,4270.68,112.513,66.7433,-20.8915,1.1e+17,14,L,109.1087,15.99708361,3391.2721,3310.5167,80.7554,2.0,0.0557843453709535,0.0346763503444331,L,13197563157794.734,LLLVALLLILTFLLASLLILI,26983.015784058585,832.490847975979,6.56708230658561
LLLLFVLLLLLATLISLLILI,LLLLAVLLLLLATLISLLILI,Left,void,,,,,,,,,,,3722.43,4597.15,44.423,30.8518,3673.22,4682.12,128.81,113.446,-12.3423,1.1e+16,4,F,107.6234,22.2796573,3691.5782,3559.774,131.8042,2.0,0.277597960528272,0.1184572363256823,L,-63.689745299847125,LLLLAVLLFLLATLISLLILI,28491.930112033748,743.0053523786974,15.85143520507363
LLLLFVLLLLLATLISLLILI,LLLLFVLALLLATLISLLILI,Left,void,,,,,,,,,,,3637.53,4645.74,52.0431,95.4707,3673.22,4682.12,105.132,202.001,-12.3423,1.1e+16,7,L,34.1247,73.66827835,3542.0593,3471.219,70.8403,2.0,0.2419945125603148,0.0720153565711974,L,-45.08616282792814,LLLLAVLLFLLATLISLLILI,27883.37108291141,1263.11932042654,23.95403692434379
LLLYWLLTVLLALLFSLLILI,LLLYALLTVLLALLFSLLILI,Left,void,,,,,,,,,,,3935.88,4810.03,56.6439,36.4719,3887.96,4816.97,128.924,137.926,-12.558,1.1e+17,4,W,102.0033,26.33821796,3899.4081,3750.034,149.3741,2.0,0.3597707698858347,0.1415414927904537,L,3390772030105.942,LLLTSLLAVLLALLFSLLILI,28977.719514774755,1024.9158389125846,21.23646790347726
LLLYWLLTVLLALLFSLLILI,LLLAWLLTVLLALLFSLLILI,Left,void,,,,,,,,,,,3716.45,4647.6,56.9361,92.2323,3887.96,4816.97,171.962,326.268,-12.558,1.1e+17,3,Y,77.4985,54.34034365,3624.2177,3561.692,62.5257,2.0,0.4299268260854808,0.0220422552878551,L,2296515033912.647,LLLTSLLAVLLALLFSLLILI,29207.924885488675,1201.3521787158077,33.88375534310734
LLLLYVLLATLLALLSFLILI,LLLLAVLLATLLALLSFLILI,Left,void,,,,,,,,,,,3354.3,4004.23,58.8359,36.7915,3363.46,4160.54,171.764,183.518,-12.5719,1.1e+16,4,Y,101.6837,26.56901741,3317.5085,3179.942,137.5665,2.0,0.2321596809445008,0.0480886363071419,L,30.088290125549577,LLLLAVLLFILALLLSTLILI,28099.442309770675,842.6655309903501,21.76619511454818
LLLLYVLLATLLALLSFLILI,LLLLYVLLATLAALLSFLILI,Left,void,,,,,,,,,,,3379.8,4097.12,54.3964,34.836,3363.46,4160.54,116.794,100.156,-12.5719,1.1e+16,11,L,95.4318,26.7418349,3344.964,3263.304,81.66,2.0,-0.2146548951996792,0.8583399244208689,L,99999900.0,LLLLAVLLFILALLLSTLILI,25683.504985446445,5604.731724097929,32.079946247142324
LLLLAVLTALLLLLFSLLILI,LLLLAVLTALLLLLASLLILI,Left,void,,,,,,,,,,,3575.52,4474.2,46.1234,85.8266,3619.44,4581.85,141.475,228.403,-20.6163,1.1e+16,14,F,44.0602,66.07800023,3489.6934,3391.037,98.6564,2.0,0.1740659060098185,0.035917995861023,L,16.097072883759264,LLLVALLTILLALLFSLLILI,27846.35153763602,698.9678491083114,16.311656228488445
LLLLAVLTALLLLLFSLLILI,LLLLAVLTALLALLFSLLILI,Left,void,,,,,,,,,,,3655.8,4528.94,52.5058,28.071,3619.44,4581.85,110.74,65.347,-20.6163,1.1e+16,11,L,102.1968,21.54868663,3627.729,3554.093,73.636,2.0,0.2608233531818808,0.065695907517111,L,-52.49115112778887,LLLTSLLAVLLALLFSLLILI,28251.89012472346,822.6519432751312,17.53059685143164
LLLLVALLLTLLALLFILILI,LLLLVALLATLLALLFILILI,Left,void,,,,,,,,,,,3751.35,4614.99,57.0228,29.9024,3687.23,4653.89,112.036,56.8066,-15.2796,1.1e+16,8,L,101.4272,22.76897211,3721.4476,3630.4234,91.0242,2.0,-0.4027223346044361,0.6968128030578498,L,99999900.0,LLLLLALLYVLTALLFSLILI,26401.53584036088,7054.935771796378,7.359874337671209
LLLLVALLLTLLALLFILILI,LLLLVALLLTLAALLFILILI,Left,void,,,,,,,,,,,3653.76,4611.39,57.4242,92.1438,3687.23,4653.89,112.277,198.602,-15.2796,1.1e+16,11,L,38.124,70.73413384,3561.6162,3488.628,72.9882,2.0,0.2980396304091907,0.0493694429875384,L,17184687969984.729,LLLLLALLYVLTALLFSLILI,27858.935587971868,1941.8594720625565,21.51813772146287
LLLYLLLFVLIALLLTLLILI,LLLYLLLAVLIALLLTLLILI,Left,void,,,,,,,,,,,3570.84,4190.88,55.1623,33.2314,3534.75,4232.88,128.753,89.5224,-12.1728,1.1e+17,7,F,96.364,25.64242249,3537.6086,3445.2276,92.381,2.0,0.2968844504944302,0.0120042947360353,L,-51.30255546380592,LLLTSLLAVLLALLFSLLILI,28554.666187054747,710.7004991020921,23.58432660892635
LLLYLLLFVLIALLLTLLILI,LLLYLLLFVLIALLATLLILI,Left,void,,,,,,,,,,,3587.93,4193.28,56.7772,44.5673,3534.75,4232.88,112.164,77.0119,-12.1728,1.1e+17,14,L,85.3195,34.31241666,3543.3627,3457.7381,85.6246,2.0,0.2831749852364186,0.2084263179650049,L,-39.45951066381364,LLLTSLLAVLIALLFLLLILI,28978.03944645954,736.9873584084751,11.105007583476018
LLLLLALLFVLTSLLYLLILI,LLLLLALLFVLTSLLALLILI,Left,void,,,,,,,,,,,3342.71,4058.28,58.1248,20.2127,3329.92,4179.24,166.3,149.061,-14.7041,1.1e+16,15,Y,109.5077,15.5817435,3322.4973,3180.859,141.6383,2.0,0.461936625974011,0.0466416770037201,L,-41.48662147512576,LLLLLALLFVLTSLLAILILI,29295.462513555463,1390.734300712484,40.47311764020973
LLLLLALLFVLTSLLYLLILI,LLLLLALLAVLTSLLYLLILI,Left,void,,,,,,,,,,,3344.92,4078.2,58.6622,42.6285,3329.92,4179.24,148.384,113.684,-14.7041,1.1e+16,8,F,88.7011,32.45917143,3302.2915,3216.236,86.0555,2.0,0.5669325657538953,0.063392202253142,L,15672106249899.988,LLLLLALLFVLTSLLAILILI,29501.37890418,2289.0706530559723,50.02803416531184
LLLLYLLLFVLATLLLSLILI,LLLLALLLFVLATLLLSLILI,Left,void,,,,,,,,,,,3240.85,4134.65,55.7649,6.68892,3227.42,4288.71,167.91,147.819,-18.611,1.1e+16,4,Y,131.78628,4.830410066,3234.16108,3079.601,154.56008,2.0,0.2882716045623967,0.0488744621667532,L,-36.5098788784584,LLLLAVLLFLLATLISLLILI,28354.34366685832,963.5175929367424,20.74795507535571
LLLLYLLLFVLATLLLSLILI,LLLLYLLLAVLATLLLSLILI,Left,void,,,,,,,,,,,3253.77,4137.94,58.0168,26.0484,3227.42,4288.71,162.141,108.926,-18.611,1.1e+16,8,F,105.2812,19.83437093,3227.7216,3118.494,109.2276,2.0,0.2306035085111228,0.1620636435108641,L,13930761111011.104,LLLLWALLFVLATLLSLLILI,28399.36228939632,549.8300849538622,9.48678417408884
LLLYWLLTILVALLLSLLILI,LLLYALLTILVALLLSLLILI,Left,void,,,,,,,,,,,3584.43,4114.05,48.8124,41.7687,3604.75,4130.02,126.011,207.924,-14.8358,1.1e+17,4,W,104.1574,24.78263256,3542.6613,3396.826,145.8353,2.0,0.4182318382612513,0.0430515081727925,L,5200910050390.028,LLLVALLLILTFLLASLLILI,29179.01707593941,1080.5578639701846,36.69144441697289
LLLYWLLTILVALLLSLLILI,LLLYWLLTILVALLASLLILI,Left,void,,,,,,,,,,,3665.22,4090.19,56.237,44.7167,3604.75,4130.02,111.851,75.5301,-14.8358,1.1e+17,14,L,85.1701,34.42743989,3620.5033,3529.2199,91.2834,2.0,0.4418768138164919,0.1074840744187167,L,3356457798523.709,LLLVALLLILTFLLASLLILI,29471.15811593419,1096.3427210466402,29.92028397793385
LLLLYYLIVLLLTLFLLLILI,LLLLAYLIVLLLTLFLLLILI,Left,void,,,,,,,,,,,3660.73,4326.94,56.6304,54.4483,3488.88,4437.06,161.933,86.7732,-26.7413,1.1e+16,4,Y,84.0269,39.31989266,3606.2817,3402.1068,204.1749,2.0,0.3433240337239042,0.0117392416463492,L,-99.99963095372294,LLLLAVLIFLLATLLSLLILI,28574.23503524272,1224.3144476753127,27.39736835811908
LLLLTLLLFILALLLSVLILI,LLLLTLLLAILALLLSVLILI,Left,void,,,,,,,,,,,3675.56,4531.1,47.291,27.5391,3613.48,4619.11,136.117,86.5867,-9.5277,1.1e+16,8,F,103.7905,20.96945395,3648.0209,3526.8933,121.1276,2.0,0.6374272822993945,0.1517481787043821,L,19949543599633.92,LLLLAVLLFILALLLSTLILI,31586.076906765786,879.8466097986719,43.352328558737
LLLLTLLLFILALLLSVLILI,LLLLTLLLFALALLLSVLILI,Left,void,,,,,,,,,,,3611.12,4615.47,42.4295,84.9035,3613.48,4619.11,79.9651,158.977,-9.5277,1.1e+16,9,I,44.7633,65.47821031,3526.2165,3454.503,71.7135,2.0,0.2788533915492559,0.0150535645492292,L,-24.81510429889169,LLLVALLLFLTALLLSLLILI,28726.76083052692,290.734053751783,21.933465530705835
LLLLVLLLATLYLLLAFLILI,LLLLVLLLATLALLLAFLILI,Left,void,,,,,,,,,,,3781.95,4691.55,58.651,32.7898,3803.59,4840.25,169.393,204.117,-15.9755,1.1e+16,11,Y,97.478,25.17107067,3749.1602,3599.473,149.6872,2.0,0.3432441988838393,0.1214645315031095,L,-25.001587906331352,LLLLTLLLFILALLLSVLILI,28618.595951863324,1340.8315752283368,21.04592496231308
LLLLALLTVLLALLFSLLILI,LLLLALLTVLAALLFSLLILI,Left,void,,,,,,,,,,,3746.29,4576.7,59.1906,104.866,3798.31,4633.76,119.215,221.691,-16.6884,1.1e+17,10,L,23.7054,81.56246257,3641.424,3576.619,64.805,2.0,0.2883413942593169,0.0175014595013828,L,-51.12543266514088,LLLTSLLAVLLALLFSLLILI,28455.76421842423,774.6228671211703,22.567820426966005
LLLLALLTVLLALLFSLLILI,LLLLALLTALLALLFSLLILI,Left,void,,,,,,,,,,,3809.02,4634.09,47.6729,63.1243,3798.31,4633.76,66.2721,96.5113,-16.6884,1.1e+17,8,V,68.2053,48.06555415,3745.8957,3701.7987,44.097,2.0,0.2432200942522862,0.1085324273181899,L,-29.74835752689181,LLLTSLLAVLLALLFSLLILI,27912.392981175217,1313.4705220335654,26.1658781756406
LLLLYFLLLVLATLLLSLILI,LLLLAFLLLVLATLLLSLILI,Left,void,,,,,,,,,,,3429.92,4146.49,45.4639,32.5695,3402.28,4292.52,158.374,152.974,-16.1412,1.1e+16,4,Y,105.9057,23.52009602,3397.3505,3249.306,148.0445,2.0,0.166131580254107,0.0493525559376201,L,-30.904575497720067,LLLLWALLFVLATLLSLLILI,27449.45381079935,1123.043827784193,16.439666112007128
LLLLYFLLLVLATLLLSLILI,LLLLYALLLVLATLLLSLILI,Left,void,,,,,,,,,,,3349.88,4151.37,55.1484,57.1141,3402.28,4292.52,153.875,214.394,-16.1412,1.1e+16,5,F,73.1807,43.83451987,3292.7659,3187.886,104.8799,2.0,0.2767481044623152,0.1375733125061042,L,9539914303850.19,LLLLWALLFVLATLLSLLILI,28544.281142691576,719.2043813246657,14.67654028215068
LLLLLLLLFILAVLLSTLILI,LLLLLLLLAILAVLLSTLILI,Left,void,,,,,,,,,,,3674.13,4518.87,61.6635,45.5562,3631.69,4676.05,163.091,110.624,-10.8518,1.1e+16,8,F,85.7734,34.688448,3628.5738,3521.066,107.5078,2.0,0.4570528729265655,0.1264883354049623,L,99999900.0,LLLLLALLLILFVLLSTLILI,30609.640371044803,1338.39751602092,44.690905594545846
LLLLLLLLFILAVLLSTLILI,LLLLALLLFILAVLLSTLILI,Left,void,,,,,,,,,,,3668.66,4624.41,52.9296,15.8069,3631.69,4676.05,111.414,65.5177,-10.8518,1.1e+16,4,L,122.6683,11.41496817,3652.8531,3566.1723,86.6808,2.0,0.2255692232428157,0.0082107114585819,L,-56.33263848515555,LLLLAVLLFLLATLISLLILI,28033.30908493413,763.9175237445446,17.971708344642177
LLLYFLLAVLITLLLSLLILI,LLLYALLAVLITLLLSLLILI,Left,void,,,,,,,,,,,3492.52,4103.51,59.8715,61.12,3473.61,4257.04,160.801,152.455,-10.0268,1.1e+17,4,F,77.3552,44.13786729,3431.4,3321.155,110.245,2.0,0.243667428968029,0.044403327856287,L,-55.196784752705376,LLLTSLLAVLLALLFSLLILI,28376.71871257363,636.0588360836738,22.494165819207097
LLLYFLLAVLITLLLSLLILI,LLLAFLLAVLITLLLSLLILI,Left,void,,,,,,,,,,,3317.78,4067.52,64.9869,69.1621,3473.61,4257.04,185.759,300.436,-10.0268,1.1e+17,3,Y,100.5687,40.74811407,3248.6179,3173.174,75.4439,2.0,0.2509070477089597,0.0544678534803665,L,-53.41783707491646,LLLTSLLAVLLALLFSLLILI,28459.079902426733,334.71791134724106,17.368933093376047
LLLLAILLAVLFLLLSTLILI,LLLLAILLAVLALLLSTLILI,Left,void,,,,,,,,,,,3634.06,4520.72,54.2551,14.7626,3575.62,4574.73,131.533,88.3704,-21.8131,1.1e+16,11,F,115.5052,11.3325012,3619.2974,3487.2496,132.0478,2.0,0.5291216445088404,0.2041518342231466,L,-23.253516770712366,LLLLALLLFVLTWLLSLLILI,30443.325617091086,1064.4098248026407,55.07543961336242
LLLLAILLAVLFLLLSTLILI,LLLLAILLAVLFALLSTLILI,Left,void,,,,,,,,,,,3570.34,4485.91,53.5154,71.8221,3575.62,4574.73,119.435,149.708,-21.8131,1.1e+16,12,L,57.9999,55.3235199,3498.5179,3425.912,72.6059,2.0,0.2151777658435429,0.0150308599982802,L,-36.85018719813824,LLLLALLLFVLTWLLSLLILI,28344.093548748555,324.6298896444468,16.727542322844613
LLLLTILLFLLAVLYLLLILI,LLLLTILLALLAVLYLLLILI,Left,void,,,,,,,,,,,3537.18,4171.17,50.0053,26.4657,3480.29,4263.89,139.487,91.4233,-10.988,1.1e+16,8,F,104.8639,20.15212108,3510.7143,3388.8667,121.8476,2.0,0.3394945551483839,0.203224059868535,L,99999900.0,LLLLWILTYLLAVLLFLLILI,29853.00991814432,1871.310387328298,39.51455351467247
LLLLAYLLLTLAVLLFSLILI,LLLLAALLLTLAVLLFSLILI,Left,void,,,,,,,,,,,3222.84,4075.77,50.377,96.7248,3291.79,4231.88,163.192,276.125,-12.6397,1.1e+16,5,Y,33.57,74.23534938,3126.1152,3015.665,110.4502,2.0,0.2988447747556681,0.1305878567536617,L,-20.43730438248497,LLLLLALLLILFVLLSTLILI,28770.75171485191,607.0553448877366,16.887488799051365
LLLLAYLLLTLAVLLFSLILI,LLLLAYLLLTLAVLLASLILI,Left,void,,,,,,,,,,,3305.28,4071.8,63.5828,45.5443,3291.79,4231.88,165.362,138.13,-12.6397,1.1e+16,15,F,84.1761,35.10958955,3259.7357,3153.66,106.0757,2.0,0.3344871737742251,0.0024271926978248,L,-13.135510497010191,LLLLALLLLFLTVLLSILILI,28637.690244161506,1006.9684963702172,27.49389217612378
LLLLAVLLLTLALLLSFLILI,LLLLAVLLLTLAALLSFLILI,Left,void,,,,,,,,,,,3651.98,4614.47,58.8183,95.4048,3685.71,4694.57,124.175,193.606,-14.752,1.1e+16,12,L,34.4172,73.488931,3556.5752,3492.104,64.4712,2.0,0.1766376081155566,0.07965238386896,L,-20.85865299222179,LLLLAVLLFLLATLISLLILI,27453.45333978061,1275.147402940347,19.05092454459212
LLLLAVLLLTLALLLSFLILI,LLLLAVLLATLALLLSFLILI,Left,void,,,,,,,,,,,3719.97,4610.41,51.5363,35.291,3685.71,4694.57,118.235,40.1222,-14.752,1.1e+16,8,L,96.0386,26.87208367,3684.679,3645.5878,39.0912,2.0,-0.4165178675704896,1.232607477109835,L,99999900.0,LLLLAVLLFLLATLISLLILI,25890.62830224142,9124.31086536047,37.21427983750658
LLLYTLLAVLLLLLASLLILI,LLLYTLLAVLALLLASLLILI,Left,void,,,,,,,,,,,3360.55,4097.14,55.6179,87.8098,3415.2,4159.21,117.07,210.877,-5.78252,1.1e+17,10,L,40.7616,68.29652629,3272.7402,3204.323,68.4172,2.0,0.151051948541462,0.1194622894944248,L,-22.998658191064298,LLLTSLLAVLLALLFSLLILI,27829.810793345765,299.2563593581053,5.44469583194028
LLLYTLLAVLLLLLASLLILI,LLLATLLAVLLLLLASLLILI,Left,void,,,,,,,,,,,3226.82,3968.51,63.9526,95.1667,3415.2,4159.21,185.111,335.662,-5.78252,1.1e+17,3,Y,74.5641,56.06919899,3131.6533,3079.538,52.1153,2.0,0.2125842549458856,0.0269784205337791,L,-32.475809549103175,LLLTSLLAVLLALLFSLLILI,27815.045288712303,1004.4881939684687,18.944657096458062
LLLLVALLTILLSLLFLLILI,LLLLVALLTILLSLLFALILI,Left,void,,,,,,,,,,,3636.81,4603.15,43.4636,63.827,3669.51,4665.32,104.502,165.08,-19.1929,1.1e+16,16,L,65.6358,49.30142095,3572.983,3504.43,68.553,2.0,0.486490604807657,0.0855950418308122,L,99999900.0,LLLLVALLLLLTALLFSLILI,31033.196733200184,1504.796891440393,44.73357766265071
LLLLYVLIALLLLLTSLLILI,LLLLYVLIALLLALTSLLILI,Left,void,,,,,,,,,,,3238.73,4130.31,47.733,60.6545,3244.15,4191.05,106.665,140.346,-22.4441,1.1e+16,12,L,69.1675,46.72127991,3178.0755,3103.804,74.2715,2.0,0.250717297113194,0.0125081833141437,L,9.883505563693577,LLLLAVLIFLLATLLSLLILI,29785.545544171106,2057.071176651851,19.77975273234598
LLLLFVLLITLALLLLSLILI,LLLLFVLLITLALLLASLILI,Left,void,,,,,,,,,,,3365.3,4060.36,63.0001,66.1565,3315.79,4160.9,129.116,74.7259,-7.01664,1.1e+16,15,L,63.5639,50.99930312,3299.1435,3241.0641,58.0794,2.0,0.2894613683767748,0.0638546055118049,L,17494574999899.99,LLLLAVLLFILALLLSTLILI,28222.92896108337,1219.7912940749225,27.36386054985733
LLLYLLLAVLITLLFSLLILI,LLLYLLLAVLITLLASLLILI,Left,void,,,,,,,,,,,3515.01,4158.91,56.0767,33.4956,3451.95,4255.62,144.438,98.3989,-12.5799,1.1e+17,14,F,96.3912,25.78830181,3481.5144,3353.5511,127.9633,2.0,0.3331143231286786,0.04147576911604,L,-41.66374030993364,LLLTSLLAVLLALLFSLLILI,28719.198287589323,876.2180219774045,24.842915127921835
LLLYLLLAVLITLLFSLLILI,LLLYLLLAVLATLLFSLLILI,Left,void,,,,,,,,,,,3431.67,4228.8,41.9437,64.6461,3451.95,4255.62,90.075,154.378,-12.5799,1.1e+17,10,I,63.9253,50.28031117,3367.0239,3297.572,69.4519,2.0,0.1787340121213749,0.0104383260152604,L,-49.564835281412606,LLLTSLLAVLLALLFSLLILI,27441.409024332643,1205.150209106673,15.220028992612406
LLLLAYLVILLFTLLSLLILI,LLLLAYLVILLATLLSLLILI,Left,void,,,,,,,,,,,3594.44,4140.79,53.4908,32.7559,3555.05,4240.01,146.696,111.792,-8.13862,1.1e+16,11,F,97.5119,25.14504736,3561.6841,3443.258,118.4261,2.0,0.2115864164557584,0.0377827806332588,L,-44.78575700320071,LLLVALLTILLALLFSLLILI,28239.852227719417,286.9701034838394,15.11821046048416
LLLLAYLVILLFTLLSLLILI,LLLLAYLVALLFTLLSLLILI,Left,void,,,,,,,,,,,3556.48,4226.34,48.8197,71.1603,3555.05,4240.01,90.3701,142.28,-8.13862,1.1e+16,8,I,60.1693,54.18450981,3485.3197,3412.77,72.5497,2.0,0.5456046282653133,0.2949039315577686,L,-51.34102317558782,LLLLAVLLFLLATLISLLILI,30106.458679020605,2089.366105757518,27.56525128088782
LLLLYVLIALLTLLFSLLILI,LLLLAVLIALLTLLFSLLILI,Left,void,,,,,,,,,,,3522.65,4093.21,57.0157,45.3331,3543.69,4249.12,171.15,202.528,-5.87878,1.1e+16,4,Y,93.1421,32.73734214,3477.3169,3341.162,136.1549,2.0,0.687707092176608,0.1231500792659549,L,99999900.0,LLLVALLTILLALLFSLLILI,32150.71220880788,1021.7119489832254,63.360204350853486
LLLLYVLIALLTLLFSLLILI,LLLLYVLAALLTLLFSLLILI,Left,void,,,,,,,,,,,3537.13,4229.12,48.196,95.231,3543.69,4249.12,93.0398,175.9,-5.87878,1.1e+16,7,I,34.3644,73.48331808,3441.899,3367.79,74.109,2.0,0.1351731951772728,0.14922541539268,L,20581608333233.32,LLLTSLLAVLLALLFSLLILI,28887.22020542109,1735.4939582400127,2.425104156554996
LLLLAVLLALLLILLSTLILI,LLLLAVLLAALLILLSTLILI,Left,void,,,,,,,,,,,3622.44,4534.83,41.1476,78.9125,3641.85,4552.52,89.408,176.01,-11.7216,1.1e+16,9,L,50.7543,60.85790657,3543.5275,3465.84,77.6875,2.0,0.1181595459184304,0.0028132441800139,L,-56.61534124007596,LLLLAVLLFILALLLSTLILI,27587.62051751992,512.4961089769103,9.50012002052893
LLLLAVLLALLLILLSTLILI,LLLLAVLLALLAILLSTLILI,Left,void,,,,,,,,,,,3687.99,4531.65,48.3445,23.8312,3641.85,4552.52,96.9429,53.517,-11.7216,1.1e+16,11,L,106.4366,18.29400665,3664.1588,3588.333,75.8258,2.0,0.3332908369846485,0.0038107143971228,L,-42.312493506154205,LLLLAVLLFLLATLISLLILI,28873.049257821305,612.8878609688825,27.47606146529627
LLLLVALLTILFYLLSLLILI,LLLLVALLTILAYLLSLLILI,Left,void,,,,,,,,,,,3659.81,4679.01,57.7491,96.0537,3684.92,4807.8,151.887,220.752,-28.6879,1.1e+16,11,F,34.2141,73.73556627,3563.7563,3464.168,99.5883,2.0,1.2004760595403965,0.97241732251206,L,99999900.0,LLLLLALLLILFVLLSTLILI,38489.968288069096,6921.130678271346,41.941507367947466
LLLLFALLTILVALLSLLILI,LLLLAALLTILVALLSLLILI,Left,void,,,,,,,,,,,3661.71,4541.56,52.1196,104.339,3723.72,4677.18,153.538,264.44,-10.6134,1.1e+16,4,F,34.1362,75.34851006,3557.371,3459.28,98.091,2.0,0.2876224449429554,0.0871000484957397,L,22795790908990.91,LLLLALLLFVLTWLLSLLILI,27734.5285033012,2085.684772854965,18.484456514724272
LLLLFALLTILVALLSLLILI,LLLLFALLTALVALLSLLILI,Left,void,,,,,,,,,,,3788.78,4661.47,47.6788,62.4032,3723.72,4677.18,88.1579,92.3088,-10.6134,1.1e+16,9,I,67.2636,48.1258117,3726.3768,3631.4112,94.9656,2.0,0.8390573849695239,0.26699486345703,L,-45.09280024487715,LLLLLALLFVLTWLLSLLILI,32984.83891082969,1688.6290692607529,53.17695073511089
LLLLYYLTALLFVLLILLILI,LLLLAYLTALLFVLLILLILI,Left,void,,,,,,,,,,,3624.95,4231.15,63.5287,64.4959,3476.75,4339.96,167.178,110.733,-24.8151,1.1e+16,4,Y,73.9793,46.57577675,3560.4541,3366.017,194.4371,2.0,0.5320401599896813,0.3093813730178567,L,22452663636263.64,LLLLWILTYLLAVLLFLLILI,31787.15068342513,2946.0100740181592,61.399054486275375
LLLLYYLTALLFVLLILLILI,LLLLYALTALLFVLLILLILI,Left,void,,,,,,,,,,,3462.15,4167.39,50.0246,82.2578,3476.75,4339.96,165.682,234.262,-24.8151,1.1e+16,5,Y,48.037,63.13206667,3379.8922,3242.488,137.4042,2.0,0.2446236053694825,0.0533376378514519,L,99999900.0,LLLLWILTYLLAVLLFLLILI,28162.27243723024,764.9827635869223,16.92044385999844
LLLLVALLLILFLLLSTLILI,LLLLVALLLILALLLSTLILI,Left,void,,,,,,,,,,,3650.85,4633.25,49.6521,78.5125,3699.28,4750.2,145.754,226.006,-10.2748,1.1e+16,11,F,51.7553,60.27007442,3572.3375,3473.274,99.0635,2.0,0.1694676313954696,0.2107944895473605,L,-36.02487587013496,LLLLLALLLILFVLLSTLILI,27614.585373696274,1571.302265722714,26.047933274020536
LLLLVALLLILFLLLSTLILI,LLLLVALLAILFLLLSTLILI,Left,void,,,,,,,,,,,3738.51,4697.47,50.9418,25.332,3699.28,4750.2,106.194,57.5492,-10.2748,1.1e+16,8,L,105.9976,19.28887319,3713.178,3641.7308,71.4472,2.0,0.459096207144837,0.2623425068617138,L,99999900.0,LLLLLALLLILFVLLSTLILI,31060.332124547866,1779.3008388081637,22.373684468030028
LLLAALLYLLTSLLFVLLILI,LLLAALLALLTSLLFVLLILI,Left,void,,,,,,,,,,,3647.59,4520.63,54.9909,16.3058,3658.98,4698.77,172.282,186.504,-8.01353,1.1e+17,7,Y,113.2896,12.58208239,3631.2842,3472.476,158.8082,2.0,0.2145347699076396,0.0271992552649629,L,-11.445034988726514,LLLVALLLLLTFLLASLLILI,28181.367078614167,410.4036759487459,15.971316715677537
LLLAALLYLLTSLLFVLLILI,LLLAALLYALTSLLFVLLILI,Left,void,,,,,,,,,,,3680.85,4638.35,46.6369,24.9355,3658.98,4698.77,105.678,51.5022,-8.01353,1.1e+17,8,L,106.3941,18.98696105,3655.9145,3607.4778,48.4367,2.0,0.4261996653281833,0.0638606881172983,L,14750217646958.812,LLLVALLLLLTALLFSLLILI,31330.01469889614,2687.0975533667893,38.54633400095342
LLLYALLFLLTSLLFSLLILI,LLLYALLFALTSLLFSLLILI,Left,void,,,,,,,,,,,3328.21,4347.19,47.7798,54.8411,3333.85,4405.53,106.119,143.813,-25.8072,1.1e+17,8,L,76.4885,41.75836978,3273.3689,3190.037,83.3319,2.0,0.1664126139161217,0.1916329845408008,L,10405005106456.12,LLLVALLLILTFLLASLLILI,27165.549687311614,1789.9692709579167,2.5275500735064065
LLLYALLFLLTSLLFSLLILI,LLLYALLALLTSLLFSLLILI,Left,void,,,,,,,,,,,3371.39,4253.78,58.3829,13.1901,3333.85,4405.53,162.682,58.93,-25.8072,1.1e+17,7,F,116.4053,10.17790755,3358.1999,3274.92,83.2799,2.0,0.125494365825512,0.1256901209921588,L,11949883956524.73,LLLTSLLAVLLALLFSLLILI,27270.169340160293,940.314822222843,2.994532373054046
LLLLYVLLLILATLLFSLILI,LLLLAVLLLILATLLFSLILI,Left,void,,,,,,,,,,,3316.99,4116.8,47.5294,28.8061,3301.63,4259.01,157.712,150.708,-15.1973,1.1e+16,4,Y,109.6691,20.80235306,3288.1839,3150.922,137.2619,2.0,0.2251974322380764,0.0394415237220617,L,-44.49233510582419,LLLLAVLLFLLATLISLLILI,28313.489357889684,600.3694143718108,20.69681632281549
LLLLYVLLLILATLLFSLILI,LLLLYVLLLILATLLASLILI,Left,void,,,,,,,,,,,3315.95,4097.68,63.6825,57.7271,3301.63,4259.01,166.065,158.599,-15.1973,1.1e+16,15,F,71.9933,44.50117329,3258.2229,3143.031,115.1919,2.0,0.2092211261858713,0.1641886518403569,L,-67.39956973795896,LLLLAVLLFILALLLSTLILI,27648.80588956729,1433.4559289668116,7.615305949746004
LLLTSLLAVLIALLFLLLILI,LLLTSLLAVLIALLALLLILI,Left,void,,,,,,,,,,,3234.65,3961.41,51.9688,5.34232,3212.64,4105.94,152.453,58.198,-9.84837,1.1e+17,14,F,124.54448,4.113058448,3229.30768,3154.442,74.86568,2.0,0.4052382671056093,0.2188121686046046,L,-19.210582262489933,LLLTSLLAVLLALLFSLLILI,29672.22434492164,1004.0641172135546,20.486476125486988
LLLTSLLAVLIALLFLLLILI,LLLTSLLAVLAALLFLLLILI,Left,void,,,,,,,,,,,3193.42,4048.92,60.1332,84.294,3212.64,4105.94,115.343,171.633,-9.84837,1.1e+17,10,I,44.2774,65.56201457,3109.126,3041.007,68.119,2.0,0.2114501795014317,0.0739170029843407,L,-27.166903068496385,LLLTSLLAVLLALLFSLLILI,27841.903906949155,932.6943047699834,13.017591525722104
LLLLAVLIFLLATLLSLLILI,LLLLAVLIFLLATLASLLILI,Left,void,,,,,,,,,,,3425.85,3999.87,59.4622,67.5816,3416.8,4063.89,121.97,145.666,-6.42817,1.1e+16,14,L,62.3052,52.03115328,3358.2684,3271.134,87.1344,2.0,0.1507510851401101,0.0263846135127517,L,-47.93387959007386,LLLLAVLLFLLATLISLLILI,27421.78646477485,905.6849255421552,10.802350831614756
LLLLAVLIFLLATLLSLLILI,LLLLAVLIALLATLLSLLILI,Left,void,,,,,,,,,,,3318.46,3928.98,55.3197,65.1888,3416.8,4063.89,154.154,248.4,-6.42817,1.1e+16,8,F,66.1408,49.63755315,3253.2712,3168.4,84.8712,2.0,0.3663574104711308,0.1251696214142769,L,-49.97652051913023,LLLLAVLLFLLATLISLLILI,28534.25423714504,1612.701922866985,37.1977984357217
LLLLFLLLAILLVLLSTLILI,LLLLALLLAILLVLLSTLILI,Left,void,,,,,,,,,,,3700.64,4563.0,53.462,29.9668,3637.41,4695.37,149.518,60.4872,-9.42978,1.1e+16,4,F,108.5084,21.64055369,3670.6732,3576.9228,93.7504,2.0,0.2221529833905705,0.273150731252426,L,-27.384261929848048,LLLLALLLFVLTWLLSLLILI,27979.653247442144,1490.9182207530555,2.372059727524664
LLLLFLLLAILLVLLSTLILI,LLLLFLLLAILAVLLSTLILI,Left,void,,,,,,,,,,,3674.98,4631.22,59.344,35.1312,3637.41,4695.37,121.412,81.0488,-9.42978,1.1e+16,11,L,95.1366,26.968445,3639.8488,3556.3612,83.4876,2.0,0.166661352439188,0.0690620218900884,L,-32.11166097520595,LLLLLALLLILFVLLSTLILI,27560.31914025528,864.1720926902603,9.63561285818733
LLLLSYLLFVLATLLLILILI,LLLLSALLFVLATLLLILILI,Left,void,,,,,,,,,,,3215.5,4105.24,58.9521,106.749,3242.8,4269.22,171.423,260.971,-13.3019,1.1e+16,5,Y,23.5458,81.92882602,3108.751,2981.829,126.922,2.0,0.3688267052491693,0.0872284192420462,L,-58.09227535942188,LLLLLALLFVLTSLLAILILI,28409.12073553975,1795.0707870351218,35.20576405123693
LLLLSYLLFVLATLLLILILI,LLLLSYLLAVLATLLLILILI,Left,void,,,,,,,,,,,3276.82,4129.67,56.5334,26.1161,3242.8,4269.22,158.175,104.696,-13.3019,1.1e+16,8,F,105.2135,19.88592062,3250.7039,3138.104,112.5999,2.0,0.2932818639944634,0.0336341894598904,L,99999900.0,LLLLWALLFVLATLLSLLILI,28683.978676654937,451.90837487429366,22.038957460846927
LLLLAYLIFLLWTLVLLLILI,LLLLAYLIFLLATLVLLLILI,Left,void,,,,,,,,,,,3660.71,4267.42,41.9363,11.0567,3579.99,4349.95,151.232,85.1051,-12.3295,1.1e+16,11,W,119.2111,8.487669248,3649.6533,3494.8849,154.7684,2.0,0.3284402920832979,0.0051196024003985,L,-12.037644439862795,LLLLAVLLFLLATLISLLILI,28811.94600348156,657.5402168821888,27.15508287245673
LLLLAYLIFLLWTLVLLLILI,LLLLAYLIALLWTLVLLLILI,Left,void,,,,,,,,,,,3543.41,4299.72,40.6789,43.9242,3579.99,4349.95,117.127,186.629,-12.3295,1.1e+16,8,F,87.4054,33.44577308,3499.4858,3393.361,106.1248,2.0,0.914751020068072,0.1086332698717565,L,16590145934476.707,LLLLAVLIFLLATLLSLLILI,33900.41898643036,1253.5594739329956,68.52432114481383
LLLALLLTVLTSLLFLLLILI,LLLALLLTVLTSLLFALLILI,Left,void,,,,,,,,,,,3266.2,4116.34,56.0024,79.3792,3260.05,4163.02,110.122,146.546,-10.5163,1.1e+17,15,L,50.3412,61.1925341,3186.8208,3113.504,73.3168,2.0,0.2898284929520927,0.0168495995642502,L,-62.45324779251597,LLLYWLLTVLLALLFSLLILI,28460.919493707817,783.2768922161212,22.727125798477044
LLLALLLTVLTSLLFLLLILI,LLLALLLTVLTSLLALLLILI,Left,void,,,,,,,,,,,3292.54,4019.86,53.1013,12.2284,3260.05,4163.02,152.474,45.851,-10.5163,1.1e+17,14,F,117.6584,9.414659534,3280.3116,3214.199,66.1126,2.0,0.2787421369284084,0.0063117334386817,L,-11.315045200842906,LLLLALLYVLTFLLASLLILI,28341.71142513411,855.3310446891344,22.42986775392823
LLLLVLLLLTLIALLSFLILI,LLLLVLLLLTLIALLSALILI,Left,void,,,,,,,,,,,3636.82,4539.75,44.0998,87.9111,3736.53,4641.37,137.209,272.56,-18.19,1.1e+16,16,F,41.5517,67.90452547,3548.9089,3463.97,84.9389,2.0,0.3310802367484924,0.0119796336685689,L,-33.8851254894263,LLLLALLLLFLTVLLSILILI,28497.654675276463,1200.705391876397,27.767655478644222
LLLLVALLLLLTSLLFLLILI,LLLLVALLLLLTSLLALLILI,Left,void,,,,,,,,,,,3589.58,4589.78,42.5075,16.4678,3536.64,4657.33,126.065,93.2492,-31.8215,1.1e+16,15,F,113.2526,12.69484214,3573.1122,3443.3908,129.7214,2.0,0.3633889141411641,0.3160873104705609,L,-38.63849861743758,LLLLLALLFVLTSLLAILILI,29224.431226874603,1576.4020004262252,11.439159697243811
LLLLVALLLLLTSLLFLLILI,LLLLVALLLLLTSLLFALILI,Left,void,,,,,,,,,,,3541.8,4618.33,43.046,39.1219,3536.64,4657.33,96.9491,130.248,-31.8215,1.1e+16,16,L,69.2052,46.54433552,3502.6781,3406.392,96.2861,2.0,0.3106001674468197,0.0854872505531138,L,-21.834989007120377,LLLLLALLFVLTSLLAILILI,28630.17365695407,826.0588425515682,20.456778938204888
LLLYWLLTLLVALLLSLLILI,LLLYALLTLLVALLLSLLILI,Left,void,,,,,,,,,,,3565.04,4154.07,49.0044,35.0175,3560.96,4162.98,121.528,176.36,-8.9373,1.1e+17,4,W,103.4577,25.28792159,3530.0225,3384.6,145.4225,2.0,0.3701587635131795,0.0901276628546053,L,11691929410546.94,LLLVALLTILLALLFSLLILI,29046.97138910513,870.0188544604171,25.059000537823305
LLLYWLLTLLVALLLSLLILI,LLLYWLLTLLVALLASLLILI,Left,void,,,,,,,,,,,3601.98,4122.82,56.1918,41.6183,3560.96,4162.98,111.661,90.5451,-8.9373,1.1e+17,14,L,88.2685,32.04197809,3560.3617,3470.4149,89.9468,2.0,0.3673709044443451,0.1052664667927356,L,7852868423010.77,LLLVALLTILLALLFSLLILI,29185.96024703023,661.4481494190546,23.95560806736387
LLLLIFLLAVLYLLLSTLILI,LLLLIFLLAVLALLLSTLILI,Left,void,,,,,,,,,,,3768.88,4687.07,54.2045,11.4315,3721.36,4830.13,163.284,127.973,-13.2821,1.1e+16,11,Y,118.8363,8.775384247,3757.4485,3593.387,164.0615,2.0,0.1945777013726159,0.1086825322544687,L,14750217646958.812,LLLLIFLLWLLTALLSVLILI,28252.22155741664,1006.1805974675596,22.19670277070061
LLLLIFLLAVLYLLLSTLILI,LLLLIALLAVLYLLLSTLILI,Left,void,,,,,,,,,,,3619.68,4668.55,61.7223,87.3256,3721.36,4830.13,164.684,263.654,-13.2821,1.1e+16,5,F,42.9692,67.0215542,3532.3544,3457.706,74.6484,2.0,0.7898000190283672,0.1116603961222185,L,99999900.0,LLLLLALLLILFVLLSTLILI,33200.18281880222,1402.6160862044712,58.13109055130017
LLLLYLLVTLLAILLFLLILI,LLLLYLLVTLLAILLALLILI,Left,void,,,,,,,,,,,3386.16,4186.59,59.7465,43.6675,3359.08,4336.36,159.469,135.186,-12.0804,1.1e+16,15,F,86.0529,33.6627855,3342.4925,3223.894,118.5985,2.0,0.3481815125430245,0.4680405964306146,L,99999900.0,LLLLYLLVILLATLLFLLILI,30650.30412688121,2702.588593302649,1.408768041344887
LLLLAILLALLFVLTSLLILI,LLLLAALLALLFVLTSLLILI,Left,void,,,,,,,,,,,3640.68,4616.03,48.6703,87.6122,3639.74,4628.62,87.9453,157.118,-19.5332,1.1e+16,5,I,42.6826,67.24151693,3553.0678,3482.622,70.4458,2.0,0.3250469388333414,0.1002556313602876,L,-23.75818131910016,LLLLAVLLFLLATLISLLILI,28559.36324409046,1160.7531499379536,20.784212056735065
LLLLAILLALLFVLTSLLILI,LLLLAILAALLFVLTSLLILI,Left,void,,,,,,,,,,,3575.99,4563.95,59.8416,106.672,3639.74,4628.62,122.082,230.973,-19.5332,1.1e+16,7,L,22.9234,82.31156353,3469.318,3408.767,60.551,2.0,0.4531929121099654,0.0109437739393202,L,-18.025681933471088,LLLLAYLVILLFTLLSLLILI,29823.04913202218,412.958910093182,36.42817337553728
LLLLAVLLFLLATLISLLILI,LLLLAVLLALLATLISLLILI,Left,void,,,,,,,,,,,3630.57,4480.36,55.0671,30.5493,3602.91,4616.17,154.29,114.42,-7.80654,1.1e+16,8,F,100.7803,23.26154957,3600.0207,3488.49,111.5307,2.0,0.4602509359965805,0.0319758359474025,L,-52.04699134582821,LLLLAVLLFLLATLISLLILI,29528.0922111614,1037.904448655651,35.78917268146669
LLLLAVLLFLLATLISLLILI,LLLLAVLAFLLATLISLLILI,Left,void,,,,,,,,,,,3572.52,4553.59,59.3499,54.9713,3602.91,4616.17,121.182,169.633,-7.80654,1.1e+16,7,L,74.6241,42.41763211,3517.5487,3433.277,84.2717,2.0,0.2895604987736082,0.1403504900620182,L,-47.77102639507767,LLLLAVLLFLLATLISLLILI,28489.57214643686,961.2911425359556,15.563714833717398
LLLLYILTFLLAVLLLLLILI,LLLLAILTFLLAVLLLLLILI,Left,void,,,,,,,,,,,3319.61,4143.38,62.6799,39.6284,3289.29,4324.19,180.187,151.16,-16.6978,1.1e+16,4,Y,98.8468,28.6176875,3279.9816,3138.13,141.8516,2.0,0.4346599834637229,0.0431444244442252,L,-67.30194414429896,LLLLAVLLFLLATLISLLILI,29595.058899863903,624.1861687187165,33.050578804532
LLLLYILTFLLAVLLLLLILI,LLLLYILTALLAVLLLLLILI,Left,void,,,,,,,,,,,3317.47,4206.39,53.4024,17.7852,3289.29,4324.19,148.793,106.748,-16.6978,1.1e+16,8,F,113.5444,13.54241542,3299.6848,3182.542,117.1428,2.0,-0.2639245037184494,1.4484070817975223,L,99999900.0,LLLLWILTYLLAVLLFLLILI,26736.28927988789,9814.965502983025,62.17170005635376
LLLFALLTILLSLLYVLLILI,LLLFALLTILLSLLAVLLILI,Left,void,,,,,,,,,,,3753.99,4557.15,48.1617,31.0148,3723.98,4698.86,157.516,142.332,-16.7599,1.1e+17,14,Y,98.872,23.87833098,3722.9752,3581.648,141.3272,2.0,0.277945083904585,0.2362084572163189,L,-38.64230333366815,LLLVALLLILTFLLASLLILI,28671.54472124548,1031.2984846843904,9.07080429679341
LLLFALLTILLSLLYVLLILI,LLLAALLTILLSLLYVLLILI,Left,void,,,,,,,,,,,3668.54,4578.29,53.5214,110.266,3723.98,4698.86,152.248,267.452,-16.7599,1.1e+17,3,F,59.4648,64.96522729,3558.274,3456.528,101.746,2.0,0.2102331534889324,0.0799877098239809,L,-19.184394319073565,LLLVALLTILLALLFSLLILI,27936.8105820958,761.4890986378765,12.567024751790456
LLLVALLLLLFLLLTSLLILI,LLLVALLLLLALLLTSLLILI,Left,void,,,,,,,,,,,3243.91,4053.28,48.6665,80.1351,3307.39,4165.2,143.366,238.914,-7.38901,1.1e+17,10,F,48.4363,62.32731385,3163.7749,3068.476,95.2989,2.0,0.3955238717020761,0.0485458112622682,L,-40.001964922554734,LLLVALLLILTFLLASLLILI,29083.001590282427,988.7722991448802,35.1521533150426
LLLVALLLLLFLLLTSLLILI,LLLVALLLALFLLLTSLLILI,Left,void,,,,,,,,,,,3302.34,4127.2,43.4556,59.7245,3307.39,4165.2,94.648,133.705,-7.38901,1.1e+17,8,L,71.6051,45.47680036,3242.6155,3173.685,68.9305,2.0,0.2681517505699262,0.1458587786537344,L,-10.87571875424263,LLLVALLLILTFLLASLLILI,28197.7215781366,1284.8206487072553,30.363140940336653
LLLLFVLLALLTILYSLLILI,LLLLAVLLALLTILYSLLILI,Left,void,,,,,,,,,,,3982.26,4629.9,57.6979,103.834,3894.44,4774.81,157.084,160.519,-8.89267,1.1e+16,4,F,34.6412,74.98382382,3878.426,3733.921,144.505,2.0,0.414370458327078,0.4831118052873207,L,99999900.0,LLLLAVLLFLLATLISLLILI,30933.52937424485,2633.0990478216936,5.950037792452605
LLLLVLLLAILFTLLSLLILI,LLLLVLLLAILFTLLSALILI,Left,void,,,,,,,,,,,3672.02,4701.6,42.1976,83.7016,3686.7,4720.98,89.937,174.577,-17.1477,1.1e+16,16,L,45.7612,64.65301229,3588.3184,3512.123,76.1954,2.0,0.1311361754646391,0.1161045904724257,L,-33.48839622106686,LLLLLALLLILFVLLSTLILI,27566.98714878624,481.4996251289762,4.010193347563529
LLLLVLLLAILFTLLSLLILI,LLLLVLLLAILATLLSLLILI,Left,void,,,,,,,,,,,3724.59,4578.42,54.4783,47.8689,3686.7,4720.98,157.272,81.2355,-17.1477,1.1e+16,11,F,82.3989,36.74653291,3676.7211,3605.4645,71.2566,2.0,0.3940061944407969,0.1900818083709785,L,13930761111011.104,LLLLAVLLFLLATLISLLILI,28761.28205361069,1679.977127898849,43.21242468727481
LLLLYLLTALLFVLISLLILI,LLLLYALTALLFVLISLLILI,Left,void,,,,,,,,,,,3325.22,4209.03,50.5171,41.4123,3315.81,4291.58,116.099,95.3015,-19.9231,1.1e+16,5,L,88.8825,31.7835401,3283.8077,3220.5085,63.2992,2.0,0.4189246677637508,0.1915271136146196,L,22795790908990.91,LLLLALLTILLFVLASLLILI,28653.654274928234,2408.958772269324,23.183487011721084
LLLLFVLLWTLALLLSILILI,LLLLAVLLWTLALLLSILILI,Left,void,,,,,,,,,,,3647.76,4646.74,58.0314,37.2639,3619.06,4792.03,156.88,92.957,-12.5287,1.1e+16,4,F,101.2113,26.91016153,3610.4961,3526.103,84.3931,2.0,0.656961353261546,0.2103767404319088,L,11871538533902.09,LLLLAVLLFLLATLISLLILI,30745.41282470776,1389.084020825594,65.88981469889494
LLLYALLFLLVILLWSLLILI,LLLYALLFLLVILLASLLILI,Left,void,,,,,,,,,,,3641.91,4232.74,55.3542,42.2649,3594.75,4285.26,143.214,123.507,-16.3167,1.1e+17,14,W,87.6219,32.53979619,3599.6451,3471.243,128.4021,2.0,0.2039232374189107,0.1035044093315593,L,19890075513525.508,LLLVALLLILTFLLASLLILI,27817.463582060667,930.4962630368692,10.691151504886088
LLLYALLFLLVILLWSLLILI,LLLYALLFALVILLWSLLILI,Left,void,,,,,,,,,,,3541.74,4228.8,44.1119,84.681,3594.75,4285.26,103.99,200.048,-16.3167,1.1e+17,8,L,46.6486,64.47975171,3457.059,3394.702,62.357,2.0,0.3926405027055883,0.0447201819348756,L,16.269405089327368,LLLFALLTILVALLLSLLILI,29093.505196918613,969.9543230465608,29.523210090574715
LLLLYLLLFILAVLLSTLILI,LLLLYLLLAILAVLLSTLILI,Left,void,,,,,,,,,,,3622.14,4533.91,62.171,45.0407,3593.22,4690.09,163.359,127.178,-11.9998,1.1e+16,8,F,94.997,27.07560886,3577.0993,3466.042,111.0573,2.0,0.2100480917467581,0.0668304721251008,L,99999900.0,LLLLLALLLILFVLLSTLILI,28297.99921954512,133.04621080267322,13.312714100572306
LLLLALLTALLYVLFSLLILI,LLLLALLTALLAVLFSLLILI,Left,void,,,,,,,,,,,3623.14,4584.16,52.1914,32.7049,3609.16,4669.75,151.06,155.127,-19.2386,1.1e+16,11,Y,97.5629,25.10589724,3590.4351,3454.033,136.4021,2.0,0.3193667876089633,0.0272338020567393,L,-51.93077710416596,LLLTSLLAVLLALLFSLLILI,28854.493759665525,470.4657499535802,24.542223685393303
LLLLALLTALLYVLFSLLILI,LLLLALLTALLYVLASLLILI,Left,void,,,,,,,,,,,3554.45,4611.75,56.0088,92.935,3609.16,4669.75,132.803,244.032,-19.2386,1.1e+16,14,F,36.9518,71.55076574,3461.515,3365.128,96.387,2.0,0.6090400556872395,0.0721616087156422,L,10995298717289.162,LLLVALLTILLALLFSLLILI,30746.90866119141,933.317257837081,45.63302050319855
LLLLVLLLTILFLLLSALILI,LLLLVLLLTILALLLSALILI,Left,void,,,,,,,,,,,3700.71,4606.6,47.9726,84.9804,3763.46,4721.47,142.811,244.951,-6.32601,1.1e+16,11,F,45.2874,65.23515404,3615.7296,3518.509,97.2206,2.0,-0.5707083108754106,1.0145492609996956,L,99999900.0,LLLLAVLLFILALLLSTLILI,23029.87008005709,6764.88490257976,11.995649156931298
LLLLVLLLAILTFLLSLLILI,LLLLVLLLAILTALLSLLILI,Left,void,,,,,,,,,,,3328.83,4003.32,47.2962,20.538,3302.48,4089.18,134.12,90.58,-7.01837,1.1e+16,12,F,109.284,15.82012294,3308.292,3211.9,96.392,2.0,0.4617754690604208,0.1878869800958162,L,17166708838427.695,LLLLIFLLWLLTALLSVLILI,29590.44796351148,1234.031751158404,48.62751239767457
LLLLVLLLAILTFLLSLLILI,LLLLVLLLAALTFLLSLLILI,Left,void,,,,,,,,,,,3309.05,4078.95,47.3547,83.4488,3302.48,4089.18,85.39,148.104,-7.01837,1.1e+16,9,I,46.218,64.35633485,3225.6012,3154.376,71.2252,2.0,-0.0065423073406581,0.3363838593930617,L,16716913333233.344,LLLLALLLFVLTWLLSLLILI,28155.099560541843,3745.579932852665,18.91653557187857
LLLYALLFVLLILLFSLLILI,LLLYALLFVLLILLASLLILI,Left,void,,,,,,,,,,,3668.55,4219.63,54.7308,56.3895,3601.3,4357.76,152.534,79.2841,-10.6362,1.1e+17,14,F,73.4973,43.41434234,3612.1605,3522.0159,90.1446,2.0,0.2060008197415218,0.076529492539544,L,-32.300858775807825,LLLTSLLAVLLALLFSLLILI,27824.79487116567,898.3315522278488,12.42088788853594
LLLYALLFVLLILLFSLLILI,LLLYALLFVLAILLFSLLILI,Left,void,,,,,,,,,,,3569.85,4307.95,52.8441,72.0328,3601.3,4357.76,110.759,178.958,-10.6362,1.1e+17,10,L,56.5386,56.02552356,3497.8172,3422.342,75.4752,2.0,0.1710968459664619,0.0226939866012748,L,-49.54063557977824,LLLTSLLAVLLALLFSLLILI,27619.42284594185,816.0313421754246,12.67958930381369
LLLLFILLAVLLTLLLSLILI,LLLLFILLAVLATLLLSLILI,Left,void,,,,,,,,,,,3358.38,4154.43,59.9283,28.2201,3318.17,4217.06,121.594,65.4121,-10.64,1.1e+16,11,L,102.0477,21.66314316,3330.1599,3252.7579,77.402,2.0,0.1776413303761801,0.0148791601793181,L,-5.299085872138979,LLLLWALLFVLATLLSLLILI,28140.34266906852,535.9044274532166,15.387465417682852
LLLLFILLAVLLTLLLSLILI,LLLLFALLAVLLTLLLSLILI,Left,void,,,,,,,,,,,3265.09,4162.2,58.0355,102.026,3318.17,4217.06,112.303,212.039,-10.64,1.1e+16,5,I,28.2688,78.30396915,3163.064,3106.131,56.933,2.0,0.3387228221337194,0.1337984561695216,L,-62.46625688860482,LLLLWALLFVLATLLSLLILI,28961.241958214625,782.3875011496175,19.96296309537758
LLLLAILLLLLTVLFSLLILI,LLLLAILLLLLTVLASLLILI,Left,void,,,,,,,,,,,3610.42,4507.68,46.8893,94.2735,3682.53,4615.65,142.55,259.456,-19.0411,1.1e+16,14,F,35.6133,72.58127847,3516.1465,3423.074,93.0725,2.0,0.2393241078536488,0.6257771779480433,L,99999900.0,LLLLAVLLFLLATLISLLILI,27325.718423953705,3725.842367258864,55.7571865102645
LLLLAILLLLLTVLFSLLILI,LLLLAALLLLLTVLFSLLILI,Left,void,,,,,,,,,,,3682.55,4595.54,42.3298,79.703,3682.53,4615.65,87.5044,152.523,-19.0411,1.1e+16,5,I,50.5918,61.17128235,3602.847,3530.007,72.84,2.0,0.1029370209967771,0.0760336134209039,L,-28.878435953117897,LLLLAVLLFLLATLISLLILI,27208.75186935486,701.770613622194,4.021258268746042
LLLFALLLVLISLLLTLLILI,LLLAALLLVLISLLLTLLILI,Left,void,,,,,,,,,,,3299.54,3990.83,52.4215,96.088,3345.5,4075.5,141.768,240.809,-11.8052,1.1e+17,3,F,73.6428,56.61199971,3203.452,3104.691,98.761,2.0,0.3859812068476527,0.0410011276358601,L,-14.212194604396014,LLLYTLLAVLIALLLSLLILI,29874.897726973853,716.6401220564941,33.935502890295986
LLLFALLLVLISLLLTLLILI,LLLFALLLVLISLLATLLILI,Left,void,,,,,,,,,,,3387.35,4037.06,56.594,33.6139,3345.5,4075.5,111.74,70.7392,-11.8052,1.1e+17,14,L,96.2729,25.87938112,3353.7361,3274.7608,78.9753,2.0,0.3554137902033202,0.0051524427532321,L,-47.1557079214472,LLLVALLLILTFLLASLLILI,28909.55978452061,798.1513274046733,29.362808236383547
LLLLLILTALLFVLLSLLILI,LLLLLALTALLFVLLSLLILI,Left,void,,,,,,,,,,,3617.84,4673.25,48.2289,73.035,3613.8,4686.53,87.7231,137.403,-6.49024,1.1e+16,5,I,57.2598,56.05365678,3544.805,3476.397,68.408,2.0,-0.0054680428685061,0.1750520935678998,L,99999900.0,LLLLWILTYLLAVLLFLLILI,28242.01567200198,3207.099395143114,9.675303679105248
LLLLYYLTFLLAVLLILLILI,LLLLAYLTFLLAVLLILLILI,Left,void,,,,,,,,,,,3556.76,4272.17,63.6792,47.3007,3438.97,4380.4,166.904,103.293,-20.004,1.1e+16,4,Y,91.1745,34.15824639,3509.4593,3335.677,173.7823,2.0,0.371035496357962,0.0230110087575454,L,-40.30537457598244,LLLLAVLLFLLATLISLLILI,29106.88255438381,654.558435757515,29.011748586890672
LLLLYYLTFLLAVLLILLILI,LLLLYALTFLLAVLLILLILI,Left,void,,,,,,,,,,,3432.93,4222.23,49.5729,82.1879,3438.97,4380.4,160.854,224.173,-20.004,1.1e+16,5,Y,62.1359,52.31129715,3350.7421,3214.797,135.9451,2.0,0.277147369008012,0.1591432049431644,L,8848262655381.045,LLLLWILTYLLAVLLFLLILI,28494.622948249693,880.819912235169,13.46190233257456
LLLLLLLLFVLATLLSILILI,LLLLLLLLAVLATLLSILILI,Left,void,,,,,,,,,,,3719.39,4578.83,58.6493,43.3254,3676.41,4727.97,162.965,119.074,-18.6513,1.1e+16,8,F,88.0042,32.98982103,3676.0646,3557.336,118.7286,2.0,-0.0067289308043407,0.1764013042513074,L,99999900.0,LLLLLALLFVLTSLLAILILI,28427.269204291373,3511.1043662761444,9.650210084180484
LLLLLLLLFVLATLLSILILI,LLLLALLLFVLATLLSILILI,Left,void,,,,,,,,,,,3734.68,4689.14,58.137,32.4669,3676.41,4727.97,111.824,72.0749,-18.6513,1.1e+16,4,L,106.0083,23.44600333,3702.2131,3604.3351,97.878,2.0,0.2398096828792719,0.0101198394407355,L,-48.85705684459734,LLLLLALLFVLTSLLAILILI,28291.28070819261,570.8956630222663,20.196230547645307
LLLLWALLFVLATLLSLLILI,LLLLWALLAVLATLLSLLILI,Left,void,,,,,,,,,,,3666.01,4519.18,49.6596,44.4902,3652.96,4656.6,151.377,148.177,-10.1018,1.1e+16,8,F,86.8394,33.8767498,3621.5198,3504.783,116.7368,2.0,0.2366319854476591,0.0510161380920209,L,17775156358375.047,LLLLAVLLFLLATLISLLILI,28060.725731346083,932.8710318452336,22.30121330034532
LLLLWALLFVLATLLSLLILI,LLLLAALLFVLATLLSLLILI,Left,void,,,,,,,,,,,3682.36,4615.96,55.9848,36.4969,3652.96,4656.6,139.327,88.0273,-10.1018,1.1e+16,4,W,101.9783,26.35627174,3645.8631,3564.9327,80.9304,2.0,0.3147896384607382,0.1090051092922449,L,-56.40242368116931,LLLLLALLFVLTSLLAILILI,28603.10346529168,983.52116223055,19.43945271874094
LLLVTLLLALLLLLFSLLILI,LLLVTLLLALLLLLASLLILI,Left,void,,,,,,,,,,,3357.83,4073.23,54.4654,40.461,3285.78,4210.27,152.209,76.1438,-8.52579,1.1e+17,14,F,89.4258,31.15097146,3317.369,3209.6362,107.7328,2.0,0.207260173440528,0.0440716910701736,L,-15.872982323354314,LLLVALLLILTFLLASLLILI,27340.66821762689,1715.497648511673,14.400761842732637
LLLVTLLLALLLLLFSLLILI,LLLVTLLLALALLLFSLLILI,Left,void,,,,,,,,,,,3265.2,4167.9,57.3274,56.1234,3285.78,4210.27,112.366,157.089,-8.52579,1.1e+17,10,L,72.448,43.65154303,3209.0766,3128.691,80.3856,2.0,0.1766186561277048,0.0557718592053172,L,64.12084616926239,LLLVALLLILTFLLASLLILI,28042.745548147406,206.06962137931023,11.218406362172956
LLLLALLLFVLTYLLSLLILI,LLLLALLLFVLTYLLSALILI,Left,void,,,,,,,,,,,3607.35,4667.23,44.0058,86.3286,3599.83,4697.46,95.035,157.291,-28.0531,1.1e+16,16,L,43.1342,66.68216661,3521.0214,3442.539,78.4824,2.0,0.2508206847913618,0.0680150534394154,L,-51.62809648950486,LLLLLALLFVLTSLLAILILI,28232.700638911952,735.1990019710479,16.578497558550193
LLLLALLLFVLTYLLSLLILI,LLLLALLLFVLAYLLSLLILI,Left,void,,,,,,,,,,,3601.02,4676.88,48.6022,85.9516,3599.83,4697.46,76.9503,127.868,-28.0531,1.1e+16,11,T,44.3162,65.98069515,3515.0684,3471.962,43.1064,2.0,0.4530626275380665,0.087040377460621,L,-36.069477722184864,LLLLAVLLFLLATLISLLILI,29518.434478025283,1091.8725961746093,32.01719837874932
LLLLYALLLLLTVLFILLILI,LLLLYALLLLLTVLAILLILI,Left,void,,,,,,,,,,,3349.11,4159.98,57.8752,82.9101,3420.42,4310.09,158.797,237.451,-7.22906,1.1e+16,14,F,46.9767,63.83258345,3266.1999,3182.969,83.2309,2.0,0.5244361653444615,0.0859517945689706,L,99999900.0,LLLLYVLLLLLATLFSLLILI,30856.301210851096,558.2574605736371,37.91689861195972
LLLVALLILLTYLLFSLLILI,LLLVALLIALTYLLFSLLILI,Left,void,,,,,,,,,,,3693.5,4665.65,43.8703,46.8932,3682.63,4711.66,96.646,108.08,-5.2557,1.1e+17,8,L,84.4364,35.70649724,3646.6068,3574.55,72.0568,2.0,0.4071277289350595,0.0142198187549983,L,99999900.0,LLLVALLLILTFLLASLLILI,30518.996284746765,1426.393113126656,34.11617212877309
LLLVALLILLTYLLFSLLILI,LLLVALLILLTYLLASLLILI,Left,void,,,,,,,,,,,3701.62,4613.96,41.9559,26.0581,3682.63,4711.66,135.316,60.1054,-5.2557,1.1e+17,14,F,103.8287,20.06216182,3675.5619,3622.5246,53.0373,2.0,0.5920024980894865,0.0377172726977173,L,-36.45679824116588,LLLVALLLILTFLLASLLILI,30615.90128871763,828.6740913718321,46.23149030088664
LLLYSLLFVLLLLLATLLILI,LLLYSLLFVLALLLATLLILI,Left,void,,,,,,,,,,,3439.98,4194.0,51.1857,91.3764,3496.25,4258.59,113.207,212.582,-11.3569,1.1e+17,10,L,37.195,71.07054913,3348.6036,3283.668,64.9356,2.0,0.2293272700057042,0.0610702587153639,L,-27.099244665315776,LLLYWLLTVLFLLLASLLILI,27985.872198970144,889.1146725750245,15.22240485166039
LLLYSLLFVLLLLLATLLILI,LLLASLLFVLLLLLATLLILI,Left,void,,,,,,,,,,,3307.42,4067.76,64.6786,117.001,3496.25,4258.59,185.574,358.397,-11.3569,1.1e+17,3,Y,52.7298,68.93327552,3190.419,3137.853,52.566,2.0,0.1851016410464459,0.1412596904262497,L,-20.01713832118997,LLLTSLLAVLLALLFSLLILI,28035.71677831529,461.4508724335142,6.968751361450696
LLLLYLLLAVLLSLLFTLILI,LLLLALLLAVLLSLLFTLILI,Left,void,,,,,,,,,,,3283.75,4171.19,60.1879,22.7848,3265.3,4326.04,172.674,150.264,-19.3482,1.1e+16,4,Y,115.6904,16.45406542,3260.9652,3115.036,145.9292,2.0,0.3216799901097926,0.0602390847218802,L,-29.66567275287437,LLLLALLLFVLTWLLSLLILI,28554.53498551195,1046.526681337887,29.789551087137312
LLLLYLLLAVLLSLLFTLILI,LLLLYLLLAVLLSLLATLILI,Left,void,,,,,,,,,,,3282.15,4155.83,64.5019,43.8463,3265.3,4326.04,169.284,131.485,-19.3482,1.1e+16,15,F,85.8741,33.80062041,3238.3037,3133.815,104.4887,2.0,0.4107841193757968,0.2395328769860422,L,17641378571328.58,LLLLLALLFVLTSLLAILILI,28997.70933082196,1944.6247715374304,19.74181791946031
LLLLALLTILLFVLASLLILI,LLLLALLTILLAVLASLLILI,Left,void,,,,,,,,,,,3796.62,4424.4,56.4064,26.4169,3744.38,4565.63,157.829,88.1872,-6.80419,1.1e+16,11,F,103.8509,20.27891774,3770.2031,3656.1928,114.0103,2.0,0.3761714704615767,0.0230705551142639,L,-71.89998142022628,LLLVALLLILTFLLASLLILI,28944.027424524567,997.1436659852508,29.42831262598333
LLLLALLTILLFVLASLLILI,LLLLALLTALLFVLASLLILI,Left,void,,,,,,,,,,,3748.23,4538.35,56.4176,71.589,3744.38,4565.63,99.9586,139.291,-6.80419,1.1e+16,8,I,59.7406,54.51094041,3676.641,3605.089,71.552,2.0,0.3476088665575061,0.0147814938436991,L,-23.63879301072864,LLLVALLLILTFLLASLLILI,28689.652884903782,1080.4827308746092,27.571851837561027
LLLLWVLLATLYLLLSFLILI,LLLLWVLLATLYLLLSALILI,Left,void,,,,,,,,,,,3587.33,4690.26,44.7648,89.0399,3688.53,4792.42,137.438,274.688,-34.2963,1.1e+16,16,F,40.4229,68.77643617,3498.2901,3413.842,84.4481,2.0,1.6023428853354729,1.0713528254215825,L,99999900.0,LLLLAVLLFILALLLSTLILI,35716.940473819595,8948.653399180443,69.08419792776868
LLLLLLLTALLIFLVSLLILI,LLLLLLLTALLIALVSLLILI,Left,void,,,,,,,,,,,3621.85,4603.81,50.2009,61.7831,3680.13,4705.13,136.931,220.131,-10.8614,1.1e+16,12,F,68.0389,47.59062409,3560.0669,3459.999,100.0679,2.0,0.3418506367929318,0.1624288773976032,L,99999900.0,LLLLALLTILLFVLASLLILI,30291.58247003256,2300.06131929919,37.34822813207395
LLLLLLLTALLIFLVSLLILI,LLLLLALTALLIFLVSLLILI,Left,void,,,,,,,,,,,3671.4,4665.4,48.1625,57.2757,3680.13,4705.13,101.055,150.263,-10.8614,1.1e+16,5,L,73.0191,43.95854631,3614.1243,3529.867,84.2573,2.0,0.3049327792381762,0.0685012333853909,L,-99.99956421714332,LLLLAYLTLLLWFLVSLLILI,28445.71152114654,1039.2339840086763,20.975538019106928
LLLLILLLYLLAVLTFLLILI,LLLLILLLYLLAVLTALLILI,Left,void,,,,,,,,,,,3425.01,4157.39,58.8032,45.9056,3393.6,4308.13,158.914,134.739,-14.2556,1.1e+16,15,F,83.8148,35.38811166,3379.1044,3258.861,120.2434,2.0,4.475673001611896,5.448179583972274,L,99999900.0,LLLLWILTYLLAVLLFLLILI,44861.29045556927,28206.348960388787,681.0529913842605
LLLLILLLYLLAVLTFLLILI,LLLLALLLYLLAVLTFLLILI,Left,void,,,,,,,,,,,3440.84,4286.6,41.6477,30.5114,3393.6,4308.13,87.0366,66.2248,-14.2556,1.1e+16,4,I,107.9638,22.03383711,3410.3286,3327.3752,82.9534,2.0,0.6204474411386054,0.0522832113094618,L,-63.85249084087463,LLLLAVLLFLLATLISLLILI,30646.346673613112,1166.9928529070305,47.715365792067246
LLLLYLLLFTLAVLLLSLILI,LLLLALLLFTLAVLLLSLILI,Left,void,,,,,,,,,,,3236.96,4171.52,59.7661,12.6895,3213.76,4329.67,173.285,133.618,-22.5076,1.1e+16,4,Y,125.7857,9.163734734,3224.2705,3080.142,144.1285,2.0,0.3706667723226538,0.1150555844155573,L,-42.58649935017372,LLLLALLLFVLTWLLSLLILI,28929.358456027032,1142.6370871233878,23.659075868204045
LLLLYLLLTVLIALLFSLILI,LLLLYLLLTVLIALLASLILI,Left,void,,,,,,,,,,,3414.15,4111.1,61.7472,35.4686,3400.19,4282.73,166.64,98.941,-11.4414,1.1e+16,15,F,94.2518,27.34234554,3378.6814,3301.249,77.4324,2.0,7.43293252214761,1.2659830625737114,L,99999900.0,LLLLLALLYVLTALLFSLILI,66700.66666666667,21318.946088710232,681.0529913842605
LLLLYLLLTVLIALLFSLILI,LLLLALLLTVLIALLFSLILI,Left,void,,,,,,,,,,,3257.62,4138.3,48.7996,78.3385,3400.19,4282.73,158.954,297.872,-11.4414,1.1e+16,4,Y,60.1367,56.57222376,3179.2815,3102.318,76.9635,2.0,0.4961667860108364,0.2758508311555377,L,15590206618726.064,LLLLALLLFVLTWLLSLLILI,29423.87906107489,1906.135492475352,56.52649936001709
LLLLYILLLLLAVLTFLLILI,LLLLAILLLLLAVLTFLLILI,Left,void,,,,,,,,,,,3286.23,4158.34,59.6425,23.7343,3261.52,4294.35,168.581,135.687,-18.3647,1.1e+16,4,Y,114.7409,17.13974777,3262.4957,3125.833,136.6627,2.0,0.302910494318965,0.0227932678274479,L,14311755971982.008,LLLLAVLLFLLATLISLLILI,28427.6129255147,994.894196592219,23.45324438949013
LLLLYILLLLLAVLTFLLILI,LLLLYILLLLLAVLTALLILI,Left,void,,,,,,,,,,,3275.61,4141.81,58.8899,28.5499,3261.52,4294.35,159.684,129.302,-18.3647,1.1e+16,15,F,101.1705,22.00879738,3247.0601,3132.218,114.8421,2.0,1.6876259074787574,1.7994155623931118,L,99999900.0,LLLLWILTYLLAVLLFLLILI,35930.35243523611,8177.127332413179,242.061919082642
LLLFSLLLLLVALLLTLLILI,LLLASLLLLLVALLLTLLILI,Left,void,,,,,,,,,,,3364.85,4040.44,52.6536,107.721,3412.56,4124.63,141.532,257.624,-11.7867,1.1e+17,3,F,62.0098,63.46579407,3257.129,3154.936,102.193,2.0,0.4531930205334964,0.0086928819376815,L,3.816176479704344,LLLFALLTILVALLLSLLILI,29230.23711783125,1433.4661846032832,36.558341093998166
LLLFSLLLLLVALLLTLLILI,LLLFSLLLALVALLLTLLILI,Left,void,,,,,,,,,,,3440.91,4074.86,53.7178,56.2072,3412.56,4124.63,106.34,123.489,-11.7867,1.1e+17,8,L,75.1224,42.79857702,3384.7028,3289.071,95.6318,2.0,0.8189943817734842,0.0525843222309052,L,12.384157341980329,LLLFALLTILVALLLSLLILI,31598.33349275368,2014.0838758816667,63.93463454746821
LLLLILLLALLFVLTSLLILI,LLLLALLLALLFVLTSLLILI,Left,void,,,,,,,,,,,3686.35,4625.13,53.5634,20.9277,3650.15,4653.55,97.7039,50.6834,-16.6705,1.1e+16,4,I,117.5475,15.11295885,3665.4223,3599.4666,65.9557,2.0,0.3663465320168944,0.0409366726841563,L,-0.591036873882493,LLLVALLLILTFLLASLLILI,28784.617030402427,1172.8657279461154,27.591736957570863
LLLLAILLTLLAVLFSLLILI,LLLLAILLTLLAVLASLLILI,Left,void,,,,,,,,,,,3561.02,4492.96,47.7751,90.21,3619.18,4606.73,145.15,241.042,-9.92373,1.1e+16,14,F,39.6768,69.45278504,3470.81,3378.138,92.672,2.0,0.7287533267897994,0.1013998497233788,L,13113184632609.236,LLLLAVLLFLLATLISLLILI,30897.432584896986,2214.531460349205,53.732162911148926
LLLLAILLTLLAVLFSLLILI,LLLLAALLTLLAVLFSLLILI,Left,void,,,,,,,,,,,3611.59,4582.98,46.9935,89.3347,3619.18,4606.73,90.4862,164.601,-9.92373,1.1e+16,5,I,40.9601,68.56351904,3522.2553,3454.579,67.6763,2.0,0.1425567763721851,0.0902499246610687,L,-28.45325647831422,LLLVALLTILLALLFSLLILI,27356.64993180422,1162.9596918842933,16.87668552765583
LLLLLALLLILVTLLSFLILI,LLLLLALLLILVTLLSALILI,Left,void,,,,,,,,,,,3654.14,4629.93,40.6469,80.815,3708.19,4733.39,133.924,228.587,-10.8378,1.1e+16,16,F,48.6478,62.42333705,3573.325,3479.603,93.722,2.0,0.3817207983287239,0.1343687368001873,L,-32.72323442827323,LLLLLALLLILFVLLSTLILI,29058.34567799966,1129.490049352976,23.446255131682666
LLLLLALLLILVTLLSFLILI,LLLLLALLAILVTLLSFLILI,Left,void,,,,,,,,,,,3754.69,4649.71,57.5958,37.6504,3708.19,4733.39,123.026,71.0715,-10.8378,1.1e+16,8,L,93.6792,28.6686322,3717.0396,3637.1185,79.9211,2.0,0.2826876935722424,0.0017031363549457,L,-47.92137000969548,LLLLLALLLILFVLLSTLILI,27917.93246386477,1610.314001387968,23.01901989375972
LLLLLLLLAVLFILLSTLILI,LLLLALLLAVLFILLSTLILI,Left,void,,,,,,,,,,,3669.96,4658.02,53.6357,19.7818,3639.47,4697.41,107.104,72.4344,-22.091,1.1e+16,4,L,118.6934,14.28544606,3650.1782,3567.0356,83.1426,2.0,0.262733599187395,0.0962131771078774,L,-9.216722922638962,LLLLALLLFVLTWLLSLLILI,28166.146879495936,1048.5777193448828,15.92213710470986
LLLLSTLLAVLFLLLYILILI,LLLLSTLLAVLFALLYILILI,Left,void,,,,,,,,,,,3203.18,4089.67,45.5518,53.8019,3234.92,4168.2,111.085,160.835,-16.9972,1.1e+16,12,L,76.0201,41.44282171,3149.3781,3074.085,75.2931,2.0,0.3413127308546672,0.091623206362451,L,99999900.0,LLLLLLLLAVLTALLFILILI,30831.004175137816,2617.681657722514,22.613562429427738
LLLLSTLLAVLFLLLYILILI,LLLLSTLLAVLALLLYILILI,Left,void,,,,,,,,,,,3263.95,4142.8,39.1639,14.219,3234.92,4168.2,111.324,52.3987,-16.9972,1.1e+16,11,F,116.0488,10.91520698,3249.731,3182.5213,67.2097,2.0,0.1952269575291568,0.1017190704957199,L,-46.24642149288849,LLLLLLLLFVLATLLSILILI,28217.16284658367,954.015935050922,21.8471320053739
LLLLYWLLTILVALLLSLILI,LLLLYWLLTILVALLASLILI,Left,void,,,,,,,,,,,3577.73,4039.46,61.6525,44.5163,3553.71,4114.71,122.819,93.9721,-19.1093,1.1e+16,15,L,85.2041,34.31711589,3533.2137,3459.7379,73.4758,2.0,0.8286479174312473,0.095338125651209,L,99999900.0,LLLLYVLLLILATLLFSLILI,32599.207867236106,889.1590809111012,62.25181886600768
LLLLIVLTWLLALLFSLLILI,LLLLIVLTALLALLFSLLILI,Left,void,,,,,,,,,,,3696.43,4679.23,48.1134,15.3322,3677.17,4668.2,103.473,115.652,-15.6319,1.1e+16,8,W,115.9974,11.67459583,3681.0978,3561.518,119.5798,2.0,0.158501196653642,0.1478931050875464,L,-34.0298922895944,LLLTSLLAVLLALLFSLLILI,28099.015540945868,1310.2715087784136,21.51382409211469
LLLLIVLTWLLALLFSLLILI,LLLLIVLTWLLALLASLLILI,Left,void,,,,,,,,,,,3625.88,4570.41,53.0991,98.7513,3677.17,4668.2,143.741,247.749,-15.6319,1.1e+16,14,F,31.1355,76.02874195,3527.1287,3429.421,97.7077,2.0,0.6153579508695219,0.0224242438961263,L,-80.62110387427724,LLLVALLTILLALLFSLLILI,30467.216592466,1255.8876416246828,51.61915230439489
LLLLVALLFILLYLLSTLILI,LLLLVALLFALLYLLSTLILI,Left,void,,,,,,,,,,,3750.44,4707.64,43.6847,56.0349,3745.63,4714.94,81.4454,119.549,-15.537,1.1e+16,9,I,73.6319,43.2145314,3694.4051,3626.081,68.3241,2.0,0.2901313722367071,0.0494191803749576,L,-0.5215576387384816,LLLLLALLLILFVLLSTLILI,28665.095435088617,451.0415523619457,20.868543725408244
LLLLVALLFILLYLLSTLILI,LLLLVALLFILAYLLSTLILI,Left,void,,,,,,,,,,,3695.15,4664.06,48.2443,92.6852,3745.63,4714.94,106.883,209.146,-15.537,1.1e+16,11,L,37.5826,71.14973923,3602.4648,3536.484,65.9808,2.0,0.2959910095470262,0.0717099061155718,L,-38.53057833658219,LLLLLALLLILFVLLSTLILI,28134.201281752,1472.34409444121,20.058759121901435
LLLLVSLLLLLTALLFILILI,LLLLVSLLALLTALLFILILI,Left,void,,,,,,,,,,,3416.14,4096.82,60.4676,30.9532,3377.2,4157.0,121.177,82.1879,-7.5292,1.1e+16,8,L,100.3764,23.56909638,3385.1868,3295.0121,90.1747,2.0,0.0609995921948367,0.1050748618990118,L,-14.08735982225556,LLLLIFLLWLLTALLSVLILI,27118.88565858186,1115.0164530611676,11.064398258988115
LLLLVSLLLLLTALLFILILI,LLLLVSLLLALTALLFILILI,Left,void,,,,,,,,,,,3381.59,4124.96,48.6531,54.5108,3377.2,4157.0,99.6418,127.389,-7.5292,1.1e+16,9,L,75.156,42.03913415,3327.0792,3249.811,77.2682,2.0,1.2811271013899634,1.3373335825783372,L,99999900.0,LLLLALLLLFLTVLLSILILI,35219.368108568444,8286.237805582508,27.43550286856653
LLLLFLLLYVLALLLSTLILI,LLLLFLLLYVLAALLSTLILI,Left,void,,,,,,,,,,,3308.0,4122.32,54.0235,94.4738,3341.39,4191.98,116.177,191.435,-6.49473,1.1e+16,12,L,35.3482,72.77179523,3213.5262,3149.955,63.5712,2.0,0.5204267975520095,0.0261992222199905,L,-76.55475999944206,LLLLALLLFVLTWLLSLLILI,30586.37506500857,109.10622210704469,41.044241994316025
LLLLFLLLYVLALLLSTLILI,LLLLFALLYVLALLLSTLILI,Left,void,,,,,,,,,,,3287.29,4109.95,55.2477,76.7957,3341.39,4191.98,118.696,191.891,-6.49473,1.1e+16,5,L,53.4991,58.9399577,3210.4943,3149.499,60.9953,2.0,0.6679630714403666,0.1049851506388912,L,99999900.0,LLLLLALLLILFVLLSTLILI,30998.46949317156,955.3421318804586,60.69519163598128
LLLLLWLLTVLIALLSFLILI,LLLLLALLTVLIALLSFLILI,Left,void,,,,,,,,,,,3669.5,4100.13,58.4535,59.605,3645.2,4125.62,141.639,187.998,-10.8968,1.1e+16,5,W,70.6898,45.74626155,3609.895,3457.202,152.693,2.0,0.4616521364276174,0.1906039764309834,L,99999900.0,LLLLLALLFVLTSLLAILILI,31035.64806698338,2163.8099867973983,48.77453810474465
LLLLLWLLTVLIALLSFLILI,LLLLAWLLTVLIALLSFLILI,Left,void,,,,,,,,,,,3591.27,4050.43,55.0243,86.2733,3645.2,4125.62,119.813,207.809,-10.8968,1.1e+16,4,L,52.2019,62.30234728,3504.9967,3437.391,67.6057,2.0,0.6455659971104402,0.0036365155548979,L,-52.66937625760566,LLLLALLLFVLTWLLSLLILI,31942.499543826674,896.6776917518487,52.58251680616854
LLLVTLLFLLYLLLASLLILI,LLLVTLLFLLALLLASLLILI,Left,void,,,,,,,,,,,3646.1,4671.67,51.4521,90.1437,3783.19,4811.05,158.772,304.472,-11.4805,1.1e+17,10,Y,38.4277,70.11178225,3555.9563,3478.718,77.2383,2.0,0.2634840998255088,0.0757948892123142,L,-21.5299352726701,LLLVALLLILTFLLASLLILI,27931.615956904123,1408.2478646857633,25.9299557245247
LLLVTLLFLLYLLLASLLILI,LLLVTLLFALYLLLASLLILI,Left,void,,,,,,,,,,,3776.87,4791.61,40.2195,62.2543,3783.19,4811.05,86.5493,138.376,-11.4805,1.1e+17,8,L,69.0753,47.40309877,3714.6157,3644.814,69.8017,2.0,0.4099378921032762,0.1743116493208438,L,17494574999899.99,LLLVALLLILTFLLASLLILI,29352.82098699454,1164.5250552420052,23.44406263252913
LLLTALLLLLVALLFSLLILI,LLLTALLLLLVALLASLLILI,Left,void,,,,,,,,,,,3210.82,3977.96,56.7059,19.3066,3189.47,4077.77,146.151,93.9123,-14.0339,1.1e+17,14,F,110.5802,14.86417403,3191.5134,3095.5577,95.9557,2.0,0.2616514418417772,0.0394406377886523,L,-67.63791695631116,LLLTSLLAVLLALLFSLLILI,28404.86731344339,685.6368433816498,23.67788436801454
LLLTALLLLLVALLFSLLILI,LLLTALLALLVALLFSLLILI,Left,void,,,,,,,,,,,3220.26,4024.25,54.5748,14.5537,3189.47,4077.77,115.424,56.9289,-14.0339,1.1e+17,7,L,115.0417,11.23010539,3205.7063,3132.5411,73.1652,2.0,0.3079993858061737,0.0894734493889945,L,-66.71237893144685,LLLTSLLAVLLALLFSLLILI,28556.6556843216,928.329692197728,20.01358965292853
LLLLYILLLVLATLLFSLILI,LLLLAILLLVLATLLFSLILI,Left,void,,,,,,,,,,,3255.94,4122.76,48.2768,20.5005,3237.56,4266.12,157.733,138.154,-20.5691,1.1e+16,4,Y,117.9747,14.80445596,3235.4395,3099.406,136.0335,2.0,0.3653673703658365,0.087619968714734,L,-41.2123919034664,LLLLWALLFVLATLLSLLILI,29000.45208434432,882.1321194963109,24.81218073906885
LLLLYILLLVLATLLFSLILI,LLLLYILLLVLATLLASLILI,Left,void,,,,,,,,,,,3252.21,4103.88,63.5481,42.6135,3237.56,4266.12,166.484,134.777,-20.5691,1.1e+16,15,F,87.1069,32.85026873,3209.5965,3102.783,106.8135,2.0,0.3080464643871349,0.0272362630998336,L,10769459776662.082,LLLLWALLFVLATLLSLLILI,28564.68080426145,848.5025898618485,26.76623173188023
LLLLYLLIALLLVLTFLLILI,LLLLALLIALLLVLTFLLILI,Left,void,,,,,,,,,,,3418.07,4186.83,55.5594,27.6832,3355.43,4314.58,160.858,128.86,-11.7614,1.1e+16,4,Y,110.792,19.99144973,3390.3868,3226.57,163.8168,2.0,0.3731803253250338,0.356039969320683,L,17910978571328.58,LLLLALLTILLFVLASLLILI,28734.3311073766,2400.1054134369097,9.92959659373899
LLLLYLLIALLLVLTFLLILI,LLLLYLLIALLLVLTALLILI,Left,void,,,,,,,,,,,3379.92,4163.29,59.202,43.0811,3355.43,4314.58,159.761,137.287,-11.7614,1.1e+16,15,F,86.6393,33.21073632,3336.8389,3218.143,118.6959,2.0,0.1283569730621785,0.1506388058111042,L,13930761111011.104,LLLLYLLVALLTILFSLLILI,27210.46329927955,1136.3308419436205,1.7859603286612828
LLLLALLILLTSLLFVLLILI,LLLLALLIALTSLLFVLLILI,Left,void,,,,,,,,,,,3847.31,4651.79,46.5883,40.6737,3826.36,4677.8,94.6694,101.637,-19.9071,1.1e+17,8,L,90.6559,30.97070272,3806.6363,3724.723,81.9133,2.0,0.4645900846128673,0.1147361942814451,L,99999900.0,LLLVALLLLLTALLFSLLILI,30917.546641063866,1287.4843015716692,31.35836229441649
LLLLALLILLTSLLFVLLILI,LLLAALLILLTSLLFVLLILI,Left,void,,,,,,,,,,,3778.53,4621.65,50.8834,101.286,3826.36,4677.8,111.646,216.806,-19.9071,1.1e+17,3,L,68.4448,59.67449632,3677.244,3609.554,67.69,2.0,0.3324349952871011,0.0673319895512863,L,-6.507475751284784,LLLVALLLLLTFLLASLLILI,28783.63492264785,848.8923667502921,31.079219408633385
LLLYALLLLLVTLLFSLLILI,LLLYALLALLVTLLFSLLILI,Left,void,,,,,,,,,,,3591.52,4256.84,49.2596,24.852,3544.6,4325.62,114.086,70.1577,-11.0314,1.1e+17,7,L,104.7434,19.17660658,3566.668,3474.4423,92.2257,2.0,0.1515609367139958,0.0720367523079743,L,-45.82229893330512,LLLTSLLAVLLALLFSLLILI,27726.007517980503,402.8447298861062,8.228722851199613
LLLYALLLLLVTLLFSLLILI,LLLYALLLALVTLLFSLLILI,Left,void,,,,,,,,,,,3537.81,4262.94,47.0625,60.0095,3544.6,4325.62,107.085,139.99,-11.0314,1.1e+17,8,L,71.3201,45.6938116,3477.8005,3404.61,73.1905,2.0,0.3081386694520978,0.0531837880212719,L,-41.26255664167316,LLLVALLLILTFLLASLLILI,28230.797838934446,1427.9693475844344,22.123446070341608
LLLAALLLLLVTLLFSLLILI,LLLAALLALLVTLLFSLLILI,Left,void,,,,,,,,,,,3669.66,4599.03,49.2206,10.4206,3645.79,4678.64,118.083,65.9846,-10.0078,1.1e+17,7,L,119.1748,8.040871821,3659.2394,3579.8054,79.434,2.0,0.2807831632475293,0.0463003191180237,L,-23.87847805544354,LLLTSLLAVLLALLFSLLILI,28323.40014923609,922.4727491806592,20.284419747104543
LLLAALLLLLVTLLFSLLILI,LLLAALLLALVTLLFSLLILI,Left,void,,,,,,,,,,,3634.87,4616.32,46.8475,55.7742,3645.79,4678.64,106.649,126.056,-10.0078,1.1e+17,8,L,75.5554,42.46887221,3579.0958,3519.734,59.3618,2.0,0.4765628048656025,0.0694536783786148,L,24.86240644345024,LLLVALLLILTFLLASLLILI,29384.67254527012,1563.1094681971906,34.95594395832335
LLLLALLLYVLTSLLFLLILI,LLLLALLLAVLTSLLFLLILI,Left,void,,,,,,,,,,,3625.89,4729.57,57.6903,41.9527,3658.79,4896.6,170.979,199.8,-11.2963,1.1e+16,8,Y,89.3769,31.94458827,3583.9373,3458.99,124.9473,2.0,0.4883221496571378,0.0225677466855265,L,16105551616570.145,LLLLLALLFVLTSLLAILILI,29442.37062597338,1520.1309992597455,38.62879454763445
LLLLALLLYVLTSLLFLLILI,LLLLALLLYVLTSLLALLILI,Left,void,,,,,,,,,,,3679.6,4787.87,55.6735,9.97754,3658.79,4896.6,144.309,62.6449,-11.2963,1.1e+16,15,F,119.74286,7.691573569,3669.62246,3596.1451,73.47736,2.0,0.8127467673212521,0.1026668572255234,L,8395514246604.26,LLLLLALLFVLTSLLAILILI,32381.444281159263,347.2754420277044,72.401189931532
LLLYTLLAVLIALLLSLLILI,LLLYTLLAVLIALLASLLILI,Left,void,,,,,,,,,,,3399.32,4075.35,56.9446,24.7124,3363.02,4114.91,112.108,69.4115,-11.3191,1.1e+17,14,L,105.1744,19.02610581,3374.6076,3293.6085,80.9991,2.0,0.3729491185629366,0.0176035191050978,L,-77.94162730007007,LLLTSLLAVLLALLFSLLILI,28959.918328245458,925.854949370746,29.480930449762973
LLLYTLLAVLIALLLSLLILI,LLLYTLLAVLAALLLSLLILI,Left,void,,,,,,,,,,,3335.98,4083.93,48.3547,83.8253,3363.02,4114.91,96.6975,177.811,-11.3191,1.1e+17,10,I,44.7461,65.19747004,3252.1547,3185.209,66.9457,2.0,0.1844420547365649,0.0543433815937134,L,-66.64675594255623,LLLTSLLAVLLALLFSLLILI,27898.312272514817,777.6689972950754,18.22564845389845
LLLLFLLLAVLYTLLSILILI,LLLLFLLLAVLATLLSILILI,Left,void,,,,,,,,,,,3667.13,4635.75,54.7176,30.2083,3652.42,4779.62,164.235,162.141,-16.555,1.1e+16,11,Y,98.4299,24.4403452,3636.9217,3490.279,146.6427,2.0,0.1656795723908014,0.0489472541038932,L,16043206527812.604,LLLLALLLFVLTWLLSLLILI,28127.58892801344,769.9781204970908,16.379265257779274
LLLLFLLLAVLYTLLSILILI,LLLLALLLAVLYTLLSILILI,Left,void,,,,,,,,,,,3704.08,4684.83,57.8201,31.0168,3652.42,4779.62,146.212,125.276,-16.555,1.1e+16,4,F,107.4584,22.39881221,3673.0632,3527.144,145.9192,2.0,0.532925568443153,0.0570391444117842,L,20896141666566.67,LLLLALLLFVLTWLLSLLILI,29849.30786946212,1292.09780287796,46.87965708555104
LLLLYYLTALLFVLLLLLILI,LLLLAYLTALLFVLLLLLILI,Left,void,,,,,,,,,,,3623.81,4221.25,61.6474,64.8357,3492.24,4398.97,177.933,111.559,-26.5607,1.1e+16,4,Y,73.6395,46.82116365,3558.9743,3380.681,178.2933,2.0,0.3829460169372231,0.1142657575037435,L,17910978571328.58,LLLLWILTYLLAVLLFLLILI,29168.96655211147,900.9493223929344,24.70891440113497
LLLLYYLTALLFVLLLLLILI,LLLLYALTALLFVLLLLLILI,Left,void,,,,,,,,,,,3494.97,4249.34,52.4479,69.0433,3492.24,4398.97,158.896,204.322,-26.5607,1.1e+16,5,Y,61.2515,52.99006561,3425.9267,3287.918,138.0087,2.0,2.3297936825248424,0.3411660860829361,L,99999900.0,LLLLWILTYLLAVLLFLLILI,40057.12564353968,5458.975510319969,210.2528828251792
LLLLYVLTALLFLLISLLILI,LLLLAVLTALLFLLISLLILI,Left,void,,,,,,,,,,,3602.44,4631.77,61.8531,48.6014,3596.62,4778.16,167.209,179.232,-28.485,1.1e+16,4,Y,89.8738,35.09754815,3553.8386,3417.388,136.4506,2.0,1.2471995899704509,1.2433051900912444,L,99999900.0,LLLVALLTILLALLFSLLILI,35198.95375505007,7612.620147192209,30.0982288858082
LLLLYVLTALLFLLISLLILI,LLLLYVLTALLFALISLLILI,Left,void,,,,,,,,,,,3607.18,4734.42,46.0092,61.2294,3596.62,4778.16,99.896,128.327,-28.485,1.1e+16,12,L,68.5926,47.16411702,3545.9506,3468.293,77.6576,2.0,0.288777871239115,0.0520033983150221,L,99999900.0,LLLLAVLLFLLATLISLLILI,28112.273281191705,1368.6611177622149,26.622664398130752
LLLIALLLLLVSLLFTLLILI,LLLAALLLLLVSLLFTLLILI,Left,void,,,,,,,,,,,3663.6,4668.83,50.362,95.9516,3674.38,4685.52,93.1538,175.843,-17.047,1.1e+17,3,I,73.7792,56.53163716,3567.6484,3498.537,69.1114,2.0,0.3914176838756815,0.2143367582332204,L,99999900.0,LLLVALLLLLTFLLASLLILI,28857.012938329728,1616.349406374496,44.40329614472432
LLLIALLLLLVSLLFTLLILI,LLLIALLLALVSLLFTLLILI,Left,void,,,,,,,,,,,3667.89,4624.48,47.6277,60.5218,3674.38,4685.52,106.766,127.406,-17.047,1.1e+17,8,L,70.8078,46.08389883,3607.3682,3546.974,60.3942,2.0,0.6193441676933447,0.1779963741428747,L,-25.79382809086791,LLLTALLLLLVALLFSLLILI,30269.58186492651,2168.560424129224,40.355722090467154
LLLLVLLLAILFLLLSTLILI,LLLLVLLLAILALLLSTLILI,Left,void,,,,,,,,,,,3731.48,4580.37,50.7419,26.0265,3697.1,4631.92,127.068,101.754,-30.5202,1.1e+16,11,F,104.2413,19.97922741,3705.4535,3595.346,110.1075,2.0,0.4237826911461265,0.1314695569865054,L,-29.405769944744,LLLLLALLLILFVLLSTLILI,29268.06537120928,1144.8883752388665,42.25819333036754
LLLLVLLLAILFLLLSTLILI,LLLLVLLLAALFLLLSTLILI,Left,void,,,,,,,,,,,3690.15,4624.47,42.9941,86.4992,3697.1,4631.92,81.5924,162.828,-30.5202,1.1e+16,9,I,43.1676,66.70882601,3603.6508,3534.272,69.3788,2.0,0.9895373120800226,1.906014188915676,L,99999900.0,LLLLLALLLILFVLLSTLILI,31699.342752664365,9197.704873334187,191.1380641368011
LLLLAILLTVLLLLLSFLILI,LLLLAILLTVLLLLLSALILI,Left,void,,,,,,,,,,,3633.45,4586.83,43.1856,86.3577,3735.71,4689.18,136.348,272.401,-5.78381,1.1e+16,16,F,43.1051,66.70464411,3547.0923,3463.309,83.7833,2.0,0.6343667394406105,0.1295284972876115,L,99999900.0,LLLLALLLFVLTWLLSLLILI,29741.983387402408,3059.384737042945,44.38690805398455
LLLLAILLTVLLLLLSFLILI,LLLLAILLTVLALLLSFLILI,Left,void,,,,,,,,,,,3778.77,4618.93,54.6611,19.9359,3735.71,4689.18,117.222,48.6874,-5.78381,1.1e+16,11,L,110.3319,15.3037819,3758.8341,3687.0226,71.8115,2.0,0.15903119576391,0.0353092841746332,L,-35.9693850995744,LLLLALLLFVLTWLLSLLILI,27794.49238448233,677.0748154927949,15.04695556131444
LLLYFLLAVLLTLLFSLLILI,LLLYFLLAVLLTLLASLLILI,Left,void,,,,,,,,,,,3623.74,4291.43,58.4606,48.8216,3525.06,4347.62,131.508,75.4259,-7.82407,1.1e+17,14,F,81.0652,37.58780723,3574.9184,3449.6341,125.2843,2.0,0.1891322482919096,0.077103719333637,L,-47.34584860416716,LLLTSLLAVLLALLFSLLILI,27697.867848805214,910.3944563650732,11.008212665651254
LLLYFLLAVLLTLLFSLLILI,LLLYALLAVLLTLLFSLLILI,Left,void,,,,,,,,,,,3565.77,4194.03,60.0798,47.3101,3525.06,4347.62,161.194,113.594,-7.82407,1.1e+17,4,F,91.1651,34.16503461,3518.4599,3411.466,106.9939,2.0,0.2201814731187015,0.0022537926569654,L,-67.35353744957426,LLLTSLLAVLLALLFSLLILI,27524.249315989648,1535.7615335126818,17.87557292054906
LLLYLLLAILVTLLFSLLILI,LLLYLLLAILVTLLASLLILI,Left,void,,,,,,,,,,,3563.45,4149.06,57.076,42.2666,3486.24,4248.7,146.705,102.682,-11.9428,1.1e+17,14,F,87.6202,32.54110502,3521.1834,3383.558,137.6254,2.0,0.2295597822688405,0.1939273736595965,L,-17.35085353848792,LLLVALLLILTFLLASLLILI,28212.084016013105,912.6674409832706,7.558896146944035
LLLLLVLTLLLAILFSLLILI,LLLLAVLTLLLAILFSLLILI,Left,void,,,,,,,,,,,3672.36,4618.8,49.3115,42.3311,3645.57,4692.11,112.675,94.0691,-14.4892,1.1e+16,4,L,96.1441,30.56944493,3630.0289,3551.5009,78.528,2.0,0.1110957665488301,0.0275096238519794,L,-69.56181618353054,LLLVALLTILLALLFSLLILI,27497.39060258799,440.54035768155074,7.494382145478899
LLLLYILLFTLAVLLLSLILI,LLLLAILLFTLAVLLLSLILI,Left,void,,,,,,,,,,,3208.48,4130.64,58.6204,19.8601,3184.64,4290.3,172.803,140.085,-25.312,1.1e+16,4,Y,118.6151,14.34199048,3188.6199,3044.555,144.0649,2.0,0.3211460995594116,0.0233252179707973,L,18449040197459.81,LLLLAVLLFILALLLSTLILI,29069.030043783787,394.11453656532376,27.61132972764233
LLLLALLLFVLTLLLSILILI,LLLLALLLAVLTLLLSILILI,Left,void,,,,,,,,,,,3623.48,4645.89,59.6692,28.2522,3593.3,4773.36,153.938,108.684,-18.878,1.1e+16,8,F,103.0774,21.51243893,3595.2278,3484.616,110.6118,2.0,0.5192111559713892,0.0749262817696963,L,13128923322025.914,LLLLLALLFVLTSLLAILILI,30040.121775838143,1001.4978513864536,38.12716547529742
LLLLALLLFVLTLLLSILILI,LLLLALLLFVLTALLSILILI,Left,void,,,,,,,,,,,3636.15,4691.36,49.8596,19.6413,3593.3,4773.36,115.642,51.727,-18.878,1.1e+16,12,L,110.1807,15.12940796,3616.5087,3541.573,74.9357,2.0,0.1861678741302219,0.1508713841243189,L,-50.44255471729285,LLLLLALLFVLTSLLAILILI,28286.82981581705,332.36573148483114,6.500144729866908
LLLTSLLAVLLALLFSLLILI,LLLTSLLAVLAALLFSLLILI,Left,void,,,,,,,,,,,3124.51,4003.26,59.3127,98.1736,3180.44,4066.99,122.111,219.111,-11.6814,1.1e+17,10,L,30.3978,76.35726141,3026.3364,2961.329,65.0074,2.0,0.1632063678132053,0.0983013283141818,L,-34.2207598893434,LLLTSLLAVLLALLFSLLILI,27483.183363171884,991.0765550021332,7.662296542373887
LLLTSLLAVLLALLFSLLILI,LLLTSLLAVLLALLASLLILI,Left,void,,,,,,,,,,,3201.69,3907.89,59.5986,19.0618,3180.44,4066.99,162.739,47.1881,-11.6814,1.1e+17,14,F,110.825,14.67570223,3182.6282,3133.2519,49.3763,2.0,0.1550696934415316,0.0626995505238554,L,-64.16896237154242,LLLTSLLAVLLALLFSLLILI,27631.476639016008,601.1504104452969,9.055588281334776
LLLLAALVFLLTSLILLLILI,LLLLAALVALLTSLILLLILI,Left,void,,,,,,,,,,,3504.19,4530.4,52.8155,10.774,3474.81,4598.99,133.661,71.7167,-18.3792,1.1e+16,8,F,120.5556,8.203786504,3493.416,3403.0933,90.3227,3.0,0.5281253456489661,2.9837692002447954e-05,L,-35.811821228077804,LLLLAALVFLLTSLILLLILI,29468.171277366888,1936.3085714244544,43.1905176258455
LLLLAALVFLLTSLILLLILI,LLLLAALVFLLTSLIALLILI,Left,void,,,,,,,,,,,3494.33,4558.42,50.1187,1.93011,3474.81,4598.99,106.432,28.6293,-18.3792,1.1e+16,15,L,127.79029,1.48790013,3492.39989,3446.1807,46.21919,3.0,0.2348575765877736,0.032699496033005,L,-36.49599061167768,LLLLLALLFVLTSLLAILILI,28578.992531426025,239.7642915937998,17.315211958213364
LLLLLLLTILVALLFSLLILI,LLLLLLLTALVALLFSLLILI,Left,void,,,,,,,,,,,3657.65,4630.01,48.1919,74.078,3653.21,4644.1,87.6284,139.116,-16.2695,1.1e+17,8,I,57.2516,56.40617195,3583.572,3514.094,69.478,3.0,0.3568130261067731,0.1334104421268191,L,19288746153746.164,LLLTSLLAVLLALLFSLLILI,30550.389673433096,1922.1089134558424,21.464772585474936
LLLLLLLTILVALLFSLLILI,LLLALLLTILVALLFSLLILI,Left,void,,,,,,,,,,,3586.49,4577.45,51.6672,100.545,3653.21,4644.1,111.704,222.944,-16.2695,1.1e+17,3,L,69.1858,59.23792264,3485.945,3430.266,55.679,3.0,0.4575811937494704,0.087636407805735,L,-71.39871743812606,LLLTSLLAVLLALLFSLLILI,29376.17079482613,1386.610966069671,32.352249888277264
LLLYFLLTVLLLLLASLLILI,LLLYALLTVLLLLLASLLILI,Left,void,,,,,,,,,,,3988.07,4705.99,56.7126,51.6191,3916.81,4845.74,154.202,97.6447,-6.48805,1.1e+17,4,F,86.8561,37.27678314,3936.4509,3819.1653,117.2856,3.0,0.1852928116086066,0.0695494530853037,L,-59.29848305677236,LLLTSLLAVLLALLFSLLILI,27820.486030643817,643.981191786954,11.131061849125372
LLLYFLLTVLLLLLASLLILI,LLLAFLLTVLLLLLASLLILI,Left,void,,,,,,,,,,,3758.0,4670.54,55.5132,73.4179,3916.81,4845.74,172.455,301.128,-6.48805,1.1e+17,3,Y,96.3129,43.25549635,3684.5821,3615.682,68.9001,3.0,0.1595917749286273,0.0844925721839807,L,-37.39837249361005,LLLTSLLAVLLALLFSLLILI,27636.008748845383,662.0243545929659,8.16520161569907
LLLLLFLLAILYVLLLTLILI,LLLLLFLLAILAVLLLTLILI,Left,void,,,,,,,,,,,3867.18,4713.89,47.2066,21.8775,3810.59,4856.77,156.599,110.943,-9.34175,1.1e+16,11,Y,108.3903,16.79425,3845.3025,3699.647,145.6555,3.0,0.393622537914557,0.0065194368749643,L,-10.308879257280736,LLLLLALLLILFVLLSTLILI,30863.81469768753,2145.600881074639,31.812493940803705
LLLLLFLLAILYVLLLTLILI,LLLLAFLLAILYVLLLTLILI,Left,void,,,,,,,,,,,3887.24,4792.21,54.8658,44.4494,3810.59,4856.77,115.029,74.2486,-9.34175,1.1e+16,4,L,94.0258,32.09917733,3842.7906,3736.3414,106.4492,3.0,1.2799847517710163,1.1068528091845278,L,99999900.0,LLLLLALLLILFVLLSTLILI,38926.53742531402,7357.619757669233,40.66973968025066
LLLLLALLYTLLFLLSVLILI,LLLLLALLATLLFLLSVLILI,Left,void,,,,,,,,,,,3797.89,4655.76,59.7131,30.0336,3744.23,4801.91,168.965,126.712,-25.7287,1.1e+16,8,Y,101.296,22.86887343,3767.8564,3617.518,150.3384,3.0,1.270168452887645,1.214971464328222,L,99999900.0,LLLLLALLLILFVLLSTLILI,33901.92038522765,8721.455778256315,33.6149765760126
LLLLLALLYTLLFLLSVLILI,LLLLLALLYTLLALLSVLILI,Left,void,,,,,,,,,,,3774.9,4657.99,57.8017,37.1055,3744.23,4801.91,156.581,132.674,-25.7287,1.1e+16,12,F,92.7165,28.58182743,3737.7945,3611.556,126.2385,3.0,0.7607222621404416,0.1533891189712087,L,19288746153746.164,LLLLIFLLWLLTALLSVLILI,31643.11370041416,1631.9702434700423,53.34020074477544
LLLTSLLFLLLYLLAVLLILI,LLLTSLLALLLYLLAVLLILI,Left,void,,,,,,,,,,,3348.69,4171.57,39.0128,6.27723,3308.9,4197.93,110.736,53.8702,-5.66472,1.1e+17,7,F,123.31817,4.843713589,3342.41277,3255.0298,87.38297,3.0,0.573101449911432,0.0717100745309468,L,11610455857772.15,LLLTSLLAVLLALLFSLLILI,30880.623456308786,413.1210315356603,42.72015985551919
LLLTSLLFLLLYLLAVLLILI,LLLTSLLFALLYLLAVLLILI,Left,void,,,,,,,,,,,3323.35,4144.14,43.8415,53.0979,3308.9,4197.93,102.999,122.822,-5.66472,1.1e+17,8,L,78.2317,40.4310224,3270.2521,3186.078,84.1741,3.0,0.3588920878748195,0.2161557352777169,L,99999900.0,LLLTSLLAVLLALLFSLLILI,30811.532119704505,2342.758461259502,16.850009003981224
LLLYALLFTLVALLLSLLILI,LLLYALLFTLVALLASLLILI,Left,void,,,,,,,,,,,3369.49,4191.55,56.2644,20.9907,3332.96,4232.99,112.515,64.4075,-17.0019,1.1e+17,14,L,108.8961,16.1607646,3348.4993,3268.5525,79.9468,3.0,0.4316325537752973,0.2227587118365972,L,-48.18022297881283,LLLVALLLILTFLLASLLILI,29502.78301860732,1402.5935580170044,22.41672533878524
LLLYALLFTLVALLLSLLILI,LLLAALLFTLVALLLSLLILI,Left,void,,,,,,,,,,,3142.33,4041.05,64.494,111.068,3332.96,4232.99,186.391,354.126,-17.0019,1.1e+17,3,Y,58.6628,65.43774023,3031.262,2978.834,52.428,3.0,0.4752424793965488,0.1536740530727239,L,-54.2283866466375,LLLVALLTILLALLFSLLILI,29434.41370817007,1703.813845628781,29.977889586875094
LLLLALLWFLTSLLYVLLILI,LLLLALLWFLTSLLAVLLILI,Left,void,,,,,,,,,,,3792.5,4626.25,44.7061,23.7559,3758.98,4745.49,149.436,133.242,-12.8634,1.1e+17,14,Y,106.1309,18.28969533,3768.7441,3625.738,143.0061,3.0,0.5649978062703972,0.103643907867099,L,-37.26131262421638,LLLVALLLILTFLLASLLILI,30520.734660606697,663.3182836486706,52.197387442340826
LLLLALLWFLTSLLYVLLILI,LLLLALLWALTSLLYVLLILI,Left,void,,,,,,,,,,,3746.64,4703.23,24.6081,49.1666,3758.98,4745.49,99.9359,172.14,-12.8634,1.1e+17,8,F,82.163,37.43756168,3697.4734,3586.84,110.6334,3.0,1.4430845128670584,1.4331622181139605,L,-99.9996005323814,LLLFALLLILTALLYVLLILI,36564.9595325039,8846.913684729669,35.13864741509318
LLLLYLLLAILFVLLSTLILI,LLLLALLLAILFVLLSTLILI,Left,void,,,,,,,,,,,3633.04,4648.07,53.4502,11.4843,3607.01,4773.27,155.277,142.977,-11.4453,1.1e+16,4,Y,126.9909,8.293398385,3621.5557,3464.033,157.5227,3.0,0.1746673092131284,0.0682327486461244,L,-37.3831754388003,LLLLALLTILLFVLASLLILI,27466.716592965862,1122.349342732398,10.338273420451422
LLLLYLLLAILFVLLSTLILI,LLLLYLLLAALFVLLSTLILI,Left,void,,,,,,,,,,,3592.66,4758.54,42.8924,85.9795,3607.01,4773.27,83.2514,166.424,-11.4453,1.1e+16,9,I,43.6873,66.3080295,3506.6805,3440.586,66.0945,3.0,0.445606421267738,0.0979582832285716,L,99999900.0,LLLLLALLLILFVLLSTLILI,30464.2587405326,765.2434834611724,30.776115305259964
LLLLALLLFVLTWLLSLLILI,LLLLALLLFVLTALLSLLILI,Left,void,,,,,,,,,,,3594.57,4726.15,38.6521,4.17707,3585.79,4730.69,101.176,107.597,-16.098,1.1e+16,12,W,125.64493,3.217536319,3590.39293,3478.193,112.19993,3.0,0.332173307578958,0.009605346347496,L,-30.60812618173244,LLLLLALLFVLTSLLAILILI,28970.59844151808,437.3170532914278,26.608882855046435
LLLLALLLFVLTWLLSLLILI,LLLLALLLFVLTWLLSALILI,Left,void,,,,,,,,,,,3601.58,4705.33,38.1254,60.504,3585.79,4730.69,87.5904,115.8,-16.098,1.1e+16,16,L,68.9588,46.73466046,3541.076,3469.99,71.086,3.0,0.3771499116621466,0.0626922015805923,L,-47.89097680097001,LLLLLALLFVLTSLLAILILI,29155.16336537608,704.6809419014083,27.217187447353027
LLLVALLLFLISLLLTLLILI,LLLVALLLALISLLLTLLILI,Left,void,,,,,,,,,,,3301.75,4003.32,49.3088,60.9751,3345.22,4066.45,130.166,215.594,-14.2178,1.1e+17,8,F,70.3545,46.42906093,3240.7749,3129.626,111.1489,3.0,0.7748756985233338,0.0692367246250313,L,-12.093195549045062,LLLVALLLILTFLLASLLILI,32257.31837122855,664.7706750332392,59.36378437907857
LLLVALLLFLISLLLTLLILI,LLLVALLAFLISLLLTLLILI,Left,void,,,,,,,,,,,3409.12,4025.9,49.4438,19.1133,3345.22,4066.45,106.216,50.3462,-14.2178,1.1e+17,7,L,110.4821,14.74844015,3390.0067,3294.8738,95.1329,3.0,0.3286207689511924,0.0998077392934185,L,-37.011561533585365,LLLYTLLAVLIALLLSLLILI,29026.22768049983,776.1184797278199,32.645226329175884
LLLFSLLTILVALLLSLLILI,LLLFSLLTALVALLLSLLILI,Left,void,,,,,,,,,,,3420.8,4058.69,47.1602,61.2976,3357.88,4062.85,82.1202,90.2619,-8.1722,1.1e+17,8,I,70.032,46.67462628,3359.5024,3267.6181,91.8843,3.0,0.5739977796940832,0.0278939994310458,L,17148767288156.098,LLLTSLLAVLLALLFSLLILI,31584.633191824803,1206.9045044572258,48.553110296258254
LLLFSLLTILVALLLSLLILI,LLLASLLTILVALLLSLLILI,Left,void,,,,,,,,,,,3279.3,3920.37,59.0514,117.625,3357.88,4062.85,162.213,285.913,-8.1722,1.1e+17,3,F,52.1058,69.30091651,3161.675,3071.967,89.708,3.0,0.2944805831077332,0.1376883441583098,L,6788505306719.902,LLLTSLLAVLLALLFSLLILI,28544.393257870204,1095.827234705311,32.04378904580061
LLLLYLLLFVLTALLLSLILI,LLLLYLLLAVLTALLLSLILI,Left,void,,,,,,,,,,,3422.0,4156.77,60.9591,34.3384,3406.55,4308.03,160.7,105.1,-14.5487,1.1e+16,8,F,96.9912,26.14673311,3387.6616,3301.45,86.2116,3.0,0.3206664187362118,0.3358240656402192,L,22622926274322.777,LLLLALLLFVLTWLLSLLILI,28301.42400633622,2349.543485320396,6.804132238506133
LLLLYLLLFVLTALLLSLILI,LLLLALLLFVLTALLLSLILI,Left,void,,,,,,,,,,,3260.09,4151.56,55.6652,89.2059,3406.55,4308.03,168.34,310.359,-14.5487,1.1e+16,4,Y,49.2693,64.42012721,3170.8841,3096.191,74.6931,3.0,0.3165831080992187,0.0302660016165317,L,-36.9406343626043,LLLLLALLFVLTSLLAILILI,28718.90506548752,666.32449396579,24.139242903314013
LLLLWTLIALLLVLFSLLILI,LLLLATLIALLLVLFSLLILI,Left,void,,,,,,,,,,,3670.29,4612.03,54.6436,28.7404,3614.7,4647.7,135.871,97.0881,-12.8213,1.1e+16,4,W,109.7348,20.75490774,3641.5496,3517.6119,123.9377,3.0,0.3358530124094839,0.2056099191504852,L,-28.65976730236608,LLLLAVLIFLLATLLSLLILI,28940.070309543786,1093.2861001274723,15.575746664499668
LLLLWTLIALLLVLFSLLILI,LLLLWTLIALLLVLASLLILI,Left,void,,,,,,,,,,,3566.49,4540.83,45.8378,88.1601,3614.7,4647.7,141.701,235.458,-12.8213,1.1e+16,14,F,41.7267,67.87456462,3478.3299,3379.242,99.0879,3.0,0.3616829086510845,0.0699123340488799,L,-28.639624022131454,LLLLALLTILLFVLASLLILI,29130.52996372225,571.7702781073566,25.534826532581985
LLLLSYLLAVLFTLLLILILI,LLLLSALLAVLFTLLLILILI,Left,void,,,,,,,,,,,3210.83,4015.03,59.404,105.585,3229.25,4198.32,177.583,245.701,-14.2684,1.1e+16,5,Y,24.7098,81.03546726,3105.245,2983.549,121.696,3.0,0.457752368111506,0.4419752903048888,L,99999900.0,LLLLLALLFVLTSLLAILILI,30635.882499425203,2842.599600324859,62.99128498224763
LLLLSYLLAVLFTLLLILILI,LLLLSYLLAVLFTLLLALILI,Left,void,,,,,,,,,,,3203.8,4171.67,56.198,112.386,3229.25,4198.32,97.0323,192.541,-14.2684,1.1e+16,16,I,17.0768,86.80949277,3091.414,3036.709,54.705,3.0,0.3901258302079032,0.0038208629935576,L,-99.99957583324026,LLLLYLLLFVLATLLLSLILI,28729.95104608813,1512.9205731623524,32.1244743161955
LLLFLLLTILVALLLSLLILI,LLLALLLTILVALLLSLLILI,Left,void,,,,,,,,,,,3303.2,3993.37,56.1698,105.121,3368.67,4119.16,155.145,262.793,-9.91551,1.1e+17,3,F,79.3502,53.24938078,3198.079,3105.877,92.202,3.0,0.2994870884335522,0.1478378933264864,L,7286214447326.773,LLLVALLTILLALLFSLLILI,28496.861055535137,1092.2287259963243,15.94252443638316
LLLFLLLTILVALLLSLLILI,LLLFLLLTILVALLASLLILI,Left,void,,,,,,,,,,,3425.4,4079.47,56.9136,36.368,3368.67,4119.16,112.109,68.1001,-9.91551,1.1e+17,14,L,93.5188,27.99976595,3389.032,3300.5699,88.4621,3.0,0.3022907094123491,0.1550248229156701,L,-66.1682675758655,LLLVALLLILTFLLASLLILI,28624.36602129281,954.4025346329006,15.756210200467391
LLLVALLLLLTALLFSLLILI,LLLVALLLLLTALLASLLILI,Left,void,,,,,,,,,,,3207.67,3985.0,56.6098,24.8545,3187.25,4050.61,139.85,98.5148,-20.5886,1.1e+17,14,F,112.9481,13.29545751,3182.8155,3088.7352,94.0803,3.0,0.3879041048552374,0.1148745942862097,L,-20.116089295773925,LLLVALLLILTFLLASLLILI,28981.734269507204,1265.3435932023478,25.07916837710909
LLLVALLLLLTALLFSLLILI,LLLVALLLALTALLFSLLILI,Left,void,,,,,,,,,,,3185.6,3984.05,47.4042,51.8907,3187.25,4050.61,108.351,115.932,-20.5886,1.1e+17,8,L,79.4389,39.51180846,3133.7093,3071.318,62.3913,3.0,0.4971082480928381,0.0228051186872151,L,0.4247415004960347,LLLTSLLAVLLALLFSLLILI,29906.27370503542,781.5562559122119,41.97100661351193
LLLLYLLVALLILLTFLLILI,LLLLALLVALLILLTFLLILI,Left,void,,,,,,,,,,,3372.4,4180.39,53.0914,33.538,3424.83,4350.34,170.416,224.817,-13.7183,1.1e+16,4,Y,104.9372,24.21949923,3338.862,3200.013,138.849,3.0,0.4108348662470346,0.5196760719151653,L,99999900.0,LLLLALLTVLLALLFSLLILI,31247.19862440292,3079.5459489461027,3.546560448082728
LLLLYLLVALLILLTFLLILI,LLLLYLLVALLILLTALLILI,Left,void,,,,,,,,,,,3505.5,4205.56,52.8107,48.2319,3424.83,4350.34,150.94,93.1647,-13.7183,1.1e+16,15,F,81.4885,37.18143021,3457.2681,3331.6653,125.6028,3.0,-0.2420340241382266,0.7561431012495853,L,22795790908990.91,LLLLYLLVILLATLLFLLILI,25086.88540058275,4895.5139007047965,23.9313707054968
LLLLYFLLATLVALLLSLILI,LLLLYALLATLVALLLSLILI,Left,void,,,,,,,,,,,3317.34,3978.57,59.3581,40.5297,3313.59,4135.68,165.454,147.219,-17.392,1.1e+16,5,F,89.7651,31.10615312,3276.8103,3166.371,110.4393,3.0,1.3209868020821296,1.3359732307666643,L,99999900.0,LLLLLALLYVLTALLFSLILI,35697.52529089848,8198.148937117963,30.77379414787584
LLLLYFLLATLVALLLSLILI,LLLLAFLLATLVALLLSLILI,Left,void,,,,,,,,,,,3213.02,4031.95,60.105,60.7109,3313.59,4135.68,162.237,265.473,-17.392,1.1e+16,4,Y,77.7643,43.84243532,3152.3091,3048.117,104.1921,3.0,0.4370216981630926,0.1048322298824486,L,99999900.0,LLLLYFLLAVLTALLLSLILI,31333.595278224875,2307.132019750719,29.676588671423566
LLLLTYLLAILFVLLLSLILI,LLLLTALLAILFVLLLSLILI,Left,void,,,,,,,,,,,3269.96,4029.92,50.1035,81.24,3315.42,4199.85,165.56,247.832,-6.88991,1.1e+16,5,Y,49.0548,62.350915,3188.72,3067.588,121.132,3.0,0.3537527672836581,0.0524017462192277,L,-54.88597896768612,LLLLLALLLILFVLLSTLILI,28819.5771880424,972.992721175486,25.89887676033527
LLLLTYLLAILFVLLLSLILI,LLLLTYLLAILAVLLLSLILI,Left,void,,,,,,,,,,,3339.61,4134.8,47.8374,27.4452,3315.42,4199.85,129.376,82.9459,-6.88991,1.1e+16,11,F,102.8226,21.06829163,3312.1648,3232.4741,79.6907,3.0,0.2980887539870143,0.091391711402785,L,11397895454445.455,LLLLYVLLLILATLLFSLILI,29647.136939338307,1106.5934850811325,19.09219817856193
LLLLYVLLALLFTLISLLILI,LLLLAVLLALLFTLISLLILI,Left,void,,,,,,,,,,,3331.28,4082.2,58.3278,33.5376,3338.69,4238.08,171.136,184.356,-13.0633,1.1e+16,4,Y,104.9376,24.21921037,3297.7424,3154.334,143.4084,3.0,0.163600074560731,0.1301881981244457,L,14712575312385.473,LLLLAVLLFLLATLISLLILI,27139.177156784528,1649.0928413749507,5.850620189438148
LLLLYVLLALLFTLISLLILI,LLLLYVLLALLATLISLLILI,Left,void,,,,,,,,,,,3377.29,4104.37,51.7257,19.8683,3338.69,4238.08,152.4,74.9712,-13.0633,1.1e+16,11,F,110.3995,15.2518888,3357.4217,3263.7188,93.7029,3.0,0.0966646676900598,0.0348390834989049,L,12198280904188.836,LLLLAVLLFLLATLISLLILI,27255.93427912257,804.2944092688954,9.919584670563989
LLLLYILLALLFVLLSTLILI,LLLLAILLALLFVLLSTLILI,Left,void,,,,,,,,,,,3857.96,4608.69,57.2908,97.4832,3860.35,4750.13,165.565,213.292,-10.8998,1.1e+16,4,Y,40.992,70.39758744,3760.4768,3647.058,113.4188,3.0,0.3459410357629077,0.0103662836277502,L,-56.07291062231258,LLLLAYLVILLFTLLSLLILI,28709.61695702676,1020.2526287214168,28.8896423847642
LLLLYILLALLFVLLSTLILI,LLLLYALLALLFVLLSTLILI,Left,void,,,,,,,,,,,3926.34,4718.79,47.6933,76.3047,3860.35,4750.13,95.0503,115.342,-10.8998,1.1e+16,5,I,53.9901,58.56311994,3850.0353,3745.008,105.0273,3.0,0.3432552507352928,0.0268151268080338,L,-20.37483015541247,LLLLLALLLILFVLLSTLILI,28419.90692009411,1502.021547158178,26.51997355082892
LLLLLLLTALLFVLYILLILI,LLLLLLLTALLFVLAILLILI,Left,void,,,,,,,,,,,3770.74,4745.6,53.0529,82.8919,3900.89,4884.63,160.612,292.906,-9.24664,1.1e+16,14,Y,46.9949,63.81857125,3687.8481,3607.984,79.8641,3.0,0.3132155169578173,0.1152552489896407,L,99999900.0,LLLLALLTILLFVLASLLILI,30298.00211175911,2022.4619599532527,18.949307767146845
LLLLLLLTALLFVLYILLILI,LLLLLLLTALLFVLYALLILI,Left,void,,,,,,,,,,,3942.54,4895.18,35.4727,42.8412,3900.89,4884.63,64.5945,70.7424,-9.24664,1.1e+16,15,I,86.8792,33.02580011,3899.6988,3830.1476,69.5512,3.0,0.5245949484619892,2.563541985266102,L,99999900.0,LLLLALLTILLFVLASLLILI,29754.029373841924,13216.058904425305,191.1380641368011
LLLYLLLFVLTALLLSLLILI,LLLYLLLAVLTALLLSLLILI,Left,void,,,,,,,,,,,3444.05,4175.29,61.8624,48.1655,3424.07,4296.38,151.655,114.878,-13.0429,1.1e+17,7,F,81.4299,37.16605682,3395.8845,3309.192,86.6925,3.0,0.3300684229045804,0.1791568483115031,L,-68.05511615451047,LLLTSLLAVLLALLFSLLILI,28721.91036920608,1214.611741627051,16.632357987938683
LLLYLLLFVLTALLLSLLILI,LLLYLLLFVLTALLASLLILI,Left,void,,,,,,,,,,,3457.56,4235.62,57.0618,31.7679,3424.07,4296.38,116.236,84.2491,-13.0429,1.1e+17,14,L,98.1189,24.45814355,3425.7921,3339.8209,85.9712,3.0,0.2813316977422859,0.071549832333017,L,-57.41356556220687,LLLTSLLAVLLALLFSLLILI,28223.040722396378,1135.9991131452807,18.869212984995208
LLLLYVLIALLFLLTSLLILI,LLLLAVLIALLFLLTSLLILI,Left,void,,,,,,,,,,,3263.16,4028.64,57.6698,35.4325,3260.32,4183.67,171.372,177.838,-29.9475,1.1e+16,4,Y,103.0427,25.58761424,3227.7275,3082.482,145.2455,3.0,0.3892598697458735,0.0861616679056828,L,-47.62507585194216,LLLLAVLLFLLATLISLLILI,29062.63056469882,1012.816265970994,36.81505262376666
LLLLYVLIALLFLLTSLLILI,LLLLYVLIALLALLTSLLILI,Left,void,,,,,,,,,,,3293.95,4089.08,55.6421,15.3807,3260.32,4183.67,146.876,99.6433,-29.9475,1.1e+16,11,F,111.4175,14.4704217,3278.5693,3160.6767,117.8926,3.0,0.3719094428699674,0.1636078920740989,L,12163878732238.312,LLLLAVLLFLLATLISLLILI,28998.63712331308,1214.074917832019,20.95313917811396
LLLYALLLLLTSLLFVLLILI,LLLYALLALLTSLLFVLLILI,Left,void,,,,,,,,,,,3756.09,4725.74,58.4812,23.5908,3720.21,4801.81,122.918,73.9123,-12.344,1.1e+17,7,L,106.0046,18.20342389,3732.4992,3646.2977,86.2015,3.0,0.2427062428584684,0.2770013970996143,L,-34.52355355675773,LLLVALLLLLTFLLASLLILI,28047.400263088377,1628.0603889211395,3.830188251091611
LLLYALLLLLTSLLFVLLILI,LLLYALLLALTSLLFVLLILI,Left,void,,,,,,,,,,,3714.53,4742.33,54.1905,56.2695,3720.21,4801.81,113.709,131.52,-12.344,1.1e+17,8,L,75.0601,42.84601491,3658.2605,3588.69,69.5705,3.0,0.3442306999203011,0.0707990166194742,L,-10.54742802352044,LLLVALLLILTFLLASLLILI,29387.679213480376,679.7225791121843,32.24432554521719
LLLLSYLVALLLTLFLLLILI,LLLLSALVALLLTLFLLLILI,Left,void,,,,,,,,,,,3382.0,4134.56,53.0184,95.2584,3450.07,4301.69,167.099,275.376,-7.82025,1.1e+16,5,Y,35.0364,73.10990155,3286.7416,3174.694,112.0476,3.0,0.3165116609800953,0.0887746612609921,L,-26.13477703986904,LLLLAALVFLLTSLILLLILI,27992.96480087641,2002.047334957569,20.750110327973232
LLLLSYLVALLLTLFLLLILI,LLLLSYLVALLLTLALLLILI,Left,void,,,,,,,,,,,3370.87,4174.06,52.1266,85.8263,3450.07,4301.69,146.968,251.251,-7.82025,1.1e+16,14,F,44.0605,66.07776926,3285.0437,3198.819,86.2247,3.0,0.5244615951819518,0.0251477789456163,L,-12.40092516502088,LLLLAYLVILLFTLLSLLILI,29915.11479432473,1092.5021024899784,44.34336147683149
LLLLVLLLLALTFLLSILILI,LLLLVLLLLALTALLSILILI,Left,void,,,,,,,,,,,3640.56,4502.7,46.7558,16.8397,3595.49,4621.18,144.823,103.431,-24.8099,1.1e+16,12,F,112.9823,12.97137619,3623.7203,3492.059,131.6613,3.0,0.247929667117066,0.0456453304874742,L,-43.31767986252621,LLLLIFLLWLLTALLSVLILI,28444.036765089688,327.8811256711932,17.635616626454837
LLLLVLLLLALTFLLSILILI,LLLLVLLLAALTFLLSILILI,Left,void,,,,,,,,,,,3643.02,4580.9,58.7763,39.8475,3595.49,4621.18,111.709,84.1847,-24.8099,1.1e+16,8,L,91.4821,30.34159854,3603.1725,3511.3053,91.8672,3.0,0.1930289704774417,0.8419303493250448,L,99999900.0,LLLLALLLFVLTWLLSLLILI,29492.78123215587,5836.679169147442,64.47043926678238
LLLLAILLYTLAVLLSLLILI,LLLLAALLYTLAVLLSLLILI,Left,void,,,,,,,,,,,3637.98,4629.58,49.4942,89.2136,3652.66,4654.32,94.4415,169.591,-18.2531,1.1e+16,5,I,41.0812,68.47057596,3548.7664,3483.069,65.6974,3.0,0.8811261592036294,0.0789928024149783,L,20896141666566.67,LLLLAVLLFLLATLISLLILI,34181.199332567034,1963.338466853216,76.62412550605079
LLLLAILLYTLAVLLSLLILI,LLLLAILLYTLAALLSLLILI,Left,void,,,,,,,,,,,3647.77,4648.18,48.9909,82.4135,3652.66,4654.32,69.6319,123.48,-18.2531,1.1e+16,12,V,47.4085,63.4819214,3565.3565,3529.18,36.1765,3.0,0.6674819284971341,0.2802446500111691,L,99999900.0,LLLLAVLLFLLATLISLLILI,32679.21532824964,2636.4818955449946,70.79030506431403
LLLYFLLAVLTSLLLSLLILI,LLLYALLAVLTSLLLSLLILI,Left,void,,,,,,,,,,,3432.86,4066.34,59.6605,40.3583,3402.82,4218.81,160.505,107.884,-15.2592,1.1e+17,4,F,98.1169,29.14478549,3392.5017,3294.936,97.5657,3.0,0.1976286900517295,0.0529117905764872,L,-82.942085145048,LLLTSLLAVLLALLFSLLILI,28047.921732559487,403.653705088691,13.101940045279576
LLLYFLLAVLTSLLLSLLILI,LLLYFLLAVLTSLLASLLILI,Left,void,,,,,,,,,,,3449.95,4179.89,56.894,25.3222,3402.82,4218.81,112.008,61.5244,-15.2592,1.1e+17,14,L,104.5646,19.49559155,3424.6278,3341.2956,83.3322,3.0,0.1851363292558511,0.0253362455992773,L,-69.45823875230866,LLLTSLLAVLLALLFSLLILI,27616.68244096956,1022.2044211210588,16.60507370955846
LLLVSLLFLLLYLLATLLILI,LLLVSLLALLLYLLATLLILI,Left,void,,,,,,,,,,,3334.95,4145.94,36.9141,4.25277,3314.55,4167.75,104.524,58.9833,-14.1747,1.1e+17,7,F,125.34263,3.281574809,3330.69723,3255.5667,75.13053,3.0,0.1507484924714983,0.3465911273968169,L,99999900.0,LLLTSLLAVLLALLFSLLILI,29655.946118566004,4208.613343580439,32.3696303505742
LLLVSLLFLLLYLLATLLILI,LLLVSLLFLLAYLLATLLILI,Left,void,,,,,,,,,,,3266.76,4106.15,53.1101,91.9431,3314.55,4167.75,113.49,205.09,-14.1747,1.1e+17,10,L,36.6283,71.51131589,3174.8169,3109.46,65.3569,3.0,0.3126786353230596,0.0271836031563415,L,15961242755786.98,LLLVALLLLLTFLLASLLILI,29375.179539305074,555.4304439711542,23.998185810040056
LLLLFALLLILTVLLSLLILI,LLLLAALLLILTVLLSLLILI,Left,void,,,,,,,,,,,3626.18,4510.94,45.8737,29.5477,3622.22,4618.61,138.651,148.458,-26.4357,1.1e+16,4,F,108.9275,21.33790022,3596.6323,3473.762,122.8703,3.0,0.1963511943947682,0.0712743477418726,L,-22.116939102997893,LLLLALLLFVLTWLLSLLILI,28345.12870514176,144.09087964575164,11.935646387181857
LLLLIFLLWLLTALLSVLILI,LLLLIFLLALLTALLSVLILI,Left,void,,,,,,,,,,,3720.12,4610.79,55.7075,29.5112,3652.42,4744.74,170.041,104.644,-9.28387,1.1e+16,8,W,101.8184,22.47109563,3690.6088,3547.776,142.8328,3.0,0.2145615597786008,0.0706950373788365,L,19949543599633.92,LLLLIFLLWLLTALLSVLILI,29650.3121315112,2166.5241427841497,13.458344178575516
LLLLIFLLWLLTALLSVLILI,LLLLIALLWLLTALLSVLILI,Left,void,,,,,,,,,,,3635.78,4716.72,33.8826,53.1421,3652.42,4744.74,101.932,173.246,-9.28387,1.1e+16,5,F,77.1527,40.78604825,3582.6379,3479.174,103.4639,3.0,0.6310746824458787,0.0411694790911946,L,-60.04616970467581,LLLLIFLLWLLTALLSVLILI,30878.903524011028,719.8394212428394,53.98837970454351
LLLVLLLAILFLLLTSLLILI,LLLVLLLAILALLLTSLLILI,Left,void,,,,,,,,,,,3639.27,4559.72,54.3102,72.9515,3690.59,4701.94,156.958,221.194,-19.934,1.1e+17,10,F,55.6199,56.74006816,3566.3185,3469.396,96.9225,3.0,0.3721772804022677,0.0016353301102159,L,-57.20152848485603,LLLVALLLILTFLLASLLILI,29176.10055635915,552.7396313922325,30.530306612625107
LLLVLLLAILFLLLTSLLILI,LLLVLLLAALFLLLTSLLILI,Left,void,,,,,,,,,,,3704.2,4675.69,46.6812,82.5528,3690.59,4701.94,91.8491,147.154,-19.934,1.1e+17,8,I,48.7768,62.85924879,3621.6472,3543.436,78.2112,3.0,0.2018210497981435,0.0389708699806406,L,16716913333233.344,LLLYWLLTVLFLLLASLLILI,27789.63607877745,961.2732059742052,18.757937476905127
LLLFALLTILLYLLAVLLILI,LLLAALLTILLYLLAVLLILI,Left,void,,,,,,,,,,,3685.74,4622.23,57.225,111.539,3743.02,4755.73,158.87,268.281,-8.49197,1.1e+17,3,F,58.1918,65.71523848,3574.201,3474.739,99.462,3.0,0.6934166260816881,0.1323341152890696,L,10805410062851.816,LLLVALLLILTFLLASLLILI,32883.430804259566,1927.960601019952,49.05362646094064
LLLFALLTILLYLLAVLLILI,LLLFALLTALLYLLAVLLILI,Left,void,,,,,,,,,,,3807.3,4745.1,44.104,58.2265,3743.02,4755.73,82.8644,88.0849,-8.49197,1.1e+17,8,I,73.1031,44.33615879,3749.0735,3654.9351,94.1384,3.0,0.5023076147871687,0.0274779203984171,L,11601117023689.076,LLLVALLTILLALLFSLLILI,29297.85446976684,1952.066893342387,39.48855847537784
LLLVALLLFLTLLLYSLLILI,LLLVALLLFLTLLLASLLILI,Left,void,,,,,,,,,,,3513.95,4073.08,54.5308,57.9698,3446.82,4180.44,153.053,143.258,-8.4294,1.1e+17,14,Y,71.917,44.63101716,3455.9802,3303.562,152.4182,3.0,0.1836849855523946,0.045409473486672,L,-7.15990279515162,LLLVALLLILTFLLASLLILI,27603.923567011683,1063.1473957239843,17.647129905357353
LLLVALLLFLTLLLYSLLILI,LLLVALLLALTLLLYSLLILI,Left,void,,,,,,,,,,,3403.93,4111.52,43.5893,58.6459,3446.82,4180.44,126.564,212.011,-8.4294,1.1e+17,8,F,72.6837,44.65550797,3345.2841,3234.809,110.4751,3.0,0.5929499092586961,0.3998357419264541,L,-99.9996005323814,LLLVALLLILTFLLASLLILI,31244.150800104708,2179.668030773529,71.61066896713092
LLLYALLLVLITLLFSLLILI,LLLYALLLVLITLLASLLILI,Left,void,,,,,,,,,,,3587.06,4129.87,55.1419,48.4637,3514.77,4225.07,142.786,67.9791,-10.5313,1.1e+17,14,F,81.4231,37.3122596,3538.5963,3446.7909,91.8054,3.0,0.4854576760617337,0.1462901732583404,L,-59.79702094511198,LLLVALLLILTFLLASLLILI,30074.628432786703,869.6689301143293,31.24023945609759
LLLYALLLVLITLLFSLLILI,LLLYALLAVLITLLFSLLILI,Left,void,,,,,,,,,,,3567.89,4159.68,51.8254,29.7724,3514.77,4225.07,114.896,65.1755,-10.5313,1.1e+17,7,L,86.3113,37.67021098,3538.1176,3449.5945,88.5231,3.0,0.3374532463871379,0.0556883801650382,L,-41.73673816579859,LLLTSLLAVLLALLFSLLILI,28407.14604870064,1433.6366592692384,30.81630264634605
LLLLTLLIALLFLLVSLLILI,LLLLTLLIALLFALVSLLILI,Left,void,,,,,,,,,,,3556.9,4676.29,45.406,52.4937,3547.12,4720.88,99.3096,114.492,-15.2343,1.1e+16,12,L,77.3283,40.43513426,3504.4063,3432.628,71.7783,3.0,0.2045792747866863,0.0617066281083519,L,-51.62042853489391,LLLLALLTILLFVLASLLILI,28109.086383199367,748.9080387620278,20.298203870006205
LLLLTLLIALLFLLVSLLILI,LLLLTLLAALLFLLVSLLILI,Left,void,,,,,,,,,,,3532.06,4670.37,58.2566,104.999,3547.12,4720.88,109.965,189.13,-15.2343,1.1e+16,7,I,24.5964,81.02062265,3427.061,3357.99,69.071,3.0,0.7271682937853133,0.5112569923858116,L,99999900.0,LLLTSLLAVLLALLFSLLILI,32273.52345715024,2805.6546315803234,29.90236746847285
LLLVALLFLLTALLYSLLILI,LLLVALLFLLTALLASLLILI,Left,void,,,,,,,,,,,3634.71,4665.54,45.4546,17.004,3619.06,4764.43,141.327,131.705,-14.2521,1.1e+17,14,Y,112.8828,13.09139959,3617.706,3487.355,130.351,3.0,0.302826369287029,0.0725050423081655,L,-21.33914082999136,LLLVALLLILTFLLASLLILI,28778.1085341485,447.3990830625695,20.571758923800367
LLLVALLFLLTALLYSLLILI,LLLVALLALLTALLYSLLILI,Left,void,,,,,,,,,,,3633.24,4615.84,55.4974,11.0452,3619.06,4764.43,155.004,69.6022,-14.2521,1.1e+17,7,F,118.5502,8.522833372,3622.1948,3549.4578,72.737,3.0,0.2335906555116214,0.1392913841177194,L,13.7713806750556,LLLTSLLAVLLALLFSLLILI,28264.52144341443,656.3372393847245,11.04788194871395
LLLVALLLFLTALLLSLLILI,LLLVALLLALTALLLSLLILI,Left,void,,,,,,,,,,,3211.93,3973.87,51.8472,60.3355,3262.05,4074.27,138.68,217.135,-13.5361,1.1e+17,8,F,70.9941,45.94204201,3151.5945,3044.915,106.6795,3.0,0.8028546942575121,0.1135174891996261,L,-24.872916855289155,LLLVALLLILTFLLASLLILI,32123.65261518783,645.249910582912,72.2196832382045
LLLVALLLFLTALLLSLLILI,LLLVALLAFLTALLLSLLILI,Left,void,,,,,,,,,,,3311.74,4014.01,60.8429,26.5156,3262.05,4074.27,121.131,64.029,-13.5361,1.1e+17,7,L,103.0798,20.46029412,3285.2244,3198.021,87.2034,3.0,0.31500609810389,0.0526162887159415,L,-43.889950721910765,LLLTSLLAVLLALLFSLLILI,29033.787553706752,122.3840681564592,22.71786340527232
LLLLIVLLFTLALLLSLLILI,LLLLIVLLFTLALLLSALILI,Left,void,,,,,,,,,,,3645.45,4635.4,43.7267,88.0884,3685.83,4676.7,98.6986,197.141,-14.7939,1.1e+16,16,L,41.3744,68.04147601,3557.3616,3488.689,68.6726,3.0,0.3952816403682452,0.0475621938682016,L,-26.078801604724955,LLLLAVLLFLLATLISLLILI,29203.94014343006,801.8769292175624,35.075466109791215
LLLLILLLVLTALLFSLLILI,LLLAILLLVLTALLFSLLILI,Left,void,,,,,,,,,,,3650.33,4670.81,49.9661,77.3345,3682.05,4714.71,105.253,177.576,-14.7833,1.1e+17,3,L,92.3963,45.56303276,3572.9955,3504.474,68.5215,3.0,0.2492281060180047,0.0139792945862422,L,-40.74390890204274,LLLTSLLAVLLALLFSLLILI,28189.287503792708,768.9721082041989,19.57290266894342
LLLLILLLVLTALLFSLLILI,LLLLILLAVLTALLFSLLILI,Left,void,,,,,,,,,,,3713.67,4682.6,59.6118,35.0038,3682.05,4714.71,109.27,66.2894,-14.7833,1.1e+17,7,L,94.5916,27.01006363,3678.6662,3615.7606,62.9056,3.0,0.2442471631793197,0.0222064191036368,L,-50.07199795326087,LLLTSLLAVLLALLFSLLILI,28156.89329292166,810.7132603913477,21.25802873205561
LLLLYVLLLLLATLFSLLILI,LLLLAVLLLLLATLFSLLILI,Left,void,,,,,,,,,,,3392.8,4121.78,47.8189,32.1409,3376.5,4268.79,159.012,159.28,-11.2712,1.1e+16,4,Y,106.3343,23.21058211,3360.6591,3217.22,143.4391,3.0,0.2236477128874929,0.1397415297339914,L,-99.99957583324026,LLLVALLTILLALLFSLLILI,28005.661120609304,949.4568859091668,10.208742673340264
LLLLYVLLLLLATLFSLLILI,LLLLYVLLLLLATLASLLILI,Left,void,,,,,,,,,,,3309.64,4109.48,59.45,95.8996,3376.5,4268.79,162.318,251.86,-11.2712,1.1e+16,14,F,33.9872,73.83321477,3213.7404,3124.64,89.1004,3.0,0.3337557223814449,0.1500259099676034,L,-53.57917994934617,LLLLAVLLFLLATLISLLILI,28833.904687206825,977.6547748515912,18.618406007623
LLLVALLLILTFLLASLLILI,LLLVALLLILTALLASLLILI,Left,void,,,,,,,,,,,3649.72,4476.58,54.6346,28.4406,3620.44,4610.99,154.544,139.585,-7.00132,1.1e+17,11,F,101.8272,21.83240985,3621.2794,3480.855,140.4244,3.0,0.3408541502577042,0.0716351941200153,L,-27.77977491189417,LLLVALLLILTFLLASLLILI,28745.565933109192,974.8509282079788,23.731876717780075
LLLVALLLILTFLLASLLILI,LLLVALLAILTFLLASLLILI,Left,void,,,,,,,,,,,3679.11,4550.85,60.4699,31.2576,3620.44,4610.99,120.44,57.9809,-7.00132,1.1e+17,7,L,98.3378,24.11937461,3647.8524,3562.4591,85.3933,3.0,0.3841884354777246,0.0718089730910893,L,-18.41714367837897,LLLVALLLILTFLLASLLILI,29111.30213940909,887.7561014542096,27.265599167725806
LLLLSILFVLLATLYLLLILI,LLLLSILFVLLATLALLLILI,Left,void,,,,,,,,,,,3413.58,4033.07,55.2445,35.3192,3427.64,4178.18,164.71,202.888,-12.9935,1.1e+16,14,Y,94.5676,27.1922936,3378.2608,3224.752,153.5088,3.0,0.1562659472436784,0.0642733111696031,L,-36.57361440251513,LLLYSLLFVLLLLLATLLILI,27535.05705878328,778.8059343601946,9.0624115522115
LLLLSILFVLLATLYLLLILI,LLLLSILAVLLATLYLLLILI,Left,void,,,,,,,,,,,3473.39,4149.78,57.4229,40.4104,3427.64,4178.18,126.536,134.758,-12.9935,1.1e+16,7,F,89.185,31.18197097,3432.9796,3292.882,140.0976,3.0,0.1316510816699532,0.0029691198149196,L,-20.04422225215817,LLLTSLLAVLLALLFSLLILI,27709.47540718413,516.8586387668853,10.937792465274612
LLLLAVLLFLLALLTSLLILI,LLLLAVLLALLALLTSLLILI,Left,void,,,,,,,,,,,3642.27,4560.54,49.5267,21.4535,3574.54,4646.48,135.593,82.0647,-6.86645,1.1e+16,8,F,109.8761,16.33561665,3620.8165,3492.4753,128.3412,3.0,0.3911603359384703,0.0461743116232003,L,-48.11368404144392,LLLVALLTILLALLFSLLILI,29149.10921851201,857.7220619142395,29.318079982324385
LLLLAVLLFLLALLTSLLILI,LLLLAVLLFLLAALTSLLILI,Left,void,,,,,,,,,,,3571.61,4650.01,38.0307,60.2976,3574.54,4646.48,72.7822,138.383,-6.86645,1.1e+16,12,L,69.5244,46.44636502,3511.3124,3436.157,75.1554,3.0,0.251450778490315,0.102870678140217,L,-46.17106559027538,LLLLAVLLFLLATLISLLILI,28040.415960768907,1138.0262501955306,14.614482749993789
LLLLFILLAVLYTLLLSLILI,LLLLFALLAVLYTLLLSLILI,Left,void,,,,,,,,,,,3283.75,4198.17,52.0976,65.7403,3313.79,4243.85,104.766,161.394,-11.9581,1.1e+16,5,I,64.5545,50.45504502,3218.0097,3152.396,65.6137,3.0,0.6313917975912015,0.1219816089545546,L,-38.00632236680637,LLLLWALLFVLATLLSLLILI,30765.889069122164,952.4920990385108,58.68731069773616
LLLLYLLLAVLTALLFSLILI,LLLLALLLAVLTALLFSLILI,Left,void,,,,,,,,,,,3232.71,4011.57,54.8242,80.1055,3350.15,4125.93,159.574,289.47,-12.7239,1.1e+16,4,Y,58.3697,57.84826453,3152.6045,3060.68,91.9245,3.0,0.4277781942215789,0.0588126751795218,L,-44.15304457175928,LLLLALLLFVLTWLLSLLILI,29135.73576763958,1264.398393026386,38.3835185728579
LLLLYLLLAVLTALLFSLILI,LLLLYLLLAVLTALLASLILI,Left,void,,,,,,,,,,,3352.72,4025.66,62.1986,33.3517,3350.15,4125.93,153.313,109.82,-12.7239,1.1e+16,15,F,96.3687,25.71045109,3319.3683,3240.33,79.0383,3.0,0.3593587771793259,0.0562461278881618,L,-57.39605673598703,LLLLLALLFVLTSLLAILILI,28665.752446423176,1315.2073811405696,26.135019350647028
LLLLTVLLAILFLLLSLLILI,LLLLTVLLAILALLLSLLILI,Left,void,,,,,,,,,,,3678.24,4603.46,52.8166,20.6976,3607.73,4631.83,122.372,100.532,-16.5571,1.1e+16,11,F,109.5702,15.88850046,3657.5424,3507.198,150.3444,3.0,0.4437841321444177,0.2594207913729318,L,20896141666566.67,LLLLAVLLFLLATLISLLILI,30329.10824075287,1742.5212528709878,51.29270021248835
LLLLTVLLAILFLLLSLLILI,LLLLTVLLAILFALLSLLILI,Left,void,,,,,,,,,,,3620.41,4558.52,47.8093,57.63,3607.73,4631.83,110.838,130.379,-16.5571,1.1e+16,12,L,72.192,44.39155151,3562.78,3477.351,85.429,3.0,0.3740504910101586,0.1443947131006791,L,13930761111011.104,LLLLLALLLILFVLLSTLILI,28965.00163012829,1220.548722622692,22.23923962725842
LLLLFYLTALLILLVSLLILI,LLLLFALTALLILLVSLLILI,Left,void,,,,,,,,,,,3416.25,4117.43,47.8911,46.9778,3393.65,4271.81,159.391,151.82,-7.56343,1.1e+16,5,Y,83.317,36.05500757,3369.2722,3241.83,127.4422,3.0,0.1535510955791063,0.0706195790923989,L,99999900.0,LLLLALLTVLLALLFSLLILI,29195.61798694692,2138.368715814819,8.473421834475
LLLLFYLTALLILLVSLLILI,LLLLAYLTALLILLVSLLILI,Left,void,,,,,,,,,,,3443.98,4124.74,62.7554,51.0692,3393.65,4271.81,161.684,110.35,-7.56343,1.1e+16,4,F,87.406,36.87967232,3392.9108,3283.3,109.6108,3.0,0.4432405659509043,0.504191165062431,L,99999900.0,LLLVALLTILLALLFSLLILI,30657.45278251688,2462.6793061612025,7.092040661462354
LLLLVLLTALLFLLISLLILI,LLLLVLLTALLFALISLLILI,Left,void,,,,,,,,,,,3652.38,4687.68,46.0429,61.4136,3640.34,4731.56,100.008,126.696,-24.5798,1.1e+16,12,L,68.4084,47.3060036,3590.9664,3513.644,77.3224,3.0,0.3046391610064121,0.0430889155782295,L,-10.308879257280845,LLLLALLTILLFVLASLLILI,29847.78246803964,1432.879603511567,22.42100545588455
LLLLVLLTALLFLLISLLILI,LLLLVLLTALLFLLASLLILI,Left,void,,,,,,,,,,,3615.18,4706.91,42.5851,84.3996,3640.34,4731.56,90.0242,177.808,-24.5798,1.1e+16,14,I,45.4872,64.97935125,3530.7804,3462.532,68.2484,3.0,0.0512089270026992,0.4059706193642743,L,17494574999899.99,LLLVALLLILTFLLASLLILI,27061.19390531574,2677.5598377669503,27.66317550781204
LLLLALLFTLVSLLLILLILI,LLLLALLFTLVSLLLALLILI,Left,void,,,,,,,,,,,3624.12,4601.8,41.089,67.1159,3613.2,4607.38,79.9394,128.439,-16.9859,1.1e+17,15,I,62.6045,51.73889381,3557.0041,3484.761,72.2431,3.0,0.455846495836037,0.143433277214818,L,99999900.0,LLLFALLTILVALLLSLLILI,29166.674232922887,1870.889569496888,28.983911253922923
LLLLYWLLAVLLSLLFTLILI,LLLLYALLAVLLSLLFTLILI,Left,void,,,,,,,,,,,3479.59,4176.57,59.8876,45.1366,3504.5,4205.23,143.452,205.826,-15.0364,1.1e+16,5,W,68.872,47.14140549,3434.4534,3298.674,135.7794,3.0,0.4086046637802355,0.0504551710222271,L,17593913027754.363,LLLLLALLFVLTSLLAILILI,30492.05091276969,1456.483194565962,36.33227792394214
LLLLYWLLAVLLSLLFTLILI,LLLLYWLLAVLLSLLATLILI,Left,void,,,,,,,,,,,3533.05,4142.9,63.4581,41.9218,3504.5,4205.23,140.179,99.3912,-15.0364,1.1e+16,15,F,87.7986,32.31704497,3491.1282,3405.1088,86.0194,3.0,0.391707537446796,0.1906914367441009,L,12083983336519.488,LLLLLALLFVLTSLLAILILI,29674.17417257668,790.307328476744,21.00606040848415
LLLLYWLLTLLVALLSFLILI,LLLLYALLTLLVALLSFLILI,Left,void,,,,,,,,,,,3641.3,4197.7,51.0728,54.5386,3653.59,4217.38,128.882,203.791,-17.7225,1.1e+16,5,W,75.7562,41.85784851,3586.7614,3449.799,136.9624,3.0,0.5298988476171167,0.0475295309389938,L,99999900.0,LLLLIFLLWLLTALLSVLILI,30769.80504139003,310.7718183191497,40.5854081742192
LLLLYWLLTLLVALLSFLILI,LLLLYWLLTLLVALLSALILI,Left,void,,,,,,,,,,,3610.97,4071.05,58.4595,103.235,3653.59,4217.38,157.963,228.277,-17.7225,1.1e+16,16,F,26.2278,79.74105303,3507.735,3425.313,82.422,3.0,0.4401984063701903,0.2375896683450063,L,-17.49618907323708,LLLLIFLLWLLTALLSVLILI,29372.50080336141,1724.4627715682657,22.25961290981537
LLLLYSLVALLLLLTFLLILI,LLLLASLVALLLLLTFLLILI,Left,void,,,,,,,,,,,3352.75,4119.56,56.7178,53.2862,3369.02,4293.32,175.569,207.284,-6.22553,1.1e+16,4,Y,85.189,38.48068102,3299.4638,3161.736,137.7278,3.0,-0.2518292396134393,0.6529408723316305,L,99999900.0,LLLLAVLLFLLALLTSLLILI,26570.738792773504,5612.58853399611,17.162626328994165
LLLLVALLLILTLLLSFLILI,LLLLVALLLILTLLLSALILI,Left,void,,,,,,,,,,,3622.61,4570.02,44.0728,87.9993,3670.63,4639.4,124.17,237.491,-26.6839,1.1e+16,16,F,41.4635,67.97265315,3534.6107,3433.139,101.4717,3.0,0.4146972024228172,0.0282809568236519,L,-6.392100150436902,LLLLLALLLILFVLLSTLILI,29432.741932705936,631.9361585546069,32.27755841701552
LLLLVALLLILTLLLSFLILI,LLLLVALLAILTLLLSFLILI,Left,void,,,,,,,,,,,3718.64,4580.72,48.7209,23.3485,3670.63,4639.4,108.421,57.8779,-26.6839,1.1e+16,8,L,107.9811,17.77855107,3695.2915,3612.7521,82.5394,3.0,0.4835064502355124,0.0606427022689126,L,-17.599524838840484,LLLLLALLLILFVLLSTLILI,29502.90200970164,1427.5806115219823,36.0332768976383
LLLLAYLLALLFLLTSLLILI,LLLLAALLALLFLLTSLLILI,Left,void,,,,,,,,,,,3259.34,4043.18,50.4627,85.6196,3280.59,4214.25,165.442,239.623,-25.4867,1.1e+16,5,Y,44.6752,65.71221568,3173.7204,3040.967,132.7534,3.0,0.0412192733915113,0.0386480786941912,L,99999900.0,LLLVALLLILTFLLASLLILI,26719.59310758387,822.9661261923443,1.1359681348703643
LLLLAYLLALLFLLTSLLILI,LLLLAYLLALLALLTSLLILI,Left,void,,,,,,,,,,,3318.96,4117.58,58.6483,16.1453,3280.59,4214.25,146.952,108.95,-25.4867,1.1e+16,11,F,114.1225,12.39393004,3302.8147,3171.64,131.1747,3.0,0.4627945362238436,0.0192929175737548,L,14.622463393926871,LLLVALLTILLALLFSLLILI,30020.426129758776,249.9450767825641,38.96182100128484
LLLLLLLLAILFTLLSVLILI,LLLLALLLAILFTLLSVLILI,Left,void,,,,,,,,,,,3668.1,4658.34,53.947,14.9892,3631.62,4696.68,107.22,71.3322,-30.4619,1.1e+16,4,L,123.486,10.82446532,3653.1108,3560.2878,92.823,3.0,0.438375393976284,0.0963455223069467,L,-31.39298852048316,LLLLAYLVILLFTLLSLLILI,29333.624193827804,1109.805557248541,41.420485437354
LLLLLLLLAILFTLLSVLILI,LLLLLALLAILFTLLSVLILI,Left,void,,,,,,,,,,,3629.83,4631.31,50.3192,65.4347,3631.62,4696.68,110.435,130.386,-30.4619,1.1e+16,5,L,64.8601,50.22049997,3564.3953,3501.234,63.1613,3.0,0.4732957056636783,0.0755606728282735,L,15956068935132.432,LLLLLALLLILFVLLSTLILI,29561.973989515114,1236.28627053561,34.335628892020786
LLLLFWLLAVLTALLYLLILI,LLLLFALLAVLTALLYLLILI,Left,void,,,,,,,,,,,3228.03,4171.27,58.1798,5.73605,3214.47,4196.85,141.259,137.488,-19.9151,1.1e+16,5,W,124.55875,4.402362949,3222.29395,3076.982,145.31195,3.0,0.2249875711561969,0.2643184514234558,L,22452663636263.64,LLLLLALLFVLTSLLAILILI,27092.00077417095,2575.605557840207,33.683264833131524
LLLLFWLLAVLTALLYLLILI,LLLLFWLLAVLTALLALLILI,Left,void,,,,,,,,,,,3208.31,4071.58,57.5705,7.31852,3214.47,4196.85,164.207,139.812,-19.9151,1.1e+16,15,Y,122.40188,5.641764904,3200.99148,3074.658,126.33348,3.0,0.5202037518500227,0.18804717647476,L,-43.978067979508815,LLLLLALLFVLTSLLAILILI,29259.81900310038,2632.65367765218,31.667070434960987
LLLLYVLLFTLALLLLSLILI,LLLLAVLLFTLALLLLSLILI,Left,void,,,,,,,,,,,3287.94,4103.2,57.7349,37.6881,3261.83,4247.62,167.5,157.843,-18.4232,1.1e+16,4,Y,100.7871,27.21649797,3250.2519,3103.987,146.2649,3.0,0.6366766730117661,0.1173943895037813,L,-31.70364768408656,LLLLAVLLFLLATLISLLILI,29963.086323891323,2310.104971237909,58.85423676829088
LLLLYFLLALLAVLTSLLILI,LLLLYALLALLAVLTSLLILI,Left,void,,,,,,,,,,,3248.58,4077.73,52.576,32.875,3257.04,4168.06,139.631,179.346,-27.8769,1.1e+16,5,F,97.4198,25.23124484,3215.705,3077.694,138.011,3.0,0.239546877180408,0.0470468350935756,L,-52.61974215578197,LLLLAVLLFLLATLISLLILI,28467.1162343237,207.2834868521478,16.86905003637969
LLLLYFLLALLAVLTSLLILI,LLLLAFLLALLAVLTSLLILI,Left,void,,,,,,,,,,,3256.01,4012.07,57.2856,17.4637,3257.04,4168.06,171.653,132.518,-27.8769,1.1e+16,4,Y,121.0115,12.61142789,3238.5463,3124.522,114.0243,3.0,0.2837184051067321,0.1608693783326222,L,2.387792297553725,LLLLAVLLFLLATLISLLILI,28452.834080732315,1023.4928921890348,13.899448748411317
LLLLALLFILVTLLLSLLILI,LLLLALLAILVTLLLSLLILI,Left,void,,,,,,,,,,,3690.26,4534.19,52.5555,28.4176,3656.13,4676.82,158.46,75.2729,-13.0023,1.1e+17,7,F,101.1778,21.9279388,3661.8424,3580.8571,80.9853,3.0,0.3603557403239057,0.036516563645645,L,-39.46217301624556,LLLVALLLILTFLLASLLILI,28816.08505169952,1020.00431537693,31.58059329554436
LLLLALLFILVTLLLSLLILI,LLLLALLFALVTLLLSLLILI,Left,void,,,,,,,,,,,3664.63,4659.71,45.0898,62.9275,3656.13,4676.82,86.807,127.526,-13.0023,1.1e+17,8,I,68.4021,47.91570217,3601.7025,3528.604,73.0985,3.0,0.3820838634592187,0.0452372784655804,L,-18.27438332448465,LLLFALLTILVALLLSLLILI,29037.680128109285,914.0933734979552,33.86174507536764
LLLLFLLLLALTVLLSILILI,LLLLALLLLALTVLLSILILI,Left,void,,,,,,,,,,,3643.84,4527.91,42.0429,15.2344,3588.03,4610.44,128.632,72.1843,-10.0241,1.1e+16,4,F,43.3419,66.57440455,3628.6056,3515.8457,112.7599,3.0,0.2959832625538217,0.0005860453640511,L,16051053547467.254,LLLLALLLFVLTWLLSLLILI,28232.07446034669,1236.2259694087531,24.23867180695413
LLLLFLLLLALTVLLSILILI,LLLLFALLLALTVLLSILILI,Left,void,,,,,,,,,,,3588.32,4606.65,50.0876,78.7403,3588.03,4610.44,90.7219,142.801,-10.0241,1.1e+16,5,L,51.5545,60.43241941,3509.5797,3445.229,64.3507,3.0,0.796422078455119,0.1019415300815563,L,99999900.0,LLLLLALLFVLTSLLAILILI,32459.119771161968,832.9450075927401,59.23462413029792
LLLLTVLLALLFLLISLLILI,LLLLTVLAALLFLLISLLILI,Left,void,,,,,,,,,,,3598.36,4624.49,58.2358,103.071,3635.3,4682.71,118.519,209.474,-18.2847,1.1e+16,7,L,26.5244,79.53291552,3495.289,3425.826,69.463,3.0,0.2380636859961591,0.0791469209128925,L,99999900.0,LLLLAVLLFLLATLISLLILI,29580.158524178467,2115.7151638635087,24.044969538416247
LLLLTVLLALLFLLISLLILI,LLLLTVLLALLFLLASLLILI,Left,void,,,,,,,,,,,3609.87,4657.56,42.176,83.919,3635.3,4682.71,89.7895,178.462,-18.2847,1.1e+16,14,I,45.9678,64.60933675,3525.951,3456.838,69.113,3.0,0.4222032766528715,0.4130758654612611,L,99999900.0,LLLVALLLILTFLLASLLILI,30602.758371035936,2074.41263428213,10.640446431569584
LLLLYVLLLALTILLFSLILI,LLLLAVLLLALTILLFSLILI,Left,void,,,,,,,,,,,3374.18,4178.58,48.5396,28.5284,3344.07,4318.79,158.049,131.071,-12.5804,1.1e+16,4,Y,109.9468,20.60181173,3345.6516,3212.999,132.6526,3.0,0.1850690373643272,0.0535819871628372,L,15085417378841.266,LLLLALLLLFLTVLLSILILI,27286.01819686349,1553.955713391354,18.23289357299171
LLLLYVLLLALTILLFSLILI,LLLLYVLLLALTILLASLILI,Left,void,,,,,,,,,,,3371.17,4159.99,60.29,61.893,3344.07,4318.79,162.031,146.823,-12.5804,1.1e+16,15,F,67.8274,47.71261883,3309.277,3197.247,112.03,3.0,0.337978056550517,0.0207555624288046,L,-43.00174614222362,LLLLYVLLLILATLLFSLILI,28904.50905871517,603.2026180844839,26.438814646751645
LLLLLVLLAILFTLLSLLILI,LLLLLVLLAILATLLSLLILI,Left,void,,,,,,,,,,,3731.62,4551.19,54.6678,35.1496,3693.37,4665.01,149.563,95.9249,-8.93559,1.1e+16,11,F,95.1182,26.98256975,3696.4704,3597.4451,99.0253,3.0,0.4010026490891847,0.245989050236824,L,-31.70364768408656,LLLLAVLLFLLATLISLLILI,30995.486148955155,2204.9820414822893,18.568582180258986
LLLLLVLLAILFTLLSLLILI,LLLLAVLLAILFTLLSLLILI,Left,void,,,,,,,,,,,3739.95,4593.35,57.518,45.1737,3693.37,4665.01,119.599,90.5797,-8.93559,1.1e+16,4,L,93.3015,32.62223127,3694.7763,3602.7903,91.986,3.0,0.465588096230441,0.036405056065191,L,-24.480979272066463,LLLLAVLLFLLATLISLLILI,30871.55924844401,1220.283473961594,35.96951085865646
LLLLLALLLLLTVLFSLLILI,LLLLLALLLLLTVLASLLILI,Left,void,,,,,,,,,,,3643.2,4592.28,44.8899,92.1008,3718.54,4698.57,139.971,260.307,-16.6473,1.1e+16,14,F,37.786,70.90851418,3551.0992,3458.233,92.8662,3.0,0.364646854210102,0.0108386438816366,L,-14.995597831802144,LLLLALLTILLFVLASLLILI,28671.169514225658,1315.692783682957,29.193173664946432
LLLYFLLAILVTLLLSLLILI,LLLYFLLAALVTLLLSLLILI,Left,void,,,,,,,,,,,3747.71,4721.79,46.9023,89.8183,3755.49,4747.18,91.023,166.101,-11.7583,1.1e+17,8,I,41.5113,68.39151265,3657.8917,3589.389,68.5027,3.0,0.1594103383250707,0.0913808944924035,L,22452663636263.64,LLLYTLLAVLIALLLSLLILI,27524.20197659096,862.3021033260153,7.75204381173039
LLLYFLLAILVTLLLSLLILI,LLLYFLLAILVTLLASLLILI,Left,void,,,,,,,,,,,3795.06,4713.61,55.684,20.6298,3755.49,4747.18,109.073,47.0193,-11.7583,1.1e+17,14,L,109.257,15.88290727,3774.4302,3708.4707,65.9595,3.0,0.1795528630791995,0.0746345139438101,L,-30.425174573374424,LLLVALLLILTFLLASLLILI,28043.054081818125,199.77732864133355,10.367617018742576
LLLLVLLLTLLTALLFILILI,LLLLVLLLTLLTALLFALILI,Left,void,,,,,,,,,,,3715.51,4687.27,43.4963,84.9145,3713.41,4700.53,84.8546,160.025,-26.3522,1.1e+16,16,I,44.5483,65.58988373,3630.5955,3553.385,77.2105,3.0,0.3694952411294891,0.0753737453073056,L,22452663636263.64,LLLLIFLLWLLTALLSVLILI,28793.368628562217,1190.998803373817,34.574933369735795
LLLLVLLLTLLTALLFILILI,LLLLVLLLTALTALLFILILI,Left,void,,,,,,,,,,,3713.42,4642.82,45.9518,72.1218,3713.41,4700.53,104.007,141.526,-26.3522,1.1e+16,9,L,57.545,55.62086826,3641.2982,3571.884,69.4142,3.0,7.43293252214761,1.2659830625737114,L,99999900.0,LLLLALLLLFLTVLLSILILI,63598.53557709723,26678.51013281973,681.0529913842605
LLLLWILTYLLAVLLFLLILI,LLLLWILTYLLAVLLALLILI,Left,void,,,,,,,,,,,3342.26,4118.18,59.7735,39.3118,3313.4,4267.55,159.007,117.636,-14.7712,1.1e+16,15,F,90.4086,30.30502527,3302.9482,3195.764,107.1842,3.0,0.6957016954415356,0.0167805978889314,L,5455839830044.311,LLLLWILTYLLAVLLFLLILI,31428.56680923021,690.1831003322901,55.92242841727596
LLLLWILTYLLAVLLFLLILI,LLLLAILTYLLAVLLFLLILI,Left,void,,,,,,,,,,,3315.39,4248.18,45.1921,30.7278,3313.4,4267.55,122.828,110.395,-14.7712,1.1e+16,4,W,107.7474,22.19011058,3284.6622,3203.005,81.6572,3.0,0.7118479940368325,0.0510517554274701,L,3358936087227.713,LLLLWILTYLLAVLLFLLILI,31081.239420672067,1349.00744549869,61.1652696418999
LLLLYVLLALLFTLLSILILI,LLLLAVLLALLFTLLSILILI,Left,void,,,,,,,,,,,3322.29,4059.74,59.3395,38.6939,3344.33,4216.73,172.166,201.708,-10.8778,1.1e+16,4,Y,99.7813,27.94283742,3283.5961,3142.622,140.9741,3.0,0.1430092131288425,0.0763311011421359,L,18438674142933.074,LLLLAVLLFLLATLISLLILI,27653.137075624323,892.5675275308714,16.108822404366475
LLLLYVLLALLFTLLSILILI,LLLLYVLLALLATLLSILILI,Left,void,,,,,,,,,,,3375.1,4079.57,54.2811,27.0739,3344.33,4216.73,155.092,91.0768,-10.8778,1.1e+16,11,F,103.1939,20.7832634,3348.0261,3253.2532,94.7729,3.0,0.246130322247776,0.0246796138618366,L,-52.68689609255618,LLLLAVLLFLLATLISLLILI,28165.948646135515,820.1248751852744,21.555042460157804
LLLVALLLFLLSLLYTLLILI,LLLVALLLFLLSLLATLLILI,Left,void,,,,,,,,,,,3467.21,4083.25,59.761,37.9059,3451.33,4227.44,168.709,168.987,-7.71278,1.1e+17,14,Y,91.9809,29.18379697,3429.3041,3282.343,146.9611,3.0,0.278985456118074,0.0455284939213106,L,-31.77553271986776,LLLVALLLILTFLLASLLILI,28408.24331667841,829.7424041993341,25.447450480436824
LLLLALLYVLTFLLASLLILI,LLLLALLAVLTFLLASLLILI,Left,void,,,,,,,,,,,3724.51,4613.77,62.1301,36.808,3721.44,4783.78,175.944,171.352,-12.8531,1.1e+17,7,Y,92.7874,28.40224267,3687.702,3550.088,137.614,3.0,0.3401421391648213,0.0564636717810867,L,-11.571741234895944,LLLTSLLAVLLALLFSLLILI,28755.069142803342,921.9642603013216,24.55095036804144
LLLLALLYVLTFLLASLLILI,LLLLALLYVLTALLASLLILI,Left,void,,,,,,,,,,,3773.28,4652.55,55.5607,22.961,3721.44,4783.78,153.827,94.9884,-12.8531,1.1e+17,11,F,107.3068,17.62599814,3750.319,3626.4516,123.8674,3.0,0.6633995209148925,0.0920517630058354,L,6617246268007.766,LLLTSLLAVLLALLFSLLILI,31073.88370191415,777.222125123529,59.57411668320199
LLLLFVLTILLALLYSLLILI,LLLLFVLTILLALLASLLILI,Left,void,,,,,,,,,,,3958.95,4617.73,48.1347,33.5517,3958.39,4760.41,157.575,177.609,-14.9817,1.1e+16,14,Y,96.3351,25.83149327,3925.3983,3780.781,144.6173,3.0,0.2708409726068546,0.1070349725434804,L,-69.81766323460906,LLLVALLTILLALLFSLLILI,28775.3601044814,230.2841681544359,15.95936293515861
LLLLFVLTILLALLYSLLILI,LLLLFVLTILLAALYSLLILI,Left,void,,,,,,,,,,,3921.97,4720.6,44.3702,89.5119,3958.39,4760.41,96.6872,192.207,-14.9817,1.1e+16,12,L,40.3101,68.94971576,3832.4581,3766.183,66.2751,3.0,0.1171147320114482,0.129363081072968,L,-31.77301490607945,LLLVALLTILLALLFSLLILI,27338.71557468936,727.3383776573914,2.096875938907914
LLLYWLLTVLFLLLASLLILI,LLLYALLTVLFLLLASLLILI,Left,void,,,,,,,,,,,3919.27,4712.33,54.8839,38.6924,3839.77,4904.26,189.227,114.461,-12.368,1.1e+17,4,W,99.7828,27.94175419,3880.5776,3725.309,155.2686,3.0,0.1966531837480694,0.105242725908283,L,-29.811782310334166,LLLVALLLILTFLLASLLILI,27732.595164124625,989.4689602467848,9.996105445601062
LLLLYLLVILLATLLFLLILI,LLLLALLVILLATLLFLLILI,Left,void,,,,,,,,,,,3475.44,4159.03,45.3589,28.1934,3415.95,4325.8,161.833,119.217,-9.08882,1.1e+16,4,Y,110.2818,20.35989116,3447.2466,3296.733,150.5136,3.0,0.1210940391665074,0.0658816113054608,L,-58.57370419797847,LLLVALLTILLALLFSLLILI,27526.11503755773,389.60402967884073,6.093138702515172
LLLLYLLVILLATLLFLLILI,LLLLYLLVILLATLLALLILI,Left,void,,,,,,,,,,,3441.61,4175.82,59.7336,60.634,3415.95,4325.8,159.526,154.227,-9.08882,1.1e+16,15,F,69.0864,46.74206987,3380.976,3261.723,119.253,3.0,0.3386551021073092,0.0689618658827691,L,12387165859143.94,LLLLAVLIFLLATLLSLLILI,28705.98794707261,1007.8430451273056,31.68213278960242
LLLLVALLLLLTALLFILILI,LLLLVALLLLLTALLFALILI,Left,void,,,,,,,,,,,3629.55,4736.83,43.3223,72.1564,3623.66,4754.0,87.5896,140.979,-30.3335,1.1e+16,16,I,57.3064,55.73523823,3557.3936,3482.681,74.7126,3.0,0.397955927298841,0.2474855553558904,L,-32.788420066314,LLLLIFLLWLLTALLSVLILI,29288.13744791061,1456.8436851718816,18.23289267543022
LLLLVALLLLLTALLFILILI,LLLLVALLLALTALLFILILI,Left,void,,,,,,,,,,,3616.73,4690.0,48.4372,60.2825,3623.66,4754.0,108.188,127.621,-30.3335,1.1e+16,9,L,69.3843,46.49031209,3556.4475,3496.039,60.4085,3.0,0.7105358944007767,0.1312936417017957,L,-38.12011365543594,LLLLLALLFVLTSLLAILILI,31366.323950179427,867.1264134838831,65.69799286166199
LLLLFLLLAILYVLLSTLILI,LLLLALLLAILYVLLSTLILI,Left,void,,,,,,,,,,,3706.79,4657.82,53.5727,33.3787,3614.9,4706.32,124.342,95.5041,-34.6086,1.1e+16,4,F,105.0965,24.10446058,3673.4113,3519.3959,154.0154,3.0,0.3545170439433432,0.0600482544510529,L,-53.62147917663373,LLLLALLLFVLTWLLSLLILI,28560.684826844987,1378.4194996572285,32.46384976504153
LLLLTVLLALLFILLSLLILI,LLLLTVLLAALFILLSLLILI,Left,void,,,,,,,,,,,3691.86,4711.19,41.0456,79.6309,3717.0,4742.92,92.8542,179.768,-9.8057,1.1e+16,9,L,50.0359,61.41194199,3612.2291,3537.232,74.9971,3.0,-0.1853628074500891,0.3235674306518762,L,99999900.0,LLLLAVLLALLLILLSTLILI,28251.321901481475,5838.09301332966,3.551918934519968
LLLLTVLLALLFILLSLLILI,LLLLTVLLALLFILLSALILI,Left,void,,,,,,,,,,,3697.95,4722.45,42.9447,84.6926,3717.0,4742.92,89.7937,178.515,-9.8057,1.1e+16,16,L,44.7702,65.41848315,3613.2574,3538.485,74.7724,3.0,0.2653896197556739,0.0042832037240146,L,-34.41478078788564,LLLLAVLLALLLILLSTLILI,27992.26369220637,1280.3174446482478,21.95058878112708
LLLLVALLTILFLLLSLLILI,LLLLVALLTILALLLSLLILI,Left,void,,,,,,,,,,,3625.45,4602.57,51.1315,89.4369,3666.05,4653.35,126.938,231.18,-5.33422,1.1e+16,11,F,40.8309,68.65618365,3536.0131,3434.87,101.1431,3.0,3.635614460627288,4.10423564067264,L,99999900.0,LLLLLALLLILFVLLSTLILI,47790.32623546911,28469.32310898931,59.982322427290754
LLLLFLLLAVLLTLLSILILI,LLLLALLLAVLLTLLSILILI,Left,void,,,,,,,,,,,3671.4,4563.32,56.9983,28.7115,3632.12,4657.65,145.787,73.3871,-5.46692,1.1e+16,4,F,109.7637,20.73403757,3642.6885,3558.7329,83.9556,3.0,0.3859634070830787,0.0205471445818504,L,-46.91547081439743,LLLLALLLFVLTWLLSLLILI,28954.88145813586,1095.8501370021988,30.374990486739083
LLLLVFLLALLYLLTSLLILI,LLLLVFLLALLALLTSLLILI,Left,void,,,,,,,,,,,3389.59,4036.22,58.4215,30.6962,3321.94,4180.72,168.78,114.982,-18.9478,1.1e+16,11,Y,99.5716,23.56391986,3358.8938,3206.958,151.9358,3.0,0.3708549757627223,0.1141641344182502,L,-99.99957050919583,LLLLAVLLFLLATLISLLILI,30588.50238157552,1826.2647349702384,23.72601518358409
LLLLVFLLALLYLLTSLLILI,LLLLVALLALLYLLTSLLILI,Left,void,,,,,,,,,,,3271.34,4096.09,47.9816,71.1555,3321.94,4180.72,134.938,227.205,-18.9478,1.1e+16,5,F,59.1393,54.6111587,3200.1845,3094.735,105.4495,3.0,0.1377251256121998,0.3403423408164853,L,99999900.0,LLLLWVLLFLLAILTSLLILI,33192.5566224034,10092.905488655626,30.943272508985714
LLLLLVLTALLYILFLLLILI,LLLLLVLTALLAILFLLLILI,Left,void,,,,,,,,,,,3432.67,4156.01,49.2547,19.4115,3403.15,4278.48,152.146,108.259,-17.9392,1.1e+16,11,Y,110.8563,14.90122655,3413.2585,3294.891,118.3675,3.0,0.1966975920626602,0.1243751955468485,L,19153648817317.625,LLLLALLTVLLALLFSLLILI,27796.49472345084,924.3902054053808,8.893393305802197
LLLLALLFLLTSLLYVLLILI,LLLLALLFLLTSLLAVLLILI,Left,void,,,,,,,,,,,3714.03,4664.25,45.9171,15.2994,3687.91,4779.82,149.33,115.641,-17.8677,1.1e+17,14,Y,114.5874,11.77902604,3698.7306,3572.269,126.4616,3.0,0.0501767872887066,0.0892859607568474,L,-26.50732855075285,LLLVALLLILTFLLASLLILI,27535.497618620764,1300.4405760818238,9.266335507790767
LLLLALLFLLTSLLYVLLILI,LLLLALLFALTSLLYVLLILI,Left,void,,,,,,,,,,,3670.44,4735.71,45.5183,62.0548,3687.91,4779.82,98.9303,151.18,-17.8677,1.1e+17,8,L,69.2748,47.2511909,3608.3852,3536.73,71.6552,3.0,0.1873181698373001,0.6045248302938697,L,-99.99956421714332,LLLFALLLILTALLYVLLILI,29228.593940947725,4444.111828313177,50.27534211681366
LLLLVALLLFLLYLLSTLILI,LLLLVALLLALLYLLSTLILI,Left,void,,,,,,,,,,,3673.99,4707.22,44.0872,62.4022,3725.42,4781.57,128.017,218.173,-25.4376,1.1e+16,9,F,67.2646,48.12504049,3611.5878,3507.247,104.3408,3.0,0.315191449455947,0.084189692807526,L,99999900.0,LLLLLALLLILFVLLSTLILI,28677.5360248224,892.7858367328713,30.643888971668336
LLLLVALLLFLLYLLSTLILI,LLLLVALLAFLLYLLSTLILI,Left,void,,,,,,,,,,,3793.96,4746.59,39.1082,20.9031,3725.42,4781.57,94.7974,43.3728,-25.4376,1.1e+16,8,L,110.4265,15.91651844,3773.0569,3682.0472,91.0097,3.0,0.3598725204583156,0.3385269847523668,L,22795790908990.91,LLLLLALLLILFVLLSTLILI,30527.300377943127,2108.069254897456,9.854013315262227
LLLVALLTILLYLLFSLLILI,LLLVALLTILLYLLASLLILI,Left,void,,,,,,,,,,,3868.68,4613.01,46.1109,30.7772,3810.52,4669.72,121.376,102.403,-6.30302,1.1e+17,14,F,99.1096,23.69540246,3837.9028,3708.117,129.7858,3.0,0.5554619260464447,0.0191788414709974,L,-65.20794917815806,LLLVALLLILTFLLASLLILI,30737.685420797843,142.74078275394743,44.31528536446297
LLLVALLTILLYLLFSLLILI,LLLVALLTALLYLLFSLLILI,Left,void,,,,,,,,,,,3834.01,4661.54,38.5192,58.4579,3810.52,4669.72,75.0651,112.011,-6.30302,1.1e+17,8,I,72.8717,44.5123567,3775.5521,3698.509,77.0431,3.0,0.4856894311531646,0.1237115392159834,L,99999900.0,LLLTSLLAVLLALLFSLLILI,31715.050374602008,2367.0823131251727,32.564811581362164
LLLALLLFVLTSLLYLLLILI,LLLALLLFVLTSLLALLLILI,Left,void,,,,,,,,,,,3321.06,4114.11,52.922,12.8517,3291.34,4234.29,157.054,138.624,-14.4737,1.1e+17,14,Y,117.0351,9.894538937,3308.2083,3152.716,155.4923,3.0,0.1866129769983792,0.058635806392023,L,-31.8475711433535,LLLLALLYVLTFLLASLLILI,28218.079068789884,145.2823547701845,11.870108303365036
LLLLTILLLVLALLLSFLILI,LLLLTALLLVLALLLSFLILI,Left,void,,,,,,,,,,,3726.44,4673.89,53.2609,96.51,3743.43,4719.3,105.84,176.506,-12.5314,1.1e+16,5,I,33.7848,74.07049245,3629.93,3566.924,63.006,3.0,0.111917276473418,0.0345932517644979,L,-41.19150676595576,LLLLLALLLILFVLLSTLILI,27271.087788598168,718.7559633549904,7.151949207382423
LLLLTILLLVLALLLSFLILI,LLLLTILLLVLAALLSFLILI,Left,void,,,,,,,,,,,3693.05,4630.15,57.5063,105.058,3743.43,4719.3,123.302,213.726,-12.5314,1.1e+16,12,L,24.764,80.92465068,3587.992,3529.704,58.288,3.0,0.1496292965020976,0.087620927789009,L,-40.06435452046129,LLLLWALLFVLATLLSLLILI,27785.994535207243,284.11062290785367,7.16959604198904
LLLLFVLLILLATLYSLLILI,LLLLFVLAILLATLYSLLILI,Left,void,,,,,,,,,,,3928.99,4629.91,56.6935,68.2426,3931.94,4685.28,114.902,151.398,-9.43159,1.1e+16,7,L,61.3528,52.6581962,3860.7474,3780.542,80.2054,3.0,0.176989788759515,0.1416776138186909,L,-28.772532261874044,LLLLAVLLFLLATLISLLILI,27400.308589476583,1394.3072295985007,6.281217416411322
LLLLTLLLALIVLLFSLLILI,LLLLTLLAALIVLLFSLLILI,Left,void,,,,,,,,,,,3751.78,4642.51,55.4798,23.1519,3724.49,4701.8,117.611,68.9513,-9.97523,1.1e+17,7,L,106.4435,17.86475446,3728.6281,3655.5387,73.0894,3.0,0.163818986844883,0.0465886066585046,L,-31.177667392588425,LLLTSLLAVLLALLFSLLILI,28027.33191647704,712.9078775317963,16.09072128721327
LLLLTLLLALIVLLFSLLILI,LLLLTLLLALAVLLFSLLILI,Left,void,,,,,,,,,,,3720.26,4670.4,57.9056,76.3378,3724.49,4701.8,102.582,150.914,-9.97523,1.1e+17,10,I,52.2336,59.37385764,3643.9222,3573.576,70.3462,3.0,0.2112072859665116,0.1563083883029812,L,-5.971336953905143,LLLTALLLLLVALLFSLLILI,28016.90085350022,839.3560823893263,8.233409029687571
LLLTALLLLLVALLFSLLILI,LLLTALLLALVALLFSLLILI,Left,void,,,,,,,,,,,3608.35,4559.99,48.6468,54.3675,3610.84,4623.01,108.211,131.753,-17.9063,1.1e+17,8,L,76.9621,41.39775039,3553.9825,3479.087,74.8955,3.0,0.4446027157597673,0.1150839923690221,L,-33.89886478351374,LLLTSLLAVLLALLFSLLILI,29472.31718140319,1151.8356586047237,29.703732830913864
LLLLLFLLAVLTSLLLILILI,LLLLLALLAVLTSLLLILILI,Left,void,,,,,,,,,,,3601.9,4526.5,54.6123,37.2025,3553.75,4671.13,153.278,104.107,-34.4201,1.1e+16,5,F,93.0923,28.55255927,3564.6975,3449.643,115.0545,3.0,-0.1285748550294997,1.639820390635869,L,19084990908990.9,LLLLLALLFVLTSLLAILILI,26991.89476008435,10063.91815075352,84.30882301852178
LLLLLFLLAVLTSLLLILILI,LLLLAFLLAVLTSLLLILILI,Left,void,,,,,,,,,,,3531.41,4622.18,53.2108,55.7803,3553.75,4671.13,110.458,161.149,-34.4201,1.1e+16,4,L,82.6949,40.28179775,3475.6297,3392.601,83.0287,3.0,0.3662337352275154,0.0802595429972988,L,17775156358375.047,LLLLLALLFVLTSLLAILILI,28989.23161849469,892.9085486840407,25.30864988588169
LLLLYVLLLILATLLLSLILI,LLLLAVLLLILATLLLSLILI,Left,void,,,,,,,,,,,3349.8,4035.51,45.8766,35.6904,3331.59,4174.23,155.888,161.375,-14.5478,1.1e+16,4,Y,102.7848,25.77385698,3314.1096,3170.215,143.8946,3.0,0.3880388111583379,0.1351641301495976,L,-44.021478467434925,LLLLAVLLFLLATLISLLILI,28786.71406199353,1647.9379160010026,23.916932705058453
LLLLYVLLLILATLLLSLILI,LLLLYALLLILATLLLSLILI,Left,void,,,,,,,,,,,3338.75,4161.01,46.3076,51.74,3331.59,4174.23,72.7938,93.792,-14.5478,1.1e+16,5,V,78.5548,39.70995005,3287.01,3237.798,49.212,3.0,0.2762846067050105,0.0920986296569734,L,15604426611743.52,LLLLLALLLILFVLLSTLILI,28030.679058619942,1442.1575123435505,17.268230755450205
LLLVALLTILLALLFSLLILI,LLLVALLTALLALLFSLLILI,Left,void,,,,,,,,,,,3741.85,4629.78,48.3035,60.9063,3715.19,4643.39,87.9579,115.659,-15.9385,1.1e+17,8,I,70.4233,46.37667365,3680.9437,3599.531,81.4127,3.0,0.2733021087208776,0.07020415470987,L,-46.30059316032739,LLLTSLLAVLLALLFSLLILI,28535.13912545733,745.8609662108279,26.409561591445325
LLLVALLTILLALLFSLLILI,LLLVALLTILAALLFSLLILI,Left,void,,,,,,,,,,,3655.95,4580.87,60.4583,107.252,3715.19,4643.39,118.256,224.803,-15.9385,1.1e+17,10,L,21.3194,83.41824076,3548.698,3490.387,58.311,3.0,0.3304185318674772,0.0777083125449977,L,-61.9201728636594,LLLTSLLAVLLALLFSLLILI,28795.985723855378,771.449560311361,22.527296674241352
LLLLTLLLYLLAVLFSLLILI,LLLLTLLLYLLAVLASLLILI,Left,void,,,,,,,,,,,3639.13,4655.86,48.0874,90.6138,3692.33,4772.2,146.596,238.057,-12.7449,1.1e+16,14,F,39.273,69.76367114,3548.5162,3454.273,94.2432,3.0,0.690013640545333,0.1256228459127077,L,9932996917673.59,LLLLAVLLFLLATLISLLILI,31056.49832587076,1587.3773549814227,49.16342086927104
LLLLTLLLYLLAVLFSLLILI,LLLLTLLAYLLAVLFSLLILI,Left,void,,,,,,,,,,,3634.55,4711.72,57.2538,103.292,3692.33,4772.2,118.958,224.198,-12.7449,1.1e+16,7,L,26.3034,79.70344626,3531.258,3468.132,63.126,3.0,0.5467205852215229,0.0354487336804366,L,3882804387488.618,LLLTSLLAVLLALLFSLLILI,30317.546152067665,765.7571842217943,42.65962610123692
LLLLYLLAVLTSLLFSLLILI,LLLLYLLAVLTSLLASLLILI,Left,void,,,,,,,,,,,3238.16,4109.67,56.7571,17.9949,3220.17,4189.68,141.639,130.777,-22.2275,1.1e+17,14,F,111.8919,13.85429466,3220.1651,3089.393,130.7721,3.0,0.4455421731713609,0.0593558231234886,L,8430664976460.789,LLLTSLLAVLLALLFSLLILI,29530.43559340995,906.132554879412,33.00306603416647
LLLLYLLAVLTSLLFSLLILI,LLLAYLLAVLTSLLFSLLILI,Left,void,,,,,,,,,,,3137.88,4100.56,64.2688,109.159,3220.17,4189.68,131.803,242.471,-22.2275,1.1e+17,3,L,60.5718,64.31301803,3028.721,2977.699,51.022,3.0,0.3297170278900036,0.0840226234266906,L,-76.5041394181119,LLLTSLLAVLLALLFSLLILI,29129.571121333032,243.46190066447764,22.1048015104802
LLLFALLLLLVTLLYSLLILI,LLLAALLLLLVTLLYSLLILI,Left,void,,,,,,,,,,,3369.2,4122.9,54.8724,105.815,3449.49,4264.16,157.067,270.168,-17.4217,1.1e+17,3,F,63.9158,62.34283937,3263.385,3179.322,84.063,3.0,0.2768369615109162,0.1369686044932281,L,24.79633968920692,LLLVALLLILTFLLASLLILI,28464.499943966643,839.7083391761205,14.71877430847841
LLLLILLTALLYVLLFLLILI,LLLLILLTALLAVLLFLLILI,Left,void,,,,,,,,,,,3366.67,4138.83,57.4831,31.2877,3336.66,4259.58,161.601,153.827,-17.389,1.1e+16,11,Y,98.9801,24.01798449,3335.3823,3182.833,152.5493,3.0,0.5245949484619892,2.563541985266102,L,99999900.0,LLLLWILTYLLAVLLFLLILI,41559.333333333336,26206.70037096112,191.1380641368011
LLLLILLTALLYVLLFLLILI,LLLLILLTALLYVLLALLILI,Left,void,,,,,,,,,,,3388.39,4147.74,59.1792,34.3167,3336.66,4259.58,150.292,106.378,-17.389,1.1e+16,15,F,95.4037,26.45435876,3354.0733,3230.282,123.7913,3.0,2.677641643621393,0.5286004922114883,L,99999900.0,LLLLWILTYLLAVLLFLLILI,41402.54781013842,7162.332937490119,249.53751344381857
LLLTALLFLLVALLLSLLILI,LLLTALLALLVALLLSLLILI,Left,void,,,,,,,,,,,3587.66,4545.89,49.7216,8.15618,3574.42,4637.73,142.789,97.4663,-9.62636,1.1e+17,7,F,121.43922,6.293572148,3579.50382,3476.9537,102.55012,3.0,0.3508927431844863,0.0617942226657566,L,-83.04510382453341,LLLTSLLAVLLALLFSLLILI,29044.60944669416,565.5824986252414,25.12186680703979
LLLTALLFLLVALLLSLLILI,LLLTALLFLLVALLASLLILI,Left,void,,,,,,,,,,,3616.12,4598.32,44.9514,15.3142,3574.42,4637.73,100.577,46.8185,-9.62636,1.1e+17,14,L,114.5726,11.79042058,3600.8058,3527.6015,73.2043,3.0,0.3241554733361967,0.181951251254144,L,-74.53341123196374,LLLTSLLAVLLALLFSLLILI,28945.41711012689,867.1404387916,15.987223891845936
LLLLVLLLTILLFLLSALILI,LLLLVLLLTILLALLSALILI,Left,void,,,,,,,,,,,3654.76,4534.79,51.6648,37.0835,3619.53,4679.81,153.585,121.207,-23.9979,1.1e+16,12,F,92.7385,28.56488114,3617.6765,3498.323,119.3535,3.0,0.3952483690159465,0.2966415756046057,L,20896141666566.67,LLLLTLLLFILALLLSVLILI,30375.88230070673,1568.3612211217148,15.169006029565908
LLLLVLLLTILLFLLSALILI,LLLLVLLLTILAFLLSALILI,Left,void,,,,,,,,,,,3600.72,4619.53,58.5527,48.5165,3619.53,4679.81,119.514,155.33,-23.9979,1.1e+16,11,L,81.7513,37.24366267,3552.2035,3464.2,88.0035,3.0,-0.516609378717269,1.0910567045676418,L,99999900.0,LLLLAVLLFILALLLSTLILI,25258.959190361973,8611.699790148825,20.843804471017044
LLLLLLLLAVLTALLFILILI,LLLLALLLAVLTALLFILILI,Left,void,,,,,,,,,,,3614.55,4602.62,51.5336,90.9463,3655.28,4640.65,104.894,201.807,-32.3253,1.1e+16,4,L,47.5289,65.67695876,3523.6037,3453.473,70.1307,3.0,0.3671391460796239,0.1493030724916761,L,20896141666566.67,LLLLLALLFVLTSLLAILILI,30432.38446473961,2177.181074079106,38.65725461632083
LLLLLLLLAVLTALLFILILI,LLLLLLLLAVLTALLFALILI,Left,void,,,,,,,,,,,3641.6,4621.81,44.3448,85.6181,3655.28,4640.65,87.2739,168.826,-32.3253,1.1e+16,16,I,43.8447,66.13336032,3555.9819,3486.454,69.5279,3.0,0.2967398747353501,0.0522688903158251,L,-57.00236805159877,LLLLLALLFVLTSLLAILILI,28510.336009671657,801.9158197484907,21.244185040164226
LLLYLLLTVLLALLFSLLILI,LLLYLLLTVLLALLASLLILI,Left,void,,,,,,,,,,,3484.09,4146.56,59.3246,38.522,3463.37,4304.42,162.007,85.5918,-9.49051,1.1e+17,14,F,91.3648,29.65813308,3445.568,3377.7782,67.7898,3.0,0.193890345395956,0.0998435608212152,L,7480838945493.745,LLLTSLLAVLLALLFSLLILI,28412.648356152706,250.0659998647704,10.082376490512084
LLLYLLLTVLLALLFSLLILI,LLLYLLLTVLAALLFSLLILI,Left,void,,,,,,,,,,,3410.57,4252.97,59.6474,111.216,3463.37,4304.42,118.053,228.258,-9.49051,1.1e+17,10,L,100.0827,23.17157425,3299.354,3235.112,64.242,3.0,0.1603393390424315,0.0904448084546377,L,8148707722928.218,LLLTSLLAVLLALLFSLLILI,27313.18450838325,1343.6825565343556,18.34216902408444
LLLYLLLTVLALLLFSLLILI,LLLYLLLTVLALLLASLLILI,Left,void,,,,,,,,,,,3517.83,4192.48,55.6598,40.929,3476.78,4317.66,150.653,99.9017,-9.84623,1.1e+17,14,F,88.9578,31.51128521,3476.901,3376.8783,100.0227,3.0,0.265989863882963,0.062354073201965,L,-34.84691570726206,LLLYTLLAVLIALLLSLLILI,28324.23011316173,756.8898054927565,18.146344479887738
LLLYLLLTVLALLLFSLLILI,LLLALLLTVLALLLFSLLILI,Left,void,,,,,,,,,,,3287.88,4131.97,53.9746,102.3,3476.78,4317.66,174.282,345.182,-9.84623,1.1e+17,3,Y,67.4308,60.27191294,3185.58,3131.598,53.982,3.0,0.5587693312691304,0.0454915266487982,L,-35.186048497794864,LLLTSLLAVLLALLFSLLILI,30754.670086606235,226.74421884561625,48.32535022702368
LLLLLALLLVLTFLLSILILI,LLLLLALLAVLTFLLSILILI,Left,void,,,,,,,,,,,3728.22,4579.08,63.5515,40.1692,3688.61,4672.55,132.344,85.4026,-8.97148,1.1e+16,8,L,91.1604,30.58655474,3688.0508,3603.2074,84.8434,3.0,0.4110835735273836,0.0924856801561848,L,15510589557556.098,LLLLLALLFVLTSLLAILILI,29236.026252865177,986.8389093449956,38.96543033969994
LLLLLALLLVLTFLLSILILI,LLLLAALLLVLTFLLSILILI,Left,void,,,,,,,,,,,3650.22,4633.32,47.6661,85.9601,3688.61,4672.55,101.474,193.51,-8.97148,1.1e+16,4,L,52.5151,62.0761696,3564.2599,3495.1,69.1599,3.0,0.307513867723171,0.1650794950587124,L,-59.29514161844859,LLLLLALLFVLTSLLAILILI,28255.65212845476,1548.6843822543908,34.69352475208576
LLLLAFLLTVLLLLLSILILI,LLLLAFLLTVLALLLSILILI,Left,void,,,,,,,,,,,3738.86,4659.17,50.3226,83.0468,3786.76,4716.95,111.137,201.698,-27.6632,1.1e+16,11,L,47.221,63.75082714,3655.8132,3585.062,70.7512,3.0,-0.4986687521833129,1.1164285819294328,L,99999900.0,LLLLALLLFVLTWLLSLLILI,25753.884441048747,9121.410024321172,23.77808512447648
LLLLYFLLAVLTALLLSLILI,LLLLYALLAVLTALLLSLILI,Left,void,,,,,,,,,,,3419.45,4019.96,60.4932,47.5824,3397.27,4173.14,161.002,127.469,-12.1996,1.1e+16,5,F,82.7124,36.51903223,3371.8676,3269.801,102.0666,3.0,0.4849623850315416,0.1356559642658046,L,11460125101366.912,LLLLLALLFVLTSLLAILILI,29443.13702250712,1747.6844602810188,31.81466373613158
LLLLYFLLAVLTALLLSLILI,LLLLAFLLAVLTALLLSLILI,Left,void,,,,,,,,,,,3264.11,4019.03,58.9567,60.9748,3397.27,4173.14,171.181,281.354,-12.1996,1.1e+16,4,Y,77.5004,44.03301097,3203.1352,3115.916,87.2192,3.0,0.5542193735847367,0.2810305315608994,L,-50.17262758907722,LLLLIFLLWLLTALLSVLILI,29844.27975064464,2465.0856013288844,29.071979624791272
LLLLYILTFLLAVLLSLLILI,LLLLAILTFLLAVLLSLLILI,Left,void,,,,,,,,,,,3332.83,4082.5,64.1418,41.2181,3312.31,4261.54,179.864,162.335,-14.4515,1.1e+16,4,Y,97.2571,29.7656909,3291.6119,3149.975,141.6369,3.0,0.343862748496311,0.0493968278597476,L,6811391799723.865,LLLVALLTILLALLFSLLILI,28952.567254881127,687.0033159250276,30.976644101295246
LLLLYILTFLLAVLLSLLILI,LLLLYILTALLAVLLSLLILI,Left,void,,,,,,,,,,,3344.93,4115.22,59.3142,14.8548,3312.31,4261.54,157.942,96.756,-14.4515,1.1e+16,8,F,116.4748,11.31108295,3330.0752,3215.554,114.5212,3.0,0.376849795058813,0.185355384994358,L,99999900.0,LLLLWILTYLLAVLLFLLILI,28750.833344703216,1730.7714952111871,20.099590382103045
LLLLFWLLTILVALLLSLILI,LLLLFALLTILVALLLSLILI,Left,void,,,,,,,,,,,3437.68,4008.71,48.8223,44.326,3366.49,4184.56,183.829,139.229,-17.6336,1.1e+16,5,W,85.9688,34.01977669,3393.354,3227.261,166.093,3.0,1.515933420362897,1.1615776734016192,L,99999900.0,LLLLLALLYVLTALLFSLILI,35293.2560108405,5331.307320348516,191.1380641368011
LLLLFWLLTILVALLLSLILI,LLLLAWLLTILVALLLSLILI,Left,void,,,,,,,,,,,3311.55,4103.09,55.9888,63.1748,3366.49,4184.56,141.909,222.341,-17.6336,1.1e+16,4,F,31.1602,77.49763134,3248.3752,3144.149,104.2262,3.0,0.5644872492853261,0.2573525546675217,L,20896141666566.67,LLLLYFLLAVLTALLLSLILI,31757.64404934324,1784.71655767247,31.280851016766302
LLLLFLLTALLLVLISLLILI,LLLLFLLTALLAVLISLLILI,Left,void,,,,,,,,,,,3642.93,4503.59,49.8288,31.0978,3593.61,4543.43,106.561,67.5436,-10.9712,1.1e+16,11,L,99.17,23.87220787,3611.8322,3526.0664,85.7658,3.0,0.7120964206632905,0.1138740162254289,L,99999900.0,LLLVALLTILLALLFSLLILI,30733.451667631514,1902.562036953099,64.81831111118787
LLLLFLLTALLLVLISLLILI,LLLLALLTALLLVLISLLILI,Left,void,,,,,,,,,,,3647.32,4495.9,55.7504,32.7765,3593.61,4543.43,129.199,59.9577,-10.9712,1.1e+16,4,F,105.6987,23.66958127,3614.5435,3533.6523,80.8912,3.0,0.2861892723418952,0.0511316191998522,L,99999900.0,LLLVALLTILLALLFSLLILI,29184.75840756142,502.9442630649924,20.447145936123345
LLLLYVLTALLILLLFLLILI,LLLLYVLTALLILLLALLILI,Left,void,,,,,,,,,,,3521.59,4179.83,55.687,45.5212,3450.79,4300.7,147.694,101.572,-8.79513,1.1e+16,15,F,84.1992,35.09178202,3476.0688,3349.218,126.8508,3.0,0.2817289373435008,0.0356553847231864,L,16465286666566.662,LLLLIVLTWLLALLFSLLILI,28328.386149199177,916.8937511130604,20.977310991218445
LLLLYVLTALLILLLFLLILI,LLLLAVLTALLILLLFLLILI,Left,void,,,,,,,,,,,3370.33,4117.16,63.2417,67.9708,3450.79,4300.7,181.806,254.145,-8.79513,1.1e+16,4,Y,70.5044,49.08517915,3302.3592,3196.645,105.7142,3.0,0.4843499785769213,0.3251871567435117,L,99999900.0,LLLLWILTYLLAVLLFLLILI,31561.85679546561,2357.308258885054,20.80485539392705
LLLLAVLLLILTLLLSFLILI,LLLLAVLLLILTLLLSALILI,Left,void,,,,,,,,,,,3645.38,4617.72,46.3102,90.2833,3747.86,4723.43,140.852,276.99,-18.7353,1.1e+16,16,F,39.1795,69.7368665,3555.0967,3470.87,84.2267,3.0,0.3147332064669537,0.0769029607973151,L,-30.180629789379687,LLLLALLLFVLTWLLSLLILI,28290.7928888674,1443.830702924452,21.29115915944161
LLLLAVLLLILTLLLSFLILI,LLLLAVLLLALTLLLSFLILI,Left,void,,,,,,,,,,,3751.77,4725.99,40.3477,79.4882,3747.86,4723.43,74.0482,145.976,-18.7353,1.1e+16,9,I,50.1786,61.30189069,3672.2818,3601.884,70.3978,3.0,0.3425257684367275,0.2738879933762686,L,-41.04024066288136,LLLLALLLFVLTWLLSLLILI,29973.22271522793,2313.599477054379,43.84861271943171
LLLLFLLLLVLAILLSTLILI,LLLLALLLLVLAILLSTLILI,Left,void,,,,,,,,,,,3664.58,4617.75,55.196,22.5779,3603.92,4712.35,142.905,78.0163,-15.4509,1.1e+16,4,F,115.8973,16.30465239,3642.0021,3525.9037,116.0984,3.0,0.293219761671997,0.0018526883567896,L,-30.74029819391229,LLLLALLLFVLTWLLSLLILI,28439.56197553672,860.6474544638123,23.87165861501032
LLLLFLLLLVLAILLSTLILI,LLLLFALLLVLAILLSTLILI,Left,void,,,,,,,,,,,3573.15,4655.84,54.0893,68.7527,3603.92,4712.35,109.441,169.501,-15.4509,1.1e+16,5,L,61.5421,52.76703291,3504.3973,3434.419,69.9783,3.0,0.5033299134283855,0.0547784344276306,L,-99.9994189561911,LLLLLALLLILFVLLSTLILI,29108.45336455492,2340.687861707188,37.99349492711396
LLLYLLLTILVALLLSLLILI,LLLYLLLTILVALLASLLILI,Left,void,,,,,,,,,,,3437.66,4157.78,56.5091,26.076,3397.51,4220.53,115.254,63.7214,-13.8679,1.1e+17,14,L,103.8108,20.07594305,3411.584,3333.7886,77.7954,3.0,0.3994483342659849,0.0532713231688917,L,19902138259809.785,LLLVALLLILTFLLASLLILI,29258.52164102608,785.0587474844556,29.58546419305093
LLLYLLLTILVALLLSLLILI,LLLYLLLTALVALLLSLLILI,Left,void,,,,,,,,,,,3382.58,4185.71,51.5232,78.5363,3397.51,4220.53,99.673,160.248,-13.8679,1.1e+17,8,I,52.7933,59.80091312,3304.0437,3237.262,66.7817,3.0,0.2127338568740656,0.1442647736498793,L,99999900.0,LLLVALLTILLALLFSLLILI,29528.141110849207,1899.5512075407585,9.054675729932962
LLLLYLLLAVLTSLLFSLILI,LLLLYLLLAVLTSLLASLILI,Left,void,,,,,,,,,,,3338.22,4079.17,62.4231,28.4922,3344.34,4191.09,152.192,144.565,-24.3779,1.1e+16,15,F,101.2282,21.9643171,3309.7278,3199.775,109.9528,3.0,0.1878411668696922,0.1529735476417389,L,-9.028247881465871,LLLLLALLFVLTSLLAILILI,28108.39365890471,449.9337525889909,6.515423936188454
LLLLYLLLAVLTSLLFSLILI,LLLLALLLAVLTSLLFSLILI,Left,void,,,,,,,,,,,3193.75,4036.66,55.266,87.1788,3344.34,4191.09,167.413,311.18,-24.3779,1.1e+16,4,Y,51.2964,62.95625498,3106.5712,3033.16,73.4112,3.0,0.4025945125214438,0.1202881963371799,L,-33.69190165542067,LLLLLALLFVLTSLLAILILI,29860.72018989694,448.2106954886397,25.967469800000146
LLLLLVLLAILLFLLSTLILI,LLLLLVLLAILAFLLSTLILI,Left,void,,,,,,,,,,,3795.99,4620.44,54.4845,33.0865,3736.93,4674.02,113.368,69.4516,-11.7071,1.1e+16,11,L,97.1813,25.39883225,3762.9035,3667.4784,95.4251,3.0,0.2947375764773468,0.0078993059479113,L,-31.2718613682901,LLLLLALLLILFVLLSTLILI,28320.037393556195,1075.2259989912693,23.646133370649554
LLLLLVLLAILLFLLSTLILI,LLLLAVLLAILLFLLSTLILI,Left,void,,,,,,,,,,,3771.75,4634.82,57.8884,45.4577,3736.93,4674.02,111.742,98.1949,-11.7071,1.1e+16,4,L,93.0175,32.82732215,3726.2923,3638.7351,87.5572,3.0,0.1035560504776585,0.0473812076948203,L,-41.15781908354677,LLLLLALLLILFVLLSTLILI,27205.01545827397,931.4383466776558,11.208399036343176
LLLLYVLTALLILLFSLLILI,LLLLAVLTALLILLFSLLILI,Left,void,,,,,,,,,,,3468.34,4079.26,63.8789,58.0686,3540.3,4258.02,180.448,240.622,-5.7224,1.1e+16,4,Y,80.4066,41.93429582,3410.2714,3299.678,110.5934,3.0,0.2847911430470522,0.0563767516215764,L,-99.99956421714332,LLLVALLTILLALLFSLLILI,29794.57991154111,1566.0141970757925,20.02950819655525
LLLLYVLTALLILLFSLLILI,LLLLYVLTALLILLASLLILI,Left,void,,,,,,,,,,,3429.73,4107.05,58.2896,116.29,3540.3,4258.02,159.348,299.435,-5.7224,1.1e+16,14,F,13.5968,89.5318077,3313.44,3240.865,72.575,3.0,0.3767548529482261,0.0293138059911719,L,99999900.0,LLLLALLTILLFVLASLLILI,29016.64604946002,885.3263991197616,29.11500139510132
LLLLYVLTFLLAILLSLLILI,LLLLAVLTFLLAILLSLLILI,Left,void,,,,,,,,,,,3342.52,4030.26,64.0586,49.494,3327.74,4156.19,171.601,158.969,-9.71426,1.1e+16,4,Y,88.9812,35.74214011,3293.026,3168.771,124.255,3.0,0.1671918876971118,0.1114806691325604,L,-80.99965690227395,LLLVALLTILLALLFSLLILI,27657.9856936112,763.7456973496433,7.226121193190287
LLLLYVLTFLLAILLSLLILI,LLLLYVLTALLAILLSLLILI,Left,void,,,,,,,,,,,3351.49,4036.23,50.1369,11.1341,3327.74,4156.19,146.594,95.3825,-9.71426,1.1e+16,8,F,120.1955,8.477982115,3340.3559,3232.3575,107.9984,3.0,0.372468336631092,0.0400578837123954,L,17358218531765.914,LLLLAVLLFLLATLISLLILI,30814.80678562579,2268.995917725957,28.14317945827792
LLLLFALLLILTLLLSVLILI,LLLLFALLLALTLLLSVLILI,Left,void,,,,,,,,,,,3680.8,4684.02,45.3837,88.3593,3687.7,4691.6,84.0969,164.985,-16.2365,1.1e+16,9,I,41.3075,68.14334895,3592.4407,3522.715,69.7257,3.0,0.2564266430923506,0.0274532117692803,L,-26.89338372986253,LLLLIFLLWLLTALLSVLILI,28489.825817517,368.1390393499146,19.382445953623613
LLLLFALLLILTLLLSVLILI,LLLLFALLLILTALLSVLILI,Left,void,,,,,,,,,,,3650.01,4617.83,57.9087,96.9055,3687.7,4691.6,121.073,190.895,-16.2365,1.1e+16,12,L,32.9165,74.6448984,3553.1045,3496.805,56.2995,3.0,0.4336394025744653,0.0772608802846566,L,-47.3523296154181,LLLLIFLLWLLTALLSVLILI,29413.782805010527,1001.26755758724,30.99431866163801
LLLVALLLLLISLLFTLLILI,LLLVALLLLLASLLFTLLILI,Left,void,,,,,,,,,,,3603.43,4600.71,58.318,95.0238,3617.38,4633.67,102.799,175.615,-10.5996,1.1e+17,10,I,33.5476,73.90741642,3508.4062,3441.765,66.6412,3.0,0.2709514160532038,0.0071441244351024,L,-26.790239184580493,LLLVALLLILTFLLASLLILI,28399.080696152298,695.0649327721401,22.57085284627974
LLLVALLLLLISLLFTLLILI,LLLVALLLALISLLFTLLILI,Left,void,,,,,,,,,,,3611.48,4573.03,47.4329,61.2818,3617.38,4633.67,106.146,127.935,-10.5996,1.1e+17,8,L,70.0478,46.66259548,3550.1982,3489.445,60.7532,3.0,0.3213748001858307,0.0058249636790746,L,-61.44178356487071,LLLVALLLILTFLLASLLILI,29016.880169103115,294.0739733903948,25.94440981510052
LLLYWLLTILLALLFSLLILI,LLLYALLTILLALLFSLLILI,Left,void,,,,,,,,,,,3639.55,4259.59,49.9867,44.3855,3654.35,4278.25,127.069,195.78,-16.5746,1.1e+17,4,W,94.0897,32.05303188,3595.1645,3458.57,136.5945,3.0,0.2769758977438034,0.0227057530098352,L,3356874517062.8657,LLLTSLLAVLLALLFSLLILI,28527.61266879449,527.8127029933908,21.337437431889832
LLLYWLLTILLALLFSLLILI,LLLYWLLTILLALLASLLILI,Left,void,,,,,,,,,,,3725.58,4119.49,60.149,51.3881,3654.35,4278.25,162.986,55.4237,-16.5746,1.1e+17,14,F,78.4987,39.5637586,3674.1919,3598.9263,75.2656,3.0,0.2789832319652309,0.0589522991181417,L,3224611205295.678,LLLTSLLAVLLALLFSLLILI,28755.49934256897,167.81902374781913,19.4056193051569
LLLLVALLLTLIALLFSLILI,LLLLVALLLTLIALLASLILI,Left,void,,,,,,,,,,,3266.98,3927.44,61.6346,35.7859,3262.53,4030.24,154.788,140.569,-8.15537,1.1e+16,15,F,93.9345,27.58694854,3231.1941,3121.961,109.2331,3.0,0.5757055653297787,0.1789006985183358,L,-39.6703764172037,LLLLLALLYVLTALLFSLILI,30551.80299713344,1299.473279492366,36.73477151730796
LLLLVALLLTLIALLFSLILI,LLLLVALLATLIALLFSLILI,Left,void,,,,,,,,,,,3313.68,3991.48,54.5397,21.2933,3262.53,4030.24,110.423,53.1789,-8.15537,1.1e+16,8,L,110.0363,16.21363348,3292.3867,3209.3511,83.0356,3.0,2.350318602990286,0.3167406790330289,L,99999900.0,LLLLLALLYVLTALLFSLILI,40420.37068623024,5132.960329811981,210.5189501042682
LLLLYWLLTILAFLLSLLILI,LLLLYALLTILAFLLSLLILI,Left,void,,,,,,,,,,,3500.76,4150.73,50.062,43.0226,3512.76,4166.89,125.909,185.686,-19.6515,1.1e+16,5,W,87.2722,33.01942979,3457.7374,3327.074,130.6634,3.0,0.7520340664200571,2.885189470496576,L,99999900.0,LLLLLALLLILFVLLSTLILI,42466.45888132876,26247.623607543464,228.33688784572325
LLLLYWLLTILAFLLSLLILI,LLLLYWLLTILAALLSLLILI,Left,void,,,,,,,,,,,3553.26,4080.66,46.2078,15.5718,3512.76,4166.89,132.876,75.6247,-19.6515,1.1e+16,12,F,114.2502,11.99473125,3537.6882,3437.1353,100.5529,3.0,0.2786078401240871,0.2646966433386223,L,19288746153746.164,LLLLWALLFVLATLLSLLILI,28627.433849935915,1221.4568665920967,7.477660575340263
LLLLALLYTLVALLFSLLILI,LLLAALLYTLVALLFSLLILI,Left,void,,,,,,,,,,,3570.98,4645.93,39.0753,74.0679,3604.07,4699.37,97.9903,180.514,-30.9719,1.1e+17,3,L,95.6629,43.63845572,3496.9121,3423.556,73.3561,3.0,0.8636979840149468,0.1808363218911844,L,22795790908990.91,LLLTSLLAVLLALLFSLLILI,33703.18389868931,1609.5265848594229,60.17415512054375
LLLVSLLLFLIALLLTLLILI,LLLVSLLLALIALLLTLLILI,Left,void,,,,,,,,,,,3398.27,3999.2,51.1052,53.6821,3428.64,4088.75,139.558,202.802,-8.78259,1.1e+17,8,F,77.6475,40.87585738,3344.5879,3225.838,118.7499,3.0,0.8087658130530253,0.1723111378103985,L,-42.88480789272731,LLLTSLLAVLIALLFLLLILI,31730.02949545489,1375.541986019884,76.10284942140062
LLLVSLLLFLIALLLTLLILI,LLLVSLLAFLIALLLTLLILI,Left,void,,,,,,,,,,,3509.85,4050.83,53.8748,19.1374,3428.64,4088.75,109.483,53.095,-8.78259,1.1e+17,7,L,110.458,14.76703648,3490.7126,3375.545,115.1676,3.0,0.1669060839810259,0.0481132418642238,L,-41.96152407656954,LLLTSLLAVLLALLFSLLILI,27552.19920046264,994.132256960726,16.431339223580444
LLLLAILLAVLFTLLSLLILI,LLLLAILLAVLFTLLSALILI,Left,void,,,,,,,,,,,3585.66,4615.15,41.6228,83.1558,3603.97,4635.32,89.6375,177.414,-16.9599,1.1e+16,16,L,46.307,64.23142401,3502.5042,3426.556,75.9482,3.0,0.4559300775848701,0.1249602791382984,L,4.1291708134299085,LLLLAYLVILLFTLLSLLILI,29340.789474296027,1531.235208939932,30.058955863954008
LLLLAILLAVLFTLLSLLILI,LLLLAALLAVLFTLLSLLILI,Left,void,,,,,,,,,,,3580.14,4598.27,58.4016,106.983,3603.97,4635.32,104.041,188.471,-16.9599,1.1e+16,5,I,23.3118,82.10841876,3473.157,3415.499,57.658,3.0,0.2247738546855718,0.1083036423113097,L,-46.011881093553534,LLLLAVLLFLLATLISLLILI,28350.94912176369,309.7232775104696,12.118745893042956
LLLVSLLILLTALLFLLLILI,LLLVSLLILLTALLALLLILI,Left,void,,,,,,,,,,,3396.97,4050.11,56.3385,17.0772,3357.43,4200.98,156.828,67.0771,-11.0634,1.1e+17,14,F,112.8096,13.14775635,3379.8928,3290.3529,89.5399,3.0,0.3143280679038369,0.0136369959751996,L,-42.63726605561695,LLLVALLLILTFLLASLLILI,28619.648094956985,803.0973656481697,24.916411061097595
LLLVSLLILLTALLFLLLILI,LLLVSLLILLTALLFALLILI,Left,void,,,,,,,,,,,3372.42,4140.31,56.4442,83.3671,3357.43,4200.98,113.754,144.656,-11.0634,1.1e+17,15,L,46.3533,64.26676143,3289.0529,3212.774,76.2789,3.0,0.5046546751183879,0.0258180031179206,L,-44.089424183529694,LLLTSLLAVLLALLFSLLILI,29836.09945576965,988.9007046347384,42.7623562709994
LLLLLALLYVLTALLFSLILI,LLLLLALLAVLTALLFSLILI,Left,void,,,,,,,,,,,3341.96,4065.26,64.2203,45.6335,3359.19,4204.26,170.397,192.571,-10.0435,1.1e+16,8,Y,85.6961,34.74730754,3296.3265,3166.619,129.7075,3.0,0.434220612526716,0.0004601034795478,L,-24.171071679989048,LLLLLALLFVLTSLLAILILI,29809.08066924045,229.18089337177287,35.48288836714153
LLLLLALLYVLTALLFSLILI,LLLLLALLYALTALLFSLILI,Left,void,,,,,,,,,,,3392.2,4203.54,47.9179,35.4762,3359.19,4204.26,66.6501,56.9107,-10.0435,1.1e+16,9,V,94.1906,27.35950914,3356.7238,3302.2793,54.4445,3.0,0.7666388909618834,0.0397000246589528,L,5242495396329.59,LLLLLALLFVLTSLLAILILI,31885.9440855405,886.5028244208385,60.39817159337891
LLLLLLLLTVLTALLFILILI,LLLLLLLLTVLTALLFALILI,Left,void,,,,,,,,,,,3639.05,4647.28,43.6973,80.137,3647.37,4661.6,85.7599,160.766,-6.98164,1.1e+16,16,I,49.3258,61.89963449,3558.913,3486.604,72.309,3.0,0.6463441645283127,0.3126177514182127,L,99999900.0,LLLLLALLFVLTSLLAILILI,31440.052174832297,1746.236945137066,34.77917318969441
LLLLLLLLTVLTALLFILILI,LLLLALLLTVLTALLFILILI,Left,void,,,,,,,,,,,3613.93,4622.23,48.6517,81.0543,3647.37,4661.6,102.958,186.326,-6.98164,1.1e+16,4,L,57.4209,58.53344137,3532.8757,3461.044,71.8317,3.0,0.6619285738521077,0.0597132953674137,L,19288746153746.164,LLLLLALLFVLTSLLAILILI,31647.865795525195,438.589783462976,50.6779428505834
LLLLALLTVLLYILFSLLILI,LLLLALLTVLLYILASLLILI,Left,void,,,,,,,,,,,4041.25,4592.07,48.6484,44.7766,3991.42,4651.28,127.637,108.216,-5.81587,1.1e+16,14,F,85.1102,34.47355697,3996.4734,3883.204,113.2694,3.0,0.4697321363056798,0.0464577337682707,L,5471878767001.811,LLLVALLTILLALLFSLLILI,29359.0529291169,1375.4516001062186,41.09997870695607
LLLLLALLFVLTSLLAILILI,LLLLLALLAVLTSLLAILILI,Left,void,,,,,,,,,,,3609.37,4548.8,54.0166,18.7986,3593.55,4686.3,154.009,82.1646,-32.851,1.1e+16,8,F,112.531,14.31406172,3590.5714,3511.3854,79.186,3.0,0.8118600095315318,0.0987462246799509,L,-38.07748888825165,LLLLLALLFVLTSLLAILILI,31312.70552832372,2126.7846465531534,72.10196070295946
LLLLLALLFVLTSLLAILILI,LLLLLALLFVLTSLLAALILI,Left,void,,,,,,,,,,,3603.87,4666.95,44.5462,82.9043,3593.55,4686.3,87.8316,149.733,-32.851,1.1e+16,16,I,46.5585,64.03715971,3520.9657,3443.817,77.1487,3.0,0.3932218983025894,0.0918755140611503,L,-26.018342966753583,LLLLLALLFVLTSLLAILILI,29319.57871760652,708.4559313600608,26.843976705296903
LLLLLVLLLALITLLSFLILI,LLLLLVLLLALITLLSALILI,Left,void,,,,,,,,,,,3638.33,4627.89,40.7525,81.9794,3691.49,4679.23,118.908,230.647,-5.93778,1.1e+16,16,F,47.4834,63.32274599,3556.3506,3460.843,95.5076,3.0,0.2937911152116984,0.0086089431195251,L,-45.87984280939881,LLLLLALLLILFVLLSTLILI,28566.916277539527,676.6893489410336,24.523331092153647
LLLLLVLLLALITLLSFLILI,LLLLAVLLLALITLLSFLILI,Left,void,,,,,,,,,,,3665.74,4636.31,46.0199,73.4256,3691.49,4679.23,100.118,174.635,-5.93778,1.1e+16,4,L,65.0496,53.02436826,3592.3144,3516.855,75.4594,3.0,0.0760733591816024,0.0072748886460526,L,-55.04419253016136,LLLLAVLLFLLATLISLLILI,26904.08140144876,969.0724718193532,6.641766008364662
LLLLVALLLILTSLLFLLILI,LLLLVALLAILTSLLFLLILI,Left,void,,,,,,,,,,,3768.36,4582.67,55.5757,35.5905,3717.95,4642.57,115.66,75.7117,-21.2384,1.1e+16,8,L,95.7391,27.10013584,3732.7695,3642.2383,90.5312,3.0,-0.1175374972855623,0.5761912763570911,L,99999900.0,LLLLLALLFVLTSLLAILILI,27413.256200011943,4992.8810716817225,23.70659459909323
LLLLVALLLILTSLLFLLILI,LLLLVALLLILTSLLFALILI,Left,void,,,,,,,,,,,3712.49,4610.49,43.5633,85.5802,3717.95,4642.57,93.8173,171.898,-21.2384,1.1e+16,16,L,43.8826,66.1040855,3626.9098,3546.052,80.8578,3.0,0.5044462094221738,0.0629248522282594,L,-48.2724300939784,LLLLLALLFVLTSLLAILILI,29735.857391566668,1295.735900204067,37.61371256119273
LLLLVALLLLLTSLLFILILI,LLLLVALLALLTSLLFILILI,Left,void,,,,,,,,,,,3623.16,4608.47,55.921,23.5664,3591.39,4668.76,116.436,69.3141,-27.3171,1.1e+16,8,L,107.7632,17.94446949,3599.5936,3522.0759,77.5177,3.0,0.3222989877509409,0.0269524853342241,L,19890075513525.508,LLLLLALLFVLTSLLAILILI,29107.923977392384,144.90450225324008,24.79827907069704
LLLATLLLLLVALLFSLLILI,LLLATLLALLVALLFSLLILI,Left,void,,,,,,,,,,,3604.8,4592.36,51.4878,10.8766,3592.76,4665.54,117.655,66.7527,-15.6841,1.1e+17,7,L,118.7188,8.392736162,3593.9234,3526.0073,67.9161,3.0,0.3530247897487579,0.0640791094597366,L,-48.803249239736544,LLLTSLLAVLLALLFSLLILI,28808.67113252897,1003.040496342482,25.164095716780743
LLLATLLLLLVALLFSLLILI,LLLATLLLALVALLFSLLILI,Left,void,,,,,,,,,,,3583.6,4624.05,45.9417,62.6437,3592.76,4665.54,98.506,128.228,-15.6841,1.1e+17,8,L,68.6859,47.69960466,3520.9563,3464.532,56.4243,3.0,0.4056237092796751,0.0794510421790983,L,0.6283682077284464,LLLTSLLAVLLALLFSLLILI,29065.049740351413,1250.389517644041,28.576617041277885
LLLLAVLLFILALLLSTLILI,LLLLAVLLAILALLLSTLILI,Left,void,,,,,,,,,,,3667.81,4511.21,51.3194,26.8617,3610.49,4598.31,139.455,84.8978,-12.483,1.1e+16,8,F,104.4679,20.45365249,3640.9483,3525.5922,115.3561,3.0,0.5525237285659161,0.2653236294697078,L,-43.29577707527974,LLLLAVLLFLLATLISLLILI,30292.767922131425,1412.3507249292225,60.526491338870805
LLLLAVLLFILALLLSTLILI,LLLLAVLLFILAALLSTLILI,Left,void,,,,,,,,,,,3607.89,4594.8,44.8937,80.6474,3610.49,4598.31,83.3926,145.89,-12.483,1.1e+16,12,L,49.1746,62.12152024,3527.2426,3464.6,62.6426,3.0,0.22747249955474,0.0639355923671398,L,-26.45977420751568,LLLLAVLLFLLATLISLLILI,28015.361762496264,818.4094702306342,14.905037065353037
LLLLVSLLILLTALLFLLILI,LLLLVSLLILLTALLALLILI,Left,void,,,,,,,,,,,3307.87,4033.26,61.388,24.0667,3283.19,4094.13,140.738,112.516,-7.46926,1.1e+16,15,F,105.6537,18.55274884,3283.8033,3170.674,113.1293,3.0,0.3960964400267836,0.209748744135228,L,-53.29855380864383,LLLLIFLLWLLTALLSVLILI,28948.6092779998,1737.5422675716252,20.262976618836547
LLLLVSLLILLTALLFLLILI,LLLLVSLLIALTALLFLLILI,Left,void,,,,,,,,,,,3273.83,4033.39,46.9598,56.777,3283.19,4094.13,105.584,139.383,-7.46926,1.1e+16,9,L,72.8898,43.78684444,3217.053,3143.807,73.246,3.0,0.6628728088986271,0.2883850449177588,L,-16.563658902976584,LLLLLALLYVLTALLFSLILI,32229.37705800798,1759.6643844305136,37.53211234128312
LLLFALLLILTALLYVLLILI,LLLFALLLILTALLAVLLILI,Left,void,,,,,,,,,,,3671.59,4583.97,45.4872,17.2566,3646.12,4682.16,140.817,116.411,-8.29746,1.1e+17,14,Y,112.6302,13.28587662,3654.3334,3529.709,124.6244,3.0,0.2333194580882773,0.0714129669466981,L,-45.7599398406142,LLLVALLLILTFLLASLLILI,28065.164961544007,813.2893416301223,14.950804378484175
LLLFALLLILTALLYVLLILI,LLLAALLLILTALLYVLLILI,Left,void,,,,,,,,,,,3635.74,4607.98,53.1191,93.7211,3646.12,4682.16,138.781,213.578,-8.29746,1.1e+17,3,F,76.0097,55.21749735,3542.0189,3432.542,109.4769,3.0,0.2071429861578367,0.1229715476292154,L,7.999362173210366,LLLVALLLILTFLLASLLILI,30007.666642587257,2809.786129979956,9.828758530529631
LLLLALLLLFLTVLLSILILI,LLLLAALLLFLTVLLSILILI,Left,void,,,,,,,,,,,3645.11,4588.63,47.7271,94.224,3652.7,4593.9,89.8094,166.999,-17.0934,1.1e+16,5,L,36.0708,72.31600954,3550.886,3485.701,65.185,3.0,0.3270239807956663,0.1360835170067983,L,-40.45511771086391,LLLLLALLFVLTSLLAILILI,28868.04458809288,797.810291069902,18.874125934799444
LLLYSLLLLLTFLLAVLLILI,LLLYSLLLLLTALLAVLLILI,Left,void,,,,,,,,,,,3552.37,4163.71,57.4884,25.3678,3505.01,4304.61,154.527,98.8988,-6.11415,1.1e+17,11,F,104.9,19.47357674,3527.0022,3406.1112,120.891,3.0,0.2830574987112474,0.0342825605328837,L,22452663636263.64,LLLVALLLILTFLLASLLILI,28535.03168539104,581.2961199348497,21.165341655331368
LLLYSLLLLLTFLLAVLLILI,LLLYSLLLALTFLLAVLLILI,Left,void,,,,,,,,,,,3524.91,4281.5,45.6266,45.0503,3505.01,4304.61,93.2759,117.481,-6.11415,1.1e+17,8,L,86.2793,34.303234,3479.8597,3387.529,92.3307,3.0,0.1108146835588721,0.1198684657366559,L,99999900.0,LLLVALLLILTFLLASLLILI,29257.912069687885,2703.467324564952,2.1307039087680977
LLLLTILLFLLALLVSLLILI,LLLLTILLALLALLVSLLILI,Left,void,,,,,,,,,,,3675.18,4568.79,46.8489,20.6911,3604.77,4657.62,134.186,69.2344,-19.5654,1.1e+16,8,F,110.6385,15.75509253,3654.4889,3535.5356,118.9533,3.0,0.2639754085887605,0.0317684961679281,L,-25.913176565979963,LLLLAVLLFLLATLISLLILI,28477.93067381398,601.5664984106959,23.424287582363323
LLLLTILLFLLALLVSLLILI,LLLLTILAFLLALLVSLLILI,Left,void,,,,,,,,,,,3584.75,4581.08,57.9383,51.3664,3604.77,4657.62,123.025,160.217,-19.5654,1.1e+16,7,L,78.229,39.63597473,3533.3836,3444.553,88.8306,3.0,0.3304837789872614,0.1527298509041121,L,-60.90004601463095,LLLTSLLAVLLALLFSLLILI,28483.750719573185,1499.4306330628508,18.194477909498712
LLLLFLLLTALLVLLSILILI,LLLLFLLLTALAVLLSILILI,Left,void,,,,,,,,,,,3728.62,4672.24,49.1487,27.4375,3686.42,4686.98,95.346,55.0556,-5.34626,1.1e+16,11,L,102.8303,21.06238073,3701.1825,3631.3644,69.8181,3.0,0.1144629919041624,0.0427374847780339,L,18998407692207.707,LLLLALLLLFLTVLLSILILI,27400.050364522136,541.796196832053,6.889187584759663
LLLLALLLYVLFLLLSTLILI,LLLLALLLAVLFLLLSTLILI,Left,void,,,,,,,,,,,3663.71,4716.0,51.9246,33.6761,3677.47,4863.91,161.694,165.688,-9.61096,1.1e+16,8,Y,97.6535,25.64242943,3630.0339,3511.782,118.2519,3.0,0.2598433945201144,0.004516573110367,L,22452663636263.64,LLLLALLLFVLTWLLSLLILI,29433.83504585987,1364.1540504957657,20.988181027695425
LLLLALLLYVLFLLLSTLILI,LLLLALLLYVLALLLSTLILI,Left,void,,,,,,,,,,,3636.92,4751.1,47.7464,85.2804,3677.47,4863.91,142.698,226.368,-9.61096,1.1e+16,11,F,44.9874,65.46544887,3551.6396,3451.102,100.5376,3.0,0.7895966051051173,0.1681272168001329,L,-71.94575053955668,LLLVALLLFLTALLLSLLILI,31793.134418715563,1075.764088617304,74.29330159556368
LLLLILLTALLYVLFLLLILI,LLLLILLTALLAVLFLLLILI,Left,void,,,,,,,,,,,3823.45,4693.02,49.959,24.7077,3769.26,4812.98,152.358,111.85,-11.8498,1.1e+16,11,Y,105.5601,18.96685136,3798.7423,3657.41,141.3323,3.0,1.0024480347150166,1.2524712409500685,L,99999900.0,LLLVALLTILLALLFSLLILI,34326.639829275235,6973.815410714171,9.553017423735312
LLLLILLTALLYVLFLLLILI,LLLLILLTALLYVLALLLILI,Left,void,,,,,,,,,,,3782.14,4742.67,43.7373,67.9184,3769.26,4812.98,126.524,170.247,-11.8498,1.1e+16,14,F,61.9684,52.290456,3714.2216,3599.013,115.2086,3.0,0.705991895195432,0.2637852864954834,L,99999900.0,LLLLALLTILLFVLASLLILI,32283.468919339542,1554.3577683396938,42.48077739882624
LLLLYLLLTVLLALLFSLILI,LLLLALLLTVLLALLFSLILI,Left,void,,,,,,,,,,,3284.67,4144.06,48.7599,89.1394,3432.09,4284.46,157.807,311.293,-7.11973,1.1e+16,4,Y,49.3358,64.37210417,3195.5306,3120.797,74.7336,3.0,0.3729904046973368,0.1659565870102815,L,18449040197459.81,LLLLALLLFVLTWLLSLLILI,29178.489998823607,1089.461911567673,40.09875319676669
LLLLTVLLAILYLLLSFLILI,LLLLTVLLAILALLLSFLILI,Left,void,,,,,,,,,,,3710.58,4590.21,50.5187,12.8324,3685.15,4737.51,161.146,158.634,-19.5299,1.1e+16,11,Y,117.4354,9.850784307,3697.7476,3526.516,171.2316,3.0,0.1866286796739023,0.0436285665871788,L,-36.64917161105873,LLLLAVLLFILALLLSTLILI,27894.246499782003,534.1771446555198,12.739192884238362
LLLLTVLLAILYLLLSFLILI,LLLLTVLLAILYLLLSALILI,Left,void,,,,,,,,,,,3584.05,4635.99,44.0236,88.5929,3685.15,4737.51,136.775,273.264,-19.5299,1.1e+16,16,F,40.8699,68.43116324,3495.4571,3411.886,83.5711,3.0,0.3328111093856252,0.0664279986375816,L,16051053547467.254,LLLLAVLLFILALLLSTLILI,29354.25875379543,207.04833560864503,23.37524505368044
LLLLFVLLAILYLLLSTLILI,LLLLFVLLAILALLLSTLILI,Left,void,,,,,,,,,,,3673.08,4587.04,52.2848,27.9033,3606.39,4642.91,139.241,132.469,-26.8807,1.1e+16,11,Y,102.3645,21.41995182,3645.1767,3473.921,171.2557,3.0,0.4059698823821949,0.0218940180243318,L,-20.44915699214418,LLLLLALLLILFVLLSTLILI,29188.52553309977,919.6037267384588,34.46525034118565
LLLLFVLLAILYLLLSTLILI,LLLLAVLLAILYLLLSTLILI,Left,void,,,,,,,,,,,3661.89,4599.06,53.6055,43.7284,3606.39,4642.91,122.683,93.2303,-26.8807,1.1e+16,4,F,94.7468,31.57850648,3618.1616,3513.1597,105.0019,3.0,0.2918648401141179,0.2099400054849037,L,-99.99961118047024,LLLLLALLLILFVLLSTLILI,28151.56486756853,1758.7692714736306,11.728112881318491
LLLFALLTILVALLLSLLILI,LLLAALLTILVALLLSLLILI,Left,void,,,,,,,,,,,3237.41,3950.64,59.6874,108.966,3274.35,4096.73,163.767,249.687,-6.23415,1.1e+17,3,F,60.7648,64.19930855,3128.444,3024.663,103.781,3.0,0.3865533756021596,0.092291553207929,L,6225974039362.635,LLLVALLLILTFLLASLLILI,29007.92782260323,1075.0959003686044,36.948185587679085
LLLFALLTILVALLLSLLILI,LLLFALLTILVALLASLLILI,Left,void,,,,,,,,,,,3305.45,4057.21,56.5887,31.355,3274.35,4096.73,111.997,85.4763,-6.23415,1.1e+17,14,L,98.5318,24.14025136,3274.095,3188.8737,85.2213,3.0,0.322954832391264,0.0025052882814764,L,-81.89558305054561,LLLVALLLILTFLLASLLILI,28874.85875235559,496.6092278539247,26.265582700909967
LLLLVALLLTLISLLFLLILI,LLLLVALLLTLISLLALLILI,Left,void,,,,,,,,,,,3695.38,4584.92,42.5072,19.8027,3630.2,4665.21,130.017,75.3678,-9.83795,1.1e+16,15,F,109.9177,15.26567911,3675.5773,3554.8322,120.7451,3.0,0.4759519470084076,0.0029317114646123,L,18407645754860.566,LLLLLALLFVLTSLLAILILI,29164.577620834192,1813.8772508692864,39.09170753378623
LLLLVALLLTLISLLFLLILI,LLLLVALLLTLISLLFALILI,Left,void,,,,,,,,,,,3613.48,4613.75,43.938,47.797,3630.2,4665.21,103.052,151.509,-9.83795,1.1e+16,16,L,81.6658,36.91948575,3565.683,3478.691,86.992,3.0,0.6443964908501109,0.1796025898056791,L,99999900.0,LLLLVALLLLLTALLFSLILI,30535.87457265757,1502.7839564471524,63.0827619137731
LLLFALLLLLVSLLLTLLILI,LLLAALLLLLVSLLLTLLILI,Left,void,,,,,,,,,,,3283.08,4040.89,52.6084,96.88,3305.81,4120.97,140.295,223.977,-16.8039,1.1e+17,3,F,72.8508,57.07862097,3186.2,3081.833,104.367,3.0,0.3354767025148095,0.0603319862692771,L,-30.447703378944983,LLLVALLLLLTFLLASLLILI,29250.264517832256,48.57970496093303,23.94573538845746
LLLFALLLLLVSLLLTLLILI,LLLFALLLLLVSLLATLLILI,Left,void,,,,,,,,,,,3357.44,4082.7,56.3031,28.9342,3305.81,4120.97,111.214,60.0355,-16.8039,1.1e+17,14,L,100.9526,22.27647459,3328.5058,3245.7745,82.7313,3.0,0.2308461335490248,0.0119070025897359,L,-44.12490911448528,LLLVALLLILTFLLASLLILI,28035.15669799545,814.5811449135263,18.18950138227319
LLLFALLLLLTSLLYSLLILI,LLLFALLLLLTSLLASLLILI,Left,void,,,,,,,,,,,3244.25,4095.52,56.3539,20.9448,3258.01,4217.2,159.557,167.262,-23.7467,1.1e+17,14,Y,108.942,16.12542614,3223.3052,3090.748,132.5572,3.0,1.1737367809877988,1.3737254473659828,L,99999900.0,LLLVALLLILTFLLASLLILI,33606.60354473795,9036.30370458234,16.549010407776308
LLLFALLLLLTSLLYSLLILI,LLLAALLLLLTSLLYSLLILI,Left,void,,,,,,,,,,,3234.46,4132.94,54.5979,94.3428,3258.01,4217.2,142.35,221.088,-23.7467,1.1e+17,3,F,75.388,55.58378326,3140.1172,3036.922,103.1952,3.0,0.2798144750356087,0.3484300293644577,L,20750795506624.254,LLLVALLLILTFLLASLLILI,30115.531388717816,2275.897099481381,2.7344151515188884
LLLLYVLLFLLATLLILLILI,LLLLAVLLFLLATLLILLILI,Left,void,,,,,,,,,,,3368.21,4099.38,57.6339,37.9519,3330.65,4244.33,167.625,152.498,-14.5024,1.1e+16,4,Y,100.5233,27.4070014,3330.2581,3178.152,152.1061,3.0,0.0844144942357015,0.0641543779960765,L,-61.70816611060855,LLLLAVLLFLLATLISLLILI,27270.376404389342,403.8308055986468,3.193453753536857
LLLLYVLLFLLATLLILLILI,LLLLYVLLALLATLLILLILI,Left,void,,,,,,,,,,,3385.3,4137.16,55.4201,23.2592,3330.65,4244.33,147.869,102.43,-14.5024,1.1e+16,8,F,108.0704,17.71055421,3362.0408,3228.22,133.8208,3.0,0.5749724294630629,0.5008166447082988,L,99999900.0,LLLLAVLLFLLATLISLLILI,29604.177113611928,3946.152330538959,18.05988173739457
LLLLYFLLTILVALLLSLILI,LLLLAFLLTILVALLLSLILI,Left,void,,,,,,,,,,,3318.23,4062.22,54.0484,70.9557,3463.3,4219.41,167.81,294.547,-5.06039,1.1e+16,4,Y,67.5195,51.24072758,3247.2743,3168.753,78.5213,3.0,0.4700081036988986,0.0992980992613284,L,99999900.0,LLLLYFLLAVLTALLLSLILI,30593.385295815064,714.7647554600144,32.69414942690764
LLLLTLLVALLLFLISLLILI,LLLLTLLVALLLALISLLILI,Left,void,,,,,,,,,,,3562.22,4595.37,47.0255,56.5692,3600.75,4677.03,133.222,210.302,-10.2022,1.1e+16,12,F,73.2528,43.57443268,3505.6508,3390.448,115.2028,3.0,0.3984298113641417,0.0157029664271393,L,-54.13732477506507,LLLLYLLVALLTILFSLLILI,29172.17034118941,869.3237795100097,31.674579178228555
LLLLTLLVALLLFLISLLILI,LLLLTLLVALLAFLISLLILI,Left,void,,,,,,,,,,,3652.39,4637.66,49.3312,16.4658,3600.75,4677.03,105.462,51.5176,-10.2022,1.1e+16,11,L,113.802,12.63996168,3635.9242,3549.2324,86.6918,3.0,0.4296669593242592,0.0411562772559436,L,-32.1059023880386,LLLLAVLLFLLATLISLLILI,29244.37629669563,1163.634982227532,32.757227080659995
LLLFALLLVLITLLYSLLILI,LLLFALLLVLITLLASLLILI,Left,void,,,,,,,,,,,3436.7,4033.5,54.7857,42.9966,3374.2,4145.18,157.854,109.452,-17.2718,1.1e+17,14,Y,86.8902,33.10313288,3393.7034,3264.748,128.9554,3.0,0.3132297894493635,0.0256544131589634,L,-43.49106927704761,LLLVALLLILTFLLASLLILI,28687.14671625004,678.6626392315687,24.131683945165744
LLLFALLLVLITLLYSLLILI,LLLAALLLVLITLLYSLLILI,Left,void,,,,,,,,,,,3329.23,4058.8,53.0266,100.454,3374.2,4145.18,142.797,248.693,-17.2718,1.1e+17,3,F,69.2768,59.18430833,3228.776,3125.507,103.269,3.0,0.3472492728238016,0.030294008198943,L,1.9533993515487087,LLLVALLLILTFLLASLLILI,28477.21949775189,1455.8679595152769,26.645426961225454
LLLLYVLIALLLTLFLLLILI,LLLLAVLIALLLTLFLLLILI,Left,void,,,,,,,,,,,3451.3,4108.08,57.1343,44.4787,3426.96,4264.43,172.054,173.966,-18.8045,1.1e+16,4,Y,93.9965,32.12033635,3406.8213,3252.994,153.8273,3.0,0.3301970316277115,0.0287916276704498,L,17822635177873.094,LLLLAVLLFLLATLISLLILI,30017.903876668755,1434.0804381303906,25.33781243923213
LLLLYVLIALLLTLFLLLILI,LLLLYVLIALLLTLALLLILI,Left,void,,,,,,,,,,,3336.05,4169.83,53.6789,80.9448,3426.96,4264.43,139.251,253.447,-18.8045,1.1e+16,14,F,48.942,62.31949667,3255.1052,3173.513,81.5922,3.0,0.2487021445151478,0.0672051218470315,L,99999900.0,LLLLAVLIFLLATLLSLLILI,29757.517777092613,1933.5324050468887,16.45208320570814
LLLFALLTVLLSLLYLLLILI,LLLFALLTVLLSLLALLLILI,Left,void,,,,,,,,,,,3469.35,4090.99,55.4136,26.349,3461.91,4233.92,164.672,180.624,-7.76537,1.1e+17,14,Y,103.5378,20.28612607,3443.001,3281.286,161.715,3.0,0.2825260814350747,0.0492159514183518,L,-25.652850722252897,LLLVALLTILLALLFSLLILI,28392.36589555968,827.6975205267435,20.258353549710343
LLLFALLTVLLSLLYLLLILI,LLLAALLTVLLSLLYLLLILI,Left,void,,,,,,,,,,,3360.72,4097.34,59.0379,114.386,3461.91,4233.92,162.124,296.444,-7.76537,1.1e+17,3,F,55.3448,67.39260052,3246.334,3165.466,80.868,3.0,0.2170107655191843,0.0678918101214573,L,-3.09790134046567,LLLVALLTILLALLFSLLILI,27866.97385065263,950.5938363103664,13.82073209085912
LLLYLLLATLVALLFSLLILI,LLLYLLLATLVALLASLLILI,Left,void,,,,,,,,,,,3767.6,4674.78,44.3017,18.1093,3732.35,4696.02,105.677,45.7547,-7.00928,1.1e+17,14,F,111.7775,13.94237136,3749.4907,3686.5953,62.8954,3.0,0.6109366894966023,0.4986445204723794,L,99999900.0,LLLTSLLAVLLALLFSLLILI,31206.804470479787,2676.083507502325,21.12655456645053
LLLYLLLATLVALLFSLLILI,LLLALLLATLVALLFSLLILI,Left,void,,,,,,,,,,,3565.47,4526.34,57.3773,102.875,3732.35,4696.02,171.829,330.919,-7.00928,1.1e+17,3,Y,66.8558,60.61068468,3462.595,3401.431,61.164,3.0,1.5784502659258468,0.6987050242776967,L,99999900.0,LLLTSLLAVLLALLFSLLILI,36523.84490993823,6045.1264544531605,88.67884653322584
LLLLFVLLALLTILLSLLILI,LLLLAVLLALLTILLSLLILI,Left,void,,,,,,,,,,,3840.5,4537.85,54.5756,82.3398,3766.29,4681.71,153.319,124.506,-9.53815,1.1e+16,4,F,56.1354,59.46176644,3758.1602,3641.784,116.3762,3.0,0.3542616151056696,0.1866690849569057,L,16429413219990.918,LLLLAVLLFLLATLISLLILI,29186.874611653817,888.9755048682499,18.176419267121155
LLLLFVLLALLTILLSLLILI,LLLLFVLLALLTALLSLLILI,Left,void,,,,,,,,,,,3808.04,4665.03,46.9608,58.6421,3766.29,4681.71,87.1966,100.835,-9.53815,1.1e+16,12,I,71.1799,45.17115743,3749.3979,3665.455,83.9429,3.0,0.3008174357570651,0.0615378128471049,L,-44.31885369318921,LLLLAVLLFLLATLISLLILI,27995.96917172996,1692.3197947220797,28.15856223106552
LLLVALLLLLTFLLASLLILI,LLLVALLLALTFLLASLLILI,Left,void,,,,,,,,,,,3261.07,4081.53,44.4285,57.2692,3276.12,4146.77,106.374,141.026,-9.22698,1.1e+17,8,L,74.0604,43.60722944,3203.8008,3135.094,68.7068,3.0,0.2004006980481267,0.1246886039132487,L,8.595781691855937,LLLVALLLILTFLLASLLILI,28127.03878193301,431.3635314581761,9.178101227275652
LLLLLALLFVLTWLLSLLILI,LLLLLALLFVLTALLSLLILI,Left,void,,,,,,,,,,,3636.01,4703.27,38.8016,2.33811,3629.29,4705.79,101.455,106.217,-20.1076,1.1e+16,12,W,127.48389,1.801012155,3633.67189,3523.073,110.59889,3.0,0.4243980937515013,0.0820192534735022,L,-27.33287073845882,LLLLLALLFVLTSLLAILILI,29550.340146813083,678.2029059625518,29.963432058166813
LLLLLALLFVLTWLLSLLILI,LLLLLALLFVLTWLLSALILI,Left,void,,,,,,,,,,,3642.74,4680.18,39.0215,68.8775,3629.29,4705.79,88.087,120.992,-20.1076,1.1e+16,16,L,60.5853,53.20254158,3573.8625,3508.298,65.5645,3.0,0.4454608493784268,0.0536184683805119,L,-30.210019162517604,LLLLLALLFVLTSLLAILILI,29722.84585706832,565.4472546199885,33.328180716981564
LLLLYLLVALLLFLTSLLILI,LLLLALLVALLLFLTSLLILI,Left,void,,,,,,,,,,,3300.53,4101.85,52.2049,12.9169,3309.1,4273.02,170.105,174.525,-23.9714,1.1e+16,4,Y,125.5583,9.327951864,3287.6131,3134.575,153.0381,3.0,1.414534188760198,0.9380985027392088,L,99999900.0,LLLLAYLVILLFTLLSLLILI,35298.013385893966,7120.617833647349,61.43115619704449
LLLLYLLVALLLFLTSLLILI,LLLLYLLVALLLALTSLLILI,Left,void,,,,,,,,,,,3295.7,4189.05,46.9581,52.4952,3309.1,4273.02,133.383,175.738,-23.9714,1.1e+16,12,F,77.3268,40.43628969,3243.2048,3133.362,109.8428,3.0,0.3474715707160916,0.1215882573259284,L,19949543599633.92,LLLLYLLVILLATLLFLLILI,30036.98637770144,1698.4662191454995,35.44626689152842
LLLLYALVFLLTSLLFLLILI,LLLLYALVFLLTSLLALLILI,Left,void,,,,,,,,,,,3387.62,4197.86,58.1423,19.2757,3357.04,4294.49,149.586,104.858,-19.8812,1.1e+16,15,F,110.4447,14.85942072,3368.3443,3252.182,116.1623,3.0,0.3169953108618398,0.0091640406060779,L,-66.74125107877387,LLLLLALLFVLTSLLAILILI,28836.196366710657,515.6139902820508,26.453011923654145
LLLLYALVFLLTSLLFLLILI,LLLLYALVFLLTSLAFLLILI,Left,void,,,,,,,,,,,3303.84,4236.7,53.7589,109.01,3357.04,4294.49,113.695,226.585,-19.8812,1.1e+16,14,L,20.8768,83.92692714,3194.83,3130.455,64.375,3.0,0.1832771680392747,0.1536819842380999,L,-59.243249734515935,LLLLAALVFLLTSLILLLILI,28008.427080311794,532.6031407893946,6.101225665693669
LLLLLLLLAVLYTLLSFLILI,LLLLALLLAVLYTLLSFLILI,Left,void,,,,,,,,,,,3758.18,4696.47,53.6618,20.2175,3725.71,4750.56,110.304,75.9135,-14.8098,1.1e+16,4,L,118.2577,14.60008724,3737.9625,3649.7965,88.166,3.0,0.3558586711718917,0.0681365526097038,L,17910978571328.58,LLLLALLLFVLTWLLSLLILI,28608.829675970228,1323.3812162417885,33.041274254025176
LLLLYYLVILLFALLTLLILI,LLLLAYLVILLFALLTLLILI,Left,void,,,,,,,,,,,3562.35,4237.18,44.1925,33.3303,3476.11,4406.64,161.168,96.9137,-27.1164,1.1e+16,4,Y,105.1449,24.06950848,3529.0197,3379.1963,149.8234,3.0,0.2225009732799221,0.1244509990964437,L,-49.37811965435198,LLLLAYLVILLFTLLSLLILI,28016.3753985101,873.2305108500767,10.999147003446817
LLLLYYLVILLFALLTLLILI,LLLLYALVILLFALLTLLILI,Left,void,,,,,,,,,,,3442.17,4282.69,43.068,63.0283,3476.11,4406.64,150.107,219.33,-27.1164,1.1e+16,5,Y,67.2665,48.37361123,3379.1417,3256.78,122.3617,3.0,0.3165771848717671,0.0154777430625431,L,-71.90241552812807,LLLLAYLVILLFTLLSLLILI,28306.49667972832,1362.0574917671538,24.993896280770933
LLLLIVLTALLYFLLLLLILI,LLLLIVLTALLAFLLLLLILI,Left,void,,,,,,,,,,,3503.52,4103.46,45.3032,19.4861,3436.73,4214.21,148.43,113.808,-13.0878,1.1e+16,11,Y,110.7817,14.9584932,3484.0339,3322.922,161.1119,3.0,0.2900115958428992,0.1452965507455555,L,99999900.0,LLLLWILTYLLAVLLFLLILI,28190.474027931083,1468.191564297693,15.314596238486368
LLLLYLLTALLFLLTSLLILI,LLLLALLTALLFLLTSLLILI,Left,void,,,,,,,,,,,3207.72,4108.41,59.8676,7.52586,3217.07,4287.53,176.27,173.834,-34.5702,1.1e+16,4,Y,130.94934,5.434807099,3200.19414,3043.236,156.95814,3.0,0.6815815729487424,0.2192074426518027,L,17700328131140.508,LLLVALLLILTFLLASLLILI,30529.67677101887,2636.730738897439,43.062295321604736
LLLLYLLTALLFLLTSLLILI,LLLLYLLTALLALLTSLLILI,Left,void,,,,,,,,,,,3248.77,4197.49,52.6571,14.5468,3217.07,4287.53,140.955,104.292,-34.5702,1.1e+16,11,F,115.721,11.16684246,3234.2232,3112.778,121.4452,3.0,0.4957211298469594,0.0388384395929559,L,99999900.0,LLLTSLLAVLLALLFSLLILI,29838.49493504662,878.1300554589294,42.78470555407363
LLLYTLLIALLVLLLFSLILI,LLLYTLLIALLVLLLASLILI,Right,void,,,,,,,,,,,3522.59,4173.13,60.1398,73.8945,3515.33,4326.67,161.168,176.436,-6.50733,1.1e+17,15,F,55.8259,56.96444044,3448.6955,3338.894,109.8015,4.0,0.313839924758881,0.0274389920284855,R,17157733372999.604,LLLTYLLVFLLALLLASLILI,24681.8354320836,1430.265240830195,27.923425486827743
LLLYTLLIALLVLLLFSLILI,LLLYTLLAALLVLLLFSLILI,Right,void,,,,,,,,,,,3533.05,4278.21,58.0545,71.2624,3515.33,4326.67,109.585,134.432,-6.50733,1.1e+17,7,I,58.333,54.9883715,3461.7876,3380.898,80.8896,4.0,0.247467995684095,0.0477784761997013,R,22795790908990.91,LLLYLLLAVLLAFLLTSLILI,24408.403503084726,1312.425655282659,23.567039688304416
LLLLVLLIALLFTLLSYLILI,LLLLVLLIALLFTLLSALILI,Right,void,,,,,,,,,,,3918.79,4702.16,41.7347,64.8855,3867.56,4807.19,139.86,147.136,-14.0793,1.1e+17,16,Y,64.5773,50.11903033,3853.9045,3720.424,133.4805,4.0,4.778076807530336,5.254195386120268,R,99999900.0,LLLTALLVALLFALLSLLILI,40478.35962084466,25472.79707014875,89.05535985015202
LLLLVLLIALLFTLLSYLILI,LLLLVLLIALLATLLSYLILI,Right,void,,,,,,,,,,,3879.55,4670.56,50.705,44.1739,3867.56,4807.19,151.574,133.509,-14.0793,1.1e+17,11,F,86.0939,33.91006834,3835.3761,3734.051,101.3251,4.0,0.4755015207671054,0.0314477719187882,R,-24.51077222069754,LLLLALLVALLFALLSTLILI,25388.19600575313,1528.8638611375543,41.70708781213733
LLLYVLLTILLALLLSFLILI,LLLYVLLTALLALLLSFLILI,Right,void,,,,,,,,,,,3730.24,4253.76,45.5194,34.1967,3709.45,4257.5,79.7557,74.0854,-7.67668,1.1e+17,8,I,97.1329,26.03883664,3696.0433,3635.3646,60.6787,4.0,0.2987007735241883,0.0031546864119654,R,12626545959458.842,LLLYALLTVLLALLLSFLILI,24775.14130848339,1466.3350643693282,24.842170211405136
LLLYVLLTILLALLLSFLILI,LLLYVLLTILLAALLSFLILI,Right,void,,,,,,,,,,,3707.28,4216.13,54.7226,74.3489,3709.45,4257.5,107.75,132.918,-7.67668,1.1e+17,12,L,55.4731,57.26987722,3632.9311,3576.532,56.3991,4.0,0.2065385005158066,0.0398507550518521,R,-79.66746408555548,LLLYALLTVLLALLLSFLILI,24240.902055918767,1316.8046024344492,19.66770390218636
LLLFALLTILLAYLLSLLILI,LLLFALLTILLAALLSLLILI,Right,void,,,,,,,,,,,3803.64,4640.18,44.8278,61.8875,3734.74,4760.27,145.036,132.317,-12.8002,1.1e+17,12,Y,67.9345,47.67104189,3741.7525,3602.423,139.3295,4.0,0.4515271131545636,0.1190278131092547,R,-84.13462547162848,LLLYALLTVLLALLLSFLILI,25418.197573237536,1955.016371954796,30.782408337172747
LLLFALLTILLAYLLSLLILI,LLLAALLTILLAYLLSLLILI,Right,void,,,,,,,,,,,3726.09,4625.4,58.3568,95.3401,3734.74,4760.27,159.596,218.435,-12.8002,1.1e+17,3,F,74.3907,56.17136077,3630.7499,3516.305,114.4449,4.0,0.4902338024386833,0.0628636600820811,R,-37.83499042823184,LLLYALLTVLLALLLSFLILI,25660.20668932458,1289.5599570789482,44.80296671584905
LLLYALLVALLITLLFLLILI,LLLYALLVALLITLLALLILI,Right,void,,,,,,,,,,,3505.23,4139.76,60.9467,68.8703,3537.32,4305.82,165.079,189.633,-5.40899,1.1e+17,15,F,60.8501,53.09134107,3436.3597,3347.687,88.6727,4.0,0.3780213492519542,0.023574135615274,R,-12.759242895726134,LLLTALLVALLFALLSLLILI,25045.36887560312,1433.549850519166,33.072395592158486
LLLYALLVALLITLLFLLILI,LLLYALLVALLATLLFLLILI,Right,void,,,,,,,,,,,3590.37,4266.34,57.4372,69.7254,3537.32,4305.82,105.369,96.8676,-5.40899,1.1e+17,11,I,60.5424,53.52466227,3520.6446,3440.4524,80.1922,4.0,0.4117382594543464,0.0262667229608508,R,-39.38424035384821,LLLYALLTVLLALLLSFLILI,25048.209103271525,1721.7510664833646,32.94453567295784
LLLVYLLTALLISLLFLLILI,LLLVALLTALLISLLFLLILI,Right,void,,,,,,,,,,,3301.7,4118.54,60.8168,72.4573,3273.36,4291.19,176.231,160.567,-19.3756,1.1e+17,4,Y,66.0179,52.32510948,3229.2427,3112.793,116.4497,4.0,1.020102536954964,0.2844966217773635,R,19041600876434.13,LLLTALLVALLFALLSLLILI,27268.91223911769,3524.881653813302,68.62100414032743
LLLVYLLTALLISLLFLLILI,LLLVYLLTALLISLLALLILI,Right,void,,,,,,,,,,,3258.64,4136.1,57.5088,31.8176,3273.36,4291.19,158.815,152.562,-19.3756,1.1e+17,15,F,97.9028,24.52783063,3226.8224,3120.798,106.0244,4.0,0.869772491021093,0.8449941148552492,R,99999900.0,LLLAYLLTVLLAFLLSLLILI,26904.05233780241,4938.32527133554,22.81448829116864
LLLYALLVALLTALLSLLILI,LLLYALLAALLTALLSLLILI,Right,void,,,,,,,,,,,3464.56,4083.26,54.4881,103.0,3433.79,4108.23,87.1389,130.07,-7.73994,1.1e+17,7,V,26.5954,79.47812962,3361.56,3303.72,57.84,4.0,0.2517809602075136,0.1125025574722373,R,-0.6598511768530901,LLLYALLTVLLALLLSFLILI,24561.9726555619,1856.3443677477903,14.431669128758973
LLLYALLVALLTALLSLLILI,LLLYALLVALLTALLSALILI,Right,void,,,,,,,,,,,3430.02,4041.83,58.1303,66.8132,3433.79,4108.23,118.674,122.742,-7.73994,1.1e+17,16,L,62.6496,51.60802949,3363.2068,3311.048,52.1588,4.0,0.3420797518109171,0.002068041273896,R,-13.96196275578689,LLLYALLTVLLALLLSFLILI,24857.260312044546,1506.626478551828,28.786483151459564
LLLTILLAVLLALLLFLLILI,LLLTILLAVLLALLLALLILI,Right,void,,,,,,,,,,,3964.04,4579.24,42.6016,48.1469,3855.48,4641.3,121.107,48.638,-6.74374,1.1e+17,15,F,81.5735,37.11590467,3915.8931,3806.842,109.0511,4.0,0.4839943318228216,0.0517383466934286,R,-53.90700925110327,LLLYALLTVLLALLLSFLILI,25534.127508783487,1744.5631252629464,37.48988955565788
LLLTILLAVLLALLLFLLILI,LLLTALLAVLLALLLFLLILI,Right,void,,,,,,,,,,,3883.25,4603.53,58.2171,60.5525,3855.48,4641.3,104.354,111.992,-6.74374,1.1e+17,4,I,77.9227,43.72804661,3822.6975,3743.488,79.2095,4.0,0.646845646470985,0.0290602397376514,R,-34.097862937946786,LLLYALLTVLLALLLSFLILI,26343.33208474672,1704.4233315168988,52.47941336731239
LLLSYLLVALLITLLFLLILI,LLLSALLVALLITLLFLLILI,Right,void,,,,,,,,,,,3355.69,4071.81,51.9613,55.832,3310.17,4149.87,144.915,117.509,-5.44671,1.1e+17,4,Y,82.6432,40.31913296,3299.858,3192.661,107.197,4.0,0.4907896626602802,0.1100962577959897,R,-22.739822142422163,LLLTALLVALLFALLSLLILI,25452.50503238924,2020.3678307258529,34.601543348251376
LLLSYLLVALLITLLFLLILI,LLLSYLLVALLITLLALLILI,Right,void,,,,,,,,,,,3280.16,4030.15,56.1693,58.511,3310.17,4149.87,152.388,187.36,-5.44671,1.1e+17,15,F,71.2094,45.105473,3221.649,3122.81,98.839,4.0,0.511912977565878,0.0300524292090236,R,14644896702128.234,LLLSYLLFVLLALLLATLILI,25451.13872707253,1651.902141470744,44.67544449612843
LLLTALLIALLLVLLSWLILI,LLLTALLIALLLVLLSALILI,Right,void,,,,,,,,,,,3903.79,4558.99,40.8655,54.4753,3905.79,4700.75,165.454,195.76,-5.55503,1.1e+17,16,W,53.7962,58.44659624,3849.3147,3710.03,139.2847,4.0,0.3881736986894769,0.0010703314468572,R,-7.811404905344323,LLLTALLVALLFALLSLLILI,24949.41156170528,1609.464604911046,32.58972650608364
LLLTALLIALLLVLLSWLILI,LLLTALLIALLAVLLSWLILI,Right,void,,,,,,,,,,,3948.1,4660.91,50.8173,60.294,3905.79,4700.75,106.463,108.047,-5.55503,1.1e+17,11,L,69.9738,46.28465361,3887.806,3797.743,90.063,4.0,0.3424829527313893,0.0014836302756876,R,-5.243269679370126,LLLYALLTVLLALLLSFLILI,24817.00147902808,1542.6085682705782,28.60982952174472
LLLYILLLALLTVLLSFLILI,LLLYILLLALLTVLLSALILI,Right,void,,,,,,,,,,,4032.64,4689.53,42.02,65.9516,4022.07,4791.1,134.934,167.862,-7.80804,1.1e+17,16,F,63.5112,50.94251013,3966.6884,3854.208,112.4804,4.0,0.2188301615582612,0.0280049895384072,R,-6.173487402520429,LLLVALLLALLFALLSTLILI,24394.1774510903,1336.1825445719996,19.995791063998208
LLLYILLLALLTVLLSFLILI,LLLYILLAALLTVLLSFLILI,Right,void,,,,,,,,,,,4015.54,4744.54,53.122,79.4633,4022.07,4791.1,109.946,168.993,-7.80804,1.1e+17,7,L,50.1321,61.31645105,3936.0767,3853.077,82.9997,4.0,0.0624345860642979,0.0771106546844925,R,22795790908990.91,LLLYALLTVLLALLLSFLILI,23892.14498428482,1741.4079574150712,0.662730251417525
LLLAYLLFTLLTLLLSILILI,LLLAALLFTLLTLLLSILILI,Right,void,,,,,,,,,,,3442.01,4079.01,54.8478,56.8915,3389.29,4242.35,167.223,152.447,-7.84811,1.1e+17,4,Y,81.5837,41.08425191,3385.1185,3236.843,148.2755,4.0,2.285135564161604,1.51487364537712,R,99999900.0,LLLYALLTVLLALLLSFLILI,31713.39927425906,9572.67563129198,101.72141263022829
LLLTALLIALLFLLLSVLILI,LLLTALLIALLALLLSVLILI,Right,void,,,,,,,,,,,3256.09,3956.71,47.9136,22.0069,3263.63,4086.49,147.062,138.631,-5.65405,1.1e+17,11,F,108.2609,16.89358383,3234.0831,3124.999,109.0841,4.0,0.5618792488734876,0.0161912371870866,R,-31.646798137725373,LLLYALLTVLLALLLSFLILI,25746.22741732656,1770.253791061651,46.122306463690464
LLLTALLIALLFLLLSVLILI,LLLTALLAALLFLLLSVLILI,Right,void,,,,,,,,,,,3291.92,4044.07,56.8901,69.1194,3263.63,4086.49,106.883,119.789,-5.65405,1.1e+17,7,I,60.476,53.33476343,3222.8006,3143.841,78.9596,4.0,0.3168017780933376,0.0163078810036305,R,-17.92803755072554,LLLYALLTVLLALLLSFLILI,24771.07481679138,1431.3101369956585,27.512082189469503
LLLSYLLVLLLALLLTFLILI,LLLSALLVLLLALLLTFLILI,Right,void,,,,,,,,,,,3566.18,4130.06,44.8795,54.4549,3522.73,4265.42,154.783,161.414,-5.8953,1.1e+17,4,Y,84.0203,39.32465886,3511.7251,3361.316,150.4091,4.0,0.5034716698953594,0.1298111507850691,R,-60.0896794178524,LLLYALLTVLLALLLSFLILI,25582.621827191724,2051.136918212955,34.49608734473135
LLLSYLLVLLLALLLTFLILI,LLLSYLLVLLLAALLTFLILI,Right,void,,,,,,,,,,,3519.48,4203.22,57.3165,98.7891,3522.73,4265.42,117.165,169.884,-5.8953,1.1e+17,12,L,31.0329,76.09580811,3420.6909,3352.846,67.8449,4.0,0.2684972284091202,0.0048285957305941,R,-64.90458112791163,LLLSYLLFVLLALLLATLILI,24689.58280017043,1457.2785961392678,22.212138778069203
LLLYALLFALLLSLLVTLILI,LLLYALLAALLLSLLVTLILI,Right,void,,,,,,,,,,,3889.07,4586.52,47.987,74.1975,3887.2,4673.43,137.525,176.078,-9.42866,1.1e+17,7,F,55.3979,57.25318954,3814.8725,3711.122,103.7505,4.0,0.5684768391464989,0.1869056971870608,R,8.861336199104446,LLLLALLVALLFALLSTLILI,25649.36497821112,2441.124565936187,36.56018387853696
LLLYALLFALLLSLLVTLILI,LLLYALLFALLASLLVTLILI,Right,void,,,,,,,,,,,3932.64,4684.54,49.8328,40.8038,3887.2,4673.43,85.7266,60.9006,-9.42866,1.1e+17,11,L,89.464,31.32301305,3891.8362,3826.2994,65.5368,4.0,0.2961134701696752,0.0314224575440766,R,11.860972183494049,LLLYALLTVLLALLLSFLILI,24780.23089922111,1565.6445836638634,22.95048588035986
LLLTALLIALLSVLLFLLILI,LLLTALLIALLSVLLALLILI,Right,void,,,,,,,,,,,3814.56,4523.71,42.6543,20.2532,3776.83,4599.48,127.549,79.7938,-9.7687,1.1e+17,15,F,109.4672,15.6129645,3794.3068,3697.0362,97.2706,4.0,0.6950527277569659,0.0040152117065083,R,8988934539263.043,LLLTALLVALLFALLSLLILI,26175.42188528696,2014.6262544488127,58.00277409272542
LLLTALLIALLSVLLFLLILI,LLLTALLAALLSVLLFLLILI,Right,void,,,,,,,,,,,3812.43,4563.4,52.0303,52.2694,3776.83,4599.48,101.487,91.5279,-9.7687,1.1e+17,7,I,77.326,40.33275872,3760.1606,3685.3021,74.8585,4.0,0.4466849369063788,0.1447400187081781,R,-37.217714953847626,LLLTYLLAVLLAILLFLLILI,25315.58926968596,1091.019877437402,46.00510246103172
LLLYSLLVALLFTLLILLILI,LLLYSLLVALLATLLILLILI,Right,void,,,,,,,,,,,3469.06,4151.74,45.1637,41.5186,3466.47,4268.87,143.6,136.669,-9.98335,1.1e+17,11,F,88.7492,31.87172885,3427.5414,3329.801,97.7404,4.0,0.2518541686837054,0.1058883500342264,R,-26.679129110110463,LLLTALLVALLFALLSLLILI,24598.20023132696,1048.804743480327,27.377623270834373
LLLYSLLVALLFTLLILLILI,LLLYSLLVALLFTLLIALILI,Right,void,,,,,,,,,,,3459.59,4228.9,55.6407,102.425,3466.47,4268.87,107.467,176.962,-9.98335,1.1e+17,16,L,27.0378,79.11539068,3357.165,3289.508,67.657,4.0,0.2897922728370848,0.1999054875850938,R,-35.316597548579246,LLLTALLVALLFALLSLLILI,24653.643540453853,2204.029085397783,12.438070845041608
LLLLYLLVALLISLLFTLILI,LLLLALLVALLISLLFTLILI,Right,void,,,,,,,,,,,3432.64,4150.53,52.651,89.7999,3462.48,4323.83,170.918,210.198,-14.2936,1.1e+17,4,Y,48.6753,64.84908489,3342.8401,3252.282,90.5581,4.0,0.5207018813006081,0.1897429055705701,R,22795790908990.91,LLLTALLVALLFALLSLLILI,25433.92596692937,1287.7974374408302,54.87367131122672
LLLLVLLISLLFALLTWLILI,LLLLVLLISLLAALLTWLILI,Right,void,,,,,,,,,,,3847.94,4526.77,51.678,53.1465,3820.38,4666.63,153.469,131.41,-9.90584,1.1e+17,11,F,77.1213,40.79787945,3794.7935,3688.97,105.8235,4.0,0.7766412104629266,0.3837765873740383,R,99999900.0,LLLLALLFALLVSLLTWLILI,26317.65734194288,1783.4432222675125,87.81627804967701
LLLFYLLTALLITLLVLLILI,LLLFALLTALLITLLVLLILI,Right,void,,,,,,,,,,,4023.87,4655.99,54.6307,80.2054,3930.77,4697.75,131.715,106.531,-17.0864,1.1e+17,4,Y,58.2698,57.92040741,3943.6646,3824.239,119.4256,4.0,0.288536106743195,0.000322938171711,R,10902334782508.695,LLLTALLVALLFALLSLLILI,24597.02674701048,1498.1059939798663,24.196492239099364
LLLFYLLTALLITLLVLLILI,LLLFYLLTALLATLLVLLILI,Right,void,,,,,,,,,,,3995.44,4659.15,56.8742,71.4992,3930.77,4697.75,105.165,96.992,-17.0864,1.1e+17,11,I,58.7686,54.8863188,3923.9408,3833.778,90.1628,4.0,0.4095561058854636,0.0738721902843222,R,15901722007076.707,LLLAYLLTVLLAFLLSLLILI,25219.481730196865,1779.8353964194266,29.941027596777925
LLLLALLIALLFVLLSTLILI,LLLLALLIALLAVLLSTLILI,Right,void,,,,,,,,,,,3724.48,4568.44,50.9962,51.4679,3727.48,4703.47,151.974,150.868,-11.7607,1.1e+17,11,F,78.7999,39.50930314,3673.0121,3576.612,96.4001,4.0,0.2540551153933096,0.0615418250862741,R,-28.40433188778625,LLLYALLTVLLALLLSFLILI,24563.07045071473,1219.950663727801,24.934483806071995
LLLLALLIALLFVLLSTLILI,LLLLALLAALLFVLLSTLILI,Right,void,,,,,,,,,,,3741.42,4646.57,59.5795,102.364,3727.48,4703.47,114.963,172.195,-11.7607,1.1e+17,7,I,27.2314,78.98737147,3639.056,3555.285,83.771,4.0,0.2403611990273452,0.3067455349991372,R,-24.470208873439407,LLLTALLVALLFALLSLLILI,24495.38352978946,329.1471940213926,38.3155247811541
LLLTALLVALLAYLLSFLILI,LLLTALLVALLAALLSFLILI,Right,void,,,,,,,,,,,3929.54,4573.09,57.2983,82.2604,3873.27,4673.41,152.063,150.755,-14.3316,1.1e+17,12,Y,47.5616,63.36399069,3847.2796,3722.515,124.7646,4.0,0.255951118696634,0.0775044454130831,R,-26.428974260237727,LLLYALLTVLLALLLSFLILI,24584.909559373024,1159.0972891710685,26.03915279161171
LLLTALLVALLAYLLSFLILI,LLLTALLVALLAYLLSALILI,Right,void,,,,,,,,,,,3780.17,4571.58,43.1592,91.1211,3873.27,4673.41,136.325,271.651,-14.3316,1.1e+17,16,F,38.3417,70.3840022,3689.0489,3601.619,87.4299,4.0,0.4062583950794678,0.0604792090335119,R,-70.36077664192763,LLLYALLTVLLALLLSFLILI,25161.315040994574,1325.4359378677846,37.62511983937596
LLLAVLLISLLTTLLFLLILI,LLLAVLLISLLTTLLALLILI,Right,void,,,,,,,,,,,3819.15,4568.35,39.5021,13.4319,3804.6,4645.73,125.292,75.8285,-8.04904,1.1e+17,15,F,116.2885,10.35450091,3805.7181,3728.7715,76.9466,4.0,5.584246063422729,3.0616708093590645,R,99999900.0,LLLVALLIALLFTLLSLLILI,42911.79802948461,18442.19346536787,649.3279528674849
LLLVYLLLALLTALLSILILI,LLLVALLLALLTALLSILILI,Right,void,,,,,,,,,,,3843.02,4469.67,51.1758,76.7437,3774.76,4526.91,135.059,119.738,-18.8836,1.1e+17,4,Y,61.7315,55.4205374,3766.2763,3655.022,111.2543,4.0,0.4583604876051017,0.1893784101519145,R,-23.422324154664096,LLLTALLVALLFALLSLLILI,25333.485121223603,2264.712125833132,27.18667457921583
LLLVYLLLALLTALLSILILI,LLLVYLLLALLTALLSALILI,Right,void,,,,,,,,,,,3813.67,4510.85,44.2847,22.8855,3774.76,4526.91,86.9452,53.0888,-18.8836,1.1e+17,16,I,106.5773,17.67727872,3790.7845,3721.6712,69.1133,4.0,0.337023123273253,0.0383337388110134,R,-21.236567387764683,LLLTALLVALLFALLSLLILI,24835.054968487108,1375.5813839084572,30.511541065983312
LLLSYLLVALLTFLLTLLILI,LLLSALLVALLTFLLTLLILI,Right,void,,,,,,,,,,,3503.12,4025.48,56.6349,60.3954,3459.21,4148.23,164.524,172.368,-11.0706,1.1e+17,4,Y,78.0798,43.61459669,3442.7246,3286.842,155.8826,4.0,0.4470017445892068,0.0761866419009702,R,-29.04514661889268,LLLTALLVALLFALLSLLILI,25314.77556296769,1842.0420061827367,32.941583801452964
LLLSYLLVALLTFLLTLLILI,LLLSYLLVALLTALLTLLILI,Right,void,,,,,,,,,,,3430.19,4070.91,47.0377,72.0985,3459.21,4148.23,131.389,214.341,-11.0706,1.1e+17,12,F,57.7235,55.5364268,3358.0915,3244.869,113.2225,4.0,2.8975730333124665,1.299190580542521,R,20896141666566.67,LLLTALLVALLFALLSLLILI,34624.82923751996,9350.318648348906,165.81887382611916
LLLYWLLVALLISLLTLLILI,LLLYALLVALLISLLTLLILI,Right,void,,,,,,,,,,,3474.79,4132.21,57.2269,67.6918,3407.99,4172.32,142.299,153.557,-17.7972,1.1e+17,4,W,70.7834,48.88369903,3407.0982,3254.433,152.6652,4.0,0.3819097504943072,0.0258540743631867,R,-27.6980070943597,LLLTALLVALLFALLSLLILI,24936.3716181694,1510.6797366910664,33.533305122748
LLLYWLLVALLISLLTLLILI,LLLYWLLVALLASLLTLLILI,Right,void,,,,,,,,,,,3454.19,4142.31,51.3699,60.7757,3407.99,4172.32,99.2672,86.2832,-17.7972,1.1e+17,11,I,69.4921,46.65443034,3393.4143,3321.7068,71.7075,4.0,0.5157698937708585,0.1078482378656196,R,13488106989884.943,LLLTALLVALLFALLSLLILI,25547.253034674377,2039.2586955572351,36.82791316162501
LLLSYLLFVLLATLLSLLILI,LLLSALLFVLLATLLSLLILI,Right,void,,,,,,,,,,,3450.47,4044.07,50.9699,49.8035,3414.17,4210.8,165.552,153.122,-16.715,1.1e+17,4,Y,88.6717,35.96564583,3400.6665,3261.048,139.6185,4.0,0.3220141324059562,0.1226050376255322,R,-88.80194136238474,LLLYALLTVLLALLLSFLILI,24799.014559954863,1053.745176111585,34.24702560941843
LLLSYLLFVLLATLLSLLILI,LLLSYLLAVLLATLLSLLILI,Right,void,,,,,,,,,,,3424.82,4098.58,55.5906,29.9225,3414.17,4210.8,147.321,116.162,-16.715,1.1e+17,7,F,99.6729,23.08916829,3394.8975,3298.008,96.8895,4.0,0.2582082123798015,0.0055253574729935,R,5852722912294.973,LLLYALLTVLLALLLSFLILI,24639.79521650993,1458.3750508355652,21.30870576736113
LLLFYLLLTLLAVLLSILILI,LLLFALLLTLLAVLLSILILI,Right,void,,,,,,,,,,,3529.1,4034.88,49.8418,62.4784,3475.49,4125.28,148.003,134.099,-7.95318,1.1e+17,4,Y,75.9968,45.11883716,3466.6216,3341.391,125.2306,4.0,0.4245578105247095,0.1568515908450319,R,22795790908990.91,LLLYALLTVLLALLLSFLILI,25107.37628337803,1147.1708198288943,44.86861961738604
LLLSYLLTLLLAFLLSILILI,LLLSALLTLLLAFLLSILILI,Right,void,,,,,,,,,,,3476.6,4039.54,47.7818,69.3384,3444.4,4204.53,162.264,161.965,-13.2512,1.1e+17,4,Y,69.1368,50.07279282,3407.2616,3282.435,124.8266,4.0,0.3424643497311395,0.0727082254216608,R,4350742495788.8926,LLLYALLTVLLALLLSFLILI,24940.48208607965,1742.335713737191,24.388161762212267
LLLSYLLTLLLAFLLSILILI,LLLSYLLTLLLAALLSILILI,Right,void,,,,,,,,,,,3412.22,4093.7,45.3559,70.7691,3444.4,4204.53,141.973,215.653,-13.2512,1.1e+17,12,F,59.0529,54.5124093,3341.4509,3228.747,112.7039,4.0,0.4478137102715802,0.0057944280791368,R,10933156096825.068,LLLYALLTVLLALLLSFLILI,25463.460688021296,1478.2672868113148,37.86705888362001
LLLTSLLVALLALLLFILILI,LLLTSLLVALLALLLAILILI,Right,void,,,,,,,,,,,3371.68,3968.57,63.01,92.9935,3338.47,4128.17,164.744,165.067,-7.56434,1.1e+17,15,F,36.7269,71.68764512,3278.6865,3173.403,105.2835,4.0,0.7214688564880256,0.0528326302257396,R,3.553576909331948,LLLSYLLFVLLALLLATLILI,26409.974587780056,1743.673841735696,63.58454141427609
LLLTSLLVALLALLLFILILI,LLLTSLLVALLALLLFALILI,Right,void,,,,,,,,,,,3338.8,4096.25,56.1751,84.5043,3338.47,4128.17,100.864,151.249,-7.56434,1.1e+17,16,I,44.9585,65.27303596,3254.2957,3187.221,67.0747,4.0,0.4648123795909775,0.0940852359010135,R,30.557165077800192,LLLTYLLVFLLALLLASLILI,25351.129096096964,1940.4679952449312,33.37348886066208
LLLFYLLVALLLTLLSLLILI,LLLFALLVALLLTLLSLLILI,Right,void,,,,,,,,,,,3992.25,4666.85,48.2935,91.7574,3925.95,4791.89,151.785,134.602,-14.07,1.1e+17,4,Y,46.7178,66.26269541,3900.4926,3791.348,109.1446,4.0,0.3658412516936948,0.1410663519785143,R,-36.7925496789993,LLLTALLVALLFALLSLLILI,25056.26309126815,976.8802788089972,39.01328557719857
LLLFYLLVALLLTLLSLLILI,LLLFYLLVALLATLLSLLILI,Right,void,,,,,,,,,,,3960.87,4753.59,52.0283,60.8164,3925.95,4791.89,106.998,122.238,-14.07,1.1e+17,11,L,69.4514,46.68567367,3900.0536,3803.712,96.3416,4.0,0.3775799302312309,0.0457482973014379,R,99999900.0,LLLTYLLVFLLALLLASLILI,25110.860617379225,1321.676583149397,34.34924286193504
LLLTYLLVALLTFLLSLLILI,LLLTALLVALLTFLLSLLILI,Right,void,,,,,,,,,,,3832.41,4611.36,50.3121,51.0163,3730.55,4741.45,154.051,104.216,-17.0262,1.1e+17,4,Y,87.4589,36.84147053,3781.3937,3626.334,155.0597,4.0,0.3974768543115862,0.011880022455566,R,-5.346467880405368,LLLAYLLTVLLAFLLSLLILI,25139.694664219896,1564.8465710999153,32.60194963166651
LLLTYLLVALLTFLLSLLILI,LLLTYLLVALLTALLSLLILI,Right,void,,,,,,,,,,,3751.46,4658.89,47.1664,62.2092,3730.55,4741.45,133.609,178.536,-17.0262,1.1e+17,12,F,67.6128,47.91884272,3689.2508,3552.014,137.2368,4.0,5.984008209060543,3.548750842784653,R,99999900.0,LLLTYLLVFLLALLLASLILI,45000.18709085806,22629.609872603072,291.1530137521491
LLLVYLLLALLFTLLSLLILI,LLLVYLLLALLATLLSLLILI,Right,void,,,,,,,,,,,3466.77,4093.95,54.1603,60.0982,3452.85,4235.26,157.068,157.12,-11.9489,1.1e+17,11,F,70.1696,46.13434786,3406.6718,3295.73,110.9418,4.0,0.4438779870214642,0.0794463477155196,R,13476327541932.977,LLLAYLLTVLLAFLLSLLILI,25323.45348383296,1839.340429076032,32.48669428611482
LLLVYLLLALLFTLLSLLILI,LLLVALLLALLFTLLSLLILI,Right,void,,,,,,,,,,,3461.02,4087.19,53.9605,102.368,3452.85,4235.26,165.193,179.848,-11.9489,1.1e+17,4,Y,36.1072,73.9251505,3358.652,3273.002,85.65,4.0,0.6176179420953418,0.0955560668559714,R,-39.34690741330424,LLLTALLVALLFALLSLLILI,26035.60693217176,1426.3079687942084,57.41393768296367
LLLTLLLATLLAYLLSFLILI,LLLTALLATLLAYLLSFLILI,Right,void,,,,,,,,,,,3860.53,4731.38,53.7505,52.7362,3799.81,4789.81,111.773,82.0578,-17.3602,1.1e+17,4,L,85.739,38.08349798,3807.7938,3717.7522,90.0416,4.0,0.4741245364892799,0.1473972832638521,R,99999900.0,LLLYALLTVLLALLLSFLILI,25293.63515375896,2196.217400956002,30.99500660101525
LLLAVLLLTLLFTLLSYLILI,LLLAVLLLTLLFTLLSALILI,Right,void,,,,,,,,,,,3335.07,4079.73,56.1545,99.197,3312.98,4211.64,158.346,203.759,-11.009,1.1e+17,16,Y,30.2658,76.62201034,3235.873,3109.221,126.652,4.0,0.2689553370615046,0.1859824587424002,R,16465286666566.662,LLLVALLLALLFALLSTLILI,24613.12206659761,2134.6159044284755,11.517027299557707
LLLAVLLLTLLFTLLSYLILI,LLLAVLLLTLLATLLSYLILI,Right,void,,,,,,,,,,,3324.99,4084.6,53.8315,26.8376,3312.98,4211.64,152.636,109.863,-11.009,1.1e+17,11,F,103.4302,20.60186784,3298.1524,3203.117,95.0354,4.0,0.1681684222293939,0.0513119961250437,R,12.975220347812815,LLLAYLLTVLLAFLLSLLILI,24248.30666898088,1615.8619100035478,11.051093856845524
LLLALLLVTLLAYLLSFLILI,LLLALLLVTLLAALLSFLILI,Right,void,,,,,,,,,,,3989.0,4638.09,48.6016,64.8357,3928.19,4765.37,153.103,118.098,-12.4532,1.1e+17,12,Y,79.1126,39.0607139,3924.1643,3810.092,114.0723,4.0,0.2251874978354652,0.0851732151558842,R,19902138259809.785,LLLYALLTVLLALLLSFLILI,24328.25363534213,1159.6148270372314,23.915751345504336
LLLALLLVTLLAYLLSFLILI,LLLALLLVTLLAYLLSALILI,Right,void,,,,,,,,,,,3866.79,4671.96,44.4613,88.1755,3928.19,4765.37,133.392,250.281,-12.4532,1.1e+17,16,F,41.2873,68.10875402,3778.6145,3677.909,100.7055,4.0,0.36471064289125,0.0726719601382675,R,15133545619754.172,LLLAYLLTVLLAFLLSLLILI,24988.43887492483,1769.826502697867,26.25439815283993
LLLAILLFTLLAYLLSLLILI,LLLAILLFTLLAALLSLLILI,Right,void,,,,,,,,,,,3782.84,4692.19,44.5039,50.2124,3731.34,4799.48,141.438,107.995,-6.17134,1.1e+17,12,Y,79.6096,38.67788202,3732.6276,3623.345,109.2826,4.0,0.3342176673332652,0.2623937132327392,R,-3.246834219122665,LLLAYLLTVLLAFLLSLLILI,24825.703949834104,2454.515228356382,12.458143199345823
LLLAILLFTLLAYLLSLLILI,LLLAILLATLLAYLLSLLILI,Right,void,,,,,,,,,,,3721.84,4654.94,57.5084,38.7732,3731.34,4799.48,156.273,139.491,-6.17134,1.1e+17,7,F,90.8222,29.91865452,3683.0668,3591.849,91.2178,4.0,4.528902241979528,5.606581436120644,R,99999900.0,LLLAYLLTVLLAFLLSLLILI,39606.66666666666,26182.961641749647,47.2971014235377
LLLSYLLFTLLALLLSILILI,LLLSALLFTLLALLLSILILI,Right,void,,,,,,,,,,,3408.79,4067.98,53.4532,61.8721,3357.93,4224.75,164.227,137.208,-9.21303,1.1e+17,4,Y,76.6031,44.68099703,3346.9179,3220.722,126.1959,4.0,4.587873376218506,5.523183658291355,R,99999900.0,LLLYALLTVLLALLLSFLILI,40295.74447018224,25584.632311760808,57.17985915131123
LLLSYLLFTLLALLLSILILI,LLLSYLLATLLALLLSILILI,Right,void,,,,,,,,,,,3372.2,4084.94,55.681,34.9457,3357.93,4224.75,154.064,107.239,-9.21303,1.1e+17,7,F,94.6497,26.96523179,3337.2543,3250.691,86.5633,4.0,4.448309319580257,5.720557040008974,R,99999900.0,LLLYALLTVLLALLLSFLILI,39331.38043735256,26419.679080203176,33.79082692290628
LLLYVLLIALLFTLLSLLILI,LLLYVLLAALLFTLLSLLILI,Right,void,,,,,,,,,,,3495.83,4240.02,58.4467,87.2683,3493.18,4289.61,110.569,162.303,-11.4802,1.1e+17,7,I,42.3271,67.33904135,3408.5617,3330.877,77.6847,4.0,0.2259172292208813,0.0707669088048012,R,-26.9473071536728,LLLTALLVALLFALLSLLILI,24495.551102746565,1693.3203056685288,14.737332337666604
LLLYILLTALLVALLSLLILI,LLLYILLTALLVALLSALILI,Right,void,,,,,,,,,,,3520.71,4111.62,58.8279,103.235,3461.01,4177.87,118.816,116.22,-10.0714,1.1e+17,16,L,26.2278,79.74105303,3417.475,3344.79,72.685,4.0,0.2818594850225612,0.0011132883528378,R,-8.654118465940067,LLLYALLTVLLALLLSFLILI,24611.10659880309,1473.152534178497,23.683865695563178
LLLYILLTALLVALLSLLILI,LLLYALLTALLVALLSLLILI,Right,void,,,,,,,,,,,3492.1,4119.14,59.4727,70.6316,3461.01,4177.87,114.125,94.7792,-10.0714,1.1e+17,4,I,67.8436,51.00667845,3421.4684,3366.2308,55.2376,4.0,0.3736907530153756,0.0328110016998492,R,-37.86013602442527,LLLYALLTVLLALLLSFLILI,25005.70850377719,1641.9701231090835,29.36866085386943
LLLTSLLLALLFVLLILLILI,LLLTSLLLALLAVLLILLILI,Right,void,,,,,,,,,,,3284.85,3993.36,48.5005,45.7177,3278.54,4109.92,146.971,130.747,-5.87644,1.1e+17,11,F,84.5501,35.0951655,3239.1323,3147.793,91.3393,4.0,0.5185253673249501,0.1619383384810334,R,-28.040573421326894,LLLTYLLAVLLAILLFLLILI,25555.36276963808,2229.3390245005903,33.853925334657006
LLLTSLLLALLFVLLILLILI,LLLTSLLAALLFVLLILLILI,Right,void,,,,,,,,,,,3298.47,4070.86,57.8426,60.6655,3278.54,4109.92,113.247,125.869,-5.87644,1.1e+17,7,L,68.9299,46.8114609,3237.8045,3152.671,85.1335,4.0,0.4015610650228652,0.0164143834891747,R,-31.615031740633466,LLLTYLLAVLLAILLFLLILI,25102.364270901387,1499.7768948628825,34.62064272222366
LLLFYLLVALLISLLTLLILI,LLLFALLVALLISLLTLLILI,Right,void,,,,,,,,,,,3906.63,4664.48,47.8587,57.0103,3786.12,4750.82,141.517,89.0258,-15.0743,1.1e+17,4,Y,81.4649,41.17004344,3849.6197,3697.0942,152.5255,4.0,0.3856187049004385,0.0129514068565132,R,99999900.0,LLLTALLVALLFALLSLLILI,24990.305264413382,1529.575749396549,33.07959779265078
LLLFYLLVALLISLLTLLILI,LLLFYLLVALLASLLTLLILI,Right,void,,,,,,,,,,,3833.35,4720.12,51.4746,61.7688,3786.12,4750.82,99.6905,92.6956,-15.0743,1.1e+17,11,I,68.499,47.41678297,3771.5812,3693.4244,78.1568,4.0,0.4522844419888009,0.0590948624016668,R,18998407692207.707,LLLTYLLVFLLALLLASLILI,25296.21329213262,1811.5086001009065,34.396938155358484
LLLVALLIALLFTLLSLLILI,LLLVALLIALLATLLSLLILI,Right,void,,,,,,,,,,,3861.85,4524.89,51.5034,49.0915,3859.43,4661.46,152.555,145.777,-5.63805,1.1e+17,11,F,81.1763,37.68506108,3812.7585,3713.653,99.1055,4.0,0.4368424219208428,0.1233985298919094,R,-35.06621507311777,LLLYALLTVLLALLLSFLILI,25254.015882284577,2011.719915107752,29.29296322042806
LLLVALLIALLFTLLSLLILI,LLLVALLAALLFTLLSLLILI,Right,void,,,,,,,,,,,3888.98,4620.43,56.7719,98.6195,3859.43,4661.46,105.67,156.687,-5.63805,1.1e+17,7,I,30.9759,76.09799422,3790.3605,3702.743,87.6175,4.0,0.3545448314627258,0.1052838691268053,R,-14.851154753590206,LLLTALLVALLFALLSLLILI,24902.42536139029,1900.4169033978087,23.47029321006806
LLLYSLLVALLFLLLTLLILI,LLLYSLLVALLALLLTLLILI,Right,void,,,,,,,,,,,3509.28,4172.43,51.7925,35.5191,3484.94,4313.3,154.178,89.3234,-5.07416,1.1e+17,11,F,94.7487,27.26621621,3473.7609,3395.6166,78.1443,4.0,0.3770083282558967,0.1611753070185934,R,14750217646958.812,LLLYALLTVLLALLLSFLILI,25165.5904820019,2057.394858425688,22.04097278010027
LLLYTLLVLLLAFLLSILILI,LLLYTLLVLLLAALLSILILI,Right,void,,,,,,,,,,,3670.57,4145.29,45.976,76.9556,3725.68,4253.44,139.101,236.38,-11.0904,1.1e+17,12,F,52.8664,59.27778035,3593.6144,3489.3,104.3144,4.0,0.3857812009958922,0.12073084688244,R,14028548157346.39,LLLYALLTVLLALLLSFLILI,25356.511290783776,1894.1714394544765,25.172443300784487
LLLYTLLVLLLAFLLSILILI,LLLYTLLVALLAFLLSILILI,Right,void,,,,,,,,,,,3748.27,4194.27,58.7739,73.8705,3725.68,4253.44,117.18,119.66,-11.0904,1.1e+17,8,L,57.4591,56.24817254,3674.3995,3606.02,68.3795,4.0,0.4243439733363399,0.1132481077419854,R,8182934149846.11,LLLYALLTVLLALLLSFLILI,25266.76769641946,1935.747924665208,28.84709834817547
LLLSYLLVILLTLLLAFLILI,LLLSALLVILLTLLLAFLILI,Right,void,,,,,,,,,,,3549.62,4067.88,51.2561,70.3272,3504.16,4223.55,161.875,150.249,-10.9575,1.1e+17,4,Y,68.148,50.7868557,3479.2928,3353.911,125.3818,4.0,0.3701731821727925,0.1691594571104596,R,-14.623692852949889,LLLYALLTVLLALLLSFLILI,24915.393046016587,2162.7892047969485,20.99516746669816
LLLSYLLVILLTLLLAFLILI,LLLSYLLVALLTLLLAFLILI,Right,void,,,,,,,,,,,3519.22,4198.79,44.7342,39.9086,3504.16,4223.55,89.8345,92.1775,-10.9575,1.1e+17,8,I,91.421,30.38812271,3479.3114,3411.9825,67.3289,4.0,0.4866822972692699,0.0312401115112411,R,20896141666566.67,LLLSYLLFVLLALLLATLILI,25548.13398320069,1672.7435489163686,38.92965803956869
LLLYALLFALLTVLLSLLILI,LLLYALLAALLTVLLSLLILI,Right,void,,,,,,,,,,,3469.34,4052.66,53.9371,86.0884,3481.59,4195.97,157.109,199.503,-5.40825,1.1e+17,7,F,43.507,66.42859237,3383.2516,3282.087,101.1646,4.0,0.3350588149423543,0.0503444033028483,R,-39.655422602480655,LLLYALLTVLLALLLSFLILI,24822.67303207988,1691.7478399022114,25.092701144439104
LLLYALLFALLTVLLSLLILI,LLLYALLFALLTVLLSALILI,Right,void,,,,,,,,,,,3497.21,4151.25,55.4869,111.92,3481.59,4195.97,108.983,176.507,-5.40825,1.1e+17,16,L,17.5428,86.44954381,3385.29,3305.083,80.207,4.0,0.1654233396308604,0.0760107487364356,R,-6.883283985797502,LLLYALLTVLLALLLSFLILI,24177.84719055329,1146.90631636429,18.36503969656705
LLLAFLLVTLLAYLLSLLILI,LLLAALLVTLLAYLLSLLILI,Right,void,,,,,,,,,,,3741.77,4555.84,46.8656,66.32,3653.34,4675.11,143.266,98.8869,-11.5026,1.1e+17,4,F,72.1552,47.89305233,3675.45,3554.4531,120.9969,4.0,0.4261559811093579,0.2128814438317276,R,-28.451440430947684,LLLYALLTVLLALLLSFLILI,25316.75840869953,2280.2174231500057,23.09558476751409
LLLAFLLVTLLAYLLSLLILI,LLLAFLLVTLLAALLSLLILI,Right,void,,,,,,,,,,,3721.79,4565.98,44.905,60.1301,3653.34,4675.11,142.874,102.316,-11.5026,1.1e+17,12,Y,69.6919,46.31734221,3661.6599,3551.024,110.6359,4.0,0.2799266636733636,0.0571584159545499,R,-36.06471340642754,LLLAYLLTVLLAFLLSLLILI,24632.767793154453,1673.5675434994396,20.069267676419223
LLLVALLLALLFTLLSILILI,LLLVALLLALLATLLSILILI,Right,void,,,,,,,,,,,3795.24,4517.82,54.1319,46.2938,3786.74,4653.92,154.928,139.385,-10.9004,1.1e+17,11,F,83.974,35.53740832,3748.9462,3647.355,101.5912,4.0,0.6829083459147847,0.224942767199373,R,-51.91184146041064,LLLYALLTVLLALLLSFLILI,26190.27579279393,2622.0595239089344,43.89503971421953
LLLVALLLALLFTLLSILILI,LLLVALLAALLFTLLSILILI,Right,void,,,,,,,,,,,3802.48,4614.33,57.0417,85.8303,3786.74,4653.92,112.433,164.07,-10.9004,1.1e+17,7,L,43.7651,66.22943407,3716.6497,3622.67,93.9797,4.0,0.3786191002501307,0.1197869285768766,R,-21.581109796009606,LLLTALLVALLFALLSLLILI,25006.08075439014,1964.8432794674047,24.6282359487555
LLLSYLLVFLLALLLATLILI,LLLSALLVFLLALLLATLILI,Right,void,,,,,,,,,,,3350.14,3997.96,63.5752,70.5729,3306.26,4173.1,179.138,147.009,-17.4457,1.1e+17,4,Y,67.9023,50.96428819,3279.5671,3159.251,120.3161,4.0,0.4526371586060022,0.0368432481139004,R,-35.42582469328449,LLLYALLTVLLALLLSFLILI,25629.621233834496,1597.1635723294542,35.74491769841601
LLLSYLLVFLLALLLATLILI,LLLSYLLVALLALLLATLILI,Right,void,,,,,,,,,,,3349.1,4095.42,45.7586,41.912,3306.26,4173.1,129.388,99.3788,-17.4457,1.1e+17,8,F,89.4176,31.91359754,3307.188,3206.8812,100.3068,4.0,0.4368056242411183,0.0155385819946325,R,-63.10325675308383,LLLSYLLFVLLALLLATLILI,25278.31555787067,1618.960075246591,35.68066002012248
LLLFYLLVALLTALLSLLILI,LLLFALLVALLTALLSLLILI,Right,void,,,,,,,,,,,3493.27,4063.38,50.7466,74.1752,3467.77,4164.62,152.171,153.111,-14.6796,1.1e+17,4,Y,64.3,53.56569263,3419.0948,3314.659,104.4358,4.0,0.4306714578390032,0.0771707086149727,R,-45.1229662816669,LLLTALLVALLFALLSLLILI,25247.276198056577,1834.004078261776,31.5149104779424
LLLFYLLVALLTALLSLLILI,LLLFYLLVALLTALLSALILI,Right,void,,,,,,,,,,,3491.16,4098.45,58.4146,69.9336,3467.77,4164.62,118.973,106.42,-14.6796,1.1e+17,16,L,59.5292,54.01829715,3421.2264,3361.35,59.8764,4.0,0.4895140248224449,0.0200433786172898,R,-51.16306938809713,LLLTALLVALLFALLSLLILI,25446.053406135685,1713.4845024043218,39.83035204624251
LLLTYLLVLLLALLLSFLILI,LLLTALLVLLLALLLSFLILI,Right,void,,,,,,,,,,,3587.97,4110.16,46.8152,68.4851,3519.1,4253.1,158.64,142.371,-6.56091,1.1e+17,4,Y,69.9901,49.4565814,3519.4849,3376.729,142.7559,4.0,0.4830330268726018,0.1795844758956216,R,8734812786518.006,LLLYALLTVLLALLLSFLILI,25528.935651054795,2199.142194515482,29.83436281500917
LLLTYLLVLLLALLLSFLILI,LLLTYLLVLLLAALLSFLILI,Right,void,,,,,,,,,,,3526.38,4195.19,51.5597,94.4248,3519.1,4253.1,111.6,159.171,-6.56091,1.1e+17,12,L,35.3972,72.73405124,3431.9552,3359.929,72.0262,4.0,0.3059894265800887,0.1194759876608261,R,6646074170118.087,LLLYALLTVLLALLLSFLILI,24830.674325638083,1890.040092629725,18.56078810724231
LLLSYLLFVLLALLLSTLILI,LLLSALLFVLLALLLSTLILI,Right,void,,,,,,,,,,,3464.77,4012.31,58.1205,48.297,3416.81,4115.01,159.804,132.392,-15.4688,1.1e+17,4,Y,90.1782,34.8777254,3416.473,3284.418,132.055,4.0,0.4139504194376818,0.0265572372090696,R,-35.63315706260612,LLLYALLTVLLALLLSFLILI,25284.02637003089,1401.4000437026618,36.259757570595184
LLLSYLLFVLLALLLSTLILI,LLLSYLLAVLLALLLSTLILI,Right,void,,,,,,,,,,,3418.03,4016.02,59.098,37.2175,3416.81,4115.01,147.591,129.559,-15.4688,1.1e+17,7,F,92.3779,28.71822611,3380.8125,3287.251,93.5615,4.0,0.3634420930052769,0.005733788844702,R,5471938140123.09,LLLYALLTVLLALLLSFLILI,25086.505458948424,1489.4426704496498,30.114237554730032
LLLYVLLFTLLATLLSLLILI,LLLYVLLATLLATLLSLLILI,Right,void,,,,,,,,,,,3476.24,4106.82,58.2829,73.7351,3500.68,4255.3,158.412,189.258,-10.9192,1.1e+17,7,F,55.8603,56.89638675,3402.5049,3311.422,91.0829,4.0,1.7484041157885972,2.0535566848374103,R,99999900.0,LLLYALLTVLLALLLSFLILI,29829.87800867265,10321.995366786565,24.8296167377686
LLLYVLLFTLLATLLSLLILI,LLLYVLLFTLLATLLSALILI,Right,void,,,,,,,,,,,3527.17,4209.97,56.2106,102.211,3500.68,4255.3,109.628,148.862,-10.9192,1.1e+17,16,L,27.2518,78.95009223,3424.959,3351.818,73.141,4.0,0.189005545385142,0.101864139120814,R,-33.22134440221783,LLLYALLTVLLALLLSFLILI,24332.695760712348,1803.0901215615645,9.80185150567317
LLLYALLLALLFSLLVTLILI,LLLYALLLALLASLLVTLILI,Right,void,,,,,,,,,,,3834.01,4608.1,59.0092,52.6694,3835.53,4757.58,159.429,152.503,-12.0058,1.1e+17,11,F,77.5984,40.43163391,3781.3406,3683.027,98.3136,4.0,0.2534012629646821,0.0681159713939171,R,-0.7339148396142573,LLLYALLTVLLALLLSFLILI,24661.076828796384,1185.4864648525372,25.269218371888847
LLLYALLLALLFSLLVTLILI,LLLYALLAALLFSLLVTLILI,Right,void,,,,,,,,,,,3842.13,4704.32,59.8637,82.8067,3835.53,4757.58,118.738,165.794,-12.0058,1.1e+17,7,L,46.7887,63.89632657,3759.3233,3669.736,89.5873,4.0,0.2780933746599287,0.0980237244262202,R,-12.42670607432032,LLLTALLVALLFALLSLLILI,24571.53588656089,1135.238259891186,29.11030500410248
LLLFALLTTLLAVLLSLLILI,LLLAALLTTLLAVLLSLLILI,Right,void,,,,,,,,,,,3764.7,4502.65,57.2085,114.023,3797.5,4637.93,158.983,259.898,-5.72533,1.1e+17,3,F,55.7078,67.17873244,3650.677,3537.602,113.075,4.0,0.2695539752447562,0.080897730746359,R,99999900.0,LLLYALLTVLLALLLSFLILI,24596.99628605272,1754.0882992672011,17.793535497557077
LLLFALLTTLLAVLLSLLILI,LLLFALLTTLLAVLLSALILI,Right,void,,,,,,,,,,,3806.32,4617.19,41.7773,82.616,3797.5,4637.93,89.4236,154.981,-5.72533,1.1e+17,16,L,46.8468,63.81447026,3723.704,3642.519,81.185,4.0,0.4100494502323341,0.0369601528354184,R,-29.894151936128644,LLLYALLTVLLALLLSFLILI,25045.638556147616,1753.0952540361477,32.16943149686981
LLLVYLLLALLFTLLSILILI,LLLVYLLLALLATLLSILILI,Right,void,,,,,,,,,,,3846.95,4595.4,54.6007,56.6068,3838.53,4733.22,156.171,147.086,-12.7344,1.1e+17,11,F,73.661,43.4541767,3790.3432,3691.444,98.8992,4.0,0.5107178042665808,0.0128825886434662,R,99999900.0,LLLAYLLTVLLAFLLSLLILI,25460.269029764902,1772.4972153864974,42.03136615611941
LLLYTLLATLLFLLLSVLILI,LLLYTLLATLLALLLSVLILI,Right,void,,,,,,,,,,,3938.66,4765.15,53.3343,24.0031,3924.09,4889.61,151.298,143.001,-12.4425,1.1e+17,11,F,106.2647,18.42596559,3914.6569,3781.089,133.5679,4.0,5.474831113834762,3.2164069149927355,R,99999900.0,LLLYALLTVLLALLLSFLILI,42445.12723665327,18571.408639993337,649.3279528674849
LLLYFLLAILLTVLLSLLILI,LLLYALLAILLTVLLSLLILI,Right,void,,,,,,,,,,,4012.11,4661.81,47.9111,60.718,3950.86,4707.42,116.469,106.94,-6.17801,1.1e+17,4,F,77.7572,43.8475626,3951.392,3843.92,107.472,4.0,0.3391023501580451,0.0752580388793287,R,-56.87190179548587,LLLYALLTVLLALLLSFLILI,24960.534524413943,1740.562502450747,23.955370829007943
LLLYFLLAILLTVLLSLLILI,LLLAFLLAILLTVLLSLLILI,Right,void,,,,,,,,,,,3820.49,4523.99,56.8269,76.5171,3950.86,4707.42,175.958,290.056,-6.17801,1.1e+17,3,Y,93.2137,45.08144662,3743.9729,3660.804,83.1689,4.0,0.3777905283640382,0.0015104113217756,R,-46.824901248458914,LLLAYLLTVLLAFLLSLLILI,25196.64273770321,1466.6140153074978,31.56677676435762
LLLYTLLVALLATLLSLLILI,LLLATLLVALLATLLSLLILI,Right,void,,,,,,,,,,,3706.85,4498.85,61.9699,121.735,3762.76,4663.79,175.095,269.363,-7.71988,1.1e+17,3,Y,47.9958,71.72239806,3585.115,3493.397,91.718,4.0,0.4600224062137357,0.1483776880335095,R,-36.201398245638096,LLLAYLLTVLLAFLLSLLILI,25331.28617800642,2126.395902135213,29.755254566830885
LLLYTLLVALLATLLSLLILI,LLLYTLLVALLATLLSALILI,Right,void,,,,,,,,,,,3774.08,4611.92,42.6895,62.9473,3762.76,4663.79,101.129,127.327,-7.71988,1.1e+17,16,L,66.5155,48.62192074,3711.1327,3635.433,75.6997,4.0,0.3215103766871452,0.0301370134124129,R,-48.02614649213297,LLLYALLTVLLALLLSFLILI,24815.62042990816,1591.0218983217974,25.15473693640839
LLLTYLLIALLVALLSLLILI,LLLTALLIALLVALLSLLILI,Right,void,,,,,,,,,,,3430.75,3971.03,52.7317,81.3988,3406.81,4079.64,156.794,161.059,-5.43846,1.1e+17,4,Y,57.0764,58.78222238,3349.3512,3245.751,103.6002,4.0,0.4556264489943656,0.0824867902831073,R,-33.174876350251225,LLLTALLVALLFALLSLLILI,25279.46800896598,1915.229722347441,33.290986845706385
LLLTYLLIALLVALLSLLILI,LLLTYLLAALLVALLSLLILI,Right,void,,,,,,,,,,,3393.16,4052.41,55.5806,108.836,3406.81,4079.64,97.8347,185.491,-5.43846,1.1e+17,7,I,20.7594,83.98137588,3284.324,3221.319,63.005,4.0,0.4064146071673283,0.0345982865873723,R,7993454431474.2,LLLAYLLTVLLAFLLSLLILI,25011.57779800976,1756.0389621719714,32.00479872715335
LLLVALLIALLLTLLSLLILI,LLLVALLAALLLTLLSLLILI,Right,void,,,,,,,,,,,3822.49,4541.48,45.6167,89.2823,3804.79,4562.07,90.325,156.583,-5.41756,1.1e+17,7,I,40.3131,68.89310886,3733.2077,3648.207,85.0007,4.0,0.296574321952882,0.0221047573976369,R,-22.614044856910223,LLLTALLVALLFALLSLLILI,24693.31846067648,1396.7006494604134,26.160628450442896
LLLYWLLTALLLSLLFVLILI,LLLYALLTALLLSLLFVLILI,Right,void,,,,,,,,,,,3468.12,4247.41,58.5812,71.9465,3448.25,4365.95,173.796,182.046,-18.0581,1.1e+17,4,W,66.5287,51.95623476,3396.1735,3266.204,129.9695,4.0,0.2611756759124541,0.0575343488735202,R,-13.9325872730586,LLLYALLTVLLALLLSFLILI,24470.600059853936,1283.7220481497277,25.293692340980726
LLLYWLLTALLLSLLFVLILI,LLLYWLLTALLASLLFVLILI,Right,void,,,,,,,,,,,3487.0,4325.51,57.1073,67.3954,3448.25,4365.95,112.845,125.016,-18.0581,1.1e+17,11,L,62.8724,51.73603914,3419.6046,3323.234,96.3706,4.0,0.2242188281038564,0.0182314522514381,R,-10.873850935877538,LLLYALLTVLLALLLSFLILI,24447.97653844381,1502.8786327363418,17.707781836598688
LLLVYLLLTLLFTLLSALILI,LLLVALLLTLLFTLLSALILI,Right,void,,,,,,,,,,,3891.75,4601.88,45.2181,84.5892,3814.47,4660.19,129.944,120.024,-12.3982,1.1e+17,4,Y,53.886,61.08617283,3807.1608,3694.446,112.7148,4.0,0.2956497179710101,0.0378686865983111,R,99999900.0,LLLTALLVALLFALLSLLILI,24699.02520236908,1335.5441071334865,27.017177188702966
LLLVYLLLTLLFTLLSALILI,LLLVYLLLTLLATLLSALILI,Right,void,,,,,,,,,,,3826.31,4534.89,53.0388,33.3292,3814.47,4660.19,151.189,118.61,-12.3982,1.1e+17,11,F,96.9386,25.58514076,3792.9808,3695.86,97.1208,4.0,0.4415375726988081,0.1081850585297804,R,99999900.0,LLLAYLLTVLLAFLLSLLILI,25141.56594018085,1350.6339575968375,43.40788052463559
LLLYLLLATLLAVLLSFLILI,LLLYLLLATLLAVLLSALILI,Right,void,,,,,,,,,,,4026.81,4691.43,40.9163,81.0167,4088.09,4793.45,133.903,242.993,-6.11924,1.1e+17,16,F,48.4461,62.5791347,3945.7933,3845.097,100.6963,4.0,-0.4350414566307313,1.0188599764790345,R,99999900.0,LLLYALLTVLLALLLSFLILI,22043.1930655924,2995.148798252711,23.91468599645929
LLLAALLLSLLFTLLVYLILI,LLLAALLLSLLFTLLVALILI,Right,void,,,,,,,,,,,3724.51,4646.85,40.5455,75.9443,3725.58,4748.24,137.984,200.365,-9.29048,1.1e+17,16,Y,49.1183,62.05991219,3648.5657,3525.215,123.3507,4.0,0.4390126494321403,0.0336823917031709,R,99999900.0,LLLVALLLALLFALLSTLILI,25136.241088745,1791.4266861440783,34.79055978569474
LLLAALLLSLLFTLLVYLILI,LLLAALLLSLLATLLVYLILI,Right,void,,,,,,,,,,,3734.46,4598.81,58.512,43.8053,3725.58,4748.24,159.419,130.41,-9.29048,1.1e+17,11,F,86.4625,33.62711276,3690.6547,3595.17,95.4847,4.0,0.5131147325247634,0.2242512144815338,R,4.644930561418613,LLLWYLLLVLLATLLSFLILI,25401.43062601741,2529.866677349268,29.708467911364828
LLLYSLLIALLFVLLTLLILI,LLLYSLLIALLAVLLTLLILI,Right,void,,,,,,,,,,,3478.76,4158.43,50.8489,42.7922,3478.85,4296.13,152.393,138.743,-10.2014,1.1e+17,11,F,87.4756,32.84940714,3435.9678,3340.107,95.8608,4.0,0.5304501227706375,0.0453764456753221,R,18479356968157.32,LLLYFLLAILLAVLLTLLILI,25769.04477142314,1415.3609550549338,47.13668993758467
LLLYSLLIALLFVLLTLLILI,LLLYSLLAALLFVLLTLLILI,Right,void,,,,,,,,,,,3498.38,4245.75,59.5451,66.4605,3478.85,4296.13,112.202,118.086,-10.2014,1.1e+17,7,I,63.1349,51.28307023,3431.9195,3360.764,71.1555,4.0,0.2781643413798649,0.0517477090298727,R,-16.16495850214283,LLLTALLVALLFALLSLLILI,24612.744997399244,1657.0170952546398,20.242185399537107
LLLLVLLIALLATLLSFLILI,LLLLVLLIALLATLLSALILI,Right,void,,,,,,,,,,,3832.3,4589.14,41.947,52.415,3861.29,4690.03,134.592,195.214,-5.97089,1.1e+17,16,F,77.0478,40.48653358,3779.885,3666.076,113.809,4.0,0.3286040268682712,0.0129574572952156,R,-28.384721444374502,LLLLALLVALLFALLSTLILI,24836.63834465349,1442.7387927553673,28.30251510867473
LLLLVLLIALLATLLSFLILI,LLLLVLLAALLATLLSFLILI,Right,void,,,,,,,,,,,3868.34,4639.1,58.0663,66.46,3861.29,4690.03,110.897,140.452,-5.97089,1.1e+17,7,I,63.1354,51.28268442,3801.88,3720.838,81.042,4.0,0.3033659086951584,0.2641659777262929,R,-30.842884097799395,LLLYALLTVLLALLLSFLILI,24742.781668224587,2435.5364088188585,9.767968278122282
LLLAYLLTLLLAILLSFLILI,LLLAYLLTLLLAILLSALILI,Right,void,,,,,,,,,,,3867.83,4624.69,44.0978,57.7035,3852.46,4700.14,127.306,155.147,-10.4542,1.1e+17,16,F,71.7593,44.57149081,3810.1265,3697.313,112.8135,4.0,0.3993283359665799,0.047939333322963,R,3475699018934.5444,LLLYALLTVLLALLLSFLILI,25256.87109092468,1651.9569511267273,30.62055082756646
LLLAYLLTLLLAILLSFLILI,LLLAALLTLLLAILLSFLILI,Right,void,,,,,,,,,,,3910.84,4646.3,48.6619,93.5832,3852.46,4700.14,128.108,141.505,-10.4542,1.1e+17,4,Y,44.892,67.58119866,3817.2568,3710.955,106.3018,4.0,0.0912122923653401,0.0104960054807663,R,-88.70136952365806,LLLYALLTVLLALLLSFLILI,23791.81926876344,1456.9093295321609,7.021072086564064
LLLYLLLATLLAVLLSFLILI,LLLALLLATLLAVLLSFLILI,Right,void,,,,,,,,,,,3450.18,4078.65,60.0818,109.376,3639.93,4269.05,181.393,351.558,-11.7436,1.1e+17,3,Y,60.3548,64.44086754,3340.804,3288.372,52.432,4.0,0.3630598133510649,0.1321993519089547,R,99999900.0,LLLYALLTVLLALLLSFLILI,24884.19275629218,1120.346395071287,38.25484382408664
LLLSYLLIALLTVLLWLLILI,LLLSALLIALLTVLLWLLILI,Right,void,,,,,,,,,,,3443.78,4110.82,57.1222,52.4382,3407.93,4281.74,174.407,155.306,-10.9176,1.1e+17,4,Y,86.037,37.86829699,3391.3418,3252.624,138.7178,4.0,0.5328168080572733,0.1858855698921361,R,-38.10221966642185,LLLTALLVALLFALLSLLILI,25769.99985163797,963.704409249207,55.66026961070104
LLLSYLLIALLTVLLWLLILI,LLLSYLLIALLTVLLALLILI,Right,void,,,,,,,,,,,3458.46,4094.5,57.4675,80.1787,3407.93,4281.74,188.916,147.795,-10.9176,1.1e+17,15,W,49.5417,61.80885967,3378.2813,3260.135,118.1463,4.0,0.7832765386325982,0.0258389752340838,R,14042401805892.271,LLLSYLLFVLLALLLATLILI,26608.97307555306,1968.8838894157184,67.16420999788184
LLLAVLLYTLLAFLLSLLILI,LLLAVLLYTLLAALLSLLILI,Right,void,,,,,,,,,,,3797.0,4583.89,45.1404,57.413,3770.73,4664.83,130.493,159.106,-5.80566,1.1e+17,12,F,72.409,44.22439956,3739.587,3611.624,127.963,4.0,0.7634527983740294,0.5861123086401737,R,99999900.0,LLLAYLLTVLLAFLLSLLILI,26326.838857533872,1749.7491443721497,98.69971739605391
LLLYFLLAILLAVLLTLLILI,LLLYALLAILLAVLLTLLILI,Right,void,,,,,,,,,,,3567.54,4114.94,50.5965,55.5634,3513.86,4217.15,142.573,122.804,-5.54831,1.1e+17,4,F,82.9118,40.12516321,3511.9766,3391.056,120.9206,4.0,0.3212679351017323,0.0046151425334537,R,-47.30205967750294,LLLYALLTVLLALLLSFLILI,24640.053741968062,1594.0851589319095,26.646611357566258
LLLYFLLAILLAVLLTLLILI,LLLAFLLAILLAVLLTLLILI,Right,void,,,,,,,,,,,3357.16,4025.98,58.855,81.8548,3513.86,4217.15,180.397,313.372,-5.54831,1.1e+17,3,Y,87.876,48.22625004,3275.3052,3200.488,74.8172,4.0,0.4783129301942056,0.0745812641714916,R,-41.31243270601515,LLLAYLLTVLLAFLLSLLILI,25852.443187111152,1735.1330142753186,35.66036740730031
LLLYLLLATLLAILLFSLILI,LLLYALLATLLAILLFSLILI,Right,void,,,,,,,,,,,3555.27,4203.45,58.2911,61.265,3526.06,4292.7,127.012,94.849,-8.91739,1.1e+17,4,L,77.2102,44.24257918,3494.005,3431.211,62.794,4.0,0.5348603361470601,0.0418467957941153,R,99999900.0,LLLYALLTVLLALLLSFLILI,25445.1982195831,1753.252430721672,47.2971014235377
LLLYFLLFTLLAVLLSLLILI,LLLYALLFTLLAVLLSLLILI,Right,void,,,,,,,,,,,4010.97,4797.42,52.3083,59.1441,3915.45,4897.76,137.567,81.9877,-14.3265,1.1e+17,4,F,79.3311,42.71096918,3951.8259,3833.4623,118.3636,4.0,0.4133967549093695,0.1048245088855518,R,22452663636263.64,LLLYALLTVLLALLLSFLILI,25105.337294705925,1959.3018027576225,28.428900450262752
LLLYFLLFTLLAVLLSLLILI,LLLYFLLFTLLAVLLSALILI,Right,void,,,,,,,,,,,3926.95,4879.77,41.8374,83.0082,3915.45,4897.76,89.3189,158.657,-14.3265,1.1e+17,16,L,46.4546,64.11741442,3843.9418,3756.793,87.1488,4.0,1.882469231206052,1.863959980372932,R,99999900.0,LLLYALLTVLLALLLSFLILI,30390.80498963756,9827.33363166831,47.2971014235377
LLLSYLLTVLLAILLSLLILI,LLLSALLTVLLAILLSLLILI,Right,void,,,,,,,,,,,3439.7,3949.33,58.712,68.2992,3390.99,4095.01,169.889,146.447,-8.17484,1.1e+17,4,Y,70.176,49.32233353,3371.4008,3244.543,126.8578,4.0,0.85524431834092,0.0420167741546552,R,2594390126086.5566,LLLYALLTVLLALLLSFLILI,28306.77402421704,1626.0641784524723,74.15316544187648
LLLSYLLTVLLAILLSLLILI,LLLSYLLTVLLAALLSLLILI,Right,void,,,,,,,,,,,3401.66,4083.26,47.1089,61.3335,3390.99,4095.01,83.8863,120.598,-8.17484,1.1e+17,12,I,68.4885,47.24430374,3340.3265,3270.392,69.9345,4.0,0.4915835758615683,0.0319066499565346,R,2752721201011.16,LLLYALLTVLLALLLSFLILI,25773.19731146728,1593.7751798617644,39.30085887206368
LLLTYLLIVLLALLLSFLILI,LLLTALLIVLLALLLSFLILI,Right,void,,,,,,,,,,,3962.61,4633.59,50.9,53.5325,3919.17,4680.31,131.924,161.08,-10.6115,1.1e+17,4,Y,84.9427,38.6585468,3909.0775,3758.09,150.9875,4.0,0.4966771136979686,0.085890079465391,R,-80.21268165558068,LLLYALLTVLLALLLSFLILI,25877.901625979204,1780.4107282686036,36.529105226749415
LLLTYLLIVLLALLLSFLILI,LLLTYLLIVLLAALLSFLILI,Right,void,,,,,,,,,,,3943.87,4639.67,54.2303,81.4285,3919.17,4680.31,106.85,129.558,-10.6115,1.1e+17,12,L,48.3935,62.72319021,3862.4415,3789.612,72.8295,4.0,0.3497052364809779,0.0512148142654782,R,3899608720487.602,LLLYALLTVLLALLLSFLILI,25093.271262378017,1638.8121394445536,26.26839889898052
LLLYFLLTTLLAVLLSLLILI,LLLYALLTTLLAVLLSLLILI,Right,void,,,,,,,,,,,3576.82,4117.15,54.4838,80.2107,3571.75,4251.49,153.786,162.385,-7.0655,1.1e+17,4,F,58.2645,57.92423481,3496.6093,3409.365,87.2443,4.0,2.078467506951972,1.803325083699796,R,99999900.0,LLLYALLTVLLALLLSFLILI,31003.4018980024,10031.516633879672,67.31308185027612
LLLYFLLTTLLAVLLSLLILI,LLLYFLLTTLLAVLLSALILI,Right,void,,,,,,,,,,,3565.42,4209.78,56.477,111.298,3571.75,4251.49,108.661,192.231,-7.0655,1.1e+17,16,L,18.1648,85.96909691,3454.122,3379.519,74.603,4.0,-0.4434245662148128,1.0070044692103663,R,99999900.0,LLLYALLTVLLALLLSFLILI,22073.93545313148,3040.699875388658,22.50979117640864
LLLYSLLTALLVALLFLLILI,LLLYSLLTALLVALLALLILI,Right,void,,,,,,,,,,,3893.97,4699.3,40.2948,34.6076,3893.05,4777.12,125.618,120.416,-8.82583,1.1e+17,15,F,95.1128,26.6786103,3859.3624,3772.634,86.7284,4.0,0.3784271253528516,0.0172817061408461,R,-43.24193366425301,LLLTALLVALLFALLSLLILI,24958.88413029928,1629.0372676123136,30.685658586061983
LLLYSLLTALLVALLFLLILI,LLLYSLLAALLVALLFLLILI,Right,void,,,,,,,,,,,3904.31,4742.2,58.9544,80.5836,3893.05,4777.12,89.3884,114.338,-8.82583,1.1e+17,7,T,49.0118,62.18091074,3823.7264,3778.712,45.0144,4.0,0.2551851329872237,0.1134445456968347,R,13843546257974.39,LLLTYLLAVLLAILLFLLILI,24599.22122937508,1023.7395584664632,28.104445439228414
LLLYALLFILLTLLLSVLILI,LLLAALLFILLTLLLSVLILI,Right,void,,,,,,,,,,,3710.39,4567.96,59.7821,89.3143,3847.05,4754.05,179.296,303.99,-15.5981,1.1e+17,3,Y,80.4165,52.62115067,3621.0757,3543.06,78.0157,4.0,0.439436126055078,0.1367504594841026,R,-35.41316905143915,LLLYALLTVLLALLLSFLILI,25448.9745150762,1984.9836898195404,28.719186418967062
LLLYALLFILLTLLLSVLILI,LLLYALLAILLTLLLSVLILI,Right,void,,,,,,,,,,,3858.51,4613.72,53.5954,29.5061,3847.05,4754.05,156.414,93.6896,-15.5981,1.1e+17,7,F,100.0893,22.76786059,3829.0039,3753.3604,75.6435,4.0,0.3669730505481761,0.0390404106587156,R,-34.834705184378976,LLLYALLTVLLALLLSFLILI,25127.266414785063,1320.1998126732396,33.0630115318551
LLLLTLLVALLSTLLIFLILI,LLLLTLLVALLSTLLIALILI,Right,void,,,,,,,,,,,3771.84,4597.99,39.1886,71.4382,3788.95,4665.6,118.633,194.834,-8.48754,1.1e+17,16,F,58.0246,55.18048428,3700.4018,3594.116,106.2858,4.0,0.452869097348061,0.0337815398907457,R,99999900.0,LLLLALLVALLFALLSTLILI,25240.201242330284,1544.8238186022338,39.94892252970941
LLLLTLLVALLSTLLIFLILI,LLLLTLLVALLSTLLAFLILI,Right,void,,,,,,,,,,,3831.73,4611.92,44.6842,22.7499,3788.95,4665.6,94.8192,53.0767,-8.48754,1.1e+17,15,I,106.9705,17.5376425,3808.9801,3735.8733,73.1068,4.0,0.3240275219533244,0.0781065204358411,R,15092355220303.951,LLLLALLVALLFALLSTLILI,24836.32276492421,1762.6520293354554,22.523428436781888
LLLFSLLLTLLAALLSYLILI,LLLFSLLLTLLAALLSALILI,Right,void,,,,,,,,,,,3333.49,3997.68,58.4945,104.319,3317.21,4123.34,160.548,213.088,-12.4535,1.1e+17,16,Y,25.1438,80.57835919,3229.171,3104.122,125.049,4.0,0.4208073833895214,0.261112577290007,R,-19.789301390940413,LLLVALLLALLFALLSTLILI,25100.10173107856,2534.99634904603,19.78967909417542
LLLFSLLLTLLAALLSYLILI,LLLFSLLATLLAALLSYLILI,Right,void,,,,,,,,,,,3380.69,4132.36,50.4486,56.3716,3317.21,4123.34,86.6287,92.0,-12.4535,1.1e+17,7,L,73.2238,43.49814885,3324.3184,3225.21,99.1084,4.0,0.2463270554886654,0.0255937347370859,R,-99.99955283558084,LLLTILLAVLLAYLLSLLILI,24446.65183620232,1373.0712627763414,22.156974648530035
LLLSYLLVFLLATLLSLLILI,LLLSALLVFLLATLLSLLILI,Right,void,,,,,,,,,,,3412.02,4059.9,60.1869,74.9079,3359.74,4225.05,174.96,158.132,-15.6525,1.1e+17,4,Y,63.5673,54.09481265,3337.1121,3201.608,135.5041,4.0,0.3589121896148716,0.0688313647418349,R,4709971646189.711,LLLYALLTVLLALLLSFLILI,24928.55292873421,1283.0803836499476,34.15270201178553
LLLSYLLVFLLATLLSLLILI,LLLSYLLVALLATLLSLLILI,Right,void,,,,,,,,,,,3400.5,4090.43,53.2001,47.0846,3359.74,4225.05,153.722,119.409,-15.6525,1.1e+17,8,F,84.245,35.85223742,3353.4154,3240.331,113.0844,4.0,0.6434372453577697,0.2858717349296061,R,9905598366615.924,LLLSYLLFVLLALLLATLILI,25979.56445585445,2825.3383599639587,36.97754512356543
LLLYFLLVALLLALLSTLILI,LLLYALLVALLLALLSTLILI,Right,void,,,,,,,,,,,3909.01,4597.54,48.0662,61.6293,3839.22,4707.2,141.086,106.903,-8.30723,1.1e+17,4,F,76.8459,44.50565878,3847.3807,3732.317,115.0637,4.0,0.3673581457611225,0.0226488101089707,R,-20.23979631658564,LLLYALLTVLLALLLSFLILI,25009.5411472464,1425.5485589076884,32.12406565525236
LLLYFLLVALLLALLSTLILI,LLLYFLLVALLAALLSTLILI,Right,void,,,,,,,,,,,3882.5,4669.84,51.5716,58.791,3839.22,4707.2,106.521,109.211,-8.30723,1.1e+17,11,L,71.4768,45.13087655,3823.709,3730.009,93.7,4.0,0.339061716681227,0.0728104963394904,R,16716913333233.344,LLLYALLTVLLALLLSFLILI,24814.765312722982,1274.1333995449982,32.72513419600395
LLLFILLTTLLAYLLALLILI,LLLAILLTTLLAYLLALLILI,Right,void,,,,,,,,,,,3270.87,4107.66,61.04,105.924,3333.08,4224.74,155.644,260.545,-13.1838,1.1e+17,3,F,63.8068,62.40705871,3164.946,3072.535,92.411,4.0,2.1246619057962346,1.7359930839133992,R,99999900.0,LLLAYLLTVLLAFLLSLLILI,31098.740649441224,9974.381760445636,75.17332728070426
LLLVYLLTALLIALLSLLILI,LLLVALLTALLIALLSLLILI,Right,void,,,,,,,,,,,3331.26,3959.14,57.575,67.7183,3284.49,4123.35,170.93,147.761,-14.5457,1.1e+17,4,Y,74.5062,46.1952754,3263.5417,3136.729,126.8127,4.0,0.365529702088937,0.012766997550293,R,-39.30223678823493,LLLYALLTVLLALLLSFLILI,24989.75497371068,1465.677480152395,31.385349979564943
LLLVYLLTALLIALLSLLILI,LLLVYLLTALLAALLSLLILI,Right,void,,,,,,,,,,,3332.42,4089.45,52.2627,65.1888,3284.49,4123.35,101.602,103.756,-14.5457,1.1e+17,11,I,65.079,50.04214395,3267.2312,3180.734,86.4972,4.0,0.3928142074515828,0.0945988790006841,R,13930761111011.104,LLLYALLTVLLALLLSFLILI,25200.016012022545,1143.553742483742,38.52020381456668
LLLSYLLVILLAFLLTLLILI,LLLSALLVILLAFLLTLLILI,Right,void,,,,,,,,,,,3526.04,4076.25,45.2041,71.9692,3496.73,4248.12,163.416,176.018,-17.525,1.1e+17,4,Y,66.506,51.97262759,3454.0708,3320.712,133.3588,4.0,0.3323368422796647,0.0183387312547318,R,-58.62881453605157,LLLAYLLTVLLAFLLSLLILI,25210.106242903366,1531.8162481655809,26.76097769682868
LLLSYLLVILLAFLLTLLILI,LLLSYLLVILLAALLTLLILI,Right,void,,,,,,,,,,,3465.62,4165.41,44.0645,68.3122,3496.73,4248.12,130.438,206.919,-17.525,1.1e+17,12,F,61.5098,52.61989493,3397.3078,3289.811,107.4968,4.0,0.4077978827835791,0.1794286229540334,R,9682831034396.96,LLLSYLLFVLLALLLATLILI,25273.83758935341,846.6362848740229,44.801957514175776
LLLYSLLLTLLATLLVFLILI,LLLYSLLLTLLATLLVALILI,Right,void,,,,,,,,,,,3472.37,4125.67,53.9991,97.4814,3551.46,4274.56,153.666,260.712,-10.0894,1.1e+17,16,F,31.9814,75.29684203,3374.8886,3290.748,84.1406,4.0,0.3967078458125389,0.1255820522980603,R,-99.99960585642582,LLLWYLLLVLLATLLSFLILI,24911.48535806344,2099.648832163839,25.800584174564595
LLLYYLLVFLLATLLSLLILI,LLLYALLVFLLATLLSLLILI,Right,void,,,,,,,,,,,3601.79,4238.29,59.135,58.7109,3525.69,4362.68,165.415,133.459,-11.8168,1.1e+17,4,Y,79.7643,42.39813338,3543.0791,3392.231,150.8481,4.0,0.3356178749525272,0.0398175221301584,R,5170377098895.211,LLLYALLTVLLALLLSFLILI,24978.804269258897,1310.3199262565795,30.48170607909548
LLLFALLTTLLAYLLSLLILI,LLLAALLTTLLAYLLSLLILI,Right,void,,,,,,,,,,,3362.9,4044.11,59.0144,113.514,3406.19,4187.68,162.48,260.719,-9.94943,1.1e+17,3,F,56.2168,66.8788458,3249.386,3145.471,103.915,4.0,1.758409715506359,2.269947084705916,R,19288746153746.164,LLLYALLTVLLALLLSFLILI,29930.13828397337,11010.833920955589,12.84672951395284
LLLSYLLTTLLALLLSFLILI,LLLSYLLTTLLAALLSFLILI,Right,void,,,,,,,,,,,3493.99,4208.1,55.1743,74.1466,3493.85,4247.5,107.101,130.179,-8.25475,1.1e+17,12,L,55.6754,57.11404847,3419.8434,3363.671,56.1724,4.0,2.213167810575535,1.5969071763163365,R,99999900.0,LLLYALLTVLLALLLSFLILI,31410.043705072392,9725.235804896043,90.83045945696291
LLLYALLLSLLFTLLVILILI,LLLYALLLSLLATLLVILILI,Right,void,,,,,,,,,,,3923.25,4642.31,59.2552,53.2518,3918.24,4792.72,159.821,146.647,-11.4933,1.1e+17,11,F,77.016,40.87871293,3869.9982,3771.593,98.4052,4.0,1.5849918551332856,1.6235510312049075,R,99999900.0,LLLYALLTVLLALLLSFLILI,29059.44125182349,6033.200542007947,229.0080846779764
LLLYVLLTILLAFLLSLLILI,LLLYVLLTILLAALLSLLILI,Right,void,,,,,,,,,,,3946.56,4685.1,42.5771,64.5092,3904.67,4761.0,126.883,161.382,-12.8666,1.1e+17,12,F,65.3128,49.6904993,3882.0508,3743.288,138.7628,4.0,0.2626869129431571,0.0534737400876462,R,5575405194391.75,LLLYALLTVLLALLLSFLILI,24613.030463724896,1641.689604306632,18.84301386030894
LLLYVLLTILLAFLLSLLILI,LLLYVLLTILLAFLLSALILI,Right,void,,,,,,,,,,,3932.27,4783.78,35.0301,70.119,3904.67,4761.0,65.2957,125.665,-12.8666,1.1e+17,16,L,59.3438,54.16150431,3862.151,3779.005,83.146,4.0,0.2362291107881513,0.1250125468768947,R,-76.99720588767379,LLLYALLTVLLALLLSFLILI,24418.47871733808,1003.4298083573462,27.201472525338456
LLLFALLVALLTLLLSILILI,LLLAALLVALLTLLLSILILI,Right,void,,,,,,,,,,,3771.77,4476.65,53.5309,92.4491,3752.03,4579.72,147.585,182.714,-5.81283,1.1e+17,3,F,77.2817,54.46807533,3679.3209,3569.316,110.0049,4.0,0.4151405300207121,0.0002538439939573,R,-32.05152215531053,LLLYALLTVLLALLLSFLILI,25187.357433466183,1550.2118188103736,34.77090470093009
LLLFALLVALLTLLLSILILI,LLLFALLVALLTALLSILILI,Right,void,,,,,,,,,,,3742.06,4522.78,48.2385,65.7245,3752.03,4579.72,105.239,136.142,-5.81283,1.1e+17,12,L,64.0975,50.62662723,3676.3355,3615.888,60.4475,4.0,0.4329842777540339,0.0847873023802619,R,-37.97902536195589,LLLTALLVALLFALLSLLILI,25168.0405279125,1916.5946541704168,31.25742030482454
LLLVYLLIALLLTLLSLLILI,LLLVYLLIALLATLLSLLILI,Right,void,,,,,,,,,,,3840.58,4702.4,51.7998,60.3271,3804.43,4741.87,107.551,122.686,-14.0884,1.1e+17,11,L,69.9407,46.31006281,3780.2529,3681.744,98.5089,4.0,0.0222897121459022,1.3959523174172803,R,99999900.0,LLLAYLLTVLLAFLLSLLILI,24030.10498509066,3905.545592056632,84.5789138067063
LLLWYLLLVLLATLLSFLILI,LLLWALLLVLLATLLSFLILI,Right,void,,,,,,,,,,,3974.12,4735.05,52.0486,57.8979,3955.68,4850.58,151.75,154.347,-23.088,1.1e+17,4,Y,80.5773,41.81102465,3916.2221,3801.333,114.8891,4.0,0.2150876999783833,0.0117185764783145,R,-57.16634667111132,LLLYALLTVLLALLLSFLILI,24292.096929284253,1502.265045404719,17.32854819071847
LLLWYLLLVLLATLLSFLILI,LLLWYLLLVLLATLLSALILI,Right,void,,,,,,,,,,,3895.65,4747.35,41.5508,80.2841,3955.68,4850.58,135.206,242.1,-23.088,1.1e+17,16,F,49.1787,62.01325786,3815.3659,3713.58,101.7859,4.0,0.4121217314873387,0.0456591371857043,R,-76.80276423087832,LLLYALLTVLLALLLSFLILI,25204.64805226828,1369.6338031988248,37.23832742925438
LLLYLLLVTLLAILLSFLILI,LLLYLLLVTLLAILLSALILI,Right,void,,,,,,,,,,,4043.09,4694.98,41.0094,77.6214,4043.91,4744.4,118.885,192.593,-11.6549,1.1e+17,16,F,51.8414,59.95652805,3965.4686,3851.317,114.1516,4.0,0.2894999325369338,0.0802226239233599,R,22795790908990.91,LLLYALLTVLLALLLSFLILI,24632.94085326413,1774.9009583113266,19.50487125570144
LLLYLLLVTLLAILLSFLILI,LLLYALLVTLLAILLSFLILI,Right,void,,,,,,,,,,,4054.65,4692.22,47.1826,79.5258,4043.91,4744.4,106.131,144.59,-11.6549,1.1e+17,4,L,58.9494,57.42963361,3975.1242,3899.32,75.8042,4.0,0.3698448377011221,0.0067780125874458,R,15693014341577.057,LLLYALLTVLLALLLSFLILI,24912.74650219834,1592.8226766819191,30.58887287866118
LLLYILLFTLLVALLSLLILI,LLLAILLFTLLVALLSLLILI,Right,void,,,,,,,,,,,3809.19,4657.51,62.2272,103.49,3960.8,4821.55,174.869,324.171,-10.613,1.1e+17,3,Y,66.2408,60.97302316,3705.7,3636.629,69.071,4.0,0.3967184571618349,0.3034396539330012,R,99999900.0,LLLAYLLTVLLAFLLSLLILI,25134.210068516182,2615.8880805516146,15.2632813529054
LLLTALLIALLLVLLSFLILI,LLLTALLAALLLVLLSFLILI,Right,void,,,,,,,,,,,3845.06,4598.38,45.1626,73.2497,3801.72,4615.54,88.5386,120.518,-8.47108,1.1e+17,7,I,56.3457,56.52183642,3771.8103,3681.202,90.6083,4.0,0.4579719424298542,0.0137226788460078,R,-13.088978694935104,LLLYALLTVLLALLLSFLILI,25239.96824206916,1633.7359287422726,39.188004070974166
LLLYSLLLTLLVALLSFLILI,LLLYSLLLTLLVALLSALILI,Right,void,,,,,,,,,,,3502.85,4091.81,58.3307,104.213,3578.11,4238.06,157.623,265.822,-5.20008,1.1e+17,16,F,25.2498,80.49648239,3398.637,3312.288,86.349,4.0,0.071396758783725,0.056737017804424,R,-19.97468725949164,LLLVALLLALLFALLSTLILI,23879.56367122012,1244.1703575756865,9.34427094037955
LLLYSLLLALLAVLLTILILI,LLLYSLLAALLAVLLTILILI,Right,void,,,,,,,,,,,3413.46,4064.89,59.5794,60.8755,3399.86,4118.84,118.484,128.979,-8.45964,1.1e+17,7,L,68.7199,46.97350369,3352.5845,3270.881,81.7035,4.0,0.3108876451770497,0.1153225856684189,R,-28.282419277817823,LLLYLLLTVLLAFLLSILILI,24792.43577264652,1889.5072094847576,19.21731750209324
LLLYSLLLALLAVLLTILILI,LLLASLLLALLAVLLTILILI,Right,void,,,,,,,,,,,3220.7,3941.6,50.1959,99.8085,3399.86,4118.84,170.409,338.83,-8.45964,1.1e+17,3,Y,69.9223,58.80400022,3120.8915,3061.03,59.8615,4.0,0.6157764701642046,0.1047116459659149,R,-9.233555286610628,LLLYFLLAILLAVLLTLLILI,25950.515663970946,2129.1857032434336,45.393627561296334
LLLTYLLVALLIALLFLLILI,LLLTALLVALLIALLFLLILI,Right,void,,,,,,,,,,,3283.97,4102.63,55.7761,57.9559,3252.56,4274.97,174.434,138.618,-7.52921,1.1e+17,4,Y,80.5193,41.8529094,3226.0141,3113.942,112.0721,4.0,0.6048174010171408,0.1022124441882286,R,18459417913945.523,LLLTYLLAVLLAILLFLLILI,25826.834139391314,2178.6709325923807,44.62341182720407
LLLTYLLVALLIALLFLLILI,LLLTYLLVALLIALLALLILI,Right,void,,,,,,,,,,,3229.04,4117.86,57.2007,34.9554,3252.56,4274.97,159.609,161.484,-7.52921,1.1e+17,15,F,94.765,26.94672542,3194.0846,3091.076,103.0086,4.0,0.4491765642658494,0.0678907648830883,R,-52.79736910001923,LLLTYLLVFLLALLLASLILI,25350.21295329566,1799.492186824081,33.61535559220197
LLLYSLLVALLATLLTLLILI,LLLYSLLVALLATLLTALILI,Right,void,,,,,,,,,,,3438.43,4109.52,55.888,92.1093,3454.3,4149.4,107.333,171.121,-5.8078,1.1e+17,16,L,37.3535,71.14731027,3346.3207,3283.179,63.1417,4.0,0.3964521330336303,0.0024899832518607,R,-13.974191610181377,LLLYFLLAILLAVLLTLLILI,25178.063069980388,1492.5307152011353,33.36751824467742
LLLYSLLVALLATLLTLLILI,LLLASLLVALLATLLTLLILI,Right,void,,,,,,,,,,,3265.6,3958.56,66.0063,122.887,3454.3,4149.4,185.207,362.711,-5.8078,1.1e+17,3,Y,46.8438,72.40111989,3142.713,3091.589,51.124,4.0,0.5921121018176025,0.1264641820123028,R,23.47000078305583,LLLAYLLTVLLAFLLSLLILI,25818.1579283436,2206.1698046640427,42.12186133766824
LLLYLLLATLLAVLLSILILI,LLLYALLATLLAVLLSILILI,Right,void,,,,,,,,,,,3517.55,4068.24,55.8106,57.751,3491.82,4158.38,124.718,88.1324,-6.3554,1.1e+17,4,L,80.7242,41.70494067,3459.799,3403.6876,56.1114,4.0,1.9606695061123056,1.753368091019203,R,99999900.0,LLLYALLTVLLALLLSFLILI,30501.92295336668,9756.954506077973,60.4024008402303
LLLYILLVFLLATLLSLLILI,LLLYILLVALLATLLSLLILI,Right,void,,,,,,,,,,,4088.4,4710.74,47.4469,60.1261,4050.4,4840.51,145.523,150.361,-6.29517,1.1e+17,8,F,71.2035,45.78259585,4028.2739,3900.039,128.2349,4.0,0.1382502477854112,0.2017043252057424,R,22452663636263.64,LLLYALLTVLLALLLSFLILI,24156.58403131297,710.0213856573131,23.535555551697414
LLLYALLTTLLSILLVLLILI,LLLYALLTTLLSILLVALILI,Right,void,,,,,,,,,,,3886.44,4655.92,39.6851,81.6618,3887.5,4676.8,87.3403,157.424,-6.5038,1.1e+17,16,L,47.801,63.07742456,3804.7782,3730.076,74.7022,4.0,4.774313790951453,5.259517095201558,R,99999900.0,LLLYALLTVLLALLLSFLILI,40422.721985748016,25523.657993843008,88.42472959935881
LLLYALLTTLLSVLLFLLILI,LLLYALLTTLLSVLLALLILI,Right,void,,,,,,,,,,,4005.1,4673.61,42.7824,27.9197,3947.44,4748.15,127.3,64.9911,-10.8891,1.1e+17,15,F,101.8007,21.52298328,3977.1803,3882.4489,94.7314,4.0,5.805359511069606,3.801398254383732,R,99999900.0,LLLYALLTVLLALLLSFLILI,44014.42070526019,23343.071975760915,261.2139287504634
LLLYALLTTLLSVLLFLLILI,LLLYALLTTLLSVLLFALILI,Right,void,,,,,,,,,,,3937.34,4728.84,40.0298,67.3485,3947.44,4748.15,85.429,135.1,-10.8891,1.1e+17,16,L,62.1143,52.02150734,3869.9915,3812.34,57.6515,4.0,0.3455010171136422,0.0683088137932487,R,-36.4654334027384,LLLYALLTVLLALLLSFLILI,24824.97543266441,1782.6834395792887,24.90328211061986
LLLYVLLTALLFALLSLLILI,LLLYVLLTALLAALLSLLILI,Right,void,,,,,,,,,,,3460.44,4116.66,51.7057,44.2816,3438.14,4238.95,146.777,135.737,-10.4337,1.1e+17,11,F,85.9862,33.99274418,3416.1584,3302.403,113.7554,4.0,0.4782404080156844,0.0592856367416231,R,8922151109408.953,LLLYALLTVLLALLLSFLILI,25405.028145016106,1832.4976380878509,36.560567569652406
LLLYVLLTALLFALLSLLILI,LLLYVLLTALLFALLSALILI,Right,void,,,,,,,,,,,3472.63,4171.6,58.3707,84.7794,3438.14,4238.95,118.771,114.459,-10.4337,1.1e+17,16,L,44.6834,65.48552943,3387.8506,3323.681,64.1696,4.0,0.2514350037907684,0.0603015813912849,R,-28.678667979157314,LLLYALLTVLLALLLSFLILI,24502.1332889528,1677.015711974725,17.495626059105273
LLLLYLLVILLAFLLSTLILI,LLLLALLVILLAFLLSTLILI,Right,void,,,,,,,,,,,3940.49,4606.42,45.3863,75.0937,3864.24,4744.86,151.57,137.401,-14.7859,1.1e+17,4,Y,63.3815,54.2289883,3865.3963,3726.839,138.5573,4.0,0.4272271024074037,0.0086330976637492,R,-45.28954557209348,LLLYALLTVLLALLLSFLILI,25469.435499482912,1431.6449368223582,36.31023477914311
LLLLYLLVILLAFLLSTLILI,LLLLYLLVILLAALLSTLILI,Right,void,,,,,,,,,,,3910.67,4681.6,46.3524,67.0199,3864.24,4744.86,125.581,140.461,-14.7859,1.1e+17,12,F,62.8021,51.62445502,3843.6501,3723.779,119.8711,4.0,0.2546276177332957,0.033425816128061,R,7184252937266.374,LLLSYLLFVLLALLLATLILI,24628.400505687023,1314.1356347549088,23.31656166118053
LLLTVLLALLLAFLLSILILI,LLLTVLLALLLAALLSILILI,Right,void,,,,,,,,,,,3751.73,4515.69,45.9311,83.1361,3727.9,4621.88,139.006,184.191,-7.1711,1.1e+17,12,F,46.6859,64.03852968,3668.5939,3543.709,124.8849,4.0,0.4742879773650789,0.0110298960321455,R,-49.30135140509952,LLLYLLLTVLLAFLLSILILI,25649.899744788607,1524.6114361972857,39.08856849640184
LLLTVLLALLLAFLLSILILI,LLLTVLLAALLAFLLSILILI,Right,void,,,,,,,,,,,3730.7,4578.13,59.3718,53.6392,3727.9,4621.88,112.394,105.536,-7.1711,1.1e+17,8,L,77.6904,40.84319148,3677.0608,3622.364,54.6968,4.0,0.4071585606870879,0.0128173545377282,R,-44.97247378841174,LLLAYLLTVLLAFLLSLLILI,25128.07205133192,1514.9910896413992,34.87654810777144
LLLFYLLVALLLTLLSTLILI,LLLFALLVALLLTLLSTLILI,Right,void,,,,,,,,,,,3848.5,4577.69,46.8103,50.908,3751.37,4639.11,135.4,85.4091,-7.98098,1.1e+17,4,Y,87.5672,36.76326158,3797.592,3665.9609,131.6311,4.0,0.4665685952537229,0.0408801382345834,R,-21.72071177973689,LLLTALLVALLFALLSLLILI,25262.199037756305,1832.070705704799,36.67308840707717
LLLFYLLVALLLTLLSTLILI,LLLFYLLVALLATLLSTLILI,Right,void,,,,,,,,,,,3802.65,4600.28,52.022,68.3055,3751.37,4639.11,107.138,122.453,-7.98098,1.1e+17,11,L,61.9623,52.43467687,3734.3445,3628.917,105.4275,4.0,0.2776951596288188,0.0197441604855032,R,13068605836790.23,LLLSYLLFVLLALLLATLILI,24657.788095655807,1382.3734895169755,24.4388163239877
LLLYTLLVALLSTLLFLLILI,LLLYTLLVALLSTLLALLILI,Right,void,,,,,,,,,,,3499.22,4120.08,59.8112,33.5966,3463.04,4272.83,160.948,91.2452,-5.78509,1.1e+17,15,F,96.1238,25.89924175,3465.6234,3371.7948,93.8286,4.0,0.6217198125877312,0.0856784076027042,R,12456778754172.914,LLLTALLVALLFALLSLLILI,26073.456649638152,1992.7881404247264,47.019372309320346
LLLYTLLVALLSTLLFLLILI,LLLYTLLVALLSTLLFALILI,Right,void,,,,,,,,,,,3456.82,4241.67,54.0325,63.244,3463.04,4272.83,102.048,139.773,-5.78509,1.1e+17,16,L,66.2188,48.85109854,3393.576,3323.267,70.309,4.0,0.3452875026508241,0.1585538759754889,R,-7.3430004076756035,LLLYYLLVFLLATLLSLLILI,24862.533277528808,2087.351299152242,19.538305623468148
LLLAYLLLTLLATLLSFLILI,LLLAALLLTLLATLLSFLILI,Right,void,,,,,,,,,,,3928.88,4625.54,48.8854,64.2098,3868.96,4679.51,132.38,128.808,-9.65221,1.1e+17,4,Y,74.2654,46.36916935,3864.6702,3740.152,124.5182,4.0,0.24871394007156,0.1753291830062064,R,-22.433612096823204,LLLYALLTVLLALLLSFLILI,24509.57350461588,2092.993062054269,10.452150598068544
LLLAYLLLTLLATLLSFLILI,LLLAYLLLTLLATLLSALILI,Right,void,,,,,,,,,,,3837.33,4575.13,41.5888,49.2145,3868.96,4679.51,135.486,196.844,-9.65221,1.1e+17,16,F,80.2483,38.01439487,3788.1155,3672.116,115.9995,4.0,0.4726301118440842,0.0532406026895826,R,10030147999900.004,LLLAYLLTVLLAFLLSLLILI,25297.74774661224,1526.4288765588874,42.75772436722955
LLLLALLFALLVSLLTWLILI,LLLLALLFALLVSLLTALILI,Right,void,,,,,,,,,,,3840.29,4690.42,47.0781,66.2435,3837.61,4749.43,150.102,199.799,-12.7073,1.1e+17,16,W,63.2193,51.1679803,3774.0465,3637.811,136.2355,4.0,0.3472757426820249,0.0426487481053176,R,-6.971835420098409,LLLLALLVALLFALLSTLILI,24785.611686041982,1428.558529553596,31.62630808157726
LLLLALLFALLVSLLTWLILI,LLLLALLAALLVSLLTWLILI,Right,void,,,,,,,,,,,3812.67,4592.75,59.6131,88.9308,3837.61,4749.43,162.098,210.656,-12.7073,1.1e+17,7,F,40.6646,68.6218801,3723.7392,3626.954,96.7852,4.0,0.2245203362229884,0.0102238542441507,R,-13.74714965712882,LLLLALLVALLFALLSTLILI,24401.87547374413,1406.3905028504082,19.419043722521323
LLLSYLLFTLLALLLAILILI,LLLSALLFTLLALLLAILILI,Right,void,,,,,,,,,,,3409.28,4018.2,54.5515,48.2947,3362.07,4184.06,169.954,127.015,-18.0446,1.1e+17,4,Y,90.1805,34.87606445,3360.9853,3235.055,125.9303,4.0,0.533687120210854,0.072029257858718,R,-29.306734631126456,LLLYALLTVLLALLLSFLILI,25648.623313590982,1913.4221316797907,40.45155510284808
LLLSYLLFTLLALLLAILILI,LLLSYLLATLLALLLAILILI,Right,void,,,,,,,,,,,3362.04,4091.87,56.1822,30.8802,3362.07,4184.06,142.673,121.201,-18.0446,1.1e+17,7,F,98.7152,23.82816057,3331.1598,3240.869,90.2908,4.0,4.309918630928194,5.916271028806875,R,99999900.0,LLLSYLLFVLLALLLATLILI,38940.10816598054,26774.05386221216,10.598435164158936
LLLSYLLVLLLAFLLTILILI,LLLSALLVLLLAFLLTILILI,Right,void,,,,,,,,,,,3495.85,4059.77,44.8713,73.6291,3473.64,4224.57,160.553,181.928,-16.8978,1.1e+17,4,Y,64.8461,53.17132598,3422.2209,3291.712,130.5089,4.0,0.2868130667011191,0.0040536383493418,R,-36.27913712999771,LLLYLLLTVLLAFLLSILILI,24801.295532160537,1425.366982814694,24.273159927921142
LLLSYLLVLLLAFLLTILILI,LLLSYLLVLLLAALLTILILI,Right,void,,,,,,,,,,,3426.74,4117.96,45.4612,63.1603,3473.64,4224.57,140.542,218.512,-16.8978,1.1e+17,12,F,66.6617,48.65146123,3363.5797,3255.128,108.4517,4.0,0.4157085136131658,0.047660961980766,R,13567837612624.352,LLLSYLLFVLLALLLATLILI,25154.379589093554,1408.8467338442915,37.65748488137983
LLLLALLFALLTVLLSILILI,LLLLALLAALLTVLLSILILI,Right,void,,,,,,,,,,,3848.32,4514.63,54.2534,90.2358,3844.69,4658.29,157.8,200.475,-10.266,1.1e+17,7,F,39.3596,69.62886028,3758.0842,3644.215,113.8692,4.0,0.222215568439771,0.2629628616161294,R,-43.72265486045548,LLLTALLVALLFALLSLLILI,24403.55823176223,481.12262527261726,34.20088951775465
LLLLALLFALLTVLLSILILI,LLLLALLFALLTVLLSALILI,Right,void,,,,,,,,,,,3878.33,4650.37,41.1989,61.5992,3844.69,4658.29,78.8209,109.902,-10.266,1.1e+17,16,I,67.8636,47.58061775,3816.7308,3734.788,81.9428,4.0,0.4543116813884857,0.0026981597259577,R,-16.619152381830354,LLLTALLVALLFALLSLLILI,25236.438575267148,1655.9869951108187,38.22808839971012
LLLYTLLVILLAFLLSLLILI,LLLYTLLVILLAALLSLLILI,Right,void,,,,,,,,,,,3640.55,4152.31,41.9845,57.1858,3652.52,4230.55,126.589,185.293,-16.9329,1.1e+17,12,F,72.6362,44.0493907,3583.3642,3467.227,116.1372,4.0,0.3032011752592641,0.0291614306366825,R,5031612029906.335,LLLYALLTVLLALLLSFLILI,24740.663559584653,1578.3554248528612,23.67835471369957
LLLYTLLVILLAFLLSLLILI,LLLYTLLVALLAFLLSLLILI,Right,void,,,,,,,,,,,3679.02,4187.16,58.8409,63.8327,3652.52,4230.55,107.174,113.113,-16.9329,1.1e+17,8,I,67.4969,48.60496034,3615.1873,3539.407,75.7803,4.0,0.4906874643762642,0.139437626000256,R,8111721482627.89,LLLYALLTVLLALLLSFLILI,25527.760754563817,2077.393185733532,32.8544824678959
LLLAYLLITLLVALLSLLILI,LLLAALLITLLVALLSLLILI,Right,void,,,,,,,,,,,3884.77,4551.56,46.4637,81.2911,3830.52,4673.96,149.135,139.099,-8.54133,1.1e+17,4,Y,57.1841,58.70444672,3803.4789,3691.421,112.0579,4.0,0.5256374727808476,0.0403165130005118,R,-25.483380202812462,LLLAYLLTVLLAFLLSLLILI,25532.128044860143,1611.8690557171303,46.433618007569535
LLLAYLLITLLVALLSLLILI,LLLAYLLATLLVALLSLLILI,Right,void,,,,,,,,,,,3809.68,4643.87,55.3786,109.978,3830.52,4673.96,100.863,195.072,-8.54133,1.1e+17,7,I,19.6174,84.86258,3699.702,3635.448,64.254,4.0,4.446090282761152,5.723695231973959,R,99999900.0,LLLAYLLTVLLAFLLSLLILI,39313.47971083707,26435.166431246853,33.41894661985231
LLLYSLLLILLAVLLTFLILI,LLLYSLLAILLAVLLTFLILI,Right,void,,,,,,,,,,,3579.85,4270.57,59.6128,79.4109,3589.79,4321.95,117.848,174.575,-9.72298,1.1e+17,7,L,50.1845,61.27601751,3500.4391,3415.215,85.2241,4.0,0.1739396403534076,0.0421832651677531,R,-54.9720091396784,LLLYALLTVLLALLLSFLILI,24306.36643463137,1277.1354888726885,17.074344663252177
LLLYSLLLILLAVLLTFLILI,LLLYSLLLILLAVLLTALILI,Right,void,,,,,,,,,,,3471.22,4175.98,55.7692,90.9654,3589.79,4321.95,154.387,275.886,-9.72298,1.1e+17,16,F,38.4974,70.26373599,3380.2546,3313.904,66.3506,4.0,0.3224162128423045,0.1625491192695001,R,99999900.0,LLLYFLLAILLAVLLTLLILI,24674.114206649243,2130.7234489414163,17.38512645577264
LLLSYLLVALLTILLWLLILI,LLLSALLVALLTILLWLLILI,Right,void,,,,,,,,,,,3448.01,4102.84,52.4452,57.8744,3404.7,4275.6,171.56,151.513,-10.6746,1.1e+17,4,Y,80.6008,41.7940541,3390.1356,3253.187,136.9486,4.0,0.6122464817972435,0.088685430560637,R,-15.442611418392817,LLLTALLVALLFALLSLLILI,25788.750618068123,2210.569397346032,46.04740350488673
LLLSYLLVALLTILLWLLILI,LLLSYLLVALLTILLALLILI,Right,void,,,,,,,,,,,3459.58,4110.39,57.6012,79.6893,3404.7,4275.6,181.543,150.484,-10.6746,1.1e+17,15,W,61.483,52.60344556,3379.8907,3254.216,125.6747,4.0,0.602042990192865,0.065746889002494,R,10018110023359.93,LLLSYLLFVLLALLLATLILI,25881.649446539686,1998.9586841382056,46.55154573203066
LLLVYLLLALLTSLLFILILI,LLLVALLLALLTSLLFILILI,Right,void,,,,,,,,,,,3976.78,4612.87,51.5702,78.9261,3899.91,4659.45,132.326,117.739,-8.36529,1.1e+17,4,Y,59.5491,56.99655967,3897.8539,3782.171,115.6829,4.0,0.7335705967563177,0.2407963375978147,R,-32.191818729001284,LLLVALLLALLFALLSTLILI,26343.17114685045,2773.4231351485696,47.20085526416192
LLLVYLLLALLTSLLFILILI,LLLVYLLLALLTSLLAILILI,Right,void,,,,,,,,,,,3896.24,4581.38,47.4496,44.1563,3899.91,4659.45,132.115,141.346,-8.36529,1.1e+17,15,F,85.5641,34.03959593,3852.0837,3758.564,93.5197,4.0,0.513775823630949,0.0689031665139807,R,15672106249899.988,LLLVALLLALLFALLSTLILI,25571.934732738144,1424.007682468634,47.13347267367156
LLLAILLLTLLFVLLSLLILI,LLLAILLLTLLAVLLSLLILI,Right,void,,,,,,,,,,,3851.46,4586.54,53.0259,35.2873,3843.05,4708.63,150.183,123.168,-8.16589,1.1e+17,11,F,94.9805,27.08827508,3816.1727,3719.882,96.2907,4.0,0.5257302854052202,0.1702961265957719,R,20896141666566.67,LLLAYLLTVLLAFLLSLLILI,25559.920112415464,2281.0450365753004,33.962443320353294
LLLYSLLVALLFALLTLLILI,LLLYSLLVALLAALLTLLILI,Right,void,,,,,,,,,,,3428.36,4142.56,49.4385,38.2643,3422.16,4286.2,153.158,128.27,-12.5778,1.1e+17,11,F,90.2745,30.46286454,3390.0957,3293.89,96.2057,4.0,0.4637009524099988,0.000391850821303,R,-25.6775283709332,LLLTALLVALLFALLSLLILI,25402.5993979634,1576.391340194901,38.87819479968586
LLLYSLLVALLFALLTLLILI,LLLYSLLVALLFALLTALILI,Right,void,,,,,,,,,,,3408.28,4224.34,58.1854,87.2935,3422.16,4286.2,116.881,165.263,-12.5778,1.1e+17,16,L,42.1693,67.42747724,3320.9865,3256.897,64.0895,4.0,0.2191916693091207,0.041194353043442,R,-20.85271547128101,LLLTALLVALLFALLSLLILI,24524.85951918192,1283.4431830563824,20.80756230812512
LLLAYLLLSLLITLLFVLILI,LLLAALLLSLLITLLFVLILI,Right,void,,,,,,,,,,,3911.05,4635.69,49.1701,76.5047,3838.33,4681.12,130.575,119.384,-18.0784,1.1e+17,4,Y,61.9705,55.24794331,3834.5453,3718.946,115.5993,4.0,1.8998507506074025,1.804421045661152,R,99999900.0,LLLYALLLALLVSLLFTLILI,30091.9234229278,7199.974938844893,266.1077923956094
LLLYSLLLTLLFALLVILILI,LLLYSLLLTLLAALLVILILI,Right,void,,,,,,,,,,,3476.21,4144.08,58.0954,31.1714,3475.19,4292.94,158.488,127.416,-11.7525,1.1e+17,11,F,99.0964,23.92870686,3445.0386,3347.774,97.2646,4.0,0.4194966209028872,0.1575022159524992,R,20896141666566.67,LLLYLLLTVLLAFLLSILILI,25141.95977395187,1079.8668455704071,44.48307645440054
LLLTLLLAVLLAYLLSFLILI,LLLTLLLAVLLAALLSFLILI,Right,void,,,,,,,,,,,3825.17,4580.9,35.7541,66.371,3770.15,4685.43,135.475,140.201,-13.6633,1.1e+17,12,Y,63.451,51.12461678,3758.799,3629.949,128.85,4.0,0.3653813808653235,0.0520231119789408,R,-31.08725544658084,LLLYALLTVLLALLLSFLILI,25340.628668260564,1648.172124751189,27.534060660338167
LLLTLLLAVLLAYLLSFLILI,LLLTALLAVLLAYLLSFLILI,Right,void,,,,,,,,,,,3832.53,4624.43,58.1511,56.9802,3770.15,4685.43,116.479,84.6292,-13.6633,1.1e+17,4,L,81.495,41.1483067,3775.5498,3685.5208,90.029,4.0,0.5376609326840983,0.0727797330135511,R,-45.715590380585525,LLLYALLTVLLALLLSFLILI,25864.720363732824,1798.7817834188625,40.74006728896107
LLLYSLLVALLFTLLFLLILI,LLLYSLLVALLFTLLALLILI,Right,void,,,,,,,,,,,3479.2,4264.61,50.5073,38.5812,3445.66,4379.2,140.824,110.244,-11.9863,1.1e+17,15,F,91.1392,29.74181393,3440.6188,3335.416,105.2028,4.0,0.3091157185675929,0.0297609843378809,R,-44.75831533202376,LLLTALLVALLFALLSLLILI,24654.30291960218,1423.4670082842265,27.665148956821746
LLLAALLFSLLTTLLVLLILI,LLLAALLFSLLTTLLVALILI,Right,void,,,,,,,,,,,3773.72,4649.91,40.1995,63.5938,3764.23,4673.93,88.1169,108.365,-9.57001,1.1e+17,16,L,65.869,49.12129199,3710.1262,3655.865,54.2612,4.0,0.5143239884389026,0.1385855576575655,R,14.476125496446258,LLLYALLIALLFTLLVLLILI,25442.71411397313,1360.003125066259,51.30813739463328
LLLFYLLTALLIALLSLLILI,LLLFALLTALLIALLSLLILI,Right,void,,,,,,,,,,,3459.87,4066.05,60.9917,94.0224,3447.9,4172.42,162.727,179.009,-13.6937,1.1e+17,4,Y,44.4528,67.89836736,3365.8476,3268.891,96.9566,4.0,0.5221190244447884,0.2818913422430333,R,-59.20488693107664,LLLYALLTVLLALLLSFLILI,25559.26648710884,2656.3682313093573,27.047746761382857
LLLFYLLTALLIALLSLLILI,LLLFYLLTALLAALLSLLILI,Right,void,,,,,,,,,,,3501.93,4139.26,51.9451,54.2785,3447.9,4172.42,101.205,80.2579,-13.6937,1.1e+17,11,I,75.9893,41.66685858,3447.6515,3367.6421,80.0094,4.0,0.5701357687422788,0.0434496825602718,R,11940652380852.38,LLLYALLTVLLALLLSFLILI,25710.82350429368,1929.042028293512,45.19906384723187
LLLYLLLVALLATLLSFLILI,LLLYLLLVALLATLLSALILI,Right,void,,,,,,,,,,,3548.61,4161.11,55.5757,107.133,3594.36,4309.09,155.51,244.813,-6.01584,1.1e+17,16,F,22.3298,82.75195655,3441.477,3349.547,91.93,4.0,0.2379515614302776,0.0746346925745789,R,-49.55557215174441,LLLYALLTVLLALLLSFLILI,24485.739537838475,1716.4387401732035,15.516558306742592
LLLYLLLVALLATLLSFLILI,LLLYALLVALLATLLSFLILI,Right,void,,,,,,,,,,,3597.57,4208.13,52.7087,74.2037,3594.36,4309.09,125.025,134.57,-6.01584,1.1e+17,4,L,64.2715,53.58627393,3523.3663,3459.79,63.5763,4.0,0.3631104749412863,0.0457902219436453,R,7136639630358.432,LLLYALLTVLLALLLSFLILI,24890.24003126362,1719.9789667005011,27.71307748979523
LLLYLLLFTLLAALLTSLILI,LLLYLLLATLLAALLTSLILI,Right,void,,,,,,,,,,,3453.07,4142.89,56.746,68.913,3460.5,4294.59,158.599,172.984,-11.3656,1.1e+17,7,F,60.6824,53.17549851,3384.157,3287.516,96.641,4.0,0.0630021973836153,0.3571318235286269,R,99999900.0,LLLYLLLTVLLAFLLSILILI,23802.003064513232,301.1713401608532,26.43947420259612
LLLYLLLFTLLAALLTSLILI,LLLALLLFTLLAALLTSLILI,Right,void,,,,,,,,,,,3271.73,4104.99,60.3853,121.087,3460.5,4294.59,181.248,360.04,-11.3656,1.1e+17,3,Y,48.6438,71.34061702,3150.643,3100.46,50.183,4.0,0.3578218881770512,0.2250916230268008,R,8.622098788208731,LLLYLLLAVLLAFLLTSLILI,24970.32907177625,2314.318180906564,16.64619184178009
LLLYALLTALLSVLLFLLILI,LLLYALLTALLSVLLALLILI,Right,void,,,,,,,,,,,3985.0,4680.69,45.3124,30.44,3935.92,4786.07,140.252,112.352,-11.5768,1.1e+17,15,F,99.2804,23.46585425,3954.56,3823.568,130.992,4.0,0.8279777195467894,0.0252269960556287,R,15831538688371.996,LLLYALLTVLLALLLSFLILI,26891.206610325866,2058.889413931042,67.88416823376454
LLLYALLTALLSVLLFLLILI,LLLYALLTALLSVLLFALILI,Right,void,,,,,,,,,,,3945.6,4730.52,40.9404,63.1496,3935.92,4786.07,101.065,133.982,-11.5768,1.1e+17,16,L,66.3132,48.77818184,3882.4504,3801.938,80.5124,4.0,0.4273148725490404,0.0564908284095899,R,-30.58059427492569,LLLYALLTVLLALLLSFLILI,25231.1439845832,1760.0661660398914,32.4589494336605
LLLYLLLAILLAFLLTSLILI,LLLYLLLAILLAALLTSLILI,Right,void,,,,,,,,,,,3517.5,4159.0,49.8551,77.2359,3585.83,4286.09,147.36,240.36,-7.22105,1.1e+17,12,F,52.5861,59.49369136,3440.2641,3345.47,94.7941,4.0,0.184083602362162,0.0429094309818814,R,-43.59691818099385,LLLYLLLTVLLAFLLSILILI,24213.972641562403,1277.5914215219434,17.96736534890131
LLLYLLLAILLAFLLTSLILI,LLLYALLAILLAFLLTSLILI,Right,void,,,,,,,,,,,3617.93,4188.85,50.9356,54.5231,3585.83,4286.09,120.714,101.573,-7.22105,1.1e+17,4,L,83.9521,39.37390955,3563.4069,3484.257,79.1499,4.0,0.1735768920907286,0.0425945398940698,R,-46.63267858126321,LLLYALLTVLLALLLSFLILI,24152.838619647737,1278.8418904770942,17.068317158821003
LLLFSLLTTLLAYLLALLILI,LLLFSLLTTLLAALLALLILI,Right,void,,,,,,,,,,,3371.56,4088.73,46.0533,54.1406,3331.42,4210.18,145.998,125.45,-8.99205,1.1e+17,12,Y,75.6814,41.7037174,3317.4194,3205.97,111.4494,4.0,0.4664783008484583,0.0091415460884624,R,22795790908990.91,LLLAYLLTVLLAFLLSLLILI,25258.78155500803,1671.9567611924456,39.62934345204325
LLLFSLLTTLLAYLLALLILI,LLLASLLTTLLAYLLALLILI,Right,void,,,,,,,,,,,3221.44,4070.24,58.467,111.033,3331.42,4210.18,161.076,297.531,-8.99205,1.1e+17,3,F,58.6978,65.41711934,3110.407,3033.889,76.518,4.0,4.957876184414461,4.9999206688245055,R,99999900.0,LLLAYLLTVLLAFLLSLLILI,41081.879928294016,25025.184402179777,119.18728293899008
LLLVYLLTTLLAFLLSLLILI,LLLVYLLTTLLAALLSLLILI,Right,void,,,,,,,,,,,3400.55,4154.32,44.8565,58.272,3393.1,4243.66,128.022,161.109,-12.1974,1.1e+17,12,F,71.55,44.88607478,3342.278,3231.991,110.287,4.0,1.976073806226757,1.996336839867384,R,99999900.0,LLLYALLTVLLALLLSFLILI,30658.362769119496,10457.563084088302,47.2971014235377
LLLYLLLTVLLAFLLSILILI,LLLYLLLTVLLAALLSILILI,Right,void,,,,,,,,,,,3651.92,4175.46,45.6252,58.7896,3668.79,4289.54,140.785,191.575,-7.06731,1.1e+17,12,F,71.0324,45.28477454,3593.1304,3477.215,115.9154,4.0,0.2133669913067172,0.04534902599712,R,12447328968973.867,LLLYALLTVLLALLLSFLILI,24393.996709838982,1267.6321078599842,20.565661403882626
LLLYLLLTVLLAFLLSILILI,LLLYALLTVLLAFLLSILILI,Right,void,,,,,,,,,,,3666.16,4201.73,58.9025,87.6732,3668.79,4289.54,127.236,156.214,-7.06731,1.1e+17,4,L,50.802,63.31328642,3578.4868,3512.576,65.9108,4.0,0.4112343991348552,0.1192793961606513,R,3849087970569.219,LLLYALLTVLLALLLSFLILI,25588.744116586684,1900.00902892732,27.391247221750465
LLLYSLLFTLLAVLLALLILI,LLLYSLLATLLAVLLALLILI,Right,void,,,,,,,,,,,3461.04,4095.05,56.0455,75.641,3480.59,4245.28,157.603,191.482,-5.51293,1.1e+17,7,F,53.9544,58.36704081,3385.399,3289.108,96.291,4.0,1.9547751765710533,1.7617039317975385,R,99999900.0,LLLTYLLAVLLAILLFLLILI,30593.90598155527,9664.90351053605,59.414591608212
LLLYSLLFTLLAVLLALLILI,LLLYSLLFTLLAVLLAALILI,Right,void,,,,,,,,,,,3487.65,4201.14,55.4941,101.563,3480.59,4245.28,109.083,166.109,-5.51293,1.1e+17,16,L,27.8998,78.44956235,3386.087,3314.481,71.606,4.0,0.1824616842250093,0.1567993346435111,R,16148838461438.455,LLLSYLLFVLLALLLATLILI,24253.32670379442,852.3511483652178,24.5795191202354
LLLVYLLFALLTTLLSLLILI,LLLVALLFALLTTLLSLLILI,Right,void,,,,,,,,,,,3404.38,4079.2,57.6982,43.6582,3315.6,4156.97,149.192,84.9791,-7.64414,1.1e+17,4,Y,94.817,31.52781148,3360.7218,3230.6209,130.1009,4.0,0.483725296461211,0.0169505106679414,R,-45.85963374992637,LLLTALLVALLFALLSLLILI,25412.017448997995,1705.6043060848874,39.52855075962071
LLLVYLLFALLTTLLSLLILI,LLLVYLLAALLTTLLSLLILI,Right,void,,,,,,,,,,,3291.54,4014.39,51.5079,71.8519,3315.6,4156.97,154.835,214.563,-7.64414,1.1e+17,7,F,57.7435,55.44324876,3219.6881,3101.037,118.6511,4.0,0.1808774849155487,0.0030535376407569,R,22795790908990.91,LLLAYLLTVLLAFLLSLLILI,24384.137850012183,1450.3721926775413,14.975375323338088
LLLYALLLTLLSILLVFLILI,LLLYALLLTLLSALLVFLILI,Right,void,,,,,,,,,,,3670.18,4251.16,48.5528,64.9296,3659.16,4268.21,89.0405,120.513,-7.49055,1.1e+17,12,I,64.8924,50.01432731,3605.2504,3538.647,66.6034,4.0,0.3621953688458038,0.1118456517642518,R,99999900.0,LLLYALLTVLLALLLSFLILI,24855.4555409782,1969.0670550153548,23.722565682213563
LLLFYLLVTLLIALLSLLILI,LLLFALLVTLLIALLSLLILI,Right,void,,,,,,,,,,,3534.89,4117.5,47.2159,94.8128,3521.13,4272.19,162.01,155.112,-12.9621,1.1e+17,4,Y,43.6624,68.46915549,3440.0772,3366.018,74.0592,4.0,0.3947466748007925,0.2198125837259522,R,99999900.0,LLLTALLVALLFALLSLLILI,25012.18851167896,897.7549211017597,46.10113428009765
LLLFYLLVTLLIALLSLLILI,LLLFYLLVTLLAALLSLLILI,Right,void,,,,,,,,,,,3540.63,4246.2,50.7952,41.7932,3521.13,4272.19,95.6974,86.1736,-12.9621,1.1e+17,11,I,88.4746,32.08252538,3498.8368,3434.9564,63.8804,4.0,0.8302072010803323,0.605806885428286,R,99999900.0,LLLTYLLVFLLALLLASLILI,26480.596790662938,4284.977990782314,33.67120376905447
LLLAYLLLTLLVALLSILILI,LLLAALLLTLLVALLSILILI,Right,void,,,,,,,,,,,3874.61,4558.93,47.7678,88.7882,3799.81,4591.47,122.845,129.541,-12.0347,1.1e+17,4,Y,49.687,64.11848475,3785.8218,3670.269,115.5528,4.0,0.4214259014230812,0.008194070336124,R,-23.0028813046166,LLLTALLVALLFALLSLLILI,25093.959393740573,1611.1730912845137,35.798121013270304
LLLYALLLSLLTALLVFLILI,LLLYALLLSLLTALLVALILI,Right,void,,,,,,,,,,,3892.53,4665.87,42.9397,78.112,3906.28,4767.35,135.45,197.115,-7.23242,1.1e+17,16,F,51.3508,60.33547861,3814.418,3709.165,105.253,4.0,0.3582761677515782,0.0248124921537989,R,-33.19790120636721,LLLVALLLALLFALLSTLILI,24821.416565699103,1505.8320172149936,31.49125756897092
LLLYLLLFTLLAVLLSILILI,LLLYALLFTLLAVLLSILILI,Right,void,,,,,,,,,,,3621.29,4227.62,54.7656,55.3509,3586.49,4305.1,117.449,83.2307,-5.10787,1.1e+17,4,L,83.1243,39.97170612,3565.9391,3503.2593,62.6798,4.0,3.296844999701403,6.296544416260407,R,99999900.0,LLLYALLTVLLALLLSFLILI,34664.06221520679,23276.96160059618,649.3279528674849
LLLTYLLLFLLVALLSILILI,LLLTYLLLALLVALLSILILI,Right,void,,,,,,,,,,,3504.6,4112.62,50.676,52.1038,3447.33,4247.05,152.466,110.177,-5.89312,1.1e+17,8,F,79.2258,39.67407195,3452.4962,3337.153,115.3432,4.0,0.3314297662492819,0.0349783928498838,R,-29.092410384167906,LLLTALLVALLFALLSLLILI,24908.766247832667,1595.8849977002951,25.6990588857158
LLLTYLLLFLLVALLSILILI,LLLTALLLFLLVALLSILILI,Right,void,,,,,,,,,,,3485.27,4087.98,56.8119,70.2202,3447.33,4247.05,169.434,124.857,-5.89312,1.1e+17,4,Y,68.255,50.70958554,3415.0498,3322.473,92.5768,4.0,0.3327683954568153,0.0633063203022506,R,-48.11964455682175,LLLTALLVALLFALLSLLILI,24689.27736528931,1804.4997639698272,24.13277662272849
LLLYILLVALLATLLTLLILI,LLLYILLVALLATLLTALILI,Right,void,,,,,,,,,,,3505.54,4140.26,55.6694,93.979,3516.6,4180.55,107.412,170.202,-11.5225,1.1e+17,16,L,35.4838,72.59150891,3411.561,3346.398,65.163,4.0,0.2062885006766751,0.1018652728743521,R,-33.266832415631136,LLLYFLLAILLAVLLTLLILI,24394.227797834734,1056.2018817767196,23.321160809857915
LLLYILLVALLATLLTLLILI,LLLYALLVALLATLLTLLILI,Right,void,,,,,,,,,,,3516.25,4129.24,52.534,72.8085,3516.6,4180.55,108.418,132.873,-11.5225,1.1e+17,4,I,100.5689,27.37407131,3443.4415,3383.727,59.7145,4.0,0.3921456128900621,0.0483458333204213,R,12154867953095.293,LLLYALLTVLLALLLSFLILI,25097.24100025425,1360.3310701758085,35.72365362458018
LLLSYLLTILLAFLLTLLILI,LLLSALLTILLAFLLTLLILI,Right,void,,,,,,,,,,,3462.56,4048.22,49.2227,60.2741,3416.67,4220.45,165.105,154.782,-10.6211,1.1e+17,4,Y,78.2011,43.52699978,3402.2859,3261.888,140.3979,4.0,0.4436197408548666,0.0426166434169369,R,-80.90337734857067,LLLYALLTVLLALLLSFLILI,25478.108913106906,1640.1074853767143,34.64724172814213
LLLSYLLTILLAFLLTLLILI,LLLSYLLTILLAALLTLLILI,Right,void,,,,,,,,,,,3388.61,4141.29,44.5366,64.4366,3416.67,4220.45,129.633,199.341,-10.6211,1.1e+17,12,F,65.3854,49.63457657,3324.1734,3217.329,106.8444,4.0,0.4861264718549656,0.0807501960984709,R,6593804472987.17,LLLSYLLFVLLALLLATLILI,25907.97263780587,1167.6186119486051,45.51859066554169
LLLFTLLVALLAYLLSLLILI,LLLFTLLVALLAALLSLLILI,Right,void,,,,,,,,,,,3354.54,4074.95,47.4719,40.8317,3327.27,4222.84,154.318,119.824,-8.62057,1.1e+17,12,Y,88.9903,31.45206514,3313.7083,3207.446,106.2623,4.0,0.4658048142966445,0.1994179783312462,R,-47.59149790958694,LLLAYLLTVLLAFLLSLLILI,25337.552399955515,2319.9758915193115,27.21560668435053
LLLFTLLVALLAYLLSLLILI,LLLFTLLVALLAYLLSALILI,Right,void,,,,,,,,,,,3322.4,4167.48,58.2009,105.005,3327.27,4222.84,114.721,177.379,-8.62057,1.1e+17,16,L,24.4578,81.10824113,3217.395,3149.891,67.504,4.0,0.4170611064592094,0.1652387822128375,R,7328811189420.639,LLLTALLVALLFALLSLLILI,25154.14544970876,2156.3241627292136,25.15635857769117
LLLTALLVALLSLLLFILILI,LLLTALLVALLSLLLAILILI,Right,void,,,,,,,,,,,3863.57,4557.82,46.2703,45.1135,3773.59,4652.08,134.95,86.2935,-11.1396,1.1e+17,15,F,84.6069,34.77749066,3818.4565,3687.2965,131.16,4.0,0.9526693407016832,0.1974171010515061,R,-40.77842938771328,LLLTYLLVFLLALLLASLILI,27282.987641909367,2855.804007426033,68.13008699382382
LLLTALLVALLSLLLFILILI,LLLTALLVALLSLLLFALILI,Right,void,,,,,,,,,,,3784.22,4639.88,41.4464,62.144,3773.59,4652.08,83.1142,124.646,-11.1396,1.1e+17,16,I,67.3188,48.00143362,3722.076,3648.944,73.132,4.0,0.6072664242233429,0.1452270244840468,R,14.39119043301429,LLLTYLLVFLLALLLASLILI,25806.5462343924,1504.5375971054316,59.48959137212151
LLLAYLLIALLVSLLTLLILI,LLLAALLIALLVSLLTLLILI,Right,void,,,,,,,,,,,3891.67,4623.92,51.1559,67.7783,3744.01,4736.72,150.958,107.083,-5.58676,1.1e+17,4,Y,70.6969,48.94616509,3823.8917,3636.927,186.9647,4.0,0.5284984936571968,0.0285457582189373,R,-17.461094484540638,LLLTALLVALLFALLSLLILI,25585.01263999773,1796.800680104088,42.59321249690105
LLLAYLLIALLVSLLTLLILI,LLLAYLLAALLVSLLTLLILI,Right,void,,,,,,,,,,,3715.31,4705.92,55.5948,111.72,3744.01,4736.72,100.883,201.088,-5.58676,1.1e+17,7,I,17.8754,86.20676351,3603.59,3542.922,60.668,4.0,0.485818503654246,0.1061291838610734,R,-42.75291856848448,LLLAYLLTVLLAFLLSLLILI,25333.95597009204,1401.9053413259342,46.996508474886575
LLLYALLLALLVSLLTILILI,LLLYALLAALLVSLLTILILI,Right,void,,,,,,,,,,,3901.45,4628.0,59.4777,90.7678,3903.82,4681.74,118.679,179.239,-9.70532,1.1e+17,7,L,38.8276,70.03936868,3810.6822,3724.581,86.1012,4.0,0.6810330039919416,0.0516764966091584,R,-21.4366357244543,LLLYFLLAILLAVLLTLLILI,26234.941598630845,1703.3429468209208,60.12779099326156
LLLYALLLALLVSLLTILILI,LLLYALLLALLVSLLTALILI,Right,void,,,,,,,,,,,3947.32,4664.26,44.4865,50.9223,3903.82,4681.74,87.2463,93.4343,-9.70532,1.1e+17,16,I,78.5405,39.33353828,3896.3977,3810.3857,86.012,4.0,0.3054994717553056,0.0317050765977935,R,-13.402018829472503,LLLVALLLALLFALLSTLILI,24728.089248695043,1367.9004953253016,27.47732101425174
LLLYVLLATLLALLLSFLILI,LLLYVLLATLLALLLSALILI,Right,void,,,,,,,,,,,3947.04,4679.42,44.4874,89.1832,4021.44,4802.33,141.008,256.556,-7.55078,1.1e+17,16,F,40.2796,68.88712433,3857.8568,3764.884,92.9728,4.0,0.2785757510093966,0.1491878006800513,R,22795790908990.91,LLLYALLTVLLALLLSFLILI,24597.17036918319,2017.3298271312133,14.503262571415702
LLLYVLLATLLALLLSFLILI,LLLAVLLATLLALLLSFLILI,Right,void,,,,,,,,,,,3860.14,4636.87,61.7128,120.907,4021.44,4802.33,175.381,346.541,-7.55078,1.1e+17,3,Y,48.8238,71.23456674,3739.233,3674.899,64.334,4.0,0.3779046628519754,0.0142766571942565,R,99999900.0,LLLYALLTVLLALLLSFLILI,24956.89543260632,1519.6575624341403,32.51173572338125
LLLAVLLITLLFTLLSLLILI,LLLAVLLITLLATLLSLLILI,Right,void,,,,,,,,,,,3805.88,4573.22,50.3554,31.8621,3795.38,4701.23,149.036,121.591,-14.879,1.1e+17,11,F,98.4057,24.45892231,3774.0179,3673.789,100.2289,4.0,2.35393185493118,1.4277515984378932,R,99999900.0,LLLAYLLTVLLAFLLSLLILI,31850.349080704225,9591.69366303104,112.64811711505304
LLLYALLLTLLSVLLFILILI,LLLYALLLTLLSVLLAILILI,Right,void,,,,,,,,,,,4015.32,4691.91,45.1913,25.3474,3949.3,4766.57,130.166,88.2104,-7.83245,1.1e+17,15,F,104.373,19.54002609,3989.9726,3861.0896,128.883,4.0,2.329025046638977,1.6024309382523378,R,99999900.0,LLLYALLLALLTVLLSILILI,31893.48464404686,9882.764210566876,100.21121878471708
LLLTYLLVALLIALLSLLILI,LLLTALLVALLIALLSLLILI,Right,void,,,,,,,,,,,3765.92,4546.42,47.8037,52.57,3666.45,4661.9,150.125,97.9484,-9.59349,1.1e+17,4,Y,85.9052,37.96347649,3713.35,3568.5016,144.8484,4.0,0.5467322963798038,0.0447220079020362,R,-20.944732751643272,LLLTALLVALLFALLSLLILI,25630.665118837125,1893.4875424378693,43.16262627589922
LLLTYLLVALLIALLSLLILI,LLLTYLLVALLAALLSLLILI,Right,void,,,,,,,,,,,3714.21,4629.58,51.7423,57.7073,3666.45,4661.9,100.121,87.9917,-9.59349,1.1e+17,11,I,81.3402,37.34482599,3656.5027,3578.4583,78.0444,4.0,0.6445681231131667,0.1337697758631507,R,19288746153746.164,LLLTYLLVFLLALLLASLILI,25979.427820308367,2332.6831403234355,46.08445643237612
LLLSYLLFTLLAILLTLLILI,LLLSALLFTLLAILLTLLILI,Right,void,,,,,,,,,,,3378.2,4097.41,54.4037,64.4546,3332.87,4260.66,167.239,144.093,-22.0793,1.1e+17,4,Y,74.0206,46.54595191,3313.7454,3188.777,124.9684,4.0,0.6286767020510278,0.0479286238683148,R,-36.547646303834966,LLLSYLLFVLLALLLATLILI,25908.925681199333,1771.6722206883346,55.518625782565245
LLLYSLLLALLFVLLTILILI,LLLYSLLAALLFVLLTILILI,Right,void,,,,,,,,,,,3497.35,4236.56,59.9981,71.7801,3499.5,4351.54,131.773,145.446,-8.47795,1.1e+17,7,L,57.8153,55.38784556,3425.5699,3354.054,71.5159,4.0,0.1888887116353174,0.023354363234392,R,-0.9382959579462988,LLLYFLLAILLAVLLTLLILI,24190.92496173056,1360.9351248943617,17.211348778470956
LLLVYLLIALLTALLSLLILI,LLLVALLIALLTALLSLLILI,Right,void,,,,,,,,,,,3402.03,3982.38,51.8587,84.2763,3381.16,4088.56,154.369,163.877,-16.3645,1.1e+17,4,Y,54.1989,60.86021179,3317.7537,3217.283,100.4707,4.0,0.5416213936173463,0.1015580852518788,R,-2.4716307005044014,LLLTALLVALLFALLSLLILI,25613.21866999736,2072.083126413623,39.36678864812587
LLLVYLLIALLTALLSLLILI,LLLVYLLAALLTALLSLLILI,Right,void,,,,,,,,,,,3372.85,4072.41,51.3191,99.9609,3381.16,4088.56,92.1227,175.91,-16.3645,1.1e+17,7,I,29.6345,77.13306182,3272.8891,3205.25,67.6391,4.0,0.367974575375506,0.001897519557831,R,10129003767629.045,LLLAYLLTVLLAFLLSLLILI,25020.15662733152,1509.6838265671863,30.721330405147544
LLLYTLLVALLFLLLSLLILI,LLLYTLLVALLALLLSLLILI,Right,void,,,,,,,,,,,3845.16,4681.24,48.4474,26.674,3845.04,4804.89,145.915,129.862,-14.9005,1.1e+17,11,F,103.5938,20.4762804,3818.486,3715.178,103.308,4.0,0.3653327984283471,0.1720840326497896,R,15672106249899.988,LLLYALLTVLLALLLSFLILI,25111.5014625416,2094.7414640566776,20.416293097240835
LLLYTLLVALLFLLLSLLILI,LLLYTLLVALLFLLLSALILI,Right,void,,,,,,,,,,,3873.91,4755.68,44.4973,85.4142,3845.04,4804.89,98.1103,142.048,-14.9005,1.1e+17,16,L,44.0486,65.97586334,3788.4958,3702.992,85.5038,4.0,0.2371160467183087,0.0284357949022606,R,-33.90020039692122,LLLYALLTVLLALLLSFLILI,24475.423183918087,1547.8498569572632,18.183866088922485
LLLFYLLITLLVALLSLLILI,LLLFALLITLLVALLSLLILI,Right,void,,,,,,,,,,,3530.65,4084.36,48.7405,76.2326,3514.36,4231.67,160.644,140.943,-9.05665,1.1e+17,4,Y,62.2426,55.05144604,3454.4174,3373.417,81.0004,4.0,4.464730552208254,5.697333910115578,R,99999900.0,LLLTALLVALLFALLSLLILI,39449.41823463466,26317.49388919812,36.54280152451788
LLLTALLVALLFALLSLLILI,LLLTALLVALLAALLSLLILI,Right,void,,,,,,,,,,,3713.3,4572.91,51.3366,41.6077,3703.2,4715.81,154.827,133.086,-12.8177,1.1e+17,11,F,88.6601,31.94012642,3671.6923,3570.114,101.5783,5.0,0.5123416302073286,0.0394808394141949,R,-82.38226503999232,LLLYALLTVLLALLLSFLILI,25504.97325180667,1827.9309184963488,40.59146603305544
LLLTALLVALLFALLSLLILI,LLLTALLVALLFALLSALILI,Right,void,,,,,,,,,,,3716.67,4676.79,47.8327,51.2162,3703.2,4715.81,97.0603,115.787,-12.8177,1.1e+17,16,L,78.2466,39.5605533,3665.4538,3587.413,78.0408,5.0,0.4239023546557974,0.0626421159449977,R,-1.496715887385201,LLLTALLVALLFALLSLLILI,25197.65449606746,1358.494084587271,39.231717123684376
LLLYFLLVLLLATLLSILILI,LLLYALLVLLLATLLSILILI,Right,void,,,,,,,,,,,3924.49,4672.14,40.7161,53.5877,3899.02,4755.09,128.631,122.399,-11.9856,1.1e+17,4,F,84.8875,38.69840953,3870.9023,3776.621,94.2813,5.0,0.3067720506091093,0.044737578431019,R,6790301576910.992,LLLYALLTVLLALLLSFLILI,24744.977444516622,1640.1747854590571,23.054671653017405
LLLYFLLVLLLATLLSILILI,LLLAFLLVLLLATLLSILILI,Right,void,,,,,,,,,,,3754.58,4574.07,57.8645,90.9596,3899.02,4755.09,175.922,308.688,-11.9856,1.1e+17,3,Y,78.7712,53.59050921,3663.6204,3590.332,73.2884,5.0,0.3404584460624085,0.0750557290909734,R,19432723350961.49,LLLAYLLTVLLAFLLSLLILI,24977.01563293467,1189.5732731330772,32.97520226244552
LLLTYLLFTLLAVLLSLLILI,LLLTALLFTLLAVLLSLLILI,Right,void,,,,,,,,,,,3823.55,4626.28,50.5996,37.0907,3720.48,4721.56,144.044,64.1024,-19.7151,1.1e+17,4,Y,101.3845,26.78508498,3786.4593,3656.3776,130.0817,5.0,0.3752644025932967,0.0777907351556023,R,10435190439831.672,LLLYALLTVLLALLLSFLILI,25028.26141540609,1795.9093867566223,26.83544010401175
LLLYTLLIALLFVLLSLLILI,LLLYTLLIALLFVLLSALILI,Right,void,,,,,,,,,,,3512.57,4218.51,55.4957,111.641,3492.62,4261.55,108.084,170.02,-12.3755,1.1e+17,16,L,17.8218,86.23403789,3400.929,3322.6,78.329,5.0,0.2341663957517189,0.0767806654126479,R,-14.488181700888008,LLLTALLVALLFALLSLLILI,24423.714053423308,1732.5171677116946,15.07223678971516
LLLAYLLFTLLAVLLSLLILI,LLLAALLFTLLAVLLSLLILI,Right,void,,,,,,,,,,,3415.69,4063.23,54.7633,57.3389,3369.28,4226.25,167.334,148.667,-6.33878,1.1e+17,4,Y,81.1363,41.40734225,3358.3511,3220.613,137.7381,5.0,0.4299646814699883,0.2353008882083371,R,15568018703754.732,LLLYALLTVLLALLLSFLILI,25256.36805840128,2392.058544740521,22.08635953160975
LLLYWLLVALLAFLLSLLILI,LLLYALLVALLAFLLSLLILI,Right,void,,,,,,,,,,,3537.72,4154.48,59.5741,45.6529,3523.96,4352.15,197.651,185.94,-12.0787,1.1e+17,4,W,92.8223,32.96828602,3492.0671,3338.02,154.0471,5.0,0.3501872018165035,0.041845108089773,R,10050069778717.078,LLLYALLTVLLALLLSFLILI,24979.465685263927,1328.2672407102473,31.82265224660862
LLLYWLLVALLAFLLSLLILI,LLLYWLLVALLAALLSLLILI,Right,void,,,,,,,,,,,3564.13,4258.22,44.902,70.8022,3523.96,4352.15,131.663,140.954,-12.0787,1.1e+17,12,F,59.0198,54.53790575,3493.3278,3383.006,110.3218,5.0,0.5888329689345932,0.1433546358355999,R,7985906236519.271,LLLYALLTVLLALLLSFLILI,25788.105130064057,2272.262412026728,40.84632071828688
LLLVYLLTALLLALLSFLILI,LLLVALLTALLLALLSFLILI,Right,void,,,,,,,,,,,3331.68,4023.72,61.0267,69.5765,3279.16,4140.91,161.988,137.962,-15.6341,1.1e+17,4,Y,68.8987,50.24473696,3262.1035,3141.198,120.9055,5.0,0.4724678381913763,0.2283657029727492,R,0.3805890564266305,LLLYALLTVLLALLLSFLILI,25436.22709766708,2390.093209716368,26.058748950293914
LLLVYLLTALLLALLSFLILI,LLLVYLLTALLAALLSFLILI,Right,void,,,,,,,,,,,3314.1,4101.68,51.917,63.2476,3279.16,4140.91,107.16,125.0,-15.6341,1.1e+17,11,L,67.0202,48.55198292,3250.8524,3154.16,96.6924,5.0,0.4750190328055049,0.1085769289241513,R,13113184632609.236,LLLYALLTVLLALLLSFLILI,25288.69521198503,2072.048476853522,33.37009346104413
LLLYVLLIALLATLLSLLILI,LLLYVLLIALLATLLSALILI,Right,void,,,,,,,,,,,3984.91,4678.42,41.4396,55.6199,3977.68,4726.16,99.3651,135.267,-10.2071,1.1e+17,16,L,73.8429,42.96207096,3929.2901,3842.413,86.8771,5.0,0.2436415577396583,0.0578598917053853,R,-51.16099970965367,LLLYALLTVLLALLLSFLILI,24481.596074217254,1662.268329980735,16.98726031760725
LLLYVLLIALLATLLSLLILI,LLLYVLLAALLATLLSLLILI,Right,void,,,,,,,,,,,3990.19,4676.82,58.2288,70.718,3977.68,4726.16,110.266,140.321,-10.2071,1.1e+17,7,I,58.8774,54.56829486,3919.472,3837.359,82.113,5.0,0.3964472481702984,0.1863610195884597,R,-31.883449236935093,LLLYALLTVLLALLLSFLILI,24979.39444534664,1039.9227182235022,44.26160127724181
LLLVALLIALLLSLLFTLILI,LLLVALLIALLLSLLATLILI,Right,void,,,,,,,,,,,3727.33,4542.11,48.2534,34.4665,3711.74,4623.29,134.181,112.781,-11.3414,1.1e+17,15,F,95.2539,26.5698379,3692.8635,3598.959,93.9045,5.0,0.5304595126376204,0.1049407721893708,R,-23.30099041465076,LLLLALLVALLFALLSTLILI,25642.68897941495,2017.5023014653088,38.23107249037542
LLLVALLIALLLSLLFTLILI,LLLVALLAALLLSLLFTLILI,Right,void,,,,,,,,,,,3743.05,4609.27,45.2927,79.9797,3711.74,4623.29,86.9585,133.144,-11.3414,1.1e+17,7,I,49.6157,61.71492198,3663.0703,3578.596,84.4743,5.0,0.2869690131451737,0.1006967745727953,R,-24.73891300025157,LLLLALLVALLFALLSTLILI,24653.62161590145,1108.6785924463115,30.012403138180645
LLLAALLLSLLFTLLVFLILI,LLLAALLLSLLATLLVFLILI,Right,void,,,,,,,,,,,3784.69,4663.85,57.7124,50.006,3782.59,4815.16,158.469,145.808,-9.60666,1.1e+17,11,F,80.2618,38.38707647,3734.684,3636.782,97.902,5.0,0.371806407474589,0.1318743769490455,R,-99.9996005323814,LLLYALLTVLLALLLSFLILI,24899.8745542586,1149.489539072994,38.96849375730781
LLLTYLLLVLLAILLSFLILI,LLLTALLLVLLAILLSFLILI,Right,void,,,,,,,,,,,3936.88,4666.82,48.8704,60.4922,3842.81,4711.6,130.949,125.443,-7.94812,1.1e+17,4,Y,77.983,43.68450091,3876.3878,3717.367,159.0208,5.0,0.2800450315916492,0.0199520363064615,R,-69.8251635766702,LLLYALLTVLLALLLSFLILI,24661.321464290395,1384.2692930567816,24.648036361519825
LLLTYLLLVLLAILLSFLILI,LLLTYLLLVLLAILLSALILI,Right,void,,,,,,,,,,,3780.18,4608.32,41.4032,77.3384,3842.81,4711.6,135.143,240.717,-7.94812,1.1e+17,16,F,52.1244,59.73793244,3702.8416,3602.093,100.7486,5.0,0.402877960852544,0.066102051401674,R,7986969501402.423,LLLYALLTVLLALLLSFLILI,25013.6008045044,1406.219789882864,37.67501999704443
LLLATLLVALLFLLLSILILI,LLLATLLVALLALLLSILILI,Right,void,,,,,,,,,,,3802.78,4584.83,51.3696,30.5559,3777.62,4678.81,140.522,142.029,-11.9598,1.1e+17,11,F,99.7119,23.45621865,3772.2241,3635.591,136.6331,5.0,0.5822709034013547,0.0167482132416202,R,-40.3168564899845,LLLYALLTVLLALLLSFLILI,25889.757613963742,1742.2470845792177,47.79798680581273
LLLATLLVALLFLLLSILILI,LLLATLLVALLFLLLSALILI,Right,void,,,,,,,,,,,3745.65,4621.1,44.0269,88.061,3777.62,4678.81,94.7589,178.87,-11.9598,1.1e+17,16,I,41.4018,68.02031163,3657.589,3598.75,58.839,5.0,0.3768973936891364,0.0774546624253229,R,-50.027642882837256,LLLTALLVALLFALLSLLILI,24958.741456693035,1299.8802491044153,36.17067609971159
LLLSYLLVFLLAILLTLLILI,LLLSALLVFLLAILLTLLILI,Right,void,,,,,,,,,,,3439.31,4025.1,63.3005,58.6931,3404.12,4201.25,179.154,157.017,-6.44439,1.1e+17,4,Y,79.7821,42.3852791,3380.6169,3247.103,133.5139,5.0,0.3645310608445558,0.0731000636638759,R,-57.7827180852544,LLLTYLLVFLLALLLASLILI,25195.16209549745,1718.446478521591,26.21398495748676
LLLSYLLVFLLAILLTLLILI,LLLSYLLVALLAILLTLLILI,Right,void,,,,,,,,,,,3437.68,4110.86,45.4187,45.1566,3404.12,4201.25,133.904,141.089,-6.44439,1.1e+17,8,F,86.173,34.38417539,3392.5234,3263.031,129.4924,5.0,0.7421087141150555,0.1070754653112836,R,15173363422370.492,LLLSYLLFVLLALLLATLILI,26432.2205961117,1707.7631667249157,68.5279480653941
LLLYFLLVALLTLLLSILILI,LLLYALLVALLTLLLSILILI,Right,void,,,,,,,,,,,3544.47,4152.64,49.4187,35.3736,3529.7,4293.82,152.678,118.567,-9.13618,1.1e+17,4,F,103.1016,25.54507955,3509.0964,3411.133,97.9634,5.0,0.3960695548454241,0.066590834801197,R,28.56036581866207,LLLYALLTVLLALLLSFLILI,25033.59472343301,1357.4634234659632,37.13348277839669
LLLYFLLVALLTLLLSILILI,LLLAFLLVALLTLLLSILILI,Right,void,,,,,,,,,,,3458.02,4107.46,64.4438,116.585,3529.7,4293.82,183.606,284.271,-9.13618,1.1e+17,3,Y,53.1458,68.68818152,3341.435,3245.429,96.006,5.0,0.5352735789458964,0.0839898691977974,R,17775156358375.047,LLLTALLVALLFALLSLLILI,25633.356546180243,1971.485732914908,39.87581462265831
LLLYVLLFTLLAALLSLLILI,LLLYVLLATLLAALLSLLILI,Right,void,,,,,,,,,,,3969.47,4686.61,55.9005,66.2591,3982.59,4831.34,155.524,171.347,-6.70548,1.1e+17,7,F,73.0502,43.73049252,3903.2109,3811.243,91.9679,5.0,0.3380899233784337,0.1017532050203922,R,99999900.0,LLLYALLTVLLALLLSFLILI,24780.231968904613,1196.6819796889984,34.3585810399536
LLLYVLLFTLLAALLSLLILI,LLLYVLLFTLLAALLSALILI,Right,void,,,,,,,,,,,3992.29,4783.78,45.2521,45.55,3982.59,4831.34,100.049,95.0461,-6.70548,1.1e+17,16,L,83.9128,35.18385204,3946.74,3887.5439,59.1961,5.0,0.1733734264520166,0.0741244630155425,R,-8.347249619532896,LLLYALLTVLLALLLSFLILI,24186.405572260963,1157.3977623250337,18.919438954320512
LLLVSLLLTLLFALLAYLILI,LLLVSLLLTLLFALLAALILI,Right,void,,,,,,,,,,,3230.07,4061.52,58.542,99.0371,3238.99,4226.46,169.76,229.122,-17.1169,1.1e+17,16,Y,30.4257,76.49849996,3131.0329,3009.868,121.1649,5.0,0.3521745185692691,0.0672142777400311,R,-39.6796734893701,LLLVALLLALLFALLSTLILI,24899.14228028641,1284.492199416659,33.492317550844305
LLLVSLLLTLLFALLAYLILI,LLLVSLLLTLLAALLAYLILI,Right,void,,,,,,,,,,,3254.41,4075.81,56.0237,24.7074,3238.99,4226.46,157.559,109.584,-17.1169,1.1e+17,11,F,105.5604,18.96662107,3229.7026,3129.406,100.2966,5.0,0.3918228711297067,0.1415814231721788,R,5.439066046564348,LLLVALLLALLFALLSTLILI,25012.49577073599,2075.3027046151296,24.44328227571817
LLLSYLLTILLAVLLSLLILI,LLLSALLTILLAVLLSLLILI,Right,void,,,,,,,,,,,3873.39,4520.47,47.251,62.6178,3781.6,4659.26,151.488,114.8,-19.7751,1.1e+17,4,Y,75.8574,45.21950501,3810.7722,3666.8,143.9722,5.0,0.5426602069126659,0.1050854969138452,R,2475811328673.496,LLLYALLTVLLALLLSFLILI,26467.667444738483,1212.064117893739,51.6976163363027
LLLSYLLTILLAVLLSLLILI,LLLSYLLTILLAVLLSALILI,Right,void,,,,,,,,,,,3778.1,4637.1,42.4766,87.9831,3781.6,4659.26,90.2004,170.336,-19.7751,1.1e+17,16,L,41.4797,67.9601399,3690.1169,3611.264,78.8529,5.0,0.4226073982717234,0.17030428548531,R,4508086340392.187,LLLYALLTVLLALLLSFLILI,25452.00328813381,837.3262853372512,45.50227029345219
LLLTWLLVALLLALLFSLILI,LLLTALLVALLLALLFSLILI,Right,void,,,,,,,,,,,3290.65,4056.31,55.9772,60.1405,3262.02,4224.4,188.997,133.335,-9.71765,1.1e+17,4,W,78.3347,43.43052041,3230.5095,3128.685,101.8245,5.0,0.5485855893963947,0.1242628757632626,R,-30.01362026121557,LLLTYLLVFLLALLLASLILI,25762.10828475912,2069.3521949545493,38.60506544210756
LLLTWLLVALLLALLFSLILI,LLLTWLLVALLLALLASLILI,Right,void,,,,,,,,,,,3237.47,4053.11,64.6664,57.9129,3262.02,4224.4,169.224,167.342,-9.71765,1.1e+17,15,F,71.8075,44.64440443,3179.5571,3094.678,84.8791,5.0,0.6740113360246778,0.0047069515208573,R,-34.1036105654672,LLLTYLLVFLLALLLASLILI,26134.63655153301,1910.0338487752697,56.75644347013274
LLLTYLLVFLLALLLASLILI,LLLTALLVFLLALLLASLILI,Right,void,,,,,,,,,,,3367.69,4023.39,52.3667,62.2512,3310.59,4194.77,170.125,135.413,-8.27773,1.1e+17,4,Y,76.224,44.95476446,3305.4388,3175.177,130.2618,5.0,0.5534037115155794,0.0846242444607764,R,-26.688422736331948,LLLYALLTVLLALLLSFLILI,25972.21142577791,1831.889922572968,41.35740888907471
LLLTYLLVFLLALLLASLILI,LLLTYLLVALLALLLASLILI,Right,void,,,,,,,,,,,3354.33,4111.4,46.2598,42.6574,3310.59,4194.77,133.438,98.4282,-8.27773,1.1e+17,8,F,88.6722,32.48117713,3311.6726,3212.1618,99.5108,5.0,0.4328687454306367,0.0328405669181634,R,-45.61890965068664,LLLSYLLFVLLALLLATLILI,25240.65509427323,1463.0828288884743,38.21727611062261
LLLSYLLFVLLALLLATLILI,LLLSALLFVLLALLLATLILI,Right,void,,,,,,,,,,,3430.88,4000.88,60.4177,32.8913,3392.38,4113.84,164.318,147.338,-17.9099,1.1e+17,4,Y,105.5839,23.7524842,3397.9887,3245.042,152.9467,5.0,0.4324411176796234,0.0026753794458382,R,-12.676796893612774,LLLYALLTVLLALLLSFLILI,25415.119103185087,1495.3007138463915,36.077098223093664
LLLSYLLFVLLALLLATLILI,LLLSYLLAVLLALLLATLILI,Right,void,,,,,,,,,,,3401.71,4024.12,59.6659,38.1872,3392.38,4113.84,144.969,138.356,-17.9099,1.1e+17,7,F,91.4082,29.46647798,3363.5228,3254.024,109.4988,5.0,0.4501725906812966,0.0080949816198878,R,-70.07916419942151,LLLYALLTVLLALLLSFLILI,25449.84621392594,1481.5730001340678,38.20102644126106
LLLVWLLTALLIALLSLLILI,LLLVWLLTALLAALLSLLILI,Right,void,,,,,,,,,,,3277.97,3953.05,52.1191,63.0588,3235.26,3985.62,101.574,93.254,-23.4744,1.1e+17,11,I,67.209,48.40705071,3214.9112,3142.006,72.9052,5.0,0.4731967486437603,0.085003957922135,R,13470795635472.133,LLLYALLTVLLALLLSFLILI,25464.596259673992,1868.1644374703449,34.614114116731315
LLLYVLLAILLTLLLSFLILI,LLLAVLLAILLTLLLSFLILI,Right,void,,,,,,,,,,,3869.08,4611.39,62.0244,113.389,4003.97,4776.06,175.42,323.786,-16.733,1.1e+17,3,Y,56.3418,66.80519976,3755.691,3680.184,75.507,5.0,0.4189269972372487,0.2614231702490664,R,-30.832218243668567,LLLYALLTVLLALLLSFLILI,25414.522861816884,2424.3033890458496,19.613712700675872
LLLYVLLAILLTLLLSFLILI,LLLYVLLAALLTLLLSFLILI,Right,void,,,,,,,,,,,4020.09,4771.07,44.246,41.0964,4003.97,4776.06,79.2556,89.0188,-16.733,1.1e+17,8,I,90.2332,31.29256466,3978.9936,3914.9512,64.0424,5.0,0.2194389646866605,0.1019025366456136,R,-99.99956421714332,LLLYALLTVLLALLLSFLILI,24405.7114874334,1063.5364409593158,24.42528791273074
LLLAYLLTTLLAFLLSLLILI,LLLAALLTTLLAFLLSLLILI,Right,void,,,,,,,,,,,3762.13,4554.96,50.6692,58.0833,3695.55,4710.21,160.733,136.49,-11.5515,1.1e+17,4,Y,80.3919,41.94491144,3704.0467,3559.06,144.9867,5.0,1.7264323149920686,2.3151699582026617,R,99999900.0,LLLYALLTVLLALLLSFLILI,29754.84917703284,11167.269894757075,7.487753361891245
LLLAYLLTTLLAFLLSLLILI,LLLAYLLTTLLAALLSLLILI,Right,void,,,,,,,,,,,3723.12,4628.7,45.0555,57.6394,3695.55,4710.21,130.867,160.049,-11.5515,1.1e+17,12,F,72.1826,44.39879219,3665.4806,3535.501,129.9796,5.0,2.04911849158209,1.8588227908787336,R,99999900.0,LLLYALLTVLLALLLSFLILI,30860.403339930814,10192.531460654594,61.565555094807934
LLLYSLLLTLLVALLIFLILI,LLLASLLLTLLVALLIFLILI,Right,void,,,,,,,,,,,3453.79,4133.71,52.7659,104.438,3642.0,4322.16,174.444,346.577,-7.44926,1.1e+17,3,Y,65.2928,61.53155467,3349.352,3295.423,53.929,5.0,0.0267644477711751,1.4650546555663326,R,99999900.0,LLLYWLLLALLVALLSTLILI,23622.453312241458,4000.001404243723,89.04822982188925
LLLYALLIALLFTLLVLLILI,LLLYALLIALLATLLVLLILI,Right,void,,,,,,,,,,,3938.36,4566.32,56.7204,75.2028,3956.54,4718.21,158.04,193.976,-11.3564,1.1e+17,11,F,55.065,57.72938516,3863.1572,3762.564,100.5932,5.0,0.4452433523682032,0.0779288283202916,R,-39.834011708560205,LLLYALLTVLLALLLSFLILI,25222.916029039938,1900.305689245266,32.69101671586427
LLLYALLIALLFTLLVLLILI,LLLYALLAALLFTLLVLLILI,Right,void,,,,,,,,,,,3958.08,4662.7,60.1714,117.31,3956.54,4718.21,114.568,197.131,-11.3564,1.1e+17,7,I,12.2854,90.52018822,3840.77,3759.409,81.361,5.0,0.2151942616026317,0.0808604497665287,R,-39.59981489930109,LLLTALLVALLFALLSLLILI,24391.895942276784,1733.2400459571725,13.240771154738216
LLLWTLLVFLLAILLSLLILI,LLLWTLLVALLAILLSLLILI,Right,void,,,,,,,,,,,3412.58,3999.88,44.8938,46.0757,3372.84,4114.39,139.977,134.215,-5.52392,1.1e+17,8,F,85.2539,35.08401762,3366.5043,3238.625,127.8793,5.0,0.3460702678614664,0.1158570141297741,R,-80.07814445332244,LLLAYLLTVLLAFLLSLLILI,24847.24598516061,1942.4728589819752,22.13371606203885
LLLWTLLVFLLAILLSLLILI,LLLATLLVFLLAILLSLLILI,Right,void,,,,,,,,,,,3448.15,4057.14,63.4787,127.095,3372.84,4114.39,155.62,141.666,-5.52392,1.1e+17,3,W,42.6358,74.88033993,3321.055,3231.174,89.881,5.0,0.2568301138309317,0.0472870727749595,R,-74.52760098592415,LLLTYLLVFLLALLLASLILI,24618.48342692528,1265.4719442144053,24.322405329452423
LLLYTLLVSLLALLLAFLILI,LLLATLLVSLLALLLAFLILI,Right,void,,,,,,,,,,,3404.59,4060.94,63.8567,123.344,3592.92,4252.78,185.891,364.94,-6.35184,1.1e+17,3,Y,46.3868,72.67036979,3281.246,3227.98,53.266,5.0,0.5821528321549978,0.2440676971922249,R,-99.99953186889827,LLLYALLTVLLALLLSFLILI,25671.32578526112,2671.658649026426,34.3192488351661
LLLYSLLLALLFALLVTLILI,LLLYSLLLALLAALLVTLILI,Right,void,,,,,,,,,,,3419.37,4115.83,59.071,40.1573,3414.6,4274.8,162.387,130.653,-8.415,1.1e+17,11,F,90.1105,30.82672771,3379.2127,3283.947,95.2657,5.0,0.3657722336789719,0.1478317422689442,R,-31.53398885082849,LLLLALLVALLFALLSTLILI,25022.608151043434,2030.7524064784463,21.89008058089805
LLLYSLLLALLFALLVTLILI,LLLYSLLAALLFALLVTLILI,Right,void,,,,,,,,,,,3429.09,4222.41,57.9448,64.6455,3414.6,4274.8,114.166,133.091,-8.415,1.1e+17,7,L,64.9499,49.88255756,3364.4445,3281.509,82.9355,5.0,0.3138632306012695,0.0569082551179106,R,-40.09997337534968,LLLTALLVALLFALLSLLILI,24812.92132975907,1261.3898882127737,29.67145358339201
LLLLILLSVLLAYLLTFLILI,LLLLILLSVLLAALLTFLILI,Right,void,,,,,,,,,,,3890.06,4669.9,54.0233,86.7044,3827.95,4800.79,157.357,163.365,-8.30423,1.1e+17,12,Y,43.1176,66.78713931,3803.3556,3664.585,138.7706,5.0,0.3779050272761502,0.0271722843121872,R,-41.248611161700325,LLLYALLTVLLALLLSFLILI,25049.685576675096,1611.460911554094,30.055886393038232
LLLLILLSVLLAYLLTFLILI,LLLLALLSVLLAYLLTFLILI,Right,void,,,,,,,,,,,3889.25,4764.5,56.8733,56.9904,3827.95,4800.79,102.381,84.606,-8.30423,1.1e+17,4,I,81.4848,41.15567264,3832.2596,3743.344,88.9156,5.0,0.6324581079113757,0.1695535858464736,R,-44.97060818468729,LLLYALLTVLLALLLSFLILI,26340.71560592936,2163.8361727934034,42.949503036939234
LLLLALLVALLFALLSTLILI,LLLLALLVALLAALLSTLILI,Right,void,,,,,,,,,,,3722.44,4501.51,50.6115,42.7292,3712.65,4641.47,152.931,135.695,-15.8282,1.1e+17,11,F,87.5386,32.80104523,3679.7108,3576.955,102.7558,5.0,0.5713214266987447,0.0492178217522048,R,-20.506250231521385,LLLYALLTVLLALLLSFLILI,25719.04113047657,1945.6383733137343,44.95664746429491
LLLLALLVALLFALLSTLILI,LLLLALLAALLFALLSTLILI,Right,void,,,,,,,,,,,3735.09,4604.24,57.8716,86.1229,3712.65,4641.47,94.9775,113.27,-15.8282,1.1e+17,7,V,43.4725,66.45521369,3648.9671,3599.38,49.5871,5.0,0.4372291211365354,0.1492704450651351,R,-25.53155385095561,LLLTALLVALLFALLSLLILI,25238.119141478823,2112.895889853449,27.792436226358703
LLLSYLLTTLLAVLLFLLILI,LLLSYLLTTLLAVLLALLILI,Right,void,,,,,,,,,,,3816.15,4650.68,48.437,28.8315,3740.86,4717.32,130.29,63.2034,-25.8374,1.1e+17,15,F,100.8889,22.22587966,3787.3185,3677.6566,109.6619,5.0,2.148500388281972,1.4741680507549972,R,99999900.0,LLLSYLLFVLLALLLATLILI,31102.96969940377,6834.604761279727,267.3752065974208
LLLAYLLVFLLALLLSTLILI,LLLAALLVFLLALLLSTLILI,Right,void,,,,,,,,,,,3379.64,3996.22,52.6519,57.3036,3335.62,4165.45,169.605,148.0,-9.7377,1.1e+17,4,Y,81.1716,41.38185032,3322.3364,3187.62,134.7164,5.0,0.3915352050361413,0.0693923165563331,R,-19.300610443752923,LLLYALLTVLLALLLSFLILI,25160.180162338354,1249.291510847822,36.91952501603372
LLLAYLLVFLLALLLSTLILI,LLLAYLLVALLALLLSTLILI,Right,void,,,,,,,,,,,3375.71,4081.96,46.031,49.6044,3335.62,4165.45,132.454,110.809,-9.7377,1.1e+17,8,F,81.7252,37.77092141,3326.1056,3224.811,101.2946,5.0,0.5615622506928997,0.1260228356731374,R,-47.60676260872173,LLLYALLTVLLALLLSFLILI,25918.842189031173,2025.383699094609,39.588142255455615
LLLYVLLFILLALLLSTLILI,LLLYVLLAILLALLLSTLILI,Right,void,,,,,,,,,,,3942.18,4619.94,57.6639,26.7022,3929.65,4766.47,157.236,93.6199,-11.5688,1.1e+17,7,F,102.8932,20.60428071,3915.4778,3836.0301,79.4477,5.0,0.1982909051662615,0.0386917285813308,R,-53.54683742529838,LLLYALLTVLLALLLSFLILI,24195.66122798532,1321.017703160457,18.90793850123945
LLLYVLLFILLALLLSTLILI,LLLYVLLFILLAALLSTLILI,Right,void,,,,,,,,,,,3946.21,4727.36,49.8277,67.6317,3929.65,4766.47,101.98,117.18,-11.5688,1.1e+17,12,L,62.1903,52.09571567,3878.5783,3812.47,66.1083,5.0,0.1591631606061689,0.1501823923585915,R,-14.12971404437568,LLLYALLTVLLALLLSFLILI,24025.11040390329,901.544781715112,22.235203105027043
LLLAYLLTTLLALLLSFLILI,LLLAYLLTTLLALLLSALILI,Right,void,,,,,,,,,,,3691.88,4662.26,44.149,88.5638,3793.13,4765.38,137.912,274.599,-9.53165,1.1e+17,16,F,40.899,68.40868574,3603.3162,3518.531,84.7852,5.0,1.8425409089648808,2.1118992196907653,R,99999900.0,LLLYALLTVLLALLLSFLILI,30162.2259395502,10651.83974729774,29.26080045624299
LLLAILLLTLLTVLLSFLILI,LLLAILLLTLLTVLLSALILI,Right,void,,,,,,,,,,,3792.2,4608.58,42.2161,66.8995,3811.96,4706.24,133.498,204.564,-7.82968,1.1e+17,16,F,62.5633,51.67468956,3725.3005,3607.396,117.9045,5.0,2.035168398171189,1.9252881489012568,R,99999900.0,LLLYALLLALLTVLLSILILI,30794.450594431102,10393.790022021403,56.458511705818246
LLLYVLLTTLLFALLSLLILI,LLLYVLLTTLLAALLSLLILI,Right,void,,,,,,,,,,,3474.64,4137.41,50.4168,31.1995,3466.42,4274.75,152.652,123.163,-8.82824,1.1e+17,11,F,99.0683,23.95027781,3443.4405,3343.257,100.1835,5.0,0.9259372758385016,0.4881557536776954,R,99999900.0,LLLYALLTVLLALLLSFLILI,26864.463366611817,2183.209625648741,106.51081148203336
LLLYILLSVLLALLLTFLILI,LLLYILLSVLLALLLTALILI,Right,void,,,,,,,,,,,3818.49,4668.82,44.5964,88.7834,3919.09,4770.53,137.365,273.788,-9.80294,1.1e+17,16,F,40.6794,68.57830975,3729.7066,3645.302,84.4046,5.0,0.1218294949891853,0.2503432895068658,R,-18.30291849828664,LLLYALLTVLLALLLSFLILI,23924.396934553064,503.32618406683474,25.04150239300366
LLLYILLSVLLALLLTFLILI,LLLAILLSVLLALLLTFLILI,Right,void,,,,,,,,,,,3777.64,4583.15,58.5084,74.0236,3919.09,4770.53,178.799,290.537,-9.80294,1.1e+17,3,Y,95.7072,43.61235557,3703.6164,3628.553,75.0634,5.0,0.2682152266535962,0.0673614980650176,R,-21.324703595139763,LLLYALLTVLLALLLSFLILI,24675.2282642676,1688.5407066435507,18.483389106477524
LLLYTLLVALLFALLSLLILI,LLLYTLLVALLAALLSLLILI,Right,void,,,,,,,,,,,3438.55,4107.19,52.3304,43.8567,3429.76,4253.17,156.374,131.237,-10.4326,1.1e+17,11,F,86.4111,33.66656994,3394.6933,3298.523,96.1703,5.0,0.4377316323814219,0.0582016752051594,R,13292470358869.47,LLLYALLTVLLALLLSFLILI,25260.60355197756,1381.5710772825043,40.12741694433214
LLLYTLLVALLFALLSLLILI,LLLYTLLVALLFALLSALILI,Right,void,,,,,,,,,,,3455.16,4187.24,58.2175,105.113,3429.76,4253.17,118.486,154.939,-10.4326,1.1e+17,16,L,24.3498,81.19166278,3350.047,3274.821,75.226,5.0,0.1970489879094953,0.1171108783172006,R,-12.844961690996396,LLLTALLVALLFALLSLLILI,24231.119167575383,1021.437076207062,23.45026584106352
LLLYLLLSTLLAFLLAILILI,LLLYALLSTLLAFLLAILILI,Right,void,,,,,,,,,,,3561.82,4165.44,54.2433,57.2797,3531.11,4250.99,121.161,87.9364,-9.1271,1.1e+17,4,L,81.1955,41.36459092,3504.5403,3443.1736,61.3667,5.0,0.5407584631451692,0.0496965804764066,R,20896141666566.67,LLLYALLTVLLALLLSFLILI,25501.07354277555,1702.5511259434206,48.25642968008688
LLLSYLLVILLTFLLSLLILI,LLLSALLVILLTFLLSLLILI,Right,void,,,,,,,,,,,3469.54,4043.71,45.4715,71.4927,3415.24,4203.55,159.492,137.887,-17.0472,1.1e+17,4,Y,66.9825,51.62852265,3398.0473,3277.353,120.6943,5.0,0.2220865858582335,0.0509026443548814,R,13198216648586.826,LLLAYLLTVLLAFLLSLLILI,24600.108575285027,1629.169874429047,15.593322634527858
LLLSYLLVILLTFLLSLLILI,LLLSYLLVILLTALLSLLILI,Right,void,,,,,,,,,,,3402.35,4121.47,43.9657,57.7789,3415.24,4203.55,129.727,187.734,-17.0472,1.1e+17,12,F,72.0431,44.50624702,3344.5711,3227.506,117.0651,5.0,0.5264412324947417,0.0558339465890813,R,16801976997616.465,LLLAYLLTVLLAFLLSLLILI,25741.07295522592,1771.1699179085635,40.8039830762398
LLLYLLLAVLLAFLLTSLILI,LLLYLLLAVLLAALLTSLILI,Right,void,,,,,,,,,,,3506.2,4128.56,50.4405,76.6113,3590.06,4255.45,148.132,250.143,-7.34717,1.1e+17,12,F,53.2107,59.01257106,3429.5887,3339.917,89.6717,5.0,0.1605363571988522,0.0580540280814579,R,-39.871389541469824,LLLYALLTVLLALLLSFLILI,24150.89918942656,1639.556247847334,10.012108571681228
LLLYLLLAVLLAFLLTSLILI,LLLYALLAVLLAFLLTSLILI,Right,void,,,,,,,,,,,3625.68,4165.08,64.1136,83.0423,3590.06,4255.45,133.522,136.713,-7.34717,1.1e+17,4,L,55.4329,59.9690775,3542.6377,3453.347,89.2907,5.0,0.2589348682041817,0.0288899162011176,R,-35.07311841010068,LLLYALLTVLLALLLSFLILI,24622.85308071832,1334.1739920755297,23.408724512345724
LLLAYLLFALLTVLLSLLILI,LLLAYLLAALLTVLLSLLILI,Right,void,,,,,,,,,,,3266.44,4072.73,50.6188,97.0403,3269.3,4197.02,149.251,224.109,-5.22595,1.1e+17,7,F,32.5551,74.87943245,3169.3997,3045.191,124.2087,5.0,0.4697164036365568,0.025126617192193,R,13448713351097.416,LLLAYLLTVLLAFLLSLLILI,25451.938350825167,1654.2834694544515,37.87026083656281
LLLAYLLFALLTVLLSLLILI,LLLAALLFALLTVLLSLLILI,Right,void,,,,,,,,,,,3324.54,4031.63,59.1619,48.6477,3269.3,4197.02,171.529,81.9243,-5.22595,1.1e+17,4,Y,40.5268,76.12289579,3275.8923,3187.3757,88.5166,5.0,0.4231683976772226,0.2566195816933934,R,-48.34193233941252,LLLAYLLTVLLAFLLSLLILI,25220.051014247565,727.093007624374,50.66352216287014
LLLYILLLTLLAVLLSFLILI,LLLYALLLTLLAVLLSFLILI,Right,void,,,,,,,,,,,3706.4,4288.64,55.7529,54.4256,3683.72,4335.93,109.804,103.608,-8.13395,1.1e+17,4,I,84.0496,39.30349983,3651.9744,3580.112,71.8624,5.0,0.2915502826422497,0.042938570287072,R,16223703926157.238,LLLYALLTVLLALLLSFLILI,24638.10805469455,1642.462782417155,21.88578384861382
LLLYWLLVALLLALLSTLILI,LLLYWLLVALLAALLSTLILI,Right,void,,,,,,,,,,,3405.95,4068.36,50.7562,58.8754,3369.4,4108.9,106.969,112.945,-19.021,1.1e+17,11,L,71.3924,45.19566616,3347.0746,3256.455,90.6196,5.0,0.3815670557427032,0.0031543571735427,R,-62.65834375319516,LLLYALLTVLLALLLSFLILI,25075.057259651247,1500.607230012911,32.1596149215227
LLLFYLLVALLTLLLSILILI,LLLAYLLVALLTLLLSILILI,Right,void,,,,,,,,,,,3793.38,4664.6,61.3934,72.0736,3866.02,4762.74,150.198,229.956,-12.0394,1.1e+17,3,F,97.6572,42.46347746,3721.3064,3636.064,85.2424,5.0,0.5256443494221825,0.1792774444201763,R,15672106249899.988,LLLTYLLVFLLALLLASLILI,25556.785615854675,1184.327264411246,54.667730263331805
LLLLSLLFALLIALLVTLILI,LLLLSLLAALLIALLVTLILI,Right,void,,,,,,,,,,,3714.08,4462.0,48.5289,73.7761,3735.14,4579.2,146.967,189.444,-21.0659,1.1e+17,7,F,55.8193,56.92802368,3640.3039,3545.696,94.6079,5.0,0.4786939158692628,0.0365155099403018,R,-30.696141647607707,LLLLALLVALLFALLSTLILI,25390.483723248064,1767.3237960112351,37.94771497366662
LLLLSLLFALLIALLVTLILI,LLLASLLFALLIALLVTLILI,Right,void,,,,,,,,,,,3677.21,4523.9,62.4738,121.759,3735.14,4579.2,120.204,239.61,-21.0659,1.1e+17,3,L,47.9718,71.73653809,3555.451,3495.53,59.921,5.0,0.3940193515256881,0.0948244004559419,R,4.233884640709659,LLLLALLVALLFALLSTLILI,25090.6856965181,1210.9989536647386,38.63454897874952
LLLAYLLVTLLFTLLSLLILI,LLLAYLLVTLLATLLSLLILI,Right,void,,,,,,,,,,,3383.02,4103.36,55.1899,47.2822,3387.72,4249.45,154.942,143.552,-11.7763,1.1e+17,11,F,82.9856,36.296153,3335.7378,3244.168,91.5698,5.0,2.246053672947442,1.54664283277044,R,99999900.0,LLLTYLLVFLLALLLASLILI,31571.666642195447,9591.845941472422,96.56426927630258
LLLAYLLVTLLFTLLSLLILI,LLLAALLVTLLFTLLSLLILI,Right,void,,,,,,,,,,,3373.54,4078.95,49.667,93.7625,3387.72,4249.45,167.519,175.091,-11.7763,1.1e+17,4,Y,72.2823,47.80126694,3279.7775,3212.629,67.1485,5.0,0.417944669351688,0.0296908441829495,R,22452663636263.64,LLLAYLLTVLLAFLLSLLILI,25169.72738496326,1672.8075519603774,33.26170882687805
LLLSYLLVLLLTALLFILILI,LLLSALLVLLLTALLFILILI,Right,void,,,,,,,,,,,3442.99,4120.01,44.9944,61.8778,3388.7,4286.46,161.644,141.744,-9.4064,1.1e+17,4,Y,76.5974,44.68511329,3381.1122,3246.956,134.1562,5.0,0.3551570097461594,0.0966681783820423,R,-54.6611377316512,LLLTALLVALLFALLSLLILI,25011.401612662645,1829.4545047184376,24.03207550476737
LLLSYLLVLLLTALLFILILI,LLLSYLLVLLLTALLFALILI,Right,void,,,,,,,,,,,3366.37,4256.31,56.1134,108.346,3388.7,4286.46,100.244,192.462,-9.4064,1.1e+17,16,I,21.1168,83.68890523,3258.024,3196.238,61.786,5.0,0.4666182955588094,0.0471173108830322,R,-56.18396592577693,LLLSYLLVFLLATLLSLLILI,25552.78407740283,1335.6157935067763,41.89116567970332
LLLLTLLIALLFVLLYSLILI,LLLLTLLIALLFVLLASLILI,Right,void,,,,,,,,,,,3426.89,4128.27,54.0674,68.1844,3434.77,4177.53,134.648,158.922,-7.45389,1.1e+17,15,Y,61.536,52.56258846,3358.7056,3275.848,82.8576,5.0,0.4079524683709529,0.0540521924314319,R,-29.03244618251858,LLLLALLVALLFALLSTLILI,25129.69733734965,1375.0896360649892,37.38626622935816
LLLLTLLIALLFVLLYSLILI,LLLLTLLIALLAVLLYSLILI,Right,void,,,,,,,,,,,3451.34,4149.25,38.9184,35.8814,3434.77,4177.53,111.674,101.7,-7.45389,1.1e+17,11,F,94.3864,27.54433559,3415.4586,3333.07,82.3886,5.0,0.5087127251664523,0.1027046442708677,R,19288746153746.164,LLLTALLIALLSVLLFLLILI,25481.93532225497,2041.953301180706,36.54133221627801
LLLALLLVTLLAILLSFLILI,LLLALLLVTLLAILLSALILI,Right,void,,,,,,,,,,,3850.64,4538.9,40.7406,74.4744,3904.75,4640.9,133.789,232.684,-8.13651,1.1e+17,16,F,54.9884,57.52571395,3776.1656,3672.066,104.0996,5.0,0.4820485128835675,0.0169465072778245,R,-26.17695979495056,LLLAYLLTVLLAFLLSLLILI,25250.788343465745,1734.9114564180788,41.39647064622402
LLLTYLLVFLLALLLSILILI,LLLTALLVFLLALLLSILILI,Right,void,,,,,,,,,,,3415.88,4053.59,58.2339,69.2302,3354.03,4223.75,172.442,140.167,-7.70203,1.1e+17,4,Y,69.245,49.99465608,3346.6498,3213.863,132.7868,5.0,0.4138412369394868,0.1626852122523554,R,-59.305418317436256,LLLYALLTVLLALLLSFLILI,25387.368717052483,2061.213366213024,25.037856345028747
LLLTYLLVFLLALLLSILILI,LLLTYLLVALLALLLSILILI,Right,void,,,,,,,,,,,3399.49,4126.37,47.1671,46.4462,3354.03,4223.75,135.518,110.71,-7.70203,1.1e+17,8,F,84.8834,35.36613224,3353.0438,3243.32,109.7238,5.0,0.3372598937374312,0.2378915750985413,R,20737682418120.88,LLLYALLTVLLALLLSFLILI,24910.58037044479,2345.2152163031496,14.164830491254666
LLLYSLLLTLLATLLAFLILI,LLLYSLLATLLATLLAFLILI,Right,void,,,,,,,,,,,3571.11,4199.97,58.3394,71.7768,3568.15,4248.93,115.528,156.925,-6.91124,1.1e+17,7,L,57.8186,55.38529917,3499.3332,3411.225,88.1082,5.0,0.2090942930850918,0.0741898772322358,R,13197563157794.734,LLLYALLTVLLALLLSFLILI,24338.433458869047,1711.1845968962557,13.12487165893165
LLLYSLLLTLLATLLAFLILI,LLLYSLLLTLLATLLAALILI,Right,void,,,,,,,,,,,3460.1,4103.71,56.272,102.533,3568.15,4248.93,154.737,280.357,-6.91124,1.1e+17,16,F,26.9298,79.19881232,3357.567,3287.793,69.774,5.0,0.2535906925895912,0.1335400465527954,R,-99.99949158666722,LLLYVLLTILLALLLAFLILI,24454.94351635239,1001.511478103524,29.161515218452244
LLLAYLLTVLLAFLLSLLILI,LLLAALLTVLLAFLLSLLILI,Right,void,,,,,,,,,,,3834.4,4598.76,57.1699,63.2664,3761.63,4750.5,164.779,135.181,-13.5818,1.1e+17,4,Y,75.2088,45.68789213,3771.1336,3626.449,144.6846,5.0,0.4649008949123212,0.0277845347509675,R,-90.2224271251243,LLLYALLTVLLALLLSFLILI,25562.85435645046,1396.5272812461326,40.601778201314495
LLLAYLLTVLLAFLLSLLILI,LLLAYLLTVLLAALLSLLILI,Right,void,,,,,,,,,,,3789.46,4668.77,45.2946,67.2673,3761.63,4750.5,131.162,174.965,-13.5818,1.1e+17,12,F,62.5547,51.81502365,3722.1927,3586.665,135.5277,5.0,0.6967848036190456,0.1350981793913417,R,3440591698337.3105,LLLYALLTVLLALLLSFLILI,26590.035955268624,2088.6404450036566,50.38114926589691
LLLVYLLTILLALLLSFLILI,LLLVALLTILLALLLSFLILI,Right,void,,,,,,,,,,,3865.25,4669.03,45.6818,45.705,3792.48,4804.11,149.078,77.5684,-15.495,1.1e+17,4,Y,92.7702,33.00591008,3819.545,3714.9116,104.6334,5.0,0.4353407669342992,0.1035956984761928,R,-72.2660801467545,LLLYALLTVLLALLLSFLILI,25338.910422704063,1895.7178737900008,30.34046690755636
LLLVYLLTILLALLLSFLILI,LLLVYLLTILLALLLSALILI,Right,void,,,,,,,,,,,3691.36,4700.27,44.363,88.6979,3792.48,4804.11,138.079,274.558,-15.495,1.1e+17,16,F,40.7649,68.51226762,3602.6621,3517.922,84.7401,5.0,0.3171281644827622,0.0008454884874593,R,11576561981654.762,LLLYALLTVLLALLLSFLILI,25047.96606021085,1443.5027268163792,26.6232731642314
LLLLALLVSLLIALLFTLILI,LLLLALLVSLLIALLATLILI,Right,void,,,,,,,,,,,3836.49,4555.88,42.5831,29.2784,3825.79,4649.16,134.777,111.552,-7.1515,1.1e+17,15,F,100.442,22.57038985,3807.2116,3714.238,92.9736,5.0,0.6715284915512421,0.4875922073899481,R,19288746153746.164,LLLTALLVALLFALLSLLILI,26012.23213268056,3594.037925854061,27.37931557553793
LLLLALLVSLLIALLFTLILI,LLLLALLVSLLAALLFTLILI,Right,void,,,,,,,,,,,3843.72,4589.72,57.5712,66.418,3825.79,4649.16,112.857,109.985,-7.1515,1.1e+17,11,I,63.8498,50.98573861,3777.302,3715.805,61.497,5.0,0.5092045718495457,0.0991528046072783,R,99999900.0,LLLTALLVALLFALLSLLILI,25424.70147528166,2077.1100827932405,36.79299469179039
LLLLYLLIALLVALLSTLILI,LLLLALLIALLVALLSTLILI,Right,void,,,,,,,,,,,3910.01,4552.95,50.6204,82.2248,3837.99,4588.98,127.777,127.201,-16.83,1.1e+17,4,Y,56.2504,59.37871908,3827.7852,3710.789,116.9962,5.0,0.3315125887220856,0.0265790549687542,R,-29.35930062534921,LLLTALLVALLFALLSLLILI,24860.257820444524,1390.4260093611365,29.35332230381097
LLLLYLLIALLVALLSTLILI,LLLLYLLAALLVALLSTLILI,Right,void,,,,,,,,,,,3812.69,4553.82,59.1469,115.391,3837.99,4588.98,105.391,202.842,-16.83,1.1e+17,7,I,14.2044,89.03942578,3697.299,3635.148,62.151,5.0,0.1551200441773193,0.0219496237775298,R,99999900.0,LLLTALLVALLFALLSLLILI,24075.58884164691,1349.330701730002,14.29853291672987
LLLTALLFALLAYLLSLLILI,LLLTALLFALLAALLSLLILI,Right,void,,,,,,,,,,,3670.47,4594.48,48.0146,68.746,3602.18,4741.08,154.666,140.955,-17.2261,1.1e+17,12,Y,61.076,52.95404477,3601.724,3461.225,140.499,5.0,0.4033607609008139,0.0115305513215963,R,-66.96461056672351,LLLYALLTVLLALLLSFLILI,25148.74719911986,1494.4133943055235,34.48207436234079
LLLTALLFALLAYLLSLLILI,LLLTALLAALLAYLLSLLILI,Right,void,,,,,,,,,,,3611.91,4576.97,56.8161,37.7374,3602.18,4741.08,161.241,120.405,-17.2261,1.1e+17,7,F,91.858,29.11939776,3574.1726,3481.775,92.3976,5.0,0.5507066924601419,0.0016003173699898,R,-43.17853468354461,LLLYALLTVLLALLLSFLILI,25744.623385771705,1663.0524797185542,46.24028495356563
LLLYALLLALLVSLLFTLILI,LLLYALLLALLVSLLATLILI,Right,void,,,,,,,,,,,3829.39,4604.5,42.8307,34.1306,3813.17,4685.76,130.062,115.025,-20.1656,1.1e+17,15,F,95.5898,26.31089636,3795.2594,3698.145,97.1144,5.0,0.3614517863155407,0.0250066874843347,R,-24.55770011228265,LLLLALLVALLFALLSTLILI,24844.2445649096,1671.334251065973,28.80553019603026
LLLYALLLALLVSLLFTLILI,LLLYALLAALLVSLLFTLILI,Right,void,,,,,,,,,,,3809.32,4631.08,58.9468,90.0853,3813.17,4685.76,118.534,179.497,-20.1656,1.1e+17,7,L,39.5101,69.51272962,3719.2347,3633.673,85.5617,5.0,0.3167782408686562,0.0652561572810301,R,9.30823769469236,LLLLALLVALLFALLSTLILI,24714.489130181155,1749.2854348943142,22.677381465569272
LLLLYLLVTLLFALLSILILI,LLLLALLVTLLFALLSILILI,Right,void,,,,,,,,,,,3924.64,4631.93,42.002,81.8653,3809.02,4726.42,143.435,96.499,-17.226,1.1e+17,4,Y,56.6099,59.1191058,3842.7747,3712.521,130.2537,5.0,0.5179178458909486,0.0171487704596,R,17910978571328.58,LLLTALLVALLFALLSLLILI,25502.99598468576,1672.7534778785018,44.41406036236723
LLLLYLLVTLLFALLSILILI,LLLLYLLVTLLAALLSILILI,Right,void,,,,,,,,,,,3802.52,4592.23,50.7582,55.5586,3809.02,4726.42,151.417,166.435,-17.226,1.1e+17,11,F,74.7092,42.64952659,3746.9614,3642.585,104.3764,5.0,0.1115356478158075,0.3572756808899644,R,99999900.0,LLLTYLLVFLLALLLASLILI,24024.985511593943,255.95503376867737,30.514770001934256
LLLSYLLTILLAFLLSLLILI,LLLSALLTILLAFLLSLLILI,Right,void,,,,,,,,,,,3452.21,4014.78,50.9177,63.5767,3405.36,4172.76,163.926,140.998,-14.1476,1.1e+17,4,Y,74.8985,45.91197557,3388.6333,3264.362,124.2713,5.0,0.3881186324184321,0.1172313572667111,R,3084444117804.4053,LLLYALLTVLLALLLSFLILI,25260.72059872795,1890.3033811311125,25.57565141217581
LLLSYLLTILLAFLLSLLILI,LLLSYLLTILLAALLSLLILI,Right,void,,,,,,,,,,,3389.44,4090.37,44.5313,57.3119,3405.36,4172.76,131.091,187.142,-14.1476,1.1e+17,12,F,72.5101,44.1465237,3332.1281,3218.218,113.9101,5.0,0.3800475101813906,0.1090159371494984,R,5590250660058.218,LLLYALLTVLLALLLSFLILI,25101.029196733223,1889.975920007396,25.38611601850716
LLLTYLLLALLISLLFVLILI,LLLTALLLALLISLLFVLILI,Right,void,,,,,,,,,,,3391.86,4145.7,55.3452,83.6132,3373.13,4300.41,167.693,175.236,-7.14306,1.1e+17,4,Y,54.862,60.38135348,3308.2468,3197.894,110.3528,5.0,0.5001536155934645,0.0012052630255653,R,-10.411601612684189,LLLTALLVALLFALLSLLILI,25485.58960398973,1664.3028112488528,41.838049211372585
LLLTYLLLALLISLLFVLILI,LLLTYLLLALLASLLFVLILI,Right,void,,,,,,,,,,,3403.63,4237.72,60.0701,77.312,3373.13,4300.41,118.091,135.372,-7.14306,1.1e+17,11,I,52.9558,59.3485113,3326.318,3237.758,88.56,5.0,0.477095059213332,0.0110749032566123,R,-38.950557451082304,LLLTYLLVFLLALLLASLILI,25384.24331450452,1606.3498542785865,40.633508211713895
LLLAYLLLTLLAVLLSILILI,LLLAALLLTLLAVLLSILILI,Right,void,,,,,,,,,,,3885.71,4534.13,49.8033,73.7188,3809.92,4584.25,131.057,122.319,-7.73195,1.1e+17,4,Y,64.7564,53.23610293,3811.9912,3687.601,124.3902,5.0,0.4119054736741506,0.0514048100121742,R,11940652380852.38,LLLYALLTVLLALLLSFLILI,25119.66134873393,1759.3405103005623,31.46909718194114
LLLAYLLLTLLAVLLSILILI,LLLAYLLATLLAVLLSILILI,Right,void,,,,,,,,,,,3805.43,4528.48,58.8478,94.7881,3809.92,4584.25,117.408,182.189,-7.73195,1.1e+17,7,L,34.8073,73.14156212,3710.6419,3627.731,82.9109,5.0,4.789843074381066,5.237555371961464,R,99999900.0,LLLAYLLTVLLAFLLSLLILI,40540.63591422277,25420.571577474853,91.0272256815751
LLLAYLLVLLLATLLSFLILI,LLLAALLVLLLATLLSFLILI,Right,void,,,,,,,,,,,3950.14,4635.85,43.4262,61.9157,3895.89,4767.13,147.746,156.071,-6.69186,1.1e+17,4,Y,76.5595,44.71248281,3888.2243,3739.819,148.4053,5.0,0.2383719765336719,0.0686908991781117,R,-55.29884074413136,LLLYALLTVLLALLLSFLILI,24479.420705658937,1696.1603462635858,15.903960297720538
LLLAYLLVLLLATLLSFLILI,LLLAYLLVLLLATLLSALILI,Right,void,,,,,,,,,,,3794.29,4663.65,41.9566,80.6053,3895.89,4767.13,135.233,266.569,-6.69186,1.1e+17,16,F,48.8575,62.26136002,3713.6847,3629.321,84.3637,5.0,0.3639137814382778,0.0200597968113935,R,-66.61404746265424,LLLTYLLVFLLALLLASLILI,25112.6733406524,1535.6945897215885,29.30493545908733
LLLTYLLAVLLAILLFLLILI,LLLTALLAVLLAILLFLLILI,Right,void,,,,,,,,,,,3912.14,4607.63,58.2482,77.9471,3856.46,4815.7,179.516,164.623,-5.53152,1.1e+17,4,Y,60.5281,56.28957387,3834.1929,3691.837,142.3559,5.0,0.5323377748590638,0.0753077842065339,R,-53.01171160998764,LLLYALLTVLLALLLSFLILI,25811.60402877965,1819.3790761777457,40.144234099393714
LLLTYLLAVLLAILLFLLILI,LLLTYLLAVLLAILLALLILI,Right,void,,,,,,,,,,,3919.88,4744.94,41.5034,45.5226,3856.46,4815.7,124.876,45.2573,-5.53152,1.1e+17,15,F,84.1978,35.09286126,3874.3574,3811.2027,63.1547,5.0,0.2958456630080461,0.0231971453981115,R,5113270767192.783,LLLSYLLFVLLALLLATLILI,24863.1726225142,1355.3116998400044,26.16429658219609
LLLFYLLLTLLVALLSILILI,LLLFALLLTLLVALLSILILI,Right,void,,,,,,,,,,,3969.52,4704.65,48.3895,87.2794,3873.23,4829.33,150.224,88.3333,-14.5388,1.1e+17,4,Y,51.1958,63.02890337,3882.2406,3784.8967,97.3439,5.0,0.2545401688229056,0.006385897311205,R,22795790908990.91,LLLTALLVALLFALLSLLILI,24506.207412851232,1484.2376569019254,20.950361123520448
LLLSYLLVALLTLLLSFLILI,LLLSALLVALLTLLLSFLILI,Right,void,,,,,,,,,,,3577.65,4046.07,52.5341,73.304,3548.36,4199.63,166.746,177.66,-15.869,1.1e+17,4,Y,65.1712,52.9365547,3504.346,3370.7,133.646,5.0,0.3856837816384788,0.084059200445167,R,-43.94667144346939,LLLYALLTVLLALLLSFLILI,25015.81721971861,1852.2956489561184,27.337101889580502
LLLSYLLVALLTLLLSFLILI,LLLSYLLVALLTALLSFLILI,Right,void,,,,,,,,,,,3540.97,4146.5,42.3838,66.7977,3548.36,4199.63,100.187,135.921,-15.869,1.1e+17,12,L,63.0243,51.45329759,3474.1723,3412.439,61.7333,5.0,0.8105366516967352,0.3141921046294614,R,16598537249900.352,LLLTALLVALLFALLSLLILI,26878.531504157912,2915.0679294655847,49.30133329181788
LLLVALLLTLLAILLSFLILI,LLLVALLATLLAILLSFLILI,Right,void,,,,,,,,,,,3953.18,4521.95,56.9297,52.6047,3912.38,4563.23,112.672,118.279,-8.69146,1.1e+17,7,L,76.9907,40.59148704,3900.5753,3794.101,106.4743,5.0,4.255034486153749,5.993888930706143,R,99999900.0,LLLYALLTVLLALLLSFLILI,38706.071109869816,26984.4637220611,1.4006011237995002
LLLVALLLTLLAILLSFLILI,LLLVALLLTLLAILLSALILI,Right,void,,,,,,,,,,,3852.33,4463.86,40.6069,83.0762,3912.38,4563.23,132.259,245.545,-8.69146,1.1e+17,16,F,46.3866,64.16993916,3769.2538,3666.835,102.4188,5.0,0.5636312879623997,0.1742311291466961,R,-13.56087367769291,LLLYALLTVLLALLLSFLILI,25703.922968520248,2336.2671910555605,36.9051370913467
LLLFVLLATLLAYLLSLLILI,LLLFVLLATLLAALLSLLILI,Right,void,,,,,,,,,,,3774.31,4638.48,44.7218,58.272,3713.41,4739.56,140.993,112.33,-16.9179,1.1e+17,12,Y,71.55,44.88607478,3716.038,3601.08,114.958,5.0,0.7739553159576154,0.3048316473872197,R,99999900.0,LLLAYLLTVLLAFLLSLLILI,26303.982496299654,1830.049665886292,82.91367341804303
LLLAVLLITLLFTLLSLLILI,LLLAVLLITLLFTLLSALILI,Right,void,,,,,,,,,,,3336.81,4068.94,55.821,106.368,3300.22,4114.93,109.501,147.195,-11.6821,1.1e+17,16,L,23.0948,82.16105321,3230.442,3153.025,77.417,5.0,0.5901675250508911,0.1657513465213197,R,99999900.0,LLLVALLIALLFTLLSLLILI,25719.05529566113,2410.088364039798,39.63112605614831
LLLYALLVALLLTLLSWLILI,LLLYALLVALLLTLLSALILI,Right,void,,,,,,,,,,,3573.97,4077.13,55.9388,111.43,3583.1,4086.71,130.087,260.122,-6.72358,1.1e+17,16,W,18.0328,86.07105671,3462.54,3322.978,139.562,5.0,0.279001381770758,0.0728255131022121,R,-36.09164504551579,LLLYALLTVLLALLLSFLILI,24593.4835673266,1216.2310682284965,27.6933774983256
LLLYALLVALLLTLLSWLILI,LLLYALLVALLATLLSWLILI,Right,void,,,,,,,,,,,3632.36,4048.43,51.6941,73.011,3583.1,4086.71,106.925,125.442,-6.72358,1.1e+17,11,L,57.2568,56.04685118,3559.349,3457.658,101.691,5.0,0.2776211514044026,0.0240909937867185,R,-9.884110447628364,LLLYALLTVLLALLLSFLILI,24563.39243332995,1401.076660933311,24.69016796741328
LLLYILLTVLLALLLSFLILI,LLLYILLTVLLAALLSFLILI,Right,void,,,,,,,,,,,3704.39,4245.03,50.9626,87.8262,3694.41,4284.91,104.767,147.611,-11.9934,1.1e+17,12,L,41.9958,67.65124555,3616.5638,3546.799,69.7648,5.0,0.2079711177105887,0.0513677156971615,R,10163226079019.332,LLLYALLTVLLALLLSFLILI,24565.467663972555,1638.0049442305851,14.38298685721125
LLLYALLTALLFVLLSLLILI,LLLYALLTALLAVLLSLLILI,Right,void,,,,,,,,,,,3870.04,4635.68,51.8209,46.4486,3866.47,4776.74,154.719,137.573,-11.9039,1.1e+17,11,F,83.8192,35.65624045,3823.5914,3728.897,94.6944,5.0,0.725046570571242,0.227818508878022,R,13477028382711.984,LLLYALLTVLLALLLSFLILI,26346.65934258556,2688.4817197433563,47.25554577458008
LLLYALLTALLFVLLSLLILI,LLLYALLTALLFVLLSALILI,Right,void,,,,,,,,,,,3903.97,4757.46,41.0331,78.7228,3866.47,4776.74,89.0512,125.428,-11.9039,1.1e+17,16,L,50.74,60.80727437,3825.2472,3741.042,84.2052,5.0,0.1916092333123325,0.0187686254467029,R,-12.954988931429565,LLLYALLTVLLALLLSFLILI,24270.85376282404,1502.1963342089327,14.943492290041362
LLLASLLLALLFVLLYTLILI,LLLASLLLALLFVLLATLILI,Right,void,,,,,,,,,,,3773.77,4663.49,36.3025,37.2404,3711.73,4754.71,132.897,117.806,-23.1349,1.1e+17,15,Y,92.48,28.70820627,3736.5296,3593.924,142.6056,5.0,0.3461683072764642,0.1269085608565855,R,-25.83365231330857,LLLLALLVALLFALLSTLILI,24868.093264728705,1973.09628810864,21.48711893195229
LLLASLLLALLFVLLYTLILI,LLLASLLLALLAVLLYTLILI,Right,void,,,,,,,,,,,3727.31,4650.68,58.5802,57.4306,3711.73,4754.71,148.101,138.243,-23.1349,1.1e+17,11,F,72.8372,44.08656629,3669.8794,3573.487,96.3924,5.0,0.4566302573466253,0.228457636045087,R,-3.6039841617527073,LLLVALLLALLFALLSTLILI,25303.91580382534,2413.8095837872324,24.726220587138943
LLLYWLLVALLITLLFLLILI,LLLYWLLVALLITLLALLILI,Right,void,,,,,,,,,,,3475.19,4213.51,60.7637,65.3281,3499.69,4385.39,165.587,179.016,-19.1451,1.1e+17,15,F,64.3923,50.36069886,3409.8619,3320.674,89.1879,5.0,0.4739955090308101,0.0230091495761839,R,14229373995382.115,LLLTALLVALLFALLSLLILI,25304.94518974842,1621.8681508204616,41.08089980140437
LLLTYLLFVLLAILLSLLILI,LLLTALLFVLLAILLSLLILI,Right,void,,,,,,,,,,,3751.74,4645.11,50.3269,50.8475,3663.85,4721.22,136.226,75.7024,-18.4798,1.1e+17,4,Y,87.6277,36.71957145,3700.8925,3588.1476,112.7449,5.0,0.4326198227614144,0.0626895439386878,R,-82.9684919727225,LLLYALLTVLLALLLSFLILI,25634.47420901945,1228.3484287932415,39.96499164052466
LLLTYLLFVLLAILLSLLILI,LLLTYLLAVLLAILLSLLILI,Right,void,,,,,,,,,,,3681.83,4579.66,55.5512,29.3395,3663.85,4721.22,154.689,91.6975,-18.4798,1.1e+17,7,F,100.2559,22.63930664,3652.4905,3572.1525,80.338,5.0,0.3153195245351037,0.0767320894031404,R,3717470808335.881,LLLYALLTVLLALLLSFLILI,24998.617145427543,1724.8326861859398,21.87519367820948
LLLYFLLTILLAVLLSLLILI,LLLYALLTILLAVLLSLLILI,Right,void,,,,,,,,,,,3971.95,4657.15,45.0452,54.9326,3947.89,4762.7,139.701,134.968,-14.9437,1.1e+17,4,F,83.5426,39.66963037,3917.0174,3812.922,104.0954,5.0,0.5011272937746623,0.0152567880817073,R,3792492610782.692,LLLYALLTVLLALLLSFLILI,25708.53087056499,1573.4710616940336,41.08707374470112
LLLYFLLTILLAVLLSLLILI,LLLYFLLTILLAVLLSALILI,Right,void,,,,,,,,,,,3930.93,4743.45,41.9794,83.1862,3947.89,4762.7,89.8825,177.442,-14.9437,1.1e+17,16,L,46.2766,64.25490566,3847.7438,3770.448,77.2958,5.0,0.2425218961462125,0.0461436935477878,R,11833012450545.986,LLLYALLTVLLALLLSFLILI,24432.40786793965,1296.2350579862064,23.05572822101353
LLLYSLLLTLLALLLAFLILI,LLLASLLLTLLALLLAFLILI,Right,void,,,,,,,,,,,3398.73,4077.34,52.0893,103.539,3578.72,4255.64,171.307,341.471,-8.51479,1.1e+17,3,Y,66.1918,61.00189241,3295.191,3237.249,57.942,5.0,0.3631585464655292,0.1476702241059984,R,-16.73066566559554,LLLYALLTVLLALLLSFLILI,24865.604300379626,1088.8472774707304,39.17977739166571
LLLAILLYTLLAVLLSLLILI,LLLAILLATLLAVLLSLLILI,Right,void,,,,,,,,,,,3839.43,4528.34,57.9947,73.5025,3943.79,4680.79,169.229,270.092,-10.2236,1.1e+17,7,Y,56.0929,56.71690508,3765.9275,3673.698,92.2295,5.0,0.4157647319020868,0.4510882482138122,R,99999900.0,LLLAYLLTVLLAFLLSLLILI,25086.86734541564,685.9860307276148,61.565555094807934
LLLTYLLVALLATLLSLLILI,LLLTALLVALLATLLSLLILI,Right,void,,,,,,,,,,,3793.81,4475.52,44.7595,70.6139,3724.02,4614.89,151.74,127.594,-7.2254,1.1e+17,4,Y,67.8613,50.99389638,3723.1961,3596.426,126.7701,5.0,0.5094955598634734,0.055486357547492,R,-67.32424206198662,LLLYALLTVLLALLLSFLILI,25522.939549164545,1855.1326259353589,39.40464618284366
LLLTYLLVALLATLLSLLILI,LLLTYLLVALLATLLSALILI,Right,void,,,,,,,,,,,3744.72,4581.95,41.3719,57.7329,3724.02,4614.89,92.1138,105.899,-7.2254,1.1e+17,16,L,71.7299,44.59420003,3686.9871,3618.121,68.8661,5.0,0.3689163102937925,0.0391682035218043,R,-76.12075383474493,LLLTYLLVFLLALLLASLILI,24965.71874025934,1671.880826588877,28.591926293869285
LLLYALLLALLTVLLSILILI,LLLYALLAALLTVLLSILILI,Right,void,,,,,,,,,,,3856.62,4566.59,54.0361,97.5209,3875.95,4620.48,112.983,195.872,-13.6517,1.1e+17,7,L,32.0745,75.25027895,3759.0991,3680.078,79.0211,5.0,0.3733198915312588,0.1003942768515274,R,-36.92624597372406,LLLYALLTVLLALLLSFLILI,24933.89048813342,1918.3297414457568,25.33322708822321
LLLYALLLALLTVLLSILILI,LLLYALLLALLTVLLSALILI,Right,void,,,,,,,,,,,3903.96,4614.29,41.3666,54.6963,3875.95,4620.48,78.8084,104.337,-13.6517,1.1e+17,16,I,74.7665,42.24866139,3849.2637,3771.613,77.6507,5.0,0.339034350777973,0.0458149199845205,R,1.307427558939125,LLLYALLTVLLALLLSFLILI,24799.432327039274,1377.324088359519,31.12333362836993
LLLAILLLTLLFVLLSLLILI,LLLAILLLTLLFVLLSALILI,Right,void,,,,,,,,,,,3348.0,4139.91,55.8887,103.43,3325.21,4184.04,108.413,158.805,-8.55011,1.1e+17,16,L,26.0328,79.89167545,3244.57,3166.405,78.165,5.0,-0.4187889612176691,0.8557710831096286,R,99999900.0,LLLVALLLALLFALLSTLILI,22110.23658841397,2505.383814290339,15.613398972487296
LLLTYLLIALLLALLFVLILI,LLLTALLIALLLALLFVLILI,Right,void,,,,,,,,,,,3321.11,4095.11,56.7539,66.6714,3281.49,4248.01,170.895,148.59,-7.37369,1.1e+17,4,Y,71.8038,48.14681618,3254.4386,3132.9,121.5386,5.0,0.4631064809922871,0.000144049581506,R,-20.67682891811373,LLLTALLVALLFALLSLLILI,25293.565655594262,1655.77412170484,38.81369974589454
LLLTYLLIALLLALLFVLILI,LLLTYLLIALLAALLFVLILI,Right,void,,,,,,,,,,,3317.01,4207.04,57.3269,61.9499,3281.49,4248.01,113.265,113.347,-7.37369,1.1e+17,11,L,68.3179,47.55580427,3255.0601,3168.143,86.9171,5.0,0.5464682172683121,0.1219204899236061,R,-20.66596912582822,LLLTYLLVFLLALLLASLILI,25668.519210612063,1339.7724353706576,53.01418718747314
LLLLYLLIVLLATLLSFLILI,LLLLALLIVLLATLLSFLILI,Right,void,,,,,,,,,,,4002.89,4666.75,50.7808,61.6674,3958.47,4793.59,155.07,157.333,-5.99972,1.1e+17,4,Y,76.8078,44.53317273,3941.2226,3801.137,140.0856,5.0,0.2223832178317028,0.0776325263318906,R,-70.70980020763439,LLLYALLTVLLALLLSFLILI,24471.38421661231,1147.3385831180256,23.23398052086552
LLLLYLLIVLLATLLSFLILI,LLLLYLLIVLLATLLSALILI,Right,void,,,,,,,,,,,3884.98,4692.91,41.501,83.3403,3958.47,4793.59,134.018,252.185,-5.99972,1.1e+17,16,F,46.1225,64.37393599,3801.6397,3706.285,95.3547,5.0,0.2685334209598782,0.0748804327986267,R,9688704492828.984,LLLYALLTVLLALLLSFLILI,24683.28185814925,1715.5461250244148,18.06454927927265
LLLTALLIALLLSLLFVLILI,LLLTALLIALLLSLLAVLILI,Right,void,,,,,,,,,,,3718.49,4519.87,45.9103,49.6783,3689.39,4603.14,133.621,126.094,-7.2068,1.1e+17,15,F,80.0421,38.29644374,3668.8117,3563.296,105.5157,5.0,0.4883471308768613,0.3195545528237699,R,-22.526914192880007,LLLTALLVALLFALLSLLILI,25480.758338251344,704.9670742282647,59.85399819931369
LLLTALLIALLLSLLFVLILI,LLLTALLAALLLSLLFVLILI,Right,void,,,,,,,,,,,3737.38,4587.74,45.2795,78.2624,3689.39,4603.14,88.7333,124.794,-7.2068,1.1e+17,7,I,51.333,60.38979779,3659.1176,3564.596,94.5216,5.0,0.4156067210527471,0.0025666047702453,R,15.985666148395111,LLLTYLLAVLLAILLFLLILI,25110.759307226486,1593.185936393976,34.97708196624696
LLLYTLLIALLAVLLSLLILI,LLLYTLLAALLAVLLSLLILI,Right,void,,,,,,,,,,,3481.92,4097.09,58.7264,70.0471,3466.84,4144.8,110.002,136.104,-7.14993,1.1e+17,7,I,59.5483,54.05060673,3411.8729,3330.736,81.1369,5.0,0.3373391979002701,0.0399560929195581,R,15085417378841.266,LLLYALLTVLLALLLSFLILI,24810.385206054467,1666.757874543678,25.89929661373648
LLLYTLLIALLAVLLSLLILI,LLLYTLLIALLAVLLSALILI,Right,void,,,,,,,,,,,3487.23,4099.55,55.6942,109.175,3466.84,4144.8,109.256,167.664,-7.14993,1.1e+17,16,L,20.2878,84.32924361,3378.055,3299.176,78.879,5.0,0.3674472947179276,0.1920987896940005,R,-38.52521976758096,LLLYALLTVLLALLLSFLILI,24897.422313755163,2246.075021603218,19.40758458440916
LLLYSLLVALLTLLLFILILI,LLLYSLLVALLTLLLAILILI,Right,void,,,,,,,,,,,3548.29,4154.66,57.9584,88.6236,3517.49,4307.36,159.214,165.624,-7.46803,1.1e+17,15,F,41.0968,68.31893827,3459.6664,3351.866,107.8004,5.0,0.648257933845435,0.5653379583483916,R,99999900.0,LLLTYLLVFLLALLLASLILI,25800.179627065576,1612.5712319965394,87.81627804967701
LLLYSLLVALLTLLLFILILI,LLLYSLLVALLTLLLFALILI,Right,void,,,,,,,,,,,3519.18,4280.33,56.638,81.8971,3517.49,4307.36,99.2716,147.887,-7.46803,1.1e+17,16,I,47.5657,63.25917561,3437.2829,3369.603,67.6799,5.0,0.3545307327601331,0.0315247924501104,R,99999900.0,LLLSYLLVILLTLLLAFLILI,24882.91597047488,1647.6565773288305,27.83939066007191
LLLYALLVALLSLLLFTLILI,LLLYALLVALLSLLLATLILI,Right,void,,,,,,,,,,,3917.98,4637.9,41.6437,30.7904,3842.62,4702.21,125.241,71.3853,-7.90531,1.1e+17,15,F,98.93,23.73597368,3887.1896,3771.2347,115.9549,5.0,0.5120798102989276,0.0477782933369276,R,-55.42510561684507,LLLYALLTVLLALLLSFLILI,25561.42475347957,1493.3726163451104,45.73969425580917
LLLYALLVALLSLLLFTLILI,LLLAALLVALLSLLLFTLILI,Right,void,,,,,,,,,,,3691.97,4512.17,63.9483,91.0616,3842.62,4702.21,184.997,312.504,-7.90531,1.1e+17,3,Y,78.6692,53.65060437,3600.9084,3530.116,70.7924,5.0,0.4546350543410515,0.2095631113726185,R,99999900.0,LLLTALLVALLFALLSLLILI,25261.084635930594,2365.0095487355,25.678550482530348
LLLYSLLLALLATLLVFLILI,LLLYSLLAALLATLLVFLILI,Right,void,,,,,,,,,,,3515.12,4192.47,59.5193,63.5623,3499.14,4242.47,116.326,131.704,-10.482,1.1e+17,7,L,66.0331,49.04672542,3451.5577,3367.436,84.1217,5.0,0.1448445151653409,0.0739048299247988,R,-32.22346280187177,LLLYALLTVLLALLLSFLILI,24087.974763744947,1695.5062672133045,7.758067714987492
LLLYSLLLALLATLLVFLILI,LLLYSLLLALLATLLVALILI,Right,void,,,,,,,,,,,3417.59,4096.45,54.7962,100.423,3499.14,4242.47,153.727,260.969,-10.482,1.1e+17,16,F,29.0398,77.56900052,3317.167,3238.171,78.996,5.0,0.4232551121506899,0.0860660731622063,R,-5.508553277201906,LLLWYLLLVLLATLLSFLILI,25081.88320145676,1379.8948386152545,40.56536908147032
LLLTYLLVILLAFLLSLLILI,LLLTALLVILLAFLLSLLILI,Right,void,,,,,,,,,,,3488.23,4056.28,45.0535,78.4537,3438.77,4225.65,162.507,156.962,-5.54929,1.1e+17,4,Y,60.0215,56.65541555,3409.7763,3281.808,127.9683,5.0,0.4309362152250658,0.1587207822065502,R,3292212929403.1943,LLLYALLTVLLALLLSFLILI,25420.021722336827,2060.297689619467,26.70519429444281
LLLTYLLVILLAFLLSLLILI,LLLTYLLVILLAALLSLLILI,Right,void,,,,,,,,,,,3440.94,4142.65,44.7218,66.8304,3438.77,4225.65,130.778,182.583,-5.54929,1.1e+17,12,F,62.9916,51.47848593,3374.1096,3256.187,117.9226,5.0,0.2839654118343885,0.0674210244163751,R,4343623367910.913,LLLTYLLVFLLALLLASLILI,24800.38773990465,1191.3909768788712,27.78910948574238
LLLSTLLVALLFYLLALLILI,LLLSTLLVALLFALLALLILI,Right,void,,,,,,,,,,,3259.84,4090.19,46.3146,31.2394,3232.54,4206.65,143.238,88.3025,-9.13752,1.1e+17,12,Y,98.5826,24.06325584,3228.6006,3144.2375,84.3631,5.0,0.597209246597506,0.0228063044410547,R,-44.48088799592478,LLLTALLVALLFALLSLLILI,25906.04367648921,1816.0246279730536,48.69077178525145
LLLSTLLVALLFYLLALLILI,LLLSTLLVALLAYLLALLILI,Right,void,,,,,,,,,,,3244.08,4067.28,54.4443,3.08525,3232.54,4206.65,151.615,73.213,-9.13752,1.1e+17,11,F,127.18255,2.368390347,3240.99475,3159.327,81.66775,5.0,0.384254417925348,0.0447067400798705,R,-8.297990575367953,LLLSYLLFVLLALLLATLILI,25085.631948612147,1673.4865940108425,29.54899279616409
LLLTYLLVALLAILLSLLILI,LLLTALLVALLAILLSLLILI,Right,void,,,,,,,,,,,3802.21,4480.74,47.5699,57.3484,3695.52,4564.75,137.669,84.7111,-18.5,1.1e+17,4,Y,81.1268,41.41420269,3744.8616,3610.8089,134.0527,5.0,0.2517119369376537,0.0687206407861278,R,-83.8827482181944,LLLYALLTVLLALLLSFLILI,24516.82493645191,1202.6241008381269,25.163491472429143
LLLTYLLVALLAILLSLLILI,LLLTYLLVALLAILLSALILI,Right,void,,,,,,,,,,,3713.17,4544.75,41.3276,82.2598,3695.52,4564.75,89.1723,148.434,-18.5,1.1e+17,16,L,47.203,63.53933331,3630.9102,3547.086,83.8242,5.0,0.3041735353306877,0.0402750051914714,R,9182006959365.86,LLLTYLLVFLLALLLASLILI,24641.84434657109,1378.2432747179207,27.87399107376656
LLLYVLLLILLATLLSFLILI,LLLYVLLLILLATLLSALILI,Right,void,,,,,,,,,,,3510.19,4110.05,55.8127,93.1173,3594.62,4258.88,155.84,257.981,-6.57676,1.1e+17,16,F,36.3455,71.92591231,3417.0727,3336.639,80.4337,5.0,0.0613330275492441,0.1340601004877114,R,-55.21244569911661,LLLYALLTVLLALLLSFLILI,23869.74904830992,999.1385175080292,13.082447665615469
LLLYVLLLILLATLLSFLILI,LLLYVLLAILLATLLSFLILI,Right,void,,,,,,,,,,,3577.08,4210.77,58.146,80.3844,3594.62,4258.88,115.485,177.944,-6.57676,1.1e+17,7,L,49.211,62.02720158,3496.6956,3416.676,80.0196,5.0,0.107530897138912,0.000952853041233,R,-60.46255871982334,LLLYALLTVLLALLLSFLILI,23685.30271329179,1469.9729126154518,8.953898581259104
LLLYILLFALLTVLLSLLILI,LLLYILLFALLTVLLSALILI,Right,void,,,,,,,,,,,4033.49,4784.06,41.7126,73.0805,3996.44,4803.23,89.3684,115.85,-9.41616,1.1e+17,16,L,56.3823,56.44903401,3960.4095,3880.59,79.8195,5.0,0.0695520682607266,0.0574318372591344,R,99999900.0,LLLYWLLLALLVALLSTLILI,23794.30948383891,1633.9279209757844,2.42511093270693
LLLYTLLVSLLAILLTLLILI,LLLYTLLVSLLAILLTALILI,Right,void,,,,,,,,,,,3443.97,4114.98,55.2501,94.4191,3460.47,4156.47,107.647,175.708,-8.36524,1.1e+17,16,L,35.0437,72.93145212,3349.5509,3284.762,64.7889,5.0,0.1433589255306506,0.0252899367681884,R,99999900.0,LLLWTLLVFLLAILLSLLILI,24150.03887840124,1335.8285827209093,13.510947354399123
LLLTVLLLALLFALLSILILI,LLLTVLLLALLAALLSILILI,Right,void,,,,,,,,,,,3799.82,4484.84,54.2333,47.094,3781.64,4624.0,156.36,130.682,-12.0894,1.1e+17,11,F,83.1738,36.15168138,3752.726,3650.958,101.768,5.0,0.3919174808065542,0.1023960692293923,R,-32.724571997909486,LLLYLLLTVLLAFLLSILILI,24973.209668594085,1273.90128153026,38.90705341743052
LLLTVLLLALLFALLSILILI,LLLTVLLAALLFALLSILILI,Right,void,,,,,,,,,,,3773.83,4587.86,55.6616,82.9051,3781.64,4624.0,109.895,175.176,-12.0894,1.1e+17,7,L,46.6903,63.97225519,3690.9249,3606.464,84.4609,5.0,0.5817817220210335,0.1026917735550927,R,2.444528473870234,LLLTALLVALLFALLSLLILI,25817.76691826933,1436.7979446636823,54.8339026458929
LLLLALLVALLSTLLIFLILI,LLLLALLVALLSTLLIALILI,Right,void,,,,,,,,,,,3767.93,4545.72,41.2203,81.9629,3871.05,4651.07,135.066,268.632,-8.50232,1.1e+17,16,F,47.4999,63.31000102,3685.9671,3602.418,83.5491,5.0,0.4848125095790174,0.1862665293744608,R,-52.36534892639191,LLLTALLVALLFALLSLLILI,25464.046491683348,2260.2305630785395,29.58755481142138
LLLLALLVALLSTLLIFLILI,LLLAALLVALLSTLLIFLILI,Right,void,,,,,,,,,,,3812.12,4585.33,62.1704,107.284,3871.05,4651.07,122.895,225.976,-8.50232,1.1e+17,3,L,62.4468,63.20832754,3704.836,3645.074,59.762,5.0,0.3826891899230969,0.0528076348084007,R,-43.474894801988526,LLLTALLVALLFALLSLLILI,24949.6107435918,1413.487381244172,35.19563484950548
LLLYILLSTLLALLLAFLILI,LLLYALLSTLLALLLAFLILI,Right,void,,,,,,,,,,,3644.27,4205.68,54.4497,65.79,3631.36,4258.5,109.82,127.185,-12.8642,1.1e+17,4,I,72.6852,47.51031232,3578.48,3504.175,74.305,5.0,0.4229502800002605,0.0180000033987118,R,99999900.0,LLLYALLTVLLALLLSFLILI,25093.24153865024,1586.1008235143752,36.506862192517225
LLLYILLSTLLALLLAFLILI,LLLYILLSTLLAALLAFLILI,Right,void,,,,,,,,,,,3639.9,4214.2,56.5352,74.809,3631.36,4258.5,109.728,122.375,-12.8642,1.1e+17,12,L,55.013,57.62428556,3565.091,3508.985,56.106,5.0,-0.4985353601710701,0.792884583513827,R,99999900.0,LLLYALLTVLLALLLSFLILI,21854.618957581875,2557.846686992113,5.205123871506076
LLLYSLLITLLFVLLALLILI,LLLYSLLITLLAVLLALLILI,Right,void,,,,,,,,,,,3490.39,4140.91,55.8251,31.6197,3479.07,4291.39,156.475,110.062,-7.11015,1.1e+17,11,F,98.6481,24.2728441,3458.7703,3369.008,89.7623,5.0,0.3024886023330209,0.2653130605504865,R,99999900.0,LLLYFLLAILLAVLLTLLILI,24752.434349770203,523.7074861186011,41.06647328547906
LLLVYLLIALLFSLLTLLILI,LLLVYLLIALLASLLTLLILI,Right,void,,,,,,,,,,,3504.87,4134.49,51.4247,65.7731,3499.45,4275.27,154.109,169.148,-8.57958,1.1e+17,11,F,64.4947,50.4906815,3439.0969,3330.302,108.7949,5.0,0.726110077722701,0.2642744540833729,R,-43.59623553286072,LLLAYLLTVLLAFLLSLLILI,26293.768639312035,2857.8580215154925,45.1846192087108
LLLVYLLIALLFSLLTLLILI,LLLVALLIALLFSLLTLLILI,Right,void,,,,,,,,,,,3493.58,4124.65,55.0553,95.8344,3499.45,4275.27,167.505,186.612,-8.57958,1.1e+17,4,Y,42.6408,69.20690492,3397.7456,3312.838,84.9076,5.0,0.3537955766355289,0.1892204214753581,R,-49.7767293987804,LLLTALLVALLFALLSLLILI,25037.643371527145,2159.178928418012,18.434209120316016
LLLTYLLTILLAVLLSLLILI,LLLTALLTILLAVLLSLLILI,Right,void,,,,,,,,,,,3838.22,4570.5,46.9658,57.6949,3733.36,4658.28,137.561,90.694,-12.0153,1.1e+17,4,Y,80.7803,41.664428,3780.5251,3642.666,137.8591,5.0,0.478710074108816,0.0119035713341113,R,5522313292504.565,LLLYALLTVLLALLLSFLILI,25657.97296172373,1533.0353753080583,39.40734414893422
LLLTYLLTILLAVLLSLLILI,LLLTYLLTILLAVLLSALILI,Right,void,,,,,,,,,,,3731.01,4636.46,42.7722,83.3788,3733.36,4658.28,90.9402,165.947,-12.0153,1.1e+17,16,L,46.084,64.40367426,3647.6312,3567.413,80.2182,5.0,0.4133275490808084,0.1177596947694829,R,4956699506218.825,LLLYALLTVLLALLLSFLILI,25004.94074113537,2069.649441162789,27.656682322238986
LLLTALLLALLAVLLSFLILI,LLLTALLLALLAVLLSALILI,Right,void,,,,,,,,,,,3743.95,4497.77,41.9021,90.644,3755.24,4601.58,135.38,216.497,-7.83971,1.1e+17,16,F,38.8188,70.01547935,3653.306,3538.743,114.563,5.0,0.3342292198642912,0.0691869909673311,R,9.317550021145088,LLLYALLTVLLALLLSFLILI,24819.497146508693,1267.4658221229306,32.10550859742622
LLLTALLLALLAVLLSFLILI,LLLTALLAALLAVLLSFLILI,Right,void,,,,,,,,,,,3784.63,4558.61,56.8937,60.3959,3755.24,4601.58,113.381,121.901,-7.83971,1.1e+17,7,L,69.1995,46.60342883,3724.2341,3633.339,90.8951,5.0,0.6964942124306255,0.2579928393588607,R,-63.52415404839466,LLLYALLTVLLALLLSFLILI,26242.2580376131,2747.9303262078624,43.075201909970176
LLLAILLVTLLFTLLSLLILI,LLLAILLVTLLATLLSLLILI,Right,void,,,,,,,,,,,3324.35,3986.1,50.6951,29.9832,3316.91,4121.06,151.911,120.786,-11.9177,1.1e+17,11,F,100.2846,23.01658583,3294.3668,3196.124,98.2428,5.0,0.462321570487194,0.3132362035709278,R,17175693699169.422,LLLAYLLTVLLAFLLSLLILI,25289.63162098291,2737.8896969474035,20.179922157808765
LLLAILLVTLLFTLLSLLILI,LLLAILLVTLLFTLLSALILI,Right,void,,,,,,,,,,,3355.81,4076.57,55.6245,105.851,3316.91,4121.06,109.033,142.528,-11.9177,1.1e+17,16,L,23.6118,81.7617107,3249.959,3174.382,75.577,5.0,0.2894752331478491,0.00680775158761,R,-99.99946979155033,LLLTALLVALLFALLSLLILI,24665.95148877699,1447.5857803275053,24.659414528299173
LLLFSLLLTLLVALLSYLILI,LLLFSLLLTLLVALLSALILI,Right,void,,,,,,,,,,,3391.35,4004.52,58.8715,99.1623,3386.13,4123.82,159.119,214.691,-10.7822,1.1e+17,16,Y,30.3005,76.59520727,3292.1877,3171.439,120.7487,5.0,1.8385618895135487,2.2077939616729187,R,99999900.0,LLLVALLLALLFALLSTLILI,30078.04005771756,11020.227071428728,23.2455527034326
LLLYVLLLTLLATLLSFLILI,LLLYVLLLTLLATLLSALILI,Right,void,,,,,,,,,,,4079.42,4703.65,43.3815,71.8772,4119.52,4808.73,137.421,223.687,-13.3415,1.1e+17,16,F,57.5856,55.51957782,4007.5428,3895.833,111.7098,5.0,0.2793771543433219,0.0262444291651877,R,22452663636263.64,LLLYALLTVLLALLLSFLILI,24586.484560252225,1387.246340926387,24.96490164675945
LLLYVLLFALLTVLLSLLILI,LLLYVLLAALLTVLLSLLILI,Right,void,,,,,,,,,,,3534.01,4125.77,52.9995,78.5418,3537.36,4258.05,153.354,192.097,-5.15993,1.1e+17,7,F,51.0536,60.60539186,3455.4682,3345.263,110.2052,5.0,0.3522575331983548,0.4315352666396105,R,-51.517068981295736,LLLTALLVALLFALLSLLILI,24850.454170961923,514.4011247724387,55.085556615689526
LLLYVLLFALLTVLLSLLILI,LLLYVLLFALLTVLLSALILI,Right,void,,,,,,,,,,,3569.54,4214.04,55.8666,111.268,3537.36,4258.05,108.715,159.042,-5.15993,1.1e+17,16,L,18.1948,85.94592423,3458.272,3378.318,79.954,5.0,0.2725705488132774,0.1326763984364153,R,-27.117157622104383,LLLYVLLTILLALLLSFLILI,24487.043133210544,1985.305160945292,14.97838014947964
LLLLTLLATLLAVLLSFLILI,LLLATLLATLLAVLLSFLILI,Right,void,,,,,,,,,,,3796.97,4588.24,62.004,119.143,3851.1,4643.5,120.063,234.286,-12.5578,1.1e+17,3,L,50.5878,70.19527393,3677.827,3616.814,61.013,5.0,1.6472868376109182,2.196558111026537,R,99999900.0,LLLYALLTVLLALLLSFLILI,29471.63966471303,10663.501864478098,7.88374016242291
LLLYALLVALLFTLLSLLILI,LLLYALLVALLATLLSLLILI,Right,void,,,,,,,,,,,3944.69,4654.61,51.1359,51.6257,3940.9,4792.38,152.724,148.536,-16.1279,1.1e+17,11,F,78.6421,39.63043822,3893.0643,3792.364,100.7003,5.0,0.453138463925834,0.0653066004153663,R,5590999538085.029,LLLYALLTVLLALLLSFLILI,25212.121340101323,1896.1669703398725,34.10044938362328
LLLYALLVALLFTLLSLLILI,LLLYALLVALLFTLLSALILI,Right,void,,,,,,,,,,,3955.66,4771.99,41.5353,48.7533,3940.9,4792.38,89.5081,91.9055,-16.1279,1.1e+17,16,L,80.7095,37.65815354,3906.9067,3848.9945,57.9122,5.0,0.2329900989756449,0.0317534087552439,R,-28.89211095600433,LLLYALLTVLLALLLSFLILI,24451.33674367404,1560.0742214288496,17.64156877859534
LLLTYLLTVLLAFLLSLLILI,LLLTYLLTVLLAALLSLLILI,Right,void,,,,,,,,,,,3798.48,4637.82,44.6851,66.2006,3769.12,4722.16,131.273,173.892,-16.736,1.1e+17,12,F,63.6214,50.99336014,3732.2794,3595.228,137.0514,5.0,0.5397131144744567,0.0744611758731098,R,5322706379568.424,LLLYALLTVLLALLLSFLILI,25876.988777298684,1804.292670527857,40.81239941726905
LLLTYLLTVLLAFLLSLLILI,LLLTALLTVLLAFLLSLLILI,Right,void,,,,,,,,,,,3877.62,4622.55,56.7641,64.6761,3769.12,4722.16,149.891,90.2604,-16.736,1.1e+17,4,Y,73.7991,46.70590835,3812.9439,3678.8596,134.0843,5.0,0.4293345264273422,0.0826175370238226,R,4743136690034.251,LLLYALLTVLLALLLSFLILI,25401.52558157855,1784.9777214555031,31.08015620720517
LLLTALLIALLFVLLSLLILI,LLLTALLIALLAVLLSLLILI,Right,void,,,,,,,,,,,3764.82,4572.02,49.7242,45.5777,3743.24,4676.29,137.67,140.283,-13.7653,1.1e+17,11,F,84.6901,34.98769458,3719.2423,3602.957,116.2853,5.0,0.5172883321768645,0.0865425032746038,R,9583795561398.162,LLLYALLTVLLALLLSFLILI,25599.3354100931,1935.8983741672168,38.2175281817958
LLLTALLIALLFVLLSLLILI,LLLTALLAALLFVLLSLLILI,Right,void,,,,,,,,,,,3786.25,4654.51,47.6015,67.9071,3743.24,4676.29,92.7797,109.444,-13.7653,1.1e+17,7,I,61.6883,52.39931356,3718.3429,3633.796,84.5469,5.0,0.3750006281416363,0.0250852282308458,R,-34.26935967833781,LLLTYLLAVLLAILLFLLILI,25003.2232429894,1442.8013873935874,32.90881309872117
LLLLYLLTALLIALLFVLILI,LLLLALLTALLIALLFVLILI,Right,void,,,,,,,,,,,3365.02,4121.2,63.9179,81.9196,3358.49,4301.01,180.779,182.512,-14.2442,1.1e+17,4,Y,56.5556,59.1583186,3283.1004,3175.978,107.1224,5.0,0.4395162842172875,0.1322624762390511,R,10.640043006155768,LLLTALLVALLFALLSLLILI,25179.31620073959,2096.02412805811,28.991819390785867
LLLLYLLTALLIALLFVLILI,LLLLYLLTALLIALLAVLILI,Right,void,,,,,,,,,,,3341.86,4128.15,62.3009,60.3569,3358.49,4301.01,167.481,178.016,-14.2442,1.1e+17,15,F,69.3635,46.52845659,3281.5031,3180.474,101.0291,5.0,-0.0036675060539649,0.397722609611656,R,99999900.0,LLLLALLVALLFALLSTLILI,23930.40821753552,1112.9510014430552,23.25804127934004
LLLYVLLTILLALLLAFLILI,LLLYVLLTALLALLLAFLILI,Right,void,,,,,,,,,,,3673.6,4260.74,45.4283,34.9979,3641.96,4302.82,91.0473,74.4151,-8.42499,1.1e+17,8,I,96.3317,26.64890474,3638.6021,3567.5449,71.0572,5.0,0.3450680571869147,0.1069011721868963,R,-32.55753668103408,LLLYALLTVLLALLLSFLILI,24800.29519003781,1193.0950417894296,35.24832185282
LLLYVLLTILLALLLAFLILI,LLLYVLLTILLAALLAFLILI,Right,void,,,,,,,,,,,3650.61,4263.64,56.5935,76.0134,3641.96,4302.82,108.109,125.604,-8.42499,1.1e+17,12,L,53.8086,58.55201738,3574.5966,3516.356,58.2406,5.0,0.291324440288822,0.0101888079490603,R,-37.123101732415584,LLLYALLTVLLALLLSFLILI,24447.34233728803,1636.7116712258155,23.807306986931305
LLLYALLLTLLVALLSFLILI,LLLYALLLTLLVALLSALILI,Right,void,,,,,,,,,,,4019.72,4627.49,44.4079,74.7985,4056.01,4728.75,137.154,222.561,-8.47689,1.1e+17,16,F,54.6643,57.77605613,3944.9215,3833.449,111.4725,5.0,0.1906051560473567,0.0664967912839252,R,-38.34122642101555,LLLYALLTVLLALLLSFLILI,24293.381576873704,1185.5890874006934,19.91139528734596
LLLYALLLTLLVALLSFLILI,LLLYALLATLLVALLSFLILI,Right,void,,,,,,,,,,,4052.88,4675.99,59.1004,86.622,4056.01,4728.75,117.82,177.018,-8.47689,1.1e+17,7,L,42.9734,66.84033538,3966.258,3878.992,87.266,5.0,-0.3453987111187283,0.954164615053412,R,99999900.0,LLLYALLTVLLALLLSFLILI,22370.62443408674,2647.8558580960294,27.59288958515009
LLLAYLLIALLLTLLFVLILI,LLLAYLLIALLLTLLAVLILI,Right,void,,,,,,,,,,,3857.54,4536.92,45.5597,45.6046,3844.78,4612.65,131.847,147.3,-11.9189,1.1e+17,15,F,84.1158,35.15607414,3811.9354,3697.48,114.4554,5.0,0.7277255737964896,0.0492128807624928,R,-72.03809235892952,LLLVALLIALLFTLLSLLILI,26394.121330836584,2095.5811846913634,58.06254106618319
LLLAYLLIALLLTLLFVLILI,LLLAALLIALLLTLLFVLILI,Right,void,,,,,,,,,,,3906.48,4547.25,51.4639,79.7108,3844.78,4612.65,140.561,131.989,-11.9189,1.1e+17,4,Y,58.7644,57.56323154,3826.7692,3712.791,113.9782,5.0,0.4265203002800337,0.0898404028713579,R,-13.264689241640108,LLLVALLIALLFTLLSLLILI,25159.657318071942,1311.3355221535032,41.062601352562055
LLLYVLLATLLAFLLSLLILI,LLLYVLLATLLAFLLSALILI,Right,void,,,,,,,,,,,3957.87,4782.76,35.2933,70.4485,3932.92,4764.46,67.1994,127.753,-15.0718,1.1e+17,16,L,59.0143,54.41601757,3887.4215,3805.167,82.2545,5.0,0.3639051363227161,0.0415950837169013,R,99999900.0,LLLYALLTVLLALLLSFLILI,24883.90136055544,1425.0949055769834,32.95730747585064
LLLSYLLFTLLALLLAVLILI,LLLSALLFTLLALLLAVLILI,Right,void,,,,,,,,,,,3744.97,4638.44,52.3898,65.9466,3641.21,4770.41,154.075,100.283,-23.5221,1.1e+17,4,Y,72.5286,47.62340116,3679.0234,3540.927,138.0964,5.0,0.5895439496464014,0.0324979154230502,R,-36.74364172629331,LLLYALLTVLLALLLSFLILI,25748.64540075873,1957.595942032256,47.47423719380894
LLLYSLLLTLLAALLVFLILI,LLLYSLLATLLAALLVFLILI,Right,void,,,,,,,,,,,3581.71,4193.65,58.7233,71.0488,3576.22,4243.11,115.333,148.975,-8.44593,1.1e+17,7,L,58.5466,54.82355084,3510.6612,3427.245,83.4162,5.0,0.5686133072923591,0.0058871137699543,R,99999900.0,LLLYALLTVLLALLLSFLILI,25565.348733776933,1955.678223238521,47.2971014235377
LLLYSLLLTLLAALLVFLILI,LLLYSLLLTLLAALLVALILI,Right,void,,,,,,,,,,,3446.57,4096.7,56.1364,96.3434,3576.22,4243.11,155.586,288.94,-8.44593,1.1e+17,16,F,33.1194,74.41782504,3350.2266,3287.28,62.9466,5.0,0.2998597730630462,0.1560627906356338,R,-25.001587906331352,LLLYWLLLALLVALLSTLILI,24733.317638868302,906.3215496358812,34.37303753848164
LLLYALLTILLTFLLSLLILI,LLLYALLTILLTALLSLLILI,Right,void,,,,,,,,,,,3888.3,4670.38,47.5233,68.9911,3875.32,4750.14,132.29,189.736,-14.4478,1.1e+17,12,F,60.8309,53.14284174,3819.3089,3685.584,133.7249,5.0,0.2773397861934527,0.0689144580020088,R,-58.3671965589335,LLLYALLTVLLALLLSFLILI,24612.06186018417,1718.3015377691818,19.155950962723857
LLLYALLTILLTFLLSLLILI,LLLAALLTILLTFLLSLLILI,Right,void,,,,,,,,,,,3725.07,4561.23,58.5255,90.239,3875.32,4750.14,179.54,311.082,-14.4478,1.1e+17,3,Y,79.4918,53.16595456,3634.831,3564.238,70.593,5.0,0.285655045542202,0.0615540272389542,R,-52.69411649987876,LLLYALLTVLLALLLSFLILI,24807.590765712128,1665.9715411237703,20.28882385045115
LLLYSLLLALLFALLTILILI,LLLYSLLLALLAALLTILILI,Right,void,,,,,,,,,,,3392.44,4118.53,54.0985,39.1181,3388.49,4264.35,158.136,129.959,-14.225,1.1e+17,11,F,88.1247,32.11882424,3353.3219,3258.531,94.7909,5.0,0.5096469943785579,0.0269198036171623,R,-52.20926107341912,LLLYLLLTVLLAFLLSILILI,25663.01552845307,1662.6193969324747,41.109924415503016
LLLYSLLLALLFALLTILILI,LLLYSLLAALLFALLTILILI,Right,void,,,,,,,,,,,3399.62,4212.59,59.8377,66.538,3388.49,4264.35,118.546,139.847,-14.225,1.1e+17,7,L,63.0574,51.34287174,3333.082,3248.643,84.439,5.0,0.5876680138800179,0.0386031401959836,R,-37.12476754679995,LLLTALLVALLFALLSLLILI,25805.41320858653,1672.9822759180902,51.52983571889044
LLLAYLLVLLLTLLLSFLILI,LLLAALLVLLLTLLLSFLILI,Right,void,,,,,,,,,,,3983.22,4693.47,45.7168,64.6111,3912.71,4826.01,150.511,141.14,-10.2102,1.1e+17,4,Y,73.8641,46.65896854,3918.6089,3771.57,147.0389,5.0,0.3239132712671332,0.229737279653868,R,-34.20398958590051,LLLYALLTVLLALLLSFLILI,24965.78075144774,2291.7010596925643,13.529622475937549
LLLAYLLVLLLTLLLSFLILI,LLLAYLLVLLLTALLSFLILI,Right,void,,,,,,,,,,,3908.75,4768.08,54.6069,91.0375,3912.71,4826.01,112.963,166.94,-10.2102,1.1e+17,12,L,38.7845,70.12486327,3817.7125,3745.77,71.9425,5.0,0.4451993695012731,0.2278477170063493,R,-54.5820585899672,LLLAYLLTVLLAFLLSLLILI,25443.83475489393,702.612371377097,50.80481348524649
LLLYALLLSLLFALLTILILI,LLLYALLLSLLAALLTILILI,Right,void,,,,,,,,,,,3391.53,4110.38,54.3217,39.4205,3389.17,4253.88,157.443,134.403,-13.8979,1.1e+17,11,F,90.8473,30.26112362,3352.1095,3254.767,97.3425,5.0,4.666153668418851,5.412478607395099,R,99999900.0,LLLYALLTVLLALLLSFLILI,40252.21117002696,25632.740058032592,70.29856837505162
LLLYILLATLLAFLLSLLILI,LLLYALLATLLAFLLSLLILI,Right,void,,,,,,,,,,,3559.04,4165.77,55.8324,60.9454,3527.29,4218.52,111.189,112.835,-14.1458,1.1e+17,4,I,77.5298,44.01177973,3498.0946,3414.455,83.6396,5.0,4.8074704634933285,5.212626479209673,R,99999900.0,LLLYALLTVLLALLLSFLILI,40570.0292320585,25403.86880254748,93.98133565788513
LLLYSLLFVLLAILLTLLILI,LLLYSLLAVLLAILLTLLILI,Right,void,,,,,,,,,,,3515.87,4138.51,57.6329,68.907,3540.58,4298.49,161.127,183.944,-5.71654,1.1e+17,7,F,60.6884,53.17086872,3446.963,3356.636,90.327,5.0,0.2821926718614042,0.0216904601388143,R,-53.08566234017351,LLLYALLTVLLALLLSFLILI,24537.3756080166,1435.5326895348585,24.930996842898985
LLLYSLLFVLLAILLTLLILI,LLLYSLLFVLLAILLTALILI,Right,void,,,,,,,,,,,3521.23,4260.04,55.7156,108.327,3540.58,4298.49,106.642,195.568,-5.71654,1.1e+17,16,L,21.1358,83.6742292,3412.903,3345.012,67.891,5.0,0.0531826968695017,0.0904217336367435,R,21.406923811098256,LLLYALLTVLLALLLSFLILI,23750.33689187142,1108.9333972303557,9.813900632929894
LLLLVLLTILLAYLLSFLILI,LLLLVLLTILLAALLSFLILI,Right,void,,,,,,,,,,,3609.17,4118.56,49.9311,79.1454,3573.7,4242.38,153.032,169.193,-7.94839,1.1e+17,12,Y,50.6766,60.96455146,3530.0246,3404.507,125.5176,5.0,0.3388385978128282,0.1697765120303654,R,-43.408045386937566,LLLYALLTVLLALLLSFLILI,24687.091983988696,2197.117137069804,18.332982048526087
LLLLVLLTILLAYLLSFLILI,LLLLVLLTALLAYLLSFLILI,Right,void,,,,,,,,,,,3596.78,4249.61,37.599,24.8251,3573.7,4242.38,68.7941,59.4518,-7.94839,1.1e+17,8,I,106.5045,18.90289775,3571.9549,3514.2482,57.7067,5.0,4.464834393452808,5.697187056419197,R,22795790908990.91,LLLYALLTVLLALLLSFLILI,39383.38354577218,26374.471995307336,36.560203900702696
LLLATLLFALLVLLLSLLILI,LLLATLLAALLVLLLSLLILI,Right,void,,,,,,,,,,,3726.56,4486.16,59.0861,75.6348,3731.61,4637.89,159.95,180.083,-11.3568,1.1e+17,7,F,53.9606,58.36225669,3650.9252,3551.527,99.3982,5.0,0.5088488714811975,0.1162368349869314,R,19949543599633.92,LLLAYLLTVLLAFLLSLLILI,25431.49890298101,2126.7434137866803,35.75094822776273
LLLATLLFALLVLLLSLLILI,LLLATLLFALLVLLLSALILI,Right,void,,,,,,,,,,,3766.12,4598.02,41.8888,82.1826,3731.61,4637.89,96.8317,134.734,-11.3568,1.1e+17,16,L,47.2802,63.47970228,3683.9374,3596.876,87.0614,5.0,0.4211345039501142,0.1092240396437766,R,16.64273074936789,LLLYWLLLALLVALLSTLILI,25224.671154464704,1170.0969168929978,41.759802898250825
LLLLVLLIALLFALLSTLILI,LLLLVLLIALLAALLSTLILI,Right,void,,,,,,,,,,,3831.69,4541.55,51.7143,42.7823,3818.03,4682.66,154.021,126.518,-10.6875,1.1e+17,11,F,87.4855,32.84180742,3788.9077,3691.512,97.3957,5.0,0.423743644997925,0.000758547445495,R,-31.05542897454812,LLLTALLVALLFALLSLLILI,25163.983372999235,1592.2675925764454,35.55177199000445
LLLLVLLIALLFALLSTLILI,LLLLVLLAALLFALLSTLILI,Right,void,,,,,,,,,,,3818.31,4638.68,59.319,85.9407,3818.03,4682.66,109.315,161.342,-10.6875,1.1e+17,7,I,43.6547,66.31462228,3732.3693,3656.688,75.6813,5.0,0.4056148704673342,0.1262178697314368,R,-36.12358619433515,LLLTALLVALLFALLSLLILI,25074.39958644669,2027.9908828283176,26.509259450011392
LLLALLLLTLLFVLLSILILI,LLLALLLLTLLAVLLSILILI,Right,void,,,,,,,,,,,3861.78,4560.32,52.9477,34.6201,3857.87,4684.2,150.731,129.736,-12.2337,1.1e+17,11,F,95.6477,26.57609939,3827.1599,3728.134,99.0259,5.0,0.7255888405485553,0.141459659497432,R,13930761111011.104,LLLAYLLTVLLAFLLSLLILI,26167.14331983151,2601.141110242773,52.417808802732
LLLFVLLIALLLTLLSLLILI,LLLFVLLIALLATLLSLLILI,Right,void,,,,,,,,,,,3981.08,4646.27,51.3745,66.6432,3941.56,4686.25,106.684,130.478,-7.46132,1.1e+17,11,L,63.6246,51.15861326,3914.4368,3811.082,103.3548,5.0,0.2280964071931149,0.204196778800984,R,20896141666566.67,LLLAYLLTVLLAFLLSLLILI,24444.415206590707,2189.897617230578,7.0141159531600685
LLLFVLLIALLLTLLSLLILI,LLLFVLLIALLLTLLSALILI,Right,void,,,,,,,,,,,3964.48,4663.96,45.2336,29.6391,3941.56,4686.25,93.3118,61.2149,-7.46132,1.1e+17,16,L,99.8237,22.89391238,3934.8409,3880.3451,54.4958,5.0,0.2206037726640695,0.0075835617364933,R,-17.528682893445353,LLLVALLIALLFTLLSLLILI,24517.219418517343,1460.9884873848382,18.03576008647449
LLLSYLLTVLLALLLSFLILI,LLLSALLTVLLALLLSFLILI,Right,void,,,,,,,,,,,3556.06,4072.76,53.0092,73.3479,3513.59,4246.95,169.016,154.05,-9.83905,1.1e+17,4,Y,65.1273,52.96825713,3482.7121,3359.54,123.1721,5.0,0.4877548877840181,0.0825192581330083,R,3060546978138.856,LLLYALLTVLLALLLSFLILI,25723.798140753486,1785.796690538344,35.98120715545507
LLLSYLLTVLLALLLSFLILI,LLLSYLLTVLLAALLSFLILI,Right,void,,,,,,,,,,,3520.91,4205.16,54.2171,84.3605,3513.59,4246.95,106.962,144.8,-9.83905,1.1e+17,12,L,45.4615,64.98166721,3436.5495,3368.79,67.7595,5.0,0.3498514310478138,0.035740825280694,R,8072679428973.351,LLLYALLTVLLALLLSFLILI,25245.089032151154,1584.6015230487276,27.19749408451515
LLLYWLLLALLVALLSTLILI,LLLYALLLALLVALLSTLILI,Right,void,,,,,,,,,,,3536.14,4084.87,59.2063,71.7493,3447.44,4127.59,145.295,161.475,-11.5575,1.1e+17,4,W,66.7259,51.81382659,3464.3907,3285.965,178.4257,5.0,0.3148318950936783,0.0171994149980217,R,-0.9174475378878164,LLLYALLTVLLALLLSFLILI,24704.039931081534,1578.112209943532,25.361687822127337
LLLYWLLLALLVALLSTLILI,LLLYWLLAALLVALLSTLILI,Right,void,,,,,,,,,,,3412.67,4074.41,59.1036,90.0014,3447.44,4127.59,117.819,196.878,-11.5575,1.1e+17,7,L,39.594,69.44798967,3322.6686,3250.562,72.1066,5.0,0.3151761890205654,0.0434010587526808,R,-20.68482277191767,LLLTALLVALLFALLSLLILI,24673.9051167122,1384.202924630317,28.981159356762547
LLLYILLTVLLALLLSFLILI,LLLYILLTVLLALLLSALILI,Right,void,,,,,,,,,,,3885.37,4661.03,46.4816,89.808,3976.37,4762.93,138.402,268.635,-9.91319,1.1e+17,16,F,39.6548,69.36973401,3795.562,3707.735,87.827,5.0,0.1383223701927053,0.0882397179775684,R,12660787257125.346,LLLYALLTVLLALLLSFLILI,24125.617960654,1106.256849555957,16.818738590215084
LLLYSLLFTLLVALLILLILI,LLLYSLLFTLLVALLIALILI,Right,void,,,,,,,,,,,3490.93,4248.89,57.9962,95.317,3503.43,4311.32,116.685,174.698,-7.23483,1.1e+17,16,L,34.1458,73.62501043,3395.613,3328.732,66.881,5.0,0.0590297637104082,0.0418329011945213,R,19288746153746.164,LLLYWLLLALLVALLSTLILI,23801.63781435119,1290.3412197908772,7.42492137052535
LLLALLLVTLLTFLLSILILI,LLLALLLVTLLTALLSILILI,Right,void,,,,,,,,,,,3980.06,4600.5,45.5211,60.7784,3938.05,4665.66,123.499,138.841,-12.5431,1.1e+17,12,F,69.0436,46.81671828,3919.2816,3799.209,120.0726,5.0,0.3390018242408903,0.0529324037025163,R,-99.9994189561911,LLLYLLLTVLLAFLLSILILI,24809.929208498776,1717.6835467960457,25.269757530215465
LLLALLLVTLLTFLLSILILI,LLLALLLVTLLTFLLSALILI,Right,void,,,,,,,,,,,3938.05,4652.16,46.0998,89.9057,3938.05,4665.66,86.5998,163.953,-12.5431,1.1e+17,16,I,39.5571,69.4451997,3848.1443,3774.097,74.0473,5.0,0.4458201974703839,0.0896936826286186,R,5.62792991781385,LLLAYLLTVLLAFLLSLLILI,25188.37760743747,1967.032961093992,32.042276244989814
LLLYVLLAILLTLLLSFLILI,LLLYVLLAILLTALLSFLILI,Right,void,,,,,,,,,,,3706.57,4236.67,54.0474,85.4429,3717.48,4274.15,105.555,157.554,-6.80694,1.1e+17,12,L,44.3791,65.8154242,3621.1271,3559.926,61.2011,5.0,0.1329527432984105,0.0602226167717853,R,-37.83537883728381,LLLYALLTVLLALLLSFLILI,24161.008201248704,1658.330577954919,7.572299394306195
LLLTILLAVLLAYLLSLLILI,LLLTILLAVLLAALLSLLILI,Right,void,,,,,,,,,,,3373.39,3981.64,45.463,66.3911,3335.04,4098.69,144.326,157.521,-11.4044,1.1e+17,12,Y,63.4309,51.14009952,3306.9989,3177.519,129.4799,5.0,0.3791113631704426,0.0151904677723975,R,-62.84895866523985,LLLYALLTVLLALLLSFLILI,25163.2080723539,1527.009927050157,30.866900439734664
LLLTILLAVLLAYLLSLLILI,LLLTALLAVLLAYLLSLLILI,Right,void,,,,,,,,,,,3383.81,4039.67,60.3823,40.1183,3335.04,4098.69,115.412,79.179,-11.4044,1.1e+17,4,I,98.3569,28.97146926,3343.6917,3255.861,87.8307,5.0,0.5079162303595084,0.000868929573512,R,-52.42927853727178,LLLYALLTVLLALLLSFLILI,25956.911646044635,1467.5564838158843,42.508431388578686
LLLALLLVTLLFILLSLLILI,LLLALLLVTLLAILLSLLILI,Right,void,,,,,,,,,,,3851.86,4592.79,50.2333,22.715,3841.79,4684.22,137.586,129.111,-7.61051,1.1e+17,11,F,107.5528,17.43715638,3829.145,3712.679,116.466,5.0,0.1770618724399165,0.1384574060039889,R,99999900.0,LLLAYLLTVLLAFLLSLLILI,24283.896109298938,920.4034771194677,23.040279135672424
LLLALLLVTLLFILLSLLILI,LLLALLLVTLLFILLSALILI,Right,void,,,,,,,,,,,3859.4,4644.74,42.4132,55.5344,3841.79,4684.22,93.5642,107.953,-7.61051,1.1e+17,16,L,73.9284,42.89602882,3803.8656,3733.837,70.0286,5.0,2.22819411886634,1.375031155393837,R,99999900.0,LLLTALLVALLFALLSLLILI,31544.84946743811,9024.029435777504,105.2358768820898
LLLFILLTALLAVLLSLLILI,LLLAILLTALLAVLLSLLILI,Right,void,,,,,,,,,,,3800.19,4520.96,56.3441,104.324,3861.17,4648.05,156.603,260.687,-7.71969,1.1e+17,3,F,65.4068,61.46438949,3695.866,3600.483,95.383,5.0,0.5792962030751794,0.1132116998487543,R,13930761111011.104,LLLYALLTVLLALLLSFLILI,25798.037737807103,2123.33910087283,41.83319561438935
LLLFILLTALLAVLLSLLILI,LLLFALLTALLAVLLSLLILI,Right,void,,,,,,,,,,,3943.64,4613.73,56.1814,49.0031,3861.17,4648.05,101.409,61.7946,-7.71969,1.1e+17,4,I,102.9404,21.61675662,3894.6369,3799.3754,95.2615,5.0,0.4264318377799442,0.1166618024016428,R,-63.57332055443238,LLLYALLTVLLALLLSFLILI,25174.937477917127,1211.1269150556427,42.644376186675245
LLLVYLLITLLAFLLSLLILI,LLLVALLITLLAFLLSLLILI,Right,void,,,,,,,,,,,3436.17,4036.23,47.1055,52.9526,3413.25,4140.79,149.276,168.112,-6.42776,1.1e+17,4,Y,85.5226,38.23977145,3383.2174,3245.138,138.0794,5.0,1.7409824767925006,2.3626982650304407,R,99999900.0,LLLYALLTVLLALLLSFLILI,29843.43687892844,11320.433982783468,5.89087101401415
LLLTYLLFTLLALLLSVLILI,LLLTALLFTLLALLLSVLILI,Right,void,,,,,,,,,,,3774.09,4614.39,49.9394,49.6777,3675.87,4733.14,150.101,85.5011,-17.4432,1.1e+17,4,Y,88.7975,35.87479924,3724.4123,3590.3689,134.0434,5.0,0.732919576939935,0.230635803029997,R,-45.79554283726851,LLLYALLTVLLALLLSFLILI,26374.157163227603,2710.099063663974,47.74832329087027
LLLTYLLFTLLALLLSVLILI,LLLTYLLATLLALLLSVLILI,Right,void,,,,,,,,,,,3693.09,4585.04,54.9165,35.6348,3675.87,4733.14,155.652,105.142,-17.4432,1.1e+17,7,F,93.9606,27.49696363,3657.4552,3570.728,86.7272,5.0,0.4535576347200447,0.1281224339203893,R,22795790908990.91,LLLYALLTVLLALLLSFLILI,25256.4850567156,2080.432322602123,30.41368931247574
LLLAVLLLTLLFALLSYLILI,LLLAVLLLTLLFALLSALILI,Right,void,,,,,,,,,,,3285.63,4091.8,58.7962,88.6226,3275.67,4252.17,168.49,195.958,-13.9568,1.1e+17,16,Y,40.8402,68.45410419,3197.0074,3079.712,117.2954,5.0,0.3804461739872623,0.1015105228294914,R,-23.602044199124386,LLLTALLVALLFALLSLLILI,25008.532479055026,1903.280047880607,25.86422257219277
LLLAVLLLTLLFALLSYLILI,LLLAVLLLTLLAALLSYLILI,Right,void,,,,,,,,,,,3284.68,4115.86,52.0375,29.4963,3275.67,4252.17,153.641,117.394,-13.9568,1.1e+17,11,F,100.7715,22.64281733,3255.1837,3158.276,96.9077,5.0,0.2852954493848227,0.0752692805431478,R,-18.613045358523834,LLLAYLLTVLLAFLLSLLILI,24624.00782820107,1751.8668412296672,19.44605343254621
LLLVSLLLTLLAYLLALLILI,LLLVSLLLTLLAALLALLILI,Right,void,,,,,,,,,,,3257.26,3974.95,45.9073,46.7282,3225.45,4096.56,146.033,115.593,-14.1235,1.1e+17,12,Y,83.0938,35.9940534,3210.5318,3109.857,100.6748,5.0,0.4543760815909147,0.2901810927135494,R,99999900.0,LLLVALLLALLFALLSTLILI,25287.811287102548,781.2087222134775,55.26705712310711
LLLVSLLLTLLAYLLALLILI,LLLVSLLATLLAYLLALLILI,Right,void,,,,,,,,,,,3234.16,4046.29,56.4883,63.5944,3225.45,4096.56,113.949,143.234,-14.1235,1.1e+17,7,L,66.001,49.07149482,3170.5656,3082.216,88.3496,5.0,1.6868647885113268,2.3711268907812872,R,99999900.0,LLLTYLLAVLLAILLFLLILI,29620.550358445034,11301.791107309737,0.856775627737767
LLLYYLLVLLLATLLSFLILI,LLLYALLVLLLATLLSFLILI,Right,void,,,,,,,,,,,3741.07,4256.15,48.5854,55.7821,3659.11,4419.59,162.158,121.55,-8.10855,1.1e+17,4,Y,82.6931,40.28309762,3685.2879,3537.56,147.7279,5.0,0.2732186299756568,0.0481588417592512,R,3754527651849.8857,LLLYALLTVLLALLLSFLILI,24647.97583633989,1274.540512108562,25.747304157109703
LLLYSLLLTLLAVLLFSLILI,LLLYSLLATLLAVLLFSLILI,Right,void,,,,,,,,,,,3521.99,4203.94,59.7792,78.863,3512.43,4251.02,116.702,157.603,-5.30693,1.1e+17,7,L,50.7324,60.85324016,3443.127,3354.827,88.3,5.0,0.6751789984041194,0.4766613915685375,R,99999900.0,LLLTYLLAVLLAILLFLLILI,25992.87605810853,3585.362054084844,28.332861923879044
LLLYALLLTLLVALLSILILI,LLLYALLATLLVALLSILILI,Right,void,,,,,,,,,,,3959.06,4627.32,59.6121,87.3262,3984.44,4739.08,131.105,182.886,-7.00533,1.1e+17,7,L,42.2692,67.38371887,3871.7338,3801.554,70.1798,5.0,-0.2103759819754944,1.336584937733459,R,99999900.0,LLLYALLTVLLALLLSFLILI,22830.23279474343,3725.3348872560696,61.565555094807934
LLLFYLLVILLALLLSTLILI,LLLFALLVILLALLLSTLILI,Right,void,,,,,,,,,,,3888.39,4629.03,41.3344,35.4514,3802.46,4750.88,143.358,85.5819,-11.7054,1.1e+17,4,Y,103.0238,25.6012629,3852.9386,3716.8781,136.0605,5.0,0.5194366610103167,0.0496401989172185,R,-42.646558284206336,LLLYALLTVLLALLLSFLILI,25730.787879663243,1734.0540059967095,40.58403180207073
LLLFYLLVILLALLLSTLILI,LLLAYLLVILLALLLSTLILI,Right,void,,,,,,,,,,,3765.74,4670.88,54.5966,63.7171,3802.46,4750.88,139.057,187.834,-11.7054,1.1e+17,3,F,106.0137,37.5400929,3702.0229,3614.626,87.3969,5.0,0.6076754046968866,0.0149681984654043,R,12150367567935.62,LLLYALLTVLLALLLSFLILI,25960.88315442745,1696.1879586413563,51.805931167151776
LLLSYLLVALLTILLFLLILI,LLLSALLVALLTILLFLLILI,Right,void,,,,,,,,,,,3421.89,4100.76,52.3607,64.5751,3392.83,4270.86,169.8,158.667,-9.35026,1.1e+17,4,Y,73.9001,46.6329711,3357.3149,3234.163,123.1519,5.0,3.2217045276568674,0.0300047390765644,R,99999900.0,LLLTYLLAVLLAILLFLLILI,35099.13482115323,8792.156643940218,271.7346698391368
LLLVALLLALLFALLSTLILI,LLLVALLLALLAALLSTLILI,Right,void,,,,,,,,,,,3666.47,4457.19,55.1498,44.6292,3654.91,4596.22,157.825,137.735,-7.69636,1.1e+17,11,F,85.6386,34.25957911,3621.8408,3517.175,104.6658,5.0,0.4096599429347862,0.0941624328247318,R,1.7191067933691608,LLLYALLTVLLALLLSFLILI,25120.34395453931,1901.538327658059,28.747516836795263
LLLVALLLALLFALLSTLILI,LLLVALLAALLFALLSTLILI,Right,void,,,,,,,,,,,3666.91,4556.96,56.8072,87.1961,3654.91,4596.22,112.209,166.827,-7.69636,1.1e+17,7,L,42.3993,67.2833295,3579.7139,3488.083,91.6309,5.0,0.5182625538675345,0.117451690025319,R,29.060780556897097,LLLTALLVALLFALLSLLILI,25474.688725077227,2136.2779646442373,36.46776956734374
LLLAYLLVALLTLLLSFLILI,LLLAALLVALLTLLLSFLILI,Right,void,,,,,,,,,,,3917.19,4592.33,55.5496,54.9942,3850.65,4629.56,131.189,116.571,-13.5001,1.1e+17,4,Y,83.481,39.71411487,3862.1958,3734.079,128.1168,5.0,0.48517231339875,0.0566394184789167,R,14.77527853792606,LLLYALLTVLLALLLSFLILI,25440.720623788377,1445.357396726408,44.01005762149951
LLLAYLLVALLTLLLSFLILI,LLLAYLLVALLTLLLSALILI,Right,void,,,,,,,,,,,3749.72,4527.54,44.0516,88.1228,3850.65,4629.56,137.032,273.787,-13.5001,1.1e+17,16,F,41.34,68.06804735,3661.5972,3576.863,84.7342,5.0,0.6445728146683747,0.0315401333444777,R,-57.78511161770376,LLLTYLLVFLLALLLASLILI,26277.19905662441,1749.2962937095283,52.14203006701774
LLLYSLLVALLFLLLATLILI,LLLYSLLVALLALLLATLILI,Right,void,,,,,,,,,,,3466.82,4126.05,56.4886,24.3372,3450.82,4288.64,160.466,100.078,-10.0953,1.1e+17,11,F,105.9306,18.68243726,3442.4828,3350.742,91.7408,5.0,0.400229730939335,0.0175898206959488,R,-22.73612448633748,LLLYALLTVLLALLLSFLILI,25070.711423372715,1512.096734473116,34.578731513369
LLLYSLLVALLFLLLATLILI,LLLASLLVALLFLLLATLILI,Right,void,,,,,,,,,,,3259.73,4098.23,64.3061,127.112,3450.82,4288.64,185.605,369.63,-10.0953,1.1e+17,3,Y,42.6188,74.89035579,3132.618,3081.19,51.428,5.0,0.4283896451561952,0.0287263348087237,R,-46.99373710935185,LLLSYLLFVLLALLLATLILI,25236.18914315601,1463.736259774249,37.59818681679029
LLLFYLLVALLTTLLSLLILI,LLLFALLVALLTTLLSLLILI,Right,void,,,,,,,,,,,3545.45,4098.51,50.5574,81.6282,3516.94,4198.55,151.812,158.288,-12.1727,1.1e+17,4,Y,56.847,58.94788381,3463.8218,3358.652,105.1698,5.0,0.5162278744197581,0.0934391905548347,R,-45.780421740100174,LLLTALLVALLFALLSLLILI,25499.9287590032,1433.011849147171,48.792715038595965
LLLFYLLVALLTTLLSLLILI,LLLFYLLVALLTTLLSALILI,Right,void,,,,,,,,,,,3545.91,4154.85,56.0518,91.2942,3516.94,4198.55,108.847,122.464,-12.1727,1.1e+17,16,L,38.1686,70.51770856,3454.6158,3394.476,60.1398,5.0,0.4552842588947244,0.0537477610038036,R,13783294612993.973,LLLTALLVALLFALLSLLILI,25178.36417359394,1894.2727690769689,34.96512199179398
LLLYLLLATLLAFLLSILILI,LLLYALLATLLAFLLSILILI,Right,void,,,,,,,,,,,3586.63,4138.77,55.6657,54.2781,3549.44,4227.81,124.332,98.2192,-11.9084,1.1e+17,4,L,84.1971,39.19698256,3532.3519,3451.2208,81.1311,5.0,-0.2618512398706063,1.0278447141779377,R,99999900.0,LLLYALLTVLLALLLSFLILI,22728.09039943,2797.9500849579063,38.959197226708
LLLYSLLVALLATLLFLLILI,LLLYSLLVALLATLLALLILI,Right,void,,,,,,,,,,,3514.63,4088.38,59.5995,56.7028,3459.85,4212.53,152.235,114.736,-6.31342,1.1e+17,15,F,116.2504,10.38387177,3457.9272,3345.114,112.8132,5.0,0.3678599723554148,0.0359374931175553,R,8131450023949.753,LLLTYLLVFLLALLLASLILI,25000.037007099887,1640.516700618555,28.69483431509788
LLLYSLLVALLATLLFLLILI,LLLYSLLVALLATLLFALILI,Right,void,,,,,,,,,,,3446.93,4187.94,49.5088,66.4616,3459.85,4212.53,94.739,146.526,-6.31342,1.1e+17,16,L,63.0012,51.33644568,3380.4684,3313.324,67.1444,5.0,0.2030169602150411,0.0739256647480798,R,-41.83621412449769,LLLSYLLVFLLATLLSLLILI,24313.00570153723,1165.7635303541242,21.391585972024966
LLLTYLLLALLVSLLFILILI,LLLTYLLLALLVSLLAILILI,Right,void,,,,,,,,,,,3797.15,4706.45,54.4437,33.4013,3800.49,4807.28,142.288,130.827,-14.3951,1.1e+17,15,F,96.3191,25.74868718,3763.7487,3669.663,94.0857,5.0,0.3791869897467548,0.1204280296141197,R,99999900.0,LLLTYLLVFLLALLLASLILI,25437.015812218247,1034.303639428,38.90873182887273
LLLTYLLLALLVSLLFILILI,LLLTYLLAALLVSLLFILILI,Right,void,,,,,,,,,,,3792.87,4792.7,52.8539,97.8511,3800.49,4807.28,99.9181,188.505,-14.3951,1.1e+17,7,L,31.7443,75.50507194,3695.0189,3611.985,83.0339,5.0,0.2883885869891933,0.2616442316522023,R,-42.59349037600472,LLLTYLLAVLLAILLFLLILI,24634.437439887915,2432.529104845009,8.662386150150637
LLLLVLLTILLAYLLSFLILI,LLLAVLLTILLAYLLSFLILI,Right,void,,,,,,,,,,,3870.27,4781.42,56.1609,112.374,3926.27,4837.41,115.025,229.658,-11.184,1.1e+17,3,L,57.3568,66.20719398,3757.896,3696.612,61.284,5.0,0.4944642726079922,0.0958069685985407,R,-76.76959237766151,LLLYALLTVLLALLLSFLILI,25445.175827410472,1989.9056719186087,35.75610135656093
LLLYLLLIVLLAFLLSTLILI,LLLYLLLIVLLAALLSTLILI,Right,void,,,,,,,,,,,4092.83,4726.27,49.6986,66.7304,4083.57,4857.08,148.53,181.31,-18.9945,1.1e+17,12,F,63.0916,51.40145738,4026.0996,3902.26,123.8396,5.0,0.2010108378185018,0.0907106370560172,R,-51.93097379980568,LLLYALLTVLLALLLSFLILI,24461.223322558,1106.2533085432688,22.218008388278456
LLLYLLLIVLLAFLLSTLILI,LLLYALLIVLLAFLLSTLILI,Right,void,,,,,,,,,,,4090.09,4816.27,54.0235,67.2549,4083.57,4857.08,109.534,143.937,-18.9945,1.1e+17,4,L,71.2203,48.56819127,4022.8351,3939.633,83.2021,5.0,0.3224007659585506,0.0932670558957597,R,-58.34281126720792,LLLYALLTVLLALLLSFLILI,24702.273420413505,1870.1164435260223,21.488844649913407
LLLYALLVTLLFTLLSLLILI,LLLYALLVTLLFTLLSALILI,Right,void,,,,,,,,,,,4009.66,4784.51,41.7298,44.1277,3994.86,4803.23,89.1344,102.653,-14.6637,1.1e+17,16,L,85.3351,34.0852353,3965.5323,3892.207,73.3253,5.0,0.3517316061960736,0.2989689305682257,R,-7.6380168436009725,LLLYALLTVLLALLLSFLILI,24804.27679962384,683.2852414045728,47.1868358950059
LLLYALLTVLLALLLSFLILI,LLLYALLTVLLALLLSALILI,Right,void,,,,,,,,,,,3907.35,4681.82,44.4994,88.6982,4006.65,4781.18,136.383,272.251,-8.56186,1.1e+17,16,F,40.7646,68.51249934,3818.6518,3734.399,84.2528,5.0,0.5205844796827517,0.0841359811970122,R,-74.52373778357483,LLLYALLTVLLALLLSFLILI,25770.99763882879,1839.8951869838304,38.63631104261579
LLLYALLTVLLALLLSFLILI,LLLYALLTVLLAALLSFLILI,Right,void,,,,,,,,,,,4024.68,4726.9,54.6083,86.3369,4006.65,4781.18,106.374,142.644,-8.56186,1.1e+17,12,L,43.4851,66.5040594,3938.3431,3864.006,74.3371,5.0,0.2697215594692226,0.0464472773602675,R,-73.46983082252953,LLLYALLTVLLALLLSFLILI,24810.405526877963,1273.1212922054333,25.35286206598234
LLLLTLLIALLVALLSFLILI,LLLLTLLIALLVALLSALILI,Right,void,,,,,,,,,,,3792.9,4567.48,45.3848,79.9165,3792.09,4672.26,138.052,192.442,-11.0151,1.1e+17,16,F,49.5463,61.72931529,3712.9835,3599.648,113.3355,5.0,0.4306758874706195,0.0366111081498816,R,-11.36551298020994,LLLTALLVALLFALLSLLILI,25206.389256530005,1466.8079914396244,38.25693687346674
LLLLTLLIALLVALLSFLILI,LLLLTLLAALLVALLSFLILI,Right,void,,,,,,,,,,,3814.55,4635.75,51.1611,66.6122,3792.09,4672.26,101.799,130.769,-11.0151,1.1e+17,7,I,62.9832,51.40012686,3747.9378,3661.321,86.6168,5.0,0.3176017461587466,0.0188091642557005,R,-29.528619684335013,LLLTALLVALLFALLSLLILI,24775.074531093866,1557.666962256933,25.498403639069085
LLLYSLLLTLLFVLLALLILI,LLLYSLLLTLLAVLLALLILI,Right,void,,,,,,,,,,,3505.12,4155.62,58.0842,36.9215,3493.2,4307.41,159.153,112.215,-6.04566,1.1e+17,11,F,93.3463,28.34276774,3468.1985,3380.985,87.2135,5.0,0.4937326803840924,0.1502215385645547,R,99999900.0,LLLYFLLAILLAVLLTLLILI,25343.14798292739,1318.2047371976803,50.27216652690125
LLLTYLLTILLAFLLSLLILI,LLLTALLTILLAFLLSLLILI,Right,void,,,,,,,,,,,3475.32,4033.1,49.7381,54.0592,3419.28,4208.84,165.882,118.608,-6.66312,1.1e+17,4,Y,84.416,39.03890372,3421.2608,3300.672,120.5888,5.0,0.4108946533282531,0.1627564353487199,R,6745736079361.927,LLLYALLTVLLALLLSFLILI,25312.8182103082,2073.6223774896,24.78673271406663
LLLTYLLTILLAFLLSLLILI,LLLTYLLTILLAALLSLLILI,Right,void,,,,,,,,,,,3402.22,4126.7,41.7941,65.3719,3419.28,4208.84,128.78,198.057,-6.66312,1.1e+17,12,F,64.4501,50.35502457,3336.8481,3221.223,115.6251,5.0,0.3510472671758031,0.0861508762086512,R,3569329532601.884,LLLYALLTVLLALLLSFLILI,24984.13663402129,1792.494524146873,24.3108648928722
