Mutant,Type,Mutant Type,Position,Sequence,Fluor Difference,Geometry,Interface,Seed,HBONDDimerOptimize,HBONDDimerPreOptimize,HBONDMonomer,IMM1DimerOptimize,IMM1DimerPreOptimize,IMM1Monomer,Monomer,MonomerSasa,OptimizeSasa,PreBBOptimizeSasa,Total,TotalPreOptimize,VDWDimerOptimize,VDWDimerPreOptimize,VDWMonomer,endAxialRotation,endAxialRotationPrime,endCrossingAngle,endXShift,endZShift,endZShiftPrime,firstRepackEnergy,preOptimizeAxialRotation,preOptimizeAxialRotationPrime,preOptimizeCrossingAngle,preOptimizeEnergy,preOptimizeXShift,preOptimizeZShift,preOptimizeZShiftPrime,replicateNumber,Directory,PercentGpA,PercentStd,Sample,LB-12H_M9-36H,VDWDiff,HBONDDiff,IMM1Diff,WT_AA,mut_AA
LLLAALLGVLLGLLLGFLILI,Mutant,void,4,LLLAYLLGVLLGLLLGFLILI,0.0164595387576573,LLLAALLGVLLGLLLGFLILI_0,1.1001100110011e+17,1.0,-59.3036,-56.6245,-44.9604,-221.563,-216.508,-230.812,-328.825,4439.2,3498.03,3438.4,-49.6203,-40.3927,-97.5791,-96.0859,-53.0531,-81.5022,44.7153,-35.3617,6.68363,4.76189,3.93262,-40.1274,-78.3342,38.1851,-39.2997,-369.218,6.6883,3.40512,2.4779,0.0,LLLAALLGVLLGLLLGFLILI,1.17555117614809,0.0291420292416732,G,99999900.0,-44.526,-14.343200000000005,9.249000000000024,Y,A
LLLAALLGILLGLLLGTLILI,Mutant,void,4,LLLAFLLGILLGLLLGTLILI,0.085940304001884,LLLAALLGILLGLLLGTLILI_2,1.1001100110011e+17,1.0,-73.2111,-72.3916,-58.7173,-221.026,-219.752,-230.381,-352.207,4402.86,3403.12,3504.19,-49.2089,-25.2612,-107.18,-85.3253,-63.1096,-80.236,38.3228,-35.3357,6.4831,3.70898,2.78382,-18.3985,-72.6874,32.4259,-40.8381,-369.654,7.0033,1.78061,0.766999,2.0,LLLAALLGILLGLLLGTLILI,1.18831693871599,0.0538666989329193,G,99999900.0,-44.07040000000001,-14.4938,9.35499999999999,F,A
LLLAALLGLLLGTLLSFLILI,Mutant,void,4,LLLAYLLGLLLGTLLSFLILI,-0.0074020419660674,LLLAALLGLLLGTLLSFLILI_1,1.1001100110011e+17,1.0,-91.0865,-85.61,-74.0929,-222.068,-217.782,-234.678,-356.375,4456.71,3704.54,3634.85,-42.7289,-27.3032,-85.949,-80.2861,-47.6033,-88.2665,52.7589,-43.5528,6.34038,6.86243,6.15381,-25.2213,-80.4387,52.288,-45.0,-380.954,6.6037,5.62468,4.909,1.0,LLLAALLGLLLGTLLSFLILI,1.11334613469824,0.102468075396013,G,99999900.0,-38.3457,-16.9936,12.609999999999983,Y,A
LLLTFLLGALLGILLSALILI,Mutant,void,16,LLLTFLLGALLGILLSLLILI,-0.0905056131681363,LLLTFLLGALLGILLSALILI_2,1.1001100110011e+17,1.0,-75.1486,-69.7988,-60.2746,-220.165,-219.266,-239.606,-345.833,4583.44,3571.72,3593.08,-41.6778,-29.3079,-92.1977,-86.0758,-45.9527,-84.2571,56.9975,-41.9477,6.64114,6.83323,6.18819,-30.8956,-77.8631,56.6563,-43.9434,-378.019,6.8019,5.82806,5.1779,2.0,LLLTFLLGALLGILLSALILI,1.15385201545349,0.117339908729023,G,99999900.0,-46.245,-14.874000000000002,19.441000000000003,L,A
LLLAYLLGLLLGTLLSALILI,Mutant,void,16,LLLAYLLGLLLGTLLSFLILI,0.0900233983419722,LLLAYLLGLLLGTLLSALILI_1,1.1001100110011e+17,1.0,-92.3468,-91.525,-74.0929,-219.824,-217.583,-238.689,-360.774,4513.5,3569.31,3524.0,-40.6558,-35.0848,-89.2589,-86.7514,-47.9923,-84.1276,52.052,-44.6711,6.4932,6.14615,5.42693,-31.4724,-80.4387,52.288,-45.0,-392.234,6.6037,5.62468,4.909,1.0,LLLAYLLGLLLGTLLSALILI,1.0159206943902,0.0757452170441444,G,99999900.0,-41.2666,-18.2539,18.86499999999998,F,A
LLLAALLGLLLGVLLSTLILI,Mutant,void,4,LLLALLLGLLLGVLLSTLILI,-0.2208065786345222,LLLAALLGLLLGVLLSTLILI_1,1.1001100110011e+17,1.0,-89.8684,-83.3315,-74.1192,-217.632,-213.493,-232.329,-366.168,4425.85,3635.04,3625.55,-38.9525,-21.4972,-97.6207,-90.8412,-59.7199,-91.7352,53.489,-39.8419,6.44618,7.4813,6.78363,-12.769,-97.764,38.4753,-38.0973,-378.505,7.04,6.35877,5.4359,1.0,LLLAALLGLLLGVLLSTLILI,1.21056651316212,0.0652271178602083,G,99999900.0,-37.9008,-15.749199999999988,14.697000000000005,L,A
LLLSYLLVLLLGALLIFLILI,Mutant,clash,15,LLLSYLLVLLLGALLGFLILI,0.3569491016886257,LLLSYLLVLLLGALLIFLILI_2,1.1001100110011e+17,1.0,-63.0248,-72.1328,-44.9843,-242.93,-234.209,-253.548,-350.511,4688.04,3800.75,3537.43,-38.4228,22397.4,-82.979,22353.2,-51.9787,-60.0661,75.4434,-50.6834,7.93245,5.69478,5.32643,16025.8,-47.4319,67.7648,-45.0,22046.9,6.6781,2.76303,2.2795,2.0,LLLSYLLVLLLGALLIFLILI,0.370076022119804,0.0431416543953385,G,99999900.0,-31.0003,-18.0405,10.617999999999997,G,I
LLLAYLLGLLLGALLGTLILI,Mutant,void,12,LLLAYLLGLLLGFLLGTLILI,0.1317478374596734,LLLAYLLGLLLGALLGTLILI_2,1.1001100110011e+17,1.0,-74.2977,-72.6753,-58.747,-216.488,-216.247,-234.392,-341.723,4488.37,3570.46,3552.05,-38.0749,-16.5146,-89.0124,-69.315,-48.5842,-88.5177,42.5914,-37.0905,6.89544,5.52749,4.66636,-24.5765,-87.7841,38.6606,-35.7467,-366.419,7.5,4.88679,3.9667,2.0,LLLAYLLGLLLGALLGTLILI,1.02876173983291,0.0270974533044166,G,99999900.0,-40.4282,-15.550700000000006,17.903999999999996,F,A
LLLAALLGVLLGTLLGFLILI,Mutant,void,4,LLLALLLGVLLGTLLGFLILI,0.1235190222280868,LLLAALLGVLLGTLLGFLILI_0,1.1001100110011e+17,1.0,-70.6227,-71.1409,-58.6964,-216.345,-209.74,-230.094,-330.281,4422.14,3568.33,3533.27,-37.7886,-28.4119,-81.1016,-77.8117,-41.4899,-99.0137,45.0951,-38.2097,6.7415,7.4399,6.61633,-26.8021,-92.5815,39.7325,-40.3169,-358.693,6.7382,5.75111,4.8471,0.0,LLLAALLGVLLGTLLGFLILI,0.88011674879644,0.0355342744524142,G,99999900.0,-39.611700000000006,-11.926299999999998,13.748999999999995,L,A
LLLALLLGVLLGALLGFLILI,Mutant,void,12,LLLALLLGVLLGTLLGFLILI,-0.0573517030531764,LLLALLLGVLLGALLGFLILI_1,1.1001100110011e+17,1.0,-56.5757,-57.4916,-44.9243,-212.839,-214.702,-229.597,-328.527,4473.21,3594.98,3535.01,-37.0933,-32.7402,-96.2047,-89.0733,-54.005,-97.7105,42.2617,-38.6987,6.77827,6.8619,5.99582,-31.6729,-92.5815,39.7325,-40.3169,-359.992,6.7382,5.75111,4.8471,1.0,LLLALLLGVLLGALLGFLILI,1.0609874740777,0.0122316992348707,G,99999900.0,-42.1997,-11.651399999999995,16.75800000000001,T,A
LLLAYLLGVLLGLLLASLILI,Mutant,void,3,LLLFYLLGVLLGLLLASLILI,-0.3021951809925094,LLLAYLLGVLLGLLLASLILI_1,1.1001100110011e+17,1.0,-72.7414,-72.1418,-60.32,-224.353,-221.15,-238.065,-353.699,4519.75,3601.93,3610.29,-36.8755,-30.5911,-93.4803,-90.999,-55.3141,-80.4083,54.8089,-39.0496,7.11079,5.96044,5.28257,-24.2038,-75.759,50.2096,-41.8685,-378.419,7.3305,4.64215,3.89529,1.0,LLLAYLLGVLLGLLLASLILI,1.2698749229834,0.110794283528762,G,99999900.0,-38.1662,-12.421399999999998,13.711999999999987,F,A
LLLTALLGLLLGYLLSVLILI,Mutant,void,4,LLLTFLLGLLLGYLLSVLILI,0.4172231889364224,LLLTALLGLLLGYLLSVLILI_1,1.1001100110011e+17,1.0,-76.2521,-69.8917,-60.1731,-224.244,-225.177,-245.036,-361.773,4528.1,3562.31,3621.23,-36.5536,-26.9761,-97.8309,-93.6808,-56.5645,-89.213,49.3921,-43.3543,6.66525,6.54989,5.79077,-17.3548,-85.0833,46.26,-43.2731,-379.744,7.339,5.5076,4.7015,1.0,LLLTALLGLLLGYLLSVLILI,1.04766767166924,0.0586240134734085,G,99999900.0,-41.2664,-16.079,20.792,F,A
LLLAVLLGTLLGALLSLLILI,Mutant,void,12,LLLAVLLGTLLGFLLSLLILI,0.0493102966334639,LLLAVLLGTLLGALLSLLILI_2,1.1001100110011e+17,1.0,-84.8086,-75.8179,-73.966,-215.58,-210.106,-231.549,-367.056,4388.9,3636.9,3662.92,-36.0265,-16.4906,-102.694,-97.6232,-61.541,-90.3446,51.0991,-43.5302,6.3541,6.95007,6.21655,-20.2025,-83.724,52.3747,-45.0,-391.327,6.6055,6.12918,5.4148,2.0,LLLAVLLGTLLGALLSLLILI,1.13904833380964,0.022660155367856,G,99999900.0,-41.153000000000006,-10.842600000000004,15.968999999999994,F,A
LLLTFLLGLLLGALLASLILI,Mutant,void,12,LLLTFLLGLLLGYLLASLILI,-0.0645850265197198,LLLTFLLGLLLGALLASLILI_0,1.1001100110011e+17,1.0,-73.8201,-65.4148,-60.2384,-215.633,-217.904,-237.867,-348.295,4506.92,3576.15,3623.5,-35.5955,-16.0953,-94.4371,-81.0709,-50.1895,-67.4824,56.9968,-40.1015,7.04099,4.31693,3.67188,-15.8472,-75.8727,44.54,-43.5756,-364.39,7.3804,3.8938,3.0619,0.0,LLLTFLLGLLLGALLASLILI,1.34506636683008,0.0600304613712864,G,99999900.0,-44.2476,-13.581699999999998,22.23399999999998,Y,A
LLLIYLLALLLGTLLSFLILI,Mutant,clash,3,LLLGYLLALLLGTLLSFLILI,0.2525144372240676,LLLIYLLALLLGTLLSFLILI_0,1.1001100110011e+17,1.0,-82.6825,-74.1542,-74.0304,-231.743,-222.148,-242.534,-359.035,4655.14,3698.96,3555.12,-35.5831,8.45682,-80.1927,-54.2764,-42.4708,-71.0255,65.1907,-43.1229,6.77075,5.95457,5.43243,7.70141,-68.9875,54.3485,-39.7512,-350.579,6.8746,4.18517,3.5004,0.0,LLLIYLLALLLGTLLSFLILI,0.388206740827649,0.0140305730588134,G,99999900.0,-37.721900000000005,-8.652100000000004,10.790999999999997,G,I
LLLSYLLGVLLGALLATLILI,Mutant,void,12,LLLSYLLGVLLGLLLATLILI,-0.0550544619524877,LLLSYLLGVLLGALLATLILI_0,1.1001100110011e+17,1.0,-84.1407,-81.7305,-58.7839,-220.572,-220.704,-245.922,-350.963,4476.47,3657.45,3643.12,-35.2168,-32.2867,-81.4667,-80.8145,-46.2565,-83.1155,45.6976,-44.8897,6.7359,5.13651,4.32198,-32.2131,-84.8765,45.4702,-44.3391,-383.249,6.8761,5.36995,4.552,0.0,LLLSYLLGVLLGALLATLILI,1.13535697265233,0.0454315065879711,G,99999900.0,-35.2102,-25.356799999999996,25.349999999999994,L,A
LLLYLLLGALLGALLTALILI,Mutant,void,16,LLLYLLLGALLGALLTFLILI,-0.0093312581445506,LLLYLLLGALLGALLTALILI_0,1.1001100110011e+17,1.0,-66.5765,-66.9258,-58.7574,-222.428,-213.124,-237.059,-343.822,4536.51,3780.31,3675.12,-35.0886,-22.015,-89.9062,-85.7875,-48.0056,-66.0678,78.9056,-43.4621,6.3816,7.06241,6.746,-22.567,-68.1028,64.3439,-40.6526,-365.837,6.5,5.40184,4.867,0.0,LLLYLLLGALLGALLTALILI,1.1759354586638,0.065207549823817,G,99999900.0,-41.9006,-7.819099999999999,14.631,F,A
LLLAVLLGTLLGALLSFLILI,Mutant,void,12,LLLAVLLGTLLGLLLSFLILI,-0.1335298559060236,LLLAVLLGTLLGALLSFLILI_2,1.1001100110011e+17,1.0,-80.5126,-83.6316,-74.1134,-218.469,-214.184,-232.529,-349.75,4395.35,3706.02,3685.89,-34.8509,-31.5298,-85.6197,-83.4644,-43.1074,-96.7157,52.2408,-35.7641,6.95145,8.05987,7.34348,-28.6542,-91.43,48.2927,-36.5962,-378.514,7.0472,6.73401,5.9584,2.0,LLLAVLLGTLLGALLSFLILI,1.20476485921875,0.0383251996114511,G,99999900.0,-42.5123,-6.399200000000008,14.060000000000002,L,A
LLLAVLLGLLLGTLLAFLILI,Mutant,void,3,LLLYVLLGLLLGTLLAFLILI,-0.4334783693090977,LLLAVLLGLLLGTLLAFLILI_1,1.1001100110011e+17,1.0,-70.1541,-70.1848,-58.7144,-222.68,-221.233,-234.577,-343.836,4474.93,3674.01,3536.46,-34.452,-31.5894,-85.4546,-84.0078,-50.5452,-77.9616,51.6632,-40.1409,6.624,5.16878,4.44373,-23.8195,-68.9875,54.3485,-39.7512,-368.61,6.8746,4.18517,3.5004,1.0,LLLAVLLGLLLGTLLAFLILI,0.823743462816755,0.0572326341739793,G,99999900.0,-34.9094,-11.439700000000002,11.896999999999991,Y,A
LLLTLLLGLLLGALLSILILI,Mutant,void,12,LLLTLLLGLLLGFLLSILILI,0.081026499063322,LLLTLLLGLLLGALLSILILI_1,1.1001100110011e+17,1.0,-74.1278,-72.0871,-60.2627,-219.267,-217.381,-241.143,-374.98,4482.85,3632.57,3642.38,-34.1334,2.39291,-115.718,-83.1189,-73.5742,-92.1248,43.7259,-44.3274,6.77758,6.22172,5.37761,-23.2247,-95.1054,38.6706,-41.1733,-399.939,7.1293,5.98634,5.0664,1.0,LLLTLLLGLLLGALLSILILI,1.21216014842262,0.0288196223287748,G,99999900.0,-42.1438,-13.865099999999993,21.876000000000005,F,A
LLLAILLGLLLGTLLASLILI,Mutant,void,3,LLLYILLGLLLGTLLASLILI,-0.6697392523897292,LLLAILLGLLLGTLLASLILI_2,1.1001100110011e+17,1.0,-86.0103,-86.3054,-74.0156,-216.8,-218.338,-232.278,-368.823,4403.69,3637.43,3592.6,-34.0941,310.332,-100.106,246.153,-62.5288,-96.5522,49.3506,-40.8765,6.66602,7.64516,6.88542,-18.8437,-97.764,38.4753,-38.0973,-388.419,7.04,6.35877,5.4359,2.0,LLLAILLGLLLGTLLASLILI,1.05691039149994,0.0247437160679551,G,99999900.0,-37.5772,-11.994699999999996,15.47799999999998,Y,A
LLLALLLGALLAFLLSTLILI,Mutant,void,3,LLLYLLLGALLAFLLSTLILI,-0.3180754723681628,LLLALLLGALLAFLLSTLILI_2,1.1001100110011e+17,1.0,-80.3283,-77.0084,-74.0462,-222.526,-219.4,-234.615,-357.193,4471.75,3706.62,3614.91,-33.7958,-1.05681,-88.1344,-61.8406,-48.531,-83.8768,61.3321,-41.3614,6.97655,7.36136,6.78134,-14.3664,-74.4436,60.1664,-43.4591,-371.503,7.3574,5.789,5.1915,2.0,LLLALLLGALLAFLLSTLILI,0.577584169883424,0.0325032845890636,G,99999900.0,-39.6034,-6.2821,12.089,Y,A
LLLSYLLVLLLGALLGALILI,Mutant,void,16,LLLSYLLVLLLGALLGFLILI,-0.2024068484012963,LLLSYLLVLLLGALLGALILI_2,1.1001100110011e+17,1.0,-69.264,-62.632,-44.9843,-223.068,-225.975,-244.527,-342.736,4552.79,3684.62,3507.99,-33.6326,4266.72,-84.0365,4212.59,-53.2241,-41.9686,71.6455,-49.004,7.01999,2.46744,2.04212,4079.16,-47.4319,67.7648,-45.0,3914.71,6.6781,2.76303,2.2795,2.0,LLLSYLLVLLLGALLGALILI,0.929431972209726,0.11092857802654,G,99999900.0,-30.812400000000004,-24.2797,21.45899999999997,F,A
LLLYVLLGLLLGTLLAALILI,Mutant,void,16,LLLYVLLGLLLGTLLAFLILI,-0.0195283364957042,LLLYVLLGLLLGTLLAALILI_1,1.1001100110011e+17,1.0,-68.8679,-68.9564,-58.7144,-227.161,-223.493,-240.073,-347.78,4558.13,3614.98,3665.08,-33.578,-27.8687,-85.3292,-83.1993,-48.992,-77.1109,54.7808,-40.8009,6.83754,5.46203,4.78374,-23.3101,-68.9875,54.3485,-39.7512,-370.624,6.8746,4.18517,3.5004,1.0,LLLYVLLGLLLGTLLAALILI,0.409793430003362,0.029916120258193,G,99999900.0,-36.3372,-10.153500000000008,12.912000000000006,F,A
LLLAALLGTLLGVLLGLLILI,Mutant,void,4,LLLAFLLGTLLGVLLGLLILI,0.3588510422173951,LLLAALLGTLLGVLLGLLILI_0,1.1001100110011e+17,1.0,-66.5232,-71.1693,-58.7211,-212.275,-208.315,-228.953,-348.707,4375.53,3649.61,3574.55,-33.1291,-27.0825,-103.038,-96.3049,-61.0331,-91.1582,50.0358,-41.5253,6.74326,6.92857,6.1791,-27.1633,-92.5815,39.7325,-40.3169,-375.789,6.7382,5.75111,4.8471,0.0,LLLAALLGTLLGVLLGLLILI,1.00364008708187,0.0247866698925864,G,99999900.0,-42.0049,-7.802100000000003,16.677999999999997,F,A
LLLTALLGALLGILLSLLILI,Mutant,void,4,LLLTFLLGALLGILLSLLILI,0.4554134431230329,LLLTALLGALLGILLSLLILI_0,1.1001100110011e+17,1.0,-77.1516,-70.3641,-60.2746,-218.89,-218.961,-239.483,-367.256,4443.07,3650.63,3659.98,-32.9461,-24.8332,-104.16,-102.764,-67.4977,-72.0675,68.6008,-40.8771,6.62288,6.57123,6.10025,-24.6854,-77.8631,56.6563,-43.9434,-392.089,6.8019,5.82806,5.1779,0.0,LLLTALLGALLGILLSLLILI,0.607932959162323,0.0316316273750942,G,99999900.0,-36.6623,-16.877000000000002,20.593000000000018,F,A
LLLLALLGILLGTLLASLILI,Mutant,void,4,LLLLFLLGILLGTLLASLILI,0.8441580315899295,LLLLALLGILLGTLLASLILI_1,1.1001100110011e+17,1.0,-84.0832,-82.2569,-74.072,-216.794,-215.562,-232.598,-367.603,4451.88,3631.66,3630.32,-32.851,-24.2121,-99.5764,-93.9958,-60.9333,-83.0588,50.3401,-44.8751,6.48565,5.75474,5.00984,-24.0123,-75.337,50.8884,-45.0,-391.435,6.5,4.67048,3.93381,1.0,LLLLALLGILLGTLLASLILI,0.349540256134929,0.0574189406603996,G,99999900.0,-38.6431,-10.011200000000002,15.804000000000002,F,A
LLLAILLGLLLGTLLAFLILI,Mutant,void,3,LLLYILLGLLLGTLLAFLILI,-0.4435795569640413,LLLAILLGLLLGTLLAFLILI_0,1.1001100110011e+17,1.0,-67.5874,-66.0716,-58.718,-224.26,-216.397,-235.079,-346.79,4478.74,3653.73,3503.45,-32.4628,1003.73,-87.4059,939.407,-52.9932,-72.7603,63.3319,-41.8496,6.80773,5.96385,5.41383,969.709,-60.6857,64.7023,-38.4105,656.938,7.3229,4.33767,3.8082,0.0,LLLAILLGLLLGTLLAFLILI,0.767354001693576,0.0953136253890189,G,99999900.0,-34.4127,-8.869399999999999,10.819000000000017,Y,A
LLLYALLGLLLGTLLASLILI,Mutant,void,4,LLLYILLGLLLGTLLASLILI,-0.0408028581837822,LLLYALLGLLLGTLLASLILI_0,1.1001100110011e+17,1.0,-86.9978,-79.5256,-74.0156,-220.16,-212.919,-240.087,-356.77,4553.56,3614.03,3611.96,-32.2071,-12.573,-81.8196,-76.8983,-42.6672,-92.1142,55.5606,-39.5322,6.71748,7.81781,7.15122,-11.0622,-97.764,38.4753,-38.0973,-369.343,7.04,6.35877,5.4359,0.0,LLLYALLGLLLGTLLASLILI,0.427973997293994,0.0337790181416687,G,99999900.0,-39.15239999999999,-12.982199999999992,19.926999999999992,I,A
LLLTALLGILLGVLLSLLILI,Mutant,void,4,LLLTFLLGILLGVLLSLLILI,0.088001136299987,LLLTALLGILLGVLLSLLILI_1,1.1001100110011e+17,1.0,-73.4801,-69.2467,-60.3629,-220.21,-220.398,-240.015,-370.848,4455.97,3639.08,3615.0,-31.9883,236.281,-109.146,155.077,-70.4697,-92.4428,46.3323,-45.6265,6.56016,6.62129,5.81628,-6.53244,-98.6157,38.1977,-36.4813,-377.537,7.493,6.44904,5.522,1.0,LLLTALLGILLGVLLSLLILI,1.11744901669577,0.0460789832750923,G,99999900.0,-38.6763,-13.11719999999999,19.80499999999998,F,A
LLLAALLGVLLGLLLAFLILI,Mutant,void,4,LLLAYLLGVLLGLLLAFLILI,-0.0314578392933244,LLLAALLGVLLGLLLAFLILI_0,1.1001100110011e+17,1.0,-57.2124,-52.7493,-44.9245,-218.04,-211.127,-232.055,-332.637,4440.09,3689.22,3632.26,-30.8644,-16.9518,-88.2498,-85.7133,-55.6581,-88.9163,59.3106,-39.1954,6.62265,7.84437,7.23403,-16.5365,-91.43,48.2927,-36.5962,-349.589,7.0472,6.73401,5.9584,0.0,LLLAALLGVLLGLLLAFLILI,1.20115209066706,0.0733314629481122,G,99999900.0,-32.5917,-12.2879,14.015000000000017,Y,A
LLLYALLATLLGLLLGVLILI,Mutant,void,4,LLLYFLLATLLGLLLGVLILI,0.0731055898165236,LLLYALLATLLGLLLGVLILI_1,1.1001100110011e+17,1.0,-57.1695,-60.5845,-58.7388,-228.401,-224.428,-240.593,-347.61,4574.21,3592.73,3590.8,-30.8382,88.5522,-92.8776,25.9551,-48.2779,-73.1803,43.453,-39.7404,6.81338,3.3432,2.495,-15.5926,-71.1719,34.5088,-41.0473,-364.302,6.9662,1.83447,0.852102,1.0,LLLYALLATLLGLLLGVLILI,0.35639804348712,0.030921559363213,G,99999900.0,-44.5997,1.5692999999999984,12.19199999999998,F,A
LLLAALLGALLGTLLSFLILI,Mutant,void,4,LLLALLLGALLGTLLSFLILI,-0.0925752182517338,LLLAALLGALLGTLLSFLILI_1,1.1001100110011e+17,1.0,-87.9458,-85.0748,-73.9598,-212.712,-218.143,-230.668,-346.794,4383.29,3750.68,3647.87,-30.7829,-26.1637,-76.9185,-69.7391,-42.1661,-82.6765,59.2301,-43.1429,6.24414,6.89755,6.286,-18.7867,-74.197,65.2656,-42.419,-363.31,6.5325,6.44041,5.91939,1.0,LLLAALLGALLGTLLSFLILI,1.15060009077041,0.0239225859116237,G,99999900.0,-34.752399999999994,-13.986000000000004,17.956000000000017,L,A
LLLYFLLGTLLGALLGALILI,Mutant,void,16,LLLYFLLGTLLGALLGLLILI,-0.1482329524513056,LLLYFLLGTLLGALLGALILI_1,1.1001100110011e+17,1.0,-70.5906,-67.4355,-58.7237,-224.617,-225.48,-237.715,-320.062,4587.16,3835.47,3676.56,-30.5864,10858.2,-55.441,10831.1,-23.6231,-42.9502,66.2051,-48.9334,6.91857,1.88022,1.37329,5523.14,-43.2635,63.1811,-42.5139,52242.7,7.006,1.51898,0.966697,1.0,LLLYFLLGTLLGALLGALILI,1.01791948956819,0.0651189714934077,G,99999900.0,-31.8179,-11.866899999999994,13.098000000000011,L,A
LLLFALLGVLLGLLLASLILI,Mutant,void,4,LLLFYLLGVLLGLLLASLILI,0.0400301726833486,LLLFALLGVLLGLLLASLILI_0,1.1001100110011e+17,1.0,-68.5118,-67.004,-60.32,-218.451,-212.748,-231.634,-343.139,4548.3,3606.65,3658.48,-29.6705,-20.5542,-85.8472,-83.9417,-51.1851,-78.0436,54.5882,-46.4264,6.82699,5.57595,4.89477,-20.7664,-75.759,50.2096,-41.8685,-363.694,7.3305,4.64215,3.89529,0.0,LLLFALLGVLLGLLLASLILI,0.927649569307537,0.0208419359334039,G,99999900.0,-34.6621,-8.191799999999994,13.182999999999993,Y,A
LLLYALLGLLLGTLLAFLILI,Mutant,void,4,LLLYILLGLLLGTLLAFLILI,-0.0273848419694079,LLLYALLGLLLGTLLAFLILI_0,1.1001100110011e+17,1.0,-65.8829,-66.0716,-58.718,-230.723,-223.112,-242.716,-336.56,4604.07,3733.05,3624.17,-28.9469,1005.33,-68.9018,957.955,-35.1263,-71.4495,65.3099,-40.9828,7.00141,6.03427,5.51392,977.38,-60.6857,64.7023,-38.4105,668.771,7.3229,4.33767,3.8082,0.0,LLLYALLGLLLGTLLAFLILI,0.351159286698942,0.0926418626954289,G,99999900.0,-33.775499999999994,-7.164900000000003,11.992999999999997,I,A
LLLYGLLAALLGILLTLLILI,Mutant,void,7,LLLYGLLFALLGILLTLLILI,0.0435946892409793,LLLYGLLAALLGILLTLLILI_0,1.1001100110011e+17,1.0,-65.8249,-62.2616,-58.7811,-222.675,-219.836,-242.329,-351.151,4570.84,3694.81,3738.17,-28.1458,-16.3281,-90.7966,-85.3808,-50.0404,-60.9595,76.8765,-38.2194,6.58928,6.02225,5.6754,-16.8194,-64.5043,61.457,-37.6682,-367.479,6.656,4.47234,3.89419,0.0,LLLYGLLAALLGILLTLLILI,0.309931900106519,0.0141640260880331,G,99999900.0,-40.7562,-7.043799999999997,19.654,F,A
LLLTVLLGALLGILLSALILI,Mutant,void,16,LLLTVLLGALLGILLSLLILI,-0.0701687932497917,LLLTVLLGALLGILLSALILI_2,1.1001100110011e+17,1.0,-74.0235,-70.6542,-60.2863,-218.606,-215.897,-234.386,-357.942,4413.95,3597.27,3683.54,-27.3915,-18.404,-92.704,-89.7946,-63.2698,-70.8951,66.7195,-44.1029,6.89457,6.14139,5.64218,-18.5981,-63.7261,69.6712,-42.7158,-377.144,7.3752,5.46453,5.0096,2.0,LLLTVLLGALLGILLSALILI,0.48870434173758,0.0409017994138494,G,99999900.0,-29.4342,-13.7372,15.78,L,A
LLLTSLLLGLLFALLAALILI,Mutant,void,16,LLLTSLLLGLLFALLAYLILI,-0.0352164519778117,LLLTSLLLGLLFALLAALILI_2,1.1001100110011e+17,1.0,-58.4521,-57.0359,-44.9453,-224.995,-224.742,-244.928,-346.942,4528.1,3756.08,3639.96,-27.1953,11622.5,-90.6908,11557.4,-57.0695,-38.9733,76.3844,-42.6235,7.34467,2.65789,2.30366,10411.6,-40.0595,64.5531,-38.0126,11304.0,7.2779,1.2236,0.691897,2.0,LLLTSLLLGLLFALLAALILI,0.333845143302861,0.0301422862586156,G,99999900.0,-33.6213,-13.506799999999998,19.932999999999996,Y,A
LLLYVLLALLLGALLGTLILI,Mutant,void,7,LLLYVLLFLLLGALLGTLILI,-0.124106495699246,LLLYVLLALLLGALLGTLILI_0,1.1001100110011e+17,1.0,-68.8595,-70.5456,-58.7437,-225.983,-216.535,-240.121,-347.768,4568.38,3898.58,3711.69,-26.7295,-8.47745,-79.6553,-69.1651,-48.9038,-40.6484,74.2742,-46.7588,6.45347,2.62428,2.23839,-7.03322,-41.6132,59.4908,-39.8529,-356.246,6.5091,0.773238,0.1656,0.0,LLLYVLLALLLGALLGTLILI,0.37460858718329,0.0271407452990731,G,99999900.0,-30.7515,-10.1158,14.138000000000003,F,A
LLLYALLGVLLGTLLGLLILI,Mutant,void,4,LLLYFLLGVLLGTLLGLLILI,0.7163997869981058,LLLYALLGVLLGTLLGLLILI_0,1.1001100110011e+17,1.0,-66.6981,-68.1971,-58.6992,-219.673,-210.84,-239.503,-344.129,4528.94,3624.44,3731.44,-26.4896,-12.521,-84.2473,-77.6125,-45.9261,-79.9355,46.0668,-50.3929,7.1906,4.70935,3.90035,-12.8112,-83.9549,29.1297,-45.0,-356.65,7.4713,3.02575,1.9627,0.0,LLLYALLGVLLGTLLGLLILI,0.406504241994804,0.0750956017438186,G,99999900.0,-38.3212,-7.998899999999999,19.829999999999984,F,A
LLLAFLLAVLLGLLLGTLILI,Mutant,void,3,LLLYFLLAVLLGLLLGTLILI,-0.3074854149685921,LLLAFLLAVLLGLLLGTLILI_1,1.1001100110011e+17,1.0,-62.5968,-61.1499,-58.7556,-221.057,-219.873,-234.927,-341.493,4552.11,3484.67,3494.86,-26.4019,-24.0193,-84.2407,-84.4895,-47.8102,-72.8983,36.2782,-41.7344,6.86449,2.3323,1.37647,-20.116,-71.1719,34.5088,-41.0473,-363.227,6.9662,1.83447,0.852102,1.0,LLLAFLLAVLLGLLLGTLILI,0.662686633356664,0.0351341584427219,G,99999900.0,-36.4305,-3.8412000000000006,13.870000000000005,Y,A
LLLTYLLAILLGLLLGALILI,Mutant,void,16,LLLTYLLAILLGLLLGFLILI,0.2283691323929277,LLLTYLLAILLGLLLGALILI_2,1.1001100110011e+17,1.0,-53.7721,-61.0891,-44.9626,-227.364,-224.61,-245.386,-350.839,4572.92,3784.18,3715.17,-26.0508,-20.1221,-95.7541,-85.2624,-60.4908,-69.5229,41.9861,-46.5087,6.9565,2.59656,1.72635,-15.3004,-61.5471,48.1349,-42.0502,-366.997,7.2784,2.23028,1.4523,2.0,LLLTYLLAILLGLLLGALILI,0.60869164098547,0.0349540751872307,G,99999900.0,-35.263299999999994,-8.8095,18.02199999999999,F,A
LLLYGLLFLLLGVLLITLILI,Mutant,clash,15,LLLYGLLFLLLGVLLATLILI,0.2180499980493139,LLLYGLLFLLLGVLLITLILI_2,1.1001100110011e+17,1.0,-58.8381,-58.8381,-58.8381,-243.001,-243.307,-249.761,-346.751,4711.72,3812.9,3609.51,-25.939,88.231,-70.8505,43.6246,-38.1521,-75.7346,53.1876,-46.634,8.01628,5.04052,4.33833,79.5796,-73.2508,43.1479,-42.798,-233.405,7.4823,3.31258,2.4598,2.0,LLLYGLLFLLLGVLLITLILI,0.255605621339471,0.0744301110601796,G,99999900.0,-32.6984,0.0,6.759999999999991,A,I
LLLTALLAFLLGVLLGALILI,Mutant,void,16,LLLTALLAFLLGVLLGLLILI,-0.2229580674340059,LLLTALLAFLLGVLLGALILI_2,1.1001100110011e+17,1.0,-50.5216,-54.4724,-44.9299,-213.707,-211.094,-235.824,-329.245,4507.4,3475.58,3457.12,-25.9258,1553.63,-90.9418,1489.96,-48.4909,-74.1028,48.2751,-34.2777,7.12478,4.13256,3.35669,1015.08,-66.9239,51.0441,-36.0241,1224.39,6.7893,3.42954,2.6952,2.0,LLLTALLAFLLGVLLGALILI,1.36409434937102,0.0571698730714739,G,99999900.0,-42.4509,-5.591699999999996,22.11700000000002,L,A
LLLYALLALLLGTLLSALILI,Mutant,void,16,LLLYALLALLLGTLLSFLILI,-0.0117150921724163,LLLYALLALLLGTLLSALILI_2,1.1001100110011e+17,1.0,-76.2305,-75.1217,-74.0925,-229.888,-219.565,-241.257,-362.623,4583.53,3767.1,3702.64,-25.721,-11.5222,-82.2258,-79.4589,-47.2738,-72.045,70.5681,-37.6361,7.38039,6.83345,6.39197,-16.4725,-66.9322,64.0684,-37.8112,-378.993,7.282,5.18907,4.6501,2.0,LLLYALLALLLGTLLSALILI,0.311079279492266,0.0061464239165003,G,99999900.0,-34.952000000000005,-2.138000000000005,11.369,F,A
LLLAVLLALLLGTLLGFLILI,Mutant,void,3,LLLYVLLALLLGTLLGFLILI,-0.0974169233477759,LLLAVLLALLLGTLLGFLILI_2,1.1001100110011e+17,1.0,-62.3994,-60.4603,-58.7232,-222.037,-223.693,-234.433,-343.658,4478.69,3638.64,3497.59,-25.2061,-18.6232,-84.4272,-78.1277,-50.5012,-72.8993,37.138,-42.0213,6.75325,2.44853,1.5056,-20.1114,-71.1719,34.5088,-41.0473,-363.657,6.9662,1.83447,0.852102,2.0,LLLAVLLALLLGTLLGFLILI,0.357752234457205,0.0182183485015146,G,99999900.0,-33.926,-3.6762000000000015,12.395999999999988,Y,A
LLLVALLALLLGTLLIFLILI,Mutant,clash,15,LLLVALLALLLGTLLSFLILI,-0.0308517291083593,LLLVALLALLLGTLLIFLILI_0,1.1001100110011e+17,1.0,-58.8078,-62.1146,-58.8078,-235.285,-224.328,-239.384,-355.997,4579.43,3772.51,3544.41,-25.1957,41.7817,-87.1001,-27.7729,-57.8051,-59.1118,75.5301,-43.2464,7.34456,5.56334,5.19629,26.8329,-68.1464,52.7276,-38.529,-314.215,6.6534,3.84019,3.1311,0.0,LLLVALLALLLGTLLIFLILI,0.391267462393322,0.106929916969908,G,99999900.0,-29.294999999999995,0.0,4.0989999999999895,S,I
LLLAVLLGALLGTLLSFLILI,Mutant,void,3,LLLLVLLGALLGTLLSFLILI,-0.4768283063600684,LLLAVLLGALLGTLLSFLILI_2,1.1001100110011e+17,1.0,-85.5301,-83.2548,-74.0199,-218.071,-217.347,-232.474,-349.464,4425.72,3678.75,3648.43,-24.9806,-18.7746,-70.8433,-67.6362,-42.9697,-67.796,67.8446,-39.4781,6.87775,5.82842,5.34609,-14.7676,-62.3587,69.782,-39.5227,-365.558,7.3379,5.27437,4.8211,2.0,LLLAVLLGALLGTLLSFLILI,0.993850579119765,0.0808105865925052,G,99999900.0,-27.8736,-11.510199999999998,14.402999999999992,L,A
LLLYVLLALLLGTLLGALILI,Mutant,void,16,LLLYVLLALLLGTLLGFLILI,-0.0756727525560461,LLLYVLLALLLGTLLGALILI_0,1.1001100110011e+17,1.0,-58.7232,-59.711,-58.7232,-232.417,-223.03,-240.099,-348.082,4573.91,3680.19,3634.85,-24.7661,-19.1873,-81.7082,-84.5287,-49.2597,-67.9131,51.8122,-41.4434,7.03817,3.68161,2.9588,-19.3456,-71.1719,34.5088,-41.0473,-367.27,6.9662,1.83447,0.852102,0.0,LLLYVLLALLLGTLLGALILI,0.336008063665475,0.0614797287573529,G,99999900.0,-32.4485,0.0,7.681999999999988,F,A
LLLAFLLAVLLGLLLGSLILI,Mutant,void,3,LLLYFLLAVLLGLLLGSLILI,-0.3634220442746695,LLLAFLLAVLLGLLLGSLILI_0,1.1001100110011e+17,1.0,-64.1054,-62.1583,-60.2613,-218.601,-211.599,-233.845,-344.275,4526.56,3534.24,3446.7,-24.6429,-13.0138,-86.2117,-83.5319,-50.1692,-73.5321,44.3659,-38.1225,7.33225,3.5192,2.68469,-12.5624,-72.2097,37.011,-35.0,-357.289,7.3038,2.32794,1.3831,0.0,LLLAFLLAVLLGLLLGSLILI,0.690944998437588,0.030445565228853,G,99999900.0,-36.0425,-3.844100000000005,15.244,Y,A
LLLYGLLFALLGTLLSALILI,Mutant,void,16,LLLYGLLFALLGTLLSLLILI,0.0121346931279566,LLLYGLLFALLGTLLSALILI_1,1.1001100110011e+17,1.0,-83.868,-76.1837,-74.0094,-224.064,-220.996,-241.06,-340.258,4564.31,3765.03,3769.15,-24.4508,-12.2456,-56.7763,-55.3229,-25.1884,-67.1969,63.8628,-39.6362,6.54564,5.20101,4.65895,-12.1658,-64.5043,61.457,-37.6682,-355.611,6.656,4.47234,3.89419,1.0,LLLYGLLFALLGTLLSALILI,0.254749244337515,0.0344302115589001,G,99999900.0,-31.5879,-9.858599999999996,16.99600000000001,L,A
LLLTALLVGLLGGLLFALILI,Mutant,void,16,LLLTALLVGLLGGLLFLLILI,-0.4467727362306002,LLLTALLVGLLGGLLFALILI_2,1.1001100110011e+17,1.0,-53.2091,-53.1888,-44.9383,-218.242,-217.594,-234.278,-325.298,4515.27,3871.7,3702.0,-24.3219,-23.519,-78.1695,-78.0347,-46.0822,-50.1068,64.7379,-47.2692,6.47069,2.75564,2.2267,-21.4158,-45.1876,67.311,-43.6659,-346.604,6.6072,2.36513,1.8748,2.0,LLLTALLVGLLGGLLFALILI,0.816515439330005,0.0551506944093727,G,99999900.0,-32.0873,-8.270800000000001,16.036,L,A
LLLYGLLFALLGVLLATLILI,Mutant,void,8,LLLYGLLFLLLGVLLATLILI,0.0978036633803793,LLLYGLLFALLGVLLATLILI_1,1.1001100110011e+17,1.0,-64.0527,-60.262,-58.8381,-227.932,-221.452,-241.676,-329.601,4580.62,3967.78,3726.01,-24.2725,5721.67,-61.889,5673.79,-29.0871,-68.2023,51.0146,-48.7241,7.30009,3.61733,2.88255,-18.7196,-73.2508,43.1479,-42.798,-349.02,7.4823,3.31258,2.4598,1.0,LLLYGLLFALLGVLLATLILI,0.375851956008405,0.026671490918624,G,99999900.0,-32.8019,-5.214600000000004,13.744,L,A
LLLYALLALLLGTLLGSLILI,Mutant,void,4,LLLYFLLALLLGTLLGSLILI,0.0688540553638473,LLLYALLALLLGTLLGSLILI_0,1.1001100110011e+17,1.0,-77.8854,-83.9993,-74.1108,-226.602,-219.367,-240.054,-358.975,4558.46,3580.59,3544.03,-24.1216,118021.0,-78.6088,117965.0,-44.8097,-73.8986,51.3236,-36.3204,7.00117,4.51347,3.78333,117829.0,-62.8637,50.8317,-39.7383,117662.0,6.5162,2.79183,2.05431,0.0,LLLYALLALLLGTLLGSLILI,0.243326081019373,0.0433478772792263,G,99999900.0,-33.7991,-3.774600000000007,13.451999999999998,F,A
LLLAGLLFLLLGTLLSALILI,Mutant,void,16,LLLAGLLFLLLGTLLSYLILI,-0.0777467183155347,LLLAGLLFLLLGTLLSALILI_2,1.1001100110011e+17,1.0,-73.2931,-75.1637,-74.1054,-221.297,-216.155,-234.647,-353.71,4519.9,3613.25,3634.42,-24.0765,-8.86953,-83.1962,-71.2615,-44.9577,-72.4875,62.6687,-33.2892,7.1467,5.8334,5.27343,-14.0316,-64.7067,61.3173,-36.5921,-368.494,7.395,4.48384,3.9036,2.0,LLLAGLLFLLLGTLLSALILI,0.301159524014564,0.0482799289423512,G,99999900.0,-38.2385,0.8123000000000076,13.349999999999994,Y,A
LLLYILLILLLGTLLAFLILI,Mutant,clash,7,LLLYILLGLLLGTLLAFLILI,0.0256617541817006,LLLYILLILLLGTLLAFLILI_0,1.1001100110011e+17,1.0,-58.718,-66.0809,-58.718,-244.377,-228.34,-251.029,-355.09,4692.66,4008.44,3589.3,-23.7306,1319.85,-75.7256,1259.18,-45.343,-62.133,80.9025,-49.8881,7.94135,6.74179,6.45533,1254.81,-60.6857,64.7023,-38.4105,964.761,7.3229,4.33767,3.8082,0.0,LLLYILLILLLGTLLAFLILI,0.298112690547834,0.139452070186014,G,99999900.0,-30.3826,0.0,6.651999999999987,G,I
LLLTYLLAVLLGLLLAALILI,Mutant,void,16,LLLTYLLAVLLGLLLAFLILI,-0.0157737943839163,LLLTYLLAVLLGLLLAALILI_0,1.1001100110011e+17,1.0,-56.3125,-52.7731,-44.9868,-224.196,-222.419,-245.353,-349.922,4581.06,3687.28,3669.08,-23.6857,-16.9207,-93.0986,-91.6505,-59.5821,-66.6446,48.57,-47.7586,6.51072,3.05364,2.28219,-11.1535,-71.1566,42.8294,-43.0573,-366.842,7.0278,2.95546,2.0979,0.0,LLLTYLLAVLLGLLLAALILI,0.55193504607144,0.0326924292103159,G,99999900.0,-33.51650000000001,-11.325699999999998,21.15700000000001,F,A
LLLTALLAILLGLLLGFLILI,Mutant,void,4,LLLTYLLAILLGLLLGFLILI,0.485071048712004,LLLTALLAILLGLLLGFLILI_0,1.1001100110011e+17,1.0,-53.1173,-48.5954,-44.9626,-225.686,-224.234,-242.405,-346.384,4525.51,3795.95,3710.41,-23.6554,-10.4941,-91.2362,-84.0487,-59.0167,-58.4244,57.667,-43.6571,6.64905,3.04871,2.41372,-9.67086,-61.5471,48.1349,-42.0502,-356.879,7.2784,2.23028,1.4523,0.0,LLLTALLAILLGLLLGFLILI,0.351989724666394,0.100962634296585,G,99999900.0,-32.2195,-8.154699999999998,16.718999999999994,Y,A
LLLAALLFSLLGALLGTLILI,Mutant,void,12,LLLAALLFSLLGLLLGTLILI,0.0514398028437944,LLLAALLFSLLGALLGTLILI_2,1.1001100110011e+17,1.0,-82.1144,-83.3074,-74.0983,-215.987,-211.901,-230.045,-344.772,4407.17,3768.33,3722.15,-23.4504,-19.0455,-70.1213,-68.6087,-40.6287,-51.1318,67.0745,-38.7959,6.51549,3.22483,2.73095,-7.67543,-43.753,64.4796,-35.9038,-352.818,6.884,1.7677,1.23489,2.0,LLLAALLFSLLGALLGTLILI,0.31906721305555,0.0362530987477753,G,99999900.0,-29.492600000000003,-8.016100000000009,14.057999999999993,L,A
LLLVTLLLGLLFGLLFILILI,Mutant,clash,16,LLLVTLLLGLLFGLLFALILI,0.5259646342572724,LLLVTLLLGLLFGLLFILILI_2,1.1001100110011e+17,1.0,-51.4623,-44.9466,-44.9466,-229.033,-226.755,-242.752,-336.491,4633.28,3645.59,3559.63,-23.4342,19.2535,-79.4304,-45.5361,-48.7921,-37.0672,80.9666,-42.3617,7.26589,2.99057,2.70507,23.1327,-33.3677,74.3197,-39.8132,-314.578,7.0315,1.53831,1.15311,2.0,LLLVTLLLGLLFGLLFILILI,0.356785210051157,0.0339353815967147,G,99999900.0,-30.638300000000008,-6.5157000000000025,13.719000000000024,A,I
LLLAYLLGVLLGLLLIFLILI,Mutant,clash,15,LLLAYLLGVLLGLLLAFLILI,0.7776994812040428,LLLAYLLGVLLGLLLIFLILI_0,1.1001100110011e+17,1.0,-52.7851,-55.1249,-44.9245,-222.553,-221.188,-244.192,-339.378,4581.36,3743.62,3527.51,-23.311,24047.1,-87.351,23984.0,-50.2613,-95.4798,46.1798,-47.4454,6.75701,7.05624,6.24893,21859.2,-91.43,48.2927,-36.5962,23707.7,7.0472,6.73401,5.9584,0.0,LLLAYLLGVLLGLLLIFLILI,0.391994770169689,0.0317477014682987,G,99999900.0,-37.0897,-7.860599999999998,21.63900000000001,A,I
LLLYALLALLLGTLLSILILI,Mutant,void,7,LLLYALLFLLLGTLLSILILI,-0.0273546411386564,LLLYALLALLLGTLLSILILI_2,1.1001100110011e+17,1.0,-76.4495,-71.3173,-74.0819,-231.165,-222.498,-245.291,-370.196,4593.23,3767.16,3708.44,-23.3077,277.209,-85.8891,200.829,-50.8227,-71.0677,58.4332,-44.4412,7.37986,5.04863,4.42513,190.476,-60.5958,60.1642,-40.2827,-92.9866,7.5,3.71154,3.114,2.0,LLLYALLALLLGTLLSILILI,0.282111181227676,0.0202914581473374,G,99999900.0,-35.0664,-2.367599999999996,14.126000000000005,F,A
LLLYGLLAALLGTLLSLLILI,Mutant,void,7,LLLYGLLFALLGTLLSLLILI,-0.0290704443852785,LLLYGLLAALLGTLLSLLILI_2,1.1001100110011e+17,1.0,-86.8428,-77.8175,-74.0094,-220.152,-218.946,-240.301,-359.545,4534.08,3805.21,3718.51,-23.1367,-13.4816,-75.6869,-76.2622,-45.2337,-67.1065,64.3353,-39.1723,6.55795,5.25123,4.71626,-10.2281,-64.5043,61.457,-37.6682,-372.291,6.656,4.47234,3.89419,2.0,LLLYGLLAALLGTLLSLLILI,0.29595438185075,0.0220213636791604,G,99999900.0,-30.453199999999995,-12.833399999999996,20.149,F,A
LLLTALLGLLLGVLLASLILI,Mutant,void,4,LLLTLLLGLLLGVLLASLILI,0.0715662263116814,LLLTALLGLLLGVLLASLILI_0,1.1001100110011e+17,1.0,-72.6411,-64.8999,-60.2643,-212.639,-215.036,-238.016,-363.456,4492.24,3626.89,3603.3,-22.9381,-16.4114,-101.114,-99.9317,-65.1756,-101.958,25.9856,-42.1567,6.45069,5.30182,4.1916,-15.9853,-97.764,38.4753,-38.0973,-379.867,7.04,6.35877,5.4359,0.0,LLLTALLGLLLGVLLASLILI,1.05828819206569,0.0484678986688409,G,99999900.0,-35.9384,-12.376799999999996,25.37699999999998,L,A
LLLSSLLALLLGTLLGALILI,Mutant,void,16,LLLSSLLALLLGTLLGFLILI,-0.0784369101793439,LLLSSLLALLLGTLLGALILI_0,1.1001100110011e+17,1.0,-76.4018,-87.3085,-58.7549,-215.49,-210.448,-250.836,-366.959,4431.28,3460.29,3384.6,-22.832,4852.64,-97.8988,4783.44,-57.3683,-61.9939,66.6226,-36.7761,7.10322,4.79315,4.29249,4795.94,-65.5548,56.8812,-35.0605,4485.68,6.8434,4.01218,3.3654,0.0,LLLSSLLALLLGTLLGALILI,0.363648324840196,0.0496999131969441,G,99999900.0,-40.5305,-17.646899999999995,35.346000000000004,F,A
LLLYVLLFALLGALLGTLILI,Mutant,void,8,LLLYVLLFLLLGALLGTLILI,0.0102607431145735,LLLYVLLFALLGALLGTLILI_0,1.1001100110011e+17,1.0,-68.7933,-70.3451,-58.7437,-223.471,-215.867,-240.909,-329.095,4560.96,3901.77,3784.48,-22.7283,-10.7883,-59.5588,-53.6712,-29.4414,-40.464,69.4171,-45.0332,6.44247,1.94091,1.48216,-10.4359,-41.6132,59.4908,-39.8529,-339.883,6.5091,0.773238,0.1656,0.0,LLLYVLLFALLGALLGTLILI,0.240241348369471,0.124098971448798,G,99999900.0,-30.1174,-10.049600000000003,17.437999999999988,L,A
LLLASLLALLLGTLLGFLILI,Mutant,void,3,LLLYSLLALLLGTLLGFLILI,-0.0543341424320628,LLLASLLALLLGTLLGFLILI_2,1.1001100110011e+17,1.0,-64.0512,-71.9728,-58.7271,-213.928,-213.465,-234.724,-342.7,4471.55,3551.75,3415.48,-22.7158,8081.07,-87.4372,8023.8,-49.2488,-73.1533,47.0161,-32.5424,7.16628,3.82017,3.02541,7374.22,-65.5548,56.8812,-35.0605,7738.37,6.8434,4.01218,3.3654,2.0,LLLASLLALLLGTLLGFLILI,0.287383904177524,0.0306885037282502,G,99999900.0,-38.1884,-5.324099999999994,20.795999999999992,Y,A
LLLYALLGALLGILLSTLILI,Mutant,void,4,LLLYLLLGALLGILLSTLILI,0.1951059368725162,LLLYALLGALLGILLSTLILI_1,1.1001100110011e+17,1.0,-86.3985,-83.3347,-74.098,-220.596,-223.244,-240.238,-356.014,4490.12,3864.77,3733.1,-22.7147,-19.2533,-71.7348,-68.6894,-41.6788,-68.4381,61.8556,-44.8368,6.72284,5.11622,4.54406,-14.2852,-63.07,66.418,-42.249,-370.095,7.1117,4.92693,4.4232,1.0,LLLYALLGALLGILLSTLILI,0.6142594456875,0.0395818862048593,G,99999900.0,-30.056000000000004,-12.3005,19.642,L,A
LLLYALLFILLGTLLSILILI,Mutant,clash,8,LLLYALLFLLLGTLLSILILI,0.0079812099738045,LLLYALLFILLGTLLSILILI_2,1.1001100110011e+17,1.0,-83.9388,-70.4521,-74.0819,-230.34,-227.169,-250.016,-359.95,4626.21,4003.16,3721.57,-22.678,337.884,-68.349,275.555,-35.8513,-64.6021,53.6179,-54.2461,7.36795,3.42874,2.73301,229.783,-60.5958,60.1642,-40.2827,-33.1297,7.5,3.71154,3.114,2.0,LLLYALLFILLGTLLSILILI,0.246775330115215,0.084681202558466,G,99999900.0,-32.4977,-9.856899999999996,19.675999999999988,L,I
LLLGYLLALLLGTLLSALILI,Mutant,void,16,LLLGYLLALLLGTLLSFLILI,-0.2278202023111569,LLLGYLLALLLGTLLSALILI_2,1.1001100110011e+17,1.0,-77.3291,-77.4235,-74.0304,-221.68,-221.474,-241.754,-364.441,4518.58,3584.88,3625.32,-22.5949,-22.5052,-88.0274,-88.049,-48.6564,-69.1906,54.4391,-39.8526,6.93455,4.22787,3.54445,-22.5427,-68.9875,54.3485,-39.7512,-386.77,6.8746,4.18517,3.5004,2.0,LLLGYLLALLLGTLLSALILI,0.868541380362874,0.0758826758200368,G,99999900.0,-39.371,-3.2986999999999966,20.073999999999984,F,A
LLLSSLLALLLGALLGTLILI,Mutant,void,12,LLLSSLLALLLGVLLGTLILI,0.2544563005172346,LLLSSLLALLLGALLGTLILI_0,1.1001100110011e+17,1.0,-76.3318,-84.2013,-58.7566,-215.119,-212.425,-249.44,-369.064,4456.1,3477.83,3397.37,-22.2133,1648.86,-99.8265,1576.43,-60.8674,-63.6123,59.7256,-36.5216,7.17978,4.1048,3.50069,1067.22,-66.9239,51.0441,-36.0241,1279.8,6.7893,3.42954,2.6952,0.0,LLLSSLLALLLGALLGTLILI,0.376855836186037,0.031330323588621,G,99999900.0,-38.95909999999999,-17.575200000000002,34.321,V,A
LLLLVLLGALLGTLLSALILI,Mutant,void,16,LLLLVLLGALLGTLLSFLILI,-0.0848588376268263,LLLLVLLGALLGTLLSALILI_1,1.1001100110011e+17,1.0,-87.2929,-82.6938,-74.0199,-210.538,-215.784,-230.619,-363.979,4452.87,3727.57,3724.27,-21.8388,-17.4604,-87.9867,-82.9613,-59.3405,-70.6757,65.359,-40.7789,6.72125,5.92482,5.40521,-7.3923,-62.3587,69.782,-39.5227,-374.237,7.3379,5.27437,4.8211,1.0,LLLLVLLGALLGTLLSALILI,0.601881110386523,0.0330867573150134,G,99999900.0,-28.6462,-13.272999999999996,20.08099999999999,F,A
LLLIYLLAVLLGLLLAFLILI,Mutant,clash,3,LLLTYLLAVLLGLLLAFLILI,0.1918667939045185,LLLIYLLAVLLGLLLAFLILI_2,1.1001100110011e+17,1.0,-53.0072,-54.8891,-44.9868,-220.205,-215.199,-240.311,-337.602,4637.75,3772.86,3604.57,-21.6873,-9.66142,-86.077,-77.1757,-52.3046,-73.1254,48.0649,-44.0697,7.03061,3.95758,3.17855,-11.7433,-71.1566,42.8294,-43.0573,-351.583,7.0278,2.95546,2.0979,2.0,LLLIYLLAVLLGLLLAFLILI,0.344294457783005,0.149556474964241,G,99999900.0,-33.7724,-8.020399999999995,20.105999999999995,T,I
LLLTALLVGLLGALLGFLILI,Mutant,void,12,LLLTALLVGLLGLLLGFLILI,-0.1142965665256677,LLLTALLVGLLGALLGFLILI_0,1.1001100110011e+17,1.0,-52.5597,-47.009,-44.921,-217.837,-215.061,-234.487,-327.183,4459.78,3898.0,3789.6,-21.5533,-5.30717,-78.3399,-70.4205,-47.7757,-44.9293,74.56,-48.7093,6.58804,3.305,2.9234,-5.26372,-48.1591,65.1383,-40.7743,-332.49,7.1702,2.51753,1.9946,0.0,LLLTALLVGLLGALLGFLILI,0.461434020695868,0.0158177334286538,G,99999900.0,-30.5642,-7.6387,16.650000000000006,L,A
LLLSSLLAALLGTLLGFLILI,Mutant,void,8,LLLSSLLALLLGTLLGFLILI,-0.0390590048375528,LLLSSLLAALLGTLLGFLILI_0,1.1001100110011e+17,1.0,-78.4415,-87.1842,-58.7559,-216.243,-210.122,-251.32,-353.466,4435.0,3442.01,3407.07,-21.3415,4851.82,-80.1224,4795.66,-43.3897,-62.344,66.3849,-36.4553,6.96588,4.81357,4.30934,2861.64,-65.5548,56.8812,-35.0605,4498.36,6.8434,4.01218,3.3654,0.0,LLLSSLLAALLGTLLGFLILI,0.324270419498405,0.0237922787160172,G,99999900.0,-36.7327,-19.685600000000008,35.077,L,A
LLLYLLLGALLGTLLIFLILI,Mutant,clash,15,LLLYLLLGALLGTLLSFLILI,0.3907002542639933,LLLYLLLGALLGTLLIFLILI_2,1.1001100110011e+17,1.0,-58.7234,-55.3281,-58.7234,-235.84,-230.264,-246.097,-344.8,4634.58,3889.64,3599.46,-20.9794,3444.49,-71.2166,3385.28,-39.9799,-64.8632,73.6074,-46.6916,7.88572,6.16648,5.77059,2934.02,-60.6857,64.7023,-38.4105,3165.13,7.3229,4.33767,3.8082,2.0,LLLYLLLGALLGTLLIFLILI,0.209541412730668,0.0839602234251724,G,99999900.0,-31.2367,0.0,10.257000000000003,S,I
LLLSSLLAALLGVLLGTLILI,Mutant,void,8,LLLSSLLALLLGVLLGTLILI,0.3242402071757189,LLLSSLLAALLGVLLGTLILI_2,1.1001100110011e+17,1.0,-78.1372,-84.0489,-58.7566,-213.772,-210.313,-248.712,-364.377,4402.71,3501.77,3408.72,-20.9402,1650.57,-93.4079,1580.55,-56.9082,-73.0555,49.8311,-37.4317,7.09332,4.18552,3.43298,628.288,-66.9239,51.0441,-36.0241,1286.19,6.7893,3.42954,2.6952,2.0,LLLSSLLAALLGVLLGTLILI,0.307071929527552,0.0167577595415612,G,99999900.0,-36.4997,-19.38060000000001,34.94,L,A
LLLYSLLAALLGTLLGFLILI,Mutant,void,8,LLLYSLLALLLGTLLGFLILI,-0.0073556363345986,LLLYSLLAALLGTLLGFLILI_0,1.1001100110011e+17,1.0,-65.2513,-71.8392,-58.7271,-218.502,-215.373,-241.113,-329.288,4550.62,3695.66,3589.94,-20.8644,8087.02,-66.3986,8044.94,-29.4482,-74.6221,50.9328,-32.864,7.09445,4.56925,3.83324,7488.62,-65.5548,56.8812,-35.0605,7757.73,6.8434,4.01218,3.3654,0.0,LLLYSLLAALLGTLLGFLILI,0.24040539808006,0.0412770932185315,G,99999900.0,-36.9504,-6.5242,22.61099999999999,L,A
LLLLTLLVALLAGLLFILILI,Mutant,clash,16,LLLLTLLVALLAGLLFSLILI,0.0001161581495139,LLLLTLLVALLAGLLFILILI_1,1.1001100110011e+17,1.0,-52.0124,-51.3973,-44.995,-225.818,-220.996,-239.155,-345.766,4596.83,3779.68,3652.06,-20.7933,17.053,-88.7289,-56.3195,-61.6158,-39.434,81.2941,-41.045,7.7417,3.38982,3.10923,18.4951,-35.1672,74.1308,-38.712,-328.628,7.5,1.78274,1.3947,1.0,LLLLTLLVALLAGLLFILILI,0.380854756025786,0.0375753106076793,G,99999900.0,-27.1131,-7.017400000000002,13.336999999999987,S,I
LLLTSLLVGLLIYLLGLLILI,Mutant,clash,11,LLLTSLLVGLLAYLLGLLILI,0.2372015469278237,LLLTSLLVGLLIYLLGLLILI_2,1.1001100110011e+17,1.0,-58.8488,-51.5678,-44.9603,-234.58,-229.686,-256.188,-361.048,4621.67,3774.27,3637.48,-20.764,1557250.0,-88.3841,1557170.0,-59.8998,-43.4219,84.5828,-47.3341,7.96266,4.43196,4.2007,1524710.0,-47.0876,58.6724,-35.0,1556970.0,7.44,1.48391,0.863996,2.0,LLLTSLLVGLLIYLLGLLILI,0.248723704908669,0.0484287978096487,G,99999900.0,-28.484300000000005,-13.8885,21.607999999999976,A,I
LLLYALLAVLLGLLLGTLILI,Mutant,void,4,LLLYFLLAVLLGLLLGTLILI,-0.0168531058672679,LLLYALLAVLLGLLLGTLILI_0,1.1001100110011e+17,1.0,-58.7556,-60.3616,-58.7556,-229.106,-222.903,-240.658,-347.766,4583.77,3685.41,3632.49,-20.7147,-16.1609,-80.6191,-80.6619,-48.3525,-69.4777,45.6586,-41.9608,7.0661,3.08556,2.27044,-15.8791,-71.1719,34.5088,-41.0473,-363.927,6.9662,1.83447,0.852102,0.0,LLLYALLAVLLGLLLGTLILI,0.37205432425534,0.05518324627824,G,99999900.0,-32.266600000000004,0.0,11.551999999999992,F,A
LLLTALLALLLGVLLASLILI,Mutant,void,7,LLLTALLFLLLGVLLASLILI,0.0250677737569748,LLLTALLALLLGVLLASLILI_0,1.1001100110011e+17,1.0,-67.0136,-65.8041,-60.3462,-219.067,-216.283,-238.459,-367.607,4507.03,3565.72,3570.59,-20.7048,806.352,-102.231,720.833,-68.8014,-55.5102,71.83,-42.8897,7.29609,4.52357,4.10102,237.24,-60.5958,60.1642,-40.2827,438.746,7.5,3.71154,3.114,0.0,LLLTALLALLLGVLLASLILI,0.848898296026806,0.0196881276216011,G,99999900.0,-33.42959999999999,-6.6673999999999936,19.392,F,A
LLLSALLVLLLGALLGFLILI,Mutant,void,4,LLLSYLLVLLLGALLGFLILI,0.4986082950213329,LLLSALLVLLLGALLGFLILI_0,1.1001100110011e+17,1.0,-55.6352,-59.1703,-44.9843,-223.521,-224.107,-241.373,-341.413,4547.2,3789.01,3534.98,-20.4438,4279.6,-82.7,4221.47,-55.0556,-47.1243,69.2906,-52.5022,6.70994,2.92287,2.46223,3282.63,-47.4319,67.7648,-45.0,3938.19,6.6781,2.76303,2.2795,0.0,LLLSALLVLLLGALLGFLILI,0.228416828787097,0.0323722894569484,G,99999900.0,-27.644400000000005,-10.6509,17.852000000000004,Y,A
LLLTALLFLLLGALLGSLILI,Mutant,void,12,LLLTALLFLLLGYLLGSLILI,0.4773629263542637,LLLTALLFLLLGALLGSLILI_2,1.1001100110011e+17,1.0,-72.905,-69.6513,-60.326,-218.475,-217.71,-236.644,-346.579,4508.9,3752.44,3546.54,-20.3495,38372.9,-75.5485,38313.7,-49.6094,-44.6541,56.8492,-51.7885,6.4834,0.872759,0.225497,34466.6,-54.4566,55.8714,-40.6917,38026.3,7.0594,2.21113,1.5492,2.0,LLLTALLFLLLGALLGSLILI,0.658078766168964,0.0073685389367829,G,99999900.0,-25.939100000000003,-12.579,18.16900000000001,Y,A
LLLAGLLALLLGTLLSYLILI,Mutant,void,7,LLLAGLLFLLLGTLLSYLILI,-0.0598669407476538,LLLAGLLALLLGTLLSYLILI_1,1.1001100110011e+17,1.0,-73.3549,-78.7703,-74.1054,-222.895,-219.448,-238.615,-361.557,4464.15,3599.47,3648.75,-20.282,-19.0323,-85.589,-82.371,-48.8358,-70.4965,63.85,-32.6489,7.14058,5.69423,5.15198,-11.2841,-64.7067,61.3173,-36.5921,-374.681,7.395,4.48384,3.9036,1.0,LLLAGLLALLLGTLLSYLILI,0.283279746446683,0.0650825067273026,G,99999900.0,-36.7532,0.7505000000000024,15.72,F,A
LLLYALLALLLGTLLIFLILI,Mutant,clash,15,LLLYALLALLLGTLLSFLILI,0.0100938939633001,LLLYALLALLLGTLLIFLILI_1,1.1001100110011e+17,1.0,-58.8208,-55.4247,-58.8208,-236.415,-229.863,-248.311,-348.773,4679.66,3882.82,3635.32,-20.1759,73.0145,-73.7127,9.52926,-41.6408,-66.4691,76.0551,-38.5362,8.02697,6.73781,6.37863,49.8759,-66.9322,64.0684,-37.8112,-288.821,7.282,5.18907,4.6501,1.0,LLLYALLALLLGTLLIFLILI,0.289270293356549,0.0101941190783801,G,99999900.0,-32.0719,0.0,11.896000000000017,S,I
LLLAALLAGLLFLLLSVLILI,Mutant,void,3,LLLTALLAGLLFLLLSVLILI,0.0125007266073631,LLLAALLAGLLFLLLSVLILI_1,1.1001100110011e+17,1.0,-60.2318,-61.0106,-60.3184,-220.224,-217.114,-235.118,-351.449,4531.84,3644.7,3591.26,-20.1347,-15.4266,-91.1275,-88.7513,-56.0128,-76.7626,70.0598,-40.8784,7.26347,7.47247,7.02337,-12.5321,-68.8165,69.6202,-43.3499,-364.451,7.0847,6.2212,5.7655,1.0,LLLAALLAGLLFLLLSVLILI,0.376482889945305,0.0449210581053573,G,99999900.0,-35.1147,0.0865999999999971,14.894000000000004,T,A
LLLTALLVGLLGGLLALLILI,Mutant,void,15,LLLTALLVGLLGGLLFLLILI,-0.0817675866758583,LLLTALLVGLLGGLLALLILI_0,1.1001100110011e+17,1.0,-54.0264,-52.1578,-44.9383,-216.81,-215.217,-233.337,-345.218,4446.2,3875.49,3748.87,-20.0374,-15.8146,-94.4196,-93.6576,-66.9428,-43.4821,73.4579,-46.2954,6.37211,2.93913,2.541,-14.9108,-45.1876,67.311,-43.6659,-361.033,6.6072,2.36513,1.8748,0.0,LLLTALLVGLLGGLLALLILI,0.451510289775263,0.0062547484100307,G,99999900.0,-27.4768,-9.088100000000004,16.526999999999987,F,A
LLLAALLAVLLGLLLGFLILI,Mutant,void,4,LLLAYLLAVLLGLLLGFLILI,0.3829142194901441,LLLAALLAVLLGLLLGFLILI_1,1.1001100110011e+17,1.0,-50.4803,-46.5332,-44.9566,-218.969,-219.771,-232.037,-332.596,4467.83,3790.9,3568.24,-19.9097,-10.2751,-83.0562,-76.5668,-55.602,-72.6921,56.851,-50.4423,7.34021,5.0787,4.43147,-9.13906,-76.6711,46.9516,-39.8118,-341.804,7.5,4.33913,3.5434,1.0,LLLAALLAVLLGLLLGFLILI,0.374095951646952,0.0861983707332199,G,99999900.0,-27.454200000000007,-5.523699999999998,13.068000000000012,Y,A
LLLYVLLTLLLGILLFALILI,Mutant,clash,12,LLLYVLLTLLLGGLLFALILI,0.1014415041660881,LLLYVLLTLLLGILLFALILI_2,1.1001100110011e+17,1.0,-58.7757,-58.7757,-58.7757,-238.599,-226.794,-250.348,-350.144,4730.96,4006.92,3734.02,-19.0863,850.542,-71.856,785.968,-41.0202,-37.9337,86.1912,-35.012,8.98338,3.82587,3.61873,730.791,-36.0293,69.0807,-35.6829,500.397,7.2857,1.23029,0.766501,2.0,LLLYVLLTLLLGILLFALILI,0.286313849832325,0.0380424706682419,G,99999900.0,-30.835799999999992,0.0,11.749000000000024,G,I
LLLGALLALLLGTLLSFLILI,Mutant,void,4,LLLGYLLALLLGTLLSFLILI,0.3296358110742424,LLLGALLALLLGTLLSFLILI_1,1.1001100110011e+17,1.0,-73.2479,-74.0609,-74.0304,-222.332,-220.306,-239.031,-360.141,4491.73,3710.52,3630.53,-18.9916,-16.9231,-83.5522,-82.6978,-47.0795,-70.2482,58.763,-37.0053,6.92891,4.97023,4.35168,-16.6858,-68.9875,54.3485,-39.7512,-377.022,6.8746,4.18517,3.5004,1.0,LLLGALLALLLGTLLSFLILI,0.311085366977474,0.0327571176156533,G,99999900.0,-36.4727,0.7824999999999989,16.699000000000012,Y,A
LLLATLLVALLAGLLFSLILI,Mutant,void,3,LLLLTLLVALLAGLLFSLILI,-0.1393806367793942,LLLATLLVALLAGLLFSLILI_2,1.1001100110011e+17,1.0,-67.1666,-65.5799,-60.3111,-221.836,-218.522,-240.007,-348.713,4532.69,3670.59,3571.57,-18.9805,-15.4935,-78.6906,-80.1044,-48.3944,-39.2771,78.5222,-39.7114,7.74092,2.99207,2.6699,-15.1688,-35.1672,74.1308,-38.712,-364.247,7.5,1.78274,1.3947,2.0,LLLATLLVALLAGLLFSLILI,0.520351550954695,0.0641732580389698,G,99999900.0,-30.29620000000001,-6.855499999999999,18.170999999999992,L,A
LLLYLLLGALLAALLSTLILI,Mutant,void,12,LLLYLLLGALLAFLLSTLILI,0.0309024739311347,LLLYLLLGALLAALLSTLILI_0,1.1001100110011e+17,1.0,-73.9835,-75.1557,-73.9835,-228.881,-216.843,-240.248,-362.523,4543.88,3800.19,3769.12,-18.9507,-5.43102,-78.6094,-75.9553,-48.2923,-78.1099,72.527,-41.2812,7.58123,8.00763,7.59554,-6.1512,-74.4436,60.1664,-43.4591,-367.954,7.3574,5.789,5.1915,0.0,LLLYLLLGALLAALLSTLILI,0.228606223584126,0.0271412940615759,G,99999900.0,-30.3171,0.0,11.36699999999999,F,A
LLLAALLALLLGTLLSFLILI,Mutant,void,3,LLLYALLALLLGTLLSFLILI,0.0148203515845402,LLLAALLALLLGTLLSFLILI_2,1.1001100110011e+17,1.0,-75.2221,-72.0256,-74.0925,-222.357,-220.466,-235.778,-359.2,4496.78,3829.01,3598.2,-18.8034,-10.3648,-80.4247,-77.0734,-49.3291,-69.471,65.8271,-39.859,7.58965,5.8073,5.2947,-17.8364,-66.9322,64.0684,-37.8112,-376.816,7.282,5.18907,4.6501,2.0,LLLAALLALLLGTLLSFLILI,0.284543835735309,0.0372665047101574,G,99999900.0,-31.095600000000005,-1.1295999999999964,13.420999999999992,Y,A
LLLTALLVGLLGILLFLLILI,Mutant,clash,12,LLLTALLVGLLGGLLFLLILI,0.0339645921797941,LLLTALLVGLLGILLFLLILI_0,1.1001100110011e+17,1.0,-48.7415,-52.0565,-44.9383,-229.304,-225.313,-243.695,-348.048,4606.67,3918.88,3650.15,-18.4757,6330.38,-88.4778,6259.71,-59.4148,-34.0678,88.5518,-48.4777,7.09923,3.56465,3.39293,6051.14,-45.1876,67.311,-43.6659,5982.34,6.6072,2.36513,1.8748,0.0,LLLTALLVGLLGILLFLLILI,0.33577811091961,0.0745540084725581,G,99999900.0,-29.063,-3.803200000000004,14.390999999999991,G,I
LLLTYLLAALLGVLLGSLILI,Mutant,void,8,LLLTYLLALLLGVLLGSLILI,0.3334507220246394,LLLTYLLAALLGVLLGSLILI_0,1.1001100110011e+17,1.0,-67.0422,-70.1691,-60.2923,-223.455,-218.769,-241.433,-350.736,4505.04,3707.36,3567.89,-18.4718,28612.4,-78.7108,28550.6,-49.0102,-62.149,52.3359,-46.1704,7.15335,2.88769,2.17273,20629.6,-59.4498,45.2469,-38.8459,28261.7,6.6517,1.5258,0.704503,0.0,LLLTYLLAALLGVLLGSLILI,0.527756870349766,0.0329637104510604,G,99999900.0,-29.70060000000001,-6.749899999999997,17.97799999999998,L,A
LLLVTLLLGLLFGLLAALILI,Mutant,void,15,LLLVTLLLGLLFGLLFALILI,0.1138697878858283,LLLVTLLLGLLFGLLAALILI_1,1.1001100110011e+17,1.0,-51.5282,-49.5476,-44.9466,-217.905,-216.785,-233.688,-336.872,4508.96,3751.58,3606.8,-18.4241,-10.024,-85.8631,-80.5635,-58.238,-37.1513,77.4898,-40.4386,7.22481,2.53381,2.19616,-10.2994,-33.3677,74.3197,-39.8132,-347.466,7.0315,1.53831,1.15311,1.0,LLLVTLLLGLLFGLLAALILI,0.768880056422601,0.0573447559940674,G,99999900.0,-27.625100000000003,-6.581600000000002,15.782999999999989,F,A
LLLVLLLTGLLFILLAYLILI,Mutant,clash,12,LLLVLLLTGLLFALLAYLILI,0.0461043104361472,LLLVLLLTGLLFILLAYLILI_2,1.1001100110011e+17,1.0,-58.6912,-58.6912,-58.7499,-234.869,-228.231,-245.263,-348.175,4651.51,3949.33,3631.15,-18.2744,1840.43,-72.8889,1779.18,-44.1614,-42.5278,75.6307,-54.9517,8.7108,3.08931,2.72377,1363.76,-38.7525,65.3789,-42.5319,1608.15,7.4041,1.13902,0.619703,2.0,LLLVLLLTGLLFILLAYLILI,0.274816651845737,0.0271817112545608,G,99999900.0,-28.727500000000006,0.0586999999999946,10.394000000000004,A,I
LLLYVLLILLLGFLLSTLILI,Mutant,clash,7,LLLYVLLGLLLGFLLSTLILI,0.7918579782334934,LLLYVLLILLLGFLLSTLILI_0,1.1001100110011e+17,1.0,-74.0812,-74.0812,-74.0812,-249.465,-239.944,-252.316,-366.2,4678.83,4200.62,3686.21,-18.0251,49106.5,-60.679,49054.4,-39.8029,-85.6921,46.639,-34.7307,10.0531,5.65009,4.84967,47270.2,-92.7718,28.0376,-44.4465,48740.3,7.5,4.20084,3.1214,0.0,LLLYVLLILLLGFLLSTLILI,0.294126559845034,0.105915505134649,G,99999900.0,-20.8761,0.0,2.850999999999999,G,I
LLLYVLLFTLLGALLILLILI,Mutant,clash,15,LLLYVLLFTLLGALLGLLILI,0.0312217236035225,LLLYVLLFTLLGALLILLILI_2,1.1001100110011e+17,1.0,-58.7108,-65.1896,-58.7108,-242.571,-228.43,-250.154,-351.933,4674.24,3975.75,3790.49,-17.9083,13100.9,-68.5596,13042.6,-43.0689,-46.2538,85.54,-45.6451,8.6767,4.98598,4.76908,13098.3,-42.798,67.046,-44.058,12749.0,7.0511,1.97091,1.4766,2.0,LLLYVLLFTLLGALLILLILI,0.264558061332111,0.0636642459177793,G,99999900.0,-25.490700000000004,0.0,7.582999999999998,G,I
LLLTSLLLGLLAALLAYLILI,Mutant,void,11,LLLTSLLLGLLFALLAYLILI,-0.0366737924060697,LLLTSLLLGLLAALLAYLILI_1,1.1001100110011e+17,1.0,-59.6455,-60.3705,-44.9453,-225.814,-222.637,-247.351,-353.06,4543.19,3743.07,3669.59,-17.8599,11670.3,-85.4611,11600.2,-60.7644,-39.64,75.274,-42.582,7.47114,2.60798,2.23709,9816.88,-40.0595,64.5531,-38.0126,11299.1,7.2779,1.2236,0.691897,1.0,LLLTSLLLGLLAALLAYLILI,0.335302483731119,0.0834667813636789,G,99999900.0,-24.6967,-14.700199999999995,21.53700000000001,F,A
LLLSYLLTVLLGTLLAALILI,Mutant,void,16,LLLSYLLTVLLGTLLAFLILI,-0.0567381080289833,LLLSYLLTVLLGTLLAALILI_2,1.1001100110011e+17,1.0,-84.2796,-84.9323,-72.5251,-229.177,-226.83,-249.018,-365.534,4503.66,3799.79,3672.8,-17.8163,307.747,-69.8943,253.975,-43.9916,-49.1656,69.4812,-47.9949,8.13715,3.2548,2.79702,279.461,-49.156,60.31,-42.3523,-57.7871,7.5,2.01525,1.4199,2.0,LLLSYLLTVLLGTLLAALILI,0.430805484669578,0.030786743719648,G,99999900.0,-25.902700000000003,-11.754500000000007,19.841000000000008,F,A
LLLYLLLGILLAFLLSTLILI,Mutant,clash,8,LLLYLLLGALLAFLLSTLILI,0.0022480253461164,LLLYLLLGILLAFLLSTLILI_0,1.1001100110011e+17,1.0,-74.1744,-75.0511,-73.9784,-231.925,-226.025,-249.336,-360.255,4698.52,3869.84,3675.97,-17.7596,83.3663,-71.9151,24.1874,-36.9404,-82.4431,58.0721,-44.6205,7.93901,6.70621,6.07729,83.096,-74.4436,60.1664,-43.4591,-276.888,7.3574,5.789,5.1915,0.0,LLLYLLLGILLAFLLSTLILI,0.257260672169145,0.0579653091108421,G,99999900.0,-34.9747,-0.1960000000000121,17.411,A,I
LLLGYLLILLLGTLLSFLILI,Mutant,clash,7,LLLGYLLALLLGTLLSFLILI,0.3567779881956707,LLLGYLLILLLGTLLSFLILI_0,1.1001100110011e+17,1.0,-77.522,-76.3255,-74.0304,-232.835,-230.06,-249.275,-363.007,4626.18,3751.36,3571.68,-17.5611,1718.82,-70.2108,1662.2,-39.7014,-62.6499,58.9691,-45.9458,7.68709,3.85831,3.24285,1332.79,-68.9875,54.3485,-39.7512,1355.81,6.8746,4.18517,3.5004,0.0,LLLGYLLILLLGTLLSFLILI,0.283943189856046,0.0526188386010094,G,99999900.0,-30.509400000000007,-3.4916000000000054,16.439999999999998,A,I
LLLALLLGVLLITLLGFLILI,Mutant,clash,11,LLLALLLGVLLGTLLGFLILI,0.6980697801570115,LLLALLLGVLLITLLGFLILI_2,1.1001100110011e+17,1.0,-58.6964,-54.6316,-58.6964,-237.217,-219.189,-238.049,-350.687,4556.08,4034.04,3532.72,-17.4513,3913830.0,-72.2249,3913760.0,-53.9415,-90.9801,68.8669,-42.6978,9.68218,9.44405,8.97706,3820550.0,-92.5815,39.7325,-40.3169,3913480.0,6.7382,5.75111,4.8471,2.0,LLLALLLGVLLITLLGFLILI,0.305565990867515,0.0434082656849241,G,99999900.0,-18.283400000000007,0.0,0.8319999999999936,G,I
LLLYLLLAVLLGTLLIFLILI,Mutant,clash,15,LLLYLLLAVLLGTLLSFLILI,0.0550730505649645,LLLYLLLAVLLGTLLIFLILI_1,1.1001100110011e+17,1.0,-58.7596,-55.425,-58.7596,-241.775,-234.641,-249.854,-352.023,4685.87,4076.94,3791.92,-17.419,1166.39,-68.9069,1104.44,-43.4087,-52.5348,72.7722,-42.265,9.00991,4.20447,3.79605,1113.28,-49.156,60.31,-42.3523,1168.9,7.5,2.01525,1.4199,1.0,LLLYLLLAVLLGTLLIFLILI,0.213815293914241,0.03766513445238,G,99999900.0,-25.49819999999999,0.0,8.079000000000008,S,I
LLLYALLAVLLGTLLSFLILI,Mutant,void,4,LLLYLLLAVLLGTLLSFLILI,0.0549696941664004,LLLYALLAVLLGTLLSFLILI_1,1.1001100110011e+17,1.0,-74.0075,-58.7596,-74.0075,-236.04,-226.891,-244.853,-349.327,4593.27,4117.85,3831.75,-17.2181,814.993,-56.4973,751.317,-30.4668,-49.3955,75.582,-49.401,8.34995,4.11289,3.74662,682.494,-49.156,60.31,-42.3523,447.541,7.5,2.01525,1.4199,1.0,LLLYALLAVLLGTLLSFLILI,0.213918650312805,0.11093000523898,G,99999900.0,-26.030500000000004,0.0,8.813000000000017,L,A
LLLYVLLGALLIILLTLLILI,Mutant,clash,11,LLLYVLLGALLGILLTLLILI,0.7304449043521262,LLLYVLLGALLIILLTLLILI_2,1.1001100110011e+17,1.0,-58.7202,-62.3709,-58.7202,-240.537,-224.664,-249.399,-366.059,4653.45,3923.83,3676.03,-17.0546,55728.6,-83.8562,55649.6,-57.9403,-82.2855,70.8877,-37.9517,9.01295,8.41266,7.97598,37237.7,-72.8097,60.8563,-43.7016,55362.5,6.839,5.63706,5.0499,2.0,LLLYVLLGALLIILLTLLILI,0.274636915334667,0.0454613453405846,G,99999900.0,-25.9159,0.0,8.861999999999995,G,I
LLLYGLLFALLIILLTLLILI,Mutant,clash,11,LLLYGLLFALLGILLTLLILI,0.0681090354951248,LLLYGLLFALLIILLTLLILI_2,1.1001100110011e+17,1.0,-58.7811,-52.8603,-58.7811,-243.219,-229.301,-252.306,-355.146,4707.75,4072.03,3646.3,-17.0137,26755.4,-70.1601,26682.4,-44.0593,-78.7126,63.6395,-36.7182,8.81203,6.89823,6.35282,25675.7,-64.5043,61.457,-37.6682,26400.2,6.656,4.47234,3.89419,2.0,LLLYGLLFALLIILLTLLILI,0.285417553852373,0.0161048843468115,G,99999900.0,-26.1008,0.0,9.087000000000018,G,I
LLLYALLAVLLGLLLGSLILI,Mutant,void,4,LLLYFLLAVLLGLLLGSLILI,-0.0195285898938958,LLLYALLAVLLGLLLGSLILI_1,1.1001100110011e+17,1.0,-63.9131,-61.3914,-60.2613,-221.135,-220.732,-239.486,-350.876,4577.47,3588.78,3582.95,-16.7267,-8.70042,-82.5543,-77.4526,-51.1285,-73.5249,42.8338,-38.5512,7.36305,3.3113,2.45381,-8.86697,-72.2097,37.011,-35.0,-356.97,7.3038,2.32794,1.3831,1.0,LLLYALLAVLLGLLLGSLILI,0.347051544056814,0.11071673083096,G,99999900.0,-31.425799999999995,-3.6518000000000015,18.351,F,A
LLLYVLLTALLGTLLAFLILI,Mutant,void,8,LLLYVLLTLLLGTLLAFLILI,-0.012324515579265,LLLYVLLTALLGTLLAFLILI_2,1.1001100110011e+17,1.0,-72.6251,-72.6251,-72.6251,-235.067,-229.577,-245.438,-344.423,4597.23,4125.43,3771.22,-16.6534,855.732,-53.3844,813.511,-26.36,-46.8942,78.2898,-48.192,8.04164,4.10325,3.7776,669.398,-48.9252,56.7148,-39.7132,507.45,7.3783,1.49528,0.846002,2.0,LLLYVLLTALLGTLLAFLILI,0.279198517182104,0.047930587069671,G,99999900.0,-27.0244,0.0,10.37099999999998,L,A
LLLTALLVGLLGLLLGALILI,Mutant,void,16,LLLTALLVGLLGLLLGFLILI,-0.0903370584010982,LLLTALLVGLLGLLLGALILI_0,1.1001100110011e+17,1.0,-52.5038,-47.009,-44.921,-215.626,-214.097,-233.438,-344.216,4495.5,3810.53,3797.62,-16.603,-5.8292,-92.6894,-88.9398,-65.8568,-47.7417,69.6401,-42.8275,6.73075,3.06267,2.60727,-6.00781,-48.1591,65.1383,-40.7743,-350.045,7.1702,2.51753,1.9946,0.0,LLLTALLVGLLGLLLGALILI,0.437474512571298,0.0184359314782552,G,99999900.0,-26.8326,-7.582799999999999,17.811999999999983,F,A
LLLAALLALLLGALLGTLILI,Mutant,void,12,LLLAALLALLLGVLLGTLILI,0.0358806311622139,LLLAALLALLLGALLGTLILI_0,1.1001100110011e+17,1.0,-60.5857,-63.2326,-58.784,-213.685,-205.284,-227.467,-348.738,4415.36,3686.08,3579.45,-16.5253,-13.0368,-90.9927,-93.2585,-62.4873,-79.6434,64.4751,-39.64,7.43577,7.15066,6.61779,-13.1506,-78.0946,55.6007,-36.5199,-361.775,7.2728,5.72029,5.0543,0.0,LLLAALLALLLGALLGTLILI,0.428226479083751,0.0693326928272241,G,99999900.0,-28.5054,-1.801700000000004,13.78200000000001,V,A
LLLLTLLVALLAGLLASLILI,Mutant,void,15,LLLLTLLVALLAGLLFSLILI,-0.0333326801718915,LLLLTLLVALLAGLLASLILI_1,1.1001100110011e+17,1.0,-67.2094,-66.6575,-60.3111,-218.361,-218.086,-232.157,-361.62,4468.93,3784.28,3702.65,-16.3027,-12.8339,-92.3519,-89.7099,-69.1519,-39.6109,78.8548,-39.8115,7.7603,3.08704,2.76987,-8.58299,-35.1672,74.1308,-38.712,-370.404,7.5,1.78274,1.3947,1.0,LLLLTLLVALLAGLLASLILI,0.414303594347192,0.0352611659459499,G,99999900.0,-23.200000000000003,-6.898299999999999,13.79600000000002,F,A
LLLTVLLLGLLAGLLFALILI,Mutant,void,11,LLLTVLLLGLLFGLLFALILI,-0.0986818058744808,LLLTVLLLGLLAGLLFALILI_2,1.1001100110011e+17,1.0,-44.9318,-45.4981,-44.9318,-220.498,-219.126,-236.429,-338.16,4531.27,3802.81,3660.56,-16.2504,-9.58947,-88.9802,-83.1253,-56.7995,-33.0875,73.4024,-42.1988,7.22861,1.37244,0.973479,-11.8974,-30.525,71.559,-44.3251,-350.484,7.1169,0.739215,0.3126,2.0,LLLTVLLLGLLAGLLFALILI,0.667805024793499,0.0496932420863545,G,99999900.0,-32.180699999999995,0.0,15.931000000000012,F,A
LLLTALLAVLLGLLLAFLILI,Mutant,void,4,LLLTYLLAVLLGLLLAFLILI,0.1045473182879819,LLLTALLAVLLGLLLAFLILI_1,1.1001100110011e+17,1.0,-49.9415,-50.3906,-44.9868,-224.474,-222.26,-241.574,-345.427,4534.01,3810.34,3695.98,-16.2257,-5.65278,-87.2376,-78.4295,-58.8663,-73.7009,48.2731,-43.0356,7.05382,4.07201,3.2961,-7.85847,-71.1566,42.8294,-43.0573,-355.552,7.0278,2.95546,2.0979,1.0,LLLTALLAVLLGLLLAFLILI,0.431613933399542,0.0427390134265599,G,99999900.0,-28.3713,-4.954699999999995,17.100000000000023,Y,A
LLLTSLLLGLLFILLAYLILI,Mutant,clash,12,LLLTSLLLGLLFALLAYLILI,0.0373416612251992,LLLTSLLLGLLFILLAYLILI_0,1.1001100110011e+17,1.0,-57.519,-56.4301,-44.9453,-233.052,-232.39,-256.127,-349.59,4673.48,3812.96,3599.96,-16.194,12067.6,-75.2131,12006.8,-48.517,-32.332,73.9169,-41.7715,8.8456,1.32858,0.937333,6998.34,-40.0595,64.5531,-38.0126,11718.0,7.2779,1.2236,0.691897,0.0,LLLTSLLLGLLFILLAYLILI,0.26128703009985,0.0040766312143056,G,99999900.0,-26.696099999999998,-12.573699999999995,23.075000000000017,A,I
LLLAALLALLLGVLLITLILI,Mutant,clash,15,LLLAALLALLLGVLLGTLILI,0.0896873396020779,LLLAALLALLLGVLLITLILI_0,1.1001100110011e+17,1.0,-58.784,-63.2326,-58.784,-223.766,-213.124,-235.365,-363.927,4490.99,3628.89,3466.09,-16.158,50387.3,-97.535,50299.7,-69.7776,-74.5764,71.6266,-45.0259,7.82211,7.35605,6.93045,43747.3,-78.0946,55.6007,-36.5199,50023.3,7.2728,5.72029,5.0543,0.0,LLLAALLALLLGVLLITLILI,0.374419770643887,0.0566280879659238,G,99999900.0,-27.75739999999999,0.0,11.599000000000018,G,I
LLLAYLLAVLLGALLGFLILI,Mutant,void,12,LLLAYLLAVLLGLLLGFLILI,0.0781647439210178,LLLAYLLAVLLGALLGFLILI_0,1.1001100110011e+17,1.0,-48.7014,-48.7647,-44.9566,-215.759,-216.7,-236.72,-316.629,4537.91,3580.84,3558.28,-15.9209,-12.1408,-68.0896,-63.3053,-34.953,-77.6256,46.0975,-36.0628,7.41971,4.36699,3.55845,-12.0356,-76.6711,46.9516,-39.8118,-328.77,7.5,4.33913,3.5434,0.0,LLLAYLLAVLLGALLGFLILI,0.678845427216079,0.0313982698140292,G,99999900.0,-33.1366,-3.744799999999998,20.961000000000013,L,A
LLLVLLLTGLLFALLIYLILI,Mutant,clash,15,LLLVLLLTGLLFALLAYLILI,0.0365166811080093,LLLVLLLTGLLFALLIYLILI_2,1.1001100110011e+17,1.0,-58.6912,-59.6112,-58.7499,-237.614,-222.829,-245.24,-351.583,4632.05,3862.89,3655.52,-15.6139,2179.97,-70.8918,2110.83,-47.5932,-45.7848,76.7714,-50.0386,8.84711,3.73186,3.38343,1369.09,-38.7525,65.3789,-42.5319,1828.39,7.4041,1.13902,0.619703,2.0,LLLVLLLTGLLFALLIYLILI,0.284404281173875,0.036124011896169,G,99999900.0,-23.2986,0.0586999999999946,7.626000000000005,A,I
LLLTVLLLGLLFGLLAALILI,Mutant,void,15,LLLTVLLLGLLFGLLFALILI,0.0585943163983733,LLLTVLLLGLLFGLLAALILI_1,1.1001100110011e+17,1.0,-44.9318,-45.8636,-44.9318,-220.524,-222.555,-236.371,-339.274,4497.79,3787.06,3662.65,-15.0447,-7.33965,-88.8632,-78.1952,-57.9712,-33.4965,72.7188,-42.6466,7.19521,1.34152,0.932304,-11.3213,-30.525,71.559,-44.3251,-350.773,7.1169,0.739215,0.3126,1.0,LLLTVLLLGLLFGLLAALILI,0.510528902520645,0.0146347748077391,G,99999900.0,-30.892000000000003,0.0,15.847000000000008,F,A
LLLTILLAGLLFLLLSVLILI,Mutant,clash,4,LLLTALLAGLLFLLLSVLILI,0.0698613746084513,LLLTILLAGLLFLLLSVLILI_0,1.1001100110011e+17,1.0,-60.3212,-61.0056,-60.3184,-233.733,-219.818,-242.649,-363.454,4597.91,3848.83,3584.01,-14.6235,17.4539,-84.0226,-65.1756,-60.4864,-66.2182,88.7335,-44.7333,8.33421,8.41175,8.24275,18.0034,-68.8165,69.6202,-43.3499,-346.0,7.0847,6.2212,5.7655,0.0,LLLTILLAGLLFLLLSVLILI,0.319122241944217,0.0265117495137729,G,99999900.0,-23.536199999999997,-0.0028000000000005,8.915999999999997,A,I
LLLVLLLTGLLFALLAALILI,Mutant,void,16,LLLVLLLTGLLFALLAYLILI,-0.0575115522398141,LLLVLLLTGLLFALLAALILI_2,1.1001100110011e+17,1.0,-58.6912,-59.6112,-58.7499,-221.273,-212.118,-234.271,-343.866,4514.6,3785.66,3594.97,-14.6177,1591.18,-78.5192,1519.05,-50.8455,-37.6274,77.7174,-49.6683,7.77767,2.63595,2.30171,1060.98,-38.7525,65.3789,-42.5319,1247.32,7.4041,1.13902,0.619703,2.0,LLLVLLLTGLLFALLAALILI,0.378432514521699,0.0563117963251106,G,99999900.0,-27.6737,0.0586999999999946,12.99799999999999,Y,A
LLLYILLGLLLITLLASLILI,Mutant,clash,11,LLLYILLGLLLGTLLASLILI,0.176945466219441,LLLYILLGLLLITLLASLILI_1,1.1001100110011e+17,1.0,-74.0156,-74.9735,-74.0156,-244.485,-209.531,-248.15,-376.798,4615.88,4115.08,3544.36,-14.3334,38937400.0,-72.6313,38937300.0,-54.6324,-96.2419,65.0634,-46.1447,10.305,9.71985,9.1958,652614.0,-97.764,38.4753,-38.0973,740732.0,7.04,6.35877,5.4359,1.0,LLLYILLGLLLITLLASLILI,0.21022567289077,0.0374417032817865,G,99999900.0,-17.9989,0.0,3.664999999999992,G,I
LLLAALLFSLLILLLGTLILI,Mutant,clash,11,LLLAALLFSLLGLLLGTLILI,-0.0253089007839776,LLLAALLFSLLILLLGTLILI_1,1.1001100110011e+17,1.0,-74.0983,-60.2893,-74.0983,-226.421,-217.264,-239.114,-365.224,4560.03,3904.16,3654.89,-14.2221,11169.7,-78.9274,11082.1,-52.0124,-35.7471,87.966,-35.9093,8.28748,3.73748,3.55697,9594.44,-43.753,64.4796,-35.9038,11097.6,6.884,1.7677,1.23489,1.0,LLLAALLFSLLILLLGTLILI,0.395815916683322,0.0627011784245865,G,99999900.0,-26.915000000000006,0.0,12.693000000000012,G,I
LLLYVLLTLLLGTLLAALILI,Mutant,void,16,LLLYVLLTLLLGTLLAFLILI,-0.0237999868983889,LLLYVLLTLLLGTLLAALILI_1,1.1001100110011e+17,1.0,-72.6251,-72.6251,-72.6251,-234.389,-225.236,-244.465,-363.002,4599.31,4046.31,3769.68,-13.9444,861.405,-69.9317,796.264,-45.9118,-49.8745,74.9706,-44.1075,8.37981,4.10221,3.72676,532.217,-48.9252,56.7148,-39.7132,492.477,7.3783,1.49528,0.846002,1.0,LLLYVLLTLLLGTLLAALILI,0.290673988501228,0.027693514030409,G,99999900.0,-24.019900000000007,0.0,10.075999999999992,F,A
LLLYVLLTALLGGLLFALILI,Mutant,void,8,LLLYVLLTLLLGGLLFALILI,0.0705675738681712,LLLYVLLTALLGGLLFALILI_1,1.1001100110011e+17,1.0,-58.7757,-59.2669,-58.7757,-223.534,-218.423,-240.428,-326.17,4634.31,3910.67,3779.73,-13.7337,-12.7711,-57.5936,-61.2505,-26.9662,-37.5644,77.9956,-35.9741,7.45071,2.66407,2.334,-10.3713,-36.0293,69.0807,-35.6829,-334.574,7.2857,1.23029,0.766501,1.0,LLLYVLLTALLGGLLFALILI,0.317187780130242,0.0751488614159533,G,99999900.0,-30.6274,0.0,16.894000000000005,L,A
LLLTALLVILLGGLLFLLILI,Mutant,clash,8,LLLTALLVGLLGGLLFLLILI,0.0352314612375104,LLLTALLVILLGGLLFLLILI_1,1.1001100110011e+17,1.0,-47.7801,-46.8523,-44.9383,-225.592,-226.682,-242.984,-346.375,4614.57,3882.82,3648.47,-13.6125,44.8656,-86.6155,-27.9747,-58.4525,-44.3824,62.0365,-54.6371,7.01443,1.53229,0.962838,48.4774,-45.1876,67.311,-43.6659,-287.28,6.6072,2.36513,1.8748,1.0,LLLTALLVILLGGLLFLLILI,0.334511241861894,0.0763659325653811,G,99999900.0,-28.163,-2.841799999999999,17.391999999999996,G,I
LLLTVLLAALLGFLLGSLILI,Mutant,void,8,LLLTVLLALLLGFLLGSLILI,0.0154299517994066,LLLTVLLAALLGFLLGSLILI_1,1.1001100110011e+17,1.0,-65.7059,-60.3442,-60.3442,-222.665,-216.005,-234.764,-341.945,4477.05,3832.31,3594.66,-13.3401,342051.0,-66.9139,341985.0,-46.8367,-53.1863,65.5787,-52.4822,7.57758,3.33108,2.81476,263703.0,-52.4326,53.6154,-37.48,273416.0,7.3254,1.60297,0.907201,1.0,LLLTVLLAALLGFLLGSLILI,0.820326830428463,0.0797543730149996,G,99999900.0,-20.0772,-5.361699999999999,12.099000000000018,L,A
LLLTALLVGLLILLLGFLILI,Mutant,clash,11,LLLTALLVGLLGLLLGFLILI,0.0041443437982652,LLLTALLVGLLILLLGFLILI_2,1.1001100110011e+17,1.0,-44.921,-44.921,-44.921,-227.218,-226.166,-243.629,-348.496,4584.56,3762.93,3748.72,-13.122,121.922,-89.4791,44.5131,-59.9458,-41.6028,84.0211,-39.1695,7.81368,4.08326,3.84358,112.243,-48.1591,65.1383,-40.7743,57.3264,7.1702,2.51753,1.9946,2.0,LLLTALLVGLLILLLGFLILI,0.342993110371935,0.0276781076646306,G,99999900.0,-29.533300000000004,0.0,16.411,G,I
LLLTVLLGALLGILLILLILI,Mutant,clash,15,LLLTVLLGALLGILLSLLILI,0.1059021776179847,LLLTVLLGALLGILLILLILI_0,1.1001100110011e+17,1.0,-44.983,-51.0142,-44.983,-226.322,-222.374,-240.464,-362.527,4501.87,3707.93,3628.89,-13.0756,56.2642,-104.298,-32.8743,-77.0802,-68.7489,74.5719,-42.9675,7.89973,6.87954,6.49812,55.4568,-63.7261,69.6712,-42.7158,-306.263,7.3752,5.46453,5.0096,0.0,LLLTVLLGALLGILLILLILI,0.312633370869804,0.0264216293146991,G,99999900.0,-27.2178,0.0,14.141999999999996,S,I
LLLVTLLLGLLFILLFALILI,Mutant,clash,12,LLLVTLLLGLLFGLLFALILI,0.5709562590326781,LLLVTLLLGLLFILLFALILI_2,1.1001100110011e+17,1.0,-44.9466,-49.5476,-44.9466,-232.164,-224.011,-243.908,-340.187,4665.39,4001.0,3592.95,-13.0007,2161.74,-76.0769,2095.11,-51.3325,-39.3495,81.9177,-45.2142,9.11834,3.46132,3.19008,1542.93,-33.3677,74.3197,-39.8132,1821.56,7.0315,1.53831,1.15311,2.0,LLLVTLLLGLLFILLFALILI,0.311793585275751,0.0666669787248303,G,99999900.0,-24.74439999999999,0.0,11.744,G,I
LLLTLLLGLLLIVLLASLILI,Mutant,clash,11,LLLTLLLGLLLGVLLASLILI,0.817764286525001,LLLTLLLGLLLIVLLASLILI_2,1.1001100110011e+17,1.0,-60.2643,-64.9805,-60.2643,-238.34,-223.898,-241.977,-381.199,4597.09,4015.08,3589.66,-12.9639,733925.0,-95.5586,733833.0,-78.9585,-90.9278,70.0108,-37.9213,10.2234,9.59063,9.14079,726674.0,-97.764,38.4753,-38.0973,733544.0,7.04,6.35877,5.4359,2.0,LLLTLLLGLLLIVLLASLILI,0.312090131852373,0.0640012287269738,G,99999900.0,-16.600099999999998,0.0,3.637000000000001,G,I
LLLYALLFLLLGTLLSALILI,Mutant,void,16,LLLYALLFLLLGTLLSILILI,-0.0529717868367282,LLLYALLFLLLGTLLSALILI_0,1.1001100110011e+17,1.0,-76.8273,-71.3173,-74.0819,-229.273,-222.991,-246.034,-354.506,4652.8,3988.83,3687.34,-12.9609,275.929,-61.3666,215.732,-34.3897,-64.1677,60.4819,-48.5818,7.82397,4.29021,3.69744,234.051,-60.5958,60.1642,-40.2827,-78.5764,7.5,3.71154,3.114,0.0,LLLYALLFLLLGTLLSALILI,0.307728326925748,0.0202286775610711,G,99999900.0,-26.9769,-2.7453999999999894,16.760999999999996,I,A
LLLYFLLAVLLILLLGTLILI,Mutant,clash,11,LLLYFLLAVLLGLLLGTLILI,0.0354577145782323,LLLYFLLAVLLILLLGTLILI_1,1.1001100110011e+17,1.0,-58.7556,-58.7556,-58.7556,-242.614,-236.934,-250.804,-348.944,4763.91,4198.72,3624.02,-12.9271,88798.4,-60.5015,88745.1,-39.3846,-70.8393,47.7768,-46.9259,9.93983,3.57576,2.79242,81395.9,-71.1719,34.5088,-41.0473,88411.7,6.9662,1.83447,0.852102,1.0,LLLYFLLAVLLILLLGTLILI,0.31974350380984,0.101940206387446,G,99999900.0,-21.1169,0.0,8.189999999999998,G,I
LLLTVLLALLLGFLLISLILI,Mutant,clash,15,LLLTVLLALLLGFLLGSLILI,0.5221200354107384,LLLTVLLALLLGFLLISLILI_2,1.1001100110011e+17,1.0,-60.3442,-69.9928,-60.3442,-235.003,-224.552,-244.146,-366.297,4546.5,3998.55,3490.87,-12.9104,278661.0,-83.8605,278589.0,-61.8071,-58.4755,66.1312,-45.2207,10.1172,4.19905,3.69102,178540.0,-52.4326,53.6154,-37.48,278294.0,7.3254,1.60297,0.907201,2.0,LLLTVLLALLLGFLLISLILI,0.313636746817132,0.0031601264925099,G,99999900.0,-22.053400000000003,0.0,9.143,G,I
LLLTALLFLLLGALLASLILI,Mutant,void,12,LLLTALLFLLLGVLLASLILI,-0.0636534875370026,LLLTALLFLLLGALLASLILI_2,1.1001100110011e+17,1.0,-64.596,-64.6516,-60.3462,-220.248,-220.884,-238.322,-352.111,4560.47,3658.44,3547.63,-12.7992,833.259,-80.0661,766.684,-53.4424,-64.7778,58.2811,-44.291,7.67177,4.08462,3.45884,788.459,-60.5958,60.1642,-40.2827,448.513,7.5,3.71154,3.114,2.0,LLLTALLFLLLGALLASLILI,0.937619557320784,0.0434163602059217,G,99999900.0,-26.623700000000007,-4.2498000000000005,18.07400000000001,V,A
LLLSYLLTVLLGTLLIFLILI,Mutant,clash,15,LLLSYLLTVLLGTLLAFLILI,0.0630236756281135,LLLSYLLTVLLGTLLIFLILI_0,1.1001100110011e+17,1.0,-84.9478,-85.619,-72.5251,-234.804,-236.199,-257.494,-365.401,4615.66,4039.29,3679.15,-12.5599,1576.71,-58.2084,1533.13,-35.381,-45.9526,50.9231,-54.8163,8.89749,0.267501,-0.468653,1256.46,-49.156,60.31,-42.3523,1211.31,7.5,2.01525,1.4199,0.0,LLLSYLLTVLLGTLLIFLILI,0.311043701012481,0.0302974057431334,G,99999900.0,-22.8274,-12.422700000000006,22.690000000000023,A,I
LLLAYLLIVLLGLLLGFLILI,Mutant,clash,7,LLLAYLLGVLLGLLLGFLILI,0.7504981868773597,LLLAYLLIVLLGLLLGFLILI_0,1.1001100110011e+17,1.0,-44.9046,-54.1902,-44.9046,-227.684,-223.426,-243.317,-336.833,4617.18,3733.96,3443.4,-12.5517,5340.24,-76.7965,5281.02,-48.6121,-74.0829,47.2044,-38.258,8.52315,3.98504,3.1931,3788.73,-71.2876,45.5524,-38.516,5003.4,6.6243,3.34271,2.526,0.0,LLLAYLLIVLLGLLLGFLILI,0.441512528028391,0.115563258148504,G,99999900.0,-28.1844,0.0,15.63300000000001,G,I
LLLALLLGLLLIVLLSTLILI,Mutant,clash,11,LLLALLLGLLLGVLLSTLILI,0.5864672188478527,LLLALLLGLLLIVLLSTLILI_2,1.1001100110011e+17,1.0,-74.1192,-74.0404,-74.1192,-237.108,-233.755,-240.277,-387.434,4545.43,3987.49,3594.39,-12.2173,636464.0,-88.4247,636385.0,-73.0378,-91.4411,68.6952,-33.8301,10.2083,9.49002,9.02044,483528.0,-97.764,38.4753,-38.0973,636062.0,7.04,6.35877,5.4359,2.0,LLLALLLGLLLIVLLSTLILI,0.403292715679746,0.0547721113697114,G,99999900.0,-15.386899999999995,0.0,3.1689999999999827,G,I
LLLTSLLLGLLFALLIYLILI,Mutant,clash,15,LLLTSLLLGLLFALLAYLILI,-0.0032969821672372,LLLTSLLLGLLFALLIYLILI_0,1.1001100110011e+17,1.0,-55.7459,-57.2618,-44.9453,-232.645,-232.317,-256.143,-352.975,4646.62,3777.06,3659.52,-12.0897,11978.4,-76.6737,11915.0,-51.887,-34.9288,62.1425,-44.0274,8.05444,0.128568,-0.439294,9545.06,-40.0595,64.5531,-38.0126,11625.4,7.2779,1.2236,0.691897,0.0,LLLTSLLLGLLFALLIYLILI,0.301925673492286,0.030644687839917,G,99999900.0,-24.7867,-10.800599999999996,23.49799999999996,A,I
LLLAALLAALLGVLLGTLILI,Mutant,void,8,LLLAALLALLLGVLLGTLILI,0.1810795366466524,LLLAALLAALLGVLLGTLILI_2,1.1001100110011e+17,1.0,-64.5301,-64.1176,-58.784,-200.563,-202.199,-226.1,-342.093,4357.64,3549.49,3597.83,-12.0868,-12.0163,-89.0859,-87.7927,-57.2089,-75.7294,53.8029,-35.6561,7.18383,5.1228,4.42984,-11.4198,-78.0946,55.6007,-36.5199,-353.498,7.2728,5.72029,5.0543,2.0,LLLAALLAALLGVLLGTLILI,0.283027573599313,0.0474903737047238,G,99999900.0,-31.876999999999995,-5.7461000000000055,25.53700000000001,L,A
LLLLALLFALLGILLITLILI,Mutant,clash,15,LLLLALLFALLGILLSTLILI,-0.0115392448757388,LLLLALLFALLGILLITLILI_1,1.1001100110011e+17,1.0,-58.8314,-58.8314,-58.8314,-228.079,-221.267,-239.429,-356.691,4549.9,3760.97,3658.81,-11.2625,31.166,-81.0428,-45.4259,-58.4305,-64.1085,64.961,-37.8393,7.71012,4.88601,4.36043,37.1205,-58.8131,62.5969,-39.1181,-314.748,7.175,3.77255,3.2115,1.0,LLLLALLFALLGILLITLILI,0.340282698507016,0.0232699506158812,G,99999900.0,-22.6123,0.0,11.349999999999994,S,I
LLLTALLFLLLGYLLISLILI,Mutant,clash,15,LLLTALLFLLLGYLLGSLILI,0.8622755438674892,LLLTALLFLLLGYLLISLILI_1,1.1001100110011e+17,1.0,-62.7581,-62.3427,-60.326,-239.651,-230.669,-248.849,-356.629,4622.6,3881.2,3480.59,-11.2407,39103.5,-65.4598,39039.8,-47.453,-51.7231,79.2344,-40.075,10.1656,4.95511,4.64363,35165.0,-54.4566,55.8714,-40.6917,39543.1,7.0594,2.21113,1.5492,1.0,LLLTALLFLLLGYLLISLILI,0.273166148655738,0.0305456997555771,G,99999900.0,-18.0068,-2.4320999999999984,9.19799999999998,G,I
LLLSALLAVLLGLLLGTLILI,Mutant,void,4,LLLSYLLAVLLGLLLGTLILI,0.6383507301645968,LLLSALLAVLLGLLLGTLILI_2,1.1001100110011e+17,1.0,-62.9525,-62.1769,-58.7719,-221.885,-216.827,-239.854,-359.355,4462.73,3603.24,3593.81,-10.8604,-0.349956,-85.3776,-80.7012,-60.7286,-74.7034,42.8798,-38.8427,7.68566,3.49428,2.63748,-4.59072,-71.6801,32.6466,-35.8841,-362.796,7.5,1.6593,0.648998,2.0,LLLSALLAVLLGLLLGTLILI,0.367665924651467,0.0119187607788163,G,99999900.0,-24.649,-4.180599999999998,17.969000000000023,Y,A
LLLLFLLIILLGTLLASLILI,Mutant,clash,7,LLLLFLLGILLGTLLASLILI,0.8610239757267983,LLLLFLLIILLGTLLASLILI_2,1.1001100110011e+17,1.0,-74.072,-75.6322,-74.072,-226.213,-208.635,-242.461,-367.83,4616.08,3961.79,3647.8,-10.7225,4187.19,-78.2673,4103.62,-51.2972,-79.7595,56.0171,-43.6023,9.32449,6.02623,5.36649,3611.71,-75.337,50.8884,-45.0,11595.7,6.5,4.67048,3.93381,2.0,LLLLFLLIILLGTLLASLILI,0.33267431199806,0.129503369360931,G,99999900.0,-26.97010000000001,0.0,16.24800000000002,G,I
LLLSYLLIVLLGLLLGTLILI,Mutant,clash,7,LLLSYLLAVLLGLLLGTLILI,0.57767615375213,LLLSYLLIVLLGLLLGTLILI_0,1.1001100110011e+17,1.0,-77.1932,-74.4292,-58.7719,-225.653,-225.824,-249.729,-364.341,4595.31,3711.67,3569.36,-10.5423,165.34,-72.0363,101.252,-55.84,-68.7545,30.5309,-35.5147,8.7402,0.934838,-0.107198,95.1886,-71.6801,32.6466,-35.8841,-199.001,7.5,1.6593,0.648998,0.0,LLLSYLLIVLLGLLLGTLILI,0.428340501063934,0.04431645196705,G,99999900.0,-16.196299999999994,-18.4213,24.076000000000025,A,I
LLLAFLLALLLGTLLGSLILI,Mutant,void,3,LLLYFLLALLLGTLLGSLILI,-0.1185329888624748,LLLAFLLALLLGTLLGSLILI_0,1.1001100110011e+17,1.0,-74.1108,-83.9993,-74.1108,-216.797,-216.428,-234.409,-352.236,4497.59,3548.06,3421.25,-10.4877,118016.0,-71.8154,117964.0,-43.7159,-71.7311,41.3085,-38.5111,7.56202,2.83631,1.95594,117871.0,-62.8637,50.8317,-39.7383,117664.0,6.5162,2.79183,2.05431,0.0,LLLAFLLALLLGTLLGSLILI,0.430713125245695,0.0078740423002311,G,99999900.0,-28.0995,0.0,17.611999999999995,Y,A
LLLVALLATLLGSLLGTLILI,Mutant,void,4,LLLVLLLATLLGSLLGTLILI,0.022882324978255,LLLVALLATLLGSLLGTLILI_2,1.1001100110011e+17,1.0,-90.853,-90.8114,-87.858,-216.117,-214.8,-230.462,-367.43,4388.82,3845.36,3717.64,-10.4839,-7.76691,-70.944,-69.5849,-49.1104,-43.0256,70.5268,-48.4734,6.97104,2.47497,2.03287,-2.6488,-36.3206,72.3714,-40.8966,-371.41,7.2598,1.71823,1.3038,2.0,LLLVALLATLLGSLLGTLILI,0.362379581028417,0.0023824055596828,G,99999900.0,-21.833600000000004,-2.9949999999999903,14.345,L,A
LLLTYLLALLLGVLLISLILI,Mutant,clash,15,LLLTYLLALLLGVLLGSLILI,0.531524858585884,LLLTYLLALLLGVLLISLILI_0,1.1001100110011e+17,1.0,-77.0408,-70.2348,-60.2923,-231.141,-228.063,-250.281,-372.272,4637.44,3743.16,3491.54,-10.2267,755998.0,-74.3173,755924.0,-61.6989,-64.5656,53.7968,-46.6291,8.70839,3.44741,2.75436,687678.0,-59.4498,45.2469,-38.8459,755626.0,6.6517,1.5258,0.704503,0.0,LLLTYLLALLLGVLLISLILI,0.329682733788521,0.0302894651737783,G,99999900.0,-12.6184,-16.748500000000007,19.14000000000001,G,I
LLLVLLLTGLLAALLAYLILI,Mutant,void,11,LLLVLLLTGLLFALLAYLILI,-0.007453671915194,LLLVLLLTGLLAALLAYLILI_1,1.1001100110011e+17,1.0,-59.4706,-58.6912,-58.7499,-222.031,-217.327,-236.184,-351.833,4511.98,3819.06,3744.82,-10.0889,1605.61,-80.4206,1529.79,-56.8987,-39.1205,74.6673,-49.3475,7.68831,2.44816,2.06817,1550.75,-38.7525,65.3789,-42.5319,1247.35,7.4041,1.13902,0.619703,1.0,LLLVLLLTGLLAALLAYLILI,0.328374634197078,0.0052909040570626,G,99999900.0,-23.521899999999995,-0.7207000000000008,14.152999999999992,F,A
LLLYVLLGLLLIFLLSTLILI,Mutant,clash,11,LLLYVLLGLLLGFLLSTLILI,0.751443431989657,LLLYVLLGLLLIFLLSTLILI_1,1.1001100110011e+17,1.0,-74.1432,-74.0882,-74.0812,-252.743,-251.855,-252.427,-366.73,4666.42,4405.13,3676.19,-9.88099,333500.0,-49.725,333459.0,-40.2217,-92.3071,47.7473,-49.5649,10.4491,6.79194,6.00815,166344.0,-92.7718,28.0376,-44.4465,333422.0,7.5,4.20084,3.1214,1.0,LLLYVLLGLLLIFLLSTLILI,0.33454110608887,0.0318920956849938,G,99999900.0,-9.503300000000005,-0.0619999999999976,-0.3160000000000025,G,I
LLLSYLLAVLLGALLGTLILI,Mutant,void,12,LLLSYLLAVLLGLLLGTLILI,0.1994035569607777,LLLSYLLAVLLGALLGTLILI_1,1.1001100110011e+17,1.0,-65.188,-64.8904,-58.7719,-218.027,-221.232,-244.702,-349.704,4488.53,3516.57,3584.13,-9.46944,7.51495,-75.958,-56.066,-46.2304,-73.6379,34.0005,-34.1922,7.56263,2.13576,1.14576,-2.63161,-71.6801,32.6466,-35.8841,-353.439,7.5,1.6593,0.648998,1.0,LLLSYLLAVLLGALLGTLILI,0.806613097855286,0.0673956250332914,G,99999900.0,-29.727599999999995,-6.4161,26.67500000000001,L,A
LLLTALLAGLLALLLSVLILI,Mutant,void,11,LLLTALLAGLLFLLLSVLILI,0.0470864645890695,LLLTALLAGLLALLLSVLILI_1,1.1001100110011e+17,1.0,-60.3478,-60.2509,-60.3184,-222.083,-218.747,-238.898,-369.105,4493.44,3749.91,3678.39,-9.39055,-5.31563,-96.0642,-95.4223,-69.8882,-73.9719,75.1385,-43.3796,7.56617,7.73948,7.36656,-5.25872,-68.8165,69.6202,-43.3499,-375.033,7.0847,6.2212,5.7655,1.0,LLLTALLAGLLALLLSVLILI,0.341897151963598,0.0906027430978678,G,99999900.0,-26.176,-0.0294000000000025,16.814999999999998,F,A
LLLAFLLGTLLIVLLGLLILI,Mutant,clash,11,LLLAFLLGTLLGVLLGLLILI,0.9982737843717686,LLLAFLLGTLLIVLLGLLILI_2,1.1001100110011e+17,1.0,-58.7211,-58.7457,-58.7211,-231.802,-228.449,-239.054,-349.283,4609.41,3941.33,3494.18,-9.30855,3112380.0,-68.0684,3112320.0,-51.5078,-89.8827,60.4856,-40.7771,9.49024,8.14796,7.55524,2016100.0,-92.5815,39.7325,-40.3169,3140720.0,6.7382,5.75111,4.8471,2.0,LLLAFLLGTLLIVLLGLLILI,0.3642173449275,0.0630167333968966,G,99999900.0,-16.560599999999994,0.0,7.2520000000000095,G,I
LLLAYLLILLLGTLLSFLILI,Mutant,clash,7,LLLAYLLGLLLGTLLSFLILI,0.7234893270393123,LLLAYLLILLLGTLLSFLILI_0,1.1001100110011e+17,1.0,-73.6293,-81.3526,-74.0929,-227.717,-225.449,-247.131,-363.7,4637.16,3890.31,3611.58,-9.17445,3190940.0,-71.5275,3190880.0,-42.476,-75.7517,54.2722,-45.3107,8.49205,5.18951,4.50359,2783840.0,-80.4387,52.288,-45.0,3190580.0,6.6037,5.62468,4.909,0.0,LLLAYLLILLLGTLLSFLILI,0.382454765692861,0.04683000299253,G,99999900.0,-29.051500000000004,0.4635999999999995,19.413999999999987,G,I
LLLYLLLGALLITLLSFLILI,Mutant,clash,11,LLLYLLLGALLGTLLSFLILI,0.3926647716703408,LLLYLLLGALLITLLSFLILI_1,1.1001100110011e+17,1.0,-73.9921,-58.581,-73.9921,-239.438,-238.195,-249.341,-362.431,4685.98,4097.22,3579.93,-9.04825,5610.54,-58.0484,5544.89,-39.0978,-68.5273,70.2883,-41.7278,9.48491,6.26802,5.82234,5155.56,-60.6857,64.7023,-38.4105,8994.2,7.3229,4.33767,3.8082,1.0,LLLYLLLGALLITLLSFLILI,0.20757689532432,0.035183149109106,G,99999900.0,-18.9506,0.0,9.90300000000002,G,I
LLLSALLTVLLGTLLAFLILI,Mutant,void,4,LLLSYLLTVLLGTLLAFLILI,0.0713827573240936,LLLSALLTVLLGTLLAFLILI_1,1.1001100110011e+17,1.0,-72.5499,-72.5499,-72.5499,-231.377,-226.357,-246.319,-360.686,4486.33,3986.46,3715.44,-8.86744,324.366,-65.6263,262.587,-41.8166,-46.282,79.306,-47.7958,8.56783,4.14861,3.83819,260.113,-49.156,60.31,-42.3523,-48.8634,7.5,2.01525,1.4199,1.0,LLLSALLTVLLGTLLAFLILI,0.302684619316501,0.0576927773259168,G,99999900.0,-23.8097,0.0,14.94199999999998,Y,A
LLLTVLLGALLIILLSLLILI,Mutant,clash,11,LLLTVLLGALLGILLSLLILI,0.1379368902029337,LLLTVLLGALLIILLSLLILI_0,1.1001100110011e+17,1.0,-60.2863,-66.2589,-60.2863,-229.323,-225.417,-243.643,-380.199,4541.31,3830.01,3640.2,-8.83772,106689.0,-99.4279,106600.0,-76.2701,-75.0411,66.4377,-34.3756,9.17514,6.72525,6.22182,91944.1,-63.7261,69.6712,-42.7158,106309.0,7.3752,5.46453,5.0096,0.0,LLLTVLLGALLIILLSLLILI,0.280598658284855,0.0318562607549149,G,99999900.0,-23.157799999999995,0.0,14.319999999999991,G,I
LLLYLLLAVLLITLLSFLILI,Mutant,clash,11,LLLYLLLAVLLGTLLSFLILI,-0.0142290184395856,LLLYLLLAVLLITLLSFLILI_1,1.1001100110011e+17,1.0,-74.0075,-54.0504,-74.0075,-246.358,-242.739,-253.126,-370.388,4695.6,4251.04,3784.01,-8.74307,14355.7,-58.7652,14282.1,-43.2546,-48.1297,78.3488,-41.8073,10.5005,4.29655,3.97178,4933.69,-49.156,60.31,-42.3523,14776.3,7.5,2.01525,1.4199,1.0,LLLYLLLAVLLITLLSFLILI,0.283117362918791,0.147058584102068,G,99999900.0,-15.510599999999997,0.0,6.768000000000001,G,I
LLLYLLLGALLIFLLSTLILI,Mutant,clash,11,LLLYLLLGALLAFLLSTLILI,0.0849347329626419,LLLYLLLGALLIFLLSTLILI_2,1.1001100110011e+17,1.0,-74.0492,-75.2313,-74.0462,-236.101,-225.986,-249.351,-361.429,4689.55,3961.96,3717.97,-8.3441,1733.23,-59.6229,1673.02,-38.032,-79.5277,66.5669,-43.1718,8.96943,7.41568,6.91418,1675.85,-74.4436,60.1664,-43.4591,1371.8,7.3574,5.789,5.1915,2.0,LLLYLLLGALLIFLLSTLILI,0.174573964552619,0.126093252324457,G,99999900.0,-21.590900000000005,-0.0030000000000001,13.25,A,I
LLLTSLLVGLLAYLLGALILI,Mutant,void,16,LLLTSLLVGLLAYLLGLLILI,0.1673206808114028,LLLTSLLVGLLAYLLGALILI_2,1.1001100110011e+17,1.0,-58.5035,-54.1322,-44.9603,-223.947,-222.428,-248.438,-343.191,4532.36,3736.64,3636.26,-8.29695,1559750.0,-69.0372,1559690.0,-49.7928,-41.5265,77.4606,-43.0153,7.66035,3.18616,2.84807,696421.0,-47.0876,58.6724,-35.0,1556810.0,7.44,1.48391,0.863996,2.0,LLLTSLLVGLLAYLLGALILI,0.318604571025089,0.0210829374832663,G,99999900.0,-19.2444,-13.543200000000006,24.490999999999985,L,A
LLLSYLLIVLLGLLLATLILI,Mutant,clash,7,LLLSYLLGVLLGLLLATLILI,0.583686348720123,LLLSYLLIVLLGLLLATLILI_2,1.1001100110011e+17,1.0,-77.3526,-58.7839,-58.7839,-227.749,-233.572,-251.918,-369.583,4599.92,3916.86,3620.6,-7.77205,145119.0,-72.2533,145042.0,-58.8814,-76.2905,51.9697,-41.7197,9.71481,4.95948,4.23903,96885.1,-84.8765,45.4702,-44.3391,526208.0,6.8761,5.36995,4.552,2.0,LLLSYLLIVLLGLLLATLILI,0.496616161979722,0.0631589665139616,G,99999900.0,-13.371899999999997,-18.568699999999996,24.16900000000001,G,I
LLLYLLLIALLGILLSTLILI,Mutant,clash,7,LLLYLLLGALLGILLSTLILI,0.5893684372111179,LLLYLLLIALLGILLSTLILI_0,1.1001100110011e+17,1.0,-81.7663,-82.4185,-74.098,-228.85,-220.96,-248.238,-377.087,4607.18,3992.42,3685.95,-7.65016,222.701,-74.121,148.992,-54.7514,-70.143,62.9548,-50.2817,7.50652,5.52034,4.96466,200.061,-63.07,66.418,-42.249,-154.386,7.1117,4.92693,4.4232,0.0,LLLYLLLIALLGILLSTLILI,0.219996945348898,0.0175042431245181,G,99999900.0,-19.3696,-7.668300000000002,19.388000000000005,G,I
LLLYVLLALLLITLLGFLILI,Mutant,clash,11,LLLYVLLALLLGTLLGFLILI,0.0008161981314487,LLLYVLLALLLITLLGFLILI_1,1.1001100110011e+17,1.0,-58.7232,-51.605,-58.7232,-246.047,-238.157,-250.379,-351.318,4688.59,4263.8,3580.43,-7.55364,63612.9,-54.1021,63551.3,-42.2162,-71.8218,49.8929,-41.482,10.2427,4.00881,3.2572,57287.3,-71.1719,34.5088,-41.0473,64230.1,6.9662,1.83447,0.852102,1.0,LLLYVLLALLLITLLGFLILI,0.25951911297798,0.0396768896790466,G,99999900.0,-11.8859,0.0,4.331999999999994,G,I
LLLTVLLLGLLFILLFALILI,Mutant,clash,12,LLLTVLLLGLLFGLLFALILI,0.2410382932605778,LLLTVLLLGLLFILLFALILI_2,1.1001100110011e+17,1.0,-44.9318,-44.9318,-44.9318,-233.213,-228.825,-246.672,-342.568,4649.64,4036.2,3628.02,-7.43958,2228.62,-71.8633,2159.81,-50.9647,-32.3441,78.5434,-45.3212,9.16434,1.95498,1.63313,1965.16,-30.525,71.559,-44.3251,1886.06,7.1169,0.739215,0.3126,2.0,LLLTVLLLGLLFILLFALILI,0.32808492565844,0.0632812787140039,G,99999900.0,-20.898599999999995,0.0,13.459000000000003,G,I
LLLFYLLGVLLILLLASLILI,Mutant,clash,11,LLLFYLLGVLLGLLLASLILI,0.7125141595510083,LLLFYLLGVLLILLLASLILI_2,1.1001100110011e+17,1.0,-60.7424,-66.4601,-60.32,-236.087,-224.093,-244.496,-349.656,4756.15,3916.79,3626.83,-7.00878,1219120.0,-59.8347,1219070.0,-44.8394,-75.8287,64.9336,-32.014,10.4685,6.64033,6.11433,698801.0,-75.759,50.2096,-41.8685,1218780.0,7.3305,4.64215,3.89529,2.0,LLLFYLLGVLLILLLASLILI,0.255165582439878,0.0625172824365584,G,99999900.0,-14.9953,-0.4224000000000032,8.40900000000002,G,I
LLLTALLALLLGYLLGSLILI,Mutant,void,7,LLLTALLFLLLGYLLGSLILI,0.0960551640592599,LLLTALLALLLGYLLGSLILI_2,1.1001100110011e+17,1.0,-63.4871,-60.326,-60.326,-226.36,-225.919,-241.92,-357.284,4523.25,3933.49,3553.98,-6.62104,38404.5,-74.0585,38333.4,-55.038,-60.6601,59.1533,-46.5597,9.17864,3.58471,2.97201,37949.6,-54.4566,55.8714,-40.6917,38025.2,7.0594,2.21113,1.5492,2.0,LLLTALLALLLGYLLGSLILI,1.03938652846397,0.0107173321191423,G,99999900.0,-19.0205,-3.1610999999999976,15.559999999999974,F,A
LLLTYLLAILLGLLLIFLILI,Mutant,clash,15,LLLTYLLAILLGLLLGFLILI,0.5697671009091219,LLLTYLLAILLGLLLIFLILI_0,1.1001100110011e+17,1.0,-52.555,-55.2121,-44.9626,-235.95,-234.016,-255.593,-356.542,4648.74,3868.39,3661.13,-6.50549,1595.49,-74.5428,1528.18,-55.9866,-55.6387,55.1669,-45.1455,8.63719,2.29334,1.62084,905.803,-61.5471,48.1349,-42.0502,1238.95,7.2784,2.23028,1.4523,0.0,LLLTYLLAILLGLLLIFLILI,0.267293672469276,0.0741055160371828,G,99999900.0,-18.5562,-7.592399999999998,19.643,G,I
LLLYILLILLLGTLLASLILI,Mutant,clash,7,LLLYILLGLLLGTLLASLILI,-0.0027976823850814,LLLYILLILLLGTLLASLILI_1,1.1001100110011e+17,1.0,-74.0156,-76.0283,-74.0156,-234.756,-208.704,-248.052,-376.965,4629.77,4052.83,3579.1,-6.48526,95828900.0,-74.6788,95828800.0,-54.8971,-97.3788,52.5586,-27.6015,10.1375,8.20223,7.4906,3812900.0,-97.764,38.4753,-38.0973,2683760.0,7.04,6.35877,5.4359,1.0,LLLYILLILLLGTLLASLILI,0.389968821495293,0.112221866189042,G,99999900.0,-19.781699999999997,0.0,13.295999999999992,G,I
LLLYFLLALLLITLLGSLILI,Mutant,clash,11,LLLYFLLALLLGTLLGSLILI,0.0754352509291101,LLLYFLLALLLITLLGSLILI_0,1.1001100110011e+17,1.0,-74.1108,-65.9734,-74.1108,-237.999,-225.078,-250.16,-360.116,4709.35,4185.88,3511.47,-6.15821,18165500.0,-54.1654,18165400.0,-35.8453,-68.459,57.0967,-35.6346,10.7198,4.47691,3.83336,9411280.0,-62.8637,50.8317,-39.7383,18165100.0,6.5162,2.79183,2.05431,0.0,LLLYFLLALLLITLLGSLILI,0.23674488545411,0.0231148407036153,G,99999900.0,-18.3201,0.0,12.161,G,I
LLLYFLLIVLLGLLLGTLILI,Mutant,clash,7,LLLYFLLAVLLGLLLGTLILI,0.1052829893354897,LLLYFLLIVLLGLLLGTLILI_0,1.1001100110011e+17,1.0,-58.7556,-60.3331,-58.7556,-229.826,-223.333,-249.488,-344.932,4747.91,3934.33,3572.54,-5.66003,135.523,-62.0099,74.2571,-36.6881,-70.5357,36.3611,-46.6212,8.19225,1.9891,1.03452,134.166,-71.1719,34.5088,-41.0473,-209.409,6.9662,1.83447,0.852102,0.0,LLLYFLLIVLLGLLLGTLILI,0.249918229052582,0.145795056991868,G,99999900.0,-25.321800000000003,0.0,19.66200000000001,A,I
LLLAFLLGILLILLLGTLILI,Mutant,clash,11,LLLAFLLGILLGLLLGTLILI,0.8533995520539139,LLLAFLLGILLILLLGTLILI_0,1.1001100110011e+17,1.0,-58.7173,-62.1836,-58.7173,-230.637,-224.188,-240.52,-351.386,4615.2,3911.08,3470.0,-5.50983,7475140.0,-67.5409,7475070.0,-52.1487,-67.5926,51.9318,-38.9345,9.88384,3.64968,2.92865,6323960.0,-72.6874,32.4259,-40.8381,7474790.0,7.0033,1.78061,0.766999,0.0,LLLAFLLGILLILLLGTLILI,0.420857690663958,0.0274458857249639,G,99999900.0,-15.392199999999995,0.0,9.88300000000001,G,I
LLLYFLLAVLLILLLGSLILI,Mutant,clash,11,LLLYFLLAVLLGLLLGSLILI,0.0078647699892934,LLLYFLLAVLLILLLGSLILI_1,1.1001100110011e+17,1.0,-60.2613,-60.2613,-60.2613,-234.588,-234.566,-249.619,-352.337,4763.88,4196.79,3550.73,-4.90829,750329.0,-62.3968,750271.0,-42.4568,-68.3084,53.09,-43.7836,10.2447,3.9134,3.20975,386052.0,-72.2097,37.011,-35.0,749941.0,7.3038,2.32794,1.3831,1.0,LLLYFLLAVLLILLLGSLILI,0.319658184173625,0.122134073601476,G,99999900.0,-19.94,0.0,15.031000000000006,G,I
LLLYLLLGILLITLLAFLILI,Mutant,clash,11,LLLYLLLGILLGTLLAFLILI,0.3742644978286743,LLLYLLLGILLITLLAFLILI_0,1.1001100110011e+17,1.0,-58.7109,-49.9616,-58.7109,-240.437,-233.174,-251.334,-354.384,4709.3,4149.98,3601.54,-4.75008,746541.0,-59.9866,746470.0,-44.3397,-71.8692,50.8075,-33.2731,10.0567,4.13938,3.40149,722798.0,-70.6256,40.5984,-41.2559,746187.0,6.8843,2.57462,1.6836,0.0,LLLYLLLGILLITLLAFLILI,0.225728304039807,0.0804607257828253,G,99999900.0,-15.646900000000002,0.0,10.896999999999991,G,I
LLLYVLLGLLLITLLAFLILI,Mutant,clash,11,LLLYVLLGLLLGTLLAFLILI,0.1292168083005355,LLLYVLLGLLLITLLAFLILI_0,1.1001100110011e+17,1.0,-58.7144,-48.9689,-58.7144,-242.586,-230.122,-250.407,-351.611,4685.85,4284.01,3621.94,-4.62862,27843.4,-54.9392,27770.9,-42.4896,-73.3104,62.9684,-31.0428,11.0029,5.99728,5.44181,24069.8,-68.9875,54.3485,-39.7512,27491.8,6.8746,4.18517,3.5004,0.0,LLLYVLLGLLLITLLAFLILI,0.261048285207122,0.123631330037915,G,99999900.0,-12.449599999999997,0.0,7.820999999999998,G,I
LLLAFLLIILLGLLLGTLILI,Mutant,clash,7,LLLAFLLGILLGLLLGTLILI,0.9109779538593026,LLLAFLLIILLGLLLGTLILI_1,1.1001100110011e+17,1.0,-58.7173,-59.8119,-58.7173,-221.909,-220.474,-240.425,-351.746,4588.83,3837.25,3512.31,-4.50493,351.579,-75.6252,280.119,-52.6036,-70.0482,37.2952,-41.7647,8.84853,2.04207,1.1015,353.464,-72.6874,32.4259,-40.8381,17.2636,7.0033,1.78061,0.766999,1.0,LLLAFLLIILLGLLLGTLILI,0.363279288858569,0.0306448750056316,G,99999900.0,-23.021600000000007,0.0,18.51600000000002,G,I
LLLAYLLGVLLILLLAFLILI,Mutant,clash,11,LLLAYLLGVLLGLLLAFLILI,0.8935376437153262,LLLAYLLGVLLILLLAFLILI_1,1.1001100110011e+17,1.0,-44.9245,-44.9245,-44.9245,-238.343,-231.178,-246.546,-343.245,4626.78,3966.36,3585.12,-4.45478,853358.0,-64.4323,853291.0,-51.7745,-88.4445,73.7285,-35.7063,9.66396,9.72002,9.32595,444347.0,-91.43,48.2927,-36.5962,273777.0,7.0472,6.73401,5.9584,1.0,LLLAYLLGVLLILLLAFLILI,0.276156607658405,0.0148237720274562,G,99999900.0,-12.657799999999996,0.0,8.203000000000003,G,I
LLLLTLLVALLAILLFSLILI,Mutant,clash,12,LLLLTLLVALLAGLLFSLILI,0.0595798966170497,LLLLTLLVALLAILLFSLILI_0,1.1001100110011e+17,1.0,-60.3111,-50.5337,-60.3111,-226.28,-223.845,-242.417,-364.625,4603.07,3958.45,3643.38,-4.40978,1609.93,-82.4445,1519.68,-61.8971,-32.0826,81.3559,-44.9147,9.28858,2.29544,2.01578,1430.12,-35.1672,74.1308,-38.712,1245.31,7.5,1.78274,1.3947,0.0,LLLLTLLVALLAILLFSLILI,0.321391017558251,0.0566611323081237,G,99999900.0,-20.547400000000003,0.0,16.137,G,I
LLLYGLLFLLLIVLLATLILI,Mutant,clash,11,LLLYGLLFLLLGVLLATLILI,0.2082792677964597,LLLYGLLFLLLIVLLATLILI_2,1.1001100110011e+17,1.0,-58.8381,-61.4623,-58.8381,-239.816,-235.482,-250.966,-350.777,4729.23,4222.88,3672.0,-4.02797,22363.4,-56.1506,22309.5,-40.9728,-74.5269,47.5559,-35.1634,11.0545,4.09908,3.31241,17255.2,-73.2508,43.1479,-42.798,22012.6,7.4823,3.31258,2.4598,2.0,LLLYGLLFLLLIVLLATLILI,0.265376351592325,0.0211678927607904,G,99999900.0,-15.177799999999998,0.0,11.150000000000006,G,I
LLLSYLLTVLLITLLAFLILI,Mutant,clash,11,LLLSYLLTVLLGTLLAFLILI,0.1021691608207656,LLLSYLLTVLLITLLAFLILI_1,1.1001100110011e+17,1.0,-80.1989,-72.6982,-72.5251,-242.087,-238.063,-258.795,-369.011,4628.54,4074.0,3638.6,-3.8437,19901.4,-50.5684,19843.1,-37.6901,-50.0199,65.5719,-41.4294,10.3753,2.8552,2.33878,13120.5,-49.156,60.31,-42.3523,38926.8,7.5,2.01525,1.4199,1.0,LLLSYLLTVLLITLLAFLILI,0.271898215819829,0.0651426157446303,G,99999900.0,-12.878299999999996,-7.6738,16.708000000000027,G,I
LLLAYLLAVLLGLLLIFLILI,Mutant,clash,15,LLLAYLLAVLLGLLLGFLILI,0.4225696096145017,LLLAYLLAVLLGLLLIFLILI_2,1.1001100110011e+17,1.0,-44.9566,-48.7647,-44.9566,-237.967,-225.983,-245.604,-343.651,4613.23,4179.15,3483.79,-3.82562,21587200.0,-64.5529,21587100.0,-53.0904,-82.4354,59.398,-43.568,10.7397,6.88404,6.27501,16785100.0,-76.6711,46.9516,-39.8118,21586900.0,7.5,4.33913,3.5434,2.0,LLLAYLLAVLLGLLLIFLILI,0.334440561522595,0.131233607776622,G,99999900.0,-11.462499999999991,0.0,7.637,G,I
LLLYVLLILLLGTLLAFLILI,Mutant,clash,7,LLLYVLLGLLLGTLLAFLILI,0.121184599946473,LLLYVLLILLLGTLLAFLILI_0,1.1001100110011e+17,1.0,-58.7144,-66.4517,-58.7144,-232.926,-228.26,-250.283,-351.773,4689.37,4173.44,3631.34,-3.82046,7316.58,-63.9529,7259.52,-42.7749,-76.6015,44.3661,-47.0516,8.60936,3.97964,3.14513,6992.86,-68.9875,54.3485,-39.7512,6964.8,6.8746,4.18517,3.5004,0.0,LLLYVLLILLLGTLLAFLILI,0.269080493561184,0.0697337188854606,G,99999900.0,-21.178,0.0,17.357,G,I
LLLALLLGALLITLLSFLILI,Mutant,clash,11,LLLALLLGALLGTLLSFLILI,0.7612672329682214,LLLALLLGALLITLLSFLILI_0,1.1001100110011e+17,1.0,-73.9598,-66.0768,-73.9598,-223.78,-218.528,-238.601,-366.754,4539.96,3867.36,3556.16,-3.7946,48383.1,-72.8088,48301.0,-54.1925,-77.8208,67.2398,-40.5375,8.82011,7.2505,6.75909,42852.3,-74.197,65.2656,-42.419,48016.4,6.5325,6.44041,5.91939,0.0,LLLALLLGALLITLLSFLILI,0.296757639550451,0.0321549334236755,G,99999900.0,-18.616300000000003,0.0,14.820999999999998,G,I
LLLLVLLGALLITLLSFLILI,Mutant,clash,11,LLLLVLLGALLGTLLSFLILI,0.2138001534489805,LLLLVLLGALLITLLSFLILI_1,1.1001100110011e+17,1.0,-74.0199,-63.2144,-74.0199,-228.366,-222.767,-240.866,-367.762,4594.7,4114.6,3663.69,-3.61935,42739.9,-68.9955,42658.1,-52.8755,-57.8897,86.9435,-51.445,8.82307,6.92082,6.72497,38163.0,-62.3587,69.782,-39.5227,43041.4,7.3379,5.27437,4.8211,1.0,LLLLVLLGALLITLLSFLILI,0.303222119310716,0.0800922530483471,G,99999900.0,-16.120000000000005,0.0,12.5,G,I
LLLSSLLALLLGVLLITLILI,Mutant,clash,15,LLLSSLLALLLGVLLGTLILI,0.375460604407642,LLLSSLLALLLGVLLITLILI_2,1.1001100110011e+17,1.0,-63.2884,-55.5593,-58.7566,-232.208,-228.816,-260.261,-388.353,4504.06,3671.91,3372.1,-3.51619,1193840.0,-96.3722,1193740.0,-69.3353,-71.0984,64.7509,-47.1579,7.58107,5.90614,5.3774,1066720.0,-66.9239,51.0441,-36.0241,1192680.0,6.7893,3.42954,2.6952,2.0,LLLSSLLALLLGVLLITLILI,0.255851532295629,0.0308343869710215,G,99999900.0,-27.036900000000003,-4.531800000000004,28.053000000000026,G,I
LLLYLLLGALLIALLTFLILI,Mutant,clash,11,LLLYLLLGALLGALLTFLILI,0.93165873124599,LLLYLLLGALLIALLTFLILI_2,1.1001100110011e+17,1.0,-58.7574,-62.3862,-58.7574,-229.016,-223.384,-247.248,-347.252,4676.68,4040.73,3640.65,-3.28037,340694.0,-62.7581,340632.0,-41.2461,-72.9508,67.056,-35.6341,9.15232,6.49517,6.00101,324692.0,-68.1028,64.3439,-40.6526,340346.0,6.5,5.40184,4.867,2.0,LLLYLLLGALLIALLTFLILI,0.234945469273257,0.0939456338792329,G,99999900.0,-21.512,0.0,18.232,G,I
LLLTALLAFLLGVLLILLILI,Mutant,clash,15,LLLTALLAFLLGVLLGLLILI,0.5085171401474198,LLLTALLAFLLGVLLILLILI_1,1.1001100110011e+17,1.0,-44.9299,-44.9299,-44.9299,-232.453,-221.901,-245.109,-353.244,4589.84,3717.42,3411.9,-2.76114,3608730.0,-78.6224,3608650.0,-63.2051,-72.7159,60.8571,-48.5539,8.4184,5.62309,5.03595,1718830.0,-66.9239,51.0441,-36.0241,3610400.0,6.7893,3.42954,2.6952,1.0,LLLTALLAFLLGVLLILLILI,0.63261914178959,0.0399637649818833,G,99999900.0,-15.417299999999996,0.0,12.656000000000006,G,I
LLLVALLALLLITLLSFLILI,Mutant,clash,11,LLLVALLALLLGTLLSFLILI,0.0961270581786579,LLLVALLALLLITLLSFLILI_0,1.1001100110011e+17,1.0,-74.0748,-56.4889,-74.0748,-233.82,-227.547,-242.627,-374.549,4579.48,4233.33,3576.03,-2.74672,23675.2,-69.4006,23584.6,-57.8471,-69.0626,55.497,-36.4734,10.4443,4.35148,3.68394,19687.8,-68.1464,52.7276,-38.529,23300.6,6.6534,3.84019,3.1311,0.0,LLLVALLALLLITLLSFLILI,0.264288675106305,0.0357016127864175,G,99999900.0,-11.5535,0.0,8.807000000000016,G,I
LLLYFLLIVLLGLLLGSLILI,Mutant,clash,7,LLLYFLLAVLLGLLLGSLILI,0.0571596769370137,LLLYFLLIVLLGLLLGSLILI_0,1.1001100110011e+17,1.0,-60.2613,-62.0884,-60.2613,-229.56,-214.61,-248.347,-348.387,4736.45,3960.12,3550.5,-2.49146,286.392,-61.0563,214.704,-39.7783,-81.0489,31.8629,-37.6967,8.9949,2.95884,1.93678,279.141,-72.2097,37.011,-35.0,-61.9942,7.3038,2.32794,1.3831,0.0,LLLYFLLIVLLGLLLGSLILI,0.270363277225904,0.0609326914788158,G,99999900.0,-21.278,0.0,18.78700000000001,A,I
LLLTFLLGLLLIYLLASLILI,Mutant,clash,11,LLLTFLLGLLLGYLLASLILI,0.9770382240886856,LLLTFLLGLLLIYLLASLILI_2,1.1001100110011e+17,1.0,-60.2384,-62.7306,-60.2384,-237.876,-230.741,-250.188,-358.145,4649.4,4073.45,3620.48,-2.44579,104661.0,-62.4764,104597.0,-47.718,-75.7571,60.403,-34.6721,10.9699,6.01797,5.42402,96199.1,-75.8727,44.54,-43.5756,104303.0,7.3804,3.8938,3.0619,2.0,LLLTFLLGLLLIYLLASLILI,0.303443116221671,0.0657191880695315,G,99999900.0,-14.758399999999996,0.0,12.311999999999983,G,I
LLLYVLLFLLLGALLITLILI,Mutant,clash,15,LLLYVLLFLLLGALLGTLILI,-0.0568758444759924,LLLYVLLFLLLGALLITLILI_2,1.1001100110011e+17,1.0,-58.7437,-53.8072,-58.7437,-233.002,-225.226,-250.135,-351.721,4693.42,4091.52,3656.43,-2.43313,82831.8,-62.4086,82759.1,-42.8424,-37.6592,74.1167,-40.0129,8.98902,2.15463,1.76638,80285.8,-41.6132,59.4908,-39.8529,82480.0,6.5091,0.773238,0.1656,2.0,LLLYVLLFLLLGALLITLILI,0.307377935960037,0.119232717728462,G,99999900.0,-19.5662,0.0,17.13299999999998,G,I
LLLTFLLILLLGYLLSVLILI,Mutant,clash,7,LLLTFLLGLLLGYLLSVLILI,0.7443976234501635,LLLTFLLILLLGYLLSVLILI_2,1.1001100110011e+17,1.0,-60.1731,-63.637,-60.1731,-230.568,-223.475,-251.313,-360.607,4623.1,3977.96,3643.33,-2.22142,16342.1,-72.088,16268.6,-49.1213,-78.3625,57.245,-48.607,9.62964,5.98244,5.34112,12400.6,-85.0833,46.26,-43.2731,15981.5,7.339,5.5076,4.7015,2.0,LLLTFLLILLLGYLLSVLILI,0.720493237155501,0.072966064551783,G,99999900.0,-22.9667,0.0,20.744999999999976,G,I
LLLTFLLIVLLGLLLAILILI,Mutant,clash,7,LLLTFLLGVLLGLLLAILILI,0.6808242118303152,LLLTFLLIVLLGLLLAILILI_1,1.1001100110011e+17,1.0,-44.9375,-46.3398,-44.9375,-228.382,-218.25,-246.43,-356.389,4627.22,4041.29,3611.56,-2.06439,9749.82,-85.1339,9658.02,-65.0218,-77.8885,42.5382,-55.9861,9.00433,3.92593,3.064,7031.43,-80.0044,42.005,-45.0,18842.1,7.041,4.17133,3.3014,1.0,LLLTFLLIVLLGLLLAILILI,0.599199629892612,0.144705629719524,G,99999900.0,-20.1121,0.0,18.048,G,I
LLLTSLLVGLLAALLGLLILI,Mutant,void,12,LLLTSLLVGLLAYLLGLLILI,0.0730399603983525,LLLTSLLVGLLAALLGLLILI_0,1.1001100110011e+17,1.0,-54.6054,-55.2887,-44.9603,-218.69,-217.199,-244.287,-357.113,4473.5,3802.52,3633.75,-1.94528,1557150.0,-85.7629,1557070.0,-67.8649,-48.2423,43.3398,-43.29,7.60893,-0.412788,-1.26269,303883.0,-47.0876,58.6724,-35.0,1556800.0,7.44,1.48391,0.863996,0.0,LLLTSLLVGLLAALLGLLILI,0.41288529143814,0.0214269911899027,G,99999900.0,-17.897999999999996,-9.645100000000006,25.59700000000001,Y,A
LLLYSLLILLLGTLLGFLILI,Mutant,clash,7,LLLYSLLALLLGTLLGFLILI,-0.054849348690309,LLLYSLLILLLGTLLGFLILI_0,1.1001100110011e+17,1.0,-58.7271,-71.6281,-58.7271,-223.939,-222.669,-249.12,-346.408,4686.93,3894.81,3527.66,-1.4113,9940.76,-65.1524,9888.65,-38.5603,-69.4483,38.7871,-35.7601,8.00877,2.15351,1.23532,8295.73,-65.5548,56.8812,-35.0605,9594.35,6.8434,4.01218,3.3654,0.0,LLLYSLLILLLGTLLGFLILI,0.28789911043577,0.0694884846627198,G,99999900.0,-26.5921,0.0,25.18100000000001,A,I
LLLTLLLGLLLIFLLSILILI,Mutant,clash,11,LLLTLLLGLLLGFLLSILILI,0.859780847126622,LLLTLLLGLLLIFLLSILILI_1,1.1001100110011e+17,1.0,-60.3659,-60.8307,-60.3038,-237.786,-225.706,-251.444,-379.88,4593.25,4012.63,3572.39,-1.38552,72445.8,-83.1133,72352.5,-68.1318,-86.4353,62.7488,-36.6733,10.5295,7.93638,7.37762,70169.4,-95.1054,38.6706,-41.1733,82012.5,7.1293,5.98634,5.0664,1.0,LLLTLLLGLLLIFLLSILILI,0.433405800359321,0.0837298542215255,G,99999900.0,-14.981499999999995,-0.0621000000000009,13.657999999999989,G,I
LLLYALLFLLLITLLSILILI,Mutant,clash,11,LLLYALLFLLLGTLLSILILI,-0.0561188265814894,LLLYALLFLLLITLLSILILI_1,1.1001100110011e+17,1.0,-74.0819,-55.0569,-74.0819,-246.472,-232.626,-255.353,-373.594,4719.93,4263.0,3686.56,-1.37912,9196.04,-54.4196,9110.13,-44.1594,-63.9627,73.5972,-38.1152,11.2209,6.03002,5.63398,8331.18,-60.5958,60.1642,-40.2827,9092.86,7.5,3.71154,3.114,1.0,LLLYALLFLLLITLLSILILI,0.310875366670509,0.0172857227997795,G,99999900.0,-10.260200000000005,0.0,8.881,G,I
LLLAYLLGLLLIFLLGTLILI,Mutant,clash,11,LLLAYLLGLLLGFLLGTLILI,0.7632811885638489,LLLAYLLGLLLIFLLGTLILI_1,1.1001100110011e+17,1.0,-59.4206,-59.6077,-58.747,-234.168,-226.272,-244.821,-345.446,4612.79,4133.76,3473.13,-1.34703,57735.7,-53.204,57676.1,-41.8777,-82.458,58.3735,-37.7825,11.0773,6.74912,6.12472,44025.6,-87.7841,38.6606,-35.7467,57352.4,7.5,4.88679,3.9667,1.0,LLLAYLLGLLLIFLLGTLILI,0.397228388728731,0.0584225917623078,G,99999900.0,-11.326300000000003,-0.6736000000000004,10.652999999999992,G,I
LLLYILLGLLLITLLAFLILI,Mutant,clash,11,LLLYILLGLLLGTLLAFLILI,0.0548241661701259,LLLYILLGLLLITLLAFLILI_2,1.1001100110011e+17,1.0,-58.718,-48.4272,-58.718,-240.179,-229.045,-251.109,-354.936,4684.63,4264.52,3587.9,-1.16571,19488.3,-57.2049,19410.8,-45.1093,-59.229,76.8407,-35.523,11.2893,5.75785,5.41046,19124.3,-60.6857,64.7023,-38.4105,19133.4,7.3229,4.33767,3.8082,2.0,LLLYILLGLLLITLLAFLILI,0.268950278559408,0.120838246173661,G,99999900.0,-12.095600000000005,0.0,10.930000000000009,G,I
LLLTALLVGLLGLLLIFLILI,Mutant,clash,15,LLLTALLVGLLGLLLGFLILI,-0.011437529259017,LLLTALLVGLLGLLLIFLILI_1,1.1001100110011e+17,1.0,-44.921,-44.921,-44.921,-232.24,-218.248,-243.75,-350.038,4562.91,4091.53,3774.81,-0.649561,10107.4,-73.5266,10020.5,-61.3662,-50.9333,88.7902,-41.8596,9.06274,6.12667,5.95853,726.077,-48.1591,65.1383,-40.7743,380.561,7.1702,2.51753,1.9946,1.0,LLLTALLVGLLGLLLIFLILI,0.358574983429217,0.0472793978325469,G,99999900.0,-12.160400000000005,0.0,11.509999999999993,G,I
LLLTYLLAILLILLLGFLILI,Mutant,clash,11,LLLTYLLAILLGLLLGFLILI,0.5515430705419089,LLLTYLLAILLILLLGFLILI_0,1.1001100110011e+17,1.0,-44.9626,-53.9051,-44.9626,-236.376,-234.736,-255.609,-354.818,4682.73,4120.11,3663.0,-0.599777,34238.1,-74.0789,34172.0,-54.2461,-59.9478,53.6941,-38.7976,10.2546,2.74088,2.04629,34175.5,-61.5471,48.1349,-42.0502,33883.3,7.2784,2.23028,1.4523,0.0,LLLTYLLAILLILLLGFLILI,0.285517702836489,0.0540766512994021,G,99999900.0,-19.83280000000001,0.0,19.233000000000004,G,I
LLLTSLLVGLLAYLLILLILI,Mutant,clash,15,LLLTSLLVGLLAYLLGLLILI,0.1284894037196072,LLLTSLLVGLLAYLLILLILI_1,1.1001100110011e+17,1.0,-54.62,-54.1322,-44.9603,-236.17,-230.25,-256.868,-365.43,4623.85,3758.15,3613.25,-0.555948,1558060.0,-75.1956,1557980.0,-63.6019,-42.5909,85.4947,-42.1241,8.43555,4.43042,4.21284,1491600.0,-47.0876,58.6724,-35.0,1557690.0,7.44,1.48391,0.863996,1.0,LLLTSLLVGLLAYLLILLILI,0.357435848116885,0.0342949972943673,G,99999900.0,-11.593699999999998,-9.6597,20.698000000000008,G,I
LLLAALLALLLIVLLGTLILI,Mutant,clash,11,LLLAALLALLLGVLLGTLILI,0.085296836443875,LLLAALLALLLIVLLGTLILI_1,1.1001100110011e+17,1.0,-58.784,-58.784,-58.784,-227.465,-221.861,-235.369,-363.283,4488.42,4128.5,3525.12,-0.346285,3000.37,-77.3809,2917.73,-69.1306,-85.6075,64.1455,-38.5496,11.107,8.00077,7.46295,2757.26,-78.0946,55.6007,-36.5199,3817.34,7.2728,5.72029,5.0543,1.0,LLLAALLALLLIVLLGTLILI,0.37881027380209,0.0227712082063675,G,99999900.0,-8.250299999999996,0.0,7.903999999999996,G,I
LLLTFLLGVLLILLLAILILI,Mutant,clash,11,LLLTFLLGVLLGLLLAILILI,0.7888794929585404,LLLTFLLGVLLILLLAILILI_2,1.1001100110011e+17,1.0,-44.9375,-49.0126,-44.9375,-232.166,-227.597,-248.571,-357.401,4671.0,3928.11,3583.63,-0.299131,275408.0,-80.5967,275327.0,-63.8923,-80.4774,51.2832,-37.306,9.91871,5.49484,4.76409,204919.0,-80.0044,42.005,-45.0,275050.0,7.041,4.17133,3.3014,2.0,LLLTFLLGVLLILLLAILILI,0.491144348764386,0.088037086133176,G,99999900.0,-16.7044,0.0,16.405,G,I
LLLTLLLILLLGFLLSILILI,Mutant,clash,7,LLLTLLLGLLLGFLLSILILI,0.9927734172537476,LLLTLLLILLLGFLLSILILI_0,1.1001100110011e+17,1.0,-60.3038,-63.8213,-60.3038,-236.347,-223.038,-248.22,-378.748,4607.51,4319.02,3586.75,-0.178274,557642.0,-82.2754,557550.0,-70.2248,-100.509,42.0871,-39.4734,10.8309,7.25811,6.38941,244788.0,-95.1054,38.6706,-41.1733,557263.0,7.1293,5.98634,5.0664,0.0,LLLTLLLILLLGFLLSILILI,0.300413230232195,0.0538552924397839,G,99999900.0,-12.050600000000005,0.0,11.87299999999999,G,I
LLLYVLLIILLGLLLSFLILI,Mutant,clash,7,LLLYVLLGILLGLLLSFLILI,0.5762389311072318,LLLYVLLIILLGLLLSFLILI_0,1.1001100110011e+17,1.0,-60.3102,-69.7048,-60.3102,-235.738,-222.729,-253.153,-363.283,4673.85,4172.22,3614.19,0.211832,33047900.0,-67.0228,33047800.0,-49.8194,-91.2735,57.2887,-29.1353,10.2803,7.925,7.28433,28184300.0,-91.43,48.2927,-36.5962,33047500.0,7.0472,6.73401,5.9584,0.0,LLLYVLLIILLGLLLSFLILI,0.356858763337115,0.0662155612706861,G,99999900.0,-17.203400000000002,0.0,17.414999999999992,G,I
LLLYTLLAILLILLLGFLILI,Mutant,clash,11,LLLYTLLAILLGLLLGFLILI,0.0784181353382686,LLLYTLLAILLILLLGFLILI_2,1.1001100110011e+17,1.0,-44.9774,-65.5414,-44.9774,-234.716,-230.334,-251.538,-347.488,4702.75,4296.99,3590.39,0.700998,914571.0,-67.0927,914520.0,-50.972,-53.1152,54.3785,-43.6343,10.2846,1.80838,1.12406,906146.0,-66.7527,35.1406,-44.5294,953273.0,7.1807,1.25689,0.283999,2.0,LLLYTLLAILLILLLGFLILI,0.234503450163066,0.0351496348397923,G,99999900.0,-16.120699999999992,0.0,16.822000000000003,G,I
LLLSYLLAVLLILLLGTLILI,Mutant,clash,11,LLLSYLLAVLLGLLLGTLILI,0.6873112564555859,LLLSYLLAVLLILLLGTLILI_0,1.1001100110011e+17,1.0,-76.9054,-62.9384,-58.7719,-229.137,-228.153,-254.394,-371.715,4621.68,3962.59,3560.89,0.811025,233904.0,-64.862,233824.0,-58.5489,-71.4352,24.8379,-38.95,10.335,0.568403,-0.559028,208670.0,-71.6801,32.6466,-35.8841,233532.0,7.5,1.6593,0.648998,0.0,LLLSYLLAVLLILLLGTLILI,0.318705398360478,0.0783698765468413,G,99999900.0,-6.313099999999992,-18.1335,25.257000000000005,G,I
LLLYALLALLLITLLSFLILI,Mutant,clash,11,LLLYALLALLLGTLLSFLILI,0.069907236053492,LLLYALLALLLITLLSFLILI_0,1.1001100110011e+17,1.0,-74.0925,-56.1348,-74.0925,-236.708,-231.02,-251.506,-367.285,4688.69,4318.16,3672.24,1.17001,29558.8,-55.3146,29478.6,-41.6865,-67.2626,70.1413,-28.0295,10.981,6.05847,5.61059,24271.0,-66.9322,64.0684,-37.8112,29191.5,7.282,5.18907,4.6501,0.0,LLLYALLALLLITLLSFLILI,0.229456951266357,0.065713055109981,G,99999900.0,-13.628099999999996,0.0,14.798000000000002,G,I
LLLALLLIVLLGTLLGFLILI,Mutant,clash,7,LLLALLLGVLLGTLLGFLILI,0.7206815333693213,LLLALLLIVLLGTLLGFLILI_1,1.1001100110011e+17,1.0,-58.6964,-58.6964,-58.6964,-223.868,-210.563,-237.971,-351.146,4533.37,4069.07,3525.67,2.14701,9143480.0,-66.4345,9143400.0,-54.4785,-93.8604,48.6458,-31.7587,10.3935,7.14624,6.37593,5109860.0,-92.5815,39.7325,-40.3169,9281650.0,6.7382,5.75111,4.8471,1.0,LLLALLLIVLLGTLLGFLILI,0.282954237655205,0.051529929817877,G,99999900.0,-11.956000000000005,0.0,14.103000000000009,G,I
LLLSYLLGVLLILLLATLILI,Mutant,clash,11,LLLSYLLGVLLGLLLATLILI,0.7940617969519137,LLLSYLLGVLLILLLATLILI_2,1.1001100110011e+17,1.0,-58.7839,-77.8347,-58.7839,-240.932,-230.733,-254.319,-371.711,4609.65,3858.43,3613.35,2.1527,90504.7,-69.8423,90441.6,-58.6084,-88.3184,66.3404,-34.7,9.62157,8.70371,8.19882,85049.4,-84.8765,45.4702,-44.3391,90133.0,6.8761,5.36995,4.552,2.0,LLLSYLLGVLLILLLATLILI,0.286240713747931,0.060694959568402,G,99999900.0,-11.233899999999991,0.0,13.387,G,I
LLLTFLLIILLGVLLSLLILI,Mutant,clash,7,LLLTFLLGILLGVLLSLLILI,0.7774894321463186,LLLTFLLIILLGVLLSLLILI_2,1.1001100110011e+17,1.0,-60.3629,-61.4239,-60.3629,-225.482,-220.671,-248.197,-369.342,4644.12,4153.41,3580.85,2.87536,21622.0,-80.6215,21534.7,-60.7815,-86.5192,53.3899,-46.639,9.78074,6.68551,5.98636,12843.4,-98.6157,38.1977,-36.4813,21237.7,7.493,6.44904,5.522,2.0,LLLTFLLIILLGVLLSLLILI,0.427960720849439,0.0980495364620308,G,99999900.0,-19.84,0.0,22.715000000000003,G,I
LLLTALLAFLLIVLLGLLILI,Mutant,clash,11,LLLTALLAFLLGVLLGLLILI,0.7362202060233903,LLLTALLAFLLIVLLGLLILI_1,1.1001100110011e+17,1.0,-44.9299,-45.8745,-44.9299,-225.723,-222.699,-245.521,-352.391,4624.32,4111.49,3398.22,3.2467,13408.7,-78.4914,13324.9,-61.9401,-61.9709,59.0837,-35.7313,10.5721,3.77194,3.15819,8942.49,-66.9239,51.0441,-36.0241,40701.9,6.7893,3.42954,2.6952,1.0,LLLTALLAFLLIVLLGLLILI,0.40491607591362,0.0627733911222826,G,99999900.0,-16.551299999999998,0.0,19.797999999999973,G,I
LLLTLLLILLLGVLLASLILI,Mutant,clash,7,LLLTLLLGLLLGVLLASLILI,0.8178289368254743,LLLTLLLILLLGVLLASLILI_1,1.1001100110011e+17,1.0,-60.2643,-62.8268,-60.2643,-225.915,-215.122,-241.744,-381.939,4575.29,3973.73,3598.66,3.34677,303128.0,-92.4131,303024.0,-79.9308,-89.6509,55.187,-31.128,10.1313,7.39789,6.7257,253087.0,-97.764,38.4753,-38.0973,302726.0,7.04,6.35877,5.4359,1.0,LLLTLLLILLLGVLLASLILI,0.312025481551899,0.0567561488019561,G,99999900.0,-12.482299999999997,0.0,15.829000000000008,G,I
LLLYSLLALLLITLLGFLILI,Mutant,clash,11,LLLYSLLALLLGTLLGFLILI,0.0178847418271405,LLLYSLLALLLITLLGFLILI_0,1.1001100110011e+17,1.0,-58.7271,-53.4901,-58.7271,-233.212,-224.503,-250.421,-350.762,4698.32,4405.63,3534.25,3.71968,29410.3,-55.1027,29337.6,-41.6133,-69.7362,55.7347,-42.975,10.7709,4.48462,3.82064,28497.2,-65.5548,56.8812,-35.0605,29059.6,6.8434,4.01218,3.3654,0.0,LLLYSLLALLLITLLGFLILI,0.215165019918321,0.0576451575928748,G,99999900.0,-13.489399999999996,0.0,17.209000000000003,G,I
LLLYFLLGVLLITLLGLLILI,Mutant,clash,11,LLLYFLLGVLLGTLLGLLILI,0.8205071140818384,LLLYFLLGVLLITLLGLLILI_1,1.1001100110011e+17,1.0,-58.6992,-44.9321,-58.6992,-226.822,-214.42,-249.613,-344.689,4743.58,4075.75,3674.32,5.26658,279088.0,-53.9013,279003.0,-36.3775,-78.8015,43.1855,-45.3072,10.536,4.15027,3.29805,223044.0,-83.9549,29.1297,-45.0,410617.0,7.4713,3.02575,1.9627,1.0,LLLYFLLGVLLITLLGLLILI,0.302396914911072,0.0874617520616994,G,99999900.0,-17.5238,0.0,22.791,G,I
LLLYVLLIALLGILLTLLILI,Mutant,clash,7,LLLYVLLGALLGILLTLLILI,0.7635890558251434,LLLYVLLIALLGILLTLLILI_0,1.1001100110011e+17,1.0,-58.7202,-63.4938,-58.7202,-226.242,-221.235,-249.315,-365.919,4647.32,4254.28,3696.63,5.45786,114989.0,-75.4983,114908.0,-57.884,-80.0551,55.9625,-50.9378,9.66296,6.0632,5.40264,62165.7,-72.8097,60.8563,-43.7016,114623.0,6.839,5.63706,5.0499,0.0,LLLYVLLIALLGILLTLLILI,0.24149276386165,0.0804258231005875,G,99999900.0,-17.6143,0.0,23.073000000000008,G,I
LLLTYLLGVLLILLLSFLILI,Mutant,clash,11,LLLTYLLGVLLGLLLSFLILI,0.6558280966281029,LLLTYLLGVLLILLLSFLILI_2,1.1001100110011e+17,1.0,-63.347,-67.9566,-60.3458,-235.382,-223.917,-255.856,-366.35,4672.81,4202.47,3674.67,5.73122,38128.9,-61.89,38054.4,-50.1481,-93.3797,43.8597,-51.0865,9.89678,6.42801,5.58591,36674.5,-97.5099,26.7148,-43.9703,37762.5,7.0225,4.73298,3.6337,2.0,LLLTYLLGVLLILLLSFLILI,0.3088513070444,0.074464952417112,G,99999900.0,-11.7419,-3.0012000000000043,20.47399999999999,G,I
LLLTYLLIVLLGLLLSFLILI,Mutant,clash,7,LLLTYLLGVLLGLLLSFLILI,0.5678443489664278,LLLTYLLIVLLGLLLSFLILI_0,1.1001100110011e+17,1.0,-69.8752,-64.798,-60.3458,-228.066,-218.003,-253.698,-365.268,4645.22,3943.99,3665.75,7.41993,279043.0,-59.9068,278960.0,-51.2246,-84.974,39.0781,-45.2,8.75672,4.52164,3.60781,244713.0,-97.5099,26.7148,-43.9703,278677.0,7.0225,4.73298,3.6337,0.0,LLLTYLLIVLLGLLLSFLILI,0.396835054706075,0.0617561443468087,G,99999900.0,-8.682199999999995,-9.52940000000001,25.632000000000005,G,I
LLLTYLLAVLLILLLAFLILI,Mutant,clash,11,LLLTYLLAVLLGLLLAFLILI,0.260739026114494,LLLTYLLAVLLILLLAFLILI_0,1.1001100110011e+17,1.0,-44.9868,-50.3209,-44.9868,-229.674,-232.658,-255.079,-355.41,4682.73,4089.35,3641.8,8.88162,290512.0,-71.8684,290440.0,-55.3442,-74.9068,29.3195,-39.4928,10.0863,1.69414,0.633936,166181.0,-71.1566,42.8294,-43.0573,290157.0,7.0278,2.95546,2.0979,0.0,LLLTYLLAVLLILLLAFLILI,0.27542222557303,0.0551312113134009,G,99999900.0,-16.524199999999993,0.0,25.405,G,I
LLLTALLFLLLIYLLGSLILI,Mutant,clash,11,LLLTALLFLLLGYLLGSLILI,0.7125306769122233,LLLTALLFLLLIYLLGSLILI_1,1.1001100110011e+17,1.0,-61.1483,-64.1062,-60.326,-236.895,-228.219,-249.34,-356.49,4645.33,3971.74,3570.44,9.27917,53631.7,-49.1675,53567.5,-46.824,-55.3672,66.5175,-43.2584,10.5215,3.78495,3.28271,52108.8,-54.4566,55.8714,-40.6917,66507.3,7.0594,2.21113,1.5492,1.0,LLLTALLFLLLIYLLGSLILI,0.422911015611004,0.103649038056954,G,99999900.0,-2.343499999999999,-0.8222999999999985,12.444999999999991,G,I
LLLTVLLALLLIFLLGSLILI,Mutant,clash,11,LLLTVLLALLLGFLLGSLILI,0.5182022935462911,LLLTVLLALLLIFLLGSLILI_0,1.1001100110011e+17,1.0,-60.3442,-65.507,-60.3442,-228.345,-224.067,-244.091,-366.131,4555.93,4214.49,3492.4,9.54032,322677.0,-67.9006,322601.0,-61.6957,-46.8583,63.5247,-46.0653,11.8957,2.10458,1.55745,136389.0,-52.4326,53.6154,-37.48,322311.0,7.3254,1.60297,0.907201,0.0,LLLTVLLALLLIFLLGSLILI,0.317554488681579,0.0908909152394795,G,99999900.0,-6.204899999999995,0.0,15.74600000000001,G,I
LLLYLLLTILLAGLLFSLILI,Mutant,clash,8,LLLYLLLTTLLAGLLFSLILI,0.0434252210255629,LLLYLLLTILLAGLLFSLILI_0,1.1001100110011e+17,1.0,-74.1312,-70.9184,-74.1897,-234.559,-228.007,-249.251,-361.696,4683.2,3911.9,3699.8,10.5721,20.0253,-42.4333,-42.7456,-38.2547,-25.3901,85.677,-45.785,7.432,1.87491,1.66006,18.8477,-30.525,71.559,-44.3251,-341.671,7.1169,0.739215,0.3126,0.0,LLLYLLLTILLAGLLFSLILI,0.211140717889168,0.0979653404344293,G,99999900.0,-4.178600000000003,0.0584999999999951,14.692000000000007,T,I
LLLSSLLALLLIVLLGTLILI,Mutant,clash,11,LLLSSLLALLLGVLLGTLILI,0.3226142368578578,LLLSSLLALLLIVLLGTLILI_0,1.1001100110011e+17,1.0,-58.7566,-79.5867,-58.7566,-230.799,-218.872,-258.521,-385.627,4541.9,4020.95,3365.29,11.7274,101956.0,-84.3444,101869.0,-68.3493,-55.7892,75.6442,-38.4696,10.6439,5.08034,4.71501,79466.0,-66.9239,51.0441,-36.0241,101571.0,6.7893,3.42954,2.6952,0.0,LLLSSLLALLLIVLLGTLILI,0.308697899845414,0.013660724106432,G,99999900.0,-15.995099999999994,0.0,27.72200000000001,G,I
LLLYVLLFLLLIALLGTLILI,Mutant,clash,11,LLLYVLLFLLLGALLGTLILI,-0.0104716540798524,LLLYVLLFLLLIALLGTLILI_0,1.1001100110011e+17,1.0,-58.7437,-65.8796,-58.7437,-226.934,-224.124,-250.185,-351.583,4689.64,4389.56,3751.89,17.3985,500451.0,-48.5066,500389.0,-42.6542,-43.2206,56.0813,-43.1658,10.7014,0.55407,-0.10471,486475.0,-41.6132,59.4908,-39.8529,500099.0,6.5091,0.773238,0.1656,0.0,LLLYVLLFLLLIALLGTLILI,0.260973745563897,0.0459918006701912,G,99999900.0,-5.852399999999996,0.0,23.251000000000005,G,I
LLLALLLIALLGTLLSFLILI,Mutant,clash,7,LLLALLLGALLGTLLSFLILI,0.7844796328856198,LLLALLLIALLGTLLSFLILI_1,1.1001100110011e+17,1.0,-73.9598,-73.9598,-73.9598,-211.183,-212.975,-238.563,-367.237,4515.59,4013.65,3610.04,17.6066,6140.05,-64.4875,6059.75,-54.7134,-75.6343,59.2494,-42.783,8.79435,5.84382,5.23256,4785.01,-74.197,65.2656,-42.419,14619.5,6.5325,6.44041,5.91939,1.0,LLLALLLIALLGTLLSFLILI,0.273545239633053,0.0199650665988927,G,99999900.0,-9.774099999999995,0.0,27.379999999999995,G,I
LLLSSLLALLLITLLGFLILI,Mutant,clash,11,LLLSSLLALLLGTLLGFLILI,-0.0251581858461937,LLLSSLLALLLITLLGFLILI_2,1.1001100110011e+17,1.0,-58.7549,-66.0072,-58.7549,-231.122,-219.585,-261.594,-375.499,4590.46,4194.98,3381.89,19.0208,24732.0,-66.6017,24642.1,-55.1502,-69.1374,50.5431,-34.7988,11.0896,3.69393,2.95208,18401.1,-65.5548,56.8812,-35.0605,39013.3,6.8434,4.01218,3.3654,2.0,LLLSSLLALLLITLLGFLILI,0.310369600507046,0.0630402532813793,G,99999900.0,-11.451499999999996,0.0,30.47199999999998,G,I
LLLYVLLALLLGTLLIFLILI,Mutant,clash,15,LLLYVLLALLLGTLLGFLILI,-0.0036399535729189,LLLYVLLALLLGTLLIFLILI_2,1.1001100110011e+17,1.0,-55.0768,-52.5928,-58.7232,-228.156,-233.255,-250.351,-352.346,4687.15,3745.06,3616.07,368804.0,7030050.0,368735.0,7029980.0,-43.2716,-67.6671,42.9773,-32.2855,7.59587,2.45201,1.59667,1645160.0,-71.1719,34.5088,-41.0473,7029700.0,6.9662,1.83447,0.852102,2.0,LLLYVLLALLLGTLLIFLILI,0.263975264682348,0.0603076605322412,G,99999900.0,368778.2716,3.6464,22.194999999999997,G,I
