WTSequence,Sequence,Region,Mutant Type,CHARMM_IMM1,CHARMM_IMM1REF,CHARMM_VDW,Dimer,HBONDMonomer,IMM1Monomer,Monomer,MonomerSasa,SCWRL4_HBOND,VDWMonomer,Mutant_DimerSasa,Mutant_MonomerSasa,Mutant_Position_MonomerSasa,Mutant_Position_Sasa,WT_DimerSasa,WT_MonomerSasa,WT_Position_MonomerSasa,WT_Position_Sasa,Total,Interface,Position,WT_AA,SasaDifference,SasaPercDifference,Mutant_SASA_no_alanine,SASA_no_wt_position,DimerSasaDifference,Segment,PercentGpA_transformed,std_adjusted,Sample,LB-12H_M9-36H,wt_seq,Fluorescence,FluorStdDev,Percent GpA,Fluor Difference,WT Sequence,Type
LLLYFLLALLLGTLLGSLILI,LLLYFLLALLLITLLGSLILI,GAS,clash,19.6097,-263.913,160082000.0,160082000.0,-74.1108,-291.715,-382.272,4261.03,-55.1112,-16.4463,3282.68,4148.9,61.7986,0.0,3282.68,4129.9,40.9224,0.0,-33.9785,1.10011e+17,11,G,130.2678,0.0,,,,,0.23674488545411,0.0231148407036153,G,99999900.0,LLLYFLLALLLGTLLGSLILI,18169.20434759345,1705.462721992997,21.0444871323062,0.07543525092911019,LLLYFLLALLLGTLLGSLILI,Mutant
LLLYFLLALLLGTLLGSLILI,LLLYFLLILLLGTLLGSLILI,GAS,clash,20.0342,-262.72,11796000.0,11795700.0,-74.1108,-291.817,-379.854,4242.46,-59.3838,-13.9265,3282.68,4129.9,55.0298,0.0,3282.68,4129.9,55.0298,0.0,-33.9785,1.10011e+17,7,A,129.5954,0.0,,,,,0.2375812207758983,0.0176566203552799,G,99999900.0,LLLYFLLALLLGTLLGSLILI,18175.836354506468,1594.6982813696204,22.946693312063044,0.07459891560732188,LLLYFLLALLLGTLLGSLILI,Mutant
LLLYFLLALLLGTLLGSLILI,LLLYALLALLLGTLLGSLILI,GAS,void,,,,,,,,,,,3305.86,4038.49,52.5205,59.4776,3282.68,4129.9,140.93,128.705,-33.9785,1.1e+17,4,F,78.9976,42.95180653,3246.3824,3153.975,92.4074,0.0,0.2433260810193728,0.0433478772792263,G,99999900.0,LLLYALLALLLGTLLGFLILI,18219.80332590738,1521.1738658802549,26.577727502487964,0.06885405536384737,LLLYFLLALLLGTLLGSLILI,Mutant
LLLYFLLALLLGTLLGSLILI,LLLAFLLALLLGTLLGSLILI,GAS,void,,,,,,,,,,,3111.73,3936.75,64.4669,99.3758,3282.68,4129.9,186.656,333.627,-33.9785,1.1e+17,3,Y,70.355,58.54906711,3012.3542,2949.053,63.3012,0.0,0.430713125245695,0.0078740423002311,G,99999900.0,LLLYFLLALLLGTLLGSLILI,19913.06336684482,1511.9661734983242,40.86762907385014,-0.11853298886247482,LLLYFLLALLLGTLLGSLILI,Mutant
LLLYVLLGILLGLLLSFLILI,LLLYVLLGILLILLLSFLILI,GAS,clash,21.9902,-265.841,181860000.0,181860000.0,-60.3102,-284.641,-373.523,4274.75,-54.2289,-28.5719,3315.63,4205.72,49.835,0.0,3315.63,4190.15,29.6562,0.0,-33.5965,1.10011e+17,11,G,130.2678,0.0,,,,,0.2201773760690843,0.1250250305736763,G,99999900.0,LLLYVLLGILLGLLLSFLILI,17975.0837439418,2350.1323422495293,21.419344247739456,0.7129203183752625,LLLYVLLGILLGLLLSFLILI,Mutant
LLLYVLLGILLGLLLSFLILI,LLLYVLLIILLGLLLSFLILI,GAS,clash,22.8823,-265.816,404512000.0,404512000.0,-60.3102,-285.531,-374.651,4265.86,-53.1185,-28.8092,3315.63,4210.94,61.655,0.0,3315.63,4190.15,40.7452,0.0,-33.5965,1.10011e+17,7,G,129.5954,0.0,,,,,0.3568587633371149,0.0662155612706861,G,99999900.0,LLLYVLLGILLGLLLSFLILI,19281.10675453819,1308.9966357295186,33.42615855494858,0.5762389311072318,LLLYVLLGILLGLLLSFLILI,Mutant
LLLYVLLGILLGLLLSFLILI,LLLAVLLGILLGLLLSFLILI,GAS,void,,,,,,,,,,,3255.5,3998.56,68.3098,47.866,3315.63,4190.15,189.92,234.992,-33.5965,1.1e+17,3,Y,121.8648,28.2011279,3207.634,3080.638,126.996,1.0,1.304703348861117,0.0390159336281856,G,99999900.0,LLLAVLLGILLGLLLGFLILI,27768.44600900902,1600.2333475597604,121.10857811558556,-0.3716056544167703,LLLYVLLGILLGLLLSFLILI,Mutant
LLLYFLLGTLLGALLGLLILI,LLLYFLLITLLGALLGLLILI,GAS,clash,13.3413,-258.04,5338450000.0,5338450000.0,-58.7237,-272.558,-347.466,4241.07,-62.843,-16.1837,3354.47,4160.95,57.5612,1.98064,3354.53,4149.2,40.1001,1.69011,-33.2671,1.10011e+17,7,G,127.61476,1.528325851,,,,,0.2618906036357396,0.2246713680310555,G,99999900.0,LLLYFLLGTLLGALLGLLILI,18352.05500580644,1878.983376020292,48.00570390486288,0.6077959334811438,LLLYFLLGTLLGALLGLLILI,Mutant
LLLYFLLGTLLGALLGLLILI,LLLYFLLGTLLIALLGLLILI,GAS,clash,13.0144,-258.051,2.27e+16,2.27e+16,-58.7237,-271.865,-345.659,4278.78,-58.2745,-15.0696,3354.53,4171.63,62.6013,0.0726336,3354.53,4149.2,40.7399,0.0726336,-33.2671,1.10011e+17,11,G,130.1951664,0.05575714,,,,,0.2682518402975047,0.0560693501715386,G,99999900.0,LLLYFLLGTLLGALLGLLILI,18462.10392231892,1058.2044242140023,31.49867037221244,0.6014346968193788,LLLYFLLGTLLGALLGLLILI,Mutant
LLLYFLLGTLLGALLGLLILI,LLLYALLGTLLGALLGLLILI,GAS,void,,,,,,,,,,,3379.84,3978.46,64.7834,103.973,3354.53,4149.2,172.64,172.979,-33.2671,1.1e+17,4,F,34.5022,75.0842028,3275.867,3181.551,94.316,0.0,0.3851808211937634,0.0139754348634472,G,99999900.0,LLLYFLLGTLLGALLGLLILI,19504.84948379514,1397.7948720975376,38.27918520770706,0.4845057159231201,LLLYFLLGTLLGALLGLLILI,Mutant
LLLYFLLGTLLGALLGLLILI,LLLYFLLGTLLGALLGALILI,GAS,void,,,,,,,,,,,3355.59,4078.84,59.2783,86.6294,3354.53,4149.2,120.98,143.906,-33.2671,1.1e+17,16,L,42.8334,66.91451135,3268.9606,3210.624,58.3366,0.0,1.0179194895681891,0.0651189714934077,G,99999900.0,LLLYFLLGTLLGALLGLLILI,25173.909969532368,919.8805920645937,104.27495634153144,-0.14823295245130563,LLLYFLLGTLLGALLGLLILI,Mutant
LLLAYLLVFLLGLLLGSLILI,LLLAYLLVALLGLLLGSLILI,GAS,void,,,,,,,,,,,3140.87,4022.96,51.1375,38.5386,3107.04,4113.64,138.636,85.4606,-33.0247,1.1e+17,8,F,92.791,29.34494585,3102.3314,3021.5794,80.752,0.0,0.6406086400647125,0.0116653942997161,G,99999900.0,LLLAYLLVFLLGLLLGSLILI,21795.09719010004,1382.38081263017,62.123979348933865,1.111899981249299,LLLAYLLVFLLGLLLGSLILI,Mutant
LLLAYLLVFLLGLLLGSLILI,LLLAYLLVFLLGLLLISLILI,GAS,clash,10.6102,-259.499,918826000.0,918826000.0,-60.3448,-279.711,-364.861,4219.58,-54.3426,-24.8055,3106.44,4132.49,62.5088,8.93867,3107.04,4113.64,41.8214,8.63757,-33.0247,1.10011e+17,15,G,120.78173,6.890720349,,,,,0.6621033851430508,0.0658755986263491,G,99999900.0,LLLAYLLVFLLGLLLGSLILI,21964.69109960862,1596.957322204925,65.72244883466588,1.0904052361709606,LLLAYLLVFLLGLLLGSLILI,Mutant
LLLAYLLVFLLGLLLGSLILI,LLLAALLVFLLGLLLGSLILI,GAS,void,,,,,,,,,,,3149.32,3945.76,52.4908,74.6408,3107.04,4113.64,169.786,147.142,-33.0247,1.1e+17,4,Y,63.8344,53.90192612,3074.6792,2959.898,114.7812,0.0,0.9455293967438536,0.0461629577735881,G,99999900.0,LLLAYLLVFLLGLLLGSLILI,24527.59406668675,1044.4402489484628,95.32609875184367,0.8069792245701577,LLLAYLLVFLLGLLLGSLILI,Mutant
LLLAYLLVFLLGLLLGSLILI,LLLAYLLVFLLILLLGSLILI,GAS,clash,10.6069,-259.499,1.05e+25,1.05e+25,-60.3448,-287.33,-374.132,4191.78,-52.3153,-26.4567,3107.04,4119.99,52.8209,0.0,3107.04,4113.64,38.0155,0.0,-33.0247,1.10011e+17,11,G,130.2678,0.0,,,,,1.1472833715919688,0.8385518229301611,G,99999900.0,LLLAYLLVFLLGLLLGSLILI,26099.67097922416,8334.69096940866,54.68045995304062,0.6052252497220425,LLLAYLLVFLLGLLLGSLILI,Mutant
LLLAYLLGVLLGLLLGFLILI,LLLAYLLGVLLILLLGFLILI,GAS,clash,21.1237,-273.909,1659780000000.0,1659780000000.0,-44.9604,-272.603,-337.672,4621.15,-53.2013,-20.1086,3512.4,4686.63,58.1131,0.0,3512.4,4667.98,37.7566,0.0,-49.7552,1.10011e+17,11,G,130.2678,0.0,,,,,0.3505705619384158,0.1390190814995573,G,99999900.0,LLLAYLLGVLLGLLLGFLILI,19171.79014389269,1252.2288230419076,48.237786280664615,0.8414401529673343,LLLAYLLGVLLGLLLGFLILI,Mutant
LLLAYLLGVLLGLLLGFLILI,LLLAYLLIVLLGLLLGFLILI,GAS,clash,13.5409,-259.458,8438030.0,8437730.0,-44.9046,-274.89,-345.359,4154.56,-54.3185,-25.5647,3179.43,4084.23,59.8771,2.52337,3180.94,4069.29,40.968,2.23284,-31.4568,1.10011e+17,7,G,127.07203,1.947113864,,,,,0.4415125280283905,0.1155632581485041,G,99999900.0,LLLAYLLGVLLGLLLGFLILI,20052.222707481844,803.4897739589316,47.842045025379946,0.7504981868773597,LLLAYLLGVLLGLLLGFLILI,Mutant
LLLAYLLGVLLGLLLGFLILI,LLLAYLLGVLLGLLLGALILI,GAS,void,,,,,,,,,,,3110.48,3984.97,59.2053,115.671,3180.94,4069.29,142.766,270.617,-31.4568,1.1e+17,16,F,13.7918,89.34690119,2994.809,2910.323,84.486,0.0,0.9730494333600458,0.207572763288338,G,99999900.0,LLLAYLLGVLLGLLLGFLILI,24715.347964706947,1743.294648066512,110.52027275787268,0.21896128154570438,LLLAYLLGVLLGLLLGFLILI,Mutant
LLLAYLLGVLLGLLLGFLILI,LLLAALLGVLLGLLLGFLILI,GAS,void,,,,,,,,,,,3172.59,3877.5,65.6065,70.0357,3180.94,4069.29,184.16,196.876,-31.4568,1.1e+17,4,Y,68.4395,50.57634869,3102.5543,2984.064,118.4903,0.0,1.1755511761480928,0.0291420292416732,G,99999900.0,LLLAYLLGVLLGLLLGFLILI,26588.34335711105,1507.4796334302555,110.95067044135878,0.016459538757657377,LLLAYLLGVLLGLLLGFLILI,Mutant
LLLAFLLGVLLGTLLGLLILI,LLLAFLLGVLLITLLGLLILI,GAS,clash,32.2444,-267.976,7594340000000.0,7594340000000.0,-58.7088,-266.812,-349.815,4561.04,-59.0099,-24.2949,3444.45,4584.8,62.3883,0.0617526,3444.45,4561.96,40.137,0.0617526,-35.5018,1.10011e+17,11,G,130.2060474,0.047404347,,,,,0.4040620060719422,0.1290074198794608,G,99999900.0,LLLAFLLGVLLGTLLGLLILI,19677.51080060354,669.6375344149487,52.61864660820508,0.7917726525468567,LLLAFLLGVLLGTLLGLLILI,Mutant
LLLAFLLGVLLGTLLGLLILI,LLLAFLLIVLLGTLLGLLILI,GAS,clash,32.9138,-267.957,197499000.0,197499000.0,-58.7088,-269.297,-352.306,4594.11,-57.6996,-24.3004,3444.45,4574.4,57.1263,0.0,3444.45,4561.96,39.9492,0.0,-35.5018,1.10011e+17,7,G,129.5954,0.0,,,,,0.4408811282872973,0.0381763612343965,G,99999900.0,LLLAFLLGVLLGTLLGLLILI,20007.798575310622,1156.0525392561178,46.2515696265975,0.7549535303315016,LLLAFLLGVLLGTLLGLLILI,Mutant
LLLAFLLGVLLGTLLGLLILI,LLLAALLGVLLGTLLGLLILI,GAS,void,,,,,,,,,,,3116.28,3834.42,59.2628,69.2237,3100.55,3968.75,157.507,149.896,-29.5755,1.1e+17,4,F,69.2515,49.9899621,3047.0563,2950.654,96.4023,0.0,0.8755175052367555,0.0545866022458296,G,99999900.0,LLLAFLLGVLLGTLLGLLILI,23898.60245660592,1009.9983667687626,89.56947134331374,0.32031715338204336,LLLAFLLGVLLGTLLGLLILI,Mutant
LLLAFLLGVLLGTLLGLLILI,LLLAFLLGVLLGTLLGALILI,GAS,void,,,,,,,,,,,3109.17,3920.08,56.6062,104.322,3100.55,3968.75,111.615,169.215,-29.5755,1.1e+17,16,L,25.1408,80.58067646,3004.848,2931.335,73.513,0.0,1.2966078768972686,0.2383720175788306,G,99999900.0,LLLAFLLGVLLGTLLGLLILI,27776.273211848165,1997.409080329265,130.28852572864514,-0.10077321827846975,LLLAFLLGVLLGTLLGLLILI,Mutant
LLLAFLLGTLLGVLLGLLILI,LLLAFLLITLLGVLLGLLILI,GAS,clash,29.2401,-259.777,7088660000.0,7088660000.0,-58.726,-268.92,-358.31,4088.79,-57.3428,-30.6642,3147.84,3981.39,57.1386,0.0,3147.84,3970.3,40.0509,0.0,-28.8249,1.10011e+17,7,G,129.5954,0.0,,,,,0.3492553163345648,0.011937149536124,G,99999900.0,LLLAFLLGTLLGVLLGLLILI,19180.13702576728,1525.042214090084,33.61624108061895,1.0132358129647034,LLLAFLLGTLLGVLLGLLILI,Mutant
LLLAFLLGTLLGVLLGLLILI,LLLAFLLGTLLIVLLGLLILI,GAS,clash,32.2545,-267.965,6262440000000.0,6262440000000.0,-58.7211,-269.342,-352.064,4619.94,-59.0101,-24.0001,3495.32,4590.99,62.5999,0.0617526,3495.32,4567.44,40.2034,0.0617526,-38.3782,1.10011e+17,11,G,130.2060474,0.047404347,,,,,0.3642173449274997,0.0630167333968966,G,99999900.0,LLLAFLLGTLLGVLLGLLILI,19333.255680155795,1840.5955368838704,28.36046701636772,0.9982737843717686,LLLAFLLGTLLGVLLGLLILI,Mutant
LLLAFLLGTLLGVLLGLLILI,LLLAALLGTLLGVLLGLLILI,GAS,void,,,,,,,,,,,3529.36,4423.32,59.6063,58.2159,3495.32,4567.44,159.849,128.071,-38.3782,1.1e+17,4,F,80.2593,42.04066865,3471.1441,3367.249,103.8951,0.0,1.0036400870818731,0.0247866698925864,G,99999900.0,LLLAFLLGTLLGVLLGLLILI,25046.74753286037,1485.0203598925448,95.1004298409688,0.35885104221739517,LLLAFLLGTLLGVLLGLLILI,Mutant
LLLAFLLGTLLGVLLGLLILI,LLLAFLLGTLLGALLGLLILI,GAS,void,,,,,,,,,,,3152.45,3969.07,51.4939,75.4475,3147.84,3970.3,69.986,109.112,-28.8249,1.1e+17,12,V,60.0118,64.64295225,3077.0025,3038.728,38.2745,0.0,1.3265905428656186,0.0351221614352616,G,99999900.0,LLLYFLLGTLLGALLGLLILI,27939.85874901195,1474.6166158694966,125.87259755097864,0.035900586433649684,LLLAFLLGTLLGVLLGLLILI,Mutant
LLLAFLLGTLLGVLLGLLILI,LLLAFLLGTLLGVLLGALILI,GAS,void,,,,,,,,,,,3498.61,4547.06,41.8467,87.147,3495.32,4567.44,90.8987,170.948,-38.3782,1.1e+17,16,L,42.3158,67.31431732,3411.463,3324.372,87.091,0.0,1.366995697500413,0.0248330305462175,G,99999900.0,LLLAFLLGTLLGVLLGLLILI,28314.01461744493,1543.5275847141895,128.04756840501187,-0.004504568201144643,LLLAFLLGTLLGVLLGLLILI,Mutant
LLLAFLLGTLLGVLLGLLILI,LLLIFLLGTLLGVLLGLLILI,GAS,clash,48.2236,-264.409,3881600000.0,3881600000.0,-58.7211,-267.336,-347.614,4586.44,-61.8283,-21.5571,3495.32,4567.44,66.4752,26.6843,3495.32,4567.44,66.4752,26.6843,-38.3782,1.10011e+17,3,A,143.0465,15.72154258,,,,,1.5232445971844584,0.8160745116012074,G,99999900.0,LLLAFLLGTLLGVLLGLLILI,29970.43417811922,8597.64685023024,74.59668320448802,-0.16075346788519007,LLLAFLLGTLLGVLLGLLILI,Mutant
LLLYFLLGVLLGTLLGLLILI,LLLYFLLGVLLITLLGLLILI,GAS,clash,38.352,-268.07,560761000000.0,560761000000.0,-58.6992,-275.238,-350.346,4293.27,-55.5096,-16.4086,3274.57,4196.45,62.5679,0.0,3274.57,4173.53,40.5619,0.0,-28.7978,1.10011e+17,11,G,130.2678,0.0,,,,,0.3023969149110718,0.0874617520616994,G,99999900.0,LLLYFLLGVLLGTLLGLLILI,18794.81766781284,911.2943012392126,33.06533332445697,0.8205071140818384,LLLYFLLGVLLGTLLGLLILI,Mutant
LLLYFLLGVLLGTLLGLLILI,LLLYFLLIVLLGTLLGLLILI,GAS,clash,40.0417,-267.99,561449000000.0,561449000000.0,-58.6992,-274.949,-350.801,4272.06,-55.5394,-17.1536,3274.57,4185.71,57.5896,0.0,3274.57,4173.53,40.1499,0.0,-28.7978,1.10011e+17,7,G,129.5954,0.0,,,,,0.3064095171832694,0.019677756742707,G,99999900.0,LLLYFLLGVLLGTLLGLLILI,18793.263416575108,1628.0924616619295,28.694705083428847,0.8164945118096407,LLLYFLLGVLLGTLLGLLILI,Mutant
LLLYFLLGVLLGTLLGLLILI,LLLYALLGVLLGTLLGLLILI,GAS,void,,,,,,,,,,,3303.83,4009.95,65.9063,65.9294,3274.57,4173.53,167.177,147.607,-28.7978,1.1e+17,4,F,72.5458,47.61098016,3237.9006,3126.963,110.9376,0.0,0.4065042419948044,0.0750956017438186,G,99999900.0,LLLYFLLGVLLGTLLGLLILI,19730.31325082374,1350.9043275886318,37.54048636523889,0.7163997869981058,LLLYFLLGVLLGTLLGLLILI,Mutant
LLLTLLLGALLGFLLSILILI,LLLTLLLGALLIFLLSILILI,GAS,clash,28.5065,-274.633,909934000000.0,909934000000.0,-60.2245,-273.576,-369.627,4625.25,-52.0531,-35.8272,3611.23,4602.87,60.2458,4.24186,3612.4,4578.5,37.5884,3.58816,-38.4828,1.10011e+17,11,G,126.02594,3.256261332,,,,,0.2959502504461122,0.1698236792070689,G,99999900.0,LLLTLLLGALLGFLLSILILI,18636.823695640465,2431.9062795089408,34.74853128484217,1.1867599099328645,LLLTLLLGALLGFLLSILILI,Mutant
LLLTLLLGALLGFLLSILILI,LLLTLLLIALLGFLLSILILI,GAS,clash,29.2536,-274.607,28503700000.0,28503700000.0,-60.2245,-273.539,-369.971,4581.31,-51.9809,-36.2075,3612.23,4591.34,59.1549,0.356901,3612.4,4578.5,40.9023,0.284267,-38.4828,1.10011e+17,7,G,129.238499,0.275396349,,,,,0.3348863487804878,0.054337696882088,G,99999900.0,LLLTLLLGALLGFLLSILILI,19058.437817017333,1060.4680799939997,37.78930307210287,1.147823811598489,LLLTLLLGALLGFLLSILILI,Mutant
LLLTLLLGALLGFLLSILILI,LLLTALLGALLGFLLSILILI,GAS,void,,,,,,,,,,,3271.89,3946.06,69.2316,58.0525,3280.11,4036.67,136.474,122.625,-28.4404,1.1e+17,4,L,80.4227,41.92266919,3213.8375,3157.485,56.3525,0.0,0.9707895733056088,0.1744667363230185,G,99999900.0,LLLTLLLGALLGFLLSILILI,24781.203858831257,2831.947734956531,73.62444008690021,0.511920587073368,LLLTLLLGALLGFLLSILILI,Mutant
LLLTLLLGALLGFLLSILILI,LLLTLLLGALLGALLSILILI,GAS,void,,,,,,,,,,,3240.67,3923.42,49.1852,65.8424,3280.11,4036.67,144.382,214.294,-28.4404,1.1e+17,12,F,63.9796,50.71744388,3174.8276,3065.816,109.0116,0.0,1.1622293482824786,0.0696811853735419,G,99999900.0,LLLTLLLGALLGFLLSILILI,26460.153763899634,1862.68862048427,106.03290651233354,0.32048081209649815,LLLTLLLGALLGFLLSILILI,Mutant
LLLTLLLGALLGFLLSILILI,LLLTLLLGALLGFLLSALILI,GAS,void,,,,,,,,,,,3626.47,4591.91,34.7828,67.9611,3612.4,4578.5,60.9817,120.243,-38.4828,1.1e+17,16,I,61.5017,52.49469346,3558.5089,3492.157,66.3519,0.0,1.219057810736894,0.0365746798238582,G,99999900.0,LLLTLLLGALLGFLLSILILI,26977.28628865852,1162.4471181595245,119.63302643258314,0.26365234964208284,LLLTLLLGALLGFLLSILILI,Mutant
LLLSYLLGVLLGLLLATLILI,LLLSYLLGVLLILLLATLILI,GAS,clash,14.8439,-262.325,6093740000.0,6093740000.0,-58.7839,-281.928,-376.522,4150.2,-55.4772,-35.8101,3203.07,4064.87,54.849,0.0,3203.07,4047.62,34.6202,0.0,-26.2402,1.10011e+17,11,G,130.2678,0.0,,,,,0.286240713747931,0.060694959568402,G,99999900.0,LLLSYLLGVLLGLLLATLILI,18594.329983892298,1790.2659803930014,28.7251295604527,0.7940617969519137,LLLSYLLGVLLGLLLATLILI,Mutant
LLLSYLLGVLLGLLLATLILI,LLLSYLLIVLLGLLLATLILI,GAS,clash,15.6761,-262.288,34161700.0,34161400.0,-58.7839,-281.922,-376.728,4142.27,-56.2312,-36.0228,3203.15,4063.34,60.1152,0.217901,3203.07,4047.62,40.8023,0.0726336,-26.2402,1.10011e+17,7,G,109.9687,15.22636378,,,,,0.4966161619797217,0.0631589665139616,G,99999900.0,LLLSYLLGVLLGLLLATLILI,20505.199750288302,991.4564459783512,54.39280301627248,0.583686348720123,LLLSYLLGVLLGLLLATLILI,Mutant
LLLSYLLGVLLGLLLATLILI,LLLSYLLGVLLGALLATLILI,GAS,void,,,,,,,,,,,3214.53,3998.96,51.7548,77.6348,3203.07,4047.62,106.981,125.795,-26.2402,1.1e+17,12,L,52.1872,59.80095824,3136.8952,3077.275,59.6202,0.0,1.1353569726523325,0.0454315065879711,G,99999900.0,LLLSYLLGVLLGLLLATLILI,26219.489869813613,1324.5108632231772,110.677443668115,-0.055054461952487754,LLLSYLLGVLLGLLLATLILI,Mutant
LLLSYLLGVLLGLLLATLILI,LLLSALLGVLLGLLLATLILI,GAS,void,,,,,,,,,,,3222.17,3857.07,66.1298,67.3124,3203.07,4047.62,184.435,172.656,-26.2402,1.1e+17,4,Y,71.1628,48.60971495,3154.8576,3030.414,124.4436,0.0,1.1654940982823188,0.16716164541967,G,99999900.0,LLLSYLLGVLLGLLLATLILI,26577.7631479934,2102.714551189624,105.92795534789656,-0.08519158758247403,LLLSYLLGVLLGLLLATLILI,Mutant
LLLTYLLAFLLGVLLGLLILI,LLLTYLLAFLLIVLLGLLILI,GAS,clash,19.9353,-271.824,1713820000.0,1713820000.0,-44.9207,-276.855,-350.746,4238.63,-50.175,-28.9705,3103.61,4115.29,57.3363,0.0,3103.61,4104.06,40.5062,0.0,-25.4978,1.10011e+17,11,G,130.2678,0.0,,,,,0.3689332286927198,0.0264200127779666,G,99999900.0,LLLTYLLAFLLGVLLGLLILI,19357.810226781578,1326.7486335421584,38.11308108079615,0.741086010636929,LLLTYLLAFLLGVLLGLLILI,Mutant
LLLTYLLAFLLGVLLGLLILI,LLLTYLLAFLLGVLLILLILI,GAS,clash,19.9318,-271.824,1132230000.0,1132230000.0,-44.9207,-271.9,-345.073,4256.15,-54.6171,-28.2524,3103.57,4123.0,59.4889,0.0,3103.61,4104.06,38.9914,0.0389564,-25.4978,1.10011e+17,15,G,129.7204,0.0,,,,,0.4836137250303792,0.053029053548189,G,99999900.0,LLLTYLLAFLLGVLLGLLILI,20368.459417351707,1721.5679203788304,46.46076686244881,0.6264055142992697,LLLTYLLAFLLGVLLGLLILI,Mutant
LLLTYLLAFLLGVLLGLLILI,LLLTYLLAALLGVLLGLLILI,GAS,void,,,,,,,,,,,3147.19,3948.94,64.2668,57.1813,3103.61,4104.06,163.428,118.063,-25.4978,1.1e+17,8,F,74.1483,43.54029861,3090.0087,2985.547,104.4617,1.0,0.5849451120386665,0.0532500775265716,G,99999900.0,LLLTYLLAFLLGVLLGLLILI,21316.36837412029,1041.0917063792672,59.02931515445504,0.5250741272909824,LLLTYLLAFLLGVLLGLLILI,Mutant
LLLTALLFLLLGYLLGSLILI,LLLTALLFLLLGYLLISLILI,GAS,clash,16.4379,-268.957,6058340.0,6058030.0,-60.326,-280.29,-367.167,4142.67,-58.1195,-26.551,3174.16,4192.66,60.8303,8.18466,3174.58,4176.7,41.3995,7.83405,-22.501,1.10011e+17,15,G,121.53574,6.309462506,,,,,0.2731661486557384,0.0305456997555771,G,99999900.0,LLLTALLFLLLGYLLGSLILI,18515.315856045363,1416.9986851239448,25.364388390684184,0.8622755438674892,LLLTALLFLLLGYLLGSLILI,Mutant
LLLTALLFLLLGYLLGSLILI,LLLTALLFLLLIYLLGSLILI,GAS,clash,16.439,-268.957,619887000000.0,619887000000.0,-60.326,-286.589,-374.044,4096.43,-53.4858,-27.1288,3173.63,4175.59,51.9778,1.67057,3174.58,4176.7,39.1287,1.16214,-22.501,1.10011e+17,11,G,128.59723,1.282412077,,,,,0.4229110156110043,0.1036490380569539,G,99999900.0,LLLTALLFLLLGYLLGSLILI,19842.83375861006,817.6564252811817,51.79538416374335,0.7125306769122233,LLLTALLFLLLGYLLGSLILI,Mutant
LLLTALLFLLLGYLLGSLILI,LLLTALLFLLLGALLGSLILI,GAS,void,,,,,,,,,,,3198.29,4015.03,60.4341,56.2911,3174.58,4176.7,168.324,143.562,-22.501,1.1e+17,12,Y,73.5309,43.3602163,3141.9989,3031.018,110.9809,0.0,0.6580787661689639,0.0073685389367829,G,99999900.0,LLLTALLFLLLGYLLGSLILI,21956.1572457744,1342.7120292242755,63.661644631158055,0.4773629263542637,LLLTALLFLLLGYLLGSLILI,Mutant
LLLTALLFLLLGYLLGSLILI,LLLTALLALLLGYLLGSLILI,GAS,void,,,,,,,,,,,3179.87,4017.01,57.2829,16.7406,3174.58,4176.7,157.321,84.9675,-22.501,1.1e+17,7,F,112.8548,12.91758812,3163.1294,3089.6125,73.5169,0.0,1.0393865284639676,0.0107173321191423,G,99999900.0,LLLTALLFLLLGYLLGSLILI,25372.300136937138,1372.132247699254,99.38177277397834,0.09605516405925996,LLLTALLFLLLGYLLGSLILI,Mutant
LLLTALLAFLLGVLLGLLILI,LLLTALLAFLLIVLLGLLILI,GAS,clash,17.5889,-264.865,10577000000000.0,10577000000000.0,-44.9299,-270.128,-356.362,4106.73,-49.8553,-41.3048,3082.21,4004.96,57.3093,0.0,3082.21,3994.14,40.5402,0.0,-21.538,1.10011e+17,11,G,130.2678,0.0,,,,,0.4049160759136198,0.0627733911222826,G,99999900.0,LLLTALLAFLLGVLLGLLILI,19707.729780477555,1612.6802358331256,34.444094961798115,0.7362202060233903,LLLTALLAFLLGVLLGLLILI,Mutant
LLLTALLAFLLGVLLGLLILI,LLLTALLAALLGVLLGLLILI,GAS,void,,,,,,,,,,,3110.82,3831.49,68.7836,54.6076,3082.21,3994.14,169.353,118.678,-21.538,1.1e+17,8,F,76.722,41.58057285,3056.2124,2963.532,92.6804,0.0,0.410137864941181,0.0319352007179339,G,99999900.0,LLLTALLAFLLGVLLGLLILI,19722.654114010827,1728.7248161758018,36.92318842082826,0.7309984169958291,LLLTALLAFLLGVLLGLLILI,Mutant
LLLTALLAFLLGVLLGLLILI,LLLTALLAFLLGVLLILLILI,GAS,clash,17.5917,-264.865,995693000.0,995692000.0,-44.9299,-264.973,-350.482,4139.91,-54.3915,-40.5793,3082.23,4012.37,59.6365,2.15499,3082.21,3994.14,39.1908,2.2045,-21.538,1.10011e+17,15,G,127.56541,1.661257597,,,,,0.6326191417895903,0.0399637649818833,G,99999900.0,LLLTALLAFLLGVLLGLLILI,21734.513562681223,1681.2445168852928,56.20052128314791,0.5085171401474198,LLLTALLAFLLGVLLGLLILI,Mutant
LLLTALLAFLLGVLLGLLILI,LLLTALLAFLLGVLLGALILI,GAS,void,,,,,,,,,,,3088.2,3946.84,56.5487,109.908,3082.21,3994.14,111.109,181.591,-21.538,1.1e+17,16,L,19.5548,84.89542942,2978.292,2900.619,77.673,0.0,1.364094349371016,0.0571698730714739,G,99999900.0,LLLTALLAFLLGVLLGLLILI,28279.50916490468,904.7430947853758,136.3945286407023,-0.22295806743400592,LLLTALLAFLLGVLLGLLILI,Mutant
LLLTVLLALLLGFLLGSLILI,LLLTVLLALLLGFLLISLILI,GAS,clash,17.1156,-263.933,7294340.0,7294040.0,-60.3442,-276.291,-375.275,4121.97,-54.6226,-38.64,3184.77,4005.67,58.6216,2.59361,3184.77,3992.71,40.8756,2.59361,-21.2463,1.10011e+17,15,G,127.12679,1.999384831,,,,,0.3136367468171316,0.0031601264925099,G,99999900.0,LLLTVLLALLLGFLLGSLILI,18864.34258655783,1492.7732346147077,30.13803240412589,0.5221200354107384,LLLTVLLALLLGFLLGSLILI,Mutant
LLLTVLLALLLGFLLGSLILI,LLLTVLLALLLIFLLGSLILI,GAS,clash,17.1158,-263.933,22418000000000.0,22418000000000.0,-60.3442,-285.672,-386.01,4080.31,-50.0301,-39.9935,3183.59,4013.14,62.3737,3.70431,3184.77,3992.71,40.7616,2.54218,-21.2463,1.10011e+17,11,G,126.56349,2.843611391,,,,,0.3175544886815788,0.0908909152394795,G,99999900.0,LLLTVLLALLLGFLLGSLILI,18883.97202984195,1216.6170218941588,39.95374815431817,0.5182022935462911,LLLTVLLALLLGFLLGSLILI,Mutant
LLLTVLLALLLGFLLGSLILI,LLLTVLLALLLGALLGSLILI,GAS,void,,,,,,,,,,,3182.95,3854.32,58.0771,55.9299,3184.77,3992.71,156.405,157.876,-21.2463,1.1e+17,12,F,73.8921,43.08198919,3127.0201,3026.894,100.1261,1.0,0.4306896265216749,0.0512755721891986,G,99999900.0,LLLTVLLALLLGFLLGSLILI,19905.822782005525,1238.761366848889,46.53380530048684,0.40506715570619506,LLLTVLLALLLGFLLGSLILI,Mutant
LLLTVLLALLLGFLLGSLILI,LLLTVLLAALLGFLLGSLILI,GAS,void,,,,,,,,,,,3208.87,3945.1,65.7388,53.2208,3184.77,3992.71,118.598,88.2911,-21.2463,1.1e+17,8,L,78.1088,40.52460375,3155.6492,3096.4789,59.1703,1.0,0.8203268304284633,0.0797543730149996,G,99999900.0,LLLTVLLALLLGFLLGSLILI,23444.67738434055,1492.3010304040292,75.84393932228261,0.01542995179940665,LLLTVLLALLLGFLLGSLILI,Mutant
LLLTYLLALLLGVLLGSLILI,LLLTYLLALLLIVLLGSLILI,GAS,clash,17.9883,-266.605,5503900000.0,5503900000.0,-60.2923,-286.189,-385.325,4158.59,-50.3608,-38.8438,3159.43,4083.0,59.7454,0.0726336,3159.63,4064.88,38.7306,0.0726336,-20.1072,1.10011e+17,11,G,130.1951664,0.05575714,,,,,0.2061607978205241,0.0812728219555073,G,99999900.0,LLLTYLLALLLGVLLGSLILI,17895.652126396584,1083.2392798974602,28.66575489916673,0.6550467945538814,LLLTYLLALLLGVLLGSLILI,Mutant
LLLTYLLALLLGVLLGSLILI,LLLTYLLALLLGVLLISLILI,GAS,clash,17.9857,-266.605,124171000.0,124171000.0,-60.2923,-277.469,-375.664,4201.15,-54.8881,-37.9022,3159.71,4087.27,63.4392,5.76247,3159.63,4064.88,41.8188,5.67928,-20.1072,1.10011e+17,15,G,123.95793,4.442223428,,,,,0.3296827337885215,0.0302894651737783,G,99999900.0,LLLTYLLALLLGVLLGSLILI,19021.76532337424,1325.3592768010465,31.89744473465344,0.531524858585884,LLLTYLLALLLGVLLGSLILI,Mutant
LLLTYLLALLLGVLLGSLILI,LLLTYLLAALLGVLLGSLILI,GAS,void,,,,,,,,,,,3178.73,4004.23,64.3027,54.4435,3159.63,4064.88,121.081,99.5706,-20.1072,1.1e+17,8,L,76.8861,41.45562006,3124.2865,3060.0594,64.2271,1.0,0.527756870349766,0.0329637104510604,G,99999900.0,LLLTYLLALLLGVLLGSLILI,20799.24504831209,1249.3471103669708,51.34680764611158,0.33345072202463943,LLLTYLLALLLGVLLGSLILI,Mutant
LLLTYLLALLLGVLLGSLILI,LLLTALLALLLGVLLGSLILI,GAS,void,,,,,,,,,,,3192.9,3896.64,50.2193,58.5954,3159.63,4064.88,164.481,166.491,-20.1072,1.1e+17,4,Y,79.8798,42.31472495,3134.3046,2993.139,141.1656,1.0,2.5115509223791075,1.6475467068018228,G,99999900.0,LLLTYLLALLLGVLLGSLILI,37945.89933851433,14206.53660095436,336.67955518756406,-1.6503433300047021,LLLTYLLALLLGVLLGSLILI,Mutant
LLLYLLLGALLGTLLSFLILI,LLLYLLLGALLITLLSFLILI,GAS,clash,14.8852,-265.304,50362500000.0,50362500000.0,-73.9921,-279.476,-370.424,4288.77,-51.6788,-16.9556,3417.52,4145.36,54.4839,7.58635,3418.96,4122.3,31.5453,5.84314,-18.6621,1.10011e+17,11,G,122.68145,5.823657113,,,,,0.2075768953243203,0.035183149109106,G,99999900.0,LLLYLLLGALLGTLLSFLILI,17903.978194541192,1460.1114289018149,23.06982465728385,0.39266477167034086,LLLYLLLGALLGTLLSFLILI,Mutant
LLLYLLLGALLGTLLSFLILI,LLLYLLLGALLGTLLIFLILI,GAS,clash,14.8871,-262.093,700545000.0,700545000.0,-58.7234,-269.047,-344.54,4263.62,-55.2402,-16.7699,3419.9,4112.56,59.1023,15.9864,3418.96,4122.3,70.3474,15.2333,-18.6621,1.10011e+17,15,S,113.734,12.32373628,,,,,0.2095414127306679,0.0839602234251724,G,99999900.0,LLLYLLLGALLGTLLSFLILI,17927.83102415791,1033.410825340529,29.270853557500807,0.3907002542639933,LLLYLLLGALLGTLLSFLILI,Mutant
LLLYLLLGALLGTLLSFLILI,LLLYALLGALLGTLLSFLILI,GAS,void,,,,,,,,,,,3455.26,4027.22,66.2473,44.1683,3418.96,4122.3,135.194,79.1032,-18.6621,1.1e+17,4,L,94.3069,31.89618069,3411.0917,3339.8568,71.2349,1.0,0.5729430065923354,0.0280707435478336,G,99999900.0,LLLYVLLGALLGTLLSFLILI,21203.07481229396,1447.251006965515,53.2164585208452,0.02729866040232576,LLLYLLLGALLGTLLSFLILI,Mutant
LLLYLLLGALLGTLLSFLILI,LLLYLLLGALLGTLLSALILI,GAS,void,,,,,,,,,,,3345.18,4066.9,56.0068,105.981,3418.96,4122.3,132.595,259.595,-18.6621,1.1e+17,16,F,23.4818,81.86212565,3239.199,3159.365,79.834,1.0,0.8363011512828612,0.143429072710675,G,99999900.0,LLLYLLLGALLGTLLSFLILI,23566.532507519554,164.62604112370332,94.7084921689663,-0.2360594842882,LLLYLLLGALLGTLLSFLILI,Mutant
LLLTLLLGLLLGVLLASLILI,LLLTLLLILLLGVLLASLILI,GAS,clash,18.1299,-260.191,81713300000.0,81713300000.0,-60.2643,-282.368,-399.399,4111.56,-47.5101,-56.7667,3184.83,3971.01,54.8077,0.0,3184.83,3963.18,38.4866,0.0,-17.8028,1.10011e+17,7,G,129.5954,0.0,,,,,0.3120254815518994,0.0567561488019561,G,99999900.0,LLLTLLLGLLLGVLLASLILI,18827.361017643165,1744.034382191143,31.301313418308936,0.8178289368254743,LLLTLLLGLLLGVLLASLILI,Mutant
LLLTLLLGLLLGVLLASLILI,LLLTLLLGLLLIVLLASLILI,GAS,clash,17.4811,-260.211,3344210000.0,3344210000.0,-60.2643,-282.462,-398.677,4145.02,-49.6062,-55.9503,3184.44,3983.39,57.5401,3.00383,3184.83,3963.18,36.4193,3.1491,-17.8028,1.10011e+17,11,G,127.26397,2.305888332,,,,,0.3120901318523727,0.0640012287269738,G,99999900.0,LLLTLLLGLLLGVLLASLILI,18844.963840975764,1144.76929543549,36.85409940310242,0.817764286525001,LLLTLLLGLLLGVLLASLILI,Mutant
LLLTLLLGLLLGVLLASLILI,LLLTALLGLLLGVLLASLILI,GAS,void,,,,,,,,,,,3178.33,3875.56,57.5435,57.1122,3184.83,3963.18,124.532,123.801,-17.8028,1.1e+17,4,L,81.363,41.24363063,3121.2178,3061.029,60.1888,0.0,1.0582881920656924,0.0484678986688409,G,99999900.0,LLLTLLLGLLLGVLLASLILI,25540.877379947226,1763.0859783572507,96.27664594707136,0.07156622631168141,LLLTLLLGLLLGVLLASLILI,Mutant
LLLTLLLGLLLGVLLASLILI,LLLTLLLGALLGVLLASLILI,GAS,void,,,,,,,,,,,3205.26,3876.47,61.4439,54.4001,3184.83,3963.18,128.482,96.0035,-17.8028,1.1e+17,8,L,76.9295,41.42257343,3150.8599,3088.8265,62.0334,0.0,1.150065709904203,0.0740880401744101,G,99999900.0,LLLTLLLGLLLGVLLASLILI,26350.99612338285,978.9044198585094,117.13426819319623,-0.020211291526829323,LLLTLLLGLLLGVLLASLILI,Mutant
LLLFYLLGVLLGLLLASLILI,LLLFYLLGVLLILLLASLILI,GAS,clash,13.5545,-254.016,558967000.0,558967000.0,-60.32,-286.324,-370.741,4268.61,-47.8134,-24.0967,3187.04,4227.12,54.4575,0.0,3187.04,4209.22,34.2449,0.0,-17.4846,1.10011e+17,11,G,130.2678,0.0,,,,,0.2551655824398778,0.0625172824365584,G,99999900.0,LLLFYLLGVLLGLLLASLILI,18319.12675705269,1563.802078602847,29.089059133130547,0.7125141595510083,LLLFYLLGVLLGLLLASLILI,Mutant
LLLFYLLGVLLGLLLASLILI,LLLFYLLIVLLGLLLASLILI,GAS,clash,14.0384,-253.993,461474.0,461182.0,-60.32,-287.782,-372.609,4262.12,-51.7028,-24.5068,3186.63,4197.92,48.3399,0.871603,3187.04,4209.22,38.8989,0.79897,-17.4846,1.10011e+17,7,G,128.723797,0.672557051,,,,,0.4472322683184307,0.1506179449118372,G,99999900.0,LLLFYLLGVLLGLLLASLILI,20035.33768757529,2749.376043891206,29.38851451719525,0.5204474736724554,LLLFYLLGVLLGLLLASLILI,Mutant
LLLFYLLGVLLGLLLASLILI,LLLFALLGVLLGLLLASLILI,GAS,void,,,,,,,,,,,3218.83,3994.93,63.8346,44.3173,3187.04,4209.22,185.386,136.632,-17.4846,1.1e+17,4,Y,94.1579,32.00378118,3174.5127,3050.408,124.1047,0.0,0.9276495693075374,0.0208419359334039,G,99999900.0,LLLFYLLGVLLGLLLASLILI,24370.879205988727,1536.8381307449747,86.69884506749688,0.04003017268334863,LLLFYLLGVLLGLLLASLILI,Mutant
LLLFYLLGVLLGLLLASLILI,LLLAYLLGVLLGLLLASLILI,GAS,void,,,,,,,,,,,3229.58,4032.07,68.5373,83.5451,3187.04,4209.22,173.541,113.106,-17.4846,1.1e+17,3,F,86.1857,49.22212115,3146.0349,3073.934,72.1009,0.0,1.2698749229833954,0.1107942835287624,G,99999900.0,LLLAYLLGVLLGLLLAFLILI,27418.018587744995,847.2063162564152,132.37819632553948,-0.3021951809925094,LLLFYLLGVLLGLLLASLILI,Mutant
LLLTYLLGVLLGILLALLILI,LLLTYLLGVLLIILLALLILI,GAS,clash,16.0492,-264.992,51239900000000.0,51239900000000.0,-44.9618,-274.398,-364.38,4197.07,-49.8368,-45.0196,3239.81,4090.57,58.6798,0.0,3239.81,4067.64,36.7861,0.0,-17.05,1.10011e+17,11,G,130.2678,0.0,,,,,0.346134772926081,0.048465820020505,G,99999900.0,LLLTYLLGVLLGILLALLILI,19141.217270716126,1456.2142861597345,37.04458754794733,0.7061380425600146,LLLTYLLGVLLGILLALLILI,Mutant
LLLTYLLGVLLGILLALLILI,LLLTYLLIVLLGILLALLILI,GAS,clash,16.9268,-264.936,19753500.0,19753200.0,-44.9618,-274.555,-365.373,4171.42,-54.4115,-45.8562,3237.5,4075.52,56.9445,5.39738,3239.81,4067.64,40.6507,4.81631,-17.05,1.10011e+17,7,G,129.178933,0.417410831,,,,,0.456506283270111,0.0171600615377539,G,99999900.0,LLLTYLLFVLLGILLALLILI,20142.29132316837,1403.005169353494,45.16423354939808,0.5957665322159846,LLLTYLLGVLLGILLALLILI,Mutant
LLLTYLLGVLLGILLALLILI,LLLTYLLGVLLGILLAALILI,GAS,void,,,,,,,,,,,3224.7,4023.98,55.5338,107.767,3239.81,4067.64,108.693,192.934,-17.05,1.1e+17,16,L,21.6958,83.24167251,3116.933,3046.876,70.057,0.0,0.9507879984476028,0.0442860153114693,G,99999900.0,LLLTYLLGVLLGILLALLILI,24596.24687188901,1093.285363138288,93.2961030154173,0.10148481703849288,LLLTYLLGVLLGILLALLILI,Mutant
LLLTYLLGVLLGILLALLILI,LLLTALLGVLLGILLALLILI,GAS,void,,,,,,,,,,,3252.96,3877.48,65.2113,73.0233,3239.81,4067.64,183.896,203.333,-17.05,1.1e+17,4,Y,67.8221,51.0222047,3179.9367,3036.477,143.4597,0.0,0.9982059718475838,0.096023109596811,G,99999900.0,LLLTFLLGVLLGILLALLILI,24968.691018613143,1517.529292098647,100.05919225081308,0.054066843638511886,LLLTYLLGVLLGILLALLILI,Mutant
LLLYLLLGTLLGILLAFLILI,LLLYLLLGTLLGILLIFLILI,GAS,clash,14.5451,-264.42,13937300.0,13937000.0,-58.7658,-272.963,-348.296,4287.55,-54.6396,-16.5671,3518.43,4239.0,63.9671,16.981,3518.43,4239.0,63.9671,16.981,-16.7257,1.10011e+17,15,A,112.7394,13.09046226,,,,,0.2210946502316112,0.0883092499220306,G,99999900.0,LLLYLLLGTLLGILLAFLILI,18022.854333765856,1183.8031796782495,30.715427179415943,0.2810949640818119,LLLYLLLGTLLGILLAFLILI,Mutant
LLLYLLLGTLLGILLAFLILI,LLLYLLLGTLLIILLAFLILI,GAS,clash,14.5453,-265.6,1916460000.0,1916460000.0,-58.7658,-277.751,-355.868,4310.1,-51.3153,-19.351,3518.43,4261.25,58.3401,0.0,3518.43,4239.0,36.8204,0.0,-16.7257,1.10011e+17,11,G,130.2678,0.0,,,,,0.2472111666490768,0.0583050133784434,G,99999900.0,LLLYLLLGTLLGILLAFLILI,18265.17162789721,1166.791576851766,30.0529976455696,0.2549784476643463,LLLYLLLGTLLGILLAFLILI,Mutant
LLLYLLLGTLLGILLAFLILI,LLLYALLGTLLGILLAFLILI,GAS,void,,,,,,,,,,,3547.18,4144.91,61.6041,85.0812,3518.43,4239.0,130.753,127.475,-16.7257,1.1e+17,4,L,53.394,61.44147111,3462.0988,3390.955,71.1438,0.0,0.3679780144407733,0.0962701165607464,G,99999900.0,LLLYLLLGTLLGILLAFLILI,19377.75078824338,2021.903496913709,25.78568126805274,0.1342115998726498,LLLYLLLGTLLGILLAFLILI,Mutant
LLLYLLLGTLLGILLAFLILI,LLLYLLLGTLLGALLAFLILI,GAS,void,,,,,,,,,,,3539.95,4211.44,56.7914,55.7699,3518.43,4239.0,97.8445,104.156,-16.7257,1.1e+17,12,I,74.0521,42.95874351,3484.1801,3414.274,69.9061,0.0,0.8295111306319355,0.0389328890545085,G,99999900.0,LLLYLLLGTLLGILLAFLILI,23503.663114037805,1072.776350548823,82.22419383494228,-0.32732151631851236,LLLYLLLGTLLGILLAFLILI,Mutant
LLLLFLLGILLGTLLASLILI,LLLLFLLIILLGTLLASLILI,GAS,clash,18.9379,-250.865,7472180000.0,7472180000.0,-74.072,-286.383,-393.262,4100.43,-58.2627,-32.8069,3166.71,4137.49,55.2271,0.0,3166.71,4138.47,43.389,0.0,-16.4292,1.10011e+17,7,G,129.5954,0.0,,,,,0.3326743119980599,0.1295033693609312,G,99999900.0,LLLLFLLGILLGTLLASLILI,18988.81370203179,1867.604414466967,40.67783351954527,0.8610239757267983,LLLLFLLGILLGTLLASLILI,Mutant
LLLLFLLGILLGTLLASLILI,LLLLFLLGILLITLLASLILI,GAS,clash,18.3542,-250.879,10397300000.0,10397300000.0,-74.072,-285.113,-390.953,4144.78,-54.7308,-31.7687,3166.71,4160.9,59.9281,0.0,3166.71,4138.47,38.1793,0.0,-16.4292,1.10011e+17,11,G,130.2678,0.0,,,,,0.3326774566454253,0.0062804339172751,G,99999900.0,LLLLFLLGILLGTLLASLILI,19035.54769217453,1537.6776082065185,31.180079618217054,0.861020831079433,LLLLFLLGILLGTLLASLILI,Mutant
LLLLFLLGILLGTLLASLILI,LLLLALLGILLGTLLASLILI,GAS,void,,,,,,,,,,,3188.0,4006.69,51.3657,63.1234,3166.71,4138.47,149.585,140.534,-16.4292,1.1e+17,4,F,75.3518,45.58462454,3124.8766,3026.176,98.7006,0.0,0.3495402561349288,0.0574189406603996,G,99999900.0,LLLLFLLGILLGTLLASLILI,19194.28118426459,996.6518055891262,39.12671221184097,0.8441580315899295,LLLLFLLGILLGTLLASLILI,Mutant
LLLLFLLGILLGTLLASLILI,LLLAFLLGILLGTLLASLILI,GAS,void,,,,,,,,,,,3182.57,4015.0,68.2134,94.3059,3166.71,4138.47,141.12,151.584,-16.4292,1.1e+17,3,L,75.4249,55.56204295,3088.2641,3015.126,73.1381,0.0,1.3348143488718789,0.2378559523747856,G,99999900.0,LLLLFLLGILLGTLLASLILI,27961.894713425787,1537.5229352712947,149.946371552874,-0.14111606114702058,LLLLFLLGILLGTLLASLILI,Mutant
LLLTFLLGLLLGYLLASLILI,LLLTFLLGLLLIYLLASLILI,GAS,clash,19.08,-264.538,78151400.0,78151100.0,-60.2384,-288.612,-375.386,4162.38,-47.3912,-26.5354,3187.84,4142.5,57.5137,0.0,3187.84,4123.45,37.0337,0.0,-16.3299,1.10011e+17,11,G,130.2678,0.0,,,,,0.3034431162216707,0.0657191880695315,G,99999900.0,LLLTFLLGLLLGYLLASLILI,18800.82488325697,1501.003614456848,26.00892449302555,0.9770382240886855,LLLTFLLGLLLGYLLASLILI,Mutant
LLLTFLLGLLLGYLLASLILI,LLLTFLLILLLGYLLASLILI,GAS,clash,19.9742,-264.49,753284.0,752989.0,-60.2384,-288.788,-376.071,4155.71,-50.0753,-27.0447,3187.84,4130.11,52.4003,0.0,3187.84,4123.45,37.2927,0.0,-16.3299,1.10011e+17,7,G,129.5954,0.0,,,,,0.3946956940377746,0.0452210270598261,G,99999900.0,LLLTFLLGLLLGYLLASLILI,19581.998758678423,1319.4766019185547,42.22505560698998,0.8857856462725815,LLLTFLLGLLLGYLLASLILI,Mutant
LLLTFLLGLLLGYLLASLILI,LLLTALLGLLLGYLLASLILI,GAS,void,,,,,,,,,,,3216.9,4024.57,54.6956,57.2408,3187.84,4123.45,143.495,121.36,-16.3299,1.1e+17,4,F,81.2344,41.33649924,3159.6592,3066.48,93.1792,0.0,1.1117861668304412,0.1674853116307212,G,99999900.0,LLLTFLLGLLLGYLLASLILI,26021.40848443014,358.10106853760794,124.62665034301766,0.16869517347991492,LLLTFLLGLLLGYLLASLILI,Mutant
LLLTFLLGLLLGYLLASLILI,LLLTFLLGLLLGALLASLILI,GAS,void,,,,,,,,,,,3228.77,3970.4,54.7361,79.1541,3187.84,4123.45,162.239,160.09,-16.3299,1.1e+17,12,Y,50.6679,60.97125295,3149.6159,3027.75,121.8659,0.0,1.345066366830076,0.0600304613712864,G,99999900.0,LLLTFLLGLLLGYLLASLILI,28144.296221925244,1392.6095397704223,128.15911193174583,-0.06458502651971987,LLLTFLLGLLLGYLLASLILI,Mutant
LLLAYLLGVLLGLLLSTLILI,LLLAYLLGVLLILLLSTLILI,GAS,clash,21.511,-264.525,9560980000.0,9560980000.0,-74.1418,-289.182,-396.002,4137.45,-57.7336,-32.6776,3193.16,4098.66,54.2369,0.0,3193.16,4080.45,33.956,0.0,-15.265,1.10011e+17,11,G,130.2678,0.0,,,,,0.5185845006379483,0.1482060741666669,G,99999900.0,LLLAYLLGVLLGLLLSTLILI,20671.23302803057,1316.914344128853,64.64450101358959,0.6741049266378564,LLLAYLLGVLLGLLLSTLILI,Mutant
LLLAYLLGVLLGLLLSTLILI,LLLAYLLIVLLGLLLSTLILI,GAS,clash,23.0737,-264.454,1442260000000.0,1442260000000.0,-74.1418,-289.127,-396.011,4124.73,-54.2706,-32.7421,3193.16,4094.93,57.915,0.0,3193.16,4080.45,39.0937,0.0,-15.265,1.10011e+17,7,G,129.5954,0.0,,,,,0.5748215610006802,0.0135741799574056,G,99999900.0,LLLAYLLGVLLGLLLSTLILI,21213.85131541769,1337.0872287431023,55.420430498028864,0.6178678662751245,LLLAYLLGVLLGLLLSTLILI,Mutant
LLLAYLLGVLLGLLLSTLILI,LLLAYLLGVLLGALLSTLILI,GAS,void,,,,,,,,,,,3202.99,4032.16,52.0335,96.0134,3193.16,4080.45,107.186,157.467,-15.265,1.1e+17,12,L,33.8086,73.95772673,3106.9766,3035.693,71.2836,0.0,1.1964463171472572,0.0995309814951623,G,99999900.0,LLLAYLLGVLLGLLLSTLILI,26820.03808941256,1970.083035027728,106.60341475629932,-0.0037568898714526178,LLLAYLLGVLLGLLLSTLILI,Mutant
LLLAYLLGVLLGLLLSTLILI,LLLAALLGVLLGLLLSTLILI,GAS,void,,,,,,,,,,,3201.42,3888.58,65.654,51.3268,3193.16,4080.45,184.228,162.17,-15.265,1.1e+17,4,Y,87.1484,37.06569841,3150.0932,3030.99,119.1032,0.0,1.3561158596985248,0.0935960758076052,G,99999900.0,LLLAYLLGVLLGLLLSTLILI,28182.12788266,1804.3005634834933,127.19213225818582,-0.16342643242272015,LLLAYLLGVLLGLLLSTLILI,Mutant
LLLYLLLGALLGILLSTLILI,LLLYLLLGALLIILLSTLILI,GAS,clash,15.2472,-261.48,5528750.0,5528450.0,-74.1632,-288.374,-395.338,4247.49,-51.5562,-32.8014,3488.89,4164.89,54.5852,4.25147,3489.55,4141.35,31.5236,3.74303,-14.2325,1.10011e+17,11,G,126.01633,3.263638443,,,,,0.1515552956542439,0.0776591966206412,G,99999900.0,LLLYLLLGALLGILLSTLILI,17439.9315932124,1031.532723804947,17.372025948566947,0.6578100869057723,LLLYLLLGALLGILLSTLILI,Mutant
LLLYLLLGALLGILLSTLILI,LLLYLLLIALLGILLSTLILI,GAS,clash,16.088,-261.441,217008000.0,217007000.0,-74.1632,-288.869,-396.267,4214.05,-54.3754,-33.2341,3483.04,4160.88,61.9439,25.8787,3489.55,4141.35,41.075,21.3356,-14.2325,1.10011e+17,7,G,103.7167,19.96884149,,,,,0.2199969453488983,0.0175042431245181,G,99999900.0,LLLYLLLGALLGILLSTLILI,18022.235286106054,1436.2357445229782,22.86988847423076,0.5893684372111179,LLLYLLLGALLGILLSTLILI,Mutant
LLLYLLLGALLGILLSTLILI,LLLYALLGALLGILLSTLILI,GAS,void,,,,,,,,,,,3523.69,4049.32,66.734,57.1915,3489.55,4141.35,134.485,101.928,-14.2325,1.1e+17,4,L,81.2837,41.3008972,3466.4985,3387.622,78.8765,0.0,0.6142594456874999,0.0395818862048593,G,99999900.0,LLLYLLLGALLGILLSTLILI,21564.115847093173,1087.1989584308092,62.922148741784646,0.1951059368725162,LLLYLLLGALLGILLSTLILI,Mutant
LLLALLLGLLLGVLLSTLILI,LLLALLLILLLGVLLSTLILI,GAS,clash,26.9683,-269.444,28990400000.0,28990400000.0,-74.1192,-271.948,-391.048,4564.0,-51.9568,-44.9807,3611.41,4556.14,57.6879,0.0,3611.41,4542.45,38.6163,0.0,-16.0131,1.10011e+17,7,G,129.5954,0.0,,,,,0.3769621719143251,0.1918667429216135,G,99999900.0,LLLALLLGLLLGVLLSTLILI,19415.052764012173,1144.3602402642937,57.1383945135752,0.6127977626132735,LLLALLLGLLLGVLLSTLILI,Mutant
LLLALLLGLLLGVLLSTLILI,LLLALLLGLLLIVLLSTLILI,GAS,clash,26.3431,-269.464,15319500000.0,15319500000.0,-74.1192,-270.653,-389.705,4560.3,-53.7195,-44.9325,3611.01,4559.58,53.4774,2.08604,3611.41,4542.45,32.6347,2.21346,-16.0131,1.10011e+17,11,G,128.18176,1.601347378,,,,,0.4032927156797459,0.0547721113697114,G,99999900.0,LLLALLLGLLLGVLLSTLILI,19647.1005716911,1679.2264121216958,40.20937283172656,0.5864672188478527,LLLALLLGLLLGVLLSTLILI,Mutant
LLLALLLGLLLGVLLSTLILI,LLLAALLGLLLGVLLSTLILI,GAS,void,,,,,,,,,,,3205.01,3892.91,54.7666,63.3809,3206.43,3987.77,124.457,124.097,-14.0089,1.1e+17,4,L,75.0943,45.77057841,3141.6291,3082.333,59.2961,0.0,1.2105665131621208,0.0652271178602083,G,99999900.0,LLLAILLGLLLGVLLSTLILI,26891.31960836753,1765.821944452708,112.0988492155512,-0.22080657863452224,LLLALLLGLLLGVLLSTLILI,Mutant
LLLALLLGLLLGVLLSTLILI,LLLALLLGALLGVLLSTLILI,GAS,void,,,,,,,,,,,3223.94,3912.69,58.3507,63.2573,3206.43,3987.77,120.617,108.045,-14.0089,1.1e+17,8,L,68.0723,48.16682606,3160.6827,3098.385,62.2977,0.0,1.451827877501829,0.0652123532299782,G,99999900.0,LLLALLLGFLLGVLLSTLILI,29059.63567010604,1787.55048555314,134.0002540650981,-0.4620679429742304,LLLALLLGLLLGVLLSTLILI,Mutant
LLLTALLFLLLGVLLASLILI,LLLTALLFLLLIVLLASLILI,GAS,clash,16.1356,-265.271,23796700000.0,23796700000.0,-60.3462,-280.158,-380.546,4117.13,-47.1411,-40.0424,3213.74,4056.64,48.3822,9.95815,3215.47,4057.28,35.1818,6.90754,-13.6832,1.10011e+17,11,G,120.30965,7.644367987,,,,,0.2946055714772896,0.1039831266732036,G,99999900.0,LLLTALLFLLLGVLLASLILI,18656.2989277622,1766.613339562515,35.136406182383965,0.5793604983064917,LLLTALLFLLLGVLLASLILI,Mutant
LLLTALLFLLLGVLLASLILI,LLLTALLFILLGVLLASLILI,GAS,clash,16.1602,-260.031,7371.4,7077.32,-60.3462,-276.757,-369.837,4010.16,-50.2139,-32.7338,3227.59,4004.87,61.2313,13.2008,3215.47,4057.28,116.343,23.7898,-13.6832,1.10011e+17,8,L,118.1288,10.05165629,,,,,0.3600384225037252,0.0815459699668335,G,99999900.0,LLLTALLFLLLGVLLASLILI,19247.82210357753,1950.5528428134107,34.954449462187945,0.5139276472800561,LLLTALLFLLLGVLLASLILI,Mutant
LLLTALLFLLLGVLLASLILI,LLLTALLALLLGVLLASLILI,GAS,void,,,,,,,,,,,3221.07,3892.71,56.8583,15.7854,3215.47,4057.28,158.941,98.8269,-13.6832,1.1e+17,7,F,113.81,12.18052493,3205.2846,3116.6431,88.6415,1.0,0.8488982960268064,0.0196881276216011,G,99999900.0,LLLTALLFLLLGVLLASLILI,23665.386644165388,1541.2381162385734,79.16513475957814,0.025067773756974887,LLLTALLFLLLGVLLASLILI,Mutant
LLLTALLFLLLGVLLASLILI,LLLTALLFLLLGALLASLILI,GAS,void,,,,,,,,,,,3223.47,4043.26,55.5169,59.7187,3215.47,4057.28,78.812,92.7388,-13.6832,1.1e+17,12,V,70.1033,46.00044677,3163.7513,3122.7312,41.0201,1.0,0.937619557320784,0.0434163602059217,G,99999900.0,LLLTALLFLLLGVLLASLILI,24456.15640677145,1725.771186956725,85.62352608799391,-0.06365348753700262,LLLTALLFLLLGVLLASLILI,Mutant
LLLSYLLAVLLGLLLGTLILI,LLLSYLLAVLLILLLGTLILI,GAS,clash,19.6479,-271.023,12214300000.0,12214300000.0,-58.7719,-284.103,-378.794,4146.52,-51.2791,-35.9186,3239.14,4018.73,58.1967,0.0,3239.14,4001.68,38.2984,0.0,-11.997,1.10011e+17,11,G,130.2678,0.0,,,,,0.3187053983604779,0.0783698765468413,G,99999900.0,LLLSYLLAVLLGLLLGTLILI,18896.78042215468,1220.050173573525,38.75392949833568,0.6873112564555859,LLLSYLLAVLLGLLLGTLILI,Mutant
LLLSYLLAVLLGLLLGTLILI,LLLSALLAVLLGLLLGTLILI,GAS,void,,,,,,,,,,,3255.72,3858.73,64.2804,79.9046,3239.14,4001.68,175.389,210.352,-11.997,1.1e+17,4,Y,58.5706,57.7031844,3175.8154,3028.788,147.0274,1.0,0.367665924651467,0.0119187607788163,G,99999900.0,LLLSYLLAVLLGLLLGTLILI,19347.48620235202,1575.6655870725574,34.184752000040994,0.6383507301645968,LLLSYLLAVLLGLLLGTLILI,Mutant
LLLSYLLAVLLGLLLGTLILI,LLLSYLLIVLLGLLLGTLILI,GAS,clash,20.5901,-269.785,447499.0,447197.0,-58.7719,-283.681,-375.602,4125.59,-52.9094,-33.1491,3239.14,4001.68,63.8201,18.615,3239.14,4001.68,63.8201,18.615,-11.997,1.10011e+17,7,A,129.5954,0.0,,,,,0.4283405010639338,0.04431645196705,G,99999900.0,LLLSYLLGVLLGLLLGTLILI,19886.39275166464,1255.1235758932703,45.60535306073391,0.57767615375213,LLLSYLLAVLLGLLLGTLILI,Mutant
LLLSYLLAVLLGLLLGTLILI,LLLSYLLAVLLGALLGTLILI,GAS,void,,,,,,,,,,,3247.55,3951.63,55.1633,74.016,3239.14,4001.68,110.416,123.75,-11.997,1.1e+17,12,L,55.806,57.01344918,3173.534,3115.39,58.144,1.0,0.8066130978552861,0.0673956250332914,G,99999900.0,LLLSYLLAVLLGLLLGTLILI,23316.712561879114,1390.6718234739258,75.65932284674136,0.19940355696077772,LLLSYLLAVLLGLLLGTLILI,Mutant
LLLTLLLGLLLGVLLGSLILI,LLLTLLLGLLLIVLLGSLILI,GAS,clash,18.477,-262.911,9580100.0,9579810.0,-60.2824,-283.535,-396.903,4127.3,-46.7415,-53.0856,3232.51,3961.44,61.6201,0.145267,3232.5,3941.92,40.6319,0.0726336,-10.7178,1.10011e+17,11,G,130.122533,0.111514127,,,,,0.2853042559329515,0.1097917265365434,G,99999900.0,LLLTLLLGLLLGVLLGSLILI,18565.318094693543,2152.4388652041894,28.78236815460353,0.6720444145465925,LLLTLLLGLLLGVLLGSLILI,Mutant
LLLTLLLGLLLGVLLGSLILI,LLLTLLLILLLGVLLGSLILI,GAS,clash,19.185,-262.885,84519500.0,84519200.0,-60.2824,-283.754,-398.081,4085.47,-46.7415,-54.0451,3232.5,3951.08,54.9474,1.3487,3232.5,3941.92,38.1198,1.3487,-10.7178,1.10011e+17,7,G,128.2467,1.040700519,,,,,0.3531321140609388,0.0053333321117719,G,99999900.0,LLLTLLLGLLLGVLLGSLILI,19221.37006979139,1433.8279034904774,34.12476746350268,0.6042165564186052,LLLTLLLGLLLGVLLGSLILI,Mutant
LLLTLLLGLLLGVLLGSLILI,LLLTLLLGALLGVLLGSLILI,GAS,void,,,,,,,,,,,3264.72,3866.52,64.4877,69.2151,3232.5,3941.92,126.994,108.872,-10.7178,1.1e+17,8,L,62.1145,52.70335096,3195.5049,3123.628,71.8769,1.0,0.6463047762333899,0.0669482619367832,G,99999900.0,LLLTLLLGLLLGVLLGSLILI,21830.50665879964,1943.340840890228,57.39833907279679,0.3110438942461541,LLLTLLLGLLLGVLLGSLILI,Mutant
LLLTLLLGLLLGVLLGSLILI,LLLTALLGLLLGVLLGSLILI,GAS,void,,,,,,,,,,,3204.85,3853.93,54.3885,53.3193,3232.5,3941.92,121.469,130.582,-10.7178,1.1e+17,4,L,85.1559,38.50458421,3151.5307,3101.918,49.6127,1.0,0.8860668583149064,0.1087316686885732,G,99999900.0,LLLTFLLGLLLGVLLGSLILI,24046.91855807831,1528.718515367947,82.66281829865292,0.07128181216463758,LLLTLLLGLLLGVLLGSLILI,Mutant
LLLTYLLGVLLGLLLSFLILI,LLLTYLLGVLLILLLSFLILI,GAS,clash,25.658,-276.286,4350930000.0,4350930000.0,-60.3458,-283.998,-371.18,4222.37,-52.6785,-26.8363,3306.0,4216.53,49.797,0.0,3306.0,4201.18,29.7071,0.0,-9.24157,1.10011e+17,11,G,130.2678,0.0,,,,,0.3088513070443999,0.074464952417112,G,99999900.0,LLLTYLLGVLLGLLLSFLILI,18817.82032276789,1050.999496301935,37.72637317766207,0.6558280966281029,LLLTYLLGVLLGLLLSFLILI,Mutant
LLLTYLLGVLLGLLLSFLILI,LLLTYLLIVLLGLLLSFLILI,GAS,clash,27.2443,-276.202,88783200.0,88782900.0,-60.3458,-284.684,-372.655,4189.55,-49.0863,-27.6252,3305.8,4209.52,57.3905,0.145267,3306.0,4201.18,41.2427,0.145267,-9.24157,1.10011e+17,7,G,129.450133,0.112092713,,,,,0.3968350547060751,0.0617561443468087,G,99999900.0,LLLTYLLGVLLGLLLSFLILI,19601.935121217004,1186.27879694809,44.54591197948888,0.5678443489664278,LLLTYLLGVLLGLLLSFLILI,Mutant
LLLTYLLGVLLGLLLSFLILI,LLLTALLGVLLGLLLSFLILI,GAS,void,,,,,,,,,,,3317.81,4013.53,64.8967,55.9743,3306.0,4201.18,182.652,159.022,-9.24157,1.1e+17,4,Y,82.5009,40.42189504,3261.8357,3146.978,114.8577,1.0,1.0163950384033726,0.199453073833192,G,99999900.0,LLLTYLLGVLLGLLLSFLILI,25218.42254567895,766.7010194915327,112.85125410486106,-0.05171563473086982,LLLTYLLGVLLGLLLSFLILI,Mutant
LLLYLLLTTLLAGLLFSLILI,LLLYLLLTTLLAILLFSLILI,GAS,clash,15.0474,-267.927,90369300000.0,90369300000.0,-87.9598,-287.386,-388.609,4292.75,-54.0869,-13.2638,3433.14,4302.38,50.0851,23.4923,3450.71,4295.77,33.7357,9.43472,-8.86812,1.10011e+17,12,G,106.3297,18.0957773,,,,,0.1994535140605411,0.0915575973741814,G,99999900.0,LLLYLLLTTLLAGLLFSLILI,17810.349162782506,1651.6887826957768,26.34788656085949,0.055112424854189795,LLLYLLLTTLLAGLLFSLILI,Mutant
LLLYLLLTTLLAGLLFSLILI,LLLYLLLTILLAGLLFSLILI,GAS,clash,14.9974,-263.537,253200000.0,253199000.0,-74.1897,-285.33,-375.28,4289.07,-49.5832,-15.7606,3457.26,4255.12,62.0316,18.3714,3450.71,4295.77,91.5598,33.7039,-8.86812,1.10011e+17,8,T,112.9582,13.98877328,,,,,0.211140717889168,0.0979653404344293,G,99999900.0,LLLYLLLTTLLAGLLFSLILI,17917.06846265994,1552.3311606410728,29.00025065749179,0.0434252210255629,LLLYLLLTTLLAGLLFSLILI,Mutant
LLLYLLLTTLLAGLLFSLILI,LLLYLLLTTLLAGLLASLILI,GAS,void,,,,,,,,,,,3442.6,4123.36,64.4405,43.0505,3450.71,4295.77,170.137,139.805,-8.86812,1.1e+17,15,F,86.6699,33.18714713,3399.5495,3310.905,88.6445,0.0,0.2971579121330236,0.0369675704713341,G,99999900.0,LLLYLLLTTLLAGLLFSLILI,18708.26888429769,1392.1772883474005,31.98969116913036,-0.04259197321829272,LLLYLLLTTLLAGLLFSLILI,Mutant
LLLYLLLTTLLAGLLFSLILI,LLLYALLTTLLAGLLFSLILI,GAS,void,,,,,,,,,,,3465.11,4210.34,54.0879,71.3111,3450.71,4295.77,121.876,102.235,-8.86812,1.1e+17,4,L,67.1641,51.49738004,3393.7989,3348.475,45.3239,0.0,0.3187832956639227,0.0348730378929177,G,99999900.0,LLLYLLLTTLLAGLLFSLILI,18906.65255566504,1304.141941540333,34.23741256104719,-0.06421735674919182,LLLYLLLTTLLAGLLFSLILI,Mutant
LLLTFLLGILLGVLLSLLILI,LLLTFLLGILLIVLLSLLILI,GAS,clash,20.7658,-266.215,73385900.0,73385600.0,-60.3629,-277.408,-378.094,4199.65,-47.8218,-40.3231,3218.21,4040.33,53.7166,2.5751,3218.6,4019.55,31.6523,2.64773,-7.29132,1.10011e+17,11,G,127.6927,1.976773999,,,,,0.4044373346129699,0.1531073765325716,G,99999900.0,LLLTFLLGILLGVLLSLLILI,19660.45993929139,1090.6013481409614,55.354620459488245,0.801012818382788,LLLTFLLGILLGVLLSLLILI,Mutant
LLLTFLLGILLGVLLSLLILI,LLLTFLLIILLGVLLSLLILI,GAS,clash,21.4266,-266.195,575639000.0,575639000.0,-60.3629,-278.438,-380.062,4163.53,-47.8218,-41.261,3218.6,4025.59,54.2534,0.0,3218.6,4019.55,39.7167,0.0,-7.29132,1.10011e+17,7,G,129.5954,0.0,,,,,0.4279607208494393,0.0980495364620308,G,99999900.0,LLLTFLLGILLGVLLSLLILI,19902.72593908625,2190.560609954609,30.14723265843094,0.7774894321463186,LLLTFLLGILLGVLLSLLILI,Mutant
LLLTFLLGILLGVLLSLLILI,LLLTALLGILLGVLLSLLILI,GAS,void,,,,,,,,,,,3238.4,3882.94,56.449,52.7344,3218.6,4019.55,155.809,122.692,-7.29132,1.1e+17,4,F,92.1482,33.45508799,3185.6656,3095.908,89.7576,0.0,1.117449016695771,0.0460789832750923,G,99999900.0,LLLTFLLGILLGVLLSLLILI,26083.832581808747,955.1803522098146,111.1870334385128,0.08800113629998707,LLLTFLLGILLGVLLSLLILI,Mutant
LLLTFLLGILLGVLLSLLILI,LLLTFLLGALLGVLLSLLILI,GAS,void,,,,,,,,,,,3258.45,4011.41,55.099,61.2459,3218.6,4019.55,84.3122,89.2094,-7.29132,1.1e+17,8,I,70.0837,46.63525968,3197.2041,3129.3906,67.8135,0.0,1.2188182394255949,0.125706391373634,G,99999900.0,LLLTFLLGALLGILLSLLILI,27031.37924081596,1155.5978149140954,121.76310716007951,-0.01336808642983689,LLLTFLLGILLGVLLSLLILI,Mutant
LLLLYVLTSLLAILLFLLILI,LLLLYVLTSLLIILLFLLILI,Left,clash,16.1002,-276.885,467760000.0,467759000.0,-74.196,-280.495,-377.912,4259.72,-52.9943,-23.2209,3237.0,4183.66,57.2989,10.3754,3237.0,4183.66,57.2989,10.3754,-31.9172,1.1011e+16,11,A,119.8924,7.964669703,,,,,0.0740992347049104,0.0626711811155636,L,99999900.0,LLLLYVLTSLLAILLFLLILI,26767.76125309408,770.1908421065868,11.402205575514763,0.06528727042466992,LLLLYVLTSLLAILLFLLILI,Mutant
LLLLYVLTSLLAILLFLLILI,LLLLYVLTILLAILLFLLILI,Left,clash,16.1959,-274.853,462324000.0,462324000.0,-58.8529,-278.68,-366.134,4256.57,-49.5229,-28.601,3237.8,4177.4,50.3945,5.01172,3237.0,4183.66,60.1062,4.79382,-31.9172,1.1011e+16,8,S,126.31788,3.816138936,,,,,0.210131012255832,0.0697943524695554,L,99999900.0,LLLLYVLTSLLAILLFLLILI,27565.82408834151,826.0244642656207,25.362083535273243,-0.07074450712625169,LLLLYVLTSLLAILLFLLILI,Mutant
LLLLYVLTSLLAILLFLLILI,LLLLYVLTSLLAILLALLILI,Left,void,,,,,,,,,,,3263.95,4093.83,59.6487,25.0705,3237.0,4183.66,144.162,132.108,-31.9172,1.1e+16,15,F,104.6499,19.32656699,3238.8795,3104.892,133.9875,3.0,0.292367660433962,0.122333341598368,L,99999900.0,LLLLYVLTSLLAILLFLLILI,28025.828685567845,400.045181740628,27.82082269341435,-0.1529811553043817,LLLLYVLTSLLAILLFLLILI,Mutant
LLLLYVLTSLLAILLFLLILI,LLLLAVLTSLLAILLFLLILI,Left,void,,,,,,,,,,,3201.26,4005.31,58.3436,41.1243,3237.0,4183.66,175.119,197.495,-31.9172,1.1e+16,4,Y,97.3509,29.69795314,3160.1357,3039.505,120.6307,3.0,0.3086258507293596,0.017236646218554,L,99999900.0,LLLLYVLTSLLAILLFLLILI,28143.446264415303,923.5407748048796,28.93518570341768,-0.1692393455997793,LLLLYVLTSLLAILLFLLILI,Mutant
LLLLYALLFLLTALLFSLILI,LLLLYILLFLLTALLFSLILI,Left,clash,20.1661,-275.633,31828.5,31523.1,-74.1994,-290.363,-373.141,4257.51,-49.9107,-8.579,3284.35,4360.92,49.6561,18.8008,3284.35,4360.92,49.6561,18.8008,-23.8351,1.10011e+16,5,A,121.38799,6.496595338,,,,,0.1416528738374822,0.0697482844797259,L,99999900.0,LLLLYALLFLLTALLFSLILI,27158.74100358419,685.9067787742464,16.54617575441633,0.3360025109153621,LLLLYALLFLLTALLFSLILI,Mutant
LLLLYALLFLLTALLFSLILI,LLLLYALLFLLTILLFSLILI,Left,clash,18.1646,-275.939,1819300.0,1818990.0,-74.1994,-289.713,-372.307,4249.08,-49.9107,-8.39496,3284.35,4360.92,48.5805,8.43401,3284.35,4360.92,48.5805,8.43401,-23.8351,1.10011e+16,12,A,121.38799,6.496595338,,,,,0.194882667551476,0.0149831110148428,L,99999900.0,LLLLYALLFLLTALLFSLILI,27477.97560081147,940.32482807888,17.460651271821718,0.2827727172013683,LLLLYALLFLLTALLFSLILI,Mutant
LLLLYALLFLLTALLFSLILI,LLLLYALLALLTALLFSLILI,Left,void,,,,,,,,,,,3309.55,4210.04,58.8127,4.43075,3284.35,4360.92,158.722,62.8135,-23.8351,1.1e+16,8,F,126.89885,3.373763417,3305.11925,3221.5365,83.58275,2.0,0.3604668976964852,0.0138066072725421,L,99999900.0,LLLLYALLFLLTALLFSLILI,28451.77428573066,994.6470645485296,36.471261500406456,0.11718848705635909,LLLLYALLFLLTALLFSLILI,Mutant
LLLLYALLFLLTALLFSLILI,LLLLAALLFLLTALLFSLILI,Left,void,,,,,,,,,,,3141.97,4203.78,59.4025,82.9216,3284.35,4360.92,172.817,303.645,-23.8351,1.1e+16,4,Y,55.5536,59.88191387,3059.0484,2980.705,78.3434,2.0,0.3947164519581284,0.0200159060614304,L,99999900.0,LLLLYALLFLLTALLFSLILI,28657.980958789853,1153.4087934767012,39.16018181326349,0.08293893279471592,LLLLYALLFLLTALLFSLILI,Mutant
LLLLYVLIALLLLLTSLLILI,LLLLYVLIALLLLLTILLILI,Left,clash,22.7968,-275.721,324248000000.0,324248000000.0,-58.871,-276.992,-382.605,4241.06,-49.6044,-46.7427,3244.97,4185.76,57.8619,20.0932,3244.15,4191.05,66.5476,20.164,-22.4441,1.1011e+16,15,S,109.6272,15.4896223,,,,,0.2109080767064731,0.0802056012178626,L,99999900.0,LLLLYVLIALLLLLTSLLILI,27553.34971529422,658.4243029437372,13.430667181227744,0.18740332395419912,LLLLYVLIALLLLLTSLLILI,Mutant
LLLLYVLIALLLLLTSLLILI,LLLLYVLIILLLLLTSLLILI,Left,clash,23.0245,-277.746,324248000000.0,324248000000.0,-74.1669,-287.347,-406.723,4214.62,-49.6044,-45.2088,3244.15,4191.05,43.9066,9.62659,3244.15,4191.05,43.9066,9.62659,-22.4441,1.1011e+16,8,A,121.70301,7.330099231,,,,,0.2487025547916541,0.0745363468654642,L,99999900.0,LLLLYVLIALLLLLTSLLILI,27813.6762987003,1285.1591647349771,32.5553346725744,0.14960884586901813,LLLLYVLIALLLLLTSLLILI,Mutant
LLLLYVLIALLLLLTSLLILI,LLLLAVLIALLLLLTSLLILI,Left,void,,,,,,,,,,,3256.47,4035.04,56.0893,23.9509,3244.15,4191.05,170.057,154.933,-22.4441,1.1e+16,4,Y,114.5243,17.29616567,3232.5191,3089.217,143.3021,2.0,0.3971463925987454,0.1455166879539872,L,99999900.0,LLLLYVLIALLLLLTSLLILI,28645.35599340862,654.8721640888077,43.53614100143282,0.00116500806192682,LLLLYVLIALLLLLTSLLILI,Mutant
LLLLYVLIALLLLLTSLLILI,LLLLYVLIALLLALTSLLILI,Left,void,,,,,,,,,,,3238.73,4130.31,47.733,60.6545,3244.15,4191.05,106.665,140.346,-22.4441,1.1e+16,12,L,69.1675,46.72127991,3178.0755,3103.804,74.2715,2.0,0.461713637753361,0.0500917699896125,L,99999900.0,LLLLYVLIALLLLLTSLLILI,29040.737597320232,900.4939864095272,47.80946306189266,-0.06340223709268877,LLLLYVLIALLLLLTSLLILI,Mutant
LLLYALLFLLTSLLLSLLILI,LLLYILLFLLTSLLLSLLILI,Left,clash,23.9138,-278.597,560110000.0,560110000.0,-89.5603,-285.884,-399.163,4317.09,-49.9266,-23.7188,3377.26,4270.68,58.9086,23.0864,3377.26,4270.68,58.9086,23.0864,-20.8915,1.10011e+17,4,A,115.3888,16.67186615,,,,,-0.0742881556464453,0.2548172125468475,L,99999900.0,LLLYALLFLLTSLLLSLLILI,25943.49373250004,1912.0177498066216,21.58127945611635,0.4594311325948011,LLLYALLFLLTSLLLSLLILI,Mutant
LLLYALLFLLTSLLLSLLILI,LLLYALLFLLTILLLSLLILI,Left,clash,19.2039,-277.609,560108000.0,560108000.0,-74.2065,-283.801,-384.135,4316.9,-49.9266,-26.1275,3377.81,4280.76,37.5558,5.81597,3377.26,4270.68,38.8199,6.10122,-20.8915,1.10011e+17,11,S,124.45183,4.464625947,,,,,0.2386369849930434,0.03476779474532,L,99999900.0,LLLYALLFLLTSLLLSLLILI,27738.24187817932,1085.6071390240822,20.6744944013864,0.14650599195531241,LLLYALLFLLTSLLLSLLILI,Mutant
LLLYALLFLLTSLLLSLLILI,LLLYALLFLLTSLLASLLILI,Left,void,,,,,,,,,,,3414.45,4229.94,56.4259,23.1779,3377.26,4270.68,112.513,66.7433,-20.8915,1.1e+17,14,L,109.1087,15.99708361,3391.2721,3310.5167,80.7554,2.0,0.2768881237869843,0.0242545221280786,L,99999900.0,LLLYALLFLLTSLLFSLLILI,27967.3973060952,1130.7088872847387,27.51137109649165,0.10825485316137151,LLLYALLFLLTSLLLSLLILI,Mutant
LLLYALLFLLTSLLLSLLILI,LLLYALLFALTSLLLSLLILI,Left,void,,,,,,,,,,,3368.12,4226.97,47.5566,54.4601,3377.26,4270.68,101.691,151.774,-20.8915,1.1e+17,8,L,76.8695,41.46826001,3313.6599,3225.486,88.1739,2.0,0.3587143180078123,0.0706669861230282,L,99999900.0,LLLYALLFLLTSLLLSLLILI,28423.49641404732,631.8918076818276,32.026092143837715,0.026428658940543526,LLLYALLFLLTSLLLSLLILI,Mutant
LLLLYVLLATLFILLLSLILI,LLLLYVLLITLFILLLSLILI,Left,clash,14.7298,-277.441,1805230000.0,1805230000.0,-74.2065,-289.495,-390.077,4209.45,-49.5929,-26.3757,3378.07,4156.29,51.5146,43.2338,3378.07,4156.29,51.5146,43.2338,-16.9767,1.10011e+16,8,A,88.0958,32.92007285,,,,,0.1348122165575076,0.1446078888323306,L,99999900.0,LLLLYVLLATLFILLLSLILI,27095.78060120611,254.31696084433392,11.704583842671632,0.1255492131965539,LLLLYVLLATLFILLLSLILI,Mutant
LLLLYVLLATLFILLLSLILI,LLLLAVLLATLFILLLSLILI,Left,void,,,,,,,,,,,3433.21,4047.52,59.971,44.7176,3378.07,4156.29,163.581,147.096,-16.9767,1.1e+16,4,Y,93.7576,32.29285822,3388.4924,3230.974,157.5184,3.0,0.1824465117441055,0.0688028081042479,L,99999900.0,LLLLYVLLATLFILLLSLILI,27411.38746243846,979.9681557961812,24.75336904100699,0.07791491800995601,LLLLYVLLATLFILLLSLILI,Mutant
LLLLYVLLATLFILLLSLILI,LLLLYVLLATLIILLLSLILI,Left,clash,14.6577,-272.412,1805230000.0,1805230000.0,-74.2065,-284.471,-397.216,4155.84,-49.5929,-38.538,3387.32,4066.03,49.8564,25.7674,3378.07,4156.29,137.862,29.5513,-16.9767,1.10011e+16,11,F,104.5004,19.78032944,,,,,0.2233616378920103,0.0788552289299735,L,99999900.0,LLLLYVLLATLFILLLSLILI,27637.375248807108,706.4714957332111,25.120757090575896,0.03699979186205121,LLLLYVLLATLFILLLSLILI,Mutant
LLLLYVLLATLFILLLSLILI,LLLLYVLLATLFALLLSLILI,Left,void,,,,,,,,,,,3342.32,4120.99,47.8999,94.3472,3378.07,4156.29,97.9664,194.771,-16.9767,1.1e+16,12,I,35.4748,72.67427709,3247.9728,3183.299,64.6738,3.0,0.4237965206305747,0.0324409777124193,L,99999900.0,LLLLYVLLATLFILLLSLILI,28816.40916932392,876.4479598279391,41.13466725199583,-0.1634350908765132,LLLLYVLLATLFILLLSLILI,Mutant
LLLLLFLTALLYVLISLLILI,LLLLLFLTALLYILISLLILI,Left,clash,14.4111,-270.572,1110460000.0,1110460000.0,-74.244,-281.42,-379.937,4253.01,-49.8906,-24.2734,3478.32,4227.21,46.5871,32.3424,3446.22,4227.07,65.3014,54.7028,-15.3504,1.1011e+16,12,V,97.4796,24.91288071,,,,,0.2244396759346823,0.1374689921992841,L,99999900.0,LLLLLFLTALLYVLISLLILI,27658.97699043919,1134.3548932613662,35.1526589936497,0.0922623847872984,LLLLLFLTALLYVLISLLILI,Mutant
LLLLLFLTALLYVLISLLILI,LLLLLFLTILLYVLISLLILI,Left,clash,14.4969,-273.191,1111820000.0,1111820000.0,-74.2211,-284.529,-384.939,4264.96,-50.1256,-26.1887,3446.22,4227.07,51.7971,7.48126,3446.22,4227.07,51.7971,7.48126,-15.3504,1.1011e+16,8,A,123.84834,5.696552795,,,,,0.2432768574477087,0.0853191779475705,L,99999900.0,LLLLLFLTALLYVLISLLILI,27771.311392749067,1076.906817487313,32.77361756229802,0.07342520327427202,LLLLLFLTALLYVLISLLILI,Mutant
LLLLLFLTALLYVLISLLILI,LLLLLFLTALLAVLISLLILI,Left,void,,,,,,,,,,,3471.72,4093.39,50.954,29.977,3446.22,4227.07,159.642,153.955,-15.3504,1.1e+16,11,Y,100.2908,23.01182641,3441.743,3292.265,149.478,2.0,0.2794727248732908,0.0610015266194119,L,99999900.0,LLLLLFLTALLYVLISLLILI,27963.55301023944,673.7169422292268,26.94298316090139,0.037229335848689926,LLLLLFLTALLYVLISLLILI,Mutant
LLLLLFLTALLYVLISLLILI,LLLLLALTALLYVLISLLILI,Left,void,,,,,,,,,,,3405.68,4135.19,50.1309,62.0197,3446.22,4227.07,138.252,214.951,-15.3504,1.1e+16,5,F,68.2751,47.59952047,3343.6603,3231.269,112.3913,2.0,0.5035850408429973,0.089457221371934,L,99999900.0,LLLLLFLTALLYVLISLLILI,29280.760318470435,811.0404662074491,53.3171156121511,-0.18688298012101656,LLLLLFLTALLYVLISLLILI,Mutant
LLLLLALLFVLTSLLYLLILI,LLLLLALLFVLTILLYLLILI,Left,clash,17.125,-273.443,879485000.0,879485000.0,-58.9419,-279.794,-371.861,4233.15,-49.9372,-33.1252,3330.32,4173.96,45.1793,3.92222,3329.92,4179.24,54.4751,4.06748,-14.7041,1.10011e+16,12,S,125.89978,3.021229067,,,,,0.2224439438911307,0.0376991447693242,L,99999900.0,LLLLLALLFVLTSLLYLLILI,27632.24847893774,801.3508813879569,18.62260200084089,0.22201298334287017,LLLLLALLFVLTSLLYLLILI,Mutant
LLLLLALLFVLTSLLYLLILI,LLLLLILLFVLTSLLYLLILI,Left,clash,19.1062,-275.158,880264000.0,880263000.0,-74.2961,-282.084,-385.446,4245.65,-53.7529,-29.0661,3329.92,4179.24,53.3969,26.7137,3329.92,4179.24,53.3969,26.7137,-14.7041,1.10011e+16,5,A,103.5811,20.50250662,,,,,0.2480550997527153,0.0817167493494081,L,99999900.0,LLLLLALLFVLTSLLYLLILI,27770.486389863232,554.2714580497095,19.209476990732487,0.19640182748128557,LLLLLALLFVLTSLLYLLILI,Mutant
LLLLLALLFVLTSLLYLLILI,LLLLLALLAVLTSLLYLLILI,Left,void,,,,,,,,,,,3344.92,4078.2,58.6622,42.6285,3329.92,4179.24,148.384,113.684,-14.7041,1.1e+16,8,F,88.7011,32.45917143,3302.2915,3216.236,86.0555,2.0,0.4649666487919334,0.0093774525889167,L,99999900.0,LLLLLALLFVLTSLLYLLILI,29063.372615737266,1018.6817790796936,45.58571695334995,-0.020509721557932514,LLLLLALLFVLTSLLYLLILI,Mutant
LLLLLALLFVLTSLLYLLILI,LLLLLALLFVLTSLLALLILI,Left,void,,,,,,,,,,,3342.71,4058.28,58.1248,20.2127,3329.92,4179.24,166.3,149.061,-14.7041,1.1e+16,15,Y,109.5077,15.5817435,3322.4973,3180.859,141.6383,2.0,0.5278855159943242,0.0365971440482141,L,99999900.0,LLLLLALLFVLTSLLAILILI,29439.62501520092,1152.5241875266736,55.9801543716843,-0.08342858876032333,LLLLLALLFVLTSLLYLLILI,Mutant
LLLLYLLLFVLTALLLSLILI,LLLLYLLLFVLTILLLSLILI,Left,clash,18.5031,-275.613,2629630000.0,2629630000.0,-74.1215,-288.614,-390.363,4261.98,-49.827,-27.6276,3406.55,4308.03,41.2889,8.60772,3406.55,4308.03,41.2889,8.60772,-14.5487,1.10011e+16,12,A,121.21428,6.630401627,,,,,0.1194784657808764,0.0785773945737485,L,99999900.0,LLLLYLLLFVLTALLLSLILI,27033.486957991376,787.2774214443261,17.08949436553268,0.1797038742531359,LLLLYLLLFVLTALLLSLILI,Mutant
LLLLYLLLFVLTALLLSLILI,LLLLYLLLFVLTALLISLILI,Left,clash,18.4974,-271.553,73224300.0,73224000.0,-74.1215,-284.219,-380.14,4205.43,-49.827,-21.7986,3427.06,4242.0,62.1975,32.5379,3406.55,4308.03,123.571,83.9878,-14.5487,1.10011e+16,15,L,97.1825,25.08310181,,,,,0.1643271073626493,0.0355630172419615,L,99999900.0,LLLLYLLLFVLTALLLSLILI,27293.830074009325,764.7919632492602,16.03963932718626,0.13485523267136298,LLLLYLLLFVLTALLLSLILI,Mutant
LLLLYLLLFVLTALLLSLILI,LLLLYLLLAVLTALLLSLILI,Left,void,,,,,,,,,,,3422.0,4156.77,60.9591,34.3384,3406.55,4308.03,160.7,105.1,-14.5487,1.1e+16,8,F,96.9912,26.14673311,3387.6616,3301.45,86.2116,3.0,0.2911824309826392,0.0450534509207523,L,99999900.0,LLLLYFLLAVLTALLLSLILI,28034.006218120856,749.4559503720554,26.62239931500708,0.0079999090513731,LLLLYLLLFVLTALLLSLILI,Mutant
LLLLYLLLFVLTALLLSLILI,LLLLALLLFVLTALLLSLILI,Left,void,,,,,,,,,,,3260.09,4151.56,55.6652,89.2059,3406.55,4308.03,168.34,310.359,-14.5487,1.1e+16,4,Y,49.2693,64.42012721,3170.8841,3096.191,74.6931,3.0,0.3873581812949531,0.0413403345828797,L,99999900.0,LLLLYLLLFVLTALLLSLILI,28599.144757567505,808.512785229073,36.00560302805913,-0.0881758412609408,LLLLYLLLFVLTALLLSLILI,Mutant
LLLLYVLLFLLATLLILLILI,LLLLYVLLFLLITLLILLILI,Left,clash,16.7744,-277.436,7848720000000000.0,7848720000000000.0,-58.8982,-281.172,-374.528,4298.49,-49.6465,-34.4577,3330.65,4244.33,42.8044,4.89891,3330.65,4244.33,42.8044,4.89891,-14.5024,1.1011e+16,11,A,125.36889,3.760645378,,,,,0.1633111030669985,0.0657349031813167,L,99999900.0,LLLLYVLLFLLATLLILLILI,27295.71883819102,901.275171675574,21.80867517014451,0.6501419877384792,LLLLYVLLFLLATLLILLILI,Mutant
LLLLYVLLFLLATLLILLILI,LLLLAVLLFLLATLLILLILI,Left,void,,,,,,,,,,,3368.21,4099.38,57.6339,37.9519,3330.65,4244.33,167.625,152.498,-14.5024,1.1e+16,4,Y,100.5233,27.4070014,3330.2581,3178.152,152.1061,3.0,0.2160987607430554,0.0755632122062394,L,99999900.0,LLLLYVLLFLLATLLILLILI,27591.22622348716,626.2496944961091,22.307405768335418,0.5973543300624222,LLLLYVLLFLLATLLILLILI,Mutant
LLLLYVLLFLLATLLILLILI,LLLLYVLIFLLATLLILLILI,Left,clash,16.8877,-273.374,7848720000000000.0,7848720000000000.0,-58.8982,-277.127,-363.883,4268.1,-49.6465,-27.858,3343.78,4214.0,49.7929,37.6084,3330.65,4244.33,99.0932,119.557,-14.5024,1.1011e+16,7,L,91.987,29.01985719,,,,,0.2451053111033202,0.0840926041654783,L,99999900.0,LLLLYVLLFLLATLLILLILI,27763.736425244908,1040.3564977370493,14.693865927818234,0.5683477797021574,LLLLYVLLFLLATLLILLILI,Mutant
LLLLYVLLFLLATLLILLILI,LLLLYVLLALLATLLILLILI,Left,void,,,,,,,,,,,3385.3,4137.16,55.4201,23.2592,3330.65,4244.33,147.869,102.43,-14.5024,1.1e+16,8,F,108.0704,17.71055421,3362.0408,3228.22,133.8208,3.0,0.3265166804117612,0.0670735797936491,L,99999900.0,LLLLYVLLFLLATLLILLILI,28235.628527305656,639.0258201677997,29.17670808147,0.4869364103937165,LLLLYVLLFLLATLLILLILI,Mutant
LLLLSILFVLLATLYLLLILI,LLLLIILFVLLATLYLLLILI,Left,clash,18.3168,-275.337,3047880.0,3047570.0,-58.9036,-277.853,-366.739,4213.82,-50.1031,-29.9827,3440.13,4166.68,52.0062,27.7473,3427.64,4178.18,63.7502,26.9671,-12.9935,1.1011e+16,4,S,110.7279,20.03773961,,,,,0.0880320096574169,0.050997900999949,L,99999900.0,LLLLSILFVLLATLYLLLILI,26865.89062501627,1126.5760400977892,14.096111243228252,0.053928238278535406,LLLLSILFVLLATLYLLLILI,Mutant
LLLLSILFVLLATLYLLLILI,LLLLSILFVLLITLYLLLILI,Left,clash,15.3201,-278.662,2358770.0,2358450.0,-58.9036,-279.924,-371.217,4208.56,-52.9389,-32.3891,3427.64,4178.18,48.0441,20.7785,3427.64,4178.18,48.0441,20.7785,-12.9935,1.1011e+16,11,A,109.4893,15.9506033,,,,,0.1965037438733537,0.1369263810082305,L,99999900.0,LLLLSILFVLLATLYLLLILI,27482.724917944623,1377.1232595420604,5.700837383223619,-0.054543495937401404,LLLLSILFVLLATLYLLLILI,Mutant
LLLLSILFVLLATLYLLLILI,LLLLSILAVLLATLYLLLILI,Left,void,,,,,,,,,,,3473.39,4149.78,57.4229,40.4104,3427.64,4178.18,126.536,134.758,-12.9935,1.1e+16,7,F,89.185,31.18197097,3432.9796,3292.882,140.0976,3.0,0.2112625495495841,0.0567194954134158,L,99999900.0,LLLLSILFVLLATLYLLLILI,27563.70333121341,661.5040456889928,19.865025621096567,-0.0693023016136318,LLLLSILFVLLATLYLLLILI,Mutant
LLLLSILFVLLATLYLLLILI,LLLLSILFVLLATLALLLILI,Left,void,,,,,,,,,,,3413.58,4033.07,55.2445,35.3192,3427.64,4178.18,164.71,202.888,-12.9935,1.1e+16,14,Y,94.5676,27.1922936,3378.2608,3224.752,153.5088,3.0,0.2381876834099319,0.0279382938285255,L,99999900.0,LLLLSILFVLLATLYLLLILI,27732.90012088411,900.6941173667242,25.239324138075848,-0.0962274354739796,LLLLSILFVLLATLYLLLILI,Mutant
LLLLYLLVTLLAILLFLLILI,LLLLYLLVILLAILLFLLILI,Left,clash,23.1055,-277.633,546958000000.0,546958000000.0,-45.0858,-279.492,-363.617,4329.17,-45.0858,-39.0389,3368.74,4316.01,47.4333,12.1879,3359.08,4336.36,74.0184,16.7676,-12.0804,1.1011e+16,8,T,119.1417,9.280390712,,,,,0.1385268218267548,0.1115295067498889,L,99999900.0,LLLLYLLVTLLAILLFLLILI,27128.966152732493,468.99738265550775,14.944973165796116,-0.0317195218147695,LLLLYLLVTLLAILLFLLILI,Mutant
LLLLYLLVTLLAILLFLLILI,LLLLYLLVTLLIILLFLLILI,Left,clash,18.6241,-279.256,757913000000000.0,757913000000000.0,-58.8564,-282.38,-372.189,4338.89,-49.5995,-30.9534,3359.08,4336.36,55.7452,17.9645,3359.08,4336.36,55.7452,17.9645,-12.0804,1.1011e+16,11,A,112.3033,13.79043785,,,,,0.2400451018689981,0.1607747187924039,L,99999900.0,LLLLYLLVTLLAILLFLLILI,27715.5400647522,463.6864786673912,25.620333738852107,-0.1332378018570128,LLLLYLLVTLLAILLFLLILI,Mutant
LLLLYLLVTLLAILLFLLILI,LLLLYLLVTLLAILLALLILI,Left,void,,,,,,,,,,,3386.16,4186.59,59.7465,43.6675,3359.08,4336.36,159.469,135.186,-12.0804,1.1e+16,15,F,86.0529,33.6627855,3342.4925,3223.894,118.5985,2.0,0.3396278609746946,0.0718103091437081,L,99999900.0,LLLLYLLVTLLAILLFLLILI,28325.027204904527,866.3865857875198,38.04608478785012,-0.2328205609627093,LLLLYLLVTLLAILLFLLILI,Mutant
LLLLYLLVTLLAILLFLLILI,LLLLALLVTLLAILLFLLILI,Left,void,,,,,,,,,,,3382.18,4164.92,48.869,21.0398,3359.08,4336.36,166.972,156.302,-12.0804,1.1e+16,4,Y,117.4354,15.19391198,3361.1402,3202.778,158.3622,2.0,0.3675359940275435,0.0405903101112889,L,99999900.0,LLLLYLLVTLLAILLFLLILI,28484.804806712105,814.8791561143568,35.77303715215971,-0.2607286940155582,LLLLYLLVTLLAILLFLLILI,Mutant
LLLYLLLAILVTLLFSLLILI,LLLYLLLAALVTLLFSLLILI,Left,void,,,,,,,,,,,3485.5,4236.29,45.3021,84.0226,3486.24,4248.7,84.7119,154.588,-11.9428,1.1e+17,8,I,47.307,63.97841766,3401.4774,3331.652,69.8254,2.0,0.1651782609914562,0.039898645947127,L,99999900.0,LLLYLLLAILVTLLFSLLILI,27298.638284713703,752.8344460658457,16.570870634896686,0.04975299927259791,LLLYLLLAILVTLLFSLLILI,Mutant
LLLYLLLAILVTLLFSLLILI,LLLYLLLIILVTLLFSLLILI,Left,clash,15.7354,-276.806,204185.0,203874.0,-74.2674,-287.888,-384.483,4324.36,-49.8438,-22.3278,3486.24,4248.7,48.8456,27.5407,3486.24,4248.7,48.8456,27.5407,-11.9428,1.10011e+17,7,A,102.0547,21.25129441,,,,,0.1740139796681588,0.0899382652745286,L,99999900.0,LLLYLLLAILVTLLFSLLILI,27345.202977280955,639.1206303599314,20.19431102318386,0.040917280595895306,LLLYLLLAILVTLLFSLLILI,Mutant
LLLYLLLAILVTLLFSLLILI,LLLYLLLAILVILLFSLLILI,Left,clash,19.105,-274.425,901.358,600.94,-60.4221,-284.064,-372.092,4316.78,-45.0986,-27.6058,3495.91,4227.87,52.664,20.1379,3486.24,4248.7,78.0415,28.2632,-11.9428,1.10011e+17,11,T,110.1299,15.45884708,,,,,0.190161416056048,0.1585333117940156,L,99999900.0,LLLYLLLATLVILLFSLLILI,27472.75810058069,1420.073248028214,36.20942573227609,0.024769844208006098,LLLYLLLAILVTLLFSLLILI,Mutant
LLLYLLLAILVTLLFSLLILI,LLLYLLLAILVTLLASLLILI,Left,void,,,,,,,,,,,3563.45,4149.06,57.076,42.2666,3486.24,4248.7,146.705,102.682,-11.9428,1.1e+17,14,F,87.6202,32.54110502,3521.1834,3383.558,137.6254,2.0,0.3022173855021879,0.0402291922079639,L,99999900.0,LLLYLLLAILVTLLFSLLILI,28114.154076556184,1030.0473217409804,33.97133796116628,-0.08728612523813381,LLLYLLLAILVTLLFSLLILI,Mutant
LLLLYLLIALLLVLTFLLILI,LLLLYLLIILLLVLTFLLILI,Left,clash,19.0164,-279.853,41007700000.0,41007700000.0,-58.9132,-284.827,-378.46,4301.63,-49.6437,-34.7192,3355.43,4314.58,52.2995,21.697,3355.43,4314.58,52.2995,21.697,-11.7614,1.1011e+16,8,A,109.6326,16.52102801,,,,,0.1269007402954518,0.0950895029439327,L,99999900.0,LLLLYLLIALLLVLTFLLILI,27059.20509593877,416.5949518951874,10.484035178665284,0.06644571420247869,LLLLYLLIALLLVLTFLLILI,Mutant
LLLLYLLIALLLVLTFLLILI,LLLLYLLIALLIVLTFLLILI,Left,clash,18.8644,-275.795,41007000000.0,41007000000.0,-58.9646,-279.466,-363.538,4279.73,-49.8977,-25.107,3392.97,4253.08,59.6779,39.0254,3355.43,4314.58,120.245,77.1314,-11.7614,1.1011e+16,11,L,91.2424,29.95782534,,,,,0.182854613667223,0.0269715672032758,L,99999900.0,LLLLYLLIALLLVLTFLLILI,27403.69012782552,874.5486742732224,15.11087936415063,0.010491840830707505,LLLLYLLIALLLVLTFLLILI,Mutant
LLLLYLLIALLLVLTFLLILI,LLLLYLLIALLLVLTALLILI,Left,void,,,,,,,,,,,3379.92,4163.29,59.202,43.0811,3355.43,4314.58,159.761,137.287,-11.7614,1.1e+16,15,F,86.6393,33.21073632,3336.8389,3218.143,118.6959,2.0,0.2464118984457291,0.0225803397222617,L,99999900.0,LLLLYLLIALLLVLTFLLILI,27784.71131819233,981.644420464821,26.547975868108896,-0.05306544394779861,LLLLYLLIALLLVLTFLLILI,Mutant
LLLLYLLIALLLVLTFLLILI,LLLLALLIALLLVLTFLLILI,Left,void,,,,,,,,,,,3418.07,4186.83,55.5594,27.6832,3355.43,4314.58,160.858,128.86,-11.7614,1.1e+16,4,Y,110.792,19.99144973,3390.3868,3226.57,163.8168,2.0,0.3298512541613451,0.0746586349880978,L,99999900.0,LLLLYLLIALLLVLTFLLILI,28274.168729269124,1263.8545209731765,26.38781850328059,-0.13650479966341458,LLLLYLLIALLLVLTFLLILI,Mutant
LLLYSLLFVLLLLLATLLILI,LLLYSLLFVLLILLATLLILI,Left,clash,20.5249,-278.715,2321.5,2013.76,-58.817,-281.422,-366.133,4281.96,-49.5431,-25.8947,3500.39,4247.84,45.3797,16.1401,3496.25,4258.59,86.1616,16.8323,-11.3569,1.10011e+17,11,L,114.1277,12.38993827,,,,,0.0299516279833074,0.1344336979550827,L,99999900.0,LLLYSLLFVLLLLLATLLILI,26526.75995173026,1205.496060698479,17.43192370577702,0.12449406350656599,LLLYSLLFVLLLLLATLLILI,Mutant
LLLYSLLFVLLLLLATLLILI,LLLYSLLFVLLLLLITLLILI,Left,clash,20.5249,-282.775,5689560000.0,5689560000.0,-58.817,-283.94,-373.902,4352.05,-49.5431,-31.1449,3496.25,4258.59,57.9743,26.9428,3496.25,4258.59,57.9743,26.9428,-11.3569,1.10011e+17,14,A,102.944,20.74329339,,,,,0.1554098540060647,0.021547724186256,L,99999900.0,LLLYSLLFVLLLLLATLLILI,27252.844057793503,994.2527079312472,17.725875967928246,-0.0009641625161913026,LLLYSLLFVLLLLLATLLILI,Mutant
LLLYSLLFVLLLLLATLLILI,LLLYSLLFVLALLLATLLILI,Left,void,,,,,,,,,,,3439.98,4194.0,51.1857,91.3764,3496.25,4258.59,113.207,212.582,-11.3569,1.1e+17,10,L,37.195,71.07054913,3348.6036,3283.668,64.9356,2.0,0.3406553667479877,0.1058950586557331,L,99999900.0,LLLYSLLFVLLLLLATLLILI,28309.89520957152,432.243261944248,30.396734826203097,-0.1862096752581143,LLLYSLLFVLLLLLATLLILI,Mutant
LLLYSLLFVLLLLLATLLILI,LLLASLLFVLLLLLATLLILI,Left,void,,,,,,,,,,,3307.42,4067.76,64.6786,117.001,3496.25,4258.59,185.574,358.397,-11.3569,1.1e+17,3,Y,52.7298,68.93327552,3190.419,3137.853,52.566,2.0,0.3720119426735954,0.0526958083980175,L,99999900.0,LLLYSLLFVLLLLLATLLILI,28519.849037070813,974.6810939707556,41.071405841793286,-0.217566251183722,LLLYSLLFVLLLLLATLLILI,Mutant
LLLLTILLFLLAVLYLLLILI,LLLLIILLFLLAVLYLLLILI,Left,clash,20.7546,-273.847,16161600000.0,16161600000.0,-45.0625,-278.735,-362.902,4318.88,-45.0625,-39.1044,3495.11,4225.95,59.4009,44.7165,3480.29,4263.89,91.2019,60.2871,-10.988,1.1011e+16,4,T,93.7587,32.29206385,,,,,0.1229082126604278,0.0168690482514015,L,99999900.0,LLLLTILLFLLAVLYLLLILI,27057.67899558338,893.1064839601195,13.333885935187904,-0.04573752009561159,LLLLTILLFLLAVLYLLLILI,Mutant
LLLLTILLFLLAVLYLLLILI,LLLLTILAFLLAVLYLLLILI,Left,void,,,,,,,,,,,3446.16,4205.91,58.9433,58.7937,3480.29,4263.89,118.645,173.693,-10.988,1.1e+16,7,L,70.8017,45.36711951,3387.3663,3306.597,80.7693,2.0,0.1938298710822046,0.0588807977074941,L,99999900.0,LLLLTILLFLLAVLYLLLILI,27462.481063186548,665.2922082235201,19.19717529621675,-0.11665917851738838,LLLLTILLFLLAVLYLLLILI,Mutant
LLLLTILLFLLAVLYLLLILI,LLLLTILLFLLIVLYLLLILI,Left,clash,19.3604,-279.714,16162100000.0,16162100000.0,-45.0625,-281.946,-369.088,4313.19,-45.0625,-42.0799,3480.29,4263.89,44.4451,10.0192,3480.29,4263.89,44.4451,10.0192,-10.988,1.1011e+16,11,A,120.2486,7.691232983,,,,,0.2478857233456314,0.1373414513776692,L,99999900.0,LLLLTILLFLLAVLYLLLILI,27772.20517416287,638.5135631904068,29.2811816720698,-0.17071503078081518,LLLLTILLFLLAVLYLLLILI,Mutant
LLLLTILLFLLAVLYLLLILI,LLLLTILLALLAVLYLLLILI,Left,void,,,,,,,,,,,3537.18,4171.17,50.0053,26.4657,3480.29,4263.89,139.487,91.4233,-10.988,1.1e+16,8,F,104.8639,20.15212108,3510.7143,3388.8667,121.8476,2.0,0.3758268650711023,0.113760155975873,L,99999900.0,LLLLTILLFLLAVLYLLLILI,28530.66861494545,795.1330901677333,42.89081686983823,-0.29865617250628607,LLLLTILLFLLAVLYLLLILI,Mutant
LLLFLLLTILVALLLSLLILI,LLLFLLLTILVILLLSLLILI,Left,clash,17.5851,-272.396,16461.5,16157.1,-74.1594,-283.663,-400.535,4285.17,-49.5613,-42.7122,3368.67,4119.16,45.9191,14.8409,3368.67,4119.16,45.9191,14.8409,-9.91551,1.10011e+17,11,A,115.4269,11.39260815,,,,,0.1586350169924696,0.0731481577818764,L,99999900.0,LLLFLLLTILVALLLSLLILI,27286.45637184051,1364.1341559123066,18.05898064183735,0.1869891728010841,LLLFLLLTILVALLLSLLILI,Mutant
LLLFLLLTILVALLLSLLILI,LLLFLLLIILVALLLSLLILI,Left,clash,17.6806,-269.146,16333.6,16037.0,-60.3711,-280.251,-388.972,4287.15,-45.0575,-48.35,3385.38,4101.17,44.9609,19.4632,3368.67,4119.16,67.3699,21.2366,-9.91551,1.10011e+17,7,T,110.1322,15.0184343,,,,,0.1873935414223661,0.0685053478059944,L,99999900.0,LLLFLLLTILVALLLSLLILI,27425.63768300108,673.3174697727901,20.200411656739224,0.15823064837118758,LLLFLLLTILVALLLSLLILI,Mutant
LLLFLLLTILVALLLSLLILI,LLLFLLLTILVALLASLLILI,Left,void,,,,,,,,,,,3425.4,4079.47,56.9136,36.368,3368.67,4119.16,112.109,68.1001,-9.91551,1.1e+17,14,L,93.5188,27.99976595,3389.032,3300.5699,88.4621,3.0,0.3260065613320523,0.0557851635479907,L,99999900.0,LLLFLLLTILVALLLSLLILI,28240.907962378216,773.0040500701931,33.42376904229343,0.01961762846150139,LLLFLLLTILVALLLSLLILI,Mutant
LLLFLLLTILVALLLSLLILI,LLLALLLTILVALLLSLLILI,Left,void,,,,,,,,,,,3303.2,3993.37,56.1698,105.121,3368.67,4119.16,155.145,262.793,-9.91551,1.1e+17,3,F,79.3502,53.24938078,3198.079,3105.877,92.202,3.0,0.4284729836565509,0.044668946563473,L,99999900.0,LLLFLLLTILVALLLSLLILI,28840.170627927404,804.948366333526,40.66547061914695,-0.0828487938629972,LLLFLLLTILVALLLSLLILI,Mutant
LLLYLLLTVLALLLFSLLILI,LLLYLLLTILALLLFSLLILI,Left,clash,17.2999,-274.887,175.991,-131.21,-74.1741,-283.457,-383.552,4325.79,-49.6142,-25.9211,3485.16,4321.62,41.582,69.6322,3476.78,4317.66,59.6814,102.731,-9.84623,1.10011e+17,8,V,61.6974,53.02094882,,,,,0.1320580662153353,0.0771034850936156,L,99999900.0,LLLYLLLTVLALLLFSLLILI,27127.283023861848,1194.9747663242158,21.69505540421148,0.1273693346802313,LLLYLLLTVLALLLFSLLILI,Mutant
LLLYLLLTVLALLLFSLLILI,LLLYLLLIVLALLLFSLLILI,Left,clash,17.3876,-274.26,421.597,119.614,-60.403,-283.228,-376.381,4338.88,-45.1117,-32.7498,3488.71,4307.74,50.8648,41.5991,3476.78,4317.66,74.8608,58.9544,-9.84623,1.10011e+17,7,T,87.9963,32.09921031,,,,,0.204326157853955,0.0616565517669343,L,99999900.0,LLLYLLLTVLALLLFSLLILI,27533.302303836645,1105.1827384116875,14.07147463216246,0.0551012430416116,LLLYLLLTVLALLLFSLLILI,Mutant
LLLYLLLTVLALLLFSLLILI,LLLYLLLTVLALLLASLLILI,Left,void,,,,,,,,,,,3517.83,4192.48,55.6598,40.929,3476.78,4317.66,150.653,99.9017,-9.84623,1.1e+17,14,F,88.9578,31.51128521,3476.901,3376.8783,100.0227,3.0,0.3526651788039314,0.1023036773762709,L,99999900.0,LLLYLLLTVLALLLFSLLILI,28397.13919285014,814.705105509774,40.47884371602369,-0.0932377779083648,LLLYLLLTVLALLLFSLLILI,Mutant
LLLYLLLTVLALLLFSLLILI,LLLALLLTVLALLLFSLLILI,Left,void,,,,,,,,,,,3287.88,4131.97,53.9746,102.3,3476.78,4317.66,174.282,345.182,-9.84623,1.1e+17,3,Y,67.4308,60.27191294,3185.58,3131.598,53.982,3.0,0.7776771720322472,0.0449437527672881,L,99999900.0,LLLYLLLTVLALLLFSLLILI,30891.19413469485,967.6090995266504,76.54874461168286,-0.5182497711366806,LLLYLLLTVLALLLFSLLILI,Mutant
LLLVTLLLALLLLLFSLLILI,LLLVILLLALLLLLFSLLILI,Left,clash,21.3132,-270.609,1604460.0,1604160.0,-60.4201,-280.212,-393.745,4220.33,-45.1106,-53.1124,3300.55,4180.75,53.5825,28.3994,3285.78,4210.27,83.0468,39.6156,-8.52579,1.10011e+17,4,T,110.0758,20.50865426,,,,,0.2195770413525951,0.0473876843705089,L,99999900.0,LLLVTLLLALLLLLFSLLILI,27623.198246739204,868.1557633242115,24.963469642648533,0.08002468792353729,LLLVTLLLALLLLLFSLLILI,Mutant
LLLVTLLLALLLLLFSLLILI,LLLVTLLIALLLLLFSLLILI,Left,clash,20.1776,-273.198,99638.3,99340.2,-60.4201,-280.815,-390.371,4162.8,-45.1106,-49.136,3325.53,4178.18,56.0166,21.8619,3285.78,4210.27,108.796,51.3765,-8.52579,1.10011e+17,7,L,107.7335,16.86934876,,,,,0.2405756960910566,0.0427935746328985,L,99999900.0,LLLVTLLLALLLLLFSLLILI,27741.03215731724,777.6779888555508,24.31718605192213,0.059026033185075766,LLLVTLLLALLLLLFSLLILI,Mutant
LLLVTLLLALLLLLFSLLILI,LLLVTLLLALLLLLASLLILI,Left,void,,,,,,,,,,,3357.83,4073.23,54.4654,40.461,3285.78,4210.27,152.209,76.1438,-8.52579,1.1e+17,14,F,89.4258,31.15097146,3317.369,3209.6362,107.7328,2.0,0.2633812061299711,0.0665266024854697,L,99999900.0,LLLVTLLLALLLLLFSLLILI,27874.34828949516,763.2816188810699,28.785090465999573,0.036220523146161254,LLLVTLLLALLLLLFSLLILI,Mutant
LLLVTLLLALLLLLFSLLILI,LLLVTLLLALALLLFSLLILI,Left,void,,,,,,,,,,,3265.2,4167.9,57.3274,56.1234,3285.78,4210.27,112.366,157.089,-8.52579,1.1e+17,10,L,72.448,43.65154303,3209.0766,3128.691,80.3856,2.0,0.2736126228226563,0.0524587691439541,L,99999900.0,LLLVTLLLALLLLLFSLLILI,27939.898611046327,881.4593845329889,30.601479500129784,0.025989106453476074,LLLVTLLLALLLLLFSLLILI,Mutant
LLLYALLFVLLLLLTSLLILI,LLLYALLFVLLLLLISLLILI,Left,clash,21.6758,-285.955,7271.93,6962.54,-60.4296,-282.202,-371.848,4767.93,-45.1202,-29.2171,3843.79,4748.08,42.803,18.859,3830.49,4765.93,71.2324,30.0628,-20.1749,1.10011e+17,14,T,111.0278,14.51956627,,,,,0.1389104962654112,0.0444356743911437,L,99999900.0,LLLYALLFVLLLLLTSLLILI,27140.204715840497,736.5640274498289,9.960510398801894,0.0685886257494088,LLLYALLFVLLLLLTSLLILI,Mutant
LLLYALLFVLLLLLTSLLILI,LLLYALLFVLLILLTSLLILI,Left,clash,21.6501,-285.106,4047.32,3733.98,-74.2559,-281.476,-372.887,4726.31,-49.8847,-17.1553,3854.16,4693.84,53.1833,19.4225,3830.49,4765.93,114.956,30.155,-20.1749,1.10011e+17,11,L,110.8453,14.90967069,,,,,0.1679586611761105,0.0460015158055363,L,99999900.0,LLLYALLFVLLLLLTSLLILI,27334.88299974685,1172.9868852950092,20.83644552015563,0.03954046083870949,LLLYALLFVLLLLLTSLLILI,Mutant
LLLYALLFVLLLLLTSLLILI,LLLYALLAVLLLLLTSLLILI,Left,void,,,,,,,,,,,3859.68,4675.95,59.2503,24.7974,3830.49,4765.93,142.594,120.716,-20.1749,1.1e+17,7,F,104.798,19.13447545,3834.8826,3709.774,125.1086,2.0,0.1707530110179357,0.0653476573696795,L,99999900.0,LLLYALLFVLLLLLTSLLILI,27354.57417485573,1221.5403876964856,23.79409935203717,0.036746110996884296,LLLYALLFVLLLLLTSLLILI,Mutant
LLLYALLFVLLLLLTSLLILI,LLLYALLIVLLLLLTSLLILI,Left,clash,17.7591,-274.278,640.44,334.241,-74.2514,-284.189,-398.944,4262.97,-49.6801,-40.5038,3519.55,4132.24,38.0718,14.6368,3484.99,4169.13,108.578,50.685,-8.15293,1.10011e+17,7,F,114.9586,11.29422804,,,,,0.1904389944411969,0.0549104495515374,L,99999900.0,LLLYALLFVLLLLLTSLLILI,27441.879971926897,662.4084688541196,17.804701430785833,0.017060127573623074,LLLYALLFVLLLLLTSLLILI,Mutant
LLLYALLFVLLLLLTSLLILI,LLLYALLFVLALLLTSLLILI,Left,void,,,,,,,,,,,3803.66,4730.13,51.563,74.3185,3830.49,4765.93,104.983,177.536,-20.1749,1.1e+17,10,L,54.2529,57.80329062,3729.3415,3652.954,76.3875,2.0,0.267537038747098,0.0529559960251801,L,99999900.0,LLLYALLFVLLLLLTSLLILI,27893.521899889063,802.0441731988856,21.01630823653512,-0.06003791673227801,LLLYALLFVLLLLLTSLLILI,Mutant
LLLYALLFVLLLLLTSLLILI,LLLAALLFVLLLLLTSLLILI,Left,void,,,,,,,,,,,3407.14,4091.74,64.3725,104.322,3484.99,4169.13,154.526,279.759,-8.15293,1.1e+17,3,Y,65.4088,61.46321116,3302.818,3205.231,97.587,2.0,0.3171469726749381,0.0777301155524008,L,99999900.0,LLLYALLFVLLLLLTSLLILI,28218.90360438748,1447.6890979416823,35.262266465808224,-0.10964785066011809,LLLYALLFVLLLLLTSLLILI,Mutant
LLLYFLLAVLLTLLFSLLILI,LLLYFLLAVLLILLFSLLILI,Left,clash,26.7968,-273.076,1231650000.0,1231650000.0,-60.4001,-284.492,-358.375,4359.87,-45.09,-13.4824,3533.62,4326.67,50.7309,12.9162,3525.06,4347.62,75.0362,15.5019,-7.82407,1.10011e+17,11,T,117.3516,9.915113328,,,,,0.1416747823155376,0.0331521870718266,L,99999900.0,LLLYFLLAVLLTLLFSLLILI,27176.89204299194,1086.695160709111,17.28406557067349,0.055031160398766904,LLLYFLLAVLLTLLFSLLILI,Mutant
LLLYFLLAVLLTLLFSLLILI,LLLYFLLIVLLTLLFSLLILI,Left,clash,27.23,-276.273,1232000000.0,1232000000.0,-74.2252,-287.95,-370.583,4345.46,-49.6292,-8.40757,3525.06,4347.62,50.6335,23.1403,3525.06,4347.62,50.6335,23.1403,-7.82407,1.10011e+17,7,A,106.4551,17.85580352,,,,,0.1460443288023069,0.059168707022835,L,99999900.0,LLLYFLLAVLLTLLFSLLILI,27204.337678576005,1097.9997600755898,21.07452034528555,0.05066161391199761,LLLYFLLAVLLTLLFSLLILI,Mutant
LLLYFLLAVLLTLLFSLLILI,LLLYALLAVLLTLLFSLLILI,Left,void,,,,,,,,,,,3565.77,4194.03,60.0798,47.3101,3525.06,4347.62,161.194,113.594,-7.82407,1.1e+17,4,F,91.1651,34.16503461,3518.4599,3411.466,106.9939,2.0,0.2155905148691735,0.0621537204850212,L,99999900.0,LLLYFLLAVLLTLLFSLLILI,27610.916409727142,1094.592266856179,28.152249047022025,-0.018884572154868995,LLLYFLLAVLLTLLFSLLILI,Mutant
LLLYFLLAVLLTLLFSLLILI,LLLYFLLAVLLTLLASLLILI,Left,void,,,,,,,,,,,3623.74,4291.43,58.4606,48.8216,3525.06,4347.62,131.508,75.4259,-7.82407,1.1e+17,14,F,81.0652,37.58780723,3574.9184,3449.6341,125.2843,2.0,0.2263065095592119,0.0467748239240683,L,99999900.0,LLLYFLLAVLLTLLFSLLILI,27658.398214260964,786.6771225865747,23.893321531363394,-0.02960056684490739,LLLYFLLAVLLTLLFSLLILI,Mutant
LLLLYLLIALLTVLFSLLILI,LLLLYLLIILLTVLFSLLILI,Left,clash,15.0999,-278.132,1327630000.0,1327630000.0,-74.3122,-285.662,-386.432,4215.69,-53.3852,-26.4577,3549.12,4264.85,56.5465,26.0149,3549.12,4264.85,56.5465,26.0149,-7.80507,1.1011e+16,8,A,105.3147,19.80886259,,,,,0.1170782221242633,0.1243676373337232,L,99999900.0,LLLLYLLIALLTVLFSLLILI,27056.15795967348,1536.1325213415205,23.80785384147228,0.1499942410785142,LLLLYLLIALLTVLFSLLILI,Mutant
LLLLYLLIALLTVLFSLLILI,LLLLYLLIALLTVLFILLILI,Left,clash,15.0398,-276.102,1438880000.0,1438870000.0,-58.9928,-277.199,-364.352,4248.43,-51.2445,-28.1596,3556.79,4268.14,55.2343,28.5283,3549.12,4264.85,60.7296,27.923,-7.80507,1.1011e+16,15,S,101.1921,21.99214619,,,,,0.2110719669362886,0.0848327132492565,L,99999900.0,LLLLYLLIALLTVLFSLLILI,27566.249211028964,729.1894222017679,24.91005043297756,0.0560004962664889,LLLLYLLIALLTVLFSLLILI,Mutant
LLLLYLLIALLTVLFSLLILI,LLLLYLLAALLTVLFSLLILI,Left,void,,,,,,,,,,,3534.15,4242.36,50.6352,99.4586,3549.12,4264.85,95.3119,184.817,-7.80507,1.1e+16,7,I,30.1368,76.7454709,3434.6914,3364.303,70.3884,2.0,0.223295280914914,0.0744779990513033,L,99999900.0,LLLLYLLIALLTVLFSLLILI,27633.675154912948,633.8355477342667,23.011125217700645,0.04377718228786351,LLLLYLLIALLTVLFSLLILI,Mutant
LLLLYLLIALLTVLFSLLILI,LLLLALLIALLTVLFSLLILI,Left,void,,,,,,,,,,,3547.05,4110.01,52.7535,16.9409,3549.12,4264.85,166.639,181.956,-7.80507,1.1e+16,4,Y,121.5343,12.23388737,3530.1091,3367.164,162.9451,2.0,0.2680976631268283,0.0213790515406893,L,99999900.0,LLLLYLLIALLTVLFSLLILI,27906.16697029076,951.6502643719562,23.94151503206748,-0.0010251999240508125,LLLLYLLIALLTVLFSLLILI,Mutant
LLLFALLTVLLSLLYLLLILI,LLLFILLTVLLSLLYLLLILI,Left,clash,19.0563,-277.166,22834300000.0,22834300000.0,-74.3168,-279.912,-383.128,4314.35,-53.1649,-28.8989,3461.91,4233.92,56.4388,16.5353,3461.91,4233.92,56.4388,16.5353,-7.76537,1.10011e+17,4,A,121.9399,11.94098293,,,,,0.063772326810856,0.1847454202553063,L,99999900.0,LLLFALLTVLLSLLYLLLILI,26681.11818860877,584.7976940173602,10.942650585216716,0.1658384991749578,LLLFALLTVLLSLLYLLLILI,Mutant
LLLFALLTVLLSLLYLLLILI,LLLFALLTVLLILLYLLLILI,Left,clash,15.8182,-275.8,119064000000.0,119064000000.0,-58.9604,-277.887,-370.092,4285.09,-50.6569,-33.2446,3462.44,4234.98,43.0298,10.3866,3461.91,4233.92,49.2168,10.3529,-7.76537,1.10011e+17,11,S,119.8812,7.973267377,,,,,0.1604968337188248,0.0968388832022204,L,99999900.0,LLLFALLTVLLSLLYLLLILI,27270.184692445004,742.8682127631407,21.32951807779154,0.069113992266989,LLLFALLTVLLSLLYLLLILI,Mutant
LLLFALLTVLLSLLYLLLILI,LLLAALLTVLLSLLYLLLILI,Left,void,,,,,,,,,,,3360.72,4097.34,59.0379,114.386,3461.91,4233.92,162.124,296.444,-7.76537,1.1e+17,3,F,55.3448,67.39260052,3246.334,3165.466,80.868,3.0,0.2079196833877955,0.0264921230455424,L,99999900.0,LLLFALLTVLLSLLYLLLILI,27550.87036587237,822.9168655749146,19.844890419657222,0.021691142598018298,LLLFALLTVLLSLLYLLLILI,Mutant
LLLFALLTVLLSLLYLLLILI,LLLFALLTVLLSLLALLLILI,Left,void,,,,,,,,,,,3469.35,4090.99,55.4136,26.349,3461.91,4233.92,164.672,180.624,-7.76537,1.1e+17,14,Y,103.5378,20.28612607,3443.001,3281.286,161.715,3.0,0.3073002661660811,0.0604240390931668,L,99999900.0,LLLFALLTVLLSLLYLLLILI,28138.611244197666,917.0858962450108,34.939308302868085,-0.07768944018026727,LLLFALLTVLLSLLYLLLILI,Mutant
LLLVALLLFLLSLLYTLLILI,LLLVALLLFLLILLYTLLILI,Left,clash,17.8887,-275.883,8185190.0,8184880.0,-58.9244,-282.85,-376.714,4216.04,-50.8874,-34.9396,3451.96,4222.93,47.5846,7.9897,3451.33,4227.44,56.5996,7.95706,-7.71278,1.10011e+17,11,S,122.2781,6.133288503,,,,,0.2014162277435578,0.1210556125047422,L,99999900.0,LLLVALLLFLLSLLYTLLILI,27507.79348102477,761.1737382651143,26.62474204066084,0.10766440218801229,LLLVALLLFLLSLLYTLLILI,Mutant
LLLVALLLFLLSLLYTLLILI,LLLVILLLFLLSLLYTLLILI,Left,clash,22.3956,-276.905,13493700000000.0,13493700000000.0,-74.19,-286.212,-389.137,4234.76,-52.5085,-28.7353,3451.33,4227.44,54.3274,29.1901,3451.33,4227.44,54.3274,29.1901,-7.71278,1.10011e+17,4,A,109.2851,21.07965903,,,,,0.2251321186702073,0.105090192975619,L,99999900.0,LLLVALLLFLLSLLYTLLILI,27629.66481074112,547.1919571105082,13.32373141926108,0.0839485112613628,LLLVALLLFLLSLLYTLLILI,Mutant
LLLVALLLFLLSLLYTLLILI,LLLVALLLFLLSLLATLLILI,Left,void,,,,,,,,,,,3467.21,4083.25,59.761,37.9059,3451.33,4227.44,168.709,168.987,-7.71278,1.1e+17,14,Y,91.9809,29.18379697,3429.3041,3282.343,146.9611,3.0,0.2860328267587125,0.0670991247063466,L,99999900.0,LLLVALLLFLLSLLYTLLILI,28008.19512069038,792.3515681018566,31.457012096610487,0.023047803172857595,LLLVALLLFLLSLLYTLLILI,Mutant
LLLVALLLFLLSLLYTLLILI,LLLVALLLALLSLLYTLLILI,Left,void,,,,,,,,,,,3420.84,4145.22,47.1939,50.9626,3451.33,4227.44,133.206,201.078,-7.71278,1.1e+17,8,F,80.367,38.80511324,3369.8774,3250.252,119.6254,3.0,0.4563452809085687,0.0877772812548344,L,99999900.0,LLLVALLLFLLSLLYTLLILI,28991.018728429248,660.1780642705028,37.65276644711198,-0.1472646509769986,LLLVALLLFLLSLLYTLLILI,Mutant
LLLLTYLLAVLFILLLSLILI,LLLLIYLLAVLFILLLSLILI,Left,clash,22.9947,-274.246,661.683,365.296,-60.4638,-286.313,-377.97,4224.83,-45.1357,-31.193,3366.45,4191.77,59.4296,15.6189,3338.13,4226.97,89.6446,15.0958,-7.22391,1.10011e+16,4,T,122.8563,11.27920379,,,,,0.1573315773496922,0.1116166507697975,L,99999900.0,LLLLTYLLAVLFILLLSLILI,27231.16465923124,328.21264811178,10.466245357750935,0.0862629028106511,LLLLTYLLAVLFILLLSLILI,Mutant
LLLLTYLLAVLFILLLSLILI,LLLLTYLLIVLFILLLSLILI,Left,clash,21.3731,-280.945,653.218,348.51,-60.4638,-289.509,-383.911,4211.1,-45.1357,-33.9375,3338.13,4226.97,40.7872,9.88345,3338.13,4226.97,40.7872,9.88345,-7.22391,1.10011e+16,8,A,121.44615,7.525683471,,,,,0.244060676089577,0.2354940057267928,L,99999900.0,LLLLTYLLAVLFILLLSLILI,27734.94305830432,875.7860051869133,32.014230507960875,-0.0004661959292336926,LLLLTYLLAVLFILLLSLILI,Mutant
LLLLTYLLAVLFILLLSLILI,LLLLTYLLAVLAILLLSLILI,Left,void,,,,,,,,,,,3378.53,4144.03,47.6515,16.4619,3338.13,4226.97,133.609,90.2415,-7.22391,1.1e+16,11,F,113.8059,12.63696785,3362.0681,3247.8885,114.1796,2.0,0.3178221073265805,0.0220194927859787,L,99999900.0,LLLLTYLLAVLFILLLSLILI,28207.84890715529,1136.83993237883,32.20843553574509,-0.07422762716623721,LLLLTYLLAVLFILLLSLILI,Mutant
LLLLTYLLAVLFILLLSLILI,LLLLTALLAVLFILLLSLILI,Left,void,,,,,,,,,,,3269.08,4051.85,55.0518,98.7289,3338.13,4226.97,170.338,277.705,-7.22391,1.1e+16,5,Y,31.5659,75.77347676,3170.3511,3060.425,109.9261,2.0,0.324490820305149,0.0456528733940945,L,99999900.0,LLLLTYLLAVLFILLLSLILI,28229.75620881375,758.7885419167152,30.386919813619983,-0.08089634014480568,LLLLTYLLAVLFILLLSLILI,Mutant
LLLLYVLIALLTLLFSLLILI,LLLLYVLIALLTLLFILLILI,Left,clash,16.8816,-275.857,25392300.0,25392000.0,-59.0051,-277.208,-364.857,4222.78,-51.6005,-28.6445,3544.61,4253.85,54.2343,25.2614,3543.69,4249.12,58.6761,25.0525,-5.87878,1.1011e+16,15,S,104.459,19.47372965,,,,,0.1409366231305311,0.0389392827106851,L,99999900.0,LLLLYVLIALLTLLFSLLILI,27159.25415591289,792.9793565359536,15.5212669235587,0.17273553742175338,LLLLYVLIALLTLLFSLLILI,Mutant
LLLLYVLIALLTLLFSLLILI,LLLLYVLIILLTLLFSLLILI,Left,clash,16.9748,-277.887,1346330.0,1346010.0,-74.2879,-285.993,-387.523,4194.2,-54.0477,-27.2414,3543.69,4249.12,47.6396,14.5597,3543.69,4249.12,47.6396,14.5597,-5.87878,1.1011e+16,8,A,116.7699,11.08638114,,,,,0.2031341613173133,0.0683748141292784,L,99999900.0,LLLLYVLIALLTLLFSLLILI,27510.86550981463,591.36419577159,16.356401668635723,0.11053799923497118,LLLLYVLIALLTLLFSLLILI,Mutant
LLLLYVLIALLTLLFSLLILI,LLLLYVLAALLTLLFSLLILI,Left,void,,,,,,,,,,,3537.13,4229.12,48.196,95.231,3543.69,4249.12,93.0398,175.9,-5.87878,1.1e+16,7,I,34.3644,73.48331808,3441.899,3367.79,74.109,2.0,0.3449670090699352,0.0581017558826735,L,99999900.0,LLLLYVLIALLTLLFSLLILI,28345.475345875915,722.9990921692727,29.75472900284664,-0.03129484851765074,LLLLYVLIALLTLLFSLLILI,Mutant
LLLLYVLIALLTLLFSLLILI,LLLLAVLIALLTLLFSLLILI,Left,void,,,,,,,,,,,3522.65,4093.21,57.0157,45.3331,3543.69,4249.12,171.15,202.528,-5.87878,1.1e+16,4,Y,93.1421,32.73734214,3477.3169,3341.162,136.1549,2.0,0.388529991182105,0.0433673856022437,L,99999900.0,LLLLYVLIALLTLLFSLLILI,28627.463902785345,1218.394063945541,42.786813027225534,-0.07485783062982054,LLLLYVLIALLTLLFSLLILI,Mutant
LLLLYFLLAVLTILLSLLILI,LLLLYFLLAVLTILLILLILI,Left,clash,15.1054,-275.248,348120000.0,348120000.0,-58.9294,-277.116,-363.347,4253.65,-49.7279,-27.3015,3504.12,4193.47,57.0492,41.1254,3501.96,4194.05,63.5877,40.5095,-5.15653,1.10011e+16,15,S,88.595,31.70310915,,,,,0.13304371555154,0.1430648690347361,L,99999900.0,LLLLYFLLAVLTILLSLLILI,27142.70798759684,1440.4139987970118,29.32054351656595,0.02086958533911981,LLLLYFLLAVLTILLSLLILI,Mutant
LLLLYFLLAVLTILLSLLILI,LLLLAFLLAVLTILLSLLILI,Left,void,,,,,,,,,,,3978.68,4623.1,54.4693,62.1247,3958.7,4791.64,169.765,179.063,-13.6142,1.1e+16,4,Y,76.3505,44.86341237,3916.5553,3779.637,136.9183,2.0,0.197736865269768,0.0514165892570265,L,99999900.0,LLLLYFLLAVLTILLSLLILI,27497.20416998552,902.5006771655574,23.81584583903677,-0.0438235643791082,LLLLYFLLAVLTILLSLLILI,Mutant
LLLLYFLLAVLTILLSLLILI,LLLLYALLAVLTILLSLLILI,Left,void,,,,,,,,,,,3995.63,4652.19,53.5937,89.1759,3958.7,4791.64,151.508,182.037,-13.6142,1.1e+16,5,F,41.1189,68.44164157,3906.4541,3776.663,129.7911,2.0,0.22849721771025,0.0206478797318465,L,99999900.0,LLLLYFLLAVLTILLSLLILI,27673.10378863555,864.0212151487855,22.07181443469023,-0.0745839168195902,LLLLYFLLAVLTILLSLLILI,Mutant
LLLLYFLLAVLTILLSLLILI,LLLLYFLLAVLIILLSLLILI,Left,clash,22.5871,-273.973,836.133,539.652,-60.4723,-279.326,-367.04,4625.16,-45.0954,-27.2418,3981.24,4763.89,54.0012,33.5118,3958.7,4791.64,83.9772,47.0901,-13.6142,1.10011e+16,11,T,96.756,25.72531355,,,,,0.2290369641610477,0.2054253099742639,L,99999900.0,LLLLYFLLAVLTILLSLLILI,27663.03492199545,996.4199159568864,34.482254957996574,-0.07512366327038791,LLLLYFLLAVLTILLSLLILI,Mutant
LLLLYFLLTILVALLLSLILI,LLLLYFLLTILVILLLSLILI,Left,clash,20.7339,-274.475,391111000.0,391110000.0,-74.1514,-289.287,-388.576,4244.07,-49.885,-25.1372,3463.3,4219.41,43.5961,14.765,3463.3,4219.41,43.5961,14.765,-5.06039,1.10011e+16,12,A,115.057,11.37326493,,,,,0.1366160976006327,0.0672859858524627,L,99999900.0,LLLLYFLLTILVALLLSLILI,27157.25720983245,1304.2238981632245,18.29461797404309,0.2362776387534764,LLLLYFLLTILVALLLSLILI,Mutant
LLLLYFLLTILVALLLSLILI,LLLLYFLLIILVALLLSLILI,Left,clash,20.7638,-271.257,391111000.0,391110000.0,-60.4206,-286.438,-377.856,4238.0,-45.1022,-30.9973,3475.27,4192.02,50.9078,22.7654,3463.3,4219.41,80.5979,31.6233,-5.06039,1.10011e+16,8,T,108.5642,17.33455367,,,,,0.1465175787927718,0.0663243209553754,L,99999900.0,LLLLYFLLTILVALLLSLILI,27191.580380773783,777.6680873915179,18.45187832399922,0.2263761575613373,LLLLYFLLTILVALLLSLILI,Mutant
LLLLYFLLTILVALLLSLILI,LLLLAFLLTILVALLLSLILI,Left,void,,,,,,,,,,,3318.23,4062.22,54.0484,70.9557,3463.3,4219.41,167.81,294.547,-5.06039,1.1e+16,4,Y,67.5195,51.24072758,3247.2743,3168.753,78.5213,3.0,0.4648575130941014,0.055735079931507,L,99999900.0,LLLLYFLLTILVALLLSLILI,29053.58182287988,968.0560831670704,39.42936296524434,-0.09196377673999229,LLLLYFLLTILVALLLSLILI,Mutant
LLLYWLLTALLLSLLFVLILI,LLLYWLLTALLLILLFVLILI,Right,clash,22.2054,-279.53,701029.0,700722.0,-58.825,-283.094,-362.189,4348.01,-49.5947,-20.2701,3452.23,4372.01,57.0122,11.274,3448.25,4365.95,57.7331,11.9677,-18.0581,1.10011e+17,12,S,118.548,8.684198364,,,,,0.1931731151509176,0.0329735174544639,R,99999900.0,LLLYWLLTALLLSLLFVLILI,24042.82885035815,1551.8064884892317,16.85386015326926,0.009245241307101498,LLLYWLLTALLLSLLFVLILI,Mutant
LLLYWLLTALLLSLLFVLILI,LLLYWLLTILLLSLLFVLILI,Right,clash,22.259,-281.559,335001000.0,335001000.0,-74.1374,-285.212,-376.895,4350.83,-55.1357,-17.5448,3448.25,4365.95,53.8619,2.94758,3448.25,4365.95,53.8619,2.94758,-18.0581,1.10011e+17,8,A,128.38202,2.244414054,,,,,0.2341974203595319,0.0321730634409465,R,99999900.0,LLLYWLLTALLLSLLFVLILI,24244.5691000938,1254.822993682841,21.996826999231214,-0.031779063901512805,LLLYWLLTALLLSLLFVLILI,Mutant
LLLYWLLTALLLSLLFVLILI,LLLYALLTALLLSLLFVLILI,Right,void,,,,,,,,,,,3468.12,4247.41,58.5812,71.9465,3448.25,4365.95,173.796,182.046,-18.0581,1.1e+17,4,W,66.5287,51.95623476,3396.1735,3266.204,129.9695,4.0,0.2458221101958333,0.0132525397407067,R,99999900.0,LLLYWLLTALLLSLLFVLILI,24319.659807355096,1360.7563656330435,22.55970185932574,-0.043403753737814216,LLLYWLLTALLLSLLFVLILI,Mutant
LLLYWLLTALLLSLLFVLILI,LLLYWLLTALLASLLFVLILI,Right,void,,,,,,,,,,,3487.0,4325.51,57.1073,67.3954,3448.25,4365.95,112.845,125.016,-18.0581,1.1e+17,11,L,62.8724,51.73603914,3419.6046,3323.234,96.3706,4.0,0.3008505033723725,0.0646177074470604,R,99999900.0,LLLYWLLTALLLSLLFVLILI,24609.36302880844,1257.542685795498,33.85723811599796,-0.09843214691435342,LLLYWLLTALLLSLLFVLILI,Mutant
LLLVSLLLTLLFALLAYLILI,LLLVSLLLTLLFALLIYLILI,Right,clash,16.7671,-270.624,22404400.0,22404100.0,-58.8371,-276.223,-363.711,4202.53,-53.2182,-28.6508,3238.99,4226.46,55.379,5.32904,3238.99,4226.46,55.379,5.32904,-17.1169,1.10011e+17,15,A,129.7830436,0.030007549,,,,,0.1571353074578797,0.0563928613221283,R,99999900.0,LLLVSLLLTLLFALLAYLILI,23795.0716173223,1111.449649072042,20.02826260151849,0.14170306480862158,LLLVSLLLTLLFALLAYLILI,Mutant
LLLVSLLLTLLFALLAYLILI,LLLVSLLLTLLFILLAYLILI,Right,clash,16.7646,-270.624,10349.3,10042.2,-58.8371,-284.817,-368.432,4209.96,-53.2182,-24.7782,3238.99,4226.46,38.3009,0.0389564,3238.99,4226.46,38.3009,0.0389564,-17.1169,1.10011e+17,12,A,129.7830436,0.030007549,,,,,0.2073545138348336,0.0486035836992377,R,99999900.0,LLLVSLLLTLLFALLAYLILI,24082.21602652003,1130.3242865310494,20.668031276519315,0.09148385843166768,LLLVSLLLTLLFALLAYLILI,Mutant
LLLVSLLLTLLFALLAYLILI,LLLVSLLLTLLAALLAYLILI,Right,void,,,,,,,,,,,3254.41,4075.81,56.0237,24.7074,3238.99,4226.46,157.559,109.584,-17.1169,1.1e+17,11,F,105.5604,18.96662107,3229.7026,3129.406,100.2966,5.0,0.3307251402122007,0.0227708007114686,R,99999900.0,LLLVSLLLTLLFALLAYLILI,24818.10236092252,1625.0063369995069,29.37746571537616,-0.03188676794569939,LLLVSLLLTLLFALLAYLILI,Mutant
LLLVSLLLTLLFALLAYLILI,LLLVSLLLTLLFALLAALILI,Right,void,,,,,,,,,,,3230.07,4061.52,58.542,99.0371,3238.99,4226.46,169.76,229.122,-17.1169,1.1e+17,16,Y,30.4257,76.49849996,3131.0329,3009.868,121.1649,5.0,0.4109824736415418,0.0156285932397288,R,99999900.0,LLLVSLLLTLLFALLAYLILI,25254.352939913813,1496.5836254386884,37.61227956565707,-0.1121441013750405,LLLVSLLLTLLFALLAYLILI,Mutant
LLLYTLLVILLAFLLSLLILI,LLLYTLLVILLIFLLSLLILI,Right,clash,15.5526,-269.086,2397550.0,2397250.0,-60.5144,-286.025,-376.31,4322.28,-45.1094,-29.7709,3652.52,4230.55,51.3525,4.51384,3652.52,4230.55,51.3525,4.51384,-16.9329,1.10011e+17,11,A,125.75396,3.465046619,,,,,0.1703881138091851,0.0131932837813414,R,99999900.0,LLLYTLLVILLAFLLSLLILI,23899.432301524164,1360.0985315227174,14.41317501126982,0.1254341567631044,LLLYTLLVILLAFLLSLLILI,Mutant
LLLYTLLVILLAFLLSLLILI,LLLYTLLVILLAFLLILLILI,Right,clash,15.5508,-267.056,247954.0,247657.0,-45.1094,-277.213,-353.686,4353.18,-45.1094,-31.3631,3654.44,4220.25,56.6198,21.1865,3652.52,4230.55,68.5221,21.4454,-16.9329,1.10011e+17,15,S,108.5339,16.33243499,,,,,0.2077484917958386,0.0605420692188376,R,99999900.0,LLLYTLLVILLAFLLSLLILI,24101.531424708744,1299.5473385968046,16.094296204023593,0.0880737787764509,LLLYTLLVILLAFLLSLLILI,Mutant
LLLYTLLVILLAFLLSLLILI,LLLYTLLVILLAALLSLLILI,Right,void,,,,,,,,,,,3640.55,4152.31,41.9845,57.1858,3652.52,4230.55,126.589,185.293,-16.9329,1.1e+17,12,F,72.6362,44.0493907,3583.3642,3467.227,116.1372,4.0,0.2885522450122678,0.0269910736363781,R,99999900.0,LLLYTLLVILLAFLLSLLILI,24552.577333892525,1320.8314734445146,28.596420052017912,0.007270025560021709,LLLYTLLVILLAFLLSLLILI,Mutant
LLLYTLLVILLAFLLSLLILI,LLLYTLLVALLAFLLSLLILI,Right,void,,,,,,,,,,,3679.02,4187.16,58.8409,63.8327,3652.52,4230.55,107.174,113.113,-16.9329,1.1e+17,8,I,67.4969,48.60496034,3615.1873,3539.407,75.7803,4.0,0.4640110752190271,0.0506436495881797,R,99999900.0,LLLYWLLVALLAFLLSLLILI,25541.95359610109,1466.2906086072269,47.08574435760569,-0.16818880464673763,LLLYTLLVILLAFLLSLLILI,Mutant
LLLYSLLLALLFALLTILILI,LLLYSLLLILLFALLTILILI,Right,clash,17.3599,-274.679,109114.0,108801.0,-58.8896,-281.902,-368.511,4297.85,-55.5317,-27.7193,3388.49,4264.35,59.8462,17.9827,3388.49,4264.35,59.8462,17.9827,-14.225,1.10011e+17,8,A,124.6439,3.988615181,,,,,0.1523888811887851,0.0576550944642015,R,99999900.0,LLLYSLLLALLFALLTILILI,23790.06955302917,1363.8978651263703,18.32730013457256,0.31691887259578133,LLLYSLLLALLFALLTILILI,Mutant
LLLYSLLLALLFALLTILILI,LLLYSLLLALLFILLTILILI,Right,clash,14.9079,-270.103,6024.83,5714.6,-58.9028,-281.254,-368.177,4297.71,-55.0357,-28.0205,3388.49,4264.35,44.2787,2.94885,3388.49,4264.35,44.2787,2.94885,-14.225,1.10011e+17,12,A,124.6439,3.988615181,,,,,0.2154349735757546,0.030751942662055,R,99999900.0,LLLYSLLLALLFALLTILILI,24158.338413430403,1429.2710404787915,16.90379992363235,0.25387278020881177,LLLYSLLLALLFALLTILILI,Mutant
LLLYSLLLALLFALLTILILI,LLLYSLLAALLFALLTILILI,Right,void,,,,,,,,,,,3399.62,4212.59,59.8377,66.538,3388.49,4264.35,118.546,139.847,-14.225,1.1e+17,7,L,63.0574,51.34287174,3333.082,3248.643,84.439,5.0,0.5182325641164378,0.0836489851227735,R,99999900.0,LLLYSLLLALLFALLTILILI,25830.88979475671,1363.5102005920155,55.46781361961819,-0.048924810331871404,LLLYSLLLALLFALLTILILI,Mutant
LLLYSLLLALLFALLTILILI,LLLYSLLLALLAALLTILILI,Right,void,,,,,,,,,,,3392.44,4118.53,54.0985,39.1181,3388.49,4264.35,158.136,129.959,-14.225,1.1e+17,11,F,88.1247,32.11882424,3353.3219,3258.531,94.7909,5.0,0.5448306444535619,0.0654716216741168,R,99999900.0,LLLYSLLLALLFALLTILILI,26018.632947752845,1764.641677881768,53.75032750735923,-0.07552289066899548,LLLYSLLLALLFALLTILILI,Mutant
LLLFSLLLTLLAALLSYLILI,LLLFSLLATLLAALLSYLILI,Right,void,,,,,,,,,,,3380.69,4132.36,50.4486,56.3716,3317.21,4123.34,86.6287,92.0,-12.4535,1.1e+17,7,L,73.2238,43.49814885,3324.3184,3225.21,99.1084,4.0,0.1828120240604309,0.0329930827296285,R,99999900.0,LLLFSLLLTLLAALLSYLILI,23961.053949590187,1280.025950500378,15.592202011833225,0.026712712313415404,LLLFSLLLTLLAALLSYLILI,Mutant
LLLFSLLLTLLAALLSYLILI,LLLFILLLTLLAALLSYLILI,Right,clash,22.6021,-264.396,25981900.0,25981600.0,-74.1759,-288.59,-383.023,4298.29,-49.5409,-20.2571,3332.54,4119.52,50.2651,21.9169,3317.21,4123.34,59.5789,22.9182,-12.4535,1.10011e+17,4,S,116.5583,15.82731059,,,,,0.2050372533485921,0.0541650573375904,R,99999900.0,LLLFSLLLTLLAALLSYLILI,24093.925223245536,1368.573997764719,15.114681633167926,0.004487483025254202,LLLFSLLLTLLAALLSYLILI,Mutant
LLLFSLLLTLLAALLSYLILI,LLLFSLLLTLLAALLIYLILI,Right,clash,18.0085,-266.427,1.54e+24,1.54e+24,-58.8089,-273.568,-357.203,4274.91,-53.2563,-24.8258,3320.49,4104.51,60.963,4.17325,3317.21,4123.34,75.3934,7.59985,-12.4535,1.10011e+17,15,S,125.54715,3.217111572,,,,,0.2088986307261211,0.0390580707881118,R,99999900.0,LLLFSLLLTLLAALLSYLILI,24140.314432948348,1619.036384249475,15.269432404829114,0.0006261056477251947,LLLFSLLLTLLAALLSYLILI,Mutant
LLLFSLLLTLLAALLSYLILI,LLLFSLLLTLLAALLSALILI,Right,void,,,,,,,,,,,3333.49,3997.68,58.4945,104.319,3317.21,4123.34,160.548,213.088,-12.4535,1.1e+17,16,Y,25.1438,80.57835919,3229.171,3104.122,125.049,4.0,0.278296526952825,0.0400739877187101,R,99999900.0,LLLFSLLLTLLAALLSYLILI,24492.34381139924,1314.9618398764794,29.27382834568511,-0.06877179057897867,LLLFSLLLTLLAALLSYLILI,Mutant
LLLYTLLIALLFVLLSLLILI,LLLYTLLIALLFILLSLLILI,Right,clash,15.0667,-269.073,31678.7,31379.6,-60.443,-283.354,-372.198,4324.45,-45.0745,-28.4007,3507.25,4259.83,44.8247,9.54395,3492.62,4261.55,63.0706,20.0414,-12.3755,1.10011e+17,12,V,120.27805,7.35156599,,,,,0.114226654711264,0.0223978018946129,R,99999900.0,LLLYTLLIALLFVLLSLLILI,23575.130143328253,1247.3762504844856,9.649627547090535,0.17016880290349237,LLLYTLLIALLFVLLSLLILI,Mutant
LLLYTLLIALLFVLLSLLILI,LLLYTLLIILLFVLLSLLILI,Right,clash,15.1053,-271.693,564375.0,564074.0,-60.4202,-285.863,-376.393,4316.81,-45.0745,-30.1098,3492.62,4261.55,56.7544,8.1772,3492.62,4261.55,56.7544,8.1772,-12.3755,1.10011e+17,8,A,123.1524,6.226471412,,,,,0.1901661226750497,0.1590252216686259,R,99999900.0,LLLYTLLIALLFVLLSLLILI,23942.8029718688,876.644286686689,18.84450610927309,0.09422933493970667,LLLYTLLIALLFVLLSLLILI,Mutant
LLLYTLLIALLFVLLSLLILI,LLLYTLLIALLFVLLSALILI,Right,void,,,,,,,,,,,3512.57,4218.51,55.4957,111.641,3492.62,4261.55,108.084,170.02,-12.3755,1.1e+17,16,L,17.8218,86.23403789,3400.929,3322.6,78.329,5.0,0.2496211275670906,0.0485753391670587,R,99999900.0,LLLYTLLIALLFVLLSLLILI,24329.24706439228,1239.5845142075812,22.52457889823848,0.03477433004766578,LLLYTLLIALLFVLLSLLILI,Mutant
LLLYVLLLTLLFALLSLLILI,LLLYVLLLTLLFILLSLLILI,Right,clash,14.3307,-270.755,62660000000.0,62660000000.0,-74.2801,-284.724,-387.289,4309.04,-49.6395,-28.285,3494.06,4309.46,42.5886,7.35511,3494.06,4309.46,42.5886,7.35511,-12.135,1.10011e+17,12,A,122.46689,5.665534347,,,,,0.1410558936698354,0.0873005751036811,R,99999900.0,LLLYVLLLTLLFALLSLLILI,23765.672740207803,1642.1247094804055,3.841675233250861,0.1730287503158836,LLLYVLLLTLLFALLSLLILI,Mutant
LLLYVLLLTLLFALLSLLILI,LLLYVLLLILLFALLSLLILI,Right,clash,14.3001,-267.545,2503840.0,2503540.0,-60.5111,-281.577,-375.626,4292.92,-45.1334,-33.5385,3504.22,4293.73,52.8488,15.7258,3494.06,4309.46,76.0394,22.088,-12.135,1.10011e+17,8,T,115.6038,11.97429978,,,,,0.1478442816406061,0.1196864294300618,R,99999900.0,LLLYVLLLTLLFALLSLLILI,23803.720209924744,1671.5809656147744,1.9776860658229565,0.1662403623451129,LLLYVLLLTLLFALLSLLILI,Mutant
LLLYVLLLTLLFALLSLLILI,LLLYVLLATLLFALLSLLILI,Right,void,,,,,,,,,,,3466.14,4238.58,58.2685,78.174,3494.06,4309.46,121.619,180.805,-12.135,1.1e+17,7,L,51.4214,60.32158549,3387.966,3313.255,74.711,4.0,0.2734316469813382,0.0525956523520771,R,99999900.0,LLLYVLLLTLLFALLSLLILI,24470.658417419403,1324.689740349659,23.100744206692816,0.0406529970043808,LLLYVLLLTLLFALLSLLILI,Mutant
LLLYVLLLTLLFALLSLLILI,LLLYVLLLTLLAALLSLLILI,Right,void,,,,,,,,,,,3503.8,4174.6,53.2943,32.0905,3494.06,4309.46,154.318,123.467,-12.135,1.1e+17,11,F,98.1773,24.63425344,3471.7095,3370.593,101.1165,4.0,0.304723937846338,0.0595489503360071,R,99999900.0,LLLYVLLLTLLFALLSLLILI,24628.06701411509,1203.1375580709937,33.5778363809578,0.009360706139381003,LLLYVLLLTLLFALLSLLILI,Mutant
LLLYILLTVLLALLLSFLILI,LLLYILLTVLLALLLIFLILI,Right,clash,21.9605,-282.597,168049.0,167738.0,-58.9404,-283.071,-367.123,4699.65,-49.8503,-25.1117,3978.05,4760.78,43.5405,17.6773,3976.37,4762.93,52.3903,19.5721,-9.91319,1.10011e+17,15,S,112.0431,13.62723211,,,,,0.1688242977161849,0.0671577845317077,R,99999900.0,LLLYILLTVLLALLLSFLILI,23880.13295320149,1261.4409017983703,12.260515058111778,0.09220541126324461,LLLYILLTVLLALLLSFLILI,Mutant
LLLYILLTVLLALLLSFLILI,LLLYILLIVLLALLLSFLILI,Right,clash,11.2089,-267.24,599.92,298.793,-60.4181,-285.231,-376.867,4302.51,-45.0955,-31.2175,3708.3,4249.19,58.7138,31.8991,3694.41,4284.91,88.9916,53.1783,-11.9934,1.10011e+17,7,T,97.6963,24.61437674,,,,,0.1896196436940509,0.0333773610173661,R,99999900.0,LLLYILLTVLLALLLSFLILI,24002.58983512825,1367.9919871951336,19.898238528031545,0.0714100652853786,LLLYILLTVLLALLLSFLILI,Mutant
LLLYILLTVLLALLLSFLILI,LLLYILLTVLLAALLSFLILI,Right,void,,,,,,,,,,,3704.39,4245.03,50.9626,87.8262,3694.41,4284.91,104.767,147.611,-11.9934,1.1e+17,12,L,41.9958,67.65124555,3616.5638,3546.799,69.7648,5.0,0.2421058656618682,0.0476445268558725,R,99999900.0,LLLYILLTVLLALLLSFLILI,24287.86970137213,1244.495970098614,21.658818108308733,0.018923843317561306,LLLYILLTVLLALLLSFLILI,Mutant
LLLYILLTVLLALLLSFLILI,LLLYILLTVLLALLLSALILI,Right,void,,,,,,,,,,,3885.37,4661.03,46.4816,89.808,3976.37,4762.93,138.402,268.635,-9.91319,1.1e+17,16,F,39.6548,69.36973401,3795.562,3707.735,87.827,5.0,0.2446614124191265,0.0987450333606395,R,99999900.0,LLLYILLTVLLALLLSFLILI,24265.48662383835,898.2353741945789,26.53133455816275,0.016368296560303003,LLLYILLTVLLALLLSFLILI,Mutant
LLLYILLTVLLALLLSFLILI,LLLYILLTVLLILLLSFLILI,Right,clash,21.9479,-284.63,1155440.0,1155130.0,-74.2457,-285.219,-381.322,4706.6,-49.8503,-21.857,3976.37,4762.93,47.4801,2.27156,3976.37,4762.93,47.4801,2.27156,-9.91319,1.10011e+17,11,A,127.99624,1.743761697,,,,,0.2466537148232888,0.113052925672145,R,99999900.0,LLLYILLTVLLALLLSFLILI,24284.194501461625,1133.055497216223,33.90755669254838,0.014375994156140715,LLLYILLTVLLALLLSFLILI,Mutant
LLLYSLLVALLFTLLFLLILI,LLLYSLLVALLFILLFLLILI,Right,clash,16.1619,-271.798,490616000.0,490616000.0,-45.0712,-278.562,-340.048,4371.05,-50.8396,-16.4144,3455.86,4373.18,45.1987,9.29838,3445.66,4379.2,66.4958,14.7663,-11.9863,1.10011e+17,12,T,120.52362,7.162406988,,,,,0.1214955301786257,0.0911210188485407,R,99999900.0,LLLYSLLVALLFTLLFLLILI,23601.928117419047,1149.705388571099,8.012203196000813,0.1104680238219813,LLLYSLLVALLFTLLFLLILI,Mutant
LLLYSLLVALLFTLLFLLILI,LLLYSLLVILLFTLLFLLILI,Right,clash,16.2145,-275.008,1240260.0,1239950.0,-58.8425,-281.82,-350.94,4392.16,-55.3444,-10.2774,3445.66,4379.2,50.9678,5.76973,3445.66,4379.2,50.9678,5.76973,-11.9863,1.10011e+17,8,A,125.55987,4.393320318,,,,,0.1415576127803188,0.0935483768746067,R,99999900.0,LLLYSLLVALLFTLLFLLILI,23790.58768033581,1859.7517164417263,3.975079592538736,0.0904059412202882,LLLYSLLVALLFTLLFLLILI,Mutant
LLLYSLLVALLFTLLFLLILI,LLLYSLLVALLFTLLALLILI,Right,void,,,,,,,,,,,3479.2,4264.61,50.5073,38.5812,3445.66,4379.2,140.824,110.244,-11.9863,1.1e+17,15,F,91.1392,29.74181393,3440.6188,3335.416,105.2028,4.0,0.2944349448005698,0.0409606219197996,R,99999900.0,LLLYSLLVALLFTLLFLLILI,24577.65173959824,1248.7666474688708,30.438896865329447,-0.062471390799962806,LLLYSLLVALLFTLLFLLILI,Mutant
LLLYLLLATLLAFLLSILILI,LLLYLLLATLLIFLLSILILI,Right,clash,13.3118,-267.467,68669400.0,68669100.0,-74.0792,-281.752,-378.744,4336.96,-49.5568,-22.9126,3549.44,4227.81,50.8928,3.81324,3549.44,4227.81,50.8928,3.81324,-11.9084,1.10011e+17,11,A,126.45456,2.927231442,,,,,0.0768781184583143,0.0708202310468786,R,99999900.0,LLLYLLLATLLAFLLSILILI,23386.814271268257,1440.0328725422696,0.3156879736495926,0.17772729042842042,LLLYLLLATLLAFLLSILILI,Mutant
LLLYLLLATLLAFLLSILILI,LLLYLLLITLLAFLLSILILI,Right,clash,13.6262,-267.457,12008.5,11705.1,-74.0792,-281.391,-378.358,4318.79,-49.5568,-22.8875,3549.44,4227.81,56.9481,22.1747,3549.44,4227.81,56.9481,22.1747,-11.9084,1.10011e+17,7,A,126.45456,2.927231442,,,,,0.2449599521688273,0.01536555765061,R,99999900.0,LLLYLLLATLLAFLLSILILI,24312.03196278492,1338.4260122484186,23.30645274584113,0.009645456717907425,LLLYLLLATLLAFLLSILILI,Mutant
LLLYLLLATLLAFLLSILILI,LLLYLLLATLLAALLSILILI,Right,void,,,,,,,,,,,3541.34,4149.43,46.1445,67.0666,3549.44,4227.81,128.272,176.139,-11.9084,1.1e+17,12,F,97.7372,24.71445518,3474.2734,3373.301,100.9724,5.0,0.2678279678590252,0.0886944313565072,R,99999900.0,LLLYLLLATLLAFLLSILILI,24407.53060463993,1105.5854767359335,33.39339400759056,-0.013222558972290466,LLLYLLLATLLAFLLSILILI,Mutant
LLLYLLLATLLAFLLSILILI,LLLYALLATLLAFLLSILILI,Right,void,,,,,,,,,,,3586.63,4138.77,55.6657,54.2781,3549.44,4227.81,124.332,98.2192,-11.9084,1.1e+17,4,L,84.1971,39.19698256,3532.3519,3451.2208,81.1311,5.0,0.3205050481976036,0.0107461734050656,R,99999900.0,LLLYLLLATLLAFLLSILILI,24746.54788703625,1477.7456356152666,29.94094541113161,-0.0658996393108689,LLLYLLLATLLAFLLSILILI,Mutant
LLLYLLLATLLAVLLSFLILI,LLLYLLLATLLIVLLSFLILI,Right,clash,24.4292,-279.781,1908.48,1603.55,-74.1676,-281.144,-369.572,4722.14,-49.5736,-14.2604,4088.09,4793.45,53.5687,13.2704,4088.09,4793.45,53.5687,13.2704,-6.11924,1.10011e+17,11,A,116.9974,10.18701475,,,,,0.1769887277535939,0.0739455706537368,R,99999900.0,LLLYLLLATLLAVLLSFLILI,23891.74023607805,947.88523046187,22.67106025313372,0.07620354043299352,LLLYLLLATLLAVLLSFLILI,Mutant
LLLYLLLATLLAVLLSFLILI,LLLYLLLITLLAVLLSFLILI,Right,clash,24.8392,-279.755,1530.81,1226.32,-74.1676,-281.097,-369.87,4707.87,-49.5736,-14.606,4088.09,4793.45,57.3621,56.5718,4088.09,4793.45,57.3621,56.5718,-6.11924,1.10011e+17,7,A,116.9974,10.18701475,,,,,0.2186908039293701,0.0501736418671932,R,99999900.0,LLLYLLLATLLAVLLSFLILI,24167.92207917973,1347.298208413774,17.094746520130492,0.03450146425721731,LLLYLLLATLLAVLLSFLILI,Mutant
LLLYLLLATLLAVLLSFLILI,LLLYLLLATLLAVLLSALILI,Right,void,,,,,,,,,,,4026.81,4691.43,40.9163,81.0167,4088.09,4793.45,133.903,242.993,-6.11924,1.1e+17,16,F,48.4461,62.5791347,3945.7933,3845.097,100.6963,4.0,0.2666351168660228,0.0330267912996743,R,99999900.0,LLLYLLLATLLAVLLSFLILI,24424.206783354584,1252.5971259906205,26.56306175609214,-0.013442848679435404,LLLYLLLATLLAVLLSFLILI,Mutant
LLLYLLLATLLAVLLSFLILI,LLLYALLATLLAVLLSFLILI,Right,void,,,,,,,,,,,4129.48,4732.28,53.9776,80.5349,4088.09,4793.45,112.731,104.906,-6.11924,1.1e+17,4,L,57.9403,58.15835615,4048.9451,3983.184,65.7611,4.0,0.2912909246713906,0.0388871023552832,R,99999900.0,LLLYLLLATLLAVLLSFLILI,24565.622775192955,1319.5247528635246,30.33066461885784,-0.038098656484803206,LLLYLLLATLLAVLLSFLILI,Mutant
LLLYLLLATLLAVLLSFLILI,LLLALLLATLLAVLLSFLILI,Right,void,,,,,,,,,,,3450.18,4078.65,60.0818,109.376,3639.93,4269.05,181.393,351.558,-11.7436,1.1e+17,3,Y,60.3548,64.44086754,3340.804,3288.372,52.432,4.0,0.3796962456748201,0.0385573947860753,R,99999900.0,LLLYLLLATLLAVLLSFLILI,25083.052486463243,1577.0266410291547,37.0350328649501,-0.12650397748823267,LLLYLLLATLLAVLLSFLILI,Mutant
LLLYVLLIALLFTLLSLLILI,LLLYVLLIALLFILLSLLILI,Right,clash,13.1338,-266.258,2132530.0,2132230.0,-60.4556,-281.893,-370.198,4316.97,-45.0941,-27.8494,3501.08,4280.83,46.0815,8.32775,3493.18,4289.61,68.4615,15.8623,-11.4802,1.10011e+17,12,T,121.49425,6.414744804,,,,,0.1264964458355872,0.0984555920094537,R,99999900.0,LLLYVLLIALLFTLLSLLILI,23608.80560518213,944.4223903042692,12.219741987835278,0.1343441408144704,LLLYVLLIALLFTLLSLLILI,Mutant
LLLYVLLIALLFTLLSLLILI,LLLYVLLIILLFTLLSLLILI,Right,clash,13.1701,-269.467,468044.0,467738.0,-74.1173,-285.897,-382.826,4298.51,-49.6004,-22.8118,3493.18,4289.61,50.0102,10.9247,3493.18,4289.61,50.0102,10.9247,-11.4802,1.10011e+17,8,A,120.4049,8.318535958,,,,,0.2117601858287626,0.1421585709701621,R,99999900.0,LLLYVLLIALLFTLLSLLILI,24083.35694043331,1033.2547708510765,18.16702233251516,0.049080400821295,LLLYVLLIALLFTLLSLLILI,Mutant
LLLYVLLIALLFTLLSLLILI,LLLYVLLAALLFTLLSLLILI,Right,void,,,,,,,,,,,3495.83,4240.02,58.4467,87.2683,3493.18,4289.61,110.569,162.303,-11.4802,1.1e+17,7,I,42.3271,67.33904135,3408.5617,3330.877,77.6847,4.0,0.2582250361031958,0.0169024712948701,R,99999900.0,LLLYVLLIALLFTLLSLLILI,24386.32564616845,1340.9824489690643,24.557253512101333,0.0026155505468618,LLLYVLLIALLFTLLSLLILI,Mutant
LLLYTLLVLLLAFLLSILILI,LLLYTLLVLLLIFLLSILILI,Right,clash,27.3005,-285.414,3560070000.0,3560070000.0,-60.3747,-285.785,-374.686,4732.17,-45.1009,-28.5264,4066.36,4808.73,49.1969,8.76514,4066.36,4808.73,49.1969,8.76514,-22.8958,1.10011e+17,11,A,121.50266,6.728554562,,,,,0.1319180316727029,0.0189179795047539,R,99999900.0,LLLYTLLVLLLAFLLSILILI,23690.18834076484,1412.336542359362,9.938496037229404,0.17830653920834458,LLLYTLLVLLLAFLLSILILI,Mutant
LLLYTLLVLLLAFLLSILILI,LLLYTLLVLLLAFLLIILILI,Right,clash,27.301,-283.384,1764.91,1463.73,-45.1009,-283.682,-359.541,4738.63,-45.1009,-30.7581,4068.38,4805.55,39.2739,3.46032,4066.36,4808.73,48.8784,3.67969,-22.8958,1.10011e+17,15,S,126.26008,2.667521839,,,,,0.2338127566816226,0.028375345133821,R,99999900.0,LLLYTLLVLLLAFLLSILILI,24259.987939989303,1468.6049285322388,22.696553146737102,0.07641181419942489,LLLYTLLVLLLAFLLSILILI,Mutant
LLLYTLLVLLLAFLLSILILI,LLLYTLLILLLAFLLSILILI,Right,clash,15.0769,-266.988,338.407,41.4073,-60.3441,-283.144,-374.961,4293.83,-45.0894,-31.4728,3736.83,4228.66,54.8576,26.5017,3725.68,4253.44,81.4389,31.3781,-11.0904,1.10011e+17,7,V,103.0937,20.44956843,,,,,0.290916527322713,0.0120474527454868,R,99999900.0,LLLYTLLVLLLAFLLSILILI,24578.97143459676,1435.7829510230313,25.90710515732034,0.019308043558334487,LLLYTLLVLLLAFLLSILILI,Mutant
LLLYTLLVLLLAFLLSILILI,LLLYTLLVLLLAALLSILILI,Right,void,,,,,,,,,,,3670.57,4145.29,45.976,76.9556,3725.68,4253.44,139.101,236.38,-11.0904,1.1e+17,12,F,52.8664,59.27778035,3593.6144,3489.3,104.3144,4.0,0.3770944103702412,0.076996469512518,R,99999900.0,LLLYTLLVLLLAFLLSILILI,25030.91445196045,1218.7189486582706,41.99468754281039,-0.06686983948919373,LLLYTLLVLLLAFLLSILILI,Mutant
LLLYTLLVLLLAFLLSILILI,LLLYTLLVALLAFLLSILILI,Right,void,,,,,,,,,,,3748.27,4194.27,58.7739,73.8705,3725.68,4253.44,117.18,119.66,-11.0904,1.1e+17,8,L,57.4591,56.24817254,3674.3995,3606.02,68.3795,4.0,0.378520037930431,0.0190674256681037,R,99999900.0,LLLYTLLVLLLAFLLSILILI,25070.906724028475,1468.8699159780838,34.20054985921618,-0.0682954670493835,LLLYTLLVLLLAFLLSILILI,Mutant
LLLSYLLVALLTFLLTLLILI,LLLSALLVALLTFLLTLLILI,Right,void,,,,,,,,,,,3503.12,4025.48,56.6349,60.3954,3459.21,4148.23,164.524,172.368,-11.0706,1.1e+17,4,Y,78.0798,43.61459669,3442.7246,3286.842,155.8826,4.0,0.4200343013280476,0.0703560129967653,R,99999900.0,LLLSYLLVALLTFLLTLLILI,25285.492278958,1305.2480203189057,38.20867188335269,3.622398413307019,LLLSYLLVALLTFLLTLLILI,Mutant
LLLSYLLVALLTFLLTLLILI,LLLIYLLVALLTFLLTLLILI,Right,clash,24.5309,-264.884,15294000.0,15293700.0,-72.693,-282.139,-373.568,4244.03,-55.406,-18.736,3456.5,4136.68,60.4773,50.9314,3459.21,4148.23,72.1068,72.1318,-11.0706,1.10011e+17,3,S,118.7994,30.00716429,,,,,0.439237091139984,0.1242051256422794,R,99999900.0,LLLSYLLVALLTFLLTLLILI,25381.82043521419,1264.5876953224383,38.23323342523916,3.6031956234950826,LLLSYLLVALLTFLLTLLILI,Mutant
LLLSYLLVALLTFLLTLLILI,LLLSYLLIALLTFLLTLLILI,Right,clash,18.1379,-273.38,1070710000.0,1070710000.0,-72.693,-281.808,-373.486,4223.09,-55.2152,-18.9846,3476.92,4128.64,51.759,25.6288,3459.21,4148.23,81.085,44.5237,-11.0706,1.10011e+17,7,V,103.9666,19.77601057,,,,,0.9026798812529964,0.1559766219577523,R,99999900.0,LLLSYLLVALLTFLLTLLILI,27977.37498431079,1377.7948800016393,84.43472417074075,3.13975283338207,LLLSYLLVALLTFLLTLLILI,Mutant
LLLSYLLVALLTFLLTLLILI,LLLSYLLVALLTALLTLLILI,Right,void,,,,,,,,,,,3430.19,4070.91,47.0377,72.0985,3459.21,4148.23,131.389,214.341,-11.0706,1.1e+17,12,F,57.7235,55.5364268,3358.0915,3244.869,113.2225,4.0,1.115370816163151,0.2189941919798902,R,99999900.0,LLLSYLLVALLTFLLTLLILI,29149.2671289981,1335.6622215341636,106.0496703913358,2.9270618984719157,LLLSYLLVALLTFLLTLLILI,Mutant
LLLYLLLATLLFVLLSILILI,LLLYLLLATLLFILLSILILI,Right,clash,20.0652,-280.317,1459600.0,1459290.0,-74.2091,-282.452,-376.507,4713.53,-49.5771,-19.8457,3908.85,4812.33,43.6775,10.1944,3893.45,4822.77,66.6535,25.3588,-19.396,1.10011e+17,12,V,119.6276,7.852598173,,,,,0.1738528073269685,0.0062049417919907,R,99999900.0,LLLYLLLATLLFVLLSILILI,23919.04340431875,1377.750138431951,15.98543841389721,0.14683778674380038,LLLYLLLATLLFVLLSILILI,Mutant
LLLYLLLATLLFVLLSILILI,LLLYLLLATLLFVLLSALILI,Right,void,,,,,,,,,,,3513.49,4251.9,56.0544,110.381,3528.46,4277.22,96.374,183.427,-10.9951,1.1e+17,16,I,19.0818,85.26078534,3403.109,3345.033,58.076,4.0,0.1968778288172316,0.0476536716677066,R,99999900.0,LLLYLLLATLLFVLLSLLILI,24039.07327477649,1276.8278835689189,16.132053649169496,0.1238127652535373,LLLYLLLATLLFVLLSILILI,Mutant
LLLYLLLATLLFVLLSILILI,LLLYLLLAILLFVLLSILILI,Right,clash,15.7332,-268.806,19163200.0,19162900.0,-60.44,-280.826,-371.075,4325.66,-45.0716,-29.8088,3539.04,4246.04,58.23,10.5101,3528.46,4277.22,86.2434,14.0134,-10.9951,1.10011e+17,8,T,120.8195,8.002841705,,,,,0.2119047907485103,0.1072423740754543,R,99999900.0,LLLYLLLATLLFVLLSILILI,24075.86179335025,837.1345252693199,23.7103318764005,0.1087858033222586,LLLYLLLATLLFVLLSILILI,Mutant
LLLYLLLATLLFVLLSILILI,LLLYLLLATLLFVLLIILILI,Right,clash,20.0672,-280.907,1359770.0,1359460.0,-58.8452,-282.972,-365.366,4743.7,-49.5771,-23.5486,3900.68,4835.58,34.5589,12.5913,3893.45,4822.77,35.7152,12.9229,-19.396,1.10011e+17,15,S,117.1291,9.706491809,,,,,0.3035396526123509,0.0104929757795961,R,99999900.0,LLLYLLLATLLFVLLSILILI,24653.16725156864,1490.4181221837696,28.101473995018427,0.017150941458418,LLLYLLLATLLFVLLSILILI,Mutant
LLLYSLLLALLATLLVFLILI,LLLYSLLAALLATLLVFLILI,Right,void,,,,,,,,,,,3515.12,4192.47,59.5193,63.5623,3499.14,4242.47,116.326,131.704,-10.482,1.1e+17,7,L,66.0331,49.04672542,3451.5577,3367.436,84.1217,5.0,0.1276670967095241,0.0303573241658793,R,99999900.0,LLLYSLLLALLATLLVFLILI,23645.27981902047,1240.8046549754213,14.591696116458143,0.1166780789920974,LLLYSLLLALLATLLVFLILI,Mutant
LLLYSLLLALLATLLVFLILI,LLLYILLLALLATLLVFLILI,Right,clash,31.7368,-274.247,127109000.0,127109000.0,-58.8092,-274.31,-356.383,4310.5,-49.5342,-23.2639,3507.19,4243.51,58.2056,6.62477,3499.14,4242.47,62.2648,10.574,-10.482,1.10011e+17,4,S,131.85043,4.784084081,,,,,0.1886398557978826,0.0937707585119543,R,99999900.0,LLLYSLLLALLATLLVFLILI,23955.99273964787,933.0601933401704,19.58079307085518,0.05570531990373892,LLLYSLLLALLATLLVFLILI,Mutant
LLLYSLLLALLATLLVFLILI,LLLYSLLLALLITLLVFLILI,Right,clash,24.2334,-279.357,663.567,352.62,-58.8092,-276.338,-360.121,4311.02,-55.8229,-24.9738,3499.14,4242.47,52.2833,39.1866,3499.14,4242.47,52.2833,39.1866,-10.482,1.10011e+17,11,A,103.1834,21.43172598,,,,,0.2082763987897413,0.0532140252171375,R,99999900.0,LLLYSLLLALLATLLVFLILI,24082.41392082339,1109.5090050473923,23.91551118557141,0.03606877691188021,LLLYSLLLALLATLLVFLILI,Mutant
LLLYSLLLALLATLLVFLILI,LLLYSLLLALLATLLVALILI,Right,void,,,,,,,,,,,3417.59,4096.45,54.7962,100.423,3499.14,4242.47,153.727,260.969,-10.482,1.1e+17,16,F,29.0398,77.56900052,3317.167,3238.171,78.996,5.0,0.3214884614501865,0.0106302131423152,R,99999900.0,LLLYSLLLALLATLLVFLILI,24753.63285353192,1494.1643418037736,29.88073855236785,-0.077143285748565,LLLYSLLLALLATLLVFLILI,Mutant
LLLYVLLTALLFALLSLLILI,LLLYVLLTALLFILLSLLILI,Right,clash,21.972,-278.952,57656.2,57349.7,-74.2172,-281.5,-372.735,4711.06,-49.5782,-17.0179,3892.52,4808.15,46.5745,3.12325,3892.52,4808.15,46.5745,3.12325,-10.0167,1.10011e+17,12,A,126.69875,2.405794087,,,,,0.1641556668710503,0.084475233432541,R,99999900.0,LLLYVLLTALLFALLSLLILI,23819.86634766826,999.2839716884796,23.54947431023088,0.1583557909520039,LLLYVLLTALLFALLSLLILI,Mutant
LLLYVLLTALLFALLSLLILI,LLLYVLLTILLFALLSLLILI,Right,clash,22.0023,-278.952,21214400.0,21214100.0,-74.216,-281.462,-373.011,4700.54,-49.5782,-17.3339,3892.52,4808.15,51.2987,6.03915,3892.52,4808.15,51.2987,6.03915,-10.0167,1.10011e+17,8,A,126.69875,2.405794087,,,,,0.2379139111773461,0.0680686313098914,R,99999900.0,LLLYVLLTALLFALLSLLILI,24260.794499254884,1216.6448523527838,20.36312495452627,0.0845975466457081,LLLYVLLTALLFALLSLLILI,Mutant
LLLYVLLTALLFALLSLLILI,LLLYVLLTALLFALLSALILI,Right,void,,,,,,,,,,,3472.63,4171.6,58.3707,84.7794,3438.14,4238.95,118.771,114.459,-10.4337,1.1e+17,16,L,44.6834,65.48552943,3387.8506,3323.681,64.1696,4.0,0.2687455504667199,0.0197017934214337,R,99999900.0,LLLYVLLTALLFALLSLLILI,24460.272844305644,1479.4245707592058,22.49003997281493,0.0537659073563343,LLLYVLLTALLFALLSLLILI,Mutant
LLLYVLLTALLFALLSLLILI,LLLYVLLTALLAALLSLLILI,Right,void,,,,,,,,,,,3460.44,4116.66,51.7057,44.2816,3438.14,4238.95,146.777,135.737,-10.4337,1.1e+17,11,F,85.9862,33.99274418,3416.1584,3302.403,113.7554,4.0,0.4142675128165186,0.0217139170126954,R,99999900.0,LLLYVLLTALLFALLSLLILI,25267.977360327608,1454.3398798898727,38.90598316789553,-0.0917560549934644,LLLYVLLTALLFALLSLLILI,Mutant
LLLYSLLIALLFVLLTLLILI,LLLYSLLIILLFVLLTLLILI,Right,clash,15.1316,-272.34,1416580.0,1416270.0,-58.8796,-284.867,-370.249,4354.08,-55.3829,-26.5032,3478.85,4296.13,50.64,5.915,3478.85,4296.13,50.64,5.915,-10.2014,1.10011e+17,8,A,125.4146,4.503935137,,,,,0.1909674571497162,0.1276400622279802,R,99999900.0,LLLYSLLIALLFVLLTLLILI,23963.260064396924,946.9434419214574,17.995955626298322,0.09260940578523619,LLLYSLLIALLFVLLTLLILI,Mutant
LLLYSLLIALLFVLLTLLILI,LLLYSLLIALLFILLTLLILI,Right,clash,15.0856,-269.72,40305.4,39995.2,-58.8983,-281.172,-365.845,4378.46,-55.6025,-25.7746,3492.89,4286.72,45.3437,10.685,3478.85,4296.13,72.7115,22.4826,-10.2014,1.10011e+17,12,V,119.137,8.230500223,,,,,0.2408598895083741,0.0287199621872165,R,99999900.0,LLLYSLLIALLFVLLTLLILI,24309.452679883245,1522.8353486207686,18.78994489916166,0.04271697342657829,LLLYSLLIALLFVLLTLLILI,Mutant
LLLYSLLIALLFVLLTLLILI,LLLYSLLAALLFVLLTLLILI,Right,void,,,,,,,,,,,3498.38,4245.75,59.5451,66.4605,3478.85,4296.13,112.202,118.086,-10.2014,1.1e+17,7,I,63.1349,51.28307023,3431.9195,3360.764,71.1555,4.0,0.2434812446179053,0.0238833611511021,R,99999900.0,LLLYSLLIALLFVLLTLLILI,24323.626106919364,1521.190904281789,19.484388201061737,0.04009561831704708,LLLYSLLIALLFVLLTLLILI,Mutant
LLLYSLLIALLFVLLTLLILI,LLLYSLLIALLAVLLTLLILI,Right,void,,,,,,,,,,,3478.76,4158.43,50.8489,42.7922,3478.85,4296.13,152.393,138.743,-10.2014,1.1e+17,11,F,87.4756,32.84940714,3435.9678,3340.107,95.8608,4.0,0.4567912115504641,0.0706297331098437,R,99999900.0,LLLYSLLIALLFVLLTLLILI,25487.55405389754,1275.2046615724817,43.0716032708365,-0.17321434861551172,LLLYSLLIALLFVLLTLLILI,Mutant
LLLYSLLLTLLATLLVFLILI,LLLYSLLLILLATLLVFLILI,Right,clash,12.3732,-269.695,3137.48,2825.9,-58.8316,-276.353,-360.228,4305.16,-54.2562,-25.0433,3557.82,4247.2,53.7326,28.1462,3551.46,4274.56,82.4523,44.5955,-10.0894,1.10011e+17,8,T,103.1834,21.43172598,,,,,0.1435608789564068,0.0771168973169776,R,99999900.0,LLLYSLLLALLATLLVFLILI,23712.23192218129,999.658673781342,14.11735625403511,0.06335148236983582,LLLYSLLLTLLATLLVFLILI,Mutant
LLLYSLLLTLLATLLVFLILI,LLLYILLLTLLATLLVFLILI,Right,clash,14.5037,-270.204,23744300.0,23743900.0,-72.6098,-277.51,-367.936,4310.2,-54.0892,-17.8171,3558.41,4266.89,50.2552,18.0381,3551.46,4274.56,60.6224,19.6047,-10.0894,1.10011e+17,4,S,120.4371,13.02623141,,,,,0.1621767761855316,0.0985634689768956,R,99999900.0,LLLYSLLLTLLATLLVFLILI,23824.129289064,1113.1313666017586,12.676663362084929,0.04473558514071099,LLLYSLLLTLLATLLVFLILI,Mutant
LLLYSLLLTLLATLLVFLILI,LLLYSLLATLLATLLVFLILI,Right,void,,,,,,,,,,,3560.41,4221.4,59.3496,72.1474,3551.46,4274.56,117.938,151.499,-10.0894,1.1e+17,7,L,57.448,55.67126611,3488.2626,3399.961,88.3016,4.0,0.1867687375852818,0.0525323167251723,R,99999900.0,LLLYSLLLTLLATLLVFLILI,23993.908224545383,1385.125961311265,13.1091165304669,0.020143623740960792,LLLYSLLLTLLATLLVFLILI,Mutant
LLLYSLLLTLLATLLVFLILI,LLLYSLLLTLLATLLVALILI,Right,void,,,,,,,,,,,3472.37,4125.67,53.9991,97.4814,3551.46,4274.56,153.666,260.712,-10.0894,1.1e+17,16,F,31.9814,75.29684203,3374.8886,3290.748,84.1406,4.0,0.2554796769793663,0.0462128895436948,R,99999900.0,LLLYSLLLTLLATLLVFLILI,24353.047441593964,1171.2135330868518,27.08508345247123,-0.048567315653123694,LLLYSLLLTLLATLLVFLILI,Mutant
LLLYILLTALLVALLSLLILI,LLLYILLTALLVILLSLLILI,Right,clash,14.4868,-262.966,968631000.0,968630000.0,-74.2538,-280.285,-391.428,4271.08,-49.8265,-36.8893,3461.01,4177.87,43.369,5.21178,3461.01,4177.87,43.369,5.21178,-10.0714,1.10011e+17,12,A,124.61022,4.014558395,,,,,0.1029730941840246,0.1294401466037204,R,99999900.0,LLLYILLTALLVALLSLLILI,23577.50296412705,2014.772784796484,6.503183541644993,0.21987758354929826,LLLYILLTALLVALLSLLILI,Mutant
LLLYILLTALLVALLSLLILI,LLLYILLTILLVALLSLLILI,Right,clash,14.5359,-262.966,6407730000.0,6407730000.0,-74.2582,-279.936,-390.947,4272.59,-49.8265,-36.7524,3461.01,4177.87,50.0699,6.64661,3461.01,4177.87,50.0699,6.64661,-10.0714,1.10011e+17,8,A,124.61022,4.014558395,,,,,0.2085999205094699,0.0607399703614777,R,99999900.0,LLLYILLTALLVALLSLLILI,24079.4870566584,1039.147544505833,22.61874650500736,0.11425075722385297,LLLYILLTALLVALLSLLILI,Mutant
LLLYILLTALLVALLSLLILI,LLLYILLTALLVALLSALILI,Right,void,,,,,,,,,,,3520.71,4111.62,58.8279,103.235,3461.01,4177.87,118.816,116.22,-10.0714,1.1e+17,16,L,26.2278,79.74105303,3417.475,3344.79,72.685,4.0,0.2503581172686802,0.0466130715999672,R,99999900.0,LLLYILLTALLVALLSLLILI,24339.226064270453,1296.2156529549889,21.56633481991913,0.0724925604646427,LLLYILLTALLVALLSLLILI,Mutant
LLLYILLTALLVALLSLLILI,LLLYALLTALLVALLSLLILI,Right,void,,,,,,,,,,,3492.1,4119.14,59.4727,70.6316,3461.01,4177.87,114.125,94.7792,-10.0714,1.1e+17,4,I,67.8436,51.00667845,3421.4684,3366.2308,55.2376,4.0,0.3829181011918309,0.0174936397076247,R,99999900.0,LLLYILLTALLVALLSLLILI,25093.442816176048,1464.4777724091607,36.28567245550391,-0.06006742345850802,LLLYILLTALLVALLSLLILI,Mutant
LLLLVLLITLLFALLSYLILI,LLLLVLLITLLAALLSYLILI,Right,void,,,,,,,,,,,3355.73,4166.07,51.5819,29.8036,3346.51,4296.3,151.221,117.218,-9.96489,1.1e+17,11,F,100.4642,22.878716,3325.9264,3229.292,96.6344,4.0,0.1959058029835804,0.0528795702696075,R,99999900.0,LLLLVLLITLLFALLSYLILI,24062.08506373045,1549.145345189477,12.364021045712809,0.13806090775101587,LLLLVLLITLLFALLSYLILI,Mutant
LLLLVLLITLLFALLSYLILI,LLLLVLLITLLFILLSYLILI,Right,clash,13.6906,-270.004,1567000.0,1566700.0,-74.2421,-290.41,-386.513,4255.13,-49.5927,-21.8611,3346.51,4296.3,38.5036,2.16117,3346.51,4296.3,38.5036,2.16117,-9.96489,1.10011e+17,12,A,127.66083,1.664717844,,,,,0.2302529049560514,0.0431722851791293,R,99999900.0,LLLLVLLITLLFALLSYLILI,24213.65515996997,1195.5394694558163,25.07518448284264,0.10371380577854486,LLLLVLLITLLFALLSYLILI,Mutant
LLLLVLLITLLFALLSYLILI,LLLLVLLITLLFALLIYLILI,Right,clash,13.6937,-267.974,25503200.0,25502900.0,-58.8582,-278.247,-362.88,4282.4,-49.5927,-25.7744,3349.48,4299.86,54.825,4.88697,3346.51,4296.3,59.836,5.04716,-9.96489,1.10011e+17,15,S,124.83343,3.767310307,,,,,0.2399449531621881,0.067013358651195,R,99999900.0,LLLLVLLITLLFALLSYLILI,24302.255757370967,1503.4776299701812,16.141119503707838,0.09402175757240816,LLLLVLLITLLFALLSYLILI,Mutant
LLLLVLLITLLFALLSYLILI,LLLLVLLITLLFALLSALILI,Right,void,,,,,,,,,,,3360.01,4134.88,58.8398,90.4417,3346.51,4296.3,168.893,196.394,-9.96489,1.1e+17,16,Y,39.0211,69.85921825,3269.5683,3150.116,119.4523,4.0,0.3664132263683391,0.0746760614861131,R,99999900.0,LLLLVLLITLLFALLSYLILI,24997.538883269848,1418.2134878233037,29.993100950749856,-0.032446515633742845,LLLLVLLITLLFALLSYLILI,Mutant
LLLYSLLLILLAVLLTFLILI,LLLYSLLLILLAVLLIFLILI,Right,clash,16.5634,-275.057,494524000.0,494524000.0,-45.101,-276.761,-353.019,4347.94,-45.101,-31.1577,3618.56,4281.2,63.4824,31.5139,3589.79,4321.95,94.6841,31.4972,-9.72298,1.10011e+17,15,T,98.2065,24.29371171,,,,,0.1630640873221734,0.0309791325317564,R,99999900.0,LLLYSLLLILLAVLLTFLILI,23869.084904416017,1456.827713794926,11.553166773837525,0.0804779668473197,LLLYSLLLILLAVLLTFLILI,Mutant
LLLYSLLLILLAVLLTFLILI,LLLYSLLLILLIVLLTFLILI,Right,clash,16.5647,-278.267,6033.78,5722.44,-58.8872,-286.0,-370.959,4343.02,-49.6334,-26.0713,3589.79,4321.95,52.2279,30.8026,3589.79,4321.95,52.2279,30.8026,-9.72298,1.10011e+17,11,A,99.4652,23.64559776,,,,,0.2098626597590945,0.090427355437444,R,99999900.0,LLLYSLLLILLAVLLTFLILI,24118.83546691291,1376.570546881452,13.517010440265564,0.033679394410398605,LLLYSLLLILLAVLLTFLILI,Mutant
LLLYSLLLILLAVLLTFLILI,LLLYSLLLILLAVLLTALILI,Right,void,,,,,,,,,,,3471.22,4175.98,55.7692,90.9654,3589.79,4321.95,154.387,275.886,-9.72298,1.1e+17,16,F,38.4974,70.26373599,3380.2546,3313.904,66.3506,4.0,0.2468685991166529,0.1329067836233074,R,99999900.0,LLLYSLLLILLAVLLTFLILI,24254.42287116881,727.2837661765549,35.005582876274154,-0.0033265449471598096,LLLYSLLLILLAVLLTFLILI,Mutant
LLLYSLLLILLAVLLTFLILI,LLLYSLLAILLAVLLTFLILI,Right,void,,,,,,,,,,,3579.85,4270.57,59.6128,79.4109,3589.79,4321.95,117.848,174.575,-9.72298,1.1e+17,7,L,50.1845,61.27601751,3500.4391,3415.215,85.2241,4.0,0.2501339952377693,0.0622360284008964,R,99999900.0,LLLYSLLLILLAVLLTFLILI,24324.421687122744,1167.6748163601603,23.14738553215192,-0.006591941068276208,LLLYSLLLILLAVLLTFLILI,Mutant
LLLYLLLTTLLVALLSFLILI,LLLYLLLTTLLVILLSFLILI,Right,clash,12.6936,-268.359,270633000.0,270633000.0,-87.9947,-286.635,-386.925,4319.68,-54.115,-12.2949,3666.1,4302.98,52.8568,32.2334,3666.1,4302.98,52.8568,32.2334,-9.49437,1.10011e+17,12,A,97.5886,24.8289196,,,,,0.1088339570120245,0.0406583037997681,R,99999900.0,LLLYLLLTTLLVALLSFLILI,23535.951363253145,1156.821412908933,9.462705404703376,0.35419310177381946,LLLYLLLTTLLVALLSFLILI,Mutant
LLLYLLLTTLLVALLSFLILI,LLLYLLLTILLVALLSFLILI,Right,clash,12.6629,-265.149,270945000.0,270945000.0,-74.2268,-283.879,-378.41,4313.11,-49.6076,-20.3047,3684.04,4278.24,50.5561,15.4812,3666.1,4302.98,79.0627,19.2868,-9.49437,1.10011e+17,8,T,115.8484,11.78805083,,,,,0.217424910182984,0.140568508287065,R,99999900.0,LLLYLLLTTLLVALLSFLILI,24114.687239246552,1024.0716261569537,18.97028517972156,0.24560214860286,LLLYLLLTTLLVALLSFLILI,Mutant
LLLYLLLTTLLVALLSFLILI,LLLYLLLTTLLVALLSALILI,Right,void,,,,,,,,,,,3567.11,4156.3,58.438,115.368,3666.1,4302.98,157.959,290.99,-9.49437,1.1e+17,16,F,14.0948,89.11285713,3451.742,3375.11,76.632,4.0,0.2798195376415524,0.0267120883795202,R,99999900.0,LLLYLLLTTLLVALLSFLILI,24526.899433776947,1524.9632894642143,22.66208154096593,0.18320752114429162,LLLYLLLTTLLVALLSFLILI,Mutant
LLLYLLLTTLLVALLSFLILI,LLLALLLTTLLVALLSFLILI,Right,void,,,,,,,,,,,3477.35,4113.05,55.3785,110.779,3666.1,4302.98,176.75,352.934,-9.49437,1.1e+17,3,Y,58.9518,65.26747061,3366.571,3313.166,53.405,4.0,0.3622820531537121,0.0150785364442437,R,99999900.0,LLLYLLLTTLLVALLSFLILI,24981.23144836644,1498.0425233566805,34.185835336113946,0.1007450056321319,LLLYLLLTTLLVALLSFLILI,Mutant
LLLYILLFTLLAVLLSLLILI,LLLYILLFTLLIVLLSLLILI,Right,clash,10.4288,-267.232,7273.03,6966.61,-74.2356,-285.647,-384.98,4316.32,-49.6168,-25.0977,3532.31,4290.0,43.97,10.3462,3532.31,4290.0,43.97,10.3462,-9.4384,1.10011e+17,11,A,119.9216,7.942254341,,,,,0.1706167522853475,0.1033498767751508,R,99999900.0,LLLYILLFTLLAVLLSLLILI,23842.80041760417,870.7940206482017,25.822299931827587,0.03054279059469328,LLLYILLFTLLAVLLSLLILI,Mutant
LLLYILLFTLLAVLLSLLILI,LLLYILLFTLLAVLLILLILI,Right,clash,10.4306,-265.201,1638840.0,1638540.0,-58.8846,-277.183,-363.399,4323.58,-49.6168,-27.3312,3534.37,4281.54,59.2301,17.2038,3532.31,4290.0,69.8724,20.714,-9.4384,1.10011e+17,15,S,112.5166,13.26221627,,,,,0.2167774549111384,0.0304811003508944,R,99999900.0,LLLYILLFTLLAVLLSLLILI,24151.688867497,1335.9382508740475,22.56425071182821,-0.015617912031097608,LLLYILLFTLLAVLLSLLILI,Mutant
LLLYILLFTLLAVLLSLLILI,LLLYILLFTLLAVLLSALILI,Right,void,,,,,,,,,,,3546.36,4246.0,55.955,109.092,3532.31,4290.0,108.877,174.769,-9.4384,1.1e+17,16,L,20.3708,84.26513253,3437.268,3357.541,79.727,5.0,0.2225540111973707,0.0207916634587436,R,99999900.0,LLLYILLFTLLAVLLSLLILI,24182.18685057908,1286.5799906836487,21.34028146717693,-0.021394468317329912,LLLYILLFTLLAVLLSLLILI,Mutant
LLLYILLFTLLAVLLSLLILI,LLLYILLATLLAVLLSLLILI,Right,void,,,,,,,,,,,3548.0,4141.56,57.8154,50.986,3532.31,4290.0,157.86,147.445,-9.4384,1.1e+17,7,F,78.6094,39.3424458,3497.014,3384.865,112.149,5.0,0.2988426621300379,0.0240102380874083,R,99999900.0,LLLYILLATLLAFLLSLLILI,24639.033514891587,1589.0678986009923,24.473107446479563,-0.09768311924999712,LLLYILLFTLLAVLLSLLILI,Mutant
LLLFYLLITLLVALLSLLILI,LLLFYLLITLLVILLSLLILI,Right,clash,14.7953,-266.987,1463390000.0,1463390000.0,-74.2414,-284.862,-384.14,4325.43,-49.6302,-25.0365,3514.36,4231.67,42.6791,9.72562,3514.36,4231.67,42.6791,9.72562,-9.05665,1.10011e+17,12,A,120.09638,7.491503751,,,,,0.2009739173869389,0.0541083963319471,R,99999900.0,LLLFYLLITLLVALLSLLILI,24075.88398115396,1412.20697237786,14.107650879996289,0.14796161828600687,LLLFYLLITLLVALLSLLILI,Mutant
LLLFYLLITLLVALLSLLILI,LLLFYLLIILLVALLSLLILI,Right,clash,14.7522,-263.777,1458900000.0,1458900000.0,-60.4926,-281.452,-371.903,4333.61,-45.1306,-29.9586,3539.07,4208.57,50.1995,23.7784,3514.36,4231.67,77.9459,22.6527,-9.05665,1.10011e+17,8,T,107.5512,18.1058954,,,,,0.241170475275265,0.0438276124062495,R,99999900.0,LLLFYLLITLLVALLSLLILI,24273.42134034541,1164.8178658458892,24.962107726769243,0.10776506039768077,LLLFYLLITLLVALLSLLILI,Mutant
LLLFYLLITLLVALLSLLILI,LLLFYLLITLLVALLSALILI,Right,void,,,,,,,,,,,3572.59,4167.61,58.2201,97.7565,3514.36,4231.67,118.102,110.865,-9.05665,1.1e+17,16,L,31.7063,75.5093355,3474.8335,3403.495,71.3385,4.0,0.3013835282614239,0.0175132645582808,R,99999900.0,LLLFYLLITLLVALLSLLILI,24635.747709584,1418.3387069726505,26.931865508771,0.04755200741152188,LLLFYLLITLLVALLSLLILI,Mutant
LLLFYLLITLLVALLSLLILI,LLLFALLITLLVALLSLLILI,Right,void,,,,,,,,,,,3530.65,4084.36,48.7405,76.2326,3514.36,4231.67,160.644,140.943,-9.05665,1.1e+17,4,Y,62.2426,55.05144604,3454.4174,3373.417,81.0004,4.0,0.3857374040761395,0.005565853695129,R,99999900.0,LLLFYLLITLLVALLSLLILI,25119.1718929406,1561.2474824385652,35.18292711303051,-0.036801868403193716,LLLFYLLITLLVALLSLLILI,Mutant
LLLYLLLATLLAILLFSLILI,LLLYLLLITLLAILLFSLILI,Right,clash,13.8188,-266.982,54376700000.0,54376700000.0,-74.1693,-289.135,-385.411,4332.84,-49.5537,-22.1063,3526.06,4292.7,57.1135,61.7546,3526.06,4292.7,57.1135,61.7546,-8.91739,1.10011e+17,7,A,110.0025,15.55664562,,,,,0.0984202164679372,0.0785082839766839,R,99999900.0,LLLYLLLATLLAILLFSLILI,23479.267961126137,1192.08636793882,5.433329760481543,0.026717589949966897,LLLYLLLATLLAILLFSLILI,Mutant
LLLYLLLATLLAILLFSLILI,LLLYLLLATLLAILLASLILI,Right,void,,,,,,,,,,,3543.66,4126.97,63.2477,65.4982,3526.06,4292.7,167.324,160.512,-8.91739,1.1e+17,15,F,64.2222,50.49182704,3478.1618,3365.548,112.6138,4.0,0.1410737049581563,0.1042306985789855,R,99999900.0,LLLYLLLATLLAILLFSLILI,23702.339862823377,1222.2198813449131,22.74386378438336,-0.015935898540252208,LLLYLLLATLLAILLFSLILI,Mutant
LLLYLLLATLLAILLFSLILI,LLLYLLLATLLIILLFSLILI,Right,clash,13.4411,-267.002,707559000.0,707558000.0,-74.1693,-288.659,-382.549,4341.07,-49.5537,-19.7211,3526.06,4292.7,58.2938,20.2653,3526.06,4292.7,58.2938,20.2653,-8.91739,1.10011e+17,11,A,110.0025,15.55664562,,,,,0.1440441644247607,0.028950990226683,R,99999900.0,LLLYLLLATLLAILLFSLILI,23732.901945787937,1170.379472527233,14.521184775727692,-0.01890635800685661,LLLYLLLATLLAILLFSLILI,Mutant
LLLYLLLATLLAILLFSLILI,LLLYALLATLLAILLFSLILI,Right,void,,,,,,,,,,,3555.27,4203.45,58.2911,61.265,3526.06,4292.7,127.012,94.849,-8.91739,1.1e+17,4,L,77.2102,44.24257918,3494.005,3431.211,62.794,4.0,0.1900191432536167,0.0489949886843862,R,99999900.0,LLLYLLLATLLAILLFSLILI,23989.15620799929,1221.0344729571498,22.21051661210956,-0.06488133683571262,LLLYLLLATLLAILLFSLILI,Mutant
LLLYTLLISLLFVLLALLILI,LLLYTLLIILLFVLLALLILI,Right,clash,16.6843,-272.625,2883730.0,2883430.0,-45.0785,-280.203,-358.168,4319.29,-45.0785,-32.8856,3470.48,4302.84,46.8572,11.1783,3467.06,4301.75,52.3656,11.9685,-8.81999,1.10011e+17,8,S,120.1513,8.511637894,,,,,0.2073302419387181,0.0510892478594973,R,99999900.0,LLLYTLLISLLFVLLALLILI,24139.12568444628,1698.220604917179,14.566500137243224,0.10710468189522329,LLLYTLLISLLFVLLALLILI,Mutant
LLLYTLLISLLFVLLALLILI,LLLYTLLISLLFILLALLILI,Right,clash,16.638,-272.036,10477600.0,10477300.0,-60.3764,-279.38,-368.512,4305.86,-45.0785,-28.7552,3484.0,4291.47,46.0577,11.6793,3467.06,4301.75,73.7422,29.8146,-8.81999,1.10011e+17,12,V,118.1427,8.996395064,,,,,0.2276949577509212,0.0536086543966899,R,99999900.0,LLLYTLLISLLFVLLALLILI,24230.65962619042,1467.5807070956648,16.16969053035848,0.0867399660830202,LLLYTLLISLLFVLLALLILI,Mutant
LLLYTLLISLLFVLLALLILI,LLLYTLLASLLFVLLALLILI,Right,void,,,,,,,,,,,3480.35,4255.18,58.4253,68.5763,3467.06,4301.75,109.322,135.324,-8.81999,1.1e+17,7,I,61.0191,52.91568991,3411.7737,3331.736,80.0377,4.0,0.2786638052875997,0.1274345756275634,R,99999900.0,LLLYTLLISLLFVLLALLILI,24505.771187281705,1462.5691197743067,17.730033439230215,0.035771118546341685,LLLYTLLISLLFVLLALLILI,Mutant
LLLYTLLISLLFVLLALLILI,LLLYTLLISLLAVLLALLILI,Right,void,,,,,,,,,,,3476.53,4147.31,56.0581,37.6767,3467.06,4301.75,157.365,119.189,-8.81999,1.1e+17,11,F,92.5911,28.92249658,3438.8533,3347.871,90.9823,4.0,0.4112935593987423,0.0634839493839082,R,99999900.0,LLLYTLLISLLFVLLALLILI,25227.82802164888,1248.7155053176732,43.35103784299627,-0.0968586355648009,LLLYTLLISLLFVLLALLILI,Mutant
LLLAILLLTLLFVLLSLLILI,LLLAILLLILLFVLLSLLILI,Right,clash,12.2602,-263.923,355954000.0,355954000.0,-60.5003,-278.585,-390.242,4153.91,-45.1631,-51.1572,3335.4,4167.21,53.0967,19.4661,3325.21,4184.04,76.2983,24.4589,-8.55011,1.10011e+17,8,T,111.8635,14.8223249,,,,,0.1995053270308398,0.0843949883279159,R,99999900.0,LLLAILLLTLLFVLLSLLILI,24013.304081106056,888.8350447247253,23.710956863596227,0.13799379744344917,LLLAILLLTLLFVLLSLLILI,Mutant
LLLAILLLTLLFVLLSLLILI,LLLAILLLTLLFILLSLLILI,Right,clash,21.7617,-276.298,520169000.0,520168000.0,-74.3002,-278.527,-393.033,4589.72,-49.6598,-40.2054,3856.0,4701.22,44.5257,13.5798,3843.05,4708.63,69.7097,26.6489,-8.16589,1.10011e+17,12,V,116.2422,10.4603226,,,,,0.2210158720141418,0.1157533128943953,R,99999900.0,LLLAILLLTLLFVLLSLLILI,24116.666955083267,763.5910377271676,30.63751767039372,0.11648325246014718,LLLAILLLTLLFVLLSLLILI,Mutant
LLLAILLLTLLFVLLSLLILI,LLLAILLLTLLFVLLSALILI,Right,void,,,,,,,,,,,3348.0,4139.91,55.8887,103.43,3325.21,4184.04,108.413,158.805,-8.55011,1.1e+17,16,L,26.0328,79.89167545,3244.57,3166.405,78.165,5.0,0.3084410373343551,0.0467368237178236,R,99999900.0,LLLAILLLTLLFVLLSLLILI,24687.511445841526,1605.290611803906,29.959607453897576,0.029058087139933908,LLLAILLLTLLFVLLSLLILI,Mutant
LLLAILLLTLLFVLLSLLILI,LLLAILLLTLLFVLLILLILI,Right,clash,21.7626,-276.888,519892000.0,519891000.0,-58.9389,-279.068,-381.922,4622.92,-49.6598,-43.915,3846.1,4721.3,34.7946,8.9719,3843.05,4708.63,36.0846,9.33034,-8.16589,1.10011e+17,15,S,120.7485,6.916336983,,,,,0.3467820723651058,0.0396027123867532,R,99999900.0,LLLAILLLTLLFVLLSLLILI,24890.74544426576,1431.2313041260147,29.873150237621964,-0.009282947890816795,LLLAILLLTLLFVLLSLLILI,Mutant
LLLAILLLTLLFVLLSLLILI,LLLAILLLTLLAVLLSLLILI,Right,void,,,,,,,,,,,3851.46,4586.54,53.0259,35.2873,3843.05,4708.63,150.183,123.168,-8.16589,1.1e+17,11,F,94.9805,27.08827508,3816.1727,3719.882,96.2907,4.0,0.4072881147240148,0.0444841522499561,R,99999900.0,LLLAILLLTLLFVLLSLLILI,25214.49632060296,1312.5235497945976,40.14237595980426,-0.06978899024972585,LLLAILLLTLLFVLLSLLILI,Mutant
LLLYSLLLTLLAALLVFLILI,LLLYSLLLILLAALLVFLILI,Right,clash,18.3424,-270.944,5591.51,5289.36,-44.9956,-273.139,-348.132,4307.51,-49.5439,-29.9977,3585.67,4207.73,58.6714,24.606,3576.22,4243.11,88.0604,42.3095,-8.44593,1.10011e+17,8,T,91.7022,29.36312798,,,,,0.1014358592105112,0.0539927827008245,R,99999900.0,LLLYSLLLTLLAALLVFLILI,23517.05467326777,1372.888872262701,4.535869976060613,0.1246262930982374,LLLYSLLLTLLAALLVFLILI,Mutant
LLLYSLLLTLLAALLVFLILI,LLLYILLLTLLAALLVFLILI,Right,clash,22.9577,-270.173,9427380.0,9427090.0,-58.7655,-274.307,-356.317,4309.87,-49.499,-23.2446,3586.2,4236.83,50.7464,20.8004,3576.22,4243.11,60.7123,25.1321,-8.44593,1.10011e+17,4,S,117.6748,15.02102904,,,,,0.1607841964614132,0.0469979828939709,R,99999900.0,LLLYSLLLTLLAALLVFLILI,23823.015255231283,1184.94383218774,19.394138405851084,0.0652779558473354,LLLYSLLLTLLAALLVFLILI,Mutant
LLLYSLLLTLLAALLVFLILI,LLLYSLLATLLAALLVFLILI,Right,void,,,,,,,,,,,3581.71,4193.65,58.7233,71.0488,3576.22,4243.11,115.333,148.975,-8.44593,1.1e+17,7,L,58.5466,54.82355084,3510.6612,3427.245,83.4162,5.0,0.2153589094735983,0.0255121805282757,R,99999900.0,LLLYSLLLTLLAALLVFLILI,24138.073990175875,1251.696228333955,21.48824940505395,0.010703242835150312,LLLYSLLLTLLAALLVFLILI,Mutant
LLLYSLLLTLLAALLVFLILI,LLLYSLLLTLLAALLVALILI,Right,void,,,,,,,,,,,3446.57,4096.7,56.1364,96.3434,3576.22,4243.11,155.586,288.94,-8.44593,1.1e+17,16,F,33.1194,74.41782504,3350.2266,3287.28,62.9466,5.0,0.2999411562750592,0.0644322037229539,R,99999900.0,LLLYSLLLTLLAALLVFLILI,24630.9340474323,1449.494206597372,23.13283782777629,-0.07387900396631059,LLLYSLLLTLLAALLVFLILI,Mutant
LLLYVLLTILLALLLAFLILI,LLLYVLLTILLILLLAFLILI,Right,clash,15.4344,-270.149,17221200000.0,17221200000.0,-58.8866,-281.737,-368.974,4284.86,-49.6054,-28.351,3641.96,4302.82,50.9454,1.46263,3641.96,4302.82,50.9454,1.46263,-8.42499,1.10011e+17,11,A,78.364,39.59007219,,,,,0.2169536036483608,0.0409203264506765,R,99999900.0,LLLYVLLTILLALLLAFLILI,24187.104996186885,1637.301962752938,15.834887643690635,0.1194855462359497,LLLYVLLTILLALLLAFLILI,Mutant
LLLYVLLTILLALLLAFLILI,LLLYVLLIILLALLLAFLILI,Right,clash,15.4099,-266.886,23164.3,22867.8,-45.0659,-278.738,-357.937,4286.27,-45.0659,-34.1328,3657.7,4268.11,58.4401,35.7196,3641.96,4302.82,88.6287,59.6095,-8.42499,1.10011e+17,7,T,93.8758,27.56239805,,,,,0.2197447147340438,0.0894720185724806,R,99999900.0,LLLYVLLTILLALLLAFLILI,24142.33980104683,1064.1614506136686,20.271687529031148,0.1166944351502667,LLLYVLLTILLALLLAFLILI,Mutant
LLLYVLLTILLALLLAFLILI,LLLYVLLTILLAALLAFLILI,Right,void,,,,,,,,,,,3650.61,4263.64,56.5935,76.0134,3641.96,4302.82,108.109,125.604,-8.42499,1.1e+17,12,L,53.8086,58.55201738,3574.5966,3516.356,58.2406,5.0,0.222962291331262,0.0695315299085175,R,99999900.0,LLLYVLLTILLALLLAFLILI,24156.20887130564,1037.327770834639,26.82685618172223,0.11347685855304851,LLLYVLLTILLALLLAFLILI,Mutant
LLLYVLLTILLALLLAFLILI,LLLYVLLTALLALLLAFLILI,Right,void,,,,,,,,,,,3673.6,4260.74,45.4283,34.9979,3641.96,4302.82,91.0473,74.4151,-8.42499,1.1e+17,8,I,96.3317,26.64890474,3638.6021,3567.5449,71.0572,5.0,0.3032688967246417,0.0342775039948591,R,99999900.0,LLLYVLLTILLALLLAFLILI,24631.036553091184,1280.2596970916554,30.167692435033427,0.03317025315966882,LLLYVLLTILLALLLAFLILI,Mutant
LLLYILLLTLLAVLLSFLILI,LLLYILLLTLLAILLSFLILI,Right,clash,15.9469,-267.676,12931000000.0,12931000000.0,-74.2212,-284.798,-380.077,4307.85,-49.5882,-21.0582,3695.28,4310.12,52.842,42.8907,3683.72,4335.93,76.229,71.1508,-8.13395,1.10011e+17,12,V,101.035,22.44054171,,,,,0.0935690850013891,0.0415740034693001,R,99999900.0,LLLYILLLTLLAVLLSFLILI,23445.43453398142,1104.6929627186078,8.8944061985488,0.1483265862722929,LLLYILLLTLLAVLLSFLILI,Mutant
LLLYILLLTLLAVLLSFLILI,LLLYILLLTLLIVLLSFLILI,Right,clash,15.9497,-270.296,12931000000.0,12931000000.0,-74.1983,-288.328,-384.03,4345.54,-49.5882,-21.5037,3683.72,4335.93,51.2121,24.8824,3683.72,4335.93,51.2121,24.8824,-8.13395,1.10011e+17,11,A,105.3854,19.10095972,,,,,0.1806567996600545,0.110759922628696,R,99999900.0,LLLYILLLTLLAVLLSFLILI,23916.383042935395,1022.6118190253284,15.923836698196256,0.06123887161362751,LLLYILLLTLLAVLLSFLILI,Mutant
LLLYILLLTLLAVLLSFLILI,LLLYILLATLLAVLLSFLILI,Right,void,,,,,,,,,,,3687.8,4235.75,58.1301,70.3125,3683.72,4335.93,125.398,142.286,-8.13395,1.1e+17,7,L,59.2829,54.25539795,3617.4875,3541.434,76.0535,5.0,0.2565919093587168,0.0255248949318528,R,99999900.0,LLLYLLLATLLAVLLSFLILI,24372.896685381776,1293.4035708080469,24.45057044469221,-0.014696238085034785,LLLYILLLTLLAVLLSFLILI,Mutant
LLLYILLLTLLAVLLSFLILI,LLLYALLLTLLAVLLSFLILI,Right,void,,,,,,,,,,,3706.4,4288.64,55.7529,54.4256,3683.72,4335.93,109.804,103.608,-8.13395,1.1e+17,4,I,84.0496,39.30349983,3651.9744,3580.112,71.8624,5.0,0.3230757311892552,0.0219058845881119,R,99999900.0,LLLYILLLTLLAVLLSFLILI,24752.93897349995,1402.765065156697,31.4163093314399,-0.0811800599155732,LLLYILLLTLLAVLLSFLILI,Mutant
LLLYSLLLTLLVALLIFLILI,LLLYSLLLILLVALLIFLILI,Right,clash,19.086,-274.816,555837.0,555530.0,-45.07,-276.931,-355.505,4343.24,-50.5846,-33.5036,3648.16,4290.33,57.2495,15.2458,3642.0,4322.16,85.5373,23.4677,-7.44926,1.10011e+17,8,T,116.0838,11.60880715,,,,,0.1476389543150154,0.0755747301468428,R,99999900.0,LLLYSLLLTLLVALLIFLILI,23746.95423921154,1121.5389374826414,12.072117238721674,0.0926207735677651,LLLYSLLLTLLVALLIFLILI,Mutant
LLLYSLLLTLLVALLIFLILI,LLLYILLLTLLVALLIFLILI,Right,clash,23.7197,-274.281,29502900.0,29502600.0,-58.836,-278.098,-363.63,4336.4,-49.5741,-26.6968,3656.85,4312.93,51.8882,9.22403,3642.0,4322.16,63.4387,11.865,-7.44926,1.10011e+17,4,S,129.25117,6.661142212,,,,,0.1481870453562018,0.0463135918747207,R,99999900.0,LLLYILLLTLLVALLSFLILI,23800.51623927222,1604.8504742033683,9.122210790962944,0.09207268252657869,LLLYSLLLTLLVALLIFLILI,Mutant
LLLYSLLLTLLVALLIFLILI,LLLYSLLATLLVALLIFLILI,Right,void,,,,,,,,,,,3629.86,4258.29,52.2998,66.1295,3642.0,4322.16,114.471,150.469,-7.44926,1.1e+17,7,L,63.4659,51.02765993,3563.7305,3491.531,72.1995,5.0,0.2206955020681214,0.0032354938733149,R,99999900.0,LLLYSLLLTLLVALLIFLILI,24185.35701372396,1420.9867907813425,19.57362159472279,0.01956422581465908,LLLYSLLLTLLVALLIFLILI,Mutant
LLLYSLLLTLLVALLIFLILI,LLLASLLLTLLVALLIFLILI,Right,void,,,,,,,,,,,3453.79,4133.71,52.7659,104.438,3642.0,4322.16,174.444,346.577,-7.44926,1.1e+17,3,Y,65.2928,61.53155467,3349.352,3295.423,53.929,5.0,0.362380663642468,0.0358323413418949,R,99999900.0,LLLYSLLLTLLVALLIFLILI,24976.61250780956,1421.3751027047977,32.007762953934694,-0.12212093575968752,LLLYSLLLTLLVALLIFLILI,Mutant
LLLYLLLATLLFVLLSLLILI,LLLYLLLATLLFILLSLLILI,Right,clash,12.7966,-266.67,31101200.0,31100900.0,-74.23,-281.865,-381.869,4335.26,-49.6019,-25.7743,3510.24,4283.0,43.0063,11.4965,3494.54,4281.86,61.3816,26.6886,-7.44257,1.10011e+17,12,V,118.3255,8.85558688,,,,,0.1983400454397159,0.0578426589792852,R,99999900.0,LLLYLLLATLLFVLLSLLILI,24023.726789313227,1081.3800061313102,23.534817607469687,0.011170806876206307,LLLYLLLATLLFVLLSLLILI,Mutant
LLLYLLLATLLFVLLSLLILI,LLLYLLLAILLFVLLSLLILI,Right,clash,12.7626,-266.08,1141190000.0,1141190000.0,-60.4494,-282.008,-374.918,4348.18,-45.0959,-32.4608,3524.0,4257.33,54.9864,24.1987,3494.54,4281.86,82.9136,28.7129,-7.44257,1.10011e+17,8,T,107.1309,18.42592987,,,,,0.2185164014183695,0.0425044750129099,R,99999900.0,LLLYLLLATLLFVLLSLLILI,24152.397824474097,1206.287140025444,20.388588719050706,-0.009005549102447302,LLLYLLLATLLFVLLSLLILI,Mutant
LLLYLLLATLLFVLLSLLILI,LLLYLLLATLLAVLLSLLILI,Right,void,,,,,,,,,,,3509.35,4148.11,53.4244,38.9823,3494.54,4281.86,153.839,116.143,-7.44257,1.1e+17,11,F,91.2855,29.92473965,3470.3677,3378.397,91.9707,4.0,0.3062367276818662,0.0205503403910637,R,99999900.0,LLLYLLLATLLAVLLSFLILI,24664.20322280404,1430.06560632061,26.97417387881894,-0.09672587536594401,LLLYLLLATLLFVLLSLLILI,Mutant
LLLYLLLAVLLAFLLTSLILI,LLLYLLLIVLLAFLLTSLILI,Right,clash,15.9299,-265.017,5627670000.0,5627670000.0,-74.2137,-296.406,-388.269,4311.75,-49.8395,-17.649,3590.06,4255.45,57.8398,13.5473,3590.06,4255.45,57.8398,13.5473,-7.34717,1.10011e+17,7,A,124.55608,4.384598496,,,,,0.1550432201155056,0.0516838497445124,R,99999900.0,LLLYLLLAVLLAFLLTSLILI,23813.49929138413,1350.7063817830729,10.376166157135572,0.086580924874399,LLLYLLLAVLLAFLLTSLILI,Mutant
LLLYLLLAVLLAFLLTSLILI,LLLYLLLAVLLIFLLTSLILI,Right,clash,15.4313,-265.035,896282.0,895982.0,-74.2137,-296.565,-388.942,4304.71,-49.8395,-18.1629,3590.06,4255.45,53.4842,5.71172,3590.06,4255.45,53.4842,5.71172,-7.34717,1.10011e+17,11,A,124.55608,4.384598496,,,,,0.1711258117964341,0.1366671738577946,R,99999900.0,LLLYLLLAVLLAFLLTSLILI,23867.016753614786,1128.4524315958863,12.167610538523055,0.07049833319347049,LLLYLLLAVLLAFLLTSLILI,Mutant
LLLYLLLAVLLAFLLTSLILI,LLLYLLLAVLLAALLTSLILI,Right,void,,,,,,,,,,,3506.2,4128.56,50.4405,76.6113,3590.06,4255.45,148.132,250.143,-7.34717,1.1e+17,12,F,53.2107,59.01257106,3429.5887,3339.917,89.6717,5.0,0.1944422527832243,0.0111169180027797,R,99999900.0,LLLYLLLAVLLAFLLTSLILI,24041.176298147013,1440.196552291352,16.42082206226042,0.04718189220668029,LLLYLLLAVLLAFLLTSLILI,Mutant
LLLYLLLAVLLAFLLTSLILI,LLLYALLAVLLAFLLTSLILI,Right,void,,,,,,,,,,,3625.68,4165.08,64.1136,83.0423,3590.06,4255.45,133.522,136.713,-7.34717,1.1e+17,4,L,55.4329,59.9690775,3542.6377,3453.347,89.2907,5.0,0.2962060335455218,0.0192472640327536,R,99999900.0,LLLYLLLAVLLAFLLTSLILI,24601.97389335665,1373.1422373355904,27.363117425376988,-0.054581888555617186,LLLYLLLAVLLAFLLTSLILI,Mutant
LLLYILLATLLTLLLSFLILI,LLLYILLITLLTLLLSFLILI,Right,clash,18.8888,-274.36,3807.52,3497.78,-87.9796,-289.68,-396.34,4295.22,-54.2688,-18.6803,3638.74,4288.02,53.1012,23.6159,3638.74,4288.02,53.1012,23.6159,-7.18166,1.10011e+17,7,A,105.9795,18.22279186,,,,,0.203208852077122,0.009909118902244,R,99999900.0,LLLYILLATLLTLLLSFLILI,24080.29781486416,1354.9527968960792,19.362795749306606,0.010389110146085095,LLLYILLATLLTLLLSFLILI,Mutant
LLLYILLATLLTLLLSFLILI,LLLYILLATLLILLLSFLILI,Right,clash,18.387,-271.169,65389000.0,65388700.0,-74.2269,-285.448,-383.678,4300.45,-49.6456,-24.0032,3641.22,4260.9,49.932,1.99983,3638.74,4288.02,80.1297,4.69034,-7.18166,1.10011e+17,11,T,128.26797,1.535168322,,,,,0.2270697797152317,0.0803363215474436,R,99999900.0,LLLYILLATLLTLLLSFLILI,24243.660260570254,1629.9906104053289,12.73270681834454,-0.013471817492024613,LLLYILLATLLTLLLSFLILI,Mutant
LLLYILLATLLTLLLSFLILI,LLLYALLATLLTLLLSFLILI,Right,void,,,,,,,,,,,3678.43,4233.71,58.5601,49.4972,3638.74,4288.02,114.585,96.0668,-7.18166,1.1e+17,4,I,88.978,35.74445099,3628.9328,3542.6732,86.2596,5.0,0.2702220428414102,0.0451577425666263,R,99999900.0,LLLYILLATLLTLLLSFLILI,24452.108338563045,1316.852044056673,23.410485966189363,-0.05662408061820312,LLLYILLATLLTLLLSFLILI,Mutant
LLLYILLATLLTLLLSFLILI,LLLAILLATLLTLLLSFLILI,Right,void,,,,,,,,,,,3469.66,4096.37,63.4798,88.4716,3638.74,4288.02,184.913,320.426,-7.18166,1.1e+17,3,Y,81.2592,52.12465858,3381.1884,3318.314,62.8744,5.0,0.3307231719509809,0.0457398943129065,R,99999900.0,LLLYILLATLLTLLLSFLILI,24780.674124787416,1238.8745427471397,32.62551984888159,-0.1171252097277738,LLLYILLATLLTLLLSFLILI,Mutant
LLLYSLLLTLLATLLAFLILI,LLLYILLLTLLATLLAFLILI,Right,clash,20.117,-269.375,84877300.0,84877000.0,-72.5555,-278.537,-368.613,4266.47,-54.0409,-17.5207,3568.17,4239.92,51.0327,25.6672,3568.15,4248.93,62.6601,25.2823,-6.91124,1.10011e+17,4,S,112.808,18.53559338,,,,,0.1647445303936891,0.0629837922553764,R,99999900.0,LLLYSLLLTLLATLLAFLILI,23894.462584482226,1607.4532124997445,8.32316330860964,0.041906709816169896,LLLYSLLLTLLATLLAFLILI,Mutant
LLLYSLLLTLLATLLAFLILI,LLLYSLLATLLATLLAFLILI,Right,void,,,,,,,,,,,3571.11,4199.97,58.3394,71.7768,3568.15,4248.93,115.528,156.925,-6.91124,1.1e+17,7,L,57.8186,55.38529917,3499.3332,3411.225,88.1082,5.0,0.2119520285493278,0.0244693533435702,R,99999900.0,LLLYSLLLTLLATLLAFLILI,24119.84241797299,1254.7463120564105,20.65927180051278,-0.005300788339468787,LLLYSLLLTLLATLLAFLILI,Mutant
LLLYSLLLTLLATLLAFLILI,LLLYSLLLTLLITLLAFLILI,Right,clash,16.1919,-273.043,980.577,666.266,-72.5555,-280.758,-371.787,4283.61,-57.4601,-18.473,3568.15,4248.93,58.3341,21.3827,3568.15,4248.93,58.3341,21.3827,-6.91124,1.10011e+17,11,A,92.7306,28.51502154,,,,,0.2188107949171514,0.0450333799585349,R,99999900.0,LLLYSLLLTLLATLLAFLILI,24145.844247274108,1137.566359075642,23.174718313503924,-0.012159554707292408,LLLYSLLLTLLATLLAFLILI,Mutant
LLLYSLLLTLLATLLAFLILI,LLLYSLLLTLLATLLAALILI,Right,void,,,,,,,,,,,3460.1,4103.71,56.272,102.533,3568.15,4248.93,154.737,280.357,-6.91124,1.1e+17,16,F,26.9298,79.19881232,3357.567,3287.793,69.774,5.0,0.2742037790290602,0.0096823455238096,R,99999900.0,LLLYSLLLTLLATLLAFLILI,24483.175378751177,1424.3689134896904,25.73425414591045,-0.06755253881920117,LLLYSLLLTLLATLLAFLILI,Mutant
LLLYALLVALLLTLLSWLILI,LLLYILLVALLLTLLSWLILI,Right,clash,20.5108,-271.102,383674000000.0,383674000000.0,-74.1382,-291.081,-396.448,4305.57,-49.6122,-31.2295,3583.1,4086.71,56.3344,48.4485,3583.1,4086.71,56.3344,48.4485,-6.72358,1.10011e+17,4,A,90.0267,34.98713127,,,,,0.1746789791165258,0.0266952226726315,R,99999900.0,LLLYALLVALLLTLLSWLILI,23932.549774105173,1445.3592708542726,13.074217512918276,0.09796218852243938,LLLYALLVALLLTLLSWLILI,Mutant
LLLYALLVALLLTLLSWLILI,LLLYALLVALLLILLSWLILI,Right,clash,15.1158,-268.735,52803700.0,52803400.0,-60.4807,-289.619,-386.453,4299.37,-45.1068,-36.3535,3613.89,4050.66,54.6329,26.337,3583.1,4086.71,85.5974,32.7152,-6.72358,1.10011e+17,12,T,103.485,20.28700837,,,,,0.2383979611190065,0.083054561083864,R,99999900.0,LLLYALLVALLLTLLSWLILI,24243.39385191906,1022.230871456156,23.751581869471128,0.034243206519958685,LLLYALLVALLLTLLSWLILI,Mutant
LLLYALLVALLLTLLSWLILI,LLLYALLVALLLTLLSALILI,Right,void,,,,,,,,,,,3573.97,4077.13,55.9388,111.43,3583.1,4086.71,130.087,260.122,-6.72358,1.1e+17,16,W,18.0328,86.07105671,3462.54,3322.978,139.562,5.0,0.3106417936322478,0.0425241246532346,R,99999900.0,LLLYALLVALLLTLLSWLILI,24672.03267227214,1266.5887582810428,29.391132673313425,-0.03800062599328263,LLLYALLVALLLTLLSWLILI,Mutant
LLLYALLVALLLTLLSWLILI,LLLYALLVALLATLLSWLILI,Right,void,,,,,,,,,,,3632.36,4048.43,51.6941,73.011,3583.1,4086.71,106.925,125.442,-6.72358,1.1e+17,11,L,57.2568,56.04685118,3559.349,3457.658,101.691,5.0,0.323708124712009,0.0441951586205498,R,99999900.0,LLLYALLVALLLTLLSWLILI,24748.32416532527,1298.6964860368407,29.79623515006492,-0.05106695707304382,LLLYALLVALLLTLLSWLILI,Mutant
LLLYVLLLILLATLLSFLILI,LLLYVLLLILLATLLIFLILI,Right,clash,14.6814,-270.504,2.36e+16,2.36e+16,-58.8653,-278.066,-364.509,4332.52,-49.5949,-27.5773,3596.85,4251.76,63.6699,21.2591,3594.62,4258.88,74.1815,23.9558,-6.57676,1.10011e+17,15,S,108.4613,16.38840152,,,,,0.1113931568823872,0.0603424126041281,R,99999900.0,LLLYVLLLILLATLLSFLILI,23564.655753843672,1301.3479561126492,6.057609978928157,0.018646109737010794,LLLYVLLLILLATLLSFLILI,Mutant
LLLYVLLLILLATLLSFLILI,LLLYVLLAILLATLLSFLILI,Right,void,,,,,,,,,,,3577.08,4210.77,58.146,80.3844,3594.62,4258.88,115.485,177.944,-6.57676,1.1e+17,7,L,49.211,62.02720158,3496.6956,3416.676,80.0196,5.0,0.1441672168949242,0.0217851019769818,R,99999900.0,LLLYVLLLILLATLLSFLILI,23759.92591964793,1424.0833504335335,10.740007343617096,-0.014127950275526213,LLLYVLLLILLATLLSFLILI,Mutant
LLLYVLLLILLATLLSFLILI,LLLYVLLLILLATLLSALILI,Right,void,,,,,,,,,,,3510.19,4110.05,55.8127,93.1173,3594.62,4258.88,155.84,257.981,-6.57676,1.1e+17,16,F,36.3455,71.92591231,3417.0727,3336.639,80.4337,5.0,0.1704673925110174,0.0604332321598551,R,99999900.0,LLLYVLLLILLATLLSFLILI,23864.756803360408,1016.1514388105732,18.574252789068296,-0.0404281258916194,LLLYVLLLILLATLLSFLILI,Mutant
LLLYVLLLILLATLLSFLILI,LLLYVLLLILLITLLSFLILI,Right,clash,14.6821,-272.534,2612.33,2304.88,-74.1087,-285.862,-385.436,4311.73,-49.5949,-25.4659,3594.62,4258.88,53.4023,28.3793,3594.62,4258.88,53.4023,28.3793,-6.57676,1.10011e+17,11,A,101.8885,21.78535294,,,,,0.2259210773479797,0.0552069690695922,R,99999900.0,LLLYVLLLILLATLLSFLILI,24185.90390214484,1131.3608139659457,21.99890368238876,-0.0958818107285817,LLLYVLLLILLATLLSFLILI,Mutant
LLLYTLLVSLLALLLAFLILI,LLLYTLLVSLLILLLAFLILI,Right,clash,18.957,-273.825,593662.0,593362.0,-60.3815,-279.467,-368.759,4279.68,-45.0505,-28.9099,3592.92,4252.78,56.3087,14.2652,3592.92,4252.78,56.3087,14.2652,-6.35184,1.10011e+17,11,A,116.0026,10.95067238,,,,,0.2372305854149137,0.0303047815224331,R,99999900.0,LLLYTLLVSLLALLLAFLILI,24286.11241536063,1535.335697007707,22.013153407365767,0.08012337312115858,LLLYTLLVSLLALLLAFLILI,Mutant
LLLYTLLVSLLALLLAFLILI,LLLYTLLVSLLALLLIFLILI,Right,clash,18.9569,-273.825,4915480.0,4915180.0,-60.3815,-276.077,-365.006,4295.83,-45.0505,-28.5476,3592.92,4252.78,62.1906,39.1284,3592.92,4252.78,62.1906,39.1284,-6.35184,1.10011e+17,15,A,116.0026,10.95067238,,,,,0.2409111234556583,0.0601706188547141,R,99999900.0,LLLYTLLVSLLALLLAFLILI,24263.091988342137,1097.7910618259823,27.46877397938747,0.076442835080414,LLLYTLLVSLLALLLAFLILI,Mutant
LLLYTLLVSLLALLLAFLILI,LLLYTLLVSLLAALLAFLILI,Right,void,,,,,,,,,,,3598.6,4186.28,58.1518,70.2316,3592.92,4252.78,114.882,124.599,-6.35184,1.1e+17,12,L,59.5904,54.09838086,3528.3684,3468.321,60.0474,5.0,0.2600409101224379,0.0413378605921466,R,99999900.0,LLLYTLLVSLLALLLAFLILI,24381.785537723816,1197.1161776478473,26.61046327649561,0.05731304841363438,LLLYTLLVSLLALLLAFLILI,Mutant
LLLYTLLVSLLALLLAFLILI,LLLATLLVSLLALLLAFLILI,Right,void,,,,,,,,,,,3404.59,4060.94,63.8567,123.344,3592.92,4252.78,185.891,364.94,-6.35184,1.1e+17,3,Y,46.3868,72.67036979,3281.246,3227.98,53.266,5.0,0.4386941580995729,0.0228738547958069,R,99999900.0,LLLYTLLVSLLALLLAFLILI,25409.862421984988,1502.1724461686272,39.78352029722462,-0.12134019956350062,LLLYTLLVSLLALLLAFLILI,Mutant
LLLYSLLVALLATLLFLLILI,LLLYSLLVALLAILLFLLILI,Right,clash,21.961,-273.143,10619600000.0,10619600000.0,-45.0385,-273.533,-349.094,4291.74,-51.0738,-30.5227,3472.44,4204.56,45.0845,29.7183,3459.85,4212.53,67.8741,42.8553,-6.31342,1.10011e+17,12,T,100.1037,22.89157462,,,,,0.2109162541670642,0.05301968207744,R,99999900.0,LLLYSLLVALLATLLFLLILI,24147.05803794604,1561.729746954231,13.713149122104817,0.05717484053780672,LLLYSLLVALLATLLFLLILI,Mutant
LLLYSLLVALLATLLFLLILI,LLLYSLLIALLATLLFLLILI,Right,clash,22.0356,-273.783,1549.73,1242.41,-58.7878,-274.187,-356.197,4309.02,-55.5743,-23.2217,3466.87,4178.88,59.4655,70.3605,3459.85,4212.53,92.2715,91.6504,-6.31342,1.10011e+17,7,V,59.2349,54.29243631,,,,,0.2456266669547073,0.0558977694746602,R,99999900.0,LLLYSLLVALLATLLFLLILI,24305.87751091217,1304.0972795232028,27.74001478491505,0.022464427750163607,LLLYSLLVALLATLLFLLILI,Mutant
LLLYSLLVALLATLLFLLILI,LLLYSLLVALLATLLFALILI,Right,void,,,,,,,,,,,3446.93,4187.94,49.5088,66.4616,3459.85,4212.53,94.739,146.526,-6.31342,1.1e+17,16,L,63.0012,51.33644568,3380.4684,3313.324,67.1444,5.0,0.2572126193627289,0.0513494467388021,R,99999900.0,LLLYSLLVALLATLLFLLILI,24372.87674368489,1319.965717210678,28.345305114214824,0.010878475342142035,LLLYSLLVALLATLLFLLILI,Mutant
LLLYSLLVALLATLLFLLILI,LLLYSLLVALLATLLALLILI,Right,void,,,,,,,,,,,3514.63,4088.38,59.5995,56.7028,3459.85,4212.53,152.235,114.736,-6.31342,1.1e+17,15,F,116.2504,10.38387177,3457.9272,3345.114,112.8132,5.0,0.323094158428281,0.0288881182175548,R,99999900.0,LLLYSLLVALLATLLFLLILI,24781.747518661963,1673.3490434045996,26.96016509675064,-0.05500306372341007,LLLYSLLVALLATLLFLLILI,Mutant
LLLYLLLVALLATLLSFLILI,LLLYLLLVILLATLLSFLILI,Right,clash,9.54857,-263.866,10251700.0,10251400.0,-74.0594,-283.917,-379.293,4294.23,-49.5292,-21.3169,3594.36,4309.09,50.1991,33.6681,3594.36,4309.09,50.1991,33.6681,-6.01584,1.10011e+17,8,A,112.306,13.7883652,,,,,0.076391245006456,0.0467266031014448,R,99999900.0,LLLYLLLVALLATLLSFLILI,23377.59578777595,1372.7600336494097,2.547382746524544,0.1424590227808929,LLLYLLLVALLATLLSFLILI,Mutant
LLLYLLLVALLATLLSFLILI,LLLYLLLVALLITLLSFLILI,Right,clash,9.53404,-263.866,204785.0,204481.0,-74.0594,-284.924,-380.151,4301.46,-49.5292,-21.1677,3594.36,4309.09,51.8322,17.9618,3594.36,4309.09,51.8322,17.9618,-6.01584,1.10011e+17,11,A,112.306,13.7883652,,,,,0.2106943452546873,0.0337209612684219,R,99999900.0,LLLYLLLVALLATLLSFLILI,24142.759649501648,1536.9776695652674,15.496749953124716,0.008155922532661591,LLLYLLLVALLATLLSFLILI,Mutant
LLLYLLLVALLATLLSFLILI,LLLYLLLVALLATLLSALILI,Right,void,,,,,,,,,,,3548.61,4161.11,55.5757,107.133,3594.36,4309.09,155.51,244.813,-6.01584,1.1e+17,16,F,22.3298,82.75195655,3441.477,3349.547,91.93,4.0,0.2553633405073774,0.0493635929833657,R,99999900.0,LLLYLLLVALLATLLSFLILI,24350.51182825817,1144.781845278748,26.66295105450947,-0.03651307272002852,LLLYLLLVALLATLLSFLILI,Mutant
LLLYLLLVALLATLLSFLILI,LLLYALLVALLATLLSFLILI,Right,void,,,,,,,,,,,3597.57,4208.13,52.7087,74.2037,3594.36,4309.09,125.025,134.57,-6.01584,1.1e+17,4,L,64.2715,53.58627393,3523.3663,3459.79,63.5763,4.0,0.2649998844332201,0.0108915582403242,R,99999900.0,LLLYLLLVALLATLLSFLILI,24428.634659398645,1383.954080318155,24.539329318248413,-0.046149616645871194,LLLYLLLVALLATLLSFLILI,Mutant
LLLYTLLVALLSTLLFLLILI,LLLYTLLVILLSTLLFLLILI,Right,clash,20.7547,-276.55,16463200.0,16462900.0,-74.2629,-280.027,-376.723,4311.43,-49.5963,-22.4335,3463.04,4272.83,48.2135,11.6531,3463.04,4272.83,48.2135,11.6531,-5.78509,1.10011e+17,8,A,119.6765,8.873171014,,,,,0.2437725972888911,0.0189724055097418,R,99999900.0,LLLYTLLVALLSTLLFLLILI,24325.25579367295,1538.8851110326252,21.057520236775066,-0.018002316248173916,LLLYTLLVALLSTLLFLLILI,Mutant
LLLYTLLVALLSTLLFLLILI,LLLYILLVALLSTLLFLLILI,Right,clash,22.6415,-271.111,24606200.0,24605900.0,-74.2668,-276.817,-370.982,4334.87,-49.5963,-19.8976,3480.44,4243.18,51.9758,35.6781,3463.04,4272.83,84.0767,41.9974,-5.78509,1.10011e+17,4,T,102.7971,25.76497452,,,,,0.2457033212701261,0.055990817239273,R,99999900.0,LLLYTLLVALLSTLLFLLILI,24338.358024938338,1537.4942760485565,17.070232589967386,-0.019933040229408894,LLLYTLLVALLSTLLFLLILI,Mutant
LLLYTLLVALLSTLLFLLILI,LLLYTLLVALLSTLLFALILI,Right,void,,,,,,,,,,,3456.82,4241.67,54.0325,63.244,3463.04,4272.83,102.048,139.773,-5.78509,1.1e+17,16,L,66.2188,48.85109854,3393.576,3323.267,70.309,4.0,0.2620779076430277,0.022921209210836,R,99999900.0,LLLYTLLVALLSTLLFLLILI,24415.356322244825,1402.669580543205,22.58768018960649,-0.03630762660231049,LLLYTLLVALLSTLLFLLILI,Mutant
LLLYTLLVALLSTLLFLLILI,LLLYTLLVALLSTLLALLILI,Right,void,,,,,,,,,,,3499.22,4120.08,59.8112,33.5966,3463.04,4272.83,160.948,91.2452,-5.78509,1.1e+17,15,F,96.1238,25.89924175,3465.6234,3371.7948,93.8286,4.0,0.5186947319307629,0.0516389958553704,R,99999900.0,LLLYTLLVALLSTLLFLLILI,25845.72772713807,1401.5192662653023,48.74700015240847,-0.2929244508900457,LLLYTLLVALLSTLLFLLILI,Mutant
LLLYSLLFVLLAILLTLLILI,LLLYSLLFILLAILLTLLILI,Right,clash,17.7828,-274.389,70110.2,69798.6,-58.9046,-282.145,-369.955,4285.11,-55.0278,-28.9045,3554.2,4287.32,47.8776,7.25936,3540.58,4298.49,70.4458,17.6691,-5.71654,1.10011e+17,8,V,124.07024,5.527588602,,,,,0.1633740435677135,0.1008032856394417,R,99999900.0,LLLYSLLFVLLAILLTLLILI,23889.78183425124,1793.2107728910817,16.309576732188095,0.086337735177941,LLLYSLLFVLLAILLTLLILI,Mutant
LLLYSLLFVLLAILLTLLILI,LLLYSLLFVLLAILLTALILI,Right,void,,,,,,,,,,,3521.23,4260.04,55.7156,108.327,3540.58,4298.49,106.642,195.568,-5.71654,1.1e+17,16,L,21.1358,83.6742292,3412.903,3345.012,67.891,5.0,0.1802468542213704,0.0411294105514861,R,99999900.0,LLLYSLLFVLLAILLTLLILI,23944.99323907308,1262.681701752346,15.055630182349674,0.0694649245242841,LLLYSLLFVLLAILLTLLILI,Mutant
LLLYSLLFVLLAILLTLLILI,LLLYSLLFVLLIILLTLLILI,Right,clash,17.7915,-277.008,1230.24,915.991,-58.9046,-284.257,-373.02,4308.09,-55.0278,-29.859,3540.58,4298.49,43.2945,15.1842,3540.58,4298.49,43.2945,15.1842,-5.71654,1.10011e+17,11,A,115.0836,11.65614219,,,,,0.1974595864650406,0.1163898068237621,R,99999900.0,LLLYSLLFVLLAILLTLLILI,24058.968444448103,1492.7622571816848,9.331680615879346,0.052252192280613896,LLLYSLLFVLLAILLTLLILI,Mutant
LLLYSLLFVLLAILLTLLILI,LLLYSLLAVLLAILLTLLILI,Right,void,,,,,,,,,,,3515.87,4138.51,57.6329,68.907,3540.58,4298.49,161.127,183.944,-5.71654,1.1e+17,7,F,60.6884,53.17086872,3446.963,3356.636,90.327,5.0,0.2581130400179973,0.0275222869314096,R,99999900.0,LLLYSLLFVLLAILLTLLILI,24410.63240021908,1597.57351954772,22.177815300731137,-0.00840126127234278,LLLYSLLFVLLAILLTLLILI,Mutant
LLLYSLLFTLLAVLLALLILI,LLLYSLLFILLAVLLALLILI,Right,clash,15.1429,-268.35,4605.84,4305.07,-45.0097,-275.121,-352.021,4251.67,-47.5637,-31.8906,3489.47,4220.05,55.2378,7.21712,3480.59,4245.28,81.1501,15.1955,-5.51293,1.10011e+17,8,T,124.11248,5.495425251,,,,,0.0394480958000537,0.1651761663601963,R,99999900.0,LLLYSLLFTLLAVLLALLILI,23185.97714935866,1873.479101270428,9.938628135693232,0.293435858793613,LLLYSLLFTLLAVLLALLILI,Mutant
LLLYSLLFTLLAVLLALLILI,LLLYSLLFTLLAVLLAALILI,Right,void,,,,,,,,,,,3487.65,4201.14,55.4941,101.563,3480.59,4245.28,109.083,166.109,-5.51293,1.1e+17,16,L,27.8998,78.44956235,3386.087,3314.481,71.606,4.0,0.2058967364543782,0.0451817269869973,R,99999900.0,LLLYSLLFTLLAVLLALLILI,24106.183148280263,1510.636334216678,20.61813030038256,0.1269872181392885,LLLYSLLFTLLAVLLALLILI,Mutant
LLLYSLLFTLLAVLLALLILI,LLLYSLLFTLLIVLLALLILI,Right,clash,15.1605,-271.561,1124.27,815.797,-58.7649,-278.345,-362.892,4282.39,-52.07,-25.7825,3480.59,4245.28,48.3785,25.1279,3480.59,4245.28,48.3785,25.1279,-5.51293,1.10011e+17,11,A,105.1399,19.28941765,,,,,0.2421842534356104,0.0589873073372821,R,99999900.0,LLLYSLLFTLLAVLLALLILI,24276.119287560225,1127.3151148176075,23.60022102059637,0.09069970115805631,LLLYSLLFTLLAVLLALLILI,Mutant
LLLYSLLFTLLAVLLALLILI,LLLYSLLATLLAVLLALLILI,Right,void,,,,,,,,,,,3461.04,4095.05,56.0455,75.641,3480.59,4245.28,157.603,191.482,-5.51293,1.1e+17,7,F,53.9544,58.36704081,3385.399,3289.108,96.291,4.0,0.3644429960702264,0.0570637782754331,R,99999900.0,LLLYSLLFTLLAVLLALLILI,24963.941941496578,1201.951836461949,37.60300718578747,-0.03155904147655969,LLLYSLLFTLLAVLLALLILI,Mutant
LLLYSLLLTLLAVLLFSLILI,LLLYSLLLILLAVLLFSLILI,Right,clash,15.612,-268.824,2320630000.0,2320630000.0,-60.4281,-286.561,-374.305,4300.86,-48.3363,-27.3162,3525.94,4218.48,58.8378,20.0006,3512.43,4251.02,87.0586,31.9962,-5.30693,1.10011e+17,8,T,111.329,15.22931616,,,,,0.111131916265681,0.0745336253704875,R,99999900.0,LLLYSLLLTLLAVLLFSLILI,23536.866119980423,1056.1459787077897,9.495702482551543,0.0975742086589595,LLLYSLLLTLLAVLLFSLILI,Mutant
LLLYSLLLTLLAVLLFSLILI,LLLYILLLTLLAVLLFSLILI,Right,clash,19.18,-268.586,2390880000.0,2390880000.0,-74.2005,-287.704,-382.104,4307.05,-49.6044,-20.1995,3520.66,4236.04,50.4688,23.601,3512.43,4251.02,64.9813,28.2126,-5.30693,1.10011e+17,4,S,114.8742,17.04348504,,,,,0.136262437324839,0.0089296069171208,R,99999900.0,LLLYSLLLTLLAVLLFSLILI,23703.09495559466,1303.7491499529672,12.045109417702015,0.07244368759980149,LLLYSLLLTLLAVLLFSLILI,Mutant
LLLYSLLLTLLAVLLFSLILI,LLLYSLLLTLLAVLLASLILI,Right,void,,,,,,,,,,,3531.95,4090.17,63.0539,59.8353,3512.43,4251.02,165.654,148.248,-5.30693,1.1e+17,15,F,69.8851,46.126361,3472.1147,3364.182,107.9327,5.0,0.157398268585219,0.0431669156247977,R,99999900.0,LLLYSLLLTLLAVLLFSLILI,23800.12962843048,1121.0439235138504,18.409314354355946,0.051307856339421504,LLLYSLLLTLLAVLLFSLILI,Mutant
LLLYSLLLTLLAVLLFSLILI,LLLYSLLATLLAVLLFSLILI,Right,void,,,,,,,,,,,3521.99,4203.94,59.7792,78.863,3512.43,4251.02,116.702,157.603,-5.30693,1.1e+17,7,L,50.7324,60.85324016,3443.127,3354.827,88.3,5.0,0.1991662624112228,0.0168027487906037,R,99999900.0,LLLYSLLLTLLAVLLFSLILI,24051.910710341945,1295.5506124082367,19.56334365542989,0.009539862513417707,LLLYSLLLTLLAVLLFSLILI,Mutant
LLLYSLLLTLLVALLSFLILI,LLLYSLLLTLLVILLSFLILI,Right,clash,13.038,-271.303,55568000000000.0,55568000000000.0,-74.2556,-284.783,-378.929,4301.23,-49.6279,-19.8898,3578.11,4238.06,50.4718,26.4266,3578.11,4238.06,50.4718,26.4266,-5.20008,1.10011e+17,12,A,103.3954,20.35602594,,,,,0.1455112755090137,0.0471344836794403,R,99999900.0,LLLYSLLLTLLVALLSFLILI,23735.17599251989,1106.9175863993748,14.223645150334812,0.1526212224433152,LLLYSLLLTLLVALLSFLILI,Mutant
LLLYSLLLTLLVALLSFLILI,LLLYSLLLILLVALLSFLILI,Right,clash,13.0224,-268.093,1206730.0,1206430.0,-60.4831,-282.411,-370.759,4302.2,-45.1222,-27.8652,3590.57,4207.55,55.0951,19.6038,3578.11,4238.06,86.2154,26.5885,-5.20008,1.10011e+17,8,T,111.7258,14.92717559,,,,,0.1523917222596275,0.0460659157306593,R,99999900.0,LLLYSLLLTLLVALLSFLILI,23787.1649566203,1238.6256195149688,12.186383042486346,0.14574077569270139,LLLYSLLLTLLVALLSFLILI,Mutant
LLLYSLLLTLLVALLSFLILI,LLLYSLLLTLLVALLSALILI,Right,void,,,,,,,,,,,3502.85,4091.81,58.3307,104.213,3578.11,4238.06,157.623,265.822,-5.20008,1.1e+17,16,F,25.2498,80.49648239,3398.637,3312.288,86.349,4.0,0.2405581266513951,0.0073768980442062,R,99999900.0,LLLYSLLLTLLVALLSFLILI,24292.75369431321,1393.8704770705997,22.469638044663785,0.05757437130093379,LLLYSLLLTLLVALLSFLILI,Mutant
LLLYSLLLTLLVALLSFLILI,LLLYSLLATLLVALLSFLILI,Right,void,,,,,,,,,,,3566.57,4187.18,59.0138,83.7299,3578.11,4238.06,117.012,177.05,-5.20008,1.1e+17,7,L,45.8655,64.60869753,3482.8401,3401.06,81.7801,4.0,0.2429183273163189,0.0073362588115005,R,99999900.0,LLLYSLLLTLLVALLSFLILI,24305.94751728064,1387.599057311107,22.185949818128464,0.055214170636009974,LLLYSLLLTLLVALLSFLILI,Mutant
LLLYVLLFALLTVLLSLLILI,LLLYVLLFILLTVLLSLLILI,Right,clash,14.8479,-267.033,232137.0,231835.0,-74.2664,-284.468,-382.155,4270.51,-49.8154,-23.4205,3537.36,4258.05,45.0978,2.70328,3537.36,4258.05,45.0978,2.70328,-5.15993,1.10011e+17,8,A,128.62632,2.058393538,,,,,0.1893630300257045,0.0058967156330227,R,99999900.0,LLLYVLLFALLTVLLSLLILI,24008.86923541434,1401.7649976644364,16.470964987572813,0.11264201878238247,LLLYVLLFALLTVLLSLLILI,Mutant
LLLYVLLFALLTVLLSLLILI,LLLYVLLFALLTVLLSALILI,Right,void,,,,,,,,,,,3569.54,4214.04,55.8666,111.268,3537.36,4258.05,108.715,159.042,-5.15993,1.1e+17,16,L,18.1948,85.94592423,3458.272,3378.318,79.954,5.0,0.2215929252084894,0.0169614946330486,R,99999900.0,LLLYVLLFALLTVLLSLLILI,24181.98684295553,1353.158365810062,21.7371983415033,0.0804121235995976,LLLYVLLFALLTVLLSLLILI,Mutant
LLLYVLLFALLTVLLSLLILI,LLLYVLLFALLTILLSLLILI,Right,clash,14.8066,-264.414,4708.67,4409.36,-74.3017,-282.022,-378.277,4262.1,-49.6954,-21.9534,3551.13,4242.89,46.8706,21.0241,3537.36,4258.05,76.0685,34.5175,-5.15993,1.10011e+17,12,V,108.7979,16.1945587,,,,,0.2401043431151754,0.0584516311500435,R,99999900.0,LLLYVLLFALLTVLLSLLILI,24293.65921711756,1410.9209260124628,17.867008861890174,0.06190070569291159,LLLYVLLFALLTVLLSLLILI,Mutant
LLLYVLLFALLTVLLSLLILI,LLLYVLLAALLTVLLSLLILI,Right,void,,,,,,,,,,,3534.01,4125.77,52.9995,78.5418,3537.36,4258.05,153.354,192.097,-5.15993,1.1e+17,7,F,51.0536,60.60539186,3455.4682,3345.263,110.2052,5.0,0.3128073888899862,0.024260059418773,R,99999900.0,LLLYVLLFALLTVLLSLLILI,24702.79984247501,1485.7139445007613,30.188252877182435,-0.010802340081899231,LLLYVLLFALLTVLLSLLILI,Mutant
LLLYLLLFTLLAVLLSILILI,LLLYLLLFILLAVLLSILILI,Right,clash,19.2466,-269.454,12527.1,12231.8,-60.4334,-281.505,-372.836,4295.13,-45.0906,-30.8978,3596.76,4281.93,50.6901,16.2825,3586.49,4305.1,74.4496,28.3548,-5.10787,1.10011e+17,8,T,115.0471,12.39819508,,,,,0.1739501764957129,0.0876340894538526,R,99999900.0,LLLYLLLFTLLAVLLSILILI,23902.85026685237,1225.1694505986186,12.370843929649975,0.13156908144864218,LLLYLLLFTLLAVLLSILILI,Mutant
LLLYLLLFTLLAVLLSILILI,LLLYLLLFTLLIVLLSILILI,Right,clash,19.3108,-272.666,10001.7,9698.79,-74.2003,-284.751,-383.586,4318.17,-49.5908,-24.6347,3586.49,4305.1,43.8918,28.5797,3586.49,4305.1,43.8918,28.5797,-5.10787,1.10011e+17,11,A,101.6881,21.93918988,,,,,0.1897956150042814,0.0965299526710075,R,99999900.0,LLLYLLLFTLLAVLLSILILI,23950.366440347385,821.9674619658048,25.6014425044806,0.11572364294007367,LLLYLLLFTLLAVLLSILILI,Mutant
LLLYLLLFTLLAVLLSILILI,LLLYALLFTLLAVLLSILILI,Right,void,,,,,,,,,,,3621.29,4227.62,54.7656,55.3509,3586.49,4305.1,117.449,83.2307,-5.10787,1.1e+17,4,L,83.1243,39.97170612,3565.9391,3503.2593,62.6798,4.0,0.2858356244306251,0.0875424484357169,R,99999900.0,LLLYLLLFTLLAVLLSILILI,24500.126944630723,959.612354870192,33.44111561724772,0.01968363351372998,LLLYLLLFTLLAVLLSILILI,Mutant
LLLAFLLGTLLGLLLGVLILI,LLLAFLLGTLLILLLGVLILI,GAS,clash,33.4343,-269.79,26608900000.0,26608900000.0,-58.6772,-269.26,-351.416,4635.16,-60.0572,-23.479,3373.54,4614.45,56.6413,0.0,3373.54,4597.15,36.4063,0.0,-45.8898,1.10011e+17,11,G,130.2678,0.0,,,,,0.381870367016473,0.0686851113583517,G,99999900.0,LLLAFLLGTLLGLLLGVLILI,19488.509845332446,880.5311564045829,42.96011894700918,1.112055540237763,LLLAFLLGTLLGLLLGVLILI,Mutant
LLLAFLLGTLLGLLLGVLILI,LLLAFLLGTLLGLLLIVLILI,GAS,clash,31.4909,-266.455,148170000.0,148170000.0,-58.78,-269.208,-353.031,4575.31,-61.9532,-25.0434,3373.36,4602.65,43.6986,0.0726336,3373.54,4597.15,24.6718,0.0,-45.8898,1.10011e+17,15,G,129.6477664,0.055992427,,,,,0.9868523411895416,0.0456429941969259,G,99999900.0,LLLAFLLGTLLGLLLGVLILI,24923.99043521137,1250.549892722809,94.76563859274032,0.5070735660646943,LLLAFLLGTLLGLLLGVLILI,Mutant
LLLAFLLGTLLGLLLGVLILI,LLLAALLGTLLGLLLGVLILI,GAS,void,,,,,,,,,,,3402.07,4452.08,59.1718,50.0163,3373.54,4597.15,160.092,122.628,-45.8898,1.1e+17,4,F,88.4589,36.11931956,3352.0537,3250.912,101.1417,0.0,1.2908226098118352,0.1566013818026987,G,99999900.0,LLLAFLLGTLLGLLLGVLILI,27611.87314286314,552.9842319349118,140.4102969136381,0.20310329744240074,LLLAFLLGTLLGLLLGVLILI,Mutant
LLLAFLLGTLLGLLLGVLILI,LLLAFLLGTLLGALLGVLILI,GAS,void,,,,,,,,,,,3390.04,4542.29,62.1668,70.1167,3373.54,4597.15,118.146,111.379,-45.8898,1.1e+17,12,L,59.7053,54.00987506,3319.9233,3262.161,57.7623,0.0,1.3095497125027105,0.103156380654578,G,99999900.0,LLLAFLLGTLLGLLLGVLILI,27758.460492564423,1454.089775926784,129.57757686216928,0.18437619475152545,LLLAFLLGTLLGLLLGVLILI,Mutant
LLLTLLLGVLLGFLLAILILI,LLLTLLLIVLLGFLLAILILI,GAS,clash,25.2135,-273.247,2413370000.0,2413370000.0,-44.9169,-274.073,-356.156,4621.2,-51.9816,-37.1654,3603.98,4637.44,59.1103,0.0,3603.98,4625.23,40.9476,0.0,-40.8357,1.10011e+17,7,G,129.5954,0.0,,,,,0.3358149707142941,0.1223454298721862,G,99999900.0,LLLTLLLGVLLGFLLAILILI,19054.30712396117,956.292966749248,45.57735302691089,1.3765937581746364,LLLTLLLGVLLGFLLAILILI,Mutant
LLLTLLLGVLLGFLLAILILI,LLLTLLLGVLLIFLLAILILI,GAS,clash,24.6338,-273.266,11657300000.0,11657300000.0,-44.9169,-274.13,-355.621,4648.53,-50.8284,-36.5745,3603.98,4647.42,58.6481,0.682812,3603.98,4625.23,36.8712,0.682812,-40.8357,1.10011e+17,11,G,129.584988,0.52416023,,,,,0.3695534707214796,0.0202223503571569,G,99999900.0,LLLTLLLGVLLGFLLAILILI,19373.43058614773,1313.3922518375127,36.556368494627066,1.3428552581674509,LLLTLLLGVLLGFLLAILILI,Mutant
LLLTLLLGVLLGFLLAILILI,LLLTALLGVLLGFLLAILILI,GAS,void,,,,,,,,,,,3621.16,4558.32,63.7662,54.4887,3603.98,4625.23,122.805,103.968,-40.8357,1.1e+17,4,L,83.9865,39.34906756,3566.6713,3500.012,66.6593,1.0,1.2196505161592066,0.0717043497798297,G,99999900.0,LLLTLLLGVLLGFLLAILILI,26971.66338767503,1826.7193907194755,112.28313899287848,0.49275821272972387,LLLTLLLGVLLGFLLAILILI,Mutant
LLLAYLLGTLLGLLLGFLILI,LLLAYLLGTLLILLLGFLILI,GAS,clash,28.7333,-273.48,234300000000.0,234300000000.0,-58.7043,-273.208,-344.826,4613.03,-58.4918,-12.9137,3563.75,4695.74,58.1039,0.0,3563.75,4677.66,37.819,0.0,-37.2159,1.10011e+17,11,G,130.2678,0.0,,,,,0.4158128810238904,0.0864118547802344,G,99999900.0,LLLAYLLGTLLGLLLGFLILI,19773.86720827208,2199.3850957579475,30.947113422020905,0.7707415623953378,LLLAYLLGTLLGLLLGFLILI,Mutant
LLLAYLLGTLLGLLLGFLILI,LLLAYLLITLLGLLLGFLILI,GAS,clash,29.821,-273.453,7.32e+17,7.32e+17,-58.7043,-273.201,-345.344,4599.35,-58.5935,-13.4384,3563.35,4693.02,64.2586,4.08459,3563.75,4677.66,45.1362,3.95516,-37.2159,1.10011e+17,7,G,125.51081,3.151801684,,,,,0.5075898653150716,0.2057450513874214,G,99999900.0,LLLAYLLGTLLGLLLGFLILI,20677.082239171883,2620.737175317298,32.79945906249214,0.6789645781041566,LLLAYLLGTLLGLLLGFLILI,Mutant
LLLAYLLGTLLGLLLGFLILI,LLLAYLLGTLLGALLGFLILI,GAS,void,,,,,,,,,,,3597.57,4622.03,62.2276,86.2782,3563.75,4677.66,119.003,116.111,-37.2159,1.1e+17,12,L,43.5438,66.45884365,3511.2918,3447.639,63.6528,0.0,0.9097343636983858,0.0263671160304883,G,99999900.0,LLLAYLLGTLLGLLLGFLILI,24212.19593490424,1148.0884378838111,89.83240028963122,0.2768200797208423,LLLAYLLGTLLGLLLGFLILI,Mutant
LLLAYLLGTLLGLLLGFLILI,LLLAALLGTLLGLLLGFLILI,GAS,void,,,,,,,,,,,3584.78,4517.06,59.636,50.7236,3563.75,4677.66,167.247,146.918,-37.2159,1.1e+17,4,Y,87.7516,36.63009694,3534.0564,3416.832,117.2244,0.0,1.205969226258652,0.1909210252016265,G,99999900.0,LLLAYLLGTLLGLLLGFLILI,26792.211149745977,2389.345622738844,115.20198992116327,-0.019414782839423994,LLLAYLLGTLLGLLLGFLILI,Mutant
LLLAYLLGLLLGVLLGTLILI,LLLAYLLGLLLIVLLGTLILI,GAS,clash,28.0957,-270.835,6818590000.0,6818590000.0,-58.7057,-267.164,-352.5,4620.71,-56.4742,-26.6304,3467.71,4607.86,61.6274,0.653703,3468.17,4588.0,40.8073,0.435802,-33.5239,1.10011e+17,11,G,129.614097,0.501814723,,,,,0.3906939681747967,0.0356318339470198,G,99999900.0,LLLAYLLGLLLGVLLGTLILI,19571.44224200535,1301.7501607306342,37.64686564832879,0.7049159446513107,LLLAYLLGLLLGVLLGTLILI,Mutant
LLLAYLLGLLLGVLLGTLILI,LLLAYLLILLLGVLLGTLILI,GAS,clash,28.9128,-270.805,52121700000000.0,52121700000000.0,-58.7057,-267.024,-352.481,4608.63,-56.8179,-26.7511,3468.21,4599.25,57.2148,0.217901,3468.17,4588.0,39.5012,0.145267,-33.5239,1.10011e+17,7,G,129.377499,0.168139456,,,,,0.5194749636048602,0.0309005559804588,G,99999900.0,LLLAYLLGLLLGVLLGTLILI,20718.71074300232,1172.2690763117732,52.28381455136872,0.5761349492212472,LLLAYLLGLLLGVLLGTLILI,Mutant
LLLAYLLGLLLGVLLGTLILI,LLLAYLLGALLGVLLGTLILI,GAS,void,,,,,,,,,,,3503.54,4523.53,65.0437,48.4222,3468.17,4588.0,123.904,78.6182,-33.5239,1.1e+17,8,L,82.9074,36.87074353,3455.1178,3389.5518,65.566,0.0,0.8718934807051527,0.0878904303729843,G,99999900.0,LLLAYLLGLLLGVLLGTLILI,23841.10939755112,1420.0259212687793,89.03738610317113,0.2237164321209547,LLLAYLLGLLLGVLLGTLILI,Mutant
LLLAYLLGLLLGVLLGTLILI,LLLAALLGLLLGVLLGTLILI,GAS,void,,,,,,,,,,,3488.72,4438.82,53.1732,47.8843,3468.17,4588.0,158.682,145.689,-33.5239,1.1e+17,4,Y,99.3464,28.25690087,3440.8357,3322.481,118.3547,0.0,1.1242486368692857,0.0238566858255652,G,99999900.0,LLLAYLLGLLLGVLLGTLILI,26145.523787361333,1477.2076687451165,105.350262614439,-0.028638724043178243,LLLAYLLGLLLGVLLGTLILI,Mutant
LLLAYLLGLLLGTLLSFLILI,LLLAYLLGLLLITLLSFLILI,GAS,clash,24.3173,-274.16,414249000000.0,414249000000.0,-74.0929,-276.456,-364.723,4627.72,-56.9156,-14.1745,3655.64,4721.3,52.2596,0.497554,3656.15,4704.67,32.0419,0.424921,-32.7922,1.10011e+17,11,G,129.770246,0.381947035,,,,,0.2276167921846588,0.0513054632543033,G,99999900.0,LLLAYLLGLLLGTLLSFLILI,18079.12338428603,1945.3171122249228,18.30892839990229,0.8783273005475143,LLLAYLLGLLLGTLLSFLILI,Mutant
LLLAYLLGLLLGTLLSFLILI,LLLAYLLILLLGTLLSFLILI,GAS,clash,24.9504,-274.137,1223310000000.0,1223310000000.0,-74.0929,-276.409,-364.859,4632.22,-56.9961,-14.3563,3656.03,4720.41,57.6678,0.0,3656.15,4704.67,38.0857,0.0,-32.7922,1.10011e+17,7,G,129.5954,0.0,,,,,0.3824547656928608,0.04683000299253,G,99999900.0,LLLAYLLGLLLGTLLSFLILI,19498.355073966784,1125.23124658574,39.06739400767065,0.7234893270393123,LLLAYLLGLLLGTLLSFLILI,Mutant
LLLAYLLGLLLGTLLSFLILI,LLLAYLLGLLLGTLLSALILI,GAS,void,,,,,,,,,,,3562.6,4602.08,41.1484,82.8213,3656.15,4704.67,134.019,264.178,-32.7922,1.1e+17,16,F,46.6415,63.97304863,3479.7787,3391.972,87.8067,0.0,1.0159206943902008,0.0757452170441444,G,99999900.0,LLLAYLLGLLLGTLLSFLILI,25156.7103701396,2001.353225340854,89.6199604948385,0.09002339834197226,LLLAYLLGLLLGTLLSFLILI,Mutant
LLLAYLLGLLLGTLLSFLILI,LLLAALLGLLLGTLLSFLILI,GAS,void,,,,,,,,,,,3679.88,4579.03,52.8378,48.4463,3656.15,4704.67,149.33,138.375,-32.7922,1.1e+17,4,Y,98.3414,28.9826626,3631.4337,3517.775,113.6587,0.0,1.1133461346982405,0.1024680753960133,G,99999900.0,LLLAYLLGLLLGTLLSFLILI,26075.329137700155,1012.3487311832134,111.35398312727354,-0.007402041966067419,LLLAYLLGLLLGTLLSFLILI,Mutant
LLLAVLLGTLLGLLLSFLILI,LLLAVLLGTLLILLLSFLILI,GAS,clash,27.0786,-269.261,1196350000.0,1196350000.0,-74.0838,-272.35,-374.179,4533.42,-58.8859,-27.7446,3644.45,4586.66,52.3771,0.0,3644.45,4568.08,31.5447,0.0,-32.3507,1.10011e+17,11,G,130.2678,0.0,,,,,0.3120469208840373,0.003671686535147,G,99999900.0,LLLAVLLGTLLGLLLSFLILI,18851.21897149097,1519.0505420136265,29.422443849659256,0.7591880824286852,LLLAVLLGTLLGLLLSFLILI,Mutant
LLLAVLLGTLLGLLLSFLILI,LLLAVLLITLLGLLLSFLILI,GAS,clash,27.8695,-269.235,151838000.0,151837000.0,-74.0838,-272.355,-374.285,4527.81,-58.131,-27.8455,3644.45,4588.29,61.8848,0.0,3644.45,4568.08,40.9079,0.0,-32.3507,1.10011e+17,7,G,129.5954,0.0,,,,,0.3462605553747868,0.0830254502733556,G,99999900.0,LLLAVLLGTLLGLLLSFLILI,19172.48496830209,766.0152692949441,40.7237723141071,0.7249744479379356,LLLAVLLGTLLGLLLSFLILI,Mutant
LLLAVLLGTLLGLLLSFLILI,LLLAVLLGTLLGLLLSALILI,GAS,void,,,,,,,,,,,3542.77,4466.7,44.7809,87.8536,3644.45,4568.08,137.967,274.183,-32.3507,1.1e+17,16,F,41.6092,67.86011117,3454.9164,3370.267,84.6494,0.0,1.1067468603564707,0.0862546508200573,G,99999900.0,LLLAVLLGTLLGLLLSFLILI,25948.72969651976,1858.386170147516,102.93785539426898,-0.03551185704374826,LLLAVLLGTLLGLLLSFLILI,Mutant
LLLAVLLGTLLGLLLSFLILI,LLLAVLLGTLLGALLSFLILI,GAS,void,,,,,,,,,,,3678.16,4510.95,55.312,87.4293,3644.45,4568.08,110.96,127.622,-32.3507,1.1e+17,12,L,42.3927,67.34551925,3590.7307,3516.828,73.9027,0.0,1.204764859218746,0.0383251996114511,G,99999900.0,LLLAVLLGTLLGLLLSFLILI,26848.07002221862,1579.177022187023,113.00071415576772,-0.13352985590602362,LLLAVLLGTLLGLLLSFLILI,Mutant
LLLYFLLGILLGVLLSLLILI,LLLYFLLGILLIVLLSLLILI,GAS,clash,33.7178,-275.94,63203300000.0,63203300000.0,-60.344,-278.728,-360.601,4721.79,-49.3708,-21.5283,3642.72,4649.99,53.4129,2.73506,3642.91,4629.75,31.6916,2.80769,-32.2999,1.10011e+17,11,G,127.53274,2.099567199,,,,,0.2546634571417098,0.0732087044806724,G,99999900.0,LLLYFLLGILLGVLLSLLILI,18311.92728422006,1559.7915551938372,30.184801738691903,0.8668273739095381,LLLYFLLGILLGVLLSLLILI,Mutant
LLLYFLLGILLGVLLSLLILI,LLLYFLLIILLGVLLSLLILI,GAS,clash,34.1659,-275.932,397102000000.0,397102000000.0,-60.344,-278.691,-361.012,4709.72,-47.3907,-21.9767,3642.91,4649.07,61.4536,0.0,3642.91,4629.75,40.7455,0.0,-32.2999,1.10011e+17,7,G,129.5954,0.0,,,,,0.4672998995895572,0.2331525957191528,G,99999900.0,LLLYFLLGILLGVLLSLLILI,20153.68714346052,3241.54855400466,38.87483317576011,0.6541909314616907,LLLYFLLGILLGVLLSLLILI,Mutant
LLLYFLLGILLGVLLSLLILI,LLLYALLGILLGVLLSLLILI,GAS,void,,,,,,,,,,,3676.35,4567.2,54.8663,52.9126,3642.91,4629.75,126.9,108.068,-32.2999,1.1e+17,4,F,85.5626,38.21088541,3623.4374,3534.842,88.5954,0.0,0.6195747005192246,0.0093368572417243,G,99999900.0,LLLYFLLGILLGVLLSLLILI,21608.84960872103,1354.0441870730067,60.203382107249325,0.5019161305320233,LLLYFLLGILLGVLLSLLILI,Mutant
LLLALLLGVLLGTLLGFLILI,LLLALLLIVLLGTLLGFLILI,GAS,clash,28.6716,-268.852,287957000.0,287957000.0,-58.6964,-268.651,-354.091,4534.47,-57.8397,-26.7433,3565.14,4577.43,61.3592,0.132732,3565.14,4558.7,40.6336,0.132732,-31.9796,1.10011e+17,7,G,129.462668,0.102420302,,,,,0.2829542376552053,0.051529929817877,G,99999900.0,LLLALLLGVLLGTLLGFLILI,18569.19831138394,1819.3196636555383,26.72144090445354,0.7206815333693213,LLLALLLGVLLGTLLGFLILI,Mutant
LLLALLLGVLLGTLLGFLILI,LLLALLLGVLLITLLGFLILI,GAS,clash,28.0515,-268.87,52682900000000.0,52682900000000.0,-58.6964,-268.747,-353.762,4563.28,-59.1396,-26.318,3565.14,4581.36,62.1988,0.0,3565.14,4558.7,40.137,0.0,-31.9796,1.10011e+17,11,G,130.2678,0.0,,,,,0.305565990867515,0.0434082656849241,G,99999900.0,LLLALLLGVLLGTLLGFLILI,18787.875097637363,1861.488903003576,24.907155859586773,0.6980697801570115,LLLALLLGVLLGTLLGFLILI,Mutant
LLLALLLGVLLGTLLGFLILI,LLLAALLGVLLGTLLGFLILI,GAS,void,,,,,,,,,,,3584.38,4488.21,63.7867,58.5116,3565.14,4558.7,124.561,102.717,-31.9796,1.1e+17,4,L,79.9636,42.2542087,3525.8684,3462.423,63.4454,0.0,0.8801167487964396,0.0355342744524142,G,99999900.0,LLLALLLGVLLGTLLGFLILI,23933.296999789265,1401.362624577789,85.57284563137385,0.12351902222808686,LLLALLLGVLLGTLLGFLILI,Mutant
LLLALLLGVLLGTLLGFLILI,LLLALLLGVLLGALLGFLILI,GAS,void,,,,,,,,,,,3581.31,4527.45,61.9853,98.0757,3565.14,4558.7,89.1574,122.381,-31.9796,1.1e+17,12,T,31.7463,75.54628645,3483.2343,3442.759,40.4753,0.0,1.060987474077703,0.0122316992348707,G,99999900.0,LLLALLLGVLLGTLLGFLILI,25566.62636687497,1290.46002164592,102.401034921531,-0.057351703053176495,LLLALLLGVLLGTLLGFLILI,Mutant
LLLTLLLGLLLGFLLSILILI,LLLTLLLILLLGFLLSILILI,GAS,clash,34.0013,-280.447,16043700000.0,16043700000.0,-60.3038,-277.576,-380.699,4628.34,-48.522,-42.8187,3550.37,4605.51,54.4888,0.0,3550.37,4596.81,38.0234,0.0,-31.722,1.10011e+17,7,G,129.5954,0.0,,,,,0.3004132302321955,0.0538552924397839,G,99999900.0,LLLTLLLGLLLGFLLSILILI,18729.81341900356,1464.7807289726038,33.27037097942254,0.9927734172537477,LLLTLLLGLLLGFLLSILILI,Mutant
LLLTLLLGLLLGFLLSILILI,LLLTLLLGLLLIFLLSILILI,GAS,clash,33.1463,-280.477,10991500000.0,10991500000.0,-60.3038,-277.631,-380.545,4652.4,-51.655,-42.6105,3550.37,4608.44,47.6976,0.0,3550.37,4596.81,29.0781,0.0,-31.722,1.10011e+17,11,G,130.2678,0.0,,,,,0.4334058003593213,0.0837298542215255,G,99999900.0,LLLTLLLGLLLGFLLSILILI,19908.055804127634,1644.9060758357575,46.543446900472304,0.859780847126622,LLLTLLLGLLLGFLLSILILI,Mutant
LLLTLLLGLLLGFLLSILILI,LLLTLLLGLLLGALLSILILI,GAS,void,,,,,,,,,,,3600.72,4547.99,48.6843,82.9918,3550.37,4596.81,121.927,139.004,-31.722,1.1e+17,12,F,46.8302,63.92737749,3517.7282,3411.366,106.3622,1.0,1.2121601484226212,0.0288196223287748,G,99999900.0,LLLTLLLGLLLGFLLSILILI,26937.8778387342,1241.0282960832603,116.6355388109702,0.08102649906332204,LLLTLLLGLLLGFLLSILILI,Mutant
LLLALLLGLLLGVLLGTLILI,LLLALLLILLLGVLLGTLILI,GAS,clash,33.7065,-268.964,298479000000.0,298479000000.0,-58.7607,-267.77,-371.586,4536.03,-58.9398,-45.0552,3464.7,4523.35,61.1458,4.94371,3464.7,4507.79,41.6494,4.5911,-31.4979,1.10011e+17,7,G,124.65169,3.814726449,,,,,0.2289511007583365,0.0810701335565462,G,99999900.0,LLLALLLGLLLGVLLGTLILI,18092.59839616166,1229.313998208096,30.57846873506138,1.5171214948493146,LLLALLLGLLLGVLLGTLILI,Mutant
LLLALLLGLLLGVLLGTLILI,LLLALLLGLLLIVLLGTLILI,GAS,clash,32.8505,-268.993,1682180000000000.0,1682180000000000.0,-58.7607,-267.864,-371.446,4555.65,-59.4515,-44.821,3463.56,4526.3,61.5384,3.48641,3464.7,4507.79,40.9657,2.39691,-31.4979,1.10011e+17,11,G,126.78139,2.676340585,,,,,0.4295869392243086,0.0026707060783461,G,99999900.0,LLLALLLGLLLGVLLGTLILI,19904.94486950953,1477.668719844514,40.91815503338197,1.3164856563833425,LLLALLLGLLLGVLLGTLILI,Mutant
LLLALLLGLLLGVLLGTLILI,LLLALLLGALLGVLLGTLILI,GAS,void,,,,,,,,,,,3503.68,4436.12,65.1176,47.224,3464.7,4507.79,126.274,74.0439,-31.4979,1.1e+17,8,L,84.1056,35.95838257,3456.456,3390.6561,65.7999,1.0,1.002122406609553,0.082891446430034,G,99999900.0,LLLALLLGLLLGVLLGTLILI,25073.62635732283,1114.906741829646,98.4259947553949,0.743950188998098,LLLALLLGLLLGVLLGTLILI,Mutant
LLLTFLLGALLGILLSLLILI,LLLTFLLIALLGILLSLLILI,GAS,clash,33.8757,-273.739,5908130000000.0,5908130000000.0,-60.3396,-273.486,-368.84,4569.92,-52.2064,-35.0145,3564.11,4503.63,59.1614,1.88847,3564.63,4488.59,40.1661,1.30741,-31.2093,1.10011e+17,7,G,127.70693,1.4572045,,,,,0.25036899454665,0.0340890986116402,G,99999900.0,LLLTFLLGALLGILLSLLILI,18311.972620638742,1460.6202630379,22.53461564843964,0.812977407738706,LLLTFLLGALLGILLSLLILI,Mutant
LLLTFLLGALLGILLSLLILI,LLLTFLLGALLIILLSLLILI,GAS,clash,32.9779,-273.773,11257200000.0,11257200000.0,-60.3396,-273.489,-367.718,4615.37,-51.769,-33.8903,3564.63,4511.04,54.3564,0.0,3564.63,4488.59,31.6632,0.0,-31.2093,1.10011e+17,11,G,130.2678,0.0,,,,,0.2792427674435191,0.1108801925957534,G,99999900.0,LLLTFLLGALLGILLSLLILI,18539.008547067097,1192.0614290591088,38.58842755471412,0.7841036348418369,LLLTFLLGALLGILLSLLILI,Mutant
LLLTFLLGALLGILLSLLILI,LLLTALLGALLGILLSLLILI,GAS,void,,,,,,,,,,,3600.94,4401.31,62.5276,51.3921,3564.63,4488.59,139.348,109.726,-31.2093,1.1e+17,4,F,87.0831,37.11285486,3549.5479,3454.904,94.6439,0.0,0.6079329591623231,0.0316316273750942,G,99999900.0,LLLTVLLGALLGILLSLLILI,21511.25462609448,1628.9980205758122,54.704958771619474,0.4554134431230329,LLLTFLLGALLGILLSLLILI,Mutant
LLLTFLLGALLGILLSLLILI,LLLTFLLGALLGILLSALILI,GAS,void,,,,,,,,,,,3561.28,4468.41,41.3326,82.9303,3564.63,4488.59,89.4183,165.496,-31.2093,1.1e+17,16,L,46.5325,64.0572427,3478.3497,3399.134,79.2157,0.0,1.1538520154534924,0.1173399087290225,G,99999900.0,LLLTFLLGALLGILLSLLILI,26358.36820007317,1449.262464048,117.21298926097138,-0.09050561316813632,LLLTFLLGALLGILLSLLILI,Mutant
LLLAFLLGILLGVLLGLLILI,LLLAFLLIILLGVLLGLLILI,GAS,clash,24.8192,-267.015,135785000.0,135784000.0,-44.9385,-269.361,-348.291,4562.65,-51.2786,-33.9915,3449.13,4566.04,57.093,0.0,3449.13,4555.8,40.318,0.0,-30.8577,1.10011e+17,7,G,129.5954,0.0,,,,,0.3821280407081968,0.012817787318951,G,99999900.0,LLLAFLLGILLGVLLGLLILI,19485.43639255514,1419.0535210140824,36.40498860511098,0.8610659001122163,LLLAFLLGILLGVLLGLLILI,Mutant
LLLAFLLGILLGVLLGLLILI,LLLAFLLGILLIVLLGLLILI,GAS,clash,24.3466,-267.029,4.94e+16,4.94e+16,-44.9385,-269.389,-347.73,4589.62,-48.2178,-33.4026,3449.13,4579.19,62.7673,0.0,3449.13,4555.8,40.8105,0.0,-30.8577,1.10011e+17,11,G,130.2678,0.0,,,,,0.4401621761462448,0.0257753728996236,G,99999900.0,LLLAFLLGILLGVLLGLLILI,20000.09214865722,1666.186613812701,39.28545716172903,0.8030317646741683,LLLAFLLGILLGVLLGLLILI,Mutant
LLLAFLLGILLGVLLGLLILI,LLLAALLGILLGVLLGLLILI,GAS,void,,,,,,,,,,,3478.26,4412.55,54.9045,65.322,3449.13,4555.8,155.374,142.779,-30.8577,1.1e+17,4,F,73.1532,47.17234566,3412.938,3306.351,106.587,0.0,0.9697078709470262,0.0326899287530189,G,99999900.0,LLLAFLLGILLGVLLGLLILI,24746.82231576089,1633.9171344543597,89.53325069608451,0.27348606987338697,LLLAFLLGILLGVLLGLLILI,Mutant
LLLAFLLGILLGVLLGLLILI,LLLAFLLGILLGVLLGALILI,GAS,void,,,,,,,,,,,3466.32,4534.27,42.1894,84.7991,3449.13,4555.8,91.1829,156.885,-30.8577,1.1e+17,16,L,44.6637,65.50074616,3381.5209,3292.245,89.2759,0.0,1.2715758465998397,0.0631144068739117,G,99999900.0,LLLAFLLGILLGVLLGLLILI,27440.444027951035,1064.716675462654,127.00663090149229,-0.028381905779426564,LLLAFLLGILLGVLLGLLILI,Mutant
LLLAVLLGTLLGFLLSLLILI,LLLAVLLGTLLIFLLSLLILI,GAS,clash,25.2929,-269.033,101961000000.0,101961000000.0,-74.0235,-272.293,-373.593,4561.23,-56.2199,-27.2767,3586.55,4553.0,53.531,1.67792,3586.67,4532.15,31.647,1.53265,-30.3538,1.10011e+17,11,G,128.58988,1.2880543,,,,,0.3732154863014444,0.0253998249715887,G,99999900.0,LLLAVLLGTLLGFLLSLLILI,19396.59927670964,1326.6500902310634,38.42284195053448,0.8151431441416631,LLLAVLLGTLLGFLLSLLILI,Mutant
LLLAVLLGTLLGFLLSLLILI,LLLAVLLITLLGFLLSLLILI,GAS,clash,26.0621,-269.006,992758000000.0,992758000000.0,-74.0235,-272.287,-373.117,4560.31,-55.9637,-26.8068,3586.67,4553.8,62.1645,0.0,3586.67,4532.15,40.9126,0.0,-30.3538,1.10011e+17,7,G,129.5954,0.0,,,,,0.4433716388599846,0.0415979881699122,G,99999900.0,LLLAVLLGTLLGFLLSLLILI,20013.6638670394,1739.6374901819102,41.15356074927109,0.7449869915831229,LLLAVLLGTLLGFLLSLLILI,Mutant
LLLAVLLGTLLGFLLSLLILI,LLLAVLLGTLLGALLSLLILI,GAS,void,,,,,,,,,,,3616.26,4449.27,45.256,59.454,3586.67,4532.15,131.614,163.042,-30.3538,1.1e+17,12,F,70.368,45.7965522,3556.806,3423.628,133.178,1.0,1.1390483338096435,0.022660155367856,G,99999900.0,LLLAVLLGTLLGFLLSLLILI,26261.39037147514,1367.3030408546265,109.28409217282324,0.04931029663346398,LLLAVLLGTLLGFLLSLLILI,Mutant
LLLAVLLGTLLGFLLSLLILI,LLLAVLLGTLLGFLLSALILI,GAS,void,,,,,,,,,,,3606.38,4555.36,35.3943,69.5115,3586.67,4532.15,65.4301,130.117,-30.3538,1.1e+17,16,L,59.9513,53.69225754,3536.8685,3456.553,80.3155,1.0,1.1847566028538925,0.0115389660576677,G,99999900.0,LLLAVLLGTLLGFLLSLLILI,26677.17825225485,1280.9709119135227,114.14531965510444,0.0036020275892150178,LLLAVLLGTLLGFLLSLLILI,Mutant
LLLVFLLGTLLGLLLAILILI,LLLVFLLGTLLILLLAILILI,GAS,clash,35.1054,-269.021,2.2e+18,2.2e+18,-58.7628,-274.011,-363.458,4686.3,-56.5291,-30.6837,3565.23,4694.54,54.7203,0.0,3565.23,4676.64,34.3617,0.0,-29.6208,1.10011e+17,11,G,130.2678,0.0,,,,,0.3344510898666128,0.173588227285112,G,99999900.0,LLLVFLLGTLLGLLLAILILI,18994.02523201021,1994.2670883781268,45.82228786897375,1.914134460862829,LLLVFLLGTLLGLLLAILILI,Mutant
LLLVFLLGTLLGLLLAILILI,LLLVFLLITLLGLLLAILILI,GAS,clash,35.8282,-269.004,101640000000000.0,101640000000000.0,-58.7628,-273.967,-364.402,4642.11,-57.0238,-31.6721,3565.23,4682.73,55.2958,0.0,3565.23,4676.64,40.3952,0.0,-29.6208,1.10011e+17,7,G,129.5954,0.0,,,,,0.4031070597638586,0.1508643881491798,G,99999900.0,LLLVFLLGTLLGLLLAILILI,19635.0213546554,1390.4072338581675,53.92923653549906,1.8454784909655833,LLLVFLLGTLLGLLLAILILI,Mutant
LLLVFLLGTLLGLLLAILILI,LLLVALLGTLLGLLLAILILI,GAS,void,,,,,,,,,,,3605.33,4532.31,57.7062,43.7568,3565.23,4676.64,157.615,102.29,-29.6208,1.1e+17,4,F,94.7184,31.59901556,3561.5732,3462.94,98.6332,0.0,1.0436083976075972,0.1598695612993062,G,99999900.0,LLLVFLLGTLLGLLLAILILI,25349.29966951628,1902.731369761313,106.54731300514506,1.2049771531218447,LLLVFLLGTLLGLLLAILILI,Mutant
LLLVFLLGTLLGLLLAILILI,LLLVFLLGTLLGLLLAALILI,GAS,void,,,,,,,,,,,3550.39,4663.23,47.8397,92.4771,3565.23,4676.64,88.7266,175.12,-29.6208,1.1e+17,16,I,36.9857,71.43140732,3457.9129,3390.11,67.8029,0.0,1.3152451828412015,0.1442154408482615,G,99999900.0,LLLVFLLGTLLGLLLAILILI,27791.4162010779,1951.367048502105,126.69206509824032,0.9333403678882404,LLLVFLLGTLLGLLLAILILI,Mutant
LLLAYLLGLLLGFLLGTLILI,LLLAYLLGLLLIFLLGTLILI,GAS,clash,27.1881,-273.956,742646000000.0,742646000000.0,-58.747,-273.329,-345.72,4613.2,-54.3941,-13.6446,3564.92,4729.9,62.3771,1.81584,3565.83,4708.65,40.6921,1.88847,-28.9835,1.10011e+17,11,G,128.45196,1.393928507,,,,,0.3972283887287306,0.0584225917623078,G,99999900.0,LLLAYLLGLLLGFLLGTLILI,19599.709866120225,1345.404800461868,43.49668294389908,0.7632811885638489,LLLAYLLGLLLGFLLGTLILI,Mutant
LLLAYLLGLLLGFLLGTLILI,LLLAYLLILLLGFLLGTLILI,GAS,clash,27.6802,-273.941,620362000.0,620362000.0,-58.747,-273.293,-345.412,4619.25,-52.2288,-13.372,3565.83,4720.15,55.9074,0.0,3565.83,4708.65,38.1412,0.0,-28.9835,1.10011e+17,7,G,129.5954,0.0,,,,,0.5604109493408594,0.0905914906670014,G,99999900.0,LLLAYLLGLLLGFLLGTLILI,21049.85585337804,2137.0286733122025,48.671855096858266,0.6000986279517201,LLLAYLLGLLLGFLLGTLILI,Mutant
LLLAYLLGLLLGFLLGTLILI,LLLAYLLGLLLGALLGTLILI,GAS,void,,,,,,,,,,,3568.73,4564.51,60.4872,103.663,3565.83,4708.65,160.711,228.276,-28.9835,1.1e+17,12,F,26.159,79.85010245,3465.067,3337.554,127.513,1.0,1.028761739832906,0.0270974533044166,G,99999900.0,LLLAYLLGLLLGVLLGTLILI,25279.07714923752,1583.2254034446105,95.51751203625676,0.13174783745967344,LLLAYLLGLLLGFLLGTLILI,Mutant
LLLYLLLGILLGTLLAFLILI,LLLYLLLGILLITLLAFLILI,GAS,clash,23.3802,-276.96,10143800000000.0,10143800000000.0,-58.7109,-279.399,-357.204,4715.85,-54.4733,-19.0947,3699.52,4716.76,58.4187,0.0,3699.52,4694.57,36.8369,0.0,-28.6375,1.10011e+17,11,G,130.2678,0.0,,,,,0.225728304039807,0.0804607257828253,G,99999900.0,LLLYLLLGILLGTLLAFLILI,18064.903635655843,1206.9496210671316,30.272881328518324,0.3742644978286743,LLLYLLLGILLGTLLAFLILI,Mutant
LLLYLLLGILLGTLLAFLILI,LLLYLLLIILLGTLLAFLILI,GAS,clash,23.9079,-276.944,21237300.0,21237000.0,-58.7109,-279.357,-357.688,4692.33,-58.8061,-19.6202,3698.23,4712.76,61.343,4.1062,3699.52,4694.57,40.8416,4.53574,-28.6375,1.10011e+17,7,G,125.4892,3.168476659,,,,,0.2259877286420869,0.1390900596110357,G,99999900.0,LLLYLLLGILLGTLLAFLILI,18088.53543631461,581.5586196936354,36.13504175384917,0.3740050732263944,LLLYLLLGILLGTLLAFLILI,Mutant
LLLYLLLGILLGTLLAFLILI,LLLYLLLGILLGTLLAALILI,GAS,void,,,,,,,,,,,3610.13,4590.14,41.7905,79.7597,3699.52,4694.57,135.407,258.049,-28.6375,1.1e+17,16,F,49.7031,61.60819942,3530.3703,3441.471,88.8993,0.0,0.8324153892593406,0.1610678851291719,G,99999900.0,LLLYLLLGILLGTLLAFLILI,23462.423764628224,1708.9881685627197,91.27058579705783,-0.2324225873908592,LLLYLLLGILLGTLLAFLILI,Mutant
LLLYLLLGILLGTLLAFLILI,LLLALLLGILLGTLLAFLILI,GAS,void,,,,,,,,,,,3626.76,4504.71,63.7851,63.8683,3699.52,4694.57,185.122,242.844,-28.6375,1.1e+17,3,Y,105.8625,37.62917514,3562.8917,3456.676,106.2157,0.0,1.1276560499006154,0.2449533456695435,G,99999900.0,LLLYLLLGILLGTLLAFLILI,26210.65074467015,3431.033273221306,81.59295424960249,-0.527663248032134,LLLYLLLGILLGTLLAFLILI,Mutant
LLLYVLLGALLGILLTLLILI,LLLYVLLIALLGILLTLLILI,GAS,clash,33.2109,-276.608,939513000.0,939513000.0,-58.7738,-277.314,-368.672,4674.03,-56.8784,-32.5845,3679.05,4688.58,63.0388,1.24473,3679.23,4665.29,40.8868,1.31736,-27.8696,1.10011e+17,7,G,128.35067,0.960473906,,,,,0.2414927638616496,0.0804258231005875,G,99999900.0,LLLYVLLGALLGILLTLLILI,18200.893632184656,1324.5037272093844,31.324070737958376,0.7635890558251434,LLLYVLLGALLGILLTLLILI,Mutant
LLLYVLLGALLGILLTLLILI,LLLYVLLGALLIILLTLLILI,GAS,clash,32.1735,-276.65,8105690000.0,8105690000.0,-58.7738,-277.331,-368.982,4671.47,-55.9166,-32.8769,3679.23,4687.8,53.9189,0.199098,3679.23,4665.29,31.125,0.199098,-27.8696,1.10011e+17,11,G,130.068702,0.152837463,,,,,0.2746369153346669,0.0454613453405846,G,99999900.0,LLLYVLLGALLGILLTLLILI,18511.50076978405,1232.0284362829418,31.24959926646425,0.7304449043521262,LLLYVLLGALLGILLTLLILI,Mutant
LLLYVLLGALLGILLTLLILI,LLLYVLLGALLGALLTLLILI,GAS,void,,,,,,,,,,,3710.86,4649.75,47.7004,47.6287,3679.23,4665.29,87.639,89.1699,-27.8696,1.1e+17,12,I,82.1933,36.68769546,3663.2313,3590.0601,73.1712,0.0,1.2016502292513784,0.1563026130777845,G,99999900.0,LLLYVLLGALLGILLTLLILI,26797.9994484015,915.4695545554812,130.776193099291,-0.19656840956458543,LLLYVLLGALLGILLTLLILI,Mutant
LLLYVLLGALLGILLTLLILI,LLLAVLLGALLGILLTLLILI,GAS,void,,,,,,,,,,,3582.04,4512.42,65.6835,57.7337,3679.23,4665.29,176.779,255.446,-27.8696,1.1e+17,3,Y,111.9971,34.01486354,3524.3063,3423.784,100.5223,0.0,1.212513744560076,0.1748397447208594,G,99999900.0,LLLYVLLGALLGILLTLLILI,26907.98080972237,2830.676551422139,98.65791238579466,-0.207431924873283,LLLYVLLGALLGILLTLLILI,Mutant
LLLAYLLGTLLGILLALLILI,LLLAYLLGTLLIILLALLILI,GAS,clash,25.6155,-272.31,9.39e+16,9.39e+16,-58.7536,-273.361,-364.757,4593.68,-55.7627,-32.6425,3525.21,4607.5,56.4833,0.0,3525.21,4584.69,34.7278,0.0,-26.1659,1.10011e+17,11,G,130.2678,0.0,,,,,0.2772834435619101,0.0559040318714895,G,99999900.0,LLLAYLLGTLLGILLALLILI,18529.45853062197,1276.0598531483895,32.43283755703384,0.7788852119562548,LLLAYLLGTLLGILLALLILI,Mutant
LLLAYLLGTLLGILLALLILI,LLLAYLLGTLLGILLILLILI,GAS,clash,25.6198,-271.13,200512.0,200206.0,-58.7536,-272.135,-361.627,4551.99,-60.64,-30.7388,3525.21,4584.69,42.0508,0.0,3525.21,4584.69,42.0508,0.0,-26.1659,1.10011e+17,15,A,129.7204,0.0,,,,,0.5155615182605876,0.0241424669146895,G,99999900.0,LLLAYLLGTLLGILLALLILI,20684.966914697365,1257.7875480874204,50.61369097835403,0.5406071372575773,LLLAYLLGTLLGILLALLILI,Mutant
LLLAYLLGTLLGILLALLILI,LLLAYLLGTLLGILLAALILI,GAS,void,,,,,,,,,,,3531.84,4565.83,41.88,81.0566,3525.21,4584.69,89.62,151.146,-26.1659,1.1e+17,16,L,48.4062,62.60995437,3450.7834,3374.064,76.7194,1.0,0.952390054723666,0.0537826865642597,G,99999900.0,LLLAYLLGTLLGILLALLILI,24584.90804706452,1055.1272805095932,96.55124237576749,0.10377860079449885,LLLAYLLGTLLGILLALLILI,Mutant
LLLAYLLGTLLGILLALLILI,LLLAALLGTLLGILLALLILI,GAS,void,,,,,,,,,,,3549.91,4422.9,63.0994,62.357,3525.21,4584.69,171.374,165.051,-26.1659,1.1e+17,4,Y,76.1182,45.03116804,3487.553,3360.159,127.394,1.0,1.0099050030156729,0.0805066492942493,G,99999900.0,LLLAYLLGTLLGILLALLILI,25108.08491220973,714.560410798524,105.37194251366908,0.04626365250249198,LLLAYLLGTLLGILLALLILI,Mutant
LLLTFLLGLLLGYLLSVLILI,LLLTFLLGLLLIYLLSVLILI,GAS,clash,35.3004,-280.87,303975000000000.0,303975000000000.0,-60.1731,-279.821,-361.054,4680.08,-48.5059,-21.0599,3598.82,4779.43,51.8123,0.0,3598.82,4763.64,31.7471,0.0,-26.1,1.10011e+17,11,G,130.2678,0.0,,,,,0.492047402197044,0.0479086272396231,G,99999900.0,LLLTFLLGLLLGYLLSVLILI,20447.144360482744,1742.8635029297225,46.18891235387213,0.9728434584086203,LLLTFLLGLLLGYLLSVLILI,Mutant
LLLTFLLGLLLGYLLSVLILI,LLLTFLLILLLGYLLSVLILI,GAS,clash,36.1433,-280.837,303975000000000.0,303975000000000.0,-60.1731,-279.766,-361.451,4642.1,-47.2691,-21.5116,3598.82,4770.43,52.362,0.0,3598.82,4763.64,37.4562,0.0,-26.1,1.10011e+17,7,G,129.5954,0.0,,,,,0.7204932371555008,0.072966064551783,G,99999900.0,LLLTFLLGLLLGYLLSVLILI,22506.015240154964,964.4927637285092,76.79293130089123,0.7443976234501635,LLLTFLLGLLLGYLLSVLILI,Mutant
LLLTFLLGLLLGYLLSVLILI,LLLTALLGLLLGYLLSVLILI,GAS,void,,,,,,,,,,,3635.05,4672.84,53.0577,44.9764,3598.82,4763.64,140.466,98.0934,-26.1,1.1e+17,4,F,93.4988,32.47975089,3590.0736,3500.7266,89.347,0.0,1.047667671669242,0.0586240134734085,G,99999900.0,LLLTFLLGLLLGYLLSVLILI,25426.55066574236,1466.0091758854617,101.75485586721832,0.4172231889364224,LLLTFLLGLLLGYLLSVLILI,Mutant
LLLTFLLGLLLGYLLSVLILI,LLLTFLLGLLLGALLSVLILI,GAS,void,,,,,,,,,,,3651.04,4612.92,57.5928,97.1365,3598.82,4763.64,164.773,180.655,-26.1,1.1e+17,12,Y,32.6855,74.82283434,3553.9035,3418.165,135.7385,0.0,1.1827717062943517,0.093386070724801,G,99999900.0,LLLTFLLGLLLGYLLSVLILI,26699.96508085845,1263.2567300036408,114.95515417230231,0.2821191543113126,LLLTFLLGLLLGYLLSVLILI,Mutant
LLLAFLLGILLGLLLGTLILI,LLLAFLLIILLGLLLGTLILI,GAS,clash,25.4328,-269.626,17986500000.0,17986500000.0,-58.7173,-266.727,-351.746,4612.49,-54.9806,-26.3019,3508.73,4591.62,57.2065,0.0,3508.73,4579.29,39.9195,0.0,-25.8973,1.10011e+17,7,G,129.5954,0.0,,,,,0.3632792888585692,0.0306448750056316,G,99999900.0,LLLAFLLGILLGLLLGTLILI,19304.40795880452,1348.7531211291473,37.864516266238105,0.9109779538593026,LLLAFLLGILLGLLLGTLILI,Mutant
LLLAFLLGILLGLLLGTLILI,LLLAFLLGILLILLLGTLILI,GAS,clash,25.0345,-269.638,8026960000000.0,8026960000000.0,-58.7173,-267.301,-353.126,4633.5,-52.9398,-27.1079,3508.73,4596.32,58.0861,0.0,3508.73,4579.29,38.1479,0.0,-25.8973,1.10011e+17,11,G,130.2678,0.0,,,,,0.4208576906639578,0.0274458857249639,G,99999900.0,LLLAFLLGILLGLLLGTLILI,19830.9628562355,1225.6573944913216,42.91775817620038,0.8533995520539139,LLLAFLLGILLGLLLGTLILI,Mutant
LLLAFLLGILLGLLLGTLILI,LLLAALLGILLGLLLGTLILI,GAS,void,,,,,,,,,,,3535.67,4479.3,55.7038,67.7656,3508.73,4579.29,144.992,143.805,-25.8973,1.1e+17,4,F,70.7096,48.93699377,3467.9044,3364.925,102.9794,0.0,1.1883169387159878,0.0538666989329193,G,99999900.0,LLLAFLLGILLGLLLGTLILI,26707.164246713448,905.7249574882936,119.4622330034754,0.08594030400188402,LLLAFLLGILLGLLLGTLILI,Mutant
LLLAFLLGILLGLLLGTLILI,LLLAFLLGALLGLLLGTLILI,GAS,void,,,,,,,,,,,3543.51,4586.82,44.4189,40.0765,3508.73,4579.29,75.4895,64.896,-25.8973,1.1e+17,8,I,91.2531,30.51596898,3503.4335,3443.834,59.5995,0.0,2.2790117104600007,1.3727478624976286,G,99999900.0,LLLAFLLGILLGLLLGTLILI,35922.40786647433,12042.021139877486,234.8583190328052,-1.004754467742129,LLLAFLLGILLGLLLGTLILI,Mutant
LLLTFLLGVLLGLLLAILILI,LLLTFLLGVLLILLLAILILI,GAS,clash,34.9915,-276.368,8259280000.0,8259280000.0,-44.9375,-274.897,-356.84,4690.4,-49.0587,-37.0055,3546.14,4641.07,54.5753,0.0,3546.14,4622.22,34.0563,0.0,-25.296,1.10011e+17,11,G,130.2678,0.0,,,,,0.4911443487643864,0.088037086133176,G,99999900.0,LLLTFLLGVLLGLLLAILILI,20449.845255461045,954.3299259652318,56.62457463149764,0.7888794929585404,LLLTFLLGVLLGLLLAILILI,Mutant
LLLTFLLGVLLGLLLAILILI,LLLTFLLIVLLGLLLAILILI,GAS,clash,36.0638,-276.316,223616000.0,223616000.0,-44.9375,-274.847,-357.744,4654.05,-51.3682,-37.959,3546.14,4629.21,59.6808,0.0,3546.14,4622.22,44.529,0.0,-25.296,1.10011e+17,7,G,128.737207,0.757932445,,,,,0.5991996298926117,0.1447056297195239,G,99999900.0,LLLTFLLGVLLGLLLAILILI,21401.83240200172,1103.8576742128394,72.63338099966823,0.6808242118303152,LLLTFLLGVLLGLLLAILILI,Mutant
LLLTFLLGVLLGLLLAILILI,LLLTALLGVLLGLLLAILILI,GAS,void,,,,,,,,,,,3603.14,4468.24,64.0396,59.0073,3546.14,4622.22,162.91,124.339,-25.296,1.1e+17,4,F,79.4679,42.61217893,3544.1327,3421.801,122.3317,0.0,1.2483858439424222,0.1506118068753098,G,99999900.0,LLLTFLLGVLLGLLLAILILI,27264.22530473024,146.2620148449135,134.8228501791874,0.03163799778050458,LLLTFLLGVLLGLLLAILILI,Mutant
LLLTFLLGVLLGLLLAILILI,LLLTFLLGVLLGLLLAALILI,GAS,void,,,,,,,,,,,3528.91,4603.83,43.8526,88.6454,3546.14,4622.22,86.9505,173.666,-25.296,1.1e+17,16,I,40.8174,68.47171543,3440.2646,3372.474,67.7906,0.0,1.5146517812325195,1.1397808464947363,G,99999900.0,LLLTFLLGVLLGLLLGALILI,29532.82930001335,8915.661248393973,270.2394468082519,-0.2346279395095927,LLLTFLLGVLLGLLLAILILI,Mutant
LLLYLLLGALLGALLTFLILI,LLLYLLLGALLIALLTFLILI,GAS,clash,31.2224,-275.769,13794000000000.0,13794000000000.0,-58.7574,-275.345,-349.705,4697.29,-57.5595,-15.6031,3805.72,4767.04,54.2841,11.4078,3808.41,4744.81,31.2501,8.64772,-23.6808,1.10011e+17,11,G,118.86,8.757190956,,,,,0.2349454692732574,0.0939456338792329,G,99999900.0,LLLYLLLGALLGALLTFLILI,18152.96443395728,1029.336639621403,32.814323914048806,0.93165873124599,LLLYLLLGALLGALLTFLILI,Mutant
LLLYLLLGALLGALLTFLILI,LLLYLLLIALLGALLTFLILI,GAS,clash,32.4317,-275.717,417836000000000.0,417836000000000.0,-58.7574,-275.318,-349.881,4678.96,-58.967,-15.806,3805.79,4765.36,61.5332,12.98,3808.41,4744.81,40.5121,10.2926,-23.6808,1.10011e+17,7,G,116.6154,10.0157876,,,,,0.3454212952529437,0.0954908611426765,G,99999900.0,LLLYLLLGALLGALLTFLILI,19133.914277015578,1182.720972234842,43.165191768882586,0.8211829052663038,LLLYLLLGALLGALLTFLILI,Mutant
LLLYLLLGALLGALLTFLILI,LLLYLLLGALLGALLTALILI,GAS,void,,,,,,,,,,,3732.74,4665.88,47.1936,76.4661,3808.41,4744.81,133.506,247.698,-23.6808,1.1e+17,16,F,52.9967,59.06414816,3656.2739,3560.712,95.5619,0.0,1.175935458663798,0.065207549823817,G,99999900.0,LLLYLLLGALLGALLTFLILI,26592.63072475627,856.1959195975925,119.44228183880894,-0.009331258144550603,LLLYLLLGALLGALLTFLILI,Mutant
LLLYLLLGALLGALLTFLILI,LLLALLLGALLGALLTFLILI,GAS,void,,,,,,,,,,,3702.72,4580.6,62.2515,62.1769,3808.41,4744.81,175.229,262.407,-23.6808,1.1e+17,3,Y,107.5539,36.63265595,3640.5431,3546.003,94.5401,0.0,2.180347483910697,1.9864905443945204,G,99999900.0,LLLYLLLGALLGALLTFLILI,36417.70502936191,18054.969112028502,230.86726257326563,-1.0137432833914497,LLLYLLLGALLGALLTFLILI,Mutant
LLLYVLLGLLLGFLLSTLILI,LLLYVLLILLLGFLLSTLILI,GAS,clash,19.7006,-274.486,13134200000.0,13134200000.0,-74.0812,-279.249,-367.774,4717.26,-49.5178,-14.4429,3765.69,4758.56,58.0154,1.11236,3765.8,4741.15,38.1885,0.995492,-23.3255,1.10011e+17,7,G,128.48304,0.858332935,,,,,0.294126559845034,0.1059155051346493,G,99999900.0,LLLYVLLGLLLGFLLSTLILI,18671.90339199652,1213.99366127555,39.37513958410819,0.7918579782334934,LLLYVLLGLLLGFLLSTLILI,Mutant
LLLYVLLGLLLGFLLSTLILI,LLLYVLLGLLLIFLLSTLILI,GAS,clash,19.509,-274.488,7786790000.0,7786790000.0,-74.0812,-281.098,-369.428,4712.76,-49.5178,-14.2491,3765.42,4758.23,52.4491,3.63931,3765.8,4741.15,31.5391,3.63931,-23.3255,1.10011e+17,11,G,126.62849,2.79371418,,,,,0.3345411060888703,0.0318920956849938,G,99999900.0,LLLYVLLGLLLGFLLSTLILI,19040.17760731953,1677.0162148084014,31.648391431236465,0.751443431989657,LLLYVLLGLLLGFLLSTLILI,Mutant
LLLYVLLGLLLGFLLSTLILI,LLLYVLLGLLLGALLSTLILI,GAS,void,,,,,,,,,,,3721.86,4595.26,53.3447,98.3864,3765.8,4741.15,154.653,251.937,-23.3255,1.1e+17,12,F,31.4356,75.78561415,3623.4736,3513.863,109.6106,1.0,0.9484835302149582,0.1666813934639981,G,99999900.0,LLLYVLLGLLLGFLLSTLILI,24598.621365498933,512.4974241844869,104.34711141332704,0.1375010078635691,LLLYVLLGLLLGFLLSTLILI,Mutant
LLLAYLLGVLLGLLLAFLILI,LLLAYLLGVLLILLLAFLILI,GAS,clash,28.4898,-273.24,179832000.0,179832000.0,-44.9245,-273.797,-342.297,4625.64,-52.8491,-23.5752,3626.26,4708.42,58.072,0.0,3626.26,4687.19,36.8425,0.0,-23.2275,1.10011e+17,11,G,130.2678,0.0,,,,,0.2761566076584054,0.0148237720274562,G,99999900.0,LLLAYLLGVLLGLLLAFLILI,18524.869515239738,1468.9405907503765,27.70469449039668,0.8935376437153262,LLLAYLLGVLLGLLLAFLILI,Mutant
LLLAYLLGVLLGLLLAFLILI,LLLAYLLGVLLGLLLIFLILI,GAS,clash,26.641,-271.011,19108100.0,19107800.0,-45.02,-272.59,-339.538,4591.16,-51.0102,-21.9282,3626.26,4687.19,45.4954,13.1735,3626.26,4687.19,45.4954,13.1735,-23.2275,1.10011e+17,15,A,128.859678,0.663520927,,,,,0.3919947701696888,0.0317477014682987,G,99999900.0,LLLAYLLGVLLGLLLAFLILI,19560.842811393883,1356.3060358304188,40.60186615301814,0.7776994812040428,LLLAYLLGVLLGLLLAFLILI,Mutant
LLLAYLLGVLLGLLLAFLILI,LLLAALLGVLLGLLLAFLILI,GAS,void,,,,,,,,,,,3656.03,4526.73,64.3784,64.3096,3626.26,4687.19,171.935,153.577,-23.2275,1.1e+17,4,Y,74.1656,46.44124002,3591.7204,3472.683,119.0374,0.0,1.201152090667056,0.0733314629481122,G,99999900.0,LLLAYLLGVLLGLLLAFLILI,26810.142051754327,1902.9266650055351,109.05881293625302,-0.03145783929332446,LLLAYLLGVLLGLLLAFLILI,Mutant
LLLAYLLGVLLGLLLAFLILI,LLLAYLLGVLLGALLAFLILI,GAS,void,,,,,,,,,,,3668.26,4631.17,56.7789,99.5796,3626.26,4687.19,108.673,140.266,-23.2275,1.1e+17,12,L,30.2424,76.70471877,3568.6804,3485.994,82.6864,0.0,1.209908106240565,0.2342477167286157,G,99999900.0,LLLAYLLGVLLGLLLAFLILI,26918.08210903385,711.8243156941476,140.43229723884463,-0.040213854866833376,LLLAYLLGVLLGLLLAFLILI,Mutant
LLLGYLLALLLGVLLSTLILI,LLLGYLLALLLIVLLSTLILI,GAS,clash,21.2953,-272.603,301080000.0,301080000.0,-74.2086,-273.933,-375.985,4615.21,-52.3718,-27.8435,3593.08,4591.64,57.8544,7.52888,3594.96,4571.63,36.7379,6.22148,-20.4196,1.10011e+17,11,G,122.73892,5.779540301,,,,,0.399414719594596,0.0502783398791449,G,99999900.0,LLLGYLLALLLGVLLSTLILI,19618.4757022905,1860.9762726512183,35.531853546527834,0.9967817872912532,LLLGYLLALLLGVLLSTLILI,Mutant
LLLGYLLALLLGVLLSTLILI,LLLGYLLILLLGVLLSTLILI,GAS,clash,21.6961,-271.406,2896710000.0,2896710000.0,-74.2086,-271.694,-370.336,4618.87,-55.1626,-24.4333,3594.96,4571.63,55.6975,3.08564,3594.96,4571.63,55.6975,3.08564,-20.4196,1.10011e+17,7,A,126.50976,2.380979572,,,,,0.4013757988670148,0.0458942635477571,G,99999900.0,LLLGYLLALLLGVLLSTLILI,19669.68489450244,1177.1352946119675,40.01057431889484,0.9948207080188345,LLLGYLLALLLGVLLSTLILI,Mutant
LLLGYLLALLLGVLLSTLILI,LLLGALLALLLGVLLSTLILI,GAS,void,,,,,,,,,,,3638.08,4430.92,51.5189,60.5169,3594.96,4571.63,156.383,152.152,-20.4196,1.1e+17,4,Y,77.9583,43.70233804,3577.5631,3442.808,134.7551,0.0,0.410579486408511,0.0515209378421935,G,99999900.0,LLLGYLLALLLGVLLSTLILI,19725.366128029644,1906.111684991968,34.68447821608453,0.9856170204773382,LLLGYLLALLLGVLLSTLILI,Mutant
LLLGYLLALLLGVLLSTLILI,LLLGYLLAALLGVLLSTLILI,GAS,void,,,,,,,,,,,3631.63,4499.43,62.4839,48.3793,3594.96,4571.63,124.0,78.6562,-20.4196,1.1e+17,8,L,82.9503,36.83807763,3583.2507,3516.3038,66.9469,0.0,0.8288946929065819,0.0229735721467256,G,99999900.0,LLLGYLLALLLGVLLSTLILI,23478.66525892784,1430.8647877077667,79.66876371149014,0.5673018139792674,LLLGYLLALLLGVLLSTLILI,Mutant
LLLVTLLLGLLFGLLFALILI,LLLVTLLLGLLFILLFALILI,GAS,clash,32.013,-275.89,6090120.0,6089830.0,-44.9466,-275.123,-344.303,4678.49,-44.9466,-24.2335,3642.96,4726.93,54.4842,0.217901,3644.34,4713.22,35.7877,0.0,-19.0276,1.10011e+17,12,G,129.604099,0.167845974,,,,,0.3117935852757512,0.0666669787248303,G,99999900.0,LLLVTLLLGLLFGLLFALILI,18841.77235825272,1139.4041073639376,37.11241859377813,0.5709562590326781,LLLVTLLLGLLFGLLFALILI,Mutant
LLLVTLLLGLLFGLLFALILI,LLLVTLLLGLLFGLLFILILI,GAS,clash,32.0843,-274.703,1083520.0,1083230.0,-44.9466,-273.682,-340.36,4656.23,-44.9466,-21.7317,3644.34,4713.22,43.7521,5.42895,3644.34,4713.22,43.7521,5.42895,-19.0276,1.10011e+17,16,A,124.03385,4.193443985,,,,,0.356785210051157,0.0339353815967147,G,99999900.0,LLLVTLLLGLLFGLLFALILI,19257.8233711871,1186.1400846345432,37.31674516089561,0.5259646342572724,LLLVTLLLGLLFGLLFALILI,Mutant
LLLVTLLLGLLFGLLFALILI,LLLVTLLLGLLFGLLAALILI,GAS,void,,,,,,,,,,,3676.72,4640.84,36.1601,23.2061,3644.34,4713.22,122.38,94.2328,-19.0276,1.1e+17,15,F,106.5143,17.88932196,3653.5139,3550.1072,103.4067,0.0,0.7688800564226009,0.0573447559940674,G,99999900.0,LLLVTLLLGLLFGLLFALILI,22970.83543501896,1098.714089822593,75.64028010479315,0.11386978788582836,LLLVTLLLGLLFGLLFALILI,Mutant
LLLVTLLLGLLFGLLFALILI,LLLVTLLLGLLAGLLFALILI,GAS,void,,,,,,,,,,,3677.19,4571.76,60.1926,49.5053,3644.34,4713.22,158.593,126.581,-19.0276,1.1e+17,11,F,80.7625,38.00271441,3627.6847,3517.759,109.9257,0.0,0.8916376777746242,0.2025699778497892,G,99999900.0,LLLVTLLLSLLAGLLFALILI,24057.136969319963,3114.418345545193,62.94888206364373,-0.008887833466194928,LLLVTLLLGLLFGLLFALILI,Mutant
LLLTYLLAILLGLLLGFLILI,LLLTYLLAILLGLLLIFLILI,GAS,clash,22.8602,-278.914,23368800.0,23368500.0,-44.9626,-278.708,-352.196,4650.59,-48.3124,-28.5257,3619.7,4612.42,43.5583,13.6513,3646.38,4606.61,24.8725,21.8815,-17.9908,1.10011e+17,15,G,116.0691,10.52363391,,,,,0.2672936724692759,0.0741055160371828,G,99999900.0,LLLTYLLAILLGLLLGFLILI,18451.99367154428,959.56044029638,33.49100307756056,0.5697671009091219,LLLTYLLAILLGLLLGFLILI,Mutant
LLLTYLLAILLGLLLGFLILI,LLLTYLLAILLILLLGFLILI,GAS,clash,22.8541,-278.914,213823000.0,213823000.0,-44.9626,-278.764,-350.613,4684.72,-45.8639,-26.886,3646.38,4625.84,59.309,0.0,3646.38,4606.61,38.4711,0.0,-17.9908,1.10011e+17,11,G,130.2678,0.0,,,,,0.2855177028364889,0.0540766512994021,G,99999900.0,LLLTYLLAILLGLLLGFLILI,18600.26994204468,1355.9618868963482,32.66278610318932,0.5515430705419089,LLLTYLLAILLGLLLGFLILI,Mutant
LLLTYLLAILLGLLLGFLILI,LLLTALLAILLGLLLGFLILI,GAS,void,,,,,,,,,,,3722.98,4554.17,47.0488,53.7485,3646.38,4606.61,126.287,86.2262,-17.9908,1.1e+17,4,Y,89.9688,35.02894381,3669.2315,3560.1538,109.0777,0.0,0.3519897246663938,0.1009626342965849,G,99999900.0,LLLTVLLAILLGLLLGFLILI,19240.31516385291,738.8197346234454,39.907729442239145,0.485071048712004,LLLTYLLAILLGLLLGFLILI,Mutant
LLLTYLLAILLGLLLGFLILI,LLLTYLLAILLGLLLGALILI,GAS,void,,,,,,,,,,,3573.02,4501.99,44.3224,86.0528,3646.38,4606.61,138.067,255.294,-17.9908,1.1e+17,16,F,43.41,66.46913245,3486.9672,3391.086,95.8812,0.0,0.60869164098547,0.0349540751872307,G,99999900.0,LLLTYLLAILLGLLLGFLILI,21525.60229504289,1210.1468972957343,59.43239700889485,0.22836913239292778,LLLTYLLAILLGLLLGFLILI,Mutant
LLLALLLGALLGTLLSFLILI,LLLALLLIALLGTLLSFLILI,GAS,clash,28.5752,-268.235,22668600000.0,22668600000.0,-73.9598,-269.322,-370.215,4527.44,-54.8174,-26.933,3690.71,4567.75,62.0503,15.0624,3694.83,4547.02,41.0288,12.1517,-16.3762,1.10011e+17,7,G,114.533,11.62263475,,,,,0.2735452396330526,0.0199650665988927,G,99999900.0,LLLALLLGALLGTLLSFLILI,18499.270791061328,1481.3140249837588,27.753430581570548,0.7844796328856198,LLLALLLGALLGTLLSFLILI,Mutant
LLLALLLGALLGTLLSFLILI,LLLALLLGALLITLLSFLILI,GAS,clash,27.6927,-268.269,17408200.0,17407900.0,-73.9598,-269.199,-369.809,4545.2,-55.3595,-26.6507,3693.61,4570.88,59.6096,10.7725,3694.83,4547.02,37.0063,7.72194,-16.3762,1.10011e+17,11,G,119.4953,8.269503285,,,,,0.2967576395504511,0.0321549334236755,G,99999900.0,LLLALLLGALLGTLLSFLILI,18706.335257763672,1390.8444733273927,31.546151178998915,0.7612672329682214,LLLALLLGALLGTLLSFLILI,Mutant
LLLALLLGALLGTLLSFLILI,LLLAALLGALLGTLLSFLILI,GAS,void,,,,,,,,,,,3706.4,4479.21,64.419,38.5353,3694.83,4547.02,124.186,84.3744,-16.3762,1.1e+17,4,L,99.9399,27.82830427,3667.8647,3610.4556,57.4091,1.0,1.1506000907704064,0.0239225859116237,G,99999900.0,LLLALLLGALLGTLLSFLILI,26374.77455203022,1129.0521724619423,112.533354772665,-0.09257521825173387,LLLALLLGALLGTLLSFLILI,Mutant
LLLYVLLGTLLGFLLSLLILI,LLLYVLLGTLLIFLLSLLILI,GAS,clash,32.3357,-276.395,2808650000.0,2808650000.0,-74.0677,-280.313,-368.273,4707.6,-51.564,-13.8927,3611.89,4673.98,51.0655,0.0,3611.89,4657.08,30.5959,0.0,-13.5466,1.10011e+17,11,G,130.2678,0.0,,,,,0.2976696427270495,0.0462874722732724,G,99999900.0,LLLYVLLGTLLGFLLSLLILI,18735.761946152583,1118.9644029084438,31.50729876175025,0.7399928631675639,LLLYVLLGTLLGFLLSLLILI,Mutant
LLLYVLLGTLLGFLLSLLILI,LLLYVLLITLLGFLLSLLILI,GAS,clash,32.92,-276.381,27493800.0,27493500.0,-74.0677,-280.304,-368.035,4703.73,-51.564,-13.6641,3611.89,4680.26,63.1814,0.464563,3611.89,4657.08,41.075,0.464563,-13.5466,1.10011e+17,7,G,129.130837,0.358471828,,,,,0.3750314428518811,0.013933333435683,G,99999900.0,LLLYVLLGTLLGFLLSLLILI,19410.59266612263,1539.280089055097,35.90743754074509,0.6626310630427323,LLLYVLLGTLLGFLLSLLILI,Mutant
LLLYVLLGTLLGFLLSLLILI,LLLYVLLGTLLGALLSLLILI,GAS,void,,,,,,,,,,,3669.9,4587.55,45.6136,79.3941,3611.89,4657.08,124.845,139.308,-13.5466,1.1e+17,12,F,50.4279,61.15612146,3590.5059,3472.582,117.9239,1.0,1.030411454746869,0.1195496658530316,G,99999900.0,LLLYVLLGTLLGFLLSLLILI,25338.80403799736,1057.3143815162196,103.52769833574804,0.007251051147744381,LLLYVLLGTLLGFLLSLLILI,Mutant
LLLFALLASLLGILLTLLILI,LLLFALLASLLGILLILLILI,GAS,clash,27.703,-266.394,45466.0,45175.5,-60.3643,-269.755,-365.579,4614.54,-51.8015,-35.4591,3563.6,4480.01,41.8963,2.03909,3552.16,4492.11,68.3594,5.26372,-11.4263,1.10011e+17,15,T,127.68131,1.571911588,,,,,0.2004602497972138,0.0313787106673304,G,99999900.0,LLLFALLASLLGILLTLLILI,17846.130684713302,1355.866653284891,22.57760835961339,0.07385046881750348,LLLFALLASLLGILLTLLILI,Mutant
LLLFALLASLLGILLTLLILI,LLLFALLASLLIILLTLLILI,GAS,clash,27.7003,-270.784,13469500000000.0,13469500000000.0,-74.19,-274.233,-380.567,4644.62,-51.4366,-32.1441,3551.35,4514.05,53.6525,5.84314,3552.16,4492.11,31.646,5.04417,-11.4263,1.10011e+17,11,G,124.42466,4.485482982,,,,,0.236898636392499,0.1072607347893582,G,99999900.0,LLLFALLASLLGILLTLLILI,18132.4878743062,2058.0885455672988,26.1579775826056,0.037412082222218285,LLLFALLASLLGILLTLLILI,Mutant
LLLFALLASLLGILLTLLILI,LLLAALLASLLGILLTLLILI,GAS,void,,,,,,,,,,,3519.12,4340.92,62.7937,86.4457,3552.16,4492.11,164.415,211.192,-11.4263,1.1e+17,3,F,83.2851,50.9310626,3432.6743,3340.968,91.7063,0.0,0.3129040275569326,0.0146707630589686,G,99999900.0,LLLFALLASLLGILLTLLILI,18855.95580132012,1615.6391588415156,28.645120160401262,-0.0385933089422153,LLLFALLASLLGILLTLLILI,Mutant
LLLFALLASLLGILLTLLILI,LLLFALLASLLGALLTLLILI,GAS,void,,,,,,,,,,,3577.23,4477.17,47.8849,44.2262,3552.16,4492.11,87.7011,89.045,-11.4263,1.1e+17,12,I,85.5958,34.06679916,3533.0038,3463.115,69.8888,0.0,0.4473544649259031,0.045571547223336,G,99999900.0,LLLFALLASLLGTLLTLLILI,20070.65457992608,1064.9592837276452,47.270563737648274,-0.1730437463111858,LLLFALLASLLGILLTLLILI,Mutant
LLLYLLLGALLGVLLSTLILI,LLLYLLLGALLIVLLSTLILI,GAS,clash,32.3473,-275.478,100873000.0,100873000.0,-74.1216,-272.689,-372.839,4683.67,-50.5557,-26.0285,3779.49,4668.5,53.6241,20.5805,3782.17,4647.75,31.9874,15.4876,-7.71629,1.10011e+17,11,G,109.6873,15.79860871,,,,,0.2249229586752081,0.0379968045541933,G,99999900.0,LLLYLLLGALLGVLLSTLILI,18061.83726800044,1374.938816245917,25.431817165143634,0.6660504969653543,LLLYLLLGALLGVLLSTLILI,Mutant
LLLYLLLGALLGVLLSTLILI,LLLYLLLGALLGVLLITLILI,GAS,clash,32.3473,-272.268,100850000.0,100850000.0,-58.7653,-271.748,-357.637,4612.45,-50.5557,-27.1242,3787.39,4644.22,46.6209,21.8366,3782.17,4647.75,56.6915,23.6033,-7.71629,1.10011e+17,15,S,107.8838,16.83358978,,,,,0.3149321742505704,0.0369562077562277,G,99999900.0,LLLYLLLGALLGVLLSTLILI,18888.46250917884,1195.451023805089,32.37773309784285,0.576041281389992,LLLYLLLGALLGVLLSTLILI,Mutant
LLLYLLLGALLGVLLSTLILI,LLLYALLGALLGVLLSTLILI,GAS,void,,,,,,,,,,,3825.63,4588.73,63.8174,35.8433,3782.17,4647.75,121.222,56.3409,-7.71629,1.1e+17,4,L,102.6319,25.88427386,3789.7867,3725.8291,63.9576,0.0,0.773495928243805,0.0498491800717605,G,99999900.0,LLLYLLLGALLGVLLSTLILI,22970.692383570047,1619.343213627614,73.82784117710858,0.11747752739675743,LLLYLLLGALLGVLLSTLILI,Mutant
LLLLVLLLAILFLLLSTLILI,LLLLVLLLAILFLLLITLILI,Left,clash,20.2193,-289.543,74904600.0,74904300.0,-58.8784,-279.201,-380.161,4626.7,-49.5967,-42.0817,3699.09,4632.81,43.9765,14.7849,3697.1,4631.92,51.407,14.7352,-30.5202,1.10011e+16,15,S,114.9355,11.39751342,,,,,0.0855247886276389,0.1167401160724071,L,99999900.0,LLLLVLLLAILFLLLSTLILI,26869.237637631293,1581.0577916376683,13.20071593363146,0.0800269886306895,LLLLVLLLAILFLLLSTLILI,Mutant
LLLLVLLLAILFLLLSTLILI,LLLLVLLLIILFLLLSTLILI,Left,clash,19.9954,-291.625,11009800000.0,11009800000.0,-74.1764,-281.328,-396.051,4602.07,-49.5967,-40.5464,3697.1,4631.92,38.3819,18.6191,3697.1,4631.92,38.3819,18.6191,-30.5202,1.10011e+16,8,A,112.7105,14.17738271,,,,,0.1966395911670778,0.1011704209094184,L,99999900.0,LLLLVLLLAILFLLLSTLILI,27484.5723200425,816.0834634893041,26.107885529858088,-0.0310878139087494,LLLLVLLLAILFLLLSTLILI,Mutant
LLLLVLLLAILFLLLSTLILI,LLLLVLLLAALFLLLSTLILI,Left,void,,,,,,,,,,,3690.15,4624.47,42.9941,86.4992,3697.1,4631.92,81.5924,162.828,-30.5202,1.1e+16,9,I,43.1676,66.70882601,3603.6508,3534.272,69.3788,2.0,0.3496701571586276,0.1074639703044557,L,99999900.0,LLLLVLLLAILFLLLSTLILI,28365.839602811066,494.6177923058568,33.90882971189577,-0.1841183799002992,LLLLVLLLAILFLLLSTLILI,Mutant
LLLLVLLLAILFLLLSTLILI,LLLLVLLLAILALLLSTLILI,Left,void,,,,,,,,,,,3731.48,4580.37,50.7419,26.0265,3697.1,4631.92,127.068,101.754,-30.5202,1.1e+16,11,F,104.2413,19.97922741,3705.4535,3595.346,110.1075,2.0,0.3999891999936865,0.0554829318472532,L,99999900.0,LLLLVLLLAILFLLLSTLILI,28677.13423204144,844.8439083438242,41.65912132329378,-0.2344374227353581,LLLLVLLLAILFLLLSTLILI,Mutant
LLLLLLLLAVLFILLSTLILI,LLLLLLLLIVLFILLSTLILI,Left,clash,22.3984,-290.327,490802000000.0,490802000000.0,-74.2392,-280.962,-395.964,4584.52,-49.6034,-40.7637,3639.47,4697.41,50.8988,30.4741,3639.47,4697.41,50.8988,30.4741,-22.091,1.10011e+16,8,A,100.8555,23.20428906,,,,,0.1493480065654592,0.0244963740017168,L,99999900.0,LLLLLLLLAVLFILLSTLILI,27206.94958744092,813.3186143301857,13.318565617610869,-0.02710773659852171,LLLLLLLLAVLFILLSTLILI,Mutant
LLLLLLLLAVLFILLSTLILI,LLLLLLLLAVLFILLITLILI,Left,clash,22.4622,-288.286,6697070.0,6696760.0,-58.8706,-278.842,-380.512,4621.78,-49.6034,-42.7992,3640.81,4709.16,34.8121,5.69811,3639.47,4697.41,36.2117,5.9688,-22.091,1.10011e+16,15,S,124.02229,4.392609027,,,,,0.2065774262774476,0.0663552451964391,L,99999900.0,LLLLLLLLAVLFILLSTLILI,27536.789606378305,653.9862440088144,21.08847746153696,-0.0843371563105101,LLLLLLLLAVLFILLSTLILI,Mutant
LLLLLLLLAVLFILLSTLILI,LLLLALLLAVLFILLSTLILI,Left,void,,,,,,,,,,,3669.96,4658.02,53.6357,19.7818,3639.47,4697.41,107.104,72.4344,-22.091,1.1e+16,4,L,118.6934,14.28544606,3650.1782,3567.0356,83.1426,2.0,0.2408395733085946,0.0247825570785692,L,99999900.0,LLLLLLLLAVLFILLSTLILI,27753.43897101733,1007.6066974906928,26.41324897350592,-0.1185993033416571,LLLLLLLLAVLFILLSTLILI,Mutant
LLLVALLFLLLYLLATLLILI,LLLVALLFLLLILLATLLILI,Left,clash,31.2026,-280.243,1294.83,996.185,-58.8664,-275.3,-369.79,4683.83,-49.6003,-35.6237,3633.1,4676.49,45.0938,15.8061,3628.11,4715.65,120.229,17.4792,-20.8896,1.10011e+17,11,Y,114.4617,12.13354336,,,,,0.2184637655541,0.0427936558323971,L,99999900.0,LLLVALLFLLLYLLATLLILI,27613.87882527619,815.2341755776482,23.39433184828321,1.2974419984852013,LLLVALLFLLLYLLATLLILI,Mutant
LLLVALLFLLLYLLATLLILI,LLLVALLILLLYLLATLLILI,Left,clash,31.1743,-282.165,4305040000.0,4305040000.0,-58.8664,-277.25,-374.116,4704.03,-49.6003,-37.9998,3637.97,4695.98,35.3933,3.0705,3628.11,4715.65,102.789,11.4239,-20.8896,1.10011e+17,7,F,126.5249,2.369297058,,,,,0.5999870051258757,0.111958228653446,L,99999900.0,LLLVALLFLLLYLLATLLILI,29840.42681875053,746.2203275704834,62.31164900714704,0.9159187589134256,LLLVALLFLLLYLLATLLILI,Mutant
LLLVALLFLLLYLLATLLILI,LLLVALLFLLAYLLATLLILI,Left,void,,,,,,,,,,,3567.63,4654.72,53.2435,88.1678,3628.11,4715.65,112.108,208.224,-20.8896,1.1e+17,10,L,40.4036,68.57497079,3479.4622,3419.886,59.5762,2.0,0.6138979091322404,0.031451470496887,L,99999900.0,LLLVALLFLLLYLLATLLILI,29943.5647547435,1175.227354180666,63.85690067069741,0.9020078549070608,LLLVALLFLLLYLLATLLILI,Mutant
LLLVALLFLLLYLLATLLILI,LLLVALLFALLYLLATLLILI,Left,void,,,,,,,,,,,3628.58,4676.87,43.3383,67.9876,3628.11,4715.65,95.7611,145.182,-20.8896,1.1e+17,8,L,63.342,51.76867972,3560.5924,3482.928,77.6644,2.0,0.7204912997917551,0.1425313468654726,L,99999900.0,LLLVALLFLLLYLLATLLILI,30548.54180076692,901.5779945355011,77.64800929178993,0.7954144642475461,LLLVALLFLLLYLLATLLILI,Mutant
LLLLAVLTALLLLLFSLLILI,LLLLIVLTALLLLLFSLLILI,Left,clash,25.2274,-285.107,3435230.0,3434920.0,-74.2962,-276.784,-387.29,4598.92,-49.9071,-36.21,3619.44,4581.85,61.6851,47.7739,3619.44,4581.85,61.6851,47.7739,-20.6163,1.1011e+16,4,A,90.7013,34.49996823,,,,,0.2301465828932104,0.1015341313731479,L,99999900.0,LLLLAVLTALLLLLFSLLILI,27698.530274060427,1171.8681998417603,33.63181954803088,0.016477928809618986,LLLLAVLTALLLLLFSLLILI,Mutant
LLLLAVLTALLLLLFSLLILI,LLLLAVLTALLLLLFILLILI,Left,clash,23.4207,-283.209,3434870.0,3434560.0,-58.9957,-274.98,-372.646,4612.0,-49.7919,-38.6705,3622.72,4582.38,39.9992,10.3245,3619.44,4581.85,47.669,9.99278,-20.6163,1.1011e+16,15,S,119.3959,7.959041138,,,,,0.2370938303887418,0.0870258271142885,L,99999900.0,LLLLAVLTALLLLLFSLLILI,27714.77457112053,648.3511492550323,25.82383415877232,0.009530681314087602,LLLLAVLTALLLLLFSLLILI,Mutant
LLLLAVLTALLLLLFSLLILI,LLLLAVLTALLLLLASLLILI,Left,void,,,,,,,,,,,3575.52,4474.2,46.1234,85.8266,3619.44,4581.85,141.475,228.403,-20.6163,1.1e+16,14,F,44.0602,66.07800023,3489.6934,3391.037,98.6564,2.0,0.3231613257684327,0.0374933821848605,L,99999900.0,LLLLAVLTALLLLLFSLLILI,28229.386986964568,1031.0013802755789,27.7062293756905,-0.07653681406560331,LLLLAVLTALLLLLFSLLILI,Mutant
LLLLAVLTALLLLLFSLLILI,LLLLAVLTALLALLFSLLILI,Left,void,,,,,,,,,,,3655.8,4528.94,52.5058,28.071,3619.44,4581.85,110.74,65.347,-20.6163,1.1e+16,11,L,102.1968,21.54868663,3627.729,3554.093,73.636,2.0,0.3565614362290603,0.0437151872335972,L,99999900.0,LLLLAVLTALLLLLFSLLILI,28429.952921546155,986.243020226059,38.97756842552261,-0.10993692452623088,LLLLAVLTALLLLLFSLLILI,Mutant
LLLLLLLLFVLATLLSILILI,LLLLLLLLFVLATLLIILILI,Left,clash,22.236,-286.943,286810000.0,286809000.0,-58.9034,-278.515,-380.688,4593.69,-49.6295,-43.2697,3682.09,4722.07,47.3663,37.5949,3676.41,4727.97,57.2818,36.8246,-18.6513,1.10011e+16,15,S,92.1255,28.98148634,,,,,0.2062786821552279,0.1091921623685008,L,99999900.0,LLLLLLLLFVLATLLSILILI,27562.25109915314,1241.3835812690736,32.44908037493162,0.0538003310384427,LLLLLLLLFVLATLLSILILI,Mutant
LLLLLLLLFVLATLLSILILI,LLLLLLLLFVLITLLSILILI,Left,clash,22.1735,-288.981,286815000.0,286815000.0,-74.1441,-280.633,-395.151,4595.25,-49.6295,-40.3739,3676.41,4727.97,48.5457,19.0605,3676.41,4727.97,48.5457,19.0605,-18.6513,1.10011e+16,11,A,111.2073,14.63178161,,,,,0.2204909811214157,0.090115869752709,L,99999900.0,LLLLLLLLFVLATLLSILILI,27635.184841994786,1025.713219618708,30.48615435625977,0.03958803207225489,LLLLLLLLFVLATLLSILILI,Mutant
LLLLLLLLFVLATLLSILILI,LLLLLLLLAVLATLLSILILI,Left,void,,,,,,,,,,,3719.39,4578.83,58.6493,43.3254,3676.41,4727.97,162.965,119.074,-18.6513,1.1e+16,8,F,88.0042,32.98982103,3676.0646,3557.336,118.7286,2.0,0.3165350344648071,0.0506783022579007,L,99999900.0,LLLLLLLLFVLATLLSILILI,28201.289968460787,1246.8396169073503,29.09811824813397,-0.05645602127113647,LLLLLLLLFVLATLLSILILI,Mutant
LLLLLLLLFVLATLLSILILI,LLLLALLLFVLATLLSILILI,Left,void,,,,,,,,,,,3734.68,4689.14,58.137,32.4669,3676.41,4727.97,111.824,72.0749,-18.6513,1.1e+16,4,L,106.0083,23.44600333,3702.2131,3604.3351,97.878,2.0,0.3246655256633582,0.0475797985937256,L,99999900.0,LLLLLLLLFVLATLLSILILI,28233.330993464777,785.9926019427172,32.52048967349844,-0.06458651246968761,LLLLLLLLFVLATLLSILILI,Mutant
LLLFALLTILLSLLYVLLILI,LLLFILLTILLSLLYVLLILI,Left,clash,24.1499,-287.397,6476810.0,6476500.0,-74.3733,-283.076,-381.814,4701.82,-54.1488,-24.3645,3723.98,4698.86,42.0516,8.3687,3723.98,4698.86,42.0516,8.3687,-16.7599,1.10011e+17,4,A,130.1065,6.043464823,,,,,0.0836097992831566,0.0703262136715662,L,99999900.0,LLLFALLTILLSLLYVLLILI,26831.49976339865,941.5924744423328,15.183287706215598,0.1120483490935501,LLLFALLTILLSLLYVLLILI,Mutant
LLLFALLTILLSLLYVLLILI,LLLAALLTILLSLLYVLLILI,Left,void,,,,,,,,,,,3668.54,4578.29,53.5214,110.266,3723.98,4698.86,152.248,267.452,-16.7599,1.1e+17,3,F,59.4648,64.96522729,3558.274,3456.528,101.746,2.0,0.2076346086767924,0.035757764931099,L,99999900.0,LLLFALLTILLSLLYVLLILI,27557.18071234057,952.779328718168,23.902120800256466,-0.0119764603000857,LLLFALLTILLSLLYVLLILI,Mutant
LLLFALLTILLSLLYVLLILI,LLLFALLTILLILLYVLLILI,Left,clash,21.608,-285.628,421564.0,421246.0,-58.9913,-281.669,-366.891,4714.46,-54.0334,-26.2309,3724.88,4699.48,52.7159,11.8902,3723.98,4698.86,58.8999,12.6165,-16.7599,1.10011e+17,11,S,118.3776,9.127505032,,,,,0.2333595287280183,0.0909956993852194,L,99999900.0,LLLFALLTILLSLLYVLLILI,27682.43331132107,473.7555318518208,18.5323393141556,-0.0377013803513116,LLLFALLTILLSLLYVLLILI,Mutant
LLLFALLTILLSLLYVLLILI,LLLFALLTILLSLLAVLLILI,Left,void,,,,,,,,,,,3753.99,4557.15,48.1617,31.0148,3723.98,4698.86,157.516,142.332,-16.7599,1.1e+17,14,Y,98.872,23.87833098,3722.9752,3581.648,141.3272,2.0,0.3342511890926807,0.0991956151674236,L,99999900.0,LLLFALLTILLSLLYVLLILI,28283.596751297828,674.7439437227684,36.03195049147172,-0.138593040715974,LLLFALLTILLSLLYVLLILI,Mutant
LLLLILLLALLFVLTSLLILI,LLLLILLLALLFVLTILLILI,Left,clash,27.2622,-285.721,1557950000000000.0,1557950000000000.0,-58.8935,-278.682,-379.802,4627.36,-49.9285,-42.2268,3651.64,4650.44,42.2637,9.95609,3650.15,4653.55,51.4774,9.78024,-16.6705,1.1011e+16,15,S,119.76431,7.675038005,,,,,0.1179056730972448,0.1560864891218825,L,99999900.0,LLLLILLLALLFVLTSLLILI,26991.17660591673,118.55420305279962,7.695942986249739,0.2623347623958988,LLLLILLLALLFVLTSLLILI,Mutant
LLLLILLLALLFVLTSLLILI,LLLLILLLILLFVLTSLLILI,Left,clash,27.2664,-287.753,1644560000.0,1644560000.0,-74.23,-280.799,-395.223,4600.89,-49.9285,-40.1939,3650.15,4653.55,50.5772,21.6211,3650.15,4653.55,50.5772,21.6211,-16.6705,1.1011e+16,8,A,109.7085,16.46323449,,,,,0.1271658213319552,0.0658309147437855,L,99999900.0,LLLLILLLALLFVLTSLLILI,27093.88745409036,1096.045595882038,19.95149735029964,0.2530746141611884,LLLLILLLALLFVLTSLLILI,Mutant
LLLLILLLALLFVLTSLLILI,LLLLALLLALLFVLTSLLILI,Left,void,,,,,,,,,,,3686.35,4625.13,53.5634,20.9277,3650.15,4653.55,97.7039,50.6834,-16.6705,1.1e+16,4,I,117.5475,15.11295885,3665.4223,3599.4666,65.9557,2.0,0.355303189151233,0.0308672049614783,L,99999900.0,LLLLAILLALLFVLTSLLILI,28430.18946173472,1173.58106460827,37.83002382014625,0.024937246341910635,LLLLILLLALLFVLTSLLILI,Mutant
LLLLILLLALLFVLTSLLILI,LLLLILLLALLAVLTSLLILI,Left,void,,,,,,,,,,,3671.01,4559.15,58.4591,51.9036,3650.15,4653.55,145.564,123.368,-16.6705,1.1e+16,11,F,78.3642,39.84376799,3619.1064,3526.782,92.3244,2.0,0.3637206195856499,0.0427334552025068,L,99999900.0,LLLLILLLALLFVLTSLLILI,28468.78202818142,924.817355401956,38.650931908030735,0.01651981590749374,LLLLILLLALLFVLTSLLILI,Mutant
LLLLFLLLLVLAILLSTLILI,LLLLFLLLIVLAILLSTLILI,Left,clash,30.254,-284.505,1983.5,1679.64,-74.2628,-276.759,-382.76,4561.99,-49.6047,-31.7385,3638.14,4624.49,51.8049,24.3108,3603.92,4712.35,118.538,35.1492,-15.4509,1.10011e+16,8,L,107.0188,18.51128763,,,,,0.0996993794631502,0.0598416368179216,L,99999900.0,LLLLFLLLLVLAILLSTLILI,26908.21467439428,599.0402544344544,8.739423454496087,0.03045296343303959,LLLLFLLLLVLAILLSTLILI,Mutant
LLLLFLLLLVLAILLSTLILI,LLLLFLLLLVLIILLSTLILI,Left,clash,30.2385,-288.565,24356.8,24048.8,-74.2628,-280.709,-392.176,4638.68,-49.6047,-37.2045,3603.92,4712.35,48.4625,22.6169,3603.92,4712.35,48.4625,22.6169,-15.4509,1.10011e+16,11,A,107.6509,17.36184997,,,,,0.2077595000647489,0.0753094808618041,L,99999900.0,LLLLFLLLLVLAILLSTLILI,27553.58477117481,864.3291354149634,26.160149854839005,-0.0776071571685591,LLLLFLLLLVLAILLSTLILI,Mutant
LLLLFLLLLVLAILLSTLILI,LLLLFALLLVLAILLSTLILI,Left,void,,,,,,,,,,,3573.15,4655.84,54.0893,68.7527,3603.92,4712.35,109.441,169.501,-15.4509,1.1e+16,5,L,61.5421,52.76703291,3504.3973,3434.419,69.9783,3.0,0.3675421644722885,0.061837878320228,L,99999900.0,LLLLFLLLLVLAILLSTLILI,28504.320751720537,1194.2114455225742,43.152264251759135,-0.2373898215760987,LLLLFLLLLVLAILLSTLILI,Mutant
LLLLFLLLLVLAILLSTLILI,LLLLALLLLVLAILLSTLILI,Left,void,,,,,,,,,,,3664.58,4617.75,55.196,22.5779,3603.92,4712.35,142.905,78.0163,-15.4509,1.1e+16,4,F,115.8973,16.30465239,3642.0021,3525.9037,116.0984,3.0,0.3915191350502893,0.0599637367026636,L,99999900.0,LLLLFLLLLVLAILLSTLILI,28625.7538278034,806.3267133105238,40.51520332063974,-0.2613667921540995,LLLLFLLLLVLAILLSTLILI,Mutant
LLLLFVLTILLALLYSLLILI,LLLLFVLTILLAALYSLLILI,Left,void,,,,,,,,,,,3921.97,4720.6,44.3702,89.5119,3958.39,4760.41,96.6872,192.207,-14.9817,1.1e+16,12,L,40.3101,68.94971576,3832.4581,3766.183,66.2751,3.0,0.121850370030322,0.0089125391398703,L,99999900.0,LLLLFVLTILLALLYSLLILI,27051.15471111361,901.5419330735698,12.401896670565636,0.1063123722334934,LLLLFVLTILLALLYSLLILI,Mutant
LLLLFVLTILLALLYSLLILI,LLLLFVLTILLILLYSLLILI,Left,clash,19.5361,-282.731,1.68e+18,1.68e+18,-74.2097,-283.568,-379.843,4653.3,-54.4823,-22.0651,3958.39,4760.41,48.6551,9.6073,3958.39,4760.41,48.6551,9.6073,-14.9817,1.1011e+16,11,A,120.6605,7.375038191,,,,,0.2034189814609577,0.0385449650640801,L,99999900.0,LLLLFVLTILLALLYSLLILI,27525.82671733761,817.5573210608894,21.59976314847169,0.0247437608028577,LLLLFVLTILLALLYSLLILI,Mutant
LLLLFVLTILLALLYSLLILI,LLLLIVLTILLALLYSLLILI,Left,clash,18.9407,-277.825,2100950000.0,2100950000.0,-74.252,-278.685,-389.93,4573.75,-54.4574,-36.9933,3997.3,4647.74,49.6731,36.6276,3958.39,4760.41,145.881,50.2339,-14.9817,1.1011e+16,4,F,101.8476,26.45065687,,,,,0.2289009983064926,0.0905485052123426,L,99999900.0,LLLLFVLTILLALLYSLLILI,27661.700299636275,535.6350598282239,22.669636082052484,-0.0007382560426772156,LLLLFVLTILLALLYSLLILI,Mutant
LLLLFVLTILLALLYSLLILI,LLLLFVLTILLALLASLLILI,Left,void,,,,,,,,,,,3958.95,4617.73,48.1347,33.5517,3958.39,4760.41,157.575,177.609,-14.9817,1.1e+16,14,Y,96.3351,25.83149327,3925.3983,3780.781,144.6173,3.0,0.337014862146844,0.0643925272472901,L,99999900.0,LLLLFVLTILLALLYSLLILI,28302.94429952416,723.31010463447,34.1172709806996,-0.10885211988302862,LLLLFVLTILLALLYSLLILI,Mutant
LLLYALLFLLTSLLLVLLILI,LLLYALLILLTSLLLVLLILI,Left,clash,35.8869,-283.371,84487.9,84190.5,-74.3287,-280.755,-389.792,4720.72,-49.8994,-34.7081,3813.04,4691.73,55.0913,15.9257,3795.22,4824.76,153.463,33.1369,-12.1515,1.10011e+17,7,F,113.6697,12.28878494,,,,,0.1971191243074488,0.1347059454456181,L,99999900.0,LLLYALLFLLTSLLLVLLILI,27495.753528014,1487.968397596789,8.257646886864771,0.30718552736313776,LLLYALLFLLTSLLLVLLILI,Mutant
LLLYALLFLLTSLLLVLLILI,LLLYALLFLLTILLLVLLILI,Left,clash,35.9172,-286.369,84925.3,84624.9,-58.9029,-283.43,-367.956,4783.91,-49.9243,-25.6229,3795.57,4836.04,43.6016,7.72897,3795.22,4824.76,44.1084,7.65211,-12.1515,1.10011e+17,11,S,122.53883,5.933139272,,,,,0.2083822390763962,0.1732386038988218,L,99999900.0,LLLYALLFLLTSLLLVLLILI,27573.31274708176,1373.5664131398355,38.45535132825575,0.2959224125941904,LLLYALLFLLTSLLLVLLILI,Mutant
LLLYALLFLLTSLLLVLLILI,LLLYALLFLLTSLLAVLLILI,Left,void,,,,,,,,,,,3841.87,4775.1,45.1478,22.5053,3795.22,4824.76,102.517,53.9824,-12.1515,1.1e+17,14,L,107.3815,17.32685692,3819.3647,3741.2376,78.1271,2.0,0.34154006202507,0.0826018640174889,L,99999900.0,LLLYALLFLLTSLLLVLLILI,28320.117347384705,556.8047349789803,30.428000535547906,0.1627645896455166,LLLYALLFLLTSLLLVLLILI,Mutant
LLLYALLFLLTSLLLVLLILI,LLLYALLFALTSLLLVLLILI,Left,void,,,,,,,,,,,3767.13,4778.0,44.887,59.6375,3795.22,4824.76,99.5328,155.473,-12.1515,1.1e+17,8,L,71.6921,45.41055482,3707.4925,3639.747,67.7455,2.0,0.3904318661749257,0.0427968622837617,L,99999900.0,LLLYALLFLLTSLLLVLLILI,28626.91992553852,1128.0888281932546,34.372838006943994,0.11387278549566088,LLLYALLFLLTSLLLVLLILI,Mutant
LLLYFLLAILVTLLLSLLILI,LLLYFLLIILVTLLLSLLILI,Left,clash,47.7205,-289.577,542967000.0,542967000.0,-74.213,-284.988,-378.771,4724.4,-49.8242,-19.5696,3755.49,4747.18,48.3437,26.8388,3755.49,4747.18,48.3437,26.8388,-11.7583,1.10011e+17,7,A,102.7566,20.70968568,,,,,0.0303053047222331,0.0649515132891097,L,99999900.0,LLLYFLLAILVTLLLSLLILI,26513.65680001971,812.9239882804102,8.214634170995007,0.19718610387659768,LLLYFLLAILVTLLLSLLILI,Mutant
LLLYFLLAILVTLLLSLLILI,LLLYFLLAALVTLLLSLLILI,Left,void,,,,,,,,,,,3747.71,4721.79,46.9023,89.8183,3755.49,4747.18,91.023,166.101,-11.7583,1.1e+17,8,I,41.5113,68.39151265,3657.8917,3589.389,68.5027,3.0,0.1988317435992006,0.0524019017456146,L,99999900.0,LLLYFLLAILVTLLLSLLILI,27509.716840935183,1029.1945139216818,25.254852323761124,0.028659664999630186,LLLYFLLAILVTLLLSLLILI,Mutant
LLLYFLLAILVTLLLSLLILI,LLLYFLLAILVILLLSLLILI,Left,clash,47.4544,-286.372,542964000.0,542964000.0,-60.3786,-281.76,-366.926,4726.4,-45.0686,-24.7872,3767.05,4723.96,49.4308,24.8795,3755.49,4747.18,78.4653,38.6303,-11.7583,1.10011e+17,11,T,105.3883,19.09873353,,,,,0.2065396101728992,0.0691707433471172,L,99999900.0,LLLYFLLAILVTLLLSLLILI,27532.12575909205,582.9645635477403,18.3850290959302,0.02095179842593159,LLLYFLLAILVTLLLSLLILI,Mutant
LLLYFLLAILVTLLLSLLILI,LLLYFLLAILVTLLASLLILI,Left,void,,,,,,,,,,,3795.06,4713.61,55.684,20.6298,3755.49,4747.18,109.073,47.0193,-11.7583,1.1e+17,14,L,109.257,15.88290727,3774.4302,3708.4707,65.9595,3.0,0.2695451690189812,0.0399102297197618,L,99999900.0,LLLYFLLAILVTLLLSLLILI,27928.267388696186,1150.1982664860473,30.77723261720488,-0.04205376042015038,LLLYFLLAILVTLLLSLLILI,Mutant
LLLLYLLLAILFVLLSTLILI,LLLLYLLLAILFVLLITLILI,Left,clash,33.5434,-286.696,1700800.0,1700490.0,-58.8835,-280.902,-364.81,4635.54,-53.4419,-25.0246,3607.19,4786.64,35.0333,9.53212,3607.01,4773.27,36.363,10.3047,-11.4453,1.10011e+16,15,S,120.18828,7.348204292,,,,,0.0583592219459244,0.0569311204169683,L,99999900.0,LLLLYLLLAILFVLLSTLILI,26664.298751338625,604.6091209083929,2.5129533493295417,0.0917850104724776,LLLLYLLLAILFVLLSTLILI,Mutant
LLLLYLLLAILFVLLSTLILI,LLLLYLLLIILFVLLSTLILI,Left,clash,33.6361,-288.725,1698550.0,1698240.0,-74.2436,-283.964,-381.001,4625.96,-53.4419,-22.7929,3607.01,4773.27,60.5719,38.8472,3607.01,4773.27,60.5719,38.8472,-11.4453,1.10011e+16,8,A,92.4824,29.57992715,,,,,0.102877242008485,0.0679048986558795,L,99999900.0,LLLLYLLLAILFVLLSTLILI,26938.92073714818,832.2200228916398,15.436340056636164,0.047266990409917,LLLLYLLLAILFVLLSTLILI,Mutant
LLLLYLLLAILFVLLSTLILI,LLLLYLLLAALFVLLSTLILI,Left,void,,,,,,,,,,,3592.66,4758.54,42.8924,85.9795,3607.01,4773.27,83.2514,166.424,-11.4453,1.1e+16,9,I,43.6873,66.3080295,3506.6805,3440.586,66.0945,3.0,0.2278173100562834,0.034488771692193,L,99999900.0,LLLLYLLLAILFVLLSTLILI,27665.05207555608,784.1572444522399,20.97998377940453,-0.0776730776378814,LLLLYLLLAILFVLLSTLILI,Mutant
LLLLYLLLAILFVLLSTLILI,LLLLALLLAILFVLLSTLILI,Left,void,,,,,,,,,,,3633.04,4648.07,53.4502,11.4843,3607.01,4773.27,155.277,142.977,-11.4453,1.1e+16,4,Y,126.9909,8.293398385,3621.5557,3464.033,157.5227,3.0,0.2853442595870913,0.0579375991963397,L,99999900.0,LLLLYLLLAILFVLLSTLILI,28008.059766717302,872.0448227670644,32.01210724860483,-0.1352000271686893,LLLLYLLLAILFVLLSTLILI,Mutant
LLLLLLLLFILAVLLSTLILI,LLLLLLLLFILAVLLITLILI,Left,clash,28.1756,-284.996,1284530000.0,1284530000.0,-58.9454,-278.811,-381.184,4592.03,-49.66,-43.4277,3635.58,4672.76,44.4375,28.3673,3631.69,4676.05,53.92,27.7697,-10.8518,1.10011e+16,15,S,101.3531,21.86803309,,,,,0.1683315100021357,0.1150238401691256,L,99999900.0,LLLLLLLLFILAVLLSTLILI,27296.66156645513,315.3185617928099,13.355255987781833,0.030989875012637697,LLLLLLLLFILAVLLSTLILI,Mutant
LLLLLLLLFILAVLLSTLILI,LLLLLLLLFILIVLLSTLILI,Left,clash,28.1466,-287.028,1284310000.0,1284310000.0,-74.2965,-280.939,-395.863,4599.4,-49.66,-40.6277,3631.69,4676.05,48.7412,22.6648,3631.69,4676.05,48.7412,22.6648,-10.8518,1.10011e+16,11,A,107.603,17.39862038,,,,,0.2460823432616721,0.1054316972203263,L,99999900.0,LLLLLLLLFILAVLLSTLILI,27774.80726242049,846.612422414012,31.38704896792468,-0.046760958246898715,LLLLLLLLFILAVLLSTLILI,Mutant
LLLLLLLLFILAVLLSTLILI,LLLLALLLFILAVLLSTLILI,Left,void,,,,,,,,,,,3668.66,4624.41,52.9296,15.8069,3631.69,4676.05,111.414,65.5177,-10.8518,1.1e+16,4,L,122.6683,11.41496817,3652.8531,3566.1723,86.6808,2.0,0.3106973553485621,0.0708434644589187,L,99999900.0,LLLLLLLLFILAVLLSTLILI,28148.801972316203,716.5951023679819,32.396712937730804,-0.11137597033378868,LLLLLLLLFILAVLLSTLILI,Mutant
LLLLLLLLFILAVLLSTLILI,LLLLLLLLAILAVLLSTLILI,Left,void,,,,,,,,,,,3674.13,4518.87,61.6635,45.5562,3631.69,4676.05,163.091,110.624,-10.8518,1.1e+16,8,F,85.7734,34.688448,3628.5738,3521.066,107.5078,2.0,0.3418783262317071,0.1176989592266479,L,99999900.0,LLLLLLLLFILAVLLSTLILI,28321.26275354184,540.4401560520514,35.14790516088963,-0.1425569412169337,LLLLLLLLFILAVLLSTLILI,Mutant
LLLLWVLLFLLAILTSLLILI,LLLLAVLLFLLAILTSLLILI,Left,void,,,,,,,,,,,3648.08,4596.32,55.5374,42.9841,3592.54,4629.72,133.658,94.4855,-10.4562,1.1e+16,4,W,95.4911,31.04100951,3605.0959,3498.0545,107.0414,2.0,0.1637610922284528,0.0465126340626429,L,99999900.0,LLLLAVLLFLLALLTSLLILI,27310.77479222534,1208.1740001128912,19.06513499872908,-0.015972048622728496,LLLLWVLLFLLAILTSLLILI,Mutant
LLLLWVLLFLLAILTSLLILI,LLLLWVLLFLLAILTILLILI,Left,clash,45.2337,-290.074,37599000000.0,37599000000.0,-58.919,-281.294,-373.702,4667.14,-49.7177,-33.4894,3597.23,4625.96,42.65,22.9588,3592.54,4629.72,52.3564,22.6786,-10.4562,1.1011e+16,15,S,106.7616,17.69868116,,,,,0.1930349316063913,0.1122426220941877,L,99999900.0,LLLLWVLLFLLAILTSLLILI,27441.39442623629,332.77347262644844,14.981214564832978,-0.04524588800066698,LLLLWVLLFLLAILTSLLILI,Mutant
LLLLWVLLFLLAILTSLLILI,LLLLWVLLALLAILTSLLILI,Left,void,,,,,,,,,,,3652.04,4534.95,39.8544,19.9832,3592.54,4629.72,130.896,83.9426,-10.4562,1.1e+16,8,F,111.3464,15.21606706,3632.0568,3508.5974,123.4594,2.0,0.2073890292792216,0.0204079952267161,L,99999900.0,LLLLWVLLFLLAILTSLLILI,27557.056480755586,1065.6103842753291,19.682307255354345,-0.05959998567349728,LLLLWVLLFLLAILTSLLILI,Mutant
LLLLWVLLFLLAILTSLLILI,LLLLWVLLFLLIILTSLLILI,Left,clash,45.2255,-292.105,37599100000.0,37599100000.0,-74.2751,-285.781,-389.914,4673.67,-49.8297,-29.8582,3592.54,4629.72,52.1968,21.7171,3592.54,4629.72,52.1968,21.7171,-10.4562,1.1011e+16,11,A,108.5507,16.67111903,,,,,0.229283150883495,0.3084585839324095,L,99999900.0,LLLLWVLLFLLAILTSLLILI,27608.434885809795,791.0340958150011,15.428099302357648,-0.08149410727777068,LLLLWVLLFLLAILTSLLILI,Mutant
LLLLTVLLALLFILLSLLILI,LLLLTVLLILLFILLSLLILI,Left,clash,34.5537,-287.596,1152.45,854.296,-60.4896,-281.48,-389.448,4608.63,-45.1139,-47.4782,3717.0,4742.92,55.3117,30.197,3717.0,4742.92,55.3117,30.197,-9.8057,1.10011e+16,8,A,101.1326,22.99329321,,,,,0.0951549012186557,0.0572923330474939,L,99999900.0,LLLLTVLLALLFILLSLLILI,26897.158397205305,899.1476421899023,14.718139231322708,0.26812516177193035,LLLLTVLLALLFILLSLLILI,Mutant
LLLLTVLLALLFILLSLLILI,LLLLTVLLALLFILLILLILI,Left,clash,34.4698,-285.567,3422.94,3126.73,-45.1139,-279.029,-373.791,4643.13,-45.1139,-49.648,3717.17,4756.32,32.6259,6.88363,3717.0,4742.92,33.3031,7.19073,-9.8057,1.10011e+16,15,S,122.83677,5.306513085,,,,,0.1643798209062025,0.0715540015930155,L,99999900.0,LLLLTVLLALLFILLSLLILI,27320.389164419696,1356.4688932865104,19.26521971004972,0.19890024208438356,LLLLTVLLALLFILLSLLILI,Mutant
LLLLTVLLALLFILLSLLILI,LLLLTVLLAALFILLSLLILI,Left,void,,,,,,,,,,,3691.86,4711.19,41.0456,79.6309,3717.0,4742.92,92.8542,179.768,-9.8057,1.1e+16,9,L,50.0359,61.41194199,3612.2291,3537.232,74.9971,3.0,0.2368850572445069,0.0581702499092397,L,99999900.0,LLLLTVLLALLFILLSLLILI,27712.33666163559,654.0336868842357,21.128793795775444,0.12639500574607918,LLLLTVLLALLFILLSLLILI,Mutant
LLLLTVLLALLFILLSLLILI,LLLLTVLLALLFILLSALILI,Left,void,,,,,,,,,,,3697.95,4722.45,42.9447,84.6926,3717.0,4742.92,89.7937,178.515,-9.8057,1.1e+16,16,L,44.7702,65.41848315,3613.2574,3538.485,74.7724,3.0,0.2660295888144139,0.040474109944699,L,99999900.0,LLLLTVLLALLFILLSLLILI,27906.752835930685,1125.2929734729116,30.679743312665742,0.09725047417617216,LLLLTVLLALLFILLSLLILI,Mutant
LLLLFVLLALLTILLSLLILI,LLLLFVLLILLTILLSLLILI,Left,clash,22.7442,-281.565,1109740000.0,1109740000.0,-74.309,-280.673,-393.177,4618.08,-49.8612,-38.1947,3766.29,4681.71,40.5954,2.58482,3766.29,4681.71,40.5954,2.58482,-9.53815,1.1011e+16,8,A,128.74478,1.968193004,,,,,0.1765983341852751,0.0800033486457762,L,99999900.0,LLLLFVLLALLTILLSLLILI,27357.23310351021,564.5916877428051,17.671638227668033,0.0073959708669676105,LLLLFVLLALLTILLSLLILI,Mutant
LLLLFVLLALLTILLSLLILI,LLLLFVLLALLTILLILLILI,Left,clash,22.744,-279.532,94197.0,93890.5,-58.9585,-278.494,-377.299,4625.04,-49.7454,-39.8469,3766.37,4684.48,39.3337,13.3757,3766.29,4681.71,45.5851,13.5481,-9.53815,1.1011e+16,15,S,116.3447,10.31117696,,,,,0.2426342414961711,0.1805832234334196,L,99999900.0,LLLLFVLLALLTILLSLLILI,27720.97142683308,297.3966025529116,22.339845295651795,-0.0586399364439284,LLLLFVLLALLTILLSLLILI,Mutant
LLLLFVLLALLTILLSLLILI,LLLLFVLLALLTALLSLLILI,Left,void,,,,,,,,,,,3808.04,4665.03,46.9608,58.6421,3766.29,4681.71,87.1966,100.835,-9.53815,1.1e+16,12,I,71.1799,45.17115743,3749.3979,3665.455,83.9429,3.0,0.2890666753470167,0.0259292345269304,L,99999900.0,LLLLFVLLALLTILLSLLILI,28035.114700040354,997.2134147479773,31.0625039082494,-0.10507237029477398,LLLLFVLLALLTILLSLLILI,Mutant
LLLLFVLLALLTILLSLLILI,LLLLAVLLALLTILLSLLILI,Left,void,,,,,,,,,,,3840.5,4537.85,54.5756,82.3398,3766.29,4681.71,153.319,124.506,-9.53815,1.1e+16,4,F,56.1354,59.46176644,3758.1602,3641.784,116.3762,3.0,0.3079661511213251,0.015504570386732,L,99999900.0,LLLLFVLLALLTILLSLLILI,28148.370500401023,1081.1732973130386,31.73248610700189,-0.12397184606908238,LLLLFVLLALLTILLSLLILI,Mutant
LLLLFVLLILLATLYSLLILI,LLLLFVLLILLITLYSLLILI,Left,clash,20.4376,-282.058,4061950000.0,4061950000.0,-74.1478,-283.571,-379.763,4633.64,-53.305,-22.0441,3931.94,4685.28,53.7935,20.9118,3931.94,4685.28,53.7935,20.9118,-9.43159,1.1011e+16,11,A,109.356,16.05293096,,,,,0.0373142091223872,0.1133840663321177,L,99999900.0,LLLLFVLLILLATLYSLLILI,26559.61488953228,979.5083566538972,14.345050410274018,0.203751881964923,LLLLFVLLILLATLYSLLILI,Mutant
LLLLFVLLILLATLYSLLILI,LLLLFVLLILLATLASLLILI,Left,void,,,,,,,,,,,3988.94,4604.62,46.7712,32.5627,3931.94,4685.28,138.817,148.945,-9.43159,1.1e+16,14,Y,97.3241,25.07006101,3956.3773,3782.995,173.3823,3.0,0.0985997597764943,0.0305835683500288,L,99999900.0,LLLLFVLLILLATLYSLLILI,26907.72490801684,757.7604571054911,8.288972366714498,0.1424663313108159,LLLLFVLLILLATLYSLLILI,Mutant
LLLLFVLLILLATLYSLLILI,LLLLFVLAILLATLYSLLILI,Left,void,,,,,,,,,,,3928.99,4629.91,56.6935,68.2426,3931.94,4685.28,114.902,151.398,-9.43159,1.1e+16,7,L,61.3528,52.6581962,3860.7474,3780.542,80.2054,3.0,0.1380629205295506,0.0387860316661086,L,99999900.0,LLLLFVLLILLATLYSLLILI,27150.423256384147,953.272592048576,17.616192362673946,0.1030031705577596,LLLLFVLLILLATLYSLLILI,Mutant
LLLLFVLLILLATLYSLLILI,LLLLIVLLILLATLYSLLILI,Left,clash,20.0401,-277.178,3996970000.0,3996970000.0,-74.1478,-278.612,-389.648,4547.51,-53.305,-36.888,3955.2,4577.07,46.406,45.3046,3931.94,4685.28,143.045,58.3685,-9.43159,1.1011e+16,4,F,93.1706,32.71676084,,,,,0.1426618245943036,0.0711067344549188,L,99999900.0,LLLLFVLLILLATLYSLLILI,27162.573714955703,642.7485130237799,15.786657167973589,0.0984042664930066,LLLLFVLLILLATLYSLLILI,Mutant
LLLLLLLTALLFVLYILLILI,LLLLLLLTILLFVLYILLILI,Left,clash,28.5638,-285.853,8546.15,8239.32,-58.8086,-285.606,-378.444,4689.73,-49.5447,-34.0288,3900.89,4884.63,53.1195,26.4639,3900.89,4884.63,53.1195,26.4639,-9.24664,1.1011e+16,8,A,104.8657,20.15075048,,,,,0.0759588760734734,0.1037634623725723,L,99999900.0,LLLLLLLTALLFVLYILLILI,26761.50842866037,420.2492847050753,7.630363224615874,0.09553317738302389,LLLLLLLTALLFVLYILLILI,Mutant
LLLLLLLTALLFVLYILLILI,LLLLLLLTALLIVLYILLILI,Left,clash,28.4486,-280.825,2544.16,2242.24,-58.8086,-280.581,-385.378,4632.4,-49.5447,-45.9883,3904.71,4761.25,46.7999,17.8082,3900.89,4884.63,146.17,22.9669,-9.24664,1.1011e+16,11,F,112.4596,13.67045425,,,,,0.1279258294647452,0.0565799361003102,L,99999900.0,LLLLLLLTALLFVLYILLILI,27084.67682269162,813.8287474798165,16.520257752670528,0.043566223991752084,LLLLLLLTALLFVLYILLILI,Mutant
LLLLLLLTALLFVLYILLILI,LLLLLLLTALLFVLAILLILI,Left,void,,,,,,,,,,,3770.74,4745.6,53.0529,82.8919,3900.89,4884.63,160.612,292.906,-9.24664,1.1e+16,14,Y,46.9949,63.81857125,3687.8481,3607.984,79.8641,3.0,0.2975927641583566,0.0237504256048535,L,99999900.0,LLLLLLLTALLFVLYILLILI,28089.456598583514,1108.198603291579,31.63800565670708,-0.12610071070185933,LLLLLLLTALLFVLYILLILI,Mutant
LLLLLLLTALLFVLYILLILI,LLLLLLLTALLFVLYALLILI,Left,void,,,,,,,,,,,3942.54,4895.18,35.4727,42.8412,3900.89,4884.63,64.5945,70.7424,-9.24664,1.1e+16,15,I,86.8792,33.02580011,3899.6988,3830.1476,69.5512,3.0,0.2989470298073608,0.0883180271806558,L,99999900.0,LLLLLLLTALLFVLYILLILI,28067.205391518142,552.2735195820477,23.37840263244865,-0.12745497635086353,LLLLLLLTALLFVLYILLILI,Mutant
LLLLFVLLALLTILYSLLILI,LLLLFVLLALLTILYILLILI,Left,clash,22.0486,-282.646,127092000.0,127091000.0,-58.9576,-281.446,-365.326,4620.17,-49.721,-24.9225,3896.37,4778.3,39.3463,10.8369,3894.44,4774.81,45.4029,10.3064,-8.89267,1.1011e+16,15,S,118.8835,8.354044545,,,,,-0.0003502161216601,0.0497860626746963,L,99999900.0,LLLLFVLLALLTILYSLLILI,26343.946880408774,1012.9754375430128,5.617798388285496,0.0878880153344021,LLLLFVLLALLTILYSLLILI,Mutant
LLLLFVLLALLTILYSLLILI,LLLLFVLLILLTILYSLLILI,Left,clash,22.0401,-284.68,880099000.0,880098000.0,-74.3162,-283.562,-380.175,4622.06,-49.8326,-22.2975,3894.44,4774.81,39.7503,3.73085,3894.44,4774.81,39.7503,3.73085,-8.89267,1.1011e+16,8,A,127.59875,2.840829486,,,,,0.1268257961433465,0.1411962454829341,L,99999900.0,LLLLFVLLALLTILYSLLILI,27087.83283550857,1136.7778833258049,26.2426255738672,-0.03928799693060449,LLLLFVLLALLTILYSLLILI,Mutant
LLLLFVLLALLTILYSLLILI,LLLLAVLLALLTILYSLLILI,Left,void,,,,,,,,,,,3982.26,4629.9,57.6979,103.834,3894.44,4774.81,157.084,160.519,-8.89267,1.1e+16,4,F,34.6412,74.98382382,3878.426,3733.921,144.505,2.0,0.1572437670331725,0.0610692197004492,L,99999900.0,LLLLFVLLALLTILYSLLILI,27262.506588075223,1174.6767569661274,10.953245270498458,-0.0697059678204305,LLLLFVLLALLTILYSLLILI,Mutant
LLLLFVLLALLTILYSLLILI,LLLLFVLLALLTALYSLLILI,Left,void,,,,,,,,,,,3953.65,4760.3,46.9327,54.7235,3894.44,4774.81,86.6208,87.2841,-8.89267,1.1e+16,12,I,75.0985,42.1527168,3898.9265,3807.1559,91.7706,2.0,0.2249997965191997,0.0450923277733242,L,99999900.0,LLLLFVLLALLTILYSLLILI,27651.628453272915,804.5129711911752,24.00085904035877,-0.1374619973064577,LLLLFVLLALLTILYSLLILI,Mutant
LLLYFLLTVLLLLLASLLILI,LLLYFLLTVLLLLLISLLILI,Left,clash,39.1207,-286.563,208361000.0,208360000.0,-74.0825,-285.84,-381.013,4808.79,-49.8807,-21.0902,3916.81,4845.74,46.2158,23.2978,3916.81,4845.74,46.2158,23.2978,-6.48805,1.10011e+17,14,A,106.589,17.93700361,,,,,0.1207362720294706,0.0427276106427345,L,99999900.0,LLLYFLLTVLLLLLASLLILI,27037.035065792927,868.2883163324954,7.056314924566203,0.1449654120629635,LLLYFLLTVLLLLLASLLILI,Mutant
LLLYFLLTVLLLLLASLLILI,LLLYFLLIVLLLLLASLLILI,Left,clash,39.1933,-283.321,208354000.0,208354000.0,-60.4048,-282.579,-369.321,4825.69,-45.0982,-26.337,3921.95,4841.64,41.6586,13.5138,3916.81,4845.74,65.2678,20.4765,-6.48805,1.10011e+17,7,T,116.0816,10.42768493,,,,,0.2065188449654162,0.1540473659034802,L,99999900.0,LLLYFLLTVLLLLLASLLILI,27517.619937038024,373.6709823852794,20.78496488813566,0.05918283912701791,LLLYFLLTVLLLLLASLLILI,Mutant
LLLYFLLTVLLLLLASLLILI,LLLAFLLTVLLLLLASLLILI,Left,void,,,,,,,,,,,3758.0,4670.54,55.5132,73.4179,3916.81,4845.74,172.455,301.128,-6.48805,1.1e+17,3,Y,96.3129,43.25549635,3684.5821,3615.682,68.9001,3.0,0.254147283992564,0.0288156227185979,L,99999900.0,LLLYFLLTVLLLLLASLLILI,27823.208859853887,945.4694567122788,21.71754139798724,0.011554400099870132,LLLYFLLTVLLLLLASLLILI,Mutant
LLLYFLLTVLLLLLASLLILI,LLLYALLTVLLLLLASLLILI,Left,void,,,,,,,,,,,3988.07,4705.99,56.7126,51.6191,3916.81,4845.74,154.202,97.6447,-6.48805,1.1e+17,4,F,86.8561,37.27678314,3936.4509,3819.1653,117.2856,3.0,0.2912049100726361,0.0316008065425879,L,99999900.0,LLLYFLLTVLLLLLASLLILI,28040.172321947062,849.6468714492797,29.130621368530385,-0.025503225980201993,LLLYFLLTVLLLLLASLLILI,Mutant
LLLLLFLLATLLILLSVLILI,LLLLLFLLITLLILLSVLILI,Left,clash,33.0076,-284.891,20071.1,19769.6,-74.3011,-279.473,-392.501,4618.8,-49.6228,-38.7263,3737.49,4700.88,40.9746,16.843,3737.49,4700.88,40.9746,16.843,-6.48367,1.10011e+16,8,A,114.4866,12.82498386,,,,,0.1319017823562601,0.0254050042375923,L,99999900.0,LLLLLFLLATLLILLSVLILI,27105.15205851033,863.2529750996299,10.24852668503535,0.1490562904415439,LLLLLFLLATLLILLSVLILI,Mutant
LLLLLFLLATLLILLSVLILI,LLLLLFLLATLIILLSVLILI,Left,clash,32.9069,-280.832,11274.9,10977.4,-74.3011,-275.446,-382.448,4556.42,-49.6228,-32.7007,3783.91,4637.37,53.6628,29.1082,3737.49,4700.88,115.282,66.5479,-6.48367,1.10011e+16,11,L,101.1596,22.3448926,,,,,0.1901636437610121,0.3545423151206772,L,99999900.0,LLLLLFLLATLLILLSVLILI,27358.774433185143,1048.5819833010094,0.7676911180480637,0.09079442903679188,LLLLLFLLATLLILLSVLILI,Mutant
LLLLLFLLATLLILLSVLILI,LLLLAFLLATLLILLSVLILI,Left,void,,,,,,,,,,,3803.37,4660.71,57.8481,42.7058,3737.49,4700.88,111.943,77.4927,-6.48367,1.1e+16,4,L,95.7694,30.84003489,3760.6642,3659.9973,100.6669,2.0,0.3700220906189448,0.0158534740765207,L,99999900.0,LLLLLFLLATLLILLSVLILI,28507.687372947577,992.4241911908651,37.54068433062328,-0.08906401782114082,LLLLLFLLATLLILLSVLILI,Mutant
LLLLLFLLATLLILLSVLILI,LLLLLALLATLLILLSVLILI,Left,void,,,,,,,,,,,3646.5,4571.44,53.9661,79.4259,3737.49,4700.88,152.555,259.316,-6.48367,1.1e+16,5,F,50.8689,60.95861078,3567.0741,3478.174,88.9001,2.0,0.3811340794373246,0.0833746037661358,L,99999900.0,LLLLLFLLATLLILLSVLILI,28561.1388969482,730.11459693853,40.16721982279156,-0.10017600663952059,LLLLLFLLATLLILLSVLILI,Mutant
LLLYLLLIVLLAFLLSTLILI,LLLYLLLIVLLIFLLSTLILI,Right,clash,16.6959,-278.473,187650.0,187338.0,-74.2927,-284.062,-376.107,4787.54,-49.5918,-17.7515,4083.57,4857.08,50.5169,5.69161,4083.57,4857.08,50.5169,5.69161,-18.9945,1.10011e+17,11,A,124.57619,4.369161067,,,,,0.0934644975138204,0.0967895752004263,R,99999900.0,LLLYLLLIVLLAFLLSTLILI,23475.8095311829,1431.4709615421216,0.5129543267267467,0.12875854844552992,LLLYLLLIVLLAFLLSTLILI,Mutant
LLLYLLLIVLLAFLLSTLILI,LLLYLLLIVLLAFLLITLILI,Right,clash,16.6995,-276.441,1031.85,722.519,-58.879,-282.912,-362.705,4799.43,-49.5918,-20.9137,4085.35,4850.16,41.0446,5.4698,4083.57,4857.08,52.6666,5.66509,-18.9945,1.10011e+17,15,S,124.2506,4.216607411,,,,,0.1902373138667151,0.1758480647204971,R,99999900.0,LLLYLLLIVLLAFLLSTLILI,23907.108450719523,402.8786029595215,28.44079428519681,0.031985732092635194,LLLYLLLIVLLAFLLSTLILI,Mutant
LLLYLLLIVLLAFLLSTLILI,LLLYLLLIVLLAALLSTLILI,Right,void,,,,,,,,,,,4092.83,4726.27,49.6986,66.7304,4083.57,4857.08,148.53,181.31,-18.9945,1.1e+17,12,F,63.0916,51.40145738,4026.0996,3902.26,123.8396,5.0,0.2439083098493197,0.0647865411253349,R,99999900.0,LLLYLLLIVLLAFLLSTLILI,24303.196050529023,1302.5216379179672,19.60993040154017,-0.021685263889969386,LLLYLLLIVLLAFLLSTLILI,Mutant
LLLYLLLIVLLAFLLSTLILI,LLLYALLIVLLAFLLSTLILI,Right,void,,,,,,,,,,,4090.09,4816.27,54.0235,67.2549,4083.57,4857.08,109.534,143.937,-18.9945,1.1e+17,4,L,71.2203,48.56819127,4022.8351,3939.633,83.2021,5.0,0.2810795714930642,0.0212707244511308,R,99999900.0,LLLYLLLIVLLAFLLSTLILI,24523.02943368856,1453.9547582826306,27.11796184255084,-0.05885652553371387,LLLYLLLIVLLAFLLSTLILI,Mutant
LLLYFLLTILLAVLLSLLILI,LLLYFLLIILLAVLLSLLILI,Right,clash,23.2607,-278.034,15014000.0,15013700.0,-60.4094,-280.833,-366.386,4724.79,-45.0563,-25.1437,3950.02,4753.97,53.4433,0.0,3947.89,4762.7,75.0291,3.46465,-14.9437,1.10011e+17,7,T,118.5943,8.961155404,,,,,0.086943522812905,0.1173524720318031,R,99999900.0,LLLYFLLTILLAVLLSLLILI,23380.85067063472,915.1143998526868,7.868334210207896,0.18263891311929048,LLLYFLLTILLAVLLSLLILI,Mutant
LLLYFLLTILLAVLLSLLILI,LLLYFLLTILLIVLLSLLILI,Right,clash,23.3448,-281.253,14600200.0,14599900.0,-74.1352,-283.052,-376.375,4740.11,-49.8364,-19.1883,3947.89,4762.7,53.5918,3.66839,3947.89,4762.7,53.5918,3.66839,-14.9437,1.10011e+17,11,A,126.59941,2.816037424,,,,,0.1243546738978704,0.0779976176549172,R,99999900.0,LLLYFLLTILLAVLLSLLILI,23667.603199526304,1694.995480279636,11.193473827824024,0.14522776203432508,LLLYFLLTILLAVLLSLLILI,Mutant
LLLYFLLTILLAVLLSLLILI,LLLYFLLTILLAVLLSALILI,Right,void,,,,,,,,,,,3930.93,4743.45,41.9794,83.1862,3947.89,4762.7,89.8825,177.442,-14.9437,1.1e+17,16,L,46.2766,64.25490566,3847.7438,3770.448,77.2958,5.0,0.1978639313621871,0.0434518733290427,R,99999900.0,LLLYFLLTILLAVLLSLLILI,24058.664103545525,1411.446744925923,14.48166761348944,0.07171850457000839,LLLYFLLTILLAVLLSLLILI,Mutant
LLLYFLLTILLAVLLSLLILI,LLLYALLTILLAVLLSLLILI,Right,void,,,,,,,,,,,3971.95,4657.15,45.0452,54.9326,3947.89,4762.7,139.701,134.968,-14.9437,1.1e+17,4,F,83.5426,39.66963037,3917.0174,3812.922,104.0954,5.0,0.4424059880032046,0.03312479019723,R,99999900.0,LLLYFLLTILLAVLLSLLILI,25431.699978815817,1555.1105966361793,43.03614367400244,-0.17282355207100908,LLLYFLLTILLAVLLSLLILI,Mutant
LLLYTLLVALLFLLLSLLILI,LLLYTLLVILLFLLLSLLILI,Right,clash,35.5466,-288.236,1466770.0,1466480.0,-60.3561,-285.856,-373.888,4765.37,-45.0474,-27.676,3845.04,4804.89,43.0739,6.31913,3845.04,4804.89,43.0739,6.31913,-14.9005,1.10011e+17,8,A,125.01047,4.811657083,,,,,0.1795539754701531,0.0260462150314276,R,99999900.0,LLLYTLLVALLFLLLSLLILI,23934.95467062264,1214.7306465663205,18.054723475657685,0.09562751405821321,LLLYTLLVALLFLLLSLLILI,Mutant
LLLYTLLVALLFLLLSLLILI,LLLYTLLVALLFILLSLLILI,Right,clash,35.4845,-284.176,1130550.0,1130250.0,-60.416,-281.712,-363.165,4729.17,-45.0474,-21.0377,3847.74,4759.02,47.7056,10.8506,3845.04,4804.89,101.666,18.209,-14.9005,1.10011e+17,12,L,118.9714,8.358059497,,,,,0.1814220747504559,0.0172814424939519,R,99999900.0,LLLYTLLVALLFALLSLLILI,23955.49782693021,1306.463625332883,16.184586267198952,0.09375941477791039,LLLYTLLVALLFLLLSLLILI,Mutant
LLLYTLLVALLFLLLSLLILI,LLLYTLLVALLFLLLSALILI,Right,void,,,,,,,,,,,3873.91,4755.68,44.4973,85.4142,3845.04,4804.89,98.1103,142.048,-14.9005,1.1e+17,16,L,44.0486,65.97586334,3788.4958,3702.992,85.5038,4.0,0.2947388139751203,0.0807208906261652,R,99999900.0,LLLYTLLVALLFLLLSLLILI,24557.17828793211,1013.2525449359778,31.044305194102968,-0.01955732444675401,LLLYTLLVALLFLLLSLLILI,Mutant
LLLYTLLVALLFLLLSLLILI,LLLYTLLVALLALLLSLLILI,Right,void,,,,,,,,,,,3845.16,4681.24,48.4474,26.674,3845.04,4804.89,145.915,129.862,-14.9005,1.1e+17,11,F,103.5938,20.4762804,3818.486,3715.178,103.308,4.0,0.4120613040378993,0.038638211045226,R,99999900.0,LLLYTLLVALLATLLSLLILI,25246.350841209685,1357.7790083208693,39.30321722325301,-0.13687981450953302,LLLYTLLVALLFLLLSLLILI,Mutant
LLLLVLLIALLFTLLSYLILI,LLLLVLLIALLFILLSYLILI,Right,clash,20.5181,-275.226,7036.5,6736.69,-60.4612,-280.907,-364.392,4693.21,-45.0994,-23.0234,3873.53,4805.29,40.215,8.70843,3867.56,4807.19,59.6583,13.9322,-14.0793,1.10011e+17,12,T,121.11357,6.707977076,,,,,0.1679330133297706,0.1006712788293181,R,99999900.0,LLLLVLLIALLFTLLSYLILI,23942.47611023801,1959.148915469519,9.631897346253746,0.17228216309058322,LLLLVLLIALLFTLLSYLILI,Mutant
LLLLVLLIALLFTLLSYLILI,LLLLVLLIILLFTLLSYLILI,Right,clash,20.5375,-278.436,1004290.0,1003990.0,-74.1091,-282.854,-378.193,4658.17,-49.6009,-21.23,3867.56,4807.19,48.2194,6.96885,3867.56,4807.19,48.2194,6.96885,-14.0793,1.10011e+17,8,A,124.36075,5.306381806,,,,,0.2196857607846536,0.0923497055461802,R,99999900.0,LLLLVLLIALLFTLLSYLILI,24213.31003039043,1851.633196429271,19.82000497347443,0.12052941563570022,LLLLVLLIALLFTLLSYLILI,Mutant
LLLLVLLIALLFTLLSYLILI,LLLLVLLIALLFTLLSALILI,Right,void,,,,,,,,,,,3918.79,4702.16,41.7347,64.8855,3867.56,4807.19,139.86,147.136,-14.0793,1.1e+17,16,Y,64.5773,50.11903033,3853.9045,3720.424,133.4805,4.0,0.3345566497607152,0.0807300072772333,R,99999900.0,LLLLVLLIALLFTLLSYLILI,24780.225766327378,1038.0025198988449,37.02538129663701,0.0056585266596386186,LLLLVLLIALLFTLLSYLILI,Mutant
LLLLVLLIALLFTLLSYLILI,LLLLVLLIALLATLLSYLILI,Right,void,,,,,,,,,,,3879.55,4670.56,50.705,44.1739,3867.56,4807.19,151.574,133.509,-14.0793,1.1e+17,11,F,86.0939,33.91006834,3835.3761,3734.051,101.3251,4.0,0.3974797715832144,0.0534513051018321,R,99999900.0,LLLLVLLIALLATLLSFLILI,25216.064512185687,1849.7640842070728,30.53955267556604,-0.05726459516286059,LLLLVLLIALLFTLLSYLILI,Mutant
LLLLALLFALLVSLLTWLILI,LLLLALLFALLVSLLIWLILI,Right,clash,29.8794,-276.021,17762.7,17471.6,-60.3495,-278.261,-371.934,4595.23,-45.0516,-33.3238,3858.31,4749.79,39.6738,15.4296,3837.61,4749.43,59.8805,25.8947,-12.7073,1.10011e+17,15,T,114.2908,11.89450541,,,,,0.160855627038918,0.0242310773946114,R,99999900.0,LLLLALLFALLVSLLTWLILI,23830.03936150453,1208.5266451410732,16.259253377531664,0.1471131471349669,LLLLALLFALLVSLLTWLILI,Mutant
LLLLALLFALLVSLLTWLILI,LLLLALLFALLVILLTWLILI,Right,clash,29.8792,-277.201,13631.2,13334.1,-58.8729,-279.668,-366.366,4676.26,-49.8093,-27.8251,3837.74,4746.36,29.5919,2.54218,3837.61,4749.43,37.7457,2.77477,-12.7073,1.10011e+17,12,S,127.27982,1.958204311,,,,,0.2406320661557484,0.100694052458077,R,99999900.0,LLLLALLFALLVSLLTWLILI,24237.780005471148,882.8003674310137,31.32105457222028,0.06733670801813652,LLLLALLFALLVSLLTWLILI,Mutant
LLLLALLFALLVSLLTWLILI,LLLLALLAALLVSLLTWLILI,Right,void,,,,,,,,,,,3812.67,4592.75,59.6131,88.9308,3837.61,4749.43,162.098,210.656,-12.7073,1.1e+17,7,F,40.6646,68.6218801,3723.7392,3626.954,96.7852,4.0,0.3310718315400443,0.0140285202913491,R,99999900.0,LLLLALLFALLVSLLTWLILI,24811.164004165494,1537.6694859070185,30.539488202115034,-0.02310305736615942,LLLLALLFALLVSLLTWLILI,Mutant
LLLLALLFALLVSLLTWLILI,LLLLALLFALLVSLLTALILI,Right,void,,,,,,,,,,,3840.29,4690.42,47.0781,66.2435,3837.61,4749.43,150.102,199.799,-12.7073,1.1e+17,16,W,63.2193,51.1679803,3774.0465,3637.811,136.2355,4.0,0.3742645101858805,0.075074895345431,R,99999900.0,LLLLALLFALLVSLLTWLILI,25025.504541183906,1349.520326360524,41.41381648352994,-0.06629573601199557,LLLLALLFALLVSLLTWLILI,Mutant
LLLYTLLATLLVLLLSFLILI,LLLYILLATLLVLLLSFLILI,Right,clash,29.2134,-280.892,93542000.0,93541700.0,-74.1551,-281.191,-373.629,4683.77,-49.6086,-18.2837,3873.49,4689.73,50.9016,19.61,3859.38,4716.0,80.64,23.124,-12.3464,1.10011e+17,4,T,118.8652,14.16138052,,,,,0.1467562142724755,0.1023194813572954,R,99999900.0,LLLYTLLATLLVLLLSFLILI,23812.90640656014,1788.310257111132,2.581175532595649,0.10772971579299437,LLLYTLLATLLVLLLSFLILI,Mutant
LLLYTLLATLLVLLLSFLILI,LLLYTLLAILLVLLLSFLILI,Right,clash,28.6549,-281.82,70852900.0,70852600.0,-60.402,-281.772,-367.366,4700.03,-45.1049,-25.1915,3867.52,4711.26,40.6636,16.81,3859.38,4716.0,61.0676,24.0162,-12.3464,1.10011e+17,8,T,114.5196,12.79985624,,,,,0.22503797881175,0.0923592720479579,R,99999900.0,LLLYTLLATLLVLLLSFLILI,24196.56781589189,1314.9661686819004,15.989627827664703,0.02944795125371988,LLLYTLLATLLVLLLSFLILI,Mutant
LLLYTLLATLLVLLLSFLILI,LLLYTLLATLLVLLLSALILI,Right,void,,,,,,,,,,,3802.02,4618.3,44.3927,86.5667,3859.38,4716.0,136.083,247.226,-12.3464,1.1e+17,16,F,42.8961,66.86608045,3715.4533,3612.154,103.2993,5.0,0.2839044583480412,0.0520745968324663,R,99999900.0,LLLYTLLATLLVLLLSFLILI,24551.62140007719,1621.0517330770613,27.58858391881347,-0.0294185282825713,LLLYTLLATLLVLLLSFLILI,Mutant
LLLYTLLATLLVLLLSFLILI,LLLATLLATLLVLLLSFLILI,Right,void,,,,,,,,,,,3810.15,4550.64,62.1888,123.768,3859.38,4716.0,175.147,265.509,-12.3464,1.1e+17,3,Y,45.9628,72.92017713,3686.382,3593.871,92.511,5.0,0.3697361433772578,0.0355689642808164,R,99999900.0,LLLYTLLATLLVLLLSFLILI,25008.2574386818,1355.9624241497763,36.85625978420275,-0.11525021331178792,LLLYTLLATLLVLLLSFLILI,Mutant
LLLTVLLLALLFALLSILILI,LLLTVLLLALLFILLSILILI,Right,clash,24.6032,-279.232,831871.0,831571.0,-60.4167,-277.786,-379.213,4580.52,-45.0579,-41.0099,3781.64,4624.0,46.0714,6.91603,3781.64,4624.0,46.0714,6.91603,-12.0894,1.10011e+17,12,A,122.90597,5.327317404,,,,,0.2247128704260939,0.0384125934751446,R,99999900.0,LLLTVLLLALLFALLSILILI,24223.80094428021,1606.864094313703,19.67421605462781,0.14527412864734363,LLLTVLLLALLFALLSILILI,Mutant
LLLTVLLLALLFALLSILILI,LLLTVLLLILLFALLSILILI,Right,clash,24.6427,-279.232,539209.0,538910.0,-60.4169,-277.771,-379.525,4576.43,-45.0579,-41.3368,3781.64,4624.0,52.7547,15.2511,3781.64,4624.0,52.7547,15.2511,-12.0894,1.10011e+17,8,A,122.90597,5.327317404,,,,,0.2255273183404199,0.1153322358356121,R,99999900.0,LLLTVLLLALLFALLSILILI,24167.12166100849,1159.900410468748,32.09090475586245,0.14445968073301763,LLLTVLLLALLFALLSILILI,Mutant
LLLTVLLLALLFALLSILILI,LLLTVLLLALLAALLSILILI,Right,void,,,,,,,,,,,3799.82,4484.84,54.2333,47.094,3781.64,4624.0,156.36,130.682,-12.0894,1.1e+17,11,F,83.1738,36.15168138,3752.726,3650.958,101.768,5.0,0.3728515200067608,0.0244028679724361,R,99999900.0,LLLTVLLLALLFALLSILILI,25035.897185821617,1461.9372712111629,36.16240663091191,-0.002864520933323289,LLLTVLLLALLFALLSILILI,Mutant
LLLTVLLLALLFALLSILILI,LLLTVLLAALLFALLSILILI,Right,void,,,,,,,,,,,3773.83,4587.86,55.6616,82.9051,3781.64,4624.0,109.895,175.176,-12.0894,1.1e+17,7,L,46.6903,63.97225519,3690.9249,3606.464,84.4609,5.0,0.40121197779805,0.0139551432030724,R,99999900.0,LLLTVLLLALLFALLSILILI,25215.490512147026,1655.2178318442989,35.129367899313074,-0.031224978724612495,LLLTVLLLALLFALLSILILI,Mutant
LLLYFLLVLLLATLLSILILI,LLLYFLLVLLLITLLSILILI,Right,clash,30.4618,-282.931,131173000.0,131172000.0,-74.0893,-285.734,-377.966,4740.29,-49.5758,-18.1421,3899.02,4755.09,54.8142,9.12026,3899.02,4755.09,54.8142,9.12026,-11.9856,1.10011e+17,11,A,121.14754,7.001162221,,,,,0.1386709213085974,0.1232687154057288,R,99999900.0,LLLYFLLVLLLATLLSILILI,23683.34858306564,1070.1746684488792,10.16644406339286,0.0926192040188045,LLLYFLLVLLLATLLSILILI,Mutant
LLLYFLLVLLLATLLSILILI,LLLYFLLILLLATLLSILILI,Right,clash,30.3522,-280.328,35363000.0,35362700.0,-74.0893,-283.097,-374.115,4733.9,-49.5758,-16.9293,3900.74,4734.02,51.0823,0.0,3899.02,4755.09,73.7271,3.41378,-11.9856,1.10011e+17,7,V,129.5954,0.0,,,,,0.1697310994009663,0.0725685516179675,R,99999900.0,LLLYFLLVLLLATLLSILILI,23907.49338657968,1587.4793230872344,18.184805975015696,0.061559025926435584,LLLYFLLVLLLATLLSILILI,Mutant
LLLYFLLVLLLATLLSILILI,LLLAFLLVLLLATLLSILILI,Right,void,,,,,,,,,,,3754.58,4574.07,57.8645,90.9596,3899.02,4755.09,175.922,308.688,-11.9856,1.1e+17,3,Y,78.7712,53.59050921,3663.6204,3590.332,73.2884,5.0,0.312093734937815,0.0663607452204135,R,99999900.0,LLLYFLLVLLLATLLSILILI,24687.0975517575,1339.3619671954757,26.09732593658537,-0.08080360961041311,LLLYFLLVLLLATLLSILILI,Mutant
LLLYFLLVLLLATLLSILILI,LLLYALLVLLLATLLSILILI,Right,void,,,,,,,,,,,3924.49,4672.14,40.7161,53.5877,3899.02,4755.09,128.631,122.399,-11.9856,1.1e+17,4,F,84.8875,38.69840953,3870.9023,3776.621,94.2813,5.0,0.3509827716054865,0.064532204538736,R,99999900.0,LLLYFLLVLLLATLLSILILI,24886.64663552484,1167.0383175569834,34.67400896689548,-0.11969264627808462,LLLYFLLVLLLATLLSILILI,Mutant
LLLYLLLVTLLAILLSFLILI,LLLYLLLVTLLAILLIFLILI,Right,clash,19.1171,-276.62,120735.0,120427.0,-58.9074,-283.115,-363.254,4742.5,-49.6383,-21.2318,4044.72,4740.06,41.7164,5.19654,4043.91,4744.4,51.2906,4.98096,-11.6549,1.10011e+17,15,S,124.52386,4.005954345,,,,,0.1331394880095358,0.0470902591474293,R,99999900.0,LLLYLLLVTLLAILLSFLILI,23691.148990447888,1347.0106215229569,8.47832663155786,0.03206051010117181,LLLYLLLVTLLAILLSFLILI,Mutant
LLLYLLLVTLLAILLSFLILI,LLLYLLLVTLLIILLSFLILI,Right,clash,19.1181,-278.651,259271000.0,259271000.0,-74.2773,-285.155,-377.837,4739.82,-49.6383,-18.4044,4043.91,4744.4,49.4561,2.35574,4043.91,4744.4,49.4561,2.35574,-11.6549,1.10011e+17,11,A,127.91206,1.808382425,,,,,0.1391831887917343,0.0800029930943386,R,99999900.0,LLLYLLLVTLLAILLSFLILI,23734.50974733541,1452.1559398523077,5.814975620212589,0.026016809318973294,LLLYLLLVTLLAILLSFLILI,Mutant
LLLYLLLVTLLAILLSFLILI,LLLYALLVTLLAILLSFLILI,Right,void,,,,,,,,,,,4054.65,4692.22,47.1826,79.5258,4043.91,4744.4,106.131,144.59,-11.6549,1.1e+17,4,L,58.9494,57.42963361,3975.1242,3899.32,75.8042,4.0,0.2062800529032055,0.0198179291796965,R,99999900.0,LLLYLLLVTLLAILLSFLILI,24094.55093134349,1336.3035911929328,20.627837784425083,-0.041080054792497905,LLLYLLLVTLLAILLSFLILI,Mutant
LLLYLLLVTLLAILLSFLILI,LLLYLLLVTLLAILLSALILI,Right,void,,,,,,,,,,,4043.09,4694.98,41.0094,77.6214,4043.91,4744.4,118.885,192.593,-11.6549,1.1e+17,16,F,51.8414,59.95652805,3965.4686,3851.317,114.1516,4.0,0.2284404501702415,0.0320276759881158,R,99999900.0,LLLYLLLVTLLAILLSFLILI,24209.3767392753,1228.6096090073036,22.36120967995569,-0.06324045205953391,LLLYLLLVTLLAILLSFLILI,Mutant
LLLYVLLFILLALLLSTLILI,LLLYVLLFILLILLLSTLILI,Right,clash,21.3274,-282.534,4026330000000.0,4026330000000.0,-74.2387,-284.157,-379.809,4753.57,-49.6486,-21.413,3929.65,4766.47,41.0931,2.03743,3929.65,4766.47,41.0931,2.03743,-11.5688,1.10011e+17,11,A,128.23037,1.56403194,,,,,0.1142125977887471,0.109329484337716,R,99999900.0,LLLYVLLFILLALLLSTLILI,23565.96756421158,1224.040363093187,5.236521983141111,0.1009783964207602,LLLYVLLFILLALLLSTLILI,Mutant
LLLYVLLFILLALLLSTLILI,LLLYVLLFILLAALLSTLILI,Right,void,,,,,,,,,,,3946.21,4727.36,49.8277,67.6317,3929.65,4766.47,101.98,117.18,-11.5688,1.1e+17,12,L,62.1903,52.09571567,3878.5783,3812.47,66.1083,5.0,0.1698885969164525,0.0872323584306763,R,99999900.0,LLLYVLLFILLALLLSTLILI,23847.40178666813,938.0920516363462,24.110323720590365,0.0453023972930548,LLLYVLLFILLALLLSTLILI,Mutant
LLLYVLLFILLALLLSTLILI,LLLYVLLFILLALLLITLILI,Right,clash,21.3337,-280.503,42044.1,41735.3,-58.9281,-283.234,-367.219,4721.29,-49.6486,-25.0569,3931.68,4765.76,43.3628,18.3851,3929.65,4766.47,51.8228,18.8332,-11.5688,1.10011e+17,15,S,111.3353,14.17286718,,,,,0.2211687513531046,0.0717945086119581,R,99999900.0,LLLYVLLFILLALLLSTLILI,24144.448316352617,988.4573871318806,24.31951545047676,-0.005977757143597301,LLLYVLLFILLALLLSTLILI,Mutant
LLLYVLLFILLALLLSTLILI,LLLYVLLAILLALLLSTLILI,Right,void,,,,,,,,,,,3942.18,4619.94,57.6639,26.7022,3929.65,4766.47,157.236,93.6199,-11.5688,1.1e+17,7,F,102.8932,20.60428071,3915.4778,3836.0301,79.4477,5.0,0.278249004039677,0.0568502234462971,R,99999900.0,LLLYVLLFILLALLLSTLILI,24514.862443785063,1582.5852598300082,28.139307972612464,-0.06305800983016971,LLLYVLLFILLALLLSTLILI,Mutant
LLLYILLFTLLVALLSLLILI,LLLYILLFILLVALLSLLILI,Right,clash,22.1595,-279.798,21098600000.0,21098600000.0,-60.4781,-281.565,-369.489,4736.73,-45.1164,-27.4456,3967.22,4796.61,52.1645,12.9849,3960.8,4821.55,76.8763,17.3548,-10.613,1.10011e+17,8,T,118.3447,9.887260755,,,,,0.0329666325433397,0.0528723355930297,R,99999900.0,LLLYILLFTLLVALLSLLILI,23148.97718436517,1545.7849395341882,0.5087805772522053,0.150134461576052,LLLYILLFTLLVALLSLLILI,Mutant
LLLYILLFTLLVALLSLLILI,LLLYILLFTLLVILLSLLILI,Right,clash,22.1816,-283.008,21099800000.0,21099800000.0,-74.2475,-284.792,-381.39,4727.6,-49.6166,-22.3508,3960.8,4821.55,43.6359,19.0861,3960.8,4821.55,43.6359,19.0861,-10.613,1.10011e+17,12,A,110.7359,14.70174547,,,,,0.1439653508111209,0.0437834488931678,R,99999900.0,LLLYILLFTLLVALLSLLILI,23723.49420159281,1103.4654014862138,17.229328313376005,0.0391357433082708,LLLYILLFTLLVALLSLLILI,Mutant
LLLYILLFTLLVALLSLLILI,LLLYILLATLLVALLSLLILI,Right,void,,,,,,,,,,,3936.8,4704.18,51.8709,74.2258,3960.8,4821.55,148.399,203.272,-10.613,1.1e+17,7,F,55.3696,57.27502674,3862.5742,3757.528,105.0462,4.0,0.2569235395346827,0.0665545614214935,R,99999900.0,LLLYILLFTLLVALLSLLILI,24384.59035779962,1388.3145629857695,19.47069961625452,-0.07382244541529101,LLLYILLFTLLVALLSLLILI,Mutant
LLLYILLFTLLVALLSLLILI,LLLAILLFTLLVALLSLLILI,Right,void,,,,,,,,,,,3809.19,4657.51,62.2272,103.49,3960.8,4821.55,174.869,324.171,-10.613,1.1e+17,3,Y,66.2408,60.97302316,3705.7,3636.629,69.071,4.0,0.3579473896832945,0.0788335731744661,R,99999900.0,LLLYILLFTLLVALLSLLILI,24966.924722505628,1699.1505063959305,36.73003171796576,-0.17484629556390277,LLLYILLFTLLVALLSLLILI,Mutant
LLLYVLLIALLATLLSLLILI,LLLYVLLIALLAILLSLLILI,Right,clash,21.444,-273.65,3746840.0,3746550.0,-60.4527,-277.274,-376.591,4666.9,-45.0594,-38.8642,3986.0,4692.29,56.2936,32.6659,3977.68,4726.16,86.1534,53.5726,-10.2071,1.10011e+17,12,T,97.1561,25.16206806,,,,,0.2404071009069994,0.0037986772986056,R,99999900.0,LLLYVLLIALLATLLSLLILI,24294.329475783165,1416.4836787710076,22.06316034197781,0.0981318073543293,LLLYVLLIALLATLLSLLILI,Mutant
LLLYVLLIALLATLLSLLILI,LLLYVLLIALLATLLILLILI,Right,clash,21.4448,-274.83,1185.44,882.496,-58.8271,-278.42,-372.867,4693.44,-49.5605,-35.6197,3982.76,4721.57,45.8044,20.3388,3977.68,4726.16,56.2289,28.4029,-10.2071,1.10011e+17,15,S,109.3816,15.67895258,,,,,0.249514447882165,0.0788986459187217,R,99999900.0,LLLYVLLIALLATLLSLLILI,24341.45552018503,1503.132413369599,28.393073013978288,0.0890244603791637,LLLYVLLIALLATLLSLLILI,Mutant
LLLYVLLIALLATLLSLLILI,LLLYVLLAALLATLLSLLILI,Right,void,,,,,,,,,,,3990.19,4676.82,58.2288,70.718,3977.68,4726.16,110.266,140.321,-10.2071,1.1e+17,7,I,58.8774,54.56829486,3919.472,3837.359,82.113,5.0,0.2603391094029056,0.0770049763306896,R,99999900.0,LLLYVLLIALLATLLSLLILI,24385.039554150982,1318.5780350053562,30.9752213320964,0.0781997988584231,LLLYVLLIALLATLLSLLILI,Mutant
LLLYVLLIALLATLLSLLILI,LLLYVLLIALLATLLSALILI,Right,void,,,,,,,,,,,3984.91,4678.42,41.4396,55.6199,3977.68,4726.16,99.3651,135.267,-10.2071,1.1e+17,16,L,73.8429,42.96207096,3929.2901,3842.413,86.8771,5.0,0.2802949897725079,0.0543168644646107,R,99999900.0,LLLYVLLIALLATLLSLLILI,24492.2859870465,1203.2207242199977,30.82964137340599,0.05824391848882082,LLLYVLLIALLATLLSLLILI,Mutant
LLLLVLLISLLFALLTWLILI,LLLLVLLISLLFILLTWLILI,Right,clash,27.5904,-283.054,290609.0,290300.0,-74.1583,-286.164,-386.634,4781.08,-52.9106,-26.3119,3820.38,4666.63,29.3172,0.0,3820.38,4666.63,29.3172,0.0,-9.90584,1.10011e+17,12,A,129.822,0.0,,,,,0.1737538450274548,0.1486320717184182,R,99999900.0,LLLLVLLISLLFALLTWLILI,23850.55447101826,828.7375547996261,18.155794403001632,0.20938673418938278,LLLLVLLISLLFALLTWLILI,Mutant
LLLLVLLISLLFALLTWLILI,LLLLVLLISLLFALLIWLILI,Right,clash,27.5911,-279.844,545543.0,545242.0,-60.3203,-282.855,-377.398,4654.23,-48.1517,-34.2222,3838.06,4674.72,33.023,5.52016,3820.38,4666.63,48.6459,9.39817,-9.90584,1.10011e+17,15,T,124.20024,4.25542937,,,,,0.2118826257052939,0.0148374880907225,R,99999900.0,LLLLVLLISLLFALLTWLILI,24128.156008468683,1335.9112704133652,19.129705520387176,0.1712579535115437,LLLLVLLISLLFALLTWLILI,Mutant
LLLLVLLISLLFALLTWLILI,LLLLVLLISLLAALLTWLILI,Right,void,,,,,,,,,,,3847.94,4526.77,51.678,53.1465,3820.38,4666.63,153.469,131.41,-9.90584,1.1e+17,11,F,77.1213,40.79787945,3794.7935,3688.97,105.8235,4.0,0.3373830914321545,0.0568426128379201,R,99999900.0,LLLLVLLISLLFALLTWLILI,24812.44435655153,1184.4720608831533,33.645011226231894,0.04575748778468308,LLLLVLLISLLFALLTWLILI,Mutant
LLLLVLLISLLFALLTWLILI,LLLLVLLISLLFALLTALILI,Right,void,,,,,,,,,,,3799.75,4574.41,43.2117,55.2178,3820.38,4666.63,155.898,198.897,-9.90584,1.1e+17,16,W,74.245,42.65147981,3744.5322,3621.483,123.0492,4.0,0.3741217821783201,0.0751459646317601,R,99999900.0,LLLLVLLISLLFALLTWLILI,25016.84094665251,1181.1364457024297,35.71058524163354,0.00901879703851749,LLLLVLLISLLFALLTWLILI,Mutant
LLLYILLSVLLALLLTFLILI,LLLYILLSVLLILLLTFLILI,Right,clash,23.7583,-283.684,1298820000.0,1298820000.0,-74.244,-285.25,-381.899,4708.08,-49.5874,-22.4044,3919.09,4770.53,52.1566,3.07053,3919.09,4770.53,52.1566,3.07053,-9.80294,1.10011e+17,11,A,127.19727,2.357090547,,,,,0.1601439806429232,0.0232068942705421,R,99999900.0,LLLYILLSVLLALLLTFLILI,23831.9764173174,1256.9722499825607,14.40179949163264,0.027149492728788305,LLLYILLSVLLALLLTFLILI,Mutant
LLLYILLSVLLALLLTFLILI,LLLYILLSVLLALLLTALILI,Right,void,,,,,,,,,,,3818.49,4668.82,44.5964,88.7834,3919.09,4770.53,137.365,273.788,-9.80294,1.1e+17,16,F,40.6794,68.57830975,3729.7066,3645.302,84.4046,5.0,0.194128099338053,0.0266860460472284,R,99999900.0,LLLYILLSVLLALLLTFLILI,24035.2514719016,1432.513901149618,18.97555986170811,-0.00683462596634149,LLLYILLSVLLALLLTFLILI,Mutant
LLLYILLSVLLALLLTFLILI,LLLYILLIVLLALLLTFLILI,Right,clash,24.0084,-281.637,9276.98,8969.77,-58.8588,-283.184,-366.627,4730.35,-49.5874,-24.584,3922.9,4765.0,58.4629,26.7045,3919.09,4770.53,68.3761,34.55,-9.80294,1.10011e+17,7,S,102.8909,20.60605546,,,,,0.2307559863935208,0.0252769212484524,R,99999900.0,LLLYILLSVLLALLLTFLILI,24233.42192903669,1331.5971040936345,20.36491463121528,-0.043462513021809285,LLLYILLSVLLALLLTFLILI,Mutant
LLLYILLSVLLALLLTFLILI,LLLAILLSVLLALLLTFLILI,Right,void,,,,,,,,,,,3777.64,4583.15,58.5084,74.0236,3919.09,4770.53,178.799,290.537,-9.80294,1.1e+17,3,Y,95.7072,43.61235557,3703.6164,3628.553,75.0634,5.0,0.2978993863279864,0.017705719233413,R,99999900.0,LLLYILLSVLLALLLTFLILI,24627.023409998303,1522.2613329181238,25.1411517124464,-0.1106059129562749,LLLYILLSVLLALLLTFLILI,Mutant
LLLAALLLSLLFTLLVFLILI,LLLAALLLSLLFILLVFLILI,Right,clash,31.2754,-274.782,7973800.0,7973510.0,-60.4525,-275.483,-356.976,4629.66,-51.0489,-21.0403,3796.29,4791.49,48.7861,13.8447,3782.59,4815.16,77.7019,23.3085,-9.60666,1.10011e+17,12,T,115.9773,10.66437122,,,,,0.1964009588597326,0.0307919950846938,R,99999900.0,LLLAALLLSLLFTLLVFLILI,24042.972960834773,1389.9899138136025,20.12262785694287,0.2862450817018992,LLLAALLLSLLFTLLVFLILI,Mutant
LLLAALLLSLLFTLLVFLILI,LLLAALLLILLFTLLVFLILI,Right,clash,31.3286,-275.961,8306010.0,8305710.0,-58.9178,-276.76,-356.889,4617.96,-49.6417,-21.2113,3783.69,4810.94,52.814,7.94874,3782.59,4815.16,61.4611,8.17716,-9.60666,1.10011e+17,8,S,123.38086,6.052512153,,,,,0.2458275230921433,0.0392348634944724,R,99999900.0,LLLAALLLSLLFTLLVFLILI,24310.711495424897,1264.8480637022628,22.31479017419915,0.23681851746948848,LLLAALLLSLLFTLLVFLILI,Mutant
LLLAALLLSLLFTLLVFLILI,LLLAALLLSLLATLLVFLILI,Right,void,,,,,,,,,,,3784.69,4663.85,57.7124,50.006,3782.59,4815.16,158.469,145.808,-9.60666,1.1e+17,11,F,80.2618,38.38707647,3734.684,3636.782,97.902,5.0,0.3694031691291143,0.0169887770525459,R,99999900.0,LLLAALLLSLLFTLLVFLILI,25021.701188899984,1508.0201656211295,34.96757137249109,0.11324287143251749,LLLAALLLSLLFTLLVFLILI,Mutant
LLLYALLFALLLSLLVTLILI,LLLYILLFALLLSLLVTLILI,Right,clash,31.1992,-280.111,1433310000.0,1433310000.0,-74.2526,-273.344,-365.847,4694.49,-50.7822,-18.2507,3887.2,4673.43,62.5123,41.8977,3887.2,4673.43,62.5123,41.8977,-9.42866,1.10011e+17,4,A,96.5775,30.2564647,,,,,0.1777201792967297,0.0302356773137049,R,99999900.0,LLLYALLFALLLSLLVTLILI,23926.8563719968,1226.0784038141849,16.46562446331675,0.08669377625497429,LLLYALLFALLLSLLVTLILI,Mutant
LLLYALLFALLLSLLVTLILI,LLLYALLFALLLILLVTLILI,Right,clash,26.8271,-278.705,235964.0,235663.0,-58.9494,-279.5,-358.16,4735.62,-49.6376,-19.7107,3890.55,4670.15,47.7343,16.9837,3887.2,4673.43,56.0533,16.9948,-9.42866,1.10011e+17,12,S,112.8383,13.0822973,,,,,0.2466844911942486,0.0275976584599287,R,99999900.0,LLLYALLFALLLSLLVTLILI,24345.423799061537,1584.5241540894472,21.293881117815047,0.0177294643574554,LLLYALLFALLLSLLVTLILI,Mutant
LLLYALLFALLLSLLVTLILI,LLLYALLFALLASLLVTLILI,Right,void,,,,,,,,,,,3932.64,4684.54,49.8328,40.8038,3887.2,4673.43,85.7266,60.9006,-9.42866,1.1e+17,11,L,89.464,31.32301305,3891.8362,3826.2994,65.5368,4.0,0.2935452590241784,0.0366614006995901,R,99999900.0,LLLYALLFALLLSLLVTLILI,24585.54305886902,1350.057541662236,25.90947519252879,-0.02913130347247439,LLLYALLFALLLSLLVTLILI,Mutant
LLLYALLFALLLSLLVTLILI,LLLYALLAALLLSLLVTLILI,Right,void,,,,,,,,,,,3889.07,4586.52,47.987,74.1975,3887.2,4673.43,137.525,176.078,-9.42866,1.1e+17,7,F,55.3979,57.25318954,3814.8725,3711.122,103.7505,4.0,0.3600751764424856,0.015785221081411,R,99999900.0,LLLYALLFALLLSLLVTLILI,24972.315635498373,1509.4172186362114,31.67307821753106,-0.0956612208907816,LLLYALLFALLLSLLVTLILI,Mutant
LLLYSLLTALLVALLFLLILI,LLLYSLLTALLVILLFLLILI,Right,clash,25.0439,-281.024,1331050.0,1330740.0,-58.852,-281.73,-358.628,4724.17,-52.3436,-18.0455,3893.05,4777.12,44.7616,11.8267,3893.05,4777.12,44.7616,11.8267,-8.82583,1.10011e+17,12,A,117.9953,9.109935142,,,,,0.2075599352581992,0.0689336766171127,R,99999900.0,LLLYSLLTALLVALLFLLILI,24116.91421921836,1569.2188929412769,22.14964785855291,0.08147320018031229,LLLYSLLTALLVALLFLLILI,Mutant
LLLYSLLTALLVALLFLLILI,LLLYILLTALLVALLFLLILI,Right,clash,28.852,-277.681,663337000.0,663337000.0,-58.8582,-279.043,-354.846,4721.72,-49.7807,-16.9449,3896.86,4758.15,56.884,37.2486,3893.05,4777.12,69.6675,36.9704,-8.82583,1.10011e+17,4,S,124.75562,5.005710822,,,,,0.2299177909535193,0.0275468099602648,R,99999900.0,LLLYILLTALLVALLSLLILI,24222.235173217487,1296.4057790141092,23.60246404753881,0.0591153444849922,LLLYSLLTALLVALLFLLILI,Mutant
LLLYSLLTALLVALLFLLILI,LLLYSLLAALLVALLFLLILI,Right,void,,,,,,,,,,,3904.31,4742.2,58.9544,80.5836,3893.05,4777.12,89.3884,114.338,-8.82583,1.1e+17,7,T,49.0118,62.18091074,3823.7264,3778.712,45.0144,4.0,0.3033443718631758,0.0445859373574186,R,99999900.0,LLLYSLLTALLVALLFLLILI,24630.41688711037,1256.83106707528,28.569085645012272,-0.014311236424664309,LLLYSLLTALLVALLFLLILI,Mutant
LLLYSLLTALLVALLFLLILI,LLLYSLLTALLVALLALLILI,Right,void,,,,,,,,,,,3893.97,4699.3,40.2948,34.6076,3893.05,4777.12,125.618,120.416,-8.82583,1.1e+17,15,F,95.1128,26.6786103,3859.3624,3772.634,86.7284,4.0,0.3562606607820069,0.0299492454636676,R,99999900.0,LLLYSLLTALLVALLFLLILI,24935.843227077366,1383.500187778003,35.18018025645115,-0.06722752534349541,LLLYSLLTALLVALLFLLILI,Mutant
LLLYALLLTLLVALLSFLILI,LLLYALLLTLLVILLSFLILI,Right,clash,24.2189,-279.95,2032.92,1727.6,-74.2442,-281.839,-369.784,4729.77,-49.5903,-13.7008,4056.01,4728.75,52.8849,33.7595,4056.01,4728.75,52.8849,33.7595,-8.47689,1.10011e+17,12,A,96.0625,26.00445225,,,,,0.164978246386271,0.0367947287959445,R,99999900.0,LLLYALLLTLLVALLSFLILI,23872.798931500914,1447.1426410130623,16.59370479955058,0.08898928902127051,LLLYALLLTLLVALLSFLILI,Mutant
LLLYALLLTLLVALLSFLILI,LLLYALLLILLVALLSFLILI,Right,clash,24.2023,-276.74,879315.0,879018.0,-60.4551,-278.666,-360.657,4733.66,-45.0834,-21.5357,4073.13,4701.77,49.0962,14.3904,4056.01,4728.75,79.9581,20.0133,-8.47689,1.10011e+17,8,T,116.9392,10.95746884,,,,,0.1827453859836405,0.0669629228794905,R,99999900.0,LLLYALLLTLLVALLSFLILI,24008.98073186256,1774.6656802992673,11.755855265019772,0.07122214942390101,LLLYALLLTLLVALLSFLILI,Mutant
LLLYALLLTLLVALLSFLILI,LLLYALLATLLVALLSFLILI,Right,void,,,,,,,,,,,4052.88,4675.99,59.1004,86.622,4056.01,4728.75,117.82,177.018,-8.47689,1.1e+17,7,L,42.9734,66.84033538,3966.258,3878.992,87.266,5.0,0.2852228118484239,0.036096851195287,R,99999900.0,LLLYALLLTLLVALLSFLILI,24527.649569371515,1253.6364046926792,28.72614200257169,-0.031255276440882385,LLLYALLLTLLVALLSFLILI,Mutant
LLLYALLLTLLVALLSFLILI,LLLYALLLTLLVALLSALILI,Right,void,,,,,,,,,,,4019.72,4627.49,44.4079,74.7985,4056.01,4728.75,137.154,222.561,-8.47689,1.1e+17,16,F,54.6643,57.77605613,3944.9215,3833.449,111.4725,5.0,0.2895257423155295,0.0603439516105413,R,99999900.0,LLLYALLLTLLVALLSILILI,24537.96678318778,1112.287168346026,30.17415953376912,-0.035558206907988,LLLYALLLTLLVALLSFLILI,Mutant
LLLYFLLVALLLALLSTLILI,LLLYFLLVILLLALLSTLILI,Right,clash,28.4526,-279.938,9700110.0,9699810.0,-74.18,-277.494,-367.527,4702.95,-49.5406,-15.8527,3839.22,4707.2,51.7324,3.78878,3839.22,4707.2,51.7324,3.78878,-8.30723,1.10011e+17,8,A,113.593,12.50096286,,,,,0.0971267690813188,0.030750857740504,R,99999900.0,LLLYFLLVALLLALLSTLILI,23486.70259610124,1363.2747904309988,10.30236940371302,0.22744256190895412,LLLYFLLVALLLALLSTLILI,Mutant
LLLYFLLVALLLALLSTLILI,LLLYFLLVALLLILLSTLILI,Right,clash,28.4137,-279.938,71570.5,71269.5,-74.1772,-277.194,-367.287,4705.91,-49.5406,-15.9155,3839.22,4707.2,52.7323,16.229,3839.22,4707.2,52.7323,16.229,-8.30723,1.10011e+17,12,A,113.593,12.50096286,,,,,0.1834882446872932,0.0604901620624826,R,99999900.0,LLLYFLLVALLLALLSTLILI,23968.028407897884,1316.1467929819607,13.291468772804205,0.14108108630297972,LLLYFLLVALLLALLSTLILI,Mutant
LLLYFLLVALLLALLSTLILI,LLLYFLLVALLAALLSTLILI,Right,void,,,,,,,,,,,3882.5,4669.84,51.5716,58.791,3839.22,4707.2,106.521,109.211,-8.30723,1.1e+17,11,L,71.4768,45.13087655,3823.709,3730.009,93.7,4.0,0.280040384391564,0.0786046527745455,R,99999900.0,LLLYFLLVALLLALLSTLILI,24535.970599325712,1604.665841950321,18.312023582555533,0.04452894659870893,LLLYFLLVALLLALLSTLILI,Mutant
LLLYFLLVALLLALLSTLILI,LLLYALLVALLLALLSTLILI,Right,void,,,,,,,,,,,3909.01,4597.54,48.0662,61.6293,3839.22,4707.2,141.086,106.903,-8.30723,1.1e+17,4,F,76.8459,44.50565878,3847.3807,3732.317,115.0637,4.0,0.3594380707519399,0.0179256414345796,R,99999900.0,LLLYWLLVALLLALLSTLILI,24959.812287911343,1436.7254443152058,34.15782186469656,-0.03486873976166699,LLLYFLLVALLLALLSTLILI,Mutant
LLLALLLVTLLAILLSFLILI,LLLALLLVILLAILLSFLILI,Right,clash,24.308,-271.203,573643.0,573351.0,-60.4642,-273.94,-371.635,4583.82,-45.0788,-37.231,3926.69,4621.08,47.3957,43.819,3904.75,4640.9,74.0801,59.9771,-8.13651,1.10011e+17,8,T,87.5106,33.36566928,,,,,0.1442387950346841,0.0344684652112047,R,99999900.0,LLLALLLVTLLAILLSFLILI,23741.014406886345,1282.988733872931,16.283972004012497,0.0199035149231315,LLLALLLVTLLAILLSFLILI,Mutant
LLLALLLVTLLAILLSFLILI,LLLALLLVTLLAILLIFLILI,Right,clash,24.3517,-272.384,164906.0,164609.0,-58.8386,-275.011,-367.933,4611.83,-49.5852,-34.0842,3905.66,4637.46,44.4586,7.12092,3904.75,4640.9,54.1584,6.80892,-8.13651,1.10011e+17,15,S,122.59948,5.489437282,,,,,0.2374956260658697,0.0890315151827017,R,99999900.0,LLLALLLVTLLAILLSFLILI,24247.18571874429,1233.290697397537,30.38196061393745,-0.07335331610805412,LLLALLLVTLLAILLSFLILI,Mutant
LLLALLLVTLLAILLSFLILI,LLLALLLVTLLAILLSALILI,Right,void,,,,,,,,,,,3850.64,4538.9,40.7406,74.4744,3904.75,4640.9,133.789,232.684,-8.13651,1.1e+17,16,F,54.9884,57.52571395,3776.1656,3672.066,104.0996,5.0,0.3300320805625303,0.0448313039863168,R,99999900.0,LLLALLLVTLLAILLSFLILI,24796.155679383955,1487.981805961425,33.583011594190644,-0.16588977060471471,LLLALLLVTLLAILLSFLILI,Mutant
LLLYALLLTLLFILLSVLILI,LLLYILLLTLLFILLSVLILI,Right,clash,27.959,-283.387,13473400000.0,13473400000.0,-74.3129,-285.076,-381.103,4698.72,-49.6775,-21.7139,4016.46,4832.73,48.1789,19.5328,4016.46,4832.73,48.1789,19.5328,-7.79681,1.10011e+17,4,A,118.9424,14.10563047,,,,,0.1043183947968307,0.1497883928010091,R,99999900.0,LLLYALLLTLLFILLSVLILI,23508.47605359716,1295.113733806961,1.8679576179913324,0.059414135113594196,LLLYALLLTLLFILLSVLILI,Mutant
LLLYALLLTLLFILLSVLILI,LLLYALLLILLFILLSVLILI,Right,clash,24.9476,-280.502,4080980.0,4080680.0,-60.5345,-282.593,-369.859,4714.99,-45.1704,-26.7314,4026.81,4817.54,49.3512,11.1235,4016.46,4832.73,74.7645,13.5762,-7.79681,1.10011e+17,8,T,120.2061,8.46991082,,,,,0.1213519671267917,0.1194659739972295,R,99999900.0,LLLYALLLTLLFILLSVLILI,23575.732649597543,946.9121185154858,10.828979579683924,0.0423805627836332,LLLYALLLTLLFILLSVLILI,Mutant
LLLYALLLTLLFILLSVLILI,LLLYALLATLLFILLSVLILI,Right,void,,,,,,,,,,,4034.58,4777.49,59.8165,74.7793,4016.46,4832.73,119.089,150.118,-7.79681,1.1e+17,7,L,54.8161,57.70212523,3959.8007,3866.342,93.4587,5.0,0.1782101472540649,0.0281932801237071,R,99999900.0,LLLYALLLTLLFILLSVLILI,23928.98644198457,1249.012407140931,19.00833428553143,-0.014477617343640004,LLLYALLLTLLFILLSVLILI,Mutant
LLLYALLLTLLFILLSVLILI,LLLYALLLTLLAILLSVLILI,Right,void,,,,,,,,,,,4008.87,4693.86,53.7193,31.4317,4016.46,4832.73,154.91,136.596,-7.79681,1.1e+17,11,F,98.8361,24.12852601,3977.4383,3879.864,97.5743,5.0,0.2718055113857647,0.0276780567436794,R,99999900.0,LLLYALLLTLLFILLSVLILI,24478.836877046568,1491.0824470493749,22.09717172904776,-0.10807298147533981,LLLYALLLTLLFILLSVLILI,Mutant
LLLYVLLTTLLALLLSFLILI,LLLYVLLTTLLALLLIFLILI,Right,clash,22.3703,-279.919,4035.71,3724.03,-72.6597,-282.653,-370.683,4692.26,-54.1353,-15.3709,4051.34,4782.36,43.7375,23.0091,4047.41,4782.82,51.8776,23.086,-7.77384,1.10011e+17,15,S,106.7113,17.73745687,,,,,0.1941049244808904,0.0424308379947016,R,99999900.0,LLLYVLLTTLLALLLSFLILI,24010.316439026235,1182.759083020471,21.851551093244872,0.11959526958429889,LLLYVLLTTLLALLLSFLILI,Mutant
LLLYVLLTTLLALLLSFLILI,LLLYVLLTTLLILLLSFLILI,Right,clash,22.3672,-281.95,5841300.0,5840980.0,-87.9745,-284.773,-384.763,4708.58,-54.1353,-12.0151,4047.41,4782.82,47.4814,3.50534,4047.41,4782.82,47.4814,3.50534,-7.77384,1.10011e+17,11,A,126.76246,2.690872188,,,,,0.2474834374475866,0.0456435288759033,R,99999900.0,LLLYVLLTTLLALLLSFLILI,24356.564128209768,1668.6331385415288,21.49973366444658,0.06621675661760268,LLLYVLLTTLLALLLSFLILI,Mutant
LLLYVLLTTLLALLLSFLILI,LLLYVLLTTLLALLLSALILI,Right,void,,,,,,,,,,,3954.28,4680.21,44.1173,87.7949,4047.41,4782.82,137.734,268.691,-7.77384,1.1e+17,16,F,41.6679,67.81476996,3866.4851,3778.719,87.7661,4.0,0.3369579539689822,0.0040375024517439,R,99999900.0,LLLYVLLTTLLALLLSFLILI,24840.381607529715,1490.0353483090685,30.750206985780448,-0.02325775990379292,LLLYVLLTTLLALLLSFLILI,Mutant
LLLYVLLTTLLALLLSFLILI,LLLAVLLTTLLALLLSFLILI,Right,void,,,,,,,,,,,3881.73,4616.55,56.8588,113.917,4047.41,4782.82,171.357,342.05,-7.77384,1.1e+17,3,Y,55.8138,67.1162806,3767.813,3705.36,62.453,4.0,0.3386759247123724,0.0430983305740588,R,99999900.0,LLLAYLLTTLLALLLSFLILI,24829.614841461807,1312.7680600337285,34.976039026183344,-0.024975730647183114,LLLYVLLTTLLALLLSFLILI,Mutant
LLLYALLLSLLTALLVFLILI,LLLYALLLILLTALLVFLILI,Right,clash,29.3267,-279.584,63640100000.0,63640100000.0,-58.9741,-279.761,-357.42,4729.0,-49.8778,-18.6848,3910.41,4747.42,54.6476,5.53599,3906.28,4767.35,69.5978,5.67768,-7.23242,1.10011e+17,8,S,125.79361,4.215340639,,,,,0.1689652151258913,0.0408720925122298,R,99999900.0,LLLYALLLSLLTALLVFLILI,23876.103367258776,1204.898527831378,15.01283831769801,0.11536190920693129,LLLYALLLSLLTALLVFLILI,Mutant
LLLYALLLSLLTALLVFLILI,LLLYALLLSLLTILLVFLILI,Right,clash,29.2833,-281.615,5887530.0,5887220.0,-74.3109,-281.783,-370.304,4722.93,-55.0537,-14.2101,3906.28,4767.35,50.1705,25.58,3906.28,4767.35,50.1705,25.58,-7.23242,1.10011e+17,12,A,104.242,19.70390227,,,,,0.1724027240206018,0.1765337195781922,R,99999900.0,LLLYALLLSLLTALLVFLILI,23843.788446132578,1116.1089588377984,33.4736607644367,0.11192440031222078,LLLYALLLSLLTALLVFLILI,Mutant
LLLYALLLSLLTALLVFLILI,LLLYALLASLLTALLVFLILI,Right,void,,,,,,,,,,,3930.62,4713.68,54.1979,64.1774,3906.28,4767.35,112.882,134.697,-7.23242,1.1e+17,7,L,65.418,49.52135647,3866.4426,3771.583,94.8596,4.0,0.2461848895693235,0.0191065675744339,R,99999900.0,LLLYALLLSLLTALLVFLILI,24320.280312283416,1343.4657211418448,22.37965979380262,0.038142234763499094,LLLYALLLSLLTALLVFLILI,Mutant
LLLYALLLSLLTALLVFLILI,LLLYALLLSLLTALLVALILI,Right,void,,,,,,,,,,,3892.53,4665.87,42.9397,78.112,3906.28,4767.35,135.45,197.115,-7.23242,1.1e+17,16,F,51.3508,60.33547861,3814.418,3709.165,105.253,4.0,0.3375464730339662,0.0167143313319038,R,99999900.0,LLLYALLLSLLTALLVFLILI,24838.4477381094,1448.8401972934148,32.1931087131523,-0.05321934870114359,LLLYALLLSLLTALLVFLILI,Mutant
LLLYVLLFTLLAALLSLLILI,LLLYVLLFTLLAALLILLILI,Right,clash,26.0651,-277.344,1122370.0,1122070.0,-58.7947,-278.905,-358.737,4703.91,-49.5141,-21.0373,3985.62,4826.46,45.5324,11.7928,3982.59,4831.34,55.5256,18.887,-6.70548,1.10011e+17,15,S,117.9276,9.090937123,,,,,0.1650223282521054,0.0398791196970093,R,99999900.0,LLLYVLLFTLLAALLSLLILI,23852.945785581687,1193.6526456441618,14.913376729027524,0.12136248512562653,LLLYVLLFTLLAALLSLLILI,Mutant
LLLYVLLFTLLAALLSLLILI,LLLYVLLFILLAALLSLLILI,Right,clash,26.0343,-276.164,1122290.0,1122000.0,-60.3624,-277.93,-362.052,4690.66,-45.0059,-23.7592,3991.59,4807.0,53.3967,11.9664,3982.59,4831.34,78.9653,25.5106,-6.70548,1.10011e+17,8,T,119.3632,9.111731095,,,,,0.2148751031179759,0.0241035501340356,R,99999900.0,LLLYVLLFTLLAALLSLLILI,24140.03139449794,1313.5763014710808,21.89152393496636,0.07150971025975603,LLLYVLLFTLLAALLSLLILI,Mutant
LLLYVLLFTLLAALLSLLILI,LLLYVLLFTLLAALLSALILI,Right,void,,,,,,,,,,,3992.29,4783.78,45.2521,45.55,3982.59,4831.34,100.049,95.0461,-6.70548,1.1e+17,16,L,83.9128,35.18385204,3946.74,3887.5439,59.1961,5.0,0.2210245392546724,0.0255452561675202,R,99999900.0,LLLYVLLFTLLAALLSLLILI,24171.42877658317,1261.941090482365,21.18565309124667,0.06536027412305953,LLLYVLLFTLLAALLSLLILI,Mutant
LLLYVLLFTLLAALLSLLILI,LLLYVLLATLLAALLSLLILI,Right,void,,,,,,,,,,,3969.47,4686.61,55.9005,66.2591,3982.59,4831.34,155.524,171.347,-6.70548,1.1e+17,7,F,73.0502,43.73049252,3903.2109,3811.243,91.9679,5.0,0.3158594885384234,0.0547490843990802,R,99999900.0,LLLYVLLATLLAFLLSLLILI,24693.71020681016,1234.199295127437,34.08766047830705,-0.029474675160691466,LLLYVLLFTLLAALLSLLILI,Mutant
LLLYFLLAILLTVLLSLLILI,LLLYFLLAILLIVLLSLLILI,Right,clash,33.3103,-280.312,588157000.0,588156000.0,-60.4787,-281.768,-366.341,4745.47,-45.1245,-24.0947,3970.59,4679.49,52.9054,11.6735,3950.86,4707.42,83.3698,15.5211,-6.17801,1.10011e+17,11,T,118.5943,8.961155404,,,,,0.1713441415132037,0.0452527772657609,R,99999900.0,LLLYFLLAILLTVLLSLLILI,23876.648443501672,1097.9739114693311,19.312553865599128,-0.005061085683084804,LLLYFLLAILLTVLLSLLILI,Mutant
LLLYFLLAILLTVLLSLLILI,LLLYFLLIILLTVLLSLLILI,Right,clash,33.7697,-283.504,371330000000.0,371330000000.0,-74.345,-285.002,-378.466,4728.74,-49.88,-19.1194,3950.86,4707.42,53.395,9.11801,3950.86,4707.42,53.395,9.11801,-6.17801,1.10011e+17,7,A,120.47739,7.035751269,,,,,0.218391376464568,0.124712109535852,R,99999900.0,LLLYFLLAILLTVLLSLLILI,24129.938566913446,1083.3985027774977,18.28782082865387,-0.05210832063444909,LLLYFLLAILLTVLLSLLILI,Mutant
LLLYFLLAILLTVLLSLLILI,LLLYALLAILLTVLLSLLILI,Right,void,,,,,,,,,,,4012.11,4661.81,47.9111,60.718,3950.86,4707.42,116.469,106.94,-6.17801,1.1e+17,4,F,77.7572,43.8475626,3951.392,3843.92,107.472,4.0,0.2960115703332666,0.0317137055624981,R,99999900.0,LLLYFLLAILLTVLLSLLILI,24593.772629237053,1301.4735420450909,27.985097013848563,-0.12972851450314768,LLLYFLLAILLTVLLSLLILI,Mutant
LLLYFLLAILLTVLLSLLILI,LLLAFLLAILLTVLLSLLILI,Right,void,,,,,,,,,,,3820.49,4523.99,56.8269,76.5171,3950.86,4707.42,175.958,290.056,-6.17801,1.1e+17,3,Y,93.2137,45.08144662,3743.9729,3660.804,83.1689,4.0,0.361708023298086,0.0158339515730194,R,99999900.0,LLLYFLLAILLTVLLSLLILI,24979.11300893373,1487.620165846006,32.22548125902048,-0.1954249674679671,LLLYFLLAILLTVLLSLLILI,Mutant
