Sequence,Design,Region,RotamerValues,Interface,InterfaceSequence,Seed,Baseline,Dimer,Dimerw/Baseline,HBONDDimer,HBONDDimerOptimize,HBONDDimerPreOptimize,HBONDMonomer,IMM1Dimer,IMM1DimerOptimize,IMM1DimerPreOptimize,IMM1Monomer,Monomer,MonomerSasa,OptimizeSasa,PreBBOptimizeSasa,SequenceEntropy,SequenceProbability,Total,TotalPreOptimize,Totalw/Entropy,VDWDimer,VDWDimerOptimize,VDWDimerPreOptimize,VDWMonomer,acceptCycleNumber,acceptTemp,endAxialRotation,endAxialRotationPrime,endCrossingAngle,endXShift,endZShift,endZShiftPrime,firstRepackEnergy,preOptimizeAxialRotation,preOptimizeAxialRotationPrime,preOptimizeCrossingAngle,preOptimizeEnergy,preOptimizeXShift,preOptimizeZShift,preOptimizeZShiftPrime,preRepackTotal,replicateNumber,startAxialRotation,startAxialRotationPrime,startCrossingAngle,startXShift,startZShift,startZShiftPrime,Directory,VDWDiff,HBONDDiff,IMM1Diff,VDWRepackDiff,HBONDRepackDiff,IMM1RepackDiff,RepackChange,SasaDiff,AxChange,xChange,crossChange,zChange,PercentGpA_transformed,std_adjusted,Sample,LB-12H_M9-36H,wt_seq,Fluorescence,FluorStdDev,Percent GpA
LLLAYLLGVLLGLLLGFLILI,GJL,GAS,1.33e+20,1.1e+17,A--AY--GV-LGL-LGF--A-,1678360000,201.937,-340.096,-138.16,-58.4209,-58.0358,-58.1986,-45.1579,-215.967,-216.593,-216.557,-244.674,-313.686,3989.03,3238.25,3180.53,56.2014,7.53e-05,-31.4568,-29.4554,-81.9583,-65.7082,-70.5146,-68.3865,-23.8547,464,148.395,-71.2876,48.7849,-37.1453,6.33757,3.7791,3.01088,-29.415,-71.2876,46.9554,-39.7691,-29.4554,6.42945,3.53212,2.73645,-26.4098,1,-71.2876,45.5524,-38.516,6.6243,3.34271,2.526,design_4855,-46.6599,-12.8779,28.081,-2.1281,0.1628,-0.036,-2.0014,-750.78,3.2325,-0.28673,1.3707,0.48488,1.2377063120773768,0.0427896615407996,D,99999900.0,LLLALLLGVLLGLLLGFLILI,31335.604259287524,1414.176709396238,118.95374646926872
LLLYALLALLLGTLLGFLILI,GJL,GAS,1.33e+20,1.1e+17,A--YA--AL--GT-LGF--AA,1678150000,208.655,-338.658,-130.003,-68.6529,-68.8499,-68.4362,-58.9223,-220.542,-220.384,-219.84,-247.096,-322.117,4066.49,3469.16,3314.28,54.5495,9.96e-05,-25.481,-20.9373,-75.4534,-49.4631,-58.3644,-54.7781,-16.0984,463,79.6152,-61.4491,58.4662,-34.8493,6.65586,3.61031,2.9873,-19.9636,-61.4491,56.4782,-36.3969,-20.9373,6.7439,3.34193,2.6891,-16.541,0,-61.4491,56.4782,-36.3969,6.7439,3.34193,2.6891,design_4381,-42.266,-9.9276,26.712,-3.5863,-0.4137,-0.544,-4.5437,-597.33,1.988,-0.08804,1.5476,0.2982,0.0459424906824484,0.1539905572193009,D,99999900.0,LLLGALLALLLGTLLGFLILI,25302.251998193216,690.622408766991,20.815013273391447
LLLAYLLGTLLGLLLGFLILI,GJL,GAS,1.33e+20,1.1e+17,L--AY--GT-LGL-LGF--L-,1677830000,333.27,-366.707,-33.4369,-65.137,-67.941,-64.9237,-58.9275,-215.999,-217.016,-215.991,-240.816,-336.436,4471.69,3596.7,3435.14,60.0294,3.95e-05,-37.2159,-30.0736,26.5925,-85.571,-88.6951,-85.5955,-36.693,422,431.524,-80.1891,50.8182,-37.8896,6.43374,5.38882,4.65109,-35.9289,-80.1891,49.9869,-38.8721,-30.0736,6.48939,5.2766,4.52641,-30.2705,1,-80.1891,50.0902,-39.6088,6.6695,5.29055,4.5419,design_4526,-52.0021,-9.0135,23.8,-3.0996,-3.0173,-1.025,-7.1423,-874.99,0.728,-0.23576,1.7192,0.10919,1.1403519630272705,0.0592816206160248,D,99999900.0,LLLALLLGTLLGLLLGFLILI,30786.41995490919,1413.2228325593585,103.7690101041222
LLLAYLLGLLLGVLLGTLILI,GJL,GAS,1.33e+20,1.1e+17,L--AY--GL-LGV-LGT--L-,1677830000,346.677,-373.11,-26.432,-72.041,-72.3476,-71.8272,-58.948,-214.057,-214.37,-214.048,-238.705,-347.268,4469.03,3504.29,3480.31,58.5416,5.07e-05,-33.5239,-25.6435,32.1096,-87.012,-94.0746,-87.0362,-49.6153,466,193.783,-80.1891,49.9869,-38.8721,6.48939,5.2766,4.52641,-31.242,-80.1891,50.0902,-39.6088,-25.6435,6.6695,5.29055,4.5419,-25.8411,0,-80.1891,50.0902,-39.6088,6.6695,5.29055,4.5419,design_4526,-44.4593,-13.3996,24.335,-7.0384,-0.5204,-0.322,-7.8804,-964.74,-0.1033,-0.18011,0.7367,-0.01549,1.160920552874124,0.1127726015070747,D,99999900.0,LLLALLLGLLLGVLLGTLILI,30972.334257198363,1239.751454698762,118.812094785889
LLLTYLLGVLLGLLLGFLILI,GJL,GAS,1.33e+20,1.1e+17,L--TY--GV-LGL-LGF--L-,1677830000,334.434,-181.147,153.287,-56.01,-57.4168,-55.7877,-45.1579,-225.159,-226.717,-225.156,-249.155,-337.829,4532.62,3643.91,3468.88,60.7786,3.48e-05,-29.2244,156.887,214.066,100.022,-82.9198,100.002,-43.5156,515,9.41515,-70.6256,45.7757,-43.8564,6.69097,3.27355,2.46019,126.098,-70.6256,40.5984,-41.2559,156.887,6.8843,2.57462,1.6836,156.682,0,-70.6256,40.5984,-41.2559,6.8843,2.57462,1.6836,design_4725,-39.4042,-12.2589,22.438,-182.9218,-1.6291,-1.561,-186.1114,-888.71,5.1773,-0.19333,-2.6005,0.77659,1.127297903852258,0.3795546941546942,D,99999900.0,LLLTALLGVLLGLLLGFLILI,30715.173388391064,695.9105732453365,143.45113743747586
LLLAYLLGLLLGFLLGTLILI,GJL,GAS,1.33e+20,1.1e+17,L--AY--GL-LGF-LGT--L-,1677830000,336.656,-352.93,-16.2739,-63.776,-65.9668,-63.5622,-58.948,-217.638,-218.385,-217.63,-240.601,-335.954,4487.1,3597.58,3503.75,60.0294,3.95e-05,-28.9835,-16.7805,43.7555,-71.5162,-80.5853,-71.5416,-36.4049,448,253.054,-87.7841,42.6468,-34.8101,7.12466,5.42493,4.56463,-24.6423,-87.7841,42.39,-34.8418,-16.7805,7.3202,5.39026,4.52611,-16.9767,1,-87.7841,38.6606,-35.7467,7.5,4.88679,3.9667,design_4459,-44.1804,-7.0188,22.216,-9.0437,-2.4046,-0.755,-12.203,-889.52,3.9862,-0.37534,0.9366,0.59793,1.2232390586969066,0.0657877048031867,D,99999900.0,LLLAVLLGLLLGFLLGTLILI,31225.15768474518,1063.7211215263078,120.30530366395423
LLLYFLLATLLGLLLGVLILI,GJL,GAS,1.33e+20,1.1e+17,L--YF--AT-LGL-LGV--L-,1677850000,340.25,-353.63,-13.3808,-60.5355,-60.2683,-60.3354,-58.9275,-226.495,-228.846,-226.492,-245.496,-338.462,4653.27,3674.89,3538.53,51.1953,0.000175503,-23.4915,-14.9856,37.8145,-66.6004,-72.8394,-66.6198,-34.0381,470,72.839,-71.1719,45.5564,-33.9695,7.19983,3.32589,2.50924,-22.8887,-71.1719,42.7776,-35.051,-14.9856,7.23234,2.95076,2.09242,-15.1686,2,-71.1719,34.5088,-41.0473,6.9662,1.83447,0.8521,design_4952,-38.8013,-1.3408,16.65,-6.2196,0.0671,-2.354,-8.5059,-978.38,11.0476,0.23363,7.0778,1.65714,0.4495313207731932,0.0823061088921998,D,99999900.0,LLLAFLLATLLGLLLGVLILI,27332.65480321893,939.8207271691384,50.94130816216814
