Sequence,Type,Mutant Type,Position,WT Sequence,Fluor Difference,Geometry,Interface,Seed,HBONDDimerOptimize,HBONDDimerPreOptimize,HBONDMonomer,IMM1DimerOptimize,IMM1DimerPreOptimize,IMM1Monomer,Monomer,MonomerSasa,OptimizeSasa,PreBBOptimizeSasa,Total,TotalPreOptimize,VDWDimerOptimize,VDWDimerPreOptimize,VDWMonomer,endAxialRotation,endAxialRotationPrime,endCrossingAngle,endXShift,endZShift,endZShiftPrime,firstRepackEnergy,preOptimizeAxialRotation,preOptimizeAxialRotationPrime,preOptimizeCrossingAngle,preOptimizeEnergy,preOptimizeXShift,preOptimizeZShift,preOptimizeZShiftPrime,replicateNumber,Directory,PercentGpA,PercentStd,Sample,Segments,LB-0H_M9-30H,LB-0H_M9-36H,LB-12H_M9-30H,LB-12H_M9-36H,LB-36H_M9-30H,LB-36H_M9-36H,VDWDiff,HBONDDiff,IMM1Diff,interfaceSasa,vdwPerSasa,hbondPerSasa,imm1PerSasa,totalPerSasa
IFLLGVLLGLLLGTL,Mutant,clash,,LLLAFLLGVLLGLLLGTLILI,-0.0105851947645561,LLLIFLLGVLLGLLLGTLILI_0,110011001100110000,1,-69.0906,-73.0197,-58.7167,-230.355,-216.105,-236.076,-343.791,4598.1,3459.32,3370.3,-54.1413,15.2145,-98.487,-39.4517,-48.9981,-84.2613,59.4678,-41.6502,6.91238,7.16735,6.55936,12.8676,-83.578,48.738,-35.1079,-328.577,6.9512,5.61633,4.8474,0,LLLIFLLGVLLGLLLGTLILI,1.2269585802317091,0.1003952123310949,D,14,-95.18352693187592,-96.06886725398132,-91.29486275243262,-92.894998143148,-93.11971806497203,-94.38441755324423,-49.488899999999994,-10.373899999999992,5.721000000000004,1138.7800000000002,-0.04345782328456768,-0.00910966121638946,0.005023797397214565,-0.04754324803737332
IYLLGILLGLLLAFL,Mutant,clash,,LLLSYLLGILLGLLLAFLILI,0.6844979639763961,LLLIYLLGILLGLLLAFLILI_0,110011001100110000,1,-54.331,-58.0824,-44.9254,-238.063,-219.087,-240.556,-337.205,4612.92,3629.51,3527.82,-53.778,-28.8793,-98.5893,-88.9152,-51.7241,-74.7033,73.0084,-44.9757,6.69312,7.56163,7.15675,-28.9246,-79.2928,46.8705,-41.4445,-366.084,6.9265,4.72144,3.9245,0,LLLIYLLGILLGLLLAFLILI,0.7151259677105767,0.1211377975685588,D,14,-69.52668302166782,-74.61479034218858,-62.88779037419408,-69.08438871667288,-68.32493315050243,-73.61369576303683,-46.865199999999994,-9.4056,2.4930000000000234,983.4099999999999,-0.04765580988600889,-0.009564271260206833,0.0025350565888083544,-0.05468522793138163
IYLLGTLLGLLLGFL,Mutant,clash,,LLLAYLLGTLLGLLLGFLILI,0.4203146062332589,LLLIYLLGTLLGLLLGFLILI_0,110011001100110000,1,-71.8089,-67.5574,-58.6855,-232.778,-210.24,-238.573,-336.579,4590.71,3583.85,3423.65,-51.6615,-21.808,-83.6533,-80.5889,-39.3204,-77.7709,72.157,-42.3981,6.34069,7.90684,7.48919,-23.5628,-81.8261,48.1246,-38.4583,-358.387,6.5,5.27073,4.4926,0,LLLIYLLGTLLGLLLGFLILI,0.7200373567940116,0.1441219536958802,D,14,-73.22425847810138,-75.2780225970983,-63.78969405586869,-66.56711207901236,-69.52782026705381,-71.86511013489806,-44.3329,-13.123399999999997,5.795000000000016,1006.8600000000001,-0.044030848380112425,-0.013033986850207572,0.005755517152334997,-0.051309516715332806
IYLLGVLLGFLLGLL,Mutant,clash,,LLLAYLLGVLLGFLLGLLILI,0.3827126680877251,LLLIYLLGVLLGFLLGLLILI_0,110011001100110000,1,-53.3693,-58.355,-44.8823,-232.426,-213.629,-237.954,-325.715,4668.25,3573.2,3544.01,-50.5111,-27.5786,-90.4308,-81.3098,-42.8785,-76.3386,71.3138,-43.4598,6.92884,7.57815,7.14785,-26.6268,-79.0932,48.1108,-39.972,-353.293,7.1758,4.85894,4.0806,0,LLLIYLLGVLLGFLLGLLILI,0.9510435016654624,0.1186155981586763,D,14,117.29736886690264,110.39129613797192,61.76069250261296,56.619667956708334,222.84798680927955,212.5873394350382,-47.5523,-8.487000000000002,5.52800000000002,1095.0500000000002,-0.04342477512442354,-0.007750331035112553,0.005048171316378265,-0.04612675220309574
LFLLGVLLGLLLGTL,Mutant,clash,,LLLAFLLGVLLGLLLGTLILI,-0.1124469225877766,LLLLFLLGVLLGLLLGTLILI_0,110011001100110000,1,-67.1135,-73.0285,-58.7167,-229.546,-212.702,-236.859,-345.697,4628.03,3553.62,3360.52,-50.491,84.9434,-99.5284,24.9764,-50.1221,-84.9753,62.0055,-45.3418,7.01124,7.61703,7.04712,50.5968,-83.578,48.738,-35.1079,-260.754,6.9512,5.61633,4.8474,0,LLLLFLLGVLLGLLLGTLILI,1.3288203080549297,0.0881458860880776,D,16,-95.64423078230962,-97.39491720701454,-92.41164349428276,-95.46158302423444,-94.17919074975426,-96.51871133174816,-49.4063,-8.396799999999999,7.313000000000017,1074.4099999999999,-0.04598458688954869,-0.007815266052996529,0.006806526372613823,-0.046994164238977676
IFLLGTLLGLLLGYL,Mutant,clash,,LLLAFLLGTLLGLLLGYLILI,-0.0271146726852766,LLLIFLLGTLLGLLLGYLILI_0,110011001100110000,1,-70.3446,-62.8829,-58.6988,-228.564,-212.773,-240.378,-337.168,4618.71,3412.84,3398.69,-49.139,-26.5767,-87.3978,-88.0886,-38.0912,-68.8634,68.1493,-37.3772,6.27044,6.02967,5.55191,-26.9712,-72.4524,47.8783,-35.1603,-363.744,6.5,3.83143,3.0496,0,LLLIFLLGTLLGLLLGYLILI,1.3490935978520628,0.1008742313921658,D,14,-90.55960645295524,-94.17593767972885,-84.54051421043502,-90.46257889259732,-85.92979578927273,-91.31966842548958,-49.3066,-11.645800000000001,11.813999999999993,1205.87,-0.04088881886107126,-0.009657591614353124,0.009797075970046518,-0.04074983207145049
ILLLGILLGLLLGFL,Mutant,clash,,LLLALLLGILLGLLLGFLILI,0.162673798258883,LLLILLLGILLGLLLGFLILI_0,110011001100110000,1,-56.5723,-57.1003,-44.9506,-224.346,-210.837,-237.517,-348.588,4567.64,3533.04,3407.57,-48.3293,-34.2346,-115.999,-114.885,-66.1205,-77.6044,56.2098,-39.0344,6.66712,5.72898,5.07213,-32.2445,-80.9675,41.2498,-36.7766,-382.822,6.7833,4.21385,3.3326,0,LLLILLLGILLGLLLGFLILI,1.1171782063398985,0.1368393196681536,D,14,-87.29404040165569,-88.0438975154137,-81.677797406063,-82.75910368981425,-84.53587775773828,-85.44851107611389,-49.87849999999999,-11.621699999999997,13.170999999999992,1034.6000000000004,-0.048210419485791585,-0.011233036922482112,0.012730523873960939,-0.04671302919002512
LFLLGILLGLLLGTL,Mutant,clash,,LLLAFLLGILLGLLLGTLILI,0.0995620722925487,LLLLFLLGILLGLLLGTLILI_0,110011001100110000,1,-69.5283,-69.665,-58.7892,-219.527,-215.62,-237.721,-346.888,4622.53,3466.44,3488.03,-48.0001,-43.4703,-105.832,-105.073,-50.3779,-79.681,43.42,-39.2575,7.14208,4.31386,3.46516,-43.606,-80.3909,36.9211,-40.9331,-390.358,7.1519,3.54298,2.5968,0,LLLLFLLGILLGLLLGTLILI,1.3183071426436734,0.1420417688540919,D,16,-95.23288248791096,-94.78131369846837,-92.90230355951353,-92.22996892934472,-93.91346518049268,-93.33691359489085,-55.4541,-10.7391,18.194000000000017,1156.0899999999997,-0.047966940290115834,-0.009289155688570963,0.01573752908510585,-0.041519345379684984
LLLLGILLGFLLGTL,Mutant,clash,,LLLALLLGILLGFLLGTLILI,0.4581959755666512,LLLLLLLGILLGFLLGTLILI_0,110011001100110000,1,-65.6393,-68.8587,-58.6933,-232.322,-211.914,-237.44,-349.008,4621.34,3645.15,3552.01,-47.3154,-29.6927,-98.3614,-97.9274,-52.8742,-76.1587,71.2181,-48.7801,6.8734,7.53825,7.10652,-29.5053,-79.2928,46.8705,-41.4445,-378.7,6.9265,4.72144,3.9245,0,LLLLLLLGILLGFLLGTLILI,0.9295648896039376,0.0631401483927789,D,16,-88.86719715052713,-90.5488076252149,-83.50370832314006,-85.99547407632825,-85.60632895642698,-87.78049374882951,-45.4872,-6.946000000000005,5.117999999999995,976.19,-0.04659666663252031,-0.007115418105082007,0.005242831825771617,-0.0484694577899794
LYLLGVLLGLLLGFL,Mutant,clash,,LLLAYLLGVLLGLLLGFLILI,0.4010732999880868,LLLLYLLGVLLGLLLGFLILI_0,110011001100110000,1,-58.0907,-59.9722,-44.9116,-223.246,-217.179,-238.815,-331.3,4639.47,3613.37,3398.77,-47.167,-40.87,-97.1309,-95.0189,-47.5737,-81.4037,40.1022,-44.4876,6.659,4.12436,3.22589,-40.1712,-78.3342,38.1851,-39.2997,-372.17,6.6883,3.40512,2.4779,0,LLLLYLLGVLLGLLLGFLILI,0.83663301208929,0.0842811118553114,D,16,-89.12474290007928,-88.55377568320179,-84.38306404243063,-83.56315161388561,-87.15276715358121,-86.47826826904907,-49.557199999999995,-13.179099999999998,15.568999999999988,1026.1000000000004,-0.048296657245882446,-0.01284387486599746,0.015172985089172579,-0.045967254653542525
IFLLGVLLGLLLGYL,Mutant,clash,,LLLAFLLGVLLGLLLGYLILI,0.1580366124247159,LLLIFLLGVLLGLLLGYLILI_2,110011001100110000,1,-57.0966,-57.0353,-44.9328,-222.747,-222.599,-239.796,-329.676,4648.79,3411.66,3471.91,-46.3707,938.754,-96.2029,888.712,-44.9471,-76.589,43.6791,-37.1568,5.83867,3.88502,3.0402,-19.3292,-69.605,42.1044,-35.8969,-348.886,6.5663,2.62484,1.75641,2,LLLIFLLGVLLGLLLGYLILI,1.3500644044191896,0.1227180952278291,D,14,-93.04017864306176,-94.02789270845705,-88.22257399979034,-89.89398605449237,-89.61365078045218,-91.0876459717264,-51.2558,-12.163800000000002,17.048999999999978,1237.13,-0.041431215797854706,-0.009832273083669461,0.013781090103707757,-0.03748247961006523
IYLLGVLLGLLLGFL,Mutant,clash,,LLLAYLLGVLLGLLLGFLILI,0.1512997733538017,LLLIYLLGVLLGLLLGFLILI_0,110011001100110000,1,-59.6178,-59.9722,-44.9116,-223.165,-218.24,-237.99,-329.121,4618.03,3490.66,3396.38,-45.9155,-42.537,-92.2531,-93.4454,-46.2191,-81.0832,40.6124,-40.1541,6.63731,4.14515,3.25433,-42.3881,-78.3342,38.1851,-39.2997,-371.658,6.6883,3.40512,2.4779,0,LLLIYLLGVLLGLLLGFLILI,1.086406538723575,0.0420436980695851,D,14,245.8131097219079,256.9890972999299,87.81230743203447,93.882025311001,337.2334170313999,351.3639259683475,-46.034000000000006,-14.706200000000003,14.825000000000017,1127.37,-0.040833089402769286,-0.013044696949537422,0.0131500749532097,-0.0407279775051669
LFLLGSLLGILLTLL,Mutant,clash,,LLLAFLLGSLLGILLTLLILI,0.8491168470848892,LLLLFLLGSLLGILLTLLILI_0,110011001100110000,1,-83.4258,-82.7335,-74.1526,-227.377,-215.829,-240.189,-368.404,4545.31,3601.33,3588.18,-45.9104,-30.5018,-103.512,-100.344,-54.0626,-69.8987,76.068,-45.7276,7.05287,7.25399,6.89501,-30.0403,-72.8398,58.7702,-43.8998,-398.906,7.2749,5.35995,4.7415,0,LLLLFLLGSLLGILLTLLILI,0.8143264252406756,0.0408600331129402,D,16,-85.16121195761853,-85.22112142441559,-80.16671721531267,-80.24679123436815,-84.31947912779874,-84.38278696950864,-49.4494,-9.273199999999989,12.811999999999983,943.9800000000005,-0.05238394881247481,-0.00982351321002562,0.01357232144748827,-0.04863492870611663
IFLLGILLGLLLGTL,Mutant,clash,,LLLAFLLGILLGLLLGTLILI,0.1591668532069008,LLLIFLLGILLGLLLGTLILI_0,110011001100110000,1,-69.8068,-69.665,-58.7892,-219.727,-216.726,-237.218,-345.256,4602.51,3474.95,3471.4,-45.9059,-42.2983,-101.628,-101.164,-49.2487,-82.167,38.1182,-40.5307,7.11979,3.971,3.04278,-42.3221,-80.3909,36.9211,-40.9331,-387.554,7.1519,3.54298,2.5968,0,LLLIFLLGILLGLLLGTLILI,1.2587023617293214,0.1306029942137308,D,14,-95.503896076718,-96.05054139569611,-92.32964638536257,-93.26222333863012,-93.55169480949634,-94.33569266805968,-52.3793,-11.017599999999995,17.490999999999985,1127.5600000000004,-0.04645366987122635,-0.009771187342580432,0.015512256553974936,-0.04071260065983184
IFLLGTLLGLLLAVL,Mutant,clash,,LLLAFLLGTLLGLLLAVLILI,0.1475868744539272,LLLIFLLGTLLGLLLAVLILI_0,110011001100110000,1,-66.7217,-67.0843,-58.7424,-225.084,-209.161,-237.181,-347.993,4610.24,3569.44,3529.38,-45.8324,-18.0383,-102.02,-89.7859,-52.0694,-78.0285,60.9428,-41.5651,6.60445,6.43156,5.8457,-22.5287,-73.1449,51.1091,-38.7208,-366.031,6.6288,4.37146,3.6381,0,LLLIFLLGTLLGLLLAVLILI,1.269337239986803,0.0878603444194304,D,14,-94.61726857720198,-96.13404038808936,-90.84835521162606,-93.42714946085584,-92.48745452791457,-94.60437553047603,-49.950599999999994,-7.979299999999995,12.097000000000008,1040.7999999999997,-0.047992505764796314,-0.0076665065334358155,0.011622790161414308,-0.0440357417371253
IFLLGLLLGVLLGTL,Mutant,clash,,LLLAFLLGLLLGVLLGTLILI,0.0185117794178735,LLLIFLLGLLLGVLLGTLILI_0,110011001100110000,1,-69.6447,-73.3231,-58.7316,-224.497,-214.464,-235.981,-343.23,4552.73,3487.51,3343.09,-45.5727,68.3506,-94.6611,12.9078,-48.5171,-86.291,50.9184,-42.9269,6.91197,6.31763,5.5814,42.5073,-83.578,48.738,-35.1079,-274.88,6.9512,5.61633,4.8474,0,LLLIFLLGLLLGVLLGTLILI,1.350848250595039,0.1256385121607126,D,14,-88.37549130224524,-89.67193547253972,-80.58807924208014,-82.7530285018871,-82.27768033072351,-84.25419380038667,-46.144000000000005,-10.9131,11.48399999999998,1065.2199999999993,-0.043318751056119896,-0.010244925930793645,0.010780871557049236,-0.04278242992057981
LYLLGTLLGLLLGFL,Mutant,clash,,LLLAYLLGTLLGLLLGFLILI,0.4897722628447496,LLLLYLLGTLLGLLLGFLILI_0,110011001100110000,1,-72.3355,-67.5574,-58.6855,-222.092,-209.812,-239.393,-338.771,4615.3,3538.94,3426.25,-44.6967,-4.54895,-89.0401,-65.9509,-40.6927,-83.0978,56.5069,-41.0663,6.48897,6.59311,5.94072,-9.33708,-81.8261,48.1246,-38.4583,-343.32,6.5,5.27073,4.4926,0,LLLLYLLGTLLGLLLGFLILI,0.6505797001825209,0.148109499350658,D,16,-94.23478585295896,-94.90803075372496,-91.70525787716169,-92.67389368060986,-93.6758135845986,-94.41433363729224,-48.34739999999999,-13.649999999999999,17.300999999999988,1076.3600000000001,-0.04491749972128283,-0.012681630681184731,0.01607361849195435,-0.04152579062767103
IYLLGVLLGLLLAFL,Mutant,clash,,LLLSYLLGVLLGLLLAFLILI,0.0391215177701025,LLLIYLLGVLLGLLLAFLILI_0,110011001100110000,1,-54.2074,-56.0525,-44.9196,-226.033,-217.483,-239.155,-333.495,4621.67,3695.82,3541.96,-43.1652,-30.28,-96.4198,-90.2387,-49.4205,-83.1334,57.4823,-46.3578,6.38586,6.73012,6.09235,-30.2713,-85.9497,42.6517,-45.0,-363.775,6.5506,5.15043,4.2902,0,LLLIYLLGVLLGLLLAFLILI,0.8596526265599777,0.1306776596248285,D,15,-69.97770667572182,-73.09621905281205,-62.02012351472678,-65.96521570406672,-65.65908367739839,-69.22618534534627,-46.9993,-9.287799999999997,13.122000000000014,925.8499999999999,-0.05076340659934115,-0.01003164659502079,0.014172922179618746,-0.04662223902359994
IFLLGVLLGILLGLL,Mutant,clash,,LLLAFLLGVLLGILLGLLILI,0.2340234895231434,LLLIFLLGVLLGILLGLLILI_0,110011001100110000,1,-56.1496,-53.5625,-44.9468,-224.835,-211.797,-236.759,-340.021,4597.45,3470.1,3617.74,-42.6794,-20.445,-101.716,-95.1072,-58.3162,-60.4745,66.7837,-36.9608,6.76566,4.58697,4.08872,-20.0119,-69.6978,38.4736,-44.8571,-360.466,6.5368,2.1486,1.2257,0,LLLIFLLGVLLGILLGLLILI,1.2050178465152577,0.0679872494893036,D,14,-88.27996728036767,-91.16562815168425,-84.35280771424567,-88.20539853929795,-87.91471468539322,-90.89030662999932,-43.39979999999999,-11.202799999999996,11.923999999999978,1127.35,-0.03849718366079744,-0.009937286556969883,0.010577016898035196,-0.037858162948507565
IFLLGLLLGTLLGVL,Mutant,clash,,LLLAFLLGLLLGTLLGVLILI,0.2299579222623944,LLLIFLLGLLLGTLLGVLILI_0,110011001100110000,1,-70.5725,-72.8441,-58.6456,-219.713,-210.18,-235.944,-343.257,4584.51,3447.69,3388.3,-42.6449,-27.1155,-95.6167,-87.3483,-48.6681,-74.2435,50.5619,-38.1194,7.14882,4.46238,3.72081,-28.2194,-70.7932,46.6401,-35.0,-370.373,7.2306,3.4154,2.615,0,LLLIFLLGLLLGTLLGVLILI,1.2759206660506897,0.1438739469752978,D,14,-88.55374371487015,-91.82466135122591,-79.9258144203894,-85.66227584604601,-81.83462299855965,-87.02561737479544,-46.94859999999999,-11.926900000000003,16.230999999999995,1136.8200000000002,-0.04129818264984781,-0.010491458630214107,0.014277546137471184,-0.037512447001284276
ILLLGFLLGVLLGTL,Mutant,clash,,LLLALLLGFLLGVLLGTLILI,0.1453803997071454,LLLILLLGFLLGVLLGTLILI_0,110011001100110000,1,-71.1404,-73.7028,-58.7392,-227.481,-210.877,-235.228,-345.84,4513.38,3498.02,3379.29,-42.4879,295.129,-89.706,233.869,-51.8724,-84.2753,61.2733,-42.1031,6.84197,7.41318,6.83228,217.573,-83.578,48.738,-35.1079,-50.711,6.9512,5.61633,4.8474,0,LLLILLLGFLLGVLLGTLILI,0.9642162588280192,0.021165831837201,D,14,54.926734669531726,33.33599986139863,21.280580809966825,4.378805508048465,91.14296964551886,64.50510642030856,-37.833600000000004,-12.401200000000003,7.747000000000014,1015.3600000000001,-0.0372612669398046,-0.012213599117554366,0.007629806177119458,-0.04184515836747557
LFLLGTLLGLLLAVL,Mutant,clash,,LLLAFLLGTLLGLLLAVLILI,0.2647875135985256,LLLLFLLGTLLGLLLAVLILI_0,110011001100110000,1,-68.3892,-67.0843,-58.7424,-225.931,-207.349,-237.983,-349.922,4638.69,3618.71,3527.45,-42.4248,99.7401,-98.0268,24.2506,-53.1965,-75.2408,65.7762,-43.2881,6.60502,6.66591,6.15255,89.1621,-73.1449,51.1091,-38.7208,-250.182,6.6288,4.37146,3.6381,0,LLLLFLLGTLLGLLLAVLILI,1.1521366008422047,0.0701921708638339,D,16,-89.43358635960364,-92.30897368723458,-85.08690622407943,-89.14513471279922,-87.55313156325649,-90.9402380110748,-44.830299999999994,-9.646799999999999,12.051999999999992,1019.9799999999996,-0.043952136316398376,-0.009457832506519739,0.011815917959175668,-0.04159375674032826
IYLLGTLLGFLLGLL,Mutant,clash,,LLLAYLLGTLLGFLLGLLILI,0.2745805140638651,LLLIYLLGTLLGFLLGLLILI_0,110011001100110000,1,-69.7179,-72.2929,-58.7318,-227.109,-210.596,-238.157,-335.202,4620.24,3570.83,3512.19,-42.2204,-10.1474,-80.5964,-62.4606,-38.3135,-83.2679,65.4706,-40.8679,7.23167,7.82872,7.31078,-10.4772,-87.9639,43.7708,-37.0981,-345.35,7.4797,5.60364,4.7602,0,LLLIYLLGTLLGFLLGLLILI,0.9780942162155644,0.0794549035604187,D,14,-57.28520870423544,-63.6711168025597,-43.82295247734327,-52.2214826312399,-41.81749225281373,-50.51584090751995,-42.282900000000005,-10.9861,11.048000000000002,1049.4099999999999,-0.04029206887679745,-0.010468834869116934,0.01052782039431681,-0.040232511601757184
ILLLGILLGFLLGTL,Mutant,clash,,LLLALLLGILLGFLLGTLILI,0.2060292076085537,LLLILLLGILLGFLLGTLILI_1,110011001100110000,1,-68.8764,-68.359,-58.6933,-220.755,-218.522,-236.692,-346.882,4600.59,3626.94,3526.8,-42.0205,-31.239,-99.2718,-91.2404,-51.4974,-86.6753,46.2854,-45.0525,6.80009,5.74982,4.9441,-29.212,-79.2928,46.8705,-41.4445,-375.064,6.9265,4.72144,3.9245,1,LLLILLLGILLGFLLGTLILI,1.1817316575620351,0.0320546239918274,D,14,-93.20154787778974,-93.548829110583,-89.62564494264443,-90.15559187011976,-90.00263179492386,-90.51332133020856,-47.7744,-10.183100000000003,15.937000000000012,973.6500000000001,-0.049067323987059,-0.01045868638627844,0.016368304832331957,-0.04315770554100549
ILLLGLLLGVLLGTL,Mutant,clash,,LLLALLLGLLLGVLLGTLILI,0.5335114904630637,LLLILLLGLLLGVLLGTLILI_0,110011001100110000,1,-70.76,-73.2113,-58.7166,-222.059,-201.724,-234.275,-363.048,4537.34,3458.5,3475.95,-41.9978,347.277,-112.226,259.165,-70.056,-82.8012,69.1031,-37.7262,6.76913,8.2491,7.78564,344.098,-78.1087,59.6093,-35.0,-15.7704,6.7754,6.26356,5.6577,0,LLLILLLGLLLGVLLGTLILI,0.729940224754109,0.0523713022992133,D,14,-12.590031586145578,-24.36425613401471,-16.99587467127801,-28.17662702428929,-0.4242165619174399,-13.837190562536614,-42.17,-12.043400000000005,12.216000000000008,1078.8400000000001,-0.03908828000444922,-0.011163286492899785,0.011323273145230068,-0.03892866412072225
ILLLGTLLGLLLGFL,Mutant,clash,,LLLALLLGTLLGLLLGFLILI,0.4002694476329287,LLLILLLGTLLGLLLGFLILI_0,110011001100110000,1,-69.9939,-67.3744,-58.6905,-224.195,-208.912,-236.649,-352.37,4554.95,3550.09,3401.52,-41.8177,141.4,-99.9988,65.3168,-57.0303,-65.7993,58.8656,-40.8372,6.42694,4.31675,3.69974,117.816,-63.8279,50.3554,-37.6016,-210.97,6.5149,2.87217,2.1275,0,LLLILLLGTLLGLLLGFLILI,0.8972104588317484,0.0425490310703765,D,14,-73.15104233725219,-78.8249922301605,-65.35570007677494,-72.6770279401654,-66.64516343320402,-73.69399094239,-42.968500000000006,-11.303399999999996,12.454000000000008,1004.8599999999997,-0.0427606830802301,-0.01124873116653066,0.012393766295802413,-0.04161544891825728
LYLLGILLGLLLAFL,Mutant,clash,,LLLSYLLGILLGLLLAFLILI,1.233371495182132,LLLLYLLGILLGLLLAFLILI_0,110011001100110000,1,-53.8232,-57.1206,-44.9254,-224.926,-217.098,-241.392,-339.39,4630.26,3654.44,3543.32,-41.2226,-30.1732,-101.864,-95.3449,-53.0729,-80.1524,53.6741,-44.6576,6.78148,5.76887,5.07398,-31.2427,-79.2928,46.8705,-41.4445,-369.564,6.9265,4.72144,3.9245,0,LLLLYLLGILLGLLLAFLILI,0.1662524365048407,0.1225089313148783,D,17,-80.94041404417933,-85.94800045805249,-73.31126804982674,-80.32328456618633,-80.07307018645395,-85.3085366459991,-48.79110000000001,-8.897799999999997,16.466000000000008,975.8200000000002,-0.05000010247791601,-0.009118280010657698,0.016874013650058417,-0.04224406140476727
IVLLGILLGLLLGFL,Mutant,clash,,LLLAVLLGILLGLLLGFLILI,0.8847071356394406,LLLIVLLGILLGLLLGFLILI_0,110011001100110000,1,-55.0269,-56.7342,-44.9348,-225.944,-206.31,-236.476,-342.535,4520.31,3523.33,3427.45,-41.1908,6.25799,-102.755,-73.2328,-61.1248,-74.4028,55.2996,-44.1402,6.79829,5.12586,4.45535,6.48294,-78.3112,37.3108,-36.9447,-336.277,6.8995,3.28364,2.3433,0,LLLIVLLGILLGLLLGFLILI,0.5264517539592485,0.0825583979270744,D,14,103.70753724584632,90.62262755906517,37.1400624043895,28.33103474020788,132.12396582422258,117.21376088034854,-41.630199999999995,-10.092099999999995,10.53200000000001,996.9800000000005,-0.04175630403819532,-0.010122670464803698,0.010563902987020809,-0.04131557303055225
TLLLGLLLGYLLIFL,Mutant,clash,,LLLTLLLGLLLGYLLAFLILI,0.8695426733317504,LLLTLLLGLLLGYLLIFLILI_2,110011001100110000,1,-54.3854,-44.9618,-44.9618,-239.787,-239.316,-250.55,-350.842,4619.17,3713.0,3581.24,-41.1823,11251.7,-97.8525,11185.2,-55.3303,-95.3975,49.1184,-46.1087,7.01925,7.44062,6.67739,9195.64,-93.4365,38.3915,-39.9749,10875.8,7.3305,5.69833,4.7742,2,LLLTLLLGLLLGYLLIFLILI,0.3176077422347221,0.1261799326048479,D,15,-6.842554825173377,-23.15452587693558,-17.474656469155917,-31.924934835909824,-9.9069931370037,-25.68237767183559,-42.522200000000005,-9.4236,10.763000000000005,906.1700000000001,-0.04692519063751835,-0.010399373186046768,0.01187746228632597,-0.04544654976439299
IYLLGLLLGFLLATL,Mutant,clash,,LLLAYLLGLLLGFLLATLILI,1.1772026838424292,LLLIYLLGLLLGFLLATLILI_0,110011001100110000,1,-69.2557,-63.054,-58.7236,-232.24,-213.314,-239.748,-340.552,4625.91,3660.7,3631.67,-41.1526,-2.60152,-80.2089,-66.7861,-42.0805,-84.7167,64.2993,-42.9686,6.7678,7.8879,7.35239,-2.11459,-87.2227,45.9146,-36.9014,-343.154,7.4937,5.78188,4.9706,0,LLLIYLLGLLLGFLLATLILI,1.0842568874734866,0.146878951060997,D,14,-28.024874689891902,-37.80824610665165,-17.90236634466556,-29.061661156958333,10.112672817936057,-4.854625553946355,-38.1284,-10.532100000000007,7.507999999999981,965.21,-0.03950269889454108,-0.010911718693341352,0.0077786181245531865,-0.042635903067726195
AFLLGTLLGLLLIVL,Mutant,clash,15.0,LLLAFLLGTLLGLLLGVLILI,0.3359664340032147,LLLAFLLGTLLGLLLIVLILI_1,110011001100110000,1,-62.1638,-61.4147,-58.7586,-235.251,-232.172,-239.011,-350.312,4571.3,3613.78,3379.33,-41.1016,317309.0,-93.9992,317252.0,-52.5427,-95.3343,47.4622,-47.9495,7.20819,7.20754,6.41948,296329.0,-94.1397,39.8563,-36.5769,316855.0,6.9528,6.00156,5.0994,1,LLLAFLLGTLLGLLLIVLILI,1.1382206909436372,0.0224843959894408,D,14,-56.11640147894308,-60.4359094435849,-46.45929165904676,-51.72935892575783,-43.631338219066606,-49.17976386611354,-41.4565,-3.4052000000000007,3.759999999999991,957.52,-0.04329570139527111,-0.003556270365109868,0.003926810928231255,-0.04292505639568886
LYLLGVLLGLLLAFL,Mutant,clash,,LLLSYLLGVLLGLLLAFLILI,0.3879630225440845,LLLLYLLGVLLGLLLAFLILI_0,110011001100110000,1,-54.7446,-55.3228,-44.9196,-227.104,-215.651,-239.439,-333.972,4615.67,3657.78,3546.95,-41.0182,-31.9969,-93.1416,-94.995,-49.6128,-92.4805,48.4238,-44.1941,6.42706,6.90928,6.13564,-33.3964,-85.9497,42.6517,-45.0,-365.968,6.5506,5.15043,4.2902,0,LLLLYLLGVLLGLLLAFLILI,0.5108111217859956,0.0291851379402443,D,17,-78.7120913805191,-82.38030862241101,-74.17165559045856,-78.62225616311889,-78.99283391791158,-82.61267512462766,-43.5288,-9.824999999999996,12.33499999999998,957.8899999999999,-0.045442378561212665,-0.010256918852895423,0.012877261480963348,-0.042821409556420886
AFLLGTLLGVLLILL,Mutant,clash,,LLLAFLLGTLLGVLLGLLILI,0.1983990340651318,LLLAFLLGTLLGVLLILLILI_1,110011001100110000,1,-62.1714,-58.6867,-58.6867,-235.777,-237.824,-239.027,-350.699,4557.73,3659.87,3427.06,-40.9161,252255.0,-93.6674,252200.0,-52.9854,-95.4564,46.9755,-47.6631,7.18738,7.16014,6.36478,161904.0,-94.1397,39.8563,-36.5769,251866.0,6.9528,6.00156,5.0994,1,LLLAFLLGTLLGVLLILLILI,1.2035372004146352,0.0633997611781729,D,14,-94.50249818172576,-94.80447687235656,-89.39294295852893,-89.97559036870027,-90.38551095619682,-90.91363644091804,-40.682,-3.4846999999999966,3.25,897.8599999999997,-0.045309959236406586,-0.0038811173234134474,0.0036197179961241187,-0.04557069030806586
LLLLGTLLGYLLGFL,Mutant,clash,,LLLALLLGTLLGYLLGFLILI,0.7089973514270479,LLLLLLLGTLLGYLLGFLILI_0,110011001100110000,1,-70.215,-62.5034,-58.7311,-228.102,-208.189,-240.288,-340.903,4620.56,3494.59,3463.25,-40.6185,211.754,-83.2035,141.544,-41.883,-79.6019,72.6974,-38.4713,7.02499,8.25444,7.8449,201.956,-77.9303,55.657,-35.0,-129.148,7.3057,5.70324,5.0381,0,LLLLLLLGTLLGYLLGFLILI,0.7079681096580813,0.1040422789965249,D,16,-80.7980003662115,-85.82355525711353,-74.38792774568603,-81.09112936211106,-78.50727123645089,-84.1323566554935,-41.3205,-11.483900000000006,12.186000000000007,1125.9700000000003,-0.036697691767986707,-0.010199117205609388,0.010822668454754571,-0.03607422933115446
TLLLGLLLGVLLIIL,Mutant,clash,,LLLTLLLGLLLGVLLGILILI,0.8031331969847952,LLLTLLLGLLLGVLLIILILI_2,110011001100110000,1,-54.333,-57.3349,-44.9695,-236.42,-224.446,-245.127,-371.423,4573.17,3675.34,3489.95,-40.1651,728704.0,-120.835,728614.0,-81.3267,-93.727,46.4661,-48.5587,7.08059,6.83197,6.02896,728293.0,-85.5673,40.094,-37.7266,728332.0,7.033,4.74779,3.8492,2,LLLTLLLGLLLGVLLIILILI,0.4536713340449767,0.0372353449060143,D,15,-27.105254483337028,-31.975719476911653,-32.003891449156896,-36.54705384102613,-25.801604610339623,-30.759173016174064,-39.50829999999999,-9.363500000000002,8.707000000000022,897.8299999999999,-0.04400421015114219,-0.010429034449728794,0.00969782698283642,-0.04473575175701414
LYLLGLLLGTLLAFL,Mutant,clash,,LLLAYLLGLLLGTLLAFLILI,0.9336650259764812,LLLLYLLGLLLGTLLAFLILI_0,110011001100110000,1,-69.5159,-72.7692,-58.7534,-229.401,-214.904,-240.036,-341.248,4637.75,3761.15,3534.39,-40.083,-30.7437,-82.4132,-84.3184,-42.4577,-65.7601,62.4009,-48.7858,6.58555,4.78814,4.22415,-30.6781,-65.2452,51.3028,-41.1052,-371.991,6.5503,3.21266,2.4822,0,LLLLYLLGLLLGTLLAFLILI,0.1456685499362043,0.1414988036165255,D,16,-75.18030646770872,-80.54788651809042,-68.91154349746927,-75.63482469765975,-76.68409911534773,-81.72646453707674,-39.9555,-10.762500000000003,10.634999999999991,876.5999999999999,-0.04558008213552362,-0.012277549623545521,0.012132101300479115,-0.04572553045859001
IYLLGILLGLLLGFL,Mutant,clash,,LLLSYLLGILLGLLLGFLILI,0.178585430382145,LLLIYLLGILLGLLLGFLILI_2,110011001100110000,1,-55.0486,-57.3535,-44.9106,-220.004,-220.289,-239.399,-332.769,4610.46,3590.27,3510.31,-39.6539,-37.9772,-97.3706,-93.1039,-48.4597,-81.2465,41.5979,-44.1772,6.42213,4.30269,3.42666,-35.5668,-76.6759,45.1821,-43.8075,-369.509,6.5,4.10097,3.2787,2,LLLIYLLGILLGLLLGFLILI,0.8412832165912576,0.0840651777901123,D,14,35.21214405480303,23.54724455466285,19.226574123742285,8.940767219180705,55.70658299659951,42.27360584160815,-48.9109,-10.137999999999998,19.39500000000001,1020.19,-0.04794293219890412,-0.009937364608553306,0.019011164586988708,-0.038869132220468734
IFLLGTLLGLLLGVL,Mutant,clash,,LLLAFLLGTLLGLLLGVLILI,0.2837442150646763,LLLIFLLGTLLGLLLGVLILI_0,110011001100110000,1,-68.0731,-65.5244,-58.7586,-226.474,-218.867,-235.992,-343.657,4593.0,3507.46,3390.73,-39.369,140.404,-88.479,81.1391,-48.9067,-96.1285,43.8294,-40.7532,7.24823,6.83624,5.99368,128.066,-94.1397,39.8563,-36.5769,-203.253,6.9528,6.00156,5.0994,0,LLLIFLLGTLLGLLLGVLILI,1.1904429098821756,0.0865961481750212,D,14,-95.12074495588456,-96.05133345004334,-91.47656084514988,-93.1021808089458,-92.61607398005518,-94.02436203504575,-39.5723,-9.314499999999995,9.518,1085.54,-0.03645402288262063,-0.008580522136448216,0.008767986439928516,-0.03626674281924204
ALLLGILLGTLLIFL,Mutant,clash,,LLLALLLGILLGTLLGFLILI,0.5948250425663338,LLLALLLGILLGTLLIFLILI_0,110011001100110000,1,-66.6815,-71.3574,-58.7518,-232.805,-218.614,-239.448,-356.016,4519.09,3768.12,3446.19,-39.35,781327.0,-95.8794,781261.0,-57.8167,-96.2053,48.7611,-52.6743,6.68794,7.51353,6.74495,493925.0,-87.213,39.461,-38.899,780971.0,6.5512,4.90918,4.00109,0,LLLALLLGILLGTLLIFLILI,0.652146090403397,0.1006465716850744,D,14,0.629171759194027,-11.390951294699668,-1.9883224825395425,-13.695786668945132,15.801307942393764,1.9688779726793948,-38.06270000000001,-7.929699999999997,6.643000000000001,750.9700000000003,-0.050684714435996106,-0.010559276668841624,0.008845892645511803,-0.0523988974259957
LLLLGVLLGFLLGTL,Mutant,clash,,LLLALLLGVLLGFLLGTLILI,0.2829501783661832,LLLLLLLGVLLGFLLGTLILI_1,110011001100110000,1,-68.8816,-66.255,-58.7215,-219.719,-218.262,-235.986,-345.254,4626.54,3627.47,3634.14,-39.2844,1.34674,-95.9384,-59.3905,-50.5462,-83.5896,45.3929,-43.0322,7.16094,5.16648,4.34738,-24.5198,-80.2804,39.355,-44.6447,-370.669,7.3257,3.85498,2.9453,1,LLLLLLLGVLLGFLLGTLILI,1.073272919293877,0.1081757296318894,D,16,-90.03821047679618,-91.81331580002758,-86.05656456874799,-88.54116499124204,-87.99860325742883,-90.13714906732852,-45.3922,-10.160100000000007,16.266999999999996,999.0700000000002,-0.0454344540422593,-0.01016955768865045,0.01628214239242495,-0.03932096850070565
TLLLGILLGLLLIFL,Mutant,clash,,LLLTLLLGILLGLLLGFLILI,1.3336136307510846,LLLTLLLGILLGLLLIFLILI_2,110011001100110000,1,-52.3367,-56.1731,-44.942,-239.354,-228.811,-247.309,-361.927,4577.2,3753.59,3439.37,-39.0507,847714.0,-109.287,847637.0,-69.676,-96.6973,41.5727,-51.1881,7.57042,6.61691,5.7405,360592.0,-88.5873,34.12,-39.5515,847352.0,7.2522,4.3943,3.4061,2,LLLTLLLGILLGLLLIFLILI,0.30165003211559,0.0636747206251781,D,15,-38.971125998588384,-50.28006524734819,-40.042220752027376,-51.15268107266496,-33.90104177998356,-46.14949163503395,-39.611000000000004,-7.3947,7.954999999999984,823.6099999999997,-0.04809436505141999,-0.008978399970859998,0.009658697684583708,-0.04741406733769626
IFLLGLLLGTLLGIL,Mutant,clash,,LLLAFLLGLLLGTLLGILILI,0.4951808929307058,LLLIFLLGLLLGTLLGILILI_0,110011001100110000,1,-70.2098,-62.9011,-58.7594,-220.347,-210.724,-237.401,-347.155,4558.61,3469.14,3559.55,-38.9356,-12.4599,-95.5339,-85.9898,-50.9948,-85.6969,50.8377,-38.0429,6.85093,6.21763,5.4802,-13.9143,-87.7841,38.6606,-35.7467,-359.615,7.5,4.88679,3.9667,0,LLLIFLLGLLLGTLLGILILI,1.1437770810294914,0.0730828077332709,D,14,-89.51425331826154,-91.74051548911932,-82.6758971905532,-86.35403246306467,-84.41744298929738,-87.7258251437679,-44.539100000000005,-11.450400000000002,17.054000000000002,1089.4699999999998,-0.04088143776331612,-0.010510064526788258,0.015653482886174016,-0.03573811119168037
LFLLGLLLGTLLGVL,Mutant,clash,,LLLAFLLGLLLGTLLGVLILI,0.344641155910304,LLLLFLLGLLLGTLLGVLILI_0,110011001100110000,1,-70.1669,-72.8441,-58.6456,-216.071,-208.263,-236.714,-345.346,4591.06,3480.0,3376.64,-38.9193,-10.2637,-98.0277,-74.5019,-49.9859,-73.6247,48.9221,-38.4688,7.21695,4.14818,3.38201,-13.4563,-70.7932,46.6401,-35.0,-355.609,7.2306,3.4154,2.615,0,LLLLFLLGLLLGTLLGVLILI,1.16123743240278,0.0762149145381034,D,16,-90.63454961305236,-93.96642400936436,-84.94754459473435,-90.30264111377946,-87.42005990737083,-91.89552863231177,-48.041799999999995,-11.521299999999997,20.643,1111.0600000000004,-0.04323960902201499,-0.010369647003762167,0.01857955465951433,-0.035028981333141314
ALLLGILLGVLLITL,Mutant,clash,,LLLALLLGILLGVLLGTLILI,0.1091960205686335,LLLALLLGILLGVLLITLILI_0,110011001100110000,1,-66.7609,-70.9803,-58.7478,-229.597,-215.975,-237.051,-366.251,4470.12,3637.1,3485.3,-38.3263,30831.7,-108.219,30752.4,-70.4516,-94.3857,46.288,-54.2491,7.02141,6.90674,6.10106,29975.8,-86.55,35.742,-43.5248,30465.4,6.8226,4.30767,3.3438,0,LLLALLLGILLGVLLITLILI,1.045117856020657,0.0834178489439612,D,14,-46.12808990035507,-50.602774593823895,-38.659478413525015,-43.75451760045376,-32.08895978926215,-37.72975647878842,-37.767399999999995,-8.013100000000009,7.453999999999979,833.02,-0.045337927060574774,-0.009619336870663379,0.008948164509855682,-0.0460088593311085
LLLLGVLLGTLLGFL,Mutant,clash,,LLLALLLGVLLGTLLGFLILI,0.6958629715407667,LLLLLLLGVLLGTLLGFLILI_0,110011001100110000,1,-63.0795,-70.1212,-58.7067,-232.334,-210.011,-235.981,-347.864,4558.89,3801.92,3509.63,-38.3255,1245.27,-90.7753,1177.53,-53.1764,-97.6879,50.1856,-48.4069,6.98058,7.92823,7.18102,1198.35,-97.484,35.8407,-36.8474,897.402,6.7321,5.96109,4.9987,0,LLLLLLLGVLLGTLLGFLILI,0.3531232689857246,0.0943228234065431,D,16,-24.798450587833155,-39.35912073957383,-25.98467126056673,-40.3156630602274,-16.669386074878282,-32.80402149649152,-37.5989,-4.372800000000005,3.6469999999999914,756.9700000000003,-0.04967026434336894,-0.005776715061363071,0.004817892386752435,-0.05063014386303286
ILLLGFLLGTLLGVL,Mutant,clash,,LLLALLLGFLLGTLLGVLILI,0.4847298721473193,LLLILLLGFLLGTLLGVLILI_0,110011001100110000,1,-71.8833,-74.3611,-58.6723,-221.113,-200.637,-235.154,-345.933,4504.01,3470.44,3381.87,-38.1835,209.549,-91.1199,138.615,-52.1065,-84.409,63.0486,-40.8676,7.30565,7.67291,7.11864,164.275,-85.1121,47.6719,-35.0,-136.383,7.4675,5.70252,4.9176,0,LLLILLLGFLLGTLLGVLILI,0.8001018206296763,0.0259597152820184,D,14,69.67485128711866,45.16295847602344,22.73912529255526,5.007751078425603,87.2968238126544,60.23919191064895,-39.013400000000004,-13.211000000000006,14.040999999999997,1033.5700000000002,-0.03774625811507687,-0.012781911239683818,0.013584953123639418,-0.036943312983155466
LVLLGILLGLLLGFL,Mutant,clash,,LLLAVLLGILLGLLLGFLILI,0.5766064737118188,LLLLVLLGILLGLLLGFLILI_0,110011001100110000,1,-56.2096,-56.7342,-44.9348,-218.054,-205.983,-237.284,-344.68,4555.57,3544.32,3425.05,-38.0461,-21.2503,-108.462,-103.214,-62.4614,-73.6948,53.0959,-40.8139,6.83673,4.72218,4.01862,-20.7185,-78.3112,37.3108,-36.9447,-365.931,6.8995,3.28364,2.3433,0,LLLLVLLGILLGLLLGFLILI,0.8345524158868702,0.0236645366062236,D,16,-50.03740348044066,-56.42307219935133,-44.009771861533146,-51.1658260559646,-39.09355329045577,-46.87794438752132,-46.000600000000006,-11.274799999999999,19.22999999999999,1011.2499999999995,-0.045488850432632906,-0.011149369592089002,0.019016069221260815,-0.03762284301606924
LILLGVLLGLLLGFL,Mutant,clash,,LLLAILLGVLLGLLLGFLILI,0.5776208828646998,LLLLILLGVLLGLLLGFLILI_2,110011001100110000,1,-54.5876,-54.295,-44.9261,-220.387,-214.126,-236.658,-344.091,4555.61,3674.12,3477.23,-37.9861,-25.4907,-107.103,-101.161,-62.5074,-87.4334,36.4739,-50.4703,7.58048,4.53899,3.58609,-26.7339,-83.7055,31.7125,-44.5563,-370.892,7.4442,3.33701,2.3127,2,LLLLILLGVLLGLLLGFLILI,0.624955897231434,0.0893632368267709,D,16,-41.38526751706835,-53.097231174391645,-36.9249695288907,-49.52815704283709,-33.36118430995047,-46.676461109280666,-44.5956,-9.661500000000004,16.270999999999987,881.4899999999998,-0.05059115815267332,-0.010960419290065691,0.01845851909834484,-0.04309305834439416
IFLLGSLLGILLTLL,Mutant,clash,,LLLAFLLGSLLGILLTLLILI,0.56237718081439,LLLIFLLGSLLGILLTLLILI_0,110011001100110000,1,-82.8277,-82.7482,-74.1526,-223.818,-217.088,-240.609,-365.937,4617.41,3573.11,3568.26,-37.8899,-29.217,-97.1806,-95.3171,-51.1748,-73.4739,64.3444,-45.4421,7.20137,6.20758,5.67275,-28.3597,-72.8398,58.7702,-43.8998,-395.154,7.2749,5.35995,4.7415,0,LLLIFLLGSLLGILLTLLILI,1.1010660915111747,0.0052632891079297,D,14,-93.53714348368568,-95.5771021415958,-91.21152516980167,-93.98555013452616,-92.75710652216544,-95.04327877759644,-46.0058,-8.675099999999986,16.790999999999997,1044.2999999999997,-0.04405419898496602,-0.008307095662166033,0.016078713013501868,-0.03628258163363019
IFLLGTLLGVLLGLL,Mutant,clash,3.0,LLLAFLLGTLLGVLLGLLILI,0.2019027499389685,LLLIFLLGTLLGVLLGLLILI_2,110011001100110000,1,-66.2478,-60.7854,-58.6867,-220.477,-218.81,-236.0,-344.209,4586.61,3732.06,3455.24,-37.694,123.206,-95.1778,58.5926,-49.5217,-88.4402,44.0096,-45.9771,7.23553,5.70733,4.86747,104.918,-94.1397,39.8563,-36.5769,-180.96,6.9528,6.00156,5.0994,2,LLLIFLLGTLLGVLLGLLILI,1.2000334845407985,0.033701365159201,D,14,-82.52075691885524,-86.7556852506548,-73.2864396900996,-79.75868868134279,-74.00592884690565,-80.3038576458822,-45.6561,-7.561099999999996,15.522999999999996,854.5499999999997,-0.053427066877303864,-0.008848048680592123,0.01816511614299924,-0.044109765373588454
LLLLGTLLGLLLGFL,Mutant,clash,,LLLALLLGTLLGLLLGFLILI,0.8613151312967792,LLLLLLLGTLLGLLLGFLILI_0,110011001100110000,1,-63.4529,-67.3652,-58.6905,-223.27,-208.035,-237.416,-354.506,4579.4,3633.85,3378.16,-37.6788,273.332,-105.462,194.226,-58.4001,-58.8496,69.3553,-46.8509,6.60421,4.6904,4.23073,253.183,-63.8279,50.3554,-37.6016,-81.1746,6.5149,2.87217,2.1275,0,LLLLLLLGTLLGLLLGFLILI,0.436164775167898,0.1034636924158263,D,16,-47.28482857817201,-58.75431135578432,-46.18112473624114,-57.89074544502538,-40.05753743843923,-53.09949525540296,-47.0619,-4.7623999999999995,14.145999999999987,945.5499999999997,-0.04977198455925125,-0.0050366453386917675,0.014960604938924425,-0.03984855375178469
IILLGVLLGLLLGFL,Mutant,clash,,LLLAILLGVLLGLLLGFLILI,0.7301391996065596,LLLIILLGVLLGLLLGFLILI_0,110011001100110000,1,-53.0389,-55.3987,-44.9261,-223.685,-208.685,-235.914,-342.008,4520.86,3665.74,3491.37,-37.3352,-23.1193,-102.619,-101.044,-61.1682,-78.5994,48.3394,-49.6595,7.53773,4.81572,4.04081,-23.2143,-83.7055,31.7125,-44.5563,-365.128,7.4442,3.33701,2.3127,0,LLLIILLGVLLGLLLGFLILI,0.4724375804895741,0.0826562881652697,D,14,71.61209779280048,58.35948266185223,24.751037533909766,15.11723252314936,101.65606628120238,86.0833282888469,-41.4508,-8.1128,12.228999999999985,855.1199999999999,-0.04847366451492189,-0.009487323416596503,0.014300916830386362,-0.04366077275703995
LFLLGVLLGILLGLL,Mutant,clash,,LLLAFLLGVLLGILLGLLILI,0.2378845871854522,LLLLFLLGVLLGILLGLLILI_0,110011001100110000,1,-53.3403,-53.5625,-44.9468,-220.303,-212.734,-233.653,-339.741,4598.01,3588.84,3593.4,-37.2859,-26.3796,-103.384,-99.824,-61.1409,-67.0947,51.6754,-42.8147,6.58763,3.54038,2.81551,-25.3387,-69.6978,38.4736,-44.8571,-366.121,6.5368,2.1486,1.2257,0,LLLLFLLGVLLGILLGLLILI,1.2011567488529489,0.142987675640411,D,16,-93.49420620641683,-95.2436320463832,-91.36607074490271,-93.68775806216854,-93.07684530025394,-94.93850063549776,-42.2431,-8.393499999999996,13.349999999999994,1009.1700000000001,-0.04185925067134377,-0.008317230991805142,0.013228692886233235,-0.03694709513758831
ILLLGVLLGLLLGFL,Mutant,clash,,LLLALLLGVLLGLLLGFLILI,0.2002058435525746,LLLILLLGVLLGLLLGFLILI_2,110011001100110000,1,-54.9037,-54.1493,-44.9306,-220.908,-220.567,-236.059,-344.872,4576.45,3661.13,3561.8,-37.2247,-29.7312,-106.286,-99.887,-63.8824,-80.7808,35.1109,-42.1077,7.09483,3.3571,2.38376,-27.5602,-77.4724,32.2036,-43.8153,-372.276,7.0393,2.46835,1.4514,2,LLLILLLGVLLGLLLGFLILI,1.176662038536117,0.0275153553077806,D,14,-87.36917622139016,-90.31668049167928,-81.95351447698641,-86.164806952848,-83.04857542293963,-87.00432662366364,-42.403600000000004,-9.973100000000002,15.15100000000001,915.3199999999997,-0.04632653061224492,-0.010895752305204743,0.0165526810295853,-0.040668509373770936
LVLLGLLLGLLLGFL,Mutant,clash,,LLLAVLLGLLLGLLLGFLILI,1.0476687807939946,LLLLVLLGLLLGLLLGFLILI_1,110011001100110000,1,-56.3557,-52.7613,-44.9261,-221.036,-222.7,-237.317,-347.19,4609.82,3587.68,3589.19,-37.0944,-2.10786,-106.893,-73.8363,-64.9469,-83.569,39.5665,-38.767,6.65242,4.37682,3.47032,-20.9195,-77.4724,32.2036,-43.8153,-368.911,7.0393,2.46835,1.4514,1,LLLLVLLGLLLGLLLGFLILI,0.6165392467218507,0.0841570037081053,D,16,-38.54732197606177,-45.968946484956845,-34.07602384205028,-42.037645904917376,-24.71879734355172,-33.810489303282985,-41.9461,-11.4296,16.281000000000006,1022.1399999999999,-0.04103752910560198,-0.011182029858923437,0.015928346410472156,-0.036290919052184636
ILLLGLLLGTLLGFL,Mutant,clash,,LLLGLLLGLLLGTLLGFLILI,0.8917827782010862,LLLILLLGLLLGTLLGFLILI_0,110011001100110000,1,-70.3662,-73.3532,-58.6416,-220.766,-199.751,-236.667,-351.983,4585.12,3572.9,3454.76,-36.8502,522.063,-97.7014,443.184,-56.6745,-86.4569,65.6426,-41.3148,6.55928,8.33029,7.81493,328.551,-81.7407,58.0906,-35.0,170.08,6.5862,6.60334,5.9747,0,LLLILLLGLLLGTLLGFLILI,0.3111296094656074,0.1136160481954036,D,14,11.99102805315536,-8.815945456989347,-6.562138990428644,-23.92209302128154,14.912196123274692,-6.4375053866951815,-41.026900000000005,-11.72460000000001,15.90100000000001,1012.2199999999998,-0.04053160380154513,-0.011583055067080291,0.015709035585149488,-0.03640532690521824
LFLLGLLLGVLLGTL,Mutant,clash,,LLLAFLLGLLLGVLLGTLILI,0.0987818578864778,LLLLFLLGLLLGVLLGTLILI_0,110011001100110000,1,-69.2114,-73.3295,-58.7316,-216.064,-210.959,-236.841,-344.994,4610.77,3460.56,3340.99,-36.8157,219.359,-96.534,158.653,-49.4214,-89.3533,40.6581,-42.494,7.03895,5.39184,4.50171,198.111,-83.578,48.738,-35.1079,-125.635,6.9512,5.61633,4.8474,0,LLLLFLLGLLLGVLLGTLILI,1.2705781721264346,0.1216320141448173,D,16,-91.2008240507108,-93.65365044113888,-84.71162557389917,-88.97335740824384,-87.35097928399443,-90.87697444582504,-47.11260000000001,-10.479799999999997,20.777000000000015,1150.2100000000005,-0.04095999860894966,-0.009111205779814115,0.018063657940723874,-0.032007807269976776
LLLLGVLLGLLLGFL,Mutant,clash,,LLLALLLGVLLGLLLGFLILI,0.5074250842559412,LLLLLLLGVLLGLLLGFLILI_1,110011001100110000,1,-55.691,-53.4415,-44.9306,-217.446,-217.835,-236.824,-347.019,4600.33,3614.55,3569.94,-36.7859,-30.8044,-110.668,-106.547,-65.2651,-78.8538,36.4203,-40.8665,7.16289,3.24481,2.29112,-28.8717,-77.4724,32.2036,-43.8153,-377.142,7.0393,2.46835,1.4514,1,LLLLLLLGVLLGLLLGFLILI,0.8694427978327505,0.0278312098715696,D,16,-79.24602178094389,-84.93714615927512,-70.46271534409163,-78.56238467016811,-73.37049096447626,-80.67279447734721,-45.4029,-10.760400000000004,19.378000000000014,985.7799999999997,-0.046057842520643565,-0.01091562011807909,0.019657530077704984,-0.03731654121609285
YFLLGSLLGILLILL,Mutant,clash,,LLLYFLLGSLLGILLALLILI,0.9015104261468356,LLLYFLLGSLLGILLILLILI_2,110011001100110000,1,-69.6318,-71.6655,-60.3253,-237.198,-230.821,-249.198,-351.282,4721.66,3681.07,3583.66,-35.7837,68.0116,-80.2363,19.2158,-41.7592,-77.228,53.968,-47.079,6.92494,5.36988,4.6794,41.4986,-71.7752,52.5548,-41.6943,-283.271,6.762,4.36118,3.6495,2,LLLYFLLGSLLGILLILLILI,0.1130718248219046,0.0892571077121217,D,15,220.0175801657332,184.56044294985736,55.77164110352075,38.51253786897566,215.23795837965136,180.3103911499661,-38.4771,-9.3065,12.0,1040.5899999999997,-0.0369762346361199,-0.008943483985046947,0.011531919391883454,-0.03438789532861167
LYLLGLLLGTLLGFL,Mutant,clash,,LLLSYLLGLLLGTLLGFLILI,0.4746185763524303,LLLLYLLGLLLGTLLGFLILI_2,110011001100110000,1,-72.469,-73.0902,-58.7772,-219.702,-218.034,-239.374,-338.512,4636.69,3672.02,3504.39,-35.3844,-8.92232,-81.7255,-56.3095,-40.3603,-83.4721,46.1911,-39.6864,6.75371,5.25662,4.44949,-18.7648,-87.0744,32.7223,-38.1858,-357.555,6.9066,3.97867,2.9695,2,LLLLYLLGLLLGTLLGFLILI,0.4430667654288353,0.0274285087935927,D,17,-90.48115925578738,-91.1024724158485,-88.60360634378844,-89.34747101661075,-91.2965363668326,-91.86462828461032,-41.365199999999994,-13.691799999999994,19.671999999999997,964.6699999999996,-0.042880155908238064,-0.01419324743176423,0.020392465817326136,-0.03668031554832224
TLLLGVLLGLLLIFL,Mutant,clash,,LLLTLLLGVLLGLLLGFLILI,1.002361502873902,LLLTLLLGVLLGLLLIFLILI_2,110011001100110000,1,-50.5769,-56.6644,-44.9091,-236.689,-226.207,-245.934,-358.548,4559.02,3752.83,3439.32,-34.8799,5188120.0,-106.162,5188050.0,-67.7053,-95.5266,40.1018,-51.7304,7.75085,6.24274,5.34426,3492930.0,-87.8363,33.3963,-37.1588,5187760.0,7.4752,4.18395,3.1849,2,LLLTLLLGVLLGLLLIFLILI,0.3083676921747878,0.0970981794461891,D,15,-34.92624482530499,-42.07931582460828,-34.28958409543927,-41.51263844503442,-29.944698424736053,-37.64535354599347,-38.45670000000001,-5.6678,9.245000000000005,806.1900000000005,-0.04770178245822943,-0.007030352646398487,0.011467520063508601,-0.04326511120207392
TVLLGLLLGFLLIIL,Mutant,clash,,LLLTVLLGLLLGFLLAILILI,0.6868837912581773,LLLTVLLGLLLGFLLIILILI_0,110011001100110000,1,-52.9428,-46.7646,-44.9495,-234.171,-228.658,-245.061,-354.796,4556.24,3675.71,3606.1,-34.6534,31447.9,-102.335,31368.5,-64.7853,-89.7654,44.1449,-50.5725,6.83956,5.92436,5.08653,19270.4,-85.5593,36.5947,-45.0,31093.1,7.5,4.27418,3.3231,0,LLLTVLLGLLLGFLLIILILI,0.3229170176114686,0.0823024869142756,D,15,-21.811114401717745,-34.18077936887092,-27.17488225657119,-38.69598657704877,-26.39838750730508,-38.04233511712846,-37.54969999999999,-7.993299999999998,10.890000000000015,880.5299999999997,-0.04264443005916891,-0.00907782812624215,0.012367551361112079,-0.039355161096158005
ILLLGTLLGYLLGFL,Mutant,clash,,LLLALLLGTLLGYLLGFLILI,0.4942306721379532,LLLILLLGTLLGYLLGFLILI_0,110011001100110000,1,-69.8855,-62.5034,-58.7311,-224.964,-209.248,-239.563,-338.799,4596.06,3460.54,3499.31,-34.6525,177.924,-78.6013,110.876,-40.5046,-81.9311,62.2538,-36.9975,7.19281,7.19393,6.62774,125.578,-77.9303,55.657,-35.0,-160.875,7.3057,5.70324,5.0381,0,LLLILLLGTLLGYLLGFLILI,0.922734788947176,0.0648548209732845,D,14,-90.78910434446698,-93.36932975749654,-85.7092993274308,-89.71251795288683,-88.01508842015797,-91.37239205139008,-38.09669999999999,-11.154399999999995,14.59899999999999,1135.5200000000004,-0.03355000352261517,-0.009823164717486253,0.012856664787938551,-0.030516855713681828
LVLLGSLLGILLTLL,Mutant,clash,,LLLAVLLGSLLGILLTLLILI,0.9438892306013528,LLLLVLLGSLLGILLTLLILI_0,110011001100110000,1,-78.9029,-80.5639,-74.0355,-227.288,-210.884,-238.703,-382.199,4522.23,3695.25,3630.31,-34.2221,-14.8181,-110.231,-105.569,-69.4606,-67.8398,77.8917,-45.9067,6.82584,7.19135,6.85972,-16.5264,-69.2457,60.3937,-41.8114,-397.017,6.8012,5.04,4.4459,0,LLLLVLLGSLLGILLTLLILI,0.5342763471903682,0.0634217693859955,D,16,-47.87131111239553,-55.82305252274834,-45.81119301449637,-54.07718607281606,-43.65667547545444,-52.25131992900622,-40.770399999999995,-4.8674000000000035,11.414999999999992,826.9799999999996,-0.0493003458366587,-0.005885752980725055,0.013803235870274974,-0.041382016493748355
YFLLGILLGLLLLTL,Mutant,clash,,LLLYFLLGILLGLLLATLILI,1.1669440434454006,LLLYFLLGILLGLLLLTLILI_0,110011001100110000,1,-60.9824,-66.427,-58.7859,-243.125,-228.887,-250.596,-349.41,4750.37,3767.66,3562.0,-34.0526,20967.2,-79.3557,20913.1,-40.0285,-83.2802,55.1706,-50.3481,7.72961,6.44006,5.76762,20862.7,-78.7668,42.2799,-44.9187,20617.8,6.9365,4.0228,3.157,0,LLLYFLLGILLGLLLLTLILI,0.1138889871048459,0.0596577899439132,D,17,515.8237368787783,461.91523087657015,88.7291030609186,72.20797310786257,507.8847670271416,454.6712293710181,-39.3272,-2.1965000000000003,7.471000000000004,982.71,-0.04001913077103113,-0.0022351456686102718,0.007602446296465898,-0.034651728383755125
LLLLGLLLGTLLAFL,Mutant,clash,,LLLALLLGLLLGTLLAFLILI,0.8686799038123572,LLLLLLLGLLLGTLLAFLILI_0,110011001100110000,1,-69.5249,-70.0591,-58.6918,-223.515,-205.985,-238.598,-358.516,4611.99,3676.89,3538.78,-33.9274,265.24,-99.4028,182.769,-61.2265,-78.11,71.5578,-43.468,6.72048,7.8768,7.45017,262.363,-77.6236,58.3724,-37.459,-93.2759,6.7222,6.02381,5.3994,0,LLLLLLLGLLLGTLLAFLILI,0.1991809609474573,0.089475130206767,D,16,-0.1696665538469094,-14.918922780852128,-13.421508986676848,-26.21289516782938,3.793596614573464,-11.541204926648446,-38.1763,-10.833100000000002,15.083000000000027,935.0999999999999,-0.040825900973157955,-0.011584964174954554,0.01612982568709232,-0.036282108865362
LYLLGLLLGVLLGTL,Mutant,clash,,LLLAYLLGLLLGVLLGTLILI,0.5440366061184291,LLLLYLLGLLLGVLLGTLILI_0,110011001100110000,1,-73.6768,-70.3112,-58.7113,-213.312,-207.215,-236.99,-349.328,4611.83,3418.29,3383.32,-33.8314,89.5648,-96.1705,17.7625,-53.6268,-80.11,45.1789,-39.4096,7.00908,4.61565,3.79333,84.1669,-78.1031,43.7429,-35.0,-259.763,7.2077,4.12076,3.2769,0,LLLLYLLGLLLGVLLGTLILI,0.6168839467556949,0.1119910326062018,D,16,-17.019003734600506,-21.90338929167923,-27.10468192949594,-31.39540938260427,-15.795595865726645,-20.751993039851182,-42.5437,-14.965499999999999,23.677999999999997,1193.54,-0.03564497209980395,-0.01253875027229921,0.019838463729745126,-0.028345426211103107
ILLLGFLLGILLGTL,Mutant,clash,,LLLALLLGFLLGILLGTLILI,0.4277453859305493,LLLILLLGFLLGILLGTLILI_0,110011001100110000,1,-69.8662,-72.2145,-58.7265,-223.557,-206.181,-236.674,-349.562,4509.27,3513.56,3483.23,-33.747,71.2371,-89.8861,0.0709738,-54.1617,-69.2597,63.0345,-42.5277,6.42332,5.39862,4.84413,66.8262,-68.1464,52.7276,-38.529,-278.325,6.6534,3.84019,3.1311,0,LLLILLLGFLLGILLGTLILI,0.7424047749260576,0.0572975772235579,D,14,-0.9326811463680268,-16.03514037091282,-16.677841356166066,-29.38000709539179,-3.63783609999716,-18.327904105560645,-35.724399999999996,-11.139700000000005,13.117000000000019,995.7100000000005,-0.03587831798415199,-0.011187695212461459,0.013173514376675952,-0.033892398389089175
IFLLGVLLGTLLGLL,Mutant,clash,,LLLAFLLGVLLGTLLGLLILI,1.0297157212898267,LLLIFLLGVLLGTLLGLLILI_0,110011001100110000,1,-65.0566,-69.7482,-58.6941,-227.214,-214.992,-236.016,-344.018,4588.74,3575.68,3486.94,-33.6969,55.0226,-85.4449,-4.25578,-49.3078,-96.2257,48.6698,-39.0833,7.10909,7.50428,6.73433,37.5298,-97.484,35.8407,-36.8474,-288.996,6.7321,5.96109,4.9987,0,LLLIFLLGVLLGTLLGLLILI,1.302782461523594,0.1009216064271381,D,14,-91.21440759589234,-92.2684242666362,-86.46817703423277,-88.09160392856548,-88.2311311482284,-89.64305460142273,-36.137100000000004,-6.362500000000004,8.801999999999992,1013.06,-0.03567123368803428,-0.006280476970761855,0.008688527826584795,-0.03326249185635599
IYLLGLLLGVLLGTL,Mutant,clash,,LLLAYLLGLLLGVLLGTLILI,0.3637344618930821,LLLIYLLGLLLGVLLGTLILI_2,110011001100110000,1,-72.1932,-70.1441,-58.7113,-218.87,-213.261,-236.159,-347.136,4580.97,3593.41,3404.81,-33.6946,29.704,-89.7673,-34.0275,-52.2659,-82.2164,47.1578,-44.5853,7.071,5.19876,4.40613,-5.73643,-78.1031,43.7429,-35.0,-359.925,7.2077,4.12076,3.2769,2,LLLIYLLGLLLGVLLGTLILI,0.7971860909810419,0.0962265024952772,D,14,3884.543980596382,4396.20750273496,251.26343685699229,296.3699002756367,4260.271616071132,4820.183099900682,-37.501400000000004,-13.481900000000003,17.288999999999987,987.5600000000004,-0.037973793997326734,-0.01365172748997529,0.01750678439790998,-0.03411904086840292
IVLLGLLLGLLLGFL,Mutant,clash,,LLLAVLLGLLLGLLLGFLILI,1.2668334517109765,LLLIVLLGLLLGLLLGFLILI_0,110011001100110000,1,-54.8875,-51.2036,-44.9261,-222.705,-213.236,-236.548,-345.082,4561.19,3650.88,3595.41,-33.0493,-18.0727,-100.538,-98.7152,-63.6081,-68.7528,51.642,-42.911,6.662,3.7846,3.05923,-18.0317,-77.4724,32.2036,-43.8153,-363.155,7.0393,2.46835,1.4514,0,LLLIVLLGLLLGLLLGFLILI,0.3973745758048689,0.0794513450630848,D,14,133.26105232360248,125.21982779868652,46.53373227601201,41.4822647036602,160.17778226962653,151.20865543604637,-36.929899999999996,-9.961400000000005,13.84299999999999,910.3099999999995,-0.04056848765805057,-0.010942865617207337,0.01520690753699289,-0.03630554426514047
YALLAILLGILLTLL,Mutant,clash,,LLLYALLASLLGILLTLLILI,0.0320427402381776,LLLYALLAILLGILLTLLILI_0,110011001100110000,1,-63.6897,-62.7327,-58.808,-235.849,-225.628,-247.336,-363.506,4610.44,3889.48,3692.73,-33.0198,22.8907,-96.9867,-52.2546,-57.3619,-63.4637,80.3797,-46.0839,7.16891,6.8708,6.5765,21.4424,-63.07,66.418,-42.249,-340.615,7.1117,4.92693,4.4232,0,LLLYALLAILLGILLTLLILI,0.2246769161201098,0.0939106986269055,D,15,-50.66866155599941,-56.54341417826995,-50.49792332109657,-56.39300875664272,-48.881400057769866,-54.9689934320773,-39.6248,-4.881700000000002,11.487000000000023,720.9599999999996,-0.05496116289391925,-0.0067711107412339175,0.01593292276964052,-0.045799766977363536
TLLLGILLGVLLIAL,Mutant,clash,,LLLTLLLGILLGVLLGALILI,0.5223738169880964,LLLTLLLGILLGVLLIALILI_2,110011001100110000,1,-50.7927,-53.9945,-44.8956,-227.222,-220.958,-241.458,-361.156,4521.93,3673.1,3531.02,-32.7634,429270.0,-115.905,429184.0,-74.8024,-95.2484,45.3103,-49.4581,7.08975,6.90415,6.08381,422043.0,-90.0074,38.3333,-42.1317,428909.0,6.7822,5.1761,4.2511,2,LLLTLLLGILLGVLLIALILI,0.6866545132782703,0.0693180485231664,D,15,-55.89118944021416,-63.27980387912512,-47.40380659054974,-56.214132444385335,-48.47923428145466,-57.10941652080184,-41.102599999999995,-5.897100000000002,14.23599999999999,848.8300000000004,-0.04842265235677341,-0.0069473274978499805,0.016771320523544152,-0.038598305903419984
LYLLGVLLGFLLGLL,Mutant,clash,,LLLAYLLGVLLGFLLGLLILI,0.3569827480344902,LLLLYLLGVLLGFLLGLLILI_1,110011001100110000,1,-56.213,-53.9809,-44.8823,-214.007,-216.025,-238.782,-327.902,4685.8,3638.1,3555.02,-32.3114,-18.0553,-89.9932,-75.9517,-44.2378,-79.734,46.6268,-45.1971,7.10767,4.75473,3.95413,-28.4472,-79.0932,48.1108,-39.972,-356.31,7.1758,4.85894,4.0806,1,LLLLYLLGVLLGFLLGLLILI,0.9767734217186972,0.1386481485423137,D,16,-89.5103930664633,-91.09532089856016,-82.87650514791034,-85.46378070035033,-84.8853149414089,-87.16906924931823,-45.7554,-11.3307,24.775000000000006,1047.7000000000003,-0.04367223441824949,-0.010814832490216662,0.023647036365371767,-0.03084031688460436
IYLLGLLLGTLLAFL,Mutant,clash,,LLLAYLLGLLLGTLLAFLILI,0.6047155928513198,LLLIYLLGLLLGTLLAFLILI_0,110011001100110000,1,-73.6223,-73.4485,-58.7534,-221.952,-216.266,-239.725,-340.709,4629.89,3628.61,3500.1,-31.9577,-25.9314,-77.0924,-76.9257,-42.2298,-67.6697,54.8065,-40.6145,6.59184,4.04933,3.37143,-26.3494,-65.2452,51.3028,-41.1052,-366.64,6.5503,3.21266,2.4822,0,LLLIYLLGLLLGTLLAFLILI,0.4746179830613656,0.044827120944171,D,14,468.40291784428274,477.3314023037643,115.05505027254232,118.43313932524038,457.7855672633051,466.5472741664316,-34.8626,-14.868899999999996,17.772999999999996,1001.2800000000002,-0.03481803291786512,-0.014849892138063273,0.017750279642058157,-0.031916846436561196
AYLLGLLLGTLLIFL,Mutant,clash,,LLLAYLLGLLLGTLLAFLILI,0.6435734927036394,LLLAYLLGLLLGTLLIFLILI_2,110011001100110000,1,-70.2157,-63.4585,-58.7534,-233.004,-224.426,-244.97,-343.981,4618.24,3697.61,3457.92,-31.8334,180.731,-72.5947,124.636,-40.2574,-72.886,55.4446,-44.9602,6.98405,4.91792,4.24959,161.918,-65.2452,51.3028,-41.1052,-163.249,6.5503,3.21266,2.4822,2,LLLAYLLGLLLGTLLIFLILI,0.435760083209046,0.0754846779167985,D,14,-82.5944868451678,-79.04904682518168,-77.33989754111325,-72.72411670201639,-84.15040089311496,-80.92189493213526,-32.337300000000006,-11.462299999999999,11.966000000000008,920.6299999999997,-0.035125186013925266,-0.012450495856098545,0.012997621194182258,-0.03457784343330112
ITLLGILLGLLLGFL,Mutant,clash,,LLLATLLGILLGLLLGFLILI,0.6954491505788194,LLLITLLGILLGLLLGFLILI_0,110011001100110000,1,-55.2074,-58.2175,-44.9292,-215.67,-207.15,-237.484,-343.218,4525.62,3662.21,3439.48,-31.5932,74.4519,-103.934,-3.39885,-60.8053,-84.6696,48.5917,-42.5455,6.55662,5.76033,4.9892,42.0936,-81.6776,47.767,-35.1198,-268.766,6.6099,5.20019,4.4167,0,LLLITLLGILLGLLLGFLILI,0.4212208760720743,0.0234345185225254,D,14,38.610888012823466,25.43490939925818,17.074330914437983,5.945559557144673,65.54573199168081,49.80939947437089,-43.128699999999995,-10.278199999999998,21.81400000000002,863.4099999999999,-0.04995158731077935,-0.011904193836068612,0.025264937862660874,-0.03659119074367914
LFLLGTLLGLLLGYL,Mutant,clash,,LLLAFLLGTLLGLLLGYLILI,0.0777639717412816,LLLLFLLGTLLGLLLGYLILI_0,110011001100110000,1,-66.0813,-62.8829,-58.6988,-222.026,-212.813,-241.167,-339.089,4659.34,3486.99,3403.72,-31.533,18.9021,-82.5143,-44.4904,-39.2228,-73.0275,55.2372,-38.815,6.57122,4.91114,4.2397,19.4777,-72.4524,47.8783,-35.1603,-320.187,6.5,3.83143,3.0496,0,LLLLFLLGTLLGLLLGYLILI,1.2442149534255045,0.0545093440149406,D,16,-89.42523930040271,-92.88594735223656,-84.49207787781194,-89.56721787199754,-86.85577245411102,-91.15736710910178,-43.291500000000006,-7.3825,19.14099999999999,1172.3500000000004,-0.03692711221051733,-0.006297180876018252,0.016327035441634313,-0.026897257644901258
LLLLGFLLGTLLGVL,Mutant,clash,,LLLALLLGFLLGTLLGVLILI,0.8014683786857387,LLLLLLLGFLLGTLLGVLILI_0,110011001100110000,1,-70.2215,-74.3262,-58.6723,-217.208,-198.793,-235.908,-348.079,4531.93,3392.09,3368.04,-31.4122,565.336,-92.0621,490.376,-53.4992,-86.2445,57.0988,-41.2967,7.44245,7.145,6.50149,453.565,-85.1121,47.6719,-35.0,217.257,7.4675,5.70252,4.9176,0,LLLLLLLGFLLGTLLGVLILI,0.4833633140912569,0.1047618073264948,D,16,-16.197437985784386,-25.73129108041499,-20.25668476731453,-29.32873500580578,-13.327788729289573,-23.188109342179303,-38.5629,-11.549200000000006,18.69999999999999,1139.8400000000001,-0.0338318535934868,-0.010132299270072996,0.016405811341942717,-0.027558429253228517
LFLLGTLLGLLLGVL,Mutant,clash,,LLLAFLLGTLLGLLLGVLILI,0.2206019717006979,LLLLFLLGTLLGLLLGVLILI_2,110011001100110000,1,-69.9024,-66.313,-58.7586,-207.35,-207.549,-236.777,-345.566,4629.57,3534.68,3410.46,-31.3912,1855.83,-99.7048,1784.13,-50.0304,-80.5608,38.7368,-43.8798,7.22923,3.81358,2.89464,1575.04,-94.1397,39.8563,-36.5769,2955.52,6.9528,6.00156,5.0994,2,LLLLFLLGTLLGLLLGVLILI,1.253585153246154,0.0340966677097711,D,16,-93.96620351800313,-96.36187663807536,-90.36126543492458,-94.18825187339,-92.18582525430293,-95.28838405781404,-49.674400000000006,-11.143799999999999,29.426999999999992,1094.8899999999999,-0.04536930650567638,-0.010178008749737417,0.02687667254244718,-0.028670642712966606
YALLALLLGILLTLL,Mutant,clash,,LLLYALLASLLGILLTLLILI,0.0127257776667448,LLLYALLALLLGILLTLLILI_0,110011001100110000,1,-62.4171,-62.6925,-58.808,-237.082,-225.719,-247.342,-366.018,4659.15,3779.87,3677.47,-31.3555,-12.716,-97.8744,-90.3228,-59.8678,-57.7166,90.0012,-43.157,7.14466,7.30765,7.15767,-12.9663,-63.07,66.418,-42.249,-378.734,7.1117,4.92693,4.4232,0,LLLYALLALLLGILLTLLILI,0.2439938786915426,0.1331852358474275,D,17,-51.776560503151,-62.99252978303237,-48.51605298529866,-60.49036203809158,-52.98272477801582,-63.91816032586719,-38.00659999999999,-3.609099999999998,10.26000000000002,879.2799999999997,-0.04322468383222637,-0.004104608315894822,0.011668637976526274,-0.035660426712765
YFLLGLLLGTLLIVL,Mutant,clash,,LLLYFLLGLLLGTLLAVLILI,0.8696735950845873,LLLYFLLGLLLGTLLIVLILI_1,110011001100110000,1,-67.1664,-63.2298,-58.7143,-238.712,-233.528,-249.501,-344.701,4725.61,3660.53,3561.28,-31.2667,108.878,-70.0894,60.934,-36.4864,-77.6354,57.2739,-44.4742,6.67288,5.87728,5.23639,92.3198,-70.4483,55.9363,-39.1281,-246.596,6.6187,4.61865,3.95769,1,LLLYFLLGLLLGTLLIVLILI,0.3662088677971256,0.0432288468568465,D,15,114.75666623811672,86.32267816275042,28.09875758074436,11.1383595203574,96.12318932044128,70.15629141629387,-33.602999999999994,-8.452099999999994,10.789000000000016,1065.0799999999995,-0.031549742742329225,-0.007935648026439326,0.010129755511323113,-0.02935619859541069
ILLLGLLLGTLLAFL,Mutant,clash,,LLLALLLGLLLGTLLAFLILI,0.5551197413080412,LLLILLLGLLLGTLLAFLILI_2,110011001100110000,1,-71.7638,-70.0591,-58.6918,-216.649,-203.762,-237.811,-356.354,4585.4,3733.06,3529.82,-30.9891,77.8987,-98.9305,-4.63453,-59.852,-88.7784,53.1274,-42.8566,6.60133,6.98896,6.28588,67.406,-77.6236,58.3724,-37.459,-278.456,6.7222,6.02381,5.3994,2,LLLILLLGLLLGTLLAFLILI,0.5127411234517733,0.051809166611797,D,14,-32.046531053737816,-42.05165114654192,-32.03227330397482,-42.03949263469634,-24.714841741592284,-35.79944214921525,-39.0785,-13.072000000000003,21.162000000000006,852.3399999999997,-0.045848487692704804,-0.015336602764155159,0.024828120233709568,-0.036357674167585716
LYLLGLLLGFLLATL,Mutant,clash,,LLLAYLLGLLLGFLLATLILI,1.52211109670856,LLLLYLLGLLLGFLLATLILI_0,110011001100110000,1,-62.5073,-63.068,-58.7236,-231.23,-213.372,-240.565,-342.729,4646.03,3734.94,3601.43,-30.7799,15.1826,-79.7714,-51.1057,-43.4403,-87.7064,61.9373,-41.0347,7.70468,8.01749,7.44655,11.5464,-87.2227,45.9146,-36.9014,-327.546,7.4937,5.78188,4.9706,0,LLLLYLLGLLLGFLLATLILI,0.7393484746073556,0.0697386359855692,D,16,-85.43488025584232,-88.6753429134153,-79.6720651394873,-84.19464476657825,-83.77799004374677,-87.38707932123803,-36.3311,-3.783700000000003,9.335000000000008,911.0899999999997,-0.0398765215291574,-0.0041529376900196514,0.010245969113918505,-0.0337835998638993
IYLLGLLLGTLLGFL,Mutant,clash,,LLLSYLLGLLLGTLLGFLILI,0.1820102614046574,LLLIYLLGLLLGTLLGFLILI_2,110011001100110000,1,-70.84,-68.2013,-58.7772,-222.469,-218.424,-238.555,-336.321,4625.31,3614.28,3505.32,-30.704,-14.7881,-73.7157,-64.4835,-38.9889,-89.5127,38.0102,-37.4576,6.8225,5.05829,4.12844,-17.9163,-87.0744,32.7223,-38.1858,-356.274,6.9066,3.97867,2.9695,2,LLLIYLLGLLLGTLLGFLILI,0.7356750803766081,0.0990905566804074,D,14,787.7950740107511,877.2817773337474,156.311216556483,182.1465094813776,752.554082782902,838.4886148682634,-34.7268,-12.062800000000003,16.086000000000013,1011.0300000000002,-0.03434794219756089,-0.011931198876393382,0.015910507106614055,-0.03036902960347368
TFLLGILLGLLLLVL,Mutant,clash,,LLLTFLLGILLGLLLGVLILI,0.6650367400428935,LLLTFLLGILLGLLLLVLILI_1,110011001100110000,1,-52.2674,-46.2097,-44.9552,-233.184,-225.602,-246.698,-354.189,4652.52,3679.98,3452.54,-30.672,94398.4,-99.4099,94316.0,-62.5363,-86.1491,47.035,-60.3245,7.31473,5.77209,4.97761,89718.9,-80.9864,40.2503,-44.8665,93969.1,6.9244,4.08175,3.1855,1,LLLTFLLGILLGLLLLVLILI,0.682393244638759,0.1037281001055994,D,17,-56.3493137750852,-63.26512902206781,-50.65693363540669,-58.47462357821343,-53.44900007918709,-60.82432777405593,-36.873599999999996,-7.312200000000004,13.51400000000001,972.5400000000004,-0.03791473872539945,-0.007518662471466471,0.013895572418615177,-0.03153803442531925
IYLLGFLLGTLLGLL,Mutant,clash,,LLLAYLLGFLLGTLLGLLILI,0.2978262352665431,LLLIYLLGFLLGTLLGLLILI_2,110011001100110000,1,-70.7707,-61.3594,-58.6623,-224.261,-218.983,-239.39,-336.034,4577.31,3572.2,3522.02,-30.4522,12.9764,-71.4549,-42.7154,-37.9821,-85.0885,40.1681,-46.8006,6.41769,4.68596,3.78848,-6.03635,-91.134,25.7473,-37.6199,-342.895,7.3707,3.64599,2.5322,2,LLLIYLLGFLLGTLLGLLILI,0.936711759293383,0.0939378865341975,D,14,3127.2786082242,3387.29284964364,224.09468933699705,250.2062356352564,3181.128708793464,3445.481526068795,-33.47279999999999,-12.108400000000003,15.12899999999999,1005.1100000000006,-0.033302623593437504,-0.012046840644307584,0.015052083851518721,-0.030297380386226366
SYLLGLLLGTLLIFL,Mutant,clash,,LLLSYLLGLLLGTLLGFLILI,0.526004151288832,LLLSYLLGLLLGTLLIFLILI_2,110011001100110000,1,-80.3097,-80.3955,-58.7772,-236.721,-233.791,-256.232,-358.347,4622.48,3723.27,3517.37,-30.0924,698109.0,-71.4092,698065.0,-43.338,-84.2316,49.7436,-46.0174,6.90992,5.85013,5.09628,687126.0,-87.0744,32.7223,-38.1858,697567.0,6.9066,3.97867,2.9695,2,LLLSYLLGLLLGTLLIFLILI,0.3916811904924335,0.0714949825915459,D,14,-90.64317669780856,-89.5351592581844,-88.29599000047395,-86.91002312109799,-91.82006652764856,-90.85141417100864,-28.071199999999997,-21.532500000000006,19.511000000000024,899.2099999999996,-0.03121762435915972,-0.023946019283593394,0.021697934853927372,-0.03346537516264278
LLLLGFLLGVLLGTL,Mutant,clash,,LLLALLLGFLLGVLLGTLILI,0.3726362475868717,LLLLLLLGFLLGVLLGTLILI_0,110011001100110000,1,-68.8555,-73.7921,-58.7392,-217.148,-208.136,-235.958,-347.966,4541.86,3441.87,3402.56,-30.0243,482.48,-91.9869,416.442,-53.2681,-88.0138,46.0187,-40.9958,7.15818,5.91459,5.10487,479.126,-83.578,48.738,-35.1079,134.514,6.9512,5.61633,4.8474,0,LLLLLLLGFLLGVLLGTLILI,0.7369604109482929,0.0425204157814634,D,16,-41.55066802322061,-51.74322644115144,-39.95544885510181,-50.426186064997495,-36.246941971417776,-47.36437901135198,-38.71880000000001,-10.11630000000001,18.810000000000002,1099.9899999999998,-0.03519922908390078,-0.009196719970181557,0.017100155455958697,-0.02729506631878472
ILLLGVLLGTLLGFL,Mutant,clash,,LLLALLLGVLLGTLLGFLILI,0.3095274549341854,LLLILLLGVLLGTLLGFLILI_0,110011001100110000,1,-64.9624,-70.1212,-58.7067,-225.16,-215.471,-235.182,-345.686,4534.85,3692.26,3504.94,-29.933,108.137,-85.4966,48.043,-51.7972,-97.5629,43.7453,-39.5487,7.1034,7.04005,6.19623,48.7565,-97.484,35.8407,-36.8474,-237.549,6.7321,5.96109,4.9987,0,LLLILLLGVLLGTLLGFLILI,0.7394587855923059,0.0358734515154606,D,14,-53.08822928286708,-62.72512149932319,-49.26968985201707,-59.69100892674032,-48.15232692119745,-58.803181269613525,-33.699400000000004,-6.2557000000000045,10.021999999999991,842.5900000000001,-0.039995015369278054,-0.00742437009696294,0.011894278356021302,-0.03552498842853582
YALLIFLLGLLLGTL,Mutant,clash,,LLLYALLAFLLGLLLGTLILI,0.3274621274763044,LLLYALLIFLLGLLLGTLILI_0,110011001100110000,1,-58.7014,-63.8374,-58.7014,-244.422,-235.507,-247.037,-342.774,4689.84,3520.65,3563.63,-29.8324,1005.66,-69.4825,962.229,-37.0353,-72.0702,62.6747,-37.5331,7.95538,5.77162,5.21174,858.134,-66.7471,49.0629,-35.0,662.884,7.0844,3.13556,2.3715,0,LLLYALLIFLLGLLLGTLILI,0.8617414926100665,0.1264384094180408,D,15,-78.31497447386876,-83.06144155875917,-70.9315580658214,-77.29412391493074,-74.91043703523077,-80.40209692020802,-32.4472,0.0,2.615000000000009,1169.19,-0.02775186240046528,0.0,0.0022365911442964862,-0.025515442314764922
LLLLGILLGVLLGTL,Mutant,clash,,LLLALLLGILLGVLLGTLILI,0.563588437401254,LLLLLLLGILLGVLLGTLILI_0,110011001100110000,1,-66.3087,-70.9803,-58.7478,-216.375,-198.116,-235.022,-362.318,4514.32,3652.98,3556.11,-29.4523,233.89,-109.087,140.668,-68.5484,-84.79,49.3734,-49.8384,6.83344,5.88392,5.12452,185.238,-86.55,35.742,-43.5248,-128.429,6.8226,4.30767,3.3438,0,LLLLLLLGILLGVLLGTLILI,0.5907254391880367,0.0534354237063073,D,16,-31.496988220930326,-44.24587411027348,-32.63725569822837,-45.17392989681718,-22.65047689771616,-37.045759937336136,-40.5386,-7.560900000000004,18.64699999999999,861.3399999999997,-0.04706457380360835,-0.008778066733229626,0.021648826247474863,-0.03419358209301787
LVLLGLLLGFLLGTL,Mutant,clash,,LLLAVLLGLLLGFLLGTLILI,1.3279374595617877,LLLLVLLGLLLGFLLGTLILI_1,110011001100110000,1,-64.3428,-65.0179,-58.754,-220.862,-213.423,-236.476,-348.352,4560.61,3709.84,3625.86,-29.312,-10.2974,-92.4589,-80.2078,-53.1219,-85.7677,42.756,-46.2785,7.17986,5.13721,4.27855,-16.9435,-80.2804,39.355,-44.6447,-365.972,7.3257,3.85498,2.9453,1,LLLLVLLGLLLGFLLGTLILI,0.630955781400444,0.0912472305772174,D,16,-53.3587394350036,-58.43171556189159,-41.87388884752071,-48.19602445563637,-39.13334235285153,-45.75355581678993,-39.337,-5.588799999999999,15.614000000000004,850.7699999999995,-0.04623693830294912,-0.006569107984531662,0.018352786299469907,-0.034453495069172654
LFLLGTLLGVLLGLL,Mutant,clash,,LLLAFLLGTLLGVLLGLLILI,0.3292359052334905,LLLLFLLGTLLGVLLGLLILI_0,110011001100110000,1,-58.6867,-71.5771,-58.6867,-233.043,-214.803,-236.804,-346.148,4611.63,3528.14,3441.74,-29.2462,3717.74,-83.6645,3657.97,-50.6574,-98.1883,48.8854,-37.0565,8.39465,7.82777,7.06105,3296.7,-94.1397,39.8563,-36.5769,3371.59,6.9528,6.00156,5.0994,0,LLLLFLLGTLLGVLLGLLILI,1.0727003292462765,0.02160391090991,D,16,-90.01879643720736,-92.71620129077812,-84.19811429673457,-88.4685495126288,-86.37846383857558,-90.05966295687467,-33.0071,0.0,3.7609999999999957,1083.4900000000002,-0.030463686789910377,0.0,0.0034711903201690786,-0.02699258876408642
ALLLGTLLGYLLLFL,Mutant,clash,,LLLALLLGTLLGYLLGFLILI,0.5899427236632653,LLLALLLGTLLGYLLLFLILI_1,110011001100110000,1,-69.5924,-46.2843,-58.7311,-235.847,-232.056,-243.262,-348.093,4596.48,3841.99,3428.98,-29.2049,153238.0,-71.8587,153168.0,-46.0997,-76.2254,76.2262,-46.1264,8.81217,8.22435,7.86775,138354.0,-77.9303,55.657,-35.0,152941.0,7.3057,5.70324,5.0381,1,LLLALLLGTLLGYLLLFLILI,0.8270227374218639,0.083740382386323,D,16,-67.103319806384,-73.6263797569013,-57.014319779247046,-65.53792056338187,-59.3566655805766,-67.41580423670982,-25.759,-10.8613,7.414999999999992,754.4899999999998,-0.03414094288857375,-0.014395551962252652,0.009827830720089059,-0.03870813397129187
AYLLLLLLGTLLAFL,Mutant,clash,,LLLAYLLGLLLGTLLAFLILI,0.7309256670884519,LLLAYLLLLLLGTLLAFLILI_0,110011001100110000,1,-64.5902,-67.529,-58.7534,-229.983,-224.058,-245.148,-351.917,4647.9,3831.99,3558.29,-29.1619,501341.0,-86.5065,501281.0,-48.016,-72.6653,43.7511,-52.7819,6.89459,3.3062,2.46246,393683.0,-65.2452,51.3028,-41.1052,500989.0,6.5503,3.21266,2.4822,0,LLLAYLLLLLLGTLLAFLILI,0.3484079088242335,0.0765101271553628,D,16,-93.32416375771538,-93.772346050378,-91.36594951454876,-91.94559652821036,-94.989945761371,-95.3262957725966,-38.490500000000004,-5.836799999999997,15.164999999999992,815.9099999999999,-0.0471749335098234,-0.007153730190829868,0.018586608817148943,-0.03574156463335417
AYLLGLLLGFLLITL,Mutant,clash,,LLLAYLLGLLLGFLLGTLILI,0.6606801096593278,LLLAYLLGLLLGFLLITLILI_2,110011001100110000,1,-66.872,-70.3421,-58.7779,-229.583,-220.755,-244.592,-345.77,4593.18,3761.67,3396.06,-28.9335,205153.0,-78.2491,205098.0,-42.401,-87.6112,55.7738,-52.2786,7.63214,7.17114,6.50775,137935.0,-85.1121,47.6719,-35.0,204807.0,7.4675,5.70252,4.9176,2,LLLAYLLGLLLGFLLITLILI,0.5625589490375789,0.0867352071359163,D,14,-80.9119887837057,-82.5249974681342,-74.86530426018948,-76.98928051153271,-81.03005565289958,-82.63308724316175,-35.848099999999995,-8.094099999999997,15.009000000000015,831.5100000000002,-0.04311204916356987,-0.00973421847001238,0.0180502940433669,-0.0347963343796226
IVLLGLLLGFLLGTL,Mutant,clash,,LLLAVLLGLLLGFLLGTLILI,1.447725652859127,LLLIVLLGLLLGFLLGTLILI_0,110011001100110000,1,-65.1032,-63.9322,-58.754,-221.313,-212.415,-235.718,-346.253,4522.65,3671.79,3614.33,-28.7705,-15.8546,-88.6081,-85.7612,-51.7815,-75.8569,54.1925,-43.6281,6.99565,5.19452,4.50741,-15.5137,-80.2804,39.355,-44.6447,-362.108,7.3257,3.85498,2.9453,0,LLLIVLLGLLLGFLLGTLILI,0.5111675881031045,0.0820534992433367,D,14,121.12695881546634,113.51107705664477,51.36274684693356,46.14962950994397,155.05381854732153,146.2694544218539,-36.82659999999999,-6.349200000000003,14.405000000000001,850.8599999999997,-0.0432816209482171,-0.007462097172272766,0.016929929718167508,-0.03381343581787839
YFLLLALLGLLLGTL,Mutant,clash,,LLLYFLLAALLGLLLGTLILI,0.0667938268664683,LLLYFLLLALLGLLLGTLILI_0,110011001100110000,1,-67.2524,-66.7585,-58.6834,-229.039,-218.949,-246.05,-342.384,4763.65,3743.62,3746.75,-28.618,2735.5,-74.711,2678.82,-37.6511,-70.8933,59.3855,-52.1039,7.01009,5.15103,4.54181,2728.45,-60.9139,62.9834,-44.4576,2393.11,6.862,4.13985,3.5846,0,LLLYFLLLALLGLLLGTLILI,0.1783694212516854,0.0101857160150128,D,17,-32.95774343990252,-44.373132015767055,-37.6391922464399,-48.257463303195614,-41.61889978932529,-51.55953989582187,-37.0599,-8.568999999999996,17.011000000000024,1020.0299999999997,-0.03633216670097939,-0.008400733311765338,0.016676960481554492,-0.028056037567522528
YLLLGILLGFLLLTL,Mutant,clash,,LLLYLLLGILLGFLLATLILI,1.119438982828033,LLLYLLLGILLGFLLLTLILI_1,110011001100110000,1,-62.4664,-60.4922,-58.7512,-240.666,-239.439,-250.178,-351.062,4761.68,3874.45,3576.33,-28.614,27087.5,-76.5437,27036.3,-42.1326,-89.1213,48.9217,-52.2577,7.79318,6.47263,5.70645,14895.8,-86.6913,38.1487,-45.0,26713.6,6.9063,4.65377,3.726,1,LLLYLLLGILLGFLLLTLILI,0.1035641628572557,0.101147067567698,D,17,128.67552213654028,103.73917060101807,30.935543278362537,16.657431195451064,121.98443022337626,97.77772136471008,-34.411100000000005,-3.715200000000003,9.512,887.2300000000005,-0.03878486976319555,-0.004187414762801079,0.01072100808133178,-0.03225093831362779
LTLLGILLGLLLGFL,Mutant,clash,,LLLATLLGILLGLLLGFLILI,0.6136639599643562,LLLLTLLGILLGLLLGFLILI_0,110011001100110000,1,-54.4382,-58.159,-44.9292,-212.081,-204.516,-238.255,-345.129,4558.29,3661.67,3448.35,-28.5461,48.4495,-107.156,-34.0045,-61.9457,-82.7263,46.1482,-48.3107,6.51564,5.13895,4.33117,48.8725,-81.6776,47.767,-35.1198,-296.68,6.6099,5.20019,4.4167,0,LLLLTLLGILLGLLLGFLILI,0.5030060666865376,0.1113878239770691,D,16,-53.09865555463297,-64.71974643618502,-46.10884538390325,-59.46185291303598,-43.49522104429785,-57.49582548861435,-45.210300000000004,-9.509,26.174000000000007,896.6199999999999,-0.050423033169012525,-0.010605384666859986,0.02919185385112981,-0.031837456224487526
ILLLGILLGVLLGTL,Mutant,clash,,LLLALLLGILLGVLLGTLILI,0.0750291227681041,LLLILLLGILLGVLLGTLILI_0,110011001100110000,1,-68.7709,-70.9803,-58.7478,-211.67,-202.575,-234.262,-360.184,4485.61,3547.71,3553.23,-28.5445,-15.2808,-108.287,-101.91,-67.1737,-85.5304,45.6832,-43.9512,6.85538,5.4968,4.68205,-18.6403,-86.55,35.742,-43.5248,-375.464,6.8226,4.30767,3.3438,0,LLLILLLGILLGVLLGTLILI,1.0792847538211865,0.096751767612891,D,14,-59.89321939316446,-67.09521970070003,-50.47923475920961,-59.37171032312422,-48.8956341972976,-58.07247792942065,-41.11330000000001,-10.0231,22.592000000000013,937.8999999999996,-0.04383548352702849,-0.010686746987951811,0.02408785584817147,-0.030434481287983806
ITLLGLLLGVLLAIL,Mutant,clash,,LLLSTLLGLLLGVLLAILILI,0.5997427010623182,LLLITLLGLLLGVLLAILILI_0,110011001100110000,1,-55.975,-54.7442,-44.9407,-218.09,-206.793,-236.204,-357.939,4511.88,3587.03,3583.92,-28.2459,25.3974,-112.12,-71.0045,-76.7939,-81.4619,59.4882,-41.5532,6.48054,6.75019,6.14251,25.2155,-70.6341,63.5646,-35.8262,-332.542,6.7474,5.67633,5.1298,0,LLLITLLGLLLGVLLAILILI,0.522726884725917,0.096033749800809,D,14,22.34271253825408,4.795947971792862,10.94615115189852,-4.966083859309652,34.882621828992285,15.537345267461788,-35.32610000000001,-11.034300000000002,18.114000000000004,924.8499999999999,-0.038196572417148744,-0.01193090771476456,0.01958587879115533,-0.030541060712547984
ALLLGTLLGYLLIFL,Mutant,clash,,LLLALLLGTLLGYLLGFLILI,0.801834746649001,LLLALLLGTLLGYLLIFLILI_0,110011001100110000,1,-60.3367,-62.5034,-58.7311,-237.941,-220.14,-243.241,-345.749,4568.6,3850.97,3415.53,-28.1365,676234.0,-75.6081,676171.0,-43.7773,-78.4999,76.5388,-47.9829,8.50367,8.60772,8.2558,466013.0,-77.9303,55.657,-35.0,675889.0,7.3057,5.70324,5.0381,0,LLLALLLGTLLGYLLIFLILI,0.6151307144361282,0.0896527833864821,D,14,-15.41710923967114,-26.964838699461847,-19.93781722503612,-30.868354338804583,-4.47946196247801,-17.520460221056126,-31.830799999999996,-1.6056000000000026,5.300000000000011,717.6300000000006,-0.04435544779343112,-0.002237364658668118,0.0073854214567395556,-0.03920753034293435
ILLLGTLLGILLSFL,Mutant,clash,,LLLALLLGTLLGILLSFLILI,0.5450814616611251,LLLILLLGTLLGILLSFLILI_2,110011001100110000,1,-84.7641,-69.8331,-74.0552,-218.76,-217.154,-239.875,-366.073,4547.59,3721.08,3582.47,-27.9343,810.986,-90.4825,731.9,-52.1422,-81.6131,44.1551,-46.7031,6.52861,4.70289,3.86522,78.9324,-70.183,60.097,-37.4728,-274.485,7.1099,5.14054,4.54199,2,LLLILLLGTLLGILLSFLILI,0.648270045970844,0.0181695278394838,D,14,-91.68908046459966,-93.71566832245324,-90.06515031050404,-92.48772769975356,-92.21330373163023,-94.11206162996572,-38.3403,-10.7089,21.11500000000001,826.5100000000002,-0.04638818647082309,-0.01295677003303045,0.02554718031239792,-0.03379789718212725
AVLLGLLLGLLLIFL,Mutant,clash,,LLLAVLLGLLLGLLLGFLILI,1.1980860127802688,LLLAVLLGLLLGLLLIFLILI_2,110011001100110000,1,-44.9261,-52.8486,-44.9261,-239.832,-229.713,-239.442,-352.149,4539.33,3805.86,3617.56,-27.7782,195684.0,-95.1692,195614.0,-67.781,-76.1894,66.0558,-42.1515,8.35822,6.84593,6.33677,89618.0,-77.4724,32.2036,-43.8153,67904.6,7.0393,2.46835,1.4514,2,LLLAVLLGLLLGLLLIFLILI,0.4661220147355764,0.1142325966674826,D,14,-16.323074965070496,-24.13152336584547,-18.786620060953425,-26.365178742954026,-18.435372983162488,-26.04670885770104,-27.388199999999998,0.0,-0.38999999999998636,733.4699999999998,-0.03734058652705633,0.0,-0.0005317190887152664,-0.037872305615771616
IVLLGSLLGILLTLL,Mutant,clash,,LLLAVLLGSLLGILLTLLILI,1.233903946345185,LLLIVLLGSLLGILLTLLILI_2,110011001100110000,1,-82.1511,-78.6739,-74.0355,-215.175,-203.364,-237.924,-380.078,4491.9,3586.57,3614.38,-27.6328,23.606,-110.385,-74.4347,-68.1192,-79.5416,50.4418,-49.4739,6.38323,5.24088,4.4975,23.4918,-69.2457,60.3937,-41.8114,-360.118,6.8012,5.04,4.4459,2,LLLIVLLGSLLGILLTLLILI,0.2442616314465357,0.0435521292716146,D,14,-13.724883668668882,-27.513043644754365,-17.840759649148936,-30.971136026976,-12.264353078854024,-26.285929482278707,-42.2658,-8.1156,22.748999999999995,905.3299999999995,-0.046685517987916036,-0.008964245081903842,0.025127853931715516,-0.030522350965946136
LYLLATLLGFLLSLL,Mutant,clash,,LLLGYLLATLLGFLLSLLILI,0.436167143597849,LLLLYLLATLLGFLLSLLILI_0,110011001100110000,1,-80.7858,-80.655,-74.0937,-228.086,-215.877,-243.706,-361.683,4654.41,3762.6,3668.83,-27.3781,-9.60439,-80.1887,-74.7547,-43.8825,-79.2651,60.7359,-44.1613,7.56095,6.58911,6.00015,-9.67348,-78.9601,51.8199,-41.3257,-371.287,7.4908,5.3397,4.617,0,LLLLYLLATLLGFLLSLLILI,0.6306454772946833,0.0464122107997646,D,16,-97.91245791234888,-96.554752969627,-97.06099974845142,-95.14951964379006,-97.62508110611104,-96.08047075316496,-36.3062,-6.692099999999996,15.619999999999976,891.81,-0.04071068949664166,-0.007503952635651088,0.01751494152341864,-0.030699476345858425
FLLLGILLGVLLLTL,Mutant,clash,,LLLFLLLGILLGVLLATLILI,1.2081742621258016,LLLFLLLGILLGVLLLTLILI_2,110011001100110000,1,-63.6813,-60.5736,-58.7766,-232.98,-229.753,-239.921,-358.058,4647.04,3771.24,3552.77,-27.2759,2244.98,-88.6727,2177.24,-59.3605,-78.2599,58.24,-52.0527,7.25851,6.10138,5.47497,2058.15,-72.9898,49.7856,-44.4885,2779.72,6.6061,4.16952,3.4163,2,LLLFLLLGILLGVLLLTLILI,0.2684094569482537,0.0442823230343765,D,16,217.9819994799919,175.25526488645326,65.7368042142584,43.46701391913363,230.41557130747057,186.0181574792861,-29.312200000000004,-4.904699999999998,6.9410000000000025,875.8000000000002,-0.03346905686229733,-0.005600251198903857,0.007925325416761818,-0.031143982644439364
ILLLGILLGTLLGFL,Mutant,clash,,LLLALLLGILLGTLLGFLILI,0.6425873432940307,LLLILLLGILLGTLLGFLILI_0,110011001100110000,1,-69.0595,-71.3574,-58.7518,-211.845,-205.711,-236.647,-349.554,4522.22,3586.56,3485.31,-27.1753,-10.4412,-95.8243,-82.9263,-54.1544,-86.5409,45.3769,-40.7295,6.67405,5.60702,4.78767,-11.4783,-87.213,39.461,-38.899,-359.995,6.5512,4.90918,4.00109,0,LLLILLLGILLGTLLGFLILI,0.6043837896757002,0.0266293044371788,D,14,-51.032501517495234,-68.3027152049776,-43.1436002147226,-63.19612901897612,-48.00920195708776,-66.34569493323266,-41.66989999999999,-10.307699999999997,24.801999999999992,935.6600000000003,-0.04453530128465466,-0.011016501720710508,0.026507492037705988,-0.029043990338370768
ALLLGVLLGTLLIFL,Mutant,clash,,LLLALLLGVLLGTLLGFLILI,0.2846002347699065,LLLALLLGVLLGTLLIFLILI_0,110011001100110000,1,-58.7067,-70.1212,-58.7067,-240.008,-226.724,-238.895,-352.151,4499.51,3887.83,3461.64,-27.0401,309087.0,-80.4759,309032.0,-54.549,-91.3409,65.0958,-40.7067,8.4718,8.98906,8.4655,103618.0,-97.484,35.8407,-36.8474,308735.0,6.7321,5.96109,4.9987,0,LLLALLLGVLLGTLLIFLILI,0.7643860057565849,0.1254307390569329,D,14,18.98926975233248,12.130404683712367,3.667584997527325,-2.3080964985246184,34.51796643123624,26.76398505982831,-25.926899999999996,0.0,-1.1129999999999995,611.6800000000003,-0.04238637849856131,0.0,-0.001819578864765889,-0.04420628433167667
LLLLGTLLGILLSFL,Mutant,clash,,LLLALLLGTLLGILLSFLILI,0.7685890801346513,LLLLLLLGTLLGILLSFLILI_0,110011001100110000,1,-79.3553,-67.3822,-74.0552,-228.885,-214.87,-240.525,-368.101,4576.91,3561.77,3566.94,-27.0068,39.0581,-86.8676,-46.7903,-53.5203,-76.0433,66.0028,-42.6688,7.15261,6.81687,6.30691,34.5203,-70.183,60.097,-37.4728,-329.043,7.1099,5.14054,4.54199,0,LLLLLLLGTLLGILLSFLILI,0.4247624274973179,0.0625193559153819,D,16,-84.48480710279402,-87.02587668161381,-81.33045767309342,-84.38814482991464,-85.81126711887917,-88.1350898212517,-33.3473,-5.3001000000000005,11.640000000000015,1015.1399999999999,-0.03284995173079575,-0.005221053253738402,0.011466398723328818,-0.026604015209724767
YALLLSLLGILLTLL,Mutant,clash,,LLLYALLASLLGILLTLLILI,-0.0127714676796759,LLLYALLLSLLGILLTLLILI_0,110011001100110000,1,-74.8246,-77.755,-74.119,-241.578,-224.722,-249.276,-380.778,4651.33,3894.15,3695.47,-26.8204,11296.8,-91.1961,11218.5,-57.3833,-67.7687,83.0331,-50.7567,7.61277,7.87477,7.62027,10358.7,-63.07,66.418,-42.249,10916.1,7.1117,4.92693,4.4232,0,LLLYALLLSLLGILLTLLILI,0.2694911240379634,0.1177560790322906,D,17,-46.202418456124455,-57.25737168286409,-49.41169354186447,-59.80716756997764,-56.99887419848927,-65.83524603511445,-33.8128,-0.705600000000004,7.6980000000000075,757.1799999999998,-0.04465622441163265,-0.0009318788134921738,0.01016667106896644,-0.03542143215615838
LYLLGTLLGFLLGLL,Mutant,clash,,LLLAYLLGTLLGFLLGLLILI,0.2950132484306378,LLLLYLLGTLLGFLLGLLILI_1,110011001100110000,1,-65.965,-67.1107,-58.7318,-209.859,-211.847,-239.363,-338.261,4632.07,3602.5,3511.09,-26.7505,59.456,-89.1877,0.153156,-40.1665,-82.9164,48.0342,-44.5342,7.32969,5.42208,4.64259,41.4563,-87.9639,43.7708,-37.0981,-289.771,7.4797,5.60364,4.7602,1,LLLLYLLGTLLGFLLGLLILI,0.9576614818487916,0.1199364395045838,D,16,-92.81650202101436,-94.75578027805406,-88.36534402959008,-91.50626999874297,-89.70040187342109,-92.48091169768108,-49.02120000000001,-7.233200000000004,29.50399999999999,1029.5699999999997,-0.04761327544508875,-0.007025457229717266,0.02865662363899492,-0.025982206163738267
ALLLGTLLGILLIFL,Mutant,clash,,LLLALLLGTLLGILLSFLILI,0.7162339041566549,LLLALLLGTLLGILLIFLILI_0,110011001100110000,1,-51.7053,-58.8794,-58.7369,-234.238,-221.974,-240.343,-353.24,4520.13,3725.56,3498.41,-26.4276,70.2935,-93.7244,-2.09378,-54.1601,-72.4234,73.2931,-41.9924,7.79814,7.25807,6.85747,66.498,-70.183,60.097,-37.4728,-282.947,7.1099,5.14054,4.54199,0,LLLALLLGTLLGILLIFLILI,0.4771176034753143,0.0615543225604756,D,14,-23.27757856133133,-32.17412620848691,-23.86342606476472,-32.69204024305255,-17.99515137311208,-27.504236584794228,-39.5643,7.031599999999997,6.10499999999999,794.5700000000002,-0.04979334734510489,0.008849566432158269,0.007683401084863497,-0.033260253973847485
IYLLATLLGFLLSLL,Mutant,clash,,LLLGYLLATLLGFLLSLLILI,0.4918581177949216,LLLIYLLATLLGFLLSLLILI_0,110011001100110000,1,-80.567,-81.8524,-74.0937,-226.154,-218.04,-242.497,-357.668,4609.99,3677.34,3606.54,-26.2281,-9.55935,-77.1752,-67.3347,-41.0773,-78.9229,58.7127,-43.2263,7.54894,6.26464,5.64533,-10.0837,-78.9601,51.8199,-41.3257,-367.227,7.4908,5.3397,4.617,0,LLLIYLLATLLGFLLSLLILI,0.5749545030976108,0.0590716292495134,D,14,-98.657084980056,-97.60165391881186,-98.1338616965681,-96.66721615253242,-98.46457810683802,-97.25785099894924,-36.0979,-6.473299999999995,16.343000000000018,932.6499999999996,-0.03870465876802661,-0.0069407601994317236,0.017523186618774486,-0.028122125127325377
TFLLGILLGLLLIVL,Mutant,clash,,LLLTFLLGILLGLLLGVLILI,0.5738018698917123,LLLTFLLGILLGLLLIVLILI_0,110011001100110000,1,-52.5884,-55.8965,-44.9552,-225.785,-227.707,-246.623,-351.849,4624.51,3705.17,3430.29,-26.204,306045.0,-99.6797,305977.0,-60.2716,-74.2846,45.8596,-57.8054,7.49278,3.83373,3.02163,273546.0,-80.9864,40.2503,-44.8665,305693.0,6.9244,4.08175,3.1855,0,LLLTFLLGILLGLLLIVLILI,0.7736281147899401,0.0286819075857146,D,15,-61.486211287288405,-68.32476365748984,-52.89697909202423,-61.260645353909545,-52.47852278680869,-60.91649062881647,-39.4081,-7.633200000000002,20.837999999999994,919.3400000000001,-0.04286564274370743,-0.008302912959296888,0.0226662605782409,-0.028503056540561702
TFLLGVLLGLLLIAL,Mutant,clash,,LLLTFLLGVLLGLLLGALILI,0.4689414458418515,LLLTFLLGVLLGLLLIALILI_0,110011001100110000,1,-49.4916,-55.6023,-44.8802,-226.645,-225.254,-243.624,-346.831,4606.68,3709.88,3434.05,-26.1688,314389.0,-96.8626,314323.0,-58.327,-69.161,53.8547,-49.4809,7.91075,4.14454,3.45236,281673.0,-80.3909,36.9211,-40.9331,314042.0,7.1519,3.54298,2.5968,0,LLLTFLLGVLLGLLLIALILI,0.914918943842548,0.0765920762578681,D,15,-76.17437652878098,-80.57721660617537,-69.07002620387786,-74.78570992509624,-70.01772060157874,-75.55827577347038,-38.5356,-4.611399999999996,16.978999999999985,896.8000000000002,-0.04297011596788581,-0.005142060660124883,0.01893287243532558,-0.029180196253345222
YLLLAVLLGFLLLTL,Mutant,clash,,LLLYLLLAVLLGFLLATLILI,0.9303536605848112,LLLYLLLAVLLGFLLLTLILI_1,110011001100110000,1,-58.7343,-58.7343,-58.7343,-245.145,-232.878,-249.881,-351.419,4782.35,3910.23,3694.96,-26.0769,12396.6,-73.6169,12336.8,-42.8039,-62.2589,63.3046,-40.0497,8.37471,4.38496,3.83453,9485.97,-63.0129,43.6304,-40.5932,12341.3,7.074,1.84204,0.996496,1,LLLYLLLAVLLGFLLLTLILI,0.1614909153760889,0.0953803952940241,D,17,-36.58823814154519,-52.00712326927,-35.47271376236268,-51.16284418836804,-31.90775192215492,-48.46472054170523,-30.813000000000002,0.0,4.73599999999999,872.1200000000003,-0.03533114708985001,0.0,0.0054304453515571114,-0.029900587075173127
TLLLGVLLGFLLLIL,Mutant,clash,,LLLTLLLGVLLGFLLAILILI,0.6985591532141114,LLLTLLLGVLLGFLLLILILI_0,110011001100110000,1,-49.6229,-51.0755,-44.9524,-232.941,-228.292,-246.52,-354.509,4596.9,3848.56,3615.42,-26.0737,85517.8,-98.0182,85442.7,-63.0362,-92.0205,40.8584,-51.1183,7.89278,5.81897,4.93185,26311.2,-83.081,35.995,-42.847,85163.3,7.4247,3.82147,2.86139,0,LLLTLLLGVLLGFLLLILILI,0.6374445221395485,0.1436861135219243,D,17,-61.50842928951728,-63.65940064742424,-59.20929209758212,-61.48874296818416,-55.69221632585691,-58.16820709101071,-34.98199999999999,-4.670500000000004,13.579000000000008,748.3399999999997,-0.046746131437581856,-0.006241147072186448,0.01814549536307028,-0.034842050404896185
YLLLGILLGVLLITL,Mutant,clash,,LLLYLLLGILLGVLLATLILI,1.0617282863603104,LLLYLLLGILLGVLLITLILI_2,110011001100110000,1,-64.6951,-58.7788,-58.7788,-237.093,-231.561,-247.749,-361.91,4626.43,3937.07,3540.84,-25.9747,577.974,-86.0974,506.404,-55.3824,-81.8175,52.1232,-53.0267,7.0663,5.80926,5.09111,564.425,-72.9898,49.7856,-44.4885,522.484,6.6061,4.16952,3.4163,2,LLLYLLLGILLGVLLITLILI,0.1767798744725588,0.0644520290600193,D,15,383.9326018665448,333.16498402197897,86.28547089383699,66.74293633456921,399.7989302556464,347.36683332215887,-30.714999999999996,-5.9163,10.656000000000006,689.3600000000001,-0.0445558198909133,-0.008582308227921548,0.015457815945224562,-0.037679441801090854
FLLLGILLGVLLITL,Mutant,clash,,LLLFLLLGILLGVLLATLILI,1.0444485149932332,LLLFLLLGILLGVLLITLILI_1,110011001100110000,1,-60.6073,-60.3073,-58.7766,-235.738,-219.83,-239.918,-355.478,4616.37,3778.34,3541.67,-25.8564,401.87,-84.989,326.53,-56.7836,-79.0555,61.4147,-51.5028,7.56823,6.64931,6.07053,371.674,-72.9898,49.7856,-44.4885,314.185,6.6061,4.16952,3.4163,1,LLLFLLLGILLGVLLITLILI,0.4321352040808219,0.0552404204413943,D,14,170.93353387393708,132.90227669751272,54.9589825788842,33.20720887265593,198.51412413837176,156.6113472337459,-28.205400000000004,-1.8307000000000002,4.180000000000007,838.0299999999997,-0.03365679032970181,-0.002184528000190925,0.0049878882617567484,-0.030853788050547126
YFLLAVLLGLLLITL,Mutant,clash,,LLLYFLLAVLLGLLLGTLILI,0.1314926275016014,LLLYFLLAVLLGLLLITLILI_1,110011001100110000,1,-58.6875,-65.7303,-58.6875,-245.612,-225.282,-250.78,-349.774,4734.13,3940.32,3585.19,-25.7926,12897.4,-71.2675,12838.6,-40.3069,-73.7999,55.4227,-46.9022,8.13012,5.05204,4.38338,1166.83,-69.0276,38.4457,-43.5682,817.122,6.8046,2.04431,1.121,1,LLLYFLLAVLLGLLLITLILI,0.1463442813288368,0.1186401512794942,D,15,-33.143245009560765,-42.51991250233276,-36.43171218176279,-45.34717177955029,-28.489063453456343,-38.51848043891346,-30.9606,0.0,5.168000000000006,793.81,-0.039002532092062336,0.0,0.006510374018971803,-0.03249215807309054
ALLLGTLLGILLLFL,Mutant,clash,,LLLALLLGTLLGILLSFLILI,0.8234791935504246,LLLALLLGTLLGILLLFLILI_0,110011001100110000,1,-55.6851,-58.8794,-58.7369,-232.255,-221.973,-240.294,-355.505,4542.04,3800.98,3541.86,-25.6594,796.109,-93.2246,721.456,-56.4742,-65.8209,78.0666,-48.3965,8.07568,6.91213,6.58312,753.194,-70.183,60.097,-37.4728,440.604,7.1099,5.14054,4.54199,0,LLLALLLGTLLGILLLFLILI,0.3698723140815445,0.0371600786025289,D,16,-24.15477237658699,-34.80401794150777,-25.01389164913325,-35.54251034813799,-25.93130593346365,-36.33111270448383,-36.75039999999999,3.0518,8.039000000000016,741.06,-0.04959166599195746,0.004118155075162605,0.010847974522980617,-0.03462526651013414
SYLLGLLLGTLLLFL,Mutant,clash,,LLLSYLLGLLLGTLLGFLILI,0.6827593341753796,LLLSYLLGLLLGTLLLFLILI_2,110011001100110000,1,-76.4954,-73.1363,-58.7772,-238.153,-232.603,-256.225,-360.645,4650.93,3741.61,3532.57,-25.6269,1310070.0,-71.6238,1310020.0,-45.6435,-85.8015,51.6688,-47.2175,7.11272,6.34552,5.62055,1151710.0,-87.0744,32.7223,-38.1858,1309780.0,6.9066,3.97867,2.9695,2,LLLSYLLGLLLGTLLLFLILI,0.234926007605886,0.080966586283662,D,17,-93.46015496229958,-90.8286647361591,-91.63413654172912,-88.26789654724043,-94.6264710463393,-92.46428083542062,-25.9803,-17.718200000000003,18.07200000000003,909.3200000000002,-0.028571130075221038,-0.01948510975234241,0.019874191703690702,-0.02818248801302071
LFLLGVLLGTLLGLL,Mutant,clash,,LLLAFLLGVLLGTLLGLLILI,1.1670779284386157,LLLLFLLGVLLGTLLGLLILI_0,110011001100110000,1,-58.6941,-69.7482,-58.6941,-234.657,-209.542,-236.82,-345.952,4612.04,3615.69,3492.21,-25.4094,1152.18,-78.0106,1085.52,-50.4385,-103.666,44.9627,-37.7958,8.35367,8.11994,7.29438,1146.4,-97.484,35.8407,-36.8474,806.231,6.7321,5.96109,4.9987,0,LLLLFLLGVLLGTLLGLLILI,1.1654202543748051,0.0507372213612975,D,16,-93.32990309758632,-93.7504738868596,-89.79359000833297,-90.4371365667479,-91.64807449735004,-92.174689920183,-27.5721,0.0,2.1629999999999825,996.3499999999999,-0.027673106839965878,0.0,0.002170923872133269,-0.025502484066843984
AVLLGLLLGFLLITL,Mutant,clash,,LLLAVLLGLLLGFLLGTLILI,1.322915604935549,LLLAVLLGLLLGFLLITLILI_2,110011001100110000,1,-64.1229,-63.9322,-58.754,-234.768,-221.393,-238.605,-352.735,4504.2,3750.81,3573.12,-25.173,6469.43,-79.017,6402.02,-55.3761,-83.7145,57.657,-48.4365,7.43248,6.84086,6.20572,5875.1,-80.2804,39.355,-44.6447,6116.7,7.3257,3.85498,2.9453,2,LLLAVLLGLLLGFLLITLILI,0.6359776360266824,0.0863954868137786,D,14,-28.16206786180566,-36.08986722931604,-22.07557390193312,-30.67505884737202,-26.30913251177494,-34.44141576765439,-23.640899999999995,-5.368900000000004,3.836999999999989,753.3899999999999,-0.03137936526898419,-0.007126322356282941,0.005092979731613095,-0.03341297336041094
ALLLGTLLGLLLLFL,Mutant,clash,,LLLALLLGTLLGLLLGFLILI,1.0717075242297192,LLLALLLGTLLGLLLLFLILI_1,110011001100110000,1,-51.6199,-51.6199,-58.6905,-236.237,-230.797,-240.374,-361.751,4538.72,3808.17,3356.18,-25.1465,270886.0,-99.0407,270807.0,-62.6868,-65.5595,69.5047,-49.3039,8.5168,5.71706,5.25963,114478.0,-63.8279,50.3554,-37.6016,270566.0,6.5149,2.87217,2.1275,1,LLLALLLGTLLGLLLLFLILI,0.225772382234958,0.0622489924389794,D,16,5.931443641513298,-8.236021937518966,-6.8833149143411525,-19.33691117844105,15.02095384815973,-0.3621594984864577,-36.3539,7.070599999999999,4.1370000000000005,730.5500000000002,-0.049762370816508104,0.009678461433166788,0.00566285675176237,-0.034421326397919366
LYLLIVLLGTLLTFL,Mutant,clash,,LLLLYLLAVLLGTLLTFLILI,0.1645760711954293,LLLLYLLIVLLGTLLTFLILI_0,110011001100110000,1,-71.9327,-77.39,-72.4885,-235.35,-228.094,-247.346,-357.898,4642.78,3913.01,3679.65,-25.0847,118.217,-75.7009,65.8027,-38.0636,-64.5479,45.5312,-48.9334,6.90104,2.3289,1.51186,105.501,-63.2409,39.6737,-45.0,-239.681,6.506,1.34209,0.437196,0,LLLLYLLIVLLGTLLTFLILI,0.1008547002151738,0.0900276303461639,D,14,-95.42296856613636,-92.30650076549853,-93.5636380992339,-89.18116554975938,-95.54858234509187,-92.5176440635513,-37.6373,0.555800000000005,11.99600000000001,729.7699999999995,-0.05157419460926049,0.0007616098222727782,0.016438055825808155,-0.03437343272537925
ALLLGILLGFLLLTL,Mutant,clash,,LLLALLLGILLGFLLGTLILI,0.3512555414253642,LLLALLLGILLGFLLLTLILI_1,110011001100110000,1,-65.2181,-58.6933,-58.6933,-228.595,-230.955,-239.492,-355.641,4610.58,3756.63,3518.19,-24.8534,349495.0,-86.6811,349429.0,-57.4563,-85.4927,48.4664,-55.3167,7.06818,5.86686,5.09386,209545.0,-79.2928,46.8705,-41.4445,350532.0,6.9265,4.72144,3.9245,1,LLLALLLGILLGFLLLTLILI,1.0365053237452246,0.0678724248851602,D,16,-74.43461301371971,-80.77759172520372,-64.27146215029059,-73.136000562902,-65.82974477403074,-74.30766069920773,-29.224800000000002,-6.524800000000006,10.896999999999991,853.9499999999998,-0.03422308097663799,-0.007640728379881735,0.01276070027519175,-0.02910404590432696
SYLLGVLLGTLLILL,Mutant,clash,,LLLSYLLGVLLGTLLGLLILI,0.6667075088456202,LLLSYLLGVLLGTLLILLILI_2,110011001100110000,1,-79.2402,-72.2315,-58.6631,-232.023,-231.817,-252.762,-366.555,4563.83,3632.02,3556.81,-24.8111,16429.2,-80.1022,16366.7,-55.1294,-82.1567,47.0804,-50.6368,7.12404,5.17936,4.38556,12896.1,-84.4885,38.2202,-42.7314,16026.8,6.9435,4.333,3.4063,2,LLLSYLLGVLLGTLLILLILI,0.4373667974153947,0.0530262387082964,D,15,-97.12167614648304,-96.71064541107668,-96.01589410106304,-95.44695535027724,-97.07496366632076,-96.65726228992646,-24.9728,-20.5771,20.739000000000004,931.81,-0.026800313368605187,-0.022082935362359283,0.022256683229413727,-0.0266267801375817
AFLLGLLLGTLLIVL,Mutant,clash,,LLLAFLLGLLLGTLLGVLILI,0.1955870717285077,LLLAFLLGLLLGTLLIVLILI_2,110011001100110000,1,-66.0898,-67.0733,-58.6456,-228.666,-222.068,-238.878,-349.36,4565.48,3627.53,3347.15,-24.6552,10683600.0,-79.2596,10683500.0,-51.8369,-67.6718,60.5316,-46.0243,8.13376,4.82254,4.23051,8446970.0,-70.7932,46.6401,-35.0,10682600.0,7.2306,3.4154,2.615,2,LLLAFLLGLLLGTLLIVLILI,1.3102915165845763,0.0468533914074671,D,14,-89.77824998376921,-91.35499428762203,-84.24468399125283,-86.67500215915432,-85.88135755465696,-88.0592125225911,-27.422700000000006,-7.444199999999995,10.211999999999989,937.9499999999994,-0.029236846313769417,-0.00793667039820886,0.010887573964497037,-0.02628626259395492
FLLLGTLLGILLLVL,Mutant,clash,,LLLFLLLGTLLGILLAVLILI,1.5737380185089436,LLLFLLLGTLLGILLLVLILI_0,110011001100110000,1,-66.3991,-67.2967,-58.7549,-227.332,-220.899,-239.997,-358.205,4645.54,3858.72,3603.35,-24.582,1672.05,-89.0554,1602.04,-59.4533,-64.4163,64.4983,-55.3914,6.97978,4.8697,4.33718,1572.52,-72.0387,50.2766,-42.8887,1313.84,6.71,4.09315,3.3473,0,LLLFLLLGTLLGILLLVLILI,0.1483939474886196,0.122249977889155,D,16,3.4151387341120816,-17.55709893469306,-13.136432930532566,-30.752068277934185,-0.993477243470466,-21.07166261776512,-29.602100000000007,-7.644200000000005,12.66500000000002,786.8200000000002,-0.037622454945222546,-0.009715309727764932,0.016096438829719655,-0.031242215500368566
VFLLGTLLGLLLIIL,Mutant,clash,,LLLVFLLGTLLGLLLAILILI,1.1681726022101917,LLLVFLLGTLLGLLLIILILI_2,110011001100110000,1,-57.3371,-47.8294,-58.7524,-232.484,-226.877,-238.092,-353.726,4595.41,3682.91,3479.35,-24.5532,1018.55,-88.4584,939.533,-56.8813,-88.0776,55.2116,-49.1682,7.22597,7.16521,6.49339,758.413,-81.7774,50.2073,-43.0207,605.418,6.749,5.54459,4.7977,2,LLLVFLLGTLLGLLLIILILI,0.4652264535277086,0.111405327074067,D,15,-41.70456975793598,-49.94623187077421,-32.98324862976326,-42.45790930899841,-33.756189760431575,-43.12157395597613,-31.577099999999994,1.415300000000002,5.608000000000004,912.5,-0.0346050410958904,0.0015510136986301392,0.006145753424657539,-0.026907616438356166
LLLLGILLGTLLGFL,Mutant,clash,,LLLALLLGILLGTLLGFLILI,0.9215609170960508,LLLLLLLGILLGTLLGFLILI_1,110011001100110000,1,-68.5458,-66.4074,-58.7518,-209.763,-207.991,-237.379,-351.654,4551.95,3758.34,3487.29,-24.3605,141.772,-97.706,64.5158,-55.5234,-83.5132,44.5113,-50.8262,6.61946,5.03601,4.20368,96.169,-87.213,39.461,-38.899,-77.1359,6.5512,4.90918,4.00109,1,LLLLLLLGILLGTLLGFLILI,0.32541021587368,0.0188013403878536,D,16,-28.98939943353564,-38.29181188912427,-34.25226788456051,-42.8652428105353,-30.86505272527756,-39.92175397149351,-42.1826,-9.793999999999997,27.615999999999985,793.6099999999997,-0.05315280805433401,-0.012341074331220626,0.03479794861455878,-0.030695807764519106
LVLLGILLGLLLTFL,Mutant,clash,,LLLAVLLGILLGLLLTFLILI,0.7873737985329536,LLLLVLLGILLGLLLTFLILI_0,110011001100110000,1,-56.1646,-57.4251,-58.7585,-235.222,-203.227,-241.698,-360.698,4570.81,3672.81,3555.1,-24.3579,668.789,-93.6689,568.743,-60.2416,-106.168,40.7895,-42.9436,7.75705,7.93176,7.04361,518.194,-106.47,21.0167,-38.4019,308.091,7.4459,5.30775,4.123,0,LLLLVLLGILLGLLLTFLILI,0.2408303399874294,0.0481411229932133,D,16,-24.99560826463645,-34.34440788452156,-29.03068953298668,-37.87654305391726,-21.98675320227569,-31.71058663568115,-33.427299999999995,2.593899999999998,6.475999999999999,898.0000000000005,-0.0372241648106904,0.002888530066815141,0.007211581291759461,-0.027124610244988853
TLLLGVLLGFLLIIL,Mutant,clash,,LLLTLLLGVLLGFLLAILILI,0.7197278338121401,LLLTLLLGVLLGFLLIILILI_0,110011001100110000,1,-49.2647,-51.0755,-44.9524,-231.375,-228.287,-246.217,-351.91,4566.65,3840.37,3555.77,-24.262,487.633,-95.5317,415.086,-60.7404,-88.8849,34.6443,-51.892,7.68156,4.50971,3.52938,479.134,-83.081,35.995,-42.847,135.723,7.4247,3.82147,2.86139,0,LLLTLLLGVLLGFLLIILILI,0.6162758415415198,0.0023584259299721,D,15,-51.67574288390425,-60.42325754992807,-46.28705284586357,-56.01001230817618,-45.94972011228556,-55.73374255229101,-34.7913,-4.3123000000000005,14.842000000000013,726.2799999999997,-0.04790342567604782,-0.0059375172109930084,0.020435644654954038,-0.033405848983862986
YFLLGTLLGILLILL,Mutant,clash,,LLLYFLLGTLLGILLALLILI,0.5503845083845645,LLLYFLLGTLLGILLILLILI_2,110011001100110000,1,-60.385,-67.366,-58.7545,-241.213,-230.617,-251.014,-349.612,4720.13,3788.54,3537.34,-24.1857,776.165,-72.1999,724.535,-39.8444,-67.6606,53.7544,-42.9123,7.64387,3.90592,3.21224,742.127,-62.6538,43.9976,-40.9419,426.552,6.5,1.83774,0.997703,2,LLLYFLLGTLLGILLILLILI,0.5357705131273193,0.1170736844548768,D,15,38.13987166531312,22.468963493445823,10.103592398375458,-2.3868150782437683,39.946971245021466,24.07106149591484,-32.3555,-1.6304999999999978,9.801000000000016,931.5900000000001,-0.03473148058695348,-0.001750233471806264,0.010520722635494171,-0.02596174282678002
AVLLGLLLGFLLLTL,Mutant,clash,,LLLAVLLGLLLGFLLGTLILI,1.3620637692062505,LLLAVLLGLLLGFLLLTLILI_1,110011001100110000,1,-63.5455,-58.754,-58.754,-234.193,-230.406,-238.608,-355.329,4521.16,3780.2,3670.12,-23.793,6660880.0,-81.383,6660810.0,-57.9665,-85.7338,54.7502,-52.8167,7.44911,6.75135,6.07261,5475890.0,-80.2804,39.355,-44.6447,6660520.0,7.3257,3.85498,2.9453,1,LLLAVLLGLLLGFLLLTLILI,0.5968294717559813,0.0880425935665586,D,16,-25.022014616342304,-35.8795648837633,-28.08724164252515,-38.50091686652452,-35.024289900876894,-44.43341225796239,-23.416499999999992,-4.791499999999999,4.414999999999992,740.96,-0.031602920535521474,-0.006466610883178577,0.005958486288058723,-0.03211104513064133
ALLLGLLLGTLLLFL,Mutant,clash,,LLLALLLGLLLGTLLGFLILI,0.8508202480776244,LLLALLLGLLLGTLLLFLILI_1,110011001100110000,1,-58.7075,-55.2558,-58.7075,-233.85,-229.8,-239.476,-360.873,4596.5,3786.93,3370.07,-23.5925,45978.7,-91.9082,45902.9,-62.6899,-72.9196,73.3388,-47.0579,7.71206,7.33868,6.93876,29584.6,-73.8055,53.1891,-35.1152,45637.4,6.5108,4.75136,4.0492,1,LLLALLLGLLLGTLLLFLILI,0.3186803524802689,0.0689371145130843,D,16,39.92900753938108,22.7922985952025,11.521725445092526,-2.136024177460103,24.11819874983072,8.917794744585764,-29.218299999999992,0.0,5.626000000000005,809.5700000000002,-0.036091134799955515,0.0,0.006949368183109556,-0.029142013661573422
TLLLGILLGVLLIFL,Mutant,clash,,LLLTLLLGILLGVLLAFLILI,0.7603730310663714,LLLTLLLGILLGVLLIFLILI_2,110011001100110000,1,-47.3396,-54.1961,-44.9405,-238.206,-230.336,-246.39,-351.908,4574.22,3840.29,3579.19,-23.5798,928.326,-89.9424,860.951,-60.5772,-79.1548,54.6028,-50.5815,7.1413,5.74461,5.06365,872.94,-68.9044,49.4176,-45.0,576.418,6.5,3.50704,2.7483,2,LLLTLLLGILLGVLLIFLILI,0.7317029357568314,0.0476232997478716,D,15,-76.22026430467699,-79.96843141637785,-72.35734898515335,-76.7143896495898,-71.39377234984487,-75.90269217308867,-29.36520000000001,-2.399099999999997,8.183999999999997,733.9300000000003,-0.04001090022209202,-0.0032688403526221796,0.011150927200141695,-0.032128132110691744
AYLLGVLLGLLLIFL,Mutant,clash,15.0,LLLAYLLGVLLGLLLAFLILI,0.8327476443472541,LLLAYLLGVLLGLLLIFLILI_0,110011001100110000,1,-52.7851,-55.1249,-44.9245,-222.553,-221.188,-244.192,-339.378,4581.36,3743.62,3527.51,-23.311,24047.1,-87.351,23984.0,-50.2613,-95.4798,46.1798,-47.4454,6.75701,7.05624,6.24893,21859.2,-91.43,48.2927,-36.5962,23707.7,7.0472,6.73401,5.9584,0,LLLAYLLGVLLGLLLIFLILI,0.3963101958343486,0.1049635691554105,D,14,-30.912146652284,-32.16936497035594,-29.14594822348637,-30.435306735679823,-26.445283400842484,-27.783786952597545,-37.0897,-7.860599999999998,21.63900000000001,837.7399999999998,-0.04427352161768569,-0.009383102155800129,0.02583020985031157,-0.027826055816840556
LYLLGLLLGFLLGTL,Mutant,clash,,LLLAYLLGLLLGFLLGTLILI,0.2934781146909818,LLLLYLLGLLLGFLLGTLILI_2,110011001100110000,1,-72.2486,-62.4838,-58.7779,-211.036,-209.996,-239.393,-338.432,4628.84,3602.73,3453.78,-23.1666,911.035,-78.3142,845.082,-40.2608,-80.3456,54.7781,-44.6036,7.20744,5.94689,5.26856,67.3383,-85.1121,47.6719,-35.0,-276.042,7.4675,5.70252,4.9176,2,LLLLYLLGLLLGFLLGTLILI,0.9297609440059248,0.1109201793739313,D,16,-35.343075552429575,-41.870574073287976,-32.820975750815734,-39.60309514739861,-25.18918839141724,-32.74178181109373,-38.053399999999996,-13.470699999999994,28.357,1026.1100000000001,-0.037085107834442695,-0.013127929754119921,0.027635438695656406,-0.02257711161571371
FYLLGVLLGLLLLTL,Mutant,clash,,LLLFYLLGVLLGLLLATLILI,0.9047707898004412,LLLFYLLGVLLGLLLLTLILI_0,110011001100110000,1,-63.7409,-68.9721,-58.7635,-240.152,-226.497,-244.496,-345.778,4760.81,3724.09,3568.65,-23.0788,14328.3,-64.964,14278.0,-42.518,-77.882,59.1369,-51.072,8.65597,6.16577,5.55283,5864.35,-71.1945,47.5262,-42.4033,13982.6,7.5,3.59521,2.8081,0,LLLFYLLGVLLGLLLLTLILI,0.222475663649402,0.0816107030914247,D,16,-6.067289364334775,-9.685037359973702,-16.32134164157876,-19.544162493923995,-13.00135406113035,-16.35204174850497,-22.445999999999998,-4.977400000000003,4.3440000000000225,1036.7200000000003,-0.02165097615556755,-0.004801103480206808,0.004190138127941992,-0.022261362759472176
ATLLGILLGLLLLFL,Mutant,clash,,LLLATLLGILLGLLLGFLILI,0.8065661860928288,LLLATLLGILLGLLLLFLILI_2,110011001100110000,1,-48.4223,-58.3271,-44.9292,-232.999,-220.306,-240.544,-352.865,4531.44,3847.03,3421.11,-23.0161,223320.0,-94.4602,223245.0,-67.392,-74.186,75.7285,-44.3456,8.3057,7.85125,7.48717,170186.0,-81.6776,47.767,-35.1198,222967.0,6.6099,5.20019,4.4167,2,LLLATLLGILLGLLLLFLILI,0.3101038405580649,0.0562945669206401,D,16,17.34241005131442,7.707327343923547,6.336869799673252,-2.394538860817525,32.122414407291394,21.273733271820163,-27.068200000000004,-3.4930999999999983,7.545000000000016,684.4099999999994,-0.03954968513025822,-0.005103812042489153,0.011024093744977459,-0.033629111205271726
SYLLGILLGLLLLFL,Mutant,clash,,LLLSYLLGILLGLLLGFLILI,0.9144687547119744,LLLSYLLGILLGLLLLFLILI_1,110011001100110000,1,-58.6683,-64.424,-44.9106,-238.346,-231.731,-257.093,-357.623,4626.0,3784.7,3500.87,-22.9313,270926000.0,-83.5396,270926000.0,-55.6193,-81.9611,52.3381,-53.8805,7.15421,5.8598,5.14487,29501.3,-76.6759,45.1821,-43.8075,24383.1,6.5,4.10097,3.2787,1,LLLSYLLGILLGLLLLFLILI,0.1053998922614282,0.0868922357818851,D,17,-77.94839558735853,-75.92604190004484,-71.88539629335295,-69.30700465301925,-75.80782795741722,-73.58916271116433,-27.92029999999999,-13.7577,18.747000000000014,841.3000000000002,-0.03318709140615712,-0.016352906216569593,0.022283370973493415,-0.027256983240223458
YFLLGTLLGVLLLLL,Mutant,clash,,LLLYFLLGTLLGVLLALLILI,0.814982211454125,LLLYFLLGTLLGVLLLLLILI_0,110011001100110000,1,-63.8733,-66.418,-58.7571,-240.267,-227.71,-249.608,-348.462,4743.96,3726.87,3580.98,-22.9178,2389.91,-67.2395,2335.58,-40.0969,-61.4548,77.2387,-49.1498,7.32842,6.14544,5.80402,1969.14,-72.9898,49.7856,-44.4885,2041.45,6.6061,4.16952,3.4163,0,LLLYFLLGTLLGVLLLLLILI,0.3647853233481659,0.0715030644725835,D,17,114.0746085097678,90.15251583653398,32.35878235537447,17.568148941803692,108.82341799238948,85.48812758905585,-27.14260000000001,-5.116199999999999,9.341000000000008,1017.0900000000001,-0.026686527249309307,-0.0050302333126861914,0.009184044676478981,-0.02253271588551652
YTLLIILLGLLLGFL,Mutant,clash,,LLLYTLLAILLGLLLGFLILI,0.039976790771463,LLLYTLLIILLGLLLGFLILI_1,110011001100110000,1,-62.9539,-44.9683,-44.9683,-235.17,-225.506,-250.909,-344.136,4682.8,4191.11,3800.45,-22.8857,525.391,-68.8985,451.729,-48.2589,-71.9864,47.5452,-43.6338,8.95756,3.71655,2.92973,526.432,-69.661,38.6284,-44.2206,159.308,7.0132,2.16398,1.24341,1,LLLYTLLIILLGLLLGFLILI,0.1210516688281459,0.0860121326118972,D,15,-74.54583078863251,-81.62138322579685,-69.88304978503767,-78.25472590315935,-76.34824430677182,-82.92277582059943,-20.6396,-17.985599999999998,15.739000000000004,491.6900000000005,-0.04197685533567894,-0.03657914539648962,0.03201000630478551,-0.04654497752649022
AYLLGVLLGLLLLFL,Mutant,clash,,LLLAYLLGVLLGLLLGFLILI,0.9188080530724,LLLAYLLGVLLGLLLLFLILI_1,110011001100110000,1,-48.7774,-44.9116,-44.9116,-234.809,-230.602,-243.059,-339.39,4615.2,3873.22,3369.76,-22.8091,7430650.0,-78.6128,7430580.0,-51.4195,-80.1958,49.7278,-56.0939,7.65943,5.24262,4.48853,179516.0,-78.3342,38.1851,-39.2997,280935.0,6.6883,3.40512,2.4779,1,LLLAYLLGVLLGLLLLFLILI,0.3188982590049767,0.1258036886029894,D,16,-54.84825989836151,-55.01334360351697,-47.1778989317899,-47.3710269959311,-50.18984196603225,-50.371957769855456,-27.193299999999994,-3.8658,8.25,741.98,-0.03664964015202565,-0.005210113480147713,0.011118898083506294,-0.03074085554866708
AYLLGFLLGTLLLLL,Mutant,clash,,LLLAYLLGFLLGTLLGLLILI,0.6606961452533089,LLLAYLLGFLLGTLLLLLILI_2,110011001100110000,1,-62.5937,-62.5531,-58.6623,-234.241,-222.697,-244.399,-347.746,4635.38,3735.91,3486.78,-22.6609,107885.0,-73.572,107823.0,-44.6849,-97.8195,30.8816,-38.5801,8.63857,5.34194,4.30516,103363.0,-91.134,25.7473,-37.6199,107538.0,7.3707,3.64599,2.5322,2,LLLAYLLGFLLGTLLLLLILI,0.5738418493066173,0.1313308623322383,D,16,-86.16530449707388,-87.44844183236677,-81.24631645923817,-82.98567902925858,-86.12283895278199,-87.40991487315851,-28.887100000000004,-3.9313999999999965,10.157999999999987,899.4700000000003,-0.032115690350984466,-0.004370796135502013,0.011293317175670099,-0.025193614017143425
ALLLGVLLGFLLITL,Mutant,clash,,LLLALLLGVLLGFLLGTLILI,0.4220337058992298,LLLALLLGVLLGFLLITLILI_2,110011001100110000,1,-67.134,-58.7215,-58.7215,-230.358,-230.775,-238.922,-349.297,4574.29,3757.48,3576.0,-22.5877,7384.14,-74.3937,7324.34,-51.6544,-85.3827,46.7364,-51.9141,7.27456,5.61682,4.81786,6025.77,-80.2804,39.355,-44.6447,7008.48,7.3257,3.85498,2.9453,2,LLLALLLGVLLGFLLITLILI,0.9341893917608304,0.0789187955750805,D,14,-41.96690729225818,-48.11957776972067,-36.63226773623558,-43.35051688222673,-28.24341635977885,-35.851051816158034,-22.739299999999993,-8.412500000000001,8.563999999999993,816.81,-0.02783915476059303,-0.0102992127912244,0.010484690442085666,-0.02765355468223945
AFLLGLLLGTLLLVL,Mutant,clash,,LLLAFLLGLLLGTLLGVLILI,0.2662078792417481,LLLAFLLGLLLGTLLLVLILI_2,110011001100110000,1,-63.5959,-60.319,-58.6456,-232.939,-227.076,-238.935,-352.179,4563.57,3664.38,3355.09,-22.3971,2595870.0,-78.0413,2595810.0,-54.5989,-73.946,61.3826,-49.6935,8.19359,5.87855,5.29929,874851.0,-70.7932,46.6401,-35.0,2595890.0,7.2306,3.4154,2.615,2,LLLAFLLGLLLGTLLLVLILI,1.239670709071336,0.0523396308578954,D,16,-83.93912802836377,-86.42678640574356,-77.51435535314688,-80.99714273700214,-83.63153879961199,-86.16683947954218,-23.442400000000006,-4.950299999999999,5.996000000000009,899.1899999999996,-0.02607057462827658,-0.005505288092616689,0.006668223623483371,-0.02490808394221467
ALLLGVLLITLLGFL,Mutant,clash,11.0,LLLALLLGVLLGTLLGFLILI,0.7911521244911535,LLLALLLGVLLITLLGFLILI_2,110011001100110000,1,-58.7067,-54.7161,-58.7067,-241.084,-227.141,-238.933,-350.657,4551.19,4033.36,3544.96,-22.1445,3253040.0,-73.0113,3252980.0,-53.0177,-92.1313,66.9584,-39.2823,9.63797,9.35907,8.86345,2884520.0,-97.484,35.8407,-36.8474,3252690.0,6.7321,5.96109,4.9987,2,LLLALLLGVLLITLLGFLILI,0.2578341160353379,0.1015935893721251,D,14,7.532068079641779,1.4976062047056635,-5.548445033325981,-10.848857437304794,13.400467504223275,7.036684030373001,-19.993600000000008,0.0,-2.1510000000000105,517.8299999999995,-0.03861035474962831,0.0,-0.004153872892648191,-0.04276403452870638
ALLLGTLLGLLLIFL,Mutant,clash,,LLLALLLGTLLGLLLGFLILI,0.9425000249464196,LLLALLLGTLLGLLLIFLILI_2,110011001100110000,1,-51.6199,-51.6199,-58.6905,-236.23,-232.761,-240.36,-359.406,4506.72,3786.98,3354.74,-21.9169,11193700.0,-93.4736,11193600.0,-60.3561,-66.3816,68.5373,-48.6314,8.44648,5.70979,5.23785,9348350.0,-63.8279,50.3554,-37.6016,11195100.0,6.5149,2.87217,2.1275,2,LLLALLLGTLLGLLLIFLILI,0.3549798815182574,0.0228414906397945,D,14,22.72639915213067,14.780820547478893,8.421156747049773,1.401731185047537,37.41613576758285,28.51951111443564,-33.11750000000001,7.070599999999999,4.130000000000024,719.7400000000002,-0.04601314363520159,0.00982382527023647,0.0057381832328341105,-0.030451135132131036
IVLLGFLLGLLLGTL,Mutant,clash,,LLLAVLLGFLLGLLLGTLILI,0.8856814602439574,LLLIVLLGFLLGLLLGTLILI_0,110011001100110000,1,-69.0029,-69.133,-58.7258,-220.609,-207.835,-235.731,-342.866,4554.6,3580.44,3578.49,-21.6899,19.4062,-74.9436,-46.4915,-48.4085,-75.2611,62.1448,-42.2171,6.58442,6.17871,5.61089,19.1669,-73.2945,52.8302,-38.1653,-323.459,6.8167,4.62625,3.9187,0,LLLIVLLGFLLGLLLGTLILI,0.8661494058877298,0.0957819203344944,D,14,1050.767481514082,1072.2194679573545,175.8476578773957,180.98986106983267,1305.8004684331331,1332.006642204307,-26.535100000000007,-10.277099999999997,15.121999999999986,974.1600000000003,-0.02723895458651556,-0.010549704360679965,0.015523117352385625,-0.022265233637184852
AVLLGILLGLLLLFL,Mutant,clash,,LLLAVLLGILLGLLLGFLILI,1.041194799562341,LLLAVLLGILLGLLLLFLILI_0,110011001100110000,1,-44.9348,-56.787,-44.9348,-233.676,-218.858,-239.462,-352.014,4527.11,3853.35,3409.15,-21.531,275544.0,-94.9343,275468.0,-67.6178,-68.8101,67.5388,-44.2878,8.96595,5.93925,5.45234,270624.0,-78.3112,37.3108,-36.9447,275192.0,6.8995,3.28364,2.3433,0,LLLAVLLGILLGLLLLFLILI,0.3699640900363481,0.1336281766272216,D,16,-4.565222187954818,-10.17339058402805,-5.1469951324212175,-10.720975984753606,8.440301633182752,2.067871305136168,-27.31649999999999,0.0,5.786000000000001,673.7599999999998,-0.040543368558537164,0.0,0.008587627641890293,-0.03195648302066018
ITLLGALLGFLLALL,Mutant,clash,,LLLSTLLGALLGFLLALLILI,0.5200431125908667,LLLITLLGALLGFLLALLILI_1,110011001100110000,1,-52.8172,-52.8514,-44.9255,-212.125,-209.56,-234.61,-338.905,4544.27,3661.26,3611.43,-21.4031,13.0691,-95.3656,-63.4242,-59.3699,-76.8038,57.3452,-42.425,6.65386,5.76217,5.12235,15.1231,-68.8242,63.6738,-35.7825,-324.728,6.5843,5.41959,4.8747,1,LLLITLLGALLGFLLALLILI,0.8861058555345664,0.1277313493345031,D,14,-78.12061596562404,-81.79907209892231,-70.32567462062839,-75.31464981397649,-72.59913635872218,-77.2058873879361,-35.9957,-7.8917,22.485000000000014,883.0100000000002,-0.04076477050090032,-0.008937271378580082,0.0254640377798666,-0.024238796842617857
YVLLGLLLGTLLIFL,Mutant,clash,,LLLYVLLGLLLGTLLAFLILI,0.0809321745945106,LLLYVLLGLLLGTLLIFLILI_0,110011001100110000,1,-58.6969,-66.4108,-58.6969,-237.629,-223.329,-249.196,-348.5,4670.24,3847.4,3590.78,-21.2239,261.895,-73.3977,203.136,-40.6071,-66.8064,67.4318,-44.3876,8.33275,5.62426,5.13573,179.785,-67.743,51.6604,-38.5819,-86.6048,7.1139,3.6356,2.91051,0,LLLYVLLGLLLGTLLIFLILI,0.1519661323504603,0.067795333326354,D,15,61.58041755581284,42.05711714812966,14.071147476973628,0.2882564946995892,42.70452177688415,25.461941949891703,-32.7906,0.0,11.567000000000007,822.8399999999997,-0.03985051771911916,0.0,0.014057410918283034,-0.025793471391765115
YTLLLILLGLLLGFL,Mutant,clash,,LLLYTLLAILLGLLLGFLILI,0.0031932714819755,LLLYTLLLILLGLLLGFLILI_0,110011001100110000,1,-60.0918,-46.4984,-44.9683,-235.545,-228.297,-250.81,-347.23,4696.21,4054.65,3788.54,-20.9974,30.0141,-72.5911,-42.4207,-51.4515,-68.7761,53.5839,-40.3952,7.84314,4.05024,3.35399,17.4,-69.661,38.6284,-44.2206,-317.216,7.0132,2.16398,1.24341,0,LLLYTLLLILLGLLLGFLILI,0.1578351881176333,0.0738576953212083,D,17,-71.61167363397233,-77.1236015360774,-67.29203758161692,-73.64267369698284,-72.46277652109228,-77.80945277395985,-21.139599999999994,-15.1235,15.265000000000015,641.56,-0.032950308622732086,-0.023573009539248086,0.02379356568364614,-0.03272866138786708
YALLLFLLGLLLGTL,Mutant,clash,,LLLYALLAFLLGLLLGTLILI,0.6296279206089237,LLLYALLLFLLGLLLGTLILI_2,110011001100110000,1,-58.7014,-63.8815,-58.7014,-241.19,-235.443,-247.056,-345.776,4717.69,4100.82,3536.48,-20.6452,17730.8,-66.5288,17684.4,-40.018,-70.2826,43.0445,-50.5516,8.58197,2.8534,1.99906,17524.0,-66.7471,49.0629,-35.0,17385.0,7.0844,3.13556,2.3715,2,LLLYALLLFLLGLLLGTLILI,0.5595756994774472,0.0560868107417235,D,17,-56.23978003552879,-57.864170593069744,-49.56827240444115,-51.44031103160561,-53.39946952021274,-55.12929313054249,-26.510800000000003,0.0,5.866000000000014,616.8699999999999,-0.04297631591745426,0.0,0.009509296934524316,-0.03346766741777036
YFLLGTLLGLLLIVL,Mutant,clash,,LLLYFLLGTLLGLLLAVLILI,1.0499973911762326,LLLYFLLGTLLGLLLIVLILI_1,110011001100110000,1,-58.7632,-58.7632,-58.7632,-239.904,-240.806,-245.038,-342.68,4672.04,3870.76,3587.42,-20.5885,1886.65,-64.6016,1843.54,-38.8792,-77.9608,60.3467,-46.0463,8.23844,6.34093,5.74613,612.939,-72.0387,50.2766,-42.8887,462.708,6.71,4.09315,3.3473,1,LLLYFLLGTLLGLLLIVLILI,0.2149653931374671,0.1043836801520413,D,15,288.2181570590493,252.9420872907659,75.73861787590135,59.76984456520571,319.9715577675716,281.8101639658641,-25.722400000000007,0.0,5.1340000000000146,801.2799999999997,-0.032101637380191714,0.0,0.00640724840255593,-0.02569451377795528
TYLLLVLLGLLLGFL,Mutant,clash,,LLLTYLLGVLLGLLLGFLILI,0.7527256980605577,LLLTYLLLVLLGLLLGFLILI_1,110011001100110000,1,-48.2449,-49.6586,-44.907,-232.87,-230.457,-250.676,-348.904,4649.24,3877.55,3617.59,-20.4864,30426.2,-88.2756,30357.4,-53.3207,-61.0386,41.8457,-55.1677,7.17911,1.30496,0.432642,29271.7,-69.5064,38.1576,-45.0,30064.8,6.5231,2.07724,1.1496,1,LLLTYLLLVLLGLLLGFLILI,0.3745722057917003,0.0745939785822977,D,17,-97.51022303886349,-96.26960568560553,-96.2829100991296,-94.43074168942007,-97.69117144824322,-96.5407178888612,-34.954899999999995,-3.3379000000000048,17.805999999999983,771.6899999999996,-0.045296556907566524,-0.004325441563322068,0.02307403231867718,-0.02654744780935351
WTLLALLLGILLLFL,Mutant,clash,,LLLWTLLALLLGILLGFLILI,0.2105771869671405,LLLWTLLALLLGILLLFLILI_2,110011001100110000,1,-65.0904,-56.2637,-44.9318,-237.019,-234.821,-252.688,-356.855,4787.95,3763.21,3678.54,-20.4553,1361.5,-75.2012,1295.73,-59.2351,-64.574,48.4621,-51.9752,6.32005,2.72849,1.95542,1220.95,-59.7943,45.2097,-45.0,1659.34,6.5,1.57245,0.750595,2,LLLWTLLALLLGILLLFLILI,0.0700490517968488,0.0499987914691715,D,17,-50.85807802987456,-57.43446145568325,-49.3640875690993,-56.14040322610016,-52.009583199099886,-58.43186724893727,-15.966099999999997,-20.1586,15.668999999999983,1024.7399999999998,-0.015580635087924743,-0.01967191677889026,0.01529070788687861,-0.019961453637020128
ALLLGILLGLLLLFL,Mutant,clash,,LLLALLLGILLGLLLGFLILI,0.8363610594250317,LLLALLLGILLGLLLLFLILI_2,110011001100110000,1,-44.9506,-44.9506,-44.9506,-235.197,-231.552,-240.287,-357.854,4565.03,3921.36,3392.92,-20.3138,613789.0,-98.0205,613708.0,-72.6169,-78.3539,65.2657,-53.544,8.66783,7.06395,6.54294,596789.0,-80.9675,41.2498,-36.7766,613495.0,6.7833,4.21385,3.3326,2,LLLALLLGILLGLLLLFLILI,0.4434909451737499,0.0540432902743235,D,16,9.444823005861588,-3.850034412210981,-0.9833603686876582,-13.011449681276408,7.794425524637686,-5.299949142461429,-25.403599999999997,0.0,5.090000000000003,643.6699999999996,-0.039466807525595435,0.0,0.007907778830767329,-0.03155933941305329
AYLLGLLLGVLLITL,Mutant,clash,,LLLAYLLGLLLGVLLGTLILI,0.5640373129751639,LLLAYLLGLLLGVLLITLILI_1,110011001100110000,1,-69.0663,-59.2902,-58.7113,-228.719,-225.73,-242.368,-356.563,4575.23,3664.16,3343.01,-20.2599,9869760.0,-79.0381,9869690.0,-55.4845,-78.084,55.1662,-50.2635,7.55178,5.66004,4.98753,9613210.0,-78.1031,43.7429,-35.0,9842030.0,7.2077,4.12076,3.2769,1,LLLAYLLGLLLGVLLITLILI,0.5968832398989601,0.112944306648187,D,14,-56.35414961417061,-58.374878440034095,-47.93540712945806,-50.345909449616975,-55.66103718921445,-57.71385594445936,-23.553600000000003,-10.354999999999997,13.649000000000001,911.0699999999997,-0.02585267871842999,-0.011365756747560561,0.014981285740941975,-0.022237479008199154
GLLLGLLLGTLLIFL,Mutant,clash,,LLLGLLLGLLLGTLLGFLILI,0.2950159525403744,LLLGLLLGLLLGTLLIFLILI_1,110011001100110000,1,-63.9288,-68.7163,-58.6416,-224.718,-220.956,-239.728,-355.379,4526.32,3822.2,3385.88,-20.1281,527673.0,-86.8605,527607.0,-57.0096,-83.1016,62.6525,-50.2571,7.18526,7.42332,6.86311,335719.0,-81.7407,58.0906,-35.0,527297.0,6.5862,6.60334,5.9747,1,LLLGLLLGLLLGTLLIFLILI,0.9078964351263192,0.1310460460507644,D,14,62.268683019835215,45.061253579602976,24.44778810797618,11.2509931811374,62.06280798963505,44.87721011905475,-29.850900000000003,-5.287200000000006,15.01000000000002,704.1199999999999,-0.0423946202351872,-0.007508947338521852,0.02131738908140661,-0.028586178492302453
YVLLGILLGFLLLLL,Mutant,clash,,LLLYVLLGILLGFLLALLILI,0.9263898043061228,LLLYVLLGILLGFLLLLLILI_1,110011001100110000,1,-44.9804,-44.9804,-44.9804,-237.797,-231.272,-250.041,-343.615,4705.59,3942.42,3688.08,-20.055,12318.3,-80.8924,12250.9,-48.5935,-71.8541,68.9652,-38.9756,8.6233,6.58842,6.12289,11532.2,-74.3696,52.761,-36.2687,11962.7,7.5,4.77818,4.0696,1,LLLYVLLGILLGFLLLLLILI,0.2602394313514849,0.0688512284840929,D,17,21.084793656262363,14.402356978754131,13.995834557432149,7.704623886567314,42.00582495235569,34.168796829936646,-32.298899999999996,0.0,12.244,763.1700000000001,-0.04232202523684106,0.0,0.01604360758415556,-0.02627854868508982
SYLLGVLLGLLLIFL,Mutant,clash,,LLLSYLLGVLLGLLLGFLILI,0.896535358787333,LLLSYLLGVLLGLLLIFLILI_1,110011001100110000,1,-59.5615,-67.9362,-44.9273,-236.39,-231.368,-255.183,-351.065,4602.75,3817.09,3498.1,-20.0075,263890.0,-75.121,263838.0,-50.9551,-82.9625,51.6794,-54.8281,7.35181,5.9211,5.19629,224342.0,-79.84,40.4327,-45.0,263520.0,6.5,3.93441,3.0409,1,LLLSYLLGVLLGLLLIFLILI,0.2540983310377878,0.0702240954123946,D,15,-64.12721536223486,-61.90362550449474,-60.90717527351768,-58.48398985733154,-63.35616221071781,-61.0847782944789,-24.165899999999993,-14.6342,18.793000000000006,785.6599999999999,-0.03075872514828297,-0.018626632385510274,0.023920016292034735,-0.0254658503678436
ALLLGVLLGLLLIFL,Mutant,clash,,LLLALLLGVLLGLLLGFLILI,0.7386334460423032,LLLALLLGVLLGLLLIFLILI_0,110011001100110000,1,-44.9306,-53.5221,-44.9306,-237.786,-223.135,-238.868,-351.84,4544.12,3782.5,3585.15,-19.9627,5074.57,-89.0865,4999.39,-68.0418,-73.2733,62.8639,-46.0118,9.24096,5.97762,5.42058,3791.92,-77.4724,32.2036,-43.8153,4722.74,7.0393,2.46835,1.4514,0,LLLALLLGVLLGLLLIFLILI,0.6382344360463885,0.0828684882217415,D,14,58.79692268503024,49.0898868983894,24.82380578254304,17.193499544435596,89.57808731966534,77.9894416024874,-21.044700000000006,0.0,1.0819999999999936,761.6199999999999,-0.0276314960216381,0.0,0.0014206559701688424,-0.02621084005146924
VFLLGTLLGILLILL,Mutant,clash,,LLLVFLLGTLLGILLALLILI,0.1600220560704477,LLLVFLLGTLLGILLILLILI_2,110011001100110000,1,-58.7536,-67.6264,-58.7536,-235.292,-225.561,-242.064,-357.051,4621.43,3767.79,3533.5,-19.6807,794.346,-82.6858,730.482,-56.2337,-68.922,62.5657,-47.5819,7.66392,5.28466,4.72315,711.314,-65.0104,55.0216,-43.8705,437.295,6.506,3.67948,3.0048,2,LLLVFLLGTLLGILLILLILI,1.0379634657564158,0.0931693552713288,D,15,-91.19011366547474,-92.38109303518186,-88.76872594260676,-90.2870447029138,-90.61947495231566,-91.88759708063763,-26.4521,0.0,6.771999999999991,853.6400000000003,-0.030987418583946384,0.0,0.00793308654702215,-0.023055034909329454
LVLLGFLLGILLSLL,Mutant,clash,,LLLAVLLGFLLGILLSLLILI,0.254642971740318,LLLLVLLGFLLGILLSLLILI_0,110011001100110000,1,-62.4545,-62.7131,-60.3387,-227.463,-208.142,-240.51,-360.251,4604.6,3674.53,3644.49,-19.5143,108.589,-89.8483,19.1923,-59.4029,-77.8349,78.239,-44.3456,7.40574,8.73749,8.41107,110.951,-78.8188,59.0852,-37.4413,-251.663,7.5,6.29932,5.6856,0,LLLLVLLGFLLGILLSLLILI,1.019793299988585,0.0919043357424304,D,16,-93.4224474169844,-94.1563397498432,-91.27115410502309,-92.24507761170412,-93.54489610401616,-94.26512618918524,-30.445399999999992,-2.1158,13.046999999999997,930.0700000000002,-0.03273452535830635,-0.0022748825357231175,0.01402797638887395,-0.02098153902394443
AFLLGVLLGILLILL,Mutant,clash,,LLLAFLLGVLLGILLGLLILI,0.1665112341955101,LLLAFLLGVLLGILLILLILI_2,110011001100110000,1,-46.1516,-46.0051,-44.9468,-232.887,-229.528,-239.887,-346.562,4591.12,3744.07,3659.94,-19.0642,17330.3,-86.5876,17259.3,-61.7283,-74.2986,54.5384,-46.4307,8.03663,5.00748,4.32555,3434.44,-69.6978,38.4736,-44.8571,17565.0,6.5368,2.1486,1.2257,2,LLLAFLLGVLLGILLILLILI,1.272530101842891,0.0903724812083315,D,14,-96.54479630727658,-96.80242169993988,-94.5263447667734,-94.93446906396989,-95.19217892343944,-95.5506575842814,-24.859299999999998,-1.2047999999999988,7.0,847.0499999999997,-0.029348090431497557,-0.0014223481494598893,0.008263974971961517,-0.022506581665781247
TFLLGVLLGLLLLAL,Mutant,clash,,LLLTFLLGVLLGLLLGALILI,0.4157946613077454,LLLTFLLGVLLGLLLLALILI_0,110011001100110000,1,-52.0291,-55.6525,-44.8802,-224.341,-225.27,-243.218,-349.156,4642.94,3713.46,3456.03,-19.0564,101192.0,-91.8427,101124.0,-61.0579,-74.0047,42.0819,-56.8228,7.68012,3.28177,2.41299,92938.1,-80.3909,36.9211,-40.9331,100843.0,7.1519,3.54298,2.5968,0,LLLTFLLGVLLGLLLLALILI,0.968065728376654,0.0726707955586353,D,17,-80.580188696438,-84.37221870107638,-73.9253937383203,-79.01687932269797,-77.16876729344513,-81.626932108376,-30.784799999999997,-7.148899999999998,18.87699999999998,929.4799999999996,-0.03312045444764816,-0.00769128975341051,0.020309205146963882,-0.020502216292981032
YVLLGILLGFLLILL,Mutant,clash,,LLLYVLLGILLGFLLALLILI,0.9573391614174984,LLLYVLLGILLGFLLILLILI_1,110011001100110000,1,-44.9804,-44.9804,-44.9804,-240.06,-226.702,-250.023,-341.126,4669.47,3954.99,3648.68,-18.9708,557.244,-75.0559,487.801,-46.1218,-70.6805,73.8462,-41.609,8.43911,7.07131,6.679,408.184,-74.3696,52.761,-36.2687,198.549,7.5,4.77818,4.0696,1,LLLYVLLGILLGFLLILLILI,0.2292900742401095,0.0370144912072781,D,15,84.1832980389159,68.00497332419727,16.629325320850572,6.384818265164119,78.18456060900427,62.53315404078849,-28.934099999999994,0.0,9.962999999999994,714.4800000000005,-0.04049672489082966,0.0,0.013944407121262999,-0.026551897883775596
YFLLGLLLGTLLLVL,Mutant,clash,,LLLYFLLGLLLGTLLAVLILI,0.927005888428506,LLLYFLLGLLLGTLLLVLILI_0,110011001100110000,1,-60.0531,-55.2295,-58.7143,-237.035,-229.877,-249.163,-346.911,4754.38,3796.25,3584.96,-18.9609,2971.33,-68.7844,2909.53,-39.0343,-72.5486,59.8411,-47.776,7.35283,5.46084,4.85846,1698.85,-70.4483,55.9363,-39.1281,2624.42,6.6187,4.61865,3.95769,0,LLLYFLLGLLLGTLLLVLILI,0.3088765744532069,0.0796498098200927,D,17,241.3940571043533,206.7008133564356,60.891258284911686,44.541121179620966,150.35097915984065,124.90974091395246,-29.750100000000003,-1.338799999999999,12.128000000000014,958.1300000000001,-0.03105017064490205,-0.001397305167357247,0.01265799004310481,-0.019789485769154496
LYLLGFLLGTLLGLL,Mutant,clash,,LLLAYLLGFLLGTLLGLLILI,0.3639175106914786,LLLLYLLGFLLGTLLGLLILI_0,110011001100110000,1,-58.6623,-58.6623,-58.6623,-232.235,-214.495,-240.127,-338.357,4606.07,3624.97,3537.57,-18.6097,9.17839,-66.0697,-56.021,-39.5674,-96.2833,34.7325,-44.9981,7.86937,5.63139,4.65238,9.29091,-91.134,25.7473,-37.6199,-329.179,7.3707,3.64599,2.5322,0,LLLLYLLGFLLGTLLGLLILI,0.8706204838684476,0.1301040623164546,D,16,-69.51425072899352,-72.6230997667144,-66.34346983606491,-69.77566599050502,-70.35258812011361,-73.37594592163425,-26.502299999999998,0.0,7.891999999999996,981.0999999999999,-0.02701284272755071,0.0,0.008044032208745283,-0.018968198960350627
AILLGVLLGLLLIFL,Mutant,clash,,LLLAILLGVLLGLLLGFLILI,0.8913309048953675,LLLAILLGVLLGLLLIFLILI_2,110011001100110000,1,-44.9261,-55.4108,-44.9261,-234.641,-221.554,-238.673,-348.902,4491.46,3843.86,3478.13,-18.6068,272022.0,-87.941,271950.0,-65.3029,-77.5957,60.0707,-47.2179,9.49417,6.2489,5.64996,265010.0,-83.7055,31.7125,-44.5563,271673.0,7.4442,3.33701,2.3127,2,LLLAILLGVLLGLLLIFLILI,0.3112458752007663,0.1226444767407162,D,14,11.945364949180188,3.895844528248993,-0.132133361367264,-7.313211669231537,27.11547828162488,17.97513880701702,-22.63810000000001,0.0,4.032000000000011,647.5999999999999,-0.034956917850525036,0.0,0.0062260654725139145,-0.028731933292155655
TLLLIILLGVLLAFL,Mutant,clash,,LLLTLLLGILLGVLLAFLILI,1.3285542840933309,LLLTLLLIILLGVLLAFLILI_2,110011001100110000,1,-47.2652,-48.1662,-44.9405,-228.532,-226.163,-245.995,-354.417,4575.22,3819.4,3589.84,-18.2949,1595.19,-96.9151,1515.1,-63.4824,-61.8669,48.1007,-51.5305,7.47922,2.27363,1.49514,1566.55,-68.9044,49.4176,-45.0,1467.19,6.5,3.50704,2.7483,2,LLLTLLLIILLGVLLAFLILI,0.1635216827298721,0.1304405676321499,D,15,-89.11107092997557,-91.8143367113561,-85.34488943014271,-88.983140599847,-88.07963548603178,-91.03896355998356,-33.4327,-2.3247,17.462999999999994,755.8200000000002,-0.04423367997671402,-0.0030757323172183847,0.023104707470032536,-0.024205366357069137
YLLLAFLLGVLLITL,Mutant,clash,,LLLYLLLAFLLGVLLATLILI,1.228412291571559,LLLYLLLAFLLGVLLITLILI_2,110011001100110000,1,-58.7817,-58.7817,-58.7817,-243.288,-240.795,-249.843,-351.859,4653.67,3839.86,3635.26,-18.251,246.817,-68.04,194.534,-43.2347,-77.7123,54.7061,-48.5056,7.36294,5.54218,4.86277,189.507,-60.9105,55.3955,-42.2533,-160.747,6.6842,3.11497,2.4459,2,LLLYLLLAFLLGVLLITLILI,0.1678505187263268,0.0155447851200858,D,15,-39.581110822521495,-50.75182372498753,-38.35667689056875,-49.75377263634897,-38.21392205466093,-49.63741142185779,-24.80530000000001,0.0,6.554999999999978,813.81,-0.03048045612612282,0.0,0.00805470564382347,-0.022426610633931757
LLLLGLLLGVLLGTL,Mutant,clash,,LLLALLLGLLLGVLLGTLILI,0.9263682070936152,LLLLLLLGLLLGVLLGTLILI_2,110011001100110000,1,-68.9376,-59.8757,-58.7166,-206.777,-194.486,-234.975,-365.124,4569.29,3665.17,3465.0,-18.156,1924.86,-107.565,1814.1,-71.4327,-78.1887,58.3652,-45.7414,7.01217,6.1076,5.48308,755.222,-78.1087,59.6093,-35.0,202.491,6.7754,6.26356,5.6577,2,LLLLLLLGLLLGVLLGTLILI,0.3370835081235574,0.1229668186791288,D,16,-7.459336800626017,-24.4713808302444,-16.07700367249838,-31.504834630928524,-3.5109672351887022,-21.24885258223649,-36.1323,-10.221000000000004,28.198000000000008,904.1199999999999,-0.03996405344423307,-0.011304915276733182,0.031188337831261348,-0.020081405123213734
FLLLGLLLGVLLITL,Mutant,clash,,LLLFLLLGLLLGVLLGTLILI,0.4307382893903272,LLLFLLLGLLLGVLLITLILI_2,110011001100110000,1,-58.7224,-58.7224,-58.7224,-234.862,-229.319,-240.045,-358.196,4671.22,3795.7,3571.45,-18.0323,11721.6,-82.6433,11651.5,-59.4285,-73.5593,56.2696,-47.8789,8.0408,5.13029,4.47434,9451.29,-69.6978,38.4736,-44.8571,14172.7,6.5368,2.1486,1.2257,2,LLLFLLLGLLLGVLLITLILI,0.2456400126481788,0.1271774877505364,D,14,52.97901429067664,28.007165356027286,10.22786466352864,-7.765411064712008,44.25026255436863,20.703269641689506,-23.214799999999997,0.0,5.182999999999993,875.5200000000004,-0.026515442251461973,0.0,0.005919910453216363,-0.02059610288742689
TYLLIVLLGLLLGFL,Mutant,clash,7.0,LLLTYLLGVLLGLLLGFLILI,0.8630453971824821,LLLTYLLIVLLGLLLGFLILI_1,110011001100110000,1,-47.9948,-47.9297,-44.907,-233.289,-228.845,-250.543,-345.612,4639.01,3832.24,3565.76,-18.0033,3429.87,-82.3313,3361.03,-50.1617,-60.0259,43.4016,-55.678,7.31284,1.36309,0.514116,1885.33,-69.5064,38.1576,-45.0,3065.75,6.5231,2.07724,1.1496,1,LLLTYLLIVLLGLLLGFLILI,0.2642525066697758,0.0990097661526663,D,15,-96.80393851195517,-97.64501680627278,-95.36593590358036,-96.58544020302968,-96.66060706571632,-97.5394045868935,-32.169599999999996,-3.0878000000000014,17.25400000000002,806.7700000000004,-0.03987456152311065,-0.0038273609578938234,0.021386516603245052,-0.022315281926695327
SYLLIVLLGLLLGFL,Mutant,clash,7.0,LLLSYLLGVLLGLLLGFLILI,0.8677930583243619,LLLSYLLIVLLGLLLGFLILI_0,110011001100110000,1,-62.0911,-53.2146,-44.9273,-229.291,-231.86,-252.552,-346.92,4634.73,3707.91,3540.06,-17.9891,174703.0,-73.5272,174641.0,-49.4402,-87.1492,30.0228,-36.3749,8.94923,3.62546,2.5758,91007.9,-79.84,40.4327,-45.0,174356.0,6.5,3.93441,3.0409,0,LLLSYLLIVLLGLLLGFLILI,0.2828406315007589,0.0633745896433274,D,15,-97.78056797852372,-97.96647684026092,-96.97818145994708,-97.23130155541364,-97.7192490195146,-97.91029421242212,-24.086999999999996,-17.163799999999995,23.260999999999996,926.8199999999997,-0.025988865151809416,-0.018519022032325586,0.02509764571329924,-0.019409486200125167
FYLLGVLLGLLLITL,Mutant,clash,,LLLFYLLGVLLGLLLATLILI,0.9048350579602044,LLLFYLLGVLLGLLLITLILI_1,110011001100110000,1,-63.5718,-63.1107,-58.7635,-234.258,-230.989,-244.49,-343.149,4727.45,3905.05,3560.18,-17.9597,639.731,-63.2785,590.682,-39.8956,-72.4226,55.0092,-52.2784,8.68518,4.78963,4.11477,571.588,-71.1945,47.5262,-42.4033,370.866,7.5,3.59521,2.8081,1,LLLFYLLGVLLGLLLITLILI,0.2224113954896387,0.0941678425899672,D,14,5.44256444885674,-9.191335155958969,-8.612919912187152,-21.29612201536596,14.398143332339115,-1.478660814574054,-23.3829,-4.808300000000003,10.232,822.3999999999996,-0.028432514591439702,-0.005846668287937749,0.01244163424124514,-0.021838156614786004
LYLLGVLLGTLLLFL,Mutant,clash,,LLLLYLLGVLLGTLLAFLILI,0.3525278416232077,LLLLYLLGVLLGTLLLFLILI_2,110011001100110000,1,-67.6376,-52.6565,-58.7368,-227.856,-226.914,-243.167,-346.314,4686.65,3987.89,3545.64,-17.7623,7429.83,-68.5827,7363.09,-44.4108,-62.4331,60.4983,-50.3144,7.22799,4.03224,3.43971,6247.09,-64.5306,55.4034,-39.7316,6723.41,6.5792,3.65905,2.9901,2,LLLLYLLGVLLGTLLLFLILI,0.1295374425281011,0.0833635265610477,D,16,-98.28255045512816,-97.62903536593303,-97.73027579348962,-96.8666119835716,-98.3098607767621,-97.6667376710356,-24.1719,-8.900800000000004,15.311000000000007,698.7599999999998,-0.034592563970461974,-0.012737993016200136,0.021911672104871504,-0.025419743545709552
AILLGVLLGLLLLFL,Mutant,clash,,LLLAILLGVLLGLLLGFLILI,0.939679669400438,LLLAILLGVLLGLLLLFLILI_0,110011001100110000,1,-46.2419,-55.4583,-44.9261,-233.233,-221.567,-238.688,-351.27,4518.1,3900.47,3467.78,-17.6499,125429.0,-89.445,125355.0,-67.655,-81.3948,51.1259,-55.4576,8.71869,5.61122,4.87811,94679.2,-83.7055,31.7125,-44.5563,125078.0,7.4442,3.33701,2.3127,0,LLLAILLGVLLGLLLLFLILI,0.2628971106956958,0.0662332247949164,D,16,-0.915352227923583,-7.04734833725516,-11.669663496926535,-17.136113567160706,4.195813702444359,-2.2524942705702715,-21.789999999999992,-1.315800000000003,5.454999999999984,617.6300000000006,-0.03528002201965574,-0.002130401696808772,0.008832148697440182,-0.028576817835921156
AFLLGVLLILLLGTL,Mutant,clash,,LLLAFLLGVLLGLLLGTLILI,0.7660677644439338,LLLAFLLGVLLILLLGTLILI_1,110011001100110000,1,-58.7167,-59.8604,-58.7167,-240.465,-236.046,-239.043,-349.132,4625.75,3980.16,3383.15,-17.6177,14979200.0,-67.5681,14979200.0,-51.3716,-85.7668,68.7519,-39.523,10.1664,8.64652,8.1778,14848200.0,-83.578,48.738,-35.1079,14985400.0,6.9512,5.61633,4.8474,1,LLLAFLLGVLLILLLGTLILI,0.4503056210232192,0.0709891949934598,D,14,-52.22832937303158,-58.22447816336347,-44.20064448027709,-51.20440285233631,-44.65725249504134,-51.60369887529763,-16.1965,0.0,-1.421999999999997,645.5900000000001,-0.025087904087733696,0.0,-0.0022026363481466513,-0.02728930125931318
AFLLGILLGLLLITL,Mutant,clash,,LLLAFLLGILLGLLLGTLILI,0.2592449254659217,LLLAFLLGILLGLLLITLILI_2,110011001100110000,1,-58.7892,-69.6721,-58.7892,-233.454,-224.425,-240.326,-351.944,4569.33,3901.3,3430.13,-17.474,311455.0,-77.1749,311397.0,-52.8282,-79.0179,62.6236,-51.6584,9.44184,6.80687,6.24623,308551.0,-80.3909,36.9211,-40.9331,311103.0,7.1519,3.54298,2.5968,2,LLLAFLLGILLGLLLITLILI,1.1586242894703005,0.0770183230537272,D,14,-72.12079347312083,-75.97365161360551,-60.01925047441842,-65.54452093445829,-59.09851224050722,-64.75102713257066,-24.34669999999999,0.0,6.871999999999986,668.0299999999997,-0.03644551891382124,0.0,0.010286963160337092,-0.026157507896351972
YTLLLLLLGILLGFL,Mutant,clash,,LLLYTLLALLLGILLGFLILI,0.1405032650074579,LLLYTLLLLLLGILLGFLILI_1,110011001100110000,1,-50.6456,-44.9612,-44.9612,-233.476,-233.681,-250.797,-343.879,4725.18,4019.99,3753.27,-17.4519,3.08635,-77.2099,-62.1512,-48.1214,-61.5848,48.3599,-52.4115,6.78698,2.26631,1.49171,3.84703,-63.2409,39.6737,-45.0,-327.975,6.506,1.34209,0.437196,1,LLLYTLLLLLLGILLGFLILI,0.1237214975273846,0.1112860530766991,D,17,-83.8131099976939,-85.90285834257271,-81.63236303013511,-84.00364861690572,-85.37331194333763,-87.26163620779572,-29.088500000000003,-5.684400000000004,17.320999999999998,705.1900000000005,-0.04124916689119242,-0.00806080630751996,0.024562174733050647,-0.024747798465661715
VFLLGTLLGLLLLIL,Mutant,clash,,LLLVFLLGTLLGLLLAILILI,1.2070232749571508,LLLVFLLGTLLGLLLLILILI_0,110011001100110000,1,-56.4341,-63.9762,-58.7524,-232.185,-221.723,-242.037,-359.124,4646.1,3671.64,3532.36,-17.4443,79784.1,-87.949,79710.6,-58.3346,-81.0513,61.6886,-49.2038,7.35598,6.98565,6.41098,44295.0,-81.7774,50.2073,-43.0207,79424.9,6.749,5.54459,4.7977,0,LLLVFLLGTLLGLLLLILILI,0.4263757807807495,0.1149964446660915,D,17,-32.41832076320132,-47.10809996495428,-33.95707385475189,-48.312384552375335,-23.98509589644093,-40.50794898227677,-29.614399999999996,2.3183000000000007,9.852000000000004,974.4600000000005,-0.030390575292982763,0.0023790612236520734,0.010110214888245797,-0.017901504422962452
AFLLGLLLIVLLGTL,Mutant,clash,11.0,LLLAFLLGLLLGVLLGTLILI,1.067144719738248,LLLAFLLGLLLIVLLGTLILI_1,110011001100110000,1,-58.7316,-59.9344,-58.7316,-240.539,-234.842,-239.078,-348.783,4589.01,3993.09,3362.18,-17.341,10437900.0,-66.8538,10437900.0,-50.974,-88.5005,65.6896,-41.7589,10.5831,8.64317,8.12851,8581140.0,-83.578,48.738,-35.1079,16233000.0,6.9512,5.61633,4.8474,1,LLLAFLLGLLLIVLLGTLILI,0.3022153102746646,0.0533309652866433,D,14,-31.205489979864016,-36.69238891170959,-24.20888164765927,-30.253814683872747,-13.703009605816655,-20.585867907688986,-15.87980000000001,0.0,-1.4609999999999843,595.9200000000001,-0.02664753658209157,0.0,-0.002451671365283904,-0.029099543562894348
GYLLATLLGFLLLLL,Mutant,clash,,LLLGYLLATLLGFLLSLLILI,0.7277050471537936,LLLGYLLATLLGFLLLLLILI_2,110011001100110000,1,-62.005,-61.7226,-58.8178,-233.617,-233.197,-248.643,-352.871,4635.16,3924.06,3690.95,-17.1664,5869.84,-74.4161,5811.88,-45.4106,-79.6815,67.1977,-49.4224,8.22756,7.52391,7.03187,4862.36,-78.9601,51.8199,-41.3257,5537.71,7.4908,5.3397,4.617,2,LLLGYLLATLLGFLLLLLILI,0.3391075737387388,0.1207726457063884,D,16,-91.12701941968014,-91.767759895546,-87.32047437690407,-88.23609514356227,-90.16158782120117,-90.8720445661635,-29.005499999999998,-3.1872000000000043,15.02600000000001,711.0999999999999,-0.040789621712839265,-0.004482070032344262,0.02113064266629168,-0.02414062719729996
AVLLGFLLGLLLITL,Mutant,clash,,LLLAVLLGFLLGLLLGTLILI,0.816395758434128,LLLAVLLGFLLGLLLITLILI_0,110011001100110000,1,-58.7258,-69.133,-58.7258,-234.017,-218.85,-238.617,-349.402,4553.82,3800.49,3488.88,-17.1518,938.739,-73.8116,877.32,-52.0592,-74.2346,71.2935,-42.3806,8.61322,7.2598,6.8292,873.61,-73.2945,52.8302,-38.1653,589.337,6.8167,4.62625,3.9187,0,LLLAVLLGFLLGLLLITLILI,0.9354351076975592,0.0767139825967204,D,14,-70.14486056393172,-73.99011163296662,-59.736015461792014,-64.92189409152309,-63.43788403261137,-68.14697326030831,-21.7524,0.0,4.599999999999994,753.3299999999999,-0.028874995022101873,0.0,0.006106221708945608,-0.022767976849455092
FYLLGVLLGILLILL,Mutant,clash,,LLLFYLLGVLLGILLALLILI,0.6389741355297944,LLLFYLLGVLLGILLILLILI_2,110011001100110000,1,-44.9467,-56.6541,-44.9467,-233.263,-226.18,-242.894,-338.965,4716.98,3777.7,3545.84,-16.8371,1006.02,-77.5931,949.886,-51.1245,-60.5724,60.4437,-43.045,8.29794,3.74576,3.15241,856.234,-62.6538,43.9976,-40.9419,667.051,6.5,1.83774,0.997703,2,LLLFYLLGVLLGILLILLILI,0.2234462887045974,0.0570318657948986,D,14,-81.73169078239734,-83.9449675637624,-77.77798062159181,-80.47026478097555,-82.52587098786964,-84.64292974554932,-26.46860000000001,0.0,9.631,939.2799999999997,-0.028179669534111253,0.0,0.010253598500979476,-0.017925538710501666
AFLLGVLLITLLGLL,Mutant,clash,11.0,LLLAFLLGVLLGTLLGLLILI,1.8710309795099047,LLLAFLLGVLLITLLGLLILI_0,110011001100110000,1,-58.6941,-54.6687,-58.6941,-241.123,-226.791,-239.057,-349.34,4601.13,3960.63,3521.73,-16.807,5344310.0,-66.3297,5344240.0,-51.5885,-92.5766,66.2541,-38.3894,9.65278,9.33079,8.8246,4365010.0,-97.484,35.8407,-36.8474,5343960.0,6.7321,5.96109,4.9987,0,LLLAFLLGVLLITLLGLLILI,0.4614672033035153,0.0897382352813157,D,14,-49.88758598001032,-55.20976754127355,-44.04232691080124,-49.9853033518829,-46.88212723550919,-52.52350310073752,-14.7412,0.0,-2.0660000000000025,640.5,-0.023015144418423106,0.0,-0.003225604996096803,-0.026240437158469944
YFLLGVLLGLLLITL,Mutant,clash,,LLLYFLLGVLLGLLLATLILI,0.8362827408425426,LLLYFLLGVLLGLLLITLILI_1,110011001100110000,1,-58.7393,-69.7647,-58.7393,-239.98,-223.395,-249.593,-345.664,4719.41,3971.78,3586.36,-16.7623,663.074,-63.7075,610.57,-37.3321,-74.0137,61.3368,-46.9308,8.53732,5.88252,5.30257,567.84,-72.6747,50.248,-40.0011,315.822,7.1385,4.18468,3.4384,1,LLLYFLLGVLLGLLLITLILI,0.4242310204618096,0.0144176432107023,D,15,1074.3331789542783,1057.5885043377384,153.50219290620316,149.88753583028404,1112.321799186028,1095.0354494330688,-26.375400000000006,0.0,9.613,747.6299999999997,-0.035278680630793334,0.0,0.012857964501156996,-0.022420582373634028
ALLLIVLLGLLLGFL,Mutant,clash,,LLLALLLGVLLGLLLGFLILI,1.145212607778996,LLLALLLIVLLGLLLGFLILI_1,110011001100110000,1,-49.0312,-44.9306,-44.9306,-222.497,-222.269,-238.715,-350.22,4563.81,3941.43,3584.02,-16.6664,33222.0,-95.358,33138.9,-66.5744,-64.3178,42.647,-56.6101,7.98602,1.90502,1.04472,33167.5,-77.4724,32.2036,-43.8153,34446.9,7.0393,2.46835,1.4514,1,LLLALLLIVLLGLLLGFLILI,0.2316552743096959,0.0830417050097769,D,14,-67.17713711902505,-72.93621057062444,-61.19654108320432,-68.00496516517175,-67.94686748722201,-73.57088465977442,-28.783600000000007,-4.1006,16.21799999999999,622.3800000000006,-0.04624763006523343,-0.006588579324528417,0.02605803528391011,-0.026778495452938693
YFLLIVLLGLLLATL,Mutant,clash,,LLLYFLLGVLLGLLLATLILI,1.142268798320997,LLLYFLLIVLLGLLLATLILI_0,110011001100110000,1,-58.7393,-65.9758,-58.7393,-241.555,-224.749,-250.717,-349.287,4743.65,4056.29,3673.5,-16.6209,8484.16,-65.6134,8425.6,-39.8312,-74.0114,60.3258,-50.3861,8.70751,5.7457,5.15058,4380.19,-72.6747,50.248,-40.0011,8134.87,7.1385,4.18468,3.4384,0,LLLYFLLIVLLGLLLATLILI,0.1182449629833553,0.0976458706514276,D,15,-89.14984113395224,-91.27426138736573,-86.44601153378633,-89.09983144256758,-89.31567562444259,-91.40762610901106,-25.782199999999996,0.0,9.162000000000006,687.3599999999997,-0.03750902001862198,0.0,0.013329259776536328,-0.024180778631284927
SYLLGVLLGTLLLLL,Mutant,clash,,LLLSYLLGVLLGTLLGLLILI,0.7706160603207305,LLLSYLLGVLLGTLLLLLILI_2,110011001100110000,1,-77.6198,-48.2722,-58.6631,-230.529,-230.975,-253.884,-371.536,4600.41,3860.13,3590.57,-16.6088,8776530.0,-79.995,8776440.0,-58.9883,-81.3612,46.0189,-57.5691,7.28555,4.91673,4.10701,8637960.0,-84.4885,38.2202,-42.7314,8776110.0,6.9435,4.333,3.4063,2,LLLSYLLGVLLGTLLLLLILI,0.3334582459402845,0.1111215950224326,D,17,-98.13200188695711,-98.1224180275269,-97.31365253274102,-97.2998700902818,-98.19006289699944,-98.18077692253748,-21.006700000000002,-18.956699999999998,23.35499999999999,740.2799999999997,-0.0283766953044794,-0.02560747284811153,0.031548873399254336,-0.022435835089425628
ALLLGVLLGFLLLTL,Mutant,clash,,LLLALLLGVLLGFLLGTLILI,0.28452758997966,LLLALLLGVLLGFLLLTLILI_1,110011001100110000,1,-58.7215,-58.7215,-58.7215,-229.391,-228.527,-238.003,-351.863,4618.12,3870.23,3644.32,-16.5474,2467410.0,-80.2978,2467350.0,-55.1391,-78.7493,55.3889,-50.2733,8.37044,5.78989,5.12073,2072290.0,-80.2804,39.355,-44.6447,2467050.0,7.3257,3.85498,2.9453,1,LLLALLLGVLLGFLLLTLILI,1.0716955076804002,0.0760197764504995,D,16,-72.1765443056314,-77.46220476459781,-61.31950502919064,-68.66769229414771,-63.449638848513466,-70.39316163811635,-25.158699999999996,0.0,8.611999999999995,747.8899999999999,-0.03363957266442926,0.0,0.011515062375483021,-0.022125446255465378
ALLLGILLITLLGFL,Mutant,clash,,LLLALLLGILLGTLLGFLILI,1.0622941930205687,LLLALLLGILLITLLGFLILI_0,110011001100110000,1,-58.7518,-61.4479,-58.7518,-237.353,-218.584,-239.477,-354.454,4557.6,4007.92,3505.8,-16.3619,9253150.0,-74.7109,9253070.0,-56.2253,-83.2253,69.5602,-40.3276,9.77049,8.37442,7.91783,5750970.0,-87.213,39.461,-38.899,9252790.0,6.5512,4.90918,4.00109,0,LLLALLLGILLITLLGFLILI,0.1846769399491621,0.0546714406890629,D,14,5.990527103499299,-1.257207478238113,-2.2411782376077287,-8.926020860055656,16.160519336915772,8.217350866693625,-18.485599999999998,0.0,2.1239999999999952,549.6800000000003,-0.0336297482171445,0.0,0.0038640663658855955,-0.029766227623344473
VFLLGTLLGILLLLL,Mutant,clash,,LLLVFLLGTLLGILLALLILI,0.3006221401641357,LLLVFLLGTLLGILLLLLILI_2,110011001100110000,1,-58.7536,-58.7536,-58.7536,-235.938,-232.182,-242.081,-359.584,4654.62,3797.41,3570.78,-16.2804,3959.33,-81.1727,3890.68,-58.7493,-68.645,64.151,-53.9181,7.93791,5.45713,4.91939,3229.92,-65.0104,55.0216,-43.8705,3570.92,6.506,3.67948,3.0048,2,LLLVFLLGTLLGILLLLLILI,0.8973633816627279,0.0620605957319561,D,17,-77.2852336094484,-81.88989939512821,-72.01278515030293,-77.68626505492018,-78.00084413251233,-82.46044361045341,-22.423400000000008,0.0,6.143000000000001,857.21,-0.02615858424423421,0.0,0.00716627197536193,-0.018992312268872272
YFLLGTLLIVLLALL,Mutant,clash,11.0,LLLYFLLGTLLGVLLALLILI,1.1128535004996447,LLLYFLLGTLLIVLLALLILI_2,110011001100110000,1,-58.7571,-58.3084,-58.7571,-244.24,-228.899,-250.79,-348.976,4768.71,4016.26,3624.6,-16.2511,3415870.0,-62.2303,3415810.0,-39.4284,-74.7341,65.7394,-36.164,9.85246,6.58492,6.07101,3230280.0,-72.9898,49.7856,-44.4885,3415520.0,6.6061,4.16952,3.4163,2,LLLYFLLGTLLIVLLALLILI,0.0669140343026463,0.0612991686756025,D,15,-47.28924553910606,-57.797561493359126,-44.4711746025893,-55.54129582950994,-44.44880261874833,-55.52338388190121,-22.801899999999996,0.0,6.549999999999983,752.4499999999998,-0.030303541763572334,0.0,0.0087048973353711,-0.021597581234633536
AFLLGTLLIVLLGLL,Mutant,clash,11.0,LLLAFLLGTLLGVLLGLLILI,1.041115237016623,LLLAFLLGTLLIVLLGLLILI_2,110011001100110000,1,-58.6867,-58.6867,-58.6867,-240.297,-235.869,-239.045,-349.341,4607.98,3962.03,3455.63,-16.2411,2087950.0,-66.5989,2087890.0,-51.6091,-97.3195,54.4201,-45.037,9.4952,8.44464,7.76094,1486330.0,-94.1397,39.8563,-36.5769,2116420.0,6.9528,6.00156,5.0994,2,LLLAFLLGTLLIVLLGLLILI,0.360820997463144,0.0574123862769878,D,14,-46.561464376208406,-54.387721217085215,-43.66373812819972,-51.914376917547614,-40.12932230883368,-48.89758841827792,-14.989800000000002,0.0,-1.2520000000000095,645.9499999999994,-0.023205820883969375,0.0,-0.0019382305131976326,-0.025142967721959928
YTLLGVLLGLLLIFL,Mutant,clash,,LLLYTLLGVLLGLLLGFLILI,0.8759636799991428,LLLYTLLGVLLGLLLIFLILI_2,110011001100110000,1,-44.9603,-60.0107,-44.9603,-242.456,-230.633,-250.607,-342.271,4703.51,3993.54,3611.16,-16.1476,25481.4,-71.0019,25429.8,-46.7031,-65.1555,70.2053,-39.5081,8.492,5.75105,5.30413,21035.0,-73.0429,33.6524,-45.0,25127.4,6.7424,1.99951,1.0043,2,LLLYTLLGVLLGLLLIFLILI,0.1633931999806419,0.0570031701827472,D,15,397.6557239344858,369.5530980541202,101.985860710927,90.57971625466412,368.1766014674947,341.7386620563646,-24.298800000000007,0.0,8.15100000000001,709.9700000000003,-0.034225108103159284,0.0,0.011480766792963094,-0.02274405960815245
LFLLLTLLGILLAVL,Mutant,clash,,LLLLFLLGTLLGILLAVLILI,1.3550491188699827,LLLLFLLLTLLGILLAVLILI_0,110011001100110000,1,-58.7574,-62.1442,-58.7574,-230.491,-210.847,-243.048,-361.956,4620.35,3752.63,3654.57,-16.034,93082.4,-88.741,92993.4,-60.1507,-67.5625,71.8889,-48.2342,7.97564,6.33938,5.91771,92543.0,-67.5072,53.2475,-44.4028,92720.4,6.6409,3.81449,3.1132,0,LLLLFLLLTLLGILLAVLILI,0.1458093372812956,0.0732735477741494,D,16,-58.28804502501123,-67.28679001515631,-59.39862796541839,-68.15778090870013,-63.14984599757311,-71.09972844528505,-28.5903,0.0,12.556999999999988,867.7200000000003,-0.03294876227354445,0.0,0.014471258009496132,-0.018478310975890835
AFLLLVLLGILLGLL,Mutant,clash,,LLLAFLLGVLLGILLGLLILI,1.1662230847718902,LLLAFLLLVLLGILLGLLILI_2,110011001100110000,1,-51.1053,-51.6521,-44.9468,-215.284,-217.207,-239.778,-348.975,4595.38,3735.39,3658.26,-16.0226,8654.33,-98.6083,8574.21,-64.2511,-60.8713,46.4354,-51.3189,7.19082,1.89948,1.09601,8566.84,-69.6978,38.4736,-44.8571,9383.1,6.5368,2.1486,1.2257,2,LLLAFLLLVLLGILLGLLILI,0.272818251266511,0.0430040775295957,D,16,-57.64557781368992,-66.99745121635753,-55.84711267473658,-65.59608790126141,-69.79949286722919,-76.46777695241077,-34.357200000000006,-6.1584999999999965,24.494,859.9900000000002,-0.03995069710112908,-0.007161129780578838,0.02848172653170385,-0.018631146873800852
YFLLAALLGLLLITL,Mutant,clash,,LLLYFLLAALLGLLLGTLILI,0.1314131561961474,LLLYFLLAALLGLLLITLILI_2,110011001100110000,1,-58.6834,-66.7585,-58.6834,-236.312,-222.69,-247.876,-344.693,4744.39,4140.32,3732.16,-15.8942,13815.5,-65.5914,13760.2,-38.1339,-64.947,76.7074,-56.9767,8.08725,6.59754,6.24815,12157.2,-60.9139,62.9834,-44.4576,13470.8,6.862,4.13985,3.5846,2,LLLYFLLAALLGLLLITLILI,0.1137500919220063,0.0955839056594967,D,15,-24.22653877130544,-34.36320006372736,-28.509630969199414,-38.07331784300226,-18.632194482710062,-29.51724409324688,-27.457499999999996,0.0,11.563999999999993,604.0700000000006,-0.04545416921879909,0.0,0.01914347674938332,-0.0263118512755144
ALLLGILLGFLLITL,Mutant,clash,,LLLALLLGILLGFLLGTLILI,0.3770974977559629,LLLALLLGILLGFLLITLILI_0,110011001100110000,1,-59.1568,-68.8587,-58.6933,-230.098,-222.258,-239.476,-353.094,4574.17,3813.68,3470.96,-15.6318,7376.11,-79.4712,7314.13,-54.9253,-78.4905,61.2321,-49.47,7.88705,6.53991,5.95839,6442.79,-79.2928,46.8705,-41.4445,7023.01,6.9265,4.72144,3.9245,0,LLLALLLGILLGFLLITLILI,1.010663367414626,0.0998018051954097,D,14,-42.14986403569136,-49.947269657540176,-35.07637479688051,-43.82718984184319,-29.13187704676588,-38.68392893245801,-24.545899999999996,-0.46349999999999625,9.377999999999986,760.4900000000002,-0.03227642704046074,-0.0006094754697629109,0.012331523096950629,-0.02055490538994595
AFLLGTLLILLLGVL,Mutant,clash,11.0,LLLAFLLGTLLGLLLGVLILI,1.1529468355205348,LLLAFLLGTLLILLLGVLILI_2,110011001100110000,1,-58.7586,-58.7586,-58.7586,-238.84,-231.817,-239.034,-348.778,4626.06,3907.82,3411.77,-15.6252,4121850.0,-66.8047,4121790.0,-50.9852,-91.5825,58.0101,-40.8831,9.81075,8.06874,7.43889,2260130.0,-94.1397,39.8563,-36.5769,3265930.0,6.9528,6.00156,5.0994,2,LLLAFLLGTLLILLLGVLILI,0.3212402894263171,0.0958328753153672,D,14,-43.58723208774362,-52.098788487111705,-37.60606824104824,-47.02006242709242,-38.03409679272264,-47.38351004624135,-15.819499999999998,0.0,0.1939999999999884,718.2400000000002,-0.022025367565159267,0.0,0.00027010470037868724,-0.02175484517709957
YALLASLLLILLTLL,Mutant,clash,,LLLYALLASLLGILLTLLILI,-0.0042213886208345,LLLYALLASLLLILLTLLILI_2,110011001100110000,1,-74.1286,-53.2525,-74.119,-244.765,-228.859,-250.559,-385.074,4664.26,3980.3,3688.04,-15.5339,451714.0,-81.7147,451611.0,-60.3967,-63.8363,92.3605,-49.8872,8.3868,8.54412,8.42953,412704.0,-63.07,66.418,-42.249,451329.0,7.1117,4.92693,4.4232,2,LLLYALLASLLLILLTLLILI,0.260941044979122,0.1466959841962941,D,17,-24.00890313885598,-39.01020733132496,-26.69057800377736,-41.16249622794677,-21.2015049675533,-36.75701400370348,-21.31799999999999,-0.009600000000006048,5.794000000000011,683.96,-0.031168489385344157,-1.403590853267157e-05,0.008471255628984167,-0.022711708287034327
AFLLGILLGLLLLTL,Mutant,clash,,LLLAFLLGILLGLLLGTLILI,0.29162947490822,LLLAFLLGILLGLLLLTLILI_2,110011001100110000,1,-58.7892,-69.7233,-58.7892,-230.91,-224.441,-240.334,-354.7,4606.75,3900.73,3452.85,-15.4887,96723.7,-80.489,96663.1,-55.5761,-77.5188,52.102,-54.5803,9.12775,5.16159,4.44312,94542.4,-80.3909,36.9211,-40.9331,96369.0,7.1519,3.54298,2.5968,2,LLLAFLLGILLGLLLLTLILI,1.1262397400280022,0.0956038766773527,D,16,-76.84936408139883,-81.99419998045262,-66.43145734197398,-73.89149619158353,-65.7730082531884,-73.37937623697786,-24.912900000000008,0.0,9.424000000000007,706.02,-0.03528639415314015,0.0,0.013348063794226803,-0.02193804708081924
ALLLGLLLGVLLLTL,Mutant,clash,,LLLALLLGLLLGVLLGTLILI,0.6037266645854377,LLLALLLGLLLGVLLLTLILI_2,110011001100110000,1,-58.7166,-58.7166,-58.7166,-226.982,-223.457,-237.006,-371.647,4556.29,3797.72,3410.62,-15.474,210448.0,-101.422,210358.0,-75.9236,-72.6235,80.0046,-46.1536,8.43758,8.19414,7.89421,200455.0,-78.1087,59.6093,-35.0,211244.0,6.7754,6.26356,5.6577,2,LLLALLLGLLLGVLLLTLILI,0.659725050631735,0.0677277026405339,D,16,14.03197022561585,1.1032684851290375,-0.7771223538667321,-12.026800741266053,6.802158836266958,-5.306842298258834,-25.498400000000004,0.0,10.024000000000001,758.5700000000002,-0.033613773283942154,0.0,0.013214337503460457,-0.02039890847252066
ALLLGFLLGILLITL,Mutant,clash,,LLLALLLGFLLGILLGTLILI,0.0766850368553098,LLLALLLGFLLGILLITLILI_2,110011001100110000,1,-58.7265,-58.7265,-58.7265,-232.986,-229.997,-239.459,-355.559,4504.07,3748.07,3385.73,-15.4562,21083.7,-79.3035,21016.8,-57.3742,-72.5363,65.8291,-42.9245,8.73908,6.26738,5.75481,13607.2,-68.1464,52.7276,-38.529,20688.8,6.6534,3.84019,3.1311,2,LLLALLLGFLLGILLITLILI,1.0934651240012971,0.0412293341287136,D,14,-84.3690047217197,-87.04740050264131,-78.45011403587789,-82.14272110395426,-81.3397898234568,-84.53724637169154,-21.929299999999998,0.0,6.473000000000013,755.9999999999995,-0.029007010582010596,0.0,0.008562169312169335,-0.02044470899470901
ALLLGILLGLLLIFL,Mutant,clash,,LLLALLLGILLGLLLGFLILI,0.7887543685841638,LLLALLLGILLGLLLIFLILI_1,110011001100110000,1,-44.9506,-61.7458,-44.9506,-231.553,-223.976,-240.302,-355.532,4534.85,3814.08,3386.64,-15.3847,4616970.0,-94.4132,4616900.0,-70.2789,-78.1009,59.1028,-50.1855,8.3572,6.194,5.58054,4580050.0,-80.9675,41.2498,-36.7766,13595100.0,6.7833,4.21385,3.3326,1,LLLALLLGILLGLLLIFLILI,0.4910976360146177,0.1175042242506267,D,14,56.2484965559378,40.03718500586608,19.244005439604106,6.872035370965344,70.08256152324789,52.43591880434981,-24.13430000000001,0.0,8.748999999999995,720.7700000000004,-0.03348405177795968,0.0,0.012138407536384685,-0.021344811798493266
LFLLAVLLGILLLTL,Mutant,clash,,LLLLFLLAVLLGILLSTLILI,0.3871936129530579,LLLLFLLAVLLGILLLTLILI_2,110011001100110000,1,-58.8277,-58.8277,-58.8277,-230.597,-229.61,-243.246,-361.092,4674.15,3997.14,3683.4,-15.3195,4957.92,-86.9863,4885.27,-59.0176,-64.6444,53.8605,-48.3648,7.06416,3.46783,2.77574,97.0891,-61.5797,48.2683,-39.5794,-266.684,6.5,2.25318,1.47721,2,LLLLFLLAVLLGILLLTLILI,0.1327287471242913,0.1014734594546374,D,16,-53.785875385963024,-61.11526377574476,-48.58829514775335,-56.74200044434765,-57.23697341666279,-64.01903048621594,-27.9687,0.0,12.649000000000001,677.0099999999998,-0.0413120928789826,0.0,0.01868362358015392,-0.022628173882217405
TLLLGVLLIFLLAIL,Mutant,clash,11.0,LLLTLLLGVLLGFLLAILILI,1.0937071307477466,LLLTLLLGVLLIFLLAILILI_2,110011001100110000,1,-44.9169,-50.8448,-44.9169,-242.271,-230.267,-247.889,-354.22,4619.11,4022.61,3580.77,-15.2464,342784.0,-82.279,342711.0,-61.4147,-87.5642,64.3991,-34.3093,9.61647,8.32852,7.79451,180984.0,-85.9497,42.6517,-45.0,342429.0,6.5506,5.15043,4.2902,2,LLLTLLLGVLLIFLLAILILI,0.2422965446059132,0.0469468060251394,D,15,-52.109103643432896,-59.11550527081493,-48.22164134395006,-55.79677574214288,-49.060541648825954,-56.512945571950354,-20.864299999999993,0.0,5.618000000000023,596.4999999999995,-0.03497787091366305,0.0,0.00941827326068739,-0.025559765297569172
AYLLGFLLGTLLILL,Mutant,clash,,LLLAYLLGFLLGTLLGLLILI,0.3948980541415069,LLLAYLLGFLLGTLLILLILI_0,110011001100110000,1,-62.2164,-58.9965,-58.6623,-229.466,-222.683,-244.731,-345.542,4603.53,3910.38,3476.36,-15.2192,512983.0,-69.0784,512919.0,-42.148,-101.839,24.4544,-38.3064,9.31349,5.07716,3.94398,426187.0,-91.134,25.7473,-37.6199,512637.0,7.3707,3.64599,2.5322,0,LLLAYLLGFLLGTLLILLILI,0.8396399404184193,0.0667851409237475,D,14,-70.97346317871835,-71.4445165385899,-61.402632100951095,-62.02900444233613,-67.12132221385745,-67.65488954001333,-26.9304,-3.5540999999999983,15.264999999999986,693.1499999999996,-0.03885219649426533,-0.005127461588400779,0.02202265022001009,-0.021956575055904218
YALLAFLLGLLLITL,Mutant,clash,,LLLYALLAFLLGLLLGTLILI,0.9092539763481968,LLLYALLAFLLGLLLITLILI_2,110011001100110000,1,-58.7014,-60.7948,-58.7014,-244.905,-233.267,-248.252,-347.635,4678.23,3986.82,3537.95,-15.0497,15564600.0,-59.0783,15564500.0,-40.6814,-62.6618,62.6806,-45.0742,9.8,4.36114,3.80135,2299910.0,-66.7471,49.0629,-35.0,15491700.0,7.0844,3.13556,2.3715,2,LLLYALLAFLLGLLLITLILI,0.2799496437381741,0.1001262001276781,D,15,-8.384348480587956,-20.37425483239524,-16.5043402338413,-27.43156854882508,-6.637060684469281,-18.855637756810378,-18.396900000000002,0.0,3.3470000000000084,691.4099999999994,-0.026607801449212504,0.0,0.004840832501699442,-0.02176667968354524
LFLLIVLLGILLSTL,Mutant,clash,,LLLLFLLAVLLGILLSTLILI,0.3896661505320629,LLLLFLLIVLLGILLSTLILI_0,110011001100110000,1,-74.2287,-77.7387,-74.1115,-234.645,-219.415,-245.435,-373.678,4619.28,4032.14,3753.34,-14.9651,82.2287,-79.7693,5.70445,-54.1314,-62.4527,62.9015,-37.8122,7.89077,4.3596,3.80313,64.7729,-61.5797,48.2683,-39.5794,-291.449,6.5,2.25318,1.47721,0,LLLLFLLIVLLGILLSTLILI,0.1302562095452863,0.0748849935153775,D,14,-62.17836760505608,-69.2473156783678,-59.03012263990001,-66.68748477076386,-63.82112919122618,-70.58304143308024,-25.637900000000002,-0.11719999999999686,10.789999999999992,587.1399999999999,-0.04366573559968663,-0.00019961167694246157,0.018377218380624713,-0.025488128896004367
LFLLGTLLGILLIVL,Mutant,clash,,LLLLFLLGTLLGILLAVLILI,1.3325394887709832,LLLLFLLGTLLGILLIVLILI_2,110011001100110000,1,-58.7574,-67.9646,-58.7574,-230.669,-218.591,-241.804,-353.865,4642.74,3884.89,3540.4,-14.8748,957.658,-79.3131,890.349,-53.3036,-69.4148,64.4286,-47.5208,8.28548,5.61009,5.07652,959.023,-67.5072,53.2475,-44.4028,603.793,6.6409,3.81449,3.1132,2,LLLLFLLGTLLGILLIVLILI,0.1683189673802951,0.0945337806917461,D,14,-39.89474205091332,-50.18354305338792,-38.75255691442583,-49.23687684450006,-38.20226513240237,-48.78078385359289,-26.009500000000003,0.0,11.134999999999991,757.8499999999999,-0.0343201161179653,0.0,0.01469288117701391,-0.019627630797651254
VFLLLTLLGILLALL,Mutant,clash,,LLLVFLLGTLLGILLALLILI,1.0167183453088104,LLLVFLLLTLLGILLALLILI_2,110011001100110000,1,-64.4301,-58.7536,-58.7536,-220.076,-220.223,-243.182,-364.694,4631.26,3778.85,3653.53,-14.8665,124068.0,-95.0544,123983.0,-62.7587,-59.488,54.9595,-54.165,7.17927,2.84273,2.16712,105218.0,-65.0104,55.0216,-43.8705,123678.0,6.506,3.67948,3.0048,2,LLLVFLLLTLLGILLALLILI,0.1812671765180532,0.0678333696562494,D,17,-59.707334206558215,-70.16290442463068,-60.377812587588885,-70.65939993174322,-68.6150766611874,-76.7591709596388,-32.295700000000004,-5.676499999999997,23.105999999999995,852.4100000000003,-0.0378875189169531,-0.006659354066704984,0.027106674018371423,-0.017440550908600316
TFLLLLLLGVLLAIL,Mutant,clash,,LLLTFLLGLLLGVLLAILILI,1.0586516121556775,LLLTFLLLLLLGVLLAILILI_2,110011001100110000,1,-50.3359,-44.9175,-44.9175,-219.553,-219.671,-246.629,-359.327,4613.06,3771.19,3621.94,-14.792,16113.9,-104.23,16019.1,-67.7812,-60.2184,50.2877,-52.4045,7.27635,2.3216,1.57592,13995.3,-66.0595,53.2865,-42.9639,15728.5,7.0854,3.6026,2.9019,2,LLLTFLLLLLLGVLLAILILI,0.3530711398539283,0.1292735354559192,D,17,-73.573745046438,-84.09559733443214,-70.01385652250626,-81.95311060566041,-73.94577407423077,-84.31949964187953,-36.448800000000006,-5.418400000000005,27.075999999999993,841.8700000000003,-0.04329504555335146,-0.006436148098875127,0.032161735184767226,-0.017570408732939757
YALLISLLGILLTLL,Mutant,clash,,LLLYALLASLLGILLTLLILI,0.086110731113945,LLLYALLISLLGILLTLLILI_0,110011001100110000,1,-72.2427,-74.7283,-74.119,-228.174,-227.178,-249.268,-377.427,4635.54,3945.38,3713.41,-14.1339,747.12,-91.1439,671.6,-54.0402,-67.8092,66.1202,-46.8981,7.81482,5.59761,5.08941,694.003,-63.07,66.418,-42.249,369.693,7.1117,4.92693,4.4232,0,LLLYALLISLLGILLTLLILI,0.1706089252443424,0.1093955123898891,D,15,-85.49329292562308,-87.97555549096082,-83.70388781773508,-86.49233794795306,-86.95008912223992,-89.18307729018008,-37.1037,1.8763000000000005,21.093999999999994,690.1599999999999,-0.05376101193926048,0.0027186449518952142,0.030563927205285727,-0.020479164251767712
GLLLGLLLGTLLLFL,Mutant,clash,,LLLGLLLGLLLGTLLGFLILI,0.4314245351999574,LLLGLLLGLLLGTLLLFLILI_1,110011001100110000,1,-58.6416,-44.889,-58.6416,-224.521,-224.368,-239.844,-357.807,4558.17,3691.81,3407.15,-14.1214,197740.0,-88.7658,197651.0,-59.3212,-74.3274,72.5755,-46.4024,7.80162,7.44681,7.03544,189521.0,-81.7407,58.0906,-35.0,197419.0,6.5862,6.60334,5.9747,1,LLLGLLLGLLLGTLLLFLILI,0.7714878524667362,0.1052939328865945,D,16,30.17757217416188,17.968224854864943,1.9385123945641385,-7.622295064439329,14.227274540880122,3.5139047574858737,-29.4446,0.0,15.323000000000008,866.3600000000001,-0.03398656447666097,0.0,0.017686642965972582,-0.016299690659771916
YILLALLLGVLLITL,Mutant,clash,,LLLYILLALLLGVLLSTLILI,0.3042811206675528,LLLYILLALLLGVLLITLILI_2,110011001100110000,1,-58.8306,-58.8306,-58.8306,-238.699,-232.705,-248.71,-366.25,4643.64,4041.61,3627.67,-14.0731,328.41,-82.7936,253.695,-58.7098,-76.463,60.5285,-47.4448,9.05659,6.14081,5.54873,245.867,-71.421,52.627,-43.8508,-56.3507,7.5,4.3178,3.60721,2,LLLYILLALLLGVLLITLILI,0.0961119113569735,0.0778686422189693,D,15,-14.073522796664385,-31.2565849008848,-24.99724482347732,-39.99584644351207,-20.762581838979628,-36.608005991734736,-24.083799999999997,0.0,10.010999999999996,602.0300000000002,-0.04000431872165837,0.0,0.016628739431589774,-0.0233760776041061
TLLLGLLLIVLLAIL,Mutant,clash,,LLLTLLLGLLLGVLLAILILI,0.7346236912102313,LLLTLLLGLLLIVLLAILILI_0,110011001100110000,1,-44.9259,-49.5121,-44.9259,-242.173,-229.349,-243.975,-373.982,4606.84,4008.47,3622.07,-14.0243,357234.0,-100.908,357139.0,-85.0808,-88.5154,68.1791,-36.6354,10.2145,8.9815,8.50418,293419.0,-95.5773,36.118,-40.2012,356860.0,6.9567,5.71253,4.7543,0,LLLTLLLGLLLIVLLAILILI,0.4212262865481368,0.085577649574956,D,15,-41.01721465081347,-52.41209043547832,-38.98565245429054,-50.77300544634991,-42.1416459316,-53.31929299949433,-15.827200000000005,0.0,1.8019999999999925,598.3700000000003,-0.026450523923325024,0.0,0.003011514614703263,-0.02343750522252117
TALLGILLGLLLLFL,Mutant,clash,,LLLTALLGILLGLLLGFLILI,0.930418728211902,LLLTALLGILLGLLLLFLILI_1,110011001100110000,1,-44.9667,-46.7399,-44.9667,-235.992,-225.391,-246.254,-357.636,4575.17,3875.11,3434.32,-13.9384,59270.6,-90.6161,59185.1,-66.4157,-75.1035,77.5486,-46.9488,8.42463,8.23459,7.89782,57700.0,-80.1891,50.0903,-39.6088,58927.2,6.6695,5.29055,4.5419,1,LLLTALLGILLGLLLLFLILI,0.2086028721446517,0.0347417035350462,D,17,-27.59251068447966,-29.579313660069825,-31.846264569654075,-33.71634797719423,-25.25265376268419,-27.3036605207646,-24.200400000000002,0.0,10.262,700.06,-0.03456903693969089,0.0,0.014658743536268322,-0.019910293403422565
AFLLLSLLGILLTLL,Mutant,clash,,LLLAFLLGSLLGILLTLLILI,1.396885244760789,LLLAFLLLSLLGILLTLLILI_0,110011001100110000,1,-74.2629,-76.3392,-74.1526,-235.017,-224.851,-243.621,-374.697,4636.23,3926.96,3572.79,-13.8806,821525.0,-79.2973,821451.0,-56.9229,-80.7337,67.6961,-52.6985,9.1194,7.74904,7.26448,766175.0,-72.8398,58.7702,-43.8998,821150.0,7.2749,5.35995,4.7415,0,LLLAFLLLSLLGILLTLLILI,0.2665580275647761,0.089320759122953,D,16,-4.841454745839837,-20.131750653460507,-21.938973362510097,-34.4820002966855,-32.20615253244894,-43.099425288209545,-22.37440000000001,-0.11029999999999518,8.604000000000013,709.2699999999995,-0.031545673720867966,-0.00015551200530121851,0.01213078235368762,-0.019570262382449573
GLLLGFLLGVLLITL,Mutant,clash,,LLLGLLLGFLLGVLLGTLILI,-0.0463468716795458,LLLGLLLGFLLGVLLITLILI_1,110011001100110000,1,-58.7181,-58.7181,-58.7181,-229.304,-223.312,-237.61,-348.912,4476.49,3748.44,3353.59,-13.8467,8116490.0,-74.7357,8116430.0,-52.583,-84.1703,73.9575,-45.7016,8.07562,9.1098,8.71916,3275890.0,-81.7407,58.0906,-35.0,8116080.0,6.5862,6.60334,5.9747,1,LLLGLLLGFLLGVLLITLILI,1.206329869688759,0.1034647859825099,D,14,-88.88442549980446,-90.75353449046284,-81.76620396677635,-84.83225800644205,-82.68610937688585,-85.59747924142766,-22.152699999999996,0.0,8.306000000000012,728.0499999999997,-0.030427443170111947,0.0,0.011408557104594486,-0.019018886065517486
AYLLILLLGTLLAFL,Mutant,clash,7.0,LLLAYLLGLLLGTLLAFLILI,0.6853706970977812,LLLAYLLILLLGTLLAFLILI_0,110011001100110000,1,-58.7534,-67.529,-58.7534,-230.188,-224.972,-245.158,-348.639,4636.1,3939.09,3579.91,-13.6716,318298.0,-73.3697,318242.0,-44.7281,-69.7372,48.1549,-50.1952,7.96964,3.46148,2.68381,265420.0,-65.2452,51.3028,-41.1052,317950.0,6.5503,3.21266,2.4822,0,LLLAYLLILLLGTLLAFLILI,0.3939628788149042,0.0575350705781427,D,14,-98.2028684668664,-98.50356606671032,-97.66792435696044,-98.0581292671674,-98.27007093085676,-98.55952415640036,-28.641599999999997,0.0,14.969999999999999,697.0100000000002,-0.04109209337025292,0.0,0.02147745369506893,-0.019614639675183995
LFLLGVLLGILLITL,Mutant,clash,,LLLLFLLGVLLGILLATLILI,0.5066377669005359,LLLLFLLGVLLGILLITLILI_1,110011001100110000,1,-59.7715,-58.7587,-58.7587,-224.034,-218.778,-242.065,-354.153,4639.97,3766.65,3541.23,-13.5897,318.711,-83.9368,242.095,-53.3288,-73.9586,54.29,-50.8478,7.73733,4.92295,4.2373,223.111,-76.1397,46.3109,-45.0,-60.1979,6.7451,4.17293,3.36759,1,LLLLFLLGVLLGILLITLILI,0.8099025152472606,0.0673513664998568,D,14,-72.91807332201141,-79.28361215693566,-66.95354618639972,-74.72103214145093,-70.40578254598057,-77.3618290168495,-30.608000000000004,-1.0128000000000057,18.031000000000006,873.3200000000002,-0.03504786332615765,-0.0011597123620208005,0.020646498419823207,-0.01556096276279027
ALLLGFLLIVLLGTL,Mutant,clash,,LLLALLLGFLLGVLLGTLILI,0.7852930357174763,LLLALLLGFLLIVLLGTLILI_1,110011001100110000,1,-58.7392,-59.4749,-58.7392,-231.466,-216.796,-238.038,-351.157,4519.11,3981.16,3336.79,-13.5111,12366500.0,-74.4629,12366500.0,-54.3791,-80.6071,63.6724,-46.5213,10.1402,7.18683,6.64191,12292500.0,-83.578,48.738,-35.1079,12483500.0,6.9512,5.61633,4.8474,1,LLLALLLGFLLIVLLGTLILI,0.3243036228176883,0.0953990925973742,D,14,-18.15359838140866,-25.39933988757646,-12.975426111832014,-20.67958358984184,-2.5187532538308584,-11.148624593968822,-20.083800000000004,0.0,6.572000000000003,537.9499999999998,-0.037333952969606864,0.0,0.012216748768472915,-0.02511590296495958
AVLLGFLLLILLSLL,Mutant,clash,,LLLAVLLGFLLGILLSLLILI,1.0567105792086329,LLLAVLLGFLLLILLSLLILI_2,110011001100110000,1,-60.3387,-54.4022,-60.3387,-235.804,-231.582,-242.653,-367.165,4570.34,4098.81,3618.94,-13.4826,53221.1,-84.5044,53140.0,-64.1728,-85.1903,71.6842,-42.9488,10.1396,8.9559,8.53117,47377.6,-78.8188,59.0852,-37.4413,52844.9,7.5,6.29932,5.6856,2,LLLAVLLGFLLLILLSLLILI,0.2177256925202702,0.0391133728041113,D,16,-37.86363286403379,-42.63232257548554,-33.63406726578827,-38.72735731810207,-41.911706133894725,-46.36972423316567,-20.33160000000001,0.0,6.8489999999999895,471.52999999999975,-0.04311835938328425,0.0,0.014525056730218635,-0.028593302653065568
GLLLGFLLGVLLLTL,Mutant,clash,,LLLGLLLGFLLGVLLGTLILI,-0.068956687024543,LLLGLLLGFLLGVLLLTLILI_2,110011001100110000,1,-58.7181,-58.7181,-58.7181,-230.944,-225.319,-237.624,-351.511,4510.69,3847.83,3385.67,-13.33,80513.7,-75.1797,80446.2,-55.169,-80.8312,81.851,-46.4202,8.57917,9.67456,9.40233,78623.2,-81.7407,58.0906,-35.0,80242.4,6.5862,6.60334,5.9747,2,LLLGLLLGFLLGVLLLTLILI,1.2289396850337562,0.0880857961204059,D,16,-84.98900998685855,-88.2417528895296,-77.70595747329628,-82.53687059342334,-79.45761333351248,-83.90895880605254,-20.0107,0.0,6.680000000000007,662.8599999999997,-0.030188425911957292,0.0,0.010077542769212217,-0.02010982711281418
TLLLGILLILLLGFL,Mutant,clash,,LLLTLLLGILLGLLLGFLILI,1.3858245372435694,LLLTLLLGILLILLLGFLILI_2,110011001100110000,1,-44.942,-44.942,-44.942,-240.668,-238.335,-247.033,-359.694,4630.17,4073.83,3461.28,-13.2947,7455460.0,-87.3789,7455380.0,-67.7187,-84.8022,56.902,-41.5568,10.6862,6.9021,6.25563,5805460.0,-88.5873,34.12,-39.5515,7477160.0,7.2522,4.3943,3.4061,2,LLLTLLLGILLILLLGFLILI,0.2494391256231053,0.0747581385082843,D,15,-39.11415005624819,-54.25019490389147,-41.22246149448608,-55.834386263138114,-37.48660439019706,-53.027252347030654,-19.660200000000003,0.0,6.364999999999981,556.3400000000001,-0.03533846209152676,0.0,0.011440845526117085,-0.023896717834417797
LFLLAVLLGILLITL,Mutant,clash,,LLLLFLLAVLLGILLSTLILI,0.3082548025631272,LLLLFLLAVLLGILLITLILI_0,110011001100110000,1,-58.8277,-62.5036,-58.8277,-226.585,-224.55,-243.222,-358.488,4642.2,3777.28,3651.35,-13.2943,49.3928,-86.3694,-22.0413,-56.4382,-56.6599,63.3156,-39.3058,7.30539,3.5466,2.99633,46.1045,-61.5797,48.2683,-39.5794,-309.095,6.5,2.25318,1.47721,0,LLLLFLLAVLLGILLITLILI,0.2116675575142219,0.0351471103738157,D,14,-45.704990939474655,-56.281336267607806,-42.60522215489329,-53.78538403394651,-45.49866333912956,-56.11520005851089,-29.931199999999997,0.0,16.637,864.9199999999996,-0.034605743883827415,0.0,0.019235304999306303,-0.015370554502150495
TLLLGLLLIVLLGIL,Mutant,clash,,LLLTLLLGLLLGVLLGILILI,0.9442815344303972,LLLTLLLGLLLIVLLGILILI_2,110011001100110000,1,-44.9695,-47.0993,-44.9695,-240.922,-228.921,-244.508,-370.023,4589.98,4045.38,3507.1,-13.2491,768841.0,-97.3804,768747.0,-80.5448,-87.8542,61.0107,-35.4926,10.7565,7.91458,7.32974,646542.0,-85.5673,40.094,-37.7266,769407.0,7.033,4.74779,3.8492,2,LLLTLLLGLLLIVLLGILILI,0.3125229965993749,0.0675630949476452,D,15,-31.22835587661899,-40.09155062608497,-30.401699302180628,-39.37143241209395,-31.139801732367705,-40.01440921794572,-16.8356,0.0,3.5860000000000127,544.5999999999995,-0.030913698127065768,0.0,0.006584649283878106,-0.02432813073815647
AVLLGFLLGTLLILL,Mutant,clash,,LLLAVLLGFLLGTLLGLLILI,0.3406728863746839,LLLAVLLGFLLGTLLILLILI_1,110011001100110000,1,-55.1696,-55.1696,-58.7162,-229.656,-221.858,-238.574,-349.694,4578.68,3754.37,3417.31,-13.2289,3901550.0,-78.0967,3901480.0,-52.4035,-78.4637,66.6177,-45.8106,9.08723,7.26295,6.76221,3230920.0,-77.6262,50.1878,-35.0,3901860.0,7.3742,4.91928,4.1721,1,LLLAVLLGFLLGTLLILLILI,0.9977052814853162,0.0979075340163065,D,14,-76.98838008419084,-79.68559423408064,-69.29937913510177,-72.8978284972137,-72.74275619814136,-75.93760401582416,-25.693199999999997,3.546599999999998,8.918000000000006,824.3100000000004,-0.031169341631182425,0.004302507551770567,0.010818745374919633,-0.01604845264524268
YVLLITLLGLLLGFL,Mutant,clash,7.0,LLLYVLLATLLGLLLGFLILI,0.2733237105961371,LLLYVLLITLLGLLLGFLILI_0,110011001100110000,1,-58.7397,-59.9112,-58.7397,-243.888,-229.469,-249.083,-347.325,4663.05,4182.19,3672.84,-13.1344,390.277,-57.8325,332.332,-39.5026,-73.9941,61.5665,-41.81,8.90459,5.91058,5.33408,311.672,-65.984,55.7173,-41.1231,42.9515,6.918,3.91944,3.2552,0,LLLYVLLITLLGLLLGFLILI,0.1438811018526981,0.050447361075271,D,15,-75.06641924102193,-79.66056491291354,-70.20319066215512,-75.69341222234351,-75.60485753432783,-80.0997930695494,-18.329900000000002,0.0,5.194999999999993,480.8600000000006,-0.03811899513371871,0.0,0.010803560287817633,-0.027314395042215996
ALLLGTLLIYLLGFL,Mutant,clash,,LLLALLLGTLLGYLLGFLILI,1.0798909209420495,LLLALLLGTLLIYLLGFLILI_0,110011001100110000,1,-58.7311,-62.2134,-58.7311,-236.544,-220.139,-243.264,-344.053,4605.38,3924.1,3514.77,-13.119,18157.7,-61.8963,18096.0,-42.0576,-81.3742,69.3033,-39.5794,9.60445,8.06207,7.60162,8782.41,-77.9303,55.657,-35.0,17813.7,7.3057,5.70324,5.0381,0,LLLALLLGTLLIYLLGFLILI,0.3370745401430797,0.0816133509321626,D,14,-28.06767076183601,-39.45184933792015,-11.032860142797729,-25.1130076684598,12.672125342665751,-5.159628599306034,-19.838699999999996,0.0,6.719999999999999,681.2800000000002,-0.029119745185533098,0.0,0.009863785814936585,-0.019256399718177542
AYLLGLLLGTLLLFL,Mutant,clash,,LLLAYLLGLLLGTLLAFLILI,0.6658900750004817,LLLAYLLGLLLGTLLLFLILI_0,110011001100110000,1,-67.7792,-59.2213,-58.7534,-226.125,-224.429,-245.741,-349.437,4641.96,3789.44,3504.08,-13.1028,6900.5,-68.6349,6834.72,-44.9424,-57.7732,61.7057,-47.9951,7.2494,3.49625,2.92184,5976.81,-65.2452,51.3028,-41.1052,6551.07,6.5503,3.21266,2.4822,0,LLLAYLLGLLLGTLLLFLILI,0.4134435009122037,0.1000026837950505,D,16,-91.61484833442432,-91.67954818780905,-89.11512650534682,-89.19911421926105,-92.87928602359813,-92.93422947228484,-23.692500000000003,-9.025800000000004,19.616000000000014,852.52,-0.02779113686482429,-0.010587200300286216,0.02300943086379207,-0.015369492797822926
LYLLAFLLGLLLGTL,Mutant,clash,,LLLGYLLAFLLGLLLGTLILI,0.6043521878514453,LLLLYLLAFLLGLLLGTLILI_0,110011001100110000,1,-64.5114,-62.2599,-58.7749,-213.729,-211.417,-240.47,-342.505,4653.26,3498.6,3508.8,-13.0605,-8.77605,-77.3252,-77.6047,-43.2601,-62.2222,50.6925,-37.0761,7.17831,2.67681,1.9372,-8.32707,-61.4169,47.8691,-36.8365,-351.281,7.2814,2.17486,1.3929,0,LLLLYLLAFLLGLLLGTLILI,0.8812809938976658,0.1354719982116154,D,16,-87.34445495450922,-90.5688507187014,-81.75518280246699,-86.40362039079092,-85.15299637643501,-88.93573472730722,-34.065099999999994,-5.736499999999992,26.740999999999985,1154.6600000000003,-0.0295022777267767,-0.004968129146242176,0.023159198378743508,-0.011311121888694504
ALLLGILLIVLLGTL,Mutant,clash,,LLLALLLGILLGVLLGTLILI,0.8255795741603369,LLLALLLGILLIVLLGTLILI_1,110011001100110000,1,-58.7478,-58.7478,-58.7478,-231.513,-228.181,-237.082,-365.168,4517.43,3924.97,3566.08,-13.0519,827184.0,-87.96,827105.0,-69.3383,-88.1349,56.2177,-42.357,9.84646,7.30962,6.65289,676301.0,-86.55,35.742,-43.5248,838058.0,6.8226,4.30767,3.3438,1,LLLALLLGILLIVLLGTLILI,0.3287343024289537,0.0941303430996051,D,14,-18.02078434178591,-25.771638287542736,-10.70244333009743,-19.145221342843744,2.957926938653677,-6.776392276919939,-18.62169999999999,0.0,5.568999999999988,592.4600000000005,-0.0314311514701414,0.0,0.009399790703169807,-0.02203001046484149
AVLLGFLLGILLILL,Mutant,clash,,LLLAVLLGFLLGILLSLLILI,0.1727417295823559,LLLAVLLGFLLGILLILLILI_2,110011001100110000,1,-45.0403,-45.0403,-45.0403,-231.209,-225.792,-239.422,-345.306,4551.31,3918.73,3531.68,-13.0028,1047.81,-82.0592,973.338,-60.8434,-88.7756,65.218,-38.5288,9.3467,8.62076,8.09903,1007.02,-78.8188,59.0852,-37.4413,663.336,7.5,6.29932,5.6856,2,LLLAVLLGFLLGILLILLILI,1.1016945421465472,0.0705080533157349,D,14,-85.19738065989128,-87.73247183714038,-79.66049945760345,-83.14383488560914,-83.96517875315398,-86.7112963785328,-21.2158,0.0,8.212999999999994,632.5800000000004,-0.03353852477157038,0.0,0.01298333807581648,-0.020555186695753885
SYLLGVLLGLLLLFL,Mutant,clash,,LLLSYLLGVLLGLLLGFLILI,0.9971346425863056,LLLSYLLGVLLGLLLLFLILI_2,110011001100110000,1,-56.5158,-53.1231,-44.9273,-235.711,-231.793,-255.138,-353.359,4632.83,3846.28,3497.54,-12.9308,344370000.0,-74.0633,344370000.0,-53.2944,-79.9444,53.7631,-55.719,7.64829,5.74968,5.05612,198285.0,-79.84,40.4327,-45.0,141638.0,6.5,3.93441,3.0409,2,LLLSYLLGVLLGLLLLFLILI,0.1534990472388153,0.0861404085945653,D,17,-74.41868653350558,-74.69960457600325,-65.80729413590755,-66.18277712319122,-73.11964847910578,-73.41483174797072,-20.768899999999995,-11.588499999999996,19.426999999999992,786.5499999999997,-0.026405060072468376,-0.014733329095416694,0.024699001970631237,-0.016439895747250657
TFLLGVLLIILLGLL,Mutant,clash,,LLLTFLLGVLLGILLGLLILI,1.0846880589147805,LLLTFLLGVLLIILLGLLILI_1,110011001100110000,1,-44.9604,-45.7555,-44.9604,-241.603,-229.262,-246.715,-352.61,4653.84,4042.9,3522.34,-12.8977,924862.0,-78.9443,924785.0,-60.9348,-87.779,64.0843,-40.2381,10.4051,8.31822,7.77949,532012.0,-91.396,35.576,-35.8075,926616.0,7.4513,5.01216,4.0458,1,LLLTFLLGVLLIILLGLLILI,0.1334939320994026,0.0981924350122221,D,15,-62.911999152928765,-69.96179717106097,-56.55620970421161,-64.81413517154196,-64.93113104378861,-71.59712643903947,-18.009499999999996,0.0,5.111999999999995,610.94,-0.02947834484564768,0.0,0.008367433790552254,-0.021111238419484726
ALLLGTLLILLLGFL,Mutant,clash,,LLLALLLGTLLGLLLGFLILI,1.048432646030789,LLLALLLGTLLILLLGFLILI_0,110011001100110000,1,-58.6905,-56.9967,-58.6905,-234.294,-219.355,-240.373,-357.25,4573.24,3942.66,3375.19,-12.7465,16337400.0,-77.0112,16337300.0,-58.1857,-67.8347,61.0363,-44.8086,9.65551,4.9151,4.33065,16037400.0,-63.8279,50.3554,-37.6016,16337100.0,6.5149,2.87217,2.1275,0,LLLALLLGTLLILLLGFLILI,0.2490472604338883,0.0804692199647648,D,14,16.654710794847478,-2.3321866846434216,-0.1156893182580578,-16.373011065504787,29.11139115400956,8.09702550540084,-18.825500000000005,0.0,6.078999999999979,630.5799999999999,-0.029854261156395712,0.0,0.00964033112372733,-0.02021393003266834
GYLLATLLGFLLILL,Mutant,clash,,LLLGYLLATLLGFLLSLLILI,0.6984311330199713,LLLGYLLATLLGFLLILLILI_0,110011001100110000,1,-62.1032,-62.1135,-58.8178,-229.473,-227.053,-249.12,-350.808,4607.27,3789.65,3637.85,-12.5199,209.251,-71.7516,147.61,-42.8705,-78.576,58.5671,-45.8876,8.00679,6.19295,5.57146,171.492,-78.9601,51.8199,-41.3257,-141.557,7.4908,5.3397,4.617,0,LLLGYLLATLLGFLLILLILI,0.3683814878725611,0.1047812529327446,D,14,-91.716885395359,-94.07580277914812,-88.93611599007163,-92.08695834454342,-91.03563974059333,-93.58856653924158,-28.881099999999996,-3.2854000000000028,19.64699999999999,817.6200000000003,-0.03532337760817982,-0.004018248085907881,0.02402950025684301,-0.015312614662067946
AYLLIFLLGTLLGLL,Mutant,clash,,LLLAYLLGFLLGTLLGLLILI,0.5664853125586793,LLLAYLLIFLLGTLLGLLILI_0,110011001100110000,1,-58.6623,-58.6623,-58.6623,-230.138,-224.063,-243.473,-344.325,4612.68,3960.36,3578.79,-12.506,9072.92,-68.0306,9011.32,-42.1894,-80.8501,42.1718,-50.1272,8.52801,4.3207,3.45328,8480.85,-91.134,25.7473,-37.6199,8728.59,7.3707,3.64599,2.5322,0,LLLAYLLIFLLGTLLGLLILI,0.6680526820012469,0.1138675349930259,D,14,-98.06717211262202,-98.11212720723802,-97.28317554693834,-97.34636539490154,-98.10596832206872,-98.15002106667323,-25.841200000000008,0.0,13.335000000000008,652.3200000000002,-0.03961429973019377,0.0,0.02044242089771892,-0.019171572234486137
FYLLGVLLGILLLLL,Mutant,clash,,LLLFYLLGVLLGILLALLILI,0.6706919228610674,LLLFYLLGVLLGILLLLLILI_0,110011001100110000,1,-48.7836,-56.784,-44.9467,-227.97,-226.183,-243.001,-341.53,4743.86,3684.49,3543.52,-12.473,6530.74,-77.2495,6472.18,-53.5824,-56.5383,50.2316,-48.1815,7.6517,1.76201,1.01548,4752.86,-62.6538,43.9976,-40.9419,6189.21,6.5,1.83774,0.997703,0,LLLFYLLGVLLGILLLLLILI,0.1917285013733244,0.0362804077505341,D,16,-84.0775978848103,-89.10907009924563,-81.58563827031163,-87.40456865023846,-85.33036337699436,-89.96596223516555,-23.667099999999998,-3.8369,15.031000000000006,1059.37,-0.022340730811708846,-0.0036218696017444336,0.014188621539216711,-0.011773978874236576
FYLLLVLLGLLLATL,Mutant,clash,,LLLFYLLGVLLGLLLATLILI,0.7359110361947234,LLLFYLLLVLLGLLLATLILI_0,110011001100110000,1,-58.7635,-65.1239,-58.7635,-236.795,-224.463,-245.781,-351.055,4675.1,3852.14,3682.42,-12.4571,29787.0,-67.954,29725.6,-46.5112,-73.2756,57.9201,-49.8345,9.0261,5.31056,4.67936,23240.4,-71.1945,47.5262,-42.4033,29436.0,7.5,3.59521,2.8081,0,LLLFYLLLVLLGLLLATLILI,0.3913354172551197,0.0316600974976035,D,16,-76.91991559063032,-81.17815647815682,-73.07292516377979,-78.0409300035944,-77.1858564478293,-81.39503164687291,-21.44279999999999,0.0,8.986000000000018,822.9600000000005,-0.026055701370661974,0.0,0.010919121220958507,-0.015136944687469614
TFLLGLLLGVLLIIL,Mutant,clash,,LLLTFLLGLLLGVLLAILILI,0.1997943050230228,LLLTFLLGLLLGVLLIILILI_0,110011001100110000,1,-46.1754,-52.4404,-44.9175,-229.269,-227.68,-246.949,-353.223,4616.96,3734.59,3491.07,-12.352,234.56,-90.131,161.457,-61.3573,-60.1294,58.7099,-48.0044,7.98496,3.44524,2.82589,213.307,-66.0595,53.2865,-42.9639,-118.663,7.0854,3.6026,2.9019,0,LLLTFLLGLLLGVLLIILILI,1.2119284469865832,0.0515084070032738,D,15,-93.60337136194138,-95.86796903097414,-89.47253567865421,-93.19957260887388,-90.79659095333432,-94.05487275356708,-28.773699999999998,-1.2579000000000065,17.680000000000007,882.3699999999999,-0.032609562881784286,-0.0014255924385461955,0.020036945952378264,-0.01399866269252128
IYLLAFLLGLLLGTL,Mutant,clash,,LLLGYLLAFLLGLLLGTLILI,0.666055957630593,LLLIYLLAFLLGLLLGTLILI_0,110011001100110000,1,-63.8413,-60.6085,-58.7749,-222.273,-209.892,-239.68,-340.219,4638.71,3456.91,3549.55,-12.2558,7.37435,-66.3604,-62.3437,-41.7636,-63.6577,56.6182,-35.7901,7.15383,3.6921,3.04137,6.31149,-61.4169,47.8691,-36.8365,-332.845,7.2814,2.17486,1.3929,0,LLLIYLLAFLLGLLLGTLILI,0.8195772241185181,0.1398575486053825,D,14,-51.01008278516126,-62.78690991053328,-46.28851424706578,-59.200372815538586,-38.66096437508841,-53.406431598960665,-24.5968,-5.0663999999999945,17.40700000000001,1181.8000000000002,-0.02081299712303266,-0.004287019800304615,0.014729226603486214,-0.010370451853105431
TYLLIVLLGFLLGLL,Mutant,clash,,LLLTYLLAVLLGFLLGLLILI,0.7724142199723476,LLLTYLLIVLLGFLLGLLILI_2,110011001100110000,1,-44.9703,-46.0458,-44.9703,-233.256,-229.557,-250.571,-342.282,4685.29,3913.41,3714.69,-12.2533,123.86,-76.3083,57.1808,-46.74,-66.2516,47.6114,-51.8659,8.52477,2.86527,2.07944,100.708,-70.8524,42.5823,-40.9781,-95.5654,7.4604,2.87647,2.0152,2,LLLTYLLIVLLGFLLGLLILI,0.3390779913967515,0.0267789956320411,D,15,-97.89818304722144,-97.97119554716969,-97.1392763304542,-97.2386515812335,-97.78652158153564,-97.86341295530627,-29.5683,0.0,17.314999999999998,771.8800000000001,-0.03830686117013007,0.0,0.0224322433538892,-0.015874617816240864
AFLLGSLLIILLTLL,Mutant,clash,,LLLAFLLGSLLGILLTLLILI,1.4188876237081445,LLLAFLLGSLLIILLTLLILI_2,110011001100110000,1,-70.5898,-63.0121,-74.1526,-237.032,-225.696,-243.705,-371.739,4624.86,3768.03,3549.13,-11.9841,31343.8,-76.1015,31260.7,-53.8819,-83.0327,64.4949,-36.0572,9.81384,7.66171,7.12914,26981.1,-72.8398,58.7702,-43.8998,30972.0,7.2749,5.35995,4.7415,2,LLLAFLLGSLLIILLTLLILI,0.2445556486174203,0.0311361298072573,D,14,-48.41661664084082,-54.50500655597346,-46.95299152194662,-53.21413320001355,-46.66610733847754,-52.9611099743898,-22.2196,3.56280000000001,6.673000000000002,856.8299999999995,-0.025932331967834944,0.004158117712965246,0.007788009290057544,-0.01398655509260881
AVLLGSLLLILLTLL,Mutant,clash,,LLLAVLLGSLLGILLTLLILI,1.244459779366526,LLLAVLLGSLLLILLTLLILI_0,110011001100110000,1,-74.0452,-52.8701,-74.0355,-238.212,-221.368,-240.849,-388.459,4528.16,3884.81,3558.5,-11.8935,108299.0,-88.0958,108185.0,-73.5749,-68.1573,88.8663,-53.895,8.36187,8.72055,8.55354,105223.0,-69.2457,60.3937,-41.8114,107911.0,6.8012,5.04,4.4459,0,LLLAVLLGSLLLILLTLLILI,0.2337057984251949,0.0740938845874583,D,16,-10.17469531455822,-21.736387765739376,-15.43243188481469,-26.317384820026408,-7.637411206017769,-19.52568533289647,-14.520899999999997,-0.009699999999995157,2.6370000000000005,643.3499999999999,-0.022570762415481463,-1.5077329602852503e-05,0.004098857542550713,-0.018486826766145957
AFLLGTLLILLLGYL,Mutant,clash,,LLLAFLLGTLLGLLLGYLILI,0.959951012268114,LLLAFLLGTLLILLLGYLILI_0,110011001100110000,1,-58.6988,-59.8821,-58.6988,-232.803,-221.603,-243.39,-342.301,4658.94,4024.96,3418.01,-11.8346,2864960.0,-62.6342,2864900.0,-40.2126,-69.4121,66.0036,-41.5193,9.35573,5.82231,5.31236,2850710.0,-72.4524,47.8783,-35.1603,2864620.0,6.5,3.83143,3.0496,0,LLLAFLLGTLLILLLGYLILI,0.3620279128986722,0.0858473371603488,D,14,13.713056223336654,-2.255716984418071,-0.5129372617922661,-14.483948109059147,27.493874326548625,9.589854927931688,-22.421599999999998,0.0,10.586999999999989,633.9799999999996,-0.03536641534433265,0.0,0.016699264961039774,-0.01866715038329286
YFLLATLLGLLLIVL,Mutant,clash,,LLLYFLLATLLGLLLGVLILI,0.3025188263844242,LLLYFLLATLLGLLLIVLILI_1,110011001100110000,1,-58.6761,-68.6982,-58.6761,-238.987,-221.921,-250.745,-349.717,4731.9,4083.5,3537.69,-11.7662,16744600.0,-63.8205,16744500.0,-40.2959,-67.2759,58.8516,-52.8773,8.81231,4.53636,3.91913,11922100.0,-67.2353,46.0087,-37.4675,16720200.0,6.9823,2.79647,1.9866,1,LLLYFLLATLLGLLLIVLILI,0.147012494388769,0.0975684975271273,D,15,-19.944728493610874,-35.43423886773991,-29.376481812038303,-43.041087490661454,-18.00657677649708,-33.8710908270108,-23.5246,0.0,11.75800000000001,648.3999999999996,-0.036280999383096875,0.0,0.018133867982726738,-0.018146514497223945
GYLLIFLLGLLLGTL,Mutant,clash,,LLLGYLLAFLLGLLLGTLILI,0.5427523897115079,LLLGYLLIFLLGLLLGTLILI_0,110011001100110000,1,-62.1128,-63.3584,-58.7749,-222.854,-222.532,-245.76,-343.393,4624.06,3549.05,3510.23,-11.7165,137.536,-70.1424,80.0341,-38.8572,-64.2546,42.1659,-35.8,8.01487,1.8306,0.963087,56.3671,-61.4169,47.8691,-36.8365,-205.856,7.2814,2.17486,1.3929,0,LLLGYLLIFLLGLLLGTLILI,0.9428807920376032,0.1252120607158709,D,14,-95.90428458866032,-96.56373133083,-93.97180855235344,-94.9424011868708,-95.34752997738214,-96.0966191819111,-31.285199999999996,-3.3378999999999976,22.905999999999977,1075.0100000000002,-0.02910224090938688,-0.0031049943721453725,0.021307708765499832,-0.01089896838168947
AFLLGILLILLLGTL,Mutant,clash,11.0,LLLAFLLGILLGLLLGTLILI,1.0858881174788164,LLLAFLLGILLILLLGTLILI_2,110011001100110000,1,-58.7892,-60.3464,-58.7892,-233.77,-232.716,-240.435,-351.321,4613.82,4107.59,3496.83,-11.6947,10643900.0,-70.4567,10643800.0,-52.0974,-78.4985,54.9546,-44.099,11.5622,5.69364,5.01796,10170600.0,-80.3909,36.9211,-40.9331,11766000.0,7.1519,3.54298,2.5968,2,LLLAFLLGILLILLLGTLILI,0.3319810974574057,0.0818473932816519,D,14,-48.406989136577735,-54.34994848831273,-41.46845502463379,-48.21065879916605,-41.631443843078245,-48.35487306061931,-18.359299999999998,0.0,6.664999999999992,506.22999999999956,-0.03626671670979597,0.0,0.013165952235150026,-0.023101554629318708
TFLLGVLLILLLGAL,Mutant,clash,11.0,LLLTFLLGVLLGLLLGALILI,1.1077800151370387,LLLTFLLGVLLILLLGALILI_2,110011001100110000,1,-44.9172,-46.6677,-44.9172,-236.958,-223.132,-243.401,-345.591,4655.71,3973.83,3473.39,-11.6077,5889040.0,-75.3231,5888970.0,-57.2727,-88.879,64.4699,-37.6695,9.88292,8.53529,8.00234,5833650.0,-87.213,39.461,-38.899,5896930.0,6.5512,4.90918,4.00109,2,LLLTFLLGVLLILLLGALILI,0.2760803745473608,0.0911189458805778,D,15,-48.00321971581178,-53.74778871372745,-45.43812836275996,-51.466086912548406,-45.27462930184419,-51.32065111692313,-18.050399999999996,0.0,6.443000000000012,681.8800000000001,-0.02647151991552765,0.0,0.009448876635185092,-0.01702308324045286
AVLLGFLLGLLLLTL,Mutant,clash,,LLLAVLLGFLLGLLLGTLILI,0.8634017532685151,LLLAVLLGFLLGLLLLTLILI_1,110011001100110000,1,-58.7258,-58.7258,-58.7258,-230.766,-225.09,-238.602,-351.973,4575.44,3822.27,3514.69,-11.598,32458.0,-74.0794,32389.8,-54.6453,-73.1999,67.4446,-43.6033,8.8006,6.585,6.09667,21020.1,-73.2945,52.8302,-38.1653,32012.7,6.8167,4.62625,3.9187,1,LLLAVLLGFLLGLLLLTLILI,0.8884291128631722,0.0797628791195768,D,16,-63.003021814047365,-70.14948193341199,-53.40988097005665,-62.40938427896094,-53.47159039362652,-62.45917370375918,-19.434100000000008,0.0,7.836000000000013,753.1699999999996,-0.025803072347544403,0.0,0.010404025651579347,-0.015398913923815349
AVLLIILLGLLLTFL,Mutant,clash,,LLLAVLLGILLGLLLTFLILI,0.8446676711338241,LLLAVLLIILLGLLLTFLILI_2,110011001100110000,1,-58.7585,-57.4251,-58.7585,-237.961,-220.544,-243.742,-363.964,4545.68,4010.48,3618.96,-11.4443,679670.0,-78.6887,679584.0,-61.4634,-101.2,44.4778,-32.988,10.077,7.68456,6.85173,531295.0,-106.47,21.0167,-38.4019,679306.0,7.4459,5.30775,4.123,2,LLLAVLLIILLGLLLTFLILI,0.1835364673865589,0.1058254066496562,D,14,-44.79816968001757,-57.93280915328146,-43.76022498292407,-57.14183143736384,-43.478244977733766,-56.92694532535379,-17.225299999999997,0.0,5.7809999999999775,535.2000000000003,-0.03218479073243645,0.0,0.01080156950672641,-0.021383221225710004
VFLLGTLLILLLAIL,Mutant,clash,11.0,LLLVFLLGTLLGLLLAILILI,1.4125275870755396,LLLVFLLGTLLILLLAILILI_2,110011001100110000,1,-58.7524,-62.2748,-58.7524,-234.245,-222.885,-243.301,-359.494,4677.52,3896.66,3532.08,-11.4439,64361.2,-77.9408,64286.8,-57.4405,-80.4127,63.2521,-39.295,9.65119,7.10093,6.54971,62967.2,-81.7774,50.2073,-43.0207,64001.7,6.749,5.54459,4.7977,2,LLLVFLLGTLLILLLAILILI,0.2208714686623608,0.0425932216726929,D,15,-47.18970509441954,-56.93323889466999,-45.28468903028489,-55.379699534918494,-43.5859543157168,-53.9943824814077,-20.500299999999996,0.0,9.055999999999983,780.8600000000006,-0.026253489742079222,0.0,0.01159746945675278,-0.014655508029608369
AFLLIVLLGILLGLL,Mutant,clash,,LLLAFLLGVLLGILLGLLILI,1.2307683073916176,LLLAFLLIVLLGILLGLLILI_2,110011001100110000,1,-44.9468,-53.6624,-44.9468,-225.153,-216.021,-239.797,-345.762,4596.14,3947.34,3681.3,-11.4228,58822.2,-87.0856,58746.1,-61.0185,-66.5265,47.4895,-54.4093,8.23912,2.89006,2.1024,48847.4,-69.6978,38.4736,-44.8571,58476.4,6.5368,2.1486,1.2257,2,LLLAFLLIVLLGILLGLLILI,0.2082730286467836,0.0676110514003947,D,14,-87.74534290520238,-88.50405142985814,-83.89268302623579,-84.88991686173128,-88.74880740493248,-89.4453895833147,-26.067099999999996,0.0,14.644000000000005,648.8000000000002,-0.040177404438964226,0.0,0.022570900123304566,-0.01760604192355117
AYLLGFLLITLLGLL,Mutant,clash,,LLLAYLLGFLLGTLLGLLILI,0.9986366977512202,LLLAYLLGFLLITLLGLLILI_0,110011001100110000,1,-58.6623,-62.5531,-58.6623,-232.794,-222.928,-243.805,-342.939,4611.56,4009.36,3557.94,-11.2994,8092550.0,-62.7815,8092490.0,-40.4713,-82.5273,49.6477,-48.4934,9.44295,5.58153,4.82624,3090270.0,-91.134,25.7473,-37.6199,8092200.0,7.3707,3.64599,2.5322,0,LLLAYLLGFLLITLLGLLILI,0.235901296808706,0.104771563785208,D,14,-86.41258627605524,-88.41989134649636,-82.71830771486306,-85.27137846508434,-86.38248048608233,-88.3942331656189,-22.310200000000002,0.0,11.010999999999996,602.2000000000003,-0.03704782464297574,0.0,0.018284623048820975,-0.018763533709730978
STLLGALLGFLLLLL,Mutant,clash,,LLLSTLLGALLGFLLALLILI,0.9924234338288702,LLLSTLLGALLGFLLLLLILI_2,110011001100110000,1,-57.216,-70.3688,-44.9255,-229.167,-221.042,-258.587,-364.65,4566.13,3742.03,3575.34,-11.292,1580.63,-89.559,1507.39,-61.1377,-74.0529,73.9251,-39.2875,7.60041,7.58782,7.19669,1403.33,-68.8242,63.6738,-35.7825,1215.98,6.5843,5.41959,4.8747,2,LLLSTLLGALLGFLLLLLILI,0.4137255342965629,0.0789916487783393,D,16,-13.937220262141018,-24.141806692921627,-14.92806902690006,-25.015169107709013,-5.990536876782076,-17.13737288038552,-28.421299999999995,-12.290500000000002,29.419999999999987,824.0999999999999,-0.03448768353355175,-0.014913845407110791,0.03569955102536099,-0.013702220604295597
IVLLGILLGLLLTFL,Mutant,clash,,LLLAVLLGILLGLLLTFLILI,0.7644682798457119,LLLIVLLGILLGLLLTFLILI_0,110011001100110000,1,-55.2172,-57.4251,-58.7585,-230.491,-208.058,-240.931,-358.595,4537.28,3777.18,3553.54,-11.2645,56.3877,-84.1505,-36.7239,-58.9047,-110.868,29.9334,-38.7019,8.49363,7.17119,6.12019,41.0312,-106.47,21.0167,-38.4019,-302.207,7.4459,5.30775,4.123,0,LLLIVLLGILLGLLLTFLILI,0.2637358586746712,0.1342398327428602,D,14,-14.182600043754906,-30.220681772505493,-19.118089704861,-34.23379687324759,-7.187834798073683,-24.533141130935523,-25.245799999999996,3.5412999999999997,10.439999999999998,760.0999999999999,-0.03321378765951848,0.004658992237863439,0.013735034863833704,-0.01481976055782134
TALLGILLGLLLIFL,Mutant,clash,,LLLTALLGILLGLLLGFLILI,0.9154573099862422,LLLTALLGILLGLLLIFLILI_2,110011001100110000,1,-44.9667,-56.8624,-44.9667,-236.287,-224.112,-246.464,-355.516,4540.92,3826.99,3426.91,-11.1671,3302320.0,-85.4296,3302250.0,-64.0856,-77.7181,74.5509,-46.0933,8.346,8.2221,7.84036,2442490.0,-80.1891,50.0903,-39.6088,3301970.0,6.6695,5.29055,4.5419,2,LLLTALLGILLGLLLIFLILI,0.2235642903703114,0.0915236885691138,D,15,-26.022692940040955,-26.791589649706747,-24.125082327084773,-24.91370220071146,-23.037423205284604,-23.83734786348952,-21.343999999999994,0.0,10.176999999999992,713.9300000000003,-0.0298964884512487,0.0,0.014254898939671941,-0.015641729581331497
TYLLAVLLGFLLILL,Mutant,clash,,LLLTYLLAVLLGFLLGLLILI,0.8367778735521316,LLLTYLLAVLLGFLLILLILI_2,110011001100110000,1,-61.6828,-46.9937,-44.9703,-234.685,-236.547,-253.997,-348.747,4671.9,3819.66,3599.1,-11.1356,48680.4,-63.5145,48615.2,-49.78,-65.6965,61.8825,-47.0515,8.85179,4.7086,4.13684,13120.4,-70.8524,42.5823,-40.9781,7734.43,7.4604,2.87647,2.0152,2,LLLTYLLAVLLGFLLILLILI,0.2747143378169674,0.0936633471838105,D,15,-85.70928810712705,-86.27185820064962,-81.67194990378235,-82.39345439803063,-84.09441488276936,-84.72055629363874,-13.734499999999997,-16.7125,19.312000000000012,852.2399999999998,-0.01611576551206233,-0.019610086360649585,0.0226602834882193,-0.013066272411527273
AYLLGTLLIFLLGLL,Mutant,clash,,LLLAYLLGTLLGFLLGLLILI,0.8979808964927172,LLLAYLLGTLLIFLLGLLILI_1,110011001100110000,1,-58.7318,-58.7318,-58.7318,-240.647,-231.343,-245.43,-345.416,4635.97,3964.26,3489.17,-10.8836,230513.0,-56.92,230458.0,-41.2538,-91.375,65.148,-38.163,9.61763,9.00124,8.47846,134432.0,-87.9639,43.7708,-37.0981,137519.0,7.4797,5.60364,4.7602,1,LLLAYLLGTLLIFLLGLLILI,0.3546938337867123,0.0744505277919116,D,14,-70.60780039823872,-75.66015467569584,-62.229220020984975,-68.72180527746346,-65.13696064366137,-71.1297215939714,-15.666200000000003,0.0,4.7830000000000155,671.71,-0.02332286254484823,0.0,0.007120632415774687,-0.016202825624153278
LVLLGFLLGTLLGLL,Mutant,clash,,LLLAVLLGFLLGTLLGLLILI,0.6238073416394508,LLLLVLLGFLLGTLLGLLILI_0,110011001100110000,1,-58.7162,-69.659,-58.7162,-216.828,-202.471,-236.453,-345.747,4604.11,3604.28,3492.18,-10.875,68.6183,-81.0778,-4.9987,-50.5779,-84.3843,50.2654,-38.1436,8.42792,5.94347,5.19745,58.3817,-77.6262,50.1878,-35.0,-277.129,7.3742,4.91928,4.1721,0,LLLLVLLGFLLGTLLGLLILI,0.7145708262205493,0.04549806709246,D,16,73.51269455887301,56.238371564336006,34.17688592438847,20.81869981730457,75.61870880151942,58.134718322127455,-30.499899999999997,0.0,19.625,999.8299999999995,-0.030505085864596996,0.0,0.019628336817258944,-0.010876849064340943
AVLLGFLLGILLLLL,Mutant,clash,,LLLAVLLGFLLGILLSLLILI,0.3727977517282492,LLLAVLLGFLLGILLLLLILI_2,110011001100110000,1,-45.0403,-45.0403,-45.0403,-230.41,-227.532,-239.434,-347.844,4578.96,3919.42,3570.29,-10.8318,33991.9,-83.2252,33916.7,-63.3701,-82.2439,72.9266,-46.6529,8.85546,8.68167,8.27557,31914.6,-78.8188,59.0852,-37.4413,33575.5,7.5,6.29932,5.6856,2,LLLAVLLGFLLGILLLLLILI,0.9016385200006538,0.0451217680076444,D,16,-74.29712301174504,-77.38830648753358,-70.4757760683772,-74.026537844758,-74.53988176479233,-77.60186960437385,-19.8551,0.0,9.024000000000001,659.54,-0.030104466749552722,0.0,0.013682263395700035,-0.01642326469963914
AVLLIFLLGLLLGTL,Mutant,clash,,LLLAVLLGFLLGLLLGTLILI,1.31794778260051,LLLAVLLIFLLGLLLGTLILI_0,110011001100110000,1,-58.7258,-66.1724,-58.7258,-224.576,-216.762,-238.52,-348.227,4570.59,3799.36,3555.64,-10.7446,32941.6,-75.6701,32876.3,-50.9809,-80.7517,48.844,-40.5225,8.47106,5.20669,4.43935,30323.0,-73.2945,52.8302,-38.1653,32593.4,6.8167,4.62625,3.9187,0,LLLAVLLIFLLGLLLGTLILI,0.4338830835311773,0.0637577637240101,D,14,-90.76909406366826,-92.10429922120612,-87.20381691418773,-89.05472188178453,-90.2644901353039,-91.67268377006306,-24.689200000000007,0.0,13.944000000000017,771.23,-0.03201275883977543,0.0,0.01808020953541747,-0.013931771326322886
STLLGLLLGVLLLIL,Mutant,clash,,LLLSTLLGLLLGVLLAILILI,0.6579975428692887,LLLSTLLGLLLGVLLLILILI_2,110011001100110000,1,-55.9599,-51.3206,-44.9407,-231.838,-227.882,-259.262,-381.628,4543.44,3700.94,3515.9,-10.7379,12381.0,-104.568,12278.6,-77.4254,-72.729,79.8204,-40.3165,7.83374,8.18509,7.8824,10282.5,-70.6341,63.5646,-35.8262,12099.9,6.7474,5.67633,5.1298,2,LLLSTLLGLLLGVLLLILILI,0.4644720429189465,0.0463305787609776,D,16,-58.22815206342412,-61.23222054182508,-57.15705116351271,-60.23814904352156,-63.29174135349792,-65.93165622785016,-27.1426,-11.019199999999998,27.424000000000007,842.4999999999995,-0.03221673590504453,-0.01307916913946588,0.032550741839762636,-0.0127452818991098
AFLLGVLLGLLLLTL,Mutant,clash,,LLLAFLLGVLLGLLLGTLILI,-0.0777234762027321,LLLAFLLGVLLGLLLLTLILI_2,110011001100110000,1,-58.7167,-66.2635,-58.7167,-224.727,-226.038,-239.077,-352.983,4609.6,3854.93,3346.32,-10.6853,2306280.0,-80.2252,2306220.0,-55.1902,-73.8686,64.59,-50.318,8.94722,6.29994,5.76879,801648.0,-83.578,48.738,-35.1079,5058960.0,6.9512,5.61633,4.8474,2,LLLAFLLGVLLGLLLLTLILI,1.2940968616698851,0.0434836584961204,D,16,-83.19903006873035,-85.2341097845783,-72.36803655473578,-75.7150604793396,-74.16239418946616,-77.29206989903506,-25.035000000000004,0.0,14.349999999999994,754.6700000000005,-0.03317344004664288,0.0,0.019014933679621534,-0.014158903891767253
TLLLGVLLILLLGFL,Mutant,clash,11.0,LLLTLLLGVLLGLLLGFLILI,1.1411646829505966,LLLTLLLGVLLILLLGFLILI_2,110011001100110000,1,-44.9091,-53.6879,-44.9091,-240.164,-226.196,-245.999,-356.713,4603.61,4031.99,3452.3,-10.6644,8764340.0,-82.3038,8764260.0,-65.8049,-85.3486,56.39,-37.1673,10.4816,6.91494,6.26079,7114690.0,-87.8363,33.3963,-37.1588,8763980.0,7.4752,4.18395,3.1849,2,LLLTLLLGVLLILLLGFLILI,0.1695645120980931,0.1078558723661468,D,15,-36.28828236644465,-47.42995432119379,-34.193789973518186,-45.70173909078121,-30.20788541938128,-42.41287493415109,-16.498899999999992,0.0,5.835000000000008,571.6199999999999,-0.028863405759070704,0.0,0.01020783037682378,-0.018656450089220115
TLLLGLLLIYLLAFL,Mutant,clash,,LLLTLLLGLLLGYLLAFLILI,1.0123273299414697,LLLTLLLGLLLIYLLAFLILI_2,110011001100110000,1,-44.9618,-44.9618,-44.9618,-247.587,-243.816,-251.739,-354.29,4640.22,4170.84,3607.91,-10.5398,185362.0,-72.2811,185297.0,-57.5888,-90.223,66.4061,-33.2492,10.5723,8.99827,8.49436,160641.0,-93.4365,38.3915,-39.9749,187262.0,7.3305,5.69833,4.7742,2,LLLTLLLGLLLIYLLAFLILI,0.174823085625003,0.0647927133382155,D,15,-44.40834963720663,-55.22514340219564,-45.92456553580476,-56.4463402723731,-45.63773118827593,-56.21531696772008,-14.692299999999996,0.0,4.152000000000015,469.3800000000001,-0.03130150411180705,0.0,0.008845711363926912,-0.022454727512889336
AFLLILLLGTLLGVL,Mutant,clash,,LLLAFLLGLLLGTLLGVLILI,1.2386722126148273,LLLAFLLILLLGTLLGVLILI_2,110011001100110000,1,-58.6456,-68.8549,-58.6456,-222.61,-209.682,-238.894,-349.207,4556.09,3912.62,3419.92,-10.4246,69514.4,-78.3759,69443.8,-51.6669,-69.9103,54.8307,-44.7913,9.75153,4.38869,3.71115,64214.0,-70.7932,46.6401,-35.0,69165.2,7.2306,3.4154,2.615,2,LLLAFLLILLLGTLLGVLILI,0.2672063756982568,0.0845211761926927,D,14,-72.7714601087466,-77.2960638957897,-66.82045917176322,-72.33394893960846,-72.43335809064861,-77.01414475336567,-26.709000000000003,0.0,16.283999999999992,643.4700000000003,-0.04150776259965498,0.0,0.02530654109748704,-0.016200599872565925
TVLLLILLGLLLGFL,Mutant,clash,,LLLTVLLGILLGLLLGFLILI,0.4982913650314806,LLLTVLLLILLGLLLGFLILI_0,110011001100110000,1,-44.9617,-53.276,-44.9617,-229.937,-225.294,-244.469,-357.521,4561.83,3782.33,3570.39,-10.3154,147826.0,-92.9375,147747.0,-68.0905,-86.9163,29.617,-38.0349,8.55246,3.53574,2.47999,144750.0,-76.9679,35.2534,-45.0,147468.0,6.6086,2.8044,1.8332,0,LLLTVLLLILLGLLLGFLILI,0.2641973603499001,0.0697409599272632,D,17,-19.85475174850933,-34.00075138852222,-24.759200092323614,-38.03954236624595,-16.88277293875695,-31.5533403116061,-24.846999999999994,0.0,14.531999999999982,779.5,-0.031875561257216155,0.0,0.018642719692110305,-0.013233354714560617
AFLLISLLGILLTLL,Mutant,clash,,LLLAFLLGSLLGILLTLLILI,1.4836353817989754,LLLAFLLISLLGILLTLLILI_0,110011001100110000,1,-74.1526,-72.4165,-74.1526,-223.347,-221.937,-243.612,-371.369,4631.23,3875.79,3597.14,-10.2202,540501.0,-84.0888,540424.0,-53.6041,-75.1382,58.5279,-45.9286,9.01887,5.67199,5.04991,123066.0,-72.8398,58.7702,-43.8998,540130.0,7.2749,5.35995,4.7415,0,LLLAFLLISLLGILLTLLILI,0.1798078905265894,0.0674055383384671,D,14,-36.06474252322253,-49.89564383312831,-35.72580261261027,-49.63002566451997,-39.94407872204302,-52.935776152409886,-30.484700000000004,0.0,20.264999999999986,755.4399999999996,-0.040353568781107726,0.0,0.026825426241660486,-0.013528804405379654
STLLGLLLGVLLIIL,Mutant,clash,,LLLSTLLGLLLGVLLAILILI,0.6778705282773827,LLLSTLLGLLLGVLLIILILI_1,110011001100110000,1,-57.8194,-53.3374,-44.9407,-227.652,-222.475,-260.102,-379.936,4510.96,3627.7,3487.18,-10.1022,597.436,-104.567,493.312,-74.8939,-69.6635,74.2538,-38.5203,7.54887,6.97378,6.58759,447.407,-70.6341,63.5646,-35.8262,188.09,6.7474,5.67633,5.1298,1,LLLSTLLGLLLGVLLIILILI,0.4445990575108525,0.0769174640105991,D,14,-70.65786113751112,-71.29387114492465,-66.58442939640618,-67.30873369497552,-72.01890111078673,-72.62540968861634,-29.67309999999999,-12.878700000000002,32.44999999999999,883.2600000000002,-0.03359497769626156,-0.014580870864751034,0.03673889907841404,-0.011437402350383803
FYLLIVLLGLLLATL,Mutant,clash,,LLLFYLLGVLLGLLLATLILI,0.7619309204821807,LLLFYLLIVLLGLLLATLILI_0,110011001100110000,1,-58.7635,-65.0796,-58.7635,-232.211,-225.842,-242.077,-344.392,4726.43,3988.97,3685.06,-10.0869,528.48,-63.5037,475.01,-43.5514,-71.7148,50.7752,-40.4637,10.1797,4.11187,3.3735,525.112,-71.1945,47.5262,-42.4033,184.088,7.5,3.59521,2.8081,0,LLLFYLLIVLLGLLLATLILI,0.3653155329676625,0.0579953844234575,D,14,-84.6466118059978,-86.51187090108267,-81.50840117257458,-83.75491656446641,-85.34563601573485,-87.12597175394103,-19.9523,0.0,9.865999999999985,737.4600000000005,-0.02705543351503809,0.0,0.013378352724215522,-0.013677894394272222
ALLLGFLLIILLGTL,Mutant,clash,,LLLALLLGFLLGILLGTLILI,0.9409449613160914,LLLALLLGFLLIILLGTLILI_0,110011001100110000,1,-58.7265,-68.1882,-58.7265,-228.646,-215.082,-239.481,-354.92,4527.95,4042.52,3458.57,-10.0837,21196.3,-77.6315,21124.6,-56.7126,-65.786,66.2521,-47.6093,9.54553,5.31194,4.80573,12615.8,-68.1464,52.7276,-38.529,20841.4,6.6534,3.84019,3.1311,0,LLLALLLGFLLIILLGTLILI,0.2292051995405156,0.0731092960903569,D,14,-34.35703066729077,-38.24757719187284,-26.831035652601653,-31.16763503015591,-14.30357076963248,-19.38265156534485,-20.9189,0.0,10.835000000000008,485.42999999999984,-0.0430935459283522,0.0,0.022320416949920714,-0.02077271697258102
VFLLITLLGILLALL,Mutant,clash,,LLLVFLLGTLLGILLALLILI,1.061494055172281,LLLVFLLITLLGILLALLILI_1,110011001100110000,1,-55.4666,-46.6287,-58.7536,-220.689,-221.593,-243.175,-360.992,4617.67,3774.9,3625.33,-10.0488,1458.02,-94.8858,1365.25,-59.0636,-58.9934,56.2616,-48.1679,7.45116,2.94433,2.28826,1244.59,-65.0104,55.0216,-43.8705,2616.18,6.506,3.67948,3.0048,1,LLLVFLLITLLGILLALLILI,0.1364914666545826,0.0418121348518528,D,15,-80.34480917684382,-84.87441025147912,-76.32202986091171,-81.7786931898091,-81.73197547873137,-85.94189967878118,-35.8222,3.286999999999999,22.48600000000002,842.77,-0.042505309871020566,0.0039002337529812393,0.026681063635392833,-0.01192353785730389
TLLLLILLGVLLAFL,Mutant,clash,,LLLTLLLGILLGVLLAFLILI,1.3450160327472216,LLLTLLLLILLGVLLAFLILI_2,110011001100110000,1,-44.9405,-48.1629,-44.9405,-228.246,-227.322,-246.214,-357.736,4588.95,3925.91,3584.8,-10.005,46821.8,-94.5541,46739.6,-66.5814,-63.6112,44.7555,-53.2851,7.80495,2.08367,1.255,46318.6,-68.9044,49.4176,-45.0,46446.6,6.5,3.50704,2.7483,2,LLLTLLLLILLGVLLAFLILI,0.1470599340759813,0.0391625097655606,D,17,-75.20565323347405,-81.72380143864592,-71.31027599851069,-78.85247401518325,-76.98018880388898,-83.03183204515798,-27.972700000000003,0.0,17.96799999999999,663.04,-0.04218855574324325,0.0,0.027099420849420835,-0.015089587355212358
TLLLIVLLGFLLAIL,Mutant,clash,7.0,LLLTLLLGVLLGFLLAILILI,0.9720430268736072,LLLTLLLIVLLGFLLAILILI_2,110011001100110000,1,-44.9524,-46.2509,-44.9524,-225.441,-225.447,-246.018,-353.148,4631.31,3978.58,3597.75,-10.0035,31877.1,-92.7587,31795.7,-62.1779,-72.7142,40.1807,-48.3906,8.94754,2.83151,1.93422,24893.7,-83.081,35.995,-42.847,31827.8,7.4247,3.82147,2.86139,2,LLLTLLLIVLLGFLLAILILI,0.3639606484800526,0.0501151858642007,D,15,-93.03073966772192,-94.09363814955375,-90.8783302364379,-92.26949780389944,-92.77751746266624,-93.87903546572235,-30.580800000000004,0.0,20.576999999999998,652.7300000000005,-0.046850612044796444,0.0,0.031524520092534404,-0.01532563234415454
TFLLGLLLGVLLLIL,Mutant,clash,,LLLTFLLGLLLGVLLAILILI,0.3480393293198465,LLLTFLLGLLLGVLLLILILI_0,110011001100110000,1,-48.9337,-52.4404,-44.9175,-229.931,-227.744,-246.618,-355.662,4624.46,3707.86,3509.29,-9.91397,3135.19,-86.711,3059.71,-64.1259,-56.8729,64.6239,-48.2817,7.73437,3.75516,3.22452,2670.66,-66.0595,53.2865,-42.9639,2779.52,7.0854,3.6026,2.9019,0,LLLTFLLGLLLGVLLLILILI,1.0636834226897596,0.1026719636028042,D,17,-79.374092352402,-85.9863578034015,-71.42829628294382,-80.58782965196313,-76.35816242639221,-83.93727644440312,-22.585099999999997,-4.016200000000005,16.686999999999983,916.5999999999999,-0.024640082915121098,-0.004381627754745806,0.018205324023565336,-0.010816026620117828
ALLLGFLLITLLGVL,Mutant,clash,11.0,LLLALLLGFLLGTLLGVLILI,1.025487032650223,LLLALLLGFLLITLLGVLILI_1,110011001100110000,1,-58.6723,-45.8428,-58.6723,-228.292,-219.36,-237.991,-351.186,4517.12,3992.63,3331.68,-9.89472,639938000000.0,-74.1165,639938000000.0,-54.5227,-85.2619,63.2101,-46.3156,10.651,7.82265,7.2708,14550100.0,-85.1121,47.6719,-35.0,7725860.0,7.4675,5.70252,4.9176,1,LLLALLLGFLLITLLGVLILI,0.2593446601267726,0.1054443517244721,D,14,-11.534807050123666,-24.57567356964078,-18.968776959992653,-30.91378412429832,-11.611871368576592,-24.641377651860104,-19.5938,0.0,9.699000000000012,524.4899999999998,-0.03735781425765984,0.0,0.01849224961391069,-0.018865412114625644
AILLGVLLILLLGFL,Mutant,clash,,LLLAILLGVLLGLLLGFLILI,0.9122084968913023,LLLAILLGVLLILLLGFLILI_0,110011001100110000,1,-44.9261,-51.7898,-44.9261,-237.281,-221.57,-238.685,-346.997,4537.06,4013.95,3484.28,-9.67048,34847500.0,-74.4595,34847500.0,-63.3853,-80.3274,58.2566,-42.0773,11.145,6.41374,5.78759,28085500.0,-83.7055,31.7125,-44.5563,34847200.0,7.4442,3.33701,2.3127,0,LLLAILLGVLLILLLGFLILI,0.2903682832048314,0.1395216869757564,D,14,-39.71102047324192,-44.51682774333381,-18.361374517886723,-24.869023228180733,37.35614798136169,26.4070959366564,-11.074200000000005,0.0,1.4039999999999964,523.1100000000006,-0.021169926019384055,0.0,0.0026839479268222647,-0.01848651335283208
LFLLGVLLGILLLTL,Mutant,clash,,LLLLFLLGVLLGILLATLILI,0.7604064219998378,LLLLFLLGVLLGILLLTLILI_2,110011001100110000,1,-58.7587,-68.6783,-58.7587,-225.934,-217.895,-242.076,-356.736,4670.22,4007.17,3515.96,-9.61958,9503.86,-81.6629,9433.69,-55.9023,-72.534,59.0377,-55.4169,8.47069,5.35019,4.73575,7381.11,-76.1397,46.3109,-45.0,9147.12,6.7451,4.17293,3.36759,2,LLLLFLLGVLLGILLLTLILI,0.5561338601479587,0.0548206743082349,D,16,-58.5027255572423,-65.2615215820808,-56.76533683649976,-63.80710701173824,-59.13423777923663,-65.79017735499582,-25.760599999999997,0.0,16.141999999999996,663.0500000000002,-0.038851670311439546,0.0,0.024345072015685077,-0.014508076314003464
TFLLLILLGLLLGVL,Mutant,clash,,LLLTFLLGILLGLLLGVLILI,1.0539158547346714,LLLTFLLLILLGLLLGVLILI_0,110011001100110000,1,-44.9552,-53.2956,-44.9552,-224.683,-227.758,-245.492,-354.016,4635.02,3615.28,3480.73,-9.52632,90373.8,-93.9042,90300.9,-63.5689,-89.5145,32.376,-43.0794,8.95638,4.29794,3.28358,86848.0,-80.9864,40.2503,-44.8665,90019.8,6.9244,4.08175,3.1855,0,LLLTFLLLILLGLLLGVLILI,0.293514129946981,0.0429553529882125,D,17,-46.19162429703863,-55.04612875788485,-43.60280057926699,-52.8833121599693,-47.828466402291056,-56.41361826638419,-30.335300000000004,0.0,20.808999999999997,1019.7400000000002,-0.029748073038225426,0.0,0.02040618196795261,-0.009341910683115302
AYLLGVLLILLLGFL,Mutant,clash,11.0,LLLAYLLGVLLGLLLGFLILI,1.0104266993992082,LLLAYLLGVLLILLLGFLILI_1,110011001100110000,1,-44.9669,-47.0816,-44.9116,-238.967,-232.919,-244.273,-337.565,4634.86,4056.69,3386.81,-9.49851,26204800.0,-63.1296,26204700.0,-48.3808,-75.7635,62.2989,-41.7246,10.5037,6.27488,5.70936,17898200.0,-78.3342,38.1851,-39.2997,26045900.0,6.6883,3.40512,2.4779,1,LLLAYLLGVLLILLLGFLILI,0.2272796126781686,0.0825522190744971,D,14,-69.71158701845495,-72.6508098587509,-58.92792367430541,-62.91360575373346,-62.17828326074778,-65.84854666368501,-14.748800000000003,-0.05530000000000257,5.305999999999983,578.1699999999996,-0.025509452237231285,-9.564660912880745e-05,0.009177231610080057,-0.01642857637027173
AVLLGFLLGTLLLLL,Mutant,clash,,LLLAVLLGFLLGTLLGLLILI,0.5594298470742288,LLLAVLLGFLLGTLLLLLILI_2,110011001100110000,1,-55.1696,-66.2014,-58.7162,-229.743,-213.54,-238.595,-352.265,4606.97,3752.9,3418.12,-9.48419,48986.4,-76.8366,48913.9,-54.9538,-78.3172,66.9818,-47.0392,9.06617,7.29012,6.79485,48481.1,-77.6262,50.1878,-35.0,48634.2,7.3742,4.91928,4.1721,2,LLLAVLLGFLLGTLLLLLILI,0.7789483207857714,0.0935799334210161,D,16,-64.32213306364055,-70.2887365630212,-57.4186326774951,-64.53974604809156,-61.96078201544075,-68.32228707809554,-21.882800000000003,3.546599999999998,8.852000000000004,854.0700000000002,-0.02562178744131043,0.0041525870244827675,0.010364490030091213,-0.011104698678094299
GYLLATLLIFLLSLL,Mutant,clash,,LLLGYLLATLLGFLLSLLILI,0.7263335158648314,LLLGYLLATLLIFLLSLLILI_2,110011001100110000,1,-77.1221,-68.13,-74.0937,-237.982,-230.956,-251.975,-368.77,4632.14,3975.39,3717.32,-9.42088,5164.6,-63.087,5094.92,-42.7013,-83.6706,62.9004,-40.3143,9.65293,7.54215,6.98565,4557.61,-78.9601,51.8199,-41.3257,4795.83,7.4908,5.3397,4.617,2,LLLGYLLATLLIFLLSLLILI,0.3404791050277009,0.0331779941610825,D,14,-96.6309703132365,-96.48991608054804,-95.25916716185284,-95.06067839788724,-96.10536040024954,-95.9422999788768,-20.3857,-3.028400000000005,13.992999999999995,656.7500000000005,-0.031040274076893772,-0.004611191473163309,0.021306433193757114,-0.014344697373429758
TALLGVLLGLLLIFL,Mutant,clash,,LLLTALLGVLLGLLLGFLILI,0.9564742554101516,LLLTALLGVLLGLLLIFLILI_2,110011001100110000,1,-44.9633,-53.4048,-44.9633,-233.872,-223.817,-244.009,-350.258,4516.82,3804.92,3553.57,-9.29499,2697.84,-80.7186,2624.81,-61.2863,-72.1238,62.5508,-43.6703,8.48354,5.76293,5.2012,1976.3,-73.5676,38.1677,-45.0,2347.58,6.5,2.68778,1.7603,2,LLLTALLGVLLGLLLIFLILI,0.2687202341366748,0.0574987276784228,D,15,-14.312857592073224,-20.86901558456761,-18.181179535477817,-24.44136161940406,-11.64021903413297,-18.40086792398125,-19.432299999999998,0.0,10.136999999999972,711.8999999999996,-0.027296389942407653,0.0,0.014239359460598367,-0.013056595027391494
AYLLGTLLILLLGFL,Mutant,clash,11.0,LLLAYLLGTLLGLLLGFLILI,0.9012860132922066,LLLAYLLGTLLILLLGFLILI_2,110011001100110000,1,-58.6855,-70.1076,-58.6855,-241.112,-222.264,-245.724,-345.633,4624.25,3943.19,3437.01,-8.88274,10537200.0,-54.7182,10537200.0,-41.2232,-88.0423,67.7373,-39.3546,9.04499,8.85088,8.36694,10057500.0,-81.8261,48.1246,-38.4583,10536900.0,6.5,5.27073,4.4926,2,LLLAYLLGTLLILLLGFLILI,0.2390659497350639,0.073639901891837,D,14,-72.38982015551927,-76.40426448342892,-67.22539187401004,-71.99072989179709,-70.14102692593161,-74.48243961391749,-13.495000000000005,0.0,4.611999999999995,681.06,-0.019814700613749164,0.0,0.0067717969048248245,-0.013042521951076264
ALLLGFLLGILLLTL,Mutant,clash,,LLLALLLGFLLGILLGTLILI,0.2719264443263157,LLLALLLGFLLGILLLTLILI_2,110011001100110000,1,-58.7265,-72.2184,-58.7265,-231.642,-218.514,-239.467,-358.139,4536.69,3789.24,3408.74,-8.87397,800847.0,-76.6436,800780.0,-59.9447,-67.6948,69.5544,-46.5029,9.00079,6.04407,5.58738,795565.0,-68.1464,52.7276,-38.529,800489.0,6.6534,3.84019,3.1311,2,LLLALLLGFLLGILLLTLILI,0.8982237165302912,0.0531872284738942,D,16,-74.39960328178945,-79.27352105248987,-69.33338538441348,-75.17183232675352,-74.2532898900214,-79.15506345717995,-16.69890000000001,0.0,7.825000000000017,747.4499999999998,-0.022341159943808968,0.0,0.010468927687470759,-0.0118723259080875
TFLLIVLLGLLLGAL,Mutant,clash,,LLLTFLLGVLLGLLLGALILI,1.0927604784294616,LLLTFLLIVLLGLLLGALILI_0,110011001100110000,1,-44.8802,-52.8959,-44.8802,-221.994,-216.794,-241.192,-344.719,4611.39,3718.41,3519.17,-8.85824,139914.0,-86.7025,139839.0,-58.6462,-86.3115,32.4671,-33.401,9.68119,3.82978,2.81679,88637.4,-80.3909,36.9211,-40.9331,139569.0,7.1519,3.54298,2.5968,0,LLLTFLLIVLLGLLLGALILI,0.2910999112549379,0.0638675544147701,D,15,-37.21146736740484,-42.38535066661689,-38.60101174851248,-43.66039419596876,-38.16233553302651,-43.25786565665712,-28.0563,0.0,19.198000000000008,892.9800000000005,-0.03141873278236913,0.0,0.02149880176487715,-0.009919863826737436
AFLLGVLLGILLLLL,Mutant,clash,,LLLAFLLGVLLGILLGLLILI,0.1861855345924066,LLLAFLLGVLLGILLLLLILI_0,110011001100110000,1,-48.3951,-53.503,-44.9468,-222.273,-221.982,-239.845,-349.054,4614.35,3846.62,3671.85,-8.80201,21076.3,-87.1872,21002.7,-64.262,-59.1053,45.8497,-56.1461,7.98144,1.55551,0.74325,5050.58,-69.6978,38.4736,-44.8571,20727.3,6.5368,2.1486,1.2257,0,LLLAFLLGVLLGILLLLLILI,1.2528558014459945,0.1386644788097107,D,16,-94.5121322405138,-95.16611561401145,-91.37262901209034,-92.40074365157597,-92.44486870044445,-93.34520567484768,-22.925200000000004,-3.448299999999996,17.572000000000003,767.7300000000005,-0.02986101884777199,-0.0044915530199418985,0.022888254985476655,-0.011464981178278814
TLLLGILLIVLLAFL,Mutant,clash,,LLLTLLLGILLGVLLAFLILI,1.1776874876300776,LLLTLLLGILLIVLLAFLILI_0,110011001100110000,1,-44.9405,-49.5115,-44.9405,-238.625,-231.806,-247.352,-354.61,4615.57,4057.0,3588.0,-8.75612,2001560.0,-79.8003,2001480.0,-62.3174,-77.0546,54.7982,-34.4287,9.76256,5.45596,4.77793,1993030.0,-68.9044,49.4176,-45.0,2001200.0,6.5,3.50704,2.7483,0,LLLTLLLGILLIVLLAFLILI,0.3143884791931253,0.0294182879471139,D,15,-46.69754301225287,-55.35144671695858,-36.13623673843852,-46.504818014395845,-41.43411967300625,-50.94256482493664,-17.482899999999994,0.0,8.727000000000004,558.5699999999997,-0.03129938951250515,0.0,0.015623825124872457,-0.015675958250532616
AFLLGVLLILLLGYL,Mutant,clash,,LLLAFLLGVLLGLLLGYLILI,1.1323876421984604,LLLAFLLGVLLILLLGYLILI_1,110011001100110000,1,-44.9328,-44.9328,-44.9328,-231.588,-234.074,-242.816,-335.097,4653.36,4074.62,3470.93,-8.69725,152316.0,-67.2735,152260.0,-47.3482,-60.6653,68.5918,-33.801,9.70961,4.85969,4.38857,147896.0,-69.605,42.1044,-35.8969,165122.0,6.5663,2.62484,1.75641,1,LLLAFLLGVLLILLLGYLILI,0.3757133746454451,0.0715311466706679,D,14,-13.25937414500238,-23.16250256523956,-16.31603997050057,-25.8701905742961,0.8024250374111842,-10.706131078907164,-19.9253,0.0,11.228000000000009,578.7399999999998,-0.03442875902823376,0.0,0.01940076718388225,-0.015027905449770196
VFLLITLLGLLLAIL,Mutant,clash,7.0,LLLVFLLGTLLGLLLAILILI,1.2481461741386797,LLLVFLLITLLGLLLAILILI_0,110011001100110000,1,-58.7524,-52.2452,-58.7524,-231.112,-215.728,-243.156,-360.268,4631.52,3830.87,3589.12,-8.65178,451550.0,-79.0558,451457.0,-58.3591,-83.9373,60.694,-41.813,9.59875,7.28428,6.69469,432713.0,-81.7774,50.2073,-43.0207,451189.0,6.749,5.54459,4.7977,0,LLLVFLLITLLGLLLAILILI,0.3852528815992209,0.043095936703396,D,15,-64.63976005730446,-70.00681028611918,-60.95192242011268,-66.87872025998993,-65.86377807439557,-71.04504432127611,-20.696700000000007,0.0,12.044000000000011,800.6500000000005,-0.02584987197901704,0.0,0.015042777743083748,-0.010805945169549734
ALLLIILLGFLLGTL,Mutant,clash,,LLLALLLGILLGFLLGTLILI,1.199569954466616,LLLALLLIILLGFLLGTLILI_2,110011001100110000,1,-58.6933,-65.9226,-58.6933,-220.026,-218.13,-239.416,-352.328,4601.13,4003.64,3533.04,-8.63548,54081.7,-82.2438,54013.4,-54.2186,-72.8237,46.651,-54.7919,8.67543,3.72144,2.92121,51280.5,-79.2928,46.8705,-41.4445,53729.3,6.9265,4.72144,3.9245,2,LLLALLLIILLGFLLGTLILI,0.1881909107039729,0.0570358485913938,D,14,-57.69059470940233,-63.28219013542067,-51.25158827449947,-57.69416042028529,-57.719924018636135,-63.3076432939444,-28.02519999999999,0.0,19.389999999999986,597.4900000000002,-0.04690488543741315,0.0,0.03245242598202477,-0.014452928082478361
STLLGALLGFLLILL,Mutant,clash,,LLLSTLLGALLGFLLALLILI,1.0364519017804343,LLLSTLLGALLGFLLILLILI_1,110011001100110000,1,-56.6783,-48.6682,-44.9255,-229.499,-220.812,-258.222,-361.751,4536.14,3739.75,3541.35,-8.62673,621.906,-84.1996,529.636,-58.6029,-72.669,76.3879,-40.2908,7.52271,7.71271,7.35853,599.372,-68.8242,63.6738,-35.7825,397.802,6.5843,5.41959,4.8747,1,LLLSTLLGALLGFLLILLILI,0.3696970663449987,0.0573643470860664,D,14,25.99834487931491,16.16854334014759,9.65463230274407,1.0998907748393163,40.65780875721734,29.684344412571136,-25.596700000000006,-11.7528,28.722999999999985,796.3900000000003,-0.0321409108602569,-0.01475759364130639,0.03606650008161827,-0.010832293223169549
AYLLILLLGVLLGTL,Mutant,clash,7.0,LLLAYLLGLLLGVLLGTLILI,0.6181166959285228,LLLAYLLILLLGVLLGTLILI_1,110011001100110000,1,-58.7113,-58.7113,-58.7113,-224.096,-209.752,-241.586,-355.041,4593.75,3808.14,3438.77,-8.58715,28490.5,-80.8212,28403.9,-54.7433,-71.0028,54.8977,-45.3436,9.00304,4.56161,3.88508,27649.2,-78.1031,43.7429,-35.0,47828.6,7.2077,4.12076,3.2769,1,LLLAYLLILLLGVLLGTLILI,0.5428038569456012,0.0606126099762476,D,14,-90.9530039249382,-91.45591612017682,-88.1893584039937,-88.84589850226976,-91.1231093947822,-91.61656562092882,-26.077900000000007,0.0,17.49000000000001,785.6100000000001,-0.03319446035564721,0.0,0.022262954901286908,-0.010930550782194725
AFLLGLLLGTLLIIL,Mutant,clash,,LLLAFLLGLLLGTLLGILILI,0.3606062269832317,LLLAFLLGLLLGTLLIILILI_0,110011001100110000,1,-58.7594,-55.8162,-58.7594,-235.864,-220.513,-240.42,-353.386,4549.98,4090.46,3490.33,-8.45804,87685.0,-67.2203,87607.9,-54.206,-90.8994,53.4037,-41.5493,10.3562,7.34441,6.64547,71999.1,-87.7841,38.6606,-35.7467,87331.6,7.5,4.88679,3.9667,0,LLLAFLLGLLLGTLLIILILI,1.2783517469769654,0.0434397136708984,D,14,-92.0540045520128,-94.56370187985556,-86.48665063743928,-90.75476493569444,-89.85959351738089,-93.0623830507068,-13.014299999999992,0.0,4.555999999999983,459.5199999999995,-0.028321509401114216,0.0,0.009914693593314736,-0.01840625000000002
AVLLLLLLGLLLGFL,Mutant,clash,,LLLAVLLGLLLGLLLGFLILI,1.4337586173845476,LLLAVLLLLLLGLLLGFLILI_2,110011001100110000,1,-44.9261,-51.2036,-44.9261,-220.429,-220.402,-239.312,-353.6,4587.62,3941.0,3634.18,-8.43037,9633.26,-96.6751,9551.27,-69.3622,-67.7997,37.4969,-52.6901,8.16577,1.73205,0.7945,7723.3,-77.4724,32.2036,-43.8153,9279.66,7.0393,2.46835,1.4514,2,LLLAVLLLLLLGLLLGFLILI,0.2304494101312976,0.062099379269283,D,16,-27.98344688107277,-39.102718195622366,-31.124592136653963,-41.758874308811,-39.40038136602552,-48.75689139000091,-27.3129,0.0,18.88300000000001,646.6199999999999,-0.04223949150969658,0.0,0.029202622869691646,-0.01303759549658223
TFLLGLLLIVLLAIL,Mutant,clash,11.0,LLLTFLLGLLLGVLLAILILI,1.0034387274330745,LLLTFLLGLLLIVLLAILILI_2,110011001100110000,1,-44.9935,-49.5496,-44.9935,-238.085,-231.263,-248.059,-356.907,4618.57,4052.95,3559.95,-8.37907,32004.5,-82.2075,31928.4,-63.8543,-81.7552,56.7688,-32.0031,11.1132,6.42707,5.7786,22213.6,-75.4208,48.7219,-40.9997,31647.6,7.4067,4.39057,3.6214,2,LLLTFLLGLLLIVLLAILILI,0.4082840245765318,0.0618740534358091,D,15,-61.58388226457856,-67.09630626609669,-52.91511600173296,-59.67144277187468,-58.715270500681385,-64.63931871803649,-18.353199999999994,0.0,9.97399999999999,565.6199999999999,-0.032447933241398816,0.0,0.01763374703864784,-0.014813956366465122
AYLLGLLLITLLGFL,Mutant,clash,,LLLAYLLGLLLGTLLGFLILI,0.7907267405411478,LLLAYLLGLLLITLLGFLILI_2,110011001100110000,1,-60.2305,-50.2442,-58.7122,-240.497,-221.009,-244.98,-344.994,4631.52,4079.89,3485.12,-8.22999,149292.0,-52.4962,149218.0,-41.3015,-87.3024,62.6105,-37.7176,10.9958,8.04778,7.48693,135080.0,-82.6456,43.881,-35.0,148947.0,7.5,4.82078,3.979,2,LLLAYLLGLLLITLLGFLILI,0.147122491946301,0.1288801270374174,D,14,-67.96125339293957,-69.1118610227937,-59.03485349278892,-60.50603495651392,-61.07752528050028,-62.47534826447407,-11.194700000000005,-1.5182999999999964,4.482999999999976,551.6300000000006,-0.0202938563892464,-0.002752388376266691,0.008126824139368728,-0.014919402498051217
AFLLILLLGVLLGTL,Mutant,clash,,LLLAFLLGLLLGVLLGTLILI,1.0762965982359347,LLLAFLLILLLGVLLGTLILI_0,110011001100110000,1,-58.7316,-68.8288,-58.7316,-222.654,-214.356,-238.948,-348.959,4573.1,3939.84,3385.6,-8.21586,135167.0,-75.7893,135102.0,-51.2797,-79.496,55.6446,-43.7079,9.36553,5.93642,5.27109,125430.0,-83.578,48.738,-35.1079,134818.0,6.9512,5.61633,4.8474,0,LLLAFLLILLLGVLLGTLILI,0.2930634317769779,0.1258592098613467,D,14,-73.75016026847359,-76.74322488453403,-67.22541973633963,-70.96244965715776,-72.4440961417429,-75.58608106985115,-24.5096,0.0,16.29400000000001,633.2600000000002,-0.03870384991946434,0.0,0.025730347724473367,-0.012973912768846914
ALLLGILLILLLGFL,Mutant,clash,,LLLALLLGILLGLLLGFLILI,1.1101635343384713,LLLALLLGILLILLLGFLILI_1,110011001100110000,1,-44.9506,-47.1252,-44.9506,-233.562,-231.063,-240.319,-353.57,4589.6,4059.22,3407.19,-8.16308,25732900.0,-83.2208,25732900.0,-68.3007,-74.8142,65.1633,-39.4047,10.4557,6.51918,5.99663,25583600.0,-80.9675,41.2498,-36.7766,25738500.0,6.7833,4.21385,3.3326,1,LLLALLLGILLILLLGFLILI,0.1696884702603102,0.1203586578666505,D,14,-12.955831136445076,-26.469692228117424,-10.308152811352272,-24.233073685292435,0.5899536330702138,-15.026930052107137,-14.92009999999999,0.0,6.756999999999977,530.3800000000006,-0.028130962705984343,0.0,0.01273992231984609,-0.015391002677325676
TALLGVLLGLLLLFL,Mutant,clash,,LLLTALLGVLLGLLLGFLILI,0.9936767826553152,LLLTALLGVLLGLLLLFLILI_1,110011001100110000,1,-44.9633,-47.4364,-44.9633,-232.056,-223.885,-243.886,-353.404,4554.0,3920.8,3572.22,-8.06553,5182260.0,-84.4507,5182180.0,-64.555,-74.9563,55.4801,-49.7798,8.12361,5.23326,4.56546,23737.9,-73.5676,38.1677,-45.0,20565.9,6.5,2.68778,1.7603,1,LLLTALLGVLLGLLLLFLILI,0.231517706891511,0.1407121673771205,D,17,-17.154255151713517,-23.908589973926592,-17.30211652386621,-24.04439634896845,-14.460780164660529,-21.43471144208235,-19.89569999999999,0.0,11.829999999999984,633.1999999999998,-0.0314208780795957,0.0,0.018682880606443443,-0.012737728995578021
AYLLLVLLGFLLGLL,Mutant,clash,,LLLAYLLGVLLGFLLGLLILI,0.7346825021536637,LLLAYLLLVLLGFLLGLLILI_0,110011001100110000,1,-44.8823,-56.2413,-44.8823,-223.959,-220.843,-243.445,-336.981,4681.45,3965.3,3565.35,-8.00034,348392.0,-76.1399,348332.0,-48.654,-69.5602,51.528,-53.0129,8.92353,3.8903,3.16322,340206.0,-79.0932,48.1108,-39.972,348055.0,7.1758,4.85894,4.0806,0,LLLAYLLLVLLGFLLGLLILI,0.5990736675995237,0.1228397290374984,D,16,-90.82204396286102,-92.06637998762956,-96.9375597461507,-97.3527616403574,-99.93574480421384,-99.94445644486366,-27.485899999999994,0.0,19.48599999999999,716.1499999999996,-0.03838008797039728,0.0,0.027209383509041403,-0.011171318857781196
AFLLITLLGVLLGLL,Mutant,clash,7.0,LLLAFLLGTLLGVLLGLLILI,1.005187382973799,LLLAFLLITLLGVLLGLLILI_1,110011001100110000,1,-58.6867,-55.5567,-58.6867,-230.179,-227.425,-234.96,-346.895,4558.44,4109.29,3500.59,-7.95335,67884700000000.0,-65.9832,67884700000000.0,-53.2484,-95.3893,41.7466,-37.4781,10.7973,6.44417,5.57037,21903900.0,-94.1397,39.8563,-36.5769,39388000.0,6.9528,6.00156,5.0994,1,LLLAFLLITLLGVLLGLLILI,0.396748851505968,0.0717158608291869,D,14,-77.45765459395606,-79.97653696664193,-72.85300599245926,-75.88641194225316,-78.04990288775616,-80.50260741778035,-12.7348,0.0,4.781000000000006,449.14999999999964,-0.028353111432706246,0.0,0.0106445508182122,-0.017707558722030517
TLLLGLLLGVLLLIL,Mutant,clash,,LLLTLLLGLLLGVLLGILILI,0.8858958699541808,LLLTLLLGLLLGVLLLILILI_1,110011001100110000,1,-44.9695,-52.6744,-44.9695,-230.694,-208.792,-242.81,-373.138,4615.71,3659.45,3478.81,-7.67027,138054000.0,-105.144,138054000.0,-85.3582,-75.1948,62.6958,-44.0475,7.92537,6.24315,5.68358,4219760.0,-85.5673,40.094,-37.7266,4220450.0,7.033,4.74779,3.8492,1,LLLTLLLGLLLGVLLLILILI,0.3709086610755912,0.0672511076403044,D,17,-19.453517425248787,-25.587349621599483,-21.90572488674743,-27.852814861729087,-25.342838892193807,-31.028183352347188,-19.78580000000001,0.0,12.116000000000014,956.2600000000002,-0.02069081630518897,0.0,0.012670194298621726,-0.008021113504695374
AVLLGSLLIILLTLL,Mutant,clash,,LLLAVLLGSLLGILLTLLILI,1.3760889879123848,LLLAVLLGSLLIILLTLLILI_1,110011001100110000,1,-74.0355,-56.4815,-74.0355,-231.434,-228.679,-240.857,-385.589,4491.79,3784.42,3553.99,-7.64524,11864.9,-87.765,11764.4,-70.6964,-78.3786,62.1384,-40.4311,9.36427,6.64548,6.07756,11244.9,-69.2457,60.3937,-41.8114,11477.5,6.8012,5.04,4.4459,1,LLLAVLLGSLLIILLTLLILI,0.1020765898793362,0.0180069920527656,D,14,-33.01846623987002,-40.9855428199963,-32.03714665708995,-40.12094568035384,-32.13386831491497,-40.206162841169146,-17.068600000000004,0.0,9.423000000000002,707.3699999999999,-0.024129663401048964,0.0,0.013321175622375848,-0.010807978851237686
ALLLGTLLLILLSFL,Mutant,clash,,LLLALLLGTLLGILLSFLILI,0.980897244753804,LLLALLLGTLLLILLSFLILI_1,110011001100110000,1,-74.0727,-75.5292,-74.0552,-235.086,-234.711,-243.581,-374.367,4565.51,3999.34,3502.32,-7.51912,498139.0,-72.7276,498075.0,-56.7313,-64.8986,81.1202,-48.4811,9.21597,7.18602,6.90282,69521.9,-70.183,60.097,-37.4728,71039.3,7.1099,5.14054,4.54199,1,LLLALLLGTLLLILLSFLILI,0.2124542628781651,0.0781734762494798,D,16,33.50491784227145,5.513554088245166,5.085211898088287,-16.947522468173123,6.0069093133566485,-16.21907312225606,-15.996299999999998,-0.017499999999998295,8.494999999999976,566.1700000000001,-0.0282535280922691,-3.0909444159878295e-05,0.01500432732218234,-0.01328067541551124
AVLLILLLGFLLGTL,Mutant,clash,,LLLAVLLGLLLGFLLGTLILI,1.53309292907662,LLLAVLLILLLGFLLGTLILI_0,110011001100110000,1,-58.754,-63.9938,-58.754,-227.51,-219.028,-238.534,-351.599,4531.34,4150.64,3658.44,-7.17075,5590.43,-72.5054,5521.85,-54.3112,-75.6634,53.2463,-53.1329,9.39335,5.03775,4.33644,3688.3,-80.2804,39.355,-44.6447,5238.83,7.3257,3.85498,2.9453,0,LLLAVLLILLLGFLLGTLILI,0.4258003118856114,0.091388283446411,D,14,-78.83295918964815,-81.23141166049336,-72.42644911945544,-75.55082780951187,-79.33372007030893,-81.67543096909007,-18.194199999999995,0.0,11.024000000000001,380.6999999999998,-0.04779143682689783,0.0,0.028957184134489115,-0.018835697399527195
AYLLGVLLILLLAFL,Mutant,clash,11.0,LLLAYLLGVLLGLLLAFLILI,1.007570631406116,LLLAYLLGVLLILLLAFLILI_2,110011001100110000,1,-44.9549,-49.4243,-44.9549,-240.101,-232.262,-246.452,-343.201,4637.83,3974.13,3575.17,-7.00495,375723.0,-65.1503,375662.0,-51.7942,-90.1076,74.5901,-36.0018,9.66811,10.0858,9.70466,349423.0,-91.43,48.2927,-36.5962,387339.0,7.0472,6.73401,5.9584,2,LLLAYLLGVLLILLLAFLILI,0.2214872087754869,0.1089977479498855,D,14,-74.58154032670592,-76.51278107544965,-67.43509078493926,-69.90930363904631,-72.5590209222261,-74.64392841314304,-13.356100000000005,0.0,6.350999999999999,663.6999999999998,-0.020123700467078513,0.0,0.00956908241675456,-0.010554392044598467
ALLLGFLLLILLGTL,Mutant,clash,,LLLALLLGFLLGILLGTLILI,1.0345573608859333,LLLALLLGFLLLILLGTLILI_2,110011001100110000,1,-58.7265,-68.1536,-58.7265,-229.709,-218.548,-239.474,-358.242,4533.5,4218.1,3451.7,-6.7927,754895.0,-76.5989,754823.0,-60.0418,-75.6968,58.2254,-64.9511,9.72081,5.71494,5.08832,697209.0,-68.1464,52.7276,-38.529,754537.0,6.6534,3.84019,3.1311,2,LLLALLLGFLLLILLGTLILI,0.1355927999706737,0.1324986309269171,D,16,-3.705414026999291,-22.303534584069588,-18.555411762030595,-34.28543703256246,-12.788343048424498,-29.63220704740396,-16.5571,0.0,9.764999999999986,315.39999999999964,-0.052495561192137025,0.0,0.030960684844641716,-0.02153677869372228
AYLLITLLGLLLGFL,Mutant,clash,7.0,LLLAYLLGTLLGLLLGFLILI,0.580548186844332,LLLAYLLITLLGLLLGFLILI_2,110011001100110000,1,-51.6729,-46.3731,-58.6855,-227.139,-219.581,-243.059,-342.402,4590.96,3936.37,3499.16,-6.65258,56594.8,-70.2428,56518.4,-40.6579,-79.0955,55.0458,-44.7044,8.89457,5.7955,5.12119,49053.6,-81.8261,48.1246,-38.4583,113668.0,6.5,5.27073,4.4926,2,LLLAYLLITLLGLLLGFLILI,0.5598037761829385,0.0250130477591058,D,14,-95.75621163899518,-96.59164765653,-93.89780328128543,-95.09908725004816,-95.71331604045602,-96.55719652434136,-29.584900000000005,7.012599999999999,15.919999999999987,654.5900000000001,-0.04519607693365312,0.010712965367634698,0.024320567072518652,-0.01016297224216685
TALLIFLLGILLGLL,Mutant,clash,,LLLTALLAFLLGILLGLLILI,0.5631246850532058,LLLTALLIFLLGILLGLLILI_2,110011001100110000,1,-44.9899,-50.8807,-44.9899,-229.506,-221.106,-242.655,-350.504,4556.53,3863.72,3452.55,-6.61517,1607.23,-82.6235,1528.71,-62.8591,-77.7289,58.1494,-44.0305,8.93257,6.0095,5.38174,1131.81,-77.6262,50.1878,-35.0,1256.73,7.3742,4.91928,4.1721,2,LLLTALLIFLLGILLGLLILI,0.5806673232719376,0.0791025857703455,D,15,-90.46877916038083,-92.6118679422904,-88.23652416085991,-90.8815340217512,-90.96530726381307,-92.99675202589832,-19.76440000000001,0.0,13.149000000000001,692.81,-0.028527879216524027,0.0,0.01897922951458553,-0.009548317720587174
AYLLIVLLGLLLGFL,Mutant,clash,7.0,LLLAYLLGVLLGLLLGFLILI,0.6988507260023381,LLLAYLLIVLLGLLLGFLILI_0,110011001100110000,1,-44.9604,-53.6273,-44.9604,-229.557,-226.288,-243.225,-336.747,4628.15,3928.81,3440.56,-6.57834,20360.4,-68.808,20303.5,-48.5611,-72.1052,44.1494,-46.1054,9.20683,3.27594,2.43818,18023.7,-78.3342,38.1851,-39.2997,20023.6,6.6883,3.40512,2.4779,0,LLLAYLLIVLLGLLLGFLILI,0.5388555860750387,0.0417735862391912,D,14,-94.36086256990572,-94.97376856840812,-92.00464503820712,-92.87364336942122,-94.26611530298923,-94.88931918285289,-20.246900000000004,0.0,13.668000000000006,699.3399999999997,-0.028951439929076003,0.0,0.019544141619241017,-0.009406497554837422
AYLLGTLLGLLLLFL,Mutant,clash,,LLLAYLLGTLLGLLLGFLILI,0.8717969363911806,LLLAYLLGTLLGLLLLFLILI_0,110011001100110000,1,-53.5687,-67.2638,-58.6855,-222.583,-222.298,-245.547,-349.996,4598.36,3807.95,3406.81,-6.50344,70916.0,-80.3472,70855.6,-45.7628,-77.5682,49.0954,-55.7402,6.99934,4.76312,3.99955,53352.3,-81.8261,48.1246,-38.4583,70566.0,6.5,5.27073,4.4926,0,LLLAYLLGTLLGLLLLFLILI,0.2685550266360898,0.007820222772074,D,16,-54.93989509690278,-57.642913222201685,-46.27532676540459,-49.49810589211034,-47.23102339935043,-50.39647320271354,-34.5844,5.116799999999998,22.964,790.4099999999999,-0.043755013220986586,0.00647360230766311,0.02905327614782202,-0.008227932338912718
ALLLGLLLIVLLGTL,Mutant,clash,11.0,LLLALLLGLLLGVLLGTLILI,0.8932249971621278,LLLALLLGLLLIVLLGTLILI_1,110011001100110000,1,-58.7607,-58.7607,-58.7607,-229.342,-225.174,-237.083,-368.3,4542.26,4051.84,3449.62,-6.48871,7258.07,-86.6864,7173.71,-72.4564,-90.0266,66.0629,-36.881,10.2301,8.92249,8.41343,6682.8,-81.7407,58.0906,-35.0,15277.0,6.5862,6.60334,5.9747,1,LLLALLLGLLLIVLLGTLILI,0.3702267180550449,0.0562868260127753,D,14,-24.235932342465432,-33.48078404647312,-8.82200329656284,-19.94768707059066,14.486429465334218,0.5166137564875143,-14.230000000000004,0.0,7.7409999999999854,490.4200000000001,-0.029015945516088253,0.0,0.01578442967252556,-0.013230924513682149
AFLLILLLGTLLGIL,Mutant,clash,,LLLAFLLGLLLGTLLGILILI,1.475351291463758,LLLAFLLILLLGTLLGILILI_1,110011001100110000,1,-58.7594,-58.7594,-58.7594,-223.733,-217.624,-240.341,-352.848,4562.29,4006.48,3580.81,-6.44222,273343.0,-76.798,273266.0,-53.7482,-81.4714,54.0152,-46.0688,9.51635,6.01276,5.32299,6470.14,-87.7841,38.6606,-35.7467,6252.52,7.5,4.88679,3.9667,1,LLLAFLLILLLGTLLGILILI,0.1636066824964393,0.0981317819662852,D,14,-80.47405279436425,-83.42731711693416,-75.20961898014833,-78.95911942884929,-80.38091884899276,-83.34826951294161,-23.049800000000005,0.0,16.608000000000004,555.81,-0.04147064644392869,0.0,0.029880714632698233,-0.011590687465140966
TALLIFLLGVLLGLL,Mutant,clash,,LLLTALLAFLLGVLLGLLILI,0.4035959829235913,LLLTALLIFLLGVLLGLLILI_0,110011001100110000,1,-44.9303,-50.2295,-44.9303,-223.866,-222.423,-241.296,-346.719,4550.72,3669.72,3434.44,-6.36638,1299.18,-84.2896,1225.11,-60.4927,-61.8727,49.2285,-41.6543,7.54674,2.42676,1.66519,1292.85,-63.8279,50.3554,-37.6016,952.459,6.5149,2.87217,2.1275,0,LLLTALLIFLLGVLLGLLILI,0.9703377582346322,0.0665221578090335,D,15,-92.22977370291066,-93.31329099529032,-88.25052820748454,-89.88893040798239,-90.66208770212364,-91.96421058280004,-23.796899999999994,0.0,17.42999999999998,881.0000000000005,-0.027011237230419958,0.0,0.019784335981838784,-0.007226311010215661
GYLLLFLLGLLLGTL,Mutant,clash,,LLLGYLLAFLLGLLLGTLILI,0.8461856870419421,LLLGYLLLFLLGLLLGTLILI_0,110011001100110000,1,-58.7749,-60.6219,-58.7749,-229.38,-221.571,-245.659,-346.4,4639.84,3681.55,3518.5,-6.34773,1813.71,-64.5922,1749.5,-41.9654,-62.2073,55.8564,-36.4818,8.61535,3.37171,2.70956,773.661,-61.4169,47.8691,-36.8365,1467.31,7.2814,2.17486,1.3929,0,LLLGYLLLFLLGLLLGTLILI,0.639447494707169,0.0344011255359902,D,16,-89.47226095369469,-91.49337578132013,-85.01763558200624,-87.89394917079356,-89.52429899599963,-91.53542356280644,-22.626800000000003,0.0,16.278999999999996,958.29,-0.023611641569879684,0.0,0.016987550741424825,-0.006624017781673606
YFLLAALLGLLLLTL,Mutant,clash,,LLLYFLLAALLGLLLGTLILI,0.1669855356275076,LLLYFLLAALLGLLLLTLILI_0,110011001100110000,1,-58.1786,-59.65,-58.6834,-225.91,-222.753,-248.11,-347.551,4775.75,3822.55,3730.2,-6.34078,75.8822,-69.8032,10.7337,-40.7585,-54.4083,77.2623,-42.6848,7.14019,5.09167,4.7506,58.7061,-60.9139,62.9834,-44.4576,-271.669,6.862,4.13985,3.5846,0,LLLYFLLAALLGLLLLTLILI,0.0781777124906461,0.0708867304389308,D,17,-24.65027658697737,-35.67405646789034,-32.169962865774494,-42.09360113294061,-25.600209026406105,-36.48501233727116,-29.044700000000006,0.5047999999999959,22.200000000000017,953.1999999999998,-0.030470730172052048,0.0005295845572807344,0.023289970625262297,-0.006652098195551826
AFLLGLLLITLLGVL,Mutant,clash,,LLLAFLLGLLLGTLLGVLILI,1.229063807905029,LLLAFLLGLLLITLLGVLILI_0,110011001100110000,1,-58.6456,-55.2245,-58.6456,-228.063,-219.722,-239.039,-348.962,4582.16,4086.58,3394.34,-6.30439,16192800.0,-68.5586,16192700.0,-51.2775,-72.8199,55.9364,-36.5768,11.5562,4.9744,4.31344,15593600.0,-70.7932,46.6401,-35.0,16192500.0,7.2306,3.4154,2.615,0,LLLAFLLGLLLITLLGVLILI,0.2768147804080555,0.0737422416345235,D,14,-18.74306298872576,-26.837396594666103,-22.21345372592269,-29.96208761190018,-3.1805803806284274,-12.825156102501678,-17.281099999999995,0.0,10.975999999999999,495.5799999999999,-0.034870454820614225,0.0,0.022147786432059408,-0.01272123572379838
AYLLGTLLGLLLIFL,Mutant,clash,,LLLAYLLGTLLGLLLGFLILI,0.786545087350013,LLLAYLLGTLLGLLLIFLILI_2,110011001100110000,1,-51.6914,-67.2967,-58.6855,-239.496,-222.29,-245.687,-347.796,4566.65,3809.13,3408.94,-6.24429,1279600.0,-62.8533,1279540.0,-43.4235,-80.555,76.0052,-44.8664,8.07703,8.84395,8.48403,1156310.0,-81.8261,48.1246,-38.4583,1279250.0,6.5,5.27073,4.4926,2,LLLAYLLGTLLGLLLIFLILI,0.3538068756772574,0.0751302774732397,D,14,-41.188759071682426,-45.42740368155456,-36.50186816793198,-41.078306447052725,-35.52144403873366,-40.16854345992553,-19.4298,6.994099999999996,6.1910000000000025,757.5199999999995,-0.025649223782870434,0.009232891540817405,0.008172721512303313,-0.008243069489914464
AYLLGLLLGVLLLTL,Mutant,clash,,LLLAYLLGLLLGVLLGTLILI,0.6427917192618039,LLLAYLLGLLLGVLLLTLILI_1,110011001100110000,1,-58.7113,-58.7113,-58.7113,-228.885,-227.149,-242.964,-359.737,4594.67,3751.33,3356.84,-6.19799,5366480000.0,-78.3388,5366480000.0,-58.0613,-71.7096,63.4101,-50.4474,8.81644,5.8168,5.26795,4961140.0,-78.1031,43.7429,-35.0,3481320.0,7.2077,4.12076,3.2769,1,LLLAYLLGLLLGVLLLTLILI,0.5181288336123201,0.1111068176111944,D,16,-78.06569430849333,-78.33091943620218,-73.2511844470545,-73.5746256409938,-81.50955754576307,-81.7331401852271,-20.277500000000003,0.0,14.079000000000008,843.3400000000001,-0.024044276329831384,0.0,0.016694334432138882,-0.007349337159390043
FYLLLILLIALLGTL,Mutant,clash,,LLLFYLLLILLGALLGTLILI,0.0364568476354222,LLLFYLLLILLIALLGTLILI_0,110011001100110000,1,-64.3713,-62.8754,-58.7671,-235.93,-231.987,-246.256,-349.056,4668.84,4071.14,3678.35,-6.11243,211523000.0,-54.8671,211522000.0,-44.0328,-56.8385,53.6215,-44.2679,10.3205,2.26467,1.56899,135623000.0,-49.5159,54.1454,-43.9016,211522000.0,7.2719,1.23702,0.549202,0,LLLFYLLLILLIALLGTLILI,0.4039814636059988,0.089269510828111,D,14,-86.45584015480155,-88.43109699672395,-84.4674827495976,-86.73271819585612,-87.18110295476738,-89.05058872456736,-10.834299999999999,-5.604200000000006,10.325999999999993,597.7000000000003,-0.018126652166638772,-0.009376275723607167,0.017276225531202925,-0.010226585243433155
AFLLIVLLGLLLGTL,Mutant,clash,,LLLAFLLGVLLGLLLGTLILI,0.8753191760200297,LLLAFLLIVLLGLLLGTLILI_0,110011001100110000,1,-58.7167,-68.6087,-58.7167,-224.887,-216.395,-238.949,-349.363,4603.86,4044.53,3425.29,-6.02337,130066.0,-71.7825,130001.0,-51.6967,-80.8223,52.1524,-47.8912,9.89818,5.66392,4.9462,98044.0,-83.578,48.738,-35.1079,129716.0,6.9512,5.61633,4.8474,0,LLLAFLLIVLLGLLLGTLILI,0.3410542094471233,0.1114612593480348,D,14,-81.25883227386524,-84.7373836699037,-76.02199237177804,-80.47255453141648,-81.05791313695464,-84.57375716888455,-20.0858,0.0,14.062000000000012,559.3299999999995,-0.035910464305508406,0.0,0.025140793449305462,-0.010768902079273427
YVLLTILLGLLLLAL,Mutant,clash,,LLLYVLLTILLGLLLGALILI,0.0041077660200173,LLLYVLLTILLGLLLLALILI_1,110011001100110000,1,-58.7586,-58.7586,-58.7586,-231.801,-229.207,-249.319,-369.157,4670.09,4021.49,3738.44,-5.84282,3762.47,-84.4402,3681.28,-61.079,-38.3287,72.7402,-42.1274,9.00145,2.06923,1.66033,3450.58,-39.1035,62.7825,-44.0154,4571.38,7.1407,0.841163,0.282901,1,LLLYVLLTILLGLLLLALILI,0.1991518659026652,0.101518720904221,D,17,-17.570607068829123,-31.343848055373048,-28.07609013221004,-40.0939554600636,-16.772162485424218,-30.6788166789636,-23.361200000000004,0.0,17.518,648.6000000000004,-0.03601788467468392,0.0,0.027008942337341954,-0.009008356460067833
TALLIVLLGLLLGFL,Mutant,clash,,LLLTALLGVLLGLLLGFLILI,0.7593957319125296,LLLTALLIVLLGLLLGFLILI_2,110011001100110000,1,-44.9633,-46.4153,-44.9633,-226.218,-225.127,-241.708,-347.485,4547.97,4079.98,3558.59,-5.6611,11937.8,-81.9651,11861.9,-60.8138,-60.873,53.6946,-56.4842,8.39547,2.87973,2.18515,9841.83,-73.5676,38.1677,-45.0,13663.1,6.5,2.68778,1.7603,2,LLLTALLIVLLGLLLGFLILI,0.4657987576342967,0.0665121840585465,D,15,-47.164433416753454,-52.30984988837702,-38.48699296680172,-44.47746605293828,-39.21434792185566,-45.13398720401371,-21.151300000000006,0.0,15.490000000000009,467.99000000000024,-0.045196051197675155,0.0,0.03309899784183423,-0.012096625996281966
AYLLILLLGTLLGFL,Mutant,clash,,LLLAYLLGLLLGTLLGFLILI,0.586350061211347,LLLAYLLILLLGTLLGFLILI_0,110011001100110000,1,-58.7122,-61.0107,-58.7122,-217.649,-217.899,-242.815,-342.002,4616.04,3724.62,3516.83,-5.53179,9746.42,-71.172,9683.33,-40.4747,-69.8542,48.1243,-35.6413,8.67223,3.47491,2.69677,5184.41,-82.6456,43.881,-35.0,9404.42,7.5,4.82078,3.979,0,LLLAYLLILLLGTLLGFLILI,0.3514991712761017,0.0522211423542309,D,14,-96.68302099568096,-98.03974842407784,-95.40192944194396,-97.28265537831436,-96.84919815347074,-98.13795496533588,-30.6973,0.0,25.165999999999997,891.4200000000001,-0.034436404837225994,0.0,0.028231361198985883,-0.0062055933230127204
LFLLITLLGILLAVL,Mutant,clash,,LLLLFLLGTLLGILLAVLILI,1.3502341238474878,LLLLFLLITLLGILLAVLILI_1,110011001100110000,1,-55.0369,-51.7218,-58.7574,-213.478,-214.081,-239.235,-356.04,4579.26,3699.18,3601.65,-5.52852,504.425,-93.0536,414.187,-58.0476,-61.5736,56.5715,-47.6527,7.61842,3.37319,2.72176,473.27,-67.5072,53.2475,-44.4028,1178.95,6.6409,3.81449,3.1132,1,LLLLFLLITLLGILLAVLILI,0.1506243323037906,0.0618246110350541,D,14,-67.14259262234906,-75.00595226331632,-63.52327759473457,-72.25280343649125,-69.7643276106464,-77.00025962595409,-35.006,3.720499999999994,25.757000000000005,880.0800000000004,-0.03977592946095808,0.004227456594855005,0.02926665757658394,-0.006281838014725932
TVLLILLLGLLLGFL,Mutant,clash,7.0,LLLTVLLGLLLGLLLGFLILI,0.5121311418402856,LLLTVLLILLLGLLLGFLILI_1,110011001100110000,1,-44.9939,-44.9939,-44.9939,-230.396,-220.179,-244.307,-356.843,4605.1,3874.72,3480.26,-5.51237,133.752,-86.9649,42.0821,-67.5415,-70.0172,38.3315,-48.0209,8.02422,2.17734,1.25232,105.328,-72.6874,32.4259,-40.8381,-117.529,7.0033,1.78061,0.766999,1,LLLTVLLILLLGLLLGFLILI,0.1726922305201034,0.0652677589154704,D,15,-41.06820755536052,-50.654470991725184,-35.65555016371968,-46.12227485019477,-38.75097964825615,-48.71417981500223,-19.4234,0.0,13.911000000000001,730.3800000000006,-0.02659355404036253,0.0,0.019046249897313714,-0.0075472630685396586
YFLLLTLLGLLLAVL,Mutant,clash,,LLLYFLLGTLLGLLLAVLILI,1.0135143066395789,LLLYFLLLTLLGLLLAVLILI_1,110011001100110000,1,-63.2094,-48.2595,-58.7632,-218.964,-231.013,-250.693,-352.27,4761.16,3975.01,3640.67,-5.44616,69925.7,-75.5433,69852.7,-42.8137,-64.0694,50.6257,-52.2763,7.58481,2.94488,2.20427,63233.9,-72.0387,50.2766,-42.8887,88466.3,6.71,4.09315,3.3473,1,LLLYFLLLTLLGLLLAVLILI,0.2514484776741207,0.0696683307533027,D,17,-85.04189114881757,-90.97741097448689,-82.3154118608086,-89.33282459347961,-85.91491490286143,-91.50401060152632,-32.729600000000005,-4.446200000000005,31.729000000000013,786.1499999999996,-0.041632767283597306,-0.00565566367741526,0.04035998219169373,-0.0069276346753164185
YVLLLTLLGLLLGFL,Mutant,clash,,LLLYVLLATLLGLLLGFLILI,0.320673948648014,LLLYVLLLTLLGLLLGFLILI_0,110011001100110000,1,-58.7397,-66.8913,-58.7397,-229.599,-228.352,-249.098,-350.591,4682.69,4138.52,3629.99,-5.4286,8821.22,-67.6807,8765.87,-42.7536,-63.3461,50.7369,-55.4667,7.85263,2.8514,2.11246,8554.17,-65.984,55.7173,-41.1231,8470.63,6.918,3.91944,3.2552,0,LLLYVLLLTLLGLLLGFLILI,0.0965308638008212,0.0575628030243868,D,17,-52.042568605502815,-55.43397846759785,-50.50227343925795,-54.00260848907561,-53.69448192039841,-56.96907328440963,-24.927100000000003,0.0,19.499000000000024,544.1699999999992,-0.04580756013745712,0.0,0.035832552327397786,-0.009975926640571895
SYLLGVLLITLLGLL,Mutant,clash,11.0,LLLSYLLGVLLGTLLGLLILI,0.9364915600745202,LLLSYLLGVLLITLLGLLILI_0,110011001100110000,1,-76.8035,-65.389,-58.6631,-232.584,-229.728,-253.444,-367.578,4587.84,4021.69,3635.34,-5.40126,1337270.0,-63.5923,1337200.0,-55.4713,-78.7993,52.4086,-41.7404,10.5984,5.39505,4.68118,1231160.0,-84.4885,38.2202,-42.7314,1336900.0,6.9435,4.333,3.4063,0,LLLSYLLGVLLITLLGLLILI,0.1675827461864948,0.0730004714606858,D,15,-92.92949421964283,-93.05473989506844,-91.08055839957196,-91.23855579358704,-92.11141028318048,-92.25114735121082,-8.121000000000002,-18.1404,20.859999999999985,566.1500000000001,-0.014344255056080545,-0.03204168506579528,0.03684535900379755,-0.00954033383378963
AFLLITLLGLLLGYL,Mutant,clash,,LLLAFLLGTLLGLLLGYLILI,0.9612141063507004,LLLAFLLITLLGLLLGYLILI_0,110011001100110000,1,-51.6501,-53.4549,-58.6988,-222.73,-214.231,-243.302,-342.707,4636.59,3874.4,3435.83,-5.38715,14318.2,-73.7144,14243.2,-40.7072,-69.1535,53.4685,-47.6604,8.09318,4.09127,3.3933,11944.9,-72.4524,47.8783,-35.1603,13975.5,6.5,3.83143,3.0496,0,LLLAFLLITLLGLLLGYLILI,0.3607648188160859,0.0421320364209672,D,14,360.4819769634165,448.4323310887018,125.90016194471848,169.0462571969453,361.8370860598536,450.0462610095628,-33.0072,7.048699999999997,20.572000000000003,762.19,-0.04330573741455542,0.009247956546267986,0.026990645377136937,-0.0070679882968813544
AVLLILLLGLLLGFL,Mutant,clash,,LLLAVLLGLLLGLLLGFLILI,1.4454390074956829,LLLAVLLILLLGLLLGFLILI_2,110011001100110000,1,-44.9261,-51.301,-44.9261,-219.609,-219.994,-239.372,-350.4,4573.01,3848.79,3644.66,-5.29737,18221.3,-91.1623,18142.2,-66.1018,-66.8222,39.6523,-45.5798,7.88683,1.87639,0.971176,15010.8,-77.4724,32.2036,-43.8153,17870.9,7.0393,2.46835,1.4514,2,LLLAVLLILLLGLLLGFLILI,0.2187690200201627,0.0941565521613213,D,14,-78.18833166058347,-81.096659399754,-72.94078835672477,-76.54881386846462,-77.43109309151657,-80.44038962873209,-25.060500000000005,0.0,19.763000000000005,724.2200000000003,-0.03460343542017618,0.0,0.027288669188920492,-0.007314586727789896
AFLLGTLLLLLLGYL,Mutant,clash,,LLLAFLLGTLLGLLLGYLILI,1.1046034668908598,LLLAFLLGTLLLLLLGYLILI_0,110011001100110000,1,-58.6988,-62.6485,-58.6988,-231.761,-221.674,-243.4,-345.619,4651.24,4174.5,3390.81,-5.23424,1057570.0,-60.3931,1057510.0,-43.5199,-66.6888,67.4074,-28.8029,11.2411,5.60331,5.11443,1053810.0,-72.4524,47.8783,-35.1603,1057230.0,6.5,3.83143,3.0496,0,LLLAFLLGTLLLLLLGYLILI,0.2173754582759264,0.077019473789749,D,16,36.0919788938235,16.870156379821797,2.7098920007502776,-11.796997608158971,26.631348405986888,8.745758648580084,-16.873199999999997,0.0,11.63900000000001,476.7399999999998,-0.03539287662038009,0.0,0.024413726559550313,-0.010979233964005542
GYLLATLLLFLLSLL,Mutant,clash,,LLLGYLLATLLGFLLSLLILI,0.8369440696262955,LLLGYLLATLLLFLLSLLILI_0,110011001100110000,1,-76.9199,-75.6253,-74.0948,-233.756,-230.245,-251.825,-369.202,4655.36,4083.09,3689.32,-4.95694,50223.4,-63.4835,50160.1,-43.2822,-83.2814,58.1392,-48.1516,8.89812,6.84101,6.2131,49138.4,-78.9601,51.8199,-41.3257,49854.2,7.4908,5.3397,4.617,0,LLLGYLLATLLLFLLSLLILI,0.2298685512662368,0.1236736502678937,D,16,-96.1248882876833,-96.39021570565548,-94.36284451412048,-94.7488183958597,-95.78216448698194,-96.07095807260772,-20.201299999999996,-2.825099999999992,18.06899999999999,572.2699999999995,-0.035300295315148465,-0.004936655774372227,0.03157425690670488,-0.00866189036643543
AFLLIILLGLLLGTL,Mutant,clash,7.0,LLLAFLLGILLGLLLGTLILI,1.2048440558662843,LLLAFLLIILLGLLLGTLILI_1,110011001100110000,1,-58.7173,-59.8119,-58.7173,-221.909,-220.474,-240.425,-351.746,4588.83,3837.25,3512.31,-4.50493,351.579,-75.6252,280.119,-52.6036,-70.0482,37.2952,-41.7647,8.84853,2.04207,1.1015,353.464,-72.6874,32.4259,-40.8381,17.2636,7.0033,1.78061,0.766999,1,LLLAFLLIILLGLLLGTLILI,0.2130251590699379,0.1163242571601176,D,14,-80.31833489128698,-83.06448419606934,-74.21998953991664,-77.81703061399216,-80.26875840983409,-83.02182503687163,-23.021600000000007,0.0,18.51600000000002,751.5799999999999,-0.030630937491684197,0.0,0.024636099949439876,-0.005993946086910243
TLLLGILLIVLLGAL,Mutant,clash,11.0,LLLTLLLGILLGVLLGALILI,0.874312609850621,LLLTLLLGILLIVLLGALILI_2,110011001100110000,1,-44.8956,-50.4162,-44.8956,-228.802,-221.38,-241.23,-360.045,4559.85,3968.23,3602.56,-4.37742,2069090.0,-90.7251,2069010.0,-73.9199,-82.8819,60.8686,-41.1358,10.3695,7.14954,6.56257,1511890.0,-90.0074,38.3333,-42.1317,2068730.0,6.7822,5.1761,4.2511,2,LLLTLLLGILLIVLLGALILI,0.3347157204157457,0.0537064317517592,D,15,-33.679058019538324,-43.097869555882056,-33.80459420655749,-43.20557726141082,-31.57629037409989,-41.29373416091649,-16.8052,0.0,12.427999999999997,591.6200000000003,-0.028405395355126584,0.0,0.02100672729116661,-0.007399039924275713
TALLAFLLGILLILL,Mutant,clash,,LLLTALLAFLLGILLGLLILI,0.6178520118524223,LLLTALLAFLLGILLILLILI_2,110011001100110000,1,-44.9899,-44.9899,-44.9899,-235.564,-226.077,-246.873,-357.271,4599.81,3815.92,3438.92,-4.29951,3461770.0,-81.0168,3461680.0,-65.4079,-82.7713,64.0436,-47.0811,8.76986,7.56157,7.02223,1334870.0,-77.6262,50.1878,-35.0,3461360.0,7.3742,4.91928,4.1721,2,LLLTALLAFLLGILLILLILI,0.525939996472721,0.0571870164857238,D,15,-57.92001716363472,-65.48091428364877,-54.546222986904326,-62.71332070290142,-59.40202236809118,-66.69663399731039,-15.608900000000006,0.0,11.308999999999997,783.8900000000003,-0.01991210501473421,0.0,0.014426769061985728,-0.005484838433963946
YALLASLLIILLTLL,Mutant,clash,11.0,LLLYALLASLLGILLTLLILI,0.107670360467931,LLLYALLASLLIILLTLLILI_0,110011001100110000,1,-74.119,-58.999,-74.119,-236.083,-228.852,-250.555,-382.258,4643.77,4086.48,3697.0,-4.18215,10561.4,-76.2389,10467.0,-57.584,-60.3959,78.1965,-38.5186,9.68555,6.11591,5.78885,9629.66,-63.07,66.418,-42.249,10179.2,7.1117,4.92693,4.4232,0,LLLYALLASLLIILLTLLILI,0.1490492958903564,0.1276339899527317,D,15,-42.99755210036098,-50.65474799991711,-44.48445896154144,-51.94191717368284,-42.67719563929511,-50.377425343020285,-18.654899999999998,0.0,14.472000000000008,557.2900000000004,-0.033474313194207655,0.0,0.025968526261013113,-0.00750444113477722
AYLLILLLGFLLATL,Mutant,clash,,LLLAYLLGLLLGFLLATLILI,1.7260997398520048,LLLAYLLILLLGFLLATLILI_1,110011001100110000,1,-58.7236,-59.6795,-58.7236,-227.994,-225.654,-245.026,-348.331,4626.32,4124.71,3600.05,-4.13628,9312.9,-65.7503,9249.9,-44.5821,-80.4478,56.6285,-44.4707,9.70201,6.21202,5.56145,8398.93,-87.2227,45.9146,-36.9014,10144.2,7.4937,5.78188,4.9706,1,LLLAYLLILLLGFLLATLILI,0.535359831463911,0.0757270632859754,D,14,-94.84889458298146,-96.3377640808103,-93.14325229307244,-95.12511864770458,-94.83009109037673,-96.32439552776228,-21.1682,0.0,17.03200000000001,501.6099999999997,-0.042200514343812945,0.0,0.03395466597555875,-0.008246007854707846
AYLLITLLGFLLGLL,Mutant,clash,,LLLAYLLGTLLGFLLGLLILI,0.6534149795326093,LLLAYLLITLLGFLLGLLILI_0,110011001100110000,1,-51.6471,-55.1066,-58.7318,-223.563,-219.398,-243.917,-343.87,4622.25,3841.37,3561.36,-3.90941,36319.2,-72.569,36249.9,-41.2213,-75.9654,54.7054,-42.9088,9.22912,5.28005,4.60063,34920.4,-87.9639,43.7708,-37.0981,35975.4,7.4797,5.60364,4.7602,0,LLLAYLLITLLGFLLGLLILI,0.5992597507468201,0.0365814154800103,D,14,-96.39838344555083,-97.02139152167496,-95.21714501213955,-96.04448385827148,-96.49565168762372,-97.1018342912286,-31.347700000000003,7.084699999999998,20.354000000000013,780.8800000000001,-0.040144068230714064,0.009072712836799505,0.026065464604036484,-0.0050064158385411325
FLLLGLLLGVLLLTL,Mutant,clash,,LLLFLLLGLLLGVLLGTLILI,0.4611286091954683,LLLFLLLGLLLGVLLLTLILI_1,110011001100110000,1,-59.576,-59.1276,-58.7224,-227.56,-213.41,-240.081,-360.809,4697.19,3773.42,3577.24,-3.88609,201283.0,-77.5595,201195.0,-62.006,-66.6437,51.1794,-52.0257,6.83222,3.40578,2.67347,46368.0,-69.6978,38.4736,-44.8571,41361.0,6.5368,2.1486,1.2257,1,LLLFLLLGLLLGVLLLTLILI,0.2152496928430377,0.104643546787144,D,16,79.01623502877645,63.13252351358113,12.9114864538099,2.8931019352442706,33.7654949998821,21.896780785644,-15.5535,-0.8536000000000001,12.520999999999987,923.7699999999995,-0.016836983231756832,-0.0009240395336501516,0.013554239691698142,-0.004206772248503418
AFLLIVLLGLLLGYL,Mutant,clash,,LLLAFLLGVLLGLLLGYLILI,1.192575703660522,LLLAFLLIVLLGLLLGYLILI_1,110011001100110000,1,-44.9328,-45.9796,-44.9328,-229.886,-213.46,-242.715,-335.315,4634.36,4128.01,3478.6,-3.82821,248.917,-64.324,173.042,-47.667,-69.5351,53.6599,-39.2168,9.41047,4.17434,3.47924,206.939,-69.605,42.1044,-35.8969,81.2442,6.5663,2.62484,1.75641,1,LLLAFLLIVLLGLLLGYLILI,0.3155253131833835,0.0799368734998065,D,14,-22.71385219996699,-35.383148598567466,-26.095060448650685,-38.21008508306901,-20.443299474236213,-33.48480106470835,-16.656999999999996,0.0,12.829000000000008,506.34999999999945,-0.03289621803100625,0.0,0.02533622988051747,-0.007560402883381069
TVLLIILLGLLLGFL,Mutant,clash,,LLLTVLLGILLGLLLGFLILI,0.5571066491400075,LLLTVLLIILLGLLLGFLILI_1,110011001100110000,1,-44.9617,-46.4096,-44.9617,-229.465,-225.142,-244.275,-354.221,4548.62,4080.32,3573.09,-3.82377,103529.0,-83.6176,103446.0,-64.9839,-70.279,42.503,-55.2693,8.98114,2.77976,1.9173,65774.9,-76.9679,35.2534,-45.0,118187.0,6.6086,2.8044,1.8332,1,LLLTVLLIILLGLLLGFLILI,0.2053820762413732,0.1183557704736428,D,15,-29.559307239273195,-41.15532219358722,-30.71249583830439,-42.11867177037975,-26.6684877127353,-38.740392172761936,-18.63369999999999,0.0,14.810000000000002,468.2999999999997,-0.03979009182148196,0.0,0.03162502669229129,-0.008165214606021785
GLLLGFLLIVLLGTL,Mutant,clash,,LLLGLLLGFLLGVLLGTLILI,0.9173167634672268,LLLGLLLGFLLIVLLGTLILI_2,110011001100110000,1,-58.7181,-69.8959,-58.7181,-225.614,-212.851,-237.617,-348.152,4506.36,4008.67,3412.96,-3.75152,2006770.0,-67.5709,2006710.0,-51.8163,-84.4332,69.6861,-40.3433,9.666,8.5726,8.11789,303185.0,-81.7407,58.0906,-35.0,2006430.0,6.5862,6.60334,5.9747,2,LLLGLLLGFLLIVLLGTLILI,0.2426662345419862,0.0630004714930129,D,14,23.94627497086317,14.568757918873136,1.9018488240614824,-5.8078328521452685,31.72232512779894,21.75648831419496,-15.754599999999996,0.0,12.002999999999986,497.6899999999996,-0.031655448170547947,0.0,0.024117422491912628,-0.007537864936004346
YILLALLLLVLLSTL,Mutant,clash,,LLLYILLALLLGVLLSTLILI,0.3616591114902264,LLLYILLALLLLVLLSTLILI_2,110011001100110000,1,-74.1753,-69.6099,-74.1753,-245.788,-228.801,-251.956,-388.137,4668.54,4349.11,3717.47,-3.71346,265709.0,-71.8864,265619.0,-62.0053,-77.5176,65.7779,-54.9059,10.2452,7.00764,6.49431,264910.0,-71.421,52.627,-43.8508,265321.0,7.5,4.3178,3.60721,2,LLLYILLALLLLVLLSTLILI,0.0387339205342999,0.0302706328033149,D,17,-21.76402818746285,-31.893081450938016,-28.60183106123385,-37.845607796419365,-24.930419795602845,-34.64952673248645,-9.881099999999996,0.0,6.167999999999978,319.4300000000003,-0.030933537864320782,0.0,0.019309394859593564,-0.011625270012209237
TYLLLVLLGLLLAFL,Mutant,clash,,LLLTYLLGVLLGLLLAFLILI,0.5956936802313044,LLLTYLLLVLLGLLLAFLILI_0,110011001100110000,1,-44.9607,-53.6048,-44.9607,-231.84,-230.734,-250.979,-351.388,4637.09,3934.08,3576.52,-3.51238,43752.9,-78.0995,43685.8,-55.4484,-69.4869,51.6091,-46.6685,9.27353,3.89026,3.1644,41581.8,-80.0044,42.005,-45.0,43401.5,7.041,4.17133,3.3014,0,LLLTYLLLVLLGLLLAFLILI,0.298201607072913,0.0726092881578626,D,17,-96.36369471298764,-97.73844649827808,-94.75694064562389,-96.73914638438752,-96.77188114090649,-97.99231281932444,-22.651100000000007,0.0,19.13900000000001,703.0100000000002,-0.03222016756518399,0.0,0.027224363807058227,-0.004996202045490105
TYLLLILLIGLLAFL,Mutant,clash,,LLLTYLLLILLGGLLAFLILI,0.1371111224951676,LLLTYLLLILLIGLLAFLILI_0,110011001100110000,1,-52.6687,-48.7349,-44.9864,-236.897,-234.865,-252.945,-351.246,4709.33,4144.88,3720.47,-3.3735,35166300.0,-65.054,35166200.0,-53.3143,-48.7981,55.0043,-43.0174,10.3373,1.24529,0.570356,10819400.0,-46.4862,53.7665,-40.4228,35165900.0,7.4327,0.731402,0.0378989,0,LLLTYLLLILLIGLLAFLILI,0.239160289586554,0.0938541539733013,D,15,-74.2981813861995,-78.58610673907546,-67.39669987301284,-72.83602380968036,-74.6351488923642,-78.86685676372687,-11.7397,-7.682299999999998,16.048000000000002,564.4499999999998,-0.020798476392948892,-0.013610240056692357,0.028431216228186743,-0.005976614403401543
TFLLGILLILLLGVL,Mutant,clash,11.0,LLLTFLLGILLGLLLGVLILI,1.0761270785825676,LLLTFLLGILLILLLGVLILI_2,110011001100110000,1,-44.9552,-51.9607,-44.9552,-232.768,-227.722,-246.916,-350.997,4672.34,4035.54,3481.24,-3.32291,14493300.0,-76.597,14493200.0,-59.1252,-76.3018,56.4459,-43.1737,10.7458,5.56547,4.91216,13723700.0,-80.9864,40.2503,-44.8665,14492900.0,6.9244,4.08175,3.1855,2,LLLTFLLGILLILLLGVLILI,0.2713029060990847,0.0221789603368665,D,15,-52.934442264299456,-63.99251580360215,-46.57660048577318,-59.12845175385579,-48.76578467738982,-60.80328615452938,-17.471799999999995,0.0,14.147999999999996,636.8000000000002,-0.027436871859296465,0.0,0.022217336683417074,-0.005218137562814068
IVLLGFLLGILLSLL,Mutant,clash,,LLLAVLLGFLLGILLSLLILI,0.6729684552087717,LLLIVLLGFLLGILLSLLILI_2,110011001100110000,1,-60.3563,-54.8991,-60.3387,-220.0,-211.79,-239.571,-358.044,4566.75,3794.54,3641.89,-3.10479,61.3517,-80.7926,-30.0034,-58.1347,-77.6447,70.0531,-41.271,8.56305,7.60387,7.15466,52.3206,-78.8188,59.0852,-37.4413,-310.619,7.5,6.29932,5.6856,2,LLLIVLLGFLLGILLSLLILI,0.6014678165201314,0.0158387753608603,D,14,-57.05019173105891,-63.09989056970855,-55.30813793441298,-61.60321390640027,-57.3522117194921,-63.359369507391705,-22.65789999999999,-0.01759999999999451,19.570999999999998,772.21,-0.02934162986752307,-2.2791727638847605e-05,0.025344142137501455,-0.004020655003172712
AYLLGVLLGTLLLLL,Mutant,clash,,LLLAYLLGVLLGTLLGLLILI,0.6894086075295709,LLLAYLLGVLLGTLLLLLILI_2,110011001100110000,1,-55.1955,-56.3485,-58.7364,-233.833,-219.439,-243.223,-360.259,4589.91,3761.86,3511.73,-3.0835,713230.0,-74.3138,713146.0,-58.2992,-73.8058,74.956,-42.4078,8.97476,7.68993,7.31427,680472.0,-78.2582,48.5511,-37.611,712870.0,7.3268,4.79313,4.0214,2,LLLAYLLGVLLGTLLLLLILI,0.5128058178184498,0.1011389880093594,D,16,-95.27546751371015,-96.40040883610024,-93.06799325683372,-94.718548281083,-94.79493351296348,-96.03429304621824,-16.0146,3.5409000000000006,9.390000000000015,828.0499999999997,-0.019340136465189308,0.004276191051265022,0.011339894933880827,-0.003723808948734981
AVLLGFLLIILLSLL,Mutant,clash,11.0,LLLAVLLGFLLGILLSLLILI,1.0562588740930043,LLLAVLLGFLLIILLSLLILI_1,110011001100110000,1,-60.3387,-55.0857,-60.3387,-228.689,-227.458,-242.655,-364.019,4568.3,4020.82,3595.52,-3.06484,1853.71,-78.0561,1772.24,-61.0249,-81.3976,64.8645,-41.8137,10.3291,7.46635,6.93932,1777.82,-78.8188,59.0852,-37.4413,2245.57,7.5,6.29932,5.6856,1,LLLAVLLGFLLIILLSLLILI,0.2181773976358988,0.1175450607348062,D,14,-52.47332542977241,-64.48135309579082,-51.16541054466289,-63.50389428123986,-56.34908706904772,-67.37786984970096,-17.0312,0.0,13.966000000000008,547.48,-0.0311083509899905,0.0,0.02550960765690072,-0.005598085774822824
TVLLILLLGFLLAIL,Mutant,clash,,LLLTVLLGLLLGFLLAILILI,0.7256386897619769,LLLTVLLILLLGFLLAILILI_2,110011001100110000,1,-44.9495,-46.8715,-44.9495,-229.807,-227.031,-245.467,-358.086,4576.02,4065.39,3661.49,-2.96863,32024.5,-86.2978,31940.3,-67.6687,-73.3507,49.977,-44.996,9.56165,4.2495,3.49916,31360.1,-85.5593,36.5947,-45.0,31666.4,7.5,4.27418,3.3231,2,LLLTVLLILLLGFLLAILILI,0.2841621191076691,0.0688603523443352,D,15,-96.8611329432744,-97.75290985182352,-95.6763597461982,-96.9047400724539,-96.76813309014504,-97.68633199109472,-18.629099999999994,0.0,15.660000000000025,510.63000000000056,-0.036482580341930505,0.0,0.030667998354973282,-0.0058136615553336015
ALLLLVLLGLLLGFL,Mutant,clash,,LLLALLLGVLLGLLLGFLILI,1.091998238576945,LLLALLLLVLLGLLLGFLILI_2,110011001100110000,1,-44.9306,-53.4797,-44.9306,-223.055,-218.74,-238.824,-353.624,4581.27,4040.92,3554.15,-2.96819,41497.3,-88.6071,41415.9,-69.8691,-70.6029,36.322,-56.4706,8.98322,1.99391,1.03874,41344.7,-77.4724,32.2036,-43.8153,41143.7,7.0393,2.46835,1.4514,2,LLLALLLLVLLGLLLGFLILI,0.2848696435117469,0.11846348411428,D,16,-24.730324424786684,-36.51083749532215,-30.20078907439956,-41.125115642015,-40.42883998429638,-49.75236667454633,-18.738,0.0,15.769000000000005,540.3500000000004,-0.034677523827149045,0.0,0.029182936985287303,-0.005493087813454239
ALLLIVLLGTLLGFL,Mutant,clash,7.0,LLLALLLGVLLGTLLGFLILI,0.8821561780205842,LLLALLLIVLLGTLLGFLILI_0,110011001100110000,1,-58.7067,-66.0844,-58.7067,-230.337,-225.206,-237.966,-351.173,4521.87,4300.81,3512.03,-2.87549,9820500.0,-65.0049,9820440.0,-54.5006,-98.7382,37.0331,-36.2607,10.8003,6.31019,5.36569,9327720.0,-97.484,35.8407,-36.8474,9820150.0,6.7321,5.96109,4.9987,0,LLLALLLIVLLGTLLGFLILI,0.1668300625059071,0.0888042867648944,D,14,-69.50331745176364,-72.79833939332981,-66.57586827241664,-70.187187216567,-72.11810856294363,-75.13061472364339,-10.504300000000008,0.0,7.629000000000019,221.0599999999995,-0.047517868452004126,0.0,0.034510992490726665,-0.013007735456437197
LFLLIVLLGILLATL,Mutant,clash,,LLLLFLLGVLLGILLATLILI,1.1018711349063235,LLLLFLLIVLLGILLATLILI_0,110011001100110000,1,-58.7587,-66.3284,-58.7587,-224.795,-210.736,-243.355,-358.931,4629.4,4023.9,3599.04,-2.86407,43669.2,-78.2409,43587.4,-56.8173,-78.8123,49.5496,-48.07,9.12605,5.01105,4.2543,29538.2,-76.1397,46.3109,-45.0,43310.3,6.7451,4.17293,3.36759,0,LLLLFLLIVLLGILLATLILI,0.2146691472414731,0.1192196183579449,D,14,-56.405333002001335,-61.3091951368618,-54.61194226221906,-59.717538727157816,-58.786832097293065,-63.42280496858508,-21.423599999999993,0.0,18.560000000000002,605.4999999999995,-0.03538166804293973,0.0,0.030652353426919927,-0.004730090834021474
FLLLLTLLGILLAVL,Mutant,clash,,LLLFLLLGTLLGILLAVLILI,1.493208786156515,LLLFLLLLTLLGILLAVLILI_0,110011001100110000,1,-58.7549,-67.4708,-58.7549,-228.452,-215.663,-242.675,-363.193,4553.45,3830.93,3673.08,-2.74502,12917.2,-78.7308,12837.1,-61.7636,-73.1755,55.5781,-45.4705,8.79995,4.97937,4.31304,10518.2,-72.0387,50.2766,-42.8887,12554.0,6.71,4.09315,3.3473,0,LLLFLLLLTLLGILLAVLILI,0.2289231798410481,0.0694943510813707,D,16,-44.38508346321085,-60.112264649637616,-42.60916271148445,-58.83855138421861,-47.34658367048979,-62.23629078981612,-16.967200000000005,0.0,14.223000000000013,722.52,-0.023483363782317454,0.0,0.019685268227869143,-0.0037992304711288267
AFLLGTLLILLLAVL,Mutant,clash,,LLLAFLLGTLLGLLLAVLILI,1.08204748548257,LLLAFLLGTLLILLLAVLILI_2,110011001100110000,1,-58.7424,-55.3355,-58.7424,-227.099,-224.797,-240.211,-353.263,4609.49,3930.57,3541.71,-2.68123,20372.5,-70.1033,20299.4,-54.3097,-79.4374,51.7932,-36.7934,9.48545,5.40769,4.68459,19842.1,-73.1449,51.1091,-38.7208,20027.1,6.6288,4.37146,3.6381,2,LLLAFLLGTLLILLLAVLILI,0.3348766289581601,0.0634713472166123,D,14,-42.49210009495196,-51.318716031098674,-39.07683394432094,-48.42764295100432,-37.59512982284674,-47.173358596776914,-15.793600000000005,0.0,13.112000000000023,678.9199999999996,-0.023262829199316583,0.0,0.019313026571613785,-0.003949257644494199
LYLLGVLLITLLAFL,Mutant,clash,,LLLLYLLGVLLGTLLAFLILI,0.4285242319410108,LLLLYLLGVLLITLLAFLILI_2,110011001100110000,1,-60.1364,-52.5939,-58.7368,-233.04,-223.383,-244.378,-347.057,4683.02,4051.86,3528.31,-2.50238,390371.0,-56.3826,390300.0,-43.9423,-70.0404,58.8078,-33.8115,9.84515,4.94512,4.32724,344296.0,-64.5306,55.4034,-39.7316,390024.0,6.5792,3.65905,2.9901,2,LLLLYLLGVLLITLLAFLILI,0.053541052210298,0.022200544362048,D,14,-69.18114760591027,-72.92997254954747,-64.89146342216586,-69.16208829730962,-69.27366201884247,-73.01123345003828,-12.440299999999993,-1.3995999999999995,11.337999999999994,631.1600000000003,-0.019710216110019628,-0.0022175042778376304,0.017963749287027042,-0.00396473160529818
YVLLTILLGLLLIAL,Mutant,clash,,LLLYVLLTILLGLLLGALILI,0.0526764307730036,LLLYVLLTILLGLLLIALILI_1,110011001100110000,1,-58.7586,-58.7586,-58.7586,-240.156,-223.847,-249.355,-366.482,4639.27,4213.13,3740.22,-2.4667,17013.4,-70.0338,16929.5,-58.3678,-42.1166,81.3877,-43.0953,10.4973,3.80483,3.52565,9424.41,-39.1035,62.7825,-44.0154,17541.7,7.1407,0.841163,0.282901,1,LLLYVLLTILLGLLLIALILI,0.150583201149679,0.0293971956659786,D,15,-24.98798577311483,-42.181461173032986,-28.8113062455448,-45.12843980654234,-23.34175884799892,-40.91256529856789,-11.665999999999997,0.0,9.198999999999984,426.1400000000003,-0.027375979724972986,0.0,0.021586802459285626,-0.005788473271694744
AFLLGTLLLLLLAVL,Mutant,clash,,LLLAFLLGTLLGLLLAVLILI,1.1375449711834411,LLLAFLLGTLLLLLLAVLILI_2,110011001100110000,1,-58.7424,-66.7515,-58.7424,-226.155,-226.83,-240.216,-356.499,4633.83,4027.14,3525.37,-2.36811,762411.0,-73.9694,762348.0,-57.5399,-73.9374,60.5396,-53.3584,10.2398,5.76345,5.17155,473245.0,-73.1449,51.1091,-38.7208,746264.0,6.6288,4.37146,3.6381,2,LLLAFLLGTLLLLLLAVLILI,0.2793791432572889,0.1389522148080808,D,16,-24.2323614653342,-34.35588971387632,-24.76320339142273,-34.81580435044916,-17.25035433495777,-28.30676828223456,-16.42949999999999,0.0,14.061000000000007,606.69,-0.02708055184690697,0.0,0.023176581120506363,-0.0039033278939820996
STLLGLLLLVLLAIL,Mutant,clash,,LLLSTLLGLLLGVLLAILILI,0.8132620524490191,LLLSTLLGLLLLVLLAILILI_2,110011001100110000,1,-44.9407,-67.082,-44.9407,-240.844,-224.224,-259.493,-385.461,4573.73,4002.57,3547.57,-2.0657,279813.0,-101.743,279719.0,-81.0281,-83.0194,81.1397,-42.0326,9.20116,9.90677,9.62387,138807.0,-70.6341,63.5646,-35.8262,279428.0,6.7474,5.67633,5.1298,2,LLLSTLLGLLLLVLLAILILI,0.3092075333392161,0.1069778894549967,D,16,-43.26542140039015,-50.96438477267184,-39.77890648925408,-47.95099491613757,-44.119737986763575,-51.70276937771797,-20.7149,0.0,18.649,571.1599999999994,-0.03626812101687797,0.0,0.03265109601512715,-0.0036166748371734754
AFLLGVLLGLLLIYL,Mutant,clash,,LLLAFLLGVLLGLLLGYLILI,0.2823358065782855,LLLAFLLGVLLGLLLIYLILI_0,110011001100110000,1,-44.9328,-48.886,-44.9328,-233.093,-223.38,-242.792,-336.722,4613.13,4102.33,3460.95,-1.94106,11618100.0,-60.6377,11618000.0,-48.998,-62.4314,61.4083,-51.5013,8.69519,4.15483,3.57596,11575100.0,-69.605,42.1044,-35.8969,11617800.0,6.5663,2.62484,1.75641,0,LLLAFLLGVLLGLLLIYLILI,1.22576521026562,0.0944774372363754,D,14,-67.3522122031353,-70.37055938362103,-51.39859138596479,-55.8918797389323,-53.83125981179506,-58.09964355775376,-11.639700000000005,0.0,9.699000000000012,510.8000000000002,-0.022787196554424433,0.0,0.01898786217697731,-0.0038000391542678136
AYLLGLLLIVLLGTL,Mutant,clash,11.0,LLLAYLLGLLLGVLLGTLILI,0.86464522740869,LLLAYLLGLLLIVLLGTLILI_1,110011001100110000,1,-59.0013,-61.1343,-58.7113,-230.822,-223.262,-243.069,-356.39,4589.22,4041.48,3384.22,-1.93585,4019920.0,-68.5021,4019850.0,-54.6092,-80.0996,55.9279,-38.7279,11.1523,6.06521,5.40413,3746210.0,-78.1031,43.7429,-35.0,4021380.0,7.2077,4.12076,3.2769,1,LLLAYLLGLLLIVLLGTLILI,0.296275325465434,0.0958790029360921,D,14,8.770333125496553,13.101985380891035,16.36252582395061,20.99652834049309,43.985595768349285,49.71965498038354,-13.892899999999997,-0.28999999999999915,12.246999999999986,547.7400000000002,-0.025364041333479373,-0.0005294482783802516,0.022359148501113632,-0.0035342498265600454
AYLLGVLLIFLLGLL,Mutant,clash,,LLLAYLLGVLLGFLLGLLILI,1.0509627799878207,LLLAYLLGVLLIFLLGLLILI_2,110011001100110000,1,-44.8823,-52.4315,-44.8823,-236.459,-223.388,-245.009,-334.747,4670.46,3950.59,3590.46,-1.76522,192543.0,-55.1708,192484.0,-44.8557,-81.4893,64.6816,-35.4209,9.91671,7.45541,6.92564,185651.0,-79.0932,48.1108,-39.972,192208.0,7.1758,4.85894,4.0806,2,LLLAYLLGVLLIFLLGLLILI,0.2827933897653668,0.037002555201705,D,14,-73.1876912371096,-75.20474271775886,-62.508597046833145,-65.32902144620333,-62.20671071500946,-65.04984558955647,-10.315100000000001,0.0,8.549999999999983,719.8699999999999,-0.01432911497909345,0.0,0.011877144484420777,-0.002452137191437343
AYLLLLLLGVLLGTL,Mutant,clash,,LLLAYLLGLLLGVLLGTLILI,0.7959660239351127,LLLAYLLLLLLGVLLGTLILI_0,110011001100110000,1,-58.7113,-66.6173,-58.7113,-215.664,-207.303,-241.584,-358.328,4602.89,3663.44,3414.66,-1.74815,515329.0,-85.7016,515244.0,-58.0328,-70.0684,45.5427,-36.9702,9.21333,3.15853,2.34167,443507.0,-78.1031,43.7429,-35.0,514970.0,7.2077,4.12076,3.2769,0,LLLAYLLLLLLGVLLGTLILI,0.3649545289390113,0.0831835959549607,D,16,-85.1406770468975,-89.6344733087908,-80.89323968747541,-86.67155733628775,-87.86247430083503,-91.5331373443456,-27.668799999999997,0.0,25.920000000000016,939.4500000000003,-0.02945212624407897,0.0,0.027590611528021725,-0.001860822821863856
AYLLLFLLGTLLGLL,Mutant,clash,,LLLAYLLGFLLGTLLGLLILI,0.8379753670146652,LLLAYLLLFLLGTLLGLLILI_0,110011001100110000,1,-58.6623,-55.4398,-58.6623,-227.023,-222.57,-243.844,-347.743,4619.91,3987.0,3562.31,-1.71655,65705.2,-63.7736,65635.4,-45.2365,-82.9167,35.0073,-41.7216,9.8858,3.6635,2.68861,60876.5,-91.134,25.7473,-37.6199,65357.4,7.3707,3.64599,2.5322,0,LLLAYLLLFLLGTLLGLLILI,0.3965626275452609,0.1338856935740316,D,16,-96.01914855793484,-96.6922078071172,-94.97051703804432,-95.82087281630297,-96.67106190133632,-97.23389942739551,-18.537100000000002,0.0,16.820999999999998,632.9099999999999,-0.029288682435101368,0.0,0.026577238469924637,-0.0027121549667409274
TFLLGILLIVLLGLL,Mutant,clash,,LLLTFLLGILLGVLLGLLILI,1.03280058974659,LLLTFLLGILLIVLLGLLILI_2,110011001100110000,1,-44.9305,-51.9007,-44.9305,-231.993,-225.22,-247.334,-351.279,4657.38,4107.73,3563.3,-1.70699,2768390.0,-76.0623,2768320.0,-59.0151,-81.2357,64.6867,-39.946,10.6102,7.41806,6.88837,2610470.0,-92.5815,39.7325,-40.3169,2768040.0,6.7382,5.75111,4.8471,2,LLLTFLLGILLIVLLGLLILI,0.3650437028646231,0.1203631009580301,D,15,-64.90596327842064,-69.01165636838397,-58.06538648469672,-62.9713667885868,-61.52850877906784,-66.02933428738679,-17.047199999999997,0.0,15.341000000000008,549.6500000000005,-0.03101464568361681,0.0,0.027910488492677146,-0.0031055944692076746
AYLLILLLGFLLGTL,Mutant,clash,7.0,LLLAYLLGLLLGFLLGTLILI,0.6694533337551406,LLLAYLLILLLGFLLGTLILI_0,110011001100110000,1,-58.7779,-64.4943,-58.7779,-226.695,-217.446,-244.015,-344.206,4618.68,3967.06,3499.52,-1.66822,20420.5,-60.4012,20358.2,-41.4127,-90.1362,46.5277,-34.266,10.4636,6.30166,5.49958,19861.9,-85.1121,47.6719,-35.0,20076.3,7.4675,5.70252,4.9176,0,LLLAYLLILLLGFLLGTLILI,0.553785724941766,0.1499373893440419,D,14,-83.67153088484736,-86.72846055124928,-78.66006116035012,-82.65521169516612,-83.10569831671104,-86.26856016521491,-18.988500000000002,0.0,17.319999999999993,651.6200000000003,-0.029140449955495522,0.0,0.026579908535649586,-0.0025601117215555066
YFLLLTLLGVLLALL,Mutant,clash,,LLLYFLLGTLLGVLLALLILI,0.9521322706691052,LLLYFLLLTLLGVLLALLILI_2,110011001100110000,1,-58.7571,-66.418,-58.7816,-225.08,-225.806,-250.018,-351.725,4755.59,4080.55,3689.8,-1.59195,34210.2,-69.4796,34150.7,-42.9257,-65.8208,54.6067,-51.8129,8.31827,3.74502,3.06412,32014.7,-72.9898,49.7856,-44.4885,33858.5,6.6061,4.16952,3.4163,2,LLLYFLLLTLLGVLLALLILI,0.2276352641331858,0.0256602791661991,D,17,-97.26263190659088,-96.51082303651728,-95.80513502087167,-94.65302957050746,-97.22903336919082,-96.46799677468375,-26.553900000000006,0.02449999999999619,24.937999999999988,675.04,-0.03933678004266415,3.6294145532110975e-05,0.036942995970609134,-0.0023583046930552264
STLLGALLLFLLALL,Mutant,clash,,LLLSTLLGALLGFLLALLILI,1.163556395536395,LLLSTLLGALLLFLLALLILI_2,110011001100110000,1,-49.5526,-66.803,-44.9255,-231.82,-222.217,-258.622,-367.045,4613.3,3836.18,3582.96,-1.55528,56732.0,-87.2277,56654.0,-63.4974,-64.4065,85.1818,-50.4474,7.64886,7.66051,7.43824,40112.5,-68.8242,63.6738,-35.7825,56365.0,6.5843,5.41959,4.8747,2,LLLSTLLGALLLFLLALLILI,0.242592572589038,0.1404194967508737,D,16,-49.38142890595266,-52.917806074351006,-45.10942948490058,-48.94426235620589,-44.826795770462894,-48.68137434760608,-23.7303,-4.627099999999999,26.80200000000002,777.1200000000003,-0.030536210623841865,-0.005954164093061556,0.03448888202594195,-0.002001338274655136
TVLLGLLLIFLLAIL,Mutant,clash,,LLLTVLLGLLLGFLLAILILI,0.7833515900255896,LLLTVLLGLLLIFLLAILILI_2,110011001100110000,1,-44.9495,-44.9495,-44.9495,-238.725,-238.172,-246.445,-358.708,4579.1,4149.57,3612.22,-1.54868,337362.0,-76.5818,337287.0,-67.3137,-78.6046,63.646,-35.3502,10.9641,6.88289,6.33758,142539.0,-85.5593,36.5947,-45.0,340013.0,7.5,4.27418,3.3231,2,LLLTVLLGLLLIFLLAILILI,0.2264492188440563,0.0586943923496082,D,15,-63.9847140366393,-68.1254860110019,-55.157550921676105,-60.31320501239206,-58.18716653750127,-62.99449776753351,-9.268100000000004,0.0,7.719999999999999,429.53000000000065,-0.021577305426861895,0.0,0.01797313342490626,-0.0036055223150885797
TVLLGILLILLLGFL,Mutant,clash,,LLLTVLLGILLGLLLGFLILI,0.4979181252945069,LLLTVLLGILLILLLGFLILI_1,110011001100110000,1,-44.9617,-46.2735,-44.9617,-233.131,-229.795,-245.054,-353.691,4584.54,4099.63,3589.83,-1.46488,6050970.0,-77.0625,6050890.0,-63.6749,-75.2644,46.5419,-37.467,10.2628,4.07282,3.27095,4886870.0,-76.9679,35.2534,-45.0,6125390.0,6.6086,2.8044,1.8332,1,LLLTVLLGILLILLLGFLILI,0.2645706000868738,0.0193470536947246,D,15,-48.20786669434148,-52.89241003775111,-32.99818010922855,-39.05842341902386,-20.786553349266534,-27.951325304618383,-13.387599999999999,0.0,11.923000000000002,484.90999999999985,-0.027608422181435735,0.0,0.02458806788888661,-0.003020931719288116
TYLLGVLLGLLLIFL,Mutant,clash,,LLLTYLLGVLLGLLLGFLILI,0.9503899016770334,LLLTYLLGVLLGLLLIFLILI_1,110011001100110000,1,-44.907,-44.907,-44.907,-238.509,-229.2,-253.228,-348.966,4628.31,3853.03,3490.6,-1.38643,48995.8,-66.9356,48920.9,-50.8307,-65.1221,61.5659,-44.8291,9.24225,4.57971,4.0032,2076.39,-69.5064,38.1576,-45.0,1671.34,6.5231,2.07724,1.1496,1,LLLTYLLGVLLGLLLIFLILI,0.1769080021752245,0.0778082308800445,D,15,-75.48053322840627,-78.9069990754463,-70.43254126452221,-74.56443729980839,-73.75096805642889,-77.4191314920509,-16.104899999999994,0.0,14.719000000000023,775.2800000000002,-0.02077301104117221,0.0,0.018985398823650836,-0.0017882958415024245
AYLLGLLLIFLLATL,Mutant,clash,,LLLAYLLGLLLGFLLATLILI,2.0597458526928034,LLLAYLLGLLLIFLLATLILI_2,110011001100110000,1,-60.1786,-65.5616,-58.7236,-237.272,-224.751,-246.338,-350.205,4621.08,4129.43,3555.36,-1.14484,4806.28,-53.8994,4746.38,-45.1432,-87.7443,59.9944,-37.8775,10.8089,7.76089,7.16081,4238.35,-87.2227,45.9146,-36.9014,4456.07,7.4937,5.78188,4.9706,2,LLLAYLLGLLLIFLLATLILI,0.2017137186231122,0.0447840098709345,D,14,-67.35663682660376,-71.19565362125851,-61.69579523127625,-66.2005542731653,-62.75135755805156,-67.1319773842976,-8.7562,-1.4550000000000054,9.066000000000003,491.64999999999964,-0.017809824061832617,-0.002959422353300125,0.018439947116851436,-0.0023285670700701738
AFLLIVLLGTLLGLL,Mutant,clash,7.0,LLLAFLLGVLLGTLLGLLILI,1.98742505199364,LLLAFLLIVLLGTLLGLLILI_0,110011001100110000,1,-58.6941,-65.7972,-58.6941,-221.943,-221.156,-238.956,-349.655,4582.57,4101.91,3542.53,-1.08354,7542340.0,-70.1019,7542280.0,-52.0056,-89.3374,45.2612,-43.952,9.79462,6.01088,5.1898,6858790.0,-97.484,35.8407,-36.8474,7541990.0,6.7321,5.96109,4.9987,0,LLLAFLLIVLLGTLLGLLILI,0.3450731308197811,0.0750991678621555,D,14,-89.07115924659448,-90.46506561439897,-86.03361922685139,-87.81494512720431,-89.3911565080189,-90.7442491948078,-18.0963,0.0,17.012999999999977,480.65999999999985,-0.037648857820496824,0.0,0.03539508176257642,-0.0022542753713643746
GYLLAFLLILLLGTL,Mutant,clash,,LLLGYLLAFLLGLLLGTLILI,1.1550206593964698,LLLGYLLAFLLILLLGTLILI_1,110011001100110000,1,-61.2273,-58.7749,-58.7749,-228.46,-223.87,-248.156,-348.766,4639.87,4016.33,3547.66,-0.884688,29396.5,-59.9635,29330.3,-41.835,-61.0269,54.2424,-38.4547,10.788,2.97676,2.2904,29214.8,-61.4169,47.8691,-36.8365,29105.6,7.2814,2.17486,1.3929,1,LLLGYLLAFLLILLLGTLILI,0.3306125223526413,0.0921848321535266,D,14,-77.8341714010257,-83.40581581618099,-72.05012764792113,-79.0756601922795,-74.97591792606693,-81.26601831681293,-18.128500000000003,-2.4523999999999972,19.695999999999998,623.54,-0.029073515732751715,-0.003933027552362314,0.03158738813869198,-0.0014188151521955289
FVLLTLLLGLLLIAL,Mutant,clash,,LLLFVLLTLLLGLLLGALILI,0.6090087311471584,LLLFVLLTLLLGLLLIALILI_2,110011001100110000,1,-58.8313,-63.5798,-58.8313,-233.352,-220.07,-243.293,-363.417,4668.45,4228.11,3639.51,-0.792373,41004.3,-72.0262,40924.5,-61.293,-33.4477,88.6183,-35.4731,10.8186,3.48064,3.30991,25492.3,-40.5686,62.7854,-41.894,40640.8,7.0908,1.06132,0.503101,2,LLLFVLLTLLLGLLLIALILI,0.3444671112582481,0.0757857179674722,D,14,-14.21288749165917,-25.43640900987468,-23.26424883759021,-33.303581427365856,-25.11928742754434,-34.91592545723153,-10.733200000000004,0.0,9.941000000000003,440.34000000000015,-0.024374801289912342,0.0,0.02257573693055366,-0.001799457237589135
TLLLGILLGVLLLFL,Mutant,clash,,LLLTLLLGILLGVLLAFLILI,0.8307837926410511,LLLTLLLGILLGVLLLFLILI_1,110011001100110000,1,-52.2917,-51.3384,-44.9405,-232.212,-231.102,-246.24,-354.083,4606.69,3830.63,3614.54,-0.732339,5417.53,-70.3115,5345.89,-62.9028,-65.2502,53.3391,-52.6928,7.01763,3.48832,2.7884,5360.05,-68.9044,49.4176,-45.0,5046.99,6.5,3.50704,2.7483,1,LLLTLLLGILLGVLLLFLILI,0.6612921741821518,0.0971298534980709,D,17,-80.08074559631336,-85.59595491549234,-73.39614425306135,-80.76217463592815,-75.81905083287828,-82.51423095811529,-7.408699999999996,-7.351199999999999,14.02800000000002,776.0599999999995,-0.00954655567868464,-0.009472463469319388,0.018075921964796574,-0.0009436628611189862
TFLLIILLGVLLGLL,Mutant,clash,,LLLTFLLGILLGVLLGLLILI,1.2307350058066129,LLLTFLLIILLGVLLGLLILI_2,110011001100110000,1,-44.9305,-51.5308,-44.9305,-228.796,-217.421,-245.261,-350.8,4605.57,4148.23,3590.26,-0.558769,1272820.0,-77.6323,1272740.0,-60.6083,-91.2688,53.282,-46.1346,10.1769,7.38339,6.68262,893526.0,-92.5815,39.7325,-40.3169,1272470.0,6.7382,5.75111,4.8471,2,LLLTFLLIILLGVLLGLLILI,0.1671092868046003,0.1263591827827897,D,15,-84.59245817099875,-87.37059611156448,-80.84805632329778,-84.30134835095103,-84.22356498655157,-87.06821815473134,-17.024,0.0,16.465000000000003,457.34000000000015,-0.03722394717278173,0.0,0.036001661783355926,-0.0012217802947478895
TLLLILLLGYLLAFL,Mutant,clash,,LLLTLLLGLLLGYLLAFLILI,0.9602471222734308,LLLTLLLILLLGYLLAFLILI_2,110011001100110000,1,-44.9618,-47.5035,-44.9618,-235.284,-225.534,-249.095,-353.704,4652.11,4322.56,3602.93,0.0354795,138060.0,-73.4231,137979.0,-59.6477,-89.8281,43.2428,-41.9792,10.5473,5.812,4.96064,97564.5,-93.4365,38.3915,-39.9749,174767.0,7.3305,5.69833,4.7742,2,LLLTLLLILLLGYLLAFLILI,0.2269032932930417,0.0969716629111897,D,15,-72.30624716058742,-76.61799227788617,-67.47197361256903,-72.53638506177388,-73.1942884062613,-77.36777102345044,-13.775400000000005,0.0,13.811000000000007,329.5499999999993,-0.041800637232590004,0.0,0.041908663328781785,0.00010766044606281316
AFLLLVLLGTLLGLL,Mutant,clash,,LLLAFLLGVLLGTLLGLLILI,2.039037592937286,LLLAFLLLVLLGTLLGLLILI_2,110011001100110000,1,-58.6941,-60.9163,-58.6941,-223.406,-225.534,-238.948,-352.874,4598.43,4176.93,3485.44,0.128359,4448310.0,-70.6462,4448240.0,-55.2319,-93.3961,39.3716,-37.0737,10.8236,5.82459,4.91516,2156820.0,-97.484,35.8407,-36.8474,4449890.0,6.7321,5.96109,4.9987,2,LLLAFLLLVLLGTLLGLLILI,0.2934605898761345,0.0998594761098209,D,16,-67.892604562689,-71.45815257966929,-66.19524910106585,-69.94928959206564,-75.09976220720712,-77.86495048471089,-15.41429999999999,0.0,15.542000000000002,421.5,-0.036570106761565815,0.0,0.03687307236061685,0.0003045290628706999
VFLLLTLLGLLLAIL,Mutant,clash,,LLLVFLLGTLLGLLLAILILI,1.1989091704144037,LLLVFLLLTLLGLLLAILILI_0,110011001100110000,1,-58.7524,-52.2357,-58.7524,-222.036,-222.478,-239.211,-361.302,4621.94,3917.21,3537.24,0.39206,1066040.0,-80.1222,1065950.0,-63.3387,-91.904,40.3607,-42.14,9.80761,5.73429,4.8397,1020320.0,-81.7774,50.2073,-43.0207,1065680.0,6.749,5.54459,4.7977,0,LLLVFLLLTLLGLLLAILILI,0.4344898853234967,0.0252976444048407,D,17,-49.99761797782079,-60.39725224364057,-45.3497863281589,-56.71608952715361,-59.866884006242,-68.21388091726267,-16.783500000000004,0.0,17.17500000000001,704.7299999999996,-0.023815503809969794,0.0,0.024371035715806084,0.0005563265364040132
ALLLLVLLGFLLGTL,Mutant,clash,,LLLALLLGVLLGFLLGTLILI,0.998242408960291,LLLALLLLVLLGFLLGTLILI_1,110011001100110000,1,-58.7215,-60.0581,-58.7215,-217.503,-216.274,-237.963,-351.824,4607.47,4029.28,3625.93,0.601414,29303.1,-74.9984,29227.6,-55.1399,-71.6995,39.2095,-52.1681,9.24335,2.54821,1.63636,24060.4,-80.2804,39.355,-44.6447,32830.0,7.3257,3.85498,2.9453,1,LLLALLLLVLLGFLLGTLILI,0.3579806886997692,0.097623328964799,D,16,-18.96745106082924,-34.1231461078672,-24.26237230656676,-38.42774663990336,-39.040492787446176,-50.44188289088122,-19.858500000000006,0.0,20.460000000000008,578.19,-0.03434597623618534,0.0,0.0353862917034193,0.0010401667272004012
TALLLFLLGVLLGLL,Mutant,clash,,LLLTALLAFLLGVLLGLLILI,0.6734030160440546,LLLTALLLFLLGVLLGLLILI_0,110011001100110000,1,-44.9303,-50.2716,-44.9303,-225.911,-222.013,-241.681,-349.93,4575.79,3914.78,3435.94,0.688984,23289.5,-78.3991,23211.8,-63.3187,-59.3447,51.3563,-47.0553,8.54996,2.33481,1.60515,20279.6,-63.8279,50.3554,-37.6016,22939.5,6.5149,2.87217,2.1275,0,LLLTALLLFLLGVLLGLLILI,0.7005307251141689,0.1096791926436504,D,17,-84.23848852074102,-87.498383762314,-77.67268387498667,-82.29056025624658,-83.03756879802803,-86.545845833107,-15.080400000000004,0.0,15.77000000000001,661.0099999999998,-0.022814178302900123,0.0,0.02385743029606211,0.0010423200859291089
ALLLIFLLGVLLGTL,Mutant,clash,,LLLALLLGFLLGVLLGTLILI,0.5440149097314285,LLLALLLIFLLGVLLGTLILI_0,110011001100110000,1,-58.7392,-69.0768,-58.7392,-219.274,-216.841,-237.943,-351.807,4499.13,3609.16,3347.36,0.774803,103159.0,-73.0189,103093.0,-55.1252,-87.3974,44.8929,-31.0549,9.13202,5.67016,4.84356,95023.0,-83.578,48.738,-35.1079,102807.0,6.9512,5.61633,4.8474,0,LLLALLLIFLLGVLLGTLILI,0.5655817488037361,0.0829055016714532,D,14,-84.32579729532404,-87.49346591831116,-79.43800783487866,-83.59347134615066,-84.4600040324527,-87.60055022515066,-17.893700000000003,0.0,18.66900000000001,889.9700000000003,-0.02010595862781891,0.0,0.020977111588031064,0.0008705945144218343
AFLLITLLGLLLGVL,Mutant,clash,,LLLAFLLGTLLGLLLGVLILI,1.0716636617803683,LLLAFLLITLLGLLLGVLILI_0,110011001100110000,1,-58.7586,-53.518,-58.7586,-226.773,-222.788,-238.931,-349.22,4601.87,4037.48,3432.1,0.861278,41315300.0,-62.8268,41315300.0,-51.5297,-94.7782,39.5865,-33.633,10.6648,6.06091,5.15471,37393600.0,-94.1397,39.8563,-36.5769,41315000.0,6.9528,6.00156,5.0994,0,LLLAFLLITLLGLLLGVLILI,0.4025234631664835,0.0458082342446777,D,14,-59.60949458143592,-66.71512704260076,-53.52523510876021,-61.70123079423182,-59.14834294088868,-66.33510273711988,-11.2971,0.0,12.158000000000015,564.3899999999999,-0.020016477967363,0.0,0.021541841634330903,0.0015260334166090827
AVLLLLLLGFLLGTL,Mutant,clash,,LLLAVLLGLLLGFLLGTLILI,1.6798276813229598,LLLAVLLLLLLGFLLGTLILI_2,110011001100110000,1,-58.754,-61.2115,-58.754,-218.65,-213.993,-238.502,-354.81,4541.65,4037.94,3646.62,0.881066,27471.5,-76.5255,27391.9,-57.5548,-74.9043,39.8704,-50.5038,9.2811,3.11816,2.21621,22818.0,-80.2804,39.355,-44.6447,27099.4,7.3257,3.85498,2.9453,2,LLLAVLLLLLLGFLLGTLILI,0.2790655596392716,0.0985400993310131,D,16,-36.98792038492196,-47.23531459025692,-34.50708888646607,-45.15793047009714,-46.05808190385982,-54.83043321014443,-18.970699999999994,0.0,19.852000000000004,503.7099999999996,-0.037661948343292784,0.0,0.039411566178952216,0.001749153282642792
SYLLGVLLILLLAFL,Mutant,clash,11.0,LLLSYLLGVLLGLLLAFLILI,0.7898245790720422,LLLSYLLGVLLILLLAFLILI_0,110011001100110000,1,-44.9196,-65.3763,-44.9196,-240.444,-233.863,-256.115,-353.481,4642.39,4003.68,3617.57,0.95205,230365.0,-67.165,230311.0,-52.4465,-92.5113,54.7874,-37.0561,9.50709,7.77299,7.0948,203044.0,-85.9497,42.6517,-45.0,230011.0,6.5506,5.15043,4.2902,0,LLLSYLLGVLLILLLAFLILI,0.108949565258038,0.045710684421317,D,15,-88.82932575602305,-89.9281708940887,-84.80032379575067,-86.2954967756822,-87.86886694672945,-89.06219120663266,-14.718500000000006,0.0,15.67100000000002,638.7100000000005,-0.023044104523179527,0.0,0.02453539164879211,0.001490582580513847
TLLLIILLGVLLGAL,Mutant,clash,7.0,LLLTLLLGILLGVLLGALILI,1.0392391706513544,LLLTLLLIILLGVLLGALILI_0,110011001100110000,1,-44.8956,-50.9623,-44.8956,-221.297,-211.977,-238.56,-360.201,4507.82,4153.09,3582.66,0.987428,1585930.0,-93.0211,1585830.0,-76.7456,-81.1925,45.0991,-54.4599,9.55762,4.76725,3.94374,930681.0,-90.0074,38.3333,-42.1317,1585570.0,6.7822,5.1761,4.2511,0,LLLTLLLIILLGVLLGALILI,0.1697891596150122,0.13015156219288,D,15,27.33116613329807,9.070576730639637,-3.422398059363594,-17.272612332003987,31.54566432922942,12.680672851013291,-16.275500000000008,0.0,17.263000000000005,354.72999999999956,-0.04588137456657184,0.0,0.04866518196938524,0.002783604431539484
ALLLIFLLGTLLGVL,Mutant,clash,,LLLALLLGFLLGTLLGVLILI,0.9064935935993564,LLLALLLIFLLGTLLGVLILI_0,110011001100110000,1,-58.6723,-62.6421,-58.6723,-220.59,-208.624,-237.904,-351.946,4491.47,3604.62,3343.33,0.996083,39434.0,-71.6873,39353.3,-55.3697,-85.7262,57.1829,-30.8033,9.60269,7.07863,6.43637,38814.6,-85.1121,47.6719,-35.0,39082.0,7.4675,5.70252,4.9176,0,LLLALLLIFLLGTLLGVLILI,0.3783380991776392,0.0775452075841262,D,14,-84.26026777773924,-88.0904984203216,-80.68967414031759,-85.38880121449995,-84.7496679198698,-88.46080406996634,-16.31759999999999,0.0,17.313999999999993,886.8500000000004,-0.018399503861983406,0.0,0.0195230309522467,0.0011231696453740765
AYLLIVLLGFLLGLL,Mutant,clash,,LLLAYLLGVLLGFLLGLLILI,0.7092237688356597,LLLAYLLIVLLGFLLGLLILI_0,110011001100110000,1,-44.8823,-54.5416,-44.8823,-219.493,-221.438,-243.41,-333.653,4675.04,3778.01,3602.36,1.05185,89502.9,-68.2263,89445.2,-45.3612,-67.7274,50.3784,-40.2012,9.28923,3.46019,2.71586,86782.6,-79.0932,48.1108,-39.972,89169.2,7.1758,4.85894,4.0806,0,LLLAYLLIVLLGFLLGLLILI,0.6245324009175277,0.0818452735553646,D,14,-95.13204334759038,-95.25694560226012,-93.16966913508358,-93.34492207714626,-95.11654388347752,-95.24184382410714,-22.865099999999998,0.0,23.917,897.0299999999997,-0.025489782950403002,0.0,0.026662430464978883,0.0011725917750799865
GYLLAFLLGLLLITL,Mutant,clash,,LLLGYLLAFLLGLLLGTLILI,0.8850915809008318,LLLGYLLAFLLGLLLITLILI_2,110011001100110000,1,-60.1632,-64.1828,-58.7749,-237.707,-224.173,-247.875,-349.174,4603.52,3880.95,3507.72,1.17267,23641500.0,-50.1306,23641500.0,-42.5236,-56.8779,79.4744,-43.2762,10.3991,5.76073,5.45285,18988300.0,-61.4169,47.8691,-36.8365,23641200.0,7.2814,2.17486,1.3929,2,LLLGYLLAFLLGLLLITLILI,0.6005416008482792,0.0928356000636592,D,14,-70.04996705635432,-75.8634888039469,-63.97381243786812,-70.96676050137728,-66.76845102335952,-73.21893917625738,-7.606999999999999,-1.388300000000001,10.168000000000006,722.5700000000006,-0.010527699738433637,-0.0019213363411157394,0.014071993024897238,0.0016229154268790555
AVLLIFLLGTLLGLL,Mutant,clash,,LLLAVLLGFLLGTLLGLLILI,0.9634836130939316,LLLAVLLIFLLGTLLGLLILI_0,110011001100110000,1,-58.7162,-59.8745,-58.7162,-218.655,-210.764,-238.402,-348.643,4606.41,3975.25,3433.75,1.20185,9742.03,-70.0697,9664.02,-51.5253,-77.545,49.2682,-46.9225,9.64982,4.78295,4.02197,8063.03,-77.6262,50.1878,-35.0,9393.38,7.3742,4.91928,4.1721,0,LLLAVLLIFLLGTLLGLLILI,0.3748945547660686,0.0856955210474386,D,14,-93.17415213407044,-94.3152195211908,-90.35878718061524,-91.97049516716416,-93.419731804198,-94.51974598327357,-18.544399999999996,0.0,19.746999999999986,631.1599999999999,-0.02938145636605615,0.0,0.03128683693516698,0.0019041922808796508
TYLLGVLLILLLGFL,Mutant,clash,11.0,LLLTYLLGVLLGLLLGFLILI,1.0382329386362084,LLLTYLLGVLLILLLGFLILI_2,110011001100110000,1,-46.032,-52.4551,-44.9134,-235.356,-232.293,-254.761,-346.917,4680.33,4045.87,3538.39,1.33113,219651.0,-64.1978,219588.0,-47.2423,-68.0494,49.2373,-35.5278,10.4025,3.35445,2.59301,191887.0,-70.6256,40.5984,-41.2559,219304.0,6.8843,2.57462,1.6836,2,LLLTYLLGVLLILLLGFLILI,0.0890649652160495,0.0588422860306344,D,15,-78.9366477412472,-81.88851740493905,-72.29817811409427,-76.18037913553995,-73.86655127146685,-77.52895664558517,-16.9555,-1.1185999999999936,19.405,634.46,-0.02672430098036125,-0.0017630741102669886,0.030585064464268827,0.00209805188664376
TLLLILLLGVLLAIL,Mutant,clash,,LLLTLLLGLLLGVLLAILILI,0.8858231537300445,LLLTLLLILLLGVLLAILILI_0,110011001100110000,1,-44.9259,-47.4742,-44.9259,-227.019,-221.68,-243.77,-374.727,4570.23,3879.59,3619.14,1.65344,164532.0,-101.129,164427.0,-86.031,-90.0589,46.0542,-28.0735,9.88891,6.22615,5.41696,160531.0,-95.5773,36.118,-40.2012,164157.0,6.9567,5.71253,4.7543,0,LLLTLLLILLLGVLLAILILI,0.2700268240283236,0.0827818140769801,D,15,-75.70873868162491,-79.98541729607813,-73.14265247260522,-77.87111190935178,-75.41318272670313,-79.74189642551124,-15.097999999999999,0.0,16.751000000000005,690.6399999999994,-0.021860882659562163,0.0,0.024254314838410777,0.0023940692690837505
AILLIVLLGLLLGFL,Mutant,clash,,LLLAILLGVLLGLLLGFLILI,0.947669042187379,LLLAILLIVLLGLLLGFLILI_0,110011001100110000,1,-44.9261,-53.2056,-44.9261,-223.426,-219.608,-238.622,-347.152,4541.07,4054.0,3476.45,1.73614,431848.0,-77.064,431774.0,-63.6042,-79.7306,38.8538,-51.4057,10.3181,3.70486,2.78766,404416.0,-83.7055,31.7125,-44.5563,431501.0,7.4442,3.33701,2.3127,0,LLLAILLIVLLGLLLGFLILI,0.2549077379087547,0.0352305513600878,D,14,-66.80556670671588,-72.81720710557346,-61.03903757338583,-68.09501872639417,-67.2652783682777,-73.1936632052146,-13.459799999999994,0.0,15.196000000000026,487.0699999999997,-0.027634220953867004,0.0,0.031198800993697078,0.003564456854250931
ALLLIILLGLLLGFL,Mutant,clash,,LLLALLLGILLGLLLGFLILI,1.1582233493973957,LLLALLLIILLGLLLGFLILI_2,110011001100110000,1,-44.9506,-47.8013,-44.9506,-217.928,-208.843,-240.248,-354.063,4564.62,3957.52,3414.29,2.02309,34434.8,-89.1611,34337.4,-68.8637,-74.1237,38.859,-49.0068,8.80284,2.86452,1.94741,33937.6,-80.9675,41.2498,-36.7766,34059.3,6.7833,4.21385,3.3326,2,LLLALLLIILLGLLLGFLILI,0.121628655201386,0.1181440526618961,D,14,-58.387513229341394,-66.64826461161431,-51.08741137237267,-60.79735099561871,-61.32953427434308,-69.00624691487681,-20.29740000000001,0.0,22.319999999999993,607.0999999999999,-0.033433371767418896,0.0,0.03676494811398451,0.003332383462362049
TYLLAVLLIFLLGLL,Mutant,clash,,LLLTYLLAVLLGFLLGLLILI,0.8972718069559049,LLLTYLLAVLLIFLLGLLILI_2,110011001100110000,1,-44.9703,-44.9703,-44.9703,-230.472,-229.799,-253.168,-345.455,4687.9,4098.19,3636.92,2.10077,231973.0,-67.9113,231902.0,-47.3164,-63.1933,50.4375,-41.0437,10.7811,2.78805,2.04461,203305.0,-70.8524,42.5823,-40.9781,231651.0,7.4604,2.87647,2.0152,2,LLLTYLLAVLLIFLLGLLILI,0.2142204044131941,0.1066312594973391,D,15,-79.94787204356744,-80.96362462963002,-74.24465568877613,-75.54930812496136,-77.8391568060641,-78.9617276290947,-20.594899999999996,0.0,22.695999999999998,589.71,-0.034923776093334004,0.0,0.03848671380848213,0.003562378118058028
TALLAFLLIILLGLL,Mutant,clash,,LLLTALLAFLLGILLGLLILI,0.914046996037898,LLLTALLAFLLIILLGLLILI_1,110011001100110000,1,-44.9899,-44.9899,-44.9899,-232.783,-224.824,-247.056,-356.989,4604.47,4158.92,3458.28,2.31375,121180.0,-76.9021,121093.0,-64.9434,-82.1222,55.9707,-39.7554,11.324,6.37439,5.71395,19682.3,-77.6262,50.1878,-35.0,13617.3,7.3742,4.91928,4.1721,1,LLLTALLAFLLIILLGLLILI,0.2297450122872454,0.0538504189318933,D,15,-50.96618574612037,-58.387495738472,-48.83773967216724,-56.58119180983567,-51.18426932713705,-58.57257218179004,-11.958700000000007,0.0,14.273000000000025,445.5500000000002,-0.026840309729547755,0.0,0.03203456402199533,0.005193019863090561
STLLGALLIFLLALL,Mutant,clash,,LLLSTLLGALLGFLLALLILI,1.150170087672745,LLLSTLLGALLIFLLALLILI_0,110011001100110000,1,-55.4464,-66.803,-44.9255,-223.179,-222.219,-258.609,-364.023,4585.95,3805.79,3596.43,2.39064,5740.82,-83.0069,5665.82,-60.4886,-63.0801,75.0432,-32.3379,8.3369,6.09286,5.71851,5456.75,-68.8242,63.6738,-35.7825,5376.8,6.5843,5.41959,4.8747,0,LLLSTLLGALLIFLLALLILI,0.2559788804526881,0.0983041664368781,D,14,-79.13520796326863,-81.41559199168552,-72.21593991332917,-75.25255426130256,-77.26630007844375,-79.75094340087298,-22.518300000000004,-10.520899999999997,35.42999999999998,780.1599999999999,-0.028863694626743243,-0.01348556706316653,0.04541376127973747,0.0030642945036915507
ALLLGLLLITLLGFL,Mutant,clash,11.0,LLLALLLGLLLGTLLGFLILI,1.0023425029320756,LLLALLLGLLLITLLGFLILI_2,110011001100110000,1,-58.7075,-45.4804,-58.7075,-225.635,-222.724,-239.468,-357.222,4587.88,4191.93,3384.87,2.42655,13021.1,-70.4529,12932.1,-59.0469,-73.7386,59.3906,-40.0638,10.4225,5.57852,4.96938,12150.9,-73.8055,53.1891,-35.1152,59447.7,6.5108,4.75136,4.0492,2,LLLALLLGLLLITLLGFLILI,0.1671580976258176,0.0372276755558957,D,14,14.390032150517992,2.241433528090686,4.416385159207507,-6.6729792640390775,46.65610911122312,31.08074671623069,-11.405999999999999,0.0,13.832999999999998,395.9499999999998,-0.028806667508523814,0.0,0.03493622932188409,0.006128425306225537
LFLLLVLLGILLATL,Mutant,clash,,LLLLFLLGVLLGILLATLILI,1.1236459563527852,LLLLFLLLVLLGILLATLILI_1,110011001100110000,1,-58.7587,-66.1744,-58.7587,-212.219,-218.058,-243.343,-362.361,4623.57,3997.76,3569.08,3.24467,63401.0,-88.1394,63322.9,-60.2599,-65.6888,53.4873,-55.0566,8.26214,3.5741,2.87641,62285.4,-76.1397,46.3109,-45.0,65508.2,6.7451,4.17293,3.36759,1,LLLLFLLLVLLGILLATLILI,0.1928943257950114,0.086175932673496,D,16,-48.78373769809729,-61.767704751387306,-52.11601894903786,-64.2552107682534,-57.651038114092735,-68.38703291641603,-27.879499999999993,0.0,31.123999999999995,625.8099999999995,-0.04454946389479238,0.0,0.049733944807529476,0.0051847525606813615
TFLLIVLLGILLGLL,Mutant,clash,,LLLTFLLGVLLGILLGLLILI,1.086404697672041,LLLTFLLIVLLGILLGLLILI_0,110011001100110000,1,-44.9604,-47.888,-44.9604,-222.501,-218.465,-245.032,-352.247,4610.47,4092.21,3554.77,3.49039,25159.7,-81.2943,25073.8,-62.2537,-84.7876,44.3961,-38.8599,10.4737,5.21162,4.37756,19833.4,-91.396,35.576,-35.8075,24807.4,7.4513,5.01216,4.0458,0,LLLTFLLIVLLGILLGLLILI,0.1317772933421422,0.0351833482844428,D,15,-84.2443634218079,-86.29392251125488,-79.83073583934666,-82.45443806062929,-84.55470822477166,-86.56389636451944,-19.040600000000005,0.0,22.531000000000006,518.2600000000002,-0.03673947439509126,0.0,0.04347431790992937,0.006734824219503721
AYLLIVLLGTLLGLL,Mutant,clash,,LLLAYLLGVLLGTLLGLLILI,0.5204479522788262,LLLAYLLIVLLGTLLGLLILI_2,110011001100110000,1,-58.7364,-65.5102,-58.7364,-220.491,-219.028,-241.637,-355.589,4564.3,3981.54,3608.3,3.68517,65547.6,-72.6766,65476.5,-55.2162,-71.952,49.8688,-46.6016,9.46208,4.02508,3.27311,61585.8,-78.2582,48.5511,-37.611,65192.0,7.3268,4.79313,4.0214,2,LLLAYLLIVLLGTLLGLLILI,0.6817664730691945,0.1200382914352891,D,14,-97.94862161910213,-96.87868310698582,-97.22589260403736,-95.77899993551468,-97.99073466228832,-96.94276107248326,-17.460399999999993,0.0,21.145999999999987,582.7600000000002,-0.029961562221154484,0.0,0.03628594961905412,0.006323649529823595
AFLLGVLLIILLGLL,Mutant,clash,,LLLAFLLGVLLGILLGLLILI,1.0888528574999232,LLLAFLLGVLLIILLGLLILI_1,110011001100110000,1,-44.9468,-46.6188,-44.9468,-224.137,-221.792,-235.93,-342.582,4596.08,4364.97,3698.97,4.0245,3331590.0,-69.4743,3331520.0,-61.7062,-62.253,44.7874,-64.4792,10.6838,1.88425,1.05606,2722920.0,-69.6978,38.4736,-44.8571,3696310.0,6.5368,2.1486,1.2257,1,LLLAFLLGVLLIILLGLLILI,0.3501884785384779,0.0908130493577554,D,14,-58.13901379485199,-63.13726464737098,-54.8822946298466,-60.26940157054111,-57.3213532577393,-62.41723373744066,-7.768099999999997,0.0,11.793000000000006,231.10999999999967,-0.033612132750638256,0.0,0.05102764917139035,0.01741378564320023
TLLLILLLGVLLGIL,Mutant,clash,,LLLTLLLGLLLGVLLGILILI,1.0095163898921888,LLLTLLLILLLGVLLGILILI_0,110011001100110000,1,-44.9695,-53.1501,-44.9695,-225.53,-218.272,-243.939,-370.278,4576.88,4078.76,3550.79,4.06142,297871.0,-95.7174,297772.0,-81.3692,-85.9419,35.5436,-40.4242,10.4837,4.18966,3.22281,282052.0,-85.5673,40.094,-37.7266,297500.0,7.033,4.74779,3.8492,0,LLLTLLLILLLGVLLGILILI,0.2472881411375831,0.043372485188267,D,15,-45.81771162471183,-58.26640315880884,-40.83843032314509,-54.43114029654027,-44.85640601242471,-57.525963024821,-14.348199999999991,0.0,18.408999999999992,498.1199999999999,-0.0288047056934072,0.0,0.03695695816269171,0.0081534971492813
IVLLGFLLGTLLGLL,Mutant,clash,,LLLAVLLGFLLGTLLGLLILI,0.7210731187440729,LLLIVLLGFLLGTLLGLLILI_0,110011001100110000,1,-69.6501,-69.659,-58.7162,-221.108,-203.098,-235.673,-343.622,4575.62,3416.64,3479.19,4.50646,32.5379,-48.3579,-38.3274,-49.2324,-75.8758,67.1674,-36.1724,7.22728,6.94897,6.45648,30.5271,-77.6262,50.1878,-35.0,-311.084,7.3742,4.91928,4.1721,0,LLLIVLLGFLLGTLLGLLILI,0.6173050491159273,0.0662470728578222,D,14,1581.4781401445084,1708.0973972379018,209.5697275797989,232.8810558623002,1610.7529760608463,1739.5766971236255,0.8744999999999976,-10.933899999999994,14.564999999999998,1158.98,0.000754542787623598,-0.009434071338590824,0.012567084850471965,0.0038882983312913074
FYLLLILLIGLLATL,Mutant,clash,,LLLFYLLLILLGGLLATLILI,0.3705792862421535,LLLFYLLLILLIGLLATLILI_0,110011001100110000,1,-65.4568,-62.2807,-58.7471,-224.818,-231.863,-247.174,-350.953,4693.32,4130.26,3732.52,4.86767,13527500.0,-55.8099,13527500.0,-45.0322,-41.5132,50.9499,-41.7392,10.251,-0.394782,-1.13053,11898400.0,-43.5086,60.0081,-45.0,13527200.0,6.8181,1.12738,0.527501,0,LLLFYLLLILLIGLLATLILI,0.3337996732121674,0.077262532543258,D,14,-77.59566152575965,-82.73879166550891,-72.50901167362625,-78.81983092836266,-78.67519565046737,-83.5705084087726,-10.777699999999996,-6.709699999999998,22.355999999999995,563.0599999999995,-0.019141299328668357,-0.011916492025716627,0.03970447199232766,0.008645028948957491
TALLAFLLGVLLLLL,Mutant,clash,,LLLTALLAFLLGVLLGLLILI,0.9852889492643166,LLLTALLAFLLGVLLLLLILI_0,110011001100110000,1,-44.9303,-50.2716,-44.9303,-226.783,-224.189,-244.705,-355.609,4599.5,3859.07,3440.81,5.08322,589863.0,-78.8119,589782.0,-65.9735,-56.0238,54.6224,-52.2508,8.37669,2.27759,1.59693,352644.0,-63.8279,50.3554,-37.6016,589508.0,6.5149,2.87217,2.1275,0,LLLTALLAFLLGVLLLLLILI,0.3886447918939069,0.091216592781015,D,17,-60.44033222754885,-63.20729377463628,-53.235043060661546,-56.50597137954036,-57.68131899200933,-60.641256970915,-12.838399999999993,0.0,17.922000000000025,740.4299999999998,-0.01733911375822157,0.0,0.024204853936226286,0.006865226962710858
AVLLIFLLGILLSLL,Mutant,clash,7.0,LLLAVLLGFLLGILLSLLILI,1.0452890877738172,LLLAVLLIFLLGILLSLLILI_0,110011001100110000,1,-60.4933,-62.6521,-60.3387,-223.114,-216.063,-242.564,-363.901,4565.99,3937.39,3594.67,5.3833,2142.03,-74.9101,2056.84,-60.9977,-79.69,60.0249,-38.8336,10.0358,6.55687,5.95724,1442.23,-78.8188,59.0852,-37.4413,1778.13,7.5,6.29932,5.6856,0,LLLAVLLIFLLGILLSLLILI,0.2291471839550859,0.0850010643528807,D,14,-98.53094045716476,-98.46913573720688,-97.9973416915444,-97.91308796845392,-98.70572599674894,-98.65127466922458,-13.912399999999998,-0.15459999999999496,19.44999999999999,628.5999999999999,-0.02213235762010818,-0.00024594336621061884,0.03094177537384663,0.008563951638561886
ALLLITLLGILLSFL,Mutant,clash,,LLLALLLGTLLGILLSFLILI,1.1631275866687358,LLLALLLITLLGILLSFLILI_0,110011001100110000,1,-67.0236,-62.3585,-74.0552,-225.174,-220.99,-242.535,-371.345,4543.7,3854.22,3547.55,5.65504,2309.0,-73.492,2221.01,-54.7539,-74.4222,54.773,-41.9588,9.02442,5.05767,4.37927,2250.03,-70.183,60.097,-37.4728,1937.66,7.1099,5.14054,4.54199,0,LLLALLLITLLGILLSFLILI,0.0302239209632333,0.0208438466629752,D,14,-93.52806736377526,-95.61737753658126,-92.0879657967278,-94.64217865363548,-94.5178722077784,-96.28764732886069,-18.738100000000003,7.031599999999997,17.36099999999999,689.48,-0.027177147995590883,0.01019841039624064,0.02517984568080291,0.008201891280385218
AVLLLFLLGLLLGTL,Mutant,clash,,LLLAVLLGFLLGLLLGTLILI,1.3353913718245978,LLLAVLLLFLLGLLLGTLILI_0,110011001100110000,1,-58.7258,-66.2225,-58.7258,-218.828,-216.917,-238.535,-351.3,4568.57,4135.77,3557.2,5.95903,440092.0,-67.7869,440024.0,-54.0394,-80.3722,40.8204,-39.098,10.3705,4.06657,3.17888,421757.0,-73.2945,52.8302,-38.1653,439741.0,6.8167,4.62625,3.9187,0,LLLAVLLLFLLGLLLGTLILI,0.4164394943070895,0.1471179071471123,D,16,-43.4386563580415,-50.41167201414854,-39.40139758736112,-46.87213601317313,-48.55868021738815,-54.90048727355696,-13.747500000000002,0.0,19.706999999999994,432.7999999999993,-0.03176409426987067,0.0,0.04553373382624775,0.013768553604436252
AVLLISLLGILLTLL,Mutant,clash,,LLLAVLLGSLLGILLTLLILI,1.273733587357146,LLLAVLLISLLGILLTLLILI_2,110011001100110000,1,-74.0355,-67.4736,-74.0355,-226.524,-218.787,-240.757,-385.136,4506.49,3882.96,3578.36,6.03231,3480.1,-78.5441,3381.23,-70.3436,-68.9128,65.7622,-43.9018,9.60535,5.71481,5.20124,3297.26,-69.2457,60.3937,-41.8114,3094.97,6.8012,5.04,4.4459,2,LLLAVLLISLLGILLTLLILI,0.2044319904345748,0.0677829752435772,D,14,-35.73511826684575,-43.09870837666135,-35.92359591530687,-43.26558990433767,-41.31477887056059,-48.039041053060544,-8.200500000000005,0.0,14.233000000000004,623.5299999999997,-0.013151732875723715,0.0,0.022826487899539734,0.009674450307122355
ALLLGLLLITLLAFL,Mutant,clash,,LLLALLLGLLLGTLLAFLILI,0.965000598953618,LLLALLLGLLLITLLAFLILI_0,110011001100110000,1,-58.6918,-51.9589,-58.6918,-224.854,-218.504,-240.661,-361.691,4583.95,4179.31,3503.96,6.0483,15897.2,-72.0971,15806.0,-62.3386,-80.4937,59.7866,-34.4197,11.0038,6.64524,6.04204,15885.4,-77.6236,58.3724,-37.459,15535.6,6.7222,6.02381,5.3994,0,LLLALLLGLLLITLLAFLILI,0.1028602658061965,0.0836974838022533,D,14,59.938628370636046,43.63948837472577,18.608466245715945,6.521229936804023,43.89138990692812,29.22760335209908,-9.758499999999998,0.0,15.806999999999988,404.6399999999994,-0.024116498616053805,0.0,0.03906435349940691,0.014947360616844626
AVLLLSLLGILLTLL,Mutant,clash,,LLLAVLLGSLLGILLTLLILI,1.1495175469712402,LLLAVLLLSLLGILLTLLILI_1,110011001100110000,1,-74.0355,-53.3718,-74.0355,-225.318,-216.89,-240.767,-388.513,4506.82,4102.34,3587.83,6.30899,38392.6,-82.85,38274.4,-73.7103,-66.7146,67.1044,-39.2128,10.4778,5.56629,5.07286,33475.3,-69.2457,60.3937,-41.8114,39867.9,6.8012,5.04,4.4459,1,LLLAVLLLSLLGILLTLLILI,0.3286480308204807,0.048160854984997,D,16,-3.792592009947529,-16.495644606225092,-20.721265817018068,-31.18908686253315,-25.746141352910257,-35.55048689736219,-9.13969999999999,0.0,15.448999999999984,404.47999999999956,-0.02259617286392405,0.0,0.03819471914556962,0.015597779865506345
ALLLITLLGLLLGFL,Mutant,clash,,LLLALLLGTLLGLLLGFLILI,1.076170491081296,LLLALLLITLLGLLLGFLILI_0,110011001100110000,1,-51.6199,-56.0886,-58.6905,-223.312,-215.259,-239.413,-357.729,4556.48,3963.28,3367.08,6.53847,35730.6,-76.2589,35644.3,-59.6251,-70.5441,46.1064,-40.777,9.25604,3.30597,2.49757,34580.6,-63.8279,50.3554,-37.6016,35372.9,6.5149,2.87217,2.1275,0,LLLALLLITLLGLLLGFLILI,0.2213094153833811,0.0353512431688884,D,14,-36.62646894160458,-45.62757470113489,-35.738347701293186,-44.865595606887,-42.29865802391378,-50.49412816609349,-16.633799999999994,7.070599999999999,16.101,593.1999999999994,-0.028040795684423487,0.011919420094403247,0.027142616318273798,0.011022370195549573
ALLLIILLGVLLGTL,Mutant,clash,,LLLALLLGILLGVLLGTLILI,0.9355995090273882,LLLALLLIILLGVLLGTLILI_2,110011001100110000,1,-58.7478,-60.0199,-58.7478,-212.533,-209.631,-236.988,-365.638,4476.42,4017.11,3587.61,7.12108,5260630.0,-87.2359,5260530.0,-69.9023,-73.7251,41.7844,-56.0367,9.0512,3.19967,2.32644,3854020.0,-86.55,35.742,-43.5248,5513200.0,6.8226,4.30767,3.3438,2,LLLALLLIILLGVLLGTLILI,0.2187143675619024,0.0958850159729652,D,14,-53.25721173826644,-60.53675480039208,-48.37267627984143,-56.4129182118972,-55.10085975792482,-62.09328012905145,-17.333600000000004,0.0,24.455000000000013,459.30999999999995,-0.03773834665041041,0.0,0.053242907840020934,0.015503864492390763
TLLLIVLLGLLLGFL,Mutant,clash,7.0,LLLTLLLGVLLGLLLGFLILI,1.1318947037028428,LLLTLLLIVLLGLLLGFLILI_1,110011001100110000,1,-44.9091,-49.7522,-44.9091,-226.71,-217.634,-243.598,-356.469,4579.71,4056.69,3460.3,7.27881,1054060.0,-77.5709,1053970.0,-67.9624,-84.9128,32.5184,-39.6759,10.6317,3.62691,2.61468,746012.0,-87.8363,33.3963,-37.1588,1053670.0,7.4752,4.18395,3.1849,1,LLLTLLLIVLLGLLLGFLILI,0.1788344913458469,0.0476899496590374,D,15,-36.07587831162951,-44.6671305934132,-37.54798557129804,-45.941390084201736,-33.52668092889128,-42.46053937017659,-9.608499999999992,0.0,16.888000000000005,523.02,-0.01837119039424877,0.0,0.032289396198998135,0.01391688654353562
AVLLIILLGLLLGFL,Mutant,clash,7.0,LLLAVLLGILLGLLLGFLILI,1.1606738589171934,LLLAVLLIILLGLLLGFLILI_0,110011001100110000,1,-44.9348,-53.6293,-44.9348,-215.678,-216.763,-239.372,-347.948,4524.86,4070.07,3440.39,7.34787,54724.0,-79.9875,54646.4,-63.6415,-68.0947,38.7148,-48.7373,9.63036,1.9407,1.02143,44181.2,-78.3112,37.3108,-36.9447,54376.0,6.8995,3.28364,2.3433,0,LLLAVLLIILLGLLLGFLILI,0.2504850306814957,0.0525274429964836,D,14,-70.23494216722546,-73.39049338226523,-65.62424580450333,-69.26860132798114,-71.50063811028419,-74.52200620384546,-16.345999999999997,0.0,23.694000000000017,454.7899999999995,-0.035941863277556704,0.0,0.052098770861276726,0.01615662173750524
AFLLLTLLGLLLGYL,Mutant,clash,,LLLAFLLGTLLGLLLGYLILI,1.0472836964418408,LLLAFLLLTLLGLLLGYLILI_0,110011001100110000,1,-58.6988,-60.2129,-58.6988,-214.705,-213.017,-243.316,-345.991,4644.35,3905.81,3439.03,7.79899,194500.0,-64.7884,194427.0,-43.9767,-67.7956,45.5921,-48.125,8.33222,2.82428,2.00816,180674.0,-72.4524,47.8783,-35.1603,194154.0,6.5,3.83143,3.0496,0,LLLAFLLLTLLGLLLGYLILI,0.2746952287249454,0.0664560320505056,D,16,29.57251572943446,12.6521957695397,4.446394859473046,-9.192812573761412,13.981092513039956,-0.903210256277114,-20.811699999999995,0.0,28.61099999999999,738.5400000000004,-0.028179516343055194,0.0,0.03873994638069701,0.010560010290573288
STLLILLLGVLLAIL,Mutant,clash,7.0,LLLSTLLGLLLGVLLAILILI,0.6457022496201816,LLLSTLLILLLGVLLAILILI_2,110011001100110000,1,-44.9407,-47.6773,-44.9407,-225.294,-224.726,-250.68,-375.15,4554.15,3760.35,3566.19,7.89906,8226.62,-97.0165,8123.88,-79.5294,-59.2021,70.8363,-45.3518,8.18031,4.94321,4.50576,7774.09,-70.6341,63.5646,-35.8262,8153.54,6.7474,5.67633,5.1298,2,LLLSTLLILLLGVLLAILILI,0.4767673361680535,0.0175244213981771,D,14,-97.55584203834874,-98.60541220650222,-96.35703169503704,-97.92139493031443,-97.45859150001787,-98.54992298862216,-17.487099999999998,0.0,25.385999999999996,793.7999999999997,-0.022029604434366343,0.0,0.03198034769463341,0.009950944822373398
AFLLITLLGLLLAVL,Mutant,clash,,LLLAFLLGTLLGLLLAVLILI,0.9609888347407514,LLLAFLLITLLGLLLAVLILI_1,110011001100110000,1,-58.7424,-47.791,-58.7424,-212.801,-208.934,-240.122,-353.567,4608.35,4127.58,3588.14,7.92236,473026.0,-74.1019,472929.0,-54.7033,-73.8691,44.4368,-42.0765,9.72869,3.57933,2.74588,464712.0,-73.1449,51.1091,-38.7208,470859.0,6.6288,4.37146,3.6381,1,LLLAFLLITLLGLLLAVLILI,0.4559352796999789,0.0586578980318339,D,14,-64.44824525962534,-70.46144831384377,-58.39726972899839,-65.4339312540429,-64.0130334510493,-70.09984797664723,-19.398600000000002,0.0,27.321000000000026,480.77000000000044,-0.04034902344156246,0.0,0.056827589075857485,0.01647848243442809
ALLLLFLLGILLGTL,Mutant,clash,,LLLALLLGFLLGILLGTLILI,0.8543548599941007,LLLALLLLFLLGILLGTLILI_0,110011001100110000,1,-58.7265,-67.5272,-58.7265,-218.181,-212.323,-239.412,-358.626,4518.53,4012.53,3511.06,8.00182,1434210.0,-73.7158,1434140.0,-60.4869,-73.524,47.3891,-39.1323,9.93824,3.92613,3.13697,1346660.0,-68.1464,52.7276,-38.529,1433860.0,6.6534,3.84019,3.1311,0,LLLALLLLFLLGILLGTLILI,0.3157953008625063,0.1309459279932122,D,16,-28.31201249204291,-37.96485911682769,-36.53465419064231,-45.08031533113198,-45.05462708088126,-52.45306684697159,-13.228900000000003,0.0,21.230999999999995,505.99999999999955,-0.02614407114624509,0.0,0.04195849802371544,0.015813873517786577
ALLLLLLLGTLLAFL,Mutant,clash,,LLLALLLGLLLGTLLAFLILI,0.9681896961572144,LLLALLLLLLLGTLLAFLILI_1,110011001100110000,1,-58.6918,-60.1064,-58.6918,-219.637,-220.262,-240.59,-365.113,4597.42,4134.7,3517.83,8.04204,460723.0,-78.7423,460638.0,-65.8311,-81.7248,55.8299,-39.3337,9.96484,6.29576,5.63321,274105.0,-77.6236,58.3724,-37.459,921227.0,6.7222,6.02381,5.3994,1,LLLALLLLLLLGTLLAFLILI,0.0996711686026002,0.0689722828780436,D,16,-15.3638612247363,-28.038815649292985,-33.200760378170884,-43.20449318136417,-37.933800928695774,-47.228722175317735,-12.911199999999994,0.0,20.953000000000003,462.72000000000025,-0.0279028354080221,0.0,0.04528224412171506,0.017379927385892106
ALLLILLLGTLLGFL,Mutant,clash,,LLLALLLGLLLGTLLGFLILI,0.947553451210394,LLLALLLILLLGTLLGFLILI_1,110011001100110000,1,-58.7075,-60.2376,-58.7075,-216.524,-210.207,-239.399,-357.5,4573.32,3924.4,3419.4,8.10877,3402.36,-74.1597,3315.3,-59.3933,-77.2438,48.6167,-37.258,8.47568,4.64983,3.87908,3274.81,-73.8055,53.1891,-35.1152,7366.49,6.5108,4.75136,4.0492,1,LLLALLLILLLGTLLGFLILI,0.2219471493474992,0.0828736863996203,D,14,-69.1662174059927,-77.48879150593757,-64.8000938271952,-74.30116060487988,-73.07439383887451,-80.34208315914144,-14.766399999999997,0.0,22.875,648.9199999999996,-0.022755347346360116,0.0,0.03525087838254332,0.012495793009924188
ATLLIILLGLLLGFL,Mutant,clash,,LLLATLLGILLGLLLGFLILI,0.7800225481387204,LLLATLLIILLGLLLGFLILI_0,110011001100110000,1,-44.9292,-53.7951,-44.9292,-218.078,-216.914,-240.428,-348.624,4549.48,3997.5,3445.46,8.7209,74643.4,-76.8959,74565.5,-63.2667,-83.7119,40.3825,-33.8582,9.62379,4.50843,3.61416,73936.3,-81.6776,47.767,-35.1198,74294.8,6.6099,5.20019,4.4167,0,LLLATLLIILLGLLLGFLILI,0.3366474785121733,0.0511142381210115,D,14,-51.61035458806021,-55.19351764520542,-48.92080666222604,-52.70312573066725,-50.37416162649435,-54.04886246850401,-13.629199999999997,0.0,22.349999999999994,551.9799999999996,-0.024691474328780043,0.0,0.04049059748541616,0.0157993043226204
ALLLIILLGTLLGFL,Mutant,clash,,LLLALLLGILLGTLLGFLILI,1.0634723616335495,LLLALLLIILLGTLLGFLILI_2,110011001100110000,1,-58.7518,-61.5755,-58.7518,-215.878,-212.238,-239.374,-354.992,4532.06,4192.8,3519.3,9.54651,6824310.0,-70.8162,6824230.0,-56.8663,-79.1603,41.6026,-49.2751,9.51807,3.99039,3.11443,6265800.0,-87.213,39.461,-38.899,6851740.0,6.5512,4.90918,4.00109,2,LLLALLLIILLGTLLGFLILI,0.1834987713361813,0.0327134594664774,D,14,-60.70579038719062,-66.95844372177342,-56.00273023077767,-63.00375349211305,-62.19503696774294,-68.21071537167664,-13.949899999999992,0.0,23.49600000000001,339.2600000000002,-0.04111861109473555,0.0,0.06925661734363024,0.028139214761539803
ALLLITLLGYLLGFL,Mutant,clash,,LLLALLLGTLLGYLLGFLILI,1.0784093727435051,LLLALLLITLLGYLLGFLILI_0,110011001100110000,1,-58.7311,-51.731,-58.7311,-219.498,-215.304,-242.299,-344.175,4590.35,3995.66,3447.25,10.0973,11566.4,-55.8491,11489.2,-43.1448,-83.8141,49.1482,-33.6275,10.0155,5.70711,4.94434,11540.8,-77.9303,55.657,-35.0,11222.2,7.3057,5.70324,5.0381,0,LLLALLLITLLGYLLGFLILI,0.338556088341624,0.0590943681455338,D,14,-32.73013450505911,-42.105924443781504,-32.48537027836869,-41.895274421974335,-31.717274604153584,-41.23423268106647,-12.704300000000003,0.0,22.801000000000016,594.6900000000005,-0.02136289495367333,0.0,0.03834098437841564,0.016979098353764134
TALLGVLLILLLGFL,Mutant,clash,,LLLTALLGVLLGLLLGFLILI,0.9561282236263416,LLLTALLGVLLILLLGFLILI_2,110011001100110000,1,-44.9633,-49.392,-44.9633,-225.25,-224.201,-244.041,-349.06,4593.19,4195.05,3592.78,10.1806,4083220.0,-68.666,4083150.0,-60.0551,-66.6178,50.4127,-36.6897,10.0791,3.29839,2.55458,4033240.0,-73.5676,38.1677,-45.0,4082880.0,6.5,2.68778,1.7603,2,LLLTALLGVLLILLLGFLILI,0.2690662659204847,0.1006301742150704,D,15,-46.293754218281705,-53.53497313744627,-17.387046463515055,-28.5257599112551,41.75416532132304,22.6414359012272,-8.610899999999994,0.0,18.790999999999997,398.1399999999994,-0.021627819360024128,0.0,0.04719696589139505,0.025570402371025307
ALLLILLLGVLLGTL,Mutant,clash,7.0,LLLALLLGLLLGVLLGTLILI,1.0299226214633657,LLLALLLILLLGVLLGTLILI_0,110011001100110000,1,-58.7607,-68.2077,-58.7607,-216.194,-206.198,-237.005,-368.501,4543.85,3948.63,3474.98,10.6306,29674.9,-82.915,29580.8,-72.7347,-86.6295,57.139,-34.9896,9.3882,7.20818,6.56526,25305.2,-81.7407,58.0906,-35.0,29306.4,6.5862,6.60334,5.9747,0,LLLALLLILLLGVLLGTLILI,0.233529093753807,0.0875682828362434,D,14,-75.69542388267526,-80.16548390368841,-70.03660620987957,-75.54742721858734,-77.59110369821289,-81.71251322167483,-10.180300000000003,0.0,20.811000000000007,595.2200000000003,-0.017103423944087898,0.0,0.034963542891703905,0.017859950942508643
FVLLTLLLILLLGAL,Mutant,clash,,LLLFVLLTLLLGLLLGALILI,0.6990901154938769,LLLFVLLTLLLILLLGALILI_0,110011001100110000,1,-58.8313,-60.3712,-58.8313,-224.588,-219.909,-243.314,-363.142,4676.04,4265.65,3652.21,11.0581,7890.26,-68.6645,7807.4,-60.9963,-38.8436,67.8158,-48.1364,10.5677,1.48167,0.998902,7793.41,-40.5686,62.7854,-41.894,7527.12,7.0908,1.06132,0.503101,0,LLLFVLLTLLLILLLGALILI,0.2543857269115295,0.0148902019553784,D,14,-41.545340721104026,-51.9469161724043,-39.83546498429544,-50.54130021074735,-39.18115555584343,-50.00342031883696,-7.668200000000006,0.0,18.726,410.3900000000003,-0.018685153147006507,0.0,0.04562976680718337,0.026945344672141113
GLLLLFLLGVLLGTL,Mutant,clash,,LLLGLLLGFLLGVLLGTLILI,0.8651754357881118,LLLGLLLLFLLGVLLGTLILI_1,110011001100110000,1,-58.7181,-68.5148,-58.7181,-213.037,-220.502,-237.558,-351.719,4512.21,3898.84,3422.12,11.2964,139934000.0,-68.6679,139934000.0,-55.4431,-86.2069,52.4138,-32.3412,10.0372,6.50691,5.79312,1697460.0,-81.7407,58.0906,-35.0,1599300.0,6.5862,6.60334,5.9747,1,LLLGLLLLFLLGVLLGTLILI,0.2948075622211012,0.1233464777137755,D,16,-2.793573316786253,-17.015178649361143,-14.530062724585536,-27.0345828186338,-11.934758570979223,-24.818979808768376,-13.224800000000002,0.0,24.520999999999987,613.3699999999999,-0.02156088494709556,0.0,0.03997750134502827,0.018416942465396095
STLLGLLLIVLLAIL,Mutant,clash,11.0,LLLSTLLGLLLGVLLAILILI,0.545753556618442,LLLSTLLGLLLIVLLAILILI_0,110011001100110000,1,-44.9407,-66.9856,-44.9407,-229.997,-224.086,-259.579,-382.271,4562.19,4018.83,3549.52,11.4888,15655.8,-95.845,15564.6,-77.7515,-60.399,85.3898,-31.2617,9.98993,7.08747,6.86832,15644.3,-70.6341,63.5646,-35.8262,15273.5,6.7474,5.67633,5.1298,0,LLLSTLLGLLLIVLLAILILI,0.5767160291697931,0.0711411974669954,D,14,-70.99548450920307,-75.1514303956909,-61.917406350212346,-67.37411527113333,-51.530509121339016,-58.47551674614302,-18.093500000000006,0.0,29.581999999999994,543.3599999999997,-0.03329928592461723,0.0,0.05444272673733806,0.0211439929328622
AVLLLFLLGTLLGLL,Mutant,clash,,LLLAVLLGFLLGTLLGLLILI,1.1433337150243443,LLLAVLLLFLLGTLLGLLILI_0,110011001100110000,1,-58.7162,-66.9134,-58.7162,-214.104,-208.916,-238.522,-352.096,4605.54,4222.58,3442.34,11.4961,60635.7,-67.7796,60559.5,-54.8578,-80.9518,40.6832,-42.8688,10.771,4.135,3.24525,54351.5,-77.6262,50.1878,-35.0,60283.6,7.3742,4.91928,4.1721,0,LLLAVLLLFLLGTLLGLLILI,0.1950444528356559,0.1113884625919297,D,16,-62.44943760981391,-67.59304185834199,-57.23261264235047,-63.09080760160211,-64.6613530517331,-69.50197335167952,-12.921800000000005,0.0,24.417999999999978,382.96000000000004,-0.03374190515980782,0.0,0.06376122832671813,0.03001906204303321
YVLLATLLGLLLIFL,Mutant,clash,,LLLYVLLATLLGLLLGFLILI,0.2270773873479617,LLLYVLLATLLGLLLIFLILI_1,110011001100110000,1,-58.7397,-58.7397,-58.7397,-241.213,-230.353,-250.363,-353.002,4644.37,4010.59,3639.17,11.5226,1514.74,-41.5265,1450.84,-43.8993,-61.5423,75.5025,-36.6722,8.65675,5.92418,5.55672,1121.81,-65.984,55.7173,-41.1231,477.839,6.918,3.91944,3.2552,1,LLLYVLLATLLGLLLIFLILI,0.1901274251008735,0.0889199565285757,D,15,-19.904571993492887,-30.75035322028966,-26.566397885412883,-36.51009633428999,-12.68810726402901,-24.511075324514987,2.372799999999998,0.0,9.150000000000006,633.7799999999997,0.0037438858910031855,0.0,0.014437186405377275,0.01818075672946449
TLLLLILLGVLLGAL,Mutant,clash,,LLLTLLLGILLGVLLGALILI,0.8790947717008991,LLLTLLLLILLGVLLGALILI_0,110011001100110000,1,-44.8956,-51.0952,-44.8956,-219.773,-216.376,-238.708,-363.509,4523.14,4299.35,3621.67,12.0691,1712910.0,-86.771,1712820.0,-79.9057,-84.6324,39.3251,-51.8428,10.6573,4.50375,3.59362,1005060.0,-90.0074,38.3333,-42.1317,1712550.0,6.7822,5.1761,4.2511,0,LLLTLLLLILLGVLLGALILI,0.3299335585654676,0.070676285090909,D,17,21.64459109964684,5.467269759193658,1.472116680880797,-12.022499263841906,22.43749657073859,6.15472798859139,-6.865300000000005,0.0,18.935000000000002,223.78999999999996,-0.030677420796282256,0.0,0.08461057241163593,0.05393047053040798
GLLLIFLLGVLLGTL,Mutant,clash,,LLLGLLLGFLLGVLLGTLILI,0.6250644675498388,LLLGLLLIFLLGVLLGTLILI_2,110011001100110000,1,-58.7181,-69.5081,-58.7181,-215.494,-208.956,-237.547,-348.571,4495.23,3875.06,3411.49,12.6913,23319.4,-61.6673,23249.3,-52.3065,-81.7465,60.9232,-39.5243,9.16422,6.98661,6.40046,21924.5,-81.7407,58.0906,-35.0,22970.9,6.5862,6.60334,5.9747,2,LLLGLLLIFLLGVLLGTLILI,0.5349185304593743,0.0853348350678706,D,14,-44.52678329671348,-56.75792361455287,-41.3342536885852,-54.269306271234,-46.11536786312925,-57.996245443501785,-9.360799999999998,0.0,22.052999999999997,620.1699999999996,-0.015093925859038656,0.0,0.03555960462453845,0.020464227550510358
ALLLLLLLGTLLGFL,Mutant,clash,,LLLALLLGLLLGTLLGFLILI,1.011093718494731,LLLALLLLLLLGTLLGFLILI_2,110011001100110000,1,-58.7075,-66.8422,-58.7075,-210.336,-210.776,-239.415,-360.808,4595.28,3974.32,3395.86,13.7905,67500.9,-77.9743,67417.7,-62.6858,-79.7316,38.3349,-32.0121,9.54303,3.63496,2.70998,61724.2,-73.8055,53.1891,-35.1152,67140.1,6.5108,4.75136,4.0492,2,LLLALLLLLLLGTLLGFLILI,0.1584068820631622,0.1086081068251267,D,16,-15.657521144294751,-27.31755085261542,-23.02330544799908,-33.66504324729004,-39.928643691453566,-48.23328221618893,-15.288499999999999,0.0,29.07899999999998,620.9599999999996,-0.0246207485184231,0.0,0.046829103323885596,0.022208354805462523
ALLLIFLLGILLGTL,Mutant,clash,,LLLALLLGFLLGILLGTLILI,0.8764588041757934,LLLALLLIFLLGILLGTLILI_0,110011001100110000,1,-58.7265,-67.6681,-58.7265,-218.091,-213.07,-239.366,-355.521,4501.91,3986.51,3525.28,14.0313,51484.9,-64.6719,51410.1,-57.4286,-68.7416,51.931,-44.9571,9.53813,3.82192,3.10088,50565.4,-68.1464,52.7276,-38.529,51129.4,6.6534,3.84019,3.1311,0,LLLALLLIFLLGILLGTLILI,0.2936913566808136,0.0405319350523799,D,14,-78.88787916477426,-85.01901149840113,-73.65614421262374,-81.30661510898636,-80.62978955974565,-86.25505688680859,-7.243299999999991,0.0,21.275000000000006,515.3999999999996,-0.01405374466433837,0.0,0.04127861854870008,0.027224097788125748
ALLLILLLGTLLAFL,Mutant,clash,,LLLALLLGLLLGTLLAFLILI,0.8379893772901016,LLLALLLILLLGTLLAFLILI_0,110011001100110000,1,-58.6918,-65.8991,-58.6918,-213.986,-213.245,-240.583,-361.82,4587.5,3969.05,3526.81,14.1284,27235.1,-75.0135,27152.4,-62.5448,-76.0225,56.5715,-41.7836,9.20484,5.54053,4.8891,27225.5,-77.6236,58.3724,-37.459,26873.2,6.7222,6.02381,5.3994,0,LLLALLLILLLGTLLAFLILI,0.2298714874697129,0.1306574749405668,D,14,-66.28431761801954,-71.18027872344143,-62.60525217371161,-68.03546203363179,-69.57584379586366,-73.99383195203222,-12.468699999999991,0.0,26.59700000000001,618.4499999999998,-0.02016120947530115,0.0,0.043005901851402725,0.022844854070660527
YLLLLALLGFLLATL,Mutant,clash,,LLLYLLLGALLGFLLATLILI,1.1154457441850016,LLLYLLLLALLGFLLATLILI_0,110011001100110000,1,-58.6881,-66.4281,-58.6881,-216.671,-216.404,-247.221,-350.108,4685.42,4167.25,3620.05,14.769,2989100.0,-59.9801,2989030.0,-44.1988,-64.5876,59.3248,-41.5733,9.4804,4.19698,3.58685,1792790.0,-70.2206,60.1674,-40.1718,2988750.0,6.5,5.15569,4.5582,0,LLLYLLLLALLGFLLATLILI,0.1416299737308484,0.1334051182658334,D,17,-68.6026288439612,-66.50356642341849,-64.318647143985,-61.93318033143055,-74.16918539279226,-72.44227354515606,-15.781300000000002,0.0,30.55000000000001,518.1700000000001,-0.030455834957639382,0.0,0.058957484995271835,0.028502228998205217
AVLLLFLLGILLSLL,Mutant,clash,,LLLAVLLGFLLGILLSLLILI,1.0689264381443035,LLLAVLLLFLLGILLSLLILI_0,110011001100110000,1,-60.3387,-62.5698,-60.3387,-216.536,-216.154,-242.571,-366.955,4577.39,4105.21,3610.46,15.2323,7590.66,-74.8475,7502.43,-64.0454,-86.8134,42.9294,-34.0759,10.6296,5.31748,4.46142,7571.09,-78.8188,59.0852,-37.4413,7223.71,7.5,6.29932,5.6856,0,LLLAVLLLFLLGILLSLLILI,0.2055098335845996,0.1242325298733565,D,16,-94.92220280400171,-96.18842379721578,-93.54576108972968,-95.15521741261,-95.99963398671328,-96.99718218153988,-10.802099999999996,0.0,26.034999999999997,472.1800000000003,-0.02287708077428097,0.0,0.05513787115083227,0.03225951967470031
GLLLILLLGTLLGFL,Mutant,clash,,LLLGLLLGLLLGTLLGFLILI,1.1735452673619151,LLLGLLLILLLGTLLGFLILI_0,110011001100110000,1,-58.6416,-68.4195,-58.6416,-209.465,-210.347,-239.75,-353.898,4541.69,3937.54,3443.14,16.3246,22002.8,-69.4675,21927.6,-55.5067,-71.9964,59.1768,-42.1046,8.66939,5.28833,4.67598,21925.3,-81.7407,58.0906,-35.0,21648.9,6.5862,6.60334,5.9747,0,LLLGLLLILLLGTLLGFLILI,0.0293671203047785,0.0071652631362895,D,14,-36.652737500700646,-47.314094664778,-38.87927786964048,-49.165907836725445,-39.800494769492936,-49.93208374494832,-13.960799999999999,0.0,30.284999999999997,604.1499999999996,-0.023108168501200045,0.0,0.050128279400811084,0.027020772986841034
ALLLLTLLGYLLGFL,Mutant,clash,,LLLALLLGTLLGYLLGFLILI,0.9867988003594006,LLLALLLLTLLGYLLGFLILI_0,110011001100110000,1,-58.6707,-58.53,-58.7311,-211.116,-212.727,-242.306,-347.507,4594.33,4160.33,3446.28,20.7013,222914.0,-57.0185,222838.0,-46.4693,-83.5992,38.4031,-31.5529,10.7434,4.2243,3.30034,141038.0,-77.9303,55.657,-35.0,222566.0,7.3057,5.70324,5.0381,0,LLLALLLLTLLGYLLGFLILI,0.4301666607257287,0.0448837430842362,D,16,-25.423850268566227,-42.55211601604784,-27.553641167051424,-44.192747516693466,-35.610675877937474,-50.39928401653321,-10.549200000000006,0.06040000000000134,31.189999999999998,434.0,-0.024306912442396328,0.0001391705069124455,0.0718663594470046,0.04769884792626728
ALLLLTLLGLLLGFL,Mutant,clash,,LLLALLLGTLLGLLLGFLILI,1.0092113043570272,LLLALLLLTLLGLLLGFLILI_0,110011001100110000,1,-51.607,-55.7731,-58.6905,-207.589,-213.828,-239.422,-361.08,4558.55,4105.79,3366.13,22.4118,1134340.0,-79.4716,1134250.0,-62.967,-72.3296,24.6572,-35.6105,9.80375,0.678168,-0.451974,1058080.0,-63.8279,50.3554,-37.6016,1133980.0,6.5149,2.87217,2.1275,0,LLLALLLLTLLGLLLGFLILI,0.2882686021076499,0.1445279582925982,D,16,-4.0113709916846405,-20.40607275281484,-14.149661235729392,-28.812759507612025,-23.481667713042896,-36.55087445205202,-16.504599999999996,7.083500000000001,31.833,452.7600000000002,-0.03645330859616571,0.015645154165562322,0.07030877285979323,0.04950039756162203
AFLLGSLLLILLTLL,Mutant,clash,,LLLAFLLGSLLGILLTLLILI,1.4108092643785934,LLLAFLLGSLLLILLTLLILI_0,110011001100110000,1,-74.1623,-62.0662,-74.1526,-211.074,-225.748,-243.693,-374.605,4660.66,3987.27,3535.75,23.2173,180941.0,-66.1516,180855.0,-56.7599,-60.0027,56.0662,-57.1859,9.2822,3.06934,2.41034,167058.0,-72.8398,58.7702,-43.8998,180567.0,7.2749,5.35995,4.7415,0,LLLAFLLGSLLLILLTLLILI,0.2526340079469714,0.0982656591251884,D,16,-30.365002540434467,-34.17097571542435,-23.482778170580616,-27.66490647289904,-19.626810831736773,-24.01969103741813,-9.3917,-0.009699999999995157,32.619,673.3899999999999,-0.013946895558294602,-1.4404728314936602e-05,0.04843998277372697,0.03447823698005614
FYLLLILLLGLLATL,Mutant,clash,,LLLFYLLLILLGGLLATLILI,0.2873845184155403,LLLFYLLLILLLGLLATLILI_2,110011001100110000,1,-58.7471,-58.7471,-58.7471,-239.074,-234.98,-246.613,-353.85,4714.34,3990.19,3735.76,28.0736,21849200.0,-27.9556,21849100.0,-48.4898,-47.2909,73.2571,-32.3326,10.4184,3.48334,3.08219,19379100.0,-43.5086,60.0081,-45.0,53952100.0,6.8181,1.12738,0.527501,2,LLLFYLLLILLLGLLATLILI,0.4169944410387806,0.0928775333389507,D,16,-78.08681126964964,-83.97626745591457,-74.25141495494667,-81.1716840836073,-78.34028139611347,-84.16161416945546,20.534200000000002,0.0,7.538999999999987,724.1500000000001,0.02835627977628944,0.0,0.010410826486225211,0.03876765863426085
TLLLGILLGLLLLFL,Mutant,clash,,LLLTLLLGILLGLLLGFLILI,1.411264763227345,LLLTLLLGILLGLLLLFLILI_2,110011001100110000,1,-51.1921,-56.1731,-44.942,-235.309,-228.804,-247.004,-363.97,4606.07,3678.62,3449.12,45.6771,470659.0,-31.7922,470580.0,-72.0242,-81.699,52.2165,-47.2185,7.84185,5.80407,5.08732,418172.0,-88.5873,34.12,-39.5515,470295.0,7.2522,4.3943,3.4061,2,LLLTLLLGILLGLLLLFLILI,0.2239988996393295,0.0504496075693044,D,17,-51.15934415953558,-57.46944654064568,-47.59370885270573,-54.364483259050125,-49.72114016116792,-56.21705524930363,40.23199999999999,-6.250100000000003,11.694999999999993,927.4499999999998,0.04337915790608658,-0.006739015580354741,0.012609844196452634,0.04925020216723275
TYLLLILLLGLLAFL,Mutant,clash,,LLLTYLLLILLGGLLAFLILI,0.2653162875491638,LLLTYLLLILLLGLLAFLILI_1,110011001100110000,1,-44.9864,-47.7109,-44.9864,-237.136,-236.885,-253.241,-353.623,4736.23,3880.27,3717.23,54.4846,123498000.0,-17.0161,123498000.0,-55.3958,-43.4687,67.8224,-30.4425,10.247,2.17632,1.69365,66629800.0,-46.4862,53.7665,-40.4228,123494000.0,7.4327,0.731402,0.0378989,1,LLLTYLLLILLLGLLAFLILI,0.1109551245325578,0.0445881641050247,D,17,-64.43749019201044,-75.60254077492378,-61.772648317562286,-73.77434104087357,-66.5456268964711,-77.04881606780006,38.3797,0.0,16.105000000000018,855.9599999999996,0.04483819337352215,0.0,0.018815131548203218,0.06365320809383619
ALLLGILLGVLLLTL,Mutant,clash,,LLLALLLGILLGVLLGTLILI,0.1726570136584976,LLLALLLGILLGVLLLTLILI_1,110011001100110000,1,-67.4336,-69.9282,-58.7478,-221.879,-194.786,-237.052,-368.831,4505.05,3576.79,3499.25,119.095,4064760.0,39.5758,4064660.0,-73.0312,-76.9049,55.2606,-49.3915,7.08616,5.49592,4.82483,3822170.0,-86.55,35.742,-43.5248,3840980.0,6.8226,4.30767,3.3438,1,LLLALLLGILLGVLLLTLILI,0.981656862930793,0.1308342387275058,D,16,-33.589385738431346,-41.63195720618896,-25.88530182282608,-34.860866399799875,-14.15110161568206,-24.547721318139686,112.607,-8.6858,15.173000000000002,928.2600000000002,0.1213097623510654,-0.009357076681102276,0.016345635920970415,0.12829918341843877
ALLLGLLLLVLLGTL,Mutant,clash,,LLLALLLGLLLGVLLGTLILI,0.8897588763713156,LLLALLLGLLLLVLLGTLILI_0,110011001100110000,1,-58.7166,-68.7725,-58.7166,-222.558,-214.968,-237.057,-371.602,4551.42,4046.12,3435.32,173.431,3040150.0,83.103,3040060.0,-75.8293,-80.8557,59.9808,-56.8748,8.79308,6.72577,6.12549,3033930.0,-78.1087,59.6093,-35.0,3039780.0,6.7754,6.26356,5.6577,0,LLLALLLGLLLLVLLGTLILI,0.3736928388458572,0.0710475751794041,D,16,32.02936989679997,21.4642371363073,5.324826896998609,-3.103379493840723,0.8833162288535198,-7.189475681838128,158.9323,0.0,14.498999999999995,505.3000000000002,0.3145305758955075,0.0,0.028693845240451196,0.34322382742924984
TALLLFLLGILLGLL,Mutant,clash,,LLLTALLAFLLGILLGLLILI,0.8658455079564127,LLLTALLLFLLGILLGLLILI_0,110011001100110000,1,-47.2117,-50.9477,-44.9899,-224.926,-219.317,-243.269,-353.903,4571.38,3623.54,3445.86,1013.18,13479.8,931.411,13396.2,-65.6435,-80.5616,62.2095,-37.717,7.51685,6.98252,6.41567,11171.9,-77.6262,50.1878,-35.0,13125.9,7.3742,4.91928,4.1721,0,LLLTALLLFLLGILLGLLILI,0.2779465003687307,0.1291923491737206,D,17,-74.42992985848332,-80.03913028271829,-66.50401586940664,-73.85189123132957,-75.37392355588483,-80.77604399095144,997.0545,-2.2218000000000018,18.343000000000018,947.8400000000001,1.0519227928764345,-0.002344066509115464,0.019352422349763688,1.0689356853477379
ALLLGLLLLTLLGFL,Mutant,clash,,LLLALLLGLLLGTLLGFLILI,0.9925837982748886,LLLALLLGLLLLTLLGFLILI_1,110011001100110000,1,-44.9574,-44.9574,-58.7075,-226.454,-222.937,-239.488,-360.633,4588.81,4140.83,3380.73,1586.81,594877.0,1497.59,594784.0,-62.4374,-81.4129,47.453,-66.8513,7.93127,5.11809,4.32988,569743.0,-73.8055,53.1891,-35.1152,585831.0,6.5108,4.75136,4.0492,1,LLLALLLGLLLLTLLGFLILI,0.1769168022830046,0.1143097431593795,D,16,78.8753843010868,60.57635089834056,21.33838334497424,8.925411383848898,34.391168015749365,20.642890229159946,1560.0274,13.750100000000003,13.033999999999992,447.9800000000005,3.4823594803339395,0.03069355774811373,0.029095048886110936,3.542144738604398
STLLLALLGFLLALL,Mutant,clash,,LLLSTLLGALLGFLLALLILI,0.9782073015236612,LLLSTLLLALLGFLLALLILI_0,110011001100110000,1,-47.6577,-51.0048,-44.9255,-209.526,-219.249,-252.505,-359.374,4612.78,3536.04,3576.01,1629.03,49777.4,1526.84,49688.3,-61.9433,-67.0336,62.8592,-32.1676,6.88004,5.04103,4.48392,43652.1,-68.8242,63.6738,-35.7825,49418.0,6.5843,5.41959,4.8747,0,LLLSTLLLALLGFLLALLILI,0.4279416666017719,0.0623932648514641,D,16,-97.76093300985646,-98.08970291977326,-97.09681909978508,-97.52310314007396,-98.31079834505768,-98.55882963593528,1588.7832999999998,-2.732199999999999,42.978999999999985,1076.7399999999998,1.47554962200717,-0.002537474227761576,0.03991585712428255,1.5129279120307597
TALLLVLLGLLLSFL,Mutant,clash,,LLLTALLGVLLGLLLSFLILI,0.6667959140536062,LLLTALLLVLLGLLLSFLILI_1,110011001100110000,1,-60.3105,-60.3105,-60.3105,-231.381,-228.842,-245.031,-370.425,4566.18,3956.23,3560.92,5991.09,98082.8,5912.35,98001.6,-65.0834,-93.0665,34.781,-49.929,8.31418,5.1554,4.17712,41104.6,-98.0401,23.7539,-36.4478,108892.0,7.5,4.41279,3.2691,1,LLLTALLLVLLGLLLSFLILI,0.3970938022366159,0.1288033503843178,D,17,-96.65750530685114,-96.86788090740257,-95.42847295733044,-95.716203480586,-97.1699959265723,-97.3481155232109,5977.433400000001,0.0,13.650000000000006,609.9500000000003,9.79987441593573,0.0,0.022378883515042216,9.822264120009832
TLLLLLLLGVLLAIL,Mutant,clash,,LLLTLLLGLLLGVLLAILILI,0.9171538798632642,LLLTLLLLLLLGVLLAILILI_0,110011001100110000,1,-44.9259,-47.4448,-44.9259,-224.2,-228.941,-243.921,-378.034,4583.53,3848.81,3643.65,6923.4,448725.0,6814.49,448624.0,-89.1872,-95.1749,32.9267,-44.3688,8.24239,5.22134,4.21524,429813.0,-95.5773,36.118,-40.2012,448347.0,6.9567,5.71253,4.7543,0,LLLTLLLLLLLGVLLAILILI,0.2386960978951039,0.0423045608867025,D,17,-64.08930458888655,-71.53117430523818,-61.6035568997234,-69.56055477604795,-67.3508339343286,-74.11680817756373,6903.6772,0.0,19.721000000000004,734.7199999999998,9.396337652439026,0.0,0.02684151785714287,9.42318162020906
TFLLLILLGVLLGLL,Mutant,clash,,LLLTFLLGILLGVLLGLLILI,1.087972150356979,LLLTFLLLILLGVLLGLLILI_2,110011001100110000,1,-44.9305,-51.0087,-44.9305,-216.172,-218.015,-245.308,-353.298,4646.6,3819.97,3573.41,6943.66,2314440.0,6851.47,2314350.0,-63.0595,-93.083,35.4732,-44.4259,8.26687,5.25134,4.28344,1055340.0,-92.5815,39.7325,-40.3169,2314110.0,6.7382,5.75111,4.8471,2,LLLTFLLLILLGVLLGLLILI,0.309872142254234,0.0161365204922107,D,17,-72.96491073738744,-82.16453609455,-67.87488422455611,-78.80656737228901,-73.96975639593339,-82.82744821958333,6914.529500000001,0.0,29.135999999999996,826.6300000000006,8.36472121747335,0.0,0.03524672465310959,8.399961288605537
YFLLGTLLLILLALL,Mutant,clash,,LLLYFLLGTLLGILLALLILI,1.0281438061487236,LLLYFLLGTLLLILLALLILI_1,110011001100110000,1,-55.4155,-66.8675,-58.7545,-248.791,-240.816,-252.214,-356.021,4770.76,3755.38,3564.29,7941.72,1717280.0,7889.9,1717230.0,-45.0524,-77.3288,53.1997,-48.9976,5.77573,5.28128,4.57928,807096.0,-62.6538,43.9976,-40.9419,804229.0,6.5,1.83774,0.997703,1,LLLYFLLGTLLLILLALLILI,0.0580112153631603,0.0372180964816337,D,17,-36.35143842738693,-54.9398822981673,-39.79327602470331,-57.37653763512627,-39.84550622268952,-57.413514101062,7934.952399999999,3.3389999999999986,3.423000000000002,1015.3800000000001,7.814761370127439,0.0032884240382910815,0.003371151687053124,7.821426461029367
AFLLGVLLLILLGLL,Mutant,clash,,LLLAFLLGVLLGILLGLLILI,1.1932390022300865,LLLAFLLGVLLLILLGLLILI_0,110011001100110000,1,-44.9468,-49.6397,-44.9468,-223.953,-222.266,-239.897,-348.897,4625.24,3970.56,3703.09,9050.15,1979340.0,8970.15,1979270.0,-64.0527,-73.6241,35.297,-50.5747,8.48155,2.30872,1.33817,1414910.0,-69.6978,38.4736,-44.8571,1979000.0,6.5368,2.1486,1.2257,0,LLLAFLLGVLLLILLGLLILI,0.2458023338083146,0.0046264991836415,D,16,-29.827764412505275,-43.79875106980688,-28.3397992432086,-42.607033288850175,-28.32914443554601,-42.59849980701459,9034.2027,0.0,15.943999999999988,654.6799999999998,13.799417578053403,0.0,0.02435388281297732,13.823776501496917
AYLLGFLLLTLLGLL,Mutant,clash,,LLLAYLLGFLLGTLLGLLILI,0.9934303290096402,LLLAYLLGFLLLTLLGLLILI_1,110011001100110000,1,-58.6623,-51.549,-58.6623,-230.099,-226.5,-244.91,-348.398,4635.65,3898.65,3528.22,10536.2,9998690.0,10476.6,9998620.0,-44.8266,-91.6687,30.7635,-55.1362,7.67371,4.40339,3.36484,5876100.0,-91.134,25.7473,-37.6199,10062700.0,7.3707,3.64599,2.5322,1,LLLAYLLGFLLLTLLGLLILI,0.2411076655502859,0.0395579253994628,D,16,-88.94402319208001,-91.35167218233724,-85.88339237705925,-88.95755187284287,-89.46087758463747,-91.75597171176769,10521.4266,0.0,14.811000000000007,736.9999999999995,14.276019810040715,0.0,0.020096336499321597,14.29606512890096
AYLLGLLLLTLLAFL,Mutant,clash,,LLLAYLLGLLLGTLLAFLILI,0.9112882200855336,LLLAYLLGLLLLTLLAFLILI_0,110011001100110000,1,-44.983,-52.8909,-58.7534,-229.722,-225.301,-245.913,-351.361,4642.39,4174.23,3518.13,11229.0,583105.0,11152.3,583032.0,-46.6943,-74.7769,40.5074,-61.6019,7.63786,3.18503,2.29264,540060.0,-65.2452,51.3028,-41.1052,582753.0,6.5503,3.21266,2.4822,0,LLLAYLLGLLLLTLLAFLILI,0.1680453558271517,0.07974772621242,D,16,-41.42319476186694,-50.031613102063176,-35.770380183692865,-45.209533359813605,-47.31825785190424,-55.06034063462874,11198.994299999998,13.770400000000002,16.191000000000003,468.16000000000076,23.921296778878972,0.02941387559808608,0.03458433014354062,23.98538961038957
FLLLGILLLVLLATL,Mutant,clash,,LLLFLLLGILLGVLLATLILI,1.3793927614977328,LLLFLLLGILLLVLLATLILI_2,110011001100110000,1,-58.7766,-58.7766,-58.7766,-223.893,-225.238,-240.983,-361.85,4677.89,3835.78,3603.52,11354.3,1310120.0,11275.1,1310040.0,-62.0902,-76.8001,44.4289,-40.8254,8.25645,4.01792,3.18435,1178200.0,-72.9898,49.7856,-44.4885,1371420.0,6.6061,4.16952,3.4163,2,LLLFLLLGILLLVLLATLILI,0.0971909575763223,0.0662135560177792,D,16,-11.89020443587916,-20.904774112207747,-26.310634193757544,-33.8498404558061,-24.292527337035857,-32.038207405517824,11337.190200000001,0.0,17.090000000000003,842.1100000000001,13.462837634038308,0.0,0.02029426084478275,13.483155407250832
ALLLGVLLLTLLGFL,Mutant,clash,,LLLALLLGVLLGTLLGFLILI,0.700281494644879,LLLALLLGVLLLTLLGFLILI_2,110011001100110000,1,-58.7067,-46.5145,-58.7067,-228.203,-223.421,-238.929,-354.004,4554.53,3922.35,3541.89,11678.4,2737810.0,11611.3,2737720.0,-56.3681,-100.42,33.8985,-44.6188,7.73175,6.13927,5.14774,2534100.0,-97.484,35.8407,-36.8474,2740310.0,6.7321,5.96109,4.9987,2,LLLALLLGVLLLTLLGFLILI,0.3487047458816124,0.1131173618575245,D,16,47.81329100129943,35.46773809907726,13.050004481276645,3.6079252104228208,22.44029882001934,12.213930296547725,11667.668099999999,0.0,10.725999999999999,632.1799999999998,18.456243633142464,0.0,0.01696668670315417,18.473219652630583
TYLLGVLLLLLLGFL,Mutant,clash,,LLLTYLLGVLLGLLLGFLILI,0.9963559877340212,LLLTYLLGVLLLLLLGFLILI_1,110011001100110000,1,-44.907,-49.7147,-44.907,-232.801,-233.166,-251.765,-347.618,4685.34,4044.54,3523.22,11787.1,8694090.0,11717.2,8694020.0,-50.946,-70.6062,29.0322,-49.665,8.19205,1.01027,-0.0542444,1940590.0,-69.5064,38.1576,-45.0,2006070.0,6.5231,2.07724,1.1496,1,LLLTYLLGVLLLLLLGFLILI,0.1309419161182366,0.0486961165292673,D,17,-62.12258456412098,-73.8906282658503,-58.86754843380404,-71.64689153364364,-62.07142124826868,-73.85536075835626,11768.146,0.0,18.964,640.8000000000002,18.364772159800246,0.0,0.02959425717852683,18.394350811485637
AFLLGTLLLLLLGVL,Mutant,clash,,LLLAFLLGTLLGLLLGVLILI,1.229983913617131,LLLAFLLGTLLLLLLGVLILI_1,110011001100110000,1,-44.9686,-63.0278,-58.7586,-226.861,-227.578,-239.035,-352.103,4631.84,3790.88,3415.44,11818.1,5927490.0,11737.8,5927430.0,-54.3101,-97.0869,33.0393,-48.6478,8.12704,5.52335,4.51894,4817680.0,-94.1397,39.8563,-36.5769,5929210.0,6.9528,6.00156,5.0994,1,LLLAFLLGTLLLLLLGVLILI,0.2442032113297206,0.1068331699650137,D,16,-20.45666499363685,-34.566174453132824,-21.59053855910756,-35.498919919101525,-14.455173487278966,-29.62923601301572,11792.1101,13.79,12.174000000000007,840.96,14.022200937024353,0.01639792617960426,0.014476312785388135,14.05310597412481
TYLLAVLLLFLLGLL,Mutant,clash,,LLLTYLLAVLLGFLLGLLILI,0.8569664011243614,LLLTYLLAVLLLFLLGLLILI_2,110011001100110000,1,-44.9703,-48.055,-44.9703,-231.903,-229.386,-253.155,-348.628,4693.97,3832.24,3617.78,11862.7,154381.0,11790.9,154310.0,-50.5023,-74.4351,34.4257,-44.9721,8.35835,2.31272,1.32911,93418.2,-70.8524,42.5823,-40.9781,154051.0,7.4604,2.87647,2.0152,2,LLLTYLLAVLLLFLLGLLILI,0.2545258102447377,0.0716252063313904,D,17,-63.06885192000009,-65.340412893884,-56.14377688221344,-58.84128535610406,-60.53261784999133,-62.96017750340685,11841.4023,0.0,21.25200000000001,861.7300000000005,13.741429798196643,0.0,0.024662017105125732,13.766144848154287
GYLLAFLLGLLLLTL,Mutant,clash,,LLLGYLLAFLLGLLLGTLILI,0.9957513768882924,LLLGYLLAFLLGLLLLTLILI_0,110011001100110000,1,-63.7683,-64.1785,-58.7749,-227.199,-224.222,-247.377,-351.303,4637.71,3714.75,3535.94,12022.6,317159.0,11962.3,317096.0,-45.1516,-57.7519,50.2466,-45.6003,7.10557,1.94608,1.19978,117360.0,-61.4169,47.8691,-36.8365,316807.0,7.2814,2.17486,1.3929,0,LLLGYLLAFLLGLLLLTLILI,0.4898818048608187,0.1259166341821404,D,16,-71.44474967246268,-77.0788876992097,-64.28029245413207,-71.3280248423991,-68.99133781742414,-75.10955008162988,12007.451599999999,-4.993400000000001,20.177999999999997,922.96,13.00972046459218,-0.005410201958914797,0.02186226922076796,13.026133310219294
TFLLGVLLLLLLGAL,Mutant,clash,,LLLTFLLGVLLGLLLGALILI,1.1454711818964731,LLLTFLLGVLLLLLLGALILI_0,110011001100110000,1,-55.9981,-51.8312,-44.8802,-214.525,-225.54,-243.007,-348.76,4661.73,3523.23,3479.82,12029.9,7346390.0,11951.6,7346310.0,-60.8731,-78.6825,27.2622,-43.2812,6.48715,1.98277,0.891698,5849930.0,-80.3909,36.9211,-40.9331,7346040.0,7.1519,3.54298,2.5968,0,LLLTFLLGVLLLLLLGALILI,0.2383892077879262,0.0688565606459335,D,17,-33.28435865804937,-39.40791237753744,-30.580667397626254,-36.95238179339791,-25.0657426455401,-31.94364925199952,12012.473100000001,-11.117899999999999,28.482,1138.4999999999995,10.551140184453233,-0.009765393061045237,0.025017127799736506,10.566447079490562
ALLLGFLLLVLLGTL,Mutant,clash,,LLLALLLGFLLGVLLGTLILI,0.7556928113708439,LLLALLLGFLLLVLLGTLILI_0,110011001100110000,1,-59.4864,-70.2722,-58.7392,-236.291,-220.664,-238.027,-354.469,4535.11,3853.78,3334.25,12058.6,23292300.0,12000.0,23292200.0,-57.7027,-83.0698,68.1707,-50.2901,8.09502,8.16351,7.68607,17767400.0,-83.578,48.738,-35.1079,23291900.0,6.9512,5.61633,4.8474,0,LLLALLLGFLLLVLLGTLILI,0.3539038471643207,0.0089359256600837,D,16,25.81826759189425,15.990855748645098,2.160004249777618,-5.819508223936721,2.9328427856319745,-5.107034551830208,12057.7027,-0.7472000000000065,1.73599999999999,681.3299999999995,17.697301894823372,-0.001096678555178852,0.002547957671025775,17.698618877783172
AYLLGLLLLTLLGFL,Mutant,clash,,LLLAYLLGLLLGTLLGFLILI,0.8317810364182096,LLLAYLLGLLLLTLLGFLILI_2,110011001100110000,1,-54.3575,-52.725,-58.7122,-224.115,-221.312,-245.106,-348.493,4646.24,3896.58,3487.34,12287.6,187609.0,12217.6,187534.0,-44.6756,-84.3095,42.0636,-46.9428,8.0308,4.82501,3.95597,164755.0,-82.6456,43.881,-35.0,187260.0,7.5,4.82078,3.979,2,LLLAYLLGLLLLTLLGFLILI,0.1060681960692392,0.099175304858975,D,16,-66.81882637756227,-74.05394781889078,-62.95948993283125,-71.03613579334703,-68.77731947552705,-75.58539347221074,12262.2756,4.354700000000001,20.990999999999985,749.6599999999999,16.35711602593176,0.005808900034682392,0.028000693647786984,16.390897206733722
AFLLGLLLLTLLGIL,Mutant,clash,,LLLAFLLGLLLGTLLGILILI,1.42842131750983,LLLAFLLGLLLLTLLGILILI_2,110011001100110000,1,-52.4125,-49.2075,-58.7594,-222.352,-220.466,-240.47,-355.98,4587.51,3757.23,3561.7,12312.8,89209.2,12231.6,89122.9,-56.7503,-87.3512,37.4177,-45.9428,7.91814,4.65408,3.71535,82386.9,-87.7841,38.6606,-35.7467,88853.3,7.5,4.88679,3.9667,2,LLLAFLLGLLLLTLLGILILI,0.2105366564503672,0.028693737027254,D,16,-0.2725953785582109,-12.304222698746504,-14.708397512484211,-24.99841537233733,-0.6690224213199867,-12.652822742938936,12288.3503,6.346899999999998,18.117999999999995,830.2800000000002,14.800248470395525,0.007644288673700434,0.02182155417449534,14.82969600616659
AYLLGLLLLFLLGTL,Mutant,clash,,LLLAYLLGLLLGFLLGTLILI,1.0517740801577302,LLLAYLLGLLLLFLLGTLILI_0,110011001100110000,1,-61.4538,-68.9562,-58.7779,-224.901,-220.697,-244.859,-348.583,4620.44,3796.6,3474.46,12320.9,187146.0,12258.7,187087.0,-44.9456,-85.7363,49.6127,-45.7097,8.1564,6.05816,5.30235,88331.1,-85.1121,47.6719,-35.0,186798.0,7.4675,5.70252,4.9176,0,LLLAYLLGLLLLFLLGTLILI,0.1714649785391765,0.0762484758314303,D,16,-49.23595361859742,-55.164307495260765,-44.30198477939015,-50.80654003045706,-42.01077268678146,-48.78290148762849,12303.6456,-2.6758999999999986,19.958,823.8399999999997,14.934508642454851,-0.0032480821518741498,0.024225577782093617,14.955452515051471
AFLLGLLLLVLLGTL,Mutant,clash,,LLLAFLLGLLLGVLLGTLILI,1.0744264841069933,LLLAFLLGLLLLVLLGTLILI_1,110011001100110000,1,-59.5212,-58.7316,-58.7316,-223.102,-223.62,-239.039,-352.206,4560.71,3779.61,3330.11,12326.0,32015100.0,12256.4,32015000.0,-54.4348,-86.2529,42.9955,-49.3685,8.02125,5.24233,4.38726,24970200.0,-83.578,48.738,-35.1079,32023500.0,6.9512,5.61633,4.8474,1,LLLAFLLGLLLLVLLGTLILI,0.2949335459059193,0.0082045387851724,D,16,1.1705861970144626,-9.377846563523333,-8.749182171939427,-18.263341893510614,2.702887460561756,-8.005308897825913,12310.8348,-0.7896000000000001,15.936999999999983,781.0999999999999,15.76089463577007,-0.0010108820893611576,0.0204032774292664,15.780309819485343
AYLLGLLLLFLLATL,Mutant,clash,,LLLAYLLGLLLGFLLATLILI,1.957302310191647,LLLAYLLGLLLLFLLATLILI_0,110011001100110000,1,-61.8862,-65.6127,-58.7236,-224.053,-224.748,-246.573,-353.473,4635.27,3757.85,3621.0,12365.1,52783.5,12297.6,52720.4,-48.1765,-86.6867,41.9433,-45.0935,7.6513,5.16536,4.29451,52018.3,-87.2227,45.9146,-36.9014,52430.0,7.4937,5.78188,4.9706,0,LLLAYLLGLLLLFLLATLILI,0.3041572611242688,0.1261509624140906,D,16,-62.21209951672566,-70.78647073084046,-54.848857577705566,-65.09400618133007,-56.80438457961231,-66.60580875771612,12345.7765,-3.1626000000000047,22.52000000000001,877.4200000000005,14.070543753276644,-0.003604431173212376,0.025666157598413526,14.092566843700842
TLLLGLLLLVLLGIL,Mutant,clash,,LLLTLLLGLLLGVLLGILILI,0.965757416398492,LLLTLLLGLLLLVLLGILILI_2,110011001100110000,1,-46.108,-53.821,-44.9695,-228.705,-225.347,-244.905,-373.537,4580.52,3792.8,3550.59,12381.9,846680.0,12283.2,846585.0,-83.6618,-87.5476,37.4177,-45.3876,7.9937,4.68352,3.74479,494286.0,-85.5673,40.094,-37.7266,846306.0,7.033,4.74779,3.8492,2,LLLTLLLGLLLLVLLGILILI,0.2910471146312801,0.0948530680539784,D,17,22.06874634125939,2.851555794058088,-9.22449932586794,-23.51521784111798,-12.198075181043308,-26.02066589513032,12366.8618,-1.1385000000000005,16.19999999999999,787.7200000000003,15.699565581678765,-0.0014453105164271571,0.020565683237698654,15.718656375361798
TVLLGLLLGFLLLIL,Mutant,clash,,LLLTVLLGLLLGFLLAILILI,0.6806924122408105,LLLTVLLGLLLGFLLLILILI_1,110011001100110000,1,-44.9495,-44.9495,-44.9495,-224.032,-225.207,-245.176,-357.466,4583.86,4023.09,3608.41,12386.7,121848.0,12298.2,121761.0,-67.3404,-80.1825,24.1564,-49.2161,8.80434,1.78849,0.650835,100701.0,-85.5593,36.5947,-45.0,603800.0,7.5,4.27418,3.3231,1,LLLTVLLGLLLGFLLLILILI,0.3291083966288355,0.10817900270068,D,17,-17.942933041382375,-32.56409268467651,-19.36562412043803,-33.733284654381194,-23.04750137872243,-36.75911463757179,12365.5404,0.0,21.143999999999977,560.7699999999995,22.051002015086418,0.0,0.03770529807229345,22.088735132050594
ALLLGILLLFLLGTL,Mutant,clash,,LLLALLLGILLGFLLGTLILI,1.1297364381084338,LLLALLLGILLLFLLGTLILI_2,110011001100110000,1,-58.6933,-64.5205,-58.6933,-224.548,-222.055,-239.504,-355.023,4633.43,4021.14,3540.93,12396.1,775480.0,12324.4,775411.0,-56.8262,-84.3553,40.8519,-55.9644,7.95102,4.66831,3.78109,555475.0,-79.2928,46.8705,-41.4445,775125.0,6.9265,4.72144,3.9245,2,LLLALLLGILLLFLLGTLILI,0.2580244270621551,0.0530239016252262,D,16,-5.683437866491013,-18.123119552236744,-20.673873677041826,-31.136423821988902,-6.822513087998215,-19.111958878253905,12381.2262,0.0,14.955999999999989,612.2900000000004,20.221179833085614,0.0,0.024426333926734028,20.24547191690211
AYLLGLLLLVLLGTL,Mutant,clash,,LLLAYLLGLLLGVLLGTLILI,0.8354522233582544,LLLAYLLGLLLLVLLGTLILI_0,110011001100110000,1,-62.0618,-68.6706,-58.7113,-222.957,-218.983,-242.148,-358.817,4597.39,3778.51,3382.96,12528.7,2785030.0,12454.9,2784960.0,-57.9577,-81.397,40.8708,-47.1911,8.19655,4.22711,3.34018,2474800.0,-78.1031,43.7429,-35.0,2784670.0,7.2077,4.12076,3.2769,0,LLLAYLLGLLLLVLLGTLILI,0.3254683295158696,0.1016588765281615,D,16,-61.71210666091598,-63.81015555699637,-54.2700416842434,-56.775890927827575,-62.9724043413833,-65.0013931266391,12512.8577,-3.3504999999999967,19.191000000000003,818.8800000000001,15.280453424189135,-0.004091564087534189,0.023435668229777256,15.299799726455646
TLLLGLLLLVLLAIL,Mutant,clash,,LLLTLLLGLLLGVLLAILILI,0.7901399718049165,LLLTLLLGLLLLVLLAILILI_0,110011001100110000,1,-46.2991,-49.4691,-44.9259,-229.519,-229.325,-245.984,-377.974,4606.91,3739.05,3606.43,12558.3,142888.0,12456.1,142789.0,-87.0641,-92.2659,39.1499,-45.0967,7.46088,5.62511,4.71236,76229.0,-95.5773,36.118,-40.2012,142510.0,6.9567,5.71253,4.7543,0,LLLTLLLGLLLLVLLAILILI,0.3657100059534517,0.0923846368837648,D,17,11.138720287468836,-5.341926581978012,-16.071991313641714,-28.51758966170634,-18.8471024823368,-30.881182440803062,12543.1641,-1.3732000000000042,16.465000000000003,867.8599999999997,14.45298101076211,-0.0015822828566819588,0.018971954001797537,14.47042149655475
AFLLGLLLLTLLGVL,Mutant,clash,,LLLAFLLGLLLGTLLGVLILI,1.2871936844953142,LLLAFLLGLLLLTLLGVLILI_2,110011001100110000,1,-51.5549,-57.6459,-58.6456,-224.073,-217.376,-239.011,-352.433,4564.53,3785.38,3377.32,12764.7,1075820000.0,12687.9,1075820000.0,-54.7759,-74.6223,44.4452,-44.4019,8.49812,3.69345,2.86013,8391770.0,-70.7932,46.6401,-35.0,12671200.0,7.2306,3.4154,2.615,2,LLLAFLLGLLLLTLLGVLILI,0.2186849038177698,0.0431507381300973,D,16,5.286033090936254,-7.353527633355627,-7.142821626893177,-18.290301594341248,7.673430487837067,-5.252736669286045,12742.6759,7.090699999999998,14.937999999999988,779.1499999999996,16.354586279920433,0.009100558300712316,0.019172174805878194,16.382853109157423
AYLLGTLLLLLLGFL,Mutant,clash,,LLLAYLLGTLLGLLLGFLILI,0.975832477606548,LLLAYLLGTLLLLLLGFLILI_2,110011001100110000,1,-52.1394,-57.6006,-58.6855,-224.802,-223.685,-245.564,-348.784,4642.32,3854.94,3419.71,12781.2,7161900.0,12709.3,7161830.0,-44.5344,-85.8037,43.1281,-47.8483,7.70911,5.19285,4.33977,5061940.0,-81.8261,48.1246,-38.4583,5159330.0,6.5,5.27073,4.4926,2,LLLAYLLGTLLLLLLGFLILI,0.1645194854207223,0.0342508191708573,D,16,-55.995660596416,-63.248133580888975,-49.87747479057506,-58.13830235716987,-55.42778197324344,-62.7738485539126,12753.8344,6.546099999999996,20.762,787.3799999999997,16.197813508090128,0.008313774797429448,0.026368462495872397,16.232568772384372
AFLLGVLLGLLLLYL,Mutant,clash,,LLLAFLLGVLLGLLLGYLILI,0.2635515354297,LLLAFLLGVLLGLLLLYLILI_0,110011001100110000,1,-51.3404,-48.886,-44.9328,-223.24,-223.381,-242.794,-339.181,4647.19,3595.44,3462.26,12783.7,2927580.0,12719.1,2927510.0,-51.4545,-64.0121,44.1382,-43.6429,6.47799,2.06048,1.22255,2791810.0,-69.605,42.1044,-35.8969,2927240.0,6.5663,2.62484,1.75641,0,LLLAFLLGVLLGLLLLYLILI,1.2445494814142055,0.0766509168782132,D,16,17.77656564234352,15.991333893542272,39.162769055769466,37.053369853861206,66.6496151386064,64.12357625940864,12770.5545,-6.407600000000002,19.554000000000002,1051.7499999999995,12.142195864036136,-0.0060923223199429565,0.018591870691704312,12.154694556691235
TLLLGVLLLLLLGFL,Mutant,clash,,LLLTLLLGVLLGLLLGFLILI,1.151190451163339,LLLTLLLGVLLLLLLGFLILI_0,110011001100110000,1,-46.0712,-53.6049,-44.9091,-231.785,-226.207,-245.789,-359.8,4618.66,3853.39,3475.36,12828.1,7674340.0,12746.2,7674260.0,-69.1016,-88.9988,34.1819,-47.1239,8.48751,4.46437,3.4771,7356050.0,-87.8363,33.3963,-37.1588,7673980.0,7.4752,4.18395,3.1849,0,LLLTLLLGVLLLLLLGFLILI,0.1595387438853506,0.0655022375893794,D,17,19.536453136953583,-1.653113937222099,-2.9364080666460763,-20.14233511030536,-6.037123324574254,-22.6934036938378,12815.3016,-1.1620999999999952,14.00399999999999,765.27,16.746117840762086,-0.0015185490088465447,0.018299423732800177,16.762841872803065
AFLLGVLLLLLLGTL,Mutant,clash,,LLLAFLLGVLLGLLLGTLILI,0.9781407002291104,LLLAFLLGVLLLLLLGTLILI_2,110011001100110000,1,-59.9282,-60.9701,-58.7167,-226.339,-226.387,-239.041,-352.441,4630.92,3748.43,3384.27,12842.3,18166100.0,12776.1,18166000.0,-54.6829,-88.0941,43.3834,-49.0373,7.87126,5.57086,4.72161,18053600.0,-83.578,48.738,-35.1079,22637500.0,6.9512,5.61633,4.8474,2,LLLAFLLGVLLLLLLGTLILI,0.2382326852380426,0.0547493784013843,D,16,-19.173407650576145,-24.086490238153228,-20.322647467899685,-25.16587297043435,-18.16102137442614,-23.135642339914188,12830.7829,-1.2114999999999938,12.701999999999998,882.4900000000002,14.539295516096496,-0.0013728200886128947,0.01439336423075615,14.55234620222325
ALLLGILLLTLLGFL,Mutant,clash,,LLLALLLGILLGTLLGFLILI,1.015570120638213,LLLALLLGILLLTLLGFLILI_2,110011001100110000,1,-55.2064,-46.3815,-58.7518,-220.382,-222.997,-239.477,-357.794,4565.12,3914.83,3510.5,12849.9,7691670.0,12767.7,7691580.0,-59.5643,-87.7704,37.581,-48.4169,7.7993,4.739,3.80271,3161850.0,-87.213,39.461,-38.899,7292680.0,6.5512,4.90918,4.00109,2,LLLALLLGILLLTLLGFLILI,0.2314010123315177,0.029952323246037,D,16,50.28455952596942,30.153375070077743,1.838807741455453,-11.802885256666965,18.78694141260172,2.8749818868125256,12827.2643,3.5454000000000008,19.095,650.29,19.72545218287226,0.005452029094711592,0.029363822294668534,19.760260806717003
SYLLGVLLLTLLGLL,Mutant,clash,,LLLSYLLGVLLGTLLGLLILI,0.9237949826716292,LLLSYLLGVLLLTLLGLLILI_0,110011001100110000,1,-61.6133,-65.3294,-58.6641,-230.443,-230.033,-254.333,-370.063,4594.78,3775.84,3638.52,12877.7,1396780.0,12799.7,1396710.0,-57.0666,-81.9844,42.6237,-45.1098,7.92209,4.55187,3.69122,860287.0,-84.4885,38.2202,-42.7314,1396410.0,6.9435,4.333,3.4063,0,LLLSYLLGVLLLTLLGLLILI,0.1802793235893857,0.0560877888475592,D,17,-96.27282177168,-96.30632664039145,-95.02347277137612,-95.06820846181532,-96.4218703543352,-96.45403537480554,12856.7666,-2.9492000000000047,23.889999999999986,818.9399999999996,15.699277846972924,-0.003601240628129052,0.02917185630204899,15.724839426575826
AYLLGVLLLTLLGLL,Mutant,clash,,LLLAYLLGVLLGTLLGLLILI,0.8603076384773036,LLLAYLLGVLLLTLLGLLILI_0,110011001100110000,1,-54.0845,-53.5426,-58.7364,-221.999,-219.881,-243.073,-359.943,4589.77,3821.03,3522.92,12928.5,555303.0,12844.6,555217.0,-58.1338,-82.4436,43.1163,-44.6475,8.22279,4.68724,3.83398,550030.0,-78.2582,48.5511,-37.611,554943.0,7.3268,4.79313,4.0214,0,LLLAYLLGVLLLTLLGLLILI,0.341906786870717,0.0829335475664089,D,16,-92.59320705313736,-93.50546059990856,-90.14896482262728,-91.36226210856434,-92.47709499441204,-93.40364941852042,12902.7338,4.651900000000005,21.074000000000012,768.7400000000002,16.784262299346977,0.006051330749017878,0.027413689934178014,16.817779743476333
AYLLGVLLLLLLAFL,Mutant,clash,,LLLAYLLGVLLGLLLAFLILI,1.0627776787233143,LLLAYLLGVLLLLLLAFLILI_0,110011001100110000,1,-48.0665,-55.5885,-44.9549,-222.862,-223.104,-246.358,-346.322,4648.18,3754.52,3593.61,12942.3,215352.0,12866.9,215284.0,-55.0094,-91.2522,44.6236,-44.1679,7.57627,6.21202,5.38138,131817.0,-91.43,48.2927,-36.5962,215005.0,7.0472,6.73401,5.9584,0,LLLAYLLGVLLLLLLAFLILI,0.1662801614582883,0.1219888937135251,D,16,-55.37360231745747,-60.30086666354308,-49.82584589416367,-55.36564595553861,-54.47797756228088,-59.50412911757044,12921.9094,-3.1115999999999957,23.49600000000001,893.6600000000003,14.459536512767714,-0.003481861110489442,0.02629187834299398,14.482353467761783
TYLLGVLLLLLLAFL,Mutant,clash,,LLLTYLLGVLLGLLLAFLILI,0.7265048934150751,LLLTYLLGVLLLLLLAFLILI_0,110011001100110000,1,-47.7991,-51.0702,-44.9607,-234.231,-231.452,-254.304,-354.703,4683.29,3763.07,3582.77,13009.9,194066.0,12937.2,193993.0,-55.4387,-76.8787,50.3324,-43.8189,7.95832,4.82668,4.08167,104415.0,-80.0044,42.005,-45.0,193711.0,7.041,4.17133,3.3014,0,LLLTYLLGVLLLLLLAFLILI,0.1673903938891424,0.0666931582512246,D,17,-63.56130885306766,-66.37937408182147,-59.88925024920345,-62.99130209613105,-65.69219834588685,-68.34546661303148,12992.638700000001,-2.8384,20.073000000000008,920.2199999999998,14.11905707330856,-0.003084479798309101,0.021813262046032483,14.137814870357092
TLLLGILLLLLLGFL,Mutant,clash,,LLLTLLLGILLGLLLGFLILI,1.5896498427824226,LLLTLLLGILLLLLLGFLILI_2,110011001100110000,1,-46.0189,-45.8795,-44.942,-232.815,-232.185,-247.331,-363.109,4635.09,3813.15,3494.26,13096.8,6990170.0,13012.5,6990090.0,-70.836,-89.6167,35.3354,-47.8137,8.30494,4.71278,3.74282,2903020.0,-88.5873,34.12,-39.5515,6994920.0,7.2522,4.3943,3.4061,2,LLLTLLLGILLLLLLGFLILI,0.0456138200842519,0.0417487737655994,D,17,-5.767829266566452,-19.12196431649439,-21.99453249976147,-33.04909634481738,-22.19403027321111,-33.220322242663705,13083.336,-1.076900000000002,14.515999999999991,821.94,15.91762902401635,-0.0013101929581234664,0.01766065649560794,15.934009781735892
ALLLGILLLVLLGTL,Mutant,clash,,LLLALLLGILLGVLLGTLILI,0.8324430836145517,LLLALLLGILLLVLLGTLILI_2,110011001100110000,1,-59.9972,-67.7388,-58.7478,-218.08,-216.924,-237.078,-368.461,4529.01,3829.57,3566.32,13099.2,1446550.0,13008.8,1446470.0,-72.635,-86.2636,35.5315,-51.3454,7.76239,4.23629,3.26927,1378770.0,-86.55,35.742,-43.5248,1446180.0,6.8226,4.30767,3.3438,2,LLLALLLGILLLVLLGTLILI,0.321870792974739,0.107425737020735,D,16,23.40209485680233,7.255276926494653,2.135906010790677,-11.22829076736756,9.732186569607125,-4.625962209715087,13081.435,-1.2494000000000014,18.99799999999999,699.44,18.702726466887793,-0.0017862861717945803,0.02716172938350679,18.728125357428798
TLLLGILLLVLLGAL,Mutant,clash,,LLLTLLLGILLGVLLGALILI,0.936581640837266,LLLTLLLGILLLVLLGALILI_1,110011001100110000,1,-46.1384,-46.153,-44.8956,-222.554,-223.201,-241.23,-363.362,4567.34,3776.25,3616.42,13111.6,1834460.0,13016.9,1834370.0,-77.2368,-90.4907,39.4483,-45.5627,7.79692,5.39912,4.49085,707234.0,-90.0074,38.3333,-42.1317,2005750.0,6.7822,5.1761,4.2511,1,LLLTLLLGILLLVLLGALILI,0.2724466894291007,0.1141493406269477,D,17,8.229116640221896,-9.676174303304522,-12.507886410877816,-26.98247326614093,-4.414153049112495,-20.227757122297504,13094.1368,-1.2427999999999955,18.675999999999988,791.0900000000001,16.552019112869583,-0.0015709969788519577,0.023607933357772167,16.57409397160879
AFLLGVLLLTLLGLL,Mutant,clash,,LLLAFLLGVLLGTLLGLLILI,2.0478326740982515,LLLAFLLGVLLLTLLGLLILI_1,110011001100110000,1,-53.1759,-46.6035,-58.6941,-222.004,-222.926,-239.04,-352.684,4608.62,3797.25,3514.35,13151.6,26143700.0,13074.1,26143600.0,-54.9501,-93.3061,34.766,-48.03,7.56622,5.18932,4.21081,1986660.0,-97.484,35.8407,-36.8474,3076260.0,6.7321,5.96109,4.9987,1,LLLAFLLGVLLLTLLGLLILI,0.2846655087151692,0.0538508012181232,D,16,-24.59417962466633,-32.052023955205954,-28.082362498944896,-35.19521588921841,-20.778562324396848,-28.61378176615046,13129.0501,5.5182,17.036,811.3699999999999,16.181335395688777,0.0068010895152643075,0.020996586021174067,16.209127771546893
TFLLGILLLVLLGLL,Mutant,clash,,LLLTFLLGILLGVLLGLLILI,1.2916901132966183,LLLTFLLGILLLVLLGLLILI_2,110011001100110000,1,-46.1087,-46.4028,-44.9305,-224.848,-228.718,-246.996,-354.076,4673.74,3805.98,3566.98,13156.0,1317970.0,13072.9,1317890.0,-62.1491,-90.4698,41.9451,-46.701,7.65957,5.73306,4.86224,876500.0,-92.5815,39.7325,-40.3169,2855270.0,6.7382,5.75111,4.8471,2,LLLTFLLGILLLVLLGLLILI,0.1061541793145949,0.1029030034501773,D,17,-43.13596946145336,-50.85086152878144,-37.81012758489594,-46.24759057897963,-45.36062876840131,-52.77369547658526,13135.0491,-1.1781999999999968,22.147999999999996,867.7599999999998,15.136730317138383,-0.0013577486862726988,0.02552318613441505,15.160873974370798
GYLLAFLLLLLLGTL,Mutant,clash,,LLLGYLLAFLLGLLLGTLILI,1.2420062048330518,LLLGYLLAFLLLLLLGTLILI_0,110011001100110000,1,-58.7749,-64.1743,-58.7749,-229.582,-224.022,-248.277,-352.147,4640.21,3718.44,3549.61,13160.1,113511.0,13096.3,113447.0,-45.0941,-57.4807,54.8774,-45.1998,7.82755,2.53055,1.85371,108469.0,-61.4169,47.8691,-36.8365,113159.0,7.2814,2.17486,1.3929,0,LLLGYLLAFLLLLLLGTLILI,0.2436269769160594,0.146852818047411,D,16,-61.95422007509105,-68.5499875577175,-56.8307295771454,-64.31472571721017,-62.77534322574759,-69.22875753840299,13141.3941,0.0,18.694999999999993,921.77,14.256695379541535,0.0,0.02028163207741627,14.27698883669462
YFLLGTLLLVLLALL,Mutant,clash,,LLLYFLLGTLLGVLLALLILI,1.0885934584865864,LLLYFLLGTLLLVLLALLILI_1,110011001100110000,1,-49.4227,-58.7571,-58.7571,-232.241,-234.135,-250.793,-352.219,4776.7,3792.29,3616.02,13231.4,757822.0,13160.9,757762.0,-42.6685,-78.9846,46.1177,-39.0977,7.87241,4.57357,3.76533,696950.0,-72.9898,49.7856,-44.4885,1431050.0,6.6061,4.16952,3.4163,1,LLLYFLLGTLLLVLLALLILI,0.0911740763157045,0.0650749708599081,D,17,-11.652896247592308,-26.96834913375745,-28.356725612516737,-40.776478461089305,-19.98394374570233,-33.855164053431295,13203.5685,9.334400000000002,18.551999999999992,984.4099999999999,13.41267205737447,0.009482227933483004,0.01884580611736979,13.440944321979664
LFLLGVLLLILLATL,Mutant,clash,,LLLLFLLGVLLGILLATLILI,1.2085000202239995,LLLLFLLGVLLLILLATLILI_1,110011001100110000,1,-58.7587,-58.7587,-58.7587,-219.91,-224.672,-243.234,-360.85,4686.73,3725.2,3571.05,13393.0,2388470.0,13310.8,2388390.0,-58.8573,-82.8321,39.0893,-44.021,7.83886,4.20187,3.28821,1791360.0,-76.1397,46.3109,-45.0,916121.0,6.7451,4.17293,3.36759,1,LLLLFLLGVLLLILLATLILI,0.1080402619237968,0.0649710633851389,D,16,-42.46989353719295,-52.28610239956621,-41.9090619754072,-51.82096403366666,-41.62163624895026,-51.58258099349686,13369.657299999999,0.0,23.324000000000012,961.5299999999997,13.904565952180382,0.0,0.024257173463126495,13.928842573814654
AVLLGLLLLLLLGFL,Mutant,clash,,LLLAVLLGLLLGLLLGFLILI,1.563322355574739,LLLAVLLGLLLLLLLGFLILI_1,110011001100110000,1,-44.9261,-45.3939,-44.9261,-226.636,-224.491,-239.459,-353.781,4586.34,3821.72,3654.37,13423.7,8668980.0,13341.4,8668890.0,-69.3954,-80.1242,36.109,-41.8837,8.06413,3.39335,2.43499,5029020.0,-77.4724,32.2036,-43.8153,8708670.0,7.0393,2.46835,1.4514,1,LLLAVLLGLLLLLLLGFLILI,0.1008856719411062,0.0582199558435137,D,16,-15.542148365555814,-27.04781097932119,-14.003288289934352,-25.718589255815623,-4.871958049553241,-17.831216834956543,13410.795399999999,0.0,12.823000000000008,764.6200000000003,17.539163767623123,0.0,0.01677042190892208,17.556040909209795
ALLLGVLLLFLLGTL,Mutant,clash,,LLLALLLGVLLGFLLGTLILI,1.0953412697409186,LLLALLLGVLLLFLLGTLILI_1,110011001100110000,1,-58.7215,-58.7215,-58.7215,-225.053,-223.583,-238.908,-351.263,4616.32,3858.72,3669.66,13788.4,774892.0,13720.9,774823.0,-53.6343,-83.2089,40.1719,-42.6627,8.35832,4.40454,3.50712,773007.0,-80.2804,39.355,-44.6447,781213.0,7.3257,3.85498,2.9453,1,LLLALLLGVLLLFLLGTLILI,0.2608818279191416,0.0413992342581188,D,16,0.7554269490837795,-9.609593314156369,-11.260493576344436,-20.38939918552744,5.558375232769718,-5.300739073750665,13774.5343,0.0,13.85499999999999,757.5999999999999,18.181803458289338,0.0,0.018288014783526915,18.20010559662091
ATLLGILLLLLLGFL,Mutant,clash,,LLLATLLGILLGLLLGFLILI,0.9932907771449926,LLLATLLGILLLLLLGFLILI_0,110011001100110000,1,-44.9292,-54.4609,-44.9292,-220.72,-220.677,-240.533,-351.831,4565.15,3856.72,3452.14,13821.6,2796330.0,13735.4,2796250.0,-66.3686,-82.2655,42.8767,-43.5987,7.85659,4.62817,3.77133,2460960.0,-81.6776,47.767,-35.1198,2795980.0,6.6099,5.20019,4.4167,0,LLLATLLGILLLLLLGFLILI,0.1233792495059012,0.0899070331601396,D,16,-15.127593303820955,-35.68766579751188,-6.932832865433548,-29.47806019613537,7.852855959090754,-18.27415779590321,13801.7686,0.0,19.812999999999988,708.4299999999998,19.482191042163663,0.0,0.0279674773795576,19.510184492469268
ALLLGTLLLLLLGFL,Mutant,clash,,LLLALLLGTLLGLLLGFLILI,1.0295609360260158,LLLALLLGTLLLLLLGFLILI_0,110011001100110000,1,-48.9288,-62.0486,-58.6905,-222.913,-219.386,-240.357,-360.53,4575.26,3845.27,3375.0,14439.1,4937120.0,14350.4,4937040.0,-61.483,-69.3055,41.435,-47.684,7.60966,2.48956,1.61108,1008450.0,-63.8279,50.3554,-37.6016,4936760.0,6.5149,2.87217,2.1275,0,LLLALLLGTLLLLLLGFLILI,0.2679189704386613,0.0817133838283082,D,16,63.5880356271546,39.24896337697887,17.143218558842648,-0.285667662519392,39.81356293900272,19.011721307486653,14411.883,9.761699999999998,17.44399999999999,729.9900000000002,19.742575925697604,0.013372374964040595,0.023896217756407597,19.77985999808216
TALLAFLLLILLGLL,Mutant,clash,,LLLTALLAFLLGILLGLLILI,0.8261310280300471,LLLTALLAFLLLILLGLLILI_0,110011001100110000,1,-44.9899,-47.7969,-44.9899,-230.269,-222.146,-246.758,-359.935,4616.19,3813.95,3460.82,14443.0,1210490.0,14358.3,1210400.0,-68.1873,-78.9226,54.9,-46.1662,8.20057,5.7499,5.0734,1199340.0,-77.6262,50.1878,-35.0,1210130.0,7.3742,4.91928,4.1721,0,LLLTALLAFLLLILLGLLILI,0.3176609802950962,0.1116769160382518,D,17,-38.61820061602154,-49.865100150007926,-34.18585637029462,-46.244888017253,-34.3207591445818,-46.355072748659545,14426.487299999999,0.0,16.489000000000004,802.2399999999998,17.982757404268053,0.0,0.020553699641005195,18.003340646190672
AFLLGTLLGLLLLYL,Mutant,clash,,LLLAFLLGTLLGLLLGYLILI,0.2891312027275661,LLLAFLLGTLLGLLLLYLILI_0,110011001100110000,1,-60.3955,-62.8995,-58.6988,-221.36,-221.71,-243.397,-346.666,4630.56,3470.18,3396.65,14692.9,220264.0,14628.0,220202.0,-44.5699,-66.6621,53.0997,-37.6339,6.63033,3.66778,2.96427,148514.0,-72.4524,47.8783,-35.1603,219917.0,6.5,3.83143,3.0496,0,LLLAFLLGTLLGLLLLYLILI,1.03284772243922,0.0814630545168212,D,16,-69.12134876695801,-76.34240555235692,-61.56328324146829,-70.55181425802553,-63.05846994159684,-71.69734747151318,14672.5699,-1.6966999999999999,22.036999999999978,1160.3800000000006,12.64462495044726,-0.0014621934193970933,0.018991192540374676,12.662145159344346
TYLLGVLLGLLLLFL,Mutant,clash,,LLLTYLLGVLLGLLLGFLILI,0.9957918790436904,LLLTYLLGVLLGLLLLFLILI_2,110011001100110000,1,-58.9806,-57.92,-44.907,-232.626,-231.89,-253.178,-351.258,4655.76,3547.68,3488.81,14742.6,25266.0,14683.0,25204.5,-53.1728,-70.619,40.868,-41.8933,6.64433,2.61003,1.72305,23466.7,-69.5064,38.1576,-45.0,24893.3,6.5231,2.07724,1.1496,2,LLLTYLLGVLLGLLLLFLILI,0.1315060248085676,0.0820788451452324,D,17,-80.01846073896336,-84.6598941028652,-73.63388509378353,-79.7583664865065,-78.72732334331657,-83.66866994749725,14736.1728,-14.073600000000006,20.551999999999992,1108.0800000000004,13.298834741173918,-0.01270088802252545,0.018547397299833932,13.304635044401122
AVLLGFLLLLLLGTL,Mutant,clash,,LLLAVLLGFLLGLLLGTLILI,1.5750059887381245,LLLAVLLGFLLLLLLGTLILI_1,110011001100110000,1,-58.7258,-69.6048,-58.7258,-223.348,-224.836,-238.606,-351.441,4563.73,3992.44,3547.02,14879.2,3524840.0,14809.8,3524780.0,-54.1089,-80.5309,43.5541,-62.3985,7.64467,4.45944,3.61275,3507360.0,-73.2945,52.8302,-38.1653,3511860.0,6.8167,4.62625,3.9187,1,LLLAVLLGFLLLLLLGTLILI,0.1768248773935628,0.0786742905132808,D,16,-13.11732503636159,-18.60352132494573,-15.856023721771658,-21.169285204081305,3.2530529020608085,-3.2668489754233065,14863.908899999999,0.0,15.257999999999981,571.2899999999995,26.01814997636929,0.0,0.026707976684345946,26.04491589210386
AVLLGLLLGLLLLFL,Mutant,clash,,LLLAVLLGLLLGLLLGFLILI,1.2533061954081537,LLLAVLLGLLLGLLLLFLILI_0,110011001100110000,1,-53.1136,-51.3014,-44.9261,-216.382,-222.252,-239.446,-354.492,4562.53,3580.85,3627.37,14912.8,87846.0,14827.8,87765.1,-70.1204,-68.5824,34.0137,-41.7086,7.02609,1.37922,0.389427,86792.6,-77.4724,32.2036,-43.8153,87491.5,7.0393,2.46835,1.4514,0,LLLAVLLGLLLGLLLLFLILI,0.4109018321076917,0.1002755509463564,D,16,-17.82029398561594,-26.0892507643692,-23.55754007602697,-31.249212726477605,-25.736351338210657,-33.20879107788762,14897.920399999999,-8.1875,23.063999999999993,981.6799999999998,15.175943688370957,-0.008340294189552604,0.023494417732866105,15.191100969766117
YALLAFLLGLLLLTL,Mutant,clash,,LLLYALLAFLLGLLLGTLILI,0.8779058498767867,LLLYALLAFLLGLLLLTLILI_1,110011001100110000,1,-67.7666,-60.9022,-58.7014,-237.3,-239.715,-248.273,-350.273,4714.02,3572.17,3568.98,15123.3,524273.0,15078.1,524224.0,-43.2983,-65.8455,53.6769,-39.0677,6.85833,3.62321,2.92836,371853.0,-66.7471,49.0629,-35.0,523817.0,7.0844,3.13556,2.3715,1,LLLYALLAFLLGLLLLTLILI,0.3112977702095843,0.1057259224705123,D,17,-13.467092904457914,-29.194848087796792,-19.672825032493563,-34.2726597643057,-9.66497872779638,-26.08378570815405,15121.3983,-9.065199999999997,10.972999999999985,1141.8500000000004,13.242893812672413,-0.007939046284538244,0.009609843674738347,13.244559267854791
AFLLGTLLLVLLGLL,Mutant,clash,,LLLAFLLGTLLGVLLGLLILI,1.045673562174581,LLLAFLLGTLLLVLLGLLILI_0,110011001100110000,1,-56.3671,-69.2055,-58.6867,-232.212,-227.232,-234.985,-349.511,4596.86,3762.93,3456.86,15560.9,4920310.0,15499.9,4920260.0,-55.8396,-96.0513,38.9602,-43.4355,7.72663,6.16732,5.25172,4068080.0,-94.1397,39.8563,-36.5769,4919960.0,6.9528,6.00156,5.0994,0,LLLAFLLGTLLLVLLGLLILI,0.356262672305186,0.1175424474588015,D,16,-15.499741696797614,-25.579963562984982,-18.010423477885787,-27.791140586372272,-19.513841027873152,-29.11521214658746,15555.739599999999,2.319600000000001,2.7730000000000246,833.9299999999998,18.653531591380574,0.0027815284256472385,0.003325219143093575,18.659719640737237
FLLLGLLLLVLLGTL,Mutant,clash,,LLLFLLLGLLLGVLLGTLILI,0.4882689952581987,LLLFLLLGLLLLVLLGTLILI_0,110011001100110000,1,-58.7224,-63.17,-58.7224,-219.915,-218.841,-240.017,-360.658,4695.82,3795.25,3614.72,15783.4,6221890.0,15701.4,6221810.0,-61.9186,-69.6889,40.3636,-39.453,7.90054,2.40243,1.50788,5517180.0,-69.6978,38.4736,-44.8571,6221530.0,6.5368,2.1486,1.2257,0,LLLFLLLGLLLLVLLGTLILI,0.1881093067803073,0.0226994404863634,D,16,1.5888704256592965,-11.90196683630157,-11.972017343009009,-23.661990698832664,6.354072667738405,-7.769575724997499,15763.3186,0.0,20.102000000000004,900.5699999999997,17.503712759696644,0.0,0.022321418657072753,17.526011303951947
TALLAFLLGILLLLL,Mutant,clash,,LLLTALLAFLLGILLGLLILI,0.8704154110424166,LLLTALLAFLLGILLLLLILI_0,110011001100110000,1,-53.7222,-50.9274,-44.9899,-224.064,-223.344,-246.797,-359.724,4634.3,3469.81,3453.57,15808.7,93639.2,15726.8,93553.7,-67.9371,-79.3165,46.9637,-37.5764,7.13255,4.73757,3.94203,90953.2,-77.6262,50.1878,-35.0,93279.4,7.3742,4.91928,4.1721,0,LLLTALLAFLLGILLLLLILI,0.2733765972827268,0.0348244426463304,D,17,-46.56387087821653,-57.33803026342422,-42.96070470567968,-54.461359203320114,-50.08414758863955,-60.14852460410087,15794.737099999998,-8.732300000000002,22.733000000000004,1164.4900000000002,13.563651984989132,-0.007498819225583733,0.019521850767288684,13.575642555968706
TVLLGLLLGLLLLFL,Mutant,clash,,LLLTVLLGLLLGLLLGFLILI,0.4128974199576948,LLLTVLLGLLLGLLLLFLILI_0,110011001100110000,1,-44.9424,-47.1193,-44.9424,-230.304,-229.645,-245.161,-360.565,4615.89,3979.27,3568.36,17466.5,67273.9,17381.2,67190.1,-70.4616,-102.234,19.07,-44.1881,8.5911,4.40948,3.19553,64778.1,-94.6454,29.8466,-40.7669,66913.3,7.1745,4.7261,3.6738,0,LLLTVLLGLLLGLLLLFLILI,0.2719259524026942,0.0710663033298765,D,17,-25.8081709378472,-34.38344438282894,-30.753887048236468,-38.75752250337555,-39.11897927980287,-46.15575687222392,17451.6616,0.0,14.857,636.6200000000003,27.412996135842402,0.0,0.023337312682604992,27.436304231723778
AFLLGVLLLLLLGYL,Mutant,clash,,LLLAFLLGVLLGLLLGYLILI,1.2646174995028956,LLLAFLLGVLLLLLLGYLILI_1,110011001100110000,1,-44.9328,-44.9328,-44.9328,-227.264,-225.714,-242.813,-338.403,4674.22,3773.46,3463.32,18019.1,311944.0,17952.9,311876.0,-50.6572,-71.2611,41.7141,-42.3206,7.31337,2.82057,1.94628,104537.0,-69.605,42.1044,-35.8969,394415.0,6.5663,2.62484,1.75641,1,LLLAFLLGVLLLLLLGYLILI,0.24348351734101,0.1457460350767087,D,16,13.173055400932787,-1.8505521684285424,-5.50366948268998,-18.04796089028087,11.593039285607745,-3.2208227574371286,18003.557200000003,0.0,15.548999999999978,900.7600000000002,19.987074470447176,0.0,0.01726208979084326,20.0043296771615
TLLLGLLLGYLLLFL,Mutant,clash,,LLLTLLLGLLLGYLLAFLILI,0.6762717683361396,LLLTLLLGLLLGYLLLFLILI_0,110011001100110000,1,-44.9618,-49.5499,-44.9618,-235.507,-233.201,-250.714,-353.311,4652.73,3989.65,3576.82,18886.9,111477.0,18814.0,111406.0,-57.6345,-99.4724,32.924,-42.5663,8.97425,5.8656,4.85946,108501.0,-93.4365,38.3915,-39.9749,111123.0,7.3305,5.69833,4.7742,0,LLLTLLLGLLLGYLLLFLILI,0.5108786472303329,0.1098890616664601,D,17,-26.31921324835514,-39.55503033909932,-34.78440746544305,-46.49955998086632,-34.109860984771856,-45.94618720410064,18871.6345,0.0,15.206999999999994,663.0799999999995,28.46056961452617,0.0,0.02293388429752067,28.483591723472305
AVLLLILLGLLLTFL,Mutant,clash,,LLLAVLLGILLGLLLTFLILI,0.7544189391296521,LLLAVLLLILLGLLLTFLILI_0,110011001100110000,1,-55.2172,-57.4251,-58.7585,-220.793,-222.108,-243.746,-367.206,4558.95,3810.46,3603.27,20784.9,697732.0,20693.7,697644.0,-64.7022,-103.072,22.913,-42.5015,8.17749,5.05402,3.89772,394211.0,-106.47,21.0167,-38.4019,697364.0,7.4459,5.30775,4.123,0,LLLAVLLLILLGLLLTFLILI,0.273785199390731,0.1008447457277662,D,16,-16.129003374792912,-31.719832276746057,-25.832043828883585,-39.6191688327601,-22.92446341995625,-37.252080256508016,20758.4022,3.5412999999999997,22.953000000000003,748.4899999999998,27.733706796349992,0.004731258934655106,0.030665740357252613,27.76910847172308
TFLLGLLLLVLLAIL,Mutant,clash,,LLLTFLLGLLLGVLLAILILI,1.1591735723381058,LLLTFLLGLLLLVLLAILILI_0,110011001100110000,1,-44.9175,-47.9687,-44.9175,-234.425,-228.831,-248.052,-360.038,4657.01,3874.8,3549.23,21274.9,306494.0,21194.2,306411.0,-67.0683,-58.7993,68.3884,-53.0356,7.99584,4.55233,4.07815,301155.0,-66.0595,53.2865,-42.9639,306134.0,7.0854,3.6026,2.9019,0,LLLTFLLGLLLLVLLAILILI,0.2525491796715002,0.1096371691711641,D,17,-28.42794967171417,-41.22166174540919,-29.99335750134296,-42.507248374467125,-31.673264641448224,-43.88686722937627,21261.2683,0.0,13.626999999999981,782.21,27.18102338246762,0.0,0.017421152887332023,27.198450543971568
AVLLGFLLLTLLGLL,Mutant,clash,,LLLAVLLGFLLGTLLGLLILI,1.034029719224459,LLLAVLLGFLLLTLLGLLILI_0,110011001100110000,1,-44.9503,-51.9914,-58.7162,-220.97,-213.581,-238.584,-352.139,4597.54,3947.78,3428.83,21343.2,792272.0,21257.0,792185.0,-54.8388,-80.1068,45.8008,-61.3804,8.15305,4.69912,3.88613,705691.0,-77.6262,50.1878,-35.0,791920.0,7.3742,4.91928,4.1721,0,LLLAVLLGFLLLTLLGLLILI,0.3043484486355411,0.0729104257346496,D,16,-18.64598573430419,-27.465086263424897,-18.076278079004933,-26.95713719655724,-9.876374945764884,-19.646136359212736,21311.8388,13.765900000000002,17.614000000000004,649.7599999999998,32.79955491258312,0.02118613026348191,0.027108470819995092,32.84782073380942
AFLLGLLLGTLLLIL,Mutant,clash,,LLLAFLLGLLLGTLLGILILI,0.5487449919825367,LLLAFLLGLLLGTLLLILILI_2,110011001100110000,1,-58.7594,-62.9011,-58.7594,-217.537,-220.511,-240.466,-355.765,4600.62,3824.76,3485.33,22651.1,718251.0,22571.6,718179.0,-56.5395,-84.8055,30.3246,-42.211,8.6014,3.31464,2.26951,594043.0,-87.7841,38.6606,-35.7467,717895.0,7.5,4.88679,3.9667,2,LLLAFLLGLLLGTLLLILILI,1.0902129819776605,0.0373106888504874,D,16,-87.63072965534437,-88.24958074432944,-83.48463643142522,-84.3109220929568,-87.3685209242872,-88.00049066572585,22628.139499999997,0.0,22.929000000000002,775.8599999999997,29.165235351738726,0.0,0.029553012141365725,29.19482896398836
FLLLGTLLLILLAVL,Mutant,clash,,LLLFLLLGTLLGILLAVLILI,1.5517973808330527,LLLFLLLGTLLLILLAVLILI_1,110011001100110000,1,-48.9884,-65.7882,-58.7549,-227.786,-220.306,-241.016,-361.835,4669.96,3935.43,3598.4,25776.2,405236000.0,25691.2,405236000.0,-62.0632,-74.9051,52.4741,-49.4483,7.85045,4.81976,4.10687,1388600.0,-72.0387,50.2766,-42.8887,1159150.0,6.71,4.09315,3.3473,1,LLLFLLLGTLLLILLAVLILI,0.1703345851645104,0.0958273981396921,D,16,-18.193229319532783,-37.59859889923125,-24.46502097374103,-42.38265996629583,-22.10310988534816,-40.581017388729215,25753.2632,9.7665,13.22999999999999,734.5300000000002,35.06087321144132,0.013296257470763614,0.018011517569057747,35.092099710018644
TFLLLVLLGLLLGAL,Mutant,clash,,LLLTFLLGVLLGLLLGALILI,1.1788838383241005,LLLTFLLLVLLGLLLGALILI_0,110011001100110000,1,-52.3253,-52.8959,-44.8802,-221.543,-225.423,-241.412,-348.019,4620.74,3517.91,3461.34,27036.2,57683.3,26962.0,57613.6,-61.7269,-83.8745,32.01,-43.9509,7.4124,3.40252,2.38267,56295.3,-80.3909,36.9211,-40.9331,57335.3,7.1519,3.54298,2.5968,0,LLLTFLLLVLLGLLLGALILI,0.2049765513602993,0.0301774499196931,D,17,-20.5666105075709,-35.76682331346774,-30.1630532148701,-43.526910147467,-29.914893772492384,-43.32623799422596,27023.7269,-7.4450999999999965,19.869,1102.83,24.503982390758324,-0.006750904491172708,0.018016376050705912,24.515292474814796
LFLLGTLLLILLAVL,Mutant,clash,,LLLLFLLGTLLGILLAVLILI,1.3789162995493685,LLLLFLLGTLLLILLAVLILI_2,110011001100110000,1,-49.0027,-65.8931,-58.7574,-225.737,-219.743,-243.028,-360.301,4680.96,3964.95,3559.85,27971.3,423354.0,27885.7,423279.0,-58.5149,-71.0574,52.1415,-53.638,7.79855,4.19772,3.47984,415432.0,-67.5072,53.2475,-44.4028,1151730.0,6.6409,3.81449,3.1132,2,LLLLFLLGTLLLILLAVLILI,0.1219421566019098,0.0778734500257877,D,16,-41.64714073329027,-50.559085775823846,-43.040007280262,-51.73922666934542,-46.81933707016415,-54.94135801844327,27944.2149,9.7547,17.290999999999997,716.0100000000002,39.02768802111701,0.01362369240653063,0.024149104062792408,39.065515844750756
FYLLGVLLLILLALL,Mutant,clash,,LLLFYLLGVLLGILLALLILI,0.7655267482217896,LLLFYLLGVLLLILLALLILI_2,110011001100110000,1,-47.0574,-52.53,-44.9467,-233.367,-227.816,-246.515,-345.652,4788.56,3765.27,3583.99,28739.7,514029.0,28674.4,513964.0,-54.19,-65.3271,45.1452,-50.233,7.65719,2.39367,1.57085,427434.0,-62.6538,43.9976,-40.9419,845715.0,6.5,1.83774,0.997703,2,LLLFYLLGVLLLILLALLILI,0.0968936760126022,0.0919779103556712,D,16,-71.66579659610571,-76.03609434365603,-67.84540513841438,-72.80496413832145,-72.73539980753687,-76.94072081517123,28728.59,-2.1107000000000014,13.147999999999996,1023.2900000000004,28.074729548808243,-0.0020626606338379153,0.012848752553039695,28.085586686081157
GLLLLLLLGTLLGFL,Mutant,clash,,LLLGLLLGLLLGTLLGFLILI,1.100665365104829,LLLGLLLLLLLGTLLGFLILI_0,110011001100110000,1,-68.9408,-68.4526,-58.6416,-226.422,-217.359,-239.766,-357.2,4558.27,3575.97,3444.46,29081.0,2120650.0,29019.2,2120580.0,-58.7926,-92.4866,61.4276,-34.2038,6.33428,8.66571,8.08712,2102360.0,-81.7407,58.0906,-35.0,2120290.0,6.5862,6.60334,5.9747,0,LLLGLLLLLLLGTLLGFLILI,0.1022470225618646,0.0324597274272467,D,16,3.592058375622331,-7.298088957887034,-18.414338844059653,-26.99105683018515,-9.274783670602304,-18.81230023494304,29077.9926,-10.299199999999999,13.343999999999994,982.3000000000006,29.601947063015356,-0.010484780616919468,0.01358444467067086,29.60500865316093
ALLLLILLGFLLGTL,Mutant,clash,,LLLALLLGILLGFLLGTLILI,1.1605003971121448,LLLALLLLILLGFLLGTLILI_2,110011001100110000,1,-65.2839,-65.8549,-58.6933,-215.91,-216.974,-239.435,-355.644,4611.81,3674.25,3541.16,30031.8,255662.0,29957.3,255589.0,-57.5157,-78.9456,42.8063,-45.5291,7.05034,4.12068,3.26278,79322.4,-79.2928,46.8705,-41.4445,191159.0,6.9265,4.72144,3.9245,2,LLLALLLLILLGFLLGTLILI,0.2272604680584441,0.1081799910920904,D,16,-14.59728281384015,-31.241700791539262,-25.637910221398403,-40.13058381247722,-30.61960579598544,-44.14138026215307,30014.8157,-6.590600000000002,23.525000000000006,937.5600000000004,32.013754533043205,-0.007029523443832927,0.02509172746277571,32.031869960322524
ALLLLLLLGVLLGTL,Mutant,clash,,LLLALLLGLLLGVLLGTLILI,1.0250552560860804,LLLALLLLLLLGVLLGTLILI_1,110011001100110000,1,-71.008,-68.5765,-58.7166,-222.755,-207.161,-237.009,-371.766,4551.61,3438.66,3453.88,34332.7,19808700.0,34254.7,19808600.0,-76.0399,-84.9022,65.0739,-32.6509,6.35354,8.02031,7.49642,1879080.0,-78.1087,59.6093,-35.0,2085360.0,6.7754,6.26356,5.6577,1,LLLALLLLLLLGVLLGTLILI,0.2383964591310924,0.1338240537843719,D,16,-35.284478723895205,-41.06434688763873,-37.58921796784305,-43.16324541951085,-47.63089290619454,-52.30807897974508,34330.7399,-12.291399999999996,14.25399999999999,1112.9499999999998,30.846614762567956,-0.01104398220944337,0.012807403746799041,30.848375937822905
AFLLLILLGLLLGTL,Mutant,clash,,LLLAFLLGILLGLLLGTLILI,1.1693024728629526,LLLAFLLLILLGLLLGTLILI_1,110011001100110000,1,-64.7574,-64.8401,-58.7892,-223.294,-224.374,-240.452,-354.982,4615.1,3597.72,3483.99,35836.8,70011.5,35769.9,69945.7,-55.7405,-79.8401,35.1455,-41.9683,7.48519,3.22065,2.24783,45270.5,-80.3909,36.9211,-40.9331,72772.0,7.1519,3.54298,2.5968,1,LLLAFLLLILLGLLLGTLILI,0.2485667420732696,0.1345272998544535,D,16,-54.22987311010423,-63.23650336035704,-48.699048889754906,-58.79403287893575,-59.079965819416834,-67.13219644964435,35825.6405,-5.968200000000003,17.157999999999987,1017.3800000000006,35.21362765141833,-0.0058662446676757945,0.01686488824234797,35.22459651261081
AVLLLILLGLLLGFL,Mutant,clash,,LLLAVLLGILLGLLLGFLILI,1.0904752531323352,LLLAVLLLILLGLLLGFLILI_2,110011001100110000,1,-52.6357,-53.6293,-44.9348,-217.715,-219.245,-239.391,-351.231,4546.93,3633.29,3406.92,35922.0,127196.0,35841.2,127118.0,-66.9054,-77.2069,35.464,-41.0431,7.09762,2.86867,1.90063,77467.0,-78.3112,37.3108,-36.9447,126845.0,6.8995,3.28364,2.3433,2,LLLAVLLLILLGLLLGFLILI,0.3206836364663539,0.102131549107364,D,16,-25.47891841267224,-36.72091189130136,-24.75493075060021,-36.10614251219377,-25.86194362570264,-37.04615524106139,35908.1054,-7.700899999999997,21.675999999999988,913.6400000000003,39.3022474935423,-0.008428812223632934,0.023724880696992228,39.317455452913606
AYLLLTLLGLLLGFL,Mutant,clash,,LLLAYLLGTLLGLLLGFLILI,0.7017054979823341,LLLAYLLLTLLGLLLGFLILI_0,110011001100110000,1,-52.1393,-54.9053,-58.6855,-221.27,-222.407,-244.006,-347.762,4614.39,3637.81,3439.38,35957.5,963350.0,35883.1,963280.0,-45.0707,-80.4503,44.2005,-43.6346,6.74031,4.53461,3.69762,783343.0,-81.8261,48.1246,-38.4583,963003.0,6.5,5.27073,4.4926,0,LLLAYLLLTLLGLLLGFLILI,0.4386464650449364,0.1064523953155308,D,16,-92.98302913292478,-95.13231508469796,-91.00483137143496,-93.76003585117992,-94.60711416168024,-96.25894569859076,35928.170699999995,6.546199999999999,22.73599999999999,976.5800000000004,36.789787523807554,0.006703188678858871,0.023281246800057324,36.8198201888222
AFLLLTLLGVLLGLL,Mutant,clash,,LLLAFLLGTLLGVLLGLLILI,1.0715046295404396,LLLAFLLLTLLGVLLGLLILI_2,110011001100110000,1,-44.928,-53.9409,-58.6867,-227.694,-227.299,-238.952,-353.051,4611.06,3876.36,3475.73,36144.5,5481520.0,36064.1,5481450.0,-55.4127,-94.124,38.4419,-46.7573,8.34876,5.80826,4.88489,4735120.0,-94.1397,39.8563,-36.5769,5481160.0,6.9528,6.00156,5.0994,2,LLLAFLLLTLLGVLLGLLILI,0.3304316049393274,0.0916910990556282,D,16,-60.039166583794376,-65.30218295410498,-57.29720056504223,-62.9213458410797,-67.25043160840887,-71.56369286525873,36119.5127,13.758700000000005,11.25800000000001,734.7000000000003,49.16226037838572,0.018726963386416225,0.015323261195045604,49.19627058663398
AYLLLVLLGTLLGLL,Mutant,clash,,LLLAYLLGVLLGTLLGLLILI,0.6450139777571499,LLLAYLLLVLLGTLLGLLILI_0,110011001100110000,1,-66.0129,-68.3223,-58.7364,-218.133,-220.035,-241.583,-358.814,4570.36,3632.85,3532.28,36176.1,826199.0,36101.4,826129.0,-58.4953,-77.3953,44.2794,-41.2904,7.30564,4.08702,3.25121,713358.0,-78.2582,48.5511,-37.611,825841.0,7.3268,4.79313,4.0214,0,LLLAYLLLVLLGTLLGLLILI,0.5572004475908708,0.0739339630443754,D,16,-97.66915443599136,-97.98610007776544,-97.09722120217286,-97.4919376532376,-98.3741375792542,-98.59522044134368,36159.895300000004,-7.276499999999999,23.44999999999999,937.5099999999998,38.570143571801914,-0.007761517210483088,0.025013066527290368,38.587428400763734
AILLLVLLGLLLGFL,Mutant,clash,,LLLAILLGVLLGLLLGFLILI,0.9706386027887428,LLLAILLLVLLGLLLGFLILI_2,110011001100110000,1,-50.7848,-53.2056,-44.9261,-219.569,-221.715,-238.595,-350.364,4546.16,3662.39,3462.41,36415.0,411725.0,36335.0,411650.0,-66.8432,-82.5013,32.4899,-45.3828,7.9233,3.26133,2.24868,394135.0,-83.7055,31.7125,-44.5563,411375.0,7.4442,3.33701,2.3127,2,LLLAILLLVLLGLLLGFLILI,0.2319381773073909,0.0638941429531525,D,16,-8.77443511164818,-18.123819990673816,-23.1381012925484,-31.01540492369757,-25.15218567777645,-32.82307293738132,36401.8432,-5.858699999999999,19.02600000000001,883.77,41.189272321984234,-0.006629213483146067,0.021528225669574675,41.204159453251414
LYLLAVLLLTLLTFL,Mutant,clash,,LLLLYLLAVLLGTLLTFLILI,-0.0606170180914988,LLLLYLLAVLLLTLLTFLILI_2,110011001100110000,1,-59.8585,-63.4155,-72.4885,-231.148,-231.849,-248.667,-366.087,4711.31,3967.83,3660.44,37147.0,552825.0,37071.9,552754.0,-44.9312,-65.3404,36.5567,-48.1436,7.14129,1.23622,0.284575,524746.0,-63.2409,39.6737,-45.0,552459.0,6.506,1.34209,0.437196,2,LLLLYLLAVLLLTLLTFLILI,0.326047789502102,0.0068493714294478,D,16,-90.76077702991957,-91.8474719011666,-88.00704331927102,-89.41762563319938,-91.72865805031022,-92.70151311660376,37116.8312,12.630000000000003,17.519000000000005,743.4800000000005,49.92310647226553,0.016987679560983477,0.023563512132135356,49.9636842954753
LYLLATLLLILLAFL,Mutant,clash,,LLLLYLLATLLGILLAFLILI,0.0476094648740959,LLLLYLLATLLLILLAFLILI_2,110011001100110000,1,-53.5989,-65.7711,-58.733,-229.806,-228.888,-246.913,-355.012,4705.46,3998.36,3565.42,37711.0,588980.0,37639.4,588920.0,-49.366,-65.4069,46.112,-48.268,7.54819,2.53616,1.72784,580514.0,-64.8623,49.1543,-41.4031,588625.0,6.6483,2.86518,2.1025,2,LLLLYLLATLLLILLAFLILI,0.1533588416308791,0.0670870836827444,D,16,-67.88191581035319,-74.75067280163998,-66.73211124628571,-73.84676485118798,-70.80341958712786,-77.04738528098538,37688.766,5.1340999999999966,17.107,707.0999999999999,53.30047518031397,0.007260783481827178,0.0241931834252581,53.33191910620847
AFLLGVLLGTLLLLL,Mutant,clash,,LLLAFLLGVLLGTLLGLLILI,1.1354942076989742,LLLAFLLGVLLGTLLLLLILI_1,110011001100110000,1,-58.6941,-64.7665,-58.6941,-220.752,-228.264,-239.044,-352.78,4605.91,3636.43,3451.64,37859.9,417726.0,37786.6,417666.0,-55.0418,-90.3368,35.148,-40.3671,8.05108,4.7955,3.82272,301915.0,-97.484,35.8407,-36.8474,662214.0,6.7321,5.96109,4.9987,1,LLLAFLLGVLLGTLLLLLILI,1.1970039751144463,0.0788430783333569,D,16,-89.9526932131597,-91.78933574627098,-84.12758178828089,-87.02905170548854,-85.9622782863681,-88.52836662369299,37841.6418,0.0,18.292,969.48,39.032926723604405,0.0,0.018867846680694807,39.05175970623427
YLLLAVLLLTLLGFL,Mutant,clash,,LLLYLLLAVLLGTLLGFLILI,0.054073160603748,LLLYLLLAVLLLTLLGFLILI_2,110011001100110000,1,-44.9584,-45.6913,-58.7302,-237.173,-234.519,-249.914,-353.92,4710.7,4134.78,3733.01,38618.2,182952.0,38546.4,182878.0,-45.2758,-63.8959,48.2358,-50.2602,7.10786,2.59621,1.81974,142600.0,-63.4679,45.7061,-41.9956,142402.0,6.5,2.19051,1.3761,2,LLLYLLLAVLLLTLLGFLILI,0.141636966901794,0.058129459928118,D,17,15.431623018722156,-5.885547417533143,-9.314604639665548,-26.061800758201464,-7.188395229126189,-24.32824603969816,38591.675800000005,13.771800000000006,12.740999999999985,575.9200000000001,67.00874392276705,0.023912696207806648,0.02212286428670646,67.05479927767745
YALLFILLLVLLALL,Mutant,clash,,LLLYALLFILLGVLLALLILI,0.2490761581195872,LLLYALLFILLLVLLALLILI_2,110011001100110000,1,-45.0245,-46.4486,-45.0245,-239.369,-237.445,-252.644,-354.356,4756.95,4023.36,3789.95,39026.9,124191.0,38957.0,124121.0,-56.6883,-62.3003,46.872,-47.3847,6.97108,2.17277,1.37585,70123.6,-60.4345,49.6195,-40.8976,123837.0,6.6471,2.26381,1.5081,2,LLLYALLFILLLVLLALLILI,0.2150001325773773,0.1265696374465582,D,17,-20.3118313739882,-35.49540516053232,-34.00607459627763,-46.58038334383776,-28.27208049353397,-41.9389293766218,39013.6883,0.0,13.275000000000006,733.5899999999997,53.181870390817785,0.0,0.018095939148570744,53.19988004198533
AFLLLTLLGLLLAVL,Mutant,clash,,LLLAFLLGTLLGLLLAVLILI,0.954544439348131,LLLAFLLLTLLGLLLAVLILI_2,110011001100110000,1,-51.582,-51.1204,-58.7424,-216.988,-218.603,-240.128,-356.827,4630.65,3598.13,3532.43,40322.4,2168150.0,40234.2,2168070.0,-57.9561,-74.347,46.0329,-44.7915,6.76427,3.86649,3.05698,2163490.0,-73.1449,51.1091,-38.7208,4230380.0,6.6288,4.37146,3.6381,2,LLLAFLLLTLLGLLLAVLILI,0.4623796750925993,0.0752839027663272,D,16,-43.475754012523886,-52.0105021511992,-43.6240410368988,-52.13639891838157,-48.67832400268171,-56.42752208643606,40292.1561,7.160400000000003,23.139999999999986,1032.5199999999995,39.02312410413359,0.006934877774764659,0.022411188161004143,39.05241544957969
AFLLLVLLGLLLGTL,Mutant,clash,,LLLAFLLGVLLGLLLGTLILI,0.8870231114885252,LLLAFLLLVLLGLLLGTLILI_0,110011001100110000,1,-64.3904,-68.5786,-58.7167,-227.883,-225.218,-238.907,-352.546,4621.21,3639.7,3359.33,40365.1,3989950.0,40304.8,3989890.0,-54.9229,-84.4277,48.0416,-49.0977,7.3118,5.64977,4.8704,3088350.0,-83.578,48.738,-35.1079,3989600.0,6.9512,5.61633,4.8474,0,LLLAFLLLVLLGLLLGTLILI,0.3293502739786278,0.1043654761960779,D,16,-54.60225822705087,-57.50884333408739,-48.89142547218742,-52.163645978382775,-61.46375397069082,-63.93103261530011,40359.7229,-5.673699999999997,11.024000000000001,981.5100000000002,41.12003229717475,-0.005780582979287012,0.01123167364570916,41.12551069270816
ALLLLILLGVLLGTL,Mutant,clash,,LLLALLLGILLGVLLGTLILI,0.8621348365428064,LLLALLLLILLGVLLGTLILI_2,110011001100110000,1,-64.1903,-66.9717,-58.7478,-214.257,-216.238,-236.996,-368.939,4489.85,3676.89,3579.97,40384.9,1836860.0,40294.4,1836770.0,-73.1949,-82.1965,40.087,-50.0384,7.13585,4.24122,3.34253,1242440.0,-86.55,35.742,-43.5248,1836490.0,6.8226,4.30767,3.3438,2,LLLALLLLILLGVLLGTLILI,0.2921790400464842,0.1191892478731898,D,16,-7.441265402833026,-20.13995979661737,-18.082837094044653,-29.32154970043344,-18.01584167485727,-29.26374578929493,40367.594900000004,-5.4424999999999955,22.739000000000004,812.9600000000005,49.6550813078134,-0.0066946713245424035,0.027970625861050962,49.676367840976155
ALLLLILLGTLLGFL,Mutant,clash,,LLLALLLGILLGTLLGFLILI,1.0603921374786502,LLLALLLLILLGTLLGFLILI_2,110011001100110000,1,-64.6017,-67.2956,-58.7518,-218.506,-218.958,-239.401,-358.318,4538.73,3759.13,3508.58,40416.7,1357620.0,40341.5,1357540.0,-60.1659,-82.8301,44.6633,-47.9486,6.92273,4.95405,4.124,327038.0,-87.213,39.461,-38.899,1357260.0,6.5512,4.90918,4.00109,2,LLLALLLLILLGTLLGFLILI,0.1865789954910806,0.0848272964095747,D,16,-24.315726385047167,-32.467450525363475,-26.398756064700013,-34.326123380096405,-39.52023394002695,-46.03432657041934,40401.6659,-5.849899999999991,20.89500000000001,779.5999999999995,51.82358376090306,-0.007503719856336576,0.02680220625962035,51.84286813750644
TFLLLVLLGILLGLL,Mutant,clash,,LLLTFLLGVLLGILLGLLILI,0.9481428389755642,LLLTFLLLVLLGILLGLLILI_0,110011001100110000,1,-50.4114,-48.31,-44.9604,-225.816,-224.518,-245.204,-355.475,4630.45,3681.53,3521.56,40420.9,136197.0,40341.7,136114.0,-65.3103,-85.7973,42.6232,-47.6412,7.21465,5.12373,4.26307,136064.0,-91.396,35.576,-35.8075,135841.0,7.4513,5.01216,4.0458,0,LLLTFLLLVLLGILLGLLILI,0.2700391520386189,0.0825544381370763,D,17,-63.43559001061831,-71.4301391711804,-62.6390441995264,-70.80775245761703,-73.92973756006369,-79.62981571708444,40407.010299999994,-5.4510000000000005,19.388000000000005,948.9199999999996,42.58210418159593,-0.005744425241326985,0.02043164861105258,42.59674155882479
TLLLLVLLGLLLGFL,Mutant,clash,,LLLTLLLGVLLGLLLGFLILI,1.109772202443326,LLLTLLLLVLLGLLLGFLILI_0,110011001100110000,1,-50.8556,-52.9519,-44.9091,-227.496,-226.461,-243.705,-359.745,4601.09,3711.96,3457.59,40683.3,264431.0,40601.9,264350.0,-71.1312,-85.1492,38.9915,-45.9589,7.78302,4.53624,3.62111,239307.0,-87.8363,33.3963,-37.1588,264071.0,7.4752,4.18395,3.1849,0,LLLTLLLLVLLGLLLGFLILI,0.2009569926053635,0.0266997818953001,D,17,-18.913413231862943,-31.729878462752424,-30.45780155115916,-41.44957224990332,-29.676648954662927,-40.79188785563443,40673.031200000005,-5.9465,16.209000000000003,889.1300000000001,45.74475183606447,-0.006687998380439306,0.018230180063657734,45.75630110332572
AYLLLVLLGLLLAFL,Mutant,clash,,LLLAYLLGVLLGLLLAFLILI,0.7213951327259595,LLLAYLLLVLLGLLLAFLILI_2,110011001100110000,1,-48.5499,-52.5647,-44.9549,-221.41,-219.935,-244.602,-344.815,4629.68,3776.38,3605.48,41372.5,227485.0,41297.7,227413.0,-55.2574,-89.6722,47.7694,-45.7913,7.17614,6.3997,5.61624,226237.0,-91.43,48.2927,-36.5962,227140.0,7.0472,6.73401,5.9584,2,LLLAYLLLVLLGLLLAFLILI,0.5076627074556433,0.0839726846712145,D,16,-89.43309735221199,-91.76484701862168,-87.64429086345227,-90.37076820669073,-92.5905214292982,-94.22553688854636,41352.9574,-3.594999999999999,23.192000000000007,853.3000000000002,48.46239001523496,-0.0042130551974686485,0.027179186686979964,48.485292394234136
AFLLLTLLGLLLGVL,Mutant,clash,,LLLAFLLGTLLGLLLGVLILI,1.1078522463961455,LLLAFLLLTLLGLLLGVLILI_2,110011001100110000,1,-47.3168,-54.1714,-58.7586,-225.416,-226.419,-238.942,-352.489,4622.64,3764.3,3407.41,41529.4,5683660.0,41449.7,5683590.0,-54.7881,-90.3512,39.9154,-51.4156,7.64957,5.44126,4.53999,3076200.0,-94.1397,39.8563,-36.5769,5683310.0,6.9528,6.00156,5.0994,2,LLLAFLLLTLLGLLLGVLILI,0.3663348785507064,0.1145313188414155,D,16,-39.84813814552763,-47.48358447938856,-36.89131258966739,-44.90208700406189,-46.44192407539412,-53.24038054639316,41504.488099999995,11.4418,13.52600000000001,858.3400000000001,48.35436784957009,0.01333014889204744,0.015758324207190633,48.38339119696157
AFLLGTLLGLLLLVL,Mutant,clash,,LLLAFLLGTLLGLLLGVLILI,0.3627112826271628,LLLAFLLGTLLGLLLLVLILI_1,110011001100110000,1,-59.6395,-55.5117,-58.7586,-225.748,-225.627,-239.02,-352.901,4596.2,3602.82,3387.13,44026.0,1268150.0,43958.5,1268080.0,-55.1222,-90.5308,38.017,-41.1638,8.20162,5.21192,4.28217,1195990.0,-94.1397,39.8563,-36.5769,1267970.0,6.9528,6.00156,5.0994,1,LLLAFLLGTLLGLLLLVLILI,1.111475842319689,0.0608315114390791,D,16,-66.4690223076235,-70.86299715800388,-57.30041943624239,-62.89586866054577,-59.681275712381165,-64.9647321670224,44013.6222,-0.8808999999999969,13.27200000000002,993.3799999999997,44.30693410376695,-0.0008867704201815994,0.013360446153536435,44.31939439086756
ALLLLVLLGTLLGFL,Mutant,clash,,LLLALLLGVLLGTLLGFLILI,0.8222390482793505,LLLALLLLVLLGTLLGFLILI_2,110011001100110000,1,-60.384,-66.7094,-58.7067,-227.068,-235.416,-237.973,-354.475,4540.51,3955.53,3514.27,45335.7,1606830.0,45268.7,1606780.0,-57.7954,-94.8548,40.5691,-52.1194,7.47185,6.20505,5.31358,1132770.0,-97.484,35.8407,-36.8474,4821710.0,6.7321,5.96109,4.9987,2,LLLALLLLVLLGTLLGFLILI,0.2267471922471409,0.100957769634379,D,16,-23.961358501143025,-31.493648780247213,-32.524637911543095,-39.20866071783639,-42.18405631864773,-47.91122952932156,45326.4954,-1.6773000000000025,10.905000000000001,584.98,77.48383773804233,-0.0028672775137611583,0.018641662962836338,77.49957263496186
AYLLLLLLGFLLGTL,Mutant,clash,,LLLAYLLGLLLGFLLGTLILI,0.7438506367590574,LLLAYLLLLLLGFLLGTLILI_0,110011001100110000,1,-64.7407,-64.4484,-58.7779,-219.782,-220.055,-243.938,-347.395,4629.34,3564.85,3457.14,45826.7,238683.0,45763.8,238620.0,-44.6794,-88.5823,44.2139,-36.7621,7.94596,5.75622,4.91943,214604.0,-85.1121,47.6719,-35.0,238335.0,7.4675,5.70252,4.9176,0,LLLAYLLLLLLGFLLGTLILI,0.4793884219378492,0.0846700822961444,D,16,-72.09737159527825,-77.57123909653865,-70.40151919520548,-76.20807475742726,-77.50441116355863,-81.9175392340552,45808.479400000004,-5.962800000000001,24.155999999999977,1064.4900000000002,43.033264192242285,-0.005601555674548376,0.022692556999126316,43.0503809335926
ALLLGVLLGTLLLFL,Mutant,clash,,LLLALLLGVLLGTLLGFLILI,0.4662525853285212,LLLALLLGVLLGTLLLFLILI_2,110011001100110000,1,-59.8591,-70.1212,-58.7067,-223.722,-226.726,-238.025,-354.534,4552.38,3728.4,3456.36,47949.2,525359.0,47878.2,525302.0,-57.8025,-91.5242,38.5205,-38.1805,7.85434,5.4289,4.5067,510433.0,-97.484,35.8407,-36.8474,525005.0,6.7321,5.96109,4.9987,2,LLLALLLGVLLGTLLLFLILI,0.5827336551979702,0.0665955750726232,D,16,5.742343017994167,0.5235069634001862,-8.434146910819477,-12.953312666302615,8.085578762786819,2.7510940206348526,47936.002499999995,-1.1524,14.302999999999997,823.98,58.176172358552385,-0.0013985776353794997,0.017358431029879363,58.19218913080414
AVLLGILLLLLLTFL,Mutant,clash,,LLLAVLLGILLGLLLTFLILI,0.8980159654267341,LLLAVLLGILLLLLLTFLILI_2,110011001100110000,1,-56.876,-57.4251,-58.7585,-221.401,-222.524,-243.834,-367.237,4570.14,3624.28,3553.87,48229.9,38824300.0,48140.9,38824200.0,-64.6436,-96.8738,35.3074,-28.636,8.56257,5.79757,4.82718,38636900.0,-106.47,21.0167,-38.4019,38824000.0,7.4459,5.30775,4.123,2,LLLAVLLGILLLLLLTFLILI,0.130188173093649,0.0226419561949195,D,16,-13.258553412298332,-21.41539421258548,-26.01013550224755,-32.96786527601585,-13.39607384378317,-21.53998273769181,48205.543600000005,1.8825000000000003,22.432999999999993,945.8600000000001,50.96477660541729,0.0019902522572050833,0.02371704057682954,50.990527139322936
AFLLGTLLGVLLLLL,Mutant,clash,,LLLAFLLGTLLGVLLGLLILI,0.2286092452261139,LLLAFLLGTLLGVLLLLLILI_2,110011001100110000,1,-60.0284,-71.5771,-58.6867,-228.678,-227.144,-239.037,-353.237,4592.13,3637.79,3438.68,50357.0,981456.0,50292.5,981402.0,-55.5137,-90.9956,39.9703,-39.9848,8.06631,5.54533,4.64489,816628.0,-94.1397,39.8563,-36.5769,981103.0,6.9528,6.00156,5.0994,2,LLLAFLLGTLLGVLLLLLILI,1.173326989253653,0.0017878518318957,D,16,-91.22278679125496,-92.56088194775776,-84.96085780342847,-87.25359045701597,-86.29274776886916,-88.38243243109932,50348.0137,-1.341699999999996,10.359000000000009,954.3400000000001,52.756893455162725,-0.0014058930779386756,0.01085462204245867,52.76630970094515
AYLLLLLLGFLLATL,Mutant,clash,,LLLAYLLGLLLGFLLATLILI,1.6322260897367384,LLLAYLLLLLLGFLLATLILI_0,110011001100110000,1,-59.832,-63.3484,-58.7236,-222.273,-221.691,-245.097,-351.683,4632.67,3696.49,3600.99,50764.5,623807.0,50694.9,623740.0,-47.8625,-89.8374,42.8343,-37.9305,7.6835,5.75825,4.90076,355082.0,-87.2227,45.9146,-36.9014,623455.0,7.4937,5.78188,4.9706,0,LLLAYLLLLLLGFLLATLILI,0.6292334815791774,0.1392157393363685,D,16,-86.6047253963765,-89.30630157592473,-84.01418522421456,-87.23822487154287,-89.7163251630219,-91.7903499068136,50742.762500000004,-1.1084000000000032,22.824000000000012,936.1800000000003,54.20192965028092,-0.00118396034950544,0.02437992693712748,54.22514900980579
AYLLLLLLGTLLGFL,Mutant,clash,,LLLAYLLGLLLGTLLGFLILI,0.6271643389926578,LLLAYLLLLLLGTLLGFLILI_0,110011001100110000,1,-63.3851,-61.022,-58.7122,-218.794,-220.727,-243.913,-347.414,4636.24,3621.56,3478.86,56313.0,287596.0,56247.8,287531.0,-44.7889,-84.3947,41.8426,-35.7241,7.81304,4.80795,3.93559,188466.0,-82.6456,43.881,-35.0,287249.0,7.5,4.82078,3.979,0,LLLAYLLLLLLGTLLGFLILI,0.310684893494791,0.0341518936847842,D,16,-96.19167054978992,-95.75731844613688,-95.14089832125576,-94.58670229813852,-97.07201640419908,-96.7380705492186,56292.5889,-4.6728999999999985,25.119,1014.6799999999998,55.47816937359563,-0.004605294279970039,0.02475558796862065,55.498285173650814
AYLLLTLLGFLLGLL,Mutant,clash,,LLLAYLLGTLLGFLLGLLILI,0.7037124302742475,LLLAYLLLTLLGFLLGLLILI_2,110011001100110000,1,-49.6427,-51.8493,-58.7318,-220.319,-222.455,-243.823,-347.104,4629.63,3617.25,3529.13,56442.4,238073.0,56365.3,238001.0,-44.5494,-89.3278,41.8597,-36.5237,8.04071,5.55022,4.67812,200399.0,-87.9639,43.7708,-37.0981,237726.0,7.4797,5.60364,4.7602,2,LLLAYLLLTLLGFLLGLLILI,0.548962300005182,0.0260835277224359,D,16,-92.37487604735362,-93.97090642848508,-89.70537231798026,-91.86016201647928,-93.97140815097111,-95.2332651130671,56409.84940000001,9.089100000000002,23.50400000000002,1012.3800000000001,55.72003536221577,0.008977952942570972,0.023216578755012957,55.752187913629264
AFLLLLLLGTLLGIL,Mutant,clash,,LLLAFLLGLLLGTLLGILILI,1.40541131257809,LLLAFLLLLLLGTLLGILILI_2,110011001100110000,1,-60.8197,-60.9847,-58.7594,-220.417,-220.133,-240.342,-356.053,4571.09,3545.53,3530.17,57228.4,63532.0,57153.6,63457.0,-56.9512,-88.3482,37.8541,-34.7537,7.62877,4.86254,3.93035,61069.6,-87.7841,38.6606,-35.7467,63175.9,7.5,4.88679,3.9667,2,LLLAFLLLLLLGTLLGILILI,0.2335466613821072,0.0234547619244832,D,16,-51.174496847191854,-61.13998313017839,-48.84306528887655,-59.284406354995554,-59.69505193350949,-67.92145783118214,57210.5512,-2.060299999999998,19.92500000000001,1025.56,55.784694410858464,-0.0020089512071453626,0.019428409844377718,55.8020983657709
AYLLGTLLGFLLLLL,Mutant,clash,,LLLAYLLGTLLGFLLGLLILI,0.5822985465599968,LLLAYLLGTLLGFLLLLLILI_0,110011001100110000,1,-59.5576,-71.238,-58.7318,-219.189,-222.289,-245.588,-349.275,4628.45,3560.0,3458.45,57649.6,992690.0,57579.1,992634.0,-44.9554,-75.9955,56.0598,-28.2843,9.37616,5.46739,4.80829,924814.0,-87.9639,43.7708,-37.0981,992341.0,7.4797,5.60364,4.7602,0,LLLAYLLGTLLGFLLLLLILI,0.6703761837194326,0.0535395290748106,D,16,-75.69764059744318,-79.50493746384333,-67.27405674473984,-72.40102319033659,-70.24232348086575,-74.9042703596009,57624.0554,-0.825800000000001,26.399,1068.4499999999998,53.932383733445654,-0.0007728953156441585,0.024707754223407746,53.95629182460574
AFLLLLLLGVLLGTL,Mutant,clash,,LLLAFLLGLLLGVLLGTLILI,1.211656509489669,LLLAFLLLLLLGVLLGTLILI_0,110011001100110000,1,-61.0391,-68.7932,-58.7316,-225.587,-223.564,-238.961,-352.172,4579.84,3542.64,3344.27,58926.0,2640170.0,58860.5,2640110.0,-54.4797,-85.9084,45.9972,-37.0506,7.66726,5.59588,4.78584,2496180.0,-83.578,48.738,-35.1079,2639820.0,6.9512,5.61633,4.8474,0,LLLAFLLLLLLGVLLGTLILI,0.1577035205232436,0.1192190432494928,D,16,-39.07454523189759,-49.03555647458951,-42.849192424576536,-52.19306747572777,-47.68165056465531,-56.23544255370416,58914.9797,-2.3074999999999974,13.374000000000024,1037.2000000000003,56.80194726185884,-0.0022247396837639767,0.012894330890860027,56.81257231006555
ATLLLILLGLLLGFL,Mutant,clash,,LLLATLLGILLGLLLGFLILI,0.7825962931299457,LLLATLLLILLGLLLGFLILI_0,110011001100110000,1,-47.3161,-53.7956,-44.9292,-217.62,-217.186,-240.437,-351.875,4537.27,3590.63,3435.25,60236.0,658785.0,60149.1,658704.0,-66.5086,-84.1768,42.6228,-33.6664,7.20887,4.8806,4.01994,560815.0,-81.6776,47.767,-35.1198,658433.0,6.6099,5.20019,4.4167,0,LLLATLLLILLGLLLGFLILI,0.334073733520948,0.0534575022629789,D,16,-28.37910079045088,-39.97907332551566,-31.106038389127093,-42.26434652736645,-32.85469636450935,-43.7297857117041,60215.6086,-2.386899999999997,22.817000000000007,946.6400000000003,63.60982907969236,-0.002521444266035659,0.024103143750528182,63.631369897743575
ALLLLFLLGVLLGTL,Mutant,clash,,LLLALLLGFLLGVLLGTLILI,0.7825235325681552,LLLALLLLFLLGVLLGTLILI_2,110011001100110000,1,-61.3916,-69.1388,-58.7392,-212.945,-220.213,-237.967,-354.897,4518.77,3435.4,3342.55,61024.6,1686400.0,60944.0,1686340.0,-58.1904,-82.5827,41.9717,-36.2153,7.55516,4.55359,3.68316,1555370.0,-83.578,48.738,-35.1079,1686050.0,6.9512,5.61633,4.8474,2,LLLALLLLFLLGVLLGTLILI,0.3270731259670094,0.0706178659150574,D,16,-37.404614988818025,-49.862469877316535,-35.9697130468665,-48.71314490192354,-41.82856283063149,-53.40595504224491,61002.1904,-2.6524,25.02200000000002,1083.3700000000003,56.30780841263832,-0.0024482863656922374,0.023096449043263162,56.32849349714316
ALLLGFLLGTLLLVL,Mutant,clash,,LLLALLLGFLLGTLLGVLILI,0.7017735742608123,LLLALLLGFLLGTLLLVLILI_2,110011001100110000,1,-50.7069,-74.3321,-58.6723,-214.563,-213.232,-237.978,-354.369,4523.45,3391.37,3338.01,81687.2,2858810.0,81598.1,2858750.0,-57.7186,-81.4232,58.9515,-32.2867,8.24571,6.67194,6.05621,2500700.0,-85.1121,47.6719,-35.0,2858460.0,7.4675,5.70252,4.9176,2,LLLALLLGFLLGTLLLVLILI,0.5830581185161833,0.0108624478527387,D,16,-25.35988738484288,-33.9084023379052,-25.060487896260973,-33.64329300397885,-22.120064329114168,-31.039635472565312,81655.8186,7.9654000000000025,23.41500000000002,1132.08,72.12901791392835,0.00703607518903258,0.02068316726733095,72.15673803971451
AFLLGLLLGVLLLTL,Mutant,clash,,LLLAFLLGLLLGVLLGTLILI,0.0241506256676984,LLLAFLLGLLLGVLLLTLILI_0,110011001100110000,1,-61.497,-73.3565,-58.7316,-224.615,-223.655,-239.04,-352.222,4582.28,3440.05,3322.46,82263.5,5065660.0,82197.4,5065610.0,-54.4499,-75.9957,64.5198,-31.805,7.85825,6.60953,6.07733,4631710.0,-83.578,48.738,-35.1079,5065310.0,6.9512,5.61633,4.8474,0,LLLAFLLGLLLGVLLLTLILI,1.345209404345214,0.0973285157375774,D,16,-91.0238767835082,-92.41302454905404,-84.4852077198995,-86.88628204887168,-88.04834093334884,-89.89798360051948,82251.8499,-2.7653999999999996,14.424999999999983,1142.2299999999996,72.00988408639243,-0.0024210535531372845,0.012628805056774895,72.02008352083209
AYLLGLLLGFLLLTL,Mutant,clash,,LLLAYLLGLLLGFLLGTLILI,0.6083443410618509,LLLAYLLGLLLGFLLLTLILI_2,110011001100110000,1,-60.5811,-70.3421,-58.7779,-204.816,-220.761,-244.73,-348.505,4624.3,3419.01,3402.59,95704.0,477206.0,95620.8,477148.0,-44.9977,-72.8077,53.5053,-27.8425,8.14437,4.64437,3.94695,458188.0,-85.1121,47.6719,-35.0,476857.0,7.4675,5.70252,4.9176,2,LLLAYLLGLLLGFLLLTLILI,0.6148947176350558,0.0265516434345989,D,16,-83.5598975390535,-85.40447646105984,-79.42325186914006,-81.73196229085313,-85.86179144819452,-87.44809795398068,95665.79770000001,-1.8031999999999968,39.91399999999999,1205.29,79.37160160625245,-0.0014960714848708584,0.03311568170315857,79.4032971318106
TLLLGILLLVLLAFL,Mutant,clash,,LLLTLLLGILLGVLLAFLILI,1.205107023995266,LLLTLLLGILLLVLLAFLILI_2,110011001100110000,1,-53.847,-51.0127,-44.9405,-231.633,-231.247,-247.344,-357.816,4635.55,3547.89,3590.81,98511.1,900405.0,98438.8,900330.0,-65.5316,-68.3467,57.566,-39.934,5.972,4.52341,3.8869,859574.0,-68.9044,49.4176,-45.0,939354.0,6.5,3.50704,2.7483,2,LLLTLLLGILLLVLLAFLILI,0.2869689428279367,0.0997441695896419,D,17,26.839421387703275,10.5077493836389,-3.5423881386419267,-15.962139521769666,-5.155165700048588,-17.367258030018885,98504.3316,-8.906500000000001,15.710999999999984,1087.6600000000003,90.56537116378279,-0.008188680286118823,0.014444771343986154,90.57159406432154
ALLLGILLGTLLLFL,Mutant,clash,,LLLALLLGILLGTLLGFLILI,0.7508643315539842,LLLALLLGILLGTLLLFLILI_2,110011001100110000,1,-53.5844,-71.3574,-58.7518,-205.798,-218.62,-239.451,-358.323,4550.77,3517.56,3450.74,99511.7,299781.0,99412.8,299713.0,-60.1204,-74.4766,51.1113,-30.5122,7.59441,4.57151,3.83818,298925.0,-87.213,39.461,-38.899,299423.0,6.5512,4.90918,4.00109,2,LLLALLLGILLGTLLLFLILI,0.4961068014157466,0.0677614851901943,D,16,-8.754673085716332,-16.737191213842358,-21.574075086017444,-28.435098970879164,-4.6018677383890125,-12.947690433320528,99472.9204,5.167400000000001,33.65299999999999,1033.2100000000005,96.27560747573094,0.0050013066075628365,0.03257130689792005,96.31314060065229
AVLLGILLILLLTFL,Mutant,clash,,LLLAVLLGILLGLLLTFLILI,0.8011643098331059,LLLAVLLGILLILLLTFLILI_0,110011001100110000,1,-52.8195,-57.4389,-58.7585,-193.583,-222.47,-243.847,-364.388,4536.29,3517.03,3562.51,204302.0,8761320.0,204184.0,8761240.0,-61.7824,-104.743,11.1664,-23.2529,7.80516,3.71895,2.38645,7124800.0,-106.47,21.0167,-38.4019,8760960.0,7.4459,5.30775,4.123,0,LLLAVLLGILLILLLTFLILI,0.2270398286872771,0.1063947691899363,D,14,-17.93019936735692,-32.96418132309097,-21.19331899334924,-35.62954536544102,-6.942239238467163,-23.98905408808725,204245.7824,5.939,50.26400000000001,1019.2599999999998,200.38634146341468,0.005826776288680024,0.049314208347232324,200.44149677216808
GLLLGFLLLVLLGTL,Mutant,clash,,LLLGLLLGFLLGVLLGTLILI,0.8934763980855007,LLLGLLLGFLLLVLLGTLILI_2,110011001100110000,1,-60.9581,-60.9769,-58.7181,-210.393,-209.763,-237.541,-351.408,4516.75,3451.6,3393.86,207542.0,55909100.0,207462.0,55909000.0,-55.1483,-76.6885,56.1071,-30.8822,7.50631,5.57773,4.91934,3559440.0,-81.7407,58.0906,-35.0,2062820.0,6.5862,6.60334,5.9747,2,LLLGLLLGFLLLVLLGTLILI,0.2665065999237124,0.1201380538980485,D,16,61.84422932911878,44.33106011547082,13.567623746691856,1.2784675616843129,29.91579005227799,15.8575982703301,207517.1483,-2.240000000000002,27.147999999999996,1065.15,194.82434239309015,-0.0021029901891752353,0.025487490024879118,194.84767403652066
ALLLGFLLGTLLIVL,Mutant,clash,15.0,LLLALLLGFLLGTLLGVLILI,0.2459620050995279,LLLALLLGFLLGTLLIVLILI_2,110011001100110000,1,-56.0986,-59.9346,-58.6797,-208.902,-214.712,-237.952,-351.754,4493.06,3350.08,3366.04,406881.0,3953370.0,406794.0,3953290.0,-55.1218,-78.8616,53.5101,-28.8157,7.76552,5.5531,4.85575,2091490.0,-82.6456,43.881,-35.0,3953020.0,7.5,4.82078,3.979,2,LLLALLLGFLLGTLLIVLILI,1.0388696876774677,0.0218669009679214,D,14,-54.20040739394156,-66.4003047870795,-44.92168130353632,-59.59320562173564,-47.4422793697809,-61.442377676792105,406849.1218,2.5810999999999993,29.05000000000001,1142.9800000000005,355.95471644298226,0.0022582197413778004,0.025416017778088856,355.98260686976136
TALLAFLLGVLLILL,Mutant,clash,15.0,LLLTALLAFLLGVLLGLLILI,0.6506042101572734,LLLTALLAFLLGVLLILLILI_1,110011001100110000,1,-46.8518,-54.1674,-44.9303,-214.603,-220.683,-243.914,-352.464,4571.95,3433.75,3437.22,419599.0,101524000.0,419508.0,101524000.0,-63.6197,-60.9764,49.7842,-31.611,6.95031,2.36732,1.61409,17758300.0,-63.8279,50.3554,-37.6016,15472400.0,6.5149,2.87217,2.1275,1,LLLTALLAFLLGVLLILLILI,0.7233295310009501,0.1164192047314543,D,15,-73.14631880832133,-76.7362909329137,-66.27710178217818,-70.78539484257101,-68.37823141556228,-72.60563200686818,419571.6197,-1.9214999999999947,29.31099999999998,1138.1999999999998,368.627323581093,-0.0016881918819188148,0.025752064663503764,368.65137937093664
AFLLGTLLGLLLIYL,Mutant,clash,,LLLAFLLGTLLGLLLGYLILI,0.3021187300222798,LLLAFLLGTLLGLLLIYLILI_2,110011001100110000,1,-66.0125,-66.3587,-58.6988,-213.438,-218.173,-243.38,-344.186,4603.45,3366.04,3381.06,662341.0,11025400.0,662276.0,11025300.0,-42.1065,-66.3699,55.7213,-30.4394,6.48365,3.97786,3.31368,5792060.0,-72.4524,47.8783,-35.1603,11026900.0,6.5,3.83143,3.0496,2,LLLAFLLGTLLGLLLIYLILI,1.0198601951445063,0.1475638050177596,D,14,-42.63928647469367,-49.68070982022006,-34.10837582876948,-42.19702731510881,-28.874659312451545,-37.60578561120075,662318.1065,-7.313700000000004,29.942000000000007,1237.4099999999999,535.2454776508999,-0.00591049045991224,0.02419731536030904,535.2639787944174
AFLLGLLLGVLLITL,Mutant,clash,15.0,LLLAFLLGLLLGVLLGTLILI,0.0611236777643895,LLLAFLLGLLLGVLLITLILI_2,110011001100110000,1,-68.6497,-73.3769,-58.7316,-224.478,-223.635,-239.004,-349.598,4547.81,3384.98,3317.4,668917.0,1849510.0,668861.0,1849450.0,-51.8621,-80.9536,55.6853,-31.9127,7.45499,6.16056,5.49583,1404460.0,-83.578,48.738,-35.1079,1849160.0,6.9512,5.61633,4.8474,2,LLLAFLLGLLLGVLLITLILI,1.308236352248523,0.0698220275698055,D,14,-93.66225145392832,-94.68308225287944,-88.90252631797932,-90.69001328481048,-90.28283788895372,-91.8479959713938,668912.8621,-9.918099999999995,14.525999999999982,1162.8300000000004,575.245618104108,-0.008529277710413381,0.01249193777250327,575.2491765778315
AFLLGVLLGLLLITL,Mutant,clash,,LLLAFLLGVLLGLLLGTLILI,-0.1247410862871514,LLLAFLLGVLLGLLLITLILI_2,110011001100110000,1,-69.8533,-73.0319,-58.7167,-226.35,-224.82,-239.064,-350.347,4581.38,3361.39,3340.1,716624.0,1760980.0,716570.0,1760930.0,-52.5661,-81.245,56.6992,-31.6138,7.38835,6.34115,5.69163,1333180.0,-83.578,48.738,-35.1079,1760630.0,6.9512,5.61633,4.8474,2,LLLAFLLGVLLGLLLITLILI,1.3411144717543044,0.0847385138386908,D,14,-80.97522164510544,-85.36951797009212,-70.31285281477199,-77.16991676273773,-69.78600809837387,-76.7647613379529,716622.5661,-11.136600000000001,12.713999999999999,1219.9900000000002,587.4003607406618,-0.009128435478979336,0.010421396896695872,587.4015360781644
