WTSequence,Sequence,Region,Mutant Type,CHARMM_IMM1,CHARMM_IMM1REF,CHARMM_VDW,Dimer,HBONDMonomer,IMM1Monomer,Monomer,MonomerSasa,SCWRL4_HBOND,VDWMonomer,Mutant_DimerSasa,Mutant_MonomerSasa,Mutant_Position_MonomerSasa,Mutant_Position_Sasa,WT_DimerSasa,WT_MonomerSasa,WT_Position_MonomerSasa,WT_Position_Sasa,Total,Interface,Position,WT_AA,SasaDifference,SasaPercDifference,Mutant_SASA_no_alanine,SASA_no_wt_position,DimerSasaDifference,Segment,PercentGpA_transformed,std_adjusted,Sample,LB-12H_M9-36H,wt_seq,Fluorescence,FluorStdDev,Percent GpA,Fluor Difference,WT Sequence,Type
LLLSYLLVLLLGALLGFLILI,LLLSALLVLLLGALLGFLILI,GAS,void,,,,,,,,,,,3264.83,3997.02,45.2229,74.2478,3224.86,4150.96,157.897,156.978,-45.7637,1.1e+17,4,Y,64.2274,53.61812079,3190.5822,3067.882,122.7002,0.0,0.1385876307680898,0.0192486518421832,G,99999900.0,LLLSYLLVLLLGALLGFLILI,18108.319487783563,1236.3830678673953,11.274678205184028,0.5209837367176158,LLLSYLLVLLLGALLGFLILI,Mutant
LLLSYLLVLLLGALLGFLILI,LLLSYLLVLLLGALLIFLILI,GAS,clash,9.13541,-259.472,20491400000.0,20491400000.0,-44.9973,-271.642,-344.178,4257.85,-53.5785,-27.5384,3223.32,4176.03,64.5264,13.8996,3224.86,4150.96,41.8551,12.5691,-45.7637,1.10011e+17,15,G,115.8208,10.71504559,,,,,0.286207166088155,0.0254675306939479,G,99999900.0,LLLSYLLVLLLGALLAFLILI,19368.252328602062,1201.6718539482604,23.284139282685587,0.37336420139755055,LLLSYLLVLLLGALLGFLILI,Mutant
LLLSYLLVLLLGALLGFLILI,LLLSYLLVLLLIALLGFLILI,GAS,clash,9.92689,-261.408,44940500000000.0,44940500000000.0,-44.9843,-277.464,-350.85,4201.5,-54.4531,-28.4018,3224.64,4164.96,59.21,0.944237,3224.86,4150.96,41.0013,0.581069,-45.7637,1.10011e+17,11,G,129.323563,0.724842977,,,,,0.2917769084196018,0.2746877160693432,G,99999900.0,LLLSYLLVLLLGALLGFLILI,19421.844925249323,2147.495798486788,23.737260907788897,0.36779445906610375,LLLSYLLVLLLGALLGFLILI,Mutant
LLLSYLLVLLLGALLGFLILI,LLLSYLLVLLLGALLGALILI,GAS,void,,,,,,,,,,,3140.67,4005.21,59.0,89.7523,3224.86,4150.96,158.415,253.803,-45.7637,1.1e+17,16,F,39.7105,69.32671007,3050.9177,2971.057,79.8607,0.0,0.8736802342368657,0.1951003923357159,G,99999900.0,LLLSYLLVLLLGALLGFLILI,24417.602630711262,2168.5269179002307,71.07750843748865,-0.21410886675116014,LLLSYLLVLLLGALLGFLILI,Mutant
LLLYFLLALLLGTLLGSLILI,LLLYFLLALLLITLLGSLILI,GAS,clash,19.6097,-263.913,160082000.0,160082000.0,-74.1108,-291.715,-382.272,4261.03,-55.1112,-16.4463,3282.68,4148.9,61.7986,0.0,3282.68,4129.9,40.9224,0.0,-33.9785,1.10011e+17,11,G,130.2678,0.0,,,,,0.1440373253720228,0.0846736228826676,G,99999900.0,LLLYFLLALLLGTLLGSLILI,18169.20434759345,1705.462721992997,11.71803345005932,0.081046885552891,LLLYFLLALLLGTLLGSLILI,Mutant
LLLYFLLALLLGTLLGSLILI,LLLYFLLILLLGTLLGSLILI,GAS,clash,20.0342,-262.72,11796000.0,11795700.0,-74.1108,-291.817,-379.854,4242.46,-59.3838,-13.9265,3282.68,4129.9,55.0298,0.0,3282.68,4129.9,55.0298,0.0,-33.9785,1.10011e+17,7,A,129.5954,0.0,,,,,0.1452938958204024,0.06948467813805,G,99999900.0,LLLYFLLALLLGTLLGSLILI,18175.836354506468,1594.6982813696204,11.8202606644875,0.0797903151045114,LLLYFLLALLLGTLLGSLILI,Mutant
LLLYFLLALLLGTLLGSLILI,LLLYALLALLLGTLLGSLILI,GAS,void,,,,,,,,,,,3305.86,4038.49,52.5205,59.4776,3282.68,4129.9,140.93,128.705,-33.9785,1.1e+17,4,F,78.9976,42.95180653,3246.3824,3153.975,92.4074,0.0,0.1510367269377819,0.0727592633520806,G,99999900.0,LLLYALLALLLGTLLGFLILI,18219.80332590738,1521.1738658802549,12.287463779775049,0.0740474839871319,LLLYFLLALLLGTLLGSLILI,Mutant
LLLYFLLALLLGTLLGSLILI,LLLAFLLALLLGTLLGSLILI,GAS,void,,,,,,,,,,,3111.73,3936.75,64.4669,99.3758,3282.68,4129.9,186.656,333.627,-33.9785,1.1e+17,3,Y,70.355,58.54906711,3012.3542,2949.053,63.3012,0.0,0.3485653148190068,0.0471859215132283,G,99999900.0,LLLYFLLALLLGTLLGSLILI,19913.06336684482,1511.9661734983242,28.35723315487871,-0.12348110389409303,LLLYFLLALLLGTLLGSLILI,Mutant
LLLYVLLGILLGLLLSFLILI,LLLYVLLGILLILLLSFLILI,GAS,clash,21.9902,-265.841,181860000.0,181860000.0,-60.3102,-284.641,-373.523,4274.75,-54.2289,-28.5719,3315.63,4205.72,49.835,0.0,3315.63,4190.15,29.6562,0.0,-33.5965,1.10011e+17,11,G,130.2678,0.0,,,,,0.1202756940279073,0.1957130183968919,G,99999900.0,LLLYVLLGILLGLLLSFLILI,17975.0837439418,2350.1323422495293,9.784926248858769,0.7549530025169644,LLLYVLLGILLGLLLSFLILI,Mutant
LLLYVLLGILLGLLLSFLILI,LLLYVLLIILLGLLLSFLILI,GAS,clash,22.8823,-265.816,404512000.0,404512000.0,-60.3102,-285.531,-374.651,4265.86,-53.1185,-28.8092,3315.63,4210.94,61.655,0.0,3315.63,4190.15,40.7452,0.0,-33.5965,1.10011e+17,7,G,129.5954,0.0,,,,,0.2755925283461941,0.0865502939445344,G,99999900.0,LLLYVLLGILLGLLLSFLILI,19281.10675453819,1308.9966357295186,22.42059450497397,0.5996361681986776,LLLYVLLGILLGLLLSFLILI,Mutant
LLLYVLLGILLGLLLSFLILI,LLLAVLLGILLGLLLSFLILI,GAS,void,,,,,,,,,,,3255.5,3998.56,68.3098,47.866,3315.63,4190.15,189.92,234.992,-33.5965,1.1e+17,3,Y,121.8648,28.2011279,3207.634,3080.638,126.996,1.0,1.2672589439656972,0.132741387191038,G,99999900.0,LLLAVLLGILLGLLLGFLILI,27768.44600900902,1600.2333475597604,103.09676784765706,-0.3920302474208255,LLLYVLLGILLGLLLSFLILI,Mutant
LLLYFLLGTLLGALLGLLILI,LLLYFLLITLLGALLGLLILI,GAS,clash,13.3413,-258.04,5338450000.0,5338450000.0,-58.7237,-272.558,-347.466,4241.07,-62.843,-16.1837,3354.47,4160.95,57.5612,1.98064,3354.53,4149.2,40.1001,1.69011,-33.2671,1.10011e+17,7,G,127.61476,1.528325851,,,,,0.1708190924768059,0.2761404650143642,G,99999900.0,LLLYFLLGTLLGALLGLLILI,18352.05500580644,1878.983376020292,13.896841213775977,0.640333412974011,LLLYFLLGTLLGALLGLLILI,Mutant
LLLYFLLGTLLGALLGLLILI,LLLYFLLGTLLIALLGLLILI,GAS,clash,13.0144,-258.051,2.27e+16,2.27e+16,-58.7237,-271.865,-345.659,4278.78,-58.2745,-15.0696,3354.53,4171.63,62.6013,0.0726336,3354.53,4149.2,40.7399,0.0726336,-33.2671,1.10011e+17,11,G,130.1951664,0.05575714,,,,,0.1807553383644059,0.023773439984168,G,99999900.0,LLLYFLLGTLLGALLGLLILI,18462.10392231892,1058.2044242140023,14.705196002218385,0.630397167086411,LLLYFLLGTLLGALLGLLILI,Mutant
LLLYFLLGTLLGALLGLLILI,LLLYALLGTLLGALLGLLILI,GAS,void,,,,,,,,,,,3379.84,3978.46,64.7834,103.973,3354.53,4149.2,172.64,172.979,-33.2671,1.1e+17,4,F,34.5022,75.0842028,3275.867,3181.551,94.316,0.0,0.3013071124763752,0.0319226395162285,G,99999900.0,LLLYFLLGTLLGALLGLLILI,19504.84948379514,1397.7948720975376,24.512582510260515,0.5098453929744418,LLLYFLLGTLLGALLGLLILI,Mutant
LLLYFLLGTLLGALLGLLILI,LLLYFLLGTLLGALLGALILI,GAS,void,,,,,,,,,,,3355.59,4078.84,59.2783,86.6294,3354.53,4149.2,120.98,143.906,-33.2671,1.1e+17,16,L,42.8334,66.91451135,3268.9606,3210.624,58.3366,0.0,0.9658937439937004,0.0755181990602605,G,99999900.0,LLLYFLLGTLLGALLGLLILI,25173.909969532368,919.8805920645937,78.57945967885655,-0.15474123854288346,LLLYFLLGTLLGALLGLLILI,Mutant
LLLAYLLGVLLGLLLGFLILI,LLLAYLLGVLLILLLGFLILI,GAS,clash,21.1237,-273.909,1659780000000.0,1659780000000.0,-44.9604,-272.603,-337.672,4621.15,-53.2013,-20.1086,3512.4,4686.63,58.1131,0.0,3512.4,4667.98,37.7566,0.0,-49.7552,1.10011e+17,11,G,130.2678,0.0,,,,,0.2652670981702582,0.1544811465007279,G,99999900.0,LLLAYLLGVLLGLLLGFLILI,19171.79014389269,1252.2288230419076,21.58057796151647,0.8843021225489157,LLLAYLLGVLLGLLLGFLILI,Mutant
LLLAYLLGVLLGLLLGFLILI,LLLAYLLIVLLGLLLGFLILI,GAS,clash,13.5409,-259.458,8438030.0,8437730.0,-44.9046,-274.89,-345.359,4154.56,-54.3185,-25.5647,3179.43,4084.23,59.8771,2.52337,3180.94,4069.29,40.968,2.23284,-31.4568,1.10011e+17,7,G,127.07203,1.947113864,,,,,0.3679997442377791,0.1216739618329507,G,99999900.0,LLLAYLLGVLLGLLLGFLILI,20052.222707481844,803.4897739589316,29.938304543310807,0.7815694764813947,LLLAYLLGVLLGLLLGFLILI,Mutant
LLLAYLLGVLLGLLLGFLILI,LLLAYLLGVLLGLLLGALILI,GAS,void,,,,,,,,,,,3110.48,3984.97,59.2053,115.671,3180.94,4069.29,142.766,270.617,-31.4568,1.1e+17,16,F,13.7918,89.34690119,2994.809,2910.323,84.486,0.0,0.9132273045764104,0.2343449898438242,G,99999900.0,LLLAYLLGVLLGLLLGFLILI,24715.347964706947,1743.294648066512,74.29482653120996,0.23634191614276345,LLLAYLLGVLLGLLLGFLILI,Mutant
LLLAYLLGVLLGLLLGFLILI,LLLAALLGVLLGLLLGFLILI,GAS,void,,,,,,,,,,,3172.59,3877.5,65.6065,70.0357,3180.94,4069.29,184.16,196.876,-31.4568,1.1e+17,4,Y,68.4395,50.57634869,3102.5543,2984.064,118.4903,0.0,1.1290429809378604,0.0522804509599206,G,99999900.0,LLLAYLLGVLLGLLLGFLILI,26588.34335711105,1507.4796334302555,91.85232635369591,0.020526239781313516,LLLAYLLGVLLGLLLGFLILI,Mutant
LLLSYLLVALLGLLLGFLILI,LLLSALLVALLGLLLGFLILI,GAS,void,,,,,,,,,,,3370.51,4009.09,52.1392,83.7598,3334.73,4180.76,171.065,179.837,-29.9073,1.1e+17,4,Y,54.7154,60.48722082,3286.7502,3154.893,131.8572,0.0,0.2525219797729723,0.0979676179031065,G,99999900.0,LLLSYLLVALLGLLLGFLILI,19101.13812901813,1842.6901497406948,20.54370975170611,0.2781714928217941,LLLSYLLVALLGLLLGFLILI,Mutant
LLLSYLLVALLGLLLGFLILI,LLLSYLLVALLGLLLIFLILI,GAS,clash,13.2964,-264.769,772685000.0,772684000.0,-44.9412,-271.636,-345.22,4207.42,-50.8606,-28.6435,3331.19,4200.93,63.3134,17.4325,3334.73,4180.76,42.0522,17.7858,-29.9073,1.10011e+17,15,G,112.2879,13.43851854,,,,,0.3130740939541415,0.0125338615510019,G,99999900.0,LLLSYLLVALLGLLLGFLILI,19596.21334192503,1107.2574778751728,25.46987522731533,0.21761937864062492,LLLSYLLVALLGLLLGFLILI,Mutant
LLLSYLLVALLGLLLGFLILI,LLLSYLLVALLILLLGFLILI,GAS,clash,13.2944,-264.77,155397000.0,155397000.0,-44.9412,-277.315,-351.114,4200.84,-47.7387,-28.8577,3334.73,4193.77,56.6523,1.02056,3334.73,4180.76,38.1868,1.02056,-29.9073,1.10011e+17,11,G,129.24724,0.783432283,,,,,0.3412876082522373,0.0390256385979254,G,99999900.0,LLLSYLLVALLGLLLGFLILI,19843.2135925096,1345.468013630808,27.76516155976364,0.1894058643425291,LLLSYLLVALLGLLLGFLILI,Mutant
LLLSYLLVALLGLLLGFLILI,LLLSYLLVALLGALLGFLILI,GAS,void,,,,,,,,,,,3351.19,4102.59,63.0341,70.1301,3334.73,4180.76,126.874,113.811,-29.9073,1.1e+17,12,L,90.3123,31.23233452,3281.0599,3220.919,60.1409,0.0,0.5333057609760752,0.0524070002681645,G,99999900.0,LLLSYLLTALLGALLGFLILI,21475.065775678944,931.002322813009,43.38663419420048,-0.0026122883813087805,LLLSYLLVALLGLLLGFLILI,Mutant
LLLAFLLGVLLGTLLGLLILI,LLLAFLLGVLLITLLGLLILI,GAS,clash,32.2444,-267.976,7594340000000.0,7594340000000.0,-58.7088,-266.812,-349.815,4561.04,-59.0099,-24.2949,3444.45,4584.8,62.3883,0.0617526,3444.45,4561.96,40.137,0.0617526,-35.5018,1.10011e+17,11,G,130.2060474,0.047404347,,,,,0.3251404780546349,0.1238364036910714,G,99999900.0,LLLAFLLGVLLGTLLGLLILI,19677.51080060354,669.6375344149487,26.45152558874525,0.841860621117795,LLLAFLLGVLLGTLLGLLILI,Mutant
LLLAFLLGVLLGTLLGLLILI,LLLAFLLIVLLGTLLGLLILI,GAS,clash,32.9138,-267.957,197499000.0,197499000.0,-58.7088,-269.297,-352.306,4594.11,-57.6996,-24.3004,3444.45,4574.4,57.1263,0.0,3444.45,4561.96,39.9492,0.0,-35.5018,1.10011e+17,7,G,129.5954,0.0,,,,,0.3610108915609689,0.0084529609030313,G,99999900.0,LLLAFLLGVLLGTLLGLLILI,20007.798575310622,1156.0525392561178,29.369732409435944,0.8059902076114611,LLLAFLLGVLLGTLLGLLILI,Mutant
LLLAFLLGVLLGTLLGLLILI,LLLAALLGVLLGTLLGLLILI,GAS,void,,,,,,,,,,,3116.28,3834.42,59.2628,69.2237,3100.55,3968.75,157.507,149.896,-29.5755,1.1e+17,4,F,69.2515,49.9899621,3047.0563,2950.654,96.4023,0.0,0.8164494237009529,0.0538278258720796,G,99999900.0,LLLAFLLGVLLGTLLGLLILI,23898.60245660592,1009.9983667687626,66.42154478014004,0.35055167547147714,LLLAFLLGVLLGTLLGLLILI,Mutant
LLLAFLLGVLLGTLLGLLILI,LLLAFLLGVLLGTLLGALILI,GAS,void,,,,,,,,,,,3109.17,3920.08,56.6062,104.322,3100.55,3968.75,111.615,169.215,-29.5755,1.1e+17,16,L,25.1408,80.58067646,3004.848,2931.335,73.513,0.0,1.2737938632616992,0.3844634676711349,G,99999900.0,LLLAFLLGVLLGTLLGLLILI,27776.273211848165,1997.409080329265,103.62841061946088,-0.10679276408926919,LLLAFLLGVLLGTLLGLLILI,Mutant
LLLYALLFLLLGTLLGSLILI,LLLYALLFLLLITLLGSLILI,GAS,clash,16.9791,-266.899,106405000000.0,106405000000.0,-74.1625,-290.335,-383.071,4207.94,-55.2367,-18.5732,3273.58,4219.6,47.4429,0.435802,3273.68,4227.06,37.8042,0.145267,-29.1246,1.10011e+17,11,G,129.831998,0.334543149,,,,,0.1083998213900461,0.0727183432459892,G,99999900.0,LLLYALLFLLLGTLLGSLILI,17854.93217878014,1511.96772651761,8.818774784579137,0.11570791499887571,LLLYALLFLLLGTLLGSLILI,Mutant
LLLYALLFLLLGTLLGSLILI,LLLYALLFLLLGTLLISLILI,GAS,clash,16.9802,-266.898,9265690.0,9265380.0,-74.1625,-281.697,-373.194,4254.69,-60.254,-17.3339,3273.97,4250.24,63.5894,4.40105,3273.68,4227.06,41.6488,4.2505,-29.1246,1.10011e+17,15,G,125.31935,3.392720035,,,,,0.1756797584175941,0.1006382110112981,G,99999900.0,LLLYALLFLLLGTLLGSLILI,18418.01375747784,1327.612033779447,14.292276535395631,0.048427977971327724,LLLYALLFLLLGTLLGSLILI,Mutant
LLLAFLLGTLLGVLLGLLILI,LLLAFLLITLLGVLLGLLILI,GAS,clash,29.2401,-259.777,7088660000.0,7088660000.0,-58.726,-268.92,-358.31,4088.79,-57.3428,-30.6642,3147.84,3981.39,57.1386,0.0,3147.84,3970.3,40.0509,0.0,-28.8249,1.10011e+17,7,G,129.5954,0.0,,,,,0.2628850026987215,0.0522184273324215,G,99999900.0,LLLAFLLGTLLGVLLGLLILI,19180.13702576728,1525.042214090084,21.38678462118191,1.0721906233332934,LLLAFLLGTLLGVLLGLLILI,Mutant
LLLAFLLGTLLGVLLGLLILI,LLLAFLLGTLLIVLLGLLILI,GAS,clash,32.2545,-267.965,6262440000000.0,6262440000000.0,-58.7211,-269.342,-352.064,4619.94,-59.0101,-24.0001,3495.32,4590.99,62.5999,0.0617526,3495.32,4567.44,40.2034,0.0617526,-38.3782,1.10011e+17,11,G,130.2060474,0.047404347,,,,,0.2795885078246265,0.1223900146152166,G,99999900.0,LLLAFLLGTLLGVLLGLLILI,19333.255680155795,1840.5955368838704,22.74568399877761,1.0554871182073884,LLLAFLLGTLLGVLLGLLILI,Mutant
LLLAFLLGTLLGVLLGLLILI,LLLAALLGTLLGVLLGLLILI,GAS,void,,,,,,,,,,,3529.36,4423.32,59.6063,58.2159,3495.32,4567.44,159.849,128.071,-38.3782,1.1e+17,4,F,80.2593,42.04066865,3471.1441,3367.249,103.8951,0.0,0.948857538279603,0.0386103738428821,G,99999900.0,LLLAFLLGTLLGVLLGLLILI,25046.74753286037,1485.0203598925448,77.19349372937593,0.38621808775241195,LLLAFLLGTLLGVLLGLLILI,Mutant
LLLAFLLGTLLGVLLGLLILI,LLLAFLLGTLLGALLGLLILI,GAS,void,,,,,,,,,,,3152.45,3969.07,51.4939,75.4475,3147.84,3970.3,69.986,109.112,-28.8249,1.1e+17,12,V,60.0118,64.64295225,3077.0025,3038.728,38.2745,0.0,1.287188009411638,0.0541713905777276,G,99999900.0,LLLYFLLGTLLGALLGLLILI,27939.85874901195,1474.6166158694966,104.71807992715306,0.047887616620376994,LLLAFLLGTLLGVLLGLLILI,Mutant
LLLAFLLGTLLGVLLGLLILI,LLLAFLLGTLLGVLLGALILI,GAS,void,,,,,,,,,,,3498.61,4547.06,41.8467,87.147,3495.32,4567.44,90.8987,170.948,-38.3782,1.1e+17,16,L,42.3158,67.31431732,3411.463,3324.372,87.091,0.0,1.3309022758615336,0.0968568541594205,G,99999900.0,LLLAFLLGTLLGVLLGLLILI,28314.01461744493,1543.5275847141895,108.27441669737316,0.00417335017048126,LLLAFLLGTLLGVLLGLLILI,Mutant
LLLAFLLGTLLGVLLGLLILI,LLLIFLLGTLLGVLLGLLILI,GAS,clash,48.2236,-264.409,3881600000.0,3881600000.0,-58.7211,-267.336,-347.614,4586.44,-61.8283,-21.5571,3495.32,4567.44,66.4752,26.6843,3495.32,4567.44,66.4752,26.6843,-38.3782,1.10011e+17,3,A,143.0465,15.72154258,,,,,1.514472417139031,1.18576574166359,G,99999900.0,LLLAFLLGTLLGVLLGLLILI,29970.43417811922,8597.64685023024,123.20860858385792,-0.179396791107016,LLLAFLLGTLLGVLLGLLILI,Mutant
LLLYFLLGVLLGTLLGLLILI,LLLYFLLIVLLGTLLGLLILI,GAS,clash,40.0417,-267.99,561449000000.0,561449000000.0,-58.6992,-274.949,-350.801,4272.06,-55.5394,-17.1536,3274.57,4185.71,57.5896,0.0,3274.57,4173.53,40.1499,0.0,-28.7978,1.10011e+17,7,G,129.5954,0.0,,,,,0.2173001287450702,0.0694852005486792,G,99999900.0,LLLYFLLGVLLGTLLGLLILI,18793.263416575108,1628.0924616619295,17.678266176910814,0.8553244451911455,LLLYFLLGVLLGTLLGLLILI,Mutant
LLLYFLLGVLLGTLLGLLILI,LLLYFLLGVLLITLLGLLILI,GAS,clash,38.352,-268.07,560761000000.0,560761000000.0,-58.6992,-275.238,-350.346,4293.27,-55.5096,-16.4086,3274.57,4196.45,62.5679,0.0,3274.57,4173.53,40.5619,0.0,-28.7978,1.10011e+17,11,G,130.2678,0.0,,,,,0.2201350901219283,0.07338513864783,G,99999900.0,LLLYFLLGVLLGTLLGLLILI,18794.81766781284,911.2943012392126,17.908902035760924,0.8524894838142874,LLLYFLLGVLLGTLLGLLILI,Mutant
LLLYFLLGVLLGTLLGLLILI,LLLYALLGVLLGTLLGLLILI,GAS,void,,,,,,,,,,,3303.83,4009.95,65.9063,65.9294,3274.57,4173.53,167.177,147.607,-28.7978,1.1e+17,4,F,72.5458,47.61098016,3237.9006,3126.963,110.9376,0.0,0.3281085552905666,0.1033894044853927,G,99999900.0,LLLYFLLGVLLGTLLGLLILI,19730.31325082374,1350.9043275886318,26.69299097449285,0.7445160186456491,LLLYFLLGVLLGTLLGLLILI,Mutant
LLLTFLLAVLLGILLGLLILI,LLLTFLLAVLLIILLGLLILI,GAS,clash,17.4667,-262.726,223277000.0,223277000.0,-44.9923,-273.271,-361.678,4168.3,-52.0124,-43.4148,3119.63,4053.58,61.9683,0.0,3119.63,4033.1,40.9406,0.0,-28.6534,1.10011e+17,11,G,130.2678,0.0,,,,,0.2250581932681318,0.103773711365059,G,99999900.0,LLLTFLLAVLLGILLGLLILI,18836.68897005397,1229.5209119044598,18.30941688284173,0.29102539257138715,LLLTFLLAVLLGILLGLLILI,Mutant
LLLTFLLAVLLGILLGLLILI,LLLTFLLAVLLGILLILLILI,GAS,clash,17.4705,-262.726,239315000.0,239315000.0,-44.9923,-268.977,-356.888,4192.05,-54.5074,-42.9191,3119.63,4051.26,59.132,0.0,3119.63,4033.1,39.1601,0.0,-28.6534,1.10011e+17,15,G,129.7204,0.0,,,,,0.2564522380937951,0.1040165435307028,G,99999900.0,LLLTFLLAVLLGILLGLLILI,19104.756515880323,1212.6609152639794,20.863452556925687,0.2596313477457239,LLLTFLLAVLLGILLGLLILI,Mutant
LLLTLLLGALLGFLLSILILI,LLLTLLLGALLIFLLSILILI,GAS,clash,28.5065,-274.633,909934000000.0,909934000000.0,-60.2245,-273.576,-369.627,4625.25,-52.0531,-35.8272,3611.23,4602.87,60.2458,4.24186,3612.4,4578.5,37.5884,3.58816,-38.4828,1.10011e+17,11,G,126.02594,3.256261332,,,,,0.1987751998539478,0.234796009566213,G,99999900.0,LLLTLLLGALLGFLLSILILI,18636.823695640465,2431.9062795089408,16.171186426259553,1.2623974527636523,LLLTLLLGALLGFLLSILILI,Mutant
LLLTLLLGALLGFLLSILILI,LLLTLLLIALLGFLLSILILI,GAS,clash,29.2536,-274.607,28503700000.0,28503700000.0,-60.2245,-273.539,-369.971,4581.31,-51.9809,-36.2075,3612.23,4591.34,59.1549,0.356901,3612.4,4578.5,40.9023,0.284267,-38.4828,1.10011e+17,7,G,129.238499,0.275396349,,,,,0.250455031978478,0.0245585506254789,G,99999900.0,LLLTLLLGALLGFLLSILILI,19058.437817017333,1060.4680799939997,20.37555498117803,1.2107176206391221,LLLTLLLGALLGFLLSILILI,Mutant
LLLTLLLGALLGFLLSILILI,LLLTALLGALLGFLLSILILI,GAS,void,,,,,,,,,,,3271.89,3946.06,69.2316,58.0525,3280.11,4036.67,136.474,122.625,-28.4404,1.1e+17,4,L,80.4227,41.92266919,3213.8375,3157.485,56.3525,0.0,0.9136689629830798,0.2645014389065841,G,99999900.0,LLLTLLLGALLGFLLSILILI,24781.203858831257,2831.947734956531,74.33075727325536,0.5475036896345203,LLLTLLLGALLGFLLSILILI,Mutant
LLLTLLLGALLGFLLSILILI,LLLTLLLGALLGALLSILILI,GAS,void,,,,,,,,,,,3240.67,3923.42,49.1852,65.8424,3280.11,4036.67,144.382,214.294,-28.4404,1.1e+17,12,F,63.9796,50.71744388,3174.8276,3065.816,109.0116,0.0,1.112717154818185,0.0700987132050595,G,99999900.0,LLLTLLLGALLGFLLSILILI,26460.153763899634,1862.68862048427,90.52415272872688,0.3484554977994152,LLLTLLLGALLGFLLSILILI,Mutant
LLLTLLLGALLGFLLSILILI,LLLTLLLGALLGFLLSALILI,GAS,void,,,,,,,,,,,3626.47,4591.91,34.7828,67.9611,3612.4,4578.5,60.9817,120.243,-38.4828,1.1e+17,16,I,61.5017,52.49469346,3558.5089,3492.157,66.3519,0.0,1.1757716914952725,0.0587289335696717,G,99999900.0,LLLTLLLGALLGFLLSILILI,26977.28628865852,1162.4471181595245,95.65390064685656,0.2854009611223276,LLLTLLLGALLGFLLSILILI,Mutant
LLLYILLGLLLGTLLAFLILI,LLLYILLGLLLITLLAFLILI,GAS,clash,13.1859,-265.243,4768290000000.0,4768290000000.0,-58.718,-278.573,-360.843,4287.96,-52.8201,-23.5523,3497.7,4255.34,57.5556,1.88847,3498.87,4235.61,36.6695,1.38004,-25.5412,1.10011e+17,11,G,128.37933,1.449682884,,,,,0.1872878059543538,0.1164293642696454,G,99999900.0,LLLYILLGLLLGTLLAFLILI,18510.10283542531,930.765070026468,15.236639317572434,0.048179771550606515,LLLYILLGLLLGTLLAFLILI,Mutant
LLLYILLGLLLGTLLAFLILI,LLLYILLILLLGTLLAFLILI,GAS,clash,13.6537,-265.228,43793.7,43485.2,-58.718,-278.604,-361.152,4293.4,-56.9037,-23.8302,3497.89,4254.05,59.0402,7.91085,3498.87,4235.61,38.3911,6.33904,-25.5412,1.10011e+17,7,G,121.68455,6.10426759,,,,,0.217635205827449,0.1206375512664368,G,99999900.0,LLLYILLGLLLGTLLAFLILI,18755.13461501017,298.0371454419761,17.705526086448298,0.01783237167751131,LLLYILLGLLLGTLLAFLILI,Mutant
LLLYILLGLLLGTLLAFLILI,LLLYALLGLLLGTLLAFLILI,GAS,void,,,,,,,,,,,3537.57,4193.75,57.7392,52.4285,3498.87,4235.61,108.796,98.3619,-25.5412,1.1e+17,4,I,86.0467,37.86129213,3485.1415,3400.5081,84.6334,0.0,0.2711586099572509,0.1177487584135065,G,99999900.0,LLLYVLLGLLLGTLLAFLILI,19241.10169350357,1334.2547325983132,22.05987686555465,-0.03569103245229058,LLLYILLGLLLGTLLAFLILI,Mutant
LLLYILLGLLLGTLLAFLILI,LLLAILLGLLLGTLLAFLILI,GAS,void,,,,,,,,,,,3321.46,4043.08,67.386,87.6884,3498.87,4235.61,189.36,324.654,-25.5412,1.1e+17,3,Y,82.0424,51.663222,3233.7716,3174.216,59.5556,0.0,0.7043109208840114,0.0996658268800772,G,99999900.0,LLLYILLGLLLGTLLAFLILI,22928.93237965554,759.8886909067616,57.29861276474367,-0.4688433433790511,LLLYILLGLLLGTLLAFLILI,Mutant
LLLVYLLATLLGILLALLILI,LLLVYLLATLLIILLALLILI,GAS,clash,13.4443,-256.822,80688600000000.0,80688600000000.0,-58.7295,-275.481,-376.056,4205.59,-54.1817,-41.846,3234.41,4105.3,59.2296,0.0,3234.41,4082.05,37.554,0.0,-25.1901,1.10011e+17,11,G,130.2678,0.0,,,,,0.1951549065005188,0.0405075380928517,G,99999900.0,LLLVYLLATLLGILLALLILI,18581.65247525731,964.7913136964276,15.876660555934356,0.12178214908219237,LLLVYLLATLLGILLALLILI,Mutant
LLLVYLLATLLGILLALLILI,LLLVYLLATLLGILLAALILI,GAS,void,,,,,,,,,,,3219.78,4037.07,55.2993,107.237,3234.41,4082.05,108.966,192.308,-25.1901,1.1e+17,16,L,22.2258,82.8322885,3112.543,3042.102,70.441,0.0,0.2518081465392894,0.0707557985395852,G,99999900.0,LLLVYLLATLLGILLALLILI,19088.817339460995,1606.3725936494177,20.48563645932544,0.06512890904342178,LLLVYLLATLLGILLALLILI,Mutant
LLLVYLLATLLGILLALLILI,LLLVYLLATLLGILLILLILI,GAS,clash,13.4447,-255.641,751443.0,751142.0,-58.7295,-270.913,-368.174,4201.19,-58.7838,-38.531,3234.41,4082.05,59.9062,8.2724,3234.41,4082.05,59.9062,8.2724,-25.1901,1.10011e+17,15,A,121.448,6.377100286,,,,,0.2786711405868979,0.1181617535433933,G,99999900.0,LLLVYLLATLLGILLALLILI,19282.330485342394,542.0935478446676,22.67105237152456,0.03826591499581328,LLLVYLLATLLGILLALLILI,Mutant
LLLVYLLATLLGILLALLILI,LLLVALLATLLGILLALLILI,GAS,void,,,,,,,,,,,3244.51,3908.55,53.9859,62.1017,3234.41,4082.05,169.801,195.711,-25.1901,1.1e+17,4,Y,76.3735,44.84680289,3182.4083,3038.699,143.7093,0.0,0.3745016555498713,0.0320928781583246,G,99999900.0,LLLVYLLATLLGILLALLILI,20131.91321101824,1428.0240507826588,30.46726197880631,-0.057564599967160124,LLLVYLLATLLGILLALLILI,Mutant
LLLTILLALLLGFLLGSLILI,LLLTILLALLLIFLLGSLILI,GAS,clash,16.0333,-264.347,644162000000000.0,644162000000000.0,-60.2535,-288.889,-391.361,4094.05,-50.0416,-42.2186,3148.74,4083.84,60.1089,0.653703,3149.38,4067.52,40.55,0.726336,-25.1796,1.10011e+17,11,G,129.614097,0.501814723,,,,,0.2116678184188039,0.1387278098202173,G,99999900.0,LLLTILLALLLGFLLGSLILI,18729.5736485552,1610.2743196432127,17.220054386086193,0.5386625067594814,LLLTILLALLLGFLLGSLILI,Mutant
LLLTILLALLLGFLLGSLILI,LLLTILLALLLGFLLISLILI,GAS,clash,16.0362,-264.347,45011600.0,45011300.0,-60.2535,-277.921,-379.043,4137.86,-54.493,-40.8685,3149.38,4079.83,58.5397,2.3466,3149.38,4067.52,40.8205,2.3466,-25.1796,1.10011e+17,15,G,127.3738,1.808967595,,,,,0.253507497625401,0.0556687003263043,G,99999900.0,LLLTILLALLLGFLLGSLILI,19098.62002677597,1521.4963030332226,20.623885713947583,0.49682282755288426,LLLTILLALLLGFLLGSLILI,Mutant
LLLTILLALLLGFLLGSLILI,LLLTILLALLLGALLGSLILI,GAS,void,,,,,,,,,,,3146.17,3921.41,58.6698,57.3165,3149.38,4067.52,159.059,163.14,-25.1796,1.1e+17,12,F,72.5055,44.15006701,3088.8535,2986.24,102.6135,0.0,0.392134089519539,0.201110206504038,G,99999900.0,LLLTILLALLLGFLLGSLILI,20306.36086482847,2281.239580080736,31.9017335682285,0.35819623565874625,LLLTILLALLLGFLLGSLILI,Mutant
LLLTILLALLLGFLLGSLILI,LLLTALLALLLGFLLGSLILI,GAS,void,,,,,,,,,,,3179.64,4005.25,64.6935,58.8041,3149.38,4067.52,120.078,112.09,-25.1796,1.1e+17,4,I,79.6711,42.46543785,3120.8359,3037.29,83.5459,0.0,0.9597638258849304,0.1215442025576468,G,99999900.0,LLLTVLLALLLGFLLGSLILI,25113.81543001333,683.915508480733,78.08076543235366,-0.20943350070664513,LLLTILLALLLGFLLGSLILI,Mutant
LLLYFLLATLLGILLALLILI,LLLYFLLATLLIILLALLILI,GAS,clash,18.0517,-262.964,2.89e+17,2.89e+17,-58.7599,-277.436,-361.325,4331.92,-53.6369,-25.1293,3405.18,4229.61,58.1132,0.0,3405.18,4207.21,36.3463,0.0,-25.0951,1.10011e+17,11,G,130.2678,0.0,,,,,0.170124083714435,0.0601673303281677,G,99999900.0,LLLYFLLATLLGILLALLILI,18370.080291763046,1139.716687693155,13.840299370163486,0.08204098373823648,LLLYFLLATLLGILLALLILI,Mutant
LLLYFLLATLLGILLALLILI,LLLYFLLATLLGILLILLILI,GAS,clash,18.0513,-261.784,5825340.0,5825040.0,-58.7599,-273.358,-353.926,4328.43,-58.2007,-21.8084,3405.18,4207.21,60.101,7.17978,3405.18,4207.21,60.101,7.17978,-25.0951,1.10011e+17,15,A,123.35942,4.903608068,,,,,0.1960773828548757,0.0881666519514406,G,99999900.0,LLLYFLLATLLGILLALLILI,18607.64928515111,1634.8355624560645,15.951707831002288,0.056087684597795784,LLLYFLLATLLGILLALLILI,Mutant
LLLYFLLATLLGILLALLILI,LLLYFLLATLLGILLAALILI,GAS,void,,,,,,,,,,,3396.59,4162.37,55.7077,106.271,3405.18,4207.21,109.318,187.817,-25.0951,1.1e+17,16,L,23.1918,82.08612822,3290.319,3217.363,72.956,0.0,0.3151970503660187,0.175444087734099,G,99999900.0,LLLYFLLATLLGILLALLILI,19638.26550084077,2228.930177035418,25.64258653102181,-0.06303198291334722,LLLYFLLATLLGILLALLILI,Mutant
LLLYFLLATLLGILLALLILI,LLLYALLATLLGILLALLILI,GAS,void,,,,,,,,,,,3445.26,4069.36,56.0569,84.8477,3405.18,4207.21,156.26,158.323,-25.0951,1.1e+17,4,F,53.6275,61.27284886,3360.4123,3246.857,113.5553,0.0,0.3878374847513625,0.0298941296908907,G,99999900.0,LLLYFLLATLLGILLALLILI,20237.45754856873,1208.8040131531045,31.552186961020013,-0.135672417298691,LLLYFLLATLLGILLALLILI,Mutant
LLLSSLLALLLGTLLGFLILI,LLLSSLLALLLGTLLIFLILI,GAS,clash,16.0315,-267.505,5209270000.0,5209270000.0,-58.7549,-267.333,-361.773,4111.19,-61.618,-35.6853,3210.54,4028.43,63.2969,9.87288,3211.37,4006.18,41.9667,9.89072,-24.8316,1.10011e+17,15,G,119.84752,7.61089235,,,,,0.1686068440396091,0.1129718426468862,G,99999900.0,LLLSSLLALLLGTLLGFLILI,18365.01906649469,1572.582567753922,13.716865633696592,0.02695274180370169,LLLSSLLALLLGTLLGFLILI,Mutant
LLLSSLLALLLGTLLGFLILI,LLLSSLLALLLITLLGFLILI,GAS,clash,16.0253,-267.505,1.36e+18,1.36e+18,-58.7549,-273.409,-368.021,4078.57,-57.038,-35.8572,3211.17,4025.54,61.0848,0.786435,3211.37,4006.18,40.4556,0.713801,-24.8316,1.10011e+17,11,G,129.481365,0.603706365,,,,,0.2190100140740934,0.1262881880420208,G,99999900.0,LLLSSLLALLLGTLLGFLILI,18820.55902009396,2027.1912158679536,17.81737243585799,-0.02345042823078261,LLLSSLLALLLGTLLGFLILI,Mutant
LLLSSLLALLLGTLLGFLILI,LLLSSLLAALLGTLLGFLILI,GAS,void,,,,,,,,,,,3215.13,3936.52,59.6195,50.3604,3211.37,4006.18,120.081,101.229,-24.8316,1.1e+17,8,L,80.9692,38.34657229,3164.7696,3110.141,54.6286,0.0,0.2386530263731516,0.0212375533347998,G,99999900.0,LLLSSLLALLLGTLLGFLILI,18965.714016748283,1281.5301583228854,19.41541290617208,-0.04309344052984082,LLLSSLLALLLGTLLGFLILI,Mutant
LLLSSLLALLLGTLLGFLILI,LLLSSLLALLLGTLLGALILI,GAS,void,,,,,,,,,,,3066.33,3859.62,56.8069,108.647,3211.37,4006.18,155.739,306.206,-24.8316,1.1e+17,16,F,20.8158,83.92140445,2957.683,2905.164,52.519,0.0,0.2816699373449169,0.0712542703528286,G,99999900.0,LLLSSLLALLLGTLLGFLILI,19335.14003036025,1340.9017981338773,22.915016917725588,-0.08611035150160612,LLLSSLLALLLGTLLGFLILI,Mutant
LLLAGLLFLLLGTLLGSLILI,LLLAGLLFALLGTLLGSLILI,GAS,void,,,,,,,,,,,3140.19,3933.14,56.655,23.1832,3134.12,3994.87,115.449,89.2012,-23.3464,1.1e+17,8,L,108.1464,17.65268454,3117.0068,3044.9188,72.088,0.0,0.1586032665586441,0.104007234147986,G,99999900.0,LLLAGLLFLLLGTLLGSLILI,18291.00124463368,1761.143631223125,12.903033141046205,0.06710395652769272,LLLAGLLFLLLGTLLGSLILI,Mutant
LLLAGLLFLLLGTLLGSLILI,LLLAGLLFLLLGTLLISLILI,GAS,clash,13.1616,-255.81,5858630000.0,5858630000.0,-74.1241,-273.688,-374.991,4092.3,-59.2401,-27.1794,3134.08,4016.78,63.3276,2.0312,3134.12,3994.87,41.9413,2.07015,-23.3464,1.10011e+17,15,G,127.6892,1.565829276,,,,,0.1612879912392057,0.0754243056679276,G,99999900.0,LLLAGLLFLLLGTLLGSLILI,18291.602913847342,1106.532326381653,13.12144662192532,0.06441923184713111,LLLAGLLFLLLGTLLGSLILI,Mutant
LLLAGLLFLLLGTLLGSLILI,LLLAGLLFLLLGALLGSLILI,GAS,void,,,,,,,,,,,3144.55,3964.71,60.7012,54.8417,3134.12,3994.87,89.5256,83.2877,-23.3464,1.1e+17,12,T,74.9803,42.24376454,3089.7083,3050.8323,38.876,0.0,0.249821655879573,0.0753632307962978,G,99999900.0,LLLAGLLFLLLGTLLGSLILI,19071.26853385157,1586.7783848587744,20.32402721020431,-0.02411443279323619,LLLAGLLFLLLGTLLGSLILI,Mutant
LLLAGLLFLLLGTLLGSLILI,LLLAGLLFLLLITLLGSLILI,GAS,clash,13.1597,-255.81,136510000.0,136510000.0,-74.1241,-281.855,-384.407,4038.1,-56.044,-28.4284,3134.12,3993.64,52.4962,0.0,3134.12,3994.87,39.6319,0.0,-23.3464,1.10011e+17,11,G,130.2678,0.0,,,,,0.3020442115586685,0.109179292741482,G,99999900.0,LLLAGLLFLLLGTLLGSLILI,19528.1887509832,1918.0145095389853,24.57254857586199,-0.0763369884723317,LLLAGLLFLLLGTLLGSLILI,Mutant
LLLTALLFLLLGYLLGSLILI,LLLTALLFLLLGYLLISLILI,GAS,clash,16.4379,-268.957,6058340.0,6058030.0,-60.326,-280.29,-367.167,4142.67,-58.1195,-26.551,3174.16,4192.66,60.8303,8.18466,3174.58,4176.7,41.3995,7.83405,-22.501,1.10011e+17,15,G,121.53574,6.309462506,,,,,0.1854492617415195,0.0581970749021013,G,99999900.0,LLLTALLFLLLGYLLGSLILI,18515.315856045363,1416.9986851239448,15.08706612513942,0.9062517791024469,LLLTALLFLLLGYLLGSLILI,Mutant
LLLTALLFLLLGYLLGSLILI,LLLTALLFLLLIYLLGSLILI,GAS,clash,16.439,-268.957,619887000000.0,619887000000.0,-60.326,-286.589,-374.044,4096.43,-53.4858,-27.1288,3173.63,4175.59,51.9778,1.67057,3174.58,4176.7,39.1287,1.16214,-22.501,1.10011e+17,11,G,128.59723,1.282412077,,,,,0.3436147620189146,0.0940788504004904,G,99999900.0,LLLTALLFLLLGYLLGSLILI,19842.83375861006,817.6564252811817,27.95448516467593,0.7480862788250519,LLLTALLFLLLGYLLGSLILI,Mutant
LLLTALLFLLLGYLLGSLILI,LLLTALLFLLLGALLGSLILI,GAS,void,,,,,,,,,,,3198.29,4015.03,60.4341,56.2911,3174.58,4176.7,168.324,143.562,-22.501,1.1e+17,12,Y,73.5309,43.3602163,3141.9989,3031.018,110.9809,0.0,0.5880292729130145,0.0298461359915272,G,99999900.0,LLLTALLFLLLGYLLGSLILI,21956.1572457744,1342.7120292242755,47.83861871783376,0.5036717679309519,LLLTALLFLLLGYLLGSLILI,Mutant
LLLTALLFLLLGYLLGSLILI,LLLTALLALLLGYLLGSLILI,GAS,void,,,,,,,,,,,3179.87,4017.01,57.2829,16.7406,3174.58,4176.7,157.321,84.9675,-22.501,1.1e+17,7,F,112.8548,12.91758812,3163.1294,3089.6125,73.5169,0.0,0.987361658651537,0.0505255765108124,G,99999900.0,LLLTALLFLLLGYLLGSLILI,25372.300136937138,1372.132247699254,80.32596352023106,0.10433938219242944,LLLTALLFLLLGYLLGSLILI,Mutant
LLLYTLLAILLGLLLGFLILI,LLLYTLLAILLILLLGFLILI,GAS,clash,17.2008,-266.794,629784000000.0,629784000000.0,-44.9774,-280.226,-356.627,4271.7,-46.5115,-31.4235,3509.14,4192.07,58.7715,0.0,3509.14,4173.5,38.1072,0.0,-22.1321,1.10011e+17,11,G,130.2678,0.0,,,,,0.1430072048725808,0.0502044276025664,G,99999900.0,LLLYTLLAILLGLLLGFLILI,18148.19632179691,1383.0813828170485,11.634228877606477,0.08231110350279808,LLLYTLLAILLGLLLGFLILI,Mutant
LLLYTLLAILLGLLLGFLILI,LLLYTLLAILLGLLLIFLILI,GAS,clash,17.2004,-266.794,2441100.0,2440800.0,-44.9774,-274.306,-350.904,4270.82,-48.212,-31.6199,3507.4,4194.1,63.2405,10.3554,3509.14,4173.5,41.9189,11.2974,-22.1321,1.10011e+17,15,G,119.365,7.982861601,,,,,0.1924290677426175,0.1298796512887464,G,99999900.0,LLLYTLLAILLGLLLGFLILI,18593.085523721515,2043.1883852598844,15.654902274446858,0.032889240632761385,LLLYTLLAILLGLLLGFLILI,Mutant
LLLYTLLAILLGLLLGFLILI,LLLYTLLAALLGLLLGFLILI,GAS,void,,,,,,,,,,,3541.79,4166.72,50.3879,48.3241,3509.14,4173.5,85.4175,85.4406,-22.1321,1.1e+17,8,I,83.0055,36.79604598,3493.4659,3423.6994,69.7665,0.0,0.2641615561208622,0.078615696085487,G,99999900.0,LLLYTLLAILLGLLLGFLILI,19197.079404347463,1705.7427425186463,21.49063753335447,-0.038843247745483284,LLLYTLLAILLGLLLGFLILI,Mutant
LLLYTLLAILLGLLLGFLILI,LLLYTLLAILLGLLLGALILI,GAS,void,,,,,,,,,,,3453.15,4048.17,58.9207,117.241,3509.14,4173.5,150.274,265.893,-22.1321,1.1e+17,16,F,12.2218,90.55960477,3335.909,3243.247,92.662,0.0,0.3627356329026935,0.2221376584797525,G,99999900.0,LLLYTLLAILLGLLLGFLILI,19981.78067060688,662.7231126054115,29.510047266594185,-0.13741732452731462,LLLYTLLAILLGLLLGFLILI,Mutant
LLLTSLLLGLLFALLAYLILI,LLLTSLLLGLLFILLAYLILI,GAS,clash,15.6362,-271.411,29467.5,29162.6,-44.9453,-279.549,-351.221,4202.96,-49.1971,-26.727,3232.71,4199.12,41.1589,1.03799,3232.71,4199.12,41.1589,1.03799,-21.9286,1.10011e+17,12,A,128.78401,0.799548613,,,,,0.1709918671360195,0.0599139312987174,G,99999900.0,LLLTSLLLGLLFALLAYLILI,18394.88069630023,1539.0050737693095,13.91089714844957,0.037405997102329,LLLTSLLLGLLFALLAYLILI,Mutant
LLLTSLLLGLLFALLAYLILI,LLLTSLLLGLLFALLIYLILI,GAS,clash,15.639,-271.411,1320050000.0,1320050000.0,-44.9453,-272.443,-348.344,4172.3,-49.5986,-30.9557,3232.71,4199.12,55.4942,4.42807,3232.71,4199.12,55.4942,4.42807,-21.9286,1.10011e+17,15,A,128.78401,0.799548613,,,,,0.2157663041620107,0.0209389622558538,G,99999900.0,LLLTSLLLGLLFALLAYLILI,18768.734701219088,1236.9536312726668,17.55348318941509,-0.007368439923662207,LLLTSLLLGLLFALLAYLILI,Mutant
LLLTSLLLGLLFALLAYLILI,LLLTSLLLGLLAALLAYLILI,GAS,void,,,,,,,,,,,3251.47,4035.89,59.1538,39.1064,3232.71,4199.12,163.84,115.805,-21.9286,1.1e+17,11,F,91.1614,30.02000494,3212.3636,3116.905,95.4586,0.0,0.2447291015051962,0.1202678063685608,G,99999900.0,LLLTSLLLGLLFALLAYLILI,19025.821370463225,1808.592719045172,19.90972680334058,-0.0363312372668477,LLLTSLLLGLLFALLAYLILI,Mutant
LLLTSLLLGLLFALLAYLILI,LLLTSLLLGLLFALLAALILI,GAS,void,,,,,,,,,,,3228.33,4034.3,58.2142,90.763,3232.71,4199.12,169.413,214.811,-21.9286,1.1e+17,16,Y,38.6998,70.10739765,3137.567,3017.899,119.668,0.0,0.2458523685118666,0.0633979343891385,G,99999900.0,LLLTSLLLGLLFALLAYLILI,19034.494595210843,1571.315558664684,20.001109230246342,-0.0374545042735181,LLLTSLLLGLLFALLAYLILI,Mutant
LLLTSLLFALLGLLLGVLILI,LLLTSLLFALLGALLGVLILI,GAS,void,,,,,,,,,,,3128.11,3972.06,62.75,52.1353,3106.62,4048.87,125.932,89.6816,-21.873,1.1e+17,12,L,77.6867,40.15906395,3075.9747,3016.9384,59.0363,0.0,0.2485905314494983,0.2355968725215312,G,99999900.0,LLLTSLLFALLGLLLGVLILI,19056.256563087227,2338.613953807829,20.223870134838325,0.10627494612224672,LLLTSLLFALLGLLLGVLILI,Mutant
LLLTSLLFALLGLLLGVLILI,LLLTSLLFALLILLLGVLILI,GAS,clash,15.9678,-265.624,260253000.0,260253000.0,-44.9724,-270.227,-353.512,4148.12,-52.561,-38.3128,3106.62,4047.66,50.0227,1.251,3106.62,4048.87,36.7037,1.251,-21.873,1.10011e+17,11,G,129.0168,0.960329414,,,,,0.3257572579024199,0.0105668340333821,G,99999900.0,LLLTSLLFALLGLLLGVLILI,19705.220041843328,1111.302260657567,26.501703185899327,0.02910821966932514,LLLTSLLFALLGLLLGVLILI,Mutant
LLLTSLLFALLGLLLGVLILI,LLLTSLLFILLGLLLGVLILI,GAS,clash,16.0096,-264.444,179863.0,179558.0,-44.9724,-269.89,-353.922,4078.72,-57.3535,-39.0603,3106.62,4048.87,54.0147,7.05984,3106.62,4048.87,54.0147,7.05984,-21.873,1.10011e+17,8,A,124.26976,5.375665501,,,,,0.3417015185630195,0.1072206119132558,G,99999900.0,LLLTSLLFALLGLLLGVLILI,19850.52488002205,1668.4623013800378,27.798834879193468,0.013163959008725523,LLLTSLLFALLGLLLGVLILI,Mutant
LLLTSLLFALLGLLLGVLILI,LLLTSLLAALLGLLLGVLILI,GAS,void,,,,,,,,,,,3110.4,3865.02,61.183,31.0504,3106.62,4048.87,167.998,120.181,-21.873,1.1e+17,7,F,98.545,23.95949239,3079.3496,2986.439,92.9106,0.0,0.4582467467280405,0.2446579649343266,G,99999900.0,LLLTSLLFALLGLLLGVLILI,20859.397243631964,2234.980067709857,37.28027226742044,-0.10338126915629547,LLLTSLLFALLGLLLGVLILI,Mutant
LLLSSLLALLLGVLLGTLILI,LLLSSLLALLLGVLLITLILI,GAS,clash,15.8,-264.781,8106350.0,8106050.0,-58.7566,-269.538,-377.215,4066.29,-59.5072,-48.9203,3082.89,3917.34,63.7661,6.59767,3082.63,3894.77,41.9608,6.44712,-21.5114,1.10011e+17,15,G,123.12273,5.086069732,,,,,0.1655424124608665,0.0440897474981119,G,99999900.0,LLLSSLLALLLGVLLGTLILI,18341.25837135096,1373.8404556709927,13.467561422775034,0.3937049317330672,LLLSSLLALLLGVLLGTLILI,Mutant
LLLSSLLALLLGVLLGTLILI,LLLSSLLAALLGVLLGTLILI,GAS,void,,,,,,,,,,,3103.16,3826.02,63.5484,50.7504,3082.63,3894.77,124.013,90.6565,-21.5114,1.1e+17,8,L,80.5792,38.64353504,3052.4096,2991.9735,60.4361,0.0,0.2196748472281673,0.0639642857627995,G,99999900.0,LLLSSLLALLLGVLLGTLILI,18811.86460686991,1538.7691200479992,17.87145936865839,0.3395724969657664,LLLSSLLALLLGVLLGTLILI,Mutant
LLLSSLLALLLGVLLGTLILI,LLLSSLLALLLIVLLGTLILI,GAS,clash,15.7931,-264.781,257011000000.0,257011000000.0,-58.7566,-278.09,-386.495,4031.71,-54.967,-49.6482,3081.85,3914.84,61.6814,0.931702,3082.63,3894.77,40.6937,0.4959,-21.5114,1.10011e+17,11,G,129.336098,0.715220492,,,,,0.2208539548448553,0.0432193178230355,G,99999900.0,LLLSSLLALLLGVLLGTLILI,18817.82553987882,1442.9263344343112,17.967384660647,0.3383933893490785,LLLSSLLALLLGVLLGTLILI,Mutant
LLLSSLLALLLGVLLGTLILI,LLLSSLLALLLGALLGTLILI,GAS,void,,,,,,,,,,,3093.04,3875.44,59.6371,67.437,3082.63,3894.77,84.3711,101.176,-21.5114,1.1e+17,12,V,62.385,51.94574109,3025.603,2981.454,44.149,0.0,0.2921188444800806,0.0841507118643752,G,99999900.0,LLLSSLLALLLGVLLGTLILI,19436.2665618107,1688.6187886609994,23.765078823625107,0.26712849971385316,LLLSSLLALLLGVLLGTLILI,Mutant
LLLYSLLALLLGTLLGFLILI,LLLYSLLALLLITLLGFLILI,GAS,clash,17.5119,-268.802,7.24e+16,7.24e+16,-58.7271,-277.961,-357.91,4255.67,-54.2178,-21.2218,3405.02,4205.87,61.3519,0.508435,3405.39,4186.92,40.9297,0.363168,-21.3296,1.10011e+17,11,G,129.759365,0.390299829,,,,,0.1211649813126041,0.0879978529723696,G,99999900.0,LLLYSLLALLLGTLLGFLILI,17962.763200221547,1542.63904390159,9.857273455542003,0.020131690925049198,LLLYSLLALLLGTLLGFLILI,Mutant
LLLYSLLALLLGTLLGFLILI,LLLYSLLAALLGTLLGFLILI,GAS,void,,,,,,,,,,,3432.32,4114.94,58.6647,45.8915,3405.39,4186.92,119.971,81.5046,-21.3296,1.1e+17,8,L,85.4381,34.94375982,3386.4285,3323.8854,62.5431,0.0,0.1465819869327955,0.1011078707573787,G,99999900.0,LLLYSLLALLLGTLLGFLILI,18193.11314578458,1814.8008592530875,11.925052215585536,-0.005285314695142207,LLLYSLLALLLGTLLGFLILI,Mutant
LLLYSLLALLLGTLLGFLILI,LLLASLLALLLGTLLGFLILI,GAS,void,,,,,,,,,,,3229.74,3991.86,65.1209,91.5937,3405.39,4186.92,186.982,324.375,-21.3296,1.1e+17,3,Y,78.1371,53.9641008,3138.1463,3081.015,57.1313,0.0,0.1990909783218338,0.0317555553738003,G,99999900.0,LLLYSLLALLLGTLLGFLILI,18626.86087851701,1312.645250343976,16.196876313515784,-0.05779430608418051,LLLYSLLALLLGTLLGFLILI,Mutant
LLLYSLLALLLGTLLGFLILI,LLLYSLLILLLGTLLGFLILI,GAS,clash,18.0255,-267.597,22244600000.0,22244600000.0,-58.7271,-276.669,-353.695,4246.39,-58.9298,-18.2995,3405.39,4186.92,59.5305,11.3001,3405.39,4186.92,59.5305,11.3001,-21.3296,1.10011e+17,7,A,118.2953,8.719522452,,,,,0.2001548726867194,0.0598598958696385,G,99999900.0,LLLYSLLALLLGTLLGFLILI,18627.073202491505,1141.0348950385517,16.28342852991427,-0.05885820044906609,LLLYSLLALLLGTLLGFLILI,Mutant
LLLTVLLALLLGFLLGSLILI,LLLTVLLALLLGFLLISLILI,GAS,clash,17.1156,-263.933,7294340.0,7294040.0,-60.3442,-276.291,-375.275,4121.97,-54.6226,-38.64,3184.77,4005.67,58.6216,2.59361,3184.77,3992.71,40.8756,2.59361,-21.2463,1.10011e+17,15,G,127.12679,1.999384831,,,,,0.2260470461812923,0.0502259642080777,G,99999900.0,LLLTVLLALLLGFLLGSLILI,18864.34258655783,1492.7732346147077,18.389864166097485,0.5482561031643289,LLLTVLLALLLGFLLGSLILI,Mutant
LLLTVLLALLLGFLLGSLILI,LLLTVLLALLLIFLLGSLILI,GAS,clash,17.1158,-263.933,22418000000000.0,22418000000000.0,-60.3442,-285.672,-386.01,4080.31,-50.0301,-39.9935,3183.59,4013.14,62.3737,3.70431,3184.77,3992.71,40.7616,2.54218,-21.2463,1.10011e+17,11,G,126.56349,2.843611391,,,,,0.2304471187701045,0.0938892511354561,G,99999900.0,LLLTVLLALLLGFLLGSLILI,18883.97202984195,1216.6170218941588,18.74782830938617,0.5438560305755168,LLLTVLLALLLGFLLGSLILI,Mutant
LLLTVLLALLLGFLLGSLILI,LLLTVLLALLLGALLGSLILI,GAS,void,,,,,,,,,,,3182.95,3854.32,58.0771,55.9299,3184.77,3992.71,156.405,157.876,-21.2463,1.1e+17,12,F,73.8921,43.08198919,3127.0201,3026.894,100.1261,1.0,0.3490613268371178,0.0407875719770231,G,99999900.0,LLLTVLLALLLGFLLGSLILI,19905.822782005525,1238.761366848889,28.39758578850922,0.42524182250850345,LLLTVLLALLLGFLLGSLILI,Mutant
LLLTVLLALLLGFLLGSLILI,LLLTVLLAALLGFLLGSLILI,GAS,void,,,,,,,,,,,3208.87,3945.1,65.7388,53.2208,3184.77,3992.71,118.598,88.2911,-21.2463,1.1e+17,8,L,78.1088,40.52460375,3155.6492,3096.4789,59.1703,1.0,0.76241583884881,0.1477237636644063,G,99999900.0,LLLTVLLALLLGFLLGSLILI,23444.67738434055,1492.3010304040292,62.02568868458517,0.011887310496811243,LLLTVLLALLLGFLLGSLILI,Mutant
LLLVLLLTGLLFALLAYLILI,LLLVLLLTGLLFILLAYLILI,GAS,clash,16.1417,-262.909,89977.4,89680.7,-58.7499,-280.623,-358.081,4254.96,-49.9579,-18.7081,3211.96,4238.01,41.0351,1.06438,3211.96,4238.01,41.0351,1.06438,-20.5014,1.10011e+17,12,A,128.75762,0.819876446,,,,,0.1858718721696062,0.0333574975584418,G,99999900.0,LLLVLLLTGLLFALLAYLILI,18514.638707894184,1334.0324529094803,15.12144723517374,0.05163678121141879,LLLVLLLTGLLFALLAYLILI,Mutant
LLLVLLLTGLLFALLAYLILI,LLLVLLLTGLLFALLIYLILI,GAS,clash,16.1446,-262.909,431511000.0,431511000.0,-58.7499,-273.004,-354.714,4222.9,-50.4027,-22.9601,3211.96,4238.01,55.2011,5.23232,3211.96,4238.01,55.2011,5.23232,-20.5014,1.10011e+17,15,A,128.75762,0.819876446,,,,,0.1967733243369459,0.0174463816018248,G,99999900.0,LLLVLLLTGLLFALLAYLILI,18604.54548228734,1217.4799472853165,16.008325555228414,0.040735329044079116,LLLVLLLTGLLFALLAYLILI,Mutant
LLLVLLLTGLLFALLAYLILI,LLLVLLLTGLLAALLAYLILI,GAS,void,,,,,,,,,,,3230.82,4075.61,57.3173,34.6673,3211.96,4238.01,161.45,111.037,-20.5014,1.1e+17,11,F,95.6005,26.61233244,3196.1527,3100.923,95.2297,0.0,0.2420026311945756,0.0439788119369319,G,99999900.0,LLLVLLLTGLLFALLAYLILI,18999.522552704817,1443.6781350748813,19.6879171424216,-0.004493977813550598,LLLVLLLTGLLFALLAYLILI,Mutant
LLLVLLLTGLLFALLAYLILI,LLLVLLLTGLLFALLAALILI,GAS,void,,,,,,,,,,,3215.52,4078.49,58.8827,88.7788,3211.96,4238.01,167.842,205.149,-20.5014,1.1e+17,16,Y,40.684,68.57475661,3126.7412,3006.811,119.9302,0.0,0.2932903948008561,0.1166479249949076,G,99999900.0,LLLVLLLTGLLFALLAYLILI,19452.32576932697,1882.39328147607,23.86038929826644,-0.05578174141983111,LLLVLLLTGLLFALLAYLILI,Mutant
LLLTYLLALLLGVLLGSLILI,LLLTYLLALLLIVLLGSLILI,GAS,clash,17.9883,-266.605,5503900000.0,5503900000.0,-60.2923,-286.189,-385.325,4158.59,-50.3608,-38.8438,3159.43,4083.0,59.7454,0.0726336,3159.63,4064.88,38.7306,0.0726336,-20.1072,1.10011e+17,11,G,130.1951664,0.05575714,,,,,0.1150179047680242,0.0707884165366272,G,99999900.0,LLLTYLLALLLGVLLGSLILI,17895.652126396584,1083.2392798974602,9.35718329916471,0.6876865322029097,LLLTYLLALLLGVLLGSLILI,Mutant
LLLTYLLALLLGVLLGSLILI,LLLTYLLALLLGVLLISLILI,GAS,clash,17.9857,-266.605,124171000.0,124171000.0,-60.2923,-277.469,-375.664,4201.15,-54.8881,-37.9022,3159.71,4087.27,63.4392,5.76247,3159.63,4064.88,41.8188,5.67928,-20.1072,1.10011e+17,15,G,123.95793,4.442223428,,,,,0.2450026199872686,0.0449355901290607,G,99999900.0,LLLTYLLALLLGVLLGSLILI,19021.76532337424,1325.3592768010465,19.93197866558432,0.5577018169836653,LLLTYLLALLLGVLLGSLILI,Mutant
LLLTYLLALLLGVLLGSLILI,LLLTYLLAALLGVLLGSLILI,GAS,void,,,,,,,,,,,3178.73,4004.23,64.3027,54.4435,3159.63,4064.88,121.081,99.5706,-20.1072,1.1e+17,8,L,76.8861,41.45562006,3124.2865,3060.0594,64.2271,1.0,0.4531364541744989,0.0504720488449179,G,99999900.0,LLLTYLLALLLGVLLGSLILI,20799.24504831209,1249.3471103669708,36.86452878615735,0.349567982796435,LLLTYLLALLLGVLLGSLILI,Mutant
LLLTYLLALLLGVLLGSLILI,LLLTALLALLLGVLLGSLILI,GAS,void,,,,,,,,,,,3192.9,3896.64,50.2193,58.5954,3159.63,4064.88,164.481,166.491,-20.1072,1.1e+17,4,Y,79.8798,42.31472495,3134.3046,2993.139,141.1656,1.0,2.4633492662727474,2.0467296176763945,G,99999900.0,LLLTYLLALLLGVLLGSLILI,37945.89933851433,14206.53660095436,200.403673331259,-1.6606448293018135,LLLTYLLALLLGVLLGSLILI,Mutant
LLLYVLLFTLLGALLGLLILI,LLLYVLLFTLLIALLGLLILI,GAS,clash,14.9865,-261.046,13861700000.0,13861700000.0,-58.7108,-276.135,-356.432,4253.42,-52.2018,-21.5857,3404.85,4207.99,54.4352,0.502168,3404.85,4203.79,39.4913,0.502168,-19.5858,1.10011e+17,11,G,129.765632,0.38548897,,,,,0.171913712214924,0.081163899804226,G,99999900.0,LLLYVLLFTLLGALLGLLILI,18385.76729725174,1237.9607659784078,13.985893066642818,0.0357995877177765,LLLYVLLFTLLGALLGLLILI,Mutant
LLLYVLLFTLLGALLGLLILI,LLLYVLLFTLLGALLILLILI,GAS,clash,14.9857,-261.045,37522600.0,37522300.0,-58.7108,-271.946,-351.705,4279.1,-55.9222,-21.0489,3404.73,4224.3,60.3754,10.7879,3404.85,4203.79,38.9332,10.4848,-19.5858,1.10011e+17,15,G,118.9325,8.316270995,,,,,0.1751406097815959,0.0606875927504749,G,99999900.0,LLLYVLLFTLLGALLGLLILI,18415.67463713035,1226.0864344611605,14.248414559099814,0.03257269015110459,LLLYVLLFTLLGALLGLLILI,Mutant
LLLYLLLGALLGTLLSFLILI,LLLYLLLGALLITLLSFLILI,GAS,clash,14.8852,-265.304,50362500000.0,50362500000.0,-73.9921,-279.476,-370.424,4288.77,-51.6788,-16.9556,3417.52,4145.36,54.4839,7.58635,3418.96,4122.3,31.5453,5.84314,-18.6621,1.10011e+17,11,G,122.68145,5.823657113,,,,,0.1142304443079555,0.0624499475888209,G,99999900.0,LLLYLLLGALLGTLLSFLILI,17903.978194541192,1460.1114289018149,9.29312012673457,0.4143381156922168,LLLYLLLGALLGTLLSFLILI,Mutant
LLLYLLLGALLGTLLSFLILI,LLLYLLLGALLGTLLIFLILI,GAS,clash,14.8871,-262.093,700545000.0,700545000.0,-58.7234,-269.047,-344.54,4263.62,-55.2402,-16.7699,3419.9,4112.56,59.1023,15.9864,3418.96,4122.3,70.3474,15.2333,-18.6621,1.10011e+17,15,S,113.734,12.32373628,,,,,0.1189270639564917,0.0699923605659583,G,99999900.0,LLLYLLLGALLGTLLSFLILI,17927.83102415791,1033.410825340529,9.675209602511815,0.40964149604368055,LLLYLLLGALLGTLLSFLILI,Mutant
LLLYLLLGALLGTLLSFLILI,LLLYALLGALLGTLLSFLILI,GAS,void,,,,,,,,,,,3455.26,4027.22,66.2473,44.1683,3418.96,4122.3,135.194,79.1032,-18.6621,1.1e+17,4,L,94.3069,31.89618069,3411.0917,3339.8568,71.2349,1.0,0.4996444147630926,0.0675129060828964,G,99999900.0,LLLYVLLGALLGTLLSFLILI,21203.07481229396,1447.251006965515,40.6481441543516,0.028924145237079646,LLLYLLLGALLGTLLSFLILI,Mutant
LLLYLLLGALLGTLLSFLILI,LLLYLLLGALLGTLLSALILI,GAS,void,,,,,,,,,,,3345.18,4066.9,56.0068,105.981,3418.96,4122.3,132.595,259.595,-18.6621,1.1e+17,16,F,23.4818,81.86212565,3239.199,3159.365,79.834,1.0,0.7807832675167024,0.1744417186480598,G,99999900.0,LLLYLLLGALLGTLLSFLILI,23566.532507519554,164.62604112370332,63.51995513924224,-0.2522147075165301,LLLYLLLGALLGTLLSFLILI,Mutant
LLLTLLLGLLLGVLLASLILI,LLLTLLLILLLGVLLASLILI,GAS,clash,18.1299,-260.191,81713300000.0,81713300000.0,-60.2643,-282.368,-399.399,4111.56,-47.5101,-56.7667,3184.83,3971.01,54.8077,0.0,3184.83,3963.18,38.4866,0.0,-17.8028,1.10011e+17,7,G,129.5954,0.0,,,,,0.2212981480856959,0.0967780123677557,G,99999900.0,LLLTLLLGLLLGVLLASLILI,18827.361017643165,1744.034382191143,18.003521621959052,0.8603745488558276,LLLTLLLGLLLGVLLASLILI,Mutant
LLLTLLLGLLLGVLLASLILI,LLLTLLLGLLLIVLLASLILI,GAS,clash,17.4811,-260.211,3344210000.0,3344210000.0,-60.2643,-282.462,-398.677,4145.02,-49.6062,-55.9503,3184.44,3983.39,57.5401,3.00383,3184.83,3963.18,36.4193,3.1491,-17.8028,1.10011e+17,11,G,127.26397,2.305888332,,,,,0.2255118425921238,0.0520872440076841,G,99999900.0,LLLTLLLGLLLGVLLASLILI,18844.963840975764,1144.76929543549,18.34632313571338,0.8561608543493997,LLLTLLLGLLLGVLLASLILI,Mutant
LLLTLLLGLLLGVLLASLILI,LLLTALLGLLLGVLLASLILI,GAS,void,,,,,,,,,,,3178.33,3875.56,57.5435,57.1122,3184.83,3963.18,124.532,123.801,-17.8028,1.1e+17,4,L,81.363,41.24363063,3121.2178,3061.029,60.1888,0.0,1.0056728987120866,0.083599242054453,G,99999900.0,LLLTLLLGLLLGVLLASLILI,25540.877379947226,1763.0859783572507,81.81565879878046,0.07599979822943692,LLLTLLLGLLLGVLLASLILI,Mutant
LLLTLLLGLLLGVLLASLILI,LLLTLLLGALLGVLLASLILI,GAS,void,,,,,,,,,,,3205.26,3876.47,61.4439,54.4001,3184.83,3963.18,128.482,96.0035,-17.8028,1.1e+17,8,L,76.9295,41.42257343,3150.8599,3088.8265,62.0334,0.0,1.1033845848246162,0.0795834239982625,G,99999900.0,LLLTLLLGLLLGVLLASLILI,26350.99612338285,978.9044198585094,89.76490947648512,-0.02171188788309264,LLLTLLLGLLLGVLLASLILI,Mutant
LLLYLLLGTLLGILLAFLILI,LLLYLLLGTLLGILLIFLILI,GAS,clash,14.5451,-264.42,13937300.0,13937000.0,-58.7658,-272.963,-348.296,4287.55,-54.6396,-16.5671,3518.43,4239.0,63.9671,16.981,3518.43,4239.0,63.9671,16.981,-16.7257,1.10011e+17,15,A,112.7394,13.09046226,,,,,0.1298375711772846,0.0891956543751264,G,99999900.0,LLLYLLLGTLLGILLAFLILI,18022.854333765856,1183.8031796782495,10.562824588697868,0.29795090598340657,LLLYLLLGTLLGILLAFLILI,Mutant
LLLYLLLGTLLGILLAFLILI,LLLYLLLGTLLIILLAFLILI,GAS,clash,14.5453,-265.6,1916460000.0,1916460000.0,-58.7658,-277.751,-355.868,4310.1,-51.3153,-19.351,3518.43,4261.25,58.3401,0.0,3518.43,4239.0,36.8204,0.0,-16.7257,1.10011e+17,11,G,130.2678,0.0,,,,,0.1575851403891106,0.0461741573053784,G,99999900.0,LLLYLLLGTLLGILLAFLILI,18265.17162789721,1166.791576851766,12.820204357047617,0.2702033367715806,LLLYLLLGTLLGILLAFLILI,Mutant
LLLYLLLGTLLGILLAFLILI,LLLYALLGTLLGILLAFLILI,GAS,void,,,,,,,,,,,3547.18,4144.91,61.6041,85.0812,3518.43,4239.0,130.753,127.475,-16.7257,1.1e+17,4,L,53.394,61.44147111,3462.0988,3390.955,71.1438,0.0,0.2843493897031202,0.1641413626479405,G,99999900.0,LLLYLLLGTLLGILLAFLILI,19377.75078824338,2021.903496913709,23.133001473327205,0.143439087457571,LLLYLLLGTLLGILLAFLILI,Mutant
LLLYLLLGTLLGILLAFLILI,LLLYLLLGTLLGALLAFLILI,GAS,void,,,,,,,,,,,3539.95,4211.44,56.7914,55.7699,3518.43,4239.0,97.8445,104.156,-16.7257,1.1e+17,12,I,74.0521,42.95874351,3484.1801,3414.274,69.9061,0.0,0.7700384864426832,0.0715108747608688,G,99999900.0,LLLYLLLGTLLGILLAFLILI,23503.663114037805,1072.776350548823,62.645822662026895,-0.34225000928199206,LLLYLLLGTLLGILLAFLILI,Mutant
LLLYFLLAVLLGLLLGSLILI,LLLYFLLIVLLGLLLGSLILI,GAS,clash,26.8982,-264.777,802421000.0,802420000.0,-60.2613,-288.894,-369.626,4255.75,-46.8371,-20.4707,3268.14,4161.48,57.636,0.0,3268.14,4161.48,57.636,0.0,-16.4919,1.10011e+17,7,A,129.5954,0.0,,,,,0.1802207414335657,0.0705455395569936,G,99999900.0,LLLYFLLAVLLGLLLGSLILI,18462.612990000016,1358.5002057577324,14.661704326003871,0.05850459923893381,LLLYFLLAVLLGLLLGSLILI,Mutant
LLLYFLLAVLLGLLLGSLILI,LLLYFLLAVLLILLLGSLILI,GAS,clash,26.3539,-265.975,10882600000.0,10882600000.0,-60.2613,-285.835,-369.057,4292.15,-46.8371,-22.9609,3268.14,4179.28,58.2138,0.0,3268.14,4161.48,38.064,0.0,-16.4919,1.10011e+17,11,G,130.2678,0.0,,,,,0.2277994062249005,0.1620267656956441,G,99999900.0,LLLYFLLAVLLGLLLGSLILI,18873.889558072417,1863.8586948187208,18.532425919132763,0.010925934447599012,LLLYFLLAVLLGLLLGSLILI,Mutant
LLLYFLLAVLLGLLLGSLILI,LLLYALLAVLLGLLLGSLILI,GAS,void,,,,,,,,,,,3296.1,4007.94,60.2627,62.016,3268.14,4161.48,160.752,138.504,-16.4919,1.1e+17,4,F,76.4592,44.78491456,3234.084,3129.636,104.448,0.0,0.2663077957162661,0.161208263858587,G,99999900.0,LLLYFLLAVLLGLLLGSLILI,19209.31266340752,1712.8893335840285,21.665243020549045,-0.027582455043766607,LLLYFLLAVLLGLLLGSLILI,Mutant
LLLYFLLAVLLGLLLGSLILI,LLLAFLLAVLLGLLLGSLILI,GAS,void,,,,,,,,,,,3124.61,3974.63,66.458,88.7522,3268.14,4161.48,185.296,306.236,-16.4919,1.1e+17,3,Y,80.9786,52.28997919,3035.8578,2961.904,73.9538,0.0,0.6205891993572171,0.0610077332044051,G,99999900.0,LLLTFLLAVLLGLLLGSLILI,22244.60211861804,1657.154181084971,50.48750369413549,-0.3818638586847176,LLLYFLLAVLLGLLLGSLILI,Mutant
LLLLFLLGILLGTLLASLILI,LLLLFLLIILLGTLLASLILI,GAS,clash,18.9379,-250.865,7472180000.0,7472180000.0,-74.072,-286.383,-393.262,4100.43,-58.2627,-32.8069,3166.71,4137.49,55.2271,0.0,3166.71,4138.47,43.389,0.0,-16.4292,1.10011e+17,7,G,129.5954,0.0,,,,,0.2414294085478535,0.1690554933156215,G,99999900.0,LLLLFLLGILLGTLLASLILI,18988.81370203179,1867.604414466967,19.641283104117484,0.911159137742416,LLLLFLLGILLGTLLASLILI,Mutant
LLLLFLLGILLGTLLASLILI,LLLLFLLGILLITLLASLILI,GAS,clash,18.3542,-250.879,10397300000.0,10397300000.0,-74.072,-285.113,-390.953,4144.78,-54.7308,-31.7687,3166.71,4160.9,59.9281,0.0,3166.71,4138.47,38.1793,0.0,-16.4292,1.10011e+17,11,G,130.2678,0.0,,,,,0.2458739463782093,0.0565948585726569,G,99999900.0,LLLLFLLGILLGTLLASLILI,19035.54769217453,1537.6776082065185,20.002864679113035,0.90671459991206,LLLLFLLGILLGTLLASLILI,Mutant
LLLLFLLGILLGTLLASLILI,LLLLALLGILLGTLLASLILI,GAS,void,,,,,,,,,,,3188.0,4006.69,51.3657,63.1234,3166.71,4138.47,149.585,140.534,-16.4292,1.1e+17,4,F,75.3518,45.58462454,3124.8766,3026.176,98.7006,0.0,0.2664852863983983,0.0246061192186014,G,99999900.0,LLLLFLLGILLGTLLASLILI,19194.28118426459,996.6518055891262,21.679682623234854,0.8861032598918711,LLLLFLLGILLGTLLASLILI,Mutant
LLLLFLLGILLGTLLASLILI,LLLAFLLGILLGTLLASLILI,GAS,void,,,,,,,,,,,3182.57,4015.0,68.2134,94.3059,3166.71,4138.47,141.12,151.584,-16.4292,1.1e+17,3,L,75.4249,55.56204295,3088.2641,3015.126,73.1381,0.0,1.2944812910202348,0.2785553634942443,G,99999900.0,LLLLFLLGILLGTLLASLILI,27961.894713425787,1537.5229352712947,105.31141861647892,-0.14189274472996538,LLLLFLLGILLGTLLASLILI,Mutant
LLLTFLLGLLLGYLLASLILI,LLLTFLLGLLLIYLLASLILI,GAS,clash,19.08,-264.538,78151400.0,78151100.0,-60.2384,-288.612,-375.386,4162.38,-47.3912,-26.5354,3187.84,4142.5,57.5137,0.0,3187.84,4123.45,37.0337,0.0,-16.3299,1.10011e+17,11,G,130.2678,0.0,,,,,0.2187116432214524,0.1004282495922884,G,99999900.0,LLLTFLLGLLLGYLLASLILI,18800.82488325697,1501.003614456848,17.793098730256062,1.0148744961360574,LLLTFLLGLLLGYLLASLILI,Mutant
LLLTFLLGLLLGYLLASLILI,LLLTFLLILLLGYLLASLILI,GAS,clash,19.9742,-264.49,753284.0,752989.0,-60.2384,-288.788,-376.071,4155.71,-50.0753,-27.0447,3187.84,4130.11,52.4003,0.0,3187.84,4123.45,37.2927,0.0,-16.3299,1.10011e+17,7,G,129.5954,0.0,,,,,0.3108971490677797,0.0427002224970249,G,99999900.0,LLLTFLLGLLLGYLLASLILI,19581.998758678423,1319.4766019185547,25.292771737428698,0.9226889902897302,LLLTFLLGLLLGYLLASLILI,Mutant
LLLTFLLGLLLGYLLASLILI,LLLTALLGLLLGYLLASLILI,GAS,void,,,,,,,,,,,3216.9,4024.57,54.6956,57.2408,3187.84,4123.45,143.495,121.36,-16.3299,1.1e+17,4,F,81.2344,41.33649924,3159.6592,3066.48,93.1792,0.0,1.0684358690287794,0.2176778649356742,G,99999900.0,LLLTFLLGLLLGYLLASLILI,26021.40848443014,358.10106853760794,86.92168658495692,0.16515027032873042,LLLTFLLGLLLGYLLASLILI,Mutant
LLLTFLLGLLLGYLLASLILI,LLLTFLLGLLLGALLASLILI,GAS,void,,,,,,,,,,,3228.77,3970.4,54.7361,79.1541,3187.84,4123.45,162.239,160.09,-16.3299,1.1e+17,12,Y,50.6679,60.97125295,3149.6159,3027.75,121.8659,0.0,1.3126131517129245,0.1739078664626107,G,99999900.0,LLLTFLLGLLLGYLLASLILI,28144.296221925244,1392.6095397704223,106.78652063993,-0.07902701235541465,LLLTFLLGLLLGYLLASLILI,Mutant
LLLYLLLGALLGILLSTLILI,LLLYLLLGALLIILLSTLILI,GAS,clash,15.2472,-261.48,5528750.0,5528450.0,-74.1632,-288.374,-395.338,4247.49,-51.5562,-32.8014,3488.89,4164.89,54.5852,4.25147,3489.55,4141.35,31.5236,3.74303,-14.2325,1.10011e+17,11,G,126.01633,3.263638443,,,,,0.0611932195451521,0.0538157360756732,G,99999900.0,LLLYLLLGALLGILLSTLILI,17439.9315932124,1031.532723804947,4.978322054334644,0.6876280560677434,LLLYLLLGALLGILLSTLILI,Mutant
LLLYLLLGALLGILLSTLILI,LLLYLLLIALLGILLSTLILI,GAS,clash,16.088,-261.441,217008000.0,217007000.0,-74.1632,-288.869,-396.267,4214.05,-54.3754,-33.2341,3483.04,4160.88,61.9439,25.8787,3489.55,4141.35,41.075,21.3356,-14.2325,1.10011e+17,7,G,103.7167,19.96884149,,,,,0.1279178991636405,0.048817832155977,G,99999900.0,LLLYLLLGALLGILLSTLILI,18022.235286106054,1436.2357445229782,10.40665131339632,0.620903376449255,LLLYLLLGALLGILLSTLILI,Mutant
LLLYLLLGALLGILLSTLILI,LLLYALLGALLGILLSTLILI,GAS,void,,,,,,,,,,,3523.69,4049.32,66.734,57.1915,3489.55,4141.35,134.485,101.928,-14.2325,1.1e+17,4,L,81.2837,41.3008972,3466.4985,3387.622,78.8765,0.0,0.543164342621938,0.0272740068379738,G,99999900.0,LLLYLLLGALLGILLSTLILI,21564.115847093173,1087.1989584308092,44.18867067466127,0.20565693299095744,LLLYLLLGALLGILLSTLILI,Mutant
LLLALLLGLLLGVLLSTLILI,LLLALLLILLLGVLLSTLILI,GAS,clash,26.9683,-269.444,28990400000.0,28990400000.0,-74.1192,-271.948,-391.048,4564.0,-51.9568,-44.9807,3611.41,4556.14,57.6879,0.0,3611.41,4542.45,38.6163,0.0,-16.0131,1.10011e+17,7,G,129.5954,0.0,,,,,0.2957471441436805,0.2142760058483881,G,99999900.0,LLLALLLGLLLGVLLSTLILI,19415.052764012173,1144.3602402642937,24.060256040468666,0.6396672427932035,LLLALLLGLLLGVLLSTLILI,Mutant
LLLALLLGLLLGVLLSTLILI,LLLALLLGLLLIVLLSTLILI,GAS,clash,26.3431,-269.464,15319500000.0,15319500000.0,-74.1192,-270.653,-389.705,4560.3,-53.7195,-44.9325,3611.01,4559.58,53.4774,2.08604,3611.41,4542.45,32.6347,2.21346,-16.0131,1.10011e+17,11,G,128.18176,1.601347378,,,,,0.317295816454552,0.0822024840424453,G,99999900.0,LLLALLLGLLLGVLLSTLILI,19647.1005716911,1679.2264121216958,25.81332985165598,0.618118570482332,LLLALLLGLLLGVLLSTLILI,Mutant
LLLALLLGLLLGVLLSTLILI,LLLAALLGLLLGVLLSTLILI,GAS,void,,,,,,,,,,,3205.01,3892.91,54.7666,63.3809,3206.43,3987.77,124.457,124.097,-14.0089,1.1e+17,4,L,75.0943,45.77057841,3141.6291,3082.333,59.2961,0.0,1.1634834654950053,0.0511614455867064,G,99999900.0,LLLAILLGLLLGVLLSTLILI,26891.31960836753,1765.821944452708,94.65420252735102,-0.2280690785581213,LLLALLLGLLLGVLLSTLILI,Mutant
LLLALLLGLLLGVLLSTLILI,LLLALLLGALLGVLLSTLILI,GAS,void,,,,,,,,,,,3223.94,3912.69,58.3507,63.2573,3206.43,3987.77,120.617,108.045,-14.0089,1.1e+17,8,L,68.0723,48.16682606,3160.6827,3098.385,62.2977,0.0,1.4169955078529402,0.0741988569525812,G,99999900.0,LLLALLLGFLLGVLLSTLILI,29059.63567010604,1787.55048555314,115.27845797412805,-0.4815811209160562,LLLALLLGLLLGVLLSTLILI,Mutant
LLLGYLLALLLGTLLSFLILI,LLLGYLLILLLGTLLSFLILI,GAS,clash,14.9216,-263.594,2920690.0,2920380.0,-74.0338,-280.064,-370.569,4175.39,-56.2574,-16.4712,3379.08,4117.73,58.8722,7.95178,3379.08,4117.73,58.8722,7.95178,-14.0,1.10011e+17,7,A,121.64362,6.135850501,,,,,0.1965949990958241,0.0290832848873754,G,99999900.0,LLLGYLLALLLGTLLSFLILI,18598.97054763056,1120.9275519108676,15.99381805770957,0.3758806558292874,LLLGYLLALLLGTLLSFLILI,Mutant
LLLGYLLALLLGTLLSFLILI,LLLGALLALLLGTLLSFLILI,GAS,void,,,,,,,,,,,3375.13,3983.59,53.7306,63.4414,3379.08,4117.73,162.995,199.101,-14.0,1.1e+17,4,Y,75.0338,45.81426855,3311.6886,3179.979,131.7096,1.0,0.2216643832419003,0.0903671576813147,G,99999900.0,LLLYALLALLLGTLLSFLILI,18835.64192031406,1771.3941563627964,18.03331636995168,0.35081127168321125,LLLGYLLALLLGTLLSFLILI,Mutant
LLLGYLLALLLGTLLSFLILI,LLLIYLLALLLGTLLSFLILI,GAS,clash,28.1034,-272.606,5280.14,4979.13,-74.0304,-275.634,-364.314,4624.9,-56.4993,-14.6491,3667.66,4734.84,61.479,23.2698,3674.84,4713.4,41.3367,10.7292,-24.9317,1.10011e+17,3,G,129.5954,0.0,,,,,0.3043752488095339,0.0333032385262309,G,99999900.0,LLLGYLLALLLGTLLSFLILI,19531.39028314398,1408.6816352339329,24.76218811830993,0.2681004061155776,LLLGYLLALLLGTLLSFLILI,Mutant
LLLGYLLALLLGTLLSFLILI,LLLGYLLAALLGTLLSFLILI,GAS,void,,,,,,,,,,,3406.13,4025.14,60.671,47.269,3379.08,4117.73,129.081,82.9884,-14.0,1.1e+17,8,L,84.0606,35.99264751,3358.861,3296.0916,62.7694,1.0,0.5299034005901337,0.0913798506283073,G,99999900.0,LLLGYLLALLLGTLLSFLILI,21461.762830668627,1481.192368184266,43.109838074107,0.0425722543349778,LLLGYLLALLLGTLLSFLILI,Mutant
LLLGYLLALLLGTLLSFLILI,LLLGYLLALLLGTLLSALILI,GAS,void,,,,,,,,,,,3586.02,4631.51,43.4742,81.5448,3674.84,4713.4,131.065,259.978,-24.9317,1.1e+17,16,F,47.918,62.98705111,3504.4752,3414.862,89.6132,1.0,0.8131152493496776,0.1136433749271728,G,99999900.0,LLLGYLLALLLGTLLSFLILI,23862.00017966573,794.0186316378062,66.15029587659603,-0.24063959442456606,LLLGYLLALLLGTLLSFLILI,Mutant
LLLTALLFLLLGVLLASLILI,LLLTALLFLLLIVLLASLILI,GAS,clash,16.1356,-265.271,23796700000.0,23796700000.0,-60.3462,-280.158,-380.546,4117.13,-47.1411,-40.0424,3213.74,4056.64,48.3822,9.95815,3215.47,4057.28,35.1818,6.90754,-13.6832,1.10011e+17,11,G,120.30965,7.644367987,,,,,0.2023068547325752,0.140648339426353,G,99999900.0,LLLTALLFLLLGVLLASLILI,18656.2989277622,1766.613339562515,16.45850118925542,0.6156100748198732,LLLTALLFLLLGVLLASLILI,Mutant
LLLTALLFLLLGVLLASLILI,LLLTALLFILLGVLLASLILI,GAS,clash,16.1602,-260.031,7371.4,7077.32,-60.3462,-276.757,-369.837,4010.16,-50.2139,-32.7338,3227.59,4004.87,61.2313,13.2008,3215.47,4057.28,116.343,23.7898,-13.6832,1.10011e+17,8,L,118.1288,10.05165629,,,,,0.269869872473566,0.1249619740030906,G,99999900.0,LLLTALLFLLLGVLLASLILI,19247.82210357753,1950.5528428134107,21.95503272947283,0.5480470570788825,LLLTALLFLLLGVLLASLILI,Mutant
LLLTALLFLLLGVLLASLILI,LLLTALLALLLGVLLASLILI,GAS,void,,,,,,,,,,,3221.07,3892.71,56.8583,15.7854,3215.47,4057.28,158.941,98.8269,-13.6832,1.1e+17,7,F,113.81,12.18052493,3205.2846,3116.6431,88.6415,1.0,0.787153883801115,0.0557674840021324,G,99999900.0,LLLTALLFLLLGVLLASLILI,23665.386644165388,1541.2381162385734,64.03823118002146,0.030763045751333484,LLLTALLFLLLGVLLASLILI,Mutant
LLLTALLFLLLGVLLASLILI,LLLTALLFLLLGALLASLILI,GAS,void,,,,,,,,,,,3223.47,4043.26,55.5169,59.7187,3215.47,4057.28,78.812,92.7388,-13.6832,1.1e+17,12,V,70.1033,46.00044677,3163.7513,3122.7312,41.0201,1.0,0.8789276944988336,0.0702263685116527,G,99999900.0,LLLTALLFLLLGVLLASLILI,24456.15640677145,1725.771186956725,71.50441108038888,-0.06101076494638513,LLLTALLFLLLGVLLASLILI,Mutant
LLLYVLLTLLLGTLLAFLILI,LLLYVLLTLLLITLLAFLILI,GAS,clash,16.3467,-268.133,100326000.0,100325000.0,-72.6251,-281.113,-372.405,4290.59,-55.3306,-18.6663,3478.37,4263.17,54.9838,1.3675,3479.5,4249.94,37.0611,1.22224,-13.112,1.10011e+17,11,G,128.9003,1.04976057,,,,,0.125217681781595,0.1310177729374662,G,99999900.0,LLLYVLLTLLLGTLLAFLILI,17977.77040448784,1243.104626360801,10.186977437034637,0.05128121535989538,LLLYVLLTLLLGTLLAFLILI,Mutant
LLLYVLLTLLLGTLLAFLILI,LLLYVLLTLLLGTLLIFLILI,GAS,clash,16.3438,-266.953,158185000.0,158185000.0,-72.6251,-276.088,-363.858,4310.38,-57.451,-15.1442,3479.5,4249.94,63.3722,7.49797,3479.5,4249.94,63.3722,7.49797,-13.112,1.10011e+17,15,A,122.22243,5.780100894,,,,,0.1800346873075279,0.2003035387882073,G,99999900.0,LLLYVLLTLLLGTLLAFLILI,18439.709136812613,1511.1460243531471,14.646568051661085,-0.0035357901660375,LLLYVLLTLLLGTLLAFLILI,Mutant
LLLYVLLTLLLGTLLAFLILI,LLLYVLLTALLGTLLAFLILI,GAS,void,,,,,,,,,,,3496.23,4207.14,56.7093,41.8723,3479.5,4249.94,108.66,84.3923,-13.112,1.1e+17,8,L,89.4573,31.88336826,3454.3577,3395.1077,59.25,0.0,0.1920773101375762,0.0130043808140878,G,99999900.0,LLLYVLLTLLLGTLLAFLILI,18560.97797132424,1106.3389231303206,15.626285335250437,-0.015578412996085811,LLLYVLLTLLLGTLLAFLILI,Mutant
LLLYVLLTLLLGTLLAFLILI,LLLYVLLTLLLGTLLAALILI,GAS,void,,,,,,,,,,,3440.49,4103.61,56.3492,99.1151,3479.5,4249.94,155.468,229.309,-13.112,1.1e+17,16,F,30.3477,76.55874892,3341.3749,3250.191,91.1839,0.0,0.2013913628762086,0.0523528697780794,G,99999900.0,LLLYVLLTLLLGTLLAFLILI,18650.713369848232,1462.4568296843663,16.38402213204957,-0.024892465734718205,LLLYVLLTLLLGTLLAFLILI,Mutant
LLLASLLTLLLGVLLGFLILI,LLLASLLTALLGVLLGFLILI,GAS,void,,,,,,,,,,,3201.82,3960.0,66.6666,34.0274,3200.16,4024.9,125.194,76.2255,-12.5433,1.1e+17,8,L,97.3022,25.90992434,3167.7926,3123.9345,43.8581,0.0,0.2082406822846982,0.080995759356169,G,99999900.0,LLLASLLTLLLGVLLGFLILI,18717.38303080053,1700.2611557512464,16.941242656184702,0.043068766201424,LLLASLLTLLLGVLLGFLILI,Mutant
LLLASLLTLLLGVLLGFLILI,LLLASLLTLLLGVLLGALILI,GAS,void,,,,,,,,,,,3150.21,3879.5,56.8293,101.532,3200.16,4024.9,156.009,239.985,-12.5433,1.1e+17,16,F,27.9308,78.42561724,3048.678,2960.175,88.503,0.0,0.2627927607486456,0.0264245797584633,G,99999900.0,LLLASLLTLLLGVLLGFLILI,19167.46268226785,1187.6134191455487,21.37928035620269,-0.011483312262523415,LLLASLLTLLLGVLLGFLILI,Mutant
LLLASLLTLLLGVLLGFLILI,LLLASLLILLLGVLLGFLILI,GAS,clash,14.9641,-259.186,307.738,9.92275,-44.9951,-268.866,-349.287,4100.07,-53.5931,-35.4257,3205.24,3988.15,59.7382,28.0863,3200.16,4024.9,89.9177,54.377,-12.5433,1.10011e+17,7,T,101.5091,21.67229701,,,,,0.2877630446724786,0.1242903954038772,G,99999900.0,LLLASLLTLLLGVLLGFLILI,19400.096034486,1770.5343933937766,23.41071645459742,-0.03645359618635641,LLLASLLTLLLGVLLGFLILI,Mutant
LLLASLLTLLLGVLLGFLILI,LLLASLLTLLLIVLLGFLILI,GAS,clash,14.9049,-263.66,118328000.0,118328000.0,-58.8154,-273.128,-364.668,4111.11,-55.4261,-32.7238,3197.04,4038.24,58.9696,13.6651,3200.16,4024.9,40.8462,10.3239,-12.5433,1.10011e+17,11,G,116.6027,10.49000597,,,,,0.2899127299697104,0.0324426608238974,G,99999900.0,LLLASLLTLLLGVLLGFLILI,19400.29871048488,1228.8864945920493,23.58560226391804,-0.038603281483588214,LLLASLLTLLLGVLLGFLILI,Mutant
LLLYLLLGALLAFLLSTLILI,LLLYLLLGALLIFLLSTLILI,GAS,clash,16.5864,-263.775,1334970000.0,1334970000.0,-74.0462,-290.66,-381.112,4287.63,-50.9262,-16.4057,3515.52,4208.62,58.992,12.2159,3515.52,4208.62,58.992,12.2159,-12.4366,1.10011e+17,11,A,128.17231,1.608601665,,,,,0.0777076503790129,0.1650038198339561,G,99999900.0,LLLYLLLGALLAFLLSTLILI,17580.593772629014,1681.157729129167,6.321839454564432,0.0927158201594214,LLLYLLLGALLAFLLSTLILI,Mutant
LLLYLLLGALLAFLLSTLILI,LLLYLLLGALLAALLSTLILI,GAS,void,,,,,,,,,,,3461.44,4084.41,50.2728,71.3383,3515.52,4208.62,149.571,223.87,-12.4366,1.1e+17,12,F,58.4837,54.95085579,3390.1017,3291.65,98.4517,0.0,0.1385182863470944,0.0258167023781506,G,99999900.0,LLLYLLLGALLAFLLSTLILI,18109.1841323392,1282.096216812838,11.269036749105195,0.03190518419133989,LLLYLLLGALLAFLLSTLILI,Mutant
LLLYLLLGALLAFLLSTLILI,LLLYLLLGILLAFLLSTLILI,GAS,clash,16.6278,-263.775,99920.6,99622.8,-74.1744,-288.552,-376.923,4264.3,-50.6609,-14.1969,3515.52,4208.62,59.0221,49.9942,3515.52,4208.62,59.0221,49.9942,-12.4366,1.10011e+17,8,A,128.17231,1.608601665,,,,,0.1682701910842041,0.0429463527430256,G,99999900.0,LLLYLLLGALLAFLLSTLILI,18356.2952235786,1147.895447716672,13.68947752035647,0.002153279454230189,LLLYLLLGALLAFLLSTLILI,Mutant
LLLYLLLGALLAFLLSTLILI,LLLALLLGALLAFLLSTLILI,GAS,void,,,,,,,,,,,3380.32,4021.07,63.7835,66.755,3515.52,4208.62,183.699,287.159,-12.4366,1.1e+17,3,Y,102.9758,39.32992716,3313.565,3228.361,85.204,0.0,0.5049277723193935,0.0283315607730844,G,99999900.0,LLLYLLLGALLAFLLSTLILI,21239.03904476484,1142.1931245109463,41.077967190939184,-0.33450430178095913,LLLYLLLGALLAFLLSTLILI,Mutant
LLLSYLLAVLLGLLLGTLILI,LLLSYLLAVLLILLLGTLILI,GAS,clash,19.6479,-271.023,12214300000.0,12214300000.0,-58.7719,-284.103,-378.794,4146.52,-51.2791,-35.9186,3239.14,4018.73,58.1967,0.0,3239.14,4001.68,38.2984,0.0,-11.997,1.10011e+17,11,G,130.2678,0.0,,,,,0.2316655454194318,0.0781853805730126,G,99999900.0,LLLSYLLAVLLGLLLGTLILI,18896.78042215468,1220.050173573525,18.84695236765638,0.7295438136924177,LLLSYLLAVLLGLLLGTLILI,Mutant
LLLSYLLAVLLGLLLGTLILI,LLLSALLAVLLGLLLGTLILI,GAS,void,,,,,,,,,,,3255.72,3858.73,64.2804,79.9046,3239.14,4001.68,175.389,210.352,-11.997,1.1e+17,4,Y,58.5706,57.7031844,3175.8154,3028.788,147.0274,1.0,0.2822079331434983,0.0597566854839157,G,99999900.0,LLLSYLLAVLLGLLLGTLILI,19347.48620235202,1575.6655870725574,22.95878510591907,0.6790014259683512,LLLSYLLAVLLGLLLGTLILI,Mutant
LLLSYLLAVLLGLLLGTLILI,LLLSYLLIVLLGLLLGTLILI,GAS,clash,20.5901,-269.785,447499.0,447197.0,-58.7719,-283.681,-375.602,4125.59,-52.9094,-33.1491,3239.14,4001.68,63.8201,18.615,3239.14,4001.68,63.8201,18.615,-11.997,1.10011e+17,7,A,129.5954,0.0,,,,,0.3466482595905499,0.0328329064695537,G,99999900.0,LLLSYLLGVLLGLLLGTLILI,19886.39275166464,1255.1235758932703,28.20127276589864,0.6145610995212997,LLLSYLLAVLLGLLLGTLILI,Mutant
LLLSYLLAVLLGLLLGTLILI,LLLSYLLAVLLGALLGTLILI,GAS,void,,,,,,,,,,,3247.55,3951.63,55.1633,74.016,3239.14,4001.68,110.416,123.75,-11.997,1.1e+17,12,L,55.806,57.01344918,3173.534,3115.39,58.144,1.0,0.7475860511255469,0.1284081705314825,G,99999900.0,LLLSYLLAVLLGLLLGTLILI,23316.712561879114,1390.6718234739258,60.81922398420529,0.2136233079863027,LLLSYLLAVLLGLLLGTLILI,Mutant
LLLYILLGLLLGTLLASLILI,LLLYILLGLLLITLLASLILI,GAS,clash,22.1767,-261.93,179161000000.0,179161000000.0,-74.0156,-289.8,-397.507,4210.78,-55.0242,-33.6912,3197.9,4116.02,56.792,1.48206,3197.9,4097.78,36.4183,1.48206,-11.5693,1.10011e+17,11,G,128.78574,1.137702487,,,,,0.1157663149154499,0.0840482508838018,G,99999900.0,LLLYILLGLLLGTLLASLILI,17922.5381384147,1639.0090492024458,9.41806956679879,0.1864953470191711,LLLYILLGLLLGTLLASLILI,Mutant
LLLYILLGLLLGTLLASLILI,LLLYILLILLLGTLLASLILI,GAS,clash,23.0314,-261.91,80622300000000.0,80622300000000.0,-74.0156,-289.509,-397.52,4211.79,-52.5581,-33.996,3197.9,4119.5,62.454,0.0,3197.9,4097.78,41.1803,0.0,-11.5693,1.10011e+17,7,G,129.5954,0.0,,,,,0.3030973683351989,0.1367408815114957,G,99999900.0,LLLYILLGLLLGTLLASLILI,19512.72680424004,1626.6410777720555,24.65822724494076,-0.0008357064005778958,LLLYILLGLLLGTLLASLILI,Mutant
LLLYILLGLLLGTLLASLILI,LLLYALLGLLLGTLLASLILI,GAS,void,,,,,,,,,,,3214.28,4036.3,58.0611,51.8338,3197.9,4097.78,115.298,99.9369,-11.5693,1.1e+17,4,I,86.6414,37.43182895,3162.4462,3097.9631,64.4831,1.0,0.3476019369733973,0.0033018474651537,G,99999900.0,LLLYILLGLLLGTLLASLILI,19894.086680734214,1176.7130221957411,28.27885837396174,-0.0453402750387763,LLLYILLGLLLGTLLASLILI,Mutant
LLLYILLGLLLGTLLASLILI,LLLAILLGLLLGTLLASLILI,GAS,void,,,,,,,,,,,3167.65,3907.1,67.3979,34.9541,3197.9,4097.78,188.909,197.731,-11.5693,1.1e+17,3,Y,134.7767,20.59384626,3132.6959,3000.169,132.5269,1.0,1.0077886062443724,0.0980903072253486,G,99999900.0,LLLYILLGLLLGTLLASLILI,25544.333274856563,1360.3395913132138,81.98778037608575,-0.7055269443097514,LLLYILLGLLLGTLLASLILI,Mutant
LLLTLLLGLLLGVLLGSLILI,LLLTLLLGLLLIVLLGSLILI,GAS,clash,18.477,-262.911,9580100.0,9579810.0,-60.2824,-283.535,-396.903,4127.3,-46.7415,-53.0856,3232.51,3961.44,61.6201,0.145267,3232.5,3941.92,40.6319,0.0726336,-10.7178,1.10011e+17,11,G,130.122533,0.111514127,,,,,0.1898638936666979,0.1664978776209051,G,99999900.0,LLLTLLLGLLLGVLLGSLILI,18565.318094693543,2152.4388652041894,15.446214730789585,0.7189902408829447,LLLTLLLGLLLGVLLGSLILI,Mutant
LLLTLLLGLLLGVLLGSLILI,LLLTLLLILLLGVLLGSLILI,GAS,clash,19.185,-262.885,84519500.0,84519200.0,-60.2824,-283.754,-398.081,4085.47,-46.7415,-54.0451,3232.5,3951.08,54.9474,1.3487,3232.5,3941.92,38.1198,1.3487,-10.7178,1.10011e+17,7,G,128.2467,1.040700519,,,,,0.2679748500715061,0.0413529779650383,G,99999900.0,LLLTLLLGLLLGVLLGSLILI,19221.37006979139,1433.8279034904774,21.800864802245663,0.6408792844781365,LLLTLLLGLLLGVLLGSLILI,Mutant
LLLTLLLGLLLGVLLGSLILI,LLLTLLLGALLGVLLGSLILI,GAS,void,,,,,,,,,,,3264.72,3866.52,64.4877,69.2151,3232.5,3941.92,126.994,108.872,-10.7178,1.1e+17,8,L,62.1145,52.70335096,3195.5049,3123.628,71.8769,1.0,0.5711828655425164,0.094865396474175,G,99999900.0,LLLTLLLGLLLGVLLGSLILI,21830.50665879964,1943.340840890228,46.46809365031424,0.3376712690071262,LLLTLLLGLLLGVLLGSLILI,Mutant
LLLTLLLGLLLGVLLGSLILI,LLLTALLGLLLGVLLGSLILI,GAS,void,,,,,,,,,,,3204.85,3853.93,54.3885,53.3193,3232.5,3941.92,121.469,130.582,-10.7178,1.1e+17,4,L,85.1559,38.50458421,3151.5307,3101.918,49.6127,1.0,0.8334683793958935,0.1889055627508472,G,99999900.0,LLLTFLLGLLLGVLLGSLILI,24046.91855807831,1528.718515367947,67.80610736906138,0.07538575515374912,LLLTLLLGLLLGVLLGSLILI,Mutant
LLLSYLLTVLLGTLLAFLILI,LLLSYLLTVLLITLLAFLILI,GAS,clash,10.2495,-264.117,172873000.0,172873000.0,-72.5251,-278.877,-365.744,4173.3,-55.0637,-14.3414,3323.22,4216.64,55.9459,0.0,3323.22,4200.72,36.8323,0.0,-9.70983,1.10011e+17,11,G,130.2678,0.0,,,,,0.1845484048475879,0.1129086397124841,G,99999900.0,LLLSYLLTVLLGTLLAFLILI,18514.24624943393,1664.1680322841526,15.01377768278921,0.1075303365391217,LLLSYLLTVLLGTLLAFLILI,Mutant
LLLSYLLTVLLGTLLAFLILI,LLLSALLTVLLGTLLAFLILI,GAS,void,,,,,,,,,,,3381.75,4026.64,58.6248,78.1095,3323.22,4200.72,174.444,134.462,-9.70983,1.1e+17,4,Y,60.3657,56.40685119,3303.6405,3188.758,114.8825,1.0,0.2159481824749816,0.0401852645607286,G,99999900.0,LLLSYLLTVLLGTLLAFLILI,18763.850036299475,1129.3894654289663,17.568279744056245,0.07613055891172799,LLLSYLLTVLLGTLLAFLILI,Mutant
LLLSYLLTVLLGTLLAFLILI,LLLSYLLTVLLGTLLIFLILI,GAS,clash,10.252,-262.937,161008000.0,161008000.0,-72.5251,-273.988,-357.5,4183.16,-57.0929,-10.9869,3323.22,4200.72,63.4785,14.4078,3323.22,4200.72,63.4785,14.4078,-9.70983,1.10011e+17,15,A,115.3126,11.10681126,,,,,0.2244829646908967,0.0181048504668127,G,99999900.0,LLLSYLLTVLLGTLLAFLILI,18842.98308418125,1256.163148410166,18.262619653775857,0.06759577669581288,LLLSYLLTVLLGTLLAFLILI,Mutant
LLLSYLLTVLLGTLLAFLILI,LLLSYLLTVLLGTLLAALILI,GAS,void,,,,,,,,,,,3221.01,4053.9,56.1317,100.685,3323.22,4200.72,155.229,276.262,-9.70983,1.1e+17,16,F,28.7778,77.77137525,3120.325,3046.958,73.367,1.0,0.3475315425545171,0.0781345951116831,G,99999900.0,LLLSYLLTVLLGTLLAFLILI,19910.989035385748,1722.5266767551068,28.273131496202765,-0.05545280116780754,LLLSYLLTVLLGTLLAFLILI,Mutant
LLLYALLFLLLGTLLSILILI,LLLYALLFILLGTLLSILILI,GAS,clash,15.1132,-264.358,17450.9,17148.1,-74.0819,-275.309,-365.167,4191.92,-53.6365,-15.776,3455.52,4203.15,54.5486,13.3637,3441.04,4253.75,110.162,27.0954,-9.67379,1.10011e+17,8,L,117.9659,10.17569535,,,,,0.1571828986345075,0.1491017800255671,G,99999900.0,LLLYALLFLLLGTLLSILILI,18288.39095209537,1931.7367207869825,12.787480323028822,0.007092827644896715,LLLYALLFLLLGTLLSILILI,Mutant
LLLYALLFLLLGTLLSILILI,LLLYALLALLLGTLLSILILI,GAS,void,,,,,,,,,,,3445.82,4091.07,59.7435,19.8178,3441.04,4253.75,161.233,93.9467,-9.67379,1.1e+17,7,F,109.7776,15.29205512,3426.0022,3347.0933,78.9089,0.0,0.1930469160886775,0.0420185422770575,G,99999900.0,LLLYALLALLLGTLLSFLILI,18578.55217297488,1411.427057561909,15.7051667983645,-0.02877118980927329,LLLYALLFLLLGTLLSILILI,Mutant
LLLYALLFLLLGTLLSILILI,LLLYALLFLLLGTLLSALILI,GAS,void,,,,,,,,,,,3412.82,4227.86,56.301,107.258,3441.04,4253.75,97.0389,191.924,-9.67379,1.1e+17,16,I,22.2048,82.84850938,3305.562,3249.116,56.446,0.0,0.2212293086407673,0.0294762088913076,G,99999900.0,LLLYALLFLLLGTLLSILILI,18818.09842026123,1322.5982219819018,17.99792124777637,-0.05695358236136311,LLLYALLFLLLGTLLSILILI,Mutant
LLLYALLFLLLGTLLSILILI,LLLYALLFLLLITLLSILILI,GAS,clash,15.0945,-269.598,742393000.0,742393000.0,-74.0819,-282.919,-381.076,4285.29,-51.2868,-24.075,3439.63,4251.35,43.5213,3.77695,3441.04,4253.75,30.1583,2.61481,-9.67379,1.10011e+17,11,G,126.49085,2.899373445,,,,,0.2231336537893465,0.0699524068301132,G,99999900.0,LLLYALLFLLLGTLLSILILI,18843.24742934427,1597.7574195956315,18.15284761907543,-0.05885792750994229,LLLYALLFLLLGTLLSILILI,Mutant
LLLTSLLVGLLAYLLGLLILI,LLLTSLLVGLLIYLLGLLILI,GAS,clash,18.0454,-270.208,29384400.0,29384100.0,-44.9603,-272.84,-358.185,4143.52,-54.5145,-40.3854,3186.99,4079.63,60.3117,3.89179,3186.99,4079.63,60.3117,3.89179,-9.47755,1.10011e+17,11,A,126.37601,2.987530303,,,,,0.1558509436009056,0.0868871832064221,G,99999900.0,LLLTSLLVGLLAYLLGLLILI,18264.018457205475,1632.5972579090776,12.679120260125613,0.25103516911502466,LLLTSLLVGLLAYLLGLLILI,Mutant
LLLTSLLVGLLAYLLGLLILI,LLLTSLLVGLLAYLLGALILI,GAS,void,,,,,,,,,,,3187.43,4022.29,59.3629,103.745,3186.99,4079.63,116.903,172.334,-9.47755,1.1e+17,16,L,25.7178,80.13498858,3083.685,3014.656,69.029,0.0,0.2312786488086545,0.0388661855134892,G,99999900.0,LLLTSLLVGLLAYLLGLLILI,18905.39112541148,1404.37319465594,18.81547672469305,0.17560746390727577,LLLTSLLVGLLAYLLGLLILI,Mutant
LLLTSLLVGLLAYLLGLLILI,LLLTSLLVGLLAYLLILLILI,GAS,clash,18.0448,-271.388,15869600.0,15869300.0,-44.9603,-268.925,-356.337,4187.24,-54.6189,-42.4519,3187.22,4093.1,57.6008,3.83429,3186.99,4079.63,39.0307,3.75438,-9.47755,1.10011e+17,15,G,125.88611,2.955811114,,,,,0.2719210293967837,0.0376624517383127,G,99999900.0,LLLTSLLVGLLAYLLGLLILI,19250.564762604845,1353.533810900482,22.1219028471698,0.13496508331914658,LLLTSLLVGLLAYLLGLLILI,Mutant
LLLTSLLVGLLAYLLGLLILI,LLLTSLLVGLLAALLGLLILI,GAS,void,,,,,,,,,,,3211.09,3890.38,52.711,47.4703,3186.99,4079.63,171.48,126.818,-9.47755,1.1e+17,12,Y,82.3517,36.56568224,3163.6197,3060.172,103.4477,0.0,0.3316542150056181,0.024057809164633,G,99999900.0,LLLTSLLVGLLAYLLGLLILI,19761.44137593872,1282.9979082121347,26.98144508898151,0.07523189771031219,LLLTSLLVGLLAYLLGLLILI,Mutant
LLLYVLLTLLLGALLSFLILI,LLLYVLLTALLGALLSFLILI,GAS,void,,,,,,,,,,,3543.3,4180.79,58.8448,36.3178,3531.86,4230.42,114.098,81.626,-9.47255,1.1e+17,8,L,95.0118,27.65393331,3506.9822,3450.234,56.7482,0.0,0.1862791142221344,0.0958220442447382,G,99999900.0,LLLYVLLTLLLGALLSFLILI,18533.55424608093,1774.1699993867037,15.154578064154842,0.0047018149509363005,LLLYVLLTLLLGALLSFLILI,Mutant
LLLYVLLTLLLGALLSFLILI,LLLYVLLILLLGALLSFLILI,GAS,clash,13.8812,-261.292,1133.32,837.054,-60.3995,-280.508,-365.25,4268.74,-48.8519,-24.3432,3542.23,4193.94,58.7943,23.4162,3531.86,4230.42,88.6191,42.1472,-9.47255,1.10011e+17,7,T,106.1792,18.06869688,,,,,0.2226097934221094,0.0147775375003748,G,99999900.0,LLLYVLLTLLLGALLSFLILI,18824.42327685182,1146.5674394332868,18.11022940681281,-0.03162886424903871,LLLYVLLTLLLGALLSFLILI,Mutant
LLLYVLLTLLLGALLSFLILI,LLLYVLLTLLLGALLSALILI,GAS,void,,,,,,,,,,,3433.39,4084.22,58.3181,100.311,3531.86,4230.42,157.975,273.941,-9.47255,1.1e+17,16,F,29.1518,77.48248918,3333.079,3257.919,75.16,0.0,0.2990548035993112,0.0339046822595902,G,99999900.0,LLLYVLLTLLLGALLSFLILI,19482.46714256015,1341.7363673964196,24.32934784734842,-0.1080738744262405,LLLYVLLTLLLGALLSFLILI,Mutant
LLLYVLLTLLLGALLSFLILI,LLLYVLLTLLLIALLSFLILI,GAS,clash,13.8927,-265.729,102505000.0,102504000.0,-74.2441,-282.782,-378.485,4281.9,-50.7709,-21.4588,3530.38,4242.9,50.3085,8.97039,3531.86,4230.42,31.9604,6.64612,-9.47255,1.10011e+17,11,G,121.29741,6.886114604,,,,,0.3250800074307146,0.1261678570369121,G,99999900.0,LLLYVLLTLLLGALLSFLILI,19691.494335196938,1319.9243634436225,26.446606052840146,-0.1340990782576439,LLLYVLLTLLLGALLSFLILI,Mutant
LLLTYLLGVLLGLLLSFLILI,LLLTYLLGVLLILLLSFLILI,GAS,clash,25.658,-276.286,4350930000.0,4350930000.0,-60.3458,-283.998,-371.18,4222.37,-52.6785,-26.8363,3306.0,4216.53,49.797,0.0,3306.0,4201.18,29.7071,0.0,-9.24157,1.10011e+17,11,G,130.2678,0.0,,,,,0.2227347148460499,0.05928387689008,G,99999900.0,LLLTYLLGVLLGLLLSFLILI,18817.82032276789,1050.999496301935,18.12039228244649,0.6833969250447332,LLLTYLLGVLLGLLLSFLILI,Mutant
LLLTYLLGVLLGLLLSFLILI,LLLTYLLIVLLGLLLSFLILI,GAS,clash,27.2443,-276.202,88783200.0,88782900.0,-60.3458,-284.684,-372.655,4189.55,-49.0863,-27.6252,3305.8,4209.52,57.3905,0.145267,3306.0,4201.18,41.2427,0.145267,-9.24157,1.10011e+17,7,G,129.450133,0.112092713,,,,,0.3138496078202827,0.0519014430644622,G,99999900.0,LLLTYLLGVLLGLLLSFLILI,19601.935121217004,1186.27879694809,25.53296649481115,0.5922820320705003,LLLTYLLGVLLGLLLSFLILI,Mutant
LLLTYLLGVLLGLLLSFLILI,LLLTALLGVLLGLLLSFLILI,GAS,void,,,,,,,,,,,3317.81,4013.53,64.8967,55.9743,3306.0,4201.18,182.652,159.022,-9.24157,1.1e+17,4,Y,82.5009,40.42189504,3261.8357,3146.978,114.8577,1.0,0.9755931507159252,0.2766525328870373,G,99999900.0,LLLTYLLGVLLGLLLSFLILI,25218.42254567895,766.7010194915327,79.36854661950339,-0.06946151082514218,LLLTYLLGVLLGLLLSFLILI,Mutant
LLLYLLLTTLLAGLLFSLILI,LLLYLLLTTLLAILLFSLILI,GAS,clash,15.0474,-267.927,90369300000.0,90369300000.0,-87.9598,-287.386,-388.609,4292.75,-54.0869,-13.2638,3433.14,4302.38,50.0851,23.4923,3450.71,4295.77,33.7357,9.43472,-8.86812,1.10011e+17,12,G,106.3297,18.0957773,,,,,0.1036838295521866,0.1279331952817178,G,99999900.0,LLLYLLLTTLLAGLLFSLILI,17810.349162782506,1651.6887826957768,8.43510930090321,0.0604455932751642,LLLYLLLTTLLAGLLFSLILI,Mutant
LLLYLLLTTLLAGLLFSLILI,LLLYLLLTILLAGLLFSLILI,GAS,clash,14.9974,-263.537,253200000.0,253199000.0,-74.1897,-285.33,-375.28,4289.07,-49.5832,-15.7606,3457.26,4255.12,62.0316,18.3714,3450.71,4295.77,91.5598,33.7039,-8.86812,1.10011e+17,8,T,112.9582,13.98877328,,,,,0.1166667534797285,0.1269178116200016,G,99999900.0,LLLYLLLTTLLAGLLFSLILI,17917.06846265994,1552.3311606410728,9.491323976297773,0.04746266934762229,LLLYLLLTTLLAGLLFSLILI,Mutant
LLLYLLLTTLLAGLLFSLILI,LLLYLLLTTLLAGLLASLILI,GAS,void,,,,,,,,,,,3442.6,4123.36,64.4405,43.0505,3450.71,4295.77,170.137,139.805,-8.86812,1.1e+17,15,F,86.6699,33.18714713,3399.5495,3310.905,88.6445,0.0,0.2084577790364933,0.0490850686542002,G,99999900.0,LLLYLLLTTLLAGLLFSLILI,18708.26888429769,1392.1772883474005,16.958904376803744,-0.044328356209142494,LLLYLLLTTLLAGLLFSLILI,Mutant
LLLYLLLTTLLAGLLFSLILI,LLLYALLTTLLAGLLFSLILI,GAS,void,,,,,,,,,,,3465.11,4210.34,54.0879,71.3111,3450.71,4295.77,121.876,102.235,-8.86812,1.1e+17,4,L,67.1641,51.49738004,3393.7989,3348.475,45.3239,0.0,0.2318738049558735,0.0329411736090775,G,99999900.0,LLLYLLLTTLLAGLLFSLILI,18906.65255566504,1304.141941540333,18.863895144176382,-0.06774438212852271,LLLYLLLTTLLAGLLFSLILI,Mutant
LLLTFLLGILLGVLLSLLILI,LLLTFLLGILLIVLLSLLILI,GAS,clash,20.7658,-266.215,73385900.0,73385600.0,-60.3629,-277.408,-378.094,4199.65,-47.8218,-40.3231,3218.21,4040.33,53.7166,2.5751,3218.6,4019.55,31.6523,2.64773,-7.29132,1.10011e+17,11,G,127.6927,1.976773999,,,,,0.3231855436373729,0.1666904009943748,G,99999900.0,LLLTFLLGILLGVLLSLLILI,19660.45993929139,1090.6013481409614,26.292483570747628,0.840604734403301,LLLTFLLGILLGVLLSLLILI,Mutant
LLLTFLLGILLGVLLSLLILI,LLLTFLLIILLGVLLSLLILI,GAS,clash,21.4266,-266.195,575639000.0,575639000.0,-60.3629,-278.438,-380.062,4163.53,-47.8218,-41.261,3218.6,4025.59,54.2534,0.0,3218.6,4019.55,39.7167,0.0,-7.29132,1.10011e+17,7,G,129.5954,0.0,,,,,0.3449265535074379,0.1695330527302959,G,99999900.0,LLLTFLLGILLGVLLSLLILI,19902.72593908625,2190.560609954609,28.061204839609616,0.818863724533236,LLLTFLLGILLGVLLSLLILI,Mutant
LLLTFLLGILLGVLLSLLILI,LLLTALLGILLGVLLSLLILI,GAS,void,,,,,,,,,,,3238.4,3882.94,56.449,52.7344,3218.6,4019.55,155.809,122.692,-7.29132,1.1e+17,4,F,92.1482,33.45508799,3185.6656,3095.908,89.7576,0.0,1.0722259159380538,0.1034983431189089,G,99999900.0,LLLTFLLGILLGVLLSLLILI,26083.832581808747,955.1803522098146,87.2300226106743,0.09156436210262009,LLLTFLLGILLGVLLSLLILI,Mutant
LLLTFLLGILLGVLLSLLILI,LLLTFLLGALLGVLLSLLILI,GAS,void,,,,,,,,,,,3258.45,4011.41,55.099,61.2459,3218.6,4019.55,84.3122,89.2094,-7.29132,1.1e+17,8,I,70.0837,46.63525968,3197.2041,3129.3906,67.8135,0.0,1.1846808124450732,0.2308209753105645,G,99999900.0,LLLTFLLGALLGILLSLLILI,27031.37924081596,1155.5978149140954,96.37869456420228,-0.020890534404399252,LLLTFLLGILLGVLLSLLILI,Mutant
LLLTSLLFALLGILLALLILI,LLLTSLLFALLGILLAALILI,GAS,void,,,,,,,,,,,3183.06,4038.39,55.8824,106.223,3191.82,4082.77,108.933,186.1,-7.15644,1.1e+17,16,L,23.2398,82.04905193,3076.837,3005.72,71.117,0.0,0.1792370758434849,0.0438127902158427,G,99999900.0,LLLTSLLFALLGILLALLILI,18461.931944673102,1431.142344617965,14.581679052981976,-0.012302911203135286,LLLTSLLFALLGILLALLILI,Mutant
LLLTSLLFALLGILLALLILI,LLLTSLLAALLGILLALLILI,GAS,void,,,,,,,,,,,3201.13,3901.04,64.1302,37.8744,3191.82,4082.77,170.007,122.956,-7.15644,1.1e+17,7,F,91.721,29.22511139,3163.2556,3068.864,94.3916,0.0,0.2154700371760427,0.0977198800169487,G,99999900.0,LLLTSLLFALLGILLALLILI,18782.491511158103,1818.0433762881885,17.529380642087478,-0.04853587253569311,LLLTSLLFALLGILLALLILI,Mutant
LLLTSLLFALLGILLALLILI,LLLTSLLFALLGILLILLILI,GAS,clash,20.5785,-270.342,3965060000.0,3965060000.0,-44.9798,-268.43,-356.011,4140.14,-52.7458,-42.6013,3191.82,4082.77,59.4374,12.318,3191.82,4082.77,59.4374,12.318,-7.15644,1.10011e+17,15,A,117.4024,9.495807907,,,,,0.2341200830106531,0.0455305874243167,G,99999900.0,LLLTSLLFALLGILLALLILI,18931.325805590128,1410.3287132000296,19.04663917469804,-0.0671859183703035,LLLTSLLFALLGILLALLILI,Mutant
LLLTSLLFALLGILLALLILI,LLLTSLLFALLIILLALLILI,GAS,clash,20.5844,-271.522,4011090000.0,4011090000.0,-44.9798,-272.01,-363.445,4141.77,-50.1746,-46.455,3190.7,4086.71,49.8457,4.87641,3191.82,4082.77,35.0421,4.29534,-7.15644,1.10011e+17,11,G,125.39139,3.743373266,,,,,0.2362907912563012,0.0390090344256411,G,99999900.0,LLLTSLLFALLGILLALLILI,18948.08707529405,1352.9141156272478,19.2232352880119,-0.0693566266159516,LLLTSLLFALLGILLALLILI,Mutant
LLLYLLLAVLLGTLLSFLILI,LLLYALLAVLLGTLLSFLILI,GAS,void,,,,,,,,,,,3423.87,4104.5,60.3486,84.9878,3418.59,4229.82,135.302,139.178,-7.09849,1.1e+17,4,L,53.4874,61.37402221,3338.8822,3279.412,59.4702,1.0,0.1155515917821372,0.1706782793990339,G,99999900.0,LLLYALLALLLGTLLSFLILI,17924.852790775407,2088.877174657879,9.400600949881875,0.0640463644001126,LLLYLLLAVLLGTLLSFLILI,Mutant
LLLYLLLAVLLGTLLSFLILI,LLLYLLLAVLLGTLLIFLILI,GAS,clash,12.1951,-261.886,62374400.0,62374100.0,-58.7596,-272.865,-351.819,4319.0,-52.2203,-20.1941,3418.74,4220.25,62.3943,2.7898,3418.59,4229.82,73.7707,2.77723,-7.09849,1.10011e+17,15,S,126.9306,2.150625499,,,,,0.1229124456802035,0.0212977073637728,G,99999900.0,LLLYLLLAVLLGTLLSFLILI,17972.699661301012,1217.609403964561,9.99943692504151,0.0566855105020463,LLLYLLLAVLLGTLLSFLILI,Mutant
LLLYLLLAVLLGTLLSFLILI,LLLYLLLAVLLITLLSFLILI,GAS,clash,12.1946,-265.096,38649500.0,38649200.0,-74.0075,-284.147,-379.116,4303.82,-50.3332,-20.9619,3418.59,4248.2,53.1454,0.0,3418.59,4229.82,32.0439,0.0,-7.09849,1.10011e+17,11,G,130.2678,0.0,,,,,0.1867262659569805,0.2058931764463151,G,99999900.0,LLLYLLLAVLLGTLLSFLILI,18531.57132753714,2243.517789706233,15.190955711217129,-0.007128309774730696,LLLYLLLAVLLGTLLSFLILI,Mutant
LLLLYVLTSLLAILLFLLILI,LLLLYVLTSLLIILLFLLILI,Left,clash,16.1002,-276.885,467760000.0,467759000.0,-74.196,-280.495,-377.912,4259.72,-52.9943,-23.2209,3237.0,4183.66,57.2989,10.3754,3237.0,4183.66,57.2989,10.3754,-31.9172,1.1011e+16,11,A,119.8924,7.964669703,,,,,0.0351712896693664,0.101446499569593,L,99999900.0,LLLLYVLTSLLAILLFLLILI,26767.76125309408,770.1908421065868,2.9380656982755884,0.06769124337627361,LLLLYVLTSLLAILLFLLILI,Mutant
LLLLYVLTSLLAILLFLLILI,LLLLYVLTILLAILLFLLILI,Left,clash,16.1959,-274.853,462324000.0,462324000.0,-58.8529,-278.68,-366.134,4256.57,-49.5229,-28.601,3237.8,4177.4,50.3945,5.01172,3237.0,4183.66,60.1062,4.79382,-31.9172,1.1011e+16,8,S,126.31788,3.816138936,,,,,0.1731391010248007,0.1067380877386953,L,99999900.0,LLLLYVLTSLLAILLFLLILI,27565.82408834151,826.0244642656207,14.46333240928332,-0.07027656797916071,LLLLYVLTSLLAILLFLLILI,Mutant
LLLLYVLTSLLAILLFLLILI,LLLLYVLTSLLAILLALLILI,Left,void,,,,,,,,,,,3263.95,4093.83,59.6487,25.0705,3237.0,4183.66,144.162,132.108,-31.9172,1.1e+16,15,F,104.6499,19.32656699,3238.8795,3104.892,133.9875,3.0,0.2575014133427922,0.1753775544236399,L,99999900.0,LLLLYVLTSLLAILLFLLILI,28025.828685567845,400.045181740628,21.51061496214878,-0.1546388802971522,LLLLYVLTSLLAILLFLLILI,Mutant
LLLLYVLTSLLAILLFLLILI,LLLLAVLTSLLAILLFLLILI,Left,void,,,,,,,,,,,3201.26,4005.31,58.3436,41.1243,3237.0,4183.66,175.119,197.495,-31.9172,1.1e+16,4,Y,97.3509,29.69795314,3160.1357,3039.505,120.6307,3.0,0.2744248825320857,0.0424726510289823,L,99999900.0,LLLLYVLTSLLAILLFLLILI,28143.446264415303,923.5407748048796,22.92433236598325,-0.1715623494864457,LLLLYVLTSLLAILLFLLILI,Mutant
LLLLYFLLALLAVLTSLLILI,LLLLYFLLALLAVLTILLILI,Left,clash,26.6278,-271.153,1.46e+17,1.46e+17,-58.92,-274.303,-356.887,4212.3,-49.7319,-23.6636,3258.07,4161.55,60.0201,20.191,3257.04,4168.06,70.0242,20.4291,-27.8769,1.1011e+16,15,S,109.5294,15.56501522,,,,,0.1881470342627403,0.0919339535282488,L,99999900.0,LLLLYFLLALLAVLTSLLILI,27650.27401636684,815.2286796439327,15.717033773746108,0.07769651356493132,LLLLYFLLALLAVLTSLLILI,Mutant
LLLLYFLLALLAVLTSLLILI,LLLLYFLLALLIVLTSLLILI,Left,clash,26.6193,-273.184,1.46e+17,1.46e+17,-74.2605,-286.022,-381.384,4210.37,-51.126,-21.1016,3257.04,4168.06,58.1287,22.9268,3257.04,4168.06,58.1287,22.9268,-27.8769,1.1011e+16,11,A,107.341,17.59974453,,,,,0.2580210481960773,0.0529927290900699,L,99999900.0,LLLLYFLLALLAVLTSLLILI,28059.92499639876,989.595931459411,21.55402313263151,0.007822499631594315,LLLLYFLLALLAVLTSLLILI,Mutant
LLLLYFLLALLAVLTSLLILI,LLLLYALLALLAVLTSLLILI,Left,void,,,,,,,,,,,3248.58,4077.73,52.576,32.875,3257.04,4168.06,139.631,179.346,-27.8769,1.1e+16,5,F,97.4198,25.23124484,3215.705,3077.694,138.011,3.0,0.3235963698767002,0.078311666638947,L,99999900.0,LLLLYFLLALLAVLTSLLILI,28426.36296754224,809.9280631785203,27.031917321169992,-0.057752822049028596,LLLLYFLLALLAVLTSLLILI,Mutant
LLLLYFLLALLAVLTSLLILI,LLLLAFLLALLAVLTSLLILI,Left,void,,,,,,,,,,,3256.01,4012.07,57.2856,17.4637,3257.04,4168.06,171.653,132.518,-27.8769,1.1e+16,4,Y,121.0115,12.61142789,3238.5463,3124.522,114.0243,3.0,0.3239144985509589,0.0463489882207236,L,99999900.0,LLLLYFLLALLAVLTSLLILI,28430.43602691212,925.9165093840328,27.05849248956057,-0.058070950723287273,LLLLYFLLALLAVLTSLLILI,Mutant
LLLLYYLIVLLLTLFLLLILI,LLLLYYLIVLLLTLFILLILI,Left,clash,20.1558,-283.014,9324130.0,9323820.0,-58.8727,-284.167,-360.042,4328.52,-49.6132,-17.0028,3506.84,4374.84,61.3205,23.7182,3488.88,4437.06,120.573,32.0299,-26.7413,1.1011e+16,15,L,106.0022,18.2840941,,,,,0.1425848681637355,0.1190058905881707,L,99999900.0,LLLLYYLIVLLLTLFLLLILI,27358.19799510397,1006.6264282592874,11.910956754306737,0.006477039817172708,LLLLYYLIVLLLTLFLLLILI,Mutant
LLLLYYLIVLLLTLFLLLILI,LLLLYYLIVLLITLFLLLILI,Left,clash,20.1567,-283.014,9151720.0,9151410.0,-58.8727,-284.839,-360.917,4324.02,-49.6132,-17.2052,3512.82,4390.44,48.5248,22.7559,3488.88,4437.06,104.49,51.0189,-26.7413,1.1011e+16,11,L,107.5119,17.46855324,,,,,0.255437580059826,0.1108362600969368,L,99999900.0,LLLLYYLIVLLLTLFLLLILI,28014.067777118777,637.1955658039175,21.338210770188653,-0.10637567207891777,LLLLYYLIVLLLTLFLLLILI,Mutant
LLLLYYLIVLLLTLFLLLILI,LLLLAYLIVLLLTLFLLLILI,Left,void,,,,,,,,,,,3660.73,4326.94,56.6304,54.4483,3488.88,4437.06,161.933,86.7732,-26.7413,1.1e+16,4,Y,84.0269,39.31989266,3606.2817,3402.1068,204.1749,2.0,0.3291388073604514,0.0739647746213648,L,99999900.0,LLLLYYLIVLLLTLFLLLILI,28485.56170893045,1221.8796933832043,27.49490988154885,-0.18007689937954321,LLLLYYLIVLLLTLFLLLILI,Mutant
LLLYALLFLLTSLLFSLLILI,LLLYILLFLLTSLLFSLLILI,Left,clash,21.9752,-279.725,24434.1,24123.4,-89.5882,-287.443,-382.465,4322.38,-52.9767,-5.4339,3333.85,4405.53,58.964,14.489,3333.85,4405.53,58.964,14.489,-25.8072,1.10011e+17,4,A,123.9862,10.4632454,,,,,0.0663195045935023,0.1310507282949284,L,99999900.0,LLLYALLFLLTSLLFSLLILI,26973.568042381736,1182.099367539257,5.540060185581181,0.0784277830673534,LLLYALLFLLTSLLFSLLILI,Mutant
LLLYALLFLLTSLLFSLLILI,LLLYALLALLTSLLFSLLILI,Left,void,,,,,,,,,,,3371.39,4253.78,58.3829,13.1901,3333.85,4405.53,162.682,58.93,-25.8072,1.1e+17,7,F,116.4053,10.17790755,3358.1999,3274.92,83.2799,2.0,0.1575426018199634,0.0964957464129369,L,99999900.0,LLLYALLFLLTSLLFSLLILI,27501.061104136053,1267.944832488358,13.160464651015522,-0.012795314159107701,LLLYALLFLLTSLLFSLLILI,Mutant
LLLYALLFLLTSLLFSLLILI,LLLYALLFALTSLLFSLLILI,Left,void,,,,,,,,,,,3328.21,4347.19,47.7798,54.8411,3333.85,4405.53,106.119,143.813,-25.8072,1.1e+17,8,L,76.4885,41.75836978,3273.3689,3190.037,83.3319,2.0,0.2124083588408892,0.0383589578940074,L,99999900.0,LLLYALLFLLTSLLFSLLILI,27801.64109846632,1263.2945699894517,17.743725606996524,-0.0676610711800335,LLLYALLFLLTSLLFSLLILI,Mutant
LLLYALLFLLTSLLFSLLILI,LLLYALLFLLTILLFSLLILI,Left,clash,17.8991,-278.498,21765.0,21454.4,-74.2343,-286.145,-368.396,4328.39,-49.959,-8.01663,3334.03,4415.42,40.9149,5.50559,3333.85,4405.53,41.783,5.74861,-25.8072,1.10011e+17,11,S,124.76221,4.226362923,,,,,0.2209493423208806,0.0939143236607927,L,99999900.0,LLLYALLFLLTSLLFSLLILI,27838.079929293977,799.6845924816433,18.45720443668976,-0.07620205466002489,LLLYALLFLLTSLLFSLLILI,Mutant
LLLLAYLLALLFLLTSLLILI,LLLLIYLLALLFLLTSLLILI,Left,clash,20.5677,-274.888,728084.0,727779.0,-74.1866,-286.642,-387.189,4240.29,-49.9233,-26.3599,3280.59,4214.25,59.8868,2.52215,3280.59,4214.25,59.8868,2.52215,-25.4867,1.1011e+16,4,A,135.95305,1.821373069,,,,,0.0956668096781687,0.1155179107952559,L,99999900.0,LLLLAYLLALLFLLTSLLILI,27138.32506111341,1121.193772155169,7.991614030113271,0.2231741932123213,LLLLAYLLALLFLLTSLLILI,Mutant
LLLLAYLLALLFLLTSLLILI,LLLLAALLALLFLLTSLLILI,Left,void,,,,,,,,,,,3259.34,4043.18,50.4627,85.6196,3280.59,4214.25,165.442,239.623,-25.4867,1.1e+16,5,Y,44.6752,65.71221568,3173.7204,3040.967,132.7534,3.0,0.2352313668366493,0.0528854876550698,L,99999900.0,LLLLAYLLALLFLLTSLLILI,27931.06640496349,1025.18513310575,19.65026635526532,0.0836096360538407,LLLLAYLLALLFLLTSLLILI,Mutant
LLLLAYLLALLFLLTSLLILI,LLLLAYLLILLFLLTSLLILI,Left,clash,17.0506,-275.524,27135.9,26827.5,-74.1866,-285.143,-387.028,4220.28,-49.9233,-27.6983,3280.59,4214.25,51.7902,4.72119,3280.59,4214.25,51.7902,4.72119,-25.4867,1.1011e+16,8,A,135.95305,1.821373069,,,,,0.3085191781168137,0.2048747319454453,L,99999900.0,LLLLAYLLALLFLLTSLLILI,28303.88078666455,192.92362406500365,25.77243038303168,0.010321824773676325,LLLLAYLLALLFLLTSLLILI,Mutant
LLLLAYLLALLFLLTSLLILI,LLLLAYLLALLALLTSLLILI,Left,void,,,,,,,,,,,3318.96,4117.58,58.6483,16.1453,3280.59,4214.25,146.952,108.95,-25.4867,1.1e+16,11,F,114.1225,12.39393004,3302.8147,3171.64,131.1747,3.0,0.3915075538040326,0.0199026698640713,L,99999900.0,LLLLAYLLALLFLLTSLLILI,28828.125455806538,1077.7827683135797,32.704939888777595,-0.07266655091354263,LLLLAYLLALLFLLTSLLILI,Mutant
LLLLYYLTALLFVLLILLILI,LLLLYYLTALLIVLLILLILI,Left,clash,22.2753,-278.862,9701270.0,9700960.0,-58.813,-279.043,-366.766,4299.02,-49.4941,-28.9096,3484.16,4239.25,44.8831,22.6232,3476.75,4339.96,140.088,32.2849,-24.8151,1.1011e+16,11,F,107.6446,17.36668616,,,,,0.1255916311329472,0.2948731186873606,L,99999900.0,LLLLYYLTALLFVLLILLILI,27235.949659742742,1873.2921670031897,10.491411230324674,0.07855959362081111,LLLLYYLTALLFVLLILLILI,Mutant
LLLLYYLTALLFVLLILLILI,LLLLAYLTALLFVLLILLILI,Left,void,,,,,,,,,,,3624.95,4231.15,63.5287,64.4959,3476.75,4339.96,167.178,110.733,-24.8151,1.1e+16,4,Y,73.9793,46.57577675,3560.4541,3366.017,194.4371,2.0,0.2245283591054968,0.1494148410208517,L,99999900.0,LLLLYYLTALLFVLLILLILI,27856.76760453378,733.3118449553826,18.756180861702465,-0.02037713435173849,LLLLYYLTALLFVLLILLILI,Mutant
LLLLYYLTALLFVLLILLILI,LLLLYYLTILLFVLLILLILI,Left,clash,22.546,-283.884,9700420.0,9700110.0,-58.813,-284.066,-359.375,4365.39,-49.4941,-16.4959,3476.75,4339.96,55.5737,44.7792,3476.75,4339.96,55.5737,44.7792,-24.8151,1.1011e+16,8,A,86.5504,34.09680681,,,,,0.3158129569957568,0.2186975583559616,L,99999900.0,LLLLYYLTALLFVLLILLILI,28350.462703626505,228.8702654882834,26.381722841070104,-0.11166173224199849,LLLLYYLTALLFVLLILLILI,Mutant
LLLLYYLTALLFVLLILLILI,LLLLYALTALLFVLLILLILI,Left,void,,,,,,,,,,,3462.15,4167.39,50.0246,82.2578,3476.75,4339.96,165.682,234.262,-24.8151,1.1e+16,5,Y,48.037,63.13206667,3379.8922,3242.488,137.4042,2.0,0.3262816657737709,0.1131992263552198,L,99999900.0,LLLLYYLTALLFVLLILLILI,28437.89337538543,693.487359018608,27.25623595830473,-0.12213044102001258,LLLLYYLTALLFVLLILLILI,Mutant
LLLLYALLFLLTALLFSLILI,LLLLYILLFLLTALLFSLILI,Left,clash,20.1661,-275.633,31828.5,31523.1,-74.1994,-290.363,-373.141,4257.51,-49.9107,-8.579,3284.35,4360.92,49.6561,18.8008,3284.35,4360.92,49.6561,18.8008,-23.8351,1.10011e+16,5,A,121.38799,6.496595338,,,,,0.1039915870862995,0.1107982422418021,L,99999900.0,LLLLYALLFLLTALLFSLILI,27158.74100358419,685.9067787742464,8.687031888785423,0.3424885043129798,LLLLYALLFLLTALLFSLILI,Mutant
LLLLYALLFLLTALLFSLILI,LLLLYALLFLLTILLFSLILI,Left,clash,18.1646,-275.939,1819300.0,1818990.0,-74.1994,-289.713,-372.307,4249.08,-49.9107,-8.39496,3284.35,4360.92,48.5805,8.43401,3284.35,4360.92,48.5805,8.43401,-23.8351,1.10011e+16,12,A,121.38799,6.496595338,,,,,0.1590466926224816,0.0298309509372746,L,99999900.0,LLLLYALLFLLTALLFSLILI,27477.97560081147,940.32482807888,13.28611024534866,0.2874333987767977,LLLLYALLFLLTALLFSLILI,Mutant
LLLLYALLFLLTALLFSLILI,LLLLYALLALLTALLFSLILI,Left,void,,,,,,,,,,,3309.55,4210.04,58.8127,4.43075,3284.35,4360.92,158.722,62.8135,-23.8351,1.1e+16,8,F,126.89885,3.373763417,3305.11925,3221.5365,83.58275,2.0,0.326591108436792,0.0369661809395775,L,99999900.0,LLLLYALLFLLTALLFSLILI,28451.77428573066,994.6470645485296,27.28208553283988,0.11988898296248729,LLLLYALLFLLTALLFSLILI,Mutant
LLLLYALLFLLTALLFSLILI,LLLLAALLFLLTALLFSLILI,Left,void,,,,,,,,,,,3141.97,4203.78,59.4025,82.9216,3284.35,4360.92,172.817,303.645,-23.8351,1.1e+16,4,Y,55.5536,59.88191387,3059.0484,2980.705,78.3434,2.0,0.3615789722382724,0.0028362130248521,L,99999900.0,LLLLYALLFLLTALLFSLILI,28657.980958789853,1153.4087934767012,30.204828584272587,0.0849011191610069,LLLLYALLFLLTALLFSLILI,Mutant
LLLLYLLLFTLAVLLLSLILI,LLLLYLLLFTLAVLLISLILI,Left,clash,13.4021,-273.197,6413760000.0,6413760000.0,-74.2357,-283.671,-379.093,4225.68,-49.6161,-21.1866,3233.5,4244.78,64.0814,43.1961,3213.76,4329.67,130.997,46.1756,-22.5076,1.10011e+16,15,L,86.5243,33.29938853,,,,,0.1078836413955108,0.1553475296034348,L,99999900.0,LLLLYLLLFTLAVLLLSLILI,27195.318283276392,896.7710349036033,9.012158188367186,0.006710732223590407,LLLLYLLLFTLAVLLLSLILI,Mutant
LLLLYLLLFTLAVLLLSLILI,LLLLYLLLATLAVLLLSLILI,Left,void,,,,,,,,,,,3242.36,4183.94,57.5307,26.7139,3213.76,4329.67,156.73,100.533,-22.5076,1.1e+16,8,F,104.6157,20.34111122,3215.6461,3113.227,102.4191,2.0,0.189972163255808,0.0897496099926848,L,99999900.0,LLLLYLLLFTLAVLLLSLILI,27665.526173270995,887.8544768254336,15.869497585561652,-0.07537778963670681,LLLLYLLLFTLAVLLLSLILI,Mutant
LLLLYLLLFTLAVLLLSLILI,LLLLYLLLFTLIVLLLSLILI,Left,clash,13.3995,-277.256,2597710000000.0,2597710000000.0,-74.2357,-289.641,-391.994,4266.64,-49.6161,-28.1175,3213.76,4329.67,42.3334,6.61962,3213.76,4329.67,42.3334,6.61962,-22.5076,1.10011e+16,11,A,123.64818,5.081547397,,,,,0.2759503374995928,0.1482438282177933,L,99999900.0,LLLLYLLLFTLAVLLLSLILI,28174.682692217964,1086.746764187808,23.05176263528613,-0.16135596388049162,LLLLYLLLFTLAVLLLSLILI,Mutant
LLLLYLLLFTLAVLLLSLILI,LLLLALLLFTLAVLLLSLILI,Left,void,,,,,,,,,,,3236.96,4171.52,59.7661,12.6895,3213.76,4329.67,173.285,133.618,-22.5076,1.1e+16,4,Y,125.7857,9.163734734,3224.2705,3080.142,144.1285,2.0,0.4445105021490965,0.0730892225677859,L,99999900.0,LLLLYLLLFTLAVLLLSLILI,29130.80268756224,926.4604948118222,37.13258942634175,-0.3299161285299953,LLLLYLLLFTLAVLLLSLILI,Mutant
LLLLYVLIALLLLLTSLLILI,LLLLYVLIALLLLLTILLILI,Left,clash,22.7968,-275.721,324248000000.0,324248000000.0,-58.871,-276.992,-382.605,4241.06,-49.6044,-46.7427,3244.97,4185.76,57.8619,20.0932,3244.15,4191.05,66.5476,20.164,-22.4441,1.1011e+16,15,S,109.6272,15.4896223,,,,,0.1762444008522876,0.1126646981266694,L,99999900.0,LLLLYVLIALLLLLTSLLILI,27553.34971529422,658.4243029437372,14.722736457066842,0.18738085843505148,LLLLYVLIALLLLLTSLLILI,Mutant
LLLLYVLIALLLLLTSLLILI,LLLLYVLIILLLLLTSLLILI,Left,clash,23.0245,-277.746,324248000000.0,324248000000.0,-74.1669,-287.347,-406.723,4214.62,-49.6044,-45.2088,3244.15,4191.05,43.9066,9.62659,3244.15,4191.05,43.9066,9.62659,-22.4441,1.1011e+16,8,A,121.70301,7.330099231,,,,,0.2118766451476642,0.0845152743337274,L,99999900.0,LLLLYVLIALLLLLTSLLILI,27813.6762987003,1285.1591647349771,17.69930841962428,0.1517486141396749,LLLLYVLIALLLLLTSLLILI,Mutant
LLLLYVLIALLLLLTSLLILI,LLLLAVLIALLLLLTSLLILI,Left,void,,,,,,,,,,,3256.47,4035.04,56.0893,23.9509,3244.15,4191.05,170.057,154.933,-22.4441,1.1e+16,4,Y,114.5243,17.29616567,3232.5191,3089.217,143.3021,2.0,0.3627824526344,0.2011094003783685,L,99999900.0,LLLLYVLIALLLLLTSLLILI,28645.35599340862,654.8721640888077,30.305362414668043,0.0008428066529390654,LLLLYVLIALLLLLTSLLILI,Mutant
LLLLYVLIALLLLLTSLLILI,LLLLYVLIALLLALTSLLILI,Left,void,,,,,,,,,,,3238.73,4130.31,47.733,60.6545,3244.15,4191.05,106.665,140.346,-22.4441,1.1e+16,12,L,69.1675,46.72127991,3178.0755,3103.804,74.2715,2.0,0.4290054487125385,0.0809697906530004,L,99999900.0,LLLLYVLIALLLLLTSLLILI,29040.737597320232,900.4939864095272,35.83736067356847,-0.06538018942519941,LLLLYVLIALLLLLTSLLILI,Mutant
LLLLYLLAVLTSLLFSLLILI,LLLLILLAVLTSLLFSLLILI,Left,clash,18.1812,-269.473,84369.2,84064.9,-89.6761,-278.315,-399.118,4120.4,-53.05,-31.1261,3227.16,4004.98,59.9227,26.6488,3220.17,4189.68,178.256,28.8083,-22.2275,1.10011e+17,4,Y,111.8264,19.24445677,,,,,0.1739500299743574,0.0957621165145342,L,99999900.0,LLLLYLLAVLTSLLFSLLILI,27563.73585475566,743.0971104734876,14.531074097257484,0.2400843170643158,LLLLYLLAVLTSLLFSLLILI,Mutant
LLLLYLLAVLTSLLFSLLILI,LLLLYLLAVLTILLFSLLILI,Left,clash,17.9202,-275.001,3012710.0,3012400.0,-74.2892,-282.165,-378.098,4239.73,-49.7772,-21.644,3221.83,4182.09,53.1187,8.35287,3220.17,4189.68,63.0016,8.78819,-22.2275,1.10011e+17,11,S,121.91493,6.412075739,,,,,0.2934777610184728,0.163261051933623,L,99999900.0,LLLLYLLAVLTSLLFSLLILI,28221.931623759134,415.1030567359525,24.51593191381056,0.12055658602020042,LLLLYLLAVLTSLLFSLLILI,Mutant
LLLLYLLAVLTSLLFSLLILI,LLLLYLLAVLTSLLASLLILI,Left,void,,,,,,,,,,,3238.16,4109.67,56.7571,17.9949,3220.17,4189.68,141.639,130.777,-22.2275,1.1e+17,14,F,111.8919,13.85429466,3220.1651,3089.393,130.7721,3.0,0.52157480018388,0.0212530493251494,L,99999900.0,LLLLYLLAVLTSLLFSLLILI,29578.42086858153,1136.6494208320594,43.57022571281811,-0.10754045314520683,LLLLYLLAVLTSLLFSLLILI,Mutant
LLLLYLLAVLTSLLFSLLILI,LLLAYLLAVLTSLLFSLLILI,Left,void,,,,,,,,,,,3137.88,4100.56,64.2688,109.159,3220.17,4189.68,131.803,242.471,-22.2275,1.1e+17,3,L,60.5718,64.31301803,3028.721,2977.699,51.022,3.0,0.5334161575392277,0.0734575909407529,L,99999900.0,LLLLYLLAVLTSLLFSLLILI,29634.33320662271,891.5764313190215,44.55940427845576,-0.11938181050055446,LLLLYLLAVLTSLLFSLLILI,Mutant
LLLLYYLTFLLAVLLILLILI,LLLLYYLTFLLIVLLILLILI,Left,clash,22.2504,-283.351,241028000.0,241028000.0,-58.7662,-284.075,-360.127,4357.2,-49.4492,-17.2866,3438.97,4380.4,37.1618,4.66514,3438.97,4380.4,37.1618,4.66514,-20.004,1.1011e+16,11,A,125.60266,3.581191975,,,,,0.1794728189223866,0.1242288560322244,L,99999900.0,LLLLYYLTFLLAVLLILLILI,27588.75137568212,611.9921977236081,14.992425299319123,0.051194480434129414,LLLLYYLTFLLAVLLILLILI,Mutant
LLLLYYLTFLLAVLLILLILI,LLLLYALTFLLAVLLILLILI,Left,void,,,,,,,,,,,3432.93,4222.23,49.5729,82.1879,3438.97,4380.4,160.854,224.173,-20.004,1.1e+16,5,Y,62.1359,52.31129715,3350.7421,3214.797,135.9451,2.0,0.3106001890318511,0.0795664561468184,L,99999900.0,LLLLYYLTFLLAVLLILLILI,28364.12547595104,966.7633977581696,25.94626952412333,-0.0799328896753351,LLLLYYLTFLLAVLLILLILI,Mutant
LLLLYYLTFLLAVLLILLILI,LLLLYYLTILLAVLLILLILI,Left,clash,21.7606,-278.336,197366000.0,197366000.0,-58.7662,-279.046,-366.661,4298.55,-49.4492,-28.8484,3450.53,4246.12,56.9906,47.5125,3438.97,4380.4,152.773,152.51,-20.004,1.1011e+16,8,F,107.6446,17.36668616,,,,,0.3297346855388404,0.1375450680971757,L,99999900.0,LLLLYYLTFLLAVLLILLILI,28454.533819933087,618.2543374702394,27.54468710759696,-0.09906738618232439,LLLLYYLTFLLAVLLILLILI,Mutant
LLLLYYLTFLLAVLLILLILI,LLLLAYLTFLLAVLLILLILI,Left,void,,,,,,,,,,,3556.76,4272.17,63.6792,47.3007,3438.97,4380.4,166.904,103.293,-20.004,1.1e+16,4,Y,91.1745,34.15824639,3509.4593,3335.677,173.7823,2.0,0.3953001968849631,0.1103597935721599,L,99999900.0,LLLLYYLTFLLAVLLILLILI,28830.32772696952,668.6060943244433,33.0217617809128,-0.1646328975284471,LLLLYYLTFLLAVLLILLILI,Mutant
LLLLFWLLAVLTALLYLLILI,LLLLFWLLAVLTILLYLLILI,Left,clash,29.264,-280.43,881881000.0,881880000.0,-58.9566,-284.494,-366.461,4302.54,-49.7162,-23.0106,3214.47,4196.85,44.3153,6.39176,3214.47,4196.85,44.3153,6.39176,-19.9151,1.10011e+16,12,A,123.43024,4.923479842,,,,,0.0432777583671444,0.0732621481375657,L,99999900.0,LLLLFWLLAVLTALLYLLILI,26818.830188109525,878.2498088932981,3.615246940106217,0.3366182405699484,LLLLFWLLAVLTALLYLLILI,Mutant
LLLLFWLLAVLTALLYLLILI,LLLLFWLLIVLTALLYLLILI,Left,clash,29.4015,-280.429,882809000.0,882809000.0,-58.9455,-284.577,-365.148,4329.6,-49.8358,-21.6258,3214.47,4196.85,53.7834,18.8081,3214.47,4196.85,53.7834,18.8081,-19.9151,1.10011e+16,8,A,123.43024,4.923479842,,,,,0.2713984951117674,0.0907377225836972,L,99999900.0,LLLLFWLLAVLTALLYLLILI,28135.87093763611,912.3805598309688,22.671520337965003,0.10849750382532541,LLLLFWLLAVLTALLYLLILI,Mutant
LLLLFWLLAVLTALLYLLILI,LLLLFWLLAVLTALLALLILI,Left,void,,,,,,,,,,,3208.31,4071.58,57.5705,7.31852,3214.47,4196.85,164.207,139.812,-19.9151,1.1e+16,15,Y,122.40188,5.641764904,3200.99148,3074.658,126.33348,3.0,0.4020518104677347,0.0480785136510978,L,99999900.0,LLLLFWLLAVLTALLYLLILI,28886.63789299736,980.4758448320327,33.58576396741295,-0.02215581153064189,LLLLFWLLAVLTALLYLLILI,Mutant
LLLLFWLLAVLTALLYLLILI,LLLLFALLAVLTALLYLLILI,Left,void,,,,,,,,,,,3228.03,4171.27,58.1798,5.73605,3214.47,4196.85,141.259,137.488,-19.9151,1.1e+16,5,W,124.55875,4.402362949,3222.29395,3076.982,145.31195,3.0,0.4451000752919601,0.0225334447065246,L,99999900.0,LLLLFWLLAVLTALLYLLILI,29148.15085652442,1244.1203494058093,37.1818399555079,-0.0652040763548673,LLLLFWLLAVLTALLYLLILI,Mutant
LLLLYALVFLLTSLLFLLILI,LLLLYALVFLLTSLAFLLILI,Left,void,,,,,,,,,,,3303.84,4236.7,53.7589,109.01,3357.04,4294.49,113.695,226.585,-19.8812,1.1e+16,14,L,20.8768,83.92692714,3194.83,3130.455,64.375,3.0,0.2007453899424411,0.0650039845133135,L,99999900.0,LLLLYALVFLLTSLLFLLILI,27712.39879335716,789.510560685566,16.76944888348954,0.1685916952955361,LLLLYALVFLLTSLLFLLILI,Mutant
LLLLYALVFLLTSLLFLLILI,LLLLYALVFLLTILLFLLILI,Left,clash,17.0366,-274.756,64068.2,63760.5,-58.9419,-279.675,-350.952,4292.25,-49.9584,-12.3359,3358.54,4303.64,34.925,0.508435,3357.04,4294.49,37.9222,1.68173,-19.8812,1.1011e+16,12,S,129.313565,0.391640092,,,,,0.2780379374817651,0.1525074234028852,L,99999900.0,LLLLYALVFLLTSLLFLLILI,28208.125590080665,1434.7331148348258,23.2261522000988,0.09129914775621212,LLLLYALVFLLTSLLFLLILI,Mutant
LLLLYALVFLLTSLLFLLILI,LLLLYALVILLTSLLFLLILI,Left,clash,17.0196,-271.757,818.798,510.706,-74.3283,-276.794,-372.574,4234.52,-53.3546,-21.452,3374.62,4154.79,57.6023,8.54419,3357.04,4294.49,154.565,35.8785,-19.8812,1.1011e+16,8,F,122.78541,6.505913366,,,,,0.2849797907425274,0.0609822311944041,L,99999900.0,LLLLYALVFLLTSLLFLLILI,28221.504600182267,1073.1271468635384,23.8060462312714,0.08435729449544982,LLLLYALVFLLTSLLFLLILI,Mutant
LLLLYALVFLLTSLLFLLILI,LLLLYALVFLLTSLLALLILI,Left,void,,,,,,,,,,,3387.62,4197.86,58.1423,19.2757,3357.04,4294.49,149.586,104.858,-19.8812,1.1e+16,15,F,110.4447,14.85942072,3368.3443,3252.182,116.1623,3.0,0.3579528024967545,0.1059428789343604,L,99999900.0,LLLLYALVFLLTSLLFLLILI,28627.83995997277,806.3568088733225,29.90191319408267,0.011384282741222718,LLLLYALVFLLTSLLFLLILI,Mutant
LLLLYWLLTILAFLLSLLILI,LLLLYWLLIILAFLLSLLILI,Left,clash,28.0152,-278.763,197642000000.0,197642000000.0,-60.3383,-291.597,-377.293,4307.8,-45.0857,-25.3583,3528.63,4125.43,64.4148,46.5552,3512.76,4166.89,95.9534,59.9389,-19.6515,1.10011e+16,8,T,84.7744,35.44912952,,,,,0.1892436115233291,0.0922299138660855,L,99999900.0,LLLLYWLLTILAFLLSLLILI,27644.91590212726,679.7073292481945,15.808637353402473,0.20721298387126927,LLLLYWLLTILAFLLSLLILI,Mutant
LLLLYWLLTILAFLLSLLILI,LLLLYWLLTILAFLLILLILI,Left,clash,27.9857,-279.952,197642000000.0,197642000000.0,-58.7721,-283.45,-366.014,4341.7,-49.566,-23.7916,3515.37,4159.46,55.8793,23.0826,3512.76,4166.89,65.8617,27.3449,-19.6515,1.10011e+16,15,S,106.6378,17.79411719,,,,,0.2422832410434014,0.1254667036484424,L,99999900.0,LLLLYWLLTILAFLLSLLILI,27950.79373053477,621.6851410680723,20.23935108631112,0.15417335435119697,LLLLYWLLTILAFLLSLLILI,Mutant
LLLLYWLLTILAFLLSLLILI,LLLLYALLTILAFLLSLLILI,Left,void,,,,,,,,,,,3500.76,4150.73,50.062,43.0226,3512.76,4166.89,125.909,185.686,-19.6515,1.1e+16,5,W,87.2722,33.01942979,3457.7374,3327.074,130.6634,3.0,0.2775552260457968,0.1255551974268572,L,99999900.0,LLLLYWLLTILAFLLSLLILI,28175.72484134861,955.6084306295596,23.1858284608923,0.11890136934880158,LLLLYWLLTILAFLLSLLILI,Mutant
LLLLYWLLTILAFLLSLLILI,LLLLYWLLTILAALLSLLILI,Left,void,,,,,,,,,,,3553.26,4080.66,46.2078,15.5718,3512.76,4166.89,132.876,75.6247,-19.6515,1.1e+16,12,F,114.2502,11.99473125,3537.6882,3437.1353,100.5529,3.0,0.3872905509532982,0.0729714998504527,L,99999900.0,LLLLYWLLTILAFLLSLLILI,28801.170104748595,918.7250277916174,32.35266871698532,0.009166044441300203,LLLLYWLLTILAFLLSLLILI,Mutant
LLLLYLLLAVLLSLLFTLILI,LLLLYLLLIVLLSLLFTLILI,Left,clash,18.1398,-276.77,5245900000.0,5245900000.0,-74.2291,-290.033,-392.228,4249.87,-49.6062,-27.9665,3265.3,4326.04,47.9208,13.15,3265.3,4326.04,47.9208,13.15,-19.3482,1.10011e+16,8,A,118.1796,10.01297499,,,,,0.0902193514338627,0.1429747887709585,L,99999900.0,LLLLYLLLAVLLSLLFTLILI,27109.67117189998,1151.517137253382,7.536555646959241,0.1728135819010808,LLLLYLLLAVLLSLLFTLILI,Mutant
LLLLYLLLAVLLSLLFTLILI,LLLLYLLLAVLLSLLATLILI,Left,void,,,,,,,,,,,3282.15,4155.83,64.5019,43.8463,3265.3,4326.04,169.284,131.485,-19.3482,1.1e+16,15,F,85.8741,33.80062041,3238.3037,3133.815,104.4887,2.0,0.2959676044181014,0.0375847452600267,L,99999900.0,LLLLYLLLAVLLSLLFTLILI,28271.02311265788,955.4846896124136,24.72392324865485,-0.032934671083157896,LLLLYLLLAVLLSLLFTLILI,Mutant
LLLLYLLLAVLLSLLFTLILI,LLLLYLLLAVLISLLFTLILI,Left,clash,17.9957,-272.712,1600390000.0,1600390000.0,-74.2291,-285.125,-378.377,4215.15,-49.6062,-19.0226,3294.97,4261.8,59.6349,22.8192,3265.3,4326.04,121.631,76.6257,-19.3482,1.10011e+16,11,L,107.4486,17.51714545,,,,,0.2998965346972233,0.0755400672889934,L,99999900.0,LLLLYLLLAVLLSLLFTLILI,28294.586397773688,863.3568568850693,25.05213001595058,-0.03686360136227984,LLLLYLLLAVLLSLLFTLILI,Mutant
LLLLYLLLAVLLSLLFTLILI,LLLLALLLAVLLSLLFTLILI,Left,void,,,,,,,,,,,3283.75,4171.19,60.1879,22.7848,3265.3,4326.04,172.674,150.264,-19.3482,1.1e+16,4,Y,115.6904,16.45406542,3260.9652,3115.036,145.9292,2.0,0.3832864426630528,0.0328616791647517,L,99999900.0,LLLLYLLLAVLLSLLFTLILI,28777.91764578929,1015.9594806947612,32.0181818860973,-0.1202535093281093,LLLLYLLLAVLLSLLFTLILI,Mutant
LLLLYILLLLLAVLTFLLILI,LLLLYILLILLAVLTFLLILI,Left,clash,19.1662,-275.864,189550000000.0,189550000000.0,-58.8894,-281.113,-368.235,4235.97,-49.692,-28.2325,3286.96,4210.37,59.6761,30.0006,3261.52,4294.35,122.824,46.4902,-18.3647,1.1011e+16,8,L,101.329,22.84374581,,,,,0.0745744260940786,0.2104162776034735,L,99999900.0,LLLLYILLLLLAVLTFLLILI,26938.58870424957,431.89236639483096,6.229642567427287,0.043343286690143895,LLLLYILLLLLAVLTFLLILI,Mutant
LLLLYILLLLLAVLTFLLILI,LLLLYILLLLLAVLTALLILI,Left,void,,,,,,,,,,,3275.61,4141.81,58.8899,28.5499,3261.52,4294.35,159.684,129.302,-18.3647,1.1e+16,15,F,101.1705,22.00879738,3247.0601,3132.218,114.8421,2.0,0.1930397565547029,0.2690525583476627,L,99999900.0,LLLLYILLLLLAVLTFLLILI,27752.90740079843,1979.9173677912163,16.12575178415572,-0.0751220437704804,LLLLYILLLLLAVLTFLLILI,Mutant
LLLLYILLLLLAVLTFLLILI,LLLLYILLLLLIVLTFLLILI,Left,clash,19.1045,-279.924,8085190000000.0,8085190000000.0,-58.8749,-284.051,-374.388,4306.38,-49.8088,-31.4623,3261.52,4294.35,58.9452,30.0766,3261.52,4294.35,58.9452,30.0766,-18.3647,1.1011e+16,11,A,100.1912,23.08828429,,,,,0.2065654910501289,0.1609155377273853,L,99999900.0,LLLLYILLLLLAVLTFLLILI,27733.04648452717,414.5850946795618,17.255636327445767,-0.08864777826590639,LLLLYILLLLLAVLTFLLILI,Mutant
LLLLYILLLLLAVLTFLLILI,LLLLAILLLLLAVLTFLLILI,Left,void,,,,,,,,,,,3286.23,4158.34,59.6425,23.7343,3261.52,4294.35,168.581,135.687,-18.3647,1.1e+16,4,Y,114.7409,17.13974777,3262.4957,3125.833,136.6627,2.0,0.2809905157587095,0.0379092964230145,L,99999900.0,LLLLYILLLLLAVLTFLLILI,28186.86096083813,963.6221939393072,23.472798514138272,-0.16307280297448698,LLLLYILLLLLAVLTFLLILI,Mutant
LLLLYWLLTLLVALLSFLILI,LLLLYWLLTLLVILLSFLILI,Left,clash,42.5141,-280.969,5461810000000000.0,5461810000000000.0,-74.2054,-294.029,-384.281,4320.31,-49.6077,-16.0466,3653.59,4217.38,52.8895,11.8975,3653.59,4217.38,52.8895,11.8975,-17.7225,1.10011e+16,12,A,117.9245,9.164471353,,,,,0.162975090691618,0.1137080931479941,L,99999900.0,LLLLYWLLTLLVALLSFLILI,27487.18254312572,563.4852992073585,13.614272553998784,0.2601474541348304,LLLLYWLLTLLVALLSFLILI,Mutant
LLLLYWLLTLLVALLSFLILI,LLLLYWLLILLVALLSFLILI,Left,clash,42.5542,-277.747,5461810000000000.0,5461810000000000.0,-60.4892,-289.33,-374.006,4315.69,-45.1202,-24.1873,3668.82,4187.74,52.0259,29.4123,3653.59,4217.38,83.6023,47.9586,-17.7225,1.10011e+16,8,T,101.9173,22.39578892,,,,,0.28146002444831,0.1945367592952569,L,99999900.0,LLLLYWLLTLLVALLSFLILI,28199.48164534758,1014.2168325107662,23.512019349908737,0.14166252037813842,LLLLYWLLTLLVALLSFLILI,Mutant
LLLLYWLLTLLVALLSFLILI,LLLLYALLTLLVALLSFLILI,Left,void,,,,,,,,,,,3641.3,4197.7,51.0728,54.5386,3653.59,4217.38,128.882,203.791,-17.7225,1.1e+16,5,W,75.7562,41.85784851,3586.7614,3449.799,136.9624,3.0,0.38250523104546,0.1057656817980741,L,99999900.0,LLLLYWLLTLLVALLSFLILI,28760.841072596875,709.226512808496,31.95292266249985,0.04061731378098837,LLLLYWLLTLLVALLSFLILI,Mutant
LLLLYWLLTLLVALLSFLILI,LLLLYWLLTLLVALLSALILI,Left,void,,,,,,,,,,,3610.97,4071.05,58.4595,103.235,3653.59,4217.38,157.963,228.277,-17.7225,1.1e+16,16,F,26.2278,79.74105303,3507.735,3425.313,82.422,3.0,0.4635528352359873,0.0401050264240529,L,99999900.0,LLLLYWLLTLLVALLSFLILI,29256.04684978828,1216.9773578147656,38.723308054622855,-0.04043029040953888,LLLLYWLLTLLVALLSFLILI,Mutant
LLLFALLLLLVTLLYSLLILI,LLLFALLALLVTLLYSLLILI,Left,void,,,,,,,,,,,3820.24,4727.99,49.4606,21.1778,3779.92,4804.53,117.024,63.2972,-17.8064,1.1e+17,7,L,108.4176,16.34147508,3799.0622,3716.6228,82.4394,2.0,0.2706495601256395,0.0284195677425954,L,99999900.0,LLLFALLLLLVTLLYSLLILI,28124.9268928216,1083.7810403602907,22.60895737215777,0.02025388788016097,LLLFALLLLLVTLLYSLLILI,Mutant
LLLFALLLLLVTLLYSLLILI,LLLAALLLLLVTLLYSLLILI,Left,void,,,,,,,,,,,3369.2,4122.9,54.8724,105.815,3449.49,4264.16,157.067,270.168,-17.4217,1.1e+17,3,F,63.9158,62.34283937,3263.385,3179.322,84.063,3.0,0.2910986694768619,0.0711318367787239,L,99999900.0,LLLAALLLLLVTLLFSLLILI,28249.55656223972,945.503429904032,24.31719233624106,-0.00019522147106143528,LLLFALLLLLVTLLYSLLILI,Mutant
LLLFALLLLLVTLLYSLLILI,LLLFALLILLVTLLYSLLILI,Left,clash,13.3599,-270.217,3.59e+18,3.59e+18,-74.2685,-282.043,-377.302,4282.09,-51.9234,-20.9905,3483.73,4178.47,49.6775,20.9774,3449.49,4264.16,118.21,47.0241,-17.4217,1.10011e+17,7,L,108.618,16.18683996,,,,,0.3045431063328183,0.0570832635309703,L,99999900.0,LLLFALLLLLVTLLYSLLILI,28315.68388271989,868.2682371534871,25.440285607214346,-0.0136396583270178,LLLFALLLLLVTLLYSLLILI,Mutant
LLLFALLLLLVTLLYSLLILI,LLLFALLLLLVILLYSLLILI,Left,clash,33.1334,-283.582,2245390000.0,2245390000.0,-60.4591,-280.574,-368.391,4816.94,-45.1494,-27.3573,3789.09,4773.78,52.6906,16.3715,3779.92,4804.53,81.1025,29.9471,-17.8064,1.10011e+17,11,T,113.8963,12.56757234,,,,,0.3202889375693296,0.1092665454456356,L,99999900.0,LLLFALLLLLVTLLYSLLILI,28451.875387480693,1584.838635571678,26.755627952682094,-0.0293854895635291,LLLFALLLLLVTLLYSLLILI,Mutant
LLLFALLLLLVTLLYSLLILI,LLLFALLLLLVTLLASLLILI,Left,void,,,,,,,,,,,3816.75,4686.31,43.9032,13.891,3779.92,4804.53,148.121,76.3761,-17.8064,1.1e+17,14,Y,115.9958,10.69469723,3802.859,3703.5439,99.3151,2.0,0.3219373323562584,0.0556097143069608,L,99999900.0,LLLFALLLLLVTLLYSLLILI,28443.85017271192,1270.6677513596658,26.893328111710098,-0.031033884350457897,LLLFALLLLLVTLLYSLLILI,Mutant
LLLLYVLLATLFILLLSLILI,LLLLYVLLITLFILLLSLILI,Left,clash,14.7298,-277.441,1805230000.0,1805230000.0,-74.2065,-289.495,-390.077,4209.45,-49.5929,-26.3757,3378.07,4156.29,51.5146,43.2338,3378.07,4156.29,51.5146,43.2338,-16.9767,1.10011e+16,8,A,88.0958,32.92007285,,,,,0.0976113037013353,0.2032736288813158,L,99999900.0,LLLLYVLLATLFILLLSLILI,27095.78060120611,254.31696084433392,8.154049108373817,0.13037603013327428,LLLLYVLLATLFILLLSLILI,Mutant
LLLLYVLLATLFILLLSLILI,LLLLAVLLATLFILLLSLILI,Left,void,,,,,,,,,,,3433.21,4047.52,59.971,44.7176,3378.07,4156.29,163.581,147.096,-16.9767,1.1e+16,4,Y,93.7576,32.29285822,3388.4924,3230.974,157.5184,3.0,0.1446983303024776,0.0991526279235591,L,99999900.0,LLLLYVLLATLFILLLSLILI,27411.38746243846,979.9681557961812,12.08750673791028,0.08328900353213198,LLLLYVLLATLFILLLSLILI,Mutant
LLLLYVLLATLFILLLSLILI,LLLLYVLLATLIILLLSLILI,Left,clash,14.6577,-272.412,1805230000.0,1805230000.0,-74.2065,-284.471,-397.216,4155.84,-49.5929,-38.538,3387.32,4066.03,49.8564,25.7674,3378.07,4156.29,137.862,29.5513,-16.9767,1.10011e+16,11,F,104.5004,19.78032944,,,,,0.1868125187881993,0.1205567551422158,L,99999900.0,LLLLYVLLATLFILLLSLILI,27637.375248807108,706.4714957332111,15.605553808796689,0.041174815046410296,LLLLYVLLATLFILLLSLILI,Mutant
LLLLYVLLATLFILLLSLILI,LLLLYVLLATLFALLLSLILI,Left,void,,,,,,,,,,,3342.32,4120.99,47.8999,94.3472,3378.07,4156.29,97.9664,194.771,-16.9767,1.1e+16,12,I,35.4748,72.67427709,3247.9728,3183.299,64.6738,3.0,0.3911150940392752,0.0642628202184337,L,99999900.0,LLLLYVLLATLFILLLSLILI,28816.40916932392,876.4479598279391,32.67215540508005,-0.1631277602046656,LLLLYVLLATLFILLLSLILI,Mutant
LLLLYFLLLVLATLLLSLILI,LLLLYFLLIVLATLLLSLILI,Left,clash,19.8027,-269.704,33737.7,33431.4,-74.2686,-287.358,-382.978,4211.48,-56.3932,-21.3507,3407.75,4229.53,53.7835,21.0337,3402.28,4292.52,113.781,20.7399,-16.1412,1.10011e+16,8,L,110.2959,16.01596289,,,,,0.1170230252332978,0.1062702043031954,L,99999900.0,LLLLYFLLLVLATLLLSLILI,27239.21449682067,770.984897636914,9.775624936661153,0.0865874434101577,LLLLYFLLLVLATLLLSLILI,Mutant
LLLLYFLLLVLATLLLSLILI,LLLLAFLLLVLATLLLSLILI,Left,void,,,,,,,,,,,3429.92,4146.49,45.4639,32.5695,3402.28,4292.52,158.374,152.974,-16.1412,1.1e+16,4,Y,105.9057,23.52009602,3397.3505,3249.306,148.0445,2.0,0.2374845356371207,0.0481321049480375,L,99999900.0,LLLLYFLLLVLATLLLSLILI,27931.03863827989,886.1033810453613,19.8384868620287,-0.033874066993665186,LLLLYFLLLVLATLLLSLILI,Mutant
LLLLYFLLLVLATLLLSLILI,LLLLYFLLLVLITLLLSLILI,Left,clash,19.746,-273.764,5075020.0,5074710.0,-74.2686,-291.107,-393.069,4251.67,-56.3932,-27.6929,3402.28,4292.52,45.8578,17.5909,3402.28,4292.52,45.8578,17.5909,-16.1412,1.10011e+16,11,A,112.6769,13.50364403,,,,,0.2668524715325389,0.2180016022689891,L,99999900.0,LLLLYFLLLVLATLLLSLILI,28158.894376530425,2111.6738699843368,22.291764120116763,-0.06324200288908338,LLLLYFLLLVLATLLLSLILI,Mutant
LLLLYFLLLVLATLLLSLILI,LLLLYALLLVLATLLLSLILI,Left,void,,,,,,,,,,,3349.88,4151.37,55.1484,57.1141,3402.28,4292.52,153.875,214.394,-16.1412,1.1e+16,5,F,73.1807,43.83451987,3292.7659,3187.886,104.8799,2.0,0.3190151331641467,0.0709442635807403,L,99999900.0,LLLLYFLLLVLATLLLSLILI,28398.84138266408,821.2983183254349,26.64921954217562,-0.1154046645206912,LLLLYFLLLVLATLLLSLILI,Mutant
LLLLLFLTALLYVLISLLILI,LLLLLFLTALLYILISLLILI,Left,clash,14.4111,-270.572,1110460000.0,1110460000.0,-74.244,-281.42,-379.937,4253.01,-49.8906,-24.2734,3478.32,4227.21,46.5871,32.3424,3446.22,4227.07,65.3014,54.7028,-15.3504,1.1011e+16,12,V,97.4796,24.91288071,,,,,0.1860090562761937,0.1812297899515375,L,99999900.0,LLLLLFLTALLYVLISLLILI,27658.97699043919,1134.3548932613662,15.538435836479906,0.09140835988097909,LLLLLFLTALLYVLISLLILI,Mutant
LLLLLFLTALLYVLISLLILI,LLLLLFLTILLYVLISLLILI,Left,clash,14.4969,-273.191,1111820000.0,1111820000.0,-74.2211,-284.529,-384.939,4264.96,-50.1256,-26.1887,3446.22,4227.07,51.7971,7.48126,3446.22,4227.07,51.7971,7.48126,-15.3504,1.1011e+16,8,A,123.84834,5.696552795,,,,,0.2060589630825366,0.1145830401139683,L,99999900.0,LLLLLFLTALLYVLISLLILI,27771.311392749067,1076.906817487313,17.213323052590326,0.0713584530746362,LLLLLFLTALLYVLISLLILI,Mutant
LLLLLFLTALLYVLISLLILI,LLLLLFLTALLAVLISLLILI,Left,void,,,,,,,,,,,3471.72,4093.39,50.954,29.977,3446.22,4227.07,159.642,153.955,-15.3504,1.1e+16,11,Y,100.2908,23.01182641,3441.743,3292.265,149.478,2.0,0.2445180327480401,0.099532573132553,L,99999900.0,LLLLLFLTALLYVLISLLILI,27963.55301023944,673.7169422292268,20.4260364456458,0.032899383409132704,LLLLLFLTALLYVLISLLILI,Mutant
LLLLLFLTALLYVLISLLILI,LLLLLALTALLYVLISLLILI,Left,void,,,,,,,,,,,3405.68,4135.19,50.1309,62.0197,3446.22,4227.07,138.252,214.951,-15.3504,1.1e+16,5,F,68.2751,47.59952047,3343.6603,3231.269,112.3913,2.0,0.4711349054974016,0.1290511039299378,L,99999900.0,LLLLLFLTALLYVLISLLILI,29280.760318470435,811.0404662074491,39.35668319572208,-0.1937174893402288,LLLLLFLTALLYVLISLLILI,Mutant
LLLYFLLAVLTSLLLSLLILI,LLLYFLLAVLTILLLSLLILI,Left,clash,21.9599,-272.798,22485800000.0,22485800000.0,-74.2481,-282.931,-376.908,4306.5,-49.7387,-19.7297,3404.05,4212.24,50.1219,16.4396,3402.82,4218.81,59.8427,16.9313,-15.2592,1.10011e+17,11,S,113.8282,12.61984926,,,,,0.1712184875469636,0.117031838021264,L,99999900.0,LLLYFLLAVLTSLLLSLLILI,27521.93387218361,859.4023911395483,14.302892214114877,-0.006307091473444076,LLLYFLLAVLTSLLLSLLILI,Mutant
LLLYFLLAVLTSLLLSLLILI,LLLYFLLAVLTSLLASLLILI,Left,void,,,,,,,,,,,3449.95,4179.89,56.894,25.3222,3402.82,4218.81,112.008,61.5244,-15.2592,1.1e+17,14,L,104.5646,19.49559155,3424.6278,3341.2956,83.3322,3.0,0.2164350883384318,0.07099792541747,L,99999900.0,LLLYFLLAVLTSLLLSLLILI,27826.98084365586,1059.9799348152126,18.080102121027764,-0.051523692264912296,LLLYFLLAVLTSLLLSLLILI,Mutant
LLLYFLLAVLTSLLLSLLILI,LLLYFLLIVLTSLLLSLLILI,Left,clash,22.213,-274.823,22485800000.0,22485800000.0,-89.6159,-284.705,-391.585,4312.58,-49.8555,-17.2645,3402.82,4218.81,52.2922,24.2342,3402.82,4218.81,52.2922,24.2342,-15.2592,1.10011e+17,7,A,105.3612,18.69989213,,,,,0.3009457942731664,0.2110698525571335,L,99999900.0,LLLYFLLAVLTSLLLSLLILI,28265.32598508216,230.07957446231683,25.139780869747696,-0.1360343981996469,LLLYFLLAVLTSLLLSLLILI,Mutant
LLLYFLLAVLTSLLLSLLILI,LLLYALLAVLTSLLLSLLILI,Left,void,,,,,,,,,,,3432.86,4066.34,59.6605,40.3583,3402.82,4218.81,160.505,107.884,-15.2592,1.1e+17,4,F,98.1169,29.14478549,3392.5017,3294.936,97.5657,3.0,0.3333180472086205,0.0845474829879097,L,99999900.0,LLLYFLLAVLTSLLLSLLILI,28471.15084085761,787.9100910513619,27.84402648654689,-0.168406651135101,LLLYFLLAVLTSLLLSLLILI,Mutant
LLLYWLLTILVALLLSLLILI,LLLYWLLTILVILLLSLLILI,Left,clash,36.7618,-283.098,8779390000.0,8779390000.0,-74.1249,-289.95,-398.758,4302.76,-49.6093,-34.6826,3604.75,4130.02,46.8967,15.4979,3604.75,4130.02,46.8967,15.4979,-14.8358,1.10011e+17,11,A,114.7699,11.89695381,,,,,0.1757224764447052,0.1811182255705796,L,99999900.0,LLLYWLLTILVALLLSLLILI,27575.11051305304,744.6304152623677,14.679137026581746,0.2362213760424912,LLLYWLLTILVALLLSLLILI,Mutant
LLLYWLLTILVALLLSLLILI,LLLYWLLIILVALLLSLLILI,Left,clash,36.869,-279.825,8779390000.0,8779390000.0,-60.4258,-287.36,-387.556,4374.38,-45.1229,-39.7699,3620.33,4096.93,55.5054,30.4259,3604.75,4130.02,87.5773,44.3352,-14.8358,1.10011e+17,7,T,99.1695,23.477608,,,,,0.3124929731081722,0.0626453988921889,L,99999900.0,LLLYWLLTILVALLLSLLILI,28377.41967761476,1029.8423688622347,26.10438496490357,0.09945087937902419,LLLYWLLTILVALLLSLLILI,Mutant
LLLYWLLTILVALLLSLLILI,LLLYWLLTILVALLASLLILI,Left,void,,,,,,,,,,,3665.22,4090.19,56.237,44.7167,3604.75,4130.02,111.851,75.5301,-14.8358,1.1e+17,14,L,85.1701,34.42743989,3620.5033,3529.2199,91.2834,2.0,0.4696176054075107,0.1309876816029362,L,99999900.0,LLLYWLLTILVALLLSLLILI,29251.6661485317,599.6754040480625,39.229934151544114,-0.05767375292031429,LLLYWLLTILVALLLSLLILI,Mutant
LLLYWLLTILVALLLSLLILI,LLLYALLTILVALLLSLLILI,Left,void,,,,,,,,,,,3584.43,4114.05,48.8124,41.7687,3604.75,4130.02,126.011,207.924,-14.8358,1.1e+17,4,W,104.1574,24.78263256,3542.6613,3396.826,145.8353,2.0,0.5001160844752025,0.0153540215680383,L,99999900.0,LLLFALLTILVALLLSLLILI,29464.571539838915,1246.7264665819162,41.77765236263966,-0.08817223198800611,LLLYWLLTILVALLLSLLILI,Mutant
LLLLLALLFVLTSLLYLLILI,LLLLLALLFVLTILLYLLILI,Left,clash,17.125,-273.443,879485000.0,879485000.0,-58.9419,-279.794,-371.861,4233.15,-49.9372,-33.1252,3330.32,4173.96,45.1793,3.92222,3329.92,4179.24,54.4751,4.06748,-14.7041,1.10011e+16,12,S,125.89978,3.021229067,,,,,0.1872498602667859,0.0641212440464948,L,99999900.0,LLLLLALLFVLTSLLYLLILI,27632.24847893774,801.3508813879569,15.642087527313908,0.2250690702426381,LLLLLALLFVLTSLLYLLILI,Mutant
LLLLLALLFVLTSLLYLLILI,LLLLLILLFVLTSLLYLLILI,Left,clash,19.1062,-275.158,880264000.0,880263000.0,-74.2961,-282.084,-385.446,4245.65,-53.7529,-29.0661,3329.92,4179.24,53.3969,26.7137,3329.92,4179.24,53.3969,26.7137,-14.7041,1.10011e+16,5,A,103.5811,20.50250662,,,,,0.2134897840917924,0.1210429143284576,L,99999900.0,LLLLLALLFVLTSLLYLLILI,27770.486389863232,554.2714580497095,17.834063449731225,0.19882914641763158,LLLLLALLFVLTSLLYLLILI,Mutant
LLLLLALLFVLTSLLYLLILI,LLLLLALLAVLTSLLYLLILI,Left,void,,,,,,,,,,,3344.92,4078.2,58.6622,42.6285,3329.92,4179.24,148.384,113.684,-14.7041,1.1e+16,8,F,88.7011,32.45917143,3302.2915,3216.236,86.0555,2.0,0.4329001115323789,0.0360496933254663,L,99999900.0,LLLLLALLFVLTSLLYLLILI,29063.372615737266,1018.6817790796936,36.16270487746012,-0.02058118102295492,LLLLLALLFVLTSLLYLLILI,Mutant
LLLLLALLFVLTSLLYLLILI,LLLLLALLFVLTSLLALLILI,Left,void,,,,,,,,,,,3342.71,4058.28,58.1248,20.2127,3329.92,4179.24,166.3,149.061,-14.7041,1.1e+16,15,Y,109.5077,15.5817435,3322.4973,3180.859,141.6383,2.0,0.4959766980749749,0.0444709827569005,L,99999900.0,LLLLLALLFVLTSLLAILILI,29439.62501520092,1152.5241875266736,41.43186495169322,-0.08365776756555093,LLLLLALLFVLTSLLYLLILI,Mutant
LLLLYLLLFVLTALLLSLILI,LLLLYLLLFVLTILLLSLILI,Left,clash,18.5031,-275.613,2629630000.0,2629630000.0,-74.1215,-288.614,-390.363,4261.98,-49.827,-27.6276,3406.55,4308.03,41.2889,8.60772,3406.55,4308.03,41.2889,8.60772,-14.5487,1.10011e+16,12,A,121.21428,6.630401627,,,,,0.0809696987418739,0.1195005380212347,L,99999900.0,LLLLYLLLFVLTALLLSLILI,27033.486957991376,787.2774214443261,6.763877489553928,0.18707842177562048,LLLLYLLLFVLTALLLSLILI,Mutant
LLLLYLLLFVLTALLLSLILI,LLLLYLLLFVLTALLISLILI,Left,clash,18.4974,-271.553,73224300.0,73224000.0,-74.1215,-284.219,-380.14,4205.43,-49.827,-21.7986,3427.06,4242.0,62.1975,32.5379,3406.55,4308.03,123.571,83.9878,-14.5487,1.10011e+16,15,L,97.1825,25.08310181,,,,,0.1276215542062111,0.0686353872047708,L,99999900.0,LLLLYLLLFVLTALLLSLILI,27293.830074009325,764.7919632492602,10.660982702049498,0.14042656631128328,LLLLYLLLFVLTALLLSLILI,Mutant
LLLLYLLLFVLTALLLSLILI,LLLLYLLLAVLTALLLSLILI,Left,void,,,,,,,,,,,3422.0,4156.77,60.9591,34.3384,3406.55,4308.03,160.7,105.1,-14.5487,1.1e+16,8,F,96.9912,26.14673311,3387.6616,3301.45,86.2116,3.0,0.2567436641763557,0.0786785814764587,L,99999900.0,LLLLYFLLAVLTALLLSLILI,28034.006218120856,749.4559503720554,21.44731569576609,0.011304456341138691,LLLLYLLLFVLTALLLSLILI,Mutant
LLLLYLLLFVLTALLLSLILI,LLLLALLLFVLTALLLSLILI,Left,void,,,,,,,,,,,3260.09,4151.56,55.6652,89.2059,3406.55,4308.03,168.34,310.359,-14.5487,1.1e+16,4,Y,49.2693,64.42012721,3170.8841,3096.191,74.6931,3.0,0.3544046686492967,0.0745860540399156,L,99999900.0,LLLLYLLLFVLTALLLSLILI,28599.144757567505,808.512785229073,29.60551660333764,-0.08635654813180232,LLLLYLLLFVLTALLLSLILI,Mutant
LLLLYVLLFLLATLLILLILI,LLLLYVLLFLLITLLILLILI,Left,clash,16.7744,-277.436,7848720000000000.0,7848720000000000.0,-58.8982,-281.172,-374.528,4298.49,-49.6465,-34.4577,3330.65,4244.33,42.8044,4.89891,3330.65,4244.33,42.8044,4.89891,-14.5024,1.1011e+16,11,A,125.36889,3.760645378,,,,,0.1254512084501922,0.099391586136498,L,99999900.0,LLLLYVLLFLLATLLILLILI,27295.71883819102,901.275171675574,10.47968089369668,0.6314214038058057,LLLLYVLLFLLATLLILLILI,Mutant
LLLLYVLLFLLATLLILLILI,LLLLAVLLFLLATLLILLILI,Left,void,,,,,,,,,,,3368.21,4099.38,57.6339,37.9519,3330.65,4244.33,167.625,152.498,-14.5024,1.1e+16,4,Y,100.5233,27.4070014,3330.2581,3178.152,152.1061,3.0,0.1798366129524041,0.1178024200487653,L,99999900.0,LLLLYVLLFLLATLLILLILI,27591.22622348716,626.2496944961091,15.022815164771302,0.5770359993035938,LLLLYVLLFLLATLLILLILI,Mutant
LLLLYVLLFLLATLLILLILI,LLLLYVLIFLLATLLILLILI,Left,clash,16.8877,-273.374,7848720000000000.0,7848720000000000.0,-58.8982,-277.127,-363.883,4268.1,-49.6465,-27.858,3343.78,4214.0,49.7929,37.6084,3330.65,4244.33,99.0932,119.557,-14.5024,1.1011e+16,7,L,91.987,29.01985719,,,,,0.2115455578184843,0.0994764386531631,L,99999900.0,LLLLYVLLFLLATLLILLILI,27763.736425244908,1040.3564977370493,17.67165073819884,0.5453270544375136,LLLLYVLLFLLATLLILLILI,Mutant
LLLLYVLLFLLATLLILLILI,LLLLYVLLALLATLLILLILI,Left,void,,,,,,,,,,,3385.3,4137.16,55.4201,23.2592,3330.65,4244.33,147.869,102.43,-14.5024,1.1e+16,8,F,108.0704,17.71055421,3362.0408,3228.22,133.8208,3.0,0.2927285492786817,0.1059781809129632,L,99999900.0,LLLLYVLLFLLATLLILLILI,28235.628527305656,639.0258201677997,24.45334582913415,0.4641440629773162,LLLLYVLLFLLATLLILLILI,Mutant
LLLLSYLLAVLFTLLLILILI,LLLLSYLLIVLFTLLLILILI,Left,clash,18.6247,-279.089,66215.1,65903.1,-58.8845,-278.832,-367.404,4235.51,-51.5759,-29.6879,3229.25,4198.32,54.3731,24.6093,3229.25,4198.32,54.3731,24.6093,-14.2684,1.10011e+16,8,A,106.7203,18.73857836,,,,,0.2605188838925539,0.2147037063994375,L,99999900.0,LLLLSYLLAVLFTLLLILILI,28081.19101281084,1079.3639523670774,21.76268211126824,0.08248182871448628,LLLLSYLLAVLFTLLLILILI,Mutant
LLLLSYLLAVLFTLLLILILI,LLLLSALLAVLFTLLLILILI,Left,void,,,,,,,,,,,3210.83,4015.03,59.404,105.585,3229.25,4198.32,177.583,245.701,-14.2684,1.1e+16,5,Y,24.7098,81.03546726,3105.245,2983.549,121.696,3.0,0.2991490345207935,0.1622131586481981,L,99999900.0,LLLLSYLLAVLFTLLLILILI,28273.1650328047,522.4191501949902,24.98968690827756,0.04385167808624668,LLLLSYLLAVLFTLLLILILI,Mutant
LLLLSYLLAVLFTLLLILILI,LLLLIYLLAVLFTLLLILILI,Left,clash,22.1635,-275.359,72810.8,72507.9,-58.8845,-276.802,-363.443,4244.31,-49.6305,-27.7571,3230.59,4191.46,58.8815,1.668,3229.25,4198.32,69.572,1.91266,-14.2684,1.10011e+16,4,S,136.8072,1.204547818,,,,,0.3214515104420301,0.0714583941456971,L,99999900.0,LLLLSYLLAVLFTLLLILILI,28425.9989904222,970.438553426648,26.85274453587074,0.021549202165010106,LLLLSYLLAVLFTLLLILILI,Mutant
LLLLSYLLAVLFTLLLILILI,LLLLSYLLAVLFTLLLALILI,Left,void,,,,,,,,,,,3203.8,4171.67,56.198,112.386,3229.25,4198.32,97.0323,192.541,-14.2684,1.1e+16,16,I,17.0768,86.80949277,3091.414,3036.709,54.705,3.0,0.4463696457376581,0.093088316779932,L,99999900.0,LLLLSYLLAVLFTLLLILILI,29135.675200014724,820.1680313969787,37.287894678354704,-0.1033689331306179,LLLLSYLLAVLFTLLLILILI,Mutant
LLLYLLLTILVALLLSLLILI,LLLYLLLTILVILLLSLLILI,Left,clash,14.0185,-278.337,271333.0,271019.0,-74.198,-285.652,-403.192,4311.41,-49.6238,-43.3413,3397.51,4220.53,48.2368,15.1797,3397.51,4220.53,48.2368,15.1797,-13.8679,1.10011e+17,11,A,115.0881,11.65268777,,,,,0.1522482303909359,0.0872170170299048,L,99999900.0,LLLYLLLTILVALLLSLLILI,27436.8684787046,733.6756100896778,12.718194514327742,0.1810693751644286,LLLYLLLTILVALLLSLLILI,Mutant
LLLYLLLTILVALLLSLLILI,LLLYLLLIILVALLLSLLILI,Left,clash,14.0398,-275.114,6982270.0,6981960.0,-60.3989,-283.123,-392.486,4307.49,-45.1129,-48.9641,3411.98,4192.45,54.8059,25.645,3397.51,4220.53,83.7799,36.5789,-13.8679,1.10011e+17,7,T,103.9504,19.78851101,,,,,0.2435916621706158,0.0975593676514986,L,99999900.0,LLLYLLLTILVALLLSLLILI,27959.300465914243,688.0096141449886,20.34865123620344,0.08972594338474868,LLLYLLLTILVALLLSLLILI,Mutant
LLLYLLLTILVALLLSLLILI,LLLYLLLTALVALLLSLLILI,Left,void,,,,,,,,,,,3382.58,4185.71,51.5232,78.5363,3397.51,4220.53,99.673,160.248,-13.8679,1.1e+17,8,I,52.7933,59.80091312,3304.0437,3237.262,66.7817,3.0,0.284694435130537,0.0921591642048159,L,99999900.0,LLLYLLLTILVALLLSLLILI,28202.80597901367,778.5173984735122,23.78220879047009,0.0486231704248275,LLLYLLLTILVALLLSLLILI,Mutant
LLLYLLLTILVALLLSLLILI,LLLYLLLTILVALLASLLILI,Left,void,,,,,,,,,,,3437.66,4157.78,56.5091,26.076,3397.51,4220.53,115.254,63.7214,-13.8679,1.1e+17,14,L,103.8108,20.07594305,3411.584,3333.7886,77.7954,3.0,0.3568255986568698,0.0578516884396974,L,99999900.0,LLLYLLLTILVALLLSLLILI,28632.02526778822,1029.2935767509243,29.80775119524604,-0.02350799310150531,LLLYLLLTILVALLLSLLILI,Mutant
LLLLYILVTLLLALLFLLILI,LLLLYILVILLLALLFLLILI,Left,clash,17.5762,-275.565,367631000000000.0,367631000000000.0,-45.0699,-279.596,-364.569,4302.93,-45.0699,-39.9031,3347.39,4269.53,54.0536,16.1138,3337.31,4298.74,83.6994,26.6787,-13.7409,1.1011e+16,8,T,115.2158,12.26973965,,,,,0.2594975103931127,0.1553745633216512,L,99999900.0,LLLLYILVTLLLALLFLLILI,28085.051628216177,1168.897489506513,21.677360746255854,0.35510520812513274,LLLLYILVTLLLALLFLLILI,Mutant
LLLLYILVTLLLALLFLLILI,LLLLYILVTLLIALLFLLILI,Left,clash,17.5674,-274.724,367631000000000.0,367631000000000.0,-58.9076,-278.508,-362.418,4282.04,-49.8288,-25.0021,3379.18,4264.09,55.6696,26.1862,3337.31,4298.74,108.991,58.5354,-13.7409,1.1011e+16,11,L,104.0816,20.10182102,,,,,0.3003086263169905,0.3913170693377236,L,99999900.0,LLLLYILVTLLLALLFLLILI,28203.73635872009,716.0596819236608,25.08655446452688,0.3142940922012549,LLLLYILVTLLLALLFLLILI,Mutant
LLLLYILVTLLLALLFLLILI,LLLLAILVTLLLALLFLLILI,Left,void,,,,,,,,,,,3362.09,4126.53,58.5895,43.8019,3337.31,4298.74,173.874,166.474,-13.7409,1.1e+16,4,Y,94.6733,31.63158457,3318.2881,3170.836,147.4521,2.0,0.4186955429355394,0.005764826289178,L,99999900.0,LLLLYILVTLLLALLFLLILI,28990.306433242386,1180.250280641476,34.976113309578935,0.19590717558270604,LLLLYILVTLLLALLFLLILI,Mutant
LLLLYILVTLLLALLFLLILI,LLLLYILVTLLLALLALLILI,Left,void,,,,,,,,,,,3365.15,4177.04,64.2728,50.8311,3337.31,4298.74,157.601,145.957,-13.7409,1.1e+16,15,F,78.8893,39.18512431,3314.3189,3191.353,122.9659,2.0,0.5090321181419921,0.0299569136739085,L,99999900.0,LLLLYILVTLLLALLFLLILI,29520.88980792102,1316.9104673865131,42.52246135108801,0.10557060037625332,LLLLYILVTLLLALLFLLILI,Mutant
LLLLSYLLFVLATLLLILILI,LLLLIYLLFVLATLLLILILI,Left,clash,26.853,-276.206,586226000.0,586225000.0,-58.8946,-276.786,-360.636,4331.68,-49.6308,-24.9556,3248.73,4264.41,57.1845,2.95891,3242.8,4269.22,67.3926,4.10139,-13.3019,1.10011e+16,4,S,135.51629,2.136779727,,,,,0.1621063905475756,0.0987687971944767,L,99999900.0,LLLLSYLLFVLATLLLILILI,27501.96475856823,828.8095781789905,13.54170489670526,0.3096292739355061,LLLLSYLLFVLATLLLILILI,Mutant
LLLLSYLLFVLATLLLILILI,LLLLSYLLFVLITLLLILILI,Left,clash,21.9943,-280.786,9.69e+18,9.69e+18,-58.8946,-278.828,-367.039,4246.88,-50.3236,-29.3167,3242.8,4269.22,41.9924,7.55132,3242.8,4269.22,41.9924,7.55132,-13.3019,1.10011e+16,11,A,122.71648,5.796766354,,,,,0.3287848633797612,0.0520842512102991,L,99999900.0,LLLLSYLLFVLATLLLILILI,28455.167583744427,1080.1045312077767,27.465342848933528,0.14295080110332048,LLLLSYLLFVLATLLLILILI,Mutant
LLLLSYLLFVLATLLLILILI,LLLLSALLFVLATLLLILILI,Left,void,,,,,,,,,,,3215.5,4105.24,58.9521,106.749,3242.8,4269.22,171.423,260.971,-13.3019,1.1e+16,5,Y,23.5458,81.92882602,3108.751,2981.829,126.922,2.0,0.3677067347958132,0.1138052595712067,L,99999900.0,LLLLSYLLFVLATLLLILILI,28702.20404374869,1082.2409138087123,30.71671680750056,0.10402892968726851,LLLLSYLLFVLATLLLILILI,Mutant
LLLLSYLLFVLATLLLILILI,LLLLSYLLAVLATLLLILILI,Left,void,,,,,,,,,,,3276.82,4129.67,56.5334,26.1161,3242.8,4269.22,158.175,104.696,-13.3019,1.1e+16,8,F,105.2135,19.88592062,3250.7039,3138.104,112.5999,2.0,0.4623872580219805,0.0937542417543624,L,99999900.0,LLLLSYLLAVLFTLLLILILI,29240.5043915907,991.6512037602814,38.6259405010484,0.009348406461101189,LLLLSYLLFVLATLLLILILI,Mutant
LLLLYVLLALLFTLISLLILI,LLLLYVLLALLFTLIILLILI,Left,clash,19.6292,-275.193,706716.0,706409.0,-58.8449,-277.013,-364.116,4228.9,-51.3696,-28.2574,3340.14,4247.73,50.9081,25.7528,3338.69,4238.08,52.3853,25.3998,-13.0633,1.1011e+16,15,S,103.9676,19.8525444,,,,,0.1553481941558281,0.0906177296175613,L,99999900.0,LLLLYVLLALLFTLISLLILI,27463.674450965256,848.0115546435094,12.977152809265103,0.022727413434779298,LLLLYVLLALLFTLISLLILI,Mutant
LLLLYVLLALLFTLISLLILI,LLLLYVLLILLFTLISLLILI,Left,clash,19.799,-277.22,582387.0,582079.0,-74.1064,-285.42,-386.078,4201.1,-51.3696,-26.5514,3338.69,4238.08,51.4693,11.68,3338.69,4238.08,51.4693,11.68,-13.0633,1.1011e+16,8,A,119.6496,8.89365383,,,,,0.2157548730442568,0.0900777440822232,L,99999900.0,LLLLYVLLALLFTLISLLILI,27802.87414053831,739.6141612223438,18.02327971724202,-0.03767926545364941,LLLLYVLLALLFTLISLLILI,Mutant
LLLLYVLLALLFTLISLLILI,LLLLYVLLALLATLISLLILI,Left,void,,,,,,,,,,,3377.29,4104.37,51.7257,19.8683,3338.69,4238.08,152.4,74.9712,-13.0633,1.1e+16,11,F,110.3995,15.2518888,3357.4217,3263.7188,93.7029,3.0,0.2223378341259156,0.0240244482471577,L,99999900.0,LLLLYVLLALLFTLISLLILI,27850.539072709034,1006.9763551404642,18.573193363540607,-0.0442622265353082,LLLLYVLLALLFTLISLLILI,Mutant
LLLLYVLLALLFTLISLLILI,LLLLAVLLALLFTLISLLILI,Left,void,,,,,,,,,,,3331.28,4082.2,58.3278,33.5376,3338.69,4238.08,171.136,184.356,-13.0633,1.1e+16,4,Y,104.9376,24.21921037,3297.7424,3154.334,143.4084,3.0,0.2802304789152782,0.1197799524429795,L,99999900.0,LLLLYVLLALLFTLISLLILI,28170.95589120954,655.4307101610585,23.409308144575395,-0.1021548713246708,LLLLYVLLALLFTLISLLILI,Mutant
LLLLSILFVLLATLYLLLILI,LLLLIILFVLLATLYLLLILI,Left,clash,18.3168,-275.337,3047880.0,3047570.0,-58.9036,-277.853,-366.739,4213.82,-50.1031,-29.9827,3440.13,4166.68,52.0062,27.7473,3427.64,4178.18,63.7502,26.9671,-12.9935,1.1011e+16,4,S,110.7279,20.03773961,,,,,0.0492658294321521,0.0628853709127867,L,99999900.0,LLLLSILFVLLATLYLLLILI,26865.89062501627,1126.5760400977892,4.1154659073469695,0.054310165129884194,LLLLSILFVLLATLYLLLILI,Mutant
LLLLSILFVLLATLYLLLILI,LLLLSILFVLLITLYLLLILI,Left,clash,15.3201,-278.662,2358770.0,2358450.0,-58.9036,-279.924,-371.217,4208.56,-52.9389,-32.3891,3427.64,4178.18,48.0441,20.7785,3427.64,4178.18,48.0441,20.7785,-12.9935,1.1011e+16,11,A,109.4893,15.9506033,,,,,0.1631642256132729,0.1530958361358667,L,99999900.0,LLLLSILFVLLATLYLLLILI,27482.724917944623,1377.1232595420604,13.630072111845088,-0.059588231051236604,LLLLSILFVLLATLYLLLILI,Mutant
LLLLSILFVLLATLYLLLILI,LLLLSILAVLLATLYLLLILI,Left,void,,,,,,,,,,,3473.39,4149.78,57.4229,40.4104,3427.64,4178.18,126.536,134.758,-12.9935,1.1e+16,7,F,89.185,31.18197097,3432.9796,3292.882,140.0976,3.0,0.1753582790099236,0.0942324444144147,L,99999900.0,LLLLSILFVLLATLYLLLILI,27563.70333121341,661.5040456889928,14.648713462345384,-0.0717822844478873,LLLLSILFVLLATLYLLLILI,Mutant
LLLLSILFVLLATLYLLLILI,LLLLSILFVLLATLALLLILI,Left,void,,,,,,,,,,,3413.58,4033.07,55.2445,35.3192,3427.64,4178.18,164.71,202.888,-12.9935,1.1e+16,14,Y,94.5676,27.1922936,3378.2608,3224.752,153.5088,3.0,0.2022698461050954,0.0559313120537751,L,99999900.0,LLLLSILFVLLATLYLLLILI,27732.90012088411,900.6941173667242,16.89679571671984,-0.09869385154305911,LLLLSILFVLLATLYLLLILI,Mutant
LLLLYLLLAVLTALLFSLILI,LLLLYLLLAVLTILLFSLILI,Left,clash,20.3696,-274.081,422.795,119.412,-74.2439,-287.039,-382.831,4210.94,-49.671,-21.5484,3350.15,4125.93,50.3537,20.2799,3350.15,4125.93,50.3537,20.2799,-12.7239,1.10011e+16,12,A,118.927,8.392260172,,,,,0.1626380125668689,0.0716634496407542,L,99999900.0,LLLLYLLLAVLTALLFSLILI,27512.6425548174,983.9923883811846,13.58611442601217,0.10969808025536457,LLLLYLLLAVLTALLFSLILI,Mutant
LLLLYLLLAVLTALLFSLILI,LLLLYLLLIVLTALLFSLILI,Left,clash,20.5237,-274.079,603885.0,603581.0,-74.2318,-287.912,-383.504,4206.85,-49.7888,-21.3602,3350.15,4125.93,62.0981,38.3197,3350.15,4125.93,62.0981,38.3197,-12.7239,1.10011e+16,8,A,118.927,8.392260172,,,,,0.2559050115277552,0.1302562710330746,L,99999900.0,LLLLYLLLAVLTALLFSLILI,28059.39080802334,1088.3936018854763,21.377258083355947,0.01643108129447829,LLLLYLLLAVLTALLFSLILI,Mutant
LLLLYLLLAVLTALLFSLILI,LLLLYLLLAVLTALLASLILI,Left,void,,,,,,,,,,,3352.72,4025.66,62.1986,33.3517,3350.15,4125.93,153.313,109.82,-12.7239,1.1e+16,15,F,96.3687,25.71045109,3319.3683,3240.33,79.0383,3.0,0.3146580866250697,0.0948984075209628,L,99999900.0,LLLLYLLLAVLTALLFSLILI,28370.56306552661,726.8497653636423,26.285249693398583,-0.042321993802836244,LLLLYLLLAVLTALLFSLILI,Mutant
LLLLYLLLAVLTALLFSLILI,LLLLALLLAVLTALLFSLILI,Left,void,,,,,,,,,,,3232.71,4011.57,54.8242,80.1055,3350.15,4125.93,159.574,289.47,-12.7239,1.1e+16,4,Y,58.3697,57.84826453,3152.6045,3060.68,91.9245,3.0,0.3907890734718779,0.0166245051313658,L,99999900.0,LLLLYLLLAVLTALLFSLILI,28824.41106261877,1091.1233872487728,32.6449209802123,-0.11845298064964443,LLLLYLLLAVLTALLFSLILI,Mutant
LLLLYVLLLALTILLFSLILI,LLLLYVLLIALTILLFSLILI,Left,clash,14.323,-274.263,204647000000000.0,204647000000000.0,-74.2827,-287.744,-381.265,4180.15,-49.8582,-19.2386,3364.28,4239.98,61.8956,39.5595,3344.07,4318.79,127.249,41.9875,-12.5804,1.10011e+16,8,L,91.7701,30.12230297,,,,,0.1688695109901885,0.0979296803178052,L,99999900.0,LLLLYVLLLALTILLFSLILI,27516.68762148081,656.261154094195,14.106668319216723,0.025820957712299725,LLLLYVLLLALTILLFSLILI,Mutant
LLLLYVLLLALTILLFSLILI,LLLLYVLLLALTILLASLILI,Left,void,,,,,,,,,,,3371.17,4159.99,60.29,61.893,3344.07,4318.79,162.031,146.823,-12.5804,1.1e+16,15,F,67.8274,47.71261883,3309.277,3197.247,112.03,3.0,0.2836162345841245,0.05906286446645,L,99999900.0,LLLLYVLLLALTILLFSLILI,28199.43732849747,883.1553110834452,23.69214032636041,-0.08892576588163628,LLLLYVLLLALTILLFSLILI,Mutant
LLLLYVLLLALTILLFSLILI,LLLLYVLLLALIILLFSLILI,Left,clash,14.2929,-275.113,204647000000000.0,204647000000000.0,-60.4404,-288.1,-376.338,4249.22,-45.1029,-27.7978,3376.94,4288.32,58.4493,37.9102,3344.07,4318.79,86.1592,39.8512,-12.5804,1.10011e+16,11,T,92.3576,29.10174272,,,,,0.3314234759996092,0.1106510095259386,L,99999900.0,LLLLYVLLLALTILLFSLILI,28465.597628708867,677.9306815965833,27.685761756010592,-0.13673300729712098,LLLLYVLLLALTILLFSLILI,Mutant
LLLLYVLLLALTILLFSLILI,LLLLAVLLLALTILLFSLILI,Left,void,,,,,,,,,,,3374.18,4178.58,48.5396,28.5284,3344.07,4318.79,158.049,131.071,-12.5804,1.1e+16,4,Y,109.9468,20.60181173,3345.6516,3212.999,132.6526,3.0,0.3765700278990654,0.1417992937797398,L,99999900.0,LLLLYVLLLALTILLFSLILI,28767.25643195596,1302.4701900890352,31.457120064965093,-0.1818795591965772,LLLLYVLLLALTILLFSLILI,Mutant
LLLYLLLAVLITLLFSLLILI,LLLYLLLAVLIILLFSLLILI,Left,clash,16.9246,-274.868,691.503,388.416,-60.4566,-283.946,-371.648,4329.9,-45.1439,-27.246,3464.13,4225.02,52.1256,23.3285,3451.95,4255.62,82.9047,32.7509,-12.5799,1.10011e+17,11,T,106.9393,17.90810929,,,,,0.0506347174079019,0.0892457635890845,L,99999900.0,LLLYLLLAVLITLLFSLLILI,26861.75999996475,861.9350556896142,4.2298172104734935,0.16760007207280989,LLLYLLLAVLITLLFSLLILI,Mutant
LLLYLLLAVLITLLFSLLILI,LLLYLLLAVLATLLFSLLILI,Left,void,,,,,,,,,,,3431.67,4228.8,41.9437,64.6461,3451.95,4255.62,90.075,154.378,-12.5799,1.1e+17,10,I,63.9253,50.28031117,3367.0239,3297.572,69.4519,2.0,0.1987295065776105,0.1333444501567736,L,99999900.0,LLLYLLLAVLITLLFSLLILI,27736.62794029892,1192.1588845566655,16.60105023158876,0.0195052829031013,LLLYLLLAVLITLLFSLLILI,Mutant
LLLYLLLAVLITLLFSLLILI,LLLYLLLIVLITLLFSLLILI,Left,clash,17.2277,-278.07,42785.0,42474.5,-74.2762,-287.373,-383.662,4319.34,-49.6774,-22.0132,3451.95,4255.62,49.4912,28.183,3451.95,4255.62,49.4912,28.183,-12.5799,1.10011e+17,7,A,101.4124,21.74691386,,,,,0.3411281901367214,0.041819533947523,L,99999900.0,LLLYLLLAVLITLLFSLLILI,28532.65357156252,1169.4927457809392,28.49645388546792,-0.12289340065600962,LLLYLLLAVLITLLFSLLILI,Mutant
LLLYLLLAVLITLLFSLLILI,LLLYLLLAVLITLLASLLILI,Left,void,,,,,,,,,,,3515.01,4158.91,56.0767,33.4956,3451.95,4255.62,144.438,98.3989,-12.5799,1.1e+17,14,F,96.3912,25.78830181,3481.5144,3353.5511,127.9633,2.0,0.3762893584679184,0.129622833206129,L,99999900.0,LLLYLLLAVLITLLFSLLILI,28724.50979100502,657.8436961452215,31.43367408854628,-0.1580545689872066,LLLYLLLAVLITLLFSLLILI,Mutant
LLLLYVLLATLLALLSFLILI,LLLLYILLATLLALLSFLILI,Left,clash,19.5082,-270.929,109059000.0,109058000.0,-74.2354,-281.844,-377.564,4153.96,-52.1932,-21.4841,3365.77,4132.85,60.0458,56.0935,3363.46,4160.54,92.4512,108.347,-12.5719,1.10011e+16,5,V,74.2013,43.05121924,,,,,0.2191043036418871,0.0832830200543054,L,99999900.0,LLLLYVLLATLLALLSFLILI,27836.610847169948,948.5127070474668,18.30307745113699,0.0629600995971194,LLLLYVLLATLLALLSFLILI,Mutant
LLLLYVLLATLLALLSFLILI,LLLLYVLLATLAALLSFLILI,Left,void,,,,,,,,,,,3379.8,4097.12,54.3964,34.836,3363.46,4160.54,116.794,100.156,-12.5719,1.1e+16,11,L,95.4318,26.7418349,3344.964,3263.304,81.66,2.0,0.2554931977164091,0.0467493500745656,L,99999900.0,LLLLYVLLATLLALLSFLILI,28058.27381500921,1285.149384878617,21.342856841759,0.026571205522597396,LLLLYVLLATLLALLSFLILI,Mutant
LLLLYVLLATLLALLSFLILI,LLLLYVLLATLLALLIFLILI,Left,clash,19.0039,-271.478,24263300.0,24263000.0,-58.8561,-273.953,-357.465,4193.72,-49.5593,-24.6555,3364.33,4154.04,65.3363,42.0395,3363.46,4160.54,75.2672,42.9909,-12.5719,1.10011e+16,15,S,87.6809,32.40777858,,,,,0.289354440780713,0.1009396167114201,L,99999900.0,LLLLYVLLATLLALLSFLILI,28237.351464416945,872.9470075533012,24.171486604370592,-0.0072900375417064844,LLLLYVLLATLLALLSFLILI,Mutant
LLLLYVLLATLLALLSFLILI,LLLLAVLLATLLALLSFLILI,Left,void,,,,,,,,,,,3354.3,4004.23,58.8359,36.7915,3363.46,4160.54,171.764,183.518,-12.5719,1.1e+16,4,Y,101.6837,26.56901741,3317.5085,3179.942,137.5665,2.0,0.3340092736045938,0.0378674242250917,L,99999900.0,LLLLYVLLATLLALLSFLILI,28494.755046915096,995.900327612228,27.901768712744552,-0.051944870365587315,LLLLYVLLATLLALLSFLILI,Mutant
LLLLYFLLAVLTALLLSLILI,LLLLYFLLAVLTILLLSLILI,Left,clash,21.1912,-272.152,297807000.0,297807000.0,-74.2562,-285.25,-380.388,4213.69,-49.686,-20.8815,3397.27,4173.14,50.0295,18.369,3397.27,4173.14,50.0295,18.369,-12.1996,1.10011e+16,12,A,111.453,14.14937376,,,,,0.1106403066335426,0.1816695597873538,L,99999900.0,LLLLYFLLAVLTALLLSLILI,27183.18932945776,451.095301674226,9.242438728365247,0.15943072782845377,LLLLYFLLAVLTALLLSLILI,Mutant
LLLLYFLLAVLTALLLSLILI,LLLLYFLLIVLTALLLSLILI,Left,clash,21.3116,-272.151,297839000.0,297839000.0,-74.244,-285.414,-380.658,4214.9,-49.8016,-21.0006,3397.27,4173.14,58.0425,25.7172,3397.27,4173.14,58.0425,25.7172,-12.1996,1.10011e+16,8,A,111.453,14.14937376,,,,,0.2691350638898989,0.0925180659080795,L,99999900.0,LLLLYFLLAVLTALLLSLILI,28150.6169870389,1443.0078063497836,22.48244255048853,0.0009359705720974887,LLLLYFLLAVLTALLLSLILI,Mutant
LLLLYFLLAVLTALLLSLILI,LLLLAFLLAVLTALLLSLILI,Left,void,,,,,,,,,,,3264.11,4019.03,58.9567,60.9748,3397.27,4173.14,171.181,281.354,-12.1996,1.1e+16,4,Y,77.5004,44.03301097,3203.1352,3115.916,87.2192,3.0,0.4057412501097859,0.0342959093174874,L,99999900.0,LLLLYFLLAVLTALLLSLILI,28907.893370077,1020.805123592336,33.89396466633728,-0.13567021564778953,LLLLYFLLAVLTALLLSLILI,Mutant
LLLLYFLLAVLTALLLSLILI,LLLLYALLAVLTALLLSLILI,Left,void,,,,,,,,,,,3419.45,4019.96,60.4932,47.5824,3397.27,4173.14,161.002,127.469,-12.1996,1.1e+16,5,F,82.7124,36.51903223,3371.8676,3269.801,102.0666,3.0,0.4900488739561742,0.0864443362268609,L,99999900.0,LLLLYFLLAVLTALLLSLILI,29394.89293158964,932.0052411025604,40.93667876794551,-0.21997783949417782,LLLLYFLLAVLTALLLSLILI,Mutant
LLLYWLLTVLALLLFSLLILI,LLLYALLTVLALLLFSLLILI,Left,void,,,,,,,,,,,3595.6,4241.66,58.959,57.7153,3618.08,4268.14,141.503,220.79,-12.1449,1.1e+17,4,W,94.7636,31.56637434,3537.8847,3397.29,140.5947,2.0,0.2409296619356298,0.0342087407832393,L,99999900.0,LLLYLLLTVLALLLFSLLILI,27953.155521887653,1110.8543067572195,20.12627862340652,0.12013982360228148,LLLYWLLTVLALLLFSLLILI,Mutant
LLLYWLLTVLALLLFSLLILI,LLLYWLLTVLAILLFSLLILI,Left,clash,39.9925,-280.598,59583500000.0,59583500000.0,-74.1508,-288.117,-374.103,4285.65,-49.6148,-11.8355,3648.83,4196.07,52.5852,20.5134,3618.08,4268.14,113.453,49.7409,-12.1449,1.10011e+17,11,L,109.7544,15.74709944,,,,,0.2468278644244639,0.0457818351203229,L,99999900.0,LLLYWLLTVLALLLFSLLILI,27980.585352702128,944.2932500796989,20.618990337330985,0.1142416211134474,LLLYWLLTVLALLLFSLLILI,Mutant
LLLYWLLTVLALLLFSLLILI,LLLYWLLIVLALLLFSLLILI,Left,clash,40.118,-281.368,59583500000.0,59583500000.0,-60.4452,-287.926,-372.076,4400.54,-45.1307,-23.705,3630.0,4234.92,64.6941,50.7023,3618.08,4268.14,93.7166,65.9125,-12.1449,1.10011e+17,7,T,78.8931,39.12353371,,,,,0.2654177911709141,0.054022307413583,L,99999900.0,LLLYWLLTVLALLLFSLLILI,28085.775679574355,921.867551677472,22.171916790146643,0.09565169436699722,LLLYWLLTVLALLLFSLLILI,Mutant
LLLYWLLTVLALLLFSLLILI,LLLYWLLTVLALLLASLLILI,Left,void,,,,,,,,,,,3644.02,4120.97,58.6187,51.2247,3618.08,4268.14,161.432,147.229,-12.1449,1.1e+17,14,F,78.6621,39.43795674,3592.7953,3470.851,121.9443,2.0,0.3351606359926993,0.0240199365988678,L,99999900.0,LLLYWLLTVLFLLLASLLILI,28510.54612638723,1159.654736645687,27.997948817897868,0.025908849545211998,LLLYWLLTVLALLLFSLLILI,Mutant
LLLLYLLVTLLAILLFLLILI,LLLLYLLVILLAILLFLLILI,Left,clash,23.1055,-277.633,546958000000.0,546958000000.0,-45.0858,-279.492,-363.617,4329.17,-45.0858,-39.0389,3368.74,4316.01,47.4333,12.1879,3359.08,4336.36,74.0184,16.7676,-12.0804,1.1011e+16,8,T,119.1417,9.280390712,,,,,0.1009314207698388,0.1630715841108527,L,99999900.0,LLLLYLLVTLLAILLFLLILI,27128.966152732493,468.99738265550775,8.43139810992964,-0.0319224024002463,LLLLYLLVTLLAILLFLLILI,Mutant
LLLLYLLVTLLAILLFLLILI,LLLLYLLVTLLIILLFLLILI,Left,clash,18.6241,-279.256,757913000000000.0,757913000000000.0,-58.8564,-282.38,-372.189,4338.89,-49.5995,-30.9534,3359.08,4336.36,55.7452,17.9645,3359.08,4336.36,55.7452,17.9645,-12.0804,1.1011e+16,11,A,112.3033,13.79043785,,,,,0.2037117609480522,0.2230795415260416,L,99999900.0,LLLLYLLVTLLAILLFLLILI,27715.5400647522,463.6864786673912,17.017247385673446,-0.1347027425784597,LLLLYLLVTLLAILLFLLILI,Mutant
LLLLYLLVTLLAILLFLLILI,LLLLYLLVTLLAILLALLILI,Left,void,,,,,,,,,,,3386.16,4186.59,59.7465,43.6675,3359.08,4336.36,159.469,135.186,-12.0804,1.1e+16,15,F,86.0529,33.6627855,3342.4925,3223.894,118.5985,2.0,0.3046005318745742,0.1067245474135811,L,99999900.0,LLLLYLLVTLLAILLFLLILI,28325.027204904527,866.3865857875198,25.44508270211828,-0.2355915135049817,LLLLYLLVTLLAILLFLLILI,Mutant
LLLLYLLVTLLAILLFLLILI,LLLLALLVTLLAILLFLLILI,Left,void,,,,,,,,,,,3382.18,4164.92,48.869,21.0398,3359.08,4336.36,166.972,156.302,-12.0804,1.1e+16,4,Y,117.4354,15.19391198,3361.1402,3202.778,158.3622,2.0,0.3339442304937174,0.0741485725581561,L,99999900.0,LLLLYLLVTLLAILLFLLILI,28484.804806712105,814.8791561143568,27.89633527727,-0.2649352121241249,LLLLYLLVTLLAILLFLLILI,Mutant
LLLYLLLAILVTLLFSLLILI,LLLYLLLAALVTLLFSLLILI,Left,void,,,,,,,,,,,3485.5,4236.29,45.3021,84.0226,3486.24,4248.7,84.7119,154.588,-11.9428,1.1e+17,8,I,47.307,63.97841766,3401.4774,3331.652,69.8254,2.0,0.1283876149842834,0.0741431748148598,L,99999900.0,LLLYLLLAILVTLLFSLLILI,27298.638284713703,752.8344460658457,10.724976286476087,0.049393085415728816,LLLYLLLAILVTLLFSLLILI,Mutant
LLLYLLLAILVTLLFSLLILI,LLLYLLLIILVTLLFSLLILI,Left,clash,15.7354,-276.806,204185.0,203874.0,-74.2674,-287.888,-384.483,4324.36,-49.8438,-22.3278,3486.24,4248.7,48.8456,27.5407,3486.24,4248.7,48.8456,27.5407,-11.9428,1.10011e+17,7,A,102.0547,21.25129441,,,,,0.1366953727393383,0.1353728527255995,L,99999900.0,LLLYLLLAILVTLLFSLLILI,27345.202977280955,639.1206303599314,11.41897239293588,0.04108532766067391,LLLYLLLAILVTLLFSLLILI,Mutant
LLLYLLLAILVTLLFSLLILI,LLLYLLLAILVILLFSLLILI,Left,clash,19.105,-274.425,901.358,600.94,-60.4221,-284.064,-372.092,4316.78,-45.0986,-27.6058,3495.91,4227.87,52.664,20.1379,3486.24,4248.7,78.0415,28.2632,-11.9428,1.10011e+17,11,T,110.1299,15.45884708,,,,,0.1504796924620316,0.1986373907160826,L,99999900.0,LLLYLLLATLVILLFSLLILI,27472.75810058069,1420.073248028214,12.570458088570836,0.027301007937980598,LLLYLLLAILVTLLFSLLILI,Mutant
LLLYLLLAILVTLLFSLLILI,LLLYLLLAILVTLLASLLILI,Left,void,,,,,,,,,,,3563.45,4149.06,57.076,42.2666,3486.24,4248.7,146.705,102.682,-11.9428,1.1e+17,14,F,87.6202,32.54110502,3521.1834,3383.558,137.6254,2.0,0.2668300391322488,0.0595030294092385,L,99999900.0,LLLYLLLAILVTLLFSLLILI,28114.154076556184,1030.0473217409804,22.28989020913875,-0.08904933873223658,LLLYLLLAILVTLLFSLLILI,Mutant
LLLLYLLIALLLVLTFLLILI,LLLLYLLIILLLVLTFLLILI,Left,clash,19.0164,-279.853,41007700000.0,41007700000.0,-58.9132,-284.827,-378.46,4301.63,-49.6437,-34.7192,3355.43,4314.58,52.2995,21.697,3355.43,4314.58,52.2995,21.697,-11.7614,1.1011e+16,8,A,109.6326,16.52102801,,,,,0.0898140557637057,0.141402136430419,L,99999900.0,LLLLYLLIALLLVLTFLLILI,27059.20509593877,416.5949518951874,7.502698904219862,0.067195566954438,LLLLYLLIALLLVLTFLLILI,Mutant
LLLLYLLIALLLVLTFLLILI,LLLLYLLIALLIVLTFLLILI,Left,clash,18.8644,-275.795,41007000000.0,41007000000.0,-58.9646,-279.466,-363.538,4279.73,-49.8977,-25.107,3392.97,4253.08,59.6779,39.0254,3355.43,4314.58,120.245,77.1314,-11.7614,1.1011e+16,11,L,91.2424,29.95782534,,,,,0.1470322673499227,0.0457999672057838,L,99999900.0,LLLLYLLIALLLVLTFLLILI,27403.69012782552,874.5486742732224,12.282474293706388,0.009977355368221003,LLLLYLLIALLLVLTFLLILI,Mutant
LLLLYLLIALLLVLTFLLILI,LLLLYLLIALLLVLTALLILI,Left,void,,,,,,,,,,,3379.92,4163.29,59.202,43.0811,3355.43,4314.58,159.761,137.287,-11.7614,1.1e+16,15,F,86.6393,33.21073632,3336.8389,3218.143,118.6959,2.0,0.2105627016812231,0.0433268271670567,L,99999900.0,LLLLYLLIALLLVLTFLLILI,27784.71131819233,981.644420464821,17.589546956097788,-0.0535530789630794,LLLLYLLIALLLVLTFLLILI,Mutant
LLLLYLLIALLLVLTFLLILI,LLLLALLIALLLVLTFLLILI,Left,void,,,,,,,,,,,3418.07,4186.83,55.5594,27.6832,3355.43,4314.58,160.858,128.86,-11.7614,1.1e+16,4,Y,110.792,19.99144973,3390.3868,3226.57,163.8168,2.0,0.2970472551665493,0.0789920751100427,L,99999900.0,LLLLYLLIALLLVLTFLLILI,28274.168729269124,1263.8545209731765,24.81411285671165,-0.14003763244840559,LLLLYLLIALLLVLTFLLILI,Mutant
LLLLYVLLLLLATLFSLLILI,LLLLYVLLILLATLFSLLILI,Left,clash,17.9297,-272.986,1.57e+16,1.57e+16,-74.1131,-283.635,-381.177,4159.06,-49.6115,-23.4289,3387.82,4195.5,54.7159,26.0185,3376.5,4268.79,117.896,26.4184,-11.2712,1.1011e+16,8,L,105.3111,19.81160378,,,,,0.1656801990154146,0.0785074292222157,L,99999900.0,LLLLYVLLLLLATLFSLLILI,27526.97286065177,923.0328062155552,13.840246240234949,0.0720828039061811,LLLLYVLLLLLATLFSLLILI,Mutant
LLLLYVLLLLLATLFSLLILI,LLLLYVLLLLLATLFILLILI,Left,clash,17.8747,-275.016,1.57e+16,1.57e+16,-58.8644,-277.215,-366.842,4250.47,-49.6115,-30.7629,3379.46,4264.36,57.8421,8.25494,3376.5,4268.79,67.2413,8.60849,-11.2712,1.1011e+16,15,S,121.46546,6.363640568,,,,,0.2226390450928089,0.0734763150816696,L,99999900.0,LLLLYVLLLLLATLFSLLILI,27832.30430009272,896.0354830424673,18.59835529584656,0.015123957828786783,LLLLYVLLLLLATLFSLLILI,Mutant
LLLLYVLLLLLATLFSLLILI,LLLLYVLLLLLATLASLLILI,Left,void,,,,,,,,,,,3309.64,4109.48,59.45,95.8996,3376.5,4268.79,162.318,251.86,-11.2712,1.1e+16,14,F,33.9872,73.83321477,3213.7404,3124.64,89.1004,3.0,0.2242064771653369,0.1091869267137585,L,99999900.0,LLLLYVLLLLLATLFSLLILI,27874.87731406529,1065.5356088687695,18.72929216082829,0.013556525756258792,LLLLYVLLLLLATLFSLLILI,Mutant
LLLLYVLLLLLATLFSLLILI,LLLLAVLLLLLATLFSLLILI,Left,void,,,,,,,,,,,3392.8,4121.78,47.8189,32.1409,3376.5,4268.79,159.012,159.28,-11.2712,1.1e+16,4,Y,106.3343,23.21058211,3360.6591,3217.22,143.4391,3.0,0.3056042823900292,0.0110910155369101,L,99999900.0,LLLLYVLLLLLATLFSLLILI,28337.55750970964,1177.7085601510062,25.5289319151215,-0.06784127946843349,LLLLYVLLLLLATLFSLLILI,Mutant
LLLVSLLILLTALLFLLLILI,LLLVILLILLTALLFLLLILI,Left,clash,22.2677,-270.973,5233840.0,5233540.0,-58.9185,-275.0,-380.528,4233.99,-49.8549,-46.6096,3369.49,4194.93,44.3351,26.5726,3357.43,4200.98,55.4987,26.6759,-11.0634,1.10011e+17,4,S,111.9026,19.18942887,,,,,0.2344128726709599,0.1733960414685785,L,99999900.0,LLLVSLLILLTALLFLLLILI,27968.66181805917,1632.7060267105653,19.58189270007503,0.11348749052756119,LLLVSLLILLTALLFLLLILI,Mutant
LLLVSLLILLTALLFLLLILI,LLLVSLLILLTILLFLLLILI,Left,clash,17.6524,-275.428,12536900.0,12536600.0,-58.9185,-277.035,-385.41,4210.89,-52.0095,-49.4567,3357.43,4200.98,45.5455,8.8025,3357.43,4200.98,45.5455,8.8025,-11.0634,1.10011e+17,11,A,121.4653,6.757233944,,,,,0.2677101599594222,0.3627155160105541,L,99999900.0,LLLVSLLILLTALLFLLLILI,28115.48229813219,1414.1765712309077,22.363411903593665,0.08019020323909887,LLLVSLLILLTALLFLLLILI,Mutant
LLLVSLLILLTALLFLLLILI,LLLVSLLILLTALLALLLILI,Left,void,,,,,,,,,,,3396.97,4050.11,56.3385,17.0772,3357.43,4200.98,156.828,67.0771,-11.0634,1.1e+17,14,F,112.8096,13.14775635,3379.8928,3290.3529,89.5399,3.0,0.3813575335082789,0.045123815864877,L,99999900.0,LLLVSLLILLTALLFLLLILI,28760.348157848297,1068.67602183009,31.857048704004548,-0.03345717030975781,LLLVSLLILLTALLFLLLILI,Mutant
LLLVSLLILLTALLFLLLILI,LLLVSLLILLTALLFALLILI,Left,void,,,,,,,,,,,3372.42,4140.31,56.4442,83.3671,3357.43,4200.98,113.754,144.656,-11.0634,1.1e+17,15,L,46.3533,64.26676143,3289.0529,3212.774,76.2789,3.0,0.4199280196966876,0.1054299108947126,L,99999900.0,LLLVSLLILLTALLFLLLILI,28983.194596198584,792.5453551730478,35.07906937772122,-0.0720276564981665,LLLVSLLILLTALLFLLLILI,Mutant
LLLYALLLLLVTLLFSLLILI,LLLYILLLLLVTLLFSLLILI,Left,clash,18.793,-275.194,65065000.0,65064700.0,-74.2593,-287.666,-386.404,4355.71,-49.6463,-24.4787,3544.6,4325.62,44.7934,37.4896,3544.6,4325.62,44.7934,37.4896,-11.0314,1.10011e+17,4,A,100.9856,27.073151,,,,,0.1505490378869746,0.1702027386517295,L,99999900.0,LLLYALLLLLVTLLFSLLILI,27433.920485589428,794.3552631804379,12.576250921767246,0.0695807012836967,LLLYALLLLLVTLLFSLLILI,Mutant
LLLYALLLLLVTLLFSLLILI,LLLYALLALLVTLLFSLLILI,Left,void,,,,,,,,,,,3591.52,4256.84,49.2596,24.852,3544.6,4325.62,114.086,70.1577,-11.0314,1.1e+17,7,L,104.7434,19.17660658,3566.668,3474.4423,92.2257,2.0,0.2124312881533068,0.0682413776999324,L,99999900.0,LLLYALLLLLVTLLFSLLILI,27781.55558821651,783.0781843692171,17.745641027981435,0.007698451017364494,LLLYALLLLLVTLLFSLLILI,Mutant
LLLYALLLLLVTLLFSLLILI,LLLYALLLLLVILLFSLLILI,Left,clash,15.1432,-272.917,63642800.0,63642500.0,-60.4422,-284.162,-374.75,4342.63,-45.143,-30.1462,3572.14,4308.93,51.2016,21.5687,3544.6,4325.62,76.6286,31.6937,-11.0314,1.10011e+17,11,T,108.6991,16.55719986,,,,,0.2209277247120822,0.1995259368089165,L,99999900.0,LLLYALLLLLVTLLFSLLILI,27892.66653116624,1644.2749002364478,18.45539859006069,-0.0007979855414108894,LLLYALLLLLVTLLFSLLILI,Mutant
LLLYALLLLLVTLLFSLLILI,LLLYALLLALVTLLFSLLILI,Left,void,,,,,,,,,,,3537.81,4262.94,47.0625,60.0095,3544.6,4325.62,107.085,139.99,-11.0314,1.1e+17,8,L,71.3201,45.6938116,3477.8005,3404.61,73.1905,2.0,0.3398238350931326,0.0076764878246403,L,99999900.0,LLLYALLLLLVTLLFSLLILI,28533.4710671717,1135.7972867715523,28.38749339957255,-0.11969409592246127,LLLYALLLLLVTLLFSLLILI,Mutant
LLLLTILLFLLAVLYLLLILI,LLLLIILLFLLAVLYLLLILI,Left,clash,20.7546,-273.847,16161600000.0,16161600000.0,-45.0625,-278.735,-362.902,4318.88,-45.0625,-39.1044,3495.11,4225.95,59.4009,44.7165,3480.29,4263.89,91.2019,60.2871,-10.988,1.1011e+16,4,T,93.7587,32.29206385,,,,,0.0853812471067711,0.0442964036977771,L,99999900.0,LLLLTILLFLLAVLYLLLILI,27057.67899558338,893.1064839601195,7.132400197962804,-0.046989109260796996,LLLLTILLFLLAVLYLLLILI,Mutant
LLLLTILLFLLAVLYLLLILI,LLLLTILAFLLAVLYLLLILI,Left,void,,,,,,,,,,,3446.16,4205.91,58.9433,58.7937,3480.29,4263.89,118.645,173.693,-10.988,1.1e+16,7,L,70.8017,45.36711951,3387.3663,3306.597,80.7693,2.0,0.1574535493008772,0.0973829862957807,L,99999900.0,LLLLTILLFLLAVLYLLLILI,27462.481063186548,665.2922082235201,13.153025567770868,-0.11906141145490311,LLLLTILLFLLAVLYLLLILI,Mutant
LLLLTILLFLLAVLYLLLILI,LLLLTILLFLLIVLYLLLILI,Left,clash,19.3604,-279.714,16162100000.0,16162100000.0,-45.0625,-281.946,-369.088,4313.19,-45.0625,-42.0799,3480.29,4263.89,44.4451,10.0192,3480.29,4263.89,44.4451,10.0192,-10.988,1.1011e+16,11,A,120.2486,7.691232983,,,,,0.2112069254337763,0.1926465069274451,L,99999900.0,LLLLTILLFLLAVLYLLLILI,27772.20517416287,638.5135631904068,17.643362773691745,-0.17281478758780222,LLLLTILLFLLAVLYLLLILI,Mutant
LLLLTILLFLLAVLYLLLILI,LLLLTILLALLAVLYLLLILI,Left,void,,,,,,,,,,,3537.18,4171.17,50.0053,26.4657,3480.29,4263.89,139.487,91.4233,-10.988,1.1e+16,8,F,104.8639,20.15212108,3510.7143,3388.8667,121.8476,2.0,0.3409784106691575,0.1593056871614638,L,99999900.0,LLLLTILLFLLAVLYLLLILI,28530.66861494545,795.1330901677333,28.48394192130361,-0.3025862728231834,LLLLTILLFLLAVLYLLLILI,Mutant
LLLLYVLLALLFTLLSILILI,LLLLYVLLILLFTLLSILILI,Left,clash,18.5944,-277.261,433158.0,432844.0,-74.1368,-283.709,-384.762,4184.44,-55.6265,-26.9165,3344.33,4216.73,52.8675,12.5179,3344.33,4216.73,52.8675,12.5179,-10.8778,1.10011e+16,8,A,118.8117,9.53166689,,,,,0.2358486674478408,0.1277045050804627,L,99999900.0,LLLLYVLLALLFTLLSILILI,27932.475148697864,903.841650449114,19.70183312373801,-0.002064267784556595,LLLLYVLLALLFTLLSILILI,Mutant
LLLLYVLLALLFTLLSILILI,LLLLYVLLALLATLLSILILI,Left,void,,,,,,,,,,,3375.1,4079.57,54.2811,27.0739,3344.33,4216.73,155.092,91.0768,-10.8778,1.1e+16,11,F,103.1939,20.7832634,3348.0261,3253.2532,94.7729,3.0,0.2737169008787995,0.0622505308936063,L,99999900.0,LLLLYVLLALLFTLLSILILI,28157.962622346287,1093.3537950588768,22.86519047411398,-0.03993250121551531,LLLLYVLLALLFTLLSILILI,Mutant
LLLLYVLLALLFTLLSILILI,LLLLYVLLALLFTLLIILILI,Left,clash,18.4502,-275.233,7288540.0,7288230.0,-58.8738,-276.442,-363.785,4221.89,-53.0735,-28.469,3345.03,4225.02,54.9977,33.1343,3344.33,4216.73,57.0431,33.4337,-10.8778,1.10011e+16,15,S,96.5861,25.54285987,,,,,0.3011882920810011,0.0867651140434341,L,99999900.0,LLLLYVLLALLFTLLSILILI,28320.243388972667,1123.7538848117408,25.16003814486623,-0.06740389241771691,LLLLYVLLALLFTLLSILILI,Mutant
LLLLYVLLALLFTLLSILILI,LLLLAVLLALLFTLLSILILI,Left,void,,,,,,,,,,,3322.29,4059.74,59.3395,38.6939,3344.33,4216.73,172.166,201.708,-10.8778,1.1e+16,4,Y,99.7813,27.94283742,3283.5961,3142.622,140.9741,3.0,0.3144020201776523,0.1113013269367297,L,99999900.0,LLLLYVLLALLFTLLSILILI,28384.322156233466,907.181854606165,26.26385894962124,-0.08061762051436808,LLLLYVLLALLFTLLSILILI,Mutant
LLLLYLLVTLLALLFILLILI,LLLLYLLVILLALLFILLILI,Left,clash,14.7067,-274.727,5806370000.0,5806370000.0,-45.0912,-278.064,-362.52,4306.27,-45.0912,-39.3644,3445.1,4338.69,46.5837,15.424,3433.99,4351.82,71.1239,19.6406,-10.6547,1.1011e+16,8,T,115.9056,11.74449629,,,,,0.0224349471680012,0.0235158065675722,L,99999900.0,LLLLYLLVTLLALLFILLILI,26699.092992470945,1003.7849474172616,1.8741237337776828,0.17810548600793388,LLLLYLLVTLLALLFILLILI,Mutant
LLLLYLLVTLLALLFILLILI,LLLLYLLVTLLILLFILLILI,Left,clash,14.7054,-277.943,5806370000.0,5806370000.0,-58.8556,-281.271,-374.421,4300.08,-49.6017,-34.2945,3433.99,4351.82,46.7298,13.1443,3433.99,4351.82,46.7298,13.1443,-10.6547,1.1011e+16,11,A,117.1235,10.09021416,,,,,0.2258542351507976,0.3922686392687641,L,99999900.0,LLLLYLLVTLLALLFILLILI,27782.86855713342,700.2167379040695,18.866939124066,-0.02531380197486252,LLLLYLLVTLLALLFILLILI,Mutant
LLLLYLLVTLLALLFILLILI,LLLLALLVTLLALLFILLILI,Left,void,,,,,,,,,,,3465.99,4179.56,49.4606,25.2822,3433.99,4351.82,167.96,156.833,-10.6547,1.1e+16,4,Y,113.193,18.25756525,3440.7078,3277.157,163.5508,2.0,0.3343854095972194,0.0648974188625278,L,99999900.0,LLLLYLLVTLLALLFILLILI,28481.717768580493,935.7070808581988,27.933189575277844,-0.13384497642128432,LLLLYLLVTLLALLFILLILI,Mutant
LLLLYLLVTLLALLFILLILI,LLLLYLLVTLLALLAILLILI,Left,void,,,,,,,,,,,3363.11,4195.51,58.9142,72.8084,3433.99,4351.82,160.98,233.441,-10.6547,1.1e+16,14,F,57.0784,56.05527275,3290.3016,3200.549,89.7526,2.0,0.384569767318095,0.0734265065629513,L,99999900.0,LLLLYLLVTLLALLFILLILI,28773.27581862108,827.8706654057049,32.125385579341874,-0.1840293341421599,LLLLYLLVTLLALLFILLILI,Mutant
LLLYALLLVLITLLFSLLILI,LLLYILLLVLITLLFSLLILI,Left,clash,20.8532,-276.151,6800460.0,6800150.0,-74.3072,-287.63,-384.128,4330.44,-49.6855,-22.1904,3514.77,4225.07,53.9949,42.3228,3514.77,4225.07,53.9949,42.3228,-10.5313,1.10011e+17,4,A,96.1524,30.56345107,,,,,0.1402831809955856,0.1107853295475329,L,99999900.0,LLLYALLLVLITLLFSLLILI,27362.825990509264,625.6571749408936,11.718683221533992,0.2116596971807033,LLLYALLLVLITLLFSLLILI,Mutant
LLLYALLLVLITLLFSLLILI,LLLYALLLVLIILLFSLLILI,Left,clash,16.8274,-274.058,6800440.0,6800140.0,-60.4587,-283.682,-372.579,4318.46,-45.1515,-28.4389,3532.23,4193.67,51.3883,24.4782,3514.77,4225.07,82.1389,36.8442,-10.5313,1.10011e+17,11,T,105.7896,18.79067582,,,,,0.2565725668200366,0.1234149239187515,L,99999900.0,LLLYALLLVLITLLFSLLILI,28033.35727409057,629.863206950338,21.43302292235936,0.09537031135625229,LLLYALLLVLITLLFSLLILI,Mutant
LLLYALLLVLITLLFSLLILI,LLLYALLAVLITLLFSLLILI,Left,void,,,,,,,,,,,3567.89,4159.68,51.8254,29.7724,3514.77,4225.07,114.896,65.1755,-10.5313,1.1e+17,7,L,86.3113,37.67021098,3538.1176,3449.5945,88.5231,3.0,0.3572214098082203,0.0843472084551085,L,99999900.0,LLLYALLLVLITLLFSLLILI,28641.394251585964,1101.1470350913876,29.840815640073348,-0.005278531631931427,LLLYALLLVLITLLFSLLILI,Mutant
LLLYALLLVLITLLFSLLILI,LLLYALLLVLITLLASLLILI,Left,void,,,,,,,,,,,3587.06,4129.87,55.1419,48.4637,3514.77,4225.07,142.786,67.9791,-10.5313,1.1e+17,14,F,81.4231,37.3122596,3538.5963,3446.7909,91.8054,3.0,0.4393380276288166,0.1152613496772745,L,99999900.0,LLLYALLLVLITLLFSLLILI,29086.342871640027,681.7393470243302,36.700502058886606,-0.08739514945252769,LLLYALLLVLITLLFSLLILI,Mutant
LLLLYLLLAVLTILLSLLILI,LLLLYLLLIVLTILLSLLILI,Left,clash,12.8799,-277.408,865796000.0,865795000.0,-74.3572,-285.058,-404.39,4200.61,-57.2703,-44.9741,3389.51,4157.21,49.9415,21.1276,3389.51,4157.21,49.9415,21.1276,-10.5232,1.10011e+16,8,A,110.202,16.08746238,,,,,0.1972790588378054,0.0256294763193,L,99999900.0,LLLLYLLLAVLTILLSLLILI,27712.94757543137,1105.6054872504,16.4798857593296,-0.0006596863735756908,LLLLYLLLAVLTILLSLLILI,Mutant
LLLLYLLLAVLTILLSLLILI,LLLLALLLAVLTILLSLLILI,Left,void,,,,,,,,,,,3394.12,4001.74,55.6731,20.0786,3389.51,4157.21,168.541,179.59,-10.5232,1.1e+16,4,Y,118.3966,14.49978047,3374.0414,3209.92,164.1214,2.0,0.2597571311762503,0.0764934061912397,L,99999900.0,LLLLYLLLAVLTILLSLLILI,28054.86590367968,1185.4829055342277,21.69904840470304,-0.06313775871202063,LLLLYLLLAVLTILLSLLILI,Mutant
LLLLYLLLAVLTILLSLLILI,LLLLYLLLAVLTILLILLILI,Left,clash,12.8542,-275.376,714185000.0,714184000.0,-59.0012,-276.117,-381.584,4239.15,-54.2963,-46.4658,3390.46,4155.99,56.5454,30.5149,3389.51,4157.21,63.4748,30.4516,-10.5232,1.10011e+16,15,S,99.2055,23.52359382,,,,,0.2618768289001917,0.0639873141370386,L,99999900.0,LLLLYLLLAVLTILLSLLILI,28076.40106147656,1269.7472760599342,21.876119283592345,-0.06525745643596201,LLLLYLLLAVLTILLSLLILI,Mutant
LLLLYLLLAVLTILLSLLILI,LLLLYLLLAVLTALLSLLILI,Left,void,,,,,,,,,,,3383.08,4121.07,47.7317,64.7226,3389.51,4157.21,96.0295,141.361,-10.5232,1.1e+16,12,I,65.0994,49.85487822,3318.3574,3248.149,70.2084,2.0,0.279064251559068,0.0298262420010068,L,99999900.0,LLLLYLLLAVLTILLSLLILI,28188.79609936765,1252.033849207096,23.31188628078016,-0.0824448790948383,LLLLYLLLAVLTILLSLLILI,Mutant
LLLYFLLAVLITLLLSLLILI,LLLYFLLAVLIILLLSLLILI,Left,clash,20.8637,-275.427,75315900.0,75315600.0,-60.4441,-283.514,-373.452,4333.41,-45.1374,-29.4936,3489.07,4230.57,49.732,24.5223,3473.61,4257.04,79.9283,33.9016,-10.0268,1.10011e+17,11,T,105.7455,18.82452916,,,,,0.1592018776153478,0.114354353647074,L,99999900.0,LLLYFLLAVLITLLLSLLILI,27501.52110432646,1076.910746932419,13.29907376498963,0.01686049356280761,LLLYFLLAVLITLLLSLLILI,Mutant
LLLYFLLAVLITLLLSLLILI,LLLYFLLIVLITLLLSLLILI,Left,clash,21.1185,-278.632,75319300.0,75319000.0,-74.2904,-287.593,-386.272,4327.84,-49.6726,-24.3893,3473.61,4257.04,45.5601,9.80296,3473.61,4257.04,45.5601,9.80296,-10.0268,1.10011e+17,7,A,119.79244,7.564280831,,,,,0.2986286102380683,0.2297150310059657,L,99999900.0,LLLYFLLAVLITLLLSLLILI,28241.651340304496,75.01217356042925,24.946212792087945,-0.1225662390599129,LLLYFLLAVLITLLLSLLILI,Mutant
LLLYFLLAVLITLLLSLLILI,LLLYALLAVLITLLLSLLILI,Left,void,,,,,,,,,,,3492.52,4103.51,59.8715,61.12,3473.61,4257.04,160.801,152.455,-10.0268,1.1e+17,4,F,77.3552,44.13786729,3431.4,3321.155,110.245,2.0,0.3609141139806971,0.0862887435133159,L,99999900.0,LLLYFLLAVLITLLLSLLILI,28651.95702725203,932.0839093531284,30.14928904451842,-0.1848517428025417,LLLYFLLAVLITLLLSLLILI,Mutant
LLLYFLLAVLITLLLSLLILI,LLLAFLLAVLITLLLSLLILI,Left,void,,,,,,,,,,,3317.78,4067.52,64.9869,69.1621,3473.61,4257.04,185.759,300.436,-10.0268,1.1e+17,3,Y,100.5687,40.74811407,3248.6179,3173.174,75.4439,2.0,0.3609263437515829,0.0629762435205535,L,99999900.0,LLLYFLLAVLITLLLSLLILI,28666.81272364928,1207.2872198432833,30.15031066956189,-0.1848639725734275,LLLYFLLAVLITLLLSLLILI,Mutant
LLLFLLLTILVALLLSLLILI,LLLFLLLTILVILLLSLLILI,Left,clash,17.5851,-272.396,16461.5,16157.1,-74.1594,-283.663,-400.535,4285.17,-49.5613,-42.7122,3368.67,4119.16,45.9191,14.8409,3368.67,4119.16,45.9191,14.8409,-9.91551,1.10011e+17,11,A,115.4269,11.39260815,,,,,0.1216633520367991,0.068039758317991,L,99999900.0,LLLFLLLTILVALLLSLLILI,27286.45637184051,1364.1341559123066,10.163258860191416,0.1889070673245258,LLLFLLLTILVALLLSLLILI,Mutant
LLLFLLLTILVALLLSLLILI,LLLFLLLIILVALLLSLLILI,Left,clash,17.6806,-269.146,16333.6,16037.0,-60.3711,-280.251,-388.972,4287.15,-45.0575,-48.35,3385.38,4101.17,44.9609,19.4632,3368.67,4119.16,67.3699,21.2366,-9.91551,1.10011e+17,7,T,110.1322,15.0184343,,,,,0.150584158989511,0.1090737996426047,L,99999900.0,LLLFLLLTILVALLLSLLILI,27425.63768300108,673.3174697727901,12.57918479503769,0.1599862603718139,LLLFLLLTILVALLLSLLILI,Mutant
LLLFLLLTILVALLLSLLILI,LLLFLLLTILVALLASLLILI,Left,void,,,,,,,,,,,3425.4,4079.47,56.9136,36.368,3368.67,4119.16,112.109,68.1001,-9.91551,1.1e+17,14,L,93.5188,27.99976595,3389.032,3300.5699,88.4621,3.0,0.291412629904158,0.0918670278575382,L,99999900.0,LLLFLLLTILVALLLSLLILI,28240.907962378216,773.0040500701931,24.343419306327345,0.019157789457166896,LLLFLLLTILVALLLSLLILI,Mutant
LLLFLLLTILVALLLSLLILI,LLLALLLTILVALLLSLLILI,Left,void,,,,,,,,,,,3303.2,3993.37,56.1698,105.121,3368.67,4119.16,155.145,262.793,-9.91551,1.1e+17,3,F,79.3502,53.24938078,3198.079,3105.877,92.202,3.0,0.3960081432724809,0.079457932361867,L,99999900.0,LLLFLLLTILVALLLSLLILI,28840.170627927404,804.948366333526,33.08090072682401,-0.085437723911156,LLLFLLLTILVALLLSLLILI,Mutant
LLLYLLLTVLALLLFSLLILI,LLLYLLLTILALLLFSLLILI,Left,clash,17.2999,-274.887,175.991,-131.21,-74.1741,-283.457,-383.552,4325.79,-49.6142,-25.9211,3485.16,4321.62,41.582,69.6322,3476.78,4317.66,59.6814,102.731,-9.84623,1.10011e+17,8,V,61.6974,53.02094882,,,,,0.0933061297800486,0.0967290182425515,L,99999900.0,LLLYLLLTVLALLLFSLLILI,27127.283023861848,1194.9747663242158,7.794412485942537,0.1317206552447523,LLLYLLLTVLALLLFSLLILI,Mutant
LLLYLLLTVLALLLFSLLILI,LLLYLLLIVLALLLFSLLILI,Left,clash,17.3876,-274.26,421.597,119.614,-60.403,-283.228,-376.381,4338.88,-45.1117,-32.7498,3488.71,4307.74,50.8648,41.5991,3476.78,4317.66,74.8608,58.9544,-9.84623,1.10011e+17,7,T,87.9963,32.09921031,,,,,0.1695520936961245,0.063894500993841,L,99999900.0,LLLYLLLTVLALLLFSLLILI,27533.302303836645,1105.1827384116875,14.163688486898923,0.055474691328676384,LLLYLLLTVLALLLFSLLILI,Mutant
LLLYLLLTVLALLLFSLLILI,LLLYLLLTVLALLLASLLILI,Left,void,,,,,,,,,,,3517.83,4192.48,55.6598,40.929,3476.78,4317.66,150.653,99.9017,-9.84623,1.1e+17,14,F,88.9578,31.51128521,3476.901,3376.8783,100.0227,3.0,0.3175279932367613,0.1449719104586635,L,99999900.0,LLLYLLLTVLALLLFSLLILI,28397.13919285014,814.705105509774,26.524989954626747,-0.0925012082119604,LLLYLLLTVLALLLFSLLILI,Mutant
LLLYLLLTVLALLLFSLLILI,LLLALLLTVLALLLFSLLILI,Left,void,,,,,,,,,,,3287.88,4131.97,53.9746,102.3,3476.78,4317.66,174.282,345.182,-9.84623,1.1e+17,3,Y,67.4308,60.27191294,3185.58,3131.598,53.982,3.0,0.7502053816159613,0.0795614935070581,L,99999900.0,LLLYLLLTVLALLLFSLLILI,30891.19413469485,967.6090995266504,62.669089450745474,-0.5251785965911604,LLLYLLLTVLALLLFSLLILI,Mutant
LLLYFLLATLVSLLLILLILI,LLLYFLLITLVSLLLILLILI,Left,clash,29.5288,-278.899,1114740000.0,1114740000.0,-74.1357,-279.18,-376.222,4364.15,-49.5853,-22.9063,3432.67,4248.97,46.9911,14.8572,3432.67,4248.97,46.9911,14.8572,-9.7344,1.10011e+17,7,A,114.7382,11.4642958,,,,,0.197244552052891,0.3440539155108919,L,99999900.0,LLLYFLLATLVSLLLILLILI,27616.662682783463,605.3845914226565,16.477003203640916,-0.0657619486295149,LLLYFLLATLVSLLLILLILI,Mutant
LLLYFLLATLVSLLLILLILI,LLLYFLLATLVILLLILLILI,Left,clash,29.0457,-276.884,1114700000.0,1114700000.0,-58.8518,-277.162,-362.128,4338.79,-49.5853,-26.1144,3436.46,4243.29,43.8172,16.0731,3432.67,4248.97,53.6009,16.4031,-9.7344,1.10011e+17,11,S,114.1947,12.33850576,,,,,0.2373338846003967,0.0843739432429751,L,99999900.0,LLLYFLLATLVSLLLILLILI,27938.530968768104,901.4782915617772,19.825902090541227,-0.10585128117702061,LLLYFLLATLVSLLLILLILI,Mutant
LLLYFLLATLVSLLLILLILI,LLLYALLATLVSLLLILLILI,Left,void,,,,,,,,,,,3446.17,4108.24,55.7892,48.0813,3432.67,4248.97,157.041,145.998,-9.7344,1.1e+17,4,F,90.3939,34.72195743,3398.0887,3286.672,111.4167,2.0,0.3872015432099855,0.0367165440974203,L,99999900.0,LLLYFLLATLVSLLLILLILI,28796.16811085716,1013.266839487982,32.34523337412567,-0.2557189397866094,LLLYFLLATLVSLLLILLILI,Mutant
LLLYFLLATLVSLLLILLILI,LLLAFLLATLVSLLLILLILI,Left,void,,,,,,,,,,,3288.74,4058.24,64.1889,59.9311,3432.67,4248.97,185.44,286.33,-9.7344,1.1e+17,3,Y,109.7997,35.30950187,3228.8089,3146.34,82.4689,2.0,0.3978368084961666,0.1376640913582811,L,99999900.0,LLLYFLLATLVSLLLILLILI,28843.03014424152,581.2035886835843,33.2336599408832,-0.2663542050727905,LLLYFLLATLVSLLLILLILI,Mutant
LLLLYVLTFLLAILLSLLILI,LLLLYVLTFLLAILLILLILI,Left,clash,19.0441,-275.25,4670470000000.0,4670470000000.0,-58.7796,-277.112,-364.606,4270.19,-49.4561,-28.7151,3332.56,4148.02,59.3182,43.4157,3327.74,4156.19,70.0668,42.7875,-9.71426,1.1011e+16,15,S,86.3047,33.46867571,,,,,0.1952878436479568,0.1172681541757127,L,99999900.0,LLLLYVLTFLLAILLSLLILI,27660.869895162417,797.9741568326934,16.313547785880907,0.13915389988386942,LLLLYVLTFLLAILLSLLILI,Mutant
LLLLYVLTFLLAILLSLLILI,LLLLYVLTFLLIILLSLLILI,Left,clash,19.0416,-277.28,4670660000000.0,4670660000000.0,-74.1584,-286.062,-387.042,4243.62,-49.4561,-26.8219,3327.74,4156.19,46.1126,10.8611,3327.74,4156.19,46.1126,10.8611,-9.71426,1.1011e+16,11,A,119.4067,8.337517023,,,,,0.2665651650988483,0.286420628494321,L,99999900.0,LLLLYVLTFLLAILLSLLILI,28074.87028819204,653.1897178761114,22.26776371564893,0.0678765784329779,LLLLYVLTFLLAILLSLLILI,Mutant
LLLLYVLTFLLAILLSLLILI,LLLLAVLTFLLAILLSLLILI,Left,void,,,,,,,,,,,3342.52,4030.26,64.0586,49.494,3327.74,4156.19,171.601,158.969,-9.71426,1.1e+16,4,Y,88.9812,35.74214011,3293.026,3168.771,124.255,3.0,0.2836861270080006,0.0909461215235091,L,99999900.0,LLLLYVLTFLLAILLSLLILI,28199.612412564144,813.4188169234698,23.69797885361061,0.0507556165238256,LLLLYVLTFLLAILLSLLILI,Mutant
LLLLYVLTFLLAILLSLLILI,LLLLYVLTALLAILLSLLILI,Left,void,,,,,,,,,,,3351.49,4036.23,50.1369,11.1341,3327.74,4156.19,146.594,95.3825,-9.71426,1.1e+16,8,F,120.1955,8.477982115,3340.3559,3232.3575,107.9984,3.0,0.3608681026747857,0.0922429395511624,L,99999900.0,LLLLYVLTFLLAILLSLLILI,28664.973972271066,1135.0075209220734,30.145445448195908,-0.026426359142959488,LLLLYVLTFLLAILLSLLILI,Mutant
LLLYLLLTVLLALLFSLLILI,LLLYLLLTVLLILLFSLLILI,Left,clash,20.416,-279.547,2377280.0,2376980.0,-74.1713,-286.51,-388.109,4341.55,-49.6038,-27.4272,3463.37,4304.42,54.4127,25.8361,3463.37,4304.42,54.4127,25.8361,-9.49051,1.10011e+17,11,A,104.4317,19.83306696,,,,,0.052129483048908,0.1449205614330982,L,99999900.0,LLLYLLLTVLLALLFSLLILI,26889.23703083749,1131.9937187877097,4.3546838189512025,0.1748263051168779,LLLYLLLTVLLALLFSLLILI,Mutant
LLLYLLLTVLLALLFSLLILI,LLLYILLTVLLALLFSLLILI,Left,clash,22.1295,-275.439,13958700.0,13958400.0,-74.2226,-282.801,-378.962,4260.87,-49.8572,-21.9385,3483.83,4221.6,54.8591,35.8513,3463.37,4304.42,122.785,46.0856,-9.49051,1.10011e+17,4,L,102.6239,25.89005107,,,,,0.2599753132774131,0.1104089441578898,L,99999900.0,LLLYWLLTVLLALLFSLLILI,28042.50942715085,614.6645923601462,21.71727444513062,-0.033019525111627174,LLLYLLLTVLLALLFSLLILI,Mutant
LLLYLLLTVLLALLFSLLILI,LLLYLLLTVLAALLFSLLILI,Left,void,,,,,,,,,,,3410.57,4252.97,59.6474,111.216,3463.37,4304.42,118.053,228.258,-9.49051,1.1e+17,10,L,100.0827,23.17157425,3299.354,3235.112,64.242,3.0,0.2716411692523435,0.1631111250689372,L,99999900.0,LLLYLLLTVLALLLFSLLILI,28138.59035810352,912.609350615557,22.69179234319961,-0.04468538108655759,LLLYLLLTVLLALLFSLLILI,Mutant
LLLYLLLTVLLALLFSLLILI,LLLYLLLTVLLALLASLLILI,Left,void,,,,,,,,,,,3484.09,4146.56,59.3246,38.522,3463.37,4304.42,162.007,85.5918,-9.49051,1.1e+17,14,F,91.3648,29.65813308,3445.568,3377.7782,67.7898,3.0,0.3094205286017845,0.1334248976086439,L,99999900.0,LLLYLLLTVLLALLFSLLILI,28333.155686272952,566.7300118255431,25.84772551627563,-0.08246474043599858,LLLYLLLTVLLALLFSLLILI,Mutant
LLLLYLLLAILTVLLSLLILI,LLLLYLLLIILTVLLSLLILI,Left,clash,12.6333,-277.158,1232890000.0,1232890000.0,-74.2975,-282.968,-401.974,4212.73,-51.5563,-44.7083,3475.5,4162.78,51.2317,25.9524,3475.5,4162.78,51.2317,25.9524,-9.12485,1.10011e+16,8,A,105.3772,19.7612724,,,,,0.1114392769158087,0.0436271150237787,L,99999900.0,LLLLYLLLAILTVLLSLLILI,27199.782773645613,1033.626179423239,9.309181438181549,0.11869586229803152,LLLLYLLLAILTVLLSLLILI,Mutant
LLLLYLLLAILTVLLSLLILI,LLLLYLLLAILIVLLSLLILI,Left,clash,12.5905,-273.949,1231470000.0,1231470000.0,-60.4281,-280.788,-391.365,4215.43,-46.8017,-50.1486,3492.25,4135.63,54.1243,41.6568,3475.5,4162.78,84.0684,66.325,-9.12485,1.10011e+16,11,T,88.611,31.977818,,,,,0.2869415000232528,0.1216879414462967,L,99999900.0,LLLLYLLLAILTVLLSLLILI,28204.278182696908,1296.3448263115592,23.969919401742835,-0.05680636080941259,LLLLYLLLAILTVLLSLLILI,Mutant
LLLLYLLLAILTVLLSLLILI,LLLLYALLAILTVLLSLLILI,Left,void,,,,,,,,,,,3481.44,4082.33,51.1201,49.4455,3475.5,4162.78,115.734,114.499,-9.12485,1.1e+16,5,L,80.8493,37.94894347,3431.9945,3361.001,70.9935,2.0,0.3091759252174982,0.0307051396575453,L,99999900.0,LLLLYLLLAILTVLLSLLILI,28346.48092197733,1000.1529819094026,25.827292349911552,-0.07904078600365799,LLLLYLLLAILTVLLSLLILI,Mutant
LLLLYLLLAILTVLLSLLILI,LLLLALLLAILTVLLSLLILI,Left,void,,,,,,,,,,,3470.82,4006.65,60.1315,34.5945,3475.5,4162.78,172.953,192.417,-9.12485,1.1e+16,4,Y,103.8807,24.98245173,3436.2255,3283.083,153.1425,2.0,0.4861121965401388,0.1242323671148149,L,99999900.0,LLLLYLLLAILTVLLSLLILI,29353.5089190413,651.4738602605929,40.60782483651564,-0.2559770573262986,LLLLYLLLAILTVLLSLLILI,Mutant
LLLYALLLTLIVLLFSLLILI,LLLYILLLTLIVLLFSLLILI,Left,clash,21.0406,-275.985,5573460.0,5573150.0,-74.238,-286.852,-382.65,4342.47,-49.6797,-21.5598,3512.01,4226.0,50.0436,40.2618,3512.01,4226.0,50.0436,40.2618,-8.95622,1.10011e+17,4,A,98.2134,29.07509792,,,,,0.2510742006076257,0.1291242069918445,L,99999900.0,LLLYALLLTLIVLLFSLLILI,28010.810162114103,756.1537482233264,20.973711895749144,0.29565605553737667,LLLYALLLTLIVLLFSLLILI,Mutant
LLLYALLLTLIVLLFSLLILI,LLLYALLLTLIILLFSLLILI,Left,clash,16.9469,-274.511,5573450.0,5573140.0,-74.238,-283.15,-378.492,4307.73,-49.6797,-21.1039,3531.71,4202.87,54.3227,22.983,3512.01,4226.0,81.2235,36.6691,-8.95622,1.10011e+17,11,V,107.2848,17.64288642,,,,,0.3298312810092922,0.0412944297110865,L,99999900.0,LLLYALLLTLIVLLFSLLILI,28476.3744616108,1058.5388971030582,27.552756298150133,0.21689897513571016,LLLYALLLTLIVLLFSLLILI,Mutant
LLLYALLLTLIVLLFSLLILI,LLLYALLATLIVLLFSLLILI,Left,void,,,,,,,,,,,3572.39,4171.66,56.5789,26.4197,3512.01,4226.0,116.695,56.2465,-8.95622,1.1e+17,7,L,103.1757,20.38629458,3545.9703,3455.7635,90.2068,3.0,0.3718170059927683,0.0385819970400889,L,99999900.0,LLLYALLLTLIVLLFSLLILI,28720.5602737226,1301.74238038539,31.06007205343861,0.17491325015223408,LLLYALLLTLIVLLFSLLILI,Mutant
LLLYALLLTLIVLLFSLLILI,LLLYALLLTLIVLLASLLILI,Left,void,,,,,,,,,,,3588.55,4127.44,55.3935,49.9481,3512.01,4226.0,144.903,92.4393,-8.95622,1.1e+17,14,F,79.9387,38.4551009,3538.6019,3419.5707,119.0312,3.0,0.5134188200938605,0.1175922545066772,L,99999900.0,LLLYALLLTLIVLLFSLLILI,29514.240627204665,703.1224173001375,42.88890849176732,0.03331143605114184,LLLYALLLTLIVLLFSLLILI,Mutant
LLLYWLLTLLVALLLSLLILI,LLLYWLLTLLVILLLSLLILI,Left,clash,31.6255,-282.703,9564860000.0,9564860000.0,-74.149,-290.343,-401.422,4326.77,-49.5993,-36.9298,3560.96,4162.98,44.6503,11.268,3560.96,4162.98,44.6503,11.268,-8.9373,1.10011e+17,11,A,118.9998,8.649873568,,,,,0.1872137517779927,0.069525470005694,L,99999900.0,LLLYWLLTLLVALLLSLLILI,27649.97307091202,923.558213898945,15.639071171833708,0.21864793734788818,LLLYWLLTLLVALLLSLLILI,Mutant
LLLYWLLTLLVALLLSLLILI,LLLYWLLILLVALLLSLLILI,Left,clash,31.7085,-279.454,9296700000.0,9296700000.0,-60.4291,-287.822,-390.117,4407.85,-45.1105,-41.8657,3574.92,4133.58,52.3,21.5063,3560.96,4162.98,83.7637,45.3085,-8.9373,1.10011e+17,7,T,108.0891,16.5949563,,,,,0.2772682212371018,0.0143936068732957,L,99999900.0,LLLYWLLTLLVALLLSLLILI,28166.170259245493,1076.1412048450966,23.16185325294304,0.12859346788877907,LLLYWLLTLLVALLLSLLILI,Mutant
LLLYWLLTLLVALLLSLLILI,LLLYALLTLLVALLLSLLILI,Left,void,,,,,,,,,,,3565.04,4154.07,49.0044,35.0175,3560.96,4162.98,121.528,176.36,-8.9373,1.1e+17,4,W,103.4577,25.28792159,3530.0225,3384.6,145.4225,2.0,0.4425215084798727,0.1020278654784388,L,99999900.0,LLLYWLLTLLVALLLSLLILI,29101.009836681293,724.2191210412723,36.96643702964065,-0.03665981935399182,LLLYWLLTLLVALLLSLLILI,Mutant
LLLYWLLTLLVALLLSLLILI,LLLYWLLTLLVALLASLLILI,Left,void,,,,,,,,,,,3601.98,4122.82,56.1918,41.6183,3560.96,4162.98,111.661,90.5451,-8.9373,1.1e+17,14,L,88.2685,32.04197809,3560.3617,3470.4149,89.9468,2.0,0.4590005298189626,0.0737357342234562,L,99999900.0,LLLYWLLTLLVALLLSLLILI,29200.49343088792,943.1934498384096,38.34302707773609,-0.053138840693081724,LLLYWLLTLLVALLLSLLILI,Mutant
LLLVTLLLALLLLLFSLLILI,LLLVILLLALLLLLFSLLILI,Left,clash,21.3132,-270.609,1604460.0,1604160.0,-60.4201,-280.212,-393.745,4220.33,-45.1106,-53.1124,3300.55,4180.75,53.5825,28.3994,3285.78,4210.27,83.0468,39.6156,-8.52579,1.10011e+17,4,T,110.0758,20.50865426,,,,,0.1830388285561995,0.0788593054144766,L,99999900.0,LLLVTLLLALLLLLFSLLILI,27623.198246739204,868.1557633242115,15.290315160149312,0.082626342398289,LLLVTLLLALLLLLFSLLILI,Mutant
LLLVTLLLALLLLLFSLLILI,LLLVTLLIALLLLLFSLLILI,Left,clash,20.1776,-273.198,99638.3,99340.2,-60.4201,-280.815,-390.371,4162.8,-45.1106,-49.136,3325.53,4178.18,56.0166,21.8619,3285.78,4210.27,108.796,51.3765,-8.52579,1.10011e+17,7,L,107.7335,16.86934876,,,,,0.2048570413234177,0.0770082962013135,L,99999900.0,LLLVTLLLALLLLLFSLLILI,27741.03215731724,777.6779888555508,17.112919424356182,0.060808129631070795,LLLVTLLLALLLLLFSLLILI,Mutant
LLLVTLLLALLLLLFSLLILI,LLLVTLLLALLLLLASLLILI,Left,void,,,,,,,,,,,3357.83,4073.23,54.4654,40.461,3285.78,4210.27,152.209,76.1438,-8.52579,1.1e+17,14,F,89.4258,31.15097146,3317.369,3209.6362,107.7328,2.0,0.227527036488777,0.1044716003463813,L,99999900.0,LLLVTLLLALLLLLFSLLILI,27874.34828949516,763.2816188810699,19.006678106552823,0.03813813446571149,LLLVTLLLALLLLLFSLLILI,Mutant
LLLVTLLLALLLLLFSLLILI,LLLVTLLLALALLLFSLLILI,Left,void,,,,,,,,,,,3265.2,4167.9,57.3274,56.1234,3285.78,4210.27,112.366,157.089,-8.52579,1.1e+17,10,L,72.448,43.65154303,3209.0766,3128.691,80.3856,2.0,0.2378192571242548,0.0838496712952875,L,99999900.0,LLLVTLLLALLLLLFSLLILI,27939.898611046327,881.4593845329889,19.866448126146945,0.027845913830233687,LLLVTLLLALLLLLFSLLILI,Mutant
LLLFSLLVLLTALLYLLLILI,LLLFSLLVLLTILLYLLLILI,Left,clash,18.7393,-278.373,230226000000.0,230226000000.0,-58.8892,-279.921,-372.476,4328.84,-54.0489,-33.6658,3495.39,4266.64,39.1089,8.44134,3495.39,4266.64,39.1089,8.44134,-8.52362,1.10011e+17,11,A,121.82646,6.479989683,,,,,0.120253211144056,0.1778607179060073,L,99999900.0,LLLFSLLVLLTALLYLLLILI,27314.38140384308,1776.3159407394517,10.045461457092127,0.1126039018836587,LLLFSLLVLLTALLYLLLILI,Mutant
LLLFSLLVLLTALLYLLLILI,LLLFSLLILLTALLYLLLILI,Left,clash,18.8576,-275.748,19216.4,18905.2,-58.9078,-277.31,-366.881,4344.15,-54.2685,-30.663,3507.34,4233.13,53.8824,22.805,3495.39,4266.64,85.9439,28.418,-8.52362,1.10011e+17,7,V,106.7904,17.5970752,,,,,0.2739699328989349,0.2544711045615195,L,99999900.0,LLLFSLLVLLTALLYLLLILI,28117.295618370063,511.6295310978383,22.88632773424615,-0.0411128198712202,LLLFSLLVLLTALLYLLLILI,Mutant
LLLFSLLVLLTALLYLLLILI,LLLFSLLVLLTALLALLLILI,Left,void,,,,,,,,,,,3508.55,4144.61,52.5093,24.2986,3495.39,4266.64,157.282,158.108,-8.52362,1.1e+17,14,Y,105.5882,18.7075207,3484.2514,3337.282,146.9694,2.0,0.2787555882372701,0.0931899521735937,L,99999900.0,LLLFSLLVLLTALLYLLLILI,28178.108451249205,907.8761618735192,23.28610180922352,-0.045898475209555395,LLLFSLLVLLTALLYLLLILI,Mutant
LLLFSLLVLLTALLYLLLILI,LLLFSLLVALTALLYLLLILI,Left,void,,,,,,,,,,,3538.98,4212.06,45.9977,61.3279,3495.39,4266.64,103.537,110.331,-8.52362,1.1e+17,8,L,70.0017,46.69769801,3477.6521,3385.059,92.5931,2.0,0.2853493785564694,0.0835382038960052,L,99999900.0,LLLFSLLVLLTALLYLLLILI,28207.62740341986,807.7693729808709,23.836920085737688,-0.05249226552875472,LLLFSLLVLLTALLYLLLILI,Mutant
LLLLFLLLAVLYLLLSTLILI,LLLLFLLLIVLYLLLSTLILI,Left,clash,12.7113,-277.284,5762990.0,5762670.0,-74.1684,-296.441,-400.921,4201.63,-53.7999,-30.311,3288.64,4287.51,39.9817,4.43065,3288.64,4287.51,39.9817,4.43065,-8.17684,1.10011e+16,8,A,126.89895,3.373687272,,,,,0.1361035748146087,0.0989611236637432,L,99999900.0,LLLLFLLLAVLYLLLSTLILI,27327.89323010506,625.3987522939346,11.369536014591382,0.181929560424023,LLLLFLLLAVLYLLLSTLILI,Mutant
LLLLFLLLAVLYLLLSTLILI,LLLLFLLLAVLALLLSTLILI,Left,void,,,,,,,,,,,3338.99,4149.7,54.5119,10.1168,3288.64,4287.51,162.023,119.42,-8.17684,1.1e+16,11,Y,120.151,7.766155566,3328.8732,3169.22,159.6532,2.0,0.252648886540502,0.0324830139839383,L,99999900.0,LLLLFLLLAVLYLLLSTLILI,28033.7692988079,1113.6455252850817,21.10525471855813,0.0653842486981297,LLLLFLLLAVLYLLLSTLILI,Mutant
LLLLFLLLAVLYLLLSTLILI,LLLLILLLAVLYLLLSTLILI,Left,clash,13.15,-272.379,5771300.0,5770990.0,-74.1684,-292.068,-408.193,4164.95,-53.7999,-41.9567,3307.97,4149.51,54.7859,6.99428,3288.64,4287.51,153.346,32.4135,-8.17684,1.10011e+16,4,F,131.48092,5.050926086,,,,,0.2823138310868349,0.2098132863017037,L,99999900.0,LLLLFLLLAVLYLLLSTLILI,28169.79872455616,453.1233936834572,23.58334286466159,0.035719304151796805,LLLLFLLLAVLYLLLSTLILI,Mutant
LLLLFLLLAVLYLLLSTLILI,LLLLFLLLAVLYALLSTLILI,Left,void,,,,,,,,,,,3289.57,4198.04,54.1427,58.5962,3288.64,4287.51,119.944,118.679,-8.17684,1.1e+16,12,L,71.2258,45.13580133,3230.9738,3169.961,61.0128,2.0,0.33870571935633,0.0623120985558235,L,99999900.0,LLLLFLLLAVLYLLLSTLILI,28536.430302341458,1164.9983941761932,28.29409058369961,-0.02067258411769829,LLLLFLLLAVLYLLLSTLILI,Mutant
LLLYALLFVLLLLLTSLLILI,LLLYALLFVLLLLLISLLILI,Left,clash,21.6758,-285.955,7271.93,6962.54,-60.4296,-282.202,-371.848,4767.93,-45.1202,-29.2171,3843.79,4748.08,42.803,18.859,3830.49,4765.93,71.2324,30.0628,-20.1749,1.10011e+17,14,T,111.0278,14.51956627,,,,,0.1025186076124688,0.0712905812376568,L,99999900.0,LLLYALLFVLLLLLTSLLILI,27140.204715840497,736.5640274498289,8.563985207614234,0.06844971357389261,LLLYALLFVLLLLLTSLLILI,Mutant
LLLYALLFVLLLLLTSLLILI,LLLYALLFVLLILLTSLLILI,Left,clash,21.6501,-285.106,4047.32,3733.98,-74.2559,-281.476,-372.887,4726.31,-49.8847,-17.1553,3854.16,4693.84,53.1833,19.4225,3830.49,4765.93,114.956,30.155,-20.1749,1.10011e+17,11,L,110.8453,14.90967069,,,,,0.1306426803963026,0.0484431813066662,L,99999900.0,LLLYALLFVLLLLLTSLLILI,27334.88299974685,1172.9868852950092,10.913355228411566,0.04032564079005879,LLLYALLFVLLLLLTSLLILI,Mutant
LLLYALLFVLLLLLTSLLILI,LLLYALLAVLLLLLTSLLILI,Left,void,,,,,,,,,,,3859.68,4675.95,59.2503,24.7974,3830.49,4765.93,142.594,120.716,-20.1749,1.1e+17,7,F,104.798,19.13447545,3834.8826,3709.774,125.1086,2.0,0.1329545728090101,0.0760143562743175,L,99999900.0,LLLYALLFVLLLLLTSLLILI,27354.57417485573,1221.5403876964856,11.106481265578054,0.0380137483773513,LLLYALLFVLLLLLTSLLILI,Mutant
LLLYALLFVLLLLLTSLLILI,LLLYALLIVLLLLLTSLLILI,Left,clash,17.7591,-274.278,640.44,334.241,-74.2514,-284.189,-398.944,4262.97,-49.6801,-40.5038,3519.55,4132.24,38.0718,14.6368,3484.99,4169.13,108.578,50.685,-8.15293,1.10011e+17,7,F,114.9586,11.29422804,,,,,0.1542269025679588,0.0920095989492349,L,99999900.0,LLLYALLFVLLLLLTSLLILI,27441.879971926897,662.4084688541196,12.883484695782386,0.016741418618402615,LLLYALLFVLLLLLTSLLILI,Mutant
LLLYALLFVLLLLLTSLLILI,LLLYALLFVLALLLTSLLILI,Left,void,,,,,,,,,,,3803.66,4730.13,51.563,74.3185,3830.49,4765.93,104.983,177.536,-20.1749,1.1e+17,10,L,54.2529,57.80329062,3729.3415,3652.954,76.3875,2.0,0.2334141444737348,0.0791367634864805,L,99999900.0,LLLYALLFVLLLLLTSLLILI,27893.521899889063,802.0441731988856,19.498463030996867,-0.062445823287373387,LLLYALLFVLLLLLTSLLILI,Mutant
LLLYALLFVLLLLLTSLLILI,LLLAALLFVLLLLLTSLLILI,Left,void,,,,,,,,,,,3407.14,4091.74,64.3725,104.322,3484.99,4169.13,154.526,279.759,-8.15293,1.1e+17,3,Y,65.4088,61.46321116,3302.818,3205.231,97.587,2.0,0.2822672616439172,0.07295166910819,L,99999900.0,LLLYALLFVLLLLLTSLLILI,28218.90360438748,1447.6890979416823,23.5794526438562,-0.11129894045755578,LLLYALLFVLLLLLTSLLILI,Mutant
LLLYFLLAVLLTLLFSLLILI,LLLYFLLAVLLILLFSLLILI,Left,clash,26.7968,-273.076,1231650000.0,1231650000.0,-60.4001,-284.492,-358.375,4359.87,-45.09,-13.4824,3533.62,4326.67,50.7309,12.9162,3525.06,4347.62,75.0362,15.5019,-7.82407,1.10011e+17,11,T,117.3516,9.915113328,,,,,0.1041130678065828,0.0392811143170855,L,99999900.0,LLLYFLLAVLLTLLFSLLILI,27176.89204299194,1086.695160709111,8.697179891335844,0.05580213498970091,LLLYFLLAVLLTLLFSLLILI,Mutant
LLLYFLLAVLLTLLFSLLILI,LLLYFLLIVLLTLLFSLLILI,Left,clash,27.23,-276.273,1232000000.0,1232000000.0,-74.2252,-287.95,-370.583,4345.46,-49.6292,-8.40757,3525.06,4347.62,50.6335,23.1403,3525.06,4347.62,50.6335,23.1403,-7.82407,1.10011e+17,7,A,106.4551,17.85580352,,,,,0.1078584596151473,0.0786585022944765,L,99999900.0,LLLYFLLAVLLTLLFSLLILI,27204.337678576005,1097.9997600755898,9.010054605422033,0.052056743181136414,LLLYFLLAVLLTLLFSLLILI,Mutant
LLLYFLLAVLLTLLFSLLILI,LLLYALLAVLLTLLFSLLILI,Left,void,,,,,,,,,,,3565.77,4194.03,60.0798,47.3101,3525.06,4347.62,161.194,113.594,-7.82407,1.1e+17,4,F,91.1651,34.16503461,3518.4599,3411.466,106.9939,2.0,0.1783867467447243,0.0828020641943282,L,99999900.0,LLLYFLLAVLLTLLFSLLILI,27610.916409727142,1094.592266856179,14.90169927132759,-0.018471543948440583,LLLYFLLAVLLTLLFSLLILI,Mutant
LLLYFLLAVLLTLLFSLLILI,LLLYFLLAVLLTLLASLLILI,Left,void,,,,,,,,,,,3623.74,4291.43,58.4606,48.8216,3525.06,4347.62,131.508,75.4259,-7.82407,1.1e+17,14,F,81.0652,37.58780723,3574.9184,3449.6341,125.2843,2.0,0.1901784234978333,0.0813376387096981,L,99999900.0,LLLYFLLAVLLTLLFSLLILI,27658.398214260964,786.6771225865747,15.88672772263395,-0.030263220701549576,LLLYFLLAVLLTLLFSLLILI,Mutant
LLLLSYLVALLLTLFLLLILI,LLLLSYLVALLLTLFILLILI,Left,clash,17.2564,-274.19,1810490.0,1810180.0,-58.8562,-275.155,-360.43,4213.51,-49.5836,-26.4186,3458.4,4247.32,57.5892,10.271,3450.07,4301.69,113.929,13.4892,-7.82025,1.1011e+16,15,L,119.4494,7.917798588,,,,,0.2615213680975952,0.0778211163012111,L,99999900.0,LLLLSYLVALLLTLFLLLILI,28079.90309701277,943.1790732322564,21.846425541878347,0.11327299396947621,LLLLSYLVALLLTLFLLLILI,Mutant
LLLLSYLVALLLTLFLLLILI,LLLLSALVALLLTLFLLLILI,Left,void,,,,,,,,,,,3382.0,4134.56,53.0184,95.2584,3450.07,4301.69,167.099,275.376,-7.82025,1.1e+16,5,Y,35.0364,73.10990155,3286.7416,3174.694,112.0476,3.0,0.3092628955650793,0.0270689589948369,L,99999900.0,LLLLSYLVALLLTLFLLLILI,28355.706762987706,1214.616011722405,25.834557497064164,0.0655314665019921,LLLLSYLVALLLTLFLLLILI,Mutant
LLLLSYLVALLLTLFLLLILI,LLLLIYLVALLLTLFLLLILI,Left,clash,20.3535,-274.622,1810600.0,1810290.0,-58.8562,-277.903,-367.197,4286.87,-49.5836,-30.4374,3457.42,4281.9,56.5676,13.0302,3450.07,4301.69,70.0362,14.1982,-7.82025,1.1011e+16,4,S,125.445,9.409771569,,,,,0.3106058850075876,0.0573106628099913,L,99999900.0,LLLLSYLVALLLTLFLLLILI,28346.322164607194,940.3878824184558,25.94674534264142,0.06418847705948377,LLLLSYLVALLLTLFLLLILI,Mutant
LLLLSYLVALLLTLFLLLILI,LLLLSYLVALLLTLALLLILI,Left,void,,,,,,,,,,,3370.87,4174.06,52.1266,85.8263,3450.07,4301.69,146.968,251.251,-7.82025,1.1e+16,14,F,44.0605,66.07776926,3285.0437,3198.819,86.2247,3.0,0.49128526444303,0.0770288311147461,L,99999900.0,LLLLSYLVALLLTLFLLLILI,29412.792980188984,1102.7115699389792,41.03996177272737,-0.1164909023759586,LLLLSYLVALLLTLFLLLILI,Mutant
LLLLYLLIALLTVLFSLLILI,LLLLYLLIILLTVLFSLLILI,Left,clash,15.0999,-278.132,1327630000.0,1327630000.0,-74.3122,-285.662,-386.432,4215.69,-53.3852,-26.4577,3549.12,4264.85,56.5465,26.0149,3549.12,4264.85,56.5465,26.0149,-7.80507,1.1011e+16,8,A,105.3147,19.80886259,,,,,0.077573432553276,0.1427578723875552,L,99999900.0,LLLLYLLIALLTVLFSLLILI,27056.15795967348,1536.1325213415205,6.480167301933943,0.1520313346864049,LLLLYLLIALLTVLFSLLILI,Mutant
LLLLYLLIALLTVLFSLLILI,LLLLYLLIALLTVLFILLILI,Left,clash,15.0398,-276.102,1438880000.0,1438870000.0,-58.9928,-277.199,-364.352,4248.43,-51.2445,-28.1596,3556.79,4268.14,55.2343,28.5283,3549.12,4264.85,60.7296,27.923,-7.80507,1.1011e+16,15,S,101.1921,21.99214619,,,,,0.1741379584212834,0.1273391485046011,L,99999900.0,LLLLYLLIALLTVLFSLLILI,27566.249211028964,729.1894222017679,14.546772871139083,0.055466808818397495,LLLLYLLIALLTVLFSLLILI,Mutant
LLLLYLLIALLTVLFSLLILI,LLLLYLLAALLTVLFSLLILI,Left,void,,,,,,,,,,,3534.15,4242.36,50.6352,99.4586,3549.12,4264.85,95.3119,184.817,-7.80507,1.1e+16,7,I,30.1368,76.7454709,3434.6914,3364.303,70.3884,2.0,0.1871462211846718,0.116389870328315,L,99999900.0,LLLLYLLIALLTVLFSLLILI,27633.675154912948,633.8355477342667,15.633429942248858,0.042458546055009094,LLLLYLLIALLTVLFSLLILI,Mutant
LLLLYLLIALLTVLFSLLILI,LLLLALLIALLTVLFSLLILI,Left,void,,,,,,,,,,,3547.05,4110.01,52.7535,16.9409,3549.12,4264.85,166.639,181.956,-7.80507,1.1e+16,4,Y,121.5343,12.23388737,3530.1091,3367.164,162.9451,2.0,0.2335046516835281,0.0375018386064093,L,99999900.0,LLLLYLLIALLTVLFSLLILI,27906.16697029076,951.6502643719562,19.50602363315392,-0.0038998844438472013,LLLLYLLIALLTVLFSLLILI,Mutant
LLLFALLTVLLSLLYLLLILI,LLLFILLTVLLSLLYLLLILI,Left,clash,19.0563,-277.166,22834300000.0,22834300000.0,-74.3168,-279.912,-383.128,4314.35,-53.1649,-28.8989,3461.91,4233.92,56.4388,16.5353,3461.91,4233.92,56.4388,16.5353,-7.76537,1.10011e+17,4,A,121.9399,11.94098293,,,,,0.0241993904531131,0.2544952308123535,L,99999900.0,LLLFALLTVLLSLLYLLLILI,26681.11818860877,584.7976940173602,2.021518109738121,0.1687124345571348,LLLFALLTVLLSLLYLLLILI,Mutant
LLLFALLTVLLSLLYLLLILI,LLLFALLTVLLILLYLLLILI,Left,clash,15.8182,-275.8,119064000000.0,119064000000.0,-58.9604,-277.887,-370.092,4285.09,-50.6569,-33.2446,3462.44,4234.98,43.0298,10.3866,3461.91,4233.92,49.2168,10.3529,-7.76537,1.10011e+17,11,S,119.8812,7.973267377,,,,,0.1225092686026768,0.1422071779384936,L,99999900.0,LLLFALLTVLLSLLYLLLILI,27270.184692445004,742.8682127631407,10.233923270543512,0.07040255640757109,LLLFALLTVLLSLLYLLLILI,Mutant
LLLFALLTVLLSLLYLLLILI,LLLAALLTVLLSLLYLLLILI,Left,void,,,,,,,,,,,3360.72,4097.34,59.0379,114.386,3461.91,4233.92,162.124,296.444,-7.76537,1.1e+17,3,F,55.3448,67.39260052,3246.334,3165.466,80.868,3.0,0.1719953228006014,0.0567470657661158,L,99999900.0,LLLFALLTVLLSLLYLLLILI,27550.87036587237,822.9168655749146,14.36778585416563,0.020916502209646498,LLLFALLTVLLSLLYLLLILI,Mutant
LLLFALLTVLLSLLYLLLILI,LLLFALLTVLLSLLALLLILI,Left,void,,,,,,,,,,,3469.35,4090.99,55.4136,26.349,3461.91,4233.92,164.672,180.624,-7.76537,1.1e+17,14,Y,103.5378,20.28612607,3443.001,3281.286,161.715,3.0,0.2718139849400867,0.091201373939838,L,99999900.0,LLLFALLTVLLSLLYLLLILI,28138.611244197666,917.0858962450108,22.706228658986017,-0.07890215992983879,LLLFALLTVLLSLLYLLLILI,Mutant
LLLVALLLFLLSLLYTLLILI,LLLVALLLFLLILLYTLLILI,Left,clash,17.8887,-275.883,8185190.0,8184880.0,-58.9244,-282.85,-376.714,4216.04,-50.8874,-34.9396,3451.96,4222.93,47.5846,7.9897,3451.33,4227.44,56.5996,7.95706,-7.71278,1.10011e+17,11,S,122.2781,6.133288503,,,,,0.1637426575658489,0.1711511703843651,L,99999900.0,LLLVALLLFLLSLLYTLLILI,27507.79348102477,761.1737382651143,13.678391951538948,0.1094138079157195,LLLVALLLFLLSLLYTLLILI,Mutant
LLLVALLLFLLSLLYTLLILI,LLLVILLLFLLSLLYTLLILI,Left,clash,22.3956,-276.905,13493700000000.0,13493700000000.0,-74.19,-286.212,-389.137,4234.76,-52.5085,-28.7353,3451.33,4227.44,54.3274,29.1901,3451.33,4227.44,54.3274,29.1901,-7.71278,1.10011e+17,4,A,109.2851,21.07965903,,,,,0.1909033449059363,0.1447635633800205,L,99999900.0,LLLVALLLFLLSLLYTLLILI,27629.66481074112,547.1919571105082,15.947284692341782,0.08225312057563211,LLLVALLLFLLSLLYTLLILI,Mutant
LLLVALLLFLLSLLYTLLILI,LLLVALLLFLLSLLATLLILI,Left,void,,,,,,,,,,,3467.21,4083.25,59.761,37.9059,3451.33,4227.44,168.709,168.987,-7.71278,1.1e+17,14,Y,91.9809,29.18379697,3429.3041,3282.343,146.9611,3.0,0.2504406051898658,0.1041643770183628,L,99999900.0,LLLVALLLFLLSLLYTLLILI,28008.19512069038,792.3515681018566,20.92078392577691,0.02271586029170264,LLLVALLLFLLSLLYTLLILI,Mutant
LLLVALLLFLLSLLYTLLILI,LLLVALLLALLSLLYTLLILI,Left,void,,,,,,,,,,,3420.84,4145.22,47.1939,50.9626,3451.33,4227.44,133.206,201.078,-7.71278,1.1e+17,8,F,80.367,38.80511324,3369.8774,3250.252,119.6254,3.0,0.4253484539127321,0.1291092666747199,L,99999900.0,LLLVALLLFLLSLLYTLLILI,28991.018728429248,660.1780642705028,35.53187028407498,-0.15219198843116372,LLLVALLLFLLSLLYTLLILI,Mutant
LLLLAYLTVLLSILFLLLILI,LLLLIYLTVLLSILFLLLILI,Left,clash,20.0713,-277.877,126570.0,126262.0,-74.3603,-279.892,-380.325,4247.53,-49.9355,-26.0729,3462.44,4270.19,62.7676,38.5051,3462.44,4270.19,62.7676,38.5051,-7.57527,1.1011e+16,4,A,99.9701,27.80649531,,,,,0.1158156565528478,0.1130765098724179,L,99999900.0,LLLLAYLTVLLSILFLLLILI,27204.675529185533,600.4213886523232,9.674766294895395,0.2671661801591223,LLLLAYLTVLLSILFLLLILI,Mutant
LLLLAYLTVLLSILFLLLILI,LLLLAYLTVLLSILALLLILI,Left,void,,,,,,,,,,,3515.96,4123.57,58.9875,31.3404,3462.44,4270.19,157.547,87.7536,-7.57527,1.1e+16,14,F,98.5464,24.1290108,3484.6196,3374.6864,109.9332,2.0,0.2320491413066371,0.0199631750933004,L,99999900.0,LLLLAYLTVLLSILFLLLILI,27912.6990745898,1190.400724810259,19.38443624889736,0.15093269540533302,LLLLAYLTVLLSILFLLLILI,Mutant
LLLLAYLTVLLSILFLLLILI,LLLLAYLTVLLIILFLLLILI,Left,clash,16.4507,-276.559,3350790.0,3350480.0,-59.0037,-277.871,-366.467,4222.4,-49.8263,-29.5922,3463.95,4270.6,49.4439,17.4874,3462.44,4270.19,55.6926,17.6023,-7.57527,1.1011e+16,11,S,112.7804,13.42419232,,,,,0.2556149236636169,0.1343271980737893,L,99999900.0,LLLLAYLTVLLSILFLLLILI,28025.52196768142,584.6294913221909,21.353025329563778,0.12736691304835324,LLLLAYLTVLLSILFLLLILI,Mutant
LLLLAYLTVLLSILFLLLILI,LLLLAYLTVLLSILFALLILI,Left,void,,,,,,,,,,,3449.42,4194.73,57.2478,84.8716,3462.44,4270.19,119.67,164.282,-7.57527,1.1e+16,15,L,44.8488,65.42656359,3364.5484,3298.158,66.3904,2.0,0.364718553181981,0.0922264728079709,L,99999900.0,LLLLAYLTVLLSILFLLLILI,28650.54660794656,774.3195562678405,30.46709633630512,0.018263283529989127,LLLLAYLTVLLSILFLLLILI,Mutant
LLLLVSLLILLTALLFLLILI,LLLLVSLLILLTILLFLLILI,Left,clash,17.7554,-274.076,1662800.0,1662490.0,-58.9351,-277.917,-384.863,4190.32,-52.2145,-48.011,3283.19,4094.13,38.621,3.24539,3283.19,4094.13,38.621,3.24539,-7.46926,1.10011e+16,12,A,126.57661,2.499876754,,,,,0.2299601706692178,0.2134599282130087,L,99999900.0,LLLLVSLLILLTALLFLLILI,27853.70889820145,181.78202331748224,19.20993218515096,0.1791410905344611,LLLLVSLLILLTALLFLLILI,Mutant
LLLLVSLLILLTALLFLLILI,LLLLVILLILLTALLFLLILI,Left,clash,19.4557,-271.449,4452750000.0,4452750000.0,-58.9351,-275.888,-380.101,4217.55,-49.8324,-45.2785,3286.54,4090.78,41.5697,16.5813,3283.19,4094.13,50.8032,16.4093,-7.46926,1.10011e+16,5,S,113.7135,12.72598753,,,,,0.3006425045731112,0.0524910627227305,L,99999900.0,LLLLVSLLILLTALLFLLILI,28300.5671896635,933.2892693021412,25.11444528857484,0.1084587566305677,LLLLVSLLILLTALLFLLILI,Mutant
LLLLVSLLILLTALLFLLILI,LLLLVSLLILLTALLALLILI,Left,void,,,,,,,,,,,3307.87,4033.26,61.388,24.0667,3283.19,4094.13,140.738,112.516,-7.46926,1.1e+16,15,F,105.6537,18.55274884,3283.8033,3170.674,113.1293,3.0,0.3054510912300301,0.086028091135159,L,99999900.0,LLLLVSLLILLTALLFLLILI,28321.569933939223,785.2876488997896,25.51613495212403,0.10365016997364879,LLLLVSLLILLTALLFLLILI,Mutant
LLLLVSLLILLTALLFLLILI,LLLLVSLLIALTALLFLLILI,Left,void,,,,,,,,,,,3273.83,4033.39,46.9598,56.777,3283.19,4094.13,105.584,139.383,-7.46926,1.1e+16,9,L,72.8898,43.78684444,3217.053,3143.807,73.246,3.0,0.5433644008277156,0.015931639109991,L,99999900.0,LLLLVSLLILLTALLFLLILI,29715.19103043208,1302.547907132814,45.39043983725315,-0.13426313962403674,LLLLVSLLILLTALLFLLILI,Mutant
LLLLYVLLATLLFLLSLLILI,LLLLYVLLITLLFLLSLLILI,Left,clash,20.6758,-278.149,8258630.0,8258310.0,-74.2844,-285.143,-384.518,4260.5,-57.4732,-25.0909,3408.04,4222.44,58.1133,19.6553,3408.04,4222.44,58.1133,19.6553,-7.421,1.10011e+16,8,A,111.6743,14.96638991,,,,,0.2489736133681535,0.1609143018201709,L,99999900.0,LLLLYVLLATLLFLLSLLILI,27958.731100133624,807.3073787930224,20.79823742857588,0.1629092659058427,LLLLYVLLATLLFLLSLLILI,Mutant
LLLLYVLLATLLFLLSLLILI,LLLLAVLLATLLFLLSLLILI,Left,void,,,,,,,,,,,3394.17,4066.0,58.4347,41.0585,3408.04,4222.44,171.354,195.364,-7.421,1.1e+16,4,Y,97.4167,29.6504356,3353.1115,3212.676,140.4355,2.0,0.324034435828286,0.0370255999759313,L,99999900.0,LLLLYVLLATLLFLLSLLILI,28431.76059399369,1095.2518120807897,27.068511559198683,0.08784844344571019,LLLLYVLLATLLFLLSLLILI,Mutant
LLLLYVLLATLLFLLSLLILI,LLLLYVLLATLLFLLILLILI,Left,clash,20.4918,-276.122,118451000.0,118451000.0,-58.8964,-277.088,-365.616,4268.62,-54.2168,-29.6313,3409.02,4215.72,56.4102,27.6174,3408.04,4222.44,66.0836,27.3086,-7.421,1.10011e+16,15,S,102.103,21.2899436,,,,,0.3496062115436819,0.0695214305042466,L,99999900.0,LLLLYVLLATLLFLLSLLILI,28574.96967469932,834.4021072135063,29.20467312107736,0.06227666773031432,LLLLYVLLATLLFLLSLLILI,Mutant
LLLLYVLLATLLFLLSLLILI,LLLLYVLLATLLALLSLLILI,Left,void,,,,,,,,,,,3372.33,4138.49,48.6696,53.2041,3408.04,4222.44,134.836,205.39,-7.421,1.1e+16,12,F,76.6179,40.98234506,3319.1259,3202.65,116.4759,2.0,0.3885378535909569,0.0447495723438693,L,99999900.0,LLLLYVLLATLLALLSFLILI,28824.12219080072,1215.561374525649,32.456863278217625,0.02334502568303931,LLLLYVLLATLLFLLSLLILI,Mutant
LLLLTYLLAVLFILLLSLILI,LLLLIYLLAVLFILLLSLILI,Left,clash,22.9947,-274.246,661.683,365.296,-60.4638,-286.313,-377.97,4224.83,-45.1357,-31.193,3366.45,4191.77,59.4296,15.6189,3338.13,4226.97,89.6446,15.0958,-7.22391,1.10011e+16,4,T,122.8563,11.27920379,,,,,0.1212538229333541,0.1592627511783715,L,99999900.0,LLLLTYLLAVLFILLLSLILI,27231.16465923124,328.21264811178,10.12904847374871,0.08748409254160319,LLLLTYLLAVLFILLLSLILI,Mutant
LLLLTYLLAVLFILLLSLILI,LLLLTYLLIVLFILLLSLILI,Left,clash,21.3731,-280.945,653.218,348.51,-60.4638,-289.509,-383.911,4211.1,-45.1357,-33.9375,3338.13,4226.97,40.7872,9.88345,3338.13,4226.97,40.7872,9.88345,-7.22391,1.10011e+16,8,A,121.44615,7.525683471,,,,,0.2064509659347697,0.314061502257729,L,99999900.0,LLLLTYLLAVLFILLLSLILI,27734.94305830432,875.7860051869133,17.246069367684232,0.0022869495401875994,LLLLTYLLAVLFILLLSLILI,Mutant
LLLLTYLLAVLFILLLSLILI,LLLLTYLLAVLAILLLSLILI,Left,void,,,,,,,,,,,3378.53,4144.03,47.6515,16.4619,3338.13,4226.97,133.609,90.2415,-7.22391,1.1e+16,11,F,113.8059,12.63696785,3362.0681,3247.8885,114.1796,2.0,0.2834041362624691,0.0068873719138491,L,99999900.0,LLLLTYLLAVLFILLLSLILI,28207.84890715529,1136.83993237883,23.67442249999192,-0.07466622078751178,LLLLTYLLAVLFILLLSLILI,Mutant
LLLLTYLLAVLFILLLSLILI,LLLLTALLAVLFILLLSLILI,Left,void,,,,,,,,,,,3269.08,4051.85,55.0518,98.7289,3338.13,4226.97,170.338,277.705,-7.22391,1.1e+16,5,Y,31.5659,75.77347676,3170.3511,3060.425,109.9261,2.0,0.290457120245931,0.0801254091501743,L,99999900.0,LLLLTYLLAVLFILLLSLILI,28229.75620881375,758.7885419167152,24.26359993724538,-0.08171920477097372,LLLLTYLLAVLFILLLSLILI,Mutant
LLLLTYLLAILFVLLLSLILI,LLLLIYLLAILFVLLLSLILI,Left,clash,21.4932,-273.977,3812.39,3514.8,-60.4159,-286.431,-378.315,4237.81,-45.1,-31.4683,3332.33,4163.32,58.4688,6.48924,3315.42,4199.85,89.8686,7.95099,-6.88991,1.10011e+16,4,T,131.98596,4.686210961,,,,,0.1753764874303287,0.0728354672572327,L,99999900.0,LLLLTYLLAILFVLLLSLILI,27591.43634378159,1073.6806114691583,14.650234519318692,0.07506780917206579,LLLLTYLLAILFVLLLSLILI,Mutant
LLLLTYLLAILFVLLLSLILI,LLLLTYLLIILFVLLLSLILI,Left,clash,20.0558,-280.157,4275.56,3970.36,-60.4159,-289.656,-383.944,4217.2,-45.1,-33.8713,3315.42,4199.85,48.7637,22.8182,3315.42,4199.85,48.7637,22.8182,-6.88991,1.10011e+16,8,A,108.5114,17.37475786,,,,,0.2651718159153136,0.4024686779523527,L,99999900.0,LLLLTYLLAILFVLLLSLILI,27997.603207701883,782.5216430089449,22.15136902326353,-0.014727519312919102,LLLLTYLLAILFVLLLSLILI,Mutant
LLLLTYLLAILFVLLLSLILI,LLLLTYLLAILAVLLLSLILI,Left,void,,,,,,,,,,,3339.61,4134.8,47.8374,27.4452,3315.42,4199.85,129.376,82.9459,-6.88991,1.1e+16,11,F,102.8226,21.06829163,3312.1648,3232.4741,79.6907,3.0,0.320857318265781,0.0538961593333454,L,99999900.0,LLLLTYLLAILFVLLLSLILI,28427.58594052632,1077.476741311947,26.803108151546123,-0.07041302166338653,LLLLTYLLAILFVLLLSLILI,Mutant
LLLLTYLLAILFVLLLSLILI,LLLLTALLAILFVLLLSLILI,Left,void,,,,,,,,,,,3269.96,4029.92,50.1035,81.24,3315.42,4199.85,165.56,247.832,-6.88991,1.1e+16,5,Y,49.0548,62.350915,3188.72,3067.588,121.132,3.0,0.3703501696102481,0.0928434500259184,L,99999900.0,LLLLTYLLAILFVLLLSLILI,28693.322586827453,761.3873451309115,30.937538540991977,-0.1199058730078536,LLLLTYLLAILFVLLLSLILI,Mutant
LLLYSLLLLLTFLLAVLLILI,LLLYSLLLLLTFLLIVLLILI,Left,clash,16.2921,-278.434,956412000.0,956412000.0,-58.8168,-279.238,-368.934,4363.73,-51.2492,-30.8797,3505.01,4304.61,50.5053,23.149,3505.01,4304.61,50.5053,23.149,-6.11415,1.10011e+17,14,A,106.7378,17.82244231,,,,,0.2293478088072484,0.0973181715214665,L,99999900.0,LLLYSLLLLLTFLLAVLLILI,27908.35236171828,1142.844777085956,19.158777979590173,-0.0254384525532165,LLLYSLLLLLTFLLAVLLILI,Mutant
LLLYSLLLLLTFLLAVLLILI,LLLYSLLLLLTALLAVLLILI,Left,void,,,,,,,,,,,3552.37,4163.71,57.4884,25.3678,3505.01,4304.61,154.527,98.8988,-6.11415,1.1e+17,11,F,104.9,19.47357674,3527.0022,3406.1112,120.891,3.0,0.2384423623015647,0.0696412551167323,L,99999900.0,LLLYSLLLLLTFLLAVLLILI,27951.642323812543,1027.5467545071276,19.91849978433412,-0.034533006047532816,LLLYSLLLLLTFLLAVLLILI,Mutant
LLLYSLLLLLTFLLAVLLILI,LLLYSLLLALTFLLAVLLILI,Left,void,,,,,,,,,,,3524.91,4281.5,45.6266,45.0503,3505.01,4304.61,93.2759,117.481,-6.11415,1.1e+17,8,L,86.2793,34.303234,3479.8597,3387.529,92.3307,3.0,0.278750498647869,0.1255211737791496,L,99999900.0,LLLYSLLLLLTFLLAVLLILI,28149.2558452656,545.0469948102822,23.285676645739944,-0.0748411423938371,LLLYSLLLLLTFLLAVLLILI,Mutant
LLLYSLLLLLTFLLAVLLILI,LLLYSLLILLTFLLAVLLILI,Left,clash,16.4314,-274.369,955918000.0,955918000.0,-58.868,-275.467,-356.336,4370.81,-51.5025,-22.002,3562.52,4241.29,59.6638,22.3907,3505.01,4304.61,119.554,44.2213,-6.11415,1.10011e+17,7,L,107.2047,17.27738793,,,,,0.2972190060912458,0.1363921330977215,L,99999900.0,LLLYSLLLLLTFLLAVLLILI,28261.43796771435,543.2515653714257,24.82846022654773,-0.0933096498372139,LLLYSLLLLLTFLLAVLLILI,Mutant
LLLLYSLLTILVALLFLLILI,LLLLYSLLTILVILLFLLILI,Left,clash,17.2503,-274.41,10439.2,10132.6,-58.9416,-280.51,-366.579,4239.35,-49.4562,-27.1279,3451.59,4251.78,44.5603,5.63175,3451.59,4251.78,44.5603,5.63175,-5.99865,1.10011e+16,12,A,124.19025,4.338055183,,,,,0.1418199426312734,0.1316466696536678,L,99999900.0,LLLLYSLLTILVALLFLLILI,27419.704264970514,1389.1418096914108,11.84705800365558,0.22443471339937782,LLLLYSLLTILVALLFLLILI,Mutant
LLLLYSLLTILVALLFLLILI,LLLLYSLLTILVALLILLILI,Left,clash,17.2576,-269.38,338562000.0,338561000.0,-58.9416,-274.137,-375.198,4163.96,-49.4562,-42.1189,3466.39,4096.44,57.5454,15.4425,3451.59,4251.78,158.657,34.5174,-5.99865,1.10011e+16,15,F,114.2779,11.90444988,,,,,0.3124815764198683,0.0434930709347409,L,99999900.0,LLLLYSLLTILVALLFLLILI,28367.39557877178,1177.0745269331069,26.10343293217192,0.053773079610782926,LLLLYSLLTILVALLFLLILI,Mutant
LLLLYSLLTILVALLFLLILI,LLLLYSLLTILVALLFALILI,Left,void,,,,,,,,,,,3469.62,4205.24,56.4541,90.7115,3451.59,4251.78,110.161,154.555,-5.99865,1.1e+16,16,L,38.7513,70.06761788,3378.9085,3297.035,81.8735,2.0,0.4936456439058101,0.0142090113062624,L,99999900.0,LLLLYSLLTILVALLFLLILI,29421.70876276055,1157.354403217393,41.23713821975849,-0.1273909878751589,LLLLYSLLTILVALLFLLILI,Mutant
LLLLYSLLTILVALLFLLILI,LLLLYSLLTALVALLFLLILI,Left,void,,,,,,,,,,,3466.0,4237.05,48.494,61.9674,3451.59,4251.78,88.2873,121.675,-5.99865,1.1e+16,9,I,67.6994,47.7897195,3404.0326,3329.915,74.1176,2.0,0.6189728092866309,0.0452464836508556,L,99999900.0,LLLLYSLLTILVALLFLLILI,30143.160800361944,1095.712860304247,51.706457062741215,-0.2527181532559797,LLLLYSLLTILVALLFLLILI,Mutant
LLLLYVLIALLTLLFSLLILI,LLLLYVLIALLTLLFILLILI,Left,clash,16.8816,-275.857,25392300.0,25392000.0,-59.0051,-277.208,-364.857,4222.78,-51.6005,-28.6445,3544.61,4253.85,54.2343,25.2614,3543.69,4249.12,58.6761,25.0525,-5.87878,1.1011e+16,15,S,104.459,19.47372965,,,,,0.1035348272535303,0.0726090455394368,L,99999900.0,LLLLYVLIALLTLLFSLLILI,27159.25415591289,792.9793565359536,8.648876040375407,0.17526640227912332,LLLLYVLIALLTLLFSLLILI,Mutant
LLLLYVLIALLTLLFSLLILI,LLLLYVLIILLTLLFSLLILI,Left,clash,16.9748,-277.887,1346330.0,1346010.0,-74.2879,-285.993,-387.523,4194.2,-54.0477,-27.2414,3543.69,4249.12,47.6396,14.5597,3543.69,4249.12,47.6396,14.5597,-5.87878,1.1011e+16,8,A,116.7699,11.08638114,,,,,0.1676108716393189,0.105742668325158,L,99999900.0,LLLLYVLIALLTLLFSLLILI,27510.86550981463,591.36419577159,14.001526735326763,0.11119035789333473,LLLLYVLIALLTLLFSLLILI,Mutant
LLLLYVLIALLTLLFSLLILI,LLLLYVLAALLTLLFSLLILI,Left,void,,,,,,,,,,,3537.13,4229.12,48.196,95.231,3543.69,4249.12,93.0398,175.9,-5.87878,1.1e+16,7,I,34.3644,73.48331808,3441.899,3367.79,74.109,2.0,0.3117445046591007,0.0926819298111492,L,99999900.0,LLLLYVLIALLTLLFSLLILI,28345.475345875915,722.9990921692727,26.041860971694025,-0.03294327512644707,LLLLYVLIALLTLLFSLLILI,Mutant
LLLLYVLIALLTLLFSLLILI,LLLLAVLIALLTLLFSLLILI,Left,void,,,,,,,,,,,3522.65,4093.21,57.0157,45.3331,3543.69,4249.12,171.15,202.528,-5.87878,1.1e+16,4,Y,93.1421,32.73734214,3477.3169,3341.162,136.1549,2.0,0.3544785635680657,0.0423114658591908,L,99999900.0,LLLLYVLIALLTLLFSLLILI,28627.463902785345,1218.394063945541,29.61168948264212,-0.07567733403541205,LLLLYVLIALLTLLFSLLILI,Mutant
LLLYTLLAVLLLLLASLLILI,LLLYTLLAVLLILLASLLILI,Left,clash,22.8783,-274.85,719.741,422.744,-60.3379,-277.896,-379.577,4226.94,-45.0267,-41.3427,3436.08,4075.6,55.1626,25.2068,3415.2,4159.21,121.934,27.2371,-5.78252,1.10011e+17,11,L,105.061,19.34998518,,,,,0.1446965666904017,0.1111599811394436,L,99999900.0,LLLYTLLAVLLLLLASLLILI,27391.668360855725,668.7895455679106,12.08735941297014,0.0053700685760310896,LLLYTLLAVLLLLLASLLILI,Mutant
LLLYTLLAVLLLLLASLLILI,LLLATLLAVLLLLLASLLILI,Left,void,,,,,,,,,,,3226.82,3968.51,63.9526,95.1667,3415.2,4159.21,185.111,335.662,-5.78252,1.1e+17,3,Y,74.5641,56.06919899,3131.6533,3079.538,52.1153,2.0,0.2455692742093671,0.129117132035134,L,99999900.0,LLLYTLLAVLLLLLASLLILI,27977.84338777367,736.2385524960938,20.51385285804253,-0.09550263894293431,LLLYTLLAVLLLLLASLLILI,Mutant
LLLYTLLAVLLLLLASLLILI,LLLYTLLAVLLLLLISLLILI,Left,clash,22.8784,-278.91,5907880000.0,5907880000.0,-60.3379,-280.401,-387.605,4292.02,-45.0267,-46.8662,3415.2,4159.21,57.4064,26.6493,3415.2,4159.21,57.4064,26.6493,-5.78252,1.10011e+17,14,A,103.2375,20.5173274,,,,,0.247081472870025,0.3189512791853631,L,99999900.0,LLLYTLLAVLLLLLASLLILI,28072.648738223164,2565.6294981781216,20.6401757496858,-0.0970148376035922,LLLYTLLAVLLLLLASLLILI,Mutant
LLLYTLLAVLLLLLASLLILI,LLLYTLLAVLALLLASLLILI,Left,void,,,,,,,,,,,3360.55,4097.14,55.6179,87.8098,3415.2,4159.21,117.07,210.877,-5.78252,1.1e+17,10,L,40.7616,68.29652629,3272.7402,3204.323,68.4172,2.0,0.2533814220946494,0.0451250977620476,L,99999900.0,LLLYTLLAVLLLLLASLLILI,28032.34632220919,993.987956159441,21.16644774288678,-0.10331478682821663,LLLYTLLAVLLLLLASLLILI,Mutant
LLLLYFLLAVLTILLSLLILI,LLLLYFLLAVLTILLILLILI,Left,clash,15.1054,-275.248,348120000.0,348120000.0,-58.9294,-277.116,-363.347,4253.65,-49.7279,-27.3015,3504.12,4193.47,57.0492,41.1254,3501.96,4194.05,63.5877,40.5095,-5.15653,1.10011e+16,15,S,88.595,31.70310915,,,,,0.0928396208678367,0.1768484154981017,L,99999900.0,LLLLYFLLAVLTILLSLLILI,27142.70798759684,1440.4139987970118,7.755442239306872,0.02397399725915189,LLLLYFLLAVLTILLSLLILI,Mutant
LLLLYFLLAVLTILLSLLILI,LLLLAFLLAVLTILLSLLILI,Left,void,,,,,,,,,,,3978.68,4623.1,54.4693,62.1247,3958.7,4791.64,169.765,179.063,-13.6142,1.1e+16,4,Y,76.3505,44.86341237,3916.5553,3779.637,136.9183,2.0,0.1606851482583576,0.0818680899961614,L,99999900.0,LLLLYFLLAVLTILLSLLILI,27497.20416998552,902.5006771655574,13.422980128346056,-0.04387153013136902,LLLLYFLLAVLTILLSLLILI,Mutant
LLLLYFLLAVLTILLSLLILI,LLLLYFLLAVLIILLSLLILI,Left,clash,22.5871,-273.973,836.133,539.652,-60.4723,-279.326,-367.04,4625.16,-45.0954,-27.2418,3981.24,4763.89,54.0012,33.5118,3958.7,4791.64,83.9772,47.0901,-13.6142,1.10011e+16,11,T,96.756,25.72531355,,,,,0.1905896648473145,0.2737918802621898,L,99999900.0,LLLLYFLLAVLTILLSLLILI,27663.03492199545,996.4199159568864,15.92108114310791,-0.0737760467203259,LLLLYFLLAVLTILLSLLILI,Mutant
LLLLYFLLAVLTILLSLLILI,LLLLYALLAVLTILLSLLILI,Left,void,,,,,,,,,,,3995.63,4652.19,53.5937,89.1759,3958.7,4791.64,151.508,182.037,-13.6142,1.1e+16,5,F,41.1189,68.44164157,3906.4541,3776.663,129.7911,2.0,0.1928626280840684,0.0496132526759228,L,99999900.0,LLLLYFLLAVLTILLSLLILI,27673.10378863555,864.0212151487855,16.110955196124642,-0.0760490099570798,LLLLYFLLAVLTILLSLLILI,Mutant
LLLLYFLLTILVALLLSLILI,LLLLYFLLTILVILLLSLILI,Left,clash,20.7339,-274.475,391111000.0,391110000.0,-74.1514,-289.287,-388.576,4244.07,-49.885,-25.1372,3463.3,4219.41,43.5961,14.765,3463.3,4219.41,43.5961,14.765,-5.06039,1.10011e+16,12,A,115.057,11.37326493,,,,,0.098799125135008,0.0673798239366161,L,99999900.0,LLLLYFLLTILVALLLSLILI,27157.25720983245,1304.2238981632245,8.253274853086554,0.2380701207336282,LLLLYFLLTILVALLLSLILI,Mutant
LLLLYFLLTILVALLLSLILI,LLLLYFLLIILVALLLSLILI,Left,clash,20.7638,-271.257,391111000.0,391110000.0,-60.4206,-286.438,-377.856,4238.0,-45.1022,-30.9973,3475.27,4192.02,50.9078,22.7654,3463.3,4219.41,80.5979,31.6233,-5.06039,1.10011e+16,8,T,108.5642,17.33455367,,,,,0.108686931541117,0.1047393098909022,L,99999900.0,LLLLYFLLTILVALLLSLILI,27191.580380773783,777.6680873915179,9.079261761899897,0.2281823143275192,LLLLYFLLTILVALLLSLILI,Mutant
LLLLYFLLTILVALLLSLILI,LLLLAFLLTILVALLLSLILI,Left,void,,,,,,,,,,,3318.23,4062.22,54.0484,70.9557,3463.3,4219.41,167.81,294.547,-5.06039,1.1e+16,4,Y,67.5195,51.24072758,3247.2743,3168.753,78.5213,3.0,0.4339687441302208,0.0813214130976278,L,99999900.0,LLLLYFLLTILVALLLSLILI,29053.58182287988,968.0560831670704,36.25197407427643,-0.0970994982615846,LLLLYFLLTILVALLLSLILI,Mutant
LLLSYLLFTLLAILLTLLILI,LLLSYLLFILLAILLTLLILI,Right,clash,19.7945,-274.436,65747300.0,65747000.0,-58.9678,-282.21,-370.394,4216.52,-49.8962,-29.2166,3352.37,4241.83,47.6099,20.5109,3332.87,4260.66,73.9889,32.3353,-22.0793,1.10011e+17,8,T,110.8187,15.61788051,,,,,0.1760759479777593,0.0851349599127249,R,99999900.0,LLLSYLLFTLLAILLTLLILI,23882.643541256963,1249.419753825256,15.06742448468138,0.1267149237493634,LLLSYLLFTLLAILLTLLILI,Mutant
LLLSYLLFTLLAILLTLLILI,LLLSYLLFTLLIILLTLLILI,Right,clash,19.8366,-277.649,80141500.0,80141200.0,-72.7368,-284.77,-380.798,4243.01,-54.4033,-23.2914,3332.87,4260.66,43.8413,1.76678,3332.87,4260.66,43.8413,1.76678,-22.0793,1.10011e+17,11,A,128.50102,1.356267627,,,,,0.291973049150538,0.0493320673036003,R,99999900.0,LLLSYLLFTLLAILLTLLILI,24594.271661701947,1317.3334604863728,24.985138062091146,0.010817822576584701,LLLSYLLFTLLAILLTLLILI,Mutant
LLLSYLLFTLLAILLTLLILI,LLLSYLLATLLAILLTLLILI,Right,void,,,,,,,,,,,3348.98,4123.7,55.4195,28.6374,3332.87,4260.66,153.223,98.0182,-22.0793,1.1e+17,7,F,100.958,22.09754359,3320.3426,3234.8518,85.4908,4.0,0.3338149905200268,0.0067889193193209,R,99999900.0,LLLSYLLFTLLAILLTLLILI,24882.52609469445,1617.5422076446482,28.56569690114889,-0.031024118792904065,LLLSYLLFTLLAILLTLLILI,Mutant
LLLSYLLFTLLAILLTLLILI,LLLSALLFTLLAILLTLLILI,Right,void,,,,,,,,,,,3378.2,4097.41,54.4037,64.4546,3332.87,4260.66,167.239,144.093,-22.0793,1.1e+17,4,Y,74.0206,46.54595191,3313.7454,3188.777,124.9684,4.0,0.4215132292158283,0.0569969958803519,R,99999900.0,LLLSYLLFTLLAILLTLLILI,25420.42712323603,1352.9944105625843,36.07033682593556,-0.11872235748870558,LLLSYLLFTLLAILLTLLILI,Mutant
LLLYWLLVALLLALLSTLILI,LLLYWLLVALLLILLSTLILI,Right,clash,22.816,-278.045,125368.0,125063.0,-74.2497,-293.741,-399.249,4255.31,-49.6004,-31.2589,3369.4,4108.9,53.3701,14.9216,3369.4,4108.9,53.3701,14.9216,-19.021,1.10011e+17,12,A,114.9004,11.49389164,,,,,0.2724889859735664,0.0966076570374852,R,99999900.0,LLLYWLLVALLLALLSTLILI,24484.14503336082,1179.6989364489968,23.317819760270257,0.08945746570582469,LLLYWLLVALLLALLSTLILI,Mutant
LLLYWLLVALLLALLSTLILI,LLLYWLLVILLLALLSTLILI,Right,clash,22.8714,-278.044,68850300.0,68850000.0,-74.2545,-294.12,-399.561,4258.36,-49.6004,-31.1859,3369.4,4108.9,44.1274,0.0389564,3369.4,4108.9,44.1274,0.0389564,-19.021,1.10011e+17,8,A,114.9004,11.49389164,,,,,0.2821904108625056,0.013971709390949,R,99999900.0,LLLYWLLVALLLALLSTLILI,24548.11571583877,1607.3717899471665,24.148004056233063,0.07975604081688548,LLLYWLLVALLLALLSTLILI,Mutant
LLLYWLLVALLLALLSTLILI,LLLYWLLVALLAALLSTLILI,Right,void,,,,,,,,,,,3405.95,4068.36,50.7562,58.8754,3369.4,4108.9,106.969,112.945,-19.021,1.1e+17,11,L,71.3924,45.19566616,3347.0746,3256.455,90.6196,5.0,0.3795608232750154,0.0379483732963006,R,99999900.0,LLLYWLLVALLLALLSTLILI,25155.14394514046,1433.7125385242518,32.48032515356483,-0.01761437159562429,LLLYWLLVALLLALLSTLILI,Mutant
LLLYWLLTALLLSLLFVLILI,LLLYWLLTALLLILLFVLILI,Right,clash,22.2054,-279.53,701029.0,700722.0,-58.825,-283.094,-362.189,4348.01,-49.5947,-20.2701,3452.23,4372.01,57.0122,11.274,3448.25,4365.95,57.7331,11.9677,-18.0581,1.10011e+17,12,S,118.548,8.684198364,,,,,0.20175913153985,0.0068588167265224,R,99999900.0,LLLYWLLTALLLSLLFVLILI,24042.82885035815,1551.8064884892317,17.26522283983714,0.008400706261634888,LLLYWLLTALLLSLLFVLILI,Mutant
LLLYWLLTALLLSLLFVLILI,LLLYWLLTILLLSLLFVLILI,Right,clash,22.259,-281.559,335001000.0,335001000.0,-74.1374,-285.212,-376.895,4350.83,-55.1357,-17.5448,3448.25,4365.95,53.8619,2.94758,3448.25,4365.95,53.8619,2.94758,-18.0581,1.10011e+17,8,A,128.38202,2.244414054,,,,,0.2349239276268685,0.0636565132864968,R,99999900.0,LLLYWLLTALLLSLLFVLILI,24244.5691000938,1254.822993682841,20.1032485118848,-0.02476408982538361,LLLYWLLTALLLSLLFVLILI,Mutant
LLLYWLLTALLLSLLFVLILI,LLLYALLTALLLSLLFVLILI,Right,void,,,,,,,,,,,3468.12,4247.41,58.5812,71.9465,3448.25,4365.95,173.796,182.046,-18.0581,1.1e+17,4,W,66.5287,51.95623476,3396.1735,3266.204,129.9695,4.0,0.246272552792178,0.0425988254289389,R,99999900.0,LLLYWLLTALLLSLLFVLILI,24319.659807355096,1360.7563656330435,21.074389401070032,-0.0361127149906931,LLLYWLLTALLLSLLFVLILI,Mutant
LLLYWLLTALLLSLLFVLILI,LLLYWLLTALLASLLFVLILI,Right,void,,,,,,,,,,,3487.0,4325.51,57.1073,67.3954,3448.25,4365.95,112.845,125.016,-18.0581,1.1e+17,11,L,62.8724,51.73603914,3419.6046,3323.234,96.3706,4.0,0.2966195042475293,0.0725648703744338,R,99999900.0,LLLYWLLTALLLSLLFVLILI,24609.36302880844,1257.542685795498,25.382751206302206,-0.08645966644604441,LLLYWLLTALLLSLLFVLILI,Mutant
LLLYWLLVALLISLLTLLILI,LLLYWLLVILLISLLTLLILI,Right,clash,19.3828,-278.205,30675800000.0,30675800000.0,-74.253,-288.314,-396.362,4311.09,-55.2617,-33.7945,3407.99,4172.32,34.7665,0.0,3407.99,4172.32,34.7665,0.0,-17.7972,1.10011e+17,8,A,131.3296,0.0,,,,,0.3040782896133899,0.0706186931886755,R,99999900.0,LLLYWLLVALLISLLTLLILI,24656.52194306056,1312.0885740990554,26.021025124678303,0.01314932548435871,LLLYWLLVALLISLLTLLILI,Mutant
LLLYWLLVALLISLLTLLILI,LLLYALLVALLISLLTLLILI,Right,void,,,,,,,,,,,3474.79,4132.21,57.2269,67.6918,3407.99,4172.32,142.299,153.557,-17.7972,1.1e+17,4,W,70.7834,48.88369903,3407.0982,3254.433,152.6652,4.0,0.3138960373121648,0.0587353691230576,R,99999900.0,LLLYWLLVALLISLLTLLILI,24724.41529282741,1380.8262976599467,26.861163563573044,0.0033315777855837947,LLLYWLLVALLISLLTLLILI,Mutant
LLLYWLLVALLISLLTLLILI,LLLYWLLVALLIILLTLLILI,Right,clash,19.3465,-276.175,4016660.0,4016350.0,-58.9313,-285.958,-381.992,4303.82,-49.8599,-37.1035,3408.4,4168.25,46.7485,6.20553,3407.99,4172.32,55.4497,6.28872,-17.7972,1.10011e+17,12,S,123.61647,4.780029579,,,,,0.3289836295731476,0.051127975542138,R,99999900.0,LLLYWLLVALLISLLTLLILI,24849.349124405027,1412.8190839432775,28.15226072737611,-0.01175601447539898,LLLYWLLVALLISLLTLLILI,Mutant
LLLYWLLVALLISLLTLLILI,LLLYWLLVALLASLLTLLILI,Right,void,,,,,,,,,,,3454.19,4142.31,51.3699,60.7757,3407.99,4172.32,99.2672,86.2832,-17.7972,1.1e+17,11,I,69.4921,46.65443034,3393.4143,3321.7068,71.7075,4.0,0.3776301314331044,0.0668814901703153,R,99999900.0,LLLYWLLVALLISLLTLLILI,25149.804974326253,1861.4681470952808,32.315109212005,-0.060402516335355816,LLLYWLLVALLISLLTLLILI,Mutant
LLLSYLLVFLLALLLATLILI,LLLSYLLVFLLILLLATLILI,Right,clash,26.2997,-282.181,1025160000.0,1025160000.0,-58.8168,-287.469,-372.904,4214.94,-49.5427,-26.6184,3306.26,4173.1,46.0244,0.0,3306.26,4173.1,46.0244,0.0,-17.4457,1.10011e+17,11,A,130.2678,0.0,,,,,0.2968031136788655,0.0228647634997099,R,99999900.0,LLLSYLLVFLLALLLATLILI,24633.05603020078,1515.9236269488445,25.39846329686941,0.18366942448681328,LLLSYLLVFLLALLLATLILI,Mutant
LLLSYLLVFLLALLLATLILI,LLLSYLLVFLLALLLITLILI,Right,clash,26.2844,-282.182,1015400000.0,1015400000.0,-58.8168,-280.942,-365.156,4250.69,-49.5427,-25.3977,3306.26,4173.1,62.4722,40.1082,3306.26,4173.1,62.4722,40.1082,-17.4457,1.10011e+17,15,A,130.2678,0.0,,,,,0.3056983907090584,0.0312695246129943,R,99999900.0,LLLSYLLVFLLALLLATLILI,24685.70363941364,1506.0783736297392,26.1596627478,0.1747741474566204,LLLSYLLVFLLALLLATLILI,Mutant
LLLSYLLVFLLALLLATLILI,LLLSYLLVALLALLLATLILI,Right,void,,,,,,,,,,,3349.1,4095.42,45.7586,41.912,3306.26,4173.1,129.388,99.3788,-17.4457,1.1e+17,8,F,89.4176,31.91359754,3307.188,3206.8812,100.3068,4.0,0.4376163142158779,0.0322227121653035,R,99999900.0,LLLSYLLVFLLALLLATLILI,25524.19219075364,1562.610124469154,37.44833319622515,0.04285622394980093,LLLSYLLVFLLALLLATLILI,Mutant
LLLSYLLVFLLALLLATLILI,LLLSALLVFLLALLLATLILI,Right,void,,,,,,,,,,,3350.14,3997.96,63.5752,70.5729,3306.26,4173.1,179.138,147.009,-17.4457,1.1e+17,4,Y,67.9023,50.96428819,3279.5671,3159.251,120.3161,4.0,0.4398440090497688,0.0435205138191379,R,99999900.0,LLLSYLLVFLLALLLATLILI,25533.076817345176,1491.0376552879004,37.63896470535556,0.04062852911591003,LLLSYLLVFLLALLLATLILI,Mutant
LLLVSLLLTLLFALLAYLILI,LLLVSLLLTLLFALLIYLILI,Right,clash,16.7671,-270.624,22404400.0,22404100.0,-58.8371,-276.223,-363.711,4202.53,-53.2182,-28.6508,3238.99,4226.46,55.379,5.32904,3238.99,4226.46,55.379,5.32904,-17.1169,1.10011e+17,15,A,129.7830436,0.030007549,,,,,0.1678970125866289,0.0749734976867627,R,99999900.0,LLLVSLLLTLLFALLAYLILI,23795.0716173223,1111.449649072042,14.367524851674649,0.1268820064353258,LLLVSLLLTLLFALLAYLILI,Mutant
LLLVSLLLTLLFALLAYLILI,LLLVSLLLTLLFILLAYLILI,Right,clash,16.7646,-270.624,10349.3,10042.2,-58.8371,-284.817,-368.432,4209.96,-53.2182,-24.7782,3238.99,4226.46,38.3009,0.0389564,3238.99,4226.46,38.3009,0.0389564,-17.1169,1.10011e+17,12,A,129.7830436,0.030007549,,,,,0.2102890528114772,0.0832616638950176,R,99999900.0,LLLVSLLLTLLFALLAYLILI,24082.21602652003,1130.3242865310494,17.995157541859903,0.0844899662104775,LLLVSLLLTLLFALLAYLILI,Mutant
LLLVSLLLTLLFALLAYLILI,LLLVSLLLTLLAALLAYLILI,Right,void,,,,,,,,,,,3254.41,4075.81,56.0237,24.7074,3238.99,4226.46,157.559,109.584,-17.1169,1.1e+17,11,F,105.5604,18.96662107,3229.7026,3129.406,100.2966,5.0,0.3238675150741444,0.0047409745187025,R,99999900.0,LLLVSLLLTLLFALLAYLILI,24818.10236092252,1625.0063369995069,27.71445721273338,-0.029088496052189716,LLLVSLLLTLLFALLAYLILI,Mutant
LLLVSLLLTLLFALLAYLILI,LLLVSLLLTLLFALLAALILI,Right,void,,,,,,,,,,,3230.07,4061.52,58.542,99.0371,3238.99,4226.46,169.76,229.122,-17.1169,1.1e+17,16,Y,30.4257,76.49849996,3131.0329,3009.868,121.1649,5.0,0.3934498607007413,0.0298665518825582,R,99999900.0,LLLVSLLLTLLFALLAYLILI,25254.352939913813,1496.5836254386884,33.66885785766517,-0.09867084167878659,LLLVSLLLTLLFALLAYLILI,Mutant
LLLYTLLVILLAFLLSLLILI,LLLYTLLVILLIFLLSLLILI,Right,clash,15.5526,-269.086,2397550.0,2397250.0,-60.5144,-286.025,-376.31,4322.28,-45.1094,-29.7709,3652.52,4230.55,51.3525,4.51384,3652.52,4230.55,51.3525,4.51384,-16.9329,1.10011e+17,11,A,125.75396,3.465046619,,,,,0.1791154628350323,0.0461623757451412,R,99999900.0,LLLYTLLVILLAFLLSLLILI,23899.432301524164,1360.0985315227174,15.327526225481389,0.11243119052273229,LLLYTLLVILLAFLLSLLILI,Mutant
LLLYTLLVILLAFLLSLLILI,LLLYTLLVILLAFLLILLILI,Right,clash,15.5508,-267.056,247954.0,247657.0,-45.1094,-277.213,-353.686,4353.18,-45.1094,-31.3631,3654.44,4220.25,56.6198,21.1865,3652.52,4230.55,68.5221,21.4454,-16.9329,1.10011e+17,15,S,108.5339,16.33243499,,,,,0.2098443897223899,0.09089672539413,R,99999900.0,LLLYTLLVILLAFLLSLLILI,24101.531424708744,1299.5473385968046,17.957106191900422,0.0817022636353747,LLLYTLLVILLAFLLSLLILI,Mutant
LLLYTLLVILLAFLLSLLILI,LLLYTLLVILLAALLSLLILI,Right,void,,,,,,,,,,,3640.55,4152.31,41.9845,57.1858,3652.52,4230.55,126.589,185.293,-16.9329,1.1e+17,12,F,72.6362,44.0493907,3583.3642,3467.227,116.1372,4.0,0.2845809144124458,0.0468470100223233,R,99999900.0,LLLYTLLVILLAFLLSLLILI,24552.577333892525,1320.8314734445146,24.35256766717916,0.006965738945318767,LLLYTLLVILLAFLLSLLILI,Mutant
LLLYTLLVILLAFLLSLLILI,LLLYTLLVALLAFLLSLLILI,Right,void,,,,,,,,,,,3679.02,4187.16,58.8409,63.8327,3652.52,4230.55,107.174,113.113,-16.9329,1.1e+17,8,I,67.4969,48.60496034,3615.1873,3539.407,75.7803,4.0,0.4421823186300745,0.0555124164917023,R,99999900.0,LLLYWLLVALLAFLLSLLILI,25541.95359610109,1466.2906086072269,37.83906189879798,-0.15063566527230993,LLLYTLLVILLAFLLSLLILI,Mutant
LLLSYLLVLLLAFLLTILILI,LLLSYLLILLLAFLLTILILI,Right,clash,19.5848,-276.621,4693230000.0,4693230000.0,-58.8353,-279.755,-366.776,4243.75,-49.8823,-28.1857,3483.81,4205.58,52.0447,14.7216,3473.64,4224.57,75.087,21.3402,-16.8978,1.10011e+17,7,V,114.8738,11.35966246,,,,,0.2297789233404823,0.1461991797248956,R,99999900.0,LLLSYLLVLLLAFLLTILILI,24173.846339069765,751.1806604485217,19.662972798768777,0.11831619058619328,LLLSYLLVLLLAFLLTILILI,Mutant
LLLSYLLVLLLAFLLTILILI,LLLSYLLVLLLIFLLTILILI,Right,clash,19.5272,-279.184,265414000000.0,265414000000.0,-58.8353,-283.324,-372.427,4239.02,-49.8823,-30.2671,3473.64,4224.57,47.8524,10.162,3473.64,4224.57,47.8524,10.162,-16.8978,1.10011e+17,11,A,120.1058,7.800853319,,,,,0.2660837965125075,0.0516472011169323,R,99999900.0,LLLSYLLVLLLAFLLTILILI,24465.07947031793,1544.5603246192254,22.76970566732912,0.08201131741416806,LLLSYLLVLLLAFLLTILILI,Mutant
LLLSYLLVLLLAFLLTILILI,LLLSALLVLLLAFLLTILILI,Right,void,,,,,,,,,,,3495.85,4059.77,44.8713,73.6291,3473.64,4224.57,160.553,181.928,-16.8978,1.1e+17,4,Y,64.8461,53.17132598,3422.2209,3291.712,130.5089,4.0,0.3245595066193287,0.0729366007711838,R,99999900.0,LLLSYLLVLLLAFLLTILILI,24803.99115406044,1220.0339530507836,27.77367330937151,0.023535607307346884,LLLSYLLVLLLAFLLTILILI,Mutant
LLLSYLLVLLLAFLLTILILI,LLLSYLLVLLLAALLTILILI,Right,void,,,,,,,,,,,3426.74,4117.96,45.4612,63.1603,3473.64,4224.57,140.542,218.512,-16.8978,1.1e+17,12,F,66.6617,48.65146123,3363.5797,3255.128,108.4517,4.0,0.3818466056452679,0.0385650488923578,R,99999900.0,LLLSYLLVLLLAFLLTILILI,25170.113567483084,1428.7953185007102,32.67592741297476,-0.03375149171859232,LLLSYLLVLLLAFLLTILILI,Mutant
LLLSYLLFVLLATLLSLLILI,LLLSYLLFVLLITLLSLLILI,Right,clash,14.3266,-269.401,404049000000.0,404049000000.0,-74.099,-284.526,-381.825,4224.45,-49.6,-23.2,3414.17,4210.8,54.1455,4.08068,3414.17,4210.8,54.1455,4.08068,-16.715,1.10011e+17,11,A,126.18712,3.1325316,,,,,0.2955872319692764,0.1002558822755956,R,99999900.0,LLLSYLLFVLLATLLSLLILI,24610.68869855662,1051.937531761163,25.29441611693401,0.08756030030053852,LLLSYLLFVLLATLLSLLILI,Mutant
LLLSYLLFVLLATLLSLLILI,LLLSYLLFVLLATLLILLILI,Right,clash,14.3253,-267.37,403991000000.0,403991000000.0,-58.8523,-275.087,-359.325,4249.69,-49.6,-25.3861,3418.72,4203.47,59.8659,35.6922,3414.17,4210.8,69.9862,35.8381,-16.715,1.10011e+17,15,S,94.0282,27.51471627,,,,,0.2991706066389497,0.1226506818811267,R,99999900.0,LLLSYLLFVLLATLLSLLILI,24644.99289010836,1057.1147037431035,25.60105781249621,0.08397692563086523,LLLSYLLFVLLATLLSLLILI,Mutant
LLLSYLLFVLLATLLSLLILI,LLLSALLFVLLATLLSLLILI,Right,void,,,,,,,,,,,3450.47,4044.07,50.9699,49.8035,3414.17,4210.8,165.552,153.122,-16.715,1.1e+17,4,Y,88.6717,35.96564583,3400.6665,3261.048,139.6185,4.0,0.3234539857161064,0.0679391880060402,R,99999900.0,LLLSYLLFVLLATLLSLLILI,24784.191653381367,1259.3481560008386,27.679070083224783,0.05969354655370851,LLLSYLLFVLLATLLSLLILI,Mutant
LLLSYLLFVLLATLLSLLILI,LLLSYLLAVLLATLLSLLILI,Right,void,,,,,,,,,,,3424.82,4098.58,55.5906,29.9225,3414.17,4210.8,147.321,116.162,-16.715,1.1e+17,7,F,99.6729,23.08916829,3394.8975,3298.008,96.8895,4.0,0.3351484324490157,0.0375425968642025,R,99999900.0,LLLSYLLFVLLATLLSLLILI,24905.497846499155,1780.2119416083542,28.679804113408725,0.047999099820799196,LLLSYLLFVLLATLLSLLILI,Mutant
LLLVYLLIALLTALLSLLILI,LLLVYLLIALLTILLSLLILI,Right,clash,13.1678,-263.2,4808950000.0,4808950000.0,-74.2769,-279.965,-394.006,4171.66,-49.6741,-39.7643,3381.16,4088.56,47.4062,11.7594,3381.16,4088.56,47.4062,11.7594,-16.3645,1.10011e+17,12,A,118.0626,9.05809493,,,,,0.2792931607442699,0.0676625168301355,R,99999900.0,LLLVYLLIALLTALLSLLILI,24507.718307408195,1207.6236315647438,23.900076398474468,0.1450412638634816,LLLVYLLIALLTALLSLLILI,Mutant
LLLVYLLIALLTALLSLLILI,LLLVYLLAALLTALLSLLILI,Right,void,,,,,,,,,,,3372.85,4072.41,51.3191,99.9609,3381.16,4088.56,92.1227,175.91,-16.3645,1.1e+17,7,I,29.6345,77.13306182,3272.8891,3205.25,67.6391,4.0,0.3294571395665727,0.0529909146586565,R,99999900.0,LLLVYLLIALLTALLSLLILI,24838.780451703697,1321.8532650147704,28.192780606159182,0.09487728504117882,LLLVYLLIALLTALLSLLILI,Mutant
LLLVYLLIALLTALLSLLILI,LLLVYLLIILLTALLSLLILI,Right,clash,13.2003,-263.2,4809050000.0,4809050000.0,-74.2682,-280.732,-394.066,4185.49,-49.7883,-39.0657,3381.16,4088.56,56.809,20.2232,3381.16,4088.56,56.809,20.2232,-16.3645,1.10011e+17,8,A,118.0626,9.05809493,,,,,0.3366322822561874,0.0200702545656855,R,99999900.0,LLLVYLLIALLTALLSLLILI,24890.584494720293,1619.309044236739,28.80678224513511,0.0877021423515641,LLLVYLLIALLTALLSLLILI,Mutant
LLLVYLLIALLTALLSLLILI,LLLVALLIALLTALLSLLILI,Right,void,,,,,,,,,,,3402.03,3982.38,51.8587,84.2763,3381.16,4088.56,154.369,163.877,-16.3645,1.1e+17,4,Y,54.1989,60.86021179,3317.7537,3217.283,100.4707,4.0,0.4139520787613014,0.014407263676855,R,99999900.0,LLLVYLLIALLTALLSLLILI,25382.52552774726,1588.6357392755158,35.42330317483581,0.010382345846450092,LLLVYLLIALLTALLSLLILI,Mutant
LLLVYLLTALLLALLSFLILI,LLLVYLLTALLLILLSFLILI,Right,clash,16.3087,-270.859,872202000.0,872202000.0,-74.1517,-281.585,-376.06,4235.42,-49.4479,-20.3241,3279.16,4140.91,55.1075,13.3359,3279.16,4140.91,55.1075,13.3359,-15.6341,1.10011e+17,12,A,116.4861,10.27244997,,,,,0.2522249350244075,0.102609922037226,R,99999900.0,LLLVYLLTALLLALLSFLILI,24338.968429973524,1031.5807852760458,21.583755222002072,0.07555040168134819,LLLVYLLTALLLALLSFLILI,Mutant
LLLVYLLTALLLALLSFLILI,LLLVYLLTALLAALLSFLILI,Right,void,,,,,,,,,,,3314.1,4101.68,51.917,63.2476,3279.16,4140.91,107.16,125.0,-15.6341,1.1e+17,11,L,67.0202,48.55198292,3250.8524,3154.16,96.6924,5.0,0.3124776239211821,0.0379888107829301,R,99999900.0,LLLVYLLTALLLALLSFLILI,24725.71129937996,1433.7072679087023,26.73978505104962,0.015297712784573592,LLLVYLLTALLLALLSFLILI,Mutant
LLLVYLLTALLLALLSFLILI,LLLVYLLTILLLALLSFLILI,Right,clash,16.3744,-270.859,1137460000.0,1137460000.0,-74.1591,-283.573,-380.787,4221.95,-49.4479,-23.0552,3279.16,4140.91,44.8485,2.65905,3279.16,4140.91,44.8485,2.65905,-15.6341,1.10011e+17,8,A,116.4861,10.27244997,,,,,0.3269114152719192,0.1819983541844989,R,99999900.0,LLLVYLLTALLLALLSFLILI,24817.30787410546,950.015245156999,27.97493422220358,0.000863921433836512,LLLVYLLTALLLALLSFLILI,Mutant
LLLVYLLTALLLALLSFLILI,LLLVALLTALLLALLSFLILI,Right,void,,,,,,,,,,,3331.68,4023.72,61.0267,69.5765,3279.16,4140.91,161.988,137.962,-15.6341,1.1e+17,4,Y,68.8987,50.24473696,3262.1035,3141.198,120.9055,5.0,0.3800580682629756,0.0536086158841814,R,99999900.0,LLLVYLLTALLLALLSFLILI,25151.85960737431,1352.2273831526757,32.52287611746719,-0.05228273155721991,LLLVYLLTALLLALLSFLILI,Mutant
LLLSYLLFVLLALLLSTLILI,LLLSYLLFILLALLLSTLILI,Right,clash,11.9792,-265.348,3682770000.0,3682770000.0,-74.2184,-292.474,-390.155,4175.56,-49.617,-23.4626,3445.29,4117.0,48.7033,36.2194,3416.81,4115.01,66.3302,50.7771,-15.4688,1.10011e+17,8,V,95.1102,27.57900732,,,,,0.2388271715540419,0.0808140947689558,R,99999900.0,LLLSYLLFVLLALLLSTLILI,24260.90771291876,1142.1637443032046,20.43726252000704,0.14749233316498359,LLLSYLLFVLLALLLSTLILI,Mutant
LLLSYLLFVLLALLLSTLILI,LLLSYLLFVLLILLLSTLILI,Right,clash,11.9886,-267.968,12475500000.0,12475500000.0,-74.2184,-294.316,-392.399,4218.99,-49.617,-23.8647,3416.81,4115.01,50.3679,2.23026,3416.81,4115.01,50.3679,2.23026,-15.4688,1.10011e+17,11,A,128.03754,1.712057776,,,,,0.3376112362285465,0.0406138676403114,R,99999900.0,LLLSYLLFVLLALLLSTLILI,24900.81117150481,1429.227213269291,28.89055470367876,0.04870826849047899,LLLSYLLFVLLALLLSTLILI,Mutant
LLLSYLLFVLLALLLSTLILI,LLLSALLFVLLALLLSTLILI,Right,void,,,,,,,,,,,3464.77,4012.31,58.1205,48.297,3416.81,4115.01,159.804,132.392,-15.4688,1.1e+17,4,Y,90.1782,34.8777254,3416.473,3284.418,132.055,4.0,0.390160071230654,0.0294177309755468,R,99999900.0,LLLSYLLFVLLALLLSTLILI,25239.18406131623,1537.446285320758,33.387339257422845,-0.003840566511628507,LLLSYLLFVLLALLLSTLILI,Mutant
LLLSYLLFVLLALLLSTLILI,LLLSYLLAVLLALLLSTLILI,Right,void,,,,,,,,,,,3418.03,4016.02,59.098,37.2175,3416.81,4115.01,147.591,129.559,-15.4688,1.1e+17,7,F,92.3779,28.71822611,3380.8125,3287.251,93.5615,4.0,0.3968125277174851,0.0654924713130496,R,99999900.0,LLLSYLLFVLLALLLSTLILI,25257.35315541058,1288.8743354824012,33.95661284023846,-0.010493022998459611,LLLSYLLFVLLALLLSTLILI,Mutant
LLLFYLLVALLTALLSLLILI,LLLFYLLVILLTALLSLLILI,Right,clash,12.7229,-262.264,167696000000.0,167696000000.0,-74.2793,-281.945,-377.09,4299.85,-49.8096,-20.8664,3467.77,4164.62,54.8611,11.9554,3467.77,4164.62,54.8611,11.9554,-14.6796,1.10011e+17,8,A,115.2636,11.21412395,,,,,0.2622889845911599,0.0492291317563615,R,99999900.0,LLLFYLLVALLTALLSLLILI,24410.26152981516,1294.399914345185,22.444970558899115,0.1290273519917583,LLLFYLLVALLTALLSLLILI,Mutant
LLLFYLLVALLTALLSLLILI,LLLFYLLVALLTILLSLLILI,Right,clash,14.0838,-262.954,366008000.0,366008000.0,-74.3702,-280.365,-376.325,4289.01,-49.7526,-21.5904,3467.77,4164.62,47.4071,8.41294,3467.77,4164.62,47.4071,8.41294,-14.6796,1.10011e+17,12,A,115.2636,11.21412395,,,,,0.2656614217437627,0.0652990227695124,R,99999900.0,LLLFYLLVALLTALLSLLILI,24422.182316259303,1211.4845307850833,22.733561605602407,0.12565491483915547,LLLFYLLVALLTALLSLLILI,Mutant
LLLFYLLVALLTALLSLLILI,LLLFYLLVALLTALLSALILI,Right,void,,,,,,,,,,,3491.16,4098.45,58.4146,69.9336,3467.77,4164.62,118.973,106.42,-14.6796,1.1e+17,16,L,59.5292,54.01829715,3421.2264,3361.35,59.8764,4.0,0.3487300704172753,0.0627581429075018,R,99999900.0,LLLFYLLVALLTALLSLLILI,24965.113365442627,1313.760821168797,29.842031588628,0.04258626616564293,LLLFYLLVALLTALLSLLILI,Mutant
LLLFYLLVALLTALLSLLILI,LLLFALLVALLTALLSLLILI,Right,void,,,,,,,,,,,3493.27,4063.38,50.7466,74.1752,3467.77,4164.62,152.171,153.111,-14.6796,1.1e+17,4,Y,64.3,53.56569263,3419.0948,3314.659,104.4358,4.0,0.3766420276301614,0.0391696637107087,R,99999900.0,LLLYALLVALLTALLSLLILI,25146.77367786748,1445.5174501958463,32.2305537709873,0.014674308952756787,LLLFYLLVALLTALLSLLILI,Mutant
LLLVYLLTALLIALLSLLILI,LLLVYLLTALLIILLSLLILI,Right,clash,13.8026,-268.649,6519710000.0,6519710000.0,-74.1052,-280.403,-393.844,4189.52,-49.3953,-39.3363,3284.49,4123.35,46.9377,11.832,3284.49,4123.35,46.9377,11.832,-14.5457,1.10011e+17,12,A,117.99,9.114017655,,,,,0.2978301649508121,0.0647623239466276,R,99999900.0,LLLVYLLTALLIALLSLLILI,24651.412496609053,1347.3254892021216,25.48635160677024,0.071930918344634,LLLVYLLTALLIALLSLLILI,Mutant
LLLVYLLTALLIALLSLLILI,LLLVYLLTILLIALLSLLILI,Right,clash,13.8435,-268.649,145876000000.0,145876000000.0,-74.1035,-280.466,-393.218,4206.22,-49.3953,-38.6484,3284.49,4123.35,50.3796,6.67332,3284.49,4123.35,50.3796,6.67332,-14.5457,1.10011e+17,8,A,117.99,9.114017655,,,,,0.3379350550950021,0.0376256763744691,R,99999900.0,LLLVYLLTALLIALLSLLILI,24920.46200694469,1638.8755075959923,28.918264997861865,0.031826028200444,LLLVYLLTALLIALLSLLILI,Mutant
LLLVYLLTALLIALLSLLILI,LLLVYLLTALLAALLSLLILI,Right,void,,,,,,,,,,,3332.42,4089.45,52.2627,65.1888,3284.49,4123.35,101.602,103.756,-14.5457,1.1e+17,11,I,65.079,50.04214395,3267.2312,3180.734,86.4972,4.0,0.4342240640945909,0.1288047736700585,R,99999900.0,LLLVYLLTALLIALLSLLILI,25457.511974686942,1122.7784245247935,37.15804668564451,-0.06446298079914481,LLLVYLLTALLIALLSLLILI,Mutant
LLLVYLLTALLIALLSLLILI,LLLVALLTALLIALLSLLILI,Right,void,,,,,,,,,,,3331.26,3959.14,57.575,67.7183,3284.49,4123.35,170.93,147.761,-14.5457,1.1e+17,4,Y,74.5062,46.1952754,3263.5417,3136.729,126.8127,4.0,0.4378619544943214,0.0901251803184028,R,99999900.0,LLLVWLLTALLIALLSLLILI,25528.5734633584,1262.4521340512692,37.46935347973549,-0.06810087119887531,LLLVYLLTALLIALLSLLILI,Mutant
LLLLYLLVALLISLLFTLILI,LLLLYLLVALLIILLFTLILI,Right,clash,10.5759,-269.061,14610600000000.0,14610600000000.0,-58.9208,-285.327,-369.335,4280.03,-49.6467,-25.087,3463.21,4321.3,50.5145,8.00554,3462.48,4323.83,58.5537,8.27252,-14.2936,1.10011e+17,12,S,121.81646,6.166551124,,,,,0.3272900675249494,0.1412984168128216,R,99999900.0,LLLLYLLVALLISLLFTLILI,24771.23310159333,1042.1880127829047,28.007336797876253,0.0665542102813998,LLLLYLLVALLISLLFTLILI,Mutant
LLLLYLLVALLISLLFTLILI,LLLLYLLVILLISLLFTLILI,Right,clash,10.6025,-271.09,14627400000000.0,14627400000000.0,-74.2452,-288.662,-384.995,4289.7,-55.2342,-22.0881,3462.48,4323.83,38.6101,13.9857,3462.48,4323.83,38.6101,13.9857,-14.2936,1.10011e+17,8,A,117.3439,10.64931287,,,,,0.341080526936416,0.0430193135860479,R,99999900.0,LLLLYLLVALLISLLFTLILI,24908.73397776533,1602.8741206299323,29.18743384223568,0.05276375086993318,LLLLYLLVALLISLLFTLILI,Mutant
LLLLYLLVALLISLLFTLILI,LLLLYLLVALLISLLATLILI,Right,void,,,,,,,,,,,3450.05,4154.41,65.4356,58.1353,3462.48,4323.83,169.553,157.134,-14.2936,1.1e+17,15,F,71.5851,44.81585009,3391.9147,3305.346,86.5687,4.0,0.3690118862548572,0.1634070276959453,R,99999900.0,LLLLYLLVALLISLLFTLILI,25093.23532469629,1081.1759091858032,31.57761632950119,0.024832391551491972,LLLLYLLVALLISLLFTLILI,Mutant
LLLLYLLVALLISLLFTLILI,LLLLALLVALLISLLFTLILI,Right,void,,,,,,,,,,,3432.64,4150.53,52.651,89.7999,3462.48,4323.83,170.918,210.198,-14.2936,1.1e+17,4,Y,48.6753,64.84908489,3342.8401,3252.282,90.5581,4.0,0.4137482071684405,0.0530543450962489,R,99999900.0,LLLLYLLVALLISLLFTLILI,25364.253495318186,1577.531334117181,35.40585718141488,-0.019903929362091344,LLLLYLLVALLISLLFTLILI,Mutant
LLLLYLLTALLIALLFVLILI,LLLLYLLTALLIILLFVLILI,Right,clash,18.9159,-270.86,117552000.0,117551000.0,-58.7697,-277.922,-360.653,4293.15,-49.4528,-23.9616,3358.49,4301.01,55.7272,3.21172,3358.49,4301.01,55.7272,3.21172,-14.2442,1.10011e+17,12,A,126.61028,2.473941243,,,,,0.2158327103484485,0.0758183738792804,R,99999900.0,LLLLYLLTALLIALLFVLILI,24165.74099385551,1807.630280114108,18.46954738480313,0.05390917164638667,LLLLYLLTALLIALLFVLILI,Mutant
LLLLYLLTALLIALLFVLILI,LLLLYLLTILLIALLFVLILI,Right,clash,19.0161,-270.86,10884100000.0,10884100000.0,-58.7697,-277.968,-360.369,4309.42,-49.4528,-23.6315,3358.49,4301.01,51.2074,8.68067,3358.49,4301.01,51.2074,8.68067,-14.2442,1.10011e+17,8,A,126.61028,2.473941243,,,,,0.2712338382750333,0.2354495101117451,R,99999900.0,LLLLYLLTALLIALLFVLILI,24595.48460626853,2551.2792012962814,23.210412454604874,-0.0014919562801981034,LLLLYLLTALLIALLFVLILI,Mutant
LLLLYLLTALLIALLFVLILI,LLLLYLLTALLIALLAVLILI,Right,void,,,,,,,,,,,3341.86,4128.15,62.3009,60.3569,3358.49,4301.01,167.481,178.016,-14.2442,1.1e+17,15,F,69.3635,46.52845659,3281.5031,3180.474,101.0291,5.0,0.3506509876109084,0.1019995451409735,R,99999900.0,LLLLYLLTALLIALLFVLILI,24954.544193385973,1063.417704969889,30.00641107991462,-0.08090910561607323,LLLLYLLTALLIALLFVLILI,Mutant
LLLLYLLTALLIALLFVLILI,LLLLALLTALLIALLFVLILI,Right,void,,,,,,,,,,,3365.02,4121.2,63.9179,81.9196,3358.49,4301.01,180.779,182.512,-14.2442,1.1e+17,4,Y,56.5556,59.1583186,3283.1004,3175.978,107.1224,5.0,0.3897937439579659,0.063983378607724,R,99999900.0,LLLLYLLTALLIALLFVLILI,25212.09554735616,1667.3481544389708,33.35599137271002,-0.12005186196313072,LLLLYLLTALLIALLFVLILI,Mutant
LLLYSLLLALLFALLTILILI,LLLYSLLLILLFALLTILILI,Right,clash,17.3599,-274.679,109114.0,108801.0,-58.8896,-281.902,-368.511,4297.85,-55.5317,-27.7193,3388.49,4264.35,59.8462,17.9827,3388.49,4264.35,59.8462,17.9827,-14.225,1.10011e+17,8,A,124.6439,3.988615181,,,,,0.1659210411257137,0.0443332022090718,R,99999900.0,LLLYSLLLALLFALLTILILI,23790.06955302917,1363.8978651263703,14.198434177376615,0.28007705353103657,LLLYSLLLALLFALLTILILI,Mutant
LLLYSLLLALLFALLTILILI,LLLYSLLLALLFILLTILILI,Right,clash,14.9079,-270.103,6024.83,5714.6,-58.9028,-281.254,-368.177,4297.71,-55.0357,-28.0205,3388.49,4264.35,44.2787,2.94885,3388.49,4264.35,44.2787,2.94885,-14.225,1.10011e+17,12,A,124.6439,3.988615181,,,,,0.2186885672347978,0.0551523128107177,R,99999900.0,LLLYSLLLALLFALLTILILI,24158.338413430403,1429.2710404787915,18.713932881336483,0.22730952742195248,LLLYSLLLALLFALLTILILI,Mutant
LLLYSLLLALLFALLTILILI,LLLYSLLAALLFALLTILILI,Right,void,,,,,,,,,,,3399.62,4212.59,59.8377,66.538,3388.49,4264.35,118.546,139.847,-14.225,1.1e+17,7,L,63.0574,51.34287174,3333.082,3248.643,84.439,5.0,0.4903491916946554,0.0916508537272922,R,99999900.0,LLLYSLLLALLFALLTILILI,25830.88979475671,1363.5102005920155,41.960866897715135,-0.04435109703790513,LLLYSLLLALLFALLTILILI,Mutant
LLLYSLLLALLFALLTILILI,LLLYSLLLALLAALLTILILI,Right,void,,,,,,,,,,,3392.44,4118.53,54.0985,39.1181,3388.49,4264.35,158.136,129.959,-14.225,1.1e+17,11,F,88.1247,32.11882424,3353.3219,3258.531,94.7909,5.0,0.5164872246181416,0.0673625737717042,R,99999900.0,LLLYSLLLALLFALLTILILI,26018.632947752845,1764.641677881768,44.19758827718764,-0.07048912996139128,LLLYSLLLALLFALLTILILI,Mutant
LLLYILLATLLAFLLSLLILI,LLLYILLATLLIFLLSLLILI,Right,clash,14.6222,-269.02,2293960000.0,2293960000.0,-74.1074,-284.682,-382.421,4323.3,-49.5847,-23.6309,3527.29,4218.52,50.212,1.35866,3527.29,4218.52,50.212,1.35866,-14.1458,1.10011e+17,11,A,128.90914,1.042974549,,,,,0.1976180790156231,0.0030850335888298,R,99999900.0,LLLYILLATLLAFLLSLLILI,24011.842253228493,1510.1045175923246,16.910858732118303,0.07016305064177772,LLLYILLATLLAFLLSLLILI,Mutant
LLLYILLATLLAFLLSLLILI,LLLYILLATLLAALLSLLILI,Right,void,,,,,,,,,,,3564.95,4145.85,44.9271,65.3049,3527.29,4218.52,125.639,128.119,-14.1458,1.1e+17,12,F,64.5171,50.30341545,3499.6451,3399.171,100.4741,5.0,0.2549067737521626,0.0214538834619141,R,99999900.0,LLLYILLATLLAFLLSLLILI,24374.292233096035,1449.9425896191683,21.81324938616609,0.012874355905238222,LLLYILLATLLAFLLSLLILI,Mutant
LLLYILLATLLAFLLSLLILI,LLLYILLITLLAFLLSLLILI,Right,clash,14.9547,-269.008,1454.22,1150.59,-74.1074,-282.569,-380.172,4318.49,-49.5847,-23.4961,3527.29,4218.52,58.8211,26.1838,3527.29,4218.52,58.8211,26.1838,-14.1458,1.10011e+17,7,A,128.90914,1.042974549,,,,,0.2577805277026839,0.1762450743078106,R,99999900.0,LLLYILLATLLAFLLSLLILI,24329.64896838037,613.8211676407316,22.0591663960379,0.010000601954716914,LLLYILLATLLAFLLSLLILI,Mutant
LLLYILLATLLAFLLSLLILI,LLLYALLATLLAFLLSLLILI,Right,void,,,,,,,,,,,3559.04,4165.77,55.8324,60.9454,3527.29,4218.52,111.189,112.835,-14.1458,1.1e+17,4,I,77.5298,44.01177973,3498.0946,3414.455,83.6396,5.0,0.323822530170824,0.049239512341569,R,99999900.0,LLLYVLLATLLAFLLSLLILI,24807.775529395465,1354.6100238708116,27.710607699829904,-0.05604140051342321,LLLYILLATLLAFLLSLLILI,Mutant
LLLFYLLTALLIALLSLLILI,LLLFYLLTALLIILLSLLILI,Right,clash,16.1908,-264.489,2245940000000.0,2245940000000.0,-74.2037,-282.605,-380.516,4316.52,-49.4862,-23.7071,3447.9,4172.42,46.658,5.36761,3447.9,4172.42,46.658,5.36761,-13.6937,1.10011e+17,12,A,124.45439,4.13459198,,,,,0.1422764738638252,0.1011088476774824,R,99999900.0,LLLFYLLTALLIALLSLLILI,23659.561386197514,1101.988119408552,12.175087230884667,0.23802905250246742,LLLFYLLTALLIALLSLLILI,Mutant
LLLFYLLTALLIALLSLLILI,LLLFYLLTILLIALLSLLILI,Right,clash,16.2417,-264.489,2245950000000.0,2245950000000.0,-74.2083,-282.038,-379.278,4323.64,-49.4862,-23.0312,3447.9,4172.42,48.7547,7.79832,3447.9,4172.42,48.7547,7.79832,-13.6937,1.10011e+17,8,A,124.45439,4.13459198,,,,,0.26041657666392,0.0553883596409156,R,99999900.0,LLLFYLLTALLIALLSLLILI,24433.89835247743,1599.68224469526,22.28474217238621,0.11988894970237263,LLLFYLLTALLIALLSLLILI,Mutant
LLLFYLLTALLIALLSLLILI,LLLFYLLTALLAALLSLLILI,Right,void,,,,,,,,,,,3501.93,4139.26,51.9451,54.2785,3447.9,4172.42,101.205,80.2579,-13.6937,1.1e+17,11,I,75.9893,41.66685858,3447.6515,3367.6421,80.0094,4.0,0.3891449912931113,0.0270435480654637,R,99999900.0,LLLFYLLTALLIALLSLLILI,25218.678301260632,1520.3118657666937,33.30047537578257,-0.008839464926818696,LLLFYLLTALLIALLSLLILI,Mutant
LLLFYLLTALLIALLSLLILI,LLLFALLTALLIALLSLLILI,Right,void,,,,,,,,,,,3459.87,4066.05,60.9917,94.0224,3447.9,4172.42,162.727,179.009,-13.6937,1.1e+17,4,Y,44.4528,67.89836736,3365.8476,3268.891,96.9566,4.0,0.3962630385560285,0.0384430794115411,R,99999900.0,LLLFYLLTALLIALLSLLILI,25275.036504054915,1484.7543151410548,33.90959116271529,-0.0159575121897359,LLLFYLLTALLIALLSLLILI,Mutant
LLLFYLLVTLLIALLSLLILI,LLLFYLLVTLLIILLSLLILI,Right,clash,13.0141,-266.916,64379400000.0,64379400000.0,-74.2164,-284.662,-383.867,4323.93,-49.5778,-24.9891,3521.13,4272.19,42.2152,14.1068,3521.13,4272.19,42.2152,14.1068,-12.9621,1.10011e+17,12,A,115.7152,10.86626304,,,,,0.2783894620321013,0.0496290584768203,R,99999900.0,LLLFYLLVTLLIALLSLLILI,24540.695415724684,1524.7040446615815,23.82274379138708,0.08249261324750012,LLLFYLLVTLLIALLSLLILI,Mutant
LLLFYLLVTLLIALLSLLILI,LLLFYLLVILLIALLSLLILI,Right,clash,12.9826,-263.706,2419880000000.0,2419880000000.0,-60.4486,-282.48,-372.765,4339.0,-45.0725,-29.837,3544.44,4245.21,52.9152,18.7477,3521.13,4272.19,80.5571,22.0558,-12.9621,1.10011e+17,8,T,112.5819,14.27530427,,,,,0.285940227018334,0.0569235956085354,R,99999900.0,LLLFYLLVTLLIALLSLLILI,24572.51785330853,1338.4703608593406,24.468888722243893,0.07494184826126743,LLLFYLLVTLLIALLSLLILI,Mutant
LLLFYLLVTLLIALLSLLILI,LLLFALLVTLLIALLSLLILI,Right,void,,,,,,,,,,,3534.89,4117.5,47.2159,94.8128,3521.13,4272.19,162.01,155.112,-12.9621,1.1e+17,4,Y,43.6624,68.46915549,3440.0772,3366.018,74.0592,4.0,0.3613554805773278,0.0600086208804254,R,99999900.0,LLLFYLLVTLLIALLSLLILI,25033.03002060794,1297.3366534621734,30.92243136133716,-0.0004734052977263814,LLLFYLLVTLLIALLSLLILI,Mutant
LLLFYLLVTLLIALLSLLILI,LLLFYLLVTLLAALLSLLILI,Right,void,,,,,,,,,,,3540.63,4246.2,50.7952,41.7932,3521.13,4272.19,95.6974,86.1736,-12.9621,1.1e+17,11,I,88.4746,32.08252538,3498.8368,3434.9564,63.8804,4.0,0.4047271529276032,0.0365322528580494,R,99999900.0,LLLFYLLVTLLIALLSLLILI,25313.057041910528,1544.6905672217306,34.63389454195659,-0.04384507764800177,LLLFYLLVTLLIALLSLLILI,Mutant
LLLYILLSTLLALLLAFLILI,LLLYILLSTLLAALLAFLILI,Right,void,,,,,,,,,,,3639.9,4214.2,56.5352,74.809,3631.36,4258.5,109.728,122.375,-12.8642,1.1e+17,12,L,55.013,57.62428556,3565.091,3508.985,56.106,5.0,0.2399351327578859,0.112490186906879,R,99999900.0,LLLYILLSTLLALLLAFLILI,24264.680887074825,1013.2900415348588,20.53207457107142,-0.027245078649453996,LLLYILLSTLLALLLAFLILI,Mutant
LLLYILLSTLLALLLAFLILI,LLLYILLSTLLILLLAFLILI,Right,clash,13.5412,-268.545,49172000.0,49171700.0,-74.1746,-281.374,-379.371,4286.2,-49.5322,-23.8232,3631.36,4258.5,54.8421,0.941661,3631.36,4258.5,54.8421,0.941661,-12.8642,1.10011e+17,11,A,129.326139,0.722865512,,,,,0.288241971010626,0.1096224125427568,R,99999900.0,LLLYILLSTLLALLLAFLILI,24640.102879434133,2101.760348370873,24.665856872552013,-0.0755519169021941,LLLYILLSTLLALLLAFLILI,Mutant
LLLYILLSTLLALLLAFLILI,LLLYILLSTLLALLLIFLILI,Right,clash,13.5443,-268.545,309491.0,309186.0,-74.1746,-277.501,-375.593,4295.89,-49.5322,-23.9175,3631.36,4258.5,62.9608,40.023,3631.36,4258.5,62.9608,40.023,-12.8642,1.10011e+17,15,A,129.326139,0.722865512,,,,,0.3322075025001459,0.1185006016274158,R,99999900.0,LLLYILLSTLLALLLAFLILI,24923.21227333406,2182.974442577671,28.42813862230524,-0.11951744839171402,LLLYILLSTLLALLLAFLILI,Mutant
LLLYILLSTLLALLLAFLILI,LLLYALLSTLLALLLAFLILI,Right,void,,,,,,,,,,,3644.27,4205.68,54.4497,65.79,3631.36,4258.5,109.82,127.185,-12.8642,1.1e+17,4,I,72.6852,47.51031232,3578.48,3504.175,74.305,5.0,0.3710060583739749,0.0525958090971046,R,99999900.0,LLLYILLSTLLALLLAFLILI,25099.539772417666,1342.6871173457707,31.748264496723085,-0.158316004265543,LLLYILLSTLLALLLAFLILI,Mutant
LLLYSLLVALLFALLTLLILI,LLLYILLVALLFALLTLLILI,Right,clash,24.3103,-271.101,231266000.0,231265000.0,-58.8685,-278.0,-357.266,4321.54,-53.3731,-20.3976,3430.35,4277.18,52.4852,36.1555,3422.16,4286.2,63.212,40.3343,-12.5778,1.10011e+17,4,S,102.3197,26.1097294,,,,,0.2583210097512105,0.0202692957583423,R,99999900.0,LLLYSLLVALLFALLTLLILI,24389.66221801684,1511.0276151447872,22.10541730392754,0.11338862310455311,LLLYSLLVALLFALLTLLILI,Mutant
LLLYSLLVALLFALLTLLILI,LLLYSLLVALLFALLILLILI,Right,clash,18.7315,-272.269,1872630000000.0,1872630000000.0,-45.0333,-271.982,-344.69,4311.76,-48.6487,-27.6749,3427.53,4267.1,51.5298,15.4259,3422.16,4286.2,72.5678,19.2626,-12.5778,1.10011e+17,15,T,114.2945,11.89165312,,,,,0.2916722463935107,0.0701875858995718,R,99999900.0,LLLYSLLVALLFTLLILLILI,24590.91260489835,1199.107960336731,24.959397335556112,0.08003738646225289,LLLYSLLVALLFALLTLLILI,Mutant
LLLYSLLVALLFALLTLLILI,LLLYSLLVALLFALLTALILI,Right,void,,,,,,,,,,,3408.28,4224.34,58.1854,87.2935,3422.16,4286.2,116.881,165.263,-12.5778,1.1e+17,16,L,42.1693,67.42747724,3320.9865,3256.897,64.0895,4.0,0.3069669502126088,0.0585482924899611,R,99999900.0,LLLYSLLVALLFALLTLLILI,24698.15306588294,1294.2493071848774,26.26821774775084,0.0647426826431548,LLLYSLLVALLFALLTLLILI,Mutant
LLLYSLLVALLFALLTLLILI,LLLYSLLVALLAALLTLLILI,Right,void,,,,,,,,,,,3428.36,4142.56,49.4385,38.2643,3422.16,4286.2,153.158,128.27,-12.5778,1.1e+17,11,F,90.2745,30.46286454,3390.0957,3293.89,96.2057,4.0,0.4028782403077581,0.0414129832585738,R,99999900.0,LLLYSLLVALLATLLTLLILI,25309.675353876508,1741.2427836710756,34.475676729709974,-0.031168607451994512,LLLYSLLVALLFALLTLLILI,Mutant
LLLFSLLLTLLAALLSYLILI,LLLFSLLATLLAALLSYLILI,Right,void,,,,,,,,,,,3380.69,4132.36,50.4486,56.3716,3317.21,4123.34,86.6287,92.0,-12.4535,1.1e+17,7,L,73.2238,43.49814885,3324.3184,3225.21,99.1084,4.0,0.1889674945118156,0.0677229624249148,R,99999900.0,LLLFSLLLTLLAALLSYLILI,23961.053949590187,1280.025950500378,16.170598462294635,0.02341790146431061,LLLFSLLLTLLAALLSYLILI,Mutant
LLLFSLLLTLLAALLSYLILI,LLLFILLLTLLAALLSYLILI,Right,clash,22.6021,-264.396,25981900.0,25981600.0,-74.1759,-288.59,-383.023,4298.29,-49.5409,-20.2571,3332.54,4119.52,50.2651,21.9169,3317.21,4123.34,59.5789,22.9182,-12.4535,1.10011e+17,4,S,116.5583,15.82731059,,,,,0.2080256753283215,0.0818648904778807,R,99999900.0,LLLFSLLLTLLAALLSYLILI,24093.925223245536,1368.573997764719,17.801472545700836,0.00435972064780471,LLLFSLLLTLLAALLSYLILI,Mutant
LLLFSLLLTLLAALLSYLILI,LLLFSLLLTLLAALLIYLILI,Right,clash,18.0085,-266.427,1.54e+24,1.54e+24,-58.8089,-273.568,-357.203,4274.91,-53.2563,-24.8258,3320.49,4104.51,60.963,4.17325,3317.21,4123.34,75.3934,7.59985,-12.4535,1.10011e+17,15,S,125.54715,3.217111572,,,,,0.2148631412255568,0.0378161079561288,R,99999900.0,LLLFSLLLTLLAALLSYLILI,24140.314432948348,1619.036384249475,18.386578020107763,-0.0024777452494305907,LLLFSLLLTLLAALLSYLILI,Mutant
LLLFSLLLTLLAALLSYLILI,LLLFSLLLTLLAALLSALILI,Right,void,,,,,,,,,,,3333.49,3997.68,58.4945,104.319,3317.21,4123.34,160.548,213.088,-12.4535,1.1e+17,16,Y,25.1438,80.57835919,3229.171,3104.122,125.049,4.0,0.2762651732103594,0.0501353685281015,R,99999900.0,LLLFSLLLTLLAALLSYLILI,24492.34381139924,1314.9618398764794,23.64096109038301,-0.06387977723423321,LLLFSLLLTLLAALLSYLILI,Mutant
LLLYTLLIALLFVLLSLLILI,LLLYTLLIALLFILLSLLILI,Right,clash,15.0667,-269.073,31678.7,31379.6,-60.443,-283.354,-372.198,4324.45,-45.0745,-28.4007,3507.25,4259.83,44.8247,9.54395,3492.62,4261.55,63.0706,20.0414,-12.3755,1.10011e+17,12,V,120.27805,7.35156599,,,,,0.1283878963004252,0.0636379463732524,R,99999900.0,LLLYTLLIALLFVLLSLLILI,23575.130143328253,1247.3762504844856,10.98659387878525,0.15227903930668077,LLLYTLLIALLFVLLSLLILI,Mutant
LLLYTLLIALLFVLLSLLILI,LLLYTLLIILLFVLLSLLILI,Right,clash,15.1053,-271.693,564375.0,564074.0,-60.4202,-285.863,-376.393,4316.81,-45.0745,-30.1098,3492.62,4261.55,56.7544,8.1772,3492.62,4261.55,56.7544,8.1772,-12.3755,1.10011e+17,8,A,123.1524,6.226471412,,,,,0.1887180691453986,0.2008023150646321,R,99999900.0,LLLYTLLIALLFVLLSLLILI,23942.8029718688,876.644286686689,16.149254275787534,0.09194886646170738,LLLYTLLIALLFVLLSLLILI,Mutant
LLLYTLLIALLFVLLSLLILI,LLLYTLLIALLFVLLSALILI,Right,void,,,,,,,,,,,3512.57,4218.51,55.4957,111.641,3492.62,4261.55,108.084,170.02,-12.3755,1.1e+17,16,L,17.8218,86.23403789,3400.929,3322.6,78.329,5.0,0.2476717113104697,0.0788929387355654,R,99999900.0,LLLYTLLIALLFVLLSLLILI,24329.24706439228,1239.5845142075812,21.19412020790984,0.03299522429663629,LLLYTLLIALLFVLLSLLILI,Mutant
LLLYVLLLTLLFALLSLLILI,LLLYVLLLTLLFILLSLLILI,Right,clash,14.3307,-270.755,62660000000.0,62660000000.0,-74.2801,-284.724,-387.289,4309.04,-49.6395,-28.285,3494.06,4309.46,42.5886,7.35511,3494.06,4309.46,42.5886,7.35511,-12.135,1.10011e+17,12,A,122.46689,5.665534347,,,,,0.152040942048983,0.103049393053077,R,99999900.0,LLLYVLLLTLLFALLSLLILI,23765.672740207803,1642.1247094804055,13.010666358543393,0.151511892842501,LLLYVLLLTLLFALLSLLILI,Mutant
LLLYVLLLTLLFALLSLLILI,LLLYVLLLILLFALLSLLILI,Right,clash,14.3001,-267.545,2503840.0,2503540.0,-60.5111,-281.577,-375.626,4292.92,-45.1334,-33.5385,3504.22,4293.73,52.8488,15.7258,3494.06,4309.46,76.0394,22.088,-12.135,1.10011e+17,8,T,115.6038,11.97429978,,,,,0.1562821985201297,0.1389433900853288,R,99999900.0,LLLYVLLLTLLFALLSLLILI,23803.720209924744,1671.5809656147744,13.373605262653346,0.1472706363713543,LLLYVLLLTLLFALLSLLILI,Mutant
LLLYVLLLTLLFALLSLLILI,LLLYVLLATLLFALLSLLILI,Right,void,,,,,,,,,,,3466.14,4238.58,58.2685,78.174,3494.06,4309.46,121.619,180.805,-12.135,1.1e+17,7,L,51.4214,60.32158549,3387.966,3313.255,74.711,4.0,0.2687229713369911,0.0783932597247626,R,99999900.0,LLLYVLLLTLLFALLSLLILI,24470.658417419403,1324.689740349659,22.99554893454697,0.03482986355449291,LLLYVLLLTLLFALLSLLILI,Mutant
LLLYVLLLTLLFALLSLLILI,LLLYVLLLTLLAALLSLLILI,Right,void,,,,,,,,,,,3503.8,4174.6,53.2943,32.0905,3494.06,4309.46,154.318,123.467,-12.135,1.1e+17,11,F,98.1773,24.63425344,3471.7095,3370.593,101.1165,4.0,0.2991606298403667,0.074268742923861,R,99999900.0,LLLYVLLLTLLFALLSLLILI,24628.06701411509,1203.1375580709937,25.600204063526093,0.004392205051117315,LLLYVLLLTLLFALLSLLILI,Mutant
LLLYWLLVALLAFLLSLLILI,LLLYWLLVALLIFLLSLLILI,Right,clash,20.5391,-274.39,514525000.0,514525000.0,-60.3026,-288.186,-371.851,4336.9,-45.0342,-23.3616,3523.96,4352.15,53.6632,4.69585,3523.96,4352.15,53.6632,4.69585,-12.0787,1.10011e+17,11,A,125.57195,3.604766489,,,,,0.2768879055422692,0.0725515714645688,R,99999900.0,LLLYWLLVALLAFLLSLLILI,24496.68597722011,1177.8960164072616,23.694250437923,0.08274206629303799,LLLYWLLVALLAFLLSLLILI,Mutant
LLLYWLLVALLAFLLSLLILI,LLLYWLLVILLAFLLSLLILI,Right,clash,20.5627,-274.39,349526000.0,349526000.0,-60.4308,-287.89,-368.811,4352.37,-45.0342,-20.4898,3523.96,4352.15,37.6321,26.5145,3523.96,4352.15,37.6321,26.5145,-12.0787,1.10011e+17,8,A,125.57195,3.604766489,,,,,0.3280112368296952,0.1127637514558084,R,99999900.0,LLLYWLLVALLAFLLSLLILI,24791.31891760536,1083.1771638022512,28.069049735757467,0.03161873500561202,LLLYWLLVALLAFLLSLLILI,Mutant
LLLYWLLVALLAFLLSLLILI,LLLYALLVALLAFLLSLLILI,Right,void,,,,,,,,,,,3537.72,4154.48,59.5741,45.6529,3523.96,4352.15,197.651,185.94,-12.0787,1.1e+17,4,W,92.8223,32.96828602,3492.0671,3338.02,154.0471,5.0,0.3469059959977855,0.0497265177253509,R,99999900.0,LLLYWLLVALLAFLLSLLILI,24966.654051887177,1460.100347193739,29.6859392666172,0.012723975837521717,LLLYWLLVALLAFLLSLLILI,Mutant
LLLYWLLVALLAFLLSLLILI,LLLYWLLVALLAALLSLLILI,Right,void,,,,,,,,,,,3564.13,4258.22,44.902,70.8022,3523.96,4352.15,131.663,140.954,-12.0787,1.1e+17,12,F,59.0198,54.53790575,3493.3278,3383.006,110.3218,5.0,0.4463478745099624,0.0369117527162171,R,99999900.0,LLLYWLLVALLAFLLSLLILI,25579.85515856908,1640.5399911058842,38.19552284294044,-0.08671790267465518,LLLYWLLVALLAFLLSLLILI,Mutant
LLLYILLTVLLALLLSFLILI,LLLYILLTVLLALLLIFLILI,Right,clash,21.9605,-282.597,168049.0,167738.0,-58.9404,-283.071,-367.123,4699.65,-49.8503,-25.1117,3978.05,4760.78,43.5405,17.6773,3976.37,4762.93,52.3903,19.5721,-9.91319,1.10011e+17,15,S,112.0431,13.62723211,,,,,0.1747954249671307,0.1010625173597048,R,99999900.0,LLLYILLTVLLALLLSFLILI,23880.13295320149,1261.4409017983703,14.957845726281164,0.08469653616866776,LLLYILLTVLLALLLSFLILI,Mutant
LLLYILLTVLLALLLSFLILI,LLLYILLIVLLALLLSFLILI,Right,clash,11.2089,-267.24,599.92,298.793,-60.4181,-285.231,-376.867,4302.51,-45.0955,-31.2175,3708.3,4249.19,58.7138,31.8991,3694.41,4284.91,88.9916,53.1783,-11.9934,1.10011e+17,7,T,97.6963,24.61437674,,,,,0.1980724097652329,0.031487529374273,R,99999900.0,LLLYILLTVLLALLLSFLILI,24002.58983512825,1367.9919871951336,16.94973737704077,0.06141955137056557,LLLYILLTVLLALLLSFLILI,Mutant
LLLYILLTVLLALLLSFLILI,LLLYILLTVLLAALLSFLILI,Right,void,,,,,,,,,,,3704.39,4245.03,50.9626,87.8262,3694.41,4284.91,104.767,147.611,-11.9934,1.1e+17,12,L,41.9958,67.65124555,3616.5638,3546.799,69.7648,5.0,0.2410131998441338,0.078441564568526,R,99999900.0,LLLYILLTVLLALLLSFLILI,24287.86970137213,1244.495970098614,20.62432847967177,0.018478761291664675,LLLYILLTVLLALLLSFLILI,Mutant
LLLYILLTVLLALLLSFLILI,LLLYILLTVLLALLLSALILI,Right,void,,,,,,,,,,,3885.37,4661.03,46.4816,89.808,3976.37,4762.93,138.402,268.635,-9.91319,1.1e+17,16,F,39.6548,69.36973401,3795.562,3707.735,87.827,5.0,0.2412598692260336,0.1336475729807932,R,99999900.0,LLLYILLTVLLALLLSFLILI,24265.48662383835,898.2353741945789,20.64543682710449,0.01823209190976488,LLLYILLTVLLALLLSFLILI,Mutant
LLLYILLTVLLALLLSFLILI,LLLYILLTVLLILLLSFLILI,Right,clash,21.9479,-284.63,1155440.0,1155130.0,-74.2457,-285.219,-381.322,4706.6,-49.8503,-21.857,3976.37,4762.93,47.4801,2.27156,3976.37,4762.93,47.4801,2.27156,-9.91319,1.10011e+17,11,A,127.99624,1.743761697,,,,,0.249191268361591,0.1189083581666565,R,99999900.0,LLLYILLTVLLALLLSFLILI,24284.194501461625,1133.055497216223,21.324153931316665,0.010300692774207476,LLLYILLTVLLALLLSFLILI,Mutant
LLLYSLLVALLFTLLFLLILI,LLLYSLLVALLFILLFLLILI,Right,clash,16.1619,-271.798,490616000.0,490616000.0,-45.0712,-278.562,-340.048,4371.05,-50.8396,-16.4144,3455.86,4373.18,45.1987,9.29838,3445.66,4379.2,66.4958,14.7663,-11.9863,1.10011e+17,12,T,120.52362,7.162406988,,,,,0.1311735116173585,0.1313455628162202,R,99999900.0,LLLYSLLVALLFTLLFLLILI,23601.928117419047,1149.705388571099,11.224968562626604,0.09979876140749702,LLLYSLLVALLFTLLFLLILI,Mutant
LLLYSLLVALLFTLLFLLILI,LLLYSLLVILLFTLLFLLILI,Right,clash,16.2145,-275.008,1240260.0,1239950.0,-58.8425,-281.82,-350.94,4392.16,-55.3444,-10.2774,3445.66,4379.2,50.9678,5.76973,3445.66,4379.2,50.9678,5.76973,-11.9863,1.10011e+17,8,A,125.55987,4.393320318,,,,,0.1557312409441507,0.0907767494509104,R,99999900.0,LLLYSLLVALLFTLLFLLILI,23790.58768033581,1859.7517164417263,13.326457927848844,0.07524103208070482,LLLYSLLVALLFTLLFLLILI,Mutant
LLLYSLLVALLFTLLFLLILI,LLLYSLLVALLFTLLALLILI,Right,void,,,,,,,,,,,3479.2,4264.61,50.5073,38.5812,3445.66,4379.2,140.824,110.244,-11.9863,1.1e+17,15,F,91.1392,29.74181393,3440.6188,3335.416,105.2028,4.0,0.2895621454099866,0.0605216516606398,R,99999900.0,LLLYSLLVALLFTLLFLLILI,24577.65173959824,1248.7666474688708,24.77882873666765,-0.05858987238513108,LLLYSLLVALLFTLLFLLILI,Mutant
LLLVYLLLALLFTLLSLLILI,LLLVYLLLALLFILLSLLILI,Right,clash,12.8854,-267.041,2834820000.0,2834820000.0,-60.4802,-281.755,-378.312,4236.89,-45.1172,-36.0768,3461.95,4226.71,45.864,18.2997,3452.85,4235.26,68.3419,31.0707,-11.9489,1.10011e+17,12,T,111.5223,14.09599297,,,,,0.2253397581872018,0.075021659984267,R,99999900.0,LLLVYLLLALLFTLLSLLILI,24189.89236635252,1259.0683044278708,19.283098168018352,0.24012525056475997,LLLVYLLLALLFTLLSLLILI,Mutant
LLLVYLLLALLFTLLSLLILI,LLLVYLLLALLFTLLILLILI,Right,clash,12.887,-268.221,32269800.0,32269500.0,-58.8843,-277.126,-367.883,4276.32,-49.6202,-31.8724,3454.2,4244.33,50.3743,18.9312,3452.85,4235.26,51.8468,23.7836,-11.9489,1.10011e+17,15,S,110.7892,14.59384954,,,,,0.318935318198964,0.043528379891378,R,99999900.0,LLLVYLLLALLFTLLSLLILI,24785.8423820683,1436.1547085913228,27.29239216174896,0.1465296905529978,LLLVYLLLALLFTLLSLLILI,Mutant
LLLVYLLLALLFTLLSLLILI,LLLVYLLLALLATLLSLLILI,Right,void,,,,,,,,,,,3466.77,4093.95,54.1603,60.0982,3452.85,4235.26,157.068,157.12,-11.9489,1.1e+17,11,F,70.1696,46.13434786,3406.6718,3295.73,110.9418,4.0,0.3974134038082358,0.0796942402911148,R,99999900.0,LLLVYLLLALLFTLLSLLILI,25258.980428268234,1213.6668077076608,34.00803187404756,0.06805160494372597,LLLVYLLLALLFTLLSLLILI,Mutant
LLLVYLLLALLFTLLSLLILI,LLLVALLLALLFTLLSLLILI,Right,void,,,,,,,,,,,3461.02,4087.19,53.9605,102.368,3452.85,4235.26,165.193,179.848,-11.9489,1.1e+17,4,Y,36.1072,73.9251505,3358.652,3273.002,85.65,4.0,0.5737946722770902,0.0324330169222223,R,99999900.0,LLLVALLLALLFTLLSILILI,26390.832174547977,1605.1095317354043,49.10158368330698,-0.10832966352512846,LLLVYLLLALLFTLLSLLILI,Mutant
LLLAILLVTLLFTLLSLLILI,LLLAILLVTLLFILLSLLILI,Right,clash,11.7488,-261.093,582991000.0,582990000.0,-74.2697,-278.715,-389.018,4141.66,-49.6262,-36.0332,3324.17,4117.88,42.9399,10.1858,3316.91,4121.06,62.216,20.044,-11.9177,1.10011e+17,12,T,119.6362,7.845973718,,,,,0.2886178213678517,0.0493542751542904,R,99999900.0,LLLAILLVTLLFTLLSLLILI,24573.53538423671,1312.8552628614866,24.69801968036353,0.06707755446278091,LLLAILLVTLLFTLLSLLILI,Mutant
LLLAILLVTLLFTLLSLLILI,LLLAILLVTLLATLLSLLILI,Right,void,,,,,,,,,,,3324.35,3986.1,50.6951,29.9832,3316.91,4121.06,151.911,120.786,-11.9177,1.1e+17,11,F,100.2846,23.01658583,3294.3668,3196.124,98.2428,5.0,0.3128260519838061,0.0654266481272343,R,99999900.0,LLLAILLVTLLFTLLSLLILI,24725.353426333484,1236.3897358050986,26.769601238792607,0.04286932384682651,LLLAILLVTLLFTLLSLLILI,Mutant
LLLAILLVTLLFTLLSLLILI,LLLAILLVILLFTLLSLLILI,Right,clash,11.7217,-261.092,566718000.0,566717000.0,-74.156,-278.736,-389.023,4142.19,-49.6255,-36.1311,3326.06,4108.19,48.2118,12.3404,3316.91,4121.06,72.0305,15.2779,-11.9177,1.10011e+17,8,T,118.9892,9.396510764,,,,,0.320952507692957,0.0403635498970511,R,99999900.0,LLLAILLVTLLFTLLSLLILI,24785.2379755719,1650.051813065788,27.46501000490759,0.034742868137675575,LLLAILLVTLLFTLLSLLILI,Mutant
LLLAILLVTLLFTLLSLLILI,LLLAILLVTLLFTLLSALILI,Right,void,,,,,,,,,,,3355.81,4076.57,55.6245,105.851,3316.91,4121.06,109.033,142.528,-11.9177,1.1e+17,16,L,23.6118,81.7617107,3249.959,3174.382,75.577,5.0,0.391022536357354,0.0574411357583324,R,99999900.0,LLLAILLVTLLFTLLSLLILI,25215.74483489033,1415.6762614996735,33.461143364778074,-0.03532716052672141,LLLAILLVTLLFTLLSLLILI,Mutant
LLLYLLLATLLAFLLSILILI,LLLYLLLATLLIFLLSILILI,Right,clash,13.3118,-267.467,68669400.0,68669100.0,-74.0792,-281.752,-378.744,4336.96,-49.5568,-22.9126,3549.44,4227.81,50.8928,3.81324,3549.44,4227.81,50.8928,3.81324,-11.9084,1.10011e+17,11,A,126.45456,2.927231442,,,,,0.0942366426263125,0.0985907207161633,R,99999900.0,LLLYLLLATLLAFLLSILILI,23386.814271268257,1440.0328725422696,8.06415363807226,0.1607401846974561,LLLYLLLATLLAFLLSILILI,Mutant
LLLYLLLATLLAFLLSILILI,LLLYLLLITLLAFLLSILILI,Right,clash,13.6262,-267.457,12008.5,11705.1,-74.0792,-281.391,-378.358,4318.79,-49.5568,-22.8875,3549.44,4227.81,56.9481,22.1747,3549.44,4227.81,56.9481,22.1747,-11.9084,1.10011e+17,7,A,126.45456,2.927231442,,,,,0.2456914821758085,0.0423425988373418,R,99999900.0,LLLYLLLATLLAFLLSILILI,24312.03196278492,1338.4260122484186,21.024665189825004,0.009285345147960089,LLLYLLLATLLAFLLSILILI,Mutant
LLLYLLLATLLAFLLSILILI,LLLYLLLATLLAALLSILILI,Right,void,,,,,,,,,,,3541.34,4149.43,46.1445,67.0666,3549.44,4227.81,128.272,176.139,-11.9084,1.1e+17,12,F,97.7372,24.71445518,3474.2734,3373.301,100.9724,5.0,0.2668377402468861,0.1009896741798471,R,99999900.0,LLLYLLLATLLAFLLSILILI,24407.53060463993,1105.5854767359335,22.834223225882223,-0.011860912923117528,LLLYLLLATLLAFLLSILILI,Mutant
LLLYLLLATLLAFLLSILILI,LLLYALLATLLAFLLSILILI,Right,void,,,,,,,,,,,3586.63,4138.77,55.6657,54.2781,3549.44,4227.81,124.332,98.2192,-11.9084,1.1e+17,4,L,84.1971,39.19698256,3532.3519,3451.2208,81.1311,5.0,0.3138402235943068,0.0213791142283058,R,99999900.0,LLLYLLLATLLAFLLSILILI,24746.54788703625,1477.7456356152666,26.856387391763704,-0.058863396270538215,LLLYLLLATLLAFLLSILILI,Mutant
LLLYYLLVFLLATLLSLLILI,LLLYYLLVFLLITLLSLLILI,Right,clash,11.3171,-271.477,5475970.0,5475660.0,-74.1041,-289.608,-373.475,4319.53,-49.5803,-9.76326,3525.69,4362.68,46.526,0.926288,3525.69,4362.68,46.526,0.926288,-11.8168,1.10011e+17,11,A,129.341512,0.711064438,,,,,0.1593719622413001,0.1851416745850091,R,99999900.0,LLLYYLLVFLLATLLSLLILI,23761.85987184937,911.5433641086416,13.63800697156888,0.10905661315194018,LLLYYLLVFLLATLLSLLILI,Mutant
LLLYYLLVFLLATLLSLLILI,LLLYYLLIFLLATLLSLLILI,Right,clash,11.2436,-268.865,150877000000.0,150877000000.0,-74.1041,-287.539,-370.063,4376.11,-49.5803,-8.4199,3544.72,4331.9,58.8752,29.9545,3525.69,4362.68,93.0926,47.6757,-11.8168,1.10011e+17,7,V,99.6409,23.11386052,,,,,0.2831572943216778,0.0489615445451531,R,99999900.0,LLLYYLLVFLLATLLSLLILI,24574.40005935509,1842.28468220704,24.23074359944657,-0.014728718928437523,LLLYYLLVFLLATLLSLLILI,Mutant
LLLYYLLVFLLATLLSLLILI,LLLYALLVFLLATLLSLLILI,Right,void,,,,,,,,,,,3601.79,4238.29,59.135,58.7109,3525.69,4362.68,165.415,133.459,-11.8168,1.1e+17,4,Y,79.7643,42.39813338,3543.0791,3392.231,150.8481,4.0,0.3004291877753614,0.0693688494009137,R,99999900.0,LLLYYLLVFLLATLLSLLILI,24646.027661096687,1207.901228316236,25.70875892925023,-0.032000612382121096,LLLYYLLVFLLATLLSLLILI,Mutant
LLLYYLLVFLLATLLSLLILI,LLLYYLLVALLATLLSLLILI,Right,void,,,,,,,,,,,3562.38,4232.27,52.3783,55.819,3525.69,4362.68,151.119,139.628,-11.8168,1.1e+17,8,F,75.5106,42.50298486,3506.561,3386.062,120.499,4.0,0.3102158633552453,0.0107113034345327,R,99999900.0,LLLTYLLVALLATLLSLLILI,24732.348230943226,1650.013923362971,26.546238420058387,-0.04178728796200504,LLLYYLLVFLLATLLSLLILI,Mutant
LLLYLLLATLLAVLLSFLILI,LLLYLLLATLLIVLLSFLILI,Right,clash,24.4292,-279.781,1908.48,1603.55,-74.1676,-281.144,-369.572,4722.14,-49.5736,-14.2604,4088.09,4793.45,53.5687,13.2704,4088.09,4793.45,53.5687,13.2704,-6.11924,1.10011e+17,11,A,116.9974,10.18701475,,,,,0.1839169961302381,0.1038942875308321,R,99999900.0,LLLYLLLATLLAVLLSFLILI,23891.74023607805,947.88523046187,15.738409944507769,0.0672367805069331,LLLYLLLATLLAVLLSFLILI,Mutant
LLLYLLLATLLAVLLSFLILI,LLLYLLLITLLAVLLSFLILI,Right,clash,24.8392,-279.755,1530.81,1226.32,-74.1676,-281.097,-369.87,4707.87,-49.5736,-14.606,4088.09,4793.45,57.3621,56.5718,4088.09,4793.45,57.3621,56.5718,-6.11924,1.10011e+17,7,A,116.9974,10.18701475,,,,,0.220240924332539,0.0784130425222318,R,99999900.0,LLLYLLLATLLAVLLSFLILI,24167.92207917973,1347.298208413774,18.8467734175489,0.0309128523046322,LLLYLLLATLLAVLLSFLILI,Mutant
LLLYLLLATLLAVLLSFLILI,LLLYLLLATLLAVLLSALILI,Right,void,,,,,,,,,,,4026.81,4691.43,40.9163,81.0167,4088.09,4793.45,133.903,242.993,-6.11924,1.1e+17,16,F,48.4461,62.5791347,3945.7933,3845.097,100.6963,4.0,0.2644001634524618,0.0586328842382576,R,99999900.0,LLLYLLLATLLAVLLSFLILI,24424.206783354584,1252.5971259906205,22.62563139549639,-0.013246386815290612,LLLYLLLATLLAVLLSFLILI,Mutant
LLLYLLLATLLAVLLSFLILI,LLLYALLATLLAVLLSFLILI,Right,void,,,,,,,,,,,4129.48,4732.28,53.9776,80.5349,4088.09,4793.45,112.731,104.906,-6.11924,1.1e+17,4,L,57.9403,58.15835615,4048.9451,3983.184,65.7611,4.0,0.2877171108671211,0.049945968351998,R,99999900.0,LLLYLLLATLLAVLLSFLILI,24565.622775192955,1319.5247528635246,24.62094278480689,-0.036563334229949895,LLLYLLLATLLAVLLSFLILI,Mutant
LLLYLLLATLLAVLLSFLILI,LLLALLLATLLAVLLSFLILI,Right,void,,,,,,,,,,,3450.18,4078.65,60.0818,109.376,3639.93,4269.05,181.393,351.558,-11.7436,1.1e+17,3,Y,60.3548,64.44086754,3340.804,3288.372,52.432,4.0,0.368007191182913,0.0310810258602002,R,99999900.0,LLLYLLLATLLAVLLSFLILI,25083.052486463243,1577.0266410291547,31.49164111652909,-0.11685341454574177,LLLYLLLATLLAVLLSFLILI,Mutant
LLLAVLLITLLFTLLSLLILI,LLLAVLLITLLFILLSLLILI,Right,clash,10.8521,-261.374,79525800.0,79525500.0,-74.2927,-278.752,-389.412,4134.07,-49.6693,-36.3677,3307.78,4110.27,42.4044,9.38685,3300.22,4114.93,62.6082,19.5712,-11.6821,1.10011e+17,12,T,120.43515,7.230554143,,,,,0.2299742123678142,0.0709779865078232,R,99999900.0,LLLAVLLITLLFTLLSLLILI,24235.844944737604,1448.2802850665057,19.67968435253752,0.1440185911862086,LLLAVLLITLLFTLLSLLILI,Mutant
LLLAVLLITLLFTLLSLLILI,LLLAVLLITLLATLLSLLILI,Right,void,,,,,,,,,,,3805.88,4573.22,50.3554,31.8621,3795.38,4701.23,149.036,121.591,-14.879,1.1e+17,11,F,98.4057,24.45892231,3774.0179,3673.789,100.2289,4.0,0.3394996747869943,0.0440665021137989,R,99999900.0,LLLAVLLITLLFTLLSLLILI,24899.81426449638,1370.2422888666454,29.052154886441745,0.034493128767028536,LLLAVLLITLLFTLLSLLILI,Mutant
LLLAVLLITLLFTLLSLLILI,LLLAVLLIILLFTLLSLLILI,Right,clash,22.6354,-275.532,7865800.0,7865500.0,-74.1907,-277.516,-383.22,4597.09,-49.6619,-31.5136,3803.64,4690.24,49.3456,11.1479,3795.38,4701.23,72.1324,13.0059,-14.879,1.10011e+17,8,T,120.1817,8.488490028,,,,,0.3413872294447903,0.1012296916374777,R,99999900.0,LLLAVLLITLLFTLLSLLILI,24902.845401434875,1083.1420515101377,29.213679430785767,0.03260557410923254,LLLAVLLITLLFTLLSLLILI,Mutant
LLLAVLLITLLFTLLSLLILI,LLLAVLLATLLFTLLSLLILI,Right,void,,,,,,,,,,,3792.9,4646.58,58.659,80.1956,3795.38,4701.23,112.44,157.619,-14.879,1.1e+17,7,I,49.3998,61.8815174,3712.7044,3637.761,74.9434,4.0,0.3703731054283536,0.041625146212826,R,99999900.0,LLLAVLLYTLLFTLLSLLILI,25097.11948615328,1402.356297638483,31.69410053611383,0.003619698125669202,LLLAVLLITLLFTLLSLLILI,Mutant
LLLAVLLITLLFTLLSLLILI,LLLAVLLITLLFTLLILLILI,Right,clash,22.6619,-276.712,21826.2,21518.0,-72.6819,-278.591,-379.559,4633.13,-54.1667,-28.2861,3801.64,4713.66,36.4425,10.9202,3795.38,4701.23,37.6724,11.543,-14.879,1.10011e+17,15,S,118.8002,8.41825958,,,,,0.3841325038043998,0.1101803841436697,R,99999900.0,LLLAVLLITLLFTLLSLLILI,25148.645985946536,1140.8844331894657,32.871539580837364,-0.01013970025037697,LLLAVLLITLLFTLLSLLILI,Mutant
LLLAVLLITLLFTLLSLLILI,LLLAVLLITLLFTLLSALILI,Right,void,,,,,,,,,,,3336.81,4068.94,55.821,106.368,3300.22,4114.93,109.501,147.195,-11.6821,1.1e+17,16,L,23.0948,82.16105321,3230.442,3153.025,77.417,5.0,0.4240808515188266,0.0262119837272228,R,99999900.0,LLLAVLLITLLFTLLSLLILI,25465.40169972437,1791.4258641215094,36.290057097783794,-0.05008804796480376,LLLAVLLITLLFTLLSLLILI,Mutant
LLLYWLLLALLVALLSTLILI,LLLYWLLLILLVALLSTLILI,Right,clash,29.484,-279.205,415777000.0,415777000.0,-74.2355,-297.634,-402.365,4247.72,-49.5698,-30.4959,3447.44,4127.59,40.3096,4.36858,3447.44,4127.59,40.3096,4.36858,-11.5575,1.10011e+17,8,A,123.77229,4.660003697,,,,,0.2402676778024822,0.063167426347916,R,99999900.0,LLLYWLLLALLVALLSTLILI,24267.507024208902,1207.5749520852794,20.56053159433188,0.06299380687905082,LLLYWLLLALLVALLSTLILI,Mutant
LLLYWLLLALLVALLSTLILI,LLLYWLLAALLVALLSTLILI,Right,void,,,,,,,,,,,3412.67,4074.41,59.1036,90.0014,3447.44,4127.59,117.819,196.878,-11.5575,1.1e+17,7,L,39.594,69.44798967,3322.6686,3250.562,72.1066,5.0,0.2779575361770721,0.0196828780521915,R,99999900.0,LLLYWLLLALLVALLSTLILI,24523.438830321666,1486.1560537228506,23.78578241035588,0.025303948504460938,LLLYWLLLALLVALLSTLILI,Mutant
LLLYWLLLALLVALLSTLILI,LLLYALLLALLVALLSTLILI,Right,void,,,,,,,,,,,3536.14,4084.87,59.2063,71.7493,3447.44,4127.59,145.295,161.475,-11.5575,1.1e+17,4,W,66.7259,51.81382659,3464.3907,3285.965,178.4257,5.0,0.3062123858558634,0.0634051012420446,R,99999900.0,LLLYWLLLALLVALLSTLILI,24691.25557055406,1264.1337033193863,26.203647080407173,-0.0029509011743303892,LLLYWLLLALLVALLSTLILI,Mutant
LLLYWLLLALLVALLSTLILI,LLLYWLLLALLVILLSTLILI,Right,clash,29.3669,-279.207,2135930.0,2135630.0,-74.232,-295.449,-400.485,4249.31,-49.5698,-30.8045,3447.44,4127.59,50.9653,6.04971,3447.44,4127.59,50.9653,6.04971,-11.5575,1.10011e+17,12,A,123.77229,4.660003697,,,,,0.337600907200888,0.038031933791951,R,99999900.0,LLLYWLLLALLVALLSTLILI,24893.54694961315,1403.7003678119484,28.88967081325514,-0.034339422519354956,LLLYWLLLALLVALLSTLILI,Mutant
LLLYILLVALLATLLTLLILI,LLLYILLVALLATLLILLILI,Right,clash,13.5242,-262.922,1587620.0,1587320.0,-58.8077,-272.121,-369.334,4302.2,-49.5437,-38.4051,3523.03,4143.27,59.2918,9.67149,3516.6,4180.55,90.6183,12.9316,-11.5225,1.10011e+17,15,T,120.04891,7.45564306,,,,,0.2725893521102649,0.0599041189952274,R,99999900.0,LLLYILLVALLATLLTLLILI,24461.776529759903,1316.7862699744417,23.326408435798587,0.0717411215574294,LLLYILLVALLATLLTLLILI,Mutant
LLLYILLVALLATLLTLLILI,LLLYILLVALLATLLTALILI,Right,void,,,,,,,,,,,3505.54,4140.26,55.6694,93.979,3516.6,4180.55,107.412,170.202,-11.5225,1.1e+17,16,L,35.4838,72.59150891,3411.561,3346.398,65.163,4.0,0.2834638955012011,0.071283028061155,R,99999900.0,LLLYILLVALLATLLTLLILI,24541.55951352026,1195.9886674699408,24.256980516938366,0.06086657816649321,LLLYILLVALLATLLTLLILI,Mutant
LLLYILLVALLATLLTLLILI,LLLYILLVALLITLLTLLILI,Right,clash,13.5234,-266.132,149971.0,149665.0,-72.5251,-280.548,-386.638,4285.84,-54.1717,-33.5645,3516.6,4180.55,51.7595,18.1437,3516.6,4180.55,51.7595,18.1437,-11.5225,1.10011e+17,11,A,112.1241,13.92800063,,,,,0.3255333622307828,0.0601028283618525,R,99999900.0,LLLYILLVALLATLLTLLILI,24819.998136199472,1322.9729627892757,27.857009483636613,0.01879711143691154,LLLYILLVALLATLLTLLILI,Mutant
LLLYILLVALLATLLTLLILI,LLLYALLVALLATLLTLLILI,Right,void,,,,,,,,,,,3516.25,4129.24,52.534,72.8085,3516.6,4180.55,108.418,132.873,-11.5225,1.1e+17,4,I,100.5689,27.37407131,3443.4415,3383.727,59.7145,4.0,0.4078740282358037,0.0451170560980522,R,99999900.0,LLLYSLLVALLATLLTLLILI,25351.850821045053,1493.8863788844544,34.90318348581058,-0.0635435545681094,LLLYILLVALLATLLTLLILI,Mutant
LLLYVLLIALLFTLLSLLILI,LLLYVLLIALLFILLSLLILI,Right,clash,13.1338,-266.258,2132530.0,2132230.0,-60.4556,-281.893,-370.198,4316.97,-45.0941,-27.8494,3501.08,4280.83,46.0815,8.32775,3493.18,4289.61,68.4615,15.8623,-11.4802,1.10011e+17,12,T,121.49425,6.414744804,,,,,0.1351941370897417,0.143120411879612,R,99999900.0,LLLYVLLIALLFTLLSLLILI,23608.80560518213,944.4223903042692,11.569027313308275,0.12265028792542532,LLLYVLLIALLFTLLSLLILI,Mutant
LLLYVLLIALLFTLLSLLILI,LLLYVLLIILLFTLLSLLILI,Right,clash,13.1701,-269.467,468044.0,467738.0,-74.1173,-285.897,-382.826,4298.51,-49.6004,-22.8118,3493.18,4289.61,50.0102,10.9247,3493.18,4289.61,50.0102,10.9247,-11.4802,1.10011e+17,8,A,120.4049,8.318535958,,,,,0.2087350099508733,0.1786497667183212,R,99999900.0,LLLYVLLIALLFTLLSLLILI,24083.35694043331,1033.2547708510765,17.86217274912111,0.04910941506429373,LLLYVLLIALLFTLLSLLILI,Mutant
LLLYVLLIALLFTLLSLLILI,LLLYVLLAALLFTLLSLLILI,Right,void,,,,,,,,,,,3495.83,4240.02,58.4467,87.2683,3493.18,4289.61,110.569,162.303,-11.4802,1.1e+17,7,I,42.3271,67.33904135,3408.5617,3330.877,77.6847,4.0,0.257429755168485,0.0430858431823159,R,99999900.0,LLLYVLLIALLFTLLSLLILI,24386.32564616845,1340.9824489690643,22.02914958379839,0.00041466984668203644,LLLYVLLIALLFTLLSLLILI,Mutant
LLLYTLLVLLLAFLLSILILI,LLLYTLLVLLLIFLLSILILI,Right,clash,27.3005,-285.414,3560070000.0,3560070000.0,-60.3747,-285.785,-374.686,4732.17,-45.1009,-28.5264,4066.36,4808.73,49.1969,8.76514,4066.36,4808.73,49.1969,8.76514,-22.8958,1.10011e+17,11,A,121.50266,6.728554562,,,,,0.1453701522674586,0.0418856755019497,R,99999900.0,LLLYTLLVLLLAFLLSILILI,23690.18834076484,1412.336542359362,12.439823932643185,0.15682544464720458,LLLYTLLVLLLAFLLSILILI,Mutant
LLLYTLLVLLLAFLLSILILI,LLLYTLLVLLLAFLLIILILI,Right,clash,27.301,-283.384,1764.91,1463.73,-45.1009,-283.682,-359.541,4738.63,-45.1009,-30.7581,4068.38,4805.55,39.2739,3.46032,4066.36,4808.73,48.8784,3.67969,-22.8958,1.10011e+17,15,S,126.26008,2.667521839,,,,,0.2376361366029998,0.0170224219458642,R,99999900.0,LLLYTLLVLLLAFLLSILILI,24259.987939989303,1468.6049285322388,20.335341562661355,0.0645594603116634,LLLYTLLVLLLAFLLSILILI,Mutant
LLLYTLLVLLLAFLLSILILI,LLLYTLLILLLAFLLSILILI,Right,clash,15.0769,-266.988,338.407,41.4073,-60.3441,-283.144,-374.961,4293.83,-45.0894,-31.4728,3736.83,4228.66,54.8576,26.5017,3725.68,4253.44,81.4389,31.3781,-11.0904,1.10011e+17,7,V,103.0937,20.44956843,,,,,0.2865101637895156,0.0363201752621334,R,99999900.0,LLLYTLLVLLLAFLLSILILI,24578.97143459676,1435.7829510230313,24.51766017206114,0.015685433125147585,LLLYTLLVLLLAFLLSILILI,Mutant
LLLYTLLVLLLAFLLSILILI,LLLYTLLVLLLAALLSILILI,Right,void,,,,,,,,,,,3670.57,4145.29,45.976,76.9556,3725.68,4253.44,139.101,236.38,-11.0904,1.1e+17,12,F,52.8664,59.27778035,3593.6144,3489.3,104.3144,4.0,0.3639700018081968,0.088040261971948,R,99999900.0,LLLYTLLVLLLAFLLSILILI,25030.91445196045,1218.7189486582706,31.14616493575296,-0.061774404893533585,LLLYTLLVLLLAFLLSILILI,Mutant
LLLYTLLVLLLAFLLSILILI,LLLYTLLVALLAFLLSILILI,Right,void,,,,,,,,,,,3748.27,4194.27,58.7739,73.8705,3725.68,4253.44,117.18,119.66,-11.0904,1.1e+17,8,L,57.4591,56.24817254,3674.3995,3606.02,68.3795,4.0,0.3642404731477319,0.036037544753593,R,99999900.0,LLLYTLLVLLLAFLLSILILI,25070.906724028475,1468.8699159780838,31.16931009856776,-0.0620448762330687,LLLYTLLVLLLAFLLSILILI,Mutant
LLLSYLLVALLTFLLTLLILI,LLLSALLVALLTFLLTLLILI,Right,void,,,,,,,,,,,3503.12,4025.48,56.6349,60.3954,3459.21,4148.23,164.524,172.368,-11.0706,1.1e+17,4,Y,78.0798,43.61459669,3442.7246,3286.842,155.8826,4.0,0.3984597687422336,0.0856357870820877,R,99999900.0,LLLSYLLVALLTFLLTLLILI,25285.492278958,1305.2480203189057,34.09757292043978,3.3194940363796324,LLLSYLLVALLTFLLTLLILI,Mutant
LLLSYLLVALLTFLLTLLILI,LLLIYLLVALLTFLLTLLILI,Right,clash,24.5309,-264.884,15294000.0,15293700.0,-72.693,-282.139,-373.568,4244.03,-55.406,-18.736,3456.5,4136.68,60.4773,50.9314,3459.21,4148.23,72.1068,72.1318,-11.0706,1.10011e+17,3,S,118.7994,30.00716429,,,,,0.41257295947172,0.1374961966884925,R,99999900.0,LLLSYLLVALLTFLLTLLILI,25381.82043521419,1264.5876953224383,35.30528719372203,3.305380845650146,LLLSYLLVALLTFLLTLLILI,Mutant
LLLSYLLVALLTFLLTLLILI,LLLSYLLIALLTFLLTLLILI,Right,clash,18.1379,-273.38,1070710000.0,1070710000.0,-72.693,-281.808,-373.486,4223.09,-55.2152,-18.9846,3476.92,4128.64,51.759,25.6288,3459.21,4148.23,81.085,44.5237,-11.0706,1.10011e+17,7,V,103.9666,19.77601057,,,,,0.8244351928326896,0.1342251174140566,R,99999900.0,LLLSYLLVALLTFLLTLLILI,27977.37498431079,1377.7948800016393,70.54975510959255,2.8935186122891765,LLLSYLLVALLTFLLTLLILI,Mutant
LLLSYLLVALLTFLLTLLILI,LLLSYLLVALLTALLTLLILI,Right,void,,,,,,,,,,,3430.19,4070.91,47.0377,72.0985,3459.21,4148.23,131.389,214.341,-11.0706,1.1e+17,12,F,57.7235,55.5364268,3358.0915,3244.869,113.2225,4.0,1.0109629302376384,0.1847393293650378,R,99999900.0,LLLSYLLVALLTFLLTLLILI,29149.2671289981,1335.6622215341636,86.51157516466643,2.7069908748842275,LLLSYLLVALLTFLLTLLILI,Mutant
LLLAVLLLTLLFTLLSYLILI,LLLAVLLLTLLFILLSYLILI,Right,clash,21.1495,-276.928,7839.74,7534.31,-74.2817,-280.468,-372.878,4634.88,-49.6491,-18.1279,3734.95,4738.24,37.7039,6.89291,3728.04,4734.86,54.0305,12.8816,-14.442,1.10011e+17,12,T,122.92909,5.309508404,,,,,0.1531277941201367,0.1001171648164917,R,99999900.0,LLLAVLLLTLLFALLSYLILI,23705.14997235334,960.0735662094175,13.103672028518234,0.05298652744472651,LLLAVLLLTLLFTLLSYLILI,Mutant
LLLAVLLLTLLFTLLSYLILI,LLLAVLLLTLLFTLLIYLILI,Right,clash,21.1503,-278.108,3651.02,3339.91,-72.6872,-281.574,-372.178,4618.67,-54.1528,-17.9162,3737.0,4747.37,35.5702,9.8531,3728.04,4734.86,36.3633,9.65605,-14.442,1.10011e+17,15,S,119.8673,7.59564417,,,,,0.2551186609538444,0.0646835912681619,R,99999900.0,LLLAVLLLTLLFTLLSYLILI,24364.79462612644,1218.991611032438,21.83138130280364,-0.04900433938898119,LLLAVLLLTLLFTLLSYLILI,Mutant
LLLAVLLLTLLFTLLSYLILI,LLLAVLLLTLLATLLSYLILI,Right,void,,,,,,,,,,,3324.99,4084.6,53.8315,26.8376,3312.98,4211.64,152.636,109.863,-11.009,1.1e+17,11,F,103.4302,20.60186784,3298.1524,3203.117,95.0354,4.0,0.2610163296823646,0.0575983175182581,R,99999900.0,LLLAVLLLTLLFTLLSYLILI,24434.07051927576,1532.406015672463,22.33606510103524,-0.0549020081175014,LLLAVLLLTLLFTLLSYLILI,Mutant
LLLAVLLLTLLFTLLSYLILI,LLLAVLLLTLLFTLLSALILI,Right,void,,,,,,,,,,,3335.07,4079.73,56.1545,99.197,3312.98,4211.64,158.346,203.759,-11.009,1.1e+17,16,Y,30.2658,76.62201034,3235.873,3109.221,126.652,4.0,0.3262106263331429,0.052510595826004,R,99999900.0,LLLAVLLLTLLFTLLSYLILI,24808.377438422507,1337.8429620441773,27.914965302337,-0.1200963047682797,LLLAVLLLTLLFTLLSYLILI,Mutant
LLLYLLLATLLFVLLSILILI,LLLYLLLATLLFILLSILILI,Right,clash,20.0652,-280.317,1459600.0,1459290.0,-74.2091,-282.452,-376.507,4713.53,-49.5771,-19.8457,3908.85,4812.33,43.6775,10.1944,3893.45,4822.77,66.6535,25.3588,-19.396,1.10011e+17,12,V,119.6276,7.852598173,,,,,0.1830914357706783,0.0303743655508236,R,99999900.0,LLLYLLLATLLFVLLSILILI,23919.04340431875,1377.750138431951,15.667763905011313,0.13150713598559352,LLLYLLLATLLFVLLSILILI,Mutant
LLLYLLLATLLFVLLSILILI,LLLYLLLATLLFVLLSALILI,Right,void,,,,,,,,,,,3513.49,4251.9,56.0544,110.381,3528.46,4277.22,96.374,183.427,-10.9951,1.1e+17,16,I,19.0818,85.26078534,3403.109,3345.033,58.076,4.0,0.2007491214659922,0.0803847374558814,R,99999900.0,LLLYLLLATLLFVLLSLLILI,24039.07327477649,1276.8278835689189,17.178792803870262,0.11384945029027962,LLLYLLLATLLFVLLSILILI,Mutant
LLLYLLLATLLFVLLSILILI,LLLYLLLAILLFVLLSILILI,Right,clash,15.7332,-268.806,19163200.0,19162900.0,-60.44,-280.826,-371.075,4325.66,-45.0716,-29.8088,3539.04,4246.04,58.23,10.5101,3528.46,4277.22,86.2434,14.0134,-10.9951,1.10011e+17,8,T,120.8195,8.002841705,,,,,0.2115743212130041,0.1456559087659821,R,99999900.0,LLLYLLLATLLFVLLSILILI,24075.86179335025,837.1345252693199,18.105142379681133,0.10302425054326772,LLLYLLLATLLFVLLSILILI,Mutant
LLLYLLLATLLFVLLSILILI,LLLYLLLATLLFVLLIILILI,Right,clash,20.0672,-280.907,1359770.0,1359460.0,-58.8452,-282.972,-365.366,4743.7,-49.5771,-23.5486,3900.68,4835.58,34.5589,12.5913,3893.45,4822.77,35.7152,12.9229,-19.396,1.10011e+17,15,S,117.1291,9.706491809,,,,,0.2988940481452704,0.0176179501027897,R,99999900.0,LLLYLLLATLLFVLLSILILI,24653.16725156864,1490.4181221837696,25.577391750964416,0.015704523611001442,LLLYLLLATLLFVLLSILILI,Mutant
LLLYVLLFTLLATLLSLLILI,LLLYVLLFILLATLLSLLILI,Right,clash,11.7652,-265.183,3072.86,2769.84,-74.1186,-282.127,-378.582,4244.55,-49.5999,-22.3371,3509.69,4237.41,47.7319,8.17293,3500.68,4255.3,72.6169,16.3821,-10.9192,1.10011e+17,8,T,123.15667,6.223220051,,,,,0.1937653912108107,0.1528258472002418,R,99999900.0,LLLYVLLFTLLATLLSLLILI,23987.626941883274,1038.528417047998,16.581170985275122,0.011265117502776395,LLLYVLLFTLLATLLSLLILI,Mutant
LLLYVLLFTLLATLLSLLILI,LLLYVLLFTLLATLLSALILI,Right,void,,,,,,,,,,,3527.17,4209.97,56.2106,102.211,3500.68,4255.3,109.628,148.862,-10.9192,1.1e+17,16,L,27.2518,78.95009223,3424.959,3351.818,73.141,4.0,0.1991201476865135,0.0515757493879728,R,99999900.0,LLLYVLLFTLLATLLSLLILI,24014.55264133413,1264.513362533245,17.03939591467719,0.005910361027073596,LLLYVLLFTLLATLLSLLILI,Mutant
LLLYVLLFTLLATLLSLLILI,LLLYVLLFTLLATLLILLILI,Right,clash,11.7844,-266.362,4909.56,4600.88,-72.6321,-276.35,-367.124,4297.02,-54.102,-18.1421,3501.99,4248.9,60.1354,19.9372,3500.68,4255.3,69.7079,25.5332,-10.9192,1.10011e+17,15,S,109.7832,15.36936365,,,,,0.2501444488807007,0.049079478893387,R,99999900.0,LLLYVLLFTLLATLLSLLILI,24336.49632843461,1296.1556165892878,21.405720866817525,-0.04511394016711359,LLLYVLLFTLLATLLSLLILI,Mutant
LLLYVLLFTLLATLLSLLILI,LLLYVLLATLLATLLSLLILI,Right,void,,,,,,,,,,,3476.24,4106.82,58.2829,73.7351,3500.68,4255.3,158.412,189.258,-10.9192,1.1e+17,7,F,55.8603,56.89638675,3402.5049,3311.422,91.0829,4.0,0.2787717025113809,0.0707688364323073,R,99999900.0,LLLYVLLATLLAFLLSLLILI,24495.12220115281,1333.191011527897,23.85545342392168,-0.07374119379779379,LLLYVLLFTLLATLLSLLILI,Mutant
LLLFSLLLTLLVALLSYLILI,LLLFSLLLTLLVILLSYLILI,Right,clash,15.5124,-270.574,32213.7,31909.1,-74.2281,-286.71,-382.623,4309.19,-49.5777,-21.6849,3386.13,4123.82,28.568,18.4185,3386.13,4123.82,28.568,18.4185,-10.7822,1.10011e+17,12,A,111.4035,14.18750289,,,,,0.1888133907400241,0.1421190562159402,R,99999900.0,LLLFSLLLTLLVALLSYLILI,23963.31125200385,1122.970189799998,16.157411272499882,0.06888239254349551,LLLFSLLLTLLVALLSYLILI,Mutant
LLLFSLLLTLLVALLSYLILI,LLLFSLLATLLVALLSYLILI,Right,void,,,,,,,,,,,3428.03,4135.41,49.5384,71.2986,3386.13,4123.82,84.6979,125.334,-10.7822,1.1e+17,7,L,58.2968,55.01630459,3356.7314,3260.796,95.9354,5.0,0.223681904744809,0.0756496617446719,R,99999900.0,LLLFSLLLTLLVALLSYLILI,24207.0346695912,1583.7618980138927,19.141229946737624,0.0340138785387106,LLLFSLLLTLLVALLSYLILI,Mutant
LLLFSLLLTLLVALLSYLILI,LLLFSLLLTLLVALLIYLILI,Right,clash,15.5138,-268.544,3.19e+19,3.19e+19,-58.8501,-276.169,-361.083,4294.51,-49.5777,-26.0638,3388.48,4123.59,58.6722,7.32158,3386.13,4123.82,63.8427,8.73112,-10.7822,1.10011e+17,15,S,122.39882,5.644123823,,,,,0.2566948206747709,0.0512807061248566,R,99999900.0,LLLFSLLLTLLVALLSYLILI,24382.832382230987,1314.1842033442672,21.96625871135155,0.0010009626087487122,LLLFSLLLTLLVALLSYLILI,Mutant
LLLFSLLLTLLVALLSYLILI,LLLFSLLLTLLVALLSALILI,Right,void,,,,,,,,,,,3391.35,4004.52,58.8715,99.1623,3386.13,4123.82,159.119,214.691,-10.7822,1.1e+17,16,Y,30.3005,76.59520727,3292.1877,3171.439,120.7487,5.0,0.3390207557556259,0.0493558954621861,R,99999900.0,LLLFSLLLTLLVALLSYLILI,24901.37379608392,1350.0902292935202,29.011172137677377,-0.0813249724721063,LLLFSLLLTLLVALLSYLILI,Mutant
LLLYSLLLALLATLLVFLILI,LLLYSLLAALLATLLVFLILI,Right,void,,,,,,,,,,,3515.12,4192.47,59.5193,63.5623,3499.14,4242.47,116.326,131.704,-10.482,1.1e+17,7,L,66.0331,49.04672542,3451.5577,3367.436,84.1217,5.0,0.142139793475791,0.0460655321083811,R,99999900.0,LLLYSLLLALLATLLVFLILI,23645.27981902047,1240.8046549754213,12.163391019966054,0.1016674433022852,LLLYSLLLALLATLLVFLILI,Mutant
LLLYSLLLALLATLLVFLILI,LLLYILLLALLATLLVFLILI,Right,clash,31.7368,-274.247,127109000.0,127109000.0,-58.8092,-274.31,-356.383,4310.5,-49.5342,-23.2639,3507.19,4243.51,58.2056,6.62477,3499.14,4242.47,62.2648,10.574,-10.482,1.10011e+17,4,S,131.85043,4.784084081,,,,,0.1911221544140507,0.1332461935600963,R,99999900.0,LLLYSLLLALLATLLVFLILI,23955.99273964787,933.0601933401704,16.354980121118352,0.0526850823640255,LLLYSLLLALLATLLVFLILI,Mutant
LLLYSLLLALLATLLVFLILI,LLLYSLLLALLITLLVFLILI,Right,clash,24.2334,-279.357,663.567,352.62,-58.8092,-276.338,-360.121,4311.02,-55.8229,-24.9738,3499.14,4242.47,52.2833,39.1866,3499.14,4242.47,52.2833,39.1866,-10.482,1.10011e+17,11,A,103.1834,21.43172598,,,,,0.2126230529730773,0.0775935776113319,R,99999900.0,LLLYSLLLALLATLLVFLILI,24082.41392082339,1109.5090050473923,18.19488596352136,0.031184183804998905,LLLYSLLLALLATLLVFLILI,Mutant
LLLYSLLLALLATLLVFLILI,LLLYSLLLALLATLLVALILI,Right,void,,,,,,,,,,,3417.59,4096.45,54.7962,100.423,3499.14,4242.47,153.727,260.969,-10.482,1.1e+17,16,F,29.0398,77.56900052,3317.167,3238.171,78.996,5.0,0.3148296379621111,0.0184544716027922,R,99999900.0,LLLYSLLLALLATLLVFLILI,24753.63285353192,1494.1643418037736,26.941054982324296,-0.07102240118403491,LLLYSLLLALLATLLVFLILI,Mutant
LLLYVLLTALLFALLSLLILI,LLLYVLLTALLFILLSLLILI,Right,clash,21.972,-278.952,57656.2,57349.7,-74.2172,-281.5,-372.735,4711.06,-49.5782,-17.0179,3892.52,4808.15,46.5745,3.12325,3892.52,4808.15,46.5745,3.12325,-10.0167,1.10011e+17,12,A,126.69875,2.405794087,,,,,0.1740371011431925,0.1027607503628362,R,99999900.0,LLLYVLLTALLFALLSLLILI,23819.86634766826,999.2839716884796,14.892953348399056,0.14146441680912378,LLLYVLLTALLFALLSLLILI,Mutant
LLLYVLLTALLFALLSLLILI,LLLYVLLTILLFALLSLLILI,Right,clash,22.0023,-278.952,21214400.0,21214100.0,-74.216,-281.462,-373.011,4700.54,-49.5782,-17.3339,3892.52,4808.15,51.2987,6.03915,3892.52,4808.15,51.2987,6.03915,-10.0167,1.10011e+17,8,A,126.69875,2.405794087,,,,,0.236148952608314,0.0988742089337186,R,99999900.0,LLLYVLLTALLFALLSLLILI,24260.794499254884,1216.6448523527838,20.20807811304139,0.07935256534400228,LLLYVLLTALLFALLSLLILI,Mutant
LLLYVLLTALLFALLSLLILI,LLLYVLLTALLFALLSALILI,Right,void,,,,,,,,,,,3472.63,4171.6,58.3707,84.7794,3438.14,4238.95,118.771,114.459,-10.4337,1.1e+17,16,L,44.6834,65.48552943,3387.8506,3323.681,64.1696,4.0,0.2667424252342492,0.0394713352128138,R,99999900.0,LLLYVLLTALLFALLSLLILI,24460.272844305644,1479.4245707592058,22.826066792413265,0.04875909271806711,LLLYVLLTALLFALLSLLILI,Mutant
LLLYVLLTALLFALLSLLILI,LLLYVLLTALLAALLSLLILI,Right,void,,,,,,,,,,,3460.44,4116.66,51.7057,44.2816,3438.14,4238.95,146.777,135.737,-10.4337,1.1e+17,11,F,85.9862,33.99274418,3416.1584,3302.403,113.7554,4.0,0.3963642311154798,0.0355346247400768,R,99999900.0,LLLYVLLTALLFALLSLLILI,25267.977360327608,1454.3398798898727,33.91825055808106,-0.08086271316316351,LLLYVLLTALLFALLSLLILI,Mutant
LLLYILLLTLLVALLSFLILI,LLLYILLLILLVALLSFLILI,Right,clash,15.0646,-269.277,87975800.0,87975500.0,-60.506,-283.579,-374.097,4329.39,-45.1325,-30.0125,3599.84,4272.36,52.7278,18.4086,3585.4,4298.06,77.8583,26.3679,-10.2194,1.10011e+17,8,T,112.921,14.01709896,,,,,0.1599316870851932,0.0959789359824633,R,99999900.0,LLLYILLLTLLVALLSFLILI,23764.38548137282,1068.9426755399738,13.685904551643958,0.11749693904386108,LLLYILLLTLLVALLSFLILI,Mutant
LLLYILLLTLLVALLSFLILI,LLLYILLLTLLVALLSALILI,Right,void,,,,,,,,,,,3498.22,4151.84,58.3974,98.0784,3585.4,4298.06,157.749,264.918,-10.2194,1.1e+17,16,F,31.3844,75.75797835,3400.1416,3320.482,79.6596,4.0,0.2355129552969388,0.0516367858487343,R,99999900.0,LLLYILLLTLLVALLSFLILI,24241.57539379873,1269.5568355621897,20.153653635583417,0.041915670832115476,LLLYILLLTLLVALLSFLILI,Mutant
LLLYILLLTLLVALLSFLILI,LLLYILLATLLVALLSFLILI,Right,void,,,,,,,,,,,3564.08,4257.49,52.0119,78.429,3585.4,4298.06,107.146,172.677,-10.2194,1.1e+17,7,L,51.1664,60.51835173,3485.651,3412.723,72.928,4.0,0.2420301954576962,0.056706557507885,R,99999900.0,LLLYILLLTLLVALLSFLILI,24303.223437657434,1400.0677901500396,20.711356292298056,0.03539843067135809,LLLYILLLTLLVALLSFLILI,Mutant
LLLYILLLTLLVALLSFLILI,LLLYILLLTLLIALLSFLILI,Right,clash,15.0973,-269.868,87969500.0,87969200.0,-74.2737,-285.206,-382.806,4314.98,-49.6381,-23.3254,3596.3,4265.8,53.4677,29.2328,3585.4,4298.06,90.8214,55.2849,-10.2194,1.10011e+17,11,V,101.035,22.44054171,,,,,0.2672235688303402,0.0525376090913433,R,99999900.0,LLLYILLLTLLVALLSFLILI,24457.113727152424,1370.9333360895807,22.867239904832378,0.01020505729871407,LLLYILLLTLLVALLSFLILI,Mutant
LLLYSLLIALLFVLLTLLILI,LLLYSLLIILLFVLLTLLILI,Right,clash,15.1316,-272.34,1416580.0,1416270.0,-58.8796,-284.867,-370.249,4354.08,-55.3829,-26.5032,3478.85,4296.13,50.64,5.915,3478.85,4296.13,50.64,5.915,-10.2014,1.10011e+17,8,A,125.4146,4.503935137,,,,,0.1910752963614713,0.1673053522989872,R,99999900.0,LLLYSLLIALLFVLLTLLILI,23963.260064396924,946.9434419214574,16.350970316390065,0.08775473355688901,LLLYSLLIALLFVLLTLLILI,Mutant
LLLYSLLIALLFVLLTLLILI,LLLYSLLIALLFILLTLLILI,Right,clash,15.0856,-269.72,40305.4,39995.2,-58.8983,-281.172,-365.845,4378.46,-55.6025,-25.7746,3492.89,4286.72,45.3437,10.685,3478.85,4296.13,72.7115,22.4826,-10.2014,1.10011e+17,12,V,119.137,8.230500223,,,,,0.2420819425232985,0.0435189220545216,R,99999900.0,LLLYSLLIALLFVLLTLLILI,24309.452679883245,1522.8353486207686,20.715784466686564,0.0367480873950618,LLLYSLLIALLFVLLTLLILI,Mutant
LLLYSLLIALLFVLLTLLILI,LLLYSLLAALLFVLLTLLILI,Right,void,,,,,,,,,,,3498.38,4245.75,59.5451,66.4605,3478.85,4296.13,112.202,118.086,-10.2014,1.1e+17,7,I,63.1349,51.28307023,3431.9195,3360.764,71.1555,4.0,0.2446444883791788,0.0377672434776786,R,99999900.0,LLLYSLLIALLFVLLTLLILI,24323.626106919364,1521.190904281789,20.93507032949439,0.03418554153918152,LLLYSLLIALLFVLLTLLILI,Mutant
LLLYSLLIALLFVLLTLLILI,LLLYSLLIALLAVLLTLLILI,Right,void,,,,,,,,,,,3478.76,4158.43,50.8489,42.7922,3478.85,4296.13,152.393,138.743,-10.2014,1.1e+17,11,F,87.4756,32.84940714,3435.9678,3340.107,95.8608,4.0,0.4314253619339093,0.0843345304297976,R,99999900.0,LLLYSLLIALLFVLLTLLILI,25487.55405389754,1275.2046615724817,36.9185521155712,-0.15259533201554898,LLLYSLLIALLFVLLTLLILI,Mutant
LLLYSLLVALLFLLLATLILI,LLLYSLLVALLFILLATLILI,Right,clash,14.8874,-268.103,6011.74,5704.34,-58.8495,-282.423,-358.524,4221.81,-54.1851,-17.2518,3455.52,4227.41,49.4882,12.4662,3450.82,4288.64,108.821,57.3551,-10.0953,1.10011e+17,12,L,117.3558,9.602532699,,,,,0.203796233454039,0.1099114669281158,R,99999900.0,LLLYSLLVALLFLLLATLILI,24063.866864265463,1253.582282821748,17.439544657281054,0.07213824152330803,LLLYSLLVALLFLLLATLILI,Mutant
LLLYSLLVALLFLLLATLILI,LLLYSLLVALLFLLLITLILI,Right,clash,14.8896,-272.163,19745200.0,19744900.0,-58.8495,-280.934,-361.969,4309.7,-54.1851,-22.1859,3450.82,4288.64,50.7226,27.1438,3450.82,4288.64,50.7226,27.1438,-10.0953,1.10011e+17,15,A,102.5766,20.92485068,,,,,0.2571512161343915,0.0619132126055609,R,99999900.0,LLLYSLLVALLFLLLATLILI,24385.598403275348,1273.7644632803078,22.005314040611253,0.018783258842955508,LLLYSLLVALLFLLLATLILI,Mutant
LLLYSLLVALLFLLLATLILI,LLLYSLLVALLALLLATLILI,Right,void,,,,,,,,,,,3466.82,4126.05,56.4886,24.3372,3450.82,4288.64,160.466,100.078,-10.0953,1.1e+17,11,F,105.9306,18.68243726,3442.4828,3350.742,91.7408,5.0,0.3544398906332827,0.0471663805567378,R,99999900.0,LLLYSLLVALLFLLLATLILI,24996.68798219242,1362.5527966397558,30.33064054353572,-0.07850541565593566,LLLYSLLVALLFLLLATLILI,Mutant
LLLYSLLVALLFLLLATLILI,LLLASLLVALLFLLLATLILI,Right,void,,,,,,,,,,,3259.73,4098.23,64.3061,127.112,3450.82,4288.64,185.605,369.63,-10.0953,1.1e+17,3,Y,42.6188,74.89035579,3132.618,3081.19,51.428,5.0,0.475071052968879,0.0507121437510837,R,99999900.0,LLLYSLLVALLFLLLATLILI,25759.71003714425,1419.3122472897803,40.65346401753187,-0.199136577991532,LLLYSLLVALLFLLLATLILI,Mutant
LLLYSLLLTLLATLLVFLILI,LLLYSLLLILLATLLVFLILI,Right,clash,12.3732,-269.695,3137.48,2825.9,-58.8316,-276.353,-360.228,4305.16,-54.2562,-25.0433,3557.82,4247.2,53.7326,28.1462,3551.46,4274.56,82.4523,44.5955,-10.0894,1.10011e+17,8,T,103.1834,21.43172598,,,,,0.1516301630309367,0.1194705996805505,R,99999900.0,LLLYSLLLALLATLLVFLILI,23712.23192218129,999.658673781342,12.975514585087732,0.057959033762407186,LLLYSLLLTLLATLLVFLILI,Mutant
LLLYSLLLTLLATLLVFLILI,LLLYILLLTLLATLLVFLILI,Right,clash,14.5037,-270.204,23744300.0,23743900.0,-72.6098,-277.51,-367.936,4310.2,-54.0892,-17.8171,3558.41,4266.89,50.2552,18.0381,3551.46,4274.56,60.6224,19.6047,-10.0894,1.10011e+17,4,S,120.4371,13.02623141,,,,,0.1669448497137792,0.1368194712653987,R,99999900.0,LLLYSLLLTLLATLLVFLILI,23824.129289064,1113.1313666017586,14.28604499966447,0.04264434707956469,LLLYSLLLTLLATLLVFLILI,Mutant
LLLYSLLLTLLATLLVFLILI,LLLYSLLATLLATLLVFLILI,Right,void,,,,,,,,,,,3560.41,4221.4,59.3496,72.1474,3551.46,4274.56,117.938,151.499,-10.0894,1.1e+17,7,L,57.448,55.67126611,3488.2626,3399.961,88.3016,4.0,0.1919912242252636,0.0801949758402357,R,99999900.0,LLLYSLLLTLLATLLVFLILI,23993.908224545383,1385.125961311265,16.42934941404427,0.017597972568080295,LLLYSLLLTLLATLLVFLILI,Mutant
LLLYSLLLTLLATLLVFLILI,LLLYSLLLTLLATLLVALILI,Right,void,,,,,,,,,,,3472.37,4125.67,53.9991,97.4814,3551.46,4274.56,153.666,260.712,-10.0894,1.1e+17,16,F,31.9814,75.29684203,3374.8886,3290.748,84.1406,4.0,0.2543900750614347,0.070894223626647,R,99999900.0,LLLYSLLLTLLATLLVFLILI,24353.047441593964,1171.2135330868518,21.769033702006546,-0.04480087826809079,LLLYSLLLTLLATLLVFLILI,Mutant
LLLYILLTALLVALLSLLILI,LLLYILLTALLVILLSLLILI,Right,clash,14.4868,-262.966,968631000.0,968630000.0,-74.2538,-280.285,-391.428,4271.08,-49.8265,-36.8893,3461.01,4177.87,43.369,5.21178,3461.01,4177.87,43.369,5.21178,-10.0714,1.10011e+17,12,A,124.61022,4.014558395,,,,,0.1263804744344702,0.0968359063887285,R,99999900.0,LLLYILLTALLVALLSLLILI,23577.50296412705,2014.772784796484,10.81481188515375,0.18857813262189738,LLLYILLTALLVALLSLLILI,Mutant
LLLYILLTALLVALLSLLILI,LLLYILLTILLVALLSLLILI,Right,clash,14.5359,-262.966,6407730000.0,6407730000.0,-74.2582,-279.936,-390.947,4272.59,-49.8265,-36.7524,3461.01,4177.87,50.0699,6.64661,3461.01,4177.87,50.0699,6.64661,-10.0714,1.10011e+17,8,A,124.61022,4.014558395,,,,,0.2112883777502013,0.0944974106262271,R,99999900.0,LLLYILLTALLVALLSLLILI,24079.4870566584,1039.147544505833,18.080673214061683,0.10367022930616629,LLLYILLTALLVALLSLLILI,Mutant
LLLYILLTALLVALLSLLILI,LLLYILLTALLVALLSALILI,Right,void,,,,,,,,,,,3520.71,4111.62,58.8279,103.235,3461.01,4177.87,118.816,116.22,-10.0714,1.1e+17,16,L,26.2278,79.74105303,3417.475,3344.79,72.685,4.0,0.2484407276212407,0.0753385722418163,R,99999900.0,LLLYILLTALLVALLSLLILI,24339.226064270453,1296.2156529549889,21.259927578667217,0.06651787943512688,LLLYILLTALLVALLSLLILI,Mutant
LLLYILLTALLVALLSLLILI,LLLYALLTALLVALLSLLILI,Right,void,,,,,,,,,,,3492.1,4119.14,59.4727,70.6316,3461.01,4177.87,114.125,94.7792,-10.0714,1.1e+17,4,I,67.8436,51.00667845,3421.4684,3366.2308,55.2376,4.0,0.3690108418198189,0.0298845453407977,R,99999900.0,LLLYILLTALLVALLSLLILI,25093.442816176048,1464.4777724091607,31.57752695360261,-0.054052234763451334,LLLYILLTALLVALLSLLILI,Mutant
LLLYSLLVALLFTLLILLILI,LLLYSLLVALLFILLILLILI,Right,clash,20.336,-275.254,756.251,450.311,-45.032,-276.019,-352.725,4339.62,-51.0223,-31.674,3477.45,4264.56,40.334,9.15966,3466.47,4268.87,63.0144,19.3772,-9.98335,1.10011e+17,12,T,120.66234,7.055552988,,,,,0.2312028151554674,0.0609532112660124,R,99999900.0,LLLYSLLVALLFTLLILLILI,24228.723081906526,1323.452971182816,19.78482011887722,0.04734536602920311,LLLYSLLVALLFTLLILLILI,Mutant
LLLYSLLVALLFTLLILLILI,LLLYSLLVILLFTLLILLILI,Right,clash,20.4312,-278.463,381884.0,381570.0,-58.8088,-279.243,-363.847,4347.41,-55.529,-25.7954,3466.47,4268.87,50.3643,7.83715,3466.47,4268.87,50.3643,7.83715,-9.98335,1.10011e+17,8,A,123.49245,5.967542732,,,,,0.260127166660381,0.0529167540957566,R,99999900.0,LLLYSLLVALLFTLLILLILI,24396.128943660577,1274.1084044999654,22.25997636295273,0.018421014524289514,LLLYSLLVALLFTLLILLILI,Mutant
LLLYSLLVALLFTLLILLILI,LLLYSLLVALLATLLILLILI,Right,void,,,,,,,,,,,3469.06,4151.74,45.1637,41.5186,3466.47,4268.87,143.6,136.669,-9.98335,1.1e+17,11,F,88.7492,31.87172885,3427.5414,3329.801,97.7404,4.0,0.2875421899959869,0.0708801711863819,R,99999900.0,LLLYSLLVALLATLLFLLILI,24595.183886836643,1411.0895666573151,24.605974204220622,-0.0089940088113164,LLLYSLLVALLFTLLILLILI,Mutant
LLLYSLLVALLFTLLILLILI,LLLYSLLVALLFTLLIALILI,Right,void,,,,,,,,,,,3459.59,4228.9,55.6407,102.425,3466.47,4268.87,107.467,176.962,-9.98335,1.1e+17,16,L,27.0378,79.11539068,3357.165,3289.508,67.657,4.0,0.3041890215022242,0.0423345416710693,R,99999900.0,LLLYSLLVALLFTLLILLILI,24671.16619509789,1402.9938236657786,26.03050083327008,-0.025640840317553704,LLLYSLLVALLFTLLILLILI,Mutant
LLLLVLLITLLFALLSYLILI,LLLLVLLITLLAALLSYLILI,Right,void,,,,,,,,,,,3355.73,4166.07,51.5819,29.8036,3346.51,4296.3,151.221,117.218,-9.96489,1.1e+17,11,F,100.4642,22.878716,3325.9264,3229.292,96.6344,4.0,0.2013913309006837,0.0689039977964369,R,99999900.0,LLLLVLLITLLFALLSYLILI,24062.08506373045,1549.145345189477,17.233748874087116,0.12192843438720621,LLLLVLLITLLFALLSYLILI,Mutant
LLLLVLLITLLFALLSYLILI,LLLLVLLITLLFILLSYLILI,Right,clash,13.6906,-270.004,1567000.0,1566700.0,-74.2421,-290.41,-386.513,4255.13,-49.5927,-21.8611,3346.51,4296.3,38.5036,2.16117,3346.51,4296.3,38.5036,2.16117,-9.96489,1.10011e+17,12,A,127.66083,1.664717844,,,,,0.2326006652975648,0.0641157831955801,R,99999900.0,LLLLVLLITLLFALLSYLILI,24213.65515996997,1195.5394694558163,19.904438963465896,0.09071909999032512,LLLLVLLITLLFALLSYLILI,Mutant
LLLLVLLITLLFALLSYLILI,LLLLVLLITLLFALLIYLILI,Right,clash,13.6937,-267.974,25503200.0,25502900.0,-58.8582,-278.247,-362.88,4282.4,-49.5927,-25.7744,3349.48,4299.86,54.825,4.88697,3346.51,4296.3,59.836,5.04716,-9.96489,1.10011e+17,15,S,124.83343,3.767310307,,,,,0.2391625177368634,0.0864552377031895,R,99999900.0,LLLLVLLITLLFALLSYLILI,24302.255757370967,1503.4776299701812,20.4659592463,0.08415724755102652,LLLLVLLITLLFALLSYLILI,Mutant
LLLLVLLITLLFALLSYLILI,LLLLVLLITLLFALLSALILI,Right,void,,,,,,,,,,,3360.01,4134.88,58.8398,90.4417,3346.51,4296.3,168.893,196.394,-9.96489,1.1e+17,16,Y,39.0211,69.85921825,3269.5683,3150.116,119.4523,4.0,0.3505588988946451,0.0901375870909275,R,99999900.0,LLLLVLLITLLFALLSYLILI,24997.538883269848,1418.2134878233037,29.998530731723257,-0.027239133606755173,LLLLVLLITLLFALLSYLILI,Mutant
LLLYSLLLILLAVLLTFLILI,LLLYSLLLILLAVLLIFLILI,Right,clash,16.5634,-275.057,494524000.0,494524000.0,-45.101,-276.761,-353.019,4347.94,-45.101,-31.1577,3618.56,4281.2,63.4824,31.5139,3589.79,4321.95,94.6841,31.4972,-9.72298,1.10011e+17,15,T,98.2065,24.29371171,,,,,0.1726391215063953,0.0519379399994678,R,99999900.0,LLLYSLLLILLAVLLTFLILI,23869.084904416017,1456.827713794926,14.773323422503529,0.07058671418920251,LLLYSLLLILLAVLLTFLILI,Mutant
LLLYSLLLILLAVLLTFLILI,LLLYSLLLILLIVLLTFLILI,Right,clash,16.5647,-278.267,6033.78,5722.44,-58.8872,-286.0,-370.959,4343.02,-49.6334,-26.0713,3589.79,4321.95,52.2279,30.8026,3589.79,4321.95,52.2279,30.8026,-9.72298,1.10011e+17,11,A,99.4652,23.64559776,,,,,0.2105400857593897,0.1170383315841741,R,99999900.0,LLLYSLLLILLAVLLTFLILI,24118.83546691291,1376.570546881452,18.01663929464487,0.0326857499362081,LLLYSLLLILLAVLLTFLILI,Mutant
LLLYSLLLILLAVLLTFLILI,LLLYSLLLILLAVLLTALILI,Right,void,,,,,,,,,,,3471.22,4175.98,55.7692,90.9654,3589.79,4321.95,154.387,275.886,-9.72298,1.1e+17,16,F,38.4974,70.26373599,3380.2546,3313.904,66.3506,4.0,0.2456794114015348,0.159678071188695,R,99999900.0,LLLYSLLLILLAVLLTFLILI,24254.42287116881,727.2837661765549,21.02363225215277,-0.002453575705936989,LLLYSLLLILLAVLLTFLILI,Mutant
LLLYSLLLILLAVLLTFLILI,LLLYSLLAILLAVLLTFLILI,Right,void,,,,,,,,,,,3579.85,4270.57,59.6128,79.4109,3589.79,4321.95,117.848,174.575,-9.72298,1.1e+17,7,L,50.1845,61.27601751,3500.4391,3415.215,85.2241,4.0,0.247422240013178,0.0935476869108445,R,99999900.0,LLLYSLLLILLAVLLTFLILI,24324.421687122744,1167.6748163601603,21.1727720909398,-0.004196404317580199,LLLYSLLLILLAVLLTFLILI,Mutant
LLLYLLLTTLLVALLSFLILI,LLLYLLLTTLLVILLSFLILI,Right,clash,12.6936,-268.359,270633000.0,270633000.0,-87.9947,-286.635,-386.925,4319.68,-54.115,-12.2949,3666.1,4302.98,52.8568,32.2334,3666.1,4302.98,52.8568,32.2334,-9.49437,1.10011e+17,12,A,97.5886,24.8289196,,,,,0.1225496781835878,0.083812566948463,R,99999900.0,LLLYLLLTTLLVALLSFLILI,23535.951363253145,1156.821412908933,10.486997473876745,0.3178793556217049,LLLYLLLTTLLVALLSFLILI,Mutant
LLLYLLLTTLLVALLSFLILI,LLLYLLLTILLVALLSFLILI,Right,clash,12.6629,-265.149,270945000.0,270945000.0,-74.2268,-283.879,-378.41,4313.11,-49.6076,-20.3047,3684.04,4278.24,50.5561,15.4812,3666.1,4302.98,79.0627,19.2868,-9.49437,1.10011e+17,8,T,115.8484,11.78805083,,,,,0.2138808492290347,0.1767793628332689,R,99999900.0,LLLYLLLTTLLVALLSFLILI,24114.687239246552,1024.0716261569537,18.3025199153553,0.226548184576258,LLLYLLLTTLLVALLSFLILI,Mutant
LLLYLLLTTLLVALLSFLILI,LLLYLLLTTLLVALLSALILI,Right,void,,,,,,,,,,,3567.11,4156.3,58.438,115.368,3666.1,4302.98,157.959,290.99,-9.49437,1.1e+17,16,F,14.0948,89.11285713,3451.742,3375.11,76.632,4.0,0.2765889412554252,0.0419226532199604,R,99999900.0,LLLYLLLTTLLVALLSFLILI,24526.899433776947,1524.9632894642143,23.668667035605004,0.16384009254986748,LLLYLLLTTLLVALLSFLILI,Mutant
LLLYLLLTTLLVALLSFLILI,LLLALLLTTLLVALLSFLILI,Right,void,,,,,,,,,,,3477.35,4113.05,55.3785,110.779,3666.1,4302.98,176.75,352.934,-9.49437,1.1e+17,3,Y,58.9518,65.26747061,3366.571,3313.166,53.405,4.0,0.3511260513506977,0.0220305074176497,R,99999900.0,LLLYLLLTTLLVALLSFLILI,24981.23144836644,1498.0425233566805,30.047063918118223,0.089302982454595,LLLYLLLTTLLVALLSFLILI,Mutant
LLLYILLFTLLAVLLSLLILI,LLLYILLFTLLIVLLSLLILI,Right,clash,10.4288,-267.232,7273.03,6966.61,-74.2356,-285.647,-384.98,4316.32,-49.6168,-25.0977,3532.31,4290.0,43.97,10.3462,3532.31,4290.0,43.97,10.3462,-9.4384,1.10011e+17,11,A,119.9216,7.942254341,,,,,0.1790205031277272,0.1267248086168279,R,99999900.0,LLLYILLFTLLAVLLSLLILI,23842.80041760417,870.7940206482017,15.31940019671176,0.029234269059240314,LLLYILLFTLLAVLLSLLILI,Mutant
LLLYILLFTLLAVLLSLLILI,LLLYILLFTLLAVLLILLILI,Right,clash,10.4306,-265.201,1638840.0,1638540.0,-58.8846,-277.183,-363.399,4323.58,-49.6168,-27.3312,3534.37,4281.54,59.2301,17.2038,3532.31,4290.0,69.8724,20.714,-9.4384,1.10011e+17,15,S,112.5166,13.26221627,,,,,0.2217458931664215,0.0383416902297643,R,99999900.0,LLLYILLFTLLAVLLSLLILI,24151.688867497,1335.9382508740475,18.975558777030184,-0.013491120979453985,LLLYILLFTLLAVLLSLLILI,Mutant
LLLYILLFTLLAVLLSLLILI,LLLYILLFTLLAVLLSALILI,Right,void,,,,,,,,,,,3546.36,4246.0,55.955,109.092,3532.31,4290.0,108.877,174.769,-9.4384,1.1e+17,16,L,20.3708,84.26513253,3437.268,3357.541,79.727,5.0,0.225340267398179,0.0513596131587282,R,99999900.0,LLLYILLFTLLAVLLSLLILI,24182.18685057908,1286.5799906836487,19.28314174295311,-0.0170854952112115,LLLYILLFTLLAVLLSLLILI,Mutant
LLLYILLFTLLAVLLSLLILI,LLLYILLATLLAVLLSLLILI,Right,void,,,,,,,,,,,3548.0,4141.56,57.8154,50.986,3532.31,4290.0,157.86,147.445,-9.4384,1.1e+17,7,F,78.6094,39.3424458,3497.014,3384.865,112.149,5.0,0.2942404753043224,0.0306743127421223,R,99999900.0,LLLYILLATLLAFLLSLLILI,24639.033514891587,1589.0678986009923,25.179169516921384,-0.0859857031173549,LLLYILLFTLLAVLLSLLILI,Mutant
LLLYFLLVALLTLLLSILILI,LLLYFLLVALLILLLSILILI,Right,clash,13.4185,-264.562,31110500.0,31110200.0,-60.4703,-281.578,-371.45,4267.05,-45.1576,-29.4015,3536.73,4277.35,48.771,7.21392,3529.7,4293.82,74.4078,9.34887,-9.13618,1.10011e+17,11,T,123.05388,5.537761442,,,,,0.231166155168261,0.2003481820131705,R,99999900.0,LLLYFLLVALLTLLLSILILI,24173.52224352248,524.3840477446165,19.78168299767932,0.036921929315118396,LLLYFLLVALLTLLLSILILI,Mutant
LLLYFLLVALLTLLLSILILI,LLLYFLLIALLTLLLSILILI,Right,clash,13.3455,-265.16,31104700.0,31104400.0,-74.3253,-282.086,-378.603,4332.76,-49.8008,-22.1913,3535.46,4286.81,39.1102,0.313376,3529.7,4293.82,60.6305,5.86977,-9.13618,1.10011e+17,7,V,129.282024,0.241811052,,,,,0.2557507547967819,0.0675803500283855,R,99999900.0,LLLYFLLVALLTLLLSILILI,24381.83633406921,1292.0425152903474,21.88547174704136,0.012337329686597509,LLLYFLLVALLTLLLSILILI,Mutant
LLLYFLLVALLTLLLSILILI,LLLYALLVALLTLLLSILILI,Right,void,,,,,,,,,,,3544.47,4152.64,49.4187,35.3736,3529.7,4293.82,152.678,118.567,-9.13618,1.1e+17,4,F,103.1016,25.54507955,3509.0964,3411.133,97.9634,5.0,0.408240782102267,0.1020118048645594,R,99999900.0,LLLFALLVALLTLLLSILILI,25305.15831566149,1204.5326220219224,34.93456787562002,-0.1401526976188876,LLLYFLLVALLTLLLSILILI,Mutant
LLLYFLLVALLTLLLSILILI,LLLAFLLVALLTLLLSILILI,Right,void,,,,,,,,,,,3458.02,4107.46,64.4438,116.585,3529.7,4293.82,183.606,284.271,-9.13618,1.1e+17,3,Y,53.1458,68.68818152,3341.435,3245.429,96.006,5.0,0.4201065128284511,0.0943889705579898,R,99999900.0,LLLYFLLVALLTLLLSILILI,25409.579009624125,1195.7124434849406,35.949959266242686,-0.15201842834507168,LLLYFLLVALLTLLLSILILI,Mutant
LLLYLLLSTLLAFLLAILILI,LLLYLLLSTLLIFLLAILILI,Right,clash,20.3787,-274.663,176638000.0,176638000.0,-74.1135,-278.053,-375.315,4319.49,-49.5215,-23.1481,3531.11,4250.99,58.4695,8.55809,3531.11,4250.99,58.4695,8.55809,-9.1271,1.10011e+17,11,A,121.70971,6.569612752,,,,,0.1063512072017679,0.1766789098959174,R,99999900.0,LLLYLLLSTLLAFLLAILILI,23446.49921027385,1097.6195307498683,9.10083859704535,0.16903693522397012,LLLYLLLSTLLAFLLAILILI,Mutant
LLLYLLLSTLLAFLLAILILI,LLLYLLLSTLLAALLAILILI,Right,void,,,,,,,,,,,3525.16,4142.17,44.7585,58.373,3531.11,4250.99,138.445,180.823,-9.1271,1.1e+17,12,F,71.449,44.96387361,3466.787,3350.287,116.5,5.0,0.3147692232791375,0.0870740880503432,R,99999900.0,LLLYLLLSTLLAFLLAILILI,24718.509196080588,1195.1384584882603,26.93588509010491,-0.039381080853399475,LLLYLLLSTLLAFLLAILILI,Mutant
LLLYLLLSTLLAFLLAILILI,LLLYLLLSTLLAFLLIILILI,Right,clash,20.376,-274.663,294990.0,294687.0,-74.0709,-276.064,-372.629,4321.9,-49.5215,-22.494,3531.11,4250.99,58.6084,13.0344,3531.11,4250.99,58.6084,13.0344,-9.1271,1.10011e+17,15,A,121.70971,6.569612752,,,,,0.3375929784623779,0.0130120650789462,R,99999900.0,LLLYLLLSTLLAFLLAILILI,24908.45953760509,1612.710696035694,28.88899232382981,-0.0622048360366399,LLLYLLLSTLLAFLLAILILI,Mutant
LLLYLLLSTLLAFLLAILILI,LLLYALLSTLLAFLLAILILI,Right,void,,,,,,,,,,,3561.82,4165.44,54.2433,57.2797,3531.11,4250.99,121.161,87.9364,-9.1271,1.1e+17,4,L,81.1955,41.36459092,3504.5403,3443.1736,61.3667,5.0,0.3793822332317417,0.0081615862494427,R,99999900.0,LLLYLLLSTLLAFLLAILILI,25169.83183071484,1604.855341421505,32.4650425892984,-0.10399409080600369,LLLYLLLSTLLAFLLAILILI,Mutant
LLLFYLLITLLVALLSLLILI,LLLFYLLITLLVILLSLLILI,Right,clash,14.7953,-266.987,1463390000.0,1463390000.0,-74.2414,-284.862,-384.14,4325.43,-49.6302,-25.0365,3514.36,4231.67,42.6791,9.72562,3514.36,4231.67,42.6791,9.72562,-9.05665,1.10011e+17,12,A,120.09638,7.491503751,,,,,0.2046687350457409,0.0796629464694762,R,99999900.0,LLLFYLLITLLVALLSLLILI,24075.88398115396,1412.20697237786,17.514207619467083,0.136415322462749,LLLFYLLITLLVALLSLLILI,Mutant
LLLFYLLITLLVALLSLLILI,LLLFYLLIILLVALLSLLILI,Right,clash,14.7522,-263.777,1458900000.0,1458900000.0,-60.4926,-281.452,-371.903,4333.61,-45.1306,-29.9586,3539.07,4208.57,50.1995,23.7784,3514.36,4231.67,77.9459,22.6527,-9.05665,1.10011e+17,8,T,107.5512,18.1058954,,,,,0.2412552927179203,0.0724166357123746,R,99999900.0,LLLFYLLITLLVALLSLLILI,24273.42134034541,1164.8178658458892,20.64504519956425,0.09982876479056962,LLLFYLLITLLVALLSLLILI,Mutant
LLLFYLLITLLVALLSLLILI,LLLFYLLITLLVALLSALILI,Right,void,,,,,,,,,,,3572.59,4167.61,58.2201,97.7565,3514.36,4231.67,118.102,110.865,-9.05665,1.1e+17,16,L,31.7063,75.5093355,3474.8335,3403.495,71.3385,4.0,0.2955330773603518,0.0412847531997077,R,99999900.0,LLLFYLLITLLVALLSLLILI,24635.747709584,1418.3387069726505,25.289781920782627,0.04555098014813813,LLLFYLLITLLVALLSLLILI,Mutant
LLLFYLLITLLVALLSLLILI,LLLFALLITLLVALLSLLILI,Right,void,,,,,,,,,,,3530.65,4084.36,48.7405,76.2326,3514.36,4231.67,160.644,140.943,-9.05665,1.1e+17,4,Y,62.2426,55.05144604,3454.4174,3373.417,81.0004,4.0,0.371970661051537,0.0127780886505261,R,99999900.0,LLLFYLLITLLVALLSLLILI,25119.1718929406,1561.2474824385652,31.830808865609423,-0.030886603543047064,LLLFYLLITLLVALLSLLILI,Mutant
LLLYLLLATLLAILLFSLILI,LLLYLLLITLLAILLFSLILI,Right,clash,13.8188,-266.982,54376700000.0,54376700000.0,-74.1693,-289.135,-385.411,4332.84,-49.5537,-22.1063,3526.06,4292.7,57.1135,61.7546,3526.06,4292.7,57.1135,61.7546,-8.91739,1.10011e+17,7,A,110.0025,15.55664562,,,,,0.1114171948141714,0.1190356633027002,R,99999900.0,LLLYLLLATLLAILLFSLILI,23479.267961126137,1192.08636793882,9.534352581589465,0.027396911561279602,LLLYLLLATLLAILLFSLILI,Mutant
LLLYLLLATLLAILLFSLILI,LLLYLLLATLLIILLFSLILI,Right,clash,13.4411,-267.002,707559000.0,707558000.0,-74.1693,-288.659,-382.549,4341.07,-49.5537,-19.7211,3526.06,4292.7,58.2938,20.2653,3526.06,4292.7,58.2938,20.2653,-8.91739,1.10011e+17,11,A,110.0025,15.55664562,,,,,0.1548996598974288,0.0674766541198614,R,99999900.0,LLLYLLLATLLAILLFSLILI,23732.901945787937,1170.379472527233,13.255296677443669,-0.016085553521977797,LLLYLLLATLLAILLFSLILI,Mutant
LLLYLLLATLLAILLFSLILI,LLLYLLLATLLAILLASLILI,Right,void,,,,,,,,,,,3543.66,4126.97,63.2477,65.4982,3526.06,4292.7,167.324,160.512,-8.91739,1.1e+17,15,F,64.2222,50.49182704,3478.1618,3365.548,112.6138,4.0,0.1562737824639092,0.098744706229091,R,99999900.0,LLLYLLLATLLAILLFSLILI,23702.339862823377,1222.2198813449131,13.372885071775386,-0.017459676088458193,LLLYLLLATLLAILLFSLILI,Mutant
LLLYLLLATLLAILLFSLILI,LLLYALLATLLAILLFSLILI,Right,void,,,,,,,,,,,3555.27,4203.45,58.2911,61.265,3526.06,4292.7,127.012,94.849,-8.91739,1.1e+17,4,L,77.2102,44.24257918,3494.005,3431.211,62.794,4.0,0.1977752191891935,0.0598562376545723,R,99999900.0,LLLYLLLATLLAILLFSLILI,23989.15620799929,1221.0344729571498,16.92430575725703,-0.0589611128137425,LLLYLLLATLLAILLFSLILI,Mutant
LLLYTLLISLLFVLLALLILI,LLLYTLLIILLFVLLALLILI,Right,clash,16.6843,-272.625,2883730.0,2883430.0,-45.0785,-280.203,-358.168,4319.29,-45.0785,-32.8856,3470.48,4302.84,46.8572,11.1783,3467.06,4301.75,52.3656,11.9685,-8.81999,1.10011e+17,8,S,120.1513,8.511637894,,,,,0.214177527418707,0.0426521334284478,R,99999900.0,LLLYTLLISLLFVLLALLILI,24139.12568444628,1698.220604917179,18.32790768847525,0.0943644805576242,LLLYTLLISLLFVLLALLILI,Mutant
LLLYTLLISLLFVLLALLILI,LLLYTLLISLLFILLALLILI,Right,clash,16.638,-272.036,10477600.0,10477300.0,-60.3764,-279.38,-368.512,4305.86,-45.0785,-28.7552,3484.0,4291.47,46.0577,11.6793,3467.06,4301.75,73.7422,29.8146,-8.81999,1.10011e+17,12,V,118.1427,8.996395064,,,,,0.2287285190199131,0.0750222376763,R,99999900.0,LLLYTLLISLLFVLLALLILI,24230.65962619042,1467.5807070956648,19.573086088174104,0.0798134889564181,LLLYTLLISLLFVLLALLILI,Mutant
LLLYTLLISLLFVLLALLILI,LLLYTLLASLLFVLLALLILI,Right,void,,,,,,,,,,,3480.35,4255.18,58.4253,68.5763,3467.06,4301.75,109.322,135.324,-8.81999,1.1e+17,7,I,61.0191,52.91568991,3411.7737,3331.736,80.0377,4.0,0.2700455344211666,0.1474449026946833,R,99999900.0,LLLYTLLISLLFVLLALLILI,24505.771187281705,1462.5691197743067,23.10872520663814,0.03849647355516461,LLLYTLLISLLFVLLALLILI,Mutant
LLLYTLLISLLFVLLALLILI,LLLYTLLISLLAVLLALLILI,Right,void,,,,,,,,,,,3476.53,4147.31,56.0581,37.6767,3467.06,4301.75,157.365,119.189,-8.81999,1.1e+17,11,F,92.5911,28.92249658,3438.8533,3347.871,90.9823,4.0,0.3936868437096265,0.0767350605307229,R,99999900.0,LLLYTLLISLLFVLLALLILI,25227.82802164888,1248.7155053176732,33.68913730884258,-0.08514483573329529,LLLYTLLISLLFVLLALLILI,Mutant
LLLVYLLIALLFSLLTLLILI,LLLVYLLIALLFILLTLLILI,Right,clash,18.352,-266.762,67019100.0,67018800.0,-58.9169,-281.062,-367.203,4321.34,-49.86,-27.2244,3499.88,4271.37,47.0203,3.21172,3499.45,4275.27,56.1075,3.14964,-8.57958,1.10011e+17,12,S,126.61028,2.473941243,,,,,0.2188092338313692,0.1166709370949359,R,99999900.0,LLLVYLLIALLFSLLTLLILI,24144.380999553927,1101.3580070943822,18.724258737039914,0.11797342326001942,LLLVYLLIALLFSLLTLLILI,Mutant
LLLVYLLIALLFSLLTLLILI,LLLVYLLIILLFSLLTLLILI,Right,clash,18.4404,-268.791,76131000.0,76130700.0,-74.243,-283.221,-381.35,4275.88,-54.1795,-23.8862,3499.45,4275.27,53.5266,23.2676,3499.45,4275.27,53.5266,23.2676,-8.57958,1.10011e+17,8,A,108.062,17.71695033,,,,,0.2983843925446238,0.0309160092766515,R,99999900.0,LLLVYLLIALLFSLLTLLILI,24666.82299248236,1746.0847942113048,25.533778768247966,0.038398264546764815,LLLVYLLIALLFSLLTLLILI,Mutant
LLLVYLLIALLFSLLTLLILI,LLLVYLLIALLASLLTLLILI,Right,void,,,,,,,,,,,3504.87,4134.49,51.4247,65.7731,3499.45,4275.27,154.109,169.148,-8.57958,1.1e+17,11,F,64.4947,50.4906815,3439.0969,3330.302,108.7949,5.0,0.4052708408133684,0.0966248788867412,R,99999900.0,LLLVYLLIALLFSLLTLLILI,25287.75077240451,1267.625092860576,34.68041978436528,-0.06848818372197979,LLLVYLLIALLFSLLTLLILI,Mutant
LLLVYLLIALLFSLLTLLILI,LLLVALLIALLFSLLTLLILI,Right,void,,,,,,,,,,,3493.58,4124.65,55.0553,95.8344,3499.45,4275.27,167.505,186.612,-8.57958,1.1e+17,4,Y,42.6408,69.20690492,3397.7456,3312.838,84.9076,5.0,0.427607262592691,0.0374412743530234,R,99999900.0,LLLVYLLIALLFSLLTLLILI,25481.039488291,1569.302716637967,36.59182422252537,-0.09082460550130239,LLLVYLLIALLFSLLTLLILI,Mutant
LLLAILLLTLLFVLLSLLILI,LLLAILLLILLFVLLSLLILI,Right,clash,12.2602,-263.923,355954000.0,355954000.0,-60.5003,-278.585,-390.242,4153.91,-45.1631,-51.1572,3335.4,4167.21,53.0967,19.4661,3325.21,4184.04,76.2983,24.4589,-8.55011,1.10011e+17,8,T,111.8635,14.8223249,,,,,0.2024214021314601,0.1199519118264055,R,99999900.0,LLLAILLLTLLFVLLSLLILI,24013.304081106056,888.8350447247253,17.32189561225221,0.12471640479953522,LLLAILLLTLLFVLLSLLILI,Mutant
LLLAILLLTLLFVLLSLLILI,LLLAILLLTLLFILLSLLILI,Right,clash,21.7617,-276.298,520169000.0,520168000.0,-74.3002,-278.527,-393.033,4589.72,-49.6598,-40.2054,3856.0,4701.22,44.5257,13.5798,3843.05,4708.63,69.7097,26.6489,-8.16589,1.10011e+17,12,V,116.2422,10.4603226,,,,,0.2224521662541331,0.1447495916921991,R,99999900.0,LLLAILLLTLLFVLLSLLILI,24116.666955083267,763.5910377271676,19.03599699438399,0.1046856406768622,LLLAILLLTLLFVLLSLLILI,Mutant
LLLAILLLTLLFVLLSLLILI,LLLAILLLTLLFVLLSALILI,Right,void,,,,,,,,,,,3348.0,4139.91,55.8887,103.43,3325.21,4184.04,108.413,158.805,-8.55011,1.1e+17,16,L,26.0328,79.89167545,3244.57,3166.405,78.165,5.0,0.3052112351487745,0.0286982920728803,R,99999900.0,LLLAILLLTLLFVLLSLLILI,24687.511445841526,1605.290611803906,26.11797517092665,0.021926571782220794,LLLAILLLTLLFVLLSLLILI,Mutant
LLLAILLLTLLFVLLSLLILI,LLLAILLLTLLFVLLILLILI,Right,clash,21.7626,-276.888,519892000.0,519891000.0,-58.9389,-279.068,-381.922,4622.92,-49.6598,-43.915,3846.1,4721.3,34.7946,8.9719,3843.05,4708.63,36.0846,9.33034,-8.16589,1.10011e+17,15,S,120.7485,6.916336983,,,,,0.3348653911015002,0.0577611838352342,R,99999900.0,LLLAILLLTLLFVLLSLLILI,24890.74544426576,1431.2313041260147,28.65558329177628,-0.0077275841705048975,LLLAILLLTLLFVLLSLLILI,Mutant
LLLAILLLTLLFVLLSLLILI,LLLAILLLTLLAVLLSLLILI,Right,void,,,,,,,,,,,3851.46,4586.54,53.0259,35.2873,3843.05,4708.63,150.183,123.168,-8.16589,1.1e+17,11,F,94.9805,27.08827508,3816.1727,3719.882,96.2907,4.0,0.3894531977747199,0.0603727225793629,R,99999900.0,LLLAILLLTLLFVLLSLLILI,25214.49632060296,1312.5235497945976,33.326849664495256,-0.06231539084372456,LLLAILLLTLLFVLLSLLILI,Mutant
LLLYSLLLTLLALLLAFLILI,LLLYSLLLTLLALLLIFLILI,Right,clash,17.4979,-275.379,3107850.0,3107530.0,-58.8135,-277.527,-366.827,4310.87,-54.5923,-30.4866,3578.72,4255.64,62.6428,43.5346,3578.72,4255.64,62.6428,43.5346,-8.51479,1.10011e+17,15,A,124.58246,4.364347905,,,,,0.2047033414723958,0.0594281331335465,R,99999900.0,LLLYSLLLTLLALLLAFLILI,24029.445512846272,1339.534770543304,17.517169010425338,0.10015565389215278,LLLYSLLLTLLALLLAFLILI,Mutant
LLLYSLLLTLLALLLAFLILI,LLLYSLLATLLALLLAFLILI,Right,void,,,,,,,,,,,3576.06,4203.46,59.1892,64.1429,3578.72,4255.64,118.349,151.094,-8.51479,1.1e+17,7,L,65.4525,49.49473515,3511.9171,3427.626,84.2911,5.0,0.2586350632723696,0.0634718806830478,R,99999900.0,LLLYSLLLTLLALLLAFLILI,24416.717694534644,1478.1654627879825,22.13229194392556,0.046223932092178954,LLLYSLLLTLLALLLAFLILI,Mutant
LLLYSLLLTLLALLLAFLILI,LLLYSLLLTLLILLLAFLILI,Right,clash,17.499,-275.379,4256.39,3943.92,-58.8135,-281.423,-370.722,4321.3,-54.5923,-30.4857,3578.72,4255.64,54.7143,5.68534,3578.72,4255.64,54.7143,5.68534,-8.51479,1.10011e+17,11,A,124.58246,4.364347905,,,,,0.2691440907711294,0.0789604942243701,R,99999900.0,LLLYSLLLTLLALLLAFLILI,24501.09521997541,1686.0580110140925,23.03158557297366,0.035714904593419194,LLLYSLLLTLLALLLAFLILI,Mutant
LLLYSLLLTLLALLLAFLILI,LLLASLLLTLLALLLAFLILI,Right,void,,,,,,,,,,,3398.73,4077.34,52.0893,103.539,3578.72,4255.64,171.307,341.471,-8.51479,1.1e+17,3,Y,66.1918,61.00189241,3295.191,3237.249,57.942,5.0,0.356128147072959,0.0759566815421334,R,99999900.0,LLLYSLLLTLLALLLAFLILI,24988.845340876327,1234.9085529820252,30.47511045386562,-0.0512691517084104,LLLYSLLLTLLALLLAFLILI,Mutant
LLLYTLLVSLLFALLILLILI,LLLYTLLVSLLFILLILLILI,Right,clash,17.5676,-275.05,1875620000.0,1875620000.0,-60.4096,-279.242,-368.633,4353.82,-48.0259,-28.9816,3472.16,4277.71,40.5129,8.23654,3472.16,4277.71,40.5129,8.23654,-8.49036,1.10011e+17,12,A,121.58546,6.344487067,,,,,0.2419374630670417,0.1356246975838606,R,99999900.0,LLLYTLLVSLLFALLILLILI,24318.36952993852,1361.2341310516858,20.70342086267512,-0.014968847633881704,LLLYTLLVSLLFALLILLILI,Mutant
LLLYTLLVSLLFALLILLILI,LLLYTLLVILLFALLILLILI,Right,clash,17.618,-273.02,1023340.0,1023040.0,-45.0916,-277.222,-353.62,4349.76,-45.0916,-31.3065,3472.32,4279.48,52.6962,10.2393,3472.16,4277.71,57.7972,10.5075,-8.49036,1.10011e+17,8,S,121.0903,7.79664295,,,,,0.2550968165075173,0.1230036142029236,R,99999900.0,LLLYTLLVSLLFALLILLILI,24339.481311956963,887.5781071841063,21.82951199839709,-0.028128201074357317,LLLYTLLVSLLFALLILLILI,Mutant
LLLYTLLVSLLFALLILLILI,LLLYTLLVSLLFALLIALILI,Right,void,,,,,,,,,,,3464.78,4217.78,58.4733,98.0226,3472.16,4277.71,116.334,173.986,-8.49036,1.1e+17,16,L,31.4402,75.71487717,3366.7574,3298.174,68.5834,5.0,0.2744581807237194,0.062244199383123,R,99999900.0,LLLYTLLVSLLFALLILLILI,24491.360236057182,1258.0979989297753,23.48633052811976,-0.04748956529055942,LLLYTLLVSLLFALLILLILI,Mutant
LLLYTLLVSLLFALLILLILI,LLLYTLLVSLLAALLILLILI,Right,void,,,,,,,,,,,3480.66,4158.27,45.4876,40.9629,3472.16,4277.71,144.182,130.415,-8.49036,1.1e+17,11,F,89.3049,31.44514608,3439.6971,3341.745,97.9521,5.0,0.2893824516898914,0.0795366807349506,R,99999900.0,LLLYTLLVSLLFALLILLILI,24568.356605224384,1147.290704892263,24.76345172697949,-0.062413836256731414,LLLYTLLVSLLFALLILLILI,Mutant
LLLFYLLVALLISLLTLLILI,LLLFYLLVALLIILLTLLILI,Right,clash,22.5578,-280.847,156332000.0,156332000.0,-58.914,-281.239,-363.891,4754.85,-49.8451,-23.7384,3787.1,4746.38,49.2036,5.24546,3786.12,4750.82,57.8421,5.18338,-15.0743,1.10011e+17,12,S,124.57654,4.04050161,,,,,0.2506550625248713,0.1614147488631597,R,99999900.0,LLLFYLLVALLISLLTLLILI,24285.74695783176,717.4015738619958,21.44941583261353,0.09047377183506922,LLLFYLLVALLISLLTLLILI,Mutant
LLLFYLLVALLISLLTLLILI,LLLFYLLVILLISLLTLLILI,Right,clash,22.5888,-282.877,166696000.0,166696000.0,-74.237,-283.261,-377.984,4763.42,-55.0559,-20.486,3786.12,4750.82,45.4693,2.10237,3786.12,4750.82,45.4693,2.10237,-15.0743,1.10011e+17,8,A,129.22723,1.600834846,,,,,0.2786071819274646,0.0826234122335401,R,99999900.0,LLLFYLLVALLISLLTLLILI,24516.897886686034,1180.906918645237,23.841374831684604,0.06252165243247593,LLLFYLLVALLISLLTLLILI,Mutant
LLLFYLLVALLISLLTLLILI,LLLFYLLVALLASLLTLLILI,Right,void,,,,,,,,,,,3833.35,4720.12,51.4746,61.7688,3786.12,4750.82,99.6905,92.6956,-15.0743,1.1e+17,11,I,68.499,47.41678297,3771.5812,3693.4244,78.1568,4.0,0.3280346670979088,0.0275091277494695,R,99999900.0,LLLFYLLVALLISLLTLLILI,24851.924229337048,1594.963316504211,28.071054744397312,0.01309416726203172,LLLFYLLVALLISLLTLLILI,Mutant
LLLFYLLVALLISLLTLLILI,LLLFALLVALLISLLTLLILI,Right,void,,,,,,,,,,,3906.63,4664.48,47.8587,57.0103,3786.12,4750.82,141.517,89.0258,-15.0743,1.1e+17,4,Y,81.4649,41.17004344,3849.6197,3697.0942,152.5255,4.0,0.3368395165704298,0.0266748322772979,R,99999900.0,LLLFYLLVALLISLLTLLILI,24888.664014743663,1608.1083859795633,28.824515998190787,0.004289317789510694,LLLFYLLVALLISLLTLLILI,Mutant
LLLYSLLLALLAVLLTILILI,LLLYILLLALLAVLLTILILI,Right,clash,19.0953,-267.467,164080000.0,164080000.0,-58.8612,-276.402,-374.678,4269.52,-49.5781,-39.4155,3407.61,4120.87,55.5753,7.00578,3399.86,4118.84,58.5384,10.6662,-8.45964,1.10011e+17,4,S,131.46942,5.059230823,,,,,0.2973186539846467,0.0553699201194198,R,99999900.0,LLLYSLLLALLAVLLTILILI,24645.676480514627,1357.7935663442663,25.442579854044777,0.011121799200201232,LLLYSLLLALLAVLLTILILI,Mutant
LLLYSLLLALLAVLLTILILI,LLLYSLLLALLAVLLIILILI,Right,clash,15.8107,-267.346,1074.53,771.629,-45.042,-270.494,-362.051,4271.06,-51.3678,-46.5144,3427.38,4077.54,63.1532,44.6468,3399.86,4118.84,94.6858,48.1242,-8.45964,1.10011e+17,15,T,85.0736,34.41771687,,,,,0.3023885496006245,0.0253506966213167,R,99999900.0,LLLYSLLLALLAVLLTILILI,24686.65734615764,1558.0671420666786,25.8764282598964,0.006051903584223417,LLLYSLLLALLAVLLTILILI,Mutant
LLLYSLLLALLAVLLTILILI,LLLYSLLAALLAVLLTILILI,Right,void,,,,,,,,,,,3413.46,4064.89,59.5794,60.8755,3399.86,4118.84,118.484,128.979,-8.45964,1.1e+17,7,L,68.7199,46.97350369,3352.5845,3270.881,81.7035,4.0,0.3134116323982532,0.0131391266412656,R,99999900.0,LLLYSLLLALLAVLLTILILI,24754.62145032628,1596.3144696106062,26.819711368970665,-0.004971179213405286,LLLYSLLLALLAVLLTILILI,Mutant
LLLYSLLLALLAVLLTILILI,LLLASLLLALLAVLLTILILI,Right,void,,,,,,,,,,,3220.7,3941.6,50.1959,99.8085,3399.86,4118.84,170.409,338.83,-8.45964,1.1e+17,3,Y,69.9223,58.80400022,3120.8915,3061.03,59.8615,4.0,0.5238618869091659,0.1036540780691831,R,99999900.0,LLLYSLLLALLAVLLTILILI,26041.68428320535,1580.0734897945213,44.82866349470725,-0.215421433724318,LLLYSLLLALLAVLLTILILI,Mutant
LLLYSLLLTLLAALLVFLILI,LLLYSLLLILLAALLVFLILI,Right,clash,18.3424,-270.944,5591.51,5289.36,-44.9956,-273.139,-348.132,4307.51,-49.5439,-29.9977,3585.67,4207.73,58.6714,24.606,3576.22,4243.11,88.0604,42.3095,-8.44593,1.10011e+17,8,T,91.7022,29.36312798,,,,,0.116261881638425,0.0850202739019582,R,99999900.0,LLLYSLLLTLLAALLVFLILI,23517.05467326777,1372.888872262701,9.948929096523756,0.1117520789091624,LLLYSLLLTLLAALLVFLILI,Mutant
LLLYSLLLTLLAALLVFLILI,LLLYILLLTLLAALLVFLILI,Right,clash,22.9577,-270.173,9427380.0,9427090.0,-58.7655,-274.307,-356.317,4309.87,-49.499,-23.2446,3586.2,4236.83,50.7464,20.8004,3576.22,4243.11,60.7123,25.1321,-8.44593,1.10011e+17,4,S,117.6748,15.02102904,,,,,0.1715164260786224,0.0616875832784916,R,99999900.0,LLLYSLLLTLLAALLVFLILI,23823.015255231283,1184.94383218774,14.677250513218937,0.056497534468964994,LLLYSLLLTLLAALLVFLILI,Mutant
LLLYSLLLTLLAALLVFLILI,LLLYSLLATLLAALLVFLILI,Right,void,,,,,,,,,,,3581.71,4193.65,58.7233,71.0488,3576.22,4243.11,115.333,148.975,-8.44593,1.1e+17,7,L,58.5466,54.82355084,3510.6612,3427.245,83.4162,5.0,0.2190075892816647,0.0544374709592887,R,99999900.0,LLLYSLLLTLLAALLVFLILI,24138.073990175875,1251.696228333955,18.741232695168648,0.009006371265922714,LLLYSLLLTLLAALLVFLILI,Mutant
LLLYSLLLTLLAALLVFLILI,LLLYSLLLTLLAALLVALILI,Right,void,,,,,,,,,,,3446.57,4096.7,56.1364,96.3434,3576.22,4243.11,155.586,288.94,-8.44593,1.1e+17,16,F,33.1194,74.41782504,3350.2266,3287.28,62.9466,5.0,0.2921382921950005,0.0833017110787468,R,99999900.0,LLLYSLLLTLLAALLVFLILI,24630.9340474323,1449.494206597372,24.99927847776207,-0.06412433164741307,LLLYSLLLTLLAALLVFLILI,Mutant
LLLYVLLTILLALLLAFLILI,LLLYVLLIILLALLLAFLILI,Right,clash,15.4099,-266.886,23164.3,22867.8,-45.0659,-278.738,-357.937,4286.27,-45.0659,-34.1328,3657.7,4268.11,58.4401,35.7196,3641.96,4302.82,88.6287,59.6095,-8.42499,1.10011e+17,7,T,93.8758,27.56239805,,,,,0.2188114423086857,0.1246295496898794,R,99999900.0,LLLYVLLTILLALLLAFLILI,24142.33980104683,1064.1614506136686,18.72444772403998,0.10491259323713986,LLLYVLLTILLALLLAFLILI,Mutant
LLLYVLLTILLALLLAFLILI,LLLYVLLTILLILLLAFLILI,Right,clash,15.4344,-270.149,17221200000.0,17221200000.0,-58.8866,-281.737,-368.974,4284.86,-49.6054,-28.351,3641.96,4302.82,50.9454,1.46263,3641.96,4302.82,50.9454,1.46263,-8.42499,1.10011e+17,11,A,78.364,39.59007219,,,,,0.2220955102236215,0.03884337031129,R,99999900.0,LLLYVLLTILLALLLAFLILI,24187.104996186885,1637.301962752938,19.00547671112861,0.10162852532220407,LLLYVLLTILLALLLAFLILI,Mutant
LLLYVLLTILLALLLAFLILI,LLLYVLLTILLAALLAFLILI,Right,void,,,,,,,,,,,3650.61,4263.64,56.5935,76.0134,3641.96,4302.82,108.109,125.604,-8.42499,1.1e+17,12,L,53.8086,58.55201738,3574.5966,3516.356,58.2406,5.0,0.2254789189164666,0.0932650651581297,R,99999900.0,LLLYVLLTILLALLLAFLILI,24156.20887130564,1037.327770834639,19.29500663026724,0.09824511662935898,LLLYVLLTILLALLLAFLILI,Mutant
LLLYVLLTILLALLLAFLILI,LLLYVLLTALLALLLAFLILI,Right,void,,,,,,,,,,,3673.6,4260.74,45.4283,34.9979,3641.96,4302.82,91.0473,74.4151,-8.42499,1.1e+17,8,I,96.3317,26.64890474,3638.6021,3567.5449,71.0572,5.0,0.2971621646586346,0.0561687999369706,R,99999900.0,LLLYVLLTILLALLLAFLILI,24631.036553091184,1280.2596970916554,25.42918852417021,0.026561870887190975,LLLYVLLTILLALLLAFLILI,Mutant
LLLYSLLLALLFALLVTLILI,LLLYSLLLALLFILLVTLILI,Right,clash,19.2967,-275.169,23667800.0,23667500.0,-58.8202,-281.512,-365.638,4299.29,-55.4237,-25.3056,3414.6,4274.8,45.818,13.6442,3414.6,4274.8,45.818,13.6442,-8.415,1.10011e+17,12,A,116.1778,10.50992898,,,,,0.229721618913154,0.0471396977962764,R,99999900.0,LLLYSLLLALLFALLVTLILI,24221.39338425317,1390.6114026084604,19.658069061822747,0.038817211808676366,LLLYSLLLALLFALLVTLILI,Mutant
LLLYSLLLALLFALLVTLILI,LLLYILLLALLFALLVTLILI,Right,clash,24.0969,-271.298,4545790.0,4545490.0,-58.8202,-280.566,-362.988,4298.36,-49.531,-23.602,3423.15,4276.88,55.2002,8.52052,3414.6,4274.8,58.4786,12.9549,-8.415,1.10011e+17,4,S,129.95468,6.153101783,,,,,0.2734001626407366,0.1303560576321941,R,99999900.0,LLLYSLLLALLFALLVTLILI,24502.27833014028,1221.089340663004,23.395792281687694,-0.004861331918906198,LLLYSLLLALLFALLVTLILI,Mutant
LLLYSLLLALLFALLVTLILI,LLLYSLLLALLAALLVTLILI,Right,void,,,,,,,,,,,3419.37,4115.83,59.071,40.1573,3414.6,4274.8,162.387,130.653,-8.415,1.1e+17,11,F,90.1105,30.82672771,3379.2127,3283.947,95.2657,5.0,0.2999948122076273,0.0436079218448263,R,99999900.0,LLLYSLLLALLFALLVTLILI,24672.393423680773,1492.7177480972184,25.67158791787705,-0.031455981485796924,LLLYSLLLALLFALLVTLILI,Mutant
LLLYSLLLALLFALLVTLILI,LLLYSLLAALLFALLVTLILI,Right,void,,,,,,,,,,,3429.09,4222.41,57.9448,64.6455,3414.6,4274.8,114.166,133.091,-8.415,1.1e+17,7,L,64.9499,49.88255756,3364.4445,3281.509,82.9355,5.0,0.3065779752750006,0.0387164370285787,R,99999900.0,LLLYSLLLALLFALLVTLILI,24707.728509039847,1449.5312310266252,26.23493182445377,-0.0380391445531702,LLLYSLLLALLFALLVTLILI,Mutant
LLLYTLLVSLLAILLTLLILI,LLLYTLLVSLLAILLILLILI,Right,clash,17.6569,-271.313,54476.4,54177.6,-60.4327,-274.211,-378.776,4286.31,-45.1267,-44.1322,3473.01,4119.99,59.6731,15.8912,3460.47,4156.47,90.5642,19.1832,-8.36524,1.10011e+17,15,T,113.8292,12.25034767,,,,,0.1713932708019893,0.0646653073289381,R,99999900.0,LLLYTLLVSLLAILLTLLILI,23856.740735067688,1353.166423463128,14.666711692602773,0.15906139083909598,LLLYTLLVSLLAILLTLLILI,Mutant
LLLYTLLVSLLAILLTLLILI,LLLYTLLVSLLIILLTLLILI,Right,clash,17.6574,-274.523,7218580000.0,7218580000.0,-74.2517,-282.286,-395.97,4261.23,-49.888,-39.4324,3460.47,4156.47,50.8773,19.5672,3460.47,4156.47,50.8773,19.5672,-8.36524,1.10011e+17,11,A,110.7006,15.02074956,,,,,0.2773362996018596,0.1268578025377275,R,99999900.0,LLLYTLLVSLLAILLTLLILI,24477.719809164617,880.0504546144136,23.732621059861163,0.05311836203922565,LLLYTLLVSLLAILLTLLILI,Mutant
LLLYTLLVSLLAILLTLLILI,LLLYTLLVSLLAILLTALILI,Right,void,,,,,,,,,,,3443.97,4114.98,55.2501,94.4191,3460.47,4156.47,107.647,175.708,-8.36524,1.1e+17,16,L,35.0437,72.93145212,3349.5509,3284.762,64.7889,5.0,0.362678752131862,0.0642737887761031,R,99999900.0,LLLYTLLVSLLAILLTLLILI,25052.63772348418,1310.6062395710278,31.03566825967372,-0.032224090490776736,LLLYTLLVSLLAILLTLLILI,Mutant
LLLYTLLVSLLAILLTLLILI,LLLYTLLVSLLAALLTLLILI,Right,void,,,,,,,,,,,3471.71,4140.35,46.7085,41.1731,3460.47,4156.47,86.7776,95.6976,-8.36524,1.1e+17,12,I,88.6489,31.71504059,3430.5369,3364.7724,65.7645,5.0,0.5151702739855014,0.0606949965269689,R,99999900.0,LLLYTLLVSLLAILLTLLILI,26023.106329764058,1432.635878274751,44.08489228187847,-0.18471561234441614,LLLYTLLVSLLAILLTLLILI,Mutant
LLLYILLLTLLAVLLSFLILI,LLLYILLLTLLAILLSFLILI,Right,clash,15.9469,-267.676,12931000000.0,12931000000.0,-74.2212,-284.798,-380.077,4307.85,-49.5882,-21.0582,3695.28,4310.12,52.842,42.8907,3683.72,4335.93,76.229,71.1508,-8.13395,1.10011e+17,12,V,101.035,22.44054171,,,,,0.1089335887585281,0.0868180536653213,R,99999900.0,LLLYILLLTLLAVLLSFLILI,23445.43453398142,1104.6929627186078,9.321821869002695,0.1356081819328448,LLLYILLLTLLAVLLSFLILI,Mutant
LLLYILLLTLLAVLLSFLILI,LLLYILLLTLLIVLLSFLILI,Right,clash,15.9497,-270.296,12931000000.0,12931000000.0,-74.1983,-288.328,-384.03,4345.54,-49.5882,-21.5037,3683.72,4335.93,51.2121,24.8824,3683.72,4335.93,51.2121,24.8824,-8.13395,1.10011e+17,11,A,105.3854,19.10095972,,,,,0.1827404451184204,0.1496609792931076,R,99999900.0,LLLYILLLTLLAVLLSFLILI,23916.383042935395,1022.6118190253284,15.637728427659267,0.06180132557295248,LLLYILLLTLLAVLLSFLILI,Mutant
LLLYILLLTLLAVLLSFLILI,LLLYILLATLLAVLLSFLILI,Right,void,,,,,,,,,,,3687.8,4235.75,58.1301,70.3125,3683.72,4335.93,125.398,142.286,-8.13395,1.1e+17,7,L,59.2829,54.25539795,3617.4875,3541.434,76.0535,5.0,0.2554009259385708,0.0538551721663073,R,99999900.0,LLLYLLLATLLAVLLSFLILI,24372.896685381776,1293.4035708080469,21.855535688401908,-0.010859155247197882,LLLYILLLTLLAVLLSFLILI,Mutant
LLLYILLLTLLAVLLSFLILI,LLLYALLLTLLAVLLSFLILI,Right,void,,,,,,,,,,,3706.4,4288.64,55.7529,54.4256,3683.72,4335.93,109.804,103.608,-8.13395,1.1e+17,4,I,84.0496,39.30349983,3651.9744,3580.112,71.8624,5.0,0.3158326398690915,0.0352738666208382,R,99999900.0,LLLYILLLTLLAVLLSFLILI,24752.93897349995,1402.765065156697,27.026885305346767,-0.0712908691777186,LLLYILLLTLLAVLLSFLILI,Mutant
LLLFYLLLTLLAVLLSILILI,LLLFYLLLTLLAILLSILILI,Right,clash,11.9453,-260.704,844509000.0,844509000.0,-74.2644,-281.599,-380.086,4295.68,-54.8398,-24.2229,3485.75,4109.24,45.8308,31.2501,3475.49,4125.28,74.0056,58.9443,-7.95318,1.10011e+17,12,V,98.5719,24.0714979,,,,,0.2342781825586862,0.0236751632569562,R,99999900.0,LLLFYLLLTLLAVLLSILILI,24249.719833521624,1478.3930010175773,20.047989885349267,0.024655252720504672,LLLFYLLLTLLAVLLSILILI,Mutant
LLLFYLLLTLLAVLLSILILI,LLLFYLLLTLLIVLLSILILI,Right,clash,11.9467,-263.324,844177000.0,844177000.0,-74.2416,-283.388,-382.223,4333.98,-54.8398,-24.5938,3475.49,4125.28,52.9084,12.3254,3475.49,4125.28,52.9084,12.3254,-7.95318,1.10011e+17,11,A,117.9424,9.461586056,,,,,0.3260401891816493,0.0481315445702414,R,99999900.0,LLLFYLLLTLLAVLLSILILI,24850.424628537214,1672.9311798028025,27.9003804090622,-0.0671067539024584,LLLFYLLLTLLAVLLSILILI,Mutant
LLLFYLLLTLLAVLLSILILI,LLLFALLLTLLAVLLSILILI,Right,void,,,,,,,,,,,3529.1,4034.88,49.8418,62.4784,3475.49,4125.28,148.003,134.099,-7.95318,1.1e+17,4,Y,75.9968,45.11883716,3466.6216,3341.391,125.2306,4.0,0.4084972775917957,0.0843799582121717,R,99999900.0,LLLFYLLLTLLAVLLSILILI,25313.66804733228,1369.6452796446824,34.9565170768796,-0.14956384231260483,LLLFYLLLTLLAVLLSILILI,Mutant
LLLYALLVALLTALLSLLILI,LLLYILLVALLTALLSLLILI,Right,clash,16.3585,-264.617,23542500000.0,23542500000.0,-74.294,-275.744,-383.305,4236.08,-49.6723,-33.2674,3433.79,4108.23,52.7183,45.7855,3433.79,4108.23,52.7183,45.7855,-7.73994,1.10011e+17,4,A,115.9331,10.69841783,,,,,0.3147719569249601,0.0216966710143809,R,99999900.0,LLLYALLVALLTALLSLLILI,24748.58924224196,1489.9513464803108,26.93611901758037,0.03850047822842534,LLLYALLVALLTALLSLLILI,Mutant
LLLYALLVALLTALLSLLILI,LLLYALLAALLTALLSLLILI,Right,void,,,,,,,,,,,3464.56,4083.26,54.4881,103.0,3433.79,4108.23,87.1389,130.07,-7.73994,1.1e+17,7,V,26.5954,79.47812962,3361.56,3303.72,57.84,4.0,0.3169393567760495,0.0608002736697857,R,99999900.0,LLLYALLVALLTALLSLLILI,24764.680238700832,1310.3303029076992,27.121590877646828,0.0363330783773359,LLLYALLVALLTALLSLLILI,Mutant
LLLYALLVALLTALLSLLILI,LLLYALLVALLTALLSALILI,Right,void,,,,,,,,,,,3430.02,4041.83,58.1303,66.8132,3433.79,4108.23,118.674,122.742,-7.73994,1.1e+17,16,L,62.6496,51.60802949,3363.2068,3311.048,52.1588,4.0,0.3177236997395251,0.0387622614434978,R,99999900.0,LLLYALLVALLTALLSLLILI,24765.94576601451,1385.4352822737817,27.188709802792427,0.03554873541386033,LLLYALLVALLTALLSLLILI,Mutant
LLLYALLVALLTALLSLLILI,LLLYALLVALLTILLSLLILI,Right,clash,12.9481,-265.172,11680.4,11378.5,-74.2919,-275.845,-385.196,4188.65,-49.6723,-35.0585,3433.79,4108.23,47.3454,13.8889,3433.79,4108.23,47.3454,13.8889,-7.73994,1.10011e+17,12,A,115.9331,10.69841783,,,,,0.3177921552527077,0.1021212866193561,R,99999900.0,LLLYALLVALLTALLSLLILI,24749.851293409043,1051.7078711197971,27.19456777650937,0.0354802799006777,LLLYALLVALLTALLSLLILI,Mutant
LLLYVLLTILLALLLSFLILI,LLLYVLLIILLALLLSFLILI,Right,clash,11.5095,-266.89,10960000.0,10959700.0,-60.433,-284.461,-376.775,4287.16,-45.1169,-31.8805,3721.62,4220.93,57.3013,38.9044,3709.45,4257.5,88.5971,64.5848,-7.67668,1.10011e+17,7,T,90.691,30.01989268,,,,,0.1820625905489444,0.0517634433203018,R,99999900.0,LLLYVLLTILLALLLSFLILI,23924.677754791912,1409.252776135869,15.579722080656854,0.1621328079984363,LLLYVLLTILLALLLSFLILI,Mutant
LLLYVLLTILLALLLSFLILI,LLLYVLLTILLAALLSFLILI,Right,void,,,,,,,,,,,3707.28,4216.13,54.7226,74.3489,3709.45,4257.5,107.75,132.918,-7.67668,1.1e+17,12,L,55.4731,57.26987722,3632.9311,3576.532,56.3991,4.0,0.2067456001696403,0.0693887280841445,R,99999900.0,LLLYVLLTILLALLLSFLILI,24059.53782277012,1179.3859187899784,17.69193211153215,0.13744979837774038,LLLYVLLTILLALLLSFLILI,Mutant
LLLYVLLTILLALLLSFLILI,LLLYVLLTILLILLLSFLILI,Right,clash,11.5448,-270.117,883615000.0,883615000.0,-74.2348,-288.245,-388.669,4288.56,-49.6537,-26.1892,3709.45,4257.5,47.6614,4.80019,3709.45,4257.5,47.6614,4.80019,-7.67668,1.10011e+17,11,A,125.46761,3.684863028,,,,,0.2983749194240861,0.0515741533852104,R,99999900.0,LLLYVLLTILLALLLSFLILI,24646.05768103331,1329.4857284228926,25.53296812074059,0.045820479123294566,LLLYVLLTILLALLLSFLILI,Mutant
LLLYVLLTILLALLLSFLILI,LLLYVLLTALLALLLSFLILI,Right,void,,,,,,,,,,,3730.24,4253.76,45.5194,34.1967,3709.45,4257.5,79.7557,74.0854,-7.67668,1.1e+17,8,I,97.1329,26.03883664,3696.0433,3635.3646,60.6787,4.0,0.3135353662762265,0.0444879812046946,R,99999900.0,LLLYVLLTILLALLLSFLILI,24744.48387151264,1378.3010683635025,26.830299702493623,0.03066003227115416,LLLYVLLTILLALLLSFLILI,Mutant
LLLVYLLFALLTTLLSLLILI,LLLVYLLFILLTTLLSLLILI,Right,clash,14.8248,-271.448,115757000.0,115757000.0,-87.9543,-284.633,-387.949,4292.22,-54.3515,-15.3622,3315.6,4156.97,38.9872,7.16561,3315.6,4156.97,38.9872,7.16561,-7.64414,1.10011e+17,8,A,124.16399,5.456203324,,,,,0.2516529824582308,0.096822523118354,R,99999900.0,LLLVYLLFALLTTLLSLLILI,24342.40360783233,1093.674870220645,21.534811273673725,0.17511713752036756,LLLVYLLFALLTTLLSLLILI,Mutant
LLLVYLLFALLTTLLSLLILI,LLLVYLLAALLTTLLSLLILI,Right,void,,,,,,,,,,,3291.54,4014.39,51.5079,71.8519,3315.6,4156.97,154.835,214.563,-7.64414,1.1e+17,7,F,57.7435,55.44324876,3219.6881,3101.037,118.6511,4.0,0.2893404791525491,0.0152718048979986,R,99999900.0,LLLVYLLFALLTTLLSLLILI,24598.87363021705,1536.6438806495437,24.759859992593857,0.13742964082604925,LLLVYLLFALLTTLLSLLILI,Mutant
LLLVYLLFALLTTLLSLLILI,LLLVYLLFALLTILLSLLILI,Right,clash,14.7892,-268.239,107603000.0,107602000.0,-74.3167,-281.742,-377.068,4220.86,-49.728,-21.0088,3322.15,4143.81,46.9769,14.8648,3315.6,4156.97,70.6025,24.8607,-7.64414,1.10011e+17,12,T,114.9572,11.45013942,,,,,0.2992732351702999,0.073412035819305,R,99999900.0,LLLVYLLFALLTTLLSLLILI,24669.362653054257,1406.9660143287078,25.60984008891643,0.12749688480829846,LLLVYLLFALLTTLLSLLILI,Mutant
LLLVYLLFALLTTLLSLLILI,LLLVALLFALLTTLLSLLILI,Right,void,,,,,,,,,,,3404.38,4079.2,57.6982,43.6582,3315.6,4156.97,149.192,84.9791,-7.64414,1.1e+17,4,Y,94.817,31.52781148,3360.7218,3230.6209,130.1009,4.0,0.4319721200858245,0.0131977583655226,R,99999900.0,LLLVYLLFALLTTLLSLLILI,25497.76489322714,1604.1839593747304,36.96534009121456,-0.005202000107226101,LLLVYLLFALLTTLLSLLILI,Mutant
LLLTYLLVALLIALLFLLILI,LLLTYLLVALLIILLFLLILI,Right,clash,23.0392,-279.422,31133300000000.0,31133300000000.0,-45.0773,-278.47,-356.325,4287.75,-45.0773,-32.7776,3252.56,4274.97,45.517,5.6423,3252.56,4274.97,45.517,5.6423,-7.52921,1.10011e+17,12,A,124.1797,4.346181695,,,,,0.2654612528654801,0.0577432532811843,R,99999900.0,LLLTYLLVALLIALLFLLILI,24422.07567992996,1258.5706123864893,22.7164324662035,0.10180446847963659,LLLTYLLVALLIALLFLLILI,Mutant
LLLTYLLVALLIALLFLLILI,LLLTYLLVILLIALLFLLILI,Right,clash,23.179,-279.42,31133300000000.0,31133300000000.0,-45.0773,-278.517,-355.373,4302.28,-45.0773,-31.7789,3252.56,4274.97,54.3808,0.944237,3252.56,4274.97,54.3808,0.944237,-7.52921,1.10011e+17,8,A,124.1797,4.346181695,,,,,0.3384126266186759,0.05899686158733,R,99999900.0,LLLTYLLVALLIALLFLLILI,24884.91442217585,1298.3238328393863,28.95913243575803,0.02885309472644082,LLLTYLLVALLIALLFLLILI,Mutant
LLLTYLLVALLIALLFLLILI,LLLTYLLVALLIALLALLILI,Right,void,,,,,,,,,,,3229.04,4117.86,57.2007,34.9554,3252.56,4274.97,159.609,161.484,-7.52921,1.1e+17,15,F,94.765,26.94672542,3194.0846,3091.076,103.0086,4.0,0.4442046602124385,0.0553658547190433,R,99999900.0,LLLTYLLVALLIALLFLLILI,25559.654587187782,1379.771860264481,38.012120623879206,-0.07693893886732178,LLLTYLLVALLIALLFLLILI,Mutant
LLLTYLLVALLIALLFLLILI,LLLTALLVALLIALLFLLILI,Right,void,,,,,,,,,,,3283.97,4102.63,55.7761,57.9559,3252.56,4274.97,174.434,138.618,-7.52921,1.1e+17,4,Y,80.5193,41.8529094,3226.0141,3113.942,112.0721,4.0,0.4601691776859816,0.1397159838816541,R,99999900.0,LLLTYLLVALLIALLFLLILI,25624.352577270063,1658.7835860586604,39.37825929432028,-0.09290345634086489,LLLTYLLVALLIALLFLLILI,Mutant
LLLYALLLTLLSILLVFLILI,LLLYILLLTLLSILLVFLILI,Right,clash,14.1821,-272.026,55702500.0,55702200.0,-74.1975,-280.189,-375.614,4360.13,-49.6394,-21.2276,3659.16,4268.21,50.066,18.3163,3659.16,4268.21,50.066,18.3163,-7.49055,1.10011e+17,4,A,120.1589,13.22713381,,,,,0.0646110871814407,0.0618363913524512,R,99999900.0,LLLYALLLTLLSILLVFLILI,23190.831691919942,1780.3499600165558,5.5289929610516255,0.15413220022095842,LLLYALLLTLLSILLVFLILI,Mutant
LLLYALLLTLLSILLVFLILI,LLLYALLATLLSILLVFLILI,Right,void,,,,,,,,,,,3673.95,4216.81,54.8892,66.7798,3659.16,4268.21,113.429,142.163,-7.49055,1.1e+17,7,L,62.8156,51.52945243,3607.1702,3516.997,90.1732,4.0,0.2010343884323492,0.034747895595673,R,99999900.0,LLLYALLLTLLSILLVFLILI,24039.06169196146,1420.4892693269742,17.203204079362024,0.017708898970049902,LLLYALLLTLLSILLVFLILI,Mutant
LLLYALLLTLLSILLVFLILI,LLLYALLLTLLIILLVFLILI,Right,clash,12.1858,-270.245,13456.9,13149.2,-58.9285,-278.157,-361.5,4344.07,-49.6394,-24.4144,3661.02,4261.96,57.4341,20.4774,3659.16,4268.21,67.6897,29.9652,-7.49055,1.10011e+17,11,S,109.7904,15.71946406,,,,,0.2099322946275731,0.0472412859916299,R,99999900.0,LLLYALLLTLLSILLVFLILI,24085.610894207144,1301.189083572585,17.964628516987375,0.008810992774825999,LLLYALLLTLLSILLVFLILI,Mutant
LLLYALLLTLLSILLVFLILI,LLLYALLLTLLSALLVFLILI,Right,void,,,,,,,,,,,3670.18,4251.16,48.5528,64.9296,3659.16,4268.21,89.0405,120.513,-7.49055,1.1e+17,12,I,64.8924,50.01432731,3605.2504,3538.647,66.6034,4.0,0.2408417536221699,0.0193976263436815,R,99999900.0,LLLYALLLTLLSILLVFLILI,24279.64693777512,1529.3557523935024,20.60965723676612,-0.022098466219770796,LLLYALLLTLLSILLVFLILI,Mutant
LLLYSLLVALLTLLLFILILI,LLLYSLLVILLTLLLFILILI,Right,clash,20.9147,-278.605,2810510.0,2810190.0,-58.9437,-279.821,-367.858,4329.18,-55.4232,-29.0934,3517.49,4307.36,44.7082,4.50328,3517.49,4307.36,44.7082,4.50328,-7.46803,1.10011e+17,8,A,126.82632,3.428990875,,,,,0.3019572069017424,0.1935014168195639,R,99999900.0,LLLYSLLVALLTLLLFILILI,24583.22930228863,1192.35561403265,25.83951678154248,0.011775967903429996,LLLYSLLVALLTLLLFILILI,Mutant
LLLYSLLVALLTLLLFILILI,LLLYILLVALLTLLLFILILI,Right,clash,26.4826,-274.358,64479300.0,64479000.0,-58.9631,-277.776,-363.097,4353.99,-49.7233,-26.3581,3532.92,4295.6,56.8082,27.2312,3517.49,4307.36,68.9288,30.4681,-7.46803,1.10011e+17,4,S,111.244,19.66503749,,,,,0.3207250606034441,0.0281256103669149,R,99999900.0,LLLYSLLVALLTLLLFILILI,24797.57086820452,1497.082758977448,27.44554657514983,-0.006991885798271702,LLLYSLLVALLTLLLFILILI,Mutant
LLLYSLLVALLTLLLFILILI,LLLYSLLVALLTLLLFALILI,Right,void,,,,,,,,,,,3519.18,4280.33,56.638,81.8971,3517.49,4307.36,99.2716,147.887,-7.46803,1.1e+17,16,I,47.5657,63.25917561,3437.2829,3369.603,67.6799,5.0,0.3684047072450022,0.0798021942818023,R,99999900.0,LLLYSLLVALLTLLLFILILI,25066.7303147776,1210.365808059768,31.525657933225336,-0.054671532439829806,LLLYSLLVALLTLLLFILILI,Mutant
LLLYSLLVALLTLLLFILILI,LLLYSLLVALLTLLLAILILI,Right,void,,,,,,,,,,,3548.29,4154.66,57.9584,88.6236,3517.49,4307.36,159.214,165.624,-7.46803,1.1e+17,15,F,41.0968,68.31893827,3459.6664,3351.866,107.8004,5.0,0.4520531982486214,0.2047274750081663,R,99999900.0,LLLYSLLVALLTLLLFILILI,25539.87989399635,1608.6579723691625,38.68374701881574,-0.13832002344344901,LLLYSLLVALLTLLLFILILI,Mutant
LLLLTLLIALLFVLLYSLILI,LLLLTLLIILLFVLLYSLILI,Right,clash,18.925,-270.381,53887400.0,53887100.0,-60.3755,-291.882,-384.435,4237.33,-45.0607,-32.178,3434.77,4177.53,53.8504,10.9782,3434.77,4177.53,53.8504,10.9782,-7.45389,1.10011e+17,8,A,120.3514,8.359273157,,,,,0.2315490335021481,0.0659209667881715,R,99999900.0,LLLLTLLIALLFVLLYSLILI,24218.633576743166,1216.4598809760253,19.8144472136266,0.1968818852970963,LLLLTLLIALLFVLLYSLILI,Mutant
LLLLTLLIALLFVLLYSLILI,LLLLTLLIALLFILLYSLILI,Right,clash,18.8703,-267.762,2836310.0,2836020.0,-60.3755,-289.379,-380.034,4246.09,-45.0607,-30.2788,3449.73,4156.64,53.2072,4.36,3434.77,4177.53,77.4574,14.6997,-7.45389,1.10011e+17,12,V,125.462,3.35844464,,,,,0.2788900629928045,0.0494972648934675,R,99999900.0,LLLLTLLIALLFVLLYSLILI,24538.79857911033,1463.5431360406506,23.865581937419982,0.1495408558064399,LLLLTLLIALLFVLLYSLILI,Mutant
LLLLTLLIALLFVLLYSLILI,LLLLTLLIALLFVLLASLILI,Right,void,,,,,,,,,,,3426.89,4128.27,54.0674,68.1844,3434.77,4177.53,134.648,158.922,-7.45389,1.1e+17,15,Y,61.536,52.56258846,3358.7056,3275.848,82.8576,5.0,0.331591310935573,0.0404384719493099,R,99999900.0,LLLLTLLIALLFVLLYSLILI,24860.023124211515,1409.8710823859708,28.37540899072335,0.0968396078636714,LLLLTLLIALLFVLLYSLILI,Mutant
LLLLTLLIALLFVLLYSLILI,LLLLTLLIALLAVLLYSLILI,Right,void,,,,,,,,,,,3451.34,4149.25,38.9184,35.8814,3434.77,4177.53,111.674,101.7,-7.45389,1.1e+17,11,F,94.3864,27.54433559,3415.4586,3333.07,82.3886,5.0,0.4921283927758458,0.1016145435353859,R,99999900.0,LLLLTLLIALLFVLLYSLILI,25842.676972485217,1186.823980971468,42.11311925382504,-0.06369747397660142,LLLLTLLIALLFVLLYSLILI,Mutant
LLLYSLLLTLLVALLIFLILI,LLLYSLLLILLVALLIFLILI,Right,clash,19.086,-274.816,555837.0,555530.0,-45.07,-276.931,-355.505,4343.24,-50.5846,-33.5036,3648.16,4290.33,57.2495,15.2458,3642.0,4322.16,85.5373,23.4677,-7.44926,1.10011e+17,8,T,116.0838,11.60880715,,,,,0.1552338979876693,0.1152277963091529,R,99999900.0,LLLYSLLLTLLVALLIFLILI,23746.95423921154,1121.5389374826414,13.283898580443156,0.08302575070795201,LLLYSLLLTLLVALLIFLILI,Mutant
LLLYSLLLTLLVALLIFLILI,LLLYILLLTLLVALLIFLILI,Right,clash,23.7197,-274.281,29502900.0,29502600.0,-58.836,-278.098,-363.63,4336.4,-49.5741,-26.6968,3656.85,4312.93,51.8882,9.22403,3642.0,4322.16,63.4387,11.865,-7.44926,1.10011e+17,4,S,129.25117,6.661142212,,,,,0.1608737871346967,0.0455738544742437,R,99999900.0,LLLYILLLTLLVALLSFLILI,23800.51623927222,1604.8504742033683,13.766523293249149,0.07738586156092461,LLLYSLLLTLLVALLIFLILI,Mutant
LLLYSLLLTLLVALLIFLILI,LLLYSLLATLLVALLIFLILI,Right,void,,,,,,,,,,,3629.86,4258.29,52.2998,66.1295,3642.0,4322.16,114.471,150.469,-7.44926,1.1e+17,7,L,63.4659,51.02765993,3563.7305,3491.531,72.1995,5.0,0.2245277633702075,0.0311450720135688,R,99999900.0,LLLYSLLLTLLVALLIFLILI,24185.35701372396,1420.9867907813425,19.21361297865814,0.013731885325413806,LLLYSLLLTLLVALLIFLILI,Mutant
LLLYSLLLTLLVALLIFLILI,LLLASLLLTLLVALLIFLILI,Right,void,,,,,,,,,,,3453.79,4133.71,52.7659,104.438,3642.0,4322.16,174.444,346.577,-7.44926,1.1e+17,3,Y,65.2928,61.53155467,3349.352,3295.423,53.929,5.0,0.3489221517586967,0.0537871489373045,R,99999900.0,LLLYSLLLTLLVALLIFLILI,24976.61250780956,1421.3751027047977,29.85846864968048,-0.11066250306307537,LLLYSLLLTLLVALLIFLILI,Mutant
LLLYLLLATLLFVLLSLLILI,LLLYLLLATLLFILLSLLILI,Right,clash,12.7966,-266.67,31101200.0,31100900.0,-74.23,-281.865,-381.869,4335.26,-49.6019,-25.7743,3510.24,4283.0,43.0063,11.4965,3494.54,4281.86,61.3816,26.6886,-7.44257,1.10011e+17,12,V,118.3255,8.85558688,,,,,0.2037858949666631,0.0820923861521676,R,99999900.0,LLLYLLLATLLFVLLSLLILI,24023.726789313227,1081.3800061313102,17.438659957356894,0.006308799556589001,LLLYLLLATLLFVLLSLLILI,Mutant
LLLYLLLATLLFVLLSLLILI,LLLYLLLAILLFVLLSLLILI,Right,clash,12.7626,-266.08,1141190000.0,1141190000.0,-60.4494,-282.008,-374.918,4348.18,-45.0959,-32.4608,3524.0,4257.33,54.9864,24.1987,3494.54,4281.86,82.9136,28.7129,-7.44257,1.10011e+17,8,T,107.1309,18.42592987,,,,,0.2203297880276151,0.0760083922128863,R,99999900.0,LLLYLLLATLLFVLLSLLILI,24152.397824474097,1206.287140025444,18.85437778958476,-0.010235093504362996,LLLYLLLATLLFVLLSLLILI,Mutant
LLLYLLLATLLFVLLSLLILI,LLLYLLLATLLAVLLSLLILI,Right,void,,,,,,,,,,,3509.35,4148.11,53.4244,38.9823,3494.54,4281.86,153.839,116.143,-7.44257,1.1e+17,11,F,91.2855,29.92473965,3470.3677,3378.397,91.9707,4.0,0.2997177709344111,0.0430782238222164,R,99999900.0,LLLYLLLATLLAVLLSFLILI,24664.20322280404,1430.06560632061,25.64788054323976,-0.08962307641115899,LLLYLLLATLLFVLLSLLILI,Mutant
LLLTYLLIALLLALLFVLILI,LLLTYLLIALLLILLFVLILI,Right,clash,16.9116,-274.887,856943000.0,856942000.0,-45.0398,-278.194,-359.041,4255.22,-45.0398,-35.8071,3281.49,4248.01,57.2856,10.9551,3281.49,4248.01,57.2856,10.9551,-7.37369,1.10011e+17,12,A,118.8669,8.438554328,,,,,0.1971294520793927,0.074608373594557,R,99999900.0,LLLTYLLIALLLALLFVLILI,23979.48630604656,1140.9344214238447,16.869045244544388,0.20021886012265971,LLLTYLLIALLLALLFVLILI,Mutant
LLLTYLLIALLLALLFVLILI,LLLTYLLIILLLALLFVLILI,Right,clash,16.9827,-274.886,872124000.0,872124000.0,-45.0398,-278.249,-358.823,4273.1,-45.0398,-35.5343,3281.49,4248.01,50.2565,6.33423,3281.49,4248.01,50.2565,6.33423,-7.37369,1.10011e+17,8,A,118.8669,8.438554328,,,,,0.2905644077299978,0.1213247114378434,R,99999900.0,LLLTYLLIALLLALLFVLILI,24607.579448610897,1212.7402753303818,24.864595770689345,0.1067839044720546,LLLTYLLIALLLALLFVLILI,Mutant
LLLTYLLIALLLALLFVLILI,LLLTALLIALLLALLFVLILI,Right,void,,,,,,,,,,,3321.11,4095.11,56.7539,66.6714,3281.49,4248.01,170.895,148.59,-7.37369,1.1e+17,4,Y,71.8038,48.14681618,3254.4386,3132.9,121.5386,5.0,0.375020016246994,0.023218423981311,R,99999900.0,LLLTALLIALLLSLLFVLILI,25133.3328016976,1504.9499125793388,32.09175267799386,0.02232829595505842,LLLTYLLIALLLALLFVLILI,Mutant
LLLTYLLIALLLALLFVLILI,LLLTYLLIALLAALLFVLILI,Right,void,,,,,,,,,,,3317.01,4207.04,57.3269,61.9499,3281.49,4248.01,113.265,113.347,-7.37369,1.1e+17,11,L,68.3179,47.55580427,3255.0601,3168.143,86.9171,5.0,0.3834251317482531,0.0406818693907937,R,99999900.0,LLLTYLLIALLLALLFVLILI,25186.037270682205,1424.5292518029678,32.81100732097464,0.013923180453799311,LLLTYLLIALLLALLFVLILI,Mutant
LLLYLLLAVLLAFLLTSLILI,LLLYLLLIVLLAFLLTSLILI,Right,clash,15.9299,-265.017,5627670000.0,5627670000.0,-74.2137,-296.406,-388.269,4311.75,-49.8395,-17.649,3590.06,4255.45,57.8398,13.5473,3590.06,4255.45,57.8398,13.5473,-7.34717,1.10011e+17,7,A,124.55608,4.384598496,,,,,0.1637074885606101,0.0825957969474301,R,99999900.0,LLLYLLLAVLLAFLLTSLILI,23813.49929138413,1350.7063817830729,14.00901287082892,0.07616735085985529,LLLYLLLAVLLAFLLTSLILI,Mutant
LLLYLLLAVLLAFLLTSLILI,LLLYLLLAVLLIFLLTSLILI,Right,clash,15.4313,-265.035,896282.0,895982.0,-74.2137,-296.565,-388.942,4304.71,-49.8395,-18.1629,3590.06,4255.45,53.4842,5.71172,3590.06,4255.45,53.4842,5.71172,-7.34717,1.10011e+17,11,A,124.55608,4.384598496,,,,,0.1728653103433472,0.1739337132380239,R,99999900.0,LLLYLLLAVLLAFLLTSLILI,23867.016753614786,1128.4524315958863,14.792679179261862,0.06700952907711819,LLLYLLLAVLLAFLLTSLILI,Mutant
LLLYLLLAVLLAFLLTSLILI,LLLYLLLAVLLAALLTSLILI,Right,void,,,,,,,,,,,3506.2,4128.56,50.4405,76.6113,3590.06,4255.45,148.132,250.143,-7.34717,1.1e+17,12,F,53.2107,59.01257106,3429.5887,3339.917,89.6717,5.0,0.2012290943927009,0.0321052974891713,R,99999900.0,LLLYLLLAVLLAFLLTSLILI,24041.176298147013,1440.196552291352,17.21986573808379,0.038645745027764494,LLLYLLLAVLLAFLLTSLILI,Mutant
LLLYLLLAVLLAFLLTSLILI,LLLYALLAVLLAFLLTSLILI,Right,void,,,,,,,,,,,3625.68,4165.08,64.1136,83.0423,3590.06,4255.45,133.522,136.713,-7.34717,1.1e+17,4,L,55.4329,59.9690775,3542.6377,3453.347,89.2907,5.0,0.290913055207655,0.0441568706549541,R,99999900.0,LLLYLLLAVLLAFLLTSLILI,24601.97389335665,1373.1422373355904,24.89443073453141,-0.05103821578718959,LLLYLLLAVLLAFLLTSLILI,Mutant
LLLYLLLAILLAFLLTSLILI,LLLYLLLAILLIFLLTSLILI,Right,clash,16.1481,-268.413,35671900.0,35671600.0,-74.2278,-298.061,-393.109,4316.95,-49.8326,-20.821,3585.83,4286.09,53.1157,7.70002,3585.83,4286.09,53.1157,7.70002,-7.22105,1.10011e+17,11,A,122.56778,5.910915821,,,,,0.0934100955089289,0.1024096322107889,R,99999900.0,LLLYLLLAILLAFLLTSLILI,23392.48370246038,1598.0237960358377,7.993423158314844,0.1232724286418678,LLLYLLLAILLAFLLTSLILI,Mutant
LLLYLLLAILLAFLLTSLILI,LLLYLLLIILLAFLLTSLILI,Right,clash,16.6374,-268.393,370041.0,369740.0,-74.2278,-297.679,-392.23,4326.09,-49.8326,-20.3231,3585.83,4286.09,56.3119,11.5611,3585.83,4286.09,56.3119,11.5611,-7.22105,1.10011e+17,7,A,122.56778,5.910915821,,,,,0.0948034412993456,0.1303519003301054,R,99999900.0,LLLYLLLAILLAFLLTSLILI,23411.154688656632,1633.963522537334,8.112656550037403,0.12187908285145109,LLLYLLLAILLAFLLTSLILI,Mutant
LLLYLLLAILLAFLLTSLILI,LLLYLLLAILLAALLTSLILI,Right,void,,,,,,,,,,,3517.5,4159.0,49.8551,77.2359,3585.83,4286.09,147.36,240.36,-7.22105,1.1e+17,12,F,52.5861,59.49369136,3440.2641,3345.47,94.7941,4.0,0.208250087879383,0.0511529448959036,R,99999900.0,LLLYLLLAILLAFLLTSLILI,24084.84797147113,1361.8494708336775,17.82067629956596,0.008432436271413685,LLLYLLLAILLAFLLTSLILI,Mutant
LLLYLLLAILLAFLLTSLILI,LLLYALLAILLAFLLTSLILI,Right,void,,,,,,,,,,,3617.93,4188.85,50.9356,54.5231,3585.83,4286.09,120.714,101.573,-7.22105,1.1e+17,4,L,83.9521,39.37390955,3563.4069,3484.257,79.1499,4.0,0.2331018181352191,0.0441265780332799,R,99999900.0,LLLYLLLAILLAFLLTSLILI,24240.36507457929,1381.0020021268176,19.94732433550769,-0.016419293984422406,LLLYLLLAILLAFLLTSLILI,Mutant
LLLYILLATLLTLLLSFLILI,LLLYILLITLLTLLLSFLILI,Right,clash,18.8888,-274.36,3807.52,3497.78,-87.9796,-289.68,-396.34,4295.22,-54.2688,-18.6803,3638.74,4288.02,53.1012,23.6159,3638.74,4288.02,53.1012,23.6159,-7.18166,1.10011e+17,7,A,105.9795,18.22279186,,,,,0.209043874330696,0.0345737200858302,R,99999900.0,LLLYILLATLLTLLLSFLILI,24080.29781486416,1354.9527968960792,17.88860333644684,0.004900538377376418,LLLYILLATLLTLLLSFLILI,Mutant
LLLYILLATLLTLLLSFLILI,LLLYILLATLLILLLSFLILI,Right,clash,18.387,-271.169,65389000.0,65388700.0,-74.2269,-285.448,-383.678,4300.45,-49.6456,-24.0032,3641.22,4260.9,49.932,1.99983,3638.74,4288.02,80.1297,4.69034,-7.18166,1.10011e+17,11,T,128.26797,1.535168322,,,,,0.2281658949385306,0.0948942432570586,R,99999900.0,LLLYILLATLLTLLLSFLILI,24243.660260570254,1629.9906104053289,19.52494041037509,-0.014221482230458188,LLLYILLATLLTLLLSFLILI,Mutant
LLLYILLATLLTLLLSFLILI,LLLYALLATLLTLLLSFLILI,Right,void,,,,,,,,,,,3678.43,4233.71,58.5601,49.4972,3638.74,4288.02,114.585,96.0668,-7.18166,1.1e+17,4,I,88.978,35.74445099,3628.9328,3542.6732,86.2596,5.0,0.2662328753736807,0.0719799214048286,R,99999900.0,LLLYILLATLLTLLLSFLILI,24452.108338563045,1316.852044056673,22.78246285823899,-0.05228846266560827,LLLYILLATLLTLLLSFLILI,Mutant
LLLYILLATLLTLLLSFLILI,LLLAILLATLLTLLLSFLILI,Right,void,,,,,,,,,,,3469.66,4096.37,63.4798,88.4716,3638.74,4288.02,184.913,320.426,-7.18166,1.1e+17,3,Y,81.2592,52.12465858,3381.1884,3318.314,62.8744,5.0,0.3207694263779374,0.0685547349658253,R,99999900.0,LLLYILLATLLTLLLSFLILI,24780.674124787416,1238.8745427471397,27.449343107070064,-0.10682501366986502,LLLYILLATLLTLLLSFLILI,Mutant
LLLYTLLIALLAVLLSLLILI,LLLYILLIALLAVLLSLLILI,Right,clash,26.8444,-268.775,54051200.0,54050900.0,-60.3856,-278.175,-381.308,4266.55,-45.0439,-42.7466,3477.34,4114.77,52.9443,23.1744,3466.84,4144.8,83.4484,29.3999,-7.14993,1.10011e+17,4,T,115.3008,16.73541544,,,,,0.2729246234685871,0.108827783234428,R,99999900.0,LLLYTLLIALLAVLLSLLILI,24443.53204853444,1057.7661810760635,23.35509875910177,0.0922766193319306,LLLYTLLIALLAVLLSLLILI,Mutant
LLLYTLLIALLAVLLSLLILI,LLLYTLLIALLAVLLILLILI,Right,clash,23.3654,-273.139,8098.61,7803.79,-45.0439,-272.177,-363.609,4300.72,-45.0439,-46.3873,3468.88,4137.23,59.3136,27.2908,3466.84,4144.8,69.7661,34.1259,-7.14993,1.10011e+17,15,S,102.4296,21.03817133,,,,,0.2745761209760517,0.0712127398614721,R,99999900.0,LLLYTLLIALLAVLLSLLILI,24472.674155395965,1545.1409199948805,23.496423081169347,0.09062512182446597,LLLYTLLIALLAVLLSLLILI,Mutant
LLLYTLLIALLAVLLSLLILI,LLLYTLLIALLAVLLSALILI,Right,void,,,,,,,,,,,3487.23,4099.55,55.6942,109.175,3466.84,4144.8,109.256,167.664,-7.14993,1.1e+17,16,L,20.2878,84.32924361,3378.055,3299.176,78.879,5.0,0.2803019273778555,0.0534002915986847,R,99999900.0,LLLYTLLIALLAVLLSLLILI,24534.61927403277,1332.4007635186697,23.98640002898042,0.08489931542266221,LLLYTLLIALLAVLLSLLILI,Mutant
LLLYTLLIALLAVLLSLLILI,LLLYTLLAALLAVLLSLLILI,Right,void,,,,,,,,,,,3481.92,4097.09,58.7264,70.0471,3466.84,4144.8,110.002,136.104,-7.14993,1.1e+17,7,I,59.5483,54.05060673,3411.8729,3330.736,81.1369,5.0,0.3162812436493078,0.0104146776891261,R,99999900.0,LLLYTLLIALLAVLLSLLILI,24773.01787675168,1632.4842475205187,27.065273873800223,0.04891999915120987,LLLYTLLIALLAVLLSLLILI,Mutant
LLLYSLLITLLFVLLALLILI,LLLYSLLITLLFILLALLILI,Right,clash,16.256,-274.381,11669.3,11361.5,-58.8845,-279.859,-364.368,4303.38,-49.6168,-25.624,3498.76,4293.14,43.479,11.7341,3479.07,4291.39,61.4017,32.9536,-7.11015,1.10011e+17,12,V,118.0879,9.038606708,,,,,0.1996233862355186,0.1740546104551626,R,99999900.0,LLLYSLLITLLFVLLALLILI,24070.575381417588,1514.166531938475,17.082459768213127,0.047761429867926,LLLYSLLITLLFVLLALLILI,Mutant
LLLYSLLITLLFVLLALLILI,LLLYSLLATLLFVLLALLILI,Right,void,,,,,,,,,,,3481.78,4240.11,59.7465,89.7245,3479.07,4291.39,112.507,161.638,-7.11015,1.1e+17,7,I,39.8709,69.23432468,3392.0555,3317.432,74.6235,5.0,0.277543578221216,0.0162602172831265,R,99999900.0,LLLYSLLLTLLFVLLALLILI,24516.25519788256,1483.1206025652623,23.75035860425784,-0.03015876211777141,LLLYSLLITLLFVLLALLILI,Mutant
LLLYSLLITLLFVLLALLILI,LLLYSLLITLLFVLLILLILI,Right,clash,16.2572,-277.001,295185000.0,295185000.0,-58.8845,-279.238,-363.785,4367.09,-49.6168,-25.6631,3479.07,4291.39,50.2006,12.4602,3479.07,4291.39,50.2006,12.4602,-7.11015,1.10011e+17,15,A,117.2602,9.60542829,,,,,0.3277641868690032,0.1451885500365373,R,99999900.0,LLLYSLLITLLFVLLALLILI,24781.2399272061,852.262763361775,28.047908820888505,-0.08037937076555862,LLLYSLLITLLFVLLALLILI,Mutant
LLLYSLLITLLFVLLALLILI,LLLYSLLITLLAVLLALLILI,Right,void,,,,,,,,,,,3490.39,4140.91,55.8251,31.6197,3479.07,4291.39,156.475,110.062,-7.11015,1.1e+17,11,F,98.6481,24.2728441,3458.7703,3369.008,89.7623,5.0,0.503900579017053,0.1111843217733479,R,99999900.0,LLLYSLLITLLFVLLALLILI,25909.44223430542,1212.8245350393572,43.12050572112039,-0.2565157629136084,LLLYSLLITLLFVLLALLILI,Mutant
LLLYLLLTVLLAFLLSILILI,LLLYLLLTVLLIFLLSILILI,Right,clash,23.5996,-283.64,10337100.0,10336800.0,-74.2764,-284.98,-377.184,4759.35,-49.6005,-17.9274,4007.09,4816.91,51.1693,7.78892,4007.09,4816.91,51.1693,7.78892,-6.07893,1.10011e+17,11,A,122.47888,5.979159854,,,,,0.1724027320662411,0.1228331262581487,R,99999900.0,LLLYLLLTVLLAFLLSILILI,23874.465242804134,1312.5432398350194,14.753094765044024,0.09830155980252772,LLLYLLLTVLLAFLLSILILI,Mutant
LLLYLLLTVLLAFLLSILILI,LLLYLLLTVLLAALLSILILI,Right,void,,,,,,,,,,,3651.92,4175.46,45.6252,58.7896,3668.79,4289.54,140.785,191.575,-7.06731,1.1e+17,12,F,71.0324,45.28477454,3593.1304,3477.215,115.9154,4.0,0.2380984974257478,0.0786427587229576,R,99999900.0,LLLYLLLTVLLAFLLSILILI,24247.29109009524,1119.2695461142794,20.37490736856184,0.03260579444302103,LLLYLLLTVLLAFLLSILILI,Mutant
LLLYLLLTVLLAFLLSILILI,LLLYLLLTVLLAFLLIILILI,Right,clash,23.6011,-281.61,1532.05,1224.44,-58.8869,-282.904,-362.852,4749.37,-49.6005,-21.0606,4007.95,4811.01,39.476,0.828668,4007.09,4816.91,50.914,0.774217,-6.07893,1.10011e+17,15,S,128.891732,0.638810858,,,,,0.2763983622505271,0.0913533864729153,R,99999900.0,LLLYLLLTVLLAFLLSILILI,24501.226733984848,1139.036253642883,23.65235853465613,-0.005694070381758287,LLLYLLLTVLLAFLLSILILI,Mutant
LLLYLLLTVLLAFLLSILILI,LLLYALLTVLLAFLLSILILI,Right,void,,,,,,,,,,,3666.16,4201.73,58.9025,87.6732,3668.79,4289.54,127.236,156.214,-7.06731,1.1e+17,4,L,50.802,63.31328642,3578.4868,3512.576,65.9108,4.0,0.4305471186815853,0.0577365213273793,R,99999900.0,LLLYLLLTVLLAFLLSILILI,25514.69030915992,1685.5217343260038,36.84339781973719,-0.15984282681281647,LLLYLLLTVLLAFLLSILILI,Mutant
LLLYSLLLTLLATLLAFLILI,LLLYILLLTLLATLLAFLILI,Right,clash,20.117,-269.375,84877300.0,84877000.0,-72.5555,-278.537,-368.613,4266.47,-54.0409,-17.5207,3568.17,4239.92,51.0327,25.6672,3568.15,4248.93,62.6601,25.2823,-6.91124,1.10011e+17,4,S,112.808,18.53559338,,,,,0.1740321287901851,0.0755237084448526,R,99999900.0,LLLYSLLLTLLATLLAFLILI,23894.462584482226,1607.4532124997445,14.892527847049722,0.035596010558963,LLLYSLLLTLLATLLAFLILI,Mutant
LLLYSLLLTLLATLLAFLILI,LLLYSLLATLLATLLAFLILI,Right,void,,,,,,,,,,,3571.11,4199.97,58.3394,71.7768,3568.15,4248.93,115.528,156.925,-6.91124,1.1e+17,7,L,57.8186,55.38529917,3499.3332,3411.225,88.1082,5.0,0.2157563874742218,0.0559067974232686,R,99999900.0,LLLYSLLLTLLATLLAFLILI,24119.84241797299,1254.7463120564105,18.46301617394173,-0.006128248125073704,LLLYSLLLTLLATLLAFLILI,Mutant
LLLYSLLLTLLATLLAFLILI,LLLYSLLLTLLITLLAFLILI,Right,clash,16.1919,-273.043,980.577,666.266,-72.5555,-280.758,-371.787,4283.61,-57.4601,-18.473,3568.15,4248.93,58.3341,21.3827,3568.15,4248.93,58.3341,21.3827,-6.91124,1.10011e+17,11,A,92.7306,28.51502154,,,,,0.221357787614604,0.0749272058438246,R,99999900.0,LLLYSLLLTLLATLLAFLILI,24145.844247274108,1137.566359075642,18.9423472500655,-0.011729648265455916,LLLYSLLLTLLATLLAFLILI,Mutant
LLLYSLLLTLLATLLAFLILI,LLLYSLLLTLLATLLAALILI,Right,void,,,,,,,,,,,3460.1,4103.71,56.272,102.533,3568.15,4248.93,154.737,280.357,-6.91124,1.1e+17,16,F,26.9298,79.19881232,3357.567,3287.793,69.774,5.0,0.272396632635201,0.0275087994881843,R,99999900.0,LLLYSLLLTLLATLLAFLILI,24483.175378751177,1424.3689134896904,23.309916767455448,-0.06276849328605288,LLLYSLLLTLLATLLAFLILI,Mutant
LLLYVLLAILLTLLLSFLILI,LLLYVLLIILLTLLLSFLILI,Right,clash,20.9991,-283.796,3.81e+18,3.81e+18,-74.3057,-285.588,-382.136,4708.21,-49.8725,-22.2432,4003.97,4776.06,52.3732,17.2464,4003.97,4776.06,52.3732,17.2464,-16.733,1.10011e+17,7,A,112.349,13.30787975,,,,,0.2134470450128807,0.0797858573270598,R,99999900.0,LLLYVLLAILLTLLLSFLILI,24125.903334192142,1351.0458536808017,18.265397796502004,0.053257531990225315,LLLYVLLAILLTLLLSFLILI,Mutant
LLLYVLLAILLTLLLSFLILI,LLLYVLLAILLTALLSFLILI,Right,void,,,,,,,,,,,3706.57,4236.67,54.0474,85.4429,3717.48,4274.15,105.555,157.554,-6.80694,1.1e+17,12,L,44.3791,65.8154242,3621.1271,3559.926,61.2011,5.0,0.2246497397538151,0.0850119299863394,R,99999900.0,LLLYVLLAILLTLLLSFLILI,24218.21600268056,1622.9471354452262,19.224050917343288,0.042054837249290905,LLLYVLLAILLTLLLSFLILI,Mutant
LLLYVLLAILLTLLLSFLILI,LLLYVLLAALLTLLLSFLILI,Right,void,,,,,,,,,,,4020.09,4771.07,44.246,41.0964,4003.97,4776.06,79.2556,89.0188,-16.733,1.1e+17,8,I,90.2332,31.29256466,3978.9936,3914.9512,64.0424,5.0,0.2358021400640309,0.0442055948664389,R,99999900.0,LLLYVLLAILLTLLLSFLILI,24259.927428228635,1404.1351560887017,20.17840017075943,0.0309024369390751,LLLYVLLAILLTLLLSFLILI,Mutant
LLLYVLLAILLTLLLSFLILI,LLLYVLLAILLILLLSFLILI,Right,clash,20.8436,-280.59,611329.0,611024.0,-60.4293,-282.429,-370.354,4710.82,-45.1144,-27.4956,4008.31,4750.22,50.5224,2.67368,4003.97,4776.06,80.4909,4.90066,-16.733,1.10011e+17,11,T,127.59412,2.052448878,,,,,0.2824573191482585,0.0311271061111373,R,99999900.0,LLLYVLLAILLTLLLSFLILI,24554.629847479016,1464.9940237478477,24.17084431628054,-0.015752742145152487,LLLYVLLAILLTLLLSFLILI,Mutant
LLLYVLLAILLTLLLSFLILI,LLLAVLLAILLTLLLSFLILI,Right,void,,,,,,,,,,,3869.08,4611.39,62.0244,113.389,4003.97,4776.06,175.42,323.786,-16.733,1.1e+17,3,Y,56.3418,66.80519976,3755.691,3680.184,75.507,5.0,0.3888629697863843,0.0105023941266754,R,99999900.0,LLLYVLLAILLTLLLSFLILI,25232.54857028789,1696.2810503974326,33.27634182543416,-0.12215839278327828,LLLYVLLAILLTLLLSFLILI,Mutant
LLLYALLVALLLTLLSWLILI,LLLYILLVALLLTLLSWLILI,Right,clash,20.5108,-271.102,383674000000.0,383674000000.0,-74.1382,-291.081,-396.448,4305.57,-49.6122,-31.2295,3583.1,4086.71,56.3344,48.4485,3583.1,4086.71,56.3344,48.4485,-6.72358,1.10011e+17,4,A,90.0267,34.98713127,,,,,0.1829894759542428,0.0489470848653231,R,99999900.0,LLLYALLVALLLTLLSWLILI,23932.549774105173,1445.3592708542726,15.6590388528264,0.0870949587371121,LLLYALLVALLLTLLSWLILI,Mutant
LLLYALLVALLLTLLSWLILI,LLLYALLVALLLILLSWLILI,Right,clash,15.1158,-268.735,52803700.0,52803400.0,-60.4807,-289.619,-386.453,4299.37,-45.1068,-36.3535,3613.89,4050.66,54.6329,26.337,3583.1,4086.71,85.5974,32.7152,-6.72358,1.10011e+17,12,T,103.485,20.28700837,,,,,0.2360416326843753,0.1172967772042251,R,99999900.0,LLLYALLVALLLTLLSWLILI,24243.39385191906,1022.230871456156,20.198894378021244,0.034042802006979594,LLLYALLVALLLTLLSWLILI,Mutant
LLLYALLVALLLTLLSWLILI,LLLYALLVALLLTLLSALILI,Right,void,,,,,,,,,,,3573.97,4077.13,55.9388,111.43,3583.1,4086.71,130.087,260.122,-6.72358,1.1e+17,16,W,18.0328,86.07105671,3462.54,3322.978,139.562,5.0,0.3026034179838635,0.0676114598803229,R,99999900.0,LLLYALLVALLLTLLSWLILI,24672.03267227214,1266.5887582810428,25.894815286493618,-0.032518983292508574,LLLYALLVALLLTLLSWLILI,Mutant
LLLYALLVALLLTLLSWLILI,LLLYALLVALLATLLSWLILI,Right,void,,,,,,,,,,,3632.36,4048.43,51.6941,73.011,3583.1,4086.71,106.925,125.442,-6.72358,1.1e+17,11,L,57.2568,56.04685118,3559.349,3457.658,101.691,5.0,0.3140296639877571,0.067843488873953,R,99999900.0,LLLYALLVALLLTLLSWLILI,24748.32416532527,1298.6964860368407,26.8725984578147,-0.04394522929640221,LLLYALLVALLLTLLSWLILI,Mutant
LLLTYLLTILLAFLLSLLILI,LLLTYLLTILLIFLLSLLILI,Right,clash,18.5957,-277.16,37617800.0,37617500.0,-74.2773,-286.649,-384.269,4271.35,-49.5453,-23.3424,3419.28,4208.84,56.1767,7.68118,3419.28,4208.84,56.1767,7.68118,-6.66312,1.10011e+17,11,A,122.58662,5.896453306,,,,,0.2133294788113794,0.050440047353082,R,99999900.0,LLLTYLLTILLAFLLSLLILI,24097.258924368973,1257.5815219358274,18.255337252268586,0.19841216155950578,LLLTYLLTILLAFLLSLLILI,Mutant
LLLTYLLTILLAFLLSLLILI,LLLTYLLTILLAFLLILLILI,Right,clash,18.5936,-275.13,35292500.0,35292200.0,-58.8837,-277.716,-362.053,4282.11,-49.5453,-25.453,3421.36,4208.12,56.3122,21.816,3419.28,4208.84,59.3097,21.0967,-6.66312,1.10011e+17,15,S,107.9044,16.81770947,,,,,0.3024317979096866,0.0245267306454088,R,99999900.0,LLLTYLLTILLAFLLSLLILI,24671.921129826325,1452.83317135353,25.88012916645614,0.10930984246119857,LLLTYLLTILLAFLLSLLILI,Mutant
LLLTYLLTILLAFLLSLLILI,LLLTYLLTILLAALLSLLILI,Right,void,,,,,,,,,,,3402.22,4126.7,41.7941,65.3719,3419.28,4208.84,128.78,198.057,-6.66312,1.1e+17,12,F,64.4501,50.35502457,3336.8481,3221.223,115.6251,5.0,0.3285071940739074,0.0500438990592515,R,99999900.0,LLLTYLLTILLAVLLSLLILI,24830.984785489098,1330.802156615685,28.111490502998105,0.0832344462969778,LLLTYLLTILLAFLLSLLILI,Mutant
LLLTYLLTILLAFLLSLLILI,LLLTALLTILLAFLLSLLILI,Right,void,,,,,,,,,,,3475.32,4033.1,49.7381,54.0592,3419.28,4208.84,165.882,118.608,-6.66312,1.1e+17,4,Y,84.416,39.03890372,3421.2608,3300.672,120.5888,5.0,0.3759223521067441,0.0842640841771157,R,99999900.0,LLLTYLLTILLAFLLSLLILI,25153.881164522973,1400.9815271840048,32.168968661112245,0.0358192882641411,LLLTYLLTILLAFLLSLLILI,Mutant
LLLYVLLLILLATLLSFLILI,LLLYVLLLILLATLLIFLILI,Right,clash,14.6814,-270.504,2.36e+16,2.36e+16,-58.8653,-278.066,-364.509,4332.52,-49.5949,-27.5773,3596.85,4251.76,63.6699,21.2591,3594.62,4258.88,74.1815,23.9558,-6.57676,1.10011e+17,15,S,108.4613,16.38840152,,,,,0.1243081449025311,0.095639050968189,R,99999900.0,LLLYVLLLILLATLLSFLILI,23564.655753843672,1301.3479561126492,10.637475519292977,0.017018310855828903,LLLYVLLLILLATLLSFLILI,Mutant
LLLYVLLLILLATLLSFLILI,LLLYVLLAILLATLLSFLILI,Right,void,,,,,,,,,,,3577.08,4210.77,58.146,80.3844,3594.62,4258.88,115.485,177.944,-6.57676,1.1e+17,7,L,49.211,62.02720158,3496.6956,3416.676,80.0196,5.0,0.1561229823000145,0.0446156283164579,R,99999900.0,LLLYVLLLILLATLLSFLILI,23759.92591964793,1424.0833504335335,13.35998058307118,-0.014796526541654503,LLLYVLLLILLATLLSFLILI,Mutant
LLLYVLLLILLATLLSFLILI,LLLYVLLLILLATLLSALILI,Right,void,,,,,,,,,,,3510.19,4110.05,55.8127,93.1173,3594.62,4258.88,155.84,257.981,-6.57676,1.1e+17,16,F,36.3455,71.92591231,3417.0727,3336.639,80.4337,5.0,0.1770602596973294,0.0983810482586726,R,99999900.0,LLLYVLLLILLATLLSFLILI,23864.756803360408,1016.1514388105732,15.151655424081923,-0.03573380393896938,LLLYVLLLILLATLLSFLILI,Mutant
LLLYVLLLILLATLLSFLILI,LLLYVLLLILLITLLSFLILI,Right,clash,14.6821,-272.534,2612.33,2304.88,-74.1087,-285.862,-385.436,4311.73,-49.5949,-25.4659,3594.62,4258.88,53.4023,28.3793,3594.62,4258.88,53.4023,28.3793,-6.57676,1.10011e+17,11,A,101.8885,21.78535294,,,,,0.2263789813762677,0.0888359166190093,R,99999900.0,LLLYVLLLILLATLLSFLILI,24185.90390214484,1131.3608139659457,19.3720280707326,-0.08505252561790769,LLLYVLLLILLATLLSFLILI,Mutant
LLLYTLLIALLVLLLFSLILI,LLLYILLIALLVLLLFSLILI,Right,clash,16.5546,-267.305,42529400000.0,42529400000.0,-60.3998,-288.804,-376.331,4332.54,-45.0649,-27.1275,3526.17,4295.84,52.6062,20.2922,3515.33,4326.67,83.422,26.0562,-6.50733,1.10011e+17,4,T,118.183,14.65403191,,,,,0.2400967209717823,0.0929748451343402,R,99999900.0,LLLYTLLIALLVLLLFSLILI,24294.286593985005,1319.947680877695,20.54590223031995,0.0703472833659129,LLLYTLLIALLVLLLFSLILI,Mutant
LLLYTLLIALLVLLLFSLILI,LLLYTLLAALLVLLLFSLILI,Right,void,,,,,,,,,,,3533.05,4278.21,58.0545,71.2624,3515.33,4326.67,109.585,134.432,-6.50733,1.1e+17,7,I,58.333,54.9883715,3461.7876,3380.898,80.8896,4.0,0.2622022725003698,0.0344775855950036,R,99999900.0,LLLYTLLIALLVLLLFSLILI,24428.34580724732,1463.218329385962,22.43755030704249,0.048241731837325386,LLLYTLLIALLVLLLFSLILI,Mutant
LLLYTLLIALLVLLLFSLILI,LLLYTLLIALLVLLLASLILI,Right,void,,,,,,,,,,,3522.59,4173.13,60.1398,73.8945,3515.33,4326.67,161.168,176.436,-6.50733,1.1e+17,15,F,55.8259,56.96444044,3448.6955,3338.894,109.8015,4.0,0.3122285889219146,0.0258262644817214,R,99999900.0,LLLYTLLIALLVLLLFSLILI,24752.51707707811,1613.7383684628262,26.71847426960217,-0.001784584584219373,LLLYTLLIALLVLLLFSLILI,Mutant
LLLYTLLIALLVLLLFSLILI,LLLYTLLIILLVLLLFSLILI,Right,clash,15.3751,-271.682,42510200000.0,42510200000.0,-60.3998,-292.039,-382.502,4320.21,-45.0649,-30.0636,3515.33,4326.67,41.5899,8.4519,3515.33,4326.67,41.5899,8.4519,-6.50733,1.10011e+17,8,A,122.8777,6.435639795,,,,,0.316670342279578,0.093604727164596,R,99999900.0,LLLYTLLIALLVLLLFSLILI,24761.10032606139,1188.0965357085215,27.09857038190381,-0.00622633794188282,LLLYTLLIALLVLLLFSLILI,Mutant
LLLFVLLTTLLAILLSLLILI,LLLFVLLTTLLAILLSALILI,Right,void,,,,,,,,,,,3421.9,4061.84,55.7315,109.279,3431.95,4107.0,109.302,191.536,-6.49746,1.1e+17,16,L,20.1838,84.40957557,3312.621,3240.414,72.207,5.0,0.2898298645428936,0.0953380868537105,R,99999900.0,LLLFVLLTTLLAILLSLLILI,24575.08494721422,1072.3754076873863,24.801738383695024,-0.0742075084955667,LLLFVLLTTLLAILLSLLILI,Mutant
LLLFVLLTTLLAILLSLLILI,LLLAVLLTTLLAILLSLLILI,Right,void,,,,,,,,,,,3334.19,3962.95,58.6417,118.024,3431.95,4107.0,162.31,297.637,-6.49746,1.1e+17,3,F,51.7068,69.53599465,3216.166,3134.313,81.853,5.0,0.2961800963908093,0.0795026138101252,R,99999900.0,LLLFVLLTTLLAILLSLLILI,24641.52043508099,1305.5115521335267,25.34514956465186,-0.08055774034348237,LLLFVLLTTLLAILLSLLILI,Mutant
LLLFVLLTTLLAILLSLLILI,LLLFVLLTTLLAILLILLILI,Right,clash,11.6647,-260.761,43209.8,42906.6,-72.642,-273.343,-379.672,4241.19,-54.1012,-33.6879,3432.61,4098.16,59.8402,14.1185,3431.95,4107.0,70.3088,14.164,-6.49746,1.10011e+17,15,S,115.6019,10.88379314,,,,,0.3259053277107301,0.06972167748083,R,99999900.0,LLLFVLLTTLLAILLSLLILI,24854.800113730376,1645.5206432638945,27.88883984913732,-0.1102829716634032,LLLFVLLTTLLAILLSLLILI,Mutant
LLLFVLLTTLLAILLSLLILI,LLLFVLLTTLLIILLSLLILI,Right,clash,11.6613,-262.793,59006100.0,59005800.0,-88.0015,-281.357,-400.827,4227.33,-54.1012,-31.4693,3431.95,4107.0,50.3092,2.0061,3431.95,4107.0,50.3092,2.0061,-6.49746,1.10011e+17,11,A,128.2617,1.539981484,,,,,0.3481210863587451,0.0686118477070593,R,99999900.0,LLLFVLLTTLLAILLSLLILI,25001.503959074125,1774.171395492131,29.789918728128523,-0.1324987303114182,LLLFVLLTTLLAILLSLLILI,Mutant
LLLVYLLITLLAFLLSLLILI,LLLVYLLITLLIFLLSLLILI,Right,clash,15.8009,-264.226,35774000.0,35773700.0,-74.1441,-285.277,-386.475,4242.07,-50.2878,-27.0539,3413.25,4140.79,50.9579,3.59175,3413.25,4140.79,50.9579,3.59175,-6.42776,1.10011e+17,11,A,126.67605,2.757204774,,,,,0.240744174261864,0.0552289239337262,R,99999900.0,LLLVYLLITLLAFLLSLLILI,24269.52016344204,1624.8436113281557,20.60130703527887,0.17644950772463897,LLLVYLLITLLAFLLSLLILI,Mutant
LLLVYLLITLLAFLLSLLILI,LLLVYLLITLLAFLLILLILI,Right,clash,15.7983,-262.196,35603400.0,35603100.0,-58.8793,-277.121,-364.554,4274.5,-50.2878,-28.5534,3414.77,4134.13,56.4019,25.289,3413.25,4140.79,66.2233,25.3141,-6.42776,1.10011e+17,15,S,104.4314,19.49500618,,,,,0.3348383988198957,0.2354044995470288,R,99999900.0,LLLVYLLITLLAFLLSLLILI,24772.18179070688,1037.8234048550378,28.653273469398965,0.08235528316660728,LLLVYLLITLLAFLLSLLILI,Mutant
LLLVYLLITLLAFLLSLLILI,LLLVALLITLLAFLLSLLILI,Right,void,,,,,,,,,,,3436.17,4036.23,47.1055,52.9526,3413.25,4140.79,149.276,168.112,-6.42776,1.1e+17,4,Y,85.5226,38.23977145,3383.2174,3245.138,138.0794,5.0,0.4000568160079542,0.1012538177714362,R,99999900.0,LLLVYLLITLLAFLLSLLILI,25255.841543963204,1152.9346539207006,34.23423774803879,0.0171368659785488,LLLVYLLITLLAFLLSLLILI,Mutant
LLLYTLLVSLLALLLAFLILI,LLLYTLLVSLLILLLAFLILI,Right,clash,18.957,-273.825,593662.0,593362.0,-60.3815,-279.467,-368.759,4279.68,-45.0505,-28.9099,3592.92,4252.78,56.3087,14.2652,3592.92,4252.78,56.3087,14.2652,-6.35184,1.10011e+17,11,A,116.0026,10.95067238,,,,,0.2409559917806725,0.0056919388297952,R,99999900.0,LLLYTLLVSLLALLLAFLILI,24286.11241536063,1535.335697007707,20.61943298891328,0.0673424485721017,LLLYTLLVSLLALLLAFLILI,Mutant
LLLYTLLVSLLALLLAFLILI,LLLYTLLVSLLALLLIFLILI,Right,clash,18.9569,-273.825,4915480.0,4915180.0,-60.3815,-276.077,-365.006,4295.83,-45.0505,-28.5476,3592.92,4252.78,62.1906,39.1284,3592.92,4252.78,62.1906,39.1284,-6.35184,1.10011e+17,15,A,116.0026,10.95067238,,,,,0.2415354839118087,0.0832559549081699,R,99999900.0,LLLYTLLVSLLALLLAFLILI,24263.091988342137,1097.7910618259823,20.66902212374768,0.0667629564409655,LLLYTLLVSLLALLLAFLILI,Mutant
LLLYTLLVSLLALLLAFLILI,LLLYTLLVSLLAALLAFLILI,Right,void,,,,,,,,,,,3598.6,4186.28,58.1518,70.2316,3592.92,4252.78,114.882,124.599,-6.35184,1.1e+17,12,L,59.5904,54.09838086,3528.3684,3468.321,60.0474,5.0,0.2582468874069351,0.0678194166915185,R,99999900.0,LLLYTLLVSLLALLLAFLILI,24381.785537723816,1197.1161776478473,22.099074399982825,0.05005155294583913,LLLYTLLVSLLALLLAFLILI,Mutant
LLLYTLLVSLLALLLAFLILI,LLLATLLVSLLALLLAFLILI,Right,void,,,,,,,,,,,3404.59,4060.94,63.8567,123.344,3592.92,4252.78,185.891,364.94,-6.35184,1.1e+17,3,Y,46.3868,72.67036979,3281.246,3227.98,53.266,5.0,0.4177036291178279,0.0345547391872275,R,99999900.0,LLLYTLLVSLLALLLAFLILI,25409.862421984988,1502.1724461686272,35.74433624236518,-0.10940518876505367,LLLYTLLVSLLALLLAFLILI,Mutant
LLLYSLLVALLATLLFLLILI,LLLYSLLVALLAILLFLLILI,Right,clash,21.961,-273.143,10619600000.0,10619600000.0,-45.0385,-273.533,-349.094,4291.74,-51.0738,-30.5227,3472.44,4204.56,45.0845,29.7183,3459.85,4212.53,67.8741,42.8553,-6.31342,1.10011e+17,12,T,100.1037,22.89157462,,,,,0.2147575335837631,0.0681079613261479,R,99999900.0,LLLYSLLVALLATLLFLLILI,24147.05803794604,1561.729746954231,18.377540810960188,0.04993335784793801,LLLYSLLVALLATLLFLLILI,Mutant
LLLYSLLVALLATLLFLLILI,LLLYSLLIALLATLLFLLILI,Right,clash,22.0356,-273.783,1549.73,1242.41,-58.7878,-274.187,-356.197,4309.02,-55.5743,-23.2217,3466.87,4178.88,59.4655,70.3605,3459.85,4212.53,92.2715,91.6504,-6.31342,1.10011e+17,7,V,59.2349,54.29243631,,,,,0.2479454956502255,0.0584601542969601,R,99999900.0,LLLYSLLVALLATLLFLLILI,24305.87751091217,1304.0972795232028,21.21754887554864,0.016745395781475603,LLLYSLLVALLATLLFLLILI,Mutant
LLLYSLLVALLATLLFLLILI,LLLYSLLVALLATLLFALILI,Right,void,,,,,,,,,,,3446.93,4187.94,49.5088,66.4616,3459.85,4212.53,94.739,146.526,-6.31342,1.1e+17,16,L,63.0012,51.33644568,3380.4684,3313.324,67.1444,5.0,0.2581576287411247,0.0545353023907914,R,99999900.0,LLLYSLLVALLATLLFLLILI,24372.87674368489,1319.965717210678,22.09143622894272,0.0065332626905764135,LLLYSLLVALLATLLFLLILI,Mutant
LLLYSLLVALLATLLFLLILI,LLLYSLLVALLATLLALLILI,Right,void,,,,,,,,,,,3514.63,4088.38,59.5995,56.7028,3459.85,4212.53,152.235,114.736,-6.31342,1.1e+17,15,F,116.2504,10.38387177,3457.9272,3345.114,112.8132,5.0,0.3168349230159861,0.0211632901975161,R,99999900.0,LLLYSLLVALLATLLFLLILI,24781.747518661963,1673.3490434045996,27.112654121596503,-0.05214403158428499,LLLYSLLVALLATLLFLLILI,Mutant
LLLYSLLLTLLFVLLALLILI,LLLYSLLLTLLFILLALLILI,Right,clash,13.9011,-272.723,12483.1,12174.7,-58.8578,-279.481,-369.508,4292.84,-49.5852,-31.1696,3513.05,4306.97,43.0053,11.6614,3493.2,4307.41,62.1112,33.4337,-6.04566,1.10011e+17,12,V,118.1606,8.982606954,,,,,0.1843676515207434,0.0595296246068823,R,99999900.0,LLLYSLLLTLLFVLLALLILI,23931.44723038061,1302.0139446098,15.776974076310204,0.11205623225433323,LLLYSLLLTLLFVLLALLILI,Mutant
LLLYSLLLTLLFVLLALLILI,LLLYSLLLTLLFVLLILLILI,Right,clash,13.9032,-275.343,613872000.0,613872000.0,-58.8578,-279.213,-369.218,4351.41,-49.5852,-31.1481,3493.2,4307.41,50.4793,12.1525,3493.2,4307.41,50.4793,12.1525,-6.04566,1.10011e+17,15,A,117.5679,9.368225815,,,,,0.3190829188249217,0.050001495426953,R,99999900.0,LLLYSLLLTLLFVLLALLILI,24762.602407645027,1370.577465609127,27.30502285498704,-0.022659035049845067,LLLYSLLLTLLFVLLALLILI,Mutant
LLLYSLLLTLLFVLLALLILI,LLLYSLLLTLLAVLLALLILI,Right,void,,,,,,,,,,,3505.12,4155.62,58.0842,36.9215,3493.2,4307.41,159.153,112.215,-6.04566,1.1e+17,11,F,93.3463,28.34276774,3468.1985,3380.985,87.2135,5.0,0.4454905294673144,0.100243516806173,R,99999900.0,LLLYSLLLTLLFVLLALLILI,25546.393347872578,1596.4465508354258,38.12215687878816,-0.14906664569223776,LLLYSLLLTLLFVLLALLILI,Mutant
LLLYLLLVALLATLLSFLILI,LLLYLLLVILLATLLSFLILI,Right,clash,9.54857,-263.866,10251700.0,10251400.0,-74.0594,-283.917,-379.293,4294.23,-49.5292,-21.3169,3594.36,4309.09,50.1991,33.6681,3594.36,4309.09,50.1991,33.6681,-6.01584,1.10011e+17,8,A,112.306,13.7883652,,,,,0.0944800394403036,0.0775861308389627,R,99999900.0,LLLYLLLVALLATLLSFLILI,23377.59578777595,1372.7600336494097,8.084981940612968,0.12606970178551458,LLLYLLLVALLATLLSFLILI,Mutant
LLLYLLLVALLATLLSFLILI,LLLYLLLVALLITLLSFLILI,Right,clash,9.53404,-263.866,204785.0,204481.0,-74.0594,-284.924,-380.151,4301.46,-49.5292,-21.1677,3594.36,4309.09,51.8322,17.9618,3594.36,4309.09,51.8322,17.9618,-6.01584,1.10011e+17,11,A,112.306,13.7883652,,,,,0.2153962110447399,0.0464461675712462,R,99999900.0,LLLYLLLVALLATLLSFLILI,24142.759649501648,1536.9776695652674,18.43219463803799,0.005153530181078281,LLLYLLLVALLATLLSFLILI,Mutant
LLLYLLLVALLATLLSFLILI,LLLYLLLVALLATLLSALILI,Right,void,,,,,,,,,,,3548.61,4161.11,55.5757,107.133,3594.36,4309.09,155.51,244.813,-6.01584,1.1e+17,16,F,22.3298,82.75195655,3441.477,3349.547,91.93,4.0,0.253725030362515,0.0771214233041099,R,99999900.0,LLLYLLLVALLATLLSFLILI,24350.51182825817,1144.781845278748,21.712123539687408,-0.03317528913669679,LLLYLLLVALLATLLSFLILI,Mutant
LLLYLLLVALLATLLSFLILI,LLLYALLVALLATLLSFLILI,Right,void,,,,,,,,,,,3597.57,4208.13,52.7087,74.2037,3594.36,4309.09,125.025,134.57,-6.01584,1.1e+17,4,L,64.2715,53.58627393,3523.3663,3459.79,63.5763,4.0,0.2635897069228902,0.0375886055445892,R,99999900.0,LLLYLLLVALLATLLSFLILI,24428.634659398645,1383.954080318155,22.556277842681904,-0.043039965697072,LLLYLLLVALLATLLSFLILI,Mutant
LLLSYLLVLLLALLLTFLILI,LLLSYLLILLLALLLTFLILI,Right,clash,14.4307,-270.126,161188000000.0,161188000000.0,-58.8832,-284.485,-374.869,4265.61,-49.6154,-31.5004,3537.63,4247.62,55.3733,19.714,3522.73,4265.42,80.1573,27.3556,-5.8953,1.10011e+17,7,V,109.8814,15.21195968,,,,,0.2561368103579339,0.0319707344583804,R,99999900.0,LLLSYLLVLLLALLLTFLILI,24369.99387340234,1468.8040464239543,21.91850784925381,0.1153560935344295,LLLSYLLVLLLALLLTFLILI,Mutant
LLLSYLLVLLLALLLTFLILI,LLLSYLLVLLLILLLTFLILI,Right,clash,14.5387,-272.721,361038000.0,361038000.0,-58.8832,-286.856,-378.967,4254.83,-49.6154,-33.2275,3522.73,4265.42,46.4639,3.56901,3522.73,4265.42,46.4639,3.56901,-5.8953,1.10011e+17,11,A,126.69879,2.739748426,,,,,0.2675689423326355,0.0587206946588656,R,99999900.0,LLLSYLLVLLLALLLTFLILI,24478.01531962604,1887.433401095048,22.89679470334184,0.10392396155972788,LLLSYLLVLLLALLLTFLILI,Mutant
LLLSYLLVLLLALLLTFLILI,LLLSYLLVLLLAALLTFLILI,Right,void,,,,,,,,,,,3519.48,4203.22,57.3165,98.7891,3522.73,4265.42,117.165,169.884,-5.8953,1.1e+17,12,L,31.0329,76.09580811,3420.6909,3352.846,67.8449,4.0,0.3228433220540363,0.0724018622630443,R,99999900.0,LLLSYLLVLLLALLLTFLILI,24807.45763451839,1314.4031393643727,27.62681349327337,0.04864958183832707,LLLSYLLVLLLALLLTFLILI,Mutant
LLLSYLLVLLLALLLTFLILI,LLLSALLVLLLALLLTFLILI,Right,void,,,,,,,,,,,3566.18,4130.06,44.8795,54.4549,3522.73,4265.42,154.783,161.414,-5.8953,1.1e+17,4,Y,84.0203,39.32465886,3511.7251,3361.316,150.4091,4.0,0.3845569512673553,0.0902092899944917,R,99999900.0,LLLSYLLVLLLALLLTFLILI,25159.449899550644,1261.6467203017328,32.90786101013675,-0.013064047374991894,LLLSYLLVLLLALLLTFLILI,Mutant
LLLYTLLVALLSTLLFLLILI,LLLYILLVALLSTLLFLLILI,Right,clash,22.6415,-271.111,24606200.0,24605900.0,-74.2668,-276.817,-370.982,4334.87,-49.5963,-19.8976,3480.44,4243.18,51.9758,35.6781,3463.04,4272.83,84.0767,41.9974,-5.78509,1.10011e+17,4,T,102.7971,25.76497452,,,,,0.2450860218276044,0.0728327742267473,R,99999900.0,LLLYTLLVALLSTLLFLLILI,24338.358024938338,1537.4942760485565,20.972853865338,-0.01678526530952948,LLLYTLLVALLSTLLFLLILI,Mutant
LLLYTLLVALLSTLLFLLILI,LLLYTLLVILLSTLLFLLILI,Right,clash,20.7547,-276.55,16463200.0,16462900.0,-74.2629,-280.027,-376.723,4311.43,-49.5963,-22.4335,3463.04,4272.83,48.2135,11.6531,3463.04,4272.83,48.2135,11.6531,-5.78509,1.10011e+17,8,A,119.6765,8.873171014,,,,,0.2459944184777225,0.0144310707086073,R,99999900.0,LLLYTLLVALLSTLLFLLILI,24325.25579367295,1538.8851110326252,21.050588491134363,-0.017693661959647583,LLLYTLLVALLSTLLFLLILI,Mutant
LLLYTLLVALLSTLLFLLILI,LLLYTLLVALLSTLLFALILI,Right,void,,,,,,,,,,,3456.82,4241.67,54.0325,63.244,3463.04,4272.83,102.048,139.773,-5.78509,1.1e+17,16,L,66.2188,48.85109854,3393.576,3323.267,70.309,4.0,0.2602642499402381,0.0486607224220388,R,99999900.0,LLLYTLLVALLSTLLFLLILI,24415.356322244825,1402.669580543205,22.271707050710383,-0.0319634934221632,LLLYTLLVALLSTLLFLLILI,Mutant
LLLYTLLVALLSTLLFLLILI,LLLYTLLVALLSTLLALLILI,Right,void,,,,,,,,,,,3499.22,4120.08,59.8112,33.5966,3463.04,4272.83,160.948,91.2452,-5.78509,1.1e+17,15,F,96.1238,25.89924175,3465.6234,3371.7948,93.8286,4.0,0.4877425824203588,0.059482466860685,R,99999900.0,LLLYTLLVALLSTLLFLLILI,25845.72772713807,1401.5192662653023,41.73781037663654,-0.2594418259022839,LLLYTLLVALLSTLLFLLILI,Mutant
LLLYSLLFVLLAILLTLLILI,LLLYSLLFILLAILLTLLILI,Right,clash,17.7828,-274.389,70110.2,69798.6,-58.9046,-282.145,-369.955,4285.11,-55.0278,-28.9045,3554.2,4287.32,47.8776,7.25936,3540.58,4298.49,70.4458,17.6691,-5.71654,1.10011e+17,8,V,124.07024,5.527588602,,,,,0.1789868005253019,0.0666026951472504,R,99999900.0,LLLYSLLFVLLAILLTLLILI,23889.78183425124,1793.2107728910817,15.31651614910155,0.06846374731679222,LLLYSLLFVLLAILLTLLILI,Mutant
LLLYSLLFVLLAILLTLLILI,LLLYSLLFVLLAILLTALILI,Right,void,,,,,,,,,,,3521.23,4260.04,55.7156,108.327,3540.58,4298.49,106.642,195.568,-5.71654,1.1e+17,16,L,21.1358,83.6742292,3412.903,3345.012,67.891,5.0,0.1862451825507858,0.075960133923875,R,99999900.0,LLLYSLLFVLLAILLTLLILI,23944.99323907308,1262.681701752346,15.937640864350918,0.06120536529130832,LLLYSLLFVLLAILLTLLILI,Mutant
LLLYSLLFVLLAILLTLLILI,LLLYSLLFVLLIILLTLLILI,Right,clash,17.7915,-277.008,1230.24,915.991,-58.9046,-284.257,-373.02,4308.09,-55.0278,-29.859,3540.58,4298.49,43.2945,15.1842,3540.58,4298.49,43.2945,15.1842,-5.71654,1.10011e+17,11,A,115.0836,11.65614219,,,,,0.1988163998654366,0.1401552958078263,R,99999900.0,LLLYSLLFVLLAILLTLLILI,24058.968444448103,1492.7622571816848,17.013403168881837,0.04863414797665752,LLLYSLLFVLLAILLTLLILI,Mutant
LLLYSLLFVLLAILLTLLILI,LLLYSLLAVLLAILLTLLILI,Right,void,,,,,,,,,,,3515.87,4138.51,57.6329,68.907,3540.58,4298.49,161.127,183.944,-5.71654,1.1e+17,7,F,60.6884,53.17086872,3446.963,3356.636,90.327,5.0,0.2592495804978452,0.0112462583828722,R,99999900.0,LLLYSLLFVLLAILLTLLILI,24410.63240021908,1597.57351954772,22.18487829655197,-0.01179903265575108,LLLYSLLFVLLAILLTLLILI,Mutant
LLLTALLIALLFLLLSVLILI,LLLTALLIALLFILLSVLILI,Right,clash,16.5385,-267.899,10182900.0,10182600.0,-60.4683,-274.394,-371.667,4097.38,-45.0946,-36.8049,3265.08,4039.23,52.7345,10.1271,3263.63,4086.49,107.619,10.6686,-5.65405,1.10011e+17,12,L,119.6949,7.800757961,,,,,0.202588808631557,0.022074557578436,R,99999900.0,LLLTALLIALLFLLLSVLILI,24037.06523023258,1408.0634469901474,17.33622116226301,0.19693770584261097,LLLTALLIALLFLLLSVLILI,Mutant
LLLTALLIALLFLLLSVLILI,LLLTILLIALLFLLLSVLILI,Right,clash,22.1017,-271.334,4132100000000.0,4132100000000.0,-60.4084,-279.555,-381.467,4182.24,-45.0946,-41.5033,3263.63,4086.49,52.9057,11.1885,3263.63,4086.49,52.9057,11.1885,-5.65405,1.10011e+17,4,A,127.2867,8.079786128,,,,,0.3066944111946186,0.0586772048803974,R,99999900.0,LLLTALLIALLFLLLSVLILI,24703.69340977168,1340.1655382962258,26.24489564657882,0.09283210327954938,LLLTALLIALLFLLLSVLILI,Mutant
LLLTALLIALLFLLLSVLILI,LLLTALLAALLFLLLSVLILI,Right,void,,,,,,,,,,,3291.92,4044.07,56.8901,69.1194,3263.63,4086.49,106.883,119.789,-5.65405,1.1e+17,7,I,60.476,53.33476343,3222.8006,3143.841,78.9596,4.0,0.3697489758958302,0.0400199594934567,R,99999900.0,LLLTALLIALLFLLLSVLILI,25097.76740250628,1414.2401780862915,31.64069162531164,0.02977753857833776,LLLTALLIALLFLLLSVLILI,Mutant
LLLTALLIALLFLLLSVLILI,LLLTALLIALLALLLSVLILI,Right,void,,,,,,,,,,,3256.09,3956.71,47.9136,22.0069,3263.63,4086.49,147.062,138.631,-5.65405,1.1e+17,11,F,108.2609,16.89358383,3234.0831,3124.999,109.0841,4.0,0.4891072998728437,0.1134429960989704,R,99999900.0,LLLTALLIALLFLLLSVLILI,25816.705933962698,1146.017925958298,41.85459394301461,-0.0895807853986757,LLLTALLIALLFLLLSVLILI,Mutant
LLLTYLLVILLAFLLSLLILI,LLLTYLLVILLIFLLSLLILI,Right,clash,20.1327,-277.808,9129520.0,9129220.0,-60.512,-286.25,-377.182,4280.33,-45.1141,-30.4202,3438.77,4225.65,50.8226,4.78755,3438.77,4225.65,50.8226,4.78755,-5.54929,1.10011e+17,11,A,125.48025,3.67515994,,,,,0.24760294585082,0.0512483707129745,R,99999900.0,LLLTYLLVILLAFLLSLLILI,24335.3713673891,1390.0736042125131,21.18823571100763,0.08998115376188809,LLLTYLLVILLAFLLSLLILI,Mutant
LLLTYLLVILLAFLLSLLILI,LLLTYLLVILLAFLLILLILI,Right,clash,20.1277,-275.778,8928130.0,8927830.0,-45.1141,-277.15,-354.295,4304.71,-45.1141,-32.0316,3440.57,4216.04,56.7816,20.4758,3438.77,4225.65,67.9123,19.7801,-5.54929,1.10011e+17,15,S,109.2446,15.78456434,,,,,0.2661410831486414,0.0189307596377372,R,99999900.0,LLLTYLLVILLAFLLSLLILI,24444.775962298,1464.2411012856603,22.774607881821453,0.0714430164640667,LLLTYLLVILLAFLLSLLILI,Mutant
LLLTYLLVILLAFLLSLLILI,LLLTYLLVILLAALLSLLILI,Right,void,,,,,,,,,,,3440.94,4142.65,44.7218,66.8304,3438.77,4225.65,130.778,182.583,-5.54929,1.1e+17,12,F,62.9916,51.47848593,3374.1096,3256.187,117.9226,5.0,0.3114757568025348,0.0300387277680349,R,99999900.0,LLLTYLLVILLAFLLSLLILI,24732.56987427749,1441.4009227629558,26.65405183576793,0.02610834281017327,LLLTYLLVILLAFLLSLLILI,Mutant
LLLTYLLVILLAFLLSLLILI,LLLTALLVILLAFLLSLLILI,Right,void,,,,,,,,,,,3488.23,4056.28,45.0535,78.4537,3438.77,4225.65,162.507,156.962,-5.54929,1.1e+17,4,Y,60.0215,56.65541555,3409.7763,3281.808,127.9683,5.0,0.3944421998721241,0.0641737715968711,R,99999900.0,LLLTYLLVILLAFLLSLLILI,25241.17748515989,1296.928432958315,33.75377573372789,-0.05685810025941601,LLLTYLLVILLAFLLSLLILI,Mutant
LLLYFLLAILLAVLLTLLILI,LLLYFLLAILLIVLLTLLILI,Right,clash,21.9933,-267.314,28804000000.0,28804000000.0,-58.8246,-282.4,-367.439,4347.09,-49.547,-26.2145,3513.86,4217.15,53.3894,6.61553,3513.86,4217.15,53.3894,6.61553,-5.54831,1.10011e+17,11,A,123.65227,5.078407711,,,,,0.1737730967737192,0.0489370977326826,R,99999900.0,LLLYFLLAILLAVLLTLLILI,23881.29246046215,1553.007377523343,14.870361586455694,0.06377893652604091,LLLYFLLAILLAVLLTLLILI,Mutant
LLLYFLLAILLAVLLTLLILI,LLLYFLLIILLAVLLTLLILI,Right,clash,22.4648,-267.296,28804200000.0,28804200000.0,-58.8246,-282.815,-367.798,4349.26,-49.547,-26.1587,3513.86,4217.15,59.1549,7.80415,3513.86,4217.15,59.1549,7.80415,-5.54831,1.10011e+17,7,A,123.65227,5.078407711,,,,,0.2466686994348886,0.216969829805898,R,99999900.0,LLLYFLLAILLAVLLTLLILI,24316.180820382146,984.230215233456,21.10828903183991,-0.009116666135128487,LLLYFLLAILLAVLLTLLILI,Mutant
LLLYFLLAILLAVLLTLLILI,LLLYALLAILLAVLLTLLILI,Right,void,,,,,,,,,,,3567.54,4114.94,50.5965,55.5634,3513.86,4217.15,142.573,122.804,-5.54831,1.1e+17,4,F,82.9118,40.12516321,3511.9766,3391.056,120.9206,4.0,0.309116912129724,0.0446444957118882,R,99999900.0,LLLYFLLAILLAVLLTLLILI,24702.107742931803,1380.361806217119,26.45219738382905,-0.07156487882996387,LLLYFLLAILLAVLLTLLILI,Mutant
LLLYFLLAILLAVLLTLLILI,LLLAFLLAILLAVLLTLLILI,Right,void,,,,,,,,,,,3357.16,4025.98,58.855,81.8548,3513.86,4217.15,180.397,313.372,-5.54831,1.1e+17,3,Y,87.876,48.22625004,3275.3052,3200.488,74.8172,4.0,0.4253790114471115,0.0570380583721321,R,99999900.0,LLLYFLLAILLAVLLTLLILI,25453.454288427925,1392.0163184646342,36.40114510789034,-0.1878269781473514,LLLYFLLAILLAVLLTLLILI,Mutant
LLLWTLLVFLLAILLSLLILI,LLLWTLLVFLLIILLSLLILI,Right,clash,20.6616,-278.547,632360000.0,632360000.0,-60.4392,-287.373,-386.013,4279.79,-45.0711,-38.2008,3372.84,4114.39,45.7725,1.80324,3372.84,4114.39,45.7725,1.80324,-5.52392,1.10011e+17,11,A,128.46456,1.384256125,,,,,0.2138597212794662,0.0473451455462815,R,99999900.0,LLLWTLLVFLLAILLSLLILI,24093.80210489631,1351.6238117537634,18.300711924040776,0.07152399163137749,LLLWTLLVFLLAILLSLLILI,Mutant
LLLWTLLVFLLAILLSLLILI,LLLWTLLIFLLAILLSLLILI,Right,clash,20.7218,-275.958,2385970000.0,2385970000.0,-60.4392,-284.444,-380.394,4279.33,-45.0711,-35.5114,3386.72,4094.02,49.5258,33.1197,3372.84,4114.39,74.2555,43.8185,-5.52392,1.10011e+17,7,V,96.4757,25.55623116,,,,,0.2717301530289785,0.0173361947329405,R,99999900.0,LLLWTLLVFLLAILLSLLILI,24484.729628132525,1498.318193818105,23.252883815183026,0.013653559881865174,LLLWTLLVFLLAILLSLLILI,Mutant
LLLWTLLVFLLAILLSLLILI,LLLATLLVFLLAILLSLLILI,Right,void,,,,,,,,,,,3448.15,4057.14,63.4787,127.095,3372.84,4114.39,155.62,141.666,-5.52392,1.1e+17,3,W,42.6358,74.88033993,3321.055,3231.174,89.881,5.0,0.2907830326554552,0.0396774785692727,R,99999900.0,LLLWTLLVFLLAILLSLLILI,24590.525613310627,1367.7717046988917,24.88330425752489,-0.005399319744611497,LLLWTLLVFLLAILLSLLILI,Mutant
LLLWTLLVFLLAILLSLLILI,LLLWTLLVALLAILLSLLILI,Right,void,,,,,,,,,,,3412.58,3999.88,44.8938,46.0757,3372.84,4114.39,139.977,134.215,-5.52392,1.1e+17,8,F,85.2539,35.08401762,3366.5043,3238.625,127.8793,5.0,0.3170127292396645,0.0147688383763776,R,99999900.0,LLLWTLLVFLLAILLSLLILI,24779.41461046673,1665.2936801286355,27.127869611724204,-0.031629016328820814,LLLWTLLVFLLAILLSLLILI,Mutant
LLLYSLLFTLLAVLLALLILI,LLLYSLLFILLAVLLALLILI,Right,clash,15.1429,-268.35,4605.84,4305.07,-45.0097,-275.121,-352.021,4251.67,-47.5637,-31.8906,3489.47,4220.05,55.2378,7.21712,3480.59,4245.28,81.1501,15.1955,-5.51293,1.10011e+17,8,T,124.11248,5.495425251,,,,,0.0716780820545909,0.1202032934962846,R,99999900.0,LLLYSLLFTLLAVLLALLILI,23185.97714935866,1873.479101270428,6.133740019396419,0.2526787284595169,LLLYSLLFTLLAVLLALLILI,Mutant
LLLYSLLFTLLAVLLALLILI,LLLYSLLFTLLAVLLAALILI,Right,void,,,,,,,,,,,3487.65,4201.14,55.4941,101.563,3480.59,4245.28,109.083,166.109,-5.51293,1.1e+17,16,L,27.8998,78.44956235,3386.087,3314.481,71.606,4.0,0.2136913458922266,0.0209050897239752,R,99999900.0,LLLYSLLFTLLAVLLALLILI,24106.183148280263,1510.636334216678,18.28630346302468,0.1106654646218812,LLLYSLLFTLLAVLLALLILI,Mutant
LLLYSLLFTLLAVLLALLILI,LLLYSLLFTLLIVLLALLILI,Right,clash,15.1605,-271.561,1124.27,815.797,-58.7649,-278.345,-362.892,4282.39,-52.07,-25.7825,3480.59,4245.28,48.3785,25.1279,3480.59,4245.28,48.3785,25.1279,-5.51293,1.10011e+17,11,A,105.1399,19.28941765,,,,,0.2406928683123975,0.091370272163838,R,99999900.0,LLLYSLLFTLLAVLLALLILI,24276.119287560225,1127.3151148176075,20.596916608715336,0.0836639422017103,LLLYSLLFTLLAVLLALLILI,Mutant
LLLYSLLFTLLAVLLALLILI,LLLYSLLATLLAVLLALLILI,Right,void,,,,,,,,,,,3461.04,4095.05,56.0455,75.641,3480.59,4245.28,157.603,191.482,-5.51293,1.1e+17,7,F,53.9544,58.36704081,3385.399,3289.108,96.291,4.0,0.3510737540729116,0.0761246426698773,R,99999900.0,LLLYSLLFTLLAVLLALLILI,24963.941941496578,1201.951836461949,30.04258866018068,-0.026716943558803774,LLLYSLLFTLLAVLLALLILI,Mutant
LLLTYLLIALLVALLSLLILI,LLLTYLLIALLVILLSLLILI,Right,clash,19.1162,-269.921,32102700000.0,32102700000.0,-60.433,-279.341,-385.79,4184.53,-45.0489,-46.0157,3406.81,4079.64,45.0838,11.7257,3406.81,4079.64,45.0838,11.7257,-5.43846,1.10011e+17,12,A,118.0963,9.03213631,,,,,0.2556066136838306,0.0855301070543047,R,99999900.0,LLLTYLLIALLVALLSLLILI,24367.96662513906,1138.123073904123,21.8731370962303,0.1836588406828102,LLLTYLLIALLVALLSLLILI,Mutant
LLLTYLLIALLVALLSLLILI,LLLTYLLIILLVALLSLLILI,Right,clash,19.1885,-269.921,32102900000.0,32102900000.0,-60.4332,-280.691,-386.382,4204.46,-45.0489,-45.2574,3406.81,4079.64,50.022,19.246,3406.81,4079.64,50.022,19.246,-5.43846,1.10011e+17,8,A,118.0963,9.03213631,,,,,0.270713853118349,0.0352219833268259,R,99999900.0,LLLTYLLIALLVALLSLLILI,24489.806232969964,1556.00448551848,23.16591553624959,0.16855160124829177,LLLTYLLIALLVALLSLLILI,Mutant
LLLTYLLIALLVALLSLLILI,LLLTYLLAALLVALLSLLILI,Right,void,,,,,,,,,,,3393.16,4052.41,55.5806,108.836,3406.81,4079.64,97.8347,185.491,-5.43846,1.1e+17,7,I,20.7594,83.98137588,3284.324,3221.319,63.005,4.0,0.3293753672048197,0.0579343885062409,R,99999900.0,LLLTYLLIALLVALLSLLILI,24824.325236275505,1342.8738443526954,28.185783063906555,0.10989008716182108,LLLTYLLIALLVALLSLLILI,Mutant
LLLTYLLIALLVALLSLLILI,LLLTALLIALLVALLSLLILI,Right,void,,,,,,,,,,,3430.75,3971.03,52.7317,81.3988,3406.81,4079.64,156.794,161.059,-5.43846,1.1e+17,4,Y,57.0764,58.78222238,3349.3512,3245.751,103.6002,4.0,0.427496513945994,0.0099655564462647,R,99999900.0,LLLTYLLIALLVALLSLLILI,25470.792354699275,1640.6005152562127,36.582347079905645,0.0117689404206468,LLLTYLLIALLVALLSLLILI,Mutant
LLLYALLVALLITLLFLLILI,LLLYALLVALLITLLFILILI,Right,clash,13.899,-265.271,1788.88,1487.92,-58.8507,-273.524,-351.22,4267.08,-49.5895,-18.845,3576.86,4222.68,53.2791,71.7564,3537.32,4305.82,116.293,103.815,-5.40899,1.10011e+17,16,L,57.7064,55.42626917,,,,,0.281341951124715,0.0660249778618164,R,99999900.0,LLLYALLVALLITLLFLLILI,24536.957279242324,1258.8743170323758,24.075398438178592,0.019401745901105993,LLLYALLVALLITLLFLLILI,Mutant
LLLYALLVALLITLLFLLILI,LLLYALLVALLATLLFLLILI,Right,void,,,,,,,,,,,3590.37,4266.34,57.4372,69.7254,3537.32,4305.82,105.369,96.8676,-5.40899,1.1e+17,11,I,60.5424,53.52466227,3520.6446,3440.4524,80.1922,4.0,0.2931536201625306,0.0439578447242505,R,99999900.0,LLLYALLVALLITLLFLLILI,24606.32341283658,1341.1582796628077,25.08616358418148,0.007590076863290385,LLLYALLVALLITLLFLLILI,Mutant
LLLYALLVALLITLLFLLILI,LLLYALLVALLIILLFLLILI,Right,clash,13.903,-266.116,19231400.0,19231100.0,-45.0894,-275.315,-351.598,4309.86,-45.0894,-31.193,3541.89,4289.62,56.7877,8.64803,3537.32,4305.82,80.3557,9.19237,-5.40899,1.10011e+17,12,T,121.17397,6.661451834,,,,,0.3047906755129648,0.1141241775918466,R,99999900.0,LLLYALLVALLITLLFLLILI,24656.391879481504,966.5154741909907,26.08198643636837,-0.004046978487143804,LLLYALLVALLITLLFLLILI,Mutant
LLLYALLVALLITLLFLLILI,LLLYALLVALLITLLALLILI,Right,void,,,,,,,,,,,3505.23,4139.76,60.9467,68.8703,3537.32,4305.82,165.079,189.633,-5.40899,1.1e+17,15,F,60.8501,53.09134107,3436.3597,3347.687,88.6727,4.0,0.4194105216669566,0.099841482289469,R,99999900.0,LLLYALLVALLITLLFLLILI,25387.613339232183,1118.5938144490617,35.89040090868015,-0.1186668246411356,LLLYALLVALLITLLFLLILI,Mutant
LLLYSLLLTLLAVLLFSLILI,LLLYSLLLILLAVLLFSLILI,Right,clash,15.612,-268.824,2320630000.0,2320630000.0,-60.4281,-286.561,-374.305,4300.86,-48.3363,-27.3162,3525.94,4218.48,58.8378,20.0006,3512.43,4251.02,87.0586,31.9962,-5.30693,1.10011e+17,8,T,111.329,15.22931616,,,,,0.1227304642288682,0.1185773196670745,R,99999900.0,LLLYSLLLTLLAVLLFSLILI,23536.866119980423,1056.1459787077897,10.50246795758807,0.0876001702228646,LLLYSLLLTLLAVLLFSLILI,Mutant
LLLYSLLLTLLAVLLFSLILI,LLLYILLLTLLAVLLFSLILI,Right,clash,19.18,-268.586,2390880000.0,2390880000.0,-74.2005,-287.704,-382.104,4307.05,-49.6044,-20.1995,3520.66,4236.04,50.4688,23.601,3512.43,4251.02,64.9813,28.2126,-5.30693,1.10011e+17,4,S,114.8742,17.04348504,,,,,0.1487674367561524,0.0481753554924868,R,99999900.0,LLLYSLLLTLLAVLLFSLILI,23703.09495559466,1303.7491499529672,12.730541251358622,0.06156319769558041,LLLYSLLLTLLAVLLFSLILI,Mutant
LLLYSLLLTLLAVLLFSLILI,LLLYSLLLTLLAVLLASLILI,Right,void,,,,,,,,,,,3531.95,4090.17,63.0539,59.8353,3512.43,4251.02,165.654,148.248,-5.30693,1.1e+17,15,F,69.8851,46.126361,3472.1147,3364.182,107.9327,5.0,0.1674846302752962,0.0704001039774626,R,99999900.0,LLLYSLLLTLLAVLLFSLILI,23800.12962843048,1121.0439235138504,14.33223587889792,0.04284600417643661,LLLYSLLLTLLAVLLFSLILI,Mutant
LLLYSLLLTLLAVLLFSLILI,LLLYSLLATLLAVLLFSLILI,Right,void,,,,,,,,,,,3521.99,4203.94,59.7792,78.863,3512.43,4251.02,116.702,157.603,-5.30693,1.1e+17,7,L,50.7324,60.85324016,3443.127,3354.827,88.3,5.0,0.2050497258317181,0.0447579657951054,R,99999900.0,LLLYSLLLTLLAVLLFSLILI,24051.910710341945,1295.5506124082367,17.546810311447455,0.005280908620014707,LLLYSLLLTLLAVLLFSLILI,Mutant
LLLYSLLLTLLVALLSFLILI,LLLYSLLLTLLVILLSFLILI,Right,clash,13.038,-271.303,55568000000000.0,55568000000000.0,-74.2556,-284.783,-378.929,4301.23,-49.6279,-19.8898,3578.11,4238.06,50.4718,26.4266,3578.11,4238.06,50.4718,26.4266,-5.20008,1.10011e+17,12,A,103.3954,20.35602594,,,,,0.1550334471054548,0.0877721791283363,R,99999900.0,LLLYSLLLTLLVALLSFLILI,23735.17599251989,1106.9175863993748,13.266745308997836,0.1384007943863767,LLLYSLLLTLLVALLSFLILI,Mutant
LLLYSLLLTLLVALLSFLILI,LLLYSLLLILLVALLSFLILI,Right,clash,13.0224,-268.093,1206730.0,1206430.0,-60.4831,-282.411,-370.759,4302.2,-45.1222,-27.8652,3590.57,4207.55,55.0951,19.6038,3578.11,4238.06,86.2154,26.5885,-5.20008,1.10011e+17,8,T,111.7258,14.92717559,,,,,0.1611623339071778,0.0831319631431065,R,99999900.0,LLLYSLLLTLLVALLSFLILI,23787.1649566203,1238.6256195149688,13.791215233031895,0.1322719075846537,LLLYSLLLTLLVALLSFLILI,Mutant
LLLYSLLLTLLVALLSFLILI,LLLYSLLLTLLVALLSALILI,Right,void,,,,,,,,,,,3502.85,4091.81,58.3307,104.213,3578.11,4238.06,157.623,265.822,-5.20008,1.1e+17,16,F,25.2498,80.49648239,3398.637,3312.288,86.349,4.0,0.2422728029638582,0.031479620547398,R,99999900.0,LLLYSLLLTLLVALLSFLILI,24292.75369431321,1393.8704770705997,20.732117051052995,0.05116143852797331,LLLYSLLLTLLVALLSFLILI,Mutant
LLLYSLLLTLLVALLSFLILI,LLLYSLLATLLVALLSFLILI,Right,void,,,,,,,,,,,3566.57,4187.18,59.0138,83.7299,3578.11,4238.06,117.012,177.05,-5.20008,1.1e+17,7,L,45.8655,64.60869753,3482.8401,3401.06,81.7801,4.0,0.2439999608194541,0.0365909124478242,R,99999900.0,LLLYSLLLTLLVALLSFLILI,24305.94751728064,1387.599057311107,20.87991588934522,0.0494342806723774,LLLYSLLLTLLVALLSFLILI,Mutant
LLLYVLLFALLTVLLSLLILI,LLLYVLLFILLTVLLSLLILI,Right,clash,14.8479,-267.033,232137.0,231835.0,-74.2664,-284.468,-382.155,4270.51,-49.8154,-23.4205,3537.36,4258.05,45.0978,2.70328,3537.36,4258.05,45.0978,2.70328,-5.15993,1.10011e+17,8,A,128.62632,2.058393538,,,,,0.1965521848214172,0.0347439507186496,R,99999900.0,LLLYVLLFALLTVLLSLLILI,24008.86923541434,1401.7649976644364,16.81964649975885,0.10249259517252549,LLLYVLLFALLTVLLSLLILI,Mutant
LLLYVLLFALLTVLLSLLILI,LLLYVLLFALLTVLLSALILI,Right,void,,,,,,,,,,,3569.54,4214.04,55.8666,111.268,3537.36,4258.05,108.715,159.042,-5.15993,1.1e+17,16,L,18.1948,85.94592423,3458.272,3378.318,79.954,5.0,0.2255812462047831,0.0346285448234388,R,99999900.0,LLLYVLLFALLTVLLSLLILI,24181.98684295553,1353.158365810062,19.30376312828494,0.0734635337891596,LLLYVLLFALLTVLLSLLILI,Mutant
LLLYVLLFALLTVLLSLLILI,LLLYVLLFALLTILLSLLILI,Right,clash,14.8066,-264.414,4708.67,4409.36,-74.3017,-282.022,-378.277,4262.1,-49.6954,-21.9534,3551.13,4242.89,46.8706,21.0241,3537.36,4258.05,76.0685,34.5175,-5.15993,1.10011e+17,12,V,108.7979,16.1945587,,,,,0.2391452683048241,0.0822745556619928,R,99999900.0,LLLYVLLFALLTVLLSLLILI,24293.65921711756,1410.9209260124628,20.46448315307068,0.059899511689118584,LLLYVLLFALLTVLLSLLILI,Mutant
LLLYVLLFALLTVLLSLLILI,LLLYVLLAALLTVLLSLLILI,Right,void,,,,,,,,,,,3534.01,4125.77,52.9995,78.5418,3537.36,4258.05,153.354,192.097,-5.15993,1.1e+17,7,F,51.0536,60.60539186,3455.4682,3345.263,110.2052,5.0,0.3076247194828108,0.0221420773051375,R,99999900.0,LLLYVLLFALLTVLLSLLILI,24702.79984247501,1485.7139445007613,26.32450532661064,-0.008579939488868094,LLLYVLLFALLTVLLSLLILI,Mutant
LLLYLLLFTLLAVLLSILILI,LLLYLLLFILLAVLLSILILI,Right,clash,19.2466,-269.454,12527.1,12231.8,-60.4334,-281.505,-372.836,4295.13,-45.0906,-30.8978,3596.76,4281.93,50.6901,16.2825,3586.49,4305.1,74.4496,28.3548,-5.10787,1.10011e+17,8,T,115.0471,12.39819508,,,,,0.1782043213267157,0.1219005056357022,R,99999900.0,LLLYLLLFTLLAVLLSILILI,23902.85026685237,1225.1694505986186,15.24955671272799,0.1201279916014894,LLLYLLLFTLLAVLLSILILI,Mutant
LLLYLLLFTLLAVLLSILILI,LLLYLLLFTLLIVLLSILILI,Right,clash,19.3108,-272.666,10001.7,9698.79,-74.2003,-284.751,-383.586,4318.17,-49.5908,-24.6347,3586.49,4305.1,43.8918,28.5797,3586.49,4305.1,43.8918,28.5797,-5.10787,1.10011e+17,11,A,101.6881,21.93918988,,,,,0.1945794283860368,0.1282662780839117,R,99999900.0,LLLYLLLFTLLAVLLSILILI,23950.366440347385,821.9674619658048,16.65083094625396,0.1037528845421683,LLLYLLLFTLLAVLLSILILI,Mutant
LLLYLLLFTLLAVLLSILILI,LLLYALLFTLLAVLLSILILI,Right,void,,,,,,,,,,,3621.29,4227.62,54.7656,55.3509,3586.49,4305.1,117.449,83.2307,-5.10787,1.1e+17,4,L,83.1243,39.97170612,3565.9391,3503.2593,62.6798,4.0,0.280416182978101,0.112861389966007,R,99999900.0,LLLYLLLFTLLAVLLSILILI,24500.126944630723,959.612354870192,23.99617727367751,0.01791612995010411,LLLYLLLFTLLAVLLSILILI,Mutant
LLLTLLLGVLLGFLLAILILI,LLLTLLLIVLLGFLLAILILI,GAS,clash,25.2135,-273.247,2413370000.0,2413370000.0,-44.9169,-274.073,-356.156,4621.2,-51.9816,-37.1654,3603.98,4637.44,59.1103,0.0,3603.98,4625.23,40.9476,0.0,-40.8357,1.10011e+17,7,G,129.5954,0.0,,,,,0.2516937876749351,0.1214892372249122,G,99999900.0,LLLTLLLGVLLGFLLAILILI,19054.30712396117,956.292966749248,20.47633289169563,1.437788741798259,LLLTLLLGVLLGFLLAILILI,Mutant
LLLTLLLGVLLGFLLAILILI,LLLTLLLGVLLIFLLAILILI,GAS,clash,24.6338,-273.266,11657300000.0,11657300000.0,-44.9169,-274.13,-355.621,4648.53,-50.8284,-36.5745,3603.98,4647.42,58.6481,0.682812,3603.98,4625.23,36.8712,0.682812,-40.8357,1.10011e+17,11,G,129.584988,0.52416023,,,,,0.286174809618204,0.0294241510725059,G,99999900.0,LLLTLLLGVLLGFLLAILILI,19373.43058614773,1313.3922518375127,23.281506949738333,1.4033077198549901,LLLTLLLGVLLGFLLAILILI,Mutant
LLLTLLLGVLLGFLLAILILI,LLLTALLGVLLGFLLAILILI,GAS,void,,,,,,,,,,,3621.16,4558.32,63.7662,54.4887,3603.98,4625.23,122.805,103.968,-40.8357,1.1e+17,4,L,83.9865,39.34906756,3566.6713,3500.012,66.6593,1.0,1.1726516301076373,0.0579335388179579,G,99999900.0,LLLTLLLGVLLGFLLAILILI,26971.66338767503,1826.7193907194755,95.40007072039744,0.5168308993655568,LLLTLLLGVLLGFLLAILILI,Mutant
LLLAYLLGLLLGTLLSFLILI,LLLAYLLGLLLITLLSFLILI,GAS,clash,24.3173,-274.16,414249000000.0,414249000000.0,-74.0929,-276.456,-364.723,4627.72,-56.9156,-14.1745,3655.64,4721.3,52.2596,0.497554,3656.15,4704.67,32.0419,0.424921,-32.7922,1.10011e+17,11,G,129.770246,0.381947035,,,,,0.1326871249871555,0.1193558799355,G,99999900.0,LLLAYLLGLLLGTLLSFLILI,18079.12338428603,1945.3171122249228,10.794647602458838,0.921709514599689,LLLAYLLGLLLGTLLSFLILI,Mutant
LLLAYLLGLLLGTLLSFLILI,LLLAYLLILLLGTLLSFLILI,GAS,clash,24.9504,-274.137,1223310000000.0,1223310000000.0,-74.0929,-276.409,-364.859,4632.22,-56.9961,-14.3563,3656.03,4720.41,57.6678,0.0,3656.15,4704.67,38.0857,0.0,-32.7922,1.10011e+17,7,G,129.5954,0.0,,,,,0.3014725498336012,0.0385347927101848,G,99999900.0,LLLAYLLGLLLGTLLSFLILI,19498.355073966784,1125.23124658574,24.52604152500448,0.7529240897532432,LLLAYLLGLLLGTLLSFLILI,Mutant
LLLAYLLGLLLGTLLSFLILI,LLLAYLLGLLLGTLLSALILI,GAS,void,,,,,,,,,,,3562.6,4602.08,41.1484,82.8213,3656.15,4704.67,134.019,264.178,-32.7922,1.1e+17,16,F,46.6415,63.97304863,3479.7787,3391.972,87.8067,0.0,0.959849447575197,0.1066302491423108,G,99999900.0,LLLAYLLGLLLGTLLSFLILI,25156.7103701396,2001.353225340854,78.08773111175658,0.09454719201164752,LLLAYLLGLLLGTLLSFLILI,Mutant
LLLAYLLGLLLGTLLSFLILI,LLLAALLGLLLGTLLSFLILI,GAS,void,,,,,,,,,,,3679.88,4579.03,52.8378,48.4463,3656.15,4704.67,149.33,138.375,-32.7922,1.1e+17,4,Y,98.3414,28.9826626,3631.4337,3517.775,113.6587,0.0,1.072382322379207,0.1877538170908115,G,99999900.0,LLLAYLLGLLLGTLLSFLILI,26075.329137700155,1012.3487311832134,87.24274692296282,-0.017985682792362567,LLLAYLLGLLLGTLLSFLILI,Mutant
LLLAVLLGTLLGLLLSFLILI,LLLAVLLGTLLILLLSFLILI,GAS,clash,27.0786,-269.261,1196350000.0,1196350000.0,-74.0838,-272.35,-374.179,4533.42,-58.8859,-27.7446,3644.45,4586.66,52.3771,0.0,3644.45,4568.08,31.5447,0.0,-32.3507,1.10011e+17,11,G,130.2678,0.0,,,,,0.2243934465392469,0.0550418892625694,G,99999900.0,LLLAVLLGTLLGLLLSFLILI,18851.21897149097,1519.0505420136265,18.25533698108869,0.7947141253949871,LLLAVLLGTLLGLLLSFLILI,Mutant
LLLAVLLGTLLGLLLSFLILI,LLLAVLLITLLGLLLSFLILI,GAS,clash,27.8695,-269.235,151838000.0,151837000.0,-74.0838,-272.355,-374.285,4527.81,-58.131,-27.8455,3644.45,4588.29,61.8848,0.0,3644.45,4568.08,40.9079,0.0,-32.3507,1.10011e+17,7,G,129.5954,0.0,,,,,0.2647389963214558,0.0559443450908859,G,99999900.0,LLLAVLLGTLLGLLLSFLILI,19172.48496830209,766.0152692949441,21.537614687147688,0.7543685756127781,LLLAVLLGTLLGLLLSFLILI,Mutant
LLLAVLLGTLLGLLLSFLILI,LLLAVLLGTLLGLLLSALILI,GAS,void,,,,,,,,,,,3542.77,4466.7,44.7809,87.8536,3644.45,4568.08,137.967,274.183,-32.3507,1.1e+17,16,F,41.6092,67.86011117,3454.9164,3370.267,84.6494,0.0,1.0530177571777966,0.0544484318595251,G,99999900.0,LLLAVLLGTLLGLLLSFLILI,25948.72969651976,1858.386170147516,85.6673592781985,-0.033910185243562596,LLLAVLLGTLLGLLLSFLILI,Mutant
LLLAVLLGTLLGLLLSFLILI,LLLAVLLGTLLGALLSFLILI,GAS,void,,,,,,,,,,,3678.16,4510.95,55.312,87.4293,3644.45,4568.08,110.96,127.622,-32.3507,1.1e+17,12,L,42.3927,67.34551925,3590.7307,3516.828,73.9027,0.0,1.159140827113718,0.0526212402521335,G,99999900.0,LLLAVLLGTLLGLLLSFLILI,26848.07002221862,1579.177022187023,94.3009108949078,-0.14003325517948406,LLLAVLLGTLLGLLLSFLILI,Mutant
LLLALLLGVLLGTLLGFLILI,LLLALLLIVLLGTLLGFLILI,GAS,clash,28.6716,-268.852,287957000.0,287957000.0,-58.6964,-268.651,-354.091,4534.47,-57.8397,-26.7433,3565.14,4577.43,61.3592,0.132732,3565.14,4558.7,40.6336,0.132732,-31.9796,1.10011e+17,7,G,129.462668,0.102420302,,,,,0.1906798236326292,0.1025499535672308,G,99999900.0,LLLALLLGVLLGTLLGFLILI,18569.19831138394,1819.3196636555383,15.512594015527023,0.762423526116196,LLLALLLGVLLGTLLGFLILI,Mutant
LLLALLLGVLLGTLLGFLILI,LLLALLLGVLLITLLGFLILI,GAS,clash,28.0515,-268.87,52682900000000.0,52682900000000.0,-58.6964,-268.747,-353.762,4563.28,-59.1396,-26.318,3565.14,4581.36,62.1988,0.0,3565.14,4558.7,40.137,0.0,-31.9796,1.10011e+17,11,G,130.2678,0.0,,,,,0.2157063304669586,0.1053382407471865,G,99999900.0,LLLALLLGVLLGTLLGFLILI,18787.875097637363,1861.488903003576,17.548604080733167,0.7373970192818665,LLLALLLGVLLGTLLGFLILI,Mutant
LLLALLLGVLLGTLLGFLILI,LLLAALLGVLLGTLLGFLILI,GAS,void,,,,,,,,,,,3584.38,4488.21,63.7867,58.5116,3565.14,4558.7,124.561,102.717,-31.9796,1.1e+17,4,L,79.9636,42.2542087,3525.8684,3462.423,63.4454,0.0,0.8190335786925685,0.003812316256842,G,99999900.0,LLLALLLGVLLGTLLGFLILI,23933.296999789265,1401.362624577789,66.6317764999646,0.13406977105625661,LLLALLLGVLLGTLLGFLILI,Mutant
LLLALLLGVLLGTLLGFLILI,LLLALLLGVLLGALLGFLILI,GAS,void,,,,,,,,,,,3581.31,4527.45,61.9853,98.0757,3565.14,4558.7,89.1574,122.381,-31.9796,1.1e+17,12,T,31.7463,75.54628645,3483.2343,3442.759,40.4753,0.0,1.0103851918119724,0.0534483167019575,G,99999900.0,LLLALLLGVLLGTLLGFLILI,25566.62636687497,1290.46002164592,82.19902337479105,-0.05728184206314724,LLLALLLGVLLGTLLGFLILI,Mutant
LLLTLLLGLLLGFLLSILILI,LLLTLLLILLLGFLLSILILI,GAS,clash,34.0013,-280.447,16043700000.0,16043700000.0,-60.3038,-277.576,-380.699,4628.34,-48.522,-42.8187,3550.37,4605.51,54.4888,0.0,3550.37,4596.81,38.0234,0.0,-31.722,1.10011e+17,7,G,129.5954,0.0,,,,,0.2109814180091929,0.0717444024845082,G,99999900.0,LLLTLLLGLLLGFLLSILILI,18729.81341900356,1464.7807289726038,17.164212867652118,1.0413335090073899,LLLTLLLGLLLGFLLSILILI,Mutant
LLLTLLLGLLLGFLLSILILI,LLLTLLLGLLLIFLLSILILI,GAS,clash,33.1463,-280.477,10991500000.0,10991500000.0,-60.3038,-277.631,-380.545,4652.4,-51.655,-42.6105,3550.37,4608.44,47.6976,0.0,3550.37,4596.81,29.0781,0.0,-31.722,1.10011e+17,11,G,130.2678,0.0,,,,,0.3484747707854581,0.1034910367820114,G,99999900.0,LLLTLLLGLLLGFLLSILILI,19908.055804127634,1644.9060758357575,28.3498670224468,0.9038401562311247,LLLTLLLGLLLGFLLSILILI,Mutant
LLLTLLLGLLLGFLLSILILI,LLLTLLLGLLLGALLSILILI,GAS,void,,,,,,,,,,,3600.72,4547.99,48.6843,82.9918,3550.37,4596.81,121.927,139.004,-31.722,1.1e+17,12,F,46.8302,63.92737749,3517.7282,3411.366,106.3622,1.0,1.171294400889561,0.1165009395555841,G,99999900.0,LLLTLLLGLLLGFLLSILILI,26937.8778387342,1241.0282960832603,95.2896544978264,0.08102052612702182,LLLTLLLGLLLGFLLSILILI,Mutant
LLLALLLGLLLGVLLGTLILI,LLLALLLILLLGVLLGTLILI,GAS,clash,33.7065,-268.964,298479000000.0,298479000000.0,-58.7607,-267.77,-371.586,4536.03,-58.9398,-45.0552,3464.7,4523.35,61.1458,4.94371,3464.7,4507.79,41.6494,4.5911,-31.4979,1.10011e+17,7,G,124.65169,3.814726449,,,,,0.1377228384865841,0.083793284864317,G,99999900.0,LLLALLLGLLLGVLLGTLILI,18092.59839616166,1229.313998208096,11.204323768541553,1.5792077698569273,LLLALLLGLLLGVLLGTLILI,Mutant
LLLALLLGLLLGVLLGTLILI,LLLALLLGLLLIVLLGTLILI,GAS,clash,32.8505,-268.993,1682180000000000.0,1682180000000000.0,-58.7607,-267.864,-371.446,4555.65,-59.4515,-44.821,3463.56,4526.3,61.5384,3.48641,3464.7,4507.79,40.9657,2.39691,-31.4979,1.10011e+17,11,G,126.78139,2.676340585,,,,,0.3477295320443588,0.0436915798992321,G,99999900.0,LLLALLLGLLLGVLLGTLILI,19904.94486950953,1477.668719844514,28.289238761862777,1.3692010762991527,LLLALLLGLLLGVLLGTLILI,Mutant
LLLALLLGLLLGVLLGTLILI,LLLALLLGALLGVLLGTLILI,GAS,void,,,,,,,,,,,3503.68,4436.12,65.1176,47.224,3464.7,4507.79,126.274,74.0439,-31.4979,1.1e+17,8,L,84.1056,35.95838257,3456.456,3390.6561,65.7999,1.0,0.954398853348766,0.1563094009610669,G,99999900.0,LLLALLLGLLLGVLLGTLILI,25073.62635732283,1114.906741829646,77.64430267886216,0.7625317549947455,LLLALLLGLLLGVLLGTLILI,Mutant
LLLTFLLGALLGILLSLLILI,LLLTFLLIALLGILLSLLILI,GAS,clash,33.8757,-273.739,5908130000000.0,5908130000000.0,-60.3396,-273.486,-368.84,4569.92,-52.2064,-35.0145,3564.11,4503.63,59.1614,1.88847,3564.63,4488.59,40.1661,1.30741,-31.2093,1.10011e+17,7,G,127.70693,1.4572045,,,,,0.1615161810160555,0.0668192618712921,G,99999900.0,LLLTFLLGALLGILLSLLILI,18311.972620638742,1460.6202630379,13.140010806112857,0.8496765679830156,LLLTFLLGALLGILLSLLILI,Mutant
LLLTFLLGALLGILLSLLILI,LLLTFLLGALLIILLSLLILI,GAS,clash,32.9779,-273.773,11257200000.0,11257200000.0,-60.3396,-273.489,-367.718,4615.37,-51.769,-33.8903,3564.63,4511.04,54.3564,0.0,3564.63,4488.59,31.6632,0.0,-31.2093,1.10011e+17,11,G,130.2678,0.0,,,,,0.1906852748387288,0.1176106623343562,G,99999900.0,LLLTFLLGALLGILLSLLILI,18539.008547067097,1192.0614290591088,15.513037493738338,0.8205074741603423,LLLTFLLGALLGILLSLLILI,Mutant
LLLTFLLGALLGILLSLLILI,LLLTALLGALLGILLSLLILI,GAS,void,,,,,,,,,,,3600.94,4401.31,62.5276,51.3921,3564.63,4488.59,139.348,109.726,-31.2093,1.1e+17,4,F,87.0831,37.11285486,3549.5479,3454.904,94.6439,0.0,0.5349807152723941,0.0781293510111995,G,99999900.0,LLLTVLLGALLGILLSLLILI,21511.25462609448,1628.9980205758122,43.52289866884893,0.476212033726677,LLLTFLLGALLGILLSLLILI,Mutant
LLLTFLLGALLGILLSLLILI,LLLTFLLGALLGILLSALILI,GAS,void,,,,,,,,,,,3561.28,4468.41,41.3326,82.9303,3564.63,4488.59,89.4183,165.496,-31.2093,1.1e+17,16,L,46.5325,64.0572427,3478.3497,3399.134,79.2157,0.0,1.1032332483359455,0.0938953031460548,G,99999900.0,LLLTFLLGALLGILLSLLILI,26358.36820007317,1449.262464048,89.75259762584588,-0.09204049933687442,LLLTFLLGALLGILLSLLILI,Mutant
LLLAFLLGILLGVLLGLLILI,LLLAFLLIILLGVLLGLLILI,GAS,clash,24.8192,-267.015,135785000.0,135784000.0,-44.9385,-269.361,-348.291,4562.65,-51.2786,-33.9915,3449.13,4566.04,57.093,0.0,3449.13,4555.8,40.318,0.0,-30.8577,1.10011e+17,7,G,129.5954,0.0,,,,,0.2988719752713149,0.0444917630108279,G,99999900.0,LLLAFLLGILLGVLLGLLILI,19485.43639255514,1419.0535210140824,24.31447400504716,0.8908926299543956,LLLAFLLGILLGVLLGLLILI,Mutant
LLLAFLLGILLGVLLGLLILI,LLLAFLLGILLIVLLGLLILI,GAS,clash,24.3466,-267.029,4.94e+16,4.94e+16,-44.9385,-269.389,-347.73,4589.62,-48.2178,-33.4026,3449.13,4579.19,62.7673,0.0,3449.13,4555.8,40.8105,0.0,-30.8577,1.10011e+17,11,G,130.2678,0.0,,,,,0.3581301219217607,0.0740124149258239,G,99999900.0,LLLAFLLGILLGVLLGLLILI,20000.09214865722,1666.186613812701,29.13536985856957,0.8316344833039497,LLLAFLLGILLGVLLGLLILI,Mutant
LLLAFLLGILLGVLLGLLILI,LLLAALLGILLGVLLGLLILI,GAS,void,,,,,,,,,,,3478.26,4412.55,54.9045,65.322,3449.13,4555.8,155.374,142.779,-30.8577,1.1e+17,4,F,73.1532,47.17234566,3412.938,3306.351,106.587,0.0,0.913271109416042,0.0660143641772127,G,99999900.0,LLLAFLLGILLGVLLGLLILI,24746.82231576089,1633.9171344543597,74.29839023648394,0.27649349580966853,LLLAFLLGILLGVLLGLLILI,Mutant
LLLAFLLGILLGVLLGLLILI,LLLAFLLGILLGVLLGALILI,GAS,void,,,,,,,,,,,3466.32,4534.27,42.1894,84.7991,3449.13,4555.8,91.1829,156.885,-30.8577,1.1e+17,16,L,44.6637,65.50074616,3381.5209,3292.245,89.2759,0.0,1.2303420981434834,0.0694175134803869,G,99999900.0,LLLAFLLGILLGVLLGLLILI,27440.444027951035,1064.716675462654,100.09342942063428,-0.040577492917772906,LLLAFLLGILLGVLLGLLILI,Mutant
LLLAVLLGTLLGFLLSLLILI,LLLAVLLGTLLIFLLSLLILI,GAS,clash,25.2929,-269.033,101961000000.0,101961000000.0,-74.0235,-272.293,-373.593,4561.23,-56.2199,-27.2767,3586.55,4553.0,53.531,1.67792,3586.67,4532.15,31.647,1.53265,-30.3538,1.10011e+17,11,G,128.58988,1.2880543,,,,,0.2889707803422002,0.0249374224032908,G,99999900.0,LLLAVLLGTLLGFLLSLLILI,19396.59927670964,1326.6500902310634,23.508970757362864,0.8484868330976207,LLLAVLLGTLLGFLLSLLILI,Mutant
LLLAVLLGTLLGFLLSLLILI,LLLAVLLITLLGFLLSLLILI,GAS,clash,26.0621,-269.006,992758000000.0,992758000000.0,-74.0235,-272.287,-373.117,4560.31,-55.9637,-26.8068,3586.67,4553.8,62.1645,0.0,3586.67,4532.15,40.9126,0.0,-30.3538,1.10011e+17,7,G,129.5954,0.0,,,,,0.3596212629467939,0.077653953197396,G,99999900.0,LLLAVLLGTLLGFLLSLLILI,20013.6638670394,1739.6374901819102,29.2566803616976,0.777836350493027,LLLAVLLGTLLGFLLSLLILI,Mutant
LLLAVLLGTLLGFLLSLLILI,LLLAVLLGTLLGALLSLLILI,GAS,void,,,,,,,,,,,3616.26,4449.27,45.256,59.454,3586.67,4532.15,131.614,163.042,-30.3538,1.1e+17,12,F,70.368,45.7965522,3556.806,3423.628,133.178,1.0,1.0913180406297465,0.0451005606106423,G,99999900.0,LLLAVLLGTLLGFLLSLLILI,26261.39037147514,1367.3030408546265,88.7832460907141,0.046139572810074414,LLLAVLLGTLLGFLLSLLILI,Mutant
LLLAVLLGTLLGFLLSLLILI,LLLAVLLGTLLGFLLSALILI,GAS,void,,,,,,,,,,,3606.38,4555.36,35.3943,69.5115,3586.67,4532.15,65.4301,130.117,-30.3538,1.1e+17,16,L,59.9513,53.69225754,3536.8685,3456.553,80.3155,1.0,1.1403059464390366,0.0679923277804859,G,99999900.0,LLLAVLLGTLLGFLLSLLILI,26677.17825225485,1280.9709119135227,92.76861528192175,-0.002848332999215719,LLLAVLLGTLLGFLLSLLILI,Mutant
LLLVFLLGTLLGLLLAILILI,LLLVFLLGTLLILLLAILILI,GAS,clash,35.1054,-269.021,2.2e+18,2.2e+18,-58.7628,-274.011,-363.458,4686.3,-56.5291,-30.6837,3565.23,4694.54,54.7203,0.0,3565.23,4676.64,34.3617,0.0,-29.6208,1.10011e+17,11,G,130.2678,0.0,,,,,0.2430577745291145,0.2219435859026752,G,99999900.0,LLLVFLLGTLLGLLLAILILI,18994.02523201021,1994.2670883781268,19.773757426228585,2.0186884776106253,LLLVFLLGTLLGLLLAILILI,Mutant
LLLVFLLGTLLGLLLAILILI,LLLVFLLITLLGLLLAILILI,GAS,clash,35.8282,-269.004,101640000000000.0,101640000000000.0,-58.7628,-273.967,-364.402,4642.11,-57.0238,-31.6721,3565.23,4682.73,55.2958,0.0,3565.23,4676.64,40.3952,0.0,-29.6208,1.10011e+17,7,G,129.5954,0.0,,,,,0.3193704691387181,0.1733238004653473,G,99999900.0,LLLVFLLGTLLGLLLAILILI,19635.0213546554,1390.4072338581675,25.982111446895424,1.9423757830010218,LLLVFLLGTLLGLLLAILILI,Mutant
LLLVFLLGTLLGLLLAILILI,LLLVALLGTLLGLLLAILILI,GAS,void,,,,,,,,,,,3605.33,4532.31,57.7062,43.7568,3565.23,4676.64,157.615,102.29,-29.6208,1.1e+17,4,F,94.7184,31.59901556,3561.5732,3462.94,98.6332,0.0,0.984428598133467,0.1486751320010963,G,99999900.0,LLLVFLLGTLLGLLLAILILI,25349.29966951628,1902.731369761313,80.08734688962491,1.2773176540062727,LLLVFLLGTLLGLLLAILILI,Mutant
LLLVFLLGTLLGLLLAILILI,LLLVFLLGTLLGLLLAALILI,GAS,void,,,,,,,,,,,3550.39,4663.23,47.8397,92.4771,3565.23,4676.64,88.7266,175.12,-29.6208,1.1e+17,16,I,36.9857,71.43140732,3457.9129,3390.11,67.8029,0.0,1.2687144136352797,0.0907853413868328,G,99999900.0,LLLVFLLGTLLGLLLAILILI,27791.4162010779,1951.367048502105,103.21517633816232,0.9930318385044601,LLLVFLLGTLLGLLLAILILI,Mutant
LLLYLLLGILLGTLLAFLILI,LLLYLLLGILLITLLAFLILI,GAS,clash,23.3802,-276.96,10143800000000.0,10143800000000.0,-58.7109,-279.399,-357.204,4715.85,-54.4733,-19.0947,3699.52,4716.76,58.4187,0.0,3699.52,4694.57,36.8369,0.0,-28.6375,1.10011e+17,11,G,130.2678,0.0,,,,,0.1345259350764497,0.0811457630895996,G,99999900.0,LLLYLLLGILLGTLLAFLILI,18064.903635655843,1206.9496210671316,10.94424242504391,0.39296966514959286,LLLYLLLGILLGTLLAFLILI,Mutant
LLLYLLLGILLGTLLAFLILI,LLLYLLLIILLGTLLAFLILI,GAS,clash,23.9079,-276.944,21237300.0,21237000.0,-58.7109,-279.357,-357.688,4692.33,-58.8061,-19.6202,3698.23,4712.76,61.343,4.1062,3699.52,4694.57,40.8416,4.53574,-28.6375,1.10011e+17,7,G,125.4892,3.168476659,,,,,0.1396770423106388,0.1225942870512761,G,99999900.0,LLLYLLLGILLGTLLAFLILI,18088.53543631461,581.5586196936354,11.363306349753485,0.38781855791540376,LLLYLLLGILLGTLLAFLILI,Mutant
LLLYLLLGILLGTLLAFLILI,LLLYLLLGILLGTLLAALILI,GAS,void,,,,,,,,,,,3610.13,4590.14,41.7905,79.7597,3699.52,4694.57,135.407,258.049,-28.6375,1.1e+17,16,F,49.7031,61.60819942,3530.3703,3441.471,88.8993,0.0,0.7653088795070765,0.173527919460981,G,99999900.0,LLLYLLLGILLGTLLAFLILI,23462.423764628224,1708.9881685627197,62.26104953371498,-0.2378132792810339,LLLYLLLGILLGTLLAFLILI,Mutant
LLLYLLLGILLGTLLAFLILI,LLLALLLGILLGTLLAFLILI,GAS,void,,,,,,,,,,,3626.76,4504.71,63.7851,63.8683,3699.52,4694.57,185.122,242.844,-28.6375,1.1e+17,3,Y,105.8625,37.62917514,3562.8917,3456.676,106.2157,0.0,1.0797267231435197,0.3688576423361214,G,99999900.0,LLLYLLLGILLGTLLAFLILI,26210.65074467015,3431.033273221306,87.84024436749378,-0.5522311229174771,LLLYLLLGILLGTLLAFLILI,Mutant
LLLYVLLGALLGILLTLLILI,LLLYVLLIALLGILLTLLILI,GAS,clash,33.2109,-276.608,939513000.0,939513000.0,-58.7738,-277.314,-368.672,4674.03,-56.8784,-32.5845,3679.05,4688.58,63.0388,1.24473,3679.23,4665.29,40.8868,1.31736,-27.8696,1.10011e+17,7,G,128.35067,0.960473906,,,,,0.150118370750723,0.0905612191454761,G,99999900.0,LLLYVLLGALLGILLTLLILI,18200.893632184656,1324.5037272093844,12.2127516973948,0.8031476355152902,LLLYVLLGALLGILLTLLILI,Mutant
LLLYVLLGALLGILLTLLILI,LLLYVLLGALLIILLTLLILI,GAS,clash,32.1735,-276.65,8105690000.0,8105690000.0,-58.7738,-277.331,-368.982,4671.47,-55.9166,-32.8769,3679.23,4687.8,53.9189,0.199098,3679.23,4665.29,31.125,0.199098,-27.8696,1.10011e+17,11,G,130.068702,0.152837463,,,,,0.1860167998446211,0.0362017017774765,G,99999900.0,LLLYVLLGALLGILLTLLILI,18511.50076978405,1232.0284362829418,15.133237702257723,0.767249206421392,LLLYVLLGALLGILLTLLILI,Mutant
LLLYVLLGALLGILLTLLILI,LLLYVLLGALLGALLTLLILI,GAS,void,,,,,,,,,,,3710.86,4649.75,47.7004,47.6287,3679.23,4665.29,87.639,89.1699,-27.8696,1.1e+17,12,I,82.1933,36.68769546,3663.2313,3590.0601,73.1712,0.0,1.1575750327637846,0.1823438298540801,G,99999900.0,LLLYVLLGALLGILLTLLILI,26797.9994484015,915.4695545554812,94.17352703436302,-0.20430902649777138,LLLYVLLGALLGILLTLLILI,Mutant
LLLYVLLGALLGILLTLLILI,LLLAVLLGALLGILLTLLILI,GAS,void,,,,,,,,,,,3582.04,4512.42,65.6835,57.7337,3679.23,4665.29,176.779,255.446,-27.8696,1.1e+17,3,Y,111.9971,34.01486354,3524.3063,3423.784,100.5223,0.0,1.1615816609490843,0.2104218638871904,G,99999900.0,LLLYVLLGALLGILLTLLILI,26907.98080972237,2830.676551422139,94.49948284460896,-0.20831565468307112,LLLYVLLGALLGILLTLLILI,Mutant
LLLTFLLGLLLGYLLSVLILI,LLLTFLLGLLLIYLLSVLILI,GAS,clash,35.3004,-280.87,303975000000000.0,303975000000000.0,-60.1731,-279.821,-361.054,4680.08,-48.5059,-21.0599,3598.82,4779.43,51.8123,0.0,3598.82,4763.64,31.7471,0.0,-26.1,1.10011e+17,11,G,130.2678,0.0,,,,,0.4103347986911647,0.0762081137588958,G,99999900.0,LLLTFLLGLLLGYLLSVLILI,20447.144360482744,1742.8635029297225,33.38243670081623,1.0319115717801641,LLLTFLLGLLLGYLLSVLILI,Mutant
LLLTFLLGLLLGYLLSVLILI,LLLTFLLILLLGYLLSVLILI,GAS,clash,36.1433,-280.837,303975000000000.0,303975000000000.0,-60.1731,-279.766,-361.451,4642.1,-47.2691,-21.5116,3598.82,4770.43,52.362,0.0,3598.82,4763.64,37.4562,0.0,-26.1,1.10011e+17,7,G,129.5954,0.0,,,,,0.6540205586267077,0.0659124682385162,G,99999900.0,LLLTFLLGLLLGYLLSVLILI,22506.015240154964,964.4927637285092,53.20728334284128,0.7882258118446211,LLLTFLLGLLLGYLLSVLILI,Mutant
LLLTFLLGLLLGYLLSVLILI,LLLTALLGLLLGYLLSVLILI,GAS,void,,,,,,,,,,,3635.05,4672.84,53.0577,44.9764,3598.82,4763.64,140.466,98.0934,-26.1,1.1e+17,4,F,93.4988,32.47975089,3590.0736,3500.7266,89.347,0.0,0.99344865620386,0.0121102910612,G,99999900.0,LLLTFLLGLLLGYLLSVLILI,25426.55066574236,1466.0091758854617,80.82116600156237,0.44879771426746884,LLLTFLLGLLLGYLLSVLILI,Mutant
LLLTFLLGLLLGYLLSVLILI,LLLTFLLGLLLGALLSVLILI,GAS,void,,,,,,,,,,,3651.04,4612.92,57.5928,97.1365,3598.82,4763.64,164.773,180.655,-26.1,1.1e+17,12,Y,32.6855,74.82283434,3553.9035,3418.165,135.7385,0.0,1.1446787645028758,0.1934131469428476,G,99999900.0,LLLTFLLGLLLGYLLSVLILI,26699.96508085845,1263.2567300036408,93.1243621566346,0.2975676059684531,LLLTFLLGLLLGYLLSVLILI,Mutant
LLLAFLLGILLGLLLGTLILI,LLLAFLLIILLGLLLGTLILI,GAS,clash,25.4328,-269.626,17986500000.0,17986500000.0,-58.7173,-266.727,-351.746,4612.49,-54.9806,-26.3019,3508.73,4591.62,57.2065,0.0,3508.73,4579.29,39.9195,0.0,-25.8973,1.10011e+17,7,G,129.5954,0.0,,,,,0.2781866874416763,0.0333616172468046,G,99999900.0,LLLAFLLGILLGLLLGTLILI,19304.40795880452,1348.7531211291473,22.63164010011483,0.9556542650649693,LLLAFLLGILLGLLLGTLILI,Mutant
LLLAFLLGILLGLLLGTLILI,LLLAFLLGILLILLLGTLILI,GAS,clash,25.0345,-269.638,8026960000000.0,8026960000000.0,-58.7173,-267.301,-353.126,4633.5,-52.9398,-27.1079,3508.73,4596.32,58.0861,0.0,3508.73,4579.29,38.1479,0.0,-25.8973,1.10011e+17,11,G,130.2678,0.0,,,,,0.3400205571193194,0.0102131772394111,G,99999900.0,LLLAFLLGILLGLLLGTLILI,19830.9628562355,1225.6573944913216,27.66208169820609,0.8938203953873263,LLLAFLLGILLGLLLGTLILI,Mutant
LLLAFLLGILLGLLLGTLILI,LLLAALLGILLGLLLGTLILI,GAS,void,,,,,,,,,,,3535.67,4479.3,55.7038,67.7656,3508.73,4579.29,144.992,143.805,-25.8973,1.1e+17,4,F,70.7096,48.93699377,3467.9044,3364.925,102.9794,0.0,1.1451418297480436,0.0905744999299904,G,99999900.0,LLLAFLLGILLGLLLGTLILI,26707.164246713448,905.7249574882936,93.16203443372264,0.08869912275860203,LLLAFLLGILLGLLLGTLILI,Mutant
LLLAFLLGILLGLLLGTLILI,LLLAFLLGALLGLLLGTLILI,GAS,void,,,,,,,,,,,3543.51,4586.82,44.4189,40.0765,3508.73,4579.29,75.4895,64.896,-25.8973,1.1e+17,8,I,91.2531,30.51596898,3503.4335,3443.834,59.5995,0.0,2.20646734911856,1.5688895930763016,G,99999900.0,LLLAFLLGILLGLLLGTLILI,35922.40786647433,12042.021139877486,179.50526460176158,-0.9726263966119142,LLLAFLLGILLGLLLGTLILI,Mutant
LLLYVLLGLLLGTLLAFLILI,LLLYVLLGLLLITLLAFLILI,GAS,clash,25.1505,-276.678,2072310000000.0,2072310000000.0,-58.7144,-278.377,-353.813,4699.38,-53.5438,-16.7222,3720.93,4735.6,56.8653,0.581069,3721.3,4717.76,37.0337,0.290534,-25.0517,1.10011e+17,11,G,129.686731,0.446057276,,,,,0.1699280811657193,0.1462852023212705,G,99999900.0,LLLYVLLGLLLGTLLAFLILI,18364.106002887394,1443.0069969344052,13.82435375039989,0.1426596903493713,LLLYVLLGLLLGTLLAFLILI,Mutant
LLLYVLLGLLLGTLLAFLILI,LLLYVLLILLLGTLLAFLILI,GAS,clash,25.6349,-276.665,8836200.0,8835890.0,-58.7144,-278.337,-354.008,4707.47,-57.1528,-16.9566,3721.3,4735.96,58.543,1.29229,3721.3,4717.76,38.1026,1.29229,-25.0517,1.10011e+17,7,G,129.502499,0.167977435,,,,,0.1840327503836195,0.0625835139732718,G,99999900.0,LLLYVLLGLLLGTLLAFLILI,18492.514081210848,1103.5373282501455,14.97182705477076,0.1285550211314711,LLLYVLLGLLLGTLLAFLILI,Mutant
LLLYVLLGLLLGTLLAFLILI,LLLYVLLGLLLGTLLAALILI,GAS,void,,,,,,,,,,,3631.71,4615.7,41.3867,80.7265,3721.3,4717.76,134.317,258.708,-25.0517,1.1e+17,16,F,48.7363,62.35497765,3550.9835,3462.592,88.3915,0.0,0.325886882695665,0.0806965682409371,G,99999900.0,LLLYVLLGLLLGTLLAFLILI,19725.816671264794,1715.6627885111416,26.512248700121283,-0.013299111180574419,LLLYVLLGLLLGTLLAFLILI,Mutant
LLLYVLLGLLLGTLLAFLILI,LLLAVLLGLLLGTLLAFLILI,GAS,void,,,,,,,,,,,3601.83,4550.05,66.112,75.0632,3721.3,4717.76,180.243,280.017,-25.0517,1.1e+17,3,Y,94.6676,44.22485489,3526.7668,3441.283,85.4838,0.0,0.758274751346588,0.0768825330132178,G,99999900.0,LLLYVLLGLLLGTLLAFLILI,23428.06068273173,1842.5979381072707,61.68879405157717,-0.44568697983149735,LLLYVLLGLLLGTLLAFLILI,Mutant
LLLYGLLFLLLGVLLATLILI,LLLYGLLFLLLGVLLITLILI,GAS,clash,20.3274,-273.71,42830.1,42521.9,-58.8381,-277.218,-349.242,4725.69,-54.8148,-13.1861,3787.24,4795.83,44.0803,11.4738,3787.24,4795.83,44.0803,11.4738,-24.1814,1.10011e+17,15,A,118.2466,8.845023605,,,,,0.1653283378705075,0.078531100488543,G,99999900.0,LLLYGLLFLLLGVLLATLILI,18330.86371883693,1269.210686536294,13.450145567515603,0.23044398994547033,LLLYGLLFLLLGVLLATLILI,Mutant
LLLYGLLFLLLGVLLATLILI,LLLYGLLFLLLIVLLATLILI,GAS,clash,20.315,-274.891,1037970000.0,1037970000.0,-58.8381,-271.071,-345.811,4744.53,-52.1217,-15.9018,3785.92,4795.39,48.7298,5.91271,3787.24,4795.83,35.1989,4.82321,-24.1814,1.10011e+17,11,G,124.35509,4.538888352,,,,,0.1747942721176531,0.0569578597632858,G,99999900.0,LLLYGLLFLLLGVLLATLILI,18424.99039831584,1505.3682445840077,14.220238554577271,0.2209780556983247,LLLYGLLFLLLGVLLATLILI,Mutant
LLLYGLLFLLLGVLLATLILI,LLLYGLLFALLGVLLATLILI,GAS,void,,,,,,,,,,,3812.22,4734.25,61.9889,23.9365,3787.24,4795.83,120.022,61.4478,-24.1814,1.1e+17,8,L,107.3931,18.22627953,3788.2835,3725.7922,62.4913,0.0,0.2926100697951443,0.0117276368744946,G,99999900.0,LLLYGLLFLLLGVLLATLILI,19426.01059574299,1250.046017447621,23.805042039121965,0.10316225802083351,LLLYGLLFLLLGVLLATLILI,Mutant
LLLYFLLAVLLGLLLGTLILI,LLLYFLLIVLLGLLLGTLILI,GAS,clash,31.3896,-277.673,569075000.0,569075000.0,-58.7556,-277.514,-347.224,4761.54,-51.0617,-10.9547,3598.51,4760.54,57.8557,0.0,3598.51,4760.54,57.8557,0.0,-23.8047,1.10011e+17,7,A,129.5954,0.0,,,,,0.1548404379780344,0.193240192444468,G,99999900.0,LLLYFLLAVLLGLLLGTLILI,18243.7981730048,1911.065911374816,12.596911439184977,0.11537726377373428,LLLYFLLAVLLGLLLGTLILI,Mutant
LLLYFLLAVLLGLLLGTLILI,LLLYFLLAVLLILLLGTLILI,GAS,clash,31.1187,-278.859,2229420000.0,2229420000.0,-58.7556,-278.721,-351.123,4782.14,-51.0617,-13.6457,3598.51,4777.64,57.9348,0.0,3598.51,4760.54,38.065,0.0,-23.8047,1.10011e+17,11,G,130.2678,0.0,,,,,0.2392288843100946,0.1112668521124789,G,99999900.0,LLLYFLLAVLLGLLLGTLILI,18961.47385655828,1130.2702979623984,19.46226133625887,0.030988817441674088,LLLYFLLAVLLGLLLGTLILI,Mutant
LLLYFLLAVLLGLLLGTLILI,LLLYALLAVLLGLLLGTLILI,GAS,void,,,,,,,,,,,3631.39,4616.32,58.2845,61.0751,3598.51,4760.54,156.153,137.311,-23.8047,1.1e+17,4,F,77.4001,44.10544271,3570.3149,3461.199,109.1159,1.0,0.2869229899297111,0.1148576836108593,G,99999900.0,LLLYFLLAVLLGLLLGTLILI,19396.92386555969,1854.513258054291,23.342374519267768,-0.016705288177942423,LLLYFLLAVLLGLLLGTLILI,Mutant
LLLYFLLAVLLGLLLGTLILI,LLLAFLLAVLLGLLLGTLILI,GAS,void,,,,,,,,,,,3485.02,4594.67,61.972,74.7269,3598.51,4760.54,175.817,277.122,-23.8047,1.1e+17,3,Y,95.0039,44.0267176,3410.2931,3321.388,88.9051,1.0,0.5945140695158315,0.077189250278778,G,99999900.0,LLLYFLLAVLLGLLLGTLILI,22011.7993119802,1384.9239553965388,48.36618380078968,-0.32429636776406284,LLLYFLLAVLLGLLLGTLILI,Mutant
LLLYLLLGALLGALLTFLILI,LLLYLLLGALLIALLTFLILI,GAS,clash,31.2224,-275.769,13794000000000.0,13794000000000.0,-58.7574,-275.345,-349.705,4697.29,-57.5595,-15.6031,3805.72,4767.04,54.2841,11.4078,3808.41,4744.81,31.2501,8.64772,-23.6808,1.10011e+17,11,G,118.86,8.757190956,,,,,0.1454838699795395,0.0847625384087873,G,99999900.0,LLLYLLLGALLGALLTFLILI,18152.96443395728,1029.336639621403,11.835715849771358,0.9814819576271889,LLLYLLLGALLGALLTFLILI,Mutant
LLLYLLLGALLGALLTFLILI,LLLYLLLIALLGALLTFLILI,GAS,clash,32.4317,-275.717,417836000000000.0,417836000000000.0,-58.7574,-275.318,-349.881,4678.96,-58.967,-15.806,3805.79,4765.36,61.5332,12.98,3808.41,4744.81,40.5121,10.2926,-23.6808,1.10011e+17,7,G,116.6154,10.0157876,,,,,0.2598428486226226,0.0974761305406527,G,99999900.0,LLLYLLLGALLGALLTFLILI,19133.914277015578,1182.720972234842,21.13929277744009,0.867122978984106,LLLYLLLGALLGALLTFLILI,Mutant
LLLYLLLGALLGALLTFLILI,LLLYLLLGALLGALLTALILI,GAS,void,,,,,,,,,,,3732.74,4665.88,47.1936,76.4661,3808.41,4744.81,133.506,247.698,-23.6808,1.1e+17,16,F,52.9967,59.06414816,3656.2739,3560.712,95.5619,0.0,1.1319459961774674,0.0931736443453862,G,99999900.0,LLLYLLLGALLGALLTFLILI,26592.63072475627,856.1959195975925,92.0884986763622,-0.004980168570738908,LLLYLLLGALLGALLTFLILI,Mutant
LLLYLLLGALLGALLTFLILI,LLLALLLGALLGALLTFLILI,GAS,void,,,,,,,,,,,3702.72,4580.6,62.2515,62.1769,3808.41,4744.81,175.229,262.407,-23.6808,1.1e+17,3,Y,107.5539,36.63265595,3640.5431,3546.003,94.5401,0.0,2.314446817907658,2.691861437479671,G,99999900.0,LLLYLLLGALLGALLTFLILI,36417.70502936191,18054.969112028502,188.2898419599028,-1.1874809903009294,LLLYLLLGALLGALLTFLILI,Mutant
LLLYFLLATLLGLLLGVLILI,LLLYFLLATLLILLLGVLILI,GAS,clash,28.8198,-279.582,3320710000.0,3320710000.0,-58.7388,-278.51,-350.791,4789.05,-50.9885,-13.5414,3650.12,4776.37,58.1022,0.0,3650.12,4758.79,38.097,0.0,-23.4915,1.10011e+17,11,G,130.2678,0.0,,,,,0.1878432625379741,0.0817236122921522,G,99999900.0,LLLYFLLATLLGLLLGVLILI,18533.400128930443,1532.0174013535598,15.28182801300334,0.16202136201086778,LLLYFLLATLLGLLLGVLILI,Mutant
LLLYFLLATLLGLLLGVLILI,LLLYFLLITLLGLLLGVLILI,GAS,clash,29.0257,-278.399,356000000.0,355999000.0,-58.7388,-277.289,-347.027,4757.85,-50.9885,-10.9989,3650.12,4758.79,57.6609,0.0,3650.12,4758.79,57.6609,0.0,-23.4915,1.10011e+17,7,A,129.5954,0.0,,,,,0.2663166950092687,0.2723403848141154,G,99999900.0,LLLYFLLATLLGLLLGVLILI,19182.828810755225,2121.9200183842977,21.66596701492215,0.08354792953957318,LLLYFLLATLLGLLLGVLILI,Mutant
LLLYFLLATLLGLLLGVLILI,LLLYALLATLLGLLLGVLILI,GAS,void,,,,,,,,,,,3678.21,4628.75,53.5432,61.5898,3650.12,4758.79,151.283,139.187,-23.4915,1.1e+17,4,F,76.8854,44.47713381,3616.6202,3510.933,105.6872,1.0,0.2697417955893066,0.0857602711008624,G,99999900.0,LLLYFLLATLLGLLLGVLILI,19246.26016603229,1738.9258581990678,21.944613144062902,0.08012282895953526,LLLYFLLATLLGLLLGVLILI,Mutant
LLLYFLLATLLGLLLGVLILI,LLLAFLLATLLGLLLGVLILI,GAS,void,,,,,,,,,,,3529.76,4593.58,62.3071,90.7637,3650.12,4758.79,175.895,292.721,-23.4915,1.1e+17,3,Y,129.5954,0.0,3438.9963,3357.399,81.5973,1.0,0.6102983416672284,0.0684249023242484,G,99999900.0,LLLYFLLATLLGLLLGVLILI,22143.97530513061,1286.8134710765664,49.65029976571188,-0.26043371711838653,LLLYFLLATLLGLLLGVLILI,Mutant
LLLYVLLGLLLGFLLSTLILI,LLLYVLLILLLGFLLSTLILI,GAS,clash,19.7006,-274.486,13134200000.0,13134200000.0,-74.0812,-279.249,-367.774,4717.26,-49.5178,-14.4429,3765.69,4758.56,58.0154,1.11236,3765.8,4741.15,38.1885,0.995492,-23.3255,1.10011e+17,7,G,128.48304,0.858332935,,,,,0.2060338311213329,0.1126679903027429,G,99999900.0,LLLYVLLGLLLGFLLSTLILI,18671.90339199652,1213.99366127555,16.761706166703068,0.8304871307109155,LLLYVLLGLLLGFLLSTLILI,Mutant
LLLYVLLGLLLGFLLSTLILI,LLLYVLLGLLLIFLLSTLILI,GAS,clash,19.509,-274.488,7786790000.0,7786790000.0,-74.0812,-281.098,-369.428,4712.76,-49.5178,-14.2491,3765.42,4758.23,52.4491,3.63931,3765.8,4741.15,31.5391,3.63931,-23.3255,1.10011e+17,11,G,126.62849,2.79371418,,,,,0.2460723038163629,0.0758589394906097,G,99999900.0,LLLYVLLGLLLGFLLSTLILI,19040.17760731953,1677.0162148084014,20.01900187889336,0.7904486580158855,LLLYVLLGLLLGFLLSTLILI,Mutant
LLLYVLLGLLLGFLLSTLILI,LLLYVLLGLLLGALLSTLILI,GAS,void,,,,,,,,,,,3721.86,4595.26,53.3447,98.3864,3765.8,4741.15,154.653,251.937,-23.3255,1.1e+17,12,F,31.4356,75.78561415,3623.4736,3513.863,109.6106,1.0,0.9021389769542864,0.2275744568636439,G,99999900.0,LLLYVLLGLLLGFLLSTLILI,24598.621365498933,512.4974241844869,73.39274511831458,0.13438198487796205,LLLYVLLGLLLGFLLSTLILI,Mutant
LLLAYLLGVLLGLLLAFLILI,LLLAYLLGVLLILLLAFLILI,GAS,clash,28.4898,-273.24,179832000.0,179832000.0,-44.9245,-273.797,-342.297,4625.64,-52.8491,-23.5752,3626.26,4708.42,58.072,0.0,3626.26,4687.19,36.8425,0.0,-23.2275,1.10011e+17,11,G,130.2678,0.0,,,,,0.1865364730941653,0.0493418833061106,G,99999900.0,LLLAYLLGVLLGLLLAFLILI,18524.869515239738,1468.9405907503765,15.17551527514053,0.9355237238578616,LLLAYLLGVLLGLLLAFLILI,Mutant
LLLAYLLGVLLGLLLAFLILI,LLLAYLLGVLLGLLLIFLILI,GAS,clash,26.641,-271.011,19108100.0,19107800.0,-45.02,-272.59,-339.538,4591.16,-51.0102,-21.9282,3626.26,4687.19,45.4954,13.1735,3626.26,4687.19,45.4954,13.1735,-23.2275,1.10011e+17,15,A,128.859678,0.663520927,,,,,0.308146929397847,0.033524919582483,G,99999900.0,LLLAYLLGVLLGLLLAFLILI,19560.842811393883,1356.3060358304188,25.06902996768917,0.81391326755418,LLLAYLLGVLLGLLLAFLILI,Mutant
LLLAYLLGVLLGLLLAFLILI,LLLAALLGVLLGLLLAFLILI,GAS,void,,,,,,,,,,,3656.03,4526.73,64.3784,64.3096,3626.26,4687.19,171.935,153.577,-23.2275,1.1e+17,4,Y,74.1656,46.44124002,3591.7204,3472.683,119.0374,0.0,1.1535003316666836,0.0780018524893958,G,99999900.0,LLLAYLLGVLLGLLLAFLILI,26810.142051754327,1902.9266650055351,93.8420332105816,-0.031440134714656676,LLLAYLLGVLLGLLLAFLILI,Mutant
LLLAYLLGVLLGLLLAFLILI,LLLAYLLGVLLGALLAFLILI,GAS,void,,,,,,,,,,,3668.26,4631.17,56.7789,99.5796,3626.26,4687.19,108.673,140.266,-23.2275,1.1e+17,12,L,30.2424,76.70471877,3568.6804,3485.994,82.6864,0.0,1.1757287203684332,0.3168656330619143,G,99999900.0,LLLAYLLGVLLGLLLAFLILI,26918.08210903385,711.8243156941476,95.65040476757396,-0.053668523416406266,LLLAYLLGVLLGLLLAFLILI,Mutant
LLLVALLALLLGTLLSFLILI,LLLVALLALLLITLLSFLILI,GAS,clash,19.4336,-270.547,20326400000.0,20326400000.0,-74.0748,-273.409,-377.949,4604.72,-52.3687,-30.4653,3673.66,4611.96,58.0568,0.79897,3674.32,4592.21,37.0971,0.508435,-22.2201,1.10011e+17,11,G,129.46883,0.61332885,,,,,0.1752241874381846,0.0287914689247254,G,99999900.0,LLLVALLALLLGTLLSFLILI,18421.100085118844,1263.9702951589352,14.255213947890564,0.09900570033332759,LLLVALLALLLGTLLSFLILI,Mutant
LLLVALLALLLGTLLSFLILI,LLLVALLALLLGTLLIFLILI,GAS,clash,19.4548,-267.332,46238900.0,46238600.0,-58.8078,-270.097,-359.507,4590.63,-56.3051,-30.6022,3674.89,4597.5,46.5684,10.1278,3674.32,4592.21,48.5573,9.97378,-22.2201,1.10011e+17,15,S,119.5926,7.807407316,,,,,0.3134725166958368,0.090406014995171,G,99999900.0,LLLVALLALLLGTLLSFLILI,19582.73974750732,548.8047294553539,25.50228856880437,-0.03924262892432462,LLLVALLALLLGTLLSFLILI,Mutant
LLLVALLALLLGTLLSFLILI,LLLVALLAALLGTLLSFLILI,GAS,void,,,,,,,,,,,3702.35,4509.23,57.736,43.4089,3674.32,4592.21,123.005,79.1734,-22.2201,1.1e+17,8,L,87.9207,33.05340152,3658.9411,3595.1466,63.7945,1.0,0.3360785428649713,0.2748935776535528,G,99999900.0,LLLVALLALLLGTLLSFLILI,19855.31195633416,3120.735591663665,27.341382499066185,-0.061848655093459104,LLLVALLALLLGTLLSFLILI,Mutant
LLLLVLLTTLLGGLLFALILI,LLLLVLLTTLLGGLLFILILI,GAS,clash,21.5692,-267.149,110279000.0,110279000.0,-72.5234,-271.708,-362.434,4551.48,-57.0782,-18.2025,3739.76,4562.94,43.7205,10.6327,3739.76,4562.94,43.7205,10.6327,-20.7002,1.10011e+17,16,A,118.8301,8.212938388,,,,,0.1994236921568443,0.1066562022225362,G,99999900.0,LLLLVLLTTLLGGLLFALILI,18648.285717143022,1882.5745936855687,16.22394396308426,0.0789665201624688,LLLLVLLTTLLGGLLFALILI,Mutant
LLLLVLLTTLLGGLLFALILI,LLLAVLLTTLLGGLLFALILI,GAS,void,,,,,,,,,,,3671.47,4482.04,58.2789,114.762,3739.76,4562.94,124.868,239.922,-20.7002,1.1e+17,3,L,54.9688,67.61412778,3556.708,3499.838,56.87,0.0,0.2654322556702488,0.0107375096556366,G,99999900.0,LLLAVLLLTLLGGLLFALILI,19192.03283523556,1193.850158810436,21.594014208714345,0.012957956649064295,LLLLVLLTTLLGGLLFALILI,Mutant
LLLLVLLTTLLGGLLFALILI,LLLLVLLTTLLGILLFALILI,GAS,clash,21.3995,-268.361,16861700000.0,16861700000.0,-72.5234,-273.067,-367.333,4604.31,-56.6622,-21.7431,3721.33,4572.03,55.6578,21.6765,3739.76,4562.94,38.9137,7.74176,-20.7002,1.10011e+17,12,G,114.3526,11.67146084,,,,,0.3003713557750517,0.0410272096429433,G,99999900.0,LLLLVLLTTLLGGLLFALILI,19490.673885603326,1278.3569729711426,24.436454823920144,-0.021981143455738594,LLLLVLLTTLLGGLLFALILI,Mutant
LLLLVLLTTLLGGLLFALILI,LLLLVLLTTLLGGLLAALILI,GAS,void,,,,,,,,,,,3765.0,4478.92,45.9324,30.2242,3739.76,4562.94,134.536,103.821,-20.7002,1.1e+17,15,F,99.4962,23.29949646,3734.7758,3635.939,98.8368,0.0,0.395088257427043,0.0290860502319763,G,99999900.0,LLLLVLLTTLLGGLLFALILI,20299.6707419032,1143.865992318281,32.14206737245469,-0.11669804510772991,LLLLVLLTTLLGGLLFALILI,Mutant
LLLYVLLALLLGTLLGFLILI,LLLYVLLALLLITLLGFLILI,GAS,clash,24.205,-279.862,80240600000.0,80240600000.0,-58.7232,-278.363,-353.421,4705.68,-50.507,-16.3352,3723.99,4748.0,61.376,0.0,3723.99,4728.28,40.6745,0.0,-20.6671,1.10011e+17,11,G,130.2678,0.0,,,,,0.1668526127487835,0.10128931233259,G,99999900.0,LLLYVLLALLLGTLLGFLILI,18367.94535016048,1831.7583506159287,13.574151646943903,0.004550805496242705,LLLYVLLALLLGTLLGFLILI,Mutant
LLLYVLLALLLGTLLGFLILI,LLLYVLLALLLGTLLIFLILI,GAS,clash,24.2647,-279.86,209576000000000.0,209576000000000.0,-58.7232,-278.266,-354.564,4706.95,-50.507,-17.5747,3723.32,4736.44,44.4223,0.217901,3723.99,4728.28,25.064,0.0726336,-20.6671,1.10011e+17,15,G,129.502499,0.167977435,,,,,0.173121520253891,0.0755675639984392,G,99999900.0,LLLYVLLALLLGTLLGFLILI,18403.4265303933,1415.1580292363228,14.08415325694635,-0.001718102008864797,LLLYVLLALLLGTLLGFLILI,Mutant
LLLYVLLALLLGTLLGFLILI,LLLYVLLALLLGTLLGALILI,GAS,void,,,,,,,,,,,3621.25,4624.69,42.3231,83.4025,3723.99,4728.28,135.763,269.314,-20.6671,1.1e+17,16,F,46.0603,64.42198068,3537.8475,3454.676,83.1715,0.0,0.2505244095765647,0.118114660413394,G,99999900.0,LLLYVLLALLLGTLLGFLILI,19082.725437750145,1782.5120214409494,20.38119913635076,-0.07912099133153849,LLLYVLLALLLGTLLGFLILI,Mutant
LLLYVLLALLLGTLLGFLILI,LLLAVLLALLLGTLLGFLILI,GAS,void,,,,,,,,,,,3599.96,4566.52,60.2304,88.6858,3723.99,4728.28,173.773,293.815,-20.6671,1.1e+17,3,Y,81.045,52.25085842,3511.2742,3430.175,81.0992,0.0,0.2718213807366859,0.0459025480913607,G,99999900.0,LLLYVLLALLLGTLLGFLILI,19254.65327744615,1478.3432001129056,22.11379601562968,-0.10041796249165968,LLLYVLLALLLGTLLGFLILI,Mutant
LLLGYLLALLLGVLLSTLILI,LLLGYLLALLLIVLLSTLILI,GAS,clash,21.2953,-272.603,301080000.0,301080000.0,-74.2086,-273.933,-375.985,4615.21,-52.3718,-27.8435,3593.08,4591.64,57.8544,7.52888,3594.96,4571.63,36.7379,6.22148,-20.4196,1.10011e+17,11,G,122.73892,5.779540301,,,,,0.3129550302877654,0.0971855064897116,G,99999900.0,LLLGYLLALLLGVLLSTLILI,19618.4757022905,1860.9762726512183,25.46018890453977,1.06636277630192,LLLGYLLALLLGVLLSTLILI,Mutant
LLLGYLLALLLGVLLSTLILI,LLLGYLLILLLGVLLSTLILI,GAS,clash,21.6961,-271.406,2896710000.0,2896710000.0,-74.2086,-271.694,-370.336,4618.87,-55.1626,-24.4333,3594.96,4571.63,55.6975,3.08564,3594.96,4571.63,55.6975,3.08564,-20.4196,1.10011e+17,7,A,126.50976,2.380979572,,,,,0.3213316205707443,0.0482260091418599,G,99999900.0,LLLGYLLALLLGVLLSTLILI,19669.68489450244,1177.1352946119675,26.141659244813493,1.0579861860189408,LLLGYLLALLLGVLLSTLILI,Mutant
LLLGYLLALLLGVLLSTLILI,LLLGALLALLLGVLLSTLILI,GAS,void,,,,,,,,,,,3638.08,4430.92,51.5189,60.5169,3594.96,4571.63,156.383,152.152,-20.4196,1.1e+17,4,Y,77.9583,43.70233804,3577.5631,3442.808,134.7551,0.0,0.3251608826269518,0.1048931926409454,G,99999900.0,LLLGYLLALLLGVLLSTLILI,19725.366128029644,1906.111684991968,26.45318558527968,1.0541569239627333,LLLGYLLALLLGVLLSTLILI,Mutant
LLLGYLLALLLGVLLSTLILI,LLLGYLLAALLGVLLSTLILI,GAS,void,,,,,,,,,,,3631.63,4499.43,62.4839,48.3793,3594.96,4571.63,124.0,78.6562,-20.4196,1.1e+17,8,L,82.9503,36.83807763,3583.2507,3516.3038,66.9469,0.0,0.7657293014886464,0.0201413871454885,G,99999900.0,LLLGYLLALLLGVLLSTLILI,23478.66525892784,1430.8647877077667,62.29525260455411,0.6135885051010388,LLLGYLLALLLGVLLSTLILI,Mutant
LLLTALLVGLLGGLLFLLILI,LLLTALLVILLGGLLFLLILI,GAS,clash,24.0682,-270.904,975991.0,975692.0,-44.9383,-269.807,-344.657,4607.31,-51.7833,-29.9113,3761.09,4541.67,65.3364,27.548,3779.3,4529.24,46.7498,14.5648,-20.3721,1.10011e+17,8,G,103.7816,20.9762308,,,,,0.2472108386691803,0.0845940608099572,G,99999900.0,LLLTALLVGLLGGLLFLLILI,19033.30966400785,1351.9227045629798,20.11162640836803,0.036360731852330574,LLLTALLVGLLGGLLFLLILI,Mutant
LLLTALLVGLLGGLLFLLILI,LLLTALLVGLLGILLFLLILI,GAS,clash,24.0144,-270.904,129975000.0,129974000.0,-44.9383,-269.768,-347.01,4605.44,-51.7851,-32.3036,3762.08,4532.74,48.3798,23.5986,3779.3,4529.24,31.5637,8.77775,-20.3721,1.10011e+17,12,G,106.2234,18.17765864,,,,,0.2505665815484625,0.0631119889373885,G,99999900.0,LLLTALLVGLLGGLLFLLILI,19056.57934417657,1090.6735166059009,20.3846300010664,0.03300498897304838,LLLTALLVGLLGGLLFLLILI,Mutant
LLLTALLVGLLGGLLFLLILI,LLLTALLVGLLGGLLALLILI,GAS,void,,,,,,,,,,,3791.52,4455.06,43.4866,19.992,3779.3,4529.24,127.715,74.337,-20.3721,1.1e+17,15,F,109.7284,15.41160835,3771.528,3704.963,66.565,0.0,0.3705338728049946,0.0414346458899447,G,99999900.0,LLLTALLVGLLGGLLFLLILI,20099.93197441985,1478.8778260864951,30.14446640615216,-0.08696230228348373,LLLTALLVGLLGGLLFLLILI,Mutant
LLLTALLVGLLGGLLFLLILI,LLLTALLVGLLGGLLFALILI,GAS,void,,,,,,,,,,,3781.52,4483.42,52.6244,22.1103,3779.3,4529.24,107.657,61.2544,-20.3721,1.1e+17,16,L,107.3525,17.07849668,3759.4097,3718.0456,41.3641,0.0,0.7514576409382994,0.0885468627628359,G,99999900.0,LLLTALLVGLLGGLLFLLILI,23370.00606757675,1852.476218608588,61.13419386311387,-0.4678860704167885,LLLTALLVGLLGGLLFLLILI,Mutant
LLLFGLLATLLGVLLSLLILI,LLLFGLLATLLIVLLSLLILI,GAS,clash,18.234,-266.224,4417010000.0,4417010000.0,-74.1264,-271.661,-371.645,4658.97,-52.1146,-25.8573,3599.46,4570.94,53.7159,1.45649,3599.46,4550.51,31.8091,1.45649,-19.7133,1.10011e+17,11,G,128.81131,1.118073691,,,,,0.2499869897001415,0.0795432325739408,G,99999900.0,LLLFGLLATLLGVLLSLLILI,19051.97703620072,986.5968327416542,20.33747780181204,0.1708961717749668,LLLFGLLATLLGVLLSLLILI,Mutant
LLLFGLLATLLGVLLSLLILI,LLLFGLLATLLGVLLSALILI,GAS,void,,,,,,,,,,,3594.9,4529.51,41.5102,83.0465,3599.46,4550.51,89.7141,165.087,-19.7133,1.1e+17,16,L,46.4163,64.14699821,3511.8535,3434.373,77.4805,0.0,0.2703972092132988,0.0293549606935673,G,99999900.0,LLLFGLLATLLGVLLSLLILI,19239.626169966872,1362.1584116753982,21.997933759047445,0.1504859522618095,LLLFGLLATLLGVLLSLLILI,Mutant
LLLFGLLATLLGVLLSLLILI,LLLAGLLATLLGVLLSLLILI,GAS,void,,,,,,,,,,,3616.87,4413.32,58.1676,96.1584,3599.46,4550.51,156.7,183.523,-19.7133,1.1e+17,3,F,73.5724,56.65347715,3520.7116,3415.937,104.7746,0.0,0.2822280522825481,0.0168642138094077,G,99999900.0,LLLFGLLATLLGVLLSLLILI,19335.402041232817,1179.3523648248097,22.960421881274083,0.1386551091925602,LLLFGLLATLLGVLLSLLILI,Mutant
LLLFGLLATLLGVLLSLLILI,LLLFGLLATLLGVLLILLILI,GAS,clash,18.2494,-263.009,1176.01,876.065,-58.79,-268.474,-353.35,4629.98,-55.1858,-26.0859,3600.24,4542.74,42.0792,2.61389,3599.46,4550.51,53.3964,2.7427,-19.7133,1.10011e+17,15,S,127.10651,2.015018455,,,,,0.2867695361222284,0.1738517335241524,G,99999900.0,LLLFGLLATLLGVLLSLLILI,19411.151875321404,2389.741038401728,23.32989041596693,0.1341136253528799,LLLFGLLATLLGVLLSLLILI,Mutant
LLLYGLLFALLGILLTLLILI,LLLYGLLFALLGILLILLILI,GAS,clash,29.6722,-275.997,233721.0,233424.0,-45.0061,-275.315,-343.26,4703.3,-50.936,-22.9386,3660.19,4649.11,41.8847,0.902019,3651.6,4660.34,67.5099,3.00339,-19.6027,1.10011e+17,15,T,128.818381,0.69535632,,,,,0.1846357275086153,0.0682432109627777,G,99999900.0,LLLYGLLFALLGILLTLLILI,18513.60776592687,1599.166895293009,15.020881743213996,0.08490644550178783,LLLYGLLFALLGILLTLLILI,Mutant
LLLYGLLFALLGILLTLLILI,LLLYGLLFALLIILLTLLILI,GAS,clash,29.6716,-280.387,69377100000000.0,69377100000000.0,-58.8346,-279.922,-358.384,4726.53,-52.1659,-19.627,3651.37,4666.15,46.3379,2.9754,3651.6,4660.34,30.3587,2.5396,-19.6027,1.10011e+17,11,G,127.2924,2.284064059,,,,,0.1970271141730789,0.0351203139896998,G,99999900.0,LLLYGLLFALLGILLTLLILI,18612.193752674128,1378.0760239005165,16.028972410350246,0.07251505883732423,LLLYGLLFALLGILLTLLILI,Mutant
LLLYGLLFALLGILLTLLILI,LLLAGLLFALLGILLTLLILI,GAS,void,,,,,,,,,,,3627.37,4595.55,61.612,119.083,3651.6,4660.34,148.323,249.254,-19.6027,1.1e+17,3,Y,50.6058,70.1846689,3508.287,3402.346,105.941,0.0,0.2108641262777601,0.089208654080188,G,99999900.0,LLLYGLLFALLGILLTLLILI,18732.891982392,1616.389205421662,17.154670699128822,0.05867804673264301,LLLYGLLFALLGILLTLLILI,Mutant
LLLYGLLFALLGILLTLLILI,LLLYGLLAALLGILLTLLILI,GAS,void,,,,,,,,,,,3682.08,4555.69,43.8937,28.9653,3651.6,4660.34,133.949,102.18,-19.6027,1.1e+17,7,F,100.6301,22.35056183,3653.1147,3549.42,103.6947,0.0,0.2232239322226607,0.0379157157094117,G,99999900.0,LLLYGLLFALLGILLTLLILI,18837.058548804955,1381.6296050062322,18.160192143827345,0.04631824078774241,LLLYGLLFALLGILLTLLILI,Mutant
LLLTVLLGALLGILLSLLILI,LLLTVLLGALLIILLSLLILI,GAS,clash,26.482,-272.112,331714000.0,331713000.0,-60.3514,-271.681,-381.384,4571.9,-47.4551,-49.3517,3659.82,4493.07,54.3954,2.18897,3660.03,4470.03,31.4519,1.97107,-19.4822,1.10011e+17,11,G,128.07883,1.680361532,,,,,0.1911947444091389,0.0472711442085977,G,99999900.0,LLLTVLLGALLGILLSLLILI,18561.322253720937,1400.5980039489,15.554484955029594,0.1442626488037577,LLLTVLLGALLGILLSLLILI,Mutant
LLLTVLLGALLGILLSLLILI,LLLTVLLGALLGILLILLILI,GAS,clash,26.4818,-268.901,330463.0,330169.0,-44.983,-268.431,-363.519,4532.82,-51.0142,-50.1051,3660.42,4462.98,42.2466,2.64061,3660.03,4470.03,52.9756,2.93248,-19.4822,1.10011e+17,15,S,127.07979,2.035616603,,,,,0.2257799044561336,0.07281911043169,G,99999900.0,LLLTVLLGALLGILLSLLILI,18864.967136384068,1565.1958626560331,18.368131079460177,0.10967748875676298,LLLTVLLGALLGILLSLLILI,Mutant
LLLTVLLGALLGILLSLLILI,LLLTVLLGALLGILLSALILI,GAS,void,,,,,,,,,,,3679.44,4450.45,41.3947,82.2099,3660.03,4470.03,89.2853,140.818,-19.4822,1.1e+17,16,L,47.2529,63.50078942,3597.2301,3519.212,78.0181,0.0,0.4084665900486671,0.0448425028899351,G,99999900.0,LLLTVLLGALLGILLSLLILI,20421.226468609228,1451.0246248572323,33.2304501840718,-0.0730091968357705,LLLTVLLGALLGILLSLLILI,Mutant
LLLTVLLGALLGILLSLLILI,LLLTVLLGALLGALLSLLILI,GAS,void,,,,,,,,,,,3691.32,4454.69,48.1015,38.6362,3660.03,4470.03,87.8454,81.3724,-19.4822,1.1e+17,12,I,91.1858,29.76090339,3652.6838,3578.6576,74.0262,0.0,0.7364541183387484,0.2563133626980432,G,99999900.0,LLLTVLLGALLGILLSLLILI,23275.8749578844,2969.668370476245,59.91359511042135,-0.4009967251258518,LLLTVLLGALLGILLSLLILI,Mutant
LLLVTLLLGLLFGLLFALILI,LLLVTLLLGLLFILLFALILI,GAS,clash,32.013,-275.89,6090120.0,6089830.0,-44.9466,-275.123,-344.303,4678.49,-44.9466,-24.2335,3642.96,4726.93,54.4842,0.217901,3644.34,4713.22,35.7877,0.0,-19.0276,1.10011e+17,12,G,129.604099,0.167845974,,,,,0.2252001871669334,0.0555430589137901,G,99999900.0,LLLVTLLLGLLFGLLFALILI,18841.77235825272,1139.4041073639376,18.32096867507034,0.6062612247370787,LLLVTLLLGLLFGLLFALILI,Mutant
LLLVTLLLGLLFGLLFALILI,LLLVTLLLGLLFGLLFILILI,GAS,clash,32.0843,-274.703,1083520.0,1083230.0,-44.9466,-273.682,-340.36,4656.23,-44.9466,-21.7317,3644.34,4713.22,43.7521,5.42895,3644.34,4713.22,43.7521,5.42895,-19.0276,1.10011e+17,16,A,124.03385,4.193443985,,,,,0.273166820587701,0.006429552618875,G,99999900.0,LLLVTLLLGLLFGLLFALILI,19257.8233711871,1186.1400846345432,22.22325312432368,0.5582945913163111,LLLVTLLLGLLFGLLFALILI,Mutant
LLLVTLLLGLLFGLLFALILI,LLLVTLLLGLLFGLLAALILI,GAS,void,,,,,,,,,,,3676.72,4640.84,36.1601,23.2061,3644.34,4713.22,122.38,94.2328,-19.0276,1.1e+17,15,F,106.5143,17.88932196,3653.5139,3550.1072,103.4067,0.0,0.707864960641211,0.0972377316734751,G,99999900.0,LLLVTLLLGLLFGLLFALILI,22970.83543501896,1098.714089822593,57.58774863039614,0.12359645126280105,LLLVTLLLGLLFGLLFALILI,Mutant
LLLVTLLLGLLFGLLFALILI,LLLVTLLLGLLAGLLFALILI,GAS,void,,,,,,,,,,,3677.19,4571.76,60.1926,49.5053,3644.34,4713.22,158.593,126.581,-19.0276,1.1e+17,11,F,80.7625,38.00271441,3627.6847,3517.759,109.9257,0.0,0.8275872520973495,0.2883333940334933,G,99999900.0,LLLVTLLLSLLAGLLFALILI,24057.136969319963,3114.418345545193,67.32765328620195,0.0038741598066625027,LLLVTLLLGLLFGLLFALILI,Mutant
LLLYALLALLLGTLLSFLILI,LLLYALLALLLITLLSFLILI,GAS,clash,23.8319,-277.485,335964000000.0,335964000000.0,-74.0925,-279.288,-369.398,4698.8,-52.4525,-16.0176,3852.54,4767.67,52.8358,0.581069,3852.73,4750.34,31.8706,0.217901,-18.5403,1.10011e+17,11,G,129.686731,0.446057276,,,,,0.1374249042907996,0.0769200169734274,G,99999900.0,LLLYALLALLLGTLLSFLILI,18095.44834945716,1352.036382977988,11.180085586784838,0.073360669432848,LLLYALLALLLGTLLSFLILI,Mutant
LLLYALLALLLGTLLSFLILI,LLLAALLALLLGTLLSFLILI,GAS,void,,,,,,,,,,,3711.46,4583.76,61.9205,110.925,3852.73,4750.34,175.605,324.243,-18.5403,1.1e+17,3,Y,66.5638,60.78272182,3600.535,3528.487,72.048,0.0,0.1932849187331644,0.0959386217759358,G,99999900.0,LLLYALLALLLGTLLSFLILI,18593.34723984515,1804.7503312502176,15.724529300008404,0.0175006549904832,LLLYALLALLLGTLLSFLILI,Mutant
LLLYALLALLLGTLLSFLILI,LLLYALLALLLGTLLIFLILI,GAS,clash,23.8374,-274.274,10324100.0,10323800.0,-58.8208,-276.02,-350.993,4693.96,-56.5922,-16.1524,3852.49,4741.8,44.493,8.01304,3852.73,4750.34,56.2323,8.06984,-18.5403,1.10011e+17,15,S,121.70736,6.177162574,,,,,0.1999361051939768,0.0620142072584191,G,99999900.0,LLLYALLALLLGTLLGFLILI,18643.16234859643,1568.0670602721148,16.265630887593982,0.01084946852967078,LLLYALLALLLGTLLSFLILI,Mutant
LLLYALLALLLGTLLSFLILI,LLLYALLALLLGTLLSALILI,GAS,void,,,,,,,,,,,3766.37,4646.03,43.4317,82.882,3852.73,4750.34,138.163,260.013,-18.5403,1.1e+17,16,F,46.5808,64.01993468,3683.488,3592.717,90.771,0.0,0.223841380157545,0.0501397772211025,G,99999900.0,LLLYALLALLLGTLLSFLILI,18845.21115465893,1473.249152965502,18.210424092636146,-0.013055806433897421,LLLYALLALLLGTLLSFLILI,Mutant
LLLAGLLFLLLGTLLSYLILI,LLLAGLLFLLLGTLLIYLILI,GAS,clash,21.8078,-271.325,12089.5,11785.0,-58.8435,-273.9,-347.186,4646.0,-54.9872,-14.4423,3645.05,4663.85,40.79,0.464563,3644.08,4669.4,51.5709,0.672642,-18.3705,1.10011e+17,15,S,129.255837,0.358126401,,,,,0.1604229029020232,0.0838753465905889,G,99999900.0,LLLAGLLFLLLGTLLSYLILI,18306.07642314437,1671.6079981545515,13.051068099926397,-0.026810142473569804,LLLAGLLFLLLGTLLSYLILI,Mutant
LLLAGLLFLLLGTLLSYLILI,LLLAGLLALLLGTLLSYLILI,GAS,void,,,,,,,,,,,3649.33,4506.99,59.655,25.5155,3644.08,4669.4,161.052,75.856,-18.3705,1.1e+17,7,F,104.0799,19.68858463,3623.8145,3568.224,55.5905,0.0,0.1951465381313624,0.0565240797512895,G,99999900.0,LLLAGLLFLLLGTLLSYLILI,18585.508154330186,1170.8097663037695,15.875979754416806,-0.06153377770290899,LLLAGLLFLLLGTLLSYLILI,Mutant
LLLAGLLFLLLGTLLSYLILI,LLLAGLLFLLLGTLLSALILI,GAS,void,,,,,,,,,,,3682.72,4632.27,41.9411,82.5053,3644.08,4669.4,125.487,175.822,-18.3705,1.1e+17,16,Y,46.9575,63.72896307,3600.2147,3468.258,131.9567,0.0,0.2105736032118035,0.0854102955009576,G,99999900.0,LLLAGLLFLLLGTLLSYLILI,18733.719116021235,1664.7869342256224,17.131035443502547,-0.07696084278335008,LLLAGLLFLLLGTLLSYLILI,Mutant
LLLAGLLFLLLGTLLSYLILI,LLLAGLLFLLLITLLSYLILI,GAS,clash,21.8058,-274.535,2654150000.0,2654150000.0,-74.1054,-277.179,-365.869,4647.07,-51.8728,-14.5843,3643.14,4667.17,43.5049,2.68744,3644.08,4669.4,30.1405,1.67057,-18.3705,1.10011e+17,11,G,127.58036,2.063011734,,,,,0.2260401595648683,0.1803252653003107,G,99999900.0,LLLAGLLFLLLGTLLSYLILI,18885.78340662777,2199.5325549261643,18.389303911306538,-0.0924273991364149,LLLAGLLFLLLGTLLSYLILI,Mutant
LLLTVLLLGLLFGLLFALILI,LLLTVLLLGLLFILLFALILI,GAS,clash,25.3253,-277.065,312698000.0,312698000.0,-44.9318,-275.722,-343.827,4662.69,-44.9318,-23.1736,3714.94,4709.83,55.0386,0.581069,3716.9,4694.99,35.9729,0.0,-18.1386,1.10011e+17,12,G,129.240931,0.447589006,,,,,0.2386282896417516,0.0918766186638375,G,99999900.0,LLLTVLLLGLLFGLLFALILI,18970.567574128407,1633.7103260556007,19.413400470539564,0.2581024302814555,LLLTVLLLGLLFGLLFALILI,Mutant
LLLTVLLLGLLFGLLFALILI,LLLTVLLLGLLFGLLFILILI,GAS,clash,25.4533,-275.872,5724000.0,5723700.0,-44.9318,-274.341,-339.935,4637.99,-45.5292,-20.6616,3716.9,4694.99,43.389,5.27313,3716.9,4694.99,43.389,5.27313,-18.1386,1.10011e+17,16,A,124.18967,4.073085087,,,,,0.2473482092513332,0.230145329519312,G,99999900.0,LLLTVLLLGLLFGLLFALILI,19023.10422491296,1889.882079027769,20.122802074623724,0.24938251067187392,LLLTVLLLGLLFGLLFALILI,Mutant
LLLTVLLLGLLFGLLFALILI,LLLTVLLLGLLFGLLAALILI,GAS,void,,,,,,,,,,,3754.82,4625.61,36.1159,21.9412,3716.9,4694.99,121.435,89.2792,-18.1386,1.1e+17,15,F,107.7792,16.91422475,3732.8788,3627.6208,105.258,0.0,0.432307190111362,0.029638026207966,G,99999900.0,LLLTVLLLGLLFGLLFALILI,20626.565601752216,1432.375718862295,35.16998181785211,0.06442352981184513,LLLTVLLLGLLFGLLFALILI,Mutant
LLLTVLLLGLLFGLLFALILI,LLLTVLLLGLLAGLLFALILI,GAS,void,,,,,,,,,,,3754.55,4551.87,59.7363,51.0587,3716.9,4694.99,158.454,116.273,-18.1386,1.1e+17,11,F,79.2091,39.195181,3703.4913,3600.627,102.8643,0.0,0.60116556948176,0.0863825143767362,G,99999900.0,LLLTVLLLGLLFGLLFALILI,22063.354647717075,1241.9922744197888,48.90731089331592,-0.10443484955855292,LLLTVLLLGLLFGLLFALILI,Mutant
LLLTYLLAILLGLLLGFLILI,LLLTYLLAILLGLLLIFLILI,GAS,clash,22.8602,-278.914,23368800.0,23368500.0,-44.9626,-278.708,-352.196,4650.59,-48.3124,-28.5257,3619.7,4612.42,43.5583,13.6513,3646.38,4606.61,24.8725,21.8815,-17.9908,1.10011e+17,15,G,116.0691,10.52363391,,,,,0.1801038073586714,0.0480419449839314,G,99999900.0,LLLTYLLAILLGLLLGFLILI,18451.99367154428,959.56044029638,14.652191254322457,0.5984697396743821,LLLTYLLAILLGLLLGFLILI,Mutant
LLLTYLLAILLGLLLGFLILI,LLLTYLLAILLILLLGFLILI,GAS,clash,22.8541,-278.914,213823000.0,213823000.0,-44.9626,-278.764,-350.613,4684.72,-45.8639,-26.886,3646.38,4625.84,59.309,0.0,3646.38,4606.61,38.4711,0.0,-17.9908,1.10011e+17,11,G,130.2678,0.0,,,,,0.196196998743005,0.0621605738192508,G,99999900.0,LLLTYLLAILLGLLLGFLILI,18600.26994204468,1355.9618868963482,15.961439079306416,0.5823765482900485,LLLTYLLAILLGLLLGFLILI,Mutant
LLLTYLLAILLGLLLGFLILI,LLLTALLAILLGLLLGFLILI,GAS,void,,,,,,,,,,,3722.98,4554.17,47.0488,53.7485,3646.38,4606.61,126.287,86.2262,-17.9908,1.1e+17,4,Y,89.9688,35.02894381,3669.2315,3560.1538,109.0777,0.0,0.2728701610700073,0.0874528922144224,G,99999900.0,LLLTVLLAILLGLLLGFLILI,19240.31516385291,738.8197346234454,22.19911864291315,0.5057033859630462,LLLTYLLAILLGLLLGFLILI,Mutant
LLLTYLLAILLGLLLGFLILI,LLLTYLLAILLGLLLGALILI,GAS,void,,,,,,,,,,,3573.02,4501.99,44.3224,86.0528,3646.38,4606.61,138.067,255.294,-17.9908,1.1e+17,16,F,43.41,66.46913245,3486.9672,3391.086,95.8812,0.0,0.5382302645658349,0.056553114025903,G,99999900.0,LLLTYLLAILLGLLLGFLILI,21525.60229504289,1210.1468972957343,43.78726297316939,0.2403432824672186,LLLTYLLAILLGLLLGFLILI,Mutant
LLLTYLLAVLLGLLLAFLILI,LLLTYLLAVLLILLLAFLILI,GAS,clash,28.2116,-281.63,16961300.0,16961000.0,-44.9868,-278.406,-350.832,4662.25,-48.1769,-27.4397,3743.51,4697.81,54.6417,0.0,3743.51,4679.26,34.1105,0.0,-17.912,1.10011e+17,11,G,130.2678,0.0,,,,,0.1844604377390765,0.0790850089995458,G,99999900.0,LLLTYLLAVLLGLLLAFLILI,18504.089464311084,1513.8402017052967,15.006621193890377,0.2766501549576989,LLLTYLLAVLLGLLLAFLILI,Mutant
LLLTYLLAVLLGLLLAFLILI,LLLIYLLAVLLGLLLAFLILI,GAS,clash,32.5797,-269.498,429.151,141.491,-44.9868,-272.985,-341.866,4612.28,-50.7419,-23.8952,3756.71,4644.37,57.9775,51.7154,3743.51,4679.26,88.3625,79.6306,-17.912,1.10011e+17,3,T,127.4866,1.722011341,,,,,0.2625537054782891,0.1499073706847009,G,99999900.0,LLLTYLLAVLLGLLLAFLILI,19137.932583572445,758.0409889562459,21.359832219081188,0.1985568872184863,LLLTYLLAVLLGLLLAFLILI,Mutant
LLLTYLLAVLLGLLLAFLILI,LLLTALLAVLLGLLLAFLILI,GAS,void,,,,,,,,,,,3803.58,4626.5,58.3938,77.1632,3743.51,4679.26,137.969,169.675,-17.912,1.1e+17,4,Y,61.312,55.72347973,3726.4168,3573.835,152.5818,0.0,0.3514922743082941,0.0862763721102609,G,99999900.0,LLLTYLLAVLLGLLLAFLILI,19939.345139945835,1559.3661434936869,28.595353441504766,0.1096183183884813,LLLTYLLAVLLGLLLAFLILI,Mutant
LLLTYLLAVLLGLLLAFLILI,LLLTYLLAVLLGLLLAALILI,GAS,void,,,,,,,,,,,3641.99,4578.37,53.4488,96.7565,3743.51,4679.26,142.404,279.509,-17.912,1.1e+17,16,F,32.7063,74.73691284,3545.2335,3464.001,81.2325,0.0,0.4763521166346648,0.0112294421493237,G,99999900.0,LLLTYLLAVLLGLLLAFLILI,20997.28854906404,1259.010550515291,38.75321915562148,-0.015241523937889412,LLLTYLLAVLLGLLLAFLILI,Mutant
LLLALLLGALLGTLLSFLILI,LLLALLLIALLGTLLSFLILI,GAS,clash,28.5752,-268.235,22668600000.0,22668600000.0,-73.9598,-269.322,-370.215,4527.44,-54.8174,-26.933,3690.71,4567.75,62.0503,15.0624,3694.83,4547.02,41.0288,12.1517,-16.3762,1.10011e+17,7,G,114.533,11.62263475,,,,,0.1835487352725646,0.0527094773951833,G,99999900.0,LLLALLLGALLGTLLSFLILI,18499.270791061328,1481.3140249837588,14.932450419256138,0.8253225751596363,LLLALLLGALLGTLLSFLILI,Mutant
LLLALLLGALLGTLLSFLILI,LLLALLLGALLITLLSFLILI,GAS,clash,27.6927,-268.269,17408200.0,17407900.0,-73.9598,-269.199,-369.809,4545.2,-55.3595,-26.6507,3693.61,4570.88,59.6096,10.7725,3694.83,4547.02,37.0063,7.72194,-16.3762,1.10011e+17,11,G,119.4953,8.269503285,,,,,0.2081760741922536,0.0450571472660916,G,99999900.0,LLLALLLGALLGTLLSFLILI,18706.335257763672,1390.8444733273927,16.935986520065434,0.8006952362399473,LLLALLLGALLGTLLSFLILI,Mutant
LLLALLLGALLGTLLSFLILI,LLLAALLGALLGTLLSFLILI,GAS,void,,,,,,,,,,,3706.4,4479.21,64.419,38.5353,3694.83,4547.02,124.186,84.3744,-16.3762,1.1e+17,4,L,99.9399,27.82830427,3667.8647,3610.4556,57.4091,1.0,1.1055287253196433,0.0803967173161374,G,99999900.0,LLLALLLGALLGTLLSFLILI,26374.77455203022,1129.0521724619423,89.93934419316332,-0.0966574148874424,LLLALLLGALLGTLLSFLILI,Mutant
LLLAVLLTSLLGGLLFLLILI,LLLAVLLTSLLGILLFLLILI,GAS,clash,27.4588,-270.894,14218900000.0,14218900000.0,-74.1107,-272.262,-372.726,4574.87,-58.1283,-26.3536,3691.89,4551.35,48.5746,24.5482,3709.7,4548.74,31.9226,9.22411,-16.1344,1.10011e+17,12,G,105.2738,18.90912172,,,,,0.1670836581194873,0.0796832568193416,G,99999900.0,LLLAVLLTSLLGGLLFLLILI,18351.12969659423,1414.227310747896,13.592948145527837,0.0765632017092048,LLLAVLLTSLLGGLLFLLILI,Mutant
LLLAVLLTSLLGGLLFLLILI,LLLAVLLTSLLIGLLFLLILI,GAS,clash,27.4647,-270.894,177062000.0,177062000.0,-74.1107,-272.262,-370.093,4595.71,-50.5923,-23.7203,3705.7,4568.57,57.2959,25.26,3709.7,4548.74,36.8868,21.1735,-16.1344,1.10011e+17,11,G,105.0078,19.39082413,,,,,0.2783350732203635,0.094293793893351,G,99999900.0,LLLAVLLTSLLGGLLFLLILI,19318.37739537635,1693.6352638588307,22.643711898266304,-0.034688213391671385,LLLAVLLTSLLGGLLFLLILI,Mutant
LLLAVLLTSLLGGLLFLLILI,LLLAVLLTSLLGGLLFALILI,GAS,void,,,,,,,,,,,3715.08,4501.69,43.423,15.2079,3709.7,4548.74,98.9808,77.6792,-16.1344,1.1e+17,16,L,114.2549,11.74692653,3699.8721,3632.0208,67.8513,0.0,0.2802574985426949,0.0929074252101625,G,99999900.0,LLLAVLLTSLLGGLLFLLILI,19326.24084168272,1464.0653667561414,22.800109166641967,-0.036610638714002774,LLLAVLLTSLLGGLLFLLILI,Mutant
LLLAVLLTSLLGGLLFLLILI,LLLAVLLTSLLGGLLALLILI,GAS,void,,,,,,,,,,,3732.51,4468.66,42.7659,21.295,3709.7,4548.74,129.468,69.9012,-16.1344,1.1e+17,15,F,108.4254,16.41607642,3711.215,3639.7988,71.4162,0.0,0.298200737207326,0.0353681881616892,G,99999900.0,LLLAVLLTSLLGGLLFLLILI,19479.013099413303,1420.707963604049,24.25986600627698,-0.054553877378633875,LLLAVLLTSLLGGLLFLLILI,Mutant
LLLYGLLFALLGTLLSLLILI,LLLYGLLFALLGTLLSALILI,GAS,void,,,,,,,,,,,3802.16,4745.78,42.0474,80.4805,3792.4,4765.22,89.5368,144.368,-15.871,1.1e+17,16,L,48.9823,62.16496167,3721.6795,3648.032,73.6475,0.0,0.1639066240674508,0.053802609658449,G,99999900.0,LLLYGLLFALLGTLLSLLILI,18328.12114164878,1422.0560115300657,13.334483256669436,0.01424811139911461,LLLYGLLFALLGTLLSLLILI,Mutant
LLLYGLLFALLGTLLSLLILI,LLLYGLLFALLITLLSLLILI,GAS,clash,25.4102,-276.52,769936000000.0,769936000000.0,-74.0094,-277.979,-364.808,4706.25,-52.1172,-12.8198,3791.01,4766.76,45.1428,3.72219,3792.4,4765.22,30.3928,2.63269,-15.871,1.10011e+17,11,G,126.54561,2.857336963,,,,,0.1773877752697561,0.2960753817329817,G,99999900.0,LLLYGLLFALLGTLLSLLILI,18389.135655099224,1596.4650020623153,14.431230786005363,0.000766960196809302,LLLYGLLFALLGTLLSLLILI,Mutant
LLLYGLLFALLGTLLSLLILI,LLLYGLLAALLGTLLSLLILI,GAS,void,,,,,,,,,,,3812.87,4581.66,63.8902,35.6001,3792.4,4765.22,170.426,99.5794,-15.871,1.1e+17,7,F,93.9953,27.47018799,3777.2699,3692.8206,84.4493,0.0,0.2082614282313616,0.028349629591647,G,99999900.0,LLLYGLLFALLGTLLSLLILI,18706.67658634453,1331.5203123013762,16.942930424937185,-0.03010669276479619,LLLYGLLFALLGTLLSLLILI,Mutant
LLLYGLLFALLGTLLSLLILI,LLLYGLLFALLGTLLILLILI,GAS,clash,25.4113,-273.309,165920.0,165616.0,-58.7566,-274.564,-346.743,4674.22,-55.9369,-13.4222,3792.97,4757.46,42.0637,0.974652,3792.4,4765.22,53.5935,1.16156,-15.871,1.10011e+17,15,S,128.745748,0.751348284,,,,,0.2095911179411072,0.0750021632878115,G,99999900.0,LLLYGLLFALLGTLLSLLILI,18727.11949884189,1584.3947292251771,17.051106194354976,-0.03143638247454181,LLLYGLLFALLGTLLSLLILI,Mutant
LLLLTLLVALLAGLLFSLILI,LLLLTLLVALLAILLFSLILI,GAS,clash,30.8581,-273.085,25925500.0,25925200.0,-60.3111,-269.34,-364.637,4628.65,-44.995,-34.9858,3691.68,4666.2,53.0267,21.0849,3708.25,4653.01,33.7076,8.71239,-15.113,1.10011e+17,12,G,108.7371,16.24139206,,,,,0.2356644863508587,0.036826466063528,G,99999900.0,LLLLTLLVALLAGLLFSLILI,18932.42397072065,1115.973868352203,19.17228278793627,0.060941726526765466,LLLLTLLVALLAGLLFSLILI,Mutant
LLLLTLLVALLAGLLFSLILI,LLLLTLLVALLAGLLFILILI,GAS,clash,30.9363,-269.856,10001100.0,10000800.0,-44.995,-269.893,-349.291,4622.35,-44.995,-34.4027,3708.86,4649.69,45.0386,7.86081,3708.25,4653.01,53.8513,8.14079,-15.113,1.10011e+17,16,S,121.60199,6.071867749,,,,,0.2952739265446492,0.0925970277776904,G,99999900.0,LLLLTLLVALLAGLLFSLILI,19466.20443609474,1784.9069395355452,24.02175782731257,0.0013322863329749968,LLLLTLLVALLAGLLFSLILI,Mutant
LLLLTLLVALLAGLLFSLILI,LLLLTLLVALLAGLLASLILI,GAS,void,,,,,,,,,,,3717.32,4536.03,56.7876,30.0927,3708.25,4653.01,149.193,116.376,-15.113,1.1e+17,15,F,99.6277,23.19812458,3687.2273,3591.874,95.3533,0.0,0.3330420775484998,0.0774244591311384,G,99999900.0,LLLLTLLVALLAGLLFSLILI,19781.27284243814,1540.1960331349333,27.094353459499832,-0.03643586467087562,LLLLTLLVALLAGLLFSLILI,Mutant
LLLLTLLVALLAGLLFSLILI,LLLATLLVALLAGLLFSLILI,GAS,void,,,,,,,,,,,3652.1,4595.45,61.7851,123.342,3708.25,4653.01,120.62,239.665,-15.113,1.1e+17,3,L,46.3888,72.66919145,3528.758,3468.585,60.173,0.0,0.4460098678812699,0.1112437864915174,G,99999900.0,LLLLTLLVALLAGLLFSLILI,20745.353837637045,1550.4541641991466,36.28475145168449,-0.14940365500364572,LLLLTLLVALLAGLLFSLILI,Mutant
LLLAALLTSLLGLLLGYLILI,LLLAALLTSLLILLLGYLILI,GAS,clash,25.6835,-271.237,26985.4,26690.2,-74.2143,-271.904,-373.86,4556.31,-49.7033,-27.7412,3694.93,4626.06,56.9716,14.4891,3698.37,4612.38,38.3219,10.1886,-15.0988,1.10011e+17,11,G,115.7787,11.12254909,,,,,0.2323443118491469,0.2745659558462295,G,99999900.0,LLLAALLTSLLGLLLGYLILI,18965.913820387992,2982.584267890443,18.90217283018326,0.03417682691694213,LLLAALLTSLLGLLLGYLILI,Mutant
LLLAALLTSLLGLLLGYLILI,LLLAALLTSLLGALLGYLILI,GAS,void,,,,,,,,,,,3732.15,4547.48,49.6079,28.6281,3698.37,4612.38,110.148,56.5593,-15.0988,1.1e+17,12,L,101.1939,22.0518094,3703.5219,3641.8107,61.7112,0.0,0.2404282938321047,0.2955574046279812,G,99999900.0,LLLAALLTSLLGLLLGYLILI,19010.857674374187,2997.044003737949,19.55983827239632,0.02609284493398431,LLLAALLTSLLGLLLGYLILI,Mutant
LLLAALLTSLLGLLLGYLILI,LLLAALLTSLLGLLLGALILI,GAS,void,,,,,,,,,,,3764.25,4488.73,44.4406,62.9947,3698.37,4612.38,146.249,132.293,-15.0988,1.1e+17,16,Y,66.4681,48.65853357,3701.2553,3566.077,135.1783,0.0,0.2428440874698986,0.0166803584119355,G,99999900.0,LLLAALLTSLLGLLLGYLILI,18997.27096976952,1180.3756446587986,19.756373098233947,0.02367705129619041,LLLAALLTSLLGLLLGYLILI,Mutant
LLLAALLTSLLGLLLGYLILI,LLLAALLTSLLGLLLIYLILI,GAS,clash,25.6796,-271.237,1026320.0,1026020.0,-74.2143,-271.885,-375.358,4503.34,-55.0736,-29.2579,3689.67,4618.74,45.0883,0.217901,3698.37,4612.38,26.051,2.97598,-15.0988,1.10011e+17,15,G,129.502499,0.167977435,,,,,0.3138240594007363,0.3856842949234723,G,99999900.0,LLLAALLTSLLGLLLGYLILI,19596.852984570625,2639.9185183512845,25.5308880249835,-0.047302920634647305,LLLAALLTSLLGLLLGYLILI,Mutant
LLLAALLALLLGVLLGTLILI,LLLAALLAALLGVLLGTLILI,GAS,void,,,,,,,,,,,3583.19,4402.83,63.9762,56.4329,3553.03,4473.52,124.546,91.4886,-14.9594,1.1e+17,8,L,74.8967,42.97043469,3526.7571,3461.5414,65.2157,0.0,0.1959066459648294,0.0162973002023661,G,99999900.0,LLLAALLALLLGVLLGTLILI,18593.9365217864,1119.989612579598,15.937817677296955,0.1899727930234014,LLLAALLALLLGVLLGTLILI,Mutant
LLLAALLALLLGVLLGTLILI,LLLAALLALLLGVLLITLILI,GAS,clash,30.242,-266.763,508744.0,508454.0,-58.784,-265.63,-366.726,4506.42,-53.9625,-42.3121,3544.14,4493.45,55.582,7.41102,3553.03,4473.52,34.1963,10.6686,-14.9594,1.10011e+17,15,G,122.30938,5.713072115,,,,,0.291804403489335,0.0302160421545123,G,99999900.0,LLLAALLALLLGVLLGTLILI,19411.49862245764,1048.3763695779153,23.73949774567806,0.09407503549889579,LLLAALLALLLGVLLGTLILI,Mutant
LLLAALLALLLGVLLGTLILI,LLLAALLALLLIVLLGTLILI,GAS,clash,30.2269,-266.763,267107000.0,267107000.0,-58.784,-265.7,-366.1,4501.75,-52.0955,-41.6157,3551.8,4491.92,61.6097,3.88957,3553.03,4473.52,41.1206,3.0906,-14.9594,1.10011e+17,11,G,126.37823,2.985826121,,,,,0.2959714163344869,0.0237289585320744,G,99999900.0,LLLAALLALLLGVLLGTLILI,19456.14336396295,1280.6639593415928,24.07850151279328,0.08990802265374387,LLLAALLALLLGVLLGTLILI,Mutant
LLLAALLALLLGVLLGTLILI,LLLAALLALLLGALLGTLILI,GAS,void,,,,,,,,,,,3585.32,4454.92,59.9098,88.6078,3553.03,4473.52,84.3464,111.858,-14.9594,1.1e+17,12,V,41.2142,68.25330067,3496.7122,3441.172,55.5402,0.0,0.341968393126471,0.1165940343381648,G,99999900.0,LLLAALLALLLGVLLGTLILI,19870.874774576907,2008.0045540055053,27.82054623111852,0.04391104586175981,LLLAALLALLLGVLLGTLILI,Mutant
LLLTGLLFGLLAILLSLLILI,LLLTGLLAGLLAILLSLLILI,GAS,void,,,,,,,,,,,3732.29,4466.44,57.3131,46.3287,3710.97,4629.13,161.122,119.985,-14.8615,1.1e+17,7,F,83.2667,35.74872256,3685.9613,3590.985,94.9763,0.0,0.1344297163154572,0.0337980025771948,G,99999900.0,LLLTGLLFGLLAILLSLLILI,18070.56550875718,1232.0591399331538,10.93641463001286,0.01956686128078111,LLLTGLLFGLLAILLSLLILI,Mutant
LLLTGLLFGLLAILLSLLILI,LLLTGLLFGLLAILLSALILI,GAS,void,,,,,,,,,,,3722.29,4608.62,41.3686,80.7616,3710.97,4629.13,89.9492,155.506,-14.8615,1.1e+17,16,L,48.7012,62.38208968,3641.5284,3555.464,86.0644,0.0,0.1662863614522489,0.0881295478025643,G,99999900.0,LLLTGLLFGLLAILLSLLILI,18347.790042509994,1527.5736528303428,13.528084756873614,-0.012289783856010594,LLLTGLLFGLLAILLSLLILI,Mutant
LLLTGLLFGLLAILLSLLILI,LLLTGLLFGLLAILLILLILI,GAS,clash,26.6819,-272.325,53230.6,52939.0,-45.0043,-271.487,-351.888,4574.19,-45.9765,-35.3964,3718.63,4626.5,42.3701,9.98288,3710.97,4629.13,51.8324,10.5754,-14.8615,1.10011e+17,15,S,119.73752,7.695690115,,,,,0.2379725809749334,0.074688760502935,G,99999900.0,LLLTGLLFGLLAILLSLLILI,18957.50141502611,1399.2745499336909,19.360055852598183,-0.0839760033786951,LLLTGLLFGLLAILLSLLILI,Mutant
LLLTGLLFGLLAILLSLLILI,LLLTGLLFILLAILLSLLILI,GAS,clash,26.7264,-275.535,367420.0,367126.0,-60.3852,-274.741,-370.689,4587.36,-45.5233,-35.5625,3701.58,4633.38,47.0239,9.21191,3710.97,4629.13,29.7169,1.8264,-14.8615,1.10011e+17,8,G,126.40826,2.962773609,,,,,0.3463832586953961,0.1806380634422962,G,99999900.0,LLLTGLLFGLLAILLSLLILI,19872.10866340054,1603.1207810488502,28.17971384465592,-0.1923866810991578,LLLTGLLFGLLAILLSLLILI,Mutant
LLLAYLLAVLLGLLLGFLILI,LLLAYLLAVLLILLLGFLILI,GAS,clash,24.27,-274.5,2292060000000.0,2292060000000.0,-44.9566,-273.836,-341.973,4624.05,-46.7188,-23.1798,3618.64,4705.27,58.677,0.0,3618.64,4687.78,38.41,0.0,-14.6822,1.10011e+17,11,G,130.2678,0.0,,,,,0.2305081564251591,0.0811991508272046,G,99999900.0,LLLAYLLAVLLGLLLGFLILI,18905.43238385507,1672.524918546601,18.75279397562439,0.46029586657482835,LLLAYLLAVLLGLLLGFLILI,Mutant
LLLAYLLAVLLGLLLGFLILI,LLLAYLLAVLLGLLLIFLILI,GAS,clash,24.2952,-274.499,5781120000.0,5781120000.0,-44.9566,-273.765,-343.548,4588.94,-46.7188,-24.8265,3609.25,4693.97,44.0446,2.2338,3618.64,4687.78,25.2746,2.83271,-14.6822,1.10011e+17,15,G,127.4866,1.722011341,,,,,0.2509837490814745,0.1298409169174094,G,99999900.0,LLLAYLLAVLLGLLLGFLILI,19044.98320854128,875.5068183012222,20.418568309025726,0.4398202739185129,LLLAYLLAVLLGLLLGFLILI,Mutant
LLLAYLLAVLLGLLLGFLILI,LLLAALLAVLLGLLLGFLILI,GAS,void,,,,,,,,,,,3647.54,4534.86,58.3954,66.3783,3618.64,4687.78,165.83,167.385,-14.6822,1.1e+17,4,Y,72.0969,47.93515373,3581.1617,3451.255,129.9067,1.0,0.2840958323852069,0.1325766359623462,G,99999900.0,LLLAYLLAVLLGLLLGFLILI,19372.898932469005,2036.476502435328,23.11237353452634,0.40670819061478053,LLLAYLLAVLLGLLLGFLILI,Mutant
LLLAYLLAVLLGLLLGFLILI,LLLAYLLAVLLGALLGFLILI,GAS,void,,,,,,,,,,,3644.84,4633.09,61.9051,92.4409,3618.64,4687.78,118.044,131.103,-14.6822,1.1e+17,12,L,37.3811,71.2058819,3552.3991,3487.537,64.8621,1.0,0.6102677034492815,0.0213775737861867,G,99999900.0,LLLAYLLAVLLGLLLGFLILI,22140.41387487261,1161.83456014965,49.64780721968727,0.08053631955070595,LLLAYLLAVLLGLLLGFLILI,Mutant
LLLYVLLGTLLGFLLSLLILI,LLLYVLLGTLLIFLLSLLILI,GAS,clash,32.3357,-276.395,2808650000.0,2808650000.0,-74.0677,-280.313,-368.273,4707.6,-51.564,-13.8927,3611.89,4673.98,51.0655,0.0,3611.89,4657.08,30.5959,0.0,-13.5466,1.10011e+17,11,G,130.2678,0.0,,,,,0.2123301849699517,0.0234624767359167,G,99999900.0,LLLYVLLGTLLGFLLSLLILI,18735.761946152583,1118.9644029084438,17.27394065051455,0.7632892460097243,LLLYVLLGTLLGFLLSLLILI,Mutant
LLLYVLLGTLLGFLLSLLILI,LLLYVLLITLLGFLLSLLILI,GAS,clash,32.92,-276.381,27493800.0,27493500.0,-74.0677,-280.304,-368.035,4703.73,-51.564,-13.6641,3611.89,4680.26,63.1814,0.464563,3611.89,4657.08,41.075,0.464563,-13.5466,1.10011e+17,7,G,129.130837,0.358471828,,,,,0.2897729657665178,0.0527214845397381,G,99999900.0,LLLYVLLGTLLGFLLSLLILI,19410.59266612263,1539.280089055097,23.57423186666925,0.6858464652131582,LLLYVLLGTLLGFLLSLLILI,Mutant
LLLYVLLGTLLGFLLSLLILI,LLLYVLLGTLLGALLSLLILI,GAS,void,,,,,,,,,,,3669.9,4587.55,45.6136,79.3941,3611.89,4657.08,124.845,139.308,-13.5466,1.1e+17,12,F,50.4279,61.15612146,3590.5059,3472.582,117.9239,1.0,0.9864983444472896,0.2004729316513667,G,99999900.0,LLLYVLLGTLLGFLLSLLILI,25338.80403799736,1057.3143815162196,80.25572933130015,-0.010878913467613605,LLLYVLLGTLLGFLLSLLILI,Mutant
LLLLALLFALLGILLSTLILI,LLLLALLFALLIILLSTLILI,GAS,clash,22.811,-270.508,85712.8,85415.5,-74.2053,-273.25,-378.218,4601.15,-49.5495,-30.7626,3743.17,4663.49,44.594,7.63649,3745.13,4662.49,30.1749,6.25645,-12.638,1.10011e+17,11,G,122.63131,5.862147054,,,,,0.1353094903783707,0.1335023881604971,G,99999900.0,LLLLALLFALLGILLSTLILI,18092.978413129647,1904.0598448022552,11.007987896671953,0.1091357352361505,LLLLALLFALLGILLSTLILI,Mutant
LLLLALLFALLGILLSTLILI,LLLLALLAALLGILLSTLILI,GAS,void,,,,,,,,,,,3756.25,4482.12,63.7168,45.2438,3745.13,4662.49,169.103,121.975,-12.638,1.1e+17,7,F,84.3516,34.91157865,3711.0062,3623.155,87.8512,0.0,0.206802909737447,0.0620772982566633,G,99999900.0,LLLLALLFALLGILLSTLILI,18692.49755774632,1260.2616247436388,16.82427389993522,0.0376423158770742,LLLLALLFALLGILLSTLILI,Mutant
LLLLALLFALLGILLSTLILI,LLLLALLFALLGILLITLILI,GAS,clash,22.8148,-267.296,144317.0,144023.0,-58.8314,-270.992,-361.336,4568.69,-49.5495,-31.5131,3749.2,4656.19,44.0248,9.7104,3745.13,4662.49,55.18,9.67399,-12.638,1.10011e+17,15,S,120.01,7.485638342,,,,,0.2549463600219037,0.0206756108531817,G,99999900.0,LLLLALLFALLGILLSTLILI,19105.19896232328,1299.596039850368,20.740943133951067,-0.010501134407382484,LLLLALLFALLGILLSTLILI,Mutant
LLLLALLFALLGILLSTLILI,LLLLALLFALLGALLSTLILI,GAS,void,,,,,,,,,,,3762.29,4632.64,53.7145,42.86,3745.13,4662.49,99.1531,99.1451,-12.638,1.1e+17,12,I,86.962,33.01443515,3719.43,3645.9849,73.4451,0.0,0.4551943830011323,0.0471900833955555,G,99999900.0,LLLLALLFALLGILLSTLILI,20826.419859547863,1555.4362931597136,37.03194982626656,-0.2107491573866111,LLLLALLFALLGILLSTLILI,Mutant
LLLLVLLGALLGTLLSFLILI,LLLLVLLGALLITLLSFLILI,GAS,clash,26.0886,-266.509,596175.0,595883.0,-74.0199,-271.272,-371.668,4586.64,-51.3354,-26.3761,3762.45,4603.25,60.1897,15.3731,3764.4,4578.16,37.0793,11.7414,-12.0486,1.10011e+17,11,G,114.8947,11.80115117,,,,,0.2190106078968418,0.049025025654623,G,99999900.0,LLLLVLLGALLGTLLSFLILI,18782.3154894591,820.9358909859234,17.817420745799957,0.21764553122741293,LLLLVLLGALLGTLLSFLILI,Mutant
LLLLVLLGALLGTLLSFLILI,LLLLVLLIALLGTLLSFLILI,GAS,clash,26.6645,-266.488,16107.0,15813.6,-74.0199,-271.946,-372.699,4546.61,-53.609,-26.7322,3762.18,4599.64,62.3497,15.7517,3764.4,4578.16,40.9069,12.3981,-12.0486,1.10011e+17,7,G,113.8437,12.15452092,,,,,0.2890979670076768,0.0072726371899221,G,99999900.0,LLLLVLLGALLGTLLSFLILI,19394.948980814243,1218.565985722222,23.519317919784875,0.1475581721165779,LLLLVLLGALLGTLLSFLILI,Mutant
LLLLVLLGALLGTLLSFLILI,LLLLVLLGALLGTLLSALILI,GAS,void,,,,,,,,,,,3688.68,4473.04,40.9249,80.6627,3764.4,4578.16,134.565,250.409,-12.0486,1.1e+17,16,F,48.8001,62.30569708,3608.0173,3513.991,94.0263,0.0,0.5269051804963832,0.0674505665633884,G,99999900.0,LLLLVLLGALLGTLLSFLILI,21444.54734118493,1697.747082575309,42.86592044193447,-0.09024904137212852,LLLLVLLGALLGTLLSFLILI,Mutant
LLLLVLLGALLGTLLSFLILI,LLLAVLLGALLGTLLSFLILI,GAS,void,,,,,,,,,,,3724.47,4522.75,66.3688,94.4433,3764.4,4578.16,124.261,201.393,-12.0486,1.1e+17,3,L,75.2875,55.64299467,3630.0267,3563.007,67.0197,0.0,0.945570941058344,0.1539347383420012,G,99999900.0,LLLLVLLGALLGTLLSFLILI,24999.16705635069,1140.5805398652103,76.92611542256472,-0.5089148019340893,LLLLVLLGALLGTLLSFLILI,Mutant
LLLAVLLFSLLGLLLGTLILI,LLLAVLLFSLLGALLGTLILI,GAS,void,,,,,,,,,,,3690.13,4577.47,60.2102,40.0856,3647.09,4651.53,122.593,61.7863,-11.5258,1.1e+17,12,L,89.7364,30.87735515,3650.0444,3585.3037,64.7407,0.0,0.2452903952323756,0.0941424691992955,G,99999900.0,LLLAVLLFSLLGLLLGTLILI,19037.42205443373,1806.9344750063733,19.955390374594828,0.02009042094248087,LLLAVLLFSLLGLLLGTLILI,Mutant
LLLAVLLFSLLGLLLGTLILI,LLLAVLLFSLLGLLLITLILI,GAS,clash,24.4954,-269.442,2757500000.0,2757500000.0,-74.0995,-272.327,-373.219,4555.5,-57.9705,-26.7916,3643.5,4657.47,43.846,11.524,3647.09,4651.53,24.5749,8.87656,-11.5258,1.10011e+17,15,G,118.1964,8.883722221,,,,,0.2472540892018341,0.0614943059533445,G,99999900.0,LLLAVLLFSLLGLLLGTLILI,19042.646136596755,1491.3618240491417,20.115145018471768,0.018126726973022395,LLLAVLLFSLLGLLLGTLILI,Mutant
LLLAVLLFSLLGLLLGTLILI,LLLAVLLFSLLILLLGTLILI,GAS,clash,24.497,-269.442,52325100000.0,52325100000.0,-74.0995,-268.665,-368.099,4605.34,-50.6811,-25.3345,3645.96,4650.67,50.155,4.87641,3647.09,4651.53,36.7364,4.29534,-11.5258,1.10011e+17,11,G,125.39139,3.743373266,,,,,0.3161909164278455,0.2084585783529902,G,99999900.0,LLLAVLLFSLLGLLLGTLILI,19644.42832250424,2356.0973314934763,25.723441654700927,-0.05081010025298904,LLLAVLLFSLLGLLLGTLILI,Mutant
LLLAVLLFSLLGLLLGTLILI,LLLAVLLASLLGLLLGTLILI,GAS,void,,,,,,,,,,,3648.5,4483.87,62.5101,41.6072,3647.09,4651.53,164.902,126.128,-11.5258,1.1e+17,7,F,87.9882,32.10546053,3606.8928,3520.962,85.9308,0.0,0.3609408019133704,0.053273261771026,G,99999900.0,LLLAVLLFSLLGLLLGTLILI,20020.42177441736,1559.7585186772749,29.36403032608401,-0.09555998573851393,LLLAVLLFSLLGLLLGTLILI,Mutant
LLLTALLAGLLFLLLSVLILI,LLLTALLIGLLFLLLSVLILI,GAS,clash,30.8741,-275.597,22736500.0,22736200.0,-60.3184,-272.836,-363.717,4596.43,-45.7558,-30.5629,3667.29,4644.23,57.9727,42.118,3667.29,4644.23,57.9727,42.118,-11.4684,1.10011e+17,7,A,117.1282,15.41575676,,,,,0.1109476741649483,0.0970521294945173,G,99999900.0,LLLTALLAGLLFLLLSVLILI,17879.921437042605,1507.623123591177,9.026053168602292,0.194411666966435,LLLTALLAGLLFLLLSVLILI,Mutant
LLLTALLAGLLFLLLSVLILI,LLLTILLAGLLFLLLSVLILI,GAS,clash,33.3683,-275.28,22738500.0,22738200.0,-60.3184,-272.17,-365.356,4611.12,-45.7558,-32.8679,3667.29,4644.23,65.4692,21.347,3667.29,4644.23,65.4692,21.347,-11.4684,1.10011e+17,4,A,117.1282,15.41575676,,,,,0.2335528598362715,0.0228348239658892,G,99999900.0,LLLTALLAGLLFLLLSVLILI,18921.751017135924,1265.644336962474,19.00049321833648,0.0718064812951118,LLLTALLAGLLFLLLSVLILI,Mutant
LLLTALLAGLLFLLLSVLILI,LLLTALLAGLLALLLSVLILI,GAS,void,,,,,,,,,,,3680.64,4520.76,50.7201,18.7426,3667.29,4644.23,148.309,99.7995,-11.4684,1.1e+17,11,F,111.5252,14.38774586,3661.8974,3567.4905,94.4069,1.0,0.2591924926561216,0.0691276711771527,G,99999900.0,LLLTALLAGLLFLLLSVLILI,19123.336905717133,800.304974669676,21.08638362385632,0.0461668484752617,LLLTALLAGLLFLLLSVLILI,Mutant
LLLTALLAGLLFLLLSVLILI,LLLAALLAGLLFLLLSVLILI,GAS,void,,,,,,,,,,,3670.37,4605.01,62.0439,98.4486,3667.29,4644.23,93.4548,138.152,-11.4684,1.1e+17,3,T,71.2822,58.0027903,3571.9214,3529.138,42.7834,1.0,0.2892320886399332,0.0858527347244448,G,99999900.0,LLLTALLAGLLFLLLSVLILI,19411.38906905948,1757.8836060938056,23.530229270499685,0.016127252491450084,LLLTALLAGLLFLLLSVLILI,Mutant
LLLFALLASLLGILLTLLILI,LLLFALLASLLGILLILLILI,GAS,clash,27.703,-266.394,45466.0,45175.5,-60.3643,-269.755,-365.579,4614.54,-51.8015,-35.4591,3563.6,4480.01,41.8963,2.03909,3552.16,4492.11,68.3594,5.26372,-11.4263,1.10011e+17,15,T,127.68131,1.571911588,,,,,0.107725568484482,0.044738040317012,G,99999900.0,LLLFALLASLLGILLTLLILI,17846.130684713302,1355.866653284891,8.763921515950377,0.07693978830101761,LLLFALLASLLGILLTLLILI,Mutant
LLLFALLASLLGILLTLLILI,LLLFALLASLLIILLTLLILI,GAS,clash,27.7003,-270.784,13469500000000.0,13469500000000.0,-74.19,-274.233,-380.567,4644.62,-51.4366,-32.1441,3551.35,4514.05,53.6525,5.84314,3552.16,4492.11,31.646,5.04417,-11.4263,1.10011e+17,11,G,124.42466,4.485482982,,,,,0.1398332478068993,0.1637929598655994,G,99999900.0,LLLFALLASLLGILLTLLILI,18132.4878743062,2058.0885455672988,11.376014314342084,0.04483210897860032,LLLFALLASLLGILLTLLILI,Mutant
LLLFALLASLLGILLTLLILI,LLLAALLASLLGILLTLLILI,GAS,void,,,,,,,,,,,3519.12,4340.92,62.7937,86.4457,3552.16,4492.11,164.415,211.192,-11.4263,1.1e+17,3,F,83.2851,50.9310626,3432.6743,3340.968,91.7063,0.0,0.2246028876275967,0.0682516004072353,G,99999900.0,LLLFALLASLLGILLTLLILI,18855.95580132012,1615.6391588415156,18.27237588175392,-0.039937530842097085,LLLFALLASLLGILLTLLILI,Mutant
LLLFALLASLLGILLTLLILI,LLLFALLASLLGALLTLLILI,GAS,void,,,,,,,,,,,3577.23,4477.17,47.8849,44.2262,3552.16,4492.11,87.7011,89.045,-11.4263,1.1e+17,12,I,85.5958,34.06679916,3533.0038,3463.115,69.8888,0.0,0.3686455564927253,0.0197114513599953,G,99999900.0,LLLFALLASLLGTLLTLLILI,20070.65457992608,1064.9592837276452,29.99084404712604,-0.18398019970722568,LLLFALLASLLGILLTLLILI,Mutant
LLLYALLTALLGLLLGFLILI,LLLYALLTALLILLLGFLILI,GAS,clash,28.4143,-276.632,3310980000.0,3310980000.0,-58.802,-276.058,-349.634,4691.63,-51.1616,-14.7733,3868.49,4757.03,57.3499,10.8094,3871.33,4743.02,38.4156,8.61979,-11.4161,1.10011e+17,11,G,119.4584,8.297829548,,,,,0.1791255667985453,0.0581861939286445,G,99999900.0,LLLYALLTALLGLLLGFLILI,18446.197375003816,1101.482077603447,14.57260732997399,0.040457948279480904,LLLYALLTALLGLLLGFLILI,Mutant
LLLYALLTALLGLLLGFLILI,LLLYALLTALLGALLGFLILI,GAS,void,,,,,,,,,,,3907.25,4660.94,65.1163,38.5492,3871.33,4743.02,130.076,68.8776,-11.4161,1.1e+17,12,L,91.2728,29.69388856,3868.7008,3802.4524,66.2484,0.0,0.1959201149266642,0.0229103249949699,G,99999900.0,LLLYALLTALLGLLLGFLILI,18599.48102147285,1282.2723218467024,15.938913433170724,0.023663400151362007,LLLYALLTALLGLLLGFLILI,Mutant
LLLYALLTALLGLLLGFLILI,LLLYALLTALLGLLLGALILI,GAS,void,,,,,,,,,,,3873.15,4642.65,45.3822,58.4888,3871.33,4743.02,137.848,162.183,-11.4161,1.1e+17,16,F,70.974,45.17807432,3814.6612,3709.147,105.5142,0.0,0.3172910461886226,0.0662718419848,G,99999900.0,LLLYALLTALLGLLLGFLILI,19648.80118564199,1643.8518668302652,25.812941770749987,-0.09770753111059638,LLLYALLTALLGLLLGFLILI,Mutant
LLLYALLTALLGLLLGFLILI,LLLYALLTALLGLLLIFLILI,GAS,clash,28.4093,-276.632,3352050000.0,3352050000.0,-58.802,-275.987,-351.394,4650.28,-54.6419,-16.6052,3857.14,4747.95,42.9016,7.90018,3871.33,4743.02,24.4274,10.0126,-11.4161,1.10011e+17,15,G,121.82022,6.090160067,,,,,0.3446778016662213,0.1869401426562261,G,99999900.0,LLLYALLTALLGLLLGFLILI,19909.9038500606,2449.292821901163,28.0409678462566,-0.1250942865881951,LLLYALLTALLGLLLGFLILI,Mutant
LLLAALLFSLLGLLLGTLILI,LLLAALLFSLLGALLGTLILI,GAS,void,,,,,,,,,,,3725.14,4574.05,60.092,40.4435,3681.63,4650.35,123.45,61.3399,-10.6977,1.1e+17,12,L,89.3785,31.15304032,3684.6965,3620.2901,64.4064,0.0,0.2329935277679018,0.0171953497422985,G,99999900.0,LLLAALLFSLLGLLLGTLILI,18914.289356801808,1217.809609735,18.95498923615742,0.053348148293011516,LLLAALLFSLLGLLLGTLILI,Mutant
LLLAALLFSLLGLLLGTLILI,LLLAALLASLLGLLLGTLILI,GAS,void,,,,,,,,,,,3676.22,4470.28,63.7039,51.7189,3681.63,4650.35,169.06,142.925,-10.6977,1.1e+17,7,F,77.8765,39.90797513,3624.5011,3538.705,85.7961,0.0,0.2381216488717068,0.0501059787959136,G,99999900.0,LLLAALLFSLLGLLLGTLILI,18955.727626446303,1230.5574250287837,19.37218314388333,0.04822002718920651,LLLAALLFSLLGLLLGTLILI,Mutant
LLLAALLFSLLGLLLGTLILI,LLLAALLFSLLGLLLITLILI,GAS,clash,26.1976,-269.309,5734270000.0,5734270000.0,-74.0983,-269.921,-369.592,4538.46,-58.556,-25.5721,3678.02,4656.34,43.7621,10.5507,3681.63,4650.35,24.8317,8.19374,-10.6977,1.10011e+17,15,G,119.1697,8.133416178,,,,,0.2908401363880871,0.0051952780503625,G,99999900.0,LLLAALLFSLLGLLLGTLILI,19407.122734202465,1133.5037794648078,23.661050620128968,-0.00449846032717377,LLLAALLFSLLGLLLGTLILI,Mutant
LLLAALLFSLLGLLLGTLILI,LLLAALLFSLLILLLGTLILI,GAS,clash,26.2029,-269.309,398548000000000.0,398548000000000.0,-74.0983,-265.846,-364.003,4584.82,-50.9827,-24.0579,3680.84,4648.65,50.1557,3.79317,3681.63,4650.35,36.7318,3.35737,-10.6977,1.10011e+17,11,G,126.47463,2.911824718,,,,,0.3115077625799707,0.0656622241680206,G,99999900.0,LLLAALLFSLLGLLLGTLILI,19585.73354126203,1349.2738440335734,25.34244767762289,-0.025166086519057385,LLLAALLFSLLGLLLGTLILI,Mutant
LLLYVLLFLLLGALLGTLILI,LLLYVLLFALLGALLGTLILI,GAS,void,,,,,,,,,,,3883.0,4746.5,59.028,20.4981,3868.07,4783.97,108.64,43.2118,-10.102,1.1e+17,8,L,110.8315,15.60813404,3862.5019,3824.8582,37.6437,1.0,0.155395659714696,0.1662172478275494,G,99999900.0,LLLYVLLFLLLGALLGTLILI,18257.888709620805,1664.1302337305915,12.642081028842348,0.0060253786851302005,LLLYVLLFLLLGALLGTLILI,Mutant
LLLYVLLFLLLGALLGTLILI,LLLYVLLFLLLIALLGTLILI,GAS,clash,30.3374,-277.418,29463100000000.0,29463100000000.0,-58.7437,-274.499,-350.197,4715.32,-56.6095,-16.9545,3866.43,4782.17,52.0785,4.57592,3868.07,4783.97,39.2357,3.41378,-10.102,1.10011e+17,11,G,125.69188,3.512702295,,,,,0.1739507367249742,0.0437488524364772,G,99999900.0,LLLYVLLFLLLGALLGTLILI,18410.75286072717,1222.223228724474,14.151613453950118,-0.012529698325147998,LLLYVLLFLLLGALLGTLILI,Mutant
LLLYVLLFLLLGALLGTLILI,LLLYVLLFLLLGALLITLILI,GAS,clash,30.3329,-277.418,45090400.0,45090100.0,-58.7437,-277.963,-354.553,4709.15,-58.3442,-17.8462,3866.61,4801.34,49.4017,6.29764,3868.07,4783.97,27.3297,3.75547,-10.102,1.10011e+17,15,G,123.42276,4.854779973,,,,,0.2152949554191023,0.1578900664523797,G,99999900.0,LLLYVLLFLLLGALLGTLILI,18765.797068558204,1819.7361393712613,17.51513701545095,-0.0538739170192761,LLLYVLLFLLLGALLGTLILI,Mutant
LLLYVLLFLLLGALLGTLILI,LLLYVLLALLLGALLGTLILI,GAS,void,,,,,,,,,,,3872.47,4626.77,57.8391,23.4406,3868.07,4783.97,158.157,85.1105,-10.102,1.1e+17,7,F,106.1548,18.08752471,3849.0294,3782.9595,66.0699,1.0,0.2910548741898685,0.0137017043642989,G,99999900.0,LLLYVLLFLLLGALLGTLILI,19412.85102710524,1262.8388518123438,23.678520430386595,-0.12963383579004228,LLLYVLLFLLLGALLGTLILI,Mutant
LLLATLLVGLLFLLLGTLILI,LLLATLLVGLLFILLGTLILI,GAS,clash,32.0268,-271.171,111851000.0,111851000.0,-58.7666,-263.733,-340.499,4548.03,-49.4946,-17.9999,3598.86,4633.54,57.2803,10.8433,3587.73,4695.1,115.269,15.5977,-9.71071,1.10011e+17,12,L,118.9787,8.352436413,,,,,0.3265529106617352,0.0197681068347128,G,99999900.0,LLLATLLVGLLFLLLGTLILI,19718.51419362692,1317.7809546731744,26.566432835830057,0.06294383464356179,LLLATLLVGLLFLLLGTLILI,Mutant
LLLATLLVGLLFLLLGTLILI,LLLATLLVILLFLLLGTLILI,GAS,clash,32.1607,-276.41,112780000.0,112780000.0,-58.7666,-269.581,-356.553,4583.77,-49.4946,-28.2056,3573.29,4691.37,42.8346,8.37926,3587.73,4695.1,29.2548,3.42288,-9.71071,1.10011e+17,8,G,122.95034,6.380328578,,,,,0.3470740422889655,0.1572224669560308,G,99999900.0,LLLATLLVGLLFLLLGTLILI,19896.70029471792,1898.232740689063,28.23591195327319,0.0424227030163315,LLLATLLVGLLFLLLGTLILI,Mutant
LLLATLLVGLLFLLLGTLILI,LLLATLLVGLLALLLGTLILI,GAS,void,,,,,,,,,,,3592.23,4539.05,56.5526,23.3703,3587.73,4695.1,156.014,116.056,-9.71071,1.1e+17,11,F,106.8975,17.94019704,3568.8597,3471.674,97.1857,0.0,0.3518239945631971,0.0273108239958012,G,99999900.0,LLLATLLVGLLFLLLGTLILI,19933.17889199089,1256.10906798296,28.62234025921313,0.037672750742099914,LLLATLLVGLLFLLLGTLILI,Mutant
LLLYVLLTLLLGGLLFALILI,LLLYVLLTLLLGGLLFILILI,GAS,clash,29.829,-276.872,33154000.0,33153700.0,-58.7757,-276.995,-348.101,4741.32,-49.4948,-12.3308,3877.95,4701.31,43.01,11.7981,3877.95,4701.31,43.01,11.7981,-9.69791,1.10011e+17,16,A,117.6647,9.113119753,,,,,0.1647436670918959,0.0519192292276561,G,99999900.0,LLLYVLLTLLLGGLLFALILI,18331.36564511931,1324.6698165490743,13.402580176230064,0.1422755829025579,LLLYVLLTLLLGGLLFALILI,Mutant
LLLYVLLTLLLGGLLFALILI,LLLYVLLTLLLGILLFALILI,GAS,clash,29.7826,-278.057,54860300000.0,54860300000.0,-58.7757,-278.331,-352.133,4749.1,-49.4948,-15.0264,3859.06,4715.53,57.52,24.6861,3877.95,4701.31,38.5198,9.57471,-9.69791,1.10011e+17,12,G,105.1359,19.01534409,,,,,0.1951425724050613,0.0973777286399842,G,99999900.0,LLLYVLLTLLLGGLLFALILI,18609.69584611972,1815.3422911987188,15.875657126144374,0.11187667758939249,LLLYVLLTLLLGGLLFALILI,Mutant
LLLYVLLTLLLGGLLFALILI,LLLYVLLTLLLGGLLAALILI,GAS,void,,,,,,,,,,,3901.22,4617.13,45.3923,29.5062,3877.95,4701.31,134.302,101.598,-9.69791,1.1e+17,15,F,100.2142,22.74599832,3871.7138,3776.352,95.3618,0.0,0.2007411150043687,0.0953478994238014,G,99999900.0,LLLYVLLTLLLGGLLFALILI,18650.77899637848,1722.182151637339,16.33112177241452,0.1062781349900851,LLLYVLLTLLLGGLLFALILI,Mutant
LLLYVLLTLLLGGLLFALILI,LLLYVLLTALLGGLLFALILI,GAS,void,,,,,,,,,,,3895.83,4656.08,63.4441,30.6634,3877.95,4701.31,116.983,64.0356,-9.69791,1.1e+17,8,L,100.6662,23.34843021,3865.1666,3813.9144,51.2522,0.0,0.2334960766025592,0.043739019807743,G,99999900.0,LLLYVLLTLLLGGLLFALILI,18907.47453175117,853.4378979570564,18.995873666908924,0.0735231733918946,LLLYVLLTLLLGGLLFALILI,Mutant
LLLYLLLGALLGVLLSTLILI,LLLYLLLGALLIVLLSTLILI,GAS,clash,32.3473,-275.478,100873000.0,100873000.0,-74.1216,-272.689,-372.839,4683.67,-50.5557,-26.0285,3779.49,4668.5,53.6241,20.5805,3782.17,4647.75,31.9874,15.4876,-7.71629,1.10011e+17,11,G,109.6873,15.79860871,,,,,0.1329767911688411,0.0519972081538968,G,99999900.0,LLLYLLLGALLGVLLSTLILI,18061.83726800044,1374.938816245917,10.818213146997904,0.7089404348955707,LLLYLLLGALLGVLLSTLILI,Mutant
LLLYLLLGALLGVLLSTLILI,LLLYLLLGALLGVLLITLILI,GAS,clash,32.3473,-272.268,100850000.0,100850000.0,-58.7653,-271.748,-357.637,4612.45,-50.5557,-27.1242,3787.39,4644.22,46.6209,21.8366,3782.17,4647.75,56.6915,23.6033,-7.71629,1.10011e+17,15,S,107.8838,16.83358978,,,,,0.2299018622893321,0.0246405907696043,G,99999900.0,LLLYLLLGALLGVLLSTLILI,18888.46250917884,1195.451023805089,18.703469434601114,0.6120153637750797,LLLYLLLGALLGVLLSTLILI,Mutant
LLLYLLLGALLGVLLSTLILI,LLLYALLGALLGVLLSTLILI,GAS,void,,,,,,,,,,,3825.63,4588.73,63.8174,35.8433,3782.17,4647.75,121.222,56.3409,-7.71629,1.1e+17,4,L,102.6319,25.88427386,3789.7867,3725.8291,63.9576,0.0,0.7057560216559988,0.041170919923304,G,99999900.0,LLLYLLLGALLGVLLSTLILI,22970.692383570047,1619.343213627614,57.416177702450746,0.13616120440841295,LLLYLLLGALLGVLLSTLILI,Mutant
LLLVLLLATLLGSLLGTLILI,LLLVLLLATLLGSLLITLILI,GAS,clash,25.2478,-267.555,52953600.0,52953300.0,-87.858,-269.686,-392.504,4510.73,-53.9812,-34.9602,3621.18,4445.08,49.2267,18.3664,3626.34,4427.68,27.4155,14.2214,-7.11869,1.10011e+17,15,G,111.354,14.15845156,,,,,0.2251577622395977,0.0875884855862937,G,99999900.0,LLLVLLLATLLGSLLGTLILI,18863.52369458054,1751.9880476342173,18.31751723138133,0.07536237080849303,LLLVLLLATLLGSLLGTLILI,Mutant
LLLVLLLATLLGSLLGTLILI,LLLVLLLATLLGSLLGALILI,GAS,void,,,,,,,,,,,3636.35,4408.49,46.8283,45.9403,3626.34,4427.68,73.7359,73.1201,-7.11869,1.1e+17,16,T,83.5225,35.4853286,3590.4097,3553.2199,37.1898,0.0,0.246521444900027,0.0923544392456114,G,99999900.0,LLLVLLLATLLGSLLGTLILI,19049.009726473705,1788.649639538933,20.055541367727788,0.05399868814806372,LLLVLLLATLLGSLLGTLILI,Mutant
LLLVLLLATLLGSLLGTLILI,LLLVLLLATLLISLLGTLILI,GAS,clash,25.2479,-267.555,52955400.0,52955100.0,-87.858,-267.576,-388.857,4539.19,-58.4654,-33.4229,3624.92,4449.58,62.8746,12.1463,3626.34,4427.68,41.1648,9.16827,-7.11869,1.10011e+17,11,G,118.1215,9.324100046,,,,,0.2568434857534133,0.0512928856659473,G,99999900.0,LLLVLLLATLLGSLLGTLILI,19126.37793902546,1430.588319152893,20.89528217574721,0.043676647294677406,LLLVLLLATLLGSLLGTLILI,Mutant
LLLVLLLATLLGSLLGTLILI,LLLVALLATLLGSLLGTLILI,GAS,void,,,,,,,,,,,3698.18,4401.09,47.3288,55.6627,3626.34,4427.68,92.9218,54.8728,-7.11869,1.1e+17,4,L,82.8125,40.1968728,3642.5173,3571.4672,71.0501,0.0,0.2773297513375095,0.049071649942916,G,99999900.0,LLLVLLLATLLGSLLGTLILI,19303.20458607761,1490.773941314488,22.56192479606253,0.023190381710581243,LLLVLLLATLLGSLLGTLILI,Mutant
LLLTALLVGLLGLLLGFLILI,LLLTALLVGLLILLLGFLILI,GAS,clash,28.317,-273.436,40868000.0,40867700.0,-44.921,-269.854,-347.769,4580.24,-44.921,-32.9941,3823.66,4606.65,56.0277,19.9025,3829.34,4594.78,38.3549,14.4677,-6.9713,1.10011e+17,11,G,110.3653,15.27814241,,,,,0.2552078858558227,0.077541274134849,G,99999900.0,LLLTALLVGLLGLLLGFLILI,19119.91754383739,1699.8340650768914,20.762219344558304,0.006779562079153867,LLLTALLVGLLGLLLGFLILI,Mutant
LLLTALLVGLLGLLLGFLILI,LLLTALLVGLLGLLLIFLILI,GAS,clash,28.3117,-273.436,49166500.0,49166300.0,-44.921,-269.808,-348.992,4559.9,-47.009,-34.2633,3799.53,4600.4,43.5259,19.0467,3829.34,4594.78,24.578,21.9482,-6.9713,1.10011e+17,15,G,110.6737,14.68288719,,,,,0.2706038388168796,0.1029265663142395,G,99999900.0,LLLTALLVGLLGLLLGFLILI,19257.58402860265,1880.1352793804413,22.014743933773183,-0.008616390881903024,LLLTALLVGLLGLLLGFLILI,Mutant
LLLTALLVGLLGLLLGFLILI,LLLTALLVGLLGLLLGALILI,GAS,void,,,,,,,,,,,3796.99,4493.89,45.2023,65.0449,3829.34,4594.78,137.77,209.004,-6.9713,1.1e+17,16,F,64.4179,50.2421545,3731.9451,3620.336,111.6091,0.0,0.3569271190290734,0.0179458436346889,G,99999900.0,LLLTALLVGLLGLLLGFLILI,19977.96830297522,1302.0190392869372,29.037500586833115,-0.09493967109409684,LLLTALLVGLLGLLLGFLILI,Mutant
LLLTALLVGLLGLLLGFLILI,LLLTALLVGLLGALLGFLILI,GAS,void,,,,,,,,,,,3853.61,4501.86,63.1509,47.7301,3829.34,4594.78,131.999,82.7721,-6.9713,1.1e+17,12,L,82.0919,36.76580241,3805.8799,3746.5679,59.312,0.0,0.3806120286774214,0.0371624296426696,G,99999900.0,LLLTALLVGLLGLLLGFLILI,20185.29501757832,1466.4564514637466,30.964366160073496,-0.11862458074244481,LLLTALLVGLLGLLLGFLILI,Mutant
LLLLVLLATLLGGLLSILILI,LLLAVLLATLLGGLLSILILI,GAS,void,,,,,,,,,,,3741.0,4492.55,62.2506,123.986,3797.71,4550.37,121.168,241.114,-5.80888,1.1e+17,3,L,45.7448,73.04861581,3617.014,3556.596,60.418,0.0,0.2186014321281547,0.0605620048078045,G,99999900.0,LLLLVLLATLLGGLLSILILI,18802.006350366075,1517.9475693584477,17.78413260099412,0.0289557385382834,LLLLVLLATLLGGLLSILILI,Mutant
LLLLVLLATLLGGLLSILILI,LLLLVLLATLLGGLLIILILI,GAS,clash,21.0823,-262.882,36136600.0,36136300.0,-58.7199,-266.731,-368.047,4522.61,-52.2842,-42.5962,3798.97,4545.39,48.8837,15.0723,3797.71,4550.37,59.3242,26.3948,-5.80888,1.10011e+17,15,S,114.6481,11.61906685,,,,,0.2261299436783006,0.0206942018017613,G,99999900.0,LLLLVLLATLLGGLLSILILI,18851.929652242463,1062.1555089271794,18.39660822108712,0.021427226988137482,LLLLVLLATLLGGLLSILILI,Mutant
LLLLVLLATLLGGLLSILILI,LLLLVLLATLLIGLLSILILI,GAS,clash,21.0788,-266.093,40150000.0,40149700.0,-73.9676,-270.079,-385.986,4551.21,-50.2892,-41.9401,3795.75,4570.52,53.33,11.0883,3797.71,4550.37,31.7025,7.95128,-5.80888,1.10011e+17,11,G,119.1795,8.511926969,,,,,0.2482532804760493,0.027383629587642,G,99999900.0,LLLLVLLATLLGGLLSILILI,19049.50946290333,1339.1891501257885,20.19643337025156,-0.0006961098096112117,LLLLVLLATLLGGLLSILILI,Mutant
LLLLVLLATLLGGLLSILILI,LLLLVLLATLLGGLLSALILI,GAS,void,,,,,,,,,,,3815.12,4500.95,44.4366,43.671,3797.71,4550.37,101.147,100.426,-5.80888,1.1e+17,16,I,85.7918,33.73246987,3771.449,3697.284,74.165,0.0,0.5891001142696964,0.3096165784979624,G,99999900.0,LLLLVLLATLLGGLLSILILI,21918.21153471262,1768.690065840352,47.92573610080998,-0.3415429436032583,LLLLVLLATLLGGLLSILILI,Mutant
LLLLLLLLAVLTALLFILILI,LLLLLILLAVLTALLFILILI,Left,clash,20.2403,-282.716,318327.0,318015.0,-58.9289,-274.372,-369.572,4563.99,-49.6949,-36.2714,3667.99,4587.71,58.3577,39.4181,3655.28,4640.65,114.068,40.9051,-32.3253,1.10011e+16,5,L,90.8767,30.25301086,,,,,0.3176536906279767,0.0395209606717618,L,99999900.0,LLLLLLLLAVLTALLFILILI,28393.114452805607,965.8397021963412,26.53549020062183,-0.03577313585378111,LLLLLLLLAVLTALLFILILI,Mutant
LLLLLLLLAVLTALLFILILI,LLLLLLLLAVLTALLIILILI,Left,clash,20.1633,-281.727,322412.0,322101.0,-58.9289,-273.507,-387.461,4552.07,-49.6949,-55.0248,3665.13,4555.97,43.395,16.8722,3655.28,4640.65,131.778,20.2316,-32.3253,1.10011e+16,15,F,112.8482,13.00658956,,,,,0.3290428739670372,0.1201925262916811,L,99999900.0,LLLLLLLLAVLTALLFILILI,28438.51420868893,610.0000762135315,27.486895998203675,-0.047162319192841584,LLLLLLLLAVLTALLFILILI,Mutant
LLLLLLLLAVLTALLFILILI,LLLLLLLLAVLTALLFALILI,Left,void,,,,,,,,,,,3641.6,4621.81,44.3448,85.6181,3655.28,4640.65,87.2739,168.826,-32.3253,1.1e+16,16,I,43.8447,66.13336032,3555.9819,3486.454,69.5279,3.0,0.3352635268646778,0.085192776701406,L,99999900.0,LLLLLLLLAVLTALLFILILI,28493.766429382787,797.3363575541944,28.006543900548163,-0.053382972090482206,LLLLLLLLAVLTALLFILILI,Mutant
LLLLLLLLAVLTALLFILILI,LLLLALLLAVLTALLFILILI,Left,void,,,,,,,,,,,3614.55,4602.62,51.5336,90.9463,3655.28,4640.65,104.894,201.807,-32.3253,1.1e+16,4,L,47.5289,65.67695876,3523.6037,3453.473,70.1307,3.0,0.4166019517728536,0.0369730310873988,L,99999900.0,LLLLLLLLAVLTALLFILILI,28966.271927826623,1024.631169197336,34.80122326604841,-0.13472139699865798,LLLLLLLLAVLTALLFILILI,Mutant
LLLLVALLLLLTSLLFLLILI,LLLLVILLLLLTSLLFLLILI,Left,clash,26.0188,-287.769,1958930.0,1958610.0,-74.2973,-281.034,-397.208,4659.55,-51.7625,-41.8774,3536.64,4657.33,52.3699,14.289,3536.64,4657.33,52.3699,14.289,-31.8215,1.10011e+16,5,A,116.0058,10.96666943,,,,,0.2372058879222563,0.0539927491664496,L,99999900.0,LLLLVALLLLLTSLLFLLILI,27948.275927693787,1344.4219005770942,19.81520977151987,0.2383009945763984,LLLLVALLLLLTSLLFLLILI,Mutant
LLLLVALLLLLTSLLFLLILI,LLLLVALLLLLTILLFLLILI,Left,clash,24.8749,-285.81,1940940.0,1940630.0,-58.9959,-279.25,-381.978,4686.17,-49.6989,-43.7326,3541.59,4633.38,55.8289,10.5814,3536.64,4657.33,69.185,12.0312,-31.8215,1.10011e+16,12,S,119.2406,8.150698649,,,,,0.2777050554310652,0.1239849227776372,L,99999900.0,LLLLVALLLLLTSLLFLLILI,28176.4884963137,954.5062948362884,23.198344594977485,0.19780182706758948,LLLLVALLLLLTSLLFLLILI,Mutant
LLLLVALLLLLTSLLFLLILI,LLLLVALLLLLTSLLALLILI,Left,void,,,,,,,,,,,3589.58,4589.78,42.5075,16.4678,3536.64,4657.33,126.065,93.2492,-31.8215,1.1e+16,15,F,113.2526,12.69484214,3573.1122,3443.3908,129.7214,2.0,0.4056981009327197,0.1188002854217973,L,99999900.0,LLLLVALLLLLTSLLFLLILI,28890.82548697361,650.0641006305792,33.89036016055319,0.06980878156593501,LLLLVALLLLLTSLLFLLILI,Mutant
LLLLVALLLLLTSLLFLLILI,LLLLVALLLLLTSLLFALILI,Left,void,,,,,,,,,,,3541.8,4618.33,43.046,39.1219,3536.64,4657.33,96.9491,130.248,-31.8215,1.1e+16,16,L,69.2052,46.54433552,3502.6781,3406.392,96.2861,2.0,0.5064068475698087,0.0539064017796682,L,99999900.0,LLLLVALLLLLTSLLFLLILI,29503.986425616407,1205.4966366280123,42.303156984107616,-0.030899965071154,LLLLVALLLLLTSLLFLLILI,Mutant
LLLLVLLLAILFLLLSTLILI,LLLLVLLLAILFLLLITLILI,Left,clash,20.2193,-289.543,74904600.0,74904300.0,-58.8784,-279.201,-380.161,4626.7,-49.5967,-42.0817,3699.09,4632.81,43.9765,14.7849,3697.1,4631.92,51.407,14.7352,-30.5202,1.10011e+16,15,S,114.9355,11.39751342,,,,,0.0471153562118541,0.1229291738324919,L,99999900.0,LLLLVLLLAILFLLLSTLILI,26869.237637631293,1581.0577916376683,3.9358241693551768,0.08018575790248021,LLLLVLLLAILFLLLSTLILI,Mutant
LLLLVLLLAILFLLLSTLILI,LLLLVLLLIILFLLLSTLILI,Left,clash,19.9954,-291.625,11009800000.0,11009800000.0,-74.1764,-281.328,-396.051,4602.07,-49.5967,-40.5464,3697.1,4631.92,38.3819,18.6191,3697.1,4631.92,38.3819,18.6191,-30.5202,1.10011e+16,8,A,112.7105,14.17738271,,,,,0.1589719315553849,0.1453437071035901,L,99999900.0,LLLLVLLLAILFLLLSTLILI,27484.5723200425,816.0834634893041,13.279865011555184,-0.031670817441050575,LLLLVLLLAILFLLLSTLILI,Mutant
LLLLVLLLAILFLLLSTLILI,LLLLVLLLAALFLLLSTLILI,Left,void,,,,,,,,,,,3690.15,4624.47,42.9941,86.4992,3697.1,4631.92,81.5924,162.828,-30.5202,1.1e+16,9,I,43.1676,66.70882601,3603.6508,3534.272,69.3788,2.0,0.3156296747137618,0.1567983365012645,L,99999900.0,LLLLVLLLAILFLLLSTLILI,28365.839602811066,494.6177923058568,26.36641218880533,-0.18832856059942749,LLLLVLLLAILFLLLSTLILI,Mutant
LLLLVLLLAILFLLLSTLILI,LLLLVLLLAILALLLSTLILI,Left,void,,,,,,,,,,,3731.48,4580.37,50.7419,26.0265,3697.1,4631.92,127.068,101.754,-30.5202,1.1e+16,11,F,104.2413,19.97922741,3705.4535,3595.346,110.1075,2.0,0.3663422872929976,0.0891009708854673,L,99999900.0,LLLLVLLLAILFLLLSTLILI,28677.13423204144,844.8439083438242,30.602736443322662,-0.2390411731786633,LLLLVLLLAILFLLLSTLILI,Mutant
LLLLLLLLAILFTLLSVLILI,LLLLLLLLAILITLLSVLILI,Left,clash,20.1246,-285.85,3083.94,2768.37,-74.1724,-275.581,-401.786,4570.06,-49.8537,-52.0323,3665.43,4560.8,54.0487,35.7964,3631.62,4696.68,155.407,62.1085,-30.4619,1.10011e+16,11,F,94.4714,27.47908539,,,,,0.3178326298134432,0.130224669525499,L,99999900.0,LLLLLLLLAILFTLLSVLILI,28373.009772863712,544.3744799287539,26.55043804836466,-0.28406899443541767,LLLLLLLLAILFTLLSVLILI,Mutant
LLLLLLLLAILFTLLSVLILI,LLLLLLLLAILFTLLIVLILI,Left,clash,20.2988,-288.813,83492.8,83174.4,-58.8913,-278.556,-380.503,4615.47,-49.8537,-43.0558,3632.3,4709.58,35.14,8.8289,3631.62,4696.68,36.0697,9.29638,-30.4619,1.10011e+16,15,S,120.8915,6.806099889,,,,,0.3378322119005909,0.0951429513808804,L,99999900.0,LLLLLLLLAILFTLLSVLILI,28521.16924924559,952.2366037133706,28.22112134324749,-0.30406857652256536,LLLLLLLLAILFTLLSVLILI,Mutant
LLLLLLLLAILFTLLSVLILI,LLLLLALLAILFTLLSVLILI,Left,void,,,,,,,,,,,3629.83,4631.31,50.3192,65.4347,3631.62,4696.68,110.435,130.386,-30.4619,1.1e+16,5,L,64.8601,50.22049997,3564.3953,3501.234,63.1613,3.0,0.3381958963908112,0.0641096464037035,L,99999900.0,LLLLLLLLAILFTLLSVLILI,28512.58506126238,869.6653120823795,28.251502058193008,-0.3044322610127857,LLLLLLLLAILFTLLSVLILI,Mutant
LLLLLLLLAILFTLLSVLILI,LLLLALLLAILFTLLSVLILI,Left,void,,,,,,,,,,,3668.1,4658.34,53.947,14.9892,3631.62,4696.68,107.22,71.3322,-30.4619,1.1e+16,4,L,123.486,10.82446532,3653.1108,3560.2878,92.823,3.0,0.366450124752412,0.0521982881487803,L,99999900.0,LLLLLLLLAILFTLLSVLILI,28681.16696607319,960.382231065656,30.611744743657205,-0.3326864893743865,LLLLLLLLAILFTLLSVLILI,Mutant
LLLLVALLLLLTALLFILILI,LLLLVALLLLLTILLFILILI,Left,clash,22.7167,-284.332,272026.0,271715.0,-58.9847,-279.156,-379.419,4653.23,-49.6808,-41.2786,3623.66,4754.0,47.3728,14.6423,3623.66,4754.0,47.3728,14.6423,-30.3335,1.10011e+16,12,A,119.1521,8.218868913,,,,,0.2459692984209991,0.1359374119695408,L,99999900.0,LLLLVALLLLLTALLFILILI,27990.63241204193,901.06360229472,20.54726924469552,0.18320498508940727,LLLLVALLLLLTALLFILILI,Mutant
LLLLVALLLLLTALLFILILI,LLLLVILLLLLTALLFILILI,Left,clash,20.952,-283.972,388264000.0,388264000.0,-58.8987,-278.881,-379.674,4646.7,-49.5822,-41.894,3623.66,4754.0,42.0108,20.6654,3623.66,4754.0,42.0108,20.6654,-30.3335,1.10011e+16,5,A,119.1521,8.218868913,,,,,0.3305777966934907,0.074387533702613,L,99999900.0,LLLLVSLLLLLTALLFILILI,28480.59078466126,996.5949419183509,27.615117165368453,0.09859648681691568,LLLLVALLLLLTALLFILILI,Mutant
LLLLVALLLLLTALLFILILI,LLLLVALLLLLTALLFALILI,Left,void,,,,,,,,,,,3629.55,4736.83,43.3223,72.1564,3623.66,4754.0,87.5896,140.979,-30.3335,1.1e+16,16,I,57.3064,55.73523823,3557.3936,3482.681,74.7126,3.0,0.4902624431785645,0.1016015688232151,L,99999900.0,LLLLVALLLLLTALLFSLILI,29373.3271261224,845.8863994934793,40.95451946734582,-0.061088159668158115,LLLLVALLLLLTALLFILILI,Mutant
LLLLVALLLLLTALLFILILI,LLLLVALLLALTALLFILILI,Left,void,,,,,,,,,,,3616.73,4690.0,48.4372,60.2825,3623.66,4754.0,108.188,127.621,-30.3335,1.1e+16,9,L,69.3843,46.49031209,3556.4475,3496.039,60.4085,3.0,0.7439504981971731,0.0846564085990899,L,99999900.0,LLLLVALLLLLTALLFILILI,30857.75661276377,976.133803802752,62.14658207065755,-0.3147762146867667,LLLLVALLLLLTALLFILILI,Mutant
LLLLVALLLLLTSLIFLLILI,LLLLVALLLLLTILIFLLILI,Left,clash,29.647,-282.381,16345.1,16042.7,-58.9503,-279.27,-380.107,4649.7,-49.6545,-41.8865,3532.83,4649.46,56.4717,11.6422,3531.99,4652.85,65.0359,11.7478,-24.3764,1.1011e+16,12,S,118.1798,8.967817473,,,,,0.2350890661395483,0.0866875712768504,L,99999900.0,LLLLVALLLLLTSLIFLLILI,27938.778394870013,1480.1577471844605,19.63837913699941,0.0350561793137629,LLLLVALLLLLTSLIFLLILI,Mutant
LLLLVALLLLLTSLIFLLILI,LLLLVILLLLLTSLIFLLILI,Left,clash,31.7551,-284.225,917977.0,917672.0,-74.2414,-281.027,-395.299,4629.29,-52.3904,-40.0308,3531.99,4652.85,41.157,12.5121,3531.99,4652.85,41.157,12.5121,-24.3764,1.1011e+16,5,A,117.7827,9.602915849,,,,,0.3330625832278036,0.1226468219871091,L,99999900.0,LLLLVALLLLLTSLIFLLILI,28458.35928936836,665.3205392397027,27.822686070365428,-0.06291733777449238,LLLLVALLLLLTSLIFLLILI,Mutant
LLLLVALLLLLTSLIFLLILI,LLLLVALLLLLTSLIALLILI,Left,void,,,,,,,,,,,3589.92,4583.8,42.796,17.1436,3531.99,4652.85,126.887,97.038,-24.3764,1.1e+16,15,F,112.5768,13.21580877,3572.7764,3434.952,137.8244,2.0,0.3506984366028632,0.0984652363663777,L,99999900.0,LLLLVALLLLLTSLIFLLILI,28580.8771686598,752.1466510918663,29.295913135627423,-0.080553191149552,LLLLVALLLLLTSLIFLLILI,Mutant
LLLLVALLLLLTSLIFLLILI,LLLLVALALLLTSLIFLLILI,Left,void,,,,,,,,,,,3472.93,4593.44,49.7511,99.8198,3531.99,4652.85,110.573,220.82,-24.3764,1.1e+16,7,L,29.7756,77.0241845,3373.1102,3311.17,61.9402,2.0,0.376329540749609,0.0349754186641868,L,99999900.0,LLLLVALLLLLTSLIFLLILI,28751.5575090162,1199.4823608369884,31.43703075202445,-0.1061842952962978,LLLLVALLLLLTSLIFLLILI,Mutant
LLLLVLLLTILLFLLSALILI,LLLLVILLTILLFLLSALILI,Left,clash,19.2278,-282.286,9.29e+19,9.29e+19,-74.1966,-277.139,-384.856,4581.68,-49.8794,-33.5202,3625.18,4649.13,46.29,14.9518,3619.53,4679.81,94.7932,16.2235,-23.9979,1.10011e+16,5,L,115.343,11.47536203,,,,,0.2030731981498585,0.0758375601148761,L,99999900.0,LLLLVLLLTILLFLLSALILI,27721.788221111987,747.0164207697183,16.96390446105496,0.007452253042017298,LLLLVLLLTILLFLLSALILI,Mutant
LLLLVLLLTILLFLLSALILI,LLLLVLLLTILAFLLSALILI,Left,void,,,,,,,,,,,3600.72,4619.53,58.5527,48.5165,3619.53,4679.81,119.514,155.33,-23.9979,1.1e+16,11,L,81.7513,37.24366267,3552.2035,3464.2,88.0035,3.0,0.2167504410783089,0.0612103377527422,L,99999900.0,LLLLVLLLTILLFLLSALILI,27811.60735787635,840.4869893898546,18.1064453992129,-0.006224989886433108,LLLLVLLLTILLFLLSALILI,Mutant
LLLLVLLLTILLFLLSALILI,LLLLVLLLTILLALLSALILI,Left,void,,,,,,,,,,,3654.76,4534.79,51.6648,37.0835,3619.53,4679.81,153.585,121.207,-23.9979,1.1e+16,12,F,92.7385,28.56488114,3617.6765,3498.323,119.3535,3.0,0.227416892844709,0.0446382170352622,L,99999900.0,LLLLVLLLTILLFLLSALILI,27881.283715921538,973.0220190672,18.997477156983976,-0.01689144165283321,LLLLVLLLTILLFLLSALILI,Mutant
LLLLVLLLTILLFLLSALILI,LLLLVLLLTILLFLLIALILI,Left,clash,19.1313,-284.292,9.29e+19,9.29e+19,-58.8752,-279.152,-380.099,4642.25,-49.6249,-42.0723,3624.68,4684.9,39.7552,6.93457,3619.53,4679.81,41.5586,9.33823,-23.9979,1.10011e+16,15,S,122.78583,5.345782159,,,,,0.2700097550969641,0.1946701710905515,L,99999900.0,LLLLVLLLTILLFLLSALILI,28185.261090669104,1847.17670044336,22.55551067668522,-0.059484303905088326,LLLLVLLLTILLFLLSALILI,Mutant
LLLLLLLLAVLFILLSTLILI,LLLLLLLLIVLFILLSTLILI,Left,clash,22.3984,-290.327,490802000000.0,490802000000.0,-74.2392,-280.962,-395.964,4584.52,-49.6034,-40.7637,3639.47,4697.41,50.8988,30.4741,3639.47,4697.41,50.8988,30.4741,-22.091,1.10011e+16,8,A,100.8555,23.20428906,,,,,0.1126956841918771,0.0522476386310005,L,99999900.0,LLLLLLLLAVLFILLSTLILI,27206.94958744092,813.3186143301857,9.414136563671176,-0.030840974327749196,LLLLLLLLAVLFILLSTLILI,Mutant
LLLLLLLLAVLFILLSTLILI,LLLLLLLLAVLFILLITLILI,Left,clash,22.4622,-288.286,6697070.0,6696760.0,-58.8706,-278.842,-380.512,4621.78,-49.6034,-42.7992,3640.81,4709.16,34.8121,5.69811,3639.47,4697.41,36.2117,5.9688,-22.091,1.10011e+16,15,S,124.02229,4.392609027,,,,,0.1702514996859685,0.1065265909322385,L,99999900.0,LLLLLLLLAVLFILLSTLILI,27536.789606378305,653.9862440088144,14.222114002916298,-0.0883967898218406,LLLLLLLLAVLFILLSTLILI,Mutant
LLLLLLLLAVLFILLSTLILI,LLLLALLLAVLFILLSTLILI,Left,void,,,,,,,,,,,3669.96,4658.02,53.6357,19.7818,3639.47,4697.41,107.104,72.4344,-22.091,1.1e+16,4,L,118.6934,14.28544606,3650.1782,3567.0356,83.1426,2.0,0.2048380932544403,0.0424904445727881,L,99999900.0,LLLLLLLLAVLFILLSTLILI,27753.43897101733,1007.6066974906928,17.111336580166096,-0.1229833833903124,LLLLLLLLAVLFILLSTLILI,Mutant
LLLLAILLAVLFLLLSTLILI,LLLLAILLAVLFLLLITLILI,Left,clash,25.359,-283.557,5673900000.0,5673900000.0,-58.8879,-275.415,-370.307,4582.05,-49.6124,-36.0042,3578.18,4572.45,41.889,18.0237,3575.62,4574.73,51.0865,18.2936,-21.8131,1.10011e+16,15,S,111.6967,13.89426798,,,,,0.2053341229480952,0.0700275309128976,L,99999900.0,LLLLAILLAVLFLLLSTLILI,27750.950519537007,876.6432115883132,17.152772872151797,0.04579751085862141,LLLLAILLAVLFLLLSTLILI,Mutant
LLLLAILLAVLFLLLSTLILI,LLLLIILLAVLFLLLSTLILI,Left,clash,27.3274,-285.448,26933.8,26626.1,-74.1978,-276.827,-384.973,4555.45,-49.6124,-33.9477,3575.62,4574.73,56.7632,27.0471,3575.62,4574.73,56.7632,27.0471,-21.8131,1.10011e+16,4,A,111.4281,19.5320895,,,,,0.2301594226153257,0.0602494573687949,L,99999900.0,LLLLAILLAVLFLLLSTLILI,27891.821447663555,874.5727569907259,19.22657687784427,0.020972211191390894,LLLLAILLAVLFLLLSTLILI,Mutant
LLLLAILLAVLFLLLSTLILI,LLLLAILLAVLFALLSTLILI,Left,void,,,,,,,,,,,3570.34,4485.91,53.5154,71.8221,3575.62,4574.73,119.435,149.708,-21.8131,1.1e+16,12,L,57.9999,55.3235199,3498.5179,3425.912,72.6059,2.0,0.3220998806778993,0.0632187542288979,L,99999900.0,LLLLAILLAVLFLLLSTLILI,28417.2888659062,851.9367952602253,26.90690673372297,-0.0709682468711827,LLLLAILLAVLFLLLSTLILI,Mutant
LLLLAILLAVLFLLLSTLILI,LLLLAILLAVLALLLSTLILI,Left,void,,,,,,,,,,,3634.06,4520.72,54.2551,14.7626,3575.62,4574.73,131.533,88.3704,-21.8131,1.1e+16,11,F,115.5052,11.3325012,3619.2974,3487.2496,132.0478,2.0,0.6623724527320419,0.0577236385437964,L,99999900.0,LLLLAILLAVLFLLLSTLILI,30388.571434898306,1031.230687510426,55.33188578381007,-0.4112408189253253,LLLLAILLAVLFLLLSTLILI,Mutant
LLLVALLFLLLYLLATLLILI,LLLVALLFLLLILLATLLILI,Left,clash,31.2026,-280.243,1294.83,996.185,-58.8664,-275.3,-369.79,4683.83,-49.6003,-35.6237,3633.1,4676.49,45.0938,15.8061,3628.11,4715.65,120.229,17.4792,-20.8896,1.10011e+17,11,Y,114.4617,12.13354336,,,,,0.1821800868660902,0.0759779985218359,L,99999900.0,LLLVALLFLLLYLLATLLILI,27613.87882527619,815.2341755776482,15.218579391370076,1.3396842660537285,LLLVALLFLLLYLLATLLILI,Mutant
LLLVALLFLLLYLLATLLILI,LLLVALLILLLYLLATLLILI,Left,clash,31.1743,-282.165,4305040000.0,4305040000.0,-58.8664,-277.25,-374.116,4704.03,-49.6003,-37.9998,3637.97,4695.98,35.3933,3.0705,3628.11,4715.65,102.789,11.4239,-20.8896,1.10011e+17,7,F,126.5249,2.369297058,,,,,0.569016522707136,0.1575548593693756,L,99999900.0,LLLVALLFLLLYLLATLLILI,29840.42681875053,746.2203275704834,47.53331318908118,0.9528478302126826,LLLVALLFLLLYLLATLLILI,Mutant
LLLVALLFLLLYLLATLLILI,LLLVALLFLLAYLLATLLILI,Left,void,,,,,,,,,,,3567.63,4654.72,53.2435,88.1678,3628.11,4715.65,112.108,208.224,-20.8896,1.1e+17,10,L,40.4036,68.57497079,3479.4622,3419.886,59.5762,2.0,0.5834061023856799,0.0373013155625896,L,99999900.0,LLLVALLFLLLYLLATLLILI,29943.5647547435,1175.227354180666,48.73535982608456,0.9384582505341387,LLLVALLFLLLYLLATLLILI,Mutant
LLLVALLFLLLYLLATLLILI,LLLVALLFALLYLLATLLILI,Left,void,,,,,,,,,,,3628.58,4676.87,43.3383,67.9876,3628.11,4715.65,95.7611,145.182,-20.8896,1.1e+17,8,L,63.342,51.76867972,3560.5924,3482.928,77.6644,2.0,0.6906193821402261,0.189445512097737,L,99999900.0,LLLVALLFLLLYLLATLLILI,30548.54180076692,901.5779945355011,57.69151874455651,0.8312449707795925,LLLVALLFLLLYLLATLLILI,Mutant
LLLLAVLTALLLLLFSLLILI,LLLLIVLTALLLLLFSLLILI,Left,clash,25.2274,-285.107,3435230.0,3434920.0,-74.2962,-276.784,-387.29,4598.92,-49.9071,-36.21,3619.44,4581.85,61.6851,47.7739,3619.44,4581.85,61.6851,47.7739,-20.6163,1.1011e+16,4,A,90.7013,34.49996823,,,,,0.1923322527766388,0.1313992874777659,L,99999900.0,LLLLAVLTALLLLLFSLLILI,27698.530274060427,1171.8681998417603,16.066649812028118,0.017919230279754006,LLLLAVLTALLLLLFSLLILI,Mutant
LLLLAVLTALLLLLFSLLILI,LLLLAVLTALLLLLFILLILI,Left,clash,23.4207,-283.209,3434870.0,3434560.0,-58.9957,-274.98,-372.646,4612.0,-49.7919,-38.6705,3622.72,4582.38,39.9992,10.3245,3619.44,4581.85,47.669,9.99278,-20.6163,1.1011e+16,15,S,119.3959,7.959041138,,,,,0.2008456641692388,0.1311849644867451,L,99999900.0,LLLLAVLTALLLLLFSLLILI,27714.77457112053,648.3511492550323,16.777825382302776,0.009405818887154,LLLLAVLTALLLLLFSLLILI,Mutant
LLLLAVLTALLLLLFSLLILI,LLLLAVLTALLLLLASLLILI,Left,void,,,,,,,,,,,3575.52,4474.2,46.1234,85.8266,3619.44,4581.85,141.475,228.403,-20.6163,1.1e+16,14,F,44.0602,66.07800023,3489.6934,3391.037,98.6564,2.0,0.289756334293894,0.047302257980146,L,99999900.0,LLLLAVLTALLLLLFSLLILI,28229.386986964568,1031.0013802755789,24.20505914483007,-0.07950485123750123,LLLLAVLTALLLLLFSLLILI,Mutant
LLLLAVLTALLLLLFSLLILI,LLLLAVLTALLALLFSLLILI,Left,void,,,,,,,,,,,3655.8,4528.94,52.5058,28.071,3619.44,4581.85,110.74,65.347,-20.6163,1.1e+16,11,L,102.1968,21.54868663,3627.729,3554.093,73.636,2.0,0.3220261687818361,0.0675865462297307,L,99999900.0,LLLLAVLTALLLLLFSLLILI,28429.952921546155,986.243020226059,26.90074914338681,-0.1117746857254433,LLLLAVLTALLLLLFSLLILI,Mutant
LLLVLLLAILFLLLTSLLILI,LLLVLLLAILFILLTSLLILI,Left,clash,22.5401,-283.324,607.446,296.766,-74.2544,-276.702,-385.74,4611.78,-49.8973,-34.7843,3715.14,4626.99,48.5898,10.7498,3690.59,4701.94,111.732,27.8052,-19.934,1.10011e+17,11,L,119.518,8.252077643,,,,,0.0633194403199853,0.2711831071747208,L,99999900.0,LLLVLLLAILFLLLTSLLILI,27011.86265877356,2191.241846882421,5.289447085592429,0.17707015717183522,LLLVLLLAILFLLLTSLLILI,Mutant
LLLVLLLAILFLLLTSLLILI,LLLVLLLAALFLLLTSLLILI,Left,void,,,,,,,,,,,3704.2,4675.69,46.6812,82.5528,3690.59,4701.94,91.8491,147.154,-19.934,1.1e+17,8,I,48.7768,62.85924879,3621.6472,3543.436,78.2112,3.0,0.1743784292946891,0.1415446961216034,L,99999900.0,LLLVLLLAILFLLLTSLLILI,27560.844751804616,617.6550421858833,14.566860824445016,0.0660111681971314,LLLVLLLAILFLLLTSLLILI,Mutant
LLLVLLLAILFLLLTSLLILI,LLLVLLLAILFLLLISLLILI,Left,clash,22.5741,-284.172,777.202,470.467,-60.4347,-277.541,-384.807,4645.04,-45.138,-46.8313,3705.25,4702.52,33.2519,9.3985,3690.59,4701.94,51.4389,6.21086,-19.934,1.10011e+17,14,T,120.4883,7.235916198,,,,,0.3087711811926354,0.0267062024486536,L,99999900.0,LLLVLLLAILFLLLTSLLILI,28353.00774041729,1062.3743151656188,25.79348168936398,-0.0683815837008149,LLLVLLLAILFLLLTSLLILI,Mutant
LLLVLLLAILFLLLTSLLILI,LLLVLLLAILALLLTSLLILI,Left,void,,,,,,,,,,,3639.27,4559.72,54.3102,72.9515,3690.59,4701.94,156.958,221.194,-19.934,1.1e+17,10,F,55.6199,56.74006816,3566.3185,3469.396,96.9225,3.0,0.4050232189109592,0.0746462528414564,L,99999900.0,LLLVLLLAILFLLLTSLLILI,28910.7617482781,1021.4661299722828,33.833983276533374,-0.1646336214191387,LLLVLLLAILFLLLTSLLILI,Mutant
LLLLTILLFLLALLVSLLILI,LLLLTILLFLLILLVSLLILI,Left,clash,28.9635,-288.518,215730000.0,215730000.0,-60.4031,-281.341,-385.216,4659.76,-45.0764,-43.4711,3604.77,4657.62,45.2717,8.78978,3604.77,4657.62,45.2717,8.78978,-19.5654,1.1011e+16,11,A,121.47802,6.747469444,,,,,0.215549123265423,0.2261408138664465,L,99999900.0,LLLLTILLFLLALLVSLLILI,27790.908202470047,601.9272735744755,18.0060922221771,0.09935325686116411,LLLLTILLFLLALLVSLLILI,Mutant
LLLLTILLFLLALLVSLLILI,LLLLTILLFLLALLVILLILI,Left,clash,28.9962,-286.486,215672000.0,215672000.0,-45.0764,-279.179,-371.186,4669.33,-45.0764,-46.9305,3605.2,4657.57,39.637,15.3586,3604.77,4657.62,47.2781,15.3623,-19.5654,1.1011e+16,15,S,114.3618,11.83977231,,,,,0.2787732914032197,0.0243594663200278,L,99999900.0,LLLLTILLFLLALLVSLLILI,28181.083265560468,1079.5718220033978,23.287580659305966,0.0361290887233674,LLLLTILLFLLALLVSLLILI,Mutant
LLLLTILLFLLALLVSLLILI,LLLLTILLALLALLVSLLILI,Left,void,,,,,,,,,,,3675.18,4568.79,46.8489,20.6911,3604.77,4657.62,134.186,69.2344,-19.5654,1.1e+16,8,F,110.6385,15.75509253,3654.4889,3535.5356,118.9533,3.0,0.285107172912455,0.1296455486833403,L,99999900.0,LLLLTILLFLLALLVSLLILI,28201.207240252683,673.7305195507146,23.81668721678983,0.02979520721413209,LLLLTILLFLLALLVSLLILI,Mutant
LLLLTILLFLLALLVSLLILI,LLLLTILAFLLALLVSLLILI,Left,void,,,,,,,,,,,3584.75,4581.08,57.9383,51.3664,3604.77,4657.62,123.025,160.217,-19.5654,1.1e+16,7,L,78.229,39.63597473,3533.3836,3444.553,88.8306,3.0,0.3100224568902921,0.0355428885512755,L,99999900.0,LLLLTILLFLLALLVSLLILI,28350.00045833996,980.544238772137,25.898008143779805,0.004879923236294992,LLLLTILLFLLALLVSLLILI,Mutant
LLLLAILLALLFVLTSLLILI,LLLLAALLALLFVLTSLLILI,Left,void,,,,,,,,,,,3640.68,4616.03,48.6703,87.6122,3639.74,4628.62,87.9453,157.118,-19.5332,1.1e+16,5,I,42.6826,67.24151693,3553.0678,3482.622,70.4458,2.0,0.295512752154031,0.0414345177278435,L,99999900.0,LLLLAILLALLFVLTSLLILI,28272.067108968866,971.1015342135028,24.68592675073252,0.005154775915119925,LLLLAILLALLFVLTSLLILI,Mutant
LLLLAILLALLFVLTSLLILI,LLLLAILLALLFVLTILLILI,Left,clash,24.1986,-284.146,1151150.0,1150840.0,-58.8416,-275.267,-370.478,4577.51,-49.8804,-36.3696,3640.12,4639.88,35.2219,4.16123,3639.74,4628.62,36.3564,4.40225,-19.5332,1.1011e+16,15,S,125.55917,3.207845489,,,,,0.314080208436835,0.0049243253473295,L,99999900.0,LLLLAILLALLFVLTSLLILI,28383.50558951182,1119.158366379993,26.23697611291306,-0.01341268036768406,LLLLAILLALLFVLTSLLILI,Mutant
LLLLAILLALLFVLTSLLILI,LLLLIILLALLFVLTSLLILI,Left,clash,27.785,-283.697,874.173,568.333,-74.23,-276.642,-384.96,4550.78,-49.9285,-34.0879,3639.74,4628.62,57.4117,33.177,3639.74,4628.62,57.4117,33.177,-19.5332,1.1011e+16,4,A,105.2982,23.95880273,,,,,0.3212331019503016,0.1070174254495674,L,99999900.0,LLLLAILLALLFVLTSLLILI,28422.603909469675,894.4704785824662,26.834499583701177,-0.020565573881150656,LLLLAILLALLFVLTSLLILI,Mutant
LLLLAILLALLFVLTSLLILI,LLLLAILAALLFVLTSLLILI,Left,void,,,,,,,,,,,3575.99,4563.95,59.8416,106.672,3639.74,4628.62,122.082,230.973,-19.5332,1.1e+16,7,L,22.9234,82.31156353,3469.318,3408.767,60.551,2.0,0.4182821595580039,0.0383729585171803,L,99999900.0,LLLLAILLALLFVLTSLLILI,28986.75804161204,1082.512081610667,34.941580952841605,-0.11761463148885298,LLLLAILLALLFVLTSLLILI,Mutant
LLLLAILLLLLTVLFSLLILI,LLLLAILLLLLTVLASLLILI,Left,void,,,,,,,,,,,3610.42,4507.68,46.8893,94.2735,3682.53,4615.65,142.55,259.456,-19.0411,1.1e+16,14,F,35.6133,72.58127847,3516.1465,3423.074,93.0725,2.0,0.2076934287776797,0.2562351833189782,L,99999900.0,LLLLAILLLLLTVLFSLLILI,27803.951446515865,1521.9855185115964,17.34985963225663,-0.0292440052991631,LLLLAILLLLLTVLFSLLILI,Mutant
LLLLAILLLLLTVLFSLLILI,LLLLAILLLLLTVLFILLILI,Left,clash,23.6808,-287.821,5167320.0,5167010.0,-58.9986,-279.315,-380.828,4617.06,-49.6951,-42.5139,3682.8,4618.94,38.2776,8.4255,3682.53,4615.65,44.4326,8.75499,-19.0411,1.1011e+16,15,S,121.2949,6.495123358,,,,,0.2366002015391468,0.0960045707165431,L,99999900.0,LLLLAILLLLLTVLFSLLILI,27909.1733731164,688.2390769314657,19.764613208162217,-0.05815077806063018,LLLLAILLLLLTVLFSLLILI,Mutant
LLLLAILLLLLTVLFSLLILI,LLLLIILLLLLTVLFSLLILI,Left,clash,25.4729,-289.719,807.809,493.868,-74.3434,-280.68,-396.419,4588.0,-49.6951,-41.3959,3682.53,4615.65,45.1315,26.5789,3682.53,4615.65,45.1315,26.5789,-19.0411,1.1011e+16,4,A,111.8963,19.19397842,,,,,0.2379540367104122,0.0793956231087781,L,99999900.0,LLLLAILLLLLTVLFSLLILI,27953.03540353654,1082.459372266696,19.87770706156385,-0.0595046132318956,LLLLAILLLLLTVLFSLLILI,Mutant
LLLLAILLLLLTVLFSLLILI,LLLLAALLLLLTVLFSLLILI,Left,void,,,,,,,,,,,3682.55,4595.54,42.3298,79.703,3682.53,4615.65,87.5044,152.523,-19.0411,1.1e+16,5,I,50.5918,61.17128235,3602.847,3530.007,72.84,2.0,0.2462014037039366,0.0676658858770828,L,99999900.0,LLLLAILLLLLTVLFSLLILI,28007.198200998428,1233.7604078435252,20.56665837078665,-0.06775198022541998,LLLLAILLLLLTVLFSLLILI,Mutant
LLLLAVLLLILTLLLSFLILI,LLLLAVLLLILILLLSFLILI,Left,clash,21.6926,-286.696,5502.1,5191.92,-60.51,-278.074,-383.946,4621.27,-45.1806,-45.3619,3766.91,4702.46,49.2325,12.3189,3747.86,4723.43,76.6865,20.039,-18.7353,1.10011e+16,11,T,117.9489,9.456596335,,,,,0.2266813246476113,0.0231252562073811,L,99999900.0,LLLLAVLLLILTLLLSFLILI,27871.998870490515,991.786998545813,18.936030798065907,0.14877347608928762,LLLLAVLLLILTLLLSFLILI,Mutant
LLLLAVLLLILTLLLSFLILI,LLLLAVLLLALTLLLSFLILI,Left,void,,,,,,,,,,,3751.77,4725.99,40.3477,79.4882,3747.86,4723.43,74.0482,145.976,-18.7353,1.1e+16,9,I,50.1786,61.30189069,3672.2818,3601.884,70.3978,3.0,0.3130214501488492,0.104478819638813,L,99999900.0,LLLLAVLLLILTLLLSFLILI,28395.351997244547,1223.7846417502703,26.14853177555896,0.06243335058804972,LLLLAVLLLILTLLLSFLILI,Mutant
LLLLAVLLLILTLLLSFLILI,LLLLIVLLLILTLLLSFLILI,Left,clash,23.2255,-289.802,1036.39,720.135,-74.3139,-280.888,-396.389,4606.22,-49.6833,-41.1877,3747.86,4723.43,46.2104,28.3414,3747.86,4723.43,46.2104,28.3414,-18.7353,1.10011e+16,4,A,110.1338,20.4667695,,,,,0.3347621291612388,0.1009273522622725,L,99999900.0,LLLLAVLLLILTLLLSFLILI,28484.907291171174,703.0814684950068,27.964659186978743,0.04069267157566009,LLLLAVLLLILTLLLSFLILI,Mutant
LLLLAVLLLILTLLLSFLILI,LLLLAVLLLILTLLLSALILI,Left,void,,,,,,,,,,,3645.38,4617.72,46.3102,90.2833,3747.86,4723.43,140.852,276.99,-18.7353,1.1e+16,16,F,39.1795,69.7368665,3555.0967,3470.87,84.2267,3.0,0.3672676900067084,0.0531664149061883,L,99999900.0,LLLLAVLLLILTLLLSFLILI,28684.217251730974,941.457830902304,30.680040801388696,0.008187110730190517,LLLLAVLLLILTLLLSFLILI,Mutant
LLLLLLLLFVLATLLSILILI,LLLLLLLLFVLATLLIILILI,Left,clash,22.236,-286.943,286810000.0,286809000.0,-58.9034,-278.515,-380.688,4593.69,-49.6295,-43.2697,3682.09,4722.07,47.3663,37.5949,3676.41,4727.97,57.2818,36.8246,-18.6513,1.10011e+16,15,S,92.1255,28.98148634,,,,,0.1679080182189834,0.1385397282593034,L,99999900.0,LLLLLLLLFVLATLLSILILI,27562.25109915314,1241.3835812690736,14.026349145345824,0.0583471609122474,LLLLLLLLFVLATLLSILILI,Mutant
LLLLLLLLFVLATLLSILILI,LLLLLLLLFVLITLLSILILI,Left,clash,22.1735,-288.981,286815000.0,286815000.0,-74.1441,-280.633,-395.151,4595.25,-49.6295,-40.3739,3676.41,4727.97,48.5457,19.0605,3676.41,4727.97,48.5457,19.0605,-18.6513,1.10011e+16,11,A,111.2073,14.63178161,,,,,0.1829031850312329,0.1236831615674787,L,99999900.0,LLLLLLLLFVLATLLSILILI,27635.184841994786,1025.713219618708,15.27898405481755,0.043351994099997904,LLLLLLLLFVLATLLSILILI,Mutant
LLLLLLLLFVLATLLSILILI,LLLLLLLLAVLATLLSILILI,Left,void,,,,,,,,,,,3719.39,4578.83,58.6493,43.3254,3676.41,4727.97,162.965,119.074,-18.6513,1.1e+16,8,F,88.0042,32.98982103,3676.0646,3557.336,118.7286,2.0,0.2827473845101659,0.0427608593444741,L,99999900.0,LLLLLLLLFVLATLLSILILI,28201.289968460787,1246.8396169073503,23.61956014453485,-0.056492205378935095,LLLLLLLLFVLATLLSILILI,Mutant
LLLLLLLLFVLATLLSILILI,LLLLALLLFVLATLLSILILI,Left,void,,,,,,,,,,,3734.68,4689.14,58.137,32.4669,3676.41,4727.97,111.824,72.0749,-18.6513,1.1e+16,4,L,106.0083,23.44600333,3702.2131,3604.3351,97.878,2.0,0.2902197680795929,0.0823627906177263,L,99999900.0,LLLLLLLLFVLATLLSILILI,28233.330993464777,785.9926019427172,24.24377250797324,-0.06396458894836207,LLLLLLLLFVLATLLSILILI,Mutant
LLLLTVLLALLFLLISLLILI,LLLLTVLLALLFLLIILLILI,Left,clash,30.3669,-287.0,630684000000.0,630684000000.0,-45.1032,-278.961,-373.412,4646.92,-45.1032,-49.3482,3635.93,4695.29,31.5578,3.70431,3635.3,4682.71,31.8758,3.77695,-18.2847,1.1011e+16,15,S,126.01609,2.855610991,,,,,0.1392915734853887,0.0997167753599938,L,99999900.0,LLLLTVLLALLFLLISLLILI,27386.29012626177,1080.9241808182646,11.635848385528549,0.06459058336732551,LLLLTVLLALLFLLISLLILI,Mutant
LLLLTVLLALLFLLISLLILI,LLLLTVLLALLFLLASLLILI,Left,void,,,,,,,,,,,3609.87,4657.56,42.176,83.919,3635.3,4682.71,89.7895,178.462,-18.2847,1.1e+16,14,I,45.9678,64.60933675,3525.951,3456.838,69.113,3.0,0.260651898951193,0.0976563878719314,L,99999900.0,LLLLTVLLALLFLLISLLILI,28050.72156259922,665.9176502511368,21.773793645272686,-0.05676974209847879,LLLLTVLLALLFLLISLLILI,Mutant
LLLLTVLLALLFLLISLLILI,LLLLTVLAALLFLLISLLILI,Left,void,,,,,,,,,,,3598.36,4624.49,58.2358,103.071,3635.3,4682.71,118.519,209.474,-18.2847,1.1e+16,7,L,26.5244,79.53291552,3495.289,3425.826,69.463,3.0,0.2894882272534491,0.104843478700304,L,99999900.0,LLLLTVLLALLFLLISLLILI,28239.151871215858,884.7601160068434,24.18266257915385,-0.08560607040073487,LLLLTVLLALLFLLISLLILI,Mutant
LLLLTVLLALLFLLISLLILI,LLLLTVLLALLILLISLLILI,Left,clash,30.3354,-284.002,1460.37,1161.61,-60.4091,-276.093,-394.715,4611.55,-45.1032,-58.2134,3668.55,4564.21,48.8709,9.21448,3635.3,4682.71,145.028,38.2585,-18.2847,1.1011e+16,11,F,121.05332,7.073490149,,,,,0.298778839953377,0.0604310418812197,L,99999900.0,LLLLTVLLALLFLLISLLILI,28311.89754141518,1391.7578386631071,24.958762368107465,-0.0948966831006628,LLLLTVLLALLFLLISLLILI,Mutant
LLLLALLFLLTSLLYVLLILI,LLLLALLILLTSLLYVLLILI,Left,clash,31.343,-283.068,289827000000.0,289827000000.0,-74.3206,-279.231,-390.138,4664.01,-49.9093,-36.5861,3703.39,4647.11,54.6221,14.0509,3687.91,4779.82,153.818,31.4962,-17.8677,1.10011e+17,7,F,115.5445,10.84212866,,,,,0.3193445170540092,0.0748696151370235,L,99999900.0,LLLLALLILLTSLLFVLLILI,28391.72522190702,881.8175490182919,26.676734925247064,0.036030027940657905,LLLLALLFLLTSLLYVLLILI,Mutant
LLLLALLFLLTSLLYVLLILI,LLLLALLFLLTSLLAVLLILI,Left,void,,,,,,,,,,,3714.03,4664.25,45.9171,15.2994,3687.91,4779.82,149.33,115.641,-17.8677,1.1e+17,14,Y,114.5874,11.77902604,3698.7306,3572.269,126.4616,3.0,0.3198200623743698,0.1375810064067316,L,99999900.0,LLLLALLFLLTSLLYVLLILI,28396.619437255125,605.96270106751,26.7164600364631,0.03555448262029731,LLLLALLFLLTSLLYVLLILI,Mutant
LLLLALLFLLTSLLYVLLILI,LLLLALLFLLTILLYVLLILI,Left,clash,31.4165,-286.067,289827000000.0,289827000000.0,-58.8835,-281.569,-368.124,4707.08,-49.9341,-27.671,3688.09,4788.81,44.5041,4.86645,3687.91,4779.82,45.8209,5.37489,-17.8677,1.10011e+17,11,S,125.40135,3.735727478,,,,,0.3284924982209395,0.1236631329161056,L,99999900.0,LLLLALLFLLTSLLYVLLILI,28447.132491609344,634.3690119081982,27.440919859257,0.026882046773727575,LLLLALLFLLTSLLYVLLILI,Mutant
LLLLALLFLLTSLLYVLLILI,LLLLALLFALTSLLYVLLILI,Left,void,,,,,,,,,,,3670.44,4735.71,45.5183,62.0548,3687.91,4779.82,98.9303,151.18,-17.8677,1.1e+17,8,L,69.2748,47.2511909,3608.3852,3536.73,71.6552,3.0,0.4045631433160071,0.0702894702761285,L,99999900.0,LLLLALLFLLTSLLYVLLILI,28901.98769436186,942.5567128163286,33.79555044291113,-0.04918859832134004,LLLLALLFLLTSLLYVLLILI,Mutant
LLLLVLLLAILFTLLSLLILI,LLLLILLLAILFTLLSLLILI,Left,clash,24.6805,-286.551,622.259,310.525,-74.1939,-278.176,-391.497,4583.98,-49.8642,-39.1271,3701.66,4706.9,53.7021,26.0975,3686.7,4720.98,75.6915,31.3334,-17.1477,1.10011e+16,4,V,112.3777,18.84633494,,,,,0.1604768573400831,0.19048688156785,L,99999900.0,LLLLVLLLAILFTLLSLLILI,27470.313441946368,463.7221956184824,13.405580356884794,0.13140112411489607,LLLLVLLLAILFTLLSLLILI,Mutant
LLLLVLLLAILFTLLSLLILI,LLLLVLLLAILFTLLSALILI,Left,void,,,,,,,,,,,3672.02,4701.6,42.1976,83.7016,3686.7,4720.98,89.937,174.577,-17.1477,1.1e+16,16,L,45.7612,64.65301229,3588.3184,3512.123,76.1954,2.0,0.2249982511719624,0.0867663258221007,L,99999900.0,LLLLVLLLAILFTLLSLLILI,27871.35263181008,956.6034450135234,18.79543372320833,0.06687973028301678,LLLLVLLLAILFTLLSLLILI,Mutant
LLLLVLLLAILFTLLSLLILI,LLLLVLLLAILFTLLILLILI,Left,clash,24.1534,-287.159,128144000.0,128144000.0,-58.9351,-279.062,-380.51,4621.77,-49.8642,-42.5121,3693.46,4730.5,35.8287,5.95785,3686.7,4720.98,37.3642,5.66601,-17.1477,1.10011e+16,15,S,123.76255,4.592839677,,,,,0.2288425630175463,0.1145347148546134,L,99999900.0,LLLLVLLLAILFTLLSLLILI,27897.12407107509,989.2917364086884,19.116571812631936,0.06303541843743288,LLLLVLLLAILFTLLSLLILI,Mutant
LLLLVLLLAILFTLLSLLILI,LLLLVLLLAILATLLSLLILI,Left,void,,,,,,,,,,,3724.59,4578.42,54.4783,47.8689,3686.7,4720.98,157.272,81.2355,-17.1477,1.1e+16,11,F,82.3989,36.74653291,3676.7211,3605.4645,71.2566,2.0,0.3612507746354981,0.0375664036567402,L,99999900.0,LLLLVLLLAILFTLLSLLILI,28646.74824180667,983.6420221482152,30.177412298772904,-0.06937279318051892,LLLLVLLLAILFTLLSLLILI,Mutant
LLLLALLLLFLTVLLSILILI,LLLLILLLLFLTVLLSILILI,Left,clash,27.2525,-289.63,3983.88,3671.85,-74.3063,-280.593,-395.814,4590.73,-49.6537,-40.9146,3652.7,4593.9,42.269,6.42642,3652.7,4593.9,42.269,6.42642,-17.0934,1.10011e+16,4,A,132.04878,4.640845437,,,,,0.2084371002650811,0.0774270986135964,L,99999900.0,LLLLALLLLFLTVLLSILILI,27781.17964075262,1419.8737973070702,17.411982906906484,0.03516872637787058,LLLLALLLLFLTVLLSILILI,Mutant
LLLLALLLLFLTVLLSILILI,LLLLALLLLFLTVLLIILILI,Left,clash,25.1836,-287.769,729537000000.0,729537000000.0,-58.9482,-279.223,-380.246,4618.42,-49.6537,-42.0751,3653.38,4597.16,41.4233,19.3932,3652.7,4593.9,47.7652,19.6671,-17.0934,1.10011e+16,15,S,110.3272,14.95000015,,,,,0.2528516059588503,0.1217182487153886,L,99999900.0,LLLLALLLLFLTVLLSILILI,28002.0101128848,551.077290681864,21.12218906970142,-0.009245779315898622,LLLLALLLLFLTVLLSILILI,Mutant
LLLLALLLLFLTVLLSILILI,LLLLAALLLFLTVLLSILILI,Left,void,,,,,,,,,,,3645.11,4588.63,47.7271,94.224,3652.7,4593.9,89.8094,166.999,-17.0934,1.1e+16,5,L,36.0708,72.31600954,3550.886,3485.701,65.185,3.0,0.3631882273468789,0.1060829522428454,L,99999900.0,LLLLALLLLFLTVLLSILILI,28643.814292087314,668.4465771315179,30.339259174643846,-0.1195824007039272,LLLLALLLLFLTVLLSILILI,Mutant
LLLFALLTILLSLLYVLLILI,LLLFILLTILLSLLYVLLILI,Left,clash,24.1499,-287.397,6476810.0,6476500.0,-74.3733,-283.076,-381.814,4701.82,-54.1488,-24.3645,3723.98,4698.86,42.0516,8.3687,3723.98,4698.86,42.0516,8.3687,-16.7599,1.10011e+17,4,A,130.1065,6.043464823,,,,,0.0443323714339808,0.1042092207260695,L,99999900.0,LLLFALLTILLSLLYVLLILI,26831.49976339865,941.5924744423328,3.703345002638284,0.1133611132790448,LLLFALLTILLSLLYVLLILI,Mutant
LLLFALLTILLSLLYVLLILI,LLLAALLTILLSLLYVLLILI,Left,void,,,,,,,,,,,3668.54,4578.29,53.5214,110.266,3723.98,4698.86,152.248,267.452,-16.7599,1.1e+17,3,F,59.4648,64.96522729,3558.274,3456.528,101.746,2.0,0.1709489066822713,0.060372831256637,L,99999900.0,LLLFALLTILLSLLYVLLILI,27557.18071234057,952.779328718168,14.28037253118856,-0.013255421969245701,LLLFALLTILLSLLYVLLILI,Mutant
LLLFALLTILLSLLYVLLILI,LLLFALLTILLILLYVLLILI,Left,clash,21.608,-285.628,421564.0,421246.0,-58.9913,-281.669,-366.891,4714.46,-54.0334,-26.2309,3724.88,4699.48,52.7159,11.8902,3723.98,4698.86,58.8999,12.6165,-16.7599,1.10011e+17,11,S,118.3776,9.127505032,,,,,0.1983819101497996,0.1341375616212777,L,99999900.0,LLLFALLTILLSLLYVLLILI,27682.43331132107,473.7555318518208,16.572013447581263,-0.040688425436774006,LLLFALLTILLSLLYVLLILI,Mutant
LLLFALLTILLSLLYVLLILI,LLLFALLTILLSLLAVLLILI,Left,void,,,,,,,,,,,3753.99,4557.15,48.1617,31.0148,3723.98,4698.86,157.516,142.332,-16.7599,1.1e+17,14,Y,98.872,23.87833098,3722.9752,3581.648,141.3272,2.0,0.29931847594567,0.1446952795818958,L,99999900.0,LLLFALLTILLSLLYVLLILI,28283.596751297828,674.7439437227684,25.00384135194387,-0.1416249912326444,LLLFALLTILLSLLYVLLILI,Mutant
LLLLILLLALLFVLTSLLILI,LLLLILLLALLFVLTILLILI,Left,clash,27.2622,-285.721,1557950000000000.0,1557950000000000.0,-58.8935,-278.682,-379.802,4627.36,-49.9285,-42.2268,3651.64,4650.44,42.2637,9.95609,3650.15,4653.55,51.4774,9.78024,-16.6705,1.1011e+16,15,S,119.76431,7.675038005,,,,,0.0808716166848047,0.2162353585966811,L,99999900.0,LLLLILLLALLFVLTSLLILI,26991.17660591673,118.55420305279962,6.755684115634447,0.2664618467076071,LLLLILLLALLFVLTSLLILI,Mutant
LLLLILLLALLFVLTSLLILI,LLLLILLLILLFVLTSLLILI,Left,clash,27.2664,-287.753,1644560000.0,1644560000.0,-74.23,-280.799,-395.223,4600.89,-49.9285,-40.1939,3650.15,4653.55,50.5772,21.6211,3650.15,4653.55,50.5772,21.6211,-16.6705,1.1011e+16,8,A,109.7085,16.46323449,,,,,0.0885420991021854,0.0883195055215393,L,99999900.0,LLLLILLLALLFVLTSLLILI,27093.88745409036,1096.045595882038,7.396444846662208,0.25879136429022637,LLLLILLLALLFVLTSLLILI,Mutant
LLLLILLLALLFVLTSLLILI,LLLLALLLALLFVLTSLLILI,Left,void,,,,,,,,,,,3686.35,4625.13,53.5634,20.9277,3650.15,4653.55,97.7039,50.6834,-16.6705,1.1e+16,4,I,117.5475,15.11295885,3665.4223,3599.4666,65.9557,2.0,0.3210752142397874,0.0257447207553007,L,99999900.0,LLLLAILLALLFVLTSLLILI,28430.18946173472,1173.58106460827,26.82131029008124,0.02625824915262437,LLLLILLLALLFVLTSLLILI,Mutant
LLLLILLLALLFVLTSLLILI,LLLLILLLALLAVLTSLLILI,Left,void,,,,,,,,,,,3671.01,4559.15,58.4591,51.9036,3650.15,4653.55,145.564,123.368,-16.6705,1.1e+16,11,F,78.3642,39.84376799,3619.1064,3526.782,92.3244,2.0,0.329468316310411,0.0708402382689749,L,99999900.0,LLLLILLLALLFVLTSLLILI,28468.78202818142,924.817355401956,27.52243571162935,0.017865147082000765,LLLLILLLALLFVLTSLLILI,Mutant
LLLLTVLLAILFLLLSLLILI,LLLLTVLLIILFLLLSLLILI,Left,clash,31.3953,-288.667,94906300.0,94906000.0,-60.3986,-281.468,-389.009,4611.42,-46.6455,-47.1416,3607.73,4631.83,45.3251,8.93394,3607.73,4631.83,45.3251,8.93394,-16.5571,1.10011e+16,8,A,122.39566,6.802685762,,,,,0.111128861184037,0.1596407779139049,L,99999900.0,LLLLTVLLAILFLLLSLLILI,27184.123312323296,415.19891318358566,9.28325057746256,0.1806146172070038,LLLLTVLLAILFLLLSLLILI,Mutant
LLLLTVLLAILFLLLSLLILI,LLLLTVLLAILFLLLILLILI,Left,clash,31.3681,-286.636,24456600.0,24456200.0,-45.1006,-279.03,-373.377,4649.02,-45.1006,-49.2463,3609.05,4629.93,39.6275,13.0741,3607.73,4631.83,48.6184,12.9544,-16.5571,1.10011e+16,15,S,116.6463,10.07867691,,,,,0.2977487970207896,0.1881503429374783,L,99999900.0,LLLLTVLLAILFLLLSLLILI,28256.3630079125,381.5747191153265,24.8727167941056,-0.00600531862974879,LLLLTVLLAILFLLLSLLILI,Mutant
LLLLTVLLAILFLLLSLLILI,LLLLTVLLAILFALLSLLILI,Left,void,,,,,,,,,,,3620.41,4558.52,47.8093,57.63,3607.73,4631.83,110.838,130.379,-16.5571,1.1e+16,12,L,72.192,44.39155151,3562.78,3477.351,85.429,3.0,0.4359503000219603,0.058505662964155,L,99999900.0,LLLLTVLLAILFLLLSLLILI,29073.40278927108,922.4114025834604,36.41750514946491,-0.14420682163091947,LLLLTVLLAILFLLLSLLILI,Mutant
LLLLTVLLAILFLLLSLLILI,LLLLTVLLAILALLLSLLILI,Left,void,,,,,,,,,,,3678.24,4603.46,52.8166,20.6976,3607.73,4631.83,122.372,100.532,-16.5571,1.1e+16,11,F,109.5702,15.88850046,3657.5424,3507.198,150.3444,3.0,0.4708956059357906,0.068826151280613,L,99999900.0,LLLLTVLLAILFLLLSLLILI,29295.724334734463,1119.0059142738016,39.336693089013146,-0.1791521275447498,LLLLTVLLAILFLLLSLLILI,Mutant
LLLVALLTILLALLFSLLILI,LLLVALLTILLILLFSLLILI,Left,clash,21.5899,-280.404,1971.07,1662.52,-74.2306,-277.274,-386.191,4602.93,-49.7389,-34.6855,3715.19,4643.39,51.5738,18.791,3715.19,4643.39,51.5738,18.791,-15.9385,1.10011e+17,11,A,121.58745,6.663465569,,,,,0.2837622272817044,0.1948659882534865,L,99999900.0,LLLVALLTILLALLFSLLILI,28151.794452395345,527.8303410309516,23.70433595924708,0.130173026884071,LLLVALLTILLALLFSLLILI,Mutant
LLLVALLTILLALLFSLLILI,LLLVILLTILLALLFSLLILI,Left,clash,24.3139,-280.099,4039310.0,4039000.0,-74.2187,-276.701,-387.062,4564.22,-49.8579,-36.1425,3715.19,4643.39,47.3712,14.419,3715.19,4643.39,47.3712,14.419,-15.9385,1.10011e+17,4,A,121.58745,6.663465569,,,,,0.2912360803150067,0.1159343263967293,L,99999900.0,LLLVALLTILLALLFSLLILI,28285.66709799322,1559.5025442064623,24.328671075687915,0.12269917385076873,LLLVALLTILLALLFSLLILI,Mutant
LLLVALLTILLALLFSLLILI,LLLVALLTALLALLFSLLILI,Left,void,,,,,,,,,,,3741.85,4629.78,48.3035,60.9063,3715.19,4643.39,87.9579,115.659,-15.9385,1.1e+17,8,I,70.4233,46.37667365,3680.9437,3599.531,81.4127,3.0,0.3388278116748035,0.0487921057374383,L,99999900.0,LLLVALLTILLALLFSLLILI,28532.699649671595,1114.3470189433356,28.30428967666157,0.0751074424909719,LLLVALLTILLALLFSLLILI,Mutant
LLLVALLTILLALLFSLLILI,LLLVALLTILAALLFSLLILI,Left,void,,,,,,,,,,,3655.95,4580.87,60.4583,107.252,3715.19,4643.39,118.256,224.803,-15.9385,1.1e+17,10,L,21.3194,83.41824076,3548.698,3490.387,58.311,3.0,0.4220381983934101,0.0550788384445796,L,99999900.0,LLLVALLTILLALLFSLLILI,28995.63411581499,926.1883801855444,35.255345076006805,-0.00810294422763469,LLLVALLTILLALLFSLLILI,Mutant
LLLLFLLLLVLAILLSTLILI,LLLLFLLLIVLAILLSTLILI,Left,clash,30.254,-284.505,1983.5,1679.64,-74.2628,-276.759,-382.76,4561.99,-49.6047,-31.7385,3638.14,4624.49,51.8049,24.3108,3603.92,4712.35,118.538,35.1492,-15.4509,1.10011e+16,8,L,107.0188,18.51128763,,,,,0.0621245706504749,0.0982607453758464,L,99999900.0,LLLLFLLLLVLAILLSTLILI,26908.21467439428,599.0402544344544,5.189632560083117,0.0275062291655713,LLLLFLLLLVLAILLSTLILI,Mutant
LLLLFLLLLVLAILLSTLILI,LLLLFLLLLVLIILLSTLILI,Left,clash,30.2385,-288.565,24356.8,24048.8,-74.2628,-280.709,-392.176,4638.68,-49.6047,-37.2045,3603.92,4712.35,48.4625,22.6169,3603.92,4712.35,48.4625,22.6169,-15.4509,1.10011e+16,11,A,107.6509,17.36184997,,,,,0.1705357206808516,0.1120340217063677,L,99999900.0,LLLLFLLLLVLAILLSTLILI,27553.58477117481,864.3291354149634,14.24585666244474,-0.0809049208648054,LLLLFLLLLVLAILLSTLILI,Mutant
LLLLFLLLLVLAILLSTLILI,LLLLFALLLVLAILLSTLILI,Left,void,,,,,,,,,,,3573.15,4655.84,54.0893,68.7527,3603.92,4712.35,109.441,169.501,-15.4509,1.1e+16,5,L,61.5421,52.76703291,3504.3973,3434.419,69.9783,3.0,0.3326550878447413,0.0735200021129307,L,99999900.0,LLLLFLLLLVLAILLSTLILI,28504.320751720537,1194.2114455225742,27.788645572606143,-0.24302428802869508,LLLLFLLLLVLAILLSTLILI,Mutant
LLLLFLLLLVLAILLSTLILI,LLLLALLLLVLAILLSTLILI,Left,void,,,,,,,,,,,3664.58,4617.75,55.196,22.5779,3603.92,4712.35,142.905,78.0163,-15.4509,1.1e+16,4,F,115.8973,16.30465239,3642.0021,3525.9037,116.0984,3.0,0.3577862154094388,0.0955683331750125,L,99999900.0,LLLLFLLLLVLAILLSTLILI,28625.7538278034,806.3267133105238,29.887997190102745,-0.26815541559339257,LLLLFLLLLVLAILLSTLILI,Mutant
LLLLFVLTILLALLYSLLILI,LLLLFVLTILLAALYSLLILI,Left,void,,,,,,,,,,,3921.97,4720.6,44.3702,89.5119,3958.39,4760.41,96.6872,192.207,-14.9817,1.1e+16,12,L,40.3101,68.94971576,3832.4581,3766.183,66.2751,3.0,0.0844792710819383,0.0359838148247796,L,99999900.0,LLLLFVLTILLALLYSLLILI,27051.15471111361,901.5419330735698,7.057052809677056,0.10653889992319711,LLLLFVLTILLALLYSLLILI,Mutant
LLLLFVLTILLALLYSLLILI,LLLLFVLTILLILLYSLLILI,Left,clash,19.5361,-282.731,1.68e+18,1.68e+18,-74.2097,-283.568,-379.843,4653.3,-54.4823,-22.0651,3958.39,4760.41,48.6551,9.6073,3958.39,4760.41,48.6551,9.6073,-14.9817,1.1011e+16,11,A,120.6605,7.375038191,,,,,0.1669775911053314,0.0712027025858289,L,99999900.0,LLLLFVLTILLALLYSLLILI,27525.82671733761,817.5573210608894,13.94862506945709,0.024040579899804015,LLLLFVLTILLALLYSLLILI,Mutant
LLLLFVLTILLALLYSLLILI,LLLLIVLTILLALLYSLLILI,Left,clash,18.9407,-277.825,2100950000.0,2100950000.0,-74.252,-278.685,-389.93,4573.75,-54.4574,-36.9933,3997.3,4647.74,49.6731,36.6276,3958.39,4760.41,145.881,50.2339,-14.9817,1.1011e+16,4,F,101.8476,26.45065687,,,,,0.1929579837323642,0.1363588055081266,L,99999900.0,LLLLFVLTILLALLYSLLILI,27661.700299636275,535.6350598282239,16.11892081700544,-0.0019398127272287902,LLLLFVLTILLALLYSLLILI,Mutant
LLLLFVLTILLALLYSLLILI,LLLLFVLTILLALLASLLILI,Left,void,,,,,,,,,,,3958.95,4617.73,48.1347,33.5517,3958.39,4760.41,157.575,177.609,-14.9817,1.1e+16,14,Y,96.3351,25.83149327,3925.3983,3780.781,144.6173,3.0,0.3026343684982148,0.1029120708558009,L,99999900.0,LLLLFVLTILLALLYSLLILI,28302.94429952416,723.31010463447,25.28083745471359,-0.11161619749307938,LLLLFVLTILLALLYSLLILI,Mutant
LLLLLLLLAVLYTLLSFLILI,LLLLLLLLAVLATLLSFLILI,Left,void,,,,,,,,,,,3747.93,4694.67,52.6136,37.4985,3725.71,4750.56,139.935,159.628,-14.8098,1.1e+16,11,Y,92.7693,28.78570146,3710.4315,3566.082,144.3495,3.0,0.1909340444461505,0.0797211925308978,L,99999900.0,LLLLLLLLAVLYTLLSFLILI,27671.22696209839,904.4617155657324,15.949849206378769,0.04367402432393791,LLLLLLLLAVLYTLLSFLILI,Mutant
LLLLLLLLAVLYTLLSFLILI,LLLLLLLLIVLYTLLSFLILI,Left,clash,27.4896,-290.628,47705100.0,47704800.0,-74.1585,-283.724,-385.667,4631.88,-56.9365,-27.785,3725.71,4750.56,49.7507,16.6859,3725.71,4750.56,49.7507,16.6859,-14.8098,1.10011e+16,8,A,114.6437,12.70536117,,,,,0.2903435279345972,0.0718961204279401,L,99999900.0,LLLLLLLLAVLYTLLSFLILI,28264.811176801893,1449.1120891567473,24.25411090011723,-0.05573545916450881,LLLLLLLLAVLYTLLSFLILI,Mutant
LLLLLLLLAVLYTLLSFLILI,LLLLLLLLAVLYTLLIFLILI,Left,clash,27.4734,-288.596,12632600000.0,12632600000.0,-58.9029,-281.64,-370.398,4651.54,-56.9365,-29.8546,3728.5,4748.23,44.588,23.0017,3725.71,4750.56,53.8865,22.607,-14.8098,1.10011e+16,15,S,106.7187,17.73175229,,,,,0.3357806883775308,0.0881783734342381,L,99999900.0,LLLLLLLLAVLYTLLSFLILI,28521.06561729673,1149.3557793975056,28.049745458286456,-0.10117261960744237,LLLLLLLLAVLYTLLSFLILI,Mutant
LLLLLLLLAVLYTLLSFLILI,LLLLALLLAVLYTLLSFLILI,Left,void,,,,,,,,,,,3758.18,4696.47,53.6618,20.2175,3725.71,4750.56,110.304,75.9135,-14.8098,1.1e+16,4,L,118.2577,14.60008724,3737.9625,3649.7965,88.166,3.0,0.3965054401865831,0.0943596146837615,L,99999900.0,LLLLLLLLAVLYTLLSFLILI,28884.305041371725,1391.0837226430397,33.12244287722331,-0.1618973714164947,LLLLLLLLAVLYTLLSFLILI,Mutant
LLLLAVLLLTLALLLSFLILI,LLLLAVLLLTLAALLSFLILI,Left,void,,,,,,,,,,,3651.98,4614.47,58.8183,95.4048,3685.71,4694.57,124.175,193.606,-14.752,1.1e+16,12,L,34.4172,73.488931,3556.5752,3492.104,64.4712,2.0,0.2493446804485909,0.0398529824055672,L,99999900.0,LLLLAVLLLTLALLLSFLILI,28016.832460355727,1133.7568871720032,20.82923485491541,0.009264276852841785,LLLLAVLLLTLALLLSFLILI,Mutant
LLLLAVLLLTLALLLSFLILI,LLLLAVLLLTLILLLSFLILI,Left,clash,28.1389,-285.738,207662.0,207355.0,-74.2024,-277.182,-386.526,4615.48,-49.6004,-35.1417,3685.71,4694.57,48.5573,10.1884,3685.71,4694.57,48.5573,10.1884,-14.752,1.10011e+16,11,A,120.0794,7.821119264,,,,,0.2522143336155334,0.1004538012938446,L,99999900.0,LLLLAVLLLTLALLLSFLILI,28012.06047459257,714.8615248386958,21.068953944405752,0.00639462368589927,LLLLAVLLLTLALLLSFLILI,Mutant
LLLLAVLLLTLALLLSFLILI,LLLLIVLLLTLALLLSFLILI,Left,clash,30.6943,-285.511,4219.75,3915.33,-74.2024,-276.841,-387.763,4575.66,-49.6004,-36.7198,3685.71,4694.57,45.6138,26.3082,3685.71,4694.57,45.6138,26.3082,-14.752,1.10011e+16,4,A,120.0794,7.821119264,,,,,0.3071349979992977,0.1071028366883617,L,99999900.0,LLLLAVLLLTLALLLSFLILI,28371.529356802283,1615.51632055881,25.656801636922577,-0.048526040697865036,LLLLAVLLLTLALLLSFLILI,Mutant
LLLLAVLLLTLALLLSFLILI,LLLLAVLLATLALLLSFLILI,Left,void,,,,,,,,,,,3719.97,4610.41,51.5363,35.291,3685.71,4694.57,118.235,40.1222,-14.752,1.1e+16,8,L,96.0386,26.87208367,3684.679,3645.5878,39.0912,2.0,0.375448724816032,0.0634931202271831,L,99999900.0,LLLLAVLLLTLALLLSFLILI,28723.491462599177,868.1315420026717,31.36345099122338,-0.11683976751459929,LLLLAVLLLTLALLLSFLILI,Mutant
LLLYALLFVLTALLLSLLILI,LLLYILLFVLTALLLSLLILI,Left,clash,34.5858,-284.083,715735.0,715435.0,-74.144,-280.711,-373.148,4689.92,-49.8826,-18.2933,3723.0,4774.55,47.1275,17.8597,3723.0,4774.55,47.1275,17.8597,-14.4827,1.10011e+17,4,A,123.31882,5.334380407,,,,,0.2606418289542065,0.1866887916024144,L,99999900.0,LLLYALLFVLTALLLSLLILI,28099.40513173648,1305.1128989540914,21.772952438907893,0.23256335945459566,LLLYALLFVLTALLLSLLILI,Mutant
LLLYALLFVLTALLLSLLILI,LLLYALLFVLTILLLSLLILI,Left,clash,30.0951,-284.722,162556.0,162252.0,-74.144,-281.471,-372.41,4737.25,-49.8826,-16.7947,3723.0,4774.55,40.6018,6.94898,3723.0,4774.55,40.6018,6.94898,-14.4827,1.10011e+17,11,A,123.31882,5.334380407,,,,,0.3021574305843819,0.0276436276471564,L,99999900.0,LLLYALLFVLTALLLSLLILI,28308.34419109421,1001.7901966611176,25.2409960119342,0.1910477578244203,LLLYALLFVLTALLLSLLILI,Mutant
LLLYALLFVLTALLLSLLILI,LLLYALLFVLTALLASLLILI,Left,void,,,,,,,,,,,3767.08,4734.36,45.8547,16.8746,3723.0,4774.55,101.8,49.1018,-14.4827,1.1e+17,14,L,113.0122,12.99177438,3750.2054,3673.8982,76.3072,2.0,0.3720463251852367,0.0551490992233051,L,99999900.0,LLLYALLFVLTALLLSLLILI,28705.85588297271,904.8433998405172,31.079228440926283,0.12115886322356545,LLLYALLFVLTALLLSLLILI,Mutant
LLLYALLFVLTALLLSLLILI,LLLAALLFVLTALLLSLLILI,Left,void,,,,,,,,,,,3549.38,4590.55,57.999,115.556,3723.0,4774.55,177.731,348.257,-14.4827,1.1e+17,3,Y,54.1748,68.08192738,3433.824,3374.743,59.081,2.0,0.4853919613033661,0.1182054640766639,L,99999900.0,LLLYALLFVLTALLLSLLILI,29352.769181742748,694.9689358509656,40.547659330395625,0.007813227105436082,LLLYALLFVLTALLLSLLILI,Mutant
LLLYFLLATLVALLLSLLILI,LLLYFLLATLVILLLSLLILI,Left,clash,39.4162,-284.712,1922280000.0,1922280000.0,-74.1628,-281.816,-370.768,4760.74,-49.5775,-14.7888,3669.89,4767.39,50.0354,17.5145,3669.89,4767.39,50.0354,17.5145,-14.3454,1.10011e+17,11,A,112.7533,13.44499562,,,,,0.1724857740459272,0.1131320342393653,L,99999900.0,LLLYFLLATLVALLLSLLILI,27530.660808073622,699.688140111072,14.408756145392204,0.07708605943331842,LLLYFLLATLVALLLSLLILI,Mutant
LLLYFLLATLVALLLSLLILI,LLLYFLLATLVALLISLLILI,Left,clash,39.4116,-280.652,1921700000.0,1921700000.0,-74.1628,-277.743,-361.416,4678.22,-49.5775,-9.50987,3712.37,4728.95,45.1742,16.1651,3669.89,4767.39,100.293,47.2543,-14.3454,1.10011e+17,14,L,113.7217,12.44552949,,,,,0.2801588289090539,0.0330639657272841,L,99999900.0,LLLYFLLATLVALLLSLLILI,28179.1059736304,1091.942838567864,23.40332279608384,-0.030586995429808306,LLLYFLLATLVALLLSLLILI,Mutant
LLLYFLLATLVALLLSLLILI,LLLAFLLATLVALLLSLLILI,Left,void,,,,,,,,,,,3522.08,4587.17,61.5758,65.3478,3669.89,4767.39,179.195,290.027,-14.3454,1.1e+17,3,Y,104.383,38.50084958,3456.7322,3379.863,76.8692,2.0,0.4283052311727169,0.0538560701448676,L,99999900.0,LLLYFLLATLVALLLSLLILI,29057.83351744832,1427.9638074110171,35.778867363984986,-0.1787333976934713,LLLYFLLATLVALLLSLLILI,Mutant
LLLYFLLATLVALLLSLLILI,LLLYALLATLVALLLSLLILI,Left,void,,,,,,,,,,,3713.3,4640.68,53.3183,23.2258,3669.89,4767.39,150.478,89.4595,-14.3454,1.1e+17,4,F,101.16,21.94167386,3690.0742,3580.4305,109.6437,2.0,0.483053285353263,0.0552201598763102,L,99999900.0,LLLYALLFTLVALLLSLLILI,29345.68726175689,977.3896874379208,40.35229590605225,-0.23348145187401737,LLLYFLLATLVALLLSLLILI,Mutant
LLLVALLFLLTALLYSLLILI,LLLVILLFLLTALLYSLLILI,Left,clash,38.2394,-283.224,1590390000.0,1590390000.0,-74.1756,-279.582,-371.977,4669.77,-50.9324,-18.2199,3619.06,4764.43,46.481,10.8594,3619.06,4764.43,46.481,10.8594,-14.2521,1.10011e+17,4,A,120.0073,7.876466786,,,,,0.0555845105954221,0.2631576432810067,L,99999900.0,LLLVALLFLLTALLYSLLILI,26928.381372567823,1519.8844928580006,4.643302690094045,0.21634484746923507,LLLVALLFLLTALLYSLLILI,Mutant
LLLVALLFLLTALLYSLLILI,LLLVALLFLLTILLYSLLILI,Left,clash,33.198,-283.946,1590330000.0,1590330000.0,-74.1153,-280.204,-371.789,4695.79,-50.9324,-17.4698,3619.06,4764.43,42.4678,10.2605,3619.06,4764.43,42.4678,10.2605,-14.2521,1.10011e+17,11,A,120.0073,7.876466786,,,,,0.2215263519375725,0.330165406444206,L,99999900.0,LLLVALLFLLTALLYSLLILI,27887.671929990065,1738.100897515448,18.505405460260818,0.050403006127084676,LLLVALLFLLTALLYSLLILI,Mutant
LLLVALLFLLTALLYSLLILI,LLLVALLALLTALLYSLLILI,Left,void,,,,,,,,,,,3633.24,4615.84,55.4974,11.0452,3619.06,4764.43,155.004,69.6022,-14.2521,1.1e+17,7,F,118.5502,8.522833372,3622.1948,3549.4578,72.737,3.0,0.2742751268622344,0.0345593642956041,L,99999900.0,LLLVALLFLLTALLYSLLILI,28157.44566238204,1090.51916778998,22.911822389782536,-0.002345768797577197,LLLVALLFLLTALLYSLLILI,Mutant
LLLVALLFLLTALLYSLLILI,LLLVALLFLLTALLASLLILI,Left,void,,,,,,,,,,,3634.71,4665.54,45.4546,17.004,3619.06,4764.43,141.327,131.705,-14.2521,1.1e+17,14,Y,112.8828,13.09139959,3617.706,3487.355,130.351,3.0,0.3465648767778526,0.0777745724563143,L,99999900.0,LLLVALLFLLTALLYSLLILI,28553.348210738823,790.4486421533367,28.950612452945567,-0.0746355187131954,LLLVALLFLLTALLYSLLILI,Mutant
LLLLWTLIALLLVLFSLLILI,LLLLWTLIALLLVLFILLILI,Left,clash,51.827,-292.595,168164.0,167878.0,-45.1053,-282.866,-369.611,4653.99,-45.1053,-41.6394,3625.26,4651.27,41.3241,9.95081,3614.7,4647.7,45.9665,13.2947,-12.8213,1.1011e+16,15,S,119.76959,7.670967712,,,,,0.2487198061012457,0.0108980215638483,L,99999900.0,LLLLWTLIALLLVLFSLLILI,28007.2326492106,1155.525285608239,20.77703540749889,0.0684234593935221,LLLLWTLIALLLVLFSLLILI,Mutant
LLLLWTLIALLLVLFSLLILI,LLLLWTLIILLLVLFSLLILI,Left,clash,51.9618,-294.623,123437.0,123149.0,-60.4594,-284.838,-384.206,4659.83,-45.1053,-38.9088,3614.7,4647.7,44.7549,18.0376,3614.7,4647.7,44.7549,18.0376,-12.8213,1.1011e+16,8,A,113.292,13.73460362,,,,,0.252308385848477,0.1283274124148117,L,99999900.0,LLLLWTLIALLLVLFSLLILI,28009.13822919203,1400.970291183996,21.07681068329862,0.06483487964629081,LLLLWTLIALLLVLFSLLILI,Mutant
LLLLWTLIALLLVLFSLLILI,LLLLATLIALLLVLFSLLILI,Left,void,,,,,,,,,,,3670.29,4612.03,54.6436,28.7404,3614.7,4647.7,135.871,97.0881,-12.8213,1.1e+16,4,W,109.7348,20.75490774,3641.5496,3517.6119,123.9377,3.0,0.3755693780875624,0.0972029158114756,L,99999900.0,LLLLWTLIALLLVLFSLLILI,28713.22070866247,733.7165154015236,31.37352987208902,-0.05842611259279462,LLLLWTLIALLLVLFSLLILI,Mutant
LLLLWTLIALLLVLFSLLILI,LLLLWTLIALLLVLASLLILI,Left,void,,,,,,,,,,,3566.49,4540.83,45.8378,88.1601,3614.7,4647.7,141.701,235.458,-12.8213,1.1e+16,14,F,41.7267,67.87456462,3478.3299,3379.242,99.0879,3.0,0.3881016015132352,0.0190781429612071,L,99999900.0,LLLLWTLIALLLVLFSLLILI,28816.298290352777,1185.111375189621,32.4204205637933,-0.0709583360184674,LLLLWTLIALLLVLFSLLILI,Mutant
LLLLTILLLVLALLLSFLILI,LLLLIILLLVLALLLSFLILI,Left,clash,32.8807,-283.084,1148.64,853.375,-60.3604,-277.569,-384.868,4598.19,-45.062,-46.9383,3757.62,4714.47,45.3395,21.034,3743.43,4719.3,67.1616,30.1647,-12.5314,1.10011e+16,4,T,117.4412,15.1897235,,,,,0.1643845319066972,0.1071994025986824,L,99999900.0,LLLLTILLLVLALLLSFLILI,27519.11867301981,882.8444803982962,13.732011508887515,0.0640849099760474,LLLLTILLLVLALLLSFLILI,Mutant
LLLLTILLLVLALLLSFLILI,LLLLTILLLVLAALLSFLILI,Left,void,,,,,,,,,,,3693.05,4630.15,57.5063,105.058,3743.43,4719.3,123.302,213.726,-12.5314,1.1e+16,12,L,24.764,80.92465068,3587.992,3529.704,58.288,3.0,0.258252518381428,0.0398206910722778,L,99999900.0,LLLLTILLLVLALLLSFLILI,28053.26483156504,934.1091126854352,21.57335920526761,-0.029783076498683392,LLLLTILLLVLALLLSFLILI,Mutant
LLLLTILLLVLALLLSFLILI,LLLLTILLLVLILLLSFLILI,Left,clash,31.9974,-287.82,114014.0,113714.0,-60.3604,-281.387,-388.771,4637.52,-45.062,-47.0238,3743.43,4719.3,51.9361,16.7251,3743.43,4719.3,51.9361,16.7251,-12.5314,1.10011e+16,11,A,113.5427,12.83901317,,,,,0.3140865811386627,0.1946592218495245,L,99999900.0,LLLLTILLLVLALLLSFLILI,28351.048076811312,395.9592501690829,26.23750846236118,-0.08561713925591813,LLLLTILLLVLALLLSFLILI,Mutant
LLLLTILLLVLALLLSFLILI,LLLLTALLLVLALLLSFLILI,Left,void,,,,,,,,,,,3726.44,4673.89,53.2609,96.51,3743.43,4719.3,105.84,176.506,-12.5314,1.1e+16,5,I,33.7848,74.07049245,3629.93,3566.924,63.006,3.0,0.3182611682859441,0.0661715704094115,L,99999900.0,LLLLTILLLVLALLLSFLILI,28397.657147382008,858.8502130541248,26.586236399755308,-0.08979172640319949,LLLLTILLLVLALLLSFLILI,Mutant
LLLYWLLTVLFLLLASLLILI,LLLYALLTVLFLLLASLLILI,Left,void,,,,,,,,,,,3919.27,4712.33,54.8839,38.6924,3839.77,4904.26,189.227,114.461,-12.368,1.1e+17,4,W,99.7828,27.94175419,3880.5776,3725.309,155.2686,3.0,0.2251463016370795,0.033441087696753,L,99999900.0,LLLYWLLTVLFLLLASLLILI,27858.766868409384,974.2790250445178,18.80780125357936,0.05980969397801661,LLLYWLLTVLFLLLASLLILI,Mutant
LLLYWLLTVLFLLLASLLILI,LLLYWLLTVLFLLLISLLILI,Left,clash,56.2334,-294.385,1598020000000.0,1598020000000.0,-74.1645,-290.7,-379.248,4783.54,-49.6333,-14.3835,3839.77,4904.26,36.9925,7.43112,3839.77,4904.26,36.9925,7.43112,-12.368,1.10011e+17,14,A,122.45568,5.721228023,,,,,0.2306165677728935,0.0510190599294974,L,99999900.0,LLLYWLLTVLFLLLASLLILI,27891.941391381933,877.2277627339085,19.2647649147121,0.05433942784220261,LLLYWLLTVLFLLLASLLILI,Mutant
LLLYWLLTVLFLLLASLLILI,LLLYWLLTVLFILLASLLILI,Left,clash,56.2296,-290.325,1598020000000.0,1598020000000.0,-74.1645,-286.624,-368.917,4738.84,-49.6333,-8.12858,3845.34,4859.76,50.625,6.9293,3839.77,4904.26,104.551,11.7755,-12.368,1.10011e+17,11,L,123.3385,5.319273067,,,,,0.2804680606460943,0.0803758576883987,L,99999900.0,LLLYWLLTVLFLLLASLLILI,28169.546020022328,752.4685801638593,23.42915475072518,0.0044879349690017944,LLLYWLLTVLFLLLASLLILI,Mutant
LLLLFVLLLLLATLISLLILI,LLLLFVLLILLATLISLLILI,Left,clash,27.9165,-282.919,2056.09,1751.5,-74.1181,-275.0,-381.622,4559.67,-49.5884,-32.5034,3687.78,4618.21,54.2781,29.1288,3673.22,4682.12,114.198,28.5208,-12.3423,1.1011e+16,8,L,102.2008,22.17991984,,,,,0.1784130161876352,0.0758606313361405,L,99999900.0,LLLLFVLLLLLATLISLLILI,27579.93558248712,732.8603044768867,14.903893713153725,0.0947567180969062,LLLLFVLLLLLATLISLLILI,Mutant
LLLLFVLLLLLATLISLLILI,LLLLFVLLLLLATLIILLILI,Left,clash,27.9316,-284.947,881.663,575.06,-58.858,-278.57,-377.992,4632.44,-49.5884,-40.5645,3678.06,4678.7,44.1258,28.0306,3673.22,4682.12,53.8249,27.2191,-12.3423,1.1011e+16,15,S,101.6898,21.60847484,,,,,0.2561785099033492,0.0757284198737549,L,99999900.0,LLLLFVLLLLLATLISLLILI,28054.13177109494,1410.0542447833873,21.400105019121483,0.01699122438119216,LLLLFVLLLLLATLISLLILI,Mutant
LLLLFVLLLLLATLISLLILI,LLLLFVLALLLATLISLLILI,Left,void,,,,,,,,,,,3637.53,4645.74,52.0431,95.4707,3673.22,4682.12,105.132,202.001,-12.3423,1.1e+16,7,L,34.1247,73.66827835,3542.0593,3471.219,70.8403,2.0,0.3043241626006724,0.0595887528684556,L,99999900.0,LLLLFVLLLLLATLISLLILI,28319.47743156193,892.8033728404043,25.42199594324929,-0.031154428316131022,LLLLFVLLLLLATLISLLILI,Mutant
LLLLFVLLLLLATLISLLILI,LLLLAVLLLLLATLISLLILI,Left,void,,,,,,,,,,,3722.43,4597.15,44.423,30.8518,3673.22,4682.12,128.81,113.446,-12.3423,1.1e+16,4,F,107.6234,22.2796573,3691.5782,3559.774,131.8042,2.0,0.3310514767802822,0.0186696619701318,L,99999900.0,LLLLAVLLFLLATLISLLILI,28478.844643868902,1060.2923052655717,27.65468646260041,-0.057881742495740796,LLLLFVLLLLLATLISLLILI,Mutant
LLLYALLFLLTSLLLVLLILI,LLLYALLILLTSLLLVLLILI,Left,clash,35.8869,-283.371,84487.9,84190.5,-74.3287,-280.755,-389.792,4720.72,-49.8994,-34.7081,3813.04,4691.73,55.0913,15.9257,3795.22,4824.76,153.463,33.1369,-12.1515,1.10011e+17,7,F,113.6697,12.28878494,,,,,0.1633908417925595,0.1467655372616849,L,99999900.0,LLLYALLFLLTSLLLVLLILI,27495.753528014,1487.968397596789,13.649002700666127,0.3095657924943366,LLLYALLFLLTSLLLVLLILI,Mutant
LLLYALLFLLTSLLLVLLILI,LLLYALLFLLTILLLVLLILI,Left,clash,35.9172,-286.369,84925.3,84624.9,-58.9029,-283.43,-367.956,4783.91,-49.9243,-25.6229,3795.57,4836.04,43.6016,7.72897,3795.22,4824.76,44.1084,7.65211,-12.1515,1.10011e+17,11,S,122.53883,5.933139272,,,,,0.1687896270181924,0.2205810571392345,L,99999900.0,LLLYALLFLLTSLLLVLLILI,27573.31274708176,1373.5664131398355,14.099995138899189,0.3041670072687037,LLLYALLFLLTSLLLVLLILI,Mutant
LLLYALLFLLTSLLLVLLILI,LLLYALLFLLTSLLAVLLILI,Left,void,,,,,,,,,,,3841.87,4775.1,45.1478,22.5053,3795.22,4824.76,102.517,53.9824,-12.1515,1.1e+17,14,L,107.3815,17.32685692,3819.3647,3741.2376,78.1271,2.0,0.3079757909085807,0.1254816287847678,L,99999900.0,LLLYALLFLLTSLLLVLLILI,28320.117347384705,556.8047349789803,25.72703803795707,0.16498084337831542,LLLYALLFLLTSLLLVLLILI,Mutant
LLLYALLFLLTSLLLVLLILI,LLLYALLFALTSLLLVLLILI,Left,void,,,,,,,,,,,3767.13,4778.0,44.887,59.6375,3795.22,4824.76,99.5328,155.473,-12.1515,1.1e+17,8,L,71.6921,45.41055482,3707.4925,3639.747,67.7455,2.0,0.3580755727544427,0.0487826473801094,L,99999900.0,LLLYALLFLLTSLLLVLLILI,28626.91992553852,1128.0888281932546,29.91216891931405,0.11488106153245342,LLLYALLFLLTSLLLVLLILI,Mutant
LLLLYLLLFILAVLLSTLILI,LLLLYLLLFILAVLLITLILI,Left,clash,29.8815,-288.096,5.99e+20,5.99e+20,-58.7996,-281.844,-365.83,4642.18,-49.5143,-25.1862,3598.89,4684.79,43.9627,31.8266,3593.22,4690.09,54.2647,31.6088,-11.9998,1.10011e+16,15,S,97.8938,24.53476863,,,,,0.0951397709250356,0.2888752472070935,L,99999900.0,LLLLYLLLFILAVLLSTLILI,27105.295122367927,937.8627953000628,7.947587368117118,0.1128612777752984,LLLLYLLLFILAVLLSTLILI,Mutant
LLLLYLLLFILAVLLSTLILI,LLLLYLLLAILAVLLSTLILI,Left,void,,,,,,,,,,,3622.14,4533.91,62.171,45.0407,3593.22,4690.09,163.359,127.178,-11.9998,1.1e+16,8,F,94.997,27.07560886,3577.0993,3466.042,111.0573,2.0,0.2138578456903718,0.0523990613622212,L,99999900.0,LLLLYLLLFILAVLLSTLILI,27818.28622690063,1242.3421931758644,17.86480981040791,-0.005856796990037799,LLLLYLLLFILAVLLSTLILI,Mutant
LLLLYLLLFILAVLLSTLILI,LLLLYLLLFILIVLLSTLILI,Left,clash,29.8589,-290.127,5.99e+20,5.99e+20,-74.1493,-283.957,-380.486,4642.53,-49.5143,-22.3805,3593.22,4690.09,48.2843,17.0225,3593.22,4690.09,48.2843,17.0225,-11.9998,1.10011e+16,11,A,113.2453,13.06731211,,,,,0.2934913045280253,0.1099263790522445,L,99999900.0,LLLLYLLLFILAVLLSTLILI,28238.11986476825,622.3383315285153,24.517063283209428,-0.08549025582769129,LLLLYLLLFILAVLLSTLILI,Mutant
LLLLAVLLALLLILLSTLILI,LLLLIVLLALLLILLSTLILI,Left,clash,29.7132,-284.046,101231.0,100927.0,-74.2561,-275.978,-402.052,4566.02,-49.5982,-51.8176,3641.85,4552.52,56.9911,33.7311,3641.85,4552.52,56.9911,33.7311,-11.7216,1.10011e+16,4,A,104.7441,24.35894658,,,,,0.1855432705657618,0.0547758398109359,L,99999900.0,LLLLAVLLALLLILLSTLILI,27648.850369209813,1090.3731487989053,15.499526003163249,0.018096685323357287,LLLLAVLLALLLILLSTLILI,Mutant
LLLLAVLLALLLILLSTLILI,LLLLAVLLAALLILLSTLILI,Left,void,,,,,,,,,,,3622.44,4534.83,41.1476,78.9125,3641.85,4552.52,89.408,176.01,-11.7216,1.1e+16,9,L,50.7543,60.85790657,3543.5275,3465.84,77.6875,2.0,0.2346494003157976,0.0972803160115414,L,99999900.0,LLLLAVLLALLLILLSTLILI,27925.01346095002,914.9420250538396,19.601651252193093,-0.031009444426678495,LLLLAVLLALLLILLSTLILI,Mutant
LLLLAVLLALLLILLSTLILI,LLLLAVLLALLLILLITLILI,Left,clash,27.2599,-282.24,99120.8,98816.2,-58.8692,-274.253,-387.456,4582.08,-49.5982,-54.3335,3650.96,4550.47,44.4418,31.1928,3641.85,4552.52,53.5825,28.6581,-11.7216,1.10011e+16,15,S,98.5276,24.04617932,,,,,0.3259787702749633,0.0674004901946788,L,99999900.0,LLLLAVLLALLLILLSTLILI,28442.57406759498,861.28817455108,27.23093330709192,-0.12233881438584421,LLLLAVLLALLLILLSTLILI,Mutant
LLLLAVLLALLLILLSTLILI,LLLLAVLLALLAILLSTLILI,Left,void,,,,,,,,,,,3687.99,4531.65,48.3445,23.8312,3641.85,4552.52,96.9429,53.517,-11.7216,1.1e+16,11,L,106.4366,18.29400665,3664.1588,3588.333,75.8258,2.0,0.3272419685464774,0.0390944824997991,L,99999900.0,LLLLAVLLALLLILLSTLILI,28463.05500995392,1087.6201106770006,27.336455724567827,-0.12360201265735832,LLLLAVLLALLLILLSTLILI,Mutant
LLLLLVLLAILLFLLSTLILI,LLLLAVLLAILLFLLSTLILI,Left,void,,,,,,,,,,,3771.75,4634.82,57.8884,45.4577,3736.93,4674.02,111.742,98.1949,-11.7071,1.1e+16,4,L,93.0175,32.82732215,3726.2923,3638.7351,87.5572,3.0,0.179624567111735,0.0143719609954868,L,99999900.0,LLLLLVLLAILLFLLSTLILI,27607.44519413081,1070.6697763212624,15.005101722449783,0.0635060864845173,LLLLLVLLAILLFLLSTLILI,Mutant
LLLLLVLLAILLFLLSTLILI,LLLLLVLLIILLFLLSTLILI,Left,clash,26.9138,-287.22,139655.0,139345.0,-74.0958,-280.992,-392.6,4683.13,-49.6329,-37.5125,3736.93,4674.02,57.8719,32.5319,3736.93,4674.02,57.8719,32.5319,-11.7071,1.10011e+16,8,A,98.7977,24.77118639,,,,,0.2211833058905428,0.0884943289356622,L,99999900.0,LLLLLVLLAILLFLLSTLILI,27843.87136612804,870.5018882161727,18.476748796454,0.021947347705709497,LLLLLVLLAILLFLLSTLILI,Mutant
LLLLLVLLAILLFLLSTLILI,LLLLLVLLAILAFLLSTLILI,Left,void,,,,,,,,,,,3795.99,4620.44,54.4845,33.0865,3736.93,4674.02,113.368,69.4516,-11.7071,1.1e+16,11,L,97.1813,25.39883225,3762.9035,3667.4784,95.4251,3.0,0.2670331896577239,0.1298745608936863,L,99999900.0,LLLLLVLLAILLFLLSTLILI,28096.269135283223,659.664233447902,22.306860573208308,-0.02390253606147158,LLLLLVLLAILLFLLSTLILI,Mutant
LLLLLVLLAILLFLLSTLILI,LLLLLVLLAILLFLLITLILI,Left,clash,26.895,-285.188,138917.0,138609.0,-58.8932,-278.865,-379.916,4623.5,-49.6329,-42.1579,3741.08,4670.3,39.0068,23.6618,3736.93,4674.02,48.3728,22.5028,-11.7071,1.10011e+16,15,S,106.0586,18.24061597,,,,,0.3439614894826159,0.127500559271027,L,99999900.0,LLLLLVLLAILLFLLSTLILI,28578.795795605223,1295.7731437698242,28.73313612542484,-0.1008308358863636,LLLLLVLLAILLFLLSTLILI,Mutant
LLLLYLLLAILFVLLSTLILI,LLLLYLLLAILFVLLITLILI,Left,clash,33.5434,-286.696,1700800.0,1700490.0,-58.8835,-280.902,-364.81,4635.54,-53.4419,-25.0246,3607.19,4786.64,35.0333,9.53212,3607.01,4773.27,36.363,10.3047,-11.4453,1.10011e+16,15,S,120.18828,7.348204292,,,,,0.0205991178769438,0.0902667316078308,L,99999900.0,LLLLYLLLAILFVLLSTLILI,26664.298751338625,604.6091209083929,1.720766062829288,0.0917846661624869,LLLLYLLLAILFVLLSTLILI,Mutant
LLLLYLLLAILFVLLSTLILI,LLLLYLLLIILFVLLSTLILI,Left,clash,33.6361,-288.725,1698550.0,1698240.0,-74.2436,-283.964,-381.001,4625.96,-53.4419,-22.7929,3607.01,4773.27,60.5719,38.8472,3607.01,4773.27,60.5719,38.8472,-11.4453,1.10011e+16,8,A,92.4824,29.57992715,,,,,0.0641616246297845,0.1054509593034968,L,99999900.0,LLLLYLLLAILFVLLSTLILI,26938.92073714818,832.2200228916398,5.359799718535602,0.04822215940964619,LLLLYLLLAILFVLLSTLILI,Mutant
LLLLYLLLAILFVLLSTLILI,LLLLYLLLAALFVLLSTLILI,Left,void,,,,,,,,,,,3592.66,4758.54,42.8924,85.9795,3607.01,4773.27,83.2514,166.424,-11.4453,1.1e+16,9,I,43.6873,66.3080295,3506.6805,3440.586,66.0945,3.0,0.1923330949223629,0.0656683779511526,L,99999900.0,LLLLYLLLAILFVLLSTLILI,27665.05207555608,784.1572444522399,16.06672016143777,-0.0799493108829322,LLLLYLLLAILFVLLSTLILI,Mutant
LLLLYLLLAILFVLLSTLILI,LLLLALLLAILFVLLSTLILI,Left,void,,,,,,,,,,,3633.04,4648.07,53.4502,11.4843,3607.01,4773.27,155.277,142.977,-11.4453,1.1e+16,4,Y,126.9909,8.293398385,3621.5557,3464.033,157.5227,3.0,0.2496643708976568,0.0905422398827429,L,99999900.0,LLLLYLLLAILFVLLSTLILI,28008.059766717302,872.0448227670644,20.85594048758616,-0.1372805868582261,LLLLYLLLAILFVLLSTLILI,Mutant
LLLLLLLTALLIFLVSLLILI,LLLLLLLTALLIFLVILLILI,Left,clash,28.4322,-284.988,95830400000.0,95830400000.0,-58.8322,-278.644,-380.09,4654.61,-49.5667,-42.6132,3680.88,4709.64,38.6638,9.00657,3680.13,4705.13,44.0329,9.25087,-10.8614,1.1011e+16,15,S,120.71383,6.943063697,,,,,0.1781603112620457,0.0527386814231796,L,99999900.0,LLLLLLLTALLIFLVSLLILI,27589.8420608694,1172.4305329167505,14.882783777162192,0.04923176979976898,LLLLLLLTALLIFLVSLLILI,Mutant
LLLLLLLTALLIFLVSLLILI,LLLLLLLTILLIFLVSLLILI,Left,clash,28.4654,-287.019,90583900000.0,90583900000.0,-74.2285,-280.76,-391.649,4668.05,-49.5667,-36.6598,3680.13,4705.13,47.4992,7.60477,3680.13,4705.13,47.4992,7.60477,-10.8614,1.1011e+16,8,A,123.72483,5.790598616,,,,,0.255020085780465,0.1873581180458312,L,99999900.0,LLLLLLLTALLIFLVSLLILI,27997.83225367844,253.8113393733437,21.303335005525263,-0.02762800471865029,LLLLLLLTALLIFLVSLLILI,Mutant
LLLLLLLTALLIFLVSLLILI,LLLLLALTALLIFLVSLLILI,Left,void,,,,,,,,,,,3671.4,4665.4,48.1625,57.2757,3680.13,4705.13,101.055,150.263,-10.8614,1.1e+16,5,L,73.0191,43.95854631,3614.1243,3529.867,84.2573,2.0,0.2980793591514184,0.0439386688930217,L,99999900.0,LLLLLLLTALLIFLVSLLILI,28281.27925511185,1120.6517973024586,24.900330602592,-0.07068727808960373,LLLLLLLTALLIFLVSLLILI,Mutant
LLLLLLLTALLIFLVSLLILI,LLLLLLLTALLIALVSLLILI,Left,void,,,,,,,,,,,3621.85,4603.81,50.2009,61.7831,3680.13,4705.13,136.931,220.131,-10.8614,1.1e+16,12,F,68.0389,47.59062409,3560.0669,3459.999,100.0679,2.0,0.3210597428485992,0.1355395645350429,L,99999900.0,LLLLLLLTALLIFLVSLLILI,28412.63569034876,738.8459581743057,26.82001787333503,-0.09366766178678454,LLLLLLLTALLIFLVSLLILI,Mutant
LLLLLLLLFILAVLLSTLILI,LLLLLLLLFILAVLLITLILI,Left,clash,28.1756,-284.996,1284530000.0,1284530000.0,-58.9454,-278.811,-381.184,4592.03,-49.66,-43.4277,3635.58,4672.76,44.4375,28.3673,3631.69,4676.05,53.92,27.7697,-10.8518,1.10011e+16,15,S,101.3531,21.86803309,,,,,0.1320489643489543,0.165422052424541,L,99999900.0,LLLLLLLLFILAVLLSTLILI,27296.66156645513,315.3185617928099,11.03083043850942,0.03160437856985049,LLLLLLLLFILAVLLSTLILI,Mutant
LLLLLLLLFILAVLLSTLILI,LLLLLLLLFILIVLLSTLILI,Left,clash,28.1466,-287.028,1284310000.0,1284310000.0,-74.2965,-280.939,-395.863,4599.4,-49.66,-40.6277,3631.69,4676.05,48.7412,22.6648,3631.69,4676.05,48.7412,22.6648,-10.8518,1.10011e+16,11,A,107.603,17.39862038,,,,,0.2090770105064258,0.1491266932943656,L,99999900.0,LLLLLLLLFILAVLLSTLILI,27774.80726242049,846.612422414012,17.465438391415137,-0.04542366758762101,LLLLLLLLFILAVLLSTLILI,Mutant
LLLLLLLLFILAVLLSTLILI,LLLLALLLFILAVLLSTLILI,Left,void,,,,,,,,,,,3668.66,4624.41,52.9296,15.8069,3631.69,4676.05,111.414,65.5177,-10.8518,1.1e+16,4,L,122.6683,11.41496817,3652.8531,3566.1723,86.6808,2.0,0.2757370920675153,0.1104898779113097,L,99999900.0,LLLLLLLLFILAVLLSTLILI,28148.801972316203,716.5951023679819,23.03394898400434,-0.1120837491487105,LLLLLLLLFILAVLLSTLILI,Mutant
LLLLLLLLFILAVLLSTLILI,LLLLLLLLAILAVLLSTLILI,Left,void,,,,,,,,,,,3674.13,4518.87,61.6635,45.5562,3631.69,4676.05,163.091,110.624,-10.8518,1.1e+16,8,F,85.7734,34.688448,3628.5738,3521.066,107.5078,2.0,0.3073087144903457,0.1688788449871205,L,99999900.0,LLLLLLLLFILAVLLSTLILI,28321.26275354184,540.4401560520514,25.67131320213304,-0.1436553715715409,LLLLLLLLFILAVLLSTLILI,Mutant
LLLLLALLLILVTLLSFLILI,LLLLLALLLILVILLSFLILI,Left,clash,29.7868,-283.722,47411100.0,47410800.0,-60.4735,-277.766,-380.137,4658.04,-45.0994,-41.897,3717.35,4697.19,57.4934,19.6339,3708.19,4733.39,88.3249,28.8517,-10.8378,1.10011e+16,12,T,110.1881,15.12370785,,,,,0.1256081197086084,0.1228876775756933,L,99999900.0,LLLLLALLLILVTLLSFLILI,27268.635866108067,503.8203265183799,10.49278861850176,0.1956787204350131,LLLLLALLLILVTLLSFLILI,Mutant
LLLLLALLLILVTLLSFLILI,LLLLLALLLILVTLLIFLILI,Left,clash,29.8465,-284.898,47410900.0,47410600.0,-58.9301,-278.892,-380.493,4645.4,-49.8571,-42.6708,3712.96,4736.6,43.4053,9.14682,3708.19,4733.39,49.5745,12.4666,-10.8378,1.10011e+16,15,S,120.57358,7.051180847,,,,,0.3104152935346766,0.0893497704606213,L,99999900.0,LLLLLALLLILVTLLSFLILI,28378.979465149616,1219.131923779713,25.930824110460065,0.010871546608944904,LLLLLALLLILVTLLSFLILI,Mutant
LLLLLALLLILVTLLSFLILI,LLLLLALLAILVTLLSFLILI,Left,void,,,,,,,,,,,3754.69,4649.71,57.5958,37.6504,3708.19,4733.39,123.026,71.0715,-10.8378,1.1e+16,8,L,93.6792,28.6686322,3717.0396,3637.1185,79.9211,2.0,0.3322490097159603,0.0475419133323228,L,99999900.0,LLLLLALLLILVTLLSFLILI,28502.11877829717,1275.7054611776496,27.75472346647335,-0.010962169572338754,LLLLLALLLILVTLLSFLILI,Mutant
LLLLLALLLILVTLLSFLILI,LLLLLALLLILVTLLSALILI,Left,void,,,,,,,,,,,3654.14,4629.93,40.6469,80.815,3708.19,4733.39,133.924,228.587,-10.8378,1.1e+16,16,F,48.6478,62.42333705,3573.325,3479.603,93.722,2.0,0.3651743330282168,0.1022397349270575,L,99999900.0,LLLLLALLLILVTLLSFLILI,28679.1107536518,954.2841575295348,30.505170320648013,-0.04388749288459526,LLLLLALLLILVTLLSFLILI,Mutant
LLLLFALLTILVALLSLLILI,LLLLFALLTILVILLSLLILI,Left,clash,25.2696,-281.248,3645190.0,3644890.0,-74.3097,-276.748,-382.262,4583.31,-49.7452,-31.2047,3723.72,4677.18,41.0429,7.86027,3723.72,4677.18,41.0429,7.86027,-10.6134,1.10011e+16,12,A,121.96173,6.054651754,,,,,0.2708765699357207,0.0381880156236875,L,99999900.0,LLLLFALLTILVALLSLLILI,28126.640389578173,1141.7625495436848,22.62792084328554,0.09327444282863873,LLLLFALLTILVALLSLLILI,Mutant
LLLLFALLTILVALLSLLILI,LLLLFILLTILVALLSLLILI,Left,clash,26.7404,-281.137,2816220.0,2815910.0,-74.2974,-277.257,-383.061,4629.41,-49.8634,-31.5064,3723.72,4677.18,47.043,15.4742,3723.72,4677.18,47.043,15.4742,-10.6134,1.10011e+16,5,A,121.96173,6.054651754,,,,,0.300535144004222,0.0295271670868245,L,99999900.0,LLLLFALLTILVALLSLLILI,28313.773067166465,1222.2397269625135,25.105476825724427,0.06361586876013742,LLLLFALLTILVALLSLLILI,Mutant
LLLLFALLTILVALLSLLILI,LLLLAALLTILVALLSLLILI,Left,void,,,,,,,,,,,3661.71,4541.56,52.1196,104.339,3723.72,4677.18,153.538,264.44,-10.6134,1.1e+16,4,F,34.1362,75.34851006,3557.371,3459.28,98.091,2.0,0.3893204457027694,0.0302079424026527,L,99999900.0,LLLLFALLTILVALLSLLILI,28815.880221265663,1213.0750931576697,32.522237822656344,-0.025169432938410008,LLLLFALLTILVALLSLLILI,Mutant
LLLLFALLTILVALLSLLILI,LLLLFALLTALVALLSLLILI,Left,void,,,,,,,,,,,3788.78,4661.47,47.6788,62.4032,3723.72,4677.18,88.1579,92.3088,-10.6134,1.1e+16,9,I,67.2636,48.1258117,3726.3768,3631.4112,94.9656,2.0,0.5314461638757579,0.0818486990766905,L,99999900.0,LLLLFALLTILVALLSLLILI,29653.491392918128,1252.7637147029743,44.394839064530665,-0.16729515111139853,LLLLFALLTILVALLSLLILI,Mutant
LLLLWVLLFLLAILTSLLILI,LLLLAVLLFLLAILTSLLILI,Left,void,,,,,,,,,,,3648.08,4596.32,55.5374,42.9841,3592.54,4629.72,133.658,94.4855,-10.4562,1.1e+16,4,W,95.4911,31.04100951,3605.0959,3498.0545,107.0414,2.0,0.1266783457056634,0.0408083261610067,L,99999900.0,LLLLAVLLFLLALLTSLLILI,27310.77479222534,1208.1740001128912,10.582190921371785,-0.016283235922694386,LLLLWVLLFLLAILTSLLILI,Mutant
LLLLWVLLFLLAILTSLLILI,LLLLWVLLFLLAILTILLILI,Left,clash,45.2337,-290.074,37599000000.0,37599000000.0,-58.919,-281.294,-373.702,4667.14,-49.7177,-33.4894,3597.23,4625.96,42.65,22.9588,3592.54,4629.72,52.3564,22.6786,-10.4562,1.1011e+16,15,S,106.7616,17.69868116,,,,,0.1572948988584004,0.1613298334372845,L,99999900.0,LLLLWVLLFLLAILTSLLILI,27441.39442623629,332.77347262644844,13.139772558642134,-0.046899789075431395,LLLLWVLLFLLAILTSLLILI,Mutant
LLLLWVLLFLLAILTSLLILI,LLLLWVLLALLAILTSLLILI,Left,void,,,,,,,,,,,3652.04,4534.95,39.8544,19.9832,3592.54,4629.72,130.896,83.9426,-10.4562,1.1e+16,8,F,111.3464,15.21606706,3632.0568,3508.5974,123.4594,2.0,0.171612244568503,0.0064786785361262,L,99999900.0,LLLLWVLLFLLAILTSLLILI,27557.056480755586,1065.6103842753291,14.33578506533858,-0.06121713478553399,LLLLWVLLFLLAILTSLLILI,Mutant
LLLLWVLLFLLAILTSLLILI,LLLLWVLLFLLIILTSLLILI,Left,clash,45.2255,-292.105,37599100000.0,37599100000.0,-74.2751,-285.781,-389.914,4673.67,-49.8297,-29.8582,3592.54,4629.72,52.1968,21.7171,3592.54,4629.72,52.1968,21.7171,-10.4562,1.1011e+16,11,A,108.5507,16.67111903,,,,,0.1941083814124695,0.4046599703894421,L,99999900.0,LLLLWVLLFLLAILTSLLILI,27608.434885809795,791.0340958150011,16.215020334397806,-0.0837132716295005,LLLLWVLLFLLAILTSLLILI,Mutant
LLLLVALLLILFLLLSTLILI,LLLLVALLLILFLLLITLILI,Left,clash,31.2829,-282.097,129086.0,128786.0,-58.9449,-279.37,-380.396,4629.96,-49.6836,-42.0808,3708.81,4760.03,37.8677,8.80586,3699.28,4750.2,38.8056,7.94588,-10.2748,1.10011e+16,15,S,120.91454,6.788338611,,,,,0.3231767286025807,0.06519860766248,L,99999900.0,LLLLVALLLILFLLLSTLILI,28445.424353672148,1131.9909493308855,26.996862205345074,-0.04434607956400116,LLLLVALLLILFLLLSTLILI,Mutant
LLLLVALLLILFLLLSTLILI,LLLLVALLAILFLLLSTLILI,Left,void,,,,,,,,,,,3738.51,4697.47,50.9418,25.332,3699.28,4750.2,106.194,57.5492,-10.2748,1.1e+16,8,L,105.9976,19.28887319,3713.178,3641.7308,71.4472,2.0,0.3474975139250242,0.053977852988941,L,99999900.0,LLLLVLLLAILFLLLSTLILI,28580.497272151588,1069.3523522539258,29.02852114599612,-0.06866686488644469,LLLLVALLLILFLLLSTLILI,Mutant
LLLLVALLLILFLLLSTLILI,LLLLVALLLILFILLSTLILI,Left,clash,31.2507,-280.068,128324.0,128026.0,-74.3251,-277.406,-385.212,4559.25,-49.6836,-33.4812,3709.56,4694.3,51.9194,6.60966,3699.28,4750.2,108.343,11.6021,-10.2748,1.10011e+16,12,L,123.21234,5.091325045,,,,,0.3478646443436438,0.0993560002065361,L,99999900.0,LLLLVALLLILFLLLSTLILI,28559.865348796782,706.949168066974,29.059189719707224,-0.06903399530506427,LLLLVALLLILFLLLSTLILI,Mutant
LLLLVALLLILFLLLSTLILI,LLLLVALLLILALLLSTLILI,Left,void,,,,,,,,,,,3650.85,4633.25,49.6521,78.5125,3699.28,4750.2,145.754,226.006,-10.2748,1.1e+16,11,F,51.7553,60.27007442,3572.3375,3473.274,99.0635,2.0,0.3821794669777666,0.0812957670688717,L,99999900.0,LLLLVALLLILFLLLSTLILI,28765.61584798931,831.1526514344628,31.92570966456836,-0.1033488179391871,LLLLVALLLILFLLLSTLILI,Mutant
LLLLTLLVALLLFLISLLILI,LLLLILLVALLLFLISLLILI,Left,clash,37.5785,-282.983,385867.0,385574.0,-60.3538,-277.597,-382.459,4656.91,-46.8508,-44.5081,3611.37,4654.17,46.9895,3.97428,3600.75,4677.03,75.4412,10.7039,-10.2022,1.1011e+16,4,T,134.50092,2.870030157,,,,,0.2592833429212973,0.0762906643166896,L,99999900.0,LLLLTLLVALLLFLISLLILI,28072.667509587907,1033.5726257855954,21.659470071545247,0.1468511249760298,LLLLTLLVALLLFLISLLILI,Mutant
LLLLTLLVALLLFLISLLILI,LLLLTLLVALLLFLIILLILI,Left,clash,36.5083,-286.087,2081310.0,2081020.0,-45.0899,-279.275,-372.734,4681.08,-45.0899,-48.3687,3602.75,4675.12,38.8622,8.6434,3600.75,4677.03,47.832,8.11702,-10.2022,1.1011e+16,15,S,121.077,6.663100021,,,,,0.3089364758188448,0.0540892111391751,L,99999900.0,LLLLTLLVALLLFLISLLILI,28339.00428884536,894.7698438448232,25.807289726428884,0.09719799207848229,LLLLTLLVALLLFLISLLILI,Mutant
LLLLTLLVALLLFLISLLILI,LLLLTLLVALLLALISLLILI,Left,void,,,,,,,,,,,3562.22,4595.37,47.0255,56.5692,3600.75,4677.03,133.222,210.302,-10.2022,1.1e+16,12,F,73.2528,43.57443268,3505.6508,3390.448,115.2028,3.0,0.4158923300418352,0.0257068166649179,L,99999900.0,LLLLTLLVALLLFLISLLILI,28965.622980286207,1113.6655663434533,34.74194436879284,-0.009757862144508078,LLLLTLLVALLLFLISLLILI,Mutant
LLLLTLLVALLLFLISLLILI,LLLLTLLVALLAFLISLLILI,Left,void,,,,,,,,,,,3652.39,4637.66,49.3312,16.4658,3600.75,4677.03,105.462,51.5176,-10.2022,1.1e+16,11,L,113.802,12.63996168,3635.9242,3549.2324,86.6918,3.0,0.4525723935913495,0.0640986660993929,L,99999900.0,LLLLTLLVALLLFLISLLILI,29171.04333055126,899.4759187302429,37.80604686655428,-0.046437925694022386,LLLLTLLVALLLFLISLLILI,Mutant
LLLLFLLLLALTVLLSILILI,LLLLFLLLLALTVLLIILILI,Left,clash,32.0473,-284.99,1719.92,1417.41,-58.8711,-278.395,-377.736,4621.3,-49.5761,-40.4697,3589.32,4614.16,42.1334,26.6769,3588.03,4610.44,48.4109,27.1791,-10.0241,1.10011e+16,15,S,103.0435,20.56492271,,,,,0.1924885117872723,0.0585912402744276,L,99999900.0,LLLLFLLLLALTVLLSILILI,27688.20717947344,1069.6160497487767,16.079703050720948,0.13371775453991727,LLLLFLLLLALTVLLSILILI,Mutant
LLLLFLLLLALTVLLSILILI,LLLLFLLLLALIVLLSILILI,Left,clash,32.025,-283.811,3690.78,3393.92,-60.43,-277.304,-380.874,4616.89,-45.076,-43.1399,3611.72,4588.76,52.6779,34.1717,3588.03,4610.44,79.9582,43.3368,-10.0241,1.10011e+16,11,T,96.0961,26.23188539,,,,,0.2397839782444436,0.0785921061195821,L,99999900.0,LLLLFLLLLALTVLLSILILI,27939.044952290235,754.745467698203,20.03057289336957,0.08642228808274596,LLLLFLLLLALTVLLSILILI,Mutant
LLLLFLLLLALTVLLSILILI,LLLLALLLLALTVLLSILILI,Left,void,,,,,,,,,,,3643.84,4527.91,42.0429,15.2344,3588.03,4610.44,128.632,72.1843,-10.0241,1.1e+16,4,F,43.3419,66.57440455,3628.6056,3515.8457,112.7599,3.0,0.369560607159588,0.0914506947856729,L,99999900.0,LLLLALLLLFLTVLLSILILI,28688.72691045709,764.4004268681339,30.87158172295265,-0.04335434083239842,LLLLFLLLLALTVLLSILILI,Mutant
LLLLFLLLLALTVLLSILILI,LLLLFALLLALTVLLSILILI,Left,void,,,,,,,,,,,3588.32,4606.65,50.0876,78.7403,3588.03,4610.44,90.7219,142.801,-10.0241,1.1e+16,5,L,51.5545,60.43241941,3509.5797,3445.229,64.3507,3.0,0.4591245780557055,0.0791713204326134,L,99999900.0,LLLLFLLLLALTVLLSILILI,29209.93380493205,861.9383214712117,38.35338956011112,-0.13291831172851593,LLLLFLLLLALTVLLSILILI,Mutant
LLLLTLLLALIVLLFSLLILI,LLLLTLLLALIVLLISLLILI,Left,clash,37.4028,-281.963,2295650.0,2295360.0,-60.3909,-276.323,-394.79,4595.92,-45.0801,-58.0758,3735.19,4597.51,44.1538,16.0512,3724.49,4701.8,138.688,16.8974,-9.97523,1.10011e+17,14,F,113.8356,12.35783775,,,,,0.2681411413047982,0.093681800757371,L,99999900.0,LLLLTLLLALIVLLFSLLILI,28108.28778078516,783.9242461029625,22.399414322593632,0.2029065102955095,LLLLTLLLALIVLLFSLLILI,Mutant
LLLLTLLLALIVLLFSLLILI,LLLLTLLLALIILLFSLLILI,Left,clash,37.4002,-284.373,1936760.0,1936470.0,-60.3909,-278.755,-380.495,4685.43,-45.0801,-41.3495,3755.88,4686.7,54.2911,25.9705,3724.49,4701.8,81.3457,40.491,-9.97523,1.10011e+17,11,V,104.2973,19.93623904,,,,,0.2779663426520204,0.1240071529534582,L,99999900.0,LLLLTLLLALIVLLFSLLILI,28162.998969614848,720.5372549887152,23.22017146082469,0.1930813089482873,LLLLTLLLALIVLLFSLLILI,Mutant
LLLLTLLLALIVLLFSLLILI,LLLLTLLLALAVLLFSLLILI,Left,void,,,,,,,,,,,3720.26,4670.4,57.9056,76.3378,3724.49,4701.8,102.582,150.914,-9.97523,1.1e+17,10,I,52.2336,59.37385764,3643.9222,3573.576,70.3462,3.0,0.3359218874193594,0.0959666357017552,L,99999900.0,LLLLTLLLALIVLLFSLLILI,28482.99380793675,744.8758870205617,28.06154064877637,0.1351257641809483,LLLLTLLLALIVLLFSLLILI,Mutant
LLLLTLLLALIVLLFSLLILI,LLLLTLLAALIVLLFSLLILI,Left,void,,,,,,,,,,,3751.78,4642.51,55.4798,23.1519,3724.49,4701.8,117.611,68.9513,-9.97523,1.1e+17,7,L,106.4435,17.86475446,3728.6281,3655.5387,73.0894,3.0,0.3405915469170936,0.1158221092601865,L,99999900.0,LLLLTLLLALIVLLFSLLILI,28506.385744549265,634.1923540102165,28.451624905620363,0.1304561046832141,LLLLTLLLALIVLLFSLLILI,Mutant
LLLLTVLLALLFILLSLLILI,LLLLTVLLILLFILLSLLILI,Left,clash,34.5537,-287.596,1152.45,854.296,-60.4896,-281.48,-389.448,4608.63,-45.1139,-47.4782,3717.0,4742.92,55.3117,30.197,3717.0,4742.92,55.3117,30.197,-9.8057,1.10011e+16,8,A,101.1326,22.99329321,,,,,0.056363871438191,0.0899095248675926,L,99999900.0,LLLLTVLLALLFILLSLLILI,26897.158397205305,899.1476421899023,4.708407307531851,0.2739667952397717,LLLLTVLLALLFILLSLLILI,Mutant
LLLLTVLLALLFILLSLLILI,LLLLTVLLALLFILLILLILI,Left,clash,34.4698,-285.567,3422.94,3126.73,-45.1139,-279.029,-373.791,4643.13,-45.1139,-49.648,3717.17,4756.32,32.6259,6.88363,3717.0,4742.92,33.3031,7.19073,-9.8057,1.10011e+16,15,S,122.83677,5.306513085,,,,,0.1273617834010812,0.0670622226064395,L,99999900.0,LLLLTVLLALLFILLSLLILI,27320.389164419696,1356.4688932865104,10.639282511378635,0.20296888327688148,LLLLTVLLALLFILLSLLILI,Mutant
LLLLTVLLALLFILLSLLILI,LLLLTVLLAALFILLSLLILI,Left,void,,,,,,,,,,,3691.86,4711.19,41.0456,79.6309,3717.0,4742.92,92.8542,179.768,-9.8057,1.1e+16,9,L,50.0359,61.41194199,3612.2291,3537.232,74.9971,3.0,0.2016124582392019,0.0949520728882442,L,99999900.0,LLLLTVLLALLFILLSLLILI,27712.33666163559,654.0336868842357,16.84188022293496,0.12871820843876078,LLLLTVLLALLFILLSLLILI,Mutant
LLLLTVLLALLFILLSLLILI,LLLLTVLLALLFILLSALILI,Left,void,,,,,,,,,,,3697.95,4722.45,42.9447,84.6926,3717.0,4742.92,89.7937,178.515,-9.8057,1.1e+16,16,L,44.7702,65.41848315,3613.2574,3538.485,74.7724,3.0,0.2301069266400742,0.0487493589261771,L,99999900.0,LLLLTVLLALLFILLSLLILI,27906.752835930685,1125.2929734729116,19.22219157876557,0.10022374003788848,LLLLTVLLALLFILLSLLILI,Mutant
LLLLFVLLALLTILLSLLILI,LLLLFVLLILLTILLSLLILI,Left,clash,22.7442,-281.565,1109740000.0,1109740000.0,-74.309,-280.673,-393.177,4618.08,-49.8612,-38.1947,3766.29,4681.71,40.5954,2.58482,3766.29,4681.71,40.5954,2.58482,-9.53815,1.1011e+16,8,A,128.74478,1.968193004,,,,,0.139866018202569,0.1236608850272628,L,99999900.0,LLLLFVLLALLTILLSLLILI,27357.23310351021,564.5916877428051,11.68383514788413,0.006988449346383707,LLLLFVLLALLTILLSLLILI,Mutant
LLLLFVLLALLTILLSLLILI,LLLLFVLLALLTILLILLILI,Left,clash,22.744,-279.532,94197.0,93890.5,-58.9585,-278.494,-377.299,4625.04,-49.7454,-39.8469,3766.37,4684.48,39.3337,13.3757,3766.29,4681.71,45.5851,13.5481,-9.53815,1.1011e+16,15,S,116.3447,10.31117696,,,,,0.2069546961504793,0.2475607391314601,L,99999900.0,LLLLFVLLALLTILLSLLILI,27720.97142683308,297.3966025529116,17.28814892978942,-0.060100228601526584,LLLLFVLLALLTILLSLLILI,Mutant
LLLLFVLLALLTILLSLLILI,LLLLFVLLALLTALLSLLILI,Left,void,,,,,,,,,,,3808.04,4665.03,46.9608,58.6421,3766.29,4681.71,87.1966,100.835,-9.53815,1.1e+16,12,I,71.1799,45.17115743,3749.3979,3665.455,83.9429,3.0,0.2537975762246561,0.0460052586734642,L,99999900.0,LLLLFVLLALLTILLSLLILI,28035.114700040354,997.2134147479773,21.20121155695396,-0.10694310867570339,LLLLFVLLALLTILLSLLILI,Mutant
LLLLFVLLALLTILLSLLILI,LLLLAVLLALLTILLSLLILI,Left,void,,,,,,,,,,,3840.5,4537.85,54.5756,82.3398,3766.29,4681.71,153.319,124.506,-9.53815,1.1e+16,4,F,56.1354,59.46176644,3758.1602,3641.784,116.3762,3.0,0.2732702916671346,0.0179836831576255,L,99999900.0,LLLLFVLLALLTILLSLLILI,28148.370500401023,1081.1732973130386,22.827882567077825,-0.12641582411818192,LLLLFVLLALLTILLSLLILI,Mutant
LLLLFLLLAILLVLLSTLILI,LLLLFLLLIILLVLLSTLILI,Left,clash,34.3211,-287.409,32706.6,32403.9,-74.2356,-280.801,-392.301,4646.32,-49.6109,-37.2636,3637.41,4695.37,47.8337,29.9305,3637.41,4695.37,47.8337,29.9305,-9.42978,1.10011e+16,8,A,101.3991,22.79036866,,,,,0.113497424835661,0.1748509790847295,L,99999900.0,LLLLFLLLAILLVLLSTLILI,27274.43218935442,1747.770837451315,9.48111069815868,0.09719846250521569,LLLLFLLLAILLVLLSTLILI,Mutant
LLLLFLLLAILLVLLSTLILI,LLLLFLLLAILAVLLSTLILI,Left,void,,,,,,,,,,,3674.98,4631.22,59.344,35.1312,3637.41,4695.37,121.412,81.0488,-9.42978,1.1e+16,11,L,95.1366,26.968445,3639.8488,3556.3612,83.4876,2.0,0.1967335685107756,0.0735309267163553,L,99999900.0,LLLLFLLLAILLVLLSTLILI,27692.69297293325,771.4496440315853,16.434317728311864,0.013962318830101073,LLLLFLLLAILLVLLSTLILI,Mutant
LLLLFLLLAILLVLLSTLILI,LLLLFLLLAILLVLLITLILI,Left,clash,34.28,-285.379,36397.8,36097.1,-58.8943,-278.689,-377.943,4636.09,-49.6109,-40.3593,3645.61,4700.4,43.8918,27.9104,3637.41,4695.37,49.6365,34.1592,-9.42978,1.10011e+16,15,S,101.81,21.51581401,,,,,0.2592946298729403,0.1128110751278349,L,99999900.0,LLLLFLLLAILLVLLSTLILI,28070.306920397696,956.3736316120236,21.660412937325045,-0.04859874253206359,LLLLFLLLAILLVLLSTLILI,Mutant
LLLLFLLLAILLVLLSTLILI,LLLLALLLAILLVLLSTLILI,Left,void,,,,,,,,,,,3700.64,4563.0,53.462,29.9668,3637.41,4695.37,149.518,60.4872,-9.42978,1.1e+16,4,F,108.5084,21.64055369,3670.6732,3576.9228,93.7504,2.0,0.3188442727674265,0.0522361509100372,L,99999900.0,LLLLFLLLAILLVLLSTLILI,28395.68781465529,992.200882478639,26.63494656340468,-0.10814838542654981,LLLLFLLLAILLVLLSTLILI,Mutant
LLLLLLLTALLFVLYILLILI,LLLLLLLTILLFVLYILLILI,Left,clash,28.5638,-285.853,8546.15,8239.32,-58.8086,-285.606,-378.444,4689.73,-49.5447,-34.0288,3900.89,4884.63,53.1195,26.4639,3900.89,4884.63,53.1195,26.4639,-9.24664,1.1011e+16,8,A,104.8657,20.15075048,,,,,0.0376579079644343,0.1537304615134268,L,99999900.0,LLLLLLLTALLFVLYILLILI,26761.50842866037,420.2492847050753,3.145787621074656,0.0964117590698684,LLLLLLLTALLFVLYILLILI,Mutant
LLLLLLLTALLFVLYILLILI,LLLLLLLTALLIVLYILLILI,Left,clash,28.4486,-280.825,2544.16,2242.24,-58.8086,-280.581,-385.378,4632.4,-49.5447,-45.9883,3904.71,4761.25,46.7999,17.8082,3900.89,4884.63,146.17,22.9669,-9.24664,1.1011e+16,11,F,112.4596,13.67045425,,,,,0.0898664432679123,0.0923061548995033,L,99999900.0,LLLLLLLTALLFVLYILLILI,27084.67682269162,813.8287474798165,7.507075142071094,0.04420322376639041,LLLLLLLTALLFVLYILLILI,Mutant
LLLLLLLTALLFVLYILLILI,LLLLLLLTALLFVLAILLILI,Left,void,,,,,,,,,,,3770.74,4745.6,53.0529,82.8919,3900.89,4884.63,160.612,292.906,-9.24664,1.1e+16,14,Y,46.9949,63.81857125,3687.8481,3607.984,79.8641,3.0,0.2625701995550686,0.0246532589642382,L,99999900.0,LLLLLLLTALLFVLYILLILI,28089.456598583514,1108.198603291579,21.934040632409392,-0.1285005325207659,LLLLLLLTALLFVLYILLILI,Mutant
LLLLLLLTALLFVLYILLILI,LLLLLLLTALLFVLYALLILI,Left,void,,,,,,,,,,,3942.54,4895.18,35.4727,42.8412,3900.89,4884.63,64.5945,70.7424,-9.24664,1.1e+16,15,I,86.8792,33.02580011,3899.6988,3830.1476,69.5512,3.0,0.2653042388056569,0.1290641143197707,L,99999900.0,LLLLLLLTALLFVLYILLILI,28067.205391518142,552.2735195820477,22.16243108995036,-0.1312345717713542,LLLLLLLTALLFVLYILLILI,Mutant
LLLYLLLAVLTSLLFLLLILI,LLLYLLLAVLTILLFLLLILI,Left,clash,32.606,-286.532,494.658,191.029,-58.8971,-283.107,-368.677,4753.08,-49.7035,-26.6723,3833.52,4756.03,49.4012,21.3473,3831.31,4763.69,59.3564,21.2499,-8.47045,1.10011e+17,11,S,108.9205,16.38724228,,,,,0.0656804595274148,0.1321476718863818,L,99999900.0,LLLYLLLAVLTSLLFLLLILI,26959.706146202123,1011.688634054796,5.486676974275194,0.0776410136822506,LLLYLLLAVLTSLLFLLLILI,Mutant
LLLYLLLAVLTSLLFLLLILI,LLLYLLLAALTSLLFLLLILI,Left,void,,,,,,,,,,,3834.27,4748.92,47.6277,81.8921,3831.31,4763.69,76.2191,122.321,-8.47045,1.1e+17,8,V,49.4375,62.35616342,3752.3779,3708.989,43.3889,2.0,0.1433216322029549,0.0690015199868594,L,99999900.0,LLLYLLLAVLTSLLFLLLILI,27400.41631665957,972.6003895442246,11.972503008984988,-1.5899328950630398e-07,LLLYLLLAVLTSLLFLLLILI,Mutant
LLLYLLLAVLTSLLFLLLILI,LLLYLLLAVLTSLLFALLILI,Left,void,,,,,,,,,,,3823.2,4729.77,42.9478,77.864,3831.31,4763.69,94.8506,163.811,-8.47045,1.1e+17,15,L,51.8564,60.02448343,3745.336,3667.499,77.837,2.0,0.2571996692901202,0.0345854291217709,L,99999900.0,LLLYLLLAVLTSLLFLLLILI,28062.1875865864,1268.122948427236,21.48540849803705,-0.11387819608045482,LLLYLLLAVLTSLLFLLLILI,Mutant
LLLYLLLAVLTSLLFLLLILI,LLLYLLLAVLTSLLILLLILI,Left,clash,32.6107,-283.532,2276.48,1975.86,-74.2794,-280.056,-390.713,4676.86,-49.7035,-36.3778,3837.68,4654.44,44.2581,12.8085,3831.31,4763.69,138.618,18.6727,-8.47045,1.10011e+17,14,F,117.0783,9.861279206,,,,,0.264430844066352,0.0617683432738327,L,99999900.0,LLLYLLLAVLTSLLFLLLILI,28111.607500965867,1235.844921311652,22.08947126536817,-0.12110937085668658,LLLYLLLAVLTSLLFLLLILI,Mutant
LLLFALLLILTALLYVLLILI,LLLFALLLILTILLYVLLILI,Left,clash,43.8363,-286.67,2152780000000.0,2152780000000.0,-58.8808,-281.673,-366.188,4764.05,-49.6017,-25.6342,3646.12,4682.16,57.3595,21.6283,3646.12,4682.16,57.3595,21.6283,-8.29746,1.10011e+17,11,A,108.6395,16.60295177,,,,,0.1955383319933539,0.1141401921236249,L,99999900.0,LLLFALLLILTALLYVLLILI,27665.446650017187,629.8381485343828,16.33447255782835,0.1719641484259864,LLLFALLLILTALLYVLLILI,Mutant
LLLFALLLILTALLYVLLILI,LLLFILLLILTALLYVLLILI,Left,clash,48.9759,-285.555,2152780000000.0,2152780000000.0,-58.8808,-281.027,-366.159,4737.04,-49.6017,-26.2507,3646.12,4682.16,43.2893,15.6175,3646.12,4682.16,43.2893,15.6175,-8.29746,1.10011e+17,4,A,108.6395,16.60295177,,,,,0.2301278364668177,0.058643620729034,L,99999900.0,LLLFALLLILTALLYVLLILI,27885.165472849247,831.3889858524337,19.2239383001764,0.1373746439525226,LLLFALLLILTALLYVLLILI,Mutant
LLLFALLLILTALLYVLLILI,LLLAALLLILTALLYVLLILI,Left,void,,,,,,,,,,,3635.74,4607.98,53.1191,93.7211,3646.12,4682.16,138.781,213.578,-8.29746,1.1e+17,3,F,76.0097,55.21749735,3542.0189,3432.542,109.4769,3.0,0.3270441636183747,0.0335702406175321,L,99999900.0,LLLFALLLILTALLYVLLILI,28466.85996332911,1196.0640745536962,27.31993190984076,0.04045831680096562,LLLFALLLILTALLYVLLILI,Mutant
LLLFALLLILTALLYVLLILI,LLLFALLLILTALLAVLLILI,Left,void,,,,,,,,,,,3671.59,4583.97,45.4872,17.2566,3646.12,4682.16,140.817,116.411,-8.29746,1.1e+17,14,Y,112.6302,13.28587662,3654.3334,3529.709,124.6244,3.0,0.3652087936319876,0.0463554336873191,L,99999900.0,LLLFALLLILTALLYVLLILI,28677.33709600522,1012.0490522455405,30.50804901855283,0.0022936867873527,LLLFALLLILTALLYVLLILI,Mutant
LLLLYVLTALLLILFLLLILI,LLLLYVLTALLLILALLLILI,Left,void,,,,,,,,,,,3611.06,4692.72,46.3676,77.4729,3649.13,4767.13,131.375,218.061,-8.22164,1.1e+16,14,F,52.4139,59.64647678,3533.5871,3431.069,102.5181,2.0,0.1195516511083863,0.0050134192582472,L,99999900.0,LLLLYVLTALLLILFLLLILI,27258.81230531394,1066.9787726232814,9.98685600089592,0.08824376467261281,LLLLYVLTALLLILFLLLILI,Mutant
LLLLYVLTALLLILFLLLILI,LLLLYVLTILLLILFLLLILI,Left,clash,37.1676,-291.489,1877110000.0,1877110000.0,-58.8641,-285.817,-376.138,4718.11,-49.5054,-31.4571,3649.13,4767.13,45.4931,19.1693,3649.13,4767.13,45.4931,19.1693,-8.22164,1.1011e+16,8,A,112.1603,14.59632863,,,,,0.145598409339415,0.2316949240291691,L,99999900.0,LLLLYVLTALLLILFLLLILI,27402.40140629153,853.3480924702485,12.162695659585394,0.0621970064415841,LLLLYVLTALLLILFLLLILI,Mutant
LLLLYVLTALLLILFLLLILI,LLLLAVLTALLLILFLLLILI,Left,void,,,,,,,,,,,3674.5,4647.06,61.1753,51.0156,3649.13,4767.13,161.262,153.554,-8.22164,1.1e+16,4,Y,87.4596,36.84096502,3623.4844,3495.576,127.9084,2.0,0.2579605291512756,0.0307670681005255,L,99999900.0,LLLLYVLTALLLILFLLLILI,28064.489859036767,1248.938824362535,21.54896761913468,-0.05016511337027649,LLLLYVLTALLLILFLLLILI,Mutant
LLLLYVLTALLLILFLLLILI,LLLLYVLTALLLILFILLILI,Left,clash,37.0214,-287.432,1877110000.0,1877110000.0,-58.8641,-281.656,-365.974,4652.78,-49.5054,-25.4545,3673.42,4709.52,46.7425,12.2751,3649.13,4767.13,104.625,11.0612,-8.22164,1.1011e+16,15,L,117.4453,9.462736778,,,,,0.3173197264332488,0.1443261741822182,L,99999900.0,LLLLYVLTALLLILFLLLILI,28383.130305927883,1462.841091579645,26.507592197614088,-0.10952431065224968,LLLLYVLTALLLILFLLLILI,Mutant
LLLLAVLLFLLATLISLLILI,LLLLAVLLFLLITLISLLILI,Left,clash,37.4359,-283.135,1765200000000.0,1765200000000.0,-74.1808,-277.488,-383.598,4601.17,-51.9207,-31.9298,3602.91,4616.17,46.5651,6.93688,3602.91,4616.17,46.5651,6.93688,-7.80654,1.1011e+16,11,A,123.33092,5.325091849,,,,,0.1423208021878002,0.1927691878887979,L,99999900.0,LLLLAVLLFLLATLISLLILI,27362.037945480803,400.0379956345877,11.888897762632824,0.0812076963192159,LLLLAVLLFLLATLISLLILI,Mutant
LLLLAVLLFLLATLISLLILI,LLLLIVLLFLLATLISLLILI,Left,clash,42.2143,-282.571,1764450000000.0,1764450000000.0,-74.1808,-276.773,-382.467,4619.28,-51.9207,-31.5129,3602.91,4616.17,57.1294,30.2997,3602.91,4616.17,57.1294,30.2997,-7.80654,1.1011e+16,4,A,123.33092,5.325091849,,,,,0.2600203496847525,0.1138612096260705,L,99999900.0,LLLLAVLLFLLATLISLLILI,28042.89937554407,593.2760099314883,21.721036602413488,-0.03649185117773643,LLLLAVLLFLLATLISLLILI,Mutant
LLLLAVLLFLLATLISLLILI,LLLLAVLAFLLATLISLLILI,Left,void,,,,,,,,,,,3572.52,4553.59,59.3499,54.9713,3602.91,4616.17,121.182,169.633,-7.80654,1.1e+16,7,L,74.6241,42.41763211,3517.5487,3433.277,84.2717,2.0,0.3358509891148104,0.021260017680249,L,99999900.0,LLLLAVLLFLLATLISLLILI,28507.33018707489,1060.3039605496415,28.05561809436852,-0.11232249060779434,LLLLAVLLFLLATLISLLILI,Mutant
LLLLAVLLFLLATLISLLILI,LLLLAVLLALLATLISLLILI,Left,void,,,,,,,,,,,3630.57,4480.36,55.0671,30.5493,3602.91,4616.17,154.29,114.42,-7.80654,1.1e+16,8,F,100.7803,23.26154957,3600.0207,3488.49,111.5307,2.0,0.4681681293019918,0.0530741482825743,L,99999900.0,LLLLAVLLFLLATLISLLILI,29262.238236512447,955.5210394881236,39.10885084563952,-0.24463963079497572,LLLLAVLLFLLATLISLLILI,Mutant
LLLLAVLLSILLTLLLFLILI,LLLLIVLLSILLTLLLFLILI,Left,clash,33.3408,-286.33,132869.0,132566.0,-74.329,-280.851,-394.94,4628.44,-49.9215,-39.7595,3702.45,4662.96,48.1426,30.9948,3702.45,4662.96,48.1426,30.9948,-7.48799,1.10011e+16,4,A,107.4804,22.38292488,,,,,0.1862957098128851,0.119110581105312,L,99999900.0,LLLLAVLLSILLTLLLFLILI,27636.72275280092,742.3668454805145,15.56238170060259,0.025298424015353815,LLLLAVLLSILLTLLLFLILI,Mutant
LLLLAVLLSILLTLLLFLILI,LLLLAVLLSILATLLLFLILI,Left,void,,,,,,,,,,,3738.35,4591.12,60.2431,27.9411,3702.45,4662.96,122.044,66.8508,-7.48799,1.1e+16,11,L,102.3267,21.44896897,3710.4089,3635.5992,74.8097,3.0,0.2269052647936437,0.0548756123861255,L,99999900.0,LLLLAVLLSILLTLLLFLILI,27866.09781239252,846.3607277500874,18.95473784201311,-0.01531113096540479,LLLLAVLLSILLTLLLFLILI,Mutant
LLLLAVLLSILLTLLLFLILI,LLLLAVLLSILLTLLIFLILI,Left,clash,29.9243,-282.696,133123.0,132820.0,-74.329,-277.16,-385.75,4572.87,-49.9215,-34.261,3736.45,4609.23,44.6055,26.1084,3702.45,4662.96,105.063,36.3592,-7.48799,1.10011e+16,15,L,103.612,20.12667244,,,,,0.3335813778677853,0.0451280859645593,L,99999900.0,LLLLAVLLSILLTLLLFLILI,28505.493621989925,1178.5267421065132,27.86602405286504,-0.12198724403954639,LLLLAVLLSILLTLLLFLILI,Mutant
LLLLAVLLSILLTLLLFLILI,LLLLAVLLSILLTLLLALILI,Left,void,,,,,,,,,,,3600.85,4560.32,41.3137,82.7741,3702.45,4662.96,134.071,268.07,-7.48799,1.1e+16,16,F,46.6887,63.93659028,3518.0759,3434.38,83.6959,3.0,0.3743510614963572,0.0409607057629188,L,99999900.0,LLLLAVLLSILLTLLLFLILI,28721.379917746224,1089.1989213028216,31.27175668663265,-0.1627569276681183,LLLLAVLLSILLTLLLFLILI,Mutant
LLLVALLLILTFLLASLLILI,LLLVILLLILTFLLASLLILI,Left,clash,32.2356,-281.636,110791000.0,110791000.0,-74.1925,-276.671,-387.268,4567.41,-49.6106,-36.4048,3620.44,4610.99,39.3804,15.3883,3620.44,4610.99,39.3804,15.3883,-7.00132,1.10011e+17,4,A,124.04993,4.493813074,,,,,0.3031218740172315,0.1204345909216062,L,99999900.0,LLLVALLLILTFLLASLLILI,28308.68554252355,737.6669620074317,25.32156167201149,0.05074818596482439,LLLVALLLILTFLLASLLILI,Mutant
LLLVALLLILTFLLASLLILI,LLLVALLLILTFLLISLLILI,Left,clash,28.9681,-282.137,110802000.0,110802000.0,-74.1925,-277.348,-386.852,4599.27,-49.6106,-35.3115,3620.44,4610.99,39.5438,5.83687,3620.44,4610.99,39.5438,5.83687,-7.00132,1.10011e+17,14,A,124.04993,4.493813074,,,,,0.3110264992089774,0.0669453951719416,L,99999900.0,LLLVALLLILTFLLASLLILI,28348.794362274824,1077.558040431686,25.981881732831496,0.04284356077307849,LLLVALLLILTFLLASLLILI,Mutant
LLLVALLLILTFLLASLLILI,LLLVALLLILTALLASLLILI,Left,void,,,,,,,,,,,3649.72,4476.58,54.6346,28.4406,3620.44,4610.99,154.544,139.585,-7.00132,1.1e+17,11,F,101.8272,21.83240985,3621.2794,3480.855,140.4244,3.0,0.4014372389497938,0.0211182468409308,L,99999900.0,LLLVALLLILTFLLASLLILI,28883.156454112,1080.739934136457,33.534425176229185,-0.04756717896773788,LLLVALLLILTFLLASLLILI,Mutant
LLLVALLLILTFLLASLLILI,LLLVALLAILTFLLASLLILI,Left,void,,,,,,,,,,,3679.11,4550.85,60.4699,31.2576,3620.44,4610.99,120.44,57.9809,-7.00132,1.1e+17,7,L,98.3378,24.11937461,3647.8524,3562.4591,85.3933,3.0,0.4354738471075161,0.0147042465510846,L,99999900.0,LLLVALLLILTFLLASLLILI,29086.45857096896,1228.070504670731,36.377704221550935,-0.08160378712546018,LLLVALLLILTFLLASLLILI,Mutant
LLLLAVLLFLLALLTSLLILI,LLLLAVLLFLLILLTSLLILI,Left,clash,36.6013,-282.691,1524910000.0,1524910000.0,-74.224,-277.497,-385.714,4635.17,-49.8636,-33.9921,3574.54,4646.48,48.55,12.2113,3574.54,4646.48,48.55,12.2113,-6.86645,1.1011e+16,11,A,118.0565,9.373997258,,,,,0.1900827506983397,0.0304685667222194,L,99999900.0,LLLLAVLLFLLALLTSLLILI,27668.43299125867,1036.4131478413929,15.878735608239149,0.2237239880158587,LLLLAVLLFLLALLTSLLILI,Mutant
LLLLAVLLFLLALLTSLLILI,LLLLIVLLFLLALLTSLLILI,Left,clash,41.1717,-282.158,1525200000.0,1525200000.0,-74.24,-276.766,-384.211,4623.92,-49.747,-33.205,3574.54,4646.48,60.9,36.5435,3574.54,4646.48,60.9,36.5435,-6.86645,1.1011e+16,4,A,118.0565,9.373997258,,,,,0.2340021362593131,0.0145947251827273,L,99999900.0,LLLLAVLLFLLALLTSLLILI,27918.590871409724,1044.1377468347314,19.5475814600427,0.17980460245488528,LLLLAVLLFLLALLTSLLILI,Mutant
LLLLAVLLFLLALLTSLLILI,LLLLAVLLFLLAALTSLLILI,Left,void,,,,,,,,,,,3571.61,4650.01,38.0307,60.2976,3574.54,4646.48,72.7822,138.383,-6.86645,1.1e+16,12,L,69.5244,46.44636502,3511.3124,3436.157,75.1554,3.0,0.3030291493230021,0.0230909121778729,L,99999900.0,LLLLAVLLFLLALLTSLLILI,28324.98773643759,1158.7900991455317,25.31381583027355,0.11077758939119625,LLLLAVLLFLLALLTSLLILI,Mutant
LLLLAVLLFLLALLTSLLILI,LLLLAVLLALLALLTSLLILI,Left,void,,,,,,,,,,,3642.27,4560.54,49.5267,21.4535,3574.54,4646.48,135.593,82.0647,-6.86645,1.1e+16,8,F,109.8761,16.33561665,3620.8165,3492.4753,128.3412,3.0,0.4458238427146905,0.0830139680939617,L,99999900.0,LLLLAVLLFLLALLTSLLILI,29122.832990264087,1036.7731397175571,37.242300525997166,-0.032017104000492125,LLLLAVLLFLLALLTSLLILI,Mutant
LLLYFLLTVLLLLLASLLILI,LLLYFLLTVLLLLLISLLILI,Left,clash,39.1207,-286.563,208361000.0,208360000.0,-74.0825,-285.84,-381.013,4808.79,-49.8807,-21.0902,3916.81,4845.74,46.2158,23.2978,3916.81,4845.74,46.2158,23.2978,-6.48805,1.10011e+17,14,A,106.589,17.93700361,,,,,0.0843561785945444,0.0557112361889698,L,99999900.0,LLLYFLLTVLLLLLASLLILI,27037.035065792927,868.2883163324954,7.046770166693896,0.14906079662433652,LLLYFLLTVLLLLLASLLILI,Mutant
LLLYFLLTVLLLLLASLLILI,LLLYFLLIVLLLLLASLLILI,Left,clash,39.1933,-283.321,208354000.0,208354000.0,-60.4048,-282.579,-369.321,4825.69,-45.0982,-26.337,3921.95,4841.64,41.6586,13.5138,3916.81,4845.74,65.2678,20.4765,-6.48805,1.10011e+17,7,T,116.0816,10.42768493,,,,,0.1699880601885913,0.2151048725481702,L,99999900.0,LLLYFLLTVLLLLLASLLILI,27517.619937038024,373.6709823852794,14.200107344699012,0.0634289150302896,LLLYFLLTVLLLLLASLLILI,Mutant
LLLYFLLTVLLLLLASLLILI,LLLAFLLTVLLLLLASLLILI,Left,void,,,,,,,,,,,3758.0,4670.54,55.5132,73.4179,3916.81,4845.74,172.455,301.128,-6.48805,1.1e+17,3,Y,96.3129,43.25549635,3684.5821,3615.682,68.9001,3.0,0.2195087122601864,0.0431185857657659,L,99999900.0,LLLYFLLTVLLLLLASLLILI,27823.208859853887,945.4694567122788,18.33686009319197,0.013908262958694517,LLLYFLLTVLLLLLASLLILI,Mutant
LLLYFLLTVLLLLLASLLILI,LLLYALLTVLLLLLASLLILI,Left,void,,,,,,,,,,,3988.07,4705.99,56.7126,51.6191,3916.81,4845.74,154.202,97.6447,-6.48805,1.1e+17,4,F,86.8561,37.27678314,3936.4509,3819.1653,117.2856,3.0,0.2563182601243046,0.0627695798784537,L,99999900.0,LLLYFLLTVLLLLLASLLILI,28040.172321947062,849.6468714492797,21.41177918104092,-0.022901284905423674,LLLYFLLTVLLLLLASLLILI,Mutant
LLLLLFLLATLLILLSVLILI,LLLLLFLLITLLILLSVLILI,Left,clash,33.0076,-284.891,20071.1,19769.6,-74.3011,-279.473,-392.501,4618.8,-49.6228,-38.7263,3737.49,4700.88,40.9746,16.843,3737.49,4700.88,40.9746,16.843,-6.48367,1.10011e+16,8,A,114.4866,12.82498386,,,,,0.0952816923934086,0.0429162089752172,L,99999900.0,LLLLLFLLATLLILLSVLILI,27105.15205851033,863.2529750996299,7.95944290716602,0.1505700182417114,LLLLLFLLATLLILLSVLILI,Mutant
LLLLLFLLATLLILLSVLILI,LLLLLFLLATLIILLSVLILI,Left,clash,32.9069,-280.832,11274.9,10977.4,-74.3011,-275.446,-382.448,4556.42,-49.6228,-32.7007,3783.91,4637.37,53.6628,29.1082,3737.49,4700.88,115.282,66.5479,-6.48367,1.10011e+16,11,L,101.1596,22.3448926,,,,,0.1564140385620551,0.456367895702592,L,99999900.0,LLLLLFLLATLLILLSVLILI,27358.774433185143,1048.5819833010094,13.066189091956833,0.08943767207306491,LLLLLFLLATLLILLSVLILI,Mutant
LLLLLFLLATLLILLSVLILI,LLLLAFLLATLLILLSVLILI,Left,void,,,,,,,,,,,3803.37,4660.71,57.8481,42.7058,3737.49,4700.88,111.943,77.4927,-6.48367,1.1e+16,4,L,95.7694,30.84003489,3760.6642,3659.9973,100.6669,2.0,0.3362613070205971,0.03917985249427,L,99999900.0,LLLLLFLLATLLILLSVLILI,28507.687372947577,992.4241911908651,28.08989437413286,-0.09040959638547708,LLLLLFLLATLLILLSVLILI,Mutant
LLLLLFLLATLLILLSVLILI,LLLLLALLATLLILLSVLILI,Left,void,,,,,,,,,,,3646.5,4571.44,53.9661,79.4259,3737.49,4700.88,152.555,259.316,-6.48367,1.1e+16,5,F,50.8689,60.95861078,3567.0741,3478.174,88.9001,2.0,0.3470480383834333,0.1245747689560377,L,99999900.0,LLLLLFLLATLLILLSVLILI,28561.1388969482,730.11459693853,28.990973797480425,-0.10119632774831328,LLLLLFLLATLLILLSVLILI,Mutant
LLLLVLLLTILFLLLSALILI,LLLLVLLLTILFILLSALILI,Left,clash,30.4668,-278.566,707.964,410.256,-74.2557,-277.211,-384.73,4563.62,-49.6084,-33.2636,3775.83,4679.06,53.1902,8.29846,3763.46,4721.47,106.494,14.7984,-6.32601,1.10011e+16,12,L,121.52354,6.392183143,,,,,0.1487282356347361,0.0336696224398244,L,99999900.0,LLLLVLLLTILFLLLSALILI,27434.00574248807,1101.3154319402513,12.424148548185416,0.07883149524720598,LLLLVLLLTILFLLLSALILI,Mutant
LLLLVLLLTILFLLLSALILI,LLLLVLLLTILFLLLIALILI,Left,clash,30.4958,-280.595,3254.05,2954.34,-58.8786,-279.156,-380.338,4618.01,-49.6084,-42.3032,3778.27,4732.5,36.5382,8.19506,3763.46,4721.47,37.8678,6.26042,-6.32601,1.10011e+16,15,S,121.52534,6.317479749,,,,,0.2526530900167115,0.0974177963690648,L,99999900.0,LLLLVLLLTILFLLLSALILI,28001.21644033268,696.8278988113153,21.105605859769632,-0.0250933591347694,LLLLVLLLTILFLLLSALILI,Mutant
LLLLVLLLTILFLLLSALILI,LLLLVLLLTALFLLLSALILI,Left,void,,,,,,,,,,,3747.77,4712.97,42.1254,73.3695,3763.46,4721.47,81.7987,151.068,-6.32601,1.1e+16,9,I,56.2973,56.58310377,3674.4005,3612.392,62.0085,2.0,0.3103818100382682,0.0747535834613655,L,99999900.0,LLLLVLLLTILFLLLSALILI,28351.6642461724,829.7242222715598,25.928027036108208,-0.08282207915632611,LLLLVLLLTILFLLLSALILI,Mutant
LLLLVLLLTILFLLLSALILI,LLLLVLLLTILALLLSALILI,Left,void,,,,,,,,,,,3700.71,4606.6,47.9726,84.9804,3763.46,4721.47,142.811,244.951,-6.32601,1.1e+16,11,F,45.2874,65.23515404,3615.7296,3518.509,97.2206,2.0,0.3261883543212044,0.0515306422024323,L,99999900.0,LLLLVLLLTILFLLLSALILI,28444.380642713644,911.80810293849,27.24844110117498,-0.09862862343926232,LLLLVLLLTILFLLLSALILI,Mutant
LLLLLVLLLALITLLSFLILI,LLLLLVLLIALITLLSFLILI,Left,clash,38.645,-281.024,75313800.0,75313600.0,-74.1949,-276.825,-384.153,4593.13,-49.7455,-33.1333,3725.66,4630.38,50.0406,22.8757,3691.49,4679.23,109.04,57.9483,-5.93778,1.10011e+16,8,L,108.4539,17.41854083,,,,,0.1905023647855165,0.0416215993924804,L,99999900.0,LLLLLVLLLALITLLSFLILI,27664.449288019463,926.9416467836176,15.913788452978054,-0.05767392218524489,LLLLLVLLLALITLLSFLILI,Mutant
LLLLLVLLLALITLLSFLILI,LLLLAVLLLALITLLSFLILI,Left,void,,,,,,,,,,,3665.74,4636.31,46.0199,73.4256,3691.49,4679.23,100.118,174.635,-5.93778,1.1e+16,4,L,65.0496,53.02436826,3592.3144,3516.855,75.4594,3.0,0.2136803043027959,0.073667047498751,L,99999900.0,LLLLLVLLLALITLLSFLILI,27789.631978617224,769.8970530850069,17.849978728984265,-0.08085186170252429,LLLLLVLLLALITLLSFLILI,Mutant
LLLLLVLLLALITLLSFLILI,LLLLLVLLLALITLLIFLILI,Left,clash,38.6468,-283.053,76395400.0,76395100.0,-58.92,-278.765,-380.209,4625.78,-49.7455,-42.5237,3697.23,4681.68,40.5815,9.00352,3691.49,4679.23,47.194,11.4272,-5.93778,1.10011e+16,15,S,120.71688,6.940712486,,,,,0.2264908256062657,0.0339159421742138,L,99999900.0,LLLLLVLLLALITLLSFLILI,27873.487643550587,970.516425308328,18.920117287239503,-0.09366238300599411,LLLLLVLLLALITLLSFLILI,Mutant
LLLLLVLLLALITLLSFLILI,LLLLLVLLLALITLLSALILI,Left,void,,,,,,,,,,,3638.33,4627.89,40.7525,81.9794,3691.49,4679.23,118.908,230.647,-5.93778,1.1e+16,16,F,47.4834,63.32274599,3556.3506,3460.843,95.5076,3.0,0.320063187510916,0.0976964507162354,L,99999900.0,LLLLLVLLLALITLLSFLILI,28399.587704427453,703.8095500777317,26.736769716056603,-0.1872347449106444,LLLLLVLLLALITLLSFLILI,Mutant
LLLSYLLFTLLALLLAVLILI,LLLSYLLFTLLILLLAVLILI,Right,clash,25.8885,-282.663,546421000.0,546421000.0,-58.8166,-280.462,-360.79,4667.08,-49.5429,-21.511,3641.21,4770.41,45.4284,0.676196,3641.21,4770.41,45.4284,0.676196,-23.5221,1.10011e+17,11,A,129.591604,0.519081461,,,,,0.2181319578239187,0.1162563401199937,R,99999900.0,LLLSYLLFTLLALLLAVLILI,24173.789103700936,1464.966697640337,18.66630189958001,0.1667317200522367,LLLSYLLFTLLALLLAVLILI,Mutant
LLLSYLLFTLLALLLAVLILI,LLLSYLLATLLALLLAVLILI,Right,void,,,,,,,,,,,3653.03,4630.78,55.9045,31.0697,3641.21,4770.41,153.903,103.574,-23.5221,1.1e+17,7,F,98.5257,23.97438489,3621.9603,3537.636,84.3243,5.0,0.3128682103863769,0.1066667510819583,R,99999900.0,LLLSYLLFTLLALLLAVLILI,24733.29816340921,1119.317596626243,26.773208878305145,0.07199546748977848,LLLSYLLFTLLALLLAVLILI,Mutant
LLLSYLLFTLLALLLAVLILI,LLLSYLLFTLLALLLIVLILI,Right,clash,25.8902,-282.663,491833000.0,491833000.0,-58.8166,-280.413,-361.637,4650.79,-49.5429,-22.4082,3641.21,4770.41,43.6471,15.3992,3641.21,4770.41,43.6471,15.3992,-23.5221,1.10011e+17,15,A,129.591604,0.519081461,,,,,0.3220160177563975,0.0682966992944766,R,99999900.0,LLLSYLLFTLLALLLAVLILI,24803.86233839218,1340.9609369087607,27.556018218997185,0.0628476601197579,LLLSYLLFTLLALLLAVLILI,Mutant
LLLSYLLFTLLALLLAVLILI,LLLSALLFTLLALLLAVLILI,Right,void,,,,,,,,,,,3744.97,4638.44,52.3898,65.9466,3641.21,4770.41,154.075,100.283,-23.5221,1.1e+17,4,Y,72.5286,47.62340116,3679.0234,3540.927,138.0964,5.0,0.5300498931568052,0.053053792769705,R,99999900.0,LLLSYLLFTLLALLLAVLILI,26113.699301504264,1811.8802330830624,45.35819247307072,-0.1451862152806498,LLLSYLLFTLLALLLAVLILI,Mutant
LLLYTLLISLLVALLFLLILI,LLLYTLLISLLVILLFLLILI,Right,clash,25.3074,-284.497,2824440.0,2824130.0,-60.371,-285.768,-370.965,4760.43,-50.6179,-24.8264,3882.1,4813.42,47.3919,9.03296,3882.1,4813.42,47.3919,9.03296,-21.4763,1.10011e+17,12,A,120.78904,6.957957819,,,,,0.164578656714566,0.0693095726810428,R,99999900.0,LLLYTLLISLLVALLFLLILI,23796.54897104695,1183.0435525617706,14.083561726160642,0.08649104280228598,LLLYTLLISLLVALLFLLILI,Mutant
LLLYTLLISLLVALLFLLILI,LLLYTLLISLLVALLALLILI,Right,void,,,,,,,,,,,3908.51,4726.18,43.1438,31.1893,3882.1,4813.42,132.076,115.815,-21.4763,1.1e+17,15,F,98.5311,24.04348121,3877.3207,3766.285,111.0357,4.0,0.285760854403333,0.0611475284747444,R,99999900.0,LLLYTLLISLLVALLFLLILI,24544.30081435059,1403.0376464931835,24.45353919062309,-0.034691154886481,LLLYTLLISLLVALLFLLILI,Mutant
LLLYTLLISLLVALLFLLILI,LLLYTLLASLLVALLFLLILI,Right,void,,,,,,,,,,,3900.91,4766.24,58.0439,73.3406,3882.1,4813.42,109.228,136.177,-21.4763,1.1e+17,7,I,56.2548,56.5919778,3827.5694,3745.923,81.6464,4.0,0.2865065896595192,0.0228292665976351,R,99999900.0,LLLYTLLISLLVALLFLLILI,24567.71990531872,1481.5312536835518,24.517354321464065,-0.03543689014266721,LLLYTLLISLLVALLFLLILI,Mutant
LLLYTLLISLLVALLFLLILI,LLLYTLLIILLVALLFLLILI,Right,clash,25.3363,-282.467,2103720.0,2103410.0,-45.0718,-283.805,-355.739,4788.26,-45.0718,-26.8626,3882.31,4815.51,47.5885,7.87611,3882.1,4813.42,52.8158,8.32421,-21.4763,1.10011e+17,8,S,123.45349,5.99720855,,,,,0.292900505566272,0.1938326558847464,R,99999900.0,LLLYTLLISLLVALLFLLILI,24535.371433084096,658.4013250928784,25.06450369758766,-0.04183080604942002,LLLYTLLISLLVALLFLLILI,Mutant
LLLLSLLFALLIALLVTLILI,LLLLSLLFILLIALLVTLILI,Right,clash,25.0232,-276.003,182116000000.0,182116000000.0,-58.8343,-276.78,-372.035,4615.04,-53.1101,-36.4207,3735.14,4579.2,50.3285,0.0,3735.14,4579.2,50.3285,0.0,-21.0659,1.10011e+17,8,A,113.772,12.36308176,,,,,0.2043298210634366,0.0494590686732213,R,99999900.0,LLLLSLLFALLIALLVTLILI,24049.45447935391,1285.7763602599623,17.485205584300882,0.08616088011910761,LLLLSLLFALLIALLVTLILI,Mutant
LLLLSLLFALLIALLVTLILI,LLLLSLLFALLIILLVTLILI,Right,clash,25.0012,-276.003,186001000.0,186001000.0,-58.8343,-276.747,-372.38,4610.42,-53.1101,-36.7993,3735.14,4579.2,46.3856,16.05,3735.14,4579.2,46.3856,16.05,-21.0659,1.10011e+17,12,A,113.772,12.36308176,,,,,0.3165947411638994,0.0226626320512963,R,99999900.0,LLLLSLLFALLIALLVTLILI,24760.575705461484,1477.7622533231538,27.092100934403867,-0.026104039981355187,LLLLSLLFALLIALLVTLILI,Mutant
LLLLSLLFALLIALLVTLILI,LLLASLLFALLIALLVTLILI,Right,void,,,,,,,,,,,3677.21,4523.9,62.4738,121.759,3735.14,4579.2,120.204,239.61,-21.0659,1.1e+17,3,L,47.9718,71.73653809,3555.451,3495.53,59.921,5.0,0.3882681955194259,0.0489342233272034,R,99999900.0,LLLLSLLFALLIALLVTLILI,25204.11215470733,1398.3105730792806,33.22544494567429,-0.09777749433688165,LLLLSLLFALLIALLVTLILI,Mutant
LLLLSLLFALLIALLVTLILI,LLLLSLLAALLIALLVTLILI,Right,void,,,,,,,,,,,3714.08,4462.0,48.5289,73.7761,3735.14,4579.2,146.967,189.444,-21.0659,1.1e+17,7,F,55.8193,56.92802368,3640.3039,3545.696,94.6079,5.0,0.4096421125090458,0.0385240055264538,R,99999900.0,LLLLSLLFALLIALLVTLILI,25344.75731127445,1595.9053074786127,35.05448453842791,-0.11915141132650159,LLLLSLLFALLIALLVTLILI,Mutant
LLLYALLLALLVSLLFTLILI,LLLYILLLALLVSLLFTLILI,Right,clash,21.445,-279.595,120443000.0,120443000.0,-74.1887,-280.225,-368.783,4722.36,-49.5823,-14.3696,3813.17,4685.76,53.4027,20.0432,3813.17,4685.76,53.4027,20.0432,-20.1656,1.10011e+17,4,A,118.432,14.47421632,,,,,0.2431154917622338,0.132580972365252,R,99999900.0,LLLYALLLALLVSLLFTLILI,24364.994209427743,2158.92437431314,20.80422882997248,0.13347321974953802,LLLYALLLALLVSLLFTLILI,Mutant
LLLYALLLALLVSLLFTLILI,LLLYALLAALLVSLLFTLILI,Right,void,,,,,,,,,,,3809.32,4631.08,58.9468,90.0853,3813.17,4685.76,118.534,179.497,-20.1656,1.1e+17,7,L,39.5101,69.51272962,3719.2347,3633.673,85.5617,5.0,0.2626736653068407,0.036729665768118,R,99999900.0,LLLYALLLALLVSLLFTLILI,24424.93472656056,1400.452119063511,22.4778890108558,0.11391504620493109,LLLYALLLALLVSLLFTLILI,Mutant
LLLYALLLALLVSLLFTLILI,LLLYALLLALLVILLFTLILI,Right,clash,19.6836,-277.735,144137000.0,144136000.0,-58.8854,-276.388,-352.058,4753.41,-49.5823,-16.7844,3813.88,4683.39,50.9272,12.5247,3813.17,4685.76,59.0172,12.3563,-20.1656,1.10011e+17,12,S,117.2973,9.647594398,,,,,0.3147699014717645,0.0720725296621572,R,99999900.0,LLLYALLLALLVSLLFTLILI,24756.15307135025,1310.0751291842707,26.935943125380657,0.06181881004000733,LLLYALLLALLVSLLFTLILI,Mutant
LLLYALLLALLVSLLFTLILI,LLLYALLLALLVSLLATLILI,Right,void,,,,,,,,,,,3829.39,4604.5,42.8307,34.1306,3813.17,4685.76,130.062,115.025,-20.1656,1.1e+17,15,F,95.5898,26.31089636,3795.2594,3698.145,97.1144,5.0,0.3227039775548208,0.0666484541689611,R,99999900.0,LLLYALLLALLVSLLFTLILI,24778.89240419664,1280.0138379458035,27.61488930519772,0.053884733956951036,LLLYALLLALLVSLLFTLILI,Mutant
LLLATLLISLLFTLLVLLILI,LLLATLLIILLFTLLVLLILI,Right,clash,27.7896,-278.196,392208.0,391908.0,-58.9158,-278.923,-373.157,4687.82,-49.6726,-35.3182,3721.02,4662.5,47.7862,5.24018,3720.13,4662.76,54.461,5.15177,-19.7573,1.10011e+17,8,S,126.08942,3.990098196,,,,,0.2751857989676557,0.1028141978569819,R,99999900.0,LLLATLLISLLFTLLVLLILI,24521.16048369625,1360.8575030034815,23.548595323908746,0.15086906929888866,LLLATLLISLLFTLLVLLILI,Mutant
LLLATLLISLLFTLLVLLILI,LLLATLLISLLFILLVLLILI,Right,clash,27.7539,-277.016,861658.0,861358.0,-60.478,-277.681,-376.465,4680.81,-50.4051,-38.3063,3731.14,4654.5,41.5466,10.5787,3720.13,4662.76,64.3981,19.1955,-19.7573,1.10011e+17,12,T,119.2433,8.148618878,,,,,0.2967123126271923,0.0340862862396633,R,99999900.0,LLLATLLISLLFTLLVLLILI,24628.833406060367,1411.5662949784644,25.39069313856597,0.1293425556393521,LLLATLLISLLFTLLVLLILI,Mutant
LLLATLLISLLFTLLVLLILI,LLLATLLISLLATLLVLLILI,Right,void,,,,,,,,,,,3732.9,4512.53,56.0178,46.9034,3720.13,4662.76,156.238,134.358,-19.7573,1.1e+17,11,F,83.3644,36.0053674,3685.9966,3585.772,100.2246,4.0,0.3723789121914368,0.0843909388062054,R,99999900.0,LLLATLLISLLFTLLVLLILI,25131.14944511548,1396.0140514468603,31.865744319837408,0.053675956075107556,LLLATLLISLLFTLLVLLILI,Mutant
LLLATLLISLLFTLLVLLILI,LLLATLLASLLFTLLVLLILI,Right,void,,,,,,,,,,,3712.16,4610.75,58.6217,65.819,3720.13,4662.76,111.075,138.256,-19.7573,1.1e+17,7,I,63.7764,50.7880681,3646.341,3581.874,64.467,4.0,0.4642206452518892,0.0594252600019364,R,99999900.0,LLLATLLISLLFTLLVLLILI,25684.85306747565,1655.7406115144092,39.72495730902674,-0.038165776985344846,LLLATLLISLLFTLLVLLILI,Mutant
LLLTYLLFTLLAVLLSLLILI,LLLTYLLFTLLIVLLSLLILI,Right,clash,21.2599,-282.221,44566500.0,44566200.0,-74.2365,-283.173,-376.693,4664.52,-49.6173,-19.2832,3720.48,4721.56,54.3776,6.25476,3720.48,4721.56,54.3776,6.25476,-19.7151,1.10011e+17,11,A,124.01304,4.801462833,,,,,0.3314054168163582,0.0117789103518683,R,99999900.0,LLLTYLLFTLLAVLLSLLILI,24859.82677143386,1540.7390966156322,28.359501391556147,0.025995156608560666,LLLTYLLFTLLAVLLSLLILI,Mutant
LLLTYLLFTLLAVLLSLLILI,LLLTYLLFTLLAVLLILLILI,Right,clash,21.2626,-280.19,43010400.0,43010100.0,-58.8833,-280.318,-360.198,4659.0,-49.6173,-20.9966,3725.13,4716.55,43.6475,12.0337,3720.48,4721.56,53.6781,14.3079,-19.7151,1.10011e+17,15,S,117.6867,9.276644229,,,,,0.3330912112750379,0.1381405777043228,R,99999900.0,LLLTYLLFTLLAVLLSLLILI,24817.491897526223,895.745414051441,28.50376062170414,0.024309362149880998,LLLTYLLFTLLAVLLSLLILI,Mutant
LLLTYLLFTLLAVLLSLLILI,LLLTYLLATLLAVLLSLLILI,Right,void,,,,,,,,,,,3724.97,4636.1,53.4212,35.0959,3720.48,4721.56,137.746,122.192,-19.7151,1.1e+17,7,F,94.4995,27.08113097,3689.8741,3598.288,91.5861,5.0,0.3983944024233952,0.0365389466694738,R,99999900.0,LLLTYLLFTLLAVLLSLLILI,25282.741177912714,1457.836806467284,34.091979299708214,-0.04099382899847631,LLLTYLLFTLLAVLLSLLILI,Mutant
LLLTYLLFTLLAVLLSLLILI,LLLTALLFTLLAVLLSLLILI,Right,void,,,,,,,,,,,3823.55,4626.28,50.5996,37.0907,3720.48,4721.56,144.044,64.1024,-19.7151,1.1e+17,4,Y,101.3845,26.78508498,3786.4593,3656.3776,130.0817,5.0,0.43436619424771,0.0408546098080935,R,99999900.0,LLLTYLLFTLLAVLLSLLILI,25501.386672905308,1460.37065670554,37.17020925170599,-0.07696562082279113,LLLTYLLFTLLAVLLSLLILI,Mutant
LLLLYLLITLLFSLLVALILI,LLLLYLLIILLFSLLVALILI,Right,clash,22.1745,-276.972,99313900.0,99313600.0,-60.4211,-280.62,-365.137,4688.26,-50.8523,-24.0966,3891.67,4758.53,30.9555,10.4856,3883.87,4759.45,47.6775,11.9105,-19.4726,1.10011e+17,8,T,120.844,7.984186353,,,,,0.2399201612343529,0.0441420609413733,R,99999900.0,LLLLYLLITLLFSLLVALILI,24278.21561627245,1343.8591233559105,20.53079340630789,0.0604874351629498,LLLLYLLITLLFSLLVALILI,Mutant
LLLLYLLITLLFSLLVALILI,LLLLYLLITLLFILLVALILI,Right,clash,22.2114,-278.152,92179000.0,92178700.0,-58.8818,-281.821,-361.475,4751.77,-49.6239,-20.7717,3884.35,4762.74,45.6656,3.29491,3883.87,4759.45,50.6562,3.17076,-19.4726,1.10011e+17,12,S,126.52709,2.538021291,,,,,0.2977030132466854,0.0215528191238606,R,99999900.0,LLLLYLLITLLFSLLVALILI,24654.91029959178,1547.2252684687396,25.475470798107665,0.002704583150617279,LLLLYLLITLLFSLLVALILI,Mutant
LLLLYLLITLLFSLLVALILI,LLLLALLITLLFSLLVALILI,Right,void,,,,,,,,,,,3983.85,4666.73,46.7303,92.4177,3883.87,4759.45,144.051,111.395,-19.4726,1.1e+17,4,Y,46.0575,66.7395317,3891.4323,3772.475,118.9573,4.0,0.3425251510923957,0.0346769748805237,R,99999900.0,LLLLYLLITLLFSLLVALILI,24918.26263052977,1513.4208588495812,29.311055300072265,-0.042117554695092985,LLLLYLLITLLFSLLVALILI,Mutant
LLLLYLLITLLFSLLVALILI,LLLLYLLITLLASLLVALILI,Right,void,,,,,,,,,,,3876.77,4617.55,54.5351,59.2346,3883.87,4759.45,152.512,164.829,-19.4726,1.1e+17,11,F,71.0332,45.47140583,3817.5354,3719.041,98.4944,4.0,0.3825337172315558,0.0869865466204449,R,99999900.0,LLLLYLLITLLFSLLVALILI,25148.0175420864,1437.759834097327,32.734725914745425,-0.08212612083425314,LLLLYLLITLLFSLLVALILI,Mutant
LLLYLLLIVLLAFLLSTLILI,LLLYLLLIVLLIFLLSTLILI,Right,clash,16.6959,-278.473,187650.0,187338.0,-74.2927,-284.062,-376.107,4787.54,-49.5918,-17.7515,4083.57,4857.08,50.5169,5.69161,4083.57,4857.08,50.5169,5.69161,-18.9945,1.10011e+17,11,A,124.57619,4.369161067,,,,,0.1073859777555592,0.126998269315654,R,99999900.0,LLLYLLLIVLLAFLLSTLILI,23475.8095311829,1431.4709615421216,9.189387472444224,0.11350038078883949,LLLYLLLIVLLAFLLSTLILI,Mutant
LLLYLLLIVLLAFLLSTLILI,LLLYLLLIVLLAFLLITLILI,Right,clash,16.6995,-276.441,1031.85,722.519,-58.879,-282.912,-362.705,4799.43,-49.5918,-20.9137,4085.35,4850.16,41.0446,5.4698,4083.57,4857.08,52.6666,5.66509,-18.9945,1.10011e+17,15,S,124.2506,4.216607411,,,,,0.1903573273496207,0.2205122671179256,R,99999900.0,LLLYLLLIVLLAFLLSTLILI,23907.108450719523,402.8786029595215,16.28953123857935,0.03052903119477801,LLLYLLLIVLLAFLLSTLILI,Mutant
LLLYLLLIVLLAFLLSTLILI,LLLYLLLIVLLAALLSTLILI,Right,void,,,,,,,,,,,4092.83,4726.27,49.6986,66.7304,4083.57,4857.08,148.53,181.31,-18.9945,1.1e+17,12,F,63.0916,51.40145738,4026.0996,3902.26,123.8396,5.0,0.2417938698405219,0.0925755200702432,R,99999900.0,LLLYLLLIVLLAFLLSTLILI,24303.196050529023,1302.5216379179672,20.69113309639047,-0.0209075112961232,LLLYLLLIVLLAFLLSTLILI,Mutant
LLLYLLLIVLLAFLLSTLILI,LLLYALLIVLLAFLLSTLILI,Right,void,,,,,,,,,,,4090.09,4816.27,54.0235,67.2549,4083.57,4857.08,109.534,143.937,-18.9945,1.1e+17,4,L,71.2203,48.56819127,4022.8351,3939.633,83.2021,5.0,0.2791945543935523,0.0226010103505778,R,99999900.0,LLLYLLLIVLLAFLLSTLILI,24523.02943368856,1453.9547582826306,23.89163831388533,-0.05830819584915359,LLLYLLLIVLLAFLLSTLILI,Mutant
LLLTYLLVALLAILLSLLILI,LLLTYLLVALLAILLILLILI,Right,clash,20.6213,-275.938,84096900.0,84096600.0,-45.06,-277.496,-366.585,4639.85,-45.06,-44.0293,3700.36,4560.95,42.1287,5.54965,3695.52,4564.75,51.7535,5.29841,-18.5,1.10011e+17,15,S,124.17075,4.27816288,,,,,0.2408589992411045,0.0841831759383977,R,99999900.0,LLLTYLLVALLAILLSLLILI,24263.98969500933,1092.189322241238,20.611133003694952,0.03651955153759229,LLLTYLLVALLAILLSLLILI,Mutant
LLLTYLLVALLAILLSLLILI,LLLTYLLVALLIILLSLLILI,Right,clash,20.6184,-277.969,72634400.0,72634100.0,-60.4264,-278.689,-380.292,4626.29,-45.06,-41.176,3695.52,4564.75,52.1175,9.26555,3695.52,4564.75,52.1175,9.26555,-18.5,1.10011e+17,11,A,121.00225,7.112694004,,,,,0.2582341269669503,0.0131936765798132,R,99999900.0,LLLTYLLVALLAILLSLLILI,24405.064415504414,1614.8184347810109,22.097982445243574,0.01914442381174647,LLLTYLLVALLAILLSLLILI,Mutant
LLLTYLLVALLAILLSLLILI,LLLTYLLVALLAILLSALILI,Right,void,,,,,,,,,,,3713.17,4544.75,41.3276,82.2598,3695.52,4564.75,89.1723,148.434,-18.5,1.1e+17,16,L,47.203,63.53933331,3630.9102,3547.086,83.8242,5.0,0.3009959786592543,0.0431961571699181,R,99999900.0,LLLTYLLVALLAILLSLLILI,24656.70597886364,1350.008820548878,25.757261174671854,-0.02361742788055754,LLLTYLLVALLAILLSLLILI,Mutant
LLLTYLLVALLAILLSLLILI,LLLTALLVALLAILLSLLILI,Right,void,,,,,,,,,,,3802.21,4480.74,47.5699,57.3484,3695.52,4564.75,137.669,84.7111,-18.5,1.1e+17,4,Y,81.1268,41.41420269,3744.8616,3610.8089,134.0527,5.0,0.325474530526731,0.0662015216712683,R,99999900.0,LLLTYLLVALLAILLSLLILI,24798.127949747268,1265.5645027780834,27.85197505236825,-0.0480959797480342,LLLTYLLVALLAILLSLLILI,Mutant
LLLTYLLFVLLAILLSLLILI,LLLTYLLFVLLIILLSLLILI,Right,clash,22.9695,-284.51,1489610000.0,1489610000.0,-60.4524,-283.634,-372.614,4681.2,-45.085,-28.5272,3663.85,4721.22,50.4633,2.37696,3663.85,4721.22,50.4633,2.37696,-18.4798,1.10011e+17,11,A,127.89084,1.824671945,,,,,0.2760526728006848,0.0459228379089032,R,99999900.0,LLLTYLLFVLLAILLSLLILI,24497.37632166905,1319.9249303504312,23.622776699428368,0.0128667992351586,LLLTYLLFVLLAILLSLLILI,Mutant
LLLTYLLFVLLAILLSLLILI,LLLTYLLFVLLAILLILLILI,Right,clash,22.9745,-282.479,1468670000.0,1468670000.0,-45.085,-280.575,-356.645,4679.14,-45.085,-30.9855,3666.56,4723.04,42.2403,5.4879,3663.85,4721.22,46.4257,5.37284,-18.4798,1.10011e+17,15,S,124.2325,4.230560498,,,,,0.3236972858019009,0.0879793820050381,R,99999900.0,LLLTYLLFVLLAILLSLLILI,24825.423429524835,1390.1803882065303,27.69989010840101,-0.034777813766057486,LLLTYLLFVLLAILLSLLILI,Mutant
LLLTYLLFVLLAILLSLLILI,LLLTYLLAVLLAILLSLLILI,Right,void,,,,,,,,,,,3681.83,4579.66,55.5512,29.3395,3663.85,4721.22,154.689,91.6975,-18.4798,1.1e+17,7,F,100.2559,22.63930664,3652.4905,3572.1525,80.338,5.0,0.3352684564158801,0.0690024171830488,R,99999900.0,LLLTYLLAVLLAILLFLLILI,24903.006377810376,1499.9333530033846,28.690074977077785,-0.046348984380036706,LLLTYLLFVLLAILLSLLILI,Mutant
LLLTYLLFVLLAILLSLLILI,LLLTALLFVLLAILLSLLILI,Right,void,,,,,,,,,,,3751.74,4645.11,50.3269,50.8475,3663.85,4721.22,136.226,75.7024,-18.4798,1.1e+17,4,Y,87.6277,36.71957145,3700.8925,3588.1476,112.7449,5.0,0.4295855483533477,0.0624188805612699,R,99999900.0,LLLTYLLFVLLAILLSLLILI,25472.12698637316,1334.798273304433,36.76111293941237,-0.14066607631750433,LLLTYLLFVLLAILLSLLILI,Mutant
LLLLYLLVTLLFALLSILILI,LLLLYLLVTLLFILLSILILI,Right,clash,22.4701,-280.338,78790300.0,78790000.0,-74.22,-283.648,-376.862,4677.83,-49.594,-18.9938,3809.02,4726.42,43.214,2.44642,3809.02,4726.42,43.214,2.44642,-17.226,1.10011e+17,12,A,127.37558,1.884441774,,,,,0.326436774046038,0.0937706193614009,R,99999900.0,LLLLYLLVTLLFALLSILILI,24818.18160690464,1158.1272552551482,27.93431753996834,0.04427887441001149,LLLLYLLVTLLFALLSILILI,Mutant
LLLLYLLVTLLFALLSILILI,LLLLYLLVILLFALLSILILI,Right,clash,22.4331,-277.128,85104100.0,85103800.0,-60.4568,-280.439,-365.103,4680.9,-45.0893,-24.207,3819.79,4721.57,36.5021,13.2563,3809.02,4726.42,53.5014,14.6036,-17.226,1.10011e+17,8,T,118.0733,10.09391638,,,,,0.3344046052767664,0.0719262787462322,R,99999900.0,LLLLYLLVTLLFALLSILILI,24917.17047267198,1933.640164648525,28.61615226387311,0.036311043179283076,LLLLYLLVTLLFALLSILILI,Mutant
LLLLYLLVTLLFALLSILILI,LLLLYLLVTLLAALLSILILI,Right,void,,,,,,,,,,,3802.52,4592.23,50.7582,55.5586,3809.02,4726.42,151.417,166.435,-17.226,1.1e+17,11,F,74.7092,42.64952659,3746.9614,3642.585,104.3764,5.0,0.3912274156001845,0.0769184135672769,R,99999900.0,LLLLYLLVTLLFALLSILILI,25209.63838475168,1278.3321627435816,33.478675586272715,-0.020511767144134996,LLLLYLLVTLLFALLSILILI,Mutant
LLLLYLLVTLLFALLSILILI,LLLLALLVTLLFALLSILILI,Right,void,,,,,,,,,,,3924.64,4631.93,42.002,81.8653,3809.02,4726.42,143.435,96.499,-17.226,1.1e+17,4,Y,56.6099,59.1191058,3842.7747,3712.521,130.2537,5.0,0.4050477357184757,0.1215953298689522,R,99999900.0,LLLLYLLVTLLFALLSILILI,25279.5585402678,1045.2603373795178,34.661327914021534,-0.0343320872624262,LLLLYLLVTLLFALLSILILI,Mutant
LLLFYLLTALLITLLVLLILI,LLLFYLLTALLIILLVLLILI,Right,clash,38.1519,-277.521,7.59e+17,7.59e+17,-58.8227,-281.918,-363.871,4719.6,-49.4888,-23.13,3936.35,4686.86,42.8385,9.58036,3930.77,4697.75,66.317,10.0555,-17.0864,1.10011e+17,12,T,120.24164,7.379612084,,,,,0.2126764805821846,0.1036359369609981,R,99999900.0,LLLFYLLTALLITLLVLLILI,24149.264856264024,1647.1856956795823,18.19945794779785,0.0937350098479667,LLLFYLLTALLITLLVLLILI,Mutant
LLLFYLLTALLITLLVLLILI,LLLFYLLTILLITLLVLLILI,Right,clash,38.2192,-280.731,7.59e+17,7.59e+17,-72.5928,-283.376,-374.402,4737.08,-53.9945,-18.4324,3930.77,4697.75,46.0768,6.26152,3930.77,4697.75,46.0768,6.26152,-17.0864,1.10011e+17,8,A,125.06808,4.767790353,,,,,0.2824831884107453,0.0558563686822891,R,99999900.0,LLLFYLLTALLITLLVLLILI,24528.32067101376,1518.0036614691876,24.173058038049305,0.02392830201940599,LLLFYLLTALLITLLVLLILI,Mutant
LLLFYLLTALLITLLVLLILI,LLLFYLLTALLATLLVLLILI,Right,void,,,,,,,,,,,3995.44,4659.15,56.8742,71.4992,3930.77,4697.75,105.165,96.992,-17.0864,1.1e+17,11,I,58.7686,54.8863188,3923.9408,3833.778,90.1628,4.0,0.3338755191922348,0.0285657028396199,R,99999900.0,LLLFYLLTALLITLLVLLILI,24885.16456647904,1543.2248650798288,28.570876547819136,-0.02746402876208348,LLLFYLLTALLITLLVLLILI,Mutant
LLLFYLLTALLITLLVLLILI,LLLFALLTALLITLLVLLILI,Right,void,,,,,,,,,,,4023.87,4655.99,54.6307,80.2054,3930.77,4697.75,131.715,106.531,-17.0864,1.1e+17,4,Y,58.2698,57.92040741,3943.6646,3824.239,119.4256,4.0,0.3892893224516083,0.0594324851629244,R,99999900.0,LLLFYLLTALLITLLVLLILI,25211.44689646462,1317.1366076248494,33.31282628944464,-0.08287783202145699,LLLFYLLTALLITLLVLLILI,Mutant
LLLTYLLVALLTFLLSLLILI,LLLTYLLVALLIFLLSLLILI,Right,clash,25.4127,-281.668,961517000.0,961516000.0,-60.3627,-280.54,-365.568,4671.13,-45.0878,-24.6648,3749.96,4722.94,52.7708,22.6474,3730.55,4741.45,78.9233,30.7939,-17.0262,1.10011e+17,11,T,107.6204,17.38526328,,,,,0.2855962370422562,0.0723483899488144,R,99999900.0,LLLTYLLVALLTFLLSLLILI,24587.54777130137,1458.5006710032103,24.439452316831524,0.30310151785793965,LLLTYLLVALLTFLLSLLILI,Mutant
LLLTYLLVALLTFLLSLLILI,LLLTYLLVALLTFLLILLILI,Right,clash,25.4175,-282.847,83185200.0,83184900.0,-58.9752,-281.654,-362.884,4673.46,-49.7285,-22.2555,3734.46,4744.9,36.0197,6.63373,3730.55,4741.45,41.8446,6.82357,-17.0262,1.10011e+17,15,S,123.08667,5.113867981,,,,,0.3303547830449068,0.0358559895278533,R,99999900.0,LLLTYLLVALLTFLLSLLILI,24856.33902687819,1454.3303332756393,28.26959504606028,0.25834297185528904,LLLTYLLVALLTFLLSLLILI,Mutant
LLLTYLLVALLTFLLSLLILI,LLLTALLVALLTFLLSLLILI,Right,void,,,,,,,,,,,3832.41,4611.36,50.3121,51.0163,3730.55,4741.45,154.051,104.216,-17.0262,1.1e+17,4,Y,87.4589,36.84147053,3781.3937,3626.334,155.0597,4.0,0.4017328640510025,0.0251817080677533,R,99999900.0,LLLTYLLVALLTFLLSLLILI,25310.134373946315,1539.409446669541,34.37766294387824,0.18696489084919332,LLLTYLLVALLTFLLSLLILI,Mutant
LLLTYLLVALLTFLLSLLILI,LLLTYLLVALLTALLSLLILI,Right,void,,,,,,,,,,,3751.46,4658.89,47.1664,62.2092,3730.55,4741.45,133.609,178.536,-17.0262,1.1e+17,12,F,67.6128,47.91884272,3689.2508,3552.014,137.2368,4.0,0.5348322116850142,0.168098828466607,R,99999900.0,LLLTYLLVALLTFLLSLLILI,26111.705998331097,889.5226600516818,45.76743191839566,0.053865543215181666,LLLTYLLVALLTFLLSLLILI,Mutant
LLLFVLLATLLAYLLSLLILI,LLLFVLLATLLIYLLSLLILI,Right,clash,22.0361,-275.439,382149000000.0,382149000000.0,-74.0031,-279.465,-372.252,4722.04,-49.515,-18.7833,3713.41,4739.56,52.5228,1.84203,3713.41,4739.56,52.5228,1.84203,-16.9179,1.10011e+17,11,A,128.42577,1.414033245,,,,,0.3102873562991172,0.0552573687307752,R,99999900.0,LLLFVLLATLLAYLLSLLILI,24737.46301175054,1453.4270611418915,26.552356317166705,0.05237880536040024,LLLFVLLATLLAYLLSLLILI,Mutant
LLLFVLLATLLAYLLSLLILI,LLLFVLLITLLAYLLSLLILI,Right,clash,22.2053,-275.433,553.748,251.005,-74.0031,-279.428,-372.279,4714.84,-49.515,-18.8485,3713.41,4739.56,48.4116,18.5602,3713.41,4739.56,48.4116,18.5602,-16.9179,1.10011e+17,7,A,128.42577,1.414033245,,,,,0.3339344804833881,0.0523311252698075,R,99999900.0,LLLFVLLATLLAYLLSLLILI,24861.152815088102,1322.6276643988351,28.57592206830149,0.028731681176129342,LLLFVLLATLLAYLLSLLILI,Mutant
LLLFVLLATLLAYLLSLLILI,LLLFVLLATLLAALLSLLILI,Right,void,,,,,,,,,,,3774.31,4638.48,44.7218,58.272,3713.41,4739.56,140.993,112.33,-16.9179,1.1e+17,12,Y,71.55,44.88607478,3716.038,3601.08,114.958,5.0,0.4226911287448286,0.0675660692806446,R,99999900.0,LLLFVLLATLLAYLLSLLILI,25412.9941095854,1508.2966633184185,36.17113374003762,-0.06002496708531119,LLLFVLLATLLAYLLSLLILI,Mutant
LLLFVLLATLLAYLLSLLILI,LLLAVLLATLLAYLLSLLILI,Right,void,,,,,,,,,,,3700.16,4594.16,62.4913,119.985,3713.41,4739.56,162.136,246.223,-16.9179,1.1e+17,3,F,49.7458,70.6913536,3580.175,3467.187,112.988,5.0,0.4606727334587983,0.0253980745104473,R,99999900.0,LLLFVLLATLLAYLLSLLILI,25678.729902160936,1708.3542004944636,39.42135029378886,-0.09800657179928085,LLLFVLLATLLAYLLSLLILI,Mutant
LLLLYLLIALLVALLSTLILI,LLLLYLLIALLVILLSTLILI,Right,clash,24.172,-277.217,43956700000.0,43956700000.0,-74.2439,-275.385,-382.937,4660.79,-49.5914,-33.3074,3837.99,4588.98,50.4337,9.94352,3837.99,4588.98,50.4337,9.94352,-16.83,1.10011e+17,12,A,119.87848,7.659348955,,,,,0.183937321001993,0.1500331970010796,R,99999900.0,LLLLYLLIALLVALLSTLILI,23953.702381940733,1338.0725869054647,15.74014921369158,0.1135174313123829,LLLLYLLIALLVALLSTLILI,Mutant
LLLLYLLIALLVALLSTLILI,LLLLYLLIILLVALLSTLILI,Right,clash,24.2121,-277.217,43956900000.0,43956900000.0,-74.2471,-277.718,-384.974,4676.58,-49.5914,-33.0091,3837.99,4588.98,49.7419,25.5248,3837.99,4588.98,49.7419,25.5248,-16.83,1.10011e+17,8,A,119.87848,7.659348955,,,,,0.2551511261260175,0.0525246696021804,R,99999900.0,LLLLYLLIALLVALLSTLILI,24399.01793548564,1587.770223072688,21.83415945925101,0.04230362618835842,LLLLYLLIALLVALLSTLILI,Mutant
LLLLYLLIALLVALLSTLILI,LLLLYLLAALLVALLSTLILI,Right,void,,,,,,,,,,,3812.69,4553.82,59.1469,115.391,3837.99,4588.98,105.391,202.842,-16.83,1.1e+17,7,I,14.2044,89.03942578,3697.299,3635.148,62.151,5.0,0.3343450430441564,0.0085250359512015,R,99999900.0,LLLLYLLIALLVALLSTLILI,24886.793562190585,1624.5777234116567,28.61105531876336,-0.036890290729780506,LLLLYLLIALLVALLSTLILI,Mutant
LLLLYLLIALLVALLSTLILI,LLLLALLIALLVALLSTLILI,Right,void,,,,,,,,,,,3910.01,4552.95,50.6204,82.2248,3837.99,4588.98,127.777,127.201,-16.83,1.1e+17,4,Y,56.2504,59.37871908,3827.7852,3710.789,116.9962,5.0,0.3750148127675906,0.0529291029291199,R,99999900.0,LLLLYLLIALLVALLSTLILI,25116.774269822443,1395.055452076707,32.09130739836385,-0.07756006045321467,LLLLYLLIALLVALLSTLILI,Mutant
LLLYALLVALLFTLLSLLILI,LLLYALLVALLFILLSLLILI,Right,clash,19.2653,-277.661,69948.4,69644.9,-60.4317,-278.639,-358.976,4697.94,-45.0545,-19.9054,3948.05,4781.32,45.027,6.15602,3940.9,4792.38,68.6387,12.0776,-16.1279,1.10011e+17,12,T,123.66598,4.741892745,,,,,0.1922092564711613,0.0554229788333634,R,99999900.0,LLLYALLVALLFTLLSLLILI,23975.967364700155,1278.358804724592,16.44800718325136,0.06380474981254922,LLLYALLVALLFTLLSLLILI,Mutant
LLLYALLVALLFTLLSLLILI,LLLYALLVALLFTLLSALILI,Right,void,,,,,,,,,,,3955.66,4771.99,41.5353,48.7533,3940.9,4792.38,89.5081,91.9055,-16.1279,1.1e+17,16,L,80.7095,37.65815354,3906.9067,3848.9945,57.9122,5.0,0.2422438951309032,0.0228471768433601,R,99999900.0,LLLYALLVALLFTLLSLLILI,24300.372564265977,1486.6580652829628,20.729643308358053,0.013770111152807324,LLLYALLVALLFTLLSLLILI,Mutant
LLLYALLVALLFTLLSLLILI,LLLYALLVALLFTLLILLILI,Right,clash,19.2681,-278.84,32041.3,31732.2,-58.8137,-279.744,-355.337,4720.88,-49.5581,-16.7795,3948.43,4804.41,32.4363,14.2925,3940.9,4792.38,33.8343,14.588,-16.1279,1.10011e+17,15,S,115.4279,11.01792779,,,,,0.3173123090586318,0.0419218211869546,R,99999900.0,LLLYALLVALLFTLLSLLILI,24764.14377586046,1371.9575473622797,27.15350568724313,-0.061298302774921265,LLLYALLVALLFTLLSLLILI,Mutant
LLLYALLVALLFTLLSLLILI,LLLYALLVALLATLLSLLILI,Right,void,,,,,,,,,,,3944.69,4654.61,51.1359,51.6257,3940.9,4792.38,152.724,148.536,-16.1279,1.1e+17,11,F,78.6421,39.63043822,3893.0643,3792.364,100.7003,5.0,0.3694910937609619,0.010575589205695,R,99999900.0,LLLYALLVALLFTLLSLLILI,25111.534950927704,1670.334169940312,31.618623764040954,-0.11347708747725138,LLLYALLVALLFTLLSLLILI,Mutant
LLLYVLLATLLAFLLSLLILI,LLLYVLLATLLIFLLSLLILI,Right,clash,28.5841,-280.11,3034070.0,3033770.0,-74.1212,-281.522,-372.593,4713.95,-49.5978,-16.9501,3932.92,4764.46,53.7638,7.0859,3932.92,4764.46,53.7638,7.0859,-15.0718,1.10011e+17,11,A,124.52347,4.409631544,,,,,0.2427939399390199,0.0703748090957111,R,99999900.0,LLLYVLLATLLTFLLSLLILI,24303.866485390816,1313.144736155263,20.77671253447709,0.046961505312773405,LLLYVLLATLLAFLLSLLILI,Mutant
LLLYVLLATLLAFLLSLLILI,LLLYVLLATLLAFLLILLILI,Right,clash,22.0548,-277.291,705.71,400.902,-58.8282,-279.426,-358.408,4697.13,-49.572,-20.1532,3933.98,4760.71,40.932,1.95796,3932.92,4764.46,50.6019,2.05807,-15.0718,1.10011e+17,15,S,127.76244,1.509369382,,,,,0.2844928342754264,0.0601706511931795,R,99999900.0,LLLYVLLATLLAFLLSLLILI,24558.415090348502,1291.4361392078893,24.34503034690128,0.005262610976366933,LLLYVLLATLLAFLLSLLILI,Mutant
LLLYVLLATLLAFLLSLLILI,LLLYVLLATLLAFLLSALILI,Right,void,,,,,,,,,,,3957.87,4782.76,35.2933,70.4485,3932.92,4764.46,67.1994,127.753,-15.0718,1.1e+17,16,L,59.0143,54.41601757,3887.4215,3805.167,82.2545,5.0,0.3035713527859879,0.0447957638530737,R,99999900.0,LLLYVLLATLLAFLLSLLILI,24700.54914067581,1558.3039552309745,25.977644796739664,-0.013815907534194594,LLLYVLLATLLAFLLSLLILI,Mutant
LLLYFLLTILLAVLLSLLILI,LLLYFLLIILLAVLLSLLILI,Right,clash,23.2607,-278.034,15014000.0,15013700.0,-60.4094,-280.833,-366.386,4724.79,-45.0563,-25.1437,3950.02,4753.97,53.4433,0.0,3947.89,4762.7,75.0291,3.46465,-14.9437,1.10011e+17,7,T,118.5943,8.961155404,,,,,0.0988274860607626,0.1658895505485599,R,99999900.0,LLLYFLLTILLAVLLSLLILI,23380.85067063472,915.1143998526868,8.457007901042406,0.16626568579714224,LLLYFLLTILLAVLLSLLILI,Mutant
LLLYFLLTILLAVLLSLLILI,LLLYFLLTILLIVLLSLLILI,Right,clash,23.3448,-281.253,14600200.0,14599900.0,-74.1352,-283.052,-376.375,4740.11,-49.8364,-19.1883,3947.89,4762.7,53.5918,3.66839,3947.89,4762.7,53.5918,3.66839,-14.9437,1.10011e+17,11,A,126.59941,2.816037424,,,,,0.1429180506038796,0.040620696186563,R,99999900.0,LLLYFLLTILLAVLLSLLILI,23667.603199526304,1694.995480279636,12.229989159245251,0.12217512125402522,LLLYFLLTILLAVLLSLLILI,Mutant
LLLYFLLTILLAVLLSLLILI,LLLYFLLTILLAVLLSALILI,Right,void,,,,,,,,,,,3930.93,4743.45,41.9794,83.1862,3947.89,4762.7,89.8825,177.442,-14.9437,1.1e+17,16,L,46.2766,64.25490566,3847.7438,3770.448,77.2958,5.0,0.2024168689974351,0.0692788388599717,R,99999900.0,LLLYFLLTILLAVLLSLLILI,24058.664103545525,1411.446744925923,17.321507696381893,0.06267630286046971,LLLYFLLTILLAVLLSLLILI,Mutant
LLLYFLLTILLAVLLSLLILI,LLLYALLTILLAVLLSLLILI,Right,void,,,,,,,,,,,3971.95,4657.15,45.0452,54.9326,3947.89,4762.7,139.701,134.968,-14.9437,1.1e+17,4,F,83.5426,39.66963037,3917.0174,3812.922,104.0954,5.0,0.4231908216767083,0.033843690993852,R,99999900.0,LLLYFLLTILLAVLLSLLILI,25431.699978815817,1555.1105966361793,36.21389418292092,-0.15809764981880348,LLLYFLLTILLAVLLSLLILI,Mutant
LLLYTLLVALLFLLLSLLILI,LLLYTLLVILLFLLLSLLILI,Right,clash,35.5466,-288.236,1466770.0,1466480.0,-60.3561,-285.856,-373.888,4765.37,-45.0474,-27.676,3845.04,4804.89,43.0739,6.31913,3845.04,4804.89,43.0739,6.31913,-14.9005,1.10011e+17,8,A,125.01047,4.811657083,,,,,0.1869104687689247,0.0594473704839885,R,99999900.0,LLLYTLLVALLFLLLSLLILI,23934.95467062264,1214.7306465663205,15.994571694300348,0.0858581962157357,LLLYTLLVALLFLLLSLLILI,Mutant
LLLYTLLVALLFLLLSLLILI,LLLYTLLVALLFILLSLLILI,Right,clash,35.4845,-284.176,1130550.0,1130250.0,-60.416,-281.712,-363.165,4729.17,-45.0474,-21.0377,3847.74,4759.02,47.7056,10.8506,3845.04,4804.89,101.666,18.209,-14.9005,1.10011e+17,12,L,118.9714,8.358059497,,,,,0.1885699834418573,0.0527275214266884,R,99999900.0,LLLYTLLVALLFALLSLLILI,23955.49782693021,1306.463625332883,16.1365820727922,0.0841986815428031,LLLYTLLVALLFLLLSLLILI,Mutant
LLLYTLLVALLFLLLSLLILI,LLLYTLLVALLFLLLSALILI,Right,void,,,,,,,,,,,3873.91,4755.68,44.4973,85.4142,3845.04,4804.89,98.1103,142.048,-14.9005,1.1e+17,16,L,44.0486,65.97586334,3788.4958,3702.992,85.5038,4.0,0.287043049722622,0.1096489600135914,R,99999900.0,LLLYTLLVALLFLLLSLLILI,24557.17828793211,1013.2525449359778,24.563261054227308,-0.01427438473796161,LLLYTLLVALLFLLLSLLILI,Mutant
LLLYTLLVALLFLLLSLLILI,LLLYTLLVALLALLLSLLILI,Right,void,,,,,,,,,,,3845.16,4681.24,48.4474,26.674,3845.04,4804.89,145.915,129.862,-14.9005,1.1e+17,11,F,103.5938,20.4762804,3818.486,3715.178,103.308,4.0,0.3935038316191075,0.0545321692831788,R,99999900.0,LLLYTLLVALLATLLSLLILI,25246.350841209685,1357.7790083208693,33.673476334783665,-0.12073516663444711,LLLYTLLVALLFLLLSLLILI,Mutant
LLLLYLLVILLAFLLSTLILI,LLLLYLLVILLAFLLITLILI,Right,clash,19.8422,-275.46,11733500.0,11733200.0,-58.8821,-281.839,-362.292,4748.67,-49.6187,-21.5711,3866.27,4749.52,43.2067,8.49142,3864.24,4744.86,47.134,7.96133,-14.7859,1.10011e+17,15,S,121.22898,6.545940346,,,,,0.1962804200567846,0.1111928745515283,R,99999900.0,LLLLYLLVILLAFLLSTLILI,23975.924292708925,927.6593731176788,16.796390654109697,0.06678942011779432,LLLLYLLVILLAFLLSTLILI,Mutant
LLLLYLLVILLAFLLSTLILI,LLLLYLLVILLAALLSTLILI,Right,void,,,,,,,,,,,3910.67,4681.6,46.3524,67.0199,3864.24,4744.86,125.581,140.461,-14.7859,1.1e+17,12,F,62.8021,51.62445502,3843.6501,3723.779,119.8711,4.0,0.289254263564632,0.0752723278528927,R,99999900.0,LLLLYLLVILLAFLLSTLILI,24583.75835707218,1209.0676342851991,24.75248222819581,-0.026184423390053113,LLLLYLLVILLAFLLSTLILI,Mutant
LLLLYLLVILLAFLLSTLILI,LLLLYLLVILLIFLLSTLILI,Right,clash,19.8385,-277.491,12701400.0,12701100.0,-74.2757,-284.34,-376.908,4742.53,-49.6187,-18.2922,3864.24,4744.86,53.3784,6.07661,3864.24,4744.86,53.3784,6.07661,-14.7859,1.10011e+17,11,A,124.19119,4.66470609,,,,,0.3076734814881391,0.1025804886755623,R,99999900.0,LLLLYLLVILLAFLLSTLILI,24755.809512743064,1763.9198299163586,26.32867805912434,-0.044603641313560205,LLLLYLLVILLAFLLSTLILI,Mutant
LLLLYLLVILLAFLLSTLILI,LLLLALLVILLAFLLSTLILI,Right,void,,,,,,,,,,,3940.49,4606.42,45.3863,75.0937,3864.24,4744.86,151.57,137.401,-14.7859,1.1e+17,4,Y,63.3815,54.2289883,3865.3963,3726.839,138.5573,4.0,0.3826700816976018,0.0499544454483847,R,99999900.0,LLLLYLLVILLAFLLSTLILI,25173.910891773667,1363.9799802706602,32.74639509113289,-0.1196002415230229,LLLLYLLVILLAFLLSTLILI,Mutant
LLLYALLTSLLVALLFLLILI,LLLYALLTSLLVILLFLLILI,Right,clash,20.6043,-281.726,12972100.0,12971800.0,-74.2242,-281.82,-370.451,4734.64,-56.0112,-14.4067,3872.66,4722.16,45.7355,15.4637,3872.66,4722.16,45.7355,15.4637,-14.4815,1.10011e+17,12,A,114.3583,11.91146339,,,,,0.2687133853663622,0.0900186839784479,R,99999900.0,LLLYALLTSLLVALLFLLILI,24431.92165724534,1081.4682233697256,22.994728630069144,0.06875453884510163,LLLYALLTSLLVALLFLLILI,Mutant
LLLYALLTSLLVALLFLLILI,LLLYALLTILLVALLFLLILI,Right,clash,20.6157,-279.696,128776000.0,128775000.0,-58.9263,-279.78,-354.706,4755.75,-49.7446,-15.9997,3879.56,4717.49,49.9642,6.57398,3872.66,4722.16,58.5826,6.45222,-14.4815,1.10011e+17,8,S,124.75562,5.005710822,,,,,0.2804709100692572,0.0070156975897312,R,99999900.0,LLLYALLTSLLVALLFLLILI,24539.895014658618,1542.6081574537734,24.00086045910251,0.05699701414220665,LLLYALLTSLLVALLFLLILI,Mutant
LLLYALLTSLLVALLFLLILI,LLLYALLTSLLVALLALLILI,Right,void,,,,,,,,,,,3882.67,4643.78,40.143,24.1294,3872.66,4722.16,126.734,90.5598,-14.4815,1.1e+17,15,F,105.591,18.60108356,3858.5406,3782.1002,76.4404,5.0,0.3775525342734882,0.0891358203872819,R,99999900.0,LLLYALLTSLLVALLFLLILI,25120.958972486857,1168.0885261084943,32.30846895615989,-0.040084610062024406,LLLYALLTSLLVALLFLLILI,Mutant
LLLYALLTSLLVALLFLLILI,LLLAALLTSLLVALLFLLILI,Right,void,,,,,,,,,,,3693.84,4532.38,58.2389,114.822,3872.66,4722.16,180.238,351.632,-14.4815,1.1e+17,3,Y,54.9088,67.64947788,3579.018,3521.028,57.99,5.0,0.4768560059837171,0.0506645336109702,R,99999900.0,LLLYALLTSLLVALLFLLILI,25779.01612067003,1814.1539838846527,40.80620858638788,-0.13938808177225326,LLLYALLTSLLVALLFLLILI,Mutant
LLLYALLTILLTFLLSLLILI,LLLYALLTILLTALLSLLILI,Right,void,,,,,,,,,,,3888.3,4670.38,47.5233,68.9911,3875.32,4750.14,132.29,189.736,-14.4478,1.1e+17,12,F,60.8309,53.14284174,3819.3089,3685.584,133.7249,5.0,0.1986596390658794,0.0743475608429656,R,99999900.0,LLLYALLTILLTFLLSLLILI,24022.006693181906,1258.5742457452404,16.99998860808228,0.0837552280014861,LLLYALLTILLTFLLSLLILI,Mutant
LLLYALLTILLTFLLSLLILI,LLLYALLTILLIFLLSLLILI,Right,clash,22.7481,-281.921,47403000.0,47402700.0,-74.1371,-283.252,-373.344,4772.74,-49.7636,-15.9554,3894.26,4729.69,51.7446,18.8991,3875.32,4750.14,78.5746,26.6919,-14.4478,1.10011e+17,11,T,111.3687,14.50788299,,,,,0.2137385603236615,0.0217404467540521,R,99999900.0,LLLYALLTILLTFLLSLLILI,24126.231244002265,1614.694668375732,18.2903437643174,0.06867630674370401,LLLYALLTILLTFLLSLLILI,Mutant
LLLYALLTILLTFLLSLLILI,LLLYALLTILLTFLLILLILI,Right,clash,22.7552,-283.099,218801000.0,218801000.0,-72.7977,-284.347,-370.882,4740.81,-54.5189,-13.7374,3884.33,4753.24,36.1428,9.88739,3875.32,4750.14,42.4492,9.34308,-14.4478,1.10011e+17,15,S,119.83301,7.622077946,,,,,0.3215902995558267,0.057274590829594,R,99999900.0,LLLYALLTILLTFLLSLLILI,24780.96933359777,1288.065198053839,27.51958804830933,-0.03917543248846117,LLLYALLTILLTFLLSLLILI,Mutant
LLLYALLTILLTFLLSLLILI,LLLAALLTILLTFLLSLLILI,Right,void,,,,,,,,,,,3725.07,4561.23,58.5255,90.239,3875.32,4750.14,179.54,311.082,-14.4478,1.1e+17,3,Y,79.4918,53.16595456,3634.831,3564.238,70.593,5.0,0.3367032992339505,0.0456395238088917,R,99999900.0,LLLYALLTILLTFLLSLLILI,24894.14548159833,1403.8990546054708,28.8128594121864,-0.054288432166584966,LLLYALLTILLTFLLSLLILI,Mutant
LLLTALLVALLAYLLSFLILI,LLLTALLVALLIYLLSFLILI,Right,clash,28.3505,-280.202,166863000.0,166862000.0,-60.2169,-277.106,-357.847,4618.37,-44.951,-20.5239,3873.27,4673.41,47.5287,3.16626,3873.27,4673.41,47.5287,3.16626,-14.3316,1.10011e+17,11,A,127.10154,2.430577625,,,,,0.261674658976956,0.1247309664119205,R,99999900.0,LLLTALLVALLAYLLSFLILI,24436.201942902568,1312.0948280282082,22.39240060310826,0.24098177986954833,LLLTALLVALLAYLLSFLILI,Mutant
LLLTALLVALLAYLLSFLILI,LLLTILLVALLAYLLSFLILI,Right,clash,31.2239,-279.808,516847.0,516553.0,-60.2169,-276.392,-357.391,4620.38,-44.951,-20.7823,3873.27,4673.41,57.1458,42.1959,3873.27,4673.41,57.1458,42.1959,-14.3316,1.10011e+17,4,A,127.10154,2.430577625,,,,,0.3058544552249401,0.0778339798222535,R,99999900.0,LLLTALLVALLAYLLSFLILI,24715.74057984036,1448.155452981405,26.17301772521056,0.19680198362156426,LLLTALLVALLAYLLSFLILI,Mutant
LLLTALLVALLAYLLSFLILI,LLLTALLVALLAALLSFLILI,Right,void,,,,,,,,,,,3929.54,4573.09,57.2983,82.2604,3873.27,4673.41,152.063,150.755,-14.3316,1.1e+17,12,Y,47.5616,63.36399069,3847.2796,3722.515,124.7646,4.0,0.3279244027691106,0.0543452354773651,R,99999900.0,LLLTALLVALLAYLLSFLILI,24822.614242977048,1307.2037313004955,28.06161904652601,0.17473203607739374,LLLTALLVALLAYLLSFLILI,Mutant
LLLTALLVALLAYLLSFLILI,LLLTALLVALLAYLLSALILI,Right,void,,,,,,,,,,,3780.17,4571.58,43.1592,91.1211,3873.27,4673.41,136.325,271.651,-14.3316,1.1e+17,16,F,38.3417,70.3840022,3689.0489,3601.619,87.4299,4.0,0.4161878565169004,0.0295299492701738,R,99999900.0,LLLTALLVALLAYLLSFLILI,25390.13529390045,1512.8225040469204,35.61462636737811,0.08646858232960397,LLLTALLVALLAYLLSFLILI,Mutant
LLLYFLLFTLLAVLLSLLILI,LLLYFLLFTLLAVLLSALILI,Right,void,,,,,,,,,,,3926.95,4879.77,41.8374,83.0082,3915.45,4897.76,89.3189,158.657,-14.3265,1.1e+17,16,L,46.4546,64.11741442,3843.9418,3756.793,87.1488,4.0,0.1707141203323506,0.1241820178992341,R,99999900.0,LLLYFLLFTLLAVLLSLLILI,23843.13756418776,1091.0401703007378,14.60859445096617,0.0598956412534532,LLLYFLLFTLLAVLLSLLILI,Mutant
LLLYFLLFTLLAVLLSLLILI,LLLYFLLFTLLIVLLSLLILI,Right,clash,23.2574,-281.659,1198000000.0,1198000000.0,-74.2363,-283.676,-362.291,4775.5,-49.6109,-4.37936,3915.45,4897.76,44.5393,8.87879,3915.45,4897.76,44.5393,8.87879,-14.3265,1.10011e+17,11,A,121.38901,6.815797918,,,,,0.1720029093181898,0.1479006991235864,R,99999900.0,LLLYFLLFTLLAVLLSLLILI,23863.82505745995,1178.5419305054877,14.718880557296115,0.058606852267614,LLLYFLLFTLLAVLLSLLILI,Mutant
LLLYFLLFTLLAVLLSLLILI,LLLYFLLITLLAVLLSLLILI,Right,clash,22.4431,-276.71,665670.0,665366.0,-74.2363,-281.764,-370.787,4761.0,-49.6109,-14.7868,3926.02,4758.78,55.3795,38.9035,3915.45,4897.76,153.825,113.032,-14.3265,1.10011e+17,7,F,129.926394,0.262080115,,,,,0.3245237429977747,0.1364494829834849,R,99999900.0,LLLYFLLFTLLAVLLSLLILI,24853.564216520943,1541.395698054646,27.770612893265543,-0.09391398141197091,LLLYFLLFTLLAVLLSLLILI,Mutant
LLLYFLLFTLLAVLLSLLILI,LLLYALLFTLLAVLLSLLILI,Right,void,,,,,,,,,,,4010.97,4797.42,52.3083,59.1441,3915.45,4897.76,137.567,81.9877,-14.3265,1.1e+17,4,F,79.3311,42.71096918,3951.8259,3833.4623,118.3636,4.0,0.3427909449161686,0.0472246851629571,R,99999900.0,LLLYILLFTLLAVLLSLLILI,24913.82270125375,1430.9194154786924,29.333800191774905,-0.11218118333036484,LLLYFLLFTLLAVLLSLLILI,Mutant
LLLLVLLIALLFTLLSYLILI,LLLLVLLIALLFILLSYLILI,Right,clash,20.5181,-275.226,7036.5,6736.69,-60.4612,-280.907,-364.392,4693.21,-45.0994,-23.0234,3873.53,4805.29,40.215,8.70843,3867.56,4807.19,59.6583,13.9322,-14.0793,1.10011e+17,12,T,121.11357,6.707977076,,,,,0.1819117527072964,0.0814866377017767,R,99999900.0,LLLLVLLIALLFTLLSYLILI,23942.47611023801,1959.148915469519,15.566814367737711,0.1504436286315595,LLLLVLLIALLFTLLSYLILI,Mutant
LLLLVLLIALLFTLLSYLILI,LLLLVLLIILLFTLLSYLILI,Right,clash,20.5375,-278.436,1004290.0,1003990.0,-74.1091,-282.854,-378.193,4658.17,-49.6009,-21.23,3867.56,4807.19,48.2194,6.96885,3867.56,4807.19,48.2194,6.96885,-14.0793,1.10011e+17,8,A,124.36075,5.306381806,,,,,0.2287188534810188,0.0645462714515236,R,99999900.0,LLLLVLLIALLFTLLSYLILI,24213.31003039043,1851.633196429271,19.57225897476614,0.10363652785783709,LLLLVLLIALLFTLLSYLILI,Mutant
LLLLVLLIALLFTLLSYLILI,LLLLVLLIALLFTLLSALILI,Right,void,,,,,,,,,,,3918.79,4702.16,41.7347,64.8855,3867.56,4807.19,139.86,147.136,-14.0793,1.1e+17,16,Y,64.5773,50.11903033,3853.9045,3720.424,133.4805,4.0,0.3238572459928029,0.1032675988101609,R,99999900.0,LLLLVLLIALLFTLLSYLILI,24780.225766327378,1038.0025198988449,27.713578452122302,0.008498135346052982,LLLLVLLIALLFTLLSYLILI,Mutant
LLLLVLLIALLFTLLSYLILI,LLLLVLLIALLATLLSYLILI,Right,void,,,,,,,,,,,3879.55,4670.56,50.705,44.1739,3867.56,4807.19,151.574,133.509,-14.0793,1.1e+17,11,F,86.0939,33.91006834,3835.3761,3734.051,101.3251,4.0,0.3827828268406832,0.0519606057475199,R,99999900.0,LLLLVLLIALLATLLSFLILI,25216.064512185687,1849.7640842070728,32.75604308081521,-0.05042744550182732,LLLLVLLIALLFTLLSYLILI,Mutant
LLLFYLLVALLLTLLSLLILI,LLLFYLLVILLLTLLSLLILI,Right,clash,23.6952,-282.629,137682000.0,137682000.0,-74.1425,-284.014,-381.176,4742.26,-49.6332,-23.0198,3925.95,4791.89,47.374,12.8463,3925.95,4791.89,47.374,12.8463,-14.07,1.10011e+17,8,A,118.4833,9.78172476,,,,,0.2323276259855107,0.0759585253248891,R,99999900.0,LLLFYLLVALLLTLLSLLILI,24268.402070737025,1911.2656814481709,19.881074050410053,0.16718408089689402,LLLFYLLVALLLTLLSLLILI,Mutant
LLLFYLLVALLLTLLSLLILI,LLLFYLLVALLLTLLILLILI,Right,clash,23.6541,-280.599,70625300.0,70625000.0,-58.8808,-281.17,-366.443,4782.61,-49.6332,-26.3928,3927.98,4788.93,41.9617,13.9562,3925.95,4791.89,51.1546,26.475,-14.07,1.10011e+17,15,S,115.7642,10.75867789,,,,,0.2879149776579917,0.0802972792946742,R,99999900.0,LLLFYLLVALLLTLLSLLILI,24592.8190307206,1971.425610586028,24.637874926667887,0.11159672922441305,LLLFYLLVALLLTLLSLLILI,Mutant
LLLFYLLVALLLTLLSLLILI,LLLFALLVALLLTLLSLLILI,Right,void,,,,,,,,,,,3992.25,4666.85,48.2935,91.7574,3925.95,4791.89,151.785,134.602,-14.07,1.1e+17,4,Y,46.7178,66.26269541,3900.4926,3791.348,109.1446,4.0,0.4013343176898965,0.0493383297719774,R,99999900.0,LLLFYLLVALLLTLLSLLILI,25285.28783644381,1448.4277579516704,34.3435579609514,-0.001822610807491798,LLLFYLLVALLLTLLSLLILI,Mutant
LLLFYLLVALLLTLLSLLILI,LLLFYLLVALLATLLSLLILI,Right,void,,,,,,,,,,,3960.87,4753.59,52.0283,60.8164,3925.95,4791.89,106.998,122.238,-14.07,1.1e+17,11,L,69.4514,46.68567367,3900.0536,3803.712,96.3416,4.0,0.403419384708527,0.0546911655781416,R,99999900.0,LLLFYLLVALLLTLLSLLILI,25329.355561902103,1515.9237974301022,34.52198431735917,-0.00390767782612228,LLLFYLLVALLLTLLSLLILI,Mutant
LLLTALLIALLFVLLSLLILI,LLLTILLIALLFVLLSLLILI,Right,clash,33.8094,-280.681,711800000000.0,711800000000.0,-60.468,-277.475,-376.366,4618.21,-45.1129,-38.4231,3743.24,4676.29,53.1718,13.7391,3743.24,4676.29,53.1718,13.7391,-13.7653,1.10011e+17,4,A,124.7361,9.921704392,,,,,0.2614343947207176,0.0556344213310761,R,99999900.0,LLLTALLIALLFVLLSLLILI,24414.754400249967,1312.6150553576183,22.37184036430894,0.06897459599369749,LLLTALLIALLFVLLSLLILI,Mutant
LLLTALLIALLFVLLSLLILI,LLLTALLIILLFVLLSLLILI,Right,clash,29.5994,-281.121,17891700.0,17891400.0,-60.468,-278.214,-376.775,4638.23,-45.1129,-38.0924,3743.24,4676.29,50.1979,3.24539,3743.24,4676.29,50.1979,3.24539,-13.7653,1.10011e+17,8,A,124.7361,9.921704392,,,,,0.2716667563048768,0.102777332019106,R,99999900.0,LLLTALLIALLFVLLSLLILI,24475.83026347477,1136.0294563015475,23.24745873944753,0.058742234409538296,LLLTALLIALLFVLLSLLILI,Mutant
LLLTALLIALLFVLLSLLILI,LLLTALLAALLFVLLSLLILI,Right,void,,,,,,,,,,,3786.25,4654.51,47.6015,67.9071,3743.24,4676.29,92.7797,109.444,-13.7653,1.1e+17,7,I,61.6883,52.39931356,3718.3429,3633.796,84.5469,5.0,0.3550070238486018,0.0698197351951152,R,99999900.0,LLLTALLIALLFVLLSLLILI,24985.29140459213,1256.7389907929587,30.37917208343493,-0.02459803313418668,LLLTALLIALLFVLLSLLILI,Mutant
LLLTALLIALLFVLLSLLILI,LLLTALLIALLAVLLSLLILI,Right,void,,,,,,,,,,,3764.82,4572.02,49.7242,45.5777,3743.24,4676.29,137.67,140.283,-13.7653,1.1e+17,11,F,84.6901,34.98769458,3719.2423,3602.957,116.2853,5.0,0.434481830092954,0.0370472085277118,R,99999900.0,LLLTALLIALLFVLLSLLILI,25502.63998748412,1495.77906163313,37.18010460871498,-0.1040728393785389,LLLTALLIALLFVLLSLLILI,Mutant
LLLYVLLTILLAFLLSLLILI,LLLYVLLTILLIFLLSLLILI,Right,clash,20.6906,-283.876,678182.0,677869.0,-74.1037,-285.508,-377.452,4778.74,-49.6378,-17.8409,3904.67,4761.0,50.3778,7.58109,3904.67,4761.0,50.3778,7.58109,-12.8666,1.10011e+17,11,A,122.68671,5.819619277,,,,,0.1783781371451508,0.0741075636833307,R,99999900.0,LLLYVLLTILLAFLLSLLILI,23901.976437796835,1334.5385699097371,15.264430730153954,0.05533020289668411,LLLYVLLTILLAFLLSLLILI,Mutant
LLLYVLLTILLAFLLSLLILI,LLLYVLLTILLAFLLSALILI,Right,void,,,,,,,,,,,3932.27,4783.78,35.0301,70.119,3904.67,4761.0,65.2957,125.665,-12.8666,1.1e+17,16,L,59.3438,54.16150431,3862.151,3779.005,83.146,4.0,0.2744851418925559,0.0609923225903536,R,99999900.0,LLLYVLLTILLAFLLSLLILI,24496.60902029,1293.960166405517,23.488637688070504,-0.040776801850720995,LLLYVLLTILLAFLLSLLILI,Mutant
LLLYVLLTILLAFLLSLLILI,LLLYVLLTILLAFLLILLILI,Right,clash,20.7032,-281.844,3766.33,3455.55,-58.9032,-283.468,-363.446,4736.87,-49.6378,-21.075,3905.37,4752.17,38.1867,0.636554,3904.67,4761.0,50.0496,0.587382,-12.8666,1.10011e+17,15,S,129.083846,0.490712332,,,,,0.2996798987021076,0.037762227052053,R,99999900.0,LLLYVLLTILLAFLLSLLILI,24644.69303646164,1506.323940810139,25.644639686059367,-0.06597155866027268,LLLYVLLTILLAFLLSLLILI,Mutant
LLLYVLLTILLAFLLSLLILI,LLLYVLLTILLAALLSLLILI,Right,void,,,,,,,,,,,3946.56,4685.1,42.5771,64.5092,3904.67,4761.0,126.883,161.382,-12.8666,1.1e+17,12,F,65.3128,49.6904993,3882.0508,3743.288,138.7628,4.0,0.2999362450497969,0.0238939516442776,R,99999900.0,LLLYVLLTILLAFLLSLLILI,24668.646481096763,1533.0714301512355,25.666576124738764,-0.06622790500796197,LLLYVLLTILLAFLLSLLILI,Mutant
LLLFALLTILLAYLLSLLILI,LLLFILLTILLAYLLSLLILI,Right,clash,28.0899,-276.912,7583520.0,7583230.0,-74.1559,-280.553,-374.368,4748.76,-49.8273,-19.6597,3734.74,4760.27,41.0397,16.9662,3734.74,4760.27,41.0397,16.9662,-12.8002,1.10011e+17,4,A,126.53829,2.862956156,,,,,0.267801372721903,0.0286516763371328,R,99999900.0,LLLFALLTILLAYLLSLLILI,24471.17852067884,1716.9071788457684,22.91668457119974,0.1277770360532185,LLLFALLTILLAYLLSLLILI,Mutant
LLLFALLTILLAYLLSLLILI,LLLFALLTILLIYLLSLLILI,Right,clash,25.9234,-277.177,548012000.0,548012000.0,-74.2882,-281.15,-373.008,4772.62,-49.7129,-17.57,3734.74,4760.27,50.5565,3.72951,3734.74,4760.27,50.5565,3.72951,-12.8002,1.10011e+17,11,A,126.53829,2.862956156,,,,,0.3039128397931121,0.0550170774507554,R,99999900.0,LLLFALLTILLAYLLSLLILI,24691.838972337297,1399.6139155372498,26.00686701448966,0.0916655689820094,LLLFALLTILLAYLLSLLILI,Mutant
LLLFALLTILLAYLLSLLILI,LLLFALLTILLAALLSLLILI,Right,void,,,,,,,,,,,3803.64,4640.18,44.8278,61.8875,3734.74,4760.27,145.036,132.317,-12.8002,1.1e+17,12,Y,67.9345,47.67104189,3741.7525,3602.423,139.3295,4.0,0.3515371757856235,0.0231513066977006,R,99999900.0,LLLFALLTILLAYLLSLLILI,24981.01937614872,1537.9684526051635,30.082245250084327,0.044041232989498025,LLLFALLTILLAYLLSLLILI,Mutant
LLLFALLTILLAYLLSLLILI,LLLAALLTILLAYLLSLLILI,Right,void,,,,,,,,,,,3726.09,4625.4,58.3568,95.3401,3734.74,4760.27,159.596,218.435,-12.8002,1.1e+17,3,F,74.3907,56.17136077,3630.7499,3516.305,114.4449,4.0,0.4103312284962603,0.0597569358578778,R,99999900.0,LLLFALLTILLAYLLSLLILI,25338.34298153388,1528.9233484547076,35.11345456368004,-0.014752819721138788,LLLFALLTILLAYLLSLLILI,Mutant
LLLLALLFALLVSLLTWLILI,LLLLALLFALLVSLLIWLILI,Right,clash,29.8794,-276.021,17762.7,17471.6,-60.3495,-278.261,-371.934,4595.23,-45.0516,-33.3238,3858.31,4749.79,39.6738,15.4296,3837.61,4749.43,59.8805,25.8947,-12.7073,1.10011e+17,15,T,114.2908,11.89450541,,,,,0.1703138280331463,0.0591636504527336,R,99999900.0,LLLLALLFALLVSLLTWLILI,23830.03936150453,1208.5266451410732,14.574340062111071,0.1330533575270159,LLLLALLFALLVSLLTWLILI,Mutant
LLLLALLFALLVSLLTWLILI,LLLLALLFALLVILLTWLILI,Right,clash,29.8792,-277.201,13631.2,13334.1,-58.8729,-279.668,-366.366,4676.26,-49.8093,-27.8251,3837.74,4746.36,29.5919,2.54218,3837.61,4749.43,37.7457,2.77477,-12.7073,1.10011e+17,12,S,127.27982,1.958204311,,,,,0.2406073834550654,0.1257966570419203,R,99999900.0,LLLLALLFALLVSLLTWLILI,24237.780005471148,882.8003674310137,20.589601375446804,0.06275980210509677,LLLLALLFALLVSLLTWLILI,Mutant
LLLLALLFALLVSLLTWLILI,LLLLALLAALLVSLLTWLILI,Right,void,,,,,,,,,,,3812.67,4592.75,59.6131,88.9308,3837.61,4749.43,162.098,210.656,-12.7073,1.1e+17,7,F,40.6646,68.6218801,3723.7392,3626.954,96.7852,4.0,0.3236927917479139,0.0113922067739499,R,99999900.0,LLLLALLFALLVSLLTWLILI,24811.164004165494,1537.6694859070185,27.69950553674397,-0.0203256061877517,LLLLALLFALLVSLLTWLILI,Mutant
LLLLALLFALLVSLLTWLILI,LLLLALLFALLVSLLTALILI,Right,void,,,,,,,,,,,3840.29,4690.42,47.0781,66.2435,3837.61,4749.43,150.102,199.799,-12.7073,1.1e+17,16,W,63.2193,51.1679803,3774.0465,3637.811,136.2355,4.0,0.362748280726994,0.0785909613984593,R,99999900.0,LLLLALLFALLVSLLTWLILI,25025.504541183906,1349.520326360524,31.04161806070395,-0.05938109516683182,LLLLALLFALLVSLLTWLILI,Mutant
LLLLTLLATLLAVLLSFLILI,LLLLTLLAILLAVLLSFLILI,Right,clash,33.3969,-271.779,467876.0,467592.0,-60.3732,-272.579,-367.019,4593.91,-45.0185,-34.0677,3860.24,4616.15,55.8517,22.2358,3851.1,4643.5,81.6924,39.175,-12.5578,1.10011e+17,8,T,109.0938,16.93129348,,,,,0.2659602171401899,0.0926587559642251,R,99999900.0,LLLLTLLATLLAVLLSFLILI,24461.61113672922,1370.865742116174,22.759130555386538,0.0991007655766053,LLLLTLLATLLAVLLSFLILI,Mutant
LLLLTLLATLLAVLLSFLILI,LLLATLLATLLAVLLSFLILI,Right,void,,,,,,,,,,,3796.97,4588.24,62.004,119.143,3851.1,4643.5,120.063,234.286,-12.5578,1.1e+17,3,L,50.5878,70.19527393,3677.827,3616.814,61.013,5.0,0.2786244263243342,0.0402951910322822,R,99999900.0,LLLLTLLATLLAVLLSFLILI,24532.42835876733,1448.2691093173146,23.842850494037133,0.086436556392461,LLLLTLLATLLAVLLSFLILI,Mutant
LLLLTLLATLLAVLLSFLILI,LLLLTLLATLLAVLLIFLILI,Right,clash,33.4182,-272.959,462100.0,461811.0,-58.7705,-273.714,-363.598,4606.87,-49.5197,-31.1137,3858.01,4638.15,44.3487,23.0704,3851.1,4643.5,54.7942,27.9386,-12.5578,1.10011e+17,15,S,106.65,17.78471235,,,,,0.3293880560517915,0.0458439329955778,R,99999900.0,LLLLTLLATLLAVLLSFLILI,24839.661611982392,1357.9875507689203,28.18686889218544,0.03567292666500371,LLLLTLLATLLAVLLSFLILI,Mutant
LLLLTLLATLLAVLLSFLILI,LLLLTLLATLLAVLLSALILI,Right,void,,,,,,,,,,,3787.33,4539.14,41.9923,83.4203,3851.1,4643.5,135.485,247.783,-12.5578,1.1e+17,16,F,46.0425,64.4357298,3703.9097,3603.317,100.5927,5.0,0.4036423957838602,0.008295107245815,R,99999900.0,LLLLTLLATLLAVLLSFLILI,25323.392851932887,1613.6281005033838,34.54106814212582,-0.038581413067064974,LLLLTLLATLLAVLLSFLILI,Mutant
LLLYTLLATLLFLLLSVLILI,LLLYTLLAILLFLLLSVLILI,Right,clash,35.3987,-284.082,26612000.0,26611700.0,-60.4203,-281.758,-366.233,4717.2,-45.1207,-24.054,3927.58,4861.9,55.3975,5.1781,3924.09,4889.61,80.8141,5.84366,-12.4425,1.10011e+17,8,T,126.1515,3.942827816,,,,,0.2572212626950674,0.0354887074944213,R,99999900.0,LLLYTLLATLLFLLLSVLILI,24388.495582060084,1390.4783798456683,22.011308165734626,0.017156443783549413,LLLYTLLATLLFLLLSVLILI,Mutant
LLLYTLLATLLFLLLSVLILI,LLLYTLLATLLFLLLIVLILI,Right,clash,35.4221,-285.263,1463720.0,1463420.0,-58.8803,-282.87,-362.266,4730.19,-49.6252,-20.5157,3931.12,4890.86,51.1028,30.3724,3924.09,4889.61,58.7545,31.4102,-12.4425,1.10011e+17,15,S,99.348,23.41374217,,,,,0.3092392032025235,0.0406676437845794,R,99999900.0,LLLYTLLATLLFLLLSVLILI,24716.52518261669,1387.259395804819,26.46266225155073,-0.034861496723906704,LLLYTLLATLLFLLLSVLILI,Mutant
LLLYTLLATLLFLLLSVLILI,LLLATLLATLLFLLLSVLILI,Right,void,,,,,,,,,,,3754.77,4712.1,62.2721,120.263,3924.09,4889.61,179.798,349.608,-12.4425,1.1e+17,3,Y,49.4678,70.85514238,3634.507,3574.482,60.025,4.0,0.3859529043351374,0.0442231252295785,R,99999900.0,LLLYTLLATLLFLLLSVLILI,25197.80379668174,1398.133626447613,33.02731751555123,-0.11157519785652059,LLLYTLLATLLFLLLSVLILI,Mutant
LLLYTLLATLLFLLLSVLILI,LLLYTLLATLLALLLSVLILI,Right,void,,,,,,,,,,,3938.66,4765.15,53.3343,24.0031,3924.09,4889.61,151.298,143.001,-12.4425,1.1e+17,11,F,106.2647,18.42596559,3914.6569,3781.089,133.5679,4.0,0.3945366125094223,0.0570908013032751,R,99999900.0,LLLYTLLATLLFLLLSVLILI,25239.13695476525,1384.369597699907,33.761854947835374,-0.12015890603080548,LLLYTLLATLLFLLLSVLILI,Mutant
LLLVYLLLTLLFTLLSALILI,LLLVYLLLTLLFILLSALILI,Right,clash,25.0293,-278.334,641702000000000.0,641702000000000.0,-74.241,-279.818,-373.167,4634.63,-49.6142,-19.1085,3820.58,4635.77,52.9162,14.6787,3814.47,4660.19,78.1869,31.4638,-12.3982,1.10011e+17,12,T,115.1433,11.3067893,,,,,0.2951918779916331,0.0842890990221036,R,99999900.0,LLLVYLLLTLLFTLLSALILI,24603.964955874868,1124.3039289772964,25.26058431724032,0.049115585943224516,LLLVYLLLTLLFTLLSALILI,Mutant
LLLVYLLLTLLFTLLSALILI,LLLVYLLLTLLFTLLIALILI,Right,clash,25.0299,-279.514,641702000000000.0,641702000000000.0,-72.6542,-280.931,-370.285,4645.14,-54.1222,-16.6999,3819.83,4672.48,35.2912,6.86021,3814.47,4660.19,36.7521,7.54811,-12.3982,1.10011e+17,15,S,122.86019,5.28845887,,,,,0.3170326237304714,0.1052652335779241,R,99999900.0,LLLVYLLLTLLFTLLSALILI,24813.52655525038,1726.6718507582168,27.129572051729987,0.027274840204386197,LLLVYLLLTLLFTLLSALILI,Mutant
LLLVYLLLTLLFTLLSALILI,LLLVYLLLTLLATLLSALILI,Right,void,,,,,,,,,,,3826.31,4534.89,53.0388,33.3292,3814.47,4660.19,151.189,118.61,-12.3982,1.1e+17,11,F,96.9386,25.58514076,3792.9808,3695.86,97.1208,4.0,0.331668200070969,0.0863957621706537,R,99999900.0,LLLVYLLLTLLFTLLSALILI,24828.369784778304,1547.746102462404,28.38198865850068,0.012639263863888639,LLLVYLLLTLLFTLLSALILI,Mutant
LLLVYLLLTLLFTLLSALILI,LLLVALLLTLLFTLLSALILI,Right,void,,,,,,,,,,,3891.75,4601.88,45.2181,84.5892,3814.47,4660.19,129.944,120.024,-12.3982,1.1e+17,4,Y,53.886,61.08617283,3807.1608,3694.446,112.7148,4.0,0.3580770233361823,0.0742832104384046,R,99999900.0,LLLVYLLLTLLFTLLSALILI,24998.73211281879,1304.2508844194742,30.641882498902767,-0.013769559401324682,LLLVYLLLTLLFTLLSALILI,Mutant
LLLYTLLATLLVLLLSFLILI,LLLYILLATLLVLLLSFLILI,Right,clash,29.2134,-280.892,93542000.0,93541700.0,-74.1551,-281.191,-373.629,4683.77,-49.6086,-18.2837,3873.49,4689.73,50.9016,19.61,3859.38,4716.0,80.64,23.124,-12.3464,1.10011e+17,4,T,118.8652,14.16138052,,,,,0.1580203750011993,0.1119500288117687,R,99999900.0,LLLYTLLATLLVLLLSFLILI,23812.90640656014,1788.310257111132,13.522347002626104,0.09450655800763519,LLLYTLLATLLVLLLSFLILI,Mutant
LLLYTLLATLLVLLLSFLILI,LLLYTLLAILLVLLLSFLILI,Right,clash,28.6549,-281.82,70852900.0,70852600.0,-60.402,-281.772,-367.366,4700.03,-45.1049,-25.1915,3867.52,4711.26,40.6636,16.81,3859.38,4716.0,61.0676,24.0162,-12.3464,1.10011e+17,8,T,114.5196,12.79985624,,,,,0.2236587434450997,0.1201699370063733,R,99999900.0,LLLYTLLATLLVLLLSFLILI,24196.56781589189,1314.9661686819004,19.13924795465781,0.028868189563734797,LLLYTLLATLLVLLLSFLILI,Mutant
LLLYTLLATLLVLLLSFLILI,LLLYTLLATLLVLLLSALILI,Right,void,,,,,,,,,,,3802.02,4618.3,44.3927,86.5667,3859.38,4716.0,136.083,247.226,-12.3464,1.1e+17,16,F,42.8961,66.86608045,3715.4533,3612.154,103.2993,5.0,0.2836789943475571,0.030522369702484,R,99999900.0,LLLYTLLATLLVLLLSFLILI,24551.62140007719,1621.0517330770613,24.275387265057194,-0.031152061338722614,LLLYTLLATLLVLLLSFLILI,Mutant
LLLYTLLATLLVLLLSFLILI,LLLATLLATLLVLLLSFLILI,Right,void,,,,,,,,,,,3810.15,4550.64,62.1888,123.768,3859.38,4716.0,175.147,265.509,-12.3464,1.1e+17,3,Y,45.9628,72.92017713,3686.382,3593.871,92.511,5.0,0.3569912157139085,0.0491312983621241,R,99999900.0,LLLYTLLATLLVLLLSFLILI,25008.2574386818,1355.9624241497763,30.548966206010974,-0.10446428270507402,LLLYTLLATLLVLLLSFLILI,Mutant
LLLTVLLLALLFALLSILILI,LLLTVLLLALLFILLSILILI,Right,clash,24.6032,-279.232,831871.0,831571.0,-60.4167,-277.786,-379.213,4580.52,-45.0579,-41.0099,3781.64,4624.0,46.0714,6.91603,3781.64,4624.0,46.0714,6.91603,-12.0894,1.10011e+17,12,A,122.90597,5.327317404,,,,,0.2301837246060405,0.0113600374920477,R,99999900.0,LLLTVLLLALLFALLSILILI,24223.80094428021,1606.864094313703,19.69761303538345,0.1266103208367462,LLLTVLLLALLFALLSILILI,Mutant
LLLTVLLLALLFALLSILILI,LLLTVLLLILLFALLSILILI,Right,clash,24.6427,-279.232,539209.0,538910.0,-60.4169,-277.771,-379.525,4576.43,-45.0579,-41.3368,3781.64,4624.0,52.7547,15.2511,3781.64,4624.0,52.7547,15.2511,-12.0894,1.10011e+17,8,A,122.90597,5.327317404,,,,,0.2308005789178421,0.1183615032931639,R,99999900.0,LLLTVLLLALLFALLSILILI,24167.12166100849,1159.900410468748,19.750399380525234,0.12599346652494461,LLLTVLLLALLFALLSILILI,Mutant
LLLTVLLLALLFALLSILILI,LLLTVLLLALLAALLSILILI,Right,void,,,,,,,,,,,3799.82,4484.84,54.2333,47.094,3781.64,4624.0,156.36,130.682,-12.0894,1.1e+17,11,F,83.1738,36.15168138,3752.726,3650.958,101.768,5.0,0.3605186689953935,0.0314287438623396,R,99999900.0,LLLTVLLLALLFALLSILILI,25035.897185821617,1461.9372712111629,30.850822516043337,-0.003724623552606776,LLLTVLLLALLFALLSILILI,Mutant
LLLTVLLLALLFALLSILILI,LLLTVLLAALLFALLSILILI,Right,void,,,,,,,,,,,3773.83,4587.86,55.6616,82.9051,3781.64,4624.0,109.895,175.176,-12.0894,1.1e+17,7,L,46.6903,63.97225519,3690.9249,3606.464,84.4609,5.0,0.3859856626768342,0.0092326906784044,R,99999900.0,LLLTVLLLALLFALLSILILI,25215.490512147026,1655.2178318442989,33.03012075952311,-0.029191617234047507,LLLTVLLLALLFALLSILILI,Mutant
LLLYALLLALLFSLLVTLILI,LLLYILLLALLFSLLVTLILI,Right,clash,27.6432,-280.238,185167000.0,185166000.0,-74.1677,-281.123,-373.197,4693.1,-49.5814,-17.907,3835.53,4757.58,48.4692,14.6405,3835.53,4757.58,48.4692,14.6405,-12.0058,1.10011e+17,4,A,123.8347,10.57265128,,,,,0.2175422574265351,0.0416176201788017,R,99999900.0,LLLYALLLALLFSLLVTLILI,24141.11453489081,1377.8172434173046,18.61583920829132,0.07878181672204698,LLLYALLLALLFSLLVTLILI,Mutant
LLLYALLLALLFSLLVTLILI,LLLYALLAALLFSLLVTLILI,Right,void,,,,,,,,,,,3842.13,4704.32,59.8637,82.8067,3835.53,4757.58,118.738,165.794,-12.0058,1.1e+17,7,L,46.7887,63.89632657,3759.3233,3669.736,89.5873,4.0,0.2773653985729696,0.0147770191141076,R,99999900.0,LLLYALLLALLFSLLVTLILI,24518.395725266568,1498.2455262867647,23.73511115890545,0.018958675575612483,LLLYALLLALLFSLLVTLILI,Mutant
LLLYALLLALLFSLLVTLILI,LLLYALLLALLFILLVTLILI,Right,clash,24.3007,-278.614,17877400.0,17877100.0,-58.8701,-278.118,-356.761,4713.1,-49.5814,-19.7736,3836.39,4755.72,43.1883,3.99485,3835.53,4757.58,51.4869,4.21275,-12.0058,1.10011e+17,12,S,125.82715,3.077174901,,,,,0.2808973598265745,0.0523157836356875,R,99999900.0,LLLYALLLALLFSLLVTLILI,24564.02122425477,1629.1242011701925,24.037353231617363,0.015426714322007595,LLLYALLLALLFSLLVTLILI,Mutant
LLLYALLLALLFSLLVTLILI,LLLYALLLALLASLLVTLILI,Right,void,,,,,,,,,,,3834.01,4608.1,59.0092,52.6694,3835.53,4757.58,159.429,152.503,-12.0058,1.1e+17,11,F,77.5984,40.43163391,3781.3406,3683.027,98.3136,4.0,0.307988329704675,0.0462808215129635,R,99999900.0,LLLYALLLALLFSLLVTLILI,24703.13588067733,1341.320800455282,26.35562070393912,-0.011664255556092906,LLLYALLLALLFSLLVTLILI,Mutant
LLLYFLLVLLLATLLSILILI,LLLYFLLVLLLITLLSILILI,Right,clash,30.4618,-282.931,131173000.0,131172000.0,-74.0893,-285.734,-377.966,4740.29,-49.5758,-18.1421,3899.02,4755.09,54.8142,9.12026,3899.02,4755.09,54.8142,9.12026,-11.9856,1.10011e+17,11,A,121.14754,7.001162221,,,,,0.1446209541895561,0.1643469603883573,R,99999900.0,LLLYFLLVLLLATLLSILILI,23683.34858306564,1070.1746684488792,12.375712476237508,0.0826174022566328,LLLYFLLVLLLATLLSILILI,Mutant
LLLYFLLVLLLATLLSILILI,LLLYFLLILLLATLLSILILI,Right,clash,30.3522,-280.328,35363000.0,35362700.0,-74.0893,-283.097,-374.115,4733.9,-49.5758,-16.9293,3900.74,4734.02,51.0823,0.0,3899.02,4755.09,73.7271,3.41378,-11.9856,1.10011e+17,7,V,129.5954,0.0,,,,,0.1829354347690689,0.040949215444843,R,99999900.0,LLLYFLLVLLLATLLSILILI,23907.49338657968,1587.4793230872344,15.654414362735489,0.044302921677119994,LLLYFLLVLLLATLLSILILI,Mutant
LLLYFLLVLLLATLLSILILI,LLLAFLLVLLLATLLSILILI,Right,void,,,,,,,,,,,3754.58,4574.07,57.8645,90.9596,3899.02,4755.09,175.922,308.688,-11.9856,1.1e+17,3,Y,78.7712,53.59050921,3663.6204,3590.332,73.2884,5.0,0.3024626358519937,0.0883301882673105,R,99999900.0,LLLYFLLVLLLATLLSILILI,24687.0975517575,1339.3619671954757,25.88276807524697,-0.07522427940580478,LLLYFLLVLLLATLLSILILI,Mutant
LLLYFLLVLLLATLLSILILI,LLLYALLVLLLATLLSILILI,Right,void,,,,,,,,,,,3924.49,4672.14,40.7161,53.5877,3899.02,4755.09,128.631,122.399,-11.9856,1.1e+17,4,F,84.8875,38.69840953,3870.9023,3776.621,94.2813,5.0,0.3377146628986613,0.0876881558388062,R,99999900.0,LLLYFLLVLLLATLLSILILI,24886.64663552484,1167.0383175569834,28.89940527957827,-0.11047630645247242,LLLYFLLVLLLATLLSILILI,Mutant
LLLLALLIALLFVLLSTLILI,LLLLALLIALLFILLSTLILI,Right,clash,23.9671,-274.982,472202.0,471901.0,-74.2632,-272.826,-375.219,4626.51,-49.607,-28.1304,3740.38,4679.33,53.8963,13.2588,3727.48,4703.47,86.7604,27.5802,-11.7607,1.10011e+17,12,V,116.5632,10.21306096,,,,,0.1673357550619668,0.0974100020779622,R,99999900.0,LLLLALLIALLFVLLSTLILI,23812.76804476445,1079.5552977067057,14.319496114834488,0.1002662699110351,LLLLALLIALLFVLLSTLILI,Mutant
LLLLALLIALLFVLLSTLILI,LLLLALLAALLFVLLSTLILI,Right,void,,,,,,,,,,,3741.42,4646.57,59.5795,102.364,3727.48,4703.47,114.963,172.195,-11.7607,1.1e+17,7,I,27.2314,78.98737147,3639.056,3555.285,83.771,4.0,0.2980624845480734,0.0812938945810501,R,99999900.0,LLLLALLIALLFVLLSTLILI,24651.31262798131,1281.9091159919103,25.506231993775103,-0.030460459575071486,LLLLALLIALLFVLLSTLILI,Mutant
LLLLALLIALLFVLLSTLILI,LLLLILLIALLFVLLSTLILI,Right,clash,26.8431,-277.34,503218000000.0,503218000000.0,-74.2403,-275.317,-379.309,4609.15,-49.607,-29.7511,3727.48,4703.47,54.2917,16.6697,3727.48,4703.47,54.2917,16.6697,-11.7607,1.10011e+17,4,A,121.8055,12.03804002,,,,,0.3083807676729389,0.0662694923424564,R,99999900.0,LLLLALLIALLFVLLSTLILI,24701.572818401302,1239.318153716606,26.389202970680543,-0.04077874269993703,LLLLALLIALLFVLLSTLILI,Mutant
LLLLALLIALLFVLLSTLILI,LLLLALLIALLAVLLSTLILI,Right,void,,,,,,,,,,,3724.48,4568.44,50.9962,51.4679,3727.48,4703.47,151.974,150.868,-11.7607,1.1e+17,11,F,78.7999,39.50930314,3673.0121,3576.612,96.4001,4.0,0.3330796086310365,0.0088497711609314,R,99999900.0,LLLLALLIALLFVLLSTLILI,24876.93936979269,1590.006384696907,28.502767743549445,-0.06547758365803458,LLLLALLIALLFVLLSTLILI,Mutant
LLLFYLLVILLALLLSTLILI,LLLFYLLVILLALLLITLILI,Right,clash,21.0971,-276.027,714784.0,714479.0,-58.8584,-275.118,-358.4,4783.37,-49.5769,-24.4236,3803.82,4748.01,55.2789,21.1993,3802.46,4750.88,64.528,20.8979,-11.7054,1.10011e+17,15,S,108.5211,16.34230237,,,,,0.2318942928894556,0.1349219582096537,R,99999900.0,LLLFYLLVILLALLLSTLILI,24189.913560443547,810.7330334975336,19.843992246924053,0.0549522576556041,LLLFYLLVILLALLLSTLILI,Mutant
LLLFYLLVILLALLLSTLILI,LLLFYLLVILLILLLSTLILI,Right,clash,21.0928,-278.058,3432030.0,3431720.0,-74.1631,-283.516,-378.771,4789.6,-49.5769,-21.0917,3802.46,4750.88,50.5562,3.22206,3802.46,4750.88,50.5562,3.22206,-11.7054,1.10011e+17,11,A,127.04574,2.473412463,,,,,0.2524024111482001,0.0327615453246647,R,99999900.0,LLLFYLLVILLALLLSTLILI,24362.607147120867,1432.0342503907225,21.59894246434716,0.034444139396859585,LLLFYLLVILLALLLSTLILI,Mutant
LLLFYLLVILLALLLSTLILI,LLLFALLVILLALLLSTLILI,Right,void,,,,,,,,,,,3888.39,4629.03,41.3344,35.4514,3802.46,4750.88,143.358,85.5819,-11.7054,1.1e+17,4,Y,103.0238,25.6012629,3852.9386,3716.8781,136.0605,5.0,0.4318583244476107,0.03207683482377,R,99999900.0,LLLFYLLVILLALLLSTLILI,25488.574915524587,1605.9421631520336,36.95560220705057,-0.145011773902551,LLLFYLLVILLALLLSTLILI,Mutant
LLLFYLLVILLALLLSTLILI,LLLAYLLVILLALLLSTLILI,Right,void,,,,,,,,,,,3765.74,4670.88,54.5966,63.7171,3802.46,4750.88,139.057,187.834,-11.7054,1.1e+17,3,F,106.0137,37.5400929,3702.0229,3614.626,87.3969,5.0,0.448905642298419,0.1270714183033492,R,99999900.0,LLLAYLLVFLLALLLSTLILI,25550.27858378536,1218.2280920708693,38.41439983008458,-0.1620590917533593,LLLFYLLVILLALLLSTLILI,Mutant
LLLYLLLVTLLAILLSFLILI,LLLYLLLVTLLAILLIFLILI,Right,clash,19.1171,-276.62,120735.0,120427.0,-58.9074,-283.115,-363.254,4742.5,-49.6383,-21.2318,4044.72,4740.06,41.7164,5.19654,4043.91,4744.4,51.2906,4.98096,-11.6549,1.10011e+17,15,S,124.52386,4.005954345,,,,,0.1444902262109884,0.0791031103228566,R,99999900.0,LLLYLLLVTLLAILLSFLILI,23691.148990447888,1347.0106215229569,12.364525633470356,0.028603027283832905,LLLYLLLVTLLAILLSFLILI,Mutant
LLLYLLLVTLLAILLSFLILI,LLLYLLLVTLLIILLSFLILI,Right,clash,19.1181,-278.651,259271000.0,259271000.0,-74.2773,-285.155,-377.837,4739.82,-49.6383,-18.4044,4043.91,4744.4,49.4561,2.35574,4043.91,4744.4,49.4561,2.35574,-11.6549,1.10011e+17,11,A,127.91206,1.808382425,,,,,0.14892389586895,0.1063750738629336,R,99999900.0,LLLYLLLVTLLAILLSFLILI,23734.50974733541,1452.1559398523077,12.743929995784493,0.0241693576258713,LLLYLLLVTLLAILLSFLILI,Mutant
LLLYLLLVTLLAILLSFLILI,LLLYALLVTLLAILLSFLILI,Right,void,,,,,,,,,,,4054.65,4692.22,47.1826,79.5258,4043.91,4744.4,106.131,144.59,-11.6549,1.1e+17,4,L,58.9494,57.42963361,3975.1242,3899.32,75.8042,4.0,0.2120262011395132,0.0360190956176349,R,99999900.0,LLLYLLLVTLLAILLSFLILI,24094.55093134349,1336.3035911929328,18.143811299241225,-0.038932947644691906,LLLYLLLVTLLAILLSFLILI,Mutant
LLLYLLLVTLLAILLSFLILI,LLLYLLLVTLLAILLSALILI,Right,void,,,,,,,,,,,4043.09,4694.98,41.0094,77.6214,4043.91,4744.4,118.885,192.593,-11.6549,1.1e+17,16,F,51.8414,59.95652805,3965.4686,3851.317,114.1516,4.0,0.2300457565716498,0.0629879277763604,R,99999900.0,LLLYLLLVTLLAILLSFLILI,24209.3767392753,1228.6096090073036,19.68580663613724,-0.0569525030768285,LLLYLLLVTLLAILLSFLILI,Mutant
LLLYALLTALLSVLLFLLILI,LLLYALLTALLSILLFLLILI,Right,clash,22.2708,-275.994,2701120000.0,2701120000.0,-74.353,-279.179,-369.345,4692.9,-49.7648,-15.8126,3951.04,4754.36,58.1036,16.7493,3935.92,4786.07,91.9667,25.6919,-11.5768,1.10011e+17,12,V,113.0727,12.90174239,,,,,0.233127193818341,0.0511885045093463,R,99999900.0,LLLYALLTALLSVLLFLLILI,24225.17328256568,1267.3857558085854,19.94949581999253,0.13266778624154948,LLLYALLTALLSVLLFLLILI,Mutant
LLLYALLTALLSVLLFLLILI,LLLYILLTALLSVLLFLLILI,Right,clash,24.296,-278.371,4690330000000000.0,4690330000000000.0,-74.3395,-281.081,-372.619,4711.02,-49.8812,-17.1989,3935.92,4786.07,56.7107,40.0171,3935.92,4786.07,56.7107,40.0171,-11.5768,1.10011e+17,4,A,107.8327,17.8915492,,,,,0.2729718856841134,0.0548476133329154,R,99999900.0,LLLYALLTALLSVLLFLLILI,24504.05261546715,1473.0790985177211,23.35914314944355,0.09282309437577707,LLLYALLTALLSVLLFLLILI,Mutant
LLLYALLTALLSVLLFLLILI,LLLYALLTALLSVLLFALILI,Right,void,,,,,,,,,,,3945.6,4730.52,40.9404,63.1496,3935.92,4786.07,101.065,133.982,-11.5768,1.1e+17,16,L,66.3132,48.77818184,3882.4504,3801.938,80.5124,4.0,0.3040721387968708,0.0551757899461296,R,99999900.0,LLLYALLTALLSVLLFLLILI,24671.577149542816,1286.8930183407315,26.020498778152927,0.06172284126301969,LLLYALLTALLSVLLFLLILI,Mutant
LLLYALLTALLSVLLFLLILI,LLLYALLTALLSVLLALLILI,Right,void,,,,,,,,,,,3985.0,4680.69,45.3124,30.44,3935.92,4786.07,140.252,112.352,-11.5768,1.1e+17,15,F,99.2804,23.46585425,3954.56,3823.568,130.992,4.0,0.6455573984502354,0.054891369879844,R,99999900.0,LLLYALLTALLSVLLFLLILI,26835.90967795885,1609.2905666630108,55.24256699106297,-0.27976241839034494,LLLYALLTALLSVLLFLLILI,Mutant
LLLYVLLFILLALLLSTLILI,LLLYVLLFILLILLLSTLILI,Right,clash,21.3274,-282.534,4026330000000.0,4026330000000.0,-74.2387,-284.157,-379.809,4753.57,-49.6486,-21.413,3929.65,4766.47,41.0931,2.03743,3929.65,4766.47,41.0931,2.03743,-11.5688,1.10011e+17,11,A,128.23037,1.56403194,,,,,0.1239483333473086,0.1474748606670829,R,99999900.0,LLLYVLLFILLALLLSTLILI,23565.96756421158,1224.040363093187,10.60668520693461,0.0921369897394022,LLLYVLLFILLALLLSTLILI,Mutant
LLLYVLLFILLALLLSTLILI,LLLYVLLFILLAALLSTLILI,Right,void,,,,,,,,,,,3946.21,4727.36,49.8277,67.6317,3929.65,4766.47,101.98,117.18,-11.5688,1.1e+17,12,L,62.1903,52.09571567,3878.5783,3812.47,66.1083,5.0,0.178465507361671,0.1104877575482592,R,99999900.0,LLLYVLLFILLALLLSTLILI,23847.40178666813,938.0920516363462,15.271907300092934,0.03761981572503981,LLLYVLLFILLALLLSTLILI,Mutant
LLLYVLLFILLALLLSTLILI,LLLYVLLFILLALLLITLILI,Right,clash,21.3337,-280.503,42044.1,41735.3,-58.9281,-283.234,-367.219,4721.29,-49.6486,-25.0569,3931.68,4765.76,43.3628,18.3851,3929.65,4766.47,51.8228,18.8332,-11.5688,1.10011e+17,15,S,111.3353,14.17286718,,,,,0.2219920350401516,0.1055442710302142,R,99999900.0,LLLYVLLFILLALLLSTLILI,24144.448316352617,988.4573871318806,18.99662198377444,-0.0059067119534408075,LLLYVLLFILLALLLSTLILI,Mutant
LLLYVLLFILLALLLSTLILI,LLLYVLLAILLALLLSTLILI,Right,void,,,,,,,,,,,3942.18,4619.94,57.6639,26.7022,3929.65,4766.47,157.236,93.6199,-11.5688,1.1e+17,7,F,102.8932,20.60428071,3915.4778,3836.0301,79.4477,5.0,0.2787078978197986,0.0374686247566753,R,99999900.0,LLLYVLLFILLALLLSTLILI,24514.862443785063,1582.5852598300082,23.84999343700565,-0.0626225747330878,LLLYVLLFILLALLLSTLILI,Mutant
LLLYALLIALLFTLLVLLILI,LLLYALLIALLFILLVLLILI,Right,clash,24.5418,-279.626,17854000.0,17853700.0,-45.0841,-280.551,-352.476,4805.81,-45.0841,-26.8412,3962.47,4711.03,38.4244,4.08332,3956.54,4718.21,62.1735,4.50656,-11.3564,1.10011e+17,12,T,125.73868,3.145322056,,,,,0.2455386048197392,0.0559345870896702,R,99999900.0,LLLYALLIALLFTLLVLLILI,24306.1351524782,1259.3037623124062,21.011582948641884,0.0538075275759857,LLLYALLIALLFTLLVLLILI,Mutant
LLLYALLIALLFTLLVLLILI,LLLYALLIALLFTLLILLILI,Right,clash,24.5416,-280.216,1528.38,1223.12,-58.8653,-281.167,-359.484,4766.58,-49.5925,-19.452,3963.06,4719.79,32.6031,30.0093,3956.54,4718.21,51.7459,50.777,-11.3564,1.10011e+17,15,V,99.7111,23.13383246,,,,,0.2754418335046881,0.0574798630894627,R,99999900.0,LLLYALLIALLFTLLVLLILI,24481.44176418851,1468.3131895666768,23.57050507987777,0.02390429889103679,LLLYALLIALLFTLLVLLILI,Mutant
LLLYALLIALLFTLLVLLILI,LLLYALLIALLATLLVLLILI,Right,void,,,,,,,,,,,3938.36,4566.32,56.7204,75.2028,3956.54,4718.21,158.04,193.976,-11.3564,1.1e+17,11,F,55.065,57.72938516,3863.1572,3762.564,100.5932,5.0,0.3059453694501512,0.028098754185677,R,99999900.0,LLLYALLIALLFTLLVLLILI,24690.54088443971,1443.6088673674035,26.18079756816289,-0.006599237054426332,LLLYALLIALLFTLLVLLILI,Mutant
LLLYALLIALLFTLLVLLILI,LLLYALLAALLFTLLVLLILI,Right,void,,,,,,,,,,,3958.08,4662.7,60.1714,117.31,3956.54,4718.21,114.568,197.131,-11.3564,1.1e+17,7,I,12.2854,90.52018822,3840.77,3759.409,81.361,5.0,0.325334495982541,0.0501906098642778,R,99999900.0,LLLYALLIALLFTLLVLLILI,24803.56744395453,1351.6604902588022,27.83999181477072,-0.02598836358681611,LLLYALLIALLFTLLVLLILI,Mutant
LLLLTLLIALLVALLSFLILI,LLLLTLLIALLVILLSFLILI,Right,clash,30.9224,-274.705,5701.35,5412.51,-60.4171,-277.391,-374.528,4632.73,-45.0594,-36.7196,3792.09,4672.26,56.3969,23.6912,3792.09,4672.26,56.3969,23.6912,-11.0151,1.10011e+17,12,A,106.1308,18.24898707,,,,,0.2004355900013983,0.0810261506568218,R,99999900.0,LLLLTLLIALLVALLSFLILI,24041.38369422802,1318.7140576202185,17.151962838048153,0.14115208170527763,LLLLTLLIALLVALLSFLILI,Mutant
LLLLTLLIALLVALLSFLILI,LLLLILLIALLVALLSFLILI,Right,clash,32.0817,-270.17,82695600.0,82695300.0,-60.4241,-273.606,-372.82,4581.27,-45.0594,-38.7896,3814.14,4646.14,51.4042,17.449,3792.09,4672.26,79.6451,13.924,-11.0151,1.10011e+17,4,T,121.0262,12.60081228,,,,,0.284512602472918,0.0624645577032422,R,99999900.0,LLLLTLLIALLVALLSFLILI,24539.5763141098,1257.3411913628902,24.34672197955368,0.057075069233757936,LLLLTLLIALLVALLSFLILI,Mutant
LLLLTLLIALLVALLSFLILI,LLLLTLLAALLVALLSFLILI,Right,void,,,,,,,,,,,3814.55,4635.75,51.1611,66.6122,3792.09,4672.26,101.799,130.769,-11.0151,1.1e+17,7,I,62.9832,51.40012686,3747.9378,3661.321,86.6168,5.0,0.2958585962736899,0.044113547730042,R,99999900.0,LLLLTLLIALLVALLSFLILI,24638.706197688247,1415.5748581233468,25.317637693824825,0.045729075432986044,LLLLTLLIALLVALLSFLILI,Mutant
LLLLTLLIALLVALLSFLILI,LLLLTLLIALLVALLSALILI,Right,void,,,,,,,,,,,3792.9,4567.48,45.3848,79.9165,3792.09,4672.26,138.052,192.442,-11.0151,1.1e+17,16,F,49.5463,61.72931529,3712.9835,3599.648,113.3355,5.0,0.3544840093310604,0.0427405209719457,R,99999900.0,LLLLTLLIALLVALLSFLILI,24990.42650650209,1449.012351425024,30.334415932251567,-0.012896337624384469,LLLLTLLIALLVALLSFLILI,Mutant
LLLYILLFTLLVALLSLLILI,LLLYILLFILLVALLSLLILI,Right,clash,22.1595,-279.798,21098600000.0,21098600000.0,-60.4781,-281.565,-369.489,4736.73,-45.1164,-27.4456,3967.22,4796.61,52.1645,12.9849,3960.8,4821.55,76.8763,17.3548,-10.613,1.10011e+17,8,T,118.3447,9.887260755,,,,,0.0596091491714286,0.0282367049949549,R,99999900.0,LLLYILLFTLLVALLSLLILI,23148.97718436517,1545.7849395341882,5.100959921283838,0.1304755325906064,LLLYILLFTLLVALLSLLILI,Mutant
LLLYILLFTLLVALLSLLILI,LLLYILLFTLLVILLSLLILI,Right,clash,22.1816,-283.008,21099800000.0,21099800000.0,-74.2475,-284.792,-381.39,4727.6,-49.6166,-22.3508,3960.8,4821.55,43.6359,19.0861,3960.8,4821.55,43.6359,19.0861,-10.613,1.10011e+17,12,A,110.7359,14.70174547,,,,,0.155457072197861,0.0723396367424705,R,99999900.0,LLLYILLFTLLVALLSLLILI,23723.49420159281,1103.4654014862138,13.302996365220755,0.03462760956417399,LLLYILLFTLLVALLSLLILI,Mutant
LLLYILLFTLLVALLSLLILI,LLLYILLATLLVALLSLLILI,Right,void,,,,,,,,,,,3936.8,4704.18,51.8709,74.2258,3960.8,4821.55,148.399,203.272,-10.613,1.1e+17,7,F,55.3696,57.27502674,3862.5742,3757.528,105.0462,4.0,0.2535701824203654,0.0902343766452317,R,99999900.0,LLLYILLFTLLVALLSLLILI,24384.59035779962,1388.3145629857695,21.69887266867553,-0.06348550065833039,LLLYILLFTLLVALLSLLILI,Mutant
LLLYILLFTLLVALLSLLILI,LLLAILLFTLLVALLSLLILI,Right,void,,,,,,,,,,,3809.19,4657.51,62.2272,103.49,3960.8,4821.55,174.869,324.171,-10.613,1.1e+17,3,Y,66.2408,60.97302316,3705.7,3636.629,69.071,4.0,0.3508141252200199,0.0648774277429018,R,99999900.0,LLLYILLFTLLVALLSLLILI,24966.924722505628,1699.1505063959305,30.02037132624088,-0.16072944345798493,LLLYILLFTLLVALLSLLILI,Mutant
LLLAYLLTLLLAILLSFLILI,LLLAYLLTLLLIILLSFLILI,Right,clash,21.1564,-278.899,1298790.0,1298470.0,-74.2086,-281.666,-373.799,4672.04,-58.5433,-17.9244,3852.46,4700.14,48.7835,19.5133,3852.46,4700.14,48.7835,19.5133,-10.4542,1.10011e+17,11,A,110.7545,14.97937326,,,,,0.1371732292676612,0.0869711503868428,R,99999900.0,LLLAYLLTLLLAILLSFLILI,23649.537924739765,1374.8172944163884,11.738385038094137,0.1607256166526381,LLLAYLLTLLLAILLSFLILI,Mutant
LLLAYLLTLLLAILLSFLILI,LLLAALLTLLLAILLSFLILI,Right,void,,,,,,,,,,,3910.84,4646.3,48.6619,93.5832,3852.46,4700.14,128.108,141.505,-10.4542,1.1e+17,4,Y,44.892,67.58119866,3817.2568,3710.955,106.3018,4.0,0.1847176917950374,0.0413112846287654,R,99999900.0,LLLAYLLTLLLAILLSFLILI,23917.72968385111,1291.1869550467898,15.806928226551028,0.11318115412526192,LLLAYLLTLLLAILLSFLILI,Mutant
LLLAYLLTLLLAILLSFLILI,LLLAYLLTLLLAILLIFLILI,Right,clash,21.1558,-276.869,1380130.0,1379820.0,-58.8551,-279.553,-359.421,4676.77,-58.5433,-21.0132,3859.26,4696.17,56.2026,6.66988,3852.46,4700.14,66.2408,7.55661,-10.4542,1.10011e+17,15,S,123.05052,5.14173561,,,,,0.3013348948597903,0.0781344661818599,R,99999900.0,LLLAYLLTLLLAILLSFLILI,24693.75286760721,1526.125805767467,25.786263399659777,-0.00343604893949101,LLLAYLLTLLLAILLSFLILI,Mutant
LLLAYLLTLLLAILLSFLILI,LLLAYLLTLLLAILLSALILI,Right,void,,,,,,,,,,,3867.83,4624.69,44.0978,57.7035,3852.46,4700.14,127.306,155.147,-10.4542,1.1e+17,16,F,71.7593,44.57149081,3810.1265,3697.313,112.8135,4.0,0.3989947563663448,0.0248648807909572,R,99999900.0,LLLAYLLTLLLAILLSFLILI,25284.78921039744,1511.7538505519483,34.14335365153403,-0.10109591044604549,LLLAYLLTLLLAILLSFLILI,Mutant
LLLLALLFALLTVLLSILILI,LLLLALLFALLTILLSILILI,Right,clash,21.8665,-272.326,232500.0,232199.0,-74.3287,-273.968,-380.379,4568.09,-49.7232,-32.0822,3860.15,4647.96,47.8532,17.2366,3844.69,4658.29,70.6733,32.6706,-10.266,1.10011e+17,12,V,112.5854,13.27710249,,,,,0.2756746256786715,0.0999590802567795,R,99999900.0,LLLLALLFALLTVLLSILILI,24518.73985067305,1309.2258121866198,23.590425906898176,0.16587195565951968,LLLLALLFALLTVLLSILILI,Mutant
LLLLALLFALLTVLLSILILI,LLLLALLFALLTVLLIILILI,Right,clash,21.8683,-272.916,205908.0,205607.0,-58.9654,-274.354,-369.233,4595.44,-49.7232,-35.9138,3850.92,4661.22,41.1284,18.8071,3844.69,4658.29,47.5655,23.6001,-10.266,1.10011e+17,15,S,110.9133,14.49818224,,,,,0.3493776153558812,0.0042997623132472,R,99999900.0,LLLLALLFALLTVLLSILILI,24978.339608998867,1596.6409206950216,29.897444236266363,0.09216896598231,LLLLALLFALLTVLLSILILI,Mutant
LLLLALLFALLTVLLSILILI,LLLLALLAALLTVLLSILILI,Right,void,,,,,,,,,,,3848.32,4514.63,54.2534,90.2358,3844.69,4658.29,157.8,200.475,-10.266,1.1e+17,7,F,39.3596,69.62886028,3758.0842,3644.215,113.8692,4.0,0.3800399649296761,0.0846098214293621,R,99999900.0,LLLLALLFALLTVLLSILILI,25134.946657288936,1237.581860126624,32.52132695297003,0.06150661640851507,LLLLALLFALLTVLLSILILI,Mutant
LLLLALLFALLTVLLSILILI,LLLLALLFALLTVLLSALILI,Right,void,,,,,,,,,,,3878.33,4650.37,41.1989,61.5992,3844.69,4658.29,78.8209,109.902,-10.266,1.1e+17,16,I,67.8636,47.58061775,3816.7308,3734.788,81.9428,4.0,0.3983754098902786,0.055525084742133,R,99999900.0,LLLLALLFALLTVLLSILILI,25264.996204717107,1379.1335206671424,34.09035404332428,0.043171171447912604,LLLLALLFALLTVLLSILILI,Mutant
LLLYVLLIALLATLLSLLILI,LLLYVLLIALLAILLSLLILI,Right,clash,21.444,-273.65,3746840.0,3746550.0,-60.4527,-277.274,-376.591,4666.9,-45.0594,-38.8642,3986.0,4692.29,56.2936,32.6659,3977.68,4726.16,86.1534,53.5726,-10.2071,1.10011e+17,12,T,97.1561,25.16206806,,,,,0.2422109157576895,0.0286552806171028,R,99999900.0,LLLYVLLIALLATLLSLLILI,24294.329475783165,1416.4836787710076,20.726821149959044,0.0860395454486711,LLLYVLLIALLATLLSLLILI,Mutant
LLLYVLLIALLATLLSLLILI,LLLYVLLIALLATLLILLILI,Right,clash,21.4448,-274.83,1185.44,882.496,-58.8271,-278.42,-372.867,4693.44,-49.5605,-35.6197,3982.76,4721.57,45.8044,20.3388,3977.68,4726.16,56.2289,28.4029,-10.2071,1.10011e+17,15,S,109.3816,15.67895258,,,,,0.2535774721421019,0.0627712730505733,R,99999900.0,LLLYVLLIALLATLLSLLILI,24341.45552018503,1503.132413369599,21.69949647523765,0.07467298906425868,LLLYVLLIALLATLLSLLILI,Mutant
LLLYVLLIALLATLLSLLILI,LLLYVLLAALLATLLSLLILI,Right,void,,,,,,,,,,,3990.19,4676.82,58.2288,70.718,3977.68,4726.16,110.266,140.321,-10.2071,1.1e+17,7,I,58.8774,54.56829486,3919.472,3837.359,82.113,5.0,0.2618039860727155,0.0751684743189639,R,99999900.0,LLLYVLLIALLATLLSLLILI,24385.039554150982,1318.5780350053562,22.403467567515147,0.0664464751336451,LLLYVLLIALLATLLSLLILI,Mutant
LLLYVLLIALLATLLSLLILI,LLLYVLLIALLATLLSALILI,Right,void,,,,,,,,,,,3984.91,4678.42,41.4396,55.6199,3977.68,4726.16,99.3651,135.267,-10.2071,1.1e+17,16,L,73.8429,42.96207096,3929.2901,3842.413,86.8771,5.0,0.277378729964493,0.0702478098780913,R,99999900.0,LLLYVLLIALLATLLSLLILI,24492.2859870465,1203.2207242199977,23.73625197193165,0.05087173124186761,LLLYVLLIALLATLLSLLILI,Mutant
LLLLVLLISLLFALLTWLILI,LLLLVLLISLLFILLTWLILI,Right,clash,27.5904,-283.054,290609.0,290300.0,-74.1583,-286.164,-386.634,4781.08,-52.9106,-26.3119,3820.38,4666.63,29.3172,0.0,3820.38,4666.63,29.3172,0.0,-9.90584,1.10011e+17,12,A,129.822,0.0,,,,,0.1747545273598665,0.19211610071359,R,99999900.0,LLLLVLLISLLFALLTWLILI,23850.55447101826,828.7375547996261,14.954345977359552,0.21490915864184693,LLLLVLLISLLFALLTWLILI,Mutant
LLLLVLLISLLFALLTWLILI,LLLLVLLISLLFALLIWLILI,Right,clash,27.5911,-279.844,545543.0,545242.0,-60.3203,-282.855,-377.398,4654.23,-48.1517,-34.2222,3838.06,4674.72,33.023,5.52016,3820.38,4666.63,48.6459,9.39817,-9.90584,1.10011e+17,15,T,124.20024,4.25542937,,,,,0.2158726197056681,0.0474938985352419,R,99999900.0,LLLLVLLISLLFALLTWLILI,24128.156008468683,1335.9112704133652,18.472962565769325,0.17379106629604532,LLLLVLLISLLFALLTWLILI,Mutant
LLLLVLLISLLFALLTWLILI,LLLLVLLISLLAALLTWLILI,Right,void,,,,,,,,,,,3847.94,4526.77,51.678,53.1465,3820.38,4666.63,153.469,131.41,-9.90584,1.1e+17,11,F,77.1213,40.79787945,3794.7935,3688.97,105.8235,4.0,0.3261425901982023,0.0802626571234737,R,99999900.0,LLLLVLLISLLFALLTWLILI,24812.44435655153,1184.4720608831533,27.90914321625868,0.06352109580351112,LLLLVLLISLLFALLTWLILI,Mutant
LLLLVLLISLLFALLTWLILI,LLLLVLLISLLFALLTALILI,Right,void,,,,,,,,,,,3799.75,4574.41,43.2117,55.2178,3820.38,4666.63,155.898,198.897,-9.90584,1.1e+17,16,W,74.245,42.65147981,3744.5322,3621.483,123.0492,4.0,0.3574673773771658,0.0965274694667821,R,99999900.0,LLLLVLLISLLFALLTWLILI,25016.84094665251,1181.1364457024297,30.58971299730205,0.03219630862454764,LLLLVLLISLLFALLTWLILI,Mutant
LLLYILLSVLLALLLTFLILI,LLLYILLSVLLILLLTFLILI,Right,clash,23.7583,-283.684,1298820000.0,1298820000.0,-74.244,-285.25,-381.899,4708.08,-49.5874,-22.4044,3919.09,4770.53,52.1566,3.07053,3919.09,4770.53,52.1566,3.07053,-9.80294,1.10011e+17,11,A,127.19727,2.357090547,,,,,0.1692722524290445,0.0610921070302625,R,99999900.0,LLLYILLSVLLALLLTFLILI,23831.9764173174,1256.9722499825607,14.485208855151033,0.023241967112960782,LLLYILLSVLLALLLTFLILI,Mutant
LLLYILLSVLLALLLTFLILI,LLLYILLSVLLALLLTALILI,Right,void,,,,,,,,,,,3818.49,4668.82,44.5964,88.7834,3919.09,4770.53,137.365,273.788,-9.80294,1.1e+17,16,F,40.6794,68.57830975,3729.7066,3645.302,84.4046,5.0,0.2021773718471812,0.0179531811584035,R,99999900.0,LLLYILLSVLLALLLTFLILI,24035.2514719016,1432.513901149618,17.30101310148014,-0.00966315230517592,LLLYILLSVLLALLLTFLILI,Mutant
LLLYILLSVLLALLLTFLILI,LLLYILLIVLLALLLTFLILI,Right,clash,24.0084,-281.637,9276.98,8969.77,-58.8588,-283.184,-366.627,4730.35,-49.5874,-24.584,3922.9,4765.0,58.4629,26.7045,3919.09,4770.53,68.3761,34.55,-9.80294,1.10011e+17,7,S,102.8909,20.60605546,,,,,0.232125767740176,0.0558606868622343,R,99999900.0,LLLYILLSVLLALLLTFLILI,24233.42192903669,1331.5971040936345,19.86380034606189,-0.0396115481981707,LLLYILLSVLLALLLTFLILI,Mutant
LLLYILLSVLLALLLTFLILI,LLLAILLSVLLALLLTFLILI,Right,void,,,,,,,,,,,3777.64,4583.15,58.5084,74.0236,3919.09,4770.53,178.799,290.537,-9.80294,1.1e+17,3,Y,95.7072,43.61235557,3703.6164,3628.553,75.0634,5.0,0.2929713586452165,0.0329207706333929,R,99999900.0,LLLYILLSVLLALLLTFLILI,24627.023409998303,1522.2613329181238,25.07056683925332,-0.10045713910321122,LLLYILLSVLLALLLTFLILI,Mutant
LLLAALLLSLLFTLLVFLILI,LLLAALLLSLLFILLVFLILI,Right,clash,31.2754,-274.782,7973800.0,7973510.0,-60.4525,-275.483,-356.976,4629.66,-51.0489,-21.0403,3796.29,4791.49,48.7861,13.8447,3782.59,4815.16,77.7019,23.3085,-9.60666,1.10011e+17,12,T,115.9773,10.66437122,,,,,0.2041261579401185,0.0274553001486235,R,99999900.0,LLLAALLLSLLFTLLVFLILI,24042.972960834773,1389.9899138136025,17.467777430335772,0.25183236731133146,LLLAALLLSLLFTLLVFLILI,Mutant
LLLAALLLSLLFTLLVFLILI,LLLAALLLILLFTLLVFLILI,Right,clash,31.3286,-275.961,8306010.0,8305710.0,-58.9178,-276.76,-356.889,4617.96,-49.6417,-21.2113,3783.69,4810.94,52.814,7.94874,3782.59,4815.16,61.4611,8.17716,-9.60666,1.10011e+17,8,S,123.38086,6.052512153,,,,,0.2448100052764436,0.0696860974832575,R,99999900.0,LLLAALLLSLLFTLLVFLILI,24310.711495424897,1264.8480637022628,20.94923417969153,0.2111485199750064,LLLAALLLSLLFTLLVFLILI,Mutant
LLLAALLLSLLFTLLVFLILI,LLLAALLLSLLATLLVFLILI,Right,void,,,,,,,,,,,3784.69,4663.85,57.7124,50.006,3782.59,4815.16,158.469,145.808,-9.60666,1.1e+17,11,F,80.2618,38.38707647,3734.684,3636.782,97.902,5.0,0.3575899844908348,0.0216441854068487,R,99999900.0,LLLAALLLSLLFTLLVFLILI,25021.701188899984,1508.0201656211295,30.60020490972797,0.09836854076061519,LLLAALLLSLLFTLLVFLILI,Mutant
LLLYALLFALLLSLLVTLILI,LLLYILLFALLLSLLVTLILI,Right,clash,31.1992,-280.111,1433310000.0,1433310000.0,-74.2526,-273.344,-365.847,4694.49,-50.7822,-18.2507,3887.2,4673.43,62.5123,41.8977,3887.2,4673.43,62.5123,41.8977,-9.42866,1.10011e+17,4,A,96.5775,30.2564647,,,,,0.1845998704603564,0.0669608756268043,R,99999900.0,LLLYALLFALLLSLLVTLILI,23926.8563719968,1226.0784038141849,15.796845849693891,0.08124064427525848,LLLYALLFALLLSLLVTLILI,Mutant
LLLYALLFALLLSLLVTLILI,LLLYALLFALLLILLVTLILI,Right,clash,26.8271,-278.705,235964.0,235663.0,-58.9494,-279.5,-358.16,4735.62,-49.6376,-19.7107,3890.55,4670.15,47.7343,16.9837,3887.2,4673.43,56.0533,16.9948,-9.42866,1.10011e+17,12,S,112.8383,13.0822973,,,,,0.2491003113568015,0.0099651899335707,R,99999900.0,LLLYALLFALLLSLLVTLILI,24345.423799061537,1584.5241540894472,21.316370427568653,0.01674020337881338,LLLYALLFALLLSLLVTLILI,Mutant
LLLYALLFALLLSLLVTLILI,LLLYALLFALLASLLVTLILI,Right,void,,,,,,,,,,,3932.64,4684.54,49.8328,40.8038,3887.2,4673.43,85.7266,60.9006,-9.42866,1.1e+17,11,L,89.464,31.32301305,3891.8362,3826.2994,65.5368,4.0,0.2874881885414003,0.0615074455024356,R,99999900.0,LLLYALLFALLLSLLVTLILI,24585.54305886902,1350.057541662236,24.60135311401272,-0.021647673805785417,LLLYALLFALLLSLLVTLILI,Mutant
LLLYALLFALLLSLLVTLILI,LLLYALLAALLLSLLVTLILI,Right,void,,,,,,,,,,,3889.07,4586.52,47.987,74.1975,3887.2,4673.43,137.525,176.078,-9.42866,1.1e+17,7,F,55.3979,57.25318954,3814.8725,3711.122,103.7505,4.0,0.3480406741013436,0.0320031561193468,R,99999900.0,LLLYALLFALLLSLLVTLILI,24972.315635498373,1509.4172186362114,29.78303757468335,-0.08220015936572872,LLLYALLFALLLSLLVTLILI,Mutant
LLLYILLFALLTVLLSLLILI,LLLYILLFILLTVLLSLLILI,Right,clash,21.0811,-281.486,56307000.0,56306700.0,-74.2897,-284.793,-381.798,4719.53,-49.8549,-22.7148,3996.44,4803.23,52.4418,6.90149,3996.44,4803.23,52.4418,6.90149,-9.41616,1.10011e+17,8,A,124.42811,5.255091008,,,,,0.1795332510454796,0.1924800704166396,R,99999900.0,LLLYILLFALLTVLLSLLILI,23872.16086092617,742.6804601625488,15.36327779963904,0.07591544729647651,LLLYILLFALLTVLLSLLILI,Mutant
LLLYILLFALLTVLLSLLILI,LLLYILLFALLTVLLSALILI,Right,void,,,,,,,,,,,4033.49,4784.06,41.7126,73.0805,3996.44,4803.23,89.3684,115.85,-9.41616,1.1e+17,16,L,56.3823,56.44903401,3960.4095,3880.59,79.8195,5.0,0.1830899052955364,0.0911405049661551,R,99999900.0,LLLYILLFALLTVLLSLLILI,23941.15828364672,1389.8612073553393,15.667632936989316,0.0723587930464197,LLLYILLFALLTVLLSLLILI,Mutant
LLLYILLFALLTVLLSLLILI,LLLYILLFALLTVLLILLILI,Right,clash,21.0585,-279.455,55523700.0,55523400.0,-58.9622,-282.698,-366.552,4735.31,-49.7418,-24.8921,4002.53,4806.58,39.1769,17.9926,3996.44,4803.23,45.219,23.1765,-9.41616,1.10011e+17,15,S,111.7278,13.87029334,,,,,0.267944619881268,0.0340799790630286,R,99999900.0,LLLYILLFALLTVLLSLLILI,24444.25124029522,1427.0838972810343,22.928942723327644,-0.012495921539311894,LLLYILLFALLTVLLSLLILI,Mutant
LLLYILLFALLTVLLSLLILI,LLLYILLAALLTVLLSLLILI,Right,void,,,,,,,,,,,3993.24,4668.05,52.77,73.9451,3996.44,4803.23,154.215,185.299,-9.41616,1.1e+17,7,F,55.6503,57.05842954,3919.2949,3811.141,108.1539,5.0,0.2831899457708169,0.0908918389486631,R,99999900.0,LLLYILLFALLTVLLSLLILI,24545.45572141497,1152.4527296901044,24.233537696254626,-0.027741247428860805,LLLYILLFALLTVLLSLLILI,Mutant
LLLYSLLTALLVALLFLLILI,LLLYSLLTALLVILLFLLILI,Right,clash,25.0439,-281.024,1331050.0,1330740.0,-58.852,-281.73,-358.628,4724.17,-52.3436,-18.0455,3893.05,4777.12,44.7616,11.8267,3893.05,4777.12,44.7616,11.8267,-8.82583,1.10011e+17,12,A,117.9953,9.109935142,,,,,0.2163387448841198,0.042789521484616,R,99999900.0,LLLYSLLTALLVALLFLLILI,24116.91421921836,1569.2188929412769,18.51285050053493,0.06966655231938768,LLLYSLLTALLVALLFLLILI,Mutant
LLLYSLLTALLVALLFLLILI,LLLYILLTALLVALLFLLILI,Right,clash,28.852,-277.681,663337000.0,663337000.0,-58.8582,-279.043,-354.846,4721.72,-49.7807,-16.9449,3896.86,4758.15,56.884,37.2486,3893.05,4777.12,69.6675,36.9704,-8.82583,1.10011e+17,4,S,124.75562,5.005710822,,,,,0.2327925023844845,0.0454843579041608,R,99999900.0,LLLYILLTALLVALLSLLILI,24222.235173217487,1296.4057790141092,19.920855122820544,0.05321279481902297,LLLYSLLTALLVALLFLLILI,Mutant
LLLYSLLTALLVALLFLLILI,LLLYSLLAALLVALLFLLILI,Right,void,,,,,,,,,,,3904.31,4742.2,58.9544,80.5836,3893.05,4777.12,89.3884,114.338,-8.82583,1.1e+17,7,T,49.0118,62.18091074,3823.7264,3778.712,45.0144,4.0,0.2959438742688927,0.0704461114962562,R,99999900.0,LLLYSLLTALLVALLFLLILI,24630.41688711037,1256.83106707528,25.32493522518944,-0.009938577065385201,LLLYSLLTALLVALLFLLILI,Mutant
LLLYSLLTALLVALLFLLILI,LLLYSLLTALLVALLALLILI,Right,void,,,,,,,,,,,3893.97,4699.3,40.2948,34.6076,3893.05,4777.12,125.618,120.416,-8.82583,1.1e+17,15,F,95.1128,26.6786103,3859.3624,3772.634,86.7284,4.0,0.3452208689934883,0.0426751649414988,R,99999900.0,LLLYSLLTALLVALLFLLILI,24935.843227077366,1383.500187778003,29.54173715283644,-0.059215571789980825,LLLYSLLTALLVALLFLLILI,Mutant
LLLVALLLTLLAILLSFLILI,LLLVILLLTLLAILLSFLILI,Right,clash,20.0842,-270.746,4259130.0,4258830.0,-74.2667,-276.73,-384.225,4592.6,-49.6183,-33.2279,3912.38,4563.23,48.448,39.9044,3912.38,4563.23,48.448,39.9044,-8.69146,1.10011e+17,4,A,127.7813,1.908760262,,,,,0.1465851062640319,0.0707498566151075,R,99999900.0,LLLVALLLTLLAILLSFLILI,23668.209727272544,1107.380807105541,12.543791724984942,0.13308483793106538,LLLVALLLTLLAILLSFLILI,Mutant
LLLVALLLTLLAILLSFLILI,LLLVALLATLLAILLSFLILI,Right,void,,,,,,,,,,,3953.18,4521.95,56.9297,52.6047,3912.38,4563.23,112.672,118.279,-8.69146,1.1e+17,7,L,76.9907,40.59148704,3900.5753,3794.101,106.4743,5.0,0.1754523855782536,0.0404519282032623,R,99999900.0,LLLVALLLTLLAILLSFLILI,23883.151758210945,1458.5536344475988,15.014064105402175,0.10421755861684368,LLLVALLLTLLAILLSFLILI,Mutant
LLLVALLLTLLAILLSFLILI,LLLVALLLTLLIILLSFLILI,Right,clash,18.5919,-270.923,2343310.0,2343010.0,-74.2667,-277.429,-383.382,4641.75,-49.6183,-31.6863,3912.38,4563.23,58.1424,2.4865,3912.38,4563.23,58.1424,2.4865,-8.69146,1.10011e+17,11,A,127.7813,1.908760262,,,,,0.3406177272128073,0.1176822611641686,R,99999900.0,LLLVALLLTLLAILLSFLILI,24932.04052195803,1322.090093086758,29.14783047807894,-0.06094778301771003,LLLVALLLTLLAILLSFLILI,Mutant
LLLVALLLTLLAILLSFLILI,LLLVALLLTLLAILLSALILI,Right,void,,,,,,,,,,,3852.33,4463.86,40.6069,83.0762,3912.38,4563.23,132.259,245.545,-8.69146,1.1e+17,16,F,46.3866,64.16993916,3769.2538,3666.835,102.4188,5.0,0.4553943840403651,0.0185149504202894,R,99999900.0,LLLVALLLTLLAILLSFLILI,25643.8896861082,1612.0065736990327,38.96966377908074,-0.1757244398452678,LLLVALLLTLLAILLSFLILI,Mutant
LLLLALLVALLSTLLIFLILI,LLLLILLVALLSTLLIFLILI,Right,clash,26.4047,-272.019,3324650.0,3324350.0,-74.3231,-276.728,-384.844,4613.02,-49.6293,-33.7936,3871.05,4651.07,50.4383,31.7463,3871.05,4651.07,50.4383,31.7463,-8.50232,1.10011e+17,4,A,106.7246,22.92872659,,,,,0.3049757505971366,0.0415712228256109,R,99999900.0,LLLLALLVALLSTLLIFLILI,24685.159878351733,1364.4568981584143,26.097823947889864,0.08690266286819137,LLLLALLVALLSTLLIFLILI,Mutant
LLLLALLVALLSTLLIFLILI,LLLLALLVILLSTLLIFLILI,Right,clash,24.3975,-272.225,322044.0,321747.0,-74.3185,-277.278,-384.59,4623.27,-49.6293,-32.9943,3871.05,4651.07,50.5684,17.8553,3871.05,4651.07,50.5684,17.8553,-8.50232,1.10011e+17,8,A,106.7246,22.92872659,,,,,0.3179152278063307,0.0309872381610829,R,99999900.0,LLLLALLVALLSTLLIFLILI,24791.25590292224,1633.0961863564996,27.20509951823304,0.07396318565899729,LLLLALLVALLSTLLIFLILI,Mutant
LLLLALLVALLSTLLIFLILI,LLLAALLVALLSTLLIFLILI,Right,void,,,,,,,,,,,3812.12,4585.33,62.1704,107.284,3871.05,4651.07,122.895,225.976,-8.50232,1.1e+17,3,L,62.4468,63.20832754,3704.836,3645.074,59.762,5.0,0.3321880236987228,0.0175946230383332,R,99999900.0,LLLLALLVALLSTLLIFLILI,24863.76375810725,1624.0476305995437,28.426471754269794,0.05969038976660518,LLLLALLVALLSTLLIFLILI,Mutant
LLLLALLVALLSTLLIFLILI,LLLLALLVALLSTLLIALILI,Right,void,,,,,,,,,,,3767.93,4545.72,41.2203,81.9629,3871.05,4651.07,135.066,268.632,-8.50232,1.1e+17,16,F,47.4999,63.31000102,3685.9671,3602.418,83.5491,5.0,0.4149517287654264,0.0156703162878465,R,99999900.0,LLLLALLVALLSTLLIFLILI,25402.04803908016,1673.449337058512,35.50884666400202,-0.02307331530009843,LLLLALLVALLSTLLIFLILI,Mutant
LLLYALLLTLLVALLSFLILI,LLLYALLLTLLVILLSFLILI,Right,clash,24.2189,-279.95,2032.92,1727.6,-74.2442,-281.839,-369.784,4729.77,-49.5903,-13.7008,4056.01,4728.75,52.8849,33.7595,4056.01,4728.75,52.8849,33.7595,-8.47689,1.10011e+17,12,A,96.0625,26.00445225,,,,,0.1767581584329273,0.0161677878564944,R,99999900.0,LLLYALLLTLLVALLSFLILI,23872.798931500914,1447.1426410130623,15.12580357980459,0.07467077634460978,LLLYALLLTLLVALLSFLILI,Mutant
LLLYALLLTLLVALLSFLILI,LLLYALLLILLVALLSFLILI,Right,clash,24.2023,-276.74,879315.0,879018.0,-60.4551,-278.666,-360.657,4733.66,-45.0834,-21.5357,4073.13,4701.77,49.0962,14.3904,4056.01,4728.75,79.9581,20.0133,-8.47689,1.10011e+17,8,T,116.9392,10.95746884,,,,,0.1931619479558172,0.0530770819193597,R,99999900.0,LLLYALLLTLLVALLSFLILI,24008.98073186256,1774.6656802992673,16.529532270391968,0.05826698682171988,LLLYALLLTLLVALLSFLILI,Mutant
LLLYALLLTLLVALLSFLILI,LLLYALLATLLVALLSFLILI,Right,void,,,,,,,,,,,4052.88,4675.99,59.1004,86.622,4056.01,4728.75,117.82,177.018,-8.47689,1.1e+17,7,L,42.9734,66.84033538,3966.258,3878.992,87.266,5.0,0.2810431815370798,0.0592313058618943,R,99999900.0,LLLYALLLTLLVALLSFLILI,24527.649569371515,1253.6364046926792,24.049831696941563,-0.029614246759542717,LLLYALLLTLLVALLSFLILI,Mutant
LLLYALLLTLLVALLSFLILI,LLLYALLLTLLVALLSALILI,Right,void,,,,,,,,,,,4019.72,4627.49,44.4079,74.7985,4056.01,4728.75,137.154,222.561,-8.47689,1.1e+17,16,F,54.6643,57.77605613,3944.9215,3833.449,111.4725,5.0,0.2836013821357384,0.0870720982489426,R,99999900.0,LLLYALLLTLLVALLSILILI,24537.96678318778,1112.287168346026,24.26874572114334,-0.032172447358201295,LLLYALLLTLLVALLSFLILI,Mutant
LLLVYLLLALLTSLLFILILI,LLLVYLLLILLTSLLFILILI,Right,clash,30.4786,-281.844,9072540000.0,9072540000.0,-74.3126,-283.58,-380.409,4690.99,-54.4834,-22.5164,3899.91,4659.45,52.5782,19.7403,3899.91,4659.45,52.5782,19.7403,-8.36529,1.10011e+17,8,A,111.5893,15.03111256,,,,,0.2160247853849452,0.0631223461957905,R,99999900.0,LLLVYLLLALLTSLLFILILI,24127.97236983064,1270.3954204804024,18.485983906321515,0.17426935735843488,LLLVYLLLALLTSLLFILILI,Mutant
LLLVYLLLALLTSLLFILILI,LLLVYLLLALLTILLFILILI,Right,clash,30.3931,-279.814,7736210000.0,7736210000.0,-59.0106,-281.546,-366.457,4669.35,-49.7718,-25.8997,3900.68,4654.51,48.3312,7.72556,3899.91,4659.45,57.4155,7.834,-8.36529,1.10011e+17,12,S,122.09644,5.950886599,,,,,0.3141913670132191,0.055186565145639,R,99999900.0,LLLVYLLLALLTSLLFILILI,24737.332956295104,1292.9232421668164,26.8864359418838,0.076102775730161,LLLVYLLLALLTSLLFILILI,Mutant
LLLVYLLLALLTSLLFILILI,LLLVYLLLALLTSLLAILILI,Right,void,,,,,,,,,,,3896.24,4581.38,47.4496,44.1563,3899.91,4659.45,132.115,141.346,-8.36529,1.1e+17,15,F,85.5641,34.03959593,3852.0837,3758.564,93.5197,4.0,0.4384415889100277,0.0508475076769272,R,99999900.0,LLLVYLLLALLTSLLFILILI,25526.54030493449,1684.2747308000314,37.51895479034993,-0.04814744616664762,LLLVYLLLALLTSLLFILILI,Mutant
LLLVYLLLALLTSLLFILILI,LLLVALLLALLTSLLFILILI,Right,void,,,,,,,,,,,3976.78,4612.87,51.5702,78.9261,3899.91,4659.45,132.326,117.739,-8.36529,1.1e+17,4,Y,59.5491,56.99655967,3897.8539,3782.171,115.6829,4.0,0.5524570066711432,0.0633589147909198,R,99999900.0,LLLVYLLLALLTSLLFILILI,26240.92374030257,1605.62797249861,47.27564624614151,-0.16216286392776308,LLLVYLLLALLTSLLFILILI,Mutant
LLLYFLLVALLLALLSTLILI,LLLYFLLVILLLALLSTLILI,Right,clash,28.4526,-279.938,9700110.0,9699810.0,-74.18,-277.494,-367.527,4702.95,-49.5406,-15.8527,3839.22,4707.2,51.7324,3.78878,3839.22,4707.2,51.7324,3.78878,-8.30723,1.10011e+17,8,A,113.593,12.50096286,,,,,0.1159153958934597,0.0211177038557502,R,99999900.0,LLLYFLLVALLLALLSTLILI,23486.70259610124,1363.2747904309988,9.919279119583454,0.2015267695454022,LLLYFLLVALLLALLSTLILI,Mutant
LLLYFLLVALLLALLSTLILI,LLLYFLLVALLLILLSTLILI,Right,clash,28.4137,-279.938,71570.5,71269.5,-74.1772,-277.194,-367.287,4705.91,-49.5406,-15.9155,3839.22,4707.2,52.7323,16.229,3839.22,4707.2,52.7323,16.229,-8.30723,1.10011e+17,12,A,113.593,12.50096286,,,,,0.1883540372476047,0.0915266386043971,R,99999900.0,LLLYFLLVALLLALLSTLILI,23968.028407897884,1316.1467929819607,16.118102814199386,0.1290881281912572,LLLYFLLVALLLALLSTLILI,Mutant
LLLYFLLVALLLALLSTLILI,LLLYFLLVALLAALLSTLILI,Right,void,,,,,,,,,,,3882.5,4669.84,51.5716,58.791,3839.22,4707.2,106.521,109.211,-8.30723,1.1e+17,11,L,71.4768,45.13087655,3823.709,3730.009,93.7,4.0,0.2748241679229815,0.0925672621757618,R,99999900.0,LLLYFLLVALLLALLSTLILI,24535.970599325712,1604.665841950321,23.517649311579834,0.04261799751588041,LLLYFLLVALLLALLSTLILI,Mutant
LLLYFLLVALLLALLSTLILI,LLLYALLVALLLALLSTLILI,Right,void,,,,,,,,,,,3909.01,4597.54,48.0662,61.6293,3839.22,4707.2,141.086,106.903,-8.30723,1.1e+17,4,F,76.8459,44.50565878,3847.3807,3732.317,115.0637,4.0,0.347987868192729,0.0326678507676654,R,99999900.0,LLLYWLLVALLLALLSTLILI,24959.812287911343,1436.7254443152058,29.77851879145637,-0.030545702753867088,LLLYFLLVALLLALLSTLILI,Mutant
LLLALLLVTLLAILLSFLILI,LLLALLLVILLAILLSFLILI,Right,clash,24.308,-271.203,573643.0,573351.0,-60.4642,-273.94,-371.635,4583.82,-45.0788,-37.231,3926.69,4621.08,47.3957,43.819,3904.75,4640.9,74.0801,59.9771,-8.13651,1.10011e+17,8,T,87.5106,33.36566928,,,,,0.1573167644119522,0.0412556156891619,R,99999900.0,LLLALLLVTLLAILLSFLILI,23741.014406886345,1282.988733872931,13.462136624423612,0.015140788954951911,LLLALLLVTLLAILLSFLILI,Mutant
LLLALLLVTLLAILLSFLILI,LLLALLLVTLLAILLIFLILI,Right,clash,24.3517,-272.384,164906.0,164609.0,-58.8386,-275.011,-367.933,4611.83,-49.5852,-34.0842,3905.66,4637.46,44.4586,7.12092,3904.75,4640.9,54.1584,6.80892,-8.13651,1.10011e+17,15,S,122.59948,5.489437282,,,,,0.2412640974099513,0.0905047804928207,R,99999900.0,LLLALLLVTLLAILLSFLILI,24247.18571874429,1233.290697397537,20.645798647345234,-0.0688065440430472,LLLALLLVTLLAILLSFLILI,Mutant
LLLALLLVTLLAILLSFLILI,LLLALLLVTLLAILLSALILI,Right,void,,,,,,,,,,,3850.64,4538.9,40.7406,74.4744,3904.75,4640.9,133.789,232.684,-8.13651,1.1e+17,16,F,54.9884,57.52571395,3776.1656,3672.066,104.0996,5.0,0.3236694325616451,0.0390922321803476,R,99999900.0,LLLALLLVTLLAILLSFLILI,24796.155679383955,1487.981805961425,27.69750661083063,-0.151211879194741,LLLALLLVTLLAILLSFLILI,Mutant
LLLTYLLLVLLAILLSFLILI,LLLTYLLLVLLIILLSFLILI,Right,clash,24.0336,-284.829,8954540000.0,8954540000.0,-60.4831,-284.488,-371.507,4688.61,-45.1085,-26.5364,3842.81,4711.6,56.7442,2.98284,3842.81,4711.6,56.7442,2.98284,-7.94812,1.10011e+17,11,A,127.28496,2.28977537,,,,,0.228732962788873,0.0643696919288771,R,99999900.0,LLLTYLLLVLLAILLSFLILI,24225.93239700384,1446.393751466188,19.573466356768428,-0.03381833967314471,LLLTYLLLVLLAILLSFLILI,Mutant
LLLTYLLLVLLAILLSFLILI,LLLTYLLLVLLAILLIFLILI,Right,clash,24.0311,-282.799,2028340.0,2028040.0,-45.1085,-282.479,-357.269,4689.96,-45.1085,-29.6816,3845.7,4715.98,43.5718,7.01362,3842.81,4711.6,48.4729,6.73019,-7.94812,1.10011e+17,15,S,122.70678,5.406720917,,,,,0.2592973071885887,0.0617037598366734,R,99999900.0,LLLTYLLLVLLAILLSFLILI,24415.096833324253,1416.5990707448918,22.188962433635663,-0.06438268407286038,LLLTYLLLVLLAILLSFLILI,Mutant
LLLTYLLLVLLAILLSFLILI,LLLTALLLVLLAILLSFLILI,Right,void,,,,,,,,,,,3936.88,4666.82,48.8704,60.4922,3842.81,4711.6,130.949,125.443,-7.94812,1.1e+17,4,Y,77.983,43.68450091,3876.3878,3717.367,159.0208,5.0,0.2799323362778788,0.0680122558729424,R,99999900.0,LLLTYLLLVLLAILLSFLILI,24511.20553812692,1207.6060504610284,23.95477284734052,-0.08501771316215048,LLLTYLLLVLLAILLSFLILI,Mutant
LLLTYLLLVLLAILLSFLILI,LLLTYLLLVLLAILLSALILI,Right,void,,,,,,,,,,,3780.18,4608.32,41.4032,77.3384,3842.81,4711.6,135.143,240.717,-7.94812,1.1e+17,16,F,52.1244,59.73793244,3702.8416,3602.093,100.7486,5.0,0.2977705109585113,0.1178397711491841,R,99999900.0,LLLTYLLLVLLAILLSFLILI,24605.379567054697,952.2673358357374,25.48124680946814,-0.10285588784278302,LLLTYLLLVLLAILLSFLILI,Mutant
LLLYALLVALLSLLLFTLILI,LLLYILLVALLSLLLFTLILI,Right,clash,29.4032,-280.113,1729170000000.0,1729170000000.0,-74.288,-274.053,-365.42,4734.37,-49.601,-17.0795,3842.62,4702.21,44.7532,29.6424,3842.62,4702.21,44.7532,29.6424,-7.90531,1.10011e+17,4,A,108.8328,21.40628791,,,,,0.2540295751265037,0.0923091673427526,R,99999900.0,LLLYALLVALLSLLLFTLILI,24372.942999955256,1233.0526932971245,21.738184482628835,0.09241057909132211,LLLYALLVALLSLLLFTLILI,Mutant
LLLYALLVALLSLLLFTLILI,LLLYALLVILLSLLLFTLILI,Right,clash,26.8494,-280.413,1730620000000.0,1730620000000.0,-74.2851,-274.068,-365.566,4746.03,-49.601,-17.2136,3842.62,4702.21,52.1436,25.6476,3842.62,4702.21,52.1436,25.6476,-7.90531,1.10011e+17,8,A,108.8328,21.40628791,,,,,0.2650304983921995,0.026435225661745,R,99999900.0,LLLYALLVALLSLLLFTLILI,24440.69855950645,1447.580283650414,22.67957132433752,0.08140965582562631,LLLYALLVALLSLLLFTLILI,Mutant
LLLYALLVALLSLLLFTLILI,LLLYALLVALLSLLLATLILI,Right,void,,,,,,,,,,,3917.98,4637.9,41.6437,30.7904,3842.62,4702.21,125.241,71.3853,-7.90531,1.1e+17,15,F,98.93,23.73597368,3887.1896,3771.2347,115.9549,5.0,0.3956028548893597,0.044524496312425,R,99999900.0,LLLYALLVALLSLLLFTLILI,25258.92971459436,1402.4403849287849,33.853096975645464,-0.04916270067153389,LLLYALLVALLSLLLFTLILI,Mutant
LLLYALLVALLSLLLFTLILI,LLLAALLVALLSLLLFTLILI,Right,void,,,,,,,,,,,3691.97,4512.17,63.9483,91.0616,3842.62,4702.21,184.997,312.504,-7.90531,1.1e+17,3,Y,78.6692,53.65060437,3600.9084,3530.116,70.7924,5.0,0.4026536488841415,0.0241682257760117,R,99999900.0,LLLYALLVALLSLLLFTLILI,25327.700252987896,1684.7805470548103,34.45645766910508,-0.0562134946663157,LLLYALLVALLSLLLFTLILI,Mutant
LLLTALLLALLAVLLSFLILI,LLLTALLLALLAILLSFLILI,Right,clash,25.8668,-272.816,255756000000.0,255756000000.0,-60.4012,-271.583,-365.528,4572.43,-45.0401,-33.5446,3767.06,4578.41,56.4996,35.9922,3755.24,4601.58,81.6192,61.1196,-7.83971,1.10011e+17,12,V,93.8298,27.72426861,,,,,0.2919401830493446,0.1147736931856825,R,99999900.0,LLLTALLLALLAVLLSFLILI,24591.99171559743,1020.9814751017472,24.98232559676852,0.10565257806457917,LLLTALLLALLAVLLSFLILI,Mutant
LLLTALLLALLAVLLSFLILI,LLLTALLLALLAVLLIFLILI,Right,clash,25.8684,-273.406,255756000000.0,255756000000.0,-45.0401,-272.116,-354.531,4599.26,-45.0401,-37.3755,3761.29,4596.09,44.1034,15.1344,3755.24,4601.58,54.8005,20.5591,-7.83971,1.10011e+17,15,S,114.586,11.66693905,,,,,0.3035137019925112,0.0158443558297057,R,99999900.0,LLLTALLLALLAVLLSFLILI,24679.196705927792,1545.0847960730546,25.972711420050977,0.09407905912141257,LLLTALLLALLAVLLSFLILI,Mutant
LLLTALLLALLAVLLSFLILI,LLLTALLLALLAVLLSALILI,Right,void,,,,,,,,,,,3743.95,4497.77,41.9021,90.644,3755.24,4601.58,135.38,216.497,-7.83971,1.1e+17,16,F,38.8188,70.01547935,3653.306,3538.743,114.563,5.0,0.3562888285538804,0.045975507117891,R,99999900.0,LLLTALLLALLAVLLSFLILI,25001.6569072536,1399.291036395013,30.48886052085476,0.04130393256004339,LLLTALLLALLAVLLSFLILI,Mutant
LLLTALLLALLAVLLSFLILI,LLLTALLAALLAVLLSFLILI,Right,void,,,,,,,,,,,3784.63,4558.61,56.8937,60.3959,3755.24,4601.58,113.381,121.901,-7.83971,1.1e+17,7,L,69.1995,46.60342883,3724.2341,3633.339,90.8951,5.0,0.4871776707619833,0.0254472084492777,R,99999900.0,LLLTALLLALLAVLLSFLILI,25843.57417774785,1575.7442123022463,41.68946894300607,-0.08958490964805954,LLLTALLLALLAVLLSFLILI,Mutant
LLLYALLLTLLSVLLFILILI,LLLYALLLILLSVLLFILILI,Right,clash,26.9393,-282.375,1781020000.0,1781020000.0,-60.5914,-282.545,-368.827,4743.87,-45.2114,-25.6906,3963.48,4731.74,56.8413,24.0936,3949.3,4766.57,86.5615,39.3844,-7.83245,1.10011e+17,8,T,107.236,18.34590222,,,,,0.2366543715018908,0.0704999684537708,R,99999900.0,LLLYALLLTLLSVLLFILILI,24248.232795152744,1186.8544803249974,20.25132854616166,0.06722914436437419,LLLYALLLTLLSVLLFILILI,Mutant
LLLYALLLTLLSVLLFILILI,LLLYILLLTLLSVLLFILILI,Right,clash,30.2742,-285.12,1845320000.0,1845320000.0,-74.2563,-285.021,-380.391,4724.1,-49.7143,-21.1139,3949.3,4766.57,48.3621,24.4078,3949.3,4766.57,48.3621,24.4078,-7.83245,1.10011e+17,4,A,114.0674,17.62611645,,,,,0.2842720619906037,0.0908700174732035,R,99999900.0,LLLYALLLTLLSVLLFILILI,24525.062470898152,1125.2624146651112,24.326138103138955,0.019611453875661322,LLLYALLLTLLSVLLFILILI,Mutant
LLLYALLLTLLSVLLFILILI,LLLYALLATLLSVLLFILILI,Right,void,,,,,,,,,,,3958.29,4712.36,54.014,65.1399,3949.3,4766.57,113.121,145.924,-7.83245,1.1e+17,7,L,64.4555,50.26405258,3893.1501,3803.376,89.7741,4.0,0.2908236009645395,0.0628114996126689,R,99999900.0,LLLYALLLTLLSVLLFILILI,24581.05741332144,1248.2786452521598,24.886775827268625,0.013059914901725478,LLLYALLLTLLSVLLFILILI,Mutant
LLLYALLLTLLSVLLFILILI,LLLYALLLTLLSVLLAILILI,Right,void,,,,,,,,,,,4015.32,4691.91,45.1913,25.3474,3949.3,4766.57,130.166,88.2104,-7.83245,1.1e+17,15,F,104.373,19.54002609,3989.9726,3861.0896,128.883,4.0,0.4512304753442546,0.1093887756314461,R,99999900.0,LLLYALLLTLLSVLLFILILI,25607.947669551068,2023.8587212842945,38.613343790119615,-0.1473469594779896,LLLYALLLTLLSVLLFILILI,Mutant
LLLYALLLTLLFILLSVLILI,LLLYILLLTLLFILLSVLILI,Right,clash,27.959,-283.387,13473400000.0,13473400000.0,-74.3129,-285.076,-381.103,4698.72,-49.6775,-21.7139,4016.46,4832.73,48.1789,19.5328,4016.46,4832.73,48.1789,19.5328,-7.79681,1.10011e+17,4,A,118.9424,14.10563047,,,,,0.1131722295696775,0.1873688604771158,R,99999900.0,LLLYALLLTLLFILLSVLILI,23508.47605359716,1295.113733806961,9.684536942090077,0.061251067652136906,LLLYALLLTLLFILLSVLILI,Mutant
LLLYALLLTLLFILLSVLILI,LLLYALLLILLFILLSVLILI,Right,clash,24.9476,-280.502,4080980.0,4080680.0,-60.5345,-282.593,-369.859,4714.99,-45.1704,-26.7314,4026.81,4817.54,49.3512,11.1235,4016.46,4832.73,74.7645,13.5762,-7.79681,1.10011e+17,8,T,120.2061,8.46991082,,,,,0.1293877518391539,0.1646494284887321,R,99999900.0,LLLYALLLTLLFILLSVLILI,23575.732649597543,946.9121185154858,11.072154956254431,0.0450355453826605,LLLYALLLTLLFILLSVLILI,Mutant
LLLYALLLTLLFILLSVLILI,LLLYALLATLLFILLSVLILI,Right,void,,,,,,,,,,,4034.58,4777.49,59.8165,74.7793,4016.46,4832.73,119.089,150.118,-7.79681,1.1e+17,7,L,54.8161,57.70212523,3959.8007,3866.342,93.4587,5.0,0.1867093862076718,0.0491449541375648,R,99999900.0,LLLYALLLTLLFILLSVLILI,23928.98644198457,1249.012407140931,15.977364367907049,-0.012286088985857396,LLLYALLLTLLFILLSVLILI,Mutant
LLLYALLLTLLFILLSVLILI,LLLYALLLTLLAILLSVLILI,Right,void,,,,,,,,,,,4008.87,4693.86,53.7193,31.4317,4016.46,4832.73,154.91,136.596,-7.79681,1.1e+17,11,F,98.8361,24.12852601,3977.4383,3879.864,97.5743,5.0,0.2691741115925994,0.0461587439731749,R,99999900.0,LLLYALLLTLLFILLSVLILI,24478.836877046568,1491.0824470493749,23.034154557923976,-0.094750814370785,LLLYALLLTLLFILLSVLILI,Mutant
LLLYVLLTTLLALLLSFLILI,LLLYVLLTTLLALLLIFLILI,Right,clash,22.3703,-279.919,4035.71,3724.03,-72.6597,-282.653,-370.683,4692.26,-54.1353,-15.3709,4051.34,4782.36,43.7375,23.0091,4047.41,4782.82,51.8776,23.086,-7.77384,1.10011e+17,15,S,106.7113,17.73745687,,,,,0.2006164436393211,0.0631206926638916,R,99999900.0,LLLYVLLTTLLALLLSFLILI,24010.316439026235,1182.759083020471,17.16743910589437,0.10569878110638561,LLLYVLLTTLLALLLSFLILI,Mutant
LLLYVLLTTLLALLLSFLILI,LLLYVLLTTLLILLLSFLILI,Right,clash,22.3672,-281.95,5841300.0,5840980.0,-87.9745,-284.773,-384.763,4708.58,-54.1353,-12.0151,4047.41,4782.82,47.4814,3.50534,4047.41,4782.82,47.4814,3.50534,-7.77384,1.10011e+17,11,A,126.76246,2.690872188,,,,,0.2508601137935469,0.0207413199034157,R,99999900.0,LLLYVLLTTLLALLLSFLILI,24356.564128209768,1668.6331385415288,21.46696277495144,0.055455110952159825,LLLYVLLTTLLALLLSFLILI,Mutant
LLLYVLLTTLLALLLSFLILI,LLLYVLLTTLLALLLSALILI,Right,void,,,,,,,,,,,3954.28,4680.21,44.1173,87.7949,4047.41,4782.82,137.734,268.691,-7.77384,1.1e+17,16,F,41.6679,67.81476996,3866.4851,3778.719,87.7661,4.0,0.3281178599130309,0.023242471594959,R,99999900.0,LLLYVLLTTLLALLLSFLILI,24840.381607529715,1490.0353483090685,28.07817383973041,-0.02180263516732417,LLLYVLLTTLLALLLSFLILI,Mutant
LLLYVLLTTLLALLLSFLILI,LLLAVLLTTLLALLLSFLILI,Right,void,,,,,,,,,,,3881.73,4616.55,56.8588,113.917,4047.41,4782.82,171.357,342.05,-7.77384,1.1e+17,3,Y,55.8138,67.1162806,3767.813,3705.36,62.453,4.0,0.3295721219737379,0.055729489161085,R,99999900.0,LLLAYLLTTLLALLLSFLILI,24829.614841461807,1312.7680600337285,28.202620046224265,-0.023256897228031204,LLLYVLLTTLLALLLSFLILI,Mutant
LLLLILLSTLLATLLVFLILI,LLLLILLSTLLITLLVFLILI,Right,clash,22.6838,-274.952,1912950.0,1912640.0,-87.9753,-279.962,-395.788,4604.16,-54.0747,-27.851,3873.75,4685.99,58.7415,6.8089,3873.75,4685.99,58.7415,6.8089,-7.75387,1.10011e+17,11,A,123.4589,5.226848078,,,,,0.2262432973141969,0.1743327648532039,R,99999900.0,LLLLILLSTLLATLLVFLILI,24208.349187368647,1192.203944427456,19.36041711885356,0.00616671105253741,LLLLILLSTLLATLLVFLILI,Mutant
LLLLILLSTLLATLLVFLILI,LLLLILLSTLLATLLIFLILI,Right,clash,22.6837,-272.332,2183.97,1880.25,-87.9753,-277.297,-392.417,4585.81,-54.0747,-27.1443,3907.56,4670.58,56.1174,23.5958,3873.75,4685.99,81.9655,26.2874,-7.75387,1.10011e+17,15,V,106.1246,18.18973731,,,,,0.2501761594892922,0.1369494149668139,R,99999900.0,LLLLILLSTLLATLLVFLILI,24326.864929501626,931.3711661962708,21.40843445266388,-0.017766151122557916,LLLLILLSTLLATLLVFLILI,Mutant
LLLLILLSTLLATLLVFLILI,LLLLALLSTLLATLLVFLILI,Right,void,,,,,,,,,,,3935.56,4629.59,49.7718,56.105,3873.75,4685.99,106.306,75.2228,-7.75387,1.1e+17,4,I,82.3702,40.51628017,3879.455,3798.5272,80.9278,5.0,0.2813812942859152,0.0407359653142303,R,99999900.0,LLLLILLSTLLATLLVFLILI,24531.697984034905,1352.5603363159355,24.078765167803965,-0.048971285919180874,LLLLILLSTLLATLLVFLILI,Mutant
LLLLILLSTLLATLLVFLILI,LLLLILLSTLLATLLVALILI,Right,void,,,,,,,,,,,3789.41,4600.08,42.7426,80.0681,3873.75,4685.99,130.425,255.626,-7.75387,1.1e+17,16,F,49.3947,61.84641457,3709.3419,3618.124,91.2179,5.0,0.3560196447375662,0.0320123851164314,R,99999900.0,LLLLILLSTLLATLLVFLILI,25005.23777884799,1504.7680181209812,30.46582553583044,-0.12360963637083189,LLLLILLSTLLATLLVFLILI,Mutant
LLLVALLLALLFALLSTLILI,LLLVALLLALLFILLSTLILI,Right,clash,32.1309,-273.635,985449000.0,985449000.0,-74.1862,-270.803,-375.626,4578.22,-49.551,-30.6365,3654.91,4596.22,50.7328,3.41378,3654.91,4596.22,50.7328,3.41378,-7.69636,1.10011e+17,12,A,126.40822,2.629585124,,,,,0.270912504109408,0.0822929340236785,R,99999900.0,LLLVALLLALLFALLSTLILI,24462.52217140042,1145.4629891224083,23.18291478481797,0.08610258807987353,LLLVALLLALLFALLSTLILI,Mutant
LLLVALLLALLFALLSTLILI,LLLVILLLALLFALLSTLILI,Right,clash,39.0976,-272.641,6841380000.0,6841380000.0,-74.1918,-273.774,-379.354,4556.55,-49.551,-31.389,3654.91,4596.22,56.2118,24.9342,3654.91,4596.22,56.2118,24.9342,-7.69636,1.10011e+17,4,A,126.40822,2.629585124,,,,,0.3005734305474944,0.0436460453706804,R,99999900.0,LLLVALLLALLFALLSTLILI,24647.111344744168,1468.7799024209255,25.72110227938713,0.0564416616417871,LLLVALLLALLFALLSTLILI,Mutant
LLLVALLLALLFALLSTLILI,LLLVALLAALLFALLSTLILI,Right,void,,,,,,,,,,,3666.91,4556.96,56.8072,87.1961,3654.91,4596.22,112.209,166.827,-7.69636,1.1e+17,7,L,42.3993,67.2833295,3579.7139,3488.083,91.6309,5.0,0.359124110204547,0.0278301558388115,R,99999900.0,LLLVALLLALLFALLSTLILI,25038.139158802463,1494.9718252038083,30.731485323701868,-0.0021090180152654736,LLLVALLLALLFALLSTLILI,Mutant
LLLVALLLALLFALLSTLILI,LLLVALLLALLAALLSTLILI,Right,void,,,,,,,,,,,3666.47,4457.19,55.1498,44.6292,3654.91,4596.22,157.825,137.735,-7.69636,1.1e+17,11,F,85.6386,34.25957911,3621.8408,3517.175,104.6658,5.0,0.3738551622155081,0.0478258667550618,R,99999900.0,LLLVALLLALLFALLSTLILI,25113.74830915976,1386.236258126482,31.99207211198432,-0.01684007002622656,LLLVALLLALLFALLSTLILI,Mutant
LLLYALLLSLLTALLVFLILI,LLLYALLLILLTALLVFLILI,Right,clash,29.3267,-279.584,63640100000.0,63640100000.0,-58.9741,-279.761,-357.42,4729.0,-49.8778,-18.6848,3910.41,4747.42,54.6476,5.53599,3906.28,4767.35,69.5978,5.67768,-7.23242,1.10011e+17,8,S,125.79361,4.215340639,,,,,0.1761615435351803,0.0783867496542708,R,99999900.0,LLLYALLLSLLTALLVFLILI,23876.103367258776,1204.898527831378,15.07474919093727,0.10142854118282188,LLLYALLLSLLTALLVFLILI,Mutant
LLLYALLLSLLTALLVFLILI,LLLYALLLSLLTILLVFLILI,Right,clash,29.2833,-281.615,5887530.0,5887220.0,-74.3109,-281.783,-370.304,4722.93,-55.0537,-14.2101,3906.28,4767.35,50.1705,25.58,3906.28,4767.35,50.1705,25.58,-7.23242,1.10011e+17,12,A,104.242,19.70390227,,,,,0.1845905045952083,0.1785665021434016,R,99999900.0,LLLYALLLSLLTALLVFLILI,23843.788446132578,1116.1089588377984,15.79604438039912,0.09299958012279388,LLLYALLLSLLTALLVFLILI,Mutant
LLLYALLLSLLTALLVFLILI,LLLYALLASLLTALLVFLILI,Right,void,,,,,,,,,,,3930.62,4713.68,54.1979,64.1774,3906.28,4767.35,112.882,134.697,-7.23242,1.1e+17,7,L,65.418,49.52135647,3866.4426,3771.583,94.8596,4.0,0.2462387731048246,0.0487541379645689,R,99999900.0,LLLYALLLSLLTALLVFLILI,24320.280312283416,1343.4657211418448,21.07149875703739,0.031351311613177585,LLLYALLLSLLTALLVFLILI,Mutant
LLLYALLLSLLTALLVFLILI,LLLYALLLSLLTALLVALILI,Right,void,,,,,,,,,,,3892.53,4665.87,42.9397,78.112,3906.28,4767.35,135.45,197.115,-7.23242,1.1e+17,16,F,51.3508,60.33547861,3814.418,3709.165,105.253,4.0,0.3288655310716144,0.028237400370476,R,99999900.0,LLLYALLLSLLTALLVFLILI,24838.4477381094,1448.8401972934148,28.142154632398103,-0.05127544635361225,LLLYALLLSLLTALLVFLILI,Mutant
LLLTVLLALLLAFLLSILILI,LLLTVLLILLLAFLLSILILI,Right,clash,30.8344,-281.446,6823780.0,6823480.0,-60.3188,-277.769,-379.46,4599.44,-45.0588,-41.3724,3727.9,4621.88,51.5221,10.1225,3727.9,4621.88,51.5221,10.1225,-7.1711,1.10011e+17,7,A,120.80602,7.263329848,,,,,0.2547680409282825,0.1092691420452998,R,99999900.0,LLLTVLLALLLAFLLSILILI,24363.504623506848,1066.6151736774482,21.801377541252755,0.09339625928138662,LLLTVLLALLLAFLLSILILI,Mutant
LLLTVLLALLLAFLLSILILI,LLLTVLLALLLIFLLSILILI,Right,clash,30.5529,-281.455,20959500.0,20959200.0,-60.3188,-277.801,-379.353,4608.43,-45.0588,-41.2337,3727.9,4621.88,52.1529,9.46178,3727.9,4621.88,52.1529,9.46178,-7.1711,1.10011e+17,11,A,120.80602,7.263329848,,,,,0.2655171062823424,0.0560071631679527,R,99999900.0,LLLTVLLALLLAFLLSILILI,24432.56238428774,1269.263901737254,22.721212035193176,0.08264719392732672,LLLTVLLALLLAFLLSILILI,Mutant
LLLTVLLALLLAFLLSILILI,LLLTVLLAALLAFLLSILILI,Right,void,,,,,,,,,,,3730.7,4578.13,59.3718,53.6392,3727.9,4621.88,112.394,105.536,-7.1711,1.1e+17,8,L,77.6904,40.84319148,3677.0608,3622.364,54.6968,4.0,0.3534432999539293,0.0591415683007155,R,99999900.0,LLLTVLLALLLAFLLSILILI,24983.68497020176,1296.2043074400494,30.245358851312822,-0.0052789997442602155,LLLTVLLALLLAFLLSILILI,Mutant
LLLTVLLALLLAFLLSILILI,LLLTVLLALLLAALLSILILI,Right,void,,,,,,,,,,,3751.73,4515.69,45.9311,83.1361,3727.9,4621.88,139.006,184.191,-7.1711,1.1e+17,12,F,46.6859,64.03852968,3668.5939,3543.709,124.8849,4.0,0.4525925614065865,0.0191847587648227,R,99999900.0,LLLTVLLALLLAFLLSILILI,25630.8363634401,1579.9926875905348,38.72990217939159,-0.1044282611969174,LLLTVLLALLLAFLLSILILI,Mutant
LLLYALLLTLLVALLSILILI,LLLYALLLTLLVILLSILILI,Right,clash,23.9472,-279.699,607740.0,607434.0,-74.2624,-280.747,-387.776,4690.15,-49.6282,-32.7665,3984.44,4739.08,43.7624,17.0543,3984.44,4739.08,43.7624,17.0543,-7.00533,1.10011e+17,12,A,112.7677,13.13667945,,,,,0.229512817612703,0.0345618559444944,R,99999900.0,LLLYALLLTLLVALLSILILI,24222.91701693145,1468.5125745163964,19.64020121636752,0.10228950880215607,LLLYALLLTLLVALLSILILI,Mutant
LLLYALLLTLLVALLSILILI,LLLYALLLILLVALLSILILI,Right,clash,23.9327,-276.489,9244910.0,9244610.0,-60.4869,-277.546,-375.716,4705.29,-45.127,-37.6828,3998.24,4715.2,49.2275,13.7218,3984.44,4739.08,78.1453,17.3088,-7.00533,1.10011e+17,8,T,117.6078,10.44836808,,,,,0.2717586381145876,0.0796104418560017,R,99999900.0,LLLYALLLTLLVALLSILILI,24459.546075101483,1133.6364937818037,23.255321381933538,0.06004368830027146,LLLYALLLTLLVALLSILILI,Mutant
LLLYALLLTLLVALLSILILI,LLLYALLATLLVALLSILILI,Right,void,,,,,,,,,,,3959.06,4627.32,59.6121,87.3262,3984.44,4739.08,131.105,182.886,-7.00533,1.1e+17,7,L,42.2692,67.38371887,3871.7338,3801.554,70.1798,5.0,0.3284326343563938,0.0560707146113871,R,99999900.0,LLLYALLLTLLVALLSILILI,24822.6448299916,1307.6284134102534,28.105110171521048,0.003369692058465268,LLLYALLLTLLVALLSILILI,Mutant
LLLYVLLFTLLAALLSLLILI,LLLYVLLFTLLAALLILLILI,Right,clash,26.0651,-277.344,1122370.0,1122070.0,-58.7947,-278.905,-358.737,4703.91,-49.5141,-21.0373,3985.62,4826.46,45.5324,11.7928,3982.59,4831.34,55.5256,18.887,-6.70548,1.10011e+17,15,S,117.9276,9.090937123,,,,,0.1727100827177338,0.0779891059171709,R,99999900.0,LLLYVLLFTLLAALLSLLILI,23852.945785581687,1193.6526456441618,14.779395817430055,0.10850368843859037,LLLYVLLFTLLAALLSLLILI,Mutant
LLLYVLLFTLLAALLSLLILI,LLLYVLLFILLAALLSLLILI,Right,clash,26.0343,-276.164,1122290.0,1122000.0,-60.3624,-277.93,-362.052,4690.66,-45.0059,-23.7592,3991.59,4807.0,53.3967,11.9664,3982.59,4831.34,78.9653,25.5106,-6.70548,1.10011e+17,8,T,119.3632,9.111731095,,,,,0.2195692852357927,0.0408996801443995,R,99999900.0,LLLYVLLFTLLAALLSLLILI,24140.03139449794,1313.5763014710808,18.789298949926195,0.06164448592053148,LLLYVLLFTLLAALLSLLILI,Mutant
LLLYVLLFTLLAALLSLLILI,LLLYVLLFTLLAALLSALILI,Right,void,,,,,,,,,,,3992.29,4783.78,45.2521,45.55,3982.59,4831.34,100.049,95.0461,-6.70548,1.1e+17,16,L,83.9128,35.18385204,3946.74,3887.5439,59.1961,5.0,0.2236636021650239,0.0571939823495967,R,99999900.0,LLLYVLLFTLLAALLSLLILI,24171.42877658317,1261.941090482365,19.13966373203338,0.05755016899130028,LLLYVLLFTLLAALLSLLILI,Mutant
LLLYVLLFTLLAALLSLLILI,LLLYVLLATLLAALLSLLILI,Right,void,,,,,,,,,,,3969.47,4686.61,55.9005,66.2591,3982.59,4831.34,155.524,171.347,-6.70548,1.1e+17,7,F,73.0502,43.73049252,3903.2109,3811.243,91.9679,5.0,0.309104850385964,0.0689891639799368,R,99999900.0,LLLYVLLATLLAFLLSLLILI,24693.71020681016,1234.199295127437,26.45116521892893,-0.027891079229639848,LLLYVLLFTLLAALLSLLILI,Mutant
LLLAYLLVLLLATLLSFLILI,LLLAALLVLLLATLLSFLILI,Right,void,,,,,,,,,,,3950.14,4635.85,43.4262,61.9157,3895.89,4767.13,147.746,156.071,-6.69186,1.1e+17,4,Y,76.5595,44.71248281,3888.2243,3739.819,148.4053,5.0,0.2385290786373516,0.0466955360431445,R,99999900.0,LLLAYLLVLLLATLLSFLILI,24263.390521186884,1302.217186713926,20.41175368383019,0.09801761290348951,LLLAYLLVLLLATLLSFLILI,Mutant
LLLAYLLVLLLATLLSFLILI,LLLAYLLVLLLITLLSFLILI,Right,clash,25.213,-278.327,1985350000.0,1985350000.0,-74.1234,-279.171,-371.871,4658.42,-51.6765,-18.5767,3895.89,4767.13,52.306,7.68639,3895.89,4767.13,52.306,7.68639,-6.69186,1.10011e+17,11,A,122.58141,5.90045276,,,,,0.2650251531932611,0.1174987074437567,R,99999900.0,LLLAYLLVLLLATLLSFLILI,24385.389384277103,1158.7272743252197,22.67911391727946,0.07152153834758002,LLLAYLLVLLLATLLSFLILI,Mutant
LLLAYLLVLLLATLLSFLILI,LLLAYLLILLLATLLSFLILI,Right,clash,25.2157,-275.735,4647520000.0,4647520000.0,-74.1234,-277.613,-369.272,4641.04,-51.5624,-17.5352,3904.59,4747.32,51.8608,5.39111,3895.89,4767.13,74.6726,11.082,-6.69186,1.10011e+17,7,V,124.20429,4.159954751,,,,,0.3487713698621346,0.0753427034976267,R,99999900.0,LLLAYLLVLLLATLLSFLILI,24939.05178431413,1294.6921657811572,29.84556572417476,-0.01222467832129348,LLLAYLLVLLLATLLSFLILI,Mutant
LLLAYLLVLLLATLLSFLILI,LLLAYLLVLLLATLLSALILI,Right,void,,,,,,,,,,,3794.29,4663.65,41.9566,80.6053,3895.89,4767.13,135.233,266.569,-6.69186,1.1e+17,16,F,48.8575,62.26136002,3713.6847,3629.321,84.3637,5.0,0.3684133507741012,0.0474162867941915,R,99999900.0,LLLAYLLVLLLATLLSFLILI,25085.764583858923,1370.5227644550157,31.526397589739908,-0.0318666592332601,LLLAYLLVLLLATLLSFLILI,Mutant
LLLYILLVFLLATLLSLLILI,LLLYILLVFLLITLLSLLILI,Right,clash,24.3279,-283.103,1281590.0,1281280.0,-74.1188,-285.128,-377.975,4740.93,-49.6019,-18.7283,4050.4,4840.51,50.6383,9.52438,4050.4,4840.51,50.6383,9.52438,-6.29517,1.10011e+17,11,A,120.74342,7.311384701,,,,,0.1412419829876565,0.1264394746912377,R,99999900.0,LLLYILLVFLLATLLSLLILI,23706.28443112285,1682.9811324738268,12.086562288461904,0.0770399064959473,LLLYILLVFLLATLLSLLILI,Mutant
LLLYILLVFLLATLLSLLILI,LLLYILLIFLLATLLSLLILI,Right,clash,24.2258,-280.497,122466.0,122161.0,-74.1188,-282.532,-374.124,4775.35,-49.6019,-17.4733,4069.06,4813.77,58.4582,18.017,4050.4,4840.51,86.9828,23.1917,-6.29517,1.10011e+17,7,V,111.5784,13.90249963,,,,,0.2524316907269278,0.1652616916249439,R,99999900.0,LLLYILLVFLLATLLSLLILI,24349.32083972765,958.3271809821985,21.601448018606494,-0.03414980124332398,LLLYILLVFLLATLLSLLILI,Mutant
LLLYILLVFLLATLLSLLILI,LLLYILLVALLATLLSLLILI,Right,void,,,,,,,,,,,4088.4,4710.74,47.4469,60.1261,4050.4,4840.51,145.523,150.361,-6.29517,1.1e+17,8,F,71.2035,45.78259585,4028.2739,3900.039,128.2349,4.0,0.3108410954763423,0.0900164392557058,R,99999900.0,LLLYILLVALLATLLTLLILI,24691.2658525002,1203.8460841456651,26.5997416831572,-0.09255920599273851,LLLYILLVFLLATLLSLLILI,Mutant
LLLYFLLAILLTVLLSLLILI,LLLYFLLAILLIVLLSLLILI,Right,clash,33.3103,-280.312,588157000.0,588156000.0,-60.4787,-281.768,-366.341,4745.47,-45.1245,-24.0947,3970.59,4679.49,52.9054,11.6735,3950.86,4707.42,83.3698,15.5211,-6.17801,1.10011e+17,11,T,118.5943,8.961155404,,,,,0.1793055137786127,0.07673615229811,R,99999900.0,LLLYFLLAILLTVLLSLLILI,23876.648443501672,1097.9739114693311,15.34378953840703,-0.009077902983132907,LLLYFLLAILLTVLLSLLILI,Mutant
LLLYFLLAILLTVLLSLLILI,LLLYFLLIILLTVLLSLLILI,Right,clash,33.7697,-283.504,371330000000.0,371330000000.0,-74.345,-285.002,-378.466,4728.74,-49.88,-19.1194,3950.86,4707.42,53.395,9.11801,3950.86,4707.42,53.395,9.11801,-6.17801,1.10011e+17,7,A,120.47739,7.035751269,,,,,0.2156071157222348,0.159324266606315,R,99999900.0,LLLYFLLAILLTVLLSLLILI,24129.938566913446,1083.3985027774977,18.45024247670146,-0.04537950492675499,LLLYFLLAILLTVLLSLLILI,Mutant
LLLYFLLAILLTVLLSLLILI,LLLYALLAILLTVLLSLLILI,Right,void,,,,,,,,,,,4012.11,4661.81,47.9111,60.718,3950.86,4707.42,116.469,106.94,-6.17801,1.1e+17,4,F,77.7572,43.8475626,3951.392,3843.92,107.472,4.0,0.2901686178553628,0.0572942228535136,R,99999900.0,LLLYFLLAILLTVLLSLLILI,24593.772629237053,1301.4735420450909,24.830726669790806,-0.119941007059883,LLLYFLLAILLTVLLSLLILI,Mutant
LLLYFLLAILLTVLLSLLILI,LLLAFLLAILLTVLLSLLILI,Right,void,,,,,,,,,,,3820.49,4523.99,56.8269,76.5171,3950.86,4707.42,175.958,290.056,-6.17801,1.1e+17,3,Y,93.2137,45.08144662,3743.9729,3660.804,83.1689,4.0,0.349428860503687,0.0333433355145439,R,99999900.0,LLLYFLLAILLTVLLSLLILI,24979.11300893373,1487.620165846006,29.901829459822665,-0.1792012497082072,LLLYFLLAILLTVLLSLLILI,Mutant
LLLLYLLIVLLATLLSFLILI,LLLLYLLIVLLITLLSFLILI,Right,clash,21.7654,-276.456,9561310.0,9561000.0,-74.1532,-282.157,-378.09,4657.87,-49.6435,-21.7794,3958.47,4793.59,48.3045,2.3093,3958.47,4793.59,48.3045,2.3093,-5.99972,1.10011e+17,11,A,127.9585,1.772732786,,,,,0.1937039367549742,0.1599977629340184,R,99999900.0,LLLLYLLIVLLATLLSFLILI,23929.89526247069,658.3485747250965,16.57591211611555,0.1076697395811281,LLLLYLLIVLLATLLSFLILI,Mutant
LLLLYLLIVLLATLLSFLILI,LLLLYLLIVLLATLLIFLILI,Right,clash,21.7657,-274.425,7621030.0,7620730.0,-58.8959,-281.732,-365.035,4686.86,-49.6435,-24.4064,3961.38,4789.62,43.8963,9.61522,3958.47,4793.59,54.3033,9.96979,-5.99972,1.10011e+17,15,S,120.10518,7.412265149,,,,,0.2634875099544569,0.0679410713149988,R,99999900.0,LLLLYLLIVLLATLLSFLILI,24449.52620907311,1489.7902455382016,22.54753249658485,0.03788616638164538,LLLLYLLIVLLATLLSFLILI,Mutant
LLLLYLLIVLLATLLSFLILI,LLLLYLLIVLLATLLSALILI,Right,void,,,,,,,,,,,3884.98,4692.91,41.501,83.3403,3958.47,4793.59,134.018,252.185,-5.99972,1.1e+17,16,F,46.1225,64.37393599,3801.6397,3706.285,95.3547,5.0,0.2706553041994496,0.0588735853691415,R,99999900.0,LLLLYLLIVLLATLLSFLILI,24500.817129226936,1619.029090299353,23.16090530387937,0.030718372136652683,LLLLYLLIVLLATLLSFLILI,Mutant
LLLLYLLIVLLATLLSFLILI,LLLLALLIVLLATLLSFLILI,Right,void,,,,,,,,,,,4002.89,4666.75,50.7808,61.6674,3958.47,4793.59,155.07,157.333,-5.99972,1.1e+17,4,Y,76.8078,44.53317273,3941.2226,3801.137,140.0856,5.0,0.3117103740860785,0.0442809296916036,R,99999900.0,LLLLYLLIVLLATLLSFLILI,24717.944630259462,1490.7705935782485,26.67412884369091,-0.010336697749976198,LLLLYLLIVLLATLLSFLILI,Mutant
LLLTYLLAVLLAILLFLLILI,LLLTYLLAVLLIILLFLLILI,Right,clash,26.0804,-283.184,664531000.0,664531000.0,-45.0281,-282.498,-355.956,4707.2,-48.6528,-28.4301,3856.46,4815.7,58.6425,21.8984,3856.46,4815.7,58.6425,21.8984,-5.53152,1.10011e+17,11,A,108.3694,16.81029387,,,,,0.1992679998182407,0.0478218798684257,R,99999900.0,LLLTYLLAVLLAILLFLLILI,24007.570537892498,1264.563364925843,17.052048130129016,0.1162043260976647,LLLTYLLAVLLAILLFLLILI,Mutant
LLLTYLLAVLLAILLFLLILI,LLLTYLLIVLLAILLFLLILI,Right,clash,26.4318,-283.17,665088000.0,665088000.0,-45.0281,-282.494,-358.637,4699.26,-48.7214,-31.1152,3856.46,4815.7,55.6557,6.56534,3856.46,4815.7,55.6557,6.56534,-5.53152,1.10011e+17,7,A,108.3694,16.81029387,,,,,0.2959818396273843,0.0940817996370123,R,99999900.0,LLLTYLLAVLLAILLFLLILI,24593.610457512743,1237.9219780022536,25.328184051498067,0.019490486288521125,LLLTYLLAVLLAILLFLLILI,Mutant
LLLTYLLAVLLAILLFLLILI,LLLTYLLAVLLAILLALLILI,Right,void,,,,,,,,,,,3919.88,4744.94,41.5034,45.5226,3856.46,4815.7,124.876,45.2573,-5.53152,1.1e+17,15,F,84.1978,35.09286126,3874.3574,3811.2027,63.1547,5.0,0.3292854941873401,0.0851001881131846,R,99999900.0,LLLTYLLAVLLAILLFLLILI,24822.139470153805,1139.4944826195806,28.17809232068105,-0.013813168271434695,LLLTYLLAVLLAILLFLLILI,Mutant
LLLTYLLAVLLAILLFLLILI,LLLTALLAVLLAILLFLLILI,Right,void,,,,,,,,,,,3912.14,4607.63,58.2482,77.9471,3856.46,4815.7,179.516,164.623,-5.53152,1.1e+17,4,Y,60.5281,56.28957387,3834.1929,3691.837,142.3559,5.0,0.4326215752863179,0.0268355596874329,R,99999900.0,LLLTYLLAVLLAILLFLLILI,25506.61515334844,1766.4567160303973,37.020916206533016,-0.11714924937041249,LLLTYLLAVLLAILLFLLILI,Mutant
