WTSequence,Sequence,Region,Mutant Type,CHARMM_IMM1,CHARMM_IMM1REF,CHARMM_VDW,Dimer,HBONDMonomer,IMM1Monomer,Monomer,MonomerSasa,SCWRL4_HBOND,VDWMonomer,Mutant_DimerSasa,Mutant_MonomerSasa,Mutant_Position_MonomerSasa,Mutant_Position_Sasa,WT_DimerSasa,WT_MonomerSasa,WT_Position_MonomerSasa,WT_Position_Sasa,Total,Interface,Position,WT_AA,SasaDifference,SasaPercDifference,Mutant_SASA_no_alanine,SASA_no_wt_position,DimerSasaDifference,Segment,PercentGpA_transformed,std_adjusted,Sample,LB-12H_M9-36H,wt_seq,Fluorescence,FluorStdDev,Percent GpA,Fluor Difference,WT Sequence,Type
LLLSYLLVLLLGALLGFLILI,LLLSALLVLLLGALLGFLILI,GAS,void,,,,,,,,,,,3264.83,3997.02,45.2229,74.2478,3224.86,4150.96,157.897,156.978,-45.7637,1.1e+17,4,Y,64.2274,53.61812079,3190.5822,3067.882,122.7002,0.0,0.086221176803397,0.0202215880981482,G,99999900.0,LLLSYLLVLLLGALLGFLILI,18339.80637462516,1770.1894927805388,10.590431650127048,0.586634392417572,LLLSYLLVLLLGALLGFLILI,Mutant
LLLSYLLVLLLGALLGFLILI,LLLSYLLVLLLGALLIFLILI,GAS,clash,9.13541,-259.472,20491400000.0,20491400000.0,-44.9973,-271.642,-344.178,4257.85,-53.5785,-27.5384,3223.32,4176.03,64.5264,13.8996,3224.86,4150.96,41.8551,12.5691,-45.7637,1.10011e+17,15,G,115.8208,10.71504559,,,,,0.2246696632982197,0.0026743208506756,G,20896141666566.67,LLLSYLLVLLLGALLAFLILI,19727.3287017166,1997.182987617518,33.36063662292524,0.4481859059227493,LLLSYLLVLLLGALLGFLILI,Mutant
LLLSYLLVLLLGALLGFLILI,LLLSYLLVLLLGALLGALILI,GAS,void,,,,,,,,,,,3140.67,4005.21,59.0,89.7523,3224.86,4150.96,158.415,253.803,-45.7637,1.1e+17,16,F,39.7105,69.32671007,3050.9177,2971.057,79.8607,0.0,0.8913511693920249,0.2714749020997808,G,19131316366201.285,LLLSYLLVLLLGALLGFLILI,24541.01002034209,598.0742742403787,159.51579185190013,-0.21849560017105585,LLLSYLLVLLLGALLGFLILI,Mutant
LLLYFLLGLLLGVLLGSLILI,LLLYFLLGLLLIVLLGSLILI,GAS,clash,25.3986,-263.495,2766980000.0,2766980000.0,-60.2835,-287.197,-366.772,4276.38,-55.8359,-19.2916,3147.71,4122.04,61.5755,0.0,3147.71,4104.3,41.1979,0.0,-40.0165,1.10011e+17,11,G,130.2678,0.0,,,,,0.2154390677756631,0.1289072813582645,G,-16.586768315590472,LLLYFLLGLLLGVLLGSLILI,18434.40891133948,1052.4227534893057,45.14484297704343,0.9174816475752935,LLLYFLLGLLLGVLLGSLILI,Mutant
LLLYFLLGLLLGVLLASLILI,LLLYFLLILLLGVLLASLILI,GAS,clash,27.7798,-262.164,1.55e+17,1.55e+17,-60.2828,-287.33,-370.272,4292.13,-54.1736,-22.659,3231.65,4132.74,58.1468,0.0,3231.65,4115.37,37.9682,0.0,-37.2871,1.10011e+17,7,G,129.5954,0.0,,,,,0.142954803528226,0.0220044758853834,G,-17.208196237489894,LLLYFLLGLLLGVLLASLILI,18716.86068947433,1528.8585169132614,23.340935552000467,0.8334116367793089,LLLYFLLGLLLGVLLASLILI,Mutant
LLLYFLLGLLLGVLLASLILI,LLLYALLGLLLGVLLASLILI,GAS,void,,,,,,,,,,,3261.23,4031.74,54.9409,45.6751,3231.65,4115.37,137.67,102.718,-37.2871,1.1e+17,4,F,92.8001,32.98431777,3215.5549,3128.932,86.6229,1.0,0.8368483444593027,0.091561490063082,G,19084990908990.9,LLLYFLLGLLLGVLLASLILI,23460.956791038767,1454.879997823063,132.75774261886087,0.13951809584823216,LLLYFLLGLLLGVLLASLILI,Mutant
LLLTLLLGILLGFLLSVLILI,LLLTLLLIILLGFLLSVLILI,GAS,clash,25.0871,-275.26,286640000.0,286640000.0,-60.2282,-276.173,-371.932,4637.59,-51.8436,-35.5306,3506.5,4620.29,58.7134,0.0,3506.5,4608.7,40.9476,0.0,-46.7576,1.10011e+17,7,G,129.5954,0.0,,,,,0.1945951744243155,0.0779586980794756,G,19142476078257.742,LLLTLLLGILLGFLLSVLILI,19041.91067403482,1211.6934343859225,36.7708449287944,1.0203202943871759,LLLTLLLGILLGFLLSVLILI,Mutant
LLLYFLLALLLGTLLGSLILI,LLLYFLLALLLITLLGSLILI,GAS,clash,19.6097,-263.913,160082000.0,160082000.0,-74.1108,-291.715,-382.272,4261.03,-55.1112,-16.4463,3282.68,4148.9,61.7986,0.0,3282.68,4129.9,40.9224,0.0,-33.9785,1.10011e+17,11,G,130.2678,0.0,,,,,0.1447295373705082,0.0824435735359742,G,99999900.0,LLLYFLLALLLGTLLGSLILI,18423.454333605423,1946.3880846766144,12.727115679826904,0.0625796717439226,LLLYFLLALLLGTLLGSLILI,Mutant
LLLYFLLALLLGTLLGSLILI,LLLYALLALLLGTLLGSLILI,GAS,void,,,,,,,,,,,3305.86,4038.49,52.5205,59.4776,3282.68,4129.9,140.93,128.705,-33.9785,1.1e+17,4,F,78.9976,42.95180653,3246.3824,3153.975,92.4074,0.0,0.1608559681285912,0.0091820114050444,G,-13.706176962832073,LLLYFLLALLLGTLLGSLILI,18607.74420777759,1455.1189438301387,24.64177155085701,0.04645324098583958,LLLYFLLALLLGTLLGSLILI,Mutant
LLLYFLLALLLGTLLGSLILI,LLLYFLLILLLGTLLGSLILI,GAS,clash,20.0342,-262.72,11796000.0,11795700.0,-74.1108,-291.817,-379.854,4242.46,-59.3838,-13.9265,3282.68,4129.9,55.0298,0.0,3282.68,4129.9,55.0298,0.0,-33.9785,1.10011e+17,7,A,129.5954,0.0,,,,,0.1762652594176794,0.1276866453868758,G,99999900.0,LLLYFLLALLLGTLLGSLILI,18888.670349336066,2263.677033684883,12.659976299529916,0.031043949696751394,LLLYFLLALLLGTLLGSLILI,Mutant
LLLYFLLALLLGTLLGSLILI,LLLAFLLALLLGTLLGSLILI,GAS,void,,,,,,,,,,,3111.73,3936.75,64.4669,99.3758,3282.68,4129.9,186.656,333.627,-33.9785,1.1e+17,3,Y,70.355,58.54906711,3012.3542,2949.053,63.3012,0.0,0.370963949191613,0.099016396995748,G,-33.79395071086718,LLLYFLLALLLGTLLGSLILI,20444.034367208213,1172.0250824750683,64.93334643203177,-0.16365474007718223,LLLYFLLALLLGTLLGSLILI,Mutant
LLLYVLLGILLGLLLSFLILI,LLLYVLLIILLGLLLSFLILI,GAS,clash,22.8823,-265.816,404512000.0,404512000.0,-60.3102,-285.531,-374.651,4265.86,-53.1185,-28.8092,3315.63,4210.94,61.655,0.0,3315.63,4190.15,40.7452,0.0,-33.5965,1.10011e+17,7,G,129.5954,0.0,,,,,0.1868264621429824,0.0090488295862097,G,99999900.0,LLLYVLLGILLGLLLSFLILI,19570.033893471547,2203.416499639556,26.567680201210813,2.0385602736291033,LLLYVLLGILLGLLLSFLILI,Mutant
LLLTFLLGVLLGLLLGSLILI,LLLTFLLGVLLILLLGSLILI,GAS,clash,27.2266,-265.48,246784000000.0,246784000000.0,-60.2321,-282.18,-376.744,4130.51,-52.5198,-34.3319,3087.52,4051.37,56.4231,0.0,3087.52,4035.01,36.1056,0.0,-32.3478,1.10011e+17,11,G,130.2678,0.0,,,,,0.1356113222815884,0.0381135641442506,G,-19.629514690395965,LLLTFLLGVLLGLLLGSLILI,18445.85611637063,1304.1263892667407,23.93690234342297,0.6352961449452725,LLLTFLLGVLLGLLLGSLILI,Mutant
LLLTFLLGVLLGLLLGSLILI,LLLTALLGVLLGLLLGSLILI,GAS,void,,,,,,,,,,,3127.14,3869.36,64.833,60.6958,3087.52,4035.01,167.333,125.934,-32.3478,1.1e+17,4,F,77.7794,43.83153084,3066.4442,2961.586,104.8582,1.0,1.0025097750807248,0.1815998754715102,G,-66.03936810023419,LLLTFLLGVLLGLLLGSLILI,25556.816128434304,1089.6238317865605,166.52588691753795,-0.23160230785386382,LLLTFLLGVLLGLLLGSLILI,Mutant
LLLSYLLTVLLGILLGLLILI,LLLSYLLTVLLIILLGLLILI,GAS,clash,12.5598,-266.404,2102800000.0,2102800000.0,-58.7344,-276.921,-375.096,4166.41,-56.6141,-39.441,3112.65,4070.24,62.556,0.0,3112.65,4046.37,40.522,0.0,-31.5567,1.10011e+17,11,G,130.2678,0.0,,,,,0.1758710099707001,0.0372659436940936,G,99999900.0,LLLSYLLTVLLGILLGLLILI,19077.50772377249,1560.17980743776,29.77681137550594,0.3922820895005568,LLLSYLLTVLLGILLGLLILI,Mutant
LLLSYLLTVLLGILLGLLILI,LLLSALLTVLLGILLGLLILI,GAS,void,,,,,,,,,,,3141.07,3875.91,50.9718,78.0749,3112.65,4046.37,167.682,169.877,-31.5567,1.1e+17,4,Y,60.4003,56.38186477,3062.9951,2942.773,120.2221,0.0,0.3847210064534441,0.1440299561227178,G,4417959436641.612,LLLSYLLTVLLGILLGLLILI,20175.28684442496,2416.311714303776,41.653025638923104,0.18343209301781283,LLLSYLLTVLLGILLGLLILI,Mutant
LLLSYLLTVLLGILLGLLILI,LLLSYLLTVLLGILLGALILI,GAS,void,,,,,,,,,,,3119.69,3998.33,56.1882,93.8466,3112.65,4046.37,111.689,151.605,-31.5567,1.1e+17,16,L,35.6162,72.48924015,3025.8434,2961.045,64.7984,0.0,0.4645863251827686,0.0148945578886829,G,99999900.0,LLLSYLLTVLLGILLGLLILI,21599.31123846542,1970.8161052105884,69.96028733266135,0.10356677428848832,LLLSYLLTVLLGILLGLLILI,Mutant
LLLAYLLGVLLGLLLGFLILI,LLLAYLLIVLLGLLLGFLILI,GAS,clash,13.5409,-259.458,8438030.0,8437730.0,-44.9046,-274.89,-345.359,4154.56,-54.3185,-25.5647,3179.43,4084.23,59.8771,2.52337,3180.94,4069.29,40.968,2.23284,-31.4568,1.10011e+17,7,G,127.07203,1.947113864,,,,,0.3320783433531183,0.284196379647322,G,99999900.0,LLLAYLLAVLLGLLLGFLILI,19820.434244088287,161.29759194740225,78.48848073420643,0.9057828671715538,LLLAYLLGVLLGLLLGFLILI,Mutant
LLLAYLLGVLLGLLLGFLILI,LLLAYLLGVLLGLLLGALILI,GAS,void,,,,,,,,,,,3110.48,3984.97,59.2053,115.671,3180.94,4069.29,142.766,270.617,-31.4568,1.1e+17,16,F,13.7918,89.34690119,2994.809,2910.323,84.486,0.0,0.922465953446529,0.1157188384998803,G,1115.1937682379803,LLLAYLLGVLLGLLLGFLILI,23802.956308585897,1741.0759795119452,147.8800413683687,0.315395257078143,LLLAYLLGVLLGLLLGFLILI,Mutant
LLLAYLLGVLLGLLLGFLILI,LLLAALLGVLLGLLLGFLILI,GAS,void,,,,,,,,,,,3172.59,3877.5,65.6065,70.0357,3180.94,4069.29,184.16,196.876,-31.4568,1.1e+17,4,Y,68.4395,50.57634869,3102.5543,2984.064,118.4903,0.0,1.1441534438250247,0.0764118227029697,G,-2.6071684320973074,LLLAYLLGVLLGLLLGFLILI,26543.94735928386,2398.2446476356386,160.5184355652335,0.09370776669964731,LLLAYLLGVLLGLLLGFLILI,Mutant
LLLSSLLFLLLGVLLGTLILI,LLLSSLLFLLLIVLLGTLILI,GAS,clash,21.2637,-274.797,2.07e+18,2.07e+18,-58.7727,-282.481,-377.721,4123.15,-57.1492,-36.4675,3099.43,4052.31,52.4978,3.54025,3100.72,4052.71,39.2964,2.59601,-31.0222,1.10011e+17,11,G,126.72755,2.717670829,,,,,0.1630740063229619,0.0236884041332564,G,-22.902829229253065,LLLSSLLFLLLGVLLGTLILI,19230.25558951825,2077.811000755009,21.54590106239676,0.06199896885256609,LLLSSLLFLLLGVLLGTLILI,Mutant
LLLSYLLGVLLGLLLGFLILI,LLLSYLLIVLLGLLLGFLILI,GAS,clash,32.2574,-281.344,101459000.0,101459000.0,-44.9456,-275.097,-341.434,4616.06,-53.7696,-21.3912,3602.99,4674.59,59.959,0.0,3602.99,4658.38,40.6461,0.0,-38.8868,1.10011e+17,7,G,129.5954,0.0,,,,,0.453728473719269,0.0113111152604086,G,4514920334643.839,LLLSYLLGVLLGLLLGFLILI,21316.66142654521,1791.7263031722775,67.9883805301867,0.5948687884685715,LLLSYLLGVLLGLLLGFLILI,Mutant
LLLSYLLGVLLGLLLGFLILI,LLLSYLLGVLLGALLGFLILI,GAS,void,,,,,,,,,,,3312.83,4088.39,62.3835,85.4622,3305.6,4141.24,117.569,132.039,-30.3415,1.1e+17,12,L,44.3598,65.83029071,3227.3678,3173.561,53.8068,1.0,0.7836168849569473,0.1937686025688013,G,5867.1620262375445,LLLSYLLGVLLGLLLGFLILI,23621.77422310276,779.3301471646988,135.56132960581948,0.2649803772308933,LLLSYLLGVLLGLLLGFLILI,Mutant
LLLSYLLGVLLGLLLGFLILI,LLLSYLLGVLLGLLLGALILI,GAS,void,,,,,,,,,,,3502.56,4557.08,44.9259,88.969,3602.99,4658.38,137.437,273.896,-38.8868,1.1e+17,16,F,40.4938,68.7216714,3413.591,3329.094,84.497,0.0,1.08152783800951,0.0197208537858173,G,1494.6337488926144,LLLSYLLGVLLGLLLGFLILI,26032.76312038334,1833.274092453183,161.30628099005136,-0.03293057582166936,LLLSYLLGVLLGLLLGFLILI,Mutant
LLLSYLLGVLLGLLLGFLILI,LLLSALLGVLLGLLLGFLILI,GAS,void,,,,,,,,,,,3651.88,4519.68,67.221,78.6592,3602.99,4658.38,171.027,174.857,-38.8868,1.1e+17,4,Y,59.816,56.80381758,3573.2208,3428.133,145.0878,0.0,1.1285766837364082,0.2468140876665563,G,-29.94590749791841,LLLSYLLGVLLGLLLGFLILI,26804.68824168955,1248.3130743051177,191.87911569751685,-0.07997942154856763,LLLSYLLGVLLGLLLGFLILI,Mutant
LLLTALLFLLLGLLLGSLILI,LLLTALLFLLLILLLGSLILI,GAS,clash,16.3889,-266.764,19774200000.0,19774200000.0,-60.3637,-283.227,-385.777,4141.91,-52.4037,-42.186,3082.88,4070.76,47.95,0.0,3082.88,4076.77,36.9662,0.0,-29.4405,1.10011e+17,11,G,130.2678,0.0,,,,,0.2500724985929212,0.0428713270772419,G,-34.017911394772945,LLLTALLFLLLGLLLGSLILI,19923.42355994821,2183.3654814843894,32.358936921943865,0.7027345125784001,LLLTALLFLLLGLLLGSLILI,Mutant
LLLTALLFLLLGLLLGSLILI,LLLTALLALLLGLLLGSLILI,GAS,void,,,,,,,,,,,3090.53,3915.97,59.2409,14.0373,3082.88,4076.77,160.063,87.1068,-29.4405,1.1e+17,7,F,115.5581,10.83163446,3076.4927,2995.7732,80.7195,1.0,0.8595639080094195,0.2062825690030908,G,-16.53399200792095,LLLTALLFLLLGLLLGSLILI,24410.64108393114,952.3108474340208,148.04734211212337,0.09324310316190187,LLLTALLFLLLGLLLGSLILI,Mutant
LLLYALLFLLLGTLLGSLILI,LLLYALLFLLLITLLGSLILI,GAS,clash,16.9791,-266.899,106405000000.0,106405000000.0,-74.1625,-290.335,-383.071,4207.94,-55.2367,-18.5732,3273.58,4219.6,47.4429,0.435802,3273.68,4227.06,37.8042,0.145267,-29.1246,1.10011e+17,11,G,129.831998,0.334543149,,,,,0.1260322177704762,0.0466198643163799,G,-10.312184646039482,LLLYALLFLLLGTLLGSLILI,18281.49270982877,1737.2280338431242,13.703940300261609,0.026918323758400586,LLLYALLFLLLGTLLGSLILI,Mutant
LLLYALLFLLLGTLLGSLILI,LLLYALLFLLLGTLLISLILI,GAS,clash,16.9802,-266.898,9265690.0,9265380.0,-74.1625,-281.697,-373.194,4254.69,-60.254,-17.3339,3273.97,4250.24,63.5894,4.40105,3273.68,4227.06,41.6488,4.2505,-29.1246,1.10011e+17,15,G,125.31935,3.392720035,,,,,0.2011832724273843,0.1984848144142155,G,99999900.0,LLLYALLFLLLGTLLGSLILI,19764.448084032472,1866.1487735899,50.29012674864671,-0.04823273089850749,LLLYALLFLLLGTLLGSLILI,Mutant
LLLYFLLGVLLGTLLGLLILI,LLLYFLLGVLLITLLGLLILI,GAS,clash,38.352,-268.07,560761000000.0,560761000000.0,-58.6992,-275.238,-350.346,4293.27,-55.5096,-16.4086,3274.57,4196.45,62.5679,0.0,3274.57,4173.53,40.5619,0.0,-28.7978,1.10011e+17,11,G,130.2678,0.0,,,,,0.2010444802750536,0.2050443963424928,G,-3.938102292765773,LLLYFLLGVLLGTLLGLLILI,18867.637907275344,436.1676041536499,50.95267448932257,0.8533998648338689,LLLYFLLGVLLGTLLGLLILI,Mutant
LLLYFLLGVLLGTLLGLLILI,LLLYFLLIVLLGTLLGLLILI,GAS,clash,40.0417,-267.99,561449000000.0,561449000000.0,-58.6992,-274.949,-350.801,4272.06,-55.5394,-17.1536,3274.57,4185.71,57.5896,0.0,3274.57,4173.53,40.1499,0.0,-28.7978,1.10011e+17,7,G,129.5954,0.0,,,,,0.220770509368858,0.1428080157799699,G,10836474877056.531,LLLYFLLGVLLGTLLGLLILI,19244.76064887124,2366.244362794503,17.638851480606174,0.8336738357400645,LLLYFLLGVLLGTLLGLLILI,Mutant
LLLYFLLGVLLGTLLGLLILI,LLLYALLGVLLGTLLGLLILI,GAS,void,,,,,,,,,,,3303.83,4009.95,65.9063,65.9294,3274.57,4173.53,167.177,147.607,-28.7978,1.1e+17,4,F,72.5458,47.61098016,3237.9006,3126.963,110.9376,0.0,0.3153897633223062,0.1272671443284485,G,3.4143118983889984,LLLYFLLGVLLGTLLGLLILI,19374.448929188587,958.6873109183944,59.69162386319109,0.7390545817866163,LLLYFLLGVLLGTLLGLLILI,Mutant
LLLTFLLAVLLGILLGLLILI,LLLTFLLAVLLIILLGLLILI,GAS,clash,17.4667,-262.726,223277000.0,223277000.0,-44.9923,-273.271,-361.678,4168.3,-52.0124,-43.4148,3119.63,4053.58,61.9683,0.0,3119.63,4033.1,40.9406,0.0,-28.6534,1.10011e+17,11,G,130.2678,0.0,,,,,0.139014173677174,0.1477294500237242,G,15133545619754.172,LLLTFLLAVLLGILLGLLILI,18381.323475304936,685.3288033106616,35.85118780100508,0.40747529913862673,LLLTFLLAVLLGILLGLLILI,Mutant
LLLTFLLAVLLGILLGLLILI,LLLTFLLAVLLGILLILLILI,GAS,clash,17.4705,-262.726,239315000.0,239315000.0,-44.9923,-268.977,-356.888,4192.05,-54.5074,-42.9191,3119.63,4051.26,59.132,0.0,3119.63,4033.1,39.1601,0.0,-28.6534,1.10011e+17,15,G,129.7204,0.0,,,,,0.2915841766063621,0.063829313111774,G,-50.97639388293472,LLLTFLLAVLLGILLGLLILI,19346.22591851036,1202.6287672435778,49.581139717860296,0.25490529620943864,LLLTFLLAVLLGILLGLLILI,Mutant
LLLSYLLILLLGTLLAFLILI,LLLSALLILLLGTLLAFLILI,GAS,void,,,,,,,,,,,3416.23,4085.24,42.8953,45.945,3410.57,4225.88,153.52,166.294,-27.8576,1.1e+17,4,Y,92.5302,33.17922632,3370.285,3244.276,126.009,1.0,0.2274476066532466,0.0987821907869272,G,99999900.0,LLLSYLLILLLGTLLAFLILI,18917.00042721584,952.440616717363,43.77644896055932,0.0793439401010686,LLLSYLLILLLGTLLAFLILI,Mutant
LLLSYLLILLLGTLLAFLILI,LLLSYLLILLLITLLAFLILI,GAS,clash,15.7663,-271.894,1155070000.0,1155070000.0,-58.7724,-281.86,-369.708,4237.32,-49.5098,-29.0747,3410.56,4238.48,54.277,0.435802,3410.57,4225.88,36.3919,0.145267,-27.8576,1.10011e+17,11,G,129.831998,0.334543149,,,,,0.2472208452668102,0.0124023777464786,G,-62.50088019168844,LLLSYLLILLLGTLLAFLILI,19293.50413291261,1611.6597715541593,35.1114677614998,0.059570701487504985,LLLSYLLILLLGTLLAFLILI,Mutant
LLLYFLLGALLGILLSLLILI,LLLYFLLGALLIILLSLLILI,GAS,clash,25.0976,-262.78,1351780000000.0,1351780000000.0,-60.3266,-279.32,-364.85,4315.11,-52.1229,-25.2036,3303.6,4172.06,60.2409,0.0663661,3303.6,4147.31,37.3979,0.0663661,-26.9479,1.10011e+17,11,G,130.2014339,0.050945898,,,,,0.2151955185609007,0.0506132262138426,G,99999900.0,LLLYFLLGALLGILLSLLILI,19853.77718785411,2093.5131008426392,36.95699240352185,0.8472958419723671,LLLYFLLGALLGILLSLLILI,Mutant
LLLYFLLGALLGILLSLLILI,LLLYALLGALLGILLSLLILI,GAS,void,,,,,,,,,,,3344.01,4015.78,66.2216,51.2359,3303.6,4147.31,161.241,120.625,-26.9479,1.1e+17,4,F,87.2393,37.00005488,3292.7741,3182.975,109.7991,1.0,0.4201190959918189,0.0369659219084989,G,14214856477885.469,LLLYFLLGALLGILLSLLILI,21569.25290643729,2284.264164802009,65.71064498437134,0.6423722645414489,LLLYFLLGALLGILLSLLILI,Mutant
LLLYFLLGALLGILLSLLILI,LLLAFLLGALLGILLSLLILI,GAS,void,,,,,,,,,,,3178.35,3958.03,68.7896,66.6984,3303.6,4147.31,189.605,278.53,-26.9479,1.1e+17,3,Y,103.0324,39.29658023,3111.6516,3025.07,86.5816,1.0,1.298933157363363,0.2088669536980251,G,12305273997751.465,LLLTFLLGALLGILLSLLILI,27423.09447435405,856.7248424411785,213.01272536822177,-0.23644179683009514,LLLYFLLGALLGILLSLLILI,Mutant
LLLAYLLGVLLGLLLGSLILI,LLLAYLLGVLLILLLGSLILI,GAS,clash,13.3868,-255.607,813337000.0,813336000.0,-60.2742,-283.607,-379.384,4107.45,-50.0366,-35.5025,3153.68,4027.68,59.1019,0.0,3153.68,4008.56,38.3093,0.0,-26.7388,1.10011e+17,11,G,130.2678,0.0,,,,,0.3681552854469838,0.1069488323647283,G,99999900.0,LLLAYLLGVLLGLLLGSLILI,19476.36188732685,1430.1842285363202,65.34570229520402,0.6908739841385345,LLLAYLLGVLLGLLLGSLILI,Mutant
LLLAYLLGVLLGLLLGSLILI,LLLAYLLGVLLGALLGSLILI,GAS,void,,,,,,,,,,,3158.83,3952.63,58.1961,62.6175,3153.68,4008.56,114.355,107.556,-26.7388,1.1e+17,12,L,67.2045,48.23335028,3096.2125,3046.124,50.0885,1.0,1.1113984801089174,0.107963861094281,G,4204.798463628979,LLLAYLLGVLLGLLLGSLILI,26502.71725561405,1523.088660106119,174.89255169168885,-0.052369210523399046,LLLAYLLGVLLGLLLGSLILI,Mutant
LLLSYLLGVLLGTLLGFLILI,LLLSYLLGVLLITLLGFLILI,GAS,clash,14.9851,-264.285,1540160000.0,1540160000.0,-58.6887,-276.236,-348.969,4154.86,-54.7134,-14.0439,3327.28,4144.66,63.368,0.0,3327.28,4123.37,42.0652,0.0,-26.5145,1.10011e+17,11,G,130.2678,0.0,,,,,0.1479016766421916,0.0438370905020702,G,11875725009207.9,LLLSYLLGVLLGTLLGFLILI,18490.11348250668,1738.3282797156485,17.213919858275542,0.5690540248516146,LLLSYLLGVLLGTLLGFLILI,Mutant
LLLSYLLGVLLGTLLGFLILI,LLLSALLGVLLGTLLGFLILI,GAS,void,,,,,,,,,,,3355.23,3931.0,65.9003,100.136,3327.28,4123.37,184.251,218.788,-26.5145,1.1e+17,4,Y,38.3392,72.31330953,3255.094,3108.492,146.602,1.0,0.648984333583065,0.1041988392369127,G,101.41264687687416,LLLSYLLGVLLGTLLGFLILI,23032.78618313841,1637.4081711995134,106.41092249679188,0.06797136791074121,LLLSYLLGVLLGTLLGFLILI,Mutant
LLLSYLLGVLLGLLLATLILI,LLLSYLLGVLLILLLATLILI,GAS,clash,14.8439,-262.325,6093740000.0,6093740000.0,-58.7839,-281.928,-376.522,4150.2,-55.4772,-35.8101,3203.07,4064.87,54.849,0.0,3203.07,4047.62,34.6202,0.0,-26.2402,1.10011e+17,11,G,130.2678,0.0,,,,,0.1457093451854992,0.0246731979958924,G,-62.80138911811009,LLLSYLLGVLLGLLLATLILI,18408.06463317581,1618.5340456511033,18.88645044393285,0.9680928414470427,LLLSYLLGVLLGLLLATLILI,Mutant
LLLSYLLGVLLGLLLATLILI,LLLSYLLIVLLGLLLATLILI,GAS,clash,15.6761,-262.288,34161700.0,34161400.0,-58.7839,-281.922,-376.728,4142.27,-56.2312,-36.0228,3203.15,4063.34,60.1152,0.217901,3203.07,4047.62,40.8023,0.0726336,-26.2402,1.10011e+17,7,G,109.9687,15.22636378,,,,,0.4472642730332496,0.1092463474871914,G,6328832413389.887,LLLSYLLGVLLGLLLATLILI,20758.06052530059,997.7092188095254,77.23356974380515,0.6665379135992922,LLLSYLLGVLLGLLLATLILI,Mutant
LLLSYLLGVLLGLLLATLILI,LLLSALLGVLLGLLLATLILI,GAS,void,,,,,,,,,,,3222.17,3857.07,66.1298,67.3124,3203.07,4047.62,184.435,172.656,-26.2402,1.1e+17,4,Y,71.1628,48.60971495,3154.8576,3030.414,124.4436,0.0,1.0143805302832325,0.0443487722017888,G,10928301569177.572,LLLSYLLGVLLGLLLATLILI,25956.00051794292,1987.2166760749703,153.983228490633,0.09942165634930933,LLLSYLLGVLLGLLLATLILI,Mutant
LLLSYLLGVLLGLLLATLILI,LLLSYLLGVLLGALLATLILI,GAS,void,,,,,,,,,,,3214.53,3998.96,51.7548,77.6348,3203.07,4047.62,106.981,125.795,-26.2402,1.1e+17,12,L,52.1872,59.80095824,3136.8952,3077.275,59.6202,0.0,1.1105237900934544,0.0172575719344233,G,6056.4321811338605,LLLSYLLGVLLGLLLATLILI,26240.6352261489,2045.5206114885807,161.72568141002728,0.003278396539087458,LLLSYLLGVLLGLLLATLILI,Mutant
LLLTYLLAVLLGLLLGFLILI,LLLTYLLAVLLILLLGFLILI,GAS,clash,15.7759,-267.195,1340600000.0,1340600000.0,-44.9568,-279.129,-353.108,4215.71,-49.8673,-29.0223,3232.9,4181.8,58.4393,0.0,3232.9,4163.93,38.5117,0.0,-25.681,1.10011e+17,11,G,130.2678,0.0,,,,,0.1813243906079967,0.1759740687347596,G,99999900.0,LLLTYLLAVLLGLLLGFLILI,18742.10992330561,585.6428255043121,45.02212158540512,0.7818034329430024,LLLTYLLAVLLGLLLGFLILI,Mutant
LLLTYLLAVLLGLLLGFLILI,LLLIYLLAVLLGLLLGFLILI,GAS,clash,19.1097,-255.738,225.435,-65.0178,-44.9568,-274.486,-344.594,4170.9,-53.8243,-25.1509,3237.22,4140.85,63.658,41.6357,3232.9,4163.93,90.4624,82.6711,-25.681,1.10011e+17,3,T,127.07203,1.947113864,,,,,0.4846151316686211,0.1624363153893337,G,99999900.0,LLLAYLLAVLLGLLLGFLILI,21587.619808373795,1239.7133820319364,88.27156071979036,0.47851269188237794,LLLTYLLAVLLGLLLGFLILI,Mutant
LLLTYLLAVLLGLLLGFLILI,LLLTYLLAVLLGLLLGALILI,GAS,void,,,,,,,,,,,3168.06,4019.49,59.3219,112.016,3232.9,4163.93,158.106,260.831,-25.681,1.1e+17,16,F,17.4468,86.52369638,3056.044,2972.069,83.975,1.0,0.686910058210074,0.2965240629713372,G,-58.63267915958696,LLLTYLLAVLLGLLLGFLILI,23018.835918376903,755.047976816052,132.02034448405684,0.276217765340925,LLLTYLLAVLLGLLLGFLILI,Mutant
LLLYILLGLLLGTLLAFLILI,LLLYILLILLLGTLLAFLILI,GAS,clash,13.6537,-265.228,43793.7,43485.2,-58.718,-278.604,-361.152,4293.4,-56.9037,-23.8302,3497.89,4254.05,59.0402,7.91085,3498.87,4235.61,38.3911,6.33904,-25.5412,1.10011e+17,7,G,121.68455,6.10426759,,,,,0.196946555746502,0.2493413953671407,G,99999900.0,LLLYILLGLLLGTLLAFLILI,19149.59346400945,856.3507256263814,54.96147278040255,0.06576739393009179,LLLYILLGLLLGTLLAFLILI,Mutant
LLLYILLGLLLGTLLAFLILI,LLLYILLGLLLITLLAFLILI,GAS,clash,13.1859,-265.243,4768290000000.0,4768290000000.0,-58.718,-278.573,-360.843,4287.96,-52.8201,-23.5523,3497.7,4255.34,57.5556,1.88847,3498.87,4235.61,36.6695,1.38004,-25.5412,1.10011e+17,11,G,128.37933,1.449682884,,,,,0.2484019060788292,0.2696120642665519,G,99999900.0,LLLYILLGLLLGTLLAFLILI,19635.83896404212,989.6693610383916,64.64876146766677,0.014312043597764584,LLLYILLGLLLGTLLAFLILI,Mutant
LLLYILLGLLLGTLLAFLILI,LLLYALLGLLLGTLLAFLILI,GAS,void,,,,,,,,,,,3537.57,4193.75,57.7392,52.4285,3498.87,4235.61,108.796,98.3619,-25.5412,1.1e+17,4,I,86.0467,37.86129213,3485.1415,3400.5081,84.6334,0.0,0.2959665488647935,0.1676554699412458,G,-17.75572581860803,LLLYALLVLLLGTLLAFLILI,20316.871544902915,1563.030968686333,61.03683035199351,-0.03325259918819973,LLLYILLGLLLGTLLAFLILI,Mutant
LLLYILLGLLLGTLLAFLILI,LLLAILLGLLLGTLLAFLILI,GAS,void,,,,,,,,,,,3321.46,4043.08,67.386,87.6884,3498.87,4235.61,189.36,324.654,-25.5412,1.1e+17,3,Y,82.0424,51.663222,3233.7716,3174.216,59.5556,0.0,0.7092222934070321,0.0943688058569604,G,-41.07384251341388,LLLYILLGLLLGTLLAFLILI,22802.81824394098,1205.546427883816,114.25734443692708,-0.44650834373043835,LLLYILLGLLLGTLLAFLILI,Mutant
LLLTYLLAFLLGVLLGLLILI,LLLTYLLAFLLIVLLGLLILI,GAS,clash,19.9353,-271.824,1713820000.0,1713820000.0,-44.9207,-276.855,-350.746,4238.63,-50.175,-28.9705,3103.61,4115.29,57.3363,0.0,3103.61,4104.06,40.5062,0.0,-25.4978,1.10011e+17,11,G,130.2678,0.0,,,,,0.2825552487212721,0.094239525758736,G,-82.13191782695034,LLLTYLLAFLLGVLLGLLILI,19522.034176907247,1025.07897893149,51.41796280867897,0.5806014240421566,LLLTYLLAFLLGVLLGLLILI,Mutant
LLLTYLLAFLLGVLLGLLILI,LLLTYLLAFLLGVLLILLILI,GAS,clash,19.9318,-271.824,1132230000.0,1132230000.0,-44.9207,-271.9,-345.073,4256.15,-54.6171,-28.2524,3103.57,4123.0,59.4889,0.0,3103.61,4104.06,38.9914,0.0389564,-25.4978,1.10011e+17,15,G,129.7204,0.0,,,,,0.4529674555044548,0.28178008351754,G,20155873716385.79,LLLTYLLAFLLGVLLGLLILI,20640.960956346844,114.39218144093644,96.03759034056714,0.410189217258974,LLLTYLLAFLLGVLLGLLILI,Mutant
LLLTYLLAFLLGVLLGLLILI,LLLTYLLAALLGVLLGLLILI,GAS,void,,,,,,,,,,,3147.19,3948.94,64.2668,57.1813,3103.61,4104.06,163.428,118.063,-25.4978,1.1e+17,8,F,74.1483,43.54029861,3090.0087,2985.547,104.4617,1.0,0.4868885228964899,0.0903073403222011,G,99999900.0,LLLTYLLAFLLGVLLGLLILI,22739.880659245184,3556.0228940197526,62.290607115346816,0.3762681498669389,LLLTYLLAFLLGVLLGLLILI,Mutant
LLLYALLALLLGTLLGFLILI,LLLYALLAALLGTLLGFLILI,GAS,void,,,,,,,,,,,3438.73,4086.53,61.0827,47.9451,3424.51,4181.23,130.505,93.03,-25.481,1.1e+17,8,L,83.3845,36.5074591,3390.7849,3331.48,59.3049,1.0,0.0991731740437088,0.0043498375977361,G,-29.21615766074968,LLLYALLALLLGTLLGFLILI,19491.91352135488,3042.4865531380347,14.150157887935377,0.060389435231756786,LLLYALLALLLGTLLGFLILI,Mutant
LLLYALLALLLGTLLGFLILI,LLLYALLALLLITLLGFLILI,GAS,clash,15.4348,-264.93,3.73e+17,3.73e+17,-58.7826,-277.381,-356.6,4226.3,-54.7864,-20.4365,3424.39,4200.95,61.5596,0.145267,3424.51,4181.23,40.5547,0.0,-25.481,1.10011e+17,11,G,130.122533,0.111514127,,,,,0.1103608398346397,0.0071142125724179,G,-7.153612776843802,LLLYALLALLLGTLLGFLILI,18500.300463332307,1690.6525277336125,15.509693538593035,0.04920176944082588,LLLYALLALLLGTLLGFLILI,Mutant
LLLYALLALLLGTLLGFLILI,LLLAALLALLLGTLLGFLILI,GAS,void,,,,,,,,,,,3245.28,3984.28,65.2461,107.551,3424.51,4181.23,187.631,343.215,-25.481,1.1e+17,3,Y,62.1798,63.36563547,3137.729,3081.295,56.434,1.0,0.2224038614302222,0.0378408977106803,G,-10.158602355627258,LLLYALLALLLGTLLGFLILI,19143.39707236867,1344.8725008885096,36.68855065093344,-0.06284125215475661,LLLYALLALLLGTLLGFLILI,Mutant
LLLSYLLFVLLGILLALLILI,LLLSYLLFVLLIILLALLILI,GAS,clash,17.7505,-272.195,1915570000.0,1915570000.0,-44.9887,-278.967,-359.798,4243.6,-46.2805,-35.842,3186.06,4199.88,49.0151,0.0663661,3186.06,4198.61,35.3218,0.0663661,-25.4259,1.10011e+17,11,G,130.2014339,0.050945898,,,,,0.197610107099647,0.0708019033581343,G,19288746153746.164,LLLSYLLFVLLGILLALLILI,18903.971401534585,1139.4847644406682,36.46962159529945,0.31689283572881566,LLLSYLLFVLLGILLALLILI,Mutant
LLLSYLLFVLLGILLALLILI,LLLSALLFVLLGILLALLILI,GAS,void,,,,,,,,,,,3234.14,4053.56,52.4439,71.5924,3186.06,4198.61,159.987,149.207,-25.4259,1.1e+17,4,Y,66.8828,51.7005211,3162.5476,3036.853,125.6946,1.0,0.4063193123846883,0.2103551591967797,G,20737682418120.88,LLLSYLLFVLLGILLALLILI,25437.14274971849,9002.144143524334,37.92754583073504,0.10818363044377433,LLLSYLLFVLLGILLALLILI,Mutant
LLLSYLLFVLLGILLALLILI,LLLSYLLAVLLGILLALLILI,GAS,void,,,,,,,,,,,3197.1,4038.45,59.9478,28.32,3186.06,4198.61,160.708,97.2252,-25.4259,1.1e+17,7,F,101.2754,21.85262749,3168.78,3088.8348,79.9452,1.0,0.9557739294294862,0.0426109163922254,G,4578820671048.455,LLLSYLLFVLLGILLALLILI,24419.81092823471,1767.0963378834238,145.17257078995198,-0.4412709866010236,LLLSYLLFVLLGILLALLILI,Mutant
LLLSYLLGVLLGLLLAFLILI,LLLSYLLGVLLILLLAFLILI,GAS,clash,14.0774,-263.643,306766000.0,306765000.0,-44.9369,-275.878,-349.913,4191.37,-50.4089,-29.0981,3312.97,4177.0,55.2521,0.0,3312.97,4156.42,34.0111,0.0,-25.3616,1.10011e+17,11,G,130.2678,0.0,,,,,0.2180882552958821,0.0378800156570665,G,22452663636263.64,LLLSYLLGVLLGLLLAFLILI,19109.423334630024,1343.0415522248531,36.05715871947351,0.9066820593457123,LLLSYLLGVLLGLLLAFLILI,Mutant
LLLSYLLGVLLGLLLAFLILI,LLLSYLLIVLLGLLLAFLILI,GAS,clash,14.7783,-263.613,107549000.0,107548000.0,-44.9369,-276.116,-350.34,4180.3,-50.8982,-29.2867,3312.55,4174.04,60.5932,0.217901,3312.97,4156.42,40.6438,0.363168,-25.3616,1.10011e+17,7,G,129.377499,0.168139456,,,,,0.392789943216607,0.2242324292741408,G,99999900.0,LLLSYLLGVLLGLLLAFLILI,21093.273819440103,1508.6490707239975,81.18469455153223,0.7319803714249874,LLLSYLLGVLLGLLLAFLILI,Mutant
LLLSYLLGVLLGLLLAFLILI,LLLSYLLGVLLGALLAFLILI,GAS,void,,,,,,,,,,,3324.15,4104.89,56.2882,88.8947,3312.97,4156.42,112.399,137.591,-25.3616,1.1e+17,12,L,40.9273,68.47429557,3235.2553,3175.379,59.8763,1.0,1.011664436905556,0.2146610823536841,G,9392.049050140387,LLLSYLLGVLLGLLLAFLILI,25256.30974995781,666.3132138503346,171.31623134613895,0.11310587773603831,LLLSYLLGVLLGLLLAFLILI,Mutant
LLLSYLLGVLLGLLLAFLILI,LLLSALLGVLLGLLLAFLILI,GAS,void,,,,,,,,,,,3346.13,3992.47,59.48,65.4373,3312.97,4156.42,169.258,148.712,-25.3616,1.1e+17,4,Y,73.0379,47.25560967,3280.6927,3164.258,116.4347,1.0,1.2538510433276682,0.2069756881052559,G,-90.54978780832768,LLLSYLLGVLLGLLLAFLILI,27518.82443429082,1015.4310028035048,206.17754990092112,-0.1290807286860738,LLLSYLLGVLLGLLLAFLILI,Mutant
LLLSYLLGLLLGFLLSTLILI,LLLSYLLGLLLIFLLSTLILI,GAS,clash,21.796,-275.627,61687100000.0,61687100000.0,-74.0925,-295.235,-389.54,4174.96,-56.6465,-20.2129,3301.58,4199.42,54.4165,3.1769,3302.37,4181.2,33.4567,3.28321,-25.2886,1.10011e+17,11,G,127.0909,2.438745415,,,,,0.1783936297090886,0.0800163323526711,G,14356514465091.098,LLLSYLLGLLLGFLLSTLILI,19539.903691394527,2515.095154785603,17.936814753951964,0.7904344785096175,LLLSYLLGLLLGFLLSTLILI,Mutant
LLLSYLLGLLLGFLLSTLILI,LLLSYLLILLLGFLLSTLILI,GAS,clash,23.3638,-275.544,1872410000.0,1872410000.0,-74.0925,-295.1,-388.821,4181.17,-53.3896,-19.6284,3302.37,4192.0,55.4088,0.0,3302.37,4181.2,38.0124,0.0,-25.2886,1.10011e+17,7,G,129.5954,0.0,,,,,0.5976002471776863,0.0050623217389247,G,10279135128229.846,LLLSYLLGLLLGFLLSTLILI,22645.088151135107,2037.068040286511,88.52260366223138,0.3712278610410197,LLLSYLLGLLLGFLLSTLILI,Mutant
LLLTILLALLLGFLLGSLILI,LLLTILLALLLIFLLGSLILI,GAS,clash,16.0333,-264.347,644162000000000.0,644162000000000.0,-60.2535,-288.889,-391.361,4094.05,-50.0416,-42.2186,3148.74,4083.84,60.1089,0.653703,3149.38,4067.52,40.55,0.726336,-25.1796,1.10011e+17,11,G,129.614097,0.501814723,,,,,0.2138073406847792,0.0155919659079434,G,22452663636263.64,LLLTILLALLLGFLLGSLILI,18937.520896654773,1597.4778970941372,29.8592915856283,0.5868686226731676,LLLTILLALLLGFLLGSLILI,Mutant
LLLTILLALLLGFLLGSLILI,LLLTILLALLLGFLLISLILI,GAS,clash,16.0362,-264.347,45011600.0,45011300.0,-60.2535,-277.921,-379.043,4137.86,-54.493,-40.8685,3149.38,4079.83,58.5397,2.3466,3149.38,4067.52,40.8205,2.3466,-25.1796,1.10011e+17,15,G,127.3738,1.808967595,,,,,0.2555782576534763,0.0815526056423284,G,-37.85584175235404,LLLTILLALLLGFLLGSLILI,19655.91689097617,2115.9357082023384,29.14214925253761,0.5450977057044705,LLLTILLALLLGFLLGSLILI,Mutant
LLLTILLALLLGFLLGSLILI,LLLTILLALLLGALLGSLILI,GAS,void,,,,,,,,,,,3146.17,3921.41,58.6698,57.3165,3149.38,4067.52,159.059,163.14,-25.1796,1.1e+17,12,F,72.5055,44.15006701,3088.8535,2986.24,102.6135,0.0,0.3547885647023184,0.010547349570401,G,-99.99936895759336,LLLTILLALLLGFLLGSLILI,20337.916814755983,1726.2386109948895,51.143758218609015,0.4458873986556284,LLLTILLALLLGFLLGSLILI,Mutant
LLLTILLALLLGFLLGSLILI,LLLTALLALLLGFLLGSLILI,GAS,void,,,,,,,,,,,3179.64,4005.25,64.6935,58.8041,3149.38,4067.52,120.078,112.09,-25.1796,1.1e+17,4,I,79.6711,42.46543785,3120.8359,3037.29,83.5459,0.0,0.9124611816973064,0.1440446098697201,G,-80.18187263666556,LLLTILLALLLGFLLGSLILI,24961.093862202822,1349.8594314497377,149.35614095407527,-0.11178521833935962,LLLTILLALLLGFLLGSLILI,Mutant
LLLSSLLALLLGTLLGFLILI,LLLSSLLALLLGTLLIFLILI,GAS,clash,16.0315,-267.505,5209270000.0,5209270000.0,-58.7549,-267.333,-361.773,4111.19,-61.618,-35.6853,3210.54,4028.43,63.2969,9.87288,3211.37,4006.18,41.9667,9.89072,-24.8316,1.10011e+17,15,G,119.84752,7.61089235,,,,,0.2072638959485717,0.1663636321627873,G,99999900.0,LLLSSLLALLLGTLLGFLILI,19117.34844666416,2483.498967758784,13.197413818722042,-0.0517971208129111,LLLSSLLALLLGTLLGFLILI,Mutant
LLLSSLLALLLGTLLGFLILI,LLLSSLLALLLITLLGFLILI,GAS,clash,16.0253,-267.505,1.36e+18,1.36e+18,-58.7549,-273.409,-368.021,4078.57,-57.038,-35.8572,3211.17,4025.54,61.0848,0.786435,3211.37,4006.18,40.4556,0.713801,-24.8316,1.10011e+17,11,G,129.481365,0.603706365,,,,,0.2308029767857081,0.0288408170264613,G,99999900.0,LLLSSLLALLLGTLLGFLILI,19022.426551288445,1678.04376478841,30.98239477492009,-0.07533620165004751,LLLSSLLALLLGTLLGFLILI,Mutant
LLLSSLLALLLGTLLGFLILI,LLLSSLLALLLGTLLGALILI,GAS,void,,,,,,,,,,,3066.33,3859.62,56.8069,108.647,3211.37,4006.18,155.739,306.206,-24.8316,1.1e+17,16,F,20.8158,83.92140445,2957.683,2905.164,52.519,0.0,0.252618003674713,0.0444685603706286,G,20.82758019840791,LLLSSLLALLLGTLLGFLILI,19747.11951565546,2010.914527751221,32.56745360146379,-0.09715122853905239,LLLSSLLALLLGTLLGFLILI,Mutant
LLLSSLLALLLGTLLGFLILI,LLLSSLLAALLGTLLGFLILI,GAS,void,,,,,,,,,,,3215.13,3936.52,59.6195,50.3604,3211.37,4006.18,120.081,101.229,-24.8316,1.1e+17,8,L,80.9692,38.34657229,3164.7696,3110.141,54.6286,0.0,0.3913367914353782,0.0689188085826085,G,-30.428852384012977,LLLSSLLALLLGTLLGFLILI,22035.90828436079,3265.5957393034537,64.79944390512792,-0.2358700162997176,LLLSSLLALLLGTLLGFLILI,Mutant
LLLALLLGLLLGTLLGFLILI,LLLALLLGLLLITLLGFLILI,GAS,clash,15.9911,-259.858,1607890000000000.0,1607890000000000.0,-58.691,-272.75,-367.382,4144.8,-53.6794,-35.9409,3197.43,4022.59,61.7392,1.59794,3198.4,4002.16,40.6679,1.0895,-24.8153,1.10011e+17,11,G,128.66986,1.226657701,,,,,0.1996777001056271,0.0056583871474026,G,15.431725760701491,LLLALLLGLLLGTLLGFLILI,19068.922756003463,1619.295603059295,28.81301421391577,0.7319360294437957,LLLALLLGLLLGTLLGFLILI,Mutant
LLLALLLGLLLGTLLGFLILI,LLLALLLGLLLGTLLIFLILI,GAS,clash,15.9921,-259.857,1066410000.0,1066410000.0,-58.691,-266.083,-360.777,4158.02,-57.8149,-36.0027,3196.51,4021.42,61.069,8.54922,3198.4,4002.16,40.5652,8.88503,-24.8153,1.10011e+17,15,G,121.17118,6.590497717,,,,,0.3305395390017049,0.002561791236376,G,42.89706177158635,LLLALLLGLLLGTLLGFLILI,20318.784358201032,1775.822800404692,48.938060376072826,0.6010741905477179,LLLALLLGLLLGTLLGFLILI,Mutant
LLLAGLLFLLLGTLLGSLILI,LLLAGLLFLLLGALLGSLILI,GAS,void,,,,,,,,,,,3144.55,3964.71,60.7012,54.8417,3134.12,3994.87,89.5256,83.2877,-23.3464,1.1e+17,12,T,74.9803,42.24376454,3089.7083,3050.8323,38.876,0.0,0.1745516004022978,0.0719495040881725,G,87.38534394959304,LLLAGLLFLLLGTLLGSLILI,19128.14642674106,1486.9500939318143,33.19378814743495,0.03336451362272419,LLLAGLLFLLLGTLLGSLILI,Mutant
LLLAGLLFLLLGTLLGSLILI,LLLAGLLFLLLGTLLISLILI,GAS,clash,13.1616,-255.81,5858630000.0,5858630000.0,-74.1241,-273.688,-374.991,4092.3,-59.2401,-27.1794,3134.08,4016.78,63.3276,2.0312,3134.12,3994.87,41.9413,2.07015,-23.3464,1.10011e+17,15,G,127.6892,1.565829276,,,,,0.2150366959980396,0.1109060046507881,G,10.778775822161233,LLLAGLLFLLLGTLLGSLILI,19745.03293711041,1781.2769822225905,43.21129893955138,-0.007120581973017598,LLLAGLLFLLLGTLLGSLILI,Mutant
LLLAGLLFLLLGTLLGSLILI,LLLAGLLFLLLITLLGSLILI,GAS,clash,13.1597,-255.81,136510000.0,136510000.0,-74.1241,-281.855,-384.407,4038.1,-56.044,-28.4284,3134.12,3993.64,52.4962,0.0,3134.12,3994.87,39.6319,0.0,-23.3464,1.10011e+17,11,G,130.2678,0.0,,,,,0.2797278643391794,0.1965225826570134,G,2.956478701493894,LLLAGLLFLLLGTLLGSLILI,20135.4221473099,2892.4022422489784,20.727442750785567,-0.0718117503141574,LLLAGLLFLLLGTLLGSLILI,Mutant
LLLAGLLFLLLGTLLGSLILI,LLLAGLLFALLGTLLGSLILI,GAS,void,,,,,,,,,,,3140.19,3933.14,56.655,23.1832,3134.12,3994.87,115.449,89.2012,-23.3464,1.1e+17,8,L,108.1464,17.65268454,3117.0068,3044.9188,72.088,0.0,0.3025483922733155,0.0176341968739742,G,70.96892571874115,LLLAGLLFLLLGTLLGSLILI,20358.50270377036,1972.6851597946347,46.38575766036487,-0.09463227824829348,LLLAGLLFLLLGTLLGSLILI,Mutant
LLLTFLLGVLLGILLALLILI,LLLTFLLIVLLGILLALLILI,GAS,clash,27.2608,-273.16,914842.0,914542.0,-44.9728,-274.953,-358.227,4643.7,-53.8183,-38.3011,3598.8,4647.61,55.1574,0.0,3598.8,4641.86,40.3579,0.0,-30.3332,1.10011e+17,7,G,129.5954,0.0,,,,,0.4665196064419508,0.2950283982815481,G,19043943133453.742,LLLTFLLGVLLGILLALLILI,20726.691378366384,155.0102577089761,99.41253557264072,0.6879743729436207,LLLTFLLGVLLGILLALLILI,Mutant
LLLTALLFLLLGYLLGSLILI,LLLTALLFLLLGYLLISLILI,GAS,clash,16.4379,-268.957,6058340.0,6058030.0,-60.326,-280.29,-367.167,4142.67,-58.1195,-26.551,3174.16,4192.66,60.8303,8.18466,3174.58,4176.7,41.3995,7.83405,-22.501,1.10011e+17,15,G,121.53574,6.309462506,,,,,0.1284431602132082,0.0653962534147955,G,99999900.0,LLLTALLFLLLGYLLGSLILI,18844.658726068752,1602.7607790293291,25.72208151703536,1.0221836762940606,LLLTALLFLLLGYLLGSLILI,Mutant
LLLTALLFLLLGYLLGSLILI,LLLTALLFLLLIYLLGSLILI,GAS,clash,16.439,-268.957,619887000000.0,619887000000.0,-60.326,-286.589,-374.044,4096.43,-53.4858,-27.1288,3173.63,4175.59,51.9778,1.67057,3174.58,4176.7,39.1287,1.16214,-22.501,1.10011e+17,11,G,128.59723,1.282412077,,,,,0.2781344724135393,0.0602504849051843,G,99999900.0,LLLTALLFLLLGYLLGSLILI,19757.717450699773,1366.138801758956,47.2280679232573,0.8724923640937294,LLLTALLFLLLGYLLGSLILI,Mutant
LLLTALLFLLLGYLLGSLILI,LLLTALLFLLLGALLGSLILI,GAS,void,,,,,,,,,,,3198.29,4015.03,60.4341,56.2911,3174.58,4176.7,168.324,143.562,-22.501,1.1e+17,12,Y,73.5309,43.3602163,3141.9989,3031.018,110.9809,0.0,0.6142265791436732,0.2152238539561381,G,-38.74943747685138,LLLTALLFLLLGYLLGSLILI,22414.5435334619,821.6359080779156,112.852849118018,0.5364002573635955,LLLTALLFLLLGYLLGSLILI,Mutant
LLLTALLFLLLGYLLGSLILI,LLLTALLALLLGYLLGSLILI,GAS,void,,,,,,,,,,,3179.87,4017.01,57.2829,16.7406,3174.58,4176.7,157.321,84.9675,-22.501,1.1e+17,7,F,112.8548,12.91758812,3163.1294,3089.6125,73.5169,0.0,0.9382592401258004,0.0393179716372605,G,5160378872291.127,LLLTFLLALLLGYLLGSLILI,25116.955744613857,2185.634905759948,134.0631179482641,0.2123675963814683,LLLTALLFLLLGYLLGSLILI,Mutant
LLLSYLLGLLLGVLLGTLILI,LLLSYLLGLLLIVLLGTLILI,GAS,clash,27.9771,-276.919,2210320000.0,2210320000.0,-58.7086,-269.051,-355.074,4621.33,-52.0192,-27.314,3499.07,4612.81,61.3975,0.0617526,3499.07,4593.65,40.6346,0.0617526,-28.5286,1.10011e+17,11,G,130.2060474,0.047404347,,,,,0.2137196029995891,0.0013021457053715,G,99999900.0,LLLSYLLGLLLGVLLGTLILI,18651.053364812826,1562.825858511973,31.334230534140907,0.9250882941651812,LLLSYLLGLLLGVLLGTLILI,Mutant
LLLSYLLGLLLGVLLGTLILI,LLLSYLLGALLGVLLGTLILI,GAS,void,,,,,,,,,,,3519.88,4530.66,64.77,58.6701,3499.07,4593.65,122.826,103.147,-28.5286,1.1e+17,8,L,72.6595,44.67393489,3461.2099,3395.923,65.2869,1.0,0.5879937212557689,0.1983737571291652,G,-99.99196056181049,LLLSYLLGLLLGVLLGTLILI,23245.878652115847,2530.0250690143034,107.2356755320951,0.5508141759090015,LLLSYLLGLLLGVLLGTLILI,Mutant
LLLSYLLGLLLGVLLGTLILI,LLLSALLGLLLGVLLGTLILI,GAS,void,,,,,,,,,,,3551.26,4444.94,53.0508,65.2521,3499.07,4593.65,158.17,140.525,-28.5286,1.1e+17,4,Y,73.2231,47.12186731,3486.0079,3358.545,127.4629,1.0,0.9925380806307303,0.2101210340136718,G,368.2328767044221,LLLSYLLGLLLGVLLGTLILI,25862.39224409241,1529.2832139990594,168.02720081423047,0.14626981653404003,LLLSYLLGLLLGVLLGTLILI,Mutant
LLLSYLLFLLLGVLLGSLILI,LLLSYLLFLLLIVLLGSLILI,GAS,clash,14.7152,-266.864,434178000.0,434178000.0,-60.3605,-290.815,-377.575,4183.02,-47.638,-26.3997,3185.34,4134.02,52.3746,0.290534,3185.58,4135.28,39.4981,0.217901,-22.471,1.10011e+17,11,G,129.977266,0.223028254,,,,,0.2114732047987708,0.1132311914953959,G,99999900.0,LLLSYLLFLLLGVLLGSLILI,19284.842115816296,2251.996341932316,19.3493840911194,0.5074964175391787,LLLSYLLFLLLGVLLGSLILI,Mutant
LLLSYLLFLLLGVLLGSLILI,LLLSYLLILLLGVLLGSLILI,GAS,clash,13.6069,-260.813,11969600000.0,11969600000.0,-60.3605,-285.137,-381.413,4118.17,-50.5104,-35.916,3205.27,3981.0,57.3419,15.3577,3185.58,4135.28,156.833,43.1039,-22.471,1.10011e+17,7,F,114.2377,11.85049778,,,,,0.7351689867823936,0.2249781884020863,G,16465286666566.662,LLLSYLLFLLLGVLLGSLILI,24190.884743786904,3531.4365865097016,84.82749081393945,-0.01619936444444403,LLLSYLLFLLLGVLLGSLILI,Mutant
LLLSYLLGLLLGTLLGFLILI,LLLSYLLGLLLITLLGFLILI,GAS,clash,13.8867,-264.674,1062200000000.0,1062200000000.0,-58.7496,-277.681,-355.335,4182.43,-54.9764,-18.9051,3313.94,4170.16,61.2259,0.0,3313.94,4151.1,40.7234,0.0,-22.2715,1.10011e+17,11,G,130.2678,0.0,,,,,0.1834243305031621,0.0008949925663627,G,99999900.0,LLLSYLLGLLLGTLLGFLILI,18843.70508365699,1530.8860331547107,27.10207491591812,0.7248688380506555,LLLSYLLGLLLGTLLGFLILI,Mutant
LLLSYLLGLLLGTLLGFLILI,LLLSYLLILLLGTLLGFLILI,GAS,clash,14.5869,-264.633,163568000.0,163568000.0,-58.7496,-277.548,-355.49,4180.01,-58.2406,-19.1919,3312.41,4162.93,56.1233,3.47557,3313.94,4151.1,38.482,3.5502,-22.2715,1.10011e+17,7,G,126.11983,2.681862165,,,,,0.458996097827765,0.0657971723554618,G,99999900.0,LLLSYLLGLLLGTLLGFLILI,24180.594308168227,6069.086787437666,60.73550216498712,0.44929707072605257,LLLSYLLGLLLGTLLGFLILI,Mutant
LLLSYLLGLLLGTLLGFLILI,LLLSYLLGALLGTLLGFLILI,GAS,void,,,,,,,,,,,3340.5,4065.76,61.1779,47.9273,3313.94,4151.1,127.687,93.9539,-22.2715,1.1e+17,8,L,83.4023,36.49390541,3292.5727,3219.9861,72.5866,0.0,0.6450681866627239,0.1180005797712126,G,907.3678428159722,LLLSYLLGLLLGTLLGFLILI,23446.24634897095,3007.547455310578,82.69884139324238,0.26322498189109367,LLLSYLLGLLLGTLLGFLILI,Mutant
LLLSYLLGLLLGTLLGFLILI,LLLSALLGLLLGTLLGFLILI,GAS,void,,,,,,,,,,,3341.32,3972.2,57.6091,93.2471,3313.94,4151.1,173.545,218.725,-22.2715,1.1e+17,4,Y,45.2281,67.33848371,3248.0729,3095.215,152.8579,0.0,0.8231602089664967,0.1423198612746206,G,138.36296826121094,LLLSYLLGLLLGTLLGFLILI,23869.629981677,1014.4283320460466,136.02715936962122,0.08513295958732092,LLLSYLLGLLLGTLLGFLILI,Mutant
LLLTSLLLGLLFALLAYLILI,LLLTSLLLGLLFALLIYLILI,GAS,clash,15.639,-271.411,1320050000.0,1320050000.0,-44.9453,-272.443,-348.344,4172.3,-49.5986,-30.9557,3232.71,4199.12,55.4942,4.42807,3232.71,4199.12,55.4942,4.42807,-21.9286,1.10011e+17,15,A,128.78401,0.799548613,,,,,0.1136444440306409,0.0125241022003567,G,-4.734873224535471,LLLTSLLLGLLFALLAYLILI,18352.980359801026,1472.975685157962,18.03794227962897,0.024670581633069497,LLLTSLLLGLLFALLAYLILI,Mutant
LLLTSLLLGLLFALLAYLILI,LLLTSLLLGLLFILLAYLILI,GAS,clash,15.6362,-271.411,29467.5,29162.6,-44.9453,-279.549,-351.221,4202.96,-49.1971,-26.727,3232.71,4199.12,41.1589,1.03799,3232.71,4199.12,41.1589,1.03799,-21.9286,1.10011e+17,12,A,128.78401,0.799548613,,,,,0.1699368116175544,0.0063772949132524,G,4.579610239930554,LLLTSLLLGLLFALLAYLILI,18352.784050515464,1477.9729273610535,25.686881209946304,-0.03162178595384399,LLLTSLLLGLLFALLAYLILI,Mutant
LLLTSLLLGLLFALLAYLILI,LLLTSLLLGLLFALLAALILI,GAS,void,,,,,,,,,,,3228.33,4034.3,58.2142,90.763,3232.71,4199.12,169.413,214.811,-21.9286,1.1e+17,16,Y,38.6998,70.10739765,3137.567,3017.899,119.668,0.0,0.2441356407137107,0.0153444316522492,G,2.6314535712163205,LLLTSLLLGLLFALLAYLILI,18965.650193495185,1456.362320149564,37.546179015892726,-0.10582061505000029,LLLTSLLLGLLFALLAYLILI,Mutant
LLLTSLLLGLLFALLAYLILI,LLLTSLLLGLLAALLAYLILI,GAS,void,,,,,,,,,,,3251.47,4035.89,59.1538,39.1064,3232.71,4199.12,163.84,115.805,-21.9286,1.1e+17,11,F,91.1614,30.02000494,3212.3636,3116.905,95.4586,0.0,0.3998326656112847,0.0412924855878845,G,-10.015669025505634,LLLTSLLLGLLFALLAYLILI,19766.83073107989,2121.6953534363297,54.575229441948736,-0.2615176399475743,LLLTSLLLGLLFALLAYLILI,Mutant
LLLYILLTLLLGALLAFLILI,LLLYILLILLLGALLAFLILI,GAS,clash,14.8553,-260.612,1898.1,1600.74,-44.9563,-275.501,-349.517,4295.06,-51.6043,-29.0606,3522.67,4209.28,58.7887,18.8726,3511.14,4245.13,88.631,34.5718,-21.875,1.10011e+17,7,T,110.7228,14.56270824,,,,,0.1397920255618187,0.0328367131610763,G,-25.311357682682544,LLLYILLTLLLGALLAFLILI,18375.07191660873,1663.688311842135,17.165149856894534,0.0559914846380917,LLLYILLTLLLGALLAFLILI,Mutant
LLLYILLTLLLGALLAFLILI,LLLYILLTLLLGALLAALILI,GAS,void,,,,,,,,,,,3422.09,4100.56,58.648,95.0315,3511.14,4245.13,157.242,262.743,-21.875,1.1e+17,16,F,34.4313,73.40448376,3327.0585,3248.397,78.6615,1.0,0.1809954744033146,0.0011152215585854,G,527.9141960423888,LLLYILLTLLLGALLAFLILI,18904.70917866466,1579.5115100095231,26.5351266300192,0.014788035796595794,LLLYILLTLLLGALLAFLILI,Mutant
LLLSSLLALLLGVLLGTLILI,LLLSSLLALLLGVLLITLILI,GAS,clash,15.8,-264.781,8106350.0,8106050.0,-58.7566,-269.538,-377.215,4066.29,-59.5072,-48.9203,3082.89,3917.34,63.7661,6.59767,3082.63,3894.77,41.9608,6.44712,-21.5114,1.10011e+17,15,G,123.12273,5.086069732,,,,,0.1530120486947499,0.0144790229800967,G,-16.59538802903968,LLLSSLLALLLGVLLGTLILI,18879.33561827564,1772.7242124113347,21.02317880509298,0.45192543905542415,LLLSSLLALLLGVLLGTLILI,Mutant
LLLSSLLALLLGVLLGTLILI,LLLSSLLALLLIVLLGTLILI,GAS,clash,15.7931,-264.781,257011000000.0,257011000000.0,-58.7566,-278.09,-386.495,4031.71,-54.967,-49.6482,3081.85,3914.84,61.6814,0.931702,3082.63,3894.77,40.6937,0.4959,-21.5114,1.10011e+17,11,G,129.336098,0.715220492,,,,,0.1711192928687361,0.0001977236283199,G,-31.266195968928244,LLLSSLLALLLGVLLGTLILI,19077.87140716721,1760.5793898492857,25.17640746640204,0.433818194881438,LLLSSLLALLLGVLLGTLILI,Mutant
LLLSSLLALLLGVLLGTLILI,LLLSSLLAALLGVLLGTLILI,GAS,void,,,,,,,,,,,3103.16,3826.02,63.5484,50.7504,3082.63,3894.77,124.013,90.6565,-21.5114,1.1e+17,8,L,80.5792,38.64353504,3052.4096,2991.9735,60.4361,0.0,0.2235566249985142,0.0404594012937342,G,-3.916680988678027,LLLSSLLALLLGVLLGTLILI,20382.408025228706,2804.765727932752,37.13093189516312,0.3813808627516599,LLLSSLLALLLGVLLGTLILI,Mutant
LLLSSLLALLLGVLLGTLILI,LLLSSLLALLLGALLGTLILI,GAS,void,,,,,,,,,,,3093.04,3875.44,59.6371,67.437,3082.63,3894.77,84.3711,101.176,-21.5114,1.1e+17,12,V,62.385,51.94574109,3025.603,2981.454,44.149,0.0,0.2479252404671736,0.0080814979744382,G,-29.695460818939427,LLLSSLLALLLGVLLGTLILI,19851.49343332801,1979.4595159606777,35.66507926207429,0.3570122472830005,LLLSSLLALLLGVLLGTLILI,Mutant
LLLYSLLALLLGTLLGFLILI,LLLASLLALLLGTLLGFLILI,GAS,void,,,,,,,,,,,3229.74,3991.86,65.1209,91.5937,3405.39,4186.92,186.982,324.375,-21.3296,1.1e+17,3,Y,78.1371,53.9641008,3138.1463,3081.015,57.1313,0.0,0.0906366265531921,0.0381643362039566,G,14547395941850.855,LLLYSLLALLLGTLLGFLILI,18241.74723962181,1767.369218437658,9.372396790252346,0.020837005746413895,LLLYSLLALLLGTLLGFLILI,Mutant
LLLYSLLALLLGTLLGFLILI,LLLYSLLALLLITLLGFLILI,GAS,clash,17.5119,-268.802,7.24e+16,7.24e+16,-58.7271,-277.961,-357.91,4255.67,-54.2178,-21.2218,3405.02,4205.87,61.3519,0.508435,3405.39,4186.92,40.9297,0.363168,-21.3296,1.10011e+17,11,G,129.759365,0.390299829,,,,,0.0914148178814888,0.0047866000640341,G,99999900.0,LLLYSLLALLLGTLLGFLILI,18075.89025401279,1456.3178680459455,13.95904173295103,0.020058814418117202,LLLYSLLALLLGTLLGFLILI,Mutant
LLLYSLLALLLGTLLGFLILI,LLLYSLLILLLGTLLGFLILI,GAS,clash,18.0255,-267.597,22244600000.0,22244600000.0,-58.7271,-276.669,-353.695,4246.39,-58.9298,-18.2995,3405.39,4186.92,59.5305,11.3001,3405.39,4186.92,59.5305,11.3001,-21.3296,1.10011e+17,7,A,118.2953,8.719522452,,,,,0.188748402785385,0.0221195370025374,G,14671085681889.254,LLLYSLLALLLGTLLGFLILI,19215.85587763832,1864.6237168036664,25.489758393772043,-0.07727477048577899,LLLYSLLALLLGTLLGFLILI,Mutant
LLLYSLLALLLGTLLGFLILI,LLLYSLLAALLGTLLGFLILI,GAS,void,,,,,,,,,,,3432.32,4114.94,58.6647,45.8915,3405.39,4186.92,119.971,81.5046,-21.3296,1.1e+17,8,L,85.4381,34.94375982,3386.4285,3323.8854,62.5431,0.0,0.1988983375698897,0.038036566174996,G,-35.64511191161851,LLLYSLLALLLGTLLGFLILI,20134.3281061478,2728.2079136951543,33.24777943944514,-0.0874247052702837,LLLYSLLALLLGTLLGFLILI,Mutant
LLLYVLLTLLLGALLAFLILI,LLLYVLLTLLLIALLAFLILI,GAS,clash,12.6297,-263.711,3610280000000.0,3610280000000.0,-58.7433,-278.13,-360.793,4286.03,-51.5438,-23.92,3477.45,4226.79,54.817,10.2454,3479.66,4213.02,36.4572,7.41267,-21.2603,1.10011e+17,11,G,120.0224,7.86487528,,,,,0.1903921869038997,0.041000194653804,G,-99.99942965575364,LLLYVLLTLLLGALLAFLILI,17894.82407505787,1848.122461951106,32.30383815835385,0.1070168944185903,LLLYVLLTLLLGALLAFLILI,Mutant
LLLYVLLTLLLGALLAFLILI,LLLYVLLTALLGALLAFLILI,GAS,void,,,,,,,,,,,3484.54,4168.29,59.6828,29.5556,3479.66,4213.02,113.054,78.7345,-21.2603,1.1e+17,8,L,101.774,22.50490369,3454.9844,3400.9255,54.0589,1.0,0.2528227500481078,0.0770115441241268,G,50.685931097313066,LLLYVLLTLLLGALLAFLILI,19954.764134118886,2342.290899938918,29.20922191877841,0.04458633127438222,LLLYVLLTLLLGALLAFLILI,Mutant
LLLSYLLGVLLGLLLGTLILI,LLLSYLLGVLLILLLGTLILI,GAS,clash,15.2381,-262.306,826111000000.0,826111000000.0,-58.7288,-283.369,-374.872,4138.59,-56.1204,-32.7744,3170.45,4014.65,58.7791,0.0,3170.45,3995.88,38.2651,0.0,-20.7472,1.10011e+17,11,G,130.2678,0.0,,,,,0.1853988927494001,0.0634230606543615,G,-44.001851962067725,LLLSYLLGVLLGLLLGTLILI,18901.546279923023,1896.2675129141664,20.696020442009385,0.8228294023708109,LLLSYLLGVLLGLLLGTLILI,Mutant
LLLSYLLGVLLGLLLGTLILI,LLLSYLLGVLLGALLGTLILI,GAS,void,,,,,,,,,,,3183.54,3944.35,57.8837,94.9746,3170.45,3995.88,112.838,145.695,-20.7472,1.1e+17,12,L,34.8474,73.15755419,3088.5654,3024.755,63.8104,0.0,0.840109218493786,0.0708495027081767,G,7902.981023921964,LLLSYLLGVLLGLLLGTLILI,24521.82017267372,1775.1400341301232,131.08136506003933,0.1681190766264251,LLLSYLLGVLLGLLLGTLILI,Mutant
LLLSYLLGVLLGLLLGTLILI,LLLSALLGVLLGLLLGTLILI,GAS,void,,,,,,,,,,,3189.67,3836.56,66.1751,68.0308,3170.45,3995.88,178.349,174.1,-20.7472,1.1e+17,4,Y,70.4444,49.12850821,3121.6392,2996.35,125.2892,0.0,1.1652104751629486,0.1518257261023994,G,-12.457099641466382,LLLSYLLGVLLGLLLGTLILI,27457.30576106796,2014.7939638564,187.38317065803264,-0.15698218004273756,LLLSYLLGVLLGLLLGTLILI,Mutant
LLLTFLLGLLLGVLLGSLILI,LLLTFLLILLLGVLLGSLILI,GAS,clash,31.0609,-266.276,107928000.0,107928000.0,-60.2824,-285.345,-380.369,4112.5,-48.703,-34.742,3142.85,3998.68,56.345,0.0,3142.85,3990.3,39.9231,0.0,-20.6302,1.10011e+17,7,G,129.5954,0.0,,,,,0.2451885878518876,0.0879722836571098,G,22795790908990.91,LLLTFLLGLLLGVLLGSLILI,19172.79601503535,2021.4453131129264,26.94387207948428,1.2701297267493648,LLLTFLLGLLLGVLLGSLILI,Mutant
LLLVLLLTGLLFALLAYLILI,LLLVLLLTGLLFILLAYLILI,GAS,clash,16.1417,-262.909,89977.4,89680.7,-58.7499,-280.623,-358.081,4254.96,-49.9579,-18.7081,3211.96,4238.01,41.0351,1.06438,3211.96,4238.01,41.0351,1.06438,-20.5014,1.10011e+17,12,A,128.75762,0.819876446,,,,,0.118068760365539,0.063620583913739,G,-99.99963095372294,LLLVLLLTGLLFALLAYLILI,17769.07068920045,1925.373103549356,10.761218757179805,0.0882437537815355,LLLVLLLTGLLFALLAYLILI,Mutant
LLLVLLLTGLLFALLAYLILI,LLLVLLLTGLLFALLIYLILI,GAS,clash,16.1446,-262.909,431511000.0,431511000.0,-58.7499,-273.004,-354.714,4222.9,-50.4027,-22.9601,3211.96,4238.01,55.2011,5.23232,3211.96,4238.01,55.2011,5.23232,-20.5014,1.10011e+17,15,A,128.75762,0.819876446,,,,,0.1301989640229693,0.0318818757920404,G,-18.80997653593904,LLLVLLLTGLLFALLAYLILI,18631.78271621863,1492.366860769544,22.491098457714,0.0761135501241052,LLLVLLLTGLLFALLAYLILI,Mutant
LLLVLLLTGLLFALLAYLILI,LLLVLLLTGLLAALLAYLILI,GAS,void,,,,,,,,,,,3230.82,4075.61,57.3173,34.6673,3211.96,4238.01,161.45,111.037,-20.5014,1.1e+17,11,F,95.6005,26.61233244,3196.1527,3100.923,95.2297,0.0,0.239016134108616,0.0256611053890767,G,38.39167906243187,LLLVLLLTGLLFALLAYLILI,18899.05278371344,1403.8235198182656,37.86651485371212,-0.0327036199615415,LLLVLLLTGLLFALLAYLILI,Mutant
LLLVLLLTGLLFALLAYLILI,LLLVLLLTGLLFALLAALILI,GAS,void,,,,,,,,,,,3215.52,4078.49,58.8827,88.7788,3211.96,4238.01,167.842,205.149,-20.5014,1.1e+17,16,Y,40.684,68.57475661,3126.7412,3006.811,119.9302,0.0,0.2571585147635894,0.0353424565166746,G,17.202095601919627,LLLVLLLTGLLFALLAYLILI,19592.17441202864,1833.5498460578908,34.18624659194661,-0.050846000616514925,LLLVLLLTGLLFALLAYLILI,Mutant
LLLTFLLGLLLGVLLSILILI,LLLTFLLGLLLIVLLSILILI,GAS,clash,18.5832,-262.146,687303000.0,687303000.0,-60.3583,-275.444,-375.648,4191.84,-51.2582,-39.8455,3196.68,4054.55,52.4996,5.61864,3198.01,4037.26,32.0657,5.18284,-20.4286,1.10011e+17,11,G,124.64916,4.313145689,,,,,0.3991302898384893,0.0687151073786342,G,13257661485416.01,LLLTFLLGLLLGVLLSILILI,20660.458257060032,1321.471230569235,65.92581250828303,2.1276231518772266,LLLTFLLGLLLGVLLSILILI,Mutant
LLLTFLLGLLLGVLLSILILI,LLLTALLGLLLGVLLSILILI,GAS,void,,,,,,,,,,,3222.52,3926.27,55.0967,49.9929,3198.01,4037.26,143.719,114.776,-20.4286,1.1e+17,4,F,88.4823,36.10242123,3172.5271,3083.234,89.2931,1.0,0.4597909822754626,0.0720954758233877,G,20896141666566.67,LLLTALLALLLGVLLSILILI,21584.72470576924,2371.1200219346088,60.196767133827386,2.066962459440253,LLLTFLLGLLLGVLLSILILI,Mutant
LLLSYLLGVLLGTLLGLLILI,LLLSYLLGVLLITLLGLLILI,GAS,clash,17.6543,-266.682,2.18e+16,2.18e+16,-58.7296,-272.434,-363.69,4137.53,-52.2484,-32.5268,3245.3,4033.42,62.0747,0.0,3245.3,4012.18,40.895,0.0,-19.8281,1.10011e+17,11,G,130.2678,0.0,,,,,0.2042630357521515,0.0692381449255951,G,7412864699063.498,LLLSYLLGVLLGTLLGLLILI,18925.25662193272,1136.910752001171,37.286434088440245,0.8700289296607844,LLLSYLLGVLLGTLLGLLILI,Mutant
LLLSYLLGVLLGTLLGLLILI,LLLSYLLGVLLGTLLGALILI,GAS,void,,,,,,,,,,,3209.38,3963.54,56.9049,113.674,3245.3,4012.18,112.207,216.152,-19.8281,1.1e+17,16,L,15.7888,87.80437315,3095.706,3029.148,66.558,1.0,0.9735921874179068,0.0983987861808842,G,3438.114947223173,LLLSYLLGVLLGTLLGFLILI,24939.09625163257,1307.6888347812946,153.60491692900192,0.10069977799502916,LLLSYLLGVLLGTLLGLLILI,Mutant
LLLSYLLTVLLGILLALLILI,LLLSYLLTVLLGILLILLILI,GAS,clash,16.3781,-269.053,20967100.0,20966800.0,-58.786,-272.967,-370.465,4197.27,-54.9916,-38.712,3199.38,4071.16,59.7619,3.87431,3199.38,4071.16,59.7619,3.87431,-19.2308,1.10011e+17,15,A,129.7204,0.0,,,,,0.3502407123472289,0.1904683339762513,G,17193691665664.49,LLLSYLLTVLLGILLGLLILI,20096.86455286882,584.3702373767205,71.40387770859391,1.4068535884319002,LLLSYLLTVLLGILLALLILI,Mutant
LLLSYLLTVLLGILLALLILI,LLLSYLLTILLGILLALLILI,GAS,clash,16.3506,-266.434,4807910.0,4807600.0,-58.786,-274.08,-371.948,4126.65,-54.4501,-39.0813,3224.06,4048.36,54.1788,40.1946,3199.38,4071.16,85.5786,53.3773,-19.2308,1.10011e+17,8,V,91.135,30.6058954,,,,,0.4085546719904355,0.192105842651041,G,5277022833744.606,LLLSYLLTVLLGILLALLILI,20770.90545266055,2729.5908741455046,40.15681982724371,1.3485396287886937,LLLSYLLTVLLGILLALLILI,Mutant
LLLSYLLTVLLGILLALLILI,LLLSALLTVLLGILLALLILI,GAS,void,,,,,,,,,,,3234.88,3898.87,49.6436,68.7229,3199.38,4071.16,166.585,155.242,-19.2308,1.1e+17,4,Y,69.7523,49.6283089,3166.1571,3044.138,122.0191,0.0,0.8021411974889804,0.2264470964553666,G,1596876241017.7346,LLLSYLLTVLLGILLALLILI,23209.1533680156,3183.256067318536,94.53608013339016,0.9549531032901487,LLLSYLLTVLLGILLALLILI,Mutant
LLLAYLLFLLLGTLLSILILI,LLLAALLFLLLGTLLSILILI,GAS,void,,,,,,,,,,,3266.67,4060.81,49.8836,55.1827,3234.44,4216.18,160.019,159.03,-19.1342,1.1e+17,4,Y,51.4328,69.69742675,3211.4873,3075.41,136.0773,1.0,0.1300634396961816,0.0346356685446822,G,99999900.0,LLLYALLFLLLGTLLSILILI,18493.714967087817,1372.8203184622496,22.75786805706497,0.2803151235028425,LLLAYLLFLLLGTLLSILILI,Mutant
LLLAYLLFLLLGTLLSILILI,LLLAYLLFLLLITLLSILILI,GAS,clash,17.0775,-268.194,495912000000.0,495912000000.0,-74.1028,-282.912,-381.87,4226.08,-52.5004,-24.8546,3234.4,4213.2,43.3374,0.508435,3234.44,4216.18,30.3267,0.145267,-19.1342,1.10011e+17,11,G,129.759365,0.390299829,,,,,0.1417829219494823,0.1081079909609209,G,99999900.0,LLLAYLLFLLLGTLLSILILI,22490.72652085201,7376.098714087222,32.13348870350596,0.2685956412495418,LLLAYLLFLLLGTLLSILILI,Mutant
LLLWSLLTLLLGVLLAFLILI,LLLWSLLILLLGVLLAFLILI,GAS,clash,16.5407,-264.977,647452.0,647152.0,-44.9904,-277.567,-354.138,4264.05,-52.2665,-31.5808,3348.33,4109.33,39.4264,9.45415,3343.65,4129.95,59.3685,16.1294,-18.8028,1.10011e+17,7,T,120.14125,7.295127759,,,,,0.0993929264179232,0.0302072266508075,G,99999900.0,LLLWSLLTLLLGVLLAFLILI,18695.569408084444,1822.815062380548,17.7806025679955,0.17154770073410514,LLLWSLLTLLLGVLLAFLILI,Mutant
LLLWSLLTLLLGVLLAFLILI,LLLWSLLTLLLIVLLAFLILI,GAS,clash,16.5021,-269.449,1891640000000.0,1891640000000.0,-58.8001,-281.385,-370.118,4263.28,-52.6967,-29.9331,3343.45,4142.7,54.5401,0.581069,3343.65,4129.95,36.4698,0.363168,-18.8028,1.10011e+17,11,G,129.686731,0.446057276,,,,,0.1998030340510784,0.0170366062147686,G,-99.99961118047024,LLLWSLLTLLLGVLLAFLILI,19138.33610493921,1719.0200421263012,27.64676757778764,0.07113759310094991,LLLWSLLTLLLGVLLAFLILI,Mutant
LLLWSLLTLLLGVLLAFLILI,LLLASLLTLLLGVLLAFLILI,GAS,void,,,,,,,,,,,3392.87,4052.02,62.2955,121.678,3343.65,4129.95,168.745,197.624,-18.8028,1.1e+17,3,W,125.38944,3.338688441,3271.192,3146.026,125.166,1.0,0.3054099573649375,0.076503128190077,G,4022252343413.336,LLLASLLTLLLGVLLGFLILI,19552.732977583222,1115.8654696644944,52.936559436323904,-0.034469330212909155,LLLWSLLTLLLGVLLAFLILI,Mutant
LLLASLLFLLLGYLLGTLILI,LLLASLLFLLLGALLGTLILI,GAS,void,,,,,,,,,,,3215.63,3950.13,59.9649,56.9468,3166.04,4111.27,167.941,118.529,-18.8019,1.1e+17,12,Y,72.8752,43.86529248,3158.6832,3047.511,111.1722,0.0,0.1919699481277941,0.0031606580390475,G,4.204226933476702,LLLASLLFLLLGYLLGTLILI,19473.27253602906,1994.1767220493225,28.59630247934449,0.45663414164756544,LLLASLLFLLLGYLLGTLILI,Mutant
LLLASLLFLLLGYLLGTLILI,LLLASLLFLLLIYLLGTLILI,GAS,clash,15.347,-267.923,274279000.0,274278000.0,-58.7329,-286.423,-370.274,4124.33,-58.3887,-25.1188,3166.04,4130.06,61.243,0.331831,3166.04,4111.27,40.6128,0.331831,-18.8019,1.10011e+17,11,G,129.935969,0.254729872,,,,,0.2113638818874077,0.0360298065996502,G,-5.112381615299895,LLLASLLFLLLGYLLGTLILI,19434.884412987245,1653.2112432183533,34.87436332860626,0.4372402078879518,LLLASLLFLLLGYLLGTLILI,Mutant
LLLASLLFLLLGYLLGTLILI,LLLASLLFILLGYLLGTLILI,GAS,clash,15.3806,-262.683,1843.93,1535.89,-58.7329,-283.675,-354.819,4104.88,-60.7315,-12.4114,3177.0,4050.4,48.9006,11.1393,3166.04,4111.27,107.486,27.6026,-18.8019,1.10011e+17,8,L,120.1903,8.481941619,,,,,0.3869767829796252,0.0812667544561309,G,-42.42851556865118,LLLASLLFLLLGYLLGTLILI,20893.93559270408,1593.6069062563631,65.44311076926157,0.26162730679573437,LLLASLLFLLLGYLLGTLILI,Mutant
LLLASLLFLLLGYLLGTLILI,LLLASLLALLLGYLLGTLILI,GAS,void,,,,,,,,,,,3143.62,4010.89,59.1858,31.4727,3166.04,4111.27,151.01,165.434,-18.8019,1.1e+17,7,F,98.1227,24.28535272,3112.1473,3000.606,111.5413,0.0,0.5868122334209334,0.0321074875868506,G,16581763099149.084,LLLASLLFLLLGYLLGTLILI,22897.544187832,2556.278318869653,83.06396294540839,0.06179185635442619,LLLASLLFLLLGYLLGTLILI,Mutant
LLLYLLLGALLGTLLSFLILI,LLLYLLLGALLITLLSFLILI,GAS,clash,14.8852,-265.304,50362500000.0,50362500000.0,-73.9921,-279.476,-370.424,4288.77,-51.6788,-16.9556,3417.52,4145.36,54.4839,7.58635,3418.96,4122.3,31.5453,5.84314,-18.6621,1.10011e+17,11,G,122.68145,5.823657113,,,,,0.0788430488844887,0.0257598243304921,G,22452663636263.64,LLLYLLLGALLGTLLSFLILI,18934.817685484464,2379.667349217452,14.291607521454516,0.5599775988515034,LLLYLLLGALLGTLLSFLILI,Mutant
LLLYLLLGALLGTLLSFLILI,LLLYLLLGALLGTLLIFLILI,GAS,clash,14.8871,-262.093,700545000.0,700545000.0,-58.7234,-269.047,-344.54,4263.62,-55.2402,-16.7699,3419.9,4112.56,59.1023,15.9864,3418.96,4122.3,70.3474,15.2333,-18.6621,1.10011e+17,15,S,113.734,12.32373628,,,,,0.1230427763791997,0.1955158063667771,G,-99.99883722734472,LLLYLLLGALLGTLLSFLILI,19587.22879886399,2632.67085728191,38.47495191899763,0.5157778713567924,LLLYLLLGALLGTLLSFLILI,Mutant
LLLYLLLGALLGTLLSFLILI,LLLYALLGALLGTLLSFLILI,GAS,void,,,,,,,,,,,3455.26,4027.22,66.2473,44.1683,3418.96,4122.3,135.194,79.1032,-18.6621,1.1e+17,4,L,94.3069,31.89618069,3411.0917,3339.8568,71.2349,1.0,0.5577790278335084,0.1308743487083692,G,8123900821472.895,LLLYLLLGALLGTLLSFLILI,23191.21243166433,3550.087207143052,68.50525800763788,0.08104161990248371,LLLYLLLGALLGTLLSFLILI,Mutant
LLLYFLLTILLGVLLALLILI,LLLYFLLTILLIVLLALLILI,GAS,clash,12.3992,-265.092,1059580000.0,1059580000.0,-58.7793,-280.213,-365.872,4273.42,-50.9329,-26.8802,3389.43,4259.14,55.6437,0.570188,3389.43,4242.47,36.6081,0.570188,-18.4887,1.10011e+17,11,G,129.697612,0.437704483,,,,,0.2356512959901878,0.0815382945959411,G,18184602971947.58,LLLYFLLTILLGVLLALLILI,18804.738674546494,1119.4644250430963,43.18898982785072,0.0933864700721232,LLLYFLLTILLGVLLALLILI,Mutant
LLLYFLLTILLGVLLALLILI,LLLYFLLTALLGVLLALLILI,GAS,void,,,,,,,,,,,3433.77,4208.86,63.6223,45.9787,3389.43,4242.47,107.389,78.8402,-18.4887,1.1e+17,8,I,85.3509,35.01015765,3387.7913,3310.5898,77.2015,1.0,0.3400552175849203,0.0780462183294612,G,99999900.0,LLLYFLLTILLGVLLALLILI,21143.30086587912,2921.9724654743504,41.94630849515049,-0.0110174515226093,LLLYFLLTILLGVLLALLILI,Mutant
LLLYFLLTILLGVLLALLILI,LLLYALLTILLGVLLALLILI,GAS,void,,,,,,,,,,,3416.94,4096.8,49.8926,69.0783,3389.43,4242.47,150.71,143.081,-18.4887,1.1e+17,4,F,69.3969,49.88496135,3347.8617,3246.349,101.5127,1.0,0.3780917722477347,0.0127517899936023,G,3637506326306.026,LLLYFLLTILLGVLLALLILI,20104.1520131752,1665.348942007245,54.3455851041915,-0.049054006185423715,LLLYFLLTILLGVLLALLILI,Mutant
LLLTLLLGLLLGVLLASLILI,LLLTLLLGLLLIVLLASLILI,GAS,clash,17.4811,-260.211,3344210000.0,3344210000.0,-60.2643,-282.462,-398.677,4145.02,-49.6062,-55.9503,3184.44,3983.39,57.5401,3.00383,3184.83,3963.18,36.4193,3.1491,-17.8028,1.10011e+17,11,G,127.26397,2.305888332,,,,,0.2335011144069862,0.0286165697114921,G,-40.26818761952484,LLLTLLLGLLLGVLLASLILI,19312.56875971758,1740.929546913746,31.403039135072007,0.9316503482627955,LLLTLLLGLLLGVLLASLILI,Mutant
LLLTLLLGLLLGVLLASLILI,LLLTLLLILLLGVLLASLILI,GAS,clash,18.1299,-260.191,81713300000.0,81713300000.0,-60.2643,-282.368,-399.399,4111.56,-47.5101,-56.7667,3184.83,3971.01,54.8077,0.0,3184.83,3963.18,38.4866,0.0,-17.8028,1.10011e+17,7,G,129.5954,0.0,,,,,0.2491629492275832,0.0175795176410398,G,-0.3060524901926822,LLLTLLLGLLLGVLLASLILI,19476.41350224922,1708.8159292764751,34.85839436326312,0.9159885134421984,LLLTLLLGLLLGVLLASLILI,Mutant
LLLTLLLGLLLGVLLASLILI,LLLTALLGLLLGVLLASLILI,GAS,void,,,,,,,,,,,3178.33,3875.56,57.5435,57.1122,3184.83,3963.18,124.532,123.801,-17.8028,1.1e+17,4,L,81.363,41.24363063,3121.2178,3061.029,60.1888,0.0,2.10441548059338,0.1665567722762171,G,99999900.0,LLLTLLLGLLLGVLLASLILI,35246.57301209551,3857.816103533469,292.529311658346,-0.9392640179235985,LLLTLLLGLLLGVLLASLILI,Mutant
LLLFYLLGVLLGLLLASLILI,LLLFYLLGVLLILLLASLILI,GAS,clash,13.5545,-254.016,558967000.0,558967000.0,-60.32,-286.324,-370.741,4268.61,-47.8134,-24.0967,3187.04,4227.12,54.4575,0.0,3187.04,4209.22,34.2449,0.0,-17.4846,1.10011e+17,11,G,130.2678,0.0,,,,,0.1339984638506062,0.0533298917576379,G,-47.99367755301903,LLLFYLLGVLLGLLLASLILI,18192.10870825325,1774.434856679539,14.178306040268067,0.7543197546750329,LLLFYLLGVLLGLLLASLILI,Mutant
LLLFYLLGVLLGLLLASLILI,LLLFYLLIVLLGLLLASLILI,GAS,clash,14.0384,-253.993,461474.0,461182.0,-60.32,-287.782,-372.609,4262.12,-51.7028,-24.5068,3186.63,4197.92,48.3399,0.871603,3187.04,4209.22,38.8989,0.79897,-17.4846,1.10011e+17,7,G,128.723797,0.672557051,,,,,0.3570465898080989,0.2617522842524215,G,99999900.0,LLLFYLLGVLLGLLLASLILI,19653.859857701427,3166.6043703429264,25.32075383894017,0.5312716287175402,LLLFYLLGVLLGLLLASLILI,Mutant
LLLFYLLGVLLGLLLASLILI,LLLFALLGVLLGLLLASLILI,GAS,void,,,,,,,,,,,3218.83,3994.93,63.8346,44.3173,3187.04,4209.22,185.386,136.632,-17.4846,1.1e+17,4,Y,94.1579,32.00378118,3174.5127,3050.408,124.1047,0.0,0.7728195932343591,0.1370935606238232,G,-50.46006363690524,LLLFYLLGVLLGLLLASLILI,24085.948723478075,1644.6352151310805,128.07043506871187,0.11549862529127997,LLLFYLLGVLLGLLLASLILI,Mutant
LLLYGLLFLLLGVLLASLILI,LLLYGLLILLLGVLLASLILI,GAS,clash,12.7122,-254.995,71259200.0,71258900.0,-60.3826,-280.567,-374.834,4180.11,-53.7867,-33.884,3430.23,4033.32,59.0732,19.698,3422.34,4194.85,160.448,53.0577,-17.223,1.10011e+17,7,F,109.8974,15.19961357,,,,,0.1759984511994139,0.0870600464374135,G,-38.19683051783381,LLLYGLLFLLLGVLLASLILI,18782.711919401907,2007.797381888407,16.85073668204397,0.10324766904981561,LLLYGLLFLLLGVLLASLILI,Mutant
LLLYGLLFLLLGVLLASLILI,LLLAGLLFLLLGVLLASLILI,GAS,void,,,,,,,,,,,3230.3,4002.04,64.3659,127.648,3422.34,4194.85,186.417,371.315,-17.223,1.1e+17,3,Y,42.0828,75.20614997,3102.652,3051.025,51.627,1.0,0.3374247791260051,0.0410205807732834,G,12.46092130918204,LLLAGLLFLLLGVLLATLILI,19694.52193347394,1828.11690511564,45.41409614008087,-0.05817865887677559,LLLYGLLFLLLGVLLASLILI,Mutant
LLLTYLLGVLLGILLALLILI,LLLTYLLGVLLIILLALLILI,GAS,clash,16.0492,-264.992,51239900000000.0,51239900000000.0,-44.9618,-274.398,-364.38,4197.07,-49.8368,-45.0196,3239.81,4090.57,58.6798,0.0,3239.81,4067.64,36.7861,0.0,-17.05,1.10011e+17,11,G,130.2678,0.0,,,,,0.2144588747344011,0.0149706341374204,G,17678615626979.953,LLLTYLLGVLLGILLALLILI,18830.558884712464,1594.367387370764,30.019921905042622,0.7233959446982965,LLLTYLLGVLLGILLALLILI,Mutant
LLLTYLLGVLLGILLALLILI,LLLTYLLIVLLGILLALLILI,GAS,clash,16.9268,-264.936,19753500.0,19753200.0,-44.9618,-274.555,-365.373,4171.42,-54.4115,-45.8562,3237.5,4075.52,56.9445,5.39738,3239.81,4067.64,40.6507,4.81631,-17.05,1.10011e+17,7,G,129.178933,0.417410831,,,,,0.3362396056604839,0.0090742315289257,G,11380193770693.15,LLLTYLLFVLLGILLALLILI,19963.79145023584,1523.3542794742837,50.455460716194544,0.6016152137722137,LLLTYLLGVLLGILLALLILI,Mutant
LLLTYLLGVLLGILLALLILI,LLLTALLGVLLGILLALLILI,GAS,void,,,,,,,,,,,3252.96,3877.48,65.2113,73.0233,3239.81,4067.64,183.896,203.333,-17.05,1.1e+17,4,Y,67.8221,51.0222047,3179.9367,3036.477,143.4597,0.0,0.9298213671390432,0.006870122242153,G,-88.2836097136424,LLLTFLLGVLLGILLALLILI,24666.49315214112,1808.047786935625,137.62976805147505,0.008033452293654375,LLLTYLLGVLLGILLALLILI,Mutant
LLLTYLLGVLLGILLALLILI,LLLTYLLGVLLGILLAALILI,GAS,void,,,,,,,,,,,3224.7,4023.98,55.5338,107.767,3239.81,4067.64,108.693,192.934,-17.05,1.1e+17,16,L,21.6958,83.24167251,3116.933,3046.876,70.057,0.0,0.9605084111485482,0.1346892495305702,G,-16.553293034860477,LLLTYLLGVLLGILLALLILI,25007.874383125352,1132.8615755060025,155.45692376945536,-0.022653591715850685,LLLTYLLGVLLGILLALLILI,Mutant
LLLYFLLAVLLGLLLGSLILI,LLLYFLLIVLLGLLLGSLILI,GAS,clash,26.8982,-264.777,802421000.0,802420000.0,-60.2613,-288.894,-369.626,4255.75,-46.8371,-20.4707,3268.14,4161.48,57.636,0.0,3268.14,4161.48,57.636,0.0,-16.4919,1.10011e+17,7,A,129.5954,0.0,,,,,0.1482781008776224,0.0810359516798533,G,-30.8233607950181,LLLYFLLAVLLGLLLGSLILI,18678.41733813421,2005.0131700684915,13.396196783741727,0.14523220258215264,LLLYFLLAVLLGLLLGSLILI,Mutant
LLLYFLLAVLLGLLLGSLILI,LLLYALLAVLLGLLLGSLILI,GAS,void,,,,,,,,,,,3296.1,4007.94,60.2627,62.016,3268.14,4161.48,160.752,138.504,-16.4919,1.1e+17,4,F,76.4592,44.78491456,3234.084,3129.636,104.448,0.0,0.1837537985002905,0.0280110909657675,G,4.614496329114334,LLLYFLLAVLLGLLLGSLILI,19823.21947855464,2625.72604724686,24.140882838092,0.10975650495948452,LLLYFLLAVLLGLLLGSLILI,Mutant
LLLYFLLAVLLGLLLGSLILI,LLLYFLLAVLLILLLGSLILI,GAS,clash,26.3539,-265.975,10882600000.0,10882600000.0,-60.2613,-285.835,-369.057,4292.15,-46.8371,-22.9609,3268.14,4179.28,58.2138,0.0,3268.14,4161.48,38.064,0.0,-16.4919,1.10011e+17,11,G,130.2678,0.0,,,,,0.2966393004845533,0.0268608094769214,G,99999900.0,LLLYFLLAVLLGLLLGSLILI,19789.67201075679,1747.1519674270492,40.88282846009099,-0.0031289970247782573,LLLYFLLAVLLGLLLGSLILI,Mutant
LLLYFLLAVLLGLLLGSLILI,LLLAFLLAVLLGLLLGSLILI,GAS,void,,,,,,,,,,,3124.61,3974.63,66.458,88.7522,3268.14,4161.48,185.296,306.236,-16.4919,1.1e+17,3,Y,80.9786,52.28997919,3035.8578,2961.904,73.9538,0.0,0.576757929401595,0.0175015750048447,G,-54.20767293641091,LLLTFLLAVLLGLLLGSLILI,22381.883683198896,1881.398924697953,86.74878837493016,-0.28324762594181996,LLLYFLLAVLLGLLLGSLILI,Mutant
LLLYLLLGALLGILLSTLILI,LLLYLLLIALLGILLSTLILI,GAS,clash,16.088,-261.441,217008000.0,217007000.0,-74.1632,-288.869,-396.267,4214.05,-54.3754,-33.2341,3483.04,4160.88,61.9439,25.8787,3489.55,4141.35,41.075,21.3356,-14.2325,1.10011e+17,7,G,103.7167,19.96884149,,,,,0.1254893730267729,0.0197315188094228,G,99999900.0,LLLYLLLGALLGILLSTLILI,20208.81056027605,3862.6213546240574,16.423625876267884,0.7888657408791759,LLLYLLLGALLGILLSTLILI,Mutant
LLLYLLLGALLGILLSTLILI,LLLYALLGALLGILLSTLILI,GAS,void,,,,,,,,,,,3523.69,4049.32,66.734,57.1915,3489.55,4141.35,134.485,101.928,-14.2325,1.1e+17,4,L,81.2837,41.3008972,3466.4985,3387.622,78.8765,0.0,0.4761904403596771,0.0949005537237673,G,-38.8190612682457,LLLYLLLGALLGILLSTLILI,22551.8431375974,2971.497518903802,79.99920742044297,0.4381646735462717,LLLYLLLGALLGILLSTLILI,Mutant
LLLSTLLGALLGLLLAVLILI,LLLSTLLGALLILLLAVLILI,GAS,clash,16.2625,-259.566,1304730000.0,1304730000.0,-44.8908,-264.605,-363.806,4074.81,-51.9813,-54.3101,3141.43,3901.25,54.987,1.04563,3141.51,3882.81,34.194,1.04563,-14.0094,1.10011e+17,11,G,129.22217,0.802677254,,,,,0.3750541035763134,0.0870650777006474,G,-24.96199113934373,LLLSTLLGALLGLLLAVLILI,21056.285344544383,1916.7370439916035,64.29124087980692,0.6922417091728957,LLLSTLLGALLGLLLAVLILI,Mutant
LLLSTLLGALLGLLLAVLILI,LLLSALLGALLGLLLAVLILI,GAS,void,,,,,,,,,,,3152.25,3844.89,66.4487,40.1412,3141.51,3882.81,96.9412,62.2308,-14.0094,1.1e+17,4,T,98.334,28.98800652,3112.1088,3079.2792,32.8296,1.0,1.2166275507854942,0.0244533255838344,G,-33.996951258589604,LLLSTLLGALLGLLLAVLILI,27328.97430881742,1964.514245175459,181.6922056044892,-0.14933173803628508,LLLSTLLGALLGLLLAVLILI,Mutant
LLLSTLLGALLGLLLAVLILI,LLLSTLLGALLGALLAVLILI,GAS,void,,,,,,,,,,,3159.81,3812.41,58.9996,66.1692,3141.51,3882.81,120.746,105.884,-14.0094,1.1e+17,12,L,63.6528,50.96917318,3093.6408,3035.626,58.0148,1.0,1.277795596959911,0.017569659900989,G,49.14600614832687,LLLSTLLGALLGLLLAVLILI,27569.711435622656,2123.04501965132,186.3236461573949,-0.21049978421070192,LLLSTLLGALLGLLLAVLILI,Mutant
LLLGYLLALLLGTLLSFLILI,LLLGYLLILLLGTLLSFLILI,GAS,clash,14.9216,-263.594,2920690.0,2920380.0,-74.0338,-280.064,-370.569,4175.39,-56.2574,-16.4712,3379.08,4117.73,58.8722,7.95178,3379.08,4117.73,58.8722,7.95178,-14.0,1.10011e+17,7,A,121.64362,6.135850501,,,,,0.1431752962750685,0.0399770693326311,G,12497772687992.564,LLLGYLLALLLGTLLSFLILI,19172.350717529065,2249.155136706661,16.91987519186666,0.44609766782441307,LLLGYLLALLLGTLLSFLILI,Mutant
LLLGYLLALLLGTLLSFLILI,LLLIYLLALLLGTLLSFLILI,GAS,clash,28.1034,-272.606,5280.14,4979.13,-74.0304,-275.634,-364.314,4624.9,-56.4993,-14.6491,3667.66,4734.84,61.479,23.2698,3674.84,4713.4,41.3367,10.7292,-24.9317,1.10011e+17,3,G,129.5954,0.0,,,,,0.24406188555704,0.092090645313504,G,99999900.0,LLLGYLLALLLGTLLSFLILI,19938.136885387896,1776.0773560307775,45.52614563632813,0.3452110785424416,LLLGYLLALLLGTLLSFLILI,Mutant
LLLGYLLALLLGTLLSFLILI,LLLGALLALLLGTLLSFLILI,GAS,void,,,,,,,,,,,3375.13,3983.59,53.7306,63.4414,3379.08,4117.73,162.995,199.101,-14.0,1.1e+17,4,Y,75.0338,45.81426855,3311.6886,3179.979,131.7096,1.0,0.3124637107994701,0.1049449477986998,G,-74.94513181785463,LLLYALLALLLGTLLSFLILI,19844.458355861283,1022.0835974075138,56.93657777558448,0.2768092533000115,LLLGYLLALLLGTLLSFLILI,Mutant
LLLGYLLALLLGTLLSFLILI,LLLGYLLAALLGTLLSFLILI,GAS,void,,,,,,,,,,,3406.13,4025.14,60.671,47.269,3379.08,4117.73,129.081,82.9884,-14.0,1.1e+17,8,L,84.0606,35.99264751,3358.861,3296.0916,62.7694,1.0,0.4306191172025531,0.1438036914758515,G,20581608333233.32,LLLGYLLALLLGTLLSFLILI,23917.573376722325,6126.903622339474,48.43499494901952,0.15865384689692852,LLLGYLLALLLGTLLSFLILI,Mutant
LLLGYLLALLLGTLLSFLILI,LLLGYLLALLLGTLLSALILI,GAS,void,,,,,,,,,,,3586.02,4631.51,43.4742,81.5448,3674.84,4713.4,131.065,259.978,-24.9317,1.1e+17,16,F,47.918,62.98705111,3504.4752,3414.862,89.6132,1.0,0.7848068626136878,0.1680425539637452,G,-75.83813733056688,LLLGYLLALLLGTLLSFLILI,23871.758935971564,1140.9719456426071,133.05795165829113,-0.19553389851420622,LLLGYLLALLLGTLLSFLILI,Mutant
LLLTALLFLLLGVLLASLILI,LLLTALLFLLLIVLLASLILI,GAS,clash,16.1356,-265.271,23796700000.0,23796700000.0,-60.3462,-280.158,-380.546,4117.13,-47.1411,-40.0424,3213.74,4056.64,48.3822,9.95815,3215.47,4057.28,35.1818,6.90754,-13.6832,1.10011e+17,11,G,120.30965,7.644367987,,,,,0.2485662900160618,0.0913385355791746,G,-41.37048703982036,LLLTALLFLLLGVLLASLILI,19069.47059265069,2052.210552404078,27.090737739443654,0.5393923285665522,LLLTALLFLLLGVLLASLILI,Mutant
LLLTALLFLLLGVLLASLILI,LLLTALLFILLGVLLASLILI,GAS,clash,16.1602,-260.031,7371.4,7077.32,-60.3462,-276.757,-369.837,4010.16,-50.2139,-32.7338,3227.59,4004.87,61.2313,13.2008,3215.47,4057.28,116.343,23.7898,-13.6832,1.10011e+17,8,L,118.1288,10.05165629,,,,,0.281572633363594,0.118234198910117,G,2.270561945911824,LLLTALLFLLLGVLLASLILI,19380.72173623916,2215.2253625627536,29.15047942713847,0.50638598521902,LLLTALLFLLLGVLLASLILI,Mutant
LLLTALLFLLLGVLLASLILI,LLLTALLALLLGVLLASLILI,GAS,void,,,,,,,,,,,3221.07,3892.71,56.8583,15.7854,3215.47,4057.28,158.941,98.8269,-13.6832,1.1e+17,7,F,113.81,12.18052493,3205.2846,3116.6431,88.6415,1.0,0.7468275873025076,0.0632653800586795,G,-43.48780156175949,LLLTALLFLLLGVLLASLILI,23336.40806130242,1438.4572379966214,116.55616011498036,0.04113103128010631,LLLTALLFLLLGVLLASLILI,Mutant
LLLTALLFLLLGVLLASLILI,LLLTALLFLLLGALLASLILI,GAS,void,,,,,,,,,,,3223.47,4043.26,55.5169,59.7187,3215.47,4057.28,78.812,92.7388,-13.6832,1.1e+17,12,V,70.1033,46.00044677,3163.7513,3122.7312,41.0201,1.0,0.8546978020259776,0.0272595268357302,G,10876281752482.166,LLLTALLFLLLGVLLASLILI,24449.583500594254,1812.089426689919,128.69091195717084,-0.0667391834433636,LLLTALLFLLLGVLLASLILI,Mutant
LLLTYLLGVLLGLLLASLILI,LLLTYLLIVLLGLLLASLILI,GAS,clash,18.1401,-264.075,18365400.0,18365100.0,-60.2796,-285.309,-385.325,4120.55,-52.5212,-39.7361,3196.73,4081.97,58.7703,1.30741,3197.49,4069.15,40.5375,1.23477,-13.2764,1.10011e+17,7,G,128.28799,1.00883982,,,,,0.4500873832947881,0.0878290084366824,G,-67.10437700158143,LLLTYLLGVLLGLLLASLILI,21025.14255896861,1216.9475530448942,75.41929097048786,0.5314576640603468,LLLTYLLGVLLGLLLASLILI,Mutant
LLLYALLVLLLGTLLAFLILI,LLLYALLVLLLITLLAFLILI,GAS,clash,13.1734,-264.701,1313250000.0,1313250000.0,-58.7698,-278.12,-361.543,4258.49,-51.6119,-24.6533,3554.92,4250.45,54.8936,1.23477,3555.56,4236.88,36.7369,0.581069,-12.827,1.10011e+17,11,G,129.03303,0.947870464,,,,,0.1108013344450557,0.0543849578629971,G,-23.45005450157424,LLLYALLVLLLGTLLAFLILI,18488.89325205135,1396.1389524968586,21.977858113096275,0.16044695529030323,LLLYALLVLLLGTLLAFLILI,Mutant
LLLYALLVLLLGTLLAFLILI,LLLYALLVLLLGTLLAALILI,GAS,void,,,,,,,,,,,3435.72,4090.4,55.9877,102.374,3555.56,4236.88,155.324,286.84,-12.827,1.1e+17,16,F,27.0888,79.07599712,3333.346,3268.72,64.626,1.0,0.2477043883627698,0.0747055412541432,G,-19.04781246276489,LLLYALLVLLLGTLLAFLILI,19273.56554858272,1126.980874459606,44.25235776990813,0.023543901372589104,LLLYALLVLLLGTLLAFLILI,Mutant
LLLYALLVLLLGTLLAFLILI,LLLYALLVALLGTLLAFLILI,GAS,void,,,,,,,,,,,3570.88,4163.26,54.3994,36.6447,3555.56,4236.88,117.077,84.6928,-12.827,1.1e+17,8,L,94.6849,27.90284901,3534.2353,3470.8672,63.3681,1.0,0.2668663609786423,0.0474870366372176,G,10651283863893.098,LLLYALLVLLLGTLLAFLILI,19942.56878418284,1695.98585452649,44.23992758815646,0.004381928756716613,LLLYALLVLLLGTLLAFLILI,Mutant
LLLASLLTLLLGVLLGFLILI,LLLASLLTALLGVLLGFLILI,GAS,void,,,,,,,,,,,3201.82,3960.0,66.6666,34.0274,3200.16,4024.9,125.194,76.2255,-12.5433,1.1e+17,8,L,97.3022,25.90992434,3167.7926,3123.9345,43.8581,0.0,0.1939139079950594,0.0032247520975426,G,-50.21758149541494,LLLASLLTLLLGVLLGFLILI,19933.598509328225,2594.0047759624827,28.21769708651668,0.021883435428076498,LLLASLLTLLLGVLLGFLILI,Mutant
LLLASLLTLLLGVLLGFLILI,LLLASLLTLLLIVLLGFLILI,GAS,clash,14.9049,-263.66,118328000.0,118328000.0,-58.8154,-273.128,-364.668,4111.11,-55.4261,-32.7238,3197.04,4038.24,58.9696,13.6651,3200.16,4024.9,40.8462,10.3239,-12.5433,1.10011e+17,11,G,116.6027,10.49000597,,,,,0.2266763242888519,0.0300496143760764,G,-18.93604490970609,LLLASLLTLLLGVLLGFLILI,19393.36122740347,1528.2267081216798,36.50643322834512,-0.01087898086571601,LLLASLLTLLLGVLLGFLILI,Mutant
LLLASLLTLLLGVLLGFLILI,LLLASLLTLLLGVLLGALILI,GAS,void,,,,,,,,,,,3150.21,3879.5,56.8293,101.532,3200.16,4024.9,156.009,239.985,-12.5433,1.1e+17,16,F,27.9308,78.42561724,3048.678,2960.175,88.503,0.0,0.2720367448221349,0.0929312344601407,G,11.285256800968618,LLLASLLTLLLGVLLGFLILI,19549.2891339974,1084.3060283283935,49.73291338504996,-0.05623940139899902,LLLASLLTLLLGVLLGFLILI,Mutant
LLLYLLLGALLAFLLSTLILI,LLLYLLLGALLIFLLSTLILI,GAS,clash,16.5864,-263.775,1334970000.0,1334970000.0,-74.0462,-290.66,-381.112,4287.63,-50.9262,-16.4057,3515.52,4208.62,58.992,12.2159,3515.52,4208.62,58.992,12.2159,-12.4366,1.10011e+17,11,A,128.17231,1.608601665,,,,,0.0314265314039999,0.1428594985554797,G,99999900.0,LLLYLLLGALLAFLLSTLILI,19416.59221929715,3611.071549591048,19.502049491784,0.10981416355746151,LLLYLLLGALLAFLLSTLILI,Mutant
LLLYLLLGALLAFLLSTLILI,LLLYLLLGILLAFLLSTLILI,GAS,clash,16.6278,-263.775,99920.6,99622.8,-74.1744,-288.552,-376.923,4264.3,-50.6609,-14.1969,3515.52,4208.62,59.0221,49.9942,3515.52,4208.62,59.0221,49.9942,-12.4366,1.10011e+17,8,A,128.17231,1.608601665,,,,,0.1291593277236756,0.0284251258924359,G,16598537249900.352,LLLYLLLGALLAFLLSTLILI,18115.05131628813,1634.8349812957524,16.058840178571266,0.0120813672377858,LLLYLLLGALLAFLLSTLILI,Mutant
LLLYLLLGALLAFLLSTLILI,LLLYLLLGALLAALLSTLILI,GAS,void,,,,,,,,,,,3461.44,4084.41,50.2728,71.3383,3515.52,4208.62,149.571,223.87,-12.4366,1.1e+17,12,F,58.4837,54.95085579,3390.1017,3291.65,98.4517,0.0,0.193746564887455,0.0719020359615899,G,-28.209118681459604,LLLYLLLGALLAFLLSTLILI,20220.88645716977,2863.884034677512,36.015268227724,-0.0525058699259936,LLLYLLLGALLAFLLSTLILI,Mutant
LLLYLLLGALLAFLLSTLILI,LLLALLLGALLAFLLSTLILI,GAS,void,,,,,,,,,,,3380.32,4021.07,63.7835,66.755,3515.52,4208.62,183.699,287.159,-12.4366,1.1e+17,3,Y,102.9758,39.32992716,3313.565,3228.361,85.204,0.0,0.4141259741115887,0.1523246519434765,G,-44.3692448025239,LLLYLLLGALLAFLLSTLILI,22209.67412376848,3156.440802654286,76.839336793306,-0.2728852791501273,LLLYLLLGALLAFLLSTLILI,Mutant
LLLSYLLTALLGALLGFLILI,LLLSYLLTALLIALLGFLILI,GAS,clash,13.119,-259.384,916692000.0,916692000.0,-58.6186,-275.052,-349.027,4139.79,-53.1536,-15.3556,3279.64,4133.07,60.6574,11.6725,3283.26,4114.96,40.6672,10.1419,-12.2521,1.10011e+17,11,G,118.5953,8.960387755,,,,,0.2101426942281051,0.1363044402337754,G,99999900.0,LLLSYLLTALLGALLGFLILI,20124.10054869901,2403.9321629388032,45.13515517778808,0.5795307729762749,LLLSYLLTALLGALLGFLILI,Mutant
LLLSYLLTALLGALLGFLILI,LLLSALLTALLGALLGFLILI,GAS,void,,,,,,,,,,,3326.5,3936.35,59.1554,58.4429,3283.26,4114.96,175.693,125.552,-12.2521,1.1e+17,4,Y,80.0323,42.20459692,3268.0571,3157.708,110.3491,0.0,0.22660959247764,0.0569205058186802,G,-48.0608206384899,LLLSYLLTALLGALLGFLILI,20445.07395157692,2832.322800560203,39.29440821970826,0.5630638747267399,LLLSYLLTALLGALLGFLILI,Mutant
LLLSYLLTALLGALLGFLILI,LLLSYLLTALLGALLGALILI,GAS,void,,,,,,,,,,,3204.45,3969.03,59.445,97.6492,3283.26,4114.96,158.364,259.451,-12.2521,1.1e+17,16,F,31.8136,75.42645455,3106.8008,3023.809,82.9918,0.0,0.8403367809427315,0.2115844066344819,G,20581608333233.32,LLLSYLLTALLGALLGFLILI,24812.07601603509,1776.5415371806523,145.76821186917158,-0.050663313738351534,LLLSYLLTALLGALLGFLILI,Mutant
LLLSYLLAVLLGLLLGTLILI,LLLSALLAVLLGLLLGTLILI,GAS,void,,,,,,,,,,,3255.72,3858.73,64.2804,79.9046,3239.14,4001.68,175.389,210.352,-11.997,1.1e+17,4,Y,58.5706,57.7031844,3175.8154,3028.788,147.0274,1.0,0.273441709499008,0.0234497417956932,G,11.390422996012894,LLLSYLLAVLLGLLLGTLILI,19652.5773607988,1496.4201058391172,42.705368672993565,0.5907640163947308,LLLSYLLAVLLGLLLGTLILI,Mutant
LLLSYLLAVLLGLLLGTLILI,LLLSYLLIVLLGLLLGTLILI,GAS,clash,20.5901,-269.785,447499.0,447197.0,-58.7719,-283.681,-375.602,4125.59,-52.9094,-33.1491,3239.14,4001.68,63.8201,18.615,3239.14,4001.68,63.8201,18.615,-11.997,1.10011e+17,7,A,129.5954,0.0,,,,,0.3049791998440598,0.0368341675503855,G,-60.09815559153782,LLLSYLLGVLLGLLLGTLILI,20132.246870931525,1967.7718505368484,41.072435483632574,0.5592265260496789,LLLSYLLAVLLGLLLGTLILI,Mutant
LLLSYLLAVLLGLLLGTLILI,LLLSYLLAVLLILLLGTLILI,GAS,clash,19.6479,-271.023,12214300000.0,12214300000.0,-58.7719,-284.103,-378.794,4146.52,-51.2791,-35.9186,3239.14,4018.73,58.1967,0.0,3239.14,4001.68,38.2984,0.0,-11.997,1.10011e+17,11,G,130.2678,0.0,,,,,0.382044483546071,0.2141708279851144,G,12452052068727.783,LLLSYLLAVLLGLLLGTLILI,19830.329411097788,676.6701383148285,78.55483040750725,0.4821612423476678,LLLSYLLAVLLGLLLGTLILI,Mutant
LLLSYLLAVLLGLLLGTLILI,LLLSYLLAVLLGALLGTLILI,GAS,void,,,,,,,,,,,3247.55,3951.63,55.1633,74.016,3239.14,4001.68,110.416,123.75,-11.997,1.1e+17,12,L,55.806,57.01344918,3173.534,3115.39,58.144,1.0,0.7330399056372999,0.066641076010399,G,-48.36375068924012,LLLSYLLAVLLGLLLGTLILI,23618.19146450759,1708.035105340009,114.87742783921746,0.13116582025643886,LLLSYLLAVLLGLLLGTLILI,Mutant
LLLYILLGLLLGTLLASLILI,LLLYILLILLLGTLLASLILI,GAS,clash,23.0314,-261.91,80622300000000.0,80622300000000.0,-74.0156,-289.509,-397.52,4211.79,-52.5581,-33.996,3197.9,4119.5,62.454,0.0,3197.9,4097.78,41.1803,0.0,-11.5693,1.10011e+17,7,G,129.5954,0.0,,,,,0.0396121868378842,0.1898917534003057,G,99999900.0,LLLYILLGLLLGTLLASLILI,17588.418683224456,459.84204764738337,25.60437709518624,0.2036201921913196,LLLYILLGLLLGTLLASLILI,Mutant
LLLYILLGLLLGTLLASLILI,LLLYILLGLLLITLLASLILI,GAS,clash,22.1767,-261.93,179161000000.0,179161000000.0,-74.0156,-289.8,-397.507,4210.78,-55.0242,-33.6912,3197.9,4116.02,56.792,1.48206,3197.9,4097.78,36.4183,1.48206,-11.5693,1.10011e+17,11,G,128.78574,1.137702487,,,,,0.159961333848533,0.0600071970263261,G,99999900.0,LLLYILLGLLLGTLLASLILI,18646.232732401146,1202.506581452557,29.801964052551217,0.0832710451806708,LLLYILLGLLLGTLLASLILI,Mutant
LLLYILLGLLLGTLLASLILI,LLLYALLGLLLGTLLASLILI,GAS,void,,,,,,,,,,,3214.28,4036.3,58.0611,51.8338,3197.9,4097.78,115.298,99.9369,-11.5693,1.1e+17,4,I,86.6414,37.43182895,3162.4462,3097.9631,64.4831,1.0,0.3061840753577967,0.0275012511663554,G,-40.77899344515384,LLLYILLGLLLGTLLASLILI,19689.99466965966,1400.072730020784,47.94846429406112,-0.06295169632859288,LLLYILLGLLLGTLLASLILI,Mutant
LLLYILLGLLLGTLLASLILI,LLLAILLGLLLGTLLASLILI,GAS,void,,,,,,,,,,,3167.65,3907.1,67.3979,34.9541,3197.9,4097.78,188.909,197.731,-11.5693,1.1e+17,3,Y,134.7767,20.59384626,3132.6959,3000.169,132.5269,1.0,0.9622262402984714,0.0961693969952323,G,-59.42887323963873,LLLYILLGLLLGTLLASLILI,25387.63250533537,1594.9708835646338,151.69917823687953,-0.7189938612692676,LLLYILLGLLLGTLLASLILI,Mutant
LLLYSLLTLLLGFLLAILILI,LLLYSLLTLLLGFLLIILILI,GAS,clash,13.7292,-270.201,52085300.0,52085000.0,-58.8807,-274.875,-357.673,4308.28,-57.6427,-23.9174,3369.7,4240.45,58.4463,3.14938,3369.7,4240.45,58.4463,3.14938,-10.7057,1.10011e+17,15,A,126.57102,2.427821684,,,,,0.1846633651939788,0.1096515378088543,G,99999900.0,LLLYSLLTLLLGFLLAILILI,19510.06857470853,2558.911501401643,15.774399625932602,0.0544877027967578,LLLYSLLTLLLGFLLAILILI,Mutant
LLLYSLLTLLLGFLLAILILI,LLLYSLLTLLLGALLAILILI,GAS,void,,,,,,,,,,,3377.21,4125.35,50.305,46.4462,3369.7,4240.45,145.809,144.572,-10.7057,1.1e+17,12,F,83.3758,35.77683289,3330.7638,3225.128,105.6358,0.0,0.3852141253099059,0.1037746487965489,G,99999900.0,LLLYSLLTLLLGFLLAILILI,20203.02815770986,2183.0883626348136,45.91702491807907,-0.1460630573191693,LLLYSLLTLLLGFLLAILILI,Mutant
LLLTFLLALLLGYLLGSLILI,LLLTFLLALLLIYLLGSLILI,GAS,clash,16.3974,-263.345,476889000.0,476889000.0,-60.2601,-292.291,-379.326,4146.85,-46.2251,-26.7749,3231.13,4091.31,60.0901,0.0,3231.13,4074.17,40.3596,0.0,-9.74901,1.10011e+17,11,G,130.2678,0.0,,,,,0.1671571252991178,0.1078875654678173,G,99999900.0,LLLTFLLALLLGYLLGSLILI,18869.485517598903,2174.7887887586685,13.38030373827397,0.6716648849120843,LLLTFLLALLLGYLLGSLILI,Mutant
LLLTFLLALLLGYLLGSLILI,LLLTFLLALLLGALLGSLILI,GAS,void,,,,,,,,,,,3270.15,3945.57,60.6471,94.1324,3231.13,4074.17,161.682,186.609,-9.74901,1.1e+17,12,Y,35.6896,72.50881977,3176.0176,3044.521,131.4966,1.0,0.7579016957512308,0.063924762148607,G,-15.400831658148464,LLLTFLLALLLGYLLGSLILI,24031.51370943848,1968.552267249136,118.25545674381482,0.08092031445997139,LLLTFLLALLLGYLLGSLILI,Mutant
LLLFVLLTILLGALLSLLILI,LLLFVLLTILLGALLILLILI,GAS,clash,12.7251,-253.555,2604800000.0,2604800000.0,-58.8679,-268.94,-363.403,4234.92,-54.6664,-35.5954,3325.28,4068.85,60.4757,12.8389,3324.45,4086.19,72.523,13.9987,-9.71457,1.10011e+17,15,S,116.8815,9.897363869,,,,,0.2095965938956093,0.0090327859017324,G,-44.82291960104514,LLLFVLLTILLGALLSLLILI,19214.05628673045,1590.5136019896174,31.803199769490494,0.05221805249223588,LLLFVLLTILLGALLSLLILI,Mutant
LLLFVLLTILLGALLSLLILI,LLLAVLLTILLGALLSLLILI,GAS,void,,,,,,,,,,,3225.0,3945.34,59.1187,118.036,3324.45,4086.19,162.118,298.721,-9.71457,1.1e+17,3,F,51.6948,69.54306466,3106.964,3025.729,81.235,0.0,0.33188057308978,0.0147178301986274,G,-81.41811844580371,LLLFVLLTILLGALLSLLILI,19714.717467974013,1489.887289039697,50.40121367159621,-0.07006592670193479,LLLFVLLTILLGALLSLLILI,Mutant
LLLFVLLTILLGALLSLLILI,LLLFVLLTALLGALLSLLILI,GAS,void,,,,,,,,,,,3359.18,4060.81,61.6362,40.5358,3324.45,4086.19,101.208,77.3652,-9.71457,1.1e+17,8,I,90.7938,30.86569974,3318.6442,3247.0848,71.5594,0.0,0.374458243887139,0.0788622284319444,G,99999900.0,LLLFVLLTILLGALLSLLILI,21135.160240948764,2058.878301532992,63.34941980080022,-0.11264359749929381,LLLFVLLTILLGALLSLLILI,Mutant
LLLSYLLTVLLGTLLAFLILI,LLLSYLLTVLLITLLAFLILI,GAS,clash,10.2495,-264.117,172873000.0,172873000.0,-72.5251,-278.877,-365.744,4173.3,-55.0637,-14.3414,3323.22,4216.64,55.9459,0.0,3323.22,4200.72,36.8323,0.0,-9.70983,1.10011e+17,11,G,130.2678,0.0,,,,,0.1234860440168524,0.0659159514852778,G,99999900.0,LLLSYLLTVLLGTLLAFLILI,18918.82954328208,1749.3377068160228,25.04626650624393,0.1739911737867005,LLLSYLLTVLLGTLLAFLILI,Mutant
LLLSYLLTVLLGTLLAFLILI,LLLSYLLTVLLGTLLIFLILI,GAS,clash,10.252,-262.937,161008000.0,161008000.0,-72.5251,-273.988,-357.5,4183.16,-57.0929,-10.9869,3323.22,4200.72,63.4785,14.4078,3323.22,4200.72,63.4785,14.4078,-9.70983,1.10011e+17,15,A,115.3126,11.10681126,,,,,0.2121737270977331,0.0295450536861018,G,-82.85191345343989,LLLSYLLTVLLGTLLAFLILI,19136.764160438008,1424.0562987611738,34.318418098247946,0.0853034907058198,LLLSYLLTVLLGTLLAFLILI,Mutant
LLLSYLLTVLLGTLLAFLILI,LLLSALLTVLLGTLLAFLILI,GAS,void,,,,,,,,,,,3381.75,4026.64,58.6248,78.1095,3323.22,4200.72,174.444,134.462,-9.70983,1.1e+17,4,Y,60.3657,56.40685119,3303.6405,3188.758,114.8825,1.0,0.2581417581620371,0.059411405770984,G,5460513927679.207,LLLSYLLTVLLGTLLAFLILI,18926.716156221177,1288.5599093145297,44.19681325846823,0.0393354596415158,LLLSYLLTVLLGTLLAFLILI,Mutant
LLLSYLLTVLLGTLLAFLILI,LLLSYLLTVLLGTLLAALILI,GAS,void,,,,,,,,,,,3221.01,4053.9,56.1317,100.685,3323.22,4200.72,155.229,276.262,-9.70983,1.1e+17,16,F,28.7778,77.77137525,3120.325,3046.958,73.367,1.0,0.3325556703544375,0.0010112951762353,G,-72.65977579679547,LLLSYLLTVLLGTLLAFLILI,19736.69646880423,1576.8638091296043,48.8629016541057,-0.0350784525508846,LLLSYLLTVLLGTLLAFLILI,Mutant
LLLYALLFLLLGTLLSILILI,LLLYALLFILLGTLLSILILI,GAS,clash,15.1132,-264.358,17450.9,17148.1,-74.0819,-275.309,-365.167,4191.92,-53.6365,-15.776,3455.52,4203.15,54.5486,13.3637,3441.04,4253.75,110.162,27.0954,-9.67379,1.10011e+17,8,L,117.9659,10.17569535,,,,,0.0631854312807752,0.1997770890772782,G,99999900.0,LLLYALLFLLLGTLLSILILI,18202.9952464244,1089.7787623200643,30.104755652681792,0.0867656468308966,LLLYALLFLLLGTLLSILILI,Mutant
LLLYALLFLLLGTLLSILILI,LLLYALLFLLLGTLLSALILI,GAS,void,,,,,,,,,,,3412.82,4227.86,56.301,107.258,3441.04,4253.75,97.0389,191.924,-9.67379,1.1e+17,16,I,22.2048,82.84850938,3305.562,3249.116,56.446,0.0,0.1720292932704192,0.0143645432730123,G,-34.674876626361794,LLLYALLFLLLGTLLSILILI,19103.03240232108,1713.8252869276268,26.82662866415983,-0.02207821515874739,LLLYALLFLLLGTLLSILILI,Mutant
LLLYALLFLLLGTLLSILILI,LLLYALLALLLGTLLSILILI,GAS,void,,,,,,,,,,,3445.82,4091.07,59.7435,19.8178,3441.04,4253.75,161.233,93.9467,-9.67379,1.1e+17,7,F,109.7776,15.29205512,3426.0022,3347.0933,78.9089,0.0,0.1805981704185473,0.018396770503553,G,-61.81916122401954,LLLYALLFLLLGTLLSILILI,18863.51267116098,1456.8277734662636,28.508215815899813,-0.030647092306875512,LLLYALLFLLLGTLLSILILI,Mutant
LLLYALLFLLLGTLLSILILI,LLLYALLFLLLITLLSILILI,GAS,clash,15.0945,-269.598,742393000.0,742393000.0,-74.0819,-282.919,-381.076,4285.29,-51.2868,-24.075,3439.63,4251.35,43.5213,3.77695,3441.04,4253.75,30.1583,2.61481,-9.67379,1.10011e+17,11,G,126.49085,2.899373445,,,,,0.1908227214896769,0.057556097931303,G,5.318782020876848,LLLYALLFLLLGTLLSILILI,19450.29728504677,2227.077720486296,22.10553804904401,-0.04087164337800511,LLLYALLFLLLGTLLSILILI,Mutant
LLLTSLLVGLLAYLLGLLILI,LLLTSLLVGLLIYLLGLLILI,GAS,clash,18.0454,-270.208,29384400.0,29384100.0,-44.9603,-272.84,-358.185,4143.52,-54.5145,-40.3854,3186.99,4079.63,60.3117,3.89179,3186.99,4079.63,60.3117,3.89179,-9.47755,1.10011e+17,11,A,126.37601,2.987530303,,,,,0.2220212687320309,0.047172480963542,G,-32.83603089891731,LLLTSLLVGLLAYLLGLLILI,18750.398714543742,1278.5434385953338,37.60382040022479,0.1684453705823328,LLLTSLLVGLLAYLLGLLILI,Mutant
LLLTSLLVGLLAYLLGLLILI,LLLTSLLVGLLAYLLGALILI,GAS,void,,,,,,,,,,,3187.43,4022.29,59.3629,103.745,3186.99,4079.63,116.903,172.334,-9.47755,1.1e+17,16,L,25.7178,80.13498858,3083.685,3014.656,69.029,0.0,0.2743622580803759,0.1117379765419284,G,-11.285941178015158,LLLTSLLVGLLAYLLGLLILI,19552.53776705174,980.547829613868,52.03350156545004,0.11610438123398781,LLLTSLLVGLLAYLLGLLILI,Mutant
LLLTSLLVGLLAYLLGLLILI,LLLTSLLVGLLAYLLILLILI,GAS,clash,18.0448,-271.388,15869600.0,15869300.0,-44.9603,-268.925,-356.337,4187.24,-54.6189,-42.4519,3187.22,4093.1,57.6008,3.83429,3186.99,4079.63,39.0307,3.75438,-9.47755,1.10011e+17,15,G,125.88611,2.955811114,,,,,0.3009134696815585,0.013415519968213,G,-28.50264792797848,LLLTSLLVGLLAYLLGLLILI,19806.001239399804,1669.270407623818,42.91211734581311,0.08955316963280519,LLLTSLLVGLLAYLLGLLILI,Mutant
LLLTSLLVGLLAYLLGLLILI,LLLTSLLVGLLAALLGLLILI,GAS,void,,,,,,,,,,,3211.09,3890.38,52.711,47.4703,3186.99,4079.63,171.48,126.818,-9.47755,1.1e+17,12,Y,82.3517,36.56568224,3163.6197,3060.172,103.4477,0.0,0.3148618889699501,0.0839321842604808,G,-30.51078422569564,LLLTSLLVGLLAYLLGLLILI,19935.656041484457,1176.389384123877,55.10185301114754,0.07560475034441361,LLLTSLLVGLLAYLLGLLILI,Mutant
LLLYVLLTLLLGALLSFLILI,LLLYVLLTALLGALLSFLILI,GAS,void,,,,,,,,,,,3543.3,4180.79,58.8448,36.3178,3531.86,4230.42,114.098,81.626,-9.47255,1.1e+17,8,L,95.0118,27.65393331,3506.9822,3450.234,56.7482,0.0,0.1744521603692076,0.004004039547129,G,99999900.0,LLLYVLLTLLLGALLSFLILI,19945.134031822225,2812.501774895509,26.104654139019186,0.1464421474539778,LLLYVLLTLLLGALLSFLILI,Mutant
LLLYVLLTLLLGALLSFLILI,LLLYVLLTLLLIALLSFLILI,GAS,clash,13.8927,-265.729,102505000.0,102504000.0,-74.2441,-282.782,-378.485,4281.9,-50.7709,-21.4588,3530.38,4242.9,50.3085,8.97039,3531.86,4230.42,31.9604,6.64612,-9.47255,1.10011e+17,11,G,121.29741,6.886114604,,,,,0.1832090602222347,0.0860902721948967,G,99999900.0,LLLYVLLTLLLGALLSFLILI,20315.68339249301,3486.1393850285262,18.01345835289614,0.1376852476009507,LLLYVLLTLLLGALLSFLILI,Mutant
LLLYVLLTLLLGALLSFLILI,LLLYVLLILLLGALLSFLILI,GAS,clash,13.8812,-261.292,1133.32,837.054,-60.3995,-280.508,-365.25,4268.74,-48.8519,-24.3432,3542.23,4193.94,58.7943,23.4162,3531.86,4230.42,88.6191,42.1472,-9.47255,1.10011e+17,7,T,106.1792,18.06869688,,,,,0.1988592283736296,0.0097932148078828,G,7744075917350.679,LLLYVLLTLLLGALLSFLILI,19435.353014142725,1865.010391794597,30.30131883156517,0.1220350794495558,LLLYVLLTLLLGALLSFLILI,Mutant
LLLYVLLTLLLGALLSFLILI,LLLYVLLTLLLGALLSALILI,GAS,void,,,,,,,,,,,3433.39,4084.22,58.3181,100.311,3531.86,4230.42,157.975,273.941,-9.47255,1.1e+17,16,F,29.1518,77.48248918,3333.079,3257.919,75.16,0.0,0.362402816097313,0.0989885491763686,G,569.0839227175255,LLLYVLLTLLLGALLSFLILI,20393.673198485543,1184.9272159041363,63.66983614437841,-0.04150850827412761,LLLYVLLTLLLGALLSFLILI,Mutant
LLLTYLLGVLLGLLLSFLILI,LLLTYLLIVLLGLLLSFLILI,GAS,clash,27.2443,-276.202,88783200.0,88782900.0,-60.3458,-284.684,-372.655,4189.55,-49.0863,-27.6252,3305.8,4209.52,57.3905,0.145267,3306.0,4201.18,41.2427,0.145267,-9.24157,1.10011e+17,7,G,129.450133,0.112092713,,,,,0.2792047500456628,0.0621837356350006,G,99999900.0,LLLTYLLGVLLGLLLSFLILI,19987.061196263265,1580.4985837303252,47.58695464156554,0.7563450088572866,LLLTYLLGVLLGLLLSFLILI,Mutant
LLLYSLLFALLGALLTLLILI,LLLYSLLFALLGALLILLILI,GAS,clash,21.1763,-265.987,31571700.0,31571400.0,-44.9875,-268.157,-340.269,4248.75,-50.5652,-27.124,3399.43,4212.18,60.933,19.6801,3387.03,4251.87,93.1984,26.7747,-8.92688,1.10011e+17,15,T,110.0403,15.17116814,,,,,0.2438180790915745,0.0169276566718718,G,-46.81930778812584,LLLYSLLFALLGALLTLLILI,19887.654202784863,2088.6944346896,34.13924413336923,0.19385429000530452,LLLYSLLFALLGALLTLLILI,Mutant
LLLYSLLFALLGALLTLLILI,LLLYSLLFALLGALLTALILI,GAS,void,,,,,,,,,,,3363.79,4190.17,58.6787,95.5187,3387.03,4251.87,116.769,185.567,-8.92688,1.1e+17,16,L,33.9441,73.78080808,3268.2713,3201.463,66.8083,1.0,0.398686849478466,0.1382416466120526,G,15.906636872033411,LLLYSLLFALLGALLTLLILI,21564.73537056832,3108.126835288353,44.31214942189485,0.03898551961841301,LLLYSLLFALLGALLTLLILI,Mutant
LLLYSLLFALLGALLTLLILI,LLLYSLLAALLGALLTLLILI,GAS,void,,,,,,,,,,,3403.05,4070.11,64.0176,35.4221,3387.03,4251.87,169.804,113.747,-8.92688,1.1e+17,7,F,94.1733,27.33283743,3367.6279,3273.283,94.3449,1.0,0.5202731983650843,0.0197841422177806,G,19084990908990.9,LLLYSLLFALLGALLTLLILI,22482.252717995,2638.816942816203,74.54932351897881,-0.08260082926820533,LLLYSLLFALLGALLTLLILI,Mutant
LLLTFLLGILLGVLLSLLILI,LLLTFLLIILLGVLLSLLILI,GAS,clash,21.4266,-266.195,575639000.0,575639000.0,-60.3629,-278.438,-380.062,4163.53,-47.8218,-41.261,3218.6,4025.59,54.2534,0.0,3218.6,4019.55,39.7167,0.0,-7.29132,1.10011e+17,7,G,129.5954,0.0,,,,,0.3606090379124912,0.1049047607486524,G,99999900.0,LLLTFLLGILLGVLLSLLILI,20002.648009804896,979.4579980768438,64.02170248511744,0.7907808536304487,LLLTFLLGILLGVLLSLLILI,Mutant
LLLYLLLAVLLGTLLSFLILI,LLLYLLLAVLLGTLLIFLILI,GAS,clash,12.1951,-261.886,62374400.0,62374100.0,-58.7596,-272.865,-351.819,4319.0,-52.2203,-20.1941,3418.74,4220.25,62.3943,2.7898,3418.59,4229.82,73.7707,2.77723,-7.09849,1.10011e+17,15,S,126.9306,2.150625499,,,,,0.077549634807797,0.009307850565217,G,-13.722370825669342,LLLYLLLAVLLGTLLSFLILI,17782.51565058,1494.0443963470568,10.449903317403376,0.1086760938185401,LLLYLLLAVLLGTLLSFLILI,Mutant
LLLYLLLAVLLGTLLSFLILI,LLLYALLAVLLGTLLSFLILI,GAS,void,,,,,,,,,,,3423.87,4104.5,60.3486,84.9878,3418.59,4229.82,135.302,139.178,-7.09849,1.1e+17,4,L,53.4874,61.37402221,3338.8822,3279.412,59.4702,1.0,0.2592025316385552,0.0819889177401424,G,9175467935170.7,LLLYALLALLLGTLLSFLILI,18362.335080352303,1817.734174991385,46.70378399054985,-0.07297680301221812,LLLYLLLAVLLGTLLSFLILI,Mutant
LLLYLLLAVLLGTLLSFLILI,LLLYLLLAVLLITLLSFLILI,GAS,clash,12.1946,-265.096,38649500.0,38649200.0,-74.0075,-284.147,-379.116,4303.82,-50.3332,-20.9619,3418.59,4248.2,53.1454,0.0,3418.59,4229.82,32.0439,0.0,-7.09849,1.10011e+17,11,G,130.2678,0.0,,,,,0.2909539428713117,0.0094942601459584,G,99999900.0,LLLYLLLAVLLGTLLSFLILI,19186.39358470361,1686.8395358323007,41.853877871967256,-0.10472821424497461,LLLYLLLAVLLGTLLSFLILI,Mutant
LLLLYLLLAVLTSLLFSLILI,LLLLYLLLAVLTSLLASLILI,Left,void,,,,,,,,,,,3338.22,4079.17,62.4231,28.4922,3344.34,4191.09,152.192,144.565,-24.3779,1.1e+16,15,F,101.2282,21.9643171,3309.7278,3199.775,109.9528,3.0,0.1878411668696922,0.1529735476417389,L,-9.028247881465871,LLLLYLLLAVLTSLLFSLILI,28108.39365890471,449.9337525889909,6.515423936188454,-0.026364602236286505,LLLLYLLLAVLTSLLFSLILI,Mutant
LLLLYLLLAVLTSLLFSLILI,LLLLYLLLIVLTSLLFSLILI,Left,clash,17.3213,-275.277,4857800000000.0,4857800000000.0,-89.5936,-289.816,-398.294,4207.62,-51.3566,-18.8843,3344.34,4191.09,60.9111,34.8524,3344.34,4191.09,60.9111,34.8524,-24.3779,1.10011e+16,8,A,96.4772,26.53811479,,,,,0.2304055393776479,0.1301594626605293,L,18998407692207.707,LLLLYLLLAVLTSLLFSLILI,27974.40884960876,1223.769932173404,26.368528522443967,-0.0689289747442422,LLLLYLLLAVLTSLLFSLILI,Mutant
LLLLYLLLAVLTSLLFSLILI,LLLLALLLAVLTSLLFSLILI,Left,void,,,,,,,,,,,3193.75,4036.66,55.266,87.1788,3344.34,4191.09,167.413,311.18,-24.3779,1.1e+16,4,Y,51.2964,62.95625498,3106.5712,3033.16,73.4112,3.0,0.4025945125214438,0.1202881963371799,L,-33.69190165542067,LLLLYLLLAVLTSLLFSLILI,29860.72018989694,448.2106954886397,25.967469800000146,-0.2411179478880381,LLLLYLLLAVLTSLLFSLILI,Mutant
LLLLYALLFLLTALLFSLILI,LLLLYALLFLLTILLFSLILI,Left,clash,18.1646,-275.939,1819300.0,1818990.0,-74.1994,-289.713,-372.307,4249.08,-49.9107,-8.39496,3284.35,4360.92,48.5805,8.43401,3284.35,4360.92,48.5805,8.43401,-23.8351,1.10011e+16,12,A,121.38799,6.496595338,,,,,0.1278395464725757,0.0950929146511494,L,99999900.0,LLLLYALLFLLTALLFSLILI,27145.73671332636,1131.8452850344302,4.955612827336461,0.2070005135017878,LLLLYALLFLLTALLFSLILI,Mutant
LLLLYALLFLLTALLFSLILI,LLLLAALLFLLTALLFSLILI,Left,void,,,,,,,,,,,3141.97,4203.78,59.4025,82.9216,3284.35,4360.92,172.817,303.645,-23.8351,1.1e+16,4,Y,55.5536,59.88191387,3059.0484,2980.705,78.3434,2.0,0.284749268314337,0.0295268304082387,L,-37.40290684244079,LLLLYALLFLLTALLFSLILI,28276.89767495129,1037.5565194194378,21.57869266731797,0.0500907916600265,LLLLYALLFLLTALLFSLILI,Mutant
LLLLYALLFLLTALLFSLILI,LLLLYALLALLTALLFSLILI,Left,void,,,,,,,,,,,3309.55,4210.04,58.8127,4.43075,3284.35,4360.92,158.722,62.8135,-23.8351,1.1e+16,8,F,126.89885,3.373763417,3305.11925,3221.5365,83.58275,2.0,0.4519299116407213,0.0393698470740029,L,-52.40899511156827,LLLLYALLFLLTALLFSLILI,29349.02920811479,1256.7225498563378,34.68113771870784,-0.11708985166635782,LLLLYALLFLLTALLFSLILI,Mutant
LLLLYALVFLLTSLLFLLILI,LLLLYALVFLLTSLAFLLILI,Left,void,,,,,,,,,,,3303.84,4236.7,53.7589,109.01,3357.04,4294.49,113.695,226.585,-19.8812,1.1e+16,14,L,20.8768,83.92692714,3194.83,3130.455,64.375,3.0,0.1832771680392747,0.1536819842380999,L,-59.243249734515935,LLLLYALVFLLTSLLFLLILI,28008.427080311794,532.6031407893946,6.101225665693669,0.19692975396412046,LLLLYALVFLLTSLLFLLILI,Mutant
LLLLYALVFLLTSLLFLLILI,LLLLYALVILLTSLLFLLILI,Left,clash,17.0196,-271.757,818.798,510.706,-74.3283,-276.794,-372.574,4234.52,-53.3546,-21.452,3374.62,4154.79,57.6023,8.54419,3357.04,4294.49,154.565,35.8785,-19.8812,1.1011e+16,8,F,122.78541,6.505913366,,,,,0.227062726866321,0.1238869778895407,L,99999900.0,LLLLYALVFLLTSLLFLLILI,29849.18170139597,2291.567740625907,11.40481077794934,0.15314419513707417,LLLLYALVFLLTSLLFLLILI,Mutant
LLLLYALVFLLTSLLFLLILI,LLLLYALVFLLTSLLALLILI,Left,void,,,,,,,,,,,3387.62,4197.86,58.1423,19.2757,3357.04,4294.49,149.586,104.858,-19.8812,1.1e+16,15,F,110.4447,14.85942072,3368.3443,3252.182,116.1623,3.0,0.3169953108618398,0.0091640406060779,L,-66.74125107877387,LLLLYALVFLLTSLLFLLILI,28836.196366710657,515.6139902820508,26.453011923654145,0.06321161114155538,LLLLYALVFLLTSLLFLLILI,Mutant
LLLLYALVFLLTSLLFLLILI,LLLLYALVFLLTILLFLLILI,Left,clash,17.0366,-274.756,64068.2,63760.5,-58.9419,-279.675,-350.952,4292.25,-49.9584,-12.3359,3358.54,4303.64,34.925,0.508435,3357.04,4294.49,37.9222,1.68173,-19.8812,1.1011e+16,12,S,129.313565,0.391640092,,,,,0.4836986036221797,0.1185354572083418,L,99999900.0,LLLLYALVFLLTSLLFLLILI,31168.119686548613,1481.2709803371467,32.70131589271358,-0.10349168161878453,LLLLYALVFLLTSLLFLLILI,Mutant
LLLLYLLLAVLLSLLFTLILI,LLLLYLLLIVLLSLLFTLILI,Left,clash,18.1398,-276.77,5245900000.0,5245900000.0,-74.2291,-290.033,-392.228,4249.87,-49.6062,-27.9665,3265.3,4326.04,47.9208,13.15,3265.3,4326.04,47.9208,13.15,-19.3482,1.10011e+16,8,A,118.1796,10.01297499,,,,,0.1600766311250697,0.1266695764606368,L,99999900.0,LLLLYLLLAVLLSLLFTLILI,29733.173559700685,2909.96792496673,5.765947543565695,0.1294070309345457,LLLLYLLLAVLLSLLFTLILI,Mutant
LLLLYLLLAVLLSLLFTLILI,LLLLYLLLAVLISLLFTLILI,Left,clash,17.9957,-272.712,1600390000.0,1600390000.0,-74.2291,-285.125,-378.377,4215.15,-49.6062,-19.0226,3294.97,4261.8,59.6349,22.8192,3265.3,4326.04,121.631,76.6257,-19.3482,1.10011e+16,11,L,107.4486,17.51714545,,,,,0.2353748600857072,0.1439322670272406,L,99999900.0,LLLLYLLLAVLLSLLFTLILI,29621.57468111307,2433.000558805367,27.57132601677508,0.05410880197390819,LLLLYLLLAVLLSLLFTLILI,Mutant
LLLLYLLLAVLLSLLFTLILI,LLLLALLLAVLLSLLFTLILI,Left,void,,,,,,,,,,,3283.75,4171.19,60.1879,22.7848,3265.3,4326.04,172.674,150.264,-19.3482,1.1e+16,4,Y,115.6904,16.45406542,3260.9652,3115.036,145.9292,2.0,0.3216799901097926,0.0602390847218802,L,-29.66567275287437,LLLLYLLLAVLLSLLFTLILI,28554.53498551195,1046.526681337887,29.789551087137312,-0.03219632805017719,LLLLYLLLAVLLSLLFTLILI,Mutant
LLLLYLLLAVLLSLLFTLILI,LLLLYLLLAVLLSLLATLILI,Left,void,,,,,,,,,,,3282.15,4155.83,64.5019,43.8463,3265.3,4326.04,169.284,131.485,-19.3482,1.1e+16,15,F,85.8741,33.80062041,3238.3037,3133.815,104.4887,2.0,0.4107841193757968,0.2395328769860422,L,17641378571328.58,LLLLYLLLAVLLSLLFTLILI,28997.70933082196,1944.6247715374304,19.74181791946031,-0.12130045731618139,LLLLYLLLAVLLSLLFTLILI,Mutant
LLLLYLLLFVLATLLLSLILI,LLLLYLLLAVLATLLLSLILI,Left,void,,,,,,,,,,,3253.77,4137.94,58.0168,26.0484,3227.42,4288.71,162.141,108.926,-18.611,1.1e+16,8,F,105.2812,19.83437093,3227.7216,3118.494,109.2276,2.0,0.2306035085111228,0.1620636435108641,L,13930761111011.104,LLLLYLLLFVLATLLLSLILI,28399.36228939632,549.8300849538622,9.48678417408884,-0.014258854236332191,LLLLYLLLFVLATLLLSLILI,Mutant
LLLLYLLLFVLATLLLSLILI,LLLLYLLLFVLATLLISLILI,Left,clash,19.9285,-272.565,7712660000.0,7712660000.0,-74.2037,-284.865,-380.847,4215.39,-49.615,-21.7787,3249.41,4202.84,62.8941,51.5586,3227.42,4288.71,129.917,55.9133,-18.611,1.10011e+16,15,L,78.1618,39.7459459,,,,,0.2494773059341069,0.2219276597088101,L,8931125008286.803,LLLLYLLLFVLATLLLSLILI,27900.2136177956,1697.89365852438,7.568573008088688,-0.03313265165931631,LLLLYLLLFVLATLLLSLILI,Mutant
LLLLYLLLFVLATLLLSLILI,LLLLALLLFVLATLLLSLILI,Left,void,,,,,,,,,,,3240.85,4134.65,55.7649,6.68892,3227.42,4288.71,167.91,147.819,-18.611,1.1e+16,4,Y,131.78628,4.830410066,3234.16108,3079.601,154.56008,2.0,0.2882716045623967,0.0488744621667532,L,-36.5098788784584,LLLLYLLLFVLATLLLSLILI,28354.34366685832,963.5175929367424,20.74795507535571,-0.0719269502876061,LLLLYLLLFVLATLLLSLILI,Mutant
LLLLYLLLFVLATLLLSLILI,LLLLYLLLFVLITLLLSLILI,Left,clash,19.9299,-276.625,191552000000000.0,191552000000000.0,-74.2037,-291.435,-394.221,4255.7,-49.615,-28.5822,3227.42,4288.71,41.3202,6.69852,3227.42,4288.71,41.3202,6.69852,-18.611,1.10011e+16,11,A,123.56928,5.142114936,,,,,0.3715319942055937,0.0840624651413011,L,99999900.0,LLLLYLLLFVLATLLLSLILI,28614.250595501504,1608.0986264510962,25.52202277868134,-0.15518733993080308,LLLLYLLLFVLATLLLSLILI,Mutant
LLLFALLLLLVTLLYSLLILI,LLLFALLALLVTLLYSLLILI,Left,void,,,,,,,,,,,3820.24,4727.99,49.4606,21.1778,3779.92,4804.53,117.024,63.2972,-17.8064,1.1e+17,7,L,108.4176,16.34147508,3799.0622,3716.6228,82.4394,2.0,0.2196300784418006,0.0985485142342461,L,-23.902273239848743,LLLFALLLLLVTLLYSLLILI,28240.79081374684,392.40035507666585,12.262195228675248,0.021036960796386395,LLLFALLLLLVTLLYSLLILI,Mutant
LLLFALLLLLVTLLYSLLILI,LLLFALLILLVTLLYSLLILI,Left,clash,13.3599,-270.217,3.59e+18,3.59e+18,-74.2685,-282.043,-377.302,4282.09,-51.9234,-20.9905,3483.73,4178.47,49.6775,20.9774,3449.49,4264.16,118.21,47.0241,-17.4217,1.10011e+17,7,L,108.618,16.18683996,,,,,0.2329549509164695,0.2943290773878901,L,-22.88356712974144,LLLFALLLLLVTLLYSLLILI,28782.321079991303,1116.8656679803878,2.03077059283984,0.007712088321717492,LLLFALLLLLVTLLYSLLILI,Mutant
LLLFALLLLLVTLLYSLLILI,LLLAALLLLLVTLLYSLLILI,Left,void,,,,,,,,,,,3369.2,4122.9,54.8724,105.815,3449.49,4264.16,157.067,270.168,-17.4217,1.1e+17,3,F,63.9158,62.34283937,3263.385,3179.322,84.063,3.0,0.2768369615109162,0.1369686044932281,L,24.79633968920692,LLLAALLLLLVTLLFSLLILI,28464.499943966643,839.7083391761205,14.71877430847841,-0.036169922272729194,LLLFALLLLLVTLLYSLLILI,Mutant
LLLFALLLLLVTLLYSLLILI,LLLFALLLLLVTLLASLLILI,Left,void,,,,,,,,,,,3816.75,4686.31,43.9032,13.891,3779.92,4804.53,148.121,76.3761,-17.8064,1.1e+17,14,Y,115.9958,10.69469723,3802.859,3703.5439,99.3151,2.0,0.3237236947193597,0.1080974814403501,L,-24.99716714488813,LLLFALLLLLVTLLYSLLILI,28927.742827789883,564.7332235217498,20.222541865687973,-0.08305665548117269,LLLFALLLLLVTLLYSLLILI,Mutant
LLLLYILTFLLAVLLLLLILI,LLLLYILTFLLAVLLILLILI,Left,clash,16.1798,-274.362,326931000.0,326930000.0,-58.8332,-277.083,-364.176,4282.59,-49.493,-28.2594,3309.43,4244.39,60.5055,38.2555,3289.29,4324.19,125.42,42.1912,-16.6978,1.1011e+16,15,L,94.5666,27.09966975,,,,,0.218618941143467,0.1712800828630293,L,16716913333233.344,LLLLYILTFLLAVLLSLLILI,27710.24393331787,1467.3214081195629,7.973770932014412,0.11034930704781351,LLLLYILTFLLAVLLLLLILI,Mutant
LLLLYILTFLLAVLLLLLILI,LLLLAILTFLLAVLLLLLILI,Left,void,,,,,,,,,,,3319.61,4143.38,62.6799,39.6284,3289.29,4324.19,180.187,151.16,-16.6978,1.1e+16,4,Y,98.8468,28.6176875,3279.9816,3138.13,141.8516,2.0,0.4346599834637229,0.0431444244442252,L,-67.30194414429896,LLLLYILTFLLAVLLLLLILI,29595.058899863903,624.1861687187165,33.050578804532,-0.10569173527244241,LLLLYILTFLLAVLLLLLILI,Mutant
LLLLYVLLLILATLLFSLILI,LLLLYVLLLILATLLASLILI,Left,void,,,,,,,,,,,3315.95,4097.68,63.6825,57.7271,3301.63,4259.01,166.065,158.599,-15.1973,1.1e+16,15,F,71.9933,44.50117329,3258.2229,3143.031,115.1919,2.0,0.2092211261858713,0.1641886518403569,L,-67.39956973795896,LLLLYVLLLILATLLFSLILI,27648.80588956729,1433.4559289668116,7.615305949746004,0.2097842472243444,LLLLYVLLLILATLLFSLILI,Mutant
LLLLYVLLLILATLLFSLILI,LLLLAVLLLILATLLFSLILI,Left,void,,,,,,,,,,,3316.99,4116.8,47.5294,28.8061,3301.63,4259.01,157.712,150.708,-15.1973,1.1e+16,4,Y,109.6691,20.80235306,3288.1839,3150.922,137.2619,2.0,0.2251974322380764,0.0394415237220617,L,-44.49233510582419,LLLLYVLLLILATLLFSLILI,28313.489357889684,600.3694143718108,20.69681632281549,0.19380794117213931,LLLLYVLLLILATLLFSLILI,Mutant
LLLLYVLLLILATLLFSLILI,LLLLYVLLIILATLLFSLILI,Left,clash,16.4419,-273.036,6399560000000.0,6399560000000.0,-74.2722,-289.002,-383.525,4155.88,-49.8851,-20.251,3313.54,4192.45,58.1914,33.1023,3301.63,4259.01,119.223,33.3968,-15.1973,1.10011e+16,8,L,98.2273,25.20551346,,,,,0.2277061387300634,0.110674763098269,L,20896141666566.67,LLLLYVLLLILATLLFSLILI,27629.23010450308,1565.0147004775106,12.221429736553311,0.1912992346801523,LLLLYVLLLILATLLFSLILI,Mutant
LLLLYVLLLILATLLFSLILI,LLLLYVLLLILITLLFSLILI,Left,clash,16.3958,-277.096,6399560000000.0,6399560000000.0,-74.2722,-293.151,-391.022,4225.41,-49.8851,-23.5993,3301.63,4259.01,57.4005,27.2736,3301.63,4259.01,57.4005,27.2736,-15.1973,1.10011e+16,11,A,102.9942,20.93656299,,,,,0.7749931977320704,0.0868053354485718,L,99999900.0,LLLLYVLLLILATLLFSLILI,32461.000939394053,359.696675236664,68.39659613894982,-0.3559878243218547,LLLLYVLLLILATLLFSLILI,Mutant
LLLYWLLTILVALLLSLLILI,LLLYWLLTILVILLLSLLILI,Left,clash,36.7618,-283.098,8779390000.0,8779390000.0,-74.1249,-289.95,-398.758,4302.76,-49.6093,-34.6826,3604.75,4130.02,46.8967,15.4979,3604.75,4130.02,46.8967,15.4979,-14.8358,1.10011e+17,11,A,114.7699,11.89695381,,,,,0.1247829305711418,0.0963286392519935,L,22795790908990.91,LLLYWLLTILVALLLSLLILI,27484.181817265755,1020.5960080558236,15.77468855001967,0.055911981737187186,LLLYWLLTILVALLLSLLILI,Mutant
LLLYWLLTILVALLLSLLILI,LLLYWLLIILVALLLSLLILI,Left,clash,36.869,-279.825,8779390000.0,8779390000.0,-60.4258,-287.36,-387.556,4374.38,-45.1229,-39.7699,3620.33,4096.93,55.5054,30.4259,3604.75,4130.02,87.5773,44.3352,-14.8358,1.10011e+17,7,T,99.1695,23.477608,,,,,0.189248079676617,0.1918368425208531,L,14589317515551.416,LLLYWLLTILVALLLSLLILI,27589.97768610036,1374.171014635358,4.383190136834307,-0.008553167368288012,LLLYWLLTILVALLLSLLILI,Mutant
LLLYWLLTILVALLLSLLILI,LLLYALLTILVALLLSLLILI,Left,void,,,,,,,,,,,3584.43,4114.05,48.8124,41.7687,3604.75,4130.02,126.011,207.924,-14.8358,1.1e+17,4,W,104.1574,24.78263256,3542.6613,3396.826,145.8353,2.0,0.4182318382612513,0.0430515081727925,L,5200910050390.028,LLLFALLTILVALLLSLLILI,29179.01707593941,1080.5578639701846,36.69144441697289,-0.23753692595292233,LLLYWLLTILVALLLSLLILI,Mutant
LLLYWLLTILVALLLSLLILI,LLLYWLLTILVALLASLLILI,Left,void,,,,,,,,,,,3665.22,4090.19,56.237,44.7167,3604.75,4130.02,111.851,75.5301,-14.8358,1.1e+17,14,L,85.1701,34.42743989,3620.5033,3529.2199,91.2834,2.0,0.4418768138164919,0.1074840744187167,L,3356457798523.709,LLLYWLLTILVALLLSLLILI,29471.15811593419,1096.3427210466402,29.92028397793385,-0.2611819015081629,LLLYWLLTILVALLLSLLILI,Mutant
LLLLYLLLFVLTALLLSLILI,LLLLYLLLFVLTALLISLILI,Left,clash,18.4974,-271.553,73224300.0,73224000.0,-74.1215,-284.219,-380.14,4205.43,-49.827,-21.7986,3427.06,4242.0,62.1975,32.5379,3406.55,4308.03,123.571,83.9878,-14.5487,1.10011e+16,15,L,97.1825,25.08310181,,,,,-0.0285334526516704,0.1080073290236347,L,99999900.0,LLLLYLLLFVLTALLLSLILI,26170.008511139808,1367.2553212944877,3.9121772320841823,0.2484992629696139,LLLLYLLLFVLTALLLSLILI,Mutant
LLLLYLLLFVLTALLLSLILI,LLLLALLLFVLTALLLSLILI,Left,void,,,,,,,,,,,3260.09,4151.56,55.6652,89.2059,3406.55,4308.03,168.34,310.359,-14.5487,1.1e+16,4,Y,49.2693,64.42012721,3170.8841,3096.191,74.6931,3.0,0.3165831080992187,0.0302660016165317,L,-36.9406343626043,LLLLYLLLFVLTALLLSLILI,28718.90506548752,666.32449396579,24.139242903314013,-0.0966172977812752,LLLLYLLLFVLTALLLSLILI,Mutant
LLLVALLLFLTALLLSLLILI,LLLVILLLFLTALLLSLLILI,Left,clash,24.8031,-271.011,1327910000.0,1327910000.0,-74.1799,-279.166,-391.599,4175.7,-49.5982,-38.2537,3262.05,4074.27,53.8159,16.9038,3262.05,4074.27,53.8159,16.9038,-13.5361,1.10011e+17,4,A,118.379,9.126430323,,,,,0.1741699152776656,0.1487813067836221,L,18198048485672.984,LLLVALLLFLTALLLSLLILI,28235.656805184382,322.4115479349928,5.6398408257624455,0.26809676090914114,LLLVALLLFLTALLLSLLILI,Mutant
LLLVALLLFLTALLLSLLILI,LLLVALLAFLTALLLSLLILI,Left,void,,,,,,,,,,,3311.74,4014.01,60.8429,26.5156,3262.05,4074.27,121.131,64.029,-13.5361,1.1e+17,7,L,103.0798,20.46029412,3285.2244,3198.021,87.2034,3.0,0.31500609810389,0.0526162887159415,L,-43.889950721910765,LLLVALLLFLTALLLSLLILI,29033.787553706752,122.3840681564592,22.71786340527232,0.1272605780829167,LLLVALLLFLTALLLSLLILI,Mutant
LLLVALLLFLTALLLSLLILI,LLLVALLLFLTILLLSLLILI,Left,clash,19.8167,-272.118,1327910000.0,1327910000.0,-74.1799,-279.136,-394.56,4173.48,-49.5982,-41.244,3262.05,4074.27,51.3401,11.8888,3262.05,4074.27,51.3401,11.8888,-13.5361,1.10011e+17,11,A,118.379,9.126430323,,,,,0.4210658964727852,0.0882887500788734,L,99999900.0,LLLVALLLFLTALLLSLLILI,30657.07421366904,1689.9502208504796,39.5390707792682,0.02120077971402151,LLLVALLLFLTALLLSLLILI,Mutant
LLLVALLLFLTALLLSLLILI,LLLVALLLALTALLLSLLILI,Left,void,,,,,,,,,,,3211.93,3973.87,51.8472,60.3355,3262.05,4074.27,138.68,217.135,-13.5361,1.1e+17,8,F,70.9941,45.94204201,3151.5945,3044.915,106.6795,3.0,0.8028546942575121,0.1135174891996261,L,-24.872916855289155,LLLVALLLFLTALLLSLLILI,32123.65261518783,645.249910582912,72.2196832382045,-0.3605880180707054,LLLVALLLFLTALLLSLLILI,Mutant
LLLLYFLLAVLTALLLSLILI,LLLLYFLLAVLTILLLSLILI,Left,clash,21.1912,-272.152,297807000.0,297807000.0,-74.2562,-285.25,-380.388,4213.69,-49.686,-20.8815,3397.27,4173.14,50.0295,18.369,3397.27,4173.14,50.0295,18.369,-12.1996,1.10011e+16,12,A,111.453,14.14937376,,,,,0.1739999902309155,0.0216986027025046,L,16716913333233.344,LLLLYFLLAVLTALLLSLILI,27407.551188843256,1217.697451524681,15.48402293347048,0.14774337541519,LLLLYFLLAVLTALLLSLILI,Mutant
LLLLYFLLAVLTALLLSLILI,LLLLYFLLIVLTALLLSLILI,Left,clash,21.3116,-272.151,297839000.0,297839000.0,-74.244,-285.414,-380.658,4214.9,-49.8016,-21.0006,3397.27,4173.14,58.0425,25.7172,3397.27,4173.14,58.0425,25.7172,-12.1996,1.10011e+16,8,A,111.453,14.14937376,,,,,0.3385024396590245,0.0961866708007506,L,15560636759996.182,LLLLYFLLAVLTALLLSLILI,28952.29027555176,659.0221587258548,22.11985932234589,-0.016759074012918984,LLLLYFLLAVLTALLLSLILI,Mutant
LLLLYFLLAVLTALLLSLILI,LLLLYALLAVLTALLLSLILI,Left,void,,,,,,,,,,,3419.45,4019.96,60.4932,47.5824,3397.27,4173.14,161.002,127.469,-12.1996,1.1e+16,5,F,82.7124,36.51903223,3371.8676,3269.801,102.0666,3.0,0.4849623850315416,0.1356559642658046,L,11460125101366.912,LLLLYFLLAVLTALLLSLILI,29443.13702250712,1747.6844602810188,31.81466373613158,-0.1632190193854361,LLLLYFLLAVLTALLLSLILI,Mutant
LLLLYFLLAVLTALLLSLILI,LLLLAFLLAVLTALLLSLILI,Left,void,,,,,,,,,,,3264.11,4019.03,58.9567,60.9748,3397.27,4173.14,171.181,281.354,-12.1996,1.1e+16,4,Y,77.5004,44.03301097,3203.1352,3115.916,87.2192,3.0,0.5542193735847367,0.2810305315608994,L,-50.17262758907722,LLLLYFLLAVLTALLLSLILI,29844.27975064464,2465.0856013288844,29.071979624791272,-0.2324760079386312,LLLLYFLLAVLTALLLSLILI,Mutant
LLLYLLLFVLIALLLTLLILI,LLLYILLFVLIALLLTLLILI,Left,clash,18.9816,-274.908,1993400.0,1993090.0,-58.8554,-282.83,-369.621,4313.74,-49.5811,-27.9349,3564.44,4167.06,59.8878,40.7375,3534.75,4232.88,121.801,47.6785,-12.1728,1.10011e+17,4,L,97.7377,29.41862514,,,,,0.2182714043107426,0.1141748638613201,L,15001487717945.309,LLLYLLLFVLIALLLTLLILI,28192.799554435456,501.2315733915521,11.247485437644093,-0.0175072860940044,LLLYLLLFVLIALLLTLLILI,Mutant
LLLYLLLFVLIALLLTLLILI,LLLYLLLFVLIILLLTLLILI,Left,clash,17.5515,-278.97,9471.81,9160.81,-58.8554,-286.861,-379.761,4370.16,-49.5811,-34.0441,3534.75,4232.88,49.6715,15.3031,3534.75,4232.88,49.6715,15.3031,-12.1728,1.10011e+17,11,A,114.9647,11.74741571,,,,,0.2388999348828473,0.2767409046394506,L,15672106249899.988,LLLYLLLFVLIALLLTLLILI,28579.44659766005,1068.6139760656197,3.533980838308673,-0.0381358166661091,LLLYLLLFVLIALLLTLLILI,Mutant
LLLYLLLFVLIALLLTLLILI,LLLYLLLFVLIALLATLLILI,Left,void,,,,,,,,,,,3587.93,4193.28,56.7772,44.5673,3534.75,4232.88,112.164,77.0119,-12.1728,1.1e+17,14,L,85.3195,34.31241666,3543.3627,3457.7381,85.6246,2.0,0.2831749852364186,0.2084263179650049,L,-39.45951066381364,LLLYLLLFVLIALLLTLLILI,28978.03944645954,736.9873584084751,11.105007583476018,-0.0824108670196804,LLLYLLLFVLIALLLTLLILI,Mutant
LLLYLLLFVLIALLLTLLILI,LLLYLLLAVLIALLLTLLILI,Left,void,,,,,,,,,,,3570.84,4190.88,55.1623,33.2314,3534.75,4232.88,128.753,89.5224,-12.1728,1.1e+17,7,F,96.364,25.64242249,3537.6086,3445.2276,92.381,2.0,0.2968844504944302,0.0120042947360353,L,-51.30255546380592,LLLYLLLFVLIALLLTLLILI,28554.666187054747,710.7004991020921,23.58432660892635,-0.09612033227769198,LLLYLLLFVLIALLLTLLILI,Mutant
LLLYLLLAILVTLLFSLLILI,LLLYLLLAILVILLFSLLILI,Left,clash,19.105,-274.425,901.358,600.94,-60.4221,-284.064,-372.092,4316.78,-45.0986,-27.6058,3495.91,4227.87,52.664,20.1379,3486.24,4248.7,78.0415,28.2632,-11.9428,1.10011e+17,11,T,110.1299,15.45884708,,,,,0.13935312506762,0.0245031537901302,L,99999900.0,LLLYLLLAILVTLLFSLLILI,29115.83450739136,2269.225908016429,9.97904994403399,0.11277582300211692,LLLYLLLAILVTLLFSLLILI,Mutant
LLLYLLLAILVTLLFSLLILI,LLLYLLLAILVTLLASLLILI,Left,void,,,,,,,,,,,3563.45,4149.06,57.076,42.2666,3486.24,4248.7,146.705,102.682,-11.9428,1.1e+17,14,F,87.6202,32.54110502,3521.1834,3383.558,137.6254,2.0,0.2295597822688405,0.1939273736595965,L,-17.35085353848792,LLLYLLLAILVTLLFSLLILI,28212.084016013105,912.6674409832706,7.558896146944035,0.022569165800896407,LLLYLLLAILVTLLFSLLILI,Mutant
LLLYLLLAILVTLLFSLLILI,LLLYLLLIILVTLLFSLLILI,Left,clash,15.7354,-276.806,204185.0,203874.0,-74.2674,-287.888,-384.483,4324.36,-49.8438,-22.3278,3486.24,4248.7,48.8456,27.5407,3486.24,4248.7,48.8456,27.5407,-11.9428,1.10011e+17,7,A,102.0547,21.25129441,,,,,0.2616535991019512,0.017849087314632,L,99999900.0,LLLYLLLAILVTLLFSLLILI,28265.389859636736,783.0670906879557,20.365256421052603,-0.009524651032214282,LLLYLLLAILVTLLFSLLILI,Mutant
LLLTSLLAVLLALLFSLLILI,LLLTSLLAVLLILLFSLLILI,Left,clash,22.3632,-278.644,195581.0,195276.0,-60.369,-276.979,-380.774,4114.32,-48.7587,-43.4261,3180.44,4066.99,54.24,15.2951,3180.44,4066.99,54.24,15.2951,-11.6814,1.10011e+17,11,A,114.9727,11.74127451,,,,,0.0064423098035288,0.1231573218345096,L,13197563157794.734,LLLTSLLAVLLALLFSLLILI,26594.74113309142,1296.682271272276,7.648464301654223,0.0889017133342,LLLTSLLAVLLALLFSLLILI,Mutant
LLLTSLLAVLLALLFSLLILI,LLLTSLLAVLLALLASLLILI,Left,void,,,,,,,,,,,3201.69,3907.89,59.5986,19.0618,3180.44,4066.99,162.739,47.1881,-11.6814,1.1e+17,14,F,110.825,14.67570223,3182.6282,3133.2519,49.3763,2.0,0.1550696934415316,0.0626995505238554,L,-64.16896237154242,LLLTSLLAVLLALLFSLLILI,27631.476639016008,601.1504104452969,9.055588281334776,-0.0597256703038028,LLLTSLLAVLLALLFSLLILI,Mutant
LLLTSLLAVLLALLFSLLILI,LLLTSLLAVLAALLFSLLILI,Left,void,,,,,,,,,,,3124.51,4003.26,59.3127,98.1736,3180.44,4066.99,122.111,219.111,-11.6814,1.1e+17,10,L,30.3978,76.35726141,3026.3364,2961.329,65.0074,2.0,0.1632063678132053,0.0983013283141818,L,-34.2207598893434,LLLTSLLAVLLALLFSLLILI,27483.183363171884,991.0765550021332,7.662296542373887,-0.0678623446754765,LLLTSLLAVLLALLFSLLILI,Mutant
LLLTSLLAVLLALLFSLLILI,LLLTSLLIVLLALLFSLLILI,Left,clash,22.88,-278.623,1489260.0,1488960.0,-60.369,-276.098,-380.124,4107.93,-48.7587,-43.6572,3180.44,4066.99,59.4404,18.044,3180.44,4066.99,59.4404,18.044,-11.6814,1.10011e+17,7,A,114.9727,11.74127451,,,,,0.3512157609319751,0.0589725094880124,L,8717946933670.743,LLLTSLLAVLLALLFSLLILI,28654.196795809297,1238.4320642542057,25.311449249714784,-0.2558717377942463,LLLTSLLAVLLALLFSLLILI,Mutant
LLLYSLLFVLLLLLATLLILI,LLLYSLLFVLLLLLITLLILI,Left,clash,20.5249,-282.775,5689560000.0,5689560000.0,-58.817,-283.94,-373.902,4352.05,-49.5431,-31.1449,3496.25,4258.59,57.9743,26.9428,3496.25,4258.59,57.9743,26.9428,-11.3569,1.10011e+17,14,A,102.944,20.74329339,,,,,0.1509518076864849,0.0766227333783701,L,22795790908990.91,LLLYSLLFVLLLLLATLLILI,27314.14527609364,1103.4255154719226,7.913723339683686,0.04433757910826311,LLLYSLLFVLLLLLATLLILI,Mutant
LLLYSLLFVLLLLLATLLILI,LLLASLLFVLLLLLATLLILI,Left,void,,,,,,,,,,,3307.42,4067.76,64.6786,117.001,3496.25,4258.59,185.574,358.397,-11.3569,1.1e+17,3,Y,52.7298,68.93327552,3190.419,3137.853,52.566,2.0,0.1851016410464459,0.1412596904262497,L,-20.01713832118997,LLLYSLLFVLLLLLATLLILI,28035.71677831529,461.4508724335142,6.968751361450696,0.010187745748302085,LLLYSLLFVLLLLLATLLILI,Mutant
LLLYSLLFVLLLLLATLLILI,LLLYSLLFVLALLLATLLILI,Left,void,,,,,,,,,,,3439.98,4194.0,51.1857,91.3764,3496.25,4258.59,113.207,212.582,-11.3569,1.1e+17,10,L,37.195,71.07054913,3348.6036,3283.668,64.9356,2.0,0.2293272700057042,0.0610702587153639,L,-27.099244665315776,LLLYSLLFVLLLLLATLLILI,27985.872198970144,889.1146725750245,15.22240485166039,-0.03403788321095619,LLLYSLLFVLLLLLATLLILI,Mutant
LLLYSLLFVLLLLLATLLILI,LLLYSLLFVLLILLATLLILI,Left,clash,20.5249,-278.715,2321.5,2013.76,-58.817,-281.422,-366.133,4281.96,-49.5431,-25.8947,3500.39,4247.84,45.3797,16.1401,3496.25,4258.59,86.1616,16.8323,-11.3569,1.10011e+17,11,L,114.1277,12.38993827,,,,,0.3076095316260365,0.2038266200428402,L,20581608333233.32,LLLYSLLFVLLLLLATLLILI,30677.99334331416,2703.694961380437,13.369184329696948,-0.1123201448312885,LLLYSLLFVLLLLLATLLILI,Mutant
LLLYTLLAVLIALLLSLLILI,LLLYTLLAVLAALLLSLLILI,Left,void,,,,,,,,,,,3335.98,4083.93,48.3547,83.8253,3363.02,4114.91,96.6975,177.811,-11.3191,1.1e+17,10,I,44.7461,65.19747004,3252.1547,3185.209,66.9457,2.0,0.1844420547365649,0.0543433815937134,L,-66.64675594255623,LLLYTLLAVLIALLLSLLILI,27898.312272514817,777.6689972950754,18.22564845389845,0.1827117358799089,LLLYTLLAVLIALLLSLLILI,Mutant
LLLYTLLAVLIALLLSLLILI,LLLYTLLAVLIILLLSLLILI,Left,clash,23.4807,-279.215,1266650000.0,1266650000.0,-60.3479,-281.039,-386.668,4248.48,-45.0195,-45.281,3363.02,4114.91,50.141,11.8393,3363.02,4114.91,50.141,11.8393,-11.3191,1.10011e+17,11,A,118.4285,9.088431677,,,,,0.2362008911097025,0.0073988585238853,L,22452663636263.64,LLLYTLLAVLIALLLSLLILI,27417.89932360436,1907.7556125591047,18.888085766872106,0.1309528995067713,LLLYTLLAVLIALLLSLLILI,Mutant
LLLYTLLAVLIALLLSLLILI,LLLYTLLAVLIALLASLLILI,Left,void,,,,,,,,,,,3399.32,4075.35,56.9446,24.7124,3363.02,4114.91,112.108,69.4115,-11.3191,1.1e+17,14,L,105.1744,19.02610581,3374.6076,3293.6085,80.9991,2.0,0.3729491185629366,0.0176035191050978,L,-77.94162730007007,LLLYTLLAVLIALLLSLLILI,28959.918328245458,925.854949370746,29.480930449762973,-0.005795327946462814,LLLYTLLAVLIALLLSLLILI,Mutant
LLLYTLLAVLIALLLSLLILI,LLLYTLLIVLIALLLSLLILI,Left,clash,24.0004,-279.197,1.07e+16,1.07e+16,-60.3479,-280.86,-386.347,4255.39,-45.0195,-45.1387,3363.02,4114.91,56.2644,17.0614,3363.02,4114.91,56.2644,17.0614,-11.3191,1.10011e+17,7,A,118.4285,9.088431677,,,,,0.532392815550555,0.2243588206034903,L,13116392894745.86,LLLYTLLAVLIALLLSLLILI,30624.496237240288,1151.9364434075526,30.56412478828708,-0.16523902493408116,LLLYTLLAVLIALLLSLLILI,Mutant
LLLLYVLLLLLATLFSLLILI,LLLLYVLLILLATLFSLLILI,Left,clash,17.9297,-272.986,1.57e+16,1.57e+16,-74.1131,-283.635,-381.177,4159.06,-49.6115,-23.4289,3387.82,4195.5,54.7159,26.0185,3376.5,4268.79,117.896,26.4184,-11.2712,1.1011e+16,8,L,105.3111,19.81160378,,,,,0.1928463159234811,0.0508736973362509,L,99999900.0,LLLLYVLLLLLATLFSLLILI,27324.685174428163,1573.6902623123783,18.712292202577544,0.0321030362014226,LLLLYVLLLLLATLFSLLILI,Mutant
LLLLYVLLLLLATLFSLLILI,LLLLAVLLLLLATLFSLLILI,Left,void,,,,,,,,,,,3392.8,4121.78,47.8189,32.1409,3376.5,4268.79,159.012,159.28,-11.2712,1.1e+16,4,Y,106.3343,23.21058211,3360.6591,3217.22,143.4391,3.0,0.2236477128874929,0.1397415297339914,L,-99.99957583324026,LLLLYVLLLLLATLFSLLILI,28005.661120609304,949.4568859091668,10.208742673340264,0.0013016392374107788,LLLLYVLLLLLATLFSLLILI,Mutant
LLLLYVLLLLLATLFSLLILI,LLLLYVLLLLLATLASLLILI,Left,void,,,,,,,,,,,3309.64,4109.48,59.45,95.8996,3376.5,4268.79,162.318,251.86,-11.2712,1.1e+16,14,F,33.9872,73.83321477,3213.7404,3124.64,89.1004,3.0,0.3337557223814449,0.1500259099676034,L,-53.57917994934617,LLLLYVLLLLLATLFSLLILI,28833.904687206825,977.6547748515912,18.618406007623,-0.10880637025654122,LLLLYVLLLLLATLFSLLILI,Mutant
LLLYALLLLLVTLLFSLLILI,LLLYILLLLLVTLLFSLLILI,Left,clash,18.793,-275.194,65065000.0,65064700.0,-74.2593,-287.666,-386.404,4355.71,-49.6463,-24.4787,3544.6,4325.62,44.7934,37.4896,3544.6,4325.62,44.7934,37.4896,-11.0314,1.10011e+17,4,A,100.9856,27.073151,,,,,0.1359369978270838,0.0407708955219077,L,19288746153746.164,LLLYALLLLLVTLLFSLLILI,29667.75272595664,3404.750597873994,13.474188992125688,0.3310593769381051,LLLYALLLLLVTLLFSLLILI,Mutant
LLLYALLLLLVTLLFSLLILI,LLLYALLALLVTLLFSLLILI,Left,void,,,,,,,,,,,3591.52,4256.84,49.2596,24.852,3544.6,4325.62,114.086,70.1577,-11.0314,1.1e+17,7,L,104.7434,19.17660658,3566.668,3474.4423,92.2257,2.0,0.1515609367139958,0.0720367523079743,L,-45.82229893330512,LLLYALLLLLVTLLFSLLILI,27726.007517980503,402.8447298861062,8.228722851199613,0.3154354380511931,LLLYALLLLLVTLLFSLLILI,Mutant
LLLYALLLLLVTLLFSLLILI,LLLYALLLALVTLLFSLLILI,Left,void,,,,,,,,,,,3537.81,4262.94,47.0625,60.0095,3544.6,4325.62,107.085,139.99,-11.0314,1.1e+17,8,L,71.3201,45.6938116,3477.8005,3404.61,73.1905,2.0,0.3081386694520978,0.0531837880212719,L,-41.26255664167316,LLLYALLLLLVTLLFSLLILI,28230.797838934446,1427.9693475844344,22.123446070341608,0.15885770531309112,LLLYALLLLLVTLLFSLLILI,Mutant
LLLYALLLLLVTLLFSLLILI,LLLYALLLLLVILLFSLLILI,Left,clash,15.1432,-272.917,63642800.0,63642500.0,-60.4422,-284.162,-374.75,4342.63,-45.143,-30.1462,3572.14,4308.93,51.2016,21.5687,3544.6,4325.62,76.6286,31.6937,-11.0314,1.10011e+17,11,T,108.6991,16.55719986,,,,,0.4588593811223714,0.0492180622894199,L,99999900.0,LLLYALLLLLVTLLFSLLILI,31228.047795225884,2073.937250607438,40.3704487711361,0.008136993642817503,LLLYALLLLLVTLLFSLLILI,Mutant
LLLYFLLAVLITLLLSLLILI,LLLYFLLAVLIILLLSLLILI,Left,clash,20.8637,-275.427,75315900.0,75315600.0,-60.4441,-283.514,-373.452,4333.41,-45.1374,-29.4936,3489.07,4230.57,49.732,24.5223,3473.61,4257.04,79.9283,33.9016,-10.0268,1.10011e+17,11,T,105.7455,18.82452916,,,,,0.1643630082727348,0.0109476865696884,L,16955028078387.797,LLLYFLLAVLITLLLSLLILI,27706.428650389746,690.9705084433334,14.07425763763588,0.0405097561627229,LLLYFLLAVLITLLLSLLILI,Mutant
LLLYFLLAVLITLLLSLLILI,LLLYALLAVLITLLLSLLILI,Left,void,,,,,,,,,,,3492.52,4103.51,59.8715,61.12,3473.61,4257.04,160.801,152.455,-10.0268,1.1e+17,4,F,77.3552,44.13786729,3431.4,3321.155,110.245,2.0,0.243667428968029,0.044403327856287,L,-55.196784752705376,LLLYFLLAVLITLLLSLLILI,28376.71871257363,636.0588360836738,22.494165819207097,-0.0387946645325713,LLLYFLLAVLITLLLSLLILI,Mutant
LLLYFLLAVLITLLLSLLILI,LLLAFLLAVLITLLLSLLILI,Left,void,,,,,,,,,,,3317.78,4067.52,64.9869,69.1621,3473.61,4257.04,185.759,300.436,-10.0268,1.1e+17,3,Y,100.5687,40.74811407,3248.6179,3173.174,75.4439,2.0,0.2509070477089597,0.0544678534803665,L,-53.41783707491646,LLLYFLLAVLITLLLSLLILI,28459.079902426733,334.71791134724106,17.368933093376047,-0.04603428327350201,LLLYFLLAVLITLLLSLLILI,Mutant
LLLFLLLTILVALLLSLLILI,LLLFLLLIILVALLLSLLILI,Left,clash,17.6806,-269.146,16333.6,16037.0,-60.3711,-280.251,-388.972,4287.15,-45.0575,-48.35,3385.38,4101.17,44.9609,19.4632,3368.67,4119.16,67.3699,21.2366,-9.91551,1.10011e+17,7,T,110.1322,15.0184343,,,,,0.1931059179183094,0.0500274953628034,L,16606937058294.28,LLLFLLLTILVALLLSLLILI,27657.848727884208,1004.0011066519944,12.898864540638233,0.03318759507767882,LLLFLLLTILVALLLSLLILI,Mutant
LLLFLLLTILVALLLSLLILI,LLLALLLTILVALLLSLLILI,Left,void,,,,,,,,,,,3303.2,3993.37,56.1698,105.121,3368.67,4119.16,155.145,262.793,-9.91551,1.1e+17,3,F,79.3502,53.24938078,3198.079,3105.877,92.202,3.0,0.2994870884335522,0.1478378933264864,L,7286214447326.773,LLLFLLLTILVALLLSLLILI,28496.861055535137,1092.2287259963243,15.94252443638316,-0.073193575437564,LLLFLLLTILVALLLSLLILI,Mutant
LLLFLLLTILVALLLSLLILI,LLLFLLLTILVALLASLLILI,Left,void,,,,,,,,,,,3425.4,4079.47,56.9136,36.368,3368.67,4119.16,112.109,68.1001,-9.91551,1.1e+17,14,L,93.5188,27.99976595,3389.032,3300.5699,88.4621,3.0,0.3022907094123491,0.1550248229156701,L,-66.1682675758655,LLLFLLLTILVALLLSLLILI,28624.36602129281,954.4025346329006,15.756210200467391,-0.07599719641636088,LLLFLLLTILVALLLSLLILI,Mutant
LLLYLLLTVLLALLFSLLILI,LLLYLLLTVLAALLFSLLILI,Left,void,,,,,,,,,,,3410.57,4252.97,59.6474,111.216,3463.37,4304.42,118.053,228.258,-9.49051,1.1e+17,10,L,100.0827,23.17157425,3299.354,3235.112,64.242,3.0,0.1603393390424315,0.0904448084546377,L,8148707722928.218,LLLYLLLTVLLALLFSLLILI,27313.18450838325,1343.6825565343556,18.34216902408444,0.0979297803198921,LLLYLLLTVLLALLFSLLILI,Mutant
LLLYLLLTVLLALLFSLLILI,LLLYLLLTVLLALLASLLILI,Left,void,,,,,,,,,,,3484.09,4146.56,59.3246,38.522,3463.37,4304.42,162.007,85.5918,-9.49051,1.1e+17,14,F,91.3648,29.65813308,3445.568,3377.7782,67.7898,3.0,0.193890345395956,0.0998435608212152,L,7480838945493.745,LLLYLLLTVLLALLFSLLILI,28412.648356152706,250.0659998647704,10.082376490512084,0.0643787739663676,LLLYLLLTVLLALLFSLLILI,Mutant
LLLYLLLTVLLALLFSLLILI,LLLYLLLTVLLILLFSLLILI,Left,clash,20.416,-279.547,2377280.0,2376980.0,-74.1713,-286.51,-388.109,4341.55,-49.6038,-27.4272,3463.37,4304.42,54.4127,25.8361,3463.37,4304.42,54.4127,25.8361,-9.49051,1.10011e+17,11,A,104.4317,19.83306696,,,,,0.2107437270115765,0.2577534340825635,L,20896141666566.67,LLLYLLLTVLLALLFSLLILI,27367.56366929316,2202.3581872427217,2.329394492057499,0.0475253923507471,LLLYLLLTVLLALLFSLLILI,Mutant
LLLYLLLTVLLALLFSLLILI,LLLYILLTVLLALLFSLLILI,Left,clash,22.1295,-275.439,13958700.0,13958400.0,-74.2226,-282.801,-378.962,4260.87,-49.8572,-21.9385,3483.83,4221.6,54.8591,35.8513,3463.37,4304.42,122.785,46.0856,-9.49051,1.10011e+17,4,L,102.6239,25.89005107,,,,,0.265070210827295,0.1951017708415269,L,17210988819737.322,LLLYWLLTVLLALLFSLLILI,28184.982849757387,1343.5510691012057,10.394941633582569,-0.006801091464971376,LLLYLLLTVLLALLFSLLILI,Mutant
LLLVALLLLLTFLLASLLILI,LLLVALLLLLTFLLISLLILI,Left,clash,18.5517,-271.883,340546000000.0,340546000000.0,-74.1704,-278.412,-394.94,4159.23,-49.6068,-42.3579,3276.12,4146.77,50.6453,17.6006,3276.12,4146.77,50.6453,17.6006,-9.22698,1.10011e+17,14,A,112.2862,13.55072263,,,,,0.1714134096897669,0.040196670507719,L,16066770638033.271,LLLVALLLLLTFLLASLLILI,27886.974763450584,396.141884868667,11.69337646402931,0.12245907047351609,LLLVALLLLLTFLLASLLILI,Mutant
LLLVALLLLLTFLLASLLILI,LLLVALLILLTFLLASLLILI,Left,clash,18.6888,-267.817,335966000000.0,335966000000.0,-74.2215,-275.43,-382.94,4116.91,-49.8599,-33.2884,3314.48,4083.5,52.6792,16.6804,3276.12,4146.77,110.786,42.2946,-9.22698,1.10011e+17,7,L,112.915,12.87113586,,,,,0.1813520378567564,0.0541919030545621,L,-14.264650777282222,LLLVALLLLLTFLLASLLILI,27707.67410245287,780.703622772082,11.69685236353454,0.11252044230652658,LLLVALLLLLTFLLASLLILI,Mutant
LLLVALLLLLTFLLASLLILI,LLLVALLLALTFLLASLLILI,Left,void,,,,,,,,,,,3261.07,4081.53,44.4285,57.2692,3276.12,4146.77,106.374,141.026,-9.22698,1.1e+17,8,L,74.0604,43.60722944,3203.8008,3135.094,68.7068,3.0,0.2004006980481267,0.1246886039132487,L,8.595781691855937,LLLVALLLILTFLLASLLILI,28127.03878193301,431.3635314581761,9.178101227275652,0.09347178211515628,LLLVALLLLLTFLLASLLILI,Mutant
LLLLAYLTVLLSILFLLLILI,LLLLAYLTVLLSILALLLILI,Left,void,,,,,,,,,,,3515.96,4123.57,58.9875,31.3404,3462.44,4270.19,157.547,87.7536,-7.57527,1.1e+16,14,F,98.5464,24.1290108,3484.6196,3374.6864,109.9332,2.0,0.1650621136499532,0.0856348528428587,L,-3.9051776720139895,LLLLAYLTVLLSILFLLLILI,27496.70340335366,972.0606223772168,8.546499568554362,0.2907175927601897,LLLLAYLTVLLSILFLLLILI,Mutant
LLLLAYLTVLLSILFLLLILI,LLLLIYLTVLLSILFLLLILI,Left,clash,20.0713,-277.877,126570.0,126262.0,-74.3603,-279.892,-380.325,4247.53,-49.9355,-26.0729,3462.44,4270.19,62.7676,38.5051,3462.44,4270.19,62.7676,38.5051,-7.57527,1.1011e+16,4,A,99.9701,27.80649531,,,,,0.2301999013707622,0.164276019509351,L,99999900.0,LLLLAYLTVLLSILFLLLILI,27200.399506540794,2447.7812978016327,9.32584652802909,0.22557980503938072,LLLLAYLTVLLSILFLLLILI,Mutant
LLLLAYLTVLLSILFLLLILI,LLLLAYLTVLLSILFALLILI,Left,void,,,,,,,,,,,3449.42,4194.73,57.2478,84.8716,3462.44,4270.19,119.67,164.282,-7.57527,1.1e+16,15,L,44.8488,65.42656359,3364.5484,3298.158,66.3904,2.0,0.3227399712172558,0.1148217184433712,L,-19.315903517689563,LLLLAYLTVLLSILFLLLILI,28806.706745080453,765.051407775908,19.75326331904171,0.13303973519288714,LLLLAYLTVLLSILFLLLILI,Mutant
LLLLVSLLILLTALLFLLILI,LLLLVSLLILLTILLFLLILI,Left,clash,17.7554,-274.076,1662800.0,1662490.0,-58.9351,-277.917,-384.863,4190.32,-52.2145,-48.011,3283.19,4094.13,38.621,3.24539,3283.19,4094.13,38.621,3.24539,-7.46926,1.10011e+16,12,A,126.57661,2.499876754,,,,,0.1037784625413027,0.0792147732032527,L,99999900.0,LLLLVSLLILLTALLFLLILI,28900.18918877348,2232.230767575758,3.906117280784807,-0.1625872798941097,LLLLVSLLILLTALLFLLILI,Mutant
LLLLVSLLILLTALLFLLILI,LLLLVILLILLTALLFLLILI,Left,clash,19.4557,-271.449,4452750000.0,4452750000.0,-58.9351,-275.888,-380.101,4217.55,-49.8324,-45.2785,3286.54,4090.78,41.5697,16.5813,3283.19,4094.13,50.8032,16.4093,-7.46926,1.10011e+16,5,S,113.7135,12.72598753,,,,,0.3172537267092946,0.1556119267206234,L,13128923322025.914,LLLLVSLLILLTALLFLLILI,28341.548891617007,1580.6374174296252,16.945899420887738,-0.3760625440621016,LLLLVSLLILLTALLFLLILI,Mutant
LLLLVSLLILLTALLFLLILI,LLLLVSLLILLTALLALLILI,Left,void,,,,,,,,,,,3307.87,4033.26,61.388,24.0667,3283.19,4094.13,140.738,112.516,-7.46926,1.1e+16,15,F,105.6537,18.55274884,3283.8033,3170.674,113.1293,3.0,0.3960964400267836,0.209748744135228,L,-53.29855380864383,LLLLVSLLILLTALLFLLILI,28948.6092779998,1737.5422675716252,20.262976618836547,-0.45490525737959064,LLLLVSLLILLTALLFLLILI,Mutant
LLLLVSLLILLTALLFLLILI,LLLLVSLLIALTALLFLLILI,Left,void,,,,,,,,,,,3273.83,4033.39,46.9598,56.777,3283.19,4094.13,105.584,139.383,-7.46926,1.1e+16,9,L,72.8898,43.78684444,3217.053,3143.807,73.246,3.0,0.6628728088986271,0.2883850449177588,L,-16.563658902976584,LLLLVSLLILLTALLFLLILI,32229.37705800798,1759.6643844305136,37.53211234128312,-0.7216816262514341,LLLLVSLLILLTALLFLLILI,Mutant
LLLYTLLAVLLLLLASLLILI,LLLYTLLAVLLILLASLLILI,Left,clash,22.8783,-274.85,719.741,422.744,-60.3379,-277.896,-379.577,4226.94,-45.0267,-41.3427,3436.08,4075.6,55.1626,25.2068,3415.2,4159.21,121.934,27.2371,-5.78252,1.10011e+17,11,L,105.061,19.34998518,,,,,0.1189391357761781,0.1477609397878318,L,-41.57099282287293,LLLYTLLAVLLLLLASLLILI,27279.423468732155,896.9722815910998,1.1822066606477406,0.019407326832384914,LLLYTLLAVLLLLLASLLILI,Mutant
LLLYTLLAVLLLLLASLLILI,LLLYTLLAVLALLLASLLILI,Left,void,,,,,,,,,,,3360.55,4097.14,55.6179,87.8098,3415.2,4159.21,117.07,210.877,-5.78252,1.1e+17,10,L,40.7616,68.29652629,3272.7402,3204.323,68.4172,2.0,0.151051948541462,0.1194622894944248,L,-22.998658191064298,LLLYTLLAVLLLLLASLLILI,27829.810793345765,299.2563593581053,5.44469583194028,-0.012705485932898997,LLLYTLLAVLLLLLASLLILI,Mutant
LLLYTLLAVLLLLLASLLILI,LLLATLLAVLLLLLASLLILI,Left,void,,,,,,,,,,,3226.82,3968.51,63.9526,95.1667,3415.2,4159.21,185.111,335.662,-5.78252,1.1e+17,3,Y,74.5641,56.06919899,3131.6533,3079.538,52.1153,2.0,0.2125842549458856,0.0269784205337791,L,-32.475809549103175,LLLYTLLAVLLLLLASLLILI,27815.045288712303,1004.4881939684687,18.944657096458062,-0.07423779233732258,LLLYTLLAVLLLLLASLLILI,Mutant
LLLYWLLVALLITLLFLLILI,LLLYWLLVILLITLLFLLILI,Right,clash,19.3196,-279.94,12671000000.0,12671000000.0,-58.8485,-287.476,-367.529,4394.2,-49.6069,-21.2042,3499.69,4385.39,37.2628,0.0,3499.69,4385.39,37.2628,0.0,-19.1451,1.10011e+17,8,A,131.3296,0.0,,,,,0.1722379872126525,0.2076927945476527,R,99999900.0,LLLYWLLVALLITLLFLLILI,24539.47803775265,866.1255848826497,26.7383174727991,0.024435171764502106,LLLYWLLVALLITLLFLLILI,Mutant
LLLYWLLVALLITLLFLLILI,LLLYWLLVALLITLLALLILI,Right,void,,,,,,,,,,,3475.19,4213.51,60.7637,65.3281,3499.69,4385.39,165.587,179.016,-19.1451,1.1e+17,15,F,64.3923,50.36069886,3409.8619,3320.674,89.1879,5.0,0.4739955090308101,0.0230091495761839,R,14229373995382.115,LLLYWLLVALLITLLFLLILI,25304.94518974842,1621.8681508204616,41.08089980140437,-0.2773223500536555,LLLYWLLVALLITLLFLLILI,Mutant
LLLYWLLVALLLALLSTLILI,LLLYWLLVILLLALLSTLILI,Right,clash,22.8714,-278.044,68850300.0,68850000.0,-74.2545,-294.12,-399.561,4258.36,-49.6004,-31.1859,3369.4,4108.9,44.1274,0.0389564,3369.4,4108.9,44.1274,0.0389564,-19.021,1.10011e+17,8,A,114.9004,11.49389164,,,,,0.1770433362046703,0.0845593456188772,R,19890075513525.508,LLLYWLLVALLLALLSTLILI,24246.76432966829,1116.5181518734582,19.845226730230547,0.24255224499008018,LLLYWLLVALLLALLSTLILI,Mutant
LLLYWLLVALLLALLSTLILI,LLLYWLLVALLLILLSTLILI,Right,clash,22.816,-278.045,125368.0,125063.0,-74.2497,-293.741,-399.249,4255.31,-49.6004,-31.2589,3369.4,4108.9,53.3701,14.9216,3369.4,4108.9,53.3701,14.9216,-19.021,1.10011e+17,12,A,114.9004,11.49389164,,,,,0.2815615095141625,0.0733769744393048,R,99999900.0,LLLYWLLVALLLALLSTLILI,24519.011573290907,1780.491574531857,19.245295247023712,0.138034071680588,LLLYWLLVALLLALLSTLILI,Mutant
LLLYWLLVALLLALLSTLILI,LLLYWLLVALLAALLSTLILI,Right,void,,,,,,,,,,,3405.95,4068.36,50.7562,58.8754,3369.4,4108.9,106.969,112.945,-19.021,1.1e+17,11,L,71.3924,45.19566616,3347.0746,3256.455,90.6196,5.0,0.3815670557427032,0.0031543571735427,R,-62.65834375319516,LLLYWLLVALLLALLSTLILI,25075.057259651247,1500.607230012911,32.1596149215227,0.03802852545204727,LLLYWLLVALLLALLSTLILI,Mutant
LLLSYLLFVLLALLLATLILI,LLLSYLLFILLALLLATLILI,Right,clash,19.0526,-270.051,173312000000.0,173312000000.0,-58.8379,-285.251,-370.326,4179.95,-49.5592,-26.2371,3424.49,4110.85,47.9463,51.5087,3392.38,4113.84,67.2123,64.6434,-17.9099,1.10011e+17,8,V,79.8209,39.22093724,,,,,0.1957229358823806,0.0905716973967106,R,19614271556124.348,LLLSYLLFVLLALLLATLILI,24432.42618798301,1766.3737632999134,11.033808384341995,0.052232717660401495,LLLSYLLFVLLALLLATLILI,Mutant
LLLSYLLFVLLALLLATLILI,LLLIYLLFVLLALLLATLILI,Right,clash,25.1285,-262.037,173312000000.0,173312000000.0,-58.8379,-285.471,-367.29,4226.8,-49.5592,-22.9811,3383.87,4103.85,41.5818,68.8604,3392.38,4113.84,52.9475,90.3927,-17.9099,1.10011e+17,3,S,100.8704,40.57036201,,,,,0.3281923387242652,0.0178245677701455,R,-34.74862203791367,LLLSYLLFVLLALLLATLILI,25091.1789401527,1380.9529750047277,28.556398277971866,-0.08023668518148308,LLLSYLLFVLLALLLATLILI,Mutant
LLLSYLLFVLLALLLATLILI,LLLSALLFVLLALLLATLILI,Right,void,,,,,,,,,,,3430.88,4000.88,60.4177,32.8913,3392.38,4113.84,164.318,147.338,-17.9099,1.1e+17,4,Y,105.5839,23.7524842,3397.9887,3245.042,152.9467,5.0,0.4324411176796234,0.0026753794458382,R,-12.676796893612774,LLLSYLLFVLLALLLATLILI,25415.119103185087,1495.3007138463915,36.077098223093664,-0.1844854641368413,LLLSYLLFVLLALLLATLILI,Mutant
LLLSYLLFVLLALLLATLILI,LLLSYLLAVLLALLLATLILI,Right,void,,,,,,,,,,,3401.71,4024.12,59.6659,38.1872,3392.38,4113.84,144.969,138.356,-17.9099,1.1e+17,7,F,91.4082,29.46647798,3363.5228,3254.024,109.4988,5.0,0.4501725906812966,0.0080949816198878,R,-70.07916419942151,LLLSYLLFVLLALLLATLILI,25449.84621392594,1481.5730001340678,38.20102644126106,-0.20221693713851452,LLLSYLLFVLLALLLATLILI,Mutant
LLLYTLLVILLAFLLSLLILI,LLLYTLLVILLIFLLSLLILI,Right,clash,15.5526,-269.086,2397550.0,2397250.0,-60.5144,-286.025,-376.31,4322.28,-45.1094,-29.7709,3652.52,4230.55,51.3525,4.51384,3652.52,4230.55,51.3525,4.51384,-16.9329,1.10011e+17,11,A,125.75396,3.465046619,,,,,0.0429891223924,0.0855768651287932,R,15045270374693.814,LLLYTLLVILLAFLLSLLILI,23676.28546199208,1117.6678052084796,8.672686636957472,0.2873861173092,LLLYTLLVILLAFLLSLLILI,Mutant
LLLYTLLVILLAFLLSLLILI,LLLYTLLVILLAFLLILLILI,Right,clash,15.5508,-267.056,247954.0,247657.0,-45.1094,-277.213,-353.686,4353.18,-45.1094,-31.3631,3654.44,4220.25,56.6198,21.1865,3652.52,4230.55,68.5221,21.4454,-16.9329,1.10011e+17,15,S,108.5339,16.33243499,,,,,0.2151525573444567,0.035537605626929,R,16218358581980.951,LLLYTLLVILLAFLLSLLILI,24432.22801990913,1562.8952110021532,15.922688031503217,0.11522268235714328,LLLYTLLVILLAFLLSLLILI,Mutant
LLLYTLLVILLAFLLSLLILI,LLLYTLLVILLAALLSLLILI,Right,void,,,,,,,,,,,3640.55,4152.31,41.9845,57.1858,3652.52,4230.55,126.589,185.293,-16.9329,1.1e+17,12,F,72.6362,44.0493907,3583.3642,3467.227,116.1372,4.0,0.3032011752592641,0.0291614306366825,R,5031612029906.335,LLLYTLLVILLAFLLSLLILI,24740.663559584653,1578.3554248528612,23.67835471369957,0.027174064442335888,LLLYTLLVILLAFLLSLLILI,Mutant
LLLYTLLVILLAFLLSLLILI,LLLYTLLVALLAFLLSLLILI,Right,void,,,,,,,,,,,3679.02,4187.16,58.8409,63.8327,3652.52,4230.55,107.174,113.113,-16.9329,1.1e+17,8,I,67.4969,48.60496034,3615.1873,3539.407,75.7803,4.0,0.4906874643762642,0.139437626000256,R,8111721482627.89,LLLYWLLVALLAFLLSLLILI,25527.760754563817,2077.393185733532,32.8544824678959,-0.16031222467466422,LLLYTLLVILLAFLLSLLILI,Mutant
LLLYSLLLALLFALLTILILI,LLLYSLLLALLFILLTILILI,Right,clash,14.9079,-270.103,6024.83,5714.6,-58.9028,-281.254,-368.177,4297.71,-55.0357,-28.0205,3388.49,4264.35,44.2787,2.94885,3388.49,4264.35,44.2787,2.94885,-14.225,1.10011e+17,12,A,124.6439,3.988615181,,,,,0.0749175896277586,0.1414825325381351,R,-33.71481934682036,LLLYSLLLALLFALLTILILI,23780.647533657248,902.669871152125,14.66052580653073,0.5056396092639147,LLLYSLLLALLFALLTILILI,Mutant
LLLYSLLLALLFALLTILILI,LLLYSLLLALLAALLTILILI,Right,void,,,,,,,,,,,3392.44,4118.53,54.0985,39.1181,3388.49,4264.35,158.136,129.959,-14.225,1.1e+17,11,F,88.1247,32.11882424,3353.3219,3258.531,94.7909,5.0,0.5096469943785579,0.0269198036171623,R,-52.20926107341912,LLLYSLLLALLFALLTILILI,25663.01552845307,1662.6193969324747,41.109924415503016,0.07091020451311547,LLLYSLLLALLFALLTILILI,Mutant
LLLYSLLLALLFALLTILILI,LLLYSLLAALLFALLTILILI,Right,void,,,,,,,,,,,3399.62,4212.59,59.8377,66.538,3388.49,4264.35,118.546,139.847,-14.225,1.1e+17,7,L,63.0574,51.34287174,3333.082,3248.643,84.439,5.0,0.5876680138800179,0.0386031401959836,R,-37.12476754679995,LLLYSLLLALLFALLTILILI,25805.41320858653,1672.9822759180902,51.52983571889044,-0.007110814988344538,LLLYSLLLALLFALLTILILI,Mutant
LLLFYLLTALLIALLSLLILI,LLLFYLLTILLIALLSLLILI,Right,clash,16.2417,-264.489,2245950000000.0,2245950000000.0,-74.2083,-282.038,-379.278,4323.64,-49.4862,-23.0312,3447.9,4172.42,48.7547,7.79832,3447.9,4172.42,48.7547,7.79832,-13.6937,1.10011e+17,8,A,124.45439,4.13459198,,,,,0.1777579044517769,0.0583782747251194,R,8742418006961.982,LLLFYLLTALLIALLSLLILI,24365.806429999662,1227.0103044623593,18.353855224097547,0.4076236896045583,LLLFYLLTALLIALLSLLILI,Mutant
LLLFYLLTALLIALLSLLILI,LLLFALLTALLIALLSLLILI,Right,void,,,,,,,,,,,3459.87,4066.05,60.9917,94.0224,3447.9,4172.42,162.727,179.009,-13.6937,1.1e+17,4,Y,44.4528,67.89836736,3365.8476,3268.891,96.9566,4.0,0.5221190244447884,0.2818913422430333,R,-59.20488693107664,LLLFYLLTALLIALLSLLILI,25559.26648710884,2656.3682313093573,27.047746761382857,0.06326256961154675,LLLFYLLTALLIALLSLLILI,Mutant
LLLFYLLTALLIALLSLLILI,LLLFYLLTALLAALLSLLILI,Right,void,,,,,,,,,,,3501.93,4139.26,51.9451,54.2785,3447.9,4172.42,101.205,80.2579,-13.6937,1.1e+17,11,I,75.9893,41.66685858,3447.6515,3367.6421,80.0094,4.0,0.5701357687422788,0.0434496825602718,R,11940652380852.38,LLLFYLLTALLIALLSLLILI,25710.82350429368,1929.042028293512,45.19906384723187,0.015245825314056383,LLLFYLLTALLIALLSLLILI,Mutant
LLLYWLLVALLAFLLSLLILI,LLLYWLLVALLIFLLSLLILI,Right,clash,20.5391,-274.39,514525000.0,514525000.0,-60.3026,-288.186,-371.851,4336.9,-45.0342,-23.3616,3523.96,4352.15,53.6632,4.69585,3523.96,4352.15,53.6632,4.69585,-12.0787,1.10011e+17,11,A,125.57195,3.604766489,,,,,0.2475921313789103,0.0585848293821005,R,99999900.0,LLLYWLLVALLAFLLSLLILI,24480.24802368635,1670.8361164309113,17.275338362034205,0.20546873857878437,LLLYWLLVALLAFLLSLLILI,Mutant
LLLYWLLVALLAFLLSLLILI,LLLYALLVALLAFLLSLLILI,Right,void,,,,,,,,,,,3537.72,4154.48,59.5741,45.6529,3523.96,4352.15,197.651,185.94,-12.0787,1.1e+17,4,W,92.8223,32.96828602,3492.0671,3338.02,154.0471,5.0,0.3501872018165035,0.041845108089773,R,10050069778717.078,LLLYWLLVALLAFLLSLLILI,24979.465685263927,1328.2672407102473,31.82265224660862,0.1028736681411912,LLLYWLLVALLAFLLSLLILI,Mutant
LLLYWLLVALLAFLLSLLILI,LLLYWLLVALLAALLSLLILI,Right,void,,,,,,,,,,,3564.13,4258.22,44.902,70.8022,3523.96,4352.15,131.663,140.954,-12.0787,1.1e+17,12,F,59.0198,54.53790575,3493.3278,3383.006,110.3218,5.0,0.5888329689345932,0.1433546358355999,R,7985906236519.271,LLLYWLLVALLAFLLSLLILI,25788.105130064057,2272.262412026728,40.84632071828688,-0.13577209897689857,LLLYWLLVALLAFLLSLLILI,Mutant
LLLYILLTVLLALLLSFLILI,LLLYILLTVLLALLLIFLILI,Right,clash,21.9605,-282.597,168049.0,167738.0,-58.9404,-283.071,-367.123,4699.65,-49.8503,-25.1117,3978.05,4760.78,43.5405,17.6773,3976.37,4762.93,52.3903,19.5721,-9.91319,1.10011e+17,15,S,112.0431,13.62723211,,,,,0.1216422655800783,0.1338072057850685,R,17910978571328.58,LLLYILLTVLLALLLSFLILI,24121.825871240897,970.3388893062488,18.120966306667142,0.0494783824102331,LLLYILLTVLLALLLSFLILI,Mutant
LLLYILLTVLLALLLSFLILI,LLLYILLTVLLALLLSALILI,Right,void,,,,,,,,,,,3885.37,4661.03,46.4816,89.808,3976.37,4762.93,138.402,268.635,-9.91319,1.1e+17,16,F,39.6548,69.36973401,3795.562,3707.735,87.827,5.0,0.1383223701927053,0.0882397179775684,R,12660787257125.346,LLLYILLTVLLALLLSFLILI,24125.617960654,1106.256849555957,16.818738590215084,0.03279827779760611,LLLYILLTVLLALLLSFLILI,Mutant
LLLYILLTVLLALLLSFLILI,LLLYILLTVLLILLLSFLILI,Right,clash,21.9479,-284.63,1155440.0,1155130.0,-74.2457,-285.219,-381.322,4706.6,-49.8503,-21.857,3976.37,4762.93,47.4801,2.27156,3976.37,4762.93,47.4801,2.27156,-9.91319,1.10011e+17,11,A,127.99624,1.743761697,,,,,0.1540248226384757,0.251170922039906,R,99999900.0,LLLYILLTVLLALLLSFLILI,24045.837213164672,517.5973146103134,27.788289104928708,0.01709582535183571,LLLYILLTVLLALLLSFLILI,Mutant
LLLYILLTVLLALLLSFLILI,LLLYILLIVLLALLLSFLILI,Right,clash,11.2089,-267.24,599.92,298.793,-60.4181,-285.231,-376.867,4302.51,-45.0955,-31.2175,3708.3,4249.19,58.7138,31.8991,3694.41,4284.91,88.9916,53.1783,-11.9934,1.10011e+17,7,T,97.6963,24.61437674,,,,,0.1727632347513039,0.1018674443484893,R,20896141666566.67,LLLYILLTVLLALLLSFLILI,24162.018500209528,1058.73681235509,20.51210083029712,-0.0016425867609924927,LLLYILLTVLLALLLSFLILI,Mutant
LLLYILLTVLLALLLSFLILI,LLLYILLTVLLAALLSFLILI,Right,void,,,,,,,,,,,3704.39,4245.03,50.9626,87.8262,3694.41,4284.91,104.767,147.611,-11.9934,1.1e+17,12,L,41.9958,67.65124555,3616.5638,3546.799,69.7648,5.0,0.2079711177105887,0.0513677156971615,R,10163226079019.332,LLLYILLTVLLALLLSFLILI,24565.467663972555,1638.0049442305851,14.38298685721125,-0.03685046972027731,LLLYILLTVLLALLLSFLILI,Mutant
LLLYSLLVALLFTLLFLLILI,LLLYSLLVILLFTLLFLLILI,Right,clash,16.2145,-275.008,1240260.0,1239950.0,-58.8425,-281.82,-350.94,4392.16,-55.3444,-10.2774,3445.66,4379.2,50.9678,5.76973,3445.66,4379.2,50.9678,5.76973,-11.9863,1.10011e+17,8,A,125.55987,4.393320318,,,,,0.0922538697409677,0.039444376841371,R,13422921173914.137,LLLYSLLVALLFTLLFLLILI,23782.797545755664,1564.3733016215594,5.393137154105747,0.06649043752126209,LLLYSLLVALLFTLLFLLILI,Mutant
LLLYSLLVALLFTLLFLLILI,LLLYSLLVALLFTLLALLILI,Right,void,,,,,,,,,,,3479.2,4264.61,50.5073,38.5812,3445.66,4379.2,140.824,110.244,-11.9863,1.1e+17,15,F,91.1392,29.74181393,3440.6188,3335.416,105.2028,4.0,0.3091157185675929,0.0297609843378809,R,-44.75831533202376,LLLYSLLVALLFTLLFLLILI,24654.30291960218,1423.4670082842265,27.665148956821746,-0.1503714113053631,LLLYSLLVALLFTLLFLLILI,Mutant
LLLYWLLLALLVALLSTLILI,LLLYWLLLILLVALLSTLILI,Right,clash,29.484,-279.205,415777000.0,415777000.0,-74.2355,-297.634,-402.365,4247.72,-49.5698,-30.4959,3447.44,4127.59,40.3096,4.36858,3447.44,4127.59,40.3096,4.36858,-11.5575,1.10011e+17,8,A,123.77229,4.660003697,,,,,0.2267326697927151,0.0611128038570534,R,-42.05722167267207,LLLYWLLLALLVALLSTLILI,24344.76985264529,1242.6552211494804,22.619629385640888,0.0762003910779992,LLLYWLLLALLVALLSTLILI,Mutant
LLLYWLLLALLVALLSTLILI,LLLYWLLLALLVILLSTLILI,Right,clash,29.3669,-279.207,2135930.0,2135630.0,-74.232,-295.449,-400.485,4249.31,-49.5698,-30.8045,3447.44,4127.59,50.9653,6.04971,3447.44,4127.59,50.9653,6.04971,-11.5575,1.10011e+17,12,A,123.77229,4.660003697,,,,,0.2908613471808845,0.0233185662282887,R,16960870130216.166,LLLYWLLLALLVALLSTLILI,24691.22124937056,1381.4605087273967,25.753839181411635,0.012071713689829788,LLLYWLLLALLVALLSTLILI,Mutant
LLLYWLLLALLVALLSTLILI,LLLYALLLALLVALLSTLILI,Right,void,,,,,,,,,,,3536.14,4084.87,59.2063,71.7493,3447.44,4127.59,145.295,161.475,-11.5575,1.1e+17,4,W,66.7259,51.81382659,3464.3907,3285.965,178.4257,5.0,0.3148318950936783,0.0171994149980217,R,-0.9174475378878164,LLLYWLLLALLVALLSTLILI,24704.039931081534,1578.112209943532,25.361687822127337,-0.011898834222964005,LLLYWLLLALLVALLSTLILI,Mutant
LLLYWLLLALLVALLSTLILI,LLLYWLLAALLVALLSTLILI,Right,void,,,,,,,,,,,3412.67,4074.41,59.1036,90.0014,3447.44,4127.59,117.819,196.878,-11.5575,1.1e+17,7,L,39.594,69.44798967,3322.6686,3250.562,72.1066,5.0,0.3151761890205654,0.0434010587526808,R,-20.68482277191767,LLLYWLLLALLVALLSTLILI,24673.9051167122,1384.202924630317,28.981159356762547,-0.012243128149851068,LLLYWLLLALLVALLSTLILI,Mutant
LLLYILLVALLATLLTLLILI,LLLYILLVALLITLLTLLILI,Right,clash,13.5234,-266.132,149971.0,149665.0,-72.5251,-280.548,-386.638,4285.84,-54.1717,-33.5645,3516.6,4180.55,51.7595,18.1437,3516.6,4180.55,51.7595,18.1437,-11.5225,1.10011e+17,11,A,112.1241,13.92800063,,,,,0.1895969950298452,0.0849457355778632,R,99999900.0,LLLYILLVALLATLLTLLILI,24259.339274413105,1745.37527353214,10.853838640959133,0.2756290354362013,LLLYILLVALLATLLTLLILI,Mutant
LLLYILLVALLATLLTLLILI,LLLYILLVALLATLLTALILI,Right,void,,,,,,,,,,,3505.54,4140.26,55.6694,93.979,3516.6,4180.55,107.412,170.202,-11.5225,1.1e+17,16,L,35.4838,72.59150891,3411.561,3346.398,65.163,4.0,0.2062885006766751,0.1018652728743521,R,-33.266832415631136,LLLYILLVALLATLLTLLILI,24394.227797834734,1056.2018817767196,23.321160809857915,0.2589375297893714,LLLYILLVALLATLLTLLILI,Mutant
LLLYILLVALLATLLTLLILI,LLLYILLVALLATLLILLILI,Right,clash,13.5242,-262.922,1587620.0,1587320.0,-58.8077,-272.121,-369.334,4302.2,-49.5437,-38.4051,3523.03,4143.27,59.2918,9.67149,3516.6,4180.55,90.6183,12.9316,-11.5225,1.10011e+17,15,T,120.04891,7.45564306,,,,,0.3895410722426485,0.1470964435273079,R,99999900.0,LLLYILLVALLATLLTLLILI,24972.899392007588,2109.939713987201,23.925314132265544,0.07568495822339799,LLLYILLVALLATLLTLLILI,Mutant
LLLYILLVALLATLLTLLILI,LLLYALLVALLATLLTLLILI,Right,void,,,,,,,,,,,3516.25,4129.24,52.534,72.8085,3516.6,4180.55,108.418,132.873,-11.5225,1.1e+17,4,I,100.5689,27.37407131,3443.4415,3383.727,59.7145,4.0,0.3921456128900621,0.0483458333204213,R,12154867953095.293,LLLYILLVALLATLLTLLILI,25097.24100025425,1360.3310701758085,35.72365362458018,0.07308041757598438,LLLYILLVALLATLLTLLILI,Mutant
LLLYVLLIALLFTLLSLLILI,LLLYVLLIILLFTLLSLLILI,Right,clash,13.1701,-269.467,468044.0,467738.0,-74.1173,-285.897,-382.826,4298.51,-49.6004,-22.8118,3493.18,4289.61,50.0102,10.9247,3493.18,4289.61,50.0102,10.9247,-11.4802,1.10011e+17,8,A,120.4049,8.318535958,,,,,0.1562798160964782,0.1898694143947208,R,16716913333233.344,LLLYVLLIALLFTLLSLLILI,24439.793118256726,897.1338762310245,24.34508335887354,0.05258304709139269,LLLYVLLIALLFTLLSLLILI,Mutant
LLLYVLLIALLFTLLSLLILI,LLLYVLLAALLFTLLSLLILI,Right,void,,,,,,,,,,,3495.83,4240.02,58.4467,87.2683,3493.18,4289.61,110.569,162.303,-11.4802,1.1e+17,7,I,42.3271,67.33904135,3408.5617,3330.877,77.6847,4.0,0.2259172292208813,0.0707669088048012,R,-26.9473071536728,LLLYVLLIALLFTLLSLLILI,24495.551102746565,1693.3203056685288,14.737332337666604,-0.017054366033010415,LLLYVLLIALLFTLLSLLILI,Mutant
LLLTILLAVLLAYLLSLLILI,LLLTILLAVLLIYLLSLLILI,Right,clash,18.7934,-272.251,5.22e+16,5.22e+16,-60.262,-284.097,-387.043,4216.53,-45.0092,-42.6847,3335.04,4098.69,52.9496,2.1451,3335.04,4098.69,52.9496,2.1451,-11.4044,1.10011e+17,11,A,128.1227,1.646684752,,,,,0.2410707206687349,0.0631600494125873,R,16716913333233.344,LLLTILLAVLLAYLLSLLILI,24790.91992750315,1700.0971985957012,16.45780351342821,0.26445617465905047,LLLTILLAVLLAYLLSLLILI,Mutant
LLLTILLAVLLAYLLSLLILI,LLLTILLAVLLAALLSLLILI,Right,void,,,,,,,,,,,3373.39,3981.64,45.463,66.3911,3335.04,4098.69,144.326,157.521,-11.4044,1.1e+17,12,Y,63.4309,51.14009952,3306.9989,3177.519,129.4799,5.0,0.3791113631704426,0.0151904677723975,R,-62.84895866523985,LLLTILLAVLLAYLLSLLILI,25163.2080723539,1527.009927050157,30.866900439734664,0.1264155321573428,LLLTILLAVLLAYLLSLLILI,Mutant
LLLTILLAVLLAYLLSLLILI,LLLTILLIVLLAYLLSLLILI,Right,clash,19.2885,-272.227,196393.0,196095.0,-60.281,-282.174,-386.247,4192.89,-45.0092,-43.7923,3335.04,4098.69,55.4704,33.3303,3335.04,4098.69,55.4704,33.3303,-11.4044,1.10011e+17,7,A,128.1227,1.646684752,,,,,0.4980001448147859,0.254629180671117,R,-36.99268693421004,LLLTILLAVLLAYLLSLLILI,25811.45730841012,2410.314240728446,26.64205199921033,0.007526750512999503,LLLTILLAVLLAYLLSLLILI,Mutant
LLLTILLAVLLAYLLSLLILI,LLLTALLAVLLAYLLSLLILI,Right,void,,,,,,,,,,,3383.81,4039.67,60.3823,40.1183,3335.04,4098.69,115.412,79.179,-11.4044,1.1e+17,4,I,98.3569,28.97146926,3343.6917,3255.861,87.8307,5.0,0.5079162303595084,0.000868929573512,R,-52.42927853727178,LLLTILLAVLLAYLLSLLILI,25956.911646044635,1467.5564838158843,42.508431388578686,-0.0023893350317230055,LLLTILLAVLLAYLLSLLILI,Mutant
LLLYTLLVLLLAFLLSILILI,LLLYTLLVLLLIFLLSILILI,Right,clash,27.3005,-285.414,3560070000.0,3560070000.0,-60.3747,-285.785,-374.686,4732.17,-45.1009,-28.5264,4066.36,4808.73,49.1969,8.76514,4066.36,4808.73,49.1969,8.76514,-22.8958,1.10011e+17,11,A,121.50266,6.728554562,,,,,0.0911904401849128,0.1092141761312945,R,99999900.0,LLLYTLLVLLLAFLLSILILI,23846.649557103465,1019.0080956509272,14.112156165301052,0.2157831352192427,LLLYTLLVLLLAFLLSILILI,Mutant
LLLYTLLVLLLAFLLSILILI,LLLYTLLILLLAFLLSILILI,Right,clash,15.0769,-266.988,338.407,41.4073,-60.3441,-283.144,-374.961,4293.83,-45.0894,-31.4728,3736.83,4228.66,54.8576,26.5017,3725.68,4253.44,81.4389,31.3781,-11.0904,1.10011e+17,7,V,103.0937,20.44956843,,,,,0.1935035468218596,0.0904498594346016,R,99999900.0,LLLYTLLVLLLAFLLSILILI,24519.28427281032,1785.3564637423085,10.85505770506783,0.11347002858229588,LLLYTLLVLLLAFLLSILILI,Mutant
LLLYTLLVLLLAFLLSILILI,LLLYTLLVLLLAFLLIILILI,Right,clash,27.301,-283.384,1764.91,1463.73,-45.1009,-283.682,-359.541,4738.63,-45.1009,-30.7581,4068.38,4805.55,39.2739,3.46032,4066.36,4808.73,48.8784,3.67969,-22.8958,1.10011e+17,15,S,126.26008,2.667521839,,,,,0.285632622742373,0.0610372882399743,R,19288746153746.164,LLLYTLLVLLLAFLLSILILI,24551.46253077885,1300.2217466768657,27.55056938782277,0.021340952661782486,LLLYTLLVLLLAFLLSILILI,Mutant
LLLYTLLVLLLAFLLSILILI,LLLYTLLVLLLAALLSILILI,Right,void,,,,,,,,,,,3670.57,4145.29,45.976,76.9556,3725.68,4253.44,139.101,236.38,-11.0904,1.1e+17,12,F,52.8664,59.27778035,3593.6144,3489.3,104.3144,4.0,0.3857812009958922,0.12073084688244,R,14028548157346.39,LLLYTLLVLLLAFLLSILILI,25356.511290783776,1894.1714394544765,25.172443300784487,-0.07880762559173671,LLLYTLLVLLLAFLLSILILI,Mutant
LLLYTLLVLLLAFLLSILILI,LLLYTLLVALLAFLLSILILI,Right,void,,,,,,,,,,,3748.27,4194.27,58.7739,73.8705,3725.68,4253.44,117.18,119.66,-11.0904,1.1e+17,8,L,57.4591,56.24817254,3674.3995,3606.02,68.3795,4.0,0.4243439733363399,0.1132481077419854,R,8182934149846.11,LLLYTLLVLLLAFLLSILILI,25266.76769641946,1935.747924665208,28.84709834817547,-0.1173703979321844,LLLYTLLVLLLAFLLSILILI,Mutant
LLLSYLLVALLTILLWLLILI,LLLSYLLVALLIILLWLLILI,Right,clash,18.2107,-277.533,26097200.0,26096900.0,-45.0644,-283.223,-373.166,4309.91,-45.9087,-44.8788,3425.24,4274.6,37.7888,17.8443,3404.7,4275.6,58.7657,21.7806,-10.6746,1.10011e+17,11,T,112.4235,13.69816639,,,,,0.4810482714909113,0.209093527051871,R,17641378571328.58,LLLSYLLVALLTILLWLLILI,25295.20715370397,1146.967827007189,52.69750761511873,1.0641066843832296,LLLSYLLVALLTILLWLLILI,Mutant
LLLSYLLVALLTILLWLLILI,LLLSYLLVALLTILLALLILI,Right,void,,,,,,,,,,,3459.58,4110.39,57.6012,79.6893,3404.7,4275.6,181.543,150.484,-10.6746,1.1e+17,15,W,61.483,52.60344556,3379.8907,3254.216,125.6747,4.0,0.602042990192865,0.065746889002494,R,10018110023359.93,LLLSYLLVALLTILLWLLILI,25881.649446539686,1998.9586841382056,46.55154573203066,0.9431119656812759,LLLSYLLVALLTILLWLLILI,Mutant
LLLSYLLVALLTILLWLLILI,LLLSALLVALLTILLWLLILI,Right,void,,,,,,,,,,,3448.01,4102.84,52.4452,57.8744,3404.7,4275.6,171.56,151.513,-10.6746,1.1e+17,4,Y,80.6008,41.7940541,3390.1356,3253.187,136.9486,4.0,0.6122464817972435,0.088685430560637,R,-15.442611418392817,LLLSYLLVALLTILLWLLILI,25788.750618068123,2210.569397346032,46.04740350488673,0.9329084740768974,LLLSYLLVALLTILLWLLILI,Mutant
LLLYSLLLALLATLLVFLILI,LLLYSLLAALLATLLVFLILI,Right,void,,,,,,,,,,,3515.12,4192.47,59.5193,63.5623,3499.14,4242.47,116.326,131.704,-10.482,1.1e+17,7,L,66.0331,49.04672542,3451.5577,3367.436,84.1217,5.0,0.1448445151653409,0.0739048299247988,R,-32.22346280187177,LLLYSLLLALLATLLVFLILI,24087.974763744947,1695.5062672133045,7.758067714987492,0.06115127010474311,LLLYSLLLALLATLLVFLILI,Mutant
LLLYSLLLALLATLLVFLILI,LLLYILLLALLATLLVFLILI,Right,clash,31.7368,-274.247,127109000.0,127109000.0,-58.8092,-274.31,-356.383,4310.5,-49.5342,-23.2639,3507.19,4243.51,58.2056,6.62477,3499.14,4242.47,62.2648,10.574,-10.482,1.10011e+17,4,S,131.85043,4.784084081,,,,,0.1816980852410144,0.0816753976357645,R,99999900.0,LLLYSLLLALLATLLVFLILI,24312.18246831077,1728.4990132307364,10.385733768093557,0.024297700029069585,LLLYSLLLALLATLLVFLILI,Mutant
LLLYSLLLALLATLLVFLILI,LLLYSLLLALLATLLVALILI,Right,void,,,,,,,,,,,3417.59,4096.45,54.7962,100.423,3499.14,4242.47,153.727,260.969,-10.482,1.1e+17,16,F,29.0398,77.56900052,3317.167,3238.171,78.996,5.0,0.4232551121506899,0.0860660731622063,R,-5.508553277201906,LLLYSLLLALLATLLVFLILI,25081.88320145676,1379.8948386152545,40.56536908147032,-0.2172593268806059,LLLYSLLLALLATLLVFLILI,Mutant
LLLYSLLLALLATLLVFLILI,LLLYSLLLALLITLLVFLILI,Right,clash,24.2334,-279.357,663.567,352.62,-58.8092,-276.338,-360.121,4311.02,-55.8229,-24.9738,3499.14,4242.47,52.2833,39.1866,3499.14,4242.47,52.2833,39.1866,-10.482,1.10011e+17,11,A,103.1834,21.43172598,,,,,0.4373171459171411,0.0198099428675804,R,99999900.0,LLLYSLLLALLATLLVFLILI,25098.29778272245,1643.411070204086,37.81794780091725,-0.2313213606470571,LLLYSLLLALLATLLVFLILI,Mutant
LLLYVLLTALLFALLSLLILI,LLLYVLLTILLFALLSLLILI,Right,clash,22.0023,-278.952,21214400.0,21214100.0,-74.216,-281.462,-373.011,4700.54,-49.5782,-17.3339,3892.52,4808.15,51.2987,6.03915,3892.52,4808.15,51.2987,6.03915,-10.0167,1.10011e+17,8,A,126.69875,2.405794087,,,,,0.1350346213106467,0.0158915304472378,R,-23.51954131419573,LLLYVLLTALLFALLSLLILI,24092.23608280236,1483.6438878775136,10.373395612092509,0.12071334813422901,LLLYVLLTALLFALLSLLILI,Mutant
LLLYVLLTALLFALLSLLILI,LLLYVLLTALLFALLSALILI,Right,void,,,,,,,,,,,3472.63,4171.6,58.3707,84.7794,3438.14,4238.95,118.771,114.459,-10.4337,1.1e+17,16,L,44.6834,65.48552943,3387.8506,3323.681,64.1696,4.0,0.2514350037907684,0.0603015813912849,R,-28.678667979157314,LLLYVLLTALLFALLSLLILI,24502.1332889528,1677.015711974725,17.495626059105273,0.004312965654107326,LLLYVLLTALLFALLSLLILI,Mutant
LLLYVLLTALLFALLSLLILI,LLLYVLLTALLAALLSLLILI,Right,void,,,,,,,,,,,3460.44,4116.66,51.7057,44.2816,3438.14,4238.95,146.777,135.737,-10.4337,1.1e+17,11,F,85.9862,33.99274418,3416.1584,3302.403,113.7554,4.0,0.4782404080156844,0.0592856367416231,R,8922151109408.953,LLLYVLLTALLFALLSLLILI,25405.028145016106,1832.4976380878509,36.560567569652406,-0.2224924385708087,LLLYVLLTALLFALLSLLILI,Mutant
LLLYSLLIALLFVLLTLLILI,LLLYSLLIILLFVLLTLLILI,Right,clash,15.1316,-272.34,1416580.0,1416270.0,-58.8796,-284.867,-370.249,4354.08,-55.3829,-26.5032,3478.85,4296.13,50.64,5.915,3478.85,4296.13,50.64,5.915,-10.2014,1.10011e+17,8,A,125.4146,4.503935137,,,,,0.0174419886390035,0.192261891304034,R,14712575312385.473,LLLYSLLIALLFVLLTLLILI,23721.793665210724,881.8067004796045,12.853176290371596,0.4981062609595709,LLLYSLLIALLFVLLTLLILI,Mutant
LLLYSLLIALLFVLLTLLILI,LLLYSLLAALLFVLLTLLILI,Right,void,,,,,,,,,,,3498.38,4245.75,59.5451,66.4605,3478.85,4296.13,112.202,118.086,-10.2014,1.1e+17,7,I,63.1349,51.28307023,3431.9195,3360.764,71.1555,4.0,0.2781643413798649,0.0517477090298727,R,-16.16495850214283,LLLYSLLIALLFVLLTLLILI,24612.744997399244,1657.0170952546398,20.242185399537107,0.23738390821870947,LLLYSLLIALLFVLLTLLILI,Mutant
LLLYSLLIALLFVLLTLLILI,LLLYSLLIALLFILLTLLILI,Right,clash,15.0856,-269.72,40305.4,39995.2,-58.8983,-281.172,-365.845,4378.46,-55.6025,-25.7746,3492.89,4286.72,45.3437,10.685,3478.85,4296.13,72.7115,22.4826,-10.2014,1.10011e+17,12,V,119.137,8.230500223,,,,,0.4553207799994132,0.1481125164201149,R,99999900.0,LLLYSLLIALLFVLLTLLILI,25139.523922848268,1325.7689791998964,46.92855015254106,0.06022746959916114,LLLYSLLIALLFVLLTLLILI,Mutant
LLLYSLLIALLFVLLTLLILI,LLLYSLLIALLAVLLTLLILI,Right,void,,,,,,,,,,,3478.76,4158.43,50.8489,42.7922,3478.85,4296.13,152.393,138.743,-10.2014,1.1e+17,11,F,87.4756,32.84940714,3435.9678,3340.107,95.8608,4.0,0.5304501227706375,0.0453764456753221,R,18479356968157.32,LLLYSLLIALLFVLLTLLILI,25769.04477142314,1415.3609550549338,47.13668993758467,-0.014901873172063151,LLLYSLLIALLFVLLTLLILI,Mutant
LLLYSLLLTLLATLLVFLILI,LLLYSLLLILLATLLVFLILI,Right,clash,12.3732,-269.695,3137.48,2825.9,-58.8316,-276.353,-360.228,4305.16,-54.2562,-25.0433,3557.82,4247.2,53.7326,28.1462,3551.46,4274.56,82.4523,44.5955,-10.0894,1.10011e+17,8,T,103.1834,21.43172598,,,,,0.1338547907586093,0.0508104232741641,R,-58.09996161840174,LLLYSLLLALLATLLVFLILI,23975.017809936588,1239.512700926216,14.226673026507234,0.2176510789949992,LLLYSLLLTLLATLLVFLILI,Mutant
LLLYSLLLTLLATLLVFLILI,LLLYSLLLTLLATLLVALILI,Right,void,,,,,,,,,,,3472.37,4125.67,53.9991,97.4814,3551.46,4274.56,153.666,260.712,-10.0894,1.1e+17,16,F,31.9814,75.29684203,3374.8886,3290.748,84.1406,4.0,0.3967078458125389,0.1255820522980603,R,-99.99960585642582,LLLYSLLLTLLATLLVFLILI,24911.48535806344,2099.648832163839,25.800584174564595,-0.04520197605893039,LLLYSLLLTLLATLLVFLILI,Mutant
LLLYILLTALLVALLSLLILI,LLLYILLTILLVALLSLLILI,Right,clash,14.5359,-262.966,6407730000.0,6407730000.0,-74.2582,-279.936,-390.947,4272.59,-49.8265,-36.7524,3461.01,4177.87,50.0699,6.64661,3461.01,4177.87,50.0699,6.64661,-10.0714,1.10011e+17,8,A,124.61022,4.014558395,,,,,0.1247382617296067,0.1122478075074158,R,-50.87429102438823,LLLYILLTALLVALLSLLILI,24006.463234584568,1010.0820158535936,17.102979674099593,0.1561769271886342,LLLYILLTALLVALLSLLILI,Mutant
LLLYILLTALLVALLSLLILI,LLLYILLTALLVALLSALILI,Right,void,,,,,,,,,,,3520.71,4111.62,58.8279,103.235,3461.01,4177.87,118.816,116.22,-10.0714,1.1e+17,16,L,26.2278,79.74105303,3417.475,3344.79,72.685,4.0,0.2818594850225612,0.0011132883528378,R,-8.654118465940067,LLLYILLTALLVALLSLLILI,24611.10659880309,1473.152534178497,23.683865695563178,-0.0009442961043202858,LLLYILLTALLVALLSLLILI,Mutant
LLLYILLTALLVALLSLLILI,LLLYALLTALLVALLSLLILI,Right,void,,,,,,,,,,,3492.1,4119.14,59.4727,70.6316,3461.01,4177.87,114.125,94.7792,-10.0714,1.1e+17,4,I,67.8436,51.00667845,3421.4684,3366.2308,55.2376,4.0,0.3736907530153756,0.0328110016998492,R,-37.86013602442527,LLLYILLTALLVALLSLLILI,25005.70850377719,1641.9701231090835,29.36866085386943,-0.09277556409713467,LLLYILLTALLVALLSLLILI,Mutant
LLLYSLLLILLAVLLTFLILI,LLLYSLLLILLAVLLIFLILI,Right,clash,16.5634,-275.057,494524000.0,494524000.0,-45.101,-276.761,-353.019,4347.94,-45.101,-31.1577,3618.56,4281.2,63.4824,31.5139,3589.79,4321.95,94.6841,31.4972,-9.72298,1.10011e+17,15,T,98.2065,24.29371171,,,,,0.0707423485684627,0.2577117174720221,R,15436206249899.988,LLLYSLLLILLAVLLTFLILI,23633.359202135653,477.1537952344425,21.197332643905494,0.1671442749368943,LLLYSLLLILLAVLLTFLILI,Mutant
LLLYSLLLILLAVLLTFLILI,LLLYSLLAILLAVLLTFLILI,Right,void,,,,,,,,,,,3579.85,4270.57,59.6128,79.4109,3589.79,4321.95,117.848,174.575,-9.72298,1.1e+17,7,L,50.1845,61.27601751,3500.4391,3415.215,85.2241,4.0,0.1739396403534076,0.0421832651677531,R,-54.9720091396784,LLLYSLLLILLAVLLTFLILI,24306.36643463137,1277.1354888726885,17.074344663252177,0.06394698315194941,LLLYSLLLILLAVLLTFLILI,Mutant
LLLYSLLLILLAVLLTFLILI,LLLYSLLLILLIVLLTFLILI,Right,clash,16.5647,-278.267,6033.78,5722.44,-58.8872,-286.0,-370.959,4343.02,-49.6334,-26.0713,3589.79,4321.95,52.2279,30.8026,3589.79,4321.95,52.2279,30.8026,-9.72298,1.10011e+17,11,A,99.4652,23.64559776,,,,,0.1887820268727173,0.1383523148818402,R,99999900.0,LLLYSLLLILLAVLLTFLILI,24278.428711823068,1939.3196367191044,7.621171282917888,0.04910459663263969,LLLYSLLLILLAVLLTFLILI,Mutant
LLLYSLLLILLAVLLTFLILI,LLLYSLLLILLAVLLTALILI,Right,void,,,,,,,,,,,3471.22,4175.98,55.7692,90.9654,3589.79,4321.95,154.387,275.886,-9.72298,1.1e+17,16,F,38.4974,70.26373599,3380.2546,3313.904,66.3506,4.0,0.3224162128423045,0.1625491192695001,R,99999900.0,LLLYSLLLILLAVLLTFLILI,24674.114206649243,2130.7234489414163,17.38512645577264,-0.08452958933694749,LLLYSLLLILLAVLLTFLILI,Mutant
LLLVYLLIALLFSLLTLLILI,LLLVYLLIILLFSLLTLLILI,Right,clash,18.4404,-268.791,76131000.0,76130700.0,-74.243,-283.221,-381.35,4275.88,-54.1795,-23.8862,3499.45,4275.27,53.5266,23.2676,3499.45,4275.27,53.5266,23.2676,-8.57958,1.10011e+17,8,A,108.062,17.71695033,,,,,0.1899472181282032,0.2239330951552309,R,99999900.0,LLLVYLLIALLFSLLTLLILI,24444.86367410971,649.8600691752323,29.18447984360724,0.337300022611098,LLLVYLLIALLFSLLTLLILI,Mutant
LLLVYLLIALLFSLLTLLILI,LLLVALLIALLFSLLTLLILI,Right,void,,,,,,,,,,,3493.58,4124.65,55.0553,95.8344,3499.45,4275.27,167.505,186.612,-8.57958,1.1e+17,4,Y,42.6408,69.20690492,3397.7456,3312.838,84.9076,5.0,0.3537955766355289,0.1892204214753581,R,-49.7767293987804,LLLVYLLIALLFSLLTLLILI,25037.643371527145,2159.178928418012,18.434209120316016,0.17345166410377227,LLLVYLLIALLFSLLTLLILI,Mutant
LLLVYLLIALLFSLLTLLILI,LLLVYLLIALLASLLTLLILI,Right,void,,,,,,,,,,,3504.87,4134.49,51.4247,65.7731,3499.45,4275.27,154.109,169.148,-8.57958,1.1e+17,11,F,64.4947,50.4906815,3439.0969,3330.302,108.7949,5.0,0.726110077722701,0.2642744540833729,R,-43.59623553286072,LLLVYLLIALLFSLLTLLILI,26293.768639312035,2857.8580215154925,45.1846192087108,-0.1988628369833998,LLLVYLLIALLFSLLTLLILI,Mutant
LLLFYLLVALLISLLTLLILI,LLLFYLLVILLISLLTLLILI,Right,clash,22.5888,-282.877,166696000.0,166696000.0,-74.237,-283.261,-377.984,4763.42,-55.0559,-20.486,3786.12,4750.82,45.4693,2.10237,3786.12,4750.82,45.4693,2.10237,-15.0743,1.10011e+17,8,A,129.22723,1.600834846,,,,,0.2134901746940818,0.0609342044130294,R,13830948423223.46,LLLFYLLVALLISLLTLLILI,24401.41424101572,1209.5776727857312,21.499416464006643,-0.025394375502330202,LLLFYLLVALLISLLTLLILI,Mutant
LLLFYLLVALLISLLTLLILI,LLLFALLVALLISLLTLLILI,Right,void,,,,,,,,,,,3906.63,4664.48,47.8587,57.0103,3786.12,4750.82,141.517,89.0258,-15.0743,1.1e+17,4,Y,81.4649,41.17004344,3849.6197,3697.0942,152.5255,4.0,0.3856187049004385,0.0129514068565132,R,99999900.0,LLLFYLLVALLISLLTLLILI,24990.305264413382,1529.575749396549,33.07959779265078,-0.19752290570868689,LLLFYLLVALLISLLTLLILI,Mutant
LLLFYLLVALLISLLTLLILI,LLLFYLLVALLASLLTLLILI,Right,void,,,,,,,,,,,3833.35,4720.12,51.4746,61.7688,3786.12,4750.82,99.6905,92.6956,-15.0743,1.1e+17,11,I,68.499,47.41678297,3771.5812,3693.4244,78.1568,4.0,0.4522844419888009,0.0590948624016668,R,18998407692207.707,LLLFYLLVALLISLLTLLILI,25296.21329213262,1811.5086001009065,34.396938155358484,-0.26418864279704934,LLLFYLLVALLISLLTLLILI,Mutant
LLLYALLVALLTALLSLLILI,LLLYALLVALLTILLSLLILI,Right,clash,12.9481,-265.172,11680.4,11378.5,-74.2919,-275.845,-385.196,4188.65,-49.6723,-35.0585,3433.79,4108.23,47.3454,13.8889,3433.79,4108.23,47.3454,13.8889,-7.73994,1.10011e+17,12,A,115.9331,10.69841783,,,,,0.2479422382339817,0.1601508613439336,R,15672106249899.988,LLLYALLVALLTALLSLLILI,24460.54927987409,887.8001073250527,30.26492335579486,0.10538076530383977,LLLYALLVALLTALLSLLILI,Mutant
LLLYALLVALLTALLSLLILI,LLLYALLAALLTALLSLLILI,Right,void,,,,,,,,,,,3464.56,4083.26,54.4881,103.0,3433.79,4108.23,87.1389,130.07,-7.73994,1.1e+17,7,V,26.5954,79.47812962,3361.56,3303.72,57.84,4.0,0.2517809602075136,0.1125025574722373,R,-0.6598511768530901,LLLYALLVALLTALLSLLILI,24561.9726555619,1856.3443677477903,14.431669128758973,0.10154204333030786,LLLYALLVALLTALLSLLILI,Mutant
LLLYALLVALLTALLSLLILI,LLLYALLVALLTALLSALILI,Right,void,,,,,,,,,,,3430.02,4041.83,58.1303,66.8132,3433.79,4108.23,118.674,122.742,-7.73994,1.1e+17,16,L,62.6496,51.60802949,3363.2068,3311.048,52.1588,4.0,0.3420797518109171,0.002068041273896,R,-13.96196275578689,LLLYALLVALLTALLSLLILI,24857.260312044546,1506.626478551828,28.786483151459564,0.01124325172690438,LLLYALLVALLTALLSLLILI,Mutant
LLLYALLVALLTALLSLLILI,LLLYILLVALLTALLSLLILI,Right,clash,16.3585,-264.617,23542500000.0,23542500000.0,-74.294,-275.744,-383.305,4236.08,-49.6723,-33.2674,3433.79,4108.23,52.7183,45.7855,3433.79,4108.23,52.7183,45.7855,-7.73994,1.10011e+17,4,A,115.9331,10.69841783,,,,,0.3613543885957273,0.0589100015347106,R,15085417378841.266,LLLYALLVALLTALLSLLILI,24857.680122199785,1376.1245670737117,33.769493659855364,-0.008031385057905849,LLLYALLVALLTALLSLLILI,Mutant
LLLYVLLTILLALLLSFLILI,LLLYVLLIILLALLLSFLILI,Right,clash,11.5095,-266.89,10960000.0,10959700.0,-60.433,-284.461,-376.775,4287.16,-45.1169,-31.8805,3721.62,4220.93,57.3013,38.9044,3709.45,4257.5,88.5971,64.5848,-7.67668,1.10011e+17,7,T,90.691,30.01989268,,,,,0.1843874284555283,0.0422583390995082,R,12195258807083.188,LLLYVLLTILLALLLSFLILI,24429.402729953385,1599.0998459226232,12.946571713991272,0.1211658989318059,LLLYVLLTILLALLLSFLILI,Mutant
LLLYVLLTILLALLLSFLILI,LLLYVLLTILLAALLSFLILI,Right,void,,,,,,,,,,,3707.28,4216.13,54.7226,74.3489,3709.45,4257.5,107.75,132.918,-7.67668,1.1e+17,12,L,55.4731,57.26987722,3632.9311,3576.532,56.3991,4.0,0.2065385005158066,0.0398507550518521,R,-79.66746408555548,LLLYVLLTILLALLLSFLILI,24240.902055918767,1316.8046024344492,19.66770390218636,0.0990148268715276,LLLYVLLTILLALLLSFLILI,Mutant
LLLYVLLTILLALLLSFLILI,LLLYVLLTILLILLLSFLILI,Right,clash,11.5448,-270.117,883615000.0,883615000.0,-74.2348,-288.245,-388.669,4288.56,-49.6537,-26.1892,3709.45,4257.5,47.6614,4.80019,3709.45,4257.5,47.6614,4.80019,-7.67668,1.10011e+17,11,A,125.46761,3.684863028,,,,,0.2149031668980755,0.1920765307208788,R,99999900.0,LLLYVLLTILLALLLSFLILI,24307.774460360382,761.2110569233737,29.38809358678467,0.0906501604892587,LLLYVLLTILLALLLSFLILI,Mutant
LLLYVLLTILLALLLSFLILI,LLLYVLLTALLALLLSFLILI,Right,void,,,,,,,,,,,3730.24,4253.76,45.5194,34.1967,3709.45,4257.5,79.7557,74.0854,-7.67668,1.1e+17,8,I,97.1329,26.03883664,3696.0433,3635.3646,60.6787,4.0,0.2987007735241883,0.0031546864119654,R,12626545959458.842,LLLYVLLTILLALLLSFLILI,24775.14130848339,1466.3350643693282,24.842170211405136,0.006852553863145927,LLLYVLLTILLALLLSFLILI,Mutant
LLLYLLLAVLLAFLLTSLILI,LLLYLLLIVLLAFLLTSLILI,Right,clash,15.9299,-265.017,5627670000.0,5627670000.0,-74.2137,-296.406,-388.269,4311.75,-49.8395,-17.649,3590.06,4255.45,57.8398,13.5473,3590.06,4255.45,57.8398,13.5473,-7.34717,1.10011e+17,7,A,124.55608,4.384598496,,,,,0.010612672113604,0.203991809845175,R,22795790908990.91,LLLYLLLAVLLAFLLTSLILI,23656.095150971087,816.332420591663,12.97593232850806,0.1142780183297009,LLLYLLLAVLLAFLLTSLILI,Mutant
LLLYLLLAVLLAFLLTSLILI,LLLYLLLAVLLIFLLTSLILI,Right,clash,15.4313,-265.035,896282.0,895982.0,-74.2137,-296.565,-388.942,4304.71,-49.8395,-18.1629,3590.06,4255.45,53.4842,5.71172,3590.06,4255.45,53.4842,5.71172,-7.34717,1.10011e+17,11,A,124.55608,4.384598496,,,,,0.1029118039666048,0.0655824777994287,R,-33.12595330951984,LLLYLLLAVLLAFLLTSLILI,24142.42124201714,1269.9171368505008,12.509116717381302,0.0219788864767001,LLLYLLLAVLLAFLLTSLILI,Mutant
LLLYLLLAVLLAFLLTSLILI,LLLYLLLAVLLAALLTSLILI,Right,void,,,,,,,,,,,3506.2,4128.56,50.4405,76.6113,3590.06,4255.45,148.132,250.143,-7.34717,1.1e+17,12,F,53.2107,59.01257106,3429.5887,3339.917,89.6717,5.0,0.1605363571988522,0.0580540280814579,R,-39.871389541469824,LLLYLLLAVLLAFLLTSLILI,24150.89918942656,1639.556247847334,10.012108571681228,-0.0356456667555473,LLLYLLLAVLLAFLLTSLILI,Mutant
LLLYLLLAVLLAFLLTSLILI,LLLYALLAVLLAFLLTSLILI,Right,void,,,,,,,,,,,3625.68,4165.08,64.1136,83.0423,3590.06,4255.45,133.522,136.713,-7.34717,1.1e+17,4,L,55.4329,59.9690775,3542.6377,3453.347,89.2907,5.0,0.2589348682041817,0.0288899162011176,R,-35.07311841010068,LLLYLLLAVLLAFLLTSLILI,24622.85308071832,1334.1739920755297,23.408724512345724,-0.1340441777608768,LLLYLLLAVLLAFLLTSLILI,Mutant
LLLYVLLAILLTLLLSFLILI,LLLYVLLIILLTLLLSFLILI,Right,clash,20.9991,-283.796,3.81e+18,3.81e+18,-74.3057,-285.588,-382.136,4708.21,-49.8725,-22.2432,4003.97,4776.06,52.3732,17.2464,4003.97,4776.06,52.3732,17.2464,-16.733,1.10011e+17,7,A,112.349,13.30787975,,,,,0.0819010924123883,0.0703147594693963,R,15672106249899.988,LLLYVLLAILLTLLLSFLILI,23990.40442999764,1225.6976234434503,11.028953506463836,0.12050798319354089,LLLYVLLAILLTLLLSFLILI,Mutant
LLLYVLLAILLTLLLSFLILI,LLLYVLLAILLTALLSFLILI,Right,void,,,,,,,,,,,3706.57,4236.67,54.0474,85.4429,3717.48,4274.15,105.555,157.554,-6.80694,1.1e+17,12,L,44.3791,65.8154242,3621.1271,3559.926,61.2011,5.0,0.1329527432984105,0.0602226167717853,R,-37.83537883728381,LLLYVLLAILLTLLLSFLILI,24161.008201248704,1658.330577954919,7.572299394306195,0.06945633230751869,LLLYVLLAILLTLLLSFLILI,Mutant
LLLYVLLAILLTLLLSFLILI,LLLYVLLAALLTLLLSFLILI,Right,void,,,,,,,,,,,4020.09,4771.07,44.246,41.0964,4003.97,4776.06,79.2556,89.0188,-16.733,1.1e+17,8,I,90.2332,31.29256466,3978.9936,3914.9512,64.0424,5.0,0.2194389646866605,0.1019025366456136,R,-99.99956421714332,LLLYVLLAILLTLLLSFLILI,24405.7114874334,1063.5364409593158,24.42528791273074,-0.017029889080731303,LLLYVLLAILLTLLLSFLILI,Mutant
LLLYVLLAILLTLLLSFLILI,LLLYVLLAILLILLLSFLILI,Right,clash,20.8436,-280.59,611329.0,611024.0,-60.4293,-282.429,-370.354,4710.82,-45.1144,-27.4956,4008.31,4750.22,50.5224,2.67368,4003.97,4776.06,80.4909,4.90066,-16.733,1.10011e+17,11,T,127.59412,2.052448878,,,,,0.2404802330719297,0.131157195643139,R,18459417913945.523,LLLYVLLAILLTLLLSFLILI,24775.27445923161,1940.573296193716,12.379444415599048,-0.03807115746600051,LLLYVLLAILLTLLLSFLILI,Mutant
LLLYVLLAILLTLLLSFLILI,LLLAVLLAILLTLLLSFLILI,Right,void,,,,,,,,,,,3869.08,4611.39,62.0244,113.389,4003.97,4776.06,175.42,323.786,-16.733,1.1e+17,3,Y,56.3418,66.80519976,3755.691,3680.184,75.507,5.0,0.4189269972372487,0.2614231702490664,R,-30.832218243668567,LLLYVLLAILLTLLLSFLILI,25414.522861816884,2424.3033890458496,19.613712700675872,-0.2165179216313195,LLLYVLLAILLTLLLSFLILI,Mutant
LLLYALLVALLLTLLSWLILI,LLLYALLVALLLILLSWLILI,Right,clash,15.1158,-268.735,52803700.0,52803400.0,-60.4807,-289.619,-386.453,4299.37,-45.1068,-36.3535,3613.89,4050.66,54.6329,26.337,3583.1,4086.71,85.5974,32.7152,-6.72358,1.10011e+17,12,T,103.485,20.28700837,,,,,0.2151467625641865,0.0102364472835776,R,-38.28599977378683,LLLYALLVALLLTLLSWLILI,24313.49052109107,1415.6992785376324,18.634348324762115,-0.033741769323893694,LLLYALLVALLLTLLSWLILI,Mutant
LLLYALLVALLLTLLSWLILI,LLLYALLVALLATLLSWLILI,Right,void,,,,,,,,,,,3632.36,4048.43,51.6941,73.011,3583.1,4086.71,106.925,125.442,-6.72358,1.1e+17,11,L,57.2568,56.04685118,3559.349,3457.658,101.691,5.0,0.2776211514044026,0.0240909937867185,R,-9.884110447628364,LLLYALLVALLLTLLSWLILI,24563.39243332995,1401.076660933311,24.69016796741328,-0.09621615816410978,LLLYALLVALLLTLLSWLILI,Mutant
LLLYALLVALLLTLLSWLILI,LLLYALLVALLLTLLSALILI,Right,void,,,,,,,,,,,3573.97,4077.13,55.9388,111.43,3583.1,4086.71,130.087,260.122,-6.72358,1.1e+17,16,W,18.0328,86.07105671,3462.54,3322.978,139.562,5.0,0.279001381770758,0.0728255131022121,R,-36.09164504551579,LLLYALLVALLLTLLSWLILI,24593.4835673266,1216.2310682284965,27.6933774983256,-0.0975963885304652,LLLYALLVALLLTLLSWLILI,Mutant
LLLYVLLLILLATLLSFLILI,LLLYVLLLILLATLLSALILI,Right,void,,,,,,,,,,,3510.19,4110.05,55.8127,93.1173,3594.62,4258.88,155.84,257.981,-6.57676,1.1e+17,16,F,36.3455,71.92591231,3417.0727,3336.639,80.4337,5.0,0.0613330275492441,0.1340601004877114,R,-55.21244569911661,LLLYVLLLILLATLLSFLILI,23869.74904830992,999.1385175080292,13.082447665615469,0.022308016240366997,LLLYVLLLILLATLLSFLILI,Mutant
LLLYVLLLILLATLLSFLILI,LLLYVLLLILLATLLIFLILI,Right,clash,14.6814,-270.504,2.36e+16,2.36e+16,-58.8653,-278.066,-364.509,4332.52,-49.5949,-27.5773,3596.85,4251.76,63.6699,21.2591,3594.62,4258.88,74.1815,23.9558,-6.57676,1.10011e+17,15,S,108.4613,16.38840152,,,,,0.0927451296064768,0.0253261876641327,R,18428319730718.645,LLLYVLLLILLATLLSFLILI,23763.75620185464,1514.5634773526117,6.270814335716718,-0.009104085816865698,LLLYVLLLILLATLLSFLILI,Mutant
LLLYVLLLILLATLLSFLILI,LLLYVLLLILLITLLSFLILI,Right,clash,14.6821,-272.534,2612.33,2304.88,-74.1087,-285.862,-385.436,4311.73,-49.5949,-25.4659,3594.62,4258.88,53.4023,28.3793,3594.62,4258.88,53.4023,28.3793,-6.57676,1.10011e+17,11,A,101.8885,21.78535294,,,,,0.1011026154944151,0.2137679882935692,R,-37.590369073421954,LLLYVLLLILLATLLSFLILI,24036.9854495592,713.0167420258405,21.137618107336127,-0.017461571704804002,LLLYVLLLILLATLLSFLILI,Mutant
LLLYVLLLILLATLLSFLILI,LLLYVLLAILLATLLSFLILI,Right,void,,,,,,,,,,,3577.08,4210.77,58.146,80.3844,3594.62,4258.88,115.485,177.944,-6.57676,1.1e+17,7,L,49.211,62.02720158,3496.6956,3416.676,80.0196,5.0,0.107530897138912,0.000952853041233,R,-60.46255871982334,LLLYVLLLILLATLLSFLILI,23685.30271329179,1469.9729126154518,8.953898581259104,-0.023889853349300896,LLLYVLLLILLATLLSFLILI,Mutant
LLLYSLLVALLATLLFLLILI,LLLYSLLIALLATLLFLLILI,Right,clash,22.0356,-273.783,1549.73,1242.41,-58.7878,-274.187,-356.197,4309.02,-55.5743,-23.2217,3466.87,4178.88,59.4655,70.3605,3459.85,4212.53,92.2715,91.6504,-6.31342,1.10011e+17,7,V,59.2349,54.29243631,,,,,0.1862988836481604,0.0474477899356175,R,99999900.0,LLLYSLLVALLATLLFLLILI,24412.931381294668,1612.4543328539528,12.799259894557231,0.06018744065493148,LLLYSLLVALLATLLFLLILI,Mutant
LLLYSLLVALLATLLFLLILI,LLLYSLLVALLATLLFALILI,Right,void,,,,,,,,,,,3446.93,4187.94,49.5088,66.4616,3459.85,4212.53,94.739,146.526,-6.31342,1.1e+17,16,L,63.0012,51.33644568,3380.4684,3313.324,67.1444,5.0,0.2030169602150411,0.0739256647480798,R,-41.83621412449769,LLLYSLLVALLATLLFLLILI,24313.00570153723,1165.7635303541242,21.391585972024966,0.0434693640880508,LLLYSLLVALLATLLFLLILI,Mutant
LLLYSLLVALLATLLFLLILI,LLLYSLLVALLAILLFLLILI,Right,clash,21.961,-273.143,10619600000.0,10619600000.0,-45.0385,-273.533,-349.094,4291.74,-51.0738,-30.5227,3472.44,4204.56,45.0845,29.7183,3459.85,4212.53,67.8741,42.8553,-6.31342,1.10011e+17,12,T,100.1037,22.89157462,,,,,0.224858877503773,0.111854211100023,R,19926307699890.844,LLLYSLLVALLATLLFLLILI,24365.08112994229,1862.3056202606672,12.21419720089906,0.021627446799318883,LLLYSLLVALLATLLFLLILI,Mutant
LLLYSLLVALLATLLFLLILI,LLLYSLLVALLATLLALLILI,Right,void,,,,,,,,,,,3514.63,4088.38,59.5995,56.7028,3459.85,4212.53,152.235,114.736,-6.31342,1.1e+17,15,F,116.2504,10.38387177,3457.9272,3345.114,112.8132,5.0,0.3678599723554148,0.0359374931175553,R,8131450023949.753,LLLYSLLVALLATLLFLLILI,25000.037007099887,1640.516700618555,28.69483431509788,-0.1213736480523229,LLLYSLLVALLATLLFLLILI,Mutant
LLLYLLLVALLATLLSFLILI,LLLYLLLVILLATLLSFLILI,Right,clash,9.54857,-263.866,10251700.0,10251400.0,-74.0594,-283.917,-379.293,4294.23,-49.5292,-21.3169,3594.36,4309.09,50.1991,33.6681,3594.36,4309.09,50.1991,33.6681,-6.01584,1.10011e+17,8,A,112.306,13.7883652,,,,,0.0433399062300996,0.0011576319727522,R,12661371578063.738,LLLYLLLVALLATLLSFLILI,23599.54948942289,1409.6375069336918,3.7001790968606207,0.12319459008605291,LLLYLLLVALLATLLSFLILI,Mutant
LLLYLLLVALLATLLSFLILI,LLLYLLLVALLITLLSFLILI,Right,clash,9.53404,-263.866,204785.0,204481.0,-74.0594,-284.924,-380.151,4301.46,-49.5292,-21.1677,3594.36,4309.09,51.8322,17.9618,3594.36,4309.09,51.8322,17.9618,-6.01584,1.10011e+17,11,A,112.306,13.7883652,,,,,0.1808367721194676,0.1037188203515819,R,-28.99400619057671,LLLYLLLVALLATLLSFLILI,24210.23870059992,1051.6974099196257,21.29830357177672,-0.014302275803315112,LLLYLLLVALLATLLSFLILI,Mutant
LLLYLLLVALLATLLSFLILI,LLLYLLLVALLATLLSALILI,Right,void,,,,,,,,,,,3548.61,4161.11,55.5757,107.133,3594.36,4309.09,155.51,244.813,-6.01584,1.1e+17,16,F,22.3298,82.75195655,3441.477,3349.547,91.93,4.0,0.2379515614302776,0.0746346925745789,R,-49.55557215174441,LLLYLLLVALLATLLSFLILI,24485.739537838475,1716.4387401732035,15.516558306742592,-0.0714170651141251,LLLYLLLVALLATLLSFLILI,Mutant
LLLYLLLVALLATLLSFLILI,LLLYALLVALLATLLSFLILI,Right,void,,,,,,,,,,,3597.57,4208.13,52.7087,74.2037,3594.36,4309.09,125.025,134.57,-6.01584,1.1e+17,4,L,64.2715,53.58627393,3523.3663,3459.79,63.5763,4.0,0.3631104749412863,0.0457902219436453,R,7136639630358.432,LLLYLLLVALLATLLSFLILI,24890.24003126362,1719.9789667005011,27.71307748979523,-0.1965759786251338,LLLYLLLVALLATLLSFLILI,Mutant
LLLSYLLVLLLALLLTFLILI,LLLSYLLVLLLILLLTFLILI,Right,clash,14.5387,-272.721,361038000.0,361038000.0,-58.8832,-286.856,-378.967,4254.83,-49.6154,-33.2275,3522.73,4265.42,46.4639,3.56901,3522.73,4265.42,46.4639,3.56901,-5.8953,1.10011e+17,11,A,126.69879,2.739748426,,,,,0.1372796017188168,0.0785380314533865,R,99999900.0,LLLSYLLVLLLALLLTFLILI,24234.548730831524,1180.1649511614835,16.156529736084465,0.04964075597804088,LLLSYLLVLLLALLLTFLILI,Mutant
LLLSYLLVLLLALLLTFLILI,LLLSYLLILLLALLLTFLILI,Right,clash,14.4307,-270.126,161188000000.0,161188000000.0,-58.8832,-284.485,-374.869,4265.61,-49.6154,-31.5004,3537.63,4247.62,55.3733,19.714,3522.73,4265.42,80.1573,27.3556,-5.8953,1.10011e+17,7,V,109.8814,15.21195968,,,,,0.2285269747589011,0.0199682798760536,R,99999900.0,LLLSYLLVLLLALLLTFLILI,24453.036187351423,1512.0326347350629,17.965866847276523,-0.04160661706204341,LLLSYLLVLLLALLLTFLILI,Mutant
LLLSYLLVLLLALLLTFLILI,LLLSYLLVLLLAALLTFLILI,Right,void,,,,,,,,,,,3519.48,4203.22,57.3165,98.7891,3522.73,4265.42,117.165,169.884,-5.8953,1.1e+17,12,L,31.0329,76.09580811,3420.6909,3352.846,67.8449,4.0,0.2684972284091202,0.0048285957305941,R,-64.90458112791163,LLLSYLLVLLLALLLTFLILI,24689.58280017043,1457.2785961392678,22.212138778069203,-0.08157687071226252,LLLSYLLVLLLALLLTFLILI,Mutant
LLLSYLLVLLLALLLTFLILI,LLLSALLVLLLALLLTFLILI,Right,void,,,,,,,,,,,3566.18,4130.06,44.8795,54.4549,3522.73,4265.42,154.783,161.414,-5.8953,1.1e+17,4,Y,84.0203,39.32465886,3511.7251,3361.316,150.4091,4.0,0.5034716698953594,0.1298111507850691,R,-60.0896794178524,LLLSYLLVLLLALLLTFLILI,25582.621827191724,2051.136918212955,34.49608734473135,-0.31655131219850174,LLLSYLLVLLLALLLTFLILI,Mutant
LLLYTLLVALLSTLLFLLILI,LLLYTLLVILLSTLLFLLILI,Right,clash,20.7547,-276.55,16463200.0,16462900.0,-74.2629,-280.027,-376.723,4311.43,-49.5963,-22.4335,3463.04,4272.83,48.2135,11.6531,3463.04,4272.83,48.2135,11.6531,-5.78509,1.10011e+17,8,A,119.6765,8.873171014,,,,,0.2275831709205522,0.0193572231633447,R,-49.33467070939022,LLLYTLLVALLSTLLFLLILI,24463.7144916257,1365.263977829017,20.21684711870609,0.16425993091580482,LLLYTLLVALLSTLLFLLILI,Mutant
LLLYTLLVALLSTLLFLLILI,LLLYILLVALLSTLLFLLILI,Right,clash,22.6415,-271.111,24606200.0,24605900.0,-74.2668,-276.817,-370.982,4334.87,-49.5963,-19.8976,3480.44,4243.18,51.9758,35.6781,3463.04,4272.83,84.0767,41.9974,-5.78509,1.10011e+17,4,T,102.7971,25.76497452,,,,,0.2475231942958622,0.0019929998846277,R,99999900.0,LLLYTLLVALLSTLLFLLILI,24563.77022278833,1446.4000059374869,20.62266887493517,0.1443199075404948,LLLYTLLVALLSTLLFLLILI,Mutant
LLLYTLLVALLSTLLFLLILI,LLLYTLLVALLSTLLFALILI,Right,void,,,,,,,,,,,3456.82,4241.67,54.0325,63.244,3463.04,4272.83,102.048,139.773,-5.78509,1.1e+17,16,L,66.2188,48.85109854,3393.576,3323.267,70.309,4.0,0.3452875026508241,0.1585538759754889,R,-7.3430004076756035,LLLYTLLVALLSTLLFLLILI,24862.533277528808,2087.351299152242,19.538305623468148,0.046555599185532925,LLLYTLLVALLSTLLFLLILI,Mutant
LLLYTLLVALLSTLLFLLILI,LLLYTLLVALLSTLLALLILI,Right,void,,,,,,,,,,,3499.22,4120.08,59.8112,33.5966,3463.04,4272.83,160.948,91.2452,-5.78509,1.1e+17,15,F,96.1238,25.89924175,3465.6234,3371.7948,93.8286,4.0,0.6217198125877312,0.0856784076027042,R,12456778754172.914,LLLYTLLVALLSTLLFLLILI,26073.456649638152,1992.7881404247264,47.019372309320346,-0.22987671075137422,LLLYTLLVALLSTLLFLLILI,Mutant
LLLYSLLFVLLAILLTLLILI,LLLYSLLFVLLAILLTALILI,Right,void,,,,,,,,,,,3521.23,4260.04,55.7156,108.327,3540.58,4298.49,106.642,195.568,-5.71654,1.1e+17,16,L,21.1358,83.6742292,3412.903,3345.012,67.891,5.0,0.0531826968695017,0.0904217336367435,R,21.406923811098256,LLLYSLLFVLLAILLTLLILI,23750.33689187142,1108.9333972303557,9.813900632929894,0.26382086208188127,LLLYSLLFVLLAILLTLLILI,Mutant
LLLYSLLFVLLAILLTLLILI,LLLYSLLFVLLIILLTLLILI,Right,clash,17.7915,-277.008,1230.24,915.991,-58.9046,-284.257,-373.02,4308.09,-55.0278,-29.859,3540.58,4298.49,43.2945,15.1842,3540.58,4298.49,43.2945,15.1842,-5.71654,1.10011e+17,11,A,115.0836,11.65614219,,,,,0.1381815869264769,0.2334528026210895,R,22452663636263.64,LLLYSLLFVLLAILLTLLILI,23965.44142895232,578.9944011334891,25.410922568900595,0.1788219720249061,LLLYSLLFVLLAILLTLLILI,Mutant
LLLYSLLFVLLAILLTLLILI,LLLYSLLFILLAILLTLLILI,Right,clash,17.7828,-274.389,70110.2,69798.6,-58.9046,-282.145,-369.955,4285.11,-55.0278,-28.9045,3554.2,4287.32,47.8776,7.25936,3540.58,4298.49,70.4458,17.6691,-5.71654,1.10011e+17,8,V,124.07024,5.527588602,,,,,0.2451964599629149,0.1322672661464224,R,12769099211511.75,LLLYSLLFVLLAILLTLLILI,24272.604173069543,2015.027074957984,12.708859581245902,0.0718070989884681,LLLYSLLFVLLAILLTLLILI,Mutant
LLLYSLLFVLLAILLTLLILI,LLLYSLLAVLLAILLTLLILI,Right,void,,,,,,,,,,,3515.87,4138.51,57.6329,68.907,3540.58,4298.49,161.127,183.944,-5.71654,1.1e+17,7,F,60.6884,53.17086872,3446.963,3356.636,90.327,5.0,0.2821926718614042,0.0216904601388143,R,-53.08566234017351,LLLYSLLFVLLAILLTLLILI,24537.3756080166,1435.5326895348585,24.930996842898985,0.034810887089978815,LLLYSLLFVLLAILLTLLILI,Mutant
LLLTYLLVILLAFLLSLLILI,LLLTYLLVILLIFLLSLLILI,Right,clash,20.1327,-277.808,9129520.0,9129220.0,-60.512,-286.25,-377.182,4280.33,-45.1141,-30.4202,3438.77,4225.65,50.8226,4.78755,3438.77,4225.65,50.8226,4.78755,-5.54929,1.10011e+17,11,A,125.48025,3.67515994,,,,,0.1989676099491956,0.1147277858562009,R,19890075513525.508,LLLTYLLVILLAFLLSLLILI,24337.090204492462,1009.0850256420532,23.469833325028105,0.2017943375134893,LLLTYLLVILLAFLLSLLILI,Mutant
LLLTYLLVILLAFLLSLLILI,LLLTYLLVILLAALLSLLILI,Right,void,,,,,,,,,,,3440.94,4142.65,44.7218,66.8304,3438.77,4225.65,130.778,182.583,-5.54929,1.1e+17,12,F,62.9916,51.47848593,3374.1096,3256.187,117.9226,5.0,0.2839654118343885,0.0674210244163751,R,4343623367910.913,LLLTYLLVILLAFLLSLLILI,24800.38773990465,1191.3909768788712,27.78910948574238,0.1167965356282964,LLLTYLLVILLAFLLSLLILI,Mutant
LLLTYLLVILLAFLLSLLILI,LLLTYLLVILLAFLLILLILI,Right,clash,20.1277,-275.778,8928130.0,8927830.0,-45.1141,-277.15,-354.295,4304.71,-45.1141,-32.0316,3440.57,4216.04,56.7816,20.4758,3438.77,4225.65,67.9123,19.7801,-5.54929,1.10011e+17,15,S,109.2446,15.78456434,,,,,0.3305426265989666,0.0238580947657385,R,19041600876434.13,LLLTYLLVILLAFLLSLLILI,24584.72538524657,1738.2827174453523,26.28360836559545,0.0702193208637183,LLLTYLLVILLAFLLSLLILI,Mutant
LLLTYLLVILLAFLLSLLILI,LLLTALLVILLAFLLSLLILI,Right,void,,,,,,,,,,,3488.23,4056.28,45.0535,78.4537,3438.77,4225.65,162.507,156.962,-5.54929,1.1e+17,4,Y,60.0215,56.65541555,3409.7763,3281.808,127.9683,5.0,0.4309362152250658,0.1587207822065502,R,3292212929403.1943,LLLTYLLVILLAFLLSLLILI,25420.021722336827,2060.297689619467,26.70519429444281,-0.030174267762380913,LLLTYLLVILLAFLLSLLILI,Mutant
LLLYFLLAILLAVLLTLLILI,LLLYFLLAILLIVLLTLLILI,Right,clash,21.9933,-267.314,28804000000.0,28804000000.0,-58.8246,-282.4,-367.439,4347.09,-49.547,-26.2145,3513.86,4217.15,53.3894,6.61553,3513.86,4217.15,53.3894,6.61553,-5.54831,1.10011e+17,11,A,123.65227,5.078407711,,,,,0.1276723939264736,0.0689150124584723,R,13997025290483.371,LLLYFLLAILLAVLLTLLILI,23966.195583546545,1676.7395832104917,6.614811376012569,0.1120739003310725,LLLYFLLAILLAVLLTLLILI,Mutant
LLLYFLLAILLAVLLTLLILI,LLLYFLLIILLAVLLTLLILI,Right,clash,22.4648,-267.296,28804200000.0,28804200000.0,-58.8246,-282.815,-367.798,4349.26,-49.547,-26.1587,3513.86,4217.15,59.1549,7.80415,3513.86,4217.15,59.1549,7.80415,-5.54831,1.10011e+17,7,A,123.65227,5.078407711,,,,,0.2908473195331674,0.081115426030727,R,16465286666566.662,LLLYFLLAILLAVLLTLLILI,25063.020459167088,1202.8533100098505,29.17716965065148,-0.0511010252756213,LLLYFLLAILLAVLLTLLILI,Mutant
LLLYFLLAILLAVLLTLLILI,LLLYALLAILLAVLLTLLILI,Right,void,,,,,,,,,,,3567.54,4114.94,50.5965,55.5634,3513.86,4217.15,142.573,122.804,-5.54831,1.1e+17,4,F,82.9118,40.12516321,3511.9766,3391.056,120.9206,4.0,0.3212679351017323,0.0046151425334537,R,-47.30205967750294,LLLYFLLAILLAVLLTLLILI,24640.053741968062,1594.0851589319095,26.646611357566258,-0.0815216408441862,LLLYFLLAILLAVLLTLLILI,Mutant
LLLYFLLAILLAVLLTLLILI,LLLAFLLAILLAVLLTLLILI,Right,void,,,,,,,,,,,3357.16,4025.98,58.855,81.8548,3513.86,4217.15,180.397,313.372,-5.54831,1.1e+17,3,Y,87.876,48.22625004,3275.3052,3200.488,74.8172,4.0,0.4783129301942056,0.0745812641714916,R,-41.31243270601515,LLLYFLLAILLAVLLTLLILI,25852.443187111152,1735.1330142753186,35.66036740730031,-0.23856663593665953,LLLYFLLAILLAVLLTLLILI,Mutant
LLLWTLLVFLLAILLSLLILI,LLLWTLLIFLLAILLSLLILI,Right,clash,20.7218,-275.958,2385970000.0,2385970000.0,-60.4392,-284.444,-380.394,4279.33,-45.0711,-35.5114,3386.72,4094.02,49.5258,33.1197,3372.84,4114.39,74.2555,43.8185,-5.52392,1.10011e+17,7,V,96.4757,25.55623116,,,,,0.1759797229874126,0.0307863410082838,R,10937578855769.893,LLLWTLLVFLLAILLSLLILI,24154.8459877998,1324.576959265177,16.57001364656196,0.06487152307103719,LLLWTLLVFLLAILLSLLILI,Mutant
LLLWTLLVFLLAILLSLLILI,LLLWTLLVFLLIILLSLLILI,Right,clash,20.6616,-278.547,632360000.0,632360000.0,-60.4392,-287.373,-386.013,4279.79,-45.0711,-38.2008,3372.84,4114.39,45.7725,1.80324,3372.84,4114.39,45.7725,1.80324,-5.52392,1.10011e+17,11,A,128.46456,1.384256125,,,,,0.2408346847592077,0.1285404856993668,R,99999900.0,LLLWTLLVFLLAILLSLLILI,24150.94651229333,2059.903268917776,12.564187012914008,1.656129924210159e-05,LLLWTLLVFLLAILLSLLILI,Mutant
LLLWTLLVFLLAILLSLLILI,LLLATLLVFLLAILLSLLILI,Right,void,,,,,,,,,,,3448.15,4057.14,63.4787,127.095,3372.84,4114.39,155.62,141.666,-5.52392,1.1e+17,3,W,42.6358,74.88033993,3321.055,3231.174,89.881,5.0,0.2568301138309317,0.0472870727749595,R,-74.52760098592415,LLLWTLLVFLLAILLSLLILI,24618.48342692528,1265.4719442144053,24.322405329452423,-0.01597886777248189,LLLWTLLVFLLAILLSLLILI,Mutant
LLLWTLLVFLLAILLSLLILI,LLLWTLLVALLAILLSLLILI,Right,void,,,,,,,,,,,3412.58,3999.88,44.8938,46.0757,3372.84,4114.39,139.977,134.215,-5.52392,1.1e+17,8,F,85.2539,35.08401762,3366.5043,3238.625,127.8793,5.0,0.3460702678614664,0.1158570141297741,R,-80.07814445332244,LLLWTLLVFLLAILLSLLILI,24847.24598516061,1942.4728589819752,22.13371606203885,-0.1052190218030166,LLLWTLLVFLLAILLSLLILI,Mutant
LLLYALLVALLITLLFLLILI,LLLYALLVALLIILLFLLILI,Right,clash,13.903,-266.116,19231400.0,19231100.0,-45.0894,-275.315,-351.598,4309.86,-45.0894,-31.193,3541.89,4289.62,56.7877,8.64803,3537.32,4305.82,80.3557,9.19237,-5.40899,1.10011e+17,12,T,121.17397,6.661451834,,,,,0.1976974818205762,0.1832459331846309,R,19084990908990.9,LLLYALLVALLITLLFLLILI,24463.265044677995,780.084672401121,27.423155207711087,0.1022405131993269,LLLYALLVALLITLLFLLILI,Mutant
LLLYALLVALLITLLFLLILI,LLLYALLVALLITLLFILILI,Right,clash,13.899,-265.271,1788.88,1487.92,-58.8507,-273.524,-351.22,4267.08,-49.5895,-18.845,3576.86,4222.68,53.2791,71.7564,3537.32,4305.82,116.293,103.815,-5.40899,1.10011e+17,16,L,57.7064,55.42626917,,,,,0.2353694612313031,0.0858289102528525,R,99999900.0,LLLYALLVALLITLLFLLILI,24448.39744702028,1761.6920043915045,14.636930398237258,0.0645685337886,LLLYALLVALLITLLFLLILI,Mutant
LLLYALLVALLITLLFLLILI,LLLYALLVALLITLLALLILI,Right,void,,,,,,,,,,,3505.23,4139.76,60.9467,68.8703,3537.32,4305.82,165.079,189.633,-5.40899,1.1e+17,15,F,60.8501,53.09134107,3436.3597,3347.687,88.6727,4.0,0.3780213492519542,0.023574135615274,R,-12.759242895726134,LLLYALLVALLITLLFLLILI,25045.36887560312,1433.549850519166,33.072395592158486,-0.0780833542320511,LLLYALLVALLITLLFLLILI,Mutant
LLLYALLVALLITLLFLLILI,LLLYALLVALLATLLFLLILI,Right,void,,,,,,,,,,,3590.37,4266.34,57.4372,69.7254,3537.32,4305.82,105.369,96.8676,-5.40899,1.1e+17,11,I,60.5424,53.52466227,3520.6446,3440.4524,80.1922,4.0,0.4117382594543464,0.0262667229608508,R,-39.38424035384821,LLLYSLLVALLATLLFLLILI,25048.209103271525,1721.7510664833646,32.94453567295784,-0.1118002644344433,LLLYALLVALLITLLFLLILI,Mutant
LLLYVLLFALLTVLLSLLILI,LLLYVLLFALLTILLSLLILI,Right,clash,14.8066,-264.414,4708.67,4409.36,-74.3017,-282.022,-378.277,4262.1,-49.6954,-21.9534,3551.13,4242.89,46.8706,21.0241,3537.36,4258.05,76.0685,34.5175,-5.15993,1.10011e+17,12,V,108.7979,16.1945587,,,,,0.1206144705589267,0.082848395836058,R,99999900.0,LLLYVLLFALLTVLLSLLILI,23992.555981763635,1118.01580625958,15.015497619704163,0.35239787552868207,LLLYVLLFALLTVLLSLLILI,Mutant
LLLYVLLFALLTVLLSLLILI,LLLYVLLFILLTVLLSLLILI,Right,clash,14.8479,-267.033,232137.0,231835.0,-74.2664,-284.468,-382.155,4270.51,-49.8154,-23.4205,3537.36,4258.05,45.0978,2.70328,3537.36,4258.05,45.0978,2.70328,-5.15993,1.10011e+17,8,A,128.62632,2.058393538,,,,,0.1605585993474795,0.2527293777171834,R,17286756595224.133,LLLYVLLFALLTVLLSLLILI,24052.373365885192,526.5676264967186,28.428114662498988,0.31245374674012927,LLLYVLLFALLTVLLSLLILI,Mutant
LLLYVLLFALLTVLLSLLILI,LLLYVLLFALLTVLLSALILI,Right,void,,,,,,,,,,,3569.54,4214.04,55.8666,111.268,3537.36,4258.05,108.715,159.042,-5.15993,1.1e+17,16,L,18.1948,85.94592423,3458.272,3378.318,79.954,5.0,0.2725705488132774,0.1326763984364153,R,-27.117157622104383,LLLYVLLFALLTVLLSLLILI,24487.043133210544,1985.305160945292,14.97838014947964,0.20044179727433137,LLLYVLLFALLTVLLSLLILI,Mutant
LLLTFLLGILLGLLLGVLILI,LLLTFLLIILLGLLLGVLILI,GAS,clash,38.6223,-278.533,90613.9,90329.0,-44.9832,-272.369,-352.053,4633.73,-44.9832,-34.7006,3486.72,4611.12,55.2403,0.0,3486.72,4604.32,40.25,0.0,-41.3974,1.10011e+17,7,G,129.5954,0.0,,,,,0.2902416869263509,0.0022268443411181,G,-49.34444961982623,LLLTFLLAILLGLLLGVLILI,19248.65175934456,1586.1193041672775,42.96940262579329,0.7390475347326637,LLLTFLLGILLGLLLGVLILI,Mutant
LLLTFLLGILLGLLLGVLILI,LLLTALLGILLGLLLGVLILI,GAS,void,,,,,,,,,,,3512.2,4477.4,54.8395,48.9977,3486.72,4604.32,151.183,120.418,-41.3974,1.1e+17,4,F,89.4775,35.38373658,3463.2023,3366.302,96.9003,1.0,1.1917493588306574,0.2373410199569127,G,-59.14492733105352,LLLTFLLGILLGLLLGVLILI,26602.539029204658,630.0607239396905,200.1948362667417,-0.16246013717164276,LLLTFLLGILLGLLLGVLILI,Mutant
LLLTFLLGVLLGLLLGALILI,LLLTFLLGVLLILLLGALILI,GAS,clash,40.4416,-272.55,5811480000000.0,5811480000000.0,-44.9172,-269.86,-344.573,4677.95,-53.0406,-29.796,3433.44,4601.16,59.0174,0.0,3433.44,4581.57,37.9111,0.0,-37.6168,1.10011e+17,11,G,130.2678,0.0,,,,,0.3082588372531249,0.1517413404490515,G,19288746153746.164,LLLTFLLGVLLGLLLGALILI,20325.75475978221,1454.4952157228026,61.18986525249702,1.0197216285080157,LLLTFLLGVLLGLLLGALILI,Mutant
LLLTFLLGVLLGLLLGALILI,LLLTALLGVLLGLLLGALILI,GAS,void,,,,,,,,,,,3466.54,4453.16,55.7664,54.2052,3433.44,4581.57,153.033,123.066,-37.6168,1.1e+17,4,F,84.27,39.14433776,3412.3348,3310.374,101.9608,1.0,1.2730948623708205,0.1867837262977422,G,-40.21734201068549,LLLTFLLGVLLGLLLGALILI,26904.13278139291,1207.7023125759104,206.90877611115107,0.054885603390320226,LLLTFLLGVLLGLLLGALILI,Mutant
LLLAYLLGLLLGVLLGTLILI,LLLAYLLGLLLIVLLGTLILI,GAS,clash,28.0957,-270.835,6818590000.0,6818590000.0,-58.7057,-267.164,-352.5,4620.71,-56.4742,-26.6304,3467.71,4607.86,61.6274,0.653703,3468.17,4588.0,40.8073,0.435802,-33.5239,1.10011e+17,11,G,129.614097,0.501814723,,,,,0.2444755191116143,0.0027765555109292,G,-18.63567951119505,LLLAYLLGLLLGVLLGTLILI,19758.87309784933,1888.7645164488288,35.70946565259677,0.8948685654035591,LLLAYLLGLLLGVLLGTLILI,Mutant
LLLAYLLGLLLGVLLGTLILI,LLLAYLLILLLGVLLGTLILI,GAS,clash,28.9128,-270.805,52121700000000.0,52121700000000.0,-58.7057,-267.024,-352.481,4608.63,-56.8179,-26.7511,3468.21,4599.25,57.2148,0.217901,3468.17,4588.0,39.5012,0.145267,-33.5239,1.10011e+17,7,G,129.377499,0.168139456,,,,,0.4265095949782836,0.1177242644865461,G,-66.74340190298112,LLLAYLLGLLLGVLLGTLILI,21094.91906757056,1331.8486094040147,75.06020433260552,0.7128344895368899,LLLAYLLGLLLGVLLGTLILI,Mutant
LLLAYLLGLLLGVLLGTLILI,LLLAYLLGALLGVLLGTLILI,GAS,void,,,,,,,,,,,3503.54,4523.53,65.0437,48.4222,3468.17,4588.0,123.904,78.6182,-33.5239,1.1e+17,8,L,82.9074,36.87074353,3455.1178,3389.5518,65.566,0.0,0.8847253081354902,0.1897782863922313,G,3433.5147176910496,LLLAYLLGLLLGVLLGTLILI,24762.344316546383,1211.1077012855635,150.03388271674413,0.2546187763796832,LLLAYLLGLLLGVLLGTLILI,Mutant
LLLAYLLGLLLGVLLGTLILI,LLLAALLGLLLGVLLGTLILI,GAS,void,,,,,,,,,,,3488.72,4438.82,53.1732,47.8843,3468.17,4588.0,158.682,145.689,-33.5239,1.1e+17,4,Y,99.3464,28.25690087,3440.8357,3322.481,118.3547,0.0,1.069527959209227,0.0179660242239708,G,344.3889148932107,LLLAALLALLLGVLLGTLILI,26119.15828321476,2104.828630765391,155.61535815510445,0.06981612530594639,LLLAYLLGLLLGVLLGTLILI,Mutant
LLLAYLLGLLLGTLLSFLILI,LLLAYLLILLLGTLLSFLILI,GAS,clash,24.9504,-274.137,1223310000000.0,1223310000000.0,-74.0929,-276.409,-364.859,4632.22,-56.9961,-14.3563,3656.03,4720.41,57.6678,0.0,3656.15,4704.67,38.0857,0.0,-32.7922,1.10011e+17,7,G,129.5954,0.0,,,,,0.2715483937617461,0.0255408824693695,G,99999900.0,LLLAYLLGLLLGTLLSFLILI,20246.44887680616,2286.678011024341,37.325670562802166,0.7809982854630594,LLLAYLLGLLLGTLLSFLILI,Mutant
LLLAYLLGLLLGTLLSFLILI,LLLAYLLGLLLGTLLSALILI,GAS,void,,,,,,,,,,,3562.6,4602.08,41.1484,82.8213,3656.15,4704.67,134.019,264.178,-32.7922,1.1e+17,16,F,46.6415,63.97304863,3479.7787,3391.972,87.8067,0.0,1.039246394145782,0.1244359772421665,G,409.1189720527243,LLLAYLLGLLLGTLLSFLILI,25696.77861117916,1250.125617683794,165.9833716784778,0.013300285079023588,LLLAYLLGLLLGTLLSFLILI,Mutant
LLLAYLLGLLLGTLLSFLILI,LLLAALLGLLLGTLLSFLILI,GAS,void,,,,,,,,,,,3679.88,4579.03,52.8378,48.4463,3656.15,4704.67,149.33,138.375,-32.7922,1.1e+17,4,Y,98.3414,28.9826626,3631.4337,3517.775,113.6587,0.0,1.0477807505938832,0.1622293147448712,G,7494097128715.801,LLLAYLLGLLLGTLLSFLILI,26146.2487238424,1445.6850892782284,171.1750874338827,0.004765928630922289,LLLAYLLGLLLGTLLSFLILI,Mutant
LLLYFLLGILLGVLLSLLILI,LLLYFLLGILLIVLLSLLILI,GAS,clash,33.7178,-275.94,63203300000.0,63203300000.0,-60.344,-278.728,-360.601,4721.79,-49.3708,-21.5283,3642.72,4649.99,53.4129,2.73506,3642.91,4629.75,31.6916,2.80769,-32.2999,1.10011e+17,11,G,127.53274,2.099567199,,,,,0.0886361594264527,0.0358176068865676,G,99999900.0,LLLYFLLGILLGVLLSLLILI,18082.32885543363,1302.101073777763,16.78084243796538,1.0061071174503697,LLLYFLLGILLGVLLSLLILI,Mutant
LLLYFLLGILLGVLLSLLILI,LLLYALLGILLGVLLSLLILI,GAS,void,,,,,,,,,,,3676.35,4567.2,54.8663,52.9126,3642.91,4629.75,126.9,108.068,-32.2999,1.1e+17,4,F,85.5626,38.21088541,3623.4374,3534.842,88.5954,0.0,0.5504183673889923,0.1127662843738942,G,-78.15782872666162,LLLYFLLGILLGVLLSLLILI,21593.14117992148,1027.4516507229064,92.7893127346743,0.5443249094878301,LLLYFLLGILLGVLLSLLILI,Mutant
LLLALLLGVLLGTLLGFLILI,LLLALLLGVLLITLLGFLILI,GAS,clash,28.0515,-268.87,52682900000000.0,52682900000000.0,-58.6964,-268.747,-353.762,4563.28,-59.1396,-26.318,3565.14,4581.36,62.1988,0.0,3565.14,4558.7,40.137,0.0,-31.9796,1.10011e+17,11,G,130.2678,0.0,,,,,0.1898420676499126,0.0028964151058328,G,-0.1675343898247755,LLLALLLGVLLGTLLGFLILI,18599.34998016052,1518.2170862380642,27.65231273873993,0.7736332157960097,LLLALLLGVLLGTLLGFLILI,Mutant
LLLALLLGVLLGTLLGFLILI,LLLALLLIVLLGTLLGFLILI,GAS,clash,28.6716,-268.852,287957000.0,287957000.0,-58.6964,-268.651,-354.091,4534.47,-57.8397,-26.7433,3565.14,4577.43,61.3592,0.132732,3565.14,4558.7,40.6336,0.132732,-31.9796,1.10011e+17,7,G,129.462668,0.102420302,,,,,0.2637385060426178,0.0510641954464045,G,-71.28633114197999,LLLALLLGVLLGTLLGFLILI,18847.26147720387,1978.9445058549709,33.518188205265105,0.6997367774033045,LLLALLLGVLLGTLLGFLILI,Mutant
LLLALLLGVLLGTLLGFLILI,LLLAALLGVLLGTLLGFLILI,GAS,void,,,,,,,,,,,3584.38,4488.21,63.7867,58.5116,3565.14,4558.7,124.561,102.717,-31.9796,1.1e+17,4,L,79.9636,42.2542087,3525.8684,3462.423,63.4454,0.0,0.9033059054889327,0.1575369331096121,G,127.32433767247517,LLLALLLGVLLGTLLGFLILI,24479.2817919168,955.8648918488498,149.4128663859184,0.06016937795698962,LLLALLLGVLLGTLLGFLILI,Mutant
LLLALLLGVLLGTLLGFLILI,LLLALLLGVLLGALLGFLILI,GAS,void,,,,,,,,,,,3581.31,4527.45,61.9853,98.0757,3565.14,4558.7,89.1574,122.381,-31.9796,1.1e+17,12,T,31.7463,75.54628645,3483.2343,3442.759,40.4753,0.0,1.0922889305917676,0.1214871422982889,G,-56.02484345646535,LLLALLLGVLLGTLLGFLILI,26248.80329514628,1369.3834125631072,173.4867524226179,-0.1288136471458452,LLLALLLGVLLGTLLGFLILI,Mutant
LLLTLLLGVLLGFLLGILILI,LLLTLLLIVLLGFLLGILILI,GAS,clash,30.9541,-275.671,33598300000.0,33598300000.0,-44.9313,-272.87,-351.8,4621.6,-50.1696,-33.9989,3532.18,4606.98,58.6303,0.0,3532.18,4593.62,40.3321,0.0,-31.8391,1.10011e+17,7,G,129.5954,0.0,,,,,0.2860483447427471,0.0164005937790103,G,-50.78322407555831,LLLTLLLGVLLGFLLGILILI,19499.20278392633,1634.701823467081,40.41244929884922,0.788007922251992,LLLTLLLGVLLGFLLGILILI,Mutant
LLLTLLLGVLLGFLLGILILI,LLLTLLLGVLLGALLGILILI,GAS,void,,,,,,,,,,,3556.39,4473.22,50.5615,79.2538,3532.18,4593.62,145.302,193.078,-31.8391,1.1e+17,12,F,50.5682,61.04805041,3477.1362,3339.102,138.0342,0.0,0.9764395869359852,0.0869347602862448,G,-53.895117322145005,LLLTLLLGVLLGFLLGILILI,25462.140655572173,1604.5219213039209,152.83055511653444,0.0976166800587539,LLLTLLLGVLLGFLLGILILI,Mutant
LLLTLLLGVLLGFLLGILILI,LLLTALLGVLLGFLLGILILI,GAS,void,,,,,,,,,,,3546.2,4528.17,68.1226,63.0317,3532.18,4593.62,126.476,116.258,-31.8391,1.1e+17,4,L,75.4435,45.5184033,3483.1683,3415.922,67.2463,0.0,1.2283513221740834,0.1919404664724791,G,13835764113942.438,LLLTLLLGVLLGFLLGILILI,27327.185475573297,1083.9707785420244,200.8572943913356,-0.15429505517934428,LLLTLLLGVLLGFLLGILILI,Mutant
LLLALLLGLLLGVLLGTLILI,LLLALLLILLLGVLLGTLILI,GAS,clash,33.7065,-268.964,298479000000.0,298479000000.0,-58.7607,-267.77,-371.586,4536.03,-58.9398,-45.0552,3464.7,4523.35,61.1458,4.94371,3464.7,4507.79,41.6494,4.5911,-31.4979,1.10011e+17,7,G,124.65169,3.814726449,,,,,0.1761248652751511,0.0809273848006989,G,99999900.0,LLLALLLGLLLGVLLGTLILI,18187.838195833305,2075.534651653481,17.507884538842802,3.9609231795007793,LLLALLLGLLLGVLLGTLILI,Mutant
LLLALLLGLLLGVLLGTLILI,LLLALLLGLLLIVLLGTLILI,GAS,clash,32.8505,-268.993,1682180000000000.0,1682180000000000.0,-58.7607,-267.864,-371.446,4555.65,-59.4515,-44.821,3463.56,4526.3,61.5384,3.48641,3464.7,4507.79,40.9657,2.39691,-31.4979,1.10011e+17,11,G,126.78139,2.676340585,,,,,0.3573746397546126,0.0299330330953032,G,15.79185480391232,LLLALLLGLLLGVLLGTLILI,19906.83570179293,1760.078234523225,49.50611272474849,3.779673405021318,LLLALLLGLLLGVLLGTLILI,Mutant
LLLALLLGLLLGVLLGTLILI,LLLALLLGALLGVLLGTLILI,GAS,void,,,,,,,,,,,3503.68,4436.12,65.1176,47.224,3464.7,4507.79,126.274,74.0439,-31.4979,1.1e+17,8,L,84.1056,35.95838257,3456.456,3390.6561,65.7999,1.0,0.9328242156335304,0.291277363691352,G,-41.65903834095735,LLLALLLGLLLGVLLGTLILI,25442.40905986045,1533.3201446945382,167.68445519752447,3.2042238291424003,LLLALLLGLLLGVLLGTLILI,Mutant
LLLTFLLGALLGILLSLLILI,LLLTFLLGALLIILLSLLILI,GAS,clash,32.9779,-273.773,11257200000.0,11257200000.0,-60.3396,-273.489,-367.718,4615.37,-51.769,-33.8903,3564.63,4511.04,54.3564,0.0,3564.63,4488.59,31.6632,0.0,-31.2093,1.10011e+17,11,G,130.2678,0.0,,,,,0.182113338979954,0.1032990653931274,G,99999900.0,LLLTFLLGALLGILLSLLILI,20640.50085327752,4016.057914309125,16.060333407224615,0.8863538090478759,LLLTFLLGALLGILLSLLILI,Mutant
LLLTFLLGALLGILLSLLILI,LLLTALLGALLGILLSLLILI,GAS,void,,,,,,,,,,,3600.94,4401.31,62.5276,51.3921,3564.63,4488.59,139.348,109.726,-31.2093,1.1e+17,4,F,87.0831,37.11285486,3549.5479,3454.904,94.6439,0.0,0.6339463446642906,0.0697706001575172,G,11397895454445.455,LLLTVLLGALLGILLSLLILI,23562.16871276421,2647.047104603448,100.61193361244732,0.43452080336353927,LLLTFLLGALLGILLSLLILI,Mutant
LLLTFLLGALLGILLSLLILI,LLLTFLLGALLGILLSALILI,GAS,void,,,,,,,,,,,3561.28,4468.41,41.3326,82.9303,3564.63,4488.59,89.4183,165.496,-31.2093,1.1e+17,16,L,46.5325,64.0572427,3478.3497,3399.134,79.2157,0.0,1.451536722728053,0.1640401876354172,G,99999900.0,LLLTFLLGALLGILLSLLILI,28395.19994555581,3146.9329235375826,196.6561679558077,-0.38306957470022307,LLLTFLLGALLGILLSLLILI,Mutant
LLLAFLLGILLGVLLGLLILI,LLLAFLLGILLIVLLGLLILI,GAS,clash,24.3466,-267.029,4.94e+16,4.94e+16,-44.9385,-269.389,-347.73,4589.62,-48.2178,-33.4026,3449.13,4579.19,62.7673,0.0,3449.13,4555.8,40.8105,0.0,-30.8577,1.10011e+17,11,G,130.2678,0.0,,,,,0.3258238868000257,0.0179638698141656,G,-57.46581025869549,LLLAFLLGILLGVLLGLLILI,19758.270470073447,1457.1328903155097,49.8473561079628,2.326683395334391,LLLAFLLGILLGVLLGLLILI,Mutant
LLLAFLLGILLGVLLGLLILI,LLLAFLLIILLGVLLGLLILI,GAS,clash,24.8192,-267.015,135785000.0,135784000.0,-44.9385,-269.361,-348.291,4562.65,-51.2786,-33.9915,3449.13,4566.04,57.093,0.0,3449.13,4555.8,40.318,0.0,-30.8577,1.10011e+17,7,G,129.5954,0.0,,,,,0.3326526391390306,0.0700146500854802,G,16078263291490.088,LLLAFLLGILLGVLLGLLILI,19706.28987784264,1977.92192694125,41.69254077619803,2.319854642995386,LLLAFLLGILLGVLLGLLILI,Mutant
LLLAFLLGILLGVLLGLLILI,LLLAALLGILLGVLLGLLILI,GAS,void,,,,,,,,,,,3478.26,4412.55,54.9045,65.322,3449.13,4555.8,155.374,142.779,-30.8577,1.1e+17,4,F,73.1532,47.17234566,3412.938,3306.351,106.587,0.0,0.9058824903973264,0.2840633188615167,G,181.5609106836408,LLLAFLLGILLGVLLGLLILI,24990.06092106497,1130.5748507994094,162.96620936140954,1.7466247917370903,LLLAFLLGILLGVLLGLLILI,Mutant
LLLTFLLGLLLGVLLAILILI,LLLTFLLGLLLIVLLAILILI,GAS,clash,27.4097,-273.456,535218000000.0,535218000000.0,-44.9935,-274.857,-356.624,4640.71,-49.6153,-36.7733,3585.55,4639.12,57.306,4.95378,3586.43,4620.01,36.7586,3.71901,-29.261,1.10011e+17,11,G,125.31402,3.802766301,,,,,0.3268217531201853,0.0127243078253443,G,-22.41556074354883,LLLTFLLGLLLGVLLAILILI,20154.844868369462,1749.8435007246885,46.79903253016368,0.8884948812392299,LLLTFLLGLLLGVLLAILILI,Mutant
LLLTFLLGLLLGVLLAILILI,LLLTALLGLLLGVLLAILILI,GAS,void,,,,,,,,,,,3621.06,4530.07,53.1085,40.9816,3586.43,4620.01,140.143,94.9372,-29.261,1.1e+17,4,F,97.4936,29.59490219,3580.0784,3491.4928,88.5856,1.0,0.8742575058324977,0.1279568189050783,G,-52.13910684562476,LLLTFLLGLLLGVLLAILILI,24830.842594229267,1610.0787291477757,142.05565830185546,0.34105912852691755,LLLTFLLGLLLGVLLAILILI,Mutant
LLLTFLLGLLLGVLLAILILI,LLLTFLLGLLLGVLLAALILI,GAS,void,,,,,,,,,,,3584.15,4617.29,42.4335,83.4822,3586.43,4620.01,77.7873,154.86,-29.261,1.1e+17,16,I,45.9806,64.48354276,3500.6678,3431.57,69.0978,1.0,1.134256865262791,0.1679895651164168,G,19288746153746.164,LLLTFLLGLLLGVLLAILILI,26532.59481282124,1121.3486438498571,184.50829100626424,0.08105976909662438,LLLTFLLGLLLGVLLAILILI,Mutant
LLLTYLLGVLLGLLLGFLILI,LLLTYLLGVLLILLLGFLILI,GAS,clash,23.9274,-276.904,652728000000.0,652728000000.0,-44.9134,-275.278,-341.019,4654.49,-49.4018,-20.8272,3605.57,4605.91,57.8976,0.0,3605.57,4587.98,37.5506,0.0,-29.2244,1.10011e+17,11,G,130.2678,0.0,,,,,0.1601067215703283,0.0277446439722238,G,99999900.0,LLLTYLLGVLLGLLLGFLILI,18437.947032338467,1322.5022070794168,26.464190405113225,0.6710503799917835,LLLTYLLGVLLGLLLGFLILI,Mutant
LLLTYLLGVLLGLLLGFLILI,LLLTALLGVLLGLLLGFLILI,GAS,void,,,,,,,,,,,3627.89,4485.05,57.3479,57.7036,3605.57,4587.98,151.151,154.631,-29.2244,1.1e+17,4,Y,89.2797,35.52657804,3570.1864,3450.939,119.2474,1.0,8.262359645652433,0.2327861196938468,G,99999900.0,LLLTYLLGVLLGLLLGFLILI,65224.66666666666,32003.69372952649,1240.854664131023,-7.431202544090321,LLLTYLLGVLLGLLLGFLILI,Mutant
LLLYLLLGILLGTLLAFLILI,LLLYLLLGILLITLLAFLILI,GAS,clash,23.3802,-276.96,10143800000000.0,10143800000000.0,-58.7109,-279.399,-357.204,4715.85,-54.4733,-19.0947,3699.52,4716.76,58.4187,0.0,3699.52,4694.57,36.8369,0.0,-28.6375,1.10011e+17,11,G,130.2678,0.0,,,,,0.1527131748812182,0.1424719402730762,G,-25.152330219238245,LLLYLLLGILLGTLLAFLILI,18089.521255919663,792.5513413169012,37.32092731897696,0.511335464737087,LLLYLLLGILLGTLLAFLILI,Mutant
LLLYLLLGILLGTLLAFLILI,LLLALLLGILLGTLLAFLILI,GAS,void,,,,,,,,,,,3626.76,4504.71,63.7851,63.8683,3699.52,4694.57,185.122,242.844,-28.6375,1.1e+17,3,Y,105.8625,37.62917514,3562.8917,3456.676,106.2157,0.0,0.9225234983799644,0.0762101539660774,G,99999900.0,LLLYLLLGILLGTLLAFLILI,25312.875596520804,1927.7668253960671,143.77486477175384,-0.2584748587616592,LLLYLLLGILLGTLLAFLILI,Mutant
LLLYVLLGALLGILLTLLILI,LLLYVLLIALLGILLTLLILI,GAS,clash,33.2109,-276.608,939513000.0,939513000.0,-58.7738,-277.314,-368.672,4674.03,-56.8784,-32.5845,3679.05,4688.58,63.0388,1.24473,3679.23,4665.29,40.8868,1.31736,-27.8696,1.10011e+17,7,G,128.35067,0.960473906,,,,,0.1676027809281015,0.140512393896429,G,99999900.0,LLLYVLLGALLGILLTLLILI,19487.57244049619,1910.4564016011648,39.30936559003932,0.8071901945086046,LLLYVLLGALLGILLTLLILI,Mutant
LLLYVLLGALLGILLTLLILI,LLLYVLLGALLIILLTLLILI,GAS,clash,32.1735,-276.65,8105690000.0,8105690000.0,-58.7738,-277.331,-368.982,4671.47,-55.9166,-32.8769,3679.23,4687.8,53.9189,0.199098,3679.23,4665.29,31.125,0.199098,-27.8696,1.10011e+17,11,G,130.068702,0.152837463,,,,,0.1800531714660381,0.0111266278073922,G,-26.40471220597618,LLLYVLLGALLGILLTLLILI,20143.79072474228,3078.859590629839,25.35398521760464,0.7947398039706681,LLLYVLLGALLGILLTLLILI,Mutant
LLLALLLGVLLGTLLSFLILI,LLLALLLGVLLITLLSFLILI,GAS,clash,25.0488,-268.72,63279900.0,63279600.0,-74.0352,-268.778,-370.441,4574.72,-55.8189,-27.6279,3700.04,4589.46,52.9163,0.0,3700.04,4569.09,31.5691,0.0,-26.0043,1.10011e+17,11,G,130.2678,0.0,,,,,0.2056372133453241,0.0706954235430469,G,-25.12176492806969,LLLALLLGVLLGTLLSFLILI,18576.52589346402,1158.788161344991,37.6405112196623,0.9296360248890296,LLLALLLGVLLGTLLSFLILI,Mutant
LLLALLLGVLLGTLLSFLILI,LLLAALLGVLLGTLLSFLILI,GAS,void,,,,,,,,,,,3732.1,4497.24,63.761,57.9931,3700.04,4569.09,124.785,103.248,-26.0043,1.1e+17,4,L,80.4821,41.87977342,3674.1069,3596.792,77.3149,1.0,1.05979573427919,0.1761767247405379,G,-84.0195575196362,LLLALLLGVLLGTLLSFLILI,26028.79670954484,1145.1264155673805,174.3964775723728,0.07547750395516384,LLLALLLGVLLGTLLSFLILI,Mutant
LLLAFLLGILLGLLLGTLILI,LLLAFLLIILLGLLLGTLILI,GAS,clash,25.4328,-269.626,17986500000.0,17986500000.0,-58.7173,-266.727,-351.746,4612.49,-54.9806,-26.3019,3508.73,4591.62,57.2065,0.0,3508.73,4579.29,39.9195,0.0,-25.8973,1.10011e+17,7,G,129.5954,0.0,,,,,0.2895094510337032,0.0299980986441755,G,-63.78783557753231,LLLAFLLGILLGLLLGTLILI,19919.17890388405,1571.6058773302443,45.75312930309546,1.0937201248857442,LLLAFLLGILLGLLLGTLILI,Mutant
LLLAFLLGILLGLLLGTLILI,LLLAFLLGILLILLLGTLILI,GAS,clash,25.0345,-269.638,8026960000000.0,8026960000000.0,-58.7173,-267.301,-353.126,4633.5,-52.9398,-27.1079,3508.73,4596.32,58.0861,0.0,3508.73,4579.29,38.1479,0.0,-25.8973,1.10011e+17,11,G,130.2678,0.0,,,,,0.3077762071034943,0.039748587540995,G,-0.9719430413120308,LLLAFLLGILLGLLLGTLILI,20248.361097638543,1714.783784762628,49.45809714791535,1.0754533688159533,LLLAFLLGILLGLLLGTLILI,Mutant
LLLAFLLGILLGLLLGTLILI,LLLAALLGILLGLLLGTLILI,GAS,void,,,,,,,,,,,3535.67,4479.3,55.7038,67.7656,3508.73,4579.29,144.992,143.805,-25.8973,1.1e+17,4,F,70.7096,48.93699377,3467.9044,3364.925,102.9794,0.0,1.370003606130032,0.2929126213596909,G,-3.3965835785240768,LLLAFLLGILLGLLLGTLILI,28385.8418925988,655.9641177323302,232.22856260579445,0.013225969789415482,LLLAFLLGILLGLLLGTLILI,Mutant
LLLYVLLGLLLGTLLAFLILI,LLLYVLLILLLGTLLAFLILI,GAS,clash,25.6349,-276.665,8836200.0,8835890.0,-58.7144,-278.337,-354.008,4707.47,-57.1528,-16.9566,3721.3,4735.96,58.543,1.29229,3721.3,4717.76,38.1026,1.29229,-25.0517,1.10011e+17,7,G,129.502499,0.167977435,,,,,0.1183271346517958,0.0294345351929445,G,20896141666566.67,LLLYVLLTLLLGTLLAFLILI,18337.117794533504,1671.4098551543889,14.35872025053722,0.2010410654180806,LLLYVLLGLLLGTLLAFLILI,Mutant
LLLYVLLGLLLGTLLAFLILI,LLLYVLLGLLLITLLAFLILI,GAS,clash,25.1505,-276.678,2072310000000.0,2072310000000.0,-58.7144,-278.377,-353.813,4699.38,-53.5438,-16.7222,3720.93,4735.6,56.8653,0.581069,3721.3,4717.76,37.0337,0.290534,-25.0517,1.10011e+17,11,G,129.686731,0.446057276,,,,,0.1884616254442825,0.0293728477559401,G,-12.85343973119766,LLLYVLLGLLLGTLLAFLILI,18161.05174449855,1586.1908635723094,30.80892555925829,0.13090657462559388,LLLYVLLGLLLGTLLAFLILI,Mutant
LLLYVLLGLLLGTLLAFLILI,LLLYVLLGLLLGTLLAALILI,GAS,void,,,,,,,,,,,3631.71,4615.7,41.3867,80.7265,3721.3,4717.76,134.317,258.708,-25.0517,1.1e+17,16,F,48.7363,62.35497765,3550.9835,3462.592,88.3915,0.0,0.2826250283703911,0.0868877203545978,G,-32.08330136184081,LLLYVLLGLLLGTLLAFLILI,19866.51420975174,2151.5749600902054,32.56924252166039,0.036743171699485266,LLLYVLLGLLLGTLLAFLILI,Mutant
LLLYVLLGLLLGTLLAFLILI,LLLAVLLGLLLGTLLAFLILI,GAS,void,,,,,,,,,,,3601.83,4550.05,66.112,75.0632,3721.3,4717.76,180.243,280.017,-25.0517,1.1e+17,3,Y,94.6676,44.22485489,3526.7668,3441.283,85.4838,0.0,0.8075082999864577,0.1497255112407682,G,-45.21207930895647,LLLYVLLGLLLGTLLAFLILI,23646.54333555609,939.3280476569338,134.4935225212509,-0.4881400999165813,LLLYVLLGLLLGTLLAFLILI,Mutant
LLLLTLLVGLLFALLSILILI,LLLLTLLVILLFALLSILILI,GAS,clash,30.1246,-275.926,90296400.0,90296100.0,-60.4426,-277.252,-374.525,4616.58,-45.0501,-36.8303,3692.22,4635.56,50.6681,4.65911,3704.1,4627.46,35.0426,1.94782,-24.9465,1.10011e+17,8,G,126.67049,3.547646532,,,,,0.0937011437673977,0.0437180422275151,G,99999900.0,LLLLTLLVGLLFALLSILILI,18889.62769215456,2098.4697832133725,18.349246345910668,0.3100673811236943,LLLLTLLVGLLFALLSILILI,Mutant
LLLYGLLFLLLGVLLATLILI,LLLYGLLFLLLGVLLITLILI,GAS,clash,20.3274,-273.71,42830.1,42521.9,-58.8381,-277.218,-349.242,4725.69,-54.8148,-13.1861,3787.24,4795.83,44.0803,11.4738,3787.24,4795.83,44.0803,11.4738,-24.1814,1.10011e+17,15,A,118.2466,8.845023605,,,,,0.1293588336439022,0.0271542847178132,G,3.2952040304963752,LLLYGLLFLLLGVLLATLILI,18364.75049297849,1643.2448303395104,16.22053721855204,0.2001609838359679,LLLYGLLFLLLGVLLATLILI,Mutant
LLLYGLLFLLLGVLLATLILI,LLLYGLLFLLLIVLLATLILI,GAS,clash,20.315,-274.891,1037970000.0,1037970000.0,-58.8381,-271.071,-345.811,4744.53,-52.1217,-15.9018,3785.92,4795.39,48.7298,5.91271,3787.24,4795.83,35.1989,4.82321,-24.1814,1.10011e+17,11,G,124.35509,4.538888352,,,,,0.150223361676805,0.06528843547555,G,-11.162947599629272,LLLYGLLFLLLGVLLATLILI,18403.345123784835,1847.303261428411,15.322266460422698,0.17929645580306508,LLLYGLLFLLLGVLLATLILI,Mutant
LLLYGLLFLLLGVLLATLILI,LLLYGLLFALLGVLLATLILI,GAS,void,,,,,,,,,,,3812.22,4734.25,61.9889,23.9365,3787.24,4795.83,120.022,61.4478,-24.1814,1.1e+17,8,L,107.3931,18.22627953,3788.2835,3725.7922,62.4913,0.0,0.2452448997396856,0.0236019689825286,G,17.576709790770124,LLLYGLLFLLLGVLLATLILI,19860.464400755336,1886.6270121794896,38.56929131190412,0.08427491774018447,LLLYGLLFLLLGVLLATLILI,Mutant
LLLYFLLAVLLGLLLGTLILI,LLLYFLLIVLLGLLLGTLILI,GAS,clash,31.3896,-277.673,569075000.0,569075000.0,-58.7556,-277.514,-347.224,4761.54,-51.0617,-10.9547,3598.51,4760.54,57.8557,0.0,3598.51,4760.54,57.8557,0.0,-23.8047,1.10011e+17,7,A,129.5954,0.0,,,,,0.0876267115322582,0.0533983560144749,G,22452663636263.64,LLLYFLLAVLLGLLLGTLILI,18007.8346760802,1763.740176721549,7.343024098253986,0.2005364548707238,LLLYFLLAVLLGLLLGTLILI,Mutant
LLLYFLLAVLLGLLLGTLILI,LLLYFLLAVLLILLLGTLILI,GAS,clash,31.1187,-278.859,2229420000.0,2229420000.0,-58.7556,-278.721,-351.123,4782.14,-51.0617,-13.6457,3598.51,4777.64,57.9348,0.0,3598.51,4760.54,38.065,0.0,-23.8047,1.10011e+17,11,G,130.2678,0.0,,,,,0.1381498223074131,0.0973646839791784,G,99999900.0,LLLYFLLAVLLGLLLGTLILI,18632.52479429308,1145.5514706784322,30.479926919390195,0.1500133440955689,LLLYFLLAVLLGLLLGTLILI,Mutant
LLLYFLLAVLLGLLLGTLILI,LLLYALLAVLLGLLLGTLILI,GAS,void,,,,,,,,,,,3631.39,4616.32,58.2845,61.0751,3598.51,4760.54,156.153,137.311,-23.8047,1.1e+17,4,F,77.4001,44.10544271,3570.3149,3461.199,109.1159,1.0,0.1867744902780469,0.0016864229575836,G,1.5374457832343904,LLLYFLLAVLLGLLLGTLILI,19767.616739163263,2437.0545563710343,27.32660229070689,0.1013886761249351,LLLYFLLAVLLGLLLGTLILI,Mutant
LLLYFLLAVLLGLLLGTLILI,LLLAFLLAVLLGLLLGTLILI,GAS,void,,,,,,,,,,,3485.02,4594.67,61.972,74.7269,3598.51,4760.54,175.817,277.122,-23.8047,1.1e+17,3,Y,95.0039,44.0267176,3410.2931,3321.388,88.9051,1.0,0.734557225154248,0.082444977111001,G,20896141666566.67,LLLYFLLAVLLGLLLGTLILI,23202.15631728489,1315.1585570323414,116.74635476945056,-0.44639405875126603,LLLYFLLAVLLGLLLGTLILI,Mutant
LLLYLLLGALLGALLTFLILI,LLLYLLLGALLIALLTFLILI,GAS,clash,31.2224,-275.769,13794000000000.0,13794000000000.0,-58.7574,-275.345,-349.705,4697.29,-57.5595,-15.6031,3805.72,4767.04,54.2841,11.4078,3808.41,4744.81,31.2501,8.64772,-23.6808,1.10011e+17,11,G,118.86,8.757190956,,,,,0.009713785457673,0.0063215450179877,G,99999900.0,LLLYLLLGALLGALLTFLILI,18446.25197587292,2510.7699601623376,2.0885368509559914,1.118691731840004,LLLYLLLGALLGALLTFLILI,Mutant
LLLYLLLGALLGALLTFLILI,LLLYLLLGALLGALLTALILI,GAS,void,,,,,,,,,,,3732.74,4665.88,47.1936,76.4661,3808.41,4744.81,133.506,247.698,-23.6808,1.1e+17,16,F,52.9967,59.06414816,3656.2739,3560.712,95.5619,0.0,1.2290864679238458,0.1272850493764216,G,99999900.0,LLLYLLLGALLGALLTFLILI,29333.482717041315,4741.295847330246,167.72773608244057,-0.10068095062616877,LLLYLLLGALLGALLTFLILI,Mutant
LLLYVLLGLLLGFLLSTLILI,LLLYVLLILLLGFLLSTLILI,GAS,clash,19.7006,-274.486,13134200000.0,13134200000.0,-74.0812,-279.249,-367.774,4717.26,-49.5178,-14.4429,3765.69,4758.56,58.0154,1.11236,3765.8,4741.15,38.1885,0.995492,-23.3255,1.10011e+17,7,G,128.48304,0.858332935,,,,,0.2055464855419246,0.0221048754410015,G,99999900.0,LLLYVLLGLLLGFLLSTLILI,19098.279798949112,1468.2104285552753,32.56789678540087,0.9218378360083878,LLLYVLLGLLLGFLLSTLILI,Mutant
LLLYVLLGLLLGFLLSTLILI,LLLYVLLGLLLIFLLSTLILI,GAS,clash,19.509,-274.488,7786790000.0,7786790000.0,-74.0812,-281.098,-369.428,4712.76,-49.5178,-14.2491,3765.42,4758.23,52.4491,3.63931,3765.8,4741.15,31.5391,3.63931,-23.3255,1.10011e+17,11,G,126.62849,2.79371418,,,,,0.2695961344952735,0.0588282928351479,G,99999900.0,LLLYVLLGLLLGFLLSTLILI,19607.45740412875,1921.4574272867333,33.57231404378239,0.8577881870550388,LLLYVLLGLLLGFLLSTLILI,Mutant
LLLYVLLGLLLGFLLSTLILI,LLLYVLLGLLLGALLSTLILI,GAS,void,,,,,,,,,,,3721.86,4595.26,53.3447,98.3864,3765.8,4741.15,154.653,251.937,-23.3255,1.1e+17,12,F,31.4356,75.78561415,3623.4736,3513.863,109.6106,1.0,0.9955739329352112,0.027679363983335,G,99999900.0,LLLYVLLGLLLGFLLSTLILI,25124.28235964224,2037.0578750869568,143.7144123379187,0.13181038861510108,LLLYVLLGLLLGFLLSTLILI,Mutant
LLLAYLLGVLLGLLLAFLILI,LLLAYLLGVLLILLLAFLILI,GAS,clash,28.4898,-273.24,179832000.0,179832000.0,-44.9245,-273.797,-342.297,4625.64,-52.8491,-23.5752,3626.26,4708.42,58.072,0.0,3626.26,4687.19,36.8425,0.0,-23.2275,1.10011e+17,11,G,130.2678,0.0,,,,,0.2191451706374972,0.1466180084708618,G,-58.63323620759557,LLLAYLLGVLLGLLLAFLILI,18559.43925259208,863.0205758427727,47.534603145553135,0.8346016524950399,LLLAYLLGVLLGLLLAFLILI,Mutant
LLLAYLLGVLLGLLLAFLILI,LLLAYLLGVLLGLLLIFLILI,GAS,clash,26.641,-271.011,19108100.0,19107800.0,-45.02,-272.59,-339.538,4591.16,-51.0102,-21.9282,3626.26,4687.19,45.4954,13.1735,3626.26,4687.19,45.4954,13.1735,-23.2275,1.10011e+17,15,A,128.859678,0.663520927,,,,,0.3214330223052927,0.0162480239430721,G,-13.337293570110154,LLLAYLLGVLLGLLLTFLILI,20064.87396802624,1570.681202526359,49.02215543635905,0.7323138008272444,LLLAYLLGVLLGLLLAFLILI,Mutant
LLLAYLLGVLLGLLLAFLILI,LLLAALLGVLLGLLLAFLILI,GAS,void,,,,,,,,,,,3656.03,4526.73,64.3784,64.3096,3626.26,4687.19,171.935,153.577,-23.2275,1.1e+17,4,Y,74.1656,46.44124002,3591.7204,3472.683,119.0374,0.0,1.1017762739489534,0.1275804199989377,G,5755635503977.372,LLLAYLLGVLLGLLLAFLILI,26066.54222888573,1211.9018503687532,175.51817887329824,-0.0480294508164163,LLLAYLLGVLLGLLLAFLILI,Mutant
LLLVALLALLLGTLLSFLILI,LLLVALLALLLGTLLIFLILI,GAS,clash,19.4548,-267.332,46238900.0,46238600.0,-58.8078,-270.097,-359.507,4590.63,-56.3051,-30.6022,3674.89,4597.5,46.5684,10.1278,3674.32,4592.21,48.5573,9.97378,-22.2201,1.10011e+17,15,S,119.5926,7.807407316,,,,,0.142933353800302,0.1473601993740135,G,-99.99961118047024,LLLVALLALLLGTLLSFLILI,22734.07621448334,7780.372546072733,36.38983328179366,0.2364584570270086,LLLVALLALLLGTLLSFLILI,Mutant
LLLVALLALLLGTLLSFLILI,LLLVALLALLLITLLSFLILI,GAS,clash,19.4336,-270.547,20326400000.0,20326400000.0,-74.0748,-273.409,-377.949,4604.72,-52.3687,-30.4653,3673.66,4611.96,58.0568,0.79897,3674.32,4592.21,37.0971,0.508435,-22.2201,1.10011e+17,11,G,129.46883,0.61332885,,,,,0.1680725939243393,0.0484932470149044,G,-0.8523297734974981,LLLVALLALLLGTLLSFLILI,18759.023628178344,1293.4132792198432,29.797497714346505,0.2113192169029713,LLLVALLALLLGTLLSFLILI,Mutant
LLLYVLLALLLGTLLGFLILI,LLLYVLLALLLGTLLIFLILI,GAS,clash,24.2647,-279.86,209576000000000.0,209576000000000.0,-58.7232,-278.266,-354.564,4706.95,-50.507,-17.5747,3723.32,4736.44,44.4223,0.217901,3723.99,4728.28,25.064,0.0726336,-20.6671,1.10011e+17,15,G,129.502499,0.167977435,,,,,0.1137952129668764,0.0586997539465023,G,22795790908990.91,LLLYVLLALLLGTLLGFLILI,19004.968959898448,1996.62484943427,22.86795829812169,0.0003148679363660922,LLLYVLLALLLGTLLGFLILI,Mutant
LLLYVLLALLLGTLLGFLILI,LLLYVLLALLLITLLGFLILI,GAS,clash,24.205,-279.862,80240600000.0,80240600000.0,-58.7232,-278.363,-353.421,4705.68,-50.507,-16.3352,3723.99,4748.0,61.376,0.0,3723.99,4728.28,40.6745,0.0,-20.6671,1.10011e+17,11,G,130.2678,0.0,,,,,0.1232563788369075,0.0209490448482778,G,20896141666566.67,LLLYVLLALLLGTLLGFLILI,19177.148726794367,2241.6507697095185,20.33048788061724,-0.009146297933665004,LLLYVLLALLLGTLLGFLILI,Mutant
LLLYVLLALLLGTLLGFLILI,LLLYVLLALLLGTLLGALILI,GAS,void,,,,,,,,,,,3621.25,4624.69,42.3231,83.4025,3723.99,4728.28,135.763,269.314,-20.6671,1.1e+17,16,F,46.0603,64.42198068,3537.8475,3454.676,83.1715,0.0,0.2124076991718805,0.0149131280669457,G,9.09607825479259,LLLYVLLALLLGTLLGFLILI,19443.960698282142,1874.7485446020723,29.72387769639308,-0.09829761826863799,LLLYVLLALLLGTLLGFLILI,Mutant
LLLYVLLALLLGTLLGFLILI,LLLAVLLALLLGTLLGFLILI,GAS,void,,,,,,,,,,,3599.96,4566.52,60.2304,88.6858,3723.99,4728.28,173.773,293.815,-20.6671,1.1e+17,3,Y,81.045,52.25085842,3511.2742,3430.175,81.0992,0.0,0.252865958519577,0.0875375755979832,G,-8.927396052343322,LLLYVLLALLLGTLLGFLILI,19672.992638396125,1355.7364383056345,46.34846256328739,-0.1387558776163345,LLLYVLLALLLGTLLGFLILI,Mutant
LLLTALLVGLLGGLLFLLILI,LLLTALLVGLLGILLFLLILI,GAS,clash,24.0144,-270.904,129975000.0,129974000.0,-44.9383,-269.768,-347.01,4605.44,-51.7851,-32.3036,3762.08,4532.74,48.3798,23.5986,3779.3,4529.24,31.5637,8.77775,-20.3721,1.10011e+17,12,G,106.2234,18.17765864,,,,,0.2035237607344628,0.0320230164973898,G,-17.1584881602357,LLLTALLVGLLGGLLFLLILI,19029.412753258057,1385.9866009444854,33.30273264590659,0.0981269707983389,LLLTALLVGLLGGLLFLLILI,Mutant
LLLTALLVGLLGGLLFLLILI,LLLTALLVILLGGLLFLLILI,GAS,clash,24.0682,-270.904,975991.0,975692.0,-44.9383,-269.807,-344.657,4607.31,-51.7833,-29.9113,3761.09,4541.67,65.3364,27.548,3779.3,4529.24,46.7498,14.5648,-20.3721,1.10011e+17,8,G,103.7816,20.9762308,,,,,0.3501651788560816,0.0510003271198189,G,-28.130927822304425,LLLTALLVGLLGGLLFLLILI,19480.18956019651,1523.5557669725858,56.87132638513567,-0.04851444732327992,LLLTALLVGLLGGLLFLLILI,Mutant
LLLTALLVGLLGGLLFLLILI,LLLTALLVGLLGGLLALLILI,GAS,void,,,,,,,,,,,3791.52,4455.06,43.4866,19.992,3779.3,4529.24,127.715,74.337,-20.3721,1.1e+17,15,F,109.7284,15.41160835,3771.528,3704.963,66.565,0.0,0.3645314765506223,0.0248790049152051,G,-36.581270035059866,LLLTALLVGLLGGLLFLLILI,20202.981162039418,1451.4231802765094,56.26698087078472,-0.0628807450178206,LLLTALLVGLLGGLLFLLILI,Mutant
LLLTALLVGLLGGLLFLLILI,LLLTALLVGLLGGLLFALILI,GAS,void,,,,,,,,,,,3781.52,4483.42,52.6244,22.1103,3779.3,4529.24,107.657,61.2544,-20.3721,1.1e+17,16,L,107.3525,17.07849668,3759.4097,3718.0456,41.3641,0.0,0.8070632648690179,0.01225957633824,G,-32.1778900185602,LLLTALLVGLLGGLLFLLILI,23904.041825518623,1775.4109066299177,120.11501880034857,-0.5054125333362163,LLLTALLVGLLGGLLFLLILI,Mutant
LLLLVLLIGLLFGLLFALILI,LLLLVLLIILLFGLLFALILI,GAS,clash,24.0537,-271.413,45194300000.0,45194300000.0,-44.9897,-275.816,-343.569,4688.23,-44.9897,-22.7637,3736.96,4695.6,55.9511,10.1532,3755.6,4687.67,40.6032,4.57808,-19.9506,1.10011e+17,8,G,121.1764,7.731082711,,,,,0.2909261763684203,0.1068763248142869,G,-25.68313318660519,LLLLVLLIGLLFGLLFALILI,20192.65475202775,2435.0836215985846,31.710354569610303,0.7694778982192405,LLLLVLLIGLLFGLLFALILI,Mutant
LLLLVLLIGLLFGLLFALILI,LLLLVLLIGLLAGLLFALILI,GAS,void,,,,,,,,,,,3799.56,4544.93,56.5659,45.5896,3755.6,4687.67,155.122,110.079,-19.9506,1.1e+17,11,F,84.6782,34.99682961,3753.9704,3645.521,108.4494,1.0,1.152014494612678,0.0949112462966474,G,20896141666566.67,LLLLVLLIGLLFGLLFALILI,25669.81249197499,1888.2420917200889,179.514143391368,-0.09161042002501718,LLLLVLLIGLLFGLLFALILI,Mutant
LLLTVLLGLLLGFLLSALILI,LLLTVLLILLLGFLLSALILI,GAS,clash,35.514,-275.361,182340000000.0,182340000000.0,-60.2116,-271.42,-365.179,4577.7,-47.4447,-33.5474,3696.54,4675.66,59.9664,0.0,3696.54,4659.24,41.0486,0.0,-19.9475,1.10011e+17,7,G,129.5954,0.0,,,,,0.2191006213162283,0.0294787098760228,G,16465286666566.662,LLLTVLLGLLLGFLLSALILI,19219.36875718436,1749.7889539571804,29.1928274150827,0.6156251440567209,LLLTVLLGLLLGFLLSALILI,Mutant
LLLTVLLGLLLGFLLSALILI,LLLTVLLGALLGFLLSALILI,GAS,void,,,,,,,,,,,3725.17,4592.25,60.0939,46.4517,3696.54,4659.24,115.934,78.335,-19.9475,1.1e+17,8,L,84.8779,35.37032017,3678.7183,3618.205,60.5133,1.0,0.7939429997745968,0.1285001695532572,G,16674226580353.168,LLLTVLLGLLLGFLLSALILI,24389.04086197385,1862.2657808990364,130.2860718797338,0.040782765598352366,LLLTVLLGLLLGFLLSALILI,Mutant
LLLYGLLFALLGILLTLLILI,LLLYGLLFALLIILLTLLILI,GAS,clash,29.6716,-280.387,69377100000000.0,69377100000000.0,-58.8346,-279.922,-358.384,4726.53,-52.1659,-19.627,3651.37,4666.15,46.3379,2.9754,3651.6,4660.34,30.3587,2.5396,-19.6027,1.10011e+17,11,G,127.2924,2.284064059,,,,,0.166574603024056,0.0608431926785815,G,10.793108774737789,LLLYGLLFALLGILLTLLILI,19408.19959723234,1974.4927534014416,30.862799506534746,0.15129985475245503,LLLYGLLFALLGILLTLLILI,Mutant
LLLYGLLFALLGILLTLLILI,LLLYGLLAALLGILLTLLILI,GAS,void,,,,,,,,,,,3682.08,4555.69,43.8937,28.9653,3651.6,4660.34,133.949,102.18,-19.6027,1.1e+17,7,F,100.6301,22.35056183,3653.1147,3549.42,103.6947,0.0,0.2558429095869604,0.0740202457454332,G,-3.1798836287198795,LLLYGLLFALLGILLTLLILI,20660.84265209125,2776.5961797484383,45.37938666639235,0.062031548189550645,LLLYGLLFALLGILLTLLILI,Mutant
LLLYGLLFALLGILLTLLILI,LLLYGLLFALLGILLILLILI,GAS,clash,29.6722,-275.997,233721.0,233424.0,-45.0061,-275.315,-343.26,4703.3,-50.936,-22.9386,3660.19,4649.11,41.8847,0.902019,3651.6,4660.34,67.5099,3.00339,-19.6027,1.10011e+17,15,T,128.818381,0.69535632,,,,,0.2753713204942944,0.1147911968160662,G,-99.99961574305216,LLLYGLLFALLGILLTLLILI,20801.92222637385,3254.93585195357,28.595833633213942,0.04250313728221661,LLLYGLLFALLGILLTLLILI,Mutant
LLLGLLLGALLGTLLSFLILI,LLLGLLLGALLITLLSFLILI,GAS,clash,27.3303,-269.611,7960900000.0,7960900000.0,-74.0016,-268.514,-366.571,4529.73,-55.4808,-24.0559,3617.63,4462.51,54.402,4.11505,3619.28,4440.06,31.7884,2.80764,-19.0839,1.10011e+17,11,G,126.15275,3.158915711,,,,,0.3360370836146032,0.1304258602057442,G,21.90050397976566,LLLGLLLGALLGTLLSFLILI,20954.858314517904,2136.332541993063,63.06078895307835,0.8840340956638721,LLLGLLLGALLGTLLSFLILI,Mutant
LLLGLLLGALLGTLLSFLILI,LLLGALLGALLGTLLSFLILI,GAS,void,,,,,,,,,,,3635.24,4391.59,57.6141,44.5021,3619.28,4440.06,112.228,88.6375,-19.0839,1.1e+17,4,L,93.9731,32.13723468,3590.7379,3530.6425,60.0954,0.0,1.1589604821076511,0.1094592106495944,G,8296242237983.317,LLLGLLLGALLGTLLSFLILI,27134.91331035379,1790.3054682940765,182.05166316842752,0.06111069717082418,LLLGLLLGALLGTLLSFLILI,Mutant
LLLYALLALLLGTLLSFLILI,LLLYALLALLLITLLSFLILI,GAS,clash,23.8319,-277.485,335964000000.0,335964000000.0,-74.0925,-279.288,-369.398,4698.8,-52.4525,-16.0176,3852.54,4767.67,52.8358,0.581069,3852.73,4750.34,31.8706,0.217901,-18.5403,1.10011e+17,11,G,129.686731,0.446057276,,,,,0.1424755119930073,0.0621594856112314,G,-13.75005883586303,LLLYALLALLLGTLLSFLILI,18584.840556283143,1235.2418776995137,27.45130622662569,0.08111503888773772,LLLYALLALLLGTLLSFLILI,Mutant
LLLYALLALLLGTLLSFLILI,LLLYALLALLLGTLLIFLILI,GAS,clash,23.8374,-274.274,10324100.0,10323800.0,-58.8208,-276.02,-350.993,4693.96,-56.5922,-16.1524,3852.49,4741.8,44.493,8.01304,3852.73,4750.34,56.2323,8.06984,-18.5403,1.10011e+17,15,S,121.70736,6.177162574,,,,,0.1633862406383402,0.0481865474490752,G,-22.90491089143016,LLLYALLALLLGTLLSFLILI,18694.54868547139,1792.3597694794405,19.04112673373443,0.0602043102424048,LLLYALLALLLGTLLSFLILI,Mutant
LLLYALLALLLGTLLSFLILI,LLLYALLALLLGTLLSALILI,GAS,void,,,,,,,,,,,3766.37,4646.03,43.4317,82.882,3852.73,4750.34,138.163,260.013,-18.5403,1.1e+17,16,F,46.5808,64.01993468,3683.488,3592.717,90.771,0.0,0.2245171806621176,0.0448079062319775,G,-10.816923133437149,LLLYALLALLLGTLLSFLILI,19217.35003052728,1339.944301530595,37.72513887915311,-0.0009266297813725899,LLLYALLALLLGTLLSFLILI,Mutant
LLLYALLALLLGTLLSFLILI,LLLAALLALLLGTLLSFLILI,GAS,void,,,,,,,,,,,3711.46,4583.76,61.9205,110.925,3852.73,4750.34,175.605,324.243,-18.5403,1.1e+17,3,Y,66.5638,60.78272182,3600.535,3528.487,72.048,0.0,0.2314532595969569,0.054184675107931,G,-71.08609544590973,LLLYALLALLLGTLLSFLILI,19417.25566467417,1405.4661892963934,39.72277401415633,-0.007862708716211891,LLLYALLALLLGTLLSFLILI,Mutant
LLLAYLLGVLLGLLLTFLILI,LLLAYLLIVLLGLLLTFLILI,GAS,clash,29.9778,-278.174,4978870.0,4978570.0,-58.8052,-277.007,-354.201,4644.17,-49.5427,-18.3889,3599.01,4771.1,59.7573,0.0,3599.01,4755.84,40.552,0.0,-18.4709,1.10011e+17,7,G,129.5954,0.0,,,,,0.3969700945271128,0.1444993114871118,G,-53.841139695779496,LLLAYLLGVLLGLLLTFLILI,21196.138142621727,1730.0537559262202,73.49839016012746,0.5408851100445808,LLLAYLLGVLLGLLLTFLILI,Mutant
LLLAYLLGVLLGLLLTFLILI,LLLAALLGVLLGLLLTFLILI,GAS,void,,,,,,,,,,,3646.8,4593.37,64.2228,85.6046,3599.01,4755.84,172.971,177.763,-18.4709,1.1e+17,4,Y,52.8706,61.81944493,3561.1954,3421.247,139.9484,0.0,0.806421410260278,0.2807081266231402,G,-46.48547219109038,LLLAYLLGVLLGLLLTFLILI,23841.937655788963,539.5143202346532,147.97140901478338,0.13143379431141555,LLLAYLLGVLLGLLLTFLILI,Mutant
LLLAGLLFLLLGTLLSYLILI,LLLAGLLFLLLITLLSYLILI,GAS,clash,21.8058,-274.535,2654150000.0,2654150000.0,-74.1054,-277.179,-365.869,4647.07,-51.8728,-14.5843,3643.14,4667.17,43.5049,2.68744,3644.08,4669.4,30.1405,1.67057,-18.3705,1.10011e+17,11,G,127.58036,2.063011734,,,,,0.1675725426210053,0.1113359105797948,G,99999900.0,LLLAGLLFLLLGTLLSYLILI,19810.772291429526,3051.33422986034,13.08243096408463,-0.016103984405225785,LLLAGLLFLLLGTLLSYLILI,Mutant
LLLAGLLFLLLGTLLSYLILI,LLLAGLLFLLLGTLLIYLILI,GAS,clash,21.8078,-271.325,12089.5,11785.0,-58.8435,-273.9,-347.186,4646.0,-54.9872,-14.4423,3645.05,4663.85,40.79,0.464563,3644.08,4669.4,51.5709,0.672642,-18.3705,1.10011e+17,15,S,129.255837,0.358126401,,,,,0.1836115274824366,0.1161878761163497,G,52.192488247711175,LLLAGLLFLLLGTLLSYLILI,18771.4942725366,2159.3115841660924,14.938954003214237,-0.03214296926665708,LLLAGLLFLLLGTLLSYLILI,Mutant
LLLAGLLFLLLGTLLSYLILI,LLLAGLLALLLGTLLSYLILI,GAS,void,,,,,,,,,,,3649.33,4506.99,59.655,25.5155,3644.08,4669.4,161.052,75.856,-18.3705,1.1e+17,7,F,104.0799,19.68858463,3623.8145,3568.224,55.5905,0.0,0.1872617878326038,0.1590777073582548,G,34.63804105457484,LLLAGLLFLLLGTLLSYLILI,18772.00871497556,651.9178331310289,44.13714057112708,-0.035793229616824296,LLLAGLLFLLLGTLLSYLILI,Mutant
LLLAGLLFLLLGTLLSYLILI,LLLAGLLFLLLGTLLSALILI,GAS,void,,,,,,,,,,,3682.72,4632.27,41.9411,82.5053,3644.08,4669.4,125.487,175.822,-18.3705,1.1e+17,16,Y,46.9575,63.72896307,3600.2147,3468.258,131.9567,0.0,0.2188614637724378,0.0054574227190165,G,32.43357623577362,LLLAGLLFLLLGTLLSYLILI,19114.826896055554,1516.9884766818357,32.795167123009946,-0.06739290555665828,LLLAGLLFLLLGTLLSYLILI,Mutant
LLLTVLLLGLLFGLLFALILI,LLLTVLLLGLLFILLFALILI,GAS,clash,25.3253,-277.065,312698000.0,312698000.0,-44.9318,-275.722,-343.827,4662.69,-44.9318,-23.1736,3714.94,4709.83,55.0386,0.581069,3716.9,4694.99,35.9729,0.0,-18.1386,1.10011e+17,12,G,129.240931,0.447589006,,,,,0.2147963901571033,0.0510825702503939,G,-49.41812846700977,LLLTVLLLGLLFGLLFALILI,18790.759052529804,1807.2597297695768,26.30964037674821,0.32908735755817464,LLLTVLLLGLLFGLLFALILI,Mutant
LLLTVLLLGLLFGLLFALILI,LLLTVLLLGLLFGLLAALILI,GAS,void,,,,,,,,,,,3754.82,4625.61,36.1159,21.9412,3716.9,4694.99,121.435,89.2792,-18.1386,1.1e+17,15,F,107.7792,16.91422475,3732.8788,3627.6208,105.258,0.0,0.4353680684916799,0.0631509193697546,G,-23.036180024043464,LLLTVLLLGLLFGLLFALILI,20589.047990762007,1254.835571880746,70.68241328854705,0.108515679223598,LLLTVLLLGLLFGLLFALILI,Mutant
LLLTVLLLGLLFGLLFALILI,LLLTVLLLGLLAGLLFALILI,GAS,void,,,,,,,,,,,3754.55,4551.87,59.7363,51.0587,3716.9,4694.99,158.454,116.273,-18.1386,1.1e+17,11,F,79.2091,39.195181,3703.4913,3600.627,102.8643,0.0,0.5836045467172692,0.1694188408931005,G,-37.70376226360934,LLLTVLLLGLLFGLLFALILI,22146.15830764255,940.6482345750812,103.57458773519744,-0.039720799001991325,LLLTVLLLGLLFGLLFALILI,Mutant
LLLTYLLAILLGLLLGFLILI,LLLTYLLAILLILLLGFLILI,GAS,clash,22.8541,-278.914,213823000.0,213823000.0,-44.9626,-278.764,-350.613,4684.72,-45.8639,-26.886,3646.38,4625.84,59.309,0.0,3646.38,4606.61,38.4711,0.0,-17.9908,1.10011e+17,11,G,130.2678,0.0,,,,,0.1913136970105127,0.0374151134720372,G,-61.52093085637462,LLLTYLLAILLGLLLGFLILI,19399.49341654565,1784.2109953282318,32.066249616699885,0.5572415379687208,LLLTYLLAILLGLLLGFLILI,Mutant
LLLTYLLAILLGLLLGFLILI,LLLTYLLAILLGLLLIFLILI,GAS,clash,22.8602,-278.914,23368800.0,23368500.0,-44.9626,-278.708,-352.196,4650.59,-48.3124,-28.5257,3619.7,4612.42,43.5583,13.6513,3646.38,4606.61,24.8725,21.8815,-17.9908,1.10011e+17,15,G,116.0691,10.52363391,,,,,0.2362249193736832,0.1151409701557815,G,99999900.0,LLLTYLLAILLGLLLGFLILI,20046.519968591405,1978.099282001329,46.77217026030993,0.5123303156055503,LLLTYLLAILLGLLLGFLILI,Mutant
LLLTYLLAILLGLLLGFLILI,LLLTYLLAILLGLLLGALILI,GAS,void,,,,,,,,,,,3573.02,4501.99,44.3224,86.0528,3646.38,4606.61,138.067,255.294,-17.9908,1.1e+17,16,F,43.41,66.46913245,3486.9672,3391.086,95.8812,0.0,0.6602174719254037,0.1311324202774896,G,-62.83378948936099,LLLTYLLAILLGLLLGFLILI,22400.87271947229,972.9469227807888,110.86930939495264,0.08833776305382979,LLLTYLLAILLGLLLGFLILI,Mutant
LLLTYLLAVLLGLLLAFLILI,LLLTYLLAVLLILLLAFLILI,GAS,clash,28.2116,-281.63,16961300.0,16961000.0,-44.9868,-278.406,-350.832,4662.25,-48.1769,-27.4397,3743.51,4697.81,54.6417,0.0,3743.51,4679.26,34.1105,0.0,-17.912,1.10011e+17,11,G,130.2678,0.0,,,,,0.1179504688669768,0.0383170478478819,G,99999900.0,LLLTYLLAVLLGLLLAFLILI,18263.26769649856,1696.943409610748,13.37840841162966,0.3368698096772692,LLLTYLLAVLLGLLLAFLILI,Mutant
LLLTYLLAVLLGLLLAFLILI,LLLIYLLAVLLGLLLAFLILI,GAS,clash,32.5797,-269.498,429.151,141.491,-44.9868,-272.985,-341.866,4612.28,-50.7419,-23.8952,3756.71,4644.37,57.9775,51.7154,3743.51,4679.26,88.3625,79.6306,-17.912,1.10011e+17,3,T,127.4866,1.722011341,,,,,0.3811983672301176,0.1090554067235348,G,99999900.0,LLLTYLLAVLLGLLLAFLILI,19684.01300431856,1300.031140692473,67.4856084189344,0.07362191131412843,LLLTYLLAVLLGLLLAFLILI,Mutant
LLLTYLLAVLLGLLLAFLILI,LLLTALLAVLLGLLLAFLILI,GAS,void,,,,,,,,,,,3803.58,4626.5,58.3938,77.1632,3743.51,4679.26,137.969,169.675,-17.912,1.1e+17,4,Y,61.312,55.72347973,3726.4168,3573.835,152.5818,0.0,0.4125491820652001,0.1079481077507534,G,-2.178222403504632,LLLTYLLAVLLGLLLAFLILI,20061.292413106177,1184.02115422895,71.98666489032696,0.04227109647904592,LLLTYLLAVLLGLLLAFLILI,Mutant
LLLTYLLAVLLGLLLAFLILI,LLLTYLLAVLLGLLLAALILI,GAS,void,,,,,,,,,,,3641.99,4578.37,53.4488,96.7565,3743.51,4679.26,142.404,279.509,-17.912,1.1e+17,16,F,32.7063,74.73691284,3545.2335,3464.001,81.2325,0.0,0.4906066912904422,0.1428803860422085,G,-61.86340992589477,LLLTYLLAVLLGLLLAFLILI,20825.80163167406,915.832266065034,87.11764041285383,-0.035786412746196206,LLLTYLLAVLLGLLLAFLILI,Mutant
LLLALLLGALLGTLLSFLILI,LLLALLLGALLITLLSFLILI,GAS,clash,27.6927,-268.269,17408200.0,17407900.0,-73.9598,-269.199,-369.809,4545.2,-55.3595,-26.6507,3693.61,4570.88,59.6096,10.7725,3694.83,4547.02,37.0063,7.72194,-16.3762,1.10011e+17,11,G,119.4953,8.269503285,,,,,0.2310290182776229,0.013204570188268,G,4.118293094311243,LLLALLLGALLGTLLSFLILI,20125.65722518524,2488.8315147415133,32.643727255053925,0.9528644818638752,LLLALLLGALLGTLLSFLILI,Mutant
LLLALLLGALLGTLLSFLILI,LLLALLLIALLGTLLSFLILI,GAS,clash,28.5752,-268.235,22668600000.0,22668600000.0,-73.9598,-269.322,-370.215,4527.44,-54.8174,-26.933,3690.71,4567.75,62.0503,15.0624,3694.83,4547.02,41.0288,12.1517,-16.3762,1.10011e+17,7,G,114.533,11.62263475,,,,,0.2470159133644709,0.0746326954482326,G,-59.90972271851908,LLLALLLGALLGTLLSFLILI,20717.99415935678,2979.0719370897204,44.14339640359321,0.9368775867770271,LLLALLLGALLGTLLSFLILI,Mutant
LLLALLLGALLGTLLSFLILI,LLLAALLGALLGTLLSFLILI,GAS,void,,,,,,,,,,,3706.4,4479.21,64.419,38.5353,3694.83,4547.02,124.186,84.3744,-16.3762,1.1e+17,4,L,99.9399,27.82830427,3667.8647,3610.4556,57.4091,1.0,2.456531174864339,0.0553368781047172,G,22795790908990.91,LLLALLLGALLGTLLSFLILI,35186.23362917529,4190.969797281642,355.9579178549009,-1.272637674722841,LLLALLLGALLGTLLSFLILI,Mutant
LLLAYLLFLLLGTLLSVLILI,LLLAYLLFLLLITLLSVLILI,GAS,clash,23.7101,-278.228,776527000.0,776527000.0,-74.0829,-279.098,-370.742,4658.85,-51.379,-17.5609,3634.31,4801.53,43.5392,2.17901,3635.33,4803.99,30.2092,1.67057,-16.3043,1.10011e+17,11,G,128.08879,1.672715744,,,,,0.1231757213205956,0.100999515430211,G,99999900.0,LLLAYLLFLLLGTLLSVLILI,19279.891096356085,2206.6647400535926,28.65347785272666,0.161277174801604,LLLAYLLFLLLGTLLSVLILI,Mutant
LLLLTLLVALLAGLLFSLILI,LLLLTLLVALLAGLLASLILI,GAS,void,,,,,,,,,,,3717.32,4536.03,56.7876,30.0927,3708.25,4653.01,149.193,116.376,-15.113,1.1e+17,15,F,99.6277,23.19812458,3687.2273,3591.874,95.3533,0.0,0.2251982213816351,0.1129884709859547,G,-30.836226923485448,LLLLTLLVALLAGLLFSLILI,20619.67038509091,3051.9747555457507,44.924391164649855,0.03639597599445893,LLLLTLLVALLAGLLFSLILI,Mutant
LLLLTLLVALLAGLLFSLILI,LLLLTLLVALLAILLFSLILI,GAS,clash,30.8581,-273.085,25925500.0,25925200.0,-60.3111,-269.34,-364.637,4628.65,-44.995,-34.9858,3691.68,4666.2,53.0267,21.0849,3708.25,4653.01,33.7076,8.71239,-15.113,1.10011e+17,12,G,108.7371,16.24139206,,,,,0.2426244340841781,0.0631629472572975,G,-46.06162492930143,LLLLTLLVALLAGLLFSLILI,20793.32034457357,3174.335955828269,42.30252747777659,0.01896976329191591,LLLLTLLVALLAGLLFSLILI,Mutant
LLLLTLLVALLAGLLFSLILI,LLLLTLLVALLAGLLFILILI,GAS,clash,30.9363,-269.856,10001100.0,10000800.0,-44.995,-269.893,-349.291,4622.35,-44.995,-34.4027,3708.86,4649.69,45.0386,7.86081,3708.25,4653.01,53.8513,8.14079,-15.113,1.10011e+17,16,S,121.60199,6.071867749,,,,,0.2532444347983965,0.0684470759894339,G,99999900.0,LLLLTLLVALLAGLLFSLILI,21294.156275400703,3848.496131306294,44.41648688863959,0.00834976257769754,LLLLTLLVALLAGLLFSLILI,Mutant
LLLLTLLVALLAGLLFSLILI,LLLATLLVALLAGLLFSLILI,GAS,void,,,,,,,,,,,3652.1,4595.45,61.7851,123.342,3708.25,4653.01,120.62,239.665,-15.113,1.1e+17,3,L,46.3888,72.66919145,3528.758,3468.585,60.173,0.0,0.3145163068582188,0.1612314433841865,G,-56.66657718548672,LLLLTLLVALLAGLLFSLILI,21535.427015460948,3356.204404769539,63.09937679698241,-0.05292210948212478,LLLLTLLVALLAGLLFSLILI,Mutant
LLLAALLALLLGVLLGTLILI,LLLAALLAALLGVLLGTLILI,GAS,void,,,,,,,,,,,3583.19,4402.83,63.9762,56.4329,3553.03,4473.52,124.546,91.4886,-14.9594,1.1e+17,8,L,74.8967,42.97043469,3526.7571,3461.5414,65.2157,0.0,0.0608587751750511,0.1230965642644911,G,99999900.0,LLLAALLALLLGVLLGTLILI,19564.17851969056,3471.964141330585,21.778172514758285,0.2749851033049351,LLLAALLALLLGVLLGTLILI,Mutant
LLLAALLALLLGVLLGTLILI,LLLAALLALLLGVLLITLILI,GAS,clash,30.242,-266.763,508744.0,508454.0,-58.784,-265.63,-366.726,4506.42,-53.9625,-42.3121,3544.14,4493.45,55.582,7.41102,3553.03,4473.52,34.1963,10.6686,-14.9594,1.10011e+17,15,G,122.30938,5.713072115,,,,,0.2321583512465069,0.0625048903141281,G,1.9948602043001968,LLLAALLALLLGVLLGTLILI,19339.459763848863,1296.9222489944775,40.692899452651424,0.10368552723347929,LLLAALLALLLGVLLGTLILI,Mutant
LLLAALLALLLGVLLGTLILI,LLLAALLALLLIVLLGTLILI,GAS,clash,30.2269,-266.763,267107000.0,267107000.0,-58.784,-265.7,-366.1,4501.75,-52.0955,-41.6157,3551.8,4491.92,61.6097,3.88957,3553.03,4473.52,41.1206,3.0906,-14.9594,1.10011e+17,11,G,126.37823,2.985826121,,,,,0.2782926682128913,0.0932619045085013,G,-27.2086773482208,LLLAALLALLLGVLLGTLILI,19682.35752958656,1146.923281557135,50.68851576801766,0.05755121026709492,LLLAALLALLLGVLLGTLILI,Mutant
LLLAALLALLLGVLLGTLILI,LLLAALLALLLGALLGTLILI,GAS,void,,,,,,,,,,,3585.32,4454.92,59.9098,88.6078,3553.03,4473.52,84.3464,111.858,-14.9594,1.1e+17,12,V,41.2142,68.25330067,3496.7122,3441.172,55.5402,0.0,0.3920295319589528,0.0554749075966269,G,37.953841976924416,LLLAALLALLLGVLLGTLILI,20343.772561373324,1906.397244003719,51.94955682515143,-0.05618565347896659,LLLAALLALLLGVLLGTLILI,Mutant
LLLLTLLVGLLFALLYGLILI,LLLLTLLVILLFALLYGLILI,GAS,clash,32.8107,-277.32,11455500.0,11455200.0,-44.9471,-277.105,-344.134,4685.32,-44.9471,-22.0819,3700.35,4676.75,52.8468,8.97089,3716.47,4667.58,36.0449,4.07458,-14.9538,1.10011e+17,8,G,122.35871,6.830821079,,,,,0.2176723602680391,0.0002248347899457,G,-35.91154628533793,LLLLTLLVGLLFALLYGLILI,19183.62805248492,1582.7270464580213,32.028436387070215,0.03235206461903678,LLLLTLLVGLLFALLYGLILI,Mutant
LLLLTLLVGLLFALLYGLILI,LLLLTLLVGLLAALLYGLILI,GAS,void,,,,,,,,,,,3732.67,4642.21,39.7319,39.0244,3716.47,4667.58,111.476,95.3229,-14.9538,1.1e+17,11,F,91.2434,29.95705769,3693.6456,3621.1471,72.4985,1.0,0.2344044143996198,0.1604207497602102,G,-0.3796401384191509,LLLLTLLVGLLFALLYGLILI,19359.3164588148,880.8651316450743,51.21864156025472,0.015620010487456093,LLLLTLLVGLLFALLYGLILI,Mutant
LLLLTLLVGLLFALLYGLILI,LLLLTLLVGLLFALLAGLILI,GAS,void,,,,,,,,,,,3761.35,4651.97,35.9032,23.1762,3716.47,4667.58,111.491,89.9611,-14.9538,1.1e+17,15,Y,106.5442,17.86627238,3738.1738,3626.5089,111.6649,1.0,0.3638201172987891,0.0852064206999616,G,-11.216087022451074,LLLLTLLVGLLFALLYGLILI,20208.826128028457,1124.4043543400671,62.44353386282724,-0.11379569241171322,LLLLTLLVGLLFALLYGLILI,Mutant
LLLTGLLFGLLAILLSLLILI,LLLTGLLAGLLAILLSLLILI,GAS,void,,,,,,,,,,,3732.29,4466.44,57.3131,46.3287,3710.97,4629.13,161.122,119.985,-14.8615,1.1e+17,7,F,83.2667,35.74872256,3685.9613,3590.985,94.9763,0.0,0.1480027231790608,0.0681213601467795,G,-32.8065264289193,LLLTGLLFGLLAILLSLLILI,18336.593645550227,1087.2273627789773,28.88592893634925,-0.021456892465316207,LLLTGLLFGLLAILLSLLILI,Mutant
LLLTGLLFGLLAILLSLLILI,LLLTGLLFGLLAILLSALILI,GAS,void,,,,,,,,,,,3722.29,4608.62,41.3686,80.7616,3710.97,4629.13,89.9492,155.506,-14.8615,1.1e+17,16,L,48.7012,62.38208968,3641.5284,3555.464,86.0644,0.0,0.1971856997370816,0.0683668115819614,G,27.442778656854102,LLLTGLLFGLLAILLSLLILI,18442.416016242565,1208.797837906308,36.15358629837597,-0.07063986902333702,LLLTGLLFGLLAILLSLLILI,Mutant
LLLTGLLFGLLAILLSLLILI,LLLTGLLFILLAILLSLLILI,GAS,clash,26.7264,-275.535,367420.0,367126.0,-60.3852,-274.741,-370.689,4587.36,-45.5233,-35.5625,3701.58,4633.38,47.0239,9.21191,3710.97,4629.13,29.7169,1.8264,-14.8615,1.10011e+17,8,G,126.40826,2.962773609,,,,,0.2260362069523535,0.2463716084656314,G,99999900.0,LLLTGLLFGLLAILLSLLILI,19261.386885004595,648.5811723197062,58.93565464027157,-0.0994903762386089,LLLTGLLFGLLAILLSLLILI,Mutant
LLLTGLLFGLLAILLSLLILI,LLLTGLLFGLLAILLILLILI,GAS,clash,26.6819,-272.325,53230.6,52939.0,-45.0043,-271.487,-351.888,4574.19,-45.9765,-35.3964,3718.63,4626.5,42.3701,9.98288,3710.97,4629.13,51.8324,10.5754,-14.8615,1.10011e+17,15,S,119.73752,7.695690115,,,,,0.2638810764973546,0.0194370887064814,G,-31.79173600073895,LLLTGLLFGLLAILLSLLILI,19157.064017053963,1433.2766251660912,40.87978539697603,-0.13733524578361,LLLTGLLFGLLAILLSLLILI,Mutant
LLLLVLLTGLLFGLLYALILI,LLLLVLLTGLLFILLYALILI,GAS,clash,25.0926,-273.234,603662000.0,603662000.0,-58.7605,-276.887,-353.021,4685.61,-49.4713,-17.3729,3633.52,4633.37,53.2037,0.0,3633.52,4618.05,33.9767,0.0,-12.6715,1.10011e+17,12,G,129.822,0.0,,,,,0.1226065530482933,0.025339205387242,G,6.354066608918309,LLLLVLLTGLLFGLLYALILI,18399.165840121805,1662.9447639413954,15.415262906847884,0.16252595286858917,LLLLVLLTGLLFGLLYALILI,Mutant
LLLLVLLTGLLFGLLYALILI,LLLLVLLTGLLAGLLYALILI,GAS,void,,,,,,,,,,,3671.51,4589.9,39.6817,33.6839,3633.52,4618.05,111.633,93.119,-12.6715,1.1e+17,11,F,96.5839,25.85742601,3637.8261,3540.401,97.4251,0.0,0.3924660555553843,0.2590775285032739,G,-99.99948604443144,LLLLVLLTGLLFGLLYALILI,20872.06589307964,3171.38145378926,30.814699603157,-0.10733354963850178,LLLLVLLTGLLFGLLYALILI,Mutant
LLLLVLLTGLLFGLLYALILI,LLLLVLLTGLLFGLLAALILI,GAS,void,,,,,,,,,,,3682.48,4590.59,38.9067,29.4142,3633.52,4618.05,115.836,95.3863,-12.6715,1.1e+17,15,Y,100.3062,22.67507655,3653.0658,3538.1337,114.9321,0.0,1.0624102937977646,0.2314915387578173,G,17693344874485.26,LLLLVLLTGLLFGLLYALILI,25424.750999880973,687.9626820716317,180.540853031545,-0.7772777878808821,LLLLVLLTGLLFGLLYALILI,Mutant
LLLLALLFALLGILLSTLILI,LLLLALLFALLGILLITLILI,GAS,clash,22.8148,-267.296,144317.0,144023.0,-58.8314,-270.992,-361.336,4568.69,-49.5495,-31.5131,3749.2,4656.19,44.0248,9.7104,3745.13,4662.49,55.18,9.67399,-12.638,1.10011e+17,15,S,120.01,7.485638342,,,,,0.1242431552839818,0.0128734710277913,G,20896141666566.67,LLLLALLFALLGILLSTLILI,19997.240733680806,3532.956675727306,16.954183586772306,0.04180064260225139,LLLLALLFALLGILLSTLILI,Mutant
LLLLALLFALLGILLSTLILI,LLLLALLFALLGALLSTLILI,GAS,void,,,,,,,,,,,3762.29,4632.64,53.7145,42.86,3745.13,4662.49,99.1531,99.1451,-12.638,1.1e+17,12,I,86.962,33.01443515,3719.43,3645.9849,73.4451,0.0,0.4860134472165262,0.1068778605752351,G,-21.006018528183947,LLLLALLFALLGILLSTLILI,22642.65702862648,3485.0340092174856,60.43642888619806,-0.319969649330293,LLLLALLFALLGILLSTLILI,Mutant
LLLTALLIGLLFGLLVLLILI,LLLTALLIGLLFILLVLLILI,GAS,clash,33.3147,-282.245,256873000000.0,256873000000.0,-44.9826,-274.96,-358.055,4683.83,-44.9826,-38.1129,3685.29,4639.21,41.6856,4.93909,3693.01,4636.71,24.642,0.944237,-12.4399,1.10011e+17,12,G,124.88291,3.804509251,,,,,0.2100516829173216,0.0003826398054686,G,-31.03942291085581,LLLTALLIGLLFGLLVLLILI,19153.29204264477,1597.130452022252,30.88987527913508,0.20071956438831093,LLLTALLIGLLFGLLVLLILI,Mutant
LLLTALLIGLLFGLLVLLILI,LLLTALLIILLFGLLVLLILI,GAS,clash,33.4886,-282.243,40472100.0,40471800.0,-44.9826,-274.906,-357.031,4652.83,-44.9826,-37.1424,3677.31,4651.53,60.7861,10.413,3693.01,4636.71,41.6406,3.42816,-12.4399,1.10011e+17,8,G,120.9166,7.928905593,,,,,0.2382898994040196,0.0610695212491573,G,-23.9809440075902,LLLTALLIGLLFGLLVLLILI,19724.07797794969,1648.972288434674,41.44630756678424,0.17248134790161293,LLLTALLIGLLFGLLVLLILI,Mutant
LLLTALLIGLLFGLLVLLILI,LLLTALLAGLLFGLLVLLILI,GAS,void,,,,,,,,,,,3735.28,4593.29,56.9185,68.566,3693.01,4636.71,106.888,113.075,-12.4399,1.1e+17,7,I,61.0294,52.9077421,3666.714,3579.935,86.779,0.0,0.2417913279812515,0.1032708955730563,G,0.6058405569857311,LLLTALLIGLLFGLLVLLILI,19847.00523718084,1640.7609715860278,46.35589958097663,0.16897991932438103,LLLTALLIGLLFGLLVLLILI,Mutant
LLLTALLIGLLFGLLVLLILI,LLLTALLIGLLAGLLVLLILI,GAS,void,,,,,,,,,,,3721.34,4483.48,56.2179,44.6265,3693.01,4636.71,157.794,124.434,-12.4399,1.1e+17,11,F,85.6413,34.25750646,3676.7135,3568.576,108.1375,0.0,0.3282724783841757,0.0760880718776501,G,-7.523784846955472,LLLTALLIGLLFGLLVLLILI,20104.82095873694,1266.0931083047828,56.259806992492365,0.0824987689214568,LLLTALLIGLLFGLLVLLILI,Mutant
LLLTALLLALLFGLLFSLILI,LLLTALLLALLFILLFSLILI,GAS,clash,31.7849,-283.359,4324350.0,4324050.0,-60.3539,-271.764,-355.325,4629.94,-45.0173,-23.207,3636.28,4696.76,50.8992,0.508435,3638.03,4684.01,31.8159,0.0,-11.773,1.10011e+17,12,G,129.313565,0.391640092,,,,,0.2192389626787417,0.1349773044450607,G,99999900.0,LLLTALLLALLFGLLFSLILI,20655.6452643066,3171.628680428146,46.33638205122315,0.17312557239151077,LLLTALLLALLFGLLFSLILI,Mutant
LLLTALLLALLFGLLFSLILI,LLLTALLLALLAGLLFSLILI,GAS,void,,,,,,,,,,,3669.16,4542.33,60.3873,49.5174,3638.03,4684.01,158.926,130.892,-11.773,1.1e+17,11,F,80.7504,38.01200297,3619.6426,3507.138,112.5046,0.0,0.242888128685778,0.0527791286650389,G,-25.05661162900324,LLLTALLLALLFGLLFSLILI,20687.159919920785,3018.3976170958927,41.26019131049621,0.1494764063844745,LLLTALLLALLFGLLFSLILI,Mutant
LLLTALLLALLFGLLFSLILI,LLLTALLLALLFGLLASLILI,GAS,void,,,,,,,,,,,3663.41,4617.86,36.1611,19.6603,3638.03,4684.01,121.008,95.3527,-11.773,1.1e+17,15,F,110.0601,15.15590455,3643.7497,3542.6773,101.0724,0.0,0.3117964998671449,0.1436051915460195,G,-17.14693804240231,LLLTALLLALLFGLLFSLILI,20757.94227057425,2108.707136176747,60.86364242084529,0.08056803520310757,LLLTALLLALLFGLLFSLILI,Mutant
LLLTALLAGLLFLLLSVLILI,LLLTILLAGLLFLLLSVLILI,GAS,clash,33.3683,-275.28,22738500.0,22738200.0,-60.3184,-272.17,-365.356,4611.12,-45.7558,-32.8679,3667.29,4644.23,65.4692,21.347,3667.29,4644.23,65.4692,21.347,-11.4684,1.10011e+17,4,A,117.1282,15.41575676,,,,,0.2357047539389634,0.1027104158963423,G,-14.309007674535938,LLLTALLAGLLFLLLSVLILI,19100.54766769648,942.7231555925798,45.40130575957089,0.0855914306384501,LLLTALLAGLLFLLLSVLILI,Mutant
LLLTALLAGLLFLLLSVLILI,LLLTALLAGLLALLLSVLILI,GAS,void,,,,,,,,,,,3680.64,4520.76,50.7201,18.7426,3667.29,4644.23,148.309,99.7995,-11.4684,1.1e+17,11,F,111.5252,14.38774586,3661.8974,3567.4905,94.4069,1.0,0.3200680192792808,0.1983875505387541,G,16.061840644824525,LLLTALLAGLLFLLLSVLILI,19323.60327536588,729.8728112442432,67.78555530486636,0.0012281652981326885,LLLTALLAGLLFLLLSVLILI,Mutant
LLLTALLAGLLFLLLSVLILI,LLLAALLAGLLFLLLSVLILI,GAS,void,,,,,,,,,,,3670.37,4605.01,62.0439,98.4486,3667.29,4644.23,93.4548,138.152,-11.4684,1.1e+17,3,T,71.2822,58.0027903,3571.9214,3529.138,42.7834,1.0,0.3301190067360008,0.0408022108171513,G,7.940732677245219,LLLTALLAGLLFLLLSVLILI,19419.692856549194,1482.492554986133,52.85773583840094,-0.008822822158587318,LLLTALLAGLLFLLLSVLILI,Mutant
LLLAGLLYLLLGTLLSFLILI,LLLAGLLALLLGTLLSFLILI,GAS,void,,,,,,,,,,,3765.03,4581.65,59.3647,25.9893,3722.73,4747.82,174.396,146.235,-10.7987,1.1e+17,7,Y,103.6061,20.05418402,3739.0407,3576.495,162.5457,0.0,0.1836748532883144,0.0519062632959631,G,-50.47519077373694,LLLAGLLYLLLGTLLSFLILI,19170.008862721344,1532.569246428821,32.45026485317829,0.03378144176898851,LLLAGLLYLLLGTLLSFLILI,Mutant
LLLAGLLYLLLGTLLSFLILI,LLLAILLYLLLGTLLSFLILI,GAS,clash,25.9493,-274.894,36276.8,35972.5,-74.1125,-276.218,-367.759,4593.57,-55.4437,-17.4287,3720.1,4749.84,45.7581,8.81069,3722.73,4747.82,29.1344,4.94647,-10.7987,1.10011e+17,4,G,129.66451,6.36264833,,,,,0.2036808412593176,0.0531315978663206,G,10741680343248.057,LLLAGLLYLLLGTLLSFLILI,19973.14482254181,2699.736735739639,24.459551625339166,0.01377545379798531,LLLAGLLYLLLGTLLSFLILI,Mutant
LLLYVLLFLLLGALLGTLILI,LLLYVLLFALLGALLGTLILI,GAS,void,,,,,,,,,,,3883.0,4746.5,59.028,20.4981,3868.07,4783.97,108.64,43.2118,-10.102,1.1e+17,8,L,110.8315,15.60813404,3862.5019,3824.8582,37.6437,1.0,0.1182781242464414,0.1122376610770557,G,99999900.0,LLLYVLLFLLLGALLGTLILI,19286.225700908533,2260.512988643848,29.102433241481485,-0.055870346437454796,LLLYVLLFLLLGALLGTLILI,Mutant
LLLYVLLFLLLGALLGTLILI,LLLYVLLFLLLGALLITLILI,GAS,clash,30.3329,-277.418,45090400.0,45090100.0,-58.7437,-277.963,-354.553,4709.15,-58.3442,-17.8462,3866.61,4801.34,49.4017,6.29764,3868.07,4783.97,27.3297,3.75547,-10.102,1.10011e+17,15,G,123.42276,4.854779973,,,,,0.1378661592914628,0.0365283727837653,G,18998407692207.707,LLLYVLLFLLLGALLGTLILI,18628.50095676054,1784.020137082562,16.497193528892893,-0.07545838148247619,LLLYVLLFLLLGALLGTLILI,Mutant
LLLYVLLFLLLGALLGTLILI,LLLYVLLALLLGALLGTLILI,GAS,void,,,,,,,,,,,3872.47,4626.77,57.8391,23.4406,3868.07,4783.97,158.157,85.1105,-10.102,1.1e+17,7,F,106.1548,18.08752471,3849.0294,3782.9595,66.0699,1.0,0.1587901448688207,0.0027676269275641,G,-99.99886249780997,LLLYVLLFLLLGALLGTLILI,19305.486353675424,2103.7696531045617,23.669716311144374,-0.0963823670598341,LLLYVLLFLLLGALLGTLILI,Mutant
LLLYVLLFLLLGALLGTLILI,LLLYVLLFLLLIALLGTLILI,GAS,clash,30.3374,-277.418,29463100000000.0,29463100000000.0,-58.7437,-274.499,-350.197,4715.32,-56.6095,-16.9545,3866.43,4782.17,52.0785,4.57592,3868.07,4783.97,39.2357,3.41378,-10.102,1.10011e+17,11,G,125.69188,3.512702295,,,,,0.1621409324071241,0.0506168781985853,G,-26.420018048003712,LLLYVLLFLLLGALLGTLILI,19292.50424414209,1893.0250943268768,29.14518448447525,-0.0997331545981375,LLLYVLLFLLLGALLGTLILI,Mutant
LLLYVLLTLLLGGLLFALILI,LLLYVLLTLLLGILLFALILI,GAS,clash,29.7826,-278.057,54860300000.0,54860300000.0,-58.7757,-278.331,-352.133,4749.1,-49.4948,-15.0264,3859.06,4715.53,57.52,24.6861,3877.95,4701.31,38.5198,9.57471,-9.69791,1.10011e+17,12,G,105.1359,19.01534409,,,,,0.1706652666434263,0.0494441786590488,G,16465286666566.662,LLLYVLLTLLLGGLLFALILI,18729.05916869564,1794.8013736649978,19.982004897047347,0.15419272403578088,LLLYVLLTLLLGGLLFALILI,Mutant
LLLYVLLTLLLGGLLFALILI,LLLYVLLTLLLGGLLAALILI,GAS,void,,,,,,,,,,,3901.22,4617.13,45.3923,29.5062,3877.95,4701.31,134.302,101.598,-9.69791,1.1e+17,15,F,100.2142,22.74599832,3871.7138,3776.352,95.3618,0.0,0.2479782491656027,0.1332464460397445,G,-99.99747317462864,LLLYVLLTLLLGGLLFALILI,18715.393895994694,2427.7214208916125,22.640692096237768,0.07687974151360447,LLLYVLLTLLLGGLLFALILI,Mutant
LLLYVLLTLLLGGLLFALILI,LLLYVLLTALLGGLLFALILI,GAS,void,,,,,,,,,,,3895.83,4656.08,63.4441,30.6634,3877.95,4701.31,116.983,64.0356,-9.69791,1.1e+17,8,L,100.6662,23.34843021,3865.1666,3813.9144,51.2522,0.0,0.2834969710145378,0.2526632743716308,G,12.70628773719399,LLLYVLLTLLLGGLLFALILI,20227.670986969217,1519.1287084166586,68.05173339506901,0.041361019664669374,LLLYVLLTLLLGGLLFALILI,Mutant
LLLVGLLLILLGALLATLILI,LLLVGLLLILLIALLATLILI,GAS,clash,20.8648,-265.553,546251000.0,546251000.0,-58.7586,-264.893,-368.414,4585.13,-50.4418,-44.7627,3762.44,4536.38,58.2793,4.26794,3762.94,4515.44,36.7421,3.96653,-5.24635,1.10011e+17,11,G,125.99986,3.276281629,,,,,0.2995271482239861,0.0851404170059925,G,-42.34457985144077,LLLVGLLLILLGALLATLILI,19342.59097155324,1114.7917786308826,52.96964260714745,0.6395241673477408,LLLVGLLLILLGALLATLILI,Mutant
LLLVGLLLILLGALLATLILI,LLLVGLLLILLGILLATLILI,GAS,clash,20.8636,-264.373,409915000.0,409915000.0,-58.7586,-261.893,-364.014,4520.08,-51.6829,-43.3628,3762.94,4515.44,51.3422,37.4755,3762.94,4515.44,51.3422,37.4755,-5.24635,1.10011e+17,12,A,92.3465,28.86683305,,,,,0.4644572068094301,0.1133065232685298,G,-29.76331672753843,LLLVGLLLILLGALLATLILI,20938.187179971843,990.8501336314388,80.18794304353074,0.47459410876229674,LLLVGLLLILLGALLATLILI,Mutant
LLLVGLLLILLGALLATLILI,LLLVGLLLALLGALLATLILI,GAS,void,,,,,,,,,,,3800.34,4467.42,63.9082,41.6141,3762.94,4515.44,114.186,77.1837,-5.24635,1.1e+17,8,I,89.7155,31.68676368,3758.7259,3685.7563,72.9696,0.0,0.506038590320023,0.1113696346476104,G,-2.679471574109257,LLLVGLLLILLGALLATLILI,22135.912100036072,2732.0552168123486,62.91740942732339,0.43301272525170387,LLLVGLLLILLGALLATLILI,Mutant
LLLVGLLLILLGALLATLILI,LLLVGLLAILLGALLATLILI,GAS,void,,,,,,,,,,,3779.29,4457.16,60.1658,59.7902,3762.94,4515.44,118.048,140.813,-5.24635,1.1e+17,7,L,69.8052,46.13605113,3719.4998,3622.127,97.3728,0.0,0.5686271280887529,0.0150703007215814,G,50.46451745265317,LLLVGLLLILLGALLATLILI,22013.84127997397,1824.5993724579905,82.16015471481576,0.3704241874829739,LLLVGLLLILLGALLATLILI,Mutant
LLLLALLLFVLTYLLSLLILI,LLLLALLLFVLTYLLILLILI,Left,clash,19.5497,-286.051,25157.9,24841.5,-58.9144,-282.226,-369.01,4687.38,-49.9046,-27.8699,3606.97,4703.45,36.8421,5.59276,3599.83,4697.46,42.2829,7.66833,-28.0531,1.10011e+16,15,S,124.12764,4.311395895,,,,,0.2257684375852112,0.0218101663890112,L,22795790908990.91,LLLLALLLFVLTYLLSLLILI,28467.455350215456,510.2032075223171,19.72397049411533,0.08727049781119478,LLLLALLLFVLTYLLSLLILI,Mutant
LLLLALLLFVLTYLLSLLILI,LLLLALLLFVLTYLLSALILI,Left,void,,,,,,,,,,,3607.35,4667.23,44.0058,86.3286,3599.83,4697.46,95.035,157.291,-28.0531,1.1e+16,16,L,43.1342,66.68216661,3521.0214,3442.539,78.4824,2.0,0.2508206847913618,0.0680150534394154,L,-51.62809648950486,LLLLALLLFVLTYLLSLLILI,28232.700638911952,735.1990019710479,16.578497558550193,0.062218250605044156,LLLLALLLFVLTYLLSLLILI,Mutant
LLLLALLLFVLTYLLSLLILI,LLLLALLLIVLTYLLSLLILI,Left,clash,19.4581,-283.065,24781.7,24468.2,-74.3696,-279.322,-388.27,4653.88,-49.8792,-34.5789,3614.04,4670.78,43.8448,40.9936,3599.83,4697.46,114.995,64.3124,-28.0531,1.10011e+16,8,F,90.336,31.21428832,,,,,0.4084293391891224,0.1768440897689337,L,20581608333233.32,LLLLALLLFVLTYLLSLLILI,29300.26115271967,1231.9810806907842,23.174257365754983,-0.0953904037927164,LLLLALLLFVLTYLLSLLILI,Mutant
LLLLALLLFVLTYLLSLLILI,LLLLALLLFVLAYLLSLLILI,Left,void,,,,,,,,,,,3601.02,4676.88,48.6022,85.9516,3599.83,4697.46,76.9503,127.868,-28.0531,1.1e+16,11,T,44.3162,65.98069515,3515.0684,3471.962,43.1064,2.0,0.4530626275380665,0.087040377460621,L,-36.069477722184864,LLLLALLLFVLTYLLSLLILI,29518.434478025283,1091.8725961746093,32.01719837874932,-0.1400236921416605,LLLLALLLFVLTYLLSLLILI,Mutant
LLLLVALLLFLLYLLSTLILI,LLLLVALLLFLLYLLITLILI,Left,clash,19.9081,-286.311,980663000000.0,980663000000.0,-58.9326,-282.273,-369.787,4662.37,-49.664,-28.5812,3736.56,4781.21,41.7438,18.5991,3725.42,4781.57,50.723,25.252,-25.4376,1.10011e+16,15,S,111.1213,14.33783738,,,,,0.2289927558480734,0.1201272990293338,L,99999900.0,LLLLVALLLFLLYLLSTLILI,29603.34838817261,1848.209358344086,11.78004893955482,0.23543542184514957,LLLLVALLLFLLYLLSTLILI,Mutant
LLLLVALLLFLLYLLSTLILI,LLLLVALLLFLLILLSTLILI,Left,clash,19.8161,-281.405,75697200.0,75696900.0,-74.2965,-277.434,-386.461,4618.99,-49.664,-34.7305,3732.65,4636.76,50.1511,23.5398,3725.42,4781.57,157.168,24.5048,-25.4376,1.10011e+16,12,Y,106.2822,18.13236585,,,,,0.2578085937233207,0.1331536476970302,L,17494574999899.99,LLLLVALLLFLLYLLSTLILI,27922.043210257863,1480.7151246832648,28.782623039059825,0.20661958396990227,LLLLVALLLFLLYLLSTLILI,Mutant
LLLLVALLLFLLYLLSTLILI,LLLLVALLLALLYLLSTLILI,Left,void,,,,,,,,,,,3673.99,4707.22,44.0872,62.4022,3725.42,4781.57,128.017,218.173,-25.4376,1.1e+16,9,F,67.2646,48.12504049,3611.5878,3507.247,104.3408,3.0,0.315191449455947,0.084189692807526,L,99999900.0,LLLLVALLLFLLYLLSTLILI,28677.5360248224,892.7858367328713,30.643888971668336,0.14923672823727596,LLLLVALLLFLLYLLSTLILI,Mutant
LLLLALLILLTSLLFVLLILI,LLLLALLILLTILLFVLLILI,Left,clash,17.4215,-281.258,41055.5,40741.8,-58.9887,-279.359,-380.094,4660.07,-49.9222,-41.7457,3826.86,4678.29,53.1314,21.3052,3826.36,4677.8,58.9413,21.4149,-19.9071,1.10011e+17,11,S,108.9626,16.35492424,,,,,0.223639310623207,0.0904432675728859,L,20737682418120.88,LLLLALLILLTSLLFVLLILI,27624.550155118726,1487.9891137735813,23.51859596002078,0.1031546940220959,LLLLALLILLTSLLFVLLILI,Mutant
LLLLALLILLTSLLFVLLILI,LLLAALLILLTSLLFVLLILI,Left,void,,,,,,,,,,,3778.53,4621.65,50.8834,101.286,3826.36,4677.8,111.646,216.806,-19.9071,1.1e+17,3,L,68.4448,59.67449632,3677.244,3609.554,67.69,2.0,0.3324349952871011,0.0673319895512863,L,-6.507475751284784,LLLLALLILLTSLLFVLLILI,28783.63492264785,848.8923667502921,31.079219408633385,-0.0056409906417981825,LLLLALLILLTSLLFVLLILI,Mutant
LLLLALLILLTSLLFVLLILI,LLLLALLIALTSLLFVLLILI,Left,void,,,,,,,,,,,3847.31,4651.79,46.5883,40.6737,3826.36,4677.8,94.6694,101.637,-19.9071,1.1e+17,8,L,90.6559,30.97070272,3806.6363,3724.723,81.9133,2.0,0.4645900846128673,0.1147361942814451,L,99999900.0,LLLLALLILLTSLLFVLLILI,30917.546641063866,1287.4843015716692,31.35836229441649,-0.13779607996756443,LLLLALLILLTSLLFVLLILI,Mutant
LLLLALLFILTYLLAVLLILI,LLLLALLFILTYLLIVLLILI,Left,clash,18.9868,-286.383,114068000.0,114068000.0,-58.8679,-281.537,-366.551,4667.07,-49.8917,-26.146,3790.82,4758.8,42.1322,20.8334,3790.82,4758.8,42.1322,20.8334,-19.7346,1.10011e+17,14,A,109.0534,16.03965915,,,,,0.2260427311231793,0.0472999544605307,L,12766416580787.164,LLLLALLFILTYLLAVLLILI,28882.03334660939,741.5933573405806,15.750077432609212,0.3412085685373686,LLLLALLFILTYLLAVLLILI,Mutant
LLLLALLFILTYLLAVLLILI,LLLLALLFILTILLAVLLILI,Left,clash,18.9431,-279.436,9707.78,9397.4,-58.8679,-274.565,-369.007,4603.62,-49.8917,-35.5738,3795.7,4599.5,59.5879,12.3044,3790.82,4758.8,169.683,12.2498,-19.7346,1.10011e+17,11,Y,117.9634,9.445465418,,,,,0.3498973575464643,0.2552046907431987,L,-33.22134440221783,LLLLALLFILTYLLAVLLILI,29058.059725417224,1323.199886902991,13.856418496198389,0.2173539421140836,LLLLALLFILTYLLAVLLILI,Mutant
LLLLALLFILTYLLAVLLILI,LLLLALLFALTYLLAVLLILI,Left,void,,,,,,,,,,,3811.82,4748.59,44.2543,46.3457,3790.82,4758.8,83.8245,96.3104,-19.7346,1.1e+17,8,I,84.9839,35.28960722,3765.4743,3694.5096,70.9647,2.0,0.526504372089492,0.0452230816032543,L,9957107823137.607,LLLLALLFILTYLLAVLLILI,29863.644228566885,1194.9416064772306,45.67127823961794,0.04074692757105591,LLLLALLFILTYLLAVLLILI,Mutant
LLLLAILLALLFVLTSLLILI,LLLLIILLALLFVLTSLLILI,Left,clash,27.785,-283.697,874.173,568.333,-74.23,-276.642,-384.96,4550.78,-49.9285,-34.0879,3639.74,4628.62,57.4117,33.177,3639.74,4628.62,57.4117,33.177,-19.5332,1.1011e+16,4,A,105.2982,23.95880273,,,,,0.1223799831987371,0.0204631436733155,L,99999900.0,LLLLAILLALLFVLTSLLILI,28924.40404297682,2162.773596822812,8.824643553509222,0.6221895891115857,LLLLAILLALLFVLTSLLILI,Mutant
LLLLAILLALLFVLTSLLILI,LLLLAALLALLFVLTSLLILI,Left,void,,,,,,,,,,,3640.68,4616.03,48.6703,87.6122,3639.74,4628.62,87.9453,157.118,-19.5332,1.1e+16,5,I,42.6826,67.24151693,3553.0678,3482.622,70.4458,2.0,0.3250469388333414,0.1002556313602876,L,-23.75818131910016,LLLLAILLALLFVLTSLLILI,28559.36324409046,1160.7531499379536,20.784212056735065,0.41952263347698143,LLLLAILLALLFVLTSLLILI,Mutant
LLLLAILLALLFVLTSLLILI,LLLLAILAALLFVLTSLLILI,Left,void,,,,,,,,,,,3575.99,4563.95,59.8416,106.672,3639.74,4628.62,122.082,230.973,-19.5332,1.1e+16,7,L,22.9234,82.31156353,3469.318,3408.767,60.551,2.0,0.4531929121099654,0.0109437739393202,L,-18.025681933471088,LLLLAILLALLFVLTSLLILI,29823.04913202218,412.958910093182,36.42817337553728,0.29137666020035746,LLLLAILLALLFVLTSLLILI,Mutant
LLLLAILLALLFVLTSLLILI,LLLLAILLALLFVLTILLILI,Left,clash,24.1986,-284.146,1151150.0,1150840.0,-58.8416,-275.267,-370.478,4577.51,-49.8804,-36.3696,3640.12,4639.88,35.2219,4.16123,3639.74,4628.62,36.3564,4.40225,-19.5332,1.1011e+16,15,S,125.55917,3.207845489,,,,,0.6011298282107649,0.2479570967994855,L,99999900.0,LLLLAILLALLFVLTSLLILI,31163.83479676431,1283.4624949215158,63.49715102270096,0.14343974409955795,LLLLAILLALLFVLTSLLILI,Mutant
LLLLALLLFVLTLLLSILILI,LLLLALLLFVLTALLSILILI,Left,void,,,,,,,,,,,3636.15,4691.36,49.8596,19.6413,3593.3,4773.36,115.642,51.727,-18.878,1.1e+16,12,L,110.1807,15.12940796,3616.5087,3541.573,74.9357,2.0,0.1861678741302219,0.1508713841243189,L,-50.44255471729285,LLLLALLLFVLTLLLSILILI,28286.82981581705,332.36573148483114,6.500144729866908,0.17441462291284232,LLLLALLLFVLTLLLSILILI,Mutant
LLLLALLLFVLTLLLSILILI,LLLLAILLFVLTLLLSILILI,Left,clash,27.1108,-284.1,7480630.0,7480320.0,-74.2451,-277.227,-383.756,4596.18,-49.9413,-32.2844,3629.96,4713.21,50.1715,31.0988,3593.3,4773.36,108.364,55.3969,-18.878,1.10011e+16,5,L,99.196,23.8680285,,,,,0.200760340042833,0.0677439814749374,L,-23.509044268116654,LLLLALLLFVLTLLLSILILI,27731.075204646026,1094.1726707667049,20.33501347564698,0.15982215700023122,LLLLALLLFVLTLLLSILILI,Mutant
LLLLALLLFVLTLLLSILILI,LLLLALLLFVLTLLLIILILI,Left,clash,26.7729,-286.12,7480970.0,7480660.0,-58.9351,-279.288,-379.318,4641.9,-49.9413,-41.0947,3600.17,4773.78,41.5892,13.3988,3593.3,4773.36,48.1166,17.2952,-18.878,1.10011e+16,15,S,116.3216,10.32898449,,,,,0.4608165962615765,0.0024057437535326,L,99999900.0,LLLLALLLFVLTLLLSILILI,30461.92403614226,624.2132201774021,37.5453349924238,-0.10023409921851228,LLLLALLLFVLTLLLSILILI,Mutant
LLLLALLLFVLTLLLSILILI,LLLLALLLAVLTLLLSILILI,Left,void,,,,,,,,,,,3623.48,4645.89,59.6692,28.2522,3593.3,4773.36,153.938,108.684,-18.878,1.1e+16,8,F,103.0774,21.51243893,3595.2278,3484.616,110.6118,2.0,0.5192111559713892,0.0749262817696963,L,13128923322025.914,LLLLALLLFVLTLLLSILILI,30040.121775838143,1001.4978513864536,38.12716547529742,-0.158628658928325,LLLLALLLFVLTLLLSILILI,Mutant
LLLLLLLLFVLATLLSILILI,LLLLLLLLAVLATLLSILILI,Left,void,,,,,,,,,,,3719.39,4578.83,58.6493,43.3254,3676.41,4727.97,162.965,119.074,-18.6513,1.1e+16,8,F,88.0042,32.98982103,3676.0646,3557.336,118.7286,2.0,-0.0067289308043407,0.1764013042513074,L,99999900.0,LLLLLLLLFVLATLLSILILI,28427.269204291373,3511.1043662761444,9.650210084180484,0.2300940769566184,LLLLLLLLFVLATLLSILILI,Mutant
LLLLLLLLFVLATLLSILILI,LLLLLLLLFVLATLLIILILI,Left,clash,22.236,-286.943,286810000.0,286809000.0,-58.9034,-278.515,-380.688,4593.69,-49.6295,-43.2697,3682.09,4722.07,47.3663,37.5949,3676.41,4727.97,57.2818,36.8246,-18.6513,1.10011e+16,15,S,92.1255,28.98148634,,,,,0.1664364603012292,0.0531468546500103,L,-20.787791421337303,LLLLLLLLFVLATLLSILILI,28009.4560418318,195.71588730124824,10.537523502894452,0.056928685851048516,LLLLLLLLFVLATLLSILILI,Mutant
LLLLLLLLFVLATLLSILILI,LLLLALLLFVLATLLSILILI,Left,void,,,,,,,,,,,3734.68,4689.14,58.137,32.4669,3676.41,4727.97,111.824,72.0749,-18.6513,1.1e+16,4,L,106.0083,23.44600333,3702.2131,3604.3351,97.878,2.0,0.2398096828792719,0.0101198394407355,L,-48.85705684459734,LLLLLLLLFVLATLLSILILI,28291.28070819261,570.8956630222663,20.196230547645307,-0.016444536726994197,LLLLLLLLFVLATLLSILILI,Mutant
LLLLLLLLFVLATLLSILILI,LLLLLLLLFVLITLLSILILI,Left,clash,22.1735,-288.981,286815000.0,286815000.0,-74.1441,-280.633,-395.151,4595.25,-49.6295,-40.3739,3676.41,4727.97,48.5457,19.0605,3676.41,4727.97,48.5457,19.0605,-18.6513,1.10011e+16,11,A,111.2073,14.63178161,,,,,0.3015879074126399,0.1670328384060287,L,14829795214510.592,LLLLLLLLFVLATLLSILILI,28393.88635057464,1344.779090479106,15.004367833824336,-0.0782227612603622,LLLLLLLLFVLATLLSILILI,Mutant
LLLLAALVFLLTSLILLLILI,LLLLAALVFLLTSLIALLILI,Left,void,,,,,,,,,,,3494.33,4558.42,50.1187,1.93011,3474.81,4598.99,106.432,28.6293,-18.3792,1.1e+16,15,L,127.79029,1.48790013,3492.39989,3446.1807,46.21919,3.0,0.2348575765877736,0.032699496033005,L,-36.49599061167768,LLLLAALVFLLTSLILLLILI,28578.992531426025,239.7642915937998,17.315211958213364,0.10243047761935783,LLLLAALVFLLTSLILLLILI,Mutant
LLLLAALVFLLTSLILLLILI,LLLLAALVFLLISLILLLILI,Left,clash,33.7615,-276.225,2114290000000.0,2114290000000.0,-60.4745,-274.388,-372.275,4620.37,-47.5999,-37.4126,3487.06,4597.9,42.4273,71.8838,3474.81,4598.99,62.9876,103.632,-18.3792,1.1011e+16,11,T,58.384,55.18155676,,,,,0.2462408074622502,0.106858613993595,L,13819299708333.64,LLLLAALVFLLTSLILLLILI,28083.79563790296,1007.9902756234818,13.957819928089991,0.09104724674488124,LLLLAALVFLLTSLILLLILI,Mutant
LLLLAALVFLLTSLILLLILI,LLLLAALVFLLTILILLLILI,Left,clash,33.762,-277.405,2114290000000.0,2114290000000.0,-58.9371,-275.566,-368.7,4631.65,-49.9308,-34.1976,3475.44,4596.2,43.3731,4.93909,3474.81,4598.99,51.4275,4.86645,-18.3792,1.1011e+16,12,S,124.88291,3.804509251,,,,,0.4258085780140832,0.016068619153526,L,-54.03120405484779,LLLLAALVFLLTSLILLLILI,28850.21670342214,1730.1631548745588,35.75075375758887,-0.0885205238069518,LLLLAALVFLLTSLILLLILI,Mutant
LLLLAALVFLLTSLILLLILI,LLLLAALVALLTSLILLLILI,Left,void,,,,,,,,,,,3504.19,4530.4,52.8155,10.774,3474.81,4598.99,133.661,71.7167,-18.3792,1.1e+16,8,F,120.5556,8.203786504,3493.416,3403.0933,90.3227,3.0,0.5281253456489661,2.9837692002447954e-05,L,-35.811821228077804,LLLLAALVFLLTSLILLLILI,29468.171277366888,1936.3085714244544,43.1905176258455,-0.19083729144183464,LLLLAALVFLLTSLILLLILI,Mutant
LLLLALLLLFLTVLLSILILI,LLLLILLLLFLTVLLSILILI,Left,clash,27.2525,-289.63,3983.88,3671.85,-74.3063,-280.593,-395.814,4590.73,-49.6537,-40.9146,3652.7,4593.9,42.269,6.42642,3652.7,4593.9,42.269,6.42642,-17.0934,1.10011e+16,4,A,132.04878,4.640845437,,,,,0.1613283089574591,0.1512117790898926,L,99999900.0,LLLLALLLLFLTVLLSILILI,27909.78716032203,429.0822491249856,4.4491426704899775,0.0548681893013383,LLLLALLLLFLTVLLSILILI,Mutant
LLLLALLLLFLTVLLSILILI,LLLLAALLLFLTVLLSILILI,Left,void,,,,,,,,,,,3645.11,4588.63,47.7271,94.224,3652.7,4593.9,89.8094,166.999,-17.0934,1.1e+16,5,L,36.0708,72.31600954,3550.886,3485.701,65.185,3.0,0.3270239807956663,0.1360835170067983,L,-40.45511771086391,LLLLALLLLFLTVLLSILILI,28868.04458809288,797.810291069902,18.874125934799444,-0.11082748253686892,LLLLALLLLFLTVLLSILILI,Mutant
LLLLALLLLFLTVLLSILILI,LLLLALLLLFLTVLLIILILI,Left,clash,25.1836,-287.769,729537000000.0,729537000000.0,-58.9482,-279.223,-380.246,4618.42,-49.6537,-42.0751,3653.38,4597.16,41.4233,19.3932,3652.7,4593.9,47.7652,19.6671,-17.0934,1.10011e+16,15,S,110.3272,14.95000015,,,,,0.3770062507239424,0.0495762980529316,L,20581608333233.32,LLLLALLLLFLTVLLSILILI,28800.035297208065,1291.3962353012544,27.96387228487443,-0.160809752465145,LLLLALLLLFLTVLLSILILI,Mutant
LLLLAILLAVLFTLLSLLILI,LLLLIILLAVLFTLLSLLILI,Left,clash,29.5179,-283.978,4655.63,4351.55,-74.1383,-276.655,-385.073,4538.58,-49.6224,-34.2802,3603.97,4635.32,55.1861,28.3729,3603.97,4635.32,55.1861,28.3729,-16.9599,1.10011e+16,4,A,110.1023,20.48951726,,,,,0.0659013480533914,0.1407883496211229,L,99999900.0,LLLLAILLAVLFTLLSLLILI,28576.61430731211,2772.5187600801173,13.530400441672889,0.2643919695089485,LLLLAILLAVLFTLLSLLILI,Mutant
LLLLAILLAVLFTLLSLLILI,LLLLAALLAVLFTLLSLLILI,Left,void,,,,,,,,,,,3580.14,4598.27,58.4016,106.983,3603.97,4635.32,104.041,188.471,-16.9599,1.1e+16,5,I,23.3118,82.10841876,3473.157,3415.499,57.658,3.0,0.2247738546855718,0.1083036423113097,L,-46.011881093553534,LLLLAILLAVLFTLLSLLILI,28350.94912176369,309.7232775104696,12.118745893042956,0.10551946287676814,LLLLAILLAVLFTLLSLLILI,Mutant
LLLLAILLAVLFTLLSLLILI,LLLLAILLAVLFTLLILLILI,Left,clash,27.0159,-282.172,1160590.0,1160290.0,-58.8708,-275.27,-370.404,4566.56,-49.6224,-36.2632,3604.59,4648.07,33.2901,5.6971,3603.97,4635.32,34.0143,5.59279,-16.9599,1.10011e+16,15,S,124.0233,4.391830429,,,,,0.2649374986466117,0.0237918037399817,L,99999900.0,LLLLAILLAVLFTLLSLLILI,29257.112576196727,1098.3409612693763,23.041709080879446,0.06535581891572823,LLLLAILLAVLFTLLSLLILI,Mutant
LLLLAILLAVLFTLLSLLILI,LLLLAILLAVLFTLLSALILI,Left,void,,,,,,,,,,,3585.66,4615.15,41.6228,83.1558,3603.97,4635.32,89.6375,177.414,-16.9599,1.1e+16,16,L,46.307,64.23142401,3502.5042,3426.556,75.9482,3.0,0.4559300775848701,0.1249602791382984,L,4.1291708134299085,LLLLAILLAVLFTLLSLLILI,29340.789474296027,1531.235208939932,30.058955863954008,-0.12563676002253016,LLLLAILLAVLFTLLSLLILI,Mutant
LLLFALLTILLSLLYVLLILI,LLLFILLTILLSLLYVLLILI,Left,clash,24.1499,-287.397,6476810.0,6476500.0,-74.3733,-283.076,-381.814,4701.82,-54.1488,-24.3645,3723.98,4698.86,42.0516,8.3687,3723.98,4698.86,42.0516,8.3687,-16.7599,1.10011e+17,4,A,130.1065,6.043464823,,,,,0.2040061436965273,0.1688050897145681,L,99999900.0,LLLFALLTILLSLLYVLLILI,29795.47907810187,2447.151108717133,6.921889888179631,-0.12095888843816181,LLLFALLTILLSLLYVLLILI,Mutant
LLLFALLTILLSLLYVLLILI,LLLAALLTILLSLLYVLLILI,Left,void,,,,,,,,,,,3668.54,4578.29,53.5214,110.266,3723.98,4698.86,152.248,267.452,-16.7599,1.1e+17,3,F,59.4648,64.96522729,3558.274,3456.528,101.746,2.0,0.2102331534889324,0.0799877098239809,L,-19.184394319073565,LLLFALLTILLSLLYVLLILI,27936.8105820958,761.4890986378765,12.567024751790456,-0.12718589823056692,LLLFALLTILLSLLYVLLILI,Mutant
LLLFALLTILLSLLYVLLILI,LLLFALLTILLSLLAVLLILI,Left,void,,,,,,,,,,,3753.99,4557.15,48.1617,31.0148,3723.98,4698.86,157.516,142.332,-16.7599,1.1e+17,14,Y,98.872,23.87833098,3722.9752,3581.648,141.3272,2.0,0.277945083904585,0.2362084572163189,L,-38.64230333366815,LLLFALLTILLSLLYVLLILI,28671.54472124548,1031.2984846843904,9.07080429679341,-0.19489782864621952,LLLFALLTILLSLLYVLLILI,Mutant
LLLVALLTILLALLFSLLILI,LLLVILLTILLALLFSLLILI,Left,clash,24.3139,-280.099,4039310.0,4039000.0,-74.2187,-276.701,-387.062,4564.22,-49.8579,-36.1425,3715.19,4643.39,47.3712,14.419,3715.19,4643.39,47.3712,14.419,-15.9385,1.10011e+17,4,A,121.58745,6.663465569,,,,,0.2119505982057495,0.1192096173859819,L,15672106249899.988,LLLVALLTILLALLFSLLILI,27862.936404397515,987.734251337646,10.43944854732178,0.1563090112573616,LLLVALLTILLALLFSLLILI,Mutant
LLLVALLTILLALLFSLLILI,LLLVALLTILLILLFSLLILI,Left,clash,21.5899,-280.404,1971.07,1662.52,-74.2306,-277.274,-386.191,4602.93,-49.7389,-34.6855,3715.19,4643.39,51.5738,18.791,3715.19,4643.39,51.5738,18.791,-15.9385,1.10011e+17,11,A,121.58745,6.663465569,,,,,0.2717843706142163,0.0018744336712771,L,99999900.0,LLLVALLTILLALLFSLLILI,28372.421742965093,736.8227010359805,22.33424756152222,0.0964752388488948,LLLVALLTILLALLFSLLILI,Mutant
LLLVALLTILLALLFSLLILI,LLLVALLTALLALLFSLLILI,Left,void,,,,,,,,,,,3741.85,4629.78,48.3035,60.9063,3715.19,4643.39,87.9579,115.659,-15.9385,1.1e+17,8,I,70.4233,46.37667365,3680.9437,3599.531,81.4127,3.0,0.2733021087208776,0.07020415470987,L,-46.30059316032739,LLLVALLTILLALLFSLLILI,28535.13912545733,745.8609662108279,26.409561591445325,0.09495750074223347,LLLVALLTILLALLFSLLILI,Mutant
LLLVALLTILLALLFSLLILI,LLLVALLTILAALLFSLLILI,Left,void,,,,,,,,,,,3655.95,4580.87,60.4583,107.252,3715.19,4643.39,118.256,224.803,-15.9385,1.1e+17,10,L,21.3194,83.41824076,3548.698,3490.387,58.311,3.0,0.3304185318674772,0.0777083125449977,L,-61.9201728636594,LLLVALLTILLALLFSLLILI,28795.985723855378,771.449560311361,22.527296674241352,0.037841077595633876,LLLVALLTILLALLFSLLILI,Mutant
LLLYALLFVLTALLLSLLILI,LLLYILLFVLTALLLSLLILI,Left,clash,34.5858,-284.083,715735.0,715435.0,-74.144,-280.711,-373.148,4689.92,-49.8826,-18.2933,3723.0,4774.55,47.1275,17.8597,3723.0,4774.55,47.1275,17.8597,-14.4827,1.10011e+17,4,A,123.31882,5.334380407,,,,,0.1966566415489391,0.0690200103514355,L,99999900.0,LLLYALLFVLTALLLSLLILI,28039.16675279042,406.48700104311615,12.090983187459337,0.24771107424327368,LLLYALLFVLTALLLSLLILI,Mutant
LLLYALLFVLTALLLSLLILI,LLLYALLFVLTALLASLLILI,Left,void,,,,,,,,,,,3767.08,4734.36,45.8547,16.8746,3723.0,4774.55,101.8,49.1018,-14.4827,1.1e+17,14,L,113.0122,12.99177438,3750.2054,3673.8982,76.3072,2.0,0.306643714411992,0.0275094928918801,L,-52.17123307222029,LLLYALLFVLTALLLSLLILI,28604.14750955113,741.5252089182978,23.485820094289974,0.13772400138022078,LLLYALLFVLTALLLSLLILI,Mutant
LLLYALLFVLTALLLSLLILI,LLLAALLFVLTALLLSLLILI,Left,void,,,,,,,,,,,3549.38,4590.55,57.999,115.556,3723.0,4774.55,177.731,348.257,-14.4827,1.1e+17,3,Y,54.1748,68.08192738,3433.824,3374.743,59.081,2.0,0.3699168867956366,0.032369222174718,L,-36.05935483939107,LLLYALLFVLTALLLSLLILI,29149.195541955203,575.7486877483091,28.37912850797165,0.07445082899657618,LLLYALLFVLTALLLSLLILI,Mutant
LLLYALLFVLTALLLSLLILI,LLLYALLFVLTILLLSLLILI,Left,clash,30.0951,-284.722,162556.0,162252.0,-74.144,-281.471,-372.41,4737.25,-49.8826,-16.7947,3723.0,4774.55,40.6018,6.94898,3723.0,4774.55,40.6018,6.94898,-14.4827,1.10011e+17,11,A,123.31882,5.334380407,,,,,0.3734440506560439,0.1302234405723847,L,-49.090629705947634,LLLYALLFVLTALLLSLLILI,28557.28431406946,1838.1677209958384,23.00910669357423,0.07092366513616888,LLLYALLFVLTALLLSLLILI,Mutant
LLLLALLFILVTLLLSLLILI,LLLLALLFILVTLLISLLILI,Left,clash,30.4021,-281.657,3866.88,3565.72,-74.3007,-276.713,-383.962,4591.17,-49.9089,-32.9483,3688.13,4644.48,45.1082,16.4038,3656.13,4676.82,97.8071,47.8466,-13.0023,1.10011e+17,14,L,113.483,12.6293049,,,,,0.2213918682499518,0.1070675457949619,L,-37.993783799925644,LLLLALLFILVTLLLSLLILI,28382.95055572145,223.55100618406044,11.913653199959803,-0.026699650159418914,LLLLALLFILVTLLLSLLILI,Mutant
LLLLALLFILVTLLLSLLILI,LLLLALLFILVILLLSLLILI,Left,clash,30.405,-282.507,28608.7,28311.5,-60.4611,-277.577,-382.38,4656.91,-45.1548,-44.3426,3665.7,4667.16,39.9059,12.9577,3656.13,4676.82,60.9228,22.1558,-13.0023,1.10011e+17,11,T,117.3101,9.946970779,,,,,0.3469092694660974,0.2235029235422252,L,18998407692207.707,LLLLALLFILVTLLLSLLILI,28964.557468769308,1251.663034423446,15.445229080211533,-0.15221705137556452,LLLLALLFILVTLLLSLLILI,Mutant
LLLLALLFILVTLLLSLLILI,LLLLALLAILVTLLLSLLILI,Left,void,,,,,,,,,,,3690.26,4534.19,52.5555,28.4176,3656.13,4676.82,158.46,75.2729,-13.0023,1.1e+17,7,F,101.1778,21.9279388,3661.8424,3580.8571,80.9853,3.0,0.3603557403239057,0.036516563645645,L,-39.46217301624556,LLLLALLFILVTLLLSLLILI,28816.08505169952,1020.00431537693,31.58059329554436,-0.16566352223337283,LLLLALLFILVTLLLSLLILI,Mutant
LLLLALLFILVTLLLSLLILI,LLLLALLFALVTLLLSLLILI,Left,void,,,,,,,,,,,3664.63,4659.71,45.0898,62.9275,3656.13,4676.82,86.807,127.526,-13.0023,1.1e+17,8,I,68.4021,47.91570217,3601.7025,3528.604,73.0985,3.0,0.3820838634592187,0.0452372784655804,L,-18.27438332448465,LLLLALLFILVTLLLSLLILI,29037.680128109285,914.0933734979552,33.86174507536764,-0.1873916453686858,LLLLALLFILVTLLLSLLILI,Mutant
LLLLWTLIALLLVLFSLLILI,LLLLWTLIILLLVLFSLLILI,Left,clash,51.9618,-294.623,123437.0,123149.0,-60.4594,-284.838,-384.206,4659.83,-45.1053,-38.9088,3614.7,4647.7,44.7549,18.0376,3614.7,4647.7,44.7549,18.0376,-12.8213,1.1011e+16,8,A,113.292,13.73460362,,,,,0.1986647684429757,0.0773611049351486,L,22452663636263.64,LLLLWTLIALLLVLFSLLILI,28166.903006990924,217.46703833129405,11.772875286425094,-0.315366522405012,LLLLWTLIALLLVLFSLLILI,Mutant
LLLLWTLIALLLVLFSLLILI,LLLLWTLIALLLVLFILLILI,Left,clash,51.827,-292.595,168164.0,167878.0,-45.1053,-282.866,-369.611,4653.99,-45.1053,-41.6394,3625.26,4651.27,41.3241,9.95081,3614.7,4647.7,45.9665,13.2947,-12.8213,1.1011e+16,15,S,119.76959,7.670967712,,,,,0.2919124439476692,0.0060242242837865,L,22795790908990.91,LLLLWTLIALLLVLFSLLILI,28142.763042713214,1340.4228044526876,23.52352842709473,-0.4086141979097055,LLLLWTLIALLLVLFSLLILI,Mutant
LLLLWTLIALLLVLFSLLILI,LLLLATLIALLLVLFSLLILI,Left,void,,,,,,,,,,,3670.29,4612.03,54.6436,28.7404,3614.7,4647.7,135.871,97.0881,-12.8213,1.1e+16,4,W,109.7348,20.75490774,3641.5496,3517.6119,123.9377,3.0,0.3358530124094839,0.2056099191504852,L,-28.65976730236608,LLLLWTLIALLLVLFSLLILI,28940.070309543786,1093.2861001274723,15.575746664499668,-0.4525547663715202,LLLLWTLIALLLVLFSLLILI,Mutant
LLLLWTLIALLLVLFSLLILI,LLLLWTLIALLLVLASLLILI,Left,void,,,,,,,,,,,3566.49,4540.83,45.8378,88.1601,3614.7,4647.7,141.701,235.458,-12.8213,1.1e+16,14,F,41.7267,67.87456462,3478.3299,3379.242,99.0879,3.0,0.3616829086510845,0.0699123340488799,L,-28.639624022131454,LLLLWTLIALLLVLFSLLILI,29130.52996372225,571.7702781073566,25.534826532581985,-0.4783846626131208,LLLLWTLIALLLVLFSLLILI,Mutant
LLLLAVLLFILALLLSTLILI,LLLLAVLLFILILLLSTLILI,Left,clash,28.7658,-283.455,4591920000.0,4591920000.0,-74.1919,-277.243,-383.557,4603.19,-49.6038,-32.1221,3610.49,4598.31,46.781,5.92204,3610.49,4598.31,46.781,5.92204,-12.483,1.10011e+16,11,A,124.34576,4.546050521,,,,,0.0544671668807356,0.0089052361923892,L,99999900.0,LLLLAVLLFILALLLSTLILI,27365.33802997393,613.1643758063665,3.939241661655859,0.35840312296364907,LLLLAVLLFILALLLSTLILI,Mutant
LLLLAVLLFILALLLSTLILI,LLLLAVLLFILAALLSTLILI,Left,void,,,,,,,,,,,3607.89,4594.8,44.8937,80.6474,3610.49,4598.31,83.3926,145.89,-12.483,1.1e+16,12,L,49.1746,62.12152024,3527.2426,3464.6,62.6426,3.0,0.22747249955474,0.0639355923671398,L,-26.45977420751568,LLLLAVLLFILALLLSTLILI,28015.361762496264,818.4094702306342,14.905037065353037,0.18539779028964468,LLLLAVLLFILALLLSTLILI,Mutant
LLLLAVLLFILALLLSTLILI,LLLLAVLLAILALLLSTLILI,Left,void,,,,,,,,,,,3667.81,4511.21,51.3194,26.8617,3610.49,4598.31,139.455,84.8978,-12.483,1.1e+16,8,F,104.4679,20.45365249,3640.9483,3525.5922,115.3561,3.0,0.5525237285659161,0.2653236294697078,L,-43.29577707527974,LLLLAVLLFILALLLSTLILI,30292.767922131425,1412.3507249292225,60.526491338870805,-0.13965343872153146,LLLLAVLLFILALLLSTLILI,Mutant
LLLLAVLLFILALLLSTLILI,LLLLIVLLFILALLLSTLILI,Left,clash,31.7599,-283.176,4591900000.0,4591900000.0,-74.1946,-276.95,-382.063,4612.89,-49.6038,-30.919,3610.49,4598.31,57.6923,38.1372,3610.49,4598.31,57.6923,38.1372,-12.483,1.10011e+16,4,A,124.34576,4.546050521,,,,,0.8133557538794692,0.2483264437045364,L,22795790908990.91,LLLLAVLLFILALLLSTLILI,32817.9934778438,1561.934610653047,52.154644385271496,-0.40048546403508456,LLLLAVLLFILALLLSTLILI,Mutant
LLLYWLLTVLFLLLASLLILI,LLLYALLTVLFLLLASLLILI,Left,void,,,,,,,,,,,3919.27,4712.33,54.8839,38.6924,3839.77,4904.26,189.227,114.461,-12.368,1.1e+17,4,W,99.7828,27.94175419,3880.5776,3725.309,155.2686,3.0,0.1966531837480694,0.105242725908283,L,-29.811782310334166,LLLYWLLTVLFLLLASLLILI,27732.595164124625,989.4689602467848,9.996105445601062,0.02770751678717631,LLLYWLLTVLFLLLASLLILI,Mutant
LLLYWLLTVLFLLLASLLILI,LLLYWLLTVLFLLLISLLILI,Left,clash,56.2334,-294.385,1598020000000.0,1598020000000.0,-74.1645,-290.7,-379.248,4783.54,-49.6333,-14.3835,3839.77,4904.26,36.9925,7.43112,3839.77,4904.26,36.9925,7.43112,-12.368,1.10011e+17,14,A,122.45568,5.721228023,,,,,0.2139760434973341,0.1014498645322004,L,18177887662933.445,LLLYWLLTVLFLLLASLLILI,27558.162043784807,1498.909070534767,11.632050254551638,0.01038465703791161,LLLYWLLTVLFLLLASLLILI,Mutant
LLLYWLLTVLFLLLASLLILI,LLLYWLLTVLFILLASLLILI,Left,clash,56.2296,-290.325,1598020000000.0,1598020000000.0,-74.1645,-286.624,-368.917,4738.84,-49.6333,-8.12858,3845.34,4859.76,50.625,6.9293,3839.77,4904.26,104.551,11.7755,-12.368,1.10011e+17,11,L,123.3385,5.319273067,,,,,0.2473145697953278,0.086885022143372,L,7638353588859.291,LLLYWLLTVLFLLLASLLILI,28088.959309044272,970.8975235272572,15.200611587912096,-0.022953869260082083,LLLYWLLTVLFLLLASLLILI,Mutant
LLLLFVLLLLLATLISLLILI,LLLLFVLLILLATLISLLILI,Left,clash,27.9165,-282.919,2056.09,1751.5,-74.1181,-275.0,-381.622,4559.67,-49.5884,-32.5034,3687.78,4618.21,54.2781,29.1288,3673.22,4682.12,114.198,28.5208,-12.3423,1.1011e+16,8,L,102.2008,22.17991984,,,,,0.1052054237541212,0.0281492556137166,L,-62.57375891415036,LLLLFVLLLLLATLISLLILI,27094.822623785585,927.1535831763896,6.975697397508558,0.1961502882246918,LLLLFVLLLLLATLISLLILI,Mutant
LLLLFVLLLLLATLISLLILI,LLLLFVLALLLATLISLLILI,Left,void,,,,,,,,,,,3637.53,4645.74,52.0431,95.4707,3673.22,4682.12,105.132,202.001,-12.3423,1.1e+16,7,L,34.1247,73.66827835,3542.0593,3471.219,70.8403,2.0,0.2419945125603148,0.0720153565711974,L,-45.08616282792814,LLLLFVLLLLLATLISLLILI,27883.37108291141,1263.11932042654,23.95403692434379,0.05936119941849821,LLLLFVLLLLLATLISLLILI,Mutant
LLLLFVLLLLLATLISLLILI,LLLLAVLLLLLATLISLLILI,Left,void,,,,,,,,,,,3722.43,4597.15,44.423,30.8518,3673.22,4682.12,128.81,113.446,-12.3423,1.1e+16,4,F,107.6234,22.2796573,3691.5782,3559.774,131.8042,2.0,0.277597960528272,0.1184572363256823,L,-63.689745299847125,LLLLAVLLFLLATLISLLILI,28491.930112033748,743.0053523786974,15.85143520507363,0.023757751450540987,LLLLFVLLLLLATLISLLILI,Mutant
LLLLFVLLLLLATLISLLILI,LLLLFVLLLLLATLIILLILI,Left,clash,27.9316,-284.947,881.663,575.06,-58.858,-278.57,-377.992,4632.44,-49.5884,-40.5645,3678.06,4678.7,44.1258,28.0306,3673.22,4682.12,53.8249,27.2191,-12.3423,1.1011e+16,15,S,101.6898,21.60847484,,,,,0.3588562010228261,0.2203686811748652,L,99999900.0,LLLLFVLLLLLATLISLLILI,29952.00271474829,1118.1229545424987,16.603458756372387,-0.057500489044013114,LLLLFVLLLLLATLISLLILI,Mutant
LLLYFLLAILVTLLLSLLILI,LLLYFLLAILVILLLSLLILI,Left,clash,47.4544,-286.372,542964000.0,542964000.0,-60.3786,-281.76,-366.926,4726.4,-45.0686,-24.7872,3767.05,4723.96,49.4308,24.8795,3755.49,4747.18,78.4653,38.6303,-11.7583,1.10011e+17,11,T,105.3883,19.09873353,,,,,0.130402805689605,0.035045104509239,L,-64.83283637643719,LLLYFLLAILVTLLLSLLILI,27537.56213469039,512.2429420821962,8.637521745598551,0.030920965744758805,LLLYFLLAILVTLLLSLLILI,Mutant
LLLYFLLAILVTLLLSLLILI,LLLYFLLAALVTLLLSLLILI,Left,void,,,,,,,,,,,3747.71,4721.79,46.9023,89.8183,3755.49,4747.18,91.023,166.101,-11.7583,1.1e+17,8,I,41.5113,68.39151265,3657.8917,3589.389,68.5027,3.0,0.1594103383250707,0.0913808944924035,L,22452663636263.64,LLLYFLLAILVTLLLSLLILI,27524.20197659096,862.3021033260153,7.75204381173039,0.0019134331092930945,LLLYFLLAILVTLLLSLLILI,Mutant
LLLYFLLAILVTLLLSLLILI,LLLYFLLAILVTLLASLLILI,Left,void,,,,,,,,,,,3795.06,4713.61,55.684,20.6298,3755.49,4747.18,109.073,47.0193,-11.7583,1.1e+17,14,L,109.257,15.88290727,3774.4302,3708.4707,65.9595,3.0,0.1795528630791995,0.0746345139438101,L,-30.425174573374424,LLLYFLLAILVTLLLSLLILI,28043.054081818125,199.77732864133355,10.367617018742576,-0.018229091644835688,LLLYFLLAILVTLLLSLLILI,Mutant
LLLLAVLLALLLILLSTLILI,LLLLAVLLAALLILLSTLILI,Left,void,,,,,,,,,,,3622.44,4534.83,41.1476,78.9125,3641.85,4552.52,89.408,176.01,-11.7216,1.1e+16,9,L,50.7543,60.85790657,3543.5275,3465.84,77.6875,2.0,0.1181595459184304,0.0028132441800139,L,-56.61534124007596,LLLLAVLLALLLILLSTLILI,27587.62051751992,512.4961089769103,9.50012002052893,-0.010203236731128204,LLLLAVLLALLLILLSTLILI,Mutant
LLLLAVLLALLLILLSTLILI,LLLLAVLLALLLILLITLILI,Left,clash,27.2599,-282.24,99120.8,98816.2,-58.8692,-274.253,-387.456,4582.08,-49.5982,-54.3335,3650.96,4550.47,44.4418,31.1928,3641.85,4552.52,53.5825,28.6581,-11.7216,1.10011e+16,15,S,98.5276,24.04617932,,,,,0.172953472949842,0.2119022697832285,L,99999900.0,LLLLAVLLALLLILLSTLILI,27573.620279352017,1280.3809966127585,1.8903648220947025,-0.0649971637625398,LLLLAVLLALLLILLSTLILI,Mutant
LLLLAVLLALLLILLSTLILI,LLLLIVLLALLLILLSTLILI,Left,clash,29.7132,-284.046,101231.0,100927.0,-74.2561,-275.978,-402.052,4566.02,-49.5982,-51.8176,3641.85,4552.52,56.9911,33.7311,3641.85,4552.52,56.9911,33.7311,-11.7216,1.10011e+16,4,A,104.7441,24.35894658,,,,,0.2110669838362339,0.0317252772271669,L,99999900.0,LLLLAVLLALLLILLSTLILI,29374.839212333984,1805.080204384843,15.4260104224387,-0.1031106746489317,LLLLAVLLALLLILLSTLILI,Mutant
LLLLAVLLALLLILLSTLILI,LLLLAVLLALLAILLSTLILI,Left,void,,,,,,,,,,,3687.99,4531.65,48.3445,23.8312,3641.85,4552.52,96.9429,53.517,-11.7216,1.1e+16,11,L,106.4366,18.29400665,3664.1588,3588.333,75.8258,2.0,0.3332908369846485,0.0038107143971228,L,-42.312493506154205,LLLLAVLLALLLILLSTLILI,28873.049257821305,612.8878609688825,27.47606146529627,-0.2253345277973463,LLLLAVLLALLLILLSTLILI,Mutant
LLLLLLLLFILAVLLSTLILI,LLLLALLLFILAVLLSTLILI,Left,void,,,,,,,,,,,3668.66,4624.41,52.9296,15.8069,3631.69,4676.05,111.414,65.5177,-10.8518,1.1e+16,4,L,122.6683,11.41496817,3652.8531,3566.1723,86.6808,2.0,0.2255692232428157,0.0082107114585819,L,-56.33263848515555,LLLLYLLLFILAVLLSTLILI,28033.30908493413,763.9175237445446,17.971708344642177,0.0463885002727078,LLLLLLLLFILAVLLSTLILI,Mutant
LLLLLLLLFILAVLLSTLILI,LLLLLLLLFILIVLLSTLILI,Left,clash,28.1466,-287.028,1284310000.0,1284310000.0,-74.2965,-280.939,-395.863,4599.4,-49.66,-40.6277,3631.69,4676.05,48.7412,22.6648,3631.69,4676.05,48.7412,22.6648,-10.8518,1.10011e+16,11,A,107.603,17.39862038,,,,,0.2492714148373717,0.0569520664900797,L,22452663636263.64,LLLLLLLLFILAVLLSTLILI,27940.516829897904,1208.0962723542798,17.091524313657004,0.0226863086781518,LLLLLLLLFILAVLLSTLILI,Mutant
LLLLLLLLFILAVLLSTLILI,LLLLLLLLAILAVLLSTLILI,Left,void,,,,,,,,,,,3674.13,4518.87,61.6635,45.5562,3631.69,4676.05,163.091,110.624,-10.8518,1.1e+16,8,F,85.7734,34.688448,3628.5738,3521.066,107.5078,2.0,0.4570528729265655,0.1264883354049623,L,99999900.0,LLLLLLLLFILAVLLSTLILI,30609.640371044803,1338.39751602092,44.690905594545846,-0.185095149411042,LLLLLLLLFILAVLLSTLILI,Mutant
LLLLWVLLFLLAILTSLLILI,LLLLWVLLALLAILTSLLILI,Left,void,,,,,,,,,,,3652.04,4534.95,39.8544,19.9832,3592.54,4629.72,130.896,83.9426,-10.4562,1.1e+16,8,F,111.3464,15.21606706,3632.0568,3508.5974,123.4594,2.0,0.0431144817924529,0.0022838213413941,L,13481863993717.21,LLLLWVLLFLLAILTSLLILI,27637.6261472838,1098.9851959225596,3.6578593198432094,0.08949530236959552,LLLLWVLLFLLAILTSLLILI,Mutant
LLLLWVLLFLLAILTSLLILI,LLLLWVLLFLLAILTILLILI,Left,clash,45.2337,-290.074,37599000000.0,37599000000.0,-58.919,-281.294,-373.702,4667.14,-49.7177,-33.4894,3597.23,4625.96,42.65,22.9588,3592.54,4629.72,52.3564,22.6786,-10.4562,1.1011e+16,15,S,106.7616,17.69868116,,,,,0.0584802771238181,0.0488845568412944,L,-30.3586173415934,LLLLWVLLFLLAILTSLLILI,27069.655389375315,476.2276493976886,1.9556015838963177,0.07412950703823032,LLLLWVLLFLLAILTSLLILI,Mutant
LLLLWVLLFLLAILTSLLILI,LLLLAVLLFLLAILTSLLILI,Left,void,,,,,,,,,,,3648.08,4596.32,55.5374,42.9841,3592.54,4629.72,133.658,94.4855,-10.4562,1.1e+16,4,W,95.4911,31.04100951,3605.0959,3498.0545,107.0414,2.0,0.2892058334071986,0.0415562581340867,L,-67.49449585976373,LLLLWVLLFLLAILTSLLILI,28405.99300387543,916.831225024486,26.053551468253254,-0.15659604924515017,LLLLWVLLFLLAILTSLLILI,Mutant
LLLLWALLFVLATLLSLLILI,LLLLWILLFVLATLLSLLILI,Left,clash,45.6358,-289.38,26787200.0,26786900.0,-74.2018,-280.723,-383.213,4607.8,-49.6843,-28.288,3652.96,4656.6,33.8153,86.031,3652.96,4656.6,33.8153,86.031,-10.1018,1.10011e+16,5,A,115.1401,11.61277,,,,,0.1889375056654942,0.0545166883090145,L,-71.42284456913302,LLLLWALLFVLATLLSLLILI,27928.56505299077,499.5176470294508,12.29839241550607,-0.004379687108893887,LLLLWALLFVLATLLSLLILI,Mutant
LLLLWALLFVLATLLSLLILI,LLLLWALLAVLATLLSLLILI,Left,void,,,,,,,,,,,3666.01,4519.18,49.6596,44.4902,3652.96,4656.6,151.377,148.177,-10.1018,1.1e+16,8,F,86.8394,33.8767498,3621.5198,3504.783,116.7368,2.0,0.2366319854476591,0.0510161380920209,L,17775156358375.047,LLLLWALLFVLATLLSLLILI,28060.725731346083,932.8710318452336,22.30121330034532,-0.05207416689105879,LLLLWALLFVLATLLSLLILI,Mutant
LLLLWALLFVLATLLSLLILI,LLLLAALLFVLATLLSLLILI,Left,void,,,,,,,,,,,3682.36,4615.96,55.9848,36.4969,3652.96,4656.6,139.327,88.0273,-10.1018,1.1e+16,4,W,101.9783,26.35627174,3645.8631,3564.9327,80.9304,2.0,0.3147896384607382,0.1090051092922449,L,-56.40242368116931,LLLLWALLFVLATLLSLLILI,28603.10346529168,983.52116223055,19.43945271874094,-0.1302318199041379,LLLLWALLFVLATLLSLLILI,Mutant
LLLAALLLLLVTLLFSLLILI,LLLAALLLLLVILLFSLLILI,Left,clash,35.0004,-278.931,104336000.0,104335000.0,-60.4567,-274.554,-373.192,4648.67,-45.1582,-38.1815,3670.78,4661.24,50.8615,20.8587,3645.79,4678.64,76.6454,29.5479,-10.0078,1.10011e+17,11,T,109.4091,16.01216878,,,,,0.2455728191744215,0.179898206838445,L,-99.99945527142916,LLLAALLLLLVTLLFSLLILI,28600.175674829203,580.4085854946325,9.679645873665915,0.08209752050639821,LLLAALLLLLVTLLFSLLILI,Mutant
LLLAALLLLLVTLLFSLLILI,LLLAALLALLVTLLFSLLILI,Left,void,,,,,,,,,,,3669.66,4599.03,49.2206,10.4206,3645.79,4678.64,118.083,65.9846,-10.0078,1.1e+17,7,L,119.1748,8.040871821,3659.2394,3579.8054,79.434,2.0,0.2807831632475293,0.0463003191180237,L,-23.87847805544354,LLLAALLLLLVTLLFSLLILI,28323.40014923609,922.4727491806592,20.284419747104543,0.046887176433290434,LLLAALLLLLVTLLFSLLILI,Mutant
LLLAALLLLLVTLLFSLLILI,LLLAALLLALVTLLFSLLILI,Left,void,,,,,,,,,,,3634.87,4616.32,46.8475,55.7742,3645.79,4678.64,106.649,126.056,-10.0078,1.1e+17,8,L,75.5554,42.46887221,3579.0958,3519.734,59.3618,2.0,0.4765628048656025,0.0694536783786148,L,24.86240644345024,LLLAALLLLLVTLLFSLLILI,29384.67254527012,1563.1094681971906,34.95594395832335,-0.14889246518478277,LLLAALLLLLVTLLFSLLILI,Mutant
LLLTALLFLLVALLLSLLILI,LLLTALLFLLVILLLSLLILI,Left,clash,39.2218,-286.35,603623.0,603331.0,-60.3716,-278.325,-379.986,4652.28,-45.0608,-41.2899,3574.42,4637.73,47.6698,16.7789,3574.42,4637.73,47.6698,16.7789,-9.62636,1.10011e+17,11,A,113.4889,12.88031271,,,,,0.245329184382802,0.0511134107831776,L,15531178858892.15,LLLTALLFLLVALLLSLLILI,28188.25285268498,845.9890692410875,23.018073682693856,0.30026149999389934,LLLTALLFLLVALLLSLLILI,Mutant
LLLTALLFLLVALLLSLLILI,LLLTALLFLLVALLASLLILI,Left,void,,,,,,,,,,,3616.12,4598.32,44.9514,15.3142,3574.42,4637.73,100.577,46.8185,-9.62636,1.1e+17,14,L,114.5726,11.79042058,3600.8058,3527.6015,73.2043,3.0,0.3241554733361967,0.181951251254144,L,-74.53341123196374,LLLTALLFLLVALLLSLLILI,28945.41711012689,867.1404387916,15.987223891845936,0.22143521104050462,LLLTALLFLLVALLLSLLILI,Mutant
LLLTALLFLLVALLLSLLILI,LLLTALLALLVALLLSLLILI,Left,void,,,,,,,,,,,3587.66,4545.89,49.7216,8.15618,3574.42,4637.73,142.789,97.4663,-9.62636,1.1e+17,7,F,121.43922,6.293572148,3579.50382,3476.9537,102.55012,3.0,0.3508927431844863,0.0617942226657566,L,-83.04510382453341,LLLTALLFLLVALLLSLLILI,29044.60944669416,565.5824986252414,25.12186680703979,0.194697941192215,LLLTALLFLLVALLLSLLILI,Mutant
LLLLFALLALLYVLTSLLILI,LLLLFALLALLYILTSLLILI,Left,clash,34.2424,-281.155,4178350.0,4178050.0,-74.1724,-276.942,-367.637,4574.53,-52.3918,-16.523,3685.55,4758.86,47.2381,40.5991,3657.88,4758.01,65.5247,65.5361,-9.24259,1.1011e+16,12,V,89.2229,31.27289674,,,,,0.1306093391779316,0.0045416339595097,L,99999900.0,LLLLFALLALLYVLTSLLILI,28944.66155319684,2134.263117947712,10.4182885789178,0.4950461324463037,LLLLFALLALLYVLTSLLILI,Mutant
LLLLFALLALLYVLTSLLILI,LLLLFALLALLAVLTSLLILI,Left,void,,,,,,,,,,,3686.8,4611.68,59.1396,44.7851,3657.88,4758.01,166.58,153.817,-9.24259,1.1e+16,11,Y,85.4827,34.37925566,3642.0149,3504.063,137.9519,2.0,0.2447016023890132,0.090905274409789,L,6.086861225955398,LLLLFALLALLYVLTSLLILI,27970.294130574766,1150.636885320487,14.754456625600625,0.3809538692352221,LLLLFALLALLYVLTSLLILI,Mutant
LLLLFALLALLYVLTSLLILI,LLLLAALLALLYVLTSLLILI,Left,void,,,,,,,,,,,3689.98,4614.67,55.1227,40.1808,3657.88,4758.01,154.952,106.09,-9.24259,1.1e+16,4,F,98.2944,29.0166037,3649.7992,3551.79,98.0092,2.0,0.6171327966820089,0.2356777050750416,L,14671085681889.254,LLLLFALLALLYVLTSLLILI,30076.243124922923,1991.5302118765871,64.09577303620215,0.00852267494222636,LLLLFALLALLYVLTSLLILI,Mutant
LLLLAVLLFLLATLISLLILI,LLLLIVLLFLLATLISLLILI,Left,clash,42.2143,-282.571,1764450000000.0,1764450000000.0,-74.1808,-276.773,-382.467,4619.28,-51.9207,-31.5129,3602.91,4616.17,57.1294,30.2997,3602.91,4616.17,57.1294,30.2997,-7.80654,1.1011e+16,4,A,123.33092,5.325091849,,,,,0.1192995753059199,0.1578041618534884,L,22795790908990.91,LLLLAVLLFLLATLISLLILI,27590.502072629057,448.8806223820254,0.6309286438129016,0.13667539480891422,LLLLAVLLFLLATLISLLILI,Mutant
LLLLAVLLFLLATLISLLILI,LLLLAVLAFLLATLISLLILI,Left,void,,,,,,,,,,,3572.52,4553.59,59.3499,54.9713,3602.91,4616.17,121.182,169.633,-7.80654,1.1e+16,7,L,74.6241,42.41763211,3517.5487,3433.277,84.2717,2.0,0.2895604987736082,0.1403504900620182,L,-47.77102639507767,LLLLAVLLFLLATLISLLILI,28489.57214643686,961.2911425359556,15.563714833717398,-0.033585528658774066,LLLLAVLLFLLATLISLLILI,Mutant
LLLLAVLLFLLATLISLLILI,LLLLAVLLALLATLISLLILI,Left,void,,,,,,,,,,,3630.57,4480.36,55.0671,30.5493,3602.91,4616.17,154.29,114.42,-7.80654,1.1e+16,8,F,100.7803,23.26154957,3600.0207,3488.49,111.5307,2.0,0.4602509359965805,0.0319758359474025,L,-52.04699134582821,LLLLAVLLFLLATLISLLILI,29528.0922111614,1037.904448655651,35.78917268146669,-0.2042759658817464,LLLLAVLLFLLATLISLLILI,Mutant
LLLVALLLILTFLLASLLILI,LLLVILLLILTFLLASLLILI,Left,clash,32.2356,-281.636,110791000.0,110791000.0,-74.1925,-276.671,-387.268,4567.41,-49.6106,-36.4048,3620.44,4610.99,39.3804,15.3883,3620.44,4610.99,39.3804,15.3883,-7.00132,1.10011e+17,4,A,124.04993,4.493813074,,,,,0.1647456346645522,0.131728785994279,L,-51.93317105571834,LLLVALLLILTFLLASLLILI,28061.302524491108,215.19984979653387,5.8552160851350665,0.18497111236428262,LLLVALLLILTFLLASLLILI,Mutant
LLLVALLLILTFLLASLLILI,LLLVALLLILTFLLISLLILI,Left,clash,28.9681,-282.137,110802000.0,110802000.0,-74.1925,-277.348,-386.852,4599.27,-49.6106,-35.3115,3620.44,4610.99,39.5438,5.83687,3620.44,4610.99,39.5438,5.83687,-7.00132,1.10011e+17,14,A,124.04993,4.493813074,,,,,0.3158868099389673,0.1583357182049799,L,99999900.0,LLLVALLLILTFLLASLLILI,28150.23156285492,1888.185266938396,16.676611849168854,0.033829937089867534,LLLVALLLILTFLLASLLILI,Mutant
LLLVALLLILTFLLASLLILI,LLLVALLLILTALLASLLILI,Left,void,,,,,,,,,,,3649.72,4476.58,54.6346,28.4406,3620.44,4610.99,154.544,139.585,-7.00132,1.1e+17,11,F,101.8272,21.83240985,3621.2794,3480.855,140.4244,3.0,0.3408541502577042,0.0716351941200153,L,-27.77977491189417,LLLVALLLILTFLLASLLILI,28745.565933109192,974.8509282079788,23.731876717780075,0.008862596771130604,LLLVALLLILTFLLASLLILI,Mutant
LLLVALLLILTFLLASLLILI,LLLVALLAILTFLLASLLILI,Left,void,,,,,,,,,,,3679.11,4550.85,60.4699,31.2576,3620.44,4610.99,120.44,57.9809,-7.00132,1.1e+17,7,L,98.3378,24.11937461,3647.8524,3562.4591,85.3933,3.0,0.3841884354777246,0.0718089730910893,L,-18.41714367837897,LLLVALLLILTFLLASLLILI,29111.30213940909,887.7561014542096,27.265599167725806,-0.03447168844888976,LLLVALLLILTFLLASLLILI,Mutant
LLLLALLTVLLYILFSLLILI,LLLLALLIVLLYILFSLLILI,Left,clash,16.964,-278.661,819690000.0,819690000.0,-60.5628,-281.155,-368.975,4652.06,-46.0269,-27.2573,4002.06,4615.8,57.14,51.0646,3991.42,4651.28,88.3613,72.8438,-5.81587,1.1011e+16,7,T,78.5308,39.4030961,,,,,0.301954091385529,0.0535305952437073,L,99999900.0,LLLLALLTVLLYILFSLLILI,28709.769053127387,522.6934304710954,21.5976321972058,2.305545070200112,LLLLALLTVLLYILFSLLILI,Mutant
LLLLALLTVLLYILFSLLILI,LLLLALLTVLLYILASLLILI,Left,void,,,,,,,,,,,4041.25,4592.07,48.6484,44.7766,3991.42,4651.28,127.637,108.216,-5.81587,1.1e+16,14,F,85.1102,34.47355697,3996.4734,3883.204,113.2694,3.0,0.4697321363056798,0.0464577337682707,L,5471878767001.811,LLLLALLTVLLYILFSLLILI,29359.0529291169,1375.4516001062186,41.09997870695607,2.137767025279961,LLLLALLTVLLYILFSLLILI,Mutant
LLLLSLLFALLIALLVTLILI,LLLLSLLFILLIALLVTLILI,Right,clash,25.0232,-276.003,182116000000.0,182116000000.0,-58.8343,-276.78,-372.035,4615.04,-53.1101,-36.4207,3735.14,4579.2,50.3285,0.0,3735.14,4579.2,50.3285,0.0,-21.0659,1.10011e+17,8,A,113.772,12.36308176,,,,,0.2034300070617062,0.0058005173783449,R,-37.94978254906473,LLLLSLLFALLIALLVTLILI,24354.676158122107,1453.3751945038198,16.702362327017944,0.13872027611658053,LLLLSLLFALLIALLVTLILI,Mutant
LLLLSLLFALLIALLVTLILI,LLLLSLLFALLIILLVTLILI,Right,clash,25.0012,-276.003,186001000.0,186001000.0,-58.8343,-276.747,-372.38,4610.42,-53.1101,-36.7993,3735.14,4579.2,46.3856,16.05,3735.14,4579.2,46.3856,16.05,-21.0659,1.10011e+17,12,A,113.772,12.36308176,,,,,0.249080147227457,0.0481064983452012,R,20155873716385.79,LLLLSLLFALLIALLVTLILI,24484.2517103672,1283.4500452700258,23.721562542893466,0.09307013595082972,LLLLSLLFALLIALLVTLILI,Mutant
LLLLSLLFALLIALLVTLILI,LLLASLLFALLIALLVTLILI,Right,void,,,,,,,,,,,3677.21,4523.9,62.4738,121.759,3735.14,4579.2,120.204,239.61,-21.0659,1.1e+17,3,L,47.9718,71.73653809,3555.451,3495.53,59.921,5.0,0.3940193515256881,0.0948244004559419,R,4.233884640709659,LLLLSLLFALLIALLVTLILI,25090.6856965181,1210.9989536647386,38.63454897874952,-0.051869068347401404,LLLLSLLFALLIALLVTLILI,Mutant
LLLLSLLFALLIALLVTLILI,LLLLSLLAALLIALLVTLILI,Right,void,,,,,,,,,,,3714.08,4462.0,48.5289,73.7761,3735.14,4579.2,146.967,189.444,-21.0659,1.1e+17,7,F,55.8193,56.92802368,3640.3039,3545.696,94.6079,5.0,0.4786939158692628,0.0365155099403018,R,-30.696141647607707,LLLLSLLFALLIALLVTLILI,25390.483723248064,1767.3237960112351,37.94771497366662,-0.13654363269097608,LLLLSLLFALLIALLVTLILI,Mutant
LLLTYLLFVLLAILLSLLILI,LLLTYLLFVLLAILLILLILI,Right,clash,22.9745,-282.479,1468670000.0,1468670000.0,-45.085,-280.575,-356.645,4679.14,-45.085,-30.9855,3666.56,4723.04,42.2403,5.4879,3663.85,4721.22,46.4257,5.37284,-18.4798,1.10011e+17,15,S,124.2325,4.230560498,,,,,0.1794116932515882,0.0440789703943505,R,19138145914291.195,LLLTYLLFVLLAILLSLLILI,24425.977296790978,1294.784978030846,17.64518728703394,0.072659483171326,LLLTYLLFVLLAILLSLLILI,Mutant
LLLTYLLFVLLAILLSLLILI,LLLTYLLAVLLAILLSLLILI,Right,void,,,,,,,,,,,3681.83,4579.66,55.5512,29.3395,3663.85,4721.22,154.689,91.6975,-18.4798,1.1e+17,7,F,100.2559,22.63930664,3652.4905,3572.1525,80.338,5.0,0.3153195245351037,0.0767320894031404,R,3717470808335.881,LLLTYLLAVLLAILLFLLILI,24998.617145427543,1724.8326861859398,21.87519367820948,-0.06324834811218949,LLLTYLLFVLLAILLSLLILI,Mutant
LLLTYLLFVLLAILLSLLILI,LLLTYLLFVLLIILLSLLILI,Right,clash,22.9695,-284.51,1489610000.0,1489610000.0,-60.4524,-283.634,-372.614,4681.2,-45.085,-28.5272,3663.85,4721.22,50.4633,2.37696,3663.85,4721.22,50.4633,2.37696,-18.4798,1.10011e+17,11,A,127.89084,1.824671945,,,,,0.3690402391193828,0.0741409249666507,R,16019711436328.846,LLLTYLLFVLLAILLSLLILI,24987.99394978583,1261.403773973156,35.31595878342063,-0.11696906269646856,LLLTYLLFVLLAILLSLLILI,Mutant
LLLTYLLFVLLAILLSLLILI,LLLTALLFVLLAILLSLLILI,Right,void,,,,,,,,,,,3751.74,4645.11,50.3269,50.8475,3663.85,4721.22,136.226,75.7024,-18.4798,1.1e+17,4,Y,87.6277,36.71957145,3700.8925,3588.1476,112.7449,5.0,0.4326198227614144,0.0626895439386878,R,-82.9684919727225,LLLTYLLFVLLAILLSLLILI,25634.47420901945,1228.3484287932415,39.96499164052466,-0.1805486463385002,LLLTYLLFVLLAILLSLLILI,Mutant
LLLTYLLVALLTFLLSLLILI,LLLTYLLVALLIFLLSLLILI,Right,clash,25.4127,-281.668,961517000.0,961516000.0,-60.3627,-280.54,-365.568,4671.13,-45.0878,-24.6648,3749.96,4722.94,52.7708,22.6474,3730.55,4741.45,78.9233,30.7939,-17.0262,1.10011e+17,11,T,107.6204,17.38526328,,,,,0.3056912015596955,0.0298006420020376,R,22795790908990.91,LLLTYLLVALLTFLLSLLILI,24748.66207090556,1366.7674265906082,27.380547532277514,1.1343221991703345,LLLTYLLVALLTFLLSLLILI,Mutant
LLLTYLLVALLTFLLSLLILI,LLLTYLLVALLTFLLILLILI,Right,clash,25.4175,-282.847,83185200.0,83184900.0,-58.9752,-281.654,-362.884,4673.46,-49.7285,-22.2555,3734.46,4744.9,36.0197,6.63373,3730.55,4741.45,41.8446,6.82357,-17.0262,1.10011e+17,15,S,123.08667,5.113867981,,,,,0.3425605696082491,0.0329732743132912,R,16966716209325.793,LLLTYLLVALLTFLLSLLILI,24903.68843045828,1611.8434837499835,26.7505490232478,1.0974528311217808,LLLTYLLVALLTFLLSLLILI,Mutant
LLLTYLLVALLTFLLSLLILI,LLLTALLVALLTFLLSLLILI,Right,void,,,,,,,,,,,3832.41,4611.36,50.3121,51.0163,3730.55,4741.45,154.051,104.216,-17.0262,1.1e+17,4,Y,87.4589,36.84147053,3781.3937,3626.334,155.0597,4.0,0.3974768543115862,0.011880022455566,R,-5.346467880405368,LLLTYLLVALLTFLLSLLILI,25139.694664219896,1564.8465710999153,32.60194963166651,1.042536546418444,LLLTYLLVALLTFLLSLLILI,Mutant
LLLLYLLIALLVALLSTLILI,LLLLYLLIILLVALLSTLILI,Right,clash,24.2121,-277.217,43956900000.0,43956900000.0,-74.2471,-277.718,-384.974,4676.58,-49.5914,-33.0091,3837.99,4588.98,49.7419,25.5248,3837.99,4588.98,49.7419,25.5248,-16.83,1.10011e+17,8,A,119.87848,7.659348955,,,,,0.1345462123997986,0.1462945811897531,R,17910978571328.58,LLLLYLLIALLVALLSTLILI,24146.94591325521,908.9960332235946,19.94211510043455,0.1960082066288549,LLLLYLLIALLVALLSTLILI,Mutant
LLLLYLLIALLVALLSTLILI,LLLLYLLAALLVALLSTLILI,Right,void,,,,,,,,,,,3812.69,4553.82,59.1469,115.391,3837.99,4588.98,105.391,202.842,-16.83,1.1e+17,7,I,14.2044,89.03942578,3697.299,3635.148,62.151,5.0,0.1551200441773193,0.0219496237775298,R,99999900.0,LLLLYLLIALLVALLSTLILI,24075.58884164691,1349.330701730002,14.29853291672987,0.1754343748513342,LLLLYLLIALLVALLSTLILI,Mutant
LLLLYLLIALLVALLSTLILI,LLLLALLIALLVALLSTLILI,Right,void,,,,,,,,,,,3910.01,4552.95,50.6204,82.2248,3837.99,4588.98,127.777,127.201,-16.83,1.1e+17,4,Y,56.2504,59.37871908,3827.7852,3710.789,116.9962,5.0,0.3315125887220856,0.0265790549687542,R,-29.35930062534921,LLLLYLLIALLVALLSTLILI,24860.257820444524,1390.4260093611365,29.35332230381097,-0.0009581696934320982,LLLLYLLIALLVALLSTLILI,Mutant
LLLYFLLTILLAVLLSLLILI,LLLYFLLTILLIVLLSLLILI,Right,clash,23.3448,-281.253,14600200.0,14599900.0,-74.1352,-283.052,-376.375,4740.11,-49.8364,-19.1883,3947.89,4762.7,53.5918,3.66839,3947.89,4762.7,53.5918,3.66839,-14.9437,1.10011e+17,11,A,126.59941,2.816037424,,,,,0.1290516115252827,0.0748588521455922,R,17567670101343.707,LLLYFLLTILLAVLLSLLILI,23981.17437705045,1147.5007823135186,15.249086228846773,0.2535362495939122,LLLYFLLTILLAVLLSLLILI,Mutant
LLLYFLLTILLAVLLSLLILI,LLLYFLLIILLAVLLSLLILI,Right,clash,23.2607,-278.034,15014000.0,15013700.0,-60.4094,-280.833,-366.386,4724.79,-45.0563,-25.1437,3950.02,4753.97,53.4433,0.0,3947.89,4762.7,75.0291,3.46465,-14.9437,1.10011e+17,7,T,118.5943,8.961155404,,,,,0.1733874829557208,0.0118088693049455,R,99999900.0,LLLYFLLTILLAVLLSLLILI,24175.21402642961,1387.9290315141998,15.228372639401291,0.20920037816347412,LLLYFLLTILLAVLLSLLILI,Mutant
LLLYFLLTILLAVLLSLLILI,LLLYFLLTILLAVLLSALILI,Right,void,,,,,,,,,,,3930.93,4743.45,41.9794,83.1862,3947.89,4762.7,89.8825,177.442,-14.9437,1.1e+17,16,L,46.2766,64.25490566,3847.7438,3770.448,77.2958,5.0,0.2425218961462125,0.0461436935477878,R,11833012450545.986,LLLYFLLTILLAVLLSLLILI,24432.40786793965,1296.2350579862064,23.05572822101353,0.1400659649729824,LLLYFLLTILLAVLLSLLILI,Mutant
LLLYFLLTILLAVLLSLLILI,LLLYALLTILLAVLLSLLILI,Right,void,,,,,,,,,,,3971.95,4657.15,45.0452,54.9326,3947.89,4762.7,139.701,134.968,-14.9437,1.1e+17,4,F,83.5426,39.66963037,3917.0174,3812.922,104.0954,5.0,0.5011272937746623,0.0152567880817073,R,3792492610782.692,LLLYFLLTILLAVLLSLLILI,25708.53087056499,1573.4710616940336,41.08707374470112,-0.11853943265546735,LLLYFLLTILLAVLLSLLILI,Mutant
LLLLYLLVILLAFLLSTLILI,LLLLYLLVILLAFLLITLILI,Right,clash,19.8422,-275.46,11733500.0,11733200.0,-58.8821,-281.839,-362.292,4748.67,-49.6187,-21.5711,3866.27,4749.52,43.2067,8.49142,3864.24,4744.86,47.134,7.96133,-14.7859,1.10011e+17,15,S,121.22898,6.545940346,,,,,0.2045260513388814,0.0530718025487441,R,99999900.0,LLLLYLLVILLAFLLSTLILI,24300.69229844233,1246.6656979224422,20.282431045752663,0.26251514247585067,LLLLYLLVILLAFLLSTLILI,Mutant
LLLLYLLVILLAFLLSTLILI,LLLLYLLVILLAALLSTLILI,Right,void,,,,,,,,,,,3910.67,4681.6,46.3524,67.0199,3864.24,4744.86,125.581,140.461,-14.7859,1.1e+17,12,F,62.8021,51.62445502,3843.6501,3723.779,119.8711,4.0,0.2546276177332957,0.033425816128061,R,7184252937266.374,LLLLYLLVILLAFLLSTLILI,24628.400505687023,1314.1356347549088,23.31656166118053,0.2124135760814364,LLLLYLLVILLAFLLSTLILI,Mutant
LLLLYLLVILLAFLLSTLILI,LLLLYLLVILLIFLLSTLILI,Right,clash,19.8385,-277.491,12701400.0,12701100.0,-74.2757,-284.34,-376.908,4742.53,-49.6187,-18.2922,3864.24,4744.86,53.3784,6.07661,3864.24,4744.86,53.3784,6.07661,-14.7859,1.10011e+17,11,A,124.19119,4.66470609,,,,,0.361446352425777,0.1488375432178388,R,99999900.0,LLLLYLLVILLAFLLSTLILI,25115.93251947138,2004.4516647652133,21.46800679835126,0.10559484138895509,LLLLYLLVILLAFLLSTLILI,Mutant
LLLLYLLVILLAFLLSTLILI,LLLLALLVILLAFLLSTLILI,Right,void,,,,,,,,,,,3940.49,4606.42,45.3863,75.0937,3864.24,4744.86,151.57,137.401,-14.7859,1.1e+17,4,Y,63.3815,54.2289883,3865.3963,3726.839,138.5573,4.0,0.4272271024074037,0.0086330976637492,R,-45.28954557209348,LLLLYLLVILLAFLLSTLILI,25469.435499482912,1431.6449368223582,36.31023477914311,0.03981409140732839,LLLLYLLVILLAFLLSTLILI,Mutant
LLLYALLTILLTFLLSLLILI,LLLYALLTILLIFLLSLLILI,Right,clash,22.7481,-281.921,47403000.0,47402700.0,-74.1371,-283.252,-373.344,4772.74,-49.7636,-15.9554,3894.26,4729.69,51.7446,18.8991,3875.32,4750.14,78.5746,26.6919,-14.4478,1.10011e+17,11,T,111.3687,14.50788299,,,,,0.0815452793604362,0.0565642821058113,R,-50.45100798117902,LLLYALLTILLTFLLSLLILI,23794.929097397788,1625.4077708041389,3.481463501193443,0.11718860107133812,LLLYALLTILLTFLLSLLILI,Mutant
LLLYALLTILLTFLLSLLILI,LLLYALLTILLTALLSLLILI,Right,void,,,,,,,,,,,3888.3,4670.38,47.5233,68.9911,3875.32,4750.14,132.29,189.736,-14.4478,1.1e+17,12,F,60.8309,53.14284174,3819.3089,3685.584,133.7249,5.0,0.2773397861934527,0.0689144580020088,R,-58.3671965589335,LLLYALLTILLTFLLSLLILI,24612.06186018417,1718.3015377691818,19.155950962723857,-0.07860590576167836,LLLYALLTILLTFLLSLLILI,Mutant
LLLYALLTILLTFLLSLLILI,LLLAALLTILLTFLLSLLILI,Right,void,,,,,,,,,,,3725.07,4561.23,58.5255,90.239,3875.32,4750.14,179.54,311.082,-14.4478,1.1e+17,3,Y,79.4918,53.16595456,3634.831,3564.238,70.593,5.0,0.285655045542202,0.0615540272389542,R,-52.69411649987876,LLLYALLTILLTFLLSLLILI,24807.590765712128,1665.9715411237703,20.28882385045115,-0.08692116511042769,LLLYALLTILLTFLLSLLILI,Mutant
LLLYALLTILLTFLLSLLILI,LLLYALLTILLTFLLILLILI,Right,clash,22.7552,-283.099,218801000.0,218801000.0,-72.7977,-284.347,-370.882,4740.81,-54.5189,-13.7374,3884.33,4753.24,36.1428,9.88739,3875.32,4750.14,42.4492,9.34308,-14.4478,1.10011e+17,15,S,119.83301,7.622077946,,,,,0.3185079202949908,0.1317787251847226,R,-46.739332512720814,LLLYALLTILLTFLLSLLILI,24877.316091878856,976.2502045307884,34.496776592875015,-0.1197740398632165,LLLYALLTILLTFLLSLLILI,Mutant
LLLLVLLIALLFTLLSYLILI,LLLLVLLIILLFTLLSYLILI,Right,clash,20.5375,-278.436,1004290.0,1003990.0,-74.1091,-282.854,-378.193,4658.17,-49.6009,-21.23,3867.56,4807.19,48.2194,6.96885,3867.56,4807.19,48.2194,6.96885,-14.0793,1.10011e+17,8,A,124.36075,5.306381806,,,,,0.0558766313445866,0.1049901179754555,R,99999900.0,LLLLVLLIALLFTLLSYLILI,23967.451168176176,1190.2906552710792,10.902821314555048,0.1531847267355736,LLLLVLLIALLFTLLSYLILI,Mutant
LLLLVLLIALLFTLLSYLILI,LLLLVLLIALLATLLSYLILI,Right,void,,,,,,,,,,,3879.55,4670.56,50.705,44.1739,3867.56,4807.19,151.574,133.509,-14.0793,1.1e+17,11,F,86.0939,33.91006834,3835.3761,3734.051,101.3251,4.0,0.4755015207671054,0.0314477719187882,R,-24.51077222069754,LLLLVLLIALLATLLSFLILI,25388.19600575313,1528.8638611375543,41.70708781213733,-0.2664401626869452,LLLLVLLIALLFTLLSYLILI,Mutant
LLLYVLLTILLAFLLSLLILI,LLLYVLLTILLIFLLSLLILI,Right,clash,20.6906,-283.876,678182.0,677869.0,-74.1037,-285.508,-377.452,4778.74,-49.6378,-17.8409,3904.67,4761.0,50.3778,7.58109,3904.67,4761.0,50.3778,7.58109,-12.8666,1.10011e+17,11,A,122.68671,5.819619277,,,,,0.2139602460881152,0.0817558082244617,R,12877519904760.756,LLLYVLLTILLAFLLSLLILI,24318.06166701933,1151.91708307136,22.772500378419004,0.02332857780177669,LLLYVLLTILLAFLLSLLILI,Mutant
LLLYVLLTILLAFLLSLLILI,LLLYVLLTILLAFLLSALILI,Right,void,,,,,,,,,,,3932.27,4783.78,35.0301,70.119,3904.67,4761.0,65.2957,125.665,-12.8666,1.1e+17,16,L,59.3438,54.16150431,3862.151,3779.005,83.146,4.0,0.2362291107881513,0.1250125468768947,R,-76.99720588767379,LLLYVLLTILLAFLLSLLILI,24418.47871733808,1003.4298083573462,27.201472525338456,0.0010597131017406058,LLLYVLLTILLAFLLSLLILI,Mutant
LLLYVLLTILLAFLLSLLILI,LLLYVLLTILLAFLLILLILI,Right,clash,20.7032,-281.844,3766.33,3455.55,-58.9032,-283.468,-363.446,4736.87,-49.6378,-21.075,3905.37,4752.17,38.1867,0.636554,3904.67,4761.0,50.0496,0.587382,-12.8666,1.10011e+17,15,S,129.083846,0.490712332,,,,,0.2468093115473459,0.1565303488802567,R,17494574999899.99,LLLYVLLTILLAFLLSLLILI,24392.61629318909,2053.438944386079,11.40640028294609,-0.009520487657454002,LLLYVLLTILLAFLLSLLILI,Mutant
LLLYVLLTILLAFLLSLLILI,LLLYVLLTILLAALLSLLILI,Right,void,,,,,,,,,,,3946.56,4685.1,42.5771,64.5092,3904.67,4761.0,126.883,161.382,-12.8666,1.1e+17,12,F,65.3128,49.6904993,3882.0508,3743.288,138.7628,4.0,0.2626869129431571,0.0534737400876462,R,5575405194391.75,LLLYVLLTILLAFLLSLLILI,24613.030463724896,1641.689604306632,18.84301386030894,-0.02539808905326521,LLLYVLLTILLAFLLSLLILI,Mutant
LLLTVLLLALLFALLSILILI,LLLTVLLLILLFALLSILILI,Right,clash,24.6427,-279.232,539209.0,538910.0,-60.4169,-277.771,-379.525,4576.43,-45.0579,-41.3368,3781.64,4624.0,52.7547,15.2511,3781.64,4624.0,52.7547,15.2511,-12.0894,1.10011e+17,8,A,122.90597,5.327317404,,,,,0.1441465749612,0.2177243607015888,R,-29.408946326183884,LLLTVLLLALLFALLSILILI,23823.65639566601,756.4595408802826,24.978826285826905,0.31599969779313075,LLLTVLLLALLFALLSILILI,Mutant
LLLTVLLLALLFALLSILILI,LLLTVLLLALLAALLSILILI,Right,void,,,,,,,,,,,3799.82,4484.84,54.2333,47.094,3781.64,4624.0,156.36,130.682,-12.0894,1.1e+17,11,F,83.1738,36.15168138,3752.726,3650.958,101.768,5.0,0.3919174808065542,0.1023960692293923,R,-32.724571997909486,LLLTVLLLALLFALLSILILI,24973.209668594085,1273.90128153026,38.90705341743052,0.06822879194777659,LLLTVLLLALLFALLSILILI,Mutant
LLLTVLLLALLFALLSILILI,LLLTVLLAALLFALLSILILI,Right,void,,,,,,,,,,,3773.83,4587.86,55.6616,82.9051,3781.64,4624.0,109.895,175.176,-12.0894,1.1e+17,7,L,46.6903,63.97225519,3690.9249,3606.464,84.4609,5.0,0.5817817220210335,0.1026917735550927,R,2.444528473870234,LLLTVLLLALLFALLSILILI,25817.76691826933,1436.7979446636823,54.8339026458929,-0.12163544926670272,LLLTVLLLALLFALLSILILI,Mutant
LLLYALLLALLFSLLVTLILI,LLLYILLLALLFSLLVTLILI,Right,clash,27.6432,-280.238,185167000.0,185166000.0,-74.1677,-281.123,-373.197,4693.1,-49.5814,-17.907,3835.53,4757.58,48.4692,14.6405,3835.53,4757.58,48.4692,14.6405,-12.0058,1.10011e+17,4,A,123.8347,10.57265128,,,,,0.1712226899667246,0.1925017147484913,R,19288746153746.164,LLLYALLLALLFSLLVTLILI,24202.366108755123,719.3129573224545,25.75315998464412,-0.071285461471048,LLLYALLLALLFSLLVTLILI,Mutant
LLLYALLLALLFSLLVTLILI,LLLYALLLALLASLLVTLILI,Right,void,,,,,,,,,,,3834.01,4608.1,59.0092,52.6694,3835.53,4757.58,159.429,152.503,-12.0058,1.1e+17,11,F,77.5984,40.43163391,3781.3406,3683.027,98.3136,4.0,0.2534012629646821,0.0681159713939171,R,-0.7339148396142573,LLLYALLLALLFSLLVTLILI,24661.076828796384,1185.4864648525372,25.269218371888847,-0.15346403446900547,LLLYALLLALLFSLLVTLILI,Mutant
LLLYALLLALLFSLLVTLILI,LLLYALLAALLFSLLVTLILI,Right,void,,,,,,,,,,,3842.13,4704.32,59.8637,82.8067,3835.53,4757.58,118.738,165.794,-12.0058,1.1e+17,7,L,46.7887,63.89632657,3759.3233,3669.736,89.5873,4.0,0.2780933746599287,0.0980237244262202,R,-12.42670607432032,LLLYALLLALLFSLLVTLILI,24571.53588656089,1135.238259891186,29.11030500410248,-0.17815614616425213,LLLYALLLALLFSLLVTLILI,Mutant
LLLYALLLALLFSLLVTLILI,LLLYALLLALLFILLVTLILI,Right,clash,24.3007,-278.614,17877400.0,17877100.0,-58.8701,-278.118,-356.761,4713.1,-49.5814,-19.7736,3836.39,4755.72,43.1883,3.99485,3835.53,4757.58,51.4869,4.21275,-12.0058,1.10011e+17,12,S,125.82715,3.077174901,,,,,0.3666580099213101,0.165100313815332,R,-2.433782405837766,LLLYALLLALLFSLLVTLILI,24948.65289025713,2123.7397702655003,20.941127191865768,-0.2667207814256335,LLLYALLLALLFSLLVTLILI,Mutant
LLLYFLLVLLLATLLSILILI,LLLYFLLILLLATLLSILILI,Right,clash,30.3522,-280.328,35363000.0,35362700.0,-74.0893,-283.097,-374.115,4733.9,-49.5758,-16.9293,3900.74,4734.02,51.0823,0.0,3899.02,4755.09,73.7271,3.41378,-11.9856,1.10011e+17,7,V,129.5954,0.0,,,,,0.1822435118394707,0.1750765466451643,R,99999900.0,LLLYFLLVLLLATLLSILILI,23646.346549021768,1338.3894887151534,25.644175838398446,-0.1523274242389384,LLLYFLLVLLLATLLSILILI,Mutant
LLLYFLLVLLLATLLSILILI,LLLYALLVLLLATLLSILILI,Right,void,,,,,,,,,,,3924.49,4672.14,40.7161,53.5877,3899.02,4755.09,128.631,122.399,-11.9856,1.1e+17,4,F,84.8875,38.69840953,3870.9023,3776.621,94.2813,5.0,0.3067720506091093,0.044737578431019,R,6790301576910.992,LLLYFLLVLLLATLLSILILI,24744.977444516622,1640.1747854590571,23.054671653017405,-0.27685596300857696,LLLYFLLVLLLATLLSILILI,Mutant
LLLYFLLVLLLATLLSILILI,LLLAFLLVLLLATLLSILILI,Right,void,,,,,,,,,,,3754.58,4574.07,57.8645,90.9596,3899.02,4755.09,175.922,308.688,-11.9856,1.1e+17,3,Y,78.7712,53.59050921,3663.6204,3590.332,73.2884,5.0,0.3404584460624085,0.0750557290909734,R,19432723350961.49,LLLYFLLVLLLATLLSILILI,24977.01563293467,1189.5732731330772,32.97520226244552,-0.31054235846187617,LLLYFLLVLLLATLLSILILI,Mutant
LLLYALLTALLFVLLSLLILI,LLLYALLTALLFILLSLLILI,Right,clash,26.52,-277.535,73928.4,73627.6,-74.3494,-279.191,-369.234,4690.21,-49.7918,-15.6935,3886.06,4778.29,45.206,9.45348,3866.47,4776.74,63.6695,22.0297,-11.9039,1.10011e+17,12,V,120.36852,7.281878264,,,,,0.1430616832185295,0.0603583366108837,R,99999900.0,LLLYALLTALLFVLLSLLILI,23990.70081106141,1211.104948550479,15.563868618075658,0.21992644667349728,LLLYALLTALLFVLLSLLILI,Mutant
LLLYALLTALLFVLLSLLILI,LLLYALLTALLFVLLSALILI,Right,void,,,,,,,,,,,3903.97,4757.46,41.0331,78.7228,3866.47,4776.74,89.0512,125.428,-11.9039,1.1e+17,16,L,50.74,60.80727437,3825.2472,3741.042,84.2052,5.0,0.1916092333123325,0.0187686254467029,R,-12.954988931429565,LLLYALLTALLFVLLSLLILI,24270.85376282404,1502.1963342089327,14.943492290041362,0.17137889657969427,LLLYALLTALLFVLLSLLILI,Mutant
LLLYALLTALLFVLLSLLILI,LLLYALLTALLFVLLILLILI,Right,clash,26.5206,-278.124,72925.0,72623.6,-58.9852,-279.699,-358.2,4716.31,-49.7918,-19.5156,3873.91,4789.98,32.6083,14.8892,3866.47,4776.74,33.2199,15.5267,-11.9039,1.10011e+17,15,S,114.8312,11.47791712,,,,,0.5861094791844184,0.110966950887398,R,20896141666566.67,LLLYALLTALLFVLLSLLILI,25704.547136600508,2227.870513068628,42.53710469067487,-0.22312134929239158,LLLYALLTALLFVLLSLLILI,Mutant
LLLYALLTALLFVLLSLLILI,LLLYALLTALLAVLLSLLILI,Right,void,,,,,,,,,,,3870.04,4635.68,51.8209,46.4486,3866.47,4776.74,154.719,137.573,-11.9039,1.1e+17,11,F,83.8192,35.65624045,3823.5914,3728.897,94.6944,5.0,0.725046570571242,0.227818508878022,R,13477028382711.984,LLLYALLTALLFVLLSLLILI,26346.65934258556,2688.4817197433563,47.25554577458008,-0.3620584406792152,LLLYALLTALLFVLLSLLILI,Mutant
LLLLALLIALLFVLLSTLILI,LLLLALLIALLFILLSTLILI,Right,clash,23.9671,-274.982,472202.0,471901.0,-74.2632,-272.826,-375.219,4626.51,-49.607,-28.1304,3740.38,4679.33,53.8963,13.2588,3727.48,4703.47,86.7604,27.5802,-11.7607,1.10011e+17,12,V,116.5632,10.21306096,,,,,0.0776439612190198,0.0454639586542243,R,99999900.0,LLLLALLIALLFVLLSTLILI,23833.72310227988,1259.9743102950474,9.1998069620197,0.17383221192854492,LLLLALLIALLFVLLSTLILI,Mutant
LLLLALLIALLFVLLSTLILI,LLLLALLIALLAVLLSTLILI,Right,void,,,,,,,,,,,3724.48,4568.44,50.9962,51.4679,3727.48,4703.47,151.974,150.868,-11.7607,1.1e+17,11,F,78.7999,39.50930314,3673.0121,3576.612,96.4001,4.0,0.2540551153933096,0.0615418250862741,R,-28.40433188778625,LLLLALLIALLFVLLSTLILI,24563.07045071473,1219.950663727801,24.934483806071995,-0.0025789422457448974,LLLLALLIALLFVLLSTLILI,Mutant
LLLFYLLVILLALLLSTLILI,LLLFYLLVILLALLLITLILI,Right,clash,21.0971,-276.027,714784.0,714479.0,-58.8584,-275.118,-358.4,4783.37,-49.5769,-24.4236,3803.82,4748.01,55.2789,21.1993,3802.46,4750.88,64.528,20.8979,-11.7054,1.10011e+17,15,S,108.5211,16.34230237,,,,,0.1345722819985371,0.1774082459774322,R,99999900.0,LLLFYLLVILLALLLSTLILI,23981.409427712548,774.0771075235272,21.787806775008946,0.10417555361492381,LLLFYLLVILLALLLSTLILI,Mutant
LLLFYLLVILLALLLSTLILI,LLLFYLLVILLILLLSTLILI,Right,clash,21.0928,-278.058,3432030.0,3431720.0,-74.1631,-283.516,-378.771,4789.6,-49.5769,-21.0917,3802.46,4750.88,50.5562,3.22206,3802.46,4750.88,50.5562,3.22206,-11.7054,1.10011e+17,11,A,127.04574,2.473412463,,,,,0.248378046638696,0.2488620019512129,R,99999900.0,LLLFYLLVILLALLLSTLILI,24817.00003320081,2367.858334965048,6.067132128886192,-0.009630211025235091,LLLFYLLVILLALLLSTLILI,Mutant
LLLFYLLVILLALLLSTLILI,LLLFALLVILLALLLSTLILI,Right,void,,,,,,,,,,,3888.39,4629.03,41.3344,35.4514,3802.46,4750.88,143.358,85.5819,-11.7054,1.1e+17,4,Y,103.0238,25.6012629,3852.9386,3716.8781,136.0605,5.0,0.5194366610103167,0.0496401989172185,R,-42.646558284206336,LLLFYLLVILLALLLSTLILI,25730.787879663243,1734.0540059967095,40.58403180207073,-0.2806888253968558,LLLFYLLVILLALLLSTLILI,Mutant
LLLFYLLVILLALLLSTLILI,LLLAYLLVILLALLLSTLILI,Right,void,,,,,,,,,,,3765.74,4670.88,54.5966,63.7171,3802.46,4750.88,139.057,187.834,-11.7054,1.1e+17,3,F,106.0137,37.5400929,3702.0229,3614.626,87.3969,5.0,0.6076754046968866,0.0149681984654043,R,12150367567935.62,LLLAYLLVFLLALLLSTLILI,25960.88315442745,1696.1879586413563,51.805931167151776,-0.3689275690834257,LLLFYLLVILLALLLSTLILI,Mutant
LLLYVLLFILLALLLSTLILI,LLLYVLLFILLAALLSTLILI,Right,void,,,,,,,,,,,3946.21,4727.36,49.8277,67.6317,3929.65,4766.47,101.98,117.18,-11.5688,1.1e+17,12,L,62.1903,52.09571567,3878.5783,3812.47,66.1083,5.0,0.1591631606061689,0.1501823923585915,R,-14.12971404437568,LLLYVLLFILLALLLSTLILI,24025.11040390329,901.544781715112,22.235203105027043,0.1452981490153691,LLLYVLLFILLALLLSTLILI,Mutant
LLLYVLLFILLALLLSTLILI,LLLYVLLAILLALLLSTLILI,Right,void,,,,,,,,,,,3942.18,4619.94,57.6639,26.7022,3929.65,4766.47,157.236,93.6199,-11.5688,1.1e+17,7,F,102.8932,20.60428071,3915.4778,3836.0301,79.4477,5.0,0.1982909051662615,0.0386917285813308,R,-53.54683742529838,LLLYVLLFILLALLLSTLILI,24195.66122798532,1321.017703160457,18.90793850123945,0.1061704044552765,LLLYVLLFILLALLLSTLILI,Mutant
LLLYVLLFILLALLLSTLILI,LLLYVLLFILLALLLITLILI,Right,clash,21.3337,-280.503,42044.1,41735.3,-58.9281,-283.234,-367.219,4721.29,-49.6486,-25.0569,3931.68,4765.76,43.3628,18.3851,3929.65,4766.47,51.8228,18.8332,-11.5688,1.10011e+17,15,S,111.3353,14.17286718,,,,,0.2019468813830262,0.1006097950864623,R,17641378571328.58,LLLYVLLFILLALLLSTLILI,24157.423476514286,1846.896133475508,10.960567996299693,0.10251442823851181,LLLYVLLFILLALLLSTLILI,Mutant
LLLATLLFALLVLLLSLLILI,LLLATLLFALLILLLSLLILI,Right,clash,34.4904,-277.821,1204.72,916.266,-60.4259,-275.093,-376.428,4641.41,-45.12,-40.9089,3738.61,4619.41,42.0575,24.7166,3731.61,4637.89,69.6847,43.2083,-11.3568,1.10011e+17,11,V,105.5512,18.97368344,,,,,0.2335460049851303,0.2544906471148797,R,99999900.0,LLLATLLFALLVLLLSLLILI,24426.15552109112,531.3125421075406,34.648317968187406,0.2530816164400773,LLLATLLFALLVLLLSLLILI,Mutant
LLLATLLFALLVLLLSLLILI,LLLATLLFALLVLLLSALILI,Right,void,,,,,,,,,,,3766.12,4598.02,41.8888,82.1826,3731.61,4637.89,96.8317,134.734,-11.3568,1.1e+17,16,L,47.2802,63.47970228,3683.9374,3596.876,87.0614,5.0,0.4211345039501142,0.1092240396437766,R,16.64273074936789,LLLATLLFALLVLLLSLLILI,25224.671154464704,1170.0969168929978,41.759802898250825,0.0654931174750934,LLLATLLFALLVLLLSLLILI,Mutant
LLLATLLFALLVLLLSLLILI,LLLATLLAALLVLLLSLLILI,Right,void,,,,,,,,,,,3726.56,4486.16,59.0861,75.6348,3731.61,4637.89,159.95,180.083,-11.3568,1.1e+17,7,F,53.9606,58.36225669,3650.9252,3551.527,99.3982,5.0,0.5088488714811975,0.1162368349869314,R,19949543599633.92,LLLATLLFALLVLLLSLLILI,25431.49890298101,2126.7434137866803,35.75094822776273,-0.022221250055989905,LLLATLLFALLVLLLSLLILI,Mutant
LLLATLLFALLVLLLSLLILI,LLLATLLFALLVLLLILLILI,Right,clash,34.4939,-278.411,2299.72,2010.68,-45.12,-275.62,-366.319,4643.99,-45.12,-45.5786,3737.14,4642.91,38.5179,18.6634,3731.61,4637.89,43.109,22.1838,-11.3568,1.10011e+17,15,S,111.057,14.38740553,,,,,0.5143307020697674,0.0630841589371543,R,99999900.0,LLLATLLFALLVLLLSLLILI,25427.48808972268,1590.3173363126411,46.83518728037199,-0.027703080644559785,LLLATLLFALLVLLLSLLILI,Mutant
LLLYALLIALLFTLLVLLILI,LLLYALLAALLFTLLVLLILI,Right,void,,,,,,,,,,,3958.08,4662.7,60.1714,117.31,3956.54,4718.21,114.568,197.131,-11.3564,1.1e+17,7,I,12.2854,90.52018822,3840.77,3759.409,81.361,5.0,0.2151942616026317,0.0808604497665287,R,-39.59981489930109,LLLYALLIALLFTLLVLLILI,24391.895942276784,1733.2400459571725,13.240771154738216,0.11705538773286109,LLLYALLIALLFTLLVLLILI,Mutant
LLLYALLIALLFTLLVLLILI,LLLYALLIALLFILLVLLILI,Right,clash,24.5418,-279.626,17854000.0,17853700.0,-45.0841,-280.551,-352.476,4805.81,-45.0841,-26.8412,3962.47,4711.03,38.4244,4.08332,3956.54,4718.21,62.1735,4.50656,-11.3564,1.10011e+17,12,T,125.73868,3.145322056,,,,,0.231166375130659,0.198893097938145,R,-34.226511455339214,LLLYALLIALLFTLLVLLILI,24395.24528832205,737.2299887783508,31.15472607586167,0.10108327420483379,LLLYALLIALLFTLLVLLILI,Mutant
LLLYALLIALLFTLLVLLILI,LLLYALLIALLFTLLILLILI,Right,clash,24.5416,-280.216,1528.38,1223.12,-58.8653,-281.167,-359.484,4766.58,-49.5925,-19.452,3963.06,4719.79,32.6031,30.0093,3956.54,4718.21,51.7459,50.777,-11.3564,1.10011e+17,15,V,99.7111,23.13383246,,,,,0.2437957539458787,0.1639338699191885,R,99999900.0,LLLYALLIALLFTLLVLLILI,24281.816722354084,991.7035271298432,30.14162225530293,0.08845389538961407,LLLYALLIALLFTLLVLLILI,Mutant
LLLYALLIALLFTLLVLLILI,LLLYALLIALLATLLVLLILI,Right,void,,,,,,,,,,,3938.36,4566.32,56.7204,75.2028,3956.54,4718.21,158.04,193.976,-11.3564,1.1e+17,11,F,55.065,57.72938516,3863.1572,3762.564,100.5932,5.0,0.4452433523682032,0.0779288283202916,R,-39.834011708560205,LLLYALLIALLFTLLVLLILI,25222.916029039938,1900.305689245266,32.69101671586427,-0.11299370303271045,LLLYALLIALLFTLLVLLILI,Mutant
LLLLVLLIALLFALLSTLILI,LLLLVLLIILLFALLSTLILI,Right,clash,24.2888,-274.016,1680770000.0,1680760000.0,-74.1998,-276.063,-379.996,4599.31,-49.5792,-29.7332,3818.03,4682.66,54.1044,11.7448,3818.03,4682.66,54.1044,11.7448,-10.6875,1.10011e+17,8,A,121.78807,6.188419528,,,,,0.2334480210823045,0.1706172419167482,R,17794433276768.8,LLLLVLLIALLFALLSTLILI,24843.88726134576,963.8660239405324,29.670547454698305,0.025627280194287394,LLLLVLLIALLFALLSTLILI,Mutant
LLLLVLLIALLFALLSTLILI,LLLLVLLAALLFALLSTLILI,Right,void,,,,,,,,,,,3818.31,4638.68,59.319,85.9407,3818.03,4682.66,109.315,161.342,-10.6875,1.1e+17,7,I,43.6547,66.31462228,3732.3693,3656.688,75.6813,5.0,0.4056148704673342,0.1262178697314368,R,-36.12358619433515,LLLLVLLIALLFALLSTLILI,25074.39958644669,2027.9908828283176,26.509259450011392,-0.1465395691907423,LLLLVLLIALLFALLSTLILI,Mutant
LLLLVLLIALLFALLSTLILI,LLLLVLLIALLAALLSTLILI,Right,void,,,,,,,,,,,3831.69,4541.55,51.7143,42.7823,3818.03,4682.66,154.021,126.518,-10.6875,1.1e+17,11,F,87.4855,32.84180742,3788.9077,3691.512,97.3957,5.0,0.423743644997925,0.000758547445495,R,-31.05542897454812,LLLLVLLIALLFALLSTLILI,25163.983372999235,1592.2675925764454,35.55177199000445,-0.1646683437213331,LLLLVLLIALLFALLSTLILI,Mutant
LLLTYLLIVLLALLLSFLILI,LLLTYLLIVLLALLLIFLILI,Right,clash,22.6339,-281.717,67165500000.0,67165500000.0,-45.1159,-282.553,-360.366,4674.96,-45.1159,-32.6969,3920.98,4679.86,43.586,20.9444,3919.17,4680.31,51.9829,21.305,-10.6115,1.10011e+17,15,S,108.776,16.14580282,,,,,0.2396416410877831,0.009580214198029,R,99999900.0,LLLTYLLIVLLALLLSFLILI,24698.9671983731,1482.5720420307894,19.51270051395349,0.179715099588636,LLLTYLLIVLLALLLSFLILI,Mutant
LLLTYLLIVLLALLLSFLILI,LLLTYLLIVLLAALLSFLILI,Right,void,,,,,,,,,,,3943.87,4639.67,54.2303,81.4285,3919.17,4680.31,106.85,129.558,-10.6115,1.1e+17,12,L,48.3935,62.72319021,3862.4415,3789.612,72.8295,4.0,0.3497052364809779,0.0512148142654782,R,3899608720487.602,LLLTYLLIVLLALLLSFLILI,25093.271262378017,1638.8121394445536,26.26839889898052,0.0696515041954412,LLLTYLLIVLLALLLSFLILI,Mutant
LLLTYLLIVLLALLLSFLILI,LLLTALLIVLLALLLSFLILI,Right,void,,,,,,,,,,,3962.61,4633.59,50.9,53.5325,3919.17,4680.31,131.924,161.08,-10.6115,1.1e+17,4,Y,84.9427,38.6585468,3909.0775,3758.09,150.9875,4.0,0.4966771136979686,0.085890079465391,R,-80.21268165558068,LLLTYLLIVLLALLLSFLILI,25877.901625979204,1780.4107282686036,36.529105226749415,-0.07732037302154948,LLLTYLLIVLLALLLSFLILI,Mutant
LLLAYLLTLLLAILLSFLILI,LLLAALLTLLLAILLSFLILI,Right,void,,,,,,,,,,,3910.84,4646.3,48.6619,93.5832,3852.46,4700.14,128.108,141.505,-10.4542,1.1e+17,4,Y,44.892,67.58119866,3817.2568,3710.955,106.3018,4.0,0.0912122923653401,0.0104960054807663,R,-88.70136952365806,LLLAYLLTLLLAILLSFLILI,23791.81926876344,1456.9093295321609,7.021072086564064,0.02864544029167769,LLLAYLLTLLLAILLSFLILI,Mutant
LLLAYLLTLLLAILLSFLILI,LLLAYLLTLLLIILLSFLILI,Right,clash,21.1564,-278.899,1298790.0,1298470.0,-74.2086,-281.666,-373.799,4672.04,-58.5433,-17.9244,3852.46,4700.14,48.7835,19.5133,3852.46,4700.14,48.7835,19.5133,-10.4542,1.10011e+17,11,A,110.7545,14.97937326,,,,,0.1342783067166113,0.0200603335481962,R,19288746153746.164,LLLAYLLTLLLAILLSFLILI,24082.190341756905,1351.2960373934889,12.440195641675196,-0.014420574059593516,LLLAYLLTLLLAILLSFLILI,Mutant
LLLAYLLTLLLAILLSFLILI,LLLAYLLTLLLAILLIFLILI,Right,clash,21.1558,-276.869,1380130.0,1379820.0,-58.8551,-279.553,-359.421,4676.77,-58.5433,-21.0132,3859.26,4696.17,56.2026,6.66988,3852.46,4700.14,66.2408,7.55661,-10.4542,1.10011e+17,15,S,123.05052,5.14173561,,,,,0.1660560440185508,0.0191578233514692,R,6447041628368.159,LLLAYLLTLLLAILLSFLILI,24286.026417697445,1503.3315451286237,12.77924904260347,-0.04619831136153302,LLLAYLLTLLLAILLSFLILI,Mutant
LLLAYLLTLLLAILLSFLILI,LLLAYLLTLLLAILLSALILI,Right,void,,,,,,,,,,,3867.83,4624.69,44.0978,57.7035,3852.46,4700.14,127.306,155.147,-10.4542,1.1e+17,16,F,71.7593,44.57149081,3810.1265,3697.313,112.8135,4.0,0.3993283359665799,0.047939333322963,R,3475699018934.5444,LLLAYLLTLLLAILLSFLILI,25256.87109092468,1651.9569511267273,30.62055082756646,-0.2794706033095621,LLLAYLLTLLLAILLSFLILI,Mutant
LLLYVLLIALLATLLSLLILI,LLLYVLLIALLAILLSLLILI,Right,clash,21.444,-273.65,3746840.0,3746550.0,-60.4527,-277.274,-376.591,4666.9,-45.0594,-38.8642,3986.0,4692.29,56.2936,32.6659,3977.68,4726.16,86.1534,53.5726,-10.2071,1.10011e+17,12,T,97.1561,25.16206806,,,,,0.1643667875174599,0.1811148105949032,R,9824561096905.06,LLLYVLLIALLATLLSLLILI,24257.98839097809,2093.518641444668,3.041631831110028,0.2707180219397821,LLLYVLLIALLATLLSLLILI,Mutant
LLLYVLLIALLATLLSLLILI,LLLYVLLIALLATLLSALILI,Right,void,,,,,,,,,,,3984.91,4678.42,41.4396,55.6199,3977.68,4726.16,99.3651,135.267,-10.2071,1.1e+17,16,L,73.8429,42.96207096,3929.2901,3842.413,86.8771,5.0,0.2436415577396583,0.0578598917053853,R,-51.16099970965367,LLLYVLLIALLATLLSLLILI,24481.596074217254,1662.268329980735,16.98726031760725,0.1914432517175837,LLLYVLLIALLATLLSLLILI,Mutant
LLLYVLLIALLATLLSLLILI,LLLYVLLIALLATLLILLILI,Right,clash,21.4448,-274.83,1185.44,882.496,-58.8271,-278.42,-372.867,4693.44,-49.5605,-35.6197,3982.76,4721.57,45.8044,20.3388,3977.68,4726.16,56.2289,28.4029,-10.2071,1.10011e+17,15,S,109.3816,15.67895258,,,,,0.3902094748879726,0.0300709782846674,R,-12.084514016416414,LLLYVLLIALLATLLSLLILI,24879.566944663424,1777.201442467467,30.91516546446536,0.0448753345692694,LLLYVLLIALLATLLSLLILI,Mutant
LLLYVLLIALLATLLSLLILI,LLLYVLLAALLATLLSLLILI,Right,void,,,,,,,,,,,3990.19,4676.82,58.2288,70.718,3977.68,4726.16,110.266,140.321,-10.2071,1.1e+17,7,I,58.8774,54.56829486,3919.472,3837.359,82.113,5.0,0.3964472481702984,0.1863610195884597,R,-31.883449236935093,LLLYVLLIALLATLLSLLILI,24979.39444534664,1039.9227182235022,44.26160127724181,0.03863756128694357,LLLYVLLIALLATLLSLLILI,Mutant
LLLYILLSVLLALLLTFLILI,LLLYILLSVLLALLLTALILI,Right,void,,,,,,,,,,,3818.49,4668.82,44.5964,88.7834,3919.09,4770.53,137.365,273.788,-9.80294,1.1e+17,16,F,40.6794,68.57830975,3729.7066,3645.302,84.4046,5.0,0.1218294949891853,0.2503432895068658,R,-18.30291849828664,LLLYILLSVLLALLLTFLILI,23924.396934553064,503.32618406683474,25.04150239300366,0.07010540344964769,LLLYILLSVLLALLLTFLILI,Mutant
LLLYILLSVLLALLLTFLILI,LLLYILLSVLLILLLTFLILI,Right,clash,23.7583,-283.684,1298820000.0,1298820000.0,-74.244,-285.25,-381.899,4708.08,-49.5874,-22.4044,3919.09,4770.53,52.1566,3.07053,3919.09,4770.53,52.1566,3.07053,-9.80294,1.10011e+17,11,A,127.19727,2.357090547,,,,,0.1479709723062306,0.0858351144158059,R,99999900.0,LLLYILLSVLLALLLTFLILI,24094.33488606109,1108.6386231886154,17.484751137280895,0.04396392613260239,LLLYILLSVLLALLLTFLILI,Mutant
LLLYILLSVLLALLLTFLILI,LLLYILLIVLLALLLTFLILI,Right,clash,24.0084,-281.637,9276.98,8969.77,-58.8588,-283.184,-366.627,4730.35,-49.5874,-24.584,3922.9,4765.0,58.4629,26.7045,3919.09,4770.53,68.3761,34.55,-9.80294,1.10011e+17,7,S,102.8909,20.60605546,,,,,0.1914403958385177,0.2056685861886631,R,20750795506624.254,LLLYILLSVLLALLLTFLILI,24379.753488616472,681.344572630936,28.22741254012472,0.0004945026003152775,LLLYILLSVLLALLLTFLILI,Mutant
LLLYILLSVLLALLLTFLILI,LLLAILLSVLLALLLTFLILI,Right,void,,,,,,,,,,,3777.64,4583.15,58.5084,74.0236,3919.09,4770.53,178.799,290.537,-9.80294,1.1e+17,3,Y,95.7072,43.61235557,3703.6164,3628.553,75.0634,5.0,0.2682152266535962,0.0673614980650176,R,-21.324703595139763,LLLYILLSVLLALLLTFLILI,24675.2282642676,1688.5407066435507,18.483389106477524,-0.07628032821476322,LLLYILLSVLLALLLTFLILI,Mutant
LLLYALLFALLLSLLVTLILI,LLLYILLFALLLSLLVTLILI,Right,clash,31.1992,-280.111,1433310000.0,1433310000.0,-74.2526,-273.344,-365.847,4694.49,-50.7822,-18.2507,3887.2,4673.43,62.5123,41.8977,3887.2,4673.43,62.5123,41.8977,-9.42866,1.10011e+17,4,A,96.5775,30.2564647,,,,,0.240899289981236,0.1353034429757492,R,-99.99961118047024,LLLYALLFALLLSLLVTLILI,24427.883605974243,1955.03864400372,12.168890362941214,-0.020777975547608185,LLLYALLFALLLSLLVTLILI,Mutant
LLLYALLFALLLSLLVTLILI,LLLYALLFALLLILLVTLILI,Right,clash,26.8271,-278.705,235964.0,235663.0,-58.9494,-279.5,-358.16,4735.62,-49.6376,-19.7107,3890.55,4670.15,47.7343,16.9837,3887.2,4673.43,56.0533,16.9948,-9.42866,1.10011e+17,12,S,112.8383,13.0822973,,,,,0.2671294155816962,0.1192619597787697,R,20.59663160045856,LLLYALLFALLLSLLVTLILI,24528.02024399925,1910.1885347045527,15.317265519651093,-0.04700810114806836,LLLYALLFALLLSLLVTLILI,Mutant
LLLYALLFALLLSLLVTLILI,LLLYALLFALLASLLVTLILI,Right,void,,,,,,,,,,,3932.64,4684.54,49.8328,40.8038,3887.2,4673.43,85.7266,60.9006,-9.42866,1.1e+17,11,L,89.464,31.32301305,3891.8362,3826.2994,65.5368,4.0,0.2961134701696752,0.0314224575440766,R,11.860972183494049,LLLYALLFALLLSLLVTLILI,24780.23089922111,1565.6445836638634,22.95048588035986,-0.0759921557360474,LLLYALLFALLLSLLVTLILI,Mutant
LLLYALLFALLLSLLVTLILI,LLLYALLAALLLSLLVTLILI,Right,void,,,,,,,,,,,3889.07,4586.52,47.987,74.1975,3887.2,4673.43,137.525,176.078,-9.42866,1.1e+17,7,F,55.3979,57.25318954,3814.8725,3711.122,103.7505,4.0,0.5684768391464989,0.1869056971870608,R,8.861336199104446,LLLYALLFALLLSLLVTLILI,25649.36497821112,2441.124565936187,36.56018387853696,-0.3483555247128711,LLLYALLFALLLSLLVTLILI,Mutant
LLLYILLFALLTVLLSLLILI,LLLYILLFILLTVLLSLLILI,Right,clash,21.0811,-281.486,56307000.0,56306700.0,-74.2897,-284.793,-381.798,4719.53,-49.8549,-22.7148,3996.44,4803.23,52.4418,6.90149,3996.44,4803.23,52.4418,6.90149,-9.41616,1.10011e+17,8,A,124.42811,5.255091008,,,,,-0.0015196248574943,0.0404942527987423,R,99999900.0,LLLYILLFALLTVLLSLLILI,23739.286610130337,1446.6047359307358,2.2719796686292355,0.3016185968240875,LLLYILLFALLTVLLSLLILI,Mutant
LLLYILLFALLTVLLSLLILI,LLLYILLFALLTVLLSALILI,Right,void,,,,,,,,,,,4033.49,4784.06,41.7126,73.0805,3996.44,4803.23,89.3684,115.85,-9.41616,1.1e+17,16,L,56.3823,56.44903401,3960.4095,3880.59,79.8195,5.0,0.0695520682607266,0.0574318372591344,R,99999900.0,LLLYILLFALLTVLLSLLILI,23794.30948383891,1633.9279209757844,2.42511093270693,0.23054690370586658,LLLYILLFALLTVLLSLLILI,Mutant
LLLYALLTVLLALLLSFLILI,LLLYALLTVLLALLLIFLILI,Right,clash,22.4412,-278.538,13441.9,13136.0,-58.9504,-279.807,-359.478,4695.1,-49.7481,-20.7207,4008.79,4777.93,43.4751,18.2016,4006.65,4781.18,53.2452,18.7969,-8.56186,1.10011e+17,15,S,111.5188,14.03140909,,,,,0.1608160140905012,0.208083829149089,R,-66.3822897645146,LLLYALLTVLLALLLSFLILI,24196.41565707045,663.8642072129538,25.804403107382235,0.2537675235223923,LLLYALLTVLLALLLSFLILI,Mutant
LLLYALLTVLLALLLSFLILI,LLLYALLTVLLAALLSFLILI,Right,void,,,,,,,,,,,4024.68,4726.9,54.6083,86.3369,4006.65,4781.18,106.374,142.644,-8.56186,1.1e+17,12,L,43.4851,66.5040594,3938.3431,3864.006,74.3371,5.0,0.2697215594692226,0.0464472773602675,R,-73.46983082252953,LLLYALLTVLLALLLSFLILI,24810.405526877963,1273.1212922054333,25.35286206598234,0.1448619781436709,LLLYALLTVLLALLLSFLILI,Mutant
LLLYALLTVLLALLLSFLILI,LLLYALLIVLLALLLSFLILI,Right,clash,22.3632,-277.347,700.655,400.569,-60.4169,-278.666,-362.316,4703.93,-45.102,-23.2339,4019.38,4746.04,58.7913,37.6666,4006.65,4781.18,89.179,61.8646,-8.56186,1.10011e+17,7,T,91.9288,29.06476619,,,,,0.4372284180371749,0.0011631469741598,R,3738202488579.5234,LLLYALLTVLLALLLSFLILI,25532.573752255583,1466.7554009121218,36.56784221496712,-0.022644880424281366,LLLYALLTVLLALLLSFLILI,Mutant
LLLYALLTVLLALLLSFLILI,LLLYALLTVLLALLLSALILI,Right,void,,,,,,,,,,,3907.35,4681.82,44.4994,88.6982,4006.65,4781.18,136.383,272.251,-8.56186,1.1e+17,16,F,40.7646,68.51249934,3818.6518,3734.399,84.2528,5.0,0.5205844796827517,0.0841359811970122,R,-74.52373778357483,LLLYALLTVLLALLLSFLILI,25770.99763882879,1839.8951869838304,38.63631104261579,-0.10600094206985816,LLLYALLTVLLALLLSFLILI,Mutant
LLLVYLLLALLTSLLFILILI,LLLVYLLLILLTSLLFILILI,Right,clash,30.4786,-281.844,9072540000.0,9072540000.0,-74.3126,-283.58,-380.409,4690.99,-54.4834,-22.5164,3899.91,4659.45,52.5782,19.7403,3899.91,4659.45,52.5782,19.7403,-8.36529,1.10011e+17,8,A,111.5893,15.03111256,,,,,0.1251716424312518,0.2886768266651848,R,99999900.0,LLLVYLLLALLTSLLFILILI,24212.517821084264,557.5451106798647,27.5928414529923,0.14417248981024292,LLLVYLLLALLTSLLFILILI,Mutant
LLLVYLLLALLTSLLFILILI,LLLVYLLLALLTILLFILILI,Right,clash,30.3931,-279.814,7736210000.0,7736210000.0,-59.0106,-281.546,-366.457,4669.35,-49.7718,-25.8997,3900.68,4654.51,48.3312,7.72556,3899.91,4659.45,57.4155,7.834,-8.36529,1.10011e+17,12,S,122.09644,5.950886599,,,,,0.2817170943604059,0.1138601085093557,R,22452663636263.64,LLLVYLLLALLTSLLFILILI,24578.220399754427,1086.8522079910235,30.352265251577204,-0.012372962118911146,LLLVYLLLALLTSLLFILILI,Mutant
LLLVYLLLALLTSLLFILILI,LLLVYLLLALLTSLLAILILI,Right,void,,,,,,,,,,,3896.24,4581.38,47.4496,44.1563,3899.91,4659.45,132.115,141.346,-8.36529,1.1e+17,15,F,85.5641,34.03959593,3852.0837,3758.564,93.5197,4.0,0.513775823630949,0.0689031665139807,R,15672106249899.988,LLLVYLLLALLTSLLFILILI,25571.934732738144,1424.007682468634,47.13347267367156,-0.24443169138945425,LLLVYLLLALLTSLLFILILI,Mutant
LLLVYLLLALLTSLLFILILI,LLLVALLLALLTSLLFILILI,Right,void,,,,,,,,,,,3976.78,4612.87,51.5702,78.9261,3899.91,4659.45,132.326,117.739,-8.36529,1.1e+17,4,Y,59.5491,56.99655967,3897.8539,3782.171,115.6829,4.0,0.7335705967563177,0.2407963375978147,R,-32.191818729001284,LLLVYLLLALLTSLLFILILI,26343.17114685045,2773.4231351485696,47.20085526416192,-0.464226464514823,LLLVYLLLALLTSLLFILILI,Mutant
LLLYFLLVALLLALLSTLILI,LLLYFLLVILLLALLSTLILI,Right,clash,28.4526,-279.938,9700110.0,9699810.0,-74.18,-277.494,-367.527,4702.95,-49.5406,-15.8527,3839.22,4707.2,51.7324,3.78878,3839.22,4707.2,51.7324,3.78878,-8.30723,1.10011e+17,8,A,113.593,12.50096286,,,,,0.1840691760145021,0.1276090554524952,R,19432723350961.49,LLLYFLLVALLLALLSTLILI,23867.427991025987,1201.8694567134369,22.98467074158052,0.06090984772983121,LLLYFLLVALLLALLSTLILI,Mutant
LLLYFLLVALLLALLSTLILI,LLLYFLLVALLAALLSTLILI,Right,void,,,,,,,,,,,3882.5,4669.84,51.5716,58.791,3839.22,4707.2,106.521,109.211,-8.30723,1.1e+17,11,L,71.4768,45.13087655,3823.709,3730.009,93.7,4.0,0.339061716681227,0.0728104963394904,R,16716913333233.344,LLLYFLLVALLLALLSTLILI,24814.765312722982,1274.1333995449982,32.72513419600395,-0.09408269293689367,LLLYFLLVALLLALLSTLILI,Mutant
LLLYFLLVALLLALLSTLILI,LLLYALLVALLLALLSTLILI,Right,void,,,,,,,,,,,3909.01,4597.54,48.0662,61.6293,3839.22,4707.2,141.086,106.903,-8.30723,1.1e+17,4,F,76.8459,44.50565878,3847.3807,3732.317,115.0637,4.0,0.3673581457611225,0.0226488101089707,R,-20.23979631658564,LLLYWLLVALLLALLSTLILI,25009.5411472464,1425.5485589076884,32.12406565525236,-0.12237912201678922,LLLYFLLVALLLALLSTLILI,Mutant
LLLALLLVTLLAILLSFLILI,LLLALLLVILLAILLSFLILI,Right,clash,24.308,-271.203,573643.0,573351.0,-60.4642,-273.94,-371.635,4583.82,-45.0788,-37.231,3926.69,4621.08,47.3957,43.819,3904.75,4640.9,74.0801,59.9771,-8.13651,1.10011e+17,8,T,87.5106,33.36566928,,,,,0.0742588187868293,0.1068343499551397,R,-64.81282930428567,LLLALLLVTLLAILLSFLILI,23657.556700533136,1028.311199611706,12.552395338291786,0.17770573528357628,LLLALLLVTLLAILLSFLILI,Mutant
LLLALLLVTLLAILLSFLILI,LLLALLLVTLLAILLSALILI,Right,void,,,,,,,,,,,3850.64,4538.9,40.7406,74.4744,3904.75,4640.9,133.789,232.684,-8.13651,1.1e+17,16,F,54.9884,57.52571395,3776.1656,3672.066,104.0996,5.0,0.4820485128835675,0.0169465072778245,R,-26.17695979495056,LLLALLLVTLLAILLSFLILI,25250.788343465745,1734.9114564180788,41.39647064622402,-0.2300839588131619,LLLALLLVTLLAILLSFLILI,Mutant
LLLFYLLVALLLTLLSTLILI,LLLFYLLVILLLTLLSTLILI,Right,clash,29.7576,-284.164,223088000000.0,223088000000.0,-87.9016,-282.607,-382.43,4722.77,-54.0958,-11.9217,3751.37,4639.11,44.737,5.41639,3751.37,4639.11,44.737,5.41639,-7.98098,1.10011e+17,8,A,125.91321,4.124272061,,,,,0.2295179401910709,0.0551407122633559,R,22622926274322.777,LLLFYLLVALLLTLLSTLILI,24566.908884501005,1232.291932603658,22.49916528809082,0.27120127174800784,LLLFYLLVALLLTLLSTLILI,Mutant
LLLFYLLVALLLTLLSTLILI,LLLFYLLVALLATLLSTLILI,Right,void,,,,,,,,,,,3802.65,4600.28,52.022,68.3055,3751.37,4639.11,107.138,122.453,-7.98098,1.1e+17,11,L,61.9623,52.43467687,3734.3445,3628.917,105.4275,4.0,0.2776951596288188,0.0197441604855032,R,13068605836790.23,LLLFYLLVALLLTLLSTLILI,24657.788095655807,1382.3734895169755,24.4388163239877,0.22302405231025996,LLLFYLLVALLLTLLSTLILI,Mutant
LLLFYLLVALLLTLLSTLILI,LLLFALLVALLLTLLSTLILI,Right,void,,,,,,,,,,,3848.5,4577.69,46.8103,50.908,3751.37,4639.11,135.4,85.4091,-7.98098,1.1e+17,4,Y,87.5672,36.76326158,3797.592,3665.9609,131.6311,4.0,0.4665685952537229,0.0408801382345834,R,-21.72071177973689,LLLFYLLVALLLTLLSTLILI,25262.199037756305,1832.070705704799,36.67308840707717,0.03415061668535585,LLLFYLLVALLLTLLSTLILI,Mutant
LLLTYLLLVLLAILLSFLILI,LLLTYLLLVLLIILLSFLILI,Right,clash,24.0336,-284.829,8954540000.0,8954540000.0,-60.4831,-284.488,-371.507,4688.61,-45.1085,-26.5364,3842.81,4711.6,56.7442,2.98284,3842.81,4711.6,56.7442,2.98284,-7.94812,1.10011e+17,11,A,127.28496,2.28977537,,,,,0.2092421328268646,0.0817084200888618,R,14095726945625.238,LLLTYLLLVLLAILLSFLILI,24322.53709867088,1741.7431858734803,12.691780500041071,-0.1199063167412036,LLLTYLLLVLLAILLSFLILI,Mutant
LLLTYLLLVLLAILLSFLILI,LLLTALLLVLLAILLSFLILI,Right,void,,,,,,,,,,,3936.88,4666.82,48.8704,60.4922,3842.81,4711.6,130.949,125.443,-7.94812,1.1e+17,4,Y,77.983,43.68450091,3876.3878,3717.367,159.0208,5.0,0.2800450315916492,0.0199520363064615,R,-69.8251635766702,LLLTYLLLVLLAILLSFLILI,24661.321464290395,1384.2692930567816,24.648036361519825,-0.19070921550598818,LLLTYLLLVLLAILLSFLILI,Mutant
LLLTYLLLVLLAILLSFLILI,LLLTYLLLVLLAILLIFLILI,Right,clash,24.0311,-282.799,2028340.0,2028040.0,-45.1085,-282.479,-357.269,4689.96,-45.1085,-29.6816,3845.7,4715.98,43.5718,7.01362,3842.81,4711.6,48.4729,6.73019,-7.94812,1.10011e+17,15,S,122.70678,5.406720917,,,,,0.3091672694871883,0.0519851432540667,R,-66.48457418366179,LLLTYLLLVLLAILLSFLILI,24703.20797348557,1317.3723159772146,28.986266117688803,-0.21983145340152732,LLLTYLLLVLLAILLSFLILI,Mutant
LLLTYLLLVLLAILLSFLILI,LLLTYLLLVLLAILLSALILI,Right,void,,,,,,,,,,,3780.18,4608.32,41.4032,77.3384,3842.81,4711.6,135.143,240.717,-7.94812,1.1e+17,16,F,52.1244,59.73793244,3702.8416,3602.093,100.7486,5.0,0.402877960852544,0.066102051401674,R,7986969501402.423,LLLTYLLLVLLAILLSFLILI,25013.6008045044,1406.219789882864,37.67501999704443,-0.313542144766883,LLLTYLLLVLLAILLSFLILI,Mutant
LLLYILLLALLTVLLSFLILI,LLLYILLLILLTVLLSFLILI,Right,clash,26.2765,-283.323,1321750000.0,1321750000.0,-74.2571,-285.196,-378.247,4719.05,-49.8419,-18.7938,4022.07,4791.1,54.4538,13.6765,4022.07,4791.1,54.4538,13.6765,-7.80804,1.10011e+17,8,A,117.6531,10.41387471,,,,,0.0255282396742367,0.1969790231035128,R,14750217646958.812,LLLYILLLALLTVLLSFLILI,23705.44825068226,811.0677473371928,13.810242461255823,0.2443420015136937,LLLYILLLALLTVLLSFLILI,Mutant
LLLYILLLALLTVLLSFLILI,LLLYILLAALLTVLLSFLILI,Right,void,,,,,,,,,,,4015.54,4744.54,53.122,79.4633,4022.07,4791.1,109.946,168.993,-7.80804,1.1e+17,7,L,50.1321,61.31645105,3936.0767,3853.077,82.9997,4.0,0.0624345860642979,0.0771106546844925,R,22795790908990.91,LLLYILLLALLTVLLSFLILI,23892.14498428482,1741.4079574150712,0.662730251417525,0.2074356551236325,LLLYILLLALLTVLLSFLILI,Mutant
LLLYILLLALLTVLLSFLILI,LLLYILLLALLTVLLSALILI,Right,void,,,,,,,,,,,4032.64,4689.53,42.02,65.9516,4022.07,4791.1,134.934,167.862,-7.80804,1.1e+17,16,F,63.5112,50.94251013,3966.6884,3854.208,112.4804,4.0,0.2188301615582612,0.0280049895384072,R,-6.173487402520429,LLLYILLLALLTVLLSFLILI,24394.1774510903,1336.1825445719996,19.995791063998208,0.051040079629669194,LLLYILLLALLTVLLSFLILI,Mutant
LLLYILLLALLTVLLSFLILI,LLLIILLLALLTVLLSFLILI,Right,clash,29.48,-272.802,1321500000.0,1321500000.0,-74.2719,-276.409,-382.265,4596.96,-49.7289,-31.5841,3869.45,4639.19,50.1362,100.511,4022.07,4791.1,160.994,322.194,-7.80804,1.10011e+17,3,Y,113.3756,13.67094699,,,,,0.3228004908170118,0.1037403884802146,R,17157733372999.604,LLLYILLLALLTVLLSFLILI,24880.71119924708,1084.9701369760023,33.19517292803813,-0.05293024962908138,LLLYILLLALLTVLLSFLILI,Mutant
LLLYTLLVALLATLLSLLILI,LLLYTLLVALLAILLSLLILI,Right,clash,31.1422,-278.373,225914.0,225622.0,-60.3979,-276.796,-373.814,4658.45,-45.0343,-36.6201,3771.67,4629.9,57.7331,26.3532,3762.76,4663.79,86.6922,42.9624,-7.71988,1.10011e+17,12,T,103.4688,20.29948699,,,,,0.2314939715636267,0.0726891117548938,R,13465268268739.54,LLLYTLLVALLATLLSLLILI,24362.906598147267,1730.439063612277,15.090733392529614,0.10534790696447663,LLLYTLLVALLATLLSLLILI,Mutant
LLLYTLLVALLATLLSLLILI,LLLYTLLVALLATLLSALILI,Right,void,,,,,,,,,,,3774.08,4611.92,42.6895,62.9473,3762.76,4663.79,101.129,127.327,-7.71988,1.1e+17,16,L,66.5155,48.62192074,3711.1327,3635.433,75.6997,4.0,0.3215103766871452,0.0301370134124129,R,-48.02614649213297,LLLYTLLVALLATLLSLLILI,24815.62042990816,1591.0218983217974,25.15473693640839,0.015331501840958106,LLLYTLLVALLATLLSLLILI,Mutant
LLLYTLLVALLATLLSLLILI,LLLATLLVALLATLLSLLILI,Right,void,,,,,,,,,,,3706.85,4498.85,61.9699,121.735,3762.76,4663.79,175.095,269.363,-7.71988,1.1e+17,3,Y,47.9958,71.72239806,3585.115,3493.397,91.718,4.0,0.4600224062137357,0.1483776880335095,R,-36.201398245638096,LLLYTLLVALLATLLSLLILI,25331.28617800642,2126.395902135213,29.755254566830885,-0.12318052768563237,LLLYTLLVALLATLLSLLILI,Mutant
LLLVALLLALLFALLSTLILI,LLLVALLLALLFILLSTLILI,Right,clash,32.1309,-273.635,985449000.0,985449000.0,-74.1862,-270.803,-375.626,4578.22,-49.551,-30.6365,3654.91,4596.22,50.7328,3.41378,3654.91,4596.22,50.7328,3.41378,-7.69636,1.10011e+17,12,A,126.40822,2.629585124,,,,,0.2013571761089082,0.0577696999678171,R,99999900.0,LLLVALLLALLFALLSTLILI,24292.89992802772,1227.1626873514358,20.295254744995656,0.1790182386037561,LLLVALLLALLFALLSTLILI,Mutant
LLLVALLLALLFALLSTLILI,LLLVILLLALLFALLSTLILI,Right,clash,39.0976,-272.641,6841380000.0,6841380000.0,-74.1918,-273.774,-379.354,4556.55,-49.551,-31.389,3654.91,4596.22,56.2118,24.9342,3654.91,4596.22,56.2118,24.9342,-7.69636,1.10011e+17,4,A,126.40822,2.629585124,,,,,0.2709401755805442,0.0889664699868052,R,99999900.0,LLLVALLLALLFALLSTLILI,24455.124135549257,1215.5306192120784,27.974266807327524,0.10943523913212011,LLLVALLLALLFALLSTLILI,Mutant
LLLVALLLALLFALLSTLILI,LLLVALLLALLAALLSTLILI,Right,void,,,,,,,,,,,3666.47,4457.19,55.1498,44.6292,3654.91,4596.22,157.825,137.735,-7.69636,1.1e+17,11,F,85.6386,34.25957911,3621.8408,3517.175,104.6658,5.0,0.4096599429347862,0.0941624328247318,R,1.7191067933691608,LLLVALLLALLFALLSTLILI,25120.34395453931,1901.538327658059,28.747516836795263,-0.02928452822212191,LLLVALLLALLFALLSTLILI,Mutant
LLLVALLLALLFALLSTLILI,LLLVALLAALLFALLSTLILI,Right,void,,,,,,,,,,,3666.91,4556.96,56.8072,87.1961,3654.91,4596.22,112.209,166.827,-7.69636,1.1e+17,7,L,42.3993,67.2833295,3579.7139,3488.083,91.6309,5.0,0.5182625538675345,0.117451690025319,R,29.060780556897097,LLLVALLLALLFALLSTLILI,25474.688725077227,2136.2779646442373,36.46776956734374,-0.13788713915487022,LLLVALLLALLFALLSTLILI,Mutant
LLLTYLLVALLATLLSLLILI,LLLTYLLVALLATLLILLILI,Right,clash,33.6078,-283.934,11900500.0,11900200.0,-58.798,-276.639,-370.093,4608.54,-54.7468,-34.656,3727.15,4610.95,43.8006,5.79026,3724.02,4614.89,53.5783,9.81282,-7.2254,1.10011e+17,15,S,123.93014,4.463646427,,,,,0.1895705979576947,0.1063572755089531,R,13123672896150.344,LLLTYLLVALLATLLSLLILI,24428.754619334075,1055.9649131404412,22.18646899498404,0.3473811374077279,LLLTYLLVALLATLLSLLILI,Mutant
LLLTYLLVALLATLLSLLILI,LLLTYLLVALLITLLSLLILI,Right,clash,33.6165,-285.964,11899900.0,11899600.0,-74.0585,-278.707,-384.49,4604.05,-54.7468,-31.7243,3724.02,4614.89,51.5875,26.1165,3724.02,4614.89,51.5875,26.1165,-7.2254,1.10011e+17,11,A,104.1513,20.04831585,,,,,0.3529989854540142,0.1099256829176522,R,99999900.0,LLLTYLLVALLATLLSLLILI,24842.892208083897,1182.7525258502064,36.0920840082684,0.18395274991140842,LLLTYLLVALLATLLSLLILI,Mutant
LLLTYLLVALLATLLSLLILI,LLLTYLLVALLATLLSALILI,Right,void,,,,,,,,,,,3744.72,4581.95,41.3719,57.7329,3724.02,4614.89,92.1138,105.899,-7.2254,1.1e+17,16,L,71.7299,44.59420003,3686.9871,3618.121,68.8661,5.0,0.3689163102937925,0.0391682035218043,R,-76.12075383474493,LLLTYLLVALLATLLSLLILI,24965.71874025934,1671.880826588877,28.591926293869285,0.1680354250716301,LLLTYLLVALLATLLSLLILI,Mutant
LLLTYLLVALLATLLSLLILI,LLLTALLVALLATLLSLLILI,Right,void,,,,,,,,,,,3793.81,4475.52,44.7595,70.6139,3724.02,4614.89,151.74,127.594,-7.2254,1.1e+17,4,Y,67.8613,50.99389638,3723.1961,3596.426,126.7701,5.0,0.5094955598634734,0.055486357547492,R,-67.32424206198662,LLLTYLLVALLATLLSLLILI,25522.939549164545,1855.1326259353589,39.40464618284366,0.02745617550194923,LLLTYLLVALLATLLSLLILI,Mutant
LLLTALLIALLLSLLFVLILI,LLLTALLIALLLILLFVLILI,Right,clash,25.6255,-279.322,3289200.0,3288900.0,-45.0736,-276.048,-364.568,4611.44,-45.0736,-43.4461,3691.85,4598.67,57.101,13.4689,3689.39,4603.14,65.8792,13.0958,-7.2068,1.10011e+17,12,S,116.3531,10.37489794,,,,,0.2049733572571984,0.1149714356556801,R,-28.34709387835284,LLLTALLIALLLSLLFVLILI,24344.71524263381,1011.5721408051844,23.98751041747018,0.2575939063050679,LLLTALLIALLLSLLFVLILI,Mutant
LLLTALLIALLLSLLFVLILI,LLLTALLAALLLSLLFVLILI,Right,void,,,,,,,,,,,3737.38,4587.74,45.2795,78.2624,3689.39,4603.14,88.7333,124.794,-7.2068,1.1e+17,7,I,51.333,60.38979779,3659.1176,3564.596,94.5216,5.0,0.4156067210527471,0.0025666047702453,R,15.985666148395111,LLLTALLIALLLSLLFVLILI,25110.759307226486,1593.185936393976,34.97708196624696,0.0469605425095192,LLLTALLIALLLSLLFVLILI,Mutant
LLLTVLLALLLAFLLSILILI,LLLTVLLILLLAFLLSILILI,Right,clash,30.8344,-281.446,6823780.0,6823480.0,-60.3188,-277.769,-379.46,4599.44,-45.0588,-41.3724,3727.9,4621.88,51.5221,10.1225,3727.9,4621.88,51.5221,10.1225,-7.1711,1.10011e+17,7,A,120.80602,7.263329848,,,,,0.1537535439334729,0.021164683573651,R,11742878301369.703,LLLTVLLALLLAFLLSILILI,24208.5276272138,1507.2607521647317,11.629475514303635,0.226443049344226,LLLTVLLALLLAFLLSILILI,Mutant
LLLTVLLALLLAFLLSILILI,LLLTVLLALLLIFLLSILILI,Right,clash,30.5529,-281.455,20959500.0,20959200.0,-60.3188,-277.801,-379.353,4608.43,-45.0588,-41.2337,3727.9,4621.88,52.1529,9.46178,3727.9,4621.88,52.1529,9.46178,-7.1711,1.10011e+17,11,A,120.80602,7.263329848,,,,,0.2324381468429466,0.1090319427534091,R,-40.40834562747978,LLLTVLLALLLAFLLSILILI,24486.41376569601,1036.576931788565,25.936953208706413,0.14775844643475228,LLLTVLLALLLAFLLSILILI,Mutant
LLLTVLLALLLAFLLSILILI,LLLTVLLAALLAFLLSILILI,Right,void,,,,,,,,,,,3730.7,4578.13,59.3718,53.6392,3727.9,4621.88,112.394,105.536,-7.1711,1.1e+17,8,L,77.6904,40.84319148,3677.0608,3622.364,54.6968,4.0,0.4071585606870879,0.0128173545377282,R,-44.97247378841174,LLLTVLLALLLAFLLSILILI,25128.07205133192,1514.9910896413992,34.87654810777144,-0.026961967409389,LLLTVLLALLLAFLLSILILI,Mutant
LLLTVLLALLLAFLLSILILI,LLLTVLLALLLAALLSILILI,Right,void,,,,,,,,,,,3751.73,4515.69,45.9311,83.1361,3727.9,4621.88,139.006,184.191,-7.1711,1.1e+17,12,F,46.6859,64.03852968,3668.5939,3543.709,124.8849,4.0,0.4742879773650789,0.0110298960321455,R,-49.30135140509952,LLLTVLLALLLAFLLSILILI,25649.899744788607,1524.6114361972857,39.08856849640184,-0.09409138408737999,LLLTVLLALLLAFLLSILILI,Mutant
LLLYVLLFTLLAALLSLLILI,LLLYVLLFTLLAALLILLILI,Right,clash,26.0651,-277.344,1122370.0,1122070.0,-58.7947,-278.905,-358.737,4703.91,-49.5141,-21.0373,3985.62,4826.46,45.5324,11.7928,3982.59,4831.34,55.5256,18.887,-6.70548,1.10011e+17,15,S,117.9276,9.090937123,,,,,-0.0987553490279266,0.2834265474337139,R,99999900.0,LLLYVLLFTLLAALLSLLILI,23252.21999280864,854.8738263363259,8.51820390421141,0.2454289359419514,LLLYVLLFTLLAALLSLLILI,Mutant
LLLYVLLFTLLAALLSLLILI,LLLYVLLFTLLAALLSALILI,Right,void,,,,,,,,,,,3992.29,4783.78,45.2521,45.55,3982.59,4831.34,100.049,95.0461,-6.70548,1.1e+17,16,L,83.9128,35.18385204,3946.74,3887.5439,59.1961,5.0,0.1733734264520166,0.0741244630155425,R,-8.347249619532896,LLLYVLLFTLLAALLSLLILI,24186.405572260963,1157.3977623250337,18.919438954320512,-0.026699839537991793,LLLYVLLFTLLAALLSLLILI,Mutant
LLLYVLLFTLLAALLSLLILI,LLLYVLLFILLAALLSLLILI,Right,clash,26.0343,-276.164,1122290.0,1122000.0,-60.3624,-277.93,-362.052,4690.66,-45.0059,-23.7592,3991.59,4807.0,53.3967,11.9664,3982.59,4831.34,78.9653,25.5106,-6.70548,1.10011e+17,8,T,119.3632,9.111731095,,,,,0.2383771209742048,0.0288429115442442,R,-70.48617258120072,LLLYVLLFTLLAALLSLLILI,24284.027280058013,1420.912681243729,21.683340439043903,-0.09170353406018,LLLYVLLFTLLAALLSLLILI,Mutant
LLLYVLLFTLLAALLSLLILI,LLLYVLLATLLAALLSLLILI,Right,void,,,,,,,,,,,3969.47,4686.61,55.9005,66.2591,3982.59,4831.34,155.524,171.347,-6.70548,1.1e+17,7,F,73.0502,43.73049252,3903.2109,3811.243,91.9679,5.0,0.3380899233784337,0.1017532050203922,R,99999900.0,LLLYVLLFTLLAALLSLLILI,24780.231968904613,1196.6819796889984,34.3585810399536,-0.1914163364644089,LLLYVLLFTLLAALLSLLILI,Mutant
LLLYFLLAILLTVLLSLLILI,LLLYFLLIILLTVLLSLLILI,Right,clash,33.7697,-283.504,371330000000.0,371330000000.0,-74.345,-285.002,-378.466,4728.74,-49.88,-19.1194,3950.86,4707.42,53.395,9.11801,3950.86,4707.42,53.395,9.11801,-6.17801,1.10011e+17,7,A,120.47739,7.035751269,,,,,0.0463325939210341,0.2912244956141117,R,99999900.0,LLLYFLLAILLTVLLSLLILI,24045.46926297681,912.9041107929608,21.137618107336127,0.1591871692276821,LLLYFLLAILLTVLLSLLILI,Mutant
LLLYFLLAILLTVLLSLLILI,LLLYFLLAILLIVLLSLLILI,Right,clash,33.3103,-280.312,588157000.0,588156000.0,-60.4787,-281.768,-366.341,4745.47,-45.1245,-24.0947,3970.59,4679.49,52.9054,11.6735,3950.86,4707.42,83.3698,15.5211,-6.17801,1.10011e+17,11,T,118.5943,8.961155404,,,,,0.2697766882671573,0.066527318512088,R,13323855084316.863,LLLYFLLAILLTVLLSLLILI,24503.03162865228,1259.3990748601284,26.54723849498064,-0.06425692511844108,LLLYFLLAILLTVLLSLLILI,Mutant
LLLYFLLAILLTVLLSLLILI,LLLYALLAILLTVLLSLLILI,Right,void,,,,,,,,,,,4012.11,4661.81,47.9111,60.718,3950.86,4707.42,116.469,106.94,-6.17801,1.1e+17,4,F,77.7572,43.8475626,3951.392,3843.92,107.472,4.0,0.3391023501580451,0.0752580388793287,R,-56.87190179548587,LLLYFLLAILLTVLLSLLILI,24960.534524413943,1740.562502450747,23.955370829007943,-0.13358258700932887,LLLYFLLAILLTVLLSLLILI,Mutant
LLLYFLLAILLTVLLSLLILI,LLLAFLLAILLTVLLSLLILI,Right,void,,,,,,,,,,,3820.49,4523.99,56.8269,76.5171,3950.86,4707.42,175.958,290.056,-6.17801,1.1e+17,3,Y,93.2137,45.08144662,3743.9729,3660.804,83.1689,4.0,0.3777905283640382,0.0015104113217756,R,-46.824901248458914,LLLYFLLAILLTVLLSLLILI,25196.64273770321,1466.6140153074978,31.56677676435762,-0.172270765215322,LLLYFLLAILLTVLLSLLILI,Mutant
LLLLVLLIALLATLLSFLILI,LLLLVLLIALLAILLSFLILI,Right,clash,21.7509,-269.281,75405400.0,75405100.0,-60.3999,-273.968,-369.86,4597.93,-45.0358,-35.4919,3869.45,4654.16,56.2655,31.3841,3861.29,4690.03,86.7328,56.3944,-5.97089,1.10011e+17,12,T,98.4379,24.17471615,,,,,0.1399524872001213,0.0840328359122986,R,-40.409410660558265,LLLLVLLIALLATLLSFLILI,24030.075166369294,1733.7006339351703,6.748057429966003,0.19434274932627163,LLLLVLLIALLATLLSFLILI,Mutant
LLLLVLLIALLATLLSFLILI,LLLLVLLAALLATLLSFLILI,Right,void,,,,,,,,,,,3868.34,4639.1,58.0663,66.46,3861.29,4690.03,110.897,140.452,-5.97089,1.1e+17,7,I,63.1354,51.28268442,3801.88,3720.838,81.042,4.0,0.3033659086951584,0.2641659777262929,R,-30.842884097799395,LLLLVLLIALLATLLSFLILI,24742.781668224587,2435.5364088188585,9.767968278122282,0.030929327831234532,LLLLVLLIALLATLLSFLILI,Mutant
LLLLVLLIALLATLLSFLILI,LLLLVLLIALLATLLSALILI,Right,void,,,,,,,,,,,3832.3,4589.14,41.947,52.415,3861.29,4690.03,134.592,195.214,-5.97089,1.1e+17,16,F,77.0478,40.48653358,3779.885,3666.076,113.809,4.0,0.3286040268682712,0.0129574572952156,R,-28.384721444374502,LLLLVLLIALLATLLSFLILI,24836.63834465349,1442.7387927553673,28.30251510867473,0.005691209658121699,LLLLVLLIALLATLLSFLILI,Mutant
LLLLVLLIALLATLLSFLILI,LLLLVLLIALLATLLIFLILI,Right,clash,21.7525,-270.461,69734.7,69436.4,-58.7941,-275.025,-369.491,4598.5,-49.5366,-35.6712,3865.22,4682.92,47.5115,13.7198,3861.29,4690.03,57.9963,19.9466,-5.97089,1.10011e+17,15,S,116.0006,10.57643979,,,,,0.3723143791089558,0.0650872507367694,R,-22.079331608336712,LLLLVLLIALLATLLSFLILI,25061.1742867012,1729.9092306866305,27.34093892690233,-0.03801914258256289,LLLLVLLIALLATLLSFLILI,Mutant
LLLVALLIALLFTLLSLLILI,LLLVALLIALLFILLSLLILI,Right,clash,22.9069,-271.102,23133.3,22840.0,-60.4562,-274.106,-371.603,4611.69,-45.1027,-37.041,3865.8,4645.99,45.8436,8.86986,3859.43,4661.46,71.1033,15.2938,-5.63805,1.10011e+17,12,T,120.95214,6.832324259,,,,,0.1035355516801462,0.1580164686149682,R,19084990908990.9,LLLVALLIALLFTLLSLLILI,23861.43755369987,838.3484447227481,18.03816356331652,0.4424007456723232,LLLVALLIALLFTLLSLLILI,Mutant
LLLVALLIALLFTLLSLLILI,LLLVALLAALLFTLLSLLILI,Right,void,,,,,,,,,,,3888.98,4620.43,56.7719,98.6195,3859.43,4661.46,105.67,156.687,-5.63805,1.1e+17,7,I,30.9759,76.09799422,3790.3605,3702.743,87.6175,4.0,0.3545448314627258,0.1052838691268053,R,-14.851154753590206,LLLVALLIALLFTLLSLLILI,24902.42536139029,1900.4169033978087,23.47029321006806,0.1913914658897436,LLLVALLIALLFTLLSLLILI,Mutant
LLLVALLIALLFTLLSLLILI,LLLVALLIALLATLLSLLILI,Right,void,,,,,,,,,,,3861.85,4524.89,51.5034,49.0915,3859.43,4661.46,152.555,145.777,-5.63805,1.1e+17,11,F,81.1763,37.68506108,3812.7585,3713.653,99.1055,4.0,0.4368424219208428,0.1233985298919094,R,-35.06621507311777,LLLVALLIALLFTLLSLLILI,25254.015882284577,2011.719915107752,29.29296322042806,0.10909387543162657,LLLVALLIALLFTLLSLLILI,Mutant
LLLVALLIALLFTLLSLLILI,LLLVALLIALLFTLLILLILI,Right,clash,22.9073,-272.282,666.004,367.02,-58.8866,-275.237,-368.021,4651.52,-49.6085,-33.8978,3864.7,4673.25,34.1019,16.9071,3859.43,4661.46,35.4203,18.4858,-5.63805,1.10011e+17,15,S,112.8133,13.03349358,,,,,0.466022026276532,0.2431227524840382,R,99999900.0,LLLVALLIALLFTLLSLLILI,25318.76838892536,926.416808167328,53.45466704991223,0.0799142710759374,LLLVALLIALLFTLLSLLILI,Mutant
LLLTALLIALLLVLLSWLILI,LLLTALLIALLLILLSWLILI,Right,clash,26.3247,-283.183,82119300000.0,82119300000.0,-60.4027,-279.616,-388.289,4660.35,-45.0273,-48.27,3927.96,4690.91,42.3721,22.4974,3905.79,4700.75,69.4093,29.3102,-5.55503,1.10011e+17,12,V,107.3246,17.32942028,,,,,0.2460081727125423,0.0294828773437592,R,0.6850622107719975,LLLTALLIALLLVLLSWLILI,24464.412199527964,1352.0613842835658,22.36068896874696,0.0132521941549186,LLLTALLIALLLVLLSWLILI,Mutant
LLLTALLIALLLVLLSWLILI,LLLTALLIALLAVLLSWLILI,Right,void,,,,,,,,,,,3948.1,4660.91,50.8173,60.294,3905.79,4700.75,106.463,108.047,-5.55503,1.1e+17,11,L,69.9738,46.28465361,3887.806,3797.743,90.063,4.0,0.3424829527313893,0.0014836302756876,R,-5.243269679370126,LLLTALLIALLLVLLSWLILI,24817.00147902808,1542.6085682705782,28.60982952174472,-0.08322258586392839,LLLTALLIALLLVLLSWLILI,Mutant
LLLTALLIALLLVLLSWLILI,LLLTALLIALLLVLLSALILI,Right,void,,,,,,,,,,,3903.79,4558.99,40.8655,54.4753,3905.79,4700.75,165.454,195.76,-5.55503,1.1e+17,16,W,53.7962,58.44659624,3849.3147,3710.03,139.2847,4.0,0.3881736986894769,0.0010703314468572,R,-7.811404905344323,LLLTALLIALLLVLLSFLILI,24949.41156170528,1609.464604911046,32.58972650608364,-0.12891333182201598,LLLTALLIALLLVLLSWLILI,Mutant
LLLTALLIALLLVLLSWLILI,LLLTALLIALLLVLLIWLILI,Right,clash,26.3249,-283.773,1997.05,1694.57,-45.0273,-280.138,-377.266,4678.84,-45.0273,-52.1005,3907.57,4697.56,41.9395,27.987,3905.79,4700.75,51.1093,40.1163,-5.55503,1.10011e+17,15,S,101.7334,21.57486409,,,,,0.5834330465029226,0.0410306157813477,R,-4.806319790347798,LLLTALLIALLLVLLSWLILI,25702.403975098216,1754.2377323302787,51.31880402554441,-0.3241726796354617,LLLTALLIALLLVLLSWLILI,Mutant
LLLTYLLAVLLAILLFLLILI,LLLTYLLAVLLIILLFLLILI,Right,clash,26.0804,-283.184,664531000.0,664531000.0,-45.0281,-282.498,-355.956,4707.2,-48.6528,-28.4301,3856.46,4815.7,58.6425,21.8984,3856.46,4815.7,58.6425,21.8984,-5.53152,1.10011e+17,11,A,108.3694,16.81029387,,,,,0.2472388018808826,0.11804289739402,R,18428319730718.645,LLLTYLLAVLLAILLFLLILI,24507.330954369347,1018.3062208535316,27.71105276219042,0.007042868507920186,LLLTYLLAVLLAILLFLLILI,Mutant
LLLTYLLAVLLAILLFLLILI,LLLTYLLAVLLAILLALLILI,Right,void,,,,,,,,,,,3919.88,4744.94,41.5034,45.5226,3856.46,4815.7,124.876,45.2573,-5.53152,1.1e+17,15,F,84.1978,35.09286126,3874.3574,3811.2027,63.1547,5.0,0.2958456630080461,0.0231971453981115,R,5113270767192.783,LLLTYLLAVLLAILLFLLILI,24863.1726225142,1355.3116998400044,26.16429658219609,-0.04156399261924332,LLLTYLLAVLLAILLFLLILI,Mutant
LLLTYLLAVLLAILLFLLILI,LLLTYLLIVLLAILLFLLILI,Right,clash,26.4318,-283.17,665088000.0,665088000.0,-45.0281,-282.494,-358.637,4699.26,-48.7214,-31.1152,3856.46,4815.7,55.6557,6.56534,3856.46,4815.7,55.6557,6.56534,-5.53152,1.10011e+17,7,A,108.3694,16.81029387,,,,,0.4284798758096454,0.1764836615974375,R,12638932272600.932,LLLTYLLAVLLAILLFLLILI,25105.471296283315,1117.8369871265452,46.36047638005542,-0.17419820542084263,LLLTYLLAVLLAILLFLLILI,Mutant
LLLTYLLAVLLAILLFLLILI,LLLTALLAVLLAILLFLLILI,Right,void,,,,,,,,,,,3912.14,4607.63,58.2482,77.9471,3856.46,4815.7,179.516,164.623,-5.53152,1.1e+17,4,Y,60.5281,56.28957387,3834.1929,3691.837,142.3559,5.0,0.5323377748590638,0.0753077842065339,R,-53.01171160998764,LLLTYLLAVLLAILLFLLILI,25811.60402877965,1819.3790761777457,40.144234099393714,-0.27805610447026097,LLLTYLLAVLLAILLFLLILI,Mutant
