,C1-Rep2,C2-Rep2,C3-Rep2,C4-Rep2,C5-Rep2
0,,,,,
1,0.4767734039954086,0.41916085277158893,0.09410949917812338,0.007062854657358976,0.002893389397520263
2,0.312464136656076,0.5412584909704344,0.13060927076226403,0.012023512350235285,0.003644589260990235
3,0.33692276498754237,0.5049174082900193,0.13692284889571155,0.014146437855482204,0.0070905399712446705
4,0.26892588459693073,0.4434896961092857,0.24493958635525215,0.03636098245985589,0.006283850478675567
5,0.245837080169808,0.40077623951465313,0.28719523819154147,0.056135197412829,0.010056244711168498
6,0.24779004303881969,0.47796362963401967,0.23563645473830672,0.03100976328349148,0.007600109305362287
7,0.14021214978973187,0.4491286983417934,0.3340520274101824,0.06518504459691737,0.011422079861374893
8,0.33960582721243293,0.4898980745304553,0.15164850240328176,0.015675453511735903,0.003172142342094154
9,0.3161214218217184,0.5173309797399418,0.1482159936826328,0.01346162520695893,0.004869979548747984
10,0.4916124047970694,0.41575501999759784,0.08215433421281211,0.008799959552715092,0.0016782814398056392
11,0.14489485677462746,0.41340857782165924,0.3392172552921077,0.08342299156651342,0.01905631854509219
12,0.18567590628657354,0.37243918234643053,0.35739841398243066,0.07342820869021849,0.011058288694346807
13,0.104034223114212,0.5475445518277878,0.29114932365992113,0.04793180263867171,0.009340098759407249
14,0.22081572570384933,0.4241389144328201,0.28190739354888034,0.05867760627825215,0.014460360036197887
15,0.3556247759943613,0.4140653084581129,0.20095186851345423,0.024140628033526183,0.005217419000545218
16,0.0931487684743696,0.29475194496435897,0.423788625319372,0.1637780544604301,0.024532606781469343
17,0.109598891415965,0.4234717034583054,0.36451897997571403,0.0894578127250022,0.01295261242501335
18,0.1815320296840661,0.44588732870474407,0.3054153815713244,0.05984665083472197,0.00731860920514352
19,0.1976080176930644,0.44940054677868024,0.29134982622883177,0.048287155485079204,0.013354453814344419
20,0.2976344937051021,0.38153068241426036,0.2573488615925656,0.05405388706933996,0.009432075218732025
21,0.2528848036202886,0.5353692903742756,0.18320754287483326,0.024708287237481284,0.0038300758931213616
22,0.05531727025584857,0.26115203890941613,0.4435511696380264,0.21183078113313877,0.0281487400635702
23,0.20091571466516736,0.51299016684974,0.244848684167393,0.033749502300095637,0.007495932017604092
24,0.2510668350279541,0.4895699870216901,0.22447237262880967,0.02717298888146246,0.007717816440083632
25,0.4200405370423628,0.43865728310413593,0.1252398093472844,0.01395586757203094,0.0021065029341859015
26,0.1890902012115148,0.43646770424382514,0.3059578621177461,0.059621254094830066,0.008862978332084001
27,0.2115035617626396,0.38163234274767505,0.31768487070982304,0.0803744273936833,0.00880479738617917
28,0.13743408412513927,0.3832470707193744,0.36724641972565336,0.09767895765576347,0.014393467774069503
29,0.1258705402518942,0.3267994130128545,0.40392971984689063,0.12520951260554727,0.018190814282813435
30,0.18901324047464846,0.4524420092862673,0.3051491917917982,0.045975003628289435,0.007420554818996516
31,0.18059645958929188,0.5331357124669058,0.24909419137022587,0.030334791293388258,0.006838845280188232
32,0.15570441208991292,0.35531874327986424,0.3730632086007767,0.10404641675677971,0.011867219272666237
33,0.1360773278445829,0.3432020082176857,0.3889544854682455,0.11695497024253626,0.014811208226949665
34,0.2013505883956015,0.5215218589881662,0.24480575987923575,0.027447035105324303,0.004874757631672331
35,0.336948156371772,0.4330059365216056,0.19682764550026086,0.02969448694067266,0.0035237746656889626
36,0.4002000293966069,0.2541783750650539,0.2561469152410497,0.07939460522587515,0.010080075071414374
37,0.16357791769017052,0.5676501374232349,0.22977916080415683,0.03237906812827293,0.0066137159541649155
38,0.5446629257111921,0.14443663625912062,0.2062607435188628,0.08784050001125267,0.016799194499571925
39,0.13803741336123435,0.49471483065163074,0.3005920235035325,0.05800490847582747,0.008650824007774978
40,0.11445815605385577,0.39419264112455166,0.392627128181219,0.08570318048603344,0.013018894154340249
41,0.19000647362530654,0.43966434704597324,0.3040804543802423,0.052913355100412264,0.013335369848065885
42,0.3252050490432577,0.3995462382499561,0.23435968941633675,0.035653100139670914,0.0052359231507785675
43,0.12417482350579996,0.44262209493123306,0.35982916066599946,0.06535235104106492,0.008021569855902624
44,0.8525123963796495,0.10190907623105858,0.022485378196246183,0.019645123128878762,0.003448026064167111
45,0.14452974748070407,0.30797388010422444,0.39430462209651396,0.135977230389476,0.01721451992908149
46,0.3187288295307485,0.43179432481054786,0.22344683351932632,0.022404935668970703,0.0036250764704067154
47,0.11835612365974972,0.45008220895646667,0.35749085568366934,0.06033760638692282,0.013733205313191438
48,0.9298902949247745,0.032767379151353346,0.015966867212697838,0.011281747128378533,0.010093711582795704
49,0.06024487800624079,0.30950654078649115,0.41290789715295695,0.18910079769283822,0.028239886361472955
50,0.284680056151571,0.44170334664598154,0.23815434272774968,0.03296765815930281,0.002494596315394948
51,0.6188291871175448,0.31584494866034685,0.05199250404319587,0.010566419905459937,0.0027669402734524237
52,0.6404272496392903,0.04409550911079661,0.008860124028286492,0.09244925771663004,0.21416785950499648
53,0.17906325528274053,0.3644955804748692,0.37190847017496265,0.07518333190815565,0.00934936215927196
54,0.09696921139406262,0.5172005077603712,0.32358827343947566,0.05419956384686068,0.008042443559229947
55,0.17067248971550464,0.4614453617151144,0.316265944814025,0.045012524760133094,0.006603678995222652
56,0.8382384272507384,0.06501251164481132,0.06384489737944748,0.029409675950488146,0.0034944877745146778
57,0.1177093055402168,0.24371958864686127,0.43989608619735104,0.17414324888712765,0.02453177072844327
58,0.04967992603428264,0.34809451170115113,0.42831846955905845,0.15190697121613608,0.022000121489371825
59,0.08824583800791778,0.3458046640839012,0.42231531476763395,0.12510694896551217,0.018527234175034865
60,0.2230394659065056,0.37912475634092246,0.3132863066565478,0.07572953356745703,0.008819937528567
61,0.22394592790373538,0.30503036220643687,0.36074560888032964,0.09816306044990722,0.012115040559590926
62,0.19042795411539445,0.4566442103411392,0.28819949173603954,0.058648406493889874,0.00607993731353666
63,0.08070788746054296,0.5634414808800394,0.29983643699383355,0.04670668074325676,0.00930751392232731
64,0.22627090563960867,0.4357148072019858,0.2831638698880165,0.047300378519841396,0.007550038750547562
65,0.09665540323663124,0.25640157726926993,0.40059147597621253,0.21294613590427447,0.03340540761361183
66,0.03549775964122062,0.4794890997482093,0.395160713583605,0.07838361047447062,0.011468816552494487
67,0.12162240195512307,0.3432269216870388,0.3595328082913908,0.1523565417270502,0.023261326339397145
68,0.20415508509885003,0.019357575266962253,0.08667062796034351,0.38234498855473015,0.30747172311911397
69,0.3174319838746879,0.3516311604840371,0.2600959465328342,0.06508874552878204,0.005752163579658842
70,0.04038911399807845,0.3587876626902902,0.45699299708186875,0.12823068155371092,0.015599544676051631
71,0.09321686949018489,0.47469414640411334,0.32871165661071067,0.08638377769950166,0.0169935497954893
72,0.11643295928625594,0.41194085396026353,0.3577976424248262,0.10210044353766363,0.011728100790990594
73,0.8662343744645529,0.12821900580771392,0.0037265756354515865,0.0,0.0018200440922815661
74,0.22249872103915092,0.5501256810652881,0.19732118934626677,0.026389403005355666,0.003665005543938535
75,0.7672930283224401,0.1414693694105459,0.07376651126651126,0.012919542331307038,0.004551548669195728
76,0.31803461953349993,0.2876847996945496,0.28866749632868954,0.09299212962570316,0.012620954817557834
77,0.09222325876302859,0.40794583391646494,0.4239415188049249,0.06861413421763918,0.007275254297942416
78,0.06300908713380877,0.22119437441345643,0.45106141908396197,0.2288636668334331,0.035871452535339764
79,0.07241568755879511,0.513516509198327,0.3329648128929831,0.06861519754393551,0.012487792805959231
80,0.1552337234111334,0.35458619094747623,0.38056407935505365,0.09701647676691319,0.012599529519423489
81,0.21685294214810774,0.4684739054519319,0.2707010731756055,0.03723199818223277,0.006740081042122082
82,0.17788541566280894,0.44992903638418474,0.30501158634344633,0.05971456856749866,0.007459393042061274
83,0.11972789275472684,0.39634607904220037,0.37137041418867156,0.10315018452714929,0.009405429487251968
84,0.1607107256338645,0.3860049647054258,0.34643587431920553,0.09141550561837401,0.015432929723130344
85,0.19195730781356538,0.6361597980941226,0.158042598665308,0.012449532363193657,0.0013907630638102957
86,0.2478862685449247,0.29403837559589585,0.33090312903338326,0.10943620006173688,0.017736026764059123
87,0.08204038249775006,0.6422499441757125,0.23819853675100383,0.031188502998847664,0.006322633576686037
88,0.31714914033260394,0.47294185767613484,0.18002536240880426,0.02391868670436898,0.005964952878088165
89,0.04067126574906807,0.06005981786701732,0.2501460946276494,0.4722307073041041,0.17689211445216113
90,0.10048661659079454,0.23981289214314713,0.40283595377875786,0.22650434489971405,0.03036019258758642
91,0.17031469945877378,0.40232750549222573,0.3283845949319518,0.08353035367606539,0.01544284644098327
92,0.06646829169080032,0.29035375888155424,0.41969677810152495,0.19676722479893533,0.026713946527185183
93,0.12275581281271461,0.5738765632810566,0.2594339953189163,0.037373921411986755,0.006559707175325737
94,0.06832225688685938,0.3627675876853691,0.412625674206337,0.13866093203034818,0.01762354919108647
95,0.27571462112391126,0.020051240381104424,0.06670686309567697,0.32249480914958634,0.315032466249721
96,0.7713634838504599,0.126681113754418,0.08774713728181154,0.014208265113310407,0.0
97,0.10205289389693499,0.01200787915725603,0.028168899893980727,0.25714163927989236,0.600628687771936
98,0.11954025597003007,0.5556607816661009,0.27875298621518557,0.043125442422454426,0.002920533726229204
99,0.05450409032020832,0.26507426877511364,0.44474883144021815,0.20713265596100522,0.028540153503454693
100,0.0,0.18524793855190333,0.464508434732945,0.29950322015499026,0.05074040656016135
101,0.12585983521647948,0.39273174783487164,0.36998465274165765,0.09222827256997679,0.019195491637014374
102,0.1389567960784065,0.38882018279125924,0.3681966948602693,0.09059910471377992,0.013427221556284917
103,0.14177765229793765,0.2636885666252218,0.40257843794266457,0.17749082733560703,0.014464515798569085
104,0.0,0.18695799076472577,0.5216862970581087,0.29135571217716555,0.0
105,0.0,0.5491146544019186,0.35088969254371594,0.08251138952767786,0.017484263526687596
106,0.7474954581676707,0.0,0.0,0.05898888091171616,0.19351566092061312
107,0.22946902696675928,0.13577276678572103,0.338605741066198,0.2577621558289397,0.03839030935238204
108,0.16865827546123308,0.34537579783213446,0.36962904061993684,0.10119052397916352,0.015146362107532362
109,0.09037581827191404,0.09386015700388597,0.2635618496205305,0.39482606994757846,0.1573761051560911
110,0.2705863110312288,0.33921616803201476,0.3084214286147737,0.07341140953908583,0.008364682782896883
111,0.0,0.11027663561858411,0.0571207798383262,0.407261335347263,0.4253412491958267
112,0.7329010738850656,0.01832880767217582,0.00868610100622818,0.08496220063467538,0.1551218168018551
113,0.17117200809832853,0.02166617658010689,0.05300382113964703,0.29835753183707225,0.4558004623448454
114,0.36147833651352934,0.32042274789138714,0.2511396150103531,0.059869795747371855,0.007089504837358609
115,0.7939827381809721,0.08736164508015999,0.09634155799550172,0.017018070620561286,0.00529598812280488
116,0.06747665976874902,0.2450217286496626,0.41581899217367196,0.21858356717817745,0.05309905222973899
117,0.9247854991248106,0.04103443824450451,0.025434053561359984,0.00743312677475515,0.0013128822945698232
118,0.4209713342184328,0.20794577351842827,0.020272789503482855,0.14595066984145144,0.20485943291820458
119,0.0,0.6721780451022494,0.2514615659056237,0.054912415485266146,0.021447973506860767
120,0.04599166058534209,0.47319613294608964,0.38923347499766686,0.08461246163016224,0.006966269840739269
121,0.30940673655407896,0.017917850433621874,0.0232275427584045,0.22497336383805394,0.4244745064158407
122,0.7100203903291582,0.2245016853231243,0.05482501768548957,0.010652906662227955,0.0
123,0.04248716541264601,0.413765060970157,0.4281826342882467,0.1016905440303791,0.013874595298571213
124,0.2527554889339565,0.22321664756194343,0.36593995238515126,0.15123886782470683,0.0068490432942421315
125,0.0,0.41950666069904924,0.437568789981319,0.12377175592267192,0.01915279339695984
126,0.14742677570828533,0.3913926311925809,0.3396059385854363,0.10627688446663207,0.015297770047065335
127,0.22808832852208508,0.38599563288352856,0.3189729273722603,0.0601896759951605,0.006753435226965597
128,0.0,0.4531696280801374,0.4203225855486414,0.11642438988223112,0.010083396488990131
129,0.1565781450390831,0.599886325707036,0.21612648378157634,0.023183345939852676,0.004225699532451941
130,0.34629410091922697,0.04414062067208084,0.1716631397010758,0.3088212548611188,0.1290808838464976
131,0.1041051726522723,0.41752882852681833,0.36467782484485073,0.0994932461385579,0.014194927837500742
132,0.02893768462517042,0.02234388347126363,0.08920088816936798,0.4199573278936297,0.4395602158405683
133,0.0,0.11443778478213222,0.36857481384651936,0.41379052665009514,0.10319687472125327
134,0.3308614944503488,0.1857075505621569,0.3390001837897445,0.11864826638325755,0.025782504814492218
135,0.06412663880306606,0.40886688531244275,0.3807788134981239,0.12425279546508225,0.021974866921285106
136,0.0,0.0,0.4208439575219255,0.4016923982179383,0.1774636442601362
137,0.9190816565347122,0.041774913744869364,0.03227154029475641,0.006871889425662045,0.0
138,0.3027853330757497,0.27729405385694805,0.29254706023553967,0.09004655180199374,0.03732700102976891
139,0.037088697959121675,0.3185309321411755,0.4756028717097102,0.14814619797177908,0.020631300218213487
140,0.878651692601824,0.03993725520387247,0.07607325358713538,0.005337798607168176,0.0
141,0.0,0.5883090031952886,0.3532526195251528,0.05140240178809343,0.007035975491465267
142,0.0,0.6405982121957855,0.33672843216023174,0.022673355643982766,0.0
143,0.07817920588581825,0.3463449278018511,0.41825670598400244,0.13688193017136424,0.02033723015696388
144,0.6579532405827134,0.2531719114261437,0.08675338131447012,0.0,0.002121466676672824
145,0.12379272274631804,0.028922719177887114,0.022425494344958375,0.2537264973588585,0.5711325663719778
146,0.0,0.35214344765426325,0.49853053647218115,0.1317386359541769,0.0175873799193787
147,0.076919274383776,0.0908284406601986,0.3647167545077434,0.369502322785486,0.09803320766279593
148,0.0,0.455491070922751,0.43900635535712607,0.08525173884364128,0.020250834876481633
149,0.037464570907792816,0.2338908226504797,0.43110032455145314,0.2536022347305855,0.043942047159688934
150,0.039449268267084225,0.4063440864070332,0.41981479085173323,0.11515027260510217,0.019241581869047206
151,0.0,0.6153602652371849,0.3270606071965579,0.05757912756625723,0.0
152,0.06620079775767233,0.28628495526551806,0.42453336569080247,0.19874676600859104,0.024234115277416146
153,0.2392935665214401,0.3450307171913069,0.32328058447289526,0.080950387669861,0.011444744144496708
154,0.15449723586578007,0.4965578350013717,0.289152639388414,0.05270746097954428,0.007084828764889863
155,0.013338598508359396,0.12745306580986007,0.3592886918384145,0.396324591409447,0.10359505243391906
156,0.04433272610721828,0.019392460702428633,0.07518816428560952,0.39909196952783754,0.46199467937690597
157,0.5826772465095666,0.10336776205574301,0.040510972571684276,0.148636571917895,0.12480744694511116
158,0.16175869472439092,0.6391053508075648,0.16792939532376722,0.021809203870674962,0.00939735527360213
159,0.3306332685032807,0.43587778568222685,0.15688211209594435,0.04924234328581503,0.027364490432732962
160,0.03551406642624937,0.1585265052518447,0.408779727541449,0.31546893243065344,0.08171076834980358
161,0.45394744054993363,0.33669184637817806,0.1877788863185361,0.015904514440875185,0.005677312312476931
162,0.12824042003043556,0.2283632388087767,0.39667851048852787,0.21273638420677732,0.03398144646548247
163,0.0,0.5685766012624163,0.3701446314690675,0.04592976790461745,0.01534899936389881
164,0.09023775949701066,0.016656917667488492,0.01524208309452712,0.2780324060274195,0.5998308337135541
165,0.06198539174564685,0.0,0.04538956345629997,0.331050314813078,0.5615747299849753
166,0.0,0.7214733137565069,0.25135572579837184,0.007947382457903003,0.01922357798721815
167,0.14365621493393177,0.033389144444315774,0.04721839413940668,0.2877293370383622,0.48800690944398356
168,0.0,0.43063767034291145,0.43691770936835433,0.11417729600438814,0.018267324284346215
169,0.0,0.21840575079326294,0.07383966605210501,0.29570040376528645,0.4120541793893456
170,0.0,0.4576196427258693,0.5423803572741307,0.0,0.0
171,0.33195897485459325,0.33266012981789395,0.28337319967803715,0.043175985632008286,0.008831710017467286
172,0.0434696632838145,0.3583781231025255,0.43163927065634883,0.1485723236836616,0.01794061927364966
173,0.3419699980571339,0.11882160058081472,0.3516255313057083,0.16579124074156132,0.021791629314781805
174,0.29038174042025455,0.0446273592128379,0.014783835498270658,0.2208317894542441,0.42937527541439274
175,0.08981340510028533,0.39172684693331095,0.39667921186628297,0.10499082918286351,0.01678970691725734
176,0.0,0.6799338992387114,0.32006610076128866,0.0,0.0
177,0.2751719328683807,0.010975845206200428,0.06643780486622251,0.30355044348585797,0.34386397357333853
178,0.2980557299939665,0.45376971667097643,0.19597108837255117,0.04160910199106055,0.01059436297144546
179,0.0,0.057514130709908774,0.14708642229577237,0.48142484136936764,0.3139746056249513
180,0.0,0.5010734207470516,0.40093573952067224,0.07885099318370126,0.019139846548574986
181,0.4126627653371915,0.3845315754447889,0.1686320546369349,0.03417360458108477,0.0
182,0.07484292312136699,0.36935335038839456,0.40084627137286094,0.13775797566929415,0.017199479448083376
183,0.44701754385964915,0.2922152839726435,0.19400118941421352,0.061506987808504325,0.005258994944989594
184,0.0,0.700701468940429,0.2992985310595711,0.0,0.0
185,0.3356477877759441,0.43336742343498885,0.23098478878906686,0.0,0.0
186,0.0,0.32024132095160424,0.45727031980287436,0.18968949219126788,0.03279886705425337
187,0.0,0.48430503953510534,0.3922251595694008,0.10212441649995238,0.021345384395541588
188,0.8293329811907503,0.11423554990970146,0.04214737539081316,0.014284093508735055,0.0
189,0.0,0.41437192227864406,0.3799328639981008,0.15730003648316276,0.04839517724009238
190,0.0,0.7186517310645026,0.2692320006459039,0.012116268289593288,0.0
191,0.6418690351091854,0.24642286487498025,0.0891368811988081,0.0225712188170263,0.0
192,0.0,0.652846252347887,0.2926497377603126,0.045104596981490636,0.009399412910309938
193,0.0,0.5615165648533286,0.373902436926852,0.059442554057579235,0.005138444162240104
194,0.11699087214074506,0.38695568022400767,0.3771023673663138,0.10910294754082768,0.00984813272810583
195,0.2656083631787823,0.2150659330022412,0.281740541908967,0.2226368733386447,0.014948288571364751
196,0.0,0.42504065332818236,0.5373830936059726,0.0,0.03757625306584491
197,0.0,0.026139144831557735,0.030822595738554563,0.28390440541318746,0.6591338540167003
198,0.020044995034969586,0.035912638278899595,0.05493296274742302,0.3526408671269751,0.5364685368117327
199,0.3369174746388968,0.32370533892093234,0.28915450879491217,0.04677512763361193,0.0034475500116467675
200,0.8852612280765785,0.07922893568755386,0.03550983623586751,0.0,0.0
201,0.0,0.2947003642922576,0.44533840833398425,0.2599612273737582,0.0
202,0.14172347640183772,0.5237721057374041,0.24782393684638462,0.07507885605874436,0.011601624955629245
203,0.0,0.7637988251449498,0.23620117485505032,0.0,0.0
204,0.0,0.46115186948341397,0.41924159963633145,0.11960653088025458,0.0
205,0.0,0.7586638210030964,0.21319516120567497,0.022392106782359218,0.005748911008869374
206,0.0,0.8357507611900937,0.16424923880990625,0.0,0.0
207,0.841587019866649,0.10078799209433562,0.04991555666300915,0.007709431376006241,0.0
208,0.27402764058313567,0.3732217342286586,0.30498551576302185,0.04155746333893115,0.006207646086252841
209,0.6977005608083634,0.2025520287389066,0.09974741045273003,0.0,0.0
210,0.0,0.792741165234002,0.2072588347659981,0.0,0.0
211,0.1616899462020631,0.6070682357144033,0.2070936187514836,0.020216178865801297,0.003932020466248787
212,0.0,0.3847699106839324,0.49675495256049695,0.08228204098031339,0.03619309577525729
213,0.0,0.7288275892927056,0.2711724107072944,0.0,0.0
214,0.0,0.7173083800214567,0.2826916199785433,0.0,0.0
215,0.11989862260888988,0.4816963239559143,0.302707004720969,0.08850036687974658,0.0071976818344802965
216,0.11004668842726756,0.3655347767802235,0.4015418758346197,0.11129105994100966,0.011585599016879462
217,0.0,0.23648537582326062,0.41003583443831987,0.35347878973841956,0.0
218,0.15989424054419263,0.34462814757794946,0.3863765672522203,0.09585287387097179,0.013248170754665674
219,0.0,0.28889867158723903,0.4708206035359973,0.19973782259785397,0.04054290227890973
220,0.40061225716650717,0.41759268250951453,0.15596835129873432,0.012785261434734959,0.01304144759050909
221,0.0,0.8378287021387922,0.13909327060653906,0.014224658853599921,0.008853368401068701
222,0.019733054498593118,0.02393177953500431,0.06285303127931005,0.3428981020428394,0.5505840326442532
223,0.8330778791079538,0.1590202552987315,0.00790186559331465,0.0,0.0
224,0.0,0.423663291272266,0.39954510993176645,0.17679159879596754,0.0
225,0.0,0.45937016476204917,0.38678294097971694,0.13429298143027993,0.019553912827953962
226,0.0,0.0,0.4539665416136668,0.4863863976685398,0.05964706071779349
227,0.19192982229596967,0.0,0.03780631544814831,0.30853396865160587,0.46172989360427624
228,0.06755607843858141,0.27111516314032896,0.42141205990891417,0.20434670868270596,0.03556998982946951
229,0.6028447100084432,0.1632600042679928,0.20634260848588312,0.02755267723768081,0.0
230,0.0,0.0,0.675922378612476,0.32407762138752394,0.0
231,0.03605905630778301,0.005444215747647885,0.052537850058624824,0.3480502672104473,0.557908610675497
232,0.0,0.3708806553714392,0.31071184757649106,0.2605597964376591,0.057847700614410726
233,0.0,0.5102517105158302,0.4139732920456745,0.07577499743849545,0.0
234,0.05139744739926788,0.2381802125265097,0.4501775809697188,0.22589665175794169,0.0343481073465619
235,0.8148571627108526,0.10224209297808129,0.04327837991923601,0.03396067295954063,0.005661691432289488
236,0.0,0.5544214501982083,0.4046633579923214,0.03196304273184131,0.008952149077628991
237,0.09526727204194863,0.13732059395293048,0.39346472309093317,0.3125125457752839,0.06143486513890379
238,0.0,0.7808462917640964,0.2191537082359036,0.0,0.0
239,0.0,0.40828136981148455,0.0,0.21481792271300224,0.37690070747551324
240,0.0,0.3024169061981296,0.4764854324386327,0.22109766136323766,0.0
241,0.0,0.6536270179749802,0.3075102114396588,0.038862770585360994,0.0
242,0.0,0.5750634612513066,0.4249365387486934,0.0,0.0
243,1.0,0.0,0.0,0.0,0.0
244,0.7406907842717743,0.14154907086135635,0.10458197288087244,0.00873170172060415,0.0044464702653928805
245,0.7803428144050394,0.04013578467876865,0.07899979690325824,0.09243158379997228,0.00809002021296144
246,0.0,0.12664285466588063,0.7419703852689252,0.131386760065194,0.0
247,0.0,0.41287174446010444,0.45876020039557985,0.0788317364063814,0.049536318737934217
248,0.8633855878556751,0.04857853118482945,0.07305262314827078,0.014983257811224504,0.0
249,0.0,0.4138792087838469,0.4543630892678034,0.09354819677248064,0.038209505175869164
250,0.7390637031487377,0.16668747788807725,0.07430490520488646,0.017581319847661855,0.002362593910636615
251,0.0,0.31405878778838137,0.6039773988277369,0.08196381338388156,0.0
252,0.11206942051678336,0.36169150256388743,0.41615567106995777,0.09666038269521476,0.013423023154156692
253,0.0,0.2541307176677712,0.48007442979816345,0.2284061083673046,0.03738874416676096
254,0.0,0.3141559424678274,0.4204689078824945,0.21855022393261014,0.0468249257170679
255,0.8555568986590071,0.06051640408994188,0.08392669725105095,0.0,0.0
256,0.19874716440050447,0.4289796996680877,0.2932870435528412,0.06407225492433709,0.014913837454229379
257,0.0,0.5670311181121923,0.325812817060054,0.08961383955667347,0.01754222527108017
258,0.0,0.37843383107260914,0.45482079757698124,0.1667453713504095,0.0
259,0.37373592769823266,0.19089281230125113,0.3487748267437686,0.07930476903471696,0.007291664222030825
260,0.2129958391413292,0.26365340527933767,0.3601389321368339,0.15621924026189796,0.006992583180601329
261,0.0,0.41455328310010764,0.30179117330462857,0.25792895586652315,0.02572658772874058
262,0.7530831301557911,0.16303917832910306,0.06661707346129955,0.01117484060301215,0.006085777450794052
263,0.0,0.40048049617764286,0.3708264433733244,0.20586949201099713,0.022823568438035593
264,0.0,0.5481261350503549,0.32083746078916947,0.07924715205547299,0.051789252105002466
265,0.463356736637526,0.28401564227265785,0.20894851102325332,0.038292217897636746,0.005386892168925889
266,0.15529388819815207,0.06070357639142836,0.03774013262146809,0.20985397011141177,0.5364084326775397
267,0.426275790752261,0.26304326141825934,0.25850979609822733,0.04719197877775098,0.004979172953501204
268,0.0665345267811752,0.017609584575374815,0.10286543356053886,0.4416973419972272,0.37129311308568397
269,0.0,0.33251053155460236,0.4937057204754376,0.12149115102881039,0.05229259694114965
270,0.2864587971781423,0.18969926367382903,0.2889441382860511,0.19747007688456417,0.03742772397741343
271,0.0,0.10118723859181875,0.0,0.4057242530524974,0.49308850835568396
272,0.14547714291209105,0.5147893147681597,0.3034225532242244,0.03200184626036117,0.004309142835163567
273,0.0,0.0,0.6382721033508275,0.36172789664917243,0.0
274,0.0,0.7306070053181736,0.22807995598752978,0.04131303869429672,0.0
275,0.0,0.5876009450348626,0.38176774204170333,0.01685915852383579,0.013772154399598278
276,0.2413827077087644,0.02785726427156989,0.02738738270554341,0.2347588933747782,0.46861375193934424
277,0.29441985316338687,0.1534495937994418,0.15551526140828043,0.3167404405098395,0.07987485111905143
278,0.0,0.10432634636456294,0.4881669658739722,0.35395541128025204,0.05355127648121279
279,0.17435235158057055,0.45307632999228986,0.3077891287586738,0.05566075558982267,0.009121434078643022
280,0.0,0.0,0.15295003226037707,0.5289684310818905,0.3180815366577324
281,0.0,0.5879737891202441,0.36761373288178717,0.04441247799796877,0.0
282,0.7356616017089194,0.1556846684008024,0.10865372989027818,0.0,0.0
283,0.5965693323115263,0.345054038897956,0.05537402363937673,0.0,0.0030026051511410244
284,0.0,0.7252075141983398,0.2747924858016601,0.0,0.0
285,0.0,0.5588058582148383,0.36715897033820666,0.06436025379347961,0.0096749176534756
286,0.0,0.5931752241153889,0.33545372622762104,0.06240747589555,0.008963573761440174
287,0.0,0.5140292740642144,0.3629124320027361,0.08992045995498432,0.03313783397806526
288,0.24831604006285526,0.06694169217306443,0.2008311254672812,0.35685029928850925,0.12706084300828974
289,0.0,0.32923786757414125,0.43184546488929715,0.19775149534954126,0.041165172187020475
290,0.0,0.10898681653448188,0.48978266832408335,0.34997169552555873,0.051258819615876194
291,0.0,0.7386047187089868,0.2405911247855431,0.01858871313484465,0.0022154433706256006
292,0.0,0.7265565160302002,0.2734434839697997,0.0,0.0
293,0.036140670610221325,0.05546234432735517,0.08587869330010718,0.4407333662610796,0.38178492550123666
294,0.40421945033769563,0.27036802795481035,0.2463538813316609,0.07905864037583314,0.0
295,0.15306527963387068,0.536957658901575,0.26398169353303347,0.04069418181885396,0.0053011861126668405
296,0.0,0.3373510861948143,0.5908899789768745,0.07175893482831115,0.0
297,0.0,0.31499350088710526,0.6850064991128948,0.0,0.0
298,0.2144388644388107,0.09392936531783172,0.10304797710570203,0.33976731101943874,0.24881648211821675
299,0.8598957190827329,0.0789393351362877,0.03799549926138185,0.02316944651959754,0.0
300,0.0,0.5658758789132007,0.3691678934927645,0.061375019198423676,0.003581208395611147
301,0.32427879553590233,0.3879590613639888,0.24511117435943716,0.04265096874067184,0.0
302,0.0,0.044629054589936955,0.021252570875509132,0.2678210840137862,0.6662972905207678
303,0.676036423186882,0.20056590804075977,0.09809181555904237,0.010867524291104665,0.014438328922211321
304,0.6749884673179777,0.27446412993336167,0.05054740274866061,0.0,0.0
305,0.0,0.0,0.04046061807582164,0.3603323861527949,0.5992069957713835
306,0.0,0.5307337867912109,0.3683697457919317,0.08666269629815378,0.014233771118703569
307,0.0,0.31759007226652525,0.5728709203328957,0.08459792505500431,0.024941082345574874
308,0.13290966686573366,0.2755470323564214,0.3903517272460876,0.18030275491392517,0.0208888186178322
309,0.0,0.14549188025091717,0.5311768314823393,0.25001565101982043,0.073315637246923
310,0.04189116927410972,0.14294046250448525,0.43548957221438317,0.30850840392261153,0.07117039208441038
311,0.06448015615602443,0.042008264999607754,0.054679071195573775,0.33320483415592494,0.5056276734928692
312,0.21121217955914712,0.028003399498684467,0.06437757005648961,0.3017060899540858,0.39470076093159295
313,0.0,0.6764306714128396,0.2821873705550934,0.041381958032066984,0.0
314,0.27304440722227347,0.40685737900229924,0.2536962055367246,0.06640200823870256,0.0
315,0.0,0.3229489153192738,0.4585673168891661,0.19217043115112717,0.026313336640432984
316,0.37148829879611067,0.019931175694943237,0.018982643839581478,0.1727871699488642,0.41681071172050044
317,0.20128073376838349,0.514993719851517,0.24335018811719777,0.029047392320049863,0.011327965942851724
318,0.0,0.5771102767348075,0.34810874704491723,0.0,0.07478097622027535
319,0.632296645851555,0.11750300022374549,0.11791387832312916,0.09456217073815675,0.03772430486341354
320,0.0,0.2514478447688245,0.49226722140033213,0.22490949392334375,0.031375439907499504
321,0.9546207291562904,0.016978426991874542,0.019217017915842495,0.007058187355029669,0.002125638580962816
322,0.0,0.16108547176865798,0.44220873183721343,0.35509585498882623,0.041609941405302345
323,0.5871572279621932,0.0,0.008314884415383821,0.12329911495018375,0.2812287726722392
324,0.0,0.10124315165795703,0.2928026026302989,0.41699206983189113,0.18896217587985298
325,0.0,0.5365500970356558,0.36652978212939274,0.08004559048248246,0.016874530352468897
326,0.0,0.5731846276026381,0.3396751953776918,0.07778736922067608,0.00935280779899405
327,0.5403590376180092,0.22882551082803448,0.14901580995535885,0.074196866285173,0.007602775313424501
328,0.9251800815303421,0.05417949077806319,0.02064042769159467,0.0,0.0
329,0.0,0.5489294222863542,0.36834036029129935,0.08273021742234649,0.0
330,0.43070057665002076,0.3687855576698316,0.1815562145228229,0.018957651157324677,0.0
331,0.16097906146473256,0.02097529372303423,0.10412292027550461,0.27465918019454416,0.4392635443421845
332,0.8849583768452568,0.10105692998599813,0.013984693168745092,0.0,0.0
333,0.0,0.5917911435265547,0.3380124697402526,0.06535949747413813,0.004836889259054573
334,,,,,
335,0.0,0.0,1.0,0.0,0.0
336,0.31842771690826177,0.37673448127275105,0.2803003718155978,0.020475352095074416,0.004062077908314812
337,0.0,0.0,0.06699230313795144,0.44787146356470353,0.4851362332973449
338,0.0,0.47224721088121546,0.478136845585465,0.0,0.04961594353331949
339,0.0,0.0,0.050792955401734854,0.42917141271649284,0.5200356318817723
340,0.7004875187859683,0.16429016531652066,0.13522231589751108,0.0,0.0
341,0.0,0.5875372939614978,0.33718051978990593,0.0476273666776327,0.027654819570963458
342,0.18545979666385876,0.4172505754979562,0.2807838029836609,0.10931549710213004,0.0071903277523941884
343,0.31630394688306895,0.26298366578705934,0.28535926756140695,0.12348551485401356,0.011867604914451097
344,0.8858461561590908,0.09566692475187487,0.018486919089034385,0.0,0.0
345,0.0,0.6580787698996001,0.3145539906103286,0.027367239490071364,0.0
346,0.0,0.3607649956534338,0.3054187192118226,0.33381628513474354,0.0
347,0.0,0.6330297720112223,0.3167636670691956,0.05020656091958198,0.0
348,0.0,0.4549150684439174,0.369341078480262,0.14031115364053354,0.035432699435287145
349,0.0,0.0,0.441153270335968,0.47805019398251747,0.08079653568151451
350,0.0,0.2479366715971342,0.5662216397739371,0.1628114264790198,0.0230302621499087
351,0.024707965041138563,0.10602574386360686,0.3676705521913417,0.4114880788917178,0.09010766001219495
352,0.19517251386429554,0.07581210114677799,0.066415655424346,0.30101924901274885,0.3615804805518316
353,0.0,0.37538690574340083,0.504006859479603,0.12060623477699625,0.0
354,0.5371349913740255,0.363179737050213,0.09968527157576158,0.0,0.0
355,0.06903983686841865,0.28529446829725996,0.42131125627523447,0.19475045378841718,0.029603984770669764
356,0.0,0.6271229506004441,0.3065674396212789,0.035946401347990056,0.030363208430286982
357,0.0,0.7070785628223798,0.26167865351642844,0.031242783661191927,0.0
358,0.0,0.5128918138140922,0.30123124932412604,0.18587693686178186,0.0
359,0.0,0.5752427785249298,0.37828895801189755,0.04646826346317275,0.0
360,0.0,0.440165409261656,0.36265664951545185,0.19717794122289214,0.0
361,0.0,0.4996138469925496,0.4189760130837725,0.081410139923678,0.0
362,0.733958049221742,0.03996622475670303,0.06434665368853515,0.12062783430869953,0.04110123802432024
363,0.0,0.05699206757927431,0.37112231577182414,0.4537648059211708,0.11812081072773073
364,0.25073638772431756,0.352578479778727,0.313941569780497,0.07560898934582352,0.007134573370634839
365,0.09596854280731842,0.5293586654798239,0.29972090780918276,0.07135118033523706,0.0036007035684378495
366,0.15551169328309108,0.0,0.011579151667844598,0.2987386951909779,0.5341704598580864
367,0.0,0.5772986981639634,0.3682236401228471,0.04309175736748999,0.01138590434569956
368,0.0,0.5860948387050288,0.4139051612949713,0.0,0.0
369,0.0,0.43164209465383263,0.46930895384664945,0.08364992763011048,0.01539902386940744
370,0.0,0.27774217893402825,0.4821471798595981,0.22054195679724323,0.019568684409130392
371,0.0,0.38216141551009675,0.4679668486482931,0.12629086364533315,0.02358087219627705
372,0.728247604185423,0.2229901023490844,0.016568490429603205,0.03219380303588935,0.0
373,0.0,0.16906720635004072,0.42765855389386803,0.3616579493784004,0.041616290377690754
374,0.0,0.45049017944977787,0.38972149665863837,0.15978832389158384,0.0
375,0.0,0.41238423719315276,0.5876157628068472,0.0,0.0
376,0.31447560707868133,0.02398573378645071,0.06345623346114218,0.27413735043534354,0.32394507523838234
377,0.6179436341214493,0.0397070079945569,0.10854976399047457,0.16805579180132676,0.06574380209219255
378,0.0,0.4126852309783687,0.4055893935346685,0.16655514679629418,0.015170228690668563
379,0.0,0.8003105313646568,0.16677709979528663,0.03291236884005657,0.0
380,0.0,0.5464745585202648,0.36945112039395017,0.0751057112203143,0.008968609865470854
381,0.9000798343966144,0.08502716488982147,0.014893000713564074,0.0,0.0
382,0.3035599034061655,0.4282078031325659,0.20800929057816445,0.04932874329597972,0.010894259587124554
383,0.0,0.32845653363129534,0.4784384929641398,0.101307075433267,0.09179789797129789
384,0.0,0.5081336365226518,0.3687248556935455,0.12314150778380269,0.0
385,0.0,0.316699822910272,0.42244131498739135,0.2292350369949827,0.03162382510735392
386,0.0,0.46945514365263674,0.4261223546843944,0.0815751004751909,0.022847401187778074
387,0.0,0.3489941797419612,0.5636945729228908,0.0802590715618799,0.007052175773268124
388,0.29269077166367363,0.026695971481411992,0.016143174952041442,0.18036245563115755,0.4841076262717154
389,0.0,0.09657657024743492,0.1035503250869661,0.2798898337736982,0.5199832708919008
390,0.6684990535433792,0.2771131267041344,0.04938951351446335,0.004998306238022857,0.0
391,0.0,0.6175920149719276,0.32083668422911854,0.06157130079895377,0.0
392,0.14191630329442373,0.0,0.01826370985010044,0.28516933786006654,0.5546506489954093
393,0.0,0.36048296030344273,0.3929191881170918,0.1964270202970727,0.0501708312823928
394,0.0,0.3468630831113201,0.39459158264988065,0.2585453342387992,0.0
395,0.20735677083333334,0.3483273237179487,0.3586703725961538,0.06948717948717949,0.016158353365384615
396,0.0,0.7203013747263368,0.24738368079525055,0.032314944478412655,0.0
397,0.0,0.02762247071352503,0.03481147335979604,0.3098073385613322,0.6277587173653468
398,0.0,1.0,0.0,0.0,0.0
399,0.0,0.6195586767920663,0.21274764447355796,0.16769367873437585,0.0
400,0.7960495454948845,0.0,0.047723489918299555,0.12982238168287333,0.026404582903942667
401,0.0,0.2174365726031262,0.0787645008094256,0.22096983294261474,0.48282909364483345
402,0.0,0.6754497866537633,0.3245502133462368,0.0,0.0
403,0.0,0.5555942934441547,0.3111225775261364,0.13328312902970885,0.0
404,0.23785061194107154,0.07797867330260279,0.15488294165330685,0.39715403136732486,0.13213374173569398
405,0.29440809491310266,0.5421669113648304,0.1437053515719482,0.01971964215011886,0.0
406,0.0,0.4178701078459949,0.4328943533214976,0.14923553883250748,0.0
407,0.0,0.29558913913827667,0.5418540665046843,0.0911696621920468,0.07138713216499229
408,0.29030025036360213,0.11825941377882461,0.3458998802267232,0.2012840596252482,0.044256396005601814
409,0.23497497488119806,0.3168599272550127,0.34559724196725305,0.09892943548859293,0.0036384204079433977
410,0.0,0.7317786710161945,0.26822132898380546,0.0,0.0
411,0.0,0.7781933404279345,0.22180665957206552,0.0,0.0
412,0.0,0.4416078802686067,0.4788155756253616,0.06996413214025778,0.009612411965773861
413,0.0,0.5098721775495578,0.36109251573169093,0.12903530671875124,0.0
414,0.0,0.6550026454789214,0.3449973545210786,0.0,0.0
415,0.0,0.436327253919399,0.4230096349242687,0.11431898410760365,0.02634412704872858
416,0.0,0.8794384308814852,0.12056156911851465,0.0,0.0
417,0.13921754997338812,0.03343415288861311,0.05216833466035751,0.27404177854951833,0.501138183928123
418,0.5810552720846042,0.0,0.031546991248824145,0.20140816966449077,0.18598956700208089
419,0.0,0.19625353993004716,0.46680514151535374,0.28216857433352915,0.054772744221069876
420,0.2860160168969462,0.26832523029452915,0.35020573397008187,0.08643879975645982,0.009014219081982876
421,0.1693812537230966,0.017197468725988728,0.057326622406782296,0.2523068953906985,0.5037877597534339
422,0.0,0.06374299580265075,0.2630742555686507,0.4773970330067416,0.19578571562195698
423,0.0,0.31246548675795927,0.5167425837945502,0.15242968422124198,0.018362245226248405
424,0.02997318752104232,0.02289404406008267,0.05506707176090246,0.29723900424699934,0.5948266924109733
425,0.1699618453000347,0.4848750387936543,0.2286796395455139,0.09634588351933224,0.020137592841464907
426,0.0,0.21900438935856892,0.5336689831735312,0.19534250189872746,0.051984125569172514
427,0.9092161929371232,0.0,0.09078380706287682,0.0,0.0
428,0.0,0.4583511018527325,0.44623885185196543,0.056548376903276874,0.038861669392025185
429,0.0,0.06129834322148643,0.14965957087642914,0.47783869708489984,0.3112033888171847
430,0.23282025750598132,0.3886297497051346,0.29256780918399805,0.0788994849485245,0.007082698656361687
431,0.0,0.0,0.05544639993156983,0.4011650236297928,0.5433885764386374
432,0.0,0.1526499947124249,0.5185409970987305,0.2683697256438198,0.060439282545024856
433,0.6186920193030799,0.2072944330205879,0.16671800464539327,0.0,0.007295543030938763
434,0.0,0.0652645277462704,0.31148347713153224,0.5015670694588876,0.12168492566330973
435,0.0,0.36929483966078275,0.484591951448852,0.09719721530927332,0.04891599358109211
436,0.0,0.660434570589056,0.30867801189964733,0.022633366810013166,0.008254050701283489
437,0.0,0.5384795371394537,0.3120089906123259,0.13341274568195355,0.01609872656626677
438,0.3781289443757107,0.10502193229108087,0.2811371361801572,0.2071508016845999,0.028561185468451242
439,0.21368081751896054,0.35941802701276854,0.2603508793330061,0.14832931303157185,0.018220963103693297
440,0.0,0.6058151193102066,0.2430519350310808,0.12525365951473832,0.025879286143974334
441,0.0,0.0,0.15757913706855448,0.38273490597295967,0.45968595695848585
