,C1-Rep2,C2-Rep2,C3-Rep2,C4-Rep2,C5-Rep2
0,0.8569034293701937,0.13005227248975018,0.011187347334759845,0.001451264091387464,0.00040568671390874754
1,0.7507557789819261,0.22450219857356413,0.02075612656661194,0.003302753642666672,0.0006831422352310931
2,0.734101052759315,0.20898934519547568,0.044223796291583475,0.011347630103533629,0.0013381756500921156
3,0.7739770872283583,0.2002329115757577,0.02080403014650771,0.0037152767052108285,0.0012706943441655825
4,0.7204628937828741,0.20276059881376182,0.05566923631902752,0.018808138050544813,0.002299133033791879
5,0.70792181595636,0.2357293538110566,0.044526414485588466,0.010128525284273042,0.0016938904627218578
6,0.6344625747059285,0.26902661468009254,0.07060207271468523,0.02391326725699811,0.0019954706422956256
7,0.5649534245160824,0.31240298433096875,0.08902559993170067,0.030027645835291307,0.003590345385956953
8,0.48338768341847277,0.26405385532156683,0.14545932191457187,0.09716737971232527,0.009931759633063387
9,0.7112569607023838,0.24396909993727883,0.03579187645406037,0.007447663754097108,0.001534399152180056
10,0.5802242600084698,0.28578522171077375,0.0898451522524355,0.038192227938507996,0.005953138089812977
11,0.5026303915644534,0.33526201389502885,0.11056980137704131,0.04690370818753547,0.004634084975940861
12,0.6889355126609898,0.22844100576903728,0.0581739882515253,0.0209299062083624,0.003519587110084986
13,0.7784714618501287,0.19386109676972396,0.02299214492615993,0.004108033700029405,0.0005672627539581146
14,0.561495134632354,0.3615677319736118,0.061603495707920564,0.013644489587312994,0.0016891480988008992
15,0.5507656707217051,0.34075508884705846,0.07932704960453256,0.026459468530408956,0.0026927222962948487
16,0.6564081123191629,0.22729564883932118,0.0835689235354146,0.029677522396669636,0.003049792909431713
17,0.6447958465620544,0.266446669529134,0.06885191553506165,0.017930735169807335,0.0019748332039426914
18,0.5821541901620837,0.34874779452111604,0.05408760994853756,0.0131741929061443,0.0018362124621182309
19,0.6564595864653643,0.25772372510065467,0.06401651036716471,0.018339241789949817,0.0034609362768664885
20,0.5615855768968785,0.3716342581669445,0.056330505756761115,0.00922753265758726,0.0012221265218286198
21,0.6860920590768497,0.21371118427447044,0.06816085661440865,0.029807731108176767,0.0022281689260946628
22,0.7001597732382215,0.20545416664908955,0.06504750624344285,0.027178597456666866,0.0021599564125790453
23,0.7578111596703156,0.21408829648037353,0.023500437076216203,0.0036893587301889278,0.0009107480429056842
24,0.8625457300899712,0.12592564055831212,0.009533745994428126,0.0017651690062912356,0.00022971435099733173
25,0.6936270099111131,0.23057752355719777,0.05741282540735094,0.016577087043414023,0.0018055540809240383
26,0.7865519648050547,0.1744920144989838,0.030389547461328173,0.00792476663763858,0.0006417065969947245
27,0.616141069771532,0.3139974139813469,0.05620931933058407,0.01183200264182631,0.0018201942747106672
28,0.560080726995424,0.2510297364311096,0.1188792729142124,0.06369570922403923,0.006314554435214717
29,0.6478825662396147,0.28556751209674,0.052222055432110635,0.012442168555788061,0.0018856976757467162
30,0.6005457092937386,0.2209123926254202,0.10836636161852473,0.06459536196831914,0.0055801744939974265
31,0.46439157428289135,0.4219344007416336,0.0859602536712721,0.02446122408033049,0.0032525472238722716
32,0.4521126237129406,0.41628338988537905,0.09978823570940636,0.0288904882797921,0.0029252624124817134
33,0.7089537350002493,0.23864959562137741,0.041924244369557814,0.008772275824229233,0.0017001491845860398
34,0.6482473934114755,0.2589470698266572,0.06861746770779908,0.020638779051923472,0.0035492900021446344
35,0.350311446463512,0.2941102598026367,0.18906617930924768,0.15220191860821436,0.014310195816389338
36,0.6471657775244101,0.25787901575127686,0.06925991223493548,0.023328883102544565,0.0023664113868329794
37,0.7682172134099287,0.16999948756244365,0.043933603270885926,0.01595048978312283,0.0018992059736190172
38,0.647239832249702,0.28940246096936945,0.0520484457341725,0.010086815843333102,0.0012224452034229796
39,0.46051756085979023,0.31153021933360836,0.1457681341310022,0.07464138984994434,0.007542695825654998
40,0.8017453829181329,0.1611501348369225,0.029964725661745954,0.006222133748619662,0.000917622834578917
41,0.5722258246033045,0.2754667691252942,0.10113567359992738,0.04649650806314574,0.004675224608328258
42,0.39587419727207884,0.4770977880041364,0.09727459340827055,0.026191872101414302,0.003561549214100065
43,0.521947616431023,0.3103173488585344,0.11842251407581925,0.044681056459526386,0.004631464175096919
44,0.7852077496156843,0.16653737457205886,0.037426913292953744,0.009841718005140257,0.0009862445141629067
45,0.27210869519967745,0.4172851835956476,0.20363922629062486,0.09876802388052286,0.008198871033527158
46,0.6117108720415374,0.2409798711790591,0.09693966201486674,0.04673246926556559,0.003637125498971215
47,0.7662452209534089,0.19725560996025548,0.02876813671411759,0.006606750270499583,0.001124282101718403
48,0.38566225640332014,0.5211957992528178,0.0740614738451965,0.016761786771741893,0.0023186837269237913
49,0.7412252198616034,0.1517815915903595,0.06544438504435962,0.037411493223035996,0.004137310280641192
50,0.3542550396528395,0.28871283249711127,0.18787665747104534,0.15509246002788712,0.01406301035111688
51,0.1455435803211937,0.34495270638273634,0.2667772102403443,0.22092172998324652,0.021804773072479224
52,0.34910512108363656,0.3394729802468477,0.2004133892014279,0.09958871498505552,0.011419794483032255
53,0.5776342986397902,0.25149791614527656,0.10920431129129511,0.056758669132937055,0.004904804790701061
54,0.5745876606082678,0.2775509214071896,0.1007001664970029,0.042829867391376286,0.0043313840961633964
55,0.6444263523139458,0.26677056951306316,0.06450740928828248,0.022690555445704898,0.0016051134390035779
56,0.3160612339865654,0.38230047439644316,0.18023158109626558,0.11048779742937677,0.010918913091349203
57,0.23010940925190254,0.5365738976431057,0.16942636521513074,0.05809048701301071,0.00579984087685047
58,0.6117911087705646,0.35001132883881575,0.03331551050750815,0.0045362592806947495,0.00034579260241670917
59,0.3647404182964798,0.4014622579850525,0.14324912929195013,0.08079749637515235,0.009750698051365228
60,0.7478845600284362,0.20032058717055568,0.04138184308200085,0.00990174968986011,0.0005112600291473543
61,0.7013919543859135,0.2563355692539108,0.03360896955117616,0.00783478366758186,0.0008287231414174764
62,0.4479283599288368,0.39377241816568664,0.10447273180063615,0.047456156240878185,0.006370333863962258
63,0.39382796698937944,0.2386683405651771,0.1864716645243227,0.16354095831539572,0.017491069605725062
64,0.5315598134202616,0.3037726975515684,0.10905307178961458,0.05235680436440822,0.00325761287414706
65,0.8304322212030515,0.14971168598448706,0.01637680523770577,0.003154395517324475,0.00032489205743118434
66,0.4972875510361659,0.2277296155526921,0.13631917653614295,0.1252557104760423,0.013407946398956682
67,0.519861611805058,0.3412763808294578,0.10385699514904541,0.0302992176031167,0.004705794613322163
68,0.5341271323495592,0.3286711223031903,0.10237201314806285,0.03213798358890159,0.0026917486102859783
69,0.8498906319814444,0.09318411719510514,0.03597898073212468,0.019276280624588873,0.0016699894667369672
70,0.6665206630798891,0.28448894071038905,0.039096116758405366,0.009037784565609601,0.0008564948857069644
71,0.3655464419422481,0.3241974789401538,0.1657102683658646,0.13117833466434123,0.013367476087392216
72,0.41075484891027686,0.34993821376454165,0.14550690581065778,0.08643607356406825,0.007363957950455437
73,0.52025577124935,0.31775559478323046,0.10574315041272853,0.052157278227129976,0.004088205327561173
74,0.7756977893041426,0.18141178894223195,0.03596824188918019,0.006233920042827136,0.0006882598216182688
75,0.7545836778573867,0.16330350233108057,0.05688790354697607,0.02340515213520829,0.0018197641293484336
76,0.3773502252687159,0.4619380489309961,0.11475829715853299,0.04087696033826966,0.0050764683034854406
77,0.6767924432668458,0.25240209625532867,0.05587968630018811,0.013284733524095637,0.0016410406535417735
78,0.28547525788055095,0.40629460785521354,0.18748949856755814,0.11154919335759304,0.00919144233908429
79,0.7872281107977466,0.15054094382246072,0.042663579884187626,0.01845449359275338,0.0011128719028516607
80,0.6163429049044851,0.2876712975120215,0.07554141348952494,0.018583973214933706,0.0018604108790348124
81,0.6135967491363779,0.25441835995321127,0.08748525172219991,0.03990289213922628,0.004596747048984778
82,0.489248770441514,0.33873593486073683,0.11335497608055262,0.053456110418558744,0.005204208198637927
83,0.3408419938652926,0.272668265218978,0.19745548822715178,0.17126462218501579,0.017769630503561774
84,0.6352984604108751,0.224584313490243,0.0920894824813343,0.043576898084911594,0.004450845532636143
85,0.5035758218973979,0.406404644896851,0.070392029646879,0.017528219073032415,0.0020992844858395408
86,0.41921420551693567,0.22938460958214588,0.18695564465733572,0.15002782760361277,0.014417712639969871
87,0.6489923389011819,0.2280566453563193,0.08915443742410253,0.031153079521587353,0.0026434987968091232
88,0.5809875496877098,0.32235419102795587,0.07191956842217623,0.02266024120661139,0.00207844965554671
89,0.9160272340053942,0.0419348705770232,0.022944095929803704,0.016889690483287922,0.00220410900449092
90,0.7982662326069299,0.12465440988555215,0.04792311576535815,0.026684918165307738,0.0024713235768520996
91,0.7056568805811867,0.2061532943315512,0.06527068068210094,0.021289175587662208,0.0016299688174988187
92,0.28105205273374334,0.49919040374883333,0.15732279530440696,0.05911372429520642,0.0033210239178100686
93,0.40548442104291094,0.2541806972711527,0.16527178521869476,0.15017043082249582,0.02489266564474574
94,0.5106191553634641,0.21036756310310445,0.13539134546100895,0.1315866216490632,0.012035314423359396
95,0.602422848351874,0.19342042100208223,0.113140466416266,0.08622156251653368,0.004794701713244034
96,0.4275153688085217,0.3269540181990557,0.1512784930609462,0.085576184323255,0.008675935608221441
97,0.5586555485102501,0.1996830151018015,0.13808840611759515,0.09449009423974444,0.00908293603060867
98,0.27420886799445104,0.46099362946642075,0.18277912243332248,0.07503270952561412,0.006985670580191697
99,0.7242843530116424,0.18028235042334154,0.06471895598133283,0.028011949446229204,0.0027023911374540453
100,0.6282603532134811,0.27432204069914384,0.0712507512797317,0.024111594468257627,0.0020552603393858026
101,0.5270454495152896,0.3009363753683238,0.11236450631807673,0.056192569797487255,0.003461099000822433
102,0.3934635737710496,0.2967118135907632,0.16432341434937417,0.13316469420400903,0.012336504084804002
103,0.5806093776927754,0.17848539235572544,0.1187877312659692,0.11011518384490492,0.01200231484062488
104,0.625598165559298,0.2551176047677618,0.07978107966672283,0.035077931434203895,0.004425218572013432
105,0.3893758122911751,0.3569049844919125,0.15553810834180545,0.09034564060168024,0.007835454273426789
106,0.45593488708419533,0.34329096194044795,0.13319100747614604,0.0609339523666155,0.00664919113259507
107,0.0,0.7732003346525097,0.17788050725629295,0.04474030093780211,0.004178857153395232
108,0.5129243423005678,0.35573763910629524,0.0856515815905816,0.04328431090890543,0.002402126093649925
109,0.5468119769862426,0.2945535357373482,0.10631838451818121,0.04581010156155216,0.006506001196675784
110,0.7163256692719986,0.16843323304741029,0.07632067407879843,0.03589729754802663,0.0030231260537659684
111,0.8200477668952499,0.12548666747809958,0.03768303721038265,0.015527837315057337,0.001254691101210457
112,0.5432314792872432,0.2646488845593294,0.10621446824527388,0.0777998535001243,0.008105314408029255
113,0.0,0.6512258780648692,0.23142486082213756,0.1108010244316383,0.006548236681354838
114,0.6118993013397217,0.24128652643212864,0.09921914408916478,0.04372055860262781,0.003874469536356887
115,0.5158398089926328,0.2957903143000588,0.12449230845657588,0.05964093949608975,0.004236628754642868
116,0.24328741737996512,0.31083077703587986,0.2146887266311127,0.19338046705293627,0.037812611900106
117,0.5644249021549353,0.3733028926617042,0.051529604628782213,0.00955426887415325,0.0011883316804249136
118,0.7340758638270731,0.1781955076076046,0.060791968333327,0.02530715549280312,0.0016295047391921705
119,0.5717388142585357,0.3705693875167252,0.04843453971462929,0.00817259640079583,0.0010846621093139617
120,0.5000438167552349,0.40125549755904993,0.0771235848688055,0.020624041030663863,0.0009530597862458585
121,0.6609721544072098,0.24628407664751092,0.06451324690129254,0.02436119296282952,0.003869329081157084
122,0.0,0.6189415368781365,0.24735092327998986,0.12093757912307473,0.012769960718798936
123,0.26104018772138204,0.38702121195935263,0.22140328173604074,0.11920723554044736,0.011328083042777165
124,0.2594841569551319,0.4614059692025011,0.18264316735892955,0.08659307970290817,0.009873626780529244
125,0.5815626849468349,0.2081388121358505,0.11297175320452545,0.09019628423368904,0.007130465479100223
126,0.0,0.4660494466990096,0.29100358622332734,0.21339081070514598,0.02955615637251717
127,0.7080191599414227,0.20402230896730314,0.0588470348246305,0.027431195408987905,0.001680300857655636
128,0.622687378556445,0.27933862934172765,0.07270584557848422,0.02272676764104695,0.002541378882296188
129,0.0,0.7274084852106149,0.19038546248867225,0.07186781614004795,0.010338236160665043
130,0.0,0.41920093635819045,0.3034101362278729,0.24951792246652466,0.027871004947412067
131,0.40437768183573597,0.28846833172534536,0.16321658391045848,0.13041039806852475,0.013527004459935387
132,0.4632025520381771,0.35371245438053833,0.14083488076084366,0.03939947070698708,0.002850642113453863
133,0.5878289771997893,0.2694043715207711,0.08956198269388653,0.04844620454976149,0.004758464035791333
134,0.7873776783753149,0.09001273339119115,0.052530147820156414,0.06205382412331687,0.008025616290020715
135,0.3004393132894145,0.07658971495278556,0.12221840137376849,0.3988132850039241,0.10193928538010728
136,0.523367231877045,0.2915916460472388,0.12854317377836577,0.05160766768612464,0.004890280611225818
137,0.39331698789199093,0.29362658731476216,0.1668265275392335,0.13499754563033772,0.011232351623675647
138,0.0,0.6315186067023193,0.2454879680570066,0.11088756261915793,0.012105862621516172
139,0.0,0.8750242155828658,0.10920537792102895,0.014584322853248144,0.0011860836428571721
140,0.0,0.6608005746365803,0.2440157063742025,0.08190732457879485,0.013276394410422276
141,0.2699637605961828,0.29094792080958737,0.20546452853130895,0.20892196557835274,0.024701824484568053
142,0.0,0.653518208370813,0.2714848360263942,0.06856859956413873,0.006428356038654088
143,0.2683167767593768,0.20676007514141265,0.2042728156396091,0.27248985773249385,0.0481604747271076
144,0.0,0.3773429209825322,0.28952482063968116,0.3039135322245208,0.029218726153265963
145,0.0,0.1985644974196635,0.24502716935283295,0.4754902898774737,0.08091804335002985
146,0.4490080079421838,0.34965990218082954,0.1380136862200385,0.05833333341807235,0.004985070238875885
147,0.7901271782110875,0.12491658232489052,0.05049306160045921,0.026864302792542753,0.007598875071020275
148,0.0,0.3169349598792744,0.30448562734892015,0.3393494970396203,0.03922991573218527
149,0.564757901495203,0.38519842775109087,0.038778875016076145,0.008705241320019437,0.0025595544176105814
150,0.4012388594227976,0.2779775570693205,0.16554623790060258,0.1387562402264608,0.016481105380818845
151,0.41165737549544756,0.36635783798594146,0.15239216539923656,0.06299175205737045,0.006600869062004035
152,0.1185686873704147,0.1955813629647751,0.21124048687105504,0.40277003484715446,0.07183942794660075
153,0.0,0.5036149275541087,0.27551843882333477,0.1975574674705857,0.023309166151970765
154,0.6482795600984125,0.286338288631521,0.05184007340474548,0.010695807862247043,0.0028462700030739163
155,0.8023098276427204,0.13879563881534698,0.04529917274543528,0.011930160277804351,0.001665200518692882
156,0.6902311477015433,0.20016182209171485,0.07896699946512503,0.026444011477399883,0.004196019264216942
157,0.30758504468653003,0.18118209873633384,0.2114921698214794,0.25897393295010457,0.04076675380555214
158,0.0,0.5516523134436956,0.2992223481785379,0.1366746418914954,0.01245069648627121
159,0.3084275251378342,0.48331935881322485,0.14331480253883777,0.05621156661409929,0.008726746896003897
160,0.1150841511403082,0.1260819637285009,0.2318550349858887,0.44217162093876283,0.08480722920653928
161,0.6223137516921258,0.2315499509161287,0.09946290898798954,0.042650883947899704,0.004022504455856218
162,0.9124362223314242,0.08039388837494534,0.005070447177946523,0.0017811722266151031,0.0003182698890688674
163,0.7133062404820052,0.2296596707066711,0.04377708693379628,0.011824166157514915,0.0014328357200126703
164,0.8069095867736212,0.13383465108582437,0.04580417939208623,0.012807449150056301,0.0006441335984117934
165,0.0,0.7840963083730903,0.1570859981122448,0.05338742541610876,0.00543026809855606
166,0.0,0.8539299744532378,0.12108192413957201,0.02498810140719026,0.0
167,0.5135192029259555,0.12778091760302013,0.14027896719130967,0.19258689726105707,0.02583401501865765
168,0.0,0.7732885547168483,0.16755123343680353,0.05387957325641838,0.005280638589929816
169,0.9282448458879137,0.06642571204606713,0.004535971298550865,0.0007934707674683765,0.0
170,0.0,0.7603861044107529,0.18965883261073646,0.04067882405651627,0.00927623892199431
171,0.7249471688682462,0.16875996811403574,0.07052268097656493,0.03489446930779857,0.0008757127333546617
172,0.5492679317788446,0.3504307298646318,0.06352716852618175,0.03326644668328094,0.003507723147061034
173,0.0,0.7359804958994057,0.1801898450337024,0.07323962678152973,0.010590032285362136
174,0.0,0.8660237197099243,0.12430666618063403,0.009669614109441662,0.0
175,0.0,0.5063466677704057,0.27546958450880443,0.1995398497690435,0.018643897951746476
176,0.0,0.8674390418599537,0.11578809414823435,0.006328077028993289,0.010444786962818777
177,0.0,0.6742256490986679,0.16591363287547434,0.1277202572915335,0.03214046073432434
178,0.7864345414180105,0.1624229144311665,0.039317051316980045,0.011825492833842962,0.0
179,0.0,0.45843417785404467,0.17286124591518126,0.2650051092480822,0.10369946698269192
180,0.8634075108663101,0.09743422878208914,0.024783888504202153,0.013581947069056867,0.0007924247783418878
181,0.4616626655015397,0.09410848988048097,0.14478350643621735,0.25354384341027975,0.04590149477148208
182,0.0,0.8282137835798509,0.1483114836937166,0.018797096363160654,0.004677636363271801
183,0.0,0.7834662088996749,0.1712002236477965,0.042114097344341066,0.0032194701081875226
184,0.7321370384954079,0.15260611965468815,0.07545092247673552,0.034984250252922164,0.0048216691202461566
185,0.7455925055574107,0.0761565914896209,0.07276886094978444,0.09575091566523247,0.00973112633795119
186,0.7531032295273214,0.177069774960456,0.055438714687169405,0.013057363352274969,0.0013309174727779895
187,0.7711100894149422,0.17999450037970063,0.035189068282392516,0.011364132556108278,0.002342209366856301
188,0.5969333156063561,0.2735147637828306,0.08008755329483189,0.045711073567304104,0.003753293748677144
189,0.0,0.31606120560553175,0.3098062556866356,0.3287109480004318,0.04542159070740081
190,0.0,0.7549207639828431,0.1886950648349644,0.05422515224403149,0.0021590189381609937
191,0.8062588568829185,0.05669962415644442,0.06354059824581484,0.0639120564293623,0.009588864285459934
192,0.8251598820419086,0.1484855261899551,0.021248298234441968,0.00301071610515292,0.0020955774285414865
193,0.4981370293236738,0.0893090008171798,0.09608441059926576,0.24879905444551967,0.06767050481436099
194,0.0,0.3801445451765449,0.2575679324810406,0.3131869820944098,0.04910054024800474
195,0.0,0.9527532527755915,0.0472467472244084,0.0,0.0
196,0.6414631063758033,0.24913584566285255,0.06423441236537862,0.04322648862460362,0.001940146971362027
197,0.0,0.5173560045812341,0.3063823713617713,0.16157558579064038,0.014686038266354071
198,0.5629722565518998,0.3439055021086603,0.07766295093968796,0.01415838067774772,0.0013009097220042865
199,0.0,0.6070196427135117,0.28080517764017876,0.10300120528933113,0.00917397435697859
200,0.44509387978225634,0.4238284628469696,0.09194191839626292,0.03783294983172865,0.0013027891427824828
201,0.0,0.5370189650667315,0.2743969519370149,0.17317735513532087,0.015406727860932853
202,0.0,0.9407702312019185,0.05608460781252766,0.0,0.003145160985553786
203,0.8619171661500505,0.09181622067078786,0.034572092512920836,0.010909111233376451,0.0007854094328642179
204,0.0,0.8169866940563063,0.14031646561555758,0.03738125045350383,0.005315589874632219
205,0.7632328113504907,0.18585941835820358,0.034591481216944116,0.014179437362006863,0.0021368517123547767
206,0.2035202962057908,0.15076462302927446,0.20031035238161857,0.38750233721668403,0.05790239116663212
207,0.0,0.8670183641369514,0.09300048065289063,0.03736291723566018,0.002618237974497814
208,0.0,0.7522375656379895,0.19191422668165148,0.05273741723891304,0.0031107904414459297
209,0.0,0.8023245591572227,0.15287834984335127,0.04009219593106509,0.004704895068361022
210,0.0,0.7717997226298361,0.16889831177297948,0.05645128230589426,0.002850683291290142
211,0.0,0.48998698014843184,0.2512635997885537,0.22574568992599947,0.03300373013701498
212,0.7869003358785601,0.16071692313994776,0.045814857623817144,0.0057847762681273,0.0007831070895475778
213,0.0,0.8760412934749366,0.10421030134495644,0.014977631621224844,0.004770773558882198
214,0.43485061336390385,0.2750987698250368,0.15407239812236248,0.12237509262809358,0.013603126060603526
215,0.7426713886840386,0.19103941300042962,0.045640582565994306,0.020648615749537413,0.0
216,0.7436863853644681,0.19130050340054616,0.035268493315838305,0.026284113394732706,0.003460504524414633
217,0.0,0.8212708050909073,0.12318935238904165,0.047392857445387696,0.008146985074663278
218,0.0,0.6159227260013581,0.2406144698028488,0.13714483097556668,0.006317973220226374
219,0.0,0.8674639808979219,0.10361292327884676,0.021550287277414343,0.007372808545816857
220,0.0,0.861105319507516,0.11331033018632843,0.025584350306155555,0.0
221,0.0,0.7676202588361898,0.1875918413728309,0.03794626244322471,0.006841637347754697
222,0.848063825697096,0.10066548425203194,0.036174264489649534,0.013989866297309273,0.001106559263913026
223,0.0,0.8247823124357765,0.14521565664127054,0.030002030922952963,0.0
224,0.8992093577353251,0.07839935957124748,0.012322924636239407,0.00957922819614562,0.0004891298610424142
225,0.0,0.9262462459189069,0.05891607078252912,0.010414586622128233,0.004423096676435634
226,0.0,0.8636421062592813,0.10023043287615835,0.029941245460196185,0.006186215404364084
227,0.8972869126880354,0.0922047910233627,0.008992945450009822,0.0011283086812135838,0.0003870421573784135
228,0.7582775062339819,0.22919370258884994,0.007520577153020264,0.00500821402414782,0.0
229,0.0,0.7010507918549657,0.22098760502469048,0.07260799754570779,0.005353605574635946
230,0.7364584988027065,0.2341256038115779,0.023776354787252815,0.005639542598462802,0.0
231,0.0,0.7888152540955621,0.14346886363248126,0.06384245055658663,0.0038734317153700996
232,0.0,0.8106266977306893,0.1532749729466793,0.03609832932263149,0.0
233,0.0,0.8037002291087436,0.15408549146566683,0.04221427942558952,0.0
234,0.0,0.8844559335158367,0.09522710879480825,0.017288237999407728,0.0030287196899472526
235,0.6040358184859761,0.29748046545861534,0.053754218654583165,0.039146301713563016,0.005583195687262298
236,0.7692477634779524,0.1885120069102849,0.022708136143572765,0.01953209346818984,0.0
237,0.7469509747003262,0.21421916063796087,0.027461582644229165,0.011368282017483603,0.0
238,0.0,0.7128111968159865,0.23135072533566547,0.047572711144681895,0.00826536670366611
239,0.8796470673971023,0.1099238635331488,0.010429069069748808,0.0,0.0
240,0.9752950562214245,0.020126374756369133,0.0017014113138244865,0.0025694276640385668,0.00030773004434328586
241,0.8040421133044963,0.16277111409567152,0.025798283353564242,0.007388489246268059,0.0
242,0.0,0.8461302650901407,0.12942862669533392,0.024441108214525546,0.0
243,0.8295020229843939,0.1394096369029513,0.023465895124805226,0.00762244498784952,0.0
244,0.0,0.5042238909558071,0.3194861581084411,0.1628995427152502,0.013390408220501655
245,0.0,0.5612534817956044,0.2720275984704351,0.15032351541388286,0.01639540432007753
246,0.0,0.765476406318754,0.1577149194242888,0.07020195932738361,0.006606714929573715
247,0.8820040056538493,0.08059720135889537,0.02061238111541513,0.01587208654590566,0.000914325325934453
248,0.0,0.9032789892910795,0.07212008393206867,0.024600926776851845,0.0
249,0.0,0.686187910464472,0.21941709715056756,0.08380890082190207,0.01058609156305833
250,0.0,0.8041377856380141,0.18650047234359882,0.009361742018387093,0.0
251,0.0,0.8940673727459517,0.10593262725404837,0.0,0.0
252,0.9536945864483782,0.03713195275972495,0.006341890335037155,0.002593732829751373,0.00023783762710834146
253,0.0,0.7366690915849132,0.19081649670531184,0.06705086950269737,0.005463542207077718
254,0.8193510527019783,0.16762551253425473,0.01302343476376693,0.0,0.0
255,0.9298878682507478,0.061768697296921665,0.008109531445226092,0.0,0.00023390300710449975
256,0.7678778240094519,0.20186906878056637,0.017463800873704294,0.012789306336277395,0.0
257,0.0,0.8251820043599414,0.1182751398443035,0.04464418747282158,0.011898668322933605
258,0.0,0.7144941138266155,0.15861818975439265,0.11723457776910809,0.009653118649883618
259,0.0,0.9097295226551153,0.07903932264907888,0.01123115469580579,0.0
260,0.9038478428818012,0.0902482703838267,0.005548994360876977,0.0,0.00035489237349504554
261,0.9301043673964277,0.06528874118724236,0.004606891416330081,0.0,0.0
262,0.8432941593919705,0.01855623247395277,0.027649345169823626,0.08597803255039371,0.02452223041385927
263,0.8361841220277257,0.12539109293959685,0.031774915710997755,0.00583403274949577,0.0008158365721839428
264,0.9610069536318456,0.030587576309272956,0.006110803546482439,0.0018499446208200903,0.0004447218915790908
265,0.0,0.7744032927716701,0.1482495039677011,0.06560972335099284,0.011737479909636132
266,0.0,0.8623213804272415,0.10965621873825404,0.02802240083450444,0.0
267,0.5705289219171367,0.3455082225391236,0.06508015614714352,0.01734121878446659,0.001541480612129583
268,0.7494671566370656,0.20952210500009721,0.041010738362837015,0.0,0.0
269,0.8205076531475374,0.1511638061992922,0.028328540653170444,0.0,0.0
270,0.7797588063398097,0.17745810680978938,0.02447152110746836,0.013276963759644616,0.005034601983288171
271,0.8726038405262736,0.09233391886206051,0.026026437085522682,0.008244389104185103,0.0007914144219581647
272,0.0,0.7550489517762244,0.14188526659237854,0.09512325126233437,0.00794253036906268
273,0.0,0.842016706761755,0.12586406232501465,0.03211923091323023,0.0
274,0.0,0.8593615961938512,0.14063840380614878,0.0,0.0
275,0.9263713355881988,0.06139557283495511,0.008508831385392697,0.003724260191453299,0.0
276,0.0,0.7878888410166739,0.17530782958734534,0.03336497792342615,0.0034383514725546565
277,0.0,0.7620693147476002,0.17003448700167997,0.06302917596169791,0.004867022289021935
278,0.0,0.6913875279978989,0.18947780615203957,0.10025249507220972,0.018882170777851676
279,0.0,0.7496196153153849,0.21162780591606756,0.038752578768547395,0.0
280,0.0,0.8679920139809068,0.10557830519722211,0.026429680821871148,0.0
281,0.0,0.5986275854381345,0.26592987690008246,0.12455624900877224,0.010886288653010763
282,0.0,0.879088637232864,0.09136256941236101,0.029548793354774974,0.0
283,0.7251297497957734,0.05483160802760652,0.023047588695016934,0.13135304293060407,0.06563801055099892
284,0.0,0.7485936630055321,0.18844983817553,0.05709944597342736,0.005857052845510578
285,0.0,0.8752327287666781,0.12476727123332189,0.0,0.0
286,0.0,0.7722996426103502,0.1698123611171174,0.041460631770187606,0.016427364502344683
287,0.7267166319970189,0.011895240435356214,0.02040565975486497,0.15559893521203622,0.08538353260072369
288,0.0,0.5368602874073125,0.2718050647261974,0.18158148455340864,0.009753163313081311
289,0.78182604484364,0.13125133634607394,0.04852038214724886,0.03522079736833979,0.0031814392946973484
290,0.805160495529539,0.15394210273785025,0.032676550328183694,0.008220851404426875,0.0
291,0.0,0.7551147663168746,0.17145047475431419,0.06786665788965095,0.005568101039160416
292,0.8719864566566938,0.09646220600550691,0.02268416957656875,0.008406916382855392,0.00046025137837511554
293,0.0,0.8576258382690343,0.11831975174583598,0.018811455275197404,0.005242954709932248
294,0.5599808454767936,0.011374479343492248,0.01022331008478847,0.1613119630288776,0.257109402066048
295,0.0,0.9299748244660984,0.07002517553390156,0.0,0.0
296,0.0,0.6887756523124575,0.19240350299348277,0.1144939701592001,0.004326874534859554
297,0.9249862124791983,0.028327593653061135,0.0042535708348008135,0.026976102369797476,0.015456520663142327
298,0.9007466070683317,0.08218504630119812,0.013051100022295887,0.0034973765203254537,0.0005198700878486747
299,0.0,0.8935885085790828,0.10641149142091723,0.0,0.0
300,0.0,0.6040559669030088,0.21220233069479533,0.1518604324611146,0.03188126994108128
301,0.0,0.8074249315051798,0.10028610634008427,0.08710957555637885,0.005179386598357024
302,0.9746579080840058,0.024905001514382887,0.0002773323534729756,0.0,0.00015975804813853287
303,0.0,0.8255446042274305,0.1527745691789334,0.021680826593636047,0.0
304,0.0,0.22493599721012167,0.23513838005048898,0.4587963106862455,0.08112931205314386
305,0.0,0.9094218021963668,0.09057819780363306,0.0,0.0
306,0.8469355926988206,0.12518901042083455,0.023613472110780288,0.004261924769564532,0.0
307,0.0,0.5815073594397673,0.2824143008258744,0.13169169368087402,0.004386646053484535
308,0.0,0.6923036792910378,0.2550839456177508,0.03715946020400574,0.015452914887205658
309,0.0,0.9015464033501335,0.09845359664986658,0.0,0.0
310,0.0,0.6856099594705596,0.19478947434561622,0.11960056618382425,0.0
311,0.0,0.6714165053588157,0.26962391013981274,0.04739601040085314,0.011563574100518545
312,0.0,0.6587422643119711,0.2243533281197116,0.10166530194319272,0.01523910562512457
313,0.8618698422413062,0.11896214941447825,0.016828044163001894,0.002339964181213678,0.0
314,0.0,0.6641849391715843,0.21723051746962813,0.1185845433587876,0.0
315,0.0,0.7727730795655898,0.19220147035183835,0.028271526020152458,0.00675392406241946
316,0.0,0.7064712510840556,0.19110186082658145,0.08184536893332797,0.02058151915603491
317,0.0,0.4848132093692627,0.3503012365420006,0.15076156483875525,0.014123989249981588
318,0.0,0.8828084921441415,0.10092153117213766,0.016269976683720894,0.0
319,0.0,0.1625725028395922,0.059026212144054874,0.3410648578534151,0.4373364271629377
320,0.0,0.8203740683682984,0.13101711501164157,0.04860881662005998,0.0
321,0.0,0.6203376240421213,0.2609239746001176,0.09285790538910701,0.02588049596865401
322,0.0,0.6495018888690212,0.23157906912455575,0.10633818541516485,0.012580856591258236
323,0.0,0.7477587349236102,0.20967956114703992,0.03847644708269493,0.004085256846654899
324,0.0,0.7821539760552333,0.19469976650000329,0.014861909637345695,0.008284347807417722
325,0.9451772693723658,0.04535529731547234,0.007585595373674606,0.001881837938487242,0.0
326,0.8575892585650928,0.07312978168490909,0.0027315812295084013,0.033992195981625624,0.032557182538864096
327,0.0,0.7423523453703441,0.20689896099862487,0.046565234494095296,0.00418345913693576
328,0.0,0.20551596826830892,0.2493890737323562,0.48160637344757457,0.06348858455176024
329,0.0,0.6774273828525404,0.20113130769232151,0.11658257074566983,0.004858738709468173
330,0.9437764470461877,0.047299225599498146,0.008924327354314244,0.0,0.0
331,0.0,0.796083573777201,0.16907124679271493,0.034845179430084125,0.0
332,0.9749968374009541,0.020157206355658572,0.0038248454990475918,0.001021110744339777,0.0
333,0.0,0.4912680515577917,0.25106924501855526,0.235494435078066,0.02216826834558712
334,0.0,0.810659479760125,0.14313579099416768,0.03472009875293652,0.011484630492770806
335,0.0,0.8739757836461562,0.1260242163538438,0.0,0.0
336,0.0,0.7056947585207354,0.23570067424526298,0.04844307926420288,0.010161487969798797
337,0.0,0.8164358885974989,0.1644267915595833,0.019137319842917784,0.0
338,0.9557472188774423,0.03491629633791819,0.009336484784639543,0.0,0.0
339,0.0,0.7469408976049347,0.16443866431573315,0.07817778863970833,0.010442649439623983
340,0.0,0.8330905935578193,0.13315667487175892,0.03375273157042183,0.0
341,0.9634088163873484,0.027313715647941328,0.007248669473199071,0.002028798491511218,0.0
342,0.17910433651838045,0.03749765849325735,0.037732172684683554,0.3558141275712998,0.38985170473237885
343,0.0,0.1141458972956727,0.20872503873302672,0.5809530980098817,0.09617596596141888
344,0.0,0.41686890807900717,0.3126863587707603,0.24693822717454392,0.023506505975688534
345,0.9072832482689053,0.06563631035321366,0.021334539598913998,0.005745901778967013,0.0
346,0.8816822690357096,0.10260942706124074,0.011327211599634944,0.002641936552555768,0.0017391557508589506
347,0.9351440162645295,0.0550136036520851,0.00775999025694627,0.0015108937990218137,0.0005714960274172949
348,0.8351719854265863,0.1343476305995227,0.022573274630189693,0.0079071093437012,0.0
349,0.0,0.7708143054808027,0.16288480662147847,0.057375573246036746,0.008925314651682201
350,0.8399912083305496,0.12281293984796524,0.02081156917357956,0.015223252039706323,0.0011610306081993363
351,0.0,0.6898890654628779,0.21846766756712843,0.059526202255984,0.03211706471400972
352,0.9305576856812553,0.05943498367726734,0.008423800297794947,0.00158353034368254,0.0
353,0.0,0.7029257148971918,0.14200509113524526,0.1335937657283144,0.021475428239248445
354,0.9675114060358233,0.03188161459637693,0.0006069793677997521,0.0,0.0
355,0.0,0.6512791585615927,0.21010100816814264,0.12609174688267,0.012528086387594539
356,0.0,0.5617097871937768,0.3476114634115317,0.08554938439023549,0.005129365004456074
357,0.0,0.6405994743943836,0.26685666627515864,0.08221618230418866,0.010327677026269197
358,0.0,0.8018366968182188,0.15018124137178948,0.03043810443573678,0.01754395737425497
359,0.0,0.7832428607459392,0.1686191725910068,0.04813796666305404,0.0
360,0.0,0.8659422266054875,0.10720985370820423,0.026847919686308362,0.0
361,0.0,0.605444340815187,0.15458456318883348,0.21725845159729412,0.022712644398685238
362,0.8617860890217924,0.11034276871738129,0.023578407344886577,0.0034519193702935856,0.0008408155456460977
363,0.7546946686930229,0.19834747937947275,0.03282007816419069,0.01204504620122553,0.0020927275620880566
364,0.8192175964670028,0.1351315407424529,0.042137824347087814,0.0035130384434564643,0.0
365,0.891315415519395,0.0938452446703519,0.014839339810253187,0.0,0.0
366,0.17890075629247787,0.05533130393725242,0.03242746849756235,0.35981990519286505,0.37352056607984235
367,0.0,0.8768597258996685,0.12314027410033153,0.0,0.0
368,0.8998158170189857,0.07607433299173696,0.016554086621785903,0.007555763367491361,0.0
369,0.0,0.8776769309334148,0.07835327056757974,0.03453967951074957,0.00943011898825585
370,0.7883907291830785,0.17572410971905947,0.035885161097861926,0.0,0.0
371,0.0,0.6557158919282923,0.2599522459846604,0.08433186208704738,0.0
372,0.9564330957846975,0.03574547107371159,0.005595913933554667,0.0016225546534974983,0.0006029645545388159
373,0.0,0.9058674896086927,0.058153349024962074,0.035979161366345255,0.0
374,0.0,0.7546463566084487,0.21103464872560468,0.028812472014253947,0.0055065226516925764
375,0.0,0.6203962295787481,0.27504828150480454,0.0947471559145733,0.009808333001874186
376,0.2746946180062321,0.07277287564863512,0.0431730937672578,0.3829800881173709,0.22637932446050407
377,0.0,0.8264512724236802,0.1735487275763198,0.0,0.0
378,0.0,0.7267070863377573,0.21848105182528058,0.049013125472827594,0.00579873636413447
379,0.0,0.5539906514529653,0.27531469078969734,0.14872468122080787,0.021969976536529393
380,0.0,0.26262504969011785,0.2890210074561417,0.39237279834526567,0.05598114450847482
381,0.0,0.7636755290761876,0.1813561940911395,0.054968276832672774,0.0
382,0.0,0.928974031087739,0.07102596891226087,0.0,0.0
383,0.0,0.6141285607548944,0.27006776949620215,0.10735117092863118,0.008452498820272212
384,0.0,0.6824401984350392,0.26259479649005124,0.045572305661796396,0.009392699413113123
385,0.0,0.6632273634795999,0.2187445099080034,0.09769698998493165,0.020331136627464882
386,0.8124295299000284,0.1447890115353437,0.03334202298984866,0.006604151657409993,0.0028352839173692223
387,0.8270806222527126,0.15968343074010577,0.00848582557215813,0.004750121435023509,0.0
388,0.0,0.607012081343674,0.23512180692638782,0.15288140118407778,0.004984710545860429
389,0.0,0.8018320344132086,0.12430412484081058,0.07386384074598083,0.0
390,0.3746371791537216,0.035814247869159634,0.053641913241851094,0.3365150484465523,0.19939161128871555
391,0.0,0.7049668013646464,0.18915157791558657,0.10588162071976699,0.0
392,0.0,0.7214034402589473,0.19184118884418966,0.07801221705148757,0.008743153845375376
393,0.0,0.5690224989952223,0.26531694074616163,0.1504159951550588,0.015244565103557355
394,0.0,0.6168949654368542,0.3016302141615129,0.044914149081464246,0.03656067132016856
395,0.0,0.8817291507893839,0.06477428341627672,0.05349656579433937,0.0
396,0.0,0.060283386453142185,0.20734493318411232,0.5988601968123417,0.13351148355040382
397,0.0,0.6772010602997534,0.1786073501349921,0.1328491601399053,0.011342429425349253
398,0.7621855055396017,0.17144179920070451,0.03837014987092571,0.025213900547456886,0.002788644841311171
399,0.0,0.7904739373263808,0.1573353577936516,0.05219070487996769,0.0
400,0.0,0.8847713019212602,0.11522869807873976,0.0,0.0
401,0.9252829829303031,0.07105060854079588,0.0036664085289009932,0.0,0.0
402,0.8240066369977739,0.14679522250657787,0.01587151397571322,0.013326626519935079,0.0
403,0.8819642449897923,0.0770197356149476,0.033025637724927955,0.006674318732536553,0.0013160629377954398
404,0.0,0.8329811771796969,0.10029632626676414,0.06015321733569875,0.006569279217840007
405,0.0,0.7754520304465929,0.18575697390507934,0.038790995648327824,0.0
406,0.0,0.700256613563663,0.21467775921232066,0.07297800235361038,0.012087624870405987
407,0.0,0.6803366440197787,0.21110414130772617,0.09500870830886055,0.013550506363634503
408,0.7468485910840854,0.20369029799454547,0.027585529303979457,0.02187558161738969,0.0
409,0.885741356063999,0.10338617254195195,0.010872471394049153,0.0,0.0
410,0.8061796336412412,0.13926727331469402,0.04040845807598587,0.012445660599941297,0.0016989743681374869
411,0.9350219035811391,0.05400073812033794,0.010163712748163946,0.0,0.0008136455503589274
412,0.0,0.7794893666446399,0.1836383447873152,0.03687228856804495,0.0
413,0.0,0.7923796892730574,0.12073012430044075,0.08689018642650198,0.0
414,0.8525449869801498,0.13012744566667755,0.017327567353172705,0.0,0.0
415,0.0,0.6022484948943795,0.22677742278116794,0.1609695776033018,0.010004504721150614
416,0.0,0.6360337270759335,0.23625145610402276,0.11036086904201087,0.017353947778032817
417,0.0,0.9000429045405265,0.09995709545947348,0.0,0.0
418,0.0,0.663995768482651,0.18172169815165112,0.13268163576587877,0.021600897599819206
419,0.0,0.8517719869249845,0.10473152584071004,0.04349648723430561,0.0
420,0.0,0.5980136509217253,0.22381371374622877,0.17047639373096482,0.007696241601081007
421,0.0,0.639243841597379,0.31443576322631667,0.03443715183643949,0.01188324333986502
422,0.0,0.5863417055134864,0.25157841853964524,0.14740704479054126,0.014672831156327202
423,0.0,0.7633919273744093,0.11734456189918138,0.10452660120854286,0.014736909517866567
424,0.9421460154835589,0.051426192430613964,0.004811715875542133,0.001616076210285059,0.0
425,0.0,0.9414697157044052,0.05853028429559482,0.0,0.0
426,0.0,0.8413987067673095,0.13759531847960205,0.02100597475308851,0.0
427,0.0,0.6697767344301221,0.24983632735189462,0.05472438281826789,0.02566255539971537
428,0.0,0.7720561350763332,0.1648627017222334,0.06308116320143334,0.0
429,0.0,0.5437703114429466,0.2601568118496931,0.18388659652781397,0.012186280179546432
430,0.7812816046478063,0.1265307626122486,0.06327239837583506,0.026994313856978827,0.0019209205071311524
431,0.0,0.19759084824073414,0.3402144072078105,0.4201987250539445,0.041996019497510924
