Sequence,Region,Design,RotamerValues,Interface,InterfaceSequence,Seed,Density,Baseline,Dimer,Dimerw/Baseline,HBONDDimer,HBONDDimerOptimize,HBONDDimerPreOptimize,HBONDMonomer,IMM1Dimer,IMM1DimerOptimize,IMM1DimerPreOptimize,IMM1Monomer,Monomer,MonomerSasa,OptimizeSasa,PreBBOptimizeSasa,SequenceEntropy,SequenceProbability,Total,TotalPreOptimize,Totalw/Entropy,VDWDimer,VDWDimerOptimize,VDWDimerPreOptimize,VDWMonomer,acceptCycleNumber,acceptTemp,endAxialRotation,endAxialRotationPrime,endCrossingAngle,endXShift,endZShift,endZShiftPrime,firstRepackEnergy,preOptimizeAxialRotation,preOptimizeAxialRotationPrime,preOptimizeCrossingAngle,preOptimizeEnergy,preOptimizeXShift,preOptimizeZShift,preOptimizeZShiftPrime,preRepackTotal,replicateNumber,startAxialRotation,startAxialRotationPrime,startCrossingAngle,startXShift,startZShift,startZShiftPrime,Directory,VDWDiff,HBONDDiff,IMM1Diff,VDWRepackDiff,HBONDRepackDiff,IMM1RepackDiff,RepackChange,SasaDiff,AxChange,xChange,crossChange,zChange,Region.1,geomChangeNorm,TotalNorm,PercentGpA_transformed,std_adjusted,Sample,wt_seq,Percent GpA
LLLYFLLGILLGVLLSLLILI,GAS,leu,3.30022e+19,1.10011e+17,L--YF--GI-LGV-LSL--L-,1677830000,0.87,346.239,-373.823,-27.584,-62.737,-64.6628,-62.5985,-60.5031,-228.538,-226.024,-228.536,-246.267,-348.751,4586.08,3663.34,3633.08,51.5875,0.000164252,-32.2999,-24.9454,24.0035,-82.5488,-90.3638,-82.5625,-41.9809,532,55.7787,-94.6454,36.5448,-46.0486,6.72031,5.63035,4.67853,-26.9002,-94.6454,38.3356,-45.1988,-24.9454,6.8908,5.87212,4.94715,-25.0724,2,-94.6454,29.8466,-40.7669,7.1745,4.7261,3.6738,design_4378,-48.3829,-4.1597,20.243,-7.8013,-2.0643,2.512,-7.3545,-922.74,6.6982,-0.45419,-5.2817,1.00473,GAS,0,0,1.0830410842120042,0.0196283699665819,G,LLLTFLLGILLGVLLSLLILI,98.23292872067326
LLLYLLLGILLGTLLAFLILI,GAS,leu,1.33003e+20,1.10011e+17,L--YL--GI-LGT-LAF--L-,1677830000,1.0,341.43,-367.916,-26.4864,-68.064,-68.7016,-67.8665,-58.9223,-226.036,-227.434,-226.034,-246.107,-344.423,4569.3,3721.05,3636.38,51.435,0.000168538,-28.6375,-23.3125,24.9486,-73.8165,-76.9247,-73.8345,-39.3939,511,330.452,-70.6256,47.2845,-44.9343,6.43909,3.47724,2.68651,-29.2617,-70.6256,46.5619,-46.2604,-23.3125,6.47623,3.3797,2.57812,-23.4935,3,-70.6256,40.5984,-41.2559,6.8843,2.57462,1.6836,design_4725,-37.5308,-9.7793,18.673,-3.0902,-0.8351,-1.4,-5.325,-848.25,6.6861,-0.44521,-3.6784,1.00291,GAS,0,0,0.6579259709130238,0.0367360872780604,G,LLLYLLLGILLGTLLAFLILI,59.6745552373963
LLLLTLLVGLLFALLSILILI,GAS,leu,1.33001e+20,1.10011e+17,L--LTL-VG--FA--SI--LI,1677830000,0.99,362.643,-379.392,-16.7491,-69.6053,-69.5158,-69.4743,-60.5288,-220.939,-222.017,-220.938,-241.221,-358.901,4505.36,3738.31,3627.23,42.6414,0.000744401,-24.9465,-20.3717,25.8923,-88.8479,-92.3149,-88.86,-57.1509,462,804.321,-38.5963,77.1483,-42.1649,7.4926,2.70446,2.36169,-20.4174,-38.5963,75.8133,-42.2554,-20.3717,7.49297,2.52423,2.16143,-20.4914,3,-38.5963,75.2624,-37.139,7.5,2.44986,2.0788,design_4517,-35.164,-8.987,19.204,-3.4549,-0.0415,-1.079,-4.5748,-767.05,1.8859,-0.0074,-5.0259,0.28289,GAS,2,0,0.3965958056919501,0.0170806310949817,G,LLLLTLLVGLLFALLSILILI,35.97164325469778
LLLYFLLAVLLGLLLGTLILI,GAS,leu,1.33002e+20,1.10011e+17,L--YF--AV-LGL-LGT--L-,1677850000,0.92,339.793,-347.903,-8.11083,-61.602,-60.3533,-61.4014,-58.948,-224.622,-227.311,-224.619,-244.805,-337.335,4644.32,3623.19,3561.39,51.1953,0.000175503,-23.8047,-10.3846,43.0845,-61.6794,-73.4759,-61.6988,-33.5826,459,55.7787,-71.1719,42.7776,-35.051,7.23234,2.95076,2.09242,-16.8074,-71.1719,40.0639,-37.9402,-10.3846,7.11602,2.5844,1.68536,-10.5683,1,-71.1719,34.5088,-41.0473,6.9662,1.83447,0.8521,design_4952,-39.8933,-1.4053,17.494,-11.7771,1.0481,-2.692,-13.4201,-1021.13,8.2688,0.26614,5.9963,1.24032,GAS,2,1,0.2878145729209835,0.0312245452350642,G,LLLYFLLAVLLGLLLGTLILI,26.10507471846156
LLLYLLLGALLGALLTFLILI,GAS,leu,1.33002e+20,1.10011e+17,L--YL--GA--GA--TF--LI,1677850000,1.0,334.136,-341.109,-6.97317,-65.1122,-66.9164,-64.8578,-58.9953,-217.686,-218.157,-217.683,-242.156,-337.706,4543.35,3835.76,3621.81,54.5495,9.96e-05,-23.6808,-3.16757,47.5763,-58.3115,-76.3138,-58.3326,-36.5552,450,563.509,-68.1028,62.6719,-45.0436,6.5381,5.17612,4.6162,-17.5951,-68.1028,64.3439,-40.6526,-3.16757,6.5,5.40184,4.867,-3.40313,0,-68.1028,64.3439,-40.6526,6.5,5.40184,4.867,design_4939,-39.7586,-7.9211,23.999,-17.9812,-2.0586,-0.474,-20.51323,-707.59,-1.672,0.0381,-4.391,-0.2508,GAS,0,1,1.1200661830892205,0.0487510324004528,G,LLLYLLLGALLGALLTFLILI,101.5911428751508
LLLTYLLAVLLGLLLAFLILI,GAS,leu,1.33002e+20,1.10011e+17,L--TY--AV-LGL-LAF--L-,1677840000,1.0,342.738,-356.941,-14.2036,-53.26,-52.7412,-53.0639,-45.1579,-226.096,-227.449,-226.093,-249.096,-344.166,4571.41,3780.07,3596.93,48.1158,0.000295257,-17.912,-12.5936,33.9122,-77.585,-81.888,-77.6023,-49.9117,463,51.0312,-71.1566,39.9848,-45.7664,7.21841,2.57144,1.67122,-17.8722,-71.1566,39.3075,-46.6461,-12.5936,7.13721,2.48001,1.56962,-12.7754,4,-71.1566,42.8294,-43.0573,7.0278,2.95546,2.0979,design_4872,-31.9763,-7.5833,21.647,-4.2857,0.3227,-1.356,-5.3184,-791.34,-2.8446,0.19061,-2.7091,-0.42668,GAS,0,1,0.4509632520759182,0.0336094988011625,G,LLLTYLLAVLLGLLLAFLILI,40.90282598009469
LLLAYLLFLLLGTLLSVLILI,GAS,leu,1.33002e+20,1.10011e+17,L--AY--FL--GT-LSV--LI,1677840000,1.0,354.216,-364.92,-10.7032,-71.0516,-70.9518,-70.9742,-74.1783,-226.992,-227.695,-226.986,-246.096,-360.355,4561.36,3670.59,3589.77,47.9929,0.000301451,-16.3043,-4.4937,37.2897,-66.8761,-78.0127,-66.8885,-40.081,469,95.1175,-63.9046,54.4042,-43.365,7.36701,3.43026,2.74632,-15.3245,-63.9046,54.8132,-42.9352,-4.4937,7.34602,3.48548,2.80768,-4.56433,1,-63.9046,49.0674,-38.504,7.2583,2.70979,1.9458,design_4827,-37.9317,3.2265,18.401,-11.1242,0.0224,-0.709,-11.8106,-890.77,5.3368,0.10871,-4.861,0.80052,GAS,1,1,0.2863287984345797,0.037347611420622,G,LLLAYLLFLLLGTLLSILILI,25.970313460236444
LLLLVLLTGLLFGLLYALILI,GAS,leu,1.33002e+20,1.10011e+17,L--LV--TGL-FG--YA--LI,1677830000,1.0,337.655,-346.923,-9.26834,-58.9696,-58.7637,-58.7637,-58.9696,-218.452,-219.982,-218.452,-240.536,-338.558,4572.0,3666.46,3555.74,51.1953,0.000175503,-12.6715,-8.17927,41.927,-69.5019,-72.4831,-69.5217,-39.0518,494,17.549,-36.3206,77.1735,-44.1043,7.35848,2.36651,2.02412,-11.1659,-36.3206,76.0991,-43.2262,-8.17927,7.31203,2.22147,1.86295,-8.36563,1,-36.3206,72.3714,-40.8966,7.2598,1.71823,1.3038,design_4364,-33.4313,0.2059,20.554,-2.9614,0.0,-1.53,-4.49223,-905.54,4.8021,0.09868,-3.2077,0.72032,GAS,1,2,0.2872038170063321,0.0380100136596425,G,LLLLVLLTGLLFGLLYALILI,26.04967853533953
