Sequence,Type,Clash Mutant,Mutant Type,Position,WT Sequence,Fluor Difference,Geometry,Interface,Seed,HBONDDimerOptimize,HBONDDimerPreOptimize,HBONDMonomer,IMM1DimerOptimize,IMM1DimerPreOptimize,IMM1Monomer,Monomer,MonomerSasa,OptimizeSasa,PreBBOptimizeSasa,Total,TotalPreOptimize,VDWDimerOptimize,VDWDimerPreOptimize,VDWMonomer,endAxialRotation,endAxialRotationPrime,endCrossingAngle,endXShift,endZShift,endZShiftPrime,firstRepackEnergy,preOptimizeAxialRotation,preOptimizeAxialRotationPrime,preOptimizeCrossingAngle,preOptimizeEnergy,preOptimizeXShift,preOptimizeZShift,preOptimizeZShiftPrime,replicateNumber,Directory,PercentGpA,PercentStd,Sample,Segments,LB-0H_M9-30H,LB-0H_M9-36H,LB-12H_M9-30H,LB-12H_M9-36H,LB-36H_M9-30H,LB-36H_M9-36H,VDWDiff,HBONDDiff,IMM1Diff,interfaceSasa,vdwPerSasa,hbondPerSasa,imm1PerSasa,totalPerSasa
ALLLGALLGFLLSTL,Mutant,,void,3.0,LLLYLLLGALLGFLLSTLILI,-0.1441401959107364,LLLALLLGALLGFLLSTLILI_0,110011001100110000,1,-91.1189,-86.6288,-74.042,-225.359,-214.75,-233.424,-353.334,4454.28,3655.23,3562.7,-53.454,-33.8869,-90.3102,-85.8422,-45.8676,-90.1453,61.0623,-43.0988,6.39231,8.2652,7.68113,-33.7937,-83.724,52.3747,-45.0,-387.221,6.6055,6.12918,5.4148,0,LLLALLLGALLGFLLSTLILI,1.252853519701986,0.0014220957360126,G,6,-97.69421326924451,-97.9665191147029,-97.19234777867662,-97.52392229148084,-96.8874598781587,-97.25504065139155,-44.44259999999999,-17.076899999999995,8.064999999999998,799.0499999999997,-0.05561929791627559,-0.02137150366059696,0.01009323571741443,-0.06689694011638823
YVLLGLLLGFLLSTL,WT,LLLYVLLGLLLIFLLSTLILI,clash,,,,LLLYVLLGLLLGFLLSTLILI_0,110011001100110000,1,-86.4739,-74.0812,-74.0812,-242.653,-235.245,-247.155,-355.479,4610.22,3646.56,3688.67,-52.2115,-24.2769,-78.5637,-70.4301,-34.2426,-88.1964,44.0461,-45.6889,6.65429,5.67568,4.83637,-24.2345,-92.7718,28.0376,-44.4465,-379.756,7.5,4.20084,3.1214,0,LLLYVLLGLLLGFLLSTLILI,1.0367066410804011,9.513762400697183e-05,G,1,-94.49833387449743,,-93.97762014557397,,-96.12985916773106,,-44.321099999999994,-12.392700000000005,4.5020000000000095,963.6600000000003,-0.0459924662225266,-0.012860033621816824,0.004671772201813926,-0.05418041632941077
YVLLGLLLGALLSTL,Mutant,,void,12.0,LLLYVLLGLLLGFLLSTLILI,0.1459702217480291,LLLYVLLGLLLGALLSTLILI_0,110011001100110000,1,-89.0964,-74.0139,-74.0092,-238.444,-230.215,-242.174,-363.0,4546.89,3642.87,3740.14,-51.2367,-19.0139,-86.6965,-77.7856,-46.817,-87.6455,46.6105,-44.8094,6.58216,5.93925,5.13841,-17.8257,-92.7718,28.0376,-44.4465,-382.014,7.5,4.20084,3.1214,0,LLLYVLLGLLLGALLSTLILI,0.890736419332372,0.0021092699028666,G,7,-69.84305650640079,-76.99934980722503,-70.20708602833167,-77.27699451268244,-77.14882374653943,-82.57144622064074,-39.8795,-15.087199999999996,3.730000000000018,904.0200000000004,-0.04411351518771706,-0.01668901130505961,0.00412601491117455,-0.05667651158160215
AFLLGILLGLLLGTL,WT,LLLAFLLIILLGLLLGTLILI,clash,,,,LLLAFLLGILLGLLLGTLILI_2,110011001100110000,1,-70.5064,-69.3878,-58.7173,-223.863,-223.827,-235.103,-340.46,4540.38,3422.69,3478.64,-50.8416,12.7118,-96.9319,-34.5337,-46.6394,-78.0792,36.5117,-38.9511,6.48499,3.14097,2.18864,-26.5298,-72.6874,32.4259,-40.8381,-366.994,7.0033,1.78061,0.766999,2,LLLAFLLGILLGLLLGTLILI,1.2374513546735737,0.0011364261549261,G,0,-97.4705255971456,-98.18769909898865,-96.79347975564676,-97.70261382309504,-97.13266068112026,-97.94562790386529,-50.2925,-11.789099999999998,11.240000000000009,1117.69,-0.04499682380624323,-0.010547736850110493,0.010056455725648443,-0.04548810493070529
AALLGILLGLLLGTL,Mutant,,void,4.0,LLLAFLLGILLGLLLGTLILI,0.0936500094194368,LLLAALLGILLGLLLGTLILI_2,110011001100110000,1,-73.2111,-72.3916,-58.7173,-221.026,-219.752,-230.381,-352.207,4402.86,3403.12,3504.19,-49.2089,-25.2612,-107.18,-85.3253,-63.1096,-80.236,38.3228,-35.3357,6.4831,3.70898,2.78382,-18.3985,-72.6874,32.4259,-40.8381,-369.654,7.0033,1.78061,0.766999,2,LLLAALLGILLGLLLGTLILI,1.143801345254137,0.0004330697193402,G,6,-74.5645087659003,-76.41506233274865,-66.92330170089734,-69.3297896060694,-65.17549082538329,-67.709140326142,-44.07040000000001,-14.4938,9.35499999999999,999.7399999999998,-0.04408186128393384,-0.014497569368035692,0.009357432932562458,-0.04922169764138677
YLLLGALLGFLLSTL,WT,LLLYLLLGALLGFLLITLILI,clash,,,,LLLYLLLGALLGFLLSTLILI_0,110011001100110000,1,-90.4274,-86.6288,-74.042,-227.982,-220.821,-244.11,-350.961,4614.19,3654.7,3632.74,-48.0238,-32.7807,-80.5751,-76.2917,-32.8091,-88.2653,60.1632,-42.5165,6.49343,7.86183,7.26427,-33.9968,-83.724,52.3747,-45.0,-383.742,6.6055,6.12918,5.4148,0,LLLYLLLGALLGFLLSTLILI,1.1087133237912496,0.0012069775409527,G,0,-96.13042759539212,-96.52894986817968,-95.93207621278668,-96.351026438728,-96.95479130036152,-97.26841341805267,-47.766000000000005,-16.385400000000004,16.128000000000014,959.4899999999998,-0.04978269705781198,-0.017077197261044938,0.01680892974392648,-0.050051381463068936
FYLLGVLLGLLLASL,WT,LLLFYLLGVLLILLLASLILI,clash,,,,LLLFYLLGVLLGLLLASLILI_0,110011001100110000,1,-71.2957,-70.3019,-60.32,-231.705,-219.01,-239.256,-339.298,4680.69,3596.19,3576.2,-47.3461,-31.619,-83.6429,-81.6044,-39.7219,-84.4887,60.2956,-40.2578,7.0348,7.31321,6.71764,-28.4053,-75.759,50.2096,-41.8685,-370.917,7.3305,4.64215,3.89529,0,LLLFYLLGVLLGLLLASLILI,0.911010240752645,0.0007551669816592,G,0,-91.66609022283608,-91.33636853107342,-91.3797475423848,-91.03869702711113,-93.78272050234987,-93.53674088786644,-43.921,-10.975699999999996,7.550999999999988,1084.4999999999995,-0.040498847395112975,-0.010120516366989397,0.006962655601659743,-0.04365707699400647
SYLLGVLLGLLLGFL,WT,LLLSYLLIVLLGLLLGFLILI,clash,,,,LLLSYLLGVLLGLLLGFLILI_1,110011001100110000,1,-71.156,-71.3512,-44.9456,-224.964,-224.226,-249.623,-338.562,4557.35,3556.12,3559.79,-46.4441,-41.4228,-88.8858,-84.408,-43.9933,-82.004,34.7114,-43.3784,6.82362,3.48663,2.5073,-37.5852,-76.9679,35.2534,-45.0,-378.098,6.6086,2.8044,1.8332,1,LLLSYLLGVLLGLLLGFLILI,1.0033962523219129,0.0007340357311032,G,0,690.1982352824119,745.4068692874617,809.9085644067919,873.4809778435812,948.9816064353996,1022.270610386444,-44.892500000000005,-26.210400000000007,24.658999999999992,1001.2300000000005,-0.04483735005942689,-0.026178200813000006,0.024628706690770334,-0.04638704393595875
AYLLGTLLGLLLGFL,WT,LLLAYLLGTLLILLLGFLILI,clash,,,,LLLAYLLGTLLGLLLGFLILI_0,110011001100110000,1,-72.8709,-67.9054,-58.7043,-219.831,-217.013,-239.922,-335.04,4526.09,3502.01,3433.66,-45.7428,-38.4449,-88.0808,-88.5667,-36.4137,-79.3487,56.5702,-35.8493,6.53337,6.03928,5.38783,-38.218,-80.1891,50.0903,-39.6088,-373.485,6.6695,5.29055,4.5419,0,LLLAYLLGTLLGLLLGFLILI,1.1394133762822232,0.0014239544792037,G,0,10.847787495057142,-9.75063899514555,22.65880830877997,-0.1344156555407455,17.686231929925846,-4.1829569109034646,-51.6671,-14.166600000000003,20.091000000000008,1024.08,-0.050452210764784004,-0.01383348957112726,0.019618584485587072,-0.0446672134989454
ALLLGLLLGTLLSFL,WT,LLLALLLGLLLITLLSFLILI,clash,,,,LLLALLLGLLLGTLLSFLILI_1,110011001100110000,1,-90.5454,-80.5523,-74.0307,-224.816,-222.16,-237.459,-366.307,4524.66,3683.02,3527.6,-45.3082,-32.7171,-96.2527,-96.3114,-54.8169,-87.0739,56.8671,-40.8239,6.65379,7.23815,6.59115,-24.3603,-76.1776,59.1137,-38.6839,-390.64,6.9104,5.90699,5.2937,1,LLLALLLGLLLGTLLSFLILI,1.0364843379282678,0.0004757018067796,G,1,-96.4057724276761,-97.0444103391737,-96.46628151931364,-97.09416791351512,-96.46396779531446,-97.09226530201032,-41.43580000000001,-16.514700000000005,12.643,841.6399999999999,-0.04923221329784708,-0.01962204743120575,0.01502186207879854,-0.05383323035977378
AFLLGTLLGVLLGLL,WT,LLLAFLLITLLGVLLGLLILI,clash,,,,LLLAFLLGTLLGVLLGLLILI_0,110011001100110000,1,-66.0758,-71.1867,-58.7211,-219.111,-212.661,-233.814,-339.256,4515.95,3624.91,3514.93,-45.018,-36.3847,-99.0871,-91.7925,-46.7207,-93.4523,50.9971,-41.018,6.7269,7.40245,6.66741,-36.7683,-92.5815,39.7325,-40.3169,-375.641,6.7382,5.75111,4.8471,0,LLLAFLLGTLLGVLLGLLILI,1.327417679187248,0.0018087358167435,G,0,-89.65747235905032,,-84.6698079294242,,-85.97296812794379,,-52.366400000000006,-7.354700000000001,14.703000000000003,891.04,-0.0587699766564913,-0.008254062668342612,0.01650094271862094,-0.05052298437780571
SYLLGVLLGLLLGAL,Mutant,,void,16.0,LLLSYLLGVLLGLLLGFLILI,-0.0289920692868468,LLLSYLLGVLLGLLLGALILI_2,110011001100110000,1,-71.4097,-69.4632,-44.9456,-219.579,-219.495,-244.973,-345.442,4520.17,3544.6,3571.79,-45.0149,-38.6705,-99.4686,-95.155,-55.5241,-81.4755,34.0944,-43.1274,6.80594,3.32407,2.33548,-36.8869,-76.9679,35.2534,-45.0,-382.136,6.6086,2.8044,1.8332,2,LLLSYLLGVLLGLLLGALILI,1.0323883216087597,0.0004327690097716,G,6,1061.1376565694363,1179.6533327065824,1317.995255681465,1462.7280231837,1449.8665731766523,1608.0592592919943,-43.9445,-26.464100000000002,25.394000000000005,975.5700000000002,-0.04504494808163432,-0.027126807917422634,0.026029910718861796,-0.04614215279272629
YTLLAILLGLLLGFL,WT,LLLYTLLAILLILLLGFLILI,clash,,,,LLLYTLLAILLGLLLGFLILI_2,110011001100110000,1,-69.0043,-67.2199,-44.9774,-230.249,-223.21,-246.979,-337.702,4624.54,4029.73,3581.62,-44.9553,63.992,-83.4039,16.7197,-45.7454,-66.047,49.2955,-50.0238,7.07112,3.06194,2.30137,54.7611,-66.7527,35.1406,-44.5294,-273.71,7.1807,1.25689,0.283999,2,LLLYTLLAILLGLLLGFLILI,0.2201636675639263,0.0005540933088878,G,0,-58.92165300340464,-66.47386558309373,-66.90456905514259,-72.98913058661557,-72.64755100390107,-77.67627110821206,-37.6585,-24.026899999999998,16.730000000000018,594.81,-0.06331181385652561,-0.04039424353995393,0.02812662867134046,-0.07557926060422657
AFLLGTLLGLLLSVL,WT,LLLAFLLGTLLILLLSVLILI,clash,,,,LLLAFLLGTLLGLLLSVLILI_2,110011001100110000,1,-83.5587,-82.8443,-74.0774,-219.969,-217.261,-237.012,-357.949,4518.62,3565.16,3567.54,-44.4495,-30.9745,-98.8707,-88.8176,-46.8596,-91.5073,54.2181,-36.2278,6.97475,7.54555,6.85882,-33.47,-91.43,48.2927,-36.5962,-390.482,7.0472,6.73401,5.9584,2,LLLAFLLGTLLGLLLSVLILI,1.2121637707826844,0.0002254801180332,G,0,-98.17501176557413,-98.729308690596,-97.545157286628,-98.2907575824362,-97.39600019243883,-98.18690342066856,-52.0111,-9.481300000000005,17.043000000000006,953.46,-0.05454985001992742,-0.009944098336584654,0.01787489774085961,-0.0466191554968221
SYLLGVLLGLLLGTL,WT,LLLSYLLGVLLILLLGTLILI,clash,,,,LLLSYLLGVLLGLLLGTLILI_0,110011001100110000,1,-85.309,-82.1063,-58.7288,-222.825,-221.353,-249.141,-358.264,4524.74,3512.78,3563.13,-44.36,-30.6645,-94.4898,-85.4686,-50.3941,-98.4834,30.6148,-41.451,6.49252,5.4055,4.36472,-30.6553,-92.5815,39.7325,-40.3169,-388.928,6.7382,5.75111,4.8471,0,LLLSYLLGVLLGLLLGTLILI,0.9471162931398556,0.0004802535352807,G,0,1217.3860309993745,1310.2644608920286,1571.8484743848574,1689.7172369688203,1959.87471967648,2105.1001321502927,-44.0957,-26.580199999999998,26.316000000000003,1011.9599999999996,-0.04357454840112259,-0.026266057946954434,0.026004980434009263,-0.043835724732202874
TFLLGLLLGVLLAIL,WT,LLLTFLLGLLLIVLLAILILI,clash,,,,LLLTFLLGLLLGVLLAILILI_2,110011001100110000,1,-57.8427,-56.3001,-44.9935,-229.715,-228.945,-242.981,-346.411,4556.2,3546.43,3547.59,-43.8692,-41.6658,-102.722,-102.831,-58.4367,-84.3394,47.0499,-39.923,6.95915,5.50265,4.7084,-29.5888,-75.4208,48.7219,-40.9997,-376.918,7.4067,4.39057,3.6214,2,LLLTFLLGLLLGVLLAILILI,1.2317623837806315,0.0009388479769918,G,1,-96.63634218241548,,-95.70795307517054,,-96.15561553329763,,-44.28529999999999,-12.849200000000003,13.265999999999991,1009.77,-0.04385681887954682,-0.012724877942501761,0.013137645206334108,-0.04344474484288501
ALLLGFLLGTLLGVL,WT,LLLALLLGFLLITLLGVLILI,clash,,,,LLLALLLGFLLGTLLGVLILI_0,110011001100110000,1,-73.0889,-67.0194,-58.6797,-214.289,-209.484,-232.75,-340.691,4439.35,3397.92,3396.18,-43.5706,-29.9398,-96.883,-94.1274,-49.2612,-80.3642,52.6536,-34.8096,7.0524,5.66287,4.95268,-30.3321,-82.6456,43.881,-35.0,-370.631,7.5,4.82078,3.979,0,LLLALLLGFLLGTLLGVLILI,1.1119359189765794,0.0005900460978459,G,0,-82.52094143116075,-85.8769281009408,-79.27983933902371,-83.25811898721388,-80.16831938939818,-83.97601049051764,-47.62179999999999,-14.409199999999998,18.461000000000013,1041.4300000000003,-0.04572731724647838,-0.013835975533641237,0.017726587480675616,-0.04183728143034096
ALLLGTLLGFLLSIL,WT,LLLALLLGTLLIFLLSILILI,clash,,,,LLLALLLGTLLGFLLSILILI_2,110011001100110000,1,-84.3362,-84.2485,-74.0793,-221.449,-222.055,-238.286,-362.898,4478.03,3621.55,3567.81,-43.2323,-30.9443,-100.346,-87.5388,-50.5325,-92.1451,53.5909,-35.9794,7.05335,7.55654,6.8604,-32.2458,-91.43,48.2927,-36.5962,-397.649,7.0472,6.73401,5.9584,2,LLLALLLGTLLGFLLSILILI,1.2644117158574977,0.0006253641733008,G,1,-95.22201949405206,,-95.1233006506907,,-95.74689644000256,,-49.813500000000005,-10.256900000000002,16.83699999999999,856.4799999999996,-0.05816072762936675,-0.011975644498412114,0.01965836913880067,-0.05047671866243231
SYLLGVLLGTLLGFL,WT,LLLSYLLGVLLITLLGFLILI,clash,,,,LLLSYLLGVLLGTLLGFLILI_0,110011001100110000,1,-83.6882,-81.1759,-58.6887,-223.862,-226.157,-248.976,-339.766,4521.23,3614.85,3539.91,-42.8132,198.958,-75.0295,166.525,-32.1018,-76.0479,35.2419,-41.6651,6.82924,2.66484,1.69346,130.064,-69.5064,38.1576,-45.0,-140.808,6.5231,2.07724,1.1496,0,LLLSYLLGVLLGTLLGFLILI,0.7887899877836415,0.0011209725806473,G,1,624.9556964890348,687.4249004578804,639.372973095544,703.0845092474033,758.8950528292859,832.9057689363174,-42.9277,-24.999499999999998,25.114000000000004,906.3799999999997,-0.04736170259714471,-0.027581698625300653,0.027708025331538665,-0.047235375890906706
SYLLGLLLGTLLGFL,WT,LLLSYLLGLLLITLLGFLILI,clash,,,,LLLSYLLGLLLGTLLGFLILI_1,110011001100110000,1,-83.5074,-67.2998,-58.7496,-228.819,-227.723,-250.628,-346.331,4571.34,3619.11,3552.22,-42.7948,744.346,-76.7986,693.038,-36.9527,-77.9201,42.0873,-45.3331,6.44901,3.86979,3.0011,734.705,-69.5064,38.1576,-45.0,381.85,6.5231,2.07724,1.1496,1,LLLSYLLGLLLGTLLGFLILI,0.8341026752904039,0.00092572738728,G,0,2237.222871130571,3092.2887577129363,3618.645829352566,4979.101108237918,3047.636363664305,4199.189564336862,-39.84589999999999,-24.757800000000003,21.808999999999997,952.23,-0.041844827405143704,-0.025999810970038752,0.0229030801382019,-0.044941663253625704
AYLLGLLLGVLLGTL,WT,LLLAYLLGLLLIVLLGTLILI,clash,,,,LLLAYLLGLLLGVLLGTLILI_2,110011001100110000,1,-75.3102,-74.9176,-58.7057,-221.184,-218.04,-237.367,-345.527,4519.52,3537.44,3460.72,-42.5751,-32.368,-91.6086,-84.9373,-49.454,-87.2698,52.4295,-38.6548,6.64991,6.66844,5.95489,-34.9466,-80.1891,50.0903,-39.6088,-380.775,6.6695,5.29055,4.5419,2,LLLAYLLGLLLGVLLGTLILI,1.0528082599397468,0.0028039838730886,G,0,5900.351965609767,9914.998775730784,9409.523918732457,15772.04733151181,6135.446186922613,10307.387147633608,-42.154599999999995,-16.604499999999994,16.182999999999993,982.0800000000004,-0.042923794395568565,-0.016907482078853033,0.0164782909742587,-0.043351967253176915
TFLLGALLGILLSLL,WT,LLLTFLLGALLIILLSLLILI,clash,,,,LLLTFLLGALLGILLSLLILI_1,110011001100110000,1,-75.0733,-71.7627,-60.2746,-224.087,-224.201,-242.606,-357.483,4576.04,3598.52,3612.73,-42.2684,-35.3015,-100.591,-96.8205,-54.6024,-83.7188,57.1749,-42.1395,6.64092,6.77643,6.13405,-32.7373,-77.8631,56.6563,-43.9434,-390.872,6.8019,5.82806,5.1779,1,LLLTFLLGALLGILLSLLILI,1.0132962345014058,0.000470055215139,G,0,-98.62753058977154,,-98.72251937036778,,-98.85635323294572,,-45.98859999999999,-14.798700000000004,18.519000000000005,977.52,-0.0470461985432523,-0.01513902528848515,0.018944880923152472,-0.043240445208282186
TYLLGVLLGLLLGFL,WT,LLLTYLLGVLLILLLGFLILI,clash,,,,LLLTYLLGVLLGLLLGFLILI_0,110011001100110000,1,-59.0906,-57.3899,-44.9134,-229.67,-226.723,-248.28,-336.902,4591.86,3576.56,3512.19,-42.2293,-30.0874,-90.3713,-82.8764,-43.709,-65.1604,53.428,-36.0875,6.50696,3.48684,2.78826,-28.7779,-70.6256,40.5984,-41.2559,-366.99,6.8843,2.57462,1.6836,0,LLLTYLLGVLLGLLLGFLILI,0.8679482269150294,0.00156502083141,G,1,-92.20380698608096,-91.70807197659526,-91.28552087414276,-90.73139498418509,-92.09799809454792,-91.59553503564707,-46.6623,-14.1772,18.610000000000014,1015.2999999999997,-0.04595912538166061,-0.013963557569191374,0.018329557766177503,-0.041592928198562015
AYLLGVLLGLLLGSL,WT,LLLAYLLGVLLILLLGSLILI,clash,,,,LLLAYLLGVLLGLLLGSLILI_0,110011001100110000,1,-72.7513,-73.5397,-60.2742,-216.316,-214.832,-237.255,-348.662,4498.22,3471.45,3460.86,-41.9544,690.114,-101.549,629.824,-51.1329,-76.7902,43.5618,-36.218,6.67925,3.89936,3.05279,568.586,-71.2876,45.5524,-38.516,341.452,6.6243,3.34271,2.526,0,LLLAYLLGVLLGLLLGSLILI,1.12287026357413,0.0015277408955142,G,1,635.3339480178853,561.6920285790081,827.6590529822424,734.7562386478743,735.5217644368814,651.8462770859385,-50.41610000000001,-12.4771,20.938999999999993,1026.7700000000004,-0.04910164886001732,-0.012151796410101575,0.02039307732013984,-0.0408605627355688
TFLLGALLGILLSAL,Mutant,,void,16.0,LLLTFLLGALLGILLSLLILI,-0.0924545776660905,LLLTFLLGALLGILLSALILI_2,110011001100110000,1,-75.1486,-69.7988,-60.2746,-220.165,-219.266,-239.606,-345.833,4583.44,3571.72,3593.08,-41.6778,-29.3079,-92.1977,-86.0758,-45.9527,-84.2571,56.9975,-41.9477,6.64114,6.83323,6.18819,-30.8956,-77.8631,56.6563,-43.9434,-378.019,6.8019,5.82806,5.1779,2,LLLTFLLGALLGILLSALILI,1.1057508121674964,0.0012334964997187,G,6,-97.99805462161196,,-97.68677967339518,,-97.6545947381481,,-46.245,-14.874000000000002,19.441000000000003,1011.7199999999998,-0.045709287154548695,-0.014701696121456534,0.019215790930296926,-0.041194994662554864
SYLLGVLLGLLLATL,WT,LLLSYLLGVLLILLLATLILI,clash,,,,LLLSYLLGVLLGLLLATLILI_0,110011001100110000,1,-84.2493,-81.7305,-58.7839,-225.01,-224.764,-250.452,-362.713,4530.68,3562.42,3596.46,-41.3059,-37.0403,-94.7595,-93.2584,-53.4766,-86.6176,44.0155,-44.3024,6.70721,5.43474,4.59497,-35.826,-84.8765,45.4702,-44.3391,-399.753,6.8761,5.36995,4.552,0,LLLSYLLGVLLGLLLATLILI,1.028512051737991,0.0009849487587785,G,0,-35.34097965656148,-42.42456351611911,-29.09582560321828,-36.86358426495726,-27.52444517612853,-35.46435313693569,-41.282900000000005,-25.465400000000002,25.442000000000007,968.2600000000002,-0.04263617210253444,-0.026300167310433144,0.02627600024786731,-0.04265992605291966
YTLLAILLGLLLGAL,Mutant,,void,16.0,LLLYTLLAILLGLLLGFLILI,-0.1255649707222131,LLLYTLLAILLGLLLGALILI_2,110011001100110000,1,-70.1178,-67.2199,-44.9774,-222.922,-218.182,-241.688,-341.896,4610.92,3926.72,3626.21,-41.1607,66.103,-90.0162,9.60868,-55.23,-65.5075,47.2988,-48.8774,6.99403,2.71146,1.92094,66.0882,-66.7527,35.1406,-44.5294,-275.793,7.1807,1.25689,0.283999,2,LLLYTLLAILLGLLLGALILI,0.3457286382861395,0.0026865002219576,G,6,-49.79061063269287,-54.99307053794693,-51.196735246031466,-56.25349915667444,-57.17080014870884,-61.60855965560972,-34.7862,-25.1404,18.76599999999999,684.2000000000003,-0.0508421514177141,-0.03674422683425897,0.027427652733118948,-0.06015887167494882
SYLLGTLLGLLLAFL,WT,LLLSYLLGTLLILLLAFLILI,clash,,,,LLLSYLLGTLLGLLLAFLILI_0,110011001100110000,1,-82.4442,-70.5067,-58.7409,-228.325,-228.59,-250.973,-350.323,4552.14,3665.56,3537.71,-40.9,-25.4965,-80.4545,-76.7235,-40.6095,-75.1207,48.44,-45.7428,6.47723,4.30751,3.5341,-25.3084,-70.5949,52.7477,-43.07,-375.82,6.8566,4.21018,3.5014,0,LLLSYLLGTLLGLLLAFLILI,0.4439236294365631,0.0009372547685744,G,0,-97.05096808547336,,-97.3697803320684,,-97.41204566213528,,-39.845,-23.70329999999999,22.648000000000025,886.5800000000004,-0.044942362787340095,-0.026735658372622866,0.0255453540571635,-0.04613232872386021
AFLLGTLLGALLSVL,Mutant,,void,12.0,LLLAFLLGTLLGLLLSVLILI,-0.0533765034614974,LLLAFLLGTLLGALLSVLILI_1,110011001100110000,1,-83.841,-82.2628,-74.0634,-215.878,-212.733,-232.951,-347.166,4463.36,3571.96,3622.05,-40.6585,-15.8447,-88.1047,-68.0146,-40.1517,-91.4583,54.0786,-37.1641,6.97782,7.51935,6.83053,-30.523,-91.43,48.2927,-36.5962,-375.093,7.0472,6.73401,5.9584,1,LLLAFLLGTLLGALLSVLILI,1.265540274244182,0.0006596089391175,G,6,-97.32461976955852,-96.60246294666145,-96.66926269646268,-95.77020743633229,-96.19505990253802,-95.1680045999564,-47.952999999999996,-9.777599999999993,17.073000000000008,891.3999999999996,-0.05379515369082344,-0.010968813102984067,0.0191530177249271,-0.045611958716625545
ALLLGVLLGTLLSFL,WT,LLLALLLGVLLITLLSFLILI,clash,,,,LLLALLLGVLLGTLLSFLILI_0,110011001100110000,1,-84.9944,-84.1744,-74.0352,-227.397,-217.479,-235.988,-360.126,4480.58,3695.16,3692.74,-40.5331,-27.1,-88.2669,-85.572,-50.1029,-98.9353,46.1511,-39.886,6.72577,7.57069,6.76295,-25.1109,-93.9928,36.7785,-43.1657,-387.226,6.6465,5.56402,4.6157,0,LLLALLLGVLLGTLLSFLILI,1.1398466462062058,0.0012365125341823,G,1,-97.61068526310991,-96.96884426760693,-97.38466995543752,-96.68211452669746,-97.26139726836384,-96.5257271298,-38.16400000000001,-10.959199999999996,8.591000000000008,785.4200000000001,-0.04859056301087317,-0.01395329887194112,0.010938096814443236,-0.05160691095210205
SYLLGTLLGLLLAAL,Mutant,,void,16.0,LLLSYLLGTLLGLLLAFLILI,-0.4621155382466793,LLLSYLLGTLLGLLLAALILI_2,110011001100110000,1,-81.9999,-72.7466,-58.7409,-224.694,-224.703,-246.516,-356.974,4507.32,3566.71,3567.36,-40.023,-24.4008,-90.303,-83.9256,-51.7173,-77.8713,49.3208,-45.9875,6.51277,4.839,4.07882,-22.2108,-70.5949,52.7477,-43.07,-379.291,6.8566,4.21018,3.5014,2,LLLSYLLGTLLGLLLAALILI,0.9060391676832424,0.0011392387289611,G,6,-95.85234640904798,-95.80903498279646,-95.0100576711425,-94.95795073539284,-94.53147951553838,-94.47437507890358,-38.585699999999996,-23.258999999999993,21.822000000000003,940.6099999999997,-0.041021996364061626,-0.024727570406438377,0.02319983840273866,-0.04255004730972456
AYLLGLLLGFLLGTL,WT,LLLAYLLGLLLIFLLGTLILI,clash,,,,LLLAYLLGLLLGFLLGTLILI_0,110011001100110000,1,-70.6754,-65.9749,-58.747,-220.524,-218.405,-239.727,-334.591,4547.34,3517.12,3497.32,-39.4923,-30.3773,-82.8832,-80.5887,-36.1169,-86.2948,43.4535,-35.9131,6.92225,5.31043,4.46224,-30.3388,-87.7841,38.6606,-35.7467,-364.968,7.5,4.88679,3.9667,0,LLLAYLLGLLLGFLLGTLILI,1.116745659707447,0.0007588797529529,G,1,1538.2245820513567,1623.094983450678,1854.1930116292235,1955.4325773919609,1410.152475324841,1488.3879310488107,-46.7663,-11.928399999999996,19.203000000000003,1030.2200000000003,-0.045394478849177834,-0.01157849779658713,0.018639708023528954,-0.03833385102211177
SYLLGVLLGALLGFL,Mutant,,void,12.0,LLLSYLLGVLLGLLLGFLILI,0.2015288505914803,LLLSYLLGVLLGALLGFLILI_0,110011001100110000,1,-71.457,-67.2379,-44.9456,-219.833,-221.041,-245.643,-325.787,4538.16,3618.4,3582.42,-39.1238,-32.0353,-73.6209,-69.5427,-35.1983,-74.3013,40.9816,-42.3279,6.7861,3.17771,2.29244,-31.2688,-76.9679,35.2534,-45.0,-357.822,6.6086,2.8044,1.8332,0,LLLSYLLGVLLGALLGFLILI,0.8018674017304326,0.0012875268427118,G,7,4162.914839487949,7266.211287875234,6057.972716367025,10540.824375271624,3682.22776630132,6435.595927783177,-38.4226,-26.511399999999995,25.810000000000002,919.7599999999998,-0.04177459337218406,-0.02882425850221797,0.028061668261285564,-0.04253696616508656
SYLLGLLLGFLLSTL,WT,LLLSYLLGLLLIFLLSTLILI,clash,,,,LLLSYLLGLLLGFLLSTLILI_0,110011001100110000,1,-98.4699,-88.3347,-74.0925,-227.463,-226.628,-253.036,-364.463,4573.56,3639.37,3606.58,-38.4161,-27.0865,-76.9463,-76.5862,-37.3337,-100.322,15.7501,-46.8224,6.87429,3.67453,2.41078,-27.0465,-95.479,27.325,-44.2015,-391.549,7.2798,4.51072,3.42059,0,LLLSYLLGLLLGFLLSTLILI,1.0848571610768236,0.0016714414745311,G,1,-76.14828850362696,-77.61754112717833,-75.97621884411218,-77.45607086631526,-81.52158310480205,-82.65984366553681,-39.61259999999999,-24.377399999999994,25.573000000000008,934.1900000000005,-0.04240315139318551,-0.026094691658013876,0.027374516961217732,-0.04112236268853229
AYLLGLLLGALLGTL,Mutant,,void,12.0,LLLAYLLGLLLGFLLGTLILI,0.1395608620106522,LLLAYLLGLLLGALLGTLILI_2,110011001100110000,1,-74.2977,-72.6753,-58.747,-216.488,-216.247,-234.392,-341.723,4488.37,3570.46,3552.05,-38.0749,-16.5146,-89.0124,-69.315,-48.5842,-88.5177,42.5914,-37.0905,6.89544,5.52749,4.66636,-24.5765,-87.7841,38.6606,-35.7467,-366.419,7.5,4.88679,3.9667,2,LLLAYLLGLLLGALLGTLILI,0.9771847976967948,0.0005194082788775,G,7,7382.837566680571,8632.505720955383,11453.642463270176,13383.1536845903,7965.431986901933,9312.3960783558,-40.4282,-15.550700000000006,17.903999999999996,917.9099999999999,-0.04404375156605768,-0.01694142127223803,0.019505180246429388,-0.04147999259186631
ALLLGVLLGTLLGFL,WT,LLLALLLIVLLGTLLGFLILI,clash,,,,LLLALLLGVLLGTLLGFLILI_2,110011001100110000,1,-70.6423,-70.1653,-58.6964,-215.406,-218.846,-232.814,-340.529,4463.32,3551.41,3509.4,-38.0243,-34.1417,-92.5043,-85.6588,-49.0181,-97.3773,41.7582,-38.5586,6.76344,6.74396,5.87034,-32.988,-92.5815,39.7325,-40.3169,-373.522,6.7382,5.75111,4.8471,2,LLLALLLGVLLGTLLGFLILI,0.9510016173388264,0.0007793652816316,G,0,-93.84682183847283,-96.27006098163372,-93.53250711277036,-96.0795294012587,-93.46713109178091,-96.03989970662728,-43.486200000000004,-11.945900000000009,17.407999999999987,911.9099999999999,-0.04768694279040696,-0.013099867311467152,0.0190896031406608,-0.041697426281102304
SYLLVALLGALLGFL,Mutant,,void,12.0,LLLSYLLVALLGLLLGFLILI,0.0006349156129898,LLLSYLLVALLGALLGFLILI_1,110011001100110000,1,-67.935,-65.0789,-44.9412,-226.933,-225.835,-245.943,-330.052,4549.73,3714.67,3598.52,-37.8279,37700.7,-73.0127,37661.6,-39.1685,-51.0358,66.9283,-45.9635,7.29121,3.19069,2.69461,34150.7,-56.9491,49.4969,-37.5681,37361.3,7.4308,1.72445,0.966904,1,LLLSYLLVALLGALLGFLILI,0.5271571177081351,0.00072911680181,G,6,-98.40186475599772,,-98.31715386285995,,-98.44282507888626,,-33.844199999999994,-22.9938,19.01000000000002,835.0599999999995,-0.04052906377984817,-0.027535506430675656,0.022764831269609407,-0.04529961918904034
AALLGVLLGTLLGFL,Mutant,,void,4.0,LLLALLLGVLLGTLLGFLILI,0.1319960251046856,LLLAALLGVLLGTLLGFLILI_0,110011001100110000,1,-70.6227,-71.1409,-58.6964,-216.345,-209.74,-230.094,-330.281,4422.14,3568.33,3533.27,-37.7886,-28.4119,-81.1016,-77.8117,-41.4899,-99.0137,45.0951,-38.2097,6.7415,7.4399,6.61633,-26.8021,-92.5815,39.7325,-40.3169,-358.693,6.7382,5.75111,4.8471,0,LLLAALLGVLLGTLLGFLILI,0.8190055922341407,0.000304609642885,G,6,-15.521503694871583,-30.206681801538764,-7.670303254342646,-23.720281657689725,14.20798180919488,-5.645171684603952,-39.611700000000006,-11.926299999999998,13.748999999999995,853.8100000000004,-0.04639404551363885,-0.013968330190557609,0.016103114276009873,-0.04425879293988122
ALLLGALLGTLLGVL,Mutant,,void,8.0,LLLALLLGFLLGTLLGVLILI,0.3553629179769333,LLLALLLGALLGTLLGVLILI_0,110011001100110000,1,-73.6486,-67.0245,-58.6797,-208.824,-204.467,-227.751,-347.74,4389.79,3434.94,3442.2,-37.6849,-22.7441,-102.952,-98.9922,-61.3093,-80.6244,52.0967,-34.403,7.01958,5.62672,4.90817,-22.8029,-82.6456,43.881,-35.0,-370.484,7.5,4.82078,3.979,0,LLLALLLGALLGTLLGVLILI,0.7565730009996461,0.0015805869953957,G,6,-87.02122241010134,-88.36675715376367,-81.92976886910161,-83.80314435798863,-81.06000032343066,-83.02354638416381,-41.6427,-14.968900000000005,18.926999999999992,954.8499999999999,-0.043611771482431796,-0.015676703147091173,0.019821961564643654,-0.03946682725035346
AALLGLLLGVLLGTL,Mutant,,void,4.0,LLLAYLLGLLLGVLLGTLILI,-0.0253951984663347,LLLAALLGLLLGVLLGTLILI_2,110011001100110000,1,-71.962,-74.2239,-58.7057,-211.843,-201.976,-229.06,-346.324,4416.91,3427.58,3532.03,-37.6181,1484.51,-100.136,1414.38,-58.558,-87.9458,50.0047,-31.8498,6.71205,6.44252,5.69259,-25.7367,-80.1891,50.0903,-39.6088,-372.108,6.6695,5.29055,4.5419,2,LLLAALLGLLLGVLLGTLILI,1.0782034584060816,0.0006244610871623,G,6,51.05752395440485,39.97977882562648,89.52480656294556,75.62607813337691,162.90088872601754,143.62115367412292,-41.577999999999996,-13.256300000000003,17.217000000000013,989.3299999999999,-0.04202642192190675,-0.013399270213174577,0.017402686666734068,-0.03802381409640868
TVLLGILLGLLLAFL,WT,LLLTVLLIILLGLLLAFLILI,clash,,,,LLLTVLLGILLGLLLAFLILI_1,110011001100110000,1,-54.4527,-54.0529,-44.9298,-225.591,-224.465,-241.151,-348.156,4498.99,3680.84,3615.03,-37.5659,0.628995,-105.678,-69.0083,-62.0745,-87.8796,39.4468,-45.9783,6.57531,5.00725,4.09895,-29.8253,-86.6913,38.1487,-45.0,-378.24,6.9063,4.65377,3.726,1,LLLTVLLGILLGLLLAFLILI,0.7013636199397236,0.0005683910676534,G,1,-93.81571768123432,-95.27361641711644,-93.48724732245869,-95.02258051170986,-93.5755463644115,-95.09006370875018,-43.6035,-9.5229,15.560000000000002,818.1499999999996,-0.05329523925930455,-0.0116395526492697,0.019018517386787274,-0.045915663386909514
AYLLGVLLGALLGSL,Mutant,,void,12.0,LLLAYLLGVLLGLLLGSLILI,0.0979392606127955,LLLAYLLGVLLGALLGSLILI_1,110011001100110000,1,-74.6873,-75.7735,-60.2742,-216.073,-210.412,-232.599,-338.576,4441.61,3488.48,3489.58,-37.5323,2868.75,-85.3479,2816.36,-45.7023,-81.6871,44.3829,-39.0927,6.48748,4.74475,3.91049,668.493,-71.2876,45.5524,-38.516,359.267,6.6243,3.34271,2.526,1,LLLAYLLGVLLGALLGSLILI,1.0249310029613343,0.0010566482022476,G,7,3099.883421724586,3576.476760281207,4431.767326123643,5106.732577937425,4076.332578456545,4698.359078852192,-39.645599999999995,-14.413099999999993,16.525999999999982,953.1299999999997,-0.04159516540241101,-0.015121861655807705,0.017338663141439246,-0.039377944246849865
ALLLGLLLGVLLGSL,WT,LLLALLLILLLGVLLGSLILI,clash,,,,LLLALLLGLLLGVLLGSLILI_0,110011001100110000,1,-74.7228,-74.3348,-60.3054,-212.406,-206.801,-230.664,-360.936,4476.15,3539.98,3459.41,-37.4398,-32.1866,-111.247,-111.987,-69.9665,-88.5747,57.1018,-34.2163,6.52682,7.49496,6.85149,-32.0526,-81.7407,58.0906,-35.0,-393.123,6.5862,6.60334,5.9747,0,LLLALLLGLLLGVLLGSLILI,1.035513861996708,0.0017572765689877,G,1,-94.50663083323326,-95.29957790635936,-93.03118966880596,-94.03711109653766,-93.52439012774158,-94.45911993362792,-41.2805,-14.417400000000008,18.25799999999998,936.1699999999996,-0.044095089567065836,-0.015400408045547298,0.01950286806883364,-0.03999252272557336
TLLLGLLLGVLLGSL,WT,LLLTLLLGLLLIVLLGSLILI,clash,,,,LLLTLLLGLLLGVLLGSLILI_2,110011001100110000,1,-73.4993,-70.248,-60.2824,-219.99,-216.566,-237.615,-367.141,4504.78,3612.98,3502.76,-37.2941,5380.56,-110.946,5300.24,-69.2438,-89.7889,46.3174,-42.311,6.5789,6.22118,5.41594,-16.3759,-91.396,35.576,-35.8075,-384.335,7.4513,5.01216,4.0458,2,LLLTLLLGLLLGVLLGSLILI,0.8987211350065635,0.0019554024913292,G,1,-95.45395243095302,-95.62425982487292,-94.7817451652192,-94.97723528454227,-94.70353075405532,-94.90195099945603,-41.702200000000005,-13.216900000000003,17.625,891.7999999999997,-0.046761830006727984,-0.01482047544292443,0.01976339986544069,-0.04181890558421172
SYLLGVLLGALLGTL,Mutant,,void,12.0,LLLSYLLGVLLGLLLGTLILI,0.0878722403658882,LLLSYLLGVLLGALLGTLILI_0,110011001100110000,1,-82.3765,-82.1063,-58.7288,-217.587,-217.294,-243.876,-343.88,4469.29,3601.1,3624.99,-37.2914,-30.3144,-81.2073,-74.7942,-41.2751,-87.7347,43.2067,-39.1296,6.64328,5.49311,4.64121,-30.0771,-92.5815,39.7325,-40.3169,-374.194,6.7382,5.75111,4.8471,0,LLLSYLLGVLLGALLGTLILI,0.8592440527739673,0.0004883436676371,G,6,5587.651152245519,5509.211223387049,7992.26035247236,7880.657810515908,6422.949542218184,6332.989788298154,-39.9322,-23.647699999999993,26.289000000000016,868.19,-0.04599477072990935,-0.02723793178912449,0.03028023819670811,-0.042953040233128695
TLLLGLLLGVLLASL,WT,LLLTLLLGLLLIVLLASLILI,clash,,,,LLLTLLLGLLLGVLLASLILI_2,110011001100110000,1,-73.762,-67.4607,-60.2643,-219.739,-222.381,-236.733,-370.643,4529.78,3593.0,3582.5,-37.2548,-23.3968,-114.397,-104.199,-73.6462,-89.4757,50.3646,-42.1382,6.58101,6.72058,5.97605,-25.7034,-97.764,38.4753,-38.0973,-396.16,7.04,6.35877,5.4359,2,LLLTLLLGLLLGVLLASLILI,1.0822589338488708,0.0002475669199174,G,0,-97.24721641306937,-97.85692074687977,-96.72620566269816,-97.45130683117848,-97.01903050486274,-97.67927493118478,-40.75080000000001,-13.497700000000002,16.994,936.7799999999997,-0.0435009287132518,-0.014408612481052121,0.0181408655180512,-0.0397689959222016
ALLLGVLLGALLGFL,Mutant,,void,12.0,LLLALLLGVLLGTLLGFLILI,-0.0594070807956034,LLLALLLGVLLGALLGFLILI_1,110011001100110000,1,-56.5757,-57.4916,-44.9243,-212.839,-214.702,-229.597,-328.527,4473.21,3594.98,3535.01,-37.0933,-32.7402,-96.2047,-89.0733,-54.005,-97.7105,42.2617,-38.6987,6.77827,6.8619,5.99582,-31.6729,-92.5815,39.7325,-40.3169,-359.992,6.7382,5.75111,4.8471,1,LLLALLLGVLLGALLGFLILI,1.0104086981344298,0.0001231744296427,G,6,-85.96991257756085,-88.24648048245385,-82.13350658955744,-85.03258228641612,-81.25481498356095,-84.2964700563194,-42.1997,-11.651399999999995,16.75800000000001,878.23,-0.04805085228243171,-0.013266911856802881,0.019081561777666452,-0.04223643009234483
AYLLGVLLGLLLASL,Mutant,,void,3.0,LLLFYLLGVLLGLLLASLILI,-0.3171183709281486,LLLAYLLGVLLGLLLASLILI_1,110011001100110000,1,-72.7414,-72.1418,-60.32,-224.353,-221.15,-238.065,-353.699,4519.75,3601.93,3610.29,-36.8755,-30.5911,-93.4803,-90.999,-55.3141,-80.4083,54.8089,-39.0496,7.11079,5.96044,5.28257,-24.2038,-75.759,50.2096,-41.8685,-378.419,7.3305,4.64215,3.89529,1,LLLAYLLGVLLGLLLASLILI,1.2281286116807937,0.0010448004330466,G,6,-78.1275292149258,-79.78853227306422,-75.42643374967619,-77.29255893929164,-72.24336618569949,-74.35121463602832,-38.166199999999996,-12.421399999999998,13.711999999999989,917.8200000000002,-0.04158353489791025,-0.0135335904643612,0.014939748534571034,-0.040177267873875044
YLLLGILLGTLLAFL,WT,LLLYLLLGILLITLLAFLILI,clash,,,,LLLYLLLGILLGTLLAFLILI_2,110011001100110000,1,-68.611,-66.8357,-58.7109,-231.654,-227.941,-246.075,-344.092,4623.77,3753.06,3601.64,-36.8294,-29.2519,-80.6564,-78.5676,-39.3058,-76.2714,38.32,-43.0741,6.84545,3.11392,2.18872,-29.278,-70.6256,40.5984,-41.2559,-372.954,6.8843,2.57462,1.6836,2,LLLYLLLGILLGTLLAFLILI,0.52285703117775,0.000626222288174,G,0,-80.93544387737299,,-84.17311604567035,,-87.32625855659765,,-41.35060000000001,-9.900100000000002,14.420999999999992,870.7100000000005,-0.04749066853487382,-0.011370146202524372,0.016562345671922895,-0.04229812451907062
AFLLGALLGTLLTVL,Mutant,,void,8.0,LLLAFLLGLLLGTLLTVLILI,0.1267447493317266,LLLAFLLGALLGTLLTVLILI_1,110011001100110000,1,-78.1792,-77.2836,-72.4773,-222.18,-218.084,-233.848,-342.04,4520.43,3714.41,3652.59,-36.0866,-20.5191,-77.7671,-67.1911,-35.7138,-72.5731,58.0338,-39.1186,6.41237,5.22053,4.59103,-20.0028,-63.2674,60.5559,-36.2287,-362.215,7.0661,4.16516,3.5735,1,LLLAFLLGALLGTLLTVLILI,1.1591680143946377,0.0007968396317743,G,6,-96.6487386252786,,-95.22042169185096,,-95.24034146584737,,-42.0533,-5.701899999999995,11.668000000000006,806.0200000000004,-0.052174015533113294,-0.0070741420808416566,0.014476067591374904,-0.04477134562417803
TYLLGVLLGLLLASL,WT,LLLTYLLIVLLGLLLASLILI,clash,,,,LLLTYLLGVLLGLLLASLILI_1,110011001100110000,1,-69.544,-70.2365,-60.2796,-224.667,-221.438,-246.616,-361.643,4552.46,3599.18,3592.37,-36.0425,-27.5412,-103.474,-97.51,-54.7469,-87.6146,40.4538,-46.3671,6.95793,5.10345,4.21026,-21.6757,-75.8727,44.54,-43.5756,-384.383,7.3804,3.8938,3.0619,1,LLLTYLLGVLLGLLLASLILI,0.9822310201593368,0.0003032348306164,G,1,-96.43898020232642,-98.37167415326265,-96.148463699054,-98.23883144020294,-95.99083774043667,-98.1667547775848,-48.72710000000001,-9.264399999999995,21.949000000000012,953.2800000000002,-0.05111520224907687,-0.009718445787176897,0.02302471466935214,-0.03780893336690164
TFLLGLLLGALLASL,Mutant,,void,12.0,LLLTFLLGLLLGYLLASLILI,-0.0718441199300026,LLLTFLLGLLLGALLASLILI_0,110011001100110000,1,-73.8201,-65.4148,-60.2384,-215.633,-217.904,-237.867,-348.295,4506.92,3576.15,3623.5,-35.5955,-16.0953,-94.4371,-81.0709,-50.1895,-67.4824,56.9968,-40.1015,7.04099,4.31693,3.67188,-15.8472,-75.8727,44.54,-43.5756,-364.39,7.3804,3.8938,3.0619,0,LLLTFLLGLLLGALLASLILI,1.3116173782485523,0.00112093996269,G,6,-96.98674180639534,-97.8533373874929,-96.16240851776998,-97.2660775719574,-96.01148326495012,-97.15855754655792,-44.2476,-13.581699999999998,22.23399999999998,930.77,-0.047538704513467346,-0.014591897031490055,0.0238877488531001,-0.03824306756771276
AYLLGVLLGLLLAFL,WT,LLLAYLLGVLLILLLAFLILI,clash,,,,LLLAYLLGVLLGLLLAFLILI_1,110011001100110000,1,-56.53,-58.5939,-44.9245,-223.075,-217.561,-240.721,-332.295,4558.34,3583.78,3568.79,-35.5533,-23.7324,-88.2437,-79.8732,-46.65,-98.9406,51.6759,-33.7392,6.87798,8.31734,7.59247,-23.9546,-91.43,48.2927,-36.5962,-357.322,7.0472,6.73401,5.9584,1,LLLAYLLGVLLGLLLAFLILI,1.126369631967122,0.0009401907127798,G,0,-70.26577537035278,-76.62848942297038,-68.14289120186265,-74.95987319316606,-65.9041201635496,-73.20016828566662,-41.593700000000005,-11.6055,17.646000000000015,974.56,-0.04267946560499098,-0.011908450993268756,0.018106632736824838,-0.03648138647184371
AYLLGALLGVLLGTL,Mutant,,void,8.0,LLLAYLLGLLLGVLLGTLILI,0.2439864719689897,LLLAYLLGALLGVLLGTLILI_0,110011001100110000,1,-76.621,-72.3009,-58.7057,-211.398,-210.342,-234.105,-335.516,4437.1,3398.2,3504.57,-35.4986,-27.4753,-82.9954,-80.3479,-42.7054,-79.677,54.1351,-34.3831,6.48746,5.75979,5.07182,-27.8987,-80.1891,50.0903,-39.6088,-362.991,6.6695,5.29055,4.5419,0,LLLAYLLGALLGVLLGTLILI,0.8088217879707571,0.0009706873123871,G,6,2070.5962569934195,2392.7314598727444,2594.891127116768,2994.836210028649,2752.0565808031856,3175.326372373241,-40.290000000000006,-17.915299999999995,22.706999999999994,1038.9000000000005,-0.03878140340745018,-0.017244489363750105,0.02185677158533062,-0.03416940995283471
YFLLALLLGTLLGSL,WT,LLLYFLLALLLITLLGSLILI,clash,,,,LLLYFLLALLLGTLLGSLILI_0,110011001100110000,1,-78.3189,-83.9993,-74.1108,-233.512,-223.528,-244.875,-349.27,4648.58,3560.72,3498.43,-35.4122,118014.0,-72.8514,117972.0,-30.2842,-75.6369,53.8835,-36.7396,6.94922,5.11981,4.42806,81998.1,-62.8637,50.8317,-39.7383,117665.0,6.5162,2.79183,2.05431,0,LLLYFLLALLLGTLLGSLILI,0.219910907528604,0.0003439040370595,G,0,-78.03387753846359,-79.53135309370573,-83.16143531817049,-84.30935475823354,-85.91613500204373,-86.87626092297947,-42.5672,-4.208100000000002,11.363,1087.8600000000001,-0.039129299726067684,-0.0038682367216369765,0.010445277885021968,-0.03255216663908958
SYLLGVLLGALLATL,Mutant,,void,12.0,LLLSYLLGVLLGLLLATLILI,-0.0596402092290331,LLLSYLLGVLLGALLATLILI_0,110011001100110000,1,-84.1407,-81.7305,-58.7839,-220.572,-220.704,-245.922,-350.963,4476.47,3657.45,3643.12,-35.2168,-32.2867,-81.4667,-80.8145,-46.2565,-83.1155,45.6976,-44.8897,6.7359,5.13651,4.32198,-32.2131,-84.8765,45.4702,-44.3391,-383.249,6.8761,5.36995,4.552,0,LLLSYLLGVLLGALLATLILI,1.0881522609670242,0.0003357288670714,G,6,4184.720195901842,5243.918020657535,5261.952103353021,6587.445424888418,4053.247026008906,5079.944223139596,-35.2102,-25.356799999999993,25.349999999999994,819.0200000000004,-0.042990647359038826,-0.03095992771849281,0.03095162511293983,-0.042998705770310834
YFLLATLLGLLLGVL,WT,LLLYFLLATLLILLLGVLILI,clash,,,,LLLYFLLATLLGLLLGVLILI_0,110011001100110000,1,-56.611,-60.2792,-58.7388,-233.424,-228.843,-245.524,-338.28,4700.58,3596.57,3545.15,-35.1245,-23.6767,-83.3692,-72.8346,-34.017,-73.4706,41.2727,-40.7903,6.80468,3.09241,2.2115,-21.3632,-71.1719,34.5088,-41.0473,-361.956,6.9662,1.83447,0.852102,0,LLLYFLLATLLGLLLGVLILI,0.3436834829594576,0.0005668088313167,G,1,-73.2276297964086,-76.29944033671943,-76.7612501096621,-79.42761981521814,-80.59859049377972,-82.82467110468131,-49.3522,2.1278000000000006,12.099999999999994,1104.0099999999998,-0.04470267479461238,0.00192733761469552,0.010960045651760397,-0.03181538210704614
YLLLGALLGALLTAL,Mutant,,void,16.0,LLLYLLLGALLGALLTFLILI,-0.0094808770841883,LLLYLLLGALLGALLTALILI_0,110011001100110000,1,-66.5765,-66.9258,-58.7574,-222.428,-213.124,-237.059,-343.822,4536.51,3780.31,3675.12,-35.0886,-22.015,-89.9062,-85.7875,-48.0056,-66.0678,78.9056,-43.4621,6.3816,7.06241,6.746,-22.567,-68.1028,64.3439,-40.6526,-365.837,6.5,5.40184,4.867,0,LLLYLLLGALLGALLTALILI,1.1303792779952964,0.0005502491858531,G,6,-92.90994537588546,-94.00014322285844,-92.42409957374548,-93.58900319881674,-94.13667042255004,-95.03824165441162,-41.9006,-7.819099999999999,14.631,756.2000000000003,-0.055409415498545334,-0.010339989420788146,0.019348056069822792,-0.04640121660936258
YVLLGLLLGTLLAFL,WT,LLLYVLLGLLLITLLAFLILI,clash,,,,LLLYVLLGLLLGTLLAFLILI_2,110011001100110000,1,-69.5975,-68.7155,-58.7144,-231.284,-230.618,-245.146,-341.104,4621.47,3677.06,3635.38,-34.9673,-4.70955,-75.1901,-46.4799,-37.2435,-77.778,52.3204,-41.8041,6.70689,5.22995,4.51475,-25.2288,-68.9875,54.3485,-39.7512,-366.558,6.8746,4.18517,3.5004,2,LLLYVLLGLLLGTLLAFLILI,0.3003488774647029,0.001875774479983,G,0,-77.63484349739292,-85.51503273081407,-81.23568301585011,-87.8471444046297,-84.65146537169599,-90.05940237015402,-37.946600000000004,-10.883099999999999,13.861999999999995,944.4100000000003,-0.040180218337374646,-0.011523702629154706,0.014677947078069896,-0.037025550343600756
AVLLGLLLGTLLAFL,Mutant,,void,3.0,LLLYVLLGLLLGTLLAFLILI,-0.460314405307417,LLLAVLLGLLLGTLLAFLILI_1,110011001100110000,1,-70.1541,-70.1848,-58.7144,-222.68,-221.233,-234.577,-343.836,4474.93,3674.01,3536.46,-34.452,-31.5894,-85.4546,-84.0078,-50.5452,-77.9616,51.6632,-40.1409,6.624,5.16878,4.44373,-23.8195,-68.9875,54.3485,-39.7512,-368.61,6.8746,4.18517,3.5004,1,LLLAVLLGLLLGTLLAFLILI,0.7606632827721199,0.0007381850184554,G,6,-89.39676344701007,-89.81155200550525,-88.20019994870285,-88.66179693650453,-86.83095446774844,-87.3461150402568,-34.9094,-11.439700000000002,11.896999999999991,800.9200000000001,-0.04358662538081206,-0.014283199320781103,0.014854167707136781,-0.04301553213804125
YLLLGALLGALLTFL,WT,LLLYLLLGALLIALLTFLILI,clash,,,,LLLYLLLGALLGALLTFLILI_0,110011001100110000,1,-66.9161,-66.9258,-58.7574,-224.871,-218.148,-242.063,-337.181,4598.7,3792.53,3670.42,-34.3203,-24.1876,-79.7139,-76.2947,-36.3602,-66.7136,73.9978,-42.2511,6.41222,6.49675,6.10672,-24.0426,-68.1028,64.3439,-40.6526,-361.368,6.5,5.40184,4.867,0,LLLYLLLGALLGALLTFLILI,1.120898400911108,0.0012901807690942,G,0,-94.0854779895051,-94.31445364650082,-93.65302924600638,-93.89874678594444,-95.25202017515078,-95.43583414995184,-43.353699999999996,-8.158700000000003,17.19199999999998,806.1699999999996,-0.05377736705657618,-0.010120322016448153,0.02132552687398438,-0.042572038155724
YLLLASLLGILLAFL,WT,LLLYLLLASLLIILLAFLILI,clash,,,,LLLYLLLASLLGILLAFLILI_2,110011001100110000,1,-67.2057,-66.9852,-60.2539,-231.893,-232.662,-246.099,-349.049,4624.45,3906.51,3648.17,-34.1671,262.131,-84.117,212.73,-42.6963,-66.0626,61.4586,-48.2429,6.8402,4.7063,4.12818,224.436,-61.1438,57.1136,-44.3354,-86.4636,6.8899,3.3819,2.7386,2,LLLYLLLASLLGILLAFLILI,0.1315757145615927,0.0007891935394369,G,0,-91.0042045147701,,-93.94000189692744,,-95.40299796132987,,-41.420700000000004,-6.9517999999999915,14.205999999999989,717.9399999999996,-0.05769381842493805,-0.009682981864779781,0.019787168844193105,-0.04759046716995852
AILLGLLLGTLLASL,Mutant,,void,3.0,LLLYILLGLLLGTLLASLILI,-0.7083447446849267,LLLAILLGLLLGTLLASLILI_2,110011001100110000,1,-86.0103,-86.3054,-74.0156,-216.8,-218.338,-232.278,-368.823,4403.69,3637.43,3592.6,-34.0941,310.332,-100.106,246.153,-62.5288,-96.5522,49.3506,-40.8765,6.66602,7.64516,6.88542,-18.8437,-97.764,38.4753,-38.0973,-388.419,7.04,6.35877,5.4359,2,LLLAILLGLLLGTLLASLILI,1.0069723462340163,0.0005798484285287,G,7,-90.42311308308784,-90.91147928061496,-89.60652476107114,-90.13653227035525,-89.57584840425712,-90.10742023145175,-37.5772,-11.994699999999995,15.47799999999998,766.2599999999998,-0.04903975152037169,-0.015653564064416776,0.020199410121890724,-0.044494166470910666
ALLLGALLAFLLSTL,Mutant,,void,3.0,LLLYLLLGALLAFLLSTLILI,-0.335736553368748,LLLALLLGALLAFLLSTLILI_2,110011001100110000,1,-80.3283,-77.0084,-74.0462,-222.526,-219.4,-234.615,-357.193,4471.75,3706.62,3614.91,-33.7958,-1.05681,-88.1344,-61.8406,-48.531,-83.8768,61.3321,-41.3614,6.97655,7.36136,6.78134,-14.3664,-74.4436,60.1664,-43.4591,-371.503,7.3574,5.789,5.1915,2,LLLALLLGALLAFLLSTLILI,0.5001054598050547,0.0004356803269168,G,6,-90.19342927469178,-91.87164448423349,-89.41353457537676,-91.22521449780264,-88.71618540737471,-90.64720388482492,-39.6034,-6.2821,12.088999999999999,765.1300000000001,-0.05176035444957065,-0.008210500176440604,0.01579992942375805,-0.044170010325042794
LTLLVGLLFALLSIL,WT,LLLLTLLVILLFALLSILILI,clash,,,,LLLLTLLVGLLFALLSILILI_0,110011001100110000,1,-63.3279,-69.5605,-60.4426,-235.98,-221.984,-241.187,-358.8,4581.77,3747.04,3636.55,-33.7625,-25.0834,-93.2543,-92.3386,-57.171,-33.4988,105.512,-40.6062,7.37765,5.76893,5.85161,-23.0806,-38.5963,75.2623,-37.139,-383.884,7.5,2.44986,2.0788,0,LLLLTLLVGLLFALLSILILI,0.3673645015616488,0.0007392797491609,G,1,-77.60431763857777,-80.3771076169285,-81.7440193436368,-84.0042764499853,-85.23084884805066,-87.05940462241784,-36.0833,-2.885300000000001,5.207000000000022,834.7300000000005,-0.04322751069208005,-0.003456566794053166,0.00623794520383839,-0.040447210475243474
YFLLGVLLGTLLGLL,WT,LLLYFLLGVLLITLLGLLILI,clash,,,,LLLYFLLGVLLGTLLGLLILI_0,110011001100110000,1,-72.4578,-68.1971,-58.6992,-214.784,-213.212,-244.372,-334.454,4667.69,3447.13,3634.25,-33.5794,-22.505,-80.7917,-75.5507,-31.3834,-85.1222,31.7554,-42.2893,7.06462,3.55531,2.53164,-25.1112,-83.9549,29.1297,-45.0,-356.959,7.4713,3.02575,1.9627,0,LLLYFLLGVLLGTLLGLLILI,1.075719656123296,0.00054807633682,G,0,-92.26325584034592,-93.92818540941352,-92.80338867671406,-94.35208290027508,-94.9267601715191,-96.01850972754772,-49.408300000000004,-13.758600000000008,29.588000000000022,1220.5599999999995,-0.04048002556203712,-0.01127236678246052,0.024241331847676503,-0.027511470144851554
YVLLGLLLGTLLAAL,Mutant,,void,16.0,LLLYVLLGLLLGTLLAFLILI,-0.0235281150590443,LLLYVLLGLLLGTLLAALILI_1,110011001100110000,1,-68.8679,-68.9564,-58.7144,-227.161,-223.493,-240.073,-347.78,4558.13,3614.98,3665.08,-33.578,-27.8687,-85.3292,-83.1993,-48.992,-77.1109,54.7808,-40.8009,6.83754,5.46203,4.78374,-23.3101,-68.9875,54.3485,-39.7512,-370.624,6.8746,4.18517,3.5004,1,LLLYVLLGLLLGTLLAALILI,0.3238769925237473,0.0003122470906137,G,6,-65.15838006599165,-70.26784206414032,-65.79003266023614,-70.80686392156954,-70.26619885465419,-74.62660825296588,-36.3372,-10.153500000000008,12.912000000000006,943.1500000000001,-0.03852748767428299,-0.010765519800667983,0.013690293166516466,-0.03560197211472194
YVLLGALLGILLTLL,WT,LLLYVLLIALLGILLTLLILI,clash,,,,LLLYVLLGALLGILLTLLILI_0,110011001100110000,1,-67.581,-66.8813,-58.7202,-222.276,-219.4,-243.993,-355.39,4577.17,3713.97,3707.28,-33.5505,-28.7808,-99.0838,-97.8896,-52.6768,-79.0724,56.9607,-46.8199,6.65198,6.05056,5.40497,-29.2053,-72.8097,60.8563,-43.7016,-384.171,6.839,5.63706,5.0499,0,LLLYVLLGALLGILLTLLILI,0.9526027238050108,0.0006752859530071,G,0,-94.85195138904848,-94.5352815831864,-94.77014632773692,-94.44844448064102,-95.24384047546826,-94.951276782484,-46.407,-8.860800000000005,21.716999999999985,863.2000000000003,-0.053761584800741405,-0.010265060240963858,0.02515871177015753,-0.038867585727525474
TALLGLLLGVLLGSL,Mutant,,void,4.0,LLLTLLLGLLLGVLLGSLILI,0.0705281359891508,LLLTALLGLLLGVLLGSLILI_0,110011001100110000,1,-74.4419,-61.9984,-60.2824,-213.231,-212.667,-235.154,-358.245,4454.15,3420.15,3523.07,-33.4799,-12.2805,-104.052,-95.8604,-62.8092,-85.3398,44.3546,-36.4459,6.50342,5.28884,4.45416,-11.8539,-91.396,35.576,-35.8075,-370.526,7.4513,5.01216,4.0458,0,LLLTALLGLLLGVLLGSLILI,0.8281929990174126,0.0015921318733493,G,7,-76.18888005043263,,-77.64237209681806,,-72.48213413445485,,-41.24280000000001,-14.159500000000001,21.923000000000002,1033.9999999999995,-0.039886653771760185,-0.01369390715667312,0.02120212765957448,-0.03237901353965185
SYLLGLLLGFLLGTL,WT,LLLSYLLGLLLIFLLGTLILI,clash,,,,LLLSYLLGLLLGFLLGTLILI_2,110011001100110000,1,-84.5579,-80.5076,-58.7136,-223.408,-223.372,-251.174,-346.722,4562.23,3604.1,3613.88,-33.3937,-28.5059,-72.1501,-71.3481,-36.8345,-83.4805,40.5668,-41.5172,6.88704,4.49858,3.60708,-29.4954,-87.8363,33.3963,-37.1588,-376.045,7.4752,4.18395,3.1849,2,LLLSYLLGLLLGFLLGTLILI,1.344314945533966,0.0090092484364527,G,0,3078.8322235651053,4488.051334300184,4351.032755872079,6324.235485976558,3181.3770415536574,4636.0556503223415,-35.315599999999996,-25.844300000000004,27.76600000000002,958.1299999999997,-0.03685888136265435,-0.026973688330393594,0.02897936605679817,-0.03485299489630845
TFLLGLLLGYLLASL,WT,LLLTFLLGLLLIYLLASLILI,clash,,,,LLLTFLLGLLLGYLLASLILI_0,110011001100110000,1,-74.2859,-65.4148,-60.2384,-221.269,-225.505,-245.296,-347.233,4569.18,3569.29,3589.42,-33.2748,-23.6209,-84.9532,-79.9344,-41.6995,-70.355,49.7611,-41.7323,6.98929,3.771,3.01742,-23.5442,-75.8727,44.54,-43.5756,-370.854,7.3804,3.8938,3.0619,0,LLLTFLLGLLLGYLLASLILI,1.2397732583185497,0.0014517419701374,G,0,-96.20386825415414,-97.73616510405913,-95.60437552982071,-97.37865576558744,-95.8348506808431,-97.51610033402284,-43.253699999999995,-14.0475,24.026999999999987,999.8900000000003,-0.043258458430427325,-0.014049045394993444,0.02402964326075866,-0.03327846063066936
VGLLFALLGILLTLL,WT,LLLVGLLFALLIILLTLLILI,clash,,,,LLLVGLLFALLGILLTLLILI_0,110011001100110000,1,-62.3344,-62.508,-58.7972,-224.441,-221.029,-238.33,-349.15,4580.0,3613.4,3598.94,-33.2327,-28.5988,-95.6079,-94.2125,-52.0231,-62.4774,71.5438,-40.4608,6.87437,5.53003,5.10318,-28.5115,-65.6894,61.9546,-41.2702,-377.749,6.9355,4.71728,4.1466,0,LLLVGLLFALLGILLTLLILI,0.3517210677473353,0.0001267545797263,G,0,-70.05848067099066,-74.41862747014022,-71.69363804887749,-75.81566980353125,-79.66937053936792,-82.62995941241104,-43.5848,-3.5372000000000057,13.88900000000001,966.5999999999999,-0.04509083385061039,-0.003659424787916414,0.01436892199462033,-0.03438102627767433
AALLGTLLGVLLGLL,Mutant,,void,4.0,LLLAFLLGTLLGVLLGLLILI,0.3773911011190108,LLLAALLGTLLGVLLGLLILI_0,110011001100110000,1,-66.5232,-71.1693,-58.7211,-212.275,-208.315,-228.953,-348.707,4375.53,3649.61,3574.55,-33.1291,-27.0825,-103.038,-96.3049,-61.0331,-91.1582,50.0358,-41.5253,6.74326,6.92857,6.1791,-27.1633,-92.5815,39.7325,-40.3169,-375.789,6.7382,5.75111,4.8471,0,LLLAALLGTLLGVLLGLLILI,0.9500265780682372,0.0003117627942527,G,6,-47.60962809755728,-53.97263176472924,-36.06397968427783,-43.82924488397672,-28.452786642602177,-37.14245927590202,-42.0049,-7.802100000000003,16.677999999999997,725.9199999999996,-0.05786436521930794,-0.010747878554110656,0.022974983469252818,-0.045637398060392353
YFLLGTLLGALLGLL,WT,LLLYFLLGTLLIALLGLLILI,clash,,,,LLLYFLLGTLLGALLGLLILI_0,110011001100110000,1,-67.8755,-71.9354,-58.7237,-230.743,-225.614,-241.707,-330.996,4639.13,3885.36,3689.04,-33.0203,52026.4,-65.3975,51992.9,-30.565,-35.6956,80.6273,-49.953,6.92846,2.73903,2.44844,13876.1,-43.2635,63.1811,-42.5139,51695.4,7.006,1.51898,0.966697,0,LLLYFLLGTLLGALLGLLILI,0.8073373687460096,0.0006645816879845,G,0,-80.2851109718008,-83.16735498668355,-78.83414795071512,-81.92851740426296,-84.95978217448358,-87.15860651217689,-34.832499999999996,-9.151800000000001,10.963999999999999,753.77,-0.046211045809729755,-0.012141369383233614,0.014545551030155085,-0.04380686416280828
TVLLGLLLGLLLGFL,WT,LLLTVLLILLLGLLLGFLILI,clash,,,,LLLTVLLGLLLGLLLGFLILI_2,110011001100110000,1,-54.9992,-49.7414,-44.9562,-226.138,-228.708,-239.979,-346.126,4552.35,3722.53,3645.16,-32.923,-18.5234,-97.9115,-86.2001,-61.1906,-88.4589,43.0354,-44.6274,6.44294,5.57862,4.72415,-15.838,-94.6454,29.8466,-40.7669,-361.997,7.1745,4.7261,3.6738,2,LLLTVLLGLLLGLLLGFLILI,0.5354349430959663,0.0003871616812082,G,0,-79.89003126162893,-79.82210617367947,-78.90470262391399,-78.83344940874333,-79.823755783866,-79.75560683840018,-36.7209,-10.043,13.841000000000008,829.8200000000002,-0.044251644935046144,-0.012102624665590124,0.016679520859945538,-0.039674869248752735
YLLLGALLGTLLSFL,WT,LLLYLLLGALLITLLSFLILI,clash,,,,LLLYLLLGALLGTLLSFLILI_2,110011001100110000,1,-87.8257,-64.8344,-73.9921,-229.752,-226.157,-244.099,-352.576,4590.74,3851.81,3611.13,-32.8979,3295.38,-67.8958,3233.8,-34.4848,-70.5384,60.6479,-49.6731,6.71354,5.26822,4.67794,2073.31,-60.6857,64.7023,-38.4105,3008.78,7.3229,4.33767,3.8082,2,LLLYLLLGALLGTLLSFLILI,0.5233938928718228,0.0006113154466739,G,1,-94.88355671531276,-95.7675804337846,-95.6054923109396,-96.3647793413975,-96.50879405088172,-97.112007786159,-33.410999999999994,-13.833600000000004,14.34699999999998,738.9299999999998,-0.045215378993950714,-0.01872112378709757,0.01941591219736644,-0.04452099657613036
TLLLGALLGVLLGSL,Mutant,,void,8.0,LLLTLLLGLLLGVLLGSLILI,0.3255835969227754,LLLTLLLGALLGVLLGSLILI_2,110011001100110000,1,-73.5763,-70.1553,-60.2824,-215.135,-213.453,-231.517,-355.796,4438.09,3637.79,3539.16,-32.6154,1609.83,-99.7,1537.64,-63.9963,-88.1361,46.5098,-42.4396,6.55928,5.99924,5.19689,-10.8205,-91.396,35.576,-35.8075,-366.618,7.4513,5.01216,4.0458,2,LLLTLLLGALLGVLLGSLILI,0.5731375380837881,0.000824454718971,G,7,-92.46085865541782,-94.5113032903643,-91.75688078612568,-93.99878855715572,-91.11086099348516,-93.52846885519476,-35.703700000000005,-13.2939,16.382000000000005,800.3000000000002,-0.044612895164313375,-0.016611145820317377,0.020469823816068974,-0.04075396726227664
AILLGLLLGTLLAFL,Mutant,,void,3.0,LLLYILLGLLLGTLLAFLILI,-0.4681609967102291,LLLAILLGLLLGTLLAFLILI_0,110011001100110000,1,-67.5874,-66.0716,-58.718,-224.26,-216.397,-235.079,-346.79,4478.74,3653.73,3503.45,-32.4628,1003.73,-87.4059,939.407,-52.9932,-72.7603,63.3319,-41.8496,6.80773,5.96385,5.41383,969.709,-60.6857,64.7023,-38.4105,656.938,7.3229,4.33767,3.8082,0,LLLAILLGLLLGTLLAFLILI,0.6985033388710744,0.0011193263782198,G,6,-82.76030658860087,-85.19266152574639,-82.69899724395684,-85.1400023399874,-83.03829914264536,-85.43143200401587,-34.4127,-8.869399999999999,10.819000000000017,825.0099999999998,-0.0417118580380844,-0.010750657567787059,0.013113780439025006,-0.0393483715348905
ALLLGALLGTLLSFL,WT,LLLALLLIALLGTLLSFLILI,clash,,,,LLLALLLGALLGTLLSFLILI_0,110011001100110000,1,-87.5111,-82.9814,-73.9598,-217.176,-213.266,-233.4,-356.946,4442.12,3739.07,3599.94,-32.4267,-17.3037,-84.6853,-78.0026,-49.5867,-86.3449,55.5528,-46.3318,6.18455,6.95136,6.28465,-15.1578,-74.197,65.2656,-42.419,-374.25,6.5325,6.44041,5.91939,0,LLLALLLGALLGTLLSFLILI,1.0105099976266292,0.0015895725673868,G,1,-97.7013754706603,-97.65653452203748,-97.61641970193908,-97.56992145904664,-97.45902480763012,-97.40945614750378,-35.0986,-13.551299999999998,16.224000000000018,703.0499999999997,-0.04992333404452032,-0.019275016001706852,0.023076594836782625,-0.04612289310859826
YALLGLLLGTLLASL,Mutant,,void,4.0,LLLYILLGLLLGTLLASLILI,-0.0433618381987704,LLLYALLGLLLGTLLASLILI_0,110011001100110000,1,-86.9978,-79.5256,-74.0156,-220.16,-212.919,-240.087,-356.77,4553.56,3614.03,3611.96,-32.2071,-12.573,-81.8196,-76.8983,-42.6672,-92.1142,55.5606,-39.5322,6.71748,7.81781,7.15122,-11.0622,-97.764,38.4753,-38.0973,-369.343,7.04,6.35877,5.4359,0,LLLYALLGLLLGTLLASLILI,0.3419894397478601,0.0004851470842767,G,7,-80.99372695908566,-80.99786511502846,-79.89740983078005,-79.9017866832432,-80.92798142148906,-80.93213389193141,-39.15239999999999,-12.982199999999992,19.926999999999992,939.5300000000002,-0.04167232552446434,-0.013817759943801676,0.021209540940683096,-0.03428001234659882
YILLGLLLGTLLASL,WT,LLLYILLGLLLITLLASLILI,clash,,,,LLLYILLGLLLGTLLASLILI_2,110011001100110000,1,-83.0258,-84.3341,-74.0156,-226.321,-215.206,-242.917,-366.336,4552.73,3797.52,3559.45,-32.0771,118.28,-89.066,51.4843,-49.4036,-95.3462,51.9102,-48.4287,6.8681,7.80981,7.08846,-2.33195,-97.764,38.4753,-38.0973,-355.567,7.04,6.35877,5.4359,2,LLLYILLGLLLGTLLASLILI,0.2986276015490896,0.0004763174539731,G,1,-45.7646407792402,-42.277252621953245,-64.79567768148547,-62.532004341752014,-77.03881183327265,-75.5623843357807,-39.662400000000005,-9.010199999999998,16.596000000000004,755.2099999999996,-0.05251837237324721,-0.0119307212563393,0.02197534460613606,-0.04247441109095486
AYLLGTLLGILLAAL,Mutant,,void,16.0,LLLAYLLGTLLGILLALLILI,0.1057893596448906,LLLAYLLGTLLGILLAALILI_1,110011001100110000,1,-65.9183,-62.8059,-58.7536,-216.774,-215.257,-236.472,-342.66,4473.79,3633.8,3561.19,-31.8506,-22.6808,-91.8187,-87.2782,-47.4342,-76.4068,52.3145,-41.282,6.74963,5.02348,4.30819,-25.9422,-71.7752,52.5548,-41.6943,-368.916,6.762,4.36118,3.6495,1,LLLAYLLGTLLGILLAALILI,0.8946275983828711,0.0004828866697132,G,7,-26.91799275794704,-35.35013873129894,-14.722297498106997,-24.561573441724867,-11.111406631258292,-21.367304395104323,-44.38450000000001,-7.164700000000003,19.698000000000008,839.9899999999998,-0.05283931951570855,-0.008529506303646479,0.023450279169990134,-0.0379178323551471
LFLLATLLGYLLSIL,WT,LLLLFLLATLLIYLLSILILI,clash,,,,LLLLFLLATLLGYLLSILILI_0,110011001100110000,1,-76.3792,-75.4692,-74.0056,-234.023,-221.805,-245.466,-359.39,4659.21,3678.18,3624.33,-31.6928,-17.902,-80.6812,-80.0181,-39.9192,-72.2379,70.4289,-42.1327,7.55117,6.84359,6.40002,-17.8493,-75.6695,54.0605,-40.3366,-377.292,7.5,5.14859,4.4595,0,LLLLFLLATLLGYLLSILILI,0.4095286191570003,0.0006709176422745,G,0,-69.72894118648009,,-72.8379532427154,,-80.46680453801895,,-40.76200000000001,-2.373599999999996,11.443000000000012,981.0300000000002,-0.04155020743504276,-0.002419497874682727,0.011664271225140934,-0.032305637951948456
LFLLGTLLGALLAYL,WT,LLLLFLLITLLGALLAYLILI,clash,,,,LLLLFLLGTLLGALLAYLILI_2,110011001100110000,1,-70.2396,-72.8251,-58.6697,-219.934,-214.287,-237.958,-332.505,4628.65,3771.91,3587.74,-31.6894,761.722,-74.0215,716.33,-35.8778,-62.2783,55.2418,-49.6354,6.50671,3.29938,2.62801,739.35,-56.669,55.2864,-44.397,429.217,6.6005,2.46401,1.79331,2,LLLLFLLGTLLGALLAYLILI,1.1505950918679817,0.0013106030686432,G,1,-88.73229579309243,,-86.75261061881962,,-90.8693776339476,,-38.1437,-11.569899999999997,18.024,856.7399999999998,-0.04452190863038963,-0.013504563811658146,0.021037887807269423,-0.03698835119172679
SYLLGLLLGALLGTL,Mutant,,void,12.0,LLLSYLLGLLLGFLLGTLILI,0.4782932189936889,LLLSYLLGLLLGALLGTLILI_2,110011001100110000,1,-83.9223,-80.5458,-58.7136,-220.059,-215.593,-246.157,-354.053,4505.71,3649.67,3667.39,-31.3665,-26.2844,-81.4382,-84.1989,-49.1829,-83.914,39.5604,-41.0689,6.89505,4.42775,3.52116,-24.0648,-87.8363,33.3963,-37.1588,-377.464,7.4752,4.18395,3.1849,2,LLLSYLLGLLLGALLGTLILI,0.8660217265402771,0.0006996320298907,G,6,12404.07640905628,21309.44684034275,18321.23809573788,31440.79556474516,8994.201022762292,15471.067145047513,-32.2553,-25.208700000000007,26.098000000000013,856.04,-0.0376796645016588,-0.029448039811223785,0.030486893135834792,-0.03664139526190365
SYLLVALLGLLLGFL,WT,LLLSYLLVALLGLLLIFLILI,clash,,,,LLLSYLLVALLGLLLGFLILI_2,110011001100110000,1,-63.4627,-62.4916,-44.9412,-232.247,-227.768,-249.798,-340.968,4597.83,3813.77,3559.34,-31.3426,37703.7,-76.6006,37653.0,-46.229,-58.4163,65.6615,-44.546,8.1213,4.12674,3.61167,37067.7,-56.9491,49.4969,-37.5681,37343.7,7.4308,1.72445,0.966904,2,LLLSYLLVALLGLLLGFLILI,0.527792033321125,0.0001242605666293,G,0,-97.92123514439255,,-97.93991190822274,,-97.95015238562456,,-30.3716,-18.521499999999996,17.550999999999988,784.06,-0.03873632119990818,-0.023622554396347216,0.022384766471953664,-0.039974746830599706
TVLLGLLLGALLGFL,Mutant,,void,12.0,LLLTVLLGLLLGLLLGFLILI,0.2404696323380019,LLLTVLLGLLLGALLGFLILI_1,110011001100110000,1,-55.1884,-47.2518,-44.9562,-226.717,-217.922,-236.077,-335.141,4499.16,3850.78,3732.61,-31.1704,-15.5421,-84.406,-85.5095,-54.108,-92.4987,46.8724,-47.03,6.52472,6.70259,5.90567,-13.8863,-94.6454,29.8466,-40.7669,-348.813,7.1745,4.7261,3.6738,1,LLLTVLLGLLLGALLGFLILI,0.2949653107579644,0.0016601157012943,G,6,66.37260238906687,51.05610768347982,73.81077492513307,57.809511642076295,87.22747429746819,69.99105088616948,-30.29800000000001,-10.232199999999999,9.359999999999985,648.3799999999997,-0.04672877016564364,-0.015781177704432593,0.01443597890126159,-0.048074277429902244
GLLLGALLGTLLSFL,WT,LLLGLLLGALLITLLSFLILI,clash,,,,LLLGLLLGALLGTLLSFLILI_0,110011001100110000,1,-87.1493,-77.0075,-74.0016,-217.871,-213.989,-235.279,-355.239,4400.73,3709.6,3564.59,-30.9664,-18.7351,-81.1846,-82.9772,-45.9576,-64.1958,76.2812,-37.7066,6.56985,6.42732,6.07154,-17.5801,-70.6341,63.5646,-35.8262,-373.974,6.7474,5.67633,5.1298,0,LLLGLLLGALLGTLLSFLILI,1.025208719497145,0.0003496649302109,G,0,-98.3392965647651,-98.3419353180624,-98.2211617411683,-98.2239882032694,-98.0987172784862,-98.1017382971365,-35.227000000000004,-13.1477,17.407999999999987,691.1299999999997,-0.050970150333511814,-0.019023483281003582,0.02518773602650731,-0.04480546351627048
AALLGVLLGLLLAFL,Mutant,,void,4.0,LLLAYLLGVLLGLLLAFLILI,-0.0327732372882572,LLLAALLGVLLGLLLAFLILI_0,110011001100110000,1,-57.2124,-52.7493,-44.9245,-218.04,-211.127,-232.055,-332.637,4440.09,3689.22,3632.26,-30.8644,-16.9518,-88.2498,-85.7133,-55.6581,-88.9163,59.3106,-39.1954,6.62265,7.84437,7.23403,-16.5365,-91.43,48.2927,-36.5962,-349.589,7.0472,6.73401,5.9584,0,LLLAALLGVLLGLLLAFLILI,1.1591428692553791,0.0010256242894191,G,6,-96.33703070388272,-97.54774986739508,-95.33840196599434,-96.87919731973771,-94.66757905611536,-96.43010112571588,-32.591699999999996,-12.2879,14.015000000000015,750.8700000000003,-0.043405249910104256,-0.01636488340192043,0.018665015248977863,-0.041104851705355105
YALLATLLGLLLGVL,Mutant,,void,4.0,LLLYFLLATLLGLLLGVLILI,0.0761761553613784,LLLYALLATLLGLLLGVLILI_1,110011001100110000,1,-57.1695,-60.5845,-58.7388,-228.401,-224.428,-240.593,-347.61,4574.21,3592.73,3590.8,-30.8382,88.5522,-92.8776,25.9551,-48.2779,-73.1803,43.453,-39.7404,6.81338,3.3432,2.495,-15.5926,-71.1719,34.5088,-41.0473,-364.302,6.9662,1.83447,0.852102,1,LLLYALLATLLGLLLGVLILI,0.2675073275980792,0.0003133975703398,G,7,-73.35396737655573,-79.29993955179336,-73.36788588007086,-79.31075218826285,-72.84374288995204,-78.90356993594446,-44.5997,1.5692999999999984,12.191999999999979,981.48,-0.0454412723641847,0.0015989118474141076,0.012422056486122976,-0.0314201002567551
AALLGALLGTLLSFL,Mutant,,void,4.0,LLLALLLGALLGTLLSFLILI,-0.0943428285807799,LLLAALLGALLGTLLSFLILI_1,110011001100110000,1,-87.9458,-85.0748,-73.9598,-212.712,-218.143,-230.668,-346.794,4383.29,3750.68,3647.87,-30.7829,-26.1637,-76.9185,-69.7391,-42.1661,-82.6765,59.2301,-43.1429,6.24414,6.89755,6.286,-18.7867,-74.197,65.2656,-42.419,-363.31,6.5325,6.44041,5.91939,1,LLLAALLGALLGTLLSFLILI,1.104852826207409,0.0002667541891578,G,7,-95.69357798114912,,-95.32104710816584,,-94.42722136352276,,-34.752399999999994,-13.986000000000004,17.956000000000017,632.6100000000001,-0.05493495202415388,-0.022108408023900985,0.028383996459113853,-0.048660153965318274
TALLGLLLGVLLAIL,Mutant,,void,4.0,LLLTFLLGLLLGVLLAILILI,0.4024055230593506,LLLTALLGLLLGVLLAILILI_2,110011001100110000,1,-56.5932,-56.3554,-44.9935,-222.813,-222.718,-239.454,-357.147,4504.47,3564.14,3619.78,-30.6975,-1.19408,-108.438,-79.2674,-72.6991,-78.9099,51.052,-37.7733,7.10834,5.2285,4.49428,-21.7364,-75.4208,48.7219,-40.9997,-379.82,7.4067,4.39057,3.6214,2,LLLTALLGLLLGVLLAILILI,0.8293568607212809,0.0001201881932328,G,7,-94.14448066367488,-94.73133657772848,-93.47511899271734,-94.12906013571134,-93.13976280456642,-93.82731424769382,-35.7389,-11.599700000000006,16.64100000000002,940.3300000000004,-0.03800676358299744,-0.012335775738304638,0.017696978720236525,-0.03264545425542096
YFLLGTLLGALLGAL,Mutant,,void,16.0,LLLYFLLGTLLGALLGLLILI,-0.156219359908594,LLLYFLLGTLLGALLGALILI_1,110011001100110000,1,-70.5906,-67.4355,-58.7237,-224.617,-225.48,-237.715,-320.062,4587.16,3835.47,3676.56,-30.5864,10858.2,-55.441,10831.1,-23.6231,-42.9502,66.2051,-48.9334,6.91857,1.88022,1.37329,5523.14,-43.2635,63.1811,-42.5139,52242.7,7.006,1.51898,0.966697,1,LLLYFLLGTLLGALLGALILI,0.9635567286546036,0.000609730999995,G,6,-86.9924449554449,-90.13513133533505,-85.54343841413183,-89.03621157867583,-89.751987104939,-92.2279551432006,-31.8179,-11.866899999999994,13.098000000000013,751.69,-0.04232848647713818,-0.015786960050020612,0.017424736260958657,-0.040690178131942686
SALLGVLLGLLLGTL,Mutant,,void,4.0,LLLSYLLGVLLGLLLGTLILI,-0.1510961758585818,LLLSALLGVLLGLLLGTLILI_1,110011001100110000,1,-70.9913,-79.5444,-58.7288,-217.146,-212.333,-240.505,-359.194,4447.41,3458.95,3595.14,-30.4889,573835.0,-101.545,573768.0,-59.9601,-96.7717,44.4865,-34.2332,6.56236,7.02143,6.18873,-23.3513,-92.5815,39.7325,-40.3169,-379.623,6.7382,5.75111,4.8471,1,LLLSALLGVLLGLLLGTLILI,1.0982124689984374,0.0011896794238384,G,6,-78.79054379649007,-81.32333364942185,-72.09158050737288,-75.42434684631331,-70.11778405966577,-73.6862571308551,-41.584900000000005,-12.262499999999996,23.35900000000001,988.46,-0.04207039232745888,-0.012405661331768606,0.023631709932622473,-0.030844849563968192
AALLGVLLGTLLSFL,Mutant,,void,4.0,LLLALLLGVLLGTLLSFLILI,0.0738173010663421,LLLAALLGVLLGTLLSFLILI_1,110011001100110000,1,-83.8701,-84.354,-74.0352,-220.266,-215.689,-233.255,-349.64,4414.41,3777.06,3707.2,-30.3969,-26.0043,-75.9014,-75.601,-42.35,-98.656,42.7362,-36.8975,6.92579,7.06778,6.20882,-24.0383,-93.9928,36.7785,-43.1657,-372.233,6.6465,5.56402,4.6157,1,LLLAALLGVLLGTLLSFLILI,1.0660293451398637,0.0013393059310567,G,7,-97.87294064376565,-97.71638080272838,-97.68729402168591,-97.51706986725908,-97.60238425163148,-97.42591040790316,-33.551399999999994,-9.83489999999999,12.989000000000004,637.3499999999999,-0.05264203341962814,-0.015430924923511401,0.020379697183651065,-0.04769263356083785
AYLLGTLLGILLALL,WT,LLLAYLLGTLLIILLALLILI,clash,,,,LLLAYLLGTLLGILLALLILI_2,110011001100110000,1,-65.4653,-63.9125,-58.7536,-220.017,-218.495,-240.561,-354.785,4508.72,3619.32,3577.36,-30.3295,-21.888,-99.6324,-94.2661,-55.471,-75.0439,52.1893,-41.4683,6.76154,4.80215,4.08499,-26.396,-71.7752,52.5548,-41.6943,-381.712,6.762,4.36118,3.6495,2,LLLAYLLGTLLGILLALLILI,1.0004169580277618,0.0021119620409963,G,1,-11.178492388263422,-28.73357393188408,-23.28090663600828,-38.44401269186133,-19.059278816381937,-35.056766348220705,-44.16140000000001,-6.7117,20.54400000000001,889.4000000000001,-0.04965302451090623,-0.007546323364065662,0.02309871823701373,-0.034101079379356865
AFLLGLLLGTLLTVL,WT,LLLAFLLILLLGTLLTVLILI,clash,,,,LLLAFLLGLLLGTLLTVLILI_0,110011001100110000,1,-78.0455,-75.8857,-72.4773,-223.573,-220.754,-237.516,-353.277,4501.74,3716.73,3586.56,-30.3085,-22.7997,-81.9673,-79.4372,-43.2843,-72.3435,52.1913,-42.044,6.57944,4.39735,3.68022,-21.758,-63.2674,60.5559,-36.2287,-376.077,7.0661,4.16516,3.5735,0,LLLAFLLGLLLGTLLTVLILI,1.2859127637263643,0.0008324869554199,G,0,-96.94776198236352,-97.5000857617238,-95.72649650641206,-96.49981680025849,-95.91086710994944,-96.6508242558499,-38.68299999999999,-5.5682000000000045,13.942999999999984,785.0099999999998,-0.04927707927287551,-0.007093158048942059,0.017761557177615555,-0.0386090623049388
SALLGVLLGLLLGFL,Mutant,,void,4.0,LLLSYLLGVLLGLLLGFLILI,-0.0409166629900519,LLLSALLGVLLGLLLGFLILI_0,110011001100110000,1,-58.9665,-51.3315,-44.9022,-215.702,-218.812,-242.459,-340.176,4479.48,3465.6,3552.94,-30.3018,-18.9381,-95.8092,-88.9703,-52.8142,-79.8412,33.7755,-34.8654,7.10018,3.03588,2.04251,-18.9336,-80.0419,31.8268,-44.1909,-359.114,7.2939,2.8029,1.7803,0,LLLSALLGVLLGLLLGFLILI,1.0443129153119648,0.0011284071944928,G,6,-82.07505868105483,-87.4117955093076,-77.14917815742561,-83.95248201841063,-72.5846563601116,-80.74694104818262,-42.995000000000005,-14.064300000000003,26.757000000000005,1013.8799999999997,-0.042406399179390084,-0.01387175997159428,0.026390697123920004,-0.029886968872055875
AGLLFLLLGALLATL,Mutant,,void,12.0,LLLAGLLFLLLGVLLATLILI,-0.1061233754798914,LLLAGLLFLLLGALLATLILI_1,110011001100110000,1,-58.8369,-63.8355,-58.8369,-226.916,-216.083,-232.621,-340.735,4515.42,3694.75,3635.69,-30.1894,-7.09477,-85.1713,-67.911,-49.2776,-79.6364,70.3073,-37.0316,7.56771,7.93695,7.49156,-12.2655,-73.6779,53.5881,-38.6441,-353.047,7.4088,4.78608,4.0899,1,LLLAGLLFLLLGALLATLILI,0.4251234041457983,0.0010531881143502,G,6,-44.55461128000777,-53.031565465530704,-45.75479956512604,-54.048258939956426,-55.46464812898056,-62.27358474503226,-35.8937,0.0,5.7050000000000125,820.6700000000001,-0.04373706849281685,0.0,0.0069516370770224475,-0.03678628437739895
YLLLGALLGILLSTL,WT,LLLYLLLGALLIILLSTLILI,clash,,,,LLLYLLLGALLGILLSTLILI_2,110011001100110000,1,-87.8849,-84.2539,-74.098,-225.831,-222.402,-243.131,-366.528,4545.06,3683.22,3700.64,-29.8955,-20.4119,-82.7067,-80.284,-49.2984,-72.4414,62.446,-43.0112,6.54645,5.79642,5.23311,-16.732,-63.07,66.418,-42.249,-383.164,7.1117,4.92693,4.4232,2,LLLYLLLGALLGILLSTLILI,0.744034376496211,0.0007020693792698,G,0,-89.91127878640418,-92.639736411904,-91.01572558077592,-93.4454896241792,-92.73446667460088,-94.69940349714815,-33.4083,-13.786900000000003,17.30000000000001,861.8400000000006,-0.038763923698134195,-0.015997052817228248,0.020073331476840248,-0.034687993130975564
FALLGVLLGLLLASL,Mutant,,void,4.0,LLLFYLLGVLLGLLLASLILI,0.0407580279464663,LLLFALLGVLLGLLLASLILI_0,110011001100110000,1,-68.5118,-67.004,-60.32,-218.451,-212.748,-231.634,-343.139,4548.3,3606.65,3658.48,-29.6705,-20.5542,-85.8472,-83.9417,-51.1851,-78.0436,54.5882,-46.4264,6.82699,5.57595,4.89477,-20.7664,-75.759,50.2096,-41.8685,-363.694,7.3305,4.64215,3.89529,0,LLLFALLGVLLGLLLASLILI,0.8702522128061787,0.0003763918542261,G,6,-88.09489035010479,-88.86675387014617,-85.53857753167806,-86.47617867769543,-85.55455086803252,-86.4911163885086,-34.6621,-8.191799999999994,13.182999999999993,941.6500000000001,-0.036809961238252004,-0.00869941060903732,0.01399989380343014,-0.03150905325757978
YGLLFALLGTLLSLL,WT,LLLYGLLFALLITLLSLLILI,clash,,,,LLLYGLLFALLGTLLSLLILI_0,110011001100110000,1,-84.7943,-76.5236,-74.0094,-231.712,-223.825,-245.08,-351.817,4612.19,3858.2,3786.28,-29.5268,-16.1146,-64.8374,-67.5824,-32.727,-60.2611,76.5547,-41.2768,6.49335,5.87404,5.52236,-15.5061,-64.5043,61.457,-37.6682,-367.931,6.656,4.47234,3.89419,0,LLLYGLLFALLGTLLSLLILI,0.1720124685295144,0.0004691671528602,G,0,-96.41067855361888,-96.28957790999848,-96.65063780127338,-96.53763317796424,-97.17772481807472,-97.08250366106476,-32.110400000000006,-10.784900000000007,13.368000000000023,753.9899999999998,-0.04258730221886234,-0.014303770607037242,0.017729678112441846,-0.039160731574689335
YFLLAVLLGLLLGTL,WT,LLLYFLLIVLLGLLLGTLILI,clash,,,,LLLYFLLAVLLGLLLGTLILI_0,110011001100110000,1,-62.4705,-60.3616,-58.7556,-230.136,-227.336,-244.883,-337.368,4699.11,3567.92,3581.88,-29.4048,-23.8917,-74.1664,-73.5613,-33.7288,-73.0152,36.8474,-41.5935,6.86622,2.42668,1.47939,-22.3846,-71.1719,34.5088,-41.0473,-361.259,6.9662,1.83447,0.852102,0,LLLYFLLAVLLGLLLGTLILI,0.2640249906731611,0.0009168936786349,G,1,-73.87020726291348,-76.589982169049,-74.88970908687294,-77.50336698299373,-80.58222480777495,-82.60336512955934,-40.437599999999996,-3.7149,14.747000000000014,1131.1899999999996,-0.03574784076945518,-0.003284063685145733,0.013036713549447944,-0.025994572087801354
STLLGALLGLLLGFL,WT,LLLSTLLGALLGLLLIFLILI,clash,,,,LLLSTLLGALLGLLLGFLILI_0,110011001100110000,1,-71.7335,-68.5954,-44.8671,-217.318,-216.517,-252.927,-350.948,4480.13,3553.89,3566.3,-29.2663,-20.1158,-91.1623,-85.9513,-53.1541,-66.4376,69.7948,-35.2262,6.40853,5.88795,5.43487,-21.2744,-68.8242,63.6738,-35.7825,-371.064,6.5843,5.41959,4.8747,0,LLLSTLLGALLGLLLGFLILI,0.8383244455908859,0.0004251807785432,G,1,-97.01387670004142,-97.70871499703549,-96.44600781867464,-97.27298300581327,-96.19910479842638,-97.083531623317,-38.0082,-26.866400000000006,35.60899999999998,926.2400000000002,-0.04103493694938676,-0.02900587320780791,0.03844467956469162,-0.03159688633615477
YALLTALLGGLLFAL,Mutant,,void,16.0,LLLYALLTALLGGLLFLLILI,-0.0269056033862475,LLLYALLTALLGGLLFALILI_0,110011001100110000,1,-66.3394,-65.7077,-58.7888,-225.219,-219.064,-238.391,-324.946,4604.63,3865.86,3788.66,-29.0075,-21.0952,-62.395,-61.2692,-27.7664,-41.9536,80.5683,-45.5321,6.55991,3.66976,3.37828,-20.4582,-45.1876,67.311,-43.6659,-346.041,6.6072,2.36513,1.8748,0,LLLYALLTALLGGLLFALILI,0.2351757033118593,0.0014182703482359,G,7,-59.98257213952834,-69.53991488735495,-58.23661490744848,-68.21094376813112,-52.53343368073158,-63.86985052784736,-34.628600000000006,-7.550599999999996,13.171999999999997,738.77,-0.04687331645843768,-0.010220501644625521,0.01782963574590197,-0.03926458843753807
YALLGLLLGTLLAFL,Mutant,,void,4.0,LLLYILLGLLLGTLLAFLILI,-0.0328090419819544,LLLYALLGLLLGTLLAFLILI_0,110011001100110000,1,-65.8829,-66.0716,-58.718,-230.723,-223.112,-242.716,-336.56,4604.07,3733.05,3624.17,-28.9469,1005.33,-68.9018,957.955,-35.1263,-71.4495,65.3099,-40.9828,7.00141,6.03427,5.51392,977.38,-60.6857,64.7023,-38.4105,668.771,7.3229,4.33767,3.8082,0,LLLYALLGLLLGTLLAFLILI,0.2631513841427997,0.0011949901412728,G,6,-82.60378521992212,-88.3209445345209,-84.6622678556494,-89.7029194745473,-82.58980817091594,-88.31156095696392,-33.775499999999994,-7.164900000000003,11.992999999999995,871.0199999999995,-0.03877695116070815,-0.008225873114279818,0.01376891460586439,-0.03323333562949188
YGLLFLLLGVLLASL,WT,LLLYGLLILLLGVLLASLILI,clash,,,,LLLYGLLFLLLGVLLASLILI_0,110011001100110000,1,-66.7508,-69.1034,-60.3826,-230.127,-223.613,-244.353,-342.669,4679.64,3845.23,3672.04,-28.7714,-20.3789,-74.5627,-70.3315,-37.9329,-68.3016,61.0098,-44.1491,7.21905,4.98156,4.39671,-20.0746,-65.984,55.7173,-41.1231,-363.047,6.918,3.91944,3.2552,0,LLLYGLLFLLLGVLLASLILI,0.3067598564528792,0.0009518754070213,G,1,-64.38937061275125,-69.85387722490148,-65.7930622042947,-71.04217015274831,-76.64263406776561,-80.226858294502,-36.62980000000001,-6.368200000000002,14.225999999999999,834.4100000000003,-0.043899042437171173,-0.007631979482508598,0.017049172469169826,-0.034481130379549606
YVLLATLLGLLLGFL,WT,LLLYVLLITLLGLLLGFLILI,clash,,,,LLLYVLLATLLGLLLGFLILI_0,110011001100110000,1,-65.945,-66.8369,-58.7168,-231.148,-222.718,-245.137,-340.649,4614.05,3996.22,3684.26,-28.483,-20.3736,-72.0391,-71.4685,-36.7952,-68.8725,56.9525,-45.5209,6.54801,4.51947,3.87376,-20.7222,-65.7313,50.1254,-42.5945,-361.023,6.5,3.12662,2.3785,0,LLLYVLLATLLGLLLGFLILI,0.2898308909254899,0.0005211191028728,G,1,-73.79098434275994,-77.78450473685221,-77.57141194805453,-80.98890098951709,-79.96250724799802,-83.01566029266381,-35.243900000000004,-7.228199999999994,13.989000000000004,617.8300000000004,-0.05704465629703961,-0.0116993347684638,0.0226421507534435,-0.046101678455238465
STLLGALLGLLLAVL,WT,LLLSTLLGALLILLLAVLILI,clash,,,,LLLSTLLGALLGLLLAVLILI_2,110011001100110000,1,-71.6597,-73.6306,-44.8908,-216.924,-214.575,-251.685,-365.853,4457.29,3562.07,3534.97,-28.3075,34.4964,-105.577,-43.1512,-69.2765,-74.5802,62.4375,-36.9936,6.68774,6.1161,5.55266,24.7585,-68.8242,63.6738,-35.7825,-331.356,6.5843,5.41959,4.8747,2,LLLSTLLGALLGLLLAVLILI,0.9105968180815908,0.000554213579256,G,1,-92.90685133481486,-94.05832712682609,-92.07788915358854,-93.36393563193823,-90.94038632716746,-92.41109085087818,-36.3005,-26.768900000000002,34.760999999999996,895.2199999999998,-0.04054925046357321,-0.02990203525390408,0.038829561448582475,-0.031620718929425175
YGLLFALLGILLTLL,WT,LLLYGLLFALLGILLILLILI,clash,,,,LLLYGLLFALLGILLTLLILI_0,110011001100110000,1,-62.1536,-62.2616,-58.7811,-229.807,-224.042,-247.16,-344.278,4647.51,3733.7,3686.52,-28.2666,-19.681,-80.5845,-77.6558,-38.3375,-68.732,65.7314,-36.4739,6.65498,5.68353,5.1695,-19.6463,-64.5043,61.457,-37.6682,-363.959,6.656,4.47234,3.89419,0,LLLYGLLFALLGILLTLLILI,0.2634107506288784,0.0005211854552351,G,0,-70.17302310318291,-74.48627792441609,-72.87823620807023,-76.80029236684818,-80.43235310048779,-83.262014571762,-42.24700000000001,-3.372499999999995,17.35300000000001,913.8100000000004,-0.04623171118722709,-0.0036905921362208704,0.01898972434094615,-0.030932688414440624
YILLGLLLGTLLAFL,WT,LLLYILLGLLLITLLAFLILI,clash,,,,LLLYILLGLLLGTLLAFLILI_0,110011001100110000,1,-64.5284,-66.0716,-58.718,-233.32,-223.872,-245.856,-344.416,4620.04,3774.29,3595.63,-28.199,1002.08,-74.7665,947.608,-39.8414,-53.7146,85.1722,-40.5927,7.30631,6.05544,5.83302,996.455,-60.6857,64.7023,-38.4105,657.664,7.3229,4.33767,3.8082,0,LLLYILLGLLLGTLLAFLILI,0.2303423421608453,0.0011195636891336,G,0,-24.821519932206964,-35.33776410134348,-49.38799789961534,-56.46779216383211,-66.11543597036604,-70.85533425746947,-34.92509999999999,-5.810400000000001,12.536000000000001,845.75,-0.04129482707655926,-0.006870115282293823,0.01482234702926397,-0.03334200413833875
YGLLAALLGILLTLL,Mutant,,void,7.0,LLLYGLLFALLGILLTLLILI,0.0454171908176454,LLLYGLLAALLGILLTLLILI_0,110011001100110000,1,-65.8249,-62.2616,-58.7811,-222.675,-219.836,-242.329,-351.151,4570.84,3694.81,3738.17,-28.1458,-16.3281,-90.7966,-85.3808,-50.0404,-60.9595,76.8765,-38.2194,6.58928,6.02225,5.6754,-16.8194,-64.5043,61.457,-37.6682,-367.479,6.656,4.47234,3.89419,0,LLLYGLLAALLGILLTLLILI,0.217993559811233,0.0002379476985981,G,6,-81.22298653225523,-85.11220445781692,-83.35321576264406,-86.8012066675927,-82.61806007343672,-86.21832123635026,-40.7562,-7.043799999999997,19.653999999999996,876.0300000000002,-0.04652374918667168,-0.008040592217161508,0.02243530472700706,-0.032128808374142434
TVLLGALLGILLSLL,WT,LLLTVLLGALLIILLSLLILI,clash,,,,LLLTVLLGALLGILLSLLILI_2,110011001100110000,1,-73.8375,-74.0442,-60.2863,-222.565,-222.716,-238.209,-370.03,4454.09,3659.24,3677.21,-28.1139,-25.5241,-101.741,-98.7939,-71.5339,-70.1584,67.8016,-43.3554,6.94017,6.17697,5.694,-20.3816,-63.7261,69.6712,-42.7158,-390.435,7.3752,5.46453,5.0096,2,LLLTVLLGALLGILLSLLILI,0.3316011485657134,0.0005108782501087,G,0,-98.97875651365784,-99.09662686343968,-99.0986367588846,-99.20267071545976,-99.02887049187524,-99.14095676350094,-30.207099999999997,-13.551200000000009,15.644000000000005,794.8500000000004,-0.038003522677234676,-0.017048751336730204,0.019681700949864753,-0.03537006982449517
LTLLVGLLFALLYGL,WT,LLLLTLLVILLFALLYGLILI,clash,,,,LLLLTLLVGLLFALLYGLILI_2,110011001100110000,1,-51.878,-48.9606,-44.9471,-224.977,-224.319,-240.912,-328.671,4650.37,3711.44,3692.81,-27.8546,-19.4499,-79.6709,-74.8415,-42.8121,-38.6955,77.068,-40.373,7.13733,2.7085,2.36452,-14.5025,-33.3677,74.3197,-39.8132,-343.8,7.0315,1.53831,1.15311,2,LLLLTLLVGLLFALLYGLILI,0.2389463456172054,0.000625622376013,G,1,-61.05589205673147,-69.89850613109687,-63.46640074670338,-71.76168688896216,-67.90715088806895,-75.19412430281625,-36.8588,-6.930900000000001,15.935000000000002,938.9299999999998,-0.03925617458170472,-0.007381700446252652,0.016971446220698034,-0.029666322303047093
LVLLIGLLFGLLFAL,WT,LLLLVLLIILLFGLLFALILI,clash,,,,LLLLVLLIGLLFGLLFALILI_0,110011001100110000,1,-44.9897,-44.9897,-44.9897,-227.902,-219.076,-239.544,-328.247,4619.78,3816.55,3647.49,-27.8482,-19.394,-83.2038,-83.575,-43.7135,-31.7523,88.8339,-41.9175,7.19067,3.25543,3.08794,-19.3734,-36.3206,72.3714,-40.8966,-347.641,7.2598,1.71823,1.3038,0,LLLLVLLIGLLFGLLFALILI,0.9062141513273154,0.000532207135071,G,1,-94.45836446569892,-95.1222669981922,-93.8485580291242,-94.585516978819,-95.02327076383284,-95.6194960339672,-39.4903,0.0,11.642000000000024,803.2299999999996,-0.049164373840618524,0.0,0.01449398055351522,-0.03467026878976136
YVLLFTLLGALLGLL,WT,LLLYVLLFTLLIALLGLLILI,clash,,,,LLLYVLLFTLLGALLGLLILI_1,110011001100110000,1,-67.5606,-66.86,-58.7108,-227.567,-227.122,-244.94,-341.06,4602.48,3895.77,3813.16,-27.8242,-5.74464,-73.7564,-52.8225,-37.4092,-47.1934,67.5556,-48.0015,6.72359,2.69902,2.21235,-3.91634,-42.798,67.046,-44.058,-342.976,7.0511,1.97091,1.4766,1,LLLYVLLFTLLGALLGLLILI,0.2020194390803996,0.0006055395022728,G,1,-2.904210933939996,-21.38127180848917,-14.17969728640628,-30.511064205237936,-32.01893992961017,-44.955548173067406,-36.3472,-8.849799999999995,17.37299999999999,706.7099999999996,-0.05143156315886293,-0.012522533995556875,0.024582926518656876,-0.03937145363727698
YGLLFLLLGVLLATL,WT,LLLYGLLFLLLGVLLITLILI,clash,,,,LLLYGLLFLLLGVLLATLILI_1,110011001100110000,1,-63.4679,-63.8461,-58.8381,-233.222,-232.531,-245.733,-339.747,4670.87,3750.53,3667.42,-27.6423,29.1074,-70.6992,-14.2623,-35.1759,-74.0218,49.047,-38.3841,7.42122,4.22462,3.46033,-25.0839,-73.2508,43.1479,-42.798,-364.538,7.4823,3.31258,2.4598,1,LLLYGLLFLLLGVLLATLILI,0.3908976894825909,0.0003491727971984,G,0,-66.5957685248229,-76.52879834831435,-65.88664460719549,-76.03053840543751,-77.05648476740113,-83.87893243336488,-35.523300000000006,-4.629800000000003,12.510999999999996,920.3399999999997,-0.0385980181237369,-0.005030532194623731,0.01359388921485538,-0.030034878414499
VTLLLTLLGALLSAL,WT,LLLVTLLLTLLGALLIALILI,clash,,,,LLLVTLLLTLLGALLSALILI_0,110011001100110000,1,-78.4193,-68.8739,-74.1219,-228.539,-218.781,-235.375,-375.531,4457.55,3752.41,3682.65,-27.561,-9.60554,-96.1341,-97.4823,-66.0343,-28.2173,99.097,-39.423,7.65347,4.11069,4.09715,-9.60576,-35.1672,74.1308,-38.712,-385.137,7.5,1.78274,1.3947,0,LLLVTLLLTLLGALLSALILI,0.263059670684291,0.0006045278855241,G,1,8.743964054639557,-16.096723296473606,4.559179113426768,-19.325566128530973,-6.898095547419701,-28.16562354683776,-30.099800000000002,-4.29740000000001,6.836000000000013,705.1400000000003,-0.042686275065944336,-0.006094392602887382,0.009694528746064624,-0.03908585529114784
AGLLFLLLGVLLASL,Mutant,,void,3.0,LLLYGLLFLLLGVLLASLILI,0.0104385223961432,LLLAGLLFLLLGVLLASLILI_2,110011001100110000,1,-66.7303,-67.2192,-60.3826,-220.609,-217.23,-234.131,-345.43,4545.51,3562.66,3596.28,-27.4365,-10.5513,-85.5272,-71.5318,-50.9161,-68.7512,62.6455,-38.0847,7.15818,5.26983,4.70951,-21.2581,-65.984,55.7173,-41.1231,-364.754,6.918,3.91944,3.2552,2,LLLAGLLFLLLGVLLASLILI,0.2963213340567359,0.0005529470137986,G,7,-57.61139757280386,-65.04464108876348,-54.97923208000034,-62.87405078273145,-65.70203055006237,-71.71650482913792,-34.61109999999999,-6.347700000000003,13.521999999999991,982.8500000000004,-0.035215037899984716,-0.006458462634176121,0.013757948822302473,-0.027915246477081945
TVLLGALLGILLSAL,Mutant,,void,16.0,LLLTVLLGALLGILLSLLILI,-0.073967156364626,LLLTVLLGALLGILLSALILI_2,110011001100110000,1,-74.0235,-70.6542,-60.2863,-218.606,-215.897,-234.386,-357.942,4413.95,3597.27,3683.54,-27.3915,-18.404,-92.704,-89.7946,-63.2698,-70.8951,66.7195,-44.1029,6.89457,6.14139,5.64218,-18.5981,-63.7261,69.6712,-42.7158,-377.144,7.3752,5.46453,5.0096,2,LLLTVLLGALLGILLSALILI,0.4055683049303394,0.0005413659127652,G,6,-94.51965520478532,-94.8469758322148,-94.21554542045328,-94.56102939510536,-93.47335364875356,-93.863165979643,-29.434199999999997,-13.737200000000001,15.780000000000001,816.6799999999998,-0.03604128912181026,-0.016820786599402462,0.019322133516187497,-0.03354006465200569
YVLLALLLGTLLGFL,WT,LLLYVLLALLLITLLGFLILI,clash,,,,LLLYVLLALLLGTLLGFLILI_0,110011001100110000,1,-59.8141,-59.711,-58.7232,-232.845,-228.053,-245.129,-340.67,4630.28,3645.86,3602.07,-27.2545,-20.9266,-75.2653,-73.8332,-36.8178,-67.9928,46.4551,-38.4074,6.88534,2.97037,2.1672,-20.5644,-71.1719,34.5088,-41.0473,-361.597,6.9662,1.83447,0.852102,0,LLLYVLLALLLGTLLGFLILI,0.1655716418651434,0.0003127646882669,G,0,-57.61573471221247,-64.85648598141373,-64.36629046175948,-70.45380491584882,-68.46966821430263,-73.85617871166419,-38.4475,-1.0909000000000049,12.283999999999992,984.4199999999996,-0.03905599236098414,-0.0011081652140346654,0.012478413685215656,-0.027685845472460953
AALLALLLGTLLGFL,Mutant,,void,3.0,LLLYALLALLLGTLLGFLILI,-0.0078988717328475,LLLAALLALLLGTLLGFLILI_1,110011001100110000,1,-65.6867,-68.85,-58.7826,-214.9,-206.135,-232.545,-339.874,4478.41,3492.75,3426.47,-27.2194,91813.9,-86.5077,91749.0,-48.5467,-73.0033,50.4731,-32.9292,6.97244,4.26438,3.52147,82765.9,-61.4491,56.4783,-36.3969,238141.0,6.7439,3.34193,2.6891,1,LLLAALLALLLGTLLGFLILI,0.1853292153740955,0.0003406046020061,G,7,-79.64174429116775,-81.1915087937254,-82.01484462131673,-83.38395776035519,-79.28173892922811,-80.85890870356562,-37.961,-6.9041,17.644999999999982,985.6599999999999,-0.038513280441531565,-0.007004545177850375,0.017901710528985638,-0.027615404906357166
TSLLLGLLFALLAAL,Mutant,,void,16.0,LLLTSLLLGLLFALLAYLILI,-0.0348827141448138,LLLTSLLLGLLFALLAALILI_2,110011001100110000,1,-58.4521,-57.0359,-44.9453,-224.995,-224.742,-244.928,-346.942,4528.1,3756.08,3639.96,-27.1953,11622.5,-90.6908,11557.4,-57.0695,-38.9733,76.3844,-42.6235,7.34467,2.65789,2.30366,10411.6,-40.0595,64.5531,-38.0126,11304.0,7.2779,1.2236,0.691897,2,LLLTSLLLGLLFALLAALILI,0.2425124073487721,0.0004625268392361,G,6,-73.81569510376795,-77.6848220055637,-73.91888396439037,-77.7727631520237,-76.31443415898259,-79.81433458952343,-33.6213,-13.506799999999998,19.932999999999993,772.0200000000004,-0.04354977850314756,-0.017495401673531762,0.025819279293282534,-0.03522615994404288
AYLLGVLLGALLAFL,Mutant,,void,12.0,LLLAYLLGVLLGLLLAFLILI,-0.0372116237427799,LLLAYLLGVLLGALLAFLILI_1,110011001100110000,1,-55.8229,-54.8241,-44.9245,-213.575,-213.099,-236.968,-319.879,4523.96,3719.17,3646.44,-27.1859,-16.4675,-77.667,-68.4237,-37.9861,-96.5845,44.5052,-41.6147,6.55466,6.99588,6.16346,-21.182,-91.43,48.2927,-36.5962,-342.143,7.0472,6.73401,5.9584,1,LLLAYLLGVLLGALLAFLILI,1.163581255709902,0.0027568384561697,G,6,4281.581810307076,3615.863105123045,9367.853695011769,7929.348703985855,8335.428873912706,7053.7860721274765,-39.6809,-10.898399999999995,23.393,804.79,-0.04930590588849265,-0.01354191776736788,0.02906721007964811,-0.03378011655214404
TFLLAVLLGLLLGSL,WT,LLLTFLLAVLLILLLGSLILI,clash,,,,LLLTFLLAVLLGLLLGSLILI_0,110011001100110000,1,-67.4916,-67.9558,-60.2706,-224.601,-222.325,-240.694,-353.869,4576.44,3704.58,3540.11,-27.0086,17824.3,-88.7857,17760.7,-52.9043,-59.1896,55.9769,-46.5586,7.33995,2.93532,2.27497,16313.2,-62.877,50.983,-41.0408,17470.4,7.3408,2.81426,2.07901,0,LLLTFLLAVLLGLLLGSLILI,0.5976088697520819,0.0010791494940115,G,1,-90.54085985959806,-92.18329420677642,-90.39429709862068,-92.06217981732895,-91.10238455470666,-92.64731876631816,-35.881400000000006,-7.221000000000004,16.09299999999999,871.8599999999997,-0.04115500194985436,-0.008282293028697275,0.01845823870804945,-0.030978138691991848
VALLALLLGTLLSFL,WT,LLLVALLALLLITLLSFLILI,clash,,,,LLLVALLALLLGTLLSFLILI_0,110011001100110000,1,-74.0371,-74.0769,-74.0748,-225.467,-222.325,-237.392,-363.757,4533.23,3638.66,3589.65,-27.0071,-22.8188,-91.2598,-90.1735,-52.2907,-65.1475,61.5042,-37.6164,6.60817,4.57519,3.99776,-22.7339,-68.1464,52.7276,-38.529,-386.576,6.6534,3.84019,3.1311,0,LLLVALLALLLGTLLSFLILI,0.2699835157571664,0.0006639796974248,G,1,-93.74619893497558,-95.93719276717331,-93.1187410303858,-95.52956219393384,-92.4669756319296,-95.1061401586914,-38.9691,0.037700000000000955,11.924999999999983,894.5699999999997,-0.04356182299875919,4.2143152576099093e-05,0.013330426909017725,-0.03019003543601955
AALLFSLLGLLLGTL,WT,LLLAALLFSLLGLLLITLILI,clash,,,,LLLAALLFSLLGLLLGTLILI_0,110011001100110000,1,-81.6033,-79.3024,-74.0983,-223.892,-213.762,-233.91,-354.98,4478.19,3694.36,3679.1,-26.9172,-11.2466,-76.4018,-73.1613,-46.9713,-51.9674,74.0913,-37.3657,6.64975,4.29744,3.90881,-11.0696,-43.753,64.4796,-35.9038,-366.226,6.884,1.7677,1.23489,0,LLLAALLFSLLGLLLGTLILI,0.2832607482050228,0.0005377063243451,G,0,-48.35315425148143,-58.03593924411757,-47.9015355660448,-57.66899033021031,-57.204964906520885,-65.22820654997327,-29.430499999999995,-7.50500000000001,10.018,783.8299999999995,-0.037547044639781604,-0.009574780245716565,0.012780832578492794,-0.03434060957095291
YVLLALLLGALLGTL,Mutant,,void,7.0,LLLYVLLFLLLGALLGTLILI,-0.1313751092064673,LLLYVLLALLLGALLGTLILI_0,110011001100110000,1,-68.8595,-70.5456,-58.7437,-225.983,-216.535,-240.121,-347.768,4568.38,3898.58,3711.69,-26.7295,-8.47745,-79.6553,-69.1651,-48.9038,-40.6484,74.2742,-46.7588,6.45347,2.62428,2.23839,-7.03322,-41.6132,59.4908,-39.8529,-356.246,6.5091,0.773238,0.1656,0,LLLYVLLALLLGALLGTLILI,0.2856734431398916,0.0004244286304774,G,7,95.05052632837672,91.95857704799884,106.22468883712244,102.95560625504004,97.21524517709824,94.0889806810041,-30.7515,-10.1158,14.138000000000005,669.8000000000002,-0.04591146610928634,-0.015102717229023585,0.02110779337115557,-0.03990668856375036
LVLLTGLLFGLLYAL,WT,LLLLVLLTGLLFILLYALILI,clash,,,,LLLLVLLTGLLFGLLYALILI_0,110011001100110000,1,-58.7605,-58.7605,-58.7605,-231.328,-219.986,-240.497,-338.361,4611.05,3752.18,3584.7,-26.5088,-12.8994,-74.7812,-72.5138,-39.1039,-29.8613,95.0993,-41.8286,7.24525,3.8176,3.74409,-12.958,-36.3206,72.3714,-40.8966,-351.261,7.2598,1.71823,1.3038,0,LLLLVLLTGLLFGLLYALILI,0.2986414769797223,0.0004284060719969,G,0,-64.64408726791726,-64.42935778449699,-68.67336075029887,-68.48310252915337,-70.72900671829994,-70.55123319243437,-35.677299999999995,0.0,9.169000000000011,858.8700000000003,-0.04153981394157437,0.0,0.010675655221395563,-0.030864740880459197
YALLGVLLGTLLGLL,Mutant,,void,4.0,LLLYFLLGVLLGTLLGLLILI,0.7543973861871625,LLLYALLGVLLGTLLGLLILI_0,110011001100110000,1,-66.6981,-68.1971,-58.6992,-219.673,-210.84,-239.503,-344.129,4528.94,3624.44,3731.44,-26.4896,-12.521,-84.2473,-77.6125,-45.9261,-79.9355,46.0668,-50.3929,7.1906,4.70935,3.90035,-12.8112,-83.9549,29.1297,-45.0,-356.65,7.4713,3.02575,1.9627,0,LLLYALLGVLLGTLLGLLILI,0.3213222699361336,0.0009791112362296,G,6,-79.89338836747667,-77.24946020141378,-78.93844515638413,-76.16894629253572,-76.3756428153766,-73.26914707620776,-38.3212,-7.998899999999999,19.829999999999984,904.4999999999995,-0.04236727473742401,-0.008843449419568826,0.02192371475953565,-0.029286456605859604
AFLLAVLLGLLLGTL,Mutant,,void,3.0,LLLYFLLAVLLGLLLGTLILI,-0.3270496720169658,LLLAFLLAVLLGLLLGTLILI_1,110011001100110000,1,-62.5968,-61.1499,-58.7556,-221.057,-219.873,-234.927,-341.493,4552.11,3484.67,3494.86,-26.4019,-24.0193,-84.2407,-84.4895,-47.8102,-72.8983,36.2782,-41.7344,6.86449,2.3323,1.37647,-20.116,-71.1719,34.5088,-41.0473,-363.227,6.9662,1.83447,0.852102,1,LLLAFLLAVLLGLLLGTLILI,0.5910746626901269,0.0005431799570876,G,7,-87.43731423197741,,-85.97887964160631,,-85.1831897457826,,-36.4305,-3.8412000000000006,13.870000000000005,1067.4399999999996,-0.03412885033350822,-0.0035985160758450143,0.01299370456419097,-0.024733849209323252
FALLASLLGILLTLL,WT,LLLFALLASLLGILLILLILI,clash,,,,LLLFALLASLLGILLTLLILI_2,110011001100110000,1,-77.1749,-77.9528,-74.1364,-220.679,-217.49,-237.372,-364.881,4562.89,3642.58,3678.2,-26.3468,-4.50382,-93.3745,-73.9422,-53.3732,-70.3327,61.8423,-41.024,6.77693,5.39862,4.82625,-9.4575,-63.0433,66.4747,-39.1069,-376.887,7.1192,4.93058,4.4277,2,LLLFALLASLLGILLTLLILI,0.1796277429387767,0.0004674064198013,G,0,-74.3760159312076,-81.31730648232244,-78.63130230445526,-84.419876751173,-79.06200410452762,-84.73390558082967,-40.0013,-3.038499999999999,16.693000000000012,920.3100000000004,-0.043465028088361515,-0.003301604894003105,0.018138453347241696,-0.028628179635122937
LTLLVGLLFALLAGL,Mutant,,void,15.0,LLLLTLLVGLLFALLYGLILI,-0.1494050941843192,LLLLTLLVGLLFALLAGLILI_1,110011001100110000,1,-52.9447,-48.9606,-44.9471,-221.782,-221.028,-233.969,-330.402,4556.18,3764.15,3698.22,-26.2418,-20.1205,-81.9168,-80.5334,-51.4854,-43.4685,79.99,-41.9698,7.33795,3.81892,3.51877,-13.8091,-33.3677,74.3197,-39.8132,-344.147,7.0315,1.53831,1.15311,1,LLLLTLLVGLLFALLAGLILI,0.3883514398015246,0.0009107205809732,G,7,-72.77728984002991,-74.19455497980381,-73.60650905693359,-74.98060349539074,-75.97648547119526,-77.22719451068657,-30.431399999999996,-7.9975999999999985,12.186999999999983,792.0300000000002,-0.03842202946858072,-0.01009759731323308,0.015387043420072447,-0.033132330846053805
VTLLLGLLFALLSTL,WT,LLLVTLLLILLFALLSTLILI,clash,,,,LLLVTLLLGLLFALLSTLILI_0,110011001100110000,1,-82.967,-82.4298,-74.2333,-227.603,-222.444,-240.028,-367.556,4533.91,3693.25,3587.76,-26.1611,-19.7079,-83.1476,-82.3899,-53.2951,-38.0369,81.7087,-40.6455,7.55506,3.23621,2.96184,-19.2501,-35.3319,75.5554,-40.8432,-387.264,7.5,1.99977,1.6331,0,LLLVTLLLGLLFALLSTLILI,0.2333883002971248,0.0008042248075772,G,1,-72.77198422341365,-71.06166350535868,-70.32712893203953,-68.46323526574648,-77.68236477215625,-76.28048832910682,-29.8525,-8.733699999999999,12.424999999999983,840.6599999999999,-0.03551078914186473,-0.01038909904122951,0.014780053767278074,-0.031119715461661084
VALLFALLGALLGTL,Mutant,,void,12.0,LLLVALLFALLGLLLGTLILI,0.0935170374271469,LLLVALLFALLGALLGTLILI_0,110011001100110000,1,-67.5048,-67.5998,-58.7454,-218.024,-207.756,-230.078,-331.165,4482.41,3737.25,3700.72,-26.0175,-9.53292,-71.6537,-65.3417,-42.3409,-44.2995,82.416,-43.0937,6.49434,4.27109,4.00733,-8.28543,-48.7411,63.2863,-39.7126,-340.698,6.542,2.35481,1.8041,0,LLLVALLFALLGALLGTLILI,0.2877241350146451,0.0014105780023428,G,6,-64.13664210073226,-69.23630412223213,-60.03986468388649,-65.7220761772431,-61.645749041364304,-67.09960859144351,-29.312800000000003,-8.759400000000007,12.054000000000002,745.1599999999999,-0.03933759192656612,-0.011755059316120038,0.01617639164743143,-0.03491532019968866
SALLGLLLGFLLGTL,Mutant,,void,4.0,LLLSYLLGLLLGFLLGTLILI,0.2235767648998334,LLLSALLGLLLGFLLGTLILI_0,110011001100110000,1,-73.5732,-62.3793,-58.7136,-215.109,-218.093,-241.945,-347.183,4474.98,3464.33,3615.91,-26.0109,-13.3821,-84.5117,-80.0927,-46.5247,-90.9676,27.5723,-31.3688,6.69436,3.86741,2.781,-13.5785,-87.8363,33.3963,-37.1588,-360.565,7.4752,4.18395,3.1849,0,LLLSALLGLLLGFLLGTLILI,1.1207381806341326,0.0004845157236516,G,6,-66.20441470667205,-66.7623672140218,-61.2711042073733,-61.91050383092856,-55.781598815901454,-56.511628125869805,-37.987,-14.8596,26.835999999999984,1010.6499999999996,-0.03758670162766538,-0.014703012912482072,0.02655320833127195,-0.02573680304754367
YALLALLLGTLLSFL,WT,LLLYALLALLLITLLSFLILI,clash,,,,LLLYALLALLLGTLLSFLILI_0,110011001100110000,1,-74.1668,-74.0211,-74.0925,-232.841,-225.822,-246.272,-356.494,4634.81,3896.42,3676.76,-25.9788,-18.9588,-75.4644,-75.6098,-36.1297,-63.2106,79.0996,-38.353,7.20802,6.66003,6.34652,-18.7226,-66.9322,64.0684,-37.8112,-375.453,7.282,5.18907,4.6501,0,LLLYALLALLLGTLLSFLILI,0.2055684327641629,0.0006843374374151,G,0,-98.43597616237123,-98.97525499553288,-98.55944255901014,-99.05614990910854,-98.59809948573172,-99.08147784311628,-39.3347,-0.07429999999999382,13.430999999999983,738.3900000000003,-0.05327090020179036,-0.00010062433131542109,0.0181895746150408,-0.035183033356356384
YGLLFLLLGVLLITL,Mutant,,clash,15.0,LLLYGLLFLLLGVLLATLILI,0.232317147860813,LLLYGLLFLLLGVLLITLILI_2,110011001100110000,1,-58.8381,-58.8381,-58.8381,-243.001,-243.307,-249.761,-346.751,4711.72,3812.9,3609.51,-25.939,88.231,-70.8505,43.6246,-38.1521,-75.7346,53.1876,-46.634,8.01628,5.04052,4.33833,79.5796,-73.2508,43.1479,-42.798,-233.405,7.4823,3.31258,2.4598,2,LLLYGLLFLLLGVLLITLILI,0.1585805416217779,0.0010943100766774,G,6,-34.414853007653534,-40.60787444495143,-50.69106623771289,-55.347170521138246,-73.21217878366595,-75.7416775903183,-32.6984,0.0,6.759999999999991,898.8200000000002,-0.036379252798113076,0.0,0.007520971940989285,-0.028858948399012034
YALLALLLGTLLSAL,Mutant,,void,16.0,LLLYALLALLLGTLLSFLILI,-0.0137365413287467,LLLYALLALLLGTLLSALILI_2,110011001100110000,1,-76.2305,-75.1217,-74.0925,-229.888,-219.565,-241.257,-362.623,4583.53,3767.1,3702.64,-25.721,-11.5222,-82.2258,-79.4589,-47.2738,-72.045,70.5681,-37.6361,7.38039,6.83345,6.39197,-16.4725,-66.9322,64.0684,-37.8112,-378.993,7.282,5.18907,4.6501,2,LLLYALLALLLGTLLSALILI,0.2193049740929096,0.0001031022113298,G,6,-88.31059460092644,-90.0557488237419,-88.7760316185643,-90.45169904123424,-89.34879878507763,-90.93895569586049,-34.952000000000005,-2.1380000000000052,11.369,816.4299999999998,-0.042810773734429174,-0.002618718077483686,0.013925259973298387,-0.03150423183861446
YVLLATLLGGLLFAL,Mutant,,void,16.0,LLLYVLLATLLGGLLFLLILI,0.0298853958116218,LLLYVLLATLLGGLLFALILI_1,110011001100110000,1,-66.9286,-63.2546,-58.655,-224.09,-218.336,-241.1,-327.934,4619.23,3942.94,3762.77,-25.6546,-16.7276,-62.5704,-63.0714,-28.1794,-52.1186,63.5311,-43.794,6.38334,2.89449,2.34746,-15.7323,-42.5413,66.4514,-37.8047,-343.978,6.7945,1.85213,1.3489,1,LLLYVLLATLLGGLLFALILI,0.1643709929132956,0.0003499697118953,G,7,-52.06725330021968,-56.92671494389665,-52.59991181858536,-57.40537209957412,-56.88041848541775,-61.25191744778527,-34.391,-8.273600000000002,17.00999999999999,676.2899999999995,-0.050852444957045086,-0.012233805024471762,0.025151931863549665,-0.03793431811796717
VGLLAALLGILLTLL,Mutant,,void,7.0,LLLVGLLFALLGILLTLLILI,-0.1299767259145605,LLLVGLLAALLGILLTLLILI_2,110011001100110000,1,-60.4151,-62.0935,-58.7972,-221.48,-217.999,-233.384,-359.37,4470.62,3682.49,3657.24,-25.5204,-20.1163,-102.995,-99.393,-67.1889,-69.8694,63.6045,-41.6711,6.89532,5.56702,5.02109,-20.5682,-65.6894,61.9546,-41.2702,-380.459,6.9355,4.71728,4.1466,2,LLLVGLLAALLGILLTLLILI,0.4816977936618958,0.0008388649790685,G,6,-80.3447606114358,-83.61027343794275,-79.70540009288432,-83.07713599471573,-78.09866109552162,-81.7373399076383,-35.8061,-1.617900000000006,11.903999999999996,788.1300000000001,-0.04543171811756943,-0.0020528339233375275,0.015104107190438119,-0.03238095238095237
ALLLTVLLGGLLFSL,WT,LLLALLLTVLLGILLFSLILI,clash,,,,LLLALLLTVLLGGLLFSLILI_0,110011001100110000,1,-74.0376,-73.3007,-74.0963,-226.291,-217.066,-235.968,-357.368,4539.15,3746.58,3540.1,-25.5002,-9.60408,-82.5393,-76.6054,-47.3035,-23.9843,92.5128,-44.895,7.18788,2.58686,2.47456,-9.41569,-30.525,71.559,-44.3251,-366.972,7.1169,0.739215,0.3126,0,LLLALLLTVLLGGLLFSLILI,0.2499502755160115,0.0003732089723093,G,0,-58.17121819859812,-64.42937207193995,-57.96744928719596,-64.25608975725994,-56.349459701902326,-62.88017338935779,-35.2358,0.05870000000000175,9.676999999999992,792.5699999999997,-0.04445765042835335,7.406285880111759e-05,0.012209647097417257,-0.03217406664395575
AGLLFLLLGTLLSYL,WT,LLLAGLLFLLLGTLLIYLILI,clash,,,,LLLAGLLFLLLGTLLSYLILI_0,110011001100110000,1,-78.4919,-75.1791,-74.1054,-225.202,-224.282,-241.571,-352.215,4582.51,3655.13,3608.75,-25.4222,-17.2779,-73.9431,-70.0317,-36.5381,-71.5582,55.9458,-36.2558,6.98874,4.78641,4.1256,-16.5443,-64.7067,61.3173,-36.5921,-369.492,7.395,4.48384,3.9036,0,LLLAGLLFLLLGTLLSYLILI,0.1266419601666115,0.000485941880015,G,0,8.231531552747729,-3.545547624903464,1.951847772215152,-9.141915443507692,-37.68005969487931,-44.46132630720851,-37.405,-4.386499999999998,16.369,927.3800000000001,-0.04033405939312903,-0.004729992020530955,0.01765080118182406,-0.02741292673984774
AALLGLLLGTLLTVL,Mutant,,void,4.0,LLLAFLLGLLLGTLLTVLILI,0.2047570955396074,LLLAALLGLLLGTLLTVLILI_1,110011001100110000,1,-76.9008,-76.8361,-72.4773,-221.453,-217.289,-232.583,-362.722,4435.4,3685.25,3661.66,-25.4113,-17.01,-89.7799,-85.6075,-57.6622,-70.8045,60.4233,-37.1835,6.80891,5.27781,4.68416,-16.3743,-63.2674,60.5559,-36.2287,-379.485,7.0661,4.16516,3.5735,1,LLLAALLGLLLGTLLTVLILI,1.081155668186757,0.0009726621127313,G,6,-92.5845226407606,-95.42562275547012,-90.93950648782204,-94.41086347668808,-90.38396843663268,-94.06816933891086,-32.1177,-4.423500000000004,11.129999999999995,750.1499999999996,-0.0428150369926015,-0.005896820635872834,0.014837032593481304,-0.03387495834166502
LVLLTTLLGGLLFAL,WT,LLLLVLLTTLLGGLLFILILI,clash,,,,LLLLVLLTTLLGGLLFALILI_1,110011001100110000,1,-76.8233,-75.9748,-72.5234,-221.318,-223.069,-236.744,-352.976,4545.39,3794.94,3648.94,-25.3189,-25.199,-80.154,-79.1315,-43.709,-43.0583,70.3275,-46.1708,6.88295,2.45296,2.00788,-17.0205,-38.0441,72.2659,-45.0,-372.722,7.1084,1.96251,1.5465,1,LLLLVLLTTLLGGLLFALILI,0.2741068911448245,0.0006158468387499,G,0,-58.34941529983835,-60.99291299283187,-56.31303882281743,-59.08578215684634,-62.73438451979562,-65.09957505095093,-36.44499999999999,-4.299900000000008,15.425999999999988,750.4500000000003,-0.04856419481644344,-0.00572976214271438,0.020555666600039952,-0.03373829035911785
AVLLALLLGTLLGFL,Mutant,,void,3.0,LLLYVLLALLLGTLLGFLILI,-0.1023797343406974,LLLAVLLALLLGTLLGFLILI_2,110011001100110000,1,-62.3994,-60.4603,-58.7232,-222.037,-223.693,-234.433,-343.658,4478.69,3638.64,3497.59,-25.2061,-18.6232,-84.4272,-78.1277,-50.5012,-72.8993,37.138,-42.0213,6.75325,2.44853,1.5056,-20.1114,-71.1719,34.5088,-41.0473,-363.657,6.9662,1.83447,0.852102,2,LLLAVLLALLLGTLLGFLILI,0.2679513762058408,0.0003130183578722,G,6,-78.71257455871847,-78.38030902817985,-78.68552637838391,-78.35283866536889,-76.90716264894809,-76.54671728296177,-33.926,-3.6762000000000015,12.395999999999987,840.0499999999997,-0.04038569132789716,-0.004376168085233025,0.014756264508064986,-0.03000547586453188
VALLALLLGTLLIFL,Mutant,,clash,15.0,LLLVALLALLLGTLLSFLILI,-0.0327788144840163,LLLVALLALLLGTLLIFLILI_0,110011001100110000,1,-58.8078,-62.1146,-58.8078,-235.285,-224.328,-239.384,-355.997,4579.43,3772.51,3544.41,-25.1957,41.7817,-87.1001,-27.7729,-57.8051,-59.1118,75.5301,-43.2464,7.34456,5.56334,5.19629,26.8329,-68.1464,52.7276,-38.529,-314.215,6.6534,3.84019,3.1311,0,LLLVALLALLLGTLLIFLILI,0.3027623302411827,0.0014127110392094,G,7,-60.445996689372016,-62.71763679382726,-66.94402973296252,-68.84247897868288,-72.93326112138462,-74.48774067812167,-29.294999999999995,0.0,4.0989999999999895,806.9200000000001,-0.03630471422197987,0.0,0.005079809646557266,-0.031224532791354776
YLLLGALLAFLLSTL,WT,LLLYLLLGALLIFLLSTLILI,clash,,,,LLLYLLLGALLAFLLSTLILI_0,110011001100110000,1,-74.6746,-75.4661,-74.0462,-230.061,-221.931,-245.215,-355.02,4624.31,3790.15,3709.56,-25.0501,-13.8429,-75.3339,-71.4655,-35.7582,-77.654,66.9831,-42.4094,7.35468,7.19083,6.69557,-13.9425,-74.4436,60.1664,-43.4591,-368.862,7.3574,5.789,5.1915,0,LLLYLLLGALLAFLLSTLILI,0.1643689064363067,0.0004154970563545,G,0,-69.7894419187446,-77.04451707435513,-75.24155397184776,-81.18730267954284,-81.04072608350677,-85.59380175956687,-39.5757,-0.6283999999999992,15.153999999999996,834.1600000000003,-0.04744377577443174,-0.000753332693967583,0.018166778555672763,-0.030030329912726566
YVLLFLLLGALLGTL,WT,LLLYVLLFLLLIALLGTLILI,clash,,,,LLLYVLLFLLLGALLGTLILI_2,110011001100110000,1,-63.7157,-70.5456,-58.7437,-225.461,-219.991,-244.948,-340.981,4619.64,3910.04,3724.47,-25.0459,-10.2027,-76.8503,-60.6474,-37.2894,-50.5164,54.6065,-48.0498,6.43778,1.44933,0.768431,-6.37181,-41.6132,59.4908,-39.8529,-351.184,6.5091,0.773238,0.1656,2,LLLYVLLFLLLGALLGTLILI,0.1542983339334243,0.0007098404071209,G,1,125.43756388550769,124.29758175537332,90.3984999296722,89.43570169949595,17.359920650361286,16.766460492127212,-39.560900000000004,-4.972000000000001,19.486999999999995,709.6000000000004,-0.05575098647125139,-0.007006764374295376,0.02746195039458848,-0.035295800450958266
VALLLTLLGGLLAAL,Mutant,,void,15.0,LLLVALLLTLLGGLLFALILI,-0.0331401512070055,LLLVALLLTLLGGLLAALILI_0,110011001100110000,1,-64.1119,-61.3499,-58.7189,-224.646,-212.906,-229.088,-352.181,4433.45,3801.37,3761.7,-25.0353,-10.8982,-88.4575,-88.8227,-64.3733,-34.7537,95.2609,-45.6788,6.78576,4.57328,4.50219,-10.7971,-38.0441,72.2659,-45.0,-363.079,7.1084,1.96251,1.5465,0,LLLVALLLTLLGGLLAALILI,0.3428422815105619,0.000503372521751,G,6,-62.97607561776618,-66.89322752962723,-58.4066954029308,-62.80729029776075,-55.30927514300086,-60.03757883411509,-24.084199999999996,-5.393000000000008,4.442000000000007,632.0799999999999,-0.03810308821668143,-0.008532147829388699,0.00702759144412101,-0.03960780280977092
AVLLGALLGTLLSFL,Mutant,,void,3.0,LLLLVLLGALLGTLLSFLILI,-0.5043094439286512,LLLAVLLGALLGTLLSFLILI_2,110011001100110000,1,-85.5301,-83.2548,-74.0199,-218.071,-217.347,-232.474,-349.464,4425.72,3678.75,3648.43,-24.9806,-18.7746,-70.8433,-67.6362,-42.9697,-67.796,67.8446,-39.4781,6.87775,5.82842,5.34609,-14.7676,-62.3587,69.782,-39.5227,-365.558,7.3379,5.27437,4.8211,2,LLLAVLLGALLGTLLSFLILI,0.94059032112487,0.0011884116735622,G,6,-97.42129493903283,-97.91381924147096,-97.2423704913864,-97.7690687829713,-96.76575701923788,-97.3834869380747,-27.873599999999996,-11.510199999999998,14.402999999999992,746.9700000000003,-0.037315554841559885,-0.015409186446577497,0.019281898871440602,-0.033442574668326695
LVLLGALLGTLLSFL,WT,LLLLVLLGALLITLLSFLILI,clash,,,,LLLLVLLGALLGTLLSFLILI_0,110011001100110000,1,-83.0368,-80.9268,-74.0199,-223.859,-214.367,-235.631,-357.897,4506.31,3834.13,3699.71,-24.9299,-12.7055,-75.9312,-75.309,-48.2463,-60.5523,83.5304,-40.9545,7.18981,6.85946,6.61241,-11.8629,-62.3587,69.782,-39.5227,-370.603,7.3379,5.27437,4.8211,0,LLLLVLLGALLGTLLSFLILI,0.4362808771962188,0.000557865889596,G,0,-90.33569476813248,-90.4757109275742,-91.08690067655176,-91.2160333877038,-90.76219178171998,-90.89602886543685,-27.684900000000006,-9.016899999999993,11.771999999999991,672.1800000000003,-0.04118673569579576,-0.013414412806093588,0.01751316611621885,-0.03708813115534528
YVLLALLLGTLLGAL,Mutant,,void,16.0,LLLYVLLALLLGTLLGFLILI,-0.0816585807076354,LLLYVLLALLLGTLLGALILI_0,110011001100110000,1,-58.7232,-59.711,-58.7232,-232.417,-223.03,-240.099,-348.082,4573.91,3680.19,3634.85,-24.7661,-19.1873,-81.7082,-84.5287,-49.2597,-67.9131,51.8122,-41.4434,7.03817,3.68161,2.9588,-19.3456,-71.1719,34.5088,-41.0473,-367.27,6.9662,1.83447,0.852102,0,LLLYVLLALLLGTLLGALILI,0.2472302225727788,0.0006959455505885,G,6,-55.051964224449264,-58.73342814084494,-54.41157911048761,-58.14549369906435,-59.992025634057846,-63.26887436515225,-32.4485,0.0,7.681999999999988,893.7199999999998,-0.03630723269032808,0.0,0.008595533276641441,-0.027711251846215826
TSLLLGLLFALLAYL,WT,LLLTSLLLGLLFILLAYLILI,clash,,,,LLLTSLLLGLLFALLAYLILI_1,110011001100110000,1,-59.6874,-60.0854,-44.9453,-230.963,-227.518,-252.168,-345.666,4605.82,3735.17,3614.36,-24.7309,11715.5,-79.7461,11657.4,-48.5523,-39.6426,75.7982,-42.8622,7.44851,2.67915,2.31612,8387.79,-40.0595,64.5531,-38.0126,11299.5,7.2779,1.2236,0.691897,1,LLLTSLLLGLLFALLAYLILI,0.2076296932039583,0.0008090737937963,G,0,-65.98526236863523,-73.63076270707603,-68.29708594750333,-75.42295717264021,-71.44781725049,-77.8654978817618,-31.193799999999996,-14.742099999999994,21.205000000000013,870.6499999999996,-0.03582817435249527,-0.016932291965772697,0.02435536668006664,-0.028405099638201353
TVLLASLLGALLFGL,WT,LLLTVLLASLLIALLFGLILI,clash,,,,LLLTVLLASLLGALLFGLILI_0,110011001100110000,1,-67.9833,-66.8896,-60.1977,-218.609,-214.883,-234.877,-342.932,4509.99,3859.34,3732.26,-24.7308,-15.886,-81.0699,-77.0452,-47.8573,-54.7627,61.8229,-43.3138,7.03374,3.06049,2.48783,-13.5065,-47.3686,64.4721,-36.7023,-358.818,7.1956,2.30902,1.7761,0,LLLTVLLASLLGALLFGLILI,0.2362343554969178,0.0008636560358397,G,0,-77.7290589616711,-78.88780973845434,-77.8452988778007,-78.99800172455367,-74.99498317017476,-76.295987138762,-33.2126,-7.785600000000002,16.268,650.6499999999996,-0.05104526242987784,-0.011965880273572592,0.02500268961807425,-0.03800937524014449
AFLLAVLLGLLLGSL,Mutant,,void,3.0,LLLYFLLAVLLGLLLGSLILI,-0.3875082295527077,LLLAFLLAVLLGLLLGSLILI_0,110011001100110000,1,-64.1054,-62.1583,-60.2613,-218.601,-211.599,-233.845,-344.275,4526.56,3534.24,3446.7,-24.6429,-13.0138,-86.2117,-83.5319,-50.1692,-73.5321,44.3659,-38.1225,7.33225,3.5192,2.68469,-12.5624,-72.2097,37.011,-35.0,-357.289,7.3038,2.32794,1.3831,0,LLLAFLLAVLLGLLLGSLILI,0.6204341886135849,0.0003890265471945,G,6,-89.43629377061201,-92.29844702724004,-88.47080492068345,-91.59454980018084,-87.57952814662822,-90.9447574697504,-36.0425,-3.8441000000000045,15.244,992.3200000000006,-0.03632144872621732,-0.0038738511770396666,0.015361980006449522,-0.024833622218639134
YSLLFALLGALLTLL,WT,LLLYSLLFALLGALLILLILI,clash,,,,LLLYSLLFALLGALLTLLILI_0,110011001100110000,1,-62.2456,-65.7597,-58.8315,-230.217,-219.368,-246.009,-344.564,4624.23,3953.6,3700.4,-24.6116,180.647,-76.7128,121.21,-39.7239,-62.892,77.3466,-48.422,7.15863,6.37559,6.03579,148.893,-60.6829,69.0631,-38.9844,-163.918,7.1168,4.92595,4.4619,0,LLLYSLLFALLGALLTLLILI,0.3441387064133676,0.0004849104718438,G,1,-88.45035400831523,-90.36119802484764,-89.47470590177825,-91.21607488090632,-91.91406157359089,-93.25184864267312,-36.9889,-3.414100000000005,15.791999999999973,670.6299999999997,-0.05515545084472812,-0.005090884690514899,0.02354800709780353,-0.03669922311856018
TALLVGLLGGLLFLL,WT,LLLTALLVILLGGLLFLLILI,clash,,,,LLLTALLVGLLGGLLFLLILI_0,110011001100110000,1,-53.4197,-52.1578,-44.9383,-221.659,-220.442,-238.3,-336.348,4574.35,3827.11,3695.05,-24.5791,-21.724,-85.8484,-85.4723,-53.1098,-48.8715,63.288,-48.5633,6.45213,2.37461,1.82392,-21.402,-45.1876,67.311,-43.6659,-358.072,6.6072,2.36513,1.8748,0,LLLTALLVGLLGGLLFLLILI,0.2806276581102362,0.0003675537035263,G,0,-56.9748350645292,-67.89326419888273,-56.60772189603718,-67.61931276772467,-55.66738643349369,-66.91760477182073,-32.7386,-8.4814,16.64100000000002,747.2400000000002,-0.04381269739307316,-0.011350302446335846,0.02226995342861733,-0.03289318023660403
YLLLGALLGVLLSTL,WT,LLLYLLLGALLIVLLSTLILI,clash,,,,LLLYLLLGALLGVLLSTLILI_0,110011001100110000,1,-85.0683,-75.197,-74.1216,-218.574,-218.122,-241.69,-363.156,4543.33,3750.11,3730.98,-24.5391,-8.50714,-84.0526,-78.3436,-47.344,-78.3477,57.2338,-51.5901,6.2866,5.97871,5.33721,-8.28905,-68.8165,69.6202,-43.3499,-371.663,7.0847,6.2212,5.7655,0,LLLYLLLGALLGVLLSTLILI,0.8307594132301489,0.002037024158006,G,0,-85.94633346170836,-91.0040651166099,-86.84438775804291,-91.57892136138858,-88.81034482854554,-92.8373560724723,-36.7086,-10.946699999999993,23.115999999999985,793.2199999999998,-0.04627795567434004,-0.013800332820655046,0.029141978265802667,-0.030936058092332526
YGLLFALLGTLLSAL,Mutant,,void,16.0,LLLYGLLFALLGTLLSLLILI,0.013275677533852,LLLYGLLFALLGTLLSALILI_1,110011001100110000,1,-83.868,-76.1837,-74.0094,-224.064,-220.996,-241.06,-340.258,4564.31,3765.03,3769.15,-24.4508,-12.2456,-56.7763,-55.3229,-25.1884,-67.1969,63.8628,-39.6362,6.54564,5.20101,4.65895,-12.1658,-64.5043,61.457,-37.6682,-355.611,6.656,4.47234,3.89419,1,LLLYGLLFALLGTLLSALILI,0.1587367909956624,0.0005853797769903,G,6,-67.08964801968187,-73.71812007897168,-67.0462062399831,-73.6834279055704,-72.63051367393615,-78.14300030725823,-31.587899999999998,-9.858599999999996,16.99600000000001,799.2800000000002,-0.03952044339905914,-0.012334350915824233,0.021264137723951564,-0.030591031928735857
ATLLVGLLFLLLGTL,WT,LLLATLLVGLLFILLGTLILI,clash,,,,LLLATLLVGLLFLLLGTLILI_1,110011001100110000,1,-66.3627,-64.3186,-58.7666,-223.202,-220.549,-241.434,-347.92,4590.99,3759.17,3538.31,-24.4198,-12.3683,-82.7751,-75.4207,-47.7193,-42.6203,70.982,-38.1949,7.52582,2.47561,2.04034,-13.8394,-39.5918,66.1876,-38.1472,-359.454,7.1158,1.37409,0.866903,1,LLLATLLVGLLFLLLGTLILI,0.3870106533644638,0.0001673729352401,G,0,-83.2014308539116,-85.60964881051345,-84.03193688247835,-86.32109472665827,-86.16001897599017,-88.14409812768447,-35.0558,-7.596100000000007,18.232,831.8199999999997,-0.04214349258252988,-0.009131903536822882,0.021918203457478788,-0.029357072443557508
TALLVGLLGGLLFAL,Mutant,,void,16.0,LLLTALLVGLLGGLLFLLILI,-0.4728390697074032,LLLTALLVGLLGGLLFALILI_2,110011001100110000,1,-53.2091,-53.1888,-44.9383,-218.242,-217.594,-234.278,-325.298,4515.27,3871.7,3702.0,-24.3219,-23.519,-78.1695,-78.0347,-46.0822,-50.1068,64.7379,-47.2692,6.47069,2.75564,2.2267,-21.4158,-45.1876,67.311,-43.6659,-346.604,6.6072,2.36513,1.8748,2,LLLTALLVGLLGGLLFALILI,0.7534667278176395,0.000751496559897,G,6,-84.19614866861957,-87.15004084165807,-81.82339832684129,-85.22078041358434,-79.63227784845179,-83.43920147640432,-32.0873,-8.270800000000001,16.036,643.5700000000006,-0.04985829047345272,-0.01285143807200459,0.024917258417887698,-0.037792159361064025
TVLLAILLGLLLGFL,WT,LLLTVLLAILLILLLGFLILI,clash,,,,LLLTVLLAILLGLLLGFLILI_2,110011001100110000,1,-52.0582,-52.6571,-44.964,-224.166,-221.209,-240.911,-347.61,4515.9,3789.32,3609.58,-24.2915,-11.9696,-95.6772,-85.7135,-61.7352,-67.1264,48.9998,-48.6068,6.84146,3.18393,2.41893,-18.1239,-71.1566,42.8294,-43.0573,-365.782,7.0278,2.95546,2.0979,2,LLLTVLLAILLGLLLGFLILI,0.3459769548974685,0.00071231571876,G,0,-65.37174502700097,-71.5087003180787,-64.5771195522857,-70.85490148955977,-66.20352638542488,-72.19307011872762,-33.942,-7.094200000000001,16.745000000000005,726.5799999999995,-0.046714745795370126,-0.009763825043353802,0.023046326626111394,-0.03343265710589339
ATLLVGLLFGLLFLL,WT,LLLATLLVGLLFILLFLLILI,clash,,,,LLLATLLVGLLFGLLFLLILI_0,110011001100110000,1,-52.4445,-52.6274,-45.0114,-223.471,-223.134,-240.866,-328.557,4630.06,3699.82,3567.23,-24.2877,69.3824,-76.9285,16.5872,-42.679,-40.8563,81.4035,-39.6227,7.55352,3.61792,3.33897,69.296,-40.652,76.0053,-35.3219,-259.174,7.3774,2.85852,2.4986,0,LLLATLLVGLLFGLLFLLILI,0.4750530799594779,0.0006083874602067,G,0,-85.88811882398095,-88.55694006442056,-86.39121131251008,-88.96488833351182,-87.41675236447223,-89.79648035002784,-34.2495,-7.433099999999996,17.39500000000001,930.2400000000002,-0.036817917956656336,-0.007990518575851388,0.018699475404196773,-0.026109068627450976
YGLLFALLGVLLATL,Mutant,,void,8.0,LLLYGLLFLLLGVLLATLILI,0.1037995966510401,LLLYGLLFALLGVLLATLILI_1,110011001100110000,1,-64.0527,-60.262,-58.8381,-227.932,-221.452,-241.676,-329.601,4580.62,3967.78,3726.01,-24.2725,5721.67,-61.889,5673.79,-29.0871,-68.2023,51.0146,-48.7241,7.30009,3.61733,2.88255,-18.7196,-73.2508,43.1479,-42.798,-349.02,7.4823,3.31258,2.4598,1,LLLYGLLFALLGVLLATLILI,0.2870980928315508,0.0004130501007233,G,6,-66.27217723221143,-69.18015968675292,-65.55458015308615,-68.52443318047467,-71.24270764279206,-73.7221354490466,-32.8019,-5.214600000000004,13.744,612.8399999999997,-0.05352441093923376,-0.008508909340121414,0.022426734547353316,-0.03960658573200185
YALLALLLGTLLGSL,Mutant,,void,4.0,LLLYFLLALLLGTLLGSLILI,0.0734544407784169,LLLYALLALLLGTLLGSLILI_0,110011001100110000,1,-77.8854,-83.9993,-74.1108,-226.602,-219.367,-240.054,-358.975,4558.46,3580.59,3544.03,-24.1216,118021.0,-78.6088,117965.0,-44.8097,-73.8986,51.3236,-36.3204,7.00117,4.51347,3.78333,117829.0,-62.8637,50.8317,-39.7383,117662.0,6.5162,2.79183,2.05431,0,LLLYALLALLLGTLLGSLILI,0.1464564667501871,0.0007011262138138,G,6,-75.6049741600533,-78.5987464158447,-76.71637375740248,-79.5737543855944,-74.48511540145753,-77.61631739820864,-33.7991,-3.7746000000000066,13.451999999999998,977.8699999999999,-0.03456400134987269,-0.0038600222933518843,0.01375642979128105,-0.024667491588861508
AGLLFLLLGTLLSAL,Mutant,,void,16.0,LLLAGLLFLLLGTLLSYLILI,-0.0809667840023791,LLLAGLLFLLLGTLLSALILI_2,110011001100110000,1,-73.2931,-75.1637,-74.1054,-221.297,-216.155,-234.647,-353.71,4519.9,3613.25,3634.42,-24.0765,-8.86953,-83.1962,-71.2615,-44.9577,-72.4875,62.6687,-33.2892,7.1467,5.8334,5.27343,-14.0316,-64.7067,61.3173,-36.5921,-368.494,7.395,4.48384,3.9036,2,LLLAGLLFLLLGTLLSALILI,0.2076087441689906,0.0007120877652239,G,6,-43.30690664602884,-51.21080868916336,-45.6565077132877,-53.23283869657357,-62.67139756414745,-67.87558734469017,-38.2385,0.8123000000000076,13.349999999999994,906.6499999999996,-0.042175591463078387,0.0008959355870512412,0.014724535377488556,-0.026555451386974037
YFLLATLLGVLLALL,WT,LLLYFLLATLLGVLLILLILI,clash,,,,LLLYFLLATLLGVLLALLILI_2,110011001100110000,1,-65.9177,-66.6539,-58.756,-225.77,-224.163,-246.669,-342.795,4700.93,3792.16,3755.58,-23.9593,-21.8474,-75.0674,-73.8262,-37.3706,-69.124,53.472,-38.7145,7.14205,4.08732,3.3894,-22.1847,-67.743,51.6604,-38.5819,-365.27,7.1139,3.6356,2.91051,2,LLLYFLLATLLGVLLALLILI,0.3473616339782842,0.0008706034204537,G,1,-97.51950270639644,,-97.8869027924798,,-98.2662618481166,,-37.6968,-7.161699999999996,20.899,908.7700000000004,-0.04148112283636122,-0.00788065187011014,0.0229970179473354,-0.026364536681448537
YFLLAVLLGLLLGSL,WT,LLLYFLLIVLLGLLLGSLILI,clash,,,,LLLYFLLAVLLGLLLGSLILI_0,110011001100110000,1,-63.8555,-62.1583,-60.2613,-224.477,-218.734,-244.382,-341.778,4689.61,3547.51,3535.76,-23.9386,-13.1808,-77.3847,-74.0664,-37.1351,-72.6753,42.234,-37.8073,7.33155,3.10289,2.2364,-14.6225,-72.2097,37.011,-35.0,-354.959,7.3038,2.32794,1.3831,0,LLLYFLLAVLLGLLLGSLILI,0.2329259590608772,0.0017423055529895,G,0,-63.08293096625962,,-64.24514647930268,,-76.14613333170585,,-40.249599999999994,-3.5942000000000007,19.905,1142.0999999999995,-0.03524174765782332,-0.0031470098940548133,0.01742842132913056,-0.02096016110673322
YSLLAALLGALLTLL,Mutant,,void,7.0,LLLYSLLFALLGALLTLLILI,-0.1333681535123617,LLLYSLLAALLGALLTLLILI_0,110011001100110000,1,-68.8063,-66.4273,-58.8315,-220.388,-216.059,-243.54,-352.137,4602.78,3732.6,3714.76,-23.9147,180.659,-86.8573,111.009,-49.7658,-56.7118,81.0271,-46.2185,6.86668,5.94542,5.66083,149.481,-60.6829,69.0631,-38.9844,-171.478,7.1168,4.92595,4.4619,0,LLLYSLLAALLGALLTLLILI,0.4775068599257293,0.000702289818231,G,7,-95.7254471270797,-95.72270521729106,-95.60668233701875,-95.60386424561533,-95.46604118785496,-95.46313288225716,-37.091499999999996,-9.974799999999995,23.151999999999987,870.1799999999998,-0.04262508906203315,-0.011462915718586954,0.02660598956537727,-0.027482474890252597
TFLLAVLLGALLGSL,Mutant,,void,12.0,LLLTFLLAVLLGLLLGSLILI,0.1228056890891518,LLLTFLLAVLLGALLGSLILI_2,110011001100110000,1,-68.496,-67.922,-60.2706,-222.499,-218.265,-236.63,-340.94,4507.33,3679.16,3569.02,-23.9055,17830.8,-73.8513,17776.1,-44.04,-67.0981,57.112,-46.4329,7.21253,4.27484,3.63152,10057.6,-62.877,50.983,-41.0408,17489.9,7.3408,2.81426,2.07901,2,LLLTFLLAVLLGALLGSLILI,0.4748031806629301,0.0003387946565557,G,7,-62.06432586848549,-67.46469534148409,-58.22018144221072,-64.16778780198462,-57.89782045602053,-63.89131682484164,-29.811299999999996,-8.225399999999993,14.131,828.1700000000001,-0.03599659490201286,-0.009932018788412999,0.017062921863868527,-0.028865450330246203
YALLTALLGGLLFLL,WT,LLLYALLTALLGILLFLLILI,clash,,,,LLLYALLTALLGGLLFLLILI_2,110011001100110000,1,-66.6649,-65.9949,-58.7888,-223.338,-223.124,-242.275,-335.029,4669.44,3935.65,3780.96,-23.6982,-23.1893,-68.724,-69.0998,-33.9657,-46.7143,65.5595,-45.0258,6.52602,2.35767,1.84107,-21.6459,-45.1876,67.311,-43.6659,-357.138,6.6072,2.36513,1.8748,2,LLLYALLTALLGGLLFLLILI,0.2082700999256117,0.0009331517449944,G,1,-67.0377761421149,-71.99565686764944,-67.62834813617609,-72.4974003433734,-67.75621623827267,-72.60603567763462,-34.758300000000006,-7.876100000000001,18.937000000000012,733.7899999999995,-0.04736818435792261,-0.01073345235012743,0.025807111026315464,-0.03229561591190942
SSLLALLLGVLLGTL,WT,LLLSSLLALLLGVLLITLILI,clash,,,,LLLSSLLALLLGVLLGTLILI_2,110011001100110000,1,-78.4809,-84.143,-58.7566,-217.902,-215.045,-254.545,-376.616,4457.19,3483.67,3370.9,-23.6391,1647.73,-103.873,1570.3,-63.315,-73.0069,50.1636,-37.5176,7.07945,4.22312,3.47557,869.94,-66.9239,51.0441,-36.0241,1271.11,6.7893,3.42954,2.6952,2,LLLSSLLALLLGVLLGTLILI,0.5562345741374112,0.0003876168568862,G,0,-96.83907188292204,,-96.78156367944652,,-96.7606516088606,,-40.55800000000001,-19.724300000000007,36.643,973.5199999999995,-0.04166118826526422,-0.02026080614676639,0.037639699235763026,-0.024282089736214985
VALLLTLLGGLLFAL,WT,LLLVALLLTLLGGLLFILILI,clash,,,,LLLVALLLTLLGGLLFALILI_2,110011001100110000,1,-63.6576,-63.5771,-58.7189,-220.46,-219.46,-234.113,-343.216,4562.54,3750.41,3696.6,-23.4919,-22.3562,-82.5901,-82.5348,-50.3837,-45.4632,67.1288,-49.5235,6.70372,2.38188,1.88881,-18.2495,-38.0441,72.2659,-45.0,-361.523,7.1084,1.96251,1.5465,2,LLLVALLLTLLGGLLFALILI,0.3097021303035563,5.051550169713599e-05,G,0,-58.86377295097578,-66.14418984308004,-56.57217437968222,-64.25816548569006,-60.83374899884547,-67.76551342754176,-32.20640000000001,-4.938700000000004,13.652999999999992,812.1300000000001,-0.039656705207294404,-0.006081169270929536,0.01681134793690664,-0.028926280275325376
AALLFSLLGALLGTL,Mutant,,void,12.0,LLLAALLFSLLGLLLGTLILI,0.0564185440850407,LLLAALLFSLLGALLGTLILI_2,110011001100110000,1,-82.1144,-83.3074,-74.0983,-215.987,-211.901,-230.045,-344.772,4407.17,3768.33,3722.15,-23.4504,-19.0455,-70.1213,-68.6087,-40.6287,-51.1318,67.0745,-38.7959,6.51549,3.22483,2.73095,-7.67543,-43.753,64.4796,-35.9038,-352.818,6.884,1.7677,1.23489,2,LLLAALLFSLLGALLGTLILI,0.226842204119982,0.0005621680386799,G,6,-55.00870876072812,-61.96817794401032,-53.80661761395525,-60.95203203377157,-54.398029046444464,-61.451961103215005,-29.492600000000003,-8.016100000000009,14.057999999999993,638.8400000000001,-0.04616586312691753,-0.012547899317513003,0.022005509986851152,-0.036707782856427264
SALLGVLLGLLLATL,Mutant,,void,4.0,LLLSYLLGVLLGLLLATLILI,-0.0961859551381283,LLLSALLGVLLGLLLATLILI_0,110011001100110000,1,-67.7483,-68.634,-58.7839,-220.133,-219.417,-243.683,-363.376,4432.38,3651.29,3616.34,-23.4366,-20.4884,-98.9312,-95.8129,-60.9087,-85.0079,47.6789,-46.7484,6.65901,5.68783,4.90302,-20.4339,-84.8765,45.4702,-44.3391,-383.864,6.8761,5.36995,4.552,0,LLLSALLGVLLGLLLATLILI,1.1246980068761194,0.0024901259863508,G,6,-95.26942617434544,,-93.86073460703422,,-94.11444372368608,,-38.0225,-8.964399999999998,23.549999999999983,781.0900000000001,-0.04867876941197556,-0.01147678244504474,0.030150174755789957,-0.030004993022571015
VTLLLGLLFGLLFIL,Mutant,,clash,16.0,LLLVTLLLGLLFGLLFALILI,0.5584372167300535,LLLVTLLLGLLFGLLFILILI_2,110011001100110000,1,-51.4623,-44.9466,-44.9466,-229.033,-226.755,-242.752,-336.491,4633.28,3645.59,3559.63,-23.4342,19.2535,-79.4304,-45.5361,-48.7921,-37.0672,80.9666,-42.3617,7.26589,2.99057,2.70507,23.1327,-33.3677,74.3197,-39.8132,-314.578,7.0315,1.53831,1.15311,2,LLLVTLLLGLLFGLLFILILI,0.2669859902049381,0.0005037711647904,G,6,-80.64813963310618,-82.5678806862029,-82.74196848084141,-84.45399776251423,-86.63029279234091,-87.9565929675083,-30.638300000000008,-6.5157000000000025,13.719000000000023,987.6899999999996,-0.031020158146786967,-0.0065969079367007915,0.01388998572426574,-0.023726270388482226
AYLLGVLLGLLLIFL,Mutant,,clash,15.0,LLLAYLLGVLLGLLLAFLILI,0.822679756639934,LLLAYLLGVLLGLLLIFLILI_0,110011001100110000,1,-52.7851,-55.1249,-44.9245,-222.553,-221.188,-244.192,-339.378,4581.36,3743.62,3527.51,-23.311,24047.1,-87.351,23984.0,-50.2613,-95.4798,46.1798,-47.4454,6.75701,7.05624,6.24893,21859.2,-91.43,48.2927,-36.5962,23707.7,7.0472,6.73401,5.9584,0,LLLAYLLGVLLGLLLIFLILI,0.303689875327188,0.0004804891847975,G,6,-84.21243790604208,-86.40159627539444,-84.61467666192868,-86.74805920384887,-86.54810619547344,-88.41339266152563,-37.0897,-7.860599999999998,21.63900000000001,837.7399999999998,-0.04427352161768569,-0.009383102155800129,0.02583020985031157,-0.027826055816840556
YALLALLLGTLLSIL,Mutant,,void,7.0,LLLYALLFLLLGTLLSILILI,-0.0297096427264365,LLLYALLALLLGTLLSILILI_2,110011001100110000,1,-76.4495,-71.3173,-74.0819,-231.165,-222.498,-245.291,-370.196,4593.23,3767.16,3708.44,-23.3077,277.209,-85.8891,200.829,-50.8227,-71.0677,58.4332,-44.4412,7.37986,5.04863,4.42513,190.476,-60.5958,60.1642,-40.2827,-92.9866,7.5,3.71154,3.114,2,LLLYALLALLLGTLLSILILI,0.1880333321484923,0.0003899633343771,G,6,-96.06786006495264,-97.6427508326138,-96.55446217623454,-97.93446029377616,-96.9058924476182,-98.145136599375,-35.0664,-2.367599999999996,14.126000000000005,826.0699999999997,-0.042449671335359006,-0.002866100935756046,0.017100245741886292,-0.028215163363879584
YALLAALLGTLLGFL,Mutant,,void,8.0,LLLYALLALLLGTLLGFLILI,0.0491523289087965,LLLYALLAALLGTLLGFLILI_1,110011001100110000,1,-64.5705,-68.4537,-58.7826,-220.768,-210.855,-239.019,-326.342,4543.38,3695.48,3581.6,-23.1433,88600.8,-64.1466,88553.7,-28.5401,-73.1074,53.4121,-33.9022,7.05568,4.67673,3.97791,83312.2,-61.4491,56.4783,-36.3969,238134.0,6.7439,3.34193,2.6891,1,LLLYALLAALLGTLLGFLILI,0.1282780147324514,0.0005398358046672,G,7,-81.42370516640351,-87.40048224788832,-83.51224764912246,-88.81705257705133,-80.94595512492829,-87.07644453301782,-35.60650000000001,-5.787899999999993,18.251000000000005,847.9000000000001,-0.04199374926288478,-0.006826158745135031,0.021524943979242837,-0.02729484609034084
YGLLAALLGTLLSLL,Mutant,,void,7.0,LLLYGLLFALLGTLLSLLILI,-0.0307202614605986,LLLYGLLAALLGTLLSLLILI_2,110011001100110000,1,-86.8428,-77.8175,-74.0094,-220.152,-218.946,-240.301,-359.545,4534.08,3805.21,3718.51,-23.1367,-13.4816,-75.6869,-76.2622,-45.2337,-67.1065,64.3353,-39.1723,6.55795,5.25123,4.71626,-10.2281,-64.5043,61.457,-37.6682,-372.291,6.656,4.47234,3.89419,2,LLLYGLLAALLGTLLSLLILI,0.2027327299901131,0.000394692956,G,6,-98.06554633265392,,-98.05676774579206,,-98.05970685223556,,-30.453199999999995,-12.833399999999997,20.149,728.8699999999999,-0.04178138762742327,-0.017607255066061162,0.027644161510283045,-0.03174324639510476
TVLLAILLGLLLGAL,Mutant,,void,16.0,LLLTVLLAILLGLLLGFLILI,0.0214530060413341,LLLTVLLAILLGLLLGALILI_1,110011001100110000,1,-51.4753,-50.6652,-44.964,-220.267,-215.069,-235.881,-354.092,4480.12,3775.1,3632.46,-23.0757,-14.8314,-105.425,-103.189,-73.2468,-69.5669,49.3055,-47.5215,6.98473,3.59128,2.83086,-18.3036,-71.1566,42.8294,-43.0573,-371.104,7.0278,2.95546,2.0979,1,LLLTVLLAILLGLLLGALILI,0.3245239488561344,0.0005928061678562,G,6,-58.23629325483203,-69.38015159295811,-58.0438194181374,-69.23903577347704,-58.35023266430201,-69.46368841757109,-32.178200000000004,-6.5112999999999985,15.614000000000004,705.02,-0.04564154208391252,-0.009235624521290174,0.02214688944994469,-0.03273056083515362
STLLGALLGALLAVL,Mutant,,void,12.0,LLLSTLLGALLGLLLAVLILI,-0.2126467285438781,LLLSTLLGALLGALLAVLILI_0,110011001100110000,1,-71.7442,-73.4876,-44.8908,-212.181,-210.515,-248.301,-356.019,4387.88,3587.84,3574.82,-23.0336,38.1268,-95.1267,-33.8898,-62.8273,-66.5992,68.2952,-37.5728,6.61111,5.70973,5.23416,24.2299,-68.8242,63.6738,-35.7825,-317.892,6.5843,5.41959,4.8747,0,LLLSTLLGALLGALLAVLILI,1.1232435466254689,0.0003543923527156,G,7,-60.01363156959304,-65.70520112531858,-49.24516429183144,-56.46949320845279,-39.741357658217176,-48.31843699010874,-32.2994,-26.853400000000008,36.119999999999976,800.04,-0.04037223138843058,-0.03356507174641269,0.04514774261286933,-0.028790560471976402
YVLLATLLGGLLFLL,WT,LLLYVLLATLLIGLLFLLILI,clash,,,,LLLYVLLATLLGGLLFLLILI_1,110011001100110000,1,-65.0887,-62.2616,-58.655,-227.186,-219.176,-245.122,-339.095,4673.43,3962.01,3759.27,-23.0313,-12.5612,-69.8512,-70.2183,-35.3175,-49.0987,65.7512,-42.9041,6.58105,2.74123,2.22749,-14.1242,-42.5413,66.4514,-37.8047,-354.349,6.7945,1.85213,1.3489,1,LLLYVLLATLLGGLLFLLILI,0.1942563887249174,0.0006204590685972,G,1,-56.01800964952072,-57.37277760812675,-66.14473132970991,-67.18756801943259,-66.52826079615035,-67.55928370872981,-34.5337,-6.433700000000002,17.936000000000007,711.4200000000001,-0.04854193022405892,-0.009043462371032584,0.025211548733518885,-0.03237370329763009
VALLFALLGLLLGTL,WT,LLLVALLFALLILLLGTLILI,clash,,,,LLLVALLFALLGLLLGTLILI_0,110011001100110000,1,-67.0476,-67.8302,-58.7454,-217.855,-211.815,-234.123,-341.393,4567.17,3798.44,3656.9,-22.9376,-11.2694,-79.4276,-73.0162,-48.5243,-45.7082,74.4951,-42.1799,6.66281,3.41306,3.03048,-10.5206,-48.7411,63.2863,-39.7126,-352.662,6.542,2.35481,1.8041,0,LLLVALLFALLGLLLGTLILI,0.381241172441792,4.386341383505334e-05,G,0,-68.81481046065652,-74.64405937882145,-67.48874392907098,-73.56586602065074,-71.0864268323988,-76.49105696603596,-30.9033,-8.302200000000006,16.268,768.73,-0.04020046049978536,-0.0107998907288645,0.021162176576951595,-0.029838304736383384
AVLLFSLLGLLLGTL,WT,LLLAVLLFSLLGLLLITLILI,clash,,,,LLLAVLLFSLLGLLLGTLILI_1,110011001100110000,1,-81.1921,-79.288,-74.0995,-222.101,-219.769,-236.44,-358.863,4487.65,3782.03,3657.88,-22.904,-13.5951,-78.4737,-73.4015,-48.3234,-50.4358,66.3439,-41.8553,6.88266,3.02179,2.51695,-11.4281,-42.8159,67.1774,-38.5102,-370.575,7.1897,1.99134,1.499,1,LLLAVLLFSLLGLLLGTLILI,0.2614455263413716,0.0001328986736334,G,0,-50.78618992954582,-54.59615193321831,-51.28164979696486,-55.05325502097512,-63.35927674204406,-66.19587409551131,-30.150299999999994,-7.09259999999999,14.338999999999999,705.6199999999994,-0.04272880587284943,-0.010051585839403639,0.020321136022221607,-0.03245939740937051
AALLTSLLGLLLGYL,WT,LLLAALLTSLLILLLGYLILI,clash,,,,LLLAALLTSLLGLLLGYLILI_2,110011001100110000,1,-87.9727,-85.0278,-74.2143,-218.708,-216.802,-235.475,-359.888,4456.46,3693.49,3719.19,-22.8367,-9.72587,-76.044,-67.7838,-50.1987,-50.446,64.551,-42.1137,7.02179,2.78128,2.24955,-16.2033,-45.4737,68.435,-39.6413,-376.118,7.396,2.55978,2.0863,2,LLLAALLTSLLGLLLGYLILI,0.2607424231159198,0.0005862454223421,G,0,-22.19875258876357,-37.88231269000451,-16.729761202967143,-33.51578762636013,-10.213363448755135,-28.31299754840519,-25.845299999999995,-13.758400000000009,16.766999999999996,762.9700000000003,-0.03387459533140227,-0.018032688048022865,0.021975962357628727,-0.02993132102179639
SSLLALLLGTLLGAL,Mutant,,void,16.0,LLLSSLLALLLGTLLGFLILI,-0.0855082368434958,LLLSSLLALLLGTLLGALILI_0,110011001100110000,1,-76.4018,-87.3085,-58.7549,-215.49,-210.448,-250.836,-366.959,4431.28,3460.29,3384.6,-22.832,4852.64,-97.8988,4783.44,-57.3683,-61.9939,66.6226,-36.7761,7.10322,4.79315,4.29249,4795.94,-65.5548,56.8812,-35.0605,4485.68,6.8434,4.01218,3.3654,0,LLLSSLLALLLGTLLGALILI,0.2755690182152537,0.0006356696989241,G,6,-84.45755897984623,-87.4581736476109,-84.09059183500833,-87.16205296736376,-80.55996992886885,-84.31305088298564,-40.530499999999996,-17.646899999999995,35.346000000000004,970.9899999999998,-0.04174141855219931,-0.018174131556452693,0.03640202267788547,-0.023514145356800797
VTLLLGLLFGLLFAL,WT,LLLVTLLLGLLFILLFALILI,clash,,,,LLLVTLLLGLLFGLLFALILI_0,110011001100110000,1,-50.1607,-49.5476,-44.9466,-223.434,-219.588,-238.801,-329.508,4604.05,3637.21,3558.24,-22.7865,-17.4787,-78.7002,-77.8516,-45.7606,-31.5201,83.7867,-39.75,7.02676,2.53921,2.29601,-17.3662,-33.3677,74.3197,-39.8132,-346.987,7.0315,1.53831,1.15311,0,LLLVTLLLGLLFGLLFALILI,0.8254232069349916,0.0019861032821614,G,0,-91.32542859652918,,-89.7472932706973,,-90.80939411370514,,-32.9396,-5.214100000000002,15.36699999999999,966.8400000000001,-0.034069339290885764,-0.005392929543668033,0.01589404658475031,-0.023568015390343797
YVLLFALLGALLGTL,Mutant,,void,8.0,LLLYVLLFLLLGALLGTLILI,0.0070012687565134,LLLYVLLFALLGALLGTLILI_0,110011001100110000,1,-68.7933,-70.3451,-58.7437,-223.471,-215.867,-240.909,-329.095,4560.96,3901.77,3784.48,-22.7283,-10.7883,-59.5588,-53.6712,-29.4414,-40.464,69.4171,-45.0332,6.44247,1.94091,1.48216,-10.4359,-41.6132,59.4908,-39.8529,-339.883,6.5091,0.773238,0.1656,0,LLLYVLLFALLGALLGTLILI,0.1472970651769108,0.001540476273125,G,7,17.523510145635914,-2.517172777639848,3.232029559556848,-14.37160029599792,-10.011064834711805,-25.356417556187928,-30.117399999999996,-10.049600000000005,17.437999999999988,659.19,-0.04568849648811419,-0.015245376901955437,0.026453677998756028,-0.034479133482000636
ASLLALLLGTLLGFL,Mutant,,void,3.0,LLLYSLLALLLGTLLGFLILI,-0.0576787023083847,LLLASLLALLLGTLLGFLILI_2,110011001100110000,1,-64.0512,-71.9728,-58.7271,-213.928,-213.465,-234.724,-342.7,4471.55,3551.75,3415.48,-22.7158,8081.07,-87.4372,8023.8,-49.2488,-73.1533,47.0161,-32.5424,7.16628,3.82017,3.02541,7374.22,-65.5548,56.8812,-35.0605,7738.37,6.8434,4.01218,3.3654,2,LLLASLLALLLGTLLGFLILI,0.1933909967925777,0.0005152421273027,G,6,-94.52305262629326,-94.18642755632526,-95.02606067347725,-94.72035156956188,-93.8583164590791,-93.48083526186896,-38.1884,-5.324099999999994,20.795999999999992,919.8000000000002,-0.04151815612089584,-0.0057883235485975135,0.022609262883235472,-0.02469645575125027
YALLGALLGILLSTL,Mutant,,void,4.0,LLLYLLLGALLGILLSTLILI,0.2055969228810843,LLLYALLGALLGILLSTLILI_1,110011001100110000,1,-86.3985,-83.3347,-74.098,-220.596,-223.244,-240.238,-356.014,4490.12,3864.77,3733.1,-22.7147,-19.2533,-71.7348,-68.6894,-41.6788,-68.4381,61.8556,-44.8368,6.72284,5.11622,4.54406,-14.2852,-63.07,66.418,-42.249,-370.095,7.1117,4.92693,4.4232,1,LLLYALLGALLGILLSTLILI,0.5384374536151266,0.0004971378889314,G,6,-88.29927547946922,-89.26447230237919,-88.97449011103429,-89.88398824485664,-88.34187401861674,-89.30355687326144,-30.056000000000004,-12.3005,19.641999999999996,625.3499999999999,-0.048062684896458,-0.019669784920444553,0.03140961061805389,-0.03632317901974895
VALLATLLGGLLFAL,Mutant,,void,7.0,LLLVALLLTLLGGLLFALILI,0.0559719583708079,LLLVALLATLLGGLLFALILI_2,110011001100110000,1,-63.4492,-62.8988,-58.7189,-217.12,-215.908,-229.496,-331.237,4507.1,3752.68,3693.66,-22.6942,-21.6472,-73.3619,-74.0777,-43.0227,-45.4464,67.8617,-48.3453,6.74882,2.4783,1.99622,-17.9332,-38.0441,72.2659,-45.0,-349.242,7.1084,1.96251,1.5465,2,LLLVALLATLLGGLLFALILI,0.2537301719327484,0.0001145933873501,G,6,-50.83322992147711,-60.402200425370765,-49.05995908255552,-58.97404837960879,-39.319780347379975,-51.12952971872111,-30.339200000000005,-4.7303,12.376000000000005,754.4200000000005,-0.04021526470666205,-0.006270114790169927,0.016404655231833723,-0.030081652130113178
ASLLVGLLFLLLGLL,WT,LLLASLLVGLLFILLGLLILI,clash,,,,LLLASLLVGLLFLLLGLLILI_1,110011001100110000,1,-56.8216,-57.8094,-44.9758,-226.114,-221.22,-245.581,-349.188,4624.34,3685.37,3489.16,-22.6567,20640.1,-88.9091,20569.9,-58.6321,-37.3539,81.5784,-39.8963,7.94349,3.11616,2.83984,17843.1,-36.0293,69.0807,-35.6829,20277.9,7.2857,1.23029,0.766501,1,LLLASLLVGLLFLLLGLLILI,0.4383646813337984,0.0005450946496517,G,0,-82.47788845251581,-86.05601245983775,-83.12690318447794,-86.57249435252157,-87.22445902037217,-89.83330383692596,-30.276999999999994,-11.845799999999997,19.466999999999985,938.9700000000003,-0.03224490665303469,-0.012615738521997502,0.02073229176651009,-0.024129311905598683
YSLLALLLGTLLGFL,WT,LLLYSLLALLLITLLGFLILI,clash,,,,LLLYSLLALLLGTLLGFLILI_2,110011001100110000,1,-65.3928,-71.9728,-58.7271,-220.765,-220.593,-245.189,-340.151,4627.04,3635.74,3545.36,-22.5895,8081.87,-76.5826,8034.28,-36.2353,-72.9009,48.3326,-32.4582,7.09777,3.96004,3.18503,4464.22,-65.5548,56.8812,-35.0605,7741.72,6.8434,4.01218,3.3654,2,LLLYSLLALLLGTLLGFLILI,0.135712294484193,0.0006549237636467,G,0,-92.54082870998212,-93.13323256790042,-93.60140651008145,-94.1095797804488,-94.58608570953314,-95.01605622333588,-40.3473,-6.665699999999994,24.424000000000007,991.3000000000002,-0.040701402199132444,-0.006724200544739224,0.024638353676989813,-0.02278775345505901
TFLLAVLLGLLLGAL,Mutant,,void,16.0,LLLTFLLAVLLGLLLGILILI,0.0602418730241219,LLLTFLLAVLLGLLLGALILI_1,110011001100110000,1,-48.6984,-44.9676,-44.9676,-221.874,-222.526,-238.849,-171.381,4581.3,3486.18,3538.42,-22.5442,-5.05092,76.6469,91.0619,112.436,-73.4862,50.9457,-39.1827,7.30086,4.40061,3.6648,-15.6556,-76.6711,46.9516,-39.8118,-186.448,7.5,4.33913,3.5434,1,LLLTFLLAVLLGLLLGALILI,0.5841364034692464,0.000954371181507,G,6,-89.38746284030313,-89.61794498416188,-88.42633725147796,-88.67769303590886,-88.98148130707483,-89.22078052198243,-35.789100000000005,-3.730800000000002,16.974999999999994,1095.1200000000003,-0.032680528161297386,-0.0034067499452114843,0.01550058441084081,-0.0205860544963109
YTLLVALLALLLGLL,WT,LLLYTLLVALLILLLGLLILI,clash,,,,LLLYTLLVALLALLLGLLILI_1,110011001100110000,1,-50.6671,-51.9392,-44.9829,-232.415,-232.467,-245.215,-353.426,4717.11,3840.35,3659.68,-22.5333,13015.3,-92.8777,12946.3,-63.2284,-38.0234,78.4303,-40.302,7.66955,2.7916,2.46805,6333.22,-36.0293,69.0807,-35.6829,12654.7,7.2857,1.23029,0.766501,1,LLLYTLLVALLALLLGLLILI,0.3131058245604404,0.0006723396267076,G,1,-87.28990260142066,-92.40370462983417,-88.51192742842267,-93.13405792646748,-90.72491578912944,-94.45666881696678,-29.649300000000004,-5.684199999999997,12.800000000000011,876.7599999999998,-0.03381689401888774,-0.006483188101646971,0.014599206168164623,-0.02570064783977372
SSLLALLLGTLLGFL,WT,LLLSSLLALLLITLLGFLILI,clash,,,,LLLSSLLALLLGTLLGFLILI_2,110011001100110000,1,-78.6554,-87.3085,-58.7549,-218.489,-215.468,-257.279,-366.15,4497.43,3496.56,3364.94,-22.4564,4849.87,-91.4626,4786.49,-50.1164,-72.8387,50.0454,-36.2611,7.01999,4.18193,3.43261,3655.68,-65.5548,56.8812,-35.0605,4483.72,6.8434,4.01218,3.3654,2,LLLSSLLALLLGTLLGFLILI,0.1900607813717579,0.0009479859046095,G,0,-96.96671842104716,,-97.22333286039829,,-96.99601963713712,,-41.346199999999996,-19.9005,38.78999999999999,1000.8700000000003,-0.04131026007373583,-0.019883201614595298,0.03875628203462985,-0.0224368799144744
AGLLFLLLGVLLATL,WT,LLLAGLLILLLGVLLATLILI,clash,,,,LLLAGLLFLLLGVLLATLILI_1,110011001100110000,1,-62.7149,-64.0377,-58.8369,-220.641,-216.448,-235.285,-343.999,4530.48,3622.39,3611.94,-22.4179,-17.1919,-83.0613,-80.7054,-49.8769,-73.9836,61.9057,-38.9782,7.32361,5.9548,5.38339,-16.333,-73.6779,53.5881,-38.6441,-359.894,7.4088,4.78608,4.0899,1,LLLAGLLFLLLGVLLATLILI,0.3190000286659068,0.0003588881440913,G,0,-55.93234963107767,-63.79970113574655,-56.96091527745233,-64.64463803364218,-68.59712798785677,-74.20344986586392,-33.184400000000004,-3.878,14.644000000000005,908.0899999999997,-0.03654307392439077,-0.004270501822506581,0.016126154896541102,-0.024686870244138806
STLLGALLGALLGFL,Mutant,,void,12.0,LLLSTLLGALLGLLLGFLILI,-0.0366427630859728,LLLSTLLGALLGALLGFLILI_1,110011001100110000,1,-72.0011,-69.4302,-44.8671,-213.033,-213.076,-249.237,-339.008,4423.74,3695.84,3604.67,-22.4124,-18.5556,-76.3864,-75.0566,-44.9034,-72.0306,60.5679,-36.2999,6.37433,5.48126,4.88977,-15.088,-68.8242,63.6738,-35.7825,-355.924,6.5843,5.41959,4.8747,1,LLLSTLLGALLGALLGFLILI,0.8749672086768587,0.0005773713052978,G,7,-51.71354372437517,-56.26405274482303,-44.78807917204063,-49.99124302257796,-33.659216876510754,-39.911163184266734,-31.482999999999997,-27.133999999999993,36.20400000000001,727.8999999999996,-0.04325182030498697,-0.037277098502541565,0.04973760131886252,-0.03079049319961535
YVLLTLLLGALLGFL,WT,LLLYVLLILLLGALLGFLILI,clash,,,,LLLYVLLTLLLGALLGFLILI_1,110011001100110000,1,-64.7038,-64.1167,-58.8225,-229.534,-226.853,-245.098,-340.314,4636.71,3929.35,3595.03,-22.3624,34376.8,-68.4392,34327.5,-36.3936,-47.7011,58.2363,-57.6852,6.9523,1.51707,0.890611,25726.6,-43.2635,63.1811,-42.5139,34021.8,7.006,1.51898,0.966697,1,LLLYVLLTLLLGALLGFLILI,0.2464778222993462,0.0012734622905001,G,0,322.2668494192763,302.7826544649716,297.1758723309489,278.84942274513634,233.9212226238975,218.5134627916221,-32.0456,-5.881300000000003,15.564000000000021,707.3600000000001,-0.04530309884641483,-0.008314436779009277,0.022002940511196587,-0.03161388826057453
SALLGVLLGTLLGFL,Mutant,,void,4.0,LLLSYLLGVLLGTLLGFLILI,0.123831437101353,LLLSALLGVLLGTLLGFLILI_2,110011001100110000,1,-67.3756,-67.6729,-58.6887,-221.091,-218.997,-241.246,-340.288,4442.99,3771.82,3558.84,-22.2687,212.533,-74.0907,158.915,-40.3539,-73.2528,39.3756,-48.0439,6.59174,2.80362,1.89426,136.491,-69.5064,38.1576,-45.0,-127.755,6.5231,2.07724,1.1496,2,LLLSALLGVLLGTLLGFLILI,0.6649585506822885,0.0009868555185203,G,7,-67.32112450797577,-69.21816431218427,-65.4279645961839,-67.43490413391527,-63.43725454408382,-65.55975669376596,-33.736799999999995,-8.686900000000009,20.155,671.1699999999996,-0.050265655497117,-0.012942920571539273,0.030029649716167308,-0.03317892635248895
TVLLLGLLFGLLFAL,WT,LLLTVLLLGLLFILLFALILI,clash,,,,LLLTVLLLGLLFGLLFALILI_1,110011001100110000,1,-44.9318,-44.9318,-44.9318,-225.568,-223.207,-241.416,-331.738,4581.23,3780.08,3587.08,-22.2553,-18.0324,-83.4927,-81.6312,-45.3894,-33.4521,72.8288,-42.6631,7.17856,1.3497,0.94213,-18.2896,-30.525,71.559,-44.3251,-350.036,7.1169,0.739215,0.3126,1,LLLTVLLLGLLFGLLFALILI,0.4905073079979828,0.0007632050070682,G,0,-86.84814969599917,-89.46153249820144,-87.05888984438847,-89.63039681415623,-88.11361216191428,-90.47553697388616,-38.1033,0.0,15.847999999999985,801.1499999999996,-0.04756075641265682,0.0,0.01978156400174748,-0.02777919241090933
SSLLALLLGALLGTL,Mutant,,void,12.0,LLLSSLLALLLGVLLGTLILI,0.2668365567979128,LLLSSLLALLLGALLGTLILI_0,110011001100110000,1,-76.3318,-84.2013,-58.7566,-215.119,-212.425,-249.44,-369.064,4456.1,3477.83,3397.37,-22.2133,1648.86,-99.8265,1576.43,-60.8674,-63.6123,59.7256,-36.5216,7.17978,4.1048,3.50069,1067.22,-66.9239,51.0441,-36.0241,1279.8,6.7893,3.42954,2.6952,0,LLLSSLLALLLGALLGTLILI,0.2893980173394984,0.0003121671985574,G,6,-89.77387766872323,-90.98467787753872,-89.31044472581135,-90.57611663338734,-88.45550847314449,-89.82240711747552,-38.95909999999999,-17.575200000000002,34.321,978.2700000000004,-0.039824486082574315,-0.01796559232113833,0.03508336144418206,-0.02270671695953059
ASLLVGLLFLLLGAL,Mutant,,void,16.0,LLLASLLVGLLFLLLGLLILI,-0.0373895416961974,LLLASLLVGLLFLLLGALILI_1,110011001100110000,1,-56.5475,-58.7778,-44.9758,-222.904,-216.57,-241.49,-337.393,4572.78,3742.27,3506.04,-22.1632,20466.5,-80.1055,20404.5,-50.928,-36.5652,80.7996,-39.9544,7.92998,2.89272,2.60471,10734.4,-36.0293,69.0807,-35.6829,20282.9,7.2857,1.23029,0.766501,1,LLLASLLVGLLFLLLGALILI,0.4757542230299958,0.0011904317406471,G,6,-76.15711782121109,-73.61222368160064,-74.46482103882182,-71.7392978908688,-76.0786944831468,-73.52542974924529,-29.17750000000001,-11.5717,18.586000000000013,830.5099999999998,-0.03513202730852129,-0.013933245836895406,0.022379020120167147,-0.026686253025249553
SALLGLLLGTLLGFL,Mutant,,void,4.0,LLLSYLLGLLLGTLLGFLILI,0.1121039464051303,LLLSALLGLLLGTLLGFLILI_2,110011001100110000,1,-67.4712,-67.4714,-58.7496,-223.079,-222.069,-243.487,-346.893,4457.46,3763.86,3570.49,-22.0079,746.341,-78.3513,688.989,-44.6567,-74.3316,41.3492,-48.2777,6.39631,3.23188,2.35212,547.674,-69.5064,38.1576,-45.0,392.848,6.5231,2.07724,1.1496,2,LLLSALLGLLLGTLLGFLILI,0.7219987288852736,0.000499341409283,G,6,-23.841283559624635,-27.6933649732163,-22.164399927047107,-26.10129753208372,-4.52293130979925,-9.352128267361898,-33.694599999999994,-8.721599999999995,20.407999999999987,693.5999999999999,-0.048579296424452134,-0.012574394463667815,0.029423298731257194,-0.03172995963091119
LVLLGALLGTLLSAL,Mutant,,void,16.0,LLLLVLLGALLGTLLSFLILI,-0.0901300103276677,LLLLVLLGALLGTLLSALILI_1,110011001100110000,1,-87.2929,-82.6938,-74.0199,-210.538,-215.784,-230.619,-363.979,4452.87,3727.57,3724.27,-21.8388,-17.4604,-87.9867,-82.9613,-59.3405,-70.6757,65.359,-40.7789,6.72125,5.92482,5.40521,-7.3923,-62.3587,69.782,-39.5227,-374.237,7.3379,5.27437,4.8211,1,LLLLVLLGALLGTLLSALILI,0.5264108875238865,0.0003977452888643,G,6,-85.26437071580835,-87.33968880866657,-84.04691026657099,-86.29369152865755,-84.42650352758069,-86.61982410961706,-28.6462,-13.272999999999996,20.08099999999999,725.2999999999997,-0.03949565696952986,-0.01830001378739832,0.0276864745622501,-0.03011002343857715
FSLLTALLGLLLGVL,WT,LLLFILLTALLGLLLGVLILI,clash,,,,LLLFSLLTALLGLLLGVLILI_2,110011001100110000,1,-68.738,-65.4497,-58.781,-224.363,-215.754,-236.504,-345.098,4563.79,3713.65,3566.03,-21.795,1633020.0,-73.7923,1632960.0,-49.8133,-48.1389,81.6066,-46.2523,7.9296,4.73772,4.46182,716774.0,-50.5887,64.17,-37.5151,1632660.0,7.0583,2.75125,2.2138,2,LLLFSLLTALLGLLLGVLILI,0.2584663496893452,0.0002717509489329,G,0,-71.40122603748878,-75.46709588034068,-71.77116013501322,-75.7844366781335,-74.7042982525409,-78.30057238036156,-23.979,-9.957,12.140999999999991,850.1399999999999,-0.028205942550638723,-0.011712188580704358,0.01428117721786999,-0.025636953913473082
ALLLGLLLGTLLGFL,WT,LLLALLLGLLLITLLGFLILI,clash,,,,LLLALLLGLLLGTLLGFLILI_2,110011001100110000,1,-65.563,-67.028,-58.691,-211.277,-209.011,-234.168,-346.902,4518.35,3596.78,3443.88,-21.7615,85305.6,-91.8235,85234.7,-54.0432,-73.8671,40.6092,-35.7724,7.04094,3.06231,2.17145,80394.6,-60.7383,56.5303,-35.0,84958.7,7.1924,3.24234,2.5903,2,LLLALLLGLLLGTLLGFLILI,0.8097700701491714,0.0008756034945215,G,1,-91.57510489328936,-89.82100590067724,-91.2841073441154,-89.46942142414179,-91.61123170203804,-89.86465446465608,-37.7803,-6.872,22.89100000000002,921.5700000000002,-0.04099558362359885,-0.0074568399578979335,0.024839133218312246,-0.023613507384137936
YALLTALLGALLGFL,Mutant,,void,12.0,LLLYALLTALLGLLLGFLILI,0.0267605870335284,LLLYALLTALLGALLGFLILI_0,110011001100110000,1,-59.1351,-63.8464,-58.802,-220.58,-216.697,-238.827,-325.196,4544.61,4076.53,3841.59,-21.7097,-9.36926,-67.1904,-54.0212,-27.5663,-54.0044,63.5949,-51.6952,6.49568,3.18597,2.63989,-8.30844,-49.4233,66.044,-43.1773,-334.565,6.8387,2.82944,2.3201,0,LLLYALLTALLGALLGFLILI,0.1899277885410413,0.0004694292234755,G,6,-85.10281297402186,-91.43116406690925,-84.00590274339234,-90.80022321994248,-82.84543799100904,-90.13272592317315,-39.6241,-0.33310000000000173,18.246999999999986,468.0799999999995,-0.08465240984447113,-0.0007116304905144464,0.0389826525380277,-0.04638031960348664
TALLALLLGVLLSIL,WT,LLLTALLALLLIVLLSILILI,clash,,,,LLLTALLALLLGVLLSILILI_2,110011001100110000,1,-63.3361,-64.9308,-60.3301,-225.997,-223.436,-242.138,-375.892,4515.36,3622.9,3650.75,-21.7073,22.1133,-108.266,-65.412,-73.424,-75.2466,64.7399,-41.4414,7.17431,6.52688,5.99798,-15.1967,-72.8398,58.7702,-43.8998,-392.431,7.2749,5.35995,4.7415,2,LLLTALLALLLGVLLSILILI,0.5520371159020787,0.0001904130321811,G,1,-97.9798985610966,-98.79334198221004,-97.90624771656908,-98.74934845774902,-97.99644781855014,-98.80322727500288,-34.842,-3.0060000000000002,16.14099999999999,892.4599999999996,-0.03904040517222062,-0.0033682181834479995,0.018085964637070566,-0.02432299486811735
FVLLTILLGALLILL,Mutant,,clash,15.0,LLLFVLLTILLGALLSLLILI,-0.0233491188189995,LLLFVLLTILLGALLILLILI_2,110011001100110000,1,-58.7999,-63.9388,-58.8679,-241.109,-223.761,-243.252,-360.687,4621.0,3786.58,3684.62,-21.6926,1504.55,-82.4707,1431.57,-58.5671,-60.9206,72.8806,-43.5579,8.62305,5.47698,5.07019,1414.99,-47.9501,60.2066,-41.6343,1143.87,7.3755,1.8204,1.2235,2,LLLFVLLTILLGALLILLILI,0.2626632587876463,0.0004867113036506,G,6,-72.49285686778731,-75.09792659054847,-75.42297833135319,-77.7505502902768,-79.85461085844628,-81.7624841353496,-23.90359999999999,0.06799999999999784,2.1430000000000007,834.4200000000001,-0.028646964358476534,8.149373217324349e-05,0.0025682510006950943,-0.025997219625608203
TALLVGLLGALLGFL,Mutant,,void,12.0,LLLTALLVGLLGLLLGFLILI,-0.1205788488078035,LLLTALLVGLLGALLGFLILI_0,110011001100110000,1,-52.5597,-47.009,-44.921,-217.837,-215.061,-234.487,-327.183,4459.78,3898.0,3789.6,-21.5533,-5.30717,-78.3399,-70.4205,-47.7757,-44.9293,74.56,-48.7093,6.58804,3.305,2.9234,-5.26372,-48.1591,65.1383,-40.7743,-332.49,7.1702,2.51753,1.9946,0,LLLTALLVGLLGALLGFLILI,0.3774892943418728,0.000222757340567,G,6,-79.51334806128499,-84.27611176726553,-77.60250061902649,-82.8095006439956,-74.46167132883141,-80.39885546561983,-30.5642,-7.6387,16.650000000000006,561.7799999999997,-0.05440599522944928,-0.013597315675175341,0.02963793655879528,-0.03836608636832926
TFLLAVLLGLLLGIL,WT,LLLTFLLAVLLILLLGILILI,clash,,,,LLLTFLLAVLLGLLLGILILI_2,110011001100110000,1,-46.7373,-46.6906,-44.9676,-225.832,-227.683,-242.611,-346.056,4602.05,3460.56,3560.25,-21.4497,-4.62983,-94.9366,-76.3126,-58.4772,-74.4227,50.0801,-37.573,7.37199,4.42422,3.67542,-17.6165,-76.6711,46.9516,-39.8118,-361.62,7.5,4.33913,3.5434,2,LLLTFLLAVLLGLLLGILILI,0.6443782764933684,0.0008972995933447,G,0,-92.0878010500893,-89.96652919584169,-91.433996056338,-89.13743814821444,-91.3589121318879,-89.04222411623662,-36.459399999999995,-1.7697000000000003,16.778999999999996,1141.4900000000002,-0.03194018344444541,-0.001550342096733217,0.014699208928680929,-0.018790966193308743
LTLLVGLLAALLYGL,Mutant,,void,11.0,LLLLTLLVGLLFALLYGLILI,-0.008657434684842,LLLLTLLVGLLAALLYGLILI_2,110011001100110000,1,-52.1639,-51.7809,-44.9471,-219.992,-219.404,-235.885,-337.309,4589.65,3717.03,3743.56,-21.3694,-17.106,-86.5227,-83.23,-56.4768,-39.3638,76.1736,-40.3515,7.12198,2.688,2.33061,-8.05156,-33.3677,74.3197,-39.8132,-346.268,7.0315,1.53831,1.15311,2,LLLLTLLVGLLAALLYGLILI,0.2476037803020475,0.0012759039361101,G,7,-64.84827396632126,-60.91113985716508,-66.87049376974014,-63.15985637817396,-68.20242752039769,-64.64097204370607,-30.045900000000003,-7.216799999999999,15.893,872.6199999999994,-0.03443182599527861,-0.008270266553597217,0.018212967843964166,-0.02448878091265386
SSLLAALLGTLLGFL,Mutant,,void,8.0,LLLSSLLALLLGTLLGFLILI,-0.0428103456343329,LLLSSLLAALLGTLLGFLILI_0,110011001100110000,1,-78.4415,-87.1842,-58.7559,-216.243,-210.122,-251.32,-353.466,4435.0,3442.01,3407.07,-21.3415,4851.82,-80.1224,4795.66,-43.3897,-62.344,66.3849,-36.4553,6.96588,4.81357,4.30934,2861.64,-65.5548,56.8812,-35.0605,4498.36,6.8434,4.01218,3.3654,0,LLLSSLLAALLGTLLGFLILI,0.2328711270060908,0.0003798675951253,G,6,-98.13904735365584,-98.58138161988089,-98.13374330020284,-98.5773382995243,-97.97293859520109,-98.45475564779842,-36.7327,-19.685600000000008,35.077,992.9899999999998,-0.03699201401826807,-0.019824570237363934,0.035324625625635715,-0.02149216004189368
YALLVGLLFLLLGTL,WT,LLLYALLVILLFLLLGTLILI,clash,,,,LLLYALLVGLLFLLLGTLILI_2,110011001100110000,1,-58.7681,-58.7681,-58.7681,-231.467,-227.334,-245.008,-336.364,4679.26,4005.79,3767.0,-21.3081,-17.2032,-67.4369,-67.4648,-32.588,-50.9677,74.2111,-45.0529,7.33683,4.16366,3.77682,-17.1185,-44.9135,70.5331,-40.7685,-353.473,7.218,2.759,2.317,2,LLLYALLVGLLFLLLGTLILI,0.2332855078810078,0.0005909106642403,G,1,-64.69749498066429,-64.32849235063456,-66.7741349321277,-66.42683856921117,-73.32341158536782,-73.04457212964567,-34.84889999999999,0.0,13.540999999999997,673.4700000000003,-0.05174528932246422,0.0,0.020106315054865088,-0.03163927123702614
TALLAVLLGLLLGSL,Mutant,,void,4.0,LLLTFLLAVLLGLLLGSLILI,0.2211613937755938,LLLTALLAVLLGLLLGSLILI_1,110011001100110000,1,-67.8982,-66.5925,-60.2706,-221.326,-218.799,-237.065,-363.949,4482.59,3703.12,3578.62,-21.3062,17841.2,-96.0316,17762.6,-66.6134,-66.4069,55.7839,-46.9294,7.32539,3.99186,3.32861,8881.6,-62.877,50.983,-41.0408,17467.0,7.3408,2.81426,2.07901,1,LLLTALLAVLLGLLLGSLILI,0.3764474759764881,0.0002048573156921,G,7,-70.37759224837778,-75.80150657136107,-68.35561657343206,-74.1497581553208,-65.86433258072336,-72.1146325898396,-29.4182,-7.627600000000001,15.739000000000004,779.4700000000003,-0.0377412857454424,-0.00978562356472988,0.02019192528256379,-0.02733421427380142
TFLLAALLGLLLGVL,Mutant,,void,8.0,LLLTFLLAILLGLLLGVLILI,0.069281937993741,LLLTFLLAALLGLLLGVLILI_2,110011001100110000,1,-49.4591,-49.4405,-44.9832,-221.659,-220.518,-238.749,-338.048,4602.95,3507.27,3510.96,-21.2776,7.41343,-88.2076,-60.676,-54.3162,-73.5233,37.9203,-36.9497,7.16616,2.64774,1.71655,-9.82334,-74.241,27.0676,-35.812,-347.722,7.4865,1.29028,0.196294,2,LLLTFLLAALLGLLLGVLILI,0.565160692619746,0.0005701001955532,G,6,-85.87517664099526,-88.63756492505543,-85.93355563244933,-88.68452675128702,-84.624162634898,-87.63121142520338,-33.8914,-4.475900000000003,17.090000000000003,1095.6799999999998,-0.030931841413551403,-0.004085043078271031,0.01559761974299066,-0.019419538551401872
TSLLLALLFGLLFAL,WT,LLLTSLLLALLFILLFALILI,clash,,,,LLLTSLLLALLFGLLFALILI_0,110011001100110000,1,-53.5521,-54.3076,-44.9597,-228.987,-228.799,-250.123,-341.195,4608.91,3628.14,3563.43,-21.25,-21.0026,-79.9056,-79.0905,-46.1121,-33.9501,71.4488,-37.705,7.37174,1.23811,0.809843,-20.7693,-33.5044,71.7656,-37.0663,-362.197,7.3729,1.21402,0.790504,0,LLLTSLLLALLFGLLFALILI,0.3699300683910735,0.0008199686794843,G,0,-85.78440307973247,-88.34948446547665,-86.59979279925874,-89.0177441697517,-88.40230099303363,-90.49500536606064,-33.79350000000001,-8.592400000000005,21.135999999999996,980.77,-0.03445609062267403,-0.008760871560100742,0.021550414470263155,-0.021666649673215944
AVLLTSLLGGLLFLL,WT,LLLAVLLTSLLGILLFLLILI,clash,,,,LLLAVLLTSLLGGLLFLLILI_1,110011001100110000,1,-80.4875,-78.6747,-74.1107,-219.898,-217.743,-236.44,-357.908,4528.42,3773.85,3600.8,-21.1266,-19.846,-78.6489,-81.3367,-47.3571,-49.1399,65.1403,-42.4884,6.66545,2.66492,2.14203,-14.338,-42.5413,66.4514,-37.8047,-374.057,6.7945,1.85213,1.3489,1,LLLAVLLTSLLGGLLFLLILI,0.2387416897970666,0.0002131666095114,G,0,-47.33018661491264,-59.94384690646702,-49.159130730249714,-61.33478529745439,-45.31245290352111,-58.40933130348665,-31.291799999999995,-6.376800000000003,16.542,754.5700000000002,-0.0414697112262613,-0.008450905813907261,0.02192241939117643,-0.027998197648992133
SALLGALLGLLLAVL,Mutant,,void,4.0,LLLSTLLGALLGLLLAVLILI,-0.2623423639943966,LLLSALLGALLGLLLAVLILI_0,110011001100110000,1,-57.3296,-56.7338,-44.8908,-216.393,-212.59,-237.216,-352.75,4425.29,3565.31,3544.91,-21.0278,43.229,-100.055,-40.1974,-70.643,-67.7509,69.4006,-41.0975,6.42149,6.03171,5.57271,32.142,-68.8242,63.6738,-35.7825,-309.521,6.5843,5.41959,4.8747,0,LLLSALLGALLGLLLAVLILI,1.1729391820759874,0.0003737012429444,G,7,-91.86792645590788,-93.13837937632876,-90.18755414723924,-91.7205273086992,-88.58952422555672,-90.37215348886,-29.412000000000006,-12.4388,20.823000000000008,859.98,-0.03420079536733413,-0.014464057303658224,0.024213353798925565,-0.024451498872066792
TFLLAILLGLLLGVL,WT,LLLTFLLAILLILLLGVLILI,clash,,,,LLLTFLLAILLGLLLGVLILI_1,110011001100110000,1,-46.1653,-44.9832,-44.9832,-223.56,-220.863,-242.571,-344.612,4591.78,3552.06,3468.98,-21.0149,-15.1953,-95.9021,-93.9612,-57.0577,-72.9985,32.8864,-39.0204,7.31596,1.88944,0.882736,-15.5271,-74.241,27.0676,-35.812,-360.679,7.4865,1.29028,0.196294,1,LLLTFLLAILLGLLLGVLILI,0.634442630613487,0.000729833780716,G,0,-87.11234840092555,-88.21920171652991,-87.72955389650215,-88.78339864464668,-88.16582067659341,-89.18219674176495,-38.84440000000001,-1.1821000000000055,19.010999999999996,1039.7199999999998,-0.03736044319624516,-0.0011369407148078383,0.018284730504366558,-0.020212076328242224
YLLLGALLGTLLIFL,Mutant,,clash,15.0,LLLYLLLGALLGTLLSFLILI,0.4133293676912281,LLLYLLLGALLGTLLIFLILI_2,110011001100110000,1,-58.7234,-55.3281,-58.7234,-235.84,-230.264,-246.097,-344.8,4634.58,3889.64,3599.46,-20.9794,3444.49,-71.2166,3385.28,-39.9799,-64.8632,73.6074,-46.6916,7.88572,6.16648,5.77059,2934.02,-60.6857,64.7023,-38.4105,3165.13,7.3229,4.33767,3.8082,2,LLLYLLLGALLGTLLIFLILI,0.1100645251805947,0.0012152939324459,G,7,610.1311114269648,574.2293433064159,500.8390322147114,470.4626928806953,328.15805115505657,306.51186381843,-31.2367,0.0,10.257000000000005,744.94,-0.04193183343624989,0.0,0.013768894139125304,-0.028162536580127254
VALLAALLGLLLGTL,Mutant,,void,7.0,LLLVALLFALLGLLLGTLILI,-0.0468117019987944,LLLVALLAALLGLLLGTLILI_2,110011001100110000,1,-67.484,-66.8771,-58.7454,-212.946,-212.413,-228.552,-351.024,4450.32,3762.1,3665.63,-20.9643,-19.272,-91.5584,-91.0061,-63.7268,-55.0286,63.1939,-44.0443,6.48772,3.28546,2.73337,-9.10417,-48.7411,63.2863,-39.7126,-359.527,6.542,2.35481,1.8041,2,LLLVALLAALLGLLLGTLILI,0.4280528744405865,0.0015310850511018,G,6,-75.98764083630277,-78.87447413590957,-77.03009590504986,-79.7916023267232,-74.23492163968227,-77.33247176670157,-27.83160000000001,-8.738599999999998,15.605999999999995,688.2199999999998,-0.04043997558920115,-0.012697393275406121,0.02267588852401848,-0.03046162564296302
SSLLAALLGVLLGTL,Mutant,,void,8.0,LLLSSLLALLLGVLLGTLILI,0.3408176901150199,LLLSSLLAALLGVLLGTLILI_2,110011001100110000,1,-78.1372,-84.0489,-58.7566,-213.772,-210.313,-248.712,-364.377,4402.71,3501.77,3408.72,-20.9402,1650.57,-93.4079,1580.55,-56.9082,-73.0555,49.8311,-37.4317,7.09332,4.18552,3.43298,628.288,-66.9239,51.0441,-36.0241,1286.19,6.7893,3.42954,2.6952,2,LLLSSLLAALLGVLLGTLILI,0.2154168840223913,0.0001208863524685,G,6,-90.27777197668368,-91.98188726900317,-89.66005699583394,-91.47244557105076,-87.9705566460958,-90.0790813925136,-36.4997,-19.38060000000001,34.94,900.94,-0.04051290873976069,-0.02151153239949387,0.038781716873487686,-0.023242613270584057
YVLLTALLGALLGFL,Mutant,,void,8.0,LLLYVLLTLLLGALLGFLILI,0.0397427754954834,LLLYVLLTALLGALLGFLILI_1,110011001100110000,1,-58.8225,-66.167,-58.8225,-232.417,-226.165,-241.037,-329.116,4573.31,4055.97,3650.24,-20.9313,34374.6,-58.8079,34337.8,-29.257,-38.6896,83.1206,-52.7066,7.99501,3.52473,3.27154,34299.7,-43.2635,63.1811,-42.5139,34036.3,7.006,1.51898,0.966697,1,LLLYVLLTALLGALLGFLILI,0.2067350468038627,0.0006626546227665,G,6,17.26030799344043,7.504065655056817,8.060889953331872,-0.9299463128076024,14.83560262482722,5.281099592609284,-29.550899999999995,0.0,8.620000000000005,517.3400000000006,-0.05712084895813191,0.0,0.0166621564155101,-0.04045946572853438
AGLLFALLGVLLATL,Mutant,,void,8.0,LLLAGLLFLLLGVLLATLILI,0.0491112866578135,LLLAGLLFALLGVLLATLILI_1,110011001100110000,1,-63.0458,-63.7866,-58.8369,-215.12,-211.776,-231.235,-333.37,4453.1,3603.9,3666.42,-20.9072,-9.14241,-76.1115,-66.9496,-43.2979,-72.2934,65.4295,-35.0277,7.24872,6.177,5.65844,-8.6682,-73.6779,53.5881,-38.6441,-343.643,7.4088,4.78608,4.0899,1,LLLAGLLFALLGVLLATLILI,0.2698887420080933,0.0012856110724457,G,6,-61.74228879032776,-68.66608445636182,-56.96394499979908,-64.75251472004575,-63.27751464126929,-69.92346854006128,-32.81360000000001,-4.2089,16.11500000000001,849.2000000000003,-0.038640602920395666,-0.004956311822892132,0.018976683937823837,-0.02461987753179462
YSLLAALLGTLLGFL,Mutant,,void,8.0,LLLYSLLALLLGTLLGFLILI,-0.0085478027371015,LLLYSLLAALLGTLLGFLILI_0,110011001100110000,1,-65.2513,-71.8392,-58.7271,-218.502,-215.373,-241.113,-329.288,4550.62,3695.66,3589.94,-20.8644,8087.02,-66.3986,8044.94,-29.4482,-74.6221,50.9328,-32.864,7.09445,4.56925,3.83324,7488.62,-65.5548,56.8812,-35.0605,7757.73,6.8434,4.01218,3.3654,0,LLLYSLLAALLGTLLGFLILI,0.1442600972212946,0.0005631163902861,G,6,-92.62090133618572,-94.00103611478984,-93.47279007059753,-94.69359356452478,-93.4197756897168,-94.6504946210373,-36.9504,-6.5242,22.61099999999999,854.96,-0.043218864040422945,-0.007631000280714888,0.026446851314681375,-0.024403948722747263
ASLLTALLGLLLGVL,Mutant,,void,3.0,LLLFSLLTALLGLLLGVLILI,0.0145235049310481,LLLASLLTALLGLLLGVLILI_2,110011001100110000,1,-69.7034,-58.7519,-58.6666,-222.751,-213.663,-235.565,-357.843,4453.7,3779.11,3513.44,-20.8165,1633040.0,-86.2059,1632960.0,-63.6118,-51.5916,82.345,-46.9973,8.01271,5.35532,5.09049,1576820.0,-50.5887,64.17,-37.5151,1632640.0,7.0583,2.75125,2.2138,2,LLLASLLTALLGLLLGVLILI,0.243942844758297,0.0002886223748748,G,6,-81.82060127120705,-85.4768503124929,-79.7965134573035,-83.85984797151768,-76.9110914933812,-81.55474340129372,-22.594099999999997,-11.0368,12.813999999999993,674.5899999999997,-0.033493084688477455,-0.016360752457047992,0.018995241554129173,-0.030858002638639782
VGLLLALLGLLLGTL,WT,LLLVGLLLALLILLLGTLILI,clash,,,,LLLVGLLLALLGLLLGTLILI_1,110011001100110000,1,-67.0241,-66.696,-58.7749,-215.01,-214.455,-231.704,-357.624,4495.72,3792.79,3670.69,-20.8049,-15.51,-96.3944,-91.983,-67.145,-52.2203,64.557,-42.3475,6.63813,3.04825,2.51661,-8.79645,-46.3992,64.2808,-38.4034,-367.607,6.6622,2.13779,1.602,1,LLLVGLLLALLGLLLGTLILI,0.3744591940698367,0.0001151421700415,G,0,-61.391124628360295,-66.65407252691381,-59.331453380823305,-64.87516424798426,-70.48135505286523,-74.50517312312132,-29.24940000000001,-8.249200000000002,16.694000000000017,702.9300000000003,-0.04161068669711066,-0.011735450187074102,0.023749164212652767,-0.029597399456560383
LTLLVALLAGLLFIL,Mutant,,clash,16.0,LLLLTLLVALLAGLLFSLILI,-0.0014954215832284,LLLLTLLVALLAGLLFILILI_1,110011001100110000,1,-52.0124,-51.3973,-44.995,-225.818,-220.996,-239.155,-345.766,4596.83,3779.68,3652.06,-20.7933,17.053,-88.7289,-56.3195,-61.6158,-39.434,81.2941,-41.045,7.7417,3.38982,3.10923,18.4951,-35.1672,74.1308,-38.712,-328.628,7.5,1.78274,1.3947,1,LLLLTLLVALLAGLLFILILI,0.2934944908764249,0.000398534580299,G,6,-76.334046293615,-80.69692750887178,-77.46790346171211,-81.62175510643694,-82.52561254364595,-85.74706213014103,-27.113099999999996,-7.017400000000002,13.336999999999989,817.1500000000001,-0.033180077097228165,-0.008587652205837364,0.016321360827265482,-0.025446123722694728
TSLLVGLLIYLLGLL,Mutant,,clash,11.0,LLLTSLLVGLLAYLLGLLILI,0.2511780215527613,LLLTSLLVGLLIYLLGLLILI_2,110011001100110000,1,-58.8488,-51.5678,-44.9603,-234.58,-229.686,-256.188,-361.048,4621.67,3774.27,3637.48,-20.764,1557250.0,-88.3841,1557170.0,-59.8998,-43.4219,84.5828,-47.3341,7.96266,4.43196,4.2007,1524710.0,-47.0876,58.6724,-35.0,1556970.0,7.44,1.48391,0.863996,2,LLLTSLLVGLLIYLLGLLILI,0.1521431125238671,0.0007503435491158,G,6,-65.61741867303645,-69.37577544829506,-68.42996813877514,-71.88088539284749,-70.29180564255702,-73.5392056118093,-28.484300000000005,-13.8885,21.607999999999976,847.4000000000001,-0.033613759735662024,-0.016389544489025253,0.025499173943828148,-0.02450318621666273
YALLAVLLGLLLGTL,Mutant,,void,4.0,LLLYFLLAVLLGLLLGTLILI,-0.0209413355942528,LLLYALLAVLLGLLLGTLILI_0,110011001100110000,1,-58.7556,-60.3616,-58.7556,-229.106,-222.903,-240.658,-347.766,4583.77,3685.41,3632.49,-20.7147,-16.1609,-80.6191,-80.6619,-48.3525,-69.4777,45.6586,-41.9608,7.0661,3.08556,2.27044,-15.8791,-71.1719,34.5088,-41.0473,-363.927,6.9662,1.83447,0.852102,0,LLLYALLAVLLGLLLGTLILI,0.2849663262674139,0.0006134358403236,G,7,-74.57583928405897,-77.31610309631156,-72.0259789014931,-75.04107145679485,-72.78724038534446,-75.72028274755756,-32.266600000000004,0.0,11.551999999999992,898.3600000000006,-0.035917226946880966,0.0,0.012858987488312018,-0.023058350772518797
TALLALLLGVLLASL,Mutant,,void,7.0,LLLTALLFLLLGVLLASLILI,0.0249352033330274,LLLTALLALLLGVLLASLILI_0,110011001100110000,1,-67.0136,-65.8041,-60.3462,-219.067,-216.283,-238.459,-367.607,4507.03,3565.72,3570.59,-20.7048,806.352,-102.231,720.833,-68.8014,-55.5102,71.83,-42.8897,7.29609,4.52357,4.10102,237.24,-60.5958,60.1642,-40.2827,438.746,7.5,3.71154,3.114,0,LLLTALLALLLGVLLASLILI,0.7871650653069151,0.0003436304196314,G,7,-92.27782974465237,-93.6387000558734,-91.14868563598304,-92.70854387984048,-89.68014513537071,-91.49880279727064,-33.42959999999999,-6.6673999999999936,19.391999999999996,941.31,-0.03551391146381107,-0.007083107584111498,0.0206010772221691,-0.021995729355897633
TALLFLLLGALLGSL,Mutant,,void,12.0,LLLTALLFLLLGYLLGSLILI,0.5035978066001695,LLLTALLFLLLGALLGSLILI_2,110011001100110000,1,-72.905,-69.6513,-60.326,-218.475,-217.71,-236.644,-346.579,4508.9,3752.44,3546.54,-20.3495,38372.9,-75.5485,38313.7,-49.6094,-44.6541,56.8492,-51.7885,6.4834,0.872759,0.225497,34466.6,-54.4566,55.8714,-40.6917,38026.3,7.0594,2.21113,1.5492,2,LLLTALLFLLLGALLGSLILI,0.585316739169249,0.0001078303426414,G,6,-79.94416204146668,-83.36356176743004,-79.1749236687853,-82.72547390993459,-82.47211100129954,-85.46051063649762,-25.939100000000003,-12.579,18.16900000000001,756.4599999999996,-0.034290114480607065,-0.016628770853713358,0.024018454379610317,-0.026900959733495506
AVLLFSLLGALLGTL,Mutant,,void,12.0,LLLAVLLFSLLGLLLGTLILI,0.0177261569847875,LLLAVLLFSLLGALLGTLILI_1,110011001100110000,1,-83.1224,-81.2441,-74.0995,-213.949,-218.032,-232.401,-348.468,4422.3,3743.62,3700.54,-20.3233,-12.4192,-71.7191,-61.6108,-41.9672,-50.114,59.8488,-43.7724,6.47682,2.09668,1.49441,-8.34321,-42.8159,67.1774,-38.5102,-356.604,7.1897,1.99134,1.499,1,LLLAVLLFSLLGALLGTLILI,0.243719369356584,0.0005799251788224,G,6,-48.92386098858811,-54.06813821067307,-44.06838538967525,-49.70169551458585,-47.87184861213827,-53.12208222423761,-29.7519,-9.022899999999993,18.451999999999998,678.6800000000003,-0.04383789120056578,-0.013294778098662093,0.02718807096127776,-0.02994533506217951
LTLLVALLAGLLFSL,WT,LLLLTLLVALLAILLFSLILI,clash,,,,LLLLTLLVALLAGLLFSLILI_2,110011001100110000,1,-67.0364,-66.8381,-60.3111,-222.381,-221.893,-237.175,-353.622,4555.23,3728.0,3642.96,-20.3132,-16.3945,-84.5178,-81.285,-56.1356,-38.6849,77.9988,-39.6124,7.71916,2.83257,2.50255,-14.7329,-35.1672,74.1308,-38.712,-369.06,7.5,1.78274,1.3947,2,LLLLTLLVALLAGLLFSLILI,0.2919990692931964,0.0005122825055626,G,0,-80.37221091585343,-81.72691186459777,-81.07805813669094,-82.38404183584403,-81.80152906169748,-83.05757913132695,-28.382199999999997,-6.725299999999997,14.794000000000011,827.2299999999996,-0.03430992589727163,-0.008129903412593838,0.017883780810657276,-0.024555685843114985
AGLLALLLGTLLSYL,Mutant,,void,7.0,LLLAGLLFLLLGTLLSYLILI,-0.0615239791586846,LLLAGLLALLLGTLLSYLILI_1,110011001100110000,1,-73.3549,-78.7703,-74.1054,-222.895,-219.448,-238.615,-361.557,4464.15,3599.47,3648.75,-20.282,-19.0323,-85.589,-82.371,-48.8358,-70.4965,63.85,-32.6489,7.14058,5.69423,5.15198,-11.2841,-64.7067,61.3173,-36.5921,-374.681,7.395,4.48384,3.9036,1,LLLAGLLALLLGTLLSYLILI,0.1881659393252961,0.0009541016699408,G,6,-50.30176179653402,-59.68525581694664,-50.64998401420365,-59.96773041024576,-49.91591175809325,-59.372257888748926,-36.7532,0.7505000000000024,15.719999999999999,864.6799999999998,-0.0425049729379655,0.000867951149558221,0.01818013600407087,-0.023456076236295514
YALLALLLGTLLIFL,Mutant,,clash,15.0,LLLYALLALLLGTLLSFLILI,0.0094934900131332,LLLYALLALLLGTLLIFLILI_1,110011001100110000,1,-58.8208,-55.4247,-58.8208,-236.415,-229.863,-248.311,-348.773,4679.66,3882.82,3635.32,-20.1759,73.0145,-73.7127,9.52926,-41.6408,-66.4691,76.0551,-38.5362,8.02697,6.73781,6.37863,49.8759,-66.9322,64.0684,-37.8112,-288.821,7.282,5.18907,4.6501,1,LLLYALLALLLGTLLIFLILI,0.1960749427510296,0.0001826436903199,G,6,-63.167018442612935,-65.42968366615816,-68.34844793490822,-70.29281581121853,-73.51689624585971,-75.14376421425027,-32.0719,0.0,11.896000000000015,796.8399999999997,-0.04024885798905679,0.0,0.014928969429245544,-0.025319888559811262
AALLAGLLFLLLSVL,Mutant,,void,3.0,LLLTALLAGLLFLLLSVLILI,0.0131876375008235,LLLAALLAGLLFLLLSVLILI_1,110011001100110000,1,-60.2318,-61.0106,-60.3184,-220.224,-217.114,-235.118,-351.449,4531.84,3644.7,3591.26,-20.1347,-15.4266,-91.1275,-88.7513,-56.0128,-76.7626,70.0598,-40.8784,7.26347,7.47247,7.02337,-12.5321,-68.8165,69.6202,-43.3499,-364.451,7.0847,6.2212,5.7655,1,LLLAALLAGLLFLLLSVLILI,0.2876683572109892,0.0005934254878805,G,7,-53.57848357916225,-62.51698965131767,-58.187792331462994,-66.23877172531316,-61.30486480655038,-68.75564900226584,-35.1147,0.08659999999999712,14.894000000000005,887.1400000000003,-0.039581914917600367,9.761706156863302e-05,0.016788781928444213,-0.022696192258268133
TFLLALLLGYLLGSL,WT,LLLTFLLALLLIYLLGSLILI,clash,,,,LLLTFLLALLLGYLLGSLILI_0,110011001100110000,1,-63.9199,-61.5111,-60.2601,-225.599,-226.604,-244.905,-346.916,4558.97,3668.58,3571.28,-20.1244,-17.9348,-77.5217,-76.7358,-41.7503,-78.363,39.366,-45.0715,7.22746,3.56887,2.65936,-17.765,-75.8727,44.54,-43.5756,-364.851,7.3804,3.8938,3.0619,0,LLLTFLLALLLGYLLGSLILI,0.943958555610429,0.0011727640245902,G,1,-96.1408091229162,,-95.72816416782145,,-96.16535290231153,,-35.77139999999999,-3.659799999999997,19.30600000000001,890.3900000000003,-0.04017497950336367,-0.004110333674008014,0.021682633452756662,-0.022601781241927688
YLLLTTLLAGLLFSL,WT,LLLYLLLTTLLAILLFSLILI,clash,,,,LLLYLLLTTLLAGLLFSLILI_1,110011001100110000,1,-87.9013,-84.6885,-87.9598,-235.255,-232.896,-248.44,-366.037,4649.53,3812.83,3690.42,-20.0883,-17.4404,-62.9682,-65.8923,-29.6366,-36.8018,76.0349,-45.7416,7.55218,2.28499,1.92551,-12.0636,-30.525,71.559,-44.3251,-375.59,7.1169,0.739215,0.3126,1,LLLYLLLTTLLAGLLFSLILI,0.156838734075621,0.0013901562060263,G,0,-66.32029579721838,-72.49494718975292,-76.86123220445474,-81.10336639690698,-84.3978247053257,-87.25824155547942,-33.3316,0.05849999999999511,13.185000000000002,836.6999999999998,-0.03983697860643003,6.99175331660035e-05,0.01575833632126211,-0.02400896378630334
YALLVGLLFLLLGAL,Mutant,,void,16.0,LLLYALLVGLLFLLLGTLILI,0.0120418241191221,LLLYALLVGLLFLLLGALILI_0,110011001100110000,1,-44.9738,-44.9738,-44.9738,-225.632,-221.472,-241.931,-325.26,4682.65,3960.9,3793.33,-20.0707,-15.6075,-74.7248,-74.4213,-38.3555,-46.5474,75.6238,-41.2294,7.28243,3.69131,3.32567,-15.6089,-44.9135,70.5331,-40.7685,-340.867,7.218,2.759,2.317,0,LLLYALLVGLLFLLLGALILI,0.2212436837618857,0.0005713815384868,G,7,-67.48022940352608,-70.69383296651331,-68.10424417732739,-71.25618260357895,-70.9022184535057,-73.77766107618451,-36.3693,0.0,16.299000000000007,721.7499999999995,-0.05039043990301354,0.0,0.022582611707655027,-0.027808382403879475
TALLVGLLGGLLALL,Mutant,,void,15.0,LLLTALLVGLLGGLLFLLILI,-0.0866734813629178,LLLTALLVGLLGGLLALLILI_0,110011001100110000,1,-54.0264,-52.1578,-44.9383,-216.81,-215.217,-233.337,-345.218,4446.2,3875.49,3748.87,-20.0374,-15.8146,-94.4196,-93.6576,-66.9428,-43.4821,73.4579,-46.2954,6.37211,2.93913,2.541,-14.9108,-45.1876,67.311,-43.6659,-361.033,6.6072,2.36513,1.8748,0,LLLTALLVGLLGGLLALLILI,0.367301139473154,9.128340763372232e-05,G,6,-97.65326425600972,-97.90832950183736,-97.4099840895446,-97.6914913050841,-96.66064673817118,-97.02359896353992,-27.476799999999997,-9.088100000000004,16.526999999999987,570.71,-0.0481449422648981,-0.01592419968109899,0.028958665521893755,-0.035109600322405426
TGLLFGLLAILLILL,Mutant,,clash,15.0,LLLTGLLFGLLAILLSLLILI,-0.0844402048633313,LLLTGLLFGLLAILLILLILI_1,110011001100110000,1,-45.0043,-45.0043,-45.0043,-229.133,-228.265,-244.872,-349.366,4662.33,3698.71,3639.42,-19.9647,-15.5483,-95.1939,-91.6454,-59.4893,-73.4731,68.8934,-44.3486,7.54468,6.82158,6.35498,-10.3236,-69.3499,66.3154,-44.3229,-356.645,7.423,5.85507,5.3498,1,LLLTGLLFGLLAILLILLILI,0.2329985095060712,0.0009301226374876,G,6,-86.0678489650305,-88.11486255148078,-87.62880803233702,-89.44647408941806,-90.82270839374416,-92.17110323655552,-35.7046,0.0,15.739000000000004,963.6199999999999,-0.03705257259085532,0.0,0.01633320188456031,-0.02071843672817086
LVLLATLLGGLLSIL,WT,LLLLVLLATLLGGLLIILILI,clash,,,,LLLLVLLATLLGGLLSILILI_0,110011001100110000,1,-78.7134,-71.7422,-73.9676,-223.591,-217.299,-234.608,-372.048,4460.3,3850.23,3735.22,-19.9317,-6.02469,-89.6756,-89.0322,-63.473,-31.6522,88.3456,-46.9431,7.07206,3.17448,2.99967,-5.62342,-38.0441,72.2659,-45.0,-378.073,7.1084,1.96251,1.5465,0,LLLLVLLATLLGGLLSILILI,0.2396165391427384,0.000787711081396,G,0,-51.24458986190857,-56.43489228538699,-49.90457150640239,-55.23752682723907,-55.92220755499656,-60.61454984687571,-26.202600000000004,-4.7457999999999885,11.016999999999996,610.0700000000002,-0.04295015326110118,-0.0077791073155539315,0.018058583441244436,-0.032671168882259405
TALLALLLGVLLSAL,Mutant,,void,16.0,LLLTALLALLLGVLLSILILI,-0.0274093567143666,LLLTALLALLLGVLLSALILI_2,110011001100110000,1,-60.3376,-60.5202,-60.3301,-224.143,-221.851,-238.764,-367.947,4516.67,3678.47,3652.99,-19.8813,-16.9816,-103.348,-102.558,-68.8533,-77.5976,65.1409,-42.5724,7.37436,6.93366,6.41077,-14.5278,-72.8398,58.7702,-43.8998,-383.545,7.2749,5.35995,4.7415,2,LLLTALLALLLGVLLSALILI,0.5794464726164453,0.0007923055568347,G,7,-97.92521527002845,,-97.6341687391654,,-97.38961503234538,,-34.494699999999995,-0.007500000000000284,14.62100000000001,838.2000000000003,-0.04115330470054877,-8.947745168217945e-06,0.017443330947267962,-0.02371904080171796
ATLLVGLLFGLLALL,Mutant,,void,15.0,LLLATLLVGLLFGLLFLLILI,-0.0825738698854094,LLLATLLVGLLFGLLALLILI_2,110011001100110000,1,-52.3149,-52.6274,-45.0114,-217.924,-218.102,-239.373,-336.406,4538.02,3638.09,3637.0,-19.8682,77.0785,-86.0355,11.4018,-52.022,-39.8468,81.1352,-38.088,7.42805,3.43027,3.1473,55.2933,-40.652,76.0053,-35.3219,-259.328,7.3774,2.85852,2.4986,2,LLLATLLVGLLFGLLALLILI,0.5576269498448874,0.0013467412038988,G,6,-80.26110043735585,-81.71780283863919,-80.23346425991672,-81.69220617135159,-80.23597793108497,-81.69453433720253,-34.0135,-7.3035,21.448999999999984,899.9300000000003,-0.03779571744469013,-0.008115631215761223,0.023834075983687593,-0.02207749491627126
TALLALLLGVLLGIL,Mutant,,void,7.0,LLLTALLFLLLGVLLGILILI,0.0408780080536824,LLLTALLALLLGVLLGILILI_1,110011001100110000,1,-51.1008,-51.3531,-44.96,-220.677,-218.679,-238.892,-356.174,4513.54,3616.49,3665.89,-19.5983,-17.1043,-103.994,-103.246,-72.3213,-70.281,58.6026,-34.4667,6.91668,4.95349,4.33253,-11.4271,-65.2659,57.7881,-36.226,-368.001,7.2064,4.09128,3.4581,1,LLLTALLALLLGVLLGILILI,0.6710702193408814,0.0010157905067808,G,7,-89.91526452554726,-91.16340182566806,-89.10875951934297,-90.4567139126863,-88.53321224256516,-89.95239924542503,-31.672700000000006,-6.140799999999999,18.215000000000003,897.0500000000002,-0.0353076194192074,-0.00684554930048492,0.02030544562733404,-0.021847500139345628
GALLGALLGTLLSFL,Mutant,,void,4.0,LLLGLLLGALLGTLLSFLILI,0.0124561340695903,LLLGALLGALLGTLLSFLILI_1,110011001100110000,1,-87.4046,-79.2998,-74.0016,-214.613,-211.765,-233.892,-347.22,4380.88,3839.76,3610.62,-19.4453,-11.4577,-64.6473,-67.6132,-39.3258,-74.0819,61.7998,-41.4594,6.59397,5.95525,5.38225,-14.6,-70.6341,63.5646,-35.8262,-361.156,6.7474,5.67633,5.1298,1,LLLGALLGALLGTLLSFLILI,1.0127525854275548,0.0008745399108728,G,6,-98.52492169451844,-98.51014233202426,-98.29708447340978,-98.28002232438972,-98.08239447941048,-98.06318127086128,-25.3215,-13.403000000000006,19.278999999999996,541.1199999999999,-0.04679461117681846,-0.024768997634535793,0.035627956830277946,-0.03593528237729155
YLLLGTLLGILLAFL,WT,LLLYLLLGTLLGILLIFLILI,clash,,,,LLLYLLLGTLLGILLAFLILI_2,110011001100110000,1,-58.7658,-58.7658,-58.7658,-236.781,-234.728,-246.112,-341.177,4624.75,3948.89,3715.83,-19.353,1726.44,-64.9834,1678.76,-36.2992,-60.5419,67.9079,-44.2301,7.82123,4.74885,4.26747,1394.91,-52.9906,59.3407,-40.4383,1378.58,7.2557,2.45959,1.8497,2,LLLYLLLGTLLGILLAFLILI,0.4197387697100309,0.0010404679448137,G,0,-90.94234056898333,-92.55239014976092,-93.4734022456765,-94.633541469091,-95.238454016912,-96.0848454243513,-28.684200000000004,0.0,9.330999999999989,675.8600000000001,-0.042441038084810465,0.0,0.013806113692184752,-0.028634628473352467
TFLLALLLGALLGSL,Mutant,,void,12.0,LLLTFLLALLLGYLLGSLILI,0.252773381070757,LLLTFLLALLLGALLGSLILI_1,110011001100110000,1,-66.3337,-60.2601,-60.2601,-222.492,-219.847,-237.831,-347.849,4496.74,3677.29,3636.73,-19.2594,-7.99887,-78.2819,-75.7406,-49.7576,-72.3205,53.8252,-48.2685,7.07592,4.61447,3.92185,-9.24347,-75.8727,44.54,-43.5756,-358.009,7.3804,3.8938,3.0619,1,LLLTFLLALLLGALLGSLILI,0.691185174539672,0.0004751074740393,G,7,-86.39073710613097,-88.44329759721813,-85.40107422169896,-87.60289650248933,-84.53490225373663,-86.86736132020681,-28.524299999999997,-6.073599999999992,15.338999999999999,819.4499999999998,-0.034809079260479596,-0.00741180059796204,0.018718652754896578,-0.023502837268899877
YFLLATLLGVLLGLL,WT,LLLYFLLATLLIVLLGLLILI,clash,,,,LLLYFLLATLLGVLLGLLILI_0,110011001100110000,1,-60.3161,-63.2456,-58.7598,-231.943,-224.451,-245.515,-338.688,4686.21,3808.71,3721.28,-19.1367,-13.2411,-65.5651,-64.2323,-34.4132,-79.0159,52.9073,-45.5555,7.65251,5.49487,4.78848,-12.7256,-75.4208,48.7219,-40.9997,-351.929,7.4067,4.39057,3.6214,0,LLLYFLLATLLGVLLGLLILI,0.3294344508217069,0.0001248230910125,G,0,-91.93223747685384,-96.52155386637445,-92.81125310643168,-96.90054475874756,-93.68356780410394,-97.27664651914488,-31.151899999999998,-1.5563000000000002,13.571999999999974,877.5,-0.035500740740740735,-0.001773561253561254,0.015466666666666637,-0.02180820512820513
YVLLTLLLGILLFAL,Mutant,,clash,12.0,LLLYVLLTLLLGGLLFALILI,0.1067768083614673,LLLYVLLTLLLGILLFALILI_2,110011001100110000,1,-58.7757,-58.7757,-58.7757,-238.599,-226.794,-250.348,-350.144,4730.96,4006.92,3734.02,-19.0863,850.542,-71.856,785.968,-41.0202,-37.9337,86.1912,-35.012,8.98338,3.82587,3.61873,730.791,-36.0293,69.0807,-35.6829,500.397,7.2857,1.23029,0.766501,2,LLLYVLLTLLLGILLFALILI,0.1931327958735081,0.0004558867955207,G,6,-48.16486291618082,-51.77353404712479,-51.62854079182213,-54.99607675731829,-71.39521164167142,-73.38662672732158,-30.835799999999992,0.0,11.749000000000024,724.04,-0.0425885310203856,0.0,0.01622700403292639,-0.026360836417877467
AVLLIGLLFGLLSTL,WT,LLLAVLLIILLFGLLSTLILI,clash,,,,LLLAVLLIGLLFGLLSTLILI_0,110011001100110000,1,-76.3906,-76.638,-74.0695,-219.582,-215.259,-236.487,-353.112,4496.27,3708.46,3598.94,-19.0647,-14.1772,-76.2037,-75.3919,-42.5556,-32.3989,79.2822,-41.1424,7.45576,2.06292,1.75215,-10.5779,-35.7131,69.4343,-39.9439,-367.289,7.5,1.23059,0.772104,0,LLLAVLLIGLLFGLLSTLILI,0.4838671128268577,6.687759222938031e-05,G,0,-88.76611575067909,-88.90096014598173,-88.22669316205601,-88.36801244272876,-88.02470765041332,-88.1684514365886,-33.6481,-2.3211000000000013,16.905,787.8100000000004,-0.042710932839136316,-0.0029462687703887993,0.021458219621482328,-0.024199616658839046
TGLLFGLLAILLSLL,WT,LLLTGLLFGLLAILLILLILI,clash,,,,LLLTGLLFGLLAILLSLLILI_1,110011001100110000,1,-60.4741,-61.7857,-60.3201,-227.258,-225.218,-242.1,-356.754,4569.77,3690.55,3694.94,-19.0554,-9.31552,-88.0777,-79.0661,-54.3339,-73.137,70.9944,-40.6621,7.536,7.0548,6.61971,-15.2273,-69.3499,66.3154,-44.3229,-372.843,7.423,5.85507,5.3498,1,LLLTGLLFGLLAILLSLLILI,0.1485583046427399,0.0003183062532614,G,0,-97.2655645205702,-97.62730467149356,-97.39844009229232,-97.74260205213004,-98.02570751867424,-98.28688788498174,-33.74379999999999,-0.15400000000000347,14.841999999999985,879.2200000000003,-0.03837924524009916,-0.00017515525124542597,0.016880871681717865,-0.021673073860922175
ATLLVALLAGLLFSL,Mutant,,void,3.0,LLLLTLLVALLAGLLFSLILI,-0.1497005657008194,LLLATLLVALLAGLLFSLILI_2,110011001100110000,1,-67.1666,-65.5799,-60.3111,-221.836,-218.522,-240.007,-348.713,4532.69,3670.59,3571.57,-18.9805,-15.4935,-78.6906,-80.1044,-48.3944,-39.2771,78.5222,-39.7114,7.74092,2.99207,2.6699,-15.1688,-35.1672,74.1308,-38.712,-364.247,7.5,1.78274,1.3947,2,LLLATLLVALLAGLLFSLILI,0.4416996349940159,0.0008606507497982,G,6,-82.25646101724094,-85.57184213770942,-81.70972640826028,-85.12726491696358,-80.28580964719217,-83.96940707183951,-30.296200000000006,-6.855499999999999,18.170999999999992,862.0999999999995,-0.035142326876232484,-0.007952093724625917,0.021077601206356576,-0.02201658740285351
YLLLGALLAALLSTL,Mutant,,void,12.0,LLLYLLLGALLAFLLSTLILI,0.0324282991991256,LLLYLLLGALLAALLSTLILI_0,110011001100110000,1,-73.9835,-75.1557,-73.9835,-228.881,-216.843,-240.248,-362.523,4543.88,3800.19,3769.12,-18.9507,-5.43102,-78.6094,-75.9553,-48.2923,-78.1099,72.527,-41.2812,7.58123,8.00763,7.59554,-6.1512,-74.4436,60.1664,-43.4591,-367.954,7.3574,5.789,5.1915,0,LLLYLLLGALLAALLSTLILI,0.131940607237181,0.0004376569594084,G,6,-51.36377919070283,-58.427730683530434,-56.41024030962395,-62.74124101060703,-65.36578661831453,-70.39607884187684,-30.317099999999996,0.0,11.36699999999999,743.69,-0.04076577606260672,0.0,0.015284594387446369,-0.025481988462934826
TVLLASLLGALLAGL,Mutant,,void,15.0,LLLTVLLASLLGALLFGLILI,-0.4194937330168375,LLLTVLLASLLGALLAGLILI_1,110011001100110000,1,-68.3324,-68.0367,-60.1977,-214.702,-212.848,-229.881,-351.244,4383.93,3849.52,3728.88,-18.8964,-17.2473,-87.1056,-87.607,-61.165,-56.0974,63.6212,-41.6305,6.98586,3.50348,2.95779,-9.23711,-47.3686,64.4721,-36.7023,-360.52,7.1956,2.30902,1.7761,1,LLLTVLLASLLGALLAGLILI,0.6557280885137553,0.0002933690264575,G,6,-62.37311291882966,-66.99937305959985,-58.802678548397566,-63.867926856791954,-43.83489806087269,-50.74044865406295,-25.940599999999996,-8.13470000000001,15.179000000000002,534.4100000000003,-0.04854063359592818,-0.015221833423775762,0.028403285866656674,-0.03535936827529423
VGLLLALLGALLGTL,Mutant,,void,12.0,LLLVGLLLALLGLLLGTLILI,0.1040571758339994,LLLVGLLLALLGALLGTLILI_1,110011001100110000,1,-66.5072,-67.3011,-58.7749,-212.523,-208.751,-227.765,-347.492,4411.13,3825.03,3713.32,-18.8083,-14.0154,-87.2699,-85.4546,-60.9515,-53.6355,65.4338,-44.3043,6.56482,3.37889,2.8604,-7.68312,-46.3992,64.2808,-38.4034,-356.04,6.6622,2.13779,1.602,1,LLLVGLLLALLGALLGTLILI,0.2704020182358372,0.0005516662141219,G,6,-61.732091767246175,-68.89449037332696,-57.927960279123816,-65.80235771989803,-63.11958750307307,-70.02229599325346,-26.318400000000004,-7.732299999999995,15.24199999999999,586.0999999999999,-0.04490428254564069,-0.013192799863504514,0.026005801057839947,-0.03209059887391231
AALLALLLGTLLSFL,Mutant,,void,3.0,LLLYALLALLLGTLLSFLILI,0.0143707068028628,LLLAALLALLLGTLLSFLILI_2,110011001100110000,1,-75.2221,-72.0256,-74.0925,-222.357,-220.466,-235.778,-359.2,4496.78,3829.01,3598.2,-18.8034,-10.3648,-80.4247,-77.0734,-49.3291,-69.471,65.8271,-39.859,7.58965,5.8073,5.2947,-17.8364,-66.9322,64.0684,-37.8112,-376.816,7.282,5.18907,4.6501,2,LLLAALLALLLGTLLSFLILI,0.1911977259613,0.0004557843647848,G,6,-98.3239735947157,-98.52834573499,-98.47450506372437,-98.66052162296307,-98.24599120185415,-98.45987239788234,-31.095600000000005,-1.1295999999999964,13.420999999999992,667.7699999999995,-0.04656633271934952,-0.001691600401335785,0.020098237417074744,-0.028158497686329144
TALLVGLLGLLLGFL,WT,LLLTALLVGLLILLLGFLILI,clash,,,,LLLTALLVGLLGLLLGFLILI_1,110011001100110000,1,-52.3473,-50.8227,-44.921,-220.624,-221.028,-238.495,-337.874,4528.1,3902.95,3748.99,-18.6812,-8.89136,-83.5835,-74.9141,-54.4578,-55.2814,57.5008,-48.8271,6.81375,2.5548,1.91732,-6.98986,-48.1591,65.1383,-40.7743,-345.83,7.1702,2.51753,1.9946,1,LLLTALLVGLLGLLLGFLILI,0.2569104455340693,0.0003086592528671,G,0,-86.73658971399476,-86.83599878563723,-85.1018416581604,-85.21350314325427,-85.0856736491792,-85.19745631327066,-29.125700000000002,-7.426299999999998,17.87100000000001,625.1500000000005,-0.046589938414780416,-0.011879228985043575,0.028586739182596167,-0.029882748140446266
LALLFALLGILLSTL,WT,LLLLALLFALLIILLSTLILI,clash,,,,LLLLALLFALLGILLSTLILI_2,110011001100110000,1,-74.2567,-81.2034,-74.1402,-226.934,-221.29,-237.47,-364.52,4493.39,3774.92,3687.85,-18.6792,4.47894,-82.0089,-57.5481,-52.9094,-60.3935,69.4893,-40.9753,7.3407,4.94007,4.48241,-12.3501,-58.8131,62.5969,-39.1181,-377.45,7.175,3.77255,3.2115,2,LLLLALLFALLGILLSTLILI,0.2398891220257351,0.0008961071479991,G,0,-79.72115379378202,-82.32901855455133,-79.09602825481632,-81.78428431830311,-82.00581445876085,-84.31987127908198,-29.0995,-0.11650000000000205,10.536000000000001,718.4700000000003,-0.04050203905521454,-0.00016215012457027015,0.014664495386028641,-0.0259985803165059
VTLLLSLLAGLLFAL,WT,LLLVTLLLILLAGLLFALILI,clash,,,,LLLVTLLLSLLAGLLFALILI_2,110011001100110000,1,-66.9033,-65.9985,-60.2466,-221.796,-219.637,-237.106,-355.397,4562.05,3663.82,3627.31,-18.4841,-15.2707,-85.1818,-85.032,-58.0445,-38.5536,77.0938,-40.5468,7.33132,2.69069,2.3471,-13.0646,-33.3677,74.3197,-39.8132,-368.241,7.0315,1.53831,1.15311,2,LLLVTLLLSLLAGLLFALILI,0.3317738275493357,0.0001143248381138,G,0,-68.72692038697646,-72.21747513003241,-68.32294130285004,-71.85858630006842,-74.10312992761754,-76.99361733020179,-27.137299999999996,-6.656700000000001,15.310000000000002,898.23,-0.030211972434677083,-0.007410908119301294,0.017044632221146033,-0.02057835966289258
TALLVGLLGILLFLL,Mutant,,clash,12.0,LLLTALLVGLLGGLLFLLILI,0.0372499829210057,LLLTALLVGLLGILLFLLILI_0,110011001100110000,1,-48.7415,-52.0565,-44.9383,-229.304,-225.313,-243.695,-348.048,4606.67,3918.88,3650.15,-18.4757,6330.38,-88.4778,6259.71,-59.4148,-34.0678,88.5518,-48.4777,7.09923,3.56465,3.39293,6051.14,-45.1876,67.311,-43.6659,5982.34,6.6072,2.36513,1.8748,0,LLLTALLVGLLGILLFLLILI,0.2433776751892305,0.0010476906515561,G,6,-70.10791307145564,-76.03645693154147,-74.8014368061378,-79.79910684045383,-74.92141726422545,-79.895291388613,-29.063000000000002,-3.803200000000004,14.390999999999991,687.79,-0.04225563035228777,-0.0055295947891071465,0.020923537707730547,-0.02686241439974411
VTLLLGLLFGLLAAL,Mutant,,void,15.0,LLLVTLLLGLLFGLLFALILI,0.1226521007704326,LLLVTLLLGLLFGLLAALILI_1,110011001100110000,1,-51.5282,-49.5476,-44.9466,-217.905,-216.785,-233.688,-336.872,4508.96,3751.58,3606.8,-18.4241,-10.024,-85.8631,-80.5635,-58.238,-37.1513,77.4898,-40.4386,7.22481,2.53381,2.19616,-10.2994,-33.3677,74.3197,-39.8132,-347.466,7.0315,1.53831,1.15311,1,LLLVTLLLGLLFGLLAALILI,0.702771106164559,0.0008195593207554,G,6,-83.37963582577007,-86.53569652378127,-84.98988605012742,-87.84017442006066,-86.1868392629215,-88.80983676529873,-27.625100000000003,-6.581600000000002,15.782999999999987,757.3800000000001,-0.0364745570255354,-0.00868995748501413,0.02083894478333199,-0.024326097863687973
VLLLTGLLFILLAYL,Mutant,,clash,12.0,LLLVLLLTGLLFALLAYLILI,0.0501678136718617,LLLVLLLTGLLFILLAYLILI_2,110011001100110000,1,-58.6912,-58.6912,-58.7499,-234.869,-228.231,-245.263,-348.175,4651.51,3949.33,3631.15,-18.2744,1840.43,-72.8889,1779.18,-44.1614,-42.5278,75.6307,-54.9517,8.7108,3.08931,2.72377,1363.76,-38.7525,65.3789,-42.5319,1608.15,7.4041,1.13902,0.619703,2,LLLVLLLTGLLFILLAYLILI,0.1802187072608418,0.0004764000532825,G,6,35.40436674061888,-27.234882562605844,-6.595962547016566,-49.805490635227365,-24.27149159492612,-59.304164702386416,-28.727500000000006,0.058699999999994645,10.394000000000005,702.1800000000003,-0.040911874448147194,8.359679854167681e-05,0.014802472300549718,-0.026025235694551244
VGLLFALLIILLTLL,Mutant,,clash,11.0,LLLVGLLFALLGILLTLLILI,0.0199394230359661,LLLVGLLFALLIILLTLLILI_0,110011001100110000,1,-58.7972,-58.9326,-58.7972,-241.164,-226.271,-243.578,-360.343,4629.85,3895.19,3557.2,-18.2464,15929.8,-78.6279,15854.7,-57.9676,-61.2392,86.1053,-41.112,9.21108,7.3101,7.10168,12128.3,-65.6894,61.9546,-41.2702,15569.5,6.9355,4.71728,4.1466,0,LLLVGLLFALLIILLTLLILI,0.3317816447113692,0.0002380084346755,G,6,-53.2366393038757,-65.46535438600601,-59.24000181748711,-69.89882524467954,-75.14203171733863,-81.64244159216807,-20.6603,0.0,2.4140000000000157,734.6600000000003,-0.02812226063757383,0.0,0.0032858737375112495,-0.024836523017450242
YSLLFALLGALLILL,Mutant,,clash,15.0,LLLYSLLFALLGALLTLLILI,0.1497141478531433,LLLYSLLFALLGALLILLILI_1,110011001100110000,1,-56.2133,-48.7815,-44.9875,-229.9,-226.809,-246.85,-340.36,4651.82,3936.21,3676.01,-18.1246,184.052,-72.371,119.282,-48.5225,-54.0795,86.1946,-43.6845,8.00745,6.2482,6.04112,143.425,-60.6829,69.0631,-38.9844,-136.871,7.1168,4.92595,4.4619,1,LLLYSLLFALLGALLILLILI,0.1944245585602242,0.0005953000730744,G,7,-92.78130286167354,-94.59213347595824,-93.78246395635055,-95.34215047560926,-94.95741116293686,-96.22235884898444,-23.848499999999994,-11.2258,16.94999999999999,715.6099999999997,-0.033326113385782764,-0.01568703623482065,0.02368608599656237,-0.025327482846802044
TGLLFGLLAILLSAL,Mutant,,void,16.0,LLLTGLLFGLLAILLSLLILI,-0.0131017521548893,LLLTGLLFGLLAILLSALILI_2,110011001100110000,1,-60.4741,-60.4741,-60.3201,-222.585,-222.768,-238.966,-344.485,4604.24,3732.95,3677.86,-18.014,-16.3203,-79.44,-77.5629,-45.1984,-72.5811,68.9136,-43.4676,7.48838,6.69051,6.22421,-14.9593,-69.3499,66.3154,-44.3229,-360.034,7.423,5.85507,5.3498,2,LLLTGLLFGLLAILLSALILI,0.1616600567976292,0.0009461797169624,G,6,-63.738425655713215,-73.06632337816711,-67.24039035547925,-75.66744554316304,-71.15007907381846,-78.57140913371155,-34.2416,-0.15400000000000347,16.381,871.29,-0.039299888670821424,-0.00017674941753033257,0.018800858497170864,-0.02067509095708662
YVLLFTLLGALLILL,Mutant,,clash,15.0,LLLYVLLFTLLGALLGLLILI,0.0336373358658693,LLLYVLLFTLLGALLILLILI_2,110011001100110000,1,-58.7108,-65.1896,-58.7108,-242.571,-228.43,-250.154,-351.933,4674.24,3975.75,3790.49,-17.9083,13100.9,-68.5596,13042.6,-43.0689,-46.2538,85.54,-45.6451,8.6767,4.98598,4.76908,13098.3,-42.798,67.046,-44.058,12749.0,7.0511,1.97091,1.4766,2,LLLYVLLFTLLGALLILLILI,0.1683821032145303,0.0009486239686315,G,7,-74.41037668811174,-76.62433306404968,-79.26337234927863,-81.05745850846945,-84.91999965880993,-86.22468720725904,-25.490700000000004,0.0,7.582999999999998,698.4899999999998,-0.036494008504058775,0.0,0.010856275680396285,-0.02563859181949635
TSLLLGLLAALLAYL,Mutant,,void,11.0,LLLTSLLLGLLFALLAYLILI,-0.0351629358561159,LLLTSLLLGLLAALLAYLILI_1,110011001100110000,1,-59.6455,-60.3705,-44.9453,-225.814,-222.637,-247.351,-353.06,4543.19,3743.07,3669.59,-17.8599,11670.3,-85.4611,11600.2,-60.7644,-39.64,75.274,-42.582,7.47114,2.60798,2.23709,9816.88,-40.0595,64.5531,-38.0126,11299.1,7.2779,1.2236,0.691897,1,LLLTSLLLGLLAALLAYLILI,0.2427926290600743,0.0011611407213036,G,6,-52.71869182498376,-69.97003867702112,-52.960810091835086,-70.12381619439054,-55.54015031615306,-71.7620425921957,-24.6967,-14.700199999999995,21.537000000000006,800.1199999999994,-0.030866245063240535,-0.018372494125881125,0.026917212418137305,-0.022321526770984368
AALLALLLGVLLGTL,WT,LLLAALLALLLGVLLITLILI,clash,,,,LLLAALLALLLGVLLGTLILI_2,110011001100110000,1,-60.097,-64.8164,-58.784,-217.852,-203.693,-230.145,-352.637,4429.73,3670.9,3549.21,-17.8014,-16.366,-92.4895,-100.494,-63.7085,-86.968,58.5683,-37.2364,7.61473,7.45192,6.83045,-15.8739,-78.0946,55.6007,-36.5199,-368.501,7.2728,5.72029,5.0543,2,LLLAALLALLLGVLLGTLILI,0.3808397275662002,0.0003733900151319,G,0,-77.37195713783129,-82.86945998482493,-75.1601312765541,-81.19499915522506,-69.61377942620817,-76.99613834833488,-28.781000000000006,-1.3130000000000024,12.293000000000006,758.8299999999995,-0.0379281261942728,-0.001730295323063141,0.01619993938036189,-0.023459009264262105
YLLLGILLAFLLSTL,Mutant,,clash,8.0,LLLYLLLGALLAFLLSTLILI,0.0033696030857182,LLLYLLLGILLAFLLSTLILI_0,110011001100110000,1,-74.1744,-75.0511,-73.9784,-231.925,-226.025,-249.336,-360.255,4698.52,3869.84,3675.97,-17.7596,83.3663,-71.9151,24.1874,-36.9404,-82.4431,58.0721,-44.6205,7.93901,6.70621,6.07729,83.096,-74.4436,60.1664,-43.4591,-276.888,7.3574,5.789,5.1915,0,LLLYLLLGILLAFLLSTLILI,0.1609993033505884,0.0008689685563075,G,6,-48.447756215487736,-53.14968398678733,-62.16344329778741,-65.61440379277819,-71.84576155409765,-74.41362642108429,-34.9747,-0.19600000000001216,17.411,828.6800000000003,-0.04220531447603416,-0.00023652073176619695,0.021010522759086735,-0.02143119177487087
LVLLTTLLGALLFGL,WT,LLLLVLLTTLLIALLFGLILI,clash,,,,LLLLVLLTTLLGALLFGLILI_0,110011001100110000,1,-75.0546,-76.25,-72.5569,-219.244,-213.367,-236.75,-352.856,4559.46,3879.29,3763.69,-17.7281,-10.3708,-76.2858,-73.6096,-43.5488,-37.0836,81.5284,-48.2501,7.16869,3.06887,2.7918,-9.83516,-42.798,67.046,-44.058,-363.227,7.0511,1.97091,1.4766,0,LLLLVLLTTLLGALLFGLILI,0.1447114962472525,0.0005049805220635,G,0,-47.88198143435871,-54.05987393385859,-45.436284284008245,-51.90408139801623,-51.83871612697196,-57.54759076561017,-32.736999999999995,-2.4976999999999947,17.506,680.1700000000001,-0.04813061440522221,-0.003672170192745923,0.025737683226252257,-0.02606421923930782
ASLLVGLLFLLLILL,Mutant,,clash,15.0,LLLASLLVGLLFLLLGLLILI,0.0182054255807321,LLLASLLVGLLFLLLILLILI_0,110011001100110000,1,-56.7443,-58.1333,-44.9758,-226.822,-226.951,-250.999,-361.391,4668.49,3784.33,3567.14,-17.6988,32172.9,-95.5234,32096.6,-65.4164,-20.9697,80.2757,-48.2622,9.45448,0.482668,0.186803,22654.3,-36.0293,69.0807,-35.6829,31811.5,7.2857,1.23029,0.766501,0,LLLASLLVGLLFLLLILLILI,0.4201592557530663,0.0007742654040458,G,6,-62.2568128069654,-76.53840530842587,-69.26943138804961,-80.89752882479817,-80.68615819799632,-87.99429613672326,-30.107,-11.768500000000003,24.176999999999992,884.1599999999999,-0.0340515291349982,-0.013310373688020273,0.02734459826275787,-0.020017643865363737
ALLLGLLLGTLLIFL,Mutant,,clash,15.0,LLLALLLGLLLGTLLGFLILI,0.4502387646162982,LLLALLLGLLLGTLLIFLILI_0,110011001100110000,1,-58.691,-57.2773,-58.691,-232.027,-214.241,-239.442,-358.639,4565.22,3826.65,3431.8,-17.6909,87573.3,-85.6118,87486.2,-60.5057,-58.364,81.1728,-44.1613,8.88673,6.21293,5.93052,44098.3,-60.7383,56.5303,-35.0,87214.7,7.1924,3.24234,2.5903,0,LLLALLLGLLLGTLLIFLILI,0.3595313055328731,0.0003278861231942,G,7,-32.071490520099154,-37.93362409837414,-37.28604789359588,-42.69817260064631,-48.29557786900778,-52.75759582641749,-25.106100000000005,0.0,7.4150000000000205,738.5700000000002,-0.03399285105000203,0.0,0.010039671256617543,-0.02395290899982398
SYLLVALLILLLGFL,Mutant,,clash,11.0,LLLSYLLVALLGLLLGFLILI,0.190770508327876,LLLSYLLVALLILLLGFLILI_0,110011001100110000,1,-63.0034,-65.2983,-44.9412,-234.258,-234.227,-254.997,-351.712,4656.24,3956.12,3546.75,-17.6899,297570.0,-72.1402,297518.0,-51.7732,-50.5013,58.2567,-40.06,9.89188,1.93986,1.31371,271905.0,-56.9491,49.4969,-37.5681,297219.0,7.4308,1.72445,0.966904,0,LLLSYLLVALLILLLGFLILI,0.337021524993249,0.0005814360348992,G,6,-87.37713660608942,-86.91760224661337,-88.66344481820593,-88.25073840908455,-92.47408340897856,-92.20010300118982,-20.36699999999999,-18.062199999999997,20.739000000000004,700.1199999999999,-0.029090727303890753,-0.02579872021939096,0.029622064788893343,-0.02526695423641662
TSLLLALLAGLLFAL,Mutant,,void,11.0,LLLTSLLLALLFGLLFALILI,0.0199777852129662,LLLTSLLLALLAGLLFALILI_2,110011001100110000,1,-54.0893,-54.3076,-44.9597,-223.759,-222.32,-245.844,-345.958,4552.87,3691.13,3611.42,-17.5981,-16.8783,-85.7078,-86.2088,-55.1539,-36.6039,74.7403,-38.2816,7.57613,2.08052,1.70163,-15.826,-33.5044,71.7656,-37.0663,-362.126,7.3729,1.21402,0.790504,2,LLLTSLLLALLAGLLFALILI,0.3499522831781072,0.0010825010255727,G,6,-68.5393492553753,-78.35866856725627,-72.05114748855789,-80.77438431662657,-71.3456424554461,-80.28907750040791,-30.553900000000006,-9.129600000000003,22.085000000000008,861.7399999999998,-0.03545605403021795,-0.010594378814955794,0.025628379789727776,-0.02042158887831597
FSLLTALLGALLGVL,Mutant,,void,12.0,LLLFSLLTALLGLLLGVLILI,0.0689265980016918,LLLFSLLTALLGALLGVLILI_2,110011001100110000,1,-68.6492,-65.4497,-58.781,-220.35,-212.426,-232.413,-333.774,4476.49,3734.41,3613.92,-17.5637,1633030.0,-62.3377,1632970.0,-42.5793,-48.0147,81.3716,-46.475,7.91659,4.68737,4.40795,853759.0,-50.5887,64.17,-37.5151,1632670.0,7.0583,2.75125,2.2138,2,LLLFSLLTALLGALLGVLILI,0.1895397516876533,0.0006063803899952,G,6,-70.15339209675363,-75.14756192639965,-70.34682064173484,-75.30862448169556,-69.38825558924314,-74.51045409383129,-19.758399999999995,-9.868199999999995,12.063000000000017,742.0799999999999,-0.026625700733074596,-0.01329802716688227,0.016255659767141033,-0.023668202889176374
TALLAVLLGLLLGIL,Mutant,,void,4.0,LLLTFLLAVLLGLLLGILILI,0.21185287850221,LLLTALLAVLLGLLLGILILI_1,110011001100110000,1,-48.4987,-44.9676,-44.9676,-220.971,-226.273,-238.998,-356.615,4506.56,3529.23,3598.0,-17.5143,-6.16989,-104.659,-91.5448,-72.6497,-72.9977,51.2375,-38.5439,7.33562,4.36671,3.63528,-7.14785,-76.6711,46.9516,-39.8118,-365.546,7.5,4.33913,3.5434,1,LLLTALLAVLLGLLLGILILI,0.4325253979911584,0.0007862211837077,G,6,-77.54174478687717,-82.28544281895965,-74.80673625265308,-80.12813074772465,-68.65904629153806,-75.27897375338054,-32.00930000000001,-3.531100000000002,18.026999999999987,977.3300000000004,-0.03275178291876848,-0.003613006865644154,0.018445151586465144,-0.017920559074212385
ATLLVGLLAGLLFLL,Mutant,,void,11.0,LLLATLLVGLLFGLLFLLILI,0.1531809700363889,LLLATLLVGLLAGLLFLLILI_2,110011001100110000,1,-52.3192,-52.6274,-45.0114,-218.334,-216.753,-237.021,-336.987,4572.3,3728.16,3623.82,-17.4814,78.102,-83.8147,10.4956,-54.9542,-39.891,81.638,-38.1514,7.49211,3.50478,3.22936,65.0985,-40.652,76.0053,-35.3219,-258.885,7.3774,2.85852,2.4986,2,LLLATLLVGLLAGLLFLLILI,0.3218721099230889,0.0015319447016323,G,6,-69.24824805253782,-81.59954684174076,-68.19207656383406,-80.96758174140486,-66.0130718865028,-79.66376420394029,-28.860500000000002,-7.3078,18.686999999999983,844.1400000000003,-0.03418923401331531,-0.008657094794702298,0.022137323192835283,-0.020709124078944242
ALLLGVLLITLLGFL,Mutant,,clash,11.0,LLLALLLGVLLGTLLGFLILI,0.7370171918084087,LLLALLLGVLLITLLGFLILI_2,110011001100110000,1,-58.6964,-54.6316,-58.6964,-237.217,-219.189,-238.049,-350.687,4556.08,4034.04,3532.72,-17.4513,3913830.0,-72.2249,3913760.0,-53.9415,-90.9801,68.8669,-42.6978,9.68218,9.44405,8.97706,3820550.0,-92.5815,39.7325,-40.3169,3913480.0,6.7382,5.75111,4.8471,2,LLLALLLGVLLITLLGFLILI,0.2139844255304177,0.0004639061334753,G,6,-59.09817725453822,-53.99229192893246,-63.37432981960968,-58.80224820167541,-59.85516231162128,-54.8437734811648,-18.283400000000007,0.0,0.8319999999999936,522.04,-0.0350229867443108,0.0,0.0015937476055474555,-0.033429047582560725
TSLLLALLFGLLAAL,Mutant,,void,15.0,LLLTSLLLALLFGLLFALILI,0.049319222661204,LLLTSLLLALLFGLLAALILI_1,110011001100110000,1,-53.462,-54.3299,-44.9597,-223.144,-223.692,-245.159,-348.23,4515.14,3734.79,3631.58,-17.3792,-13.9153,-89.0035,-84.1239,-58.112,-35.198,72.9776,-38.6911,7.55321,1.63168,1.22635,-14.6137,-33.5044,71.7656,-37.0663,-363.654,7.3729,1.21402,0.790504,1,LLLTSLLLALLFGLLAALILI,0.3206108457298695,0.0003879348901197,G,6,-75.10470405717484,-79.84162015482784,-75.26624415936095,-79.97242344985892,-78.92329569386212,-82.93363484156725,-30.8915,-8.502300000000005,22.014999999999986,780.3500000000004,-0.039586723905939626,-0.01089549561094381,0.028211699878259725,-0.022271032229127945
YALLGALLGVLLSTL,Mutant,,void,4.0,LLLYLLLGALLGVLLSTLILI,0.1242228649933554,LLLYALLGALLGVLLSTLILI_1,110011001100110000,1,-86.3707,-78.083,-74.1216,-213.695,-218.515,-238.824,-352.708,4493.72,3754.78,3748.73,-17.3237,-6.48659,-69.9659,-62.5968,-39.7617,-72.47,62.6269,-46.1063,6.49707,5.82512,5.26453,-5.35153,-68.8165,69.6202,-43.3499,-358.141,7.0847,6.2212,5.7655,1,LLLYALLGALLGVLLSTLILI,0.7065365482367935,0.0005594541524476,G,6,-85.68525695133432,-89.71016922279021,-83.28563858717087,-87.98525758356743,-82.52685268503089,-87.4398214201233,-30.204200000000007,-12.249099999999999,25.12900000000002,738.94,-0.04087503721547082,-0.01657658267247679,0.03400682058083203,-0.023443987333207024
VTLLFSLLGALLSLL,WT,LLLVILLFSLLGALLSLLILI,clash,,,,LLLVTLLFSLLGALLSLLILI_0,110011001100110000,1,-83.5124,-84.5615,-75.6823,-219.224,-218.541,-239.065,-368.098,4572.4,3651.88,3710.84,-17.1925,-16.3438,-82.5534,-81.3388,-53.3502,-44.1856,78.9213,-43.2586,7.21453,3.78221,3.46603,-15.4456,-42.921,79.469,-43.7354,-384.441,7.3097,3.66647,3.35851,0,LLLVTLLFSLLGALLSLLILI,0.4715331931662771,0.0002270230406077,G,1,-95.52493186860048,-95.78373284062688,-95.4257070880731,-95.69024640170582,-96.23901718571392,-96.45652136208216,-29.203199999999995,-7.830100000000002,19.841000000000008,920.5199999999995,-0.0317246773562769,-0.00850617042541173,0.02155412158345285,-0.0186769434667362
SALLVALLGLLLGFL,Mutant,,void,4.0,LLLSYLLVALLGLLLGFLILI,0.276573008152926,LLLSALLVALLGLLLGFLILI_1,110011001100110000,1,-50.1882,-48.6611,-44.9412,-226.323,-224.174,-241.385,-341.418,4515.74,3918.23,3620.79,-17.0973,37718.3,-82.0041,37649.7,-55.0925,-61.3927,57.5494,-46.7812,7.53084,3.47807,2.84131,16054.7,-56.9491,49.4969,-37.5681,37361.4,7.4308,1.72445,0.966904,1,LLLSALLVALLGLLLGFLILI,0.251219025168199,0.0005466013109604,G,6,-92.76476505045164,-93.84446857070084,-92.01610423330844,-93.20752931137557,-91.43037226948722,-92.7092052710938,-26.911599999999993,-5.247,15.061999999999983,597.5099999999998,-0.045039580927515865,-0.008781442988401871,0.02520794631052198,-0.02861424913390572
YVLLGALLIILLTLL,Mutant,,clash,11.0,LLLYVLLGALLGILLTLLILI,0.7730195698047774,LLLYVLLGALLIILLTLLILI_2,110011001100110000,1,-58.7202,-62.3709,-58.7202,-240.537,-224.664,-249.399,-366.059,4653.45,3923.83,3676.03,-17.0546,55728.6,-83.8562,55649.6,-57.9403,-82.2855,70.8877,-37.9517,9.01295,8.41266,7.97598,37237.7,-72.8097,60.8563,-43.7016,55362.5,6.839,5.63706,5.0499,2,LLLYVLLGALLIILLTLLILI,0.1795831540002334,0.0007069826074341,G,6,-67.97076358011697,-72.01533493750708,-75.27778197426888,-78.39964144063921,-79.61077083045323,-82.18547137021443,-25.9159,0.0,8.861999999999995,729.6199999999999,-0.0355197225953236,0.0,0.012146048628052953,-0.02337463337079576
YGLLFALLIILLTLL,Mutant,,clash,11.0,LLLYGLLFALLGILLTLLILI,0.0716738217938801,LLLYGLLFALLIILLTLLILI_2,110011001100110000,1,-58.7811,-52.8603,-58.7811,-243.219,-229.301,-252.306,-355.146,4707.75,4072.03,3646.3,-17.0137,26755.4,-70.1601,26682.4,-44.0593,-78.7126,63.6395,-36.7182,8.81203,6.89823,6.35282,25675.7,-64.5043,61.457,-37.6682,26400.2,6.656,4.47234,3.89419,2,LLLYGLLFALLIILLTLLILI,0.1917369288349983,0.0003256282768253,G,6,-59.79397499759004,-64.95263468293166,-66.58268249581705,-70.87031273508484,-80.60093005711244,-83.08994010079364,-26.1008,0.0,9.087000000000018,635.7199999999998,-0.041057069149940235,0.0,0.014294028817718525,-0.026762883030264906
YVLLTALLGALLAFL,Mutant,,void,8.0,LLLYVLLTLLLGALLAFLILI,0.0163115288703519,LLLYVLLTALLGALLAFLILI_2,110011001100110000,1,-61.6596,-64.1818,-58.7433,-229.672,-222.205,-242.207,-333.497,4581.86,4002.28,3745.27,-16.9751,332.814,-59.14,285.704,-32.546,-47.8908,68.4421,-50.1385,7.0717,2.92331,2.44994,326.945,-43.2635,63.1811,-42.5139,-0.682426,7.006,1.51898,0.966697,2,LLLYVLLTALLGALLAFLILI,0.2043213693489594,0.0003263597248142,G,7,-73.88797531233377,-82.04868657268935,-74.15004233169856,-82.22885058753883,-71.47799069352182,-80.39188708031885,-26.594,-2.9162999999999997,12.534999999999997,579.5799999999995,-0.045884951171538055,-0.005031747127230067,0.021627730425480534,-0.02928862279581769
IVLLAILLGLLLGFL,Mutant,,clash,3.0,LLLTVLLAILLGLLLGFLILI,-0.0568053204070608,LLLIVLLAILLGLLLGFLILI_1,110011001100110000,1,-51.8602,-49.5339,-44.964,-214.924,-218.171,-237.695,-346.753,4532.44,3811.6,3608.34,-16.88,-15.4147,-96.8483,-94.4628,-64.094,-68.6898,49.9079,-47.8788,6.9128,3.54104,2.78966,-10.3745,-71.1566,42.8294,-43.0573,-355.828,7.0278,2.95546,2.0979,1,LLLIVLLAILLGLLLGFLILI,0.4027822753045293,0.0010520181908408,G,6,-38.74088241586626,-42.61127654516218,-36.323758332022095,-40.3468680607721,-51.07927680905557,-54.17012250364295,-32.7543,-6.8962,22.770999999999987,720.8399999999997,-0.04543907108373566,-0.009566894179013378,0.03158953443205149,-0.023417124465900902
TALLAILLGLLLGVL,Mutant,,void,4.0,LLLTFLLAILLGLLLGVLILI,0.1933924088892195,LLLTALLAILLGLLLGVLILI_2,110011001100110000,1,-48.4639,-46.4484,-44.9832,-220.682,-218.509,-238.309,-356.196,4485.65,3506.06,3506.1,-16.7337,-10.8404,-103.784,-102.079,-72.9037,-73.0857,36.8641,-37.9449,7.23582,2.4395,1.49246,-7.92799,-74.241,27.0676,-35.812,-363.77,7.4865,1.29028,0.196294,2,LLLTALLAILLGLLLGVLILI,0.4410502217242675,0.0009223536485106,G,6,-75.13529984234474,-79.93358298384172,-75.44677583231004,-80.18495167381325,-72.77378454857806,-78.02778277815663,-30.880300000000005,-3.480700000000006,17.62700000000001,979.5899999999997,-0.031523698690268394,-0.003553221245623176,0.01799426290590963,-0.017082350779407715
YALLAVLLGLLLGSL,Mutant,,void,4.0,LLLYFLLAVLLGLLLGSLILI,-0.0269782375653004,LLLYALLAVLLGLLLGSLILI_1,110011001100110000,1,-63.9131,-61.3914,-60.2613,-221.135,-220.732,-239.486,-350.876,4577.47,3588.78,3582.95,-16.7267,-8.70042,-82.5543,-77.4526,-51.1285,-73.5249,42.8338,-38.5512,7.36305,3.3113,2.45381,-8.86697,-72.2097,37.011,-35.0,-356.97,7.3038,2.32794,1.3831,1,LLLYALLAVLLGLLLGSLILI,0.2599041966261777,0.0013972155376223,G,6,-75.89281444413616,-79.52091423561023,-75.70128236585137,-79.3582074837691,-75.28842929493673,-79.0074882582602,-31.425799999999995,-3.6518000000000015,18.351,988.69,-0.03178529164854504,-0.003693574325622795,0.018560924051017,-0.016918043067088773
AALLTVLLGGLLFSL,Mutant,,void,4.0,LLLALLLTVLLGGLLFSLILI,-0.0045742671735216,LLLAALLTVLLGGLLFSLILI_1,110011001100110000,1,-74.0824,-75.929,-74.0824,-218.743,-217.943,-232.769,-346.433,4505.12,3742.55,3623.15,-16.6927,-7.06442,-70.3008,-59.6258,-39.5824,-34.6848,72.1076,-45.3415,7.26768,1.43725,1.01886,-7.23733,-30.525,71.559,-44.3251,-353.848,7.1169,0.739215,0.3126,1,LLLAALLTVLLGGLLFSLILI,0.2545245426895332,0.0003730160307973,G,6,-55.40818389423288,-64.87258809720626,-54.670013392753866,-64.29109082877382,-51.68428450214352,-61.93906891691056,-30.718399999999995,0.0,14.02600000000001,762.5699999999997,-0.04028272814299016,0.0,0.018393065554637628,-0.021890055994859495
TALLVGLLGLLLGAL,Mutant,,void,16.0,LLLTALLVGLLGLLLGFLILI,-0.0953611532040505,LLLTALLVGLLGLLLGALILI_0,110011001100110000,1,-52.5038,-47.009,-44.921,-215.626,-214.097,-233.438,-344.216,4495.5,3810.53,3797.62,-16.603,-5.8292,-92.6894,-88.9398,-65.8568,-47.7417,69.6401,-42.8275,6.73075,3.06267,2.60727,-6.00781,-48.1591,65.1383,-40.7743,-350.045,7.1702,2.51753,1.9946,0,LLLTALLVGLLGLLLGALILI,0.3522715987381198,0.0002892751462841,G,6,-58.37689448985312,-65.27118063934134,-53.8356048651872,-61.48209222062621,-46.68031562897076,-55.51197672078085,-26.8326,-7.582799999999999,17.811999999999983,684.9699999999998,-0.039173394455231624,-0.011070265851059172,0.026004058571908243,-0.02423901776720149
YALLTALLGLLLGAL,Mutant,,void,16.0,LLLYALLTALLGLLLGFLILI,-0.0983514779068539,LLLYALLTALLGLLLGALILI_0,110011001100110000,1,-63.6989,-63.8464,-58.802,-222.448,-215.733,-237.272,-342.935,4572.9,3911.59,3845.82,-16.5765,-9.75722,-73.3647,-73.1128,-46.8607,-53.6963,72.0456,-44.9419,6.86925,4.28059,3.86128,-11.1556,-49.4233,66.044,-43.1773,-352.692,6.8387,2.82944,2.3201,0,LLLYALLTALLGLLLGALILI,0.3150398534814237,0.0003763095897906,G,6,-78.95704549933164,-82.07911653604062,-78.50253314812711,-81.69203862459013,-75.13776601060692,-78.82649045487165,-26.503999999999998,-4.896900000000002,14.823999999999984,661.3099999999995,-0.04007802694651528,-0.0074048479533048136,0.022416113471745467,-0.025066156568024092
VTLLLGLLAALLSTL,Mutant,,void,11.0,LLLVTLLLGLLFALLSTLILI,-0.0388071263728142,LLLVTLLLGLLAALLSTLILI_2,110011001100110000,1,-82.753,-83.1097,-74.2333,-220.263,-218.321,-235.41,-375.092,4465.63,3817.1,3675.61,-16.5563,-15.3765,-88.6325,-89.0381,-65.4487,-39.6133,77.0408,-41.2305,7.75788,2.8425,2.49812,-13.1036,-35.3319,75.5554,-40.8432,-387.711,7.5,1.99977,1.6331,2,LLLVTLLLGLLAALLSTLILI,0.272195426669939,0.0003945309576622,G,7,-72.70730037819375,-78.27599574592449,-74.48388017806876,-79.6900891725547,-73.7588355499675,-79.11297980618474,-23.18379999999999,-8.5197,15.146999999999991,648.5300000000002,-0.03574823061384976,-0.013136940465360118,0.02335589718285968,-0.025528965506607243
AALLALLLGALLGTL,Mutant,,void,12.0,LLLAALLALLLGVLLGTLILI,0.0381374486061167,LLLAALLALLLGALLGTLILI_0,110011001100110000,1,-60.5857,-63.2326,-58.784,-213.685,-205.284,-227.467,-348.738,4415.36,3686.08,3579.45,-16.5253,-13.0368,-90.9927,-93.2585,-62.4873,-79.6434,64.4751,-39.64,7.43577,7.15066,6.61779,-13.1506,-78.0946,55.6007,-36.5199,-361.775,7.2728,5.72029,5.0543,0,LLLAALLALLLGALLGTLILI,0.3427022789600835,0.0008612189818242,G,6,-64.84711101518167,-71.32892741987833,-64.26753676668186,-70.85622045825465,-56.55948502870538,-64.56945094334223,-28.5054,-1.8017000000000039,13.78200000000001,729.2799999999997,-0.03908704475647215,-0.0024705188679245344,0.018898091268100065,-0.022659746599385706
ALLLTVLLGILLFSL,Mutant,,clash,12.0,LLLALLLTVLLGGLLFSLILI,-0.0024248239772962,LLLALLLTVLLGILLFSLILI_1,110011001100110000,1,-74.0376,-63.1338,-74.0963,-232.079,-230.609,-241.087,-368.815,4562.38,3928.78,3545.3,-16.3197,1718.99,-79.0176,1643.92,-53.6313,-39.3733,76.616,-49.3767,8.9402,2.74916,2.3984,1684.17,-30.525,71.559,-44.3251,2410.4,7.1169,0.739215,0.3126,1,LLLALLLTVLLGILLFSLILI,0.2523750994933078,0.0006588537771318,G,6,-73.3742185066957,-75.31552350976956,-76.74241555734335,-78.43814287521742,-78.1769068910019,-79.768044407311,-25.3863,0.05870000000000175,9.007999999999981,633.5999999999999,-0.04006676136363637,9.26452020202048e-05,0.014217171717171689,-0.02575710227272728
LTLLVALLAGLLASL,Mutant,,void,15.0,LLLLTLLVALLAGLLFSLILI,-0.0370987853068431,LLLLTLLVALLAGLLASLILI_1,110011001100110000,1,-67.2094,-66.6575,-60.3111,-218.361,-218.086,-232.157,-361.62,4468.93,3784.28,3702.65,-16.3027,-12.8339,-92.3519,-89.7099,-69.1519,-39.6109,78.8548,-39.8115,7.7603,3.08704,2.76987,-8.58299,-35.1672,74.1308,-38.712,-370.404,7.5,1.78274,1.3947,1,LLLLTLLVALLAGLLASLILI,0.3290978546000396,0.0004209452490861,G,6,-79.49220925243901,-86.15316083825095,-76.57806268439039,-84.18553208105138,-77.82341048404214,-85.02638963096894,-23.200000000000003,-6.898299999999999,13.79600000000002,684.6500000000001,-0.03388592711604469,-0.010075659095888407,0.020150441831592814,-0.023811728620463008
TVLLLGLLAGLLFAL,Mutant,,void,11.0,LLLTVLLLGLLFGLLFALILI,-0.1058893320521064,LLLTVLLLGLLAGLLFALILI_2,110011001100110000,1,-44.9318,-45.4981,-44.9318,-220.498,-219.126,-236.429,-338.16,4531.27,3802.81,3660.56,-16.2504,-9.58947,-88.9802,-83.1253,-56.7995,-33.0875,73.4024,-42.1988,7.22861,1.37244,0.973479,-11.8974,-30.525,71.559,-44.3251,-350.484,7.1169,0.739215,0.3126,2,LLLTVLLLGLLAGLLFALILI,0.5963966400500893,0.0007229082603624,G,6,-82.618814500529,-85.0028060511847,-80.7826608517158,-83.41849798474617,-81.62428281822687,-84.14468365624333,-32.180699999999995,0.0,15.931000000000012,728.4600000000005,-0.04417634461741204,0.0,0.021869423166680394,-0.02230788238201135
YALLATLLGVLLGLL,Mutant,,void,4.0,LLLYFLLATLLGVLLGLLILI,0.0837771775956889,LLLYALLATLLGVLLGLLILI_0,110011001100110000,1,-56.5726,-63.2456,-58.7598,-224.173,-219.811,-240.642,-347.959,4559.83,3638.51,3789.71,-16.2045,-8.06292,-83.4182,-72.9653,-48.5576,-75.6526,55.7312,-36.5806,7.35378,5.37161,4.70758,-9.34563,-75.4208,48.7219,-40.9997,-356.022,7.4067,4.39057,3.6214,0,LLLYALLATLLGVLLGLLILI,0.245657273226018,0.0003159509444026,G,6,-97.00980356170442,-97.77170448089804,-96.93135976965252,-97.7132481373308,-96.84605201941578,-97.64967676952274,-34.8606,2.187199999999997,16.468999999999994,921.3199999999997,-0.03783766769417793,0.002373985151738807,0.01787543958667998,-0.017588351495680117
TSLLLGLLFILLAYL,Mutant,,clash,12.0,LLLTSLLLGLLFALLAYLILI,0.0409956876326612,LLLTSLLLGLLFILLAYLILI_0,110011001100110000,1,-57.519,-56.4301,-44.9453,-233.052,-232.39,-256.127,-349.59,4673.48,3812.96,3599.96,-16.194,12067.6,-75.2131,12006.8,-48.517,-32.332,73.9169,-41.7715,8.8456,1.32858,0.937333,6998.34,-40.0595,64.5531,-38.0126,11718.0,7.2779,1.2236,0.691897,0,LLLTSLLLGLLFILLAYLILI,0.1666340055712971,0.0001286532636155,G,6,-20.959782491285875,-24.437324991751048,-34.697963805601994,-37.57106579583751,-62.3217664027813,-63.97950043751287,-26.696099999999994,-12.573699999999995,23.075000000000017,860.5199999999995,-0.03102321851903501,-0.0146117463859062,0.026815181518151848,-0.01881885371635756
AALLALLLGVLLITL,Mutant,,clash,15.0,LLLAALLALLLGVLLGTLILI,0.0959692757298518,LLLAALLALLLGVLLITLILI_0,110011001100110000,1,-58.784,-63.2326,-58.784,-223.766,-213.124,-235.365,-363.927,4490.99,3628.89,3466.09,-16.158,50387.3,-97.535,50299.7,-69.7776,-74.5764,71.6266,-45.0259,7.82211,7.35605,6.93045,43747.3,-78.0946,55.6007,-36.5199,50023.3,7.2728,5.72029,5.0543,0,LLLAALLALLLGVLLITLILI,0.2848704518363484,0.0007952150133259,G,6,-70.7073389537818,-77.10815172629385,-70.4886155962348,-76.93722215772438,-70.62490162557673,-77.0437279852625,-27.75739999999999,0.0,11.599000000000018,862.0999999999999,-0.03219742489270386,0.0,0.013454355643196867,-0.01874260526621042
TALLFLLLGVLLASL,WT,LLLTALLFLLLIVLLASLILI,clash,,,,LLLTALLFLLLGVLLASLILI_2,110011001100110000,1,-60.3462,-60.3462,-60.3462,-227.776,-226.56,-240.448,-355.85,4565.71,3649.38,3532.84,-16.1501,813.015,-83.8775,744.071,-55.0555,-66.3945,66.0403,-44.8469,8.15907,5.37461,4.86522,790.193,-60.5958,60.1642,-40.2827,442.07,7.5,3.71154,3.114,2,LLLTALLFLLLGVLLASLILI,0.8121002686399426,0.0009535595705407,G,1,-92.07085335792048,-92.64904292785975,-91.87641027865332,-92.46877854466844,-93.80202080003151,-94.25397447044344,-28.821999999999996,0.0,12.671999999999997,916.3299999999999,-0.03145373391682036,0.0,0.013829079043576002,-0.01762476400423428
YALLALLLGTLLGFL,WT,LLLYALLALLLITLLGFLILI,clash,,,,LLLYALLALLLGTLLGFLILI_1,110011001100110000,1,-62.8003,-55.2484,-58.7826,-219.159,-212.952,-243.072,-336.979,4626.06,3710.83,3543.2,-16.1247,238431.0,-71.1451,238362.0,-35.1246,-72.0399,44.1342,-35.6915,7.13983,3.26411,2.42612,69214.6,-61.4491,56.4783,-36.3969,238120.0,6.7439,3.34193,2.6891,1,LLLYALLALLLGTLLGFLILI,0.177430343641248,0.0003456136931031,G,1,-82.30072709774566,-84.2374139202889,-83.16695693465488,-85.00885930363889,-82.06866715913104,-84.03074640472109,-36.0205,-4.017699999999998,23.91300000000001,915.2300000000005,-0.039356773707155554,-0.004389825508342161,0.026127858571069567,-0.017618194333664752
TALLFLLLGYLLGSL,WT,LLLTALLFLLLGYLLISLILI,clash,,,,LLLTALLFLLLGYLLGSLILI_0,110011001100110000,1,-68.1953,-70.5599,-60.326,-231.03,-224.657,-243.454,-345.34,4574.29,3786.1,3533.11,-15.8473,38373.9,-61.9617,38323.8,-41.5592,-45.8399,76.5283,-49.3682,7.55735,3.7073,3.35522,36917.0,-54.4566,55.8714,-40.6917,38028.6,7.0594,2.21113,1.5492,0,LLLTALLFLLLGYLLGSLILI,1.0889145457694185,0.0006694145826612,G,0,-95.43662865743394,,-95.10519531892116,,-96.53895087570096,,-20.402500000000003,-7.869300000000003,12.424000000000007,788.19,-0.02588525609307401,-0.00998401400677502,0.01576269681168247,-0.020105938923356045
YVLLTLLLGALLAFL,WT,LLLYVLLTLLLIALLAFLILI,clash,,,,LLLYVLLTLLLGALLAFLILI_2,110011001100110000,1,-58.7433,-64.1818,-58.7433,-237.632,-226.244,-246.257,-344.789,4645.49,4083.33,3693.25,-15.7578,330.764,-64.1709,276.401,-39.7888,-43.1674,79.4352,-47.6186,8.53663,3.69887,3.3904,188.368,-43.2635,63.1811,-42.5139,-14.0246,7.006,1.51898,0.966697,2,LLLYVLLTLLLGALLAFLILI,0.2206328982193113,0.0006245594555101,G,1,-73.61658704996412,-80.83311016819515,-79.97211181693035,-85.45024000133843,-82.68524254252944,-87.42126163585262,-24.3821,0.0,8.625,562.1599999999999,-0.04337217162373703,0.0,0.015342607086950339,-0.0280308097338836
VLLLTGLLFALLIYL,Mutant,,clash,15.0,LLLVLLLTGLLFALLAYLILI,0.0400718948892079,LLLVLLLTGLLFALLIYLILI_2,110011001100110000,1,-58.6912,-59.6112,-58.7499,-237.614,-222.829,-245.24,-351.583,4632.05,3862.89,3655.52,-15.6139,2179.97,-70.8918,2110.83,-47.5932,-45.7848,76.7714,-50.0386,8.84711,3.73186,3.38343,1369.09,-38.7525,65.3789,-42.5319,1828.39,7.4041,1.13902,0.619703,2,LLLVLLLTGLLFALLIYLILI,0.1903146260434956,0.0005706064068439,G,6,-33.425226958263785,-36.61357753992049,-32.30698563447,-35.54889021582139,-55.32934727211878,-57.46868166412094,-23.2986,0.058699999999994645,7.626000000000005,769.1600000000003,-0.03029096676894273,7.631702116594028e-05,0.009914712153518126,-0.020299937594258664
ASLLVGLLALLLGLL,Mutant,,void,11.0,LLLASLLVGLLFLLLGLLILI,0.0769672067582992,LLLASLLVGLLALLLGLLILI_2,110011001100110000,1,-56.3481,-57.8094,-44.9758,-220.132,-220.934,-241.117,-359.76,4543.45,3733.3,3549.41,-15.5469,20631.6,-98.8269,20550.6,-73.6666,-38.7332,77.2462,-41.1934,7.67338,2.73822,2.39691,9292.89,-36.0293,69.0807,-35.6829,20276.6,7.2857,1.23029,0.766501,2,LLLASLLVGLLALLLGLLILI,0.3613974745754992,0.0005198739068653,G,6,-85.24729949536027,-85.55601262028046,-83.76569306657592,-84.10541009823088,-83.13691319032962,-83.48978798929787,-25.160299999999992,-11.372300000000003,20.984999999999985,810.1499999999996,-0.03105634758995248,-0.014037277047460356,0.025902610627661537,-0.019190149972227375
VALLLTLLGGLLFIL,Mutant,,clash,16.0,LLLVALLLTLLGGLLFALILI,0.0292398869788544,LLLVALLLTLLGGLLFILILI_1,110011001100110000,1,-58.7189,-58.7189,-58.7189,-228.184,-220.383,-238.118,-350.255,4587.24,3832.5,3667.16,-15.512,28.6901,-78.8632,-42.4623,-53.4178,-40.2548,80.7207,-46.016,7.67928,3.43551,3.14632,19.7257,-38.0441,72.2659,-45.0,-342.671,7.1084,1.96251,1.5465,1,LLLVALLLTLLGGLLFILILI,0.2804622433247019,0.0006931226285135,G,6,-65.57128386042066,-68.26552071787218,-65.4633209075185,-68.16600646127833,-70.92594295188822,-73.20114821301674,-25.445400000000006,0.0,9.933999999999997,754.7399999999998,-0.03371412671913508,0.0,0.013162148554469089,-0.020552773140419225
YALLFLLLGTLLSIL,WT,LLLYALLFLLLITLLSILILI,clash,,,,LLLYALLFLLLGTLLSILILI_0,110011001100110000,1,-70.7208,-71.3173,-74.0819,-233.803,-227.043,-250.083,-362.562,4665.6,3812.65,3687.89,-15.4472,274.992,-73.4856,210.791,-38.3965,-66.7986,62.0788,-42.1708,7.516,4.90043,4.33161,271.496,-60.5958,60.1642,-40.2827,-87.5696,7.5,3.71154,3.114,0,LLLYALLFLLLGTLLSILILI,0.1583236894220557,0.0007902632584345,G,0,-90.72523286477768,-92.5025760543143,-92.48078812401236,-93.9217105562012,-95.01517917478282,-95.97043090408113,-35.0891,3.3611000000000075,16.28,852.9500000000003,-0.041138519256697335,0.003940559235594122,0.019086699103112722,-0.01811032299665865
VALLFALLGLLLITL,Mutant,,clash,15.0,LLLVALLFALLGLLLGTLILI,-0.0269743343405852,LLLVALLFALLGLLLITLILI_2,110011001100110000,1,-58.7454,-60.783,-58.7454,-236.927,-217.049,-239.349,-352.857,4607.82,3960.1,3646.02,-15.4058,17819.8,-72.5905,17744.8,-54.7623,-54.0359,92.2391,-43.3967,8.84023,7.05767,6.94126,15250.6,-48.7411,63.2863,-39.7126,17467.0,6.542,2.35481,1.8041,2,LLLVALLFALLGLLLITLILI,0.4082155067823773,0.0003215968841904,G,6,-74.04339920244874,-75.8733941160723,-76.30962113164065,-77.97984263595268,-80.81134149955965,-82.16418225590313,-17.828200000000002,0.0,2.421999999999997,647.7199999999998,-0.027524547644043735,0.0,0.0037392700549620174,-0.023784660038288157
YALLTALLGLLLGFL,WT,LLLYALLTALLILLLGFLILI,clash,,,,LLLYALLTALLGLLLGFLILI_1,110011001100110000,1,-63.8663,-66.3123,-58.802,-222.802,-220.205,-242.535,-336.701,4602.77,3931.27,3817.22,-15.1785,-3.81433,-65.211,-53.9979,-35.363,-51.2462,66.7657,-44.6821,6.86675,3.2003,2.70179,-11.2742,-49.4233,66.044,-43.1773,-348.202,6.8387,2.82944,2.3201,1,LLLYALLTALLGLLLGFLILI,0.2166883755745698,0.000281670193363,G,0,-93.11063268302571,,-93.20504641733407,,-91.76372275128509,,-29.848,-5.064300000000003,19.733000000000004,671.5000000000005,-0.044449739389426625,-0.007541772151898734,0.029386448250186138,-0.02260387192851823
VGLLLILLGALLATL,WT,LLLVGLLLILLIALLATLILI,clash,,,,LLLVGLLLILLGALLATLILI_1,110011001100110000,1,-63.525,-62.1411,-58.7586,-219.812,-222.965,-233.286,-359.091,4487.44,3772.72,3751.97,-15.0755,-14.1932,-90.8296,-88.1784,-67.0469,-49.2642,56.4515,-50.0632,7.19607,1.51058,0.857355,-5.3878,-40.5762,61.5678,-43.055,-364.547,7.4828,0.898083,0.3216,1,LLLVGLLLILLGALLATLILI,0.9506854156867725,0.0009740229185085,G,0,-82.61950457240178,-84.05881577593156,-81.73394966302835,-83.24659531825495,-85.00056406890145,-86.24269529998114,-23.782700000000006,-4.766399999999997,13.47399999999999,714.7199999999998,-0.03327554846653236,-0.006668905305574209,0.018852137900156694,-0.021092875531676745
FVLLTILLGALLSLL,WT,LLLFVLLTILLGALLILLILI,clash,,,,LLLFVLLTILLGALLSLLILI_0,110011001100110000,1,-79.5735,-72.2679,-74.2311,-228.011,-221.736,-241.221,-368.611,4572.19,3942.57,3706.26,-15.0561,75.6844,-76.0818,1.07723,-53.1586,-43.2246,72.1937,-49.8064,7.59518,2.72985,2.31276,50.0581,-47.9501,60.2066,-41.6343,-292.926,7.3755,1.8204,1.2235,0,LLLFVLLTILLGALLSLLILI,0.2393141399686467,0.0006792287341502,G,0,-64.37633443388117,-69.59747456460995,-65.01926773934503,-70.14617711562467,-70.07587418153288,-74.46166805492844,-22.9232,-5.342399999999998,13.210000000000008,629.6199999999994,-0.036407992122232495,-0.00848511800768718,0.02098090911978657,-0.023912995139925692
TVLLLGLLFGLLAAL,Mutant,,void,15.0,LLLTVLLLGLLFGLLFALILI,0.0611900611964192,LLLTVLLLGLLFGLLAALILI_1,110011001100110000,1,-44.9318,-45.8636,-44.9318,-220.524,-222.555,-236.371,-339.274,4497.79,3787.06,3662.65,-15.0447,-7.33965,-88.8632,-78.1952,-57.9712,-33.4965,72.7188,-42.6466,7.19521,1.34152,0.932304,-11.3213,-30.525,71.559,-44.3251,-350.773,7.1169,0.739215,0.3126,1,LLLTVLLLGLLFGLLAALILI,0.4293172468015636,0.0001877285344332,G,6,-78.55216579178676,-81.98551621520164,-75.261199902468,-79.22136524900502,-78.40294573784206,-81.86018317616106,-30.892000000000003,0.0,15.847000000000008,710.73,-0.04346516961434019,0.0,0.022296793437733047,-0.02116795407538728
TALLIGLLFGLLVLL,WT,LLLTALLIGLLFILLVLLILI,clash,,,,LLLTALLIGLLFGLLVLLILI_2,110011001100110000,1,-44.9826,-44.9826,-44.9826,-224.591,-225.253,-241.892,-345.433,4621.0,3755.83,3704.82,-14.9522,-13.6361,-90.8116,-88.8334,-58.5577,-47.6494,70.7991,-37.6499,7.52485,3.20529,2.76728,-12.7759,-44.147,67.923,-36.7071,-358.652,7.5,2.29165,1.81049,2,LLLTALLIGLLFGLLVLLILI,0.374670112893555,0.000966200549427,G,0,-82.09293673717623,-80.81083335073302,-81.89127922095255,-80.59473763318861,-84.92892855631536,-83.84987547811518,-32.2539,0.0,17.300999999999988,865.1700000000001,-0.03728041887721488,0.0,0.01999722597870937,-0.0172823838089624
AVLLAGLLFGLLSTL,Mutant,,void,7.0,LLLAVLLIGLLFGLLSTLILI,0.0495544790547577,LLLAVLLAGLLFGLLSTLILI_0,110011001100110000,1,-76.436,-76.638,-74.0695,-216.732,-212.454,-232.542,-348.339,4453.08,3744.82,3618.76,-14.661,-9.19796,-69.8321,-68.4454,-41.7278,-32.1097,80.8804,-41.1963,7.45017,2.2353,1.94851,-9.35726,-35.7131,69.4343,-39.9439,-357.537,7.5,1.23059,0.772104,0,LLLAVLLAGLLFGLLSTLILI,0.4343126337720999,0.0007521548742998,G,6,-64.24999632895022,-71.6989966413489,-60.82527823516155,-68.98786521975316,-60.10141422463148,-68.41482813752741,-28.104299999999995,-2.366500000000002,15.810000000000002,708.2599999999998,-0.03968076694999012,-0.003341287097958381,0.022322311015728697,-0.02070002541439585
TILLAGLLFLLLSVL,Mutant,,clash,4.0,LLLTALLAGLLFLLLSVLILI,0.0733128431514157,LLLTILLAGLLFLLLSVLILI_0,110011001100110000,1,-60.3212,-61.0056,-60.3184,-233.733,-219.818,-242.649,-363.454,4597.91,3848.83,3584.01,-14.6235,17.4539,-84.0226,-65.1756,-60.4864,-66.2182,88.7335,-44.7333,8.33421,8.41175,8.24275,18.0034,-68.8165,69.6202,-43.3499,-346.0,7.0847,6.2212,5.7655,0,LLLTILLAGLLFLLLSVLILI,0.227543151560397,0.0004026391417348,G,7,-53.037069859976825,-66.78138826316159,-56.09507808829864,-68.94443021394711,-64.1179404671959,-74.61929653059435,-23.536199999999994,-0.00280000000000058,8.915999999999997,749.0799999999999,-0.0314201420409035,-3.737918513377183e-06,0.011902600523308588,-0.01952194692155711
VLLLTGLLFALLAAL,Mutant,,void,16.0,LLLVLLLTGLLFALLAYLILI,-0.0612798418482592,LLLVLLLTGLLFALLAALILI_2,110011001100110000,1,-58.6912,-59.6112,-58.7499,-221.273,-212.118,-234.271,-343.866,4514.6,3785.66,3594.97,-14.6177,1591.18,-78.5192,1519.05,-50.8455,-37.6274,77.7174,-49.6683,7.77767,2.63595,2.30171,1060.98,-38.7525,65.3789,-42.5319,1247.32,7.4041,1.13902,0.619703,2,LLLVLLLTGLLFALLAALILI,0.2916663627809628,0.0006285420416865,G,6,-59.11070051333462,-65.62327910639857,-53.73942168579225,-61.10750223043738,-53.51654596124076,-60.92012468489239,-27.673699999999997,0.058699999999994645,12.99799999999999,728.9400000000005,-0.03796430433231813,8.05278898125972e-05,0.01783137158065133,-0.020053365160369836
LVLLTGLLFGLLAAL,Mutant,,void,15.0,LLLLVLLTGLLFGLLYALILI,-0.5497693321232013,LLLLVLLTGLLFGLLAALILI_0,110011001100110000,1,-58.7605,-58.7605,-58.7605,-219.842,-212.653,-233.542,-340.644,4510.46,3860.05,3674.54,-14.597,-7.56701,-76.6389,-76.7974,-48.3412,-32.6706,85.4725,-44.0386,7.31762,2.93938,2.72147,-7.34477,-36.3206,72.3714,-40.8966,-348.211,7.2598,1.71823,1.3038,0,LLLLVLLTGLLFGLLAALILI,0.8484108091029237,0.0019349827345566,G,6,-85.96460781719631,-90.5024263483272,-84.61722788769498,-89.59067126870046,-86.58766129083347,-90.92403881043208,-28.297700000000006,0.0,13.699999999999989,650.4099999999999,-0.04350747989729557,0.0,0.02106363678295228,-0.022442766870128077
YILLGLLLITLLASL,Mutant,,clash,11.0,LLLYILLGLLLGTLLASLILI,0.1867926165285974,LLLYILLGLLLITLLASLILI_1,110011001100110000,1,-74.0156,-74.9735,-74.0156,-244.485,-209.531,-248.15,-376.798,4615.88,4115.08,3544.36,-14.3334,38937400.0,-72.6313,38937300.0,-54.6324,-96.2419,65.0634,-46.1447,10.305,9.71985,9.1958,652614.0,-97.764,38.4753,-38.0973,740732.0,7.04,6.35877,5.4359,1,LLLYILLGLLLITLLASLILI,0.1118349850204922,0.0006182439145155,G,7,38.76127821966428,-9.081850950866556,10.67869978394408,-27.48191244252386,-35.09553758716274,-57.47377320737328,-17.9989,0.0,3.664999999999992,500.8000000000002,-0.03594029552715654,0.0,0.007318290734824263,-0.028621006389776348
SYLLVALLGLLLIFL,Mutant,,clash,15.0,LLLSYLLVALLGLLLGFLILI,0.2210733599010116,LLLSYLLVALLGLLLIFLILI_0,110011001100110000,1,-61.1335,-68.4087,-44.9412,-233.573,-233.36,-255.164,-353.241,4642.47,3872.38,3555.27,-14.3266,43506.0,-72.8611,43454.5,-53.1365,-46.8596,62.4617,-42.8256,9.5167,1.96127,1.3982,30264.8,-56.9491,49.4969,-37.5681,43152.8,7.4308,1.72445,0.966904,0,LLLSYLLVALLGLLLIFLILI,0.3067186734201134,0.0006288044039937,G,6,-92.79675036961945,-92.83298327945752,-93.84608741083863,-93.87704207316968,-94.81826266491323,-94.8443272095703,-19.724599999999995,-16.192299999999996,21.59099999999998,770.0900000000001,-0.025613369865859825,-0.021026503395706986,0.028036982690334864,-0.01860379955589606
TFLLAVLLGILLILL,Mutant,,clash,15.0,LLLTFLLAVLLGILLGLLILI,0.2659680598201736,LLLTFLLAVLLGILLILLILI_2,110011001100110000,1,-44.9923,-54.6095,-44.9923,-238.508,-229.475,-247.862,-357.924,4640.72,3878.49,3477.59,-14.29,887574.0,-88.7135,887500.0,-65.0692,-61.2559,67.5696,-51.2305,9.10999,4.81027,4.32382,867091.0,-58.9856,45.4304,-41.2673,515831.0,6.5,1.48094,0.662396,2,LLLTFLLAVLLGILLILLILI,0.2494992551697714,0.0013688639185761,G,7,-80.73790063049528,-83.34409068871625,-82.39612529859454,-84.77795514760909,-85.55681492125079,-87.5109988676214,-23.6443,0.0,9.353999999999985,762.2300000000005,-0.031019902129278548,0.0,0.012271886438476548,-0.018747622108812288
AALLFSLLILLLGTL,Mutant,,clash,11.0,LLLAALLFSLLGLLLGTLILI,-0.0235784847626767,LLLAALLFSLLILLLGTLILI_1,110011001100110000,1,-74.0983,-60.2893,-74.0983,-226.421,-217.264,-239.114,-365.224,4560.03,3904.16,3654.89,-14.2221,11169.7,-78.9274,11082.1,-52.0124,-35.7471,87.966,-35.9093,8.28748,3.73748,3.55697,9594.44,-43.753,64.4796,-35.9038,11097.6,6.884,1.7677,1.23489,1,LLLAALLFSLLILLLGTLILI,0.3068392329676995,0.000876572665404,G,6,-10.464672736688762,-26.90276090316804,-27.216505027302507,-40.57906865436324,-53.79990282017199,-62.28193213703046,-26.915000000000006,0.0,12.693000000000012,655.8699999999999,-0.04103709576592924,0.0,0.019352920548279407,-0.021684327686889174
LVLLIGLLAGLLFAL,Mutant,,void,11.0,LLLLVLLIGLLFGLLFALILI,-0.0352422940634017,LLLLVLLIGLLAGLLFALILI_0,110011001100110000,1,-44.9897,-44.9897,-44.9897,-219.245,-214.057,-234.491,-336.722,4545.61,3859.58,3731.73,-14.208,-11.8237,-86.6954,-89.4998,-57.2422,-37.5018,76.6803,-44.8447,7.26466,2.4771,2.1273,-11.8056,-36.3206,72.3714,-40.8966,-348.546,7.2598,1.71823,1.3038,0,LLLLVLLIGLLAGLLFALILI,0.9414564453907172,0.0009264870994065,G,7,-93.31986858627909,,-93.22629801181884,,-93.64862993032423,,-29.45320000000001,0.0,15.24600000000001,686.0299999999997,-0.04293281634913928,0.0,0.022223517921956787,-0.020710464556943583
VLLLTGLLFALLAYL,WT,LLLVLLLTGLLFILLAYLILI,clash,,,,LLLVLLLTGLLFALLAYLILI_1,110011001100110000,1,-59.8335,-60.0949,-58.7499,-224.595,-219.958,-241.212,-344.208,4596.23,3769.93,3637.89,-14.1823,78070.4,-73.9619,78006.2,-44.2459,-38.5244,72.7446,-48.5642,7.53054,2.09918,1.69035,1348.85,-38.7525,65.3789,-42.5319,1259.74,7.4041,1.13902,0.619703,1,LLLVLLLTGLLFALLAYLILI,0.2303865209327036,0.0007408630696538,G,0,-16.726313281293773,-31.723667804656465,-19.54205488746569,-34.032302342822746,-28.787223608742966,-41.61244242894831,-29.716,-1.0836000000000041,16.61699999999999,826.2999999999997,-0.035962725402396235,-0.0013113881156964838,0.02011012949292024,-0.017163620960910085
VGLLLILLGILLATL,Mutant,,clash,12.0,LLLVGLLLILLGALLATLILI,0.4915454779248484,LLLVGLLLILLGILLATLILI_2,110011001100110000,1,-58.7586,-60.7506,-58.7586,-226.478,-220.555,-237.35,-366.389,4509.82,3819.91,3726.99,-14.1461,536.12,-95.2991,451.036,-70.2803,-39.1047,73.3987,-43.8296,8.66466,2.27452,1.8755,440.127,-40.5762,61.5678,-43.055,169.731,7.4828,0.898083,0.3216,2,LLLVGLLLILLGILLATLILI,0.4591399377619241,0.0012762561423856,G,6,-71.9204233937998,-73.95792674456992,-71.28743360943751,-73.37086780969048,-82.56167978470334,-83.8270348991613,-25.0188,0.0,10.871999999999986,689.9099999999999,-0.036263860503543945,0.0,0.01575857720572247,-0.020504268672725433
ALLLTVLLGGLLASL,Mutant,,void,15.0,LLLALLLTVLLGGLLFSLILI,0.0325374046445216,LLLALLLTVLLGGLLASLILI_1,110011001100110000,1,-77.868,-72.995,-74.0963,-215.268,-215.575,-230.921,-366.195,4416.65,3745.24,3608.5,-14.139,-9.85484,-87.1986,-87.4803,-61.1782,-36.9149,67.4295,-47.1375,6.8551,1.14021,0.651653,-2.86751,-30.525,71.559,-44.3251,-369.465,7.1169,0.739215,0.3126,1,LLLALLLTVLLGGLLASLILI,0.2174128708714899,0.0001448856834257,G,6,179.9622417912565,141.63720365198984,206.66291818519213,164.68272842764125,460.8772045911261,384.0967069073434,-26.020400000000002,-3.7716999999999956,15.652999999999992,671.4099999999999,-0.03875485917695597,-0.005617580911812449,0.023313623568311456,-0.021058667580167115
TALLFLLLGVLLIIL,Mutant,,clash,15.0,LLLTALLFLLLGVLLGILILI,0.4588035592638091,LLLTALLFLLLGVLLIILILI_2,110011001100110000,1,-44.96,-44.96,-44.96,-235.393,-232.778,-247.75,-355.614,4721.25,3697.21,3523.41,-14.1166,67.4212,-89.3769,-10.4541,-62.9035,-68.5709,66.5722,-39.8124,7.92212,5.77288,5.27147,67.6864,-65.2659,57.7881,-36.226,-280.221,7.2064,4.09128,3.4581,2,LLLTALLFLLLGVLLIILILI,0.2531446681307547,0.0009196861968745,G,7,-70.34228117273209,-67.06727844071877,-70.58314008692564,-67.33473459951524,-82.43606218349214,-80.4965352539601,-26.473400000000005,0.0,12.357,1024.04,-0.025851919846880986,0.0,0.012066911448771532,-0.013785203702980352
TALLFLLLGVLLGIL,WT,LLLTALLFLLLGVLLIILILI,clash,,,,LLLTALLFLLLGVLLGILILI_1,110011001100110000,1,-48.7774,-49.3802,-44.96,-223.056,-222.659,-241.311,-344.385,4555.75,3687.9,3619.57,-13.9665,-13.6127,-86.5183,-85.9587,-58.1133,-65.6057,59.0884,-35.4836,7.21837,4.31778,3.70411,-13.6858,-65.2659,57.7881,-36.226,-358.061,7.2064,4.09128,3.4581,1,LLLTALLFLLLGVLLGILILI,0.7119482273945639,0.0007414291768376,G,1,-87.12738797493391,-92.8903600810512,-87.57119493017498,-93.1354779824643,-89.31423199619178,-94.09817039334636,-28.404999999999994,-3.8173999999999992,18.254999999999995,867.8499999999999,-0.032730310537535286,-0.004398686408941637,0.021034741026675113,-0.016093218874229417
TALLLALLFGLLFSL,WT,LLLTALLLALLFILLFSLILI,clash,,,,LLLTALLLALLFGLLFSLILI_1,110011001100110000,1,-60.3539,-60.3539,-60.3539,-226.248,-225.641,-243.049,-348.114,4580.51,3738.2,3612.07,-13.7459,-2.04951,-75.2579,-64.1689,-44.7112,-32.5459,72.0828,-35.3932,7.37299,1.11305,0.694295,-13.1269,-32.2864,71.771,-35.0,-361.357,7.3393,1.03204,0.608604,1,LLLTALLLALLFGLLFSLILI,0.3659935796567735,0.000258047985919,G,0,-85.39929274856466,-89.05305489254833,-84.90551812026487,-88.68284517199396,-86.6420059234226,-89.98478461462325,-30.54670000000001,0.0,16.801000000000016,842.3100000000004,-0.03626538922724412,0.0,0.01994633804656244,-0.016319288622953537
YVLLTALLGGLLFAL,Mutant,,void,8.0,LLLYVLLTLLLGGLLFALILI,0.0753300359740778,LLLYVLLTALLGGLLFALILI_1,110011001100110000,1,-58.7757,-59.2669,-58.7757,-223.534,-218.423,-240.428,-326.17,4634.31,3910.67,3779.73,-13.7337,-12.7711,-57.5936,-61.2505,-26.9662,-37.5644,77.9956,-35.9741,7.45071,2.66407,2.334,-10.3713,-36.0293,69.0807,-35.6829,-334.574,7.2857,1.23029,0.766501,1,LLLYVLLTALLGGLLFALILI,0.2245795682608976,0.0010345753828703,G,6,-57.27333743670378,-60.38615026900571,-52.47046373644153,-55.93318564165439,-48.64464243996272,-52.38609113803312,-30.6274,0.0,16.894000000000005,723.6400000000003,-0.04232408379857386,0.0,0.023345862583605104,-0.018978635785749813
YVLLTLLLGGLLFAL,WT,LLLYVLLTLLLGGLLFILILI,clash,,,,LLLYVLLTLLLGGLLFALILI_1,110011001100110000,1,-58.7757,-58.7757,-58.7757,-225.014,-220.036,-245.108,-339.069,4692.11,3901.05,3723.73,-13.7289,-0.412589,-69.008,-60.6699,-35.1854,-39.7429,71.7453,-35.3339,7.42748,2.14706,1.72323,-9.50044,-36.0293,69.0807,-35.6829,-348.726,7.2857,1.23029,0.766501,1,LLLYVLLTLLLGGLLFALILI,0.2999096042349755,0.0006821180130358,G,0,-36.29336592436504,-45.76645159450424,-38.25203834584755,-47.43387221909518,-64.7503360403875,-69.99191082107018,-33.822599999999994,0.0,20.093999999999994,791.0599999999995,-0.04275604884585242,0.0,0.025401360200237665,-0.01735506788359923
VLLLATLLGSLLGTL,WT,LLLVLLLATLLGSLLITLILI,clash,,,,LLLVLLLATLLGSLLGTLILI_0,110011001100110000,1,-89.392,-87.858,-87.858,-218.615,-212.947,-233.349,-377.92,4426.61,3699.23,3598.42,-13.7028,-5.7956,-83.6164,-82.9113,-56.7138,-33.8066,81.4045,-42.1729,7.11028,2.56059,2.28166,-5.63475,-36.3206,72.3714,-40.8966,-383.716,7.2598,1.71823,1.3038,0,LLLVLLLATLLGSLLGTLILI,0.2979957679292978,0.0002479038422983,G,0,-41.497274097822114,-51.71684403024626,-39.0825179007897,-49.72391039694516,-38.04168736245585,-48.864897719407935,-26.9026,-1.5339999999999918,14.73399999999998,727.3799999999997,-0.03698561962110591,-0.0021089389315075923,0.020256262201325287,-0.018838571310731675
TALLVILLGGLLFLL,Mutant,,clash,8.0,LLLTALLVGLLGGLLFLLILI,0.0388810990083719,LLLTALLVILLGGLLFLLILI_1,110011001100110000,1,-47.7801,-46.8523,-44.9383,-225.592,-226.682,-242.984,-346.375,4614.57,3882.82,3648.47,-13.6125,44.8656,-86.6155,-27.9747,-58.4525,-44.3824,62.0365,-54.6371,7.01443,1.53229,0.962838,48.4774,-45.1876,67.311,-43.6659,-287.28,6.6072,2.36513,1.8748,1,LLLTALLVILLGGLLFLLILI,0.2417465591018643,0.0010839363241817,G,6,-67.60116826907061,-65.9810129831467,-69.64818607233214,-68.13039517849118,-71.03667014010713,-69.58831260795371,-28.162999999999997,-2.841799999999999,17.391999999999996,731.7499999999995,-0.038487188247352255,-0.0038835667919371385,0.02376768021865392,-0.018602664844550747
TVLLAALLGFLLGSL,Mutant,,void,8.0,LLLTVLLALLLGFLLGSLILI,0.0125595733983403,LLLTVLLAALLGFLLGSLILI_1,110011001100110000,1,-65.7059,-60.3442,-60.3442,-222.665,-216.005,-234.764,-341.945,4477.05,3832.31,3594.66,-13.3401,342051.0,-66.9139,341985.0,-46.8367,-53.1863,65.5787,-52.4822,7.57758,3.33108,2.81476,263703.0,-52.4326,53.6154,-37.48,273416.0,7.3254,1.60297,0.907201,1,LLLTVLLAALLGFLLGSLILI,0.758441888761252,0.0011955543079413,G,7,-94.91027192429549,-95.16191469300544,-93.9234245006657,-94.2238582881261,-93.2293138553466,-93.56406537490996,-20.077199999999998,-5.361699999999999,12.099000000000018,644.7400000000002,-0.031139994416353865,-0.008316065390700123,0.0187657040047151,-0.020690666004901194
ASLLTLLLGALLGVL,Mutant,,void,12.0,LLLASLLTLLLGYLLGVLILI,0.1480947473591802,LLLASLLTLLLGALLGVLILI_2,110011001100110000,1,-63.1851,-66.9767,-58.7469,-216.891,-217.306,-236.262,-357.268,4458.05,3730.21,3564.79,-13.2572,2275400.0,-90.4499,2275320.0,-62.2593,-47.7751,54.841,-49.7291,6.70055,1.0698,0.392415,1469550.0,-47.0876,58.6724,-35.0,2275020.0,7.44,1.48391,0.863996,2,LLLASLLTLLLGALLGVLILI,0.2461897579262899,0.0007584699693225,G,6,-85.62263597457613,-88.67657036629973,-84.51731752814408,-87.80603557084822,-83.59923771917974,-87.08296755250039,-28.190599999999996,-4.438200000000002,19.37100000000001,727.8400000000001,-0.03873186414596613,-0.006097768740382503,0.026614365794680156,-0.018214442734666957
YLLLGALLGVLLITL,Mutant,,clash,15.0,LLLYLLLGALLGVLLSTLILI,0.6075432665495129,LLLYLLLGALLGVLLITLILI_0,110011001100110000,1,-58.7653,-59.8407,-58.7653,-231.098,-220.149,-243.67,-355.287,4596.55,3826.52,3685.8,-13.2174,4.76324,-78.6412,-70.534,-52.8511,-72.5626,78.3421,-47.8736,7.59071,7.96058,7.63571,2.49921,-68.8165,69.6202,-43.3499,-350.524,7.0847,6.2212,5.7655,0,LLLYLLLGALLGVLLITLILI,0.223216146680636,0.0005231446354825,G,6,726.5250370427133,837.1845477061703,520.8692248564918,603.9944558288582,467.61700462706256,543.6125488165386,-25.790099999999995,0.0,12.571999999999974,770.0300000000002,-0.03349233146760514,0.0,0.01632663662454706,-0.01716478578756671
TALLVGLLILLLGFL,Mutant,,clash,11.0,LLLTALLVGLLGLLLGFLILI,0.0040965205218631,LLLTALLVGLLILLLGFLILI_2,110011001100110000,1,-44.921,-44.921,-44.921,-227.218,-226.166,-243.629,-348.496,4584.56,3762.93,3748.72,-13.122,121.922,-89.4791,44.5131,-59.9458,-41.6028,84.0211,-39.1695,7.81368,4.08326,3.84358,112.243,-48.1591,65.1383,-40.7743,57.3264,7.1702,2.51753,1.9946,2,LLLTALLVGLLILLLGFLILI,0.2528139250122061,0.0003402617696851,G,6,-61.81214168284921,-70.20506554134256,-61.79735042770066,-70.19352510683973,-64.42189242437998,-72.24124551382401,-29.533300000000004,0.0,16.411,821.6300000000006,-0.0359447683263756,0.0,0.01997371079439649,-0.0159706924041235
AVLLIGLLFILLSTL,Mutant,,clash,12.0,LLLAVLLIGLLFGLLSTLILI,0.1239571875720763,LLLAVLLIGLLFILLSTLILI_0,110011001100110000,1,-74.2884,-74.8294,-74.1339,-227.877,-220.43,-241.759,-364.211,4543.71,3913.2,3587.11,-13.1133,314.082,-75.1588,245.13,-48.3179,-31.7127,84.6709,-39.9505,8.76694,2.68747,2.45754,292.729,-35.7131,69.4343,-39.9439,-50.1295,7.5,1.23059,0.772104,0,LLLAVLLIGLLFILLSTLILI,0.3599099252547814,0.0023751543905256,G,6,-81.9360618895951,,-86.50566262418664,,-86.60376565124179,,-26.840899999999998,-0.15449999999999875,13.881999999999977,630.5100000000002,-0.042570141631377754,-0.0002450397297425873,0.022017097270463547,-0.02079792548888994
TVLLGALLGILLILL,Mutant,,clash,15.0,LLLTVLLGALLGILLSLLILI,0.1100428311211782,LLLTVLLGALLGILLILLILI_0,110011001100110000,1,-44.983,-51.0142,-44.983,-226.322,-222.374,-240.464,-362.527,4501.87,3707.93,3628.89,-13.0756,56.2642,-104.298,-32.8743,-77.0802,-68.7489,74.5719,-42.9675,7.89973,6.87954,6.49812,55.4568,-63.7261,69.6712,-42.7158,-306.263,7.3752,5.46453,5.0096,0,LLLTVLLGALLGILLILLILI,0.2215583174445351,0.00024611591409,G,6,-70.42105644996045,-69.01267289550952,-72.81425212829758,-71.51981914244121,-76.9021633604024,-75.80237380194266,-27.217799999999997,0.0,14.141999999999996,793.94,-0.03428193566264453,0.0,0.017812429150817436,-0.01646925460362244
TALLAGLLFLLLSVL,WT,LLLTALLIGLLFLLLSVLILI,clash,,,,LLLTALLAGLLFLLLSVLILI_1,110011001100110000,1,-60.2509,-60.7795,-60.3184,-224.389,-223.403,-244.41,-361.483,4589.87,3669.78,3598.38,-13.0571,-10.8076,-89.9002,-88.1086,-56.755,-71.4599,71.1443,-43.3483,7.22564,6.82346,6.39062,-12.0823,-68.8165,69.6202,-43.3499,-373.591,7.0847,6.2212,5.7655,1,LLLTALLAGLLFLLLSVLILI,0.3008559947118128,0.0003378785375593,G,1,-55.58021838465508,-57.187030012308114,-58.71140737810824,-60.20495345829353,-61.12770868141634,-62.53384908582209,-33.145199999999996,0.06749999999999545,20.020999999999987,920.0899999999997,-0.03602386723037965,7.336238846199336e-05,0.021759827842928403,-0.014191111739069008
VTLLLGLLFILLFAL,Mutant,,clash,12.0,LLLVTLLLGLLFGLLFALILI,0.6071795036823739,LLLVTLLLGLLFILLFALILI_2,110011001100110000,1,-44.9466,-49.5476,-44.9466,-232.164,-224.011,-243.908,-340.187,4665.39,4001.0,3592.95,-13.0007,2161.74,-76.0769,2095.11,-51.3325,-39.3495,81.9177,-45.2142,9.11834,3.46132,3.19008,1542.93,-33.3677,74.3197,-39.8132,1821.56,7.0315,1.53831,1.15311,2,LLLVTLLLGLLFILLFALILI,0.2182437032526176,0.0009596825888396,G,6,-43.03300206141022,-71.52089515668791,-44.63719800132393,-72.32286938764997,-68.33095967221166,-84.16792261452125,-24.74439999999999,0.0,11.744,664.3900000000003,-0.03724378753443005,0.0,0.017676364785743304,-0.019567874290702742
ASLLTLLLGYLLGVL,WT,LLLASLLTLLLIYLLGVLILI,clash,,,,LLLASLLTLLLGYLLGVLILI_2,110011001100110000,1,-66.9408,-67.5226,-58.7469,-228.5,-224.087,-240.323,-353.599,4503.71,3786.38,3537.81,-12.9772,2275860.0,-71.1361,2275800.0,-54.5296,-41.7321,80.577,-41.6525,9.00952,3.63771,3.34637,1263610.0,-47.0876,58.6724,-35.0,2275020.0,7.44,1.48391,0.863996,2,LLLASLLTLLLGYLLGVLILI,0.3942845052854701,0.0007699172495054,G,0,-81.79322982999311,-84.41404777412572,-82.54489660173051,-85.05751403885488,-81.28157439028331,-83.97604382477272,-16.606499999999997,-8.1939,11.823000000000008,717.3299999999999,-0.02315043285517126,-0.011422776128141859,0.016481953912425257,-0.01809097625918336
TLLLGLLLIVLLASL,Mutant,,clash,11.0,LLLTLLLGLLLGVLLASLILI,0.8636271710634005,LLLTLLLGLLLIVLLASLILI_2,110011001100110000,1,-60.2643,-64.9805,-60.2643,-238.34,-223.898,-241.977,-381.199,4597.09,4015.08,3589.66,-12.9639,733925.0,-95.5586,733833.0,-78.9585,-90.9278,70.0108,-37.9213,10.2234,9.59063,9.14079,726674.0,-97.764,38.4753,-38.0973,733544.0,7.04,6.35877,5.4359,2,LLLTLLLGLLLIVLLASLILI,0.2186317627854703,0.0009254066953151,G,6,-57.9803936752713,-70.02383379477058,-65.06754390585147,-75.07970203854983,-72.57032120695519,-80.43207249249078,-16.600099999999998,0.0,3.6370000000000005,582.0100000000002,-0.028522018522018508,0.0,0.006249033521760793,-0.022274359547086814
YALLFLLLGTLLSAL,Mutant,,void,16.0,LLLYALLFLLLGTLLSILILI,-0.057239477346554,LLLYALLFLLLGTLLSALILI_0,110011001100110000,1,-76.8273,-71.3173,-74.0819,-229.273,-222.991,-246.034,-354.506,4652.8,3988.83,3687.34,-12.9609,275.929,-61.3666,215.732,-34.3897,-64.1677,60.4819,-48.5818,7.82397,4.29021,3.69744,234.051,-60.5958,60.1642,-40.2827,-78.5764,7.5,3.71154,3.114,0,LLLYALLFLLLGTLLSALILI,0.2155631667686098,0.0003257790219244,G,6,-73.11398014446434,-78.24556460774895,-76.87421568412208,-81.28810498920627,-85.22827601122897,-88.047672475414,-26.9769,-2.7453999999999894,16.760999999999996,663.9700000000003,-0.040629697124870086,-0.004134825368616034,0.025243610404084505,-0.019520309652544535
YFLLAVLLILLLGTL,Mutant,,clash,11.0,LLLYFLLAVLLGLLLGTLILI,0.0344409217768044,LLLYFLLAVLLILLLGTLILI_1,110011001100110000,1,-58.7556,-58.7556,-58.7556,-242.614,-236.934,-250.804,-348.944,4763.91,4198.72,3624.02,-12.9271,88798.4,-60.5015,88745.1,-39.3846,-70.8393,47.7768,-46.9259,9.93983,3.57576,2.79242,81395.9,-71.1719,34.5088,-41.0473,88411.7,6.9662,1.83447,0.852102,1,LLLYFLLAVLLILLLGTLILI,0.2295840688963566,0.001325039783654,G,7,-37.9193535488342,,-52.334296106016986,,-71.292755561277,,-21.1169,0.0,8.189999999999998,565.1899999999996,-0.03736247987402469,0.0,0.014490702241724029,-0.022872131495603264
TVLLALLLGFLLISL,Mutant,,clash,15.0,LLLTVLLALLLGFLLGSLILI,0.5492080283412446,LLLTVLLALLLGFLLISLILI_2,110011001100110000,1,-60.3442,-69.9928,-60.3442,-235.003,-224.552,-244.146,-366.297,4546.5,3998.55,3490.87,-12.9104,278661.0,-83.8605,278589.0,-61.8071,-58.4755,66.1312,-45.2207,10.1172,4.19905,3.69102,178540.0,-52.4326,53.6154,-37.48,278294.0,7.3254,1.60297,0.907201,2,LLLTVLLALLLGFLLISLILI,0.2217934338183477,0.0001463050318813,G,7,-75.76224609601324,-77.31632083242717,-78.3961692376652,-79.78136226052133,-81.1569802843327,-82.36515580314804,-22.053400000000003,0.0,9.143,547.9499999999998,-0.04024710283785019,0.0,0.016685828998996264,-0.023561273838853918
TALLFLLLGALLASL,Mutant,,void,12.0,LLLTALLFLLLGVLLASLILI,-0.0689126691750509,LLLTALLFLLLGALLASLILI_2,110011001100110000,1,-64.596,-64.6516,-60.3462,-220.248,-220.884,-238.322,-352.111,4560.47,3658.44,3547.63,-12.7992,833.259,-80.0661,766.684,-53.4424,-64.7778,58.2811,-44.291,7.67177,4.08462,3.45884,788.459,-60.5958,60.1642,-40.2827,448.513,7.5,3.71154,3.114,2,LLLTALLFLLLGALLASLILI,0.8810129378149935,0.0006327176779629,G,7,-92.8778031739442,-93.93830525745685,-92.3679733097552,-93.50438955941829,-92.63768385280108,-93.73393993842616,-26.623700000000007,-4.2498000000000005,18.074000000000012,902.0300000000002,-0.029515315455140075,-0.004711373235923417,0.020037027593317304,-0.014189328514572684
ASLLTALLGYLLGVL,Mutant,,void,8.0,LLLASLLTLLLGYLLGVLILI,0.0094978521562222,LLLASLLTALLGYLLGVLILI_0,110011001100110000,1,-68.5302,-72.6461,-58.7469,-222.432,-217.068,-241.311,-344.734,4461.24,3747.21,3588.42,-12.7952,2275380.0,-66.567,2275320.0,-44.6755,-48.2173,71.4892,-45.4064,8.04514,3.38364,2.95598,1723110.0,-47.0876,58.6724,-35.0,2275030.0,7.44,1.48391,0.863996,0,LLLASLLTALLGYLLGVLILI,0.3847866531292478,9.736532666715264e-05,G,6,-80.52295940264524,-85.05654934149247,-80.14092996834587,-84.76344331375613,-77.371093690663,-82.63833033569313,-21.891499999999994,-9.783299999999997,18.87900000000002,714.0299999999997,-0.03065907594918981,-0.01370152514600227,0.026440065543464595,-0.017919695250899828
YTLLVALLILLLGLL,Mutant,,clash,11.0,LLLYTLLVALLALLLGLLILI,0.0306955562749469,LLLYTLLVALLILLLGLLILI_1,110011001100110000,1,-44.9829,-53.1912,-44.9829,-239.326,-236.268,-249.564,-360.667,4726.98,4019.24,3650.48,-12.6664,23525.2,-89.0252,23454.0,-66.1209,-36.1428,84.0582,-45.0524,8.51643,3.26927,3.03015,19837.7,-36.0293,69.0807,-35.6829,24210.4,7.2857,1.23029,0.766501,1,LLLYTLLVALLILLLGLLILI,0.2824102682854935,0.0003606035044165,G,7,-51.4075587455384,-61.64366114657146,-62.82956649958851,-70.65959836830157,-74.25119295672052,-79.67523461413056,-22.904299999999992,0.0,10.238,707.7399999999998,-0.03236259078192556,0.0,0.014465764263712667,-0.01789696781303869
VGLLAILLGALLATL,Mutant,,void,7.0,LLLVGLLLILLGALLATLILI,0.3837532336270812,LLLVGLLAILLGALLATLILI_2,110011001100110000,1,-63.1759,-58.7586,-58.7586,-216.75,-213.243,-229.179,-346.904,4430.59,3810.62,3760.99,-12.6565,-1.86068,-79.6346,-76.7632,-58.9666,-48.701,58.3456,-48.6097,7.23277,1.68182,1.057,-1.78548,-40.5762,61.5678,-43.055,-351.282,7.4828,0.898083,0.3216,2,LLLVGLLAILLGALLATLILI,0.5669321820596912,0.0003549857911702,G,6,-58.45689472474126,-62.59870426386497,-51.12904654358523,-56.00143583347297,-43.88542111981264,-49.47999322870809,-20.668000000000006,-4.417299999999997,12.429000000000002,619.9700000000003,-0.03333709695630433,-0.0071250221784925,0.0200477442456893,-0.020414697485362187
TSLLFALLGLLLGVL,WT,LLLTSLLFALLILLLGVLILI,clash,,,,LLLTSLLFALLGLLLGVLILI_1,110011001100110000,1,-57.5252,-55.8898,-44.9724,-227.547,-219.537,-250.421,-348.059,4673.86,3904.34,3438.4,-12.5062,2664030.0,-75.4931,2663950.0,-52.6658,-49.9415,81.8232,-44.2625,8.44096,5.03735,4.7647,1523200.0,-53.285,61.369,-37.8368,2663660.0,6.585,2.77757,2.19811,1,LLLTSLLFALLGLLLGVLILI,0.3473740294027161,0.0008048210297846,G,0,-65.66086715080685,-72.6701128989069,-62.656012333094594,-70.27860396698634,-66.23684328536795,-73.12852175854846,-22.8273,-12.552799999999998,22.873999999999995,769.5199999999995,-0.029664336209585217,-0.016312506497556927,0.02972502339120492,-0.01625194926707559
ALLLGVLLITLLSFL,Mutant,,clash,11.0,LLLALLLGVLLGTLLSFLILI,0.9517192925910848,LLLALLLGVLLITLLSFLILI_0,110011001100110000,1,-74.0352,-73.3269,-74.0352,-237.395,-223.042,-241.235,-370.486,4555.44,3955.99,3725.13,-12.3605,215332.0,-71.4161,215258.0,-55.2153,-84.5344,70.036,-32.9768,9.62269,8.63501,8.18555,211785.0,-93.9928,36.7785,-43.1657,214961.0,6.6465,5.56402,4.6157,0,LLLALLLGVLLITLLSFLILI,0.188127353615121,0.0004359230798934,G,7,-56.49087096536631,-65.67416307611768,-64.74342262602578,-72.18488275253824,-71.27048968344144,-77.334308732216,-16.2008,0.0,3.8400000000000034,599.4499999999998,-0.02702610726499292,0.0,0.0064058720493786045,-0.02061973475686046
SYLLIVLLGLLLGFL,Mutant,,clash,7.0,LLLSYLLGVLLGLLLGFLILI,0.5878080242497891,LLLSYLLIVLLGLLLGFLILI_0,110011001100110000,1,-62.639,-51.3362,-44.9022,-230.846,-229.873,-252.434,-346.804,4623.01,3935.69,3579.56,-12.3413,14304.1,-65.6596,14238.5,-49.4672,-72.4313,45.5937,-46.8051,9.41378,3.51985,2.70376,14110.4,-80.0419,31.8268,-44.1909,13957.3,7.2939,2.8029,1.7803,0,LLLSYLLIVLLGLLLGFLILI,0.4155882280721238,0.0003650617084936,G,6,-97.91197818204722,,-98.2948255006842,,-98.53995136135478,,-16.1924,-17.736800000000002,21.587999999999994,687.3200000000002,-0.023558749927253674,-0.02580573822964558,0.03140895070709421,-0.01795568294244311
YALLVGLLALLLGTL,Mutant,,void,11.0,LLLYALLVGLLFLLLGTLILI,-0.0344757892105707,LLLYALLVGLLALLLGTLILI_1,110011001100110000,1,-58.7681,-58.7681,-58.7681,-227.299,-219.805,-240.159,-346.136,4608.66,3959.67,3847.18,-12.3219,-7.70261,-72.3908,-75.2651,-47.2088,-43.4256,87.7796,-38.9299,7.73159,4.86408,4.68078,-7.00941,-44.9135,70.5331,-40.7685,-353.874,7.218,2.759,2.317,1,LLLYALLVGLLALLLGTLILI,0.2677612970915786,0.0006355887115918,G,7,-80.65379026550511,-82.93314094146564,-78.98638411324865,-81.46218687943282,-78.37344682275432,-80.92146523461707,-25.182000000000002,0.0,12.859999999999985,648.9899999999998,-0.03880183053668009,0.0,0.019815405476201465,-0.018986270974899466
TSLLLGLLFALLIYL,Mutant,,clash,15.0,LLLTSLLLGLLFALLAYLILI,-0.0017583783503117,LLLTSLLLGLLFALLIYLILI_0,110011001100110000,1,-55.7459,-57.2618,-44.9453,-232.645,-232.317,-256.143,-352.975,4646.62,3777.06,3659.52,-12.0897,11978.4,-76.6737,11915.0,-51.887,-34.9288,62.1425,-44.0274,8.05444,0.128568,-0.439294,9545.06,-40.0595,64.5531,-38.0126,11625.4,7.2779,1.2236,0.691897,0,LLLTSLLLGLLFALLIYLILI,0.20938807155427,0.0004556606864885,G,6,-85.56114454921725,-91.59322486163602,-88.90442378706248,-93.53979167042016,-91.4195549008858,-95.00418348384947,-24.786699999999996,-10.800599999999996,23.497999999999962,869.56,-0.028504876029256172,-0.012420764524587144,0.027022862137172782,-0.013903238419430518
AALLAALLGVLLGTL,Mutant,,void,8.0,LLLAALLALLLGVLLGTLILI,0.1921292981767161,LLLAALLAALLGVLLGTLILI_2,110011001100110000,1,-64.5301,-64.1176,-58.784,-200.563,-202.199,-226.1,-342.093,4357.64,3549.49,3597.83,-12.0868,-12.0163,-89.0859,-87.7927,-57.2089,-75.7294,53.8029,-35.6561,7.18383,5.1228,4.42984,-11.4198,-78.0946,55.6007,-36.5199,-353.498,7.2728,5.72029,5.0543,2,LLLAALLAALLGVLLGTLILI,0.1887104293894841,0.0007092435418266,G,6,-78.18550550468397,-79.11035538354862,-78.26015915403205,-79.18184400798305,-72.9039403594366,-74.0527080964871,-31.876999999999995,-5.7461000000000055,25.537000000000006,808.1500000000005,-0.03944441007238752,-0.007110189939986391,0.03159933180721399,-0.014956134380993618
AVLLIGLLAGLLSTL,Mutant,,void,11.0,LLLAVLLIGLLFGLLSTLILI,0.0188018947541374,LLLAVLLIGLLAGLLSTLILI_0,110011001100110000,1,-76.6029,-76.638,-74.0695,-215.976,-210.247,-231.492,-362.074,4411.49,3823.29,3674.26,-11.573,-6.23215,-81.0678,-81.4208,-56.5125,-32.5189,81.2966,-41.6304,7.50752,2.35287,2.07232,-6.19894,-35.7131,69.4343,-39.9439,-368.306,7.5,1.23059,0.772104,0,LLLAVLLIGLLAGLLSTLILI,0.4650652180727202,0.000353710977869,G,6,-85.06707218636815,-89.08956870607972,-84.181998268529,-88.4429079647206,-82.87242218723644,-87.48609359868176,-24.555300000000003,-2.5334000000000003,15.515999999999991,588.1999999999998,-0.04174651479088747,-0.00430703842230534,0.02637878272696361,-0.019675280516831015
TSLLVGLLAYLLGLL,WT,LLLTSLLVGLLIYLLGLLILI,clash,,,,LLLTSLLVGLLAYLLGLLILI_2,110011001100110000,1,-61.9059,-54.7547,-44.9603,-230.17,-226.586,-252.375,-354.422,4588.81,3820.38,3611.41,-11.5639,1573960.0,-73.9098,1573890.0,-57.0864,-51.5585,77.1725,-40.658,8.73437,4.65207,4.30966,1063590.0,-47.0876,58.6724,-35.0,1556800.0,7.44,1.48391,0.863996,2,LLLTSLLVGLLAYLLGLLILI,0.4033211340766285,0.0002134723844709,G,0,-71.65602497558451,-76.12386767042794,-68.89137739405537,-73.79500972286198,-57.67765009128845,-64.3488950985735,-16.823400000000007,-16.945600000000006,22.205000000000013,768.4300000000003,-0.021893210832476608,-0.02205223637806957,0.028896581341176168,-0.015048735733898984
TALLLALLFGLLASL,Mutant,,void,15.0,LLLTALLLALLFGLLFSLILI,0.0490567743748123,LLLTALLLALLFGLLASLILI_1,110011001100110000,1,-60.3539,-60.3539,-60.3539,-224.633,-222.265,-238.006,-355.231,4481.31,3842.31,3680.11,-11.3251,-5.73495,-81.5695,-78.3478,-56.8714,-36.0135,81.2005,-33.9618,8.08814,2.86409,2.5821,-6.87256,-32.2864,71.771,-35.0,-362.245,7.3393,1.03204,0.608604,1,LLLTALLLALLFGLLASLILI,0.3169368052819611,0.0005552819702745,G,6,-72.83049686719725,-78.12482053881416,-72.35399446472303,-77.7411706974144,-73.8585122049257,-78.9525139968705,-24.698100000000004,0.0,13.37299999999999,639.0000000000005,-0.03865117370892017,0.0,0.020928012519561785,-0.01772316118935836
TALLLALLAGLLFSL,Mutant,,void,11.0,LLLTALLLALLFGLLFSLILI,0.1053418321520147,LLLTALLLALLAGLLFSLILI_1,110011001100110000,1,-60.3539,-60.3539,-60.3539,-221.105,-219.037,-238.365,-353.422,4522.4,3735.01,3653.76,-11.2808,-1.57143,-83.244,-75.6025,-54.7037,-34.8494,72.1998,-36.1441,7.33831,1.47438,1.05738,-9.08282,-32.2864,71.771,-35.0,-362.533,7.3393,1.03204,0.608604,1,LLLTALLLALLAGLLFSLILI,0.2606517475047588,0.0003841204730088,G,6,-73.43633149218236,-80.07413643608149,-72.881085621194,-79.65763698057566,-76.0754454322519,-82.05378108809876,-28.540300000000002,0.0,17.26000000000002,787.3899999999994,-0.03624671382669328,0.0,0.021920522231676846,-0.014326826604351094
LALLFALLGILLITL,Mutant,,clash,15.0,LLLLALLFALLGILLSTLILI,-0.009646956224808,LLLLALLFALLGILLITLILI_1,110011001100110000,1,-58.8314,-58.8314,-58.8314,-228.079,-221.267,-239.429,-356.691,4549.9,3760.97,3658.81,-11.2625,31.166,-81.0428,-45.4259,-58.4305,-64.1085,64.961,-37.8393,7.71012,4.88601,4.36043,37.1205,-58.8131,62.5969,-39.1181,-314.748,7.175,3.77255,3.2115,1,LLLLALLFALLGILLITLILI,0.2495360782505431,0.0003885949076415,G,6,-67.37241234920907,-70.82668922908604,-72.57345070959911,-75.47709458675659,-79.52810095726224,-81.69545725425131,-22.612299999999998,0.0,11.349999999999994,788.9299999999998,-0.028661985220488514,0.0,0.01438657422078004,-0.014275664507624252
FILLTALLGLLLGVL,Mutant,,clash,4.0,LLLFSLLTALLGLLLGVLILI,-0.0116075298982725,LLLFILLTALLGLLLGVLILI_0,110011001100110000,1,-58.8588,-54.9332,-58.7335,-224.32,-203.356,-237.273,-348.388,4574.08,3899.47,3535.83,-11.2453,1633160.0,-76.4547,1633070.0,-52.381,-46.0929,79.9248,-53.9095,7.82629,4.20378,3.90266,1332510.0,-50.5887,64.17,-37.5151,1632810.0,7.0583,2.75125,2.2138,0,LLLFILLTALLGLLLGVLILI,0.2700738795876177,0.0007701217094351,G,6,-45.91159973821101,-55.2082985149716,-52.84928281706106,-60.953534609245885,-60.36523128555179,-67.17764400327658,-24.073700000000002,-0.12530000000000285,12.953000000000003,674.6100000000001,-0.03568535894813299,-0.00018573694430856766,0.01920072338091638,-0.016669334874964793
TALLFLLLGYLLISL,Mutant,,clash,15.0,LLLTALLFLLLGYLLGSLILI,0.9091438248290974,LLLTALLFLLLGYLLISLILI_1,110011001100110000,1,-62.7581,-62.3427,-60.326,-239.651,-230.669,-248.849,-356.629,4622.6,3881.2,3480.59,-11.2407,39103.5,-65.4598,39039.8,-47.453,-51.7231,79.2344,-40.075,10.1656,4.95511,4.64363,35165.0,-54.4566,55.8714,-40.6917,39543.1,7.0594,2.21113,1.5492,1,LLLTALLFLLLGYLLISLILI,0.1797707209403211,0.0003563804721201,G,6,-80.62932876612312,,-86.16753545762211,,-92.03423841325623,,-18.0068,-2.4320999999999984,9.197999999999979,741.4000000000005,-0.024287564067979477,-0.0032804154302670577,0.012406258429997265,-0.01516145130833557
YILLTLLLGALLAAL,Mutant,,void,16.0,LLLYILLTLLLGALLAFLILI,0.0350902475035042,LLLYILLTLLLGALLAALILI_0,110011001100110000,1,-62.8979,-65.4677,-58.7429,-225.21,-219.971,-241.997,-355.207,4579.23,3969.18,3705.8,-11.1989,158.218,-78.2975,88.4503,-54.4673,-48.596,63.1841,-51.7382,7.45605,2.31926,1.76702,161.144,-48.1219,61.2568,-42.1281,-196.989,7.3101,1.98795,1.4068,0,LLLYILLTLLLGALLAALILI,0.2373666372941459,5.537373625777993e-05,G,7,2558.9425350813426,2509.7976261370845,1747.4687223702545,1713.3221844363416,1320.7901164227417,1294.529826860538,-23.830199999999998,-4.155000000000001,16.787000000000006,610.0499999999997,-0.039062699778706675,-0.006810917137939518,0.027517416605196316,-0.01835734775838047
ATLLVGLLALLLGTL,Mutant,,void,11.0,LLLATLLVGLLFLLLGTLILI,0.0404464687237972,LLLATLLVGLLALLLGTLILI_0,110011001100110000,1,-66.5814,-62.7977,-58.7666,-215.571,-214.951,-238.67,-355.425,4510.01,3779.12,3602.59,-10.8759,-0.857619,-84.1483,-78.5341,-57.988,-36.6045,68.2458,-38.8778,7.83007,1.20386,0.727548,-0.323247,-39.5918,66.1876,-38.1472,-356.282,7.1158,1.37409,0.866903,0,LLLATLLVGLLALLLGTLILI,0.3465641846406666,0.0003662429085426,G,6,-79.79938650348689,-81.70341470244452,-78.00800101948778,-80.08087797530749,-76.5064889857112,-78.72089239833275,-26.160300000000007,-7.814800000000005,23.09899999999999,730.8900000000003,-0.0357923900997414,-0.010692169820356007,0.0316039349286486,-0.01488035135246069
AFLLALLLGTLLGSL,Mutant,,void,3.0,LLLYFLLALLLGTLLGSLILI,-0.1254917243593558,LLLAFLLALLLGTLLGSLILI_0,110011001100110000,1,-74.1108,-83.9993,-74.1108,-216.797,-216.428,-234.409,-352.236,4497.59,3548.06,3421.25,-10.4877,118016.0,-71.8154,117964.0,-43.7159,-71.7311,41.3085,-38.5111,7.56202,2.83631,1.95594,117871.0,-62.8637,50.8317,-39.7383,117664.0,6.5162,2.79183,2.05431,0,LLLAFLLALLLGTLLGSLILI,0.3454026318879599,9.581672604271958e-05,G,6,-84.56164697102004,-88.61546452756332,-83.76038538195147,-88.02459897562723,-82.89945453539939,-87.38973217711002,-28.0995,0.0,17.611999999999995,949.5300000000002,-0.029593061830589865,0.0,0.018548123808621097,-0.01104514865249123
VALLATLLGSLLGTL,Mutant,,void,4.0,LLLVLLLATLLGSLLGTLILI,0.0246101471120743,LLLVALLATLLGSLLGTLILI_2,110011001100110000,1,-90.853,-90.8114,-87.858,-216.117,-214.8,-230.462,-367.43,4388.82,3845.36,3717.64,-10.4839,-7.76691,-70.944,-69.5849,-49.1104,-43.0256,70.5268,-48.4734,6.97104,2.47497,2.03287,-2.6488,-36.3206,72.3714,-40.8966,-371.41,7.2598,1.71823,1.3038,2,LLLVALLATLLGSLLGTLILI,0.2733856208172234,6.134662906580633e-05,G,6,-52.62958877464213,-60.57756871826615,-48.42394952624345,-57.07756692438248,-37.605471886651934,-48.074252824135314,-21.833600000000004,-2.9949999999999903,14.344999999999999,543.4599999999996,-0.0401751738858426,-0.005510985169101668,0.026395686895079692,-0.01929102417841241
TSLLLALLFILLFAL,Mutant,,clash,12.0,LLLTSLLLALLFGLLFALILI,0.068103161278281,LLLTSLLLALLFILLFALILI_1,110011001100110000,1,-52.4153,-54.3076,-44.9597,-235.324,-231.861,-255.639,-352.595,4654.66,4041.52,3589.75,-10.3831,694.218,-75.2387,627.791,-51.9961,-31.5441,87.7553,-38.5128,9.34783,3.07858,2.89491,597.927,-33.5044,71.7656,-37.0663,345.968,7.3729,1.21402,0.790504,1,LLLTSLLLALLFILLFALILI,0.3018269071127925,0.0002896689736363,G,6,-71.5849328261151,-75.90324783680622,-76.6423660009483,-80.19208914237504,-86.60333465158975,-88.63926230621145,-23.242599999999996,-7.455600000000004,20.314999999999998,613.1399999999999,-0.03790749257918257,-0.01215970251492319,0.03313272662034772,-0.016934305378869433
VLLLTGLLAALLAYL,Mutant,,void,11.0,LLLVLLLTGLLFALLAYLILI,-0.0070493048904667,LLLVLLLTGLLAALLAYLILI_1,110011001100110000,1,-59.4706,-58.6912,-58.7499,-222.031,-217.327,-236.184,-351.833,4511.98,3819.06,3744.82,-10.0889,1605.61,-80.4206,1529.79,-56.8987,-39.1205,74.6673,-49.3475,7.68831,2.44816,2.06817,1550.75,-38.7525,65.3789,-42.5319,1247.35,7.4041,1.13902,0.619703,1,LLLVLLLTGLLAALLAYLILI,0.2374358258231703,0.0001432299415672,G,6,-47.77119564762505,-58.53607082176431,-46.48790301720426,-57.51727754471124,-44.06214166254979,-55.59148969143982,-23.521899999999995,-0.7207000000000008,14.152999999999992,692.9199999999996,-0.03394605437857185,-0.0010400912082202869,0.02042515730531663,-0.014559978063845763
YVLLGLLLIFLLSTL,Mutant,,clash,11.0,LLLYVLLGLLLGFLLSTLILI,0.7931877763911408,LLLYVLLGLLLIFLLSTLILI_1,110011001100110000,1,-74.1432,-74.0882,-74.0812,-252.743,-251.855,-252.427,-366.73,4666.42,4405.13,3676.19,-9.88099,333500.0,-49.725,333459.0,-40.2217,-92.3071,47.7473,-49.5649,10.4491,6.79194,6.00815,166344.0,-92.7718,28.0376,-44.4465,333422.0,7.5,4.20084,3.1214,1,LLLYVLLGLLLIFLLSTLILI,0.2435188646892603,0.0004436848646978,G,7,-43.552975465398205,-47.04357575369842,-43.65737169032916,-47.14151627089551,-12.148359723328864,-17.580974877196123,-9.503300000000003,-0.06199999999999761,-0.3160000000000025,261.28999999999996,-0.03637069922308548,-0.0002372842435607854,-0.0012093842091163173,-0.037816181254544765
LVLLTGLLFILLYAL,Mutant,,clash,12.0,LLLLVLLTGLLFGLLYALILI,0.1026695431803114,LLLLVLLTGLLFILLYALILI_0,110011001100110000,1,-58.7605,-58.7605,-58.7605,-231.874,-225.226,-245.714,-349.606,4663.6,3995.5,3678.4,-9.72487,1150.74,-68.6966,1085.12,-45.1312,-28.6364,88.8932,-43.88,9.1475,2.79603,2.62943,1060.69,-36.3206,72.3714,-40.8966,801.135,7.2598,1.71823,1.3038,0,LLLLVLLTGLLFILLYALILI,0.1959719337994109,0.0003844254458188,G,6,-46.54252971895543,-53.95011568976602,-58.91201962381128,-64.60556900808734,-73.4225980404859,-77.10542083140462,-23.565400000000004,0.0,13.840000000000003,668.1000000000004,-0.03527226463104324,0.0,0.020715461757221967,-0.014556009579404271
YLLLGALLIVLLSTL,Mutant,,clash,11.0,LLLYLLLGALLGVLLSTLILI,0.7035819857449831,LLLYLLLGALLIVLLSTLILI_0,110011001100110000,1,-74.1216,-75.1694,-74.1216,-234.561,-223.383,-246.868,-373.033,4642.32,4027.51,3694.3,-9.60858,3264.23,-73.959,3189.75,-52.0436,-65.5276,87.0425,-53.3208,8.3869,8.07988,7.88552,1759.06,-68.8165,69.6202,-43.3499,2891.19,7.0847,6.2212,5.7655,0,LLLYLLLGALLIVLLSTLILI,0.1271774274851658,0.0006454586816747,G,6,-48.40348341156116,-58.825424935386,-60.32066192198526,-68.33546153436465,-71.49855289191072,-77.2555387263275,-21.915400000000005,0.0,12.306999999999988,614.8099999999995,-0.035645809274410016,0.0,0.020017566402628452,-0.01562853564515868
TVLLALLLGFLLGSL,WT,LLLTVLLALLLGFLLISLILI,clash,,,,LLLTVLLALLLGFLLGSLILI_2,110011001100110000,1,-60.3442,-60.3442,-60.3442,-229.305,-220.036,-238.886,-354.868,4500.03,4001.16,3568.39,-9.60802,273882.0,-74.8271,273807.0,-55.6382,-57.7114,66.0761,-46.594,9.86837,4.07698,3.56812,148316.0,-52.4326,53.6154,-37.48,273400.0,7.3254,1.60297,0.907201,2,LLLTVLLALLLGFLLGSLILI,0.7710014621595923,0.0007898151288334,G,1,-90.01055203010327,-91.93577656837844,-89.06290383213047,-91.17076464519155,-88.79455198009252,-90.954131123535,-19.188900000000004,0.0,9.580999999999989,498.8699999999999,-0.038464730290456446,0.0,0.019205404213522542,-0.019259566620562475
TALLAGLLALLLSVL,Mutant,,void,11.0,LLLTALLAGLLFLLLSVLILI,0.0508532823310567,LLLTALLAGLLALLLSVLILI_1,110011001100110000,1,-60.3478,-60.2509,-60.3184,-222.083,-218.747,-238.898,-369.105,4493.44,3749.91,3678.39,-9.39055,-5.31563,-96.0642,-95.4223,-69.8882,-73.9719,75.1385,-43.3796,7.56617,7.73948,7.36656,-5.25872,-68.8165,69.6202,-43.3499,-375.033,7.0847,6.2212,5.7655,1,LLLTALLAGLLALLLSVLILI,0.250002712380756,0.0012313175132358,G,7,-77.71544069622458,-84.10429857882069,-77.95165745918979,-84.27279332370607,-75.88651275851323,-82.79971399976702,-26.176000000000002,-0.029400000000002535,16.814999999999998,743.5299999999997,-0.035205035439054254,-3.9541107957987635e-05,0.02261509286780628,-0.012629685419552677
YILLILLLGALLAFL,Mutant,,clash,7.0,LLLYILLTLLLGALLAFLILI,0.1166430121641687,LLLYILLILLLGALLAFLILI_0,110011001100110000,1,-49.4185,-51.5561,-44.9563,-226.619,-223.945,-247.82,-343.384,4680.61,3988.99,3712.09,-9.35285,162.504,-76.6992,94.621,-50.608,-50.1248,57.6629,-51.0402,7.43612,1.80321,1.16815,147.928,-48.1219,61.2568,-42.1281,-180.88,7.3101,1.98795,1.4068,0,LLLYILLILLLGALLAFLILI,0.1558138726334814,0.0006114427518308,G,7,-70.27370242279125,,-80.67993245707454,,-90.41651798886258,,-26.091200000000008,-4.462200000000003,21.200999999999993,691.6199999999999,-0.037724762152627184,-0.006451808796738098,0.030654116422312826,-0.013523105173361097
AFLLGTLLIVLLGLL,Mutant,,clash,11.0,LLLAFLLGTLLGVLLGLLILI,1.0503958528915645,LLLAFLLGTLLIVLLGLLILI_2,110011001100110000,1,-58.7211,-58.7457,-58.7211,-231.802,-228.449,-239.054,-349.283,4609.41,3941.33,3494.18,-9.30855,3112380.0,-68.0684,3112320.0,-51.5078,-89.8827,60.4856,-40.7771,9.49024,8.14796,7.55524,2016100.0,-92.5815,39.7325,-40.3169,3140720.0,6.7382,5.75111,4.8471,2,LLLAFLLGTLLIVLLGLLILI,0.2770218262956836,0.0007206124532076,G,6,-83.27232984723815,-85.56163229384296,-82.00303528166968,-84.46604985482178,-82.73641909717975,-85.09906479960358,-16.560599999999994,0.0,7.2520000000000095,668.0799999999999,-0.024788348700754394,0.0,0.010854987426655506,-0.013933286432762546
AYLLGTLLGILLILL,Mutant,,clash,15.0,LLLAYLLGTLLGILLALLILI,0.5653713512484366,LLLAYLLGTLLGILLILLILI_2,110011001100110000,1,-58.7536,-53.7255,-58.7536,-229.469,-227.867,-244.535,-361.759,4549.94,3725.04,3521.76,-9.25155,1605.16,-82.7874,1524.99,-58.4699,-70.0391,64.4334,-46.5302,8.30444,5.70438,5.17088,395.344,-71.7752,52.5548,-41.6943,76.6401,6.762,4.36118,3.6495,2,LLLAYLLGTLLGILLILLILI,0.4350456067793251,0.000348165055485,G,7,-96.86366044900764,-97.36026494255076,-97.24558726165252,-97.68171789122768,-97.34251408932138,-97.76329743350776,-24.317500000000003,0.0,15.066000000000003,824.8999999999996,-0.029479330827979166,0.0,0.018264032003879268,-0.011215359437507582
YLLLGALLITLLSFL,Mutant,,clash,11.0,LLLYLLLGALLGTLLSFLILI,0.4144733925098519,LLLYLLLGALLITLLSFLILI_1,110011001100110000,1,-73.9921,-58.581,-73.9921,-239.438,-238.195,-249.341,-362.431,4685.98,4097.22,3579.93,-9.04825,5610.54,-58.0484,5544.89,-39.0978,-68.5273,70.2883,-41.7278,9.48491,6.26802,5.82234,5155.56,-60.6857,64.7023,-38.4105,8994.2,7.3229,4.33767,3.8082,1,LLLYLLLGALLITLLSFLILI,0.1089205003619709,0.0006190335105472,G,7,-62.911150105193535,-66.19757668160831,-68.4387600188338,-71.23538752690959,-79.15669575660765,-81.0036117219198,-18.9506,0.0,9.90300000000002,588.7599999999993,-0.032187308920443004,0.0,0.016820096473945296,-0.015368316461716167
TILLLALLFGLLFAL,Mutant,,clash,4.0,LLLTSLLLALLFGLLFALILI,0.0227000665164464,LLLTILLLALLFGLLFALILI_0,110011001100110000,1,-44.9597,-44.9597,-44.9597,-223.24,-218.15,-243.013,-338.805,4599.5,3692.62,3526.31,-8.89567,333.136,-79.5009,257.441,-50.8326,-33.5531,78.0101,-41.4099,8.01255,2.06433,1.73448,170.773,-33.5044,71.7656,-37.0663,-5.66939,7.3729,1.21402,0.790504,0,LLLTILLLALLFGLLFALILI,0.3472300018746271,0.0007278149610842,G,6,-76.58998671835153,-78.83660380797275,-79.58431064314257,-81.5435678231233,-84.4581056641729,-85.94963345614252,-28.668300000000002,0.0,19.772999999999996,906.8800000000001,-0.03161201040931545,0.0,0.02180332568807339,-0.00980909271347918
TVLLGALLIILLSLL,Mutant,,clash,11.0,LLLTVLLGALLGILLSLLILI,0.1455013853790862,LLLTVLLGALLIILLSLLILI_0,110011001100110000,1,-60.2863,-66.2589,-60.2863,-229.323,-225.417,-243.643,-380.199,4541.31,3830.01,3640.2,-8.83772,106689.0,-99.4279,106600.0,-76.2701,-75.0411,66.4377,-34.3756,9.17514,6.72525,6.22182,91944.1,-63.7261,69.6712,-42.7158,106309.0,7.3752,5.46453,5.0096,0,LLLTVLLGALLIILLSLLILI,0.1860997631866272,0.0005391028128103,G,6,-93.00273698078576,-93.10752809795672,-94.1969815615326,-94.28388765373764,-95.31493984329964,-95.38510337531004,-23.157799999999995,0.0,14.319999999999993,711.3000000000002,-0.03255700829467171,0.0,0.020132152397019525,-0.01242474342752706
TSLLFILLGLLLGVL,Mutant,,clash,8.0,LLLTSLLFALLGLLLGVLILI,0.0079390806616599,LLLTSLLFILLGLLLGVLILI_0,110011001100110000,1,-50.8022,-61.6864,-44.9724,-229.555,-224.052,-253.878,-354.768,4702.94,3761.3,3399.97,-8.75564,2664080.0,-83.1662,2664010.0,-55.9173,-58.5931,53.8385,-51.4318,7.23375,2.55716,1.86474,965155.0,-53.285,61.369,-37.8368,2663720.0,6.585,2.77757,2.19811,0,LLLTSLLFILLGLLLGVLILI,0.3394349487410562,0.0011563805922196,G,6,-36.22499681936845,-65.10050498358775,-40.226842883536655,-67.29042893196167,-62.15370394680262,-79.28943073891753,-27.248900000000006,-5.829799999999999,24.32299999999998,941.6399999999994,-0.02893770443056797,-0.0061911133766619966,0.025830465995497213,-0.009298288093114147
YVLLITLLGLLLGFL,Mutant,,clash,7.0,LLLYVLLATLLGLLLGFLILI,0.0638088898832748,LLLYVLLITLLGLLLGFLILI_2,110011001100110000,1,-56.4469,-56.2568,-58.7168,-226.605,-223.196,-249.099,-347.143,4666.61,4038.49,3687.0,-8.66286,54.1111,-72.7534,-13.5789,-39.3263,-61.2503,51.3806,-48.0826,6.84881,2.62392,1.89463,47.0226,-65.7313,50.1254,-42.5945,-164.371,6.5,3.12662,2.3785,2,LLLYVLLITLLGLLLGFLILI,0.2260220010422151,0.000617066259862,G,7,-89.67322974787825,-91.04694158845123,-92.44390599929028,-93.44905044850708,-94.91352468335432,-95.5901497266802,-33.427099999999996,2.2699,22.494,628.1199999999999,-0.05321769725530154,0.0036137999108450617,0.03581162835127046,-0.013791727695344841
TGLLAGLLAILLSLL,Mutant,,void,7.0,LLLTGLLFGLLAILLSLLILI,0.020983582287151,LLLTGLLAGLLAILLSLLILI_0,110011001100110000,1,-61.8193,-61.4463,-60.3201,-222.388,-220.293,-241.537,-370.585,4455.5,3726.38,3760.17,-8.4134,-5.10038,-94.7914,-93.9462,-68.728,-64.9207,77.8649,-44.0498,7.4079,6.74988,6.41785,-5.06346,-69.3499,66.3154,-44.3229,-375.686,7.423,5.85507,5.3498,0,LLLTGLLAGLLAILLSLLILI,0.1275747223555888,0.0006931760964927,G,6,-94.82676652936767,-95.1222054701512,-95.45207096776215,-95.71179930665708,-94.70074318634406,-95.0033792125072,-26.0634,-1.4992000000000019,19.149,729.1199999999999,-0.03574637919684003,-0.002056177309633534,0.026263166556945362,-0.011539115646258504
TFLLGLLLIVLLAIL,Mutant,,clash,11.0,LLLTFLLGLLLGVLLAILILI,0.8832472941673353,LLLTFLLGLLLIVLLAILILI_2,110011001100110000,1,-44.9935,-49.5496,-44.9935,-238.085,-231.263,-248.059,-356.907,4618.57,4052.95,3559.95,-8.37907,32004.5,-82.2075,31928.4,-63.8543,-81.7552,56.7688,-32.0031,11.1132,6.42707,5.7786,22213.6,-75.4208,48.7219,-40.9997,31647.6,7.4067,4.39057,3.6214,2,LLLTFLLGLLLIVLLAILILI,0.3485150896132963,0.0005626277896493,G,7,-73.43270000549015,-83.35007802556228,-79.63432755603937,-87.23668354635309,-83.1710912656162,-89.45319933149672,-18.353199999999994,0.0,9.97399999999999,565.6199999999999,-0.032447933241398816,0.0,0.01763374703864784,-0.014813956366465122
YLLLGALLIFLLSTL,Mutant,,clash,11.0,LLLYLLLGALLAFLLSTLILI,0.0928622632390415,LLLYLLLGALLIFLLSTLILI_2,110011001100110000,1,-74.0492,-75.2313,-74.0462,-236.101,-225.986,-249.351,-361.429,4689.55,3961.96,3717.97,-8.3441,1733.23,-59.6229,1673.02,-38.032,-79.5277,66.5669,-43.1718,8.96943,7.41568,6.91418,1675.85,-74.4436,60.1664,-43.4591,1371.8,7.3574,5.789,5.1915,2,LLLYLLLGALLIFLLSTLILI,0.0715066431972652,0.0018122077865953,G,6,-55.3300272921494,-62.81175439595924,-64.10661214090686,-70.11835820910494,-81.70132699846454,-84.76615263994697,-21.590900000000005,-0.0030000000000001137,13.25,727.5900000000001,-0.029674541981060763,-4.123201253453336e-06,0.018210805536084878,-0.011468134526312892
TSLLVGLLAYLLGAL,Mutant,,void,16.0,LLLTSLLVGLLAYLLGLLILI,0.1767946201672035,LLLTSLLVGLLAYLLGALILI_2,110011001100110000,1,-58.5035,-54.1322,-44.9603,-223.947,-222.428,-248.438,-343.191,4532.36,3736.64,3636.26,-8.29695,1559750.0,-69.0372,1559690.0,-49.7928,-41.5265,77.4606,-43.0153,7.66035,3.18616,2.84807,696421.0,-47.0876,58.6724,-35.0,1556810.0,7.44,1.48391,0.863996,2,LLLTSLLVGLLAYLLGALILI,0.226526513909425,0.0003815806558246,G,6,-94.03274450106326,-93.1159147229399,-93.41755950945335,-92.40621058103336,-90.81915726703718,-89.40858082911735,-19.2444,-13.543200000000006,24.490999999999985,795.7199999999998,-0.0241848891569899,-0.01702005730659027,0.030778414517669522,-0.010426971799125323
ATLLVGLLFILLGTL,Mutant,,clash,12.0,LLLATLLVGLLFLLLGTLILI,0.065197280878437,LLLATLLVGLLFILLGTLILI_2,110011001100110000,1,-58.7666,-59.8364,-58.7666,-223.225,-223.425,-243.423,-345.753,4560.42,3870.66,3538.96,-7.74372,56.8323,-71.5045,-5.65929,-43.5628,-44.3022,66.5241,-43.5584,8.36022,2.12608,1.62394,49.3157,-39.5918,66.1876,-38.1472,-299.673,7.1158,1.37409,0.866903,2,LLLATLLVGLLFILLGTLILI,0.3218133724860267,0.0003003322402114,G,6,-85.94278464215975,-86.3051354790208,-86.67987241499459,-87.02322344538416,-89.91734095031036,-90.17724021566536,-27.94169999999999,0.0,20.198000000000008,689.7600000000002,-0.04050930758524702,0.0,0.029282649037346325,-0.011226687543493385
AGLLILLLGVLLATL,Mutant,,clash,7.0,LLLAGLLFLLLGVLLATLILI,0.0023517978620946,LLLAGLLILLLGVLLATLILI_0,110011001100110000,1,-58.8369,-63.7245,-58.8369,-220.151,-215.106,-234.374,-358.671,4518.04,3839.22,3652.07,-7.72952,1569.56,-87.4118,1489.72,-65.4595,-69.5516,67.4674,-33.3607,8.65682,6.04085,5.55286,1487.53,-73.6779,53.5881,-38.6441,1210.88,7.4088,4.78608,4.0899,0,LLLAGLLILLLGVLLATLILI,0.3166482308038122,0.000298970792856,G,6,-74.57393916424914,-79.87263392502287,-74.5352201732786,-79.84198382509776,-77.6464446344738,-82.30484089432373,-21.952299999999994,0.0,14.222999999999985,678.8200000000002,-0.03233891164078841,0.0,0.02095253528181253,-0.011386700450782238
YVLLALLLITLLGFL,Mutant,,clash,11.0,LLLYVLLALLLGTLLGFLILI,0.0008028034129337,LLLYVLLALLLITLLGFLILI_1,110011001100110000,1,-58.7232,-51.605,-58.7232,-246.047,-238.157,-250.379,-351.318,4688.59,4263.8,3580.43,-7.55364,63612.9,-54.1021,63551.3,-42.2162,-71.8218,49.8929,-41.482,10.2427,4.00881,3.2572,57287.3,-71.1719,34.5088,-41.0473,64230.1,6.9662,1.83447,0.852102,1,LLLYVLLALLLITLLGFLILI,0.1647688384522097,0.0004912761032781,G,6,-36.63489710906354,-50.2680434388777,-54.18196064666774,-64.0398162572598,-64.83956022363816,-72.40440899089745,-11.8859,0.0,4.331999999999994,424.78999999999996,-0.027980649261988278,0.0,0.010197980178441098,-0.017782057016408108
TVLLLGLLFILLFAL,Mutant,,clash,12.0,LLLTVLLLGLLFGLLFALILI,0.2550016865542824,LLLTVLLLGLLFILLFALILI_2,110011001100110000,1,-44.9318,-44.9318,-44.9318,-233.213,-228.825,-246.672,-342.568,4649.64,4036.2,3628.02,-7.43958,2228.62,-71.8633,2159.81,-50.9647,-32.3441,78.5434,-45.3212,9.16434,1.95498,1.63313,1965.16,-30.525,71.559,-44.3251,1886.06,7.1169,0.739215,0.3126,2,LLLTVLLLGLLFILLFALILI,0.2355056214437004,0.0009088668799174,G,6,-52.84411492459012,-66.90865158065698,-59.7681318124006,-71.76753727285728,-73.53716877690896,-81.42987313746303,-20.898599999999995,0.0,13.459000000000003,613.4400000000005,-0.03406787949921749,0.0,0.02194020605112153,-0.012127640845070413
TALLAGLLFGLLVLL,Mutant,,void,7.0,LLLTALLIGLLFGLLVLLILI,0.1058225576834012,LLLTALLAGLLFGLLVLLILI_2,110011001100110000,1,-44.9826,-44.9826,-44.9826,-218.951,-221.779,-240.957,-277.444,4562.72,3792.44,3752.95,-7.24518,-6.5143,-20.7556,-17.1972,8.49496,-40.5356,68.3676,-35.2946,7.40751,1.80996,1.33548,-5.1509,-44.147,67.923,-36.7071,-284.075,7.5,2.29165,1.81049,2,LLLTALLAGLLFGLLVLLILI,0.2688475552101538,0.0011677324658035,G,6,-74.13470742798253,-80.33508717533422,-72.45638191225086,-79.05908672545023,-75.15305573249272,-81.10931892150842,-29.25056,0.0,22.006,770.2800000000002,-0.037973931557355754,0.0,0.028568832112997863,-0.00940590434647141
FYLLGVLLILLLASL,Mutant,,clash,11.0,LLLFYLLGVLLGLLLASLILI,0.7525786597052166,LLLFYLLGVLLILLLASLILI_2,110011001100110000,1,-60.7424,-66.4601,-60.32,-236.087,-224.093,-244.496,-349.656,4756.15,3916.79,3626.83,-7.00878,1219120.0,-59.8347,1219070.0,-44.8394,-75.8287,64.9336,-32.014,10.4685,6.64033,6.11433,698801.0,-75.759,50.2096,-41.8685,1218780.0,7.3305,4.64215,3.89529,2,LLLFYLLGVLLILLLASLILI,0.1584315810474284,0.0009437580388574,G,6,-80.12600799011751,-82.48990867887242,-84.49193703325452,-86.3365347723557,-91.1195263025576,-92.1758092013036,-14.9953,-0.4224000000000032,8.40900000000002,839.3599999999997,-0.01786515916889059,-0.0005032405642394246,0.010018347312237923,-0.008350147731605036
YILLTLLLGALLAFL,WT,LLLYILLILLLGALLAFLILI,clash,,,,LLLYILLTLLLGALLAFLILI_0,110011001100110000,1,-58.8678,-65.4677,-58.7429,-229.554,-224.628,-246.982,-347.928,4647.15,4105.7,3709.3,-6.71418,155.659,-66.22,97.8274,-42.2026,-40.0737,73.5224,-48.2495,8.54327,2.43658,2.03942,121.182,-48.1219,61.2568,-42.1281,-192.268,7.3101,1.98795,1.4068,0,LLLYILLTLLLGALLAFLILI,0.2724568847976502,0.0018286510759058,G,1,451.3744237937945,386.9287174687941,337.8433223522156,286.6673501797628,215.3710955965223,178.50991355190848,-24.017400000000002,-0.12490000000000379,17.427999999999997,541.4499999999998,-0.044357558407978594,-0.00023067688613907808,0.03218764428848463,-0.012400369378520643
TALLALLLGYLLGSL,Mutant,,void,7.0,LLLTALLFLLLGYLLGSLILI,0.1011423903720702,LLLTALLALLLGYLLGSLILI_2,110011001100110000,1,-63.4871,-60.326,-60.326,-226.36,-225.919,-241.92,-357.284,4523.25,3933.49,3553.98,-6.62104,38404.5,-74.0585,38333.4,-55.038,-60.6601,59.1533,-46.5597,9.17864,3.58471,2.97201,37949.6,-54.4566,55.8714,-40.6917,38025.2,7.0594,2.21113,1.5492,2,LLLTALLALLLGYLLGSLILI,0.9877721553973482,0.0001990038329177,G,6,-97.55191541673346,-98.35652867120577,-97.08126429986704,-98.04056670578916,-96.91076870660332,-97.92610798931754,-19.0205,-3.1610999999999976,15.559999999999974,589.7600000000002,-0.03225125474769396,-0.0053599769397721046,0.0263836136733586,-0.011226668475311986
GLLLGALLITLLSFL,Mutant,,clash,11.0,LLLGLLLGALLGTLLSFLILI,0.7679779504131945,LLLGLLLGALLITLLSFLILI_0,110011001100110000,1,-74.0016,-58.9862,-74.0016,-223.763,-219.257,-240.634,-365.239,4501.16,3950.2,3535.73,-6.5212,18237.0,-73.9957,18150.0,-50.6033,-58.4315,86.2458,-31.6489,8.66422,6.90791,6.7016,17242.6,-70.6341,63.5646,-35.8262,17871.8,6.7474,5.67633,5.1298,0,LLLGLLLGALLITLLSFLILI,0.2572307690839506,0.0006198732272862,G,6,-58.747240385741584,-66.37724450584828,-61.06480140477662,-68.26615541058348,-68.57747396883107,-74.38930341548733,-23.392400000000002,0.0,16.87099999999998,550.96,-0.04245752867721795,0.0,0.03062109772034264,-0.011836067954116451
YILLILLLGTLLASL,Mutant,,clash,7.0,LLLYILLGLLLGTLLASLILI,-0.0006897821710109,LLLYILLILLLGTLLASLILI_1,110011001100110000,1,-74.0156,-76.0283,-74.0156,-234.756,-208.704,-248.052,-376.965,4629.77,4052.83,3579.1,-6.48526,95828900.0,-74.6788,95828800.0,-54.8971,-97.3788,52.5586,-27.6015,10.1375,8.20223,7.4906,3812900.0,-97.764,38.4753,-38.0973,2683760.0,7.04,6.35877,5.4359,1,LLLYILLILLLGTLLASLILI,0.2993173837201006,0.0015232566914913,G,7,-29.27037111858744,,-44.97605588840232,,-73.57691519501401,,-19.781699999999994,0.0,13.295999999999992,576.9400000000005,-0.03428727423995559,0.0,0.023045723992096197,-0.01124078760356362
TALLIGLLFILLVLL,Mutant,,clash,12.0,LLLTALLIGLLFGLLVLLILI,0.1523516849480344,LLLTALLIGLLFILLVLLILI_1,110011001100110000,1,-44.9826,-44.9826,-44.9826,-231.413,-229.036,-247.133,-357.136,4659.4,3914.77,3688.25,-6.17722,248.508,-86.9173,165.391,-65.0205,-46.5744,75.0075,-40.9317,8.84552,3.61218,3.23729,246.177,-44.147,67.923,-36.7071,106.437,7.5,2.29165,1.81049,1,LLLTALLIGLLFILLVLLILI,0.2223184279455206,0.0005496745348765,G,6,-64.3804461814208,-68.30191344762856,-71.31485945655582,-74.47289563636367,-79.5803988589738,-81.82845614434568,-21.8968,0.0,15.719999999999999,744.6299999999997,-0.029406282314706645,0.0,0.02111115587607269,-0.008295690477149729
YFLLALLLITLLGSL,Mutant,,clash,11.0,LLLYFLLALLLGTLLGSLILI,0.0791412872960253,LLLYFLLALLLITLLGSLILI_0,110011001100110000,1,-74.1108,-65.9734,-74.1108,-237.999,-225.078,-250.16,-360.116,4709.35,4185.88,3511.47,-6.15821,18165500.0,-54.1654,18165400.0,-35.8453,-68.459,57.0967,-35.6346,10.7198,4.47691,3.83336,9411280.0,-62.8637,50.8317,-39.7383,18165100.0,6.5162,2.79183,2.05431,0,LLLYFLLALLLITLLGSLILI,0.1407696202325787,0.0002868030357292,G,6,-26.702381665876,43.98826167779064,-54.387455558475686,-10.397211613375818,-75.04394555048009,-50.97550261261691,-18.320099999999996,0.0,12.161000000000001,523.4700000000003,-0.03499742105564786,0.0,0.023231512789653647,-0.011764208073050982
SSLLFLLLGVLLGTL,WT,LLLSSLLFLLLIVLLGTLILI,clash,,,,LLLSSLLFLLLGVLLGTLILI_0,110011001100110000,1,-58.7727,-84.6167,-58.7727,-227.935,-213.692,-253.885,-362.49,4545.49,3653.68,3371.42,-6.06397,24723.3,-81.8471,24659.1,-49.8323,-60.3278,78.0899,-42.7346,7.66249,6.09131,5.76266,22557.6,-63.2674,60.5559,-36.2287,24360.8,7.0661,4.16516,3.5735,0,LLLSSLLFLLLGVLLGTLILI,0.2830945201214053,0.0008029394593224,G,1,-87.39057318615542,-86.91685910633566,-88.58276633891516,-88.15384086770266,-92.6053942682558,-92.32759188266309,-32.0148,0.0,25.94999999999999,891.81,-0.03589867796952266,0.0,0.02909812628250411,-0.006799620995503527
YFLLIVLLGLLLGTL,Mutant,,clash,7.0,LLLYFLLAVLLGLLLGTLILI,0.1134494163178647,LLLYFLLIVLLGLLLGTLILI_0,110011001100110000,1,-58.7556,-60.3331,-58.7556,-229.826,-223.333,-249.488,-344.932,4747.91,3934.33,3572.54,-5.66003,135.523,-62.0099,74.2571,-36.6881,-70.5357,36.3611,-46.6212,8.19225,1.9891,1.03452,134.166,-71.1719,34.5088,-41.0473,-209.409,6.9662,1.83447,0.852102,0,LLLYFLLIVLLGLLLGTLILI,0.1505755743552964,0.0020326075368726,G,7,-63.47282925576252,,-67.77099811931417,,-84.29473378733239,,-25.321800000000003,0.0,19.662000000000006,813.5799999999999,-0.03112392143366357,0.0,0.02416726074878931,-0.0069569433860222725
AFLLGILLILLLGTL,Mutant,,clash,11.0,LLLAFLLGILLGLLLGTLILI,0.902794844789692,LLLAFLLGILLILLLGTLILI_0,110011001100110000,1,-58.7173,-62.1836,-58.7173,-230.637,-224.188,-240.52,-351.386,4615.2,3911.08,3470.0,-5.50983,7475140.0,-67.5409,7475070.0,-52.1487,-67.5926,51.9318,-38.9345,9.88384,3.64968,2.92865,6323960.0,-72.6874,32.4259,-40.8381,7474790.0,7.0033,1.78061,0.766999,0,LLLAFLLGILLILLLGTLILI,0.3346565098838816,0.000406007174866,G,6,-73.59402440068892,-76.23592485053557,-76.1175102061994,-78.50693756488202,-83.74086392032422,-85.3675797658139,-15.392199999999995,0.0,9.88300000000001,704.1199999999999,-0.021860194285065044,0.0,0.014035959779583041,-0.007825129239334205
ASLLTLLLGYLLIVL,Mutant,,clash,15.0,LLLASLLTLLLGYLLGVLILI,0.0354033373996464,LLLASLLTLLLGYLLIVLILI_1,110011001100110000,1,-67.0646,-66.9767,-58.7469,-234.531,-230.715,-247.25,-366.279,4576.38,3797.03,3499.49,-5.4592,2276200.0,-70.1424,2276130.0,-60.2821,-42.8807,81.4142,-41.5213,9.15005,3.92301,3.64422,1144420.0,-47.0876,58.6724,-35.0,2276500.0,7.44,1.48391,0.863996,1,LLLASLLTLLLGYLLIVLILI,0.3588811678858237,0.0009113782638643,G,6,-73.94893909999426,-79.14919912428098,-75.844886337508,-80.66668121347529,-78.69284541901044,-82.94613647015507,-9.860299999999995,-8.317700000000002,12.718999999999994,779.3499999999999,-0.012651953551036115,-0.01067261179187785,0.016320010264964387,-0.007004811702059409
LTLLVILLFALLSIL,Mutant,,clash,8.0,LLLLTLLVGLLFALLSILILI,0.0174699559386646,LLLLTLLVILLFALLSILILI_0,110011001100110000,1,-60.4426,-62.8778,-60.4426,-233.222,-224.93,-246.381,-370.328,4592.39,4048.82,3663.55,-5.37339,423.81,-82.0368,341.29,-63.5043,-36.0293,86.9729,-40.3504,9.64188,3.64573,3.45032,369.703,-38.5963,75.2623,-37.139,53.4819,7.5,2.44986,2.0788,0,LLLLTLLVILLFALLSILILI,0.3498945456229841,0.0009914304789843,G,7,-66.41177243800573,,-74.0693556971919,,-83.0410624363974,,-18.5325,0.0,13.158999999999992,543.5700000000002,-0.03409404492521661,0.0,0.024208473609654668,-0.009885368949721283
TALLIGLLAGLLVLL,Mutant,,void,11.0,LLLTALLIGLLFGLLVLLILI,0.0655967149148811,LLLTALLIGLLAGLLVLLILI_0,110011001100110000,1,-44.9826,-44.9826,-44.9826,-217.17,-217.026,-236.853,-341.029,4481.89,3821.53,3784.67,-5.2589,-4.43331,-84.1356,-83.4536,-59.1931,-43.5805,69.4003,-37.7869,7.4583,2.40611,1.94712,-4.48133,-44.147,67.923,-36.7071,-345.462,7.5,2.29165,1.81049,0,LLLTALLIGLLAGLLVLLILI,0.3090733979786739,0.00020578882227,G,6,-76.22602840447401,-81.67910340112019,-73.04180493411162,-79.22525050936297,-72.11891638101152,-78.51404642275513,-24.942499999999995,0.0,19.68300000000002,660.3600000000001,-0.03777106426797503,0.0,0.02980646919861896,-0.00796368647404446
YFLLAVLLILLLGSL,Mutant,,clash,11.0,LLLYFLLAVLLGLLLGSLILI,0.0079391245904374,LLLYFLLAVLLILLLGSLILI_1,110011001100110000,1,-60.2613,-60.2613,-60.2613,-234.588,-234.566,-249.619,-352.337,4763.88,4196.79,3550.73,-4.90829,750329.0,-62.3968,750271.0,-42.4568,-68.3084,53.09,-43.7836,10.2447,3.9134,3.20975,386052.0,-72.2097,37.011,-35.0,749941.0,7.3038,2.32794,1.3831,1,LLLYFLLAVLLILLLGSLILI,0.2249868344704398,0.0016872905106673,G,6,-56.43360832374985,-60.85128715372738,-57.19551971097879,-61.53593990933284,-74.53791528685808,-77.11979797845727,-19.939999999999998,0.0,15.031000000000006,567.0900000000001,-0.03516196723624115,0.0,0.026505492955262836,-0.008655222275123876
YLLLGILLITLLAFL,Mutant,,clash,11.0,LLLYLLLGILLGTLLAFLILI,0.3959034359770126,LLLYLLLGILLITLLAFLILI_0,110011001100110000,1,-58.7109,-49.9616,-58.7109,-240.437,-233.174,-251.334,-354.384,4709.3,4149.98,3601.54,-4.75008,746541.0,-59.9866,746470.0,-44.3397,-71.8692,50.8075,-33.2731,10.0567,4.13938,3.40149,722798.0,-70.6256,40.5984,-41.2559,746187.0,6.8843,2.57462,1.6836,0,LLLYLLLGILLITLLAFLILI,0.1269535952007373,0.0011809861615904,G,6,92.67630040916796,50.98770344200796,26.91954656784824,-0.5415257741342885,-38.72007775146975,-51.97896831233667,-15.646900000000002,0.0,10.896999999999991,559.3200000000006,-0.0279748623328327,0.0,0.01948258599728238,-0.008492598154902371
YVLLGLLLITLLAFL,Mutant,,clash,11.0,LLLYVLLGLLLGTLLAFLILI,0.1374671624372539,LLLYVLLGLLLITLLAFLILI_0,110011001100110000,1,-58.7144,-48.9689,-58.7144,-242.586,-230.122,-250.407,-351.611,4685.85,4284.01,3621.94,-4.62862,27843.4,-54.9392,27770.9,-42.4896,-73.3104,62.9684,-31.0428,11.0029,5.99728,5.44181,24069.8,-68.9875,54.3485,-39.7512,27491.8,6.8746,4.18517,3.5004,0,LLLYVLLGLLLITLLAFLILI,0.162881715027449,0.0017282192883309,G,6,-39.60781276497883,-45.912577306554354,-51.578263446410375,-56.6333485764874,-55.97031852118938,-60.56688617793243,-12.449599999999997,0.0,7.820999999999998,401.84000000000015,-0.03098148516822614,0.0,0.019462970336452307,-0.011518564602826992
AFLLIILLGLLLGTL,Mutant,,clash,7.0,LLLAFLLGILLGLLLGTLILI,0.9640296972280112,LLLAFLLIILLGLLLGTLILI_1,110011001100110000,1,-58.7173,-59.8119,-58.7173,-221.909,-220.474,-240.425,-351.746,4588.83,3837.25,3512.31,-4.50493,351.579,-75.6252,280.119,-52.6036,-70.0482,37.2952,-41.7647,8.84853,2.04207,1.1015,353.464,-72.6874,32.4259,-40.8381,17.2636,7.0033,1.78061,0.766999,1,LLLAFLLIILLGLLLGTLILI,0.2734216574455626,0.0004813614244391,G,6,-90.50542899827587,-91.37335914149054,-92.32706628526942,-93.02847453812184,-94.9152457655983,-95.38005997048172,-23.021600000000007,0.0,18.51600000000002,751.5799999999999,-0.030630937491684197,0.0,0.024636099949439876,-0.005993946086910243
AYLLGVLLILLLAFL,Mutant,,clash,11.0,LLLAYLLGVLLGLLLAFLILI,0.9444798887293367,LLLAYLLGVLLILLLAFLILI_1,110011001100110000,1,-44.9245,-44.9245,-44.9245,-238.343,-231.178,-246.546,-343.245,4626.78,3966.36,3585.12,-4.45478,853358.0,-64.4323,853291.0,-51.7745,-88.4445,73.7285,-35.7063,9.66396,9.72002,9.32595,444347.0,-91.43,48.2927,-36.5962,273777.0,7.0472,6.73401,5.9584,1,LLLAYLLGVLLILLLAFLILI,0.181889743237785,0.0003204300307074,G,6,-92.00286043345768,-93.7531375542674,-92.0662451550836,-93.80264971219133,-93.47417288170138,-94.90243429998448,-12.657799999999995,0.0,8.203000000000003,660.4199999999996,-0.019166288119681418,0.0,0.012420883680082383,-0.006745374155840227
LTLLVALLAILLFSL,Mutant,,clash,12.0,LLLLTLLVALLAGLLFSLILI,0.0632480831607099,LLLLTLLVALLAILLFSLILI_0,110011001100110000,1,-60.3111,-50.5337,-60.3111,-226.28,-223.845,-242.417,-364.625,4603.07,3958.45,3643.38,-4.40978,1609.93,-82.4445,1519.68,-61.8971,-32.0826,81.3559,-44.9147,9.28858,2.29544,2.01578,1430.12,-35.1672,74.1308,-38.712,1245.31,7.5,1.78274,1.3947,0,LLLLTLLVALLAILLFSLILI,0.2287509861324865,0.0008227139490449,G,6,-86.63498481418446,-87.92013875539087,-88.59237666577428,-89.68931160254395,-88.79332934362597,-89.87094106060528,-20.547400000000003,0.0,16.137,644.6199999999999,-0.031875213303962036,0.0,0.02503335298315287,-0.006840898513853123
AYLLILLLGVLLGTL,Mutant,,clash,7.0,LLLAYLLGLLLGVLLGTLILI,0.6139326420169717,LLLAYLLILLLGVLLGTLILI_2,110011001100110000,1,-58.7057,-66.1175,-58.7057,-220.307,-218.823,-241.624,-355.111,4580.53,3873.4,3555.31,-4.24846,341678.0,-80.3472,341607.0,-54.7818,-73.852,54.0043,-44.4069,8.68451,4.86838,4.17844,148386.0,-80.1891,50.0903,-39.6088,341323.0,6.6695,5.29055,4.5419,2,LLLAYLLILLLGVLLGTLILI,0.4388756179227751,0.0004283414741515,G,6,-96.83878319975425,,-97.17188363990036,,-97.95519913820284,,-25.565400000000004,0.0,21.317000000000007,707.1299999999997,-0.036153748249968205,0.0,0.030145800630718565,-0.006008032469277222
YGLLFLLLIVLLATL,Mutant,,clash,11.0,LLLYGLLFLLLGVLLATLILI,0.2205425339285051,LLLYGLLFLLLIVLLATLILI_2,110011001100110000,1,-58.8381,-61.4623,-58.8381,-239.816,-235.482,-250.966,-350.777,4729.23,4222.88,3672.0,-4.02797,22363.4,-56.1506,22309.5,-40.9728,-74.5269,47.5559,-35.1634,11.0545,4.09908,3.31241,17255.2,-73.2508,43.1479,-42.798,22012.6,7.4823,3.31258,2.4598,2,LLLYGLLFLLLIVLLATLILI,0.1703551555540858,0.0004002691437333,G,6,49.83367048973778,2.008771105489399,22.80590835111108,-16.392091614359792,-42.72127398685408,-61.003875617602056,-15.177799999999998,0.0,11.150000000000006,506.34999999999945,-0.029974918534610474,0.0,0.022020341660906523,-0.007954912609854852
ALLLGALLITLLSFL,Mutant,,clash,11.0,LLLALLLGALLGTLLSFLILI,0.8073606637523563,LLLALLLGALLITLLSFLILI_0,110011001100110000,1,-73.9598,-66.0768,-73.9598,-223.78,-218.528,-238.601,-366.754,4539.96,3867.36,3556.16,-3.7946,48383.1,-72.8088,48301.0,-54.1925,-77.8208,67.2398,-40.5375,8.82011,7.2505,6.75909,42852.3,-74.197,65.2656,-42.419,48016.4,6.5325,6.44041,5.91939,0,LLLALLLGALLITLLSFLILI,0.2031493338742729,0.0005346392798092,G,7,-49.38142668369364,-53.9059717998581,-54.19863027333685,-58.29258927165692,-57.78994814337387,-61.56289691432279,-18.616300000000003,0.0,14.820999999999998,672.5999999999999,-0.02767811477847161,0.0,0.02203538507285162,-0.0056416889681831705
LVLLGALLITLLSFL,Mutant,,clash,11.0,LLLLVLLGALLGTLLSFLILI,0.2265438281162926,LLLLVLLGALLITLLSFLILI_1,110011001100110000,1,-74.0199,-63.2144,-74.0199,-228.366,-222.767,-240.866,-367.762,4594.7,4114.6,3663.69,-3.61935,42739.9,-68.9955,42658.1,-52.8755,-57.8897,86.9435,-51.445,8.82307,6.92082,6.72497,38163.0,-62.3587,69.782,-39.5227,43041.4,7.3379,5.27437,4.8211,1,LLLLVLLGALLITLLSFLILI,0.2097370490799261,0.0011016326590728,G,6,-59.66269705018769,-69.21925030112932,-67.75040373691411,-75.39084971301234,-69.57854594887235,-76.78587574909214,-16.120000000000005,0.0,12.5,480.09999999999945,-0.03357633826286195,0.0,0.02603624244948972,-0.007538741928764849
SSLLALLLGVLLITL,Mutant,,clash,15.0,LLLSSLLALLLGVLLGTLILI,0.3962031107477582,LLLSSLLALLLGVLLITLILI_2,110011001100110000,1,-63.2884,-55.5593,-58.7566,-232.208,-228.816,-260.261,-388.353,4504.06,3671.91,3372.1,-3.51619,1193840.0,-96.3722,1193740.0,-69.3353,-71.0984,64.7509,-47.1579,7.58107,5.90614,5.3774,1066720.0,-66.9239,51.0441,-36.0241,1192680.0,6.7893,3.42954,2.6952,2,LLLSSLLALLLGVLLITLILI,0.1600314633896529,0.0005376005884218,G,6,-91.13975557258392,-91.56501514191687,-92.42356807056122,-92.7872093003025,-93.0641363332066,-93.39703261163952,-27.036900000000003,-4.531800000000004,28.053000000000026,832.1500000000005,-0.032490416391275596,-0.005445893168298986,0.033711470287808694,-0.004225428107913234
ATLLVILLFGLLFLL,Mutant,,clash,8.0,LLLATLLVGLLFGLLFLLILI,-0.0011297555254283,LLLATLLVILLFGLLFLLILI_2,110011001100110000,1,-45.0114,-45.0114,-45.0114,-228.515,-225.063,-246.359,-339.942,4655.34,4026.69,3568.35,-3.50486,358.922,-69.9202,289.054,-48.5716,-34.4233,81.7723,-43.0693,10.0498,2.70275,2.42934,349.782,-40.652,76.0053,-35.3219,18.9799,7.3774,2.85852,2.4986,2,LLLATLLVILLFGLLFLLILI,0.4761828354849062,0.0006928601877159,G,6,-86.08397133419376,-87.99035407433858,-86.98637648654001,-88.76913706059388,-89.68303901572172,-91.09637875678617,-21.348599999999998,0.0,17.844000000000023,628.6500000000001,-0.03395943688857074,0.0,0.02838463373896448,-0.005575216734271852
AYLLGVLLILLLGSL,Mutant,,clash,11.0,LLLAYLLGVLLGLLLGSLILI,0.883359609834028,LLLAYLLGVLLILLLGSLILI_1,110011001100110000,1,-63.6102,-73.8779,-60.2742,-226.442,-221.236,-241.416,-359.535,4586.2,3962.16,3482.98,-3.50097,74472400000.0,-72.9829,74472400000.0,-57.8442,-64.7872,64.1146,-31.4256,10.4925,4.87355,4.33526,18198200.0,-71.2876,45.5524,-38.516,14652700.0,6.6243,3.34271,2.526,1,LLLAYLLGVLLILLLGSLILI,0.239510653740102,0.0014564122518492,G,7,-88.5481313466757,,-88.20865651883763,,-86.50371749965579,,-15.1387,-3.3359999999999985,14.97399999999999,624.04,-0.0242591821037113,-0.005345811165950899,0.02399525671431317,-0.0056101692199218
YLLLGALLIALLTFL,Mutant,,clash,11.0,LLLYLLLGALLGALLTFLILI,0.9843368629899072,LLLYLLLGALLIALLTFLILI_2,110011001100110000,1,-58.7574,-62.3862,-58.7574,-229.016,-223.384,-247.248,-347.252,4676.68,4040.73,3640.65,-3.28037,340694.0,-62.7581,340632.0,-41.2461,-72.9508,67.056,-35.6341,9.15232,6.49517,6.00101,324692.0,-68.1028,64.3439,-40.6526,340346.0,6.5,5.40184,4.867,2,LLLYLLLGALLIALLTFLILI,0.136561537921201,0.0013345207709844,G,6,-22.814741172137573,-29.733598462869903,-31.773765382459203,-37.889539145109154,-51.39218469288548,-55.74937079851525,-21.512,0.0,18.232,635.9500000000003,-0.033826558691721034,0.0,0.028668920512618903,-0.005158219985847942
TALLLALLFILLFSL,Mutant,,clash,12.0,LLLTALLLALLFGLLFSLILI,0.043974923953602,LLLTALLLALLFILLFSLILI_0,110011001100110000,1,-60.3539,-60.3539,-60.3539,-230.931,-230.947,-248.697,-359.571,4618.89,3937.52,3654.01,-2.98714,978.029,-71.2734,909.758,-50.5208,-24.9412,81.4961,-38.1186,9.48752,1.24315,0.965594,870.568,-32.2864,71.771,-35.0,618.458,7.3393,1.03204,0.608604,0,LLLTALLLALLFILLFSLILI,0.3220186557031714,0.0003759974713738,G,6,-58.60212769714544,-76.1325291516555,-70.15016297530809,-82.79041710639939,-85.46575242576274,-91.62044542427344,-20.752599999999994,0.0,17.76599999999999,681.3700000000003,-0.030457167177891577,0.0,0.02607393926941307,-0.004384020429428943
VALLALLLITLLSFL,Mutant,,clash,11.0,LLLVALLALLLGTLLSFLILI,0.1010259022278086,LLLVALLALLLITLLSFLILI_0,110011001100110000,1,-74.0748,-56.4889,-74.0748,-233.82,-227.547,-242.627,-374.549,4579.48,4233.33,3576.03,-2.74672,23675.2,-69.4006,23584.6,-57.8471,-69.0626,55.497,-36.4734,10.4443,4.35148,3.68394,19687.8,-68.1464,52.7276,-38.529,23300.6,6.6534,3.84019,3.1311,0,LLLVALLALLLITLLSFLILI,0.1689576135293578,0.0005840243819664,G,7,-54.54634451728,-63.04013314786668,-64.10481875297704,-70.81244389623356,-69.78031633483427,-75.4273782225782,-11.5535,0.0,8.807000000000016,346.14999999999964,-0.033377148634984866,0.0,0.025442727141412755,-0.00793505705618952
YFLLIVLLGLLLGSL,Mutant,,clash,7.0,LLLYFLLAVLLGLLLGSLILI,0.0584479073379253,LLLYFLLIVLLGLLLGSLILI_0,110011001100110000,1,-60.2613,-62.0884,-60.2613,-229.56,-214.61,-248.347,-348.387,4736.45,3960.12,3550.5,-2.49146,286.392,-61.0563,214.704,-39.7783,-81.0489,31.8629,-37.6967,8.9949,2.95884,1.93678,279.141,-72.2097,37.011,-35.0,-61.9942,7.3038,2.32794,1.3831,0,LLLYFLLIVLLGLLLGSLILI,0.1744780517229519,0.0009179068521622,G,6,-42.87697397107176,-48.39149140190965,-58.73094885294545,-62.71496226619359,-78.80867283874164,-80.85443181086205,-21.278,0.0,18.787000000000006,776.3299999999999,-0.02740844743858926,0.0,0.024199760411165366,-0.0032092795589504465
TFLLGLLLIYLLASL,Mutant,,clash,11.0,LLLTFLLGLLLGYLLASLILI,1.0270942964986456,LLLTFLLGLLLIYLLASLILI_2,110011001100110000,1,-60.2384,-62.7306,-60.2384,-237.876,-230.741,-250.188,-358.145,4649.4,4073.45,3620.48,-2.44579,104661.0,-62.4764,104597.0,-47.718,-75.7571,60.403,-34.6721,10.9699,6.01797,5.42402,96199.1,-75.8727,44.54,-43.5756,104303.0,7.3804,3.8938,3.0619,2,LLLTFLLGLLLIYLLASLILI,0.2126789618199042,0.0007965107681221,G,6,-68.59743433235303,-74.29933343085857,-74.65820383615474,-79.2596229122403,-83.07583804848686,-86.14883102605478,-14.758399999999995,0.0,12.311999999999983,575.9499999999998,-0.025624446566542232,0.0,0.021376855629828957,-0.004246531816998005
YVLLFLLLGALLITL,Mutant,,clash,15.0,LLLYVLLFLLLGALLGTLILI,-0.0577551740459592,LLLYVLLFLLLGALLITLILI_2,110011001100110000,1,-58.7437,-53.8072,-58.7437,-233.002,-225.226,-250.135,-351.721,4693.42,4091.52,3656.43,-2.43313,82831.8,-62.4086,82759.1,-42.8424,-37.6592,74.1167,-40.0129,8.98902,2.15463,1.76638,80285.8,-41.6132,59.4908,-39.8529,82480.0,6.5091,0.773238,0.1656,2,LLLYVLLFLLLGALLITLILI,0.2120535079793835,0.001656181095265,G,7,-49.40553544388137,-58.872329829493694,-61.76111803045383,-68.9160436990488,-67.21006494022294,-73.34543124663342,-19.566200000000002,0.0,17.13299999999998,601.9000000000001,-0.03250739325469347,0.0,0.028464861272636616,-0.004042415683668383
ASLLALLLGYLLGTL,Mutant,,void,7.0,LLLASLLFLLLGYLLGTLILI,0.0043523055917192,LLLASLLALLLGYLLGTLILI_0,110011001100110000,1,-74.6322,-73.0111,-58.7329,-217.458,-219.306,-246.67,-355.306,4495.02,3831.29,3545.77,-2.15343,1194440.0,-65.3693,1194380.0,-49.9023,-42.4587,59.4447,-39.3599,9.38783,0.893831,0.285501,579279.0,-47.0876,58.6724,-35.0,1194080.0,7.44,1.48391,0.863996,0,LLLASLLALLLGYLLGTLILI,0.7042302324469049,0.000408689598848,G,6,-84.89526501111506,-86.42436591740761,-83.79669261683503,-85.43700554008505,-81.31404547258884,-83.20568475151904,-15.466999999999999,-15.899299999999997,29.21199999999999,663.7300000000005,-0.023303150377412485,-0.023954469437873813,0.044011872297470306,-0.0032444367438566866
LTLLVILLFALLYGL,Mutant,,clash,8.0,LLLLTLLVGLLFALLYGLILI,0.012086445963319,LLLLTLLVILLFALLYGLILI_1,110011001100110000,1,-44.9471,-48.9606,-44.9471,-230.882,-223.415,-246.111,-340.286,4685.4,4100.92,3658.71,-2.10123,563.375,-66.5582,495.463,-49.2284,-31.5881,84.5656,-55.588,9.13572,2.65457,2.42306,487.71,-33.3677,74.3197,-39.8132,216.072,7.0315,1.53831,1.15311,1,LLLLTLLVILLFALLYGLILI,0.2268598996538864,0.0005890065858954,G,7,-59.73483136582477,-59.394646430304576,-69.35183786226918,-69.09290331873453,-78.81625750881834,-78.63728420961496,-17.3298,0.0,15.228999999999985,584.4799999999996,-0.02964994525047908,0.0,0.02605563920065699,-0.003595041746509721
ASLLVGLLFILLGLL,Mutant,,clash,12.0,LLLASLLVGLLFLLLGLLILI,0.1219110227381382,LLLASLLVGLLFILLGLLILI_2,110011001100110000,1,-51.6957,-59.484,-44.9758,-224.286,-220.328,-245.761,-346.952,4551.43,3949.55,3499.14,-2.0263,20692.3,-72.9968,20625.1,-56.2155,-31.7064,80.2775,-39.6065,8.78649,2.09343,1.79759,20399.9,-36.0293,69.0807,-35.6829,20345.3,7.2857,1.23029,0.766501,2,LLLASLLVGLLFILLGLLILI,0.3164536585956602,0.0009477506940027,G,6,-88.65328463882999,-91.7842492417267,-89.77505326864895,-92.5964817845982,-91.15123446463488,-93.59292536712913,-16.781299999999995,-6.719900000000003,21.474999999999994,601.8800000000001,-0.02788147138964576,-0.011164850136239784,0.03567986974147669,-0.0033666179304844813
ALLLGFLLITLLGVL,Mutant,,clash,11.0,LLLALLLGFLLGTLLGVLILI,0.8709412745379729,LLLALLLGFLLITLLGVLILI_2,110011001100110000,1,-58.6797,-50.9334,-58.6797,-220.843,-214.766,-237.995,-351.147,4517.75,3910.69,3422.07,-1.99831,231887.0,-73.6231,231801.0,-54.4732,-71.2098,62.2307,-41.2968,10.689,5.58262,5.01608,202774.0,-82.6456,43.881,-35.0,231536.0,7.5,4.82078,3.979,2,LLLALLLGFLLITLLGVLILI,0.2409946444386065,0.0005515708056363,G,6,-62.36426085018775,-66.40649580185732,-63.21213469579149,-67.1633044692361,-69.6035645039981,-72.86826812730189,-19.149899999999995,0.0,17.152000000000015,607.06,-0.031545316772641906,0.0,0.028254208809672877,-0.0032917833492570755
TSLLVGLLAALLGLL,Mutant,,void,12.0,LLLTSLLVGLLAYLLGLLILI,0.0767975462713725,LLLTSLLVGLLAALLGLLILI_0,110011001100110000,1,-54.6054,-55.2887,-44.9603,-218.69,-217.199,-244.287,-357.113,4473.5,3802.52,3633.75,-1.94528,1557150.0,-85.7629,1557070.0,-67.8649,-48.2423,43.3398,-43.29,7.60893,-0.412788,-1.26269,303883.0,-47.0876,58.6724,-35.0,1556800.0,7.44,1.48391,0.863996,0,LLLTSLLVGLLAALLGLLILI,0.3265235878052559,0.0003235299501004,G,6,-94.8505878673425,-96.25216482688953,-94.6553902367734,-96.1100964651604,-93.37012466761465,-95.17465696589564,-17.897999999999996,-9.645100000000006,25.59700000000001,670.98,-0.02667441652508271,-0.014374646040120431,0.03814867805299712,-0.0028991624191481115
TFLLAILLILLLGVL,Mutant,,clash,11.0,LLLTFLLAILLGLLLGVLILI,0.3397146048577302,LLLTFLLAILLILLLGVLILI_2,110011001100110000,1,-44.9832,-44.9832,-44.9832,-228.848,-225.222,-247.847,-355.414,4661.5,3926.42,3472.99,-1.59874,661013.0,-83.1818,660928.0,-62.584,-64.6523,46.8771,-42.1002,9.74102,2.52625,1.72941,201616.0,-74.241,27.0676,-35.812,660658.0,7.4865,1.29028,0.196294,2,LLLTFLLAILLILLLGVLILI,0.2947280257557568,0.0008273004708983,G,6,-73.4749034034847,-77.24910240048955,-76.4423441534052,-79.79431238260605,-84.34482476544777,-86.57236600938593,-20.597799999999992,0.0,18.998999999999995,735.0799999999999,-0.028021167764052883,0.0,0.02584616640365674,-0.002174919736627306
TYLLIVLLGLLLASL,Mutant,,clash,7.0,LLLTYLLGVLLGLLLASLILI,0.5262077850817679,LLLTYLLIVLLGLLLASLILI_0,110011001100110000,1,-60.2796,-66.6755,-60.2796,-229.482,-224.091,-248.75,-371.542,4596.65,3869.51,3639.64,-1.57868,3600.53,-83.3592,3519.75,-62.5129,-70.3359,52.4709,-44.7446,9.51386,4.13397,3.42103,2712.58,-75.8727,44.54,-43.5756,3228.99,7.3804,3.8938,3.0619,0,LLLTYLLIVLLGLLLASLILI,0.4560232350775689,0.0003863910027722,G,7,-97.1585553794403,-97.20108640253528,-97.4194559386092,-97.45808177642368,-97.98058591140618,-98.01081270049043,-20.8463,0.0,19.268,727.1399999999994,-0.02866889457325964,0.0,0.026498335946310222,-0.002171081222323076
YSLLILLLGTLLGFL,Mutant,,clash,7.0,LLLYSLLALLLGTLLGFLILI,-0.0572373429906855,LLLYSLLILLLGTLLGFLILI_0,110011001100110000,1,-58.7271,-71.6281,-58.7271,-223.939,-222.669,-249.12,-346.408,4686.93,3894.81,3527.66,-1.4113,9940.76,-65.1524,9888.65,-38.5603,-69.4483,38.7871,-35.7601,8.00877,2.15351,1.23532,8295.73,-65.5548,56.8812,-35.0605,9594.35,6.8434,4.01218,3.3654,0,LLLYSLLILLLGTLLGFLILI,0.1929496374748786,0.0010066774253258,G,6,-85.20377463317026,,-92.67899836976076,,-95.47222349166928,,-26.592100000000002,0.0,25.18100000000001,792.1200000000003,-0.03357079735393626,0.0,0.03178937534716962,-0.0017816744937635704
YALLFLLLITLLSIL,Mutant,,clash,11.0,LLLYALLFLLLGTLLSILILI,-0.0610866880778922,LLLYALLFLLLITLLSILILI_1,110011001100110000,1,-74.0819,-55.0569,-74.0819,-246.472,-232.626,-255.353,-373.594,4719.93,4263.0,3686.56,-1.37912,9196.04,-54.4196,9110.13,-44.1594,-63.9627,73.5972,-38.1152,11.2209,6.03002,5.63398,8331.18,-60.5958,60.1642,-40.2827,9092.86,7.5,3.71154,3.114,1,LLLYALLFLLLITLLSILILI,0.219410377499948,0.0001033800157726,G,6,15.968227943722116,-6.488303291132818,-7.786908529330221,-25.643404274686933,-58.20964315416198,-66.30208770095389,-10.260200000000005,0.0,8.881,456.9300000000003,-0.022454642943120388,0.0,0.019436237498085034,-0.0030182303635130085
AYLLGLLLIFLLGTL,Mutant,,clash,11.0,LLLAYLLGLLLGFLLGTLILI,0.8082936737817271,LLLAYLLGLLLIFLLGTLILI_1,110011001100110000,1,-59.4206,-59.6077,-58.747,-234.168,-226.272,-244.821,-345.446,4612.79,4133.76,3473.13,-1.34703,57735.7,-53.204,57676.1,-41.8777,-82.458,58.3735,-37.7825,11.0773,6.74912,6.12472,44025.6,-87.7841,38.6606,-35.7467,57352.4,7.5,4.88679,3.9667,1,LLLAYLLGLLLIFLLGTLILI,0.3084519859257199,0.0008206467136618,G,7,-87.12129628000262,-88.45116123313555,-81.51814964646452,-83.42659987473168,-63.21582596257021,-67.01418835570165,-11.326300000000003,-0.6736000000000004,10.652999999999992,479.02999999999975,-0.023644239400455107,-0.0014061749786025944,0.022238690687430843,-0.0028119950733774515
TFLLAVLLILLLGSL,Mutant,,clash,11.0,LLLTFLLAVLLGLLLGSLILI,0.3119693371539743,LLLTFLLAVLLILLLGSLILI_1,110011001100110000,1,-60.2706,-61.3269,-60.2706,-230.993,-228.04,-245.921,-364.426,4649.94,3957.18,3553.1,-1.19507,623869.0,-74.3574,623794.0,-58.2336,-65.0302,57.9443,-41.5242,10.4504,4.07701,3.44618,610783.0,-62.877,50.983,-41.0408,811782.0,7.3408,2.81426,2.07901,1,LLLTFLLAVLLILLLGSLILI,0.2856395325981076,0.0005164868728672,G,7,-66.34913997080103,-84.47815508123229,-72.45248091587652,-87.29339105302097,-78.32529149473753,-90.00229225088877,-16.123799999999996,0.0,14.927999999999997,692.7599999999998,-0.02327472717824355,0.0,0.021548588255672962,-0.0017250851665800574
YILLGLLLITLLAFL,Mutant,,clash,11.0,LLLYILLGLLLGTLLAFLILI,0.054708129303185,LLLYILLGLLLITLLAFLILI_2,110011001100110000,1,-58.718,-48.4272,-58.718,-240.179,-229.045,-251.109,-354.936,4684.63,4264.52,3587.9,-1.16571,19488.3,-57.2049,19410.8,-45.1093,-59.229,76.8407,-35.523,11.2893,5.75785,5.41046,19124.3,-60.6857,64.7023,-38.4105,19133.4,7.3229,4.33767,3.8082,2,LLLYILLGLLLITLLAFLILI,0.1756342128576603,0.0015748047019922,G,6,7.362582794460297,-24.7892733166222,-25.83999831343462,-48.04868258092148,-53.05695957475088,-67.11498465094358,-12.095600000000005,0.0,10.930000000000007,420.1099999999997,-0.028791506986265536,0.0,0.02601699554878488,-0.0027747732736664228
TALLVGLLGLLLIFL,Mutant,,clash,15.0,LLLTALLVGLLGLLLGFLILI,-0.0127103731296229,LLLTALLVGLLGLLLIFLILI_1,110011001100110000,1,-44.921,-44.921,-44.921,-232.24,-218.248,-243.75,-350.038,4562.91,4091.53,3774.81,-0.649561,10107.4,-73.5266,10020.5,-61.3662,-50.9333,88.7902,-41.8596,9.06274,6.12667,5.95853,726.077,-48.1591,65.1383,-40.7743,380.561,7.1702,2.51753,1.9946,1,LLLTALLVGLLGLLLIFLILI,0.2696208186636922,0.0005508371747644,G,6,-50.836606714996925,-58.82829275770531,-54.566834702893175,-61.95215879710511,-52.5796763922009,-60.28802020240661,-12.160400000000003,0.0,11.509999999999991,471.37999999999965,-0.025797445797445823,0.0,0.02441766727481013,-0.0013779986422843577
TSLLVGLLAYLLILL,Mutant,,clash,15.0,LLLTSLLVGLLAYLLGLLILI,0.1361780512063465,LLLTSLLVGLLAYLLILLILI_1,110011001100110000,1,-54.62,-54.1322,-44.9603,-236.17,-230.25,-256.868,-365.43,4623.85,3758.15,3613.25,-0.555948,1558060.0,-75.1956,1557980.0,-63.6019,-42.5909,85.4947,-42.1241,8.43555,4.43042,4.21284,1491600.0,-47.0876,58.6724,-35.0,1557690.0,7.44,1.48391,0.863996,1,LLLTSLLVGLLAYLLILLILI,0.267143082870282,0.0005310249717245,G,6,-62.01628524330166,-71.13511329881088,-64.91710716234437,-73.33952896931156,-66.33710018174065,-74.41862136150907,-11.593699999999998,-9.6597,20.698000000000008,865.7000000000003,-0.013392283701051166,-0.011158253436525352,0.02390897539563359,-0.0006421947556890376
TVLLAILLILLLGFL,Mutant,,clash,11.0,LLLTVLLAILLGLLLGFLILI,0.072685881858005,LLLTVLLAILLILLLGFLILI_2,110011001100110000,1,-44.964,-47.375,-44.964,-231.498,-226.124,-246.196,-358.154,4584.68,4068.22,3610.68,-0.379859,537192.0,-82.0718,537107.0,-66.9936,-66.6006,55.8338,-38.8619,10.1092,4.02765,3.36516,343920.0,-71.1566,42.8294,-43.0573,536834.0,7.0278,2.95546,2.0979,2,LLLTVLLAILLILLLGFLILI,0.2732910730394635,0.00017849404756,G,6,-59.54529784079748,-62.11807192699859,-66.46502004999715,-68.59772460080829,-74.59670844010314,-76.21226674955042,-15.078199999999995,0.0,14.698000000000008,516.4600000000005,-0.029195291019633623,0.0,0.028459125585718146,-0.0007355051698098587
AALLALLLIVLLGTL,Mutant,,clash,11.0,LLLAALLALLLGVLLGTLILI,0.0902857674852364,LLLAALLALLLIVLLGTLILI_1,110011001100110000,1,-58.784,-58.784,-58.784,-227.465,-221.861,-235.369,-363.283,4488.42,4128.5,3525.12,-0.346285,3000.37,-77.3809,2917.73,-69.1306,-85.6075,64.1455,-38.5496,11.107,8.00077,7.46295,2757.26,-78.0946,55.6007,-36.5199,3817.34,7.2728,5.72029,5.0543,1,LLLAALLALLLIVLLGTLILI,0.2905539600809638,0.0003458900778003,G,6,-77.34358407939874,-78.97527769408934,-73.43782582144065,-75.35080844637758,-73.14515940146698,-75.07921958475998,-8.250299999999996,0.0,7.903999999999996,359.9200000000001,-0.022922593909757708,0.0,0.021960435652367178,-0.0009621165814625471
