Sequence,Mutant,Design,Mutant Type_x,CHARMM_IMM1,CHARMM_IMM1REF,CHARMM_VDW,Dimer,HBONDMonomer,IMM1Monomer,Monomer,MonomerSasa,SCWRL4_HBOND,VDWMonomer,Mutant_DimerSasa,Mutant_MonomerSasa,Mutant_Position_MonomerSasa,Mutant_Position_Sasa,WT_DimerSasa,WT_MonomerSasa,WT_Position_MonomerSasa,WT_Position_Sasa,Total,Interface,Position,WT_AA,SasaDifference,SasaPercDifference,Mutant_SASA_no_alanine,SASA_no_wt_position,DimerSasaDifference,Segment,Type,Mutant Type_y
LLLFGLLATLLGVLLSLLILI,LLLFGLLATLLGVLLILLILI,GJL,clash,18.2494,-263.009,1176.01,876.065,-58.79,-268.474,-353.35,4629.98,-55.1858,-26.0859,3600.24,4542.74,42.0792,2.61389,3599.46,4550.51,53.3964,2.7427,-19.7133,1.1e+17,15.0,S,127.10651,2.015018455,,,,,Mutant,clash
LLLTALLALLLGVLLSILILI,LLLTALLALLLGVLLIILILI,GJL,clash,24.5648,-270.453,1297.57,1001.6,-44.9857,-269.846,-367.254,4559.22,-50.0776,-52.4223,3557.77,4439.39,44.454,11.0231,3555.59,4450.39,57.7239,11.0398,-14.4706,1.1e+17,15.0,S,118.6973,8.497584035,,,,,Mutant,clash
LLLTGLLFALLGVLLSLLILI,LLLTGLLFALLGVLLILLILI,GJL,clash,24.3436,-270.081,1971.87,1676.62,-45.046,-270.073,-347.939,4558.82,-49.5142,-32.8202,3671.81,4668.38,43.2579,8.04604,3669.35,4674.05,53.9982,8.94045,-22.7806,1.1e+17,15.0,S,121.67436,6.202601904,,,,,Mutant,clash
LLLVFLLAILLGLLLGTLILI,LLLIFLLAILLGLLLGTLILI,GJL,clash,27.3996,-263.604,3564.25,3272.19,-58.7522,-266.8,-353.089,4609.75,-55.8548,-27.5367,3625.92,4579.1,62.8469,108.715,3628.5,4616.43,99.2503,164.408,-24.7258,1.1e+17,3.0,V,129.5954,0.0,,,,,Mutant,clash
LLLGYLLATLLGILLSLLILI,LLLGYLLATLLGILLILLILI,GJL,clash,22.1914,-271.687,9098.83,8794.83,-58.8203,-272.51,-362.182,4555.63,-54.5064,-30.8516,3622.31,4578.18,41.9953,2.15559,3622.06,4587.77,53.3182,1.90401,-11.6447,1.1e+17,15.0,S,127.56481,1.66172013,,,,,Mutant,clash
LLLTGLLFALLGVLLSLLILI,LLLTGLLFILLGVLLSLLILI,GJL,clash,24.3607,-272.111,11765.7,11468.8,-60.3857,-272.049,-361.998,4561.11,-49.1833,-29.5628,3669.35,4674.05,61.6661,15.3772,3669.35,4674.05,61.6661,15.3772,-22.7806,1.1e+17,8.0,A,115.9524,11.70886076,,,,,Mutant,clash
LLLAFLLGLLLGTLLSYLILI,LLLAFLLGLLLGTLLIYLILI,GJL,clash,26.4774,-270.241,12056.9,11757.2,-58.7775,-273.65,-345.948,4649.09,-55.9101,-13.5207,3558.47,4549.31,40.79,0.132732,3558.39,4546.03,41.7343,0.123505,-18.4681,1.1e+17,15.0,S,129.587668,0.102321609,,,,,Mutant,clash
LLLAGLLFLLLGTLLSYLILI,LLLAGLLFLLLGTLLIYLILI,GJL,clash,21.8078,-271.325,12089.5,11785.0,-58.8435,-273.9,-347.186,4646.0,-54.9872,-14.4423,3645.05,4663.85,40.79,0.464563,3644.08,4669.4,51.5709,0.672642,-18.3705,1.1e+17,15.0,S,129.255837,0.358126401,,,,,Mutant,clash
LLLLVLLGALLGTLLSFLILI,LLLLVLLIALLGTLLSFLILI,GJL,clash,26.6645,-266.488,16107.0,15813.6,-74.0199,-271.946,-372.699,4546.61,-53.609,-26.7322,3762.18,4599.64,62.3497,15.7517,3764.4,4578.16,40.9069,12.3981,-12.0486,1.1e+17,7.0,G,113.8437,12.15452092,,,,,Mutant,clash
LLLAALLTSLLGLLLGYLILI,LLLAALLTSLLILLLGYLILI,GJL,clash,25.6835,-271.237,26985.4,26690.2,-74.2143,-271.904,-373.86,4556.31,-49.7033,-27.7412,3694.93,4626.06,56.9716,14.4891,3698.37,4612.38,38.3219,10.1886,-15.0988,1.1e+17,11.0,G,115.7787,11.12254909,,,,,Mutant,clash
LLLAGLLYLLLGTLLSFLILI,LLLAILLYLLLGTLLSFLILI,GJL,clash,25.9493,-274.894,36276.8,35972.5,-74.1125,-276.218,-367.759,4593.57,-55.4437,-17.4287,3720.1,4749.84,45.7581,8.81069,3722.73,4747.82,29.1344,4.94647,-10.7987,1.1e+17,4.0,G,129.66451,6.36264833,,,,,Mutant,clash
LLLFALLASLLGILLTLLILI,LLLFALLASLLGILLILLILI,GJL,clash,27.703,-266.394,45466.0,45175.5,-60.3643,-269.755,-365.579,4614.54,-51.8015,-35.4591,3563.6,4480.01,41.8963,2.03909,3552.16,4492.11,68.3594,5.26372,-11.4263,1.1e+17,15.0,T,127.68131,1.571911588,,,,,Mutant,clash
LLLTFLLALLLGYLLGVLILI,LLLTFLLILLLGYLLGVLILI,GJL,clash,33.1936,-278.025,57920.3,57629.4,-44.9628,-276.562,-342.463,4657.43,-46.0933,-20.9376,3645.89,4726.91,52.6142,0.0,3645.89,4726.91,52.6142,0.0,-14.6326,1.1e+17,7.0,A,129.5954,0.0,,,,,Mutant,clash
LLLFALLASLLGTLLTLLILI,LLLFALLASLLGTLLILLILI,GJL,clash,27.2538,-264.858,85661.6,85366.1,-74.1049,-268.926,-368.671,4595.67,-57.881,-25.6406,3666.66,4577.46,42.0954,3.68294,3654.43,4587.96,68.1296,9.5724,-14.8421,1.1e+17,15.0,T,126.03746,2.839137098,,,,,Mutant,clash
LLLYALLASLLGILLTLLILI,LLLYALLASLLGILLILLILI,GJL,clash,26.4091,-272.919,107858.0,107557.0,-60.3729,-273.82,-369.906,4616.66,-54.241,-35.7129,3709.48,4588.29,41.8676,1.24638,3700.01,4600.96,67.8377,3.59437,-19.5962,1.1e+17,15.0,T,128.47402,0.960820349,,,,,Mutant,clash
LLLTFLLAVLLGLLLGILILI,LLLTFLLIVLLGLLLGILILI,GJL,clash,27.6843,-275.721,145895.0,145601.0,-44.9676,-273.651,-353.196,4655.55,-45.6759,-34.578,3471.32,4611.02,55.5199,0.134386,3471.32,4611.02,55.5199,0.134386,-14.2027,1.1e+17,7.0,A,129.461014,0.103696582,,,,,Mutant,clash
LLLYGLLFALLGTLLSLLILI,LLLYGLLFALLGTLLILLILI,GJL,clash,25.4113,-273.309,165920.0,165616.0,-58.7566,-274.564,-346.743,4674.22,-55.9369,-13.4222,3792.97,4757.46,42.0637,0.974652,3792.4,4765.22,53.5935,1.16156,-15.871,1.1e+17,15.0,S,128.745748,0.751348284,,,,,Mutant,clash
LLLTGLLFALLGILLSLLILI,LLLTGLLFALLGILLILLILI,GJL,clash,24.0411,-271.516,168935.0,168637.0,-45.0536,-271.509,-352.145,4567.74,-50.146,-35.5818,3703.52,4638.3,43.2589,6.3849,3701.53,4644.13,53.7225,6.53281,-26.3742,1.1e+17,15.0,S,123.3355,4.922047727,,,,,Mutant,clash
LLLTALLFSLLGILLALLILI,LLLTALLFSLLGILLILLILI,GJL,clash,24.5626,-274.63,191587.0,191287.0,-60.3586,-274.465,-371.075,4566.45,-50.0308,-36.2516,3633.24,4645.72,42.9416,4.63948,3633.24,4645.72,42.9416,4.63948,-14.6587,1.1e+17,15.0,A,125.08092,3.576523045,,,,,Mutant,clash
LLLYGLLALLLGTLLSFLILI,LLLYGLLALLLGTLLIFLILI,GJL,clash,24.2243,-272.958,221091.0,220787.0,-58.7938,-275.069,-346.515,4687.82,-54.5242,-12.6528,3927.47,4733.8,44.4487,15.0464,3924.78,4732.54,49.6428,15.2482,-21.9621,1.1e+17,15.0,S,114.674,11.59910084,,,,,Mutant,clash
LLLYGLLFALLGILLTLLILI,LLLYGLLFALLGILLILLILI,GJL,clash,29.6722,-275.997,233721.0,233424.0,-45.0061,-275.315,-343.26,4703.3,-50.936,-22.9386,3660.19,4649.11,41.8847,0.902019,3651.6,4660.34,67.5099,3.00339,-19.6027,1.1e+17,15.0,T,128.818381,0.69535632,,,,,Mutant,clash
LLLAFLLGLLLGTLLSYLILI,LLLAFLLILLLGTLLSYLILI,GJL,clash,27.043,-273.426,234870.0,234568.0,-74.0315,-273.874,-361.201,4707.34,-55.9101,-13.2952,3558.39,4559.78,55.4481,0.0,3558.39,4546.03,37.34,0.0,-18.4681,1.1e+17,7.0,G,129.5954,0.0,,,,,Mutant,clash
LLLTVLLASLLGALLFGLILI,LLLTVLLASLLGALLFILILI,GJL,clash,32.0261,-272.881,406782.0,406485.0,-60.1977,-268.486,-355.381,4553.25,-55.9347,-26.6967,3691.65,4506.35,43.6181,16.5839,3710.28,4500.45,25.5287,4.23785,-15.3703,1.1e+17,16.0,G,112.8789,12.80978011,,,,,Mutant,clash
LLLFYLLGVLLGLLLGTLILI,LLLFYLLIVLLGLLLGTLILI,GJL,clash,24.2706,-269.609,442869.0,442565.0,-58.7456,-272.446,-344.937,4740.72,-58.4193,-13.7449,3511.47,4667.11,52.5097,0.859069,3512.1,4667.56,39.648,0.859069,-37.9263,1.1e+17,7.0,G,128.736331,0.662885411,,,,,Mutant,clash
LLLLVLLGALLGTLLSFLILI,LLLLVLLGALLITLLSFLILI,GJL,clash,26.0886,-266.509,596175.0,595883.0,-74.0199,-271.272,-371.668,4586.64,-51.3354,-26.3761,3762.45,4603.25,60.1897,15.3731,3764.4,4578.16,37.0793,11.7414,-12.0486,1.1e+17,11.0,G,114.8947,11.80115117,,,,,Mutant,clash
LLLLTLLVGLLFALLSILILI,LLLLTLLVGLLFILLSILILI,GJL,clash,30.0493,-274.747,824370.0,824081.0,-60.4409,-275.996,-369.935,4630.8,-45.0501,-33.4979,3704.1,4627.46,46.5329,3.95132,3704.1,4627.46,46.5329,3.95132,-24.9465,1.1e+17,12.0,A,125.87068,3.043644375,,,,,Mutant,clash
LLLAFLLGLLLGTLLTVLILI,LLLAFLLILLLGTLLTVLILI,GJL,clash,25.7962,-269.478,872098.0,871795.0,-72.4773,-273.601,-367.083,4603.84,-59.6337,-21.0054,3665.61,4620.59,55.1424,0.0,3665.61,4607.93,37.4245,0.0,-22.0382,1.1e+17,7.0,G,129.5954,0.0,,,,,Mutant,clash
LLLYVLLGALLGTLLSFLILI,LLLYVLLGALLGTLLIFLILI,GJL,clash,24.7912,-271.229,874027.0,873726.0,-58.7716,-273.058,-340.669,4618.18,-54.3553,-8.83948,3901.67,4668.17,44.5322,9.261,3900.7,4675.11,56.0818,10.0538,-11.7778,1.1e+17,15.0,S,120.4594,7.139200928,,,,,Mutant,clash
LLLFGLLTALLGILLSLLILI,LLLFGLLTALLIILLSLLILI,GJL,clash,21.2355,-267.963,931666.0,931368.0,-74.1316,-273.104,-375.483,4658.14,-51.2994,-28.2479,3683.65,4603.57,51.3934,5.84314,3684.4,4587.73,31.4853,4.82627,-14.7182,1.1e+17,11.0,G,124.42466,4.485482982,,,,,Mutant,clash
LLLAALLTSLLGLLLGYLILI,LLLAALLTSLLGLLLIYLILI,GJL,clash,25.6796,-271.237,1026320.0,1026020.0,-74.2143,-271.885,-375.358,4503.34,-55.0736,-29.2579,3689.67,4618.74,45.0883,0.217901,3698.37,4612.38,26.051,2.97598,-15.0988,1.1e+17,15.0,G,129.502499,0.167977435,,,,,Mutant,clash
LLLFALLASLLGTLLTLLILI,LLLFALLASLLITLLTLLILI,GJL,clash,27.2535,-269.248,1245880.0,1245590.0,-87.8141,-273.262,-383.29,4625.72,-56.1252,-22.2139,3652.61,4611.4,54.5581,13.7594,3654.43,4587.96,31.4951,10.4909,-14.8421,1.1e+17,11.0,G,116.5084,10.56239531,,,,,Mutant,clash
LLLLVLLTTLLGALLFGLILI,LLLLVLLTTLLGALLFILILI,GJL,clash,27.6275,-268.332,1432600.0,1432300.0,-72.5569,-272.882,-367.586,4599.61,-57.7133,-22.1472,3748.45,4593.98,43.3899,15.1102,3766.7,4588.11,25.5346,3.48441,-10.2344,1.1e+17,16.0,G,114.3526,11.67146084,,,,,Mutant,clash
LLLFGLLTALLGILLSLLILI,LLLFGLLTALLGILLILLILI,GJL,clash,21.2377,-264.752,1437220.0,1436920.0,-58.7754,-269.913,-357.111,4634.33,-53.4425,-28.4224,3685.91,4583.18,42.2974,2.79049,3684.4,4587.73,52.4296,2.30153,-14.7182,1.1e+17,15.0,S,126.92991,2.151157412,,,,,Mutant,clash
LLLFGLLAALLGILLTLLILI,LLLFGLLAALLGILLILLILI,GJL,clash,30.1223,-264.048,2113340.0,2113060.0,-44.9481,-266.607,-346.515,4608.08,-50.5362,-34.9607,3590.13,4559.15,42.3024,1.31275,3580.84,4571.38,68.2791,2.95491,-18.2075,1.1e+17,15.0,T,128.40765,1.011984237,,,,,Mutant,clash
LLLTALLLALLFGLLFSLILI,LLLTALLLALLFGLLFILILI,GJL,clash,31.8358,-280.14,2190340.0,2190050.0,-45.0173,-273.225,-340.908,4633.66,-45.0173,-22.6657,3638.79,4681.67,43.6963,6.11105,3638.03,4684.01,52.6674,5.91627,-11.773,1.1e+17,16.0,S,123.35175,4.72031348,,,,,Mutant,clash
LLLVTLLFSLLGALLSLLILI,LLLVTLLFILLGALLSLLILI,GJL,clash,31.3651,-270.798,2437460.0,2437180.0,-60.38,-272.091,-364.386,4585.49,-45.0274,-31.9149,3636.88,4538.17,61.3021,15.1352,3634.87,4537.26,66.8363,15.8805,-17.6448,1.1e+17,8.0,S,116.1944,11.52459156,,,,,Mutant,clash
LLLTALLFSLLGILLALLILI,LLLTILLFSLLGILLALLILI,GJL,clash,26.6483,-274.424,3847250.0,3846950.0,-60.3586,-273.547,-370.063,4539.79,-50.0308,-36.1578,3633.24,4645.72,53.0,18.0831,3633.24,4645.72,53.0,18.0831,-14.6587,1.1e+17,4.0,A,125.08092,3.576523045,,,,,Mutant,clash
LLLGTLLVGLLFALLSLLILI,LLLGTLLVGLLFILLSLLILI,GJL,clash,32.5415,-276.525,3973620.0,3973330.0,-60.3757,-271.726,-360.484,4572.33,-45.0039,-28.382,3637.91,4609.79,47.2537,2.97798,3637.91,4609.79,47.2537,2.97798,-20.0944,1.1e+17,12.0,A,126.84402,2.293894717,,,,,Mutant,clash
LLLYALLVGLLFLLLGTLILI,LLLYALLVGLLFLLLITLILI,GJL,clash,26.8791,-278.379,4480690.0,4480380.0,-58.7681,-270.938,-343.555,4749.68,-49.4866,-13.8484,3838.68,4752.69,34.4681,12.597,3850.68,4766.88,23.5638,12.1189,-16.4553,1.1e+17,15.0,G,117.1234,9.710885875,,,,,Mutant,clash
LLLYALLTALLGGLLFLLILI,LLLYALLTALLIGLLFLLILI,GJL,clash,25.3448,-274.983,5090450.0,5090150.0,-58.7888,-275.985,-347.023,4715.47,-52.4693,-12.2497,3834.41,4738.47,57.1803,25.0365,3839.63,4720.3,36.8656,21.532,-22.0076,1.1e+17,11.0,G,105.2313,19.21925449,,,,,Mutant,clash
LLLTGLLFGLLFALLVLLILI,LLLTGLLFGLLFILLVLLILI,GJL,clash,29.823,-277.283,5218480.0,5218180.0,-45.0108,-274.987,-339.302,4611.56,-45.8818,-19.3037,3661.25,4767.12,41.3571,8.29389,3661.25,4767.12,41.3571,8.29389,-20.5032,1.1e+17,12.0,A,121.52811,6.388662938,,,,,Mutant,clash
LLLTGLLFALLGILLSLLILI,LLLTGLLFALLIILLSLLILI,GJL,clash,24.0397,-274.727,5319320.0,5319020.0,-60.4175,-274.671,-368.334,4636.84,-47.1926,-33.2462,3700.86,4645.74,45.0256,3.85954,3701.53,4644.13,30.2366,3.20584,-26.3742,1.1e+17,11.0,G,126.40826,2.962773609,,,,,Mutant,clash
LLLAYLLGLLLGFLLSTLILI,LLLAYLLGLLLIFLLSTLILI,GJL,clash,23.2138,-273.782,5521910.0,5521610.0,-74.1162,-277.943,-364.608,4616.67,-53.2198,-12.5486,3627.45,4746.63,52.9816,3.24322,3628.61,4728.63,31.6969,3.1597,-24.7319,1.1e+17,11.0,G,127.02458,2.489655924,,,,,Mutant,clash
LLLTVLLLGLLFGLLFALILI,LLLTVLLLGLLFGLLFILILI,GJL,clash,25.4533,-275.872,5724000.0,5723700.0,-44.9318,-274.341,-339.935,4637.99,-45.5292,-20.6616,3716.9,4694.99,43.389,5.27313,3716.9,4694.99,43.389,5.27313,-18.1386,1.1e+17,16.0,A,124.18967,4.073085087,,,,,Mutant,clash
LLLFGLLALLLGVLLSTLILI,LLLFGLLILLLGVLLSTLILI,GJL,clash,33.0231,-266.988,6690610.0,6690320.0,-74.1563,-270.206,-365.858,4671.06,-51.4308,-21.4963,3639.22,4632.3,50.2287,7.86066,3639.22,4632.3,50.2287,7.86066,-11.6285,1.1e+17,7.0,A,121.73474,6.065539363,,,,,Mutant,clash
LLLLTLLVGLLFALLYGLILI,LLLLTLLVGLLFILLYGLILI,GJL,clash,32.7008,-276.141,7579630.0,7579350.0,-44.9471,-275.895,-339.285,4707.34,-44.9471,-18.443,3716.47,4667.58,57.1668,0.555773,3716.47,4667.58,57.1668,0.555773,-14.9538,1.1e+17,12.0,A,129.266227,0.428103865,,,,,Mutant,clash
LLLAYLLGFLLGLLLGTLILI,LLLAYLLGFLLILLLGTLILI,GJL,clash,27.7637,-274.202,10552600.0,10552300.0,-58.7251,-273.3,-345.013,4630.4,-50.5358,-12.9885,3478.51,4681.78,55.6179,0.0,3478.51,4667.78,37.5308,0.0,-17.1112,1.1e+17,11.0,G,130.2678,0.0,,,,,Mutant,clash
LLLGTLLVGLLFALLSLLILI,LLLGTLLVILLFALLSLLILI,GJL,clash,32.7046,-277.703,10611400.0,10611100.0,-60.3801,-272.855,-364.861,4556.63,-45.0039,-31.6262,3623.6,4618.07,52.6517,7.18345,3637.91,4609.79,35.8993,3.07227,-20.0944,1.1e+17,8.0,G,124.14615,5.469787466,,,,,Mutant,clash
LLLYVLLATLLGLLLGFLILI,LLLYVLLITLLGLLLGFLILI,GJL,clash,26.6731,-275.032,11146700.0,11146400.0,-58.7168,-277.093,-349.315,4675.64,-57.6464,-13.5047,3934.62,4765.56,63.9723,7.28156,3934.62,4765.56,63.9723,7.28156,-20.1621,1.1e+17,7.0,A,122.31384,5.618687083,,,,,Mutant,clash
LLLAVLLLTLLGGLLFALILI,LLLIVLLLTLLGGLLFALILI,GJL,clash,30.9137,-265.568,12092400.0,12092100.0,-58.6781,-268.269,-352.52,4578.8,-50.1172,-25.5728,3741.67,4633.36,50.0705,100.108,3741.67,4633.36,50.0705,100.108,-12.0832,1.1e+17,3.0,A,123.79483,4.378068449,,,,,Mutant,clash
LLLAVLLLTLLGGLLFALILI,LLLAVLLLTLLGGLLFILILI,GJL,clash,25.7231,-267.7,12092600.0,12092300.0,-58.6781,-268.887,-352.769,4588.01,-50.1172,-25.204,3741.67,4633.36,46.2998,5.66797,3741.67,4633.36,46.2998,5.66797,-12.0832,1.1e+17,16.0,A,123.79483,4.378068449,,,,,Mutant,clash
LLLAYLLGTLLGFLLSLLILI,LLLAYLLGTLLIFLLSLLILI,GJL,clash,27.7423,-275.21,16407500.0,16407200.0,-74.0702,-276.387,-364.355,4637.09,-58.453,-13.8977,3636.41,4708.69,52.4455,1.63793,3636.67,4688.63,30.9256,1.63793,-28.4036,1.1e+17,11.0,G,128.62987,1.257356,,,,,Mutant,clash
LLLVTLLLSLLAGLLFALILI,LLLVTLLLSLLAILLFALILI,GJL,clash,31.3523,-273.841,16751600.0,16751300.0,-60.2466,-273.319,-370.289,4619.23,-49.9027,-36.7235,3679.43,4548.7,56.9508,18.8048,3696.18,4534.81,38.2702,7.53642,-14.6316,1.1e+17,12.0,G,111.0172,14.48506416,,,,,Mutant,clash
LLLYVLLGILLGLLLAFLILI,LLLYVLLIILLGLLLAFLILI,GJL,clash,28.638,-277.599,16949700.0,16949400.0,-44.9417,-279.178,-350.815,4696.16,-50.7954,-26.6953,3818.98,4753.03,62.6947,1.42503,3818.98,4730.51,40.9406,1.42503,-18.868,1.1e+17,7.0,G,128.17037,1.099599214,,,,,Mutant,clash
LLLTGLLYVLLGLLLAFLILI,LLLTILLYVLLGLLLAFLILI,GJL,clash,28.4351,-279.202,19036400.0,19036100.0,-44.9993,-276.286,-347.856,4585.55,-51.2664,-26.5713,3734.14,4704.62,53.9932,1.00959,3736.14,4688.95,34.2857,0.0,-8.61349,1.1e+17,4.0,G,137.46561,0.729076398,,,,,Mutant,clash
LLLLTLLVGLLFALLSTLILI,LLLLTLLVGLLFALLITLILI,GJL,clash,25.3672,-272.035,19773200.0,19772900.0,-58.7905,-273.32,-359.087,4616.19,-49.5093,-26.9765,3648.61,4673.45,36.2136,16.3228,3640.95,4661.27,37.8995,16.951,-24.7927,1.1e+17,15.0,S,113.3976,12.58306327,,,,,Mutant,clash
LLLAILLGLLLGVLLSTLILI,LLLAILLILLLGVLLSTLILI,GJL,clash,21.614,-266.513,21725300.0,21725000.0,-74.1795,-271.558,-388.994,4536.79,-51.4091,-43.2563,3720.57,4540.32,58.205,0.0,3720.57,4521.87,38.0706,0.0,-10.7027,1.1e+17,7.0,G,129.5954,0.0,,,,,Mutant,clash
LLLTALLAGLLFLLLSVLILI,LLLTALLIGLLFLLLSVLILI,GJL,clash,30.8741,-275.597,22736500.0,22736200.0,-60.3184,-272.836,-363.717,4596.43,-45.7558,-30.5629,3667.29,4644.23,57.9727,42.118,3667.29,4644.23,57.9727,42.118,-11.4684,1.1e+17,7.0,A,117.1282,15.41575676,,,,,Mutant,clash
LLLTLLLGILLGFLLAVLILI,LLLTLLLIILLGFLLAVLILI,GJL,clash,25.6483,-274.151,22843400.0,22843100.0,-44.948,-274.125,-357.091,4644.54,-52.074,-38.0184,3636.98,4668.01,58.4553,0.271732,3636.98,4656.17,40.9495,0.271732,-39.0511,1.1e+17,7.0,G,129.323668,0.209677195,,,,,Mutant,clash
LLLTVLLGLLLGLLLGFLILI,LLLTVLLGLLLILLLGFLILI,GJL,clash,25.6601,-272.873,23292000.0,23291700.0,-44.9562,-273.47,-357.474,4638.17,-46.5797,-39.0479,3693.35,4643.75,57.3373,0.24701,3693.35,4628.21,37.8573,0.24701,-15.3881,1.1e+17,11.0,G,130.02079,0.189617081,,,,,Mutant,clash
LLLVTLLLTLLGALLSALILI,LLLVTLLLTLLGALLIALILI,GJL,clash,26.5844,-267.985,26221500.0,26221200.0,-58.7403,-268.205,-371.486,4528.35,-49.4785,-44.5412,3679.99,4485.5,45.2741,21.9373,3677.07,4492.47,56.9982,29.9408,-11.5507,1.1e+17,15.0,S,107.7831,16.91121828,,,,,Mutant,clash
LLLYVLLGTLLGFLLSLLILI,LLLYVLLITLLGFLLSLLILI,GJL,clash,32.92,-276.381,27493800.0,27493500.0,-74.0677,-280.304,-368.035,4703.73,-51.564,-13.6641,3611.89,4680.26,63.1814,0.464563,3611.89,4657.08,41.075,0.464563,-13.5466,1.1e+17,7.0,G,129.130837,0.358471828,,,,,Mutant,clash
LLLVTLLLTLLGALLSALILI,LLLVTLLLILLGALLSALILI,GJL,clash,26.5627,-266.805,27821100.0,27820800.0,-60.359,-267.129,-374.961,4504.98,-44.9774,-47.4739,3688.6,4463.66,59.719,21.7211,3677.07,4492.47,86.5954,35.0842,-11.5507,1.1e+17,8.0,T,109.6085,16.53937878,,,,,Mutant,clash
LLLYVLLTLLLGGLLFALILI,LLLYVLLTLLLGGLLFILILI,GJL,clash,29.829,-276.872,33154000.0,33153700.0,-58.7757,-276.995,-348.101,4741.32,-49.4948,-12.3308,3877.95,4701.31,43.01,11.7981,3877.95,4701.31,43.01,11.7981,-9.69791,1.1e+17,16.0,A,117.6647,9.113119753,,,,,Mutant,clash
LLLLVLLATLLGGLLSILILI,LLLLVLLATLLGGLLIILILI,GJL,clash,21.0823,-262.882,36136600.0,36136300.0,-58.7199,-266.731,-368.047,4522.61,-52.2842,-42.5962,3798.97,4545.39,48.8837,15.0723,3797.71,4550.37,59.3242,26.3948,-5.80888,1.1e+17,15.0,S,114.6481,11.61906685,,,,,Mutant,clash
LLLVTLLLSLLAGLLFALILI,LLLVTLLLILLAGLLFALILI,GJL,clash,31.4146,-270.63,37342700.0,37342400.0,-44.9492,-270.023,-351.304,4603.9,-44.9492,-36.3321,3701.38,4536.29,58.1138,15.7331,3696.18,4534.81,63.9801,16.1651,-14.6316,1.1e+17,8.0,S,115.5965,11.97985831,,,,,Mutant,clash
LLLLTLLVGLLFALLSTLILI,LLLLTLLVILLFALLSTLILI,GJL,clash,25.4068,-275.245,38371600.0,38371300.0,-74.1639,-276.137,-377.605,4606.71,-49.5093,-27.3039,3626.61,4669.27,50.9368,5.6423,3640.95,4661.27,35.3721,2.56584,-24.7927,1.1e+17,8.0,G,125.6873,4.296289641,,,,,Mutant,clash
LLLLVLLATLLGGLLSILILI,LLLLVLLATLLIGLLSILILI,GJL,clash,21.0788,-266.093,40150000.0,40149700.0,-73.9676,-270.079,-385.986,4551.21,-50.2892,-41.9401,3795.75,4570.52,53.33,11.0883,3797.71,4550.37,31.7025,7.95128,-5.80888,1.1e+17,11.0,G,119.1795,8.511926969,,,,,Mutant,clash
LLLAFLLGTLLGLLLSVLILI,LLLAFLLGTLLILLLSVLILI,GJL,clash,31.4863,-269.665,40449400.0,40449100.0,-74.0774,-272.476,-371.004,4618.39,-58.9579,-24.4499,3533.91,4580.09,49.9469,0.0,3533.91,4565.03,29.9134,0.0,-31.4308,1.1e+17,11.0,G,130.2678,0.0,,,,,Mutant,clash
LLLVALLLTLLGGLLFALILI,LLLVILLLTLLGGLLFALILI,GJL,clash,21.9911,-264.71,46684100.0,46683800.0,-58.7189,-268.351,-354.116,4567.68,-52.0964,-27.0463,3719.71,4484.54,51.3196,41.9923,3719.71,4484.54,51.3196,41.9923,-18.617,1.1e+17,4.0,A,118.6069,8.385343126,,,,,Mutant,clash
LLLAFLLGTLLGVLLSLLILI,LLLAFLLGILLGVLLSLLILI,GJL,clash,26.541,-264.71,52217600.0,52217300.0,-60.3396,-267.36,-356.116,4510.45,-55.9598,-28.4165,3565.55,4578.43,51.6005,40.0957,3543.73,4592.44,72.3792,47.5385,-30.9358,1.1e+17,8.0,T,91.2339,30.53058869,,,,,Mutant,clash
LLLVLLLATLLGSLLGTLILI,LLLVLLLATLLGSLLITLILI,GJL,clash,25.2478,-267.555,52953600.0,52953300.0,-87.858,-269.686,-392.504,4510.73,-53.9812,-34.9602,3621.18,4445.08,49.2267,18.3664,3626.34,4427.68,27.4155,14.2214,-7.11869,1.1e+17,15.0,G,111.354,14.15845156,,,,,Mutant,clash
LLLVLLLATLLGSLLGTLILI,LLLVLLLATLLISLLGTLILI,GJL,clash,25.2479,-267.555,52955400.0,52955100.0,-87.858,-267.576,-388.857,4539.19,-58.4654,-33.4229,3624.92,4449.58,62.8746,12.1463,3626.34,4427.68,41.1648,9.16827,-7.11869,1.1e+17,11.0,G,118.1215,9.324100046,,,,,Mutant,clash
LLLYALLVGLLFLLLGTLILI,LLLYALLVILLFLLLGTLILI,GJL,clash,26.9561,-278.378,55505800.0,55505500.0,-58.7681,-272.679,-345.452,4737.79,-49.4866,-14.0049,3832.88,4766.18,44.6302,9.31294,3850.68,4766.88,29.0531,3.50607,-16.4553,1.1e+17,8.0,G,122.01666,7.091272645,,,,,Mutant,clash
LLLTYLLFVLLGILLALLILI,LLLTYLLFVLLGILLILLILI,GJL,clash,24.2162,-281.403,56571500.0,56571200.0,-45.0426,-281.276,-353.319,4679.84,-48.5903,-26.9998,3608.99,4793.04,42.0119,0.273386,3608.99,4793.04,42.0119,0.273386,-19.9727,1.1e+17,15.0,A,129.447014,0.210750198,,,,,Mutant,clash
LLLYALLTALLGGLLFLLILI,LLLYALLTALLGILLFLLILI,GJL,clash,25.3419,-274.983,57434900.0,57434600.0,-58.7888,-275.99,-349.594,4696.0,-56.1288,-14.8158,3820.46,4735.94,58.0628,22.2028,3839.63,4720.3,38.6495,8.73879,-22.0076,1.1e+17,12.0,G,107.6192,17.10249418,,,,,Mutant,clash
LLLVTLLFSLLGALLSLLILI,LLLVILLFSLLGALLSLLILI,GJL,clash,32.4452,-268.156,61564400.0,61564100.0,-75.6823,-270.269,-374.961,4536.36,-55.2493,-29.0102,3659.2,4518.31,45.4076,17.49,3634.87,4537.26,73.1056,15.0249,-17.6448,1.1e+17,4.0,T,120.9852,12.63042047,,,,,Mutant,clash
LLLAYLLGFLLGLLLGTLILI,LLLAYLLGFLLGLLLITLILI,GJL,clash,27.7788,-274.202,84557900.0,84557600.0,-58.7251,-273.247,-345.91,4586.68,-50.5358,-13.9377,3472.47,4672.54,43.3572,1.06639,3478.51,4667.78,25.1578,0.775851,-17.1112,1.1e+17,15.0,G,128.65401,0.822068079,,,,,Mutant,clash
LLLLVLLIGLLFGLLFALILI,LLLLVLLIGLLFILLFALILI,GJL,clash,23.9976,-271.413,85656600.0,85656300.0,-44.9897,-275.798,-342.908,4698.15,-44.9897,-22.12,3752.55,4701.79,54.7467,1.0895,3755.6,4687.67,35.6751,0.0726336,-19.9506,1.1e+17,12.0,G,128.7325,0.839226017,,,,,Mutant,clash
LLLLTLLVGLLFALLSILILI,LLLLTLLVILLFALLSILILI,GJL,clash,30.1246,-275.926,90296400.0,90296100.0,-60.4426,-277.252,-374.525,4616.58,-45.0501,-36.8303,3692.22,4635.56,50.6681,4.65911,3704.1,4627.46,35.0426,1.94782,-24.9465,1.1e+17,8.0,G,126.67049,3.547646532,,,,,Mutant,clash
LLLTVLLGLLLGFLLSILILI,LLLTVLLILLLGFLLSILILI,GJL,clash,25.2582,-274.545,94615800.0,94615500.0,-60.2652,-276.545,-374.796,4593.11,-47.3664,-37.9858,3663.75,4582.9,59.7033,0.0,3663.75,4567.16,40.8343,0.0,-21.0659,1.1e+17,7.0,G,129.5954,0.0,,,,,Mutant,clash
LLLYLLLGALLGVLLSTLILI,LLLYLLLGALLGVLLITLILI,GJL,clash,32.3473,-272.268,100850000.0,100850000.0,-58.7653,-271.748,-357.637,4612.45,-50.5557,-27.1242,3787.39,4644.22,46.6209,21.8366,3782.17,4647.75,56.6915,23.6033,-7.71629,1.1e+17,15.0,S,107.8838,16.83358978,,,,,Mutant,clash
LLLYLLLGALLGVLLSTLILI,LLLYLLLGALLIVLLSTLILI,GJL,clash,32.3473,-275.478,100873000.0,100873000.0,-74.1216,-272.689,-372.839,4683.67,-50.5557,-26.0285,3779.49,4668.5,53.6241,20.5805,3782.17,4647.75,31.9874,15.4876,-7.71629,1.1e+17,11.0,G,109.6873,15.79860871,,,,,Mutant,clash
LLLFYLLGVLLGLLLGTLILI,LLLFYLLGVLLILLLGTLILI,GJL,clash,23.8135,-269.629,103911000.0,103911000.0,-58.7456,-272.468,-344.404,4771.4,-54.0313,-13.1908,3512.1,4685.0,58.405,0.0,3512.1,4667.56,38.3377,0.0,-37.9263,1.1e+17,11.0,G,130.2678,0.0,,,,,Mutant,clash
LLLAFLLGLLLGTLLSVLILI,LLLAFLLGLLLITLLSVLILI,GJL,clash,38.5923,-271.528,109236000.0,109235000.0,-74.0328,-272.454,-370.708,4581.98,-55.2628,-24.221,3615.16,4593.67,52.7813,2.75682,3616.01,4575.52,31.7533,2.90209,-17.9955,1.1e+17,11.0,G,127.51098,2.11627125,,,,,Mutant,clash
LLLLVLLTTLLGGLLFALILI,LLLLVLLTTLLGGLLFILILI,GJL,clash,21.5692,-267.149,110279000.0,110279000.0,-72.5234,-271.708,-362.434,4551.48,-57.0782,-18.2025,3739.76,4562.94,43.7205,10.6327,3739.76,4562.94,43.7205,10.6327,-20.7002,1.1e+17,16.0,A,118.8301,8.212938388,,,,,Mutant,clash
LLLATLLVGLLFLLLGTLILI,LLLATLLVILLFLLLGTLILI,GJL,clash,32.1607,-276.41,112780000.0,112780000.0,-58.7666,-269.581,-356.553,4583.77,-49.4946,-28.2056,3573.29,4691.37,42.8346,8.37926,3587.73,4695.1,29.2548,3.42288,-9.71071,1.1e+17,8.0,G,122.95034,6.380328578,,,,,Mutant,clash
LLLLVLLTTLLGALLFGLILI,LLLLVLLTTLLIALLFGLILI,GJL,clash,27.5773,-268.342,132760000.0,132760000.0,-72.5569,-267.665,-360.246,4599.48,-54.6459,-20.0239,3766.45,4606.5,56.3381,5.76694,3766.7,4588.11,36.8042,4.23803,-10.2344,1.1e+17,11.0,G,124.50086,4.426988097,,,,,Mutant,clash
LLLAFLLGTLLGLLLGVLILI,LLLAFLLGTLLGLLLIVLILI,GJL,clash,31.4909,-266.455,148170000.0,148170000.0,-58.78,-269.208,-353.031,4575.31,-61.9532,-25.0434,3373.36,4602.65,43.6986,0.0726336,3373.54,4597.15,24.6718,0.0,-45.8898,1.1e+17,15.0,G,129.6477664,0.055992427,,,,,Mutant,clash
LLLAVLLGTLLGLLLSFLILI,LLLAVLLITLLGLLLSFLILI,GJL,clash,27.8695,-269.235,151838000.0,151837000.0,-74.0838,-272.355,-374.285,4527.81,-58.131,-27.8455,3644.45,4588.29,61.8848,0.0,3644.45,4568.08,40.9079,0.0,-32.3507,1.1e+17,7.0,G,129.5954,0.0,,,,,Mutant,clash
LLLAVLLGILLGLLLGFLILI,LLLAVLLGILLILLLGFLILI,GJL,clash,24.7232,-268.431,153254000.0,153253000.0,-44.9616,-269.992,-351.26,4554.65,-52.2782,-36.3058,3616.75,4571.75,58.2773,0.0,3616.75,4553.74,38.1142,0.0,-34.682,1.1e+17,11.0,G,130.2678,0.0,,,,,Mutant,clash
LLLAGLLYLLLGTLLSFLILI,LLLAGLLYLLLITLLSFLILI,GJL,clash,22.5471,-275.4,153557000.0,153556000.0,-74.1125,-277.165,-365.773,4647.03,-52.9491,-14.4958,3722.03,4765.96,52.9229,1.96111,3722.73,4747.82,31.7626,1.30741,-10.7987,1.1e+17,11.0,G,128.30669,1.505444937,,,,,Mutant,clash
LLLTLLLGVLLGLLLAFLILI,LLLTLLLIVLLGLLLAFLILI,GJL,clash,38.9538,-280.882,154291000.0,154291000.0,-44.9757,-274.299,-362.889,4599.07,-47.2458,-43.6149,3701.7,4642.03,58.8802,0.0,3701.7,4629.51,40.8515,0.0,-9.96961,1.1e+17,7.0,G,129.5954,0.0,,,,,Mutant,clash
LLLTALLFLLLGVLLGILILI,LLLTALLFLLLIVLLGILILI,GJL,clash,28.5492,-277.559,161978000.0,161978000.0,-44.96,-274.989,-358.417,4617.96,-46.9375,-38.4678,3612.38,4621.04,52.6467,9.29738,3613.93,4621.39,39.4866,6.75521,-13.4938,1.1e+17,11.0,G,120.97042,7.137128285,,,,,Mutant,clash
LLLSYLLGLLLGVLLGTLILI,LLLSYLLILLLGVLLGTLILI,GJL,clash,28.6917,-276.89,165921000.0,165921000.0,-58.7086,-269.239,-355.454,4626.77,-52.0192,-27.5064,3499.07,4603.8,55.4881,0.0,3499.07,4593.65,38.123,0.0,-28.5286,1.1e+17,7.0,G,129.5954,0.0,,,,,Mutant,clash
LLLAVLLTSLLGGLLFLLILI,LLLAVLLTSLLIGLLFLLILI,GJL,clash,27.4647,-270.894,177062000.0,177062000.0,-74.1107,-272.262,-370.093,4595.71,-50.5923,-23.7203,3705.7,4568.57,57.2959,25.26,3709.7,4548.74,36.8868,21.1735,-16.1344,1.1e+17,11.0,G,105.0078,19.39082413,,,,,Mutant,clash
LLLTLLLGILLGVLLSALILI,LLLTLLLGILLIVLLSALILI,GJL,clash,30.6171,-272.942,195718000.0,195718000.0,-60.3306,-267.617,-376.844,4583.75,-50.324,-48.8967,3573.61,4534.59,52.9562,2.28103,3573.61,4514.25,31.3905,2.28103,-30.5819,1.1e+17,11.0,G,127.98677,1.751031337,,,,,Mutant,clash
LLLAFLLGVLLGTLLGLLILI,LLLAFLLIVLLGTLLGLLILI,GJL,clash,32.9138,-267.957,197499000.0,197499000.0,-58.7088,-269.297,-352.306,4594.11,-57.6996,-24.3004,3444.45,4574.4,57.1263,0.0,3444.45,4561.96,39.9492,0.0,-35.5018,1.1e+17,7.0,G,129.5954,0.0,,,,,Mutant,clash
LLLTFLLGVLLGLLLAILILI,LLLTFLLIVLLGLLLAILILI,GJL,clash,36.0638,-276.316,223616000.0,223616000.0,-44.9375,-274.847,-357.744,4654.05,-51.3682,-37.959,3546.14,4629.21,59.6808,0.0,3546.14,4622.22,44.529,0.0,-25.296,1.1e+17,7.0,G,128.737207,0.757932445,,,,,Mutant,clash
LLLTGLLYVLLGLLLAFLILI,LLLTGLLYVLLILLLAFLILI,GJL,clash,24.763,-279.726,252045000.0,252045000.0,-44.9993,-278.314,-348.131,4696.66,-49.1484,-24.8176,3736.14,4707.13,54.2637,0.0,3736.14,4688.95,34.0609,0.0,-8.61349,1.1e+17,11.0,G,130.2678,0.0,,,,,Mutant,clash
LLLTLLLGVLLGLLLSFLILI,LLLTLLLGVLLILLLSFLILI,GJL,clash,30.3712,-278.444,284761000.0,284760000.0,-60.2651,-276.371,-376.942,4637.7,-49.9254,-40.3058,3659.18,4645.19,50.4461,0.0,3659.18,4629.04,29.8986,0.0,-26.2455,1.1e+17,11.0,G,130.2678,0.0,,,,,Mutant,clash
LLLTLLLGILLGFLLSVLILI,LLLTLLLIILLGFLLSVLILI,GJL,clash,25.0871,-275.26,286640000.0,286640000.0,-60.2282,-276.173,-371.932,4637.59,-51.8436,-35.5306,3506.5,4620.29,58.7134,0.0,3506.5,4608.7,40.9476,0.0,-46.7576,1.1e+17,7.0,G,129.5954,0.0,,,,,Mutant,clash
LLLATLLGLLLGVLLSILILI,LLLATLLGLLLGVLLIILILI,GJL,clash,31.1376,-268.882,289118000.0,289117000.0,-44.9985,-268.209,-363.65,4517.33,-46.3317,-50.4419,3507.76,4357.81,43.929,10.8372,3505.36,4355.03,47.9343,11.369,-13.0325,1.1e+17,15.0,S,118.8832,8.354275812,,,,,Mutant,clash
LLLATLLGLLLGVLLSILILI,LLLATLLILLLGVLLSILILI,GJL,clash,31.771,-272.06,289135000.0,289135000.0,-60.336,-271.482,-381.871,4548.91,-46.3317,-50.0536,3504.68,4373.77,58.3439,5.82434,3505.36,4355.03,37.819,4.95274,-13.0325,1.1e+17,7.0,G,123.77106,4.494249024,,,,,Mutant,clash
LLLGYLLALLLGVLLSTLILI,LLLGYLLALLLIVLLSTLILI,GJL,clash,21.2953,-272.603,301080000.0,301080000.0,-74.2086,-273.933,-375.985,4615.21,-52.3718,-27.8435,3593.08,4591.64,57.8544,7.52888,3594.96,4571.63,36.7379,6.22148,-20.4196,1.1e+17,11.0,G,122.73892,5.779540301,,,,,Mutant,clash
LLLAYLLGLLLGFLLSTLILI,LLLAYLLILLLGFLLSTLILI,GJL,clash,23.738,-273.761,311277000.0,311276000.0,-74.1162,-278.44,-366.482,4648.42,-53.2897,-13.925,3627.97,4739.68,55.4376,3.49497,3628.61,4728.63,37.8173,3.1034,-24.7319,1.1e+17,7.0,G,126.10043,2.696831832,,,,,Mutant,clash
LLLYFLLATLLGLLLGVLILI,LLLYFLLITLLGLLLGVLILI,GJL,clash,29.0257,-278.399,356000000.0,355999000.0,-58.7388,-277.289,-347.027,4757.85,-50.9885,-10.9989,3650.12,4758.79,57.6609,0.0,3650.12,4758.79,57.6609,0.0,-23.4915,1.1e+17,7.0,A,129.5954,0.0,,,,,Mutant,clash
LLLTVLLASLLGALLFGLILI,LLLTVLLASLLIALLFGLILI,GJL,clash,32.0126,-272.885,365442000.0,365442000.0,-60.1977,-262.495,-347.054,4557.83,-47.9751,-24.361,3706.39,4524.97,59.3447,13.1472,3710.28,4500.45,36.7151,11.992,-15.3703,1.1e+17,11.0,G,117.1206,10.09244034,,,,,Mutant,clash
LLLTYLLFVLLGILLALLILI,LLLTYLLFVLLIILLALLILI,GJL,clash,24.2121,-282.583,415210000.0,415210000.0,-45.0426,-280.774,-356.954,4685.38,-46.1485,-31.1377,3608.99,4795.84,49.7197,0.0,3608.99,4793.04,35.3664,0.0,-19.9727,1.1e+17,11.0,G,124.2325,4.230560498,,,,,Mutant,clash
LLLYGLLALLLGTLLSFLILI,LLLYGLLALLLITLLSFLILI,GJL,clash,24.2219,-276.168,459841000.0,459841000.0,-74.0321,-278.189,-364.911,4694.39,-52.0414,-12.6899,3924.23,4752.4,57.6983,1.30741,3924.78,4732.54,36.8386,1.01687,-21.9621,1.1e+17,11.0,G,128.96039,1.003632517,,,,,Mutant,clash
LLLYFLLGALLGALLTLLILI,LLLYFLLGALLGALLILLILI,GJL,clash,40.0236,-269.845,481524000.0,481524000.0,-44.9055,-268.761,-331.548,4627.41,-55.2446,-17.8819,3682.54,4686.11,43.1614,3.12067,3671.54,4697.34,69.0045,7.71781,-28.0633,1.1e+17,15.0,T,126.59973,2.405689468,,,,,Mutant,clash
LLLTFLLALLLGYLLGVLILI,LLLTFLLALLLIYLLGVLILI,GJL,clash,32.6145,-279.232,495971000.0,495971000.0,-44.9628,-277.755,-346.431,4685.38,-46.0933,-23.7132,3645.89,4747.19,62.2843,0.123505,3645.89,4726.91,40.8719,0.123505,-14.6326,1.1e+17,11.0,G,130.144295,0.094808541,,,,,Mutant,clash
LLLYVLLATLLGGLLFLLILI,LLLYVLLATLLIGLLFLLILI,GJL,clash,28.8403,-277.614,533644000.0,533643000.0,-58.655,-278.277,-350.329,4727.9,-50.3915,-13.3971,3875.48,4753.03,59.1149,12.5573,3876.84,4729.73,37.0875,9.73293,-15.2477,1.1e+17,11.0,G,117.7105,9.639603954,,,,,Mutant,clash
LLLYVLLGALLGTLLSFLILI,LLLYVLLGALLITLLSFLILI,GJL,clash,24.7856,-274.44,554513000.0,554513000.0,-74.0346,-276.359,-358.389,4663.49,-51.5445,-7.99608,3898.78,4697.44,54.323,7.65602,3900.7,4675.11,32.073,5.98545,-11.7778,1.1e+17,11.0,G,122.61178,5.877139247,,,,,Mutant,clash
LLLAFLLGLLLGTLLTVLILI,LLLAFLLGLLLITLLTVLILI,GJL,clash,25.2462,-269.505,582761000.0,582761000.0,-72.4773,-273.63,-367.517,4580.12,-56.3555,-21.4096,3665.11,4626.08,52.6132,1.59794,3665.61,4607.93,31.3555,1.01687,-22.0382,1.1e+17,11.0,G,128.66986,1.226657701,,,,,Mutant,clash
LLLYFLLGTLLGVLLALLILI,LLLYFLLGTLLGVLLILLILI,GJL,clash,30.5637,-273.144,586351000.0,586351000.0,-58.7627,-277.334,-347.888,4734.06,-58.6865,-11.7913,3621.05,4646.3,42.2459,0.0617526,3621.05,4646.3,42.2459,0.0617526,-31.0407,1.1e+17,15.0,A,129.6586474,0.047604386,,,,,Mutant,clash
LLLLVLLTGLLFGLLYALILI,LLLLVLLTGLLFILLYALILI,GJL,clash,25.0926,-273.234,603662000.0,603662000.0,-58.7605,-276.887,-353.021,4685.61,-49.4713,-17.3729,3633.52,4633.37,53.2037,0.0,3633.52,4618.05,33.9767,0.0,-12.6715,1.1e+17,12.0,G,129.822,0.0,,,,,Mutant,clash
LLLAVLLGLLLGFLLSTLILI,LLLAVLLGLLLIFLLSTLILI,GJL,clash,24.6949,-268.488,635971000.0,635971000.0,-74.0809,-273.125,-374.831,4539.59,-54.5393,-27.6253,3697.04,4623.53,52.357,2.96356,3697.74,4605.86,31.2238,2.89093,-23.0845,1.1e+17,11.0,G,127.30424,2.27497509,,,,,Mutant,clash
LLLTALLALLLGVLLSILILI,LLLTALLALLLIVLLSILILI,GJL,clash,24.5618,-273.664,657113000.0,657113000.0,-60.3301,-273.072,-385.812,4561.44,-47.5017,-52.4094,3554.72,4466.99,52.3778,3.01444,3555.59,4450.39,32.1166,2.506,-14.4706,1.1e+17,11.0,G,127.25336,2.314033092,,,,,Mutant,clash
LLLTLLLGVLLGFLLSILILI,LLLTLLLGVLLIFLLSILILI,GJL,clash,31.7534,-278.644,658883000.0,658883000.0,-60.3504,-276.124,-370.577,4646.8,-52.0867,-34.1025,3589.97,4647.33,53.8107,1.11861,3589.94,4627.41,32.347,1.04598,-41.4977,1.1e+17,11.0,G,129.14919,0.858700308,,,,,Mutant,clash
LLLAYLLFLLLGTLLSVLILI,LLLAYLLFLLLGTLLIVLILI,GJL,clash,23.7134,-275.017,664407000.0,664407000.0,-58.8285,-276.702,-353.397,4642.64,-53.6948,-17.8662,3636.99,4796.58,47.5082,9.58523,3635.33,4803.99,58.4253,9.32831,-16.3043,1.1e+17,15.0,S,120.13517,7.389146194,,,,,Mutant,clash
LLLYFLLGALLGALLTLLILI,LLLYFLLIALLGALLTLLILI,GJL,clash,41.0099,-274.193,668508000.0,668507000.0,-58.7485,-275.033,-347.292,4673.68,-61.9065,-13.5104,3671.54,4709.49,57.6952,0.0,3671.54,4697.34,40.1007,0.0,-28.0633,1.1e+17,7.0,G,129.5954,0.0,,,,,Mutant,clash
LLLAGLLFLLLGVLLATLILI,LLLAGLLFLLLIVLLATLILI,GJL,clash,25.3275,-269.572,693715000.0,693714000.0,-58.8369,-264.092,-351.15,4595.36,-52.055,-28.2209,3693.51,4674.46,48.2323,4.54709,3694.96,4675.0,35.0323,4.18392,-15.1565,1.1e+17,11.0,G,125.72071,3.490570962,,,,,Mutant,clash
LLLVALLFALLGLLLGTLILI,LLLVALLFALLILLLGTLILI,GJL,clash,27.1255,-266.397,710877000.0,710877000.0,-58.7454,-266.327,-351.015,4645.62,-53.8635,-25.9428,3566.44,4611.2,50.0943,1.02683,3566.45,4611.9,36.8101,0.954196,-11.1281,1.1e+17,11.0,G,129.24097,0.788245445,,,,,Mutant,clash
LLLAVLLGILLGLLLGFLILI,LLLAVLLIILLGLLLGFLILI,GJL,clash,25.2845,-268.414,754670000.0,754670000.0,-44.9616,-269.974,-351.464,4544.33,-53.1272,-36.5282,3616.75,4575.32,62.3309,0.0,3616.75,4553.74,41.1968,0.0,-34.682,1.1e+17,7.0,G,129.5954,0.0,,,,,Mutant,clash
LLLAYLLFLLLGTLLSVLILI,LLLAYLLFLLLITLLSVLILI,GJL,clash,23.7101,-278.228,776527000.0,776527000.0,-74.0829,-279.098,-370.742,4658.85,-51.379,-17.5609,3634.31,4801.53,43.5392,2.17901,3635.33,4803.99,30.2092,1.67057,-16.3043,1.1e+17,11.0,G,128.08879,1.672715744,,,,,Mutant,clash
LLLVTLLLGLLFALLSTLILI,LLLVTLLLGLLFILLSTLILI,GJL,clash,28.4975,-274.563,855015000.0,855015000.0,-74.2296,-273.069,-375.857,4607.1,-49.5752,-28.5584,3653.02,4615.74,50.1702,7.67604,3653.02,4615.74,50.1702,7.67604,-21.2906,1.1e+17,12.0,A,122.14596,5.912742062,,,,,Mutant,clash
LLLYFLLATLLGVLLALLILI,LLLYFLLATLLGVLLILLILI,GJL,clash,35.3056,-276.124,892513000.0,892513000.0,-58.7922,-278.541,-352.28,4749.59,-56.0232,-14.947,3715.96,4717.23,41.7718,0.134386,3715.96,4717.23,41.7718,0.134386,-22.1099,1.1e+17,15.0,A,126.5526,2.442021455,,,,,Mutant,clash
LLLYFLLATLLGVLLSLLILI,LLLYFLLITLLGVLLSLLILI,GJL,clash,35.8987,-278.13,939260000.0,939260000.0,-74.1442,-280.581,-366.613,4746.76,-56.0232,-11.888,3713.2,4747.99,57.8946,0.0,3713.2,4747.99,57.8946,0.0,-14.4535,1.1e+17,7.0,A,129.5954,0.0,,,,,Mutant,clash
LLLYVLLGALLGILLTLLILI,LLLYVLLIALLGILLTLLILI,GJL,clash,33.2109,-276.608,939513000.0,939513000.0,-58.7738,-277.314,-368.672,4674.03,-56.8784,-32.5845,3679.05,4688.58,63.0388,1.24473,3679.23,4665.29,40.8868,1.31736,-27.8696,1.1e+17,7.0,G,128.35067,0.960473906,,,,,Mutant,clash
LLLYVLLGILLGLLLAFLILI,LLLYVLLGILLILLLAFLILI,GJL,clash,27.9645,-277.622,1102430000.0,1102430000.0,-44.9417,-279.154,-350.479,4696.93,-47.5649,-26.3835,3818.98,4748.66,54.3964,0.0,3818.98,4730.51,34.2617,0.0,-18.868,1.1e+17,11.0,G,130.2678,0.0,,,,,Mutant,clash
LLLALLLGTLLGFLLSILILI,LLLALLLITLLGFLLSILILI,GJL,clash,27.4638,-271.362,1175940000.0,1175940000.0,-74.0793,-273.181,-376.744,4565.05,-58.4778,-29.4841,3596.14,4619.4,60.8543,0.0,3596.14,4601.18,40.2694,0.0,-33.1784,1.1e+17,7.0,G,129.5954,0.0,,,,,Mutant,clash
LLLAVLLGTLLGLLLSFLILI,LLLAVLLGTLLILLLSFLILI,GJL,clash,27.0786,-269.261,1196350000.0,1196350000.0,-74.0838,-272.35,-374.179,4533.42,-58.8859,-27.7446,3644.45,4586.66,52.3771,0.0,3644.45,4568.08,31.5447,0.0,-32.3507,1.1e+17,11.0,G,130.2678,0.0,,,,,Mutant,clash
LLLVFLLAILLGLLLGTLILI,LLLVFLLAILLILLLGTLILI,GJL,clash,24.6731,-267.612,1206990000.0,1206990000.0,-58.7522,-270.625,-360.843,4676.11,-52.0395,-31.4659,3628.5,4635.57,58.4671,0.0,3628.5,4616.43,37.8523,0.0,-24.7258,1.1e+17,11.0,G,130.2678,0.0,,,,,Mutant,clash
LLLTLLLGLLLGFLLSALILI,LLLTLLLILLLGFLLSALILI,GJL,clash,28.762,-274.395,1223700000.0,1223700000.0,-60.2235,-270.59,-369.605,4601.53,-47.3053,-38.7918,3641.07,4713.72,54.7176,0.0,3641.07,4705.24,38.1852,0.0,-28.6058,1.1e+17,7.0,G,129.5954,0.0,,,,,Mutant,clash
LLLTFLLGVLLGLLLGALILI,LLLIFLLGVLLGLLLGALILI,GJL,clash,51.606,-260.894,1255880000.0,1255880000.0,-44.9172,-264.208,-334.99,4620.83,-56.4754,-25.8646,3447.36,4560.32,68.0844,40.5084,3433.44,4581.57,96.0652,61.5534,-37.6168,1.1e+17,3.0,T,129.2224,23.86626352,,,,,Mutant,clash
LLLGYLLATLLGILLSLLILI,LLLGYLLATLLIILLSLLILI,GJL,clash,22.1903,-274.897,1532340000.0,1532340000.0,-74.167,-275.792,-380.475,4569.04,-51.5714,-30.5165,3622.06,4608.37,54.073,0.0,3622.06,4587.77,32.705,0.0,-11.6447,1.1e+17,11.0,G,130.2678,0.0,,,,,Mutant,clash
LLLLYLLGTLLGSLLAFLILI,LLLLYLLITLLGSLLAFLILI,GJL,clash,28.7098,-271.062,1564970000.0,1564970000.0,-74.0364,-275.999,-364.067,4591.91,-58.4804,-14.032,3681.67,4753.59,60.8528,3.72681,3682.66,4736.41,41.0305,3.21837,-20.3999,1.1e+17,7.0,G,125.86859,2.875727071,,,,,Mutant,clash
LLLAFLLGTLLGLLLSVLILI,LLLAFLLITLLGLLLSVLILI,GJL,clash,32.2719,-269.64,1647440000.0,1647440000.0,-74.0774,-272.449,-371.201,4597.54,-57.6488,-24.6747,3533.91,4578.1,59.0861,0.0,3533.91,4565.03,40.5002,0.0,-31.4308,1.1e+17,7.0,G,129.5954,0.0,,,,,Mutant,clash
LLLYALLFLLLGLLLGTLILI,LLLYALLFLLLGLLLITLILI,GJL,clash,25.7934,-278.978,1675990000.0,1675990000.0,-58.766,-279.722,-359.899,4770.85,-52.9342,-21.4113,3858.87,4857.89,43.5239,6.02859,3862.46,4851.72,24.716,4.21275,-7.75795,1.1e+17,15.0,G,123.69181,4.647372349,,,,,Mutant,clash
LLLALLLGTLLGFLLSILILI,LLLALLLGTLLIFLLSILILI,GJL,clash,26.7141,-271.387,1698690000.0,1698690000.0,-74.0793,-273.172,-377.055,4578.15,-59.2473,-29.8039,3595.95,4621.36,53.4221,1.15126,3596.14,4601.18,31.897,1.15126,-33.1784,1.1e+17,11.0,G,129.11654,0.883764061,,,,,Mutant,clash
LLLTGLLFGLLFALLVLLILI,LLLTGLLFILLFALLVLLILI,GJL,clash,29.878,-278.463,1781320000.0,1781320000.0,-45.0108,-276.126,-342.277,4679.75,-45.4193,-21.141,3659.36,4781.32,54.507,0.508435,3661.25,4767.12,35.6817,0.0,-20.5032,1.1e+17,8.0,G,130.821165,0.387144254,,,,,Mutant,clash
LLLVTLLLGLLFALLSTLILI,LLLVTLLLILLFALLSTLILI,GJL,clash,28.5705,-275.742,2014370000.0,2014370000.0,-74.2333,-275.798,-382.403,4578.55,-49.5752,-32.3716,3636.99,4623.17,52.376,4.06748,3653.02,4615.74,37.213,3.42288,-21.2906,1.1e+17,8.0,G,127.26212,3.097154031,,,,,Mutant,clash
LLLSYLLGLLLGVLLGTLILI,LLLSYLLGLLLIVLLGTLILI,GJL,clash,27.9771,-276.919,2210320000.0,2210320000.0,-58.7086,-269.051,-355.074,4621.33,-52.0192,-27.314,3499.07,4612.81,61.3975,0.0617526,3499.07,4593.65,40.6346,0.0617526,-28.5286,1.1e+17,11.0,G,130.2060474,0.047404347,,,,,Mutant,clash
LLLAGLLFLLLGTLLSYLILI,LLLAGLLFLLLITLLSYLILI,GJL,clash,21.8058,-274.535,2654150000.0,2654150000.0,-74.1054,-277.179,-365.869,4647.07,-51.8728,-14.5843,3643.14,4667.17,43.5049,2.68744,3644.08,4669.4,30.1405,1.67057,-18.3705,1.1e+17,11.0,G,127.58036,2.063011734,,,,,Mutant,clash
LLLTLLLGVLLGLLLSFLILI,LLLTLLLIVLLGLLLSFLILI,GJL,clash,31.1994,-278.412,2728660000.0,2728660000.0,-60.2651,-276.338,-377.858,4598.25,-49.6923,-41.2552,3659.18,4639.58,58.1225,0.0,3659.18,4629.04,40.936,0.0,-26.2455,1.1e+17,7.0,G,129.5954,0.0,,,,,Mutant,clash
LLLYVLLGTLLGFLLSLLILI,LLLYVLLGTLLIFLLSLLILI,GJL,clash,32.3357,-276.395,2808650000.0,2808650000.0,-74.0677,-280.313,-368.273,4707.6,-51.564,-13.8927,3611.89,4673.98,51.0655,0.0,3611.89,4657.08,30.5959,0.0,-13.5466,1.1e+17,11.0,G,130.2678,0.0,,,,,Mutant,clash
LLLGYLLALLLGVLLSTLILI,LLLGYLLILLLGVLLSTLILI,GJL,clash,21.6961,-271.406,2896710000.0,2896710000.0,-74.2086,-271.694,-370.336,4618.87,-55.1626,-24.4333,3594.96,4571.63,55.6975,3.08564,3594.96,4571.63,55.6975,3.08564,-20.4196,1.1e+17,7.0,A,126.50976,2.380979572,,,,,Mutant,clash
LLLYALLTALLGLLLGFLILI,LLLYALLTALLILLLGFLILI,GJL,clash,28.4143,-276.632,3310980000.0,3310980000.0,-58.802,-276.058,-349.634,4691.63,-51.1616,-14.7733,3868.49,4757.03,57.3499,10.8094,3871.33,4743.02,38.4156,8.61979,-11.4161,1.1e+17,11.0,G,119.4584,8.297829548,,,,,Mutant,clash
LLLYFLLATLLGLLLGVLILI,LLLYFLLATLLILLLGVLILI,GJL,clash,28.8198,-279.582,3320710000.0,3320710000.0,-58.7388,-278.51,-350.791,4789.05,-50.9885,-13.5414,3650.12,4776.37,58.1022,0.0,3650.12,4758.79,38.097,0.0,-23.4915,1.1e+17,11.0,G,130.2678,0.0,,,,,Mutant,clash
LLLYALLTALLGLLLGFLILI,LLLYALLTALLGLLLIFLILI,GJL,clash,28.4093,-276.632,3352050000.0,3352050000.0,-58.802,-275.987,-351.394,4650.28,-54.6419,-16.6052,3857.14,4747.95,42.9016,7.90018,3871.33,4743.02,24.4274,10.0126,-11.4161,1.1e+17,15.0,G,121.82022,6.090160067,,,,,Mutant,clash
LLLLVLLTGLLFGLLYALILI,LLLLVLLTILLFGLLYALILI,GJL,clash,25.151,-273.234,3743040000.0,3743040000.0,-58.7605,-276.87,-353.701,4662.05,-49.4713,-18.0701,3623.04,4626.26,56.135,6.11706,3633.52,4618.05,40.8502,2.76062,-12.6715,1.1e+17,8.0,G,125.21254,4.657792303,,,,,Mutant,clash
LLLAFLLGTLLGVLLGLLILI,LLLIFLLGTLLGVLLGLLILI,GJL,clash,48.2236,-264.409,3881600000.0,3881600000.0,-58.7211,-267.336,-347.614,4586.44,-61.8283,-21.5571,3495.32,4567.44,66.4752,26.6843,3495.32,4567.44,66.4752,26.6843,-38.3782,1.1e+17,3.0,A,143.0465,15.72154258,,,,,Mutant,clash
LLLFGLLATLLGVLLSLLILI,LLLFGLLATLLIVLLSLLILI,GJL,clash,18.234,-266.224,4417010000.0,4417010000.0,-74.1264,-271.661,-371.645,4658.97,-52.1146,-25.8573,3599.46,4570.94,53.7159,1.45649,3599.46,4550.51,31.8091,1.45649,-19.7133,1.1e+17,11.0,G,128.81131,1.118073691,,,,,Mutant,clash
LLLAALLFSLLGLLLGTLILI,LLLAALLFSLLGLLLITLILI,GJL,clash,26.1976,-269.309,5734270000.0,5734270000.0,-74.0983,-269.921,-369.592,4538.46,-58.556,-25.5721,3678.02,4656.34,43.7621,10.5507,3681.63,4650.35,24.8317,8.19374,-10.6977,1.1e+17,15.0,G,119.1697,8.133416178,,,,,Mutant,clash
LLLALLLGFLLGVLLSTLILI,LLLALLLGFLLIVLLSTLILI,GJL,clash,29.2263,-272.14,5965110000.0,5965110000.0,-74.1741,-271.748,-372.909,4548.19,-50.8275,-26.9869,3598.97,4635.96,51.8386,1.91433,3598.97,4625.99,34.414,1.91433,-10.7949,1.1e+17,11.0,G,128.35347,1.469534298,,,,,Mutant,clash
LLLTLLLGILLGFLLSVLILI,LLLTLLLGILLIFLLSVLILI,GJL,clash,24.5248,-275.279,6330070000.0,6330070000.0,-60.2282,-276.193,-370.77,4693.89,-50.9081,-34.3485,3506.5,4628.56,53.5132,0.0,3506.5,4608.7,32.0657,0.0,-46.7576,1.1e+17,11.0,G,130.2678,0.0,,,,,Mutant,clash
LLLAYLLGTLLGFLLSLLILI,LLLAYLLITLLGFLLSLLILI,GJL,clash,28.4456,-275.185,7764710000.0,7764710000.0,-74.0702,-276.357,-364.092,4636.34,-56.19,-13.6649,3636.74,4702.54,60.5316,0.529552,3636.67,4688.63,41.7261,0.612744,-28.4036,1.1e+17,7.0,G,129.065848,0.408619442,,,,,Mutant,clash
LLLYVLLGALLGILLTLLILI,LLLYVLLGALLIILLTLLILI,GJL,clash,32.1735,-276.65,8105690000.0,8105690000.0,-58.7738,-277.331,-368.982,4671.47,-55.9166,-32.8769,3679.23,4687.8,53.9189,0.199098,3679.23,4665.29,31.125,0.199098,-27.8696,1.1e+17,11.0,G,130.068702,0.152837463,,,,,Mutant,clash
LLLYALLFLLLGLLLGTLILI,LLLYALLFLLLILLLGTLILI,GJL,clash,25.7946,-278.978,8204980000.0,8204980000.0,-58.766,-274.685,-353.738,4788.36,-50.8673,-20.2874,3861.46,4846.68,48.251,2.64984,3862.46,4851.72,36.6027,2.28667,-7.75795,1.1e+17,11.0,G,127.61796,2.034148116,,,,,Mutant,clash
LLLFGLLALLLGVLLSTLILI,LLLFGLLALLLIVLLSTLILI,GJL,clash,32.674,-268.188,8247990000.0,8247990000.0,-74.1563,-271.557,-370.443,4664.74,-51.4308,-24.7298,3636.71,4650.94,53.0629,9.85344,3639.22,4632.3,32.0749,8.6913,-11.6285,1.1e+17,11.0,G,120.41436,7.563987417,,,,,Mutant,clash
LLLTFLLGVLLGLLLAILILI,LLLTFLLGVLLILLLAILILI,GJL,clash,34.9915,-276.368,8259280000.0,8259280000.0,-44.9375,-274.897,-356.84,4690.4,-49.0587,-37.0055,3546.14,4641.07,54.5753,0.0,3546.14,4622.22,34.0563,0.0,-25.296,1.1e+17,11.0,G,130.2678,0.0,,,,,Mutant,clash
LLLYFLLALLLGVLLGTLILI,LLLYFLLILLLGVLLGTLILI,GJL,clash,42.19,-278.392,9681310000.0,9681310000.0,-58.7258,-277.475,-347.013,4722.77,-55.3418,-10.8114,3577.33,4717.21,54.5316,0.0,3577.33,4717.21,54.5316,0.0,-23.3014,1.1e+17,7.0,A,129.5954,0.0,,,,,Mutant,clash
LLLTLLLGLLLGFLLSILILI,LLLTLLLGLLLIFLLSILILI,GJL,clash,33.1463,-280.477,10991500000.0,10991500000.0,-60.3038,-277.631,-380.545,4652.4,-51.655,-42.6105,3550.37,4608.44,47.6976,0.0,3550.37,4596.81,29.0781,0.0,-31.722,1.1e+17,11.0,G,130.2678,0.0,,,,,Mutant,clash
LLLYFLLALLLGVLLGTLILI,LLLYFLLALLLIVLLGTLILI,GJL,clash,41.7271,-279.585,11029400000.0,11029400000.0,-58.7258,-278.707,-351.059,4724.19,-52.6227,-13.6258,3577.17,4736.84,61.475,0.0,3577.33,4717.21,40.59,0.0,-23.3014,1.1e+17,11.0,G,130.2678,0.0,,,,,Mutant,clash
LLLTFLLGALLGILLSLLILI,LLLTFLLGALLIILLSLLILI,GJL,clash,32.9779,-273.773,11257200000.0,11257200000.0,-60.3396,-273.489,-367.718,4615.37,-51.769,-33.8903,3564.63,4511.04,54.3564,0.0,3564.63,4488.59,31.6632,0.0,-31.2093,1.1e+17,11.0,G,130.2678,0.0,,,,,Mutant,clash
LLLVGLLFALLGILLSLLILI,LLLVGLLFALLIILLSLLILI,GJL,clash,22.3555,-271.05,13402500000.0,13402500000.0,-60.4504,-273.196,-367.62,4640.62,-47.5463,-33.9737,3574.85,4688.78,43.874,1.83207,3574.96,4688.68,30.0695,1.9047,-22.629,1.1e+17,11.0,G,128.43573,1.406387457,,,,,Mutant,clash
LLLGLLLGALLGTLLSFLILI,LLLGLLLGALLGTLLIFLILI,GJL,clash,27.3315,-266.401,13758100000.0,13758100000.0,-58.7327,-265.164,-348.806,4486.81,-59.8442,-24.9095,3619.67,4433.29,44.4375,9.83152,3619.28,4440.06,55.7888,10.1008,-19.0839,1.1e+17,15.0,S,119.88888,7.57900839,,,,,Mutant,clash
LLLAVLLTSLLGGLLFLLILI,LLLAVLLTSLLGILLFLLILI,GJL,clash,27.4588,-270.894,14218900000.0,14218900000.0,-74.1107,-272.262,-372.726,4574.87,-58.1283,-26.3536,3691.89,4551.35,48.5746,24.5482,3709.7,4548.74,31.9226,9.22411,-16.1344,1.1e+17,12.0,G,105.2738,18.90912172,,,,,Mutant,clash
LLLAFLLGLLLGTLLSVLILI,LLLAFLLILLLGTLLSVLILI,GJL,clash,39.5887,-271.489,14408000000.0,14408000000.0,-74.0328,-272.449,-370.526,4598.77,-52.0737,-24.0442,3616.01,4588.26,58.3429,0.0,3616.01,4575.52,40.6903,0.0,-17.9955,1.1e+17,7.0,G,129.5954,0.0,,,,,Mutant,clash
LLLSTLLGALLGLLLGFLILI,LLLSTLLGALLILLLGFLILI,GJL,clash,33.1595,-274.244,15193400000.0,15193400000.0,-44.8671,-269.283,-346.926,4568.4,-50.0269,-32.7759,3529.07,4480.24,62.9961,2.98167,3529.41,4457.08,40.702,2.4006,-18.9335,1.1e+17,11.0,G,127.28613,2.288877221,,,,,Mutant,clash
LLLTLLLGLLLGFLLSILILI,LLLTLLLILLLGFLLSILILI,GJL,clash,34.0013,-280.447,16043700000.0,16043700000.0,-60.3038,-277.576,-380.699,4628.34,-48.522,-42.8187,3550.37,4605.51,54.4888,0.0,3550.37,4596.81,38.0234,0.0,-31.722,1.1e+17,7.0,G,129.5954,0.0,,,,,Mutant,clash
LLLLVLLTTLLGGLLFALILI,LLLLVLLTTLLGILLFALILI,GJL,clash,21.3995,-268.361,16861700000.0,16861700000.0,-72.5234,-273.067,-367.333,4604.31,-56.6622,-21.7431,3721.33,4572.03,55.6578,21.6765,3739.76,4562.94,38.9137,7.74176,-20.7002,1.1e+17,12.0,G,114.3526,11.67146084,,,,,Mutant,clash
LLLTLLLGILLGFLLAVLILI,LLLTLLLGILLIFLLAVLILI,GJL,clash,25.0306,-274.174,17533000000.0,17533000000.0,-44.948,-274.164,-355.873,4698.39,-50.2413,-36.7607,3636.98,4679.34,58.5411,0.279653,3636.98,4656.17,36.3004,0.279653,-39.0511,1.1e+17,11.0,G,129.988147,0.214675461,,,,,Mutant,clash
LLLAYLLGTLLGLLLSFLILI,LLLAYLLITLLGLLLSFLILI,GJL,clash,24.1547,-273.489,19394300000.0,19394300000.0,-74.0277,-276.421,-365.203,4596.41,-56.7199,-14.7544,3713.5,4629.2,65.7967,4.74826,3713.55,4604.25,42.7369,4.65778,-26.3969,1.1e+17,7.0,G,124.84714,3.66391091,,,,,Mutant,clash
LLLTLLLGLLLGFLLSALILI,LLLTLLLGLLLIFLLSALILI,GJL,clash,28.1386,-274.415,22315900000.0,22315900000.0,-60.2235,-271.671,-370.528,4627.43,-49.3465,-38.6332,3640.47,4720.37,53.67,1.75055,3641.07,4705.24,34.7489,1.75055,-28.6058,1.1e+17,11.0,G,128.51725,1.343808677,,,,,Mutant,clash
LLLALLLGLLLGTLLSFLILI,LLLALLLGLLLITLLSFLILI,GJL,clash,28.3427,-273.19,23867900000.0,23867900000.0,-74.0307,-273.405,-379.997,4608.79,-56.1481,-32.5609,3582.8,4606.85,52.8509,1.36916,3583.4,4588.81,31.9194,0.715455,-23.5239,1.1e+17,11.0,G,128.89864,1.051034868,,,,,Mutant,clash
LLLAYLLGTLLGLLLSFLILI,LLLAYLLGTLLILLLSFLILI,GJL,clash,23.5254,-273.514,23875100000.0,23875100000.0,-74.0277,-275.895,-364.433,4608.92,-56.4333,-14.51,3713.55,4621.96,52.1513,0.0,3713.55,4604.25,31.9829,0.0,-26.3969,1.1e+17,11.0,G,130.2678,0.0,,,,,Mutant,clash
LLLAFLLGTLLGLLLGVLILI,LLLAFLLGTLLILLLGVLILI,GJL,clash,33.4343,-269.79,26608900000.0,26608900000.0,-58.6772,-269.26,-351.416,4635.16,-60.0572,-23.479,3373.54,4614.45,56.6413,0.0,3373.54,4597.15,36.4063,0.0,-45.8898,1.1e+17,11.0,G,130.2678,0.0,,,,,Mutant,clash
LLLTFLLGVLLGILLALLILI,LLLTFLLGVLLIILLALLILI,GJL,clash,26.6506,-273.183,26743600000.0,26743600000.0,-44.9728,-275.002,-357.347,4680.92,-49.0905,-37.3726,3598.8,4663.3,57.8646,0.0,3598.8,4641.86,36.7124,0.0,-30.3332,1.1e+17,11.0,G,130.2678,0.0,,,,,Mutant,clash
LLLTLLLGALLGFLLSILILI,LLLTLLLIALLGFLLSILILI,GJL,clash,29.2536,-274.607,28503700000.0,28503700000.0,-60.2245,-273.539,-369.971,4581.31,-51.9809,-36.2075,3612.23,4591.34,59.1549,0.356901,3612.4,4578.5,40.9023,0.284267,-38.4828,1.1e+17,7.0,G,129.238499,0.275396349,,,,,Mutant,clash
LLLTLLLGVLLGFLLSILILI,LLLTLLLIVLLGFLLSILILI,GJL,clash,32.765,-278.604,29621100000.0,29621100000.0,-60.2724,-276.142,-371.076,4617.51,-52.4061,-34.6614,3589.94,4641.06,59.311,0.0,3589.94,4627.41,41.1374,0.0,-41.4977,1.1e+17,7.0,G,129.5954,0.0,,,,,Mutant,clash
LLLLVLLIGLLFGLLFALILI,LLLLVLLIILLFGLLFALILI,GJL,clash,24.0537,-271.413,45194300000.0,45194300000.0,-44.9897,-275.816,-343.569,4688.23,-44.9897,-22.7637,3736.96,4695.6,55.9511,10.1532,3755.6,4687.67,40.6032,4.57808,-19.9506,1.1e+17,8.0,G,121.1764,7.731082711,,,,,Mutant,clash
LLLAVLLFSLLGLLLGTLILI,LLLAVLLFSLLILLLGTLILI,GJL,clash,24.497,-269.442,52325100000.0,52325100000.0,-74.0995,-268.665,-368.099,4605.34,-50.6811,-25.3345,3645.96,4650.67,50.155,4.87641,3647.09,4651.53,36.7364,4.29534,-11.5258,1.1e+17,11.0,G,125.39139,3.743373266,,,,,Mutant,clash
LLLYVLLTLLLGGLLFALILI,LLLYVLLTLLLGILLFALILI,GJL,clash,29.7826,-278.057,54860300000.0,54860300000.0,-58.7757,-278.331,-352.133,4749.1,-49.4948,-15.0264,3859.06,4715.53,57.52,24.6861,3877.95,4701.31,38.5198,9.57471,-9.69791,1.1e+17,12.0,G,105.1359,19.01534409,,,,,Mutant,clash
LLLYFLLGILLGVLLSLLILI,LLLYFLLGILLIVLLSLLILI,GJL,clash,33.7178,-275.94,63203300000.0,63203300000.0,-60.344,-278.728,-360.601,4721.79,-49.3708,-21.5283,3642.72,4649.99,53.4129,2.73506,3642.91,4629.75,31.6916,2.80769,-32.2999,1.1e+17,11.0,G,127.53274,2.099567199,,,,,Mutant,clash
LLLGYLLALLLGTLLSFLILI,LLLGYLLALLLITLLSFLILI,GJL,clash,20.206,-275.408,65590800000.0,65590800000.0,-74.0304,-276.818,-365.562,4613.65,-52.4276,-14.7139,3674.33,4729.76,52.3392,0.79897,3674.84,4713.4,32.0211,0.508435,-24.9317,1.1e+17,11.0,G,129.46883,0.61332885,,,,,Mutant,clash
LLLTLLLGILLGVLLSALILI,LLLTLLLIILLGVLLSALILI,GJL,clash,31.4417,-272.912,92186500000.0,92186500000.0,-60.3306,-267.542,-377.674,4544.9,-49.2531,-49.8008,3573.61,4528.18,58.8072,0.0,3573.61,4514.25,40.6999,0.0,-30.5819,1.1e+17,7.0,G,129.5954,0.0,,,,,Mutant,clash
LLLALLLGLLLGTLLSFLILI,LLLALLLILLLGTLLSFLILI,GJL,clash,29.1549,-273.16,94672400000.0,94672400000.0,-74.0307,-273.382,-380.075,4602.01,-56.3537,-32.6626,3582.46,4602.24,56.6046,3.27847,3583.4,4588.81,37.9124,3.20584,-23.5239,1.1e+17,7.0,G,126.31693,2.529773433,,,,,Mutant,clash
LLLAVLLGTLLGFLLSLLILI,LLLAVLLGTLLIFLLSLLILI,GJL,clash,25.2929,-269.033,101961000000.0,101961000000.0,-74.0235,-272.293,-373.593,4561.23,-56.2199,-27.2767,3586.55,4553.0,53.531,1.67792,3586.67,4532.15,31.647,1.53265,-30.3538,1.1e+17,11.0,G,128.58988,1.2880543,,,,,Mutant,clash
LLLAVLLGLLLGFLLSTLILI,LLLAVLLILLLGFLLSTLILI,GJL,clash,25.3446,-268.467,127809000000.0,127809000000.0,-74.0809,-273.26,-374.209,4554.82,-53.4095,-26.8679,3697.74,4623.73,58.6998,0.0,3697.74,4605.86,38.2304,0.0,-23.0845,1.1e+17,7.0,G,129.5954,0.0,,,,,Mutant,clash
LLLYVLLATLLGGLLFLLILI,LLLYVLLATLLGILLFLLILI,GJL,clash,28.8351,-277.614,142363000000.0,142363000000.0,-58.655,-278.199,-353.028,4704.5,-53.3151,-16.174,3858.52,4726.74,46.0972,24.2292,3876.84,4729.73,31.811,9.45256,-15.2477,1.1e+17,12.0,G,105.5928,18.66340066,,,,,Mutant,clash
LLLAYLLGTLLGLLLGFLILI,LLLAYLLGTLLILLLGFLILI,GJL,clash,28.7333,-273.48,234300000000.0,234300000000.0,-58.7043,-273.208,-344.826,4613.03,-58.4918,-12.9137,3563.75,4695.74,58.1039,0.0,3563.75,4677.66,37.819,0.0,-37.2159,1.1e+17,11.0,G,130.2678,0.0,,,,,Mutant,clash
LLLYFLLATLLGVLLSLLILI,LLLYFLLATLLIVLLSLLILI,GJL,clash,35.3042,-279.334,260558000000.0,260558000000.0,-74.1442,-281.817,-370.627,4776.93,-52.2319,-14.6654,3713.2,4767.72,53.1679,0.341406,3713.2,4747.99,31.6523,0.341406,-14.4535,1.1e+17,11.0,G,129.926394,0.262080115,,,,,Mutant,clash
LLLTFLLAVLLGLLLGILILI,LLLTFLLAVLLILLLGILILI,GJL,clash,27.4422,-276.906,334946000000.0,334946000000.0,-44.9676,-274.853,-356.622,4703.4,-45.6759,-36.8022,3471.32,4628.58,58.7771,0.0,3471.32,4611.02,38.4764,0.0,-14.2027,1.1e+17,11.0,G,130.2678,0.0,,,,,Mutant,clash
LLLYFLLGILLGVLLSLLILI,LLLYFLLIILLGVLLSLLILI,GJL,clash,34.1659,-275.932,397102000000.0,397102000000.0,-60.344,-278.691,-361.012,4709.72,-47.3907,-21.9767,3642.91,4649.07,61.4536,0.0,3642.91,4629.75,40.7455,0.0,-32.2999,1.1e+17,7.0,G,129.5954,0.0,,,,,Mutant,clash
LLLAYLLGLLLGTLLSFLILI,LLLAYLLGLLLITLLSFLILI,GJL,clash,24.3173,-274.16,414249000000.0,414249000000.0,-74.0929,-276.456,-364.723,4627.72,-56.9156,-14.1745,3655.64,4721.3,52.2596,0.497554,3656.15,4704.67,32.0419,0.424921,-32.7922,1.1e+17,11.0,G,129.770246,0.381947035,,,,,Mutant,clash
LLLYGLLFALLGTLLSLLILI,LLLYGLLFALLITLLSLLILI,GJL,clash,25.4102,-276.52,769936000000.0,769936000000.0,-74.0094,-277.979,-364.808,4706.25,-52.1172,-12.8198,3791.01,4766.76,45.1428,3.72219,3792.4,4765.22,30.3928,2.63269,-15.871,1.1e+17,11.0,G,126.54561,2.857336963,,,,,Mutant,clash
LLLTLLLGALLGFLLSILILI,LLLTLLLGALLIFLLSILILI,GJL,clash,28.5065,-274.633,909934000000.0,909934000000.0,-60.2245,-273.576,-369.627,4625.25,-52.0531,-35.8272,3611.23,4602.87,60.2458,4.24186,3612.4,4578.5,37.5884,3.58816,-38.4828,1.1e+17,11.0,G,126.02594,3.256261332,,,,,Mutant,clash
LLLAVLLGTLLGFLLSLLILI,LLLAVLLITLLGFLLSLLILI,GJL,clash,26.0621,-269.006,992758000000.0,992758000000.0,-74.0235,-272.287,-373.117,4560.31,-55.9637,-26.8068,3586.67,4553.8,62.1645,0.0,3586.67,4532.15,40.9126,0.0,-30.3538,1.1e+17,7.0,G,129.5954,0.0,,,,,Mutant,clash
LLLTVLLGLLLGFLLSALILI,LLLTVLLGLLLIFLLSALILI,GJL,clash,34.3918,-275.407,1328100000000.0,1328100000000.0,-60.2116,-271.216,-364.972,4582.63,-49.1402,-33.5443,3695.78,4673.96,50.9991,3.59197,3696.54,4659.24,31.2558,3.59197,-19.9475,1.1e+17,11.0,G,126.67583,2.757373656,,,,,Mutant,clash
LLLFGLLAALLGILLTLLILI,LLLFGLLAALLIILLTLLILI,GJL,clash,30.1203,-268.438,2528130000000.0,2528130000000.0,-58.7741,-271.219,-361.434,4643.18,-51.9967,-31.4406,3580.44,4593.44,54.2415,3.31977,3580.84,4571.38,31.4991,3.1745,-18.2075,1.1e+17,11.0,G,126.94803,2.548419487,,,,,Mutant,clash
LLLYVLLATLLGLLLGFLILI,LLLYVLLATLLILLLGFLILI,GJL,clash,26.1699,-276.234,3484520000000.0,3484520000000.0,-58.7168,-278.376,-353.216,4703.52,-53.3211,-16.1232,3934.62,4783.76,56.6922,0.0,3934.62,4765.56,36.2831,0.0,-20.1621,1.1e+17,11.0,G,130.2678,0.0,,,,,Mutant,clash
LLLTFLLGALLGILLSLLILI,LLLTFLLIALLGILLSLLILI,GJL,clash,33.8757,-273.739,5908130000000.0,5908130000000.0,-60.3396,-273.486,-368.84,4569.92,-52.2064,-35.0145,3564.11,4503.63,59.1614,1.88847,3564.63,4488.59,40.1661,1.30741,-31.2093,1.1e+17,7.0,G,127.70693,1.4572045,,,,,Mutant,clash
LLLAFLLGTLLGVLLGLLILI,LLLAFLLGTLLIVLLGLLILI,GJL,clash,32.2545,-267.965,6262440000000.0,6262440000000.0,-58.7211,-269.342,-352.064,4619.94,-59.0101,-24.0001,3495.32,4590.99,62.5999,0.0617526,3495.32,4567.44,40.2034,0.0617526,-38.3782,1.1e+17,11.0,G,130.2060474,0.047404347,,,,,Mutant,clash
LLLAFLLGVLLGTLLGLLILI,LLLAFLLGVLLITLLGLLILI,GJL,clash,32.2444,-267.976,7594340000000.0,7594340000000.0,-58.7088,-266.812,-349.815,4561.04,-59.0099,-24.2949,3444.45,4584.8,62.3883,0.0617526,3444.45,4561.96,40.137,0.0617526,-35.5018,1.1e+17,11.0,G,130.2060474,0.047404347,,,,,Mutant,clash
LLLYFLLGTLLGVLLALLILI,LLLYFLLGTLLIVLLALLILI,GJL,clash,30.5548,-274.324,8090480000000.0,8090480000000.0,-58.7627,-278.607,-351.086,4775.91,-53.8142,-13.7161,3621.05,4668.2,57.5599,0.0,3621.05,4646.3,36.0399,0.0,-31.0407,1.1e+17,11.0,G,130.2678,0.0,,,,,Mutant,clash
LLLFALLASLLGILLTLLILI,LLLFALLASLLIILLTLLILI,GJL,clash,27.7003,-270.784,13469500000000.0,13469500000000.0,-74.19,-274.233,-380.567,4644.62,-51.4366,-32.1441,3551.35,4514.05,53.6525,5.84314,3552.16,4492.11,31.646,5.04417,-11.4263,1.1e+17,11.0,G,124.42466,4.485482982,,,,,Mutant,clash
LLLLYLLGTLLGSLLAFLILI,LLLLYLLGTLLISLLAFLILI,GJL,clash,27.8836,-271.097,22752100000000.0,22752100000000.0,-74.0364,-275.968,-362.506,4664.96,-53.8195,-12.501,3682.66,4759.2,58.4982,0.0,3682.66,4736.41,36.547,0.0,-20.3999,1.1e+17,11.0,G,130.2678,0.0,,,,,Mutant,clash
LLLTLLLGVLLGFLLGILILI,LLLTLLLGVLLIFLLGILILI,GJL,clash,30.2358,-275.695,24081300000000.0,24081300000000.0,-44.9313,-272.971,-351.203,4651.75,-50.0352,-33.3006,3532.18,4616.1,62.2477,0.0726336,3532.18,4593.62,40.4549,0.0726336,-31.8391,1.1e+17,11.0,G,130.1951664,0.05575714,,,,,Mutant,clash
LLLYFLLATLLGVLLALLILI,LLLYFLLATLLIVLLALLILI,GJL,clash,35.0078,-277.302,54237400000000.0,54237400000000.0,-58.756,-279.763,-355.371,4782.61,-52.4244,-16.8515,3715.96,4739.97,58.6653,0.0726336,3715.96,4717.23,36.653,0.0726336,-22.1099,1.1e+17,11.0,G,130.1951664,0.05575714,,,,,Mutant,clash
LLLVFLLGTLLGLLLAILILI,LLLVFLLITLLGLLLAILILI,GJL,clash,35.8282,-269.004,101640000000000.0,101640000000000.0,-58.7628,-273.967,-364.402,4642.11,-57.0238,-31.6721,3565.23,4682.73,55.2958,0.0,3565.23,4676.64,40.3952,0.0,-29.6208,1.1e+17,7.0,G,129.5954,0.0,,,,,Mutant,clash
LLLAFLLGTLLGVLLSLLILI,LLLAFLLGTLLIVLLSLLILI,GJL,clash,26.549,-269.1,171751000000000.0,171751000000000.0,-74.0991,-272.564,-371.594,4622.52,-56.3106,-24.9309,3543.62,4612.79,52.978,0.548426,3543.73,4592.44,31.44,0.621059,-30.9358,1.1e+17,11.0,G,129.719374,0.420998896,,,,,Mutant,clash
LLLTVLLGLLLGFLLSILILI,LLLTVLLGLLLIFLLSILILI,GJL,clash,24.774,-274.558,288394000000000.0,288394000000000.0,-60.2652,-276.63,-374.828,4605.52,-47.3664,-37.9337,3663.62,4579.71,49.4392,1.50001,3663.75,4567.16,30.4506,1.35474,-21.0659,1.1e+17,11.0,G,128.76779,1.151481794,,,,,Mutant,clash
LLLTFLLGLLLGYLLSVLILI,LLLTFLLGLLLIYLLSVLILI,GJL,clash,35.3004,-280.87,303975000000000.0,303975000000000.0,-60.1731,-279.821,-361.054,4680.08,-48.5059,-21.0599,3598.82,4779.43,51.8123,0.0,3598.82,4763.64,31.7471,0.0,-26.1,1.1e+17,11.0,G,130.2678,0.0,,,,,Mutant,clash
LLLTFLLGLLLGYLLSVLILI,LLLTFLLILLLGYLLSVLILI,GJL,clash,36.1433,-280.837,303975000000000.0,303975000000000.0,-60.1731,-279.766,-361.451,4642.1,-47.2691,-21.5116,3598.82,4770.43,52.362,0.0,3598.82,4763.64,37.4562,0.0,-26.1,1.1e+17,7.0,G,129.5954,0.0,,,,,Mutant,clash
LLLAALLFSLLGLLLGTLILI,LLLAALLFSLLILLLGTLILI,GJL,clash,26.2029,-269.309,398548000000000.0,398548000000000.0,-74.0983,-265.846,-364.003,4584.82,-50.9827,-24.0579,3680.84,4648.65,50.1557,3.79317,3681.63,4650.35,36.7318,3.35737,-10.6977,1.1e+17,11.0,G,126.47463,2.911824718,,,,,Mutant,clash
LLLYLLLGALLGALLTFLILI,LLLYLLLIALLGALLTFLILI,GJL,clash,32.4317,-275.717,417836000000000.0,417836000000000.0,-58.7574,-275.318,-349.881,4678.96,-58.967,-15.806,3805.79,4765.36,61.5332,12.98,3808.41,4744.81,40.5121,10.2926,-23.6808,1.1e+17,7.0,G,116.6154,10.0157876,,,,,Mutant,clash
LLLYALLASLLGILLTLLILI,LLLYALLASLLIILLTLLILI,GJL,clash,26.4043,-277.309,1469480000000000.0,1469480000000000.0,-74.2071,-278.225,-384.89,4646.94,-52.2499,-32.4574,3699.2,4621.95,54.1015,3.24713,3700.01,4600.96,31.7451,3.24713,-19.5962,1.1e+17,11.0,G,127.02067,2.492657433,,,,,Mutant,clash
LLLTLLLGVLLGLLLAFLILI,LLLTLLLGVLLILLLAFLILI,GJL,clash,37.5536,-280.956,1606030000000000.0,1606030000000000.0,-44.9757,-274.339,-361.953,4637.1,-47.2458,-42.6384,3701.7,4648.37,54.7856,0.0,3701.7,4629.51,34.1494,0.0,-9.96961,1.1e+17,11.0,G,130.2678,0.0,,,,,Mutant,clash
LLLALLLGVLLGTLLSFLILI,LLLALLLIVLLGTLLSFLILI,GJL,clash,25.961,-268.694,2722370000000000.0,2722370000000000.0,-74.0352,-271.876,-373.701,4551.46,-56.1403,-27.7897,3700.04,4588.97,61.8235,0.0,3700.04,4569.09,40.7118,0.0,-26.0043,1.1e+17,7.0,G,129.5954,0.0,,,,,Mutant,clash
LLLYFLLATLLGVLLGLLILI,LLLYFLLITLLGVLLGLLILI,GJL,clash,43.3771,-275.398,4818180000000000.0,4818180000000000.0,-58.7598,-277.324,-347.356,4735.96,-54.0146,-11.2731,3652.3,4711.47,57.5291,0.0,3652.3,4711.47,57.5291,0.0,-12.6205,1.1e+17,7.0,A,129.5954,0.0,,,,,Mutant,clash
LLLYFLLATLLGVLLGLLILI,LLLYFLLATLLIVLLGLLILI,GJL,clash,42.9192,-276.591,4818180000000000.0,4818180000000000.0,-58.7598,-278.597,-351.2,4767.44,-51.8756,-13.8435,3652.3,4733.76,62.5333,1.20948,3652.3,4711.47,40.9459,1.20948,-12.6205,1.1e+17,11.0,G,129.05832,0.92845661,,,,,Mutant,clash
LLLAYLLGTLLGILLALLILI,LLLAYLLGTLLIILLALLILI,GJL,clash,25.6155,-272.31,9.39e+16,9.39e+16,-58.7536,-273.361,-364.757,4593.68,-55.7627,-32.6425,3525.21,4607.5,56.4833,0.0,3525.21,4584.69,34.7278,0.0,-26.1659,1.1e+17,11.0,G,130.2678,0.0,,,,,Mutant,clash
LLLAYLLGTLLGLLLGFLILI,LLLAYLLITLLGLLLGFLILI,GJL,clash,29.821,-273.453,7.32e+17,7.32e+17,-58.7043,-273.201,-345.344,4599.35,-58.5935,-13.4384,3563.35,4693.02,64.2586,4.08459,3563.75,4677.66,45.1362,3.95516,-37.2159,1.1e+17,7.0,G,125.51081,3.151801684,,,,,Mutant,clash
LLLVFLLGTLLGLLLAILILI,LLLVFLLGTLLILLLAILILI,GJL,clash,35.1054,-269.021,2.2e+18,2.2e+18,-58.7628,-274.011,-363.458,4686.3,-56.5291,-30.6837,3565.23,4694.54,54.7203,0.0,3565.23,4676.64,34.3617,0.0,-29.6208,1.1e+17,11.0,G,130.2678,0.0,,,,,Mutant,clash
LLLASLLTLLLGVLLGFLILI,LLLASLLILLLGVLLGFLILI,GJL,clash,14.9641,-259.186,307.738,9.92275,-44.9951,-268.866,-349.287,4100.07,-53.5931,-35.4257,3205.24,3988.15,59.7382,28.0863,3200.16,4024.9,89.9177,54.377,-12.5433,1.1e+17,7.0,T,101.5091,21.67229701,,,,,Mutant,clash
LLLYALLVLLLGTLLAFLILI,LLLYALLILLLGTLLAFLILI,GJL,clash,13.1251,-260.917,604.267,301.513,-58.7698,-274.529,-353.579,4248.96,-54.963,-20.2804,3561.45,4204.79,59.5701,26.8757,3555.56,4236.88,88.3219,33.2049,-12.827,1.1e+17,7.0,V,119.83834,7.617969109,,,,,Mutant,clash
LLLYVLLTLLLGALLGFLILI,LLLYVLLILLLGALLGFLILI,GJL,clash,11.7865,-259.118,909.235,605.073,-45.0052,-274.289,-343.064,4242.48,-56.8297,-23.7691,3444.01,4169.53,58.5489,21.3233,3437.72,4204.09,87.7307,38.9647,-32.8267,1.1e+17,7.0,T,108.2721,16.45374759,,,,,Mutant,clash
LLLASLLVGLLFLLLGLLILI,LLLASLLVGLLFILLGLLILI,GJL,clash,12.9954,-258.11,1071.53,775.93,-44.9758,-267.049,-348.596,4063.96,-50.487,-36.5711,3176.74,4053.14,50.6624,5.30935,3172.26,4114.55,108.898,17.4963,-19.4851,1.1e+17,12.0,L,124.51265,4.089715148,,,,,Mutant,clash
LLLYVLLTLLLGALLSFLILI,LLLYVLLILLLGALLSFLILI,GJL,clash,13.8812,-261.292,1133.32,837.054,-60.3995,-280.508,-365.25,4268.74,-48.8519,-24.3432,3542.23,4193.94,58.7943,23.4162,3531.86,4230.42,88.6191,42.1472,-9.47255,1.1e+17,7.0,T,106.1792,18.06869688,,,,,Mutant,clash
LLLYVLLTLLLGALLAFLILI,LLLYVLLILLLGALLAFLILI,GJL,clash,12.6237,-259.286,1244.48,947.36,-44.9479,-273.659,-345.48,4262.78,-50.4546,-26.8726,3490.09,4177.43,58.4162,26.089,3479.66,4213.02,88.2084,46.765,-21.2603,1.1e+17,7.0,T,103.5064,20.13111576,,,,,Mutant,clash
LLLASLLFLLLGYLLGTLILI,LLLASLLFILLGYLLGTLILI,GJL,clash,15.3806,-262.683,1843.93,1535.89,-58.7329,-283.675,-354.819,4104.88,-60.7315,-12.4114,3177.0,4050.4,48.9006,11.1393,3166.04,4111.27,107.486,27.6026,-18.8019,1.1e+17,8.0,L,120.1903,8.481941619,,,,,Mutant,clash
LLLYILLTLLLGALLAFLILI,LLLYILLILLLGALLAFLILI,GJL,clash,14.8553,-260.612,1898.1,1600.74,-44.9563,-275.501,-349.517,4295.06,-51.6043,-29.0606,3522.67,4209.28,58.7887,18.8726,3511.14,4245.13,88.631,34.5718,-21.875,1.1e+17,7.0,T,110.7228,14.56270824,,,,,Mutant,clash
LLLATLLVGLLFLLLGLLILI,LLLATLLVGLLFILLGLLILI,GJL,clash,14.7682,-259.261,2185.33,1894.13,-44.9989,-268.923,-350.357,4100.15,-46.7077,-36.4353,3173.03,4074.31,50.7456,5.68836,3168.17,4134.96,108.791,21.2396,-21.6244,1.1e+17,12.0,L,124.13364,4.381661044,,,,,Mutant,clash
LLLYTLLVGLLFALLGLLILI,LLLITLLVGLLFALLGLLILI,GJL,clash,19.1127,-257.217,2812.9,2526.84,-44.9097,-268.4,-348.929,4100.47,-47.9535,-35.6189,3164.43,4072.24,63.7801,126.772,3355.12,4263.83,185.312,369.551,-20.2698,1.1e+17,3.0,Y,124.13364,4.381661044,,,,,Mutant,clash
LLLYTLLVGLLFALLGLLILI,LLLYTLLVGLLFILLGLLILI,GJL,clash,16.3111,-267.274,3688.09,3389.47,-44.9097,-275.519,-342.897,4275.34,-47.6613,-22.4686,3355.12,4263.83,50.7456,5.58205,3355.12,4263.83,50.7456,5.58205,-20.2698,1.1e+17,12.0,A,124.23995,4.299771996,,,,,Mutant,clash
LLLTALLFLLLGLLLGSLILI,LLLTALLFILLGLLLGSLILI,GJL,clash,16.4148,-261.524,7268.41,6966.01,-60.3637,-278.485,-373.192,4028.38,-57.2888,-34.3435,3094.52,4027.41,50.6723,7.0684,3082.88,4076.77,104.961,21.0523,-29.4405,1.1e+17,8.0,L,124.2612,5.382183453,,,,,Mutant,clash
LLLTALLFLLLGVLLASLILI,LLLTALLFILLGVLLASLILI,GJL,clash,16.1602,-260.031,7371.4,7077.32,-60.3462,-276.757,-369.837,4010.16,-50.2139,-32.7338,3227.59,4004.87,61.2313,13.2008,3215.47,4057.28,116.343,23.7898,-13.6832,1.1e+17,8.0,L,118.1288,10.05165629,,,,,Mutant,clash
LLLYALLFLLLGTLLSILILI,LLLYALLFILLGTLLSILILI,GJL,clash,15.1132,-264.358,17450.9,17148.1,-74.0819,-275.309,-365.167,4191.92,-53.6365,-15.776,3455.52,4203.15,54.5486,13.3637,3441.04,4253.75,110.162,27.0954,-9.67379,1.1e+17,8.0,L,117.9659,10.17569535,,,,,Mutant,clash
LLLTSLLFLLLGALLAYLILI,LLLTSLLFILLGALLAYLILI,GJL,clash,16.2782,-266.163,22733.0,22429.1,-44.9612,-271.617,-339.884,4079.09,-54.0146,-23.3053,3211.72,4146.02,66.8083,16.8959,3208.37,4218.17,129.15,22.9007,-17.5524,1.1e+17,8.0,L,114.4337,12.86526419,,,,,Mutant,clash
LLLTVLLAYLLGLLLGFLILI,LLLTVLLIYLLGLLLGFLILI,GJL,clash,16.7292,-267.752,23844.8,23543.6,-44.9217,-277.626,-348.502,4180.64,-50.1791,-25.9549,3286.06,4210.94,59.4755,0.487656,3286.06,4210.94,59.4755,0.487656,-24.0747,1.1e+17,7.0,A,129.107744,0.376291134,,,,,Mutant,clash
LLLFSLLTALLGLLLGVLILI,LLLFILLTALLGLLLGVLILI,GJL,clash,19.2244,-255.009,28378.3,28077.0,-58.7871,-267.89,-356.236,4169.62,-65.5715,-29.5586,3227.02,4019.05,57.2094,6.67956,3213.64,4025.25,67.476,8.23037,-19.8404,1.1e+17,4.0,S,131.79564,4.823650733,,,,,Mutant,clash
LLLTSLLLGLLFALLAYLILI,LLLTSLLLGLLFILLAYLILI,GJL,clash,15.6362,-271.411,29467.5,29162.6,-44.9453,-279.549,-351.221,4202.96,-49.1971,-26.727,3232.71,4199.12,41.1589,1.03799,3232.71,4199.12,41.1589,1.03799,-21.9286,1.1e+17,12.0,A,128.78401,0.799548613,,,,,Mutant,clash
LLLYILLGLLLGTLLAFLILI,LLLYILLILLLGTLLAFLILI,GJL,clash,13.6537,-265.228,43793.7,43485.2,-58.718,-278.604,-361.152,4293.4,-56.9037,-23.8302,3497.89,4254.05,59.0402,7.91085,3498.87,4235.61,38.3911,6.33904,-25.5412,1.1e+17,7.0,G,121.68455,6.10426759,,,,,Mutant,clash
LLLTSLLVGLLFALLAYLILI,LLLTSLLVGLLFILLAYLILI,GJL,clash,16.9329,-270.556,69320.4,69017.0,-44.9362,-278.871,-342.372,4192.45,-49.7521,-18.5645,3211.83,4192.41,40.773,0.311651,3211.83,4192.41,40.773,0.311651,-18.5781,1.1e+17,12.0,A,129.510349,0.240060236,,,,,Mutant,clash
LLLVLLLTGLLFALLAYLILI,LLLVLLLTGLLFILLAYLILI,GJL,clash,16.1417,-262.909,89977.4,89680.7,-58.7499,-280.623,-358.081,4254.96,-49.9579,-18.7081,3211.96,4238.01,41.0351,1.06438,3211.96,4238.01,41.0351,1.06438,-20.5014,1.1e+17,12.0,A,128.75762,0.819876446,,,,,Mutant,clash
LLLYLLLGALLAFLLSTLILI,LLLYLLLGILLAFLLSTLILI,GJL,clash,16.6278,-263.775,99920.6,99622.8,-74.1744,-288.552,-376.923,4264.3,-50.6609,-14.1969,3515.52,4208.62,59.0221,49.9942,3515.52,4208.62,59.0221,49.9942,-12.4366,1.1e+17,8.0,A,128.17231,1.608601665,,,,,Mutant,clash
LLLGYLLFLLLGVLLASLILI,LLLGYLLILLLGVLLASLILI,GJL,clash,14.6177,-257.977,164574.0,164279.0,-60.364,-279.841,-375.539,4124.51,-51.4808,-35.3337,3196.06,3982.37,57.1455,12.4134,3186.76,4132.2,155.51,52.296,-20.4809,1.1e+17,7.0,F,117.182,9.578580721,,,,,Mutant,clash
LLLTSLLFALLGLLLGVLILI,LLLTSLLFILLGLLLGVLILI,GJL,clash,16.0096,-264.444,179863.0,179558.0,-44.9724,-269.89,-353.922,4078.72,-57.3535,-39.0603,3106.62,4048.87,54.0147,7.05984,3106.62,4048.87,54.0147,7.05984,-21.873,1.1e+17,8.0,A,124.26976,5.375665501,,,,,Mutant,clash
LLLATLLVGLLFGLLFLLILI,LLLATLLVILLFGLLFLLILI,GJL,clash,18.4288,-267.025,211732.0,211438.0,-45.0114,-271.629,-342.797,4229.59,-45.0114,-26.1569,3181.98,4220.18,56.5638,9.94352,3196.48,4212.74,40.2136,4.15249,-16.382,1.1e+17,8.0,G,121.38608,7.57142335,,,,,Mutant,clash
LLLTFLLALLLGYLLGSLILI,LLLTFLLALLLGYLLISLILI,GJL,clash,16.3999,-263.345,265068.0,264775.0,-60.2601,-280.799,-366.605,4193.62,-46.2251,-25.5457,3219.08,4093.78,62.7218,31.5825,3231.13,4074.17,41.6937,38.9106,-9.74901,1.1e+17,15.0,G,129.5954,0.0,,,,,Mutant,clash
LLLAYLLFLLLGTLLSILILI,LLLAYLLILLLGTLLSILILI,GJL,clash,15.7837,-262.222,275712.0,275409.0,-74.1028,-276.392,-384.903,4160.23,-56.3986,-34.4083,3243.91,4066.84,56.0514,10.732,3234.44,4216.18,153.816,50.1459,-19.1342,1.1e+17,7.0,F,118.8634,8.281158128,,,,,Mutant,clash
LLLALLLTVLLGGLLFSLILI,LLLALLLTVLLIGLLFSLILI,GJL,clash,13.018,-257.566,337198.0,336903.0,-74.0963,-280.289,-382.275,4136.48,-50.3892,-27.8898,3235.09,4095.72,55.5784,25.0659,3238.16,4080.12,36.8112,19.0726,-6.42133,1.1e+17,11.0,G,105.2019,19.24182338,,,,,Mutant,clash
LLLSYLLAVLLGLLLGTLILI,LLLSYLLIVLLGLLLGTLILI,GJL,clash,20.5901,-269.785,447499.0,447197.0,-58.7719,-283.681,-375.602,4125.59,-52.9094,-33.1491,3239.14,4001.68,63.8201,18.615,3239.14,4001.68,63.8201,18.615,-11.997,1.1e+17,7.0,A,129.5954,0.0,,,,,Mutant,clash
LLLFYLLGVLLGLLLASLILI,LLLFYLLIVLLGLLLASLILI,GJL,clash,14.0384,-253.993,461474.0,461182.0,-60.32,-287.782,-372.609,4262.12,-51.7028,-24.5068,3186.63,4197.92,48.3399,0.871603,3187.04,4209.22,38.8989,0.79897,-17.4846,1.1e+17,7.0,G,128.723797,0.672557051,,,,,Mutant,clash
LLLSYLLVLLLGALLAFLILI,LLLSYLLVLLLGILLAFLILI,GJL,clash,9.1299,-259.472,609637.0,609333.0,-44.9973,-274.832,-345.526,4229.85,-53.4593,-25.697,3305.03,4191.02,59.7927,52.0108,3305.03,4191.02,59.7927,52.0108,-34.7785,1.1e+17,12.0,A,115.8208,10.71504559,,,,,Mutant,clash
LLLWSLLTLLLGVLLAFLILI,LLLWSLLILLLGVLLAFLILI,GJL,clash,16.5407,-264.977,647452.0,647152.0,-44.9904,-277.567,-354.138,4264.05,-52.2665,-31.5808,3348.33,4109.33,39.4264,9.45415,3343.65,4129.95,59.3685,16.1294,-18.8028,1.1e+17,7.0,T,120.14125,7.295127759,,,,,Mutant,clash
LLLYSLLTLLLGFLLAILILI,LLLYILLTLLLGFLLAILILI,GJL,clash,15.9531,-267.283,675916.0,675610.0,-58.887,-275.437,-358.032,4273.86,-55.4087,-23.7082,3385.15,4214.16,51.2382,38.643,3369.7,4240.45,68.2677,40.036,-10.7057,1.1e+17,4.0,S,129.596895,0.095208618,,,,,Mutant,clash
LLLVYLLATLLGILLALLILI,LLLVYLLATLLGILLILLILI,GJL,clash,13.4447,-255.641,751443.0,751142.0,-58.7295,-270.913,-368.174,4201.19,-58.7838,-38.531,3234.41,4082.05,59.9062,8.2724,3234.41,4082.05,59.9062,8.2724,-25.1901,1.1e+17,15.0,A,121.448,6.377100286,,,,,Mutant,clash
LLLTFLLGLLLGYLLASLILI,LLLTFLLILLLGYLLASLILI,GJL,clash,19.9742,-264.49,753284.0,752989.0,-60.2384,-288.788,-376.071,4155.71,-50.0753,-27.0447,3187.84,4130.11,52.4003,0.0,3187.84,4123.45,37.2927,0.0,-16.3299,1.1e+17,7.0,G,129.5954,0.0,,,,,Mutant,clash
LLLYLLLGALLGFLLSTLILI,LLLYLLLGALLGFLLITLILI,GJL,clash,17.2958,-258.673,870380.0,870078.0,-58.7817,-274.14,-348.768,4269.39,-60.294,-15.8463,3349.01,4195.57,58.8375,35.873,3346.57,4193.95,62.8813,35.9258,-31.7777,1.1e+17,15.0,S,93.8474,27.65409296,,,,,Mutant,clash
LLLTYLLALLLGFLLASLILI,LLLTYLLILLLGFLLASLILI,GJL,clash,14.9558,-264.88,873666.0,873362.0,-60.2985,-287.788,-374.25,4171.46,-54.0298,-26.1638,3200.4,4138.35,56.4625,12.4293,3200.4,4138.35,56.4625,12.4293,-16.6455,1.1e+17,7.0,A,129.5954,0.0,,,,,Mutant,clash
LLLYTLLVALLALLLGLLILI,LLLYTLLVALLILLLGLLILI,GJL,clash,15.4535,-266.935,1006490.0,1006190.0,-44.9829,-275.119,-366.296,4292.15,-46.8063,-46.1941,3367.48,4159.17,56.5347,12.0598,3367.48,4159.17,56.5347,12.0598,-14.7864,1.1e+17,11.0,A,118.208,9.257698372,,,,,Mutant,clash
LLLAFLLGTLLGVLLSLLILI,LLLAFLLITLLGVLLSLLILI,GJL,clash,21.0255,-257.852,2413320.0,2413030.0,-74.1269,-274.281,-379.14,4109.76,-55.7725,-30.7318,3241.09,3985.96,58.0693,0.0,3241.09,3974.97,41.1015,0.0,-10.167,1.1e+17,7.0,G,129.5954,0.0,,,,,Mutant,clash
LLLTYLLALLLGFLLASLILI,LLLTYLLALLLGFLLISLILI,GJL,clash,14.5413,-264.9,2431940.0,2431630.0,-60.2985,-280.792,-366.054,4203.46,-54.0298,-24.9636,3200.4,4138.35,59.0802,10.963,3200.4,4138.35,59.0802,10.963,-16.6455,1.1e+17,15.0,A,129.5954,0.0,,,,,Mutant,clash
LLLYLLLGALLGTLLFSLILI,LLLYLLLGALLITLLFSLILI,GJL,clash,14.8734,-261.6,2523210.0,2522910.0,-74.0466,-286.267,-374.047,4304.14,-51.5024,-13.7332,3427.0,4253.65,60.0057,15.1523,3429.44,4228.17,36.794,11.3753,-12.1388,1.1e+17,11.0,G,115.1155,11.63165418,,,,,Mutant,clash
LLLLFLLATLLGILLASLILI,LLLLFLLATLLGILLISLILI,GJL,clash,16.5593,-251.27,3174310.0,3174020.0,-74.0765,-276.885,-381.986,4175.13,-58.327,-31.0248,3309.22,4080.35,63.7898,25.2865,3309.22,4080.35,63.7898,25.2865,-14.1784,1.1e+17,15.0,A,104.4339,19.49307896,,,,,Mutant,clash
LLLAYLLGVLLGLLLGSLILI,LLLAYLLIVLLGLLLGSLILI,GJL,clash,14.0111,-255.577,4053510.0,4053220.0,-60.2742,-282.252,-378.31,4090.55,-54.1952,-35.7838,3152.78,4022.17,58.5899,4.30881,3153.68,4008.56,40.6679,4.10147,-26.7388,1.1e+17,7.0,G,125.28659,3.324817085,,,,,Mutant,clash
LLLSYLLALLLGFLLGTLILI,LLLSYLLILLLGFLLGTLILI,GJL,clash,20.7216,-270.892,4747070.0,4746760.0,-58.7136,-285.438,-363.712,4156.11,-51.7967,-19.5598,3172.43,4167.78,55.7017,11.3553,3172.43,4167.78,55.7017,11.3553,-39.7676,1.1e+17,7.0,A,113.035,12.77853998,,,,,Mutant,clash
LLLSYLLTVLLGILLALLILI,LLLSYLLTILLGILLALLILI,GJL,clash,16.3506,-266.434,4807910.0,4807600.0,-58.786,-274.08,-371.948,4126.65,-54.4501,-39.0813,3224.06,4048.36,54.1788,40.1946,3199.38,4071.16,85.5786,53.3773,-19.2308,1.1e+17,8.0,V,91.135,30.6058954,,,,,Mutant,clash
LLLLFLLATLLGYLLSILILI,LLLLFLLITLLGYLLSILILI,GJL,clash,21.1071,-259.059,5438740.0,5438450.0,-74.0056,-281.467,-376.923,4194.67,-51.284,-21.4499,3329.76,4212.09,57.6605,0.0,3329.76,4212.09,57.6605,0.0,-12.7407,1.1e+17,7.0,A,129.5954,0.0,,,,,Mutant,clash
LLLYLLLGALLGILLSTLILI,LLLYLLLGALLIILLSTLILI,GJL,clash,15.2472,-261.48,5528750.0,5528450.0,-74.1632,-288.374,-395.338,4247.49,-51.5562,-32.8014,3488.89,4164.89,54.5852,4.25147,3489.55,4141.35,31.5236,3.74303,-14.2325,1.1e+17,11.0,G,126.01633,3.263638443,,,,,Mutant,clash
LLLYFLLATLLGILLALLILI,LLLYFLLATLLGILLILLILI,GJL,clash,18.0513,-261.784,5825340.0,5825040.0,-58.7599,-273.358,-353.926,4328.43,-58.2007,-21.8084,3405.18,4207.21,60.101,7.17978,3405.18,4207.21,60.101,7.17978,-25.0951,1.1e+17,15.0,A,123.35942,4.903608068,,,,,Mutant,clash
LLLTALLFLLLGYLLGSLILI,LLLTALLFLLLGYLLISLILI,GJL,clash,16.4379,-268.957,6058340.0,6058030.0,-60.326,-280.29,-367.167,4142.67,-58.1195,-26.551,3174.16,4192.66,60.8303,8.18466,3174.58,4176.7,41.3995,7.83405,-22.501,1.1e+17,15.0,G,121.53574,6.309462506,,,,,Mutant,clash
LLLTVLLALLLGFLLGSLILI,LLLTVLLALLLGFLLISLILI,GJL,clash,17.1156,-263.933,7294340.0,7294040.0,-60.3442,-276.291,-375.275,4121.97,-54.6226,-38.64,3184.77,4005.67,58.6216,2.59361,3184.77,3992.71,40.8756,2.59361,-21.2463,1.1e+17,15.0,G,127.12679,1.999384831,,,,,Mutant,clash
LLLSSLLALLLGVLLGTLILI,LLLSSLLALLLGVLLITLILI,GJL,clash,15.8,-264.781,8106350.0,8106050.0,-58.7566,-269.538,-377.215,4066.29,-59.5072,-48.9203,3082.89,3917.34,63.7661,6.59767,3082.63,3894.77,41.9608,6.44712,-21.5114,1.1e+17,15.0,G,123.12273,5.086069732,,,,,Mutant,clash
LLLYALLFLLLGTLLGSLILI,LLLYALLFLLLGTLLISLILI,GJL,clash,16.9802,-266.898,9265690.0,9265380.0,-74.1625,-281.697,-373.194,4254.69,-60.254,-17.3339,3273.97,4250.24,63.5894,4.40105,3273.68,4227.06,41.6488,4.2505,-29.1246,1.1e+17,15.0,G,125.31935,3.392720035,,,,,Mutant,clash
LLLTLLLGLLLGVLLGSLILI,LLLTLLLGLLLIVLLGSLILI,GJL,clash,18.477,-262.911,9580100.0,9579810.0,-60.2824,-283.535,-396.903,4127.3,-46.7415,-53.0856,3232.51,3961.44,61.6201,0.145267,3232.5,3941.92,40.6319,0.0726336,-10.7178,1.1e+17,11.0,G,130.122533,0.111514127,,,,,Mutant,clash
LLLSYLLVLLLGLLLGTLILI,LLLSYLLVLLLILLLGTLILI,GJL,clash,17.3537,-271.572,9985480.0,9985180.0,-58.7964,-286.6,-387.243,4197.39,-51.896,-41.847,3198.95,4094.35,54.5515,0.0,3198.95,4086.04,38.0914,0.0,-27.9106,1.1e+17,11.0,G,130.2678,0.0,,,,,Mutant,clash
LLLYFLLALLLGTLLGSLILI,LLLYFLLILLLGTLLGSLILI,GJL,clash,20.0342,-262.72,11796000.0,11795700.0,-74.1108,-291.817,-379.854,4242.46,-59.3838,-13.9265,3282.68,4129.9,55.0298,0.0,3282.68,4129.9,55.0298,0.0,-33.9785,1.1e+17,7.0,A,129.5954,0.0,,,,,Mutant,clash
LLLSYLLGLLLGVLLSTLILI,LLLSYLLGLLLIVLLSTLILI,GJL,clash,15.2309,-266.018,12511800.0,12511500.0,-74.1322,-289.849,-396.93,4144.67,-49.4919,-32.9487,3252.61,4081.57,52.6079,5.05934,3254.35,4063.86,31.5463,5.05934,-6.10586,1.1e+17,11.0,G,125.20846,3.883799373,,,,,Mutant,clash
LLLYFLLATLLGILLSLLILI,LLLYFLLAILLGILLSLLILI,GJL,clash,15.3678,-259.017,13372500.0,13372200.0,-60.3846,-278.246,-364.778,4275.08,-54.0277,-26.1471,3419.86,4224.13,47.5344,26.7714,3406.11,4237.9,68.2853,31.7883,-18.9379,1.1e+17,8.0,T,129.5954,0.0,,,,,Mutant,clash
LLLYLLLGTLLGILLAFLILI,LLLYLLLGTLLGILLIFLILI,GJL,clash,14.5451,-264.42,13937300.0,13937000.0,-58.7658,-272.963,-348.296,4287.55,-54.6396,-16.5671,3518.43,4239.0,63.9671,16.981,3518.43,4239.0,63.9671,16.981,-16.7257,1.1e+17,15.0,A,112.7394,13.09046226,,,,,Mutant,clash
LLLSYLLGLLLGFLLATLILI,LLLSYLLILLLGFLLATLILI,GJL,clash,13.2406,-262.257,14724900.0,14724600.0,-58.7127,-285.3,-366.576,4179.53,-54.4159,-22.5632,3282.99,4187.41,56.1412,0.363168,3283.45,4176.44,38.3205,0.581069,-22.945,1.1e+17,7.0,G,109.5179,15.49244803,,,,,Mutant,clash
LLLTSLLVGLLAYLLGLLILI,LLLTSLLVGLLAYLLILLILI,GJL,clash,18.0448,-271.388,15869600.0,15869300.0,-44.9603,-268.925,-356.337,4187.24,-54.6189,-42.4519,3187.22,4093.1,57.6008,3.83429,3186.99,4079.63,39.0307,3.75438,-9.47755,1.1e+17,15.0,G,125.88611,2.955811114,,,,,Mutant,clash
LLLLFLLATLLGYLLSILILI,LLLLFLLATLLIYLLSILILI,GJL,clash,20.6309,-260.254,17654200.0,17653900.0,-74.0056,-281.449,-379.452,4259.23,-51.284,-23.9975,3329.76,4232.76,55.8318,0.0,3329.76,4212.09,34.2108,0.0,-12.7407,1.1e+17,11.0,G,130.2678,0.0,,,,,Mutant,clash
LLLTYLLGVLLGLLLASLILI,LLLTYLLIVLLGLLLASLILI,GJL,clash,18.1401,-264.075,18365400.0,18365100.0,-60.2796,-285.309,-385.325,4120.55,-52.5212,-39.7361,3196.73,4081.97,58.7703,1.30741,3197.49,4069.15,40.5375,1.23477,-13.2764,1.1e+17,7.0,G,128.28799,1.00883982,,,,,Mutant,clash
LLLTYLLGVLLGILLALLILI,LLLTYLLIVLLGILLALLILI,GJL,clash,16.9268,-264.936,19753500.0,19753200.0,-44.9618,-274.555,-365.373,4171.42,-54.4115,-45.8562,3237.5,4075.52,56.9445,5.39738,3239.81,4067.64,40.6507,4.81631,-17.05,1.1e+17,7.0,G,129.178933,0.417410831,,,,,Mutant,clash
LLLSYLLGFLLGTLLGLLILI,LLLSYLLIFLLGTLLGLLILI,GJL,clash,15.9044,-266.436,20365900.0,20365600.0,-58.7092,-275.918,-354.479,4160.11,-51.084,-19.8514,3286.46,4139.1,60.9819,2.46954,3287.63,4120.77,40.5355,2.39691,-12.0026,1.1e+17,7.0,G,127.12586,1.905576895,,,,,Mutant,clash
LLLSYLLTVLLGILLALLILI,LLLSYLLTVLLGILLILLILI,GJL,clash,16.3781,-269.053,20967100.0,20966800.0,-58.786,-272.967,-370.465,4197.27,-54.9916,-38.712,3199.38,4071.16,59.7619,3.87431,3199.38,4071.16,59.7619,3.87431,-19.2308,1.1e+17,15.0,A,129.7204,0.0,,,,,Mutant,clash
LLLSYLLVALLGALLGLLILI,LLLSYLLVALLGALLILLILI,GJL,clash,10.544,-255.371,21977800.0,21977500.0,-44.9223,-265.691,-351.253,4172.15,-54.7702,-40.6399,3210.93,4048.38,60.6828,11.9269,3211.22,4027.51,39.0515,11.3954,-27.9455,1.1e+17,15.0,G,117.7935,9.194313308,,,,,Mutant,clash
LLLYLLLGALLGTLLFSLILI,LLLYLLLIALLGTLLFSLILI,GJL,clash,15.7017,-261.564,22538800.0,22538500.0,-74.0466,-286.296,-375.832,4296.86,-54.0931,-15.4888,3424.0,4247.13,61.381,22.3797,3429.44,4228.17,40.6963,18.4691,-12.1388,1.1e+17,7.0,G,107.2157,17.26889998,,,,,Mutant,clash
LLLTSLLVGLLAYLLGLLILI,LLLTSLLVGLLIYLLGLLILI,GJL,clash,18.0454,-270.208,29384400.0,29384100.0,-44.9603,-272.84,-358.185,4143.52,-54.5145,-40.3854,3186.99,4079.63,60.3117,3.89179,3186.99,4079.63,60.3117,3.89179,-9.47755,1.1e+17,11.0,A,126.37601,2.987530303,,,,,Mutant,clash
LLLSYLLGLLLGFLLATLILI,LLLSYLLGLLLIFLLATLILI,GJL,clash,12.6752,-262.282,31291500.0,31291200.0,-58.7127,-285.507,-367.317,4165.8,-51.9858,-23.0969,3283.14,4197.02,57.72,1.33651,3283.45,4176.44,36.6034,1.26388,-22.945,1.1e+17,11.0,G,128.93129,1.025971115,,,,,Mutant,clash
LLLYSLLFALLGALLTLLILI,LLLYSLLFALLGALLILLILI,GJL,clash,21.1763,-265.987,31571700.0,31571400.0,-44.9875,-268.157,-340.269,4248.75,-50.5652,-27.124,3399.43,4212.18,60.933,19.6801,3387.03,4251.87,93.1984,26.7747,-8.92688,1.1e+17,15.0,T,110.0403,15.17116814,,,,,Mutant,clash
LLLYFLLTILLGVLLALLILI,LLLYFLLTILLGVLLILLILI,GJL,clash,12.4042,-263.911,31963000.0,31962700.0,-58.7793,-275.906,-357.804,4275.2,-53.823,-23.1182,3389.43,4242.47,59.615,2.72671,3389.43,4242.47,59.615,2.72671,-18.4887,1.1e+17,15.0,A,126.99369,2.101990126,,,,,Mutant,clash
LLLSYLLVLLLGLLLGTLILI,LLLSYLLVLLLGLLLITLILI,GJL,clash,17.3507,-271.572,32396100.0,32395700.0,-58.7964,-278.793,-378.043,4252.32,-54.1063,-40.4527,3196.36,4105.19,62.6036,15.9313,3198.95,4086.04,41.9,16.9257,-27.9106,1.1e+17,15.0,G,113.7891,12.28126031,,,,,Mutant,clash
LLLSYLLGVLLGTLLGFLILI,LLLSYLLIVLLGTLLGFLILI,GJL,clash,15.8726,-264.231,32754900.0,32754500.0,-58.6887,-277.892,-351.045,4131.12,-58.4472,-14.4649,3326.7,4139.12,60.3596,1.1496,3327.28,4123.37,41.0641,1.00434,-26.5145,1.1e+17,7.0,G,128.4458,0.887068522,,,,,Mutant,clash
LLLSYLLGVLLGLLLATLILI,LLLSYLLIVLLGLLLATLILI,GJL,clash,15.6761,-262.288,34161700.0,34161400.0,-58.7839,-281.922,-376.728,4142.27,-56.2312,-36.0228,3203.15,4063.34,60.1152,0.217901,3203.07,4047.62,40.8023,0.0726336,-26.2402,1.1e+17,7.0,G,109.9687,15.22636378,,,,,Mutant,clash
LLLYVLLFTLLGALLGLLILI,LLLYVLLFTLLGALLILLILI,GJL,clash,14.9857,-261.045,37522600.0,37522300.0,-58.7108,-271.946,-351.705,4279.1,-55.9222,-21.0489,3404.73,4224.3,60.3754,10.7879,3404.85,4203.79,38.9332,10.4848,-19.5858,1.1e+17,15.0,G,118.9325,8.316270995,,,,,Mutant,clash
LLLYLLLAVLLGTLLSFLILI,LLLYLLLAVLLITLLSFLILI,GJL,clash,12.1946,-265.096,38649500.0,38649200.0,-74.0075,-284.147,-379.116,4303.82,-50.3332,-20.9619,3418.59,4248.2,53.1454,0.0,3418.59,4229.82,32.0439,0.0,-7.09849,1.1e+17,11.0,G,130.2678,0.0,,,,,Mutant,clash
LLLTILLALLLGFLLGSLILI,LLLTILLALLLGFLLISLILI,GJL,clash,16.0362,-264.347,45011600.0,45011300.0,-60.2535,-277.921,-379.043,4137.86,-54.493,-40.8685,3149.38,4079.83,58.5397,2.3466,3149.38,4067.52,40.8205,2.3466,-25.1796,1.1e+17,15.0,G,127.3738,1.808967595,,,,,Mutant,clash
LLLSYLLVLLLGFLLATLILI,LLLSYLLVLLLGFLLITLILI,GJL,clash,12.9457,-266.475,45622000.0,45621600.0,-58.767,-279.96,-361.136,4242.28,-55.5723,-22.4083,3255.95,4206.46,58.6989,6.66546,3255.95,4206.46,58.6989,6.66546,-27.2819,1.1e+17,15.0,A,128.855864,0.666461096,,,,,Mutant,clash
LLLYFLLATLLGLLLGSLILI,LLLYFLLITLLGLLLGSLILI,GJL,clash,17.6132,-263.038,48449300.0,48449000.0,-74.0405,-289.065,-376.749,4240.44,-57.5278,-13.6439,3297.75,4171.94,57.5773,0.0,3297.75,4171.94,57.5773,0.0,-30.8357,1.1e+17,7.0,A,129.5954,0.0,,,,,Mutant,clash
LLLAYLLTILLGLLLGSLILI,LLLAYLLTILLGLLLISLILI,GJL,clash,11.6632,-260.252,50137900.0,50137600.0,-74.0659,-279.266,-387.982,4153.36,-56.3164,-34.65,3130.54,4062.33,62.7611,8.8162,3130.84,4042.35,41.8842,8.68149,-16.5513,1.1e+17,15.0,G,120.9042,6.796309601,,,,,Mutant,clash
LLLYSLLTLLLGFLLAILILI,LLLYSLLTLLLGFLLIILILI,GJL,clash,13.7292,-270.201,52085300.0,52085000.0,-58.8807,-274.875,-357.673,4308.28,-57.6427,-23.9174,3369.7,4240.45,58.4463,3.14938,3369.7,4240.45,58.4463,3.14938,-10.7057,1.1e+17,15.0,A,126.57102,2.427821684,,,,,Mutant,clash
LLLTFLLGLLLGYLLSILILI,LLLTFLLGLLLIYLLSILILI,GJL,clash,24.5722,-271.761,59874300.0,59874100.0,-60.2378,-280.937,-370.396,4223.99,-49.6504,-29.221,3174.53,4139.66,50.838,0.0,3174.53,4125.47,31.0604,0.0,-19.9535,1.1e+17,11.0,G,130.2678,0.0,,,,,Mutant,clash
LLLYILLTVLLGFLLALLILI,LLLYILLTVLLGFLLILLILI,GJL,clash,17.624,-268.721,66382900.0,66382600.0,-58.8725,-275.967,-355.438,4342.1,-53.1776,-20.5985,3439.55,4235.79,59.3321,0.0,3439.55,4235.79,59.3321,0.0,-13.6347,1.1e+17,15.0,A,129.7204,0.0,,,,,Mutant,clash
LLLYGLLFLLLGVLLASLILI,LLLYGLLILLLGVLLASLILI,GJL,clash,12.7122,-254.995,71259200.0,71258900.0,-60.3826,-280.567,-374.834,4180.11,-53.7867,-33.884,3430.23,4033.32,59.0732,19.698,3422.34,4194.85,160.448,53.0577,-17.223,1.1e+17,7.0,F,109.8974,15.19961357,,,,,Mutant,clash
LLLTFLLGILLGVLLSLLILI,LLLTFLLGILLIVLLSLLILI,GJL,clash,20.7658,-266.215,73385900.0,73385600.0,-60.3629,-277.408,-378.094,4199.65,-47.8218,-40.3231,3218.21,4040.33,53.7166,2.5751,3218.6,4019.55,31.6523,2.64773,-7.29132,1.1e+17,11.0,G,127.6927,1.976773999,,,,,Mutant,clash
LLLTFLLGLLLGYLLASLILI,LLLTFLLGLLLIYLLASLILI,GJL,clash,19.08,-264.538,78151400.0,78151100.0,-60.2384,-288.612,-375.386,4162.38,-47.3912,-26.5354,3187.84,4142.5,57.5137,0.0,3187.84,4123.45,37.0337,0.0,-16.3299,1.1e+17,11.0,G,130.2678,0.0,,,,,Mutant,clash
LLLTLLLGLLLGVLLGSLILI,LLLTLLLILLLGVLLGSLILI,GJL,clash,19.185,-262.885,84519500.0,84519200.0,-60.2824,-283.754,-398.081,4085.47,-46.7415,-54.0451,3232.5,3951.08,54.9474,1.3487,3232.5,3941.92,38.1198,1.3487,-10.7178,1.1e+17,7.0,G,128.2467,1.040700519,,,,,Mutant,clash
LLLYILLTVLLGFLLALLILI,LLLYILLTVLLIFLLALLILI,GJL,clash,17.6274,-269.901,87039500.0,87039200.0,-58.8725,-280.152,-363.178,4349.97,-51.0372,-24.1539,3438.98,4254.75,56.8571,4.8853,3439.55,4235.79,36.8712,3.92522,-13.6347,1.1e+17,11.0,G,125.3825,3.75019767,,,,,Mutant,clash
LLLTYLLGVLLGLLLSFLILI,LLLTYLLIVLLGLLLSFLILI,GJL,clash,27.2443,-276.202,88783200.0,88782900.0,-60.3458,-284.684,-372.655,4189.55,-49.0863,-27.6252,3305.8,4209.52,57.3905,0.145267,3306.0,4201.18,41.2427,0.145267,-9.24157,1.1e+17,7.0,G,129.450133,0.112092713,,,,,Mutant,clash
LLLYVLLTLLLGTLLAFLILI,LLLYVLLTLLLITLLAFLILI,GJL,clash,16.3467,-268.133,100326000.0,100325000.0,-72.6251,-281.113,-372.405,4290.59,-55.3306,-18.6663,3478.37,4263.17,54.9838,1.3675,3479.5,4249.94,37.0611,1.22224,-13.112,1.1e+17,11.0,G,128.9003,1.04976057,,,,,Mutant,clash
LLLYVLLTLLLGALLSFLILI,LLLYVLLTLLLIALLSFLILI,GJL,clash,13.8927,-265.729,102505000.0,102504000.0,-74.2441,-282.782,-378.485,4281.9,-50.7709,-21.4588,3530.38,4242.9,50.3085,8.97039,3531.86,4230.42,31.9604,6.64612,-9.47255,1.1e+17,11.0,G,121.29741,6.886114604,,,,,Mutant,clash
LLLSYLLGVLLGLLLAFLILI,LLLSYLLIVLLGLLLAFLILI,GJL,clash,14.7783,-263.613,107549000.0,107548000.0,-44.9369,-276.116,-350.34,4180.3,-50.8982,-29.2867,3312.55,4174.04,60.5932,0.217901,3312.97,4156.42,40.6438,0.363168,-25.3616,1.1e+17,7.0,G,129.377499,0.168139456,,,,,Mutant,clash
LLLTFLLGLLLGVLLGSLILI,LLLTFLLILLLGVLLGSLILI,GJL,clash,31.0609,-266.276,107928000.0,107928000.0,-60.2824,-285.345,-380.369,4112.5,-48.703,-34.742,3142.85,3998.68,56.345,0.0,3142.85,3990.3,39.9231,0.0,-20.6302,1.1e+17,7.0,G,129.5954,0.0,,,,,Mutant,clash
LLLASLLTLLLGVLLGFLILI,LLLASLLTLLLIVLLGFLILI,GJL,clash,14.9049,-263.66,118328000.0,118328000.0,-58.8154,-273.128,-364.668,4111.11,-55.4261,-32.7238,3197.04,4038.24,58.9696,13.6651,3200.16,4024.9,40.8462,10.3239,-12.5433,1.1e+17,11.0,G,116.6027,10.49000597,,,,,Mutant,clash
LLLTLLLGILLGVLLSLLILI,LLLTLLLIILLGVLLSLLILI,GJL,clash,27.5351,-272.266,120058000.0,120057000.0,-60.3616,-277.324,-398.126,4130.56,-49.7643,-60.4412,3210.17,4012.3,58.7075,0.0,3210.17,3999.48,40.5556,0.0,-23.6266,1.1e+17,7.0,G,129.5954,0.0,,,,,Mutant,clash
LLLTYLLAVLLGILLGLLILI,LLLTYLLAVLLIILLGLLILI,GJL,clash,14.078,-264.213,121970000.0,121969000.0,-44.9369,-275.542,-365.83,4186.29,-49.8498,-45.3514,3152.79,4071.62,62.0908,0.0,3152.79,4049.62,40.7835,0.0,-21.372,1.1e+17,11.0,G,130.2678,0.0,,,,,Mutant,clash
LLLTYLLALLLGVLLGSLILI,LLLTYLLALLLGVLLISLILI,GJL,clash,17.9857,-266.605,124171000.0,124171000.0,-60.2923,-277.469,-375.664,4201.15,-54.8881,-37.9022,3159.71,4087.27,63.4392,5.76247,3159.63,4064.88,41.8188,5.67928,-20.1072,1.1e+17,15.0,G,123.95793,4.442223428,,,,,Mutant,clash
LLLAGLLFLLLGTLLGSLILI,LLLAGLLFLLLITLLGSLILI,GJL,clash,13.1597,-255.81,136510000.0,136510000.0,-74.1241,-281.855,-384.407,4038.1,-56.044,-28.4284,3134.12,3993.64,52.4962,0.0,3134.12,3994.87,39.6319,0.0,-23.3464,1.1e+17,11.0,G,130.2678,0.0,,,,,Mutant,clash
LLLTFLLGVLLGLLLSILILI,LLLTFLLGVLLILLLSILILI,GJL,clash,19.704,-263.02,137220000.0,137220000.0,-60.3447,-276.293,-376.624,4201.2,-53.7145,-39.9861,3153.25,4091.19,50.6815,0.0,3153.25,4073.98,30.0403,0.0,-27.0782,1.1e+17,11.0,G,130.2678,0.0,,,,,Mutant,clash
LLLSFLLVLLLGTLLAYLILI,LLLSFLLILLLGTLLAYLILI,GJL,clash,12.8247,-261.348,141784000.0,141784000.0,-58.783,-278.826,-358.744,4254.89,-53.4547,-21.1346,3254.65,4100.92,55.2468,0.935394,3253.03,4128.08,78.7936,1.63661,-14.603,1.1e+17,7.0,V,128.660006,0.721780248,,,,,Mutant,clash
LLLASLLTLLLGYLLGVLILI,LLLASLLTLLLGYLLIVLILI,GJL,clash,14.976,-265.101,143296000.0,143296000.0,-58.8608,-268.354,-364.608,4128.26,-60.3308,-37.3932,3131.17,4050.81,61.8515,17.7177,3133.79,4034.05,42.1025,16.9577,-16.6594,1.1e+17,15.0,G,112.0027,13.65837601,,,,,Mutant,clash
LLLYLLLASLLGILLAFLILI,LLLYLLLASLLGILLIFLILI,GJL,clash,12.7806,-261.947,143362000.0,143362000.0,-60.2539,-272.923,-356.119,4314.23,-53.8693,-22.9418,3538.66,4232.02,64.1012,24.5828,3538.66,4232.02,64.1012,24.5828,-25.1109,1.1e+17,15.0,A,105.1376,18.95060453,,,,,Mutant,clash
LLLASLLVGLLFLLLGLLILI,LLLASLLVGLLFLLLILLILI,GJL,clash,13.0,-263.35,146605000.0,146605000.0,-44.9758,-267.848,-357.014,4180.64,-50.7848,-44.1903,3171.75,4110.11,49.5079,9.26098,3172.26,4114.55,37.8999,8.99156,-19.4851,1.1e+17,15.0,G,120.45942,7.13918551,,,,,Mutant,clash
LLLSYLLGTLLGLLLAFLILI,LLLSYLLITLLGLLLAFLILI,GJL,clash,13.3483,-263.699,150306000.0,150305000.0,-58.7409,-276.871,-358.239,4166.72,-58.6101,-22.6267,3342.37,4182.72,62.2502,5.14047,3343.41,4166.99,42.9882,4.70995,-13.4407,1.1e+17,7.0,G,124.45493,3.966552825,,,,,Mutant,clash
LLLSYLLVALLGLLLGFLILI,LLLSYLLVALLILLLGFLILI,GJL,clash,13.2944,-264.77,155397000.0,155397000.0,-44.9412,-277.315,-351.114,4200.84,-47.7387,-28.8577,3334.73,4193.77,56.6523,1.02056,3334.73,4180.76,38.1868,1.02056,-29.9073,1.1e+17,11.0,G,129.24724,0.783432283,,,,,Mutant,clash
LLLYVLLTLLLGTLLAFLILI,LLLYVLLTLLLGTLLIFLILI,GJL,clash,16.3438,-266.953,158185000.0,158185000.0,-72.6251,-276.088,-363.858,4310.38,-57.451,-15.1442,3479.5,4249.94,63.3722,7.49797,3479.5,4249.94,63.3722,7.49797,-13.112,1.1e+17,15.0,A,122.22243,5.780100894,,,,,Mutant,clash
LLLYFLLALLLGTLLGSLILI,LLLYFLLALLLITLLGSLILI,GJL,clash,19.6097,-263.913,160082000.0,160082000.0,-74.1108,-291.715,-382.272,4261.03,-55.1112,-16.4463,3282.68,4148.9,61.7986,0.0,3282.68,4129.9,40.9224,0.0,-33.9785,1.1e+17,11.0,G,130.2678,0.0,,,,,Mutant,clash
LLLSYLLTVLLGTLLAFLILI,LLLSYLLTVLLGTLLIFLILI,GJL,clash,10.252,-262.937,161008000.0,161008000.0,-72.5251,-273.988,-357.5,4183.16,-57.0929,-10.9869,3323.22,4200.72,63.4785,14.4078,3323.22,4200.72,63.4785,14.4078,-9.70983,1.1e+17,15.0,A,115.3126,11.10681126,,,,,Mutant,clash
LLLSYLLTVLLGTLLAFLILI,LLLSYLLTVLLITLLAFLILI,GJL,clash,10.2495,-264.117,172873000.0,172873000.0,-72.5251,-278.877,-365.744,4173.3,-55.0637,-14.3414,3323.22,4216.64,55.9459,0.0,3323.22,4200.72,36.8323,0.0,-9.70983,1.1e+17,11.0,G,130.2678,0.0,,,,,Mutant,clash
LLLYVLLGILLGLLLSFLILI,LLLYVLLGILLILLLSFLILI,GJL,clash,21.9902,-265.841,181860000.0,181860000.0,-60.3102,-284.641,-373.523,4274.75,-54.2289,-28.5719,3315.63,4205.72,49.835,0.0,3315.63,4190.15,29.6562,0.0,-33.5965,1.1e+17,11.0,G,130.2678,0.0,,,,,Mutant,clash
LLLYLLLAFLLGVLLGSLILI,LLLYLLLIFLLGVLLGSLILI,GJL,clash,16.6857,-262.61,183793000.0,183793000.0,-60.278,-288.2,-370.008,4224.59,-52.7795,-21.5303,3359.66,4200.1,61.7375,13.9467,3359.66,4200.1,61.7375,13.9467,-11.4742,1.1e+17,7.0,A,115.6487,10.76172457,,,,,Mutant,clash
LLLYLLLAILLGFLLSTLILI,LLLYLLLIILLGFLLSTLILI,GJL,clash,19.0611,-267.015,193703000.0,193703000.0,-74.1746,-295.058,-386.485,4309.27,-55.8646,-17.2519,3442.43,4284.54,59.267,8.86993,3442.43,4284.54,59.267,8.86993,-21.7761,1.1e+17,7.0,A,128.906669,0.531447104,,,,,Mutant,clash
LLLATLLVGLLFLLLGLLILI,LLLATLLVGLLFLLLILLILI,GJL,clash,14.7725,-264.501,210600000.0,210600000.0,-44.9989,-269.025,-358.061,4208.09,-46.999,-44.0368,3167.73,4130.4,49.7123,8.93677,3168.17,4134.96,38.2049,8.66735,-21.6244,1.1e+17,15.0,G,120.78363,6.889255661,,,,,Mutant,clash
LLLYLLLGALLGILLSTLILI,LLLYLLLIALLGILLSTLILI,GJL,clash,16.088,-261.441,217008000.0,217007000.0,-74.1632,-288.869,-396.267,4214.05,-54.3754,-33.2341,3483.04,4160.88,61.9439,25.8787,3489.55,4141.35,41.075,21.3356,-14.2325,1.1e+17,7.0,G,103.7167,19.96884149,,,,,Mutant,clash
LLLTYLLFLLLGVLLGSLILI,LLLTYLLFLLLIVLLGSLILI,GJL,clash,20.8581,-273.026,222254000.0,222254000.0,-60.3378,-290.132,-376.647,4194.53,-49.9623,-26.1766,3116.02,4143.41,52.3509,0.145267,3116.19,4144.19,39.5136,0.0726336,-30.1867,1.1e+17,11.0,G,130.122533,0.111514127,,,,,Mutant,clash
LLLTFLLAVLLGILLGLLILI,LLLTFLLAVLLIILLGLLILI,GJL,clash,17.4667,-262.726,223277000.0,223277000.0,-44.9923,-273.271,-361.678,4168.3,-52.0124,-43.4148,3119.63,4053.58,61.9683,0.0,3119.63,4033.1,40.9406,0.0,-28.6534,1.1e+17,11.0,G,130.2678,0.0,,,,,Mutant,clash
LLLAYLLFLLLGVLLGSLILI,LLLAYLLFLLLIVLLGSLILI,GJL,clash,13.2628,-262.815,245771000.0,245770000.0,-60.2995,-287.89,-373.819,4188.69,-49.9183,-25.6295,3121.68,4097.55,61.6151,0.0,3121.82,4077.76,40.6953,0.0,-31.4659,1.1e+17,11.0,G,130.2678,0.0,,,,,Mutant,clash
LLLYLLLTTLLAGLLFSLILI,LLLYLLLTILLAGLLFSLILI,GJL,clash,14.9974,-263.537,253200000.0,253199000.0,-74.1897,-285.33,-375.28,4289.07,-49.5832,-15.7606,3457.26,4255.12,62.0316,18.3714,3450.71,4295.77,91.5598,33.7039,-8.86812,1.1e+17,8.0,T,112.9582,13.98877328,,,,,Mutant,clash
LLLTSLLFALLGLLLGVLILI,LLLTSLLFALLILLLGVLILI,GJL,clash,15.9678,-265.624,260253000.0,260253000.0,-44.9724,-270.227,-353.512,4148.12,-52.561,-38.3128,3106.62,4047.66,50.0227,1.251,3106.62,4048.87,36.7037,1.251,-21.873,1.1e+17,11.0,G,129.0168,0.960329414,,,,,Mutant,clash
LLLTSLLVGLLFALLAYLILI,LLLTSLLVGLLFALLIYLILI,GJL,clash,16.9347,-270.556,263113000.0,263113000.0,-44.9362,-270.992,-338.804,4163.85,-50.3861,-22.8761,3211.83,4192.41,55.2622,5.43436,3211.83,4192.41,55.2622,5.43436,-18.5781,1.1e+17,15.0,A,129.510349,0.240060236,,,,,Mutant,clash
LLLSYLLAILLGLLLGFLILI,LLLSYLLAILLILLLGFLILI,GJL,clash,11.8207,-265.301,265358000.0,265358000.0,-44.9424,-279.398,-356.242,4198.55,-48.4175,-31.9012,3343.7,4153.51,58.1544,0.0,3343.7,4135.56,38.2492,0.0,-23.6169,1.1e+17,11.0,G,130.2678,0.0,,,,,Mutant,clash
LLLASLLFLLLGYLLGTLILI,LLLASLLFLLLIYLLGTLILI,GJL,clash,15.347,-267.923,274279000.0,274278000.0,-58.7329,-286.423,-370.274,4124.33,-58.3887,-25.1188,3166.04,4130.06,61.243,0.331831,3166.04,4111.27,40.6128,0.331831,-18.8019,1.1e+17,11.0,G,129.935969,0.254729872,,,,,Mutant,clash
LLLYTLLVALLALLLGLLILI,LLLYTLLVALLALLLILLILI,GJL,clash,15.4568,-268.115,281630000.0,281630000.0,-44.9829,-272.182,-365.7,4318.21,-46.8063,-48.536,3367.0,4174.68,58.6351,8.93677,3367.48,4159.17,39.5484,8.59472,-14.7864,1.1e+17,15.0,G,120.78363,6.889255661,,,,,Mutant,clash
LLLSFLLVLLLGTLLAYLILI,LLLSFLLVLLLITLLAYLILI,GJL,clash,12.8016,-265.137,300459000.0,300459000.0,-58.783,-284.665,-368.682,4270.05,-50.9037,-25.2345,3251.94,4140.65,54.8333,1.0106,3253.03,4128.08,37.1275,0.865336,-14.603,1.1e+17,11.0,G,129.2572,0.775786495,,,,,Mutant,clash
LLLSYLLGVLLGLLLAFLILI,LLLSYLLGVLLILLLAFLILI,GJL,clash,14.0774,-263.643,306766000.0,306765000.0,-44.9369,-275.878,-349.913,4191.37,-50.4089,-29.0981,3312.97,4177.0,55.2521,0.0,3312.97,4156.42,34.0111,0.0,-25.3616,1.1e+17,11.0,G,130.2678,0.0,,,,,Mutant,clash
LLLSYLLFVLLGILLALLILI,LLLSYLLFVLLGILLILLILI,GJL,clash,17.7449,-271.015,343706000.0,343706000.0,-44.9887,-274.775,-351.888,4244.08,-49.222,-32.1238,3186.06,4198.61,59.6768,1.31564,3186.06,4198.61,59.6768,1.31564,-25.4259,1.1e+17,15.0,A,128.40476,1.014212105,,,,,Mutant,clash
LLLTLLLGILLGVLLSLLILI,LLLTLLLGILLIVLLSLLILI,GJL,clash,25.7604,-272.357,351607000.0,351607000.0,-60.3616,-277.688,-397.588,4177.64,-53.7361,-59.5384,3209.87,4019.5,53.4013,3.01471,3210.17,3999.48,31.8141,2.94208,-23.6266,1.1e+17,11.0,G,127.25309,2.314240357,,,,,Mutant,clash
LLLTFLLGLLLGYLLSILILI,LLLTFLLILLLGYLLSILILI,GJL,clash,25.6553,-271.713,362194000.0,362193000.0,-60.2378,-281.655,-371.541,4208.63,-47.2083,-29.6487,3174.53,4130.79,54.1194,0.0,3174.53,4125.47,39.9601,0.0,-19.9535,1.1e+17,7.0,G,129.5954,0.0,,,,,Mutant,clash
LLLYVLLGILLGLLLSFLILI,LLLYVLLIILLGLLLSFLILI,GJL,clash,22.8823,-265.816,404512000.0,404512000.0,-60.3102,-285.531,-374.651,4265.86,-53.1185,-28.8092,3315.63,4210.94,61.655,0.0,3315.63,4190.15,40.7452,0.0,-33.5965,1.1e+17,7.0,G,129.5954,0.0,,,,,Mutant,clash
LLLYILLGVLLGLLLSFLILI,LLLYILLGVLLILLLSFLILI,GJL,clash,31.1066,-271.902,417004000.0,417004000.0,-60.3107,-284.834,-373.099,4291.65,-53.3423,-27.9544,3298.74,4239.45,50.0757,0.0,3298.74,4224.35,29.7906,0.0,-30.7405,1.1e+17,11.0,G,130.2678,0.0,,,,,Mutant,clash
LLLYFLLGVLLGLLLSTLILI,LLLYFLLGVLLILLLSTLILI,GJL,clash,24.9261,-264.554,426358000.0,426358000.0,-74.1291,-293.727,-384.75,4300.39,-57.822,-16.8941,3229.9,4220.28,53.8183,0.0,3229.9,4200.09,32.7033,0.0,-29.5179,1.1e+17,11.0,G,130.2678,0.0,,,,,Mutant,clash
LLLVLLLTGLLFALLAYLILI,LLLVLLLTGLLFALLIYLILI,GJL,clash,16.1446,-262.909,431511000.0,431511000.0,-58.7499,-273.004,-354.714,4222.9,-50.4027,-22.9601,3211.96,4238.01,55.2011,5.23232,3211.96,4238.01,55.2011,5.23232,-20.5014,1.1e+17,15.0,A,128.75762,0.819876446,,,,,Mutant,clash
LLLSYLLFLLLGVLLGSLILI,LLLSYLLFLLLIVLLGSLILI,GJL,clash,14.7152,-266.864,434178000.0,434178000.0,-60.3605,-290.815,-377.575,4183.02,-47.638,-26.3997,3185.34,4134.02,52.3746,0.290534,3185.58,4135.28,39.4981,0.217901,-22.471,1.1e+17,11.0,G,129.977266,0.223028254,,,,,Mutant,clash
LLLSTLLGFLLGVLLGLLILI,LLLSTLLGFLLGVLLILLILI,GJL,clash,18.4352,-267.152,436610000.0,436610000.0,-44.9056,-265.757,-347.482,4177.1,-58.1671,-36.8189,3025.27,4015.67,59.4859,1.18789,3025.2,3997.46,39.1344,1.19845,-30.979,1.1e+17,15.0,G,128.53251,0.915731065,,,,,Mutant,clash
LLLSSLLFLLLGVLLGTLILI,LLLSSLLFLLLGVLLITLILI,GJL,clash,21.2596,-274.797,464812000.0,464812000.0,-58.7727,-274.585,-368.91,4154.9,-61.5576,-35.5519,3100.77,4074.77,63.5148,7.58892,3100.72,4052.71,41.4768,7.5394,-31.0222,1.1e+17,15.0,G,122.13148,5.850213228,,,,,Mutant,clash
LLLTFLLALLLGYLLGSLILI,LLLTFLLALLLIYLLGSLILI,GJL,clash,16.3974,-263.345,476889000.0,476889000.0,-60.2601,-292.291,-379.326,4146.85,-46.2251,-26.7749,3231.13,4091.31,60.0901,0.0,3231.13,4074.17,40.3596,0.0,-9.74901,1.1e+17,11.0,G,130.2678,0.0,,,,,Mutant,clash
LLLTFLLGILLGLLLGSLILI,LLLTFLLIILLGLLLGSLILI,GJL,clash,27.5922,-266.425,486942000.0,486942000.0,-60.2593,-286.669,-384.931,4107.28,-53.2416,-38.0034,3080.08,4003.52,57.2789,0.0,3080.08,3997.82,42.5464,0.0,-33.988,1.1e+17,7.0,G,129.5954,0.0,,,,,Mutant,clash
LLLFVLLTILLGALLSLLILI,LLLFVLLTILLIALLSLLILI,GJL,clash,12.7251,-256.766,554913000.0,554913000.0,-74.2311,-280.143,-390.789,4232.37,-51.2334,-36.4153,3324.45,4102.2,55.8928,0.744565,3324.45,4086.19,37.141,0.744565,-9.71457,1.1e+17,11.0,G,129.523235,0.571564884,,,,,Mutant,clash
LLLFYLLGVLLGLLLASLILI,LLLFYLLGVLLILLLASLILI,GJL,clash,13.5545,-254.016,558967000.0,558967000.0,-60.32,-286.324,-370.741,4268.61,-47.8134,-24.0967,3187.04,4227.12,54.4575,0.0,3187.04,4209.22,34.2449,0.0,-17.4846,1.1e+17,11.0,G,130.2678,0.0,,,,,Mutant,clash
LLLSTLLGLLLGVLLGILILI,LLLSTLLILLLGVLLGILILI,GJL,clash,20.0619,-266.781,559246000.0,559245000.0,-44.9498,-268.175,-368.627,4058.0,-54.447,-55.5024,3094.19,3881.63,58.3584,3.30097,3094.38,3863.4,37.9061,3.3736,-26.0226,1.1e+17,7.0,G,126.29443,2.547135161,,,,,Mutant,clash
LLLTFLLGILLGVLLSLLILI,LLLTFLLIILLGVLLSLLILI,GJL,clash,21.4266,-266.195,575639000.0,575639000.0,-60.3629,-278.438,-380.062,4163.53,-47.8218,-41.261,3218.6,4025.59,54.2534,0.0,3218.6,4019.55,39.7167,0.0,-7.29132,1.1e+17,7.0,G,129.5954,0.0,,,,,Mutant,clash
LLLTFLLAVLLGLLLGSLILI,LLLTFLLIVLLGLLLGSLILI,GJL,clash,15.5146,-258.23,607636000.0,607636000.0,-60.2706,-285.248,-380.892,4098.9,-52.6936,-35.3733,3194.4,4011.67,54.7761,0.0,3194.4,4011.67,54.7761,0.0,-21.6354,1.1e+17,7.0,A,129.5954,0.0,,,,,Mutant,clash
LLLTVLLAYLLGLLLGFLILI,LLLTVLLAYLLILLLGFLILI,GJL,clash,16.3237,-268.953,621205000.0,621205000.0,-44.9217,-278.442,-351.496,4211.64,-48.0166,-28.1331,3285.6,4222.17,56.3819,1.54642,3286.06,4210.94,38.7144,1.8244,-24.0747,1.1e+17,11.0,G,128.72138,1.187108403,,,,,Mutant,clash
LLLSYLLILLLGTLLAFLILI,LLLSYLLILLLGTLLAFLILI,GJL,clash,15.759,-266.654,627899000.0,627899000.0,-58.7724,-275.405,-356.417,4193.6,-51.9531,-22.2398,3419.35,4194.14,56.0857,15.3524,3410.57,4225.88,100.674,29.917,-27.8576,1.1e+17,7.0,I,114.243,11.84640813,,,,,Mutant,clash
LLLTFLLGLLLGVLLSILILI,LLLTFLLGLLLIVLLSILILI,GJL,clash,18.5832,-262.146,687303000.0,687303000.0,-60.3583,-275.444,-375.648,4191.84,-51.2582,-39.8455,3196.68,4054.55,52.4996,5.61864,3198.01,4037.26,32.0657,5.18284,-20.4286,1.1e+17,11.0,G,124.64916,4.313145689,,,,,Mutant,clash
LLLYLLLGALLGTLLSFLILI,LLLYLLLGALLGTLLIFLILI,GJL,clash,14.8871,-262.093,700545000.0,700545000.0,-58.7234,-269.047,-344.54,4263.62,-55.2402,-16.7699,3419.9,4112.56,59.1023,15.9864,3418.96,4122.3,70.3474,15.2333,-18.6621,1.1e+17,15.0,S,113.734,12.32373628,,,,,Mutant,clash
LLLYALLFLLLGTLLSILILI,LLLYALLFLLLITLLSILILI,GJL,clash,15.0945,-269.598,742393000.0,742393000.0,-74.0819,-282.919,-381.076,4285.29,-51.2868,-24.075,3439.63,4251.35,43.5213,3.77695,3441.04,4253.75,30.1583,2.61481,-9.67379,1.1e+17,11.0,G,126.49085,2.899373445,,,,,Mutant,clash
LLLTYLLGLLLGFLLASLILI,LLLTYLLGLLLIFLLASLILI,GJL,clash,18.6309,-266.909,748128000.0,748128000.0,-60.2963,-288.394,-374.794,4176.44,-46.5878,-26.1037,3329.68,4199.34,57.5296,3.11999,3329.81,4178.85,36.341,3.11999,-5.67396,1.1e+17,11.0,G,127.14781,2.395058487,,,,,Mutant,clash
LLLSYLLVALLGLLLGFLILI,LLLSYLLVALLGLLLIFLILI,GJL,clash,13.2964,-264.769,772685000.0,772684000.0,-44.9412,-271.636,-345.22,4207.42,-50.8606,-28.6435,3331.19,4200.93,63.3134,17.4325,3334.73,4180.76,42.0522,17.7858,-29.9073,1.1e+17,15.0,G,112.2879,13.43851854,,,,,Mutant,clash
LLLYFLLAVLLGLLLGSLILI,LLLYFLLIVLLGLLLGSLILI,GJL,clash,26.8982,-264.777,802421000.0,802420000.0,-60.2613,-288.894,-369.626,4255.75,-46.8371,-20.4707,3268.14,4161.48,57.636,0.0,3268.14,4161.48,57.636,0.0,-16.4919,1.1e+17,7.0,A,129.5954,0.0,,,,,Mutant,clash
LLLAYLLGVLLGLLLGSLILI,LLLAYLLGVLLILLLGSLILI,GJL,clash,13.3868,-255.607,813337000.0,813336000.0,-60.2742,-283.607,-379.384,4107.45,-50.0366,-35.5025,3153.68,4027.68,59.1019,0.0,3153.68,4008.56,38.3093,0.0,-26.7388,1.1e+17,11.0,G,130.2678,0.0,,,,,Mutant,clash
LLLSYLLTALLGALLGFLILI,LLLSYLLTALLIALLGFLILI,GJL,clash,13.119,-259.384,916692000.0,916692000.0,-58.6186,-275.052,-349.027,4139.79,-53.1536,-15.3556,3279.64,4133.07,60.6574,11.6725,3283.26,4114.96,40.6672,10.1419,-12.2521,1.1e+17,11.0,G,118.5953,8.960387755,,,,,Mutant,clash
LLLAYLLVFLLGLLLGSLILI,LLLAYLLVFLLGLLLISLILI,GJL,clash,10.6102,-259.499,918826000.0,918826000.0,-60.3448,-279.711,-364.861,4219.58,-54.3426,-24.8055,3106.44,4132.49,62.5088,8.93867,3107.04,4113.64,41.8214,8.63757,-33.0247,1.1e+17,15.0,G,120.78173,6.890720349,,,,,Mutant,clash
LLLYLLLGTLLGFLLSILILI,LLLYLLLITLLGFLLSILILI,GJL,clash,19.742,-265.758,943567000.0,943567000.0,-74.0797,-283.039,-376.949,4312.69,-58.242,-19.8296,3278.41,4225.01,62.0807,0.0,3278.41,4207.14,41.9146,0.0,-38.2375,1.1e+17,7.0,G,129.5954,0.0,,,,,Mutant,clash
LLLYILLATLLGLLLGFLILI,LLLYILLATLLILLLGFLILI,GJL,clash,15.6944,-266.443,981900000.0,981899000.0,-58.7176,-279.188,-361.057,4292.52,-54.5245,-23.1516,3404.43,4236.29,58.4314,0.0,3404.43,4218.64,38.2413,0.0,-33.6741,1.1e+17,11.0,G,130.2678,0.0,,,,,Mutant,clash
LLLTFLLAVLLGLLLGSLILI,LLLTFLLAVLLILLLGSLILI,GJL,clash,15.1681,-259.424,1018260000.0,1018260000.0,-60.2706,-284.162,-381.884,4140.34,-49.263,-37.4515,3194.4,4029.29,58.1207,0.0,3194.4,4011.67,38.3156,0.0,-21.6354,1.1e+17,11.0,G,130.2678,0.0,,,,,Mutant,clash
LLLYFLLTILLGVLLALLILI,LLLYFLLTILLIVLLALLILI,GJL,clash,12.3992,-265.092,1059580000.0,1059580000.0,-58.7793,-280.213,-365.872,4273.42,-50.9329,-26.8802,3389.43,4259.14,55.6437,0.570188,3389.43,4242.47,36.6081,0.570188,-18.4887,1.1e+17,11.0,G,129.697612,0.437704483,,,,,Mutant,clash
LLLTYLLAFLLGVLLGLLILI,LLLTYLLAFLLGVLLILLILI,GJL,clash,19.9318,-271.824,1132230000.0,1132230000.0,-44.9207,-271.9,-345.073,4256.15,-54.6171,-28.2524,3103.57,4123.0,59.4889,0.0,3103.61,4104.06,38.9914,0.0389564,-25.4978,1.1e+17,15.0,G,129.7204,0.0,,,,,Mutant,clash
LLLSYLLILLLGTLLAFLILI,LLLSYLLILLLITLLAFLILI,GJL,clash,15.7663,-271.894,1155070000.0,1155070000.0,-58.7724,-281.86,-369.708,4237.32,-49.5098,-29.0747,3410.56,4238.48,54.277,0.435802,3410.57,4225.88,36.3919,0.145267,-27.8576,1.1e+17,11.0,G,129.831998,0.334543149,,,,,Mutant,clash
LLLTYLLAVLLGILLGLLILI,LLLTYLLAVLLGILLILLILI,GJL,clash,14.0815,-264.213,1207510000.0,1207510000.0,-44.9369,-270.939,-360.722,4211.63,-54.1325,-44.8462,3152.85,4068.38,59.8676,0.541467,3152.79,4049.62,39.342,0.546746,-21.372,1.1e+17,15.0,G,129.178933,0.417410831,,,,,Mutant,clash
LLLSTLLGALLGLLLAVLILI,LLLSTLLGALLILLLAVLILI,GJL,clash,16.2625,-259.566,1304730000.0,1304730000.0,-44.8908,-264.605,-363.806,4074.81,-51.9813,-54.3101,3141.43,3901.25,54.987,1.04563,3141.51,3882.81,34.194,1.04563,-14.0094,1.1e+17,11.0,G,129.22217,0.802677254,,,,,Mutant,clash
LLLYALLVLLLGTLLAFLILI,LLLYALLVLLLITLLAFLILI,GJL,clash,13.1734,-264.701,1313250000.0,1313250000.0,-58.7698,-278.12,-361.543,4258.49,-51.6119,-24.6533,3554.92,4250.45,54.8936,1.23477,3555.56,4236.88,36.7369,0.581069,-12.827,1.1e+17,11.0,G,129.03303,0.947870464,,,,,Mutant,clash
LLLTSLLLGLLFALLAYLILI,LLLTSLLLGLLFALLIYLILI,GJL,clash,15.639,-271.411,1320050000.0,1320050000.0,-44.9453,-272.443,-348.344,4172.3,-49.5986,-30.9557,3232.71,4199.12,55.4942,4.42807,3232.71,4199.12,55.4942,4.42807,-21.9286,1.1e+17,15.0,A,128.78401,0.799548613,,,,,Mutant,clash
LLLYLLLGALLAFLLSTLILI,LLLYLLLGALLIFLLSTLILI,GJL,clash,16.5864,-263.775,1334970000.0,1334970000.0,-74.0462,-290.66,-381.112,4287.63,-50.9262,-16.4057,3515.52,4208.62,58.992,12.2159,3515.52,4208.62,58.992,12.2159,-12.4366,1.1e+17,11.0,A,128.17231,1.608601665,,,,,Mutant,clash
LLLYFLLGVLLGLLLSTLILI,LLLYFLLIVLLGLLLSTLILI,GJL,clash,25.8119,-264.529,1362850000.0,1362850000.0,-74.1291,-292.696,-384.185,4289.13,-55.7684,-17.3601,3229.9,4216.49,60.2806,0.0,3229.9,4200.09,40.6325,0.0,-29.5179,1.1e+17,7.0,G,129.5954,0.0,,,,,Mutant,clash
LLLSYLLGVLLGTLLGFLILI,LLLSYLLGVLLITLLGFLILI,GJL,clash,14.9851,-264.285,1540160000.0,1540160000.0,-58.6887,-276.236,-348.969,4154.86,-54.7134,-14.0439,3327.28,4144.66,63.368,0.0,3327.28,4123.37,42.0652,0.0,-26.5145,1.1e+17,11.0,G,130.2678,0.0,,,,,Mutant,clash
LLLTYLLAFLLGVLLGLLILI,LLLTYLLAFLLIVLLGLLILI,GJL,clash,19.9353,-271.824,1713820000.0,1713820000.0,-44.9207,-276.855,-350.746,4238.63,-50.175,-28.9705,3103.61,4115.29,57.3363,0.0,3103.61,4104.06,40.5062,0.0,-25.4978,1.1e+17,11.0,G,130.2678,0.0,,,,,Mutant,clash
LLLSYLLGLLLGFLLSTLILI,LLLSYLLILLLGFLLSTLILI,GJL,clash,23.3638,-275.544,1872410000.0,1872410000.0,-74.0925,-295.1,-388.821,4181.17,-53.3896,-19.6284,3302.37,4192.0,55.4088,0.0,3302.37,4181.2,38.0124,0.0,-25.2886,1.1e+17,7.0,G,129.5954,0.0,,,,,Mutant,clash
LLLSYLLFVLLGILLALLILI,LLLSYLLFVLLIILLALLILI,GJL,clash,17.7505,-272.195,1915570000.0,1915570000.0,-44.9887,-278.967,-359.798,4243.6,-46.2805,-35.842,3186.06,4199.88,49.0151,0.0663661,3186.06,4198.61,35.3218,0.0663661,-25.4259,1.1e+17,11.0,G,130.2014339,0.050945898,,,,,Mutant,clash
LLLYLLLGTLLGILLAFLILI,LLLYLLLGTLLIILLAFLILI,GJL,clash,14.5453,-265.6,1916460000.0,1916460000.0,-58.7658,-277.751,-355.868,4310.1,-51.3153,-19.351,3518.43,4261.25,58.3401,0.0,3518.43,4239.0,36.8204,0.0,-16.7257,1.1e+17,11.0,G,130.2678,0.0,,,,,Mutant,clash
LLLSYLLGLLLGVLLSTLILI,LLLSYLLILLLGVLLSTLILI,GJL,clash,15.7975,-265.999,1968960000.0,1968960000.0,-74.1322,-290.692,-397.794,4152.86,-49.4919,-32.9698,3254.35,4075.9,56.0461,0.0,3254.35,4063.86,38.2423,0.0,-6.10586,1.1e+17,7.0,G,129.5954,0.0,,,,,Mutant,clash
LLLSYLLTVLLGILLGLLILI,LLLSYLLTVLLIILLGLLILI,GJL,clash,12.5598,-266.404,2102800000.0,2102800000.0,-58.7344,-276.921,-375.096,4166.41,-56.6141,-39.441,3112.65,4070.24,62.556,0.0,3112.65,4046.37,40.522,0.0,-31.5567,1.1e+17,11.0,G,130.2678,0.0,,,,,Mutant,clash
LLLFVLLTILLGALLSLLILI,LLLFVLLTILLGALLILLILI,GJL,clash,12.7251,-253.555,2604800000.0,2604800000.0,-58.8679,-268.94,-363.403,4234.92,-54.6664,-35.5954,3325.28,4068.85,60.4757,12.8389,3324.45,4086.19,72.523,13.9987,-9.71457,1.1e+17,15.0,S,116.8815,9.897363869,,,,,Mutant,clash
LLLYALLTLLLGFLLGILILI,LLLYALLTLLLGFLLIILILI,GJL,clash,13.6156,-267.395,2644790000.0,2644790000.0,-58.7915,-272.909,-354.791,4293.24,-59.655,-23.0907,3353.53,4217.48,58.8108,0.123505,3353.53,4205.2,41.5276,0.123505,-27.0037,1.1e+17,15.0,G,129.596895,0.095208618,,,,,Mutant,clash
LLLYFLLGLLLGVLLGSLILI,LLLYFLLGLLLIVLLGSLILI,GJL,clash,25.3986,-263.495,2766980000.0,2766980000.0,-60.2835,-287.197,-366.772,4276.38,-55.8359,-19.2916,3147.71,4122.04,61.5755,0.0,3147.71,4104.3,41.1979,0.0,-40.0165,1.1e+17,11.0,G,130.2678,0.0,,,,,Mutant,clash
LLLYLLLGFLLGTLLGSLILI,LLLYLLLGFLLITLLGSLILI,GJL,clash,20.2102,-266.074,2985900000.0,2985900000.0,-74.0188,-290.153,-378.665,4226.61,-60.2475,-14.4934,3208.86,4191.02,57.9171,0.0,3208.86,4178.01,40.3398,0.0,-27.7766,1.1e+17,11.0,G,130.2678,0.0,,,,,Mutant,clash
LLLSYLLTALLGALLGFLILI,LLLSYLLTALLGALLIFLILI,GJL,clash,13.1178,-259.384,3156820000.0,3156820000.0,-58.6186,-268.135,-342.315,4145.36,-57.6271,-15.5612,3276.5,4140.01,64.5538,36.2496,3283.26,4114.96,41.6045,32.5895,-12.2521,1.1e+17,15.0,G,93.4708,27.94440967,,,,,Mutant,clash
LLLTLLLGLLLGVLLASLILI,LLLTLLLGLLLIVLLASLILI,GJL,clash,17.4811,-260.211,3344210000.0,3344210000.0,-60.2643,-282.462,-398.677,4145.02,-49.6062,-55.9503,3184.44,3983.39,57.5401,3.00383,3184.83,3963.18,36.4193,3.1491,-17.8028,1.1e+17,11.0,G,127.26397,2.305888332,,,,,Mutant,clash
LLLYFLLGALLGILLTLLILI,LLLYFLLIALLGILLTLLILI,GJL,clash,24.9358,-262.607,3353580000.0,3353580000.0,-58.8283,-278.837,-359.868,4319.57,-57.071,-22.203,3345.66,4204.59,57.6586,0.0,3345.66,4192.5,40.3415,0.0,-28.8941,1.1e+17,7.0,G,129.5954,0.0,,,,,Mutant,clash
LLLSTLLGLLLGVLLAILILI,LLLSTLLILLLGVLLAILILI,GJL,clash,17.0634,-263.846,3380310000.0,3380310000.0,-44.9506,-267.872,-371.422,4092.97,-51.6343,-58.5995,3150.05,3901.88,58.1702,1.60163,3150.13,3883.75,38.0924,1.67426,-17.0296,1.1e+17,7.0,G,127.99377,1.235869483,,,,,Mutant,clash
LLLSYLLVLLLGFLLGTLILI,LLLSYLLVLLLIFLLGTLILI,GJL,clash,12.7121,-267.347,3923960000.0,3923960000.0,-58.765,-288.725,-371.762,4183.58,-57.8543,-24.2718,3154.71,4192.81,58.8205,0.217901,3154.78,4179.68,40.5728,0.145267,-47.5636,1.1e+17,11.0,G,130.049899,0.167271574,,,,,Mutant,clash
LLLTSLLFALLGILLALLILI,LLLTSLLFALLGILLILLILI,GJL,clash,20.5785,-270.342,3965060000.0,3965060000.0,-44.9798,-268.43,-356.011,4140.14,-52.7458,-42.6013,3191.82,4082.77,59.4374,12.318,3191.82,4082.77,59.4374,12.318,-7.15644,1.1e+17,15.0,A,117.4024,9.495807907,,,,,Mutant,clash
LLLTSLLFALLGILLALLILI,LLLTSLLFALLIILLALLILI,GJL,clash,20.5844,-271.522,4011090000.0,4011090000.0,-44.9798,-272.01,-363.445,4141.77,-50.1746,-46.455,3190.7,4086.71,49.8457,4.87641,3191.82,4082.77,35.0421,4.29534,-7.15644,1.1e+17,11.0,G,125.39139,3.743373266,,,,,Mutant,clash
LLLTYLLGVLLGLLLSFLILI,LLLTYLLGVLLILLLSFLILI,GJL,clash,25.658,-276.286,4350930000.0,4350930000.0,-60.3458,-283.998,-371.18,4222.37,-52.6785,-26.8363,3306.0,4216.53,49.797,0.0,3306.0,4201.18,29.7071,0.0,-9.24157,1.1e+17,11.0,G,130.2678,0.0,,,,,Mutant,clash
LLLYSLLFALLGALLTLLILI,LLLYSLLFALLIALLTLLILI,GJL,clash,21.1821,-270.377,4380030000.0,4380030000.0,-58.8315,-278.884,-362.235,4266.47,-55.4159,-24.5194,3383.48,4253.73,45.0288,16.5473,3387.03,4251.87,29.9387,13.1335,-8.92688,1.1e+17,11.0,G,113.7205,12.70252511,,,,,Mutant,clash
LLLSSLLALLLGTLLGFLILI,LLLSSLLALLLGTLLIFLILI,GJL,clash,16.0315,-267.505,5209270000.0,5209270000.0,-58.7549,-267.333,-361.773,4111.19,-61.618,-35.6853,3210.54,4028.43,63.2969,9.87288,3211.37,4006.18,41.9667,9.89072,-24.8316,1.1e+17,15.0,G,119.84752,7.61089235,,,,,Mutant,clash
LLLYFLLGTLLGALLGLLILI,LLLYFLLITLLGALLGLLILI,GJL,clash,13.3413,-258.04,5338450000.0,5338450000.0,-58.7237,-272.558,-347.466,4241.07,-62.843,-16.1837,3354.47,4160.95,57.5612,1.98064,3354.53,4149.2,40.1001,1.69011,-33.2671,1.1e+17,7.0,G,127.61476,1.528325851,,,,,Mutant,clash
LLLTYLLGVLLGLLLASLILI,LLLTYLLGVLLILLLASLILI,GJL,clash,17.2085,-264.128,5378280000.0,5378280000.0,-60.2796,-285.551,-384.715,4156.81,-48.8817,-38.8843,3197.49,4087.27,54.3515,0.0,3197.49,4069.15,34.0768,0.0,-13.2764,1.1e+17,11.0,G,130.2678,0.0,,,,,Mutant,clash
LLLTYLLALLLGVLLGSLILI,LLLTYLLALLLIVLLGSLILI,GJL,clash,17.9883,-266.605,5503900000.0,5503900000.0,-60.2923,-286.189,-385.325,4158.59,-50.3608,-38.8438,3159.43,4083.0,59.7454,0.0726336,3159.63,4064.88,38.7306,0.0726336,-20.1072,1.1e+17,11.0,G,130.1951664,0.05575714,,,,,Mutant,clash
LLLAGLLFLLLGTLLGSLILI,LLLAGLLFLLLGTLLISLILI,GJL,clash,13.1616,-255.81,5858630000.0,5858630000.0,-74.1241,-273.688,-374.991,4092.3,-59.2401,-27.1794,3134.08,4016.78,63.3276,2.0312,3134.12,3994.87,41.9413,2.07015,-23.3464,1.1e+17,15.0,G,127.6892,1.565829276,,,,,Mutant,clash
LLLSYLLVALLGALLGLLILI,LLLSYLLVALLIALLGLLILI,GJL,clash,10.5409,-255.371,5865260000.0,5865260000.0,-44.9223,-270.085,-356.591,4131.31,-49.9117,-41.5835,3210.32,4045.94,60.8819,5.04048,3211.22,4027.51,40.6455,3.73308,-27.9455,1.1e+17,11.0,G,125.22732,3.869321505,,,,,Mutant,clash
LLLSYLLGVLLGLLLATLILI,LLLSYLLGVLLILLLATLILI,GJL,clash,14.8439,-262.325,6093740000.0,6093740000.0,-58.7839,-281.928,-376.522,4150.2,-55.4772,-35.8101,3203.07,4064.87,54.849,0.0,3203.07,4047.62,34.6202,0.0,-26.2402,1.1e+17,11.0,G,130.2678,0.0,,,,,Mutant,clash
LLLYFLLGTLLGLLLGSLILI,LLLYFLLGTLLILLLGSLILI,GJL,clash,24.5443,-264.089,6172700000.0,6172700000.0,-74.0795,-287.451,-374.512,4266.06,-60.3394,-12.9815,3140.68,4163.67,58.6493,0.0,3140.68,4146.23,38.5602,0.0,-40.8964,1.1e+17,11.0,G,130.2678,0.0,,,,,Mutant,clash
LLLAFLLGTLLGVLLGLLILI,LLLAFLLITLLGVLLGLLILI,GJL,clash,29.2401,-259.777,7088660000.0,7088660000.0,-58.726,-268.92,-358.31,4088.79,-57.3428,-30.6642,3147.84,3981.39,57.1386,0.0,3147.84,3970.3,40.0509,0.0,-28.8249,1.1e+17,7.0,G,129.5954,0.0,,,,,Mutant,clash
LLLLFLLGILLGTLLASLILI,LLLLFLLIILLGTLLASLILI,GJL,clash,18.9379,-250.865,7472180000.0,7472180000.0,-74.072,-286.383,-393.262,4100.43,-58.2627,-32.8069,3166.71,4137.49,55.2271,0.0,3166.71,4138.47,43.389,0.0,-16.4292,1.1e+17,7.0,G,129.5954,0.0,,,,,Mutant,clash
LLLTFLLGLLLGVLLSILILI,LLLTFLLILLLGVLLSILILI,GJL,clash,19.3198,-262.12,8667760000.0,8667760000.0,-60.3583,-277.411,-378.403,4173.69,-50.5217,-40.6339,3198.01,4048.46,55.781,0.0,3198.01,4037.26,38.164,0.0,-20.4286,1.1e+17,7.0,G,129.5954,0.0,,,,,Mutant,clash
LLLAYLLGVLLGLLLSTLILI,LLLAYLLGVLLILLLSTLILI,GJL,clash,21.511,-264.525,9560980000.0,9560980000.0,-74.1418,-289.182,-396.002,4137.45,-57.7336,-32.6776,3193.16,4098.66,54.2369,0.0,3193.16,4080.45,33.956,0.0,-15.265,1.1e+17,11.0,G,130.2678,0.0,,,,,Mutant,clash
LLLYFLLGALLGILLTLLILI,LLLYFLLGALLIILLTLLILI,GJL,clash,24.1378,-262.636,10072900000.0,10072900000.0,-58.8283,-278.962,-360.06,4320.62,-55.8646,-22.2695,3344.28,4214.86,53.8073,2.74754,3345.66,4192.5,31.086,1.94857,-28.8941,1.1e+17,11.0,G,127.52026,2.109147464,,,,,Mutant,clash
LLLLFLLGILLGTLLASLILI,LLLLFLLGILLITLLASLILI,GJL,clash,18.3542,-250.879,10397300000.0,10397300000.0,-74.072,-285.113,-390.953,4144.78,-54.7308,-31.7687,3166.71,4160.9,59.9281,0.0,3166.71,4138.47,38.1793,0.0,-16.4292,1.1e+17,11.0,G,130.2678,0.0,,,,,Mutant,clash
LLLYFLLAVLLGLLLGSLILI,LLLYFLLAVLLILLLGSLILI,GJL,clash,26.3539,-265.975,10882600000.0,10882600000.0,-60.2613,-285.835,-369.057,4292.15,-46.8371,-22.9609,3268.14,4179.28,58.2138,0.0,3268.14,4161.48,38.064,0.0,-16.4919,1.1e+17,11.0,G,130.2678,0.0,,,,,Mutant,clash
LLLTLLLFYLLGVLLGSLILI,LLLTLLLFYLLGVLLISLILI,GJL,clash,16.3562,-270.25,11058500000.0,11058500000.0,-60.3176,-282.499,-369.789,4185.34,-53.3237,-26.9724,3147.96,4266.5,62.3134,4.78195,3147.87,4244.84,41.1281,4.69348,-19.1409,1.1e+17,15.0,G,124.93845,3.686351568,,,,,Mutant,clash
LLLTFLLGVLLGLLLSILILI,LLLTFLLIVLLGLLLSILILI,GJL,clash,20.4389,-262.997,11352900000.0,11352900000.0,-60.3447,-276.851,-378.099,4169.73,-52.5123,-40.9038,3153.25,4079.4,54.6027,0.0,3153.25,4073.98,40.0383,0.0,-27.0782,1.1e+17,7.0,G,129.5954,0.0,,,,,Mutant,clash
LLLSYLLFLLLGVLLGSLILI,LLLSYLLILLLGVLLGSLILI,GJL,clash,13.6069,-260.813,11969600000.0,11969600000.0,-60.3605,-285.137,-381.413,4118.17,-50.5104,-35.916,3205.27,3981.0,57.3419,15.3577,3185.58,4135.28,156.833,43.1039,-22.471,1.1e+17,7.0,F,114.2377,11.85049778,,,,,Mutant,clash
LLLYLLLGTLLGFLLSILILI,LLLYLLLGTLLIFLLSILILI,GJL,clash,18.9439,-265.781,12089500000.0,12089500000.0,-74.1043,-281.589,-375.596,4304.4,-58.7735,-19.9025,3278.23,4229.3,58.1848,0.581069,3278.41,4207.14,36.4743,0.653703,-38.2375,1.1e+17,11.0,G,129.686731,0.446057276,,,,,Mutant,clash
LLLSYLLAVLLGLLLGTLILI,LLLSYLLAVLLILLLGTLILI,GJL,clash,19.6479,-271.023,12214300000.0,12214300000.0,-58.7719,-284.103,-378.794,4146.52,-51.2791,-35.9186,3239.14,4018.73,58.1967,0.0,3239.14,4001.68,38.2984,0.0,-11.997,1.1e+17,11.0,G,130.2678,0.0,,,,,Mutant,clash
LLLYLLLGILLGFLLSTLILI,LLLYLLLGILLIFLLSTLILI,GJL,clash,18.0859,-267.054,12862300000.0,12862300000.0,-74.1746,-295.182,-386.661,4323.22,-54.9447,-17.3047,3376.97,4255.43,53.3119,1.0351,3377.12,4235.51,31.4113,1.10773,-32.077,1.1e+17,11.0,G,129.2327,0.794593906,,,,,Mutant,clash
LLLYVLLFTLLGALLGLLILI,LLLYVLLFTLLIALLGLLILI,GJL,clash,14.9865,-261.046,13861700000.0,13861700000.0,-58.7108,-276.135,-356.432,4253.42,-52.2018,-21.5857,3404.85,4207.99,54.4352,0.502168,3404.85,4203.79,39.4913,0.502168,-19.5858,1.1e+17,11.0,G,129.765632,0.38548897,,,,,Mutant,clash
LLLTFLLGLLLGVLLGSLILI,LLLTFLLGLLLIVLLGSLILI,GJL,clash,29.7143,-266.338,14318100000.0,14318100000.0,-60.2824,-284.49,-378.541,4137.39,-51.9076,-33.7678,3142.78,4008.53,60.872,0.45403,3142.85,3990.3,40.6719,0.526664,-20.6302,1.1e+17,11.0,G,129.81377,0.348535862,,,,,Mutant,clash
LLLSYLLGFLLGTLLGLLILI,LLLSYLLGFLLITLLGLLILI,GJL,clash,15.2138,-266.468,17947300000.0,17947300000.0,-58.7092,-274.868,-352.558,4181.44,-51.084,-18.9804,3287.63,4133.42,57.925,0.0617526,3287.63,4120.77,40.2288,0.0617526,-12.0026,1.1e+17,11.0,G,130.2060474,0.047404347,,,,,Mutant,clash
LLLTALLFLLLGLLLGSLILI,LLLTALLFLLLILLLGSLILI,GJL,clash,16.3889,-266.764,19774200000.0,19774200000.0,-60.3637,-283.227,-385.777,4141.91,-52.4037,-42.186,3082.88,4070.76,47.95,0.0,3082.88,4076.77,36.9662,0.0,-29.4405,1.1e+17,11.0,G,130.2678,0.0,,,,,Mutant,clash
LLLASLLTLLLGYLLGVLILI,LLLASLLTLLLIYLLGVLILI,GJL,clash,14.9778,-265.101,20439400000.0,20439400000.0,-58.8608,-272.927,-370.329,4078.21,-56.7636,-38.541,3133.79,4047.11,58.9931,0.199098,3133.79,4034.05,40.6567,0.199098,-16.6594,1.1e+17,11.0,G,130.068702,0.152837463,,,,,Mutant,clash
LLLTFLLGILLGLLLGSLILI,LLLTFLLGILLILLLGSLILI,GJL,clash,26.0174,-266.514,20491300000.0,20491300000.0,-60.2593,-287.355,-384.464,4146.71,-51.7614,-36.8488,3080.08,4016.21,58.4856,0.0,3080.08,3997.82,38.0323,0.0,-33.988,1.1e+17,11.0,G,130.2678,0.0,,,,,Mutant,clash
LLLSYLLVLLLGALLGFLILI,LLLSYLLVLLLGALLIFLILI,GJL,clash,9.13541,-259.472,20491400000.0,20491400000.0,-44.9973,-271.642,-344.178,4257.85,-53.5785,-27.5384,3223.32,4176.03,64.5264,13.8996,3224.86,4150.96,41.8551,12.5691,-45.7637,1.1e+17,15.0,G,115.8208,10.71504559,,,,,Mutant,clash
LLLAYLLFLLLGVLLGSLILI,LLLAYLLILLLGVLLGSLILI,GJL,clash,12.496,-256.71,20910800000.0,20910800000.0,-60.2995,-282.532,-378.125,4108.21,-53.6146,-35.2928,3129.89,3996.61,56.258,8.95183,3121.82,4077.76,141.237,61.5957,-31.4659,1.1e+17,7.0,F,120.64357,6.907521409,,,,,Mutant,clash
LLLYSLLALLLGTLLGFLILI,LLLYSLLILLLGTLLGFLILI,GJL,clash,18.0255,-267.597,22244600000.0,22244600000.0,-58.7271,-276.669,-353.695,4246.39,-58.9298,-18.2995,3405.39,4186.92,59.5305,11.3001,3405.39,4186.92,59.5305,11.3001,-21.3296,1.1e+17,7.0,A,118.2953,8.719522452,,,,,Mutant,clash
LLLSTLLGALLGLLLAVLILI,LLLSTLLIALLGLLLAVLILI,GJL,clash,17.0008,-259.532,23399500000.0,23399500000.0,-44.8908,-265.102,-364.424,4065.29,-53.2869,-54.4313,3140.12,3903.45,60.0039,5.63409,3141.51,3882.81,38.9151,3.67298,-14.0094,1.1e+17,7.0,G,123.96131,4.347445974,,,,,Mutant,clash
LLLTALLFLLLGVLLASLILI,LLLTALLFLLLIVLLASLILI,GJL,clash,16.1356,-265.271,23796700000.0,23796700000.0,-60.3462,-280.158,-380.546,4117.13,-47.1411,-40.0424,3213.74,4056.64,48.3822,9.95815,3215.47,4057.28,35.1818,6.90754,-13.6832,1.1e+17,11.0,G,120.30965,7.644367987,,,,,Mutant,clash
LLLSYLLALLLGFLLGTLILI,LLLSYLLALLLIFLLGTLILI,GJL,clash,11.2949,-263.46,30922400000.0,30922400000.0,-58.7285,-286.262,-368.182,4166.09,-57.7291,-23.1914,3172.13,4187.87,61.9706,0.435802,3172.43,4167.78,40.7554,0.435802,-39.7676,1.1e+17,11.0,G,129.831998,0.334543149,,,,,Mutant,clash
LLLLFLLGTLLGALLAYLILI,LLLLFLLITLLGALLAYLILI,GJL,clash,22.8154,-253.973,33368100000.0,33368100000.0,-58.6697,-275.619,-353.762,4222.22,-59.5875,-19.4731,3281.64,4190.9,58.0524,0.0,3281.64,4179.25,40.6802,0.0,-22.2671,1.1e+17,7.0,G,129.5954,0.0,,,,,Mutant,clash
LLLAYLLFLLLGTLLGSLILI,LLLAYLLFLLLITLLGSLILI,GJL,clash,14.1107,-262.626,39253900000.0,39253900000.0,-74.0794,-289.38,-382.806,4146.96,-57.7972,-19.3469,3094.61,4165.15,51.6536,0.0,3094.61,4165.81,38.8999,0.0,-37.6883,1.1e+17,11.0,G,130.2678,0.0,,,,,Mutant,clash
LLLGYLLFLLLGVLLASLILI,LLLGYLLFLLLIVLLASLILI,GJL,clash,15.9454,-263.918,41216400000.0,41216400000.0,-60.364,-286.001,-371.626,4197.28,-47.5935,-25.2608,3185.38,4131.07,48.6565,4.56504,3186.76,4132.2,35.6523,3.33027,-20.4809,1.1e+17,11.0,G,125.70276,3.504350269,,,,,Mutant,clash
LLLYLLLGALLGTLLSFLILI,LLLYLLLGALLITLLSFLILI,GJL,clash,14.8852,-265.304,50362500000.0,50362500000.0,-73.9921,-279.476,-370.424,4288.77,-51.6788,-16.9556,3417.52,4145.36,54.4839,7.58635,3418.96,4122.3,31.5453,5.84314,-18.6621,1.1e+17,11.0,G,122.68145,5.823657113,,,,,Mutant,clash
LLLTLLLFYLLGVLLGSLILI,LLLTLLLFYLLIVLLGSLILI,GJL,clash,16.3514,-270.25,50687200000.0,50687200000.0,-60.3176,-288.617,-377.0,4151.46,-49.7772,-28.0652,3147.61,4239.49,53.1012,0.726336,3147.87,4244.84,42.0646,0.435802,-19.1409,1.1e+17,11.0,G,129.541464,0.557571403,,,,,Mutant,clash
LLLSYLLGLLLGFLLSTLILI,LLLSYLLGLLLIFLLSTLILI,GJL,clash,21.796,-275.627,61687100000.0,61687100000.0,-74.0925,-295.235,-389.54,4174.96,-56.6465,-20.2129,3301.58,4199.42,54.4165,3.1769,3302.37,4181.2,33.4567,3.28321,-25.2886,1.1e+17,11.0,G,127.0909,2.438745415,,,,,Mutant,clash
LLLYILLGVLLGLLLSFLILI,LLLYILLIVLLGLLLSFLILI,GJL,clash,32.8158,-271.836,61983500000.0,61983500000.0,-60.3107,-285.222,-373.738,4276.2,-51.6572,-28.2059,3298.74,4245.09,62.2417,0.0,3298.74,4224.35,41.0308,0.0,-30.7405,1.1e+17,7.0,G,129.5954,0.0,,,,,Mutant,clash
LLLYFLLGALLGILLSLLILI,LLLYFLLIALLGILLSLLILI,GJL,clash,25.925,-262.753,67393800000.0,67393800000.0,-60.3266,-279.688,-365.691,4285.45,-52.6936,-25.6757,3303.6,4169.08,62.7964,0.0,3303.6,4147.31,41.0651,0.0,-26.9479,1.1e+17,7.0,G,129.5954,0.0,,,,,Mutant,clash
LLLYFLLATLLGLLLGSLILI,LLLYFLLATLLILLLGSLILI,GJL,clash,17.3102,-264.226,71438200000.0,71438200000.0,-74.0405,-288.945,-378.976,4272.68,-54.3251,-15.9907,3297.75,4189.51,58.2095,0.0,3297.75,4171.94,38.2706,0.0,-30.8357,1.1e+17,11.0,G,130.2678,0.0,,,,,Mutant,clash
LLLTLLLGLLLGVLLASLILI,LLLTLLLILLLGVLLASLILI,GJL,clash,18.1299,-260.191,81713300000.0,81713300000.0,-60.2643,-282.368,-399.399,4111.56,-47.5101,-56.7667,3184.83,3971.01,54.8077,0.0,3184.83,3963.18,38.4866,0.0,-17.8028,1.1e+17,7.0,G,129.5954,0.0,,,,,Mutant,clash
LLLSYLLVLLLGFLLATLILI,LLLSYLLVLLLIFLLATLILI,GJL,clash,12.9473,-267.655,83670100000.0,83670100000.0,-58.767,-287.665,-373.783,4188.33,-51.9497,-27.3508,3255.41,4220.28,54.7444,3.41378,3255.95,4206.46,36.5417,2.46954,-27.2819,1.1e+17,11.0,G,126.85402,2.620586208,,,,,Mutant,clash
LLLYLLLTTLLAGLLFSLILI,LLLYLLLTTLLAILLFSLILI,GJL,clash,15.0474,-267.927,90369300000.0,90369300000.0,-87.9598,-287.386,-388.609,4292.75,-54.0869,-13.2638,3433.14,4302.38,50.0851,23.4923,3450.71,4295.77,33.7357,9.43472,-8.86812,1.1e+17,12.0,G,106.3297,18.0957773,,,,,Mutant,clash
LLLSYLLGLLLGFLLGTLILI,LLLSYLLGLLLIFLLGTLILI,GJL,clash,19.4991,-270.959,96677700000.0,96677700000.0,-58.7136,-286.156,-364.798,4149.52,-53.1255,-19.9285,3283.19,4147.55,61.1301,1.38004,3283.42,4128.26,40.2875,1.30741,-25.6118,1.1e+17,11.0,G,128.88776,1.059386894,,,,,Mutant,clash
LLLALLLTVLLGGLLFSLILI,LLLALLLTVLLGILLFSLILI,GJL,clash,13.0143,-257.566,103561000000.0,103561000000.0,-74.0963,-279.025,-383.219,4137.88,-49.914,-30.0975,3219.74,4086.04,50.62,24.5145,3238.16,4080.12,34.6889,9.38521,-6.42133,1.1e+17,12.0,G,105.3075,18.8831631,,,,,Mutant,clash
LLLYALLFLLLGTLLGSLILI,LLLYALLFLLLITLLGSLILI,GJL,clash,16.9791,-266.899,106405000000.0,106405000000.0,-74.1625,-290.335,-383.071,4207.94,-55.2367,-18.5732,3273.58,4219.6,47.4429,0.435802,3273.68,4227.06,37.8042,0.145267,-29.1246,1.1e+17,11.0,G,129.831998,0.334543149,,,,,Mutant,clash
LLLYLLLAFLLGVLLGSLILI,LLLYLLLAFLLIVLLGSLILI,GJL,clash,16.1531,-263.809,142884000000.0,142884000000.0,-60.278,-288.884,-373.084,4252.96,-48.7196,-23.923,3359.66,4220.64,61.556,0.0,3359.66,4200.1,40.7907,0.0,-11.4742,1.1e+17,11.0,G,130.2678,0.0,,,,,Mutant,clash
LLLYILLTLLLGALLAFLILI,LLLYILLTLLLIALLAFLILI,GJL,clash,14.8518,-265.055,157235000000.0,157235000000.0,-58.7963,-279.413,-364.278,4300.84,-52.4401,-26.0693,3510.32,4260.34,55.5477,5.85068,3511.14,4245.13,36.9376,3.81694,-21.875,1.1e+17,11.0,G,124.41712,4.491271059,,,,,Mutant,clash
LLLSTLLGLLLGVLLAILILI,LLLSTLLGLLLIVLLAILILI,GJL,clash,16.3519,-263.878,164025000000.0,164025000000.0,-44.9506,-268.201,-371.806,4073.57,-50.1437,-58.6541,3148.07,3903.15,57.47,8.39286,3150.13,3883.75,36.7306,5.70541,-17.0296,1.1e+17,11.0,G,121.87494,6.442774039,,,,,Mutant,clash
LLLSYLLVLLLGTLLAFLILI,LLLSYLLVLLLITLLAFLILI,GJL,clash,15.4514,-269.881,168206000000.0,168206000000.0,-58.8025,-280.308,-365.465,4215.24,-52.1485,-26.3553,3306.47,4242.79,54.5173,0.0726336,3306.57,4229.6,36.4308,0.0726336,-30.2578,1.1e+17,11.0,G,130.1951664,0.05575714,,,,,Mutant,clash
LLLYILLGLLLGTLLASLILI,LLLYILLGLLLITLLASLILI,GJL,clash,22.1767,-261.93,179161000000.0,179161000000.0,-74.0156,-289.8,-397.507,4210.78,-55.0242,-33.6912,3197.9,4116.02,56.792,1.48206,3197.9,4097.78,36.4183,1.48206,-11.5693,1.1e+17,11.0,G,128.78574,1.137702487,,,,,Mutant,clash
LLLYFLLGVLLGTLLSLLILI,LLLYFLLGVLLITLLSLLILI,GJL,clash,23.3746,-263.826,236421000000.0,236421000000.0,-73.9815,-282.119,-372.387,4315.82,-54.4957,-16.287,3262.92,4215.66,54.0557,0.308763,3262.92,4193.44,31.5526,0.308763,-19.4915,1.1e+17,11.0,G,129.959037,0.237021735,,,,,Mutant,clash
LLLTFLLGVLLGLLLGSLILI,LLLTFLLGVLLILLLGSLILI,GJL,clash,27.2266,-265.48,246784000000.0,246784000000.0,-60.2321,-282.18,-376.744,4130.51,-52.5198,-34.3319,3087.52,4051.37,56.4231,0.0,3087.52,4035.01,36.1056,0.0,-32.3478,1.1e+17,11.0,G,130.2678,0.0,,,,,Mutant,clash
LLLSSLLALLLGVLLGTLILI,LLLSSLLALLLIVLLGTLILI,GJL,clash,15.7931,-264.781,257011000000.0,257011000000.0,-58.7566,-278.09,-386.495,4031.71,-54.967,-49.6482,3081.85,3914.84,61.6814,0.931702,3082.63,3894.77,40.6937,0.4959,-21.5114,1.1e+17,11.0,G,129.336098,0.715220492,,,,,Mutant,clash
LLLYALLTLLLGFLLGILILI,LLLYALLTLLLIFLLGILILI,GJL,clash,13.6102,-267.395,271805000000.0,271805000000.0,-58.7915,-277.008,-360.085,4253.96,-57.6179,-24.2856,3351.78,4219.04,59.3787,5.14445,3353.53,4205.2,40.7016,3.54651,-27.0037,1.1e+17,11.0,G,125.12335,3.949134015,,,,,Mutant,clash
LLLAYLLFLLLGTLLSILILI,LLLAYLLFLLLITLLSILILI,GJL,clash,17.0775,-268.194,495912000000.0,495912000000.0,-74.1028,-282.912,-381.87,4226.08,-52.5004,-24.8546,3234.4,4213.2,43.3374,0.508435,3234.44,4216.18,30.3267,0.145267,-19.1342,1.1e+17,11.0,G,129.759365,0.390299829,,,,,Mutant,clash
LLLYFLLGVLLGTLLGLLILI,LLLYFLLGVLLITLLGLLILI,GJL,clash,38.352,-268.07,560761000000.0,560761000000.0,-58.6992,-275.238,-350.346,4293.27,-55.5096,-16.4086,3274.57,4196.45,62.5679,0.0,3274.57,4173.53,40.5619,0.0,-28.7978,1.1e+17,11.0,G,130.2678,0.0,,,,,Mutant,clash
LLLYFLLGVLLGTLLGLLILI,LLLYFLLIVLLGTLLGLLILI,GJL,clash,40.0417,-267.99,561449000000.0,561449000000.0,-58.6992,-274.949,-350.801,4272.06,-55.5394,-17.1536,3274.57,4185.71,57.5896,0.0,3274.57,4173.53,40.1499,0.0,-28.7978,1.1e+17,7.0,G,129.5954,0.0,,,,,Mutant,clash
LLLTALLFLLLGYLLGSLILI,LLLTALLFLLLIYLLGSLILI,GJL,clash,16.439,-268.957,619887000000.0,619887000000.0,-60.326,-286.589,-374.044,4096.43,-53.4858,-27.1288,3173.63,4175.59,51.9778,1.67057,3174.58,4176.7,39.1287,1.16214,-22.501,1.1e+17,11.0,G,128.59723,1.282412077,,,,,Mutant,clash
LLLSYLLGVLLGLLLGTLILI,LLLSYLLGVLLILLLGTLILI,GJL,clash,15.2381,-262.306,826111000000.0,826111000000.0,-58.7288,-283.369,-374.872,4138.59,-56.1204,-32.7744,3170.45,4014.65,58.7791,0.0,3170.45,3995.88,38.2651,0.0,-20.7472,1.1e+17,11.0,G,130.2678,0.0,,,,,Mutant,clash
LLLTYLLFLLLGVLLGSLILI,LLLTYLLFLLLGVLLISLILI,GJL,clash,20.8565,-273.026,887312000000.0,887312000000.0,-60.3378,-282.469,-367.848,4236.7,-53.9534,-25.0408,3116.23,4167.4,63.5234,3.32425,3116.19,4144.19,41.6174,3.2853,-30.1867,1.1e+17,15.0,G,126.39615,2.562627004,,,,,Mutant,clash
LLLATLLVGLLFGLLFLLILI,LLLATLLVGLLFILLFLLILI,GJL,clash,18.2863,-267.027,1151950000000.0,1151950000000.0,-45.0114,-271.548,-343.403,4217.58,-45.0114,-26.8437,3193.72,4214.85,45.6682,0.944237,3196.48,4212.74,28.8319,0.0726336,-16.382,1.1e+17,12.0,G,128.877763,0.727332039,,,,,Mutant,clash
LLLYFLLGALLGILLSLLILI,LLLYFLLGALLIILLSLLILI,GJL,clash,25.0976,-262.78,1351780000000.0,1351780000000.0,-60.3266,-279.32,-364.85,4315.11,-52.1229,-25.2036,3303.6,4172.06,60.2409,0.0663661,3303.6,4147.31,37.3979,0.0663661,-26.9479,1.1e+17,11.0,G,130.2014339,0.050945898,,,,,Mutant,clash
LLLALLLGLLLGVLLGSLILI,LLLALLLILLLGVLLGSLILI,GJL,clash,16.963,-254.539,1400440000000.0,1400440000000.0,-60.3054,-279.041,-392.143,4068.68,-54.3219,-52.7965,3142.64,3919.6,56.8886,2.07504,3142.99,3905.35,37.7945,2.07504,-30.7627,1.1e+17,7.0,G,127.52036,1.601167943,,,,,Mutant,clash
LLLAYLLGVLLGLLLSTLILI,LLLAYLLIVLLGLLLSTLILI,GJL,clash,23.0737,-264.454,1442260000000.0,1442260000000.0,-74.1418,-289.127,-396.011,4124.73,-54.2706,-32.7421,3193.16,4094.93,57.915,0.0,3193.16,4080.45,39.0937,0.0,-15.265,1.1e+17,7.0,G,129.5954,0.0,,,,,Mutant,clash
LLLFSLLTALLGLLLGVLILI,LLLFSLLTALLILLLGVLILI,GJL,clash,16.2615,-259.536,1496680000000.0,1496680000000.0,-58.781,-270.85,-363.217,4209.74,-65.4738,-33.5862,3213.07,4039.05,57.0766,4.1663,3213.64,4025.25,38.4592,3.9484,-19.8404,1.1e+17,11.0,G,126.1015,3.198257743,,,,,Mutant,clash
LLLVILLTLLLGALLGFLILI,LLLVILLTLLLGALLIFLILI,GJL,clash,11.5324,-257.759,1660910000000.0,1660910000000.0,-58.7713,-269.915,-366.431,4176.85,-59.0234,-37.7443,3248.2,4078.79,65.1279,14.5728,3249.41,4052.76,41.7772,13.1201,-33.0099,1.1e+17,15.0,G,115.1476,11.23400791,,,,,Mutant,clash
LLLSTLLGFLLGVLLGLLILI,LLLSTLLGFLLIVLLGLLILI,GJL,clash,18.43,-267.152,1688860000000.0,1688860000000.0,-44.9056,-271.026,-353.153,4165.61,-53.2721,-37.2208,3025.2,4008.78,57.3026,0.0,3025.2,3997.46,40.3381,0.0,-30.979,1.1e+17,11.0,G,130.2678,0.0,,,,,Mutant,clash
LLLWSLLTLLLGVLLAFLILI,LLLWSLLTLLLIVLLAFLILI,GJL,clash,16.5021,-269.449,1891640000000.0,1891640000000.0,-58.8001,-281.385,-370.118,4263.28,-52.6967,-29.9331,3343.45,4142.7,54.5401,0.581069,3343.65,4129.95,36.4698,0.363168,-18.8028,1.1e+17,11.0,G,129.686731,0.446057276,,,,,Mutant,clash
LLLYFLLGVLLGTLLSLLILI,LLLYFLLIVLLGTLLSLLILI,GJL,clash,24.1934,-263.806,2699420000000.0,2699420000000.0,-73.9815,-282.727,-373.567,4296.9,-52.0606,-16.8581,3262.92,4206.4,57.5093,0.0,3262.92,4193.44,40.1219,0.0,-19.4915,1.1e+17,7.0,G,129.5954,0.0,,,,,Mutant,clash
LLLYFLLGLLLGVLLASLILI,LLLYFLLGLLLIVLLASLILI,GJL,clash,26.6193,-262.191,3275330000000.0,3275330000000.0,-60.2828,-285.789,-368.327,4288.01,-54.9762,-22.2547,3230.26,4135.82,57.5609,5.17903,3231.65,4115.37,36.6807,4.23479,-37.2871,1.1e+17,11.0,G,125.08877,3.975679331,,,,,Mutant,clash
LLLYVLLTLLLGALLAFLILI,LLLYVLLTLLLIALLAFLILI,GJL,clash,12.6297,-263.711,3610280000000.0,3610280000000.0,-58.7433,-278.13,-360.793,4286.03,-51.5438,-23.92,3477.45,4226.79,54.817,10.2454,3479.66,4213.02,36.4572,7.41267,-21.2603,1.1e+17,11.0,G,120.0224,7.86487528,,,,,Mutant,clash
LLLSYLLVLLLGALLAFLILI,LLLSYLLVLLLIALLAFLILI,GJL,clash,9.1298,-260.652,3616740000000.0,3616740000000.0,-44.9973,-277.03,-353.55,4220.48,-49.1789,-31.5234,3304.46,4202.08,54.2089,3.41378,3305.03,4191.02,36.7368,2.46954,-34.7785,1.1e+17,11.0,G,126.85402,2.620586208,,,,,Mutant,clash
LLLSTLLGLLLGVLLGILILI,LLLSTLLGLLLIVLLGILILI,GJL,clash,19.1237,-266.831,3761540000000.0,3761540000000.0,-44.9498,-268.752,-369.093,4059.34,-51.5293,-55.3913,3092.72,3883.38,61.653,4.86645,3094.38,3863.4,40.868,2.90534,-26.0226,1.1e+17,11.0,G,125.40135,3.735727478,,,,,Mutant,clash
LLLYILLGLLLGTLLAFLILI,LLLYILLGLLLITLLAFLILI,GJL,clash,13.1859,-265.243,4768290000000.0,4768290000000.0,-58.718,-278.573,-360.843,4287.96,-52.8201,-23.5523,3497.7,4255.34,57.5556,1.88847,3498.87,4235.61,36.6695,1.38004,-25.5412,1.1e+17,11.0,G,128.37933,1.449682884,,,,,Mutant,clash
LLLYFLLGLLLGVLLSTLILI,LLLYFLLGLLLIVLLSTLILI,GJL,clash,26.4795,-265.254,4843850000000.0,4843850000000.0,-74.1463,-293.423,-384.182,4299.08,-59.5849,-16.6134,3243.52,4175.76,52.7165,5.3243,3244.87,4157.35,31.7408,4.23479,-39.1721,1.1e+17,11.0,G,124.9435,4.087195761,,,,,Mutant,clash
LLLLFLLGTLLGALLAYLILI,LLLLFLLGTLLIALLAYLILI,GJL,clash,21.8192,-254.03,5912210000000.0,5912210000000.0,-58.6697,-277.042,-353.83,4275.73,-54.6394,-18.1187,3281.64,4201.45,58.6471,0.0,3281.64,4179.25,36.9039,0.0,-22.2671,1.1e+17,11.0,G,130.2678,0.0,,,,,Mutant,clash
LLLYFLLGVLLGLLLGSLILI,LLLYFLLGVLLILLLGSLILI,GJL,clash,28.5979,-263.451,6989070000000.0,6989070000000.0,-60.282,-289.371,-369.559,4284.19,-53.4014,-19.9065,3163.69,4185.65,58.5463,0.0,3163.69,4167.07,38.1432,0.0,-38.3902,1.1e+17,11.0,G,130.2678,0.0,,,,,Mutant,clash
LLLAYLLTILLGLLLGSLILI,LLLAYLLTILLILLLGSLILI,GJL,clash,11.6608,-260.252,19185700000000.0,19185700000000.0,-74.0659,-286.756,-396.353,4141.42,-52.321,-35.5311,3130.84,4057.09,57.1608,0.344366,3130.84,4042.35,38.4546,0.344366,-16.5513,1.1e+17,11.0,G,129.923434,0.264352357,,,,,Mutant,clash
LLLTVLLALLLGFLLGSLILI,LLLTVLLALLLIFLLGSLILI,GJL,clash,17.1158,-263.933,22418000000000.0,22418000000000.0,-60.3442,-285.672,-386.01,4080.31,-50.0301,-39.9935,3183.59,4013.14,62.3737,3.70431,3184.77,3992.71,40.7616,2.54218,-21.2463,1.1e+17,11.0,G,126.56349,2.843611391,,,,,Mutant,clash
LLLYLLLGFLLGTLLGSLILI,LLLYLLLIFLLGTLLGSLILI,GJL,clash,21.0782,-266.049,39880100000000.0,39880100000000.0,-74.0188,-293.552,-383.183,4199.89,-59.9286,-15.6123,3206.74,4197.31,61.7662,9.1618,3208.86,4178.01,40.9416,6.76489,-27.7766,1.1e+17,7.0,G,120.4336,7.069541049,,,,,Mutant,clash
LLLYLLLALLLGFLLGTLILI,LLLYLLLALLLIFLLGTLILI,GJL,clash,11.7812,-265.684,43290300000000.0,43290300000000.0,-58.812,-287.436,-372.222,4297.9,-59.0491,-25.9742,3341.35,4282.31,61.4992,3.90341,3342.12,4262.44,40.6455,2.52337,-33.7836,1.1e+17,11.0,G,126.36439,2.996450389,,,,,Mutant,clash
LLLSYLLVLLLGALLGFLILI,LLLSYLLVLLLIALLGFLILI,GJL,clash,9.92689,-261.408,44940500000000.0,44940500000000.0,-44.9843,-277.464,-350.85,4201.5,-54.4531,-28.4018,3224.64,4164.96,59.21,0.944237,3224.86,4150.96,41.0013,0.581069,-45.7637,1.1e+17,11.0,G,129.323563,0.724842977,,,,,Mutant,clash
LLLTYLLGVLLGILLALLILI,LLLTYLLGVLLIILLALLILI,GJL,clash,16.0492,-264.992,51239900000000.0,51239900000000.0,-44.9618,-274.398,-364.38,4197.07,-49.8368,-45.0196,3239.81,4090.57,58.6798,0.0,3239.81,4067.64,36.7861,0.0,-17.05,1.1e+17,11.0,G,130.2678,0.0,,,,,Mutant,clash
LLLYILLGLLLGTLLASLILI,LLLYILLILLLGTLLASLILI,GJL,clash,23.0314,-261.91,80622300000000.0,80622300000000.0,-74.0156,-289.509,-397.52,4211.79,-52.5581,-33.996,3197.9,4119.5,62.454,0.0,3197.9,4097.78,41.1803,0.0,-11.5693,1.1e+17,7.0,G,129.5954,0.0,,,,,Mutant,clash
LLLVYLLATLLGILLALLILI,LLLVYLLATLLIILLALLILI,GJL,clash,13.4443,-256.822,80688600000000.0,80688600000000.0,-58.7295,-275.481,-376.056,4205.59,-54.1817,-41.846,3234.41,4105.3,59.2296,0.0,3234.41,4082.05,37.554,0.0,-25.1901,1.1e+17,11.0,G,130.2678,0.0,,,,,Mutant,clash
LLLLFLLGTLLGVLLASLILI,LLLLFLLITLLGVLLASLILI,GJL,clash,27.2461,-250.472,100313000000000.0,100313000000000.0,-73.9927,-283.62,-387.402,4100.74,-57.9115,-29.7891,3161.04,4077.54,57.4499,0.0,3161.04,4067.85,39.7903,0.0,-16.7625,1.1e+17,7.0,G,129.5954,0.0,,,,,Mutant,clash
LLLLFLLGTLLGVLLASLILI,LLLLFLLGTLLIVLLASLILI,GJL,clash,26.5575,-250.49,100649000000000.0,100649000000000.0,-73.9927,-282.792,-385.526,4158.77,-55.311,-28.7404,3161.04,4089.28,58.3127,0.0726336,3161.04,4067.85,36.8758,0.0726336,-16.7625,1.1e+17,11.0,G,130.1951664,0.05575714,,,,,Mutant,clash
LLLVILLTLLLGALLGFLILI,LLLVILLTLLLIALLGFLILI,GJL,clash,11.5215,-257.76,130710000000000.0,130710000000000.0,-58.7713,-274.324,-371.155,4142.91,-58.4212,-38.0601,3248.37,4065.67,58.8429,3.10444,3249.41,4052.76,40.5946,2.30547,-33.0099,1.1e+17,11.0,G,127.16336,2.383121539,,,,,Mutant,clash
LLLSYLLGTLLGLLLAFLILI,LLLSYLLGTLLILLLAFLILI,GJL,clash,12.7338,-263.728,244124000000000.0,244124000000000.0,-58.7409,-276.226,-357.275,4182.67,-53.9768,-22.3081,3343.41,4185.53,54.3327,0.0,3343.41,4166.99,33.8846,0.0,-13.4407,1.1e+17,11.0,G,130.2678,0.0,,,,,Mutant,clash
LLLYLLLALLLGFLLGTLILI,LLLYLLLALLLGFLLITLILI,GJL,clash,11.7895,-265.684,323562000000000.0,323562000000000.0,-58.812,-279.36,-362.988,4337.64,-59.5477,-24.8157,3342.12,4275.41,59.0356,0.0,3342.12,4262.44,41.2724,0.0,-33.7836,1.1e+17,15.0,G,129.7204,0.0,,,,,Mutant,clash
LLLALLLGLLLGVLLGSLILI,LLLALLLGLLLIVLLGSLILI,GJL,clash,16.1388,-254.569,615791000000000.0,615791000000000.0,-60.3054,-280.99,-393.872,4086.79,-54.8593,-52.5767,3141.77,3923.94,61.6494,3.69343,3142.99,3905.35,41.1493,2.60393,-30.7627,1.1e+17,11.0,G,126.57437,2.835259366,,,,,Mutant,clash
LLLTILLALLLGFLLGSLILI,LLLTILLALLLIFLLGSLILI,GJL,clash,16.0333,-264.347,644162000000000.0,644162000000000.0,-60.2535,-288.889,-391.361,4094.05,-50.0416,-42.2186,3148.74,4083.84,60.1089,0.653703,3149.38,4067.52,40.55,0.726336,-25.1796,1.1e+17,11.0,G,129.614097,0.501814723,,,,,Mutant,clash
LLLYVLLTLLLGALLGFLILI,LLLYVLLTLLLIALLGFLILI,GJL,clash,11.7942,-263.532,807768000000000.0,807768000000000.0,-58.8225,-278.095,-357.617,4272.3,-56.9662,-20.7003,3435.88,4217.93,59.0053,6.95403,3437.72,4204.09,40.7128,5.21082,-32.8267,1.1e+17,11.0,G,123.31377,5.338257037,,,,,Mutant,clash
LLLLFLLATLLGILLASLILI,LLLLFLLATLLIILLASLILI,GJL,clash,16.5581,-252.45,1081830000000000.0,1081830000000000.0,-74.0765,-284.699,-393.307,4162.97,-53.7542,-34.5314,3309.22,4102.42,58.1252,0.0,3309.22,4080.35,36.615,0.0,-14.1784,1.1e+17,11.0,G,130.2678,0.0,,,,,Mutant,clash
LLLYFLLATLLGILLSLLILI,LLLYFLLATLLIILLSLLILI,GJL,clash,15.3796,-263.407,1626100000000000.0,1626100000000000.0,-74.1516,-283.85,-380.506,4332.06,-53.9356,-22.5045,3406.11,4258.12,51.187,0.0,3406.11,4237.9,29.5925,0.0,-18.9379,1.1e+17,11.0,G,130.2678,0.0,,,,,Mutant,clash
LLLYILLATLLGLLLGFLILI,LLLYILLITLLGLLLGFLILI,GJL,clash,16.1362,-265.247,1946480000000000.0,1946480000000000.0,-58.7176,-278.404,-357.701,4256.52,-58.309,-20.5795,3404.43,4218.64,62.3279,5.49909,3404.43,4218.64,62.3279,5.49909,-33.6741,1.1e+17,7.0,A,124.09631,4.24327561,,,,,Mutant,clash
LLLTSLLFLLLGALLAYLILI,LLLTSLLFLLLIALLAYLILI,GJL,clash,16.2517,-271.404,4387370000000000.0,4387370000000000.0,-44.9612,-276.864,-353.574,4177.99,-50.6546,-31.7491,3205.57,4216.81,48.5559,13.9296,3208.37,4218.17,35.1702,10.0074,-17.5524,1.1e+17,11.0,G,116.3382,10.69304924,,,,,Mutant,clash
LLLYLLLAILLGFLLSTLILI,LLLYLLLAILLIFLLSTLILI,GJL,clash,10.5087,-263.52,4661110000000000.0,4661110000000000.0,-74.2296,-293.24,-388.105,4325.4,-53.9737,-20.636,3442.43,4305.35,53.7771,0.0,3442.43,4284.54,31.4302,0.0,-21.7761,1.1e+17,11.0,G,130.2678,0.0,,,,,Mutant,clash
LLLYLLLASLLGILLAFLILI,LLLYLLLASLLIILLAFLILI,GJL,clash,12.7785,-263.127,2.26e+16,2.26e+16,-60.2539,-277.915,-364.018,4323.66,-49.323,-25.849,3538.66,4256.87,59.7521,0.338098,3538.66,4232.02,36.8161,0.338098,-25.1109,1.1e+17,11.0,G,129.929702,0.259540731,,,,,Mutant,clash
LLLYFLLGTLLGALLGLLILI,LLLYFLLGTLLIALLGLLILI,GJL,clash,13.0144,-258.051,2.27e+16,2.27e+16,-58.7237,-271.865,-345.659,4278.78,-58.2745,-15.0696,3354.53,4171.63,62.6013,0.0726336,3354.53,4149.2,40.7399,0.0726336,-33.2671,1.1e+17,11.0,G,130.1951664,0.05575714,,,,,Mutant,clash
LLLYSLLALLLGTLLGFLILI,LLLYSLLALLLITLLGFLILI,GJL,clash,17.5119,-268.802,7.24e+16,7.24e+16,-58.7271,-277.961,-357.91,4255.67,-54.2178,-21.2218,3405.02,4205.87,61.3519,0.508435,3405.39,4186.92,40.9297,0.363168,-21.3296,1.1e+17,11.0,G,129.759365,0.390299829,,,,,Mutant,clash
LLLYFLLGLLLGVLLSTLILI,LLLYFLLILLLGVLLSTLILI,GJL,clash,27.6335,-265.226,1.26e+17,1.26e+17,-74.1463,-291.871,-382.964,4307.41,-58.8201,-16.9459,3244.87,4174.94,58.0124,0.0,3244.87,4157.35,37.9454,0.0,-39.1721,1.1e+17,7.0,G,129.5954,0.0,,,,,Mutant,clash
LLLYFLLGLLLGVLLASLILI,LLLYFLLILLLGVLLASLILI,GJL,clash,27.7798,-262.164,1.55e+17,1.55e+17,-60.2828,-287.33,-370.272,4292.13,-54.1736,-22.659,3231.65,4132.74,58.1468,0.0,3231.65,4115.37,37.9682,0.0,-37.2871,1.1e+17,7.0,G,129.5954,0.0,,,,,Mutant,clash
LLLYFLLATLLGILLALLILI,LLLYFLLATLLIILLALLILI,GJL,clash,18.0517,-262.964,2.89e+17,2.89e+17,-58.7599,-277.436,-361.325,4331.92,-53.6369,-25.1293,3405.18,4229.61,58.1132,0.0,3405.18,4207.21,36.3463,0.0,-25.0951,1.1e+17,11.0,G,130.2678,0.0,,,,,Mutant,clash
LLLSSLLALLLGTLLGFLILI,LLLSSLLALLLITLLGFLILI,GJL,clash,16.0253,-267.505,1.36e+18,1.36e+18,-58.7549,-273.409,-368.021,4078.57,-57.038,-35.8572,3211.17,4025.54,61.0848,0.786435,3211.37,4006.18,40.4556,0.713801,-24.8316,1.1e+17,11.0,G,129.481365,0.603706365,,,,,Mutant,clash
LLLSSLLFLLLGVLLGTLILI,LLLSSLLFLLLIVLLGTLILI,GJL,clash,21.2637,-274.797,2.07e+18,2.07e+18,-58.7727,-282.481,-377.721,4123.15,-57.1492,-36.4675,3099.43,4052.31,52.4978,3.54025,3100.72,4052.71,39.2964,2.59601,-31.0222,1.1e+17,11.0,G,126.72755,2.717670829,,,,,Mutant,clash
LLLYGLLFLLLGVLLASLILI,LLLYGLLFLLLIVLLASLILI,GJL,clash,13.7959,-261.041,6.74e+18,6.74e+18,-60.3826,-286.395,-371.36,4243.07,-49.2053,-24.5832,3421.94,4196.24,49.5054,2.81487,3422.34,4194.85,35.4555,2.22324,-17.223,1.1e+17,11.0,G,127.45293,2.160833299,,,,,Mutant,clash
LLLYFLLGLLLGVLLGSLILI,LLLYFLLILLLGVLLGSLILI,GJL,clash,26.4544,-263.478,1.03e+19,1.03e+19,-60.2835,-288.292,-368.401,4268.92,-55.6342,-19.825,3147.71,4117.01,54.9235,0.0,3147.71,4104.3,37.3902,0.0,-40.0165,1.1e+17,7.0,G,129.5954,0.0,,,,,Mutant,clash
LLLAYLLVFLLGLLLGSLILI,LLLAYLLVFLLILLLGSLILI,GJL,clash,10.6069,-259.499,1.05e+25,1.05e+25,-60.3448,-287.33,-374.132,4191.78,-52.3153,-26.4567,3107.04,4119.99,52.8209,0.0,3107.04,4113.64,38.0155,0.0,-33.0247,1.1e+17,11.0,G,130.2678,0.0,,,,,Mutant,clash
LLLASLLFLLLGYLLGTLILI,LLLASLLALLLGYLLGTLILI,GJL,void,,,,,,,,,,,3143.62,4010.89,59.1858,31.4727,3166.04,4111.27,151.01,165.434,-18.8019,1.1e+17,7.0,F,98.1227,24.28535272,3112.1473,3000.606,111.5413,0.0,Mutant,void
LLLASLLFLLLGYLLGTLILI,LLLASLLFLLLGALLGTLILI,GJL,void,,,,,,,,,,,3215.63,3950.13,59.9649,56.9468,3166.04,4111.27,167.941,118.529,-18.8019,1.1e+17,12.0,Y,72.8752,43.86529248,3158.6832,3047.511,111.1722,0.0,Mutant,void
LLLYFLLAVLLGLLLGSLILI,LLLYALLAVLLGLLLGSLILI,GJL,void,,,,,,,,,,,3296.1,4007.94,60.2627,62.016,3268.14,4161.48,160.752,138.504,-16.4919,1.1e+17,4.0,F,76.4592,44.78491456,3234.084,3129.636,104.448,0.0,Mutant,void
LLLYFLLAVLLGLLLGSLILI,LLLAFLLAVLLGLLLGSLILI,GJL,void,,,,,,,,,,,3124.61,3974.63,66.458,88.7522,3268.14,4161.48,185.296,306.236,-16.4919,1.1e+17,3.0,Y,80.9786,52.28997919,3035.8578,2961.904,73.9538,0.0,Mutant,void
LLLYILLTVLLGFLLALLILI,LLLYILLTVLLGALLALLILI,GJL,void,,,,,,,,,,,3453.79,4130.34,49.0837,49.2108,3439.55,4235.79,136.29,134.315,-13.6347,1.1e+17,12.0,F,80.6112,37.9063641,3404.5792,3305.235,99.3442,0.0,Mutant,void
LLLYILLTVLLGFLLALLILI,LLLYILLTVLLGFLLAALILI,GJL,void,,,,,,,,,,,3458.98,4232.06,49.3686,87.9017,3439.55,4235.79,88.6926,132.785,-13.6347,1.1e+17,16.0,L,41.5611,67.8972647,3371.0783,3306.765,64.3133,0.0,Mutant,void
LLLYFLLATLLGVLLGLLILI,LLLAFLLATLLGVLLGLLILI,GJL,void,,,,,,,,,,,3567.37,4526.13,66.148,57.8116,3652.3,4711.47,183.944,252.896,-12.6205,1.1e+17,3.0,Y,129.5954,0.0,3509.5584,3399.404,110.1544,0.0,Mutant,void
LLLYFLLATLLGVLLGLLILI,LLLYALLATLLGVLLGLLILI,GJL,void,,,,,,,,,,,3692.63,4580.28,48.2641,46.0764,3652.3,4711.47,147.176,108.522,-12.6205,1.1e+17,4.0,F,92.3988,33.27411695,3646.5536,3543.778,102.7756,0.0,Mutant,void
LLLSYLLGLLLGTLLGFLILI,LLLSALLGLLLGTLLGFLILI,GJL,void,,,,,,,,,,,3341.32,3972.2,57.6091,93.2471,3313.94,4151.1,173.545,218.725,-22.2715,1.1e+17,4.0,Y,45.2281,67.33848371,3248.0729,3095.215,152.8579,0.0,Mutant,void
LLLSYLLGLLLGTLLGFLILI,LLLSYLLGALLGTLLGFLILI,GJL,void,,,,,,,,,,,3340.5,4065.76,61.1779,47.9273,3313.94,4151.1,127.687,93.9539,-22.2715,1.1e+17,8.0,L,83.4023,36.49390541,3292.5727,3219.9861,72.5866,0.0,Mutant,void
LLLYFLLALLLGTLLGSLILI,LLLAFLLALLLGTLLGSLILI,GJL,void,,,,,,,,,,,3111.73,3936.75,64.4669,99.3758,3282.68,4129.9,186.656,333.627,-33.9785,1.1e+17,3.0,Y,70.355,58.54906711,3012.3542,2949.053,63.3012,0.0,Mutant,void
LLLALLLGLLLGVLLSTLILI,LLLALLLGALLGVLLSTLILI,GJL,void,,,,,,,,,,,3223.94,3912.69,58.3507,63.2573,3206.43,3987.77,120.617,108.045,-14.0089,1.1e+17,8.0,L,68.0723,48.16682606,3160.6827,3098.385,62.2977,0.0,Mutant,void
LLLYLLLGALLAFLLSTLILI,LLLYLLLGALLAALLSTLILI,GJL,void,,,,,,,,,,,3461.44,4084.41,50.2728,71.3383,3515.52,4208.62,149.571,223.87,-12.4366,1.1e+17,12.0,F,58.4837,54.95085579,3390.1017,3291.65,98.4517,0.0,Mutant,void
LLLYLLLGALLAFLLSTLILI,LLLALLLGALLAFLLSTLILI,GJL,void,,,,,,,,,,,3380.32,4021.07,63.7835,66.755,3515.52,4208.62,183.699,287.159,-12.4366,1.1e+17,3.0,Y,102.9758,39.32992716,3313.565,3228.361,85.204,0.0,Mutant,void
LLLAFLLGILLGLLLGTLILI,LLLAALLGILLGLLLGTLILI,GJL,void,,,,,,,,,,,3535.67,4479.3,55.7038,67.7656,3508.73,4579.29,144.992,143.805,-25.8973,1.1e+17,4.0,F,70.7096,48.93699377,3467.9044,3364.925,102.9794,0.0,Mutant,void
LLLAFLLGILLGLLLGTLILI,LLLAFLLGALLGLLLGTLILI,GJL,void,,,,,,,,,,,3543.51,4586.82,44.4189,40.0765,3508.73,4579.29,75.4895,64.896,-25.8973,1.1e+17,8.0,I,91.2531,30.51596898,3503.4335,3443.834,59.5995,0.0,Mutant,void
LLLYFLLGTLLGALLGLLILI,LLLYALLGTLLGALLGLLILI,GJL,void,,,,,,,,,,,3379.84,3978.46,64.7834,103.973,3354.53,4149.2,172.64,172.979,-33.2671,1.1e+17,4.0,F,34.5022,75.0842028,3275.867,3181.551,94.316,0.0,Mutant,void
LLLYFLLGTLLGALLGLLILI,LLLYFLLGTLLGALLGALILI,GJL,void,,,,,,,,,,,3355.59,4078.84,59.2783,86.6294,3354.53,4149.2,120.98,143.906,-33.2671,1.1e+17,16.0,L,42.8334,66.91451135,3268.9606,3210.624,58.3366,0.0,Mutant,void
LLLSYLLGLLLGFLLGTLILI,LLLSALLGLLLGFLLGTLILI,GJL,void,,,,,,,,,,,3314.78,3971.05,54.4552,61.2422,3283.42,4128.26,163.055,144.731,-25.6118,1.1e+17,4.0,Y,77.233,44.22611413,3253.5378,3138.689,114.8488,0.0,Mutant,void
LLLSYLLVLLLGFLLGTLILI,LLLSALLVLLLGFLLGTLILI,GJL,void,,,,,,,,,,,3193.51,4025.32,45.8294,73.1144,3154.78,4179.68,157.53,160.12,-47.5636,1.1e+17,4.0,Y,65.3608,52.79963488,3120.3956,2994.66,125.7356,0.0,Mutant,void
LLLSYLLVLLLGFLLGTLILI,LLLSYLLVLLLGALLGTLILI,GJL,void,,,,,,,,,,,3157.5,4034.88,60.7286,52.979,3154.78,4179.68,160.924,147.819,-47.5636,1.1e+17,12.0,F,76.843,40.8089538,3104.521,3006.961,97.56,0.0,Mutant,void
LLLYSLLALLLGTLLGFLILI,LLLYSLLAALLGTLLGFLILI,GJL,void,,,,,,,,,,,3432.32,4114.94,58.6647,45.8915,3405.39,4186.92,119.971,81.5046,-21.3296,1.1e+17,8.0,L,85.4381,34.94375982,3386.4285,3323.8854,62.5431,0.0,Mutant,void
LLLYSLLALLLGTLLGFLILI,LLLASLLALLLGTLLGFLILI,GJL,void,,,,,,,,,,,3229.74,3991.86,65.1209,91.5937,3405.39,4186.92,186.982,324.375,-21.3296,1.1e+17,3.0,Y,78.1371,53.9641008,3138.1463,3081.015,57.1313,0.0,Mutant,void
LLLALLLTVLLGGLLFSLILI,LLLALLLTVLLGGLLASLILI,GJL,void,,,,,,,,,,,3232.21,3908.43,64.4977,45.299,3238.16,4080.12,169.658,138.844,-6.42133,1.1e+17,15.0,F,84.4214,34.92049053,3186.911,3099.316,87.595,0.0,Mutant,void
LLLALLLTVLLGGLLFSLILI,LLLAALLTVLLGGLLFSLILI,GJL,void,,,,,,,,,,,3256.47,3992.65,58.3983,75.9539,3238.16,4080.12,126.71,107.546,-6.42133,1.1e+17,4.0,L,62.5213,54.85018256,3180.5161,3130.614,49.9021,0.0,Mutant,void
LLLGYLLFLLLGVLLASLILI,LLLGALLFLLLGVLLASLILI,GJL,void,,,,,,,,,,,3203.9,3990.06,50.5756,58.7758,3186.76,4132.2,158.598,166.936,-20.4809,1.1e+17,4.0,Y,79.6994,42.44500098,3145.1242,3019.824,125.3002,0.0,Mutant,void
LLLGYLLFLLLGVLLASLILI,LLLGYLLFALLGVLLASLILI,GJL,void,,,,,,,,,,,3207.1,4083.27,61.9566,21.8835,3186.76,4132.2,115.315,52.7218,-20.4809,1.1e+17,8.0,L,109.4461,16.66303712,3185.2165,3134.0382,51.1783,0.0,Mutant,void
LLLYLLLTTLLAGLLFSLILI,LLLYLLLTTLLAGLLASLILI,GJL,void,,,,,,,,,,,3442.6,4123.36,64.4405,43.0505,3450.71,4295.77,170.137,139.805,-8.86812,1.1e+17,15.0,F,86.6699,33.18714713,3399.5495,3310.905,88.6445,0.0,Mutant,void
LLLYLLLTTLLAGLLFSLILI,LLLYALLTTLLAGLLFSLILI,GJL,void,,,,,,,,,,,3465.11,4210.34,54.0879,71.3111,3450.71,4295.77,121.876,102.235,-8.86812,1.1e+17,4.0,L,67.1641,51.49738004,3393.7989,3348.475,45.3239,0.0,Mutant,void
LLLYVLLGLLLGTLLAFLILI,LLLAVLLGLLLGTLLAFLILI,GJL,void,,,,,,,,,,,3601.83,4550.05,66.112,75.0632,3721.3,4717.76,180.243,280.017,-25.0517,1.1e+17,3.0,Y,94.6676,44.22485489,3526.7668,3441.283,85.4838,0.0,Mutant,void
LLLYFLLGTLLGVLLALLILI,LLLYALLGTLLGVLLALLILI,GJL,void,,,,,,,,,,,3698.34,4506.32,57.6023,72.6628,3621.05,4646.3,155.889,117.741,-31.0407,1.1e+17,4.0,F,65.8124,52.4735115,3625.6772,3503.309,122.3682,0.0,Mutant,void
LLLYFLLGTLLGVLLALLILI,LLLAFLLGTLLGVLLALLILI,GJL,void,,,,,,,,,,,3539.45,4482.25,66.4719,72.6662,3621.05,4646.3,179.924,265.919,-31.0407,1.1e+17,3.0,Y,124.11208,4.323390924,3466.7838,3355.131,111.6528,0.0,Mutant,void
LLLSSLLALLLGTLLGFLILI,LLLSSLLAALLGTLLGFLILI,GJL,void,,,,,,,,,,,3215.13,3936.52,59.6195,50.3604,3211.37,4006.18,120.081,101.229,-24.8316,1.1e+17,8.0,L,80.9692,38.34657229,3164.7696,3110.141,54.6286,0.0,Mutant,void
LLLSSLLALLLGTLLGFLILI,LLLSSLLALLLGTLLGALILI,GJL,void,,,,,,,,,,,3066.33,3859.62,56.8069,108.647,3211.37,4006.18,155.739,306.206,-24.8316,1.1e+17,16.0,F,20.8158,83.92140445,2957.683,2905.164,52.519,0.0,Mutant,void
LLLGLLLGALLGTLLSFLILI,LLLGLLLGALLGTLLSALILI,GJL,void,,,,,,,,,,,3528.3,4341.25,41.3164,81.6974,3619.28,4440.06,133.683,260.036,-19.0839,1.1e+17,16.0,F,47.7654,63.1049228,3446.6026,3359.244,87.3586,0.0,Mutant,void
LLLYGLLFLLLGVLLATLILI,LLLAGLLFLLLGVLLATLILI,GJL,void,,,,,,,,,,,3678.52,4627.6,62.2668,117.947,3787.24,4795.83,176.956,313.607,-24.1814,1.1e+17,3.0,Y,124.66117,3.900103607,3560.573,3473.633,86.94,0.0,Mutant,void
LLLYGLLFLLLGVLLATLILI,LLLYGLLFALLGVLLATLILI,GJL,void,,,,,,,,,,,3812.22,4734.25,61.9889,23.9365,3787.24,4795.83,120.022,61.4478,-24.1814,1.1e+17,8.0,L,107.3931,18.22627953,3788.2835,3725.7922,62.4913,0.0,Mutant,void
LLLYLLLGALLGFLLSTLILI,LLLALLLGALLGFLLSTLILI,GJL,void,,,,,,,,,,,3271.26,4003.26,63.9584,47.0284,3346.57,4193.95,185.367,237.824,-31.7777,1.1e+17,3.0,Y,122.7024,27.70764057,3224.2316,3108.746,115.4856,0.0,Mutant,void
LLLYLLLGALLGFLLSTLILI,LLLYLLLGALLGALLSTLILI,GJL,void,,,,,,,,,,,3334.05,4070.55,50.641,74.18,3346.57,4193.95,149.594,187.803,-31.7777,1.1e+17,12.0,F,84.5638,34.86173376,3259.87,3158.767,101.103,0.0,Mutant,void
LLLYLLLAILLGFLLSTLILI,LLLYLLLAILLGALLSTLILI,GJL,void,,,,,,,,,,,3436.68,4156.01,50.388,50.5881,3442.43,4284.54,147.802,159.502,-21.7761,1.1e+17,12.0,F,79.2339,38.96727827,3386.0919,3282.928,103.1639,0.0,Mutant,void
LLLYLLLAILLGFLLSTLILI,LLLYLLLAALLGFLLSTLILI,GJL,void,,,,,,,,,,,3491.2,4245.66,64.7661,47.6086,3442.43,4284.54,110.64,83.3035,-21.7761,1.1e+17,8.0,I,128.875331,0.555628518,3443.5914,3359.1265,84.4649,0.0,Mutant,void
LLLVYLLATLLGILLALLILI,LLLVALLATLLGILLALLILI,GJL,void,,,,,,,,,,,3244.51,3908.55,53.9859,62.1017,3234.41,4082.05,169.801,195.711,-25.1901,1.1e+17,4.0,Y,76.3735,44.84680289,3182.4083,3038.699,143.7093,0.0,Mutant,void
LLLVYLLATLLGILLALLILI,LLLVYLLATLLGILLAALILI,GJL,void,,,,,,,,,,,3219.78,4037.07,55.2993,107.237,3234.41,4082.05,108.966,192.308,-25.1901,1.1e+17,16.0,L,22.2258,82.8322885,3112.543,3042.102,70.441,0.0,Mutant,void
LLLAYLLFLLLGVLLGSLILI,LLLAALLFLLLGVLLGSLILI,GJL,void,,,,,,,,,,,3155.4,3927.52,45.8585,35.238,3121.82,4077.76,157.805,140.036,-31.4659,1.1e+17,4.0,Y,103.2372,25.44715588,3120.162,2981.784,138.378,0.0,Mutant,void
LLLAYLLFLLLGVLLGSLILI,LLLAYLLFALLGVLLGSLILI,GJL,void,,,,,,,,,,,3145.76,4018.37,63.759,38.7908,3121.82,4077.76,120.635,82.1012,-31.4659,1.1e+17,8.0,L,92.5388,29.53698176,3106.9692,3039.7188,67.2504,0.0,Mutant,void
LLLSYLLGTLLGLLLAFLILI,LLLSALLGTLLGLLLAFLILI,GJL,void,,,,,,,,,,,3366.65,3976.9,61.8259,69.476,3343.41,4166.99,180.228,183.679,-13.4407,1.1e+17,4.0,Y,68.9992,50.17216079,3297.174,3159.731,137.443,0.0,Mutant,void
LLLSYLLGTLLGLLLAFLILI,LLLSYLLGTLLGLLLAALILI,GJL,void,,,,,,,,,,,3197.14,4020.24,58.6517,114.34,3343.41,4166.99,158.534,313.543,-13.4407,1.1e+17,16.0,F,15.1228,88.31880664,3082.8,3029.867,52.933,0.0,Mutant,void
LLLFSLLTALLGLLLGVLILI,LLLASLLTALLGLLLGVLILI,GJL,void,,,,,,,,,,,3119.2,3885.57,58.9837,107.66,3213.64,4025.25,161.278,283.363,-19.8404,1.1e+17,3.0,F,62.0708,63.42985481,3011.54,2930.277,81.263,0.0,Mutant,void
LLLFSLLTALLGLLLGVLILI,LLLFSLLTALLGALLGVLILI,GJL,void,,,,,,,,,,,3232.38,3947.6,64.103,57.0655,3213.64,4025.25,127.297,96.6578,-19.8404,1.1e+17,12.0,L,72.7565,43.95672536,3175.3145,3116.9822,58.3323,0.0,Mutant,void
LLLLFLLATLLGYLLSILILI,LLLLFLLATLLGALLSILILI,GJL,void,,,,,,,,,,,3357.78,4087.67,44.4055,63.8873,3329.76,4212.09,146.69,150.696,-12.7407,1.1e+17,12.0,Y,65.9347,49.21145877,3293.8927,3179.064,114.8287,0.0,Mutant,void
LLLLFLLATLLGYLLSILILI,LLLLALLATLLGYLLSILILI,GJL,void,,,,,,,,,,,3362.25,4071.72,55.3771,71.4582,3329.76,4212.09,155.942,142.998,-12.7407,1.1e+17,4.0,F,67.017,51.60360844,3290.7918,3186.762,104.0298,0.0,Mutant,void
LLLYVLLTLLLGGLLFALILI,LLLYVLLTLLLGGLLAALILI,GJL,void,,,,,,,,,,,3901.22,4617.13,45.3923,29.5062,3877.95,4701.31,134.302,101.598,-9.69791,1.1e+17,15.0,F,100.2142,22.74599832,3871.7138,3776.352,95.3618,0.0,Mutant,void
LLLYVLLTLLLGGLLFALILI,LLLYVLLTALLGGLLFALILI,GJL,void,,,,,,,,,,,3895.83,4656.08,63.4441,30.6634,3877.95,4701.31,116.983,64.0356,-9.69791,1.1e+17,8.0,L,100.6662,23.34843021,3865.1666,3813.9144,51.2522,0.0,Mutant,void
LLLTSLLVGLLAYLLGLLILI,LLLTSLLVGLLAALLGLLILI,GJL,void,,,,,,,,,,,3211.09,3890.38,52.711,47.4703,3186.99,4079.63,171.48,126.818,-9.47755,1.1e+17,12.0,Y,82.3517,36.56568224,3163.6197,3060.172,103.4477,0.0,Mutant,void
LLLTSLLVGLLAYLLGLLILI,LLLTSLLVGLLAYLLGALILI,GJL,void,,,,,,,,,,,3187.43,4022.29,59.3629,103.745,3186.99,4079.63,116.903,172.334,-9.47755,1.1e+17,16.0,L,25.7178,80.13498858,3083.685,3014.656,69.029,0.0,Mutant,void
LLLTLLLGLLLGFLLSALILI,LLLTLLLGLLLGALLSALILI,GJL,void,,,,,,,,,,,3640.93,4545.33,54.7924,101.301,3641.07,4705.24,159.101,209.978,-28.6058,1.1e+17,12.0,F,28.521,78.03068817,3539.629,3431.092,108.537,0.0,Mutant,void
LLLAFLLGTLLGVLLGLLILI,LLLAALLGTLLGVLLGLLILI,GJL,void,,,,,,,,,,,3529.36,4423.32,59.6063,58.2159,3495.32,4567.44,159.849,128.071,-38.3782,1.1e+17,4.0,F,80.2593,42.04066865,3471.1441,3367.249,103.8951,0.0,Mutant,void
LLLAFLLGTLLGVLLGLLILI,LLLAFLLGTLLGVLLGALILI,GJL,void,,,,,,,,,,,3498.61,4547.06,41.8467,87.147,3495.32,4567.44,90.8987,170.948,-38.3782,1.1e+17,16.0,L,42.3158,67.31431732,3411.463,3324.372,87.091,0.0,Mutant,void
LLLVFLLGTLLGLLLAILILI,LLLVALLGTLLGLLLAILILI,GJL,void,,,,,,,,,,,3605.33,4532.31,57.7062,43.7568,3565.23,4676.64,157.615,102.29,-29.6208,1.1e+17,4.0,F,94.7184,31.59901556,3561.5732,3462.94,98.6332,0.0,Mutant,void
LLLVFLLGTLLGLLLAILILI,LLLVFLLGTLLGLLLAALILI,GJL,void,,,,,,,,,,,3550.39,4663.23,47.8397,92.4771,3565.23,4676.64,88.7266,175.12,-29.6208,1.1e+17,16.0,I,36.9857,71.43140732,3457.9129,3390.11,67.8029,0.0,Mutant,void
LLLTVLLGALLGILLSLLILI,LLLTVLLGALLGALLSLLILI,GJL,void,,,,,,,,,,,3691.32,4454.69,48.1015,38.6362,3660.03,4470.03,87.8454,81.3724,-19.4822,1.1e+17,12.0,I,91.1858,29.76090339,3652.6838,3578.6576,74.0262,0.0,Mutant,void
LLLYLLLGILLGFLLSTLILI,LLLALLLGILLGFLLSTLILI,GJL,void,,,,,,,,,,,3289.42,4042.32,64.4761,58.0056,3377.12,4235.51,186.921,255.035,-32.077,1.1e+17,3.0,Y,111.7252,34.17505839,3231.4144,3122.085,109.3294,0.0,Mutant,void
LLLYLLLGILLGFLLSTLILI,LLLYLLLGILLGALLSTLILI,GJL,void,,,,,,,,,,,3319.83,4106.89,51.0968,69.8763,3377.12,4235.51,149.106,228.888,-32.077,1.1e+17,12.0,F,59.9457,53.82469843,3249.9537,3148.232,101.7217,0.0,Mutant,void
LLLAGLLYLLLGTLLSFLILI,LLLAGLLYLLLGTLLSALILI,GJL,void,,,,,,,,,,,3637.16,4644.66,41.6014,81.7687,3722.73,4747.82,134.994,257.904,-10.7987,1.1e+17,16.0,F,47.6941,63.15999654,3555.3913,3464.826,90.5653,0.0,Mutant,void
LLLTALLVGLLGGLLFLLILI,LLLTALLVGLLGGLLFALILI,GJL,void,,,,,,,,,,,3781.52,4483.42,52.6244,22.1103,3779.3,4529.24,107.657,61.2544,-20.3721,1.1e+17,16.0,L,107.3525,17.07849668,3759.4097,3718.0456,41.3641,0.0,Mutant,void
LLLAYLLVFLLGLLLGSLILI,LLLAALLVFLLGLLLGSLILI,GJL,void,,,,,,,,,,,3149.32,3945.76,52.4908,74.6408,3107.04,4113.64,169.786,147.142,-33.0247,1.1e+17,4.0,Y,63.8344,53.90192612,3074.6792,2959.898,114.7812,0.0,Mutant,void
LLLAYLLVFLLGLLLGSLILI,LLLAYLLVALLGLLLGSLILI,GJL,void,,,,,,,,,,,3140.87,4022.96,51.1375,38.5386,3107.04,4113.64,138.636,85.4606,-33.0247,1.1e+17,8.0,F,92.791,29.34494585,3102.3314,3021.5794,80.752,0.0,Mutant,void
LLLSYLLTVLLGILLALLILI,LLLSALLTVLLGILLALLILI,GJL,void,,,,,,,,,,,3234.88,3898.87,49.6436,68.7229,3199.38,4071.16,166.585,155.242,-19.2308,1.1e+17,4.0,Y,69.7523,49.6283089,3166.1571,3044.138,122.0191,0.0,Mutant,void
LLLSYLLTVLLGILLALLILI,LLLSYLLTVLLGILLAALILI,GJL,void,,,,,,,,,,,3210.24,4028.56,55.7751,104.71,3199.38,4071.16,108.647,170.136,-19.2308,1.1e+17,16.0,L,24.7528,80.88037645,3105.53,3029.244,76.286,0.0,Mutant,void
LLLYGLLFALLGTLLSLLILI,LLLYGLLAALLGTLLSLLILI,GJL,void,,,,,,,,,,,3812.87,4581.66,63.8902,35.6001,3792.4,4765.22,170.426,99.5794,-15.871,1.1e+17,7.0,F,93.9953,27.47018799,3777.2699,3692.8206,84.4493,0.0,Mutant,void
LLLYGLLFALLGTLLSLLILI,LLLYGLLFALLGTLLSALILI,GJL,void,,,,,,,,,,,3802.16,4745.78,42.0474,80.4805,3792.4,4765.22,89.5368,144.368,-15.871,1.1e+17,16.0,L,48.9823,62.16496167,3721.6795,3648.032,73.6475,0.0,Mutant,void
LLLYFLLGVLLGTLLGLLILI,LLLYALLGVLLGTLLGLLILI,GJL,void,,,,,,,,,,,3303.83,4009.95,65.9063,65.9294,3274.57,4173.53,167.177,147.607,-28.7978,1.1e+17,4.0,F,72.5458,47.61098016,3237.9006,3126.963,110.9376,0.0,Mutant,void
LLLVTLLLGLLFGLLFALILI,LLLVTLLLGLLAGLLFALILI,GJL,void,,,,,,,,,,,3677.19,4571.76,60.1926,49.5053,3644.34,4713.22,158.593,126.581,-19.0276,1.1e+17,11.0,F,80.7625,38.00271441,3627.6847,3517.759,109.9257,0.0,Mutant,void
LLLYILLGLLLGTLLAFLILI,LLLAILLGLLLGTLLAFLILI,GJL,void,,,,,,,,,,,3321.46,4043.08,67.386,87.6884,3498.87,4235.61,189.36,324.654,-25.5412,1.1e+17,3.0,Y,82.0424,51.663222,3233.7716,3174.216,59.5556,0.0,Mutant,void
LLLYALLTALLGLLLGFLILI,LLLYALLTALLGLLLGALILI,GJL,void,,,,,,,,,,,3873.15,4642.65,45.3822,58.4888,3871.33,4743.02,137.848,162.183,-11.4161,1.1e+17,16.0,F,70.974,45.17807432,3814.6612,3709.147,105.5142,0.0,Mutant,void
LLLYALLTALLGLLLGFLILI,LLLYALLTALLGALLGFLILI,GJL,void,,,,,,,,,,,3907.25,4660.94,65.1163,38.5492,3871.33,4743.02,130.076,68.8776,-11.4161,1.1e+17,12.0,L,91.2728,29.69388856,3868.7008,3802.4524,66.2484,0.0,Mutant,void
LLLFYLLGVLLGLLLASLILI,LLLFALLGVLLGLLLASLILI,GJL,void,,,,,,,,,,,3218.83,3994.93,63.8346,44.3173,3187.04,4209.22,185.386,136.632,-17.4846,1.1e+17,4.0,Y,94.1579,32.00378118,3174.5127,3050.408,124.1047,0.0,Mutant,void
LLLFYLLGVLLGLLLASLILI,LLLAYLLGVLLGLLLASLILI,GJL,void,,,,,,,,,,,3229.58,4032.07,68.5373,83.5451,3187.04,4209.22,173.541,113.106,-17.4846,1.1e+17,3.0,F,86.1857,49.22212115,3146.0349,3073.934,72.1009,0.0,Mutant,void
LLLVGLLFALLGILLTLLILI,LLLVGLLFALLGALLTLLILI,GJL,void,,,,,,,,,,,3630.24,4617.53,48.6061,45.8895,3597.7,4635.98,90.2654,86.6059,-27.9109,1.1e+17,12.0,I,83.9325,35.34801497,3584.3505,3511.0941,73.2564,0.0,Mutant,void
LLLSYLLALLLGFLLGTLILI,LLLSALLALLLGFLLGTLILI,GJL,void,,,,,,,,,,,3210.14,3997.94,49.9793,80.8827,3172.43,4167.78,164.552,173.487,-39.7676,1.1e+17,4.0,Y,57.5925,58.40952026,3129.2573,2998.943,130.3143,0.0,Mutant,void
LLLSYLLALLLGFLLGTLILI,LLLSYLLALLLGALLGTLILI,GJL,void,,,,,,,,,,,3176.4,4022.5,60.2102,50.8146,3172.43,4167.78,160.874,145.987,-39.7676,1.1e+17,12.0,F,79.0074,39.14174793,3125.5854,3026.443,99.1424,0.0,Mutant,void
LLLTSLLFALLGLLLGVLILI,LLLTSLLAALLGLLLGVLILI,GJL,void,,,,,,,,,,,3110.4,3865.02,61.183,31.0504,3106.62,4048.87,167.998,120.181,-21.873,1.1e+17,7.0,F,98.545,23.95949239,3079.3496,2986.439,92.9106,0.0,Mutant,void
LLLTSLLFALLGLLLGVLILI,LLLTSLLFALLGALLGVLILI,GJL,void,,,,,,,,,,,3128.11,3972.06,62.75,52.1353,3106.62,4048.87,125.932,89.6816,-21.873,1.1e+17,12.0,L,77.6867,40.15906395,3075.9747,3016.9384,59.0363,0.0,Mutant,void
LLLYLLLGFLLGTLLGSLILI,LLLALLLGFLLGTLLGSLILI,GJL,void,,,,,,,,,,,3097.89,3988.24,64.1843,36.6652,3208.86,4178.01,185.049,249.123,-27.7766,1.1e+17,3.0,Y,133.0656,21.60197206,3061.2248,2959.737,101.4878,0.0,Mutant,void
LLLYLLLGFLLGTLLGSLILI,LLLYLLLGALLGTLLGSLILI,GJL,void,,,,,,,,,,,3238.44,4036.32,60.0983,50.1259,3208.86,4178.01,159.339,116.184,-27.7766,1.1e+17,8.0,F,81.2037,38.16801391,3188.3141,3092.676,95.6381,0.0,Mutant,void
LLLYFLLGLLLGVLLSTLILI,LLLYALLGLLLGVLLSTLILI,GJL,void,,,,,,,,,,,3273.92,4073.89,54.9409,43.5297,3244.87,4157.35,137.413,100.433,-39.1721,1.1e+17,4.0,F,94.9455,31.43501508,3230.3903,3144.437,85.9533,0.0,Mutant,void
LLLSYLLVLLLGALLGFLILI,LLLSALLVLLLGALLGFLILI,GJL,void,,,,,,,,,,,3264.83,3997.02,45.2229,74.2478,3224.86,4150.96,157.897,156.978,-45.7637,1.1e+17,4.0,Y,64.2274,53.61812079,3190.5822,3067.882,122.7002,0.0,Mutant,void
LLLSYLLVLLLGALLGFLILI,LLLSYLLVLLLGALLGALILI,GJL,void,,,,,,,,,,,3140.67,4005.21,59.0,89.7523,3224.86,4150.96,158.415,253.803,-45.7637,1.1e+17,16.0,F,39.7105,69.32671007,3050.9177,2971.057,79.8607,0.0,Mutant,void
LLLTLLLGALLGFLLSILILI,LLLTLLLGALLGALLSILILI,GJL,void,,,,,,,,,,,3240.67,3923.42,49.1852,65.8424,3280.11,4036.67,144.382,214.294,-28.4404,1.1e+17,12.0,F,63.9796,50.71744388,3174.8276,3065.816,109.0116,0.0,Mutant,void
LLLTLLLGALLGFLLSILILI,LLLTALLGALLGFLLSILILI,GJL,void,,,,,,,,,,,3271.89,3946.06,69.2316,58.0525,3280.11,4036.67,136.474,122.625,-28.4404,1.1e+17,4.0,L,80.4227,41.92266919,3213.8375,3157.485,56.3525,0.0,Mutant,void
LLLTSLLFALLGILLALLILI,LLLTSLLAALLGILLALLILI,GJL,void,,,,,,,,,,,3201.13,3901.04,64.1302,37.8744,3191.82,4082.77,170.007,122.956,-7.15644,1.1e+17,7.0,F,91.721,29.22511139,3163.2556,3068.864,94.3916,0.0,Mutant,void
LLLTSLLFALLGILLALLILI,LLLTSLLFALLGILLAALILI,GJL,void,,,,,,,,,,,3183.06,4038.39,55.8824,106.223,3191.82,4082.77,108.933,186.1,-7.15644,1.1e+17,16.0,L,23.2398,82.04905193,3076.837,3005.72,71.117,0.0,Mutant,void
LLLYVLLTLLLGALLGFLILI,LLLYVLLTLLLGALLGALILI,GJL,void,,,,,,,,,,,3358.03,4059.0,59.3344,88.9983,3437.72,4204.09,158.508,250.559,-32.8267,1.1e+17,16.0,F,40.4645,68.74430338,3269.0317,3187.161,81.8707,0.0,Mutant,void
LLLYVLLTLLLGALLGFLILI,LLLYVLLTALLGALLGFLILI,GJL,void,,,,,,,,,,,3443.11,4157.31,59.5431,33.3922,3437.72,4204.09,113.185,82.9385,-32.8267,1.1e+17,8.0,L,97.9374,25.42625577,3409.7178,3354.7815,54.9363,0.0,Mutant,void
LLLFGLLATLLGVLLSLLILI,LLLAGLLATLLGVLLSLLILI,GJL,void,,,,,,,,,,,3616.87,4413.32,58.1676,96.1584,3599.46,4550.51,156.7,183.523,-19.7133,1.1e+17,3.0,F,73.5724,56.65347715,3520.7116,3415.937,104.7746,0.0,Mutant,void
LLLFGLLATLLGVLLSLLILI,LLLFGLLATLLGVLLSALILI,GJL,void,,,,,,,,,,,3594.9,4529.51,41.5102,83.0465,3599.46,4550.51,89.7141,165.087,-19.7133,1.1e+17,16.0,L,46.4163,64.14699821,3511.8535,3434.373,77.4805,0.0,Mutant,void
LLLASLLTLLLGYLLGVLILI,LLLASLLTLLLGALLGVLILI,GJL,void,,,,,,,,,,,3178.4,3871.06,64.6296,58.781,3133.79,4034.05,172.964,119.219,-16.6594,1.1e+17,12.0,Y,71.041,45.27815008,3119.619,3014.571,105.048,0.0,Mutant,void
LLLASLLTLLLGYLLGVLILI,LLLASLLTALLGYLLGVLILI,GJL,void,,,,,,,,,,,3143.68,3978.85,48.8508,17.1976,3133.79,4034.05,105.207,56.3111,-16.6594,1.1e+17,8.0,L,114.132,13.09499153,3126.4824,3077.4789,49.0035,0.0,Mutant,void
LLLAYLLGVLLGLLLSFLILI,LLLAYLLGVLLGLLLSALILI,GJL,void,,,,,,,,,,,3582.21,4682.27,44.3679,87.4245,3683.53,4783.62,137.164,272.887,-22.7425,1.1e+17,16.0,F,42.0383,67.5286646,3494.7855,3410.643,84.1425,0.0,Mutant,void
LLLYLLLGALLGALLTFLILI,LLLALLLGALLGALLTFLILI,GJL,void,,,,,,,,,,,3702.72,4580.6,62.2515,62.1769,3808.41,4744.81,175.229,262.407,-23.6808,1.1e+17,3.0,Y,107.5539,36.63265595,3640.5431,3546.003,94.5401,0.0,Mutant,void
LLLTVLLGLLLGLLLGFLILI,LLLTVLLGALLGLLLGFLILI,GJL,void,,,,,,,,,,,3714.73,4575.45,50.6959,44.5816,3693.35,4628.21,106.532,82.8855,-15.3881,1.1e+17,8.0,L,86.748,33.94634568,3670.1484,3610.4645,59.6839,0.0,Mutant,void
LLLVGLLLILLGALLATLILI,LLLVGLLLALLGALLATLILI,GJL,void,,,,,,,,,,,3800.34,4467.42,63.9082,41.6141,3762.94,4515.44,114.186,77.1837,-5.24635,1.1e+17,8.0,I,89.7155,31.68676368,3758.7259,3685.7563,72.9696,0.0,Mutant,void
LLLAFLLGLLLGTLLSVLILI,LLLAALLGLLLGTLLSVLILI,GJL,void,,,,,,,,,,,3644.9,4484.75,52.889,49.6401,3616.01,4575.52,140.841,119.613,-17.9955,1.1e+17,4.0,F,88.8351,35.84764637,3595.2599,3496.397,98.8629,0.0,Mutant,void
LLLAFLLGLLLGTLLSVLILI,LLLAFLLGALLGTLLSVLILI,GJL,void,,,,,,,,,,,3643.04,4566.62,50.5363,43.091,3616.01,4575.52,88.9303,59.0255,-17.9955,1.1e+17,8.0,L,88.2386,32.8113388,3599.949,3556.9845,42.9645,0.0,Mutant,void
LLLTSLLLGLLFALLAYLILI,LLLTSLLLGLLFALLAALILI,GJL,void,,,,,,,,,,,3228.33,4034.3,58.2142,90.763,3232.71,4199.12,169.413,214.811,-21.9286,1.1e+17,16.0,Y,38.6998,70.10739765,3137.567,3017.899,119.668,0.0,Mutant,void
LLLTSLLLGLLFALLAYLILI,LLLTSLLLGLLAALLAYLILI,GJL,void,,,,,,,,,,,3251.47,4035.89,59.1538,39.1064,3232.71,4199.12,163.84,115.805,-21.9286,1.1e+17,11.0,F,91.1614,30.02000494,3212.3636,3116.905,95.4586,0.0,Mutant,void
LLLTFLLGVLLGLLLAILILI,LLLTALLGVLLGLLLAILILI,GJL,void,,,,,,,,,,,3603.14,4468.24,64.0396,59.0073,3546.14,4622.22,162.91,124.339,-25.296,1.1e+17,4.0,F,79.4679,42.61217893,3544.1327,3421.801,122.3317,0.0,Mutant,void
LLLTFLLGVLLGLLLAILILI,LLLTFLLGVLLGLLLAALILI,GJL,void,,,,,,,,,,,3528.91,4603.83,43.8526,88.6454,3546.14,4622.22,86.9505,173.666,-25.296,1.1e+17,16.0,I,40.8174,68.47171543,3440.2646,3372.474,67.7906,0.0,Mutant,void
LLLYLLLASLLGILLAFLILI,LLLYALLASLLGILLAFLILI,GJL,void,,,,,,,,,,,3569.54,4142.79,55.88,71.8993,3538.66,4232.02,123.965,122.477,-25.1109,1.1e+17,4.0,L,66.5759,51.92214924,3497.6407,3416.183,81.4577,0.0,Mutant,void
LLLYLLLASLLGILLAFLILI,LLLYLLLASLLGALLAFLILI,GJL,void,,,,,,,,,,,3564.32,4193.44,59.0773,62.0676,3538.66,4232.02,105.689,112.173,-25.1109,1.1e+17,12.0,I,67.7544,47.8097703,3502.2524,3426.487,75.7654,0.0,Mutant,void
LLLVTLLLSLLAGLLFALILI,LLLVTLLLSLLAGLLAALILI,GJL,void,,,,,,,,,,,3712.31,4447.92,45.4134,36.7619,3696.18,4534.81,134.777,114.666,-14.6316,1.1e+17,15.0,F,92.9585,28.33933599,3675.5481,3581.514,94.0341,0.0,Mutant,void
LLLVTLLLSLLAGLLFALILI,LLLVTLLASLLAGLLFALILI,GJL,void,,,,,,,,,,,3697.28,4501.24,56.3503,67.4797,3696.18,4534.81,109.378,154.842,-14.6316,1.1e+17,7.0,L,62.1157,52.0695179,3629.8003,3541.338,88.4623,0.0,Mutant,void
LLLATLLVGLLFGLLFLLILI,LLLATLLVGLLAGLLFLLILI,GJL,void,,,,,,,,,,,3222.77,4063.86,56.8954,46.2277,3196.48,4212.74,156.794,124.892,-16.382,1.1e+17,11.0,F,84.0401,35.4866667,3176.5423,3071.588,104.9543,0.0,Mutant,void
LLLATLLVGLLFGLLFLLILI,LLLATLLVGLLFGLLALLILI,GJL,void,,,,,,,,,,,3211.55,4068.88,50.9996,20.2557,3196.48,4212.74,150.035,81.0796,-16.382,1.1e+17,15.0,F,109.4647,15.61489172,3191.2943,3115.4004,75.8939,0.0,Mutant,void
LLLYFLLGVLLGTLLSLLILI,LLLAFLLGVLLGTLLSLLILI,GJL,void,,,,,,,,,,,3222.38,4002.67,68.5809,49.9476,3262.92,4193.44,189.695,222.152,-19.4915,1.1e+17,3.0,Y,119.7832,29.42754055,3172.4324,3040.768,131.6644,0.0,Mutant,void
LLLYFLLGVLLGTLLSLLILI,LLLYALLGVLLGTLLSLLILI,GJL,void,,,,,,,,,,,3277.17,4052.4,59.0951,55.1921,3262.92,4193.44,158.841,134.577,-19.4915,1.1e+17,4.0,F,83.2831,39.85702855,3221.9779,3128.343,93.6349,0.0,Mutant,void
LLLAFLLGTLLGLLLSVLILI,LLLAALLGTLLGLLLSVLILI,GJL,void,,,,,,,,,,,3576.8,4457.49,59.2722,51.2063,3533.91,4565.03,146.975,110.746,-31.4308,1.1e+17,4.0,F,87.2689,36.97867921,3525.5937,3423.164,102.4297,0.0,Mutant,void
LLLAFLLGTLLGLLLSVLILI,LLLAFLLGTLLGALLSVLILI,GJL,void,,,,,,,,,,,3561.28,4521.19,48.8091,77.3845,3533.91,4565.03,103.051,119.128,-31.4308,1.1e+17,12.0,L,52.4375,59.60815578,3483.8955,3414.782,69.1135,0.0,Mutant,void
LLLAFLLGTLLGLLLGVLILI,LLLAALLGTLLGLLLGVLILI,GJL,void,,,,,,,,,,,3402.07,4452.08,59.1718,50.0163,3373.54,4597.15,160.092,122.628,-45.8898,1.1e+17,4.0,F,88.4589,36.11931956,3352.0537,3250.912,101.1417,0.0,Mutant,void
LLLAFLLGTLLGLLLGVLILI,LLLAFLLGTLLGALLGVLILI,GJL,void,,,,,,,,,,,3390.04,4542.29,62.1668,70.1167,3373.54,4597.15,118.146,111.379,-45.8898,1.1e+17,12.0,L,59.7053,54.00987506,3319.9233,3262.161,57.7623,0.0,Mutant,void
LLLYGLLFALLGILLTLLILI,LLLAGLLFALLGILLTLLILI,GJL,void,,,,,,,,,,,3627.37,4595.55,61.612,119.083,3651.6,4660.34,148.323,249.254,-19.6027,1.1e+17,3.0,Y,50.6058,70.1846689,3508.287,3402.346,105.941,0.0,Mutant,void
LLLLFLLGILLGTLLASLILI,LLLLALLGILLGTLLASLILI,GJL,void,,,,,,,,,,,3188.0,4006.69,51.3657,63.1234,3166.71,4138.47,149.585,140.534,-16.4292,1.1e+17,4.0,F,75.3518,45.58462454,3124.8766,3026.176,98.7006,0.0,Mutant,void
LLLLFLLGILLGTLLASLILI,LLLAFLLGILLGTLLASLILI,GJL,void,,,,,,,,,,,3182.57,4015.0,68.2134,94.3059,3166.71,4138.47,141.12,151.584,-16.4292,1.1e+17,3.0,L,75.4249,55.56204295,3088.2641,3015.126,73.1381,0.0,Mutant,void
LLLYLLLGALLGTLLFSLILI,LLLYLLLGALLGTLLASLILI,GJL,void,,,,,,,,,,,3456.46,4064.7,63.8017,52.3391,3429.44,4228.17,167.416,132.066,-12.1388,1.1e+17,15.0,F,77.3813,40.34762458,3404.1209,3297.374,106.7469,0.0,Mutant,void
LLLYLLLGALLGTLLFSLILI,LLLYALLGALLGTLLFSLILI,GJL,void,,,,,,,,,,,3464.52,4132.34,66.3382,54.509,3429.44,4228.17,135.808,99.776,-12.1388,1.1e+17,4.0,L,83.9662,39.36372722,3410.011,3329.664,80.347,0.0,Mutant,void
LLLTVLLASLLGALLFGLILI,LLLTVLLASLLGALLAGLILI,GJL,void,,,,,,,,,,,3730.93,4415.8,45.8046,23.1358,3710.28,4500.45,134.268,113.974,-15.3703,1.1e+17,15.0,F,106.5846,17.83512848,3707.7942,3596.306,111.4882,0.0,Mutant,void
LLLTVLLASLLGALLFGLILI,LLLTALLASLLGALLFGLILI,GJL,void,,,,,,,,,,,3737.72,4486.48,54.1147,67.1162,3710.28,4500.45,78.0344,79.2632,-15.3703,1.1e+17,4.0,V,71.359,48.46802893,3670.6038,3631.0168,39.587,0.0,Mutant,void
LLLAYLLGTLLGLLLGFLILI,LLLAALLGTLLGLLLGFLILI,GJL,void,,,,,,,,,,,3584.78,4517.06,59.636,50.7236,3563.75,4677.66,167.247,146.918,-37.2159,1.1e+17,4.0,Y,87.7516,36.63009694,3534.0564,3416.832,117.2244,0.0,Mutant,void
LLLAYLLGTLLGLLLGFLILI,LLLAYLLGTLLGALLGFLILI,GJL,void,,,,,,,,,,,3597.57,4622.03,62.2276,86.2782,3563.75,4677.66,119.003,116.111,-37.2159,1.1e+17,12.0,L,43.5438,66.45884365,3511.2918,3447.639,63.6528,0.0,Mutant,void
LLLYVLLTLLLGTLLAFLILI,LLLYVLLTLLLGTLLAALILI,GJL,void,,,,,,,,,,,3440.49,4103.61,56.3492,99.1151,3479.5,4249.94,155.468,229.309,-13.112,1.1e+17,16.0,F,30.3477,76.55874892,3341.3749,3250.191,91.1839,0.0,Mutant,void
LLLYVLLTLLLGTLLAFLILI,LLLYVLLTALLGTLLAFLILI,GJL,void,,,,,,,,,,,3496.23,4207.14,56.7093,41.8723,3479.5,4249.94,108.66,84.3923,-13.112,1.1e+17,8.0,L,89.4573,31.88336826,3454.3577,3395.1077,59.25,0.0,Mutant,void
LLLTLLLGALLGFLLSILILI,LLLTLLLGALLGFLLSALILI,GJL,void,,,,,,,,,,,3626.47,4591.91,34.7828,67.9611,3612.4,4578.5,60.9817,120.243,-38.4828,1.1e+17,16.0,I,61.5017,52.49469346,3558.5089,3492.157,66.3519,0.0,Mutant,void
LLLAVLLTSLLGGLLFLLILI,LLLAVLLTSLLGGLLALLILI,GJL,void,,,,,,,,,,,3732.51,4468.66,42.7659,21.295,3709.7,4548.74,129.468,69.9012,-16.1344,1.1e+17,15.0,F,108.4254,16.41607642,3711.215,3639.7988,71.4162,0.0,Mutant,void
LLLAVLLTSLLGGLLFLLILI,LLLAVLLTSLLGGLLFALILI,GJL,void,,,,,,,,,,,3715.08,4501.69,43.423,15.2079,3709.7,4548.74,98.9808,77.6792,-16.1344,1.1e+17,16.0,L,114.2549,11.74692653,3699.8721,3632.0208,67.8513,0.0,Mutant,void
LLLAVLLLTLLGGLLFALILI,LLLAVLLLTLLGGLLAALILI,GJL,void,,,,,,,,,,,3761.95,4518.67,57.6863,32.4567,3741.67,4633.36,148.683,109.916,-12.0832,1.1e+17,15.0,F,97.2637,25.02050564,3729.4933,3631.754,97.7393,0.0,Mutant,void
LLLAVLLLTLLGGLLFALILI,LLLAVLLATLLGGLLFALILI,GJL,void,,,,,,,,,,,3719.17,4575.34,62.7069,66.1142,3741.67,4633.36,122.519,167.839,-12.0832,1.1e+17,7.0,L,63.4812,51.01585396,3653.0558,3573.831,79.2248,0.0,Mutant,void
LLLYFLLATLLGILLALLILI,LLLYALLATLLGILLALLILI,GJL,void,,,,,,,,,,,3445.26,4069.36,56.0569,84.8477,3405.18,4207.21,156.26,158.323,-25.0951,1.1e+17,4.0,F,53.6275,61.27284886,3360.4123,3246.857,113.5553,0.0,Mutant,void
LLLYFLLATLLGILLALLILI,LLLYFLLATLLGILLAALILI,GJL,void,,,,,,,,,,,3396.59,4162.37,55.7077,106.271,3405.18,4207.21,109.318,187.817,-25.0951,1.1e+17,16.0,L,23.1918,82.08612822,3290.319,3217.363,72.956,0.0,Mutant,void
LLLATLLVGLLFLLLGLLILI,LLLATLLVGLLALLLGLLILI,GJL,void,,,,,,,,,,,3174.65,3970.15,56.6021,17.6511,3168.17,4134.96,158.993,99.6808,-21.6244,1.1e+17,11.0,F,112.6167,13.54985653,3156.9989,3068.4892,88.5097,0.0,Mutant,void
LLLSYLLTALLGALLGFLILI,LLLSALLTALLGALLGFLILI,GJL,void,,,,,,,,,,,3326.5,3936.35,59.1554,58.4429,3283.26,4114.96,175.693,125.552,-12.2521,1.1e+17,4.0,Y,80.0323,42.20459692,3268.0571,3157.708,110.3491,0.0,Mutant,void
LLLSYLLTALLGALLGFLILI,LLLSYLLTALLGALLGALILI,GJL,void,,,,,,,,,,,3204.45,3969.03,59.445,97.6492,3283.26,4114.96,158.364,259.451,-12.2521,1.1e+17,16.0,F,31.8136,75.42645455,3106.8008,3023.809,82.9918,0.0,Mutant,void
LLLTFLLGLLLGYLLASLILI,LLLTFLLGLLLGALLASLILI,GJL,void,,,,,,,,,,,3228.77,3970.4,54.7361,79.1541,3187.84,4123.45,162.239,160.09,-16.3299,1.1e+17,12.0,Y,50.6679,60.97125295,3149.6159,3027.75,121.8659,0.0,Mutant,void
LLLTFLLGLLLGYLLASLILI,LLLTALLGLLLGYLLASLILI,GJL,void,,,,,,,,,,,3216.9,4024.57,54.6956,57.2408,3187.84,4123.45,143.495,121.36,-16.3299,1.1e+17,4.0,F,81.2344,41.33649924,3159.6592,3066.48,93.1792,0.0,Mutant,void
LLLVGLLLALLGLLLGTLILI,LLLVGLLAALLGLLLGTLILI,GJL,void,,,,,,,,,,,3599.93,4426.57,60.6472,52.2517,3572.31,4464.94,115.492,124.82,-9.309,1.1e+17,7.0,L,77.3437,40.31910083,3547.6783,3447.49,100.1883,0.0,Mutant,void
LLLLVLLTTLLGGLLFALILI,LLLLVLLTTLLGGLLAALILI,GJL,void,,,,,,,,,,,3765.0,4478.92,45.9324,30.2242,3739.76,4562.94,134.536,103.821,-20.7002,1.1e+17,15.0,F,99.4962,23.29949646,3734.7758,3635.939,98.8368,0.0,Mutant,void
LLLLVLLTTLLGGLLFALILI,LLLAVLLTTLLGGLLFALILI,GJL,void,,,,,,,,,,,3671.47,4482.04,58.2789,114.762,3739.76,4562.94,124.868,239.922,-20.7002,1.1e+17,3.0,L,54.9688,67.61412778,3556.708,3499.838,56.87,0.0,Mutant,void
LLLTYLLAVLLGILLGLLILI,LLLTALLAVLLGILLGLLILI,GJL,void,,,,,,,,,,,3177.46,3868.88,59.8893,67.7538,3152.79,4049.62,176.78,177.861,-21.372,1.1e+17,4.0,Y,60.5169,56.29766196,3109.7062,2974.929,134.7772,0.0,Mutant,void
LLLTYLLAVLLGILLGLLILI,LLLTYLLAVLLGILLGALILI,GJL,void,,,,,,,,,,,3161.54,4002.94,56.8732,109.239,3152.79,4049.62,111.382,177.533,-21.372,1.1e+17,16.0,L,20.2238,84.37867866,3052.301,2975.257,77.044,0.0,Mutant,void
LLLYSLLTALLGLLLGFLILI,LLLYSLLTALLGLLLGALILI,GJL,void,,,,,,,,,,,3358.3,4081.32,57.4302,96.2457,3391.23,4133.11,126.704,218.168,-13.6456,1.1e+17,16.0,F,33.2171,74.34235935,3262.0543,3173.062,88.9923,0.0,Mutant,void
LLLYSLLTALLGLLLGFLILI,LLLYSLLTALLGALLGFLILI,GJL,void,,,,,,,,,,,3416.07,4102.63,45.3431,42.0948,3391.23,4133.11,95.5259,83.6433,-13.6456,1.1e+17,12.0,L,87.7272,32.42501271,3373.9752,3307.5867,66.3885,0.0,Mutant,void
LLLLVLLGALLGTLLSFLILI,LLLLVLLGALLGTLLSALILI,GJL,void,,,,,,,,,,,3688.68,4473.04,40.9249,80.6627,3764.4,4578.16,134.565,250.409,-12.0486,1.1e+17,16.0,F,48.8001,62.30569708,3608.0173,3513.991,94.0263,0.0,Mutant,void
LLLALLLGFLLGTLLGVLILI,LLLALLLGALLGTLLGVLILI,GJL,void,,,,,,,,,,,3429.56,4450.78,59.9448,54.8906,3408.1,4594.46,160.296,130.576,-28.9192,1.1e+17,8.0,F,76.439,41.79606121,3374.6694,3277.524,97.1454,0.0,Mutant,void
LLLALLLGFLLGTLLGVLILI,LLLAALLGFLLGTLLGVLILI,GJL,void,,,,,,,,,,,3414.15,4524.51,64.7235,53.2284,3408.1,4594.46,125.099,103.323,-28.9192,1.1e+17,4.0,L,85.2468,38.43894069,3360.9216,3304.777,56.1446,0.0,Mutant,void
LLLYALLTLLLGFLLGILILI,LLLYALLTLLLGALLGILILI,GJL,void,,,,,,,,,,,3368.34,4079.38,55.8746,41.6597,3353.53,4205.2,152.268,126.797,-27.0037,1.1e+17,12.0,F,88.1623,32.0898615,3326.6803,3226.733,99.9473,0.0,Mutant,void
LLLYALLTLLLGFLLGILILI,LLLAALLTLLLGFLLGILILI,GJL,void,,,,,,,,,,,3168.16,4015.85,59.6176,114.863,3353.53,4205.2,181.069,356.673,-27.0037,1.1e+17,3.0,Y,54.8678,67.67363378,3053.297,2996.857,56.44,0.0,Mutant,void
LLLYILLATLLGLLLGFLILI,LLLYALLATLLGLLLGFLILI,GJL,void,,,,,,,,,,,3427.97,4166.06,56.3362,72.6447,3404.43,4218.64,111.458,137.184,-33.6741,1.1e+17,4.0,I,65.8305,52.46044057,3355.3253,3267.246,88.0793,0.0,Mutant,void
LLLYILLATLLGLLLGFLILI,LLLYILLATLLGLLLGALILI,GJL,void,,,,,,,,,,,3337.99,4070.47,59.2797,111.646,3404.43,4218.64,159.587,262.779,-33.6741,1.1e+17,16.0,F,17.8168,86.2379,3226.344,3141.651,84.693,0.0,Mutant,void
LLLLVLLATLLGGLLSILILI,LLLLVLLATLLGGLLSALILI,GJL,void,,,,,,,,,,,3815.12,4500.95,44.4366,43.671,3797.71,4550.37,101.147,100.426,-5.80888,1.1e+17,16.0,I,85.7918,33.73246987,3771.449,3697.284,74.165,0.0,Mutant,void
LLLLVLLATLLGGLLSILILI,LLLAVLLATLLGGLLSILILI,GJL,void,,,,,,,,,,,3741.0,4492.55,62.2506,123.986,3797.71,4550.37,121.168,241.114,-5.80888,1.1e+17,3.0,L,45.7448,73.04861581,3617.014,3556.596,60.418,0.0,Mutant,void
LLLFALLASLLGILLTLLILI,LLLAALLASLLGILLTLLILI,GJL,void,,,,,,,,,,,3519.12,4340.92,62.7937,86.4457,3552.16,4492.11,164.415,211.192,-11.4263,1.1e+17,3.0,F,83.2851,50.9310626,3432.6743,3340.968,91.7063,0.0,Mutant,void
LLLFALLASLLGILLTLLILI,LLLFALLASLLGALLTLLILI,GJL,void,,,,,,,,,,,3577.23,4477.17,47.8849,44.2262,3552.16,4492.11,87.7011,89.045,-11.4263,1.1e+17,12.0,I,85.5958,34.06679916,3533.0038,3463.115,69.8888,0.0,Mutant,void
LLLLALLFALLGILLSTLILI,LLLLALLAALLGILLSTLILI,GJL,void,,,,,,,,,,,3756.25,4482.12,63.7168,45.2438,3745.13,4662.49,169.103,121.975,-12.638,1.1e+17,7.0,F,84.3516,34.91157865,3711.0062,3623.155,87.8512,0.0,Mutant,void
LLLLALLFALLGILLSTLILI,LLLLALLFALLGALLSTLILI,GJL,void,,,,,,,,,,,3762.29,4632.64,53.7145,42.86,3745.13,4662.49,99.1531,99.1451,-12.638,1.1e+17,12.0,I,86.962,33.01443515,3719.43,3645.9849,73.4451,0.0,Mutant,void
LLLSYLLGVLLGLLLGTLILI,LLLSALLGVLLGLLLGTLILI,GJL,void,,,,,,,,,,,3189.67,3836.56,66.1751,68.0308,3170.45,3995.88,178.349,174.1,-20.7472,1.1e+17,4.0,Y,70.4444,49.12850821,3121.6392,2996.35,125.2892,0.0,Mutant,void
LLLSYLLGVLLGLLLGTLILI,LLLSYLLGVLLGALLGTLILI,GJL,void,,,,,,,,,,,3183.54,3944.35,57.8837,94.9746,3170.45,3995.88,112.838,145.695,-20.7472,1.1e+17,12.0,L,34.8474,73.15755419,3088.5654,3024.755,63.8104,0.0,Mutant,void
LLLAYLLGVLLGLLLSTLILI,LLLAALLGVLLGLLLSTLILI,GJL,void,,,,,,,,,,,3201.42,3888.58,65.654,51.3268,3193.16,4080.45,184.228,162.17,-15.265,1.1e+17,4.0,Y,87.1484,37.06569841,3150.0932,3030.99,119.1032,0.0,Mutant,void
LLLAYLLGVLLGLLLSTLILI,LLLAYLLGVLLGALLSTLILI,GJL,void,,,,,,,,,,,3202.99,4032.16,52.0335,96.0134,3193.16,4080.45,107.186,157.467,-15.265,1.1e+17,12.0,L,33.8086,73.95772673,3106.9766,3035.693,71.2836,0.0,Mutant,void
LLLAFLLGTLLGVLLGLLILI,LLLAFLLGTLLGALLGLLILI,GJL,void,,,,,,,,,,,3152.45,3969.07,51.4939,75.4475,3147.84,3970.3,69.986,109.112,-28.8249,1.1e+17,12.0,V,60.0118,64.64295225,3077.0025,3038.728,38.2745,0.0,Mutant,void
LLLTVLLAYLLGLLLGFLILI,LLLTVLLAYLLGLLLGALILI,GJL,void,,,,,,,,,,,3221.47,4065.22,59.4424,113.408,3286.06,4210.94,158.581,261.179,-24.0747,1.1e+17,16.0,F,16.0548,87.59890872,3108.062,3024.881,83.181,0.0,Mutant,void
LLLYVLLGALLGILLTLLILI,LLLAVLLGALLGILLTLLILI,GJL,void,,,,,,,,,,,3582.04,4512.42,65.6835,57.7337,3679.23,4665.29,176.779,255.446,-27.8696,1.1e+17,3.0,Y,111.9971,34.01486354,3524.3063,3423.784,100.5223,0.0,Mutant,void
LLLYVLLGALLGILLTLLILI,LLLYVLLGALLGALLTLLILI,GJL,void,,,,,,,,,,,3710.86,4649.75,47.7004,47.6287,3679.23,4665.29,87.639,89.1699,-27.8696,1.1e+17,12.0,I,82.1933,36.68769546,3663.2313,3590.0601,73.1712,0.0,Mutant,void
LLLVLLLTGLLFALLAYLILI,LLLVLLLTGLLFALLAALILI,GJL,void,,,,,,,,,,,3215.52,4078.49,58.8827,88.7788,3211.96,4238.01,167.842,205.149,-20.5014,1.1e+17,16.0,Y,40.684,68.57475661,3126.7412,3006.811,119.9302,0.0,Mutant,void
LLLVLLLTGLLFALLAYLILI,LLLVLLLTGLLAALLAYLILI,GJL,void,,,,,,,,,,,3230.82,4075.61,57.3173,34.6673,3211.96,4238.01,161.45,111.037,-20.5014,1.1e+17,11.0,F,95.6005,26.61233244,3196.1527,3100.923,95.2297,0.0,Mutant,void
LLLTYLLFLLLGVLLGSLILI,LLLTALLFLLLGVLLGSLILI,GJL,void,,,,,,,,,,,3165.24,4024.88,49.154,47.0396,3116.19,4144.19,154.095,138.449,-30.1867,1.1e+17,4.0,Y,91.4356,33.96969277,3118.2004,2977.741,140.4594,0.0,Mutant,void
LLLTYLLFLLLGVLLGSLILI,LLLTYLLFALLGVLLGSLILI,GJL,void,,,,,,,,,,,3129.03,4093.02,61.7057,23.9844,3116.19,4144.19,116.17,77.5194,-30.1867,1.1e+17,8.0,L,107.3452,18.26275265,3105.0456,3038.6706,66.375,0.0,Mutant,void
LLLYFLLGALLGALLTLLILI,LLLYALLGALLGALLTLLILI,GJL,void,,,,,,,,,,,3714.45,4537.82,60.1641,52.9002,3671.54,4697.34,160.472,112.19,-28.0633,1.1e+17,4.0,F,85.575,38.20193074,3661.5498,3559.35,102.1998,0.0,Mutant,void
LLLYFLLGALLGALLTLLILI,LLLAFLLGALLGALLTLLILI,GJL,void,,,,,,,,,,,3553.41,4513.65,61.5938,73.8328,3671.54,4697.34,180.612,277.25,-28.0633,1.1e+17,3.0,Y,95.898,43.49994226,3479.5772,3394.29,85.2872,0.0,Mutant,void
LLLTGLLFALLGVLLSLLILI,LLLTGLLAALLGVLLSLLILI,GJL,void,,,,,,,,,,,3684.79,4489.69,61.74,33.9143,3669.35,4674.05,168.498,105.871,-22.7806,1.1e+17,7.0,F,95.6811,26.16937021,3650.8757,3563.479,87.3967,0.0,Mutant,void
LLLTGLLFALLGVLLSLLILI,LLLTGLLFALLGVLLSALILI,GJL,void,,,,,,,,,,,3671.95,4652.65,49.463,92.2118,3669.35,4674.05,98.1175,167.241,-22.7806,1.1e+17,16.0,L,37.251,71.22648359,3579.7382,3502.109,77.6292,0.0,Mutant,void
LLLVLLLATLLGSLLGTLILI,LLLVALLATLLGSLLGTLILI,GJL,void,,,,,,,,,,,3698.18,4401.09,47.3288,55.6627,3626.34,4427.68,92.9218,54.8728,-7.11869,1.1e+17,4.0,L,82.8125,40.1968728,3642.5173,3571.4672,71.0501,0.0,Mutant,void
LLLVLLLATLLGSLLGTLILI,LLLVLLLATLLGSLLGALILI,GJL,void,,,,,,,,,,,3636.35,4408.49,46.8283,45.9403,3626.34,4427.68,73.7359,73.1201,-7.11869,1.1e+17,16.0,T,83.5225,35.4853286,3590.4097,3553.2199,37.1898,0.0,Mutant,void
LLLTFLLGLLLGYLLSVLILI,LLLTFLLGLLLGALLSVLILI,GJL,void,,,,,,,,,,,3651.04,4612.92,57.5928,97.1365,3598.82,4763.64,164.773,180.655,-26.1,1.1e+17,12.0,Y,32.6855,74.82283434,3553.9035,3418.165,135.7385,0.0,Mutant,void
LLLTFLLGLLLGYLLSVLILI,LLLTALLGLLLGYLLSVLILI,GJL,void,,,,,,,,,,,3635.05,4672.84,53.0577,44.9764,3598.82,4763.64,140.466,98.0934,-26.1,1.1e+17,4.0,F,93.4988,32.47975089,3590.0736,3500.7266,89.347,0.0,Mutant,void
LLLSSLLALLLGVLLGTLILI,LLLSSLLAALLGVLLGTLILI,GJL,void,,,,,,,,,,,3103.16,3826.02,63.5484,50.7504,3082.63,3894.77,124.013,90.6565,-21.5114,1.1e+17,8.0,L,80.5792,38.64353504,3052.4096,2991.9735,60.4361,0.0,Mutant,void
LLLSSLLALLLGVLLGTLILI,LLLSSLLALLLGALLGTLILI,GJL,void,,,,,,,,,,,3093.04,3875.44,59.6371,67.437,3082.63,3894.77,84.3711,101.176,-21.5114,1.1e+17,12.0,V,62.385,51.94574109,3025.603,2981.454,44.149,0.0,Mutant,void
LLLFVLLTILLGALLSLLILI,LLLAVLLTILLGALLSLLILI,GJL,void,,,,,,,,,,,3225.0,3945.34,59.1187,118.036,3324.45,4086.19,162.118,298.721,-9.71457,1.1e+17,3.0,F,51.6948,69.54306466,3106.964,3025.729,81.235,0.0,Mutant,void
LLLFVLLTILLGALLSLLILI,LLLFVLLTALLGALLSLLILI,GJL,void,,,,,,,,,,,3359.18,4060.81,61.6362,40.5358,3324.45,4086.19,101.208,77.3652,-9.71457,1.1e+17,8.0,I,90.7938,30.86569974,3318.6442,3247.0848,71.5594,0.0,Mutant,void
LLLTLLLGILLGFLLSVLILI,LLLTLLLGILLGALLSVLILI,GJL,void,,,,,,,,,,,3565.53,4501.41,55.4991,81.5617,3506.5,4608.7,141.669,126.197,-46.7576,1.1e+17,12.0,F,48.2603,62.82579224,3483.9683,3380.303,103.6653,0.0,Mutant,void
LLLTLLLGILLGFLLSVLILI,LLLTLLLGALLGFLLSVLILI,GJL,void,,,,,,,,,,,3547.17,4593.42,49.0888,30.2478,3506.5,4608.7,90.0518,56.1598,-46.7576,1.1e+17,8.0,I,101.0818,23.03197451,3516.9222,3450.3402,66.582,0.0,Mutant,void
LLLAFLLGLLLGTLLTVLILI,LLLAFLLGALLGTLLTVLILI,GJL,void,,,,,,,,,,,3705.84,4600.89,50.6753,40.2421,3665.61,4607.93,88.3453,56.1522,-22.0382,1.1e+17,8.0,L,91.0875,30.64206394,3665.5979,3609.4578,56.1401,0.0,Mutant,void
LLLYLLLGTLLGFLLSILILI,LLLYLLLGTLLGALLSILILI,GJL,void,,,,,,,,,,,3271.95,4118.64,47.4792,71.148,3278.41,4207.14,135.434,177.787,-38.2375,1.1e+17,12.0,F,58.674,54.80427046,3200.802,3100.623,100.179,0.0,Mutant,void
LLLTFLLGILLGVLLSLLILI,LLLTALLGILLGVLLSLLILI,GJL,void,,,,,,,,,,,3238.4,3882.94,56.449,52.7344,3218.6,4019.55,155.809,122.692,-7.29132,1.1e+17,4.0,F,92.1482,33.45508799,3185.6656,3095.908,89.7576,0.0,Mutant,void
LLLTFLLGILLGVLLSLLILI,LLLTFLLGALLGVLLSLLILI,GJL,void,,,,,,,,,,,3258.45,4011.41,55.099,61.2459,3218.6,4019.55,84.3122,89.2094,-7.29132,1.1e+17,8.0,I,70.0837,46.63525968,3197.2041,3129.3906,67.8135,0.0,Mutant,void
LLLTLLLFYLLGVLLGSLILI,LLLTLLLFALLGVLLGSLILI,GJL,void,,,,,,,,,,,3186.29,4098.1,60.4158,23.1073,3147.87,4244.84,166.232,103.525,-19.1409,1.1e+17,8.0,Y,108.2223,17.59489102,3163.1827,3044.345,118.8377,0.0,Mutant,void
LLLTLLLFYLLGVLLGSLILI,LLLTALLFYLLGVLLGSLILI,GJL,void,,,,,,,,,,,3186.66,4179.3,45.5198,45.3557,3147.87,4244.84,107.382,86.049,-19.1409,1.1e+17,4.0,L,93.1195,32.75366275,3141.3043,3061.821,79.4833,0.0,Mutant,void
LLLAGLLFLLLGTLLGSLILI,LLLAGLLFALLGTLLGSLILI,GJL,void,,,,,,,,,,,3140.19,3933.14,56.655,23.1832,3134.12,3994.87,115.449,89.2012,-23.3464,1.1e+17,8.0,L,108.1464,17.65268454,3117.0068,3044.9188,72.088,0.0,Mutant,void
LLLAGLLFLLLGTLLGSLILI,LLLAGLLFLLLGALLGSLILI,GJL,void,,,,,,,,,,,3144.55,3964.71,60.7012,54.8417,3134.12,3994.87,89.5256,83.2877,-23.3464,1.1e+17,12.0,T,74.9803,42.24376454,3089.7083,3050.8323,38.876,0.0,Mutant,void
LLLLVLLTGLLFGLLYALILI,LLLLVLLTGLLFGLLAALILI,GJL,void,,,,,,,,,,,3682.48,4590.59,38.9067,29.4142,3633.52,4618.05,115.836,95.3863,-12.6715,1.1e+17,15.0,Y,100.3062,22.67507655,3653.0658,3538.1337,114.9321,0.0,Mutant,void
LLLLVLLTGLLFGLLYALILI,LLLLVLLTGLLAGLLYALILI,GJL,void,,,,,,,,,,,3671.51,4589.9,39.6817,33.6839,3633.52,4618.05,111.633,93.119,-12.6715,1.1e+17,11.0,F,96.5839,25.85742601,3637.8261,3540.401,97.4251,0.0,Mutant,void
LLLASLLTLLLGVLLGFLILI,LLLASLLTLLLGVLLGALILI,GJL,void,,,,,,,,,,,3150.21,3879.5,56.8293,101.532,3200.16,4024.9,156.009,239.985,-12.5433,1.1e+17,16.0,F,27.9308,78.42561724,3048.678,2960.175,88.503,0.0,Mutant,void
LLLASLLTLLLGVLLGFLILI,LLLASLLTALLGVLLGFLILI,GJL,void,,,,,,,,,,,3201.82,3960.0,66.6666,34.0274,3200.16,4024.9,125.194,76.2255,-12.5433,1.1e+17,8.0,L,97.3022,25.90992434,3167.7926,3123.9345,43.8581,0.0,Mutant,void
LLLSTLLGFLLGVLLGLLILI,LLLSTLLGALLGVLLGLLILI,GJL,void,,,,,,,,,,,3061.15,3840.06,61.8558,50.1653,3025.2,3997.46,161.86,108.298,-30.979,1.1e+17,8.0,F,81.1643,38.19801477,3010.9847,2916.902,94.0827,0.0,Mutant,void
LLLSTLLGFLLGVLLGLLILI,LLLSTLLGFLLGVLLGALILI,GJL,void,,,,,,,,,,,3032.89,3949.62,56.6382,108.435,3025.2,3997.46,111.499,178.025,-30.979,1.1e+17,16.0,L,21.0278,83.75765085,2924.455,2847.175,77.28,0.0,Mutant,void
LLLYALLFLLLGTLLSILILI,LLLYALLFLLLGTLLSALILI,GJL,void,,,,,,,,,,,3412.82,4227.86,56.301,107.258,3441.04,4253.75,97.0389,191.924,-9.67379,1.1e+17,16.0,I,22.2048,82.84850938,3305.562,3249.116,56.446,0.0,Mutant,void
LLLYTLLAILLGLLLGFLILI,LLLYTLLAILLGLLLGALILI,GJL,void,,,,,,,,,,,3453.15,4048.17,58.9207,117.241,3509.14,4173.5,150.274,265.893,-22.1321,1.1e+17,16.0,F,12.2218,90.55960477,3335.909,3243.247,92.662,0.0,Mutant,void
LLLYTLLAILLGLLLGFLILI,LLLYTLLAALLGLLLGFLILI,GJL,void,,,,,,,,,,,3541.79,4166.72,50.3879,48.3241,3509.14,4173.5,85.4175,85.4406,-22.1321,1.1e+17,8.0,I,83.0055,36.79604598,3493.4659,3423.6994,69.7665,0.0,Mutant,void
LLLGYLLALLLGVLLSTLILI,LLLGALLALLLGVLLSTLILI,GJL,void,,,,,,,,,,,3638.08,4430.92,51.5189,60.5169,3594.96,4571.63,156.383,152.152,-20.4196,1.1e+17,4.0,Y,77.9583,43.70233804,3577.5631,3442.808,134.7551,0.0,Mutant,void
LLLGYLLALLLGVLLSTLILI,LLLGYLLAALLGVLLSTLILI,GJL,void,,,,,,,,,,,3631.63,4499.43,62.4839,48.3793,3594.96,4571.63,124.0,78.6562,-20.4196,1.1e+17,8.0,L,82.9503,36.83807763,3583.2507,3516.3038,66.9469,0.0,Mutant,void
LLLSYLLTVLLGILLGLLILI,LLLSALLTVLLGILLGLLILI,GJL,void,,,,,,,,,,,3141.07,3875.91,50.9718,78.0749,3112.65,4046.37,167.682,169.877,-31.5567,1.1e+17,4.0,Y,60.4003,56.38186477,3062.9951,2942.773,120.2221,0.0,Mutant,void
LLLSYLLTVLLGILLGLLILI,LLLSYLLTVLLGILLGALILI,GJL,void,,,,,,,,,,,3119.69,3998.33,56.1882,93.8466,3112.65,4046.37,111.689,151.605,-31.5567,1.1e+17,16.0,L,35.6162,72.48924015,3025.8434,2961.045,64.7984,0.0,Mutant,void
LLLAVLLFSLLGLLLGTLILI,LLLAVLLASLLGLLLGTLILI,GJL,void,,,,,,,,,,,3648.5,4483.87,62.5101,41.6072,3647.09,4651.53,164.902,126.128,-11.5258,1.1e+17,7.0,F,87.9882,32.10546053,3606.8928,3520.962,85.9308,0.0,Mutant,void
LLLYSLLTLLLGFLLAILILI,LLLYSLLTLLLGALLAILILI,GJL,void,,,,,,,,,,,3377.21,4125.35,50.305,46.4462,3369.7,4240.45,145.809,144.572,-10.7057,1.1e+17,12.0,F,83.3758,35.77683289,3330.7638,3225.128,105.6358,0.0,Mutant,void
LLLYSLLTLLLGFLLAILILI,LLLYSLLTLLLGFLLAALILI,GJL,void,,,,,,,,,,,3365.07,4235.93,49.8586,90.0311,3369.7,4240.45,78.9171,147.359,-10.7057,1.1e+17,16.0,I,39.4317,69.5420615,3275.0389,3222.341,52.6979,0.0,Mutant,void
LLLYLLLGALLGVLLSTLILI,LLLYALLGALLGVLLSTLILI,GJL,void,,,,,,,,,,,3825.63,4588.73,63.8174,35.8433,3782.17,4647.75,121.222,56.3409,-7.71629,1.1e+17,4.0,L,102.6319,25.88427386,3789.7867,3725.8291,63.9576,0.0,Mutant,void
LLLYFLLGILLGVLLSLLILI,LLLYALLGILLGVLLSLLILI,GJL,void,,,,,,,,,,,3676.35,4567.2,54.8663,52.9126,3642.91,4629.75,126.9,108.068,-32.2999,1.1e+17,4.0,F,85.5626,38.21088541,3623.4374,3534.842,88.5954,0.0,Mutant,void
LLLAGLLFLLLGTLLSYLILI,LLLAGLLFLLLGTLLSALILI,GJL,void,,,,,,,,,,,3682.72,4632.27,41.9411,82.5053,3644.08,4669.4,125.487,175.822,-18.3705,1.1e+17,16.0,Y,46.9575,63.72896307,3600.2147,3468.258,131.9567,0.0,Mutant,void
LLLAGLLFLLLGTLLSYLILI,LLLAGLLALLLGTLLSYLILI,GJL,void,,,,,,,,,,,3649.33,4506.99,59.655,25.5155,3644.08,4669.4,161.052,75.856,-18.3705,1.1e+17,7.0,F,104.0799,19.68858463,3623.8145,3568.224,55.5905,0.0,Mutant,void
LLLTILLALLLGFLLGSLILI,LLLTILLALLLGALLGSLILI,GJL,void,,,,,,,,,,,3146.17,3921.41,58.6698,57.3165,3149.38,4067.52,159.059,163.14,-25.1796,1.1e+17,12.0,F,72.5055,44.15006701,3088.8535,2986.24,102.6135,0.0,Mutant,void
LLLTILLALLLGFLLGSLILI,LLLTALLALLLGFLLGSLILI,GJL,void,,,,,,,,,,,3179.64,4005.25,64.6935,58.8041,3149.38,4067.52,120.078,112.09,-25.1796,1.1e+17,4.0,I,79.6711,42.46543785,3120.8359,3037.29,83.5459,0.0,Mutant,void
LLLYLLLAFLLGVLLGSLILI,LLLYLLLAALLGVLLGSLILI,GJL,void,,,,,,,,,,,3406.48,4061.53,58.0013,54.3267,3359.66,4200.1,155.268,128.229,-11.4742,1.1e+17,8.0,F,77.0029,41.36668352,3352.1533,3231.431,120.7223,0.0,Mutant,void
LLLYLLLAFLLGVLLGSLILI,LLLYALLAFLLGVLLGSLILI,GJL,void,,,,,,,,,,,3398.8,4110.07,60.3855,59.8848,3359.66,4200.1,128.962,104.253,-11.4742,1.1e+17,4.0,L,78.5904,43.24586641,3338.9152,3255.407,83.5082,0.0,Mutant,void
LLLTALLFLLLGYLLGSLILI,LLLTALLFLLLGALLGSLILI,GJL,void,,,,,,,,,,,3198.29,4015.03,60.4341,56.2911,3174.58,4176.7,168.324,143.562,-22.501,1.1e+17,12.0,Y,73.5309,43.3602163,3141.9989,3031.018,110.9809,0.0,Mutant,void
LLLTALLFLLLGYLLGSLILI,LLLTALLALLLGYLLGSLILI,GJL,void,,,,,,,,,,,3179.87,4017.01,57.2829,16.7406,3174.58,4176.7,157.321,84.9675,-22.501,1.1e+17,7.0,F,112.8548,12.91758812,3163.1294,3089.6125,73.5169,0.0,Mutant,void
LLLLVLLTTLLGALLFGLILI,LLLLVLLTTLLGALLAGLILI,GJL,void,,,,,,,,,,,3797.08,4501.17,45.6429,20.304,3766.7,4588.11,135.235,105.352,-10.2344,1.1e+17,15.0,F,109.4164,15.65212565,3776.776,3661.348,115.428,0.0,Mutant,void
LLLLVLLTTLLGALLFGLILI,LLLLVLLATLLGALLFGLILI,GJL,void,,,,,,,,,,,3775.25,4547.61,62.2869,39.2673,3766.7,4588.11,92.8962,72.8723,-10.2344,1.1e+17,7.0,T,90.3281,30.29991805,3735.9827,3693.8277,42.155,0.0,Mutant,void
LLLYVLLTLLLGALLSFLILI,LLLYVLLTLLLGALLSALILI,GJL,void,,,,,,,,,,,3433.39,4084.22,58.3181,100.311,3531.86,4230.42,157.975,273.941,-9.47255,1.1e+17,16.0,F,29.1518,77.48248918,3333.079,3257.919,75.16,0.0,Mutant,void
LLLYVLLTLLLGALLSFLILI,LLLYVLLTALLGALLSFLILI,GJL,void,,,,,,,,,,,3543.3,4180.79,58.8448,36.3178,3531.86,4230.42,114.098,81.626,-9.47255,1.1e+17,8.0,L,95.0118,27.65393331,3506.9822,3450.234,56.7482,0.0,Mutant,void
LLLAVLLGTLLGLLLSFLILI,LLLAVLLGTLLGLLLSALILI,GJL,void,,,,,,,,,,,3542.77,4466.7,44.7809,87.8536,3644.45,4568.08,137.967,274.183,-32.3507,1.1e+17,16.0,F,41.6092,67.86011117,3454.9164,3370.267,84.6494,0.0,Mutant,void
LLLAVLLGTLLGLLLSFLILI,LLLAVLLGTLLGALLSFLILI,GJL,void,,,,,,,,,,,3678.16,4510.95,55.312,87.4293,3644.45,4568.08,110.96,127.622,-32.3507,1.1e+17,12.0,L,42.3927,67.34551925,3590.7307,3516.828,73.9027,0.0,Mutant,void
LLLYLLLGALLGILLSTLILI,LLLYALLGALLGILLSTLILI,GJL,void,,,,,,,,,,,3523.69,4049.32,66.734,57.1915,3489.55,4141.35,134.485,101.928,-14.2325,1.1e+17,4.0,L,81.2837,41.3008972,3466.4985,3387.622,78.8765,0.0,Mutant,void
LLLAALLFSLLGLLLGTLILI,LLLAALLASLLGLLLGTLILI,GJL,void,,,,,,,,,,,3676.22,4470.28,63.7039,51.7189,3681.63,4650.35,169.06,142.925,-10.6977,1.1e+17,7.0,F,77.8765,39.90797513,3624.5011,3538.705,85.7961,0.0,Mutant,void
LLLTGLLYVLLGLLLAFLILI,LLLTGLLYVLLGLLLAALILI,GJL,void,,,,,,,,,,,3636.78,4587.29,44.5915,88.4922,3736.14,4688.95,137.51,273.198,-8.61349,1.1e+17,16.0,F,40.9706,68.35338028,3548.2878,3462.942,85.3458,0.0,Mutant,void
LLLTYLLGVLLGILLALLILI,LLLTALLGVLLGILLALLILI,GJL,void,,,,,,,,,,,3252.96,3877.48,65.2113,73.0233,3239.81,4067.64,183.896,203.333,-17.05,1.1e+17,4.0,Y,67.8221,51.0222047,3179.9367,3036.477,143.4597,0.0,Mutant,void
LLLTYLLGVLLGILLALLILI,LLLTYLLGVLLGILLAALILI,GJL,void,,,,,,,,,,,3224.7,4023.98,55.5338,107.767,3239.81,4067.64,108.693,192.934,-17.05,1.1e+17,16.0,L,21.6958,83.24167251,3116.933,3046.876,70.057,0.0,Mutant,void
LLLTALLAFLLGVLLGLLILI,LLLTALLAALLGVLLGLLILI,GJL,void,,,,,,,,,,,3110.82,3831.49,68.7836,54.6076,3082.21,3994.14,169.353,118.678,-21.538,1.1e+17,8.0,F,76.722,41.58057285,3056.2124,2963.532,92.6804,0.0,Mutant,void
LLLTALLAFLLGVLLGLLILI,LLLTALLAFLLGVLLGALILI,GJL,void,,,,,,,,,,,3088.2,3946.84,56.5487,109.908,3082.21,3994.14,111.109,181.591,-21.538,1.1e+17,16.0,L,19.5548,84.89542942,2978.292,2900.619,77.673,0.0,Mutant,void
LLLAFLLGVLLGTLLGLLILI,LLLAALLGVLLGTLLGLLILI,GJL,void,,,,,,,,,,,3116.28,3834.42,59.2628,69.2237,3100.55,3968.75,157.507,149.896,-29.5755,1.1e+17,4.0,F,69.2515,49.9899621,3047.0563,2950.654,96.4023,0.0,Mutant,void
LLLAFLLGVLLGTLLGLLILI,LLLAFLLGVLLGTLLGALILI,GJL,void,,,,,,,,,,,3109.17,3920.08,56.6062,104.322,3100.55,3968.75,111.615,169.215,-29.5755,1.1e+17,16.0,L,25.1408,80.58067646,3004.848,2931.335,73.513,0.0,Mutant,void
LLLYLLLGTLLGILLAFLILI,LLLYALLGTLLGILLAFLILI,GJL,void,,,,,,,,,,,3547.18,4144.91,61.6041,85.0812,3518.43,4239.0,130.753,127.475,-16.7257,1.1e+17,4.0,L,53.394,61.44147111,3462.0988,3390.955,71.1438,0.0,Mutant,void
LLLYLLLGTLLGILLAFLILI,LLLYLLLGTLLGALLAFLILI,GJL,void,,,,,,,,,,,3539.95,4211.44,56.7914,55.7699,3518.43,4239.0,97.8445,104.156,-16.7257,1.1e+17,12.0,I,74.0521,42.95874351,3484.1801,3414.274,69.9061,0.0,Mutant,void
LLLASLLVGLLFLLLGLLILI,LLLASLLVGLLALLLGLLILI,GJL,void,,,,,,,,,,,3177.63,3950.94,56.5631,17.9459,3172.26,4114.55,158.741,105.634,-19.4851,1.1e+17,11.0,F,112.3219,13.77615957,3159.6841,3066.626,93.0581,0.0,Mutant,void
LLLASLLVGLLFLLLGLLILI,LLLASLLVGLLFLLLGALILI,GJL,void,,,,,,,,,,,3172.01,4047.18,59.1638,85.0475,3172.26,4114.55,120.027,142.781,-19.4851,1.1e+17,16.0,L,44.4153,65.69261595,3086.9625,3029.479,57.4835,0.0,Mutant,void
LLLSYLLVALLGLLLGFLILI,LLLSALLVALLGLLLGFLILI,GJL,void,,,,,,,,,,,3370.51,4009.09,52.1392,83.7598,3334.73,4180.76,171.065,179.837,-29.9073,1.1e+17,4.0,Y,54.7154,60.48722082,3286.7502,3154.893,131.8572,0.0,Mutant,void
LLLSYLLVALLGLLLGFLILI,LLLSYLLVALLGALLGFLILI,GJL,void,,,,,,,,,,,3351.19,4102.59,63.0341,70.1301,3334.73,4180.76,126.874,113.811,-29.9073,1.1e+17,12.0,L,90.3123,31.23233452,3281.0599,3220.919,60.1409,0.0,Mutant,void
LLLTLLLGLLLGVLLASLILI,LLLTLLLGALLGVLLASLILI,GJL,void,,,,,,,,,,,3205.26,3876.47,61.4439,54.4001,3184.83,3963.18,128.482,96.0035,-17.8028,1.1e+17,8.0,L,76.9295,41.42257343,3150.8599,3088.8265,62.0334,0.0,Mutant,void
LLLTLLLGLLLGVLLASLILI,LLLTALLGLLLGVLLASLILI,GJL,void,,,,,,,,,,,3178.33,3875.56,57.5435,57.1122,3184.83,3963.18,124.532,123.801,-17.8028,1.1e+17,4.0,L,81.363,41.24363063,3121.2178,3061.029,60.1888,0.0,Mutant,void
LLLAALLTSLLGLLLGYLILI,LLLAALLTSLLGLLLGALILI,GJL,void,,,,,,,,,,,3764.25,4488.73,44.4406,62.9947,3698.37,4612.38,146.249,132.293,-15.0988,1.1e+17,16.0,Y,66.4681,48.65853357,3701.2553,3566.077,135.1783,0.0,Mutant,void
LLLAALLTSLLGLLLGYLILI,LLLAALLTSLLGALLGYLILI,GJL,void,,,,,,,,,,,3732.15,4547.48,49.6079,28.6281,3698.37,4612.38,110.148,56.5593,-15.0988,1.1e+17,12.0,L,101.1939,22.0518094,3703.5219,3641.8107,61.7112,0.0,Mutant,void
LLLSYLLGVLLGLLLATLILI,LLLSALLGVLLGLLLATLILI,GJL,void,,,,,,,,,,,3222.17,3857.07,66.1298,67.3124,3203.07,4047.62,184.435,172.656,-26.2402,1.1e+17,4.0,Y,71.1628,48.60971495,3154.8576,3030.414,124.4436,0.0,Mutant,void
LLLSYLLGVLLGLLLATLILI,LLLSYLLGVLLGALLATLILI,GJL,void,,,,,,,,,,,3214.53,3998.96,51.7548,77.6348,3203.07,4047.62,106.981,125.795,-26.2402,1.1e+17,12.0,L,52.1872,59.80095824,3136.8952,3077.275,59.6202,0.0,Mutant,void
LLLSYLLVLLLGFLLATLILI,LLLSALLVLLLGFLLATLILI,GJL,void,,,,,,,,,,,3284.38,4039.91,44.9439,75.1112,3255.95,4206.46,162.471,168.934,-27.2819,1.1e+17,4.0,Y,63.364,54.24162594,3209.2688,3087.016,122.2528,0.0,Mutant,void
LLLSYLLVLLLGFLLATLILI,LLLSYLLVLLLGALLATLILI,GJL,void,,,,,,,,,,,3255.16,4074.55,54.568,54.9256,3255.95,4206.46,153.565,157.706,-27.2819,1.1e+17,12.0,F,74.8964,42.30839149,3200.2344,3098.244,101.9904,0.0,Mutant,void
LLLSTLLGLLLGVLLGILILI,LLLSTLLGLLLGVLLGALILI,GJL,void,,,,,,,,,,,3074.77,3837.88,56.515,109.668,3094.38,3863.4,96.8118,185.809,-26.0226,1.1e+17,16.0,I,19.7948,84.71004798,2965.102,2908.571,56.531,0.0,Mutant,void
LLLSTLLGLLLGVLLGILILI,LLLSTLLGALLGVLLGILILI,GJL,void,,,,,,,,,,,3110.0,3809.23,61.8333,48.2771,3094.38,3863.4,117.752,88.2003,-26.0226,1.1e+17,8.0,L,83.0525,36.76025816,3061.7229,3006.1797,55.5432,0.0,Mutant,void
LLLYLLLGALLGTLLSFLILI,LLLYLLLGALLGTLLSALILI,GJL,void,,,,,,,,,,,3345.18,4066.9,56.0068,105.981,3418.96,4122.3,132.595,259.595,-18.6621,1.1e+17,16.0,F,23.4818,81.86212565,3239.199,3159.365,79.834,1.0,Mutant,void
LLLYLLLGALLGTLLSFLILI,LLLYALLGALLGTLLSFLILI,GJL,void,,,,,,,,,,,3455.26,4027.22,66.2473,44.1683,3418.96,4122.3,135.194,79.1032,-18.6621,1.1e+17,4.0,L,94.3069,31.89618069,3411.0917,3339.8568,71.2349,1.0,Mutant,void
LLLVALLALLLGTLLSFLILI,LLLVALLAALLGTLLSFLILI,GJL,void,,,,,,,,,,,3702.35,4509.23,57.736,43.4089,3674.32,4592.21,123.005,79.1734,-22.2201,1.1e+17,8.0,L,87.9207,33.05340152,3658.9411,3595.1466,63.7945,1.0,Mutant,void
LLLTYLLALLLGFLLASLILI,LLLTALLALLLGFLLASLILI,GJL,void,,,,,,,,,,,3243.61,4014.8,50.3636,51.8931,3200.4,4138.35,156.168,150.358,-16.6455,1.1e+17,4.0,Y,86.5821,37.4746525,3191.7169,3050.042,141.6749,1.0,Mutant,void
LLLTYLLALLLGFLLASLILI,LLLTYLLALLLGALLASLILI,GJL,void,,,,,,,,,,,3194.36,4009.49,52.3514,52.915,3200.4,4138.35,150.632,161.469,-16.6455,1.1e+17,12.0,F,76.907,40.75965553,3141.445,3038.931,102.514,1.0,Mutant,void
LLLVTLLFSLLGALLSLLILI,LLLVTLLASLLGALLSLLILI,GJL,void,,,,,,,,,,,3617.68,4448.95,60.6475,54.2441,3634.87,4537.26,146.665,173.288,-17.6448,1.1e+17,7.0,F,75.3513,41.85650108,3563.4359,3461.582,101.8539,1.0,Mutant,void
LLLVTLLFSLLGALLSLLILI,LLLVTLLFSLLGALLSALILI,GJL,void,,,,,,,,,,,3641.77,4492.29,44.3303,56.1337,3634.87,4537.26,95.492,120.04,-17.6448,1.1e+17,16.0,L,73.3291,43.35894172,3585.6363,3514.83,70.8063,1.0,Mutant,void
LLLALLLGTLLGFLLSILILI,LLLALLLGTLLGALLSILILI,GJL,void,,,,,,,,,,,3604.88,4488.13,46.3951,74.2048,3596.14,4601.18,141.91,195.394,-33.1784,1.1e+17,12.0,F,55.6172,57.15887908,3530.6752,3400.746,129.9292,1.0,Mutant,void
LLLALLLGTLLGFLLSILILI,LLLAALLGTLLGFLLSILILI,GJL,void,,,,,,,,,,,3625.11,4533.16,59.6248,52.0978,3596.14,4601.18,119.574,93.0544,-33.1784,1.1e+17,4.0,L,86.3774,37.6224768,3573.0122,3503.0856,69.9266,1.0,Mutant,void
LLLTVLLGILLGLLLAFLILI,LLLTVLLGILLGALLAFLILI,GJL,void,,,,,,,,,,,3658.46,4541.33,57.1232,93.2207,3621.86,4587.78,111.393,127.0,-29.0691,1.1e+17,12.0,L,36.6013,71.80655051,3565.2393,3494.86,70.3793,1.0,Mutant,void
LLLTVLLGILLGLLLAFLILI,LLLTVLLGALLGLLLAFLILI,GJL,void,,,,,,,,,,,3658.77,4582.29,51.1364,32.0657,3621.86,4587.78,85.4416,58.4914,-29.0691,1.1e+17,8.0,I,99.2639,24.41620168,3626.7043,3563.3686,63.3357,1.0,Mutant,void
LLLYSLLFALLGALLTLLILI,LLLYSLLAALLGALLTLLILI,GJL,void,,,,,,,,,,,3403.05,4070.11,64.0176,35.4221,3387.03,4251.87,169.804,113.747,-8.92688,1.1e+17,7.0,F,94.1733,27.33283743,3367.6279,3273.283,94.3449,1.0,Mutant,void
LLLYSLLFALLGALLTLLILI,LLLYSLLFALLGALLTALILI,GJL,void,,,,,,,,,,,3363.79,4190.17,58.6787,95.5187,3387.03,4251.87,116.769,185.567,-8.92688,1.1e+17,16.0,L,33.9441,73.78080808,3268.2713,3201.463,66.8083,1.0,Mutant,void
LLLSYLLVLLLGLLLGTLILI,LLLSALLVLLLGLLLGTLILI,GJL,void,,,,,,,,,,,3255.91,3961.09,49.1639,67.9782,3198.95,4086.04,154.467,153.954,-27.9106,1.1e+17,4.0,Y,70.497,49.09052307,3187.9318,3044.996,142.9358,1.0,Mutant,void
LLLSYLLVLLLGLLLGTLILI,LLLSYLLVALLGLLLGTLILI,GJL,void,,,,,,,,,,,3220.95,4025.67,51.6984,46.1981,3198.95,4086.04,109.628,90.9706,-27.9106,1.1e+17,8.0,L,85.1315,35.17721824,3174.7519,3107.9794,66.7725,1.0,Mutant,void
LLLYALLTALLGGLLFLLILI,LLLYALLTALLGGLLALLILI,GJL,void,,,,,,,,,,,3432.69,4025.99,60.7095,31.4499,3427.97,4180.07,161.079,106.75,-6.72804,1.1e+17,15.0,F,98.2705,24.24437482,3401.2401,3321.22,80.0201,1.0,Mutant,void
LLLYALLTALLGGLLFLLILI,LLLYALLTALLGGLLFALILI,GJL,void,,,,,,,,,,,3432.27,4122.88,55.9182,44.0111,3427.97,4180.07,113.891,103.769,-6.72804,1.1e+17,16.0,L,85.4517,33.99517081,3388.2589,3324.201,64.0579,1.0,Mutant,void
LLLTALLFLLLGVLLASLILI,LLLTALLALLLGVLLASLILI,GJL,void,,,,,,,,,,,3221.07,3892.71,56.8583,15.7854,3215.47,4057.28,158.941,98.8269,-13.6832,1.1e+17,7.0,F,113.81,12.18052493,3205.2846,3116.6431,88.6415,1.0,Mutant,void
LLLTALLFLLLGVLLASLILI,LLLTALLFLLLGALLASLILI,GJL,void,,,,,,,,,,,3223.47,4043.26,55.5169,59.7187,3215.47,4057.28,78.812,92.7388,-13.6832,1.1e+17,12.0,V,70.1033,46.00044677,3163.7513,3122.7312,41.0201,1.0,Mutant,void
LLLAYLLGVLLGLLLGSLILI,LLLAALLGVLLGLLLGSLILI,GJL,void,,,,,,,,,,,3154.31,3820.58,60.0743,70.9246,3153.68,4008.56,178.021,198.349,-26.7388,1.1e+17,4.0,Y,67.5506,51.21826869,3083.3854,2955.331,128.0544,1.0,Mutant,void
LLLAYLLGVLLGLLLGSLILI,LLLAYLLGVLLGALLGSLILI,GJL,void,,,,,,,,,,,3158.83,3952.63,58.1961,62.6175,3153.68,4008.56,114.355,107.556,-26.7388,1.1e+17,12.0,L,67.2045,48.23335028,3096.2125,3046.124,50.0885,1.0,Mutant,void
LLLTLLLGLLLGVLLGSLILI,LLLTLLLGALLGVLLGSLILI,GJL,void,,,,,,,,,,,3264.72,3866.52,64.4877,69.2151,3232.5,3941.92,126.994,108.872,-10.7178,1.1e+17,8.0,L,62.1145,52.70335096,3195.5049,3123.628,71.8769,1.0,Mutant,void
LLLTLLLGLLLGVLLGSLILI,LLLTALLGLLLGVLLGSLILI,GJL,void,,,,,,,,,,,3204.85,3853.93,54.3885,53.3193,3232.5,3941.92,121.469,130.582,-10.7178,1.1e+17,4.0,L,85.1559,38.50458421,3151.5307,3101.918,49.6127,1.0,Mutant,void
LLLLVLLIGLLFGLLFALILI,LLLLVLLIGLLAGLLFALILI,GJL,void,,,,,,,,,,,3799.56,4544.93,56.5659,45.5896,3755.6,4687.67,155.122,110.079,-19.9506,1.1e+17,11.0,F,84.6782,34.99682961,3753.9704,3645.521,108.4494,1.0,Mutant,void
LLLLVLLIGLLFGLLFALILI,LLLLVLLIGLLFGLLAALILI,GJL,void,,,,,,,,,,,3790.31,4614.95,37.3894,25.8338,3755.6,4687.67,123.107,95.6643,-19.9506,1.1e+17,15.0,F,103.8866,19.91498639,3764.4762,3659.9357,104.5405,1.0,Mutant,void
LLLSYLLGVLLGTLLGLLILI,LLLSALLGVLLGTLLGLLILI,GJL,void,,,,,,,,,,,3273.93,3821.03,66.075,86.8028,3245.3,4012.18,184.492,200.034,-19.8281,1.1e+17,4.0,Y,51.6724,62.68472622,3187.1272,3045.266,141.8612,1.0,Mutant,void
LLLSYLLGVLLGTLLGLLILI,LLLSYLLGVLLGTLLGALILI,GJL,void,,,,,,,,,,,3209.38,3963.54,56.9049,113.674,3245.3,4012.18,112.207,216.152,-19.8281,1.1e+17,16.0,L,15.7888,87.80437315,3095.706,3029.148,66.558,1.0,Mutant,void
LLLLFLLGTLLGALLAYLILI,LLLLFLLGTLLGALLAALILI,GJL,void,,,,,,,,,,,3283.96,4018.78,58.7652,106.225,3281.64,4179.25,168.391,231.589,-22.2671,1.1e+17,16.0,Y,23.2378,82.05059677,3177.735,3050.051,127.684,1.0,Mutant,void
LLLLFLLGTLLGALLAYLILI,LLLLALLGTLLGALLAYLILI,GJL,void,,,,,,,,,,,3330.42,4026.29,61.9118,89.1681,3281.64,4179.25,164.347,152.489,-22.2671,1.1e+17,4.0,F,49.3071,64.39282991,3241.2519,3129.151,112.1009,1.0,Mutant,void
LLLTFLLGVLLGLLLGSLILI,LLLTFLLGVLLGALLGSLILI,GJL,void,,,,,,,,,,,3093.36,3980.74,57.4826,64.1318,3087.52,4035.01,113.546,110.686,-32.3478,1.1e+17,12.0,L,65.6902,49.39979356,3029.2282,2976.834,52.3942,1.0,Mutant,void
LLLSTLLGALLGLLLAVLILI,LLLSTLLGALLGALLAVLILI,GJL,void,,,,,,,,,,,3159.81,3812.41,58.9996,66.1692,3141.51,3882.81,120.746,105.884,-14.0094,1.1e+17,12.0,L,63.6528,50.96917318,3093.6408,3035.626,58.0148,1.0,Mutant,void
LLLSTLLGALLGLLLAVLILI,LLLSALLGALLGLLLAVLILI,GJL,void,,,,,,,,,,,3152.25,3844.89,66.4487,40.1412,3141.51,3882.81,96.9412,62.2308,-14.0094,1.1e+17,4.0,T,98.334,28.98800652,3112.1088,3079.2792,32.8296,1.0,Mutant,void
LLLGTLLVGLLFALLSLLILI,LLLGTLLVGLLAALLSLLILI,GJL,void,,,,,,,,,,,3652.27,4469.53,51.8374,41.7761,3637.91,4609.79,153.966,130.386,-20.0944,1.1e+17,11.0,F,88.4917,32.06939858,3610.4939,3507.524,102.9699,1.0,Mutant,void
LLLGTLLVGLLFALLSLLILI,LLLGTLLVGLLFALLSALILI,GJL,void,,,,,,,,,,,3647.54,4557.72,43.6763,42.4823,3637.91,4609.79,100.55,91.9995,-20.0944,1.1e+17,16.0,L,86.9805,32.81429106,3605.0577,3545.9105,59.1472,1.0,Mutant,void
LLLYILLGVLLGLLLSFLILI,LLLAILLGVLLGLLLSFLILI,GJL,void,,,,,,,,,,,3257.83,4048.83,67.0295,34.8541,3298.74,4224.35,185.378,199.737,-30.7405,1.1e+17,3.0,Y,134.8767,20.53492943,3222.9759,3099.003,123.9729,1.0,Mutant,void
LLLYILLGVLLGLLLSFLILI,LLLYALLGVLLGLLLSFLILI,GJL,void,,,,,,,,,,,3322.13,4137.69,68.9487,53.3408,3298.74,4224.35,132.445,101.952,-30.7405,1.1e+17,4.0,I,85.1344,38.52011046,3268.7892,3196.788,72.0012,1.0,Mutant,void
LLLAYLLGLLLGTLLAFLILI,LLLAALLGLLLGTLLAFLILI,GJL,void,,,,,,,,,,,3607.09,4548.88,53.1115,46.6674,3586.15,4698.69,158.867,138.335,-28.2039,1.1e+17,4.0,Y,91.8078,33.70090818,3560.4226,3447.815,112.6076,1.0,Mutant,void
LLLAYLLGLLLGTLLAFLILI,LLLAYLLGLLLGTLLAALILI,GJL,void,,,,,,,,,,,3492.01,4597.99,42.1808,82.3953,3586.15,4698.69,134.468,262.322,-28.2039,1.1e+17,16.0,F,47.0675,63.64399658,3409.6147,3323.828,85.7867,1.0,Mutant,void
LLLALLLGLLLGVLLGSLILI,LLLALLLGALLGVLLGSLILI,GJL,void,,,,,,,,,,,3168.69,3833.29,64.9555,50.7233,3142.99,3905.35,126.381,86.6692,-30.7627,1.1e+17,8.0,L,80.6063,38.62289994,3117.9667,3056.3208,61.6459,1.0,Mutant,void
LLLALLLGLLLGVLLGSLILI,LLLAALLGLLLGVLLGSLILI,GJL,void,,,,,,,,,,,3129.97,3812.77,55.4632,43.0655,3142.99,3905.35,123.711,105.636,-30.7627,1.1e+17,4.0,L,95.4097,31.0997926,3086.9045,3037.354,49.5505,1.0,Mutant,void
LLLAYLLGLLLGFLLGTLILI,LLLAALLGLLLGFLLGTLILI,GJL,void,,,,,,,,,,,3589.82,4550.92,51.9355,48.4674,3565.83,4708.65,161.514,142.222,-28.9835,1.1e+17,4.0,Y,90.0078,35.00077992,3541.3526,3423.608,117.7446,1.0,Mutant,void
LLLYALLVLLLGTLLAFLILI,LLLYALLVLLLGTLLAALILI,GJL,void,,,,,,,,,,,3435.72,4090.4,55.9877,102.374,3555.56,4236.88,155.324,286.84,-12.827,1.1e+17,16.0,F,27.0888,79.07599712,3333.346,3268.72,64.626,1.0,Mutant,void
LLLYALLVLLLGTLLAFLILI,LLLYALLVALLGTLLAFLILI,GJL,void,,,,,,,,,,,3570.88,4163.26,54.3994,36.6447,3555.56,4236.88,117.077,84.6928,-12.827,1.1e+17,8.0,L,94.6849,27.90284901,3534.2353,3470.8672,63.3681,1.0,Mutant,void
LLLTFLLGILLGLLLGSLILI,LLLTALLGILLGLLLGSLILI,GJL,void,,,,,,,,,,,3102.13,3847.17,56.8399,53.8792,3080.08,3997.82,158.773,125.672,-33.988,1.1e+17,4.0,F,84.596,38.90891654,3048.2508,2954.408,93.8428,1.0,Mutant,void
LLLTFLLGILLGLLLGSLILI,LLLTFLLGILLGALLGSLILI,GJL,void,,,,,,,,,,,3086.41,3943.78,57.3885,71.7368,3080.08,3997.82,113.502,118.71,-33.988,1.1e+17,12.0,L,58.0852,55.25781455,3014.6732,2961.37,53.3032,1.0,Mutant,void
LLLAYLLFLLLGTLLGSLILI,LLLAALLFLLLGTLLGSLILI,GJL,void,,,,,,,,,,,3135.19,4006.63,50.1395,64.59,3094.61,4165.81,161.85,163.193,-37.6883,1.1e+17,4.0,Y,54.8008,67.71310805,3070.6,2931.417,139.183,1.0,Mutant,void
LLLAFLLGTLLGVLLSLLILI,LLLAALLGTLLGVLLSLLILI,GJL,void,,,,,,,,,,,3582.89,4448.59,59.7044,52.7038,3543.73,4592.44,159.793,111.659,-30.9358,1.1e+17,4.0,F,85.7714,38.06010029,3530.1862,3432.071,98.1152,1.0,Mutant,void
LLLAFLLGTLLGVLLSLLILI,LLLAFLLGTLLGVLLSALILI,GJL,void,,,,,,,,,,,3519.98,4557.57,41.6053,81.9441,3543.73,4592.44,89.4519,173.967,-30.9358,1.1e+17,16.0,L,47.5187,63.29547947,3438.0359,3369.763,68.2729,1.0,Mutant,void
LLLYVLLFTLLGALLGLLILI,LLLYVLLATLLGALLGLLILI,GJL,void,,,,,,,,,,,3414.82,4033.07,62.4764,36.5201,3404.85,4203.79,165.951,115.841,-19.5858,1.1e+17,7.0,F,93.0753,28.18008973,3378.2999,3289.009,89.2909,1.0,Mutant,void
LLLYVLLFTLLGALLGLLILI,LLLYVLLFTLLGALLGALILI,GJL,void,,,,,,,,,,,3401.33,4131.33,59.5728,85.8984,3404.85,4203.79,121.56,143.397,-19.5858,1.1e+17,16.0,L,43.5644,66.34987039,3315.4316,3261.453,53.9786,1.0,Mutant,void
LLLTYLLGVLLGLLLSFLILI,LLLTALLGVLLGLLLSFLILI,GJL,void,,,,,,,,,,,3317.81,4013.53,64.8967,55.9743,3306.0,4201.18,182.652,159.022,-9.24157,1.1e+17,4.0,Y,82.5009,40.42189504,3261.8357,3146.978,114.8577,1.0,Mutant,void
LLLTYLLGVLLGLLLSFLILI,LLLTYLLGVLLGALLSFLILI,GJL,void,,,,,,,,,,,3316.71,4158.21,56.8416,102.22,3306.0,4201.18,111.63,163.092,-9.24157,1.1e+17,12.0,L,27.602,78.73858052,3214.49,3142.908,71.582,1.0,Mutant,void
LLLYFLLATLLGILLSLLILI,LLLYALLATLLGILLSLLILI,GJL,void,,,,,,,,,,,3447.41,4100.58,56.1517,86.4585,3406.11,4237.9,155.622,160.018,-18.9379,1.1e+17,4.0,F,52.0167,62.43608964,3360.9515,3246.092,114.8595,1.0,Mutant,void
LLLYFLLATLLGILLSLLILI,LLLYFLLATLLGILLSALILI,GJL,void,,,,,,,,,,,3397.41,4193.84,55.8711,106.328,3406.11,4237.9,109.502,187.901,-18.9379,1.1e+17,16.0,L,23.1348,82.13015631,3291.082,3218.209,72.873,1.0,Mutant,void
LLLFYLLGVLLGLLLGTLILI,LLLFALLGVLLGLLLGTLILI,GJL,void,,,,,,,,,,,3542.08,4557.84,59.9807,33.8809,3512.1,4667.56,153.735,144.645,-37.9263,1.1e+17,4.0,Y,104.5943,24.4671248,3508.1991,3367.455,140.7441,1.0,Mutant,void
LLLFYLLGVLLGLLLGTLILI,LLLAYLLGVLLGLLLGTLILI,GJL,void,,,,,,,,,,,3574.15,4493.9,66.3709,84.8177,3512.1,4667.56,171.05,122.678,-37.9263,1.1e+17,3.0,F,84.9131,49.97189667,3489.3323,3389.422,99.9103,1.0,Mutant,void
LLLSYLLVLLLGTLLAFLILI,LLLSALLVLLLGTLLAFLILI,GJL,void,,,,,,,,,,,3330.54,4069.47,45.0681,66.5625,3306.57,4229.6,159.244,174.813,-30.2578,1.1e+17,4.0,Y,71.9127,48.06817394,3263.9775,3131.757,132.2205,1.0,Mutant,void
LLLSYLLVLLLGTLLAFLILI,LLLSYLLVLLLGTLLAALILI,GJL,void,,,,,,,,,,,3244.75,4080.95,55.9257,106.451,3306.57,4229.6,156.044,254.736,-30.2578,1.1e+17,16.0,F,23.0118,82.22516429,3138.299,3051.834,86.465,1.0,Mutant,void
LLLTFLLGLLLGYLLSILILI,LLLTFLLGLLLGALLSILILI,GJL,void,,,,,,,,,,,3203.24,4018.88,48.5166,80.7913,3174.53,4125.47,145.044,185.031,-19.9535,1.1e+17,12.0,Y,49.0307,62.23236431,3122.4487,2989.499,132.9497,1.0,Mutant,void
LLLTFLLGLLLGYLLSILILI,LLLTALLGLLLGYLLSILILI,GJL,void,,,,,,,,,,,3202.28,4011.67,58.5798,46.8292,3174.53,4125.47,149.064,107.881,-19.9535,1.1e+17,4.0,F,91.646,33.8177522,3155.4508,3066.649,88.8018,1.0,Mutant,void
LLLAYLLFLLLGTLLSILILI,LLLAALLFLLLGTLLSILILI,GJL,void,,,,,,,,,,,3266.67,4060.81,49.8836,55.1827,3234.44,4216.18,160.019,159.03,-19.1342,1.1e+17,4.0,Y,51.4328,69.69742675,3211.4873,3075.41,136.0773,1.0,Mutant,void
LLLAYLLFLLLGTLLSILILI,LLLAYLLFALLGTLLSILILI,GJL,void,,,,,,,,,,,3256.11,4173.94,57.2859,19.148,3234.44,4216.18,108.562,49.398,-19.1342,1.1e+17,8.0,L,112.1816,14.58010989,3236.962,3185.042,51.92,1.0,Mutant,void
LLLSYLLTVLLGTLLAFLILI,LLLSALLTVLLGTLLAFLILI,GJL,void,,,,,,,,,,,3381.75,4026.64,58.6248,78.1095,3323.22,4200.72,174.444,134.462,-9.70983,1.1e+17,4.0,Y,60.3657,56.40685119,3303.6405,3188.758,114.8825,1.0,Mutant,void
LLLSYLLTVLLGTLLAFLILI,LLLSYLLTVLLGTLLAALILI,GJL,void,,,,,,,,,,,3221.01,4053.9,56.1317,100.685,3323.22,4200.72,155.229,276.262,-9.70983,1.1e+17,16.0,F,28.7778,77.77137525,3120.325,3046.958,73.367,1.0,Mutant,void
LLLWSLLTLLLGVLLAFLILI,LLLASLLTLLLGVLLAFLILI,GJL,void,,,,,,,,,,,3392.87,4052.02,62.2955,121.678,3343.65,4129.95,168.745,197.624,-18.8028,1.1e+17,3.0,W,125.38944,3.338688441,3271.192,3146.026,125.166,1.0,Mutant,void
LLLWSLLTLLLGVLLAFLILI,LLLWSLLTALLGVLLAFLILI,GJL,void,,,,,,,,,,,3370.91,4063.48,63.6718,41.3936,3343.65,4129.95,122.804,80.7861,-18.8028,1.1e+17,8.0,L,89.936,31.51886551,3329.5164,3262.8639,66.6525,1.0,Mutant,void
LLLYFLLTILLGVLLALLILI,LLLYALLTILLGVLLALLILI,GJL,void,,,,,,,,,,,3416.94,4096.8,49.8926,69.0783,3389.43,4242.47,150.71,143.081,-18.4887,1.1e+17,4.0,F,69.3969,49.88496135,3347.8617,3246.349,101.5127,1.0,Mutant,void
LLLYFLLTILLGVLLALLILI,LLLYFLLTALLGVLLALLILI,GJL,void,,,,,,,,,,,3433.77,4208.86,63.6223,45.9787,3389.43,4242.47,107.389,78.8402,-18.4887,1.1e+17,8.0,I,85.3509,35.01015765,3387.7913,3310.5898,77.2015,1.0,Mutant,void
LLLSYLLGLLLGVLLSTLILI,LLLSALLGLLLGVLLSTLILI,GJL,void,,,,,,,,,,,3283.04,3886.24,54.8491,65.1214,3254.35,4063.86,170.512,158.691,-6.10586,1.1e+17,4.0,Y,73.3538,47.02748218,3217.9186,3095.659,122.2596,1.0,Mutant,void
LLLSYLLGLLLGVLLSTLILI,LLLSYLLGALLGVLLSTLILI,GJL,void,,,,,,,,,,,3297.26,4000.7,65.2985,80.3403,3254.35,4063.86,123.489,113.303,-6.10586,1.1e+17,8.0,L,50.9893,61.17455623,3216.9197,3141.047,75.8727,1.0,Mutant,void
LLLGYLLALLLGTLLSFLILI,LLLGALLALLLGTLLSFLILI,GJL,void,,,,,,,,,,,3375.13,3983.59,53.7306,63.4414,3379.08,4117.73,162.995,199.101,-14.0,1.1e+17,4.0,Y,75.0338,45.81426855,3311.6886,3179.979,131.7096,1.0,Mutant,void
LLLGYLLALLLGTLLSFLILI,LLLGYLLAALLGTLLSFLILI,GJL,void,,,,,,,,,,,3406.13,4025.14,60.671,47.269,3379.08,4117.73,129.081,82.9884,-14.0,1.1e+17,8.0,L,84.0606,35.99264751,3358.861,3296.0916,62.7694,1.0,Mutant,void
LLLVILLTLLLGALLGFLILI,LLLVILLTLLLGALLGALILI,GJL,void,,,,,,,,,,,3171.82,3906.29,59.3011,86.4637,3249.41,4052.76,158.976,247.352,-33.0099,1.1e+17,16.0,F,42.9991,66.78652092,3085.3563,3002.058,83.2983,1.0,Mutant,void
LLLVILLTLLLGALLGFLILI,LLLVALLTLLLGALLGFLILI,GJL,void,,,,,,,,,,,3284.59,4014.95,47.2414,63.8886,3249.41,4052.76,96.7056,104.75,-33.0099,1.1e+17,4.0,I,74.5866,46.13721446,3220.7014,3144.66,76.0414,1.0,Mutant,void
LLLTFLLALLLGYLLGVLILI,LLLTFLLALLLGALLGVLILI,GJL,void,,,,,,,,,,,3729.94,4563.61,65.0813,108.651,3645.89,4726.91,173.328,167.899,-14.6326,1.1e+17,12.0,Y,21.171,83.69228636,3621.289,3477.991,143.298,1.0,Mutant,void
LLLTFLLALLLGYLLGVLILI,LLLTALLALLLGYLLGVLILI,GJL,void,,,,,,,,,,,3679.59,4642.49,46.142,51.3311,3645.89,4726.91,132.415,117.212,-14.6326,1.1e+17,4.0,F,87.1441,37.06880366,3628.2589,3528.678,99.5809,1.0,Mutant,void
LLLTYLLAVLLGLLLGFLILI,LLLTALLAVLLGLLLGFLILI,GJL,void,,,,,,,,,,,3265.97,3987.42,59.6773,79.5396,3232.9,4163.93,175.23,193.323,-25.681,1.1e+17,4.0,Y,58.9356,57.43959929,3186.4304,3039.577,146.8534,1.0,Mutant,void
LLLATLLGLLLGVLLSILILI,LLLATLLGLLLGVLLSALILI,GJL,void,,,,,,,,,,,3501.36,4348.42,41.0394,83.0095,3505.36,4355.03,78.6631,156.12,-13.0325,1.1e+17,16.0,I,46.4533,64.11841857,3418.3505,3349.24,69.1105,1.0,Mutant,void
LLLATLLGLLLGVLLSILILI,LLLATLLGALLGVLLSILILI,GJL,void,,,,,,,,,,,3530.39,4299.74,61.7491,43.8783,3505.36,4355.03,118.291,76.4574,-13.0325,1.1e+17,8.0,L,87.4513,33.41082285,3486.5117,3428.9026,57.6091,1.0,Mutant,void
LLLLYLLGTLLGSLLAFLILI,LLLLALLGTLLGSLLAFLILI,GJL,void,,,,,,,,,,,3753.4,4535.98,59.4525,64.3237,3682.66,4736.41,181.215,112.127,-20.3999,1.1e+17,4.0,Y,74.1515,46.45142235,3689.0763,3570.533,118.5433,1.0,Mutant,void
LLLLYLLGTLLGSLLAFLILI,LLLAYLLGTLLGSLLAFLILI,GJL,void,,,,,,,,,,,3691.22,4678.49,65.8921,59.6375,3682.66,4736.41,125.054,148.307,-20.3999,1.1e+17,3.0,L,110.0933,35.13652207,3631.5825,3534.353,97.2295,1.0,Mutant,void
LLLLFLLATLLGILLASLILI,LLLLALLATLLGILLASLILI,GJL,void,,,,,,,,,,,3338.55,3938.47,59.2129,89.7799,3309.22,4080.35,159.679,170.053,-14.1784,1.1e+17,4.0,F,48.6953,64.83464187,3248.7701,3139.167,109.6031,1.0,Mutant,void
LLLLFLLATLLGILLASLILI,LLLLFLLATLLGALLASLILI,GJL,void,,,,,,,,,,,3329.49,4061.08,51.7014,55.6519,3309.22,4080.35,92.5455,103.463,-14.1784,1.1e+17,12.0,I,74.1701,42.86784983,3273.8381,3205.757,68.0811,1.0,Mutant,void
LLLTYLLGVLLGLLLGFLILI,LLLTALLGVLLGLLLGFLILI,GJL,void,,,,,,,,,,,3627.89,4485.05,57.3479,57.7036,3605.57,4587.98,151.151,154.631,-29.2244,1.1e+17,4.0,Y,89.2797,35.52657804,3570.1864,3450.939,119.2474,1.0,Mutant,void
LLLTYLLGVLLGLLLGFLILI,LLLTYLLGVLLGLLLGALILI,GJL,void,,,,,,,,,,,3512.59,4487.32,45.5017,89.665,3605.57,4587.98,138.079,269.544,-29.2244,1.1e+17,16.0,F,39.7978,69.25927757,3422.925,3336.026,86.899,1.0,Mutant,void
LLLSYLLGLLLGFLLATLILI,LLLSALLGLLLGFLLATLILI,GJL,void,,,,,,,,,,,3304.29,3997.4,57.9908,69.7873,3283.45,4176.44,174.199,177.45,-22.945,1.1e+17,4.0,Y,68.6879,50.39696639,3234.5027,3106.0,128.5027,1.0,Mutant,void
LLLSYLLGLLLGFLLATLILI,LLLSYLLGLLLGALLATLILI,GJL,void,,,,,,,,,,,3259.06,4049.63,52.4722,78.6123,3283.45,4176.44,150.077,196.552,-22.945,1.1e+17,12.0,F,51.2097,60.55391228,3180.4477,3086.898,93.5497,1.0,Mutant,void
LLLYLLLALLLGFLLGTLILI,LLLYLLLALLLGALLGTLILI,GJL,void,,,,,,,,,,,3343.02,4115.94,60.1257,48.4342,3342.12,4262.44,161.331,138.193,-33.7836,1.1e+17,12.0,F,81.3878,37.3081604,3294.5858,3203.927,90.6588,1.0,Mutant,void
LLLYLLLALLLGFLLGTLILI,LLLYALLALLLGFLLGTLILI,GJL,void,,,,,,,,,,,3369.3,4175.76,53.3033,72.465,3342.12,4262.44,120.37,121.091,-33.7836,1.1e+17,4.0,L,66.0102,52.33067004,3296.835,3221.029,75.806,1.0,Mutant,void
LLLTLLLGILLGFLLAVLILI,LLLTLLLGILLGALLAVLILI,GJL,void,,,,,,,,,,,3621.03,4512.95,56.0571,86.2929,3636.98,4656.17,153.942,209.513,-39.0511,1.1e+17,12.0,F,43.5291,66.47016684,3534.7371,3427.467,107.2701,1.0,Mutant,void
LLLTLLLGILLGFLLAVLILI,LLLTLLLGALLGFLLAVLILI,GJL,void,,,,,,,,,,,3690.31,4617.46,64.7924,42.5475,3636.98,4656.17,111.37,73.1908,-39.0511,1.1e+17,8.0,I,88.7821,32.39749455,3647.7625,3563.7892,83.9733,1.0,Mutant,void
LLLFALLASLLGTLLTLLILI,LLLAALLASLLGTLLTLLILI,GJL,void,,,,,,,,,,,3660.68,4442.2,62.1601,113.264,3654.43,4587.96,161.857,222.365,-14.8421,1.1e+17,3.0,F,56.4668,66.73155373,3547.416,3432.065,115.351,1.0,Mutant,void
LLLFALLASLLGTLLTLLILI,LLLFALLASLLGTLLTALILI,GJL,void,,,,,,,,,,,3651.56,4569.0,41.9239,73.4897,3654.43,4587.96,89.2618,137.581,-14.8421,1.1e+17,16.0,L,55.9731,56.76510936,3578.0703,3516.849,61.2213,1.0,Mutant,void
LLLYFLLGALLGILLTLLILI,LLLYALLGALLGILLTLLILI,GJL,void,,,,,,,,,,,3381.39,4025.77,65.6891,56.5652,3345.66,4192.5,168.224,117.184,-28.8941,1.1e+17,4.0,F,81.91,40.84861405,3324.8248,3228.476,96.3488,1.0,Mutant,void
LLLSYLLFLLLGVLLGSLILI,LLLSALLFLLLGVLLGSLILI,GJL,void,,,,,,,,,,,3234.36,4004.02,49.9341,69.5832,3185.58,4135.28,157.096,164.908,-22.471,1.1e+17,4.0,Y,68.892,50.24957538,3164.7768,3020.672,144.1048,1.0,Mutant,void
LLLSYLLFLLLGVLLGSLILI,LLLSYLLFALLGVLLGSLILI,GJL,void,,,,,,,,,,,3218.5,4083.07,61.3812,27.3005,3185.58,4135.28,115.996,79.9623,-22.471,1.1e+17,8.0,L,104.0291,20.78777366,3191.1995,3105.6177,85.5818,1.0,Mutant,void
LLLYILLGLLLGTLLASLILI,LLLAILLGLLLGTLLASLILI,GJL,void,,,,,,,,,,,3167.65,3907.1,67.3979,34.9541,3197.9,4097.78,188.909,197.731,-11.5693,1.1e+17,3.0,Y,134.7767,20.59384626,3132.6959,3000.169,132.5269,1.0,Mutant,void
LLLYILLGLLLGTLLASLILI,LLLYALLGLLLGTLLASLILI,GJL,void,,,,,,,,,,,3214.28,4036.3,58.0611,51.8338,3197.9,4097.78,115.298,99.9369,-11.5693,1.1e+17,4.0,I,86.6414,37.43182895,3162.4462,3097.9631,64.4831,1.0,Mutant,void
LLLYVLLATLLGLLLGFLILI,LLLYVLLATLLGLLLGALILI,GJL,void,,,,,,,,,,,3851.67,4662.47,44.5288,86.7075,3934.62,4765.56,137.643,261.191,-20.1621,1.1e+17,16.0,F,42.7553,66.97483756,3764.9625,3673.429,91.5335,1.0,Mutant,void
LLLYVLLATLLGLLLGFLILI,LLLAVLLATLLGLLLGFLILI,GJL,void,,,,,,,,,,,3771.16,4594.05,62.8749,123.294,3934.62,4765.56,177.179,348.926,-20.1621,1.1e+17,3.0,Y,46.4368,72.64091137,3647.866,3585.694,62.172,1.0,Mutant,void
LLLAYLLGFLLGLLLGTLILI,LLLAALLGFLLGLLLGTLILI,GJL,void,,,,,,,,,,,3529.27,4505.26,64.0367,76.2071,3478.51,4667.78,172.339,157.876,-17.1112,1.1e+17,4.0,Y,62.2681,55.03303119,3453.0629,3320.634,132.4289,1.0,Mutant,void
LLLAYLLGFLLGLLLGTLILI,LLLAYLLGALLGLLLGTLILI,GJL,void,,,,,,,,,,,3490.17,4579.22,53.6913,58.8888,3478.51,4667.78,140.358,147.851,-17.1112,1.1e+17,8.0,F,72.4408,44.84046247,3431.2812,3330.659,100.6222,1.0,Mutant,void
LLLTALLALLLGVLLSILILI,LLLTALLAALLGVLLSILILI,GJL,void,,,,,,,,,,,3587.5,4358.28,61.9535,53.5443,3555.59,4450.39,130.06,87.6304,-14.4706,1.1e+17,8.0,L,77.7853,40.77093054,3533.9557,3467.9596,65.9961,1.0,Mutant,void
LLLTFLLGVLLGLLLSILILI,LLLTALLGVLLGLLLSILILI,GJL,void,,,,,,,,,,,3184.38,3909.61,65.8571,52.5221,3153.25,4073.98,167.526,118.78,-27.0782,1.1e+17,4.0,F,85.9531,37.92888546,3131.8579,3034.47,97.3879,1.0,Mutant,void
LLLTFLLGVLLGLLLSILILI,LLLTFLLGVLLGALLSILILI,GJL,void,,,,,,,,,,,3163.53,4032.81,46.7811,69.1969,3153.25,4073.98,100.385,122.582,-27.0782,1.1e+17,12.0,L,60.6251,53.30136649,3094.3331,3030.668,63.6651,1.0,Mutant,void
LLLTFLLAVLLGILLGLLILI,LLLTFLLAVLLGILLGALILI,GJL,void,,,,,,,,,,,3126.13,3984.34,56.5939,100.046,3119.63,4033.1,111.739,161.736,-28.6534,1.1e+17,16.0,L,29.4168,77.27779717,3026.084,2957.894,68.19,1.0,Mutant,void
LLLTYLLGLLLGFLLASLILI,LLLTALLGLLLGFLLASLILI,GJL,void,,,,,,,,,,,3350.04,4003.06,54.9785,64.582,3329.81,4178.85,169.908,173.703,-5.67396,1.1e+17,4.0,Y,73.8932,46.63795394,3285.458,3156.107,129.351,1.0,Mutant,void
LLLTYLLGLLLGFLLASLILI,LLLTYLLGALLGFLLASLILI,GJL,void,,,,,,,,,,,3355.98,4115.55,65.1346,56.7119,3329.81,4178.85,123.404,95.7283,-5.67396,1.1e+17,8.0,L,74.6177,43.18287728,3299.2681,3234.0817,65.1864,1.0,Mutant,void
LLLFGLLALLLGVLLSTLILI,LLLAGLLALLLGVLLSTLILI,GJL,void,,,,,,,,,,,3645.01,4483.11,63.0757,67.3319,3639.22,4632.3,163.303,161.549,-11.6285,1.1e+17,3.0,F,102.3989,39.66981832,3577.6781,3477.671,100.0071,1.0,Mutant,void
LLLFGLLALLLGVLLSTLILI,LLLFGLLAALLGVLLSTLILI,GJL,void,,,,,,,,,,,3677.58,4551.31,67.3685,60.9332,3639.22,4632.3,131.567,90.953,-11.6285,1.1e+17,8.0,L,70.3964,46.39715647,3616.6468,3548.267,68.3798,1.0,Mutant,void
LLLYVLLGTLLGFLLSLLILI,LLLYVLLGTLLGALLSLLILI,GJL,void,,,,,,,,,,,3669.9,4587.55,45.6136,79.3941,3611.89,4657.08,124.845,139.308,-13.5466,1.1e+17,12.0,F,50.4279,61.15612146,3590.5059,3472.582,117.9239,1.0,Mutant,void
LLLTLLLGILLGVLLSALILI,LLLTLLLGALLGVLLSALILI,GJL,void,,,,,,,,,,,3622.22,4474.53,64.4335,45.5844,3573.61,4514.25,110.665,79.3587,-30.5819,1.1e+17,8.0,I,85.7452,34.70992069,3576.6356,3494.2513,82.3843,1.0,Mutant,void
LLLTLLLGILLGVLLSALILI,LLLTALLGILLGVLLSALILI,GJL,void,,,,,,,,,,,3594.46,4450.21,54.6493,48.1612,3573.61,4514.25,113.66,95.8198,-30.5819,1.1e+17,4.0,L,90.314,34.7796573,3546.2988,3477.7902,68.5086,1.0,Mutant,void
LLLTFLLGILLGLLLGVLILI,LLLTALLGILLGLLLGVLILI,GJL,void,,,,,,,,,,,3512.2,4477.4,54.8395,48.9977,3486.72,4604.32,151.183,120.418,-41.3974,1.1e+17,4.0,F,89.4775,35.38373658,3463.2023,3366.302,96.9003,1.0,Mutant,void
LLLTFLLGILLGLLLGVLILI,LLLTFLLGILLGALLGVLILI,GJL,void,,,,,,,,,,,3507.6,4550.51,62.0585,72.3538,3486.72,4604.32,117.473,106.247,-41.3974,1.1e+17,12.0,L,57.4682,55.73308068,3435.2462,3380.473,54.7732,1.0,Mutant,void
LLLTALLFLLLGVLLGILILI,LLLTALLFLLLGVLLGALILI,GJL,void,,,,,,,,,,,3613.7,4615.1,42.5714,84.5819,3613.93,4621.39,79.6612,155.737,-13.4938,1.1e+17,16.0,I,44.8809,65.33297596,3529.1181,3458.193,70.9251,1.0,Mutant,void
LLLAVLLGLLLGFLLSTLILI,LLLAVLLGLLLGALLSTLILI,GJL,void,,,,,,,,,,,3658.79,4460.21,57.4453,93.8201,3697.74,4605.86,160.591,244.784,-23.0845,1.1e+17,12.0,F,36.0019,72.26825962,3564.9699,3452.956,112.0139,1.0,Mutant,void
LLLAVLLGLLLGFLLSTLILI,LLLAVLLGALLGFLLSTLILI,GJL,void,,,,,,,,,,,3727.81,4552.68,62.0645,46.168,3697.74,4605.86,117.738,74.855,-23.0845,1.1e+17,8.0,L,85.1616,35.1542988,3681.642,3622.885,58.757,1.0,Mutant,void
LLLAVLLGILLGLLLGFLILI,LLLAVLLGILLGLLLGALILI,GJL,void,,,,,,,,,,,3533.17,4471.24,48.1185,94.8249,3616.75,4553.74,135.359,270.295,-34.682,1.1e+17,16.0,F,34.6379,73.24490124,3438.3451,3346.455,91.8901,1.0,Mutant,void
LLLAVLLGILLGLLLGFLILI,LLLAVLLGALLGLLLGFLILI,GJL,void,,,,,,,,,,,3650.51,4547.57,51.3549,37.0899,3616.75,4553.74,85.9559,63.2031,-34.682,1.1e+17,8.0,I,94.2397,28.24184342,3613.4201,3553.5469,59.8732,1.0,Mutant,void
LLLLFLLGTLLGVLLASLILI,LLLLALLGTLLGVLLASLILI,GJL,void,,,,,,,,,,,3205.34,3890.86,61.294,68.8514,3161.04,4067.85,167.849,119.075,-16.7625,1.1e+17,4.0,F,69.6238,49.7211053,3136.4886,3041.965,94.5236,1.0,Mutant,void
LLLLFLLGTLLGVLLASLILI,LLLAFLLGTLLGVLLASLILI,GJL,void,,,,,,,,,,,3161.03,3980.56,68.7319,84.2906,3161.04,4067.85,135.908,171.562,-16.7625,1.1e+17,3.0,L,85.4402,49.66134608,3076.7394,2989.478,87.2614,1.0,Mutant,void
LLLTLLLGVLLGFLLSILILI,LLLTLLLGVLLGALLSILILI,GJL,void,,,,,,,,,,,3584.51,4513.23,45.9669,67.9681,3589.94,4627.41,141.404,199.305,-41.4977,1.1e+17,12.0,F,61.8539,52.3548397,3516.5419,3390.635,125.9069,1.0,Mutant,void
LLLTLLLGVLLGFLLSILILI,LLLTALLGVLLGFLLSILILI,GJL,void,,,,,,,,,,,3619.78,4563.44,64.0245,54.2537,3589.94,4627.41,122.499,108.236,-41.4977,1.1e+17,4.0,L,84.2215,39.17936208,3565.5263,3481.704,83.8223,1.0,Mutant,void
LLLAYLLGTLLGILLALLILI,LLLAALLGTLLGILLALLILI,GJL,void,,,,,,,,,,,3549.91,4422.9,63.0994,62.357,3525.21,4584.69,171.374,165.051,-26.1659,1.1e+17,4.0,Y,76.1182,45.03116804,3487.553,3360.159,127.394,1.0,Mutant,void
LLLTFLLAVLLGLLLGSLILI,LLLTALLAVLLGLLLGSLILI,GJL,void,,,,,,,,,,,3215.16,3859.39,60.1349,71.2427,3194.4,4011.67,161.042,156.165,-21.6354,1.1e+17,4.0,F,67.2325,51.44798491,3143.9173,3038.235,105.6823,1.0,Mutant,void
LLLTFLLAVLLGLLLGSLILI,LLLTFLLAVLLGALLGSLILI,GJL,void,,,,,,,,,,,3207.77,3959.57,57.8448,63.4725,3194.4,4011.67,113.357,107.593,-21.6354,1.1e+17,12.0,L,66.3495,48.89194435,3144.2975,3086.807,57.4905,1.0,Mutant,void
LLLYFLLATLLGVLLSLLILI,LLLYALLATLLGVLLSLLILI,GJL,void,,,,,,,,,,,3756.13,4616.55,53.9159,66.3564,3713.2,4747.99,152.828,136.29,-14.4535,1.1e+17,4.0,F,72.1188,47.91933863,3689.7736,3576.91,112.8636,1.0,Mutant,void
LLLYFLLATLLGVLLSLLILI,LLLAFLLATLLGVLLSLLILI,GJL,void,,,,,,,,,,,3592.85,4584.06,62.8132,84.8889,3713.2,4747.99,175.428,291.523,-14.4535,1.1e+17,3.0,Y,129.5954,0.0,3507.9611,3421.677,86.2841,1.0,Mutant,void
LLLYALLASLLGILLTLLILI,LLLYALLASLLGALLTLLILI,GJL,void,,,,,,,,,,,3729.18,4585.69,47.9955,45.2484,3700.01,4600.96,87.9853,87.8796,-19.5962,1.1e+17,12.0,I,84.5736,34.85418496,3683.9316,3612.1304,71.8012,1.0,Mutant,void
LLLTGLLFGLLFALLVLLILI,LLLTGLLFGLLAALLVLLILI,GJL,void,,,,,,,,,,,3686.05,4627.84,49.5829,32.0566,3661.25,4767.12,148.606,111.997,-20.5032,1.1e+17,11.0,F,98.2112,24.60823012,3653.9934,3549.253,104.7404,1.0,Mutant,void
LLLTGLLFGLLFALLVLLILI,LLLTGLLAGLLFALLVLLILI,GJL,void,,,,,,,,,,,3693.36,4618.53,57.6759,47.7583,3661.25,4767.12,157.311,118.345,-20.5032,1.1e+17,7.0,F,81.8371,36.85184814,3645.6017,3542.905,102.6967,1.0,Mutant,void
LLLSTLLGLLLGVLLAILILI,LLLSTLLGALLGVLLAILILI,GJL,void,,,,,,,,,,,3171.24,3828.64,61.941,46.2725,3150.13,3883.75,118.555,81.0567,-17.0296,1.1e+17,8.0,L,85.0571,35.23386959,3124.9675,3069.0733,55.8942,1.0,Mutant,void
LLLSTLLGLLLGVLLAILILI,LLLSTLLGLLLGVLLAALILI,GJL,void,,,,,,,,,,,3127.48,3858.38,56.2528,109.589,3150.13,3883.75,96.4803,187.716,-17.0296,1.1e+17,16.0,I,19.8738,84.64902659,3017.891,2962.414,55.477,1.0,Mutant,void
LLLTALLFSLLGILLALLILI,LLLTALLASLLGILLALLILI,GJL,void,,,,,,,,,,,3639.21,4466.8,60.8535,37.4286,3633.24,4645.72,165.962,121.934,-14.6587,1.1e+17,7.0,F,92.1668,28.88111769,3601.7814,3511.306,90.4754,1.0,Mutant,void
LLLTALLFSLLGILLALLILI,LLLTALLFSLLGILLAALILI,GJL,void,,,,,,,,,,,3649.08,4625.68,40.0493,75.896,3633.24,4645.72,88.8547,134.642,-14.6587,1.1e+17,16.0,L,53.5668,58.62379,3573.184,3498.598,74.586,1.0,Mutant,void
LLLAVLLGFLLGILLSLLILI,LLLAVLLGALLGILLSLLILI,GJL,void,,,,,,,,,,,3607.29,4430.08,52.801,43.43,3569.35,4556.02,149.279,93.5525,-14.3645,1.1e+17,8.0,F,87.8996,33.06946796,3563.86,3475.7975,88.0625,1.0,Mutant,void
LLLAVLLGFLLGILLSLLILI,LLLAVLLGFLLGILLSALILI,GJL,void,,,,,,,,,,,3554.46,4537.86,41.4191,81.579,3569.35,4556.02,89.2301,174.179,-14.3645,1.1e+17,16.0,L,47.8838,63.01346796,3472.881,3395.171,77.71,1.0,Mutant,void
LLLYVLLTLLLGALLAFLILI,LLLYVLLTLLLGALLAALILI,GJL,void,,,,,,,,,,,3394.07,4066.92,58.6599,89.1502,3479.66,4213.02,157.917,254.284,-21.2603,1.1e+17,16.0,F,40.3126,68.86163438,3304.9198,3225.376,79.5438,1.0,Mutant,void
LLLYVLLTLLLGALLAFLILI,LLLYVLLTALLGALLAFLILI,GJL,void,,,,,,,,,,,3484.54,4168.29,59.6828,29.5556,3479.66,4213.02,113.054,78.7345,-21.2603,1.1e+17,8.0,L,101.774,22.50490369,3454.9844,3400.9255,54.0589,1.0,Mutant,void
LLLYFLLATLLGLLLGVLILI,LLLYALLATLLGLLLGVLILI,GJL,void,,,,,,,,,,,3678.21,4628.75,53.5432,61.5898,3650.12,4758.79,151.283,139.187,-23.4915,1.1e+17,4.0,F,76.8854,44.47713381,3616.6202,3510.933,105.6872,1.0,Mutant,void
LLLSSLLFLLLGVLLGTLILI,LLLSSLLALLLGVLLGTLILI,GJL,void,,,,,,,,,,,3105.61,3891.62,60.0347,13.3585,3100.72,4052.71,160.838,105.185,-31.0222,1.1e+17,7.0,F,116.2369,10.30785043,3092.2515,2995.535,96.7165,1.0,Mutant,void
LLLSSLLFLLLGVLLGTLILI,LLLSSLLFLLLGALLGTLILI,GJL,void,,,,,,,,,,,3109.64,4031.64,58.0708,66.2751,3100.72,4052.71,81.6336,98.8737,-31.0222,1.1e+17,12.0,V,63.5469,51.05074641,3043.3649,3001.8463,41.5186,1.0,Mutant,void
LLLYYLLAFLLGTLLGLLILI,LLLYALLAFLLGTLLGLLILI,GJL,void,,,,,,,,,,,3317.41,4162.48,61.0265,59.3138,3247.24,4347.99,179.756,126.638,-30.6455,1.1e+17,4.0,Y,79.1614,42.8335182,3258.0962,3120.602,137.4942,1.0,Mutant,void
LLLYYLLAFLLGTLLGLLILI,LLLYYLLAALLGTLLGLLILI,GJL,void,,,,,,,,,,,3282.54,4208.03,59.6287,46.752,3247.24,4347.99,159.349,103.142,-30.6455,1.1e+17,8.0,F,84.5776,35.59898149,3235.788,3144.098,91.69,1.0,Mutant,void
LLLSYLLFVLLGILLALLILI,LLLSALLFVLLGILLALLILI,GJL,void,,,,,,,,,,,3234.14,4053.56,52.4439,71.5924,3186.06,4198.61,159.987,149.207,-25.4259,1.1e+17,4.0,Y,66.8828,51.7005211,3162.5476,3036.853,125.6946,1.0,Mutant,void
LLLSYLLFVLLGILLALLILI,LLLSYLLAVLLGILLALLILI,GJL,void,,,,,,,,,,,3197.1,4038.45,59.9478,28.32,3186.06,4198.61,160.708,97.2252,-25.4259,1.1e+17,7.0,F,101.2754,21.85262749,3168.78,3088.8348,79.9452,1.0,Mutant,void
LLLYFLLALLLGVLLGTLILI,LLLAFLLALLLGVLLGTLILI,GJL,void,,,,,,,,,,,3451.71,4554.18,61.9717,76.7326,3577.33,4717.21,175.517,281.777,-23.3014,1.1e+17,3.0,Y,129.5954,0.0,3374.9774,3295.553,79.4244,1.0,Mutant,void
LLLYVLLGILLGLLLSFLILI,LLLAVLLGILLGLLLSFLILI,GJL,void,,,,,,,,,,,3255.5,3998.56,68.3098,47.866,3315.63,4190.15,189.92,234.992,-33.5965,1.1e+17,3.0,Y,121.8648,28.2011279,3207.634,3080.638,126.996,1.0,Mutant,void
LLLYVLLGILLGLLLSFLILI,LLLYVLLGALLGLLLSFLILI,GJL,void,,,,,,,,,,,3352.95,4183.69,48.2492,32.5351,3315.63,4190.15,86.0352,59.3022,-33.5965,1.1e+17,8.0,I,98.7945,24.77362301,3320.4149,3256.3278,64.0871,1.0,Mutant,void
LLLTVLLGLLLGFLLSILILI,LLLTVLLGLLLGFLLSALILI,GJL,void,,,,,,,,,,,3659.32,4550.42,44.1751,88.3831,3663.75,4567.16,86.7557,157.338,-21.0659,1.1e+17,16.0,I,41.0797,68.26910896,3570.9369,3506.412,64.5249,1.0,Mutant,void
LLLYLLLAVLLGTLLSFLILI,LLLYLLLAVLLGTLLSALILI,GJL,void,,,,,,,,,,,3449.0,4141.7,56.2723,100.226,3418.59,4229.82,138.367,182.452,-7.09849,1.1e+17,16.0,F,29.2368,77.41683325,3348.774,3236.138,112.636,1.0,Mutant,void
LLLTVLLALLLGFLLGSLILI,LLLTVLLALLLGALLGSLILI,GJL,void,,,,,,,,,,,3182.95,3854.32,58.0771,55.9299,3184.77,3992.71,156.405,157.876,-21.2463,1.1e+17,12.0,F,73.8921,43.08198919,3127.0201,3026.894,100.1261,1.0,Mutant,void
LLLTVLLALLLGFLLGSLILI,LLLTVLLAALLGFLLGSLILI,GJL,void,,,,,,,,,,,3208.87,3945.1,65.7388,53.2208,3184.77,3992.71,118.598,88.2911,-21.2463,1.1e+17,8.0,L,78.1088,40.52460375,3155.6492,3096.4789,59.1703,1.0,Mutant,void
LLLAYLLFLLLGTLLSVLILI,LLLAALLFLLLGTLLSVLILI,GJL,void,,,,,,,,,,,3711.72,4680.13,47.7277,49.5807,3635.33,4803.99,146.869,117.953,-16.3043,1.1e+17,4.0,Y,88.8945,35.8047506,3662.1393,3517.377,144.7623,1.0,Mutant,void
LLLAYLLFLLLGTLLSVLILI,LLLAYLLALLLGTLLSVLILI,GJL,void,,,,,,,,,,,3646.04,4655.34,56.0909,15.2237,3635.33,4803.99,153.856,57.2218,-16.3043,1.1e+17,7.0,F,114.3717,11.74709905,3630.8163,3578.1082,52.7081,1.0,Mutant,void
LLLGYLLATLLGILLSLLILI,LLLGALLATLLGILLSLLILI,GJL,void,,,,,,,,,,,3657.01,4434.62,54.2887,73.2438,3622.06,4587.77,161.682,173.241,-11.6447,1.1e+17,4.0,Y,65.2314,52.89308122,3583.7662,3448.819,134.9472,1.0,Mutant,void
LLLGYLLATLLGILLSLLILI,LLLGYLLATLLGALLSLLILI,GJL,void,,,,,,,,,,,3667.89,4582.57,45.1791,51.5713,3622.06,4587.77,79.9284,83.8394,-11.6447,1.1e+17,12.0,I,78.2507,39.72462295,3616.3187,3538.2206,78.0981,1.0,Mutant,void
LLLTFLLGVLLGILLALLILI,LLLTFLLGVLLGILLAALILI,GJL,void,,,,,,,,,,,3602.74,4621.78,41.4844,83.4414,3598.8,4641.86,89.8815,161.623,-30.3332,1.1e+17,16.0,L,46.0214,64.45202792,3519.2986,3437.177,82.1216,1.0,Mutant,void
LLLFGLLAALLGILLTLLILI,LLLFGLLAALLGALLTLLILI,GJL,void,,,,,,,,,,,3609.57,4554.45,46.7776,44.4157,3580.84,4571.38,88.3211,88.188,-18.2075,1.1e+17,12.0,I,85.4063,34.21276825,3565.1543,3492.652,72.5023,1.0,Mutant,void
LLLSYLLVALLGALLGLLILI,LLLSALLVALLGALLGLLILI,GJL,void,,,,,,,,,,,3233.21,3858.05,52.5631,75.3648,3211.22,4027.51,169.347,171.969,-27.9455,1.1e+17,4.0,Y,63.1104,54.42476342,3157.8452,3039.251,118.5942,1.0,Mutant,void
LLLSYLLVALLGALLGLLILI,LLLSYLLVALLGALLGALILI,GJL,void,,,,,,,,,,,3210.2,3957.19,59.5893,90.3106,3211.22,4027.51,121.031,148.622,-27.9455,1.1e+17,16.0,L,39.1522,69.75795364,3119.8894,3062.598,57.2914,1.0,Mutant,void
LLLYALLVGLLFLLLGTLILI,LLLYALLVGLLALLLGTLILI,GJL,void,,,,,,,,,,,3858.6,4610.1,56.8874,21.5816,3850.68,4766.88,157.004,103.772,-16.4553,1.1e+17,11.0,F,108.6862,16.56710254,3837.0184,3746.908,90.1104,1.0,Mutant,void
LLLYALLVGLLFLLLGTLILI,LLLYALLVGLLFLLLGALILI,GJL,void,,,,,,,,,,,3876.3,4749.06,44.8685,59.2403,3850.68,4766.88,71.5151,86.334,-16.4553,1.1e+17,16.0,T,70.2225,45.75854995,3817.0597,3764.346,52.7137,1.0,Mutant,void
LLLSTLLGALLGLLLGFLILI,LLLSTLLGALLGLLLGALILI,GJL,void,,,,,,,,,,,3579.97,4444.58,44.9857,93.3854,3529.41,4457.08,107.823,177.98,-18.9335,1.1e+17,16.0,F,36.0774,72.13299882,3486.5846,3351.43,135.1546,1.0,Mutant,void
LLLSTLLGALLGLLLGFLILI,LLLSTLLGALLGALLGFLILI,GJL,void,,,,,,,,,,,3569.34,4411.0,41.8927,36.9658,3529.41,4457.08,98.6173,70.3807,-18.9335,1.1e+17,12.0,L,92.8562,28.47421855,3532.3742,3459.0293,73.3449,1.0,Mutant,void
LLLYLLLGILLGFLLATLILI,LLLYLLLGILLGALLATLILI,GJL,void,,,,,,,,,,,3754.7,4669.47,51.7172,73.0335,3747.44,4804.46,151.824,191.15,-25.3567,1.1e+17,12.0,F,56.7885,56.25664371,3681.6665,3556.29,125.3765,1.0,Mutant,void
LLLYLLLGILLGFLLATLILI,LLLALLLGILLGFLLATLILI,GJL,void,,,,,,,,,,,3657.78,4641.11,62.3763,58.5305,3747.44,4804.46,175.557,250.697,-25.3567,1.1e+17,3.0,Y,111.2003,34.48431281,3599.2495,3496.743,102.5065,1.0,Mutant,void
LLLTLLLGVLLGLLLAFLILI,LLLTALLGVLLGLLLAFLILI,GJL,void,,,,,,,,,,,3720.96,4566.08,63.5939,62.732,3701.7,4629.51,121.599,112.282,-9.96961,1.1e+17,4.0,L,75.7432,45.30197465,3658.228,3589.418,68.81,1.0,Mutant,void
LLLTFLLGLLLGVLLGSLILI,LLLTFLLGALLGVLLGSLILI,GJL,void,,,,,,,,,,,3165.72,3978.8,49.2119,45.9457,3142.85,3990.3,89.6809,72.3511,-20.6302,1.1e+17,8.0,L,85.3839,34.98503003,3119.7743,3070.4989,49.2754,1.0,Mutant,void
LLLVTLLLGLLFALLSTLILI,LLLVTLLLGLLAALLSTLILI,GJL,void,,,,,,,,,,,3681.96,4476.55,54.4386,45.7949,3653.02,4615.74,156.526,140.515,-21.2906,1.1e+17,11.0,F,84.4729,35.15442803,3636.1651,3512.505,123.6601,1.0,Mutant,void
LLLVTLLLGLLFALLSTLILI,LLLVTLLAGLLFALLSTLILI,GJL,void,,,,,,,,,,,3656.87,4583.87,56.3596,61.5481,3653.02,4615.74,108.66,149.312,-21.2906,1.1e+17,7.0,L,68.0473,47.49250359,3595.3219,3503.708,91.6139,1.0,Mutant,void
LLLYFLLGLLLGVLLASLILI,LLLAFLLGLLLGVLLASLILI,GJL,void,,,,,,,,,,,3134.46,3922.45,67.9516,49.1855,3231.65,4115.37,189.796,248.215,-37.2871,1.1e+17,3.0,Y,120.5453,28.97853542,3085.2745,2983.435,101.8395,1.0,Mutant,void
LLLYFLLGLLLGVLLASLILI,LLLYALLGLLLGVLLASLILI,GJL,void,,,,,,,,,,,3261.23,4031.74,54.9409,45.6751,3231.65,4115.37,137.67,102.718,-37.2871,1.1e+17,4.0,F,92.8001,32.98431777,3215.5549,3128.932,86.6229,1.0,Mutant,void
LLLYILLTLLLGALLAFLILI,LLLYILLTLLLGALLAALILI,GJL,void,,,,,,,,,,,3422.09,4100.56,58.648,95.0315,3511.14,4245.13,157.242,262.743,-21.875,1.1e+17,16.0,F,34.4313,73.40448376,3327.0585,3248.397,78.6615,1.0,Mutant,void
LLLYILLTLLLGALLAFLILI,LLLYILLTALLGALLAFLILI,GJL,void,,,,,,,,,,,3532.73,4200.96,61.3414,38.749,3511.14,4245.13,113.498,78.933,-21.875,1.1e+17,8.0,L,92.5806,29.50515345,3493.981,3432.207,61.774,1.0,Mutant,void
LLLYVLLATLLGGLLFLLILI,LLLYVLLATLLGGLLALLILI,GJL,void,,,,,,,,,,,3900.08,4647.31,43.5059,20.7656,3876.84,4729.73,130.228,69.9296,-15.2477,1.1e+17,15.0,F,108.9548,16.00796791,3879.3144,3806.9104,72.404,1.0,Mutant,void
LLLYVLLATLLGGLLFLLILI,LLLYVLLATLLGGLLFALILI,GJL,void,,,,,,,,,,,3884.63,4679.53,44.424,13.2151,3876.84,4729.73,101.069,71.7529,-15.2477,1.1e+17,16.0,L,116.2477,10.20764266,3871.4149,3805.0871,66.3278,1.0,Mutant,void
LLLLTLLVGLLFALLSTLILI,LLLLTLLVGLLAALLSTLILI,GJL,void,,,,,,,,,,,3662.94,4520.93,51.7444,41.2647,3640.95,4661.27,153.977,123.369,-24.7927,1.1e+17,11.0,F,89.0031,31.67682267,3621.6753,3517.581,104.0943,1.0,Mutant,void
LLLLTLLVGLLFALLSTLILI,LLLLTLLVGLLFALLSALILI,GJL,void,,,,,,,,,,,3648.47,4643.42,46.7982,35.1095,3640.95,4661.27,72.2224,62.1224,-24.7927,1.1e+17,16.0,T,86.1207,33.47842006,3613.3605,3578.8276,34.5329,1.0,Mutant,void
LLLYTLLVGLLFALLGLLILI,LLLYTLLVGLLAALLGLLILI,GJL,void,,,,,,,,,,,3372.25,4078.71,60.9714,31.5216,3355.12,4263.83,168.032,113.159,-20.2698,1.1e+17,11.0,F,98.7462,24.19753769,3340.7284,3241.961,98.7674,1.0,Mutant,void
LLLYTLLVGLLFALLGLLILI,LLLYTLLVGLLFALLGALILI,GJL,void,,,,,,,,,,,3355.01,4193.6,58.9904,83.9695,3355.12,4263.83,120.544,140.627,-20.2698,1.1e+17,16.0,L,45.4933,64.85994432,3271.0405,3214.493,56.5475,1.0,Mutant,void
LLLYVLLGALLGTLLSFLILI,LLLYVLLGALLGTLLSALILI,GJL,void,,,,,,,,,,,3827.39,4574.95,41.7615,79.3467,3900.7,4675.11,133.687,247.628,-11.7778,1.1e+17,16.0,F,50.1161,61.28918886,3748.0433,3653.072,94.9713,1.0,Mutant,void
LLLYFLLATLLGLLLGSLILI,LLLYALLATLLGLLLGSLILI,GJL,void,,,,,,,,,,,3311.52,4030.39,55.9288,61.7024,3297.75,4171.94,157.739,145.466,-30.8357,1.1e+17,4.0,F,76.7728,44.55844801,3249.8176,3152.284,97.5336,1.0,Mutant,void
LLLYFLLATLLGLLLGSLILI,LLLAFLLATLLGLLLGSLILI,GJL,void,,,,,,,,,,,3149.91,3980.23,63.9862,99.3556,3297.75,4171.94,186.045,322.887,-30.8357,1.1e+17,3.0,Y,70.3752,58.53716591,3050.5544,2974.863,75.6914,1.0,Mutant,void
LLLSYLLGVLLGTLLGFLILI,LLLSALLGVLLGTLLGFLILI,GJL,void,,,,,,,,,,,3355.23,3931.0,65.9003,100.136,3327.28,4123.37,184.251,218.788,-26.5145,1.1e+17,4.0,Y,38.3392,72.31330953,3255.094,3108.492,146.602,1.0,Mutant,void
LLLAYLLTILLGLLLGSLILI,LLLAALLTILLGLLLGSLILI,GJL,void,,,,,,,,,,,3182.23,3888.66,54.8082,74.3852,3130.84,4042.35,162.892,133.921,-16.5513,1.1e+17,4.0,Y,64.09,53.71734433,3107.8448,2996.919,110.9258,1.0,Mutant,void
LLLAYLLTILLGLLLGSLILI,LLLAYLLTALLGLLLGSLILI,GJL,void,,,,,,,,,,,3157.2,4026.32,52.4773,40.6779,3130.84,4042.35,92.6661,82.5992,-16.5513,1.1e+17,8.0,I,90.6517,30.97390078,3116.5221,3048.2408,68.2813,1.0,Mutant,void
LLLYFLLGVLLGLLLGSLILI,LLLYALLGVLLGLLLGSLILI,GJL,void,,,,,,,,,,,3194.94,4001.85,65.9716,57.4854,3163.69,4167.07,168.031,134.796,-38.3902,1.1e+17,4.0,F,80.9898,41.51313737,3137.4546,3028.894,108.5606,1.0,Mutant,void
LLLYFLLGVLLGLLLGSLILI,LLLAFLLGVLLGLLLGSLILI,GJL,void,,,,,,,,,,,3071.35,3976.55,68.3092,47.4377,3163.69,4167.07,189.483,245.645,-38.3902,1.1e+17,3.0,Y,122.2931,27.94878714,3023.9123,2918.045,105.8673,1.0,Mutant,void
LLLALLLGFLLGVLLSTLILI,LLLAALLGFLLGVLLSTLILI,GJL,void,,,,,,,,,,,3611.9,4558.18,64.5887,46.083,3598.97,4625.99,124.049,91.0811,-10.7949,1.1e+17,4.0,L,92.3922,33.27888315,3565.817,3507.8889,57.9281,1.0,Mutant,void
LLLAFLLGLLLGVLLGTLILI,LLLAFLLGLLLGALLGTLILI,GJL,void,,,,,,,,,,,3503.54,4511.51,60.1438,83.0078,3459.45,4529.14,84.4339,98.9308,-32.7923,1.1e+17,12.0,V,46.8142,63.93970205,3420.5322,3360.5192,60.013,1.0,Mutant,void
LLLTFLLALLLGYLLGSLILI,LLLTFLLALLLGALLGSLILI,GJL,void,,,,,,,,,,,3270.15,3945.57,60.6471,94.1324,3231.13,4074.17,161.682,186.609,-9.74901,1.1e+17,12.0,Y,35.6896,72.50881977,3176.0176,3044.521,131.4966,1.0,Mutant,void
LLLSYLLAILLGLLLGFLILI,LLLSALLAILLGLLLGFLILI,GJL,void,,,,,,,,,,,3384.33,3991.79,51.442,80.404,3343.7,4135.56,163.451,183.823,-23.6169,1.1e+17,4.0,Y,58.0712,58.06382659,3303.926,3159.877,144.049,1.0,Mutant,void
LLLSYLLAILLGLLLGFLILI,LLLSYLLAALLGLLLGFLILI,GJL,void,,,,,,,,,,,3373.56,4117.3,53.1779,52.9119,3343.7,4135.56,93.5754,91.4557,-23.6169,1.1e+17,8.0,I,78.4177,40.28939401,3320.6481,3252.2443,68.4038,1.0,Mutant,void
LLLTFLLGVLLGLLLGALILI,LLLTFLLGVLLGALLGALILI,GJL,void,,,,,,,,,,,3457.11,4526.71,61.1949,89.0773,3433.44,4581.57,117.607,125.793,-37.6168,1.1e+17,12.0,L,40.7447,68.6149497,3368.0327,3307.647,60.3857,1.0,Mutant,void
LLLYFLLGVLLGLLLSTLILI,LLLAFLLGVLLGLLLSTLILI,GJL,void,,,,,,,,,,,3165.66,4036.4,68.4769,45.6926,3229.9,4200.09,184.834,226.927,-29.5179,1.1e+17,3.0,Y,124.0382,26.92062961,3119.9674,3002.973,116.9944,1.0,Mutant,void
LLLYFLLGVLLGLLLSTLILI,LLLYALLGVLLGLLLSTLILI,GJL,void,,,,,,,,,,,3275.65,4028.9,65.8802,64.2849,3229.9,4200.09,168.987,128.06,-29.5179,1.1e+17,4.0,F,74.1903,46.42340289,3211.3651,3101.84,109.5251,1.0,Mutant,void
LLLSTLLGALLGILLALLILI,LLLSTLLGALLGALLALLILI,GJL,void,,,,,,,,,,,3208.38,3853.83,49.0503,54.8946,3178.51,3870.98,89.5951,100.583,-14.3494,1.1e+17,12.0,I,74.9274,42.28451264,3153.4854,3077.927,75.5584,1.0,Mutant,void
LLLSTLLGALLGILLALLILI,LLLSTLLGALLGILLAALILI,GJL,void,,,,,,,,,,,3144.93,3826.62,56.059,107.65,3178.51,3870.98,109.384,203.174,-14.3494,1.1e+17,16.0,L,21.8128,83.15129906,3037.28,2975.336,61.944,1.0,Mutant,void
LLLTALLFLLLGLLLGSLILI,LLLTALLALLLGLLLGSLILI,GJL,void,,,,,,,,,,,3090.53,3915.97,59.2409,14.0373,3082.88,4076.77,160.063,87.1068,-29.4405,1.1e+17,7.0,F,115.5581,10.83163446,3076.4927,2995.7732,80.7195,1.0,Mutant,void
LLLYFLLATLLGVLLALLILI,LLLYALLATLLGVLLALLILI,GJL,void,,,,,,,,,,,3760.71,4582.72,49.0723,70.9264,3715.96,4717.23,149.139,140.078,-22.1099,1.1e+17,4.0,F,67.5488,51.21956856,3689.7836,3575.882,113.9016,1.0,Mutant,void
LLLYFLLATLLGVLLALLILI,LLLAFLLATLLGVLLALLILI,GJL,void,,,,,,,,,,,3589.89,4533.22,59.4368,88.9525,3715.96,4717.23,178.72,299.133,-22.1099,1.1e+17,3.0,Y,80.7783,52.40798959,3500.9375,3416.827,84.1105,1.0,Mutant,void
LLLTLLLGILLGVLLSLLILI,LLLTLLLGALLGVLLSLLILI,GJL,void,,,,,,,,,,,3255.74,3960.0,68.0642,56.7865,3210.17,3999.48,112.981,91.3318,-23.6266,1.1e+17,8.0,I,74.5431,43.23968092,3198.9535,3118.8382,80.1153,1.0,Mutant,void
LLLAYLLGLLLGFLLSTLILI,LLLAALLGLLLGFLLSTLILI,GJL,void,,,,,,,,,,,3657.69,4579.41,53.0006,59.0722,3628.61,4728.63,159.152,151.899,-24.7319,1.1e+17,4.0,Y,88.0758,36.3959756,3598.6178,3476.711,121.9068,1.0,Mutant,void
LLLAYLLGLLLGFLLSTLILI,LLLAYLLGLLLGALLSTLILI,GJL,void,,,,,,,,,,,3644.1,4604.11,51.2354,77.2864,3628.61,4728.63,148.567,173.781,-24.7319,1.1e+17,12.0,F,52.5356,59.53259078,3566.8136,3454.829,111.9846,1.0,Mutant,void
LLLYFLLGALLGILLSLLILI,LLLYALLGALLGILLSLLILI,GJL,void,,,,,,,,,,,3344.01,4015.78,66.2216,51.2359,3303.6,4147.31,161.241,120.625,-26.9479,1.1e+17,4.0,F,87.2393,37.00005488,3292.7741,3182.975,109.7991,1.0,Mutant,void
LLLALLLGLLLGTLLSFLILI,LLLALLLGLLLGTLLSALILI,GJL,void,,,,,,,,,,,3549.08,4533.84,44.0339,84.8879,3583.4,4588.81,122.12,228.227,-23.5239,1.1e+17,16.0,F,44.5749,65.56933729,3464.1921,3355.173,109.0191,1.0,Mutant,void
LLLALLLGLLLGTLLSFLILI,LLLALLLGALLGTLLSFLILI,GJL,void,,,,,,,,,,,3621.58,4514.57,57.5578,41.768,3583.4,4588.81,120.579,69.5845,-23.5239,1.1e+17,8.0,L,89.5616,31.80394976,3579.812,3513.8155,65.9965,1.0,Mutant,void
LLLALLLGALLGTLLSFLILI,LLLALLLGALLGTLLSALILI,GJL,void,,,,,,,,,,,3592.72,4443.38,41.3887,83.4995,3694.83,4547.02,134.817,269.091,-16.3762,1.1e+17,16.0,F,45.9633,64.49690567,3509.2205,3425.739,83.4815,1.0,Mutant,void
LLLALLLGALLGTLLSFLILI,LLLAALLGALLGTLLSFLILI,GJL,void,,,,,,,,,,,3706.4,4479.21,64.419,38.5353,3694.83,4547.02,124.186,84.3744,-16.3762,1.1e+17,4.0,L,99.9399,27.82830427,3667.8647,3610.4556,57.4091,1.0,Mutant,void
LLLSYLLVLLLGALLAFLILI,LLLSALLVLLLGALLAFLILI,GJL,void,,,,,,,,,,,3336.67,4026.67,49.9084,70.0331,3305.03,4191.02,162.658,159.515,-34.7785,1.1e+17,4.0,Y,68.4421,50.5744711,3266.6369,3145.515,121.1219,1.0,Mutant,void
LLLSYLLVLLLGALLAFLILI,LLLSYLLVLLLGALLAALILI,GJL,void,,,,,,,,,,,3203.87,4044.5,58.7094,103.563,3305.03,4191.02,158.002,278.457,-34.7785,1.1e+17,16.0,F,25.8998,79.99440766,3100.307,3026.573,73.734,1.0,Mutant,void
LLLALLLGLLLGTLLGFLILI,LLLALLLGLLLGTLLGALILI,GJL,void,,,,,,,,,,,3130.39,3915.92,56.6675,108.267,3198.4,4002.16,140.633,260.924,-24.8153,1.1e+17,16.0,F,21.1958,83.62788384,3022.123,2937.476,84.647,1.0,Mutant,void
LLLALLLGLLLGTLLGFLILI,LLLAALLGLLLGTLLGFLILI,GJL,void,,,,,,,,,,,3221.46,3909.41,55.34,40.7385,3198.4,4002.16,123.588,87.6835,-24.8153,1.1e+17,4.0,L,97.7367,29.41934729,3180.7215,3110.7165,70.005,1.0,Mutant,void
LLLYTLLVALLALLLGLLILI,LLLYTLLVALLAALLGLLILI,GJL,void,,,,,,,,,,,3382.78,4090.02,53.2082,36.3126,3367.48,4159.17,113.764,78.417,-14.7864,1.1e+17,12.0,L,93.5094,27.97106808,3346.4674,3289.063,57.4044,1.0,Mutant,void
LLLYTLLVALLALLLGLLILI,LLLYTLLVALLALLLGALILI,GJL,void,,,,,,,,,,,3366.23,4089.35,58.9287,86.2252,3367.48,4159.17,120.372,144.349,-14.7864,1.1e+17,16.0,L,43.2376,66.60229811,3280.0048,3223.131,56.8738,1.0,Mutant,void
LLLSYLLGLLLGFLLSTLILI,LLLSALLGLLLGFLLSTLILI,GJL,void,,,,,,,,,,,3318.6,4003.88,54.7841,61.2481,3302.37,4181.2,170.412,165.978,-25.2886,1.1e+17,4.0,Y,77.2271,44.23037483,3257.3519,3136.392,120.9599,1.0,Mutant,void
LLLSYLLGLLLGFLLSTLILI,LLLSYLLGLLLGALLSTLILI,GJL,void,,,,,,,,,,,3193.9,4055.98,50.2869,89.408,3302.37,4181.2,147.961,276.908,-25.2886,1.1e+17,12.0,F,25.02,80.7274576,3104.492,3025.462,79.03,1.0,Mutant,void
LLLTFLLGLLLGVLLSILILI,LLLTFLLGALLGVLLSILILI,GJL,void,,,,,,,,,,,3225.65,4019.55,55.0472,43.9287,3198.01,4037.26,98.1481,67.875,-20.4286,1.1e+17,8.0,L,87.4009,33.44919957,3181.7213,3130.135,51.5863,1.0,Mutant,void
LLLTFLLGVLLGILLALLILI,LLLTFLLGVLLGALLALLILI,GJL,void,,,,,,,,,,,3194.84,4050.07,46.3983,55.302,3167.95,4053.54,80.7413,96.3819,-22.5091,1.1e+17,12.0,I,74.52,42.59832694,3139.538,3071.5681,67.9699,1.0,Mutant,void
LLLAFLLGLLLGTLLSYLILI,LLLAFLLGLLLGTLLSALILI,GJL,void,,,,,,,,,,,3587.2,4508.33,41.422,80.5686,3558.39,4546.03,124.867,184.042,-18.4681,1.1e+17,16.0,Y,45.6824,64.7138792,3506.6314,3374.348,132.2834,1.0,Mutant,void
LLLAFLLGLLLGTLLSYLILI,LLLAALLGLLLGTLLSYLILI,GJL,void,,,,,,,,,,,3591.91,4458.23,48.6975,56.803,3558.39,4546.03,134.882,110.354,-18.4681,1.1e+17,4.0,F,81.6722,41.02034155,3535.107,3448.036,87.071,1.0,Mutant,void
LLLYILLGLLLGTLLSFLILI,LLLAILLGLLLGTLLSFLILI,GJL,void,,,,,,,,,,,3356.55,4051.93,67.7984,44.8811,3393.22,4244.18,189.308,213.198,-12.365,1.1e+17,3.0,Y,124.8497,26.44251957,3311.6689,3180.022,131.6469,1.0,Mutant,void
LLLTLLLGLLLGFLLSILILI,LLLTLLLGLLLGALLSILILI,GJL,void,,,,,,,,,,,3600.72,4547.99,48.6843,82.9918,3550.37,4596.81,121.927,139.004,-31.722,1.1e+17,12.0,F,46.8302,63.92737749,3517.7282,3411.366,106.3622,1.0,Mutant,void
LLLTLLLGLLLGFLLSILILI,LLLTALLGLLLGFLLSILILI,GJL,void,,,,,,,,,,,3575.6,4533.15,52.6156,50.6959,3550.37,4596.81,111.224,95.5188,-31.722,1.1e+17,4.0,L,87.7793,36.61009336,3524.9041,3454.8512,70.0529,1.0,Mutant,void
LLLAYLLGTLLGFLLSLLILI,LLLAYLLGTLLGALLSLLILI,GJL,void,,,,,,,,,,,3662.6,4607.14,45.0061,72.4735,3636.67,4688.63,130.811,186.325,-28.4036,1.1e+17,12.0,F,57.3485,55.82528385,3590.1265,3450.345,139.7815,1.0,Mutant,void
LLLAYLLGTLLGFLLSLLILI,LLLAALLGTLLGFLLSLLILI,GJL,void,,,,,,,,,,,3669.56,4528.49,59.4954,57.3411,3636.67,4688.63,167.461,146.265,-28.4036,1.1e+17,4.0,Y,79.7303,42.42268652,3612.2189,3490.405,121.8139,1.0,Mutant,void
LLLAYLLGTLLGLLLSFLILI,LLLAALLGTLLGLLLSFLILI,GJL,void,,,,,,,,,,,3736.7,4557.49,62.0211,59.9624,3713.55,4604.25,141.979,164.376,-26.3969,1.1e+17,4.0,Y,86.1331,37.79889829,3676.7376,3549.174,127.5636,1.0,Mutant,void
LLLAYLLGTLLGLLLSFLILI,LLLAYLLGTLLGALLSFLILI,GJL,void,,,,,,,,,,,3749.18,4563.06,52.2877,77.6643,3713.55,4604.25,106.069,112.41,-26.3969,1.1e+17,12.0,L,52.1577,59.82368166,3671.5157,3601.14,70.3757,1.0,Mutant,void
LLLLTLLVGLLFALLSILILI,LLLLTLLVGLLAALLSILILI,GJL,void,,,,,,,,,,,3725.79,4487.29,51.499,42.34,3704.1,4627.46,153.619,127.587,-24.9465,1.1e+17,11.0,F,87.9278,32.50227608,3683.45,3576.513,106.937,1.0,Mutant,void
LLLSYLLILLLGTLLAFLILI,LLLSALLILLLGTLLAFLILI,GJL,void,,,,,,,,,,,3416.23,4085.24,42.8953,45.945,3410.57,4225.88,153.52,166.294,-27.8576,1.1e+17,4.0,Y,92.5302,33.17922632,3370.285,3244.276,126.009,1.0,Mutant,void
LLLSYLLILLLGTLLAFLILI,LLLSYLLIALLGTLLAFLILI,GJL,void,,,,,,,,,,,3438.3,4172.47,61.5978,46.6668,3410.57,4225.88,116.815,86.6874,-27.8576,1.1e+17,8.0,L,84.6628,35.53410655,3391.6332,3323.8826,67.7506,1.0,Mutant,void
LLLTLLLGVLLGFLLAILILI,LLLTLLLGVLLGALLAILILI,GJL,void,,,,,,,,,,,3616.87,4507.91,47.7385,68.4525,3603.98,4625.23,143.929,187.257,-40.8357,1.1e+17,12.0,F,61.3695,52.72796598,3548.4175,3416.723,131.6945,1.0,Mutant,void
LLLTLLLGVLLGFLLAILILI,LLLTALLGVLLGFLLAILILI,GJL,void,,,,,,,,,,,3621.16,4558.32,63.7662,54.4887,3603.98,4625.23,122.805,103.968,-40.8357,1.1e+17,4.0,L,83.9865,39.34906756,3566.6713,3500.012,66.6593,1.0,Mutant,void
LLLVTLLLTLLGALLSALILI,LLLVTLLATLLGALLSALILI,GJL,void,,,,,,,,,,,3668.07,4396.86,59.5983,61.3799,3677.07,4492.47,125.77,148.64,-11.5507,1.1e+17,7.0,L,68.2155,47.36271503,3606.6901,3528.43,78.2601,1.0,Mutant,void
LLLVTLLLTLLGALLSALILI,LLLATLLLTLLGALLSALILI,GJL,void,,,,,,,,,,,3665.14,4477.18,61.9812,110.077,3677.07,4492.47,86.014,163.403,-11.5507,1.1e+17,3.0,V,59.6538,64.85387449,3555.063,3513.667,41.396,1.0,Mutant,void
LLLTYLLAFLLGVLLGLLILI,LLLTALLAFLLGVLLGLLILI,GJL,void,,,,,,,,,,,3157.82,3989.07,59.7065,68.3997,3103.61,4104.06,163.221,161.738,-25.4978,1.1e+17,4.0,Y,70.0755,49.3949097,3089.4203,2941.872,147.5483,1.0,Mutant,void
LLLTYLLAFLLGVLLGLLILI,LLLTYLLAALLGVLLGLLILI,GJL,void,,,,,,,,,,,3147.19,3948.94,64.2668,57.1813,3103.61,4104.06,163.428,118.063,-25.4978,1.1e+17,8.0,F,74.1483,43.54029861,3090.0087,2985.547,104.4617,1.0,Mutant,void
LLLVFLLAILLGLLLGTLILI,LLLVALLAILLGLLLGTLILI,GJL,void,,,,,,,,,,,3659.13,4501.53,48.1448,55.5279,3628.5,4616.43,143.592,128.517,-24.7258,1.1e+17,4.0,F,82.9473,40.09952685,3603.6021,3499.983,103.6191,1.0,Mutant,void
LLLVFLLAILLGLLLGTLILI,LLLVFLLAILLGALLGTLILI,GJL,void,,,,,,,,,,,3665.2,4564.97,57.5143,61.9858,3628.5,4616.43,112.758,88.6499,-24.7258,1.1e+17,12.0,L,67.8362,47.74676095,3603.2142,3539.8501,63.3641,1.0,Mutant,void
LLLAGLLFLLLGVLLGTLILI,LLLAGLLFALLGVLLGTLILI,GJL,void,,,,,,,,,,,3678.42,4545.43,53.5148,21.9987,3657.29,4621.52,116.808,64.2787,-18.7394,1.1e+17,8.0,L,109.3309,16.75075535,3656.4213,3593.0113,63.41,1.0,Mutant,void
LLLTYLLALLLGVLLGSLILI,LLLTALLALLLGVLLGSLILI,GJL,void,,,,,,,,,,,3192.9,3896.64,50.2193,58.5954,3159.63,4064.88,164.481,166.491,-20.1072,1.1e+17,4.0,Y,79.8798,42.31472495,3134.3046,2993.139,141.1656,1.0,Mutant,void
LLLTYLLALLLGVLLGSLILI,LLLTYLLAALLGVLLGSLILI,GJL,void,,,,,,,,,,,3178.73,4004.23,64.3027,54.4435,3159.63,4064.88,121.081,99.5706,-20.1072,1.1e+17,8.0,L,76.8861,41.45562006,3124.2865,3060.0594,64.2271,1.0,Mutant,void
LLLAILLGLLLGVLLSTLILI,LLLAILLGALLGVLLSTLILI,GJL,void,,,,,,,,,,,3742.73,4469.07,60.2981,50.3363,3720.57,4521.87,115.804,88.434,-10.7027,1.1e+17,8.0,L,80.9933,38.32822151,3692.3937,3632.136,60.2577,1.0,Mutant,void
LLLYFLLGTLLGLLLGSLILI,LLLYALLGTLLGLLLGSLILI,GJL,void,,,,,,,,,,,3170.14,3993.48,61.7212,42.8138,3140.68,4146.23,163.814,111.689,-40.8964,1.1e+17,4.0,F,95.6614,30.9180272,3127.3262,3028.991,98.3352,1.0,Mutant,void
LLLYFLLGTLLGLLLGSLILI,LLLAFLLGTLLGLLLGSLILI,GJL,void,,,,,,,,,,,3017.48,3959.1,70.8575,62.4243,3140.68,4146.23,189.994,267.03,-40.8964,1.1e+17,3.0,Y,107.3065,36.77841617,2955.0557,2873.65,81.4057,1.0,Mutant,void
LLLTLLLGVLLGLLLSFLILI,LLLTLLLGVLLGALLSFLILI,GJL,void,,,,,,,,,,,3688.03,4583.93,54.7887,91.584,3659.18,4629.04,109.434,132.742,-26.2455,1.1e+17,12.0,L,38.238,70.54582428,3596.446,3526.438,70.008,1.0,Mutant,void
LLLSFLLVLLLGTLLAYLILI,LLLSFLLVLLLGTLLAALILI,GJL,void,,,,,,,,,,,3261.47,3995.38,56.1498,98.5964,3253.03,4128.08,158.719,217.449,-14.603,1.1e+17,16.0,Y,30.8664,76.15809329,3162.8736,3035.581,127.2926,1.0,Mutant,void
LLLSFLLVLLLGTLLAYLILI,LLLSALLVLLLGTLLAYLILI,GJL,void,,,,,,,,,,,3254.87,4033.47,47.3735,77.3091,3253.03,4128.08,139.841,162.422,-14.603,1.1e+17,4.0,F,61.1661,55.82884155,3177.5609,3090.608,86.9529,1.0,Mutant,void
LLLTSLLVGLLFALLAYLILI,LLLTSLLVGLLFALLAALILI,GJL,void,,,,,,,,,,,3212.15,4029.7,58.0742,95.8714,3211.83,4192.41,168.86,218.041,-18.5781,1.1e+17,16.0,Y,33.5914,74.05324155,3116.2786,2993.789,122.4896,1.0,Mutant,void
LLLTSLLVGLLFALLAYLILI,LLLTSLLVGLLAALLAYLILI,GJL,void,,,,,,,,,,,3234.06,4028.25,57.214,33.3223,3211.83,4192.41,161.386,110.32,-18.5781,1.1e+17,11.0,F,96.9455,25.57984398,3200.7377,3101.51,99.2277,1.0,Mutant,void
LLLAVLLGTLLGFLLSLLILI,LLLAVLLGTLLGALLSLLILI,GJL,void,,,,,,,,,,,3616.26,4449.27,45.256,59.454,3586.67,4532.15,131.614,163.042,-30.3538,1.1e+17,12.0,F,70.368,45.7965522,3556.806,3423.628,133.178,1.0,Mutant,void
LLLAVLLGTLLGFLLSLLILI,LLLAVLLGTLLGFLLSALILI,GJL,void,,,,,,,,,,,3606.38,4555.36,35.3943,69.5115,3586.67,4532.15,65.4301,130.117,-30.3538,1.1e+17,16.0,L,59.9513,53.69225754,3536.8685,3456.553,80.3155,1.0,Mutant,void
LLLTYLLGVLLGLLLASLILI,LLLTALLGVLLGLLLASLILI,GJL,void,,,,,,,,,,,3225.12,3861.27,65.6349,61.8057,3197.49,4069.15,185.845,160.713,-13.2764,1.1e+17,4.0,Y,76.6695,44.63304621,3163.3143,3036.777,126.5373,1.0,Mutant,void
LLLTYLLGVLLGLLLASLILI,LLLTYLLGVLLGALLASLILI,GJL,void,,,,,,,,,,,3210.61,4020.94,52.1524,72.2104,3197.49,4069.15,107.366,116.731,-13.2764,1.1e+17,12.0,L,57.6116,55.62262174,3138.3996,3080.759,57.6406,1.0,Mutant,void
LLLFGLLTALLGILLSLLILI,LLLAGLLTALLGILLSLLILI,GJL,void,,,,,,,,,,,3664.72,4451.68,56.7456,113.728,3684.4,4587.73,159.349,254.903,-14.7182,1.1e+17,3.0,F,56.0028,67.0049278,3550.992,3429.497,121.495,1.0,Mutant,void
LLLFGLLTALLGILLSLLILI,LLLFGLLTALLGILLSALILI,GJL,void,,,,,,,,,,,3703.84,4570.28,41.4733,77.6548,3684.4,4587.73,89.1007,131.858,-14.7182,1.1e+17,16.0,L,51.808,59.98232697,3626.1852,3552.542,73.6432,1.0,Mutant,void
LLLTSLLFLLLGALLAYLILI,LLLTSLLFLLLGALLAALILI,GJL,void,,,,,,,,,,,3195.79,4057.16,58.7867,99.534,3208.37,4218.17,168.072,231.883,-17.5524,1.1e+17,16.0,Y,29.9288,76.88231677,3096.256,2976.487,119.769,1.0,Mutant,void
LLLTSLLFLLLGALLAYLILI,LLLTSLLALLLGALLAYLILI,GJL,void,,,,,,,,,,,3199.45,4052.61,56.2558,21.6189,3208.37,4218.17,159.239,137.813,-17.5524,1.1e+17,7.0,F,107.9765,16.6818421,3177.8311,3070.557,107.2741,1.0,Mutant,void
LLLSYLLGFLLGTLLGLLILI,LLLSALLGFLLGTLLGLLILI,GJL,void,,,,,,,,,,,3326.79,3953.93,66.3831,81.1051,3287.63,4120.77,176.533,166.478,-12.0026,1.1e+17,4.0,Y,57.3701,58.57012664,3245.6849,3121.152,124.5329,1.0,Mutant,void
LLLSYLLGFLLGTLLGLLILI,LLLSYLLGALLGTLLGLLILI,GJL,void,,,,,,,,,,,3300.11,3974.81,60.1551,59.646,3287.63,4120.77,161.18,148.875,-12.0026,1.1e+17,8.0,F,85.4328,34.94779547,3240.464,3138.755,101.709,1.0,Mutant,void
LLLYALLFLLLGLLLGTLILI,LLLYALLALLLGLLLGTLILI,GJL,void,,,,,,,,,,,3859.49,4690.56,59.169,45.6217,3862.46,4851.72,160.206,146.711,-7.75795,1.1e+17,7.0,F,83.9737,35.20317851,3813.8683,3715.749,98.1193,1.0,Mutant,void
LLLYALLFLLLGLLLGTLILI,LLLYALLFLLLGALLGTLILI,GJL,void,,,,,,,,,,,3903.78,4777.29,59.8906,42.0995,3862.46,4851.72,122.297,65.6173,-7.75795,1.1e+17,12.0,L,87.7225,32.42863305,3861.6805,3796.8427,64.8378,1.0,Mutant,void
LLLYGLLFLLLGVLLASLILI,LLLYGLLFALLGVLLASLILI,GJL,void,,,,,,,,,,,3437.45,4117.18,61.0913,25.8937,3422.34,4194.85,124.671,74.9025,-17.223,1.1e+17,8.0,L,105.4359,19.7165757,3411.5563,3347.4375,64.1188,1.0,Mutant,void
LLLSYLLAVLLGLLLGTLILI,LLLSALLAVLLGLLLGTLILI,GJL,void,,,,,,,,,,,3255.72,3858.73,64.2804,79.9046,3239.14,4001.68,175.389,210.352,-11.997,1.1e+17,4.0,Y,58.5706,57.7031844,3175.8154,3028.788,147.0274,1.0,Mutant,void
LLLSYLLAVLLGLLLGTLILI,LLLSYLLAVLLGALLGTLILI,GJL,void,,,,,,,,,,,3247.55,3951.63,55.1633,74.016,3239.14,4001.68,110.416,123.75,-11.997,1.1e+17,12.0,L,55.806,57.01344918,3173.534,3115.39,58.144,1.0,Mutant,void
LLLYFLLGLLLGVLLGSLILI,LLLAFLLGLLLGVLLGSLILI,GJL,void,,,,,,,,,,,3033.21,3912.76,68.4775,57.0574,3147.71,4104.3,190.255,261.587,-40.0165,1.1e+17,3.0,Y,127.3344,24.97861319,2976.1526,2886.123,90.0296,1.0,Mutant,void
LLLYFLLGLLLGVLLGSLILI,LLLYALLGLLLGVLLGSLILI,GJL,void,,,,,,,,,,,3167.89,4004.52,55.0742,44.0618,3147.71,4104.3,144.522,108.87,-40.0165,1.1e+17,4.0,F,94.4134,31.81927161,3123.8282,3038.84,84.9882,1.0,Mutant,void
LLLAALLFLLLGLLLGTLILI,LLLAALLFLLLLLLLGTLILI,JC,clash,,,,,,,,,,,,,,,,,,,,,,,,,,,,,Mutant,clash
LLLAFLLATLLGLLLGVLILI,LLLLFLLATLLGLLLGVLILI,JC,clash,,,,,,,,,,,,,,,,,,,,,,,,,,,,,Mutant,clash
LLLAFLLATLLGLLLGVLILI,LLLAFLLATLLGLLLLVLILI,JC,clash,,,,,,,,,,,,,,,,,,,,,,,,,,,,,Mutant,clash
LLLAFLLATLLGLLLGVLILI,LLLIFLLATLLGLLLGVLILI,JC,clash,,,,,,,,,,,,,,,,,,,,,,,,,,,,,Mutant,clash
LLLAFLLATLLGLLLGVLILI,LLLAFLLATLLILLLGVLILI,JC,clash,,,,,,,,,,,,,,,,,,,,,,,,,,,,,Mutant,clash
LLLAFLLATLLGLLLGVLILI,LLLAFLLATLLLLLLGVLILI,JC,clash,,,,,,,,,,,,,,,,,,,,,,,,,,,,,Mutant,clash
LLLAFLLATLLGLLLGVLILI,LLLAFLLATLLGLLLIVLILI,JC,clash,,,,,,,,,,,,,,,,,,,,,,,,,,,,,Mutant,clash
LLLAFLLGALLGILLTLLILI,LLLIFLLGALLGILLTLLILI,JC,clash,,,,,,,,,,,,,,,,,,,,,,,,,,,,,Mutant,clash
LLLAFLLGALLGILLTLLILI,LLLLFLLGALLGILLTLLILI,JC,clash,,,,,,,,,,,,,,,,,,,,,,,,,,,,,Mutant,clash
LLLAFLLGALLGILLTLLILI,LLLAFLLGALLIILLTLLILI,JC,clash,,,,,,,,,,,,,,,,,,,,,,,,,,,,,Mutant,clash
LLLAFLLGALLGILLTLLILI,LLLAFLLGALLLILLTLLILI,JC,clash,,,,,,,,,,,,,,,,,,,,,,,,,,,,,Mutant,clash
LLLAFLLGALLGILLTLLILI,LLLAFLLIALLGILLTLLILI,JC,clash,,,,,,,,,,,,,,,,,,,,,,,,,,,,,Mutant,clash
LLLAFLLGALLGILLTLLILI,LLLAFLLLALLGILLTLLILI,JC,clash,,,,,,,,,,,,,,,,,,,,,,,,,,,,,Mutant,clash
LLLAFLLGLLLGTLLGILILI,LLLAFLLGLLLGTLLIILILI,JC,clash,,,,,,,,,,,,,,,,,,,,,,,,,,,,,Mutant,clash
LLLAFLLGLLLGTLLGILILI,LLLAFLLLLLLGTLLGILILI,JC,clash,,,,,,,,,,,,,,,,,,,,,,,,,,,,,Mutant,clash
LLLAFLLGLLLGTLLGILILI,LLLAFLLGLLLITLLGILILI,JC,clash,,,,,,,,,,,,,,,,,,,,,,,,,,,,,Mutant,clash
LLLAFLLGLLLGTLLGILILI,LLLLFLLGLLLGTLLGILILI,JC,clash,,,,,,,,,,,,,,,,,,,,,,,,,,,,,Mutant,clash
LLLAFLLGLLLGTLLGILILI,LLLAFLLGLLLLTLLGILILI,JC,clash,,,,,,,,,,,,,,,,,,,,,,,,,,,,,Mutant,clash
LLLAFLLGLLLGTLLGILILI,LLLAFLLILLLGTLLGILILI,JC,clash,,,,,,,,,,,,,,,,,,,,,,,,,,,,,Mutant,clash
LLLAFLLGLLLGTLLGILILI,LLLIFLLGLLLGTLLGILILI,JC,clash,,,,,,,,,,,,,,,,,,,,,,,,,,,,,Mutant,clash
LLLAFLLGLLLGTLLGILILI,LLLAFLLGLLLGTLLLILILI,JC,clash,,,,,,,,,,,,,,,,,,,,,,,,,,,,,Mutant,clash
LLLAFLLGSLLGILLTLLILI,LLLAFLLGSLLLILLTLLILI,JC,clash,,,,,,,,,,,,,,,,,,,,,,,,,,,,,Mutant,clash
LLLAFLLGSLLGILLTLLILI,LLLAFLLGSLLIILLTLLILI,JC,clash,,,,,,,,,,,,,,,,,,,,,,,,,,,,,Mutant,clash
LLLAFLLGSLLGILLTLLILI,LLLIFLLGSLLGILLTLLILI,JC,clash,,,,,,,,,,,,,,,,,,,,,,,,,,,,,Mutant,clash
LLLAFLLGSLLGILLTLLILI,LLLAFLLLSLLGILLTLLILI,JC,clash,,,,,,,,,,,,,,,,,,,,,,,,,,,,,Mutant,clash
LLLAFLLGSLLGILLTLLILI,LLLAFLLISLLGILLTLLILI,JC,clash,,,,,,,,,,,,,,,,,,,,,,,,,,,,,Mutant,clash
LLLAFLLGSLLGILLTLLILI,LLLLFLLGSLLGILLTLLILI,JC,clash,,,,,,,,,,,,,,,,,,,,,,,,,,,,,Mutant,clash
LLLAFLLGTLLGLLLAVLILI,LLLAFLLITLLGLLLAVLILI,JC,clash,,,,,,,,,,,,,,,,,,,,,,,,,,,,,Mutant,clash
LLLAFLLGTLLGLLLAVLILI,LLLLFLLGTLLGLLLAVLILI,JC,clash,,,,,,,,,,,,,,,,,,,,,,,,,,,,,Mutant,clash
LLLAFLLGTLLGLLLAVLILI,LLLAFLLLTLLGLLLAVLILI,JC,clash,,,,,,,,,,,,,,,,,,,,,,,,,,,,,Mutant,clash
LLLAFLLGTLLGLLLAVLILI,LLLAFLLGTLLILLLAVLILI,JC,clash,,,,,,,,,,,,,,,,,,,,,,,,,,,,,Mutant,clash
LLLAFLLGTLLGLLLAVLILI,LLLIFLLGTLLGLLLAVLILI,JC,clash,,,,,,,,,,,,,,,,,,,,,,,,,,,,,Mutant,clash
LLLAFLLGTLLGLLLAVLILI,LLLAFLLGTLLLLLLAVLILI,JC,clash,,,,,,,,,,,,,,,,,,,,,,,,,,,,,Mutant,clash
LLLAFLLGTLLGLLLGVLILI,LLLAFLLITLLGLLLGVLILI,JC,clash,,,,,,,,,,,,,,,,,,,,,,,,,,,,,Mutant,clash
LLLAFLLGTLLGLLLGVLILI,LLLIFLLGTLLGLLLGVLILI,JC,clash,,,,,,,,,,,,,,,,,,,,,,,,,,,,,Mutant,clash
LLLAFLLGTLLGLLLGVLILI,LLLAFLLLTLLGLLLGVLILI,JC,clash,,,,,,,,,,,,,,,,,,,,,,,,,,,,,Mutant,clash
LLLAFLLGTLLGLLLGVLILI,LLLAFLLGTLLLLLLGVLILI,JC,clash,,,,,,,,,,,,,,,,,,,,,,,,,,,,,Mutant,clash
LLLAFLLGTLLGLLLGVLILI,LLLLFLLGTLLGLLLGVLILI,JC,clash,,,,,,,,,,,,,,,,,,,,,,,,,,,,,Mutant,clash
LLLAFLLGTLLGLLLGVLILI,LLLAFLLGTLLGLLLLVLILI,JC,clash,,,,,,,,,,,,,,,,,,,,,,,,,,,,,Mutant,clash
LLLAFLLGTLLGLLLGYLILI,LLLAFLLGTLLGLLLIYLILI,JC,clash,,,,,,,,,,,,,,,,,,,,,,,,,,,,,Mutant,clash
LLLAFLLGTLLGLLLGYLILI,LLLAFLLGTLLLLLLGYLILI,JC,clash,,,,,,,,,,,,,,,,,,,,,,,,,,,,,Mutant,clash
LLLAFLLGTLLGLLLGYLILI,LLLLFLLGTLLGLLLGYLILI,JC,clash,,,,,,,,,,,,,,,,,,,,,,,,,,,,,Mutant,clash
LLLAFLLGTLLGLLLGYLILI,LLLAFLLGTLLGLLLLYLILI,JC,clash,,,,,,,,,,,,,,,,,,,,,,,,,,,,,Mutant,clash
LLLAFLLGTLLGLLLGYLILI,LLLAFLLITLLGLLLGYLILI,JC,clash,,,,,,,,,,,,,,,,,,,,,,,,,,,,,Mutant,clash
LLLAFLLGTLLGLLLGYLILI,LLLAFLLLTLLGLLLGYLILI,JC,clash,,,,,,,,,,,,,,,,,,,,,,,,,,,,,Mutant,clash
LLLAFLLGTLLGLLLGYLILI,LLLIFLLGTLLGLLLGYLILI,JC,clash,,,,,,,,,,,,,,,,,,,,,,,,,,,,,Mutant,clash
LLLAFLLGTLLGLLLGYLILI,LLLAFLLGTLLILLLGYLILI,JC,clash,,,,,,,,,,,,,,,,,,,,,,,,,,,,,Mutant,clash
LLLAFLLGTLLGVLLGLLILI,LLLLFLLGTLLGVLLGLLILI,JC,clash,,,,,,,,,,,,,,,,,,,,,,,,,,,,,Mutant,clash
LLLAFLLGTLLGVLLGLLILI,LLLAFLLGTLLLVLLGLLILI,JC,clash,,,,,,,,,,,,,,,,,,,,,,,,,,,,,Mutant,clash
LLLAFLLGTLLGVLLGLLILI,LLLAFLLLTLLGVLLGLLILI,JC,clash,,,,,,,,,,,,,,,,,,,,,,,,,,,,,Mutant,clash
LLLAFLLGTLLGVLLGLLILI,LLLAFLLGTLLGVLLLLLILI,JC,clash,,,,,,,,,,,,,,,,,,,,,,,,,,,,,Mutant,clash
LLLAFLLGTLLGVLLGLLILI,LLLAFLLGTLLGVLLILLILI,JC,clash,,,,,,,,,,,,,,,,,,,,,,,,,,,,,Mutant,clash
LLLAFLLGTLLGYLLGLLILI,LLLLFLLGTLLGYLLGLLILI,JC,clash,,,,,,,,,,,,,,,,,,,,,,,,,,,,,Mutant,clash
LLLAFLLGTLLGYLLGLLILI,LLLAFLLGTLLGYLLLLLILI,JC,clash,,,,,,,,,,,,,,,,,,,,,,,,,,,,,Mutant,clash
LLLAFLLGTLLGYLLGLLILI,LLLAFLLGTLLIYLLGLLILI,JC,clash,,,,,,,,,,,,,,,,,,,,,,,,,,,,,Mutant,clash
LLLAFLLGTLLGYLLGLLILI,LLLIFLLGTLLGYLLGLLILI,JC,clash,,,,,,,,,,,,,,,,,,,,,,,,,,,,,Mutant,clash
LLLAFLLGTLLGYLLGLLILI,LLLAFLLGTLLLYLLGLLILI,JC,clash,,,,,,,,,,,,,,,,,,,,,,,,,,,,,Mutant,clash
LLLAFLLGTLLGYLLGLLILI,LLLAFLLLTLLGYLLGLLILI,JC,clash,,,,,,,,,,,,,,,,,,,,,,,,,,,,,Mutant,clash
LLLAFLLGTLLGYLLGLLILI,LLLAFLLGTLLGYLLILLILI,JC,clash,,,,,,,,,,,,,,,,,,,,,,,,,,,,,Mutant,clash
LLLAFLLGTLLGYLLGLLILI,LLLAFLLITLLGYLLGLLILI,JC,clash,,,,,,,,,,,,,,,,,,,,,,,,,,,,,Mutant,clash
LLLAFLLGVLLGTLLGLLILI,LLLIFLLGVLLGTLLGLLILI,JC,clash,,,,,,,,,,,,,,,,,,,,,,,,,,,,,Mutant,clash
LLLAFLLGVLLGTLLGLLILI,LLLAFLLGVLLGTLLLLLILI,JC,clash,,,,,,,,,,,,,,,,,,,,,,,,,,,,,Mutant,clash
LLLAFLLGVLLGTLLGLLILI,LLLAFLLLVLLGTLLGLLILI,JC,clash,,,,,,,,,,,,,,,,,,,,,,,,,,,,,Mutant,clash
LLLAFLLGVLLGTLLGLLILI,LLLLFLLGVLLGTLLGLLILI,JC,clash,,,,,,,,,,,,,,,,,,,,,,,,,,,,,Mutant,clash
LLLAFLLGVLLGTLLGLLILI,LLLAFLLGVLLGTLLILLILI,JC,clash,,,,,,,,,,,,,,,,,,,,,,,,,,,,,Mutant,clash
LLLAFLLGVLLGTLLGLLILI,LLLAFLLGVLLLTLLGLLILI,JC,clash,,,,,,,,,,,,,,,,,,,,,,,,,,,,,Mutant,clash
LLLAFLLVLLLGLLLGTLILI,LLLAFLLVLLLILLLGTLILI,JC,clash,,,,,,,,,,,,,,,,,,,,,,,,,,,,,Mutant,clash
LLLAFLLVLLLGLLLGTLILI,LLLAFLLVLLLGLLLITLILI,JC,clash,,,,,,,,,,,,,,,,,,,,,,,,,,,,,Mutant,clash
LLLAFLLVLLLGLLLGTLILI,LLLAFLLVLLLGLLLLTLILI,JC,clash,,,,,,,,,,,,,,,,,,,,,,,,,,,,,Mutant,clash
LLLAFLLVLLLGLLLGTLILI,LLLAFLLVLLLLLLLGTLILI,JC,clash,,,,,,,,,,,,,,,,,,,,,,,,,,,,,Mutant,clash
LLLAGLLFLLLGTLLAVLILI,LLLAGLLFLLLGTLLIVLILI,JC,clash,,,,,,,,,,,,,,,,,,,,,,,,,,,,,Mutant,clash
LLLAGLLFLLLGTLLAVLILI,LLLAGLLFLLLGTLLLVLILI,JC,clash,,,,,,,,,,,,,,,,,,,,,,,,,,,,,Mutant,clash
LLLAGLLFLLLGTLLAVLILI,LLLAGLLFLLLLTLLAVLILI,JC,clash,,,,,,,,,,,,,,,,,,,,,,,,,,,,,Mutant,clash
LLLAGLLFLLLGTLLAVLILI,LLLAGLLFLLLITLLAVLILI,JC,clash,,,,,,,,,,,,,,,,,,,,,,,,,,,,,Mutant,clash
LLLAGLLFTLLGLLLGYLILI,LLLAGLLFTLLGLLLLYLILI,JC,clash,,,,,,,,,,,,,,,,,,,,,,,,,,,,,Mutant,clash
LLLAGLLFTLLGLLLGYLILI,LLLAGLLFTLLILLLGYLILI,JC,clash,,,,,,,,,,,,,,,,,,,,,,,,,,,,,Mutant,clash
LLLAGLLFTLLGLLLGYLILI,LLLAGLLFTLLLLLLGYLILI,JC,clash,,,,,,,,,,,,,,,,,,,,,,,,,,,,,Mutant,clash
LLLAGLLFTLLGLLLGYLILI,LLLAGLLFTLLGLLLIYLILI,JC,clash,,,,,,,,,,,,,,,,,,,,,,,,,,,,,Mutant,clash
LLLAGLLFVLLGILLSLLILI,LLLAGLLFVLLLILLSLLILI,JC,clash,,,,,,,,,,,,,,,,,,,,,,,,,,,,,Mutant,clash
LLLAGLLFVLLGILLSLLILI,LLLAGLLFVLLGILLILLILI,JC,clash,,,,,,,,,,,,,,,,,,,,,,,,,,,,,Mutant,clash
LLLAGLLFVLLGILLSLLILI,LLLAGLLFVLLGILLLLLILI,JC,clash,,,,,,,,,,,,,,,,,,,,,,,,,,,,,Mutant,clash
LLLAGLLFVLLGILLSLLILI,LLLAGLLFVLLIILLSLLILI,JC,clash,,,,,,,,,,,,,,,,,,,,,,,,,,,,,Mutant,clash
LLLAGLLYFLLGVLLGLLILI,LLLAGLLYFLLLVLLGLLILI,JC,clash,,,,,,,,,,,,,,,,,,,,,,,,,,,,,Mutant,clash
LLLAGLLYFLLGVLLGLLILI,LLLAGLLYFLLGVLLILLILI,JC,clash,,,,,,,,,,,,,,,,,,,,,,,,,,,,,Mutant,clash
LLLAGLLYFLLGVLLGLLILI,LLLAGLLYFLLIVLLGLLILI,JC,clash,,,,,,,,,,,,,,,,,,,,,,,,,,,,,Mutant,clash
LLLAGLLYFLLGVLLGLLILI,LLLAGLLYFLLGVLLLLLILI,JC,clash,,,,,,,,,,,,,,,,,,,,,,,,,,,,,Mutant,clash
LLLAGLLYLLLGLLLGFLILI,LLLAGLLYLLLLLLLGFLILI,JC,clash,,,,,,,,,,,,,,,,,,,,,,,,,,,,,Mutant,clash
LLLAGLLYLLLGLLLGFLILI,LLLAGLLYLLLGLLLIFLILI,JC,clash,,,,,,,,,,,,,,,,,,,,,,,,,,,,,Mutant,clash
LLLAGLLYLLLGLLLGFLILI,LLLAGLLYLLLGLLLLFLILI,JC,clash,,,,,,,,,,,,,,,,,,,,,,,,,,,,,Mutant,clash
LLLAGLLYLLLGLLLGFLILI,LLLAGLLYLLLILLLGFLILI,JC,clash,,,,,,,,,,,,,,,,,,,,,,,,,,,,,Mutant,clash
LLLAGLLYLLLGTLLSFLILI,LLLAGLLYLLLGTLLLFLILI,JC,clash,,,,,,,,,,,,,,,,,,,,,,,,,,,,,Mutant,clash
LLLAGLLYLLLGTLLSFLILI,LLLAGLLYLLLLTLLSFLILI,JC,clash,,,,,,,,,,,,,,,,,,,,,,,,,,,,,Mutant,clash
LLLAGLLYLLLGTLLSFLILI,LLLAGLLYLLLGTLLIFLILI,JC,clash,,,,,,,,,,,,,,,,,,,,,,,,,,,,,Mutant,clash
LLLAILLGVLLGLLLGFLILI,LLLAILLGVLLGLLLIFLILI,JC,clash,,,,,,,,,,,,,,,,,,,,,,,,,,,,,Mutant,clash
LLLAILLGVLLGLLLGFLILI,LLLAILLGVLLGLLLLFLILI,JC,clash,,,,,,,,,,,,,,,,,,,,,,,,,,,,,Mutant,clash
LLLAILLGVLLGLLLGFLILI,LLLLILLGVLLGLLLGFLILI,JC,clash,,,,,,,,,,,,,,,,,,,,,,,,,,,,,Mutant,clash
LLLAILLGVLLGLLLGFLILI,LLLAILLLVLLGLLLGFLILI,JC,clash,,,,,,,,,,,,,,,,,,,,,,,,,,,,,Mutant,clash
LLLAILLGVLLGLLLGFLILI,LLLIILLGVLLGLLLGFLILI,JC,clash,,,,,,,,,,,,,,,,,,,,,,,,,,,,,Mutant,clash
LLLAILLGVLLGLLLGFLILI,LLLAILLGVLLLLLLGFLILI,JC,clash,,,,,,,,,,,,,,,,,,,,,,,,,,,,,Mutant,clash
LLLAILLGVLLGLLLGFLILI,LLLAILLGVLLILLLGFLILI,JC,clash,,,,,,,,,,,,,,,,,,,,,,,,,,,,,Mutant,clash
LLLAILLGVLLGLLLGFLILI,LLLAILLIVLLGLLLGFLILI,JC,clash,,,,,,,,,,,,,,,,,,,,,,,,,,,,,Mutant,clash
LLLALLLGFLLGILLGTLILI,LLLILLLGFLLGILLGTLILI,JC,clash,,,,,,,,,,,,,,,,,,,,,,,,,,,,,Mutant,clash
LLLALLLGFLLGILLGTLILI,LLLALLLIFLLGILLGTLILI,JC,clash,,,,,,,,,,,,,,,,,,,,,,,,,,,,,Mutant,clash
LLLALLLGFLLGILLGTLILI,LLLALLLGFLLGILLLTLILI,JC,clash,,,,,,,,,,,,,,,,,,,,,,,,,,,,,Mutant,clash
LLLALLLGFLLGILLGTLILI,LLLLLLLGFLLGILLGTLILI,JC,clash,,,,,,,,,,,,,,,,,,,,,,,,,,,,,Mutant,clash
LLLALLLGFLLGILLGTLILI,LLLALLLGFLLLILLGTLILI,JC,clash,,,,,,,,,,,,,,,,,,,,,,,,,,,,,Mutant,clash
LLLALLLGFLLGILLGTLILI,LLLALLLGFLLGILLITLILI,JC,clash,,,,,,,,,,,,,,,,,,,,,,,,,,,,,Mutant,clash
LLLALLLGFLLGILLGTLILI,LLLALLLGFLLIILLGTLILI,JC,clash,,,,,,,,,,,,,,,,,,,,,,,,,,,,,Mutant,clash
LLLALLLGFLLGILLGTLILI,LLLALLLLFLLGILLGTLILI,JC,clash,,,,,,,,,,,,,,,,,,,,,,,,,,,,,Mutant,clash
LLLALLLGILLGFLLGTLILI,LLLALLLGILLIFLLGTLILI,JC,clash,,,,,,,,,,,,,,,,,,,,,,,,,,,,,Mutant,clash
LLLALLLGTLLGILLSFLILI,LLLALLLGTLLIILLSFLILI,JC,clash,,,,,,,,,,,,,,,,,,,,,,,,,,,,,Mutant,clash
LLLALLLGTLLGILLSFLILI,LLLLLLLGTLLGILLSFLILI,JC,clash,,,,,,,,,,,,,,,,,,,,,,,,,,,,,Mutant,clash
LLLALLLGTLLGILLSFLILI,LLLALLLLTLLGILLSFLILI,JC,clash,,,,,,,,,,,,,,,,,,,,,,,,,,,,,Mutant,clash
LLLALLLGTLLGILLSFLILI,LLLILLLGTLLGILLSFLILI,JC,clash,,,,,,,,,,,,,,,,,,,,,,,,,,,,,Mutant,clash
LLLALLLGTLLGILLSFLILI,LLLALLLGTLLGILLIFLILI,JC,clash,,,,,,,,,,,,,,,,,,,,,,,,,,,,,Mutant,clash
LLLALLLGTLLGILLSFLILI,LLLALLLITLLGILLSFLILI,JC,clash,,,,,,,,,,,,,,,,,,,,,,,,,,,,,Mutant,clash
LLLALLLGTLLGILLSFLILI,LLLALLLGTLLLILLSFLILI,JC,clash,,,,,,,,,,,,,,,,,,,,,,,,,,,,,Mutant,clash
LLLALLLGTLLGILLSFLILI,LLLALLLGTLLGILLLFLILI,JC,clash,,,,,,,,,,,,,,,,,,,,,,,,,,,,,Mutant,clash
LLLALLLGTLLGLLLGFLILI,LLLLLLLGTLLGLLLGFLILI,JC,clash,,,,,,,,,,,,,,,,,,,,,,,,,,,,,Mutant,clash
LLLALLLGTLLGLLLGFLILI,LLLALLLGTLLLLLLGFLILI,JC,clash,,,,,,,,,,,,,,,,,,,,,,,,,,,,,Mutant,clash
LLLALLLGTLLGLLLGFLILI,LLLALLLGTLLGLLLLFLILI,JC,clash,,,,,,,,,,,,,,,,,,,,,,,,,,,,,Mutant,clash
LLLALLLGTLLGLLLGFLILI,LLLILLLGTLLGLLLGFLILI,JC,clash,,,,,,,,,,,,,,,,,,,,,,,,,,,,,Mutant,clash
LLLALLLGTLLGLLLGFLILI,LLLALLLGTLLGLLLIFLILI,JC,clash,,,,,,,,,,,,,,,,,,,,,,,,,,,,,Mutant,clash
LLLALLLGTLLGLLLGFLILI,LLLALLLITLLGLLLGFLILI,JC,clash,,,,,,,,,,,,,,,,,,,,,,,,,,,,,Mutant,clash
LLLALLLGTLLGLLLGFLILI,LLLALLLLTLLGLLLGFLILI,JC,clash,,,,,,,,,,,,,,,,,,,,,,,,,,,,,Mutant,clash
LLLALLLGTLLGLLLGFLILI,LLLALLLGTLLILLLGFLILI,JC,clash,,,,,,,,,,,,,,,,,,,,,,,,,,,,,Mutant,clash
LLLALLLGTLLGYLLGFLILI,LLLALLLLTLLGYLLGFLILI,JC,clash,,,,,,,,,,,,,,,,,,,,,,,,,,,,,Mutant,clash
LLLALLLGTLLGYLLGFLILI,LLLLLLLGTLLGYLLGFLILI,JC,clash,,,,,,,,,,,,,,,,,,,,,,,,,,,,,Mutant,clash
LLLALLLGTLLGYLLGFLILI,LLLALLLGTLLIYLLGFLILI,JC,clash,,,,,,,,,,,,,,,,,,,,,,,,,,,,,Mutant,clash
LLLALLLGTLLGYLLGFLILI,LLLALLLGTLLGYLLLFLILI,JC,clash,,,,,,,,,,,,,,,,,,,,,,,,,,,,,Mutant,clash
LLLALLLGTLLGYLLGFLILI,LLLALLLGTLLLYLLGFLILI,JC,clash,,,,,,,,,,,,,,,,,,,,,,,,,,,,,Mutant,clash
LLLALLLGTLLGYLLGFLILI,LLLALLLITLLGYLLGFLILI,JC,clash,,,,,,,,,,,,,,,,,,,,,,,,,,,,,Mutant,clash
LLLALLLGTLLGYLLGFLILI,LLLALLLGTLLGYLLIFLILI,JC,clash,,,,,,,,,,,,,,,,,,,,,,,,,,,,,Mutant,clash
LLLALLLGTLLGYLLGFLILI,LLLILLLGTLLGYLLGFLILI,JC,clash,,,,,,,,,,,,,,,,,,,,,,,,,,,,,Mutant,clash
LLLALLLGVLLGFLLGTLILI,LLLALLLGVLLIFLLGTLILI,JC,clash,,,,,,,,,,,,,,,,,,,,,,,,,,,,,Mutant,clash
LLLATLLGILLGLLLGFLILI,LLLATLLGILLILLLGFLILI,JC,clash,,,,,,,,,,,,,,,,,,,,,,,,,,,,,Mutant,clash
LLLAVLLFLLLGLLLGTLILI,LLLAVLLFLLLGLLLLTLILI,JC,clash,,,,,,,,,,,,,,,,,,,,,,,,,,,,,Mutant,clash
LLLAVLLFLLLGLLLGTLILI,LLLAVLLFLLLILLLGTLILI,JC,clash,,,,,,,,,,,,,,,,,,,,,,,,,,,,,Mutant,clash
LLLAVLLFLLLGLLLGTLILI,LLLAVLLFLLLLLLLGTLILI,JC,clash,,,,,,,,,,,,,,,,,,,,,,,,,,,,,Mutant,clash
LLLAVLLFLLLGLLLGTLILI,LLLAVLLFLLLGLLLITLILI,JC,clash,,,,,,,,,,,,,,,,,,,,,,,,,,,,,Mutant,clash
LLLAVLLFSLLGTLLGYLILI,LLLAVLLFSLLITLLGYLILI,JC,clash,,,,,,,,,,,,,,,,,,,,,,,,,,,,,Mutant,clash
LLLAVLLFSLLGTLLGYLILI,LLLAVLLFSLLGTLLIYLILI,JC,clash,,,,,,,,,,,,,,,,,,,,,,,,,,,,,Mutant,clash
LLLAVLLFSLLGTLLGYLILI,LLLAVLLFSLLGTLLLYLILI,JC,clash,,,,,,,,,,,,,,,,,,,,,,,,,,,,,Mutant,clash
LLLAVLLFSLLGTLLGYLILI,LLLAVLLFSLLLTLLGYLILI,JC,clash,,,,,,,,,,,,,,,,,,,,,,,,,,,,,Mutant,clash
LLLAVLLGFLLGLLLGTLILI,LLLAVLLGFLLILLLGTLILI,JC,clash,,,,,,,,,,,,,,,,,,,,,,,,,,,,,Mutant,clash
LLLAVLLGFLLGTLLGLLILI,LLLIVLLGFLLGTLLGLLILI,JC,clash,,,,,,,,,,,,,,,,,,,,,,,,,,,,,Mutant,clash
LLLAVLLGFLLGTLLGLLILI,LLLAVLLGFLLLTLLGLLILI,JC,clash,,,,,,,,,,,,,,,,,,,,,,,,,,,,,Mutant,clash
LLLAVLLGFLLGTLLGLLILI,LLLAVLLGFLLITLLGLLILI,JC,clash,,,,,,,,,,,,,,,,,,,,,,,,,,,,,Mutant,clash
LLLAVLLGFLLGTLLGLLILI,LLLAVLLIFLLGTLLGLLILI,JC,clash,,,,,,,,,,,,,,,,,,,,,,,,,,,,,Mutant,clash
LLLAVLLGFLLGTLLGLLILI,LLLAVLLGFLLGTLLLLLILI,JC,clash,,,,,,,,,,,,,,,,,,,,,,,,,,,,,Mutant,clash
LLLAVLLGFLLGTLLGLLILI,LLLLVLLGFLLGTLLGLLILI,JC,clash,,,,,,,,,,,,,,,,,,,,,,,,,,,,,Mutant,clash
LLLAVLLGFLLGTLLGLLILI,LLLAVLLLFLLGTLLGLLILI,JC,clash,,,,,,,,,,,,,,,,,,,,,,,,,,,,,Mutant,clash
LLLAVLLGFLLGTLLGLLILI,LLLAVLLGFLLGTLLILLILI,JC,clash,,,,,,,,,,,,,,,,,,,,,,,,,,,,,Mutant,clash
LLLAVLLGILLGLLLGFLILI,LLLAVLLGILLLLLLGFLILI,JC,clash,,,,,,,,,,,,,,,,,,,,,,,,,,,,,Mutant,clash
LLLAVLLGILLGLLLGFLILI,LLLAVLLLILLGLLLGFLILI,JC,clash,,,,,,,,,,,,,,,,,,,,,,,,,,,,,Mutant,clash
LLLAVLLGLLLGFLLGTLILI,LLLAVLLLLLLGFLLGTLILI,JC,clash,,,,,,,,,,,,,,,,,,,,,,,,,,,,,Mutant,clash
LLLAVLLGLLLGFLLGTLILI,LLLAVLLGLLLLFLLGTLILI,JC,clash,,,,,,,,,,,,,,,,,,,,,,,,,,,,,Mutant,clash
LLLAVLLGLLLGFLLGTLILI,LLLAVLLILLLGFLLGTLILI,JC,clash,,,,,,,,,,,,,,,,,,,,,,,,,,,,,Mutant,clash
LLLAVLLGLLLGFLLGTLILI,LLLLVLLGLLLGFLLGTLILI,JC,clash,,,,,,,,,,,,,,,,,,,,,,,,,,,,,Mutant,clash
LLLAVLLGLLLGFLLGTLILI,LLLAVLLGLLLGFLLLTLILI,JC,clash,,,,,,,,,,,,,,,,,,,,,,,,,,,,,Mutant,clash
LLLAVLLGLLLGFLLGTLILI,LLLAVLLGLLLIFLLGTLILI,JC,clash,,,,,,,,,,,,,,,,,,,,,,,,,,,,,Mutant,clash
LLLAVLLGLLLGFLLGTLILI,LLLIVLLGLLLGFLLGTLILI,JC,clash,,,,,,,,,,,,,,,,,,,,,,,,,,,,,Mutant,clash
LLLAVLLGLLLGFLLGTLILI,LLLAVLLGLLLGFLLITLILI,JC,clash,,,,,,,,,,,,,,,,,,,,,,,,,,,,,Mutant,clash
LLLAVLLGLLLGLLLGFLILI,LLLAVLLGLLLILLLGFLILI,JC,clash,,,,,,,,,,,,,,,,,,,,,,,,,,,,,Mutant,clash
LLLAVLLGLLLGLLLGFLILI,LLLAVLLILLLGLLLGFLILI,JC,clash,,,,,,,,,,,,,,,,,,,,,,,,,,,,,Mutant,clash
LLLAVLLGLLLGLLLGFLILI,LLLAVLLGLLLGLLLIFLILI,JC,clash,,,,,,,,,,,,,,,,,,,,,,,,,,,,,Mutant,clash
LLLAVLLGLLLGLLLGFLILI,LLLAVLLGLLLGLLLLFLILI,JC,clash,,,,,,,,,,,,,,,,,,,,,,,,,,,,,Mutant,clash
LLLAVLLGLLLGLLLGFLILI,LLLAVLLLLLLGLLLGFLILI,JC,clash,,,,,,,,,,,,,,,,,,,,,,,,,,,,,Mutant,clash
LLLAVLLGLLLGLLLGFLILI,LLLAVLLGLLLLLLLGFLILI,JC,clash,,,,,,,,,,,,,,,,,,,,,,,,,,,,,Mutant,clash
LLLAVLLGLLLGTLLGFLILI,LLLAVLLILLLGTLLGFLILI,JC,clash,,,,,,,,,,,,,,,,,,,,,,,,,,,,,Mutant,clash
LLLAVLLGLLLGTLLGFLILI,LLLAVLLGLLLLTLLGFLILI,JC,clash,,,,,,,,,,,,,,,,,,,,,,,,,,,,,Mutant,clash
LLLAVLLGLLLGTLLGFLILI,LLLAVLLGLLLGTLLLFLILI,JC,clash,,,,,,,,,,,,,,,,,,,,,,,,,,,,,Mutant,clash
LLLAVLLGLLLGTLLGFLILI,LLLIVLLGLLLGTLLGFLILI,JC,clash,,,,,,,,,,,,,,,,,,,,,,,,,,,,,Mutant,clash
LLLAVLLGLLLGTLLGFLILI,LLLAVLLLLLLGTLLGFLILI,JC,clash,,,,,,,,,,,,,,,,,,,,,,,,,,,,,Mutant,clash
LLLAVLLGLLLGTLLGFLILI,LLLAVLLGLLLITLLGFLILI,JC,clash,,,,,,,,,,,,,,,,,,,,,,,,,,,,,Mutant,clash
LLLAVLLGLLLGTLLGFLILI,LLLLVLLGLLLGTLLGFLILI,JC,clash,,,,,,,,,,,,,,,,,,,,,,,,,,,,,Mutant,clash
LLLAVLLGLLLGTLLGFLILI,LLLAVLLGLLLGTLLIFLILI,JC,clash,,,,,,,,,,,,,,,,,,,,,,,,,,,,,Mutant,clash
LLLAVLLGSLLGILLTLLILI,LLLAVLLGSLLIILLTLLILI,JC,clash,,,,,,,,,,,,,,,,,,,,,,,,,,,,,Mutant,clash
LLLAVLLGSLLGILLTLLILI,LLLAVLLISLLGILLTLLILI,JC,clash,,,,,,,,,,,,,,,,,,,,,,,,,,,,,Mutant,clash
LLLAVLLGSLLGILLTLLILI,LLLAVLLGSLLLILLTLLILI,JC,clash,,,,,,,,,,,,,,,,,,,,,,,,,,,,,Mutant,clash
LLLAVLLGSLLGILLTLLILI,LLLLVLLGSLLGILLTLLILI,JC,clash,,,,,,,,,,,,,,,,,,,,,,,,,,,,,Mutant,clash
LLLAVLLGSLLGILLTLLILI,LLLIVLLGSLLGILLTLLILI,JC,clash,,,,,,,,,,,,,,,,,,,,,,,,,,,,,Mutant,clash
LLLAVLLGSLLGILLTLLILI,LLLAVLLLSLLGILLTLLILI,JC,clash,,,,,,,,,,,,,,,,,,,,,,,,,,,,,Mutant,clash
LLLAVLLTTLLGALLGLLILI,LLLAVLLTTLLIALLGLLILI,JC,clash,,,,,,,,,,,,,,,,,,,,,,,,,,,,,Mutant,clash
LLLAVLLTTLLGALLGLLILI,LLLAVLLTTLLGALLLLLILI,JC,clash,,,,,,,,,,,,,,,,,,,,,,,,,,,,,Mutant,clash
LLLAVLLTTLLGALLGLLILI,LLLAVLLTTLLGALLILLILI,JC,clash,,,,,,,,,,,,,,,,,,,,,,,,,,,,,Mutant,clash
LLLAVLLTTLLGALLGLLILI,LLLAVLLTTLLLALLGLLILI,JC,clash,,,,,,,,,,,,,,,,,,,,,,,,,,,,,Mutant,clash
LLLAVLLYILLGLLLGTLILI,LLLAVLLYILLLLLLGTLILI,JC,clash,,,,,,,,,,,,,,,,,,,,,,,,,,,,,Mutant,clash
LLLAVLLYILLGLLLGTLILI,LLLAVLLYILLGLLLLTLILI,JC,clash,,,,,,,,,,,,,,,,,,,,,,,,,,,,,Mutant,clash
LLLAVLLYILLGLLLGTLILI,LLLAVLLYILLILLLGTLILI,JC,clash,,,,,,,,,,,,,,,,,,,,,,,,,,,,,Mutant,clash
LLLAVLLYILLGLLLGTLILI,LLLAVLLYILLGLLLITLILI,JC,clash,,,,,,,,,,,,,,,,,,,,,,,,,,,,,Mutant,clash
LLLAVLLYTLLGGLLALLILI,LLLAVLLYTLLGGLLLLLILI,JC,clash,,,,,,,,,,,,,,,,,,,,,,,,,,,,,Mutant,clash
LLLAVLLYTLLGGLLALLILI,LLLAVLLYTLLIGLLALLILI,JC,clash,,,,,,,,,,,,,,,,,,,,,,,,,,,,,Mutant,clash
LLLAVLLYTLLGGLLALLILI,LLLAVLLYTLLGGLLILLILI,JC,clash,,,,,,,,,,,,,,,,,,,,,,,,,,,,,Mutant,clash
LLLAVLLYTLLGGLLALLILI,LLLAVLLYTLLLGLLALLILI,JC,clash,,,,,,,,,,,,,,,,,,,,,,,,,,,,,Mutant,clash
LLLAVLLYTLLGLLLGFLILI,LLLAVLLYTLLLLLLGFLILI,JC,clash,,,,,,,,,,,,,,,,,,,,,,,,,,,,,Mutant,clash
LLLAVLLYTLLGLLLGFLILI,LLLAVLLYTLLILLLGFLILI,JC,clash,,,,,,,,,,,,,,,,,,,,,,,,,,,,,Mutant,clash
LLLAVLLYTLLGLLLGFLILI,LLLAVLLYTLLGLLLIFLILI,JC,clash,,,,,,,,,,,,,,,,,,,,,,,,,,,,,Mutant,clash
LLLAVLLYTLLGLLLGFLILI,LLLAVLLYTLLGLLLLFLILI,JC,clash,,,,,,,,,,,,,,,,,,,,,,,,,,,,,Mutant,clash
LLLAYLLFTLLGALLGLLILI,LLLAYLLFTLLGALLILLILI,JC,clash,,,,,,,,,,,,,,,,,,,,,,,,,,,,,Mutant,clash
LLLAYLLFTLLGALLGLLILI,LLLAYLLFTLLGALLLLLILI,JC,clash,,,,,,,,,,,,,,,,,,,,,,,,,,,,,Mutant,clash
LLLAYLLFTLLGALLGLLILI,LLLAYLLFTLLLALLGLLILI,JC,clash,,,,,,,,,,,,,,,,,,,,,,,,,,,,,Mutant,clash
LLLAYLLFTLLGALLGLLILI,LLLAYLLFTLLIALLGLLILI,JC,clash,,,,,,,,,,,,,,,,,,,,,,,,,,,,,Mutant,clash
LLLAYLLFTLLGSLLGLLILI,LLLAYLLFTLLGSLLILLILI,JC,clash,,,,,,,,,,,,,,,,,,,,,,,,,,,,,Mutant,clash
LLLAYLLFTLLGSLLGLLILI,LLLAYLLFTLLLSLLGLLILI,JC,clash,,,,,,,,,,,,,,,,,,,,,,,,,,,,,Mutant,clash
LLLAYLLFTLLGSLLGLLILI,LLLAYLLFTLLISLLGLLILI,JC,clash,,,,,,,,,,,,,,,,,,,,,,,,,,,,,Mutant,clash
LLLAYLLFTLLGSLLGLLILI,LLLAYLLFTLLGSLLLLLILI,JC,clash,,,,,,,,,,,,,,,,,,,,,,,,,,,,,Mutant,clash
LLLAYLLGTLLGFLLGLLILI,LLLAYLLITLLGFLLGLLILI,JC,clash,,,,,,,,,,,,,,,,,,,,,,,,,,,,,Mutant,clash
LLLAYLLGTLLGFLLGLLILI,LLLAYLLGTLLLFLLGLLILI,JC,clash,,,,,,,,,,,,,,,,,,,,,,,,,,,,,Mutant,clash
LLLAYLLGTLLGFLLGLLILI,LLLLYLLGTLLGFLLGLLILI,JC,clash,,,,,,,,,,,,,,,,,,,,,,,,,,,,,Mutant,clash
LLLAYLLGTLLGFLLGLLILI,LLLAYLLGTLLIFLLGLLILI,JC,clash,,,,,,,,,,,,,,,,,,,,,,,,,,,,,Mutant,clash
LLLAYLLGTLLGFLLGLLILI,LLLIYLLGTLLGFLLGLLILI,JC,clash,,,,,,,,,,,,,,,,,,,,,,,,,,,,,Mutant,clash
LLLAYLLGTLLGFLLGLLILI,LLLAYLLLTLLGFLLGLLILI,JC,clash,,,,,,,,,,,,,,,,,,,,,,,,,,,,,Mutant,clash
LLLAYLLGTLLGFLLGLLILI,LLLAYLLGTLLGFLLILLILI,JC,clash,,,,,,,,,,,,,,,,,,,,,,,,,,,,,Mutant,clash
LLLAYLLGTLLGFLLGLLILI,LLLAYLLGTLLGFLLLLLILI,JC,clash,,,,,,,,,,,,,,,,,,,,,,,,,,,,,Mutant,clash
LLLAYLLGTLLGLLLAFLILI,LLLAYLLITLLGLLLAFLILI,JC,clash,,,,,,,,,,,,,,,,,,,,,,,,,,,,,Mutant,clash
LLLAYLLGTLLGLLLAFLILI,LLLAYLLLTLLGLLLAFLILI,JC,clash,,,,,,,,,,,,,,,,,,,,,,,,,,,,,Mutant,clash
LLLAYLLGTLLGLLLAFLILI,LLLAYLLGTLLLLLLAFLILI,JC,clash,,,,,,,,,,,,,,,,,,,,,,,,,,,,,Mutant,clash
LLLAYLLGTLLGLLLAFLILI,LLLIYLLGTLLGLLLAFLILI,JC,clash,,,,,,,,,,,,,,,,,,,,,,,,,,,,,Mutant,clash
LLLAYLLGTLLGLLLAFLILI,LLLAYLLGTLLILLLAFLILI,JC,clash,,,,,,,,,,,,,,,,,,,,,,,,,,,,,Mutant,clash
LLLAYLLGTLLGLLLAFLILI,LLLLYLLGTLLGLLLAFLILI,JC,clash,,,,,,,,,,,,,,,,,,,,,,,,,,,,,Mutant,clash
LLLAYLLGTLLGLLLGFLILI,LLLLYLLGTLLGLLLGFLILI,JC,clash,,,,,,,,,,,,,,,,,,,,,,,,,,,,,Mutant,clash
LLLAYLLGTLLGLLLGFLILI,LLLIYLLGTLLGLLLGFLILI,JC,clash,,,,,,,,,,,,,,,,,,,,,,,,,,,,,Mutant,clash
LLLAYLLGTLLGLLLGFLILI,LLLAYLLLTLLGLLLGFLILI,JC,clash,,,,,,,,,,,,,,,,,,,,,,,,,,,,,Mutant,clash
LLLAYLLGTLLGLLLGFLILI,LLLAYLLGTLLGLLLLFLILI,JC,clash,,,,,,,,,,,,,,,,,,,,,,,,,,,,,Mutant,clash
LLLAYLLGTLLGLLLGFLILI,LLLAYLLGTLLLLLLGFLILI,JC,clash,,,,,,,,,,,,,,,,,,,,,,,,,,,,,Mutant,clash
LLLAYLLGTLLGLLLGFLILI,LLLAYLLGTLLGLLLIFLILI,JC,clash,,,,,,,,,,,,,,,,,,,,,,,,,,,,,Mutant,clash
LLLAYLLGTLLGVLLGLLILI,LLLAYLLGTLLIVLLGLLILI,JC,clash,,,,,,,,,,,,,,,,,,,,,,,,,,,,,Mutant,clash
LLLAYLLGTLLGVLLGLLILI,LLLAYLLGTLLLVLLGLLILI,JC,clash,,,,,,,,,,,,,,,,,,,,,,,,,,,,,Mutant,clash
LLLAYLLGTLLGVLLGLLILI,LLLAYLLGTLLGVLLILLILI,JC,clash,,,,,,,,,,,,,,,,,,,,,,,,,,,,,Mutant,clash
LLLAYLLGTLLGVLLGLLILI,LLLLYLLGTLLGVLLGLLILI,JC,clash,,,,,,,,,,,,,,,,,,,,,,,,,,,,,Mutant,clash
LLLAYLLGTLLGVLLGLLILI,LLLAYLLITLLGVLLGLLILI,JC,clash,,,,,,,,,,,,,,,,,,,,,,,,,,,,,Mutant,clash
LLLAYLLGTLLGVLLGLLILI,LLLIYLLGTLLGVLLGLLILI,JC,clash,,,,,,,,,,,,,,,,,,,,,,,,,,,,,Mutant,clash
LLLAYLLGTLLGVLLGLLILI,LLLAYLLLTLLGVLLGLLILI,JC,clash,,,,,,,,,,,,,,,,,,,,,,,,,,,,,Mutant,clash
LLLAYLLGTLLGVLLGLLILI,LLLAYLLGTLLGVLLLLLILI,JC,clash,,,,,,,,,,,,,,,,,,,,,,,,,,,,,Mutant,clash
LLLAYLLLTLLGGLLSFLILI,LLLAYLLLTLLGGLLIFLILI,JC,clash,,,,,,,,,,,,,,,,,,,,,,,,,,,,,Mutant,clash
LLLAYLLLTLLGGLLSFLILI,LLLAYLLLTLLIGLLSFLILI,JC,clash,,,,,,,,,,,,,,,,,,,,,,,,,,,,,Mutant,clash
LLLAYLLLTLLGGLLSFLILI,LLLAYLLLTLLLGLLSFLILI,JC,clash,,,,,,,,,,,,,,,,,,,,,,,,,,,,,Mutant,clash
LLLAYLLLTLLGGLLSFLILI,LLLAYLLLTLLGGLLLFLILI,JC,clash,,,,,,,,,,,,,,,,,,,,,,,,,,,,,Mutant,clash
LLLAYLLSTLLGGLLFLLILI,LLLIYLLSTLLGGLLFLLILI,JC,clash,,,,,,,,,,,,,,,,,,,,,,,,,,,,,Mutant,clash
LLLAYLLSTLLGGLLFLLILI,LLLAYLLITLLGGLLFLLILI,JC,clash,,,,,,,,,,,,,,,,,,,,,,,,,,,,,Mutant,clash
LLLAYLLSTLLGGLLFLLILI,LLLLYLLSTLLGGLLFLLILI,JC,clash,,,,,,,,,,,,,,,,,,,,,,,,,,,,,Mutant,clash
LLLAYLLSTLLGGLLFLLILI,LLLAYLLSTLLIGLLFLLILI,JC,clash,,,,,,,,,,,,,,,,,,,,,,,,,,,,,Mutant,clash
LLLAYLLSTLLGGLLFLLILI,LLLAYLLLTLLGGLLFLLILI,JC,clash,,,,,,,,,,,,,,,,,,,,,,,,,,,,,Mutant,clash
LLLAYLLSTLLGGLLFLLILI,LLLAYLLSTLLLGLLFLLILI,JC,clash,,,,,,,,,,,,,,,,,,,,,,,,,,,,,Mutant,clash
LLLFGLLASLLGILLTLLILI,LLLFGLLLSLLGILLTLLILI,JC,clash,,,,,,,,,,,,,,,,,,,,,,,,,,,,,Mutant,clash
LLLFGLLASLLGILLTLLILI,LLLFGLLASLLLILLTLLILI,JC,clash,,,,,,,,,,,,,,,,,,,,,,,,,,,,,Mutant,clash
LLLFGLLASLLGILLTLLILI,LLLFLLLASLLGILLTLLILI,JC,clash,,,,,,,,,,,,,,,,,,,,,,,,,,,,,Mutant,clash
LLLFGLLASLLGILLTLLILI,LLLFGLLASLLIILLTLLILI,JC,clash,,,,,,,,,,,,,,,,,,,,,,,,,,,,,Mutant,clash
LLLFGLLASLLGILLTLLILI,LLLFGLLAILLGILLTLLILI,JC,clash,,,,,,,,,,,,,,,,,,,,,,,,,,,,,Mutant,clash
LLLFGLLASLLGILLTLLILI,LLLFILLASLLGILLTLLILI,JC,clash,,,,,,,,,,,,,,,,,,,,,,,,,,,,,Mutant,clash
LLLFGLLASLLGILLTLLILI,LLLFGLLISLLGILLTLLILI,JC,clash,,,,,,,,,,,,,,,,,,,,,,,,,,,,,Mutant,clash
LLLFGLLASLLGILLTLLILI,LLLFGLLALLLGILLTLLILI,JC,clash,,,,,,,,,,,,,,,,,,,,,,,,,,,,,Mutant,clash
LLLFLLLGILLGTLLAYLILI,LLLFLLLGILLGTLLIYLILI,JC,clash,,,,,,,,,,,,,,,,,,,,,,,,,,,,,Mutant,clash
LLLFLLLGILLGTLLAYLILI,LLLFLLLIILLGTLLAYLILI,JC,clash,,,,,,,,,,,,,,,,,,,,,,,,,,,,,Mutant,clash
LLLFLLLGILLGTLLAYLILI,LLLFLLLGILLGTLLLYLILI,JC,clash,,,,,,,,,,,,,,,,,,,,,,,,,,,,,Mutant,clash
LLLFLLLGILLGTLLAYLILI,LLLFLLLGILLITLLAYLILI,JC,clash,,,,,,,,,,,,,,,,,,,,,,,,,,,,,Mutant,clash
LLLFLLLGILLGTLLAYLILI,LLLFLLLGILLLTLLAYLILI,JC,clash,,,,,,,,,,,,,,,,,,,,,,,,,,,,,Mutant,clash
LLLFLLLGILLGTLLAYLILI,LLLFLLLLILLGTLLAYLILI,JC,clash,,,,,,,,,,,,,,,,,,,,,,,,,,,,,Mutant,clash
LLLFLLLGTLLGILLAVLILI,LLLFLLLGTLLGILLLVLILI,JC,clash,,,,,,,,,,,,,,,,,,,,,,,,,,,,,Mutant,clash
LLLFLLLGTLLGILLAVLILI,LLLFLLLGTLLGILLIVLILI,JC,clash,,,,,,,,,,,,,,,,,,,,,,,,,,,,,Mutant,clash
LLLFLLLGTLLGILLAVLILI,LLLFLLLGTLLIILLAVLILI,JC,clash,,,,,,,,,,,,,,,,,,,,,,,,,,,,,Mutant,clash
LLLFLLLGTLLGILLAVLILI,LLLFLLLLTLLGILLAVLILI,JC,clash,,,,,,,,,,,,,,,,,,,,,,,,,,,,,Mutant,clash
LLLFLLLGTLLGILLAVLILI,LLLFLLLGTLLLILLAVLILI,JC,clash,,,,,,,,,,,,,,,,,,,,,,,,,,,,,Mutant,clash
LLLFLLLGTLLGILLAVLILI,LLLFLLLITLLGILLAVLILI,JC,clash,,,,,,,,,,,,,,,,,,,,,,,,,,,,,Mutant,clash
LLLFVLLILLLGALLGTLILI,LLLFVLLILLLLALLGTLILI,JC,clash,,,,,,,,,,,,,,,,,,,,,,,,,,,,,Mutant,clash
LLLFVLLTLLLGLLLGALILI,LLLFVLLTLLLLLLLGALILI,JC,clash,,,,,,,,,,,,,,,,,,,,,,,,,,,,,Mutant,clash
LLLFVLLTLLLGLLLGALILI,LLLFVLLTLLLGLLLLALILI,JC,clash,,,,,,,,,,,,,,,,,,,,,,,,,,,,,Mutant,clash
LLLFVLLTLLLGLLLGALILI,LLLFVLLTLLLGLLLIALILI,JC,clash,,,,,,,,,,,,,,,,,,,,,,,,,,,,,Mutant,clash
LLLFVLLTLLLGLLLGALILI,LLLFVLLTLLLILLLGALILI,JC,clash,,,,,,,,,,,,,,,,,,,,,,,,,,,,,Mutant,clash
LLLFYLLGTLLGILLALLILI,LLLFYLLGTLLIILLALLILI,JC,clash,,,,,,,,,,,,,,,,,,,,,,,,,,,,,Mutant,clash
LLLFYLLGTLLGILLALLILI,LLLFYLLGTLLGILLLLLILI,JC,clash,,,,,,,,,,,,,,,,,,,,,,,,,,,,,Mutant,clash
LLLFYLLGTLLGILLALLILI,LLLFYLLITLLGILLALLILI,JC,clash,,,,,,,,,,,,,,,,,,,,,,,,,,,,,Mutant,clash
LLLFYLLGTLLGILLALLILI,LLLFYLLGTLLLILLALLILI,JC,clash,,,,,,,,,,,,,,,,,,,,,,,,,,,,,Mutant,clash
LLLFYLLGTLLGILLALLILI,LLLFYLLGTLLGILLILLILI,JC,clash,,,,,,,,,,,,,,,,,,,,,,,,,,,,,Mutant,clash
LLLFYLLGTLLGILLALLILI,LLLFYLLLTLLGILLALLILI,JC,clash,,,,,,,,,,,,,,,,,,,,,,,,,,,,,Mutant,clash
LLLFYLLGTLLGVLLALLILI,LLLFYLLLTLLGVLLALLILI,JC,clash,,,,,,,,,,,,,,,,,,,,,,,,,,,,,Mutant,clash
LLLFYLLGTLLGVLLALLILI,LLLFYLLGTLLGVLLILLILI,JC,clash,,,,,,,,,,,,,,,,,,,,,,,,,,,,,Mutant,clash
LLLFYLLGTLLGVLLALLILI,LLLFYLLGTLLLVLLALLILI,JC,clash,,,,,,,,,,,,,,,,,,,,,,,,,,,,,Mutant,clash
LLLFYLLGTLLGVLLALLILI,LLLFYLLITLLGVLLALLILI,JC,clash,,,,,,,,,,,,,,,,,,,,,,,,,,,,,Mutant,clash
LLLFYLLGTLLGVLLALLILI,LLLFYLLGTLLIVLLALLILI,JC,clash,,,,,,,,,,,,,,,,,,,,,,,,,,,,,Mutant,clash
LLLFYLLGTLLGVLLALLILI,LLLFYLLGTLLGVLLLLLILI,JC,clash,,,,,,,,,,,,,,,,,,,,,,,,,,,,,Mutant,clash
LLLFYLLLILLGALLGTLILI,LLLFYLLLILLGALLLTLILI,JC,clash,,,,,,,,,,,,,,,,,,,,,,,,,,,,,Mutant,clash
LLLFYLLLTLLGALLGILILI,LLLFYLLLTLLGALLIILILI,JC,clash,,,,,,,,,,,,,,,,,,,,,,,,,,,,,Mutant,clash
LLLFYLLLTLLGALLGILILI,LLLFYLLLTLLLALLGILILI,JC,clash,,,,,,,,,,,,,,,,,,,,,,,,,,,,,Mutant,clash
LLLFYLLLTLLGALLGILILI,LLLFYLLLTLLIALLGILILI,JC,clash,,,,,,,,,,,,,,,,,,,,,,,,,,,,,Mutant,clash
LLLFYLLLTLLGALLGILILI,LLLFYLLLTLLGALLLILILI,JC,clash,,,,,,,,,,,,,,,,,,,,,,,,,,,,,Mutant,clash
LLLFYLLLTLLGALLGWLILI,LLLFYLLLTLLIALLGWLILI,JC,clash,,,,,,,,,,,,,,,,,,,,,,,,,,,,,Mutant,clash
LLLFYLLLTLLGALLGWLILI,LLLFYLLLTLLLALLGWLILI,JC,clash,,,,,,,,,,,,,,,,,,,,,,,,,,,,,Mutant,clash
LLLFYLLLTLLGALLGWLILI,LLLFYLLLTLLGALLLWLILI,JC,clash,,,,,,,,,,,,,,,,,,,,,,,,,,,,,Mutant,clash
LLLFYLLLTLLGALLGWLILI,LLLFYLLLTLLGALLIWLILI,JC,clash,,,,,,,,,,,,,,,,,,,,,,,,,,,,,Mutant,clash
LLLFYLLLTLLGGLLAILILI,LLLFYLLLTLLGGLLLILILI,JC,clash,,,,,,,,,,,,,,,,,,,,,,,,,,,,,Mutant,clash
LLLFYLLLTLLGGLLAILILI,LLLFYLLLTLLLGLLAILILI,JC,clash,,,,,,,,,,,,,,,,,,,,,,,,,,,,,Mutant,clash
LLLFYLLLTLLGGLLAILILI,LLLFYLLLTLLGGLLIILILI,JC,clash,,,,,,,,,,,,,,,,,,,,,,,,,,,,,Mutant,clash
LLLFYLLLTLLGGLLAILILI,LLLFYLLLTLLIGLLAILILI,JC,clash,,,,,,,,,,,,,,,,,,,,,,,,,,,,,Mutant,clash
LLLFYLLVALLGLLLGTLILI,LLLFYLLVALLLLLLGTLILI,JC,clash,,,,,,,,,,,,,,,,,,,,,,,,,,,,,Mutant,clash
LLLFYLLVALLGLLLGTLILI,LLLFYLLVALLGLLLITLILI,JC,clash,,,,,,,,,,,,,,,,,,,,,,,,,,,,,Mutant,clash
LLLFYLLVALLGLLLGTLILI,LLLFYLLVALLGLLLLTLILI,JC,clash,,,,,,,,,,,,,,,,,,,,,,,,,,,,,Mutant,clash
LLLFYLLVALLGLLLGTLILI,LLLFYLLVALLILLLGTLILI,JC,clash,,,,,,,,,,,,,,,,,,,,,,,,,,,,,Mutant,clash
LLLGYLLAALLGILLTLLILI,LLLGYLLLALLGILLTLLILI,JC,clash,,,,,,,,,,,,,,,,,,,,,,,,,,,,,Mutant,clash
LLLGYLLAALLGILLTLLILI,LLLGYLLAALLLILLTLLILI,JC,clash,,,,,,,,,,,,,,,,,,,,,,,,,,,,,Mutant,clash
LLLGYLLAALLGILLTLLILI,LLLGYLLAALLIILLTLLILI,JC,clash,,,,,,,,,,,,,,,,,,,,,,,,,,,,,Mutant,clash
LLLGYLLAALLGILLTLLILI,LLLLYLLAALLGILLTLLILI,JC,clash,,,,,,,,,,,,,,,,,,,,,,,,,,,,,Mutant,clash
LLLGYLLAALLGILLTLLILI,LLLIYLLAALLGILLTLLILI,JC,clash,,,,,,,,,,,,,,,,,,,,,,,,,,,,,Mutant,clash
LLLGYLLAALLGILLTLLILI,LLLGYLLIALLGILLTLLILI,JC,clash,,,,,,,,,,,,,,,,,,,,,,,,,,,,,Mutant,clash
LLLGYLLAALLGTLLFLLILI,LLLGYLLAALLLTLLFLLILI,JC,clash,,,,,,,,,,,,,,,,,,,,,,,,,,,,,Mutant,clash
LLLGYLLALLLGSLLAFLILI,LLLGYLLALLLGSLLIFLILI,JC,clash,,,,,,,,,,,,,,,,,,,,,,,,,,,,,Mutant,clash
LLLGYLLALLLGSLLAFLILI,LLLLYLLALLLGSLLAFLILI,JC,clash,,,,,,,,,,,,,,,,,,,,,,,,,,,,,Mutant,clash
LLLGYLLALLLGSLLAFLILI,LLLGYLLALLLLSLLAFLILI,JC,clash,,,,,,,,,,,,,,,,,,,,,,,,,,,,,Mutant,clash
LLLGYLLALLLGSLLAFLILI,LLLGYLLALLLISLLAFLILI,JC,clash,,,,,,,,,,,,,,,,,,,,,,,,,,,,,Mutant,clash
LLLGYLLALLLGSLLAFLILI,LLLIYLLALLLGSLLAFLILI,JC,clash,,,,,,,,,,,,,,,,,,,,,,,,,,,,,Mutant,clash
LLLGYLLALLLGSLLAFLILI,LLLGYLLALLLGSLLLFLILI,JC,clash,,,,,,,,,,,,,,,,,,,,,,,,,,,,,Mutant,clash
LLLGYLLASLLGILLALLILI,LLLGYLLASLLGILLILLILI,JC,clash,,,,,,,,,,,,,,,,,,,,,,,,,,,,,Mutant,clash
LLLGYLLASLLGILLALLILI,LLLIYLLASLLGILLALLILI,JC,clash,,,,,,,,,,,,,,,,,,,,,,,,,,,,,Mutant,clash
LLLGYLLASLLGILLALLILI,LLLLYLLASLLGILLALLILI,JC,clash,,,,,,,,,,,,,,,,,,,,,,,,,,,,,Mutant,clash
LLLGYLLASLLGILLALLILI,LLLGYLLLSLLGILLALLILI,JC,clash,,,,,,,,,,,,,,,,,,,,,,,,,,,,,Mutant,clash
LLLGYLLASLLGILLALLILI,LLLGYLLISLLGILLALLILI,JC,clash,,,,,,,,,,,,,,,,,,,,,,,,,,,,,Mutant,clash
LLLGYLLASLLGILLALLILI,LLLGYLLASLLIILLALLILI,JC,clash,,,,,,,,,,,,,,,,,,,,,,,,,,,,,Mutant,clash
LLLGYLLASLLGILLALLILI,LLLGYLLASLLGILLLLLILI,JC,clash,,,,,,,,,,,,,,,,,,,,,,,,,,,,,Mutant,clash
LLLGYLLASLLGILLALLILI,LLLGYLLASLLLILLALLILI,JC,clash,,,,,,,,,,,,,,,,,,,,,,,,,,,,,Mutant,clash
LLLGYLLASLLGILLTLLILI,LLLGYLLASLLIILLTLLILI,JC,clash,,,,,,,,,,,,,,,,,,,,,,,,,,,,,Mutant,clash
LLLGYLLASLLGILLTLLILI,LLLLYLLASLLGILLTLLILI,JC,clash,,,,,,,,,,,,,,,,,,,,,,,,,,,,,Mutant,clash
LLLGYLLASLLGILLTLLILI,LLLGYLLASLLLILLTLLILI,JC,clash,,,,,,,,,,,,,,,,,,,,,,,,,,,,,Mutant,clash
LLLGYLLASLLGILLTLLILI,LLLGYLLLSLLGILLTLLILI,JC,clash,,,,,,,,,,,,,,,,,,,,,,,,,,,,,Mutant,clash
LLLGYLLASLLGILLTLLILI,LLLIYLLASLLGILLTLLILI,JC,clash,,,,,,,,,,,,,,,,,,,,,,,,,,,,,Mutant,clash
LLLGYLLASLLGILLTLLILI,LLLGYLLISLLGILLTLLILI,JC,clash,,,,,,,,,,,,,,,,,,,,,,,,,,,,,Mutant,clash
LLLGYLLATLLGFLLSLLILI,LLLLYLLATLLGFLLSLLILI,JC,clash,,,,,,,,,,,,,,,,,,,,,,,,,,,,,Mutant,clash
LLLGYLLATLLGFLLSLLILI,LLLGYLLATLLGFLLLLLILI,JC,clash,,,,,,,,,,,,,,,,,,,,,,,,,,,,,Mutant,clash
LLLGYLLATLLGFLLSLLILI,LLLGYLLITLLGFLLSLLILI,JC,clash,,,,,,,,,,,,,,,,,,,,,,,,,,,,,Mutant,clash
LLLGYLLATLLGFLLSLLILI,LLLGYLLLTLLGFLLSLLILI,JC,clash,,,,,,,,,,,,,,,,,,,,,,,,,,,,,Mutant,clash
LLLGYLLATLLGFLLSLLILI,LLLGYLLATLLLFLLSLLILI,JC,clash,,,,,,,,,,,,,,,,,,,,,,,,,,,,,Mutant,clash
LLLGYLLATLLGFLLSLLILI,LLLGYLLATLLIFLLSLLILI,JC,clash,,,,,,,,,,,,,,,,,,,,,,,,,,,,,Mutant,clash
LLLGYLLATLLGFLLSLLILI,LLLIYLLATLLGFLLSLLILI,JC,clash,,,,,,,,,,,,,,,,,,,,,,,,,,,,,Mutant,clash
LLLGYLLATLLGFLLSLLILI,LLLGYLLATLLGFLLILLILI,JC,clash,,,,,,,,,,,,,,,,,,,,,,,,,,,,,Mutant,clash
LLLGYLLATLLGILLSLLILI,LLLGYLLATLLLILLSLLILI,JC,clash,,,,,,,,,,,,,,,,,,,,,,,,,,,,,Mutant,clash
LLLGYLLATLLGILLSLLILI,LLLGYLLATLLGILLLLLILI,JC,clash,,,,,,,,,,,,,,,,,,,,,,,,,,,,,Mutant,clash
LLLGYLLATLLGILLSLLILI,LLLGYLLITLLGILLSLLILI,JC,clash,,,,,,,,,,,,,,,,,,,,,,,,,,,,,Mutant,clash
LLLGYLLATLLGILLSLLILI,LLLLYLLATLLGILLSLLILI,JC,clash,,,,,,,,,,,,,,,,,,,,,,,,,,,,,Mutant,clash
LLLGYLLATLLGILLSLLILI,LLLIYLLATLLGILLSLLILI,JC,clash,,,,,,,,,,,,,,,,,,,,,,,,,,,,,Mutant,clash
LLLGYLLATLLGILLSLLILI,LLLGYLLLTLLGILLSLLILI,JC,clash,,,,,,,,,,,,,,,,,,,,,,,,,,,,,Mutant,clash
LLLGYLLFALLGVLLSLLILI,LLLGYLLFALLIVLLSLLILI,JC,clash,,,,,,,,,,,,,,,,,,,,,,,,,,,,,Mutant,clash
LLLGYLLFALLGVLLSLLILI,LLLGYLLFALLGVLLLLLILI,JC,clash,,,,,,,,,,,,,,,,,,,,,,,,,,,,,Mutant,clash
LLLGYLLFALLGVLLSLLILI,LLLGYLLFALLLVLLSLLILI,JC,clash,,,,,,,,,,,,,,,,,,,,,,,,,,,,,Mutant,clash
LLLGYLLFALLGVLLSLLILI,LLLGYLLFALLGVLLILLILI,JC,clash,,,,,,,,,,,,,,,,,,,,,,,,,,,,,Mutant,clash
LLLLFLLATLLGILLAVLILI,LLLLFLLATLLIILLAVLILI,JC,clash,,,,,,,,,,,,,,,,,,,,,,,,,,,,,Mutant,clash
LLLLFLLATLLGILLAVLILI,LLLLFLLATLLGILLIVLILI,JC,clash,,,,,,,,,,,,,,,,,,,,,,,,,,,,,Mutant,clash
LLLLFLLATLLGILLAVLILI,LLLLFLLATLLLILLAVLILI,JC,clash,,,,,,,,,,,,,,,,,,,,,,,,,,,,,Mutant,clash
LLLLFLLATLLGILLAVLILI,LLLLFLLATLLGILLLVLILI,JC,clash,,,,,,,,,,,,,,,,,,,,,,,,,,,,,Mutant,clash
LLLLFLLATLLGVLLAILILI,LLLLFLLATLLGVLLIILILI,JC,clash,,,,,,,,,,,,,,,,,,,,,,,,,,,,,Mutant,clash
LLLLFLLATLLGVLLAILILI,LLLLFLLATLLLVLLAILILI,JC,clash,,,,,,,,,,,,,,,,,,,,,,,,,,,,,Mutant,clash
LLLLFLLATLLGVLLAILILI,LLLLFLLATLLIVLLAILILI,JC,clash,,,,,,,,,,,,,,,,,,,,,,,,,,,,,Mutant,clash
LLLLFLLATLLGVLLAILILI,LLLLFLLATLLGVLLLILILI,JC,clash,,,,,,,,,,,,,,,,,,,,,,,,,,,,,Mutant,clash
LLLLFLLGTLLGILLAVLILI,LLLLFLLITLLGILLAVLILI,JC,clash,,,,,,,,,,,,,,,,,,,,,,,,,,,,,Mutant,clash
LLLLFLLGTLLGILLAVLILI,LLLLFLLGTLLGILLLVLILI,JC,clash,,,,,,,,,,,,,,,,,,,,,,,,,,,,,Mutant,clash
LLLLFLLGTLLGILLAVLILI,LLLLFLLGTLLLILLAVLILI,JC,clash,,,,,,,,,,,,,,,,,,,,,,,,,,,,,Mutant,clash
LLLLFLLGTLLGILLAVLILI,LLLLFLLGTLLGILLIVLILI,JC,clash,,,,,,,,,,,,,,,,,,,,,,,,,,,,,Mutant,clash
LLLLFLLGTLLGILLAVLILI,LLLLFLLGTLLIILLAVLILI,JC,clash,,,,,,,,,,,,,,,,,,,,,,,,,,,,,Mutant,clash
LLLLFLLGTLLGILLAVLILI,LLLLFLLLTLLGILLAVLILI,JC,clash,,,,,,,,,,,,,,,,,,,,,,,,,,,,,Mutant,clash
LLLLFLLGTLLGVLLAILILI,LLLLFLLGTLLGVLLLILILI,JC,clash,,,,,,,,,,,,,,,,,,,,,,,,,,,,,Mutant,clash
LLLLFLLGTLLGVLLAILILI,LLLLFLLGTLLLVLLAILILI,JC,clash,,,,,,,,,,,,,,,,,,,,,,,,,,,,,Mutant,clash
LLLLFLLGTLLGVLLAILILI,LLLLFLLITLLGVLLAILILI,JC,clash,,,,,,,,,,,,,,,,,,,,,,,,,,,,,Mutant,clash
LLLLFLLGTLLGVLLAILILI,LLLLFLLGTLLIVLLAILILI,JC,clash,,,,,,,,,,,,,,,,,,,,,,,,,,,,,Mutant,clash
LLLLFLLGTLLGVLLAILILI,LLLLFLLLTLLGVLLAILILI,JC,clash,,,,,,,,,,,,,,,,,,,,,,,,,,,,,Mutant,clash
LLLLFLLGTLLGVLLAILILI,LLLLFLLGTLLGVLLIILILI,JC,clash,,,,,,,,,,,,,,,,,,,,,,,,,,,,,Mutant,clash
LLLLVLLATLLGGLLSILILI,LLLLVLLATLLGGLLLILILI,JC,clash,,,,,,,,,,,,,,,,,,,,,,,,,,,,,Mutant,clash
LLLLVLLATLLGGLLSILILI,LLLLVLLITLLGGLLSILILI,JC,clash,,,,,,,,,,,,,,,,,,,,,,,,,,,,,Mutant,clash
LLLLVLLATLLGGLLSILILI,LLLLVLLLTLLGGLLSILILI,JC,clash,,,,,,,,,,,,,,,,,,,,,,,,,,,,,Mutant,clash
LLLLVLLATLLGGLLSILILI,LLLLVLLATLLLGLLSILILI,JC,clash,,,,,,,,,,,,,,,,,,,,,,,,,,,,,Mutant,clash
LLLLVLLATLLGYLLSFLILI,LLLLVLLATLLLYLLSFLILI,JC,clash,,,,,,,,,,,,,,,,,,,,,,,,,,,,,Mutant,clash
LLLLVLLATLLGYLLSFLILI,LLLLVLLITLLGYLLSFLILI,JC,clash,,,,,,,,,,,,,,,,,,,,,,,,,,,,,Mutant,clash
LLLLVLLATLLGYLLSFLILI,LLLLVLLATLLIYLLSFLILI,JC,clash,,,,,,,,,,,,,,,,,,,,,,,,,,,,,Mutant,clash
LLLLVLLATLLGYLLSFLILI,LLLLVLLATLLGYLLLFLILI,JC,clash,,,,,,,,,,,,,,,,,,,,,,,,,,,,,Mutant,clash
LLLLVLLATLLGYLLSFLILI,LLLLVLLLTLLGYLLSFLILI,JC,clash,,,,,,,,,,,,,,,,,,,,,,,,,,,,,Mutant,clash
LLLLVLLATLLGYLLSFLILI,LLLLVLLATLLGYLLIFLILI,JC,clash,,,,,,,,,,,,,,,,,,,,,,,,,,,,,Mutant,clash
LLLLVLLGILLGTLLAFLILI,LLLLVLLLILLGTLLAFLILI,JC,clash,,,,,,,,,,,,,,,,,,,,,,,,,,,,,Mutant,clash
LLLLVLLGILLGTLLAFLILI,LLLLVLLIILLGTLLAFLILI,JC,clash,,,,,,,,,,,,,,,,,,,,,,,,,,,,,Mutant,clash
LLLLVLLGILLGTLLAFLILI,LLLLVLLGILLGTLLIFLILI,JC,clash,,,,,,,,,,,,,,,,,,,,,,,,,,,,,Mutant,clash
LLLLVLLGILLGTLLAFLILI,LLLLVLLGILLGTLLLFLILI,JC,clash,,,,,,,,,,,,,,,,,,,,,,,,,,,,,Mutant,clash
LLLLVLLGILLGTLLAFLILI,LLLLVLLGILLITLLAFLILI,JC,clash,,,,,,,,,,,,,,,,,,,,,,,,,,,,,Mutant,clash
LLLLVLLGILLGTLLAFLILI,LLLLVLLGILLLTLLAFLILI,JC,clash,,,,,,,,,,,,,,,,,,,,,,,,,,,,,Mutant,clash
LLLLVLLYILLGALLGTLILI,LLLLVLLYILLGALLITLILI,JC,clash,,,,,,,,,,,,,,,,,,,,,,,,,,,,,Mutant,clash
LLLLVLLYILLGALLGTLILI,LLLLVLLYILLLALLGTLILI,JC,clash,,,,,,,,,,,,,,,,,,,,,,,,,,,,,Mutant,clash
LLLLVLLYILLGALLGTLILI,LLLLVLLYILLGALLLTLILI,JC,clash,,,,,,,,,,,,,,,,,,,,,,,,,,,,,Mutant,clash
LLLLVLLYILLGALLGTLILI,LLLLVLLYILLIALLGTLILI,JC,clash,,,,,,,,,,,,,,,,,,,,,,,,,,,,,Mutant,clash
LLLLVLLYTLLGALLGWLILI,LLLLVLLYTLLGALLIWLILI,JC,clash,,,,,,,,,,,,,,,,,,,,,,,,,,,,,Mutant,clash
LLLLVLLYTLLGALLGWLILI,LLLLVLLYTLLGALLLWLILI,JC,clash,,,,,,,,,,,,,,,,,,,,,,,,,,,,,Mutant,clash
LLLLVLLYTLLGALLGWLILI,LLLLVLLYTLLLALLGWLILI,JC,clash,,,,,,,,,,,,,,,,,,,,,,,,,,,,,Mutant,clash
LLLLVLLYTLLGALLGWLILI,LLLLVLLYTLLIALLGWLILI,JC,clash,,,,,,,,,,,,,,,,,,,,,,,,,,,,,Mutant,clash
LLLLYLLATLLGILLAFLILI,LLLLYLLATLLGILLIFLILI,JC,clash,,,,,,,,,,,,,,,,,,,,,,,,,,,,,Mutant,clash
LLLLYLLATLLGILLAFLILI,LLLLYLLITLLGILLAFLILI,JC,clash,,,,,,,,,,,,,,,,,,,,,,,,,,,,,Mutant,clash
LLLLYLLATLLGILLAFLILI,LLLLYLLLTLLGILLAFLILI,JC,clash,,,,,,,,,,,,,,,,,,,,,,,,,,,,,Mutant,clash
LLLLYLLATLLGILLAFLILI,LLLLYLLATLLGILLLFLILI,JC,clash,,,,,,,,,,,,,,,,,,,,,,,,,,,,,Mutant,clash
LLLLYLLATLLGILLAFLILI,LLLLYLLATLLIILLAFLILI,JC,clash,,,,,,,,,,,,,,,,,,,,,,,,,,,,,Mutant,clash
LLLLYLLATLLGILLAFLILI,LLLLYLLATLLLILLAFLILI,JC,clash,,,,,,,,,,,,,,,,,,,,,,,,,,,,,Mutant,clash
LLLLYLLAVLLGTLLAFLILI,LLLLYLLAVLLLTLLAFLILI,JC,clash,,,,,,,,,,,,,,,,,,,,,,,,,,,,,Mutant,clash
LLLLYLLAVLLGTLLAFLILI,LLLLYLLAVLLITLLAFLILI,JC,clash,,,,,,,,,,,,,,,,,,,,,,,,,,,,,Mutant,clash
LLLLYLLAVLLGTLLTFLILI,LLLLYLLLVLLGTLLTFLILI,JC,clash,,,,,,,,,,,,,,,,,,,,,,,,,,,,,Mutant,clash
LLLSTLLGLLLGVLLAILILI,LLLSTLLGLLLLVLLAILILI,JC,clash,,,,,,,,,,,,,,,,,,,,,,,,,,,,,Mutant,clash
LLLSTLLGLLLGVLLAILILI,LLLSTLLLLLLGVLLAILILI,JC,clash,,,,,,,,,,,,,,,,,,,,,,,,,,,,,Mutant,clash
LLLSTLLGLLLGVLLAILILI,LLLLTLLGLLLGVLLAILILI,JC,clash,,,,,,,,,,,,,,,,,,,,,,,,,,,,,Mutant,clash
LLLSTLLGLLLGVLLAILILI,LLLSTLLGLLLGVLLIILILI,JC,clash,,,,,,,,,,,,,,,,,,,,,,,,,,,,,Mutant,clash
LLLSTLLGLLLGVLLAILILI,LLLSTLLGLLLGVLLLILILI,JC,clash,,,,,,,,,,,,,,,,,,,,,,,,,,,,,Mutant,clash
LLLSTLLGLLLGVLLAILILI,LLLITLLGLLLGVLLAILILI,JC,clash,,,,,,,,,,,,,,,,,,,,,,,,,,,,,Mutant,clash
LLLSYLLALLLGTLLGFLILI,LLLLYLLALLLGTLLGFLILI,JC,clash,,,,,,,,,,,,,,,,,,,,,,,,,,,,,Mutant,clash
LLLSYLLATLLGALLFLLILI,LLLSYLLITLLGALLFLLILI,JC,clash,,,,,,,,,,,,,,,,,,,,,,,,,,,,,Mutant,clash
LLLSYLLATLLGALLFLLILI,LLLSYLLATLLLALLFLLILI,JC,clash,,,,,,,,,,,,,,,,,,,,,,,,,,,,,Mutant,clash
LLLSYLLATLLGALLFLLILI,LLLLYLLATLLGALLFLLILI,JC,clash,,,,,,,,,,,,,,,,,,,,,,,,,,,,,Mutant,clash
LLLSYLLATLLGALLFLLILI,LLLIYLLATLLGALLFLLILI,JC,clash,,,,,,,,,,,,,,,,,,,,,,,,,,,,,Mutant,clash
LLLSYLLATLLGALLFLLILI,LLLSYLLLTLLGALLFLLILI,JC,clash,,,,,,,,,,,,,,,,,,,,,,,,,,,,,Mutant,clash
LLLSYLLATLLGALLFLLILI,LLLSYLLATLLIALLFLLILI,JC,clash,,,,,,,,,,,,,,,,,,,,,,,,,,,,,Mutant,clash
LLLSYLLATLLGALLGLLILI,LLLSYLLATLLLALLGLLILI,JC,clash,,,,,,,,,,,,,,,,,,,,,,,,,,,,,Mutant,clash
LLLSYLLATLLGALLGLLILI,LLLIYLLATLLGALLGLLILI,JC,clash,,,,,,,,,,,,,,,,,,,,,,,,,,,,,Mutant,clash
LLLSYLLATLLGALLGLLILI,LLLSYLLITLLGALLGLLILI,JC,clash,,,,,,,,,,,,,,,,,,,,,,,,,,,,,Mutant,clash
LLLSYLLATLLGALLGLLILI,LLLLYLLATLLGALLGLLILI,JC,clash,,,,,,,,,,,,,,,,,,,,,,,,,,,,,Mutant,clash
LLLSYLLATLLGALLGLLILI,LLLSYLLATLLIALLGLLILI,JC,clash,,,,,,,,,,,,,,,,,,,,,,,,,,,,,Mutant,clash
LLLSYLLATLLGALLGLLILI,LLLSYLLLTLLGALLGLLILI,JC,clash,,,,,,,,,,,,,,,,,,,,,,,,,,,,,Mutant,clash
LLLSYLLATLLGALLGLLILI,LLLSYLLATLLGALLILLILI,JC,clash,,,,,,,,,,,,,,,,,,,,,,,,,,,,,Mutant,clash
LLLSYLLATLLGALLGLLILI,LLLSYLLATLLGALLLLLILI,JC,clash,,,,,,,,,,,,,,,,,,,,,,,,,,,,,Mutant,clash
LLLSYLLATLLGGLLVLLILI,LLLLYLLATLLGGLLVLLILI,JC,clash,,,,,,,,,,,,,,,,,,,,,,,,,,,,,Mutant,clash
LLLSYLLATLLGGLLVLLILI,LLLSYLLITLLGGLLVLLILI,JC,clash,,,,,,,,,,,,,,,,,,,,,,,,,,,,,Mutant,clash
LLLSYLLATLLGGLLVLLILI,LLLSYLLATLLLGLLVLLILI,JC,clash,,,,,,,,,,,,,,,,,,,,,,,,,,,,,Mutant,clash
LLLSYLLATLLGGLLVLLILI,LLLSYLLATLLIGLLVLLILI,JC,clash,,,,,,,,,,,,,,,,,,,,,,,,,,,,,Mutant,clash
LLLSYLLATLLGGLLVLLILI,LLLSYLLLTLLGGLLVLLILI,JC,clash,,,,,,,,,,,,,,,,,,,,,,,,,,,,,Mutant,clash
LLLSYLLATLLGGLLVLLILI,LLLIYLLATLLGGLLVLLILI,JC,clash,,,,,,,,,,,,,,,,,,,,,,,,,,,,,Mutant,clash
LLLSYLLFALLGLLLGTLILI,LLLSYLLFALLGLLLLTLILI,JC,clash,,,,,,,,,,,,,,,,,,,,,,,,,,,,,Mutant,clash
LLLSYLLFALLGLLLGTLILI,LLLSYLLFALLLLLLGTLILI,JC,clash,,,,,,,,,,,,,,,,,,,,,,,,,,,,,Mutant,clash
LLLSYLLFALLGLLLGTLILI,LLLSYLLFALLILLLGTLILI,JC,clash,,,,,,,,,,,,,,,,,,,,,,,,,,,,,Mutant,clash
LLLSYLLFALLGLLLGTLILI,LLLSYLLFALLGLLLITLILI,JC,clash,,,,,,,,,,,,,,,,,,,,,,,,,,,,,Mutant,clash
LLLSYLLGILLGLLLAFLILI,LLLSYLLIILLGLLLAFLILI,JC,clash,,,,,,,,,,,,,,,,,,,,,,,,,,,,,Mutant,clash
LLLSYLLGILLGLLLAFLILI,LLLIYLLGILLGLLLAFLILI,JC,clash,,,,,,,,,,,,,,,,,,,,,,,,,,,,,Mutant,clash
LLLSYLLGILLGLLLAFLILI,LLLLYLLGILLGLLLAFLILI,JC,clash,,,,,,,,,,,,,,,,,,,,,,,,,,,,,Mutant,clash
LLLSYLLGILLGLLLAFLILI,LLLSYLLLILLGLLLAFLILI,JC,clash,,,,,,,,,,,,,,,,,,,,,,,,,,,,,Mutant,clash
LLLSYLLGILLGLLLAFLILI,LLLSYLLGILLLLLLAFLILI,JC,clash,,,,,,,,,,,,,,,,,,,,,,,,,,,,,Mutant,clash
LLLSYLLGILLGLLLAFLILI,LLLSYLLGILLILLLAFLILI,JC,clash,,,,,,,,,,,,,,,,,,,,,,,,,,,,,Mutant,clash
LLLSYLLGLLLGFLLATLILI,LLLSYLLGLLLLFLLATLILI,JC,clash,,,,,,,,,,,,,,,,,,,,,,,,,,,,,Mutant,clash
LLLSYLLGLLLGFLLATLILI,LLLSYLLLLLLGFLLATLILI,JC,clash,,,,,,,,,,,,,,,,,,,,,,,,,,,,,Mutant,clash
LLLSYLLGLLLGFLLATLILI,LLLSYLLGLLLGFLLLTLILI,JC,clash,,,,,,,,,,,,,,,,,,,,,,,,,,,,,Mutant,clash
LLLSYLLGLLLGFLLATLILI,LLLSYLLGLLLGFLLITLILI,JC,clash,,,,,,,,,,,,,,,,,,,,,,,,,,,,,Mutant,clash
LLLSYLLGLLLGVLLGTLILI,LLLSYLLGLLLGVLLITLILI,JC,clash,,,,,,,,,,,,,,,,,,,,,,,,,,,,,Mutant,clash
LLLSYLLGLLLGVLLGTLILI,LLLSYLLGLLLGVLLLTLILI,JC,clash,,,,,,,,,,,,,,,,,,,,,,,,,,,,,Mutant,clash
LLLSYLLGLLLGVLLGTLILI,LLLSYLLGLLLLVLLGTLILI,JC,clash,,,,,,,,,,,,,,,,,,,,,,,,,,,,,Mutant,clash
LLLSYLLGLLLGVLLGTLILI,LLLSYLLLLLLGVLLGTLILI,JC,clash,,,,,,,,,,,,,,,,,,,,,,,,,,,,,Mutant,clash
LLLSYLLGVLLGLLLAFLILI,LLLSYLLGVLLLLLLAFLILI,JC,clash,,,,,,,,,,,,,,,,,,,,,,,,,,,,,Mutant,clash
LLLSYLLGVLLGLLLAFLILI,LLLSYLLLVLLGLLLAFLILI,JC,clash,,,,,,,,,,,,,,,,,,,,,,,,,,,,,Mutant,clash
LLLSYLLGVLLGTLLGLLILI,LLLSYLLLVLLGTLLGLLILI,JC,clash,,,,,,,,,,,,,,,,,,,,,,,,,,,,,Mutant,clash
LLLSYLLVALLGILLALLILI,LLLSYLLVALLLILLALLILI,JC,clash,,,,,,,,,,,,,,,,,,,,,,,,,,,,,Mutant,clash
LLLSYLLVALLGILLALLILI,LLLSYLLVALLGILLILLILI,JC,clash,,,,,,,,,,,,,,,,,,,,,,,,,,,,,Mutant,clash
LLLSYLLVALLGILLALLILI,LLLSYLLVALLIILLALLILI,JC,clash,,,,,,,,,,,,,,,,,,,,,,,,,,,,,Mutant,clash
LLLSYLLVALLGILLALLILI,LLLSYLLVALLGILLLLLILI,JC,clash,,,,,,,,,,,,,,,,,,,,,,,,,,,,,Mutant,clash
LLLTALLAALLGILLSLLILI,LLLTLLLAALLGILLSLLILI,JC,clash,,,,,,,,,,,,,,,,,,,,,,,,,,,,,Mutant,clash
LLLTALLAALLGILLSLLILI,LLLTALLALLLGILLSLLILI,JC,clash,,,,,,,,,,,,,,,,,,,,,,,,,,,,,Mutant,clash
LLLTALLAALLGILLSLLILI,LLLTALLAILLGILLSLLILI,JC,clash,,,,,,,,,,,,,,,,,,,,,,,,,,,,,Mutant,clash
LLLTALLAALLGILLSLLILI,LLLTALLAALLGILLILLILI,JC,clash,,,,,,,,,,,,,,,,,,,,,,,,,,,,,Mutant,clash
LLLTALLAALLGILLSLLILI,LLLTALLIALLGILLSLLILI,JC,clash,,,,,,,,,,,,,,,,,,,,,,,,,,,,,Mutant,clash
LLLTALLAALLGILLSLLILI,LLLTALLAALLLILLSLLILI,JC,clash,,,,,,,,,,,,,,,,,,,,,,,,,,,,,Mutant,clash
LLLTALLAALLGILLSLLILI,LLLTALLAALLGILLLLLILI,JC,clash,,,,,,,,,,,,,,,,,,,,,,,,,,,,,Mutant,clash
LLLTALLAALLGILLSLLILI,LLLTALLAALLIILLSLLILI,JC,clash,,,,,,,,,,,,,,,,,,,,,,,,,,,,,Mutant,clash
LLLTALLAALLGILLSLLILI,LLLTALLLALLGILLSLLILI,JC,clash,,,,,,,,,,,,,,,,,,,,,,,,,,,,,Mutant,clash
LLLTALLAALLGILLSLLILI,LLLTILLAALLGILLSLLILI,JC,clash,,,,,,,,,,,,,,,,,,,,,,,,,,,,,Mutant,clash
LLLTALLAFLLGLLLGVLILI,LLLTALLAFLLILLLGVLILI,JC,clash,,,,,,,,,,,,,,,,,,,,,,,,,,,,,Mutant,clash
LLLTALLAFLLGLLLGVLILI,LLLTALLIFLLGLLLGVLILI,JC,clash,,,,,,,,,,,,,,,,,,,,,,,,,,,,,Mutant,clash
LLLTALLAFLLGLLLGVLILI,LLLTALLAFLLGLLLLVLILI,JC,clash,,,,,,,,,,,,,,,,,,,,,,,,,,,,,Mutant,clash
LLLTALLAFLLGLLLGVLILI,LLLTALLLFLLGLLLGVLILI,JC,clash,,,,,,,,,,,,,,,,,,,,,,,,,,,,,Mutant,clash
LLLTALLAFLLGLLLGVLILI,LLLTALLAFLLLLLLGVLILI,JC,clash,,,,,,,,,,,,,,,,,,,,,,,,,,,,,Mutant,clash
LLLTALLAFLLGLLLGVLILI,LLLTALLAFLLGLLLIVLILI,JC,clash,,,,,,,,,,,,,,,,,,,,,,,,,,,,,Mutant,clash
LLLTALLASLLGLLLGFLILI,LLLTALLASLLGLLLIFLILI,JC,clash,,,,,,,,,,,,,,,,,,,,,,,,,,,,,Mutant,clash
LLLTALLASLLGLLLGFLILI,LLLTALLASLLLLLLGFLILI,JC,clash,,,,,,,,,,,,,,,,,,,,,,,,,,,,,Mutant,clash
LLLTALLASLLGLLLGFLILI,LLLTALLALLLGLLLGFLILI,JC,clash,,,,,,,,,,,,,,,,,,,,,,,,,,,,,Mutant,clash
LLLTALLASLLGLLLGFLILI,LLLTLLLASLLGLLLGFLILI,JC,clash,,,,,,,,,,,,,,,,,,,,,,,,,,,,,Mutant,clash
LLLTALLASLLGLLLGFLILI,LLLTALLISLLGLLLGFLILI,JC,clash,,,,,,,,,,,,,,,,,,,,,,,,,,,,,Mutant,clash
LLLTALLASLLGLLLGFLILI,LLLTALLASLLGLLLLFLILI,JC,clash,,,,,,,,,,,,,,,,,,,,,,,,,,,,,Mutant,clash
LLLTALLASLLGLLLGFLILI,LLLTALLLSLLGLLLGFLILI,JC,clash,,,,,,,,,,,,,,,,,,,,,,,,,,,,,Mutant,clash
LLLTALLASLLGLLLGFLILI,LLLTALLASLLILLLGFLILI,JC,clash,,,,,,,,,,,,,,,,,,,,,,,,,,,,,Mutant,clash
LLLTALLASLLGLLLGFLILI,LLLTILLASLLGLLLGFLILI,JC,clash,,,,,,,,,,,,,,,,,,,,,,,,,,,,,Mutant,clash
LLLTALLFYLLGLLLGVLILI,LLLTALLFYLLILLLGVLILI,JC,clash,,,,,,,,,,,,,,,,,,,,,,,,,,,,,Mutant,clash
LLLTALLGILLGLLLGFLILI,LLLTALLLILLGLLLGFLILI,JC,clash,,,,,,,,,,,,,,,,,,,,,,,,,,,,,Mutant,clash
LLLTALLGILLGLLLGFLILI,LLLTALLGILLGLLLIFLILI,JC,clash,,,,,,,,,,,,,,,,,,,,,,,,,,,,,Mutant,clash
LLLTALLGILLGLLLGFLILI,LLLTALLIILLGLLLGFLILI,JC,clash,,,,,,,,,,,,,,,,,,,,,,,,,,,,,Mutant,clash
LLLTALLGILLGLLLGFLILI,LLLTALLGILLILLLGFLILI,JC,clash,,,,,,,,,,,,,,,,,,,,,,,,,,,,,Mutant,clash
LLLTALLGILLGLLLGFLILI,LLLTALLGILLGLLLLFLILI,JC,clash,,,,,,,,,,,,,,,,,,,,,,,,,,,,,Mutant,clash
LLLTALLGILLGLLLGFLILI,LLLTALLGILLLLLLGFLILI,JC,clash,,,,,,,,,,,,,,,,,,,,,,,,,,,,,Mutant,clash
LLLTFLLAILLGLLLGYLILI,LLLTFLLIILLGLLLGYLILI,JC,clash,,,,,,,,,,,,,,,,,,,,,,,,,,,,,Mutant,clash
LLLTFLLAILLGLLLGYLILI,LLLTFLLAILLLLLLGYLILI,JC,clash,,,,,,,,,,,,,,,,,,,,,,,,,,,,,Mutant,clash
LLLTFLLAILLGLLLGYLILI,LLLTFLLAILLILLLGYLILI,JC,clash,,,,,,,,,,,,,,,,,,,,,,,,,,,,,Mutant,clash
LLLTFLLAILLGLLLGYLILI,LLLTFLLLILLGLLLGYLILI,JC,clash,,,,,,,,,,,,,,,,,,,,,,,,,,,,,Mutant,clash
LLLTFLLAILLGLLLGYLILI,LLLTFLLAILLGLLLLYLILI,JC,clash,,,,,,,,,,,,,,,,,,,,,,,,,,,,,Mutant,clash
LLLTFLLAILLGLLLGYLILI,LLLTFLLAILLGLLLIYLILI,JC,clash,,,,,,,,,,,,,,,,,,,,,,,,,,,,,Mutant,clash
LLLTFLLALLLGVLLAILILI,LLLTFLLALLLGVLLLILILI,JC,clash,,,,,,,,,,,,,,,,,,,,,,,,,,,,,Mutant,clash
LLLTFLLALLLGVLLAILILI,LLLTFLLALLLLVLLAILILI,JC,clash,,,,,,,,,,,,,,,,,,,,,,,,,,,,,Mutant,clash
LLLTFLLALLLGVLLAILILI,LLLTFLLALLLGVLLIILILI,JC,clash,,,,,,,,,,,,,,,,,,,,,,,,,,,,,Mutant,clash
LLLTFLLALLLGVLLAILILI,LLLTFLLALLLIVLLAILILI,JC,clash,,,,,,,,,,,,,,,,,,,,,,,,,,,,,Mutant,clash
LLLTFLLAVLLGLLLGYLILI,LLLTFLLAVLLGLLLLYLILI,JC,clash,,,,,,,,,,,,,,,,,,,,,,,,,,,,,Mutant,clash
LLLTFLLAVLLGLLLGYLILI,LLLTFLLAVLLGLLLIYLILI,JC,clash,,,,,,,,,,,,,,,,,,,,,,,,,,,,,Mutant,clash
LLLTFLLAVLLGLLLGYLILI,LLLTFLLAVLLILLLGYLILI,JC,clash,,,,,,,,,,,,,,,,,,,,,,,,,,,,,Mutant,clash
LLLTFLLAVLLGLLLGYLILI,LLLTFLLIVLLGLLLGYLILI,JC,clash,,,,,,,,,,,,,,,,,,,,,,,,,,,,,Mutant,clash
LLLTFLLAVLLGLLLGYLILI,LLLTFLLLVLLGLLLGYLILI,JC,clash,,,,,,,,,,,,,,,,,,,,,,,,,,,,,Mutant,clash
LLLTFLLAVLLGLLLGYLILI,LLLTFLLAVLLLLLLGYLILI,JC,clash,,,,,,,,,,,,,,,,,,,,,,,,,,,,,Mutant,clash
LLLTFLLGILLGVLLALLILI,LLLTFLLGILLIVLLALLILI,JC,clash,,,,,,,,,,,,,,,,,,,,,,,,,,,,,Mutant,clash
LLLTFLLGILLGVLLALLILI,LLLTFLLGILLLVLLALLILI,JC,clash,,,,,,,,,,,,,,,,,,,,,,,,,,,,,Mutant,clash
LLLTFLLGVLLGILLALLILI,LLLTFLLGVLLLILLALLILI,JC,clash,,,,,,,,,,,,,,,,,,,,,,,,,,,,,Mutant,clash
LLLTFLLGVLLGLLLAILILI,LLLTFLLGVLLLLLLAILILI,JC,clash,,,,,,,,,,,,,,,,,,,,,,,,,,,,,Mutant,clash
LLLTFLLGVLLGLLLAILILI,LLLTFLLGVLLGLLLIILILI,JC,clash,,,,,,,,,,,,,,,,,,,,,,,,,,,,,Mutant,clash
LLLTFLLGVLLGLLLAILILI,LLLTFLLGVLLGLLLLILILI,JC,clash,,,,,,,,,,,,,,,,,,,,,,,,,,,,,Mutant,clash
LLLTFLLGVLLGLLLAILILI,LLLTFLLLVLLGLLLAILILI,JC,clash,,,,,,,,,,,,,,,,,,,,,,,,,,,,,Mutant,clash
LLLTFLLGVLLGLLLGILILI,LLLTFLLGVLLILLLGILILI,JC,clash,,,,,,,,,,,,,,,,,,,,,,,,,,,,,Mutant,clash
LLLTFLLGVLLGLLLGILILI,LLLTFLLGVLLLLLLGILILI,JC,clash,,,,,,,,,,,,,,,,,,,,,,,,,,,,,Mutant,clash
LLLTFLLGVLLGLLLGILILI,LLLTFLLLVLLGLLLGILILI,JC,clash,,,,,,,,,,,,,,,,,,,,,,,,,,,,,Mutant,clash
LLLTFLLGVLLGLLLSILILI,LLLTFLLLVLLGLLLSILILI,JC,clash,,,,,,,,,,,,,,,,,,,,,,,,,,,,,Mutant,clash
LLLTFLLGVLLGLLLSILILI,LLLTFLLGVLLLLLLSILILI,JC,clash,,,,,,,,,,,,,,,,,,,,,,,,,,,,,Mutant,clash
LLLTGLLFLLLGSLLAYLILI,LLLTGLLFLLLLSLLAYLILI,JC,clash,,,,,,,,,,,,,,,,,,,,,,,,,,,,,Mutant,clash
LLLTGLLFLLLGSLLAYLILI,LLLTGLLFLLLGSLLIYLILI,JC,clash,,,,,,,,,,,,,,,,,,,,,,,,,,,,,Mutant,clash
LLLTGLLFLLLGSLLAYLILI,LLLTGLLFLLLISLLAYLILI,JC,clash,,,,,,,,,,,,,,,,,,,,,,,,,,,,,Mutant,clash
LLLTGLLFLLLGSLLAYLILI,LLLTGLLFLLLGSLLLYLILI,JC,clash,,,,,,,,,,,,,,,,,,,,,,,,,,,,,Mutant,clash
LLLTGLLLLLLGALLGYLILI,LLLTGLLLLLLLALLGYLILI,JC,clash,,,,,,,,,,,,,,,,,,,,,,,,,,,,,Mutant,clash
LLLTGLLLLLLGALLGYLILI,LLLTGLLLLLLIALLGYLILI,JC,clash,,,,,,,,,,,,,,,,,,,,,,,,,,,,,Mutant,clash
LLLTGLLLLLLGALLGYLILI,LLLTGLLLLLLGALLIYLILI,JC,clash,,,,,,,,,,,,,,,,,,,,,,,,,,,,,Mutant,clash
LLLTGLLLLLLGALLGYLILI,LLLTGLLLLLLGALLLYLILI,JC,clash,,,,,,,,,,,,,,,,,,,,,,,,,,,,,Mutant,clash
LLLTLLLAVLLGLLLGFLILI,LLLTLLLAVLLLLLLGFLILI,JC,clash,,,,,,,,,,,,,,,,,,,,,,,,,,,,,Mutant,clash
LLLTLLLAVLLGLLLGFLILI,LLLTLLLAVLLILLLGFLILI,JC,clash,,,,,,,,,,,,,,,,,,,,,,,,,,,,,Mutant,clash
LLLTLLLAVLLGLLLGFLILI,LLLTLLLAVLLGLLLLFLILI,JC,clash,,,,,,,,,,,,,,,,,,,,,,,,,,,,,Mutant,clash
LLLTLLLAVLLGLLLGFLILI,LLLTLLLAVLLGLLLIFLILI,JC,clash,,,,,,,,,,,,,,,,,,,,,,,,,,,,,Mutant,clash
LLLTLLLGILLGFLLAVLILI,LLLTLLLLILLGFLLAVLILI,JC,clash,,,,,,,,,,,,,,,,,,,,,,,,,,,,,Mutant,clash
LLLTLLLGILLGFLLAVLILI,LLLTLLLGILLLFLLAVLILI,JC,clash,,,,,,,,,,,,,,,,,,,,,,,,,,,,,Mutant,clash
LLLTLLLGILLGFLLAVLILI,LLLTLLLGILLGFLLIVLILI,JC,clash,,,,,,,,,,,,,,,,,,,,,,,,,,,,,Mutant,clash
LLLTLLLGILLGFLLAVLILI,LLLTLLLGILLGFLLLVLILI,JC,clash,,,,,,,,,,,,,,,,,,,,,,,,,,,,,Mutant,clash
LLLTLLLGILLGLLLAFLILI,LLLTLLLGILLLLLLAFLILI,JC,clash,,,,,,,,,,,,,,,,,,,,,,,,,,,,,Mutant,clash
LLLTLLLGILLGLLLAFLILI,LLLTLLLIILLGLLLAFLILI,JC,clash,,,,,,,,,,,,,,,,,,,,,,,,,,,,,Mutant,clash
LLLTLLLGILLGLLLAFLILI,LLLTLLLLILLGLLLAFLILI,JC,clash,,,,,,,,,,,,,,,,,,,,,,,,,,,,,Mutant,clash
LLLTLLLGILLGLLLAFLILI,LLLTLLLGILLILLLAFLILI,JC,clash,,,,,,,,,,,,,,,,,,,,,,,,,,,,,Mutant,clash
LLLTLLLGLLLGALLGFLILI,LLLTLLLGLLLGALLIFLILI,JC,clash,,,,,,,,,,,,,,,,,,,,,,,,,,,,,Mutant,clash
LLLTLLLGLLLGALLGFLILI,LLLTLLLILLLGALLGFLILI,JC,clash,,,,,,,,,,,,,,,,,,,,,,,,,,,,,Mutant,clash
LLLTLLLGLLLGALLGFLILI,LLLTLLLGLLLLALLGFLILI,JC,clash,,,,,,,,,,,,,,,,,,,,,,,,,,,,,Mutant,clash
LLLTLLLGLLLGALLGFLILI,LLLTLLLLLLLGALLGFLILI,JC,clash,,,,,,,,,,,,,,,,,,,,,,,,,,,,,Mutant,clash
LLLTLLLGLLLGALLGFLILI,LLLTLLLGLLLIALLGFLILI,JC,clash,,,,,,,,,,,,,,,,,,,,,,,,,,,,,Mutant,clash
LLLTLLLGLLLGALLGFLILI,LLLTLLLGLLLGALLLFLILI,JC,clash,,,,,,,,,,,,,,,,,,,,,,,,,,,,,Mutant,clash
LLLTLLLGLLLGFLLAILILI,LLLTLLLGLLLGFLLLILILI,JC,clash,,,,,,,,,,,,,,,,,,,,,,,,,,,,,Mutant,clash
LLLTLLLGLLLGFLLAILILI,LLLTLLLLLLLGFLLAILILI,JC,clash,,,,,,,,,,,,,,,,,,,,,,,,,,,,,Mutant,clash
LLLTLLLGLLLGFLLAILILI,LLLTLLLGLLLIFLLAILILI,JC,clash,,,,,,,,,,,,,,,,,,,,,,,,,,,,,Mutant,clash
LLLTLLLGLLLGFLLAILILI,LLLTLLLGLLLGFLLIILILI,JC,clash,,,,,,,,,,,,,,,,,,,,,,,,,,,,,Mutant,clash
LLLTLLLGLLLGFLLAILILI,LLLTLLLILLLGFLLAILILI,JC,clash,,,,,,,,,,,,,,,,,,,,,,,,,,,,,Mutant,clash
LLLTLLLGLLLGFLLAILILI,LLLTLLLGLLLLFLLAILILI,JC,clash,,,,,,,,,,,,,,,,,,,,,,,,,,,,,Mutant,clash
LLLTLLLGLLLGYLLAFLILI,LLLTLLLGLLLLYLLAFLILI,JC,clash,,,,,,,,,,,,,,,,,,,,,,,,,,,,,Mutant,clash
LLLTLLLGSLLGFLLAILILI,LLLTLLLGSLLGFLLIILILI,JC,clash,,,,,,,,,,,,,,,,,,,,,,,,,,,,,Mutant,clash
LLLTLLLGSLLGFLLAILILI,LLLTLLLGSLLIFLLAILILI,JC,clash,,,,,,,,,,,,,,,,,,,,,,,,,,,,,Mutant,clash
LLLTLLLGSLLGFLLAILILI,LLLTLLLISLLGFLLAILILI,JC,clash,,,,,,,,,,,,,,,,,,,,,,,,,,,,,Mutant,clash
LLLTLLLGSLLGFLLAILILI,LLLTLLLGSLLLFLLAILILI,JC,clash,,,,,,,,,,,,,,,,,,,,,,,,,,,,,Mutant,clash
LLLTLLLGSLLGFLLAILILI,LLLTLLLGSLLGFLLLILILI,JC,clash,,,,,,,,,,,,,,,,,,,,,,,,,,,,,Mutant,clash
LLLTLLLGSLLGFLLAILILI,LLLTLLLLSLLGFLLAILILI,JC,clash,,,,,,,,,,,,,,,,,,,,,,,,,,,,,Mutant,clash
LLLTLLLGVLLGLLLAFLILI,LLLTLLLLVLLGLLLAFLILI,JC,clash,,,,,,,,,,,,,,,,,,,,,,,,,,,,,Mutant,clash
LLLTLLLGVLLGLLLAFLILI,LLLTLLLGVLLLLLLAFLILI,JC,clash,,,,,,,,,,,,,,,,,,,,,,,,,,,,,Mutant,clash
LLLTVLLAILLGLLLSFLILI,LLLTVLLAILLLLLLSFLILI,JC,clash,,,,,,,,,,,,,,,,,,,,,,,,,,,,,Mutant,clash
LLLTVLLAILLGLLLSFLILI,LLLTVLLIILLGLLLSFLILI,JC,clash,,,,,,,,,,,,,,,,,,,,,,,,,,,,,Mutant,clash
LLLTVLLAILLGLLLSFLILI,LLLTVLLLILLGLLLSFLILI,JC,clash,,,,,,,,,,,,,,,,,,,,,,,,,,,,,Mutant,clash
LLLTVLLAILLGLLLSFLILI,LLLTVLLAILLILLLSFLILI,JC,clash,,,,,,,,,,,,,,,,,,,,,,,,,,,,,Mutant,clash
LLLTVLLALLLGILLAFLILI,LLLTVLLALLLIILLAFLILI,JC,clash,,,,,,,,,,,,,,,,,,,,,,,,,,,,,Mutant,clash
LLLTVLLALLLGILLAFLILI,LLLTVLLALLLLILLAFLILI,JC,clash,,,,,,,,,,,,,,,,,,,,,,,,,,,,,Mutant,clash
LLLTVLLALLLGILLAFLILI,LLLTVLLALLLGILLIFLILI,JC,clash,,,,,,,,,,,,,,,,,,,,,,,,,,,,,Mutant,clash
LLLTVLLALLLGILLAFLILI,LLLTVLLLLLLGILLAFLILI,JC,clash,,,,,,,,,,,,,,,,,,,,,,,,,,,,,Mutant,clash
LLLTVLLALLLGILLAFLILI,LLLTVLLALLLGILLLFLILI,JC,clash,,,,,,,,,,,,,,,,,,,,,,,,,,,,,Mutant,clash
LLLTVLLALLLGILLAFLILI,LLLTVLLILLLGILLAFLILI,JC,clash,,,,,,,,,,,,,,,,,,,,,,,,,,,,,Mutant,clash
LLLTVLLGALLGLLLGFLILI,LLLTVLLGALLGLLLLFLILI,JC,clash,,,,,,,,,,,,,,,,,,,,,,,,,,,,,Mutant,clash
LLLTVLLGALLGLLLGFLILI,LLLTVLLGALLILLLGFLILI,JC,clash,,,,,,,,,,,,,,,,,,,,,,,,,,,,,Mutant,clash
LLLTVLLGALLGLLLGFLILI,LLLTVLLLALLGLLLGFLILI,JC,clash,,,,,,,,,,,,,,,,,,,,,,,,,,,,,Mutant,clash
LLLTVLLGALLGLLLGFLILI,LLLTVLLIALLGLLLGFLILI,JC,clash,,,,,,,,,,,,,,,,,,,,,,,,,,,,,Mutant,clash
LLLTVLLGALLGLLLGFLILI,LLLTVLLGALLGLLLIFLILI,JC,clash,,,,,,,,,,,,,,,,,,,,,,,,,,,,,Mutant,clash
LLLTVLLGALLGLLLGFLILI,LLLTVLLGALLLLLLGFLILI,JC,clash,,,,,,,,,,,,,,,,,,,,,,,,,,,,,Mutant,clash
LLLTVLLGLLLGFLLAILILI,LLLTVLLLLLLGFLLAILILI,JC,clash,,,,,,,,,,,,,,,,,,,,,,,,,,,,,Mutant,clash
LLLTVLLGLLLGFLLAILILI,LLLTVLLGLLLIFLLAILILI,JC,clash,,,,,,,,,,,,,,,,,,,,,,,,,,,,,Mutant,clash
LLLTVLLGLLLGFLLAILILI,LLLTVLLILLLGFLLAILILI,JC,clash,,,,,,,,,,,,,,,,,,,,,,,,,,,,,Mutant,clash
LLLTVLLGLLLGFLLAILILI,LLLTVLLGLLLGFLLLILILI,JC,clash,,,,,,,,,,,,,,,,,,,,,,,,,,,,,Mutant,clash
LLLTVLLGLLLGFLLAILILI,LLLTVLLGLLLLFLLAILILI,JC,clash,,,,,,,,,,,,,,,,,,,,,,,,,,,,,Mutant,clash
LLLTVLLGLLLGFLLAILILI,LLLTVLLGLLLGFLLIILILI,JC,clash,,,,,,,,,,,,,,,,,,,,,,,,,,,,,Mutant,clash
LLLTVLLGLLLGYLLGFLILI,LLLTVLLGLLLLYLLGFLILI,JC,clash,,,,,,,,,,,,,,,,,,,,,,,,,,,,,Mutant,clash
LLLTVLLGLLLGYLLGFLILI,LLLTVLLGLLLIYLLGFLILI,JC,clash,,,,,,,,,,,,,,,,,,,,,,,,,,,,,Mutant,clash
LLLTYLLAVLLGFLLGLLILI,LLLTYLLLVLLGFLLGLLILI,JC,clash,,,,,,,,,,,,,,,,,,,,,,,,,,,,,Mutant,clash
LLLTYLLAVLLGILLALLILI,LLLTYLLAVLLGILLLLLILI,JC,clash,,,,,,,,,,,,,,,,,,,,,,,,,,,,,Mutant,clash
LLLTYLLAVLLGILLALLILI,LLLTYLLAVLLIILLALLILI,JC,clash,,,,,,,,,,,,,,,,,,,,,,,,,,,,,Mutant,clash
LLLTYLLAVLLGILLALLILI,LLLTYLLLVLLGILLALLILI,JC,clash,,,,,,,,,,,,,,,,,,,,,,,,,,,,,Mutant,clash
LLLTYLLAVLLGILLALLILI,LLLTYLLAVLLLILLALLILI,JC,clash,,,,,,,,,,,,,,,,,,,,,,,,,,,,,Mutant,clash
LLLTYLLFALLGLLLGVLILI,LLLTYLLFALLILLLGVLILI,JC,clash,,,,,,,,,,,,,,,,,,,,,,,,,,,,,Mutant,clash
LLLTYLLFALLGLLLGVLILI,LLLTYLLFALLLLLLGVLILI,JC,clash,,,,,,,,,,,,,,,,,,,,,,,,,,,,,Mutant,clash
LLLTYLLFALLGLLLGVLILI,LLLTYLLFALLGLLLLVLILI,JC,clash,,,,,,,,,,,,,,,,,,,,,,,,,,,,,Mutant,clash
LLLTYLLFALLGLLLGVLILI,LLLTYLLFALLGLLLIVLILI,JC,clash,,,,,,,,,,,,,,,,,,,,,,,,,,,,,Mutant,clash
LLLTYLLFVLLGALLGLLILI,LLLTYLLFVLLGALLILLILI,JC,clash,,,,,,,,,,,,,,,,,,,,,,,,,,,,,Mutant,clash
LLLTYLLFVLLGALLGLLILI,LLLTYLLFVLLGALLLLLILI,JC,clash,,,,,,,,,,,,,,,,,,,,,,,,,,,,,Mutant,clash
LLLTYLLFVLLGALLGLLILI,LLLTYLLFVLLLALLGLLILI,JC,clash,,,,,,,,,,,,,,,,,,,,,,,,,,,,,Mutant,clash
LLLTYLLFVLLGALLGLLILI,LLLTYLLFVLLIALLGLLILI,JC,clash,,,,,,,,,,,,,,,,,,,,,,,,,,,,,Mutant,clash
LLLTYLLFVLLGGLLALLILI,LLLTYLLFVLLLGLLALLILI,JC,clash,,,,,,,,,,,,,,,,,,,,,,,,,,,,,Mutant,clash
LLLTYLLFVLLGGLLALLILI,LLLTYLLFVLLIGLLALLILI,JC,clash,,,,,,,,,,,,,,,,,,,,,,,,,,,,,Mutant,clash
LLLTYLLFVLLGGLLALLILI,LLLTYLLFVLLGGLLILLILI,JC,clash,,,,,,,,,,,,,,,,,,,,,,,,,,,,,Mutant,clash
LLLTYLLFVLLGGLLALLILI,LLLTYLLFVLLGGLLLLLILI,JC,clash,,,,,,,,,,,,,,,,,,,,,,,,,,,,,Mutant,clash
LLLTYLLVALLGILLAFLILI,LLLTYLLVALLGILLLFLILI,JC,clash,,,,,,,,,,,,,,,,,,,,,,,,,,,,,Mutant,clash
LLLTYLLVALLGILLAFLILI,LLLTYLLVALLGILLIFLILI,JC,clash,,,,,,,,,,,,,,,,,,,,,,,,,,,,,Mutant,clash
LLLTYLLVALLGILLAFLILI,LLLTYLLVALLIILLAFLILI,JC,clash,,,,,,,,,,,,,,,,,,,,,,,,,,,,,Mutant,clash
LLLTYLLVALLGILLAFLILI,LLLTYLLVALLLILLAFLILI,JC,clash,,,,,,,,,,,,,,,,,,,,,,,,,,,,,Mutant,clash
LLLTYLLVALLGLLLGFLILI,LLLTYLLVALLGLLLIFLILI,JC,clash,,,,,,,,,,,,,,,,,,,,,,,,,,,,,Mutant,clash
LLLTYLLVALLGLLLGFLILI,LLLTYLLVALLLLLLGFLILI,JC,clash,,,,,,,,,,,,,,,,,,,,,,,,,,,,,Mutant,clash
LLLTYLLVALLGLLLGFLILI,LLLTYLLVALLGLLLLFLILI,JC,clash,,,,,,,,,,,,,,,,,,,,,,,,,,,,,Mutant,clash
LLLTYLLVALLGLLLGFLILI,LLLTYLLVALLILLLGFLILI,JC,clash,,,,,,,,,,,,,,,,,,,,,,,,,,,,,Mutant,clash
LLLVFLLATLLGILLALLILI,LLLVFLLATLLIILLALLILI,JC,clash,,,,,,,,,,,,,,,,,,,,,,,,,,,,,Mutant,clash
LLLVFLLATLLGILLALLILI,LLLVFLLATLLLILLALLILI,JC,clash,,,,,,,,,,,,,,,,,,,,,,,,,,,,,Mutant,clash
LLLVFLLATLLGILLALLILI,LLLVFLLATLLGILLLLLILI,JC,clash,,,,,,,,,,,,,,,,,,,,,,,,,,,,,Mutant,clash
LLLVFLLATLLGILLALLILI,LLLVFLLATLLGILLILLILI,JC,clash,,,,,,,,,,,,,,,,,,,,,,,,,,,,,Mutant,clash
LLLVFLLATLLGLLLSILILI,LLLVFLLATLLLLLLSILILI,JC,clash,,,,,,,,,,,,,,,,,,,,,,,,,,,,,Mutant,clash
LLLVFLLATLLGLLLSILILI,LLLVFLLATLLGLLLLILILI,JC,clash,,,,,,,,,,,,,,,,,,,,,,,,,,,,,Mutant,clash
LLLVFLLATLLGLLLSILILI,LLLVFLLATLLGLLLIILILI,JC,clash,,,,,,,,,,,,,,,,,,,,,,,,,,,,,Mutant,clash
LLLVFLLATLLGLLLSILILI,LLLVFLLATLLILLLSILILI,JC,clash,,,,,,,,,,,,,,,,,,,,,,,,,,,,,Mutant,clash
LLLVFLLATLLGLLLSILILI,LLLVFLLLTLLGLLLSILILI,JC,clash,,,,,,,,,,,,,,,,,,,,,,,,,,,,,Mutant,clash
LLLVFLLATLLGLLLSILILI,LLLVFLLITLLGLLLSILILI,JC,clash,,,,,,,,,,,,,,,,,,,,,,,,,,,,,Mutant,clash
LLLVFLLGTLLGILLALLILI,LLLVFLLGTLLLILLALLILI,JC,clash,,,,,,,,,,,,,,,,,,,,,,,,,,,,,Mutant,clash
LLLVFLLGTLLGILLALLILI,LLLVFLLGTLLIILLALLILI,JC,clash,,,,,,,,,,,,,,,,,,,,,,,,,,,,,Mutant,clash
LLLVFLLGTLLGILLALLILI,LLLVFLLLTLLGILLALLILI,JC,clash,,,,,,,,,,,,,,,,,,,,,,,,,,,,,Mutant,clash
LLLVFLLGTLLGILLALLILI,LLLVFLLITLLGILLALLILI,JC,clash,,,,,,,,,,,,,,,,,,,,,,,,,,,,,Mutant,clash
LLLVFLLGTLLGILLALLILI,LLLVFLLGTLLGILLLLLILI,JC,clash,,,,,,,,,,,,,,,,,,,,,,,,,,,,,Mutant,clash
LLLVFLLGTLLGILLALLILI,LLLVFLLGTLLGILLILLILI,JC,clash,,,,,,,,,,,,,,,,,,,,,,,,,,,,,Mutant,clash
LLLVFLLGTLLGLLLAILILI,LLLVFLLGTLLGLLLLILILI,JC,clash,,,,,,,,,,,,,,,,,,,,,,,,,,,,,Mutant,clash
LLLVFLLGTLLGLLLAILILI,LLLVFLLLTLLGLLLAILILI,JC,clash,,,,,,,,,,,,,,,,,,,,,,,,,,,,,Mutant,clash
LLLVFLLGTLLGLLLAILILI,LLLVFLLGTLLGLLLIILILI,JC,clash,,,,,,,,,,,,,,,,,,,,,,,,,,,,,Mutant,clash
LLLVFLLGTLLGLLLAILILI,LLLVFLLGTLLLLLLAILILI,JC,clash,,,,,,,,,,,,,,,,,,,,,,,,,,,,,Mutant,clash
LLLVFLLGTLLGLLLGALILI,LLLVFLLGTLLGLLLIALILI,JC,clash,,,,,,,,,,,,,,,,,,,,,,,,,,,,,Mutant,clash
LLLVFLLGTLLGLLLGALILI,LLLVFLLGTLLLLLLGALILI,JC,clash,,,,,,,,,,,,,,,,,,,,,,,,,,,,,Mutant,clash
LLLVFLLGTLLGLLLGALILI,LLLVFLLLTLLGLLLGALILI,JC,clash,,,,,,,,,,,,,,,,,,,,,,,,,,,,,Mutant,clash
LLLVFLLGTLLGLLLGALILI,LLLVFLLGTLLILLLGALILI,JC,clash,,,,,,,,,,,,,,,,,,,,,,,,,,,,,Mutant,clash
LLLVFLLGTLLGLLLGALILI,LLLVFLLITLLGLLLGALILI,JC,clash,,,,,,,,,,,,,,,,,,,,,,,,,,,,,Mutant,clash
LLLVFLLGTLLGLLLGALILI,LLLVFLLGTLLGLLLLALILI,JC,clash,,,,,,,,,,,,,,,,,,,,,,,,,,,,,Mutant,clash
LLLVGLLFALLGTLLSYLILI,LLLVGLLFALLGTLLLYLILI,JC,clash,,,,,,,,,,,,,,,,,,,,,,,,,,,,,Mutant,clash
LLLVLLLAILLGTLLTFLILI,LLLVLLLAILLITLLTFLILI,JC,clash,,,,,,,,,,,,,,,,,,,,,,,,,,,,,Mutant,clash
LLLVLLLAILLGTLLTFLILI,LLLVLLLAILLLTLLTFLILI,JC,clash,,,,,,,,,,,,,,,,,,,,,,,,,,,,,Mutant,clash
LLLVLLLAILLGTLLTFLILI,LLLVLLLIILLGTLLTFLILI,JC,clash,,,,,,,,,,,,,,,,,,,,,,,,,,,,,Mutant,clash
LLLVLLLAILLGTLLTFLILI,LLLVLLLLILLGTLLTFLILI,JC,clash,,,,,,,,,,,,,,,,,,,,,,,,,,,,,Mutant,clash
LLLVLLLGALLGILLTFLILI,LLLVLLLGALLLILLTFLILI,JC,clash,,,,,,,,,,,,,,,,,,,,,,,,,,,,,Mutant,clash
LLLVLLLGALLGILLTFLILI,LLLVLLLIALLGILLTFLILI,JC,clash,,,,,,,,,,,,,,,,,,,,,,,,,,,,,Mutant,clash
LLLVLLLGALLGILLTFLILI,LLLVLLLLALLGILLTFLILI,JC,clash,,,,,,,,,,,,,,,,,,,,,,,,,,,,,Mutant,clash
LLLVLLLGALLGILLTFLILI,LLLVLLLGALLIILLTFLILI,JC,clash,,,,,,,,,,,,,,,,,,,,,,,,,,,,,Mutant,clash
LLLVLLLGILLGFLLATLILI,LLLVLLLGILLLFLLATLILI,JC,clash,,,,,,,,,,,,,,,,,,,,,,,,,,,,,Mutant,clash
LLLVLLLGILLGFLLATLILI,LLLVLLLGILLIFLLATLILI,JC,clash,,,,,,,,,,,,,,,,,,,,,,,,,,,,,Mutant,clash
LLLVLLLGILLGFLLATLILI,LLLVLLLLILLGFLLATLILI,JC,clash,,,,,,,,,,,,,,,,,,,,,,,,,,,,,Mutant,clash
LLLVLLLGILLGFLLATLILI,LLLVLLLGILLGFLLLTLILI,JC,clash,,,,,,,,,,,,,,,,,,,,,,,,,,,,,Mutant,clash
LLLVLLLGILLGFLLATLILI,LLLVLLLGILLGFLLITLILI,JC,clash,,,,,,,,,,,,,,,,,,,,,,,,,,,,,Mutant,clash
LLLVLLLGILLGFLLATLILI,LLLVLLLIILLGFLLATLILI,JC,clash,,,,,,,,,,,,,,,,,,,,,,,,,,,,,Mutant,clash
LLLVYLLALLLGTLLAFLILI,LLLVYLLALLLLTLLAFLILI,JC,clash,,,,,,,,,,,,,,,,,,,,,,,,,,,,,Mutant,clash
LLLVYLLALLLGTLLAFLILI,LLLVYLLLLLLGTLLAFLILI,JC,clash,,,,,,,,,,,,,,,,,,,,,,,,,,,,,Mutant,clash
LLLVYLLALLLGTLLAFLILI,LLLVYLLILLLGTLLAFLILI,JC,clash,,,,,,,,,,,,,,,,,,,,,,,,,,,,,Mutant,clash
LLLVYLLALLLGTLLAFLILI,LLLVYLLALLLGTLLLFLILI,JC,clash,,,,,,,,,,,,,,,,,,,,,,,,,,,,,Mutant,clash
LLLVYLLALLLGTLLAFLILI,LLLVYLLALLLGTLLIFLILI,JC,clash,,,,,,,,,,,,,,,,,,,,,,,,,,,,,Mutant,clash
LLLVYLLALLLGTLLAFLILI,LLLVYLLALLLITLLAFLILI,JC,clash,,,,,,,,,,,,,,,,,,,,,,,,,,,,,Mutant,clash
LLLVYLLATLLGALLFLLILI,LLLVYLLLTLLGALLFLLILI,JC,clash,,,,,,,,,,,,,,,,,,,,,,,,,,,,,Mutant,clash
LLLVYLLATLLGALLFLLILI,LLLVYLLATLLIALLFLLILI,JC,clash,,,,,,,,,,,,,,,,,,,,,,,,,,,,,Mutant,clash
LLLVYLLATLLGALLFLLILI,LLLVYLLATLLLALLFLLILI,JC,clash,,,,,,,,,,,,,,,,,,,,,,,,,,,,,Mutant,clash
LLLVYLLATLLGALLFLLILI,LLLVYLLITLLGALLFLLILI,JC,clash,,,,,,,,,,,,,,,,,,,,,,,,,,,,,Mutant,clash
LLLVYLLATLLGILLALLILI,LLLVYLLATLLGILLLLLILI,JC,clash,,,,,,,,,,,,,,,,,,,,,,,,,,,,,Mutant,clash
LLLVYLLATLLGILLALLILI,LLLVYLLATLLLILLALLILI,JC,clash,,,,,,,,,,,,,,,,,,,,,,,,,,,,,Mutant,clash
LLLVYLLATLLGILLALLILI,LLLVYLLITLLGILLALLILI,JC,clash,,,,,,,,,,,,,,,,,,,,,,,,,,,,,Mutant,clash
LLLVYLLATLLGILLALLILI,LLLVYLLLTLLGILLALLILI,JC,clash,,,,,,,,,,,,,,,,,,,,,,,,,,,,,Mutant,clash
LLLVYLLFTLLGALLGLLILI,LLLVYLLFTLLGALLLLLILI,JC,clash,,,,,,,,,,,,,,,,,,,,,,,,,,,,,Mutant,clash
LLLVYLLFTLLGALLGLLILI,LLLVYLLFTLLGALLILLILI,JC,clash,,,,,,,,,,,,,,,,,,,,,,,,,,,,,Mutant,clash
LLLVYLLFTLLGALLGLLILI,LLLVYLLFTLLLALLGLLILI,JC,clash,,,,,,,,,,,,,,,,,,,,,,,,,,,,,Mutant,clash
LLLVYLLFTLLGALLGLLILI,LLLVYLLFTLLIALLGLLILI,JC,clash,,,,,,,,,,,,,,,,,,,,,,,,,,,,,Mutant,clash
LLLVYLLFTLLGGLLALLILI,LLLVYLLFTLLGGLLILLILI,JC,clash,,,,,,,,,,,,,,,,,,,,,,,,,,,,,Mutant,clash
LLLVYLLFTLLGGLLALLILI,LLLVYLLFTLLLGLLALLILI,JC,clash,,,,,,,,,,,,,,,,,,,,,,,,,,,,,Mutant,clash
LLLVYLLFTLLGGLLALLILI,LLLVYLLFTLLIGLLALLILI,JC,clash,,,,,,,,,,,,,,,,,,,,,,,,,,,,,Mutant,clash
LLLVYLLFTLLGGLLALLILI,LLLVYLLFTLLGGLLLLLILI,JC,clash,,,,,,,,,,,,,,,,,,,,,,,,,,,,,Mutant,clash
LLLVYLLLTLLGALLGFLILI,LLLVYLLLTLLGALLIFLILI,JC,clash,,,,,,,,,,,,,,,,,,,,,,,,,,,,,Mutant,clash
LLLVYLLLTLLGALLGFLILI,LLLVYLLLTLLLALLGFLILI,JC,clash,,,,,,,,,,,,,,,,,,,,,,,,,,,,,Mutant,clash
LLLVYLLLTLLGALLGFLILI,LLLVYLLLTLLGALLLFLILI,JC,clash,,,,,,,,,,,,,,,,,,,,,,,,,,,,,Mutant,clash
LLLVYLLLTLLGALLGFLILI,LLLVYLLLTLLIALLGFLILI,JC,clash,,,,,,,,,,,,,,,,,,,,,,,,,,,,,Mutant,clash
LLLWTLLGILLGLLLGFLILI,LLLWTLLGILLILLLGFLILI,JC,clash,,,,,,,,,,,,,,,,,,,,,,,,,,,,,Mutant,clash
LLLYALLASLLGILLTLLILI,LLLYALLLSLLGILLTLLILI,JC,clash,,,,,,,,,,,,,,,,,,,,,,,,,,,,,Mutant,clash
LLLYALLASLLGILLTLLILI,LLLYALLASLLLILLTLLILI,JC,clash,,,,,,,,,,,,,,,,,,,,,,,,,,,,,Mutant,clash
LLLYALLASLLGILLTLLILI,LLLYALLISLLGILLTLLILI,JC,clash,,,,,,,,,,,,,,,,,,,,,,,,,,,,,Mutant,clash
LLLYALLASLLGILLTLLILI,LLLYALLAILLGILLTLLILI,JC,clash,,,,,,,,,,,,,,,,,,,,,,,,,,,,,Mutant,clash
LLLYALLASLLGILLTLLILI,LLLYLLLASLLGILLTLLILI,JC,clash,,,,,,,,,,,,,,,,,,,,,,,,,,,,,Mutant,clash
LLLYALLASLLGILLTLLILI,LLLYALLALLLGILLTLLILI,JC,clash,,,,,,,,,,,,,,,,,,,,,,,,,,,,,Mutant,clash
LLLYALLASLLGILLTLLILI,LLLYILLASLLGILLTLLILI,JC,clash,,,,,,,,,,,,,,,,,,,,,,,,,,,,,Mutant,clash
LLLYALLFILLGLLLGTLILI,LLLYALLFILLILLLGTLILI,JC,clash,,,,,,,,,,,,,,,,,,,,,,,,,,,,,Mutant,clash
LLLYALLFILLGLLLGTLILI,LLLYALLFILLGLLLLTLILI,JC,clash,,,,,,,,,,,,,,,,,,,,,,,,,,,,,Mutant,clash
LLLYALLFILLGLLLGTLILI,LLLYALLFILLLLLLGTLILI,JC,clash,,,,,,,,,,,,,,,,,,,,,,,,,,,,,Mutant,clash
LLLYALLFILLGLLLGTLILI,LLLYALLFILLGLLLITLILI,JC,clash,,,,,,,,,,,,,,,,,,,,,,,,,,,,,Mutant,clash
LLLYALLFILLGVLLALLILI,LLLYALLFILLGVLLILLILI,JC,clash,,,,,,,,,,,,,,,,,,,,,,,,,,,,,Mutant,clash
LLLYALLFLLLGTLLGVLILI,LLLYALLFLLLITLLGVLILI,JC,clash,,,,,,,,,,,,,,,,,,,,,,,,,,,,,Mutant,clash
LLLYALLFLLLGTLLGVLILI,LLLYALLFLLLLTLLGVLILI,JC,clash,,,,,,,,,,,,,,,,,,,,,,,,,,,,,Mutant,clash
LLLYALLFLLLGTLLGVLILI,LLLYALLFLLLGTLLIVLILI,JC,clash,,,,,,,,,,,,,,,,,,,,,,,,,,,,,Mutant,clash
LLLYALLFLLLGTLLGVLILI,LLLYALLFLLLGTLLLVLILI,JC,clash,,,,,,,,,,,,,,,,,,,,,,,,,,,,,Mutant,clash
LLLYFLLAALLGLLLGTLILI,LLLYFLLAALLLLLLGTLILI,JC,clash,,,,,,,,,,,,,,,,,,,,,,,,,,,,,Mutant,clash
LLLYFLLAALLGLLLGTLILI,LLLYFLLLALLGLLLGTLILI,JC,clash,,,,,,,,,,,,,,,,,,,,,,,,,,,,,Mutant,clash
LLLYFLLAALLGLLLGTLILI,LLLYFLLAALLILLLGTLILI,JC,clash,,,,,,,,,,,,,,,,,,,,,,,,,,,,,Mutant,clash
LLLYFLLAALLGLLLGTLILI,LLLYFLLIALLGLLLGTLILI,JC,clash,,,,,,,,,,,,,,,,,,,,,,,,,,,,,Mutant,clash
LLLYFLLAALLGLLLGTLILI,LLLYFLLAALLGLLLITLILI,JC,clash,,,,,,,,,,,,,,,,,,,,,,,,,,,,,Mutant,clash
LLLYFLLAALLGLLLGTLILI,LLLYFLLAALLGLLLLTLILI,JC,clash,,,,,,,,,,,,,,,,,,,,,,,,,,,,,Mutant,clash
LLLYFLLALLLGVLLGTLILI,LLLYFLLLLLLGVLLGTLILI,JC,clash,,,,,,,,,,,,,,,,,,,,,,,,,,,,,Mutant,clash
LLLYFLLALLLGVLLGTLILI,LLLYFLLALLLGVLLLTLILI,JC,clash,,,,,,,,,,,,,,,,,,,,,,,,,,,,,Mutant,clash
LLLYFLLALLLGVLLGTLILI,LLLYFLLALLLGVLLITLILI,JC,clash,,,,,,,,,,,,,,,,,,,,,,,,,,,,,Mutant,clash
LLLYFLLALLLGVLLGTLILI,LLLYFLLALLLLVLLGTLILI,JC,clash,,,,,,,,,,,,,,,,,,,,,,,,,,,,,Mutant,clash
LLLYFLLATLLGILLALLILI,LLLYFLLATLLLILLALLILI,JC,clash,,,,,,,,,,,,,,,,,,,,,,,,,,,,,Mutant,clash
LLLYFLLATLLGILLGLLILI,LLLYFLLITLLGILLGLLILI,JC,clash,,,,,,,,,,,,,,,,,,,,,,,,,,,,,Mutant,clash
LLLYFLLATLLGILLGLLILI,LLLYFLLATLLIILLGLLILI,JC,clash,,,,,,,,,,,,,,,,,,,,,,,,,,,,,Mutant,clash
LLLYFLLATLLGILLGLLILI,LLLYFLLATLLLILLGLLILI,JC,clash,,,,,,,,,,,,,,,,,,,,,,,,,,,,,Mutant,clash
LLLYFLLATLLGILLGLLILI,LLLYFLLLTLLGILLGLLILI,JC,clash,,,,,,,,,,,,,,,,,,,,,,,,,,,,,Mutant,clash
LLLYFLLATLLGILLGLLILI,LLLYFLLATLLGILLLLLILI,JC,clash,,,,,,,,,,,,,,,,,,,,,,,,,,,,,Mutant,clash
LLLYFLLATLLGLLLGVLILI,LLLYFLLATLLLLLLGVLILI,JC,clash,,,,,,,,,,,,,,,,,,,,,,,,,,,,,Mutant,clash
LLLYFLLATLLGLLLGVLILI,LLLYFLLLTLLGLLLGVLILI,JC,clash,,,,,,,,,,,,,,,,,,,,,,,,,,,,,Mutant,clash
LLLYFLLATLLGLLLGVLILI,LLLYFLLATLLGLLLLVLILI,JC,clash,,,,,,,,,,,,,,,,,,,,,,,,,,,,,Mutant,clash
LLLYFLLATLLGLLLGVLILI,LLLYFLLATLLGLLLIVLILI,JC,clash,,,,,,,,,,,,,,,,,,,,,,,,,,,,,Mutant,clash
LLLYFLLATLLGVLLGLLILI,LLLYFLLATLLGVLLLLLILI,JC,clash,,,,,,,,,,,,,,,,,,,,,,,,,,,,,Mutant,clash
LLLYFLLATLLGVLLGLLILI,LLLYFLLATLLLVLLGLLILI,JC,clash,,,,,,,,,,,,,,,,,,,,,,,,,,,,,Mutant,clash
LLLYFLLATLLGVLLGLLILI,LLLYFLLLTLLGVLLGLLILI,JC,clash,,,,,,,,,,,,,,,,,,,,,,,,,,,,,Mutant,clash
LLLYFLLAVLLGILLTLLILI,LLLYFLLAVLLIILLTLLILI,JC,clash,,,,,,,,,,,,,,,,,,,,,,,,,,,,,Mutant,clash
LLLYFLLAVLLGILLTLLILI,LLLYFLLIVLLGILLTLLILI,JC,clash,,,,,,,,,,,,,,,,,,,,,,,,,,,,,Mutant,clash
LLLYFLLAVLLGILLTLLILI,LLLYFLLAVLLLILLTLLILI,JC,clash,,,,,,,,,,,,,,,,,,,,,,,,,,,,,Mutant,clash
LLLYFLLAVLLGILLTLLILI,LLLYFLLLVLLGILLTLLILI,JC,clash,,,,,,,,,,,,,,,,,,,,,,,,,,,,,Mutant,clash
LLLYFLLAVLLGTLLTLLILI,LLLYFLLLVLLGTLLTLLILI,JC,clash,,,,,,,,,,,,,,,,,,,,,,,,,,,,,Mutant,clash
LLLYFLLAVLLGTLLTLLILI,LLLYFLLIVLLGTLLTLLILI,JC,clash,,,,,,,,,,,,,,,,,,,,,,,,,,,,,Mutant,clash
LLLYFLLAVLLGTLLTLLILI,LLLYFLLAVLLLTLLTLLILI,JC,clash,,,,,,,,,,,,,,,,,,,,,,,,,,,,,Mutant,clash
LLLYFLLAVLLGTLLTLLILI,LLLYFLLAVLLITLLTLLILI,JC,clash,,,,,,,,,,,,,,,,,,,,,,,,,,,,,Mutant,clash
LLLYFLLGALLGILLTLLILI,LLLYFLLLALLGILLTLLILI,JC,clash,,,,,,,,,,,,,,,,,,,,,,,,,,,,,Mutant,clash
LLLYFLLGALLGILLTLLILI,LLLYFLLGALLLILLTLLILI,JC,clash,,,,,,,,,,,,,,,,,,,,,,,,,,,,,Mutant,clash
LLLYFLLGLLLGVLLATLILI,LLLYFLLILLLGVLLATLILI,JC,clash,,,,,,,,,,,,,,,,,,,,,,,,,,,,,Mutant,clash
LLLYFLLGLLLGVLLATLILI,LLLYFLLGLLLGVLLITLILI,JC,clash,,,,,,,,,,,,,,,,,,,,,,,,,,,,,Mutant,clash
LLLYFLLGLLLGVLLATLILI,LLLYFLLGLLLLVLLATLILI,JC,clash,,,,,,,,,,,,,,,,,,,,,,,,,,,,,Mutant,clash
LLLYFLLGLLLGVLLATLILI,LLLYFLLLLLLGVLLATLILI,JC,clash,,,,,,,,,,,,,,,,,,,,,,,,,,,,,Mutant,clash
LLLYFLLGLLLGVLLATLILI,LLLYFLLGLLLIVLLATLILI,JC,clash,,,,,,,,,,,,,,,,,,,,,,,,,,,,,Mutant,clash
LLLYFLLGLLLGVLLATLILI,LLLYFLLGLLLGVLLLTLILI,JC,clash,,,,,,,,,,,,,,,,,,,,,,,,,,,,,Mutant,clash
LLLYFLLGSLLGILLALLILI,LLLYFLLLSLLGILLALLILI,JC,clash,,,,,,,,,,,,,,,,,,,,,,,,,,,,,Mutant,clash
LLLYFLLGSLLGILLALLILI,LLLYFLLISLLGILLALLILI,JC,clash,,,,,,,,,,,,,,,,,,,,,,,,,,,,,Mutant,clash
LLLYFLLGSLLGILLALLILI,LLLYFLLGSLLLILLALLILI,JC,clash,,,,,,,,,,,,,,,,,,,,,,,,,,,,,Mutant,clash
LLLYFLLGSLLGILLALLILI,LLLYFLLGSLLGILLLLLILI,JC,clash,,,,,,,,,,,,,,,,,,,,,,,,,,,,,Mutant,clash
LLLYFLLGSLLGILLALLILI,LLLYFLLGSLLGILLILLILI,JC,clash,,,,,,,,,,,,,,,,,,,,,,,,,,,,,Mutant,clash
LLLYFLLGSLLGILLALLILI,LLLYFLLGSLLIILLALLILI,JC,clash,,,,,,,,,,,,,,,,,,,,,,,,,,,,,Mutant,clash
LLLYFLLGTLLGILLALLILI,LLLYFLLGTLLGILLILLILI,JC,clash,,,,,,,,,,,,,,,,,,,,,,,,,,,,,Mutant,clash
LLLYFLLGTLLGILLALLILI,LLLYFLLGTLLLILLALLILI,JC,clash,,,,,,,,,,,,,,,,,,,,,,,,,,,,,Mutant,clash
LLLYFLLGTLLGILLALLILI,LLLYFLLITLLGILLALLILI,JC,clash,,,,,,,,,,,,,,,,,,,,,,,,,,,,,Mutant,clash
LLLYFLLGTLLGILLALLILI,LLLYFLLGTLLIILLALLILI,JC,clash,,,,,,,,,,,,,,,,,,,,,,,,,,,,,Mutant,clash
LLLYFLLGTLLGILLALLILI,LLLYFLLGTLLGILLLLLILI,JC,clash,,,,,,,,,,,,,,,,,,,,,,,,,,,,,Mutant,clash
LLLYFLLGTLLGILLALLILI,LLLYFLLLTLLGILLALLILI,JC,clash,,,,,,,,,,,,,,,,,,,,,,,,,,,,,Mutant,clash
LLLYFLLGTLLGLLLAVLILI,LLLYFLLGTLLGLLLIVLILI,JC,clash,,,,,,,,,,,,,,,,,,,,,,,,,,,,,Mutant,clash
LLLYFLLGTLLGLLLAVLILI,LLLYFLLITLLGLLLAVLILI,JC,clash,,,,,,,,,,,,,,,,,,,,,,,,,,,,,Mutant,clash
LLLYFLLGTLLGLLLAVLILI,LLLYFLLLTLLGLLLAVLILI,JC,clash,,,,,,,,,,,,,,,,,,,,,,,,,,,,,Mutant,clash
LLLYFLLGTLLGLLLAVLILI,LLLYFLLGTLLGLLLLVLILI,JC,clash,,,,,,,,,,,,,,,,,,,,,,,,,,,,,Mutant,clash
LLLYFLLGTLLGLLLAVLILI,LLLYFLLGTLLILLLAVLILI,JC,clash,,,,,,,,,,,,,,,,,,,,,,,,,,,,,Mutant,clash
LLLYFLLGTLLGLLLAVLILI,LLLYFLLGTLLLLLLAVLILI,JC,clash,,,,,,,,,,,,,,,,,,,,,,,,,,,,,Mutant,clash
LLLYFLLGTLLGVLLALLILI,LLLYFLLITLLGVLLALLILI,JC,clash,,,,,,,,,,,,,,,,,,,,,,,,,,,,,Mutant,clash
LLLYFLLGTLLGVLLALLILI,LLLYFLLGTLLGVLLLLLILI,JC,clash,,,,,,,,,,,,,,,,,,,,,,,,,,,,,Mutant,clash
LLLYFLLGTLLGVLLALLILI,LLLYFLLLTLLGVLLALLILI,JC,clash,,,,,,,,,,,,,,,,,,,,,,,,,,,,,Mutant,clash
LLLYFLLGTLLGVLLALLILI,LLLYFLLGTLLLVLLALLILI,JC,clash,,,,,,,,,,,,,,,,,,,,,,,,,,,,,Mutant,clash
LLLYGLLFILLGVLLALLILI,LLLYGLLFILLGVLLILLILI,JC,clash,,,,,,,,,,,,,,,,,,,,,,,,,,,,,Mutant,clash
LLLYGLLFILLGVLLALLILI,LLLYGLLFILLGVLLLLLILI,JC,clash,,,,,,,,,,,,,,,,,,,,,,,,,,,,,Mutant,clash
LLLYGLLFILLGVLLALLILI,LLLYGLLFILLIVLLALLILI,JC,clash,,,,,,,,,,,,,,,,,,,,,,,,,,,,,Mutant,clash
LLLYGLLFILLGVLLALLILI,LLLYGLLFILLLVLLALLILI,JC,clash,,,,,,,,,,,,,,,,,,,,,,,,,,,,,Mutant,clash
LLLYGLLFTLLGVLLALLILI,LLLYGLLFTLLIVLLALLILI,JC,clash,,,,,,,,,,,,,,,,,,,,,,,,,,,,,Mutant,clash
LLLYGLLFTLLGVLLALLILI,LLLYGLLFTLLLVLLALLILI,JC,clash,,,,,,,,,,,,,,,,,,,,,,,,,,,,,Mutant,clash
LLLYGLLFTLLGVLLALLILI,LLLYGLLFTLLGVLLILLILI,JC,clash,,,,,,,,,,,,,,,,,,,,,,,,,,,,,Mutant,clash
LLLYGLLFTLLGVLLALLILI,LLLYGLLFTLLGVLLLLLILI,JC,clash,,,,,,,,,,,,,,,,,,,,,,,,,,,,,Mutant,clash
LLLYILLATLLGVLLSLLILI,LLLYILLITLLGVLLSLLILI,JC,clash,,,,,,,,,,,,,,,,,,,,,,,,,,,,,Mutant,clash
LLLYILLATLLGVLLSLLILI,LLLYILLLTLLGVLLSLLILI,JC,clash,,,,,,,,,,,,,,,,,,,,,,,,,,,,,Mutant,clash
LLLYILLATLLGVLLSLLILI,LLLYILLATLLIVLLSLLILI,JC,clash,,,,,,,,,,,,,,,,,,,,,,,,,,,,,Mutant,clash
LLLYILLATLLGVLLSLLILI,LLLYILLATLLLVLLSLLILI,JC,clash,,,,,,,,,,,,,,,,,,,,,,,,,,,,,Mutant,clash
LLLYILLATLLGVLLSLLILI,LLLYILLATLLGVLLLLLILI,JC,clash,,,,,,,,,,,,,,,,,,,,,,,,,,,,,Mutant,clash
LLLYILLATLLGVLLSLLILI,LLLYILLATLLGVLLILLILI,JC,clash,,,,,,,,,,,,,,,,,,,,,,,,,,,,,Mutant,clash
LLLYILLGVLLGLLLGFLILI,LLLYILLLVLLGLLLGFLILI,JC,clash,,,,,,,,,,,,,,,,,,,,,,,,,,,,,Mutant,clash
LLLYILLGVLLGLLLGFLILI,LLLYILLGVLLILLLGFLILI,JC,clash,,,,,,,,,,,,,,,,,,,,,,,,,,,,,Mutant,clash
LLLYILLGVLLGLLLGFLILI,LLLYILLIVLLGLLLGFLILI,JC,clash,,,,,,,,,,,,,,,,,,,,,,,,,,,,,Mutant,clash
LLLYILLGVLLGLLLGFLILI,LLLYILLGVLLLLLLGFLILI,JC,clash,,,,,,,,,,,,,,,,,,,,,,,,,,,,,Mutant,clash
LLLYLLLALLLGTLLAFLILI,LLLYLLLALLLITLLAFLILI,JC,clash,,,,,,,,,,,,,,,,,,,,,,,,,,,,,Mutant,clash
LLLYLLLALLLGTLLAFLILI,LLLYLLLALLLLTLLAFLILI,JC,clash,,,,,,,,,,,,,,,,,,,,,,,,,,,,,Mutant,clash
LLLYLLLALLLGTLLAFLILI,LLLYLLLALLLGTLLLFLILI,JC,clash,,,,,,,,,,,,,,,,,,,,,,,,,,,,,Mutant,clash
LLLYLLLALLLGTLLAFLILI,LLLYLLLLLLLGTLLAFLILI,JC,clash,,,,,,,,,,,,,,,,,,,,,,,,,,,,,Mutant,clash
LLLYLLLALLLGTLLAFLILI,LLLYLLLALLLGTLLIFLILI,JC,clash,,,,,,,,,,,,,,,,,,,,,,,,,,,,,Mutant,clash
LLLYLLLALLLGTLLAFLILI,LLLYLLLILLLGTLLAFLILI,JC,clash,,,,,,,,,,,,,,,,,,,,,,,,,,,,,Mutant,clash
LLLYLLLASLLGILLTFLILI,LLLYLLLASLLLILLTFLILI,JC,clash,,,,,,,,,,,,,,,,,,,,,,,,,,,,,Mutant,clash
LLLYLLLASLLGILLTFLILI,LLLYLLLASLLIILLTFLILI,JC,clash,,,,,,,,,,,,,,,,,,,,,,,,,,,,,Mutant,clash
LLLYLLLASLLGILLTFLILI,LLLYLLLLSLLGILLTFLILI,JC,clash,,,,,,,,,,,,,,,,,,,,,,,,,,,,,Mutant,clash
LLLYLLLASLLGILLTFLILI,LLLYLLLISLLGILLTFLILI,JC,clash,,,,,,,,,,,,,,,,,,,,,,,,,,,,,Mutant,clash
LLLYLLLASLLGTLLTFLILI,LLLYLLLASLLITLLTFLILI,JC,clash,,,,,,,,,,,,,,,,,,,,,,,,,,,,,Mutant,clash
LLLYLLLASLLGTLLTFLILI,LLLYLLLLSLLGTLLTFLILI,JC,clash,,,,,,,,,,,,,,,,,,,,,,,,,,,,,Mutant,clash
LLLYLLLASLLGTLLTFLILI,LLLYLLLASLLLTLLTFLILI,JC,clash,,,,,,,,,,,,,,,,,,,,,,,,,,,,,Mutant,clash
LLLYLLLASLLGTLLTFLILI,LLLYLLLISLLGTLLTFLILI,JC,clash,,,,,,,,,,,,,,,,,,,,,,,,,,,,,Mutant,clash
LLLYLLLATLLGILLAFLILI,LLLYLLLLTLLGILLAFLILI,JC,clash,,,,,,,,,,,,,,,,,,,,,,,,,,,,,Mutant,clash
LLLYLLLATLLGILLAFLILI,LLLYLLLATLLGILLIFLILI,JC,clash,,,,,,,,,,,,,,,,,,,,,,,,,,,,,Mutant,clash
LLLYLLLATLLGILLAFLILI,LLLYLLLATLLLILLAFLILI,JC,clash,,,,,,,,,,,,,,,,,,,,,,,,,,,,,Mutant,clash
LLLYLLLATLLGILLAFLILI,LLLYLLLATLLGILLLFLILI,JC,clash,,,,,,,,,,,,,,,,,,,,,,,,,,,,,Mutant,clash
LLLYLLLATLLGILLAFLILI,LLLYLLLATLLIILLAFLILI,JC,clash,,,,,,,,,,,,,,,,,,,,,,,,,,,,,Mutant,clash
LLLYLLLATLLGILLAFLILI,LLLYLLLITLLGILLAFLILI,JC,clash,,,,,,,,,,,,,,,,,,,,,,,,,,,,,Mutant,clash
LLLYLLLATLLGVLLSILILI,LLLYLLLATLLLVLLSILILI,JC,clash,,,,,,,,,,,,,,,,,,,,,,,,,,,,,Mutant,clash
LLLYLLLATLLGVLLSILILI,LLLYLLLATLLIVLLSILILI,JC,clash,,,,,,,,,,,,,,,,,,,,,,,,,,,,,Mutant,clash
LLLYLLLATLLGVLLSILILI,LLLYLLLATLLGVLLIILILI,JC,clash,,,,,,,,,,,,,,,,,,,,,,,,,,,,,Mutant,clash
LLLYLLLATLLGVLLSILILI,LLLYLLLATLLGVLLLILILI,JC,clash,,,,,,,,,,,,,,,,,,,,,,,,,,,,,Mutant,clash
LLLYLLLATLLGVLLSILILI,LLLYLLLLTLLGVLLSILILI,JC,clash,,,,,,,,,,,,,,,,,,,,,,,,,,,,,Mutant,clash
LLLYLLLATLLGVLLSILILI,LLLYLLLITLLGVLLSILILI,JC,clash,,,,,,,,,,,,,,,,,,,,,,,,,,,,,Mutant,clash
LLLYLLLAVLLGTLLAFLILI,LLLYLLLAVLLLTLLAFLILI,JC,clash,,,,,,,,,,,,,,,,,,,,,,,,,,,,,Mutant,clash
LLLYLLLAVLLGTLLAFLILI,LLLYLLLIVLLGTLLAFLILI,JC,clash,,,,,,,,,,,,,,,,,,,,,,,,,,,,,Mutant,clash
LLLYLLLAVLLGTLLAFLILI,LLLYLLLLVLLGTLLAFLILI,JC,clash,,,,,,,,,,,,,,,,,,,,,,,,,,,,,Mutant,clash
LLLYLLLAVLLGTLLAFLILI,LLLYLLLAVLLITLLAFLILI,JC,clash,,,,,,,,,,,,,,,,,,,,,,,,,,,,,Mutant,clash
LLLYLLLGALLGILLTFLILI,LLLYLLLGALLLILLTFLILI,JC,clash,,,,,,,,,,,,,,,,,,,,,,,,,,,,,Mutant,clash
LLLYLLLGALLGILLTFLILI,LLLYLLLGALLIILLTFLILI,JC,clash,,,,,,,,,,,,,,,,,,,,,,,,,,,,,Mutant,clash
LLLYLLLGALLGILLTFLILI,LLLYLLLLALLGILLTFLILI,JC,clash,,,,,,,,,,,,,,,,,,,,,,,,,,,,,Mutant,clash
LLLYLLLGALLGILLTFLILI,LLLYLLLIALLGILLTFLILI,JC,clash,,,,,,,,,,,,,,,,,,,,,,,,,,,,,Mutant,clash
LLLYLLLGILLGFLLATLILI,LLLYLLLLILLGFLLATLILI,JC,clash,,,,,,,,,,,,,,,,,,,,,,,,,,,,,Mutant,clash
LLLYLLLGILLGTLLAFLILI,LLLYLLLLILLGTLLAFLILI,JC,clash,,,,,,,,,,,,,,,,,,,,,,,,,,,,,Mutant,clash
LLLYLLLGSLLGTLLAFLILI,LLLYLLLGSLLGTLLIFLILI,JC,clash,,,,,,,,,,,,,,,,,,,,,,,,,,,,,Mutant,clash
LLLYLLLGSLLGTLLAFLILI,LLLYLLLGSLLGTLLLFLILI,JC,clash,,,,,,,,,,,,,,,,,,,,,,,,,,,,,Mutant,clash
LLLYLLLGSLLGTLLAFLILI,LLLYLLLISLLGTLLAFLILI,JC,clash,,,,,,,,,,,,,,,,,,,,,,,,,,,,,Mutant,clash
LLLYLLLGSLLGTLLAFLILI,LLLYLLLGSLLITLLAFLILI,JC,clash,,,,,,,,,,,,,,,,,,,,,,,,,,,,,Mutant,clash
LLLYLLLGSLLGTLLAFLILI,LLLYLLLLSLLGTLLAFLILI,JC,clash,,,,,,,,,,,,,,,,,,,,,,,,,,,,,Mutant,clash
LLLYLLLGSLLGTLLAFLILI,LLLYLLLGSLLLTLLAFLILI,JC,clash,,,,,,,,,,,,,,,,,,,,,,,,,,,,,Mutant,clash
LLLYLLLGTLLGILLAFLILI,LLLYLLLGTLLGILLLFLILI,JC,clash,,,,,,,,,,,,,,,,,,,,,,,,,,,,,Mutant,clash
LLLYLLLGTLLGILLAFLILI,LLLYLLLGTLLLILLAFLILI,JC,clash,,,,,,,,,,,,,,,,,,,,,,,,,,,,,Mutant,clash
LLLYLLLGVLLGFLLATLILI,LLLYLLLGVLLGFLLITLILI,JC,clash,,,,,,,,,,,,,,,,,,,,,,,,,,,,,Mutant,clash
LLLYLLLGVLLGFLLATLILI,LLLYLLLGVLLIFLLATLILI,JC,clash,,,,,,,,,,,,,,,,,,,,,,,,,,,,,Mutant,clash
LLLYLLLGVLLGFLLATLILI,LLLYLLLGVLLGFLLLTLILI,JC,clash,,,,,,,,,,,,,,,,,,,,,,,,,,,,,Mutant,clash
LLLYLLLGVLLGFLLATLILI,LLLYLLLGVLLLFLLATLILI,JC,clash,,,,,,,,,,,,,,,,,,,,,,,,,,,,,Mutant,clash
LLLYLLLGVLLGTLLAFLILI,LLLYLLLGVLLGTLLLFLILI,JC,clash,,,,,,,,,,,,,,,,,,,,,,,,,,,,,Mutant,clash
LLLYLLLGVLLGTLLAFLILI,LLLYLLLGVLLITLLAFLILI,JC,clash,,,,,,,,,,,,,,,,,,,,,,,,,,,,,Mutant,clash
LLLYLLLGVLLGTLLAFLILI,LLLYLLLGVLLGTLLIFLILI,JC,clash,,,,,,,,,,,,,,,,,,,,,,,,,,,,,Mutant,clash
LLLYLLLGVLLGTLLAFLILI,LLLYLLLGVLLLTLLAFLILI,JC,clash,,,,,,,,,,,,,,,,,,,,,,,,,,,,,Mutant,clash
LLLYSLLTVLLGILLALLILI,LLLYSLLTVLLGILLILLILI,JC,clash,,,,,,,,,,,,,,,,,,,,,,,,,,,,,Mutant,clash
LLLYSLLTVLLGILLALLILI,LLLYSLLTVLLIILLALLILI,JC,clash,,,,,,,,,,,,,,,,,,,,,,,,,,,,,Mutant,clash
LLLYSLLTVLLGILLALLILI,LLLYSLLTVLLGILLLLLILI,JC,clash,,,,,,,,,,,,,,,,,,,,,,,,,,,,,Mutant,clash
LLLYSLLTVLLGILLALLILI,LLLYSLLTVLLLILLALLILI,JC,clash,,,,,,,,,,,,,,,,,,,,,,,,,,,,,Mutant,clash
LLLYTLLALLLGILLAFLILI,LLLYTLLALLLGILLLFLILI,JC,clash,,,,,,,,,,,,,,,,,,,,,,,,,,,,,Mutant,clash
LLLYTLLALLLGILLAFLILI,LLLYTLLLLLLGILLAFLILI,JC,clash,,,,,,,,,,,,,,,,,,,,,,,,,,,,,Mutant,clash
LLLYTLLALLLGILLAFLILI,LLLYTLLALLLIILLAFLILI,JC,clash,,,,,,,,,,,,,,,,,,,,,,,,,,,,,Mutant,clash
LLLYTLLALLLGILLAFLILI,LLLYTLLILLLGILLAFLILI,JC,clash,,,,,,,,,,,,,,,,,,,,,,,,,,,,,Mutant,clash
LLLYTLLALLLGILLAFLILI,LLLYTLLALLLLILLAFLILI,JC,clash,,,,,,,,,,,,,,,,,,,,,,,,,,,,,Mutant,clash
LLLYTLLALLLGILLGFLILI,LLLYTLLILLLGILLGFLILI,JC,clash,,,,,,,,,,,,,,,,,,,,,,,,,,,,,Mutant,clash
LLLYTLLATLLGALLFLLILI,LLLYTLLLTLLGALLFLLILI,JC,clash,,,,,,,,,,,,,,,,,,,,,,,,,,,,,Mutant,clash
LLLYTLLATLLGALLFLLILI,LLLYTLLATLLIALLFLLILI,JC,clash,,,,,,,,,,,,,,,,,,,,,,,,,,,,,Mutant,clash
LLLYTLLATLLGALLFLLILI,LLLYTLLITLLGALLFLLILI,JC,clash,,,,,,,,,,,,,,,,,,,,,,,,,,,,,Mutant,clash
LLLYTLLATLLGALLFLLILI,LLLYTLLATLLLALLFLLILI,JC,clash,,,,,,,,,,,,,,,,,,,,,,,,,,,,,Mutant,clash
LLLYTLLGALLGILLSVLILI,LLLYTLLLALLGILLSVLILI,JC,clash,,,,,,,,,,,,,,,,,,,,,,,,,,,,,Mutant,clash
LLLYTLLGALLGILLSVLILI,LLLYTLLGALLGILLLVLILI,JC,clash,,,,,,,,,,,,,,,,,,,,,,,,,,,,,Mutant,clash
LLLYTLLGALLGILLSVLILI,LLLYTLLIALLGILLSVLILI,JC,clash,,,,,,,,,,,,,,,,,,,,,,,,,,,,,Mutant,clash
LLLYTLLGALLGILLSVLILI,LLLYTLLGALLGILLIVLILI,JC,clash,,,,,,,,,,,,,,,,,,,,,,,,,,,,,Mutant,clash
LLLYTLLGALLGILLSVLILI,LLLYTLLGALLLILLSVLILI,JC,clash,,,,,,,,,,,,,,,,,,,,,,,,,,,,,Mutant,clash
LLLYTLLGALLGILLSVLILI,LLLYTLLGALLIILLSVLILI,JC,clash,,,,,,,,,,,,,,,,,,,,,,,,,,,,,Mutant,clash
LLLYTLLGVLLGLLLGFLILI,LLLYTLLGVLLILLLGFLILI,JC,clash,,,,,,,,,,,,,,,,,,,,,,,,,,,,,Mutant,clash
LLLYVLLATLLGALLFLLILI,LLLYVLLLTLLGALLFLLILI,JC,clash,,,,,,,,,,,,,,,,,,,,,,,,,,,,,Mutant,clash
LLLYVLLATLLGALLFLLILI,LLLYVLLATLLIALLFLLILI,JC,clash,,,,,,,,,,,,,,,,,,,,,,,,,,,,,Mutant,clash
LLLYVLLATLLGALLFLLILI,LLLYVLLATLLLALLFLLILI,JC,clash,,,,,,,,,,,,,,,,,,,,,,,,,,,,,Mutant,clash
LLLYVLLATLLGALLFLLILI,LLLYVLLITLLGALLFLLILI,JC,clash,,,,,,,,,,,,,,,,,,,,,,,,,,,,,Mutant,clash
LLLYVLLATLLGLLLGFLILI,LLLYVLLATLLGLLLLFLILI,JC,clash,,,,,,,,,,,,,,,,,,,,,,,,,,,,,Mutant,clash
LLLYVLLATLLGLLLGFLILI,LLLYVLLLTLLGLLLGFLILI,JC,clash,,,,,,,,,,,,,,,,,,,,,,,,,,,,,Mutant,clash
LLLYVLLATLLGLLLGFLILI,LLLYVLLATLLLLLLGFLILI,JC,clash,,,,,,,,,,,,,,,,,,,,,,,,,,,,,Mutant,clash
LLLYVLLATLLGLLLGFLILI,LLLYVLLATLLGLLLIFLILI,JC,clash,,,,,,,,,,,,,,,,,,,,,,,,,,,,,Mutant,clash
LLLYVLLGALLGFLLALLILI,LLLYVLLGALLIFLLALLILI,JC,clash,,,,,,,,,,,,,,,,,,,,,,,,,,,,,Mutant,clash
LLLYVLLGALLGFLLALLILI,LLLYVLLGALLGFLLILLILI,JC,clash,,,,,,,,,,,,,,,,,,,,,,,,,,,,,Mutant,clash
LLLYVLLGALLGFLLALLILI,LLLYVLLLALLGFLLALLILI,JC,clash,,,,,,,,,,,,,,,,,,,,,,,,,,,,,Mutant,clash
LLLYVLLGALLGFLLALLILI,LLLYVLLGALLLFLLALLILI,JC,clash,,,,,,,,,,,,,,,,,,,,,,,,,,,,,Mutant,clash
LLLYVLLGALLGFLLALLILI,LLLYVLLIALLGFLLALLILI,JC,clash,,,,,,,,,,,,,,,,,,,,,,,,,,,,,Mutant,clash
LLLYVLLGALLGFLLALLILI,LLLYVLLGALLGFLLLLLILI,JC,clash,,,,,,,,,,,,,,,,,,,,,,,,,,,,,Mutant,clash
LLLYVLLGALLGILLTLLILI,LLLYVLLGALLLILLTLLILI,JC,clash,,,,,,,,,,,,,,,,,,,,,,,,,,,,,Mutant,clash
LLLYVLLGALLGILLTLLILI,LLLYVLLLALLGILLTLLILI,JC,clash,,,,,,,,,,,,,,,,,,,,,,,,,,,,,Mutant,clash
LLLYVLLGILLGLLLAFLILI,LLLYVLLGILLLLLLAFLILI,JC,clash,,,,,,,,,,,,,,,,,,,,,,,,,,,,,Mutant,clash
LLLYVLLGILLGLLLAFLILI,LLLYVLLLILLGLLLAFLILI,JC,clash,,,,,,,,,,,,,,,,,,,,,,,,,,,,,Mutant,clash
LLLYVLLGILLGLLLGFLILI,LLLYVLLGILLILLLGFLILI,JC,clash,,,,,,,,,,,,,,,,,,,,,,,,,,,,,Mutant,clash
