Sequence,Type,Clash Mutant,Mutant Type,Geometry,Interface,Seed,HBONDDimerOptimize,HBONDDimerPreOptimize,HBONDMonomer,IMM1DimerOptimize,IMM1DimerPreOptimize,IMM1Monomer,Monomer,MonomerSasa,OptimizeSasa,PreBBOptimizeSasa,Total,TotalPreOptimize,VDWDimerOptimize,VDWDimerPreOptimize,VDWMonomer,endAxialRotation,endAxialRotationPrime,endCrossingAngle,endXShift,endZShift,endZShiftPrime,firstRepackEnergy,preOptimizeAxialRotation,preOptimizeAxialRotationPrime,preOptimizeCrossingAngle,preOptimizeEnergy,preOptimizeXShift,preOptimizeZShift,preOptimizeZShiftPrime,replicateNumber,Directory,PercentGpA,PercentStd,Sample,LB-12H_M9-36H
SYLLVLLLGALLGFL,WT,LLLSALLVLLLGALLGFLILI,void,LLLSYLLVLLLGALLGFLILI_2,1.1001100110011e+17,1.0,-66.336,-68.2701,-44.9843,-229.782,-231.461,-249.795,-340.466,4624.26,3651.08,3468.63,-27.6836,4280.05,-72.0313,4239.31,-45.6874,-46.4585,70.7855,-50.3229,6.94224,3.02482,2.5866,3955.65,-47.4319,67.7648,-45.0,3920.32,6.6781,2.76303,2.2795,2.0,LLLSYLLVLLLGALLGFLILI,0.72702512380843,0.0120967029210174,G,99999900.0
SYLLVLLLGALLGFL,WT,LLLSALLVLLLGALLGFLILI,void,LLLSYLLVLLLGALLGFLILI_1,1.1001100110011e+17,1.0,-69.9368,-72.8346,-44.9843,-230.29,-230.348,-249.795,-340.466,4624.26,3627.91,3468.63,-26.3613,4283.08,-66.6004,4245.8,-45.6874,-47.4523,72.5152,-48.6166,6.8111,3.4074,2.99513,3341.5,-47.4319,67.7648,-45.0,3920.32,6.6781,2.76303,2.2795,1.0,LLLSYLLVLLLGALLGFLILI,0.72702512380843,0.0120967029210174,G,99999900.0
SYLLVLLLGALLGFL,WT,LLLSALLVLLLGALLGFLILI,void,LLLSYLLVLLLGALLGFLILI_0,1.1001100110011e+17,1.0,-68.6426,-76.1042,-44.9843,-229.11,-230.155,-249.795,-340.466,4624.26,3715.38,3468.63,-24.2846,4260.79,-66.9979,4226.58,-45.6874,-46.8134,68.6146,-51.523,6.65091,2.78498,2.31419,976.331,-47.4319,67.7648,-45.0,3920.32,6.6781,2.76303,2.2795,0.0,LLLSYLLVLLLGALLGFLILI,0.72702512380843,0.0120967029210174,G,99999900.0
YFLLALLLGTLLGSL,WT,LLLYFLLALLLITLLGSLILI,clash,LLLYFLLALLLGTLLGSLILI_0,1.1001100110011e+17,1.0,-78.3189,-83.9993,-74.1108,-233.512,-223.528,-244.875,-349.27,4648.58,3560.72,3498.43,-35.4122,118014.0,-72.8514,117972.0,-30.2842,-75.6369,53.8835,-36.7396,6.94922,5.11981,4.42806,81998.1,-62.8637,50.8317,-39.7383,117665.0,6.5162,2.79183,2.05431,0.0,LLLYFLLALLLGTLLGSLILI,0.31218013638322,0.0183031680500303,G,99999900.0
YFLLALLLGTLLGSL,WT,LLLYFLLALLLITLLGSLILI,clash,LLLYFLLALLLGTLLGSLILI_2,1.1001100110011e+17,1.0,-75.2238,-74.1108,-74.1108,-224.996,-226.137,-244.875,-349.27,4648.58,3575.18,3498.43,-19.5134,118035.0,-68.5638,117986.0,-30.2842,-71.8979,42.8839,-39.8919,7.14753,3.074,2.21726,117125.0,-62.8637,50.8317,-39.7383,117665.0,6.5162,2.79183,2.05431,2.0,LLLYFLLALLLGTLLGSLILI,0.31218013638322,0.0183031680500303,G,99999900.0
YFLLALLLGTLLGSL,WT,LLLYFLLALLLITLLGSLILI,clash,LLLYFLLALLLGTLLGSLILI_1,1.1001100110011e+17,1.0,-74.1108,-78.3478,-74.1108,-225.467,-235.081,-244.875,-349.27,4648.58,3658.44,3498.43,-17.3149,118578.0,-67.0076,118542.0,-30.2842,-70.6988,45.0895,-38.8489,7.39472,3.19189,2.36823,115557.0,-62.8637,50.8317,-39.7383,117665.0,6.5162,2.79183,2.05431,1.0,LLLYFLLALLLGTLLGSLILI,0.31218013638322,0.0183031680500303,G,99999900.0
YVLLGILLGLLLSFL,WT,LLLYVLLGILLILLLSFLILI,clash,LLLYVLLGILLGLLLSFLILI_0,1.1001100110011e+17,1.0,-70.7177,-73.8263,-60.3102,-239.107,-218.649,-248.033,-352.569,4605.0,3690.96,3595.96,-49.2177,-18.4734,-91.9626,-78.5676,-44.2259,-91.4381,66.4077,-42.0925,7.00402,9.18076,8.67687,-18.8621,-91.43,48.2927,-36.5962,-371.043,7.0472,6.73401,5.9584,0.0,LLLYVLLGILLGLLLSFLILI,0.933097694444347,0.0983222165783747,G,99999900.0
YVLLGILLGLLLSFL,WT,LLLYVLLGILLILLLSFLILI,clash,LLLYVLLGILLGLLLSFLILI_2,1.1001100110011e+17,1.0,-74.1755,-73.8263,-60.3102,-217.617,-218.649,-248.033,-352.569,4605.0,3675.45,3595.96,-30.9096,-18.4734,-91.6868,-78.5676,-44.2259,-90.4882,44.8981,-39.6675,6.92053,6.13447,5.30795,-16.6261,-91.43,48.2927,-36.5962,-371.043,7.0472,6.73401,5.9584,2.0,LLLYVLLGILLGLLLSFLILI,0.933097694444347,0.0983222165783747,G,99999900.0
YVLLGILLGLLLSFL,WT,LLLYVLLGILLILLLSFLILI,clash,LLLYVLLGILLGLLLSFLILI_1,1.1001100110011e+17,1.0,-73.8263,-70.7578,-60.3102,-218.649,-233.844,-248.033,-352.569,4605.0,3675.73,3595.96,-18.4734,-30.3772,-78.5676,-78.3444,-44.2259,-91.43,48.2927,-36.5962,7.0472,6.73401,5.9584,-18.4873,-91.43,48.2927,-36.5962,-371.043,7.0472,6.73401,5.9584,1.0,LLLYVLLGILLGLLLSFLILI,0.933097694444347,0.0983222165783747,G,99999900.0
YFLLGTLLGALLGLL,WT,LLLYFLLITLLGALLGLLILI,clash,LLLYFLLGTLLGALLGLLILI_0,1.1001100110011e+17,1.0,-67.8755,-71.9354,-58.7237,-230.743,-225.614,-241.707,-330.996,4639.13,3885.36,3689.04,-33.0203,52026.4,-65.3975,51992.9,-30.565,-35.6956,80.6273,-49.953,6.92846,2.73903,2.44844,13876.1,-43.2635,63.1811,-42.5139,51695.4,7.006,1.51898,0.966697,0.0,LLLYFLLGTLLGALLGLLILI,0.869686537116884,0.0621515002064559,G,99999900.0
YFLLGTLLGALLGLL,WT,LLLYFLLITLLGALLGLLILI,clash,LLLYFLLGTLLGALLGLLILI_1,1.1001100110011e+17,1.0,-64.1031,-67.8755,-58.7237,-228.438,-231.902,-241.707,-330.996,4639.13,3868.14,3689.04,-28.5436,52032.0,-66.9988,52000.8,-30.565,-42.9436,71.0608,-47.7115,7.42164,2.53474,2.10065,23519.7,-43.2635,63.1811,-42.5139,51695.4,7.006,1.51898,0.966697,1.0,LLLYFLLGTLLGALLGLLILI,0.869686537116884,0.0621515002064559,G,99999900.0
YFLLGTLLGALLGLL,WT,LLLYFLLITLLGALLGLLILI,clash,LLLYFLLGTLLGALLGLLILI_2,1.1001100110011e+17,1.0,-63.4364,-64.1031,-58.7237,-228.978,-230.347,-241.707,-330.996,4639.13,3846.1,3689.04,-28.3661,52036.6,-66.9481,52000.1,-30.565,-42.7248,72.8592,-47.2509,7.5008,2.74471,2.3376,25753.4,-43.2635,63.1811,-42.5139,51695.4,7.006,1.51898,0.966697,2.0,LLLYFLLGTLLGALLGLLILI,0.869686537116884,0.0621515002064559,G,99999900.0
AYLLVFLLGLLLGSL,WT,LLLAYLLVALLGLLLGSLILI,void,LLLAYLLVFLLGLLLGSLILI_2,1.1001100110011e+17,1.0,-69.1854,-72.351,-60.3448,-226.314,-226.264,-241.935,-344.982,4612.82,3594.61,3465.61,-21.8711,3684.39,-71.3537,3638.03,-42.7015,-46.1363,63.4841,-46.1329,7.43588,1.99079,1.44305,2282.85,-47.9501,60.2066,-41.6343,3339.41,7.3755,1.8204,1.2235,2.0,LLLAYLLVFLLGLLLGSLILI,1.75250862131401,0.880789043694991,G,99999900.0
AYLLVFLLGLLLGSL,WT,LLLAYLLVALLGLLLGSLILI,void,LLLAYLLVFLLGLLLGSLILI_0,1.1001100110011e+17,1.0,-68.3972,-72.351,-60.3448,-225.201,-226.264,-241.935,-344.982,4612.82,3547.73,3465.61,-20.1125,3684.39,-71.4965,3638.03,-42.7015,-49.8536,54.0678,-46.4135,7.48957,1.2772,0.588212,3331.7,-47.9501,60.2066,-41.6343,3339.41,7.3755,1.8204,1.2235,0.0,LLLAYLLVFLLGLLLGSLILI,1.75250862131401,0.880789043694991,G,99999900.0
AYLLVFLLGLLLGSL,WT,LLLAYLLVALLGLLLGSLILI,void,LLLAYLLVFLLGLLLGSLILI_1,1.1001100110011e+17,1.0,-72.351,-68.3972,-60.3448,-226.264,-226.149,-241.935,-344.982,4612.82,3501.4,3465.61,3684.39,-9.47953,3638.03,-59.915,-42.7015,-47.9501,60.2066,-41.6343,7.3755,1.8204,1.2235,1262.83,-47.9501,60.2066,-41.6343,3339.41,7.3755,1.8204,1.2235,1.0,LLLAYLLVFLLGLLLGSLILI,1.75250862131401,0.880789043694991,G,99999900.0
AYLLFLLLGVLLGSL,WT,LLLAYLLFALLGVLLGSLILI,void,LLLAYLLFLLLGVLLGSLILI_0,1.1001100110011e+17,1.0,-60.2995,-68.9322,-60.2995,-227.31,-223.177,-240.738,-343.489,4608.69,3611.76,3469.5,-18.8643,98011.9,-74.744,97960.5,-42.4512,-57.4224,64.2495,-34.3887,8.2674,3.78705,3.25079,96691.3,-60.8008,50.4599,-37.6027,97668.4,7.1589,2.4322,1.6891,0.0,LLLAYLLFLLLGVLLGSLILI,0.994548313058025,0.740188971128147,G,99999900.0
AYLLFLLLGVLLGSL,WT,LLLAYLLFALLGVLLGSLILI,void,LLLAYLLFLLLGVLLGSLILI_2,1.1001100110011e+17,1.0,-60.2995,-60.2995,-60.2995,-224.657,-225.873,-240.738,-343.489,4608.69,3598.54,3469.5,-16.973,98031.4,-75.5058,97974.1,-42.4512,-66.255,48.2972,-35.3002,8.44635,2.95838,2.18283,97962.4,-60.8008,50.4599,-37.6027,97668.4,7.1589,2.4322,1.6891,2.0,LLLAYLLFLLLGVLLGSLILI,0.994548313058025,0.740188971128147,G,99999900.0
AYLLFLLLGVLLGSL,WT,LLLAYLLFALLGVLLGSLILI,void,LLLAYLLFLLLGVLLGSLILI_1,1.1001100110011e+17,1.0,-60.2995,-60.2995,-60.2995,-225.116,-228.167,-240.738,-343.489,4608.69,3560.36,3469.5,-16.9488,98034.7,-75.0218,97979.6,-42.4512,-68.5464,46.6187,-35.5888,8.05472,3.07549,2.27477,95724.3,-60.8008,50.4599,-37.6027,97668.4,7.1589,2.4322,1.6891,1.0,LLLAYLLFLLLGVLLGSLILI,0.994548313058025,0.740188971128147,G,99999900.0
AYLLGVLLGLLLGFL,WT,LLLAYLLGVLLILLLGFLILI,clash,LLLAYLLGVLLGLLLGFLILI_1,1.1001100110011e+17,1.0,-61.678,-62.1253,-44.9604,-227.346,-222.523,-239.799,-328.0,4557.62,3474.28,3371.83,-54.4657,-44.2174,-93.4425,-87.5694,-43.2406,-82.2827,41.8481,-35.4166,6.6855,4.4919,3.61962,-49.9076,-78.3342,38.1851,-39.2997,-378.029,6.6883,3.40512,2.4779,1.0,LLLAYLLGVLLGLLLGFLILI,1.19201071490575,0.0892622277166617,G,99999900.0
AYLLGVLLGLLLGFL,WT,LLLAYLLGVLLILLLGFLILI,clash,LLLAYLLGVLLGLLLGFLILI_2,1.1001100110011e+17,1.0,-59.1214,-62.6154,-44.9604,-227.47,-226.193,-239.799,-328.0,4557.62,3528.43,3371.83,-53.6265,66.0562,-95.0357,26.8638,-43.2406,-82.4242,40.6601,-38.2416,6.60802,4.35275,3.46265,-49.6977,-78.3342,38.1851,-39.2997,-378.029,6.6883,3.40512,2.4779,2.0,LLLAYLLGVLLGLLLGFLILI,1.19201071490575,0.0892622277166617,G,99999900.0
AYLLGVLLGLLLGFL,WT,LLLAYLLGVLLILLLGFLILI,clash,LLLAYLLGVLLGLLLGFLILI_2,1.1001100110011e+17,1.0,-60.4484,-58.0007,-44.9046,-223.459,-218.598,-239.575,-327.774,4554.52,3516.95,3381.95,-51.1659,297.059,-95.033,245.884,-43.2948,-78.4257,46.4539,-36.9104,6.57195,4.53512,3.73193,279.969,-71.2876,45.5524,-38.516,-30.715,6.6243,3.34271,2.526,2.0,LLLAYLLGVLLGLLLGFLILI,1.19201071490575,0.0892622277166617,G,99999900.0
AYLLGVLLGLLLGFL,WT,LLLAYLLGVLLILLLGFLILI,clash,LLLAYLLGVLLGLLLGFLILI_0,1.1001100110011e+17,1.0,-58.991,-60.04,-44.9604,-223.19,-223.145,-239.799,-328.0,4557.62,3485.5,3371.83,-50.484,-50.0289,-96.3031,-94.8445,-43.2406,-77.0027,39.7574,-37.7506,6.61911,3.41765,2.51401,-49.9248,-78.3342,38.1851,-39.2997,-378.029,6.6883,3.40512,2.4779,0.0,LLLAYLLGVLLGLLLGFLILI,1.19201071490575,0.0892622277166617,G,99999900.0
AYLLGVLLGLLLGFL,WT,LLLAYLLGVLLILLLGFLILI,clash,LLLAYLLGVLLGLLLGFLILI_0,1.1001100110011e+17,1.0,-60.4839,-58.0007,-44.9046,-219.344,-218.598,-239.575,-327.774,4554.52,3465.88,3381.95,-46.9547,297.059,-94.9012,245.884,-43.2948,-75.4193,43.4951,-36.9568,6.59569,3.68474,2.83716,289.537,-71.2876,45.5524,-38.516,-30.715,6.6243,3.34271,2.526,0.0,LLLAYLLGVLLGLLLGFLILI,1.19201071490575,0.0892622277166617,G,99999900.0
AYLLGVLLGLLLGFL,WT,LLLAYLLGVLLILLLGFLILI,clash,LLLAYLLGVLLGLLLGFLILI_1,1.1001100110011e+17,1.0,-58.0007,-60.432,-44.9046,-218.598,-219.344,-239.575,-327.774,4554.52,3495.73,3381.95,297.059,-40.6033,245.884,-88.6014,-43.2948,-71.2876,45.5524,-38.516,6.6243,3.34271,2.526,237.453,-71.2876,45.5524,-38.516,-30.715,6.6243,3.34271,2.526,1.0,LLLAYLLGVLLGLLLGFLILI,1.19201071490575,0.0892622277166617,G,99999900.0
SYLLGVLLGLLLGFL,WT,LLLSYLLIVLLGLLLGFLILI,clash,LLLSYLLGVLLGLLLGFLILI_1,1.1001100110011e+17,1.0,-71.156,-71.3512,-44.9456,-224.964,-224.226,-249.623,-338.562,4557.35,3556.12,3559.79,-46.4441,-41.4228,-88.8858,-84.408,-43.9933,-82.004,34.7114,-43.3784,6.82362,3.48663,2.5073,-37.5852,-76.9679,35.2534,-45.0,-378.098,6.6086,2.8044,1.8332,1.0,LLLSYLLGVLLGLLLGFLILI,1.05598092764564,0.0767934589066508,G,99999900.0
SYLLGVLLGLLLGFL,WT,LLLSYLLIVLLGLLLGFLILI,clash,LLLSYLLGVLLGLLLGFLILI_2,1.1001100110011e+17,1.0,-69.7761,-71.2094,-44.9456,-223.255,-225.04,-249.623,-338.562,4557.35,3606.34,3559.79,-45.6924,-40.106,-91.2228,-82.4183,-43.9933,-81.4855,35.4289,-41.3875,6.84104,3.50572,2.53716,-39.4694,-76.9679,35.2534,-45.0,-378.098,6.6086,2.8044,1.8332,2.0,LLLSYLLGVLLGLLLGFLILI,1.05598092764564,0.0767934589066508,G,99999900.0
SYLLGVLLGLLLGFL,WT,LLLSYLLIVLLGLLLGFLILI,clash,LLLSYLLGVLLGLLLGFLILI_0,1.1001100110011e+17,1.0,-71.3205,-67.2697,-44.9456,-223.805,-225.101,-249.623,-338.562,4557.35,3661.31,3559.79,-45.396,-39.5362,-88.8321,-85.7276,-43.9933,-79.2784,33.5893,-43.702,6.77273,2.92632,1.93016,-40.3468,-76.9679,35.2534,-45.0,-378.098,6.6086,2.8044,1.8332,0.0,LLLSYLLGVLLGLLLGFLILI,1.05598092764564,0.0767934589066508,G,99999900.0
SYLLGVLLGLLLGFL,WT,LLLSYLLIVLLGLLLGFLILI,clash,LLLSYLLGVLLGLLLGFLILI_0,1.1001100110011e+17,1.0,-71.5111,-64.617,-44.9022,-223.004,-223.621,-250.518,-339.487,4563.46,3561.73,3518.03,-44.4257,-36.0433,-89.3973,-87.2921,-44.0668,-79.2601,34.0753,-43.2603,7.02986,2.98917,2.0003,-34.4286,-80.0419,31.8268,-44.1909,-375.53,7.2939,2.8029,1.7803,0.0,LLLSYLLGVLLGLLLGFLILI,1.05598092764564,0.0767934589066508,G,99999900.0
SYLLGVLLGLLLGFL,WT,LLLSYLLIVLLGLLLGFLILI,clash,LLLSYLLGVLLGLLLGFLILI_1,1.1001100110011e+17,1.0,-71.2558,-65.485,-44.9022,-223.32,-223.395,-250.518,-339.487,4563.46,3639.95,3518.03,-44.1829,-36.6201,-89.0936,-87.2272,-44.0668,-81.6756,31.5851,-44.0024,7.0776,3.01533,1.98911,-34.4535,-80.0419,31.8268,-44.1909,-375.53,7.2939,2.8029,1.7803,1.0,LLLSYLLGVLLGLLLGFLILI,1.05598092764564,0.0767934589066508,G,99999900.0
SYLLGVLLGLLLGFL,WT,LLLSYLLIVLLGLLLGFLILI,clash,LLLSYLLGVLLGLLLGFLILI_2,1.1001100110011e+17,1.0,-69.7634,-65.1249,-44.9022,-222.936,-223.683,-250.518,-339.487,4563.46,3578.23,3518.03,-42.3793,-36.3103,-89.1666,-86.9889,-44.0668,-81.4594,29.1068,-40.5694,7.08921,2.64833,1.58494,-34.3572,-80.0419,31.8268,-44.1909,-375.53,7.2939,2.8029,1.7803,2.0,LLLSYLLGVLLGLLLGFLILI,1.05598092764564,0.0767934589066508,G,99999900.0
AFLLGVLLGTLLGLL,WT,LLLAFLLGVLLITLLGLLILI,clash,LLLAFLLGVLLGTLLGLLILI_0,1.1001100110011e+17,1.0,-71.5558,-71.1534,-58.7088,-213.194,-212.676,-233.8,-339.023,4522.64,3430.28,3524.11,-38.8162,-36.5032,-93.0892,-91.6962,-46.5139,-92.4126,42.7461,-38.0602,6.79112,6.13262,5.27381,-36.8522,-92.5815,39.7325,-40.3169,-375.526,6.7382,5.75111,4.8471,0.0,LLLAFLLGVLLGTLLGLLILI,1.1958346586188,0.222847170550116,G,99999900.0
AFLLGVLLGTLLGLL,WT,LLLAFLLGVLLITLLGLLILI,clash,LLLAFLLGVLLGTLLGLLILI_1,1.1001100110011e+17,1.0,-66.0881,-58.6705,-58.6705,-220.508,-212.137,-233.785,-338.989,4524.49,3434.65,3413.79,-37.994,141804.0,-90.3867,141736.0,-46.5334,-74.7551,46.4661,-37.3409,6.71006,3.98619,3.18318,125976.0,-62.8637,50.8317,-39.7383,141432.0,6.5162,2.79183,2.05431,1.0,LLLAFLLGVLLGTLLGLLILI,1.1958346586188,0.222847170550116,G,99999900.0
AFLLGVLLGTLLGLL,WT,LLLAFLLGVLLITLLGLLILI,clash,LLLAFLLGVLLGTLLGLLILI_2,1.1001100110011e+17,1.0,-71.1964,-71.243,-58.7088,-212.132,-212.463,-233.8,-339.023,4522.64,3496.32,3524.11,-37.0458,-36.7949,-92.7397,-92.1115,-46.5139,-92.4258,40.4846,-39.3651,6.78495,5.82929,4.93656,-36.1124,-92.5815,39.7325,-40.3169,-375.526,6.7382,5.75111,4.8471,2.0,LLLAFLLGVLLGTLLGLLILI,1.1958346586188,0.222847170550116,G,99999900.0
AFLLGVLLGTLLGLL,WT,LLLAFLLGVLLITLLGLLILI,clash,LLLAFLLGVLLGTLLGLLILI_1,1.1001100110011e+17,1.0,-71.243,-71.5488,-58.7088,-211.879,-213.964,-233.8,-339.023,4522.64,3451.79,3524.11,-36.942,-34.8431,-92.8426,-88.3536,-46.5139,-91.9871,40.5247,-39.462,6.78121,5.7689,4.87677,-36.5958,-92.5815,39.7325,-40.3169,-375.526,6.7382,5.75111,4.8471,1.0,LLLAFLLGVLLGTLLGLLILI,1.1958346586188,0.222847170550116,G,99999900.0
AFLLGVLLGTLLGLL,WT,LLLAFLLGVLLITLLGLLILI,clash,LLLAFLLGVLLGTLLGLLILI_2,1.1001100110011e+17,1.0,-58.6705,-66.1485,-58.6705,-213.899,-221.775,-233.785,-338.989,4524.49,3597.85,3413.79,-5.98181,141770.0,-72.4007,141719.0,-46.5334,-69.9475,39.2508,-37.3993,7.71315,2.29098,1.37975,138858.0,-62.8637,50.8317,-39.7383,141432.0,6.5162,2.79183,2.05431,2.0,LLLAFLLGVLLGTLLGLLILI,1.1958346586188,0.222847170550116,G,99999900.0
AFLLGVLLGTLLGLL,WT,LLLAFLLGVLLITLLGLLILI,clash,LLLAFLLGVLLGTLLGLLILI_0,1.1001100110011e+17,1.0,-58.6705,-68.6402,-58.6705,-212.877,-216.258,-233.785,-338.989,4524.49,3650.77,3413.79,-0.805735,141771.0,-68.2463,141717.0,-46.5334,-72.3651,32.5343,-41.6059,7.68356,1.74691,0.734923,139282.0,-62.8637,50.8317,-39.7383,141432.0,6.5162,2.79183,2.05431,0.0,LLLAFLLGVLLGTLLGLLILI,1.1958346586188,0.222847170550116,G,99999900.0
YALLFLLLGTLLGSL,WT,LLLYALLFLLLITLLGSLILI,clash,LLLYALLFLLLGTLLGSLILI_1,1.1001100110011e+17,1.0,-75.0326,-69.7359,-74.1625,-216.586,-210.483,-244.923,-351.402,4638.82,3841.52,3531.27,47250.8,309187.0,47191.0,309116.0,-32.3167,-51.6363,48.0463,-41.394,8.05571,0.731697,-0.0476078,232021.0,-54.4566,55.8714,-40.6917,749508.0,7.0594,2.21113,1.5492,1.0,LLLYALLFLLLGTLLGSLILI,0.311245077368767,0.0330787235462274,G,99999900.0
YALLFLLLGTLLGSL,WT,LLLYALLFLLLITLLGSLILI,clash,LLLYALLFLLLGTLLGSLILI_0,1.1001100110011e+17,1.0,-75.2051,-77.8326,-74.1625,-213.504,-219.983,-244.923,-351.402,4638.82,3809.74,3531.27,48285.8,749859.0,48223.1,749806.0,-32.3167,-51.3562,43.9753,-41.52,7.99726,0.140097,-0.700274,634089.0,-54.4566,55.8714,-40.6917,749508.0,7.0594,2.21113,1.5492,0.0,LLLYALLFLLLGTLLGSLILI,0.311245077368767,0.0330787235462274,G,99999900.0
YALLFLLLGTLLGSL,WT,LLLYALLFLLLITLLGSLILI,clash,LLLYALLFLLLGTLLGSLILI_2,1.1001100110011e+17,1.0,-76.7331,-71.1454,-74.1625,-217.998,-213.652,-244.923,-351.402,4638.82,3796.0,3531.27,54370.5,327512.0,54313.8,327446.0,-32.3167,-52.8833,49.4669,-40.8368,7.88772,1.11054,0.352545,321173.0,-54.4566,55.8714,-40.6917,749508.0,7.0594,2.21113,1.5492,2.0,LLLYALLFLLLGTLLGSLILI,0.311245077368767,0.0330787235462274,G,99999900.0
AFLLGTLLGVLLGLL,WT,LLLAFLLITLLGVLLGLLILI,clash,LLLAFLLGTLLGVLLGLLILI_0,1.1001100110011e+17,1.0,-66.0758,-71.1867,-58.7211,-219.111,-212.661,-233.814,-339.256,4515.95,3624.91,3514.93,-45.018,-36.3847,-99.0871,-91.7925,-46.7207,-93.4523,50.9971,-41.018,6.7269,7.40245,6.66741,-36.7683,-92.5815,39.7325,-40.3169,-375.641,6.7382,5.75111,4.8471,0.0,LLLAFLLGTLLGVLLGLLILI,1.36249112929927,0.148891339192199,G,99999900.0
AFLLGTLLGVLLGLL,WT,LLLAFLLITLLGVLLGLLILI,clash,LLLAFLLGTLLGVLLGLLILI_1,1.1001100110011e+17,1.0,-66.2662,-72.5248,-58.7211,-214.538,-221.385,-233.814,-339.256,4515.95,3554.86,3514.93,-39.8435,7.52425,-98.2948,-37.8215,-46.7207,-88.7448,47.5039,-40.293,6.77159,6.22476,5.43732,-36.1806,-92.5815,39.7325,-40.3169,-375.641,6.7382,5.75111,4.8471,1.0,LLLAFLLGTLLGVLLGLLILI,1.36249112929927,0.148891339192199,G,99999900.0
AFLLGTLLGVLLGLL,WT,LLLAFLLITLLGVLLGLLILI,clash,LLLAFLLGTLLGVLLGLLILI_2,1.1001100110011e+17,1.0,-71.9702,-73.0223,-58.7211,-211.752,-214.678,-233.814,-339.256,4515.95,3432.16,3514.93,-38.3796,5.02094,-93.9131,-46.5346,-46.7207,-91.3504,42.2643,-37.8625,6.74649,5.90825,5.04221,-36.3242,-92.5815,39.7325,-40.3169,-375.641,6.7382,5.75111,4.8471,2.0,LLLAFLLGTLLGVLLGLLILI,1.36249112929927,0.148891339192199,G,99999900.0
AFLLGTLLGVLLGLL,WT,LLLAFLLITLLGVLLGLLILI,clash,LLLAFLLGTLLGVLLGLLILI_2,1.1001100110011e+17,1.0,-70.7876,-72.9945,-58.726,-210.431,-210.515,-233.786,-339.341,4514.32,3503.21,3464.44,-37.15,-17.4619,-95.2717,-73.2927,-46.8292,-97.4527,38.3615,-37.6883,7.43224,6.29671,5.37213,-29.9298,-91.396,35.576,-35.8075,-369.21,7.4513,5.01216,4.0458,2.0,LLLAFLLGTLLGVLLGLLILI,1.36249112929927,0.148891339192199,G,99999900.0
AFLLGTLLGVLLGLL,WT,LLLAFLLITLLGVLLGLLILI,clash,LLLAFLLGTLLGVLLGLLILI_1,1.1001100110011e+17,1.0,-66.6737,-71.8288,-58.726,-210.511,-206.071,-233.786,-339.341,4514.32,3550.57,3464.44,-35.7515,-31.4574,-97.9072,-92.8983,-46.8292,-90.1374,44.092,-40.6189,7.31741,5.97302,5.1344,-30.7631,-91.396,35.576,-35.8075,-369.21,7.4513,5.01216,4.0458,1.0,LLLAFLLGTLLGVLLGLLILI,1.36249112929927,0.148891339192199,G,99999900.0
AFLLGTLLGVLLGLL,WT,LLLAFLLITLLGVLLGLLILI,clash,LLLAFLLGTLLGVLLGLLILI_0,1.1001100110011e+17,1.0,-71.8288,-71.1279,-58.726,-205.458,-203.92,-233.786,-339.341,4514.32,3478.16,3464.44,-32.5103,-29.8689,-94.5644,-94.1621,-46.8292,-91.4305,37.6206,-37.2487,7.34534,5.29335,4.35766,-29.0652,-91.396,35.576,-35.8075,-369.21,7.4513,5.01216,4.0458,0.0,LLLAFLLGTLLGVLLGLLILI,1.36249112929927,0.148891339192199,G,99999900.0
YFLLGVLLGTLLGLL,WT,LLLYFLLGVLLITLLGLLILI,clash,LLLYFLLGVLLGTLLGLLILI_0,1.1001100110011e+17,1.0,-72.4578,-68.1971,-58.6992,-214.784,-213.212,-244.372,-334.454,4667.69,3447.13,3634.25,-33.5794,-22.505,-80.7917,-75.5507,-31.3834,-85.1222,31.7554,-42.2893,7.06462,3.55531,2.53164,-25.1112,-83.9549,29.1297,-45.0,-356.959,7.4713,3.02575,1.9627,0.0,LLLYFLLGVLLGTLLGLLILI,1.12290402899291,0.0463537380987308,G,99999900.0
YFLLGVLLGTLLGLL,WT,LLLYFLLGVLLITLLGLLILI,clash,LLLYFLLGVLLGTLLGLLILI_1,1.1001100110011e+17,1.0,-71.0557,-72.4578,-58.6992,-213.239,-215.04,-244.372,-334.454,4667.69,3527.41,3634.25,-30.3664,219.324,-80.5263,172.367,-31.3834,-88.6129,27.1348,-43.1281,7.48944,3.45514,2.36216,-21.9897,-83.9549,29.1297,-45.0,-356.959,7.4713,3.02575,1.9627,1.0,LLLYFLLGVLLGTLLGLLILI,1.12290402899291,0.0463537380987308,G,99999900.0
YFLLGVLLGTLLGLL,WT,LLLYFLLGVLLITLLGLLILI,clash,LLLYFLLGVLLGTLLGLLILI_2,1.1001100110011e+17,1.0,-72.5407,-71.0557,-58.6992,-210.634,-212.35,-244.372,-334.454,4667.69,3438.76,3634.25,-28.2738,-25.6148,-79.5537,-76.6637,-31.3834,-84.1985,24.5832,-42.6141,7.10342,2.44851,1.31726,-27.322,-83.9549,29.1297,-45.0,-356.959,7.4713,3.02575,1.9627,2.0,LLLYFLLGVLLGTLLGLLILI,1.12290402899291,0.0463537380987308,G,99999900.0
TFLLAVLLGILLGLL,WT,LLLTFLLAVLLIILLGLLILI,clash,LLLTFLLAVLLGILLGLLILI_0,1.1001100110011e+17,1.0,-44.9923,-56.2012,-44.9923,-221.561,-224.114,-242.307,-346.271,4581.65,3816.69,3458.82,30641.4,384014.0,30561.7,383948.0,-58.971,-51.9729,43.7014,-41.0738,8.16393,0.195626,-0.648852,346276.0,-58.9856,45.4304,-41.2673,383668.0,6.5,1.48094,0.662396,0.0,LLLTFLLAVLLGILLGLLILI,0.592927029214176,0.0585271455926642,G,99999900.0
TFLLAVLLGILLGLL,WT,LLLTFLLAVLLIILLGLLILI,clash,LLLTFLLAVLLGILLGLLILI_1,1.1001100110011e+17,1.0,-45.7328,-44.9923,-44.9923,-219.359,-220.65,-242.307,-346.271,4581.65,3744.45,3458.82,42457.6,384054.0,42376.5,383973.0,-58.971,-52.0098,40.2354,-40.3407,7.67846,-0.266759,-1.16323,375893.0,-58.9856,45.4304,-41.2673,383668.0,6.5,1.48094,0.662396,1.0,LLLTFLLAVLLGILLGLLILI,0.592927029214176,0.0585271455926642,G,99999900.0
TFLLAVLLGILLGLL,WT,LLLTFLLAVLLIILLGLLILI,clash,LLLTFLLAVLLGILLGLLILI_2,1.1001100110011e+17,1.0,-56.2012,-45.7833,-44.9923,-224.114,-217.499,-242.307,-346.271,4581.65,3546.58,3458.82,384014.0,58572.2,383948.0,58489.3,-58.971,-58.9856,45.4304,-41.2673,6.5,1.48094,0.662396,325772.0,-58.9856,45.4304,-41.2673,383668.0,6.5,1.48094,0.662396,2.0,LLLTFLLAVLLGILLGLLILI,0.592927029214176,0.0585271455926642,G,99999900.0
TLLLGALLGFLLSIL,WT,LLLTLLLGALLIFLLSILILI,clash,LLLTLLLGALLGFLLSILILI_1,1.1001100110011e+17,1.0,-76.7039,-74.7201,-60.2245,-223.767,-223.823,-241.641,-357.961,4510.57,3653.86,3575.26,-46.497,-41.8981,-103.987,-101.316,-56.0959,-89.39,50.611,-44.0282,6.81683,6.74099,6.00015,-40.0971,-85.3964,50.7936,-43.9343,-398.195,6.9666,6.1666,5.4285,1.0,LLLTLLLGALLGFLLSILILI,1.48271016037898,0.790884257309123,G,99999900.0
TLLLGALLGFLLSIL,WT,LLLTLLLGALLIFLLSILILI,clash,LLLTLLLGALLGFLLSILILI_0,1.1001100110011e+17,1.0,-75.5634,-73.5374,-60.2793,-224.811,-221.278,-242.005,-358.186,4511.26,3655.85,3563.17,-46.3877,-36.0251,-104.199,-99.396,-55.9022,-79.3743,62.4804,-46.7816,6.33573,6.841,6.27821,-38.4902,-83.724,52.3747,-45.0,-394.211,6.6055,6.12918,5.4148,0.0,LLLTLLLGALLGFLLSILILI,1.48271016037898,0.790884257309123,G,99999900.0
TLLLGALLGFLLSIL,WT,LLLTLLLGALLIFLLSILILI,clash,LLLTLLLGALLGFLLSILILI_1,1.1001100110011e+17,1.0,-76.8694,-75.0192,-60.2793,-223.346,-223.657,-242.005,-358.186,4511.26,3647.33,3563.17,-46.1136,-41.5895,-104.084,-101.099,-55.9022,-88.8021,50.1773,-46.0732,6.4312,6.59425,5.84691,-35.6328,-83.724,52.3747,-45.0,-394.211,6.6055,6.12918,5.4148,1.0,LLLTLLLGALLGFLLSILILI,1.48271016037898,0.790884257309123,G,99999900.0
TLLLGALLGFLLSIL,WT,LLLTLLLGALLIFLLSILILI,clash,LLLTLLLGALLGFLLSILILI_0,1.1001100110011e+17,1.0,-75.443,-74.1987,-60.2245,-224.275,-221.487,-241.641,-357.961,4510.57,3641.35,3575.26,-45.9587,-40.2342,-104.202,-102.51,-56.0959,-81.9735,58.9011,-44.9555,6.74127,6.74768,6.13119,-40.2162,-85.3964,50.7936,-43.9343,-398.195,6.9666,6.1666,5.4285,0.0,LLLTLLLGALLGFLLSILILI,1.48271016037898,0.790884257309123,G,99999900.0
TLLLGALLGFLLSIL,WT,LLLTLLLGALLIFLLSILILI,clash,LLLTLLLGALLGFLLSILILI_2,1.1001100110011e+17,1.0,-77.0795,-77.3676,-60.2793,-222.774,-223.014,-242.005,-358.186,4511.26,3651.84,3563.17,-45.9064,-43.8379,-104.239,-101.643,-55.9022,-89.0157,50.9714,-45.3021,6.44825,6.73349,5.99806,-37.3085,-83.724,52.3747,-45.0,-394.211,6.6055,6.12918,5.4148,2.0,LLLTLLLGALLGFLLSILILI,1.48271016037898,0.790884257309123,G,99999900.0
TLLLGALLGFLLSIL,WT,LLLTLLLGALLIFLLSILILI,clash,LLLTLLLGALLGFLLSILILI_2,1.1001100110011e+17,1.0,-75.8714,-76.6259,-60.2245,-223.77,-223.783,-241.641,-357.961,4510.57,3676.07,3575.26,-45.4828,-45.4694,-103.802,-103.022,-56.0959,-90.7253,48.2221,-45.0071,6.76283,6.61879,5.84212,-39.055,-85.3964,50.7936,-43.9343,-398.195,6.9666,6.1666,5.4285,2.0,LLLTLLLGALLGFLLSILILI,1.48271016037898,0.790884257309123,G,99999900.0
SYLLGVLLGLLLATL,WT,LLLSYLLGVLLILLLATLILI,clash,LLLSYLLGVLLGLLLATLILI_0,1.1001100110011e+17,1.0,-84.2493,-81.7305,-58.7839,-225.01,-224.764,-250.452,-362.713,4530.68,3562.42,3596.46,-41.3059,-37.0403,-94.7595,-93.2584,-53.4766,-86.6176,44.0155,-44.3024,6.70721,5.43474,4.59497,-35.826,-84.8765,45.4702,-44.3391,-399.753,6.8761,5.36995,4.552,0.0,LLLSYLLGVLLGLLLATLILI,1.08030251069984,0.0975581242023099,G,99999900.0
SYLLGVLLGLLLATL,WT,LLLSYLLGVLLILLLATLILI,clash,LLLSYLLGVLLGLLLATLILI_1,1.1001100110011e+17,1.0,-84.0941,-80.3304,-58.7839,-223.423,-225.719,-250.452,-362.713,4530.68,3573.6,3596.46,-39.6355,10.0859,-94.8309,-46.5772,-53.4766,-82.3221,43.7524,-44.5686,6.72633,4.75488,3.91117,-28.4692,-84.8765,45.4702,-44.3391,-399.753,6.8761,5.36995,4.552,1.0,LLLSYLLGVLLGLLLATLILI,1.08030251069984,0.0975581242023099,G,99999900.0
SYLLGVLLGLLLATL,WT,LLLSYLLGVLLILLLATLILI,clash,LLLSYLLGVLLGLLLATLILI_2,1.1001100110011e+17,1.0,-84.9753,-80.4138,-58.7839,-224.652,-223.953,-250.452,-362.713,4530.68,3607.41,3596.46,-38.5035,-35.3668,-91.5885,-93.7121,-53.4766,-86.5215,44.3344,-44.4701,6.77759,5.46337,4.62839,-37.0449,-84.8765,45.4702,-44.3391,-399.753,6.8761,5.36995,4.552,2.0,LLLSYLLGVLLGLLLATLILI,1.08030251069984,0.0975581242023099,G,99999900.0
TYLLAVLLGLLLGFL,WT,LLLTYLLAVLLILLLGFLILI,clash,LLLTYLLAVLLGLLLGFLILI_2,1.1001100110011e+17,1.0,-56.1785,-55.8749,-44.9568,-230.601,-226.013,-248.52,-340.209,4613.55,3764.73,3449.14,-30.953,26801.1,-84.3825,26742.8,-46.732,-66.6415,49.3213,-46.0388,6.75411,3.15461,2.39443,12280.2,-62.6538,43.9976,-40.9419,26460.9,6.5,1.83774,0.997703,2.0,LLLTYLLAVLLGLLLGFLILI,0.922298441574017,0.0380677170419904,G,99999900.0
TYLLAVLLGLLLGFL,WT,LLLTYLLAVLLILLLGFLILI,clash,LLLTYLLAVLLGLLLGFLILI_0,1.1001100110011e+17,1.0,-56.3046,-55.8749,-44.9568,-229.141,-226.013,-248.52,-340.209,4613.55,3739.83,3449.14,-29.6188,26801.1,-84.382,26742.8,-46.732,-65.3795,46.3854,-45.9315,6.77124,2.56896,1.76474,20178.4,-62.6538,43.9976,-40.9419,26460.9,6.5,1.83774,0.997703,0.0,LLLTYLLAVLLGLLLGFLILI,0.922298441574017,0.0380677170419904,G,99999900.0
TYLLAVLLGLLLGFL,WT,LLLTYLLAVLLILLLGFLILI,clash,LLLTYLLAVLLGLLLGFLILI_1,1.1001100110011e+17,1.0,-55.8749,-56.2975,-44.9568,-226.013,-228.984,-248.52,-340.209,4613.55,3577.61,3449.14,26801.1,-26.4348,26742.8,-81.3622,-46.732,-62.6538,43.9976,-40.9419,6.5,1.83774,0.997703,19079.2,-62.6538,43.9976,-40.9419,26460.9,6.5,1.83774,0.997703,1.0,LLLTYLLAVLLGLLLGFLILI,0.922298441574017,0.0380677170419904,G,99999900.0
YILLGLLLGTLLAFL,WT,LLLYILLGLLLITLLAFLILI,clash,LLLYILLGLLLGTLLAFLILI_0,1.1001100110011e+17,1.0,-64.5284,-66.0716,-58.718,-233.32,-223.872,-245.856,-344.416,4620.04,3774.29,3595.63,-28.199,1002.08,-74.7665,947.608,-39.8414,-53.7146,85.1722,-40.5927,7.30631,6.05544,5.83302,996.455,-60.6857,64.7023,-38.4105,657.664,7.3229,4.33767,3.8082,0.0,LLLYILLGLLLGTLLAFLILI,0.323774444729534,0.0786052668509383,G,99999900.0
YILLGLLLGTLLAFL,WT,LLLYILLGLLLITLLAFLILI,clash,LLLYILLGLLLGTLLAFLILI_1,1.1001100110011e+17,1.0,-65.5127,-64.5284,-58.718,-230.19,-234.056,-245.856,-344.416,4620.04,3724.51,3595.63,-27.6346,997.158,-76.3477,951.327,-39.8414,-68.6553,63.7,-40.5871,7.1117,5.39778,4.85328,963.17,-60.6857,64.7023,-38.4105,657.664,7.3229,4.33767,3.8082,1.0,LLLYILLGLLLGTLLAFLILI,0.323774444729534,0.0786052668509383,G,99999900.0
YILLGLLLGTLLAFL,WT,LLLYILLGLLLITLLAFLILI,clash,LLLYILLGLLLGTLLAFLILI_2,1.1001100110011e+17,1.0,-66.0716,-65.5127,-58.718,-223.872,-230.566,-245.856,-344.416,4620.04,3752.68,3595.63,1002.08,12.3064,947.608,-36.0306,-39.8414,-60.6857,64.7023,-38.4105,7.3229,4.33767,3.8082,964.129,-60.6857,64.7023,-38.4105,657.664,7.3229,4.33767,3.8082,2.0,LLLYILLGLLLGTLLAFLILI,0.323774444729534,0.0786052668509383,G,99999900.0
TYLLAFLLGVLLGLL,WT,LLLTYLLAFLLIVLLGLLILI,clash,,,,,,,,,,,,,,,,,,,,,,,,,,,,,,,,,,,,,,
SYLLGVLLGLLLAFL,WT,LLLSYLLGVLLILLLAFLILI,clash,LLLSYLLGVLLGLLLAFLILI_0,1.1001100110011e+17,1.0,-70.0222,-67.7448,-44.9369,-226.74,-225.502,-250.735,-342.933,4561.79,3670.35,3604.49,-42.6317,-37.3632,-88.8021,-87.0492,-47.2606,-85.6043,44.9919,-45.1191,7.11198,5.41455,4.58943,-38.611,-83.7533,47.7994,-42.6647,-380.296,7.5,5.51591,4.7329,0.0,LLLSYLLGVLLGLLLAFLILI,1.00000635529311,0.0990737072356385,G,99999900.0
SYLLGVLLGLLLAFL,WT,LLLSYLLGVLLILLLAFLILI,clash,LLLSYLLGVLLGLLLAFLILI_1,1.1001100110011e+17,1.0,-70.2853,-54.7647,-44.9369,-225.976,-226.024,-250.735,-342.933,4561.79,3659.37,3604.49,-42.5783,-27.2213,-89.2496,-89.3651,-47.2606,-82.5833,45.2786,-44.4791,7.1493,5.00011,4.17929,-37.1903,-83.7533,47.7994,-42.6647,-380.296,7.5,5.51591,4.7329,1.0,LLLSYLLGVLLGLLLAFLILI,1.00000635529311,0.0990737072356385,G,99999900.0
SYLLGVLLGLLLAFL,WT,LLLSYLLGVLLILLLAFLILI,clash,LLLSYLLGVLLGLLLAFLILI_2,1.1001100110011e+17,1.0,-70.5615,-54.8509,-44.9369,-225.614,-225.286,-250.735,-342.933,4561.79,3693.29,3604.49,-42.4901,-26.9284,-89.247,-89.7238,-47.2606,-81.5675,44.8783,-44.417,7.09861,4.79371,3.96688,-36.8819,-83.7533,47.7994,-42.6647,-380.296,7.5,5.51591,4.7329,2.0,LLLSYLLGVLLGLLLAFLILI,1.00000635529311,0.0990737072356385,G,99999900.0
SYLLGLLLGFLLSTL,WT,LLLSYLLGLLLIFLLSTLILI,clash,LLLSYLLGLLLGFLLSTLILI_0,1.1001100110011e+17,1.0,-98.4699,-88.3347,-74.0925,-227.463,-226.628,-253.036,-364.463,4573.56,3639.37,3606.58,-38.4161,-27.0865,-76.9463,-76.5862,-37.3337,-100.322,15.7501,-46.8224,6.87429,3.67453,2.41078,-27.0465,-95.479,27.325,-44.2015,-391.549,7.2798,4.51072,3.42059,0.0,LLLSYLLGLLLGFLLSTLILI,1.13518301696903,0.154014015218679,G,99999900.0
SYLLGLLLGFLLSTL,WT,LLLSYLLGLLLIFLLSTLILI,clash,LLLSYLLGLLLGFLLSTLILI_2,1.1001100110011e+17,1.0,-93.7064,-85.4784,-74.0925,-225.936,-227.646,-253.036,-364.463,4573.56,3673.28,3606.58,-33.3598,-9.94031,-78.1799,-61.2781,-37.3337,-87.0529,32.3994,-48.3283,7.18279,3.93185,2.91784,-26.2932,-95.479,27.325,-44.2015,-391.549,7.2798,4.51072,3.42059,2.0,LLLSYLLGLLLGFLLSTLILI,1.13518301696903,0.154014015218679,G,99999900.0
SYLLGLLLGFLLSTL,WT,LLLSYLLGLLLIFLLSTLILI,clash,LLLSYLLGLLLGFLLSTLILI_1,1.1001100110011e+17,1.0,-85.5566,-93.8358,-74.0925,-226.561,-227.122,-253.036,-364.463,4573.56,3646.18,3606.58,-28.3266,-13.4573,-80.6717,-56.9627,-37.3337,-96.5153,29.8504,-46.4229,6.90607,5.0071,3.95486,-24.342,-95.479,27.325,-44.2015,-391.549,7.2798,4.51072,3.42059,1.0,LLLSYLLGLLLGFLLSTLILI,1.13518301696903,0.154014015218679,G,99999900.0
VYLLATLLGILLALL,WT,LLLVYLLATLLIILLALLILI,clash,LLLVYLLATLLGILLALLILI_0,1.1001100110011e+17,1.0,-69.8685,-70.7631,-58.7295,-224.274,-220.774,-239.987,-358.292,4566.53,3685.74,3627.3,-31.9577,-26.9802,-96.1077,-93.735,-59.5754,-66.7525,58.041,-44.7269,7.01062,4.34842,3.71903,-26.6637,-65.984,55.7173,-41.1231,-385.273,6.918,3.91944,3.2552,0.0,LLLVYLLATLLGILLALLILI,0.399554185021725,0.0768881236742583,G,99999900.0
VYLLATLLGILLALL,WT,LLLVYLLATLLIILLALLILI,clash,LLLVYLLATLLGILLALLILI_2,1.1001100110011e+17,1.0,-69.705,-70.3361,-58.7295,-225.933,-222.612,-239.987,-358.292,4566.53,3722.71,3627.3,-31.4818,-27.5085,-94.1365,-92.8529,-59.5754,-69.0837,58.1853,-43.9582,7.05117,4.71756,4.09034,-25.2526,-65.984,55.7173,-41.1231,-385.273,6.918,3.91944,3.2552,2.0,LLLVYLLATLLGILLALLILI,0.399554185021725,0.0768881236742583,G,99999900.0
VYLLATLLGILLALL,WT,LLLVYLLATLLIILLALLILI,clash,LLLVYLLATLLGILLALLILI_1,1.1001100110011e+17,1.0,-70.2846,-69.8685,-58.7295,-222.006,-223.316,-239.987,-358.292,4566.53,3599.64,3627.3,-28.6351,-25.378,-94.6366,-90.486,-59.5754,-66.9329,57.7792,-41.0296,6.94638,4.34013,3.70682,-26.7206,-65.984,55.7173,-41.1231,-385.273,6.918,3.91944,3.2552,1.0,LLLVYLLATLLGILLALLILI,0.399554185021725,0.0768881236742583,G,99999900.0
TILLALLLGFLLGSL,WT,LLLTILLALLLIFLLGSLILI,clash,LLLTILLALLLGFLLGSLILI_0,1.1001100110011e+17,1.0,-60.2535,-69.9134,-60.2535,-212.865,-220.188,-238.81,-357.464,4514.85,3810.16,3524.17,36697.5,281325.0,36613.1,281258.0,-58.4,-49.6679,45.2246,-41.5324,8.08749,0.0555059,-0.766126,215507.0,-54.4566,55.8714,-40.6917,280968.0,7.0594,2.21113,1.5492,0.0,LLLTILLALLLGFLLGSLILI,0.812620228944038,0.0375001294390315,G,99999900.0
TILLALLLGFLLGSL,WT,LLLTILLALLLIFLLGSLILI,clash,LLLTILLALLLGFLLGSLILI_2,1.1001100110011e+17,1.0,-60.2535,-60.2535,-60.2535,-216.396,-214.251,-238.81,-357.464,4514.85,3746.23,3524.17,40154.4,266554.0,40073.6,266471.0,-58.4,-50.5035,49.3176,-40.4111,8.04019,0.733404,-0.0268316,261661.0,-54.4566,55.8714,-40.6917,280968.0,7.0594,2.21113,1.5492,2.0,LLLTILLALLLGFLLGSLILI,0.812620228944038,0.0375001294390315,G,99999900.0
TILLALLLGFLLGSL,WT,LLLTILLALLLIFLLGSLILI,clash,LLLTILLALLLGFLLGSLILI_1,1.1001100110011e+17,1.0,-60.2535,-60.2535,-60.2535,-216.542,-211.671,-238.81,-357.464,4514.85,3683.46,3524.17,40434.2,281364.0,40353.5,281279.0,-58.4,-50.3225,50.1318,-39.9765,8.05898,0.816161,0.0681371,266094.0,-54.4566,55.8714,-40.6917,280968.0,7.0594,2.21113,1.5492,1.0,LLLTILLALLLGFLLGSLILI,0.812620228944038,0.0375001294390315,G,99999900.0
YFLLATLLGILLALL,WT,LLLYFLLATLLIILLALLILI,clash,LLLYFLLATLLGILLALLILI_1,1.1001100110011e+17,1.0,-66.2998,-65.9438,-58.7599,-228.477,-228.204,-248.144,-346.686,4690.38,3763.49,3711.86,-31.0751,-10.5857,-82.9841,-63.123,-39.782,-66.4453,54.7534,-48.225,7.01263,3.8585,3.1798,-17.2337,-63.7124,52.8763,-44.516,-362.158,6.9734,3.19516,2.4883,1.0,LLLYFLLATLLGILLALLILI,0.334323025153077,0.0690625857417265,G,99999900.0
YFLLATLLGILLALL,WT,LLLYFLLATLLIILLALLILI,clash,LLLYFLLATLLGILLALLILI_2,1.1001100110011e+17,1.0,-66.8155,-66.2998,-58.7599,-225.88,-230.575,-248.144,-346.686,4690.38,3577.05,3711.86,-28.8608,-13.9216,-82.8511,-63.7326,-39.782,-65.258,51.8658,-49.0818,6.91741,3.29058,2.56856,-15.5496,-63.7124,52.8763,-44.516,-362.158,6.9734,3.19516,2.4883,2.0,LLLYFLLATLLGILLALLILI,0.334323025153077,0.0690625857417265,G,99999900.0
YFLLATLLGILLALL,WT,LLLYFLLATLLIILLALLILI,clash,LLLYFLLATLLGILLALLILI_0,1.1001100110011e+17,1.0,-65.9438,-67.5027,-58.7599,-225.97,-227.073,-248.144,-346.686,4690.38,3728.98,3711.86,-27.5818,-15.4727,-82.354,-67.5821,-39.782,-64.0,52.7483,-49.9836,7.0493,3.22103,2.51225,-14.682,-63.7124,52.8763,-44.516,-362.158,6.9734,3.19516,2.4883,0.0,LLLYFLLATLLGILLALLILI,0.334323025153077,0.0690625857417265,G,99999900.0
SSLLALLLGTLLGFL,WT,LLLSSLLALLLGTLLIFLILI,clash,LLLSSLLALLLGTLLGFLILI_2,1.1001100110011e+17,1.0,-78.6554,-87.3085,-58.7549,-218.489,-215.468,-257.279,-366.15,4497.43,3496.56,3364.94,-22.4564,4849.87,-91.4626,4786.49,-50.1164,-72.8387,50.0454,-36.2611,7.01999,4.18193,3.43261,3655.68,-65.5548,56.8812,-35.0605,4483.72,6.8434,4.01218,3.3654,2.0,LLLSSLLALLLGTLLGFLILI,0.285211414660852,0.0638135647633426,G,99999900.0
SSLLALLLGTLLGFL,WT,LLLSSLLALLLGTLLIFLILI,clash,LLLSSLLALLLGTLLGFLILI_0,1.1001100110011e+17,1.0,-76.6756,-87.3085,-58.7549,-219.517,-215.468,-257.279,-366.15,4497.43,3532.08,3364.94,-21.6124,4849.87,-91.5694,4786.49,-50.1164,-62.1148,67.2033,-34.4444,6.99786,4.88967,4.39772,2825.26,-65.5548,56.8812,-35.0605,4483.72,6.8434,4.01218,3.3654,0.0,LLLSSLLALLLGTLLGFLILI,0.285211414660852,0.0638135647633426,G,99999900.0
SSLLALLLGTLLGFL,WT,LLLSSLLALLLGTLLIFLILI,clash,LLLSSLLALLLGTLLGFLILI_1,1.1001100110011e+17,1.0,-87.3085,-82.5443,-58.7549,-215.468,-219.733,-257.279,-366.15,4497.43,3469.79,3364.94,4849.87,-25.7848,4786.49,-89.6575,-50.1164,-65.5548,56.8812,-35.0605,6.8434,4.01218,3.3654,15264.6,-65.5548,56.8812,-35.0605,4483.72,6.8434,4.01218,3.3654,1.0,LLLSSLLALLLGTLLGFLILI,0.285211414660852,0.0638135647633426,G,99999900.0
ALLLGLLLGTLLGFL,WT,LLLALLLGLLLITLLGFLILI,clash,LLLALLLGLLLGTLLGFLILI_2,1.1001100110011e+17,1.0,-65.563,-67.028,-58.691,-211.277,-209.011,-234.168,-346.902,4518.35,3596.78,3443.88,-21.7615,85305.6,-91.8235,85234.7,-54.0432,-73.8671,40.6092,-35.7724,7.04094,3.06231,2.17145,80394.6,-60.7383,56.5303,-35.0,84958.7,7.1924,3.24234,2.5903,2.0,LLLALLLGLLLGTLLGFLILI,0.870684858791177,0.0706058428604266,G,99999900.0
ALLLGLLLGTLLGFL,WT,LLLALLLGLLLITLLGFLILI,clash,LLLALLLGLLLGTLLGFLILI_0,1.1001100110011e+17,1.0,-58.691,-67.028,-58.691,-210.982,-209.011,-234.168,-346.902,4518.35,3634.76,3443.88,-7.48284,85305.6,-84.7122,85234.7,-54.0432,-73.3578,41.2846,-33.5039,7.83257,3.0771,2.19637,74448.4,-60.7383,56.5303,-35.0,84958.7,7.1924,3.24234,2.5903,0.0,LLLALLLGLLLGTLLGFLILI,0.870684858791177,0.0706058428604266,G,99999900.0
ALLLGLLLGTLLGFL,WT,LLLALLLGLLLITLLGFLILI,clash,LLLALLLGLLLGTLLGFLILI_1,1.1001100110011e+17,1.0,-67.028,-58.691,-58.691,-209.011,-210.605,-234.168,-346.902,4518.35,3579.26,3443.88,85305.6,156.664,85234.7,79.0583,-54.0432,-60.7383,56.5303,-35.0,7.1924,3.24234,2.5903,80389.5,-60.7383,56.5303,-35.0,84958.7,7.1924,3.24234,2.5903,1.0,LLLALLLGLLLGTLLGFLILI,0.870684858791177,0.0706058428604266,G,99999900.0
AGLLFLLLGTLLGSL,WT,LLLAGLLFLLLGTLLISLILI,clash,LLLAGLLFLLLGTLLGSLILI_2,1.1001100110011e+17,1.0,-75.4319,-84.8856,-74.1241,-211.125,-214.237,-233.501,-351.077,4491.68,3659.71,3473.32,46594.5,139510.0,46530.0,139458.0,-43.4512,-52.3917,42.6725,-38.5818,7.70603,0.119544,-0.740368,128029.0,-59.4498,45.2469,-38.8459,139159.0,6.6517,1.5258,0.704503,2.0,LLLAGLLFLLLGTLLGSLILI,0.314202417812006,0.0184003728577538,G,99999900.0
AGLLFLLLGTLLGSL,WT,LLLAGLLFLLLGTLLISLILI,clash,LLLAGLLFLLLGTLLGSLILI_0,1.1001100110011e+17,1.0,-81.2913,-84.8856,-74.1241,-210.904,-214.237,-233.501,-351.077,4491.68,3616.79,3473.32,67951.1,139510.0,67892.2,139458.0,-43.4512,-54.2153,39.6928,-38.1922,7.22133,-0.00917823,-0.913786,134496.0,-59.4498,45.2469,-38.8459,139159.0,6.6517,1.5258,0.704503,0.0,LLLAGLLFLLLGTLLGSLILI,0.314202417812006,0.0184003728577538,G,99999900.0
AGLLFLLLGTLLGSL,WT,LLLAGLLFLLLGTLLISLILI,clash,LLLAGLLFLLLGTLLGSLILI_1,1.1001100110011e+17,1.0,-84.8856,-81.2913,-74.1241,-214.237,-209.358,-233.501,-351.077,4491.68,3515.99,3473.32,139510.0,96890.4,139458.0,96830.0,-43.4512,-59.4498,45.2469,-38.8459,6.6517,1.5258,0.704503,154048.0,-59.4498,45.2469,-38.8459,139159.0,6.6517,1.5258,0.704503,1.0,LLLAGLLFLLLGTLLGSLILI,0.314202417812006,0.0184003728577538,G,99999900.0
TALLFLLLGYLLGSL,WT,LLLTALLFLLLGYLLISLILI,clash,LLLTALLFLLLGYLLGSLILI_0,1.1001100110011e+17,1.0,-68.1953,-70.5599,-60.326,-231.03,-224.657,-243.454,-345.34,4574.29,3786.1,3533.11,-15.8473,38373.9,-61.9617,38323.8,-41.5592,-45.8399,76.5283,-49.3682,7.55735,3.7073,3.35522,36917.0,-54.4566,55.8714,-40.6917,38028.6,7.0594,2.21113,1.5492,0.0,LLLTALLFLLLGYLLGSLILI,1.13544169252323,0.0507521448671304,G,99999900.0
TALLFLLLGYLLGSL,WT,LLLTALLFLLLGYLLISLILI,clash,LLLTALLFLLLGYLLGSLILI_2,1.1001100110011e+17,1.0,-63.1742,-70.5599,-60.326,-231.077,-224.657,-243.454,-345.34,4574.29,3972.88,3533.11,-12.4707,38373.9,-63.5591,38323.8,-41.5592,-57.1873,63.4048,-46.4231,9.08763,3.63774,3.08882,24614.9,-54.4566,55.8714,-40.6917,38028.6,7.0594,2.21113,1.5492,2.0,LLLTALLFLLLGYLLGSLILI,1.13544169252323,0.0507521448671304,G,99999900.0
TALLFLLLGYLLGSL,WT,LLLTALLFLLLGYLLISLILI,clash,LLLTALLFLLLGYLLGSLILI_1,1.1001100110011e+17,1.0,-70.5599,-64.3362,-60.326,-224.657,-227.673,-243.454,-345.34,4574.29,3590.07,3533.11,38373.9,237.478,38323.8,184.148,-41.5592,-54.4566,55.8714,-40.6917,7.0594,2.21113,1.5492,1149260.0,-54.4566,55.8714,-40.6917,38028.6,7.0594,2.21113,1.5492,1.0,LLLTALLFLLLGYLLGSLILI,1.13544169252323,0.0507521448671304,G,99999900.0
SYLLGLLLGTLLGFL,WT,LLLSYLLGLLLITLLGFLILI,clash,LLLSYLLGLLLGTLLGFLILI_1,1.1001100110011e+17,1.0,-83.5074,-67.2998,-58.7496,-228.819,-227.723,-250.628,-346.331,4571.34,3619.11,3552.22,-42.7948,744.346,-76.7986,693.038,-36.9527,-77.9201,42.0873,-45.3331,6.44901,3.86979,3.0011,734.705,-69.5064,38.1576,-45.0,381.85,6.5231,2.07724,1.1496,1.0,LLLSYLLGLLLGTLLGFLILI,0.894666678230181,0.0794896327172213,G,99999900.0
SYLLGLLLGTLLGFL,WT,LLLSYLLGLLLITLLGFLILI,clash,LLLSYLLGLLLGTLLGFLILI_0,1.1001100110011e+17,1.0,-82.4933,-80.0984,-58.7496,-227.712,-227.7,-250.628,-346.331,4571.34,3679.34,3552.22,-34.3245,728.181,-70.4494,689.649,-36.9527,-64.5782,44.3213,-47.3925,6.54601,2.17012,1.33494,598.596,-69.5064,38.1576,-45.0,381.85,6.5231,2.07724,1.1496,0.0,LLLSYLLGLLLGTLLGFLILI,0.894666678230181,0.0794896327172213,G,99999900.0
SYLLGLLLGTLLGFL,WT,LLLSYLLGLLLITLLGFLILI,clash,LLLSYLLGLLLGTLLGFLILI_2,1.1001100110011e+17,1.0,-80.0984,-72.3271,-58.7496,-227.7,-227.785,-250.628,-346.331,4571.34,3696.96,3552.22,728.181,-20.2204,689.649,-66.4388,-36.9527,-69.5064,38.1576,-45.0,6.5231,2.07724,1.1496,630.615,-69.5064,38.1576,-45.0,381.85,6.5231,2.07724,1.1496,2.0,LLLSYLLGLLLGTLLGFLILI,0.894666678230181,0.0794896327172213,G,99999900.0
YTLLAILLGLLLGFL,WT,LLLYTLLAILLILLLGFLILI,clash,LLLYTLLAILLGLLLGFLILI_2,1.1001100110011e+17,1.0,-69.0043,-67.2199,-44.9774,-230.249,-223.21,-246.979,-337.702,4624.54,4029.73,3581.62,-44.9553,63.992,-83.4039,16.7197,-45.7454,-66.047,49.2955,-50.0238,7.07112,3.06194,2.30137,54.7611,-66.7527,35.1406,-44.5294,-273.71,7.1807,1.25689,0.283999,2.0,LLLYTLLAILLGLLLGFLILI,0.312921585501335,0.0343337704573964,G,99999900.0
YTLLAILLGLLLGFL,WT,LLLYTLLAILLILLLGFLILI,clash,LLLYTLLAILLGLLLGFLILI_0,1.1001100110011e+17,1.0,-68.6279,-67.2199,-44.9774,-221.426,-223.21,-246.979,-337.702,4624.54,3992.8,3581.62,-32.8803,63.992,-80.5277,16.7197,-45.7454,-66.0154,28.5998,-48.0616,7.1788,0.263275,-0.807729,21.0724,-66.7527,35.1406,-44.5294,-273.71,7.1807,1.25689,0.283999,0.0,LLLYTLLAILLGLLLGFLILI,0.312921585501335,0.0343337704573964,G,99999900.0
YTLLAILLGLLLGFL,WT,LLLYTLLAILLILLLGFLILI,clash,LLLYTLLAILLGLLLGFLILI_1,1.1001100110011e+17,1.0,-67.2199,-68.6279,-44.9774,-223.21,-221.084,-246.979,-337.702,4624.54,4005.03,3581.62,63.992,-29.2923,16.7197,-77.2826,-45.7454,-66.7527,35.1406,-44.5294,7.1807,1.25689,0.283999,68.6179,-66.7527,35.1406,-44.5294,-273.71,7.1807,1.25689,0.283999,1.0,LLLYTLLAILLGLLLGFLILI,0.312921585501335,0.0343337704573964,G,99999900.0
TSLLLGLLFALLAYL,WT,LLLTSLLLGLLFILLAYLILI,clash,LLLTSLLLGLLFALLAYLILI_1,1.1001100110011e+17,1.0,-59.6874,-60.0854,-44.9453,-230.963,-227.518,-252.168,-345.666,4605.82,3735.17,3614.36,-24.7309,11715.5,-79.7461,11657.4,-48.5523,-39.6426,75.7982,-42.8622,7.44851,2.67915,2.31612,8387.79,-40.0595,64.5531,-38.0126,11299.5,7.2779,1.2236,0.691897,1.0,LLLTSLLLGLLFALLAYLILI,0.298628691325049,0.0731894879986362,G,99999900.0
TSLLLGLLFALLAYL,WT,LLLTSLLLGLLFILLAYLILI,clash,LLLTSLLLGLLFALLAYLILI_2,1.1001100110011e+17,1.0,-58.648,-60.0632,-44.9453,-230.87,-231.73,-252.168,-345.666,4605.82,3730.78,3614.36,-24.6062,11659.2,-80.7545,11605.3,-48.5523,-40.2166,75.0831,-43.2954,7.44634,2.66872,2.29496,10218.6,-40.0595,64.5531,-38.0126,11299.5,7.2779,1.2236,0.691897,2.0,LLLTSLLLGLLFALLAYLILI,0.298628691325049,0.0731894879986362,G,99999900.0
TSLLLGLLFALLAYL,WT,LLLTSLLLGLLFILLAYLILI,clash,LLLTSLLLGLLFALLAYLILI_0,1.1001100110011e+17,1.0,-59.7945,-57.2618,-44.9453,-226.688,-228.887,-252.168,-345.666,4605.82,3676.02,3614.36,-20.652,11645.2,-79.8349,11585.7,-48.5523,-40.0112,57.3154,-42.8143,7.44558,0.239258,-0.401012,11372.5,-40.0595,64.5531,-38.0126,11299.5,7.2779,1.2236,0.691897,0.0,LLLTSLLLGLLFALLAYLILI,0.298628691325049,0.0731894879986362,G,99999900.0
TALLAFLLGVLLGLL,WT,LLLTALLAFLLIVLLGLLILI,clash,LLLTALLAFLLGVLLGLLILI_0,1.1001100110011e+17,1.0,-50.3566,-54.4724,-44.9299,-217.649,-215.151,-239.294,-341.718,4519.1,3426.88,3411.58,-26.8092,1552.52,-100.521,1480.42,-57.4944,-63.7398,60.0345,-33.7875,7.06759,4.16562,3.56614,255.07,-66.9239,51.0441,-36.0241,1210.8,6.7893,3.42954,2.6952,0.0,LLLTALLAFLLGVLLGLLILI,1.14113628193701,0.0878622072564377,G,99999900.0
TALLAFLLGVLLGLL,WT,LLLTALLAFLLIVLLGLLILI,clash,LLLTALLAFLLGVLLGLLILI_2,1.1001100110011e+17,1.0,-50.5243,-54.4724,-44.9299,-217.594,-215.151,-239.294,-341.718,4519.1,3441.21,3411.58,-26.4838,1552.52,-100.083,1480.42,-57.4944,-73.9248,48.1121,-34.2876,7.12501,4.08385,3.30553,1281.35,-66.9239,51.0441,-36.0241,1210.8,6.7893,3.42954,2.6952,2.0,LLLTALLAFLLGVLLGLLILI,1.14113628193701,0.0878622072564377,G,99999900.0
TALLAFLLGVLLGLL,WT,LLLTALLAFLLIVLLGLLILI,clash,LLLTALLAFLLGVLLGLLILI_1,1.1001100110011e+17,1.0,-54.4724,-50.3571,-44.9299,-215.151,-217.5,-239.294,-341.718,4519.1,3420.39,3411.58,1552.52,-24.2385,1480.42,-98.0996,-57.4944,-66.9239,51.0441,-36.0241,6.7893,3.42954,2.6952,1556.7,-66.9239,51.0441,-36.0241,1210.8,6.7893,3.42954,2.6952,1.0,LLLTALLAFLLGVLLGLLILI,1.14113628193701,0.0878622072564377,G,99999900.0
SSLLALLLGVLLGTL,WT,LLLSSLLALLLGVLLITLILI,clash,LLLSSLLALLLGVLLGTLILI_2,1.1001100110011e+17,1.0,-78.4809,-84.143,-58.7566,-217.902,-215.045,-254.545,-376.616,4457.19,3483.67,3370.9,-23.6391,1647.73,-103.873,1570.3,-63.315,-73.0069,50.1636,-37.5176,7.07945,4.22312,3.47557,869.94,-66.9239,51.0441,-36.0241,1271.11,6.7893,3.42954,2.6952,2.0,LLLSSLLALLLGVLLGTLILI,0.631312136703271,0.0341351314999294,G,99999900.0
SSLLALLLGVLLGTL,WT,LLLSSLLALLLGVLLITLILI,clash,LLLSSLLALLLGVLLGTLILI_0,1.1001100110011e+17,1.0,-76.7413,-84.143,-58.7566,-217.432,-215.045,-254.545,-376.616,4457.19,3420.15,3370.9,-20.9083,1647.73,-103.351,1570.3,-63.315,-63.8666,60.5353,-34.8149,7.04945,4.25226,3.66029,1367.38,-66.9239,51.0441,-36.0241,1271.11,6.7893,3.42954,2.6952,0.0,LLLSSLLALLLGVLLGTLILI,0.631312136703271,0.0341351314999294,G,99999900.0
SSLLALLLGVLLGTL,WT,LLLSSLLALLLGVLLITLILI,clash,LLLSSLLALLLGVLLGTLILI_1,1.1001100110011e+17,1.0,-84.143,-78.6984,-58.7566,-215.045,-217.833,-254.545,-376.616,4457.19,3439.98,3370.9,1647.73,-22.4323,1570.3,-102.518,-63.315,-66.9239,51.0441,-36.0241,6.7893,3.42954,2.6952,1332.49,-66.9239,51.0441,-36.0241,1271.11,6.7893,3.42954,2.6952,1.0,LLLSSLLALLLGVLLGTLILI,0.631312136703271,0.0341351314999294,G,99999900.0
YSLLALLLGTLLGFL,WT,LLLYSLLALLLITLLGFLILI,clash,LLLYSLLALLLGTLLGFLILI_2,1.1001100110011e+17,1.0,-65.3928,-71.9728,-58.7271,-220.765,-220.593,-245.189,-340.151,4627.04,3635.74,3545.36,-22.5895,8081.87,-76.5826,8034.28,-36.2353,-72.9009,48.3326,-32.4582,7.09777,3.96004,3.18503,4464.22,-65.5548,56.8812,-35.0605,7741.72,6.8434,4.01218,3.3654,2.0,LLLYSLLALLLGTLLGFLILI,0.233049761745461,0.0389789390483677,G,99999900.0
YSLLALLLGTLLGFL,WT,LLLYSLLALLLITLLGFLILI,clash,LLLYSLLALLLGTLLGFLILI_0,1.1001100110011e+17,1.0,-63.4456,-71.9728,-58.7271,-220.897,-220.593,-245.189,-340.151,4627.04,3644.47,3545.36,-20.5345,8081.87,-76.3434,8034.28,-36.2353,-74.9174,45.8582,-31.6444,7.19816,3.92846,3.11633,6712.25,-65.5548,56.8812,-35.0605,7741.72,6.8434,4.01218,3.3654,0.0,LLLYSLLALLLGTLLGFLILI,0.233049761745461,0.0389789390483677,G,99999900.0
YSLLALLLGTLLGFL,WT,LLLYSLLALLLITLLGFLILI,clash,LLLYSLLALLLGTLLGFLILI_1,1.1001100110011e+17,1.0,-71.9728,-67.2018,-58.7271,-220.593,-219.922,-245.189,-340.151,4627.04,3765.67,3545.36,8081.87,-10.5885,8034.28,-63.6158,-36.2353,-65.5548,56.8812,-35.0605,6.8434,4.01218,3.3654,8217.53,-65.5548,56.8812,-35.0605,7741.72,6.8434,4.01218,3.3654,1.0,LLLYSLLALLLGTLLGFLILI,0.233049761745461,0.0389789390483677,G,99999900.0
TVLLALLLGFLLGSL,WT,LLLTVLLALLLGFLLISLILI,clash,LLLTVLLALLLGFLLGSLILI_2,1.1001100110011e+17,1.0,-60.3442,-60.3442,-60.3442,-229.305,-220.036,-238.886,-354.868,4500.03,4001.16,3568.39,-9.60802,273882.0,-74.8271,273807.0,-55.6382,-57.7114,66.0761,-46.594,9.86837,4.07698,3.56812,148316.0,-52.4326,53.6154,-37.48,273400.0,7.3254,1.60297,0.907201,2.0,LLLTVLLALLLGFLLGSLILI,0.83575678222787,0.0731923732397258,G,99999900.0
TVLLALLLGFLLGSL,WT,LLLTVLLALLLGFLLISLILI,clash,LLLTVLLALLLGFLLGSLILI_1,1.1001100110011e+17,1.0,-60.3442,-60.3442,-60.3442,-224.882,-221.254,-238.886,-354.868,4500.03,3754.7,3568.39,-3.13259,274293.0,-72.7741,274219.0,-55.6382,-44.6581,72.5768,-45.8121,8.88117,2.99659,2.58524,257096.0,-52.4326,53.6154,-37.48,273400.0,7.3254,1.60297,0.907201,1.0,LLLTVLLALLLGFLLGSLILI,0.83575678222787,0.0731923732397258,G,99999900.0
TVLLALLLGFLLGSL,WT,LLLTVLLALLLGFLLISLILI,clash,LLLTVLLALLLGFLLGSLILI_0,1.1001100110011e+17,1.0,-60.3442,-70.1178,-60.3442,-223.708,-219.504,-238.886,-354.868,4500.03,3855.17,3568.39,0.348808,273755.0,-70.4667,273689.0,-55.6382,-46.8819,66.1429,-48.4555,8.54217,2.46158,1.95373,77274.7,-52.4326,53.6154,-37.48,273400.0,7.3254,1.60297,0.907201,0.0,LLLTVLLALLLGFLLGSLILI,0.83575678222787,0.0731923732397258,G,99999900.0
VLLLTGLLFALLAYL,WT,LLLVLLLTGLLFILLAYLILI,clash,LLLVLLLTGLLFALLAYLILI_1,1.1001100110011e+17,1.0,-59.8335,-60.0949,-58.7499,-224.595,-219.958,-241.212,-344.208,4596.23,3769.93,3637.89,-14.1823,78070.4,-73.9619,78006.2,-44.2459,-38.5244,72.7446,-48.5642,7.53054,2.09918,1.69035,1348.85,-38.7525,65.3789,-42.5319,1259.74,7.4041,1.13902,0.619703,1.0,LLLVLLLTGLLFALLAYLILI,0.320920962281884,0.0575187588640955,G,99999900.0
VLLLTGLLFALLAYL,WT,LLLVLLLTGLLFILLAYLILI,clash,LLLVLLLTGLLFALLAYLILI_2,1.1001100110011e+17,1.0,-59.8131,-60.2695,-58.7499,-223.836,-225.201,-241.212,-344.208,4596.23,3650.29,3637.89,-13.4822,1644.11,-74.0409,1585.38,-44.2459,-38.3755,72.3361,-47.5325,7.5879,2.0217,1.60674,1281.64,-38.7525,65.3789,-42.5319,1259.74,7.4041,1.13902,0.619703,2.0,LLLVLLLTGLLFALLAYLILI,0.320920962281884,0.0575187588640955,G,99999900.0
VLLLTGLLFALLAYL,WT,LLLVLLLTGLLFILLAYLILI,clash,LLLVLLLTGLLFALLAYLILI_0,1.1001100110011e+17,1.0,-55.9315,-61.6498,-58.7499,-219.927,-219.176,-241.212,-344.208,4596.23,3826.43,3637.89,-6.7394,1603.95,-75.0889,1540.57,-44.2459,-34.7136,67.8484,-51.2879,7.5953,0.866572,0.384298,1308.05,-38.7525,65.3789,-42.5319,1259.74,7.4041,1.13902,0.619703,0.0,LLLVLLLTGLLFALLAYLILI,0.320920962281884,0.0575187588640955,G,99999900.0
TYLLALLLGVLLGSL,WT,LLLTYLLALLLIVLLGSLILI,clash,LLLTYLLALLLGVLLGSLILI_2,1.1001100110011e+17,1.0,-70.8343,-65.4912,-60.2923,-226.841,-228.499,-245.168,-361.295,4571.74,3602.14,3505.81,-24.6589,28621.0,-88.2779,28553.7,-55.8342,-66.7231,46.6526,-44.9641,7.02849,2.80656,2.00635,19955.4,-59.4498,45.2469,-38.8459,28246.4,6.6517,1.5258,0.704503,2.0,LLLTYLLALLLGVLLGSLILI,0.861207592374405,0.0611611423350264,G,99999900.0
TYLLALLLGVLLGSL,WT,LLLTYLLALLLIVLLGSLILI,clash,LLLTYLLALLLGVLLGSLILI_0,1.1001100110011e+17,1.0,-70.7686,-70.2215,-60.2923,-225.039,-222.813,-245.168,-361.295,4571.74,3603.1,3505.81,-22.861,28607.7,-88.3481,28539.4,-55.8342,-64.6471,43.8103,-44.5057,7.08481,2.11145,1.26861,27091.7,-59.4498,45.2469,-38.8459,28246.4,6.6517,1.5258,0.704503,0.0,LLLTYLLALLLGVLLGSLILI,0.861207592374405,0.0611611423350264,G,99999900.0
TYLLALLLGVLLGSL,WT,LLLTYLLALLLIVLLGSLILI,clash,LLLTYLLALLLGVLLGSLILI_1,1.1001100110011e+17,1.0,-68.8304,-67.8563,-60.2923,-226.829,-226.011,-245.168,-361.295,4571.74,3699.13,3505.81,-21.5865,28621.4,-87.222,28554.0,-55.8342,-68.012,45.2689,-43.5535,7.30417,2.81311,1.99214,24887.8,-59.4498,45.2469,-38.8459,28246.4,6.6517,1.5258,0.704503,1.0,LLLTYLLALLLGVLLGSLILI,0.861207592374405,0.0611611423350264,G,99999900.0
YVLLFTLLGALLGLL,WT,LLLYVLLFTLLIALLGLLILI,clash,LLLYVLLFTLLGALLGLLILI_1,1.1001100110011e+17,1.0,-67.5606,-66.86,-58.7108,-227.567,-227.122,-244.94,-341.06,4602.48,3895.77,3813.16,-27.8242,-5.74464,-73.7564,-52.8225,-37.4092,-47.1934,67.5556,-48.0015,6.72359,2.69902,2.21235,-3.91634,-42.798,67.046,-44.058,-342.976,7.0511,1.97091,1.4766,1.0,LLLYVLLFTLLGALLGLLILI,0.295779784935633,0.0378757544203776,G,99999900.0
YVLLFTLLGALLGLL,WT,LLLYVLLFTLLIALLGLLILI,clash,LLLYVLLFTLLGALLGLLILI_0,1.1001100110011e+17,1.0,-66.86,-65.5936,-58.7108,-227.122,-223.212,-244.94,-341.06,4602.48,3943.92,3813.16,-24.0429,-1.91608,-71.1212,-54.1704,-37.4092,-38.5909,76.2418,-47.7611,6.82707,2.58127,2.2249,-0.976589,-42.798,67.046,-44.058,-342.976,7.0511,1.97091,1.4766,0.0,LLLYVLLFTLLGALLGLLILI,0.295779784935633,0.0378757544203776,G,99999900.0
YVLLFTLLGALLGLL,WT,LLLYVLLFTLLIALLGLLILI,clash,LLLYVLLFTLLGALLGLLILI_2,1.1001100110011e+17,1.0,-65.5936,-67.5606,-58.7108,-223.212,-227.567,-244.94,-341.06,4602.48,3883.15,3813.16,-1.91608,-27.8242,-54.1704,-73.7564,-37.4092,-42.798,67.046,-44.058,7.0511,1.97091,1.4766,-0.133494,-42.798,67.046,-44.058,-342.976,7.0511,1.97091,1.4766,2.0,LLLYVLLFTLLGALLGLLILI,0.295779784935633,0.0378757544203776,G,99999900.0
YLLLGALLGTLLSFL,WT,LLLYLLLGALLITLLSFLILI,clash,LLLYLLLGALLGTLLSFLILI_2,1.1001100110011e+17,1.0,-87.8257,-64.8344,-73.9921,-229.752,-226.157,-244.099,-352.576,4590.74,3851.81,3611.13,-32.8979,3295.38,-67.8958,3233.8,-34.4848,-70.5384,60.6479,-49.6731,6.71354,5.26822,4.67794,2073.31,-60.6857,64.7023,-38.4105,3008.78,7.3229,4.33767,3.8082,2.0,LLLYLLLGALLGTLLSFLILI,0.600241666994661,0.0486707501647826,G,99999900.0
YLLLGALLGTLLSFL,WT,LLLYLLLGALLITLLSFLILI,clash,LLLYLLLGALLGTLLSFLILI_0,1.1001100110011e+17,1.0,-83.4867,-77.8642,-73.9921,-231.636,-219.085,-244.099,-352.576,4590.74,3927.1,3611.13,-32.3232,3361.36,-69.7767,3305.73,-34.4848,-70.585,62.9839,-51.9267,6.74192,5.59057,5.03533,3212.94,-60.6857,64.7023,-38.4105,3008.78,7.3229,4.33767,3.8082,0.0,LLLYLLLGALLGTLLSFLILI,0.600241666994661,0.0486707501647826,G,99999900.0
YLLLGALLGTLLSFL,WT,LLLYLLLGALLITLLSFLILI,clash,LLLYLLLGALLGTLLSFLILI_1,1.1001100110011e+17,1.0,-83.6464,-68.2179,-73.9921,-228.082,-224.612,-244.099,-352.576,4590.74,3893.3,3611.13,-26.1855,3368.16,-67.0326,3308.41,-34.4848,-66.1896,63.7648,-48.5017,7.12198,5.03669,4.49316,2547.04,-60.6857,64.7023,-38.4105,3008.78,7.3229,4.33767,3.8082,1.0,LLLYLLLGALLGTLLSFLILI,0.600241666994661,0.0486707501647826,G,99999900.0
TLLLGLLLGVLLASL,WT,LLLTLLLILLLGVLLASLILI,clash,LLLTLLLGLLLGVLLASLILI_2,1.1001100110011e+17,1.0,-73.762,-67.4607,-60.2643,-219.739,-222.381,-236.733,-370.643,4529.78,3593.0,3582.5,-37.2548,-23.3968,-114.397,-104.199,-73.6462,-89.4757,50.3646,-42.1382,6.58101,6.72058,5.97605,-25.7034,-97.764,38.4753,-38.0973,-396.16,7.04,6.35877,5.4359,2.0,LLLTLLLGLLLGVLLASLILI,1.12985441837737,0.04289228427083,G,99999900.0
TLLLGLLLGVLLASL,WT,LLLTLLLILLLGVLLASLILI,clash,LLLTLLLGLLLGVLLASLILI_0,1.1001100110011e+17,1.0,-71.8352,-64.8999,-60.2643,-220.739,-218.592,-236.733,-370.643,4529.78,3642.68,3582.5,-35.7892,-25.5163,-113.859,-112.667,-73.6462,-93.3495,47.3807,-43.8292,6.59213,6.89881,6.10952,-25.5202,-97.764,38.4753,-38.0973,-396.16,7.04,6.35877,5.4359,0.0,LLLTLLLGLLLGVLLASLILI,1.12985441837737,0.04289228427083,G,99999900.0
TLLLGLLLGVLLASL,WT,LLLTLLLILLLGVLLASLILI,clash,LLLTLLLGLLLGVLLASLILI_1,1.1001100110011e+17,1.0,-68.6664,-71.8194,-60.2643,-219.951,-221.597,-236.733,-370.643,4529.78,3652.52,3582.5,-30.7337,1.43771,-112.759,-75.7892,-73.6462,-96.2607,46.8418,-39.5987,6.95869,7.26273,6.46536,-25.0419,-97.764,38.4753,-38.0973,-396.16,7.04,6.35877,5.4359,1.0,LLLTLLLGLLLGVLLASLILI,1.12985441837737,0.04289228427083,G,99999900.0
FYLLGVLLGLLLASL,WT,LLLFYLLGVLLILLLASLILI,clash,LLLFYLLGVLLGLLLASLILI_0,1.1001100110011e+17,1.0,-71.2957,-70.3019,-60.32,-231.705,-219.01,-239.256,-339.298,4680.69,3596.19,3576.2,-47.3461,-31.619,-83.6429,-81.6044,-39.7219,-84.4887,60.2956,-40.2578,7.0348,7.31321,6.71764,-28.4053,-75.759,50.2096,-41.8685,-370.917,7.3305,4.64215,3.89529,0.0,LLLFYLLGVLLGLLLASLILI,0.967679741990886,0.0675663528266558,G,99999900.0
FYLLGVLLGLLLASL,WT,LLLFYLLGVLLILLLASLILI,clash,LLLFYLLGVLLGLLLASLILI_1,1.1001100110011e+17,1.0,-70.6993,-72.8436,-60.32,-220.119,-227.8,-239.256,-339.298,4680.69,3618.95,3576.2,-34.3495,-33.9011,-82.8285,-72.5555,-39.7219,-76.1892,51.4032,-42.285,7.19854,4.86781,4.13886,-30.918,-75.759,50.2096,-41.8685,-370.917,7.3305,4.64215,3.89529,1.0,LLLFYLLGVLLGLLLASLILI,0.967679741990886,0.0675663528266558,G,99999900.0
FYLLGVLLGLLLASL,WT,LLLFYLLGVLLILLLASLILI,clash,LLLFYLLGVLLGLLLASLILI_2,1.1001100110011e+17,1.0,-70.7466,-70.6605,-60.32,-220.234,-220.05,-239.256,-339.298,4680.69,3583.19,3576.2,-34.3207,-32.1027,-82.6373,-80.6899,-39.7219,-76.1682,51.5565,-42.3264,7.22976,4.88536,4.15871,-32.1755,-75.759,50.2096,-41.8685,-370.917,7.3305,4.64215,3.89529,2.0,LLLFYLLGVLLGLLLASLILI,0.967679741990886,0.0675663528266558,G,99999900.0
TYLLGVLLGILLALL,WT,LLLTYLLGVLLIILLALLILI,clash,LLLTYLLGVLLGILLALLILI_2,1.1001100110011e+17,1.0,-55.6116,-55.9024,-44.9618,-229.341,-226.621,-248.927,-354.636,4555.61,3621.83,3631.76,-30.6396,-27.889,-100.323,-100.002,-60.7471,-73.5971,50.5697,-44.512,7.37963,4.36648,3.62503,-26.232,-66.8898,49.5856,-44.1976,-380.881,7.2568,3.22752,2.4713,2.0,LLLTYLLGVLLGILLALLILI,1.0522728154861,0.185099504210926,G,99999900.0
TYLLGVLLGILLALL,WT,LLLTYLLGVLLIILLALLILI,clash,LLLTYLLGVLLGILLALLILI_0,1.1001100110011e+17,1.0,-55.4545,-57.2087,-44.9618,-227.046,-225.663,-248.927,-354.636,4555.61,3602.42,3631.76,-29.9179,-26.2449,-102.053,-98.0091,-60.7471,-72.3185,46.0793,-44.9882,7.22049,3.56848,2.75967,-26.9243,-66.8898,49.5856,-44.1976,-380.881,7.2568,3.22752,2.4713,0.0,LLLTYLLGVLLGILLALLILI,1.0522728154861,0.185099504210926,G,99999900.0
TYLLGVLLGILLALL,WT,LLLTYLLGVLLIILLALLILI,clash,LLLTYLLGVLLGILLALLILI_1,1.1001100110011e+17,1.0,-57.8851,-53.6929,-44.9618,-226.518,-226.232,-248.927,-354.636,4555.61,3576.98,3631.76,-29.3408,-24.0734,-99.5743,-98.7846,-60.7471,-69.9275,48.1466,-45.1899,7.11615,3.48891,2.71111,-26.2261,-66.8898,49.5856,-44.1976,-380.881,7.2568,3.22752,2.4713,1.0,LLLTYLLGVLLGILLALLILI,1.0522728154861,0.185099504210926,G,99999900.0
YLLLGTLLGILLAFL,WT,LLLYLLLGTLLGILLIFLILI,clash,LLLYLLLGTLLGILLAFLILI_2,1.1001100110011e+17,1.0,-58.7658,-58.7658,-58.7658,-236.781,-234.728,-246.112,-341.177,4624.75,3948.89,3715.83,-19.353,1726.44,-64.9834,1678.76,-36.2992,-60.5419,67.9079,-44.2301,7.82123,4.74885,4.26747,1394.91,-52.9906,59.3407,-40.4383,1378.58,7.2557,2.45959,1.8497,2.0,LLLYLLLGTLLGILLAFLILI,0.502189614313423,0.0795611772292142,G,99999900.0
YLLLGTLLGILLAFL,WT,LLLYLLLGTLLGILLIFLILI,clash,LLLYLLLGTLLGILLAFLILI_0,1.1001100110011e+17,1.0,-60.9115,-63.5764,-58.7658,-232.049,-225.25,-246.112,-341.177,4624.75,3931.32,3715.83,-18.4343,1719.76,-66.6509,1667.41,-36.2992,-46.0832,74.3873,-46.883,7.46381,3.45476,3.07057,1575.52,-52.9906,59.3407,-40.4383,1378.58,7.2557,2.45959,1.8497,0.0,LLLYLLLGTLLGILLAFLILI,0.502189614313423,0.0795611772292142,G,99999900.0
YLLLGTLLGILLAFL,WT,LLLYLLLGTLLGILLIFLILI,clash,LLLYLLLGTLLGILLAFLILI_1,1.1001100110011e+17,1.0,-58.7658,-60.9115,-58.7658,-235.687,-231.422,-246.112,-341.177,4624.75,4025.34,3715.83,-16.0101,1722.74,-62.7346,1673.89,-36.2992,-56.1198,72.8421,-42.6584,8.41929,4.75166,4.34429,1180.56,-52.9906,59.3407,-40.4383,1378.58,7.2557,2.45959,1.8497,1.0,LLLYLLLGTLLGILLAFLILI,0.502189614313423,0.0795611772292142,G,99999900.0
YFLLAVLLGLLLGSL,WT,LLLYFLLIVLLGLLLGSLILI,clash,LLLYFLLAVLLGLLLGSLILI_0,1.1001100110011e+17,1.0,-63.8555,-62.1583,-60.2613,-224.477,-218.734,-244.382,-341.778,4689.61,3547.51,3535.76,-23.9386,-13.1808,-77.3847,-74.0664,-37.1351,-72.6753,42.234,-37.8073,7.33155,3.10289,2.2364,-14.6225,-72.2097,37.011,-35.0,-354.959,7.3038,2.32794,1.3831,0.0,LLLYFLLAVLLGLLLGSLILI,0.327522954162918,0.12699081079289,G,99999900.0
YFLLAVLLGLLLGSL,WT,LLLYFLLIVLLGLLLGSLILI,clash,LLLYFLLAVLLGLLLGSLILI_1,1.1001100110011e+17,1.0,-64.2372,-63.8555,-60.2613,-225.43,-223.591,-244.382,-341.778,4689.61,3600.55,3535.76,-23.8877,-17.9338,-75.9992,-72.2653,-37.1351,-73.4741,43.0502,-37.9723,7.33416,3.33289,2.47864,-13.325,-72.2097,37.011,-35.0,-354.959,7.3038,2.32794,1.3831,1.0,LLLYFLLAVLLGLLLGSLILI,0.327522954162918,0.12699081079289,G,99999900.0
YFLLAVLLGLLLGSL,WT,LLLYFLLIVLLGLLLGSLILI,clash,LLLYFLLAVLLGLLLGSLILI_2,1.1001100110011e+17,1.0,-61.9913,-64.2442,-60.2613,-228.463,-225.147,-244.382,-341.778,4689.61,3592.69,3535.76,-21.6906,-20.7952,-73.0144,-73.1822,-37.1351,-75.9531,44.1476,-39.086,7.55591,3.85289,3.0151,-13.2652,-72.2097,37.011,-35.0,-354.959,7.3038,2.32794,1.3831,2.0,LLLYFLLAVLLGLLLGSLILI,0.327522954162918,0.12699081079289,G,99999900.0
LFLLGILLGTLLASL,WT,LLLLFLLIILLGTLLASLILI,clash,LLLLFLLGILLGTLLASLILI_0,1.1001100110011e+17,1.0,-82.0309,-84.0651,-74.072,-223.715,-215.774,-236.149,-357.8,4506.55,3602.59,3576.18,-38.7096,-31.9435,-90.7643,-89.9043,-47.5792,-74.2607,58.9922,-47.2747,6.57756,5.60306,4.98795,-30.0187,-75.337,50.8884,-45.0,-389.744,6.5,4.67048,3.93381,0.0,LLLLFLLGILLGTLLASLILI,1.19369828772486,0.0573392330678604,G,99999900.0
LFLLGILLGTLLASL,WT,LLLLFLLIILLGTLLASLILI,clash,LLLLFLLGILLGTLLASLILI_1,1.1001100110011e+17,1.0,-82.1616,-82.0309,-74.072,-216.918,-220.042,-236.149,-357.8,4506.55,3564.47,3576.18,-32.7297,-33.2839,-91.45,-89.0107,-47.5792,-75.2893,50.1628,-46.9313,6.58156,4.56538,3.81782,-30.5259,-75.337,50.8884,-45.0,-389.744,6.5,4.67048,3.93381,1.0,LLLLFLLGILLGTLLASLILI,1.19369828772486,0.0573392330678604,G,99999900.0
LFLLGILLGTLLASL,WT,LLLLFLLIILLGTLLASLILI,clash,LLLLFLLGILLGTLLASLILI_2,1.1001100110011e+17,1.0,-81.8682,-82.1616,-74.072,-217.281,-215.613,-236.149,-357.8,4506.55,3602.26,3576.18,-32.6152,-29.7944,-91.2666,-89.8203,-47.5792,-75.1865,50.6369,-47.3578,6.64854,4.61395,3.87351,-26.2335,-75.337,50.8884,-45.0,-389.744,6.5,4.67048,3.93381,2.0,LLLLFLLGILLGTLLASLILI,1.19369828772486,0.0573392330678604,G,99999900.0
TFLLGLLLGYLLASL,WT,LLLTFLLGLLLIYLLASLILI,clash,LLLTFLLGLLLGYLLASLILI_0,1.1001100110011e+17,1.0,-74.2859,-65.4148,-60.2384,-221.269,-225.505,-245.296,-347.233,4569.18,3569.29,3589.42,-33.2748,-23.6209,-84.9532,-79.9344,-41.6995,-70.355,49.7611,-41.7323,6.98929,3.771,3.01742,-23.5442,-75.8727,44.54,-43.5756,-370.854,7.3804,3.8938,3.0619,0.0,LLLTFLLGLLLGYLLASLILI,1.28048134031036,0.131907282011787,G,99999900.0
TFLLGLLLGYLLASL,WT,LLLTFLLGLLLIYLLASLILI,clash,LLLTFLLGLLLGYLLASLILI_1,1.1001100110011e+17,1.0,-65.3801,-74.4718,-60.2384,-226.427,-223.97,-245.296,-347.233,4569.18,3590.06,3589.42,-25.4528,432.077,-80.8787,383.286,-41.6995,-76.6502,44.9568,-44.7427,7.38509,4.0667,3.24106,-23.5193,-75.8727,44.54,-43.5756,-370.854,7.3804,3.8938,3.0619,1.0,LLLTFLLGLLLGYLLASLILI,1.28048134031036,0.131907282011787,G,99999900.0
TFLLGLLLGYLLASL,WT,LLLTFLLGLLLIYLLASLILI,clash,LLLTFLLGLLLGYLLASLILI_2,1.1001100110011e+17,1.0,-65.2714,-65.3801,-60.2384,-225.651,-226.391,-245.296,-347.233,4569.18,3617.06,3589.42,-23.5518,-24.303,-79.8631,-79.7655,-41.6995,-75.9631,43.7433,-45.9002,7.39148,3.79982,2.95597,-23.5485,-75.8727,44.54,-43.5756,-370.854,7.3804,3.8938,3.0619,2.0,LLLTFLLGLLLGYLLASLILI,1.28048134031036,0.131907282011787,G,99999900.0
AYLLGVLLGLLLSTL,WT,LLLAYLLGVLLILLLSTLILI,clash,LLLAYLLGVLLGLLLSTLILI_0,1.1001100110011e+17,1.0,-84.2407,-82.2492,-74.1418,-213.61,-213.608,-241.432,-365.959,4516.15,3568.41,3661.36,-21.8619,-16.5759,-89.9701,-86.6781,-50.3849,-106.999,22.7273,-39.2221,6.91825,5.61804,4.45895,-16.2144,-103.231,29.5137,-38.6687,-382.535,7.3551,5.969,4.91171,0.0,LLLAYLLGVLLGLLLSTLILI,1.1926894272758,0.287681185492407,G,99999900.0
AYLLGVLLGLLLSTL,WT,LLLAYLLGVLLILLLSTLILI,clash,LLLAYLLGVLLGLLLSTLILI_1,1.1001100110011e+17,1.0,-82.7711,-84.5335,-74.1418,-216.141,-213.807,-241.432,-365.959,4516.15,3759.04,3661.36,-17.8678,-20.1945,-84.9143,-87.8128,-50.3849,-102.299,37.6571,-44.8488,7.35354,6.92851,5.99337,-15.2001,-103.231,29.5137,-38.6687,-382.535,7.3551,5.969,4.91171,1.0,LLLAYLLGVLLGLLLSTLILI,1.1926894272758,0.287681185492407,G,99999900.0
AYLLGVLLGLLLSTL,WT,LLLAYLLGVLLILLLSTLILI,clash,LLLAYLLGVLLGLLLSTLILI_2,1.1001100110011e+17,1.0,-82.5472,-82.7074,-74.1418,-213.667,-217.928,-241.432,-365.959,4516.15,3625.61,3661.36,-17.8067,-14.318,-87.552,-79.6418,-50.3849,-100.845,31.3211,-39.9951,7.17051,5.85506,4.82487,-16.3938,-103.231,29.5137,-38.6687,-382.535,7.3551,5.969,4.91171,2.0,LLLAYLLGVLLGLLLSTLILI,1.1926894272758,0.287681185492407,G,99999900.0
YLLLGALLGILLSTL,WT,LLLYLLLGALLIILLSTLILI,clash,LLLYLLLGALLGILLSTLILI_2,1.1001100110011e+17,1.0,-87.8849,-84.2539,-74.098,-225.831,-222.402,-243.131,-366.528,4545.06,3683.22,3700.64,-29.8955,-20.4119,-82.7067,-80.284,-49.2984,-72.4414,62.446,-43.0112,6.54645,5.79642,5.23311,-16.732,-63.07,66.418,-42.249,-383.164,7.1117,4.92693,4.4232,2.0,LLLYLLLGALLGILLSTLILI,0.809365382560016,0.0601592648384403,G,99999900.0
YLLLGALLGILLSTL,WT,LLLYLLLGALLIILLSTLILI,clash,LLLYLLLGALLGILLSTLILI_0,1.1001100110011e+17,1.0,-84.2504,-82.4185,-74.098,-229.342,-221.482,-243.131,-366.528,4545.06,3778.44,3700.64,-29.5379,-16.6368,-82.4735,-79.2643,-49.2984,-58.7635,82.352,-44.0492,6.85388,6.43205,6.16734,-16.7268,-63.07,66.418,-42.249,-383.164,7.1117,4.92693,4.4232,0.0,LLLYLLLGALLGILLSTLILI,0.809365382560016,0.0601592648384403,G,99999900.0
YLLLGALLGILLSTL,WT,LLLYLLLGALLIILLSTLILI,clash,LLLYLLLGALLGILLSTLILI_1,1.1001100110011e+17,1.0,-84.2539,-84.2504,-74.098,-221.556,-229.773,-243.131,-366.528,4545.06,3749.28,3700.64,-21.5122,-28.199,-82.2304,-80.7035,-49.2984,-65.6055,63.7131,-44.5255,6.91714,4.94209,4.39779,-15.9099,-63.07,66.418,-42.249,-383.164,7.1117,4.92693,4.4232,1.0,LLLYLLLGALLGILLSTLILI,0.809365382560016,0.0601592648384403,G,99999900.0
STLLGALLGLLLAVL,WT,LLLSTLLGALLILLLAVLILI,clash,LLLSTLLGALLGLLLAVLILI_2,1.1001100110011e+17,1.0,-71.6597,-73.6306,-44.8908,-216.924,-214.575,-251.685,-365.853,4457.29,3562.07,3534.97,-28.3075,34.4964,-105.577,-43.1512,-69.2765,-74.5802,62.4375,-36.9936,6.68774,6.1161,5.55266,24.7585,-68.8242,63.6738,-35.7825,-331.356,6.5843,5.41959,4.8747,2.0,LLLSTLLGALLGLLLAVLILI,0.966125283009032,0.036322917722483,G,99999900.0
STLLGALLGLLLAVL,WT,LLLSTLLGALLILLLAVLILI,clash,LLLSTLLGALLGLLLAVLILI_0,1.1001100110011e+17,1.0,-71.986,-73.6306,-44.8908,-216.368,-214.575,-251.685,-365.853,4457.29,3511.35,3534.97,-26.2324,34.4964,-103.731,-43.1512,-69.2765,-67.2998,66.8668,-38.1207,6.5578,5.622,5.125,31.8623,-68.8242,63.6738,-35.7825,-331.356,6.5843,5.41959,4.8747,0.0,LLLSTLLGALLGLLLAVLILI,0.966125283009032,0.036322917722483,G,99999900.0
STLLGALLGLLLAVL,WT,LLLSTLLGALLILLLAVLILI,clash,LLLSTLLGALLGLLLAVLILI_1,1.1001100110011e+17,1.0,-73.6306,-70.6074,-44.8908,-214.575,-216.205,-251.685,-365.853,4457.29,3527.55,3534.97,34.4964,-24.0486,-43.1512,-103.089,-69.2765,-68.8242,63.6738,-35.7825,6.5843,5.41959,4.8747,-11.2276,-68.8242,63.6738,-35.7825,-331.356,6.5843,5.41959,4.8747,1.0,LLLSTLLGALLGLLLAVLILI,0.966125283009032,0.036322917722483,G,99999900.0
ALLLGLLLGVLLSTL,WT,LLLALLLILLLGVLLSTLILI,clash,LLLALLLGLLLGVLLSTLILI_1,1.1001100110011e+17,1.0,-91.1994,-87.956,-74.1192,-219.069,-217.28,-235.049,-376.841,4484.34,3589.29,3599.18,-42.7549,946.154,-109.327,874.549,-67.6724,-89.2311,54.0195,-39.7719,6.49144,7.17729,6.48759,-16.353,-97.764,38.4753,-38.0973,-393.95,7.04,6.35877,5.4359,1.0,LLLALLLGLLLGVLLSTLILI,0.989759934527599,0.0281009727152491,G,99999900.0
ALLLGLLLGVLLSTL,WT,LLLALLLILLLGVLLSTLILI,clash,LLLALLLGLLLGVLLSTLILI_2,1.1001100110011e+17,1.0,-83.484,-88.2502,-74.1192,-224.458,-219.035,-235.049,-376.841,4484.34,3637.63,3599.18,-38.4814,2335.27,-107.38,2265.71,-67.6724,-101.123,47.5532,-36.5057,6.79204,8.08819,7.30149,-19.5255,-97.764,38.4753,-38.0973,-393.95,7.04,6.35877,5.4359,2.0,LLLALLLGLLLGVLLSTLILI,0.989759934527599,0.0281009727152491,G,99999900.0
ALLLGLLLGVLLSTL,WT,LLLALLLILLLGVLLSTLILI,clash,LLLALLLGLLLGVLLSTLILI_1,1.1001100110011e+17,1.0,-84.7323,-82.9491,-74.1453,-220.124,-214.059,-235.038,-376.874,4480.94,3604.86,3485.59,-38.3829,-9.79277,-110.4,-89.659,-67.6902,-100.202,51.6099,-37.4166,6.55691,8.49761,7.77176,-17.1833,-100.398,38.898,-35.0,-394.287,7.038,6.81093,5.8944,1.0,LLLALLLGLLLGVLLSTLILI,0.989759934527599,0.0281009727152491,G,99999900.0
ALLLGLLLGVLLSTL,WT,LLLALLLILLLGVLLSTLILI,clash,LLLALLLGLLLGVLLSTLILI_0,1.1001100110011e+17,1.0,-90.1325,-78.2955,-74.1192,-217.985,-215.933,-235.049,-376.841,4484.34,3608.0,3599.18,-38.1281,-17.1095,-106.851,-99.7211,-67.6724,-88.9546,50.9878,-40.8883,6.44393,6.72654,5.99136,-17.1636,-97.764,38.4753,-38.0973,-393.95,7.04,6.35877,5.4359,0.0,LLLALLLGLLLGVLLSTLILI,0.989759934527599,0.0281009727152491,G,99999900.0
ALLLGLLLGVLLSTL,WT,LLLALLLILLLGVLLSTLILI,clash,LLLALLLGLLLGVLLSTLILI_2,1.1001100110011e+17,1.0,-83.7652,-84.0172,-74.1453,-220.276,-222.941,-235.038,-376.874,4480.94,3579.72,3485.59,-37.6803,374.163,-110.513,304.247,-67.6902,-104.721,46.5462,-35.6435,6.74264,8.49191,7.6901,-17.4452,-100.398,38.898,-35.0,-394.287,7.038,6.81093,5.8944,2.0,LLLALLLGLLLGVLLSTLILI,0.989759934527599,0.0281009727152491,G,99999900.0
ALLLGLLLGVLLSTL,WT,LLLALLLILLLGVLLSTLILI,clash,LLLALLLGLLLGVLLSTLILI_0,1.1001100110011e+17,1.0,-83.6341,-79.8348,-74.1453,-212.375,-214.081,-235.038,-376.874,4480.94,3568.49,3485.59,-29.0555,-17.4127,-109.92,-100.37,-67.6902,-95.7234,45.19,-36.5178,6.76794,6.95916,6.13701,-15.0985,-100.398,38.898,-35.0,-394.287,7.038,6.81093,5.8944,0.0,LLLALLLGLLLGVLLSTLILI,0.989759934527599,0.0281009727152491,G,99999900.0
GYLLALLLGTLLSFL,WT,LLLGYLLILLLGTLLSFLILI,clash,LLLGYLLALLLGTLLSFLILI_2,1.1001100110011e+17,1.0,-80.1234,-77.5196,-74.0304,-230.157,-226.511,-246.401,-357.941,4572.88,3745.51,3604.41,-27.3622,-24.9684,-75.0226,-78.879,-37.5096,-72.3552,56.4751,-41.2524,7.07671,4.97743,4.32456,-24.4171,-68.9875,54.3485,-39.7512,-382.78,6.8746,4.18517,3.5004,2.0,LLLGYLLALLLGTLLSFLILI,0.640721178051717,0.0461336597090948,G,99999900.0
GYLLALLLGTLLSFL,WT,LLLGYLLILLLGTLLSFLILI,clash,LLLGYLLALLLGTLLSFLILI_1,1.1001100110011e+17,1.0,-77.5196,-69.6707,-74.0304,-226.579,-227.73,-246.401,-357.941,4572.88,3646.86,3604.41,-24.9447,-12.1893,-78.7868,-72.7291,-37.5096,-68.7118,54.4742,-39.809,6.91692,4.16078,3.4779,-24.8391,-68.9875,54.3485,-39.7512,-382.78,6.8746,4.18517,3.5004,1.0,LLLGYLLALLLGTLLSFLILI,0.640721178051717,0.0461336597090948,G,99999900.0
GYLLALLLGTLLSFL,WT,LLLGYLLILLLGTLLSFLILI,clash,LLLGYLLALLLGTLLSFLILI_0,1.1001100110011e+17,1.0,-78.8929,-77.6106,-74.0304,-229.26,-226.547,-246.401,-357.941,4572.88,3784.82,3604.41,-23.9159,-24.839,-73.704,-78.6217,-37.5096,-72.5727,53.1019,-42.2255,7.18621,4.55466,3.85119,-24.912,-68.9875,54.3485,-39.7512,-382.78,6.8746,4.18517,3.5004,0.0,LLLGYLLALLLGTLLSFLILI,0.640721178051717,0.0461336597090948,G,99999900.0
GYLLALLLGTLLSFL,WT,LLLGYLLILLLGTLLSFLILI,clash,LLLGYLLALLLGTLLSFLILI_2,1.1001100110011e+17,1.0,-79.7315,-69.1813,-74.0338,-227.661,-226.66,-246.449,-357.966,4573.97,3722.91,3598.33,-23.0804,-10.1668,-73.6536,-72.2912,-37.4828,-74.6318,53.7506,-45.2687,7.73002,4.9511,4.25736,-19.7362,-69.3266,52.1387,-41.8459,-377.851,7.431,3.93772,3.2198,2.0,LLLGYLLALLLGTLLSFLILI,0.640721178051717,0.0461336597090948,G,99999900.0
GYLLALLLGTLLSFL,WT,LLLGYLLILLLGTLLSFLILI,clash,LLLGYLLALLLGTLLSFLILI_0,1.1001100110011e+17,1.0,-81.7782,-77.3328,-74.0338,-225.145,-222.401,-246.449,-357.966,4573.97,3771.44,3598.33,-21.8648,-19.8851,-72.9078,-78.1171,-37.4828,-67.1298,56.4007,-45.4473,7.63926,4.18356,3.52957,-20.2702,-69.3266,52.1387,-41.8459,-377.851,7.431,3.93772,3.2198,0.0,LLLGYLLALLLGTLLSFLILI,0.640721178051717,0.0461336597090948,G,99999900.0
GYLLALLLGTLLSFL,WT,LLLGYLLILLLGTLLSFLILI,clash,LLLGYLLALLLGTLLSFLILI_1,1.1001100110011e+17,1.0,-78.9578,-73.2643,-74.0338,-228.233,-224.621,-246.449,-357.966,4573.97,3767.98,3598.33,-21.4983,-12.6467,-72.2732,-72.7272,-37.4828,-74.2929,54.8797,-44.608,7.83685,5.05269,4.37589,-18.9116,-69.3266,52.1387,-41.8459,-377.851,7.431,3.93772,3.2198,1.0,LLLGYLLALLLGTLLSFLILI,0.640721178051717,0.0461336597090948,G,99999900.0
TALLFLLLGVLLASL,WT,LLLTALLFLLLIVLLASLILI,clash,LLLTALLFLLLGVLLASLILI_2,1.1001100110011e+17,1.0,-60.3462,-60.3462,-60.3462,-227.776,-226.56,-240.448,-355.85,4565.71,3649.38,3532.84,-16.1501,813.015,-83.8775,744.071,-55.0555,-66.3945,66.0403,-44.8469,8.15907,5.37461,4.86522,790.193,-60.5958,60.1642,-40.2827,442.07,7.5,3.71154,3.114,2.0,LLLTALLFLLLGVLLASLILI,0.873966069783781,0.0797780122280599,G,99999900.0
TALLFLLLGVLLASL,WT,LLLTALLFLLLIVLLASLILI,clash,LLLTALLFLLLGVLLASLILI_1,1.1001100110011e+17,1.0,-60.3462,-60.3462,-60.3462,-227.286,-221.862,-240.448,-355.85,4565.71,3631.95,3532.84,-15.5922,800.838,-83.8103,727.196,-55.0555,-67.3251,63.8409,-44.8466,8.05732,5.21728,4.6749,797.975,-60.5958,60.1642,-40.2827,442.07,7.5,3.71154,3.114,1.0,LLLTALLFLLLGVLLASLILI,0.873966069783781,0.0797780122280599,G,99999900.0
TALLFLLLGVLLASL,WT,LLLTALLFLLLIVLLASLILI,clash,LLLTALLFLLLGVLLASLILI_0,1.1001100110011e+17,1.0,-60.3462,-65.8041,-60.3462,-221.35,-220.428,-240.448,-355.85,4565.71,3725.1,3532.84,-10.3428,797.92,-84.4966,728.302,-55.0555,-59.1201,61.5231,-43.5647,8.01987,3.67363,3.09648,773.974,-60.5958,60.1642,-40.2827,442.07,7.5,3.71154,3.114,0.0,LLLTALLFLLLGVLLASLILI,0.873966069783781,0.0797780122280599,G,99999900.0
YVLLTLLLGTLLAFL,WT,LLLYVLLTLLLITLLAFLILI,clash,LLLYVLLTLLLGTLLAFLILI_1,1.1001100110011e+17,1.0,-72.6251,-72.6251,-72.6251,-231.776,-225.572,-249.396,-356.281,4657.91,4025.5,3717.91,-11.7317,861.395,-63.6117,803.31,-34.2599,-39.9628,76.07,-43.1789,8.24861,2.76387,2.40492,562.922,-48.9252,56.7148,-39.7132,492.379,7.3783,1.49528,0.846002,1.0,LLLYVLLTLLLGTLLAFLILI,0.266874001602839,0.0292518660294161,G,99999900.0
YVLLTLLLGTLLAFL,WT,LLLYVLLTLLLITLLAFLILI,clash,LLLYVLLTLLLGTLLAFLILI_0,1.1001100110011e+17,1.0,-72.6251,-75.9268,-72.6251,-225.93,-226.521,-249.396,-356.281,4657.91,4055.19,3717.91,-2.85227,848.66,-60.5781,794.827,-34.2599,-42.1104,60.0959,-47.1703,8.24492,0.929507,0.330946,773.504,-48.9252,56.7148,-39.7132,492.379,7.3783,1.49528,0.846002,0.0,LLLYVLLTLLLGTLLAFLILI,0.266874001602839,0.0292518660294161,G,99999900.0
YVLLTLLLGTLLAFL,WT,LLLYVLLTLLLITLLAFLILI,clash,LLLYVLLTLLLGTLLAFLILI_2,1.1001100110011e+17,1.0,-75.9268,-72.6251,-72.6251,-226.521,-232.768,-249.396,-356.281,4657.91,3892.93,3717.91,848.66,5.99293,794.827,-44.8955,-34.2599,-48.9252,56.7148,-39.7132,7.3783,1.49528,0.846002,1365.07,-48.9252,56.7148,-39.7132,492.379,7.3783,1.49528,0.846002,2.0,LLLYVLLTLLLGTLLAFLILI,0.266874001602839,0.0292518660294161,G,99999900.0
ASLLTLLLGVLLGFL,WT,LLLASLLTALLGVLLGFLILI,void,LLLASLLTLLLGVLLGFLILI_1,1.1001100110011e+17,1.0,-58.7011,-68.0389,-58.7011,-220.576,-218.73,-241.027,-348.23,4551.24,3794.69,3518.17,32964.7,346120.0,32895.7,346059.0,-48.5022,-46.8499,44.903,-38.7488,8.24806,-0.410621,-1.23708,286952.0,-49.8102,59.0204,-35.0,300252.0,7.4753,1.93929,1.3246,1.0,LLLASLLTLLLGVLLGFLILI,0.336395207729743,0.0484365532832086,G,99999900.0
ASLLTLLLGVLLGFL,WT,LLLASLLTALLGVLLGFLILI,void,LLLASLLTLLLGVLLGFLILI_0,1.1001100110011e+17,1.0,-58.7011,-72.2905,-58.7011,-219.779,-219.31,-241.027,-348.23,4551.24,3774.34,3518.17,37110.8,300601.0,37041.1,300544.0,-48.5022,-48.8401,52.9327,-38.2387,8.13025,0.971942,0.265933,230960.0,-49.8102,59.0204,-35.0,300252.0,7.4753,1.93929,1.3246,0.0,LLLASLLTLLLGVLLGFLILI,0.336395207729743,0.0484365532832086,G,99999900.0
ASLLTLLLGVLLGFL,WT,LLLASLLTALLGVLLGFLILI,void,LLLASLLTLLLGVLLGFLILI_2,1.1001100110011e+17,1.0,-58.7011,-68.0389,-58.7011,-218.849,-219.881,-241.027,-348.23,4551.24,3753.97,3518.17,41616.6,325904.0,41545.9,325844.0,-48.5022,-49.3034,47.3707,-37.9097,7.94674,0.290545,-0.498894,229327.0,-49.8102,59.0204,-35.0,300252.0,7.4753,1.93929,1.3246,2.0,LLLASLLTLLLGVLLGFLILI,0.336395207729743,0.0484365532832086,G,99999900.0
YLLLGALLAFLLSTL,WT,LLLYLLLGALLIFLLSTLILI,clash,LLLYLLLGALLAFLLSTLILI_0,1.1001100110011e+17,1.0,-74.6746,-75.4661,-74.0462,-230.061,-221.931,-245.215,-355.02,4624.31,3790.15,3709.56,-25.0501,-13.8429,-75.3339,-71.4655,-35.7582,-77.654,66.9831,-42.4094,7.35468,7.19083,6.69557,-13.9425,-74.4436,60.1664,-43.4591,-368.862,7.3574,5.789,5.1915,0.0,LLLYLLLGALLAFLLSTLILI,0.259508697515261,0.0237243075438346,G,99999900.0
YLLLGALLAFLLSTL,WT,LLLYLLLGALLIFLLSTLILI,clash,LLLYLLLGALLAFLLSTLILI_1,1.1001100110011e+17,1.0,-74.0254,-74.6746,-74.0462,-228.988,-228.741,-245.215,-355.02,4624.31,3811.7,3709.56,-22.8323,-18.477,-74.838,-70.081,-35.7582,-77.272,67.0489,-41.4817,7.52219,7.1424,6.64814,-13.7259,-74.4436,60.1664,-43.4591,-368.862,7.3574,5.789,5.1915,1.0,LLLYLLLGALLAFLLSTLILI,0.259508697515261,0.0237243075438346,G,99999900.0
YLLLGALLAFLLSTL,WT,LLLYLLLGALLIFLLSTLILI,clash,LLLYLLLGALLAFLLSTLILI_2,1.1001100110011e+17,1.0,-74.0254,-74.0254,-74.0462,-229.056,-227.965,-245.215,-355.02,4624.31,3808.95,3709.56,-22.8254,0.517535,-74.7634,-52.5113,-35.7582,-77.2531,67.217,-41.3709,7.53357,7.16225,6.6705,-13.8163,-74.4436,60.1664,-43.4591,-368.862,7.3574,5.789,5.1915,2.0,LLLYLLLGALLAFLLSTLILI,0.259508697515261,0.0237243075438346,G,99999900.0
SYLLTALLGALLGFL,WT,LLLSALLTALLGALLGFLILI,void,LLLSYLLTALLGALLGFLILI_1,1.1001100110011e+17,1.0,-82.6847,-79.649,-58.6186,-226.849,-224.614,-246.505,-338.832,4521.57,3671.93,3651.12,-35.278,-4.02782,-64.5767,-38.5972,-33.7089,-50.9131,69.3248,-50.0875,6.78896,3.49581,3.03568,-15.1027,-47.4319,67.7648,-45.0,-356.336,6.6781,2.76303,2.2795,1.0,LLLSYLLTALLGALLGFLILI,0.852908062780579,0.029137045962664,G,99999900.0
SYLLTALLGALLGFL,WT,LLLSALLTALLGALLGFLILI,void,LLLSYLLTALLGALLGFLILI_0,1.1001100110011e+17,1.0,-82.8441,-81.5806,-58.6186,-225.914,-224.535,-246.505,-338.832,4521.57,3799.7,3651.12,-34.3306,-17.5034,-64.4048,-50.2202,-33.7089,-44.5369,71.3374,-50.0713,6.84057,2.81109,2.38115,-17.906,-47.4319,67.7648,-45.0,-356.336,6.6781,2.76303,2.2795,0.0,LLLSYLLTALLGALLGFLILI,0.852908062780579,0.029137045962664,G,99999900.0
SYLLTALLGALLGFL,WT,LLLSALLTALLGALLGFLILI,void,LLLSYLLTALLGALLGFLILI_2,1.1001100110011e+17,1.0,-85.2129,-79.6975,-58.6186,-225.422,-224.094,-246.505,-338.832,4521.57,3711.77,3651.12,-31.3375,-6.49756,-59.535,-41.5382,-33.7089,-48.4684,65.6276,-47.7885,6.54593,2.62999,2.11441,-12.8606,-47.4319,67.7648,-45.0,-356.336,6.6781,2.76303,2.2795,2.0,LLLSYLLTALLGALLGFLILI,0.852908062780579,0.029137045962664,G,99999900.0
SYLLAVLLGLLLGTL,WT,LLLSYLLAVLLILLLGTLILI,clash,LLLSYLLAVLLGLLLGTLILI_2,1.1001100110011e+17,1.0,-65.3137,-74.4551,-58.7719,-222.315,-223.555,-248.99,-361.07,4549.84,3500.97,3597.04,-14.7277,-10.3278,-88.1687,-73.3874,-53.3075,-73.7302,34.2602,-34.3313,7.55672,2.18466,1.19857,-8.69269,-71.6801,32.6466,-35.8841,-371.271,7.5,1.6593,0.648998,2.0,LLLSYLLAVLLGLLLGTLILI,1.00601665481606,0.124395352843383,G,99999900.0
SYLLAVLLGLLLGTL,WT,LLLSYLLAVLLILLLGTLILI,clash,LLLSYLLAVLLGLLLGTLILI_1,1.1001100110011e+17,1.0,-65.2774,-74.3658,-58.7719,-224.152,-222.924,-248.99,-361.07,4549.84,3544.66,3597.04,-13.992,-8.13657,-85.6322,-71.9165,-53.3075,-74.9598,36.2505,-35.0755,7.63044,2.63778,1.68154,-8.77914,-71.6801,32.6466,-35.8841,-371.271,7.5,1.6593,0.648998,1.0,LLLSYLLAVLLGLLLGTLILI,1.00601665481606,0.124395352843383,G,99999900.0
SYLLAVLLGLLLGTL,WT,LLLSYLLAVLLILLLGTLILI,clash,LLLSYLLAVLLGLLLGTLILI_0,1.1001100110011e+17,1.0,-64.7882,-74.4048,-58.7719,-222.23,-223.186,-248.99,-361.07,4549.84,3477.28,3597.04,-13.8304,-10.2018,-87.8813,-73.6806,-53.3075,-71.1494,34.007,-33.6816,7.52645,1.76336,0.773462,-9.88033,-71.6801,32.6466,-35.8841,-371.271,7.5,1.6593,0.648998,0.0,LLLSYLLAVLLGLLLGTLILI,1.00601665481606,0.124395352843383,G,99999900.0
YILLGLLLGTLLASL,WT,LLLYILLGLLLITLLASLILI,clash,LLLYILLGLLLGTLLASLILI_2,1.1001100110011e+17,1.0,-83.0258,-84.3341,-74.0156,-226.321,-215.206,-242.917,-366.336,4552.73,3797.52,3559.45,-32.0771,118.28,-89.066,51.4843,-49.4036,-95.3462,51.9102,-48.4287,6.8681,7.80981,7.08846,-2.33195,-97.764,38.4753,-38.0973,-355.567,7.04,6.35877,5.4359,2.0,LLLYILLGLLLGTLLASLILI,0.387171139110211,0.0319044108402396,G,99999900.0
YILLGLLLGTLLASL,WT,LLLYILLGLLLITLLASLILI,clash,LLLYILLGLLLGTLLASLILI_1,1.1001100110011e+17,1.0,-84.7908,-76.1534,-74.0156,-218.833,-225.302,-242.917,-366.336,4552.73,3656.93,3559.45,-26.6311,-6.27855,-89.3429,-71.1592,-49.4036,-93.2411,45.5782,-45.043,6.70001,6.63922,5.82289,0.830456,-97.764,38.4753,-38.0973,-355.567,7.04,6.35877,5.4359,1.0,LLLYILLGLLLGTLLASLILI,0.387171139110211,0.0319044108402396,G,99999900.0
YILLGLLLGTLLASL,WT,LLLYILLGLLLITLLASLILI,clash,LLLYILLGLLLGTLLASLILI_0,1.1001100110011e+17,1.0,-76.1505,-79.7127,-74.0156,-228.998,-213.003,-242.917,-366.336,4552.73,3679.69,3559.45,-25.3512,10.7689,-86.5382,-62.8516,-49.4036,-94.4097,54.1284,-40.944,7.28525,7.96878,7.28071,9.80557,-97.764,38.4753,-38.0973,-355.567,7.04,6.35877,5.4359,0.0,LLLYILLGLLLGTLLASLILI,0.387171139110211,0.0319044108402396,G,99999900.0
TLLLGLLLGVLLGSL,WT,LLLTLLLGLLLIVLLGSLILI,clash,LLLTLLLGLLLGVLLGSLILI_2,1.1001100110011e+17,1.0,-73.4993,-70.248,-60.2824,-219.99,-216.566,-237.615,-367.141,4504.78,3612.98,3502.76,-37.2941,5380.56,-110.946,5300.24,-69.2438,-89.7889,46.3174,-42.311,6.5789,6.22118,5.41594,-16.3759,-91.396,35.576,-35.8075,-384.335,7.4513,5.01216,4.0458,2.0,LLLTLLLGLLLGVLLGSLILI,0.957348670479544,0.162181033418604,G,99999900.0
TLLLGLLLGVLLGSL,WT,LLLTLLLGLLLIVLLGSLILI,clash,LLLTLLLGLLLGVLLGSLILI_0,1.1001100110011e+17,1.0,-73.7808,-61.9984,-60.2824,-217.934,-214.846,-237.615,-367.141,4504.78,3537.35,3502.76,-35.7007,-17.1934,-111.127,-107.49,-69.2438,-88.7871,44.192,-42.0891,6.5353,5.78399,4.94687,-15.0588,-91.396,35.576,-35.8075,-384.335,7.4513,5.01216,4.0458,0.0,LLLTLLLGLLLGVLLGSLILI,0.957348670479544,0.162181033418604,G,99999900.0
TLLLGLLLGVLLGSL,WT,LLLTLLLGLLLIVLLGSLILI,clash,LLLTLLLGLLLGVLLGSLILI_1,1.1001100110011e+17,1.0,-72.6573,-72.4861,-60.2824,-215.89,-218.339,-237.615,-367.141,4504.78,3462.84,3502.76,-34.3767,3231.33,-112.97,3155.02,-69.2438,-88.43,42.0342,-38.4026,6.58435,5.43911,4.56962,-16.5649,-91.396,35.576,-35.8075,-384.335,7.4513,5.01216,4.0458,1.0,LLLTLLLGLLLGVLLGSLILI,0.957348670479544,0.162181033418604,G,99999900.0
SYLLTVLLGTLLAFL,WT,LLLSYLLTVLLITLLAFLILI,clash,LLLSYLLTVLLGTLLAFLILI_2,1.1001100110011e+17,1.0,-84.167,-88.9422,-72.5251,-234.107,-232.392,-253.872,-358.537,4570.76,3859.84,3657.38,-21.0729,300.738,-61.336,263.535,-32.1405,-49.2565,69.1616,-47.9826,8.18718,3.2253,2.76272,295.542,-49.156,60.31,-42.3523,-57.7995,7.5,2.01525,1.4199,2.0,LLLSYLLTVLLGTLLAFLILI,0.374067376640595,0.046118368429625,G,99999900.0
SYLLTVLLGTLLAFL,WT,LLLSYLLTVLLITLLAFLILI,clash,LLLSYLLTVLLGTLLAFLILI_0,1.1001100110011e+17,1.0,-84.3385,-88.9422,-72.5251,-230.792,-232.392,-253.872,-358.537,4570.76,3880.54,3657.38,-16.9569,300.738,-60.3641,263.535,-32.1405,-48.968,53.813,-48.2974,8.19555,1.10994,0.417137,301.126,-49.156,60.31,-42.3523,-57.7995,7.5,2.01525,1.4199,0.0,LLLSYLLTVLLGTLLAFLILI,0.374067376640595,0.046118368429625,G,99999900.0
SYLLTVLLGTLLAFL,WT,LLLSYLLTVLLITLLAFLILI,clash,LLLSYLLTVLLGTLLAFLILI_1,1.1001100110011e+17,1.0,-88.9422,-85.8693,-72.5251,-232.392,-233.113,-253.872,-358.537,4570.76,3633.34,3657.38,300.738,-9.36227,263.535,-48.9175,-32.1405,-49.156,60.31,-42.3523,7.5,2.01525,1.4199,360.429,-49.156,60.31,-42.3523,-57.7995,7.5,2.01525,1.4199,1.0,LLLSYLLTVLLGTLLAFLILI,0.374067376640595,0.046118368429625,G,99999900.0
YALLFLLLGTLLSIL,WT,LLLYALLFILLGTLLSILILI,clash,LLLYALLFLLLGTLLSILILI_0,1.1001100110011e+17,1.0,-70.7208,-71.3173,-74.0819,-233.803,-227.043,-250.083,-362.562,4665.6,3812.65,3687.89,-15.4472,274.992,-73.4856,210.791,-38.3965,-66.7986,62.0788,-42.1708,7.516,4.90043,4.33161,271.496,-60.5958,60.1642,-40.2827,-87.5696,7.5,3.71154,3.114,0.0,LLLYALLFLLLGTLLSILILI,0.25475654008902,0.0505044966408346,G,99999900.0
YALLFLLLGTLLSIL,WT,LLLYALLFILLGTLLSILILI,clash,LLLYALLFLLLGTLLSILILI_2,1.1001100110011e+17,1.0,-74.0819,-71.3173,-74.0819,-236.429,-227.043,-250.083,-362.562,4665.6,3902.45,3687.89,-14.3145,274.992,-66.365,210.791,-38.3965,-64.6576,68.2472,-43.3878,8.25056,5.41201,4.93572,151.935,-60.5958,60.1642,-40.2827,-87.5696,7.5,3.71154,3.114,2.0,LLLYALLFLLLGTLLSILILI,0.25475654008902,0.0505044966408346,G,99999900.0
YALLFLLLGTLLSIL,WT,LLLYALLFILLGTLLSILILI,clash,LLLYALLFLLLGTLLSILILI_1,1.1001100110011e+17,1.0,-71.3173,-70.7208,-74.0819,-227.043,-232.868,-250.083,-362.562,4665.6,3740.56,3687.89,274.992,8.85511,210.791,-50.1181,-38.3965,-60.5958,60.1642,-40.2827,7.5,3.71154,3.114,385.189,-60.5958,60.1642,-40.2827,-87.5696,7.5,3.71154,3.114,1.0,LLLYALLFLLLGTLLSILILI,0.25475654008902,0.0505044966408346,G,99999900.0
TSLLVGLLAYLLGLL,WT,LLLTSLLVGLLIYLLGLLILI,clash,LLLTSLLVGLLAYLLGLLILI_2,1.1001100110011e+17,1.0,-61.9059,-54.7547,-44.9603,-230.17,-226.586,-252.375,-354.422,4588.81,3820.38,3611.41,-11.5639,1573960.0,-73.9098,1573890.0,-57.0864,-51.5585,77.1725,-40.658,8.73437,4.65207,4.30966,1063590.0,-47.0876,58.6724,-35.0,1556800.0,7.44,1.48391,0.863996,2.0,LLLTSLLVGLLAYLLGLLILI,0.485925251836492,0.0146442287178808,G,99999900.0
TSLLVGLLAYLLGLL,WT,LLLTSLLVGLLIYLLGLLILI,clash,LLLTSLLVGLLAYLLGLLILI_1,1.1001100110011e+17,1.0,-58.5402,-53.1566,-44.9603,-226.892,-222.968,-252.375,-354.422,4588.81,3815.2,3611.41,-8.30064,1557170.0,-77.2904,1557090.0,-57.0864,-41.0099,77.0462,-42.6176,7.66872,3.05271,2.7084,1431170.0,-47.0876,58.6724,-35.0,1556800.0,7.44,1.48391,0.863996,1.0,LLLTSLLVGLLAYLLGLLILI,0.485925251836492,0.0146442287178808,G,99999900.0
TSLLVGLLAYLLGLL,WT,LLLTSLLVGLLIYLLGLLILI,clash,LLLTSLLVGLLAYLLGLLILI_0,1.1001100110011e+17,1.0,-56.8139,-55.3267,-44.9603,-223.858,-223.9,-252.375,-354.422,4588.81,3742.81,3611.41,-7.84639,1557150.0,-81.596,1557070.0,-57.0864,-42.4095,54.8212,-45.0011,8.24689,0.262288,-0.415393,1276930.0,-47.0876,58.6724,-35.0,1556800.0,7.44,1.48391,0.863996,0.0,LLLTSLLVGLLAYLLGLLILI,0.485925251836492,0.0146442287178808,G,99999900.0
TYLLGVLLGLLLSFL,WT,LLLTYLLGVLLILLLSFLILI,clash,LLLTYLLGVLLGLLLSFLILI_0,1.1001100110011e+17,1.0,-74.0257,-67.965,-60.3458,-220.33,-218.469,-251.533,-355.029,4594.74,3655.41,3632.02,-25.5589,-13.0371,-86.2324,-81.6326,-43.1508,-92.6268,31.4462,-46.3147,6.33514,4.63925,3.61094,-13.6235,-97.5099,26.7148,-43.9703,-368.066,7.0225,4.73298,3.6337,0.0,LLLTYLLGVLLGLLLSFLILI,0.964679403672503,0.0530193988181815,G,99999900.0
TYLLGVLLGLLLSFL,WT,LLLTYLLGVLLILLLSFLILI,clash,LLLTYLLGVLLGLLLSFLILI_2,1.1001100110011e+17,1.0,-69.0294,-69.9251,-60.3458,-220.007,-220.026,-251.533,-355.029,4594.74,3698.88,3632.02,-22.0946,-14.4352,-88.0873,-79.513,-43.1508,-93.4215,26.745,-50.2148,6.38202,4.1238,3.02498,-13.268,-97.5099,26.7148,-43.9703,-368.066,7.0225,4.73298,3.6337,2.0,LLLTYLLGVLLGLLLSFLILI,0.964679403672503,0.0530193988181815,G,99999900.0
TYLLGVLLGLLLSFL,WT,LLLTYLLGVLLILLLSFLILI,clash,LLLTYLLGVLLGLLLSFLILI_1,1.1001100110011e+17,1.0,-69.9816,-71.8572,-60.3458,-218.664,-220.38,-251.533,-355.029,4594.74,3741.32,3632.02,-17.1244,-7.42527,-83.5082,-70.2174,-43.1508,-95.0819,31.193,-45.5301,6.90774,4.97333,3.94123,-5.59482,-97.5099,26.7148,-43.9703,-368.066,7.0225,4.73298,3.6337,1.0,LLLTYLLGVLLGLLLSFLILI,0.964679403672503,0.0530193988181815,G,99999900.0
YLLLTTLLAGLLFSL,WT,LLLYLLLTTLLAILLFSLILI,clash,LLLYLLLTTLLAGLLFSLILI_1,1.1001100110011e+17,1.0,-87.9013,-84.6885,-87.9598,-235.255,-232.896,-248.44,-366.037,4649.53,3812.83,3690.42,-20.0883,-17.4404,-62.9682,-65.8923,-29.6366,-36.8018,76.0349,-45.7416,7.55218,2.28499,1.92551,-12.0636,-30.525,71.559,-44.3251,-375.59,7.1169,0.739215,0.3126,1.0,LLLYLLLTTLLAGLLFSLILI,0.254565938914731,0.0974805273367638,G,99999900.0
YLLLTTLLAGLLFSL,WT,LLLYLLLTTLLAILLFSLILI,clash,LLLYLLLTTLLAGLLFSLILI_0,1.1001100110011e+17,1.0,-87.9013,-84.6885,-87.9598,-232.887,-227.21,-248.44,-366.037,4649.53,3791.11,3690.42,-19.8267,-9.55351,-65.0753,-63.6916,-29.6366,-26.0099,84.056,-44.9348,7.21069,1.74904,1.50988,-8.2389,-30.525,71.559,-44.3251,-375.59,7.1169,0.739215,0.3126,0.0,LLLYLLLTTLLAGLLFSLILI,0.254565938914731,0.0974805273367638,G,99999900.0
YLLLTTLLAGLLFSL,WT,LLLYLLLTTLLAILLFSLILI,clash,LLLYLLLTTLLAGLLFSLILI_2,1.1001100110011e+17,1.0,-87.9013,-84.6885,-87.9598,-230.275,-235.521,-248.44,-366.037,4649.53,3865.6,3690.42,-18.1035,-11.1718,-65.9636,-56.9992,-29.6366,-32.4238,73.8127,-44.7248,7.24515,1.32828,0.935465,-11.3047,-30.525,71.559,-44.3251,-375.59,7.1169,0.739215,0.3126,2.0,LLLYLLLTTLLAGLLFSLILI,0.254565938914731,0.0974805273367638,G,99999900.0
TFLLGILLGVLLSLL,WT,LLLTFLLGILLIVLLSLLILI,clash,LLLTFLLGILLGVLLSLLILI_0,1.1001100110011e+17,1.0,-67.1965,-61.3404,-60.3629,-225.844,-222.234,-241.778,-358.396,4570.21,3649.25,3567.03,-27.1168,-16.4532,-92.4724,-91.2748,-56.2552,-97.2596,48.3051,-38.7102,7.27677,7.61014,6.83471,-15.7248,-98.6157,38.1977,-36.4813,-374.849,7.493,6.44904,5.522,0.0,LLLTFLLGILLGVLLSLLILI,1.20545015299576,0.0752680645093004,G,99999900.0
TFLLGILLGVLLSLL,WT,LLLTFLLGILLIVLLSLLILI,clash,LLLTFLLGILLGVLLSLLILI_1,1.1001100110011e+17,1.0,-65.249,-65.3602,-60.3629,-227.154,-226.52,-241.778,-358.396,4570.21,3623.58,3567.03,-25.7971,83.9316,-91.7897,17.4158,-56.2552,-100.924,46.6282,-36.4815,7.44355,7.93336,7.13278,-5.32225,-98.6157,38.1977,-36.4813,-374.849,7.493,6.44904,5.522,1.0,LLLTFLLGILLGVLLSLLILI,1.20545015299576,0.0752680645093004,G,99999900.0
TFLLGILLGVLLSLL,WT,LLLTFLLGILLIVLLSLLILI,clash,LLLTFLLGILLGVLLSLLILI_2,1.1001100110011e+17,1.0,-67.3359,-63.6309,-60.3629,-226.885,-227.643,-241.778,-358.396,4570.21,3676.1,3567.03,-24.185,15.099,-88.3596,-52.0227,-56.2552,-96.286,51.8208,-40.167,7.29593,7.93872,7.21603,-9.80343,-98.6157,38.1977,-36.4813,-374.849,7.493,6.44904,5.522,2.0,LLLTFLLGILLGVLLSLLILI,1.20545015299576,0.0752680645093004,G,99999900.0
TSLLFALLGILLALL,WT,LLLTSLLFALLGILLAALILI,void,LLLTSLLFALLGILLALLILI_1,1.1001100110011e+17,1.0,-55.6624,-49.1805,-44.9798,-228.428,-220.19,-253.425,-356.858,4668.86,3778.58,3584.99,-17.0069,413.935,-89.7741,326.447,-58.4532,-55.6077,84.821,-46.3271,7.77292,6.292,6.06431,359.891,-60.6829,69.0631,-38.9844,46.5531,7.1168,4.92595,4.4619,1.0,LLLTSLLFALLGILLALLILI,0.260103937650187,0.153949556709553,G,99999900.0
TSLLFALLGILLALL,WT,LLLTSLLFALLGILLAALILI,void,LLLTSLLFALLGILLALLILI_0,1.1001100110011e+17,1.0,-49.3883,-53.4129,-44.9798,-222.181,-220.147,-253.425,-356.858,4668.86,3691.15,3584.99,-7.49442,403.411,-92.7833,320.113,-58.4532,-61.2476,64.8909,-44.4558,7.4678,4.44742,3.92078,228.197,-60.6829,69.0631,-38.9844,46.5531,7.1168,4.92595,4.4619,0.0,LLLTSLLFALLGILLALLILI,0.260103937650187,0.153949556709553,G,99999900.0
TSLLFALLGILLALL,WT,LLLTSLLFALLGILLAALILI,void,LLLTSLLFALLGILLALLILI_2,1.1001100110011e+17,1.0,-49.888,-49.0425,-44.9798,-222.021,-226.078,-253.425,-356.858,4668.86,3670.02,3584.99,-7.15151,355.947,-92.1004,274.209,-58.4532,-63.2109,64.9671,-43.8971,7.16848,4.75218,4.22669,326.01,-60.6829,69.0631,-38.9844,46.5531,7.1168,4.92595,4.4619,2.0,LLLTSLLFALLGILLALLILI,0.260103937650187,0.153949556709553,G,99999900.0
YLLLAVLLGTLLSFL,WT,LLLYLLLAVLLGTLLIFLILI,clash,LLLYLLLAVLLGTLLSFLILI_1,1.1001100110011e+17,1.0,-74.0075,-58.7596,-74.0075,-237.398,-232.453,-247.837,-359.722,4629.28,4031.28,3805.77,-19.1454,811.16,-67.4619,742.651,-37.8783,-44.5685,76.8981,-47.432,8.51336,3.56652,3.21999,674.24,-49.156,60.31,-42.3523,435.204,7.5,2.01525,1.4199,1.0,LLLYLLLAVLLGTLLSFLILI,0.268888344479206,0.0291714765261788,G,99999900.0
YLLLAVLLGTLLSFL,WT,LLLYLLLAVLLGTLLIFLILI,clash,LLLYLLLAVLLGTLLSFLILI_2,1.1001100110011e+17,1.0,-74.0075,-58.7596,-74.0075,-237.152,-235.804,-247.837,-359.722,4629.28,4113.96,3805.77,-15.4765,804.872,-64.0397,739.713,-37.8783,-53.9358,64.1234,-52.7441,7.85786,3.24703,2.70888,551.399,-49.156,60.31,-42.3523,435.204,7.5,2.01525,1.4199,2.0,LLLYLLLAVLLGTLLSFLILI,0.268888344479206,0.0291714765261788,G,99999900.0
YLLLAVLLGTLLSFL,WT,LLLYLLLAVLLGTLLIFLILI,clash,LLLYLLLAVLLGTLLSFLILI_0,1.1001100110011e+17,1.0,-74.1255,-69.4931,-74.0075,-233.702,-229.532,-247.837,-359.722,4629.28,4012.22,3805.77,-11.3598,794.926,-63.2548,734.229,-37.8783,-45.2612,66.9311,-52.9311,7.91257,2.32487,1.82883,721.427,-49.156,60.31,-42.3523,435.204,7.5,2.01525,1.4199,0.0,LLLYLLLAVLLGTLLSFLILI,0.268888344479206,0.0291714765261788,G,99999900.0
LYVLTSLLAILLFLL,WT,LLLLYVLTSLLIILLFLLILI,clash,,,,,,,,,,,,,,,,,,,,,,,,,,,,,,,,,,,,,,
LYFLLALLAVLTSLL,WT,LLLLYFLLALLAVLTILLILI,clash,,,,,,,,,,,,,,,,,,,,,,,,,,,,,,,,,,,,,,
LYYLIVLLLTLFLLL,WT,LLLLYYLIVLLLTLFILLILI,clash,,,,,,,,,,,,,,,,,,,,,,,,,,,,,,,,,,,,,,
YALLFLLTSLLFSLL,WT,LLLYILLFLLTSLLFSLLILI,clash,,,,,,,,,,,,,,,,,,,,,,,,,,,,,,,,,,,,,,
LAYLLALLFLLTSLL,WT,LLLLIYLLALLFLLTSLLILI,clash,,,,,,,,,,,,,,,,,,,,,,,,,,,,,,,,,,,,,,
LYALLFLLTALLFSL,WT,LLLLYILLFLLTALLFSLILI,clash,,,,,,,,,,,,,,,,,,,,,,,,,,,,,,,,,,,,,,
LYLLLFTLAVLLLSL,WT,LLLLYLLLFTLAVLLISLILI,clash,,,,,,,,,,,,,,,,,,,,,,,,,,,,,,,,,,,,,,
LYVLIALLLLLTSLL,WT,LLLLYVLIALLLLLTILLILI,clash,,,,,,,,,,,,,,,,,,,,,,,,,,,,,,,,,,,,,,
LYLLAVLTSLLFSLL,WT,LLLLILLAVLTSLLFSLLILI,clash,,,,,,,,,,,,,,,,,,,,,,,,,,,,,,,,,,,,,,
YALLFLLTSLLLSLL,WT,LLLYILLFLLTSLLLSLLILI,clash,,,,,,,,,,,,,,,,,,,,,,,,,,,,,,,,,,,,,,
LYILLLVLATLLFSL,WT,LLLLYILLLVLATLLASLILI,void,,,,,,,,,,,,,,,,,,,,,,,,,,,,,,,,,,,,,,
LYYLTFLLAVLLILL,WT,LLLLYYLTFLLIVLLILLILI,clash,,,,,,,,,,,,,,,,,,,,,,,,,,,,,,,,,,,,,,
LFWLLAVLTALLYLL,WT,LLLLFWLLAVLTILLYLLILI,clash,,,,,,,,,,,,,,,,,,,,,,,,,,,,,,,,,,,,,,
LYALVFLLTSLLFLL,WT,LLLLYALVFLLTSLAFLLILI,void,,,,,,,,,,,,,,,,,,,,,,,,,,,,,,,,,,,,,,
LYWLLTILAFLLSLL,WT,LLLLYWLLIILAFLLSLLILI,clash,,,,,,,,,,,,,,,,,,,,,,,,,,,,,,,,,,,,,,
LYLLLAVLLSLLFTL,WT,LLLLYLLLIVLLSLLFTLILI,clash,,,,,,,,,,,,,,,,,,,,,,,,,,,,,,,,,,,,,,
LYWLLTLLVALLSFL,WT,LLLLYWLLTLLVILLSFLILI,clash,,,,,,,,,,,,,,,,,,,,,,,,,,,,,,,,,,,,,,
FALLLLLVTLLYSLL,WT,LLLFALLALLVTLLYSLLILI,void,,,,,,,,,,,,,,,,,,,,,,,,,,,,,,,,,,,,,,
LYVLLATLFILLLSL,WT,LLLLYVLLITLFILLLSLILI,clash,,,,,,,,,,,,,,,,,,,,,,,,,,,,,,,,,,,,,,
LYFLLLVLATLLLSL,WT,LLLLYFLLIVLATLLLSLILI,clash,,,,,,,,,,,,,,,,,,,,,,,,,,,,,,,,,,,,,,
LYVLLATLLFLLLSL,WT,LLLLYVLLATLAFLLLSLILI,void,,,,,,,,,,,,,,,,,,,,,,,,,,,,,,,,,,,,,,
LLFLTALLYVLISLL,WT,LLLLLFLTALLYILISLLILI,clash,,,,,,,,,,,,,,,,,,,,,,,,,,,,,,,,,,,,,,
YFLLAVLTSLLLSLL,WT,LLLYFLLAVLTILLLSLLILI,clash,,,,,,,,,,,,,,,,,,,,,,,,,,,,,,,,,,,,,,
YWLLTILVALLLSLL,WT,LLLYWLLTILVILLLSLLILI,clash,,,,,,,,,,,,,,,,,,,,,,,,,,,,,,,,,,,,,,
LLALLFVLTSLLYLL,WT,LLLLLALLFVLTILLYLLILI,clash,,,,,,,,,,,,,,,,,,,,,,,,,,,,,,,,,,,,,,
LYLLLFVLTALLLSL,WT,LLLLYLLLFVLTILLLSLILI,clash,,,,,,,,,,,,,,,,,,,,,,,,,,,,,,,,,,,,,,
LYVLLLILATLLLSL,WT,LLLLYVLLIILATLLLSLILI,clash,,,,,,,,,,,,,,,,,,,,,,,,,,,,,,,,,,,,,,
LYVLLFLLATLLILL,WT,LLLLYVLLFLLITLLILLILI,clash,,,,,,,,,,,,,,,,,,,,,,,,,,,,,,,,,,,,,,
LSYLLAVLFTLLLIL,WT,LLLLSYLLIVLFTLLLILILI,clash,,,,,,,,,,,,,,,,,,,,,,,,,,,,,,,,,,,,,,
LYSLTALLFVLLLLL,WT,LLLLYSLTALLFVLALLLILI,void,,,,,,,,,,,,,,,,,,,,,,,,,,,,,,,,,,,,,,
YLLLTILVALLLSLL,WT,LLLYLLLTILVILLLSLLILI,clash,,,,,,,,,,,,,,,,,,,,,,,,,,,,,,,,,,,,,,
LYILVTLLLALLFLL,WT,LLLLYILVILLLALLFLLILI,clash,,,,,,,,,,,,,,,,,,,,,,,,,,,,,,,,,,,,,,
LSYLLFVLATLLLIL,WT,LLLLIYLLFVLATLLLILILI,clash,,,,,,,,,,,,,,,,,,,,,,,,,,,,,,,,,,,,,,
LYVLLALLFTLISLL,WT,LLLLYVLLALLFTLIILLILI,clash,,,,,,,,,,,,,,,,,,,,,,,,,,,,,,,,,,,,,,
LSILFVLLATLYLLL,WT,LLLLIILFVLLATLYLLLILI,clash,,,,,,,,,,,,,,,,,,,,,,,,,,,,,,,,,,,,,,
LYLLLAVLTALLFSL,WT,LLLLYLLLAVLTILLFSLILI,clash,,,,,,,,,,,,,,,,,,,,,,,,,,,,,,,,,,,,,,
LYVLLLALTILLFSL,WT,LLLLYVLLIALTILLFSLILI,clash,,,,,,,,,,,,,,,,,,,,,,,,,,,,,,,,,,,,,,
YLLLAVLITLLFSLL,WT,LLLYLLLAVLIILLFSLLILI,clash,,,,,,,,,,,,,,,,,,,,,,,,,,,,,,,,,,,,,,
LYVLLATLLALLSFL,WT,LLLLYILLATLLALLSFLILI,clash,,,,,,,,,,,,,,,,,,,,,,,,,,,,,,,,,,,,,,
LYFLLAVLTALLLSL,WT,LLLLYFLLAVLTILLLSLILI,clash,,,,,,,,,,,,,,,,,,,,,,,,,,,,,,,,,,,,,,
YLLLFVLIALLLTLL,WT,LLLYLLLFVLIILLLTLLILI,clash,,,,,,,,,,,,,,,,,,,,,,,,,,,,,,,,,,,,,,
YWLLTVLALLLFSLL,WT,LLLYALLTVLALLLFSLLILI,void,,,,,,,,,,,,,,,,,,,,,,,,,,,,,,,,,,,,,,
LYLLVTLLAILLFLL,WT,LLLLYLLVILLAILLFLLILI,clash,,,,,,,,,,,,,,,,,,,,,,,,,,,,,,,,,,,,,,
YLLLAILVTLLFSLL,WT,LLLYLLLAALVTLLFSLLILI,void,,,,,,,,,,,,,,,,,,,,,,,,,,,,,,,,,,,,,,
LYLLIALLLVLTFLL,WT,LLLLYLLIILLLVLTFLLILI,clash,,,,,,,,,,,,,,,,,,,,,,,,,,,,,,,,,,,,,,
TSLLAVLLALLFSLL,WT,LLLTSLLAVLLILLFSLLILI,clash,,,,,,,,,,,,,,,,,,,,,,,,,,,,,,,,,,,,,,
YSLLFVLLLLLATLL,WT,LLLYSLLFVLLILLATLLILI,clash,,,,,,,,,,,,,,,,,,,,,,,,,,,,,,,,,,,,,,
LYVLLLLLATLFSLL,WT,LLLLYVLLILLATLFSLLILI,clash,,,,,,,,,,,,,,,,,,,,,,,,,,,,,,,,,,,,,,
VSLLILLTALLFLLL,WT,LLLVILLILLTALLFLLLILI,clash,,,,,,,,,,,,,,,,,,,,,,,,,,,,,,,,,,,,,,
YALLLLLVTLLFSLL,WT,LLLYILLLLLVTLLFSLLILI,clash,,,,,,,,,,,,,,,,,,,,,,,,,,,,,,,,,,,,,,
LTILLFLLAVLYLLL,WT,LLLLIILLFLLAVLYLLLILI,clash,,,,,,,,,,,,,,,,,,,,,,,,,,,,,,,,,,,,,,
LYVLLALLFTLLSIL,WT,LLLLYVLLILLFTLLSILILI,clash,,,,,,,,,,,,,,,,,,,,,,,,,,,,,,,,,,,,,,
LYLLVTLLALLFILL,WT,LLLLYLLVILLALLFILLILI,clash,,,,,,,,,,,,,,,,,,,,,,,,,,,,,,,,,,,,,,
YALLLVLITLLFSLL,WT,LLLYILLLVLITLLFSLLILI,clash,,,,,,,,,,,,,,,,,,,,,,,,,,,,,,,,,,,,,,
LYLLLAVLTILLSLL,WT,LLLLYLLLIVLTILLSLLILI,clash,,,,,,,,,,,,,,,,,,,,,,,,,,,,,,,,,,,,,,
ALLLTVLTSLLFLLL,WT,LLLALLLTVLTSLLALLLILI,void,,,,,,,,,,,,,,,,,,,,,,,,,,,,,,,,,,,,,,
LLALLYVLTALLFSL,WT,LLLLLALLAVLTALLFSLILI,void,,,,,,,,,,,,,,,,,,,,,,,,,,,,,,,,,,,,,,
YFLLAVLITLLLSLL,WT,LLLYFLLAVLIILLLSLLILI,clash,,,,,,,,,,,,,,,,,,,,,,,,,,,,,,,,,,,,,,
FLLLTILVALLLSLL,WT,LLLFLLLTILVILLLSLLILI,clash,,,,,,,,,,,,,,,,,,,,,,,,,,,,,,,,,,,,,,
YLLLTVLALLLFSLL,WT,LLLYLLLTILALLLFSLLILI,clash,,,,,,,,,,,,,,,,,,,,,,,,,,,,,,,,,,,,,,
YFLLATLVSLLLILL,WT,LLLYFLLITLVSLLLILLILI,clash,,,,,,,,,,,,,,,,,,,,,,,,,,,,,,,,,,,,,,
LYVLTFLLAILLSLL,WT,LLLLYVLTFLLAILLILLILI,clash,,,,,,,,,,,,,,,,,,,,,,,,,,,,,,,,,,,,,,
YLLLTVLLALLFSLL,WT,LLLYLLLTVLLILLFSLLILI,clash,,,,,,,,,,,,,,,,,,,,,,,,,,,,,,,,,,,,,,
VALLLLLTFLLASLL,WT,LLLVALLLLLTFLLISLLILI,clash,,,,,,,,,,,,,,,,,,,,,,,,,,,,,,,,,,,,,,
LYLLLAILTVLLSLL,WT,LLLLYLLLIILTVLLSLLILI,clash,,,,,,,,,,,,,,,,,,,,,,,,,,,,,,,,,,,,,,
YALLLTLIVLLFSLL,WT,LLLYILLLTLIVLLFSLLILI,clash,,,,,,,,,,,,,,,,,,,,,,,,,,,,,,,,,,,,,,
YWLLTLLVALLLSLL,WT,LLLYWLLTLLVILLLSLLILI,clash,,,,,,,,,,,,,,,,,,,,,,,,,,,,,,,,,,,,,,
VTLLLALLLLLFSLL,WT,LLLVILLLALLLLLFSLLILI,clash,,,,,,,,,,,,,,,,,,,,,,,,,,,,,,,,,,,,,,
FSLLVLLTALLYLLL,WT,LLLFSLLVLLTILLYLLLILI,clash,,,,,,,,,,,,,,,,,,,,,,,,,,,,,,,,,,,,,,
LFLLLAVLYLLLSTL,WT,LLLLFLLLIVLYLLLSTLILI,clash,,,,,,,,,,,,,,,,,,,,,,,,,,,,,,,,,,,,,,
YALLFVLLLLLTSLL,WT,LLLYALLFVLLLLLISLLILI,clash,,,,,,,,,,,,,,,,,,,,,,,,,,,,,,,,,,,,,,
YFLLAVLLTLLFSLL,WT,LLLYFLLAVLLILLFSLLILI,clash,,,,,,,,,,,,,,,,,,,,,,,,,,,,,,,,,,,,,,
LSYLVALLLTLFLLL,WT,LLLLSYLVALLLTLFILLILI,clash,,,,,,,,,,,,,,,,,,,,,,,,,,,,,,,,,,,,,,
LYLLIALLTVLFSLL,WT,LLLLYLLIILLTVLFSLLILI,clash,,,,,,,,,,,,,,,,,,,,,,,,,,,,,,,,,,,,,,
FALLTVLLSLLYLLL,WT,LLLFILLTVLLSLLYLLLILI,clash,,,,,,,,,,,,,,,,,,,,,,,,,,,,,,,,,,,,,,
VALLLFLLSLLYTLL,WT,LLLVALLLFLLILLYTLLILI,clash,,,,,,,,,,,,,,,,,,,,,,,,,,,,,,,,,,,,,,
LAYLTVLLSILFLLL,WT,LLLLIYLTVLLSILFLLLILI,clash,,,,,,,,,,,,,,,,,,,,,,,,,,,,,,,,,,,,,,
LVSLLILLTALLFLL,WT,LLLLVSLLILLTILLFLLILI,clash,,,,,,,,,,,,,,,,,,,,,,,,,,,,,,,,,,,,,,
LYVLLATLLFLLSLL,WT,LLLLYVLLITLLFLLSLLILI,clash,,,,,,,,,,,,,,,,,,,,,,,,,,,,,,,,,,,,,,
LTYLLAVLFILLLSL,WT,LLLLIYLLAVLFILLLSLILI,clash,,,,,,,,,,,,,,,,,,,,,,,,,,,,,,,,,,,,,,
LTYLLAILFVLLLSL,WT,LLLLIYLLAILFVLLLSLILI,clash,,,,,,,,,,,,,,,,,,,,,,,,,,,,,,,,,,,,,,
LAVLIFLLATLLSLL,WT,LLLLAVLIFLLATLASLLILI,void,,,,,,,,,,,,,,,,,,,,,,,,,,,,,,,,,,,,,,
YSLLLLLTFLLAVLL,WT,LLLYSLLLLLTFLLIVLLILI,clash,,,,,,,,,,,,,,,,,,,,,,,,,,,,,,,,,,,,,,
LYSLLTILVALLFLL,WT,LLLLYSLLTILVILLFLLILI,clash,,,,,,,,,,,,,,,,,,,,,,,,,,,,,,,,,,,,,,
LYVLIALLTLLFSLL,WT,LLLLYVLIALLTLLFILLILI,clash,,,,,,,,,,,,,,,,,,,,,,,,,,,,,,,,,,,,,,
YTLLAVLLLLLASLL,WT,LLLYTLLAVLLILLASLLILI,clash,,,,,,,,,,,,,,,,,,,,,,,,,,,,,,,,,,,,,,
TSLLFLLLYLLAVLL,WT,LLLTSLLFLLLILLAVLLILI,clash,,,,,,,,,,,,,,,,,,,,,,,,,,,,,,,,,,,,,,
LYFLLAVLTILLSLL,WT,LLLLYFLLAVLTILLILLILI,clash,,,,,,,,,,,,,,,,,,,,,,,,,,,,,,,,,,,,,,
LYFLLTILVALLLSL,WT,LLLLYFLLTILVILLLSLILI,clash,,,,,,,,,,,,,,,,,,,,,,,,,,,,,,,,,,,,,,
VWLLTALLIALLSLL,WT,LLLVWLLTALLIILLSLLILI,clash,,,,,,,,,,,,,,,,,,,,,,,,,,,,,,,,,,,,,,
SYLLFTLLAILLTLL,WT,LLLSYLLFILLAILLTLLILI,clash,,,,,,,,,,,,,,,,,,,,,,,,,,,,,,,,,,,,,,
YWLLVALLITLLFLL,WT,LLLYWLLVILLITLLFLLILI,clash,,,,,,,,,,,,,,,,,,,,,,,,,,,,,,,,,,,,,,
YWLLVALLLALLSTL,WT,LLLYWLLVALLLILLSTLILI,clash,,,,,,,,,,,,,,,,,,,,,,,,,,,,,,,,,,,,,,
YWLLTALLLSLLFVL,WT,LLLYWLLTALLLILLFVLILI,clash,,,,,,,,,,,,,,,,,,,,,,,,,,,,,,,,,,,,,,
SYLLFVLLALLLATL,WT,LLLSYLLFILLALLLATLILI,clash,,,,,,,,,,,,,,,,,,,,,,,,,,,,,,,,,,,,,,
YWLLVALLISLLTLL,WT,LLLYWLLVILLISLLTLLILI,clash,,,,,,,,,,,,,,,,,,,,,,,,,,,,,,,,,,,,,,
SYLLVFLLALLLATL,WT,LLLSYLLVFLLILLLATLILI,clash,,,,,,,,,,,,,,,,,,,,,,,,,,,,,,,,,,,,,,
VSLLLTLLFALLAYL,WT,LLLVSLLLTLLFALLIYLILI,clash,,,,,,,,,,,,,,,,,,,,,,,,,,,,,,,,,,,,,,
YTLLVILLAFLLSLL,WT,LLLYTLLVILLIFLLSLLILI,clash,,,,,,,,,,,,,,,,,,,,,,,,,,,,,,,,,,,,,,
SYLLVLLLAFLLTIL,WT,LLLSYLLILLLAFLLTILILI,clash,,,,,,,,,,,,,,,,,,,,,,,,,,,,,,,,,,,,,,
SYLLFVLLATLLSLL,WT,LLLSYLLFVLLITLLSLLILI,clash,,,,,,,,,,,,,,,,,,,,,,,,,,,,,,,,,,,,,,
VYLLIALLTALLSLL,WT,LLLVYLLIALLTILLSLLILI,clash,,,,,,,,,,,,,,,,,,,,,,,,,,,,,,,,,,,,,,
SYLLVFLLATLLSLL,WT,LLLSYLLVFLLITLLSLLILI,clash,,,,,,,,,,,,,,,,,,,,,,,,,,,,,,,,,,,,,,
VYLLTALLLALLSFL,WT,LLLVYLLTALLLILLSFLILI,clash,,,,,,,,,,,,,,,,,,,,,,,,,,,,,,,,,,,,,,
SYLLFVLLALLLSTL,WT,LLLSYLLFILLALLLSTLILI,clash,,,,,,,,,,,,,,,,,,,,,,,,,,,,,,,,,,,,,,
FYLLVALLTALLSLL,WT,LLLFYLLVILLTALLSLLILI,clash,,,,,,,,,,,,,,,,,,,,,,,,,,,,,,,,,,,,,,
VYLLTALLIALLSLL,WT,LLLVYLLTALLIILLSLLILI,clash,,,,,,,,,,,,,,,,,,,,,,,,,,,,,,,,,,,,,,
LYLLVALLISLLFTL,WT,LLLLYLLVALLIILLFTLILI,clash,,,,,,,,,,,,,,,,,,,,,,,,,,,,,,,,,,,,,,
LYLLTALLIALLFVL,WT,LLLLYLLTALLIILLFVLILI,clash,,,,,,,,,,,,,,,,,,,,,,,,,,,,,,,,,,,,,,
YSLLLALLFALLTIL,WT,LLLYSLLLILLFALLTILILI,clash,,,,,,,,,,,,,,,,,,,,,,,,,,,,,,,,,,,,,,
SYLLTILLAFLLSLL,WT,LLLSYLLTILLIFLLSLLILI,clash,,,,,,,,,,,,,,,,,,,,,,,,,,,,,,,,,,,,,,
YILLATLLAFLLSLL,WT,LLLYILLATLLIFLLSLLILI,clash,,,,,,,,,,,,,,,,,,,,,,,,,,,,,,,,,,,,,,
FYLLTALLIALLSLL,WT,LLLFYLLTALLIILLSLLILI,clash,,,,,,,,,,,,,,,,,,,,,,,,,,,,,,,,,,,,,,
FYLLVTLLIALLSLL,WT,LLLFYLLVTLLIILLSLLILI,clash,,,,,,,,,,,,,,,,,,,,,,,,,,,,,,,,,,,,,,
YILLSTLLALLLAFL,WT,LLLYILLSTLLAALLAFLILI,void,,,,,,,,,,,,,,,,,,,,,,,,,,,,,,,,,,,,,,
YSLLVALLFALLTLL,WT,LLLYILLVALLFALLTLLILI,clash,,,,,,,,,,,,,,,,,,,,,,,,,,,,,,,,,,,,,,
FSLLLTLLAALLSYL,WT,LLLFSLLATLLAALLSYLILI,void,,,,,,,,,,,,,,,,,,,,,,,,,,,,,,,,,,,,,,
YTLLIALLFVLLSLL,WT,LLLYTLLIALLFILLSLLILI,clash,,,,,,,,,,,,,,,,,,,,,,,,,,,,,,,,,,,,,,
YVLLLTLLFALLSLL,WT,LLLYVLLLTLLFILLSLLILI,clash,,,,,,,,,,,,,,,,,,,,,,,,,,,,,,,,,,,,,,
YWLLVALLAFLLSLL,WT,LLLYWLLVALLIFLLSLLILI,clash,,,,,,,,,,,,,,,,,,,,,,,,,,,,,,,,,,,,,,
YILLTVLLALLLSFL,WT,LLLYILLTVLLALLLIFLILI,clash,,,,,,,,,,,,,,,,,,,,,,,,,,,,,,,,,,,,,,
YSLLVALLFTLLFLL,WT,LLLYSLLVALLFILLFLLILI,clash,,,,,,,,,,,,,,,,,,,,,,,,,,,,,,,,,,,,,,
VYLLLALLFTLLSLL,WT,LLLVYLLLALLFILLSLLILI,clash,,,,,,,,,,,,,,,,,,,,,,,,,,,,,,,,,,,,,,
AILLVTLLFTLLSLL,WT,LLLAILLVTLLFILLSLLILI,clash,,,,,,,,,,,,,,,,,,,,,,,,,,,,,,,,,,,,,,
YLLLATLLAFLLSIL,WT,LLLYLLLATLLIFLLSILILI,clash,,,,,,,,,,,,,,,,,,,,,,,,,,,,,,,,,,,,,,
YYLLVFLLATLLSLL,WT,LLLYYLLVFLLITLLSLLILI,clash,,,,,,,,,,,,,,,,,,,,,,,,,,,,,,,,,,,,,,
YLLLATLLAVLLSFL,WT,LLLYLLLATLLIVLLSFLILI,clash,,,,,,,,,,,,,,,,,,,,,,,,,,,,,,,,,,,,,,
AVLLITLLFTLLSLL,WT,LLLAVLLITLLFILLSLLILI,clash,,,,,,,,,,,,,,,,,,,,,,,,,,,,,,,,,,,,,,
YWLLLALLVALLSTL,WT,LLLYWLLLILLVALLSTLILI,clash,,,,,,,,,,,,,,,,,,,,,,,,,,,,,,,,,,,,,,
YILLVALLATLLTLL,WT,LLLYILLVALLATLLILLILI,clash,,,,,,,,,,,,,,,,,,,,,,,,,,,,,,,,,,,,,,
YVLLIALLFTLLSLL,WT,LLLYVLLIALLFILLSLLILI,clash,,,,,,,,,,,,,,,,,,,,,,,,,,,,,,,,,,,,,,
YTLLVLLLAFLLSIL,WT,LLLYTLLVLLLIFLLSILILI,clash,,,,,,,,,,,,,,,,,,,,,,,,,,,,,,,,,,,,,,
SYLLVALLTFLLTLL,WT,LLLSALLVALLTFLLTLLILI,void,,,,,,,,,,,,,,,,,,,,,,,,,,,,,,,,,,,,,,
AVLLLTLLFTLLSYL,WT,LLLAVLLLTLLFILLSYLILI,clash,,,,,,,,,,,,,,,,,,,,,,,,,,,,,,,,,,,,,,
YLLLATLLFVLLSIL,WT,LLLYLLLATLLFILLSILILI,clash,,,,,,,,,,,,,,,,,,,,,,,,,,,,,,,,,,,,,,
SYLLVILLTLLLAFL,WT,LLLSALLVILLTLLLAFLILI,void,,,,,,,,,,,,,,,,,,,,,,,,,,,,,,,,,,,,,,
YVLLFTLLATLLSLL,WT,LLLYVLLFTLLATLLSALILI,void,,,,,,,,,,,,,,,,,,,,,,,,,,,,,,,,,,,,,,
FSLLLTLLVALLSYL,WT,LLLFSLLLTLLVILLSYLILI,clash,,,,,,,,,,,,,,,,,,,,,,,,,,,,,,,,,,,,,,
SYLLTILLAFLLTLL,WT,LLLSYLLIILLAFLLTLLILI,clash,,,,,,,,,,,,,,,,,,,,,,,,,,,,,,,,,,,,,,
YSLLLALLATLLVFL,WT,LLLYSLLAALLATLLVFLILI,void,,,,,,,,,,,,,,,,,,,,,,,,,,,,,,,,,,,,,,
YVLLTALLFALLSLL,WT,LLLYVLLTALLFILLSLLILI,clash,,,,,,,,,,,,,,,,,,,,,,,,,,,,,,,,,,,,,,
YILLLTLLVALLSFL,WT,LLLYILLLILLVALLSFLILI,clash,,,,,,,,,,,,,,,,,,,,,,,,,,,,,,,,,,,,,,
YSLLIALLFVLLTLL,WT,LLLYSLLIILLFVLLTLLILI,clash,,,,,,,,,,,,,,,,,,,,,,,,,,,,,,,,,,,,,,
YSLLVALLFLLLATL,WT,LLLYSLLVALLFILLATLILI,clash,,,,,,,,,,,,,,,,,,,,,,,,,,,,,,,,,,,,,,
YSLLLTLLATLLVFL,WT,LLLYSLLLILLATLLVFLILI,clash,,,,,,,,,,,,,,,,,,,,,,,,,,,,,,,,,,,,,,
YILLTALLVALLSLL,WT,LLLYILLTALLVILLSLLILI,clash,,,,,,,,,,,,,,,,,,,,,,,,,,,,,,,,,,,,,,
YSLLVALLFTLLILL,WT,LLLYSLLVALLFILLILLILI,clash,,,,,,,,,,,,,,,,,,,,,,,,,,,,,,,,,,,,,,
LVLLITLLFALLSYL,WT,LLLLVLLITLLAALLSYLILI,void,,,,,,,,,,,,,,,,,,,,,,,,,,,,,,,,,,,,,,
YSLLLILLAVLLTFL,WT,LLLYSLLLILLAVLLIFLILI,clash,,,,,,,,,,,,,,,,,,,,,,,,,,,,,,,,,,,,,,
YLLLTTLLVALLSFL,WT,LLLYLLLTTLLVILLSFLILI,clash,,,,,,,,,,,,,,,,,,,,,,,,,,,,,,,,,,,,,,
YILLFTLLAVLLSLL,WT,LLLYILLFTLLIVLLSLLILI,clash,,,,,,,,,,,,,,,,,,,,,,,,,,,,,,,,,,,,,,
STLLVALLFYLLALL,WT,LLLSTLLVALLFYLLILLILI,clash,,,,,,,,,,,,,,,,,,,,,,,,,,,,,,,,,,,,,,
YFLLVALLTLLLSIL,WT,LLLYFLLVALLILLLSILILI,clash,,,,,,,,,,,,,,,,,,,,,,,,,,,,,,,,,,,,,,
YLLLSTLLAFLLAIL,WT,LLLYLLLSTLLIFLLAILILI,clash,,,,,,,,,,,,,,,,,,,,,,,,,,,,,,,,,,,,,,
FYLLITLLVALLSLL,WT,LLLFYLLITLLVILLSLLILI,clash,,,,,,,,,,,,,,,,,,,,,,,,,,,,,,,,,,,,,,
YLLLATLLAILLFSL,WT,LLLYLLLITLLAILLFSLILI,clash,,,,,,,,,,,,,,,,,,,,,,,,,,,,,,,,,,,,,,
YTLLISLLFVLLALL,WT,LLLYTLLIILLFVLLALLILI,clash,,,,,,,,,,,,,,,,,,,,,,,,,,,,,,,,,,,,,,
VYLLIALLFSLLTLL,WT,LLLVYLLIALLFILLTLLILI,clash,,,,,,,,,,,,,,,,,,,,,,,,,,,,,,,,,,,,,,
AILLLTLLFVLLSLL,WT,LLLAILLLILLFVLLSLLILI,clash,,,,,,,,,,,,,,,,,,,,,,,,,,,,,,,,,,,,,,
YSLLLTLLALLLAFL,WT,LLLYSLLLTLLALLLIFLILI,clash,,,,,,,,,,,,,,,,,,,,,,,,,,,,,,,,,,,,,,
YTLLVSLLFALLILL,WT,LLLYTLLVSLLFILLILLILI,clash,,,,,,,,,,,,,,,,,,,,,,,,,,,,,,,,,,,,,,
FYLLVALLISLLTLL,WT,LLLFYLLVALLIILLTLLILI,clash,,,,,,,,,,,,,,,,,,,,,,,,,,,,,,,,,,,,,,
YSLLLALLAVLLTIL,WT,LLLYILLLALLAVLLTILILI,clash,,,,,,,,,,,,,,,,,,,,,,,,,,,,,,,,,,,,,,
YSLLLTLLAALLVFL,WT,LLLYSLLLILLAALLVFLILI,clash,,,,,,,,,,,,,,,,,,,,,,,,,,,,,,,,,,,,,,
YVLLTILLALLLAFL,WT,LLLYVLLTILLILLLAFLILI,clash,,,,,,,,,,,,,,,,,,,,,,,,,,,,,,,,,,,,,,
YSLLLALLFALLVTL,WT,LLLYSLLLALLFILLVTLILI,clash,,,,,,,,,,,,,,,,,,,,,,,,,,,,,,,,,,,,,,
YTLLVSLLAILLTLL,WT,LLLYTLLVSLLAILLILLILI,clash,,,,,,,,,,,,,,,,,,,,,,,,,,,,,,,,,,,,,,
YILLLTLLAVLLSFL,WT,LLLYILLLTLLAILLSFLILI,clash,,,,,,,,,,,,,,,,,,,,,,,,,,,,,,,,,,,,,,
FYLLLTLLAVLLSIL,WT,LLLFYLLLTLLAILLSILILI,clash,,,,,,,,,,,,,,,,,,,,,,,,,,,,,,,,,,,,,,
LVLLTILLAYLLSFL,WT,LLLLVLLTILLAALLSFLILI,void,,,,,,,,,,,,,,,,,,,,,,,,,,,,,,,,,,,,,,
YALLVALLTALLSLL,WT,LLLYILLVALLTALLSLLILI,clash,,,,,,,,,,,,,,,,,,,,,,,,,,,,,,,,,,,,,,
YVLLTILLALLLSFL,WT,LLLYVLLIILLALLLSFLILI,clash,,,,,,,,,,,,,,,,,,,,,,,,,,,,,,,,,,,,,,
VYLLFALLTTLLSLL,WT,LLLVYLLFILLTTLLSLLILI,clash,,,,,,,,,,,,,,,,,,,,,,,,,,,,,,,,,,,,,,
TYLLVALLIALLFLL,WT,LLLTYLLVALLIILLFLLILI,clash,,,,,,,,,,,,,,,,,,,,,,,,,,,,,,,,,,,,,,
YSLLVALLTLLLFIL,WT,LLLYSLLVILLTLLLFILILI,clash,,,,,,,,,,,,,,,,,,,,,,,,,,,,,,,,,,,,,,
LTLLIALLFVLLYSL,WT,LLLLTLLIILLFVLLYSLILI,clash,,,,,,,,,,,,,,,,,,,,,,,,,,,,,,,,,,,,,,
YSLLLTLLVALLIFL,WT,LLLYSLLLILLVALLIFLILI,clash,,,,,,,,,,,,,,,,,,,,,,,,,,,,,,,,,,,,,,
YLLLATLLFVLLSLL,WT,LLLYLLLATLLFILLSLLILI,clash,,,,,,,,,,,,,,,,,,,,,,,,,,,,,,,,,,,,,,
TYLLIALLLALLFVL,WT,LLLTYLLIALLLILLFVLILI,clash,,,,,,,,,,,,,,,,,,,,,,,,,,,,,,,,,,,,,,
YLLLAVLLAFLLTSL,WT,LLLYLLLIVLLAFLLTSLILI,clash,,,,,,,,,,,,,,,,,,,,,,,,,,,,,,,,,,,,,,
YILLATLLTLLLSFL,WT,LLLYILLITLLTLLLSFLILI,clash,,,,,,,,,,,,,,,,,,,,,,,,,,,,,,,,,,,,,,
YTLLIALLAVLLSLL,WT,LLLYTLLIALLAVLLILLILI,clash,,,,,,,,,,,,,,,,,,,,,,,,,,,,,,,,,,,,,,
TYLLLALLISLLFVL,WT,LLLTYLLLILLISLLFVLILI,clash,,,,,,,,,,,,,,,,,,,,,,,,,,,,,,,,,,,,,,
YSLLITLLFVLLALL,WT,LLLYSLLITLLFILLALLILI,clash,,,,,,,,,,,,,,,,,,,,,,,,,,,,,,,,,,,,,,
YLLLTVLLAFLLSIL,WT,LLLYLLLTVLLIFLLSILILI,clash,,,,,,,,,,,,,,,,,,,,,,,,,,,,,,,,,,,,,,
YSLLLTLLATLLAFL,WT,LLLYILLLTLLATLLAFLILI,clash,,,,,,,,,,,,,,,,,,,,,,,,,,,,,,,,,,,,,,
YVLLAILLTLLLSFL,WT,LLLYVLLIILLTLLLSFLILI,clash,,,,,,,,,,,,,,,,,,,,,,,,,,,,,,,,,,,,,,
YALLVALLLTLLSWL,WT,LLLYILLVALLLTLLSWLILI,clash,,,,,,,,,,,,,,,,,,,,,,,,,,,,,,,,,,,,,,
TYLLTILLAFLLSLL,WT,LLLTYLLTILLIFLLSLLILI,clash,,,,,,,,,,,,,,,,,,,,,,,,,,,,,,,,,,,,,,
YVLLLILLATLLSFL,WT,LLLYVLLLILLATLLIFLILI,clash,,,,,,,,,,,,,,,,,,,,,,,,,,,,,,,,,,,,,,
AILLYTLLFVLLSLL,WT,LLLAILLYTLLFILLSLLILI,clash,,,,,,,,,,,,,,,,,,,,,,,,,,,,,,,,,,,,,,
TYLLVLLLALLLSFL,WT,LLLTYLLVLLLILLLSFLILI,clash,,,,,,,,,,,,,,,,,,,,,,,,,,,,,,,,,,,,,,
YTLLIALLVLLLFSL,WT,LLLYILLIALLVLLLFSLILI,clash,,,,,,,,,,,,,,,,,,,,,,,,,,,,,,,,,,,,,,
FVLLTTLLAILLSLL,WT,LLLFVLLTTLLAILLSALILI,void,,,,,,,,,,,,,,,,,,,,,,,,,,,,,,,,,,,,,,
VYLLITLLAFLLSLL,WT,LLLVYLLITLLIFLLSLLILI,clash,,,,,,,,,,,,,,,,,,,,,,,,,,,,,,,,,,,,,,
YTLLVSLLALLLAFL,WT,LLLYTLLVSLLILLLAFLILI,clash,,,,,,,,,,,,,,,,,,,,,,,,,,,,,,,,,,,,,,
YSLLVALLATLLFLL,WT,LLLYSLLVALLAILLFLLILI,clash,,,,,,,,,,,,,,,,,,,,,,,,,,,,,,,,,,,,,,
YSLLLTLLFVLLALL,WT,LLLYSLLLTLLFILLALLILI,clash,,,,,,,,,,,,,,,,,,,,,,,,,,,,,,,,,,,,,,
YLLLVALLATLLSFL,WT,LLLYLLLVILLATLLSFLILI,clash,,,,,,,,,,,,,,,,,,,,,,,,,,,,,,,,,,,,,,
SYLLVLLLALLLTFL,WT,LLLSYLLILLLALLLTFLILI,clash,,,,,,,,,,,,,,,,,,,,,,,,,,,,,,,,,,,,,,
TSLLLALLFVLLILL,WT,LLLTILLLALLFVLLILLILI,clash,,,,,,,,,,,,,,,,,,,,,,,,,,,,,,,,,,,,,,
YSLLVALLATLLTLL,WT,LLLYSLLVILLATLLTLLILI,clash,,,,,,,,,,,,,,,,,,,,,,,,,,,,,,,,,,,,,,
YTLLVALLSTLLFLL,WT,LLLYTLLVILLSTLLFLLILI,clash,,,,,,,,,,,,,,,,,,,,,,,,,,,,,,,,,,,,,,
YSLLFVLLAILLTLL,WT,LLLYSLLFILLAILLTLLILI,clash,,,,,,,,,,,,,,,,,,,,,,,,,,,,,,,,,,,,,,
TALLIALLFLLLSVL,WT,LLLTALLIALLFILLSVLILI,clash,,,,,,,,,,,,,,,,,,,,,,,,,,,,,,,,,,,,,,
TYLLVILLAFLLSLL,WT,LLLTYLLVILLIFLLSLLILI,clash,,,,,,,,,,,,,,,,,,,,,,,,,,,,,,,,,,,,,,
YFLLAILLAVLLTLL,WT,LLLYFLLAILLIVLLTLLILI,clash,,,,,,,,,,,,,,,,,,,,,,,,,,,,,,,,,,,,,,
WTLLVFLLAILLSLL,WT,LLLWTLLVFLLIILLSLLILI,clash,,,,,,,,,,,,,,,,,,,,,,,,,,,,,,,,,,,,,,
YSLLFTLLAVLLALL,WT,LLLYSLLFILLAVLLALLILI,clash,,,,,,,,,,,,,,,,,,,,,,,,,,,,,,,,,,,,,,
SYLLVALLITLLFLL,WT,LLLSYLLVILLITLLFLLILI,clash,,,,,,,,,,,,,,,,,,,,,,,,,,,,,,,,,,,,,,
TYLLIALLVALLSLL,WT,LLLTYLLIALLVILLSLLILI,clash,,,,,,,,,,,,,,,,,,,,,,,,,,,,,,,,,,,,,,
YALLVALLITLLFLL,WT,LLLYALLVALLITLLFILILI,clash,,,,,,,,,,,,,,,,,,,,,,,,,,,,,,,,,,,,,,
YSLLLTLLAVLLFSL,WT,LLLYSLLLILLAVLLFSLILI,clash,,,,,,,,,,,,,,,,,,,,,,,,,,,,,,,,,,,,,,
YSLLLTLLVALLSFL,WT,LLLYSLLLTLLVILLSFLILI,clash,,,,,,,,,,,,,,,,,,,,,,,,,,,,,,,,,,,,,,
YVLLFALLTVLLSLL,WT,LLLYVLLFILLTVLLSLLILI,clash,,,,,,,,,,,,,,,,,,,,,,,,,,,,,,,,,,,,,,
YLLLFTLLAVLLSIL,WT,LLLYLLLFILLAVLLSILILI,clash,,,,,,,,,,,,,,,,,,,,,,,,,,,,,,,,,,,,,,
AFLLGTLLGLLLGVL,WT,LLLAFLLGTLLILLLGVLILI,clash,LLLAFLLGTLLGLLLGVLILI_0,1.1001100110011e+17,1.0,-72.6367,-66.3863,-58.6772,-220.92,-214.193,-233.794,-338.688,4539.58,3408.42,3345.8,-50.9084,-46.5777,-96.0404,-104.686,-46.2165,-75.4662,53.9181,-45.2717,6.46136,5.09887,4.40764,-46.4104,-79.84,40.4327,-45.0,-385.266,6.5,3.93441,3.0409,0.0,LLLAFLLGTLLGLLLGVLILI,1.49392590725424,0.264277193990899,G,99999900.0
AFLLGTLLGLLLGVL,WT,LLLAFLLGTLLILLLGVLILI,clash,LLLAFLLGTLLGLLLGVLILI_2,1.1001100110011e+17,1.0,-67.342,-67.0649,-58.6772,-216.231,-216.313,-233.794,-338.688,4539.58,3402.65,3345.8,-49.6721,-48.9751,-104.787,-104.285,-46.2165,-80.7452,44.0128,-43.6079,6.56936,4.55352,3.71371,-46.5918,-79.84,40.4327,-45.0,-385.266,6.5,3.93441,3.0409,2.0,LLLAFLLGTLLGLLLGVLILI,1.49392590725424,0.264277193990899,G,99999900.0
AFLLGTLLGLLLGVL,WT,LLLAFLLGTLLILLLGVLILI,clash,LLLAFLLGTLLGLLLGVLILI_1,1.1001100110011e+17,1.0,-67.0515,-65.8487,-58.6772,-216.313,-220.764,-233.794,-338.688,4539.58,3407.65,3345.8,-49.1348,-49.4318,-104.458,-101.508,-46.2165,-81.7583,41.8309,-44.9393,6.51651,4.41092,3.53838,-46.6971,-79.84,40.4327,-45.0,-385.266,6.5,3.93441,3.0409,1.0,LLLAFLLGTLLGLLLGVLILI,1.49392590725424,0.264277193990899,G,99999900.0
TLLLGVLLGFLLAIL,WT,LLLTLLLIVLLGFLLAILILI,clash,LLLTLLLGVLLGFLLAILILI_1,1.1001100110011e+17,1.0,-56.5382,-55.0293,-44.9169,-227.423,-224.525,-242.334,-344.464,4537.13,3603.25,3561.98,-45.8242,-41.9281,-106.327,-106.837,-57.2131,-91.6681,42.3113,-43.1921,6.51956,5.96223,5.0969,-41.9908,-85.9497,42.6517,-45.0,-386.478,6.5506,5.15043,4.2902,1.0,LLLTLLLGVLLGFLLAILILI,1.71240872888893,0.590734507663995,G,99999900.0
TLLLGVLLGFLLAIL,WT,LLLTLLLIVLLGFLLAILILI,clash,LLLTLLLGVLLGFLLAILILI_2,1.1001100110011e+17,1.0,-54.8755,-56.5382,-44.9169,-225.477,-227.371,-242.334,-344.464,4537.13,3625.11,3561.98,-43.343,-43.7521,-107.454,-104.306,-57.2131,-88.7381,41.651,-43.9886,6.53118,5.43359,4.55836,-42.0971,-85.9497,42.6517,-45.0,-386.478,6.5506,5.15043,4.2902,2.0,LLLTLLLGVLLGFLLAILILI,1.71240872888893,0.590734507663995,G,99999900.0
TLLLGVLLGFLLAIL,WT,LLLTLLLIVLLGFLLAILILI,clash,LLLTLLLGVLLGFLLAILILI_0,1.1001100110011e+17,1.0,-55.0293,-55.097,-44.9169,-224.512,-224.516,-242.334,-344.464,4537.13,3634.84,3561.98,-42.326,-42.0149,-107.248,-106.866,-57.2131,-87.0233,41.9876,-44.402,6.55076,5.22182,4.35163,-41.0125,-85.9497,42.6517,-45.0,-386.478,6.5506,5.15043,4.2902,0.0,LLLTLLLGVLLGFLLAILILI,1.71240872888893,0.590734507663995,G,99999900.0
AYLLGTLLGLLLGFL,WT,LLLAYLLGTLLILLLGFLILI,clash,LLLAYLLGTLLGLLLGFLILI_0,1.1001100110011e+17,1.0,-72.8709,-67.9054,-58.7043,-219.831,-217.013,-239.922,-335.04,4526.09,3502.01,3433.66,-45.7428,-38.4449,-88.0808,-88.5667,-36.4137,-79.3487,56.5702,-35.8493,6.53337,6.03928,5.38783,-38.218,-80.1891,50.0903,-39.6088,-373.485,6.6695,5.29055,4.5419,0.0,LLLAYLLGTLLGLLLGFLILI,1.18655444341923,0.136983096749315,G,99999900.0
AYLLGTLLGLLLGFL,WT,LLLAYLLGTLLILLLGFLILI,clash,LLLAYLLGTLLGLLLGFLILI_1,1.1001100110011e+17,1.0,-68.8347,-62.1718,-58.7043,-219.591,-220.159,-239.922,-335.04,4526.09,3693.76,3433.66,-41.364,111.789,-87.9782,59.0797,-36.4137,-83.9592,50.4036,-40.5408,6.69789,5.89837,5.15443,-38.5178,-80.1891,50.0903,-39.6088,-373.485,6.6695,5.29055,4.5419,1.0,LLLAYLLGTLLGLLLGFLILI,1.18655444341923,0.136983096749315,G,99999900.0
AYLLGTLLGLLLGFL,WT,LLLAYLLGTLLILLLGFLILI,clash,LLLAYLLGTLLGLLLGFLILI_2,1.1001100110011e+17,1.0,-68.4382,-68.922,-58.7043,-219.319,-220.33,-239.922,-335.04,4526.09,3571.05,3433.66,-41.3119,-39.7517,-88.5945,-85.5401,-36.4137,-83.8785,49.933,-38.819,6.68773,5.82274,5.07173,-38.1362,-80.1891,50.0903,-39.6088,-373.485,6.6695,5.29055,4.5419,2.0,LLLAYLLGTLLGLLLGFLILI,1.18655444341923,0.136983096749315,G,99999900.0
AYLLGLLLGVLLGTL,WT,LLLAYLLGLLLIVLLGTLILI,clash,LLLAYLLGLLLGVLLGTLILI_2,1.1001100110011e+17,1.0,-75.3102,-74.9176,-58.7057,-221.184,-218.04,-237.367,-345.527,4519.52,3537.44,3460.72,-42.5751,-32.368,-91.6086,-84.9373,-49.454,-87.2698,52.4295,-38.6548,6.64991,6.66844,5.95489,-34.9466,-80.1891,50.0903,-39.6088,-380.775,6.6695,5.29055,4.5419,2.0,LLLAYLLGLLLGVLLGTLILI,1.09560991282611,0.194905647084372,G,99999900.0
AYLLGLLLGVLLGTL,WT,LLLAYLLGLLLIVLLGTLILI,clash,LLLAYLLGLLLGVLLGTLILI_1,1.1001100110011e+17,1.0,-75.3674,-75.0751,-58.7057,-217.977,-217.095,-237.367,-345.527,4519.52,3525.58,3460.72,-40.404,-23.2548,-92.5866,-76.6121,-49.454,-83.2334,52.6577,-39.8776,6.64304,6.09379,5.38366,-35.8152,-80.1891,50.0903,-39.6088,-380.775,6.6695,5.29055,4.5419,1.0,LLLAYLLGLLLGVLLGTLILI,1.09560991282611,0.194905647084372,G,99999900.0
AYLLGLLLGVLLGTL,WT,LLLAYLLGLLLIVLLGTLILI,clash,LLLAYLLGLLLGVLLGTLILI_0,1.1001100110011e+17,1.0,-75.6733,-72.316,-58.7057,-216.991,-214.375,-237.367,-345.527,4519.52,3577.57,3460.72,-37.5622,-35.2479,-90.4252,-94.0836,-49.454,-83.5868,51.1925,-41.3726,6.67598,5.949,5.21689,-34.8003,-80.1891,50.0903,-39.6088,-380.775,6.6695,5.29055,4.5419,0.0,LLLAYLLGLLLGVLLGTLILI,1.09560991282611,0.194905647084372,G,99999900.0
AYLLGLLLGTLLSFL,WT,LLLAYLLGLLLITLLSFLILI,clash,LLLAYLLGLLLGTLLSFLILI_1,1.1001100110011e+17,1.0,-93.8116,-90.7098,-74.0929,-226.907,-222.774,-243.634,-354.881,4565.18,3698.5,3555.33,-45.0841,-36.1605,-79.2467,-77.5575,-37.154,-86.9979,51.5189,-44.0504,6.41514,6.50474,5.77752,-31.9966,-80.4387,52.288,-45.0,-387.269,6.6037,5.62468,4.909,1.0,LLLAYLLGLLLGTLLSFLILI,1.10594409273217,0.101382713319076,G,99999900.0
AYLLGLLLGTLLSFL,WT,LLLAYLLGLLLITLLSFLILI,clash,LLLAYLLGLLLGTLLSFLILI_0,1.1001100110011e+17,1.0,-92.4401,-87.2679,-74.0929,-223.135,-222.415,-243.634,-354.881,4565.18,3690.36,3555.33,-39.9634,-32.3873,-79.2698,-77.5861,-37.154,-83.4107,50.3647,-44.9664,6.5334,5.81085,5.06632,-32.2488,-80.4387,52.288,-45.0,-387.269,6.6037,5.62468,4.909,0.0,LLLAYLLGLLLGTLLSFLILI,1.10594409273217,0.101382713319076,G,99999900.0
AYLLGLLLGTLLSFL,WT,LLLAYLLGLLLITLLSFLILI,clash,LLLAYLLGLLLGTLLSFLILI_2,1.1001100110011e+17,1.0,-88.1586,-88.9777,-74.0929,-222.9,-225.809,-243.634,-354.881,4565.18,3681.18,3555.33,-34.4837,-33.9949,-78.3069,-74.0893,-37.154,-81.5275,52.2551,-44.6589,6.57975,5.78357,5.06739,-32.3774,-80.4387,52.288,-45.0,-387.269,6.6037,5.62468,4.909,2.0,LLLAYLLGLLLGTLLSFLILI,1.10594409273217,0.101382713319076,G,99999900.0
AVLLGTLLGLLLSFL,WT,LLLAVLLGTLLILLLSFLILI,clash,LLLAVLLGTLLGLLLSFLILI_2,1.1001100110011e+17,1.0,-84.7994,-84.6008,-74.0838,-216.952,-214.481,-236.596,-360.96,4442.86,3657.16,3621.34,-36.8403,-34.1173,-96.0482,-95.9949,-50.28,-91.1272,51.605,-35.4919,7.02958,7.13575,6.40982,-32.7354,-91.43,48.2927,-36.5962,-394.415,7.0472,6.73401,5.9584,2.0,LLLAVLLGTLLGLLLSFLILI,1.07123500331272,0.0697873473753571,G,99999900.0
AVLLGTLLGLLLSFL,WT,LLLAVLLGTLLILLLSFLILI,clash,LLLAVLLGTLLGLLLSFLILI_0,1.1001100110011e+17,1.0,-83.231,-82.187,-74.0838,-216.847,-215.092,-236.596,-360.96,4442.86,3664.39,3621.34,-36.0611,-33.4557,-96.9425,-97.1364,-50.28,-89.0222,53.5444,-35.9756,7.04148,7.08182,6.38499,-32.9845,-91.43,48.2927,-36.5962,-394.415,7.0472,6.73401,5.9584,0.0,LLLAVLLGTLLGLLLSFLILI,1.07123500331272,0.0697873473753571,G,99999900.0
AVLLGTLLGLLLSFL,WT,LLLAVLLGTLLILLLSFLILI,clash,LLLAVLLGTLLGLLLSFLILI_1,1.1001100110011e+17,1.0,-85.0878,-83.1738,-74.0838,-214.624,-216.799,-236.596,-360.96,4442.86,3689.98,3621.34,-34.992,-35.4164,-96.2395,-96.4037,-50.28,-89.0104,50.6593,-35.7114,7.09713,6.69058,5.95047,-34.0618,-91.43,48.2927,-36.5962,-394.415,7.0472,6.73401,5.9584,1.0,LLLAVLLGTLLGLLLSFLILI,1.07123500331272,0.0697873473753571,G,99999900.0
YFLLGILLGVLLSLL,WT,LLLYFLLGILLIVLLSLLILI,clash,,,,,,,,,,,,,,,,,,,,,,,,,,,,,,,,,,,,,,
ALLLGVLLGTLLGFL,WT,LLLALLLIVLLGTLLGFLILI,clash,LLLALLLGVLLGTLLGFLILI_2,1.1001100110011e+17,1.0,-70.6423,-70.1653,-58.6964,-215.406,-218.846,-232.814,-340.529,4463.32,3551.41,3509.4,-38.0243,-34.1417,-92.5043,-85.6588,-49.0181,-97.3773,41.7582,-38.5586,6.76344,6.74396,5.87034,-32.988,-92.5815,39.7325,-40.3169,-373.522,6.7382,5.75111,4.8471,2.0,LLLALLLGVLLGTLLGFLILI,1.00363577102453,0.0433955008529283,G,99999900.0
ALLLGVLLGTLLGFL,WT,LLLALLLIVLLGTLLGFLILI,clash,LLLALLLGVLLGTLLGFLILI_0,1.1001100110011e+17,1.0,-68.7374,-71.2316,-58.6964,-218.416,-213.121,-232.814,-340.529,4463.32,3580.03,3509.4,-37.468,-32.9936,-90.8434,-89.1699,-49.0181,-97.4112,45.6485,-36.9641,6.99586,7.27422,6.45895,-32.8635,-92.5815,39.7325,-40.3169,-373.522,6.7382,5.75111,4.8471,0.0,LLLALLLGVLLGTLLGFLILI,1.00363577102453,0.0433955008529283,G,99999900.0
ALLLGVLLGTLLGFL,WT,LLLALLLIVLLGTLLGFLILI,clash,LLLALLLGVLLGTLLGFLILI_1,1.1001100110011e+17,1.0,-70.1653,-68.8075,-58.6964,-218.546,-221.058,-232.814,-340.529,4463.32,3669.2,3509.4,-36.8346,-26.6108,-88.6521,-77.2734,-49.0181,-97.8605,41.2291,-42.2733,6.74002,6.745,5.86344,-33.4189,-92.5815,39.7325,-40.3169,-373.522,6.7382,5.75111,4.8471,1.0,LLLALLLGVLLGTLLGFLILI,1.00363577102453,0.0433955008529283,G,99999900.0
TLLLGLLLGFLLSIL,WT,LLLTLLLILLLGFLLSILILI,clash,LLLTLLLGLLLGFLLSILILI_2,1.1001100110011e+17,1.0,-73.5792,-72.6378,-60.3038,-224.327,-225.348,-246.158,-368.568,4541.92,3624.3,3593.83,-40.6018,5.76227,-111.263,-64.8196,-62.1065,-92.5904,43.2583,-44.2212,6.80456,6.22843,5.37731,-31.6359,-95.1054,38.6706,-41.1733,-400.399,7.1293,5.98634,5.0664,2.0,LLLTLLLGLLLGFLLSILILI,1.29318664748594,0.0854507148990216,G,99999900.0
TLLLGLLLGFLLSIL,WT,LLLTLLLILLLGFLLSILILI,clash,LLLTLLLGLLLGFLLSILILI_1,1.1001100110011e+17,1.0,-74.2314,-67.3725,-60.3038,-225.411,-224.301,-246.158,-368.568,4541.92,3618.38,3593.83,-40.4092,-32.4992,-109.335,-109.393,-62.1065,-91.9155,44.392,-43.1748,6.83308,6.28024,5.44612,-31.9039,-95.1054,38.6706,-41.1733,-400.399,7.1293,5.98634,5.0664,1.0,LLLTLLLGLLLGFLLSILILI,1.29318664748594,0.0854507148990216,G,99999900.0
TLLLGLLLGFLLSIL,WT,LLLTLLLILLLGFLLSILILI,clash,LLLTLLLGLLLGFLLSILILI_0,1.1001100110011e+17,1.0,-66.8973,-66.9109,-60.3038,-224.405,-224.007,-246.158,-368.568,4541.92,3671.26,3593.83,-33.0241,-31.8316,-110.29,-109.482,-62.1065,-94.3482,40.0425,-41.8744,7.0765,6.05797,5.15861,-31.5222,-95.1054,38.6706,-41.1733,-400.399,7.1293,5.98634,5.0664,0.0,LLLTLLLGLLLGFLLSILILI,1.29318664748594,0.0854507148990216,G,99999900.0
ALLLGLLLGVLLGTL,WT,LLLALLLILLLGVLLGTLILI,clash,LLLALLLGLLLGVLLGTLILI_0,1.1001100110011e+17,1.0,-73.3916,-72.903,-58.7607,-208.767,-207.599,-231.843,-357.866,4472.7,3556.85,3447.38,-34.8478,-32.2146,-110.555,-109.579,-67.2624,-85.0261,56.1649,-34.3174,6.53376,6.83617,6.17865,-32.215,-81.7407,58.0906,-35.0,-390.081,6.5862,6.60334,5.9747,0.0,LLLALLLGLLLGVLLGTLILI,1.74607259560765,0.584363321142395,G,99999900.0
ALLLGLLLGVLLGTL,WT,LLLALLLILLLGVLLGTLILI,clash,LLLALLLGLLLGVLLGTLILI_2,1.1001100110011e+17,1.0,-73.2722,-74.4307,-58.7607,-211.496,-200.731,-231.843,-357.866,4472.7,3547.58,3447.38,-34.828,23.3654,-107.926,-59.339,-67.2624,-87.3676,56.4427,-36.1823,6.514,7.22491,6.57155,-32.1897,-81.7407,58.0906,-35.0,-390.081,6.5862,6.60334,5.9747,2.0,LLLALLLGLLLGVLLGTLILI,1.74607259560765,0.584363321142395,G,99999900.0
ALLLGLLLGVLLGTL,WT,LLLALLLILLLGVLLGTLILI,clash,LLLALLLGLLLGVLLGTLILI_1,1.1001100110011e+17,1.0,-74.4307,-73.3916,-58.7607,-204.202,-209.075,-231.843,-357.866,4472.7,3441.5,3447.38,-32.1996,-34.6041,-111.433,-110.003,-67.2624,-81.54,51.3419,-31.9312,6.49353,5.66216,4.93228,-31.7652,-81.7407,58.0906,-35.0,-390.081,6.5862,6.60334,5.9747,1.0,LLLALLLGLLLGVLLGTLILI,1.74607259560765,0.584363321142395,G,99999900.0
TFLLGALLGILLSLL,WT,LLLTFLLIALLGILLSLLILI,clash,LLLTFLLGALLGILLSLLILI_1,1.1001100110011e+17,1.0,-75.0733,-71.7627,-60.2746,-224.087,-224.201,-242.606,-357.483,4576.04,3598.52,3612.73,-42.2684,-35.3015,-100.591,-96.8205,-54.6024,-83.7188,57.1749,-42.1395,6.64092,6.77643,6.13405,-32.7373,-77.8631,56.6563,-43.9434,-390.872,6.8019,5.82806,5.1779,1.0,LLLTFLLGALLGILLSLLILI,1.06334640228536,0.031497104291464,G,99999900.0
TFLLGALLGILLSLL,WT,LLLTFLLIALLGILLSLLILI,clash,LLLTFLLGALLGILLSLLILI_0,1.1001100110011e+17,1.0,-71.7627,-70.3641,-60.2746,-224.511,-222.71,-242.606,-357.483,4576.04,3606.27,3612.73,-36.6819,-33.3893,-97.8914,-97.7984,-54.6024,-76.1016,61.7037,-44.2469,6.75783,6.24524,5.6708,-32.3202,-77.8631,56.6563,-43.9434,-390.872,6.8019,5.82806,5.1779,0.0,LLLTFLLGALLGILLSLLILI,1.06334640228536,0.031497104291464,G,99999900.0
TFLLGALLGILLSLL,WT,LLLTFLLIALLGILLSLLILI,clash,LLLTFLLGALLGILLSLLILI_2,1.1001100110011e+17,1.0,-71.7497,-75.0733,-60.2746,-223.895,-225.638,-242.606,-357.483,4576.04,3604.11,3612.73,-33.711,-26.8198,-95.5494,-83.5917,-54.6024,-78.6216,57.608,-44.7195,6.71909,6.07032,5.43444,-32.6303,-77.8631,56.6563,-43.9434,-390.872,6.8019,5.82806,5.1779,2.0,LLLTFLLGALLGILLSLLILI,1.06334640228536,0.031497104291464,G,99999900.0
AFLLGILLGVLLGLL,WT,LLLAFLLIILLGVLLGLLILI,clash,LLLAFLLGILLGVLLGLLILI_2,1.1001100110011e+17,1.0,-57.6431,-55.7754,-44.9385,-221.04,-218.928,-233.16,-333.262,4514.21,3397.71,3532.46,-43.1588,-34.7497,-97.7372,-93.3077,-55.163,-84.1688,43.2917,-39.5481,6.864,4.9697,4.11908,-34.7102,-82.2405,38.4729,-43.0414,-364.563,7.0713,4.02991,3.107,2.0,LLLAFLLGILLGVLLGLLILI,1.24319394082041,0.426605308340388,G,99999900.0
AFLLGILLGVLLGLL,WT,LLLAFLLIILLGVLLGLLILI,clash,LLLAFLLGILLGVLLGLLILI_1,1.1001100110011e+17,1.0,-55.7754,-56.2111,-44.9385,-217.869,-215.716,-233.16,-333.262,4514.21,3491.52,3532.46,-38.469,-23.6536,-98.086,-84.9886,-55.163,-78.2926,44.7674,-44.352,6.96624,4.28749,3.459,-27.6787,-82.2405,38.4729,-43.0414,-364.563,7.0713,4.02991,3.107,1.0,LLLAFLLGILLGVLLGLLILI,1.24319394082041,0.426605308340388,G,99999900.0
AFLLGILLGVLLGLL,WT,LLLAFLLIILLGVLLGLLILI,clash,LLLAFLLGILLGVLLGLLILI_0,1.1001100110011e+17,1.0,-56.2111,-51.3476,-44.9385,-215.756,-217.895,-233.16,-333.262,4514.21,3418.35,3532.46,-38.2316,-31.3012,-99.5259,-95.3205,-55.163,-82.3715,36.3464,-39.9924,6.85903,3.76249,2.80768,-31.0327,-82.2405,38.4729,-43.0414,-364.563,7.0713,4.02991,3.107,0.0,LLLAFLLGILLGVLLGLLILI,1.24319394082041,0.426605308340388,G,99999900.0
AVLLGTLLGFLLSLL,WT,LLLAVLLGTLLIFLLSLLILI,clash,LLLAVLLGTLLGFLLSLLILI_0,1.1001100110011e+17,1.0,-86.7772,-80.4555,-74.0235,-227.175,-216.642,-236.512,-359.74,4459.08,3660.3,3604.84,-44.8162,-31.4859,-90.6032,-94.1281,-49.2039,-80.5657,70.1706,-46.625,6.46946,8.05788,7.61044,-32.0485,-83.724,52.3747,-45.0,-391.225,6.6055,6.12918,5.4148,0.0,LLLAVLLGTLLGFLLSLLILI,1.18835863044311,0.135291560781727,G,99999900.0
AVLLGTLLGFLLSLL,WT,LLLAVLLGTLLIFLLSLLILI,clash,LLLAVLLGTLLGFLLSLLILI_2,1.1001100110011e+17,1.0,-83.7274,-84.1863,-74.0235,-222.408,-218.81,-236.512,-359.74,4459.08,3605.89,3604.84,-42.9005,-38.8172,-96.5044,-95.5608,-49.2039,-92.6132,51.0575,-43.7132,6.30429,7.28474,6.5506,-31.0921,-83.724,52.3747,-45.0,-391.225,6.6055,6.12918,5.4148,2.0,LLLAVLLGTLLGFLLSLLILI,1.18835863044311,0.135291560781727,G,99999900.0
AVLLGTLLGFLLSLL,WT,LLLAVLLGTLLIFLLSLLILI,clash,LLLAVLLGTLLGFLLSLLILI_1,1.1001100110011e+17,1.0,-85.2366,-78.3207,-74.0235,-219.276,-225.716,-236.512,-359.74,4459.08,3616.54,3604.84,-41.2016,-39.5926,-96.4284,-95.2954,-49.2039,-87.9077,51.9001,-43.609,6.40902,6.69266,5.97116,-31.463,-83.724,52.3747,-45.0,-391.225,6.6055,6.12918,5.4148,1.0,LLLAVLLGTLLGFLLSLLILI,1.18835863044311,0.135291560781727,G,99999900.0
VFLLGTLLGLLLAIL,WT,LLLVFLLGTLLILLLAILILI,clash,LLLVFLLGTLLGLLLAILILI_0,1.1001100110011e+17,1.0,-64.9773,-64.2166,-58.7628,-225.811,-216.086,-238.059,-349.424,4591.4,3606.47,3534.34,-44.5567,-30.0991,-103.193,-99.221,-52.6026,-87.4529,52.9113,-43.8875,6.39073,6.76096,6.05463,-31.8124,-79.8683,50.2537,-43.4125,-379.523,6.5,5.26449,4.5183,0.0,LLLVFLLGTLLGLLLAILILI,2.24858555072944,0.0886754297538368,G,99999900.0
VFLLGTLLGLLLAIL,WT,LLLVFLLGTLLILLLAILILI,clash,LLLVFLLGTLLGLLLAILILI_1,1.1001100110011e+17,1.0,-65.2586,-64.9773,-58.7628,-219.832,-224.553,-238.059,-349.424,4591.4,3552.24,3534.34,-38.778,-41.775,-103.111,-101.669,-52.6026,-85.6173,47.7093,-44.9716,6.45483,5.78335,4.99899,-30.5251,-79.8683,50.2537,-43.4125,-379.523,6.5,5.26449,4.5183,1.0,LLLVFLLGTLLGLLLAILILI,2.24858555072944,0.0886754297538368,G,99999900.0
VFLLGTLLGLLLAIL,WT,LLLVFLLGTLLILLLAILILI,clash,LLLVFLLGTLLGLLLAILILI_2,1.1001100110011e+17,1.0,-69.4297,-65.2586,-58.7628,-217.439,-218.903,-238.059,-349.424,4591.4,3596.06,3534.34,-33.6533,-29.8723,-96.2083,-95.1344,-52.6026,-84.2407,45.9048,-45.8263,6.471,5.33326,4.52183,-29.9072,-79.8683,50.2537,-43.4125,-379.523,6.5,5.26449,4.5183,2.0,LLLVFLLGTLLGLLLAILILI,2.24858555072944,0.0886754297538368,G,99999900.0
AYLLGLLLGFLLGTL,WT,LLLAYLLGLLLIFLLGTLILI,clash,LLLAYLLGLLLGFLLGTLILI_0,1.1001100110011e+17,1.0,-70.6754,-65.9749,-58.747,-220.524,-218.405,-239.727,-334.591,4547.34,3517.12,3497.32,-39.4923,-30.3773,-82.8832,-80.5887,-36.1169,-86.2948,43.4535,-35.9131,6.92225,5.31043,4.46224,-30.3388,-87.7841,38.6606,-35.7467,-364.968,7.5,4.88679,3.9667,0.0,LLLAYLLGLLLGFLLGTLILI,1.16050957729258,0.0332530740735525,G,99999900.0
AYLLGLLLGFLLGTL,WT,LLLAYLLGLLLIFLLGTLILI,clash,LLLAYLLGLLLGFLLGTLILI_1,1.1001100110011e+17,1.0,-75.9299,-70.5559,-58.747,-221.383,-220.533,-239.727,-334.591,4547.34,3601.09,3497.32,-38.9918,-15.8131,-76.2699,-59.3155,-36.1169,-84.8195,45.7954,-40.3918,6.79251,5.4053,4.59223,-29.7804,-87.7841,38.6606,-35.7467,-364.968,7.5,4.88679,3.9667,1.0,LLLAYLLGLLLGFLLGTLILI,1.16050957729258,0.0332530740735525,G,99999900.0
AYLLGLLLGFLLGTL,WT,LLLAYLLGLLLIFLLGTLILI,clash,LLLAYLLGLLLGFLLGTLILI_2,1.1001100110011e+17,1.0,-71.8616,-75.3228,-58.747,-220.023,-221.545,-239.727,-334.591,4547.34,3502.82,3497.32,-38.7831,1529.29,-81.4893,1491.56,-36.1169,-89.2745,39.1826,-36.896,7.00619,5.18083,4.26857,-29.7235,-87.7841,38.6606,-35.7467,-364.968,7.5,4.88679,3.9667,2.0,LLLAYLLGLLLGFLLGTLILI,1.16050957729258,0.0332530740735525,G,99999900.0
ALLLGFLLGTLLGVL,WT,LLLALLLGFLLITLLGVLILI,clash,LLLALLLGFLLGTLLGVLILI_0,1.1001100110011e+17,1.0,-73.0889,-67.0194,-58.6797,-214.289,-209.484,-232.75,-340.691,4439.35,3397.92,3396.18,-43.5706,-29.9398,-96.883,-94.1274,-49.2612,-80.3642,52.6536,-34.8096,7.0524,5.66287,4.95268,-30.3321,-82.6456,43.881,-35.0,-370.631,7.5,4.82078,3.979,0.0,LLLALLLGFLLGTLLGVLILI,1.15817359290745,0.0622825330507229,G,99999900.0
ALLLGFLLGTLLGVL,WT,LLLALLLGFLLITLLGVLILI,clash,LLLALLLGFLLGTLLGVLILI_1,1.1001100110011e+17,1.0,-74.1151,-73.0889,-58.6797,-212.163,-214.898,-232.75,-340.691,4439.35,3456.43,3396.18,-42.327,-43.2389,-96.7395,-95.9425,-49.2612,-82.2241,48.662,-36.2726,7.07788,5.40298,4.63291,-39.1731,-82.6456,43.881,-35.0,-370.631,7.5,4.82078,3.979,1.0,LLLALLLGFLLGTLLGVLILI,1.15817359290745,0.0622825330507229,G,99999900.0
ALLLGFLLGTLLGVL,WT,LLLALLLGFLLITLLGVLILI,clash,LLLALLLGFLLGTLLGVLILI_2,1.1001100110011e+17,1.0,-74.0508,-74.1156,-58.6797,-211.764,-212.61,-232.75,-340.691,4439.35,3409.85,3396.18,-42.3074,178.425,-97.1831,124.459,-49.2612,-82.1505,48.3321,-36.0626,7.08922,5.34741,4.57239,-31.334,-82.6456,43.881,-35.0,-370.631,7.5,4.82078,3.979,2.0,LLLALLLGFLLGTLLGVLILI,1.15817359290745,0.0622825330507229,G,99999900.0
YLLLGILLGTLLAFL,WT,LLLYLLLGILLITLLAFLILI,clash,LLLYLLLGILLGTLLAFLILI_2,1.1001100110011e+17,1.0,-68.611,-66.8357,-58.7109,-231.654,-227.941,-246.075,-344.092,4623.77,3753.06,3601.64,-36.8294,-29.2519,-80.6564,-78.5676,-39.3058,-76.2714,38.32,-43.0741,6.84545,3.11392,2.18872,-29.278,-70.6256,40.5984,-41.2559,-372.954,6.8843,2.57462,1.6836,2.0,LLLYLLLGILLGTLLAFLILI,0.599992801868481,0.0507915821924511,G,99999900.0
YLLLGILLGTLLAFL,WT,LLLYLLLGILLITLLAFLILI,clash,LLLYLLLGILLGTLLAFLILI_1,1.1001100110011e+17,1.0,-66.8357,-67.541,-58.7109,-225.684,-229.753,-246.075,-344.092,4623.77,3808.0,3601.64,-35.4527,-31.9034,-87.0247,-78.7014,-39.3058,-75.3785,34.0601,-48.0507,6.78926,2.40488,1.41578,-28.8654,-70.6256,40.5984,-41.2559,-372.954,6.8843,2.57462,1.6836,1.0,LLLYLLLGILLGTLLAFLILI,0.599992801868481,0.0507915821924511,G,99999900.0
YLLLGILLGTLLAFL,WT,LLLYLLLGILLITLLAFLILI,clash,LLLYLLLGILLGTLLAFLILI_0,1.1001100110011e+17,1.0,-67.541,-68.6978,-58.7109,-229.089,-227.432,-246.075,-344.092,4623.77,3789.76,3601.64,-33.1123,-28.8618,-80.5747,-76.8237,-39.3058,-74.4456,38.5442,-43.7315,6.85856,2.87031,1.94848,-28.1844,-70.6256,40.5984,-41.2559,-372.954,6.8843,2.57462,1.6836,0.0,LLLYLLLGILLGTLLAFLILI,0.599992801868481,0.0507915821924511,G,99999900.0
YVLLGALLGILLTLL,WT,LLLYVLLIALLGILLTLLILI,clash,LLLYVLLGALLGILLTLLILI_0,1.1001100110011e+17,1.0,-67.581,-66.8813,-58.7202,-222.276,-219.4,-243.993,-355.39,4577.17,3713.97,3707.28,-33.5505,-28.7808,-99.0838,-97.8896,-52.6768,-79.0724,56.9607,-46.8199,6.65198,6.05056,5.40497,-29.2053,-72.8097,60.8563,-43.7016,-384.171,6.839,5.63706,5.0499,0.0,LLLYVLLGALLGILLTLLILI,1.00508181968679,0.0324870942173313,G,99999900.0
YVLLGALLGILLTLL,WT,LLLYVLLIALLGILLTLLILI,clash,LLLYVLLGALLGILLTLLILI_1,1.1001100110011e+17,1.0,-67.7568,-67.581,-58.7202,-220.509,-222.366,-243.993,-355.39,4577.17,3661.72,3707.28,-31.4535,-30.9651,-98.5778,-96.408,-52.6768,-75.6978,59.4847,-44.2239,6.70034,5.88511,5.27738,-29.12,-72.8097,60.8563,-43.7016,-384.171,6.839,5.63706,5.0499,1.0,LLLYVLLGALLGILLTLLILI,1.00508181968679,0.0324870942173313,G,99999900.0
YVLLGALLGILLTLL,WT,LLLYVLLIALLGILLTLLILI,clash,LLLYVLLGALLGILLTLLILI_2,1.1001100110011e+17,1.0,-67.8268,-67.7568,-58.7202,-220.15,-220.337,-243.993,-355.39,4577.17,3665.12,3707.28,-31.2227,-31.0275,-98.6356,-98.3232,-52.6768,-75.0627,59.6907,-43.9772,6.70621,5.81765,5.21302,-28.8487,-72.8097,60.8563,-43.7016,-384.171,6.839,5.63706,5.0499,2.0,LLLYVLLGALLGILLTLLILI,1.00508181968679,0.0324870942173313,G,99999900.0
AYLLGTLLGILLALL,WT,LLLAYLLGTLLIILLALLILI,clash,LLLAYLLGTLLGILLALLILI_2,1.1001100110011e+17,1.0,-65.4653,-63.9125,-58.7536,-220.017,-218.495,-240.561,-354.785,4508.72,3619.32,3577.36,-30.3295,-21.888,-99.6324,-94.2661,-55.471,-75.0439,52.1893,-41.4683,6.76154,4.80215,4.08499,-26.396,-71.7752,52.5548,-41.6943,-381.712,6.762,4.36118,3.6495,2.0,LLLAYLLGTLLGILLALLILI,1.05616865551816,0.184956962821959,G,99999900.0
AYLLGTLLGILLALL,WT,LLLAYLLGTLLIILLALLILI,clash,LLLAYLLGTLLGILLALLILI_0,1.1001100110011e+17,1.0,-69.8169,-65.7668,-58.7536,-220.186,-218.329,-240.561,-354.785,4508.72,3649.89,3577.36,-27.3635,-26.9265,-92.1459,-97.6155,-55.471,-72.9064,50.353,-47.1725,6.72721,4.23362,3.48892,-26.6425,-71.7752,52.5548,-41.6943,-381.712,6.762,4.36118,3.6495,0.0,LLLAYLLGTLLGILLALLILI,1.05616865551816,0.184956962821959,G,99999900.0
AYLLGTLLGILLALL,WT,LLLAYLLGTLLIILLALLILI,clash,LLLAYLLGTLLGILLALLILI_1,1.1001100110011e+17,1.0,-72.7664,-61.6265,-58.7536,-218.009,-219.388,-240.561,-354.785,4508.72,3614.29,3577.36,-27.3041,-8.00452,-91.3143,-81.7753,-55.471,-73.1637,49.5145,-44.4023,6.59774,4.15901,3.40172,-26.8493,-71.7752,52.5548,-41.6943,-381.712,6.762,4.36118,3.6495,1.0,LLLAYLLGTLLGILLALLILI,1.05616865551816,0.184956962821959,G,99999900.0
TFLLGLLLGYLLSVL,WT,LLLTFLLGLLLIYLLSVLILI,clash,LLLTFLLGLLLGYLLSVLILI_2,1.1001100110011e+17,1.0,-76.1851,-72.4867,-60.1731,-228.383,-227.754,-247.904,-350.725,4610.63,3521.68,3565.63,-47.2884,29.6607,-93.4447,-20.8233,-42.6472,-88.7479,49.865,-43.1156,6.69552,6.54396,5.79194,-21.9817,-85.0833,46.26,-43.2731,-378.673,7.339,5.5076,4.7015,2.0,LLLTFLLGLLLGYLLSVLILI,1.46489086060566,0.125376264792153,G,99999900.0
TFLLGLLLGYLLSVL,WT,LLLTFLLGLLLIYLLSVLILI,clash,LLLTFLLGLLLGYLLSVLILI_0,1.1001100110011e+17,1.0,-76.1374,-64.9464,-60.1731,-223.706,-226.644,-247.904,-350.725,4610.63,3518.34,3565.63,-42.2996,-27.9479,-93.1813,-87.0818,-42.6472,-83.3101,47.0529,-43.3683,6.74536,5.34866,4.55445,-28.1453,-85.0833,46.26,-43.2731,-378.673,7.339,5.5076,4.7015,0.0,LLLTFLLGLLLGYLLSVLILI,1.46489086060566,0.125376264792153,G,99999900.0
TFLLGLLLGYLLSVL,WT,LLLTFLLGLLLIYLLSVLILI,clash,LLLTFLLGLLLGYLLSVLILI_1,1.1001100110011e+17,1.0,-73.2306,-76.279,-60.1731,-227.803,-224.66,-247.904,-350.725,4610.63,3537.3,3565.63,-39.6584,83.4324,-89.3499,33.6469,-42.6472,-85.4621,48.0273,-44.9721,6.79001,5.80301,5.02342,-23.3665,-85.0833,46.26,-43.2731,-378.673,7.339,5.5076,4.7015,1.0,LLLTFLLGLLLGYLLSVLILI,1.46489086060566,0.125376264792153,G,99999900.0
AFLLGILLGLLLGTL,WT,LLLAFLLIILLGLLLGTLILI,clash,LLLAFLLGILLGLLLGTLILI_2,1.1001100110011e+17,1.0,-70.5064,-69.3878,-58.7173,-223.863,-223.827,-235.103,-340.46,4540.38,3422.69,3478.64,-50.8416,12.7118,-96.9319,-34.5337,-46.6394,-78.0792,36.5117,-38.9511,6.48499,3.14097,2.18864,-26.5298,-72.6874,32.4259,-40.8381,-366.994,7.0033,1.78061,0.766999,2.0,LLLAFLLGILLGLLLGTLILI,1.27425724271787,0.0614215747827113,G,99999900.0
AFLLGILLGLLLGTL,WT,LLLAFLLIILLGLLLGTLILI,clash,LLLAFLLGILLGLLLGTLILI_1,1.1001100110011e+17,1.0,-69.3878,-69.0432,-58.7173,-224.601,-224.574,-235.103,-340.46,4540.38,3382.35,3478.64,-49.4894,-9.11749,-95.9602,-55.9606,-46.6394,-78.1222,37.392,-36.9077,6.68175,3.26624,2.32712,-26.1966,-72.6874,32.4259,-40.8381,-366.994,7.0033,1.78061,0.766999,1.0,LLLAFLLGILLGLLLGTLILI,1.27425724271787,0.0614215747827113,G,99999900.0
AFLLGILLGLLLGTL,WT,LLLAFLLIILLGLLLGTLILI,clash,LLLAFLLGILLGLLLGTLILI_0,1.1001100110011e+17,1.0,-69.0532,-64.1054,-58.7173,-224.472,-219.09,-235.103,-340.46,4540.38,3410.15,3478.64,-49.0338,-26.5341,-95.968,-83.7989,-46.6394,-76.5506,39.9221,-37.7795,6.67542,3.37208,2.47091,-25.9999,-72.6874,32.4259,-40.8381,-366.994,7.0033,1.78061,0.766999,0.0,LLLAFLLGILLGLLLGTLILI,1.27425724271787,0.0614215747827113,G,99999900.0
TFLLGVLLGLLLAIL,WT,LLLTFLLGVLLILLLAILILI,clash,LLLTFLLGVLLGLLLAILILI_1,1.1001100110011e+17,1.0,-55.4099,-54.638,-44.9375,-221.923,-220.936,-243.242,-347.049,4587.11,3570.19,3575.06,-34.1083,-28.4466,-103.824,-99.9219,-58.8693,-83.5798,39.641,-43.9883,6.72259,4.38851,3.48313,-26.498,-80.0044,42.005,-45.0,-373.697,7.041,4.17133,3.3014,1.0,LLLTFLLGVLLGLLLAILILI,1.28002384172293,0.0616719121311751,G,99999900.0
TFLLGVLLGLLLAIL,WT,LLLTFLLGVLLILLLAILILI,clash,LLLTFLLGVLLGLLLAILILI_2,1.1001100110011e+17,1.0,-55.2478,-55.4099,-44.9375,-223.423,-221.446,-243.242,-347.049,4587.11,3567.58,3575.06,-33.2852,-32.905,-101.664,-103.098,-58.8693,-84.434,39.9236,-45.6613,6.7225,4.55479,3.65364,-26.7216,-80.0044,42.005,-45.0,-373.697,7.041,4.17133,3.3014,2.0,LLLTFLLGVLLGLLLAILILI,1.28002384172293,0.0616719121311751,G,99999900.0
TFLLGVLLGLLLAIL,WT,LLLTFLLGVLLILLLAILILI,clash,LLLTFLLGVLLGLLLAILILI_0,1.1001100110011e+17,1.0,-54.638,-52.6278,-44.9375,-220.992,-221.555,-243.242,-347.049,4587.11,3572.31,3575.06,-31.2294,-26.6484,-102.648,-99.5149,-58.8693,-82.1737,38.229,-45.7467,6.62181,3.98697,3.0604,-26.7164,-80.0044,42.005,-45.0,-373.697,7.041,4.17133,3.3014,0.0,LLLTFLLGVLLGLLLAILILI,1.28002384172293,0.0616719121311751,G,99999900.0
YVLLGLLLGTLLAFL,WT,LLLYVLLGLLLITLLAFLILI,clash,LLLYVLLGLLLGTLLAFLILI_2,1.1001100110011e+17,1.0,-69.5975,-68.7155,-58.7144,-231.284,-230.618,-245.146,-341.104,4621.47,3677.06,3635.38,-34.9673,-4.70955,-75.1901,-46.4799,-37.2435,-77.778,52.3204,-41.8041,6.70689,5.22995,4.51475,-25.2288,-68.9875,54.3485,-39.7512,-366.558,6.8746,4.18517,3.5004,2.0,LLLYVLLGLLLGTLLAFLILI,0.390265093507657,0.143370622765693,G,99999900.0
YVLLGLLLGTLLAFL,WT,LLLYVLLGLLLITLLAFLILI,clash,LLLYVLLGLLLGTLLAFLILI_1,1.1001100110011e+17,1.0,-68.7155,-68.6921,-58.7144,-232.537,-230.877,-245.146,-341.104,4621.47,3681.46,3635.38,-34.8541,-24.3777,-74.7051,-65.9128,-37.2435,-77.3347,55.1894,-40.9682,6.85053,5.55079,4.87863,-25.9261,-68.9875,54.3485,-39.7512,-366.558,6.8746,4.18517,3.5004,1.0,LLLYVLLGLLLGTLLAFLILI,0.390265093507657,0.143370622765693,G,99999900.0
YVLLGLLLGTLLAFL,WT,LLLYVLLGLLLITLLAFLILI,clash,LLLYVLLGLLLGTLLAFLILI_0,1.1001100110011e+17,1.0,-68.6921,-67.3852,-58.7144,-230.758,-225.066,-245.146,-341.104,4621.47,3658.78,3635.38,-34.1172,-25.4537,-75.771,-74.1063,-37.2435,-73.1932,59.9757,-38.3779,6.86473,5.5757,4.97534,-25.7026,-68.9875,54.3485,-39.7512,-366.558,6.8746,4.18517,3.5004,0.0,LLLYVLLGLLLGTLLAFLILI,0.390265093507657,0.143370622765693,G,99999900.0
YGLLFLLLGVLLATL,WT,LLLYGLLFLLLGVLLITLILI,clash,LLLYGLLFLLLGVLLATLILI_1,1.1001100110011e+17,1.0,-63.4679,-63.8461,-58.8381,-233.222,-232.531,-245.733,-339.747,4670.87,3750.53,3667.42,-27.6423,29.1074,-70.6992,-14.2623,-35.1759,-74.0218,49.047,-38.3841,7.42122,4.22462,3.46033,-25.0839,-73.2508,43.1479,-42.798,-364.538,7.4823,3.31258,2.4598,1.0,LLLYGLLFLLLGVLLATLILI,0.473655619388785,0.0243676152245056,G,99999900.0
YGLLFLLLGVLLATL,WT,LLLYGLLFLLLGVLLITLILI,clash,LLLYGLLFLLLGVLLATLILI_2,1.1001100110011e+17,1.0,-64.8987,-63.4679,-58.8381,-229.542,-232.868,-245.733,-339.747,4670.87,3709.86,3667.42,-27.2202,744.976,-72.5268,701.564,-35.1759,-71.612,47.3889,-38.6981,7.32301,3.63929,2.85012,-23.7453,-73.2508,43.1479,-42.798,-364.538,7.4823,3.31258,2.4598,2.0,LLLYGLLFLLLGVLLATLILI,0.473655619388785,0.0243676152245056,G,99999900.0
YGLLFLLLGVLLATL,WT,LLLYGLLFLLLGVLLITLILI,clash,LLLYGLLFLLLGVLLATLILI_0,1.1001100110011e+17,1.0,-63.8461,-64.0773,-58.8381,-232.463,-230.503,-245.733,-339.747,4670.87,3737.79,3667.42,-25.0579,-24.791,-68.496,-69.9573,-35.1759,-71.0321,50.1096,-39.3023,7.47029,3.91962,3.17127,-24.4649,-73.2508,43.1479,-42.798,-364.538,7.4823,3.31258,2.4598,0.0,LLLYGLLFLLLGVLLATLILI,0.473655619388785,0.0243676152245056,G,99999900.0
YFLLAVLLGLLLGTL,WT,LLLYFLLIVLLGLLLGTLILI,clash,LLLYFLLAVLLGLLLGTLILI_0,1.1001100110011e+17,1.0,-62.4705,-60.3616,-58.7556,-230.136,-227.336,-244.883,-337.368,4699.11,3567.92,3581.88,-29.4048,-23.8917,-74.1664,-73.5613,-33.7288,-73.0152,36.8474,-41.5935,6.86622,2.42668,1.47939,-22.3846,-71.1719,34.5088,-41.0473,-361.259,6.9662,1.83447,0.852102,0.0,LLLYFLLAVLLGLLLGTLILI,0.355201218388072,0.0646106823000925,G,99999900.0
YFLLAVLLGLLLGTL,WT,LLLYFLLIVLLGLLLGTLILI,clash,LLLYFLLAVLLGLLLGTLILI_2,1.1001100110011e+17,1.0,-62.6236,-62.4848,-58.7556,-229.478,-229.076,-244.883,-337.368,4699.11,3662.45,3581.88,-28.6288,-28.2837,-73.8944,-74.0902,-33.7288,-72.9028,36.2837,-41.7276,6.8618,2.33372,1.37798,-23.3841,-71.1719,34.5088,-41.0473,-361.259,6.9662,1.83447,0.852102,2.0,LLLYFLLAVLLGLLLGTLILI,0.355201218388072,0.0646106823000925,G,99999900.0
YFLLAVLLGLLLGTL,WT,LLLYFLLIVLLGLLLGTLILI,clash,LLLYFLLAVLLGLLLGTLILI_1,1.1001100110011e+17,1.0,-62.4848,-62.4705,-58.7556,-229.264,-229.973,-244.883,-337.368,4699.11,3552.92,3581.88,-28.5434,-29.2372,-74.1618,-74.1611,-33.7288,-72.5548,36.0143,-41.6633,6.86853,2.24514,1.28535,-24.5347,-71.1719,34.5088,-41.0473,-361.259,6.9662,1.83447,0.852102,1.0,LLLYFLLAVLLGLLLGTLILI,0.355201218388072,0.0646106823000925,G,99999900.0
YLLLGALLGALLTFL,WT,LLLYLLLGALLIALLTFLILI,clash,LLLYLLLGALLGALLTFLILI_0,1.1001100110011e+17,1.0,-66.9161,-66.9258,-58.7574,-224.871,-218.148,-242.063,-337.181,4598.7,3792.53,3670.42,-34.3203,-24.1876,-79.7139,-76.2947,-36.3602,-66.7136,73.9978,-42.2511,6.41222,6.49675,6.10672,-24.0426,-68.1028,64.3439,-40.6526,-361.368,6.5,5.40184,4.867,0.0,LLLYLLLGALLGALLTFLILI,1.16660420051925,0.107684986330345,G,99999900.0
YLLLGALLGALLTFL,WT,LLLYLLLGALLIALLTFLILI,clash,LLLYLLLGALLGALLTFLILI_2,1.1001100110011e+17,1.0,-68.0108,-67.8591,-58.7574,-218.936,-219.072,-242.063,-337.181,4598.7,3793.34,3670.42,-29.534,-27.6154,-79.7679,-77.8647,-36.3602,-73.9592,59.0007,-41.8971,6.42571,5.55898,4.94399,-24.0774,-68.1028,64.3439,-40.6526,-361.368,6.5,5.40184,4.867,2.0,LLLYLLLGALLGALLTFLILI,1.16660420051925,0.107684986330345,G,99999900.0
YLLLGALLGALLTFL,WT,LLLYLLLGALLIALLTFLILI,clash,LLLYLLLGALLGALLTFLILI_1,1.1001100110011e+17,1.0,-67.8591,-66.9161,-58.7574,-218.475,-225.34,-242.063,-337.181,4598.7,3793.11,3670.42,-29.4913,-32.6534,-80.338,-77.5777,-36.3602,-73.7538,58.2656,-42.8801,6.39194,5.42893,4.80291,-23.8781,-68.1028,64.3439,-40.6526,-361.368,6.5,5.40184,4.867,1.0,LLLYLLLGALLGALLTFLILI,1.16660420051925,0.107684986330345,G,99999900.0
YFLLATLLGLLLGVL,WT,LLLYFLLATLLILLLGVLILI,clash,LLLYFLLATLLGLLLGVLILI_0,1.1001100110011e+17,1.0,-56.611,-60.2792,-58.7388,-233.424,-228.843,-245.524,-338.28,4700.58,3596.57,3545.15,-35.1245,-23.6767,-83.3692,-72.8346,-34.017,-73.4706,41.2727,-40.7903,6.80468,3.09241,2.2115,-21.3632,-71.1719,34.5088,-41.0473,-361.956,6.9662,1.83447,0.852102,0.0,LLLYFLLATLLGLLLGVLILI,0.429503633303644,0.0405118495796732,G,99999900.0
YFLLATLLGLLLGVL,WT,LLLYFLLATLLILLLGVLILI,clash,LLLYFLLATLLGLLLGVLILI_2,1.1001100110011e+17,1.0,-56.7702,-63.769,-58.7388,-232.403,-232.292,-245.524,-338.28,4700.58,3544.0,3545.15,-34.3435,-20.8605,-83.4504,-63.0789,-34.017,-73.4038,40.2032,-40.2265,6.7861,2.938,2.04105,-21.9153,-71.1719,34.5088,-41.0473,-361.956,6.9662,1.83447,0.852102,2.0,LLLYFLLATLLGLLLGVLILI,0.429503633303644,0.0405118495796732,G,99999900.0
YFLLATLLGLLLGVL,WT,LLLYFLLATLLILLLGVLILI,clash,LLLYFLLATLLGLLLGVLILI_1,1.1001100110011e+17,1.0,-56.785,-63.5999,-58.7388,-232.59,-233.036,-245.524,-338.28,4700.58,3598.59,3545.15,-34.1983,-22.1848,-83.1032,-63.8284,-34.017,-73.0327,40.2321,-40.9305,6.80054,2.88624,1.98972,-23.4119,-71.1719,34.5088,-41.0473,-361.956,6.9662,1.83447,0.852102,1.0,LLLYFLLATLLGLLLGVLILI,0.429503633303644,0.0405118495796732,G,99999900.0
YVLLGLLLGFLLSTL,WT,LLLYVLLILLLGFLLSTLILI,clash,LLLYVLLGLLLGFLLSTLILI_0,1.1001100110011e+17,1.0,-86.4739,-74.0812,-74.0812,-242.653,-235.245,-247.155,-355.479,4610.22,3646.56,3688.67,-52.2115,-24.2769,-78.5637,-70.4301,-34.2426,-88.1964,44.0461,-45.6889,6.65429,5.67568,4.83637,-24.2345,-92.7718,28.0376,-44.4465,-379.756,7.5,4.20084,3.1214,0.0,LLLYVLLGLLLGFLLSTLILI,1.08598453807853,0.0154232562675144,G,99999900.0
YVLLGLLLGFLLSTL,WT,LLLYVLLILLLGFLLSTLILI,clash,LLLYVLLGLLLGFLLSTLILI_2,1.1001100110011e+17,1.0,-83.6666,-74.0812,-74.0812,-239.227,-241.035,-247.155,-355.479,4610.22,3671.06,3688.67,-47.3712,-21.0527,-79.9565,-61.4159,-34.2426,-90.1326,37.2503,-45.011,6.79507,5.04869,4.10744,-23.2927,-92.7718,28.0376,-44.4465,-379.756,7.5,4.20084,3.1214,2.0,LLLYVLLGLLLGFLLSTLILI,1.08598453807853,0.0154232562675144,G,99999900.0
YVLLGLLLGFLLSTL,WT,LLLYVLLILLLGFLLSTLILI,clash,LLLYVLLGLLLGFLLSTLILI_1,1.1001100110011e+17,1.0,-74.0812,-83.7697,-74.0812,-241.332,-240.429,-247.155,-355.479,4610.22,3799.13,3688.67,-29.0471,127.517,-69.113,96.2364,-34.2426,-101.744,25.4323,-43.2988,7.39181,5.19494,4.07642,-24.2337,-92.7718,28.0376,-44.4465,-379.756,7.5,4.20084,3.1214,1.0,LLLYVLLGLLLGFLLSTLILI,1.08598453807853,0.0154232562675144,G,99999900.0
AYLLGVLLGLLLAFL,WT,LLLAYLLGVLLILLLAFLILI,clash,LLLAYLLGVLLGLLLAFLILI_1,1.1001100110011e+17,1.0,-56.53,-58.5939,-44.9245,-223.075,-217.561,-240.721,-332.295,4558.34,3583.78,3568.79,-35.5533,-23.7324,-88.2437,-79.8732,-46.65,-98.9406,51.6759,-33.7392,6.87798,8.31734,7.59247,-23.9546,-91.43,48.2927,-36.5962,-357.322,7.0472,6.73401,5.9584,1.0,LLLAYLLGVLLGLLLAFLILI,1.16969425137373,0.0595284390847807,G,99999900.0
AYLLGVLLGLLLAFL,WT,LLLAYLLGVLLILLLAFLILI,clash,LLLAYLLGVLLGLLLAFLILI_2,1.1001100110011e+17,1.0,-56.6013,-56.8622,-44.9245,-218.716,-224.221,-240.721,-332.295,4558.34,3651.02,3568.79,-28.7027,-11.2297,-85.6806,-62.4422,-46.65,-94.0206,47.2724,-38.3099,6.6978,6.98487,6.19396,-25.1154,-91.43,48.2927,-36.5962,-357.322,7.0472,6.73401,5.9584,2.0,LLLAYLLGVLLGLLLAFLILI,1.16969425137373,0.0595284390847807,G,99999900.0
AYLLGVLLGLLLAFL,WT,LLLAYLLGVLLILLLAFLILI,clash,LLLAYLLGVLLGLLLAFLILI_0,1.1001100110011e+17,1.0,-58.4521,-55.1249,-44.9245,-217.444,-217.131,-240.721,-332.295,4558.34,3658.16,3568.79,-27.3806,-25.0264,-83.7802,-85.066,-46.65,-91.3459,49.5158,-36.8405,6.8411,6.88652,6.12926,-17.2301,-91.43,48.2927,-36.5962,-357.322,7.0472,6.73401,5.9584,0.0,LLLAYLLGVLLGLLLAFLILI,1.16969425137373,0.0595284390847807,G,99999900.0
AYLLGVLLGLLLSFL,WT,LLLAYLLGVLLILLLSFLILI,clash,LLLAYLLGVLLGLLLSFLILI_2,1.1001100110011e+17,1.0,-74.7891,-71.8153,-60.3304,-219.048,-218.96,-242.921,-347.722,4552.46,3657.66,3601.13,-30.8562,-27.4364,-84.7418,-84.383,-44.471,-85.759,42.1839,-47.045,6.83581,5.05868,4.19144,-20.8804,-85.0833,46.26,-43.2731,-372.15,7.339,5.5076,4.7015,2.0,LLLAYLLGVLLGLLLSFLILI,1.06442131041795,0.0649598557922622,G,99999900.0
AYLLGVLLGLLLSFL,WT,LLLAYLLGVLLILLLSFLILI,clash,LLLAYLLGVLLGLLLSFLILI_1,1.1001100110011e+17,1.0,-74.7837,-73.0326,-60.3304,-217.613,-219.689,-242.921,-347.722,4552.46,3664.6,3601.13,-30.6704,-27.0711,-85.9963,-82.0713,-44.471,-84.5497,43.959,-45.6906,6.92085,5.11693,4.27631,-22.1669,-85.0833,46.26,-43.2731,-372.15,7.339,5.5076,4.7015,1.0,LLLAYLLGVLLGLLLSFLILI,1.06442131041795,0.0649598557922622,G,99999900.0
AYLLGVLLGLLLSFL,WT,LLLAYLLGVLLILLLSFLILI,clash,LLLAYLLGVLLGLLLSFLILI_0,1.1001100110011e+17,1.0,-72.4391,-70.0116,-60.3304,-219.865,-219.998,-242.921,-347.722,4552.46,3706.31,3601.13,-26.8302,-24.4279,-82.2488,-82.1406,-44.471,-87.6284,45.2251,-41.0091,7.08112,5.74965,4.92803,-19.4484,-85.0833,46.26,-43.2731,-372.15,7.339,5.5076,4.7015,0.0,LLLAYLLGVLLGLLLSFLILI,1.06442131041795,0.0649598557922622,G,99999900.0
VALLALLLGTLLSFL,WT,LLLVALLALLLITLLSFLILI,clash,LLLVALLALLLGTLLSFLILI_0,1.1001100110011e+17,1.0,-74.0371,-74.0769,-74.0748,-225.467,-222.325,-237.392,-363.757,4533.23,3638.66,3589.65,-27.0071,-22.8188,-91.2598,-90.1735,-52.2907,-65.1475,61.5042,-37.6164,6.60817,4.57519,3.99776,-22.7339,-68.1464,52.7276,-38.529,-386.576,6.6534,3.84019,3.1311,0.0,LLLVALLALLLGTLLSFLILI,0.360415733284963,0.044908441814165,G,99999900.0
VALLALLLGTLLSFL,WT,LLLVALLALLLITLLSFLILI,clash,LLLVALLALLLGTLLSFLILI_2,1.1001100110011e+17,1.0,-73.7283,-71.6416,-74.0748,-225.356,-224.858,-237.392,-363.757,4533.23,3615.89,3589.65,-26.6763,-18.6704,-91.3489,-85.9282,-52.2907,-70.9423,55.2603,-37.1391,6.60093,4.60148,3.93038,-22.4649,-68.1464,52.7276,-38.529,-386.576,6.6534,3.84019,3.1311,2.0,LLLVALLALLLGTLLSFLILI,0.360415733284963,0.044908441814165,G,99999900.0
VALLALLLGTLLSFL,WT,LLLVALLALLLITLLSFLILI,clash,LLLVALLALLLGTLLSFLILI_1,1.1001100110011e+17,1.0,-75.8208,-74.0371,-74.0748,-226.475,-225.467,-237.392,-363.757,4533.23,3737.19,3589.65,-24.5275,-27.0071,-85.9893,-91.2598,-52.2907,-69.8982,54.3729,-40.7866,6.80955,4.32507,3.64066,-22.3656,-68.1464,52.7276,-38.529,-386.576,6.6534,3.84019,3.1311,1.0,LLLVALLALLLGTLLSFLILI,0.360415733284963,0.044908441814165,G,99999900.0
LVLLTTLLGGLLFAL,WT,LLLLVLLTTLLGGLLFILILI,clash,LLLLVLLTTLLGGLLFALILI_1,1.1001100110011e+17,1.0,-76.8233,-75.9748,-72.5234,-221.318,-223.069,-236.744,-352.976,4545.39,3794.94,3648.94,-25.3189,-25.199,-80.154,-79.1315,-43.709,-43.0583,70.3275,-46.1708,6.88295,2.45296,2.00788,-17.0205,-38.0441,72.2659,-45.0,-372.722,7.1084,1.96251,1.5465,1.0,LLLLVLLTTLLGGLLFALILI,0.364228670176049,0.0413079176473967,G,99999900.0
LVLLTTLLGGLLFAL,WT,LLLLVLLTTLLGGLLFILILI,clash,LLLLVLLTTLLGGLLFALILI_0,1.1001100110011e+17,1.0,-75.9748,-75.6014,-72.5234,-223.046,-218.472,-236.744,-352.976,4545.39,3823.34,3648.94,-25.2059,-19.7455,-79.1614,-78.6485,-43.709,-35.9754,80.157,-45.708,7.04221,2.7175,2.41986,-19.0524,-38.0441,72.2659,-45.0,-372.722,7.1084,1.96251,1.5465,0.0,LLLLVLLTTLLGGLLFALILI,0.364228670176049,0.0413079176473967,G,99999900.0
LVLLTTLLGGLLFAL,WT,LLLLVLLTTLLGGLLFILILI,clash,LLLLVLLTTLLGGLLFALILI_2,1.1001100110011e+17,1.0,-72.5234,-76.8233,-72.5234,-223.112,-221.347,-236.744,-352.976,4545.39,3808.36,3648.94,-18.6195,-25.3173,-75.9608,-80.1231,-43.709,-39.8582,76.4727,-46.0327,7.34613,2.80253,2.44962,-19.713,-38.0441,72.2659,-45.0,-372.722,7.1084,1.96251,1.5465,2.0,LLLLVLLTTLLGGLLFALILI,0.364228670176049,0.0413079176473967,G,99999900.0
YVLLALLLGTLLGFL,WT,LLLYVLLALLLITLLGFLILI,clash,LLLYVLLALLLGTLLGFLILI_0,1.1001100110011e+17,1.0,-59.8141,-59.711,-58.7232,-232.845,-228.053,-245.129,-340.67,4630.28,3645.86,3602.07,-27.2545,-20.9266,-75.2653,-73.8332,-36.8178,-67.9928,46.4551,-38.4074,6.88534,2.97037,2.1672,-20.5644,-71.1719,34.5088,-41.0473,-361.597,6.9662,1.83447,0.852102,0.0,LLLYVLLALLLGTLLGFLILI,0.260335311109429,0.0185920322714526,G,99999900.0
YVLLALLLGTLLGFL,WT,LLLYVLLALLLITLLGFLILI,clash,LLLYVLLALLLGTLLGFLILI_2,1.1001100110011e+17,1.0,-62.4606,-60.2669,-58.7232,-230.662,-229.067,-245.129,-340.67,4630.28,3637.2,3602.07,-26.2646,-23.2354,-73.8126,-74.5714,-36.8178,-72.8329,37.0938,-41.7462,6.74412,2.4326,1.48901,-21.0387,-71.1719,34.5088,-41.0473,-361.597,6.9662,1.83447,0.852102,2.0,LLLYVLLALLLGTLLGFLILI,0.260335311109429,0.0185920322714526,G,99999900.0
YVLLALLLGTLLGFL,WT,LLLYVLLALLLITLLGFLILI,clash,LLLYVLLALLLGTLLGFLILI_1,1.1001100110011e+17,1.0,-60.2669,-59.8141,-58.7232,-229.127,-232.736,-245.129,-340.67,4630.28,3668.24,3602.07,-23.9242,-24.43,-75.2,-72.5504,-36.8178,-73.2181,34.2822,-40.5913,6.8576,2.11081,1.12504,-21.5266,-71.1719,34.5088,-41.0473,-361.597,6.9662,1.83447,0.852102,1.0,LLLYVLLALLLGTLLGFLILI,0.260335311109429,0.0185920322714526,G,99999900.0
GYLLALLLGVLLSTL,WT,LLLGYLLALLLIVLLSTLILI,clash,LLLGYLLALLLGVLLSTLILI_2,1.1001100110011e+17,1.0,-80.9199,-80.9032,-74.2086,-224.434,-223.933,-244.518,-369.048,4534.58,3642.86,3666.55,-22.7725,-19.0092,-86.4662,-83.2205,-50.3208,-73.7578,59.2278,-43.8044,7.27553,5.55942,4.94784,-21.7006,-72.8398,58.7702,-43.8998,-391.3,7.2749,5.35995,4.7415,2.0,LLLGYLLALLLGVLLSTLILI,1.39619650688585,0.63672981937169,G,99999900.0
GYLLALLLGVLLSTL,WT,LLLGYLLALLLIVLLSTLILI,clash,LLLGYLLALLLGVLLSTLILI_1,1.1001100110011e+17,1.0,-79.9374,-77.7913,-74.2086,-224.152,-225.187,-244.518,-369.048,4534.58,3674.34,3666.55,-22.1802,-13.3662,-87.1388,-79.4357,-50.3208,-72.4158,60.4491,-43.1789,7.30545,5.52299,4.92973,-21.4807,-72.8398,58.7702,-43.8998,-391.3,7.2749,5.35995,4.7415,1.0,LLLGYLLALLLGVLLSTLILI,1.39619650688585,0.63672981937169,G,99999900.0
GYLLALLLGVLLSTL,WT,LLLGYLLALLLIVLLSTLILI,clash,LLLGYLLALLLGVLLSTLILI_0,1.1001100110011e+17,1.0,-80.9651,-80.7806,-74.2086,-226.823,-223.946,-244.518,-369.048,4534.58,3762.26,3666.55,-17.9729,-22.2524,-79.2327,-86.5736,-50.3208,-72.1432,63.7039,-47.931,7.38968,5.9215,5.37706,-20.9282,-72.8398,58.7702,-43.8998,-391.3,7.2749,5.35995,4.7415,0.0,LLLGYLLALLLGVLLSTLILI,1.39619650688585,0.63672981937169,G,99999900.0
TALLVGLLGGLLFLL,WT,LLLTALLVILLGGLLFLLILI,clash,LLLTALLVGLLGGLLFLLILI_0,1.1001100110011e+17,1.0,-53.4197,-52.1578,-44.9383,-221.659,-220.442,-238.3,-336.348,4574.35,3827.11,3695.05,-24.5791,-21.724,-85.8484,-85.4723,-53.1098,-48.8715,63.288,-48.5633,6.45213,2.37461,1.82392,-21.402,-45.1876,67.311,-43.6659,-358.072,6.6072,2.36513,1.8748,0.0,LLLTALLVGLLGGLLFLLILI,0.369742703099404,0.0253634021703537,G,99999900.0
TALLVGLLGGLLFLL,WT,LLLTALLVILLGGLLFLLILI,clash,LLLTALLVGLLGGLLFLLILI_1,1.1001100110011e+17,1.0,-53.0084,-53.4197,-44.9383,-221.627,-221.487,-238.3,-336.348,4574.35,3834.61,3695.05,-23.1979,-23.8426,-84.9108,-85.2847,-53.1098,-48.0835,65.0592,-47.9372,6.48139,2.49551,1.9714,-20.8445,-45.1876,67.311,-43.6659,-358.072,6.6072,2.36513,1.8748,1.0,LLLTALLVGLLGGLLFLLILI,0.369742703099404,0.0253634021703537,G,99999900.0
TALLVGLLGGLLFLL,WT,LLLTALLVILLGGLLFLLILI,clash,LLLTALLVGLLGGLLFLLILI_2,1.1001100110011e+17,1.0,-51.2097,-53.0084,-44.9383,-219.941,-221.523,-238.3,-336.348,4574.35,3791.57,3695.05,-20.058,-23.5726,-85.256,-85.3898,-53.1098,-44.1591,67.6977,-43.5245,6.69747,2.26306,1.77853,-20.4222,-45.1876,67.311,-43.6659,-358.072,6.6072,2.36513,1.8748,2.0,LLLTALLVGLLGGLLFLLILI,0.369742703099404,0.0253634021703537,G,99999900.0
TVLLGLLLGFLLSAL,WT,LLLTVLLILLLGFLLSALILI,clash,LLLTVLLGLLLGFLLSALILI_2,1.1001100110011e+17,1.0,-68.4505,-59.2011,-60.2116,-220.891,-220.564,-239.134,-354.65,4506.17,3739.3,3625.34,-27.6655,-18.0657,-92.9747,-92.9513,-55.3045,-92.8798,36.9481,-50.0512,6.8624,5.41997,4.47419,-21.3505,-95.479,27.325,-44.2015,-375.7,7.2798,4.51072,3.42059,2.0,LLLTVLLGLLLGFLLSALILI,0.784621140617057,0.052947849554401,G,99999900.0
TVLLGLLLGFLLSAL,WT,LLLTVLLILLLGFLLSALILI,clash,LLLTVLLGLLLGFLLSALILI_1,1.1001100110011e+17,1.0,-61.5176,-65.2275,-60.2116,-219.366,-216.575,-239.134,-354.65,4506.17,3766.73,3625.34,-23.65,-21.9195,-97.4161,-94.767,-55.3045,-95.553,32.2569,-46.7264,7.26391,5.18764,4.17149,-20.6835,-95.479,27.325,-44.2015,-375.7,7.2798,4.51072,3.42059,1.0,LLLTVLLGLLLGFLLSALILI,0.784621140617057,0.052947849554401,G,99999900.0
TVLLGLLLGFLLSAL,WT,LLLTVLLILLLGFLLSALILI,clash,LLLTVLLGLLLGFLLSALILI_0,1.1001100110011e+17,1.0,-66.5319,-63.4797,-60.2116,-216.569,-217.174,-239.134,-354.65,4506.17,3692.85,3625.34,-22.4852,-21.0496,-94.0347,-95.046,-55.3045,-96.6762,24.6109,-44.8404,7.08255,4.32391,3.19307,-21.0275,-95.479,27.325,-44.2015,-375.7,7.2798,4.51072,3.42059,0.0,LLLTVLLGLLLGFLLSALILI,0.784621140617057,0.052947849554401,G,99999900.0
FGLLATLLGVLLSLL,WT,LLLFGLLATLLIVLLSLLILI,clash,LLLFGLLATLLGVLLSLLILI_0,1.1001100110011e+17,1.0,-71.0782,-65.8862,-74.1264,-230.58,-222.614,-235.085,-357.212,4553.55,3680.07,3728.36,-31.1229,-20.4364,-86.6768,-89.1478,-47.9997,-67.7405,62.2765,-42.4509,7.53575,5.06839,4.50254,-20.1112,-73.2508,43.1479,-42.798,-377.648,7.4823,3.31258,2.4598,0.0,LLLFGLLATLLGVLLSLLILI,0.497558679062277,0.0397314455676491,G,99999900.0
FGLLATLLGVLLSLL,WT,LLLFGLLATLLIVLLSLLILI,clash,LLLFGLLATLLGVLLSLLILI_1,1.1001100110011e+17,1.0,-68.6237,-63.6995,-74.1264,-229.194,-230.831,-235.085,-357.212,4553.55,3670.22,3728.36,-27.3812,-26.4399,-86.7756,-89.1209,-47.9997,-74.6904,51.5506,-40.4024,7.63059,4.66289,3.93615,-20.2887,-73.2508,43.1479,-42.798,-377.648,7.4823,3.31258,2.4598,1.0,LLLFGLLATLLGVLLSLLILI,0.497558679062277,0.0397314455676491,G,99999900.0
FGLLATLLGVLLSLL,WT,LLLFGLLATLLIVLLSLLILI,clash,LLLFGLLATLLGVLLSLLILI_2,1.1001100110011e+17,1.0,-65.3136,-60.3769,-74.1264,-226.315,-228.41,-235.085,-357.212,4553.55,3604.66,3728.36,-23.6977,-20.8061,-89.2805,-89.2312,-47.9997,-74.2253,47.9379,-39.1601,7.45696,4.10541,3.32448,-20.1749,-73.2508,43.1479,-42.798,-377.648,7.4823,3.31258,2.4598,2.0,LLLFGLLATLLGVLLSLLILI,0.497558679062277,0.0397314455676491,G,99999900.0
YGLLFALLGILLTLL,WT,LLLYGLLFALLGILLILLILI,clash,LLLYGLLFALLGILLTLLILI_0,1.1001100110011e+17,1.0,-62.1536,-62.2616,-58.7811,-229.807,-224.042,-247.16,-344.278,4647.51,3733.7,3686.52,-28.2666,-19.681,-80.5845,-77.6558,-38.3375,-68.732,65.7314,-36.4739,6.65498,5.68353,5.1695,-19.6463,-64.5043,61.457,-37.6682,-363.959,6.656,4.47234,3.89419,0.0,LLLYGLLFALLGILLTLLILI,0.353526589347498,0.0347456239341917,G,99999900.0
YGLLFALLGILLTLL,WT,LLLYGLLFALLGILLILLILI,clash,LLLYGLLFALLGILLTLLILI_1,1.1001100110011e+17,1.0,-61.4235,-62.1536,-58.7811,-228.314,-228.741,-247.16,-344.278,4647.51,3707.52,3686.52,-26.2824,-16.3378,-80.8234,-69.7215,-38.3375,-69.0846,63.9094,-35.8758,6.66346,5.49045,4.94909,-16.1937,-64.5043,61.457,-37.6682,-363.959,6.656,4.47234,3.89419,1.0,LLLYGLLFALLGILLTLLILI,0.353526589347498,0.0347456239341917,G,99999900.0
YGLLFALLGILLTLL,WT,LLLYGLLFALLGILLILLILI,clash,LLLYGLLFALLGILLTLLILI_2,1.1001100110011e+17,1.0,-62.2298,-61.4235,-58.7811,-226.437,-226.767,-247.16,-344.278,4647.51,3832.8,3686.52,-25.3059,52.4889,-80.917,-3.59922,-38.3375,-69.5559,57.7648,-40.4867,6.72653,4.73163,4.0981,-19.6925,-64.5043,61.457,-37.6682,-363.959,6.656,4.47234,3.89419,2.0,LLLYGLLFALLGILLTLLILI,0.353526589347498,0.0347456239341917,G,99999900.0
TVLLGALLGILLSLL,WT,LLLTVLLGALLIILLSLLILI,clash,LLLTVLLGALLGILLSLLILI_2,1.1001100110011e+17,1.0,-73.8375,-74.0442,-60.2863,-222.565,-222.716,-238.209,-370.03,4454.09,3659.24,3677.21,-28.1139,-25.5241,-101.741,-98.7939,-71.5339,-70.1584,67.8016,-43.3554,6.94017,6.17697,5.694,-20.3816,-63.7261,69.6712,-42.7158,-390.435,7.3752,5.46453,5.0096,2.0,LLLTVLLGALLGILLSLLILI,0.418535548487789,0.03541913558237,G,99999900.0
TVLLGALLGILLSLL,WT,LLLTVLLGALLIILLSLLILI,clash,LLLTVLLGALLGILLSLLILI_1,1.1001100110011e+17,1.0,-74.0442,-74.0897,-60.2863,-223.448,-220.874,-238.209,-370.03,4454.09,3691.68,3677.21,-27.9768,-20.2506,-100.514,-95.3162,-71.5339,-71.9696,64.8709,-46.1454,6.77389,6.053,5.52607,-20.3591,-63.7261,69.6712,-42.7158,-390.435,7.3752,5.46453,5.0096,1.0,LLLTVLLGALLGILLSLLILI,0.418535548487789,0.03541913558237,G,99999900.0
TVLLGALLGILLSLL,WT,LLLTVLLGALLIILLSLLILI,clash,LLLTVLLGALLGILLSLLILI_0,1.1001100110011e+17,1.0,-74.0897,-69.9041,-60.2863,-220.852,-220.167,-238.209,-370.03,4454.09,3703.59,3677.21,-26.4516,-20.4058,-101.54,-100.364,-71.5339,-68.4368,65.8883,-43.9201,6.9134,5.66044,5.14876,-20.5977,-63.7261,69.6712,-42.7158,-390.435,7.3752,5.46453,5.0096,0.0,LLLTVLLGALLGILLSLLILI,0.418535548487789,0.03541913558237,G,99999900.0
VTLLLGLLFGLLFAL,WT,LLLVTLLLGLLFILLFALILI,clash,LLLVTLLLGLLFGLLFALILI_0,1.1001100110011e+17,1.0,-50.1607,-49.5476,-44.9466,-223.434,-219.588,-238.801,-329.508,4604.05,3637.21,3558.24,-22.7865,-17.4787,-78.7002,-77.8516,-45.7606,-31.5201,83.7867,-39.75,7.02676,2.53921,2.29601,-17.3662,-33.3677,74.3197,-39.8132,-346.987,7.0315,1.53831,1.15311,0.0,LLLVTLLLGLLFGLLFALILI,0.882749844308429,0.138309551526463,G,99999900.0
VTLLLGLLFGLLFAL,WT,LLLVTLLLGLLFILLFALILI,clash,LLLVTLLLGLLFGLLFALILI_1,1.1001100110011e+17,1.0,-44.9466,-50.1607,-44.9466,-220.269,-223.58,-238.801,-329.508,4604.05,3787.86,3558.24,-15.3718,-22.373,-79.6646,-78.1407,-45.7606,-36.6059,73.0477,-44.8108,7.13275,1.85233,1.44804,-16.1242,-33.3677,74.3197,-39.8132,-346.987,7.0315,1.53831,1.15311,1.0,LLLVTLLLGLLFGLLFALILI,0.882749844308429,0.138309551526463,G,99999900.0
VTLLLGLLFGLLFAL,WT,LLLVTLLLGLLFILLFALILI,clash,LLLVTLLLGLLFGLLFALILI_2,1.1001100110011e+17,1.0,-44.9466,-49.5476,-44.9466,-221.507,-220.976,-238.801,-329.508,4604.05,3674.35,3558.24,-15.2886,-18.079,-78.3434,-77.0641,-45.7606,-36.1638,75.746,-46.1159,7.13701,2.15028,1.78647,-17.5772,-33.3677,74.3197,-39.8132,-346.987,7.0315,1.53831,1.15311,2.0,LLLVTLLLGLLFGLLFALILI,0.882749844308429,0.138309551526463,G,99999900.0
STLLGALLGLLLGFL,WT,LLLSTLLGALLGLLLIFLILI,clash,LLLSTLLGALLGLLLGFLILI_0,1.1001100110011e+17,1.0,-71.7335,-68.5954,-44.8671,-217.318,-216.517,-252.927,-350.948,4480.13,3553.89,3566.3,-29.2663,-20.1158,-91.1623,-85.9513,-53.1541,-66.4376,69.7948,-35.2262,6.40853,5.88795,5.43487,-21.2744,-68.8242,63.6738,-35.7825,-371.064,6.5843,5.41959,4.8747,0.0,LLLSTLLGALLGLLLGFLILI,0.89865755812648,0.0439988346217937,G,99999900.0
STLLGALLGLLLGFL,WT,LLLSTLLGALLGLLLIFLILI,clash,LLLSTLLGALLGLLLGFLILI_2,1.1001100110011e+17,1.0,-71.887,-67.4808,-44.8671,-217.12,-216.977,-252.927,-350.948,4480.13,3679.35,3566.3,-29.1283,-21.6753,-91.0689,-88.1657,-53.1541,-74.4757,60.0491,-35.2947,6.46179,5.77798,5.17872,-19.2629,-68.8242,63.6738,-35.7825,-371.064,6.5843,5.41959,4.8747,2.0,LLLSTLLGALLGLLLGFLILI,0.89865755812648,0.0439988346217937,G,99999900.0
STLLGALLGLLLGFL,WT,LLLSTLLGALLGLLLIFLILI,clash,LLLSTLLGALLGLLLGFLILI_1,1.1001100110011e+17,1.0,-71.4916,-65.7221,-44.8671,-217.053,-217.245,-252.927,-350.948,4480.13,3600.62,3566.3,-27.297,-19.5971,-89.7003,-87.5776,-53.1541,-71.9115,60.8339,-36.1041,6.4417,5.49931,4.91182,-16.3203,-68.8242,63.6738,-35.7825,-371.064,6.5843,5.41959,4.8747,1.0,LLLSTLLGALLGLLLGFLILI,0.89865755812648,0.0439988346217937,G,99999900.0
YVLLGILLGLLLAFL,WT,LLLYVLLIILLGLLLAFLILI,clash,LLLYVLLGILLGLLLAFLILI_2,1.1001100110011e+17,1.0,-54.8213,-54.9466,-44.9417,-229.061,-226.055,-245.998,-337.385,4606.66,3703.86,3642.59,-40.2822,-25.7201,-93.7847,-82.1034,-46.4454,-84.5518,44.6249,-44.5397,6.68901,5.20713,4.3765,-19.4716,-75.4208,48.7219,-40.9997,-357.024,7.4067,4.39057,3.6214,2.0,LLLYVLLGILLGLLLAFLILI,0.872194372487712,0.0662804051681737,G,99999900.0
YVLLGILLGLLLAFL,WT,LLLYVLLIILLGLLLAFLILI,clash,LLLYVLLGILLGLLLAFLILI_0,1.1001100110011e+17,1.0,-55.1654,-50.855,-44.9417,-230.293,-223.523,-245.998,-337.385,4606.66,3704.39,3642.59,-39.6318,-19.6394,-91.5585,-82.6463,-46.4454,-82.2473,48.7915,-44.3451,6.73069,5.42395,4.65582,-19.8508,-75.4208,48.7219,-40.9997,-357.024,7.4067,4.39057,3.6214,0.0,LLLYVLLGILLGLLLAFLILI,0.872194372487712,0.0662804051681737,G,99999900.0
YVLLGILLGLLLAFL,WT,LLLYVLLIILLGLLLAFLILI,clash,LLLYVLLGILLGLLLAFLILI_1,1.1001100110011e+17,1.0,-54.9466,-55.1654,-44.9417,-227.633,-228.615,-245.998,-337.385,4606.66,3684.99,3642.59,-38.514,-31.0848,-93.319,-84.6893,-46.4454,-82.5664,45.3046,-44.3083,6.71503,5.00108,4.18064,-19.2518,-75.4208,48.7219,-40.9997,-357.024,7.4067,4.39057,3.6214,1.0,LLLYVLLGILLGLLLAFLILI,0.872194372487712,0.0662804051681737,G,99999900.0
YALLALLLGTLLSFL,WT,LLLYALLALLLITLLSFLILI,clash,LLLYALLALLLGTLLSFLILI_0,1.1001100110011e+17,1.0,-74.1668,-74.0211,-74.0925,-232.841,-225.822,-246.272,-356.494,4634.81,3896.42,3676.76,-25.9788,-18.9588,-75.4644,-75.6098,-36.1297,-63.2106,79.0996,-38.353,7.20802,6.66003,6.34652,-18.7226,-66.9322,64.0684,-37.8112,-375.453,7.282,5.18907,4.6501,0.0,LLLYALLALLLGTLLSFLILI,0.299364187319849,0.043912060151772,G,99999900.0
YALLALLLGTLLSFL,WT,LLLYALLALLLITLLSFLILI,clash,LLLYALLALLLGTLLSFLILI_1,1.1001100110011e+17,1.0,-73.8026,-74.1668,-74.0925,-235.507,-232.636,-246.272,-356.494,4634.81,3839.69,3676.76,-24.7294,-25.8737,-71.9132,-75.5649,-36.1297,-71.7797,72.1646,-37.7,7.55181,7.00918,6.59165,-19.3986,-66.9322,64.0684,-37.8112,-375.453,7.282,5.18907,4.6501,1.0,LLLYALLALLLGTLLSFLILI,0.299364187319849,0.043912060151772,G,99999900.0
YALLALLLGTLLSFL,WT,LLLYALLALLLITLLSFLILI,clash,LLLYALLALLLGTLLSFLILI_2,1.1001100110011e+17,1.0,-76.8996,-67.0297,-74.0925,-226.231,-233.177,-246.272,-356.494,4634.81,3798.26,3676.76,-20.9804,-12.047,-74.3438,-68.334,-36.1297,-68.4727,62.4869,-37.1812,7.10181,5.20663,4.64393,-14.543,-66.9322,64.0684,-37.8112,-375.453,7.282,5.18907,4.6501,2.0,LLLYALLALLLGTLLSFLILI,0.299364187319849,0.043912060151772,G,99999900.0
AGLLFLLLGTLLSYL,WT,LLLAGLLFLLLGTLLIYLILI,clash,LLLAGLLFLLLGTLLSYLILI_0,1.1001100110011e+17,1.0,-78.4919,-75.1791,-74.1054,-225.202,-224.282,-241.571,-352.215,4582.51,3655.13,3608.75,-25.4222,-17.2779,-73.9431,-70.0317,-36.5381,-71.5582,55.9458,-36.2558,6.98874,4.78641,4.1256,-16.5443,-64.7067,61.3173,-36.5921,-369.492,7.395,4.48384,3.9036,0.0,LLLAGLLFLLLGTLLSYLILI,0.223412805699029,0.0332353568701029,G,99999900.0
AGLLFLLLGTLLSYL,WT,LLLAGLLFLLLGTLLIYLILI,clash,LLLAGLLFLLLGTLLSYLILI_1,1.1001100110011e+17,1.0,-73.8348,-78.5539,-74.1054,-224.371,-225.354,-241.571,-352.215,4582.51,3593.61,3608.75,-21.9146,-3.18509,-75.9236,-51.4919,-36.5381,-68.651,58.0875,-35.3831,7.17084,4.63947,4.01078,-17.6074,-64.7067,61.3173,-36.5921,-369.492,7.395,4.48384,3.9036,1.0,LLLAGLLFLLLGTLLSYLILI,0.223412805699029,0.0332353568701029,G,99999900.0
AGLLFLLLGTLLSYL,WT,LLLAGLLFLLLGTLLIYLILI,clash,LLLAGLLFLLLGTLLSYLILI_2,1.1001100110011e+17,1.0,-81.5582,-76.9566,-74.1054,-226.008,-224.575,-241.571,-352.215,4582.51,3768.93,3608.75,-21.5354,2.04033,-66.1839,-48.6423,-36.5381,-69.0899,57.591,-40.7979,7.34188,4.63828,4.00214,-17.3953,-64.7067,61.3173,-36.5921,-369.492,7.395,4.48384,3.9036,2.0,LLLAGLLFLLLGTLLSYLILI,0.223412805699029,0.0332353568701029,G,99999900.0
TVLLLGLLFGLLFAL,WT,LLLTVLLLGLLFILLFALILI,clash,LLLTVLLLGLLFGLLFALILI_1,1.1001100110011e+17,1.0,-44.9318,-44.9318,-44.9318,-225.568,-223.207,-241.416,-331.738,4581.23,3780.08,3587.08,-22.2553,-18.0324,-83.4927,-81.6312,-45.3894,-33.4521,72.8288,-42.6631,7.17856,1.3497,0.94213,-18.2896,-30.525,71.559,-44.3251,-350.036,7.1169,0.739215,0.3126,1.0,LLLTVLLLGLLFGLLFALILI,0.569123218919018,0.0593917338091938,G,99999900.0
TVLLLGLLFGLLFAL,WT,LLLTVLLLGLLFILLFALILI,clash,LLLTVLLLGLLFGLLFALILI_2,1.1001100110011e+17,1.0,-44.9318,-44.9318,-44.9318,-226.733,-225.015,-241.416,-331.738,4581.23,3805.33,3587.08,-20.8295,-10.1468,-80.9025,-71.9381,-45.3894,-34.7574,72.5131,-45.935,7.2898,1.50288,1.09057,-18.1434,-30.525,71.559,-44.3251,-350.036,7.1169,0.739215,0.3126,2.0,LLLTVLLLGLLFGLLFALILI,0.569123218919018,0.0593917338091938,G,99999900.0
TVLLLGLLFGLLFAL,WT,LLLTVLLLGLLFILLFALILI,clash,LLLTVLLLGLLFGLLFALILI_0,1.1001100110011e+17,1.0,-44.9318,-45.5292,-44.9318,-223.567,-223.427,-241.416,-331.738,4581.23,3746.88,3587.08,-19.2289,-18.298,-82.4673,-81.0798,-45.3894,-29.2679,72.967,-43.4514,7.19291,0.740723,0.335228,-18.159,-30.525,71.559,-44.3251,-350.036,7.1169,0.739215,0.3126,0.0,LLLTVLLLGLLFGLLFALILI,0.569123218919018,0.0593917338091938,G,99999900.0
TYLLAILLGLLLGFL,WT,LLLTYLLAILLGLLLIFLILI,clash,LLLTYLLAILLGLLLGFLILI_1,1.1001100110011e+17,1.0,-51.7281,-56.4467,-44.9626,-232.944,-227.76,-250.232,-344.234,4609.53,3792.54,3675.33,-24.4513,7.62003,-84.013,-52.4069,-49.0392,-65.3052,45.733,-45.6803,6.92873,2.46973,1.65572,-16.3287,-61.5471,48.1349,-42.0502,-363.19,7.2784,2.23028,1.4523,1.0,LLLTYLLAILLGLLLGFLILI,0.837060773378398,0.0629348924672576,G,99999900.0
TYLLAILLGLLLGFL,WT,LLLTYLLAILLGLLLIFLILI,clash,LLLTYLLAILLGLLLGFLILI_2,1.1001100110011e+17,1.0,-61.6527,-68.2415,-44.9626,-230.53,-228.2,-250.232,-344.234,4609.53,3802.09,3675.33,-20.0793,-24.0969,-72.1304,-71.8895,-49.0392,-61.3893,53.0797,-43.6742,7.82835,2.87415,2.17035,-17.4623,-61.5471,48.1349,-42.0502,-363.19,7.2784,2.23028,1.4523,2.0,LLLTYLLAILLGLLLGFLILI,0.837060773378398,0.0629348924672576,G,99999900.0
TYLLAILLGLLLGFL,WT,LLLTYLLAILLGLLLIFLILI,clash,LLLTYLLAILLGLLLGFLILI_0,1.1001100110011e+17,1.0,-61.1368,-65.1088,-44.9626,-228.905,-227.782,-250.232,-344.234,4609.53,3839.08,3675.33,-14.9739,-18.9559,-69.1662,-70.2986,-49.0392,-60.4974,48.7791,-42.5112,8.09426,2.15979,1.39147,-17.4583,-61.5471,48.1349,-42.0502,-363.19,7.2784,2.23028,1.4523,0.0,LLLTYLLAILLGLLLGFLILI,0.837060773378398,0.0629348924672576,G,99999900.0
TYLLAVLLGLLLAFL,WT,LLLTYLLAVLLILLLAFLILI,clash,LLLTYLLAVLLGLLLAFLILI_2,1.1001100110011e+17,1.0,-54.5364,-53.5416,-44.9868,-230.074,-230.805,-249.641,-344.551,4610.77,3768.62,3650.13,-22.5308,-12.9312,-82.4713,-73.1353,-49.9228,-71.4285,46.9146,-44.9365,6.94558,3.54774,2.75146,-13.7724,-71.1566,42.8294,-43.0573,-361.888,7.0278,2.95546,2.0979,2.0,LLLTYLLAVLLGLLLAFLILI,0.536161251687524,0.0310646990444531,G,99999900.0
TYLLAVLLGLLLAFL,WT,LLLTYLLAVLLILLLAFLILI,clash,LLLTYLLAVLLGLLLAFLILI_1,1.1001100110011e+17,1.0,-52.5031,-54.7387,-44.9868,-231.117,-227.774,-249.641,-344.551,4610.77,3737.77,3650.13,-21.2259,-12.0088,-82.1568,-74.0469,-49.9228,-74.5995,47.9884,-43.7858,7.08232,4.16836,3.38819,-11.7822,-71.1566,42.8294,-43.0573,-361.888,7.0278,2.95546,2.0979,1.0,LLLTYLLAVLLGLLLAFLILI,0.536161251687524,0.0310646990444531,G,99999900.0
TYLLAVLLGLLLAFL,WT,LLLTYLLAVLLILLLAFLILI,clash,LLLTYLLAVLLGLLLAFLILI_0,1.1001100110011e+17,1.0,-54.7903,-52.7731,-44.9868,-227.781,-227.448,-249.641,-344.551,4610.77,3734.44,3650.13,-21.2117,-17.3376,-83.191,-81.6676,-49.9228,-70.0712,44.96,-43.4079,6.80133,3.08028,2.25468,-18.3231,-71.1566,42.8294,-43.0573,-361.888,7.0278,2.95546,2.0979,0.0,LLLTYLLAVLLGLLLAFLILI,0.536161251687524,0.0310646990444531,G,99999900.0
ALLLGALLGTLLSFL,WT,LLLALLLIALLGTLLSFLILI,clash,LLLALLLGALLGTLLSFLILI_0,1.1001100110011e+17,1.0,-87.5111,-82.9814,-73.9598,-217.176,-213.266,-233.4,-356.946,4442.12,3739.07,3599.94,-32.4267,-17.3037,-84.6853,-78.0026,-49.5867,-86.3449,55.5528,-46.3318,6.18455,6.95136,6.28465,-15.1578,-74.197,65.2656,-42.419,-374.25,6.5325,6.44041,5.91939,0.0,LLLALLLGALLGTLLSFLILI,1.05802487251867,0.101851987037236,G,99999900.0
ALLLGALLGTLLSFL,WT,LLLALLLIALLGTLLSFLILI,clash,LLLALLLGALLGTLLSFLILI_1,1.1001100110011e+17,1.0,-83.8712,-86.7232,-73.9598,-211.766,-217.227,-233.4,-356.946,4442.12,3696.41,3599.94,-23.8117,-27.6641,-85.1203,-80.6602,-49.5867,-77.3161,58.3311,-44.4586,6.3145,5.97211,5.34708,-16.8031,-74.197,65.2656,-42.419,-374.25,6.5325,6.44041,5.91939,1.0,LLLALLLGALLGTLLSFLILI,1.05802487251867,0.101851987037236,G,99999900.0
ALLLGALLGTLLSFL,WT,LLLALLLIALLGTLLSFLILI,clash,LLLALLLGALLGTLLSFLILI_2,1.1001100110011e+17,1.0,-84.7497,-85.4367,-73.9598,-211.931,-212.218,-233.4,-356.946,4442.12,3647.67,3599.94,-21.2754,-21.1766,-81.5407,-80.4676,-49.5867,-75.099,61.1466,-44.7162,6.3864,6.01964,5.43684,-18.0096,-74.197,65.2656,-42.419,-374.25,6.5325,6.44041,5.91939,2.0,LLLALLLGALLGTLLSFLILI,1.05802487251867,0.101851987037236,G,99999900.0
AVLLTSLLGGLLFLL,WT,LLLAVLLTSLLGILLFLLILI,clash,LLLAVLLTSLLGGLLFLLILI_1,1.1001100110011e+17,1.0,-80.4875,-78.6747,-74.1107,-219.898,-217.743,-236.44,-357.908,4528.42,3773.85,3600.8,-21.1266,-19.846,-78.6489,-81.3367,-47.3571,-49.1399,65.1403,-42.4884,6.66545,2.66492,2.14203,-14.338,-42.5413,66.4514,-37.8047,-374.057,6.7945,1.85213,1.3489,1.0,LLLAVLLTSLLGGLLFLLILI,0.329295348492975,0.0175022265120364,G,99999900.0
AVLLTSLLGGLLFLL,WT,LLLAVLLTSLLGILLFLLILI,clash,LLLAVLLTSLLGGLLFLLILI_2,1.1001100110011e+17,1.0,-80.7423,-80.522,-74.1107,-218.077,-219.641,-236.44,-357.908,4528.42,3798.7,3600.8,-20.4706,-19.7637,-79.5588,-77.5087,-47.3571,-47.0384,64.513,-42.706,6.61553,2.26503,1.73272,-15.1887,-42.5413,66.4514,-37.8047,-374.057,6.7945,1.85213,1.3489,2.0,LLLAVLLTSLLGGLLFLLILI,0.329295348492975,0.0175022265120364,G,99999900.0
AVLLTSLLGGLLFLL,WT,LLLAVLLTSLLGILLFLLILI,clash,LLLAVLLTSLLGGLLFLLILI_0,1.1001100110011e+17,1.0,-78.7083,-78.6044,-74.1107,-217.578,-215.036,-236.44,-357.908,4528.42,3737.23,3600.8,-20.2488,-16.149,-81.8706,-80.4168,-47.3571,-40.4285,72.7707,-38.7037,6.7664,2.38831,1.97987,-14.7913,-42.5413,66.4514,-37.8047,-374.057,6.7945,1.85213,1.3489,0.0,LLLAVLLTSLLGGLLFLLILI,0.329295348492975,0.0175022265120364,G,99999900.0
YGLLFALLGTLLSLL,WT,LLLYGLLFALLGTLLSALILI,void,LLLYGLLFALLGTLLSLLILI_0,1.1001100110011e+17,1.0,-84.7943,-76.5236,-74.0094,-231.712,-223.825,-245.08,-351.817,4612.19,3858.2,3786.28,-29.5268,-16.1146,-64.8374,-67.5824,-32.727,-60.2611,76.5547,-41.2768,6.49335,5.87404,5.52236,-15.5061,-64.5043,61.457,-37.6682,-367.931,6.656,4.47234,3.89419,0.0,LLLYGLLFALLGTLLSLLILI,0.266883937465472,0.0276417819717089,G,99999900.0
YGLLFALLGTLLSLL,WT,LLLYGLLFALLGTLLSALILI,void,LLLYGLLFALLGTLLSLLILI_1,1.1001100110011e+17,1.0,-83.7992,-75.9504,-74.0094,-228.167,-230.618,-245.08,-351.817,4612.19,3880.8,3786.28,-25.2147,-18.3426,-65.0656,-63.5914,-32.727,-67.0682,64.2096,-39.4437,6.54937,5.22853,4.69167,-15.8275,-64.5043,61.457,-37.6682,-367.931,6.656,4.47234,3.89419,1.0,LLLYGLLFALLGTLLSLLILI,0.266883937465472,0.0276417819717089,G,99999900.0
YGLLFALLGTLLSLL,WT,LLLYGLLFALLGTLLSALILI,void,LLLYGLLFALLGTLLSLLILI_2,1.1001100110011e+17,1.0,-80.2781,-74.7499,-74.0094,-227.857,-227.073,-245.08,-351.817,4612.19,3928.47,3786.28,-23.9273,-13.7587,-67.6095,-63.7527,-32.727,-66.0683,63.242,-44.7196,6.54343,4.94792,4.39655,-16.1141,-64.5043,61.457,-37.6682,-367.931,6.656,4.47234,3.89419,2.0,LLLYGLLFALLGTLLSLLILI,0.266883937465472,0.0276417819717089,G,99999900.0
LTLLVALLAGLLFSL,WT,LLLLTLLVALLAILLFSLILI,clash,LLLLTLLVALLAGLLFSLILI_2,1.1001100110011e+17,1.0,-67.0364,-66.8381,-60.3111,-222.381,-221.893,-237.175,-353.622,4555.23,3728.0,3642.96,-20.3132,-16.3945,-84.5178,-81.285,-56.1356,-38.6849,77.9988,-39.6124,7.71916,2.83257,2.50255,-14.7329,-35.1672,74.1308,-38.712,-369.06,7.5,1.78274,1.3947,2.0,LLLLTLLVALLAGLLFSLILI,0.3809709141753,0.0337750346064911,G,99999900.0
LTLLVALLAGLLFSL,WT,LLLLTLLVALLAILLFSLILI,clash,LLLLTLLVALLAGLLFSLILI_1,1.1001100110011e+17,1.0,-66.8381,-65.8498,-60.3111,-221.88,-223.714,-237.175,-353.622,4555.23,3772.84,3642.96,-19.5932,-21.5479,-84.4972,-85.606,-56.1356,-38.0193,77.744,-39.6868,7.69746,2.69833,2.36449,-15.4459,-35.1672,74.1308,-38.712,-369.06,7.5,1.78274,1.3947,1.0,LLLLTLLVALLAGLLFSLILI,0.3809709141753,0.0337750346064911,G,99999900.0
LTLLVALLAGLLFSL,WT,LLLLTLLVALLAILLFSLILI,clash,LLLLTLLVALLAGLLFSLILI_0,1.1001100110011e+17,1.0,-60.3111,-65.8498,-60.3111,-223.534,-217.85,-237.175,-353.622,4555.23,3795.6,3642.96,-17.743,-15.4378,-87.52,-85.3596,-56.1356,-35.276,83.1561,-41.5834,7.55631,3.01748,2.76482,-14.7224,-35.1672,74.1308,-38.712,-369.06,7.5,1.78274,1.3947,0.0,LLLLTLLVALLAGLLFSLILI,0.3809709141753,0.0337750346064911,G,99999900.0
AALLTSLLGLLLGYL,WT,LLLAALLTSLLILLLGYLILI,clash,LLLAALLTSLLGLLLGYLILI_2,1.1001100110011e+17,1.0,-87.9727,-85.0278,-74.2143,-218.708,-216.802,-235.475,-359.888,4456.46,3693.49,3719.19,-22.8367,-9.72587,-76.044,-67.7838,-50.1987,-50.446,64.551,-42.1137,7.02179,2.78128,2.24955,-16.2033,-45.4737,68.435,-39.6413,-376.118,7.396,2.55978,2.0863,2.0,LLLAALLTSLLGLLLGYLILI,0.351348008510971,0.0387917339480662,G,99999900.0
AALLTSLLGLLLGYL,WT,LLLAALLTSLLILLLGYLILI,clash,LLLAALLTSLLGLLLGYLILI_0,1.1001100110011e+17,1.0,-83.8348,-85.3227,-74.2143,-218.824,-217.812,-235.475,-359.888,4456.46,3716.51,3719.19,-16.5015,-16.2298,-73.7304,-72.983,-50.1987,-45.4872,71.6571,-37.0378,7.51981,2.9968,2.57166,-15.7122,-45.4737,68.435,-39.6413,-376.118,7.396,2.55978,2.0863,0.0,LLLAALLTSLLGLLLGYLILI,0.351348008510971,0.0387917339480662,G,99999900.0
AALLTSLLGLLLGYL,WT,LLLAALLTSLLILLLGYLILI,clash,LLLAALLTSLLGLLLGYLILI_1,1.1001100110011e+17,1.0,-85.0278,-83.8348,-74.2143,-215.939,-218.88,-235.475,-359.888,4456.46,3749.78,3719.19,-13.7945,-15.3237,-72.7161,-72.4969,-50.1987,-42.8101,67.9303,-40.7792,7.56599,2.09211,1.61106,-16.2224,-45.4737,68.435,-39.6413,-376.118,7.396,2.55978,2.0863,1.0,LLLAALLTSLLGLLLGYLILI,0.351348008510971,0.0387917339480662,G,99999900.0
AALLALLLGVLLGTL,WT,LLLAALLAALLGVLLGTLILI,void,LLLAALLALLLGVLLGTLILI_2,1.1001100110011e+17,1.0,-60.097,-64.8164,-58.784,-217.852,-203.693,-230.145,-352.637,4429.73,3670.9,3549.21,-17.8014,-16.366,-92.4895,-100.494,-63.7085,-86.968,58.5683,-37.2364,7.61473,7.45192,6.83045,-15.8739,-78.0946,55.6007,-36.5199,-368.501,7.2728,5.72029,5.0543,2.0,LLLAALLALLLGVLLGTLILI,0.464107110245965,0.0263068220940036,G,99999900.0
AALLALLLGVLLGTL,WT,LLLAALLAALLGVLLGTLILI,void,LLLAALLALLLGVLLGTLILI_0,1.1001100110011e+17,1.0,-62.9662,-63.2326,-58.784,-211.792,-207.904,-230.145,-352.637,4429.73,3548.06,3549.21,-17.4657,-15.8635,-95.3449,-97.3647,-63.7085,-77.7698,60.7384,-38.0273,7.22548,6.36515,5.77623,-15.8659,-78.0946,55.6007,-36.5199,-368.501,7.2728,5.72029,5.0543,0.0,LLLAALLALLLGVLLGTLILI,0.464107110245965,0.0263068220940036,G,99999900.0
AALLALLLGVLLGTL,WT,LLLAALLAALLGVLLGTLILI,void,LLLAALLALLLGVLLGTLILI_1,1.1001100110011e+17,1.0,-64.8164,-62.9662,-58.784,-205.239,-211.394,-230.145,-352.637,4429.73,3479.42,3549.21,-16.7301,-17.9059,-99.3119,-96.1827,-63.7085,-75.1596,53.0695,-35.4923,7.16682,4.93832,4.23436,-16.0456,-78.0946,55.6007,-36.5199,-368.501,7.2728,5.72029,5.0543,1.0,LLLAALLALLLGVLLGTLILI,0.464107110245965,0.0263068220940036,G,99999900.0
AYLLAVLLGLLLGFL,WT,LLLAYLLAVLLILLLGFLILI,clash,LLLAYLLAVLLGLLLGFLILI_1,1.1001100110011e+17,1.0,-50.9929,-44.9566,-44.9566,-220.049,-222.145,-240.732,-331.848,4576.5,3595.12,3501.1,-20.2534,-8.69894,-81.0591,-73.4452,-46.1591,-73.7562,50.4479,-39.2689,7.2831,4.37389,3.63061,-16.5135,-76.6711,46.9516,-39.8118,-347.859,7.5,4.33913,3.5434,1.0,LLLAYLLAVLLGLLLGFLILI,0.757010171137097,0.0315574659870933,G,99999900.0
AYLLAVLLGLLLGFL,WT,LLLAYLLAVLLILLLGFLILI,clash,LLLAYLLAVLLGLLLGFLILI_2,1.1001100110011e+17,1.0,-48.8648,-51.9511,-44.9566,-216.5,-220.19,-240.732,-331.848,4576.5,3514.66,3501.1,-17.0989,-11.4895,-83.5825,-71.1965,-46.1591,-74.4049,45.0986,-36.2703,7.39525,3.74905,2.92553,-15.5063,-76.6711,46.9516,-39.8118,-347.859,7.5,4.33913,3.5434,2.0,LLLAYLLAVLLGLLLGFLILI,0.757010171137097,0.0315574659870933,G,99999900.0
AYLLAVLLGLLLGFL,WT,LLLAYLLAVLLILLLGFLILI,clash,LLLAYLLAVLLGLLLGFLILI_0,1.1001100110011e+17,1.0,-46.0213,-48.7647,-44.9566,-222.249,-220.76,-240.732,-331.848,4576.5,3559.89,3501.1,-14.8179,-16.0106,-78.3954,-78.3341,-46.1591,-75.9709,52.8472,-32.6482,7.79294,5.03001,4.32272,-15.3989,-76.6711,46.9516,-39.8118,-347.859,7.5,4.33913,3.5434,0.0,LLLAYLLAVLLGLLLGFLILI,0.757010171137097,0.0315574659870933,G,99999900.0
YVLLGTLLGFLLSLL,WT,LLLYVLLGTLLIFLLSLLILI,clash,LLLYVLLGTLLGFLLSLLILI_2,1.1001100110011e+17,1.0,-86.8644,-76.2624,-74.0677,-233.518,-224.379,-247.176,-355.231,4618.27,3591.9,3691.23,-48.2284,-14.6004,-83.077,-69.1903,-33.9872,-92.7515,45.1719,-44.2467,6.75076,6.51093,5.6885,-14.3626,-95.1525,31.2122,-44.0738,-369.832,7.3447,4.98652,3.9547,2.0,LLLYVLLGTLLGFLLSLLILI,1.03766250589461,0.162511045122375,G,99999900.0
YVLLGTLLGFLLSLL,WT,LLLYVLLGTLLIFLLSLLILI,clash,LLLYVLLGTLLGFLLSLLILI_0,1.1001100110011e+17,1.0,-82.8595,-76.2624,-74.0677,-234.216,-224.379,-247.176,-355.231,4618.27,3720.09,3691.23,-42.5776,-14.6004,-80.7337,-69.1903,-33.9872,-90.3528,47.4481,-48.7613,6.84483,6.45842,5.67014,-15.1068,-95.1525,31.2122,-44.0738,-369.832,7.3447,4.98652,3.9547,0.0,LLLYVLLGTLLGFLLSLLILI,1.03766250589461,0.162511045122375,G,99999900.0
YVLLGTLLGFLLSLL,WT,LLLYVLLGTLLIFLLSLLILI,clash,LLLYVLLGTLLGFLLSLLILI_1,1.1001100110011e+17,1.0,-76.2624,-82.7504,-74.0677,-224.379,-233.34,-247.176,-355.231,4618.27,3681.27,3691.23,-14.6004,-33.0323,-69.1903,-72.1734,-33.9872,-95.1525,31.2122,-44.0738,7.3447,4.98652,3.9547,-11.8913,-95.1525,31.2122,-44.0738,-369.832,7.3447,4.98652,3.9547,1.0,LLLYVLLGTLLGFLLSLLILI,1.03766250589461,0.162511045122375,G,99999900.0
LALLFALLGILLSTL,WT,LLLLALLFALLIILLSTLILI,clash,LLLLALLFALLGILLSTLILI_2,1.1001100110011e+17,1.0,-74.2567,-81.2034,-74.1402,-226.934,-221.29,-237.47,-364.52,4493.39,3774.92,3687.85,-18.6792,4.47894,-82.0089,-57.5481,-52.9094,-60.3935,69.4893,-40.9753,7.3407,4.94007,4.48241,-12.3501,-58.8131,62.5969,-39.1181,-377.45,7.175,3.77255,3.2115,2.0,LLLLALLFALLGILLSTLILI,0.328743453631278,0.0751505582075927,G,99999900.0
LALLFALLGILLSTL,WT,LLLLALLFALLIILLSTLILI,clash,LLLLALLFALLGILLSTLILI_1,1.1001100110011e+17,1.0,-81.2034,-75.4759,-74.1402,-221.586,-222.339,-237.47,-364.52,4493.39,3652.31,3687.85,-18.3612,-10.0745,-80.0917,-76.7791,-52.9094,-62.675,59.459,-40.1454,6.92628,3.92821,3.3201,-12.5767,-58.8131,62.5969,-39.1181,-377.45,7.175,3.77255,3.2115,1.0,LLLLALLFALLGILLSTLILI,0.328743453631278,0.0751505582075927,G,99999900.0
LALLFALLGILLSTL,WT,LLLLALLFALLIILLSTLILI,clash,LLLLALLFALLGILLSTLILI_0,1.1001100110011e+17,1.0,-74.2567,-76.5126,-74.1402,-223.25,-220.51,-237.47,-364.52,4493.39,3751.18,3687.85,-15.0399,-12.9304,-82.0527,-80.4276,-52.9094,-56.0558,67.8093,-42.1323,7.32579,4.06263,3.57977,-12.7853,-58.8131,62.5969,-39.1181,-377.45,7.175,3.77255,3.2115,0.0,LLLLALLFALLGILLSTLILI,0.328743453631278,0.0751505582075927,G,99999900.0
LVLLGALLGTLLSFL,WT,LLLLVLLGALLITLLSFLILI,clash,LLLLVLLGALLGTLLSFLILI_0,1.1001100110011e+17,1.0,-83.0368,-80.9268,-74.0199,-223.859,-214.367,-235.631,-357.897,4506.31,3834.13,3699.71,-24.9299,-12.7055,-75.9312,-75.309,-48.2463,-60.5523,83.5304,-40.9545,7.18981,6.85946,6.61241,-11.8629,-62.3587,69.782,-39.5227,-370.603,7.3379,5.27437,4.8211,0.0,LLLLVLLGALLGTLLSFLILI,0.517022272759697,0.0457843996169947,G,99999900.0
LVLLGALLGTLLSFL,WT,LLLLVLLGALLITLLSFLILI,clash,LLLLVLLGALLGTLLSFLILI_2,1.1001100110011e+17,1.0,-87.6297,-83.533,-74.0199,-215.574,-214.112,-235.631,-357.897,4506.31,3747.79,3699.71,-24.3137,-15.7069,-79.0074,-75.9595,-48.2463,-71.4234,64.4193,-41.307,6.66612,5.91012,5.37641,-12.0771,-62.3587,69.782,-39.5227,-370.603,7.3379,5.27437,4.8211,2.0,LLLLVLLGALLGTLLSFLILI,0.517022272759697,0.0457843996169947,G,99999900.0
LVLLGALLGTLLSFL,WT,LLLLVLLGALLITLLSFLILI,clash,LLLLVLLGALLGTLLSFLILI_1,1.1001100110011e+17,1.0,-83.533,-83.0368,-74.0199,-212.975,-223.288,-235.631,-357.897,4506.31,3780.92,3699.71,-16.546,-23.0803,-77.9349,-74.6532,-48.2463,-65.3944,66.418,-40.7653,7.13125,5.27559,4.77186,-13.2248,-62.3587,69.782,-39.5227,-370.603,7.3379,5.27437,4.8211,1.0,LLLLVLLGALLGTLLSFLILI,0.517022272759697,0.0457843996169947,G,99999900.0
TALLAGLLFLLLSVL,WT,LLLTALLIGLLFLLLSVLILI,clash,LLLTALLAGLLFLLLSVLILI_1,1.1001100110011e+17,1.0,-60.2509,-60.7795,-60.3184,-224.389,-223.403,-244.41,-361.483,4589.87,3669.78,3598.38,-13.0571,-10.8076,-89.9002,-88.1086,-56.755,-71.4599,71.1443,-43.3483,7.22564,6.82346,6.39062,-12.0823,-68.8165,69.6202,-43.3499,-373.591,7.0847,6.2212,5.7655,1.0,LLLTALLAGLLFLLLSVLILI,0.388983616552668,0.0203972911947861,G,99999900.0
TALLAGLLFLLLSVL,WT,LLLTALLIGLLFLLLSVLILI,clash,LLLTALLAGLLFLLLSVLILI_2,1.1001100110011e+17,1.0,-60.3212,-60.2509,-60.3184,-227.02,-223.985,-244.41,-361.483,4589.87,3710.02,3598.38,-11.694,-12.2359,-85.836,-89.4825,-56.755,-73.1616,75.203,-44.5055,7.52692,7.62663,7.25468,-11.8739,-68.8165,69.6202,-43.3499,-373.591,7.0847,6.2212,5.7655,2.0,LLLTALLAGLLFLLLSVLILI,0.388983616552668,0.0203972911947861,G,99999900.0
TALLAGLLFLLLSVL,WT,LLLTALLIGLLFLLLSVLILI,clash,LLLTALLAGLLFLLLSVLILI_0,1.1001100110011e+17,1.0,-60.7795,-61.0056,-60.3184,-223.599,-222.196,-244.41,-361.483,4589.87,3734.34,3598.38,-10.8347,-12.1082,-87.9388,-90.3893,-56.755,-69.5675,68.4252,-46.5329,7.10777,6.17253,5.69891,-12.1552,-68.8165,69.6202,-43.3499,-373.591,7.0847,6.2212,5.7655,0.0,LLLTALLAGLLFLLLSVLILI,0.388983616552668,0.0203972911947861,G,99999900.0
FALLASLLGILLTLL,WT,LLLFALLASLLGILLILLILI,clash,LLLFALLASLLGILLTLLILI_2,1.1001100110011e+17,1.0,-77.1749,-77.9528,-74.1364,-220.679,-217.49,-237.372,-364.881,4562.89,3642.58,3678.2,-26.3468,-4.50382,-93.3745,-73.9422,-53.3732,-70.3327,61.8423,-41.024,6.77693,5.39862,4.82625,-9.4575,-63.0433,66.4747,-39.1069,-376.887,7.1192,4.93058,4.4277,2.0,LLLFALLASLLGILLTLLILI,0.274310718614717,0.0260205826389193,G,99999900.0
FALLASLLGILLTLL,WT,LLLFALLASLLGILLILLILI,clash,LLLFALLASLLGILLTLLILI_1,1.1001100110011e+17,1.0,-77.9528,-75.7207,-74.1364,-218.947,-223.83,-237.372,-364.881,4562.89,3601.36,3678.2,-23.402,-22.5213,-91.3836,-87.8513,-53.3732,-67.8946,62.496,-39.5115,6.75587,5.12114,4.55858,-11.0793,-63.0433,66.4747,-39.1069,-376.887,7.1192,4.93058,4.4277,1.0,LLLFALLASLLGILLTLLILI,0.274310718614717,0.0260205826389193,G,99999900.0
FALLASLLGILLTLL,WT,LLLFALLASLLGILLILLILI,clash,LLLFALLASLLGILLTLLILI_0,1.1001100110011e+17,1.0,-75.7207,-73.2839,-74.1364,-223.854,-216.613,-237.372,-364.881,4562.89,3663.59,3678.2,-23.0013,-12.0053,-88.3075,-86.9898,-53.3732,-62.2722,77.4205,-39.2475,7.03699,6.2926,5.95391,-10.4979,-63.0433,66.4747,-39.1069,-376.887,7.1192,4.93058,4.4277,0.0,LLLFALLASLLGILLTLLILI,0.274310718614717,0.0260205826389193,G,99999900.0
AALLFSLLGLLLGTL,WT,LLLAALLFSLLGALLGTLILI,void,LLLAALLFSLLGLLLGTLILI_0,1.1001100110011e+17,1.0,-81.6033,-79.3024,-74.0983,-223.892,-213.762,-233.91,-354.98,4478.19,3694.36,3679.1,-26.9172,-11.2466,-76.4018,-73.1613,-46.9713,-51.9674,74.0913,-37.3657,6.64975,4.29744,3.90881,-11.0696,-43.753,64.4796,-35.9038,-366.226,6.884,1.7677,1.23489,0.0,LLLAALLFSLLGLLLGTLILI,0.370507015899345,0.0481516621852324,G,99999900.0
AALLFSLLGLLLGTL,WT,LLLAALLFSLLGALLGTLILI,void,LLLAALLFSLLGLLLGTLILI_1,1.1001100110011e+17,1.0,-82.2286,-81.6033,-74.0983,-218.092,-222.236,-233.91,-354.98,4478.19,3717.74,3679.1,-22.1059,-20.5376,-76.7645,-71.678,-46.9713,-50.6433,63.4093,-39.7477,6.65749,2.65674,2.10788,-9.92403,-43.753,64.4796,-35.9038,-366.226,6.884,1.7677,1.23489,1.0,LLLAALLFSLLGLLLGTLILI,0.370507015899345,0.0481516621852324,G,99999900.0
AALLFSLLGLLLGTL,WT,LLLAALLFSLLGALLGTLILI,void,LLLAALLFSLLGLLLGTLILI_2,1.1001100110011e+17,1.0,-80.8887,-82.2286,-74.0983,-219.064,-217.143,-233.91,-354.98,4478.19,3718.51,3679.1,-21.7885,-18.9222,-76.8158,-74.5302,-46.9713,-48.9321,68.0567,-36.9363,6.75144,3.02747,2.54832,-11.1468,-43.753,64.4796,-35.9038,-366.226,6.884,1.7677,1.23489,2.0,LLLAALLFSLLGLLLGTLILI,0.370507015899345,0.0481516621852324,G,99999900.0
YVLLFLLLGALLGTL,WT,LLLYVLLFALLGALLGTLILI,void,LLLYVLLFLLLGALLGTLILI_2,1.1001100110011e+17,1.0,-63.7157,-70.5456,-58.7437,-225.461,-219.991,-244.948,-340.981,4619.64,3910.04,3724.47,-25.0459,-10.2027,-76.8503,-60.6474,-37.2894,-50.5164,54.6065,-48.0498,6.43778,1.44933,0.768431,-6.37181,-41.6132,59.4908,-39.8529,-351.184,6.5091,0.773238,0.1656,2.0,LLLYVLLFLLLGALLGTLILI,0.250502091484044,0.0459597099296743,G,99999900.0
YVLLFLLLGALLGTL,WT,LLLYVLLFALLGALLGTLILI,void,LLLYVLLFLLLGALLGTLILI_0,1.1001100110011e+17,1.0,-70.1208,-70.5456,-58.7437,-225.904,-219.991,-244.948,-340.981,4619.64,3885.96,3724.47,-23.3039,-10.2027,-68.2596,-60.6474,-37.2894,-39.9837,67.8842,-43.0861,6.44435,1.66192,1.18019,-9.81189,-41.6132,59.4908,-39.8529,-351.184,6.5091,0.773238,0.1656,0.0,LLLYVLLFLLLGALLGTLILI,0.250502091484044,0.0459597099296743,G,99999900.0
YVLLFLLLGALLGTL,WT,LLLYVLLFALLGALLGTLILI,void,LLLYVLLFLLLGALLGTLILI_1,1.1001100110011e+17,1.0,-70.5456,-70.1208,-58.7437,-219.991,-226.008,-244.948,-340.981,4619.64,3865.02,3724.47,-10.2027,-22.4355,-60.6474,-67.2877,-37.2894,-41.6132,59.4908,-39.8529,6.5091,0.773238,0.1656,-3.00863,-41.6132,59.4908,-39.8529,-351.184,6.5091,0.773238,0.1656,1.0,LLLYVLLFLLLGALLGTLILI,0.250502091484044,0.0459597099296743,G,99999900.0
YVLLTLLLGGLLFAL,WT,LLLYVLLTLLLGGLLFILILI,clash,LLLYVLLTLLLGGLLFALILI_1,1.1001100110011e+17,1.0,-58.7757,-58.7757,-58.7757,-225.014,-220.036,-245.108,-339.069,4692.11,3901.05,3723.73,-13.7289,-0.412589,-69.008,-60.6699,-35.1854,-39.7429,71.7453,-35.3339,7.42748,2.14706,1.72323,-9.50044,-36.0293,69.0807,-35.6829,-348.726,7.2857,1.23029,0.766501,1.0,LLLYVLLTLLLGGLLFALILI,0.387755353998413,0.049609668986571,G,99999900.0
YVLLTLLLGGLLFAL,WT,LLLYVLLTLLLGGLLFILILI,clash,LLLYVLLTLLLGGLLFALILI_2,1.1001100110011e+17,1.0,-58.7757,-58.7757,-58.7757,-221.06,-225.504,-245.108,-339.069,4692.11,3840.41,3723.73,-9.6968,-12.294,-68.9298,-67.0832,-35.1854,-34.0336,71.4708,-34.1058,7.46345,1.25359,0.825649,-9.62352,-36.0293,69.0807,-35.6829,-348.726,7.2857,1.23029,0.766501,2.0,LLLYVLLTLLLGGLLFALILI,0.387755353998413,0.049609668986571,G,99999900.0
YVLLTLLLGGLLFAL,WT,LLLYVLLTLLLGGLLFILILI,clash,LLLYVLLTLLLGGLLFALILI_0,1.1001100110011e+17,1.0,-58.7757,-58.7757,-58.7757,-219.224,-221.007,-245.108,-339.069,4692.11,3983.27,3723.73,-4.08823,-9.65739,-65.1573,-68.9433,-35.1854,-40.1786,60.9591,-39.1386,7.89579,0.756277,0.170663,-9.97169,-36.0293,69.0807,-35.6829,-348.726,7.2857,1.23029,0.766501,0.0,LLLYVLLTLLLGGLLFALILI,0.387755353998413,0.049609668986571,G,99999900.0
YLLLGALLGVLLSTL,WT,LLLYLLLGALLIVLLSTLILI,clash,LLLYLLLGALLGVLLSTLILI_0,1.1001100110011e+17,1.0,-85.0683,-75.197,-74.1216,-218.574,-218.122,-241.69,-363.156,4543.33,3750.11,3730.98,-24.5391,-8.50714,-84.0526,-78.3436,-47.344,-78.3477,57.2338,-51.5901,6.2866,5.97871,5.33721,-8.28905,-68.8165,69.6202,-43.3499,-371.663,7.0847,6.2212,5.7655,0.0,LLLYLLLGALLGVLLSTLILI,0.890973455640562,0.157283010173166,G,99999900.0
YLLLGALLGVLLSTL,WT,LLLYLLLGALLIVLLSTLILI,clash,LLLYLLLGALLGVLLSTLILI_2,1.1001100110011e+17,1.0,-85.1785,-75.197,-74.1216,-218.049,-218.122,-241.69,-363.156,4543.33,3717.41,3730.98,-23.4669,-8.50714,-83.3949,-78.3436,-47.344,-78.7826,57.1887,-49.9134,6.28511,6.03787,5.3957,-8.50718,-68.8165,69.6202,-43.3499,-371.663,7.0847,6.2212,5.7655,2.0,LLLYLLLGALLGVLLSTLILI,0.890973455640562,0.157283010173166,G,99999900.0
YLLLGALLGVLLSTL,WT,LLLYLLLGALLIVLLSTLILI,clash,LLLYLLLGALLGVLLSTLILI_1,1.1001100110011e+17,1.0,-75.197,-85.0683,-74.1216,-218.122,-219.484,-241.69,-363.156,4543.33,3796.28,3730.98,-8.50714,-22.7778,-78.3436,-81.381,-47.344,-68.8165,69.6202,-43.3499,7.0847,6.2212,5.7655,-9.71873,-68.8165,69.6202,-43.3499,-371.663,7.0847,6.2212,5.7655,1.0,LLLYLLLGALLGVLLSTLILI,0.890973455640562,0.157283010173166,G,99999900.0
VLLLATLLGSLLGTL,WT,LLLVLLLATLLGSLLITLILI,clash,LLLVLLLATLLGSLLGTLILI_0,1.1001100110011e+17,1.0,-89.392,-87.858,-87.858,-218.615,-212.947,-233.349,-377.92,4426.61,3699.23,3598.42,-13.7028,-5.7956,-83.6164,-82.9113,-56.7138,-33.8066,81.4045,-42.1729,7.11028,2.56059,2.28166,-5.63475,-36.3206,72.3714,-40.8966,-383.716,7.2598,1.71823,1.3038,0.0,LLLVLLLATLLGSLLGTLILI,0.385261906006672,0.025763568631458,G,99999900.0
VLLLATLLGSLLGTL,WT,LLLVLLLATLLGSLLITLILI,clash,LLLVLLLATLLGSLLGTLILI_1,1.1001100110011e+17,1.0,-91.7018,-89.392,-87.858,-215.81,-217.959,-233.349,-377.92,4426.61,3742.71,3598.42,-11.8763,-12.3378,-82.285,-82.9072,-56.7138,-41.1566,68.676,-44.7209,6.90429,1.94474,1.47488,-5.63704,-36.3206,72.3714,-40.8966,-383.716,7.2598,1.71823,1.3038,1.0,LLLVLLLATLLGSLLGTLILI,0.385261906006672,0.025763568631458,G,99999900.0
VLLLATLLGSLLGTL,WT,LLLVLLLATLLGSLLITLILI,clash,LLLVLLLATLLGSLLGTLILI_2,1.1001100110011e+17,1.0,-90.0406,-91.7018,-87.858,-218.316,-214.935,-233.349,-377.92,4426.61,3760.6,3598.42,-11.8564,-10.5098,-81.4205,-81.7929,-56.7138,-41.0595,72.5488,-45.3757,7.06821,2.45302,2.04125,-6.59397,-36.3206,72.3714,-40.8966,-383.716,7.2598,1.71823,1.3038,2.0,LLLVLLLATLLGSLLGTLILI,0.385261906006672,0.025763568631458,G,99999900.0
TALLVGLLGLLLGFL,WT,LLLTALLVGLLILLLGFLILI,clash,LLLTALLVGLLGLLLGFLILI_1,1.1001100110011e+17,1.0,-52.3473,-50.8227,-44.921,-220.624,-221.028,-238.495,-337.874,4528.1,3902.95,3748.99,-18.6812,-8.89136,-83.5835,-74.9141,-54.4578,-55.2814,57.5008,-48.8271,6.81375,2.5548,1.91732,-6.98986,-48.1591,65.1383,-40.7743,-345.83,7.1702,2.51753,1.9946,1.0,LLLTALLVGLLGLLLGFLILI,0.3471374541702,0.0172245780194276,G,99999900.0
TALLVGLLGLLLGFL,WT,LLLTALLVGLLILLLGFLILI,clash,LLLTALLVGLLGLLLGFLILI_2,1.1001100110011e+17,1.0,-51.6747,-52.3473,-44.921,-220.905,-220.071,-238.495,-337.874,4528.1,3909.59,3748.99,-17.6268,-17.2447,-82.9214,-82.7007,-54.4578,-54.2189,60.2608,-47.6408,6.90004,2.76804,2.17195,-6.99037,-48.1591,65.1383,-40.7743,-345.83,7.1702,2.51753,1.9946,2.0,LLLTALLVGLLGLLLGFLILI,0.3471374541702,0.0172245780194276,G,99999900.0
TALLVGLLGLLLGFL,WT,LLLTALLVGLLILLLGFLILI,clash,LLLTALLVGLLGLLLGFLILI_0,1.1001100110011e+17,1.0,-50.8227,-47.009,-44.921,-220.877,-219.112,-238.495,-337.874,4528.1,3896.91,3748.99,-15.9602,-7.9561,-82.1343,-79.7085,-54.4578,-46.1122,70.4569,-46.1633,6.90088,2.92852,2.48538,-1.66269,-48.1591,65.1383,-40.7743,-345.83,7.1702,2.51753,1.9946,0.0,LLLTALLVGLLGLLLGFLILI,0.3471374541702,0.0172245780194276,G,99999900.0
LVLLATLLGGLLSIL,WT,LLLAVLLATLLGGLLSILILI,void,LLLLVLLATLLGGLLSILILI_0,1.1001100110011e+17,1.0,-78.7134,-71.7422,-73.9676,-223.591,-217.299,-234.608,-372.048,4460.3,3850.23,3735.22,-19.9317,-6.02469,-89.6756,-89.0322,-63.473,-31.6522,88.3456,-46.9431,7.07206,3.17448,2.99967,-5.62342,-38.0441,72.2659,-45.0,-378.073,7.1084,1.96251,1.5465,0.0,LLLLVLLATLLGGLLSILILI,0.330455465317539,0.0580461052793693,G,99999900.0
LVLLATLLGGLLSIL,WT,LLLAVLLATLLGGLLSILILI,void,LLLLVLLATLLGGLLSILILI_1,1.1001100110011e+17,1.0,-78.988,-70.6698,-73.9676,-221.177,-222.989,-234.608,-372.048,4460.3,3856.68,3735.22,-17.5846,-10.9636,-89.4674,-89.3527,-63.473,-41.2573,74.5788,-47.6238,7.02723,2.75673,2.37542,-6.0596,-38.0441,72.2659,-45.0,-378.073,7.1084,1.96251,1.5465,1.0,LLLLVLLATLLGGLLSILILI,0.330455465317539,0.0580461052793693,G,99999900.0
LVLLATLLGGLLSIL,WT,LLLAVLLATLLGGLLSILILI,void,LLLLVLLATLLGGLLSILILI_2,1.1001100110011e+17,1.0,-76.4776,-70.9574,-73.9676,-222.559,-220.979,-234.608,-372.048,4460.3,3833.05,3735.22,-16.8814,-9.33761,-89.8927,-89.4498,-63.473,-40.7447,77.4642,-45.9373,7.25131,3.06938,2.73134,-4.26382,-38.0441,72.2659,-45.0,-378.073,7.1084,1.96251,1.5465,2.0,LLLLVLLATLLGGLLSILILI,0.330455465317539,0.0580461052793693,G,99999900.0
VGLLLILLGALLATL,WT,LLLVGLLLILLIALLATLILI,clash,LLLVGLLLILLGALLATLILI_1,1.1001100110011e+17,1.0,-63.525,-62.1411,-58.7586,-219.812,-222.965,-233.286,-359.091,4487.44,3772.72,3751.97,-15.0755,-14.1932,-90.8296,-88.1784,-67.0469,-49.2642,56.4515,-50.0632,7.19607,1.51058,0.857355,-5.3878,-40.5762,61.5678,-43.055,-364.547,7.4828,0.898083,0.3216,1.0,LLLVGLLLILLGALLATLILI,1.00595541862105,0.0895993122008537,G,99999900.0
VGLLLILLGALLATL,WT,LLLVGLLLILLIALLATLILI,clash,LLLVGLLLILLGALLATLILI_0,1.1001100110011e+17,1.0,-58.5835,-61.3055,-58.7586,-223.111,-216.153,-233.286,-359.091,4487.44,3778.56,3751.97,-14.8532,-5.45559,-92.2503,-87.0888,-67.0469,-47.2488,66.9411,-46.285,7.38439,2.62436,2.12848,-4.53385,-40.5762,61.5678,-43.055,-364.547,7.4828,0.898083,0.3216,0.0,LLLVGLLLILLGALLATLILI,1.00595541862105,0.0895993122008537,G,99999900.0
VGLLLILLGALLATL,WT,LLLVGLLLILLIALLATLILI,clash,LLLVGLLLILLGALLATLILI_2,1.1001100110011e+17,1.0,-58.7586,-63.525,-58.7586,-221.152,-219.025,-233.286,-359.091,4487.44,3861.14,3751.97,-10.1754,-11.8098,-89.3564,-88.3515,-67.0469,-45.1577,63.8372,-46.3988,7.81184,1.89167,1.34923,-4.25852,-40.5762,61.5678,-43.055,-364.547,7.4828,0.898083,0.3216,2.0,LLLVGLLLILLGALLATLILI,1.00595541862105,0.0895993122008537,G,99999900.0
LLALLFVLTSLLAIL,WT,LLLLLALLFVLTILLAILILI,clash,,,,,,,,,,,,,,,,,,,,,,,,,,,,,,,,,,,,,,
LLLLLAVLTALLFIL,WT,LLLLLILLAVLTALLFILILI,clash,,,,,,,,,,,,,,,,,,,,,,,,,,,,,,,,,,,,,,
LVALLLLLTSLLFLL,WT,LLLLVILLLLLTSLLFLLILI,clash,,,,,,,,,,,,,,,,,,,,,,,,,,,,,,,,,,,,,,
LVLLLAILFLLLSTL,WT,LLLLVLLLAILFLLLITLILI,clash,,,,,,,,,,,,,,,,,,,,,,,,,,,,,,,,,,,,,,
LLLLLAILFTLLSVL,WT,LLLLLLLLAILITLLSVLILI,clash,,,,,,,,,,,,,,,,,,,,,,,,,,,,,,,,,,,,,,
LVALLLLLTALLFIL,WT,LLLLVALLLLLTILLFILILI,clash,,,,,,,,,,,,,,,,,,,,,,,,,,,,,,,,,,,,,,
LVALLLLLTSLIFLL,WT,LLLLVALLLLLTILIFLLILI,clash,,,,,,,,,,,,,,,,,,,,,,,,,,,,,,,,,,,,,,
LVLLLTILLFLLSAL,WT,LLLLVILLTILLFLLSALILI,clash,,,,,,,,,,,,,,,,,,,,,,,,,,,,,,,,,,,,,,
LLLLLAVLFILLSTL,WT,LLLLLLLLIVLFILLSTLILI,clash,,,,,,,,,,,,,,,,,,,,,,,,,,,,,,,,,,,,,,
LAILLAVLFLLLSTL,WT,LLLLAILLAVLFLLLITLILI,clash,,,,,,,,,,,,,,,,,,,,,,,,,,,,,,,,,,,,,,
VALLFLLLYLLATLL,WT,LLLVALLFLLLILLATLLILI,clash,,,,,,,,,,,,,,,,,,,,,,,,,,,,,,,,,,,,,,
LAVLTALLLLLFSLL,WT,LLLLIVLTALLLLLFSLLILI,clash,,,,,,,,,,,,,,,,,,,,,,,,,,,,,,,,,,,,,,
VLLLAILFLLLTSLL,WT,LLLVLLLAILFILLTSLLILI,clash,,,,,,,,,,,,,,,,,,,,,,,,,,,,,,,,,,,,,,
LTILLFLLALLVSLL,WT,LLLLTILLFLLILLVSLLILI,clash,,,,,,,,,,,,,,,,,,,,,,,,,,,,,,,,,,,,,,
LAILLALLFVLTSLL,WT,LLLLAALLALLFVLTSLLILI,void,,,,,,,,,,,,,,,,,,,,,,,,,,,,,,,,,,,,,,
LAILLLLLTVLFSLL,WT,LLLLAILLLLLTVLASLLILI,void,,,,,,,,,,,,,,,,,,,,,,,,,,,,,,,,,,,,,,
LAVLLLILTLLLSFL,WT,LLLLAVLLLILILLLSFLILI,clash,,,,,,,,,,,,,,,,,,,,,,,,,,,,,,,,,,,,,,
LLLLLFVLATLLSIL,WT,LLLLLLLLFVLATLLIILILI,clash,,,,,,,,,,,,,,,,,,,,,,,,,,,,,,,,,,,,,,
LAALVFLLTSLILLL,WT,LLLLAALVFLLISLILLLILI,clash,,,,,,,,,,,,,,,,,,,,,,,,,,,,,,,,,,,,,,
LTVLLALLFLLISLL,WT,LLLLTVLLALLFLLIILLILI,clash,,,,,,,,,,,,,,,,,,,,,,,,,,,,,,,,,,,,,,
LALLFLLTSLLYVLL,WT,LLLLALLILLTSLLYVLLILI,clash,,,,,,,,,,,,,,,,,,,,,,,,,,,,,,,,,,,,,,
LVLLLAILFTLLSLL,WT,LLLLILLLAILFTLLSLLILI,clash,,,,,,,,,,,,,,,,,,,,,,,,,,,,,,,,,,,,,,
LALLLLFLTVLLSIL,WT,LLLLILLLLFLTVLLSILILI,clash,,,,,,,,,,,,,,,,,,,,,,,,,,,,,,,,,,,,,,
FALLTILLSLLYVLL,WT,LLLFILLTILLSLLYVLLILI,clash,,,,,,,,,,,,,,,,,,,,,,,,,,,,,,,,,,,,,,
LILLLALLFVLTSLL,WT,LLLLILLLALLFVLTILLILI,clash,,,,,,,,,,,,,,,,,,,,,,,,,,,,,,,,,,,,,,
LTVLLAILFLLLSLL,WT,LLLLTVLLIILFLLLSLLILI,clash,,,,,,,,,,,,,,,,,,,,,,,,,,,,,,,,,,,,,,
VALLTILLALLFSLL,WT,LLLVALLTILLILLFSLLILI,clash,,,,,,,,,,,,,,,,,,,,,,,,,,,,,,,,,,,,,,
LFLLLLVLAILLSTL,WT,LLLLFLLLIVLAILLSTLILI,clash,,,,,,,,,,,,,,,,,,,,,,,,,,,,,,,,,,,,,,
LFVLTILLALLYSLL,WT,LLLLFVLTILLAALYSLLILI,void,,,,,,,,,,,,,,,,,,,,,,,,,,,,,,,,,,,,,,
LLLLLAVLYTLLSFL,WT,LLLLLLLLAVLATLLSFLILI,void,,,,,,,,,,,,,,,,,,,,,,,,,,,,,,,,,,,,,,
LAVLLLTLALLLSFL,WT,LLLLAVLLLTLAALLSFLILI,void,,,,,,,,,,,,,,,,,,,,,,,,,,,,,,,,,,,,,,
YALLFVLTALLLSLL,WT,LLLYILLFVLTALLLSLLILI,clash,,,,,,,,,,,,,,,,,,,,,,,,,,,,,,,,,,,,,,
YFLLATLVALLLSLL,WT,LLLYFLLATLVILLLSLLILI,clash,,,,,,,,,,,,,,,,,,,,,,,,,,,,,,,,,,,,,,
VALLFLLTALLYSLL,WT,LLLVILLFLLTALLYSLLILI,clash,,,,,,,,,,,,,,,,,,,,,,,,,,,,,,,,,,,,,,
LALLFILVTLLLSLL,WT,LLLLALLFILVTLLISLLILI,clash,,,,,,,,,,,,,,,,,,,,,,,,,,,,,,,,,,,,,,
LWTLIALLLVLFSLL,WT,LLLLWTLIALLLVLFILLILI,clash,,,,,,,,,,,,,,,,,,,,,,,,,,,,,,,,,,,,,,
LTILLLVLALLLSFL,WT,LLLLIILLLVLALLLSFLILI,clash,,,,,,,,,,,,,,,,,,,,,,,,,,,,,,,,,,,,,,
YWLLTVLFLLLASLL,WT,LLLYALLTVLFLLLASLLILI,void,,,,,,,,,,,,,,,,,,,,,,,,,,,,,,,,,,,,,,
LFVLLLLLATLISLL,WT,LLLLFVLLILLATLISLLILI,clash,,,,,,,,,,,,,,,,,,,,,,,,,,,,,,,,,,,,,,
YALLFLLTSLLLVLL,WT,LLLYALLILLTSLLLVLLILI,clash,,,,,,,,,,,,,,,,,,,,,,,,,,,,,,,,,,,,,,
LYLLLFILAVLLSTL,WT,LLLLYLLLFILAVLLITLILI,clash,,,,,,,,,,,,,,,,,,,,,,,,,,,,,,,,,,,,,,
YFLLAILVTLLLSLL,WT,LLLYFLLIILVTLLLSLLILI,clash,,,,,,,,,,,,,,,,,,,,,,,,,,,,,,,,,,,,,,
LAVLLALLLILLSTL,WT,LLLLIVLLALLLILLSTLILI,clash,,,,,,,,,,,,,,,,,,,,,,,,,,,,,,,,,,,,,,
LLVLLAILLFLLSTL,WT,LLLLAVLLAILLFLLSTLILI,void,,,,,,,,,,,,,,,,,,,,,,,,,,,,,,,,,,,,,,
LWVLLSTLLALLLFL,WT,LLLLWVLLITLLALLLFLILI,clash,,,,,,,,,,,,,,,,,,,,,,,,,,,,,,,,,,,,,,
LYLLLAILFVLLSTL,WT,LLLLYLLLAILFVLLITLILI,clash,,,,,,,,,,,,,,,,,,,,,,,,,,,,,,,,,,,,,,
LLLLTALLIFLVSLL,WT,LLLLLLLTALLIFLVILLILI,clash,,,,,,,,,,,,,,,,,,,,,,,,,,,,,,,,,,,,,,
LLLLLFILAVLLSTL,WT,LLLLLLLLFILAVLLITLILI,clash,,,,,,,,,,,,,,,,,,,,,,,,,,,,,,,,,,,,,,
LLALLLILVTLLSFL,WT,LLLLLALLLILVILLSFLILI,clash,,,,,,,,,,,,,,,,,,,,,,,,,,,,,,,,,,,,,,
LLVLASLLFTLLILL,WT,LLLLAVLASLLFTLLILLILI,void,,,,,,,,,,,,,,,,,,,,,,,,,,,,,,,,,,,,,,
LFALLTILVALLSLL,WT,LLLLFALLTILVILLSLLILI,clash,,,,,,,,,,,,,,,,,,,,,,,,,,,,,,,,,,,,,,
LWVLLFLLAILTSLL,WT,LLLLAVLLFLLAILTSLLILI,void,,,,,,,,,,,,,,,,,,,,,,,,,,,,,,,,,,,,,,
LVALLLILFLLLSTL,WT,LLLLVALLLILFLLLITLILI,clash,,,,,,,,,,,,,,,,,,,,,,,,,,,,,,,,,,,,,,
LTLLVALLLFLISLL,WT,LLLLILLVALLLFLISLLILI,clash,,,,,,,,,,,,,,,,,,,,,,,,,,,,,,,,,,,,,,
LFLLLLALTVLLSIL,WT,LLLLFLLLLALTVLLIILILI,clash,,,,,,,,,,,,,,,,,,,,,,,,,,,,,,,,,,,,,,
LTLLLALIVLLFSLL,WT,LLLLTLLLALIVLLISLLILI,clash,,,,,,,,,,,,,,,,,,,,,,,,,,,,,,,,,,,,,,
LTVLLALLFILLSLL,WT,LLLLTVLLILLFILLSLLILI,clash,,,,,,,,,,,,,,,,,,,,,,,,,,,,,,,,,,,,,,
LFVLLALLTILLSLL,WT,LLLLFVLLILLTILLSLLILI,clash,,,,,,,,,,,,,,,,,,,,,,,,,,,,,,,,,,,,,,
LFVLLILLATLYSLL,WT,LLLLFVLLILLITLYSLLILI,clash,,,,,,,,,,,,,,,,,,,,,,,,,,,,,,,,,,,,,,
LFLLLAILLVLLSTL,WT,LLLLFLLLIILLVLLSTLILI,clash,,,,,,,,,,,,,,,,,,,,,,,,,,,,,,,,,,,,,,
LLLLTALLFVLYILL,WT,LLLLLLLTILLFVLYILLILI,clash,,,,,,,,,,,,,,,,,,,,,,,,,,,,,,,,,,,,,,
LFVLLALLTILYSLL,WT,LLLLFVLLALLTILYILLILI,clash,,,,,,,,,,,,,,,,,,,,,,,,,,,,,,,,,,,,,,
YLLLAVLTSLLFLLL,WT,LLLYLLLAVLTILLFLLLILI,clash,,,,,,,,,,,,,,,,,,,,,,,,,,,,,,,,,,,,,,
FALLLILTALLYVLL,WT,LLLFALLLILTILLYVLLILI,clash,,,,,,,,,,,,,,,,,,,,,,,,,,,,,,,,,,,,,,
LYVLTALLLILFLLL,WT,LLLLYVLTALLLILALLLILI,void,,,,,,,,,,,,,,,,,,,,,,,,,,,,,,,,,,,,,,
LAVLLFLLATLISLL,WT,LLLLAVLLFLLITLISLLILI,clash,,,,,,,,,,,,,,,,,,,,,,,,,,,,,,,,,,,,,,
LAVLLSILLTLLLFL,WT,LLLLIVLLSILLTLLLFLILI,clash,,,,,,,,,,,,,,,,,,,,,,,,,,,,,,,,,,,,,,
VALLLILTFLLASLL,WT,LLLVILLLILTFLLASLLILI,clash,,,,,,,,,,,,,,,,,,,,,,,,,,,,,,,,,,,,,,
LAVLLFLLALLTSLL,WT,LLLLAVLLFLLILLTSLLILI,clash,,,,,,,,,,,,,,,,,,,,,,,,,,,,,,,,,,,,,,
YFLLTVLLLLLASLL,WT,LLLYFLLTVLLLLLISLLILI,clash,,,,,,,,,,,,,,,,,,,,,,,,,,,,,,,,,,,,,,
LLFLLATLLILLSVL,WT,LLLLLFLLITLLILLSVLILI,clash,,,,,,,,,,,,,,,,,,,,,,,,,,,,,,,,,,,,,,
LVLLLTILFLLLSAL,WT,LLLLVLLLTILFILLSALILI,clash,,,,,,,,,,,,,,,,,,,,,,,,,,,,,,,,,,,,,,
LLVLLLALITLLSFL,WT,LLLLLVLLIALITLLSFLILI,clash,,,,,,,,,,,,,,,,,,,,,,,,,,,,,,,,,,,,,,
LALLTVLLYILFSLL,WT,LLLLALLIVLLYILFSLLILI,clash,,,,,,,,,,,,,,,,,,,,,,,,,,,,,,,,,,,,,,
SYLLFTLLALLLAVL,WT,LLLSYLLFTLLILLLAVLILI,clash,,,,,,,,,,,,,,,,,,,,,,,,,,,,,,,,,,,,,,
ASLLLALLFVLLYTL,WT,LLLASLLLALLFILLYTLILI,clash,,,,,,,,,,,,,,,,,,,,,,,,,,,,,,,,,,,,,,
YTLLISLLVALLFLL,WT,LLLYTLLISLLVILLFLLILI,clash,,,,,,,,,,,,,,,,,,,,,,,,,,,,,,,,,,,,,,
LSLLFALLIALLVTL,WT,LLLLSLLFILLIALLVTLILI,clash,,,,,,,,,,,,,,,,,,,,,,,,,,,,,,,,,,,,,,
YALLLALLVSLLFTL,WT,LLLYILLLALLVSLLFTLILI,clash,,,,,,,,,,,,,,,,,,,,,,,,,,,,,,,,,,,,,,
ATLLISLLFTLLVLL,WT,LLLATLLIILLFTLLVLLILI,clash,,,,,,,,,,,,,,,,,,,,,,,,,,,,,,,,,,,,,,
TYLLFTLLAVLLSLL,WT,LLLTYLLFTLLIVLLSLLILI,clash,,,,,,,,,,,,,,,,,,,,,,,,,,,,,,,,,,,,,,
LYLLITLLFSLLVAL,WT,LLLLYLLIILLFSLLVALILI,clash,,,,,,,,,,,,,,,,,,,,,,,,,,,,,,,,,,,,,,
YLLLIVLLAFLLSTL,WT,LLLYLLLIVLLIFLLSTLILI,clash,,,,,,,,,,,,,,,,,,,,,,,,,,,,,,,,,,,,,,
VYLLLALLTALLSIL,WT,LLLVYLLLALLTILLSILILI,clash,,,,,,,,,,,,,,,,,,,,,,,,,,,,,,,,,,,,,,
TYLLVALLAILLSLL,WT,LLLTYLLVALLAILLILLILI,clash,,,,,,,,,,,,,,,,,,,,,,,,,,,,,,,,,,,,,,
TYLLFVLLAILLSLL,WT,LLLTYLLFVLLIILLSLLILI,clash,,,,,,,,,,,,,,,,,,,,,,,,,,,,,,,,,,,,,,
TYLLFTLLALLLSVL,WT,LLLTYLLFILLALLLSVLILI,clash,,,,,,,,,,,,,,,,,,,,,,,,,,,,,,,,,,,,,,
TLLLATLLAYLLSFL,WT,LLLTLLLATLLIYLLSFLILI,clash,,,,,,,,,,,,,,,,,,,,,,,,,,,,,,,,,,,,,,
LYLLVTLLFALLSIL,WT,LLLLYLLVTLLFILLSILILI,clash,,,,,,,,,,,,,,,,,,,,,,,,,,,,,,,,,,,,,,
FYLLTALLITLLVLL,WT,LLLFYLLTALLIILLVLLILI,clash,,,,,,,,,,,,,,,,,,,,,,,,,,,,,,,,,,,,,,
TYLLVALLTFLLSLL,WT,LLLTYLLVALLIFLLSLLILI,clash,,,,,,,,,,,,,,,,,,,,,,,,,,,,,,,,,,,,,,
FVLLATLLAYLLSLL,WT,LLLFVLLATLLIYLLSLLILI,clash,,,,,,,,,,,,,,,,,,,,,,,,,,,,,,,,,,,,,,
LYLLIALLVALLSTL,WT,LLLLYLLIALLVILLSTLILI,clash,,,,,,,,,,,,,,,,,,,,,,,,,,,,,,,,,,,,,,
TYLLTVLLAFLLSLL,WT,LLLTYLLTVLLIFLLSLLILI,clash,,,,,,,,,,,,,,,,,,,,,,,,,,,,,,,,,,,,,,
YALLVALLFTLLSLL,WT,LLLYALLVALLFILLSLLILI,clash,,,,,,,,,,,,,,,,,,,,,,,,,,,,,,,,,,,,,,
LALLVALLFALLSTL,WT,LLLLALLVALLFILLSTLILI,clash,,,,,,,,,,,,,,,,,,,,,,,,,,,,,,,,,,,,,,
YVLLATLLAFLLSLL,WT,LLLYVLLATLLIFLLSLLILI,clash,,,,,,,,,,,,,,,,,,,,,,,,,,,,,,,,,,,,,,
YFLLTILLAVLLSLL,WT,LLLYFLLIILLAVLLSLLILI,clash,,,,,,,,,,,,,,,,,,,,,,,,,,,,,,,,,,,,,,
YTLLVALLFLLLSLL,WT,LLLYTLLVILLFLLLSLLILI,clash,,,,,,,,,,,,,,,,,,,,,,,,,,,,,,,,,,,,,,
LYLLVILLAFLLSTL,WT,LLLLYLLVILLAFLLITLILI,clash,,,,,,,,,,,,,,,,,,,,,,,,,,,,,,,,,,,,,,
YALLVTLLFTLLSLL,WT,LLLYALLVTLLFILLSLLILI,clash,,,,,,,,,,,,,,,,,,,,,,,,,,,,,,,,,,,,,,
YALLTSLLVALLFLL,WT,LLLYALLTSLLVILLFLLILI,clash,,,,,,,,,,,,,,,,,,,,,,,,,,,,,,,,,,,,,,
YALLTILLTFLLSLL,WT,LLLYALLTILLTALLSLLILI,void,,,,,,,,,,,,,,,,,,,,,,,,,,,,,,,,,,,,,,
TALLVALLAYLLSFL,WT,LLLTALLVALLIYLLSFLILI,clash,,,,,,,,,,,,,,,,,,,,,,,,,,,,,,,,,,,,,,
YFLLFTLLAVLLSLL,WT,LLLYFLLFTLLAVLLSALILI,void,,,,,,,,,,,,,,,,,,,,,,,,,,,,,,,,,,,,,,
LVLLIALLFTLLSYL,WT,LLLLVLLIALLFILLSYLILI,clash,,,,,,,,,,,,,,,,,,,,,,,,,,,,,,,,,,,,,,
FYLLVALLLTLLSLL,WT,LLLFYLLVILLLTLLSLLILI,clash,,,,,,,,,,,,,,,,,,,,,,,,,,,,,,,,,,,,,,
TALLIALLFVLLSLL,WT,LLLTILLIALLFVLLSLLILI,clash,,,,,,,,,,,,,,,,,,,,,,,,,,,,,,,,,,,,,,
YVLLTILLAFLLSLL,WT,LLLYVLLTILLIFLLSLLILI,clash,,,,,,,,,,,,,,,,,,,,,,,,,,,,,,,,,,,,,,
FALLTILLAYLLSLL,WT,LLLFILLTILLAYLLSLLILI,clash,,,,,,,,,,,,,,,,,,,,,,,,,,,,,,,,,,,,,,
LALLFALLVSLLTWL,WT,LLLLALLFALLVSLLIWLILI,clash,,,,,,,,,,,,,,,,,,,,,,,,,,,,,,,,,,,,,,
LTLLATLLAVLLSFL,WT,LLLLTLLAILLAVLLSFLILI,clash,,,,,,,,,,,,,,,,,,,,,,,,,,,,,,,,,,,,,,
YTLLATLLFLLLSVL,WT,LLLYTLLAILLFLLLSVLILI,clash,,,,,,,,,,,,,,,,,,,,,,,,,,,,,,,,,,,,,,
VYLLLTLLFTLLSAL,WT,LLLVYLLLTLLFILLSALILI,clash,,,,,,,,,,,,,,,,,,,,,,,,,,,,,,,,,,,,,,
YTLLATLLVLLLSFL,WT,LLLYILLATLLVLLLSFLILI,clash,,,,,,,,,,,,,,,,,,,,,,,,,,,,,,,,,,,,,,
TVLLLALLFALLSIL,WT,LLLTVLLLALLFILLSILILI,clash,,,,,,,,,,,,,,,,,,,,,,,,,,,,,,,,,,,,,,
FYLLVALLTLLLSIL,WT,LLLFYLLVALLTLLLIILILI,clash,,,,,,,,,,,,,,,,,,,,,,,,,,,,,,,,,,,,,,
YALLLALLFSLLVTL,WT,LLLYILLLALLFSLLVTLILI,clash,,,,,,,,,,,,,,,,,,,,,,,,,,,,,,,,,,,,,,
YFLLVLLLATLLSIL,WT,LLLYFLLVLLLITLLSILILI,clash,,,,,,,,,,,,,,,,,,,,,,,,,,,,,,,,,,,,,,
YALLTALLFVLLSLL,WT,LLLYALLTALLFILLSLLILI,clash,,,,,,,,,,,,,,,,,,,,,,,,,,,,,,,,,,,,,,
LALLIALLFVLLSTL,WT,LLLLALLIALLFILLSTLILI,clash,,,,,,,,,,,,,,,,,,,,,,,,,,,,,,,,,,,,,,
FYLLVILLALLLSTL,WT,LLLFYLLVILLALLLITLILI,clash,,,,,,,,,,,,,,,,,,,,,,,,,,,,,,,,,,,,,,
YLLLVTLLAILLSFL,WT,LLLYLLLVTLLAILLIFLILI,clash,,,,,,,,,,,,,,,,,,,,,,,,,,,,,,,,,,,,,,
YALLTALLSVLLFLL,WT,LLLYALLTALLSILLFLLILI,clash,,,,,,,,,,,,,,,,,,,,,,,,,,,,,,,,,,,,,,
YVLLFILLALLLSTL,WT,LLLYVLLFILLILLLSTLILI,clash,,,,,,,,,,,,,,,,,,,,,,,,,,,,,,,,,,,,,,
YALLLSLLFTLLVIL,WT,LLLYALLLSLLFILLVILILI,clash,,,,,,,,,,,,,,,,,,,,,,,,,,,,,,,,,,,,,,
YALLIALLFTLLVLL,WT,LLLYALLIALLFILLVLLILI,clash,,,,,,,,,,,,,,,,,,,,,,,,,,,,,,,,,,,,,,
LTLLIALLVALLSFL,WT,LLLLTLLIALLVILLSFLILI,clash,,,,,,,,,,,,,,,,,,,,,,,,,,,,,,,,,,,,,,
LVLLIALLFALLSTL,WT,LLLLVLLIALLFILLSTLILI,clash,,,,,,,,,,,,,,,,,,,,,,,,,,,,,,,,,,,,,,
YILLFTLLVALLSLL,WT,LLLYILLFILLVALLSLLILI,clash,,,,,,,,,,,,,,,,,,,,,,,,,,,,,,,,,,,,,,
AYLLTLLLAILLSFL,WT,LLLAYLLTLLLIILLSFLILI,clash,,,,,,,,,,,,,,,,,,,,,,,,,,,,,,,,,,,,,,
LALLFALLTVLLSIL,WT,LLLLALLFALLTILLSILILI,clash,,,,,,,,,,,,,,,,,,,,,,,,,,,,,,,,,,,,,,
YVLLIALLATLLSLL,WT,LLLYVLLIALLAILLSLLILI,clash,,,,,,,,,,,,,,,,,,,,,,,,,,,,,,,,,,,,,,
LVLLISLLFALLTWL,WT,LLLLVLLISLLFILLTWLILI,clash,,,,,,,,,,,,,,,,,,,,,,,,,,,,,,,,,,,,,,
YILLSVLLALLLTFL,WT,LLLYILLSVLLILLLTFLILI,clash,,,,,,,,,,,,,,,,,,,,,,,,,,,,,,,,,,,,,,
TALLIALLSVLLFLL,WT,LLLTALLIILLSVLLFLLILI,clash,,,,,,,,,,,,,,,,,,,,,,,,,,,,,,,,,,,,,,
AALLLSLLFTLLVFL,WT,LLLAALLLSLLFILLVFLILI,clash,,,,,,,,,,,,,,,,,,,,,,,,,,,,,,,,,,,,,,
YALLFALLLSLLVTL,WT,LLLYILLFALLLSLLVTLILI,clash,,,,,,,,,,,,,,,,,,,,,,,,,,,,,,,,,,,,,,
YILLFALLTVLLSLL,WT,LLLYILLFALLTVLLSALILI,void,,,,,,,,,,,,,,,,,,,,,,,,,,,,,,,,,,,,,,
YSLLTALLVALLFLL,WT,LLLYSLLTALLVILLFLLILI,clash,,,,,,,,,,,,,,,,,,,,,,,,,,,,,,,,,,,,,,
VALLLTLLAILLSFL,WT,LLLVILLLTLLAILLSFLILI,clash,,,,,,,,,,,,,,,,,,,,,,,,,,,,,,,,,,,,,,
LALLVALLSTLLIFL,WT,LLLLILLVALLSTLLIFLILI,clash,,,,,,,,,,,,,,,,,,,,,,,,,,,,,,,,,,,,,,
YALLLTLLVALLSFL,WT,LLLYALLLTLLVILLSFLILI,clash,,,,,,,,,,,,,,,,,,,,,,,,,,,,,,,,,,,,,,
TALLIALLLVLLSFL,WT,LLLTALLIILLLVLLSFLILI,clash,,,,,,,,,,,,,,,,,,,,,,,,,,,,,,,,,,,,,,
VYLLLALLTSLLFIL,WT,LLLVYLLLILLTSLLFILILI,clash,,,,,,,,,,,,,,,,,,,,,,,,,,,,,,,,,,,,,,
YFLLVALLLALLSTL,WT,LLLYFLLVILLLALLSTLILI,clash,,,,,,,,,,,,,,,,,,,,,,,,,,,,,,,,,,,,,,
LILLSVLLAYLLTFL,WT,LLLLILLSVLLIYLLTFLILI,clash,,,,,,,,,,,,,,,,,,,,,,,,,,,,,,,,,,,,,,
ALLLVTLLAILLSFL,WT,LLLALLLVILLAILLSFLILI,clash,,,,,,,,,,,,,,,,,,,,,,,,,,,,,,,,,,,,,,
TYLLLVLLAILLSFL,WT,LLLTYLLLVLLIILLSFLILI,clash,,,,,,,,,,,,,,,,,,,,,,,,,,,,,,,,,,,,,,
YALLVALLSLLLFTL,WT,LLLYILLVALLSLLLFTLILI,clash,,,,,,,,,,,,,,,,,,,,,,,,,,,,,,,,,,,,,,
TALLLALLAVLLSFL,WT,LLLTALLLALLAILLSFLILI,clash,,,,,,,,,,,,,,,,,,,,,,,,,,,,,,,,,,,,,,
YALLLTLLSVLLFIL,WT,LLLYALLLILLSVLLFILILI,clash,,,,,,,,,,,,,,,,,,,,,,,,,,,,,,,,,,,,,,
YALLLTLLFILLSVL,WT,LLLYILLLTLLFILLSVLILI,clash,,,,,,,,,,,,,,,,,,,,,,,,,,,,,,,,,,,,,,
YVLLTTLLALLLSFL,WT,LLLYVLLTTLLALLLIFLILI,clash,,,,,,,,,,,,,,,,,,,,,,,,,,,,,,,,,,,,,,
LILLSTLLATLLVFL,WT,LLLLILLSTLLITLLVFLILI,clash,,,,,,,,,,,,,,,,,,,,,,,,,,,,,,,,,,,,,,
YTLLVALLATLLSLL,WT,LLLYTLLVALLAILLSLLILI,clash,,,,,,,,,,,,,,,,,,,,,,,,,,,,,,,,,,,,,,
VALLLALLFALLSTL,WT,LLLVALLLALLFILLSTLILI,clash,,,,,,,,,,,,,,,,,,,,,,,,,,,,,,,,,,,,,,
YALLLSLLTALLVFL,WT,LLLYALLLILLTALLVFLILI,clash,,,,,,,,,,,,,,,,,,,,,,,,,,,,,,,,,,,,,,
TYLLVALLATLLSLL,WT,LLLTYLLVALLATLLILLILI,clash,,,,,,,,,,,,,,,,,,,,,,,,,,,,,,,,,,,,,,
TALLIALLLSLLFVL,WT,LLLTALLIALLLILLFVLILI,clash,,,,,,,,,,,,,,,,,,,,,,,,,,,,,,,,,,,,,,
TVLLALLLAFLLSIL,WT,LLLTVLLILLLAFLLSILILI,clash,,,,,,,,,,,,,,,,,,,,,,,,,,,,,,,,,,,,,,
YALLLTLLVALLSIL,WT,LLLYALLLTLLVILLSILILI,clash,,,,,,,,,,,,,,,,,,,,,,,,,,,,,,,,,,,,,,
YVLLFTLLAALLSLL,WT,LLLYVLLFTLLAALLILLILI,clash,,,,,,,,,,,,,,,,,,,,,,,,,,,,,,,,,,,,,,
AYLLVLLLATLLSFL,WT,LLLAALLVLLLATLLSFLILI,void,,,,,,,,,,,,,,,,,,,,,,,,,,,,,,,,,,,,,,
YILLVFLLATLLSLL,WT,LLLYILLVFLLITLLSLLILI,clash,,,,,,,,,,,,,,,,,,,,,,,,,,,,,,,,,,,,,,
YFLLAILLTVLLSLL,WT,LLLYFLLAILLIVLLSLLILI,clash,,,,,,,,,,,,,,,,,,,,,,,,,,,,,,,,,,,,,,
LYLLIVLLATLLSFL,WT,LLLLYLLIVLLITLLSFLILI,clash,,,,,,,,,,,,,,,,,,,,,,,,,,,,,,,,,,,,,,
LVLLIALLATLLSFL,WT,LLLLVLLIALLAILLSFLILI,clash,,,,,,,,,,,,,,,,,,,,,,,,,,,,,,,,,,,,,,
FALLTTLLAVLLSLL,WT,LLLFALLTTLLIVLLSLLILI,clash,,,,,,,,,,,,,,,,,,,,,,,,,,,,,,,,,,,,,,
TYLLAVLLAILLFLL,WT,LLLTYLLAVLLIILLFLLILI,clash,,,,,,,,,,,,,,,,,,,,,,,,,,,,,,,,,,,,,,
