,C1-Rep3,C2-Rep3,C3-Rep3,C4-Rep3,C5-Rep3,C6-Rep3
0,0.5088511372586855,0.3815961212053071,0.08974912560695103,0.019283502989395285,0.00047050975065663465,4.960318900466298e-05
1,0.5714829480124449,0.36993697247157575,0.0506534369110937,0.007617099398302625,0.00023891410083728967,7.06291057456176e-05
2,0.4474148642828257,0.4343436588617767,0.0960000588691686,0.021675131908581308,0.0004900396432845487,7.624643436323469e-05
3,0.5052869233453257,0.3723838126687136,0.09365199519031195,0.027492507709947392,0.001076717693018788,0.00010804339268277484
4,0.2279216749543119,0.41030878653620756,0.21922594275039875,0.13114439687881585,0.010896932446221076,0.0005022664340449056
5,0.8247269740548271,0.16586455329753852,0.00909918988385393,0.0002929113024120569,0.0,1.6371461368499865e-05
6,0.831234534360574,0.16080678813757954,0.006794911813759193,0.0008009216674240371,0.0003026424295483423,6.020159111467597e-05
7,0.16628210699810905,0.5422243942200896,0.2165178261882499,0.07105126908902822,0.0035843082925328773,0.00034009521199023364
8,0.4342829205515615,0.36832807823315883,0.1433043165085323,0.0493108925183274,0.004343832048980775,0.0004299601394394187
9,0.4249242071340484,0.4040856994575023,0.12683983135377136,0.03930657200632021,0.004413195046254321,0.0004304950021034186
10,0.4302306573523434,0.40551761081485543,0.11644778045544406,0.04270490252517673,0.00446088528026008,0.000638163571920287
11,0.6104010844977941,0.3498746232326491,0.03509551564302042,0.003609971437573609,0.0008795155881954132,0.00013928960076745942
12,0.342871006898171,0.5157150121866257,0.11003290963769921,0.027036966853640952,0.0038436863486732103,0.0005004180751898671
13,0.46625686505283,0.3675303031071453,0.12757287128391687,0.03400902472267163,0.0041603128749443975,0.00047062295849185936
14,0.2535878055693424,0.3056148954830659,0.2191088925438018,0.19699210095895053,0.023715348375072682,0.0009809570697666967
15,0.2634257588641387,0.6023795744842809,0.11126778723064162,0.01827021820045645,0.00384626154888121,0.0008103996716011855
16,0.29887942444217513,0.3268138620876926,0.20953139540070026,0.1528797195330667,0.011250061777034926,0.0006455367593303812
17,0.747300424369616,0.2257911573108525,0.02465424726387976,0.0013474412990913637,0.0007561068001040233,0.00015062295645637406
18,0.2598889578926606,0.5024404581642251,0.17589379856250875,0.053534790988528744,0.007291923267146897,0.0009500711249299917
19,0.48065157524642993,0.38411790476724306,0.10192104965294702,0.029055896434659795,0.003750159534492653,0.0005034143642276094
20,0.356092376559175,0.5316429754791633,0.09510334701249196,0.014560773503705646,0.0021556775719216866,0.0004448498735424573
21,0.2162519479050066,0.4391765660318223,0.2052740643187728,0.13101286108544385,0.007951120885563571,0.00033343977339086154
22,0.6056794237204857,0.28138537816939885,0.08045893032489974,0.03001856352483553,0.002383683495937797,7.402076444268464e-05
23,0.0,0.5738525107749199,0.2649952493629868,0.14776328483196352,0.01262108979241065,0.0007678652377191301
24,0.5366048363831926,0.2767798294615165,0.1188997079966375,0.061603880580018575,0.005642221399645744,0.0004695241789891127
25,0.13442680738053112,0.6513138020239411,0.14877024689639823,0.058270855738991,0.006241221808251247,0.0009770661518874717
26,0.7826883720883496,0.20441560035861542,0.011298182839195814,0.0011388551753694054,0.00038506976549210274,7.391977297765562e-05
27,0.0,0.7243903609771828,0.21139902317296763,0.05837822664522581,0.005435551429810152,0.0003968377748135995
28,0.23485216023075153,0.5423571311364426,0.17092057189342696,0.04945462979650766,0.0020052984695562324,0.000410208473314877
29,0.1263158543592476,0.5720828132818465,0.18782903055213127,0.10458619637195869,0.007711668790381251,0.0014744366444346805
30,0.8363494374929759,0.1576918761199363,0.0045094001331881396,0.0009984670173705786,0.00040252512161471736,4.829411491437478e-05
31,0.16280757222837597,0.6030550388004167,0.17209457361713174,0.05570831884128422,0.005570496283754286,0.0007640002290369601
32,0.292540920620033,0.5214259259714048,0.1564940999581459,0.027478304746397068,0.002060748704019013,0.0
33,0.15466572474379975,0.655943096623819,0.14954989281166794,0.03499752933885355,0.004168572207724309,0.0006751842741355428
34,0.3367990975977374,0.4791987060328504,0.1454098575003405,0.038592338869071666,0.0,0.0
35,0.45455242801469414,0.40419398790069894,0.10111610591305374,0.03512761666604269,0.004687475422631435,0.0003223860828788922
36,0.4054561327237284,0.40800609536480986,0.12796705852475512,0.05322381506436348,0.0045930114386128675,0.0007538868837303693
37,0.21034914587859171,0.6250067809810892,0.13477521600693876,0.026176366248599547,0.003333969961859218,0.000358520922921459
38,0.322962592920738,0.4611505429227317,0.15996041925561616,0.053133623453084824,0.0021923193389997955,0.0006005021088296048
39,0.3132296546090931,0.47472304253500386,0.16931912915787964,0.036693169058930525,0.005318198335819772,0.0007168063032732299
40,0.7180919888425398,0.2575405929998423,0.021129512461989127,0.002405860009497569,0.0006478818346892395,0.00018416385144189335
41,0.3913315745279064,0.44585333412106726,0.12597156438525708,0.032520931351917755,0.0037706047534657033,0.0005519908603857913
42,0.7068462022046293,0.25757477756331837,0.02976597804417363,0.004227327559042302,0.0013986638254241375,0.0001870508034121606
43,0.0,0.8210415278833975,0.1641237130588926,0.014834759057709933,0.0,0.0
44,0.3703335505264795,0.4665797624989104,0.11672677652960116,0.04179073235405036,0.0039514799490435685,0.0006176981419149506
45,0.13256400035210117,0.6522260751189969,0.16366278668392914,0.045733123535857505,0.005353911709347753,0.0004601025997674672
46,0.5339298333769038,0.3113285633421661,0.10930394022392925,0.04078712642830801,0.0043432521929280534,0.0003072844357647492
47,0.3747303808823157,0.5240195970749963,0.08319295438155817,0.015857235528234623,0.0019115189727379827,0.0002883131601571488
48,0.0,0.5224352798233679,0.31010129941223696,0.15928780245930776,0.007633175629799658,0.0005424426752876101
49,0.3797688845306448,0.49091905674408737,0.12035483608558081,0.008957222639687006,0.0,0.0
50,0.5170312950765851,0.2120697166484375,0.14587649193053528,0.11150016957850828,0.01252116303527359,0.0010011637306603473
51,0.0,0.7647481759517989,0.17740774662552183,0.0509670094438298,0.0060188181433276635,0.0008582498355217813
52,0.6580194118396935,0.26450567009716996,0.06102209057478186,0.01452945930093582,0.0017382345783804802,0.0001851336090383326
53,0.5546162078079216,0.3313160718218425,0.07296075748514924,0.03712223555498507,0.003510919680567045,0.0004738076495344858
54,0.5392070698857105,0.3657124022289889,0.0719938975472216,0.020568554022527677,0.0021270711466329956,0.0003910051689182789
55,0.2587951050878089,0.5356220055689399,0.15530224762531075,0.04327732225906371,0.006223456610764032,0.0007798628481125448
56,0.5944360909946744,0.3164060655291088,0.062462760356405155,0.023264688386712102,0.003272499345640826,0.00015789538745848968
57,0.9031596578587431,0.08275282270650418,0.009130287419034619,0.0037615310852850384,0.0010752905753174348,0.00012041035511584315
58,0.2412155508237605,0.44054475775743057,0.19757014075546553,0.11208781967605458,0.008107596772658418,0.00047413421463026877
59,0.0,0.7771370887629756,0.15389641175578775,0.06116132380108533,0.007025489974146949,0.0007796857060043247
60,0.2807064900494043,0.4655080316074289,0.18123605000618712,0.0650215824566125,0.00673251938423797,0.0007953264961293288
61,0.3664008884933606,0.4289867539340369,0.14858616592506674,0.05006356728928108,0.0053400851516155505,0.0006225392066391052
62,0.2559120807293018,0.4886306195702925,0.18145244919434572,0.06537431475778024,0.008062181570821223,0.0005683541774584632
63,0.344246266889794,0.278698380183309,0.19153916745457067,0.16408861334113606,0.01980755673232749,0.0016200153988628787
64,0.8071644854298038,0.18032929145597834,0.010978771893322603,0.0007020072567682728,0.0007316436320032409,9.380033212389646e-05
65,0.2981791448895905,0.5473307977268854,0.0948401252218165,0.05559799048820326,0.0035591231125656746,0.0004928185609385608
66,0.18672810363941605,0.5322157355923061,0.18492851196416102,0.09064693837958188,0.005480710424534817,0.0
67,0.3761649221902355,0.4219551159926578,0.1518918752161196,0.046799585960460265,0.0027790816403787987,0.0004094190001479756
68,0.48932479671828816,0.4104203638102357,0.08183860552691383,0.015800107818270428,0.002218729768808631,0.00039739635748325014
69,0.5913108105774164,0.3236910777258304,0.06848862799215391,0.014715392298316865,0.0014022058475407445,0.0003918855587416008
70,0.43018945714526485,0.28984624438620743,0.16964999533154088,0.10108581576723874,0.008550022040976202,0.000678465328771794
71,0.4237033426779189,0.3745398474942708,0.1402787307489826,0.05684505464548839,0.004034868657240277,0.0005981557760987529
72,0.360008569874438,0.4104997120728857,0.1488162732934575,0.07358008036958104,0.0065637949562368965,0.0005315694334008817
73,0.8747653307940049,0.11246392125798842,0.010613351079563058,0.0016786997224940516,0.00036354675422158587,0.00011515039172808712
74,0.24352866960724864,0.513972948731036,0.16629435305324322,0.06813501076603895,0.007389808471757688,0.0006792093706755284
75,0.0,0.46894516098079264,0.27001069866725913,0.2372767491906385,0.02230939749386329,0.0014579936674464125
76,0.48634982767018536,0.3799984995728404,0.10273826990943874,0.028445961078772394,0.00201529327920623,0.00045214848955671096
77,0.6525058743325052,0.20707828004121023,0.08276719714368756,0.05264755738262097,0.004675249485568582,0.0003258416144074228
78,0.5127739876059964,0.36958979946421877,0.08339920091182937,0.030538517913368445,0.003342072096080673,0.00035642200850644393
79,0.2272584294814264,0.4922336129253554,0.211581925224533,0.05864851531847025,0.009605271899165043,0.000672245151049788
80,0.17443140950771102,0.5204973466313995,0.2179157750577987,0.08052244964587062,0.006416799216064063,0.0002162199411562768
81,0.40095874854039665,0.39319100099414367,0.14588906979855673,0.056071579123429215,0.002942163967424762,0.0009474375760489923
82,0.496327052605634,0.34107019133444993,0.11854039416405442,0.03974921312391129,0.0037876380015955695,0.0005255107703548477
83,0.22759199514308365,0.5080329652967894,0.19207878804350753,0.06673922695229721,0.004898753412441624,0.0006582711518804999
84,0.0,0.661287275825606,0.23456975307561237,0.09713479829468762,0.005206397214333545,0.0018017755897605562
85,0.660469570109331,0.12999914996482242,0.08718944222128575,0.10619658631582841,0.015308396513326203,0.0008368548754061735
86,0.5529422658239196,0.28386465669934985,0.11062740747956895,0.04833288188711439,0.0037392924486179075,0.0004934956614294078
87,0.5511195150000952,0.4064182676123086,0.03579958730634764,0.004762073081069398,0.001714243032820747,0.00018631396735834584
88,0.6894330250107565,0.19532767990030472,0.07986348541485742,0.034136154650478485,0.0011576729998186589,8.198202378428405e-05
89,0.9720260635266073,0.017979350345577898,0.0,0.001573933594099165,0.006293886615602723,0.0021267659181128974
90,0.9173839205208055,0.08066961688817716,0.0016680136427128021,0.0,0.0002784489483043483,0.0
91,0.7704602260228541,0.1713052288423938,0.04931566422296952,0.008918880911782515,0.0,0.0
92,0.3952291760673971,0.468935820692078,0.10242378925817418,0.029757203293643036,0.002998279338423455,0.0006557313502842239
93,0.8664341780989313,0.13085685690505355,0.001941813796389178,0.0004630279589006992,0.0002022220872034464,0.00010190115352178731
94,0.23765948222768835,0.44501098266104416,0.22158801168642114,0.08628461958792556,0.008556750728214765,0.0009001531087058639
95,0.5690725889971736,0.2630642232509001,0.11217080826940691,0.05198890147542769,0.003291372802319473,0.0004121052047721321
96,0.6237703730473734,0.29900478247073414,0.07097727892195074,0.006247565559941849,0.0,0.0
97,0.3100137293295033,0.5165605858405821,0.14165148604576483,0.027338069620641336,0.0035097309184670407,0.0009263982450414217
98,0.584720937251909,0.30821702319421956,0.08361432409827879,0.019750510764940773,0.003281769095099337,0.000415435595552539
99,0.5858570096600108,0.26281894098978315,0.10828014523229545,0.03814628481780338,0.004206322509740293,0.0006912967903669211
100,0.8511573818818677,0.14108469402618304,0.006838121703196868,0.0009198023887523187,0.0,0.0
101,0.6142346832758487,0.2902972091923236,0.06938404728626499,0.02355823398654686,0.002356210369376977,0.0001696158896388831
102,0.41092164814650695,0.25150043720681176,0.18235200978234656,0.14116780872652754,0.013054345205530124,0.0010037509322769192
103,0.0,0.5222743152786878,0.26172135370182376,0.19486167062219822,0.01932824260850706,0.0018144177887830688
104,0.8380558880041413,0.15024399571055636,0.010116430822048512,0.0009884446939416494,0.0004709364527013433,0.00012430431661100404
105,0.0,0.8047433457011156,0.14778967599768114,0.04746697830120325,0.0,0.0
106,0.29135021694500146,0.5196694616179297,0.15776992785642288,0.028307636836683196,0.0023455554504503446,0.0005572012935123397
107,0.3768302955947138,0.452951218615229,0.12299327591851766,0.04062572232731167,0.006249156898921383,0.0003503306453064129
108,0.0,0.591677573422999,0.23796143893204533,0.15685167074886047,0.012744771497314145,0.0007645453987811843
109,0.7629284638521312,0.15598581048921287,0.05974022963903986,0.018305963300794887,0.00276392777721338,0.0002756049416077694
110,0.0,0.7569134654756263,0.17813363459211465,0.03968432845697005,0.005130617671805107,0.02013795380348395
111,0.4921236082661136,0.38716439507203704,0.09556408346962486,0.02242074814162858,0.002418607584090833,0.000308557466505169
112,0.7243230094483656,0.1556540971864599,0.06547278756570625,0.049276299176958714,0.0047794213761279125,0.0004943852463815739
113,0.6728483765300503,0.27523844107185647,0.03990624809432083,0.010885378824393863,0.0008586507285668696,0.0002629047508116578
114,0.6100228907933688,0.2954832492229005,0.06863256256804735,0.02313655989435571,0.0024288464501456045,0.0002958910711820983
115,0.7596881084164638,0.1871424032178295,0.04044859462928887,0.01196470663541172,0.0007561871010059214,0.0
116,0.0,0.5847204069125954,0.24664696222764035,0.15388738056112808,0.013799870058763547,0.0009453802398725693
117,0.3894023976340799,0.41278642940623267,0.13351986503967625,0.0563930851992661,0.007174185429466675,0.0007240372912783677
118,0.5167494798634796,0.35605754636115905,0.1021758548688962,0.02266612491848219,0.002062747770746129,0.0002882462172367846
119,0.5901516628403654,0.3075284648391772,0.0845008304860378,0.015558787024455225,0.0019033013296969957,0.0003569534802672621
120,0.3742260581856804,0.4241564905174597,0.14222316066625898,0.054088126212919564,0.0044115398749508565,0.0008946245427305089
121,0.3787251905950399,0.42095026232330585,0.12893890427006074,0.06439475734802917,0.006521429081505853,0.0004694563820585263
122,0.0,0.6647970868678391,0.23841892615644578,0.08580551840949263,0.009737650462779029,0.0012408181034435455
123,0.4320388982388174,0.386557522286229,0.12286423860190984,0.05264020584829388,0.005185078419019079,0.0007140566057306721
124,0.0,0.6835255886605465,0.2461158871554523,0.07035852418400117,0.0,0.0
125,0.2878599270894061,0.429106883095553,0.20358027524779726,0.06883745296984355,0.009521722979081701,0.0010937386183183964
126,0.6874942767484385,0.1406233073500941,0.10283526102851932,0.05994070677191644,0.00778861726156815,0.0013178308394634932
127,0.7583125538451067,0.16560013985591168,0.05360810664417415,0.020281282353008984,0.0019733994305877298,0.00022451787121086138
128,0.6294296876253446,0.2764535827124656,0.07487926287169908,0.016556505601413397,0.002680961189077516,0.0
129,0.3052357637395951,0.45205608729928193,0.17159787734490362,0.06480646539380933,0.005418441263184244,0.000885364959225755
130,0.342707424527662,0.3997255342792816,0.1749556839188622,0.07347168385850603,0.00778559205066538,0.0013540813650227519
131,0.4780190846773287,0.41244563622571295,0.09070077913950933,0.015178021876569024,0.0031465067535115217,0.0005099713273685928
132,0.0,0.6721889076635785,0.24582949662131803,0.07676381891236347,0.00425508847322753,0.0009626883295125792
133,0.23540216528988306,0.5965500687457501,0.12982920611822346,0.03352250157955537,0.004189252150970158,0.0005068061156177398
134,0.6020392444139848,0.29670024775253995,0.08275721466941925,0.017096141383105716,0.0012117001712983076,0.00019545160965204128
135,0.0,0.5571006356964627,0.2671697113420321,0.15777637618212528,0.017953276779379843,0.0
136,0.10845337285968974,0.3391269515041341,0.2606188801335581,0.2504681859542123,0.038657342169178426,0.002675267379227456
137,0.0,0.5899972881019819,0.28614251854091427,0.1137736129827053,0.009586741660708751,0.0004998387136895974
138,0.51984346956774,0.3856317846183346,0.06308862435411743,0.027689351705728497,0.0034741464452971156,0.0002726233087823356
139,0.0,0.6478658901807884,0.2547745081262373,0.0937664955914605,0.003593106101513726,0.0
140,0.0,0.7615792317589145,0.17852864523491813,0.05989212300616739,0.0,0.0
141,0.0,0.7445043306658364,0.19871533332260008,0.04894388742735042,0.006781996060205513,0.0010544525240075789
142,0.4644007955244174,0.43371808510626453,0.08428627997542658,0.01759483939389158,0.0,0.0
143,0.0,0.5234769455472557,0.321553181254033,0.13541275676395867,0.018218579256727246,0.0013385371780254823
144,0.6336821382855748,0.32512100980099157,0.037144569019738206,0.003839813377187522,0.0,0.00021246951650795724
145,0.6909738433806151,0.29344650441817227,0.015579652201212501,0.0,0.0,0.0
146,0.5914004996054967,0.31118030256148177,0.081249144902822,0.013244588722926809,0.0026343874063343682,0.0002910768009383191
147,0.5234059571167883,0.28276635015825186,0.12565502069658221,0.06167136233352212,0.005842529863376249,0.000658779831479114
148,0.7965921677148048,0.17437090965052648,0.023919851404594353,0.00422223344181978,0.0007411337897163117,0.00015370399853847507
149,0.0,0.5044231773056466,0.2689761892681248,0.20264788033440725,0.022322432353637133,0.0016303207381841499
150,0.6829650022752854,0.255514729346158,0.051005154408260645,0.009424616860312714,0.001090497109983087,0.0
151,0.0,0.7262120829285185,0.2039561881130688,0.06545821203289803,0.003381726567109186,0.000991790358405481
152,0.0,0.7081291383294229,0.2249108234122192,0.05960963189858933,0.006968647425280316,0.00038175893448807595
153,0.0,0.5202837189042773,0.3273509919181546,0.13827627863135714,0.013005003684897373,0.0010840068613136682
154,0.0,0.6045795983036755,0.280498596463941,0.10677644582008654,0.008145359412296993,0.0
155,0.8180330366190232,0.16108852820679442,0.013565289685131045,0.007313145489051469,0.0,0.0
156,0.6252429520486468,0.28177107943356006,0.06849080399870182,0.02311092304473102,0.001384241474360416,0.0
157,0.0,0.8137066023822498,0.1521091428408909,0.03418425477685931,0.0,0.0
158,0.0,0.7487717030940768,0.17746633092186007,0.06726084965404842,0.005549071162243698,0.0009520451677710345
159,0.236151886777015,0.5015458063471199,0.19889626268417201,0.057319827898630875,0.005683716953008775,0.00040249934005344646
160,0.0,0.6537187856182826,0.24048001318175172,0.09694411983266606,0.007811246325798705,0.0010458350415006945
161,0.0,0.5485150465975674,0.3184994801856754,0.11964772313983754,0.011977153586119242,0.0013605964908003608
162,0.0,0.5225445803465875,0.30301185148056675,0.15844734428997984,0.015996223882865895,0.0
163,0.6483276107474495,0.26970599760717884,0.05985296247131553,0.021301514478014875,0.0008119146960414421,0.0
164,0.3929641572643127,0.4240903068223343,0.13135698801943066,0.046927494155041695,0.004099007687479727,0.0005620460514008572
165,0.677952881152081,0.18630941409484875,0.0817782438417628,0.04873591265872338,0.0047345398191846605,0.0004890084333994432
166,0.0,0.6668636183865336,0.25517126939576373,0.06974695191972935,0.007215737314272928,0.0010024229837002979
167,0.7275810431223393,0.19485856439939203,0.05975955084860047,0.016650681553623207,0.0008913575390501319,0.00025880253699484885
168,0.0,0.19437127363419882,0.24872451720770938,0.4429254571589065,0.11019563359551753,0.003783118403667766
169,0.8328849420037463,0.134218407961796,0.026935516979276007,0.004925762630144118,0.001035370425037236,0.0
170,0.3646054650999258,0.20030363435867196,0.2384866747179296,0.17298063436435632,0.022586755825781207,0.0010368356333349325
171,0.5657847677093001,0.19139955261292396,0.11752355027173247,0.10686626665366988,0.017387017955234726,0.0010388447971388744
172,0.3139436386931043,0.4065728181984599,0.19552687224970955,0.07829056505103439,0.005160204159249819,0.0005059016484418912
173,0.0,0.8498882326285415,0.12336866365726741,0.026743103714191172,0.0,0.0
174,0.3709790893020364,0.4572920224646383,0.11640745825415005,0.051193483827303723,0.0035635792074225734,0.0005643669444489992
175,0.0,0.9514241952414191,0.04857580475858088,0.0,0.0,0.0
176,0.2981581707766433,0.4644623671063274,0.1594990351502391,0.07157071466669762,0.005559666223452076,0.0007500460766405307
177,0.4925479066456069,0.33153551838318807,0.11445840088105627,0.056488120921111704,0.0049700531690370165,0.0
178,0.6207987515326,0.3600380307880779,0.014256598376183436,0.0035694791345233794,0.0010325371147802609,0.0003046030538351292
179,0.4697187008273427,0.3647843595365363,0.12245048352822993,0.041445402668611325,0.0016010534392797283,0.0
180,0.0,0.7576393000589209,0.2118446659145072,0.02491132382710129,0.00560471019947052,0.0
181,0.4440048187408555,0.34070155809442687,0.14559003501656426,0.06245354584085233,0.006424479731855015,0.0008255625754460855
182,0.5153153634816086,0.3292720909512301,0.10489386825066874,0.04571437840027769,0.0041800469422018805,0.0006242519740131214
183,0.0,0.43704534795039396,0.29340057303983547,0.2383795649594831,0.030242253166521228,0.000932260883766374
184,0.0,0.6330361065761971,0.2375573113874834,0.11575454618000086,0.012516383346597477,0.0011356525097210878
185,0.5317373789572167,0.33639808937887905,0.09701675576165515,0.032396312213680674,0.0021957683741469047,0.0002556953144215786
186,0.4567399155546695,0.37209820376268143,0.11840124393846964,0.04898794284684529,0.003326482187520236,0.00044621170981399357
187,0.40943413738873524,0.5281461537249265,0.05044870122289156,0.009313205183875635,0.0022186005142504545,0.000439201965320604
188,0.5231981357069172,0.22368428364175957,0.17572240677889792,0.07155440889632854,0.005159797230914656,0.0006809677451821175
189,0.47770849534260634,0.35796085955871015,0.11458441380348362,0.04460865074845131,0.004693465709384838,0.00044411483736361905
190,0.0,0.5154645669567439,0.3314743113820602,0.1408982279445147,0.012162893716681203,0.0
191,0.8132102540863835,0.15053842838377293,0.029558515176591544,0.005044346789672838,0.0014485873422322004,0.0001998682213471063
192,0.43243416099364645,0.3677219332452487,0.14735188479977995,0.048729937761854906,0.003457848588304621,0.0003042346111653384
193,0.0,0.636342966150377,0.2233520568869794,0.11957186800645177,0.018989682041888667,0.0017434269143031872
194,0.5649453484682259,0.27988429251571245,0.10640714364957246,0.0447281884720901,0.003594522333495249,0.00044050456090404146
195,0.5164376744316254,0.3604799440663965,0.09715480518986269,0.02321862957921124,0.0023758019075709427,0.0003331448253332075
196,0.5076403682575292,0.35670444344931174,0.09293031083423994,0.039404328570504736,0.00332054888841431,0.0
197,0.0,0.597104992811054,0.27074522587829797,0.12535641128312014,0.006793370027527832,0.0
198,0.6908137109756974,0.24975741367706067,0.04935234930923619,0.008659567500940877,0.001128418641795847,0.00028853989526903017
199,0.0,0.6523985705750507,0.24003118432135045,0.09854875513466085,0.009021489968938052,0.0
200,0.7692991755771342,0.19028918102307138,0.03228716086892562,0.008124482530868764,0.0,0.0
201,0.4929697709736902,0.40924402109851626,0.07723853846317912,0.015282712025655823,0.005264957438958589,0.0
202,0.5153960480868773,0.2741805898650498,0.13435105127071423,0.07029297379028532,0.005779336987073401,0.0
203,0.0,0.8529261955286325,0.12839907082009644,0.01530846052209739,0.0033662731291736487,0.0
204,0.9586044146276349,0.03989476120437562,0.0014114697296271138,0.0,0.0,8.935443836225016e-05
205,0.3541523092776214,0.4704052010128932,0.13705645658034288,0.033403523999354236,0.004301307546770259,0.0006812015830179623
206,0.5063189115004735,0.3477241949914059,0.12652918032671917,0.017013746215027655,0.001729293079257494,0.0006846738871164532
207,0.0,0.7875305314398673,0.17800284828375262,0.03446662027638005,0.0,0.0
208,0.34099132879779487,0.5176274738772716,0.11846944005060489,0.02016655914746756,0.0027451981268610324,0.0
209,0.21648733773696005,0.6043059174211463,0.13255571253394186,0.04241083819798741,0.0038125093724701324,0.00042768473749442085
210,0.5017345373259702,0.3821572685722492,0.10421917924589584,0.010385574145373715,0.00106031196801252,0.00044312874249850516
211,0.0,0.645431888738804,0.25909429403913775,0.08782855719376635,0.007076762323121726,0.0005684977051701765
212,0.5179001978829181,0.3722653611327456,0.0783233157684926,0.028574729567864325,0.0029363956479794852,0.0
213,0.20193552399603495,0.3041448456160537,0.24505529863123432,0.21006292009857638,0.037594544365829194,0.0012068672922715194
214,0.5113246962062663,0.33334286789093653,0.11935941075368539,0.030462595027417272,0.004979137522117791,0.000531292599576664
215,0.600602209382512,0.29444127991254815,0.073474545121965,0.027960156930225643,0.003144534086801652,0.00037727456594752575
216,0.7114391753520849,0.21391558520963086,0.055768877389203934,0.0166761484942339,0.002200213554846389,0.0
217,0.0,0.6386161335941495,0.23720720029290943,0.11521052823781154,0.0077163237451892495,0.0012498141299403442
218,0.0,0.6686951193438252,0.22495704420242238,0.09527622997630003,0.011071606477452417,0.0
219,0.0,0.7412182336374996,0.22243717748877018,0.03241359407676675,0.003930994796963484,0.0
220,0.5123620782918229,0.21376199654460076,0.13386495017139077,0.12101212744752964,0.01804618455754012,0.0009526629871158753
221,0.3925221352542486,0.40188951527532313,0.1301914154238846,0.0686751677392879,0.005661763510816517,0.00106000279643913
222,0.0,0.8182856355812427,0.14017973304159353,0.03877420044940443,0.0027604309277594456,0.0
223,0.0,0.7124458984987523,0.21508038353446468,0.06681507600132339,0.004964857910894557,0.0006937840545651535
224,0.42596406265715214,0.31453437686305485,0.1355354243243103,0.11071190004117842,0.011607671534255654,0.0016465645800484876
225,0.0,0.8763872356202993,0.10718271525672635,0.01643004912297444,0.0,0.0
226,0.0,0.5848649575417063,0.2662311600985906,0.12953059057582297,0.017830632040580562,0.001542659743299713
227,0.671692306427311,0.25546428865117404,0.06198844425453028,0.01085496066698482,0.0,0.0
228,0.5173991824761311,0.3201908813629364,0.11050292326879238,0.04682649433990699,0.005080518552233238,0.0
229,0.7439567385022416,0.1475831697798875,0.05411701545708355,0.04806959942390957,0.005887236408337691,0.0003862404285401351
230,0.2245071395710754,0.4632798582718647,0.19886619356069918,0.09815918410450708,0.014233479416834258,0.0009541450750194038
231,0.8595786437896152,0.13691611346494653,0.002383263377856041,0.0008266067936902146,0.0002953725738920409,0.0
232,0.816958209210645,0.16522746964606003,0.013598857051700825,0.004215464091594224,0.0,0.0
233,0.3152577629897242,0.46623959836459816,0.16000116454516314,0.05075488331425686,0.007073573788469295,0.0006730169977883399
234,0.2020655516209439,0.4077538452708713,0.17444412507576404,0.18683917971346106,0.028030271568708885,0.0008670267502511599
235,0.0,0.3892058936622936,0.29561810754495643,0.2780995546682002,0.035983534750587895,0.0010929093739618944
236,0.0,0.822322421329624,0.16360752500282522,0.014070053667550864,0.0,0.0
237,0.28730613694107293,0.591803434249082,0.08907252251416346,0.028407772128113476,0.0029093178243176647,0.0005008163432504615
238,0.7345875805734107,0.18451132860688646,0.050803902754980784,0.02910206074435713,0.0009951273203648394,0.0
239,0.0,0.5293260251210105,0.28040777828355423,0.17276554891811702,0.015829373788939075,0.0016712738883792066
240,0.7613107293191931,0.20389848995215598,0.028473040256306238,0.00536007829574367,0.0009576621766007476,0.0
241,0.5920454410830014,0.29552575498005473,0.07498871730971166,0.033667445917858675,0.003208116275852388,0.0005645244335210676
242,0.0,0.4834102343376109,0.33918011645784857,0.17740964920454055,0.0,0.0
243,0.0,0.6034021708498135,0.267406774935873,0.12143719730896171,0.007168218936925883,0.0005856379684259085
244,0.2246861502442738,0.4803033223131444,0.18072553849932504,0.10602842467986567,0.007386207357746329,0.0008703569056448308
245,0.7348989365962315,0.24835705152290777,0.016744011880860627,0.0,0.0,0.0
246,0.6232284957908809,0.28787535287579497,0.0701857943397929,0.01701154152340109,0.0012382655544090045,0.00046054991572122876
247,0.5419919796886341,0.40891635087984035,0.04909166943152551,0.0,0.0,0.0
248,0.5084422881461461,0.29847700459200127,0.10858996507249936,0.07624835017608128,0.007589633287874874,0.0006527587253971218
249,0.0,0.532610346299881,0.2276030994545162,0.19792852626217078,0.039258539419044114,0.0025994885643879995
250,0.43943769824104967,0.27122370219388503,0.15341509316287275,0.12118677973261481,0.013795319150248876,0.000941407519328962
251,0.0,0.2549230397451865,0.2667042117928603,0.3972059580839612,0.07576914483745646,0.005397645540535265
252,0.0,0.5720791958933491,0.31214559580282325,0.10462051774786148,0.009485542642791419,0.001669147913174997
253,0.0,0.7451551108391629,0.19442981713982999,0.05398490460046547,0.006430167420541703,0.0
254,0.6733122642367232,0.18674252966528954,0.10563744905219026,0.03212777656991293,0.0017247344691410018,0.00045524600674303145
255,0.0,0.5850429441052127,0.21943229512522272,0.17997620308405843,0.013109374143024611,0.002439183542481423
256,0.7836905021913907,0.07501688135170395,0.07586453200784886,0.05675292151726171,0.008675162931794725,0.0
257,0.0,0.7135803519561731,0.20450013615128676,0.07908800386462424,0.0028315080279159017,0.0
258,0.35450881520824595,0.308094483131199,0.21088431558174475,0.11170944985297523,0.013422824718879805,0.0013801115069552853
259,0.1929567032872619,0.4485180817205503,0.21505132660562046,0.12838103189881137,0.013906139149731038,0.0011867173380249148
260,0.6600538273867355,0.2781107769206725,0.047104474553867556,0.013441719305464174,0.0009650161485525299,0.0003241856847078682
261,0.5018587503346844,0.4118889447737035,0.07449437773958399,0.009106490985864985,0.002651436166163092,0.0
262,0.0,0.5525937340971057,0.28627506206303216,0.13718804637212292,0.02273465438045875,0.0012085030872804774
263,0.0,0.361827315562653,0.27056430810367355,0.3231041076269528,0.043069178178767466,0.0014350905279531085
264,0.0,0.7972955054680704,0.15788776720253114,0.038859101965828376,0.005363899223202945,0.0005937261403671127
265,0.0,0.5065106435960821,0.23547860004994128,0.230050264848878,0.024619527872158025,0.003340963632940482
266,0.35902816391976716,0.4553556829208332,0.13604342048168422,0.04335127006897914,0.0054797283773532395,0.0007417342313832385
267,0.0,0.48519239209061416,0.28613248754393755,0.2099231295288673,0.017050573923953347,0.0017014169126277124
268,0.4795525315483642,0.27359169280724305,0.13981682899988887,0.09820821023592621,0.008337478574346588,0.000493257834231207
269,0.0,0.5865586956457929,0.2936660502421515,0.11188783818437825,0.00788741592767738,0.0
270,0.0,0.7684876940661901,0.1876197328274761,0.03829283434496791,0.005599738761365877,0.0
271,0.0,0.3436698658367111,0.25018477831715874,0.3273372853539697,0.07682746363197326,0.0019806068601871587
272,0.3107903979255443,0.33188941485880097,0.138106348333906,0.15247416007878814,0.05891217135559478,0.00782750744736575
273,0.2657061030521467,0.2311991619277456,0.2190589788524673,0.24094980327803603,0.039444680602036396,0.003641272287567871
274,0.0,0.5378240256952421,0.29118282318571437,0.15850469725986305,0.011771434012360218,0.0007170198468202565
275,0.0,0.75666108691746,0.16859689881620207,0.07474201426633778,0.0,0.0
276,0.0,0.7731218824554634,0.17307339689918674,0.05380472064534978,0.0,0.0
277,0.0,0.6349833845335563,0.22888635507130256,0.12717999468711802,0.0078010080316528235,0.0011492576763704894
278,0.25713033898114523,0.4302028821044055,0.19949746516683095,0.0988451007000612,0.0135151265293444,0.0008090865182127149
279,0.7063001956282281,0.14930017579311805,0.07055757789132343,0.0657510907271394,0.0073248899973767205,0.0007660699628143509
280,0.0,0.6630055769696049,0.23766325657993015,0.09520745558178965,0.004123710868675394,0.0
281,0.0,0.4314766399295256,0.32717833860328505,0.19930946922256382,0.038284679255564155,0.00375087298906137
282,0.0,0.5284081338787633,0.260026447209079,0.17584879086408337,0.033049576635616515,0.0026670514124576207
283,0.0,0.46670191791163324,0.3113558131444598,0.19475386984380233,0.025632293027959423,0.0015561060721452507
284,0.0,0.728839802804673,0.22736984435091348,0.04379035284441347,0.0,0.0
285,0.0,0.7087374432694534,0.17079818924461188,0.10073874921233147,0.018504543428034228,0.00122107484556901
286,0.0,0.8127370866754348,0.15268333379508955,0.03141617879514723,0.0015387646515603241,0.0016246360827682875
287,0.0,0.6913142369337495,0.21953560913652143,0.07956978691477021,0.008579717403913627,0.0010006496110451688
288,0.0,0.5928915114506946,0.24362659743355375,0.15566375295818233,0.006728346803115703,0.0010897913544536883
289,0.7986947966368162,0.17624525627054458,0.021022717364468157,0.0040372297281710875,0.0,0.0
290,0.5526540342336527,0.3021098993286324,0.09482825116281637,0.04455575381075842,0.004921422940548607,0.0009306385235914316
291,0.9467676254660938,0.052871056759882046,0.0,0.0,0.00036131777402405015,0.0
292,0.955130321846991,0.04288703414762425,0.001076032010673512,0.0006809270192342534,0.0002256849754768788,0.0
293,0.0,0.43736066164097587,0.2937789191144337,0.2473544080094972,0.02014659387997246,0.0013594173551207396
294,0.23768127962331148,0.5973220948050115,0.12236591004226799,0.03897540173405687,0.0028919734686219333,0.0007633403267301991
295,0.7647690462706962,0.2173986583340634,0.01652506006520831,0.0,0.0008978782738245694,0.00040935705620752334
296,0.4344900670075637,0.38615741019977656,0.11938422925473724,0.05479329418370142,0.004771063717056392,0.00040393563716462945
297,0.36031630099286327,0.4869014634075472,0.13239420418203013,0.017461916002293743,0.002256159502925722,0.0006699559123399751
298,0.7099182623173379,0.16399195396013835,0.06634702309942703,0.05430701740583271,0.005435743217263903,0.0
299,0.0,0.6477177074442214,0.22381520787214604,0.11207494149842336,0.01525634180921575,0.0011358013759934628
300,0.0,0.6838593268903834,0.2172441573820769,0.08785288737573753,0.009830004937956476,0.001213623413845628
301,0.0,0.5603799547848671,0.35124097405378557,0.07616639782690851,0.01001072058369714,0.0022019527507414712
302,0.0,0.7162000933858428,0.20913689383489806,0.06309949685273242,0.0106676024227005,0.0008959135038262592
303,0.6319543140273516,0.2869369324535012,0.06584065549142619,0.01277594058483271,0.0021804154776511884,0.0003117419652372417
304,0.0,0.24552690945057135,0.27614324495166914,0.39508023883221316,0.07950139718444475,0.0037482095811015165
305,0.7280854351899829,0.2254515520459472,0.03581515955550451,0.008611936288781898,0.0018463892195629016,0.0001895277002206292
306,0.6233134404238477,0.21468677852450066,0.12225062334097922,0.0386280991707694,0.001121058539903055,0.0
307,0.5241578413433492,0.2453678618871873,0.15287303526891968,0.06738021645825157,0.00943595422445057,0.0007850908178415561
308,0.719999412377809,0.21104506947515558,0.04592981769238316,0.02115930881309829,0.0015027847402046019,0.00036360690134936395
309,0.0,0.5391247248656111,0.29179440041349497,0.1537057715274626,0.013561456934150205,0.001813646259281051
310,0.4223319740882091,0.3652117852246676,0.14839199501177783,0.05749942109785078,0.006074033912752688,0.0004907906647419018
311,0.0,0.5916317549470913,0.2532021307119121,0.14728757466884237,0.007878539672154317,0.0
312,0.0,0.7692845130301307,0.1791351154739627,0.05158037149590643,0.0,0.0
313,0.5608925895958959,0.30598599419164574,0.10557703011926113,0.027544386093197402,0.0,0.0
314,0.47842287920366555,0.3127696160887189,0.12205811185909611,0.08068323526035957,0.005371190425719101,0.0006949671624408542
315,0.0,0.36101477790759756,0.27680333346951913,0.30413098572717967,0.055439104442580475,0.0026117984531232813
316,0.319356792983238,0.3976760822497631,0.2120444376577251,0.06394060710683216,0.006561473336013898,0.00042060666642791764
317,0.0,0.5883866675347509,0.3100935890408307,0.08422556258717907,0.015631483988587432,0.0016626968486519716
318,0.6664448182022095,0.28245182362224397,0.04132311387830824,0.008297725336166524,0.0014825189610716118,0.0
319,0.0,0.6912077732049341,0.24557624110303927,0.06321598569202659,0.0,0.0
320,0.0,0.3909214774698896,0.27402294286970297,0.29548551982832144,0.03712055462376089,0.0024495052083249374
321,0.0,0.7132905155281698,0.22859646050265336,0.058113023969176864,0.0,0.0
322,0.27325184953413895,0.5803397172932548,0.11248312021483134,0.029964038654588358,0.003368523414804281,0.0005927508883821817
323,0.0,0.7947553016679417,0.18074622489751624,0.024498473434541965,0.0,0.0
324,0.6551312757381443,0.258637591147482,0.06228647515721311,0.022816559731877524,0.0011280982252831217,0.0
325,0.0,0.6731650307785824,0.2411982668733657,0.08563670234805196,0.0,0.0
326,0.0,0.5191235348598907,0.2565908171340031,0.1894450475132104,0.03238979262400945,0.0024508078688863896
327,0.0,0.806802148130485,0.15704291485652802,0.032918597603420495,0.0032363394095664202,0.0
328,0.5498155679274371,0.23363290990612112,0.1190312750972083,0.08528725719332517,0.011487922083384738,0.0007450677925236129
329,0.0,0.7341460173309106,0.19923854589762144,0.06661543677146806,0.0,0.0
330,0.7540278401373423,0.17797018892945188,0.05653228285610687,0.010274094141251095,0.0009894166671142108,0.00020617726873377085
331,0.7676826647748988,0.09617433474409383,0.05870715676983116,0.0684118059083125,0.00850498522332883,0.0005190525795349989
332,0.0,0.794812222898529,0.1724837228189812,0.03126927943749461,0.0,0.0014347748449952255
333,0.5907438096564781,0.2164577826711194,0.12378160274957543,0.061591810680950515,0.007103048696046851,0.0003219455458296518
334,0.0,0.6890335164954102,0.2167866184102655,0.08875396553108622,0.004579722735822875,0.0008461768274152999
335,0.29353320859030846,0.4873593379658102,0.14119265727242578,0.07377931879682402,0.004135477374631587,0.0
336,0.0,0.6860589850900783,0.24366947191757468,0.06579343604161632,0.004478106950730793,0.0
337,0.0,0.47701268799669994,0.3522171568911112,0.1483828400539682,0.021070120767068552,0.0013171942911519923
338,0.0,0.4846679923458924,0.2794402433579475,0.1412919930975716,0.030953027505290408,0.0636467436932982
339,0.7388961870296408,0.18274280202679563,0.05726935382894909,0.019573528258175352,0.0015181288564391972,0.0
340,0.0,0.7280689622190035,0.1891478715705291,0.07203879436683587,0.010744371843631549,0.0
341,0.8368883083579821,0.08901504859071781,0.04918883134290981,0.02294271169981475,0.001965100008575547,0.0
342,0.7299838902661426,0.20803114693336494,0.04458730811417746,0.017397654686315035,0.0,0.0
343,0.4513263165374232,0.37767065719360743,0.10746096261574528,0.0584552122415426,0.005086851411681675,0.0
344,0.5349894550889861,0.2987764141952338,0.11107655572158397,0.04278563484683825,0.011648496283298782,0.0007234438640590788
345,0.5814549046374173,0.2302613666962983,0.10604863662693652,0.07144764394671016,0.009852415808463936,0.0009350322841738024
346,0.0,0.728317259842833,0.16990985561115488,0.09083250991018406,0.010118585585181328,0.0008217890506465343
347,0.6096175088921725,0.16514201320847208,0.13428776579637094,0.0740042918480046,0.015934240198415234,0.0010141800565647504
348,0.7229694302007,0.2210076975589455,0.04306998123854525,0.012952891001809378,0.0,0.0
349,0.6778397484488777,0.20560768523340056,0.07813206025249424,0.03584801483822364,0.0021119806566340217,0.0004605105703697708
350,0.0,0.6951870945208934,0.2479256054050514,0.05688730007405527,0.0,0.0
351,0.0,0.6724007391832922,0.2477624193705319,0.0798368414461758,0.0,0.0
