,C1-Rep3,C2-Rep3,C3-Rep3,C4-Rep3,C5-Rep3,C6-Rep3
0,0.9720260635266119,0.01797935034557428,0.0,0.001573933594098625,0.006293886615602435,0.0021267659181127617
1,0.5714829480124447,0.3699369724715767,0.05065343691109335,0.007617099398302411,0.00023891410083729013,7.062910574561768e-05
2,0.5088511372586846,0.381596121205308,0.08974912560695116,0.01928350298939517,0.00047050975065651,4.960318900463035e-05
3,0.9848574446138564,0.009627987141534594,0.0015718503406016576,0.00295162642167017,0.000991091482337349,0.0
4,0.991891584119427,0.007974652088329497,0.0,0.0,0.00013376379224342962,0.0
5,0.8247269740548291,0.16586455329753744,0.00909918988385303,0.00029291130241205804,0.0,1.6371461368499906e-05
6,0.8312345343605755,0.16080678813757918,0.006794911813758264,0.0008009216674240471,0.0003026424295483459,6.0201591114676686e-05
7,0.7565557540051192,0.20305327646803767,0.026111976767594258,0.013140671605894112,0.0011383211533548105,0.0
8,0.9031596578587486,0.08275282270650139,0.009130287419033456,0.003761531085283369,0.0010752905753174493,0.00012041035511584472
9,0.44741486428281757,0.4343436588617838,0.09600005886916946,0.021675131908581557,0.0004900396432845583,7.624643436323611e-05
10,0.9173839205208099,0.08066961688817287,0.0016680136427128479,0.0,0.0002784489483043569,0.0
11,0.8664341780989351,0.1308568569050496,0.0019418137963892496,0.00046302795890071667,0.00020222208720345396,0.00010190115352179097
12,0.8363494374929812,0.1576918761199326,0.004509400133186538,0.0009984670173705976,0.00040252512161472403,4.829411491437576e-05
13,0.6698920175151604,0.22708146684810535,0.05038267098421681,0.04690889072880479,0.005112170390846005,0.000622783532866868
14,0.982404582330592,0.014969019173699433,0.0,0.0,0.0016205910207012296,0.0010058074750072447
15,0.8361924131423368,0.1605277129993908,0.001620261412156026,0.0010817894798478697,0.00044177984434830216,0.00013604312192038736
16,0.9467676254660947,0.052871056759881206,0.0,0.0,0.0003613177740240595,0.0
17,0.9240321428643081,0.0358844424835414,0.011976898824509929,0.02153508019470388,0.0063326483284702716,0.0002387873044664055
18,0.7826883720883429,0.2044156003586248,0.0112981828391929,0.0011388551753694599,0.0003850697654921221,7.391977297765918e-05
19,0.0,0.6316726363104903,0.0,0.15517454513374654,0.17558767518455592,0.03756514337120714
20,0.8595786437896237,0.13691611346493782,0.002383263377856157,0.0008266067936902534,0.0002953725738920558,0.0
21,0.8511573818818708,0.1410846940261819,0.006838121703194869,0.000919802388752336,0.0,0.0
22,0.8316073359849209,0.02761470176814273,0.009821726873098333,0.06499058911414624,0.05925048928765836,0.006715156972033419
23,0.7704602260228606,0.17130522884239174,0.049315664222966404,0.008918880911781177,0.0,0.0
24,0.8071644854297992,0.1803292914559839,0.010978771893321408,0.0007020072567683113,0.000731643632003282,9.380033212390167e-05
25,0.8132102540863748,0.15053842838378265,0.029558515176589677,0.005044346789673432,0.0014485873422323682,0.00019986822134712988
26,0.8747653307940034,0.11246392125799008,0.010613351079562803,0.0016786997224940777,0.00036354675422159167,0.00011515039172808875
27,0.9039533507483657,0.0830471823412813,0.008967984441243658,0.00267303405906101,0.0013584484100482598,0.0
28,0.9586044146276349,0.03989476120437548,0.0014114697296271164,0.0,0.0,8.935443836225062e-05
29,0.652505874332505,0.20707828004121442,0.08276719714368512,0.05264755738262042,0.0046752494855677685,0.00032584161440743606
30,0.8889780911232161,0.017083205503638742,0.0032324252693618286,0.01764671137383058,0.048648300704436626,0.024411266025516278
31,0.7180919888425348,0.2575405929998473,0.021129512461989096,0.002405860009497663,0.0006478818346892631,0.0001841638514419004
32,0.6604695701093323,0.12999914996482384,0.087189442221286,0.1061965863158261,0.015308396513326045,0.0008368548754056667
33,0.43428292055155326,0.3683280782331637,0.1433043165085367,0.04931089251832672,0.004343832048980197,0.00042996013943943185
34,0.9409758887345684,0.049537038664033396,0.009487072601398189,0.0,0.0,0.0
35,0.7973534109622109,0.09734283667733754,0.05586251229433162,0.04308209505804294,0.00598850424714926,0.0003706407609277462
36,0.9446170595055513,0.0,0.007902472720765339,0.010308528259690562,0.029310055052519494,0.007861884461473227
37,0.16628210699805523,0.542224394220128,0.21651782618826318,0.07105126908903048,0.003584308292532829,0.0003400952119902584
38,0.8753410460271515,0.08197450299922136,0.02762806947179451,0.012687113058413513,0.0023692684434190913,0.0
39,0.0,0.0,0.0,0.035542847865376655,0.478741158818924,0.4857159933156994
40,0.0,0.6560322813801917,0.2797057059560532,0.06426201266375513,0.0,0.0
41,0.7473004243696201,0.22579115731085206,0.024654247263876123,0.0013474412990913786,0.0007561068001040321,0.00015062295645637587
42,0.5052869233453219,0.37238381266871645,0.09365199519031271,0.027492507709947402,0.0010767176930188051,0.00010804339268277667
43,0.8757591517277077,0.0588943073915277,0.01690789767428502,0.038594000319642253,0.009181943465703538,0.0006626994211338741
44,0.9029429762319209,0.08802496275550019,0.0065061640941062706,0.0015922294642959512,0.0009336674541769298,0.0
45,0.3132296546090474,0.47472304253503395,0.16931912915790084,0.03669316905892402,0.005318198335820492,0.0007168063032733269
46,0.8180330366190661,0.16108852820675,0.013565289685131965,0.007313145489051951,0.0,0.0
47,0.6056794237204874,0.2813853781693996,0.08045893032489962,0.03001856352483278,0.0023836834959378964,7.402076444268806e-05
48,0.955130321847001,0.04288703414761413,0.0010760320106735707,0.0006809270192342893,0.00022568497547689127,0.0
49,0.8586043128527473,0.031560877463998625,0.020924396649372304,0.05355762848528809,0.033009735727342254,0.0023430488212514006
50,0.7306301632003724,0.25826876698354423,0.00974256897606775,0.0,0.0,0.001358500840015599
51,0.6319543140273611,0.2869369324535005,0.065840655491414,0.0127759405848355,0.0021804154776516706,0.00031174196523730993
52,0.23485216023074715,0.5423571311364521,0.17092057189342946,0.04945462979650008,0.002005298469556297,0.00041020847331488985
53,,,,,,
54,0.6580194118396957,0.26450567009716847,0.06102209057478095,0.014529459300935868,0.0017382345783805374,0.0001851336090383389
55,0.5366048363831667,0.2767798294615388,0.11889970799664322,0.061603880580017374,0.00564222139964459,0.0004695241789891627
56,0.0,0.8498882326285411,0.12336866365726443,0.026743103714194496,0.0,0.0
57,0.6722361174339516,0.08026945889881167,0.05367297649525199,0.13833152601391374,0.05221956792921342,0.0032703532288574652
58,0.8844995208201816,0.009749730067253801,0.009633672320768167,0.042271386695936476,0.04896648678655674,0.0048792033093031486
59,0.8098309337291897,0.055365028820735226,0.013455989273714806,0.07160650927251183,0.04563759609752134,0.0041039428063270236
60,0.0,0.5224352798233648,0.3101012994122425,0.15928780245930488,0.007633175629800135,0.0005424426752876436
61,0.4662568650528303,0.36753030310714613,0.12757287128391773,0.03400902472266976,0.004160312874944265,0.000470622958491868
62,0.0,0.822515096950311,0.14870992772968455,0.028774975320004382,0.0,0.0
63,0.7249533516317124,0.1190131026762923,0.0723929210592087,0.06443210429949597,0.009697173625916681,0.009511346707374198
64,0.5913108105773828,0.32369107772585975,0.06848862799215723,0.01471539229831764,0.0014022058475410065,0.00039188555874167377
65,0.735796716579185,0.08645584710190611,0.035328811372171275,0.09908197925525403,0.04074776572980273,0.0025888799616809507
66,0.2162519479049867,0.43917656603183136,0.20527406431877976,0.1310128610854476,0.007951120885563606,0.00033343977339087856
67,0.723820035603449,0.022137934269368765,0.03700687789582271,0.1292671479999597,0.08050756025684747,0.007260443974552313
68,0.0,0.6720205339777372,0.23953355229476606,0.08352296461494274,0.004922949112554025,0.0
69,0.5498155679274278,0.2336329099061367,0.1190312750972084,0.08528725719331981,0.011487922083383626,0.0007450677925237137
70,0.0,0.5571006356964806,0.2671697113420295,0.15777637618211776,0.017953276779371984,0.0
71,0.3442462668897611,0.27869838018331805,0.1915391674545829,0.16408861334114722,0.019807556732328178,0.0016200153988625455
72,0.34287100689813194,0.5157150121866643,0.11003290963770473,0.02703696685363718,0.003843686348672008,0.0005004180751899196
73,0.9401470573712858,0.05975049180833353,0.0,0.0,0.0,0.00010245082038069377
74,0.8158325737207761,0.031460374916558675,0.03807544408860595,0.07595347331769879,0.03715142499324054,0.0015267089631200435
75,0.3913315745278821,0.4458533341210913,0.1259715643852603,0.03252093135191448,0.0037706047534659484,0.0005519908603858278
76,0.7986947966368219,0.17624525627054585,0.02102271736446085,0.0040372297281713885,0.0,0.0
77,0.6604530394218773,0.07794852692504317,0.03963587801749276,0.11965015940899504,0.09540295312116073,0.006909443105431021
78,0.0,0.7692845130301414,0.17913511547394148,0.05158037149591715,0.0,0.0
79,0.6894330250107673,0.19532767990030311,0.07986348541485211,0.03413615465047449,0.0011576729998186938,8.198202378428654e-05
80,0.2807064900493413,0.4655080316074719,0.18123605000620566,0.06502158245661813,0.006732519384233758,0.0007953264961294464
81,0.47801908467733495,0.4124456362256988,0.09070077913951582,0.015178021876570153,0.003146506753511757,0.0005099713273686311
82,0.0,0.7102532986024694,0.22043336338414093,0.06931333801338972,0.0,0.0
83,0.8331308758190173,0.11317619892457823,0.019903071400520403,0.0247960601147363,0.008993793741147796,0.0
84,0.0,0.7137162895179736,0.2862837104820264,0.0,0.0,0.0
85,0.0,0.6290616830156985,0.1761940711842514,0.16805479763827524,0.02668944816177495,0.0
86,0.5546162078079121,0.3313160718218541,0.072960757485151,0.037122235554980995,0.003510919680567336,0.00047380764953452504
87,0.0,0.5848649575417159,0.26623116009860665,0.1295305905758087,0.017830632040569165,0.0015426597432998085
88,0.4921236082661362,0.38716439507202743,0.09556408346962122,0.02242074814161892,0.002418607584090977,0.00030855746650518723
89,0.7345144120072317,0.027874963929012436,0.015615013634972762,0.0865695098018914,0.11808141805168401,0.017344682575207902
90,0.0,0.5597384330906624,0.2488007442066909,0.17380506067380383,0.017655762028842854,0.0
91,0.0,0.0,0.0,1.0,0.0,0.0
92,0.0,0.41506816221328846,0.310017501913555,0.21212992836013358,0.06278440751302287,0.0
93,0.7345875805734008,0.18451132860688535,0.05080390275499417,0.029102060744354438,0.0009951273203651098,0.0
94,0.0,0.696080081033234,0.22617440440749062,0.0777455145592753,0.0,0.0
95,0.0,0.0,0.0,0.19142706336613707,0.5320225797462028,0.2765503568876601
96,1.0,0.0,0.0,0.0,0.0,0.0
97,0.21034914587859593,0.6250067809810911,0.1347752160069368,0.026176366248595557,0.0033339699618592884,0.0003585209229214673
98,0.0,0.3724656472722908,0.33050798205172105,0.24493482196452768,0.04781343945260041,0.0042781092588600154
99,0.8739103911667427,0.05160672674592567,0.01806235996704671,0.04062781687563077,0.013581487993207075,0.002211217251447082
100,0.5526540342335775,0.3021098993286729,0.09482825116284062,0.044555753810766985,0.004921422940550207,0.0009306385235917348
101,0.5657847677092869,0.1913995526129166,0.11752355027174514,0.10686626665367634,0.017387017955236117,0.0010388447971390682
102,0.5919008200241663,0.08040643660555846,0.011862946447964422,0.046939314834925285,0.23387286297670265,0.03501761911068284
103,0.0,0.9006917406588838,0.0993082593411162,0.0,0.0,0.0
104,0.5818964511893202,0.15978384438843268,0.1498735383405287,0.09993273681560136,0.008513429266117135,0.0
105,0.8685157238570875,0.06794108466995324,0.015189189770049343,0.04198089962831471,0.0060004376795226326,0.00037266439507247797
106,0.2634257588640749,0.6023795744843387,0.11126778723065174,0.018270218200452076,0.0038462615488816273,0.0008103996716012734
107,0.5511195150000779,0.40641826761232086,0.03579958730635193,0.004762073081069992,0.0017142430328209632,0.0001863139673583701
108,0.8958960754058232,0.04515549197615662,0.025460558267283585,0.03145934860616007,0.0020285257445764988,0.0
109,0.6336821382855973,0.32512100980097747,0.037144569019729526,0.0038398133771879034,0.0,0.00021246951650797792
110,0.37473038088222593,0.5240195970750825,0.08319295438156234,0.015857235528233756,0.0019115189727383123,0.00028831316015719887
111,0.0,0.5908726310497513,0.2693815188222822,0.10523502238563935,0.03451082774232713,0.0
112,0.0,0.8068021481305179,0.1570429148564914,0.032918597603424,0.0032363394095667633,0.0
113,0.7439567385022383,0.14758316977988914,0.05411701545708343,0.048069599423913305,0.0058872364083356315,0.0003862404285401942
114,0.7647690462706909,0.21739865833406805,0.01652506006520902,0.0,0.0008978782738246073,0.00040935705620754134
115,0.7068462022046176,0.2575747775633306,0.02976597804417291,0.004227327559042512,0.0013986638254242074,0.0001870508034121702
116,0.6783981401145887,0.0649088035368598,0.004753026355158957,0.05134144146327894,0.1502501667022597,0.05034842182785396
117,0.0,0.7875486092928923,0.12548819673336634,0.08696319397374144,0.0,0.0
118,0.0,0.23708704201839248,0.2297850768617103,0.32423110060029375,0.1954317173504466,0.01346506316915685
119,0.0,0.6537187856182761,0.24048001318176046,0.09694411983266307,0.0078112463257995046,0.0010458350415008025
120,0.0,0.0,0.046884218916033914,0.36892684539599585,0.5085174384529114,0.07567149723505891
121,0.7807940524498533,0.0,0.0,0.07298932576450116,0.11816461477348479,0.028052007012160617
122,0.0,0.6912077732049486,0.24557624110302023,0.06321598569203107,0.0,0.0
123,0.6272055017040985,0.09545822359183981,0.17392502682915714,0.09273385992194302,0.010677387952961482,0.0
124,0.0,0.6176084288852469,0.26544771596666644,0.11694385514808647,0.0,0.0
125,0.0,0.36861524660377154,0.33554804552244477,0.26260301587556245,0.03323369199822126,0.0
126,0.0,0.7647481759518099,0.17740774662551687,0.05096700944382333,0.0060188181433281085,0.0008582498355218452
127,0.2988794244421712,0.3268138620876879,0.2095313954007045,0.1528797195330712,0.011250061777034722,0.0006455367593304045
128,0.6104010844977953,0.3498746232326476,0.03509551564302055,0.0036099714375736566,0.000879515588195426,0.00013928960076746148
129,0.727581043122333,0.19485856439941177,0.059759550848597076,0.016650681553613142,0.0008913575390502278,0.00025880253699487704
130,0.0,0.7901054796290238,0.13720829284277122,0.0691073538436626,0.0035788736845422824,0.0
131,0.0,0.4314766399295113,0.32717833860331913,0.1993094692225587,0.03828467925554887,0.003750872989062034
132,0.0,0.8694185333999023,0.10703986455429075,0.017866653882272154,0.0056749481635348775,0.0
133,0.6779528811520522,0.1863094140948723,0.08177824384177101,0.0487359126587197,0.004734539819185399,0.0004890084333995193
134,0.0,0.9070157324666517,0.09298426753334839,0.0,0.0,0.0
135,0.0,0.6478658901807923,0.2547745081262539,0.09376649559143958,0.0035931061015140875,0.0
136,0.0,0.7445043306658364,0.198715333322605,0.04894388742734487,0.0067819960602060764,0.0010544525240076671
137,0.0,0.7487717030940838,0.17746633092187925,0.06726084965402135,0.005549071162244492,0.0009520451677711715
138,0.7250633966992333,0.034578324185028084,0.07333538041106223,0.12316870094999595,0.04118658131256115,0.0026676164421192117
139,0.0,0.4315004588810975,0.24171818001578232,0.2881900307073234,0.03450248340941038,0.004088846986386491
140,0.3560923765591582,0.5316429754791848,0.09510334701249092,0.014560773503701687,0.0021556775719218687,0.0004448498735424953
141,0.37422605818564203,0.42415649051749393,0.1422231606662705,0.05408812621291154,0.004411539874951301,0.0008946245427305994
142,0.0,0.33699458194185794,0.1460868900678936,0.40601143110472515,0.10664478240320295,0.0042623144823202615
143,0.0,0.8182856355812483,0.14017973304158027,0.038774200449411426,0.0027604309277599426,0.0
144,0.6237703730473321,0.29900478247076545,0.07097727892195976,0.00624756555994281,0.0,0.0
145,0.0,0.677246199748972,0.21622190263400184,0.10146122850058342,0.0050706691164427616,0.0
146,,,,,,
147,0.7965921677147967,0.17437090965053242,0.02391985140459586,0.004222233441820198,0.0007411337897163848,0.00015370399853849081
148,0.9251536273703981,0.02269167663007074,0.010864475826704731,0.02704636532740627,0.01377471238709703,0.0004691424583232771
149,0.15466572474380286,0.6559430966238164,0.1495498928116666,0.0349975293388543,0.0041685722077243964,0.0006751842741355573
150,0.8797192693260573,0.06867076820703787,0.018318110091086564,0.026887322316672287,0.006197014558926974,0.00020751550021894257
151,0.6483276107474258,0.26970599760720043,0.05985296247131911,0.021301514478013293,0.0008119146960415545,0.0
152,0.0,0.39179751990038936,0.23844454402041737,0.2910462892069035,0.07331146263594092,0.0054001842363488334
153,0.7063001956282052,0.14930017579312965,0.07055757789133318,0.06575109072714,0.007324889997377378,0.0007660699628144605
154,0.0,0.7087374432694822,0.17079818924459947,0.10073874921231399,0.01850454342803525,0.0012210748455690774
155,0.25988895789263666,0.5024404581642439,0.17589379856251963,0.05353479098852632,0.007291923267143382,0.0009500711249300482
156,0.0,0.411158122659024,0.42865631884546934,0.1601855584955066,0.0,0.0
157,0.7836905021913685,0.0750168813517155,0.07586453200785707,0.05675292151726593,0.008675162931793023,0.0
158,0.6207987515325877,0.36003803078808727,0.014256598376185644,0.0035694791345239276,0.0010325371147804174,0.00030460305383517695
159,0.0,0.6045795983036644,0.2804985964639735,0.10677644582006418,0.008145359412298004,0.0
160,0.0,0.6523985705751045,0.24003118432133475,0.09854875513462107,0.009021489968939653,0.0
161,0.0,0.8339064219364032,0.16609357806359684,0.0,0.0,0.0
162,0.7692991755771174,0.1902891810230822,0.03228716086893024,0.008124482530870242,0.0,0.0
163,0.366400888493273,0.42898675393410163,0.1485861659250894,0.05006356728928017,0.005340085151616484,0.0006225392066392134
164,0.0,0.3892058936622604,0.2956181075449762,0.2780995546682155,0.03598353475058597,0.0010929093739620443
165,0.40943413738870166,0.5281461537249592,0.05044870122289001,0.00931320518387748,0.0022186005142509004,0.0004392019653206925
166,0.0,0.3610147779076057,0.27680333346951635,0.30413098572718833,0.05543910444256611,0.0026117984531233945
167,0.1867281036394436,0.5322157355922905,0.1849285119641598,0.09064693837957044,0.005480710424535629,0.0
168,0.0,0.7342923003015129,0.20265663961631536,0.05677193732385636,0.006279122758315262,0.0
169,0.2913502169448949,0.5196694616180123,0.15776992785644697,0.028307636836682415,0.0023455554504509192,0.0005572012935124752
170,0.0,0.29353833770004534,0.27186500378310735,0.3617739973998236,0.06874644896361921,0.004076212153404638
171,0.4644007955243186,0.4337180851063566,0.0842862799754277,0.017594839393897,0.0,0.0
172,0.511324696206193,0.3333428678910008,0.11935941075370546,0.030462595027405063,0.004979137522118764,0.0005312925995767681
173,0.27325184953415405,0.5803397172932632,0.11248312021480601,0.029964038654590026,0.0033685234148044634,0.0005927508883822173
174,0.8368883083580407,0.08901504859067921,0.04918883134290433,0.0229427116998001,0.001965100008575689,0.0
175,0.0,0.7552035892705147,0.17717494939123013,0.058844858976766064,0.00739415090209443,0.0013824514593946966
176,0.2354021652899015,0.5965500687457309,0.12982920611822873,0.03352250157955061,0.0041892521509704845,0.0005068061156177807
177,0.5646177595149331,0.3810924624763444,0.054289778008722485,0.0,0.0,0.0
178,0.5858570096600244,0.2628189409897713,0.10828014523230181,0.03814628481779487,0.004206322509740566,0.000691296790366967
179,0.31826734482418967,0.5231416832950879,0.12629928719998892,0.02870452693479935,0.0035871577459340672,0.0
180,0.0,0.6518030799055667,0.2793068812922448,0.06250827579186281,0.006381763010325555,0.0
181,0.0,0.2035885033698126,0.24287643748727566,0.43964427349067337,0.11085086498321821,0.0030399206690201463
182,0.8380558880041515,0.15024399571055017,0.010116430822044468,0.0009884446939416578,0.0004709364527013475,0.00012430431661100526
183,0.0,0.5916775734229959,0.23796143893204694,0.15685167074886183,0.01274477149731427,0.0007645453987811932
184,0.0,0.4104928341100735,0.35901043822797046,0.20995461217194974,0.02054211549000621,0.0
185,0.37976888453057006,0.49091905674414554,0.1203548360855958,0.008957222639688577,0.0,0.0
186,0.2878599270894275,0.4291068830955264,0.20358027524780728,0.06883745296983801,0.009521722979082405,0.0010937386183184784
187,0.0,0.7412182336374742,0.22243717748879072,0.03241359407677116,0.003930994796964016,0.0
188,0.0,0.21928980348595156,0.2900433529748417,0.3637065713009727,0.12327660864979775,0.003683663588436193
189,0.0,1.0,0.0,0.0,0.0,0.0
190,,,,,,
191,0.0,0.9361305089212466,0.06386949107875338,0.0,0.0,0.0
192,0.8222005685724294,0.10956858809869875,0.03667039755874205,0.026019037415526504,0.005232973768683933,0.00030843458591921837
193,0.0,0.39307392019858856,0.304227151730423,0.2693742562421533,0.030453838913586752,0.002870832915248453
194,0.0,0.5130172096508882,0.3379812128202334,0.1490015775288784,0.0,0.0
195,0.0,0.6612872758256002,0.2345697530756262,0.09713479829467878,0.005206397214334182,0.0018017755897607758
196,0.0,0.8137066023822529,0.1521091428408834,0.03418425477686365,0.0,0.0
197,0.0,0.7113448923895118,0.13438987254742457,0.15426523506306355,0.0,0.0
198,0.0,0.19232067197254,0.41497658904102086,0.2991385801866239,0.09356415879981515,0.0
199,0.1744314095077144,0.5204973466314069,0.21791577505778673,0.08052244964587159,0.006416799216064185,0.0002162199411562809
200,0.0,0.14513013958475166,0.22015876701017215,0.43821083281292833,0.19045271148088214,0.006047549111265789
201,0.0,0.8553679168461421,0.11678463826191121,0.027847444891946616,0.0,0.0
202,0.7099182623173386,0.1639919539601363,0.06634702309942885,0.054307017405831735,0.005435743217264534,0.0
203,0.0,0.0,0.519395434463414,0.42069852082192655,0.05619768113973959,0.0037083635749198254
204,0.0,0.3919777533554974,0.2434879677885629,0.31101085804203693,0.05088961996304714,0.0026338008508555474
205,0.8877945204693233,0.0,0.0,0.007936807197187404,0.0673384952296411,0.03693017710384813
206,0.8529113382076587,0.1031734786552342,0.027701680929183025,0.01621350220792407,0.0,0.0
207,0.0,0.9644610676017752,0.0,0.035538932398224844,0.0,0.0
208,0.0,0.7262120829285071,0.2039561881130877,0.06545821203288998,0.003381726567109547,0.0009917903584055858
209,0.0,0.7451551108391992,0.19442981713982643,0.053984904600431385,0.006430167420543095,0.0
210,0.0,0.6612226520565915,0.21062193515548988,0.12815541278791856,0.0,0.0
211,0.44431720022061744,0.18442728983398934,0.16759597501261025,0.1499998830396002,0.045122836723586,0.008536815169596723
212,0.0,0.7875305314399085,0.17800284828370738,0.03446662027638416,0.0,0.0
213,0.22792167495428278,0.4103087865362201,0.21922594275040871,0.13114439687882182,0.010896932446221565,0.0005022664340449294
214,0.5914004996054484,0.31118030256151946,0.0812491449028284,0.013244588722930196,0.0026343874063350435,0.0002910768009383946
215,0.0,0.0,0.14326898408424635,0.2611791275605275,0.5331875282686575,0.06236436008656868
216,0.13442680738053464,0.6513138020239472,0.14877024689639154,0.058270855738990476,0.006241221808248647,0.0009770661518874984
217,0.0,0.5191235348598335,0.2565908171340187,0.18944504751324712,0.03238979262401364,0.002450807868886962
218,0.7478365065885227,0.12416486247263347,0.049648505169286115,0.06366119709510472,0.013888341484491501,0.0008005871899612775
219,0.0,0.17388291929621438,0.0,0.020248782708533617,0.3490077316661296,0.45686056632912236
220,0.8121750664761281,0.10113534630657339,0.0371827506557654,0.04273888381050526,0.006459433251089625,0.00030851949993817863
221,0.970045735187927,0.016597655010027593,0.007499366610155948,0.00426986358098101,0.0014083905122738217,0.00017898909863451636
222,0.5944360909946829,0.3164060655291081,0.06246276035640183,0.023264688386707554,0.0032724993456409533,0.0001578953874584954
223,0.36762889161631185,0.42491974445410363,0.1601490752235206,0.0401389486980792,0.006374625453129807,0.0007887145548551037
224,0.43203889823879255,0.3865575222862542,0.12286423860191638,0.052640205848286485,0.005185078419019685,0.0007140566057307559
225,0.0,0.7948122228985164,0.17248372281898716,0.03126927943750101,0.0,0.0014347748449955215
226,0.0,0.7001142528739274,0.23263788254264955,0.058418255995019576,0.007718368329262638,0.0011112402591408957
227,0.0,0.5380771669955916,0.23603289238752123,0.22588994061688708,0.0,0.0
228,0.0,0.5559282769168848,0.25374981546186254,0.19032190762125256,0.0,0.0
229,0.0,0.20915189789935448,0.15811065110103273,0.40094726072707515,0.2084529260824064,0.023337264190131317
230,0.0,0.821041527883405,0.16412371305888243,0.014834759057712548,0.0,0.0
231,0.2019355239960595,0.3041448456160112,0.2450552986312388,0.21006292009858726,0.03759454436583168,0.001206867292271665
232,0.0,0.3436698658366968,0.250184778317164,0.3273372853539747,0.07682746363197715,0.0019806068601872645
233,0.0,0.7734926208676488,0.11379479085777439,0.11271258827457675,0.0,0.0
234,0.0,0.0,0.037014347914326035,0.3206822922702465,0.5522740496104498,0.09002931020497765
235,0.8169582092106494,0.165227469646061,0.01359885705169471,0.00421546409159494,0.0,0.0
236,0.9160114872023557,0.08398851279764426,0.0,0.0,0.0,0.0
237,0.4545524280146757,0.40419398790071204,0.1011161059130597,0.03512761666604405,0.004687475422629531,0.00032238608287891226
238,0.9601462274075627,0.039853772592437206,0.0,0.0,0.0,0.0
239,0.533929833376908,0.3113285633421669,0.1093039402239288,0.04078712642830302,0.004343252192928415,0.0003072844357647757
240,0.0,0.7135803519561942,0.20450013615128623,0.07908800386460307,0.0028315080279164274,0.0
241,0.2981791448895576,0.547330797726915,0.09484012522181763,0.05559799048820522,0.0035591231125659075,0.0004928185609385927
242,0.0,0.3661065358422472,0.13499316761189428,0.30868705445865396,0.1663401602754916,0.023873081811712805
243,0.0,0.0,1.0,0.0,0.0,0.0
244,0.0,0.6270506106800786,0.32592692291545455,0.047022466404467035,0.0,0.0
245,0.0,0.5890055730871198,0.2153042254477626,0.18615645500359174,0.009533746461525728,0.0
246,0.3952291760673428,0.4689358206921176,0.10242378925818513,0.029757203293646187,0.0029982793384238887,0.000655731350284319
247,0.3427074245275682,0.3997255342793361,0.1749556839188899,0.07347168385851534,0.0077855920506672985,0.0013540813650230854
248,0.5063189115005098,0.34772419499138263,0.12652918032670368,0.017013746215029723,0.001729293079257704,0.0006846738871165361
249,0.6728483765300457,0.2752384410718633,0.03990624809431919,0.010885378824393015,0.0008586507285669627,0.00026290475081168583
250,0.36000856987439056,0.41049971207291613,0.14881627329347144,0.07358008036958262,0.006563794956238251,0.0005315694334009915
251,0.2873061369410869,0.591803434249079,0.089072522514151,0.028407772128114836,0.0029093178243178035,0.0005008163432504868
252,0.7475802454616676,0.2110079353311467,0.027039798771092763,0.008842524700398478,0.005529495735694491,0.0
253,0.0,0.5731082685267059,0.29956235191781333,0.10883832064740737,0.015583408323765641,0.002907650584307665
254,0.2925409206199818,0.5214259259714518,0.15649409995816033,0.027478304746386805,0.002060748704019349,0.0
255,0.8337559506621678,0.08459626256792653,0.04174077617350335,0.03396851770320664,0.005938492893195753,0.0
256,0.9555906854939883,0.0,0.0,0.0349060538820771,0.009503260623934643,0.0
257,0.7280854351899828,0.22545155204595377,0.035815159555496405,0.00861193628878317,0.0018463892195631753,0.00018952770022065798
258,0.5127739876059909,0.36958979946422416,0.08339920091182935,0.03053851791336831,0.00334207209608092,0.00035642200850647033
259,0.0,0.08972698311968078,0.1528475045762558,0.5567931425862117,0.18793975871003893,0.012692611007812934
260,0.4811626240136003,0.10651791848667523,0.021310453579354793,0.1473636346754243,0.21983058169757502,0.023814787547370268
261,0.0,0.39573394330496703,0.35739657852114254,0.22249764889882181,0.021069753865790165,0.003302075409278407
262,0.5167494798634373,0.3560575463611893,0.10217585486891861,0.022666124918471323,0.002062747770746607,0.00028824621723685224
263,0.0,0.259057390128691,0.11076709886912921,0.4553658216975921,0.1596103237334517,0.015199365571135947
264,0.2275919951430877,0.5080329652967938,0.19207878804350692,0.06673922695228944,0.004898753412441707,0.000658271151880511
265,0.4185614185223114,0.2536553977492214,0.1734527384912159,0.13893255333364596,0.014152685083958482,0.0012452068196469792
266,0.0,0.719131230159894,0.20442797073191768,0.06212739320247129,0.012750808989128544,0.0015625969165882793
267,0.0,0.5796256437378445,0.22664986610606946,0.1694218020486014,0.024302688107484625,0.0
268,0.0,0.5222743152786702,0.26172135370183286,0.19486167062220766,0.019328242608506043,0.0018144177887832358
269,0.0,0.0,0.0,1.0,0.0,0.0
270,0.8081303072636487,0.037919182419102186,0.02650659928379258,0.08182058765042223,0.04232413396819673,0.0032991894148376353
271,0.0,0.6034021708498111,0.2674067749358943,0.12143719730894137,0.007168218936927133,0.0005856379684260117
272,0.0,0.3979733654254802,0.29323238882675384,0.25861426448214714,0.048373165770002856,0.0018068154956159264
273,0.9181530523707591,0.0,0.0,0.024948862462198566,0.04946957797713874,0.007428507189903533
274,0.0,0.6561614668443208,0.24454788257962404,0.08871614250337949,0.008827070193632536,0.0017474378790433658
275,0.0,1.0,0.0,0.0,0.0,0.0
276,0.0,0.7648456747181898,0.1561468412097813,0.07900748407202896,0.0,0.0
277,0.0,0.07201663018806556,0.0647469303116865,0.4026012901955597,0.4281064142351954,0.03252873506949284
278,0.8931183124978794,0.10688168750212064,0.0,0.0,0.0,0.0
279,0.0,0.8518780654444902,0.11250063304386088,0.035621301511648974,0.0,0.0
280,0.0,0.8127370866754549,0.15268333379506827,0.03141617879514831,0.0015387646515603775,0.0016246360827683439
281,0.0,0.16997183155719034,0.05770601226958633,0.13072068120440763,0.5651163814062855,0.0764850935625301
282,0.0,0.9514241952414183,0.048575804758581725,0.0,0.0,0.0
283,0.0,0.0,0.40584221113219837,0.4707904340001347,0.12336735486766695,0.0
284,0.0,0.2455269094505395,0.2761432449516723,0.39508023883223764,0.07950139718445,0.0037482095811006604
285,0.7583125538451327,0.16560013985589897,0.05360810664416842,0.02028128235300128,0.0019733994305878456,0.00022451787121087442
286,0.5173991824761586,0.32019088136290574,0.11050292326879842,0.04682649433990369,0.005080518552233755,0.0
287,0.25879510508773934,0.5356220055690036,0.1553022476253217,0.04327732225905794,0.0062234566107649296,0.000779862848112658
288,0.0,0.29962640426614895,0.2692377878157628,0.35391833866048844,0.07042943912507406,0.006788030132525654
289,0.6600538273866687,0.27811077692072883,0.04710447455387267,0.013441719305469035,0.0009650161485528778,0.0003241856847079866
290,0.0,0.6943632595463647,0.24524132181162966,0.060395418642005566,0.0,0.0
291,0.6545859092412641,0.11583241973052688,0.08206568053753142,0.1269628598097405,0.01911181907667522,0.0014413116042619448
292,0.5179001978829189,0.3722653611327544,0.07832331576848228,0.02857472956786459,0.0029363956479799,0.0
293,0.0,0.6566698687595584,0.3433301312404416,0.0,0.0,0.0
294,0.6601551690258488,0.023770181111927247,0.02482289743841707,0.11900821085499519,0.15026752069474725,0.021976020874064285
295,0.5529422658239013,0.2838646566993626,0.11062740747957542,0.048332881887113106,0.0037392924486181495,0.0004934956614294395
296,,,,,,
297,0.8902855158350615,0.0,0.0,0.043184165991943926,0.053142256901362143,0.013388061271632386
298,0.430230657352334,0.4055176108148668,0.11644778045544464,0.04270490252517604,0.004460885280258475,0.000638163571920038
299,,,,,,
300,0.0,0.6746813945483264,0.22967990096098453,0.09563870449068898,0.0,0.0
301,0.41300507671748454,0.2434309494823763,0.14767571526751389,0.1502169621841431,0.04233083107916948,0.003340465269312676
302,0.0,0.7288398028046587,0.22736984435092217,0.04379035284441904,0.0,0.0
303,0.0,0.0,0.41518402369928237,0.4766722337886783,0.10307146479869506,0.005072277713344233
304,0.8474451548444946,0.06481827976424803,0.024797033531590896,0.04659915762479307,0.015561375800968334,0.000778998433905037
305,0.0,0.7081935478586374,0.19937056706382753,0.08245247228997807,0.008918486885001716,0.001064925902555169
306,0.7676826647749005,0.09617433474409198,0.05870715676983486,0.06841180590831206,0.008504985223325639,0.0005190525795350647
307,0.6551312757380932,0.25863759114751317,0.06228647515722424,0.022816559731886045,0.0011280982252835422,0.0
308,0.9027833634730821,0.03949224317061078,0.010837931461138015,0.035168045325877806,0.011195740359075253,0.0005226762102159487
309,0.8328849420037506,0.13421840796180018,0.026935516979267295,0.0049257626301443674,0.001035370425037287,0.0
310,0.0,0.683525588660544,0.2461158871554607,0.07035852418399526,0.0,0.0
311,0.37616492219022163,0.42195511599266794,0.1518918752161307,0.04679958596045246,0.0027790816403790897,0.00040941900014801827
312,0.47770849534261023,0.357960859558707,0.11458441380348558,0.04460865074844848,0.0046934657093850125,0.00044411483736363645
313,0.5899811337632904,0.2861340593327395,0.0847161175294284,0.03741714179889657,0.0012030553930205145,0.0005484921826248421
314,,,,,,
315,0.7229694302006991,0.22100769755894262,0.043069981238546474,0.01295289100181184,0.0,0.0
316,0.5908915483366637,0.1962139242710931,0.09566696042382944,0.10289626527512584,0.01225602263382039,0.0020752790594675916
317,0.0,0.8864806876036601,0.09921661281159548,0.010622105988695455,0.0036805935960488798,0.0
318,0.0,0.5434680267700389,0.2271513693745168,0.20590343637648315,0.023477167478961208,0.0
319,0.0,0.624119186733513,0.24762995337031823,0.11744072141519578,0.00898253034824211,0.001827608132730814
320,0.0,0.7413696693496453,0.08859752447823181,0.13732024743778515,0.03271255873433771,0.0
321,0.0,0.5603799547847725,0.3512409740538477,0.07616639782693667,0.010010720583700863,0.002201952750742284
322,0.2482311542936478,0.25690271172610557,0.20453790415321066,0.24271978443811312,0.04453144648568622,0.0030769989032367767
323,0.0,0.8529261955286545,0.1283990708200722,0.015308460522099263,0.0033662731291740603,0.0
324,0.0,0.4970349806669203,0.2648786072863933,0.2128928114166367,0.0233535412435916,0.0018400593864580706
325,0.7632462208784639,0.06336168481560268,0.02760643335700467,0.06488749152525038,0.07616768385826776,0.004730485565410648
326,0.0,0.7815474490973481,0.1233929584098902,0.09505959249276169,0.0,0.0
327,0.0,0.6729027376895114,0.2198857792114743,0.10058391830503766,0.006627564793976477,0.0
328,0.7737718595363778,0.21768691033565693,0.007329966073869389,0.0,0.0012112640540958967,0.0
329,0.0,0.7081291383294498,0.2249108234122217,0.059609631898559855,0.006968647425280601,0.0003817589344880919
330,0.0,0.4370453479503618,0.29340057303986,0.23837956495949825,0.030242253166513522,0.0009322608837664646
331,0.5153153634816215,0.3292720909512177,0.10489386825067568,0.045714378400269526,0.00418004694220219,0.0006242519740131683
332,0.0,0.4870686413148408,0.3245623807779514,0.15117014540697093,0.03342876280714793,0.0037700696930888615
333,0.8324107934890423,0.10276923970881911,0.01676348392321035,0.030295129044124118,0.013832457190622195,0.003928896644181929
334,0.8953452720179192,0.020504283026136175,0.012762334762077776,0.05477750795686106,0.01609395112334465,0.0005166511136611543
335,0.0,0.7484422941431538,0.25155770585684634,0.0,0.0,0.0
336,0.0,0.40504238999286957,0.12437310649765636,0.31500463318662286,0.15179989038541594,0.0037799799374354454
337,0.0,0.19013775311572623,0.16568452134174716,0.4994900040999128,0.1290727912353717,0.015614930207242172
338,0.3409913287978075,0.5176274738772756,0.11846944005058746,0.020166559147468312,0.0027451981268611426,0.0
339,0.8632516492591275,0.04261087257882321,0.012055446253085035,0.05346823752927922,0.025967562839727884,0.002646231539957199
340,0.0,0.5869386590463539,0.25491500153510877,0.14170215675193185,0.015494750760655528,0.0009494319059499534
341,0.25713033898115467,0.4302028821044079,0.1994974651668305,0.09884510070004933,0.013515126529344893,0.0008090865182127471
342,0.0,0.32755374438361584,0.20733248423910147,0.40341973844438356,0.0598288472408301,0.001865185692068906
343,0.4428954096796133,0.41326587425560685,0.10545356057994616,0.034837043376542164,0.0031198922174019714,0.00042821989088970486
344,0.37872519059501353,0.42095026232331734,0.12893890427007293,0.06439475734803106,0.006521429081506547,0.0004694563820585758
345,0.0,0.0714415575762055,0.06629604516291618,0.41236726962700004,0.4097467897062489,0.040148337927629264
346,0.0,0.4107158299236969,0.2755219547535709,0.26211693141752024,0.049856585002218734,0.001788698902993412
347,0.6474420445232839,0.1837434354816681,0.08900329114350997,0.06700811742064353,0.011879246042944968,0.0009238653879493386
348,0.623228495790832,0.2878753528758481,0.07018579433979927,0.01701154152339013,0.0012382655544092584,0.0004605499157213225
349,0.8030256820132993,0.025824799946199666,0.010317230579346566,0.07145150756483565,0.07985716057279789,0.009523619323521016
350,0.22468615024430355,0.480303322313123,0.18072553849932455,0.10602842467985683,0.007386207357747301,0.0008703569056449449
351,0.8812390926706104,0.06693086018117478,0.02286417303471962,0.023286470101269403,0.0056794040122259085,0.0
352,0.0,0.7591438928526805,0.1898216058808903,0.047409302425984526,0.0036251988404446866,0.0
353,0.8287077862473747,0.07831039194542028,0.04336687344470695,0.04418773509980786,0.004968233105028165,0.00045898015766199327
354,0.7235030604659869,0.2499369370105004,0.01929506561872648,0.004485909511630024,0.002301680964582709,0.0004773464285735436
355,0.0,0.4436179540294162,0.2556647793740556,0.2648258367876687,0.03276344571761468,0.003127984091245018
356,0.0,0.7450221409964782,0.22486476949698875,0.024462256299167165,0.005650833207365932,0.0
357,0.5820911123328734,0.25040050073767434,0.06452943827275627,0.08684598390524391,0.014165121088671531,0.0019678436627806857
358,0.517464528943878,0.041764586218334385,0.010398093507363863,0.13006426301933882,0.2517199404740523,0.04858858783703288
359,0.6874942767484307,0.1406233073500986,0.10283526102852733,0.05994070677191149,0.007788617261568331,0.0013178308394636146
360,0.0,0.21870647469948326,0.04394304542429516,0.20159289621994814,0.4786085765515039,0.05714900710476952
361,0.592045441082951,0.2955257549800951,0.07498871730972163,0.03366744591785813,0.0032081162758530153,0.0005645244335211783
362,0.5170312950765616,0.2120697166484468,0.14587649193054208,0.11150016957851545,0.012521163035274004,0.0010011637306599909
363,0.0,0.34405873477439053,0.20763241688431766,0.32237143014151753,0.11328941498191145,0.012648003217862826
364,0.0,0.395697145377075,0.25986604626716026,0.2885552388592298,0.05155492566867306,0.004326643827861936
365,0.0,0.3730610818581422,0.22437472529461466,0.3366920827954736,0.06117792503893293,0.0046941850128366415
366,0.35450881520816513,0.308094483131221,0.21088431558178367,0.1117094498529943,0.013422824718880382,0.0013801115069556895
367,0.7218274476543545,0.24611339731328463,0.02291138832476705,0.009147766707593723,0.0,0.0
368,0.0,0.0,0.32489341839963504,0.675106581600365,0.0,0.0
369,0.6759844729494776,0.23923801626820773,0.061033573952248565,0.022619346474617327,0.0,0.0011245903554486887
370,0.0,0.6001875325178171,0.23621397803249744,0.14096940088506726,0.02157245536539972,0.0010566331992187073
371,0.4742846520948274,0.032811031155322315,0.014159486499407667,0.1573897367314858,0.26839428901845686,0.05296080450049979
372,0.6006022093825175,0.294441279912558,0.07347454512196053,0.027960156930214537,0.0031445340868019953,0.0003772745659475665
373,0.0,0.4765285278385822,0.36980621661398866,0.1345283277292017,0.01720669261244902,0.00193023520577852
374,0.0,0.5671909755165903,0.2573721804180386,0.14826732039657398,0.027169523668797164,0.0
375,0.40545613272372344,0.4080060953648183,0.12796705852475554,0.05322381506435914,0.004593011438613272,0.0007538868837304363
376,0.4567399155546399,0.3720982037627106,0.11840124393847838,0.04898794284683666,0.0033264821875205273,0.0004462117098140327
377,0.0,0.5287282321899053,0.3190947974073707,0.14303854348787173,0.006814955321489003,0.002323471593363143
378,0.8149788651488757,0.0,0.013710507318000886,0.07538043661203425,0.0845123177478201,0.011417873173268991
379,0.0,0.7372482778573747,0.1835520766619377,0.07919964548068753,0.0,0.0
