Sequence,Type,Clash Mutant,Mutant Type,Geometry,Interface,Seed,HBONDDimerOptimize,HBONDDimerPreOptimize,HBONDMonomer,IMM1DimerOptimize,IMM1DimerPreOptimize,IMM1Monomer,Monomer,MonomerSasa,OptimizeSasa,PreBBOptimizeSasa,Total,TotalPreOptimize,VDWDimerOptimize,VDWDimerPreOptimize,VDWMonomer,endAxialRotation,endAxialRotationPrime,endCrossingAngle,endXShift,endZShift,endZShiftPrime,firstRepackEnergy,preOptimizeAxialRotation,preOptimizeAxialRotationPrime,preOptimizeCrossingAngle,preOptimizeEnergy,preOptimizeXShift,preOptimizeZShift,preOptimizeZShiftPrime,replicateNumber,Directory,PercentGpA,PercentStd,Sample,LB-12H_M9-36H
YFLLGLLLGVLLGSL,WT,LLLYFLLGLLLIVLLGSLILI,clash,LLLYFLLGLLLGVLLGSLILI_0,1.1001100110011e+17,1.0,-75.2481,-75.5891,-60.2835,-220.842,-218.266,-243.193,-336.922,4639.74,3451.94,3448.81,-41.4836,-38.6305,-82.3146,-81.6969,-33.4451,-81.2578,53.2781,-39.8345,6.48963,5.88121,5.18039,-38.4342,-78.9548,52.0865,-37.7493,-375.552,6.5,5.3749,4.6562,0.0,LLLYFLLGLLLGVLLGSLILI,1.21048238781787,0.120127521773437,G,99999900.0
YFLLGLLLGVLLGSL,WT,LLLYFLLGLLLIVLLGSLILI,clash,LLLYFLLGLLLGVLLGSLILI_1,1.1001100110011e+17,1.0,-74.8569,-75.2663,-60.2835,-219.692,-221.574,-243.193,-336.922,4639.74,3500.56,3448.81,-39.7106,-35.2267,-82.083,-75.3075,-33.4451,-79.2237,52.9805,-39.2634,6.55158,5.53593,4.83064,-38.7895,-78.9548,52.0865,-37.7493,-375.552,6.5,5.3749,4.6562,1.0,LLLYFLLGLLLGVLLGSLILI,1.21048238781787,0.120127521773437,G,99999900.0
YFLLGLLLGVLLGSL,WT,LLLYFLLGLLLIVLLGSLILI,clash,LLLYFLLGLLLGVLLGSLILI_2,1.1001100110011e+17,1.0,-74.7108,-74.8827,-60.2835,-218.867,-219.849,-243.193,-336.922,4639.74,3476.95,3448.81,-39.6394,-38.7778,-82.9832,-80.9678,-33.4451,-78.7112,52.4678,-38.7774,6.55309,5.38983,4.67685,-38.1116,-78.9548,52.0865,-37.7493,-375.552,6.5,5.3749,4.6562,2.0,LLLYFLLGLLLGVLLGSLILI,1.21048238781787,0.120127521773437,G,99999900.0
SYLLALLLGFLLGTL,WT,LLLSYLLALLLIFLLGTLILI,clash,LLLSYLLALLLGFLLGTLILI_0,1.1001100110011e+17,1.0,-81.1068,-90.0626,-58.7285,-230.942,-230.463,-250.905,-349.475,4585.1,3723.26,3524.67,-25.6064,39644.6,-63.0316,39615.6,-39.8406,-46.9877,61.9759,-48.0273,7.52109,1.91491,1.34455,16492.7,-53.2783,54.8563,-43.0796,39295.1,6.5679,1.89735,1.2202,0.0,LLLSYLLALLLGFLLGTLILI,1.05285241825574,0.0618552089647178,G,99999900.0
SYLLALLLGFLLGTL,WT,LLLSYLLALLLIFLLGTLILI,clash,LLLSYLLALLLGFLLGTLILI_2,1.1001100110011e+17,1.0,-73.0971,-90.0626,-58.7285,-231.915,-230.463,-250.905,-349.475,4585.1,3770.86,3524.67,-18.854,39644.6,-63.317,39615.6,-39.8406,-57.5823,57.2582,-56.4623,6.85477,2.86721,2.22609,16499.8,-53.2783,54.8563,-43.0796,39295.1,6.5679,1.89735,1.2202,2.0,LLLSYLLALLLGFLLGTLILI,1.05285241825574,0.0618552089647178,G,99999900.0
SYLLALLLGFLLGTL,WT,LLLSYLLALLLIFLLGTLILI,clash,LLLSYLLALLLGFLLGTLILI_1,1.1001100110011e+17,1.0,-90.0626,-77.3031,-58.7285,-230.463,-231.05,-250.905,-349.475,4585.1,3505.41,3524.67,39644.6,-14.0045,39615.6,-55.1255,-39.8406,-53.2783,54.8563,-43.0796,6.5679,1.89735,1.2202,45117.0,-53.2783,54.8563,-43.0796,39295.1,6.5679,1.89735,1.2202,1.0,LLLSYLLALLLGFLLGTLILI,1.05285241825574,0.0618552089647178,G,99999900.0
YFLLGLLLGVLLSTL,WT,LLLYFLLGLLLIVLLSTLILI,clash,LLLYFLLGLLLGVLLSTLILI_0,1.1001100110011e+17,1.0,-90.745,-90.0354,-74.1463,-224.964,-220.958,-247.568,-352.863,4645.28,3608.74,3594.25,-46.6002,-40.0869,-83.7538,-81.9556,-31.1479,-88.0211,57.1225,-40.747,6.63944,7.4147,6.77154,-40.0018,-85.2491,54.6423,-40.0514,-392.949,6.6215,6.66407,5.9837,0.0,LLLYFLLGLLLGVLLSTLILI,1.24995574070949,0.171774308163232,G,99999900.0
YFLLGLLLGVLLSTL,WT,LLLYFLLGLLLIVLLSTLILI,clash,LLLYFLLGLLLGVLLSTLILI_1,1.1001100110011e+17,1.0,-90.9399,-89.0368,-74.1463,-224.371,-224.6,-247.568,-352.863,4645.28,3590.47,3594.25,-44.5717,-40.3255,-82.1233,-79.5514,-31.1479,-90.4056,54.1736,-40.9019,6.51168,7.37428,6.68688,-36.1787,-85.2491,54.6423,-40.0514,-392.949,6.6215,6.66407,5.9837,1.0,LLLYFLLGLLLGVLLSTLILI,1.24995574070949,0.171774308163232,G,99999900.0
YFLLGLLLGVLLSTL,WT,LLLYFLLGLLLIVLLSTLILI,clash,LLLYFLLGLLLGVLLSTLILI_2,1.1001100110011e+17,1.0,-90.4504,-89.0071,-74.1463,-223.683,-223.68,-247.568,-352.863,4645.28,3603.85,3594.25,-44.5374,-16.2901,-83.267,-56.4654,-31.1479,-87.3105,56.5096,-40.2864,6.66828,7.22537,6.57301,-37.0992,-85.2491,54.6423,-40.0514,-392.949,6.6215,6.66407,5.9837,2.0,LLLYFLLGLLLGVLLSTLILI,1.24995574070949,0.171774308163232,G,99999900.0
YLLLGTLLGFLLSIL,WT,LLLYLLLGTLLIFLLSILILI,clash,LLLYLLLGTLLGFLLSILILI_0,1.1001100110011e+17,1.0,-84.2847,-83.7838,-74.0797,-230.453,-223.483,-248.133,-358.55,4629.31,3608.99,3590.1,-45.7397,-37.2693,-89.5518,-88.553,-36.3375,-93.3608,56.1231,-41.36,6.6625,8.08074,7.42259,-37.2499,-89.4728,49.1879,-43.1568,-395.819,6.7244,6.56128,5.7991,0.0,LLLYLLLGTLLGFLLSILILI,1.00800787840794,0.158345607695311,G,99999900.0
YLLLGTLLGFLLSIL,WT,LLLYLLLGTLLIFLLSILILI,clash,LLLYLLLGTLLGFLLSILILI_2,1.1001100110011e+17,1.0,-85.4755,-85.2633,-74.0797,-226.156,-225.059,-248.133,-358.55,4629.31,3615.76,3590.1,-41.5957,-29.3847,-88.5142,-77.6125,-36.3375,-91.2023,52.5746,-41.4548,6.64623,7.27791,6.56652,-35.683,-89.4728,49.1879,-43.1568,-395.819,6.7244,6.56128,5.7991,2.0,LLLYLLLGTLLGFLLSILILI,1.00800787840794,0.158345607695311,G,99999900.0
YLLLGTLLGFLLSIL,WT,LLLYLLLGTLLIFLLSILILI,clash,LLLYLLLGTLLGFLLSILILI_1,1.1001100110011e+17,1.0,-85.3346,-84.2679,-74.0797,-224.986,-230.228,-248.133,-358.55,4629.31,3623.92,3590.1,-40.1584,-40.635,-88.3882,-84.6888,-36.3375,-88.5434,53.5236,-41.3847,6.76263,7.00719,6.31005,-37.2836,-89.4728,49.1879,-43.1568,-395.819,6.7244,6.56128,5.7991,1.0,LLLYLLLGTLLGFLLSILILI,1.00800787840794,0.158345607695311,G,99999900.0
YFLLGLLLGVLLASL,WT,LLLYFLLILLLGVLLASLILI,clash,LLLYFLLGLLLGVLLASLILI_0,1.1001100110011e+17,1.0,-74.0304,-74.4252,-60.2828,-220.749,-217.614,-244.377,-341.131,4651.43,3606.86,3601.82,-40.1766,-37.9086,-86.5278,-87.0004,-36.4708,-86.5675,56.922,-41.2203,6.63663,7.1696,6.52343,-37.9098,-85.2491,54.6423,-40.0514,-379.039,6.6215,6.66407,5.9837,0.0,LLLYFLLGLLLGVLLASLILI,1.16421826927134,0.0591727076819027,G,99999900.0
YFLLGLLLGVLLASL,WT,LLLYFLLILLLGVLLASLILI,clash,LLLYFLLGLLLGVLLASLILI_1,1.1001100110011e+17,1.0,-74.4152,-74.0304,-60.2828,-219.005,-220.343,-244.377,-341.131,4651.43,3600.79,3601.82,-39.3259,-38.5716,-87.036,-85.3292,-36.4708,-87.1179,55.4791,-39.3484,6.62141,7.05737,6.38955,-37.8464,-85.2491,54.6423,-40.0514,-379.039,6.6215,6.66407,5.9837,1.0,LLLYFLLGLLLGVLLASLILI,1.16421826927134,0.0591727076819027,G,99999900.0
YFLLGLLLGVLLASL,WT,LLLYFLLILLLGVLLASLILI,clash,LLLYFLLGLLLGVLLASLILI_2,1.1001100110011e+17,1.0,-74.3059,-74.4152,-60.2828,-219.578,-218.819,-244.377,-341.131,4651.43,3598.21,3601.82,-36.6215,-39.0863,-83.8688,-86.9833,-36.4708,-89.9201,51.7024,-41.735,6.50956,6.96784,6.24337,-37.314,-85.2491,54.6423,-40.0514,-379.039,6.6215,6.66407,5.9837,2.0,LLLYFLLGLLLGVLLASLILI,1.16421826927134,0.0591727076819027,G,99999900.0
TLLLGILLGFLLSVL,WT,LLLTLLLIILLGFLLSVLILI,clash,LLLTLLLGILLGFLLSVLILI_1,1.1001100110011e+17,1.0,-74.4586,-74.5973,-60.2282,-229.257,-226.605,-244.413,-359.808,4579.8,3616.4,3539.89,-51.9478,-49.1527,-108.041,-107.759,-55.1668,-91.306,42.1447,-43.9668,6.41842,5.88543,5.0176,-47.9442,-85.9497,42.6517,-45.0,-407.584,6.5506,5.15043,4.2902,1.0,LLLTLLLGILLGFLLSVLILI,1.3176639872006,0.100070734598627,G,99999900.0
TLLLGILLGFLLSVL,WT,LLLTLLLIILLGFLLSVLILI,clash,LLLTLLLGILLGFLLSVLILI_2,1.1001100110011e+17,1.0,-73.4048,-75.0379,-60.2282,-228.556,-229.202,-244.413,-359.808,4579.8,3647.88,3539.89,-50.8255,-51.8273,-108.672,-107.396,-55.1668,-89.9543,42.0139,-44.7476,6.44358,5.66502,4.79523,-47.2453,-85.9497,42.6517,-45.0,-407.584,6.5506,5.15043,4.2902,2.0,LLLTLLLGILLGFLLSVLILI,1.3176639872006,0.100070734598627,G,99999900.0
TLLLGILLGFLLSVL,WT,LLLTLLLIILLGFLLSVLILI,clash,LLLTLLLGILLGFLLSVLILI_0,1.1001100110011e+17,1.0,-74.5934,-73.0359,-60.2282,-226.698,-226.595,-244.413,-359.808,4579.8,3624.04,3539.89,-49.6906,-47.7755,-108.207,-107.953,-55.1668,-88.4964,41.1622,-44.2438,6.43127,5.33136,4.4488,-47.663,-85.9497,42.6517,-45.0,-407.584,6.5506,5.15043,4.2902,0.0,LLLTLLLGILLGFLLSVLILI,1.3176639872006,0.100070734598627,G,99999900.0
TLLLGILLGFLLSVL,WT,LLLTLLLIILLGFLLSVLILI,clash,LLLTLLLGILLGFLLSVLILI_0,1.1001100110011e+17,1.0,-73.2781,-74.6361,-60.2002,-225.683,-223.052,-244.288,-359.74,4571.84,3633.06,3552.31,-47.1184,-42.2355,-107.897,-104.287,-55.2512,-87.8936,45.1286,-47.5616,7.2167,5.7764,4.95332,-38.1524,-88.2547,42.586,-44.3835,-401.975,7.3105,5.48731,4.6261,0.0,LLLTLLLGILLGFLLSVLILI,1.3176639872006,0.100070734598627,G,99999900.0
TLLLGILLGFLLSVL,WT,LLLTLLLIILLGFLLSVLILI,clash,LLLTLLLGILLGFLLSVLILI_2,1.1001100110011e+17,1.0,-72.6808,-73.2351,-60.2002,-224.477,-222.768,-244.288,-359.74,4571.84,3648.38,3552.31,-45.8713,-41.0715,-108.453,-104.808,-55.2512,-92.7477,41.1726,-46.0789,7.30325,5.97045,5.08804,-41.5811,-88.2547,42.586,-44.3835,-401.975,7.3105,5.48731,4.6261,2.0,LLLTLLLGILLGFLLSVLILI,1.3176639872006,0.100070734598627,G,99999900.0
TLLLGILLGFLLSVL,WT,LLLTLLLIILLGFLLSVLILI,clash,LLLTLLLGILLGFLLSVLILI_1,1.1001100110011e+17,1.0,-73.2053,-73.3106,-60.2002,-223.103,-224.686,-244.288,-359.74,4571.84,3639.74,3552.31,-44.3373,-42.4089,-107.768,-104.151,-55.2512,-87.8706,40.4286,-47.3739,7.28092,5.13845,4.24488,-37.1805,-88.2547,42.586,-44.3835,-401.975,7.3105,5.48731,4.6261,1.0,LLLTLLLGILLGFLLSVLILI,1.3176639872006,0.100070734598627,G,99999900.0
YFLLALLLGTLLGSL,WT,LLLYFLLALLLITLLGSLILI,clash,LLLYFLLALLLGTLLGSLILI_0,1.1001100110011e+17,1.0,-78.3189,-83.9993,-74.1108,-233.512,-223.528,-244.875,-349.27,4648.58,3560.72,3498.43,-35.4122,118014.0,-72.8514,117972.0,-30.2842,-75.6369,53.8835,-36.7396,6.94922,5.11981,4.42806,81998.1,-62.8637,50.8317,-39.7383,117665.0,6.5162,2.79183,2.05431,0.0,LLLYFLLALLLGTLLGSLILI,0.31218013638322,0.0183031680500303,G,99999900.0
YFLLALLLGTLLGSL,WT,LLLYFLLALLLITLLGSLILI,clash,LLLYFLLALLLGTLLGSLILI_2,1.1001100110011e+17,1.0,-75.2238,-74.1108,-74.1108,-224.996,-226.137,-244.875,-349.27,4648.58,3575.18,3498.43,-19.5134,118035.0,-68.5638,117986.0,-30.2842,-71.8979,42.8839,-39.8919,7.14753,3.074,2.21726,117125.0,-62.8637,50.8317,-39.7383,117665.0,6.5162,2.79183,2.05431,2.0,LLLYFLLALLLGTLLGSLILI,0.31218013638322,0.0183031680500303,G,99999900.0
YFLLALLLGTLLGSL,WT,LLLYFLLALLLITLLGSLILI,clash,LLLYFLLALLLGTLLGSLILI_1,1.1001100110011e+17,1.0,-74.1108,-78.3478,-74.1108,-225.467,-235.081,-244.875,-349.27,4648.58,3658.44,3498.43,-17.3149,118578.0,-67.0076,118542.0,-30.2842,-70.6988,45.0895,-38.8489,7.39472,3.19189,2.36823,115557.0,-62.8637,50.8317,-39.7383,117665.0,6.5162,2.79183,2.05431,1.0,LLLYFLLALLLGTLLGSLILI,0.31218013638322,0.0183031680500303,G,99999900.0
YVLLGILLGLLLSFL,WT,LLLYVLLGILLILLLSFLILI,clash,LLLYVLLGILLGLLLSFLILI_0,1.1001100110011e+17,1.0,-70.7177,-73.8263,-60.3102,-239.107,-218.649,-248.033,-352.569,4605.0,3690.96,3595.96,-49.2177,-18.4734,-91.9626,-78.5676,-44.2259,-91.4381,66.4077,-42.0925,7.00402,9.18076,8.67687,-18.8621,-91.43,48.2927,-36.5962,-371.043,7.0472,6.73401,5.9584,0.0,LLLYVLLGILLGLLLSFLILI,0.933097694444347,0.0983222165783747,G,99999900.0
YVLLGILLGLLLSFL,WT,LLLYVLLGILLILLLSFLILI,clash,LLLYVLLGILLGLLLSFLILI_2,1.1001100110011e+17,1.0,-74.1755,-73.8263,-60.3102,-217.617,-218.649,-248.033,-352.569,4605.0,3675.45,3595.96,-30.9096,-18.4734,-91.6868,-78.5676,-44.2259,-90.4882,44.8981,-39.6675,6.92053,6.13447,5.30795,-16.6261,-91.43,48.2927,-36.5962,-371.043,7.0472,6.73401,5.9584,2.0,LLLYVLLGILLGLLLSFLILI,0.933097694444347,0.0983222165783747,G,99999900.0
YVLLGILLGLLLSFL,WT,LLLYVLLGILLILLLSFLILI,clash,LLLYVLLGILLGLLLSFLILI_1,1.1001100110011e+17,1.0,-73.8263,-70.7578,-60.3102,-218.649,-233.844,-248.033,-352.569,4605.0,3675.73,3595.96,-18.4734,-30.3772,-78.5676,-78.3444,-44.2259,-91.43,48.2927,-36.5962,7.0472,6.73401,5.9584,-18.4873,-91.43,48.2927,-36.5962,-371.043,7.0472,6.73401,5.9584,1.0,LLLYVLLGILLGLLLSFLILI,0.933097694444347,0.0983222165783747,G,99999900.0
AYLLVFLLGLLLGSL,WT,LLLAYLLVALLGLLLGSLILI,void,LLLAYLLVFLLGLLLGSLILI_2,1.1001100110011e+17,1.0,-69.1854,-72.351,-60.3448,-226.314,-226.264,-241.935,-344.982,4612.82,3594.61,3465.61,-21.8711,3684.39,-71.3537,3638.03,-42.7015,-46.1363,63.4841,-46.1329,7.43588,1.99079,1.44305,2282.85,-47.9501,60.2066,-41.6343,3339.41,7.3755,1.8204,1.2235,2.0,LLLAYLLVFLLGLLLGSLILI,1.75250862131401,0.880789043694991,G,99999900.0
AYLLVFLLGLLLGSL,WT,LLLAYLLVALLGLLLGSLILI,void,LLLAYLLVFLLGLLLGSLILI_0,1.1001100110011e+17,1.0,-68.3972,-72.351,-60.3448,-225.201,-226.264,-241.935,-344.982,4612.82,3547.73,3465.61,-20.1125,3684.39,-71.4965,3638.03,-42.7015,-49.8536,54.0678,-46.4135,7.48957,1.2772,0.588212,3331.7,-47.9501,60.2066,-41.6343,3339.41,7.3755,1.8204,1.2235,0.0,LLLAYLLVFLLGLLLGSLILI,1.75250862131401,0.880789043694991,G,99999900.0
AYLLVFLLGLLLGSL,WT,LLLAYLLVALLGLLLGSLILI,void,LLLAYLLVFLLGLLLGSLILI_1,1.1001100110011e+17,1.0,-72.351,-68.3972,-60.3448,-226.264,-226.149,-241.935,-344.982,4612.82,3501.4,3465.61,3684.39,-9.47953,3638.03,-59.915,-42.7015,-47.9501,60.2066,-41.6343,7.3755,1.8204,1.2235,1262.83,-47.9501,60.2066,-41.6343,3339.41,7.3755,1.8204,1.2235,1.0,LLLAYLLVFLLGLLLGSLILI,1.75250862131401,0.880789043694991,G,99999900.0
YLLLGALLGFLLSTL,WT,LLLYLLLGALLGFLLITLILI,clash,LLLYLLLGALLGFLLSTLILI_0,1.1001100110011e+17,1.0,-90.4274,-86.6288,-74.042,-227.982,-220.821,-244.11,-350.961,4614.19,3654.7,3632.74,-48.0238,-32.7807,-80.5751,-76.2917,-32.8091,-88.2653,60.1632,-42.5165,6.49343,7.86183,7.26427,-33.9968,-83.724,52.3747,-45.0,-383.742,6.6055,6.12918,5.4148,0.0,LLLYLLLGALLGFLLSTLILI,1.15357720100405,0.0843131122084426,G,99999900.0
YLLLGALLGFLLSTL,WT,LLLYLLLGALLGFLLITLILI,clash,LLLYLLLGALLGFLLSTLILI_1,1.1001100110011e+17,1.0,-90.8812,-88.992,-74.042,-222.969,-227.889,-244.11,-350.961,4614.19,3678.49,3632.74,-43.706,-21.2082,-80.8162,-55.2885,-32.8091,-87.4073,54.3309,-43.5382,6.45668,6.94577,6.26073,-33.2738,-83.724,52.3747,-45.0,-383.742,6.6055,6.12918,5.4148,1.0,LLLYLLLGALLGFLLSTLILI,1.15357720100405,0.0843131122084426,G,99999900.0
YLLLGALLGFLLSTL,WT,LLLYLLLGALLGFLLITLILI,clash,LLLYLLLGALLGFLLSTLILI_2,1.1001100110011e+17,1.0,-88.913,-89.4431,-74.042,-221.121,-223.519,-244.11,-350.961,4614.19,3685.36,3632.74,-39.5807,-36.0473,-80.5076,-74.0459,-32.8091,-87.9217,48.4938,-47.3801,6.38206,6.23492,5.46232,-33.103,-83.724,52.3747,-45.0,-383.742,6.6055,6.12918,5.4148,2.0,LLLYLLLGALLGFLLSTLILI,1.15357720100405,0.0843131122084426,G,99999900.0
AYLLGVLLGLLLGFL,WT,LLLAYLLGVLLILLLGFLILI,clash,LLLAYLLGVLLGLLLGFLILI_1,1.1001100110011e+17,1.0,-61.678,-62.1253,-44.9604,-227.346,-222.523,-239.799,-328.0,4557.62,3474.28,3371.83,-54.4657,-44.2174,-93.4425,-87.5694,-43.2406,-82.2827,41.8481,-35.4166,6.6855,4.4919,3.61962,-49.9076,-78.3342,38.1851,-39.2997,-378.029,6.6883,3.40512,2.4779,1.0,LLLAYLLGVLLGLLLGFLILI,1.19201071490575,0.0892622277166617,G,99999900.0
AYLLGVLLGLLLGFL,WT,LLLAYLLGVLLILLLGFLILI,clash,LLLAYLLGVLLGLLLGFLILI_2,1.1001100110011e+17,1.0,-59.1214,-62.6154,-44.9604,-227.47,-226.193,-239.799,-328.0,4557.62,3528.43,3371.83,-53.6265,66.0562,-95.0357,26.8638,-43.2406,-82.4242,40.6601,-38.2416,6.60802,4.35275,3.46265,-49.6977,-78.3342,38.1851,-39.2997,-378.029,6.6883,3.40512,2.4779,2.0,LLLAYLLGVLLGLLLGFLILI,1.19201071490575,0.0892622277166617,G,99999900.0
AYLLGVLLGLLLGFL,WT,LLLAYLLGVLLILLLGFLILI,clash,LLLAYLLGVLLGLLLGFLILI_2,1.1001100110011e+17,1.0,-60.4484,-58.0007,-44.9046,-223.459,-218.598,-239.575,-327.774,4554.52,3516.95,3381.95,-51.1659,297.059,-95.033,245.884,-43.2948,-78.4257,46.4539,-36.9104,6.57195,4.53512,3.73193,279.969,-71.2876,45.5524,-38.516,-30.715,6.6243,3.34271,2.526,2.0,LLLAYLLGVLLGLLLGFLILI,1.19201071490575,0.0892622277166617,G,99999900.0
AYLLGVLLGLLLGFL,WT,LLLAYLLGVLLILLLGFLILI,clash,LLLAYLLGVLLGLLLGFLILI_0,1.1001100110011e+17,1.0,-58.991,-60.04,-44.9604,-223.19,-223.145,-239.799,-328.0,4557.62,3485.5,3371.83,-50.484,-50.0289,-96.3031,-94.8445,-43.2406,-77.0027,39.7574,-37.7506,6.61911,3.41765,2.51401,-49.9248,-78.3342,38.1851,-39.2997,-378.029,6.6883,3.40512,2.4779,0.0,LLLAYLLGVLLGLLLGFLILI,1.19201071490575,0.0892622277166617,G,99999900.0
AYLLGVLLGLLLGFL,WT,LLLAYLLGVLLILLLGFLILI,clash,LLLAYLLGVLLGLLLGFLILI_0,1.1001100110011e+17,1.0,-60.4839,-58.0007,-44.9046,-219.344,-218.598,-239.575,-327.774,4554.52,3465.88,3381.95,-46.9547,297.059,-94.9012,245.884,-43.2948,-75.4193,43.4951,-36.9568,6.59569,3.68474,2.83716,289.537,-71.2876,45.5524,-38.516,-30.715,6.6243,3.34271,2.526,0.0,LLLAYLLGVLLGLLLGFLILI,1.19201071490575,0.0892622277166617,G,99999900.0
AYLLGVLLGLLLGFL,WT,LLLAYLLGVLLILLLGFLILI,clash,LLLAYLLGVLLGLLLGFLILI_1,1.1001100110011e+17,1.0,-58.0007,-60.432,-44.9046,-218.598,-219.344,-239.575,-327.774,4554.52,3495.73,3381.95,297.059,-40.6033,245.884,-88.6014,-43.2948,-71.2876,45.5524,-38.516,6.6243,3.34271,2.526,237.453,-71.2876,45.5524,-38.516,-30.715,6.6243,3.34271,2.526,1.0,LLLAYLLGVLLGLLLGFLILI,1.19201071490575,0.0892622277166617,G,99999900.0
AFLLGVLLGTLLGLL,WT,LLLAFLLGVLLITLLGLLILI,clash,LLLAFLLGVLLGTLLGLLILI_0,1.1001100110011e+17,1.0,-71.5558,-71.1534,-58.7088,-213.194,-212.676,-233.8,-339.023,4522.64,3430.28,3524.11,-38.8162,-36.5032,-93.0892,-91.6962,-46.5139,-92.4126,42.7461,-38.0602,6.79112,6.13262,5.27381,-36.8522,-92.5815,39.7325,-40.3169,-375.526,6.7382,5.75111,4.8471,0.0,LLLAFLLGVLLGTLLGLLILI,1.1958346586188,0.222847170550116,G,99999900.0
AFLLGVLLGTLLGLL,WT,LLLAFLLGVLLITLLGLLILI,clash,LLLAFLLGVLLGTLLGLLILI_1,1.1001100110011e+17,1.0,-66.0881,-58.6705,-58.6705,-220.508,-212.137,-233.785,-338.989,4524.49,3434.65,3413.79,-37.994,141804.0,-90.3867,141736.0,-46.5334,-74.7551,46.4661,-37.3409,6.71006,3.98619,3.18318,125976.0,-62.8637,50.8317,-39.7383,141432.0,6.5162,2.79183,2.05431,1.0,LLLAFLLGVLLGTLLGLLILI,1.1958346586188,0.222847170550116,G,99999900.0
AFLLGVLLGTLLGLL,WT,LLLAFLLGVLLITLLGLLILI,clash,LLLAFLLGVLLGTLLGLLILI_2,1.1001100110011e+17,1.0,-71.1964,-71.243,-58.7088,-212.132,-212.463,-233.8,-339.023,4522.64,3496.32,3524.11,-37.0458,-36.7949,-92.7397,-92.1115,-46.5139,-92.4258,40.4846,-39.3651,6.78495,5.82929,4.93656,-36.1124,-92.5815,39.7325,-40.3169,-375.526,6.7382,5.75111,4.8471,2.0,LLLAFLLGVLLGTLLGLLILI,1.1958346586188,0.222847170550116,G,99999900.0
AFLLGVLLGTLLGLL,WT,LLLAFLLGVLLITLLGLLILI,clash,LLLAFLLGVLLGTLLGLLILI_1,1.1001100110011e+17,1.0,-71.243,-71.5488,-58.7088,-211.879,-213.964,-233.8,-339.023,4522.64,3451.79,3524.11,-36.942,-34.8431,-92.8426,-88.3536,-46.5139,-91.9871,40.5247,-39.462,6.78121,5.7689,4.87677,-36.5958,-92.5815,39.7325,-40.3169,-375.526,6.7382,5.75111,4.8471,1.0,LLLAFLLGVLLGTLLGLLILI,1.1958346586188,0.222847170550116,G,99999900.0
AFLLGVLLGTLLGLL,WT,LLLAFLLGVLLITLLGLLILI,clash,LLLAFLLGVLLGTLLGLLILI_2,1.1001100110011e+17,1.0,-58.6705,-66.1485,-58.6705,-213.899,-221.775,-233.785,-338.989,4524.49,3597.85,3413.79,-5.98181,141770.0,-72.4007,141719.0,-46.5334,-69.9475,39.2508,-37.3993,7.71315,2.29098,1.37975,138858.0,-62.8637,50.8317,-39.7383,141432.0,6.5162,2.79183,2.05431,2.0,LLLAFLLGVLLGTLLGLLILI,1.1958346586188,0.222847170550116,G,99999900.0
AFLLGVLLGTLLGLL,WT,LLLAFLLGVLLITLLGLLILI,clash,LLLAFLLGVLLGTLLGLLILI_0,1.1001100110011e+17,1.0,-58.6705,-68.6402,-58.6705,-212.877,-216.258,-233.785,-338.989,4524.49,3650.77,3413.79,-0.805735,141771.0,-68.2463,141717.0,-46.5334,-72.3651,32.5343,-41.6059,7.68356,1.74691,0.734923,139282.0,-62.8637,50.8317,-39.7383,141432.0,6.5162,2.79183,2.05431,0.0,LLLAFLLGVLLGTLLGLLILI,1.1958346586188,0.222847170550116,G,99999900.0
YFLLGVLLGLLLSTL,WT,LLLYFLLIVLLGLLLSTLILI,clash,LLLYFLLGVLLGLLLSTLILI_2,1.1001100110011e+17,1.0,-85.2128,-82.4506,-74.1291,-224.2,-221.62,-247.613,-353.325,4682.37,3570.05,3573.38,-35.2185,-28.4905,-79.1308,-77.7444,-31.5829,-96.8494,48.6377,-34.2974,6.87066,7.5935,6.82307,-27.8503,-91.43,48.2927,-36.5962,-383.207,7.0472,6.73401,5.9584,2.0,LLLYFLLGVLLGLLLSTLILI,1.38668121597573,0.805463621095896,G,99999900.0
YFLLGVLLGLLLSTL,WT,LLLYFLLIVLLGLLLSTLILI,clash,LLLYFLLGVLLGLLLSTLILI_0,1.1001100110011e+17,1.0,-87.3218,-84.6666,-74.1291,-224.521,-221.439,-247.613,-353.325,4682.37,3577.39,3573.38,-35.0472,-29.882,-76.5294,-77.1006,-31.5829,-90.2641,54.2435,-36.9414,6.81136,7.36249,6.67615,-29.4378,-91.43,48.2927,-36.5962,-383.207,7.0472,6.73401,5.9584,0.0,LLLYFLLGVLLGLLLSTLILI,1.38668121597573,0.805463621095896,G,99999900.0
YFLLGVLLGLLLSTL,WT,LLLYFLLIVLLGLLLSTLILI,clash,LLLYFLLGVLLGLLLSTLILI_1,1.1001100110011e+17,1.0,-86.1252,-87.3218,-74.1291,-221.866,-224.521,-247.613,-353.325,4682.37,3587.33,3573.38,-32.2422,-35.0472,-77.5761,-76.5294,-31.5829,-94.1981,47.2727,-34.9912,6.86002,7.01153,6.22062,-28.8667,-91.43,48.2927,-36.5962,-383.207,7.0472,6.73401,5.9584,1.0,LLLYFLLGVLLGLLLSTLILI,1.38668121597573,0.805463621095896,G,99999900.0
YALLFLLLGTLLGSL,WT,LLLYALLFLLLITLLGSLILI,clash,LLLYALLFLLLGTLLGSLILI_1,1.1001100110011e+17,1.0,-75.0326,-69.7359,-74.1625,-216.586,-210.483,-244.923,-351.402,4638.82,3841.52,3531.27,47250.8,309187.0,47191.0,309116.0,-32.3167,-51.6363,48.0463,-41.394,8.05571,0.731697,-0.0476078,232021.0,-54.4566,55.8714,-40.6917,749508.0,7.0594,2.21113,1.5492,1.0,LLLYALLFLLLGTLLGSLILI,0.311245077368767,0.0330787235462274,G,99999900.0
YALLFLLLGTLLGSL,WT,LLLYALLFLLLITLLGSLILI,clash,LLLYALLFLLLGTLLGSLILI_0,1.1001100110011e+17,1.0,-75.2051,-77.8326,-74.1625,-213.504,-219.983,-244.923,-351.402,4638.82,3809.74,3531.27,48285.8,749859.0,48223.1,749806.0,-32.3167,-51.3562,43.9753,-41.52,7.99726,0.140097,-0.700274,634089.0,-54.4566,55.8714,-40.6917,749508.0,7.0594,2.21113,1.5492,0.0,LLLYALLFLLLGTLLGSLILI,0.311245077368767,0.0330787235462274,G,99999900.0
YALLFLLLGTLLGSL,WT,LLLYALLFLLLITLLGSLILI,clash,LLLYALLFLLLGTLLGSLILI_2,1.1001100110011e+17,1.0,-76.7331,-71.1454,-74.1625,-217.998,-213.652,-244.923,-351.402,4638.82,3796.0,3531.27,54370.5,327512.0,54313.8,327446.0,-32.3167,-52.8833,49.4669,-40.8368,7.88772,1.11054,0.352545,321173.0,-54.4566,55.8714,-40.6917,749508.0,7.0594,2.21113,1.5492,2.0,LLLYALLFLLLGTLLGSLILI,0.311245077368767,0.0330787235462274,G,99999900.0
YFLLGALLGILLTLL,WT,LLLYFLLIALLGILLTLLILI,clash,LLLYFLLGALLGILLTLLILI_2,1.1001100110011e+17,1.0,-67.377,-67.9612,-58.775,-227.9,-226.676,-246.988,-341.423,4712.69,3689.3,3659.07,-41.557,-39.5367,-87.703,-86.3222,-35.6595,-76.8108,60.327,-44.7846,6.66133,6.16576,5.57067,-37.2888,-72.8097,60.8563,-43.7016,-378.546,6.839,5.63706,5.0499,2.0,LLLYFLLGALLGILLTLLILI,1.06573123106124,0.0983534114052395,G,99999900.0
YFLLGALLGILLTLL,WT,LLLYFLLIALLGILLTLLILI,clash,LLLYFLLGALLGILLTLLILI_1,1.1001100110011e+17,1.0,-67.9612,-67.888,-58.775,-226.874,-226.649,-246.988,-341.423,4712.69,3601.85,3659.07,-41.1831,-39.8251,-87.7708,-86.7105,-35.6595,-75.9171,60.4821,-44.1345,6.63558,6.05265,5.45988,-35.1036,-72.8097,60.8563,-43.7016,-378.546,6.839,5.63706,5.0499,1.0,LLLYFLLGALLGILLTLLILI,1.06573123106124,0.0983534114052395,G,99999900.0
YFLLGALLGILLTLL,WT,LLLYFLLIALLGILLTLLILI,clash,LLLYFLLGALLGILLTLLILI_0,1.1001100110011e+17,1.0,-67.888,-67.1086,-58.775,-227.153,-225.069,-246.988,-341.423,4712.69,3630.06,3659.07,-40.9713,-37.1235,-87.3533,-86.3683,-35.6595,-74.5354,61.7244,-43.7426,6.70831,6.01311,5.43897,-36.6888,-72.8097,60.8563,-43.7016,-378.546,6.839,5.63706,5.0499,0.0,LLLYFLLGALLGILLTLLILI,1.06573123106124,0.0983534114052395,G,99999900.0
AFLLGTLLGVLLGLL,WT,LLLAFLLITLLGVLLGLLILI,clash,LLLAFLLGTLLGVLLGLLILI_0,1.1001100110011e+17,1.0,-66.0758,-71.1867,-58.7211,-219.111,-212.661,-233.814,-339.256,4515.95,3624.91,3514.93,-45.018,-36.3847,-99.0871,-91.7925,-46.7207,-93.4523,50.9971,-41.018,6.7269,7.40245,6.66741,-36.7683,-92.5815,39.7325,-40.3169,-375.641,6.7382,5.75111,4.8471,0.0,LLLAFLLGTLLGVLLGLLILI,1.36249112929927,0.148891339192199,G,99999900.0
AFLLGTLLGVLLGLL,WT,LLLAFLLITLLGVLLGLLILI,clash,LLLAFLLGTLLGVLLGLLILI_1,1.1001100110011e+17,1.0,-66.2662,-72.5248,-58.7211,-214.538,-221.385,-233.814,-339.256,4515.95,3554.86,3514.93,-39.8435,7.52425,-98.2948,-37.8215,-46.7207,-88.7448,47.5039,-40.293,6.77159,6.22476,5.43732,-36.1806,-92.5815,39.7325,-40.3169,-375.641,6.7382,5.75111,4.8471,1.0,LLLAFLLGTLLGVLLGLLILI,1.36249112929927,0.148891339192199,G,99999900.0
AFLLGTLLGVLLGLL,WT,LLLAFLLITLLGVLLGLLILI,clash,LLLAFLLGTLLGVLLGLLILI_2,1.1001100110011e+17,1.0,-71.9702,-73.0223,-58.7211,-211.752,-214.678,-233.814,-339.256,4515.95,3432.16,3514.93,-38.3796,5.02094,-93.9131,-46.5346,-46.7207,-91.3504,42.2643,-37.8625,6.74649,5.90825,5.04221,-36.3242,-92.5815,39.7325,-40.3169,-375.641,6.7382,5.75111,4.8471,2.0,LLLAFLLGTLLGVLLGLLILI,1.36249112929927,0.148891339192199,G,99999900.0
AFLLGTLLGVLLGLL,WT,LLLAFLLITLLGVLLGLLILI,clash,LLLAFLLGTLLGVLLGLLILI_2,1.1001100110011e+17,1.0,-70.7876,-72.9945,-58.726,-210.431,-210.515,-233.786,-339.341,4514.32,3503.21,3464.44,-37.15,-17.4619,-95.2717,-73.2927,-46.8292,-97.4527,38.3615,-37.6883,7.43224,6.29671,5.37213,-29.9298,-91.396,35.576,-35.8075,-369.21,7.4513,5.01216,4.0458,2.0,LLLAFLLGTLLGVLLGLLILI,1.36249112929927,0.148891339192199,G,99999900.0
AFLLGTLLGVLLGLL,WT,LLLAFLLITLLGVLLGLLILI,clash,LLLAFLLGTLLGVLLGLLILI_1,1.1001100110011e+17,1.0,-66.6737,-71.8288,-58.726,-210.511,-206.071,-233.786,-339.341,4514.32,3550.57,3464.44,-35.7515,-31.4574,-97.9072,-92.8983,-46.8292,-90.1374,44.092,-40.6189,7.31741,5.97302,5.1344,-30.7631,-91.396,35.576,-35.8075,-369.21,7.4513,5.01216,4.0458,1.0,LLLAFLLGTLLGVLLGLLILI,1.36249112929927,0.148891339192199,G,99999900.0
AFLLGTLLGVLLGLL,WT,LLLAFLLITLLGVLLGLLILI,clash,LLLAFLLGTLLGVLLGLLILI_0,1.1001100110011e+17,1.0,-71.8288,-71.1279,-58.726,-205.458,-203.92,-233.786,-339.341,4514.32,3478.16,3464.44,-32.5103,-29.8689,-94.5644,-94.1621,-46.8292,-91.4305,37.6206,-37.2487,7.34534,5.29335,4.35766,-29.0652,-91.396,35.576,-35.8075,-369.21,7.4513,5.01216,4.0458,0.0,LLLAFLLGTLLGVLLGLLILI,1.36249112929927,0.148891339192199,G,99999900.0
YFLLGVLLGTLLGLL,WT,LLLYFLLGVLLITLLGLLILI,clash,LLLYFLLGVLLGTLLGLLILI_0,1.1001100110011e+17,1.0,-72.4578,-68.1971,-58.6992,-214.784,-213.212,-244.372,-334.454,4667.69,3447.13,3634.25,-33.5794,-22.505,-80.7917,-75.5507,-31.3834,-85.1222,31.7554,-42.2893,7.06462,3.55531,2.53164,-25.1112,-83.9549,29.1297,-45.0,-356.959,7.4713,3.02575,1.9627,0.0,LLLYFLLGVLLGTLLGLLILI,1.12290402899291,0.0463537380987308,G,99999900.0
YFLLGVLLGTLLGLL,WT,LLLYFLLGVLLITLLGLLILI,clash,LLLYFLLGVLLGTLLGLLILI_1,1.1001100110011e+17,1.0,-71.0557,-72.4578,-58.6992,-213.239,-215.04,-244.372,-334.454,4667.69,3527.41,3634.25,-30.3664,219.324,-80.5263,172.367,-31.3834,-88.6129,27.1348,-43.1281,7.48944,3.45514,2.36216,-21.9897,-83.9549,29.1297,-45.0,-356.959,7.4713,3.02575,1.9627,1.0,LLLYFLLGVLLGTLLGLLILI,1.12290402899291,0.0463537380987308,G,99999900.0
YFLLGVLLGTLLGLL,WT,LLLYFLLGVLLITLLGLLILI,clash,LLLYFLLGVLLGTLLGLLILI_2,1.1001100110011e+17,1.0,-72.5407,-71.0557,-58.6992,-210.634,-212.35,-244.372,-334.454,4667.69,3438.76,3634.25,-28.2738,-25.6148,-79.5537,-76.6637,-31.3834,-84.1985,24.5832,-42.6141,7.10342,2.44851,1.31726,-27.322,-83.9549,29.1297,-45.0,-356.959,7.4713,3.02575,1.9627,2.0,LLLYFLLGVLLGTLLGLLILI,1.12290402899291,0.0463537380987308,G,99999900.0
TLLLGALLGFLLSIL,WT,LLLTLLLGALLIFLLSILILI,clash,LLLTLLLGALLGFLLSILILI_1,1.1001100110011e+17,1.0,-76.7039,-74.7201,-60.2245,-223.767,-223.823,-241.641,-357.961,4510.57,3653.86,3575.26,-46.497,-41.8981,-103.987,-101.316,-56.0959,-89.39,50.611,-44.0282,6.81683,6.74099,6.00015,-40.0971,-85.3964,50.7936,-43.9343,-398.195,6.9666,6.1666,5.4285,1.0,LLLTLLLGALLGFLLSILILI,1.48271016037898,0.790884257309123,G,99999900.0
TLLLGALLGFLLSIL,WT,LLLTLLLGALLIFLLSILILI,clash,LLLTLLLGALLGFLLSILILI_0,1.1001100110011e+17,1.0,-75.5634,-73.5374,-60.2793,-224.811,-221.278,-242.005,-358.186,4511.26,3655.85,3563.17,-46.3877,-36.0251,-104.199,-99.396,-55.9022,-79.3743,62.4804,-46.7816,6.33573,6.841,6.27821,-38.4902,-83.724,52.3747,-45.0,-394.211,6.6055,6.12918,5.4148,0.0,LLLTLLLGALLGFLLSILILI,1.48271016037898,0.790884257309123,G,99999900.0
TLLLGALLGFLLSIL,WT,LLLTLLLGALLIFLLSILILI,clash,LLLTLLLGALLGFLLSILILI_1,1.1001100110011e+17,1.0,-76.8694,-75.0192,-60.2793,-223.346,-223.657,-242.005,-358.186,4511.26,3647.33,3563.17,-46.1136,-41.5895,-104.084,-101.099,-55.9022,-88.8021,50.1773,-46.0732,6.4312,6.59425,5.84691,-35.6328,-83.724,52.3747,-45.0,-394.211,6.6055,6.12918,5.4148,1.0,LLLTLLLGALLGFLLSILILI,1.48271016037898,0.790884257309123,G,99999900.0
TLLLGALLGFLLSIL,WT,LLLTLLLGALLIFLLSILILI,clash,LLLTLLLGALLGFLLSILILI_0,1.1001100110011e+17,1.0,-75.443,-74.1987,-60.2245,-224.275,-221.487,-241.641,-357.961,4510.57,3641.35,3575.26,-45.9587,-40.2342,-104.202,-102.51,-56.0959,-81.9735,58.9011,-44.9555,6.74127,6.74768,6.13119,-40.2162,-85.3964,50.7936,-43.9343,-398.195,6.9666,6.1666,5.4285,0.0,LLLTLLLGALLGFLLSILILI,1.48271016037898,0.790884257309123,G,99999900.0
TLLLGALLGFLLSIL,WT,LLLTLLLGALLIFLLSILILI,clash,LLLTLLLGALLGFLLSILILI_2,1.1001100110011e+17,1.0,-77.0795,-77.3676,-60.2793,-222.774,-223.014,-242.005,-358.186,4511.26,3651.84,3563.17,-45.9064,-43.8379,-104.239,-101.643,-55.9022,-89.0157,50.9714,-45.3021,6.44825,6.73349,5.99806,-37.3085,-83.724,52.3747,-45.0,-394.211,6.6055,6.12918,5.4148,2.0,LLLTLLLGALLGFLLSILILI,1.48271016037898,0.790884257309123,G,99999900.0
TLLLGALLGFLLSIL,WT,LLLTLLLGALLIFLLSILILI,clash,LLLTLLLGALLGFLLSILILI_2,1.1001100110011e+17,1.0,-75.8714,-76.6259,-60.2245,-223.77,-223.783,-241.641,-357.961,4510.57,3676.07,3575.26,-45.4828,-45.4694,-103.802,-103.022,-56.0959,-90.7253,48.2221,-45.0071,6.76283,6.61879,5.84212,-39.055,-85.3964,50.7936,-43.9343,-398.195,6.9666,6.1666,5.4285,2.0,LLLTLLLGALLGFLLSILILI,1.48271016037898,0.790884257309123,G,99999900.0
YLLLGFLLGTLLGSL,WT,LLLYLLLIFLLGTLLGSLILI,clash,LLLYLLLGFLLGTLLGSLILI_0,1.1001100110011e+17,1.0,-86.3443,-89.3786,-74.0188,-223.571,-213.531,-242.883,-347.664,4562.77,3487.22,3484.69,-37.5265,8.62561,-75.275,-36.1292,-30.7624,-81.8452,60.9999,-38.0752,6.49515,7.01177,6.42676,-2.04855,-80.3065,54.2755,-36.4683,-339.039,6.5,5.87317,5.1873,0.0,LLLYLLLGFLLGTLLGSLILI,0.688981317648045,0.156319659810244,G,99999900.0
YLLLGFLLGTLLGSL,WT,LLLYLLLIFLLGTLLGSLILI,clash,LLLYLLLGFLLGTLLGSLILI_2,1.1001100110011e+17,1.0,-88.1711,-89.3786,-74.0188,-217.692,-213.531,-242.883,-347.664,4562.77,3549.86,3484.69,-25.7294,8.62561,-67.5308,-36.1292,-30.7624,-81.3539,54.5769,-41.8461,6.49195,6.07097,5.38963,5.18004,-80.3065,54.2755,-36.4683,-339.039,6.5,5.87317,5.1873,2.0,LLLYLLLGFLLGTLLGSLILI,0.688981317648045,0.156319659810244,G,99999900.0
YLLLGFLLGTLLGSL,WT,LLLYLLLIFLLGTLLGSLILI,clash,LLLYLLLGFLLGTLLGSLILI_1,1.1001100110011e+17,1.0,-89.3786,-88.4987,-74.0188,-213.531,-222.142,-242.883,-347.664,4562.77,3499.97,3484.69,8.62561,-23.4495,-36.1292,-60.4729,-30.7624,-80.3065,54.2755,-36.4683,6.5,5.87317,5.1873,27.8585,-80.3065,54.2755,-36.4683,-339.039,6.5,5.87317,5.1873,1.0,LLLYLLLGFLLGTLLGSLILI,0.688981317648045,0.156319659810244,G,99999900.0
TFLLGVLLGLLLSIL,WT,LLLTFLLGVLLILLLSILILI,clash,LLLTFLLGVLLGLLLSILILI_0,1.1001100110011e+17,1.0,-74.4215,-73.5625,-60.3447,-224.711,-222.848,-245.276,-361.847,4580.63,3558.71,3578.89,-39.5127,-35.1612,-102.227,-100.598,-56.2256,-89.5538,50.0461,-44.7391,6.61682,6.68929,5.93998,-35.1127,-89.4728,49.1879,-43.1568,-397.008,6.7244,6.56128,5.7991,0.0,LLLTFLLGVLLGLLLSILILI,1.83314285183505,0.683842468182869,G,99999900.0
TFLLGVLLGLLLSIL,WT,LLLTFLLGVLLILLLSILILI,clash,LLLTFLLGVLLGLLLSILILI_1,1.1001100110011e+17,1.0,-73.549,-73.6213,-60.3447,-223.687,-223.943,-245.276,-361.847,4580.63,3553.23,3578.89,-37.5246,-35.8019,-102.135,-100.084,-56.2256,-90.0718,48.1912,-44.0149,6.68784,6.51658,5.73944,-32.623,-89.4728,49.1879,-43.1568,-397.008,6.7244,6.56128,5.7991,1.0,LLLTFLLGVLLGLLLSILILI,1.83314285183505,0.683842468182869,G,99999900.0
TFLLGVLLGLLLSIL,WT,LLLTFLLGVLLILLLSILILI,clash,LLLTFLLGVLLGLLLSILILI_2,1.1001100110011e+17,1.0,-72.9497,-73.2227,-60.3447,-222.46,-223.018,-245.276,-361.847,4580.63,3595.28,3578.89,-35.1376,-35.2613,-101.574,-100.868,-56.2256,-86.8554,48.5867,-45.171,6.76288,6.08752,5.31632,-34.9099,-89.4728,49.1879,-43.1568,-397.008,6.7244,6.56128,5.7991,2.0,LLLTFLLGVLLGLLLSILILI,1.83314285183505,0.683842468182869,G,99999900.0
YFLLGALLGILLSLL,WT,LLLYFLLGALLIILLSLLILI,clash,LLLYFLLGALLGILLSLLILI_0,1.1001100110011e+17,1.0,-73.0694,-65.2413,-60.2613,-229.412,-221.721,-245.81,-345.068,4688.24,3681.29,3669.59,-42.6019,-28.6596,-85.1891,-86.7661,-38.9969,-81.5273,61.7652,-44.5859,6.57449,7.0674,6.49388,-28.2795,-75.95,58.5447,-41.9323,-373.728,6.6534,5.79603,5.1742,0.0,LLLYFLLGALLGILLSLLILI,0.960545528893196,0.0956045121321867,G,99999900.0
YFLLGALLGILLSLL,WT,LLLYFLLGALLIILLSLLILI,clash,LLLYFLLGALLGILLSLLILI_2,1.1001100110011e+17,1.0,-72.0971,-61.962,-60.2613,-220.766,-223.863,-245.81,-345.068,4688.24,3668.17,3669.59,-36.3959,-17.4917,-88.6013,-76.7349,-38.9969,-83.5444,52.3128,-49.0717,6.4891,6.0939,5.37859,-28.2326,-75.95,58.5447,-41.9323,-373.728,6.6534,5.79603,5.1742,2.0,LLLYFLLGALLGILLSLLILI,0.960545528893196,0.0956045121321867,G,99999900.0
YFLLGALLGILLSLL,WT,LLLYFLLGALLIILLSLLILI,clash,LLLYFLLGALLGILLSLLILI_1,1.1001100110011e+17,1.0,-71.2321,-65.1131,-60.2613,-221.43,-227.446,-245.81,-345.068,4688.24,3740.81,3669.59,-31.8904,-28.341,-84.2964,-80.8506,-38.9969,-78.9047,56.4219,-52.0479,6.55136,5.95267,5.29899,-28.5562,-75.95,58.5447,-41.9323,-373.728,6.6534,5.79603,5.1742,1.0,LLLYFLLGALLGILLSLLILI,0.960545528893196,0.0956045121321867,G,99999900.0
AYLLGVLLGLLLGSL,WT,LLLAYLLGVLLILLLGSLILI,clash,LLLAYLLGVLLGLLLGSLILI_0,1.1001100110011e+17,1.0,-72.7513,-73.5397,-60.2742,-216.316,-214.832,-237.255,-348.662,4498.22,3471.45,3460.86,-41.9544,690.114,-101.549,629.824,-51.1329,-76.7902,43.5618,-36.218,6.67925,3.89936,3.05279,568.586,-71.2876,45.5524,-38.516,341.452,6.6243,3.34271,2.526,0.0,LLLAYLLGVLLGLLLGSLILI,1.16629208031746,0.113034737405558,G,99999900.0
AYLLGVLLGLLLGSL,WT,LLLAYLLGVLLILLLGSLILI,clash,LLLAYLLGVLLGLLLGSLILI_1,1.1001100110011e+17,1.0,-73.7094,-75.4707,-60.2742,-217.539,-215.569,-237.255,-348.662,4498.22,3521.03,3460.86,-39.7062,703.038,-97.12,645.416,-51.1329,-77.5394,45.7373,-41.4173,6.47991,4.30545,3.49151,161.236,-71.2876,45.5524,-38.516,341.452,6.6243,3.34271,2.526,1.0,LLLAYLLGVLLGLLLGSLILI,1.16629208031746,0.113034737405558,G,99999900.0
AYLLGVLLGLLLGSL,WT,LLLAYLLGVLLILLLGSLILI,clash,LLLAYLLGVLLGLLLGSLILI_2,1.1001100110011e+17,1.0,-73.5397,-73.9692,-60.2742,-214.832,-219.326,-237.255,-348.662,4498.22,3510.2,3460.86,690.114,-30.1277,629.824,-85.4943,-51.1329,-71.2876,45.5524,-38.516,6.6243,3.34271,2.526,692.175,-71.2876,45.5524,-38.516,341.452,6.6243,3.34271,2.526,2.0,LLLAYLLGVLLGLLLGSLILI,1.16629208031746,0.113034737405558,G,99999900.0
SYLLGVLLGTLLGFL,WT,LLLSYLLGVLLITLLGFLILI,clash,LLLSYLLGVLLGTLLGFLILI_0,1.1001100110011e+17,1.0,-83.6882,-81.1759,-58.6887,-223.862,-226.157,-248.976,-339.766,4521.23,3614.85,3539.91,-42.8132,198.958,-75.0295,166.525,-32.1018,-76.0479,35.2419,-41.6651,6.82924,2.66484,1.69346,130.064,-69.5064,38.1576,-45.0,-140.808,6.5231,2.07724,1.1496,0.0,LLLSYLLGVLLGTLLGFLILI,0.849586313526218,0.0839757321237813,G,99999900.0
SYLLGVLLGTLLGFL,WT,LLLSYLLGVLLITLLGFLILI,clash,LLLSYLLGVLLGTLLGFLILI_2,1.1001100110011e+17,1.0,-80.3033,-81.1759,-58.6887,-226.513,-226.157,-248.976,-339.766,4521.23,3652.28,3539.91,-36.9301,198.958,-69.8799,166.525,-32.1018,-73.6146,42.5232,-45.6342,6.71026,3.28282,2.42067,184.86,-69.5064,38.1576,-45.0,-140.808,6.5231,2.07724,1.1496,2.0,LLLSYLLGVLLGTLLGFLILI,0.849586313526218,0.0839757321237813,G,99999900.0
SYLLGVLLGTLLGFL,WT,LLLSYLLGVLLITLLGFLILI,clash,LLLSYLLGVLLGTLLGFLILI_1,1.1001100110011e+17,1.0,-81.1759,-77.3751,-58.6887,-226.157,-224.168,-248.976,-339.766,4521.23,3642.39,3539.91,198.958,-27.2096,166.525,-65.4323,-32.1018,-69.5064,38.1576,-45.0,6.5231,2.07724,1.1496,191.484,-69.5064,38.1576,-45.0,-140.808,6.5231,2.07724,1.1496,1.0,LLLSYLLGVLLGTLLGFLILI,0.849586313526218,0.0839757321237813,G,99999900.0
SYLLGVLLGLLLATL,WT,LLLSYLLGVLLILLLATLILI,clash,LLLSYLLGVLLGLLLATLILI_0,1.1001100110011e+17,1.0,-84.2493,-81.7305,-58.7839,-225.01,-224.764,-250.452,-362.713,4530.68,3562.42,3596.46,-41.3059,-37.0403,-94.7595,-93.2584,-53.4766,-86.6176,44.0155,-44.3024,6.70721,5.43474,4.59497,-35.826,-84.8765,45.4702,-44.3391,-399.753,6.8761,5.36995,4.552,0.0,LLLSYLLGVLLGLLLATLILI,1.08030251069984,0.0975581242023099,G,99999900.0
SYLLGVLLGLLLATL,WT,LLLSYLLGVLLILLLATLILI,clash,LLLSYLLGVLLGLLLATLILI_1,1.1001100110011e+17,1.0,-84.0941,-80.3304,-58.7839,-223.423,-225.719,-250.452,-362.713,4530.68,3573.6,3596.46,-39.6355,10.0859,-94.8309,-46.5772,-53.4766,-82.3221,43.7524,-44.5686,6.72633,4.75488,3.91117,-28.4692,-84.8765,45.4702,-44.3391,-399.753,6.8761,5.36995,4.552,1.0,LLLSYLLGVLLGLLLATLILI,1.08030251069984,0.0975581242023099,G,99999900.0
SYLLGVLLGLLLATL,WT,LLLSYLLGVLLILLLATLILI,clash,LLLSYLLGVLLGLLLATLILI_2,1.1001100110011e+17,1.0,-84.9753,-80.4138,-58.7839,-224.652,-223.953,-250.452,-362.713,4530.68,3607.41,3596.46,-38.5035,-35.3668,-91.5885,-93.7121,-53.4766,-86.5215,44.3344,-44.4701,6.77759,5.46337,4.62839,-37.0449,-84.8765,45.4702,-44.3391,-399.753,6.8761,5.36995,4.552,2.0,LLLSYLLGVLLGLLLATLILI,1.08030251069984,0.0975581242023099,G,99999900.0
SYLLGLLLGFLLGTL,WT,LLLSYLLGLLLIFLLGTLILI,clash,LLLSYLLGLLLGFLLGTLILI_2,1.1001100110011e+17,1.0,-84.5579,-80.5076,-58.7136,-223.408,-223.372,-251.174,-346.722,4562.23,3604.1,3613.88,-33.3937,-28.5059,-72.1501,-71.3481,-36.8345,-83.4805,40.5668,-41.5172,6.88704,4.49858,3.60708,-29.4954,-87.8363,33.3963,-37.1588,-376.045,7.4752,4.18395,3.1849,2.0,LLLSYLLGLLLGFLLGTLILI,1.39633484105129,0.738264881373131,G,99999900.0
SYLLGLLLGFLLGTL,WT,LLLSYLLGLLLIFLLGTLILI,clash,LLLSYLLGLLLGFLLGTLILI_0,1.1001100110011e+17,1.0,-80.3562,-78.292,-58.7136,-222.051,-222.497,-251.174,-346.722,4562.23,3560.57,3613.88,-33.0987,-29.3231,-77.4136,-75.2564,-36.8345,-88.2028,34.5608,-35.6374,7.18911,4.39612,3.41454,-29.9207,-87.8363,33.3963,-37.1588,-376.045,7.4752,4.18395,3.1849,0.0,LLLSYLLGLLLGFLLGTLILI,1.39633484105129,0.738264881373131,G,99999900.0
SYLLGLLLGFLLGTL,WT,LLLSYLLGLLLIFLLGTLILI,clash,LLLSYLLGLLLGFLLGTLILI_1,1.1001100110011e+17,1.0,-80.5267,-80.3562,-58.7136,-222.728,-222.737,-251.174,-346.722,4562.23,3600.19,3613.88,-33.0811,-25.9547,-76.5486,-69.5836,-36.8345,-87.653,35.2201,-38.3234,7.24334,4.40266,3.43096,-26.6803,-87.8363,33.3963,-37.1588,-376.045,7.4752,4.18395,3.1849,1.0,LLLSYLLGLLLGFLLGTLILI,1.39633484105129,0.738264881373131,G,99999900.0
SYLLGVLLGLLLAFL,WT,LLLSYLLGVLLILLLAFLILI,clash,LLLSYLLGVLLGLLLAFLILI_0,1.1001100110011e+17,1.0,-70.0222,-67.7448,-44.9369,-226.74,-225.502,-250.735,-342.933,4561.79,3670.35,3604.49,-42.6317,-37.3632,-88.8021,-87.0492,-47.2606,-85.6043,44.9919,-45.1191,7.11198,5.41455,4.58943,-38.611,-83.7533,47.7994,-42.6647,-380.296,7.5,5.51591,4.7329,0.0,LLLSYLLGVLLGLLLAFLILI,1.00000635529311,0.0990737072356385,G,99999900.0
SYLLGVLLGLLLAFL,WT,LLLSYLLGVLLILLLAFLILI,clash,LLLSYLLGVLLGLLLAFLILI_1,1.1001100110011e+17,1.0,-70.2853,-54.7647,-44.9369,-225.976,-226.024,-250.735,-342.933,4561.79,3659.37,3604.49,-42.5783,-27.2213,-89.2496,-89.3651,-47.2606,-82.5833,45.2786,-44.4791,7.1493,5.00011,4.17929,-37.1903,-83.7533,47.7994,-42.6647,-380.296,7.5,5.51591,4.7329,1.0,LLLSYLLGVLLGLLLAFLILI,1.00000635529311,0.0990737072356385,G,99999900.0
SYLLGVLLGLLLAFL,WT,LLLSYLLGVLLILLLAFLILI,clash,LLLSYLLGVLLGLLLAFLILI_2,1.1001100110011e+17,1.0,-70.5615,-54.8509,-44.9369,-225.614,-225.286,-250.735,-342.933,4561.79,3693.29,3604.49,-42.4901,-26.9284,-89.247,-89.7238,-47.2606,-81.5675,44.8783,-44.417,7.09861,4.79371,3.96688,-36.8819,-83.7533,47.7994,-42.6647,-380.296,7.5,5.51591,4.7329,2.0,LLLSYLLGVLLGLLLAFLILI,1.00000635529311,0.0990737072356385,G,99999900.0
SYLLGLLLGFLLSTL,WT,LLLSYLLGLLLIFLLSTLILI,clash,LLLSYLLGLLLGFLLSTLILI_0,1.1001100110011e+17,1.0,-98.4699,-88.3347,-74.0925,-227.463,-226.628,-253.036,-364.463,4573.56,3639.37,3606.58,-38.4161,-27.0865,-76.9463,-76.5862,-37.3337,-100.322,15.7501,-46.8224,6.87429,3.67453,2.41078,-27.0465,-95.479,27.325,-44.2015,-391.549,7.2798,4.51072,3.42059,0.0,LLLSYLLGLLLGFLLSTLILI,1.13518301696903,0.154014015218679,G,99999900.0
SYLLGLLLGFLLSTL,WT,LLLSYLLGLLLIFLLSTLILI,clash,LLLSYLLGLLLGFLLSTLILI_2,1.1001100110011e+17,1.0,-93.7064,-85.4784,-74.0925,-225.936,-227.646,-253.036,-364.463,4573.56,3673.28,3606.58,-33.3598,-9.94031,-78.1799,-61.2781,-37.3337,-87.0529,32.3994,-48.3283,7.18279,3.93185,2.91784,-26.2932,-95.479,27.325,-44.2015,-391.549,7.2798,4.51072,3.42059,2.0,LLLSYLLGLLLGFLLSTLILI,1.13518301696903,0.154014015218679,G,99999900.0
SYLLGLLLGFLLSTL,WT,LLLSYLLGLLLIFLLSTLILI,clash,LLLSYLLGLLLGFLLSTLILI_1,1.1001100110011e+17,1.0,-85.5566,-93.8358,-74.0925,-226.561,-227.122,-253.036,-364.463,4573.56,3646.18,3606.58,-28.3266,-13.4573,-80.6717,-56.9627,-37.3337,-96.5153,29.8504,-46.4229,6.90607,5.0071,3.95486,-24.342,-95.479,27.325,-44.2015,-391.549,7.2798,4.51072,3.42059,1.0,LLLSYLLGLLLGFLLSTLILI,1.13518301696903,0.154014015218679,G,99999900.0
TFLLGVLLGILLALL,WT,LLLTFLLIVLLGILLALLILI,clash,LLLTFLLGVLLGILLALLILI_1,1.1001100110011e+17,1.0,-55.023,-52.7137,-44.9728,-229.998,-226.151,-242.933,-347.056,4575.63,3584.24,3596.84,-38.7295,-30.0209,-100.765,-98.2117,-59.1501,-79.446,51.7609,-39.7354,7.0461,5.40463,4.68104,-30.3993,-72.6747,50.248,-40.0011,-378.377,7.1385,4.18468,3.4384,1.0,LLLTFLLGVLLGILLALLILI,1.22858849176078,0.0785238196945294,G,99999900.0
TFLLGVLLGILLALL,WT,LLLTFLLIVLLGILLALLILI,clash,LLLTFLLGVLLGILLALLILI_1,1.1001100110011e+17,1.0,-55.4149,-55.2879,-44.964,-226.127,-223.376,-243.15,-347.159,4575.62,3550.97,3572.99,-35.7587,-29.2308,-101.376,-97.7259,-59.0451,-80.8087,47.8408,-45.5792,6.59003,5.07982,4.29743,-30.8114,-75.7962,48.9371,-45.0,-378.009,6.6475,4.47594,3.71,1.0,LLLTFLLGVLLGILLALLILI,1.22858849176078,0.0785238196945294,G,99999900.0
TFLLGVLLGILLALL,WT,LLLTFLLIVLLGILLALLILI,clash,LLLTFLLGVLLGILLALLILI_2,1.1001100110011e+17,1.0,-54.784,-55.4149,-44.964,-227.899,-225.033,-243.15,-347.159,4575.62,3571.07,3572.99,-35.7445,-31.4122,-100.22,-98.1237,-59.0451,-85.0789,45.2861,-47.36,6.52251,5.37546,4.55475,-29.3395,-75.7962,48.9371,-45.0,-378.009,6.6475,4.47594,3.71,2.0,LLLTFLLGVLLGILLALLILI,1.22858849176078,0.0785238196945294,G,99999900.0
TFLLGVLLGILLALL,WT,LLLTFLLIVLLGILLALLILI,clash,LLLTFLLGVLLGILLALLILI_0,1.1001100110011e+17,1.0,-55.2879,-54.7062,-44.964,-224.114,-223.226,-243.15,-347.159,4575.62,3574.12,3572.99,-34.0933,-30.85,-101.85,-100.077,-59.0451,-79.1041,46.383,-45.4851,6.59479,4.62732,3.82306,-31.011,-75.7962,48.9371,-45.0,-378.009,6.6475,4.47594,3.71,0.0,LLLTFLLGVLLGILLALLILI,1.22858849176078,0.0785238196945294,G,99999900.0
TFLLGVLLGILLALL,WT,LLLTFLLIVLLGILLALLILI,clash,LLLTFLLGVLLGILLALLILI_2,1.1001100110011e+17,1.0,-52.7604,-55.023,-44.9728,-227.953,-228.635,-242.933,-347.056,4575.63,3541.49,3596.84,-33.374,-32.4511,-99.7157,-95.8489,-59.1501,-75.4646,50.6696,-41.2676,7.18483,4.66009,3.92013,-30.9849,-72.6747,50.248,-40.0011,-378.377,7.1385,4.18468,3.4384,2.0,LLLTFLLGVLLGILLALLILI,1.22858849176078,0.0785238196945294,G,99999900.0
TFLLGVLLGILLALL,WT,LLLTFLLIVLLGILLALLILI,clash,LLLTFLLGVLLGILLALLILI_0,1.1001100110011e+17,1.0,-52.7137,-53.8965,-44.9728,-227.074,-225.531,-242.933,-347.056,4575.63,3593.69,3596.84,-32.8091,-31.321,-100.077,-98.949,-59.1501,-74.5016,50.277,-40.1879,7.25275,4.46263,3.71679,-29.0097,-72.6747,50.248,-40.0011,-378.377,7.1385,4.18468,3.4384,0.0,LLLTFLLGVLLGILLALLILI,1.22858849176078,0.0785238196945294,G,99999900.0
TALLFLLLGYLLGSL,WT,LLLTALLFLLLGYLLISLILI,clash,LLLTALLFLLLGYLLGSLILI_0,1.1001100110011e+17,1.0,-68.1953,-70.5599,-60.326,-231.03,-224.657,-243.454,-345.34,4574.29,3786.1,3533.11,-15.8473,38373.9,-61.9617,38323.8,-41.5592,-45.8399,76.5283,-49.3682,7.55735,3.7073,3.35522,36917.0,-54.4566,55.8714,-40.6917,38028.6,7.0594,2.21113,1.5492,0.0,LLLTALLFLLLGYLLGSLILI,1.13544169252323,0.0507521448671304,G,99999900.0
TALLFLLLGYLLGSL,WT,LLLTALLFLLLGYLLISLILI,clash,LLLTALLFLLLGYLLGSLILI_2,1.1001100110011e+17,1.0,-63.1742,-70.5599,-60.326,-231.077,-224.657,-243.454,-345.34,4574.29,3972.88,3533.11,-12.4707,38373.9,-63.5591,38323.8,-41.5592,-57.1873,63.4048,-46.4231,9.08763,3.63774,3.08882,24614.9,-54.4566,55.8714,-40.6917,38028.6,7.0594,2.21113,1.5492,2.0,LLLTALLFLLLGYLLGSLILI,1.13544169252323,0.0507521448671304,G,99999900.0
TALLFLLLGYLLGSL,WT,LLLTALLFLLLGYLLISLILI,clash,LLLTALLFLLLGYLLGSLILI_1,1.1001100110011e+17,1.0,-70.5599,-64.3362,-60.326,-224.657,-227.673,-243.454,-345.34,4574.29,3590.07,3533.11,38373.9,237.478,38323.8,184.148,-41.5592,-54.4566,55.8714,-40.6917,7.0594,2.21113,1.5492,1149260.0,-54.4566,55.8714,-40.6917,38028.6,7.0594,2.21113,1.5492,1.0,LLLTALLFLLLGYLLGSLILI,1.13544169252323,0.0507521448671304,G,99999900.0
SYLLGLLLGVLLGTL,WT,LLLSYLLGLLLIVLLGTLILI,clash,LLLSYLLGLLLGVLLGTLILI_0,1.1001100110011e+17,1.0,-83.58,-81.713,-58.7511,-221.522,-220.931,-247.414,-356.402,4529.24,3496.05,3561.44,-41.5625,-33.9563,-92.862,-87.7137,-50.2369,-82.5781,38.3716,-43.2536,6.6877,4.06688,3.14245,-32.9127,-82.2405,38.4729,-43.0414,-390.358,7.0713,4.02991,3.107,0.0,LLLSYLLGLLLGVLLGTLILI,1.04909731976953,0.0142559494427001,G,99999900.0
SYLLGLLLGVLLGTL,WT,LLLSYLLGLLLIVLLGTLILI,clash,LLLSYLLGLLLGVLLGTLILI_1,1.1001100110011e+17,1.0,-83.7446,-83.5943,-58.7511,-221.253,-221.251,-247.414,-356.402,4529.24,3474.78,3561.44,-41.177,-41.4602,-92.5808,-93.0165,-50.2369,-81.7384,38.7079,-43.6235,6.6845,3.98632,3.06694,-37.0937,-82.2405,38.4729,-43.0414,-390.358,7.0713,4.02991,3.107,1.0,LLLSYLLGLLLGVLLGTLILI,1.04909731976953,0.0142559494427001,G,99999900.0
SYLLGLLLGVLLGTL,WT,LLLSYLLGLLLIVLLGTLILI,clash,LLLSYLLGLLLGVLLGTLILI_2,1.1001100110011e+17,1.0,-84.6331,-83.7633,-58.7511,-221.548,-220.967,-247.414,-356.402,4529.24,3546.08,3561.44,-41.1707,-34.9131,-91.3914,-86.5842,-50.2369,-81.8863,39.7336,-43.6847,6.70591,4.14697,3.24298,-35.0164,-82.2405,38.4729,-43.0414,-390.358,7.0713,4.02991,3.107,2.0,LLLSYLLGLLLGVLLGTLILI,1.04909731976953,0.0142559494427001,G,99999900.0
SYLLGLLLGVLLGTL,WT,LLLSYLLGLLLIVLLGTLILI,clash,LLLSYLLGLLLGVLLGTLILI_0,1.1001100110011e+17,1.0,-85.3619,-76.2933,-58.7086,-223.321,-221.749,-248.457,-357.306,4529.97,3540.36,3568.65,-39.2317,-28.0988,-87.8545,-87.363,-50.1406,-92.2335,26.5262,-41.9369,6.49759,3.91606,2.81396,-27.5988,-88.5873,34.12,-39.5515,-385.405,7.2522,4.3943,3.4061,0.0,LLLSYLLGLLLGVLLGTLILI,1.04909731976953,0.0142559494427001,G,99999900.0
SYLLGLLLGVLLGTL,WT,LLLSYLLGLLLIVLLGTLILI,clash,LLLSYLLGLLLGVLLGTLILI_1,1.1001100110011e+17,1.0,-75.3581,-85.3176,-58.7086,-226.014,-222.079,-248.457,-357.306,4529.97,3490.46,3568.65,-37.453,9.09898,-93.3867,-40.8107,-50.1406,-83.7218,48.8194,-38.5396,6.74445,5.6489,4.88119,-24.6364,-88.5873,34.12,-39.5515,-385.405,7.2522,4.3943,3.4061,1.0,LLLSYLLGLLLGVLLGTLILI,1.04909731976953,0.0142559494427001,G,99999900.0
SYLLGLLLGVLLGTL,WT,LLLSYLLGLLLIVLLGTLILI,clash,LLLSYLLGLLLGVLLGTLILI_2,1.1001100110011e+17,1.0,-82.8398,-79.8251,-58.7086,-223.489,-223.473,-248.457,-357.306,4529.97,3542.37,3568.65,-33.6303,2375.7,-84.608,2321.69,-50.1406,-89.0706,37.6011,-41.7313,6.88904,4.93674,4.00076,-24.3581,-88.5873,34.12,-39.5515,-385.405,7.2522,4.3943,3.4061,2.0,LLLSYLLGLLLGVLLGTLILI,1.04909731976953,0.0142559494427001,G,99999900.0
SYLLFLLLGVLLGSL,WT,LLLSYLLFLLLIVLLGSLILI,clash,LLLSYLLFLLLGVLLGSLILI_2,1.1001100110011e+17,1.0,-78.8442,-82.1631,-60.3605,-232.436,-227.394,-249.58,-353.246,4616.99,3802.5,3564.37,-25.6805,796.676,-67.6472,752.987,-43.3062,-67.4615,54.8791,-45.7041,8.40022,4.02791,3.3511,236.931,-62.877,50.983,-41.0408,443.43,7.3408,2.81426,2.07901,2.0,LLLSYLLFLLLGVLLGSLILI,0.764069526989794,0.0438132317522727,G,99999900.0
SYLLFLLLGVLLGSL,WT,LLLSYLLFLLLIVLLGSLILI,clash,LLLSYLLFLLLGVLLGSLILI_0,1.1001100110011e+17,1.0,-78.2921,-82.1631,-60.3605,-228.823,-227.394,-249.58,-353.246,4616.99,3703.12,3564.37,-22.5827,796.676,-68.7141,752.987,-43.3062,-62.9144,47.4552,-46.2827,7.70213,2.34362,1.55545,503.838,-62.877,50.983,-41.0408,443.43,7.3408,2.81426,2.07901,0.0,LLLSYLLFLLLGVLLGSLILI,0.764069526989794,0.0438132317522727,G,99999900.0
SYLLFLLLGVLLGSL,WT,LLLSYLLFLLLIVLLGSLILI,clash,LLLSYLLFLLLGVLLGSLILI_1,1.1001100110011e+17,1.0,-82.1631,-76.6532,-60.3605,-227.394,-228.098,-249.58,-353.246,4616.99,3543.78,3564.37,796.676,-12.7113,752.987,-61.2066,-43.3062,-62.877,50.983,-41.0408,7.3408,2.81426,2.07901,540.789,-62.877,50.983,-41.0408,443.43,7.3408,2.81426,2.07901,1.0,LLLSYLLFLLLGVLLGSLILI,0.764069526989794,0.0438132317522727,G,99999900.0
LFLLGTLLGALLAYL,WT,LLLLFLLITLLGALLAYLILI,clash,LLLLFLLGTLLGALLAYLILI_2,1.1001100110011e+17,1.0,-70.2396,-72.8251,-58.6697,-219.934,-214.287,-237.958,-332.505,4628.65,3771.91,3587.74,-31.6894,761.722,-74.0215,716.33,-35.8778,-62.2783,55.2418,-49.6354,6.50671,3.29938,2.62801,739.35,-56.669,55.2864,-44.397,429.217,6.6005,2.46401,1.79331,2.0,LLLLFLLGTLLGALLAYLILI,1.19638640062275,0.12511908451926,G,99999900.0
LFLLGTLLGALLAYL,WT,LLLLFLLITLLGALLAYLILI,clash,LLLLFLLGTLLGALLAYLILI_0,1.1001100110011e+17,1.0,-68.7171,-72.8251,-58.6697,-213.934,-214.287,-237.958,-332.505,4628.65,3804.55,3587.74,-19.8146,761.722,-69.6686,716.33,-35.8778,-54.3334,54.79,-51.1787,6.71116,2.04665,1.3685,718.091,-56.669,55.2864,-44.397,429.217,6.6005,2.46401,1.79331,0.0,LLLLFLLGTLLGALLAYLILI,1.19638640062275,0.12511908451926,G,99999900.0
LFLLGTLLGALLAYL,WT,LLLLFLLITLLGALLAYLILI,clash,LLLLFLLGTLLGALLAYLILI_1,1.1001100110011e+17,1.0,-72.8251,-69.8096,-58.6697,-214.287,-213.892,-237.958,-332.505,4628.65,3667.61,3587.74,761.722,-16.4436,716.33,-65.2468,-35.8778,-56.669,55.2864,-44.397,6.6005,2.46401,1.79331,762.211,-56.669,55.2864,-44.397,429.217,6.6005,2.46401,1.79331,1.0,LLLLFLLGTLLGALLAYLILI,1.19638640062275,0.12511908451926,G,99999900.0
YTLLAILLGLLLGFL,WT,LLLYTLLAILLILLLGFLILI,clash,LLLYTLLAILLGLLLGFLILI_2,1.1001100110011e+17,1.0,-69.0043,-67.2199,-44.9774,-230.249,-223.21,-246.979,-337.702,4624.54,4029.73,3581.62,-44.9553,63.992,-83.4039,16.7197,-45.7454,-66.047,49.2955,-50.0238,7.07112,3.06194,2.30137,54.7611,-66.7527,35.1406,-44.5294,-273.71,7.1807,1.25689,0.283999,2.0,LLLYTLLAILLGLLLGFLILI,0.312921585501335,0.0343337704573964,G,99999900.0
YTLLAILLGLLLGFL,WT,LLLYTLLAILLILLLGFLILI,clash,LLLYTLLAILLGLLLGFLILI_0,1.1001100110011e+17,1.0,-68.6279,-67.2199,-44.9774,-221.426,-223.21,-246.979,-337.702,4624.54,3992.8,3581.62,-32.8803,63.992,-80.5277,16.7197,-45.7454,-66.0154,28.5998,-48.0616,7.1788,0.263275,-0.807729,21.0724,-66.7527,35.1406,-44.5294,-273.71,7.1807,1.25689,0.283999,0.0,LLLYTLLAILLGLLLGFLILI,0.312921585501335,0.0343337704573964,G,99999900.0
YTLLAILLGLLLGFL,WT,LLLYTLLAILLILLLGFLILI,clash,LLLYTLLAILLGLLLGFLILI_1,1.1001100110011e+17,1.0,-67.2199,-68.6279,-44.9774,-223.21,-221.084,-246.979,-337.702,4624.54,4005.03,3581.62,63.992,-29.2923,16.7197,-77.2826,-45.7454,-66.7527,35.1406,-44.5294,7.1807,1.25689,0.283999,68.6179,-66.7527,35.1406,-44.5294,-273.71,7.1807,1.25689,0.283999,1.0,LLLYTLLAILLGLLLGFLILI,0.312921585501335,0.0343337704573964,G,99999900.0
YSLLALLLGTLLGFL,WT,LLLYSLLALLLITLLGFLILI,clash,LLLYSLLALLLGTLLGFLILI_2,1.1001100110011e+17,1.0,-65.3928,-71.9728,-58.7271,-220.765,-220.593,-245.189,-340.151,4627.04,3635.74,3545.36,-22.5895,8081.87,-76.5826,8034.28,-36.2353,-72.9009,48.3326,-32.4582,7.09777,3.96004,3.18503,4464.22,-65.5548,56.8812,-35.0605,7741.72,6.8434,4.01218,3.3654,2.0,LLLYSLLALLLGTLLGFLILI,0.233049761745461,0.0389789390483677,G,99999900.0
YSLLALLLGTLLGFL,WT,LLLYSLLALLLITLLGFLILI,clash,LLLYSLLALLLGTLLGFLILI_0,1.1001100110011e+17,1.0,-63.4456,-71.9728,-58.7271,-220.897,-220.593,-245.189,-340.151,4627.04,3644.47,3545.36,-20.5345,8081.87,-76.3434,8034.28,-36.2353,-74.9174,45.8582,-31.6444,7.19816,3.92846,3.11633,6712.25,-65.5548,56.8812,-35.0605,7741.72,6.8434,4.01218,3.3654,0.0,LLLYSLLALLLGTLLGFLILI,0.233049761745461,0.0389789390483677,G,99999900.0
YSLLALLLGTLLGFL,WT,LLLYSLLALLLITLLGFLILI,clash,LLLYSLLALLLGTLLGFLILI_1,1.1001100110011e+17,1.0,-71.9728,-67.2018,-58.7271,-220.593,-219.922,-245.189,-340.151,4627.04,3765.67,3545.36,8081.87,-10.5885,8034.28,-63.6158,-36.2353,-65.5548,56.8812,-35.0605,6.8434,4.01218,3.3654,8217.53,-65.5548,56.8812,-35.0605,7741.72,6.8434,4.01218,3.3654,1.0,LLLYSLLALLLGTLLGFLILI,0.233049761745461,0.0389789390483677,G,99999900.0
YVLLTLLLGALLAFL,WT,LLLYVLLTLLLIALLAFLILI,clash,LLLYVLLTLLLGALLAFLILI_2,1.1001100110011e+17,1.0,-58.7433,-64.1818,-58.7433,-237.632,-226.244,-246.257,-344.789,4645.49,4083.33,3693.25,-15.7578,330.764,-64.1709,276.401,-39.7888,-43.1674,79.4352,-47.6186,8.53663,3.69887,3.3904,188.368,-43.2635,63.1811,-42.5139,-14.0246,7.006,1.51898,0.966697,2.0,LLLYVLLTLLLGALLAFLILI,0.313374387212408,0.04186992618998,G,99999900.0
YVLLTLLLGALLAFL,WT,LLLYVLLTLLLIALLAFLILI,clash,LLLYVLLTLLLGALLAFLILI_0,1.1001100110011e+17,1.0,-60.963,-64.1818,-58.7433,-231.653,-226.244,-246.257,-344.789,4645.49,3977.68,3693.25,-11.3154,330.764,-63.4879,276.401,-39.7888,-43.126,68.7079,-51.6376,7.29073,2.24446,1.77508,246.185,-43.2635,63.1811,-42.5139,-14.0246,7.006,1.51898,0.966697,0.0,LLLYVLLTLLLGALLAFLILI,0.313374387212408,0.04186992618998,G,99999900.0
YVLLTLLLGALLAFL,WT,LLLYVLLTLLLIALLAFLILI,clash,LLLYVLLTLLLGALLAFLILI_1,1.1001100110011e+17,1.0,-64.1818,-60.8948,-58.7433,-226.244,-230.904,-246.257,-344.789,4645.49,3804.28,3693.25,330.764,19.3249,276.401,-33.6655,-39.7888,-43.2635,63.1811,-42.5139,7.006,1.51898,0.966697,327.453,-43.2635,63.1811,-42.5139,-14.0246,7.006,1.51898,0.966697,1.0,LLLYVLLTLLLGALLAFLILI,0.313374387212408,0.04186992618998,G,99999900.0
TFLLGLLLGVLLGSL,WT,LLLTFLLILLLGVLLGSLILI,clash,LLLTFLLGLLLGVLLGSLILI_0,1.1001100110011e+17,1.0,-73.7118,-67.5593,-60.2824,-213.018,-211.998,-239.415,-348.876,4531.25,3479.86,3522.43,-33.3804,-23.1938,-95.5263,-92.5126,-49.178,-86.2441,39.6827,-37.8204,6.75974,4.79378,3.88902,-23.1238,-91.396,35.576,-35.8075,-372.07,7.4513,5.01216,4.0458,0.0,LLLTFLLGLLLGVLLGSLILI,1.31966531564806,0.14411960938437,G,99999900.0
TFLLGLLLGVLLGSL,WT,LLLTFLLILLLGVLLGSLILI,clash,LLLTFLLGLLLGVLLGSLILI_2,1.1001100110011e+17,1.0,-68.9869,-68.3972,-60.2824,-215.268,-215.819,-239.415,-348.876,4531.25,3587.95,3522.43,-26.8483,-24.4617,-91.4697,-89.121,-49.178,-94.5203,38.4921,-38.32,7.36543,5.87448,4.95187,-21.6352,-91.396,35.576,-35.8075,-372.07,7.4513,5.01216,4.0458,2.0,LLLTFLLGLLLGVLLGSLILI,1.31966531564806,0.14411960938437,G,99999900.0
TFLLGLLLGVLLGSL,WT,LLLTFLLILLLGVLLGSLILI,clash,LLLTFLLGLLLGVLLGSLILI_1,1.1001100110011e+17,1.0,-68.3099,-73.6643,-60.2824,-217.125,-212.439,-239.415,-348.876,4531.25,3603.62,3522.43,-26.6356,843576.0,-90.0765,843513.0,-49.178,-96.5806,39.4147,-38.0054,7.58006,6.30806,5.39928,-22.2239,-91.396,35.576,-35.8075,-372.07,7.4513,5.01216,4.0458,1.0,LLLTFLLGLLLGVLLGSLILI,1.31966531564806,0.14411960938437,G,99999900.0
TYLLALLLGVLLGSL,WT,LLLTYLLALLLIVLLGSLILI,clash,LLLTYLLALLLGVLLGSLILI_2,1.1001100110011e+17,1.0,-70.8343,-65.4912,-60.2923,-226.841,-228.499,-245.168,-361.295,4571.74,3602.14,3505.81,-24.6589,28621.0,-88.2779,28553.7,-55.8342,-66.7231,46.6526,-44.9641,7.02849,2.80656,2.00635,19955.4,-59.4498,45.2469,-38.8459,28246.4,6.6517,1.5258,0.704503,2.0,LLLTYLLALLLGVLLGSLILI,0.861207592374405,0.0611611423350264,G,99999900.0
TYLLALLLGVLLGSL,WT,LLLTYLLALLLIVLLGSLILI,clash,LLLTYLLALLLGVLLGSLILI_0,1.1001100110011e+17,1.0,-70.7686,-70.2215,-60.2923,-225.039,-222.813,-245.168,-361.295,4571.74,3603.1,3505.81,-22.861,28607.7,-88.3481,28539.4,-55.8342,-64.6471,43.8103,-44.5057,7.08481,2.11145,1.26861,27091.7,-59.4498,45.2469,-38.8459,28246.4,6.6517,1.5258,0.704503,0.0,LLLTYLLALLLGVLLGSLILI,0.861207592374405,0.0611611423350264,G,99999900.0
TYLLALLLGVLLGSL,WT,LLLTYLLALLLIVLLGSLILI,clash,LLLTYLLALLLGVLLGSLILI_1,1.1001100110011e+17,1.0,-68.8304,-67.8563,-60.2923,-226.829,-226.011,-245.168,-361.295,4571.74,3699.13,3505.81,-21.5865,28621.4,-87.222,28554.0,-55.8342,-68.012,45.2689,-43.5535,7.30417,2.81311,1.99214,24887.8,-59.4498,45.2469,-38.8459,28246.4,6.6517,1.5258,0.704503,1.0,LLLTYLLALLLGVLLGSLILI,0.861207592374405,0.0611611423350264,G,99999900.0
TFLLGLLLGYLLSIL,WT,LLLTFLLGLLLGALLSILILI,void,LLLTFLLGLLLGYLLSILILI_2,1.1001100110011e+17,1.0,-76.138,-67.5704,-60.2378,-226.062,-227.806,-249.67,-354.827,4585.03,3509.7,3596.89,-43.4781,72.5901,-96.1055,13.1396,-44.9189,-88.7592,47.9282,-41.9524,6.85831,6.28418,5.50311,-23.4115,-88.716,43.4353,-39.8167,-378.253,7.5,5.67117,4.8227,2.0,LLLTFLLGLLLGYLLSILILI,1.72964803777175,0.830010197355575,G,99999900.0
TFLLGLLLGYLLSIL,WT,LLLTFLLGLLLGALLSILILI,void,LLLTFLLGLLLGYLLSILILI_0,1.1001100110011e+17,1.0,-76.3155,-64.8983,-60.2378,-221.818,-224.616,-249.67,-354.827,4585.03,3514.79,3596.89,-38.7304,-23.4256,-95.4244,-88.7386,-44.9189,-89.3812,39.336,-42.1717,6.84096,5.21754,4.30758,-23.2324,-88.716,43.4353,-39.8167,-378.253,7.5,5.67117,4.8227,0.0,LLLTFLLGLLLGYLLSILILI,1.72964803777175,0.830010197355575,G,99999900.0
TFLLGLLLGYLLSIL,WT,LLLTFLLGLLLGALLSILILI,void,LLLTFLLGLLLGYLLSILILI_1,1.1001100110011e+17,1.0,-70.8388,-73.5363,-60.2378,-228.013,-222.111,-249.67,-354.827,4585.03,3542.82,3596.89,-37.9256,143.775,-93.9006,84.595,-44.9189,-91.2451,49.4136,-41.861,7.00397,6.8576,6.09881,-19.8525,-88.716,43.4353,-39.8167,-378.253,7.5,5.67117,4.8227,1.0,LLLTFLLGLLLGYLLSILILI,1.72964803777175,0.830010197355575,G,99999900.0
SYLLGVLLGTLLGLL,WT,LLLSYLLGVLLITLLGLLILI,clash,LLLSYLLGVLLGTLLGLLILI_2,1.1001100110011e+17,1.0,-85.352,-82.076,-58.7296,-223.483,-223.778,-248.085,-357.45,4512.32,3512.95,3640.28,-41.0956,-12.2105,-89.7104,-63.8062,-50.6347,-81.047,35.5723,-44.4775,6.85738,3.45931,2.49289,-23.3255,-80.0419,31.8268,-44.1909,-383.159,7.2939,2.8029,1.7803,2.0,LLLSYLLGVLLGTLLGLLILI,1.11371650574001,0.0866290969710111,G,99999900.0
SYLLGVLLGTLLGLL,WT,LLLSYLLGVLLITLLGLLILI,clash,LLLSYLLGVLLGTLLGLLILI_1,1.1001100110011e+17,1.0,-84.5412,-85.3485,-58.7296,-222.14,-222.695,-248.085,-357.45,4512.32,3513.36,3640.28,-40.2904,-33.8772,-91.0592,-83.2834,-50.6347,-81.5607,37.0122,-42.1153,6.9491,3.73075,2.78593,-27.0658,-80.0419,31.8268,-44.1909,-383.159,7.2939,2.8029,1.7803,1.0,LLLSYLLGVLLGTLLGLLILI,1.11371650574001,0.0866290969710111,G,99999900.0
SYLLGVLLGTLLGLL,WT,LLLSYLLGVLLITLLGLLILI,clash,LLLSYLLGVLLGTLLGLLILI_0,1.1001100110011e+17,1.0,-85.3485,-77.2189,-58.7296,-221.266,-224.036,-248.085,-357.45,4512.32,3517.0,3640.28,-39.9228,-25.7098,-90.7582,-81.9045,-50.6347,-79.1369,32.3732,-43.2107,6.87459,2.74092,1.72652,-24.1145,-80.0419,31.8268,-44.1909,-383.159,7.2939,2.8029,1.7803,0.0,LLLSYLLGVLLGTLLGLLILI,1.11371650574001,0.0866290969710111,G,99999900.0
YLLLGALLGTLLSFL,WT,LLLYLLLGALLITLLSFLILI,clash,LLLYLLLGALLGTLLSFLILI_2,1.1001100110011e+17,1.0,-87.8257,-64.8344,-73.9921,-229.752,-226.157,-244.099,-352.576,4590.74,3851.81,3611.13,-32.8979,3295.38,-67.8958,3233.8,-34.4848,-70.5384,60.6479,-49.6731,6.71354,5.26822,4.67794,2073.31,-60.6857,64.7023,-38.4105,3008.78,7.3229,4.33767,3.8082,2.0,LLLYLLLGALLGTLLSFLILI,0.600241666994661,0.0486707501647826,G,99999900.0
YLLLGALLGTLLSFL,WT,LLLYLLLGALLITLLSFLILI,clash,LLLYLLLGALLGTLLSFLILI_0,1.1001100110011e+17,1.0,-83.4867,-77.8642,-73.9921,-231.636,-219.085,-244.099,-352.576,4590.74,3927.1,3611.13,-32.3232,3361.36,-69.7767,3305.73,-34.4848,-70.585,62.9839,-51.9267,6.74192,5.59057,5.03533,3212.94,-60.6857,64.7023,-38.4105,3008.78,7.3229,4.33767,3.8082,0.0,LLLYLLLGALLGTLLSFLILI,0.600241666994661,0.0486707501647826,G,99999900.0
YLLLGALLGTLLSFL,WT,LLLYLLLGALLITLLSFLILI,clash,LLLYLLLGALLGTLLSFLILI_1,1.1001100110011e+17,1.0,-83.6464,-68.2179,-73.9921,-228.082,-224.612,-244.099,-352.576,4590.74,3893.3,3611.13,-26.1855,3368.16,-67.0326,3308.41,-34.4848,-66.1896,63.7648,-48.5017,7.12198,5.03669,4.49316,2547.04,-60.6857,64.7023,-38.4105,3008.78,7.3229,4.33767,3.8082,1.0,LLLYLLLGALLGTLLSFLILI,0.600241666994661,0.0486707501647826,G,99999900.0
TLLLGLLLGVLLASL,WT,LLLTLLLILLLGVLLASLILI,clash,LLLTLLLGLLLGVLLASLILI_2,1.1001100110011e+17,1.0,-73.762,-67.4607,-60.2643,-219.739,-222.381,-236.733,-370.643,4529.78,3593.0,3582.5,-37.2548,-23.3968,-114.397,-104.199,-73.6462,-89.4757,50.3646,-42.1382,6.58101,6.72058,5.97605,-25.7034,-97.764,38.4753,-38.0973,-396.16,7.04,6.35877,5.4359,2.0,LLLTLLLGLLLGVLLASLILI,1.12985441837737,0.04289228427083,G,99999900.0
TLLLGLLLGVLLASL,WT,LLLTLLLILLLGVLLASLILI,clash,LLLTLLLGLLLGVLLASLILI_0,1.1001100110011e+17,1.0,-71.8352,-64.8999,-60.2643,-220.739,-218.592,-236.733,-370.643,4529.78,3642.68,3582.5,-35.7892,-25.5163,-113.859,-112.667,-73.6462,-93.3495,47.3807,-43.8292,6.59213,6.89881,6.10952,-25.5202,-97.764,38.4753,-38.0973,-396.16,7.04,6.35877,5.4359,0.0,LLLTLLLGLLLGVLLASLILI,1.12985441837737,0.04289228427083,G,99999900.0
TLLLGLLLGVLLASL,WT,LLLTLLLILLLGVLLASLILI,clash,LLLTLLLGLLLGVLLASLILI_1,1.1001100110011e+17,1.0,-68.6664,-71.8194,-60.2643,-219.951,-221.597,-236.733,-370.643,4529.78,3652.52,3582.5,-30.7337,1.43771,-112.759,-75.7892,-73.6462,-96.2607,46.8418,-39.5987,6.95869,7.26273,6.46536,-25.0419,-97.764,38.4753,-38.0973,-396.16,7.04,6.35877,5.4359,1.0,LLLTLLLGLLLGVLLASLILI,1.12985441837737,0.04289228427083,G,99999900.0
LFLLGTLLGVLLASL,WT,LLLLFLLGTLLIVLLASLILI,clash,LLLLFLLGTLLGVLLASLILI_2,1.1001100110011e+17,1.0,-78.7645,-84.2635,-73.9927,-218.497,-219.303,-235.986,-354.353,4584.68,3605.53,3587.73,-37.0665,-11.6522,-94.1581,-62.4391,-44.3747,-81.3608,53.0536,-43.0729,6.59058,5.86636,5.16216,-29.5585,-75.337,50.8884,-45.0,-383.857,6.5,4.67048,3.93381,2.0,LLLLFLLGTLLGVLLASLILI,1.0207123551,0.224854018357603,G,99999900.0
LFLLGTLLGVLLASL,WT,LLLLFLLGTLLIVLLASLILI,clash,LLLLFLLGTLLGVLLASLILI_0,1.1001100110011e+17,1.0,-82.5004,-84.6937,-73.9927,-222.187,-212.349,-235.986,-354.353,4584.68,3605.3,3587.73,-36.2402,-29.5043,-85.9055,-86.8148,-44.3747,-75.3095,59.387,-48.9327,6.41165,5.81368,5.20449,-29.4338,-75.337,50.8884,-45.0,-383.857,6.5,4.67048,3.93381,0.0,LLLLFLLGTLLGVLLASLILI,1.0207123551,0.224854018357603,G,99999900.0
LFLLGTLLGVLLASL,WT,LLLLFLLGTLLIVLLASLILI,clash,LLLLFLLGTLLGVLLASLILI_1,1.1001100110011e+17,1.0,-78.2895,-82.5004,-73.9927,-221.478,-218.281,-235.986,-354.353,4584.68,3604.08,3587.73,-35.3722,-24.7654,-89.9581,-78.3376,-44.3747,-84.76,52.7025,-44.5464,6.62267,6.32883,5.61937,-29.4251,-75.337,50.8884,-45.0,-383.857,6.5,4.67048,3.93381,1.0,LLLLFLLGTLLGVLLASLILI,1.0207123551,0.224854018357603,G,99999900.0
YLLLGTLLGILLAFL,WT,LLLYLLLGTLLGILLIFLILI,clash,LLLYLLLGTLLGILLAFLILI_2,1.1001100110011e+17,1.0,-58.7658,-58.7658,-58.7658,-236.781,-234.728,-246.112,-341.177,4624.75,3948.89,3715.83,-19.353,1726.44,-64.9834,1678.76,-36.2992,-60.5419,67.9079,-44.2301,7.82123,4.74885,4.26747,1394.91,-52.9906,59.3407,-40.4383,1378.58,7.2557,2.45959,1.8497,2.0,LLLYLLLGTLLGILLAFLILI,0.502189614313423,0.0795611772292142,G,99999900.0
YLLLGTLLGILLAFL,WT,LLLYLLLGTLLGILLIFLILI,clash,LLLYLLLGTLLGILLAFLILI_0,1.1001100110011e+17,1.0,-60.9115,-63.5764,-58.7658,-232.049,-225.25,-246.112,-341.177,4624.75,3931.32,3715.83,-18.4343,1719.76,-66.6509,1667.41,-36.2992,-46.0832,74.3873,-46.883,7.46381,3.45476,3.07057,1575.52,-52.9906,59.3407,-40.4383,1378.58,7.2557,2.45959,1.8497,0.0,LLLYLLLGTLLGILLAFLILI,0.502189614313423,0.0795611772292142,G,99999900.0
YLLLGTLLGILLAFL,WT,LLLYLLLGTLLGILLIFLILI,clash,LLLYLLLGTLLGILLAFLILI_1,1.1001100110011e+17,1.0,-58.7658,-60.9115,-58.7658,-235.687,-231.422,-246.112,-341.177,4624.75,4025.34,3715.83,-16.0101,1722.74,-62.7346,1673.89,-36.2992,-56.1198,72.8421,-42.6584,8.41929,4.75166,4.34429,1180.56,-52.9906,59.3407,-40.4383,1378.58,7.2557,2.45959,1.8497,1.0,LLLYLLLGTLLGILLAFLILI,0.502189614313423,0.0795611772292142,G,99999900.0
LFLLGILLGTLLASL,WT,LLLLFLLIILLGTLLASLILI,clash,LLLLFLLGILLGTLLASLILI_0,1.1001100110011e+17,1.0,-82.0309,-84.0651,-74.072,-223.715,-215.774,-236.149,-357.8,4506.55,3602.59,3576.18,-38.7096,-31.9435,-90.7643,-89.9043,-47.5792,-74.2607,58.9922,-47.2747,6.57756,5.60306,4.98795,-30.0187,-75.337,50.8884,-45.0,-389.744,6.5,4.67048,3.93381,0.0,LLLLFLLGILLGTLLASLILI,1.19369828772486,0.0573392330678604,G,99999900.0
LFLLGILLGTLLASL,WT,LLLLFLLIILLGTLLASLILI,clash,LLLLFLLGILLGTLLASLILI_1,1.1001100110011e+17,1.0,-82.1616,-82.0309,-74.072,-216.918,-220.042,-236.149,-357.8,4506.55,3564.47,3576.18,-32.7297,-33.2839,-91.45,-89.0107,-47.5792,-75.2893,50.1628,-46.9313,6.58156,4.56538,3.81782,-30.5259,-75.337,50.8884,-45.0,-389.744,6.5,4.67048,3.93381,1.0,LLLLFLLGILLGTLLASLILI,1.19369828772486,0.0573392330678604,G,99999900.0
LFLLGILLGTLLASL,WT,LLLLFLLIILLGTLLASLILI,clash,LLLLFLLGILLGTLLASLILI_2,1.1001100110011e+17,1.0,-81.8682,-82.1616,-74.072,-217.281,-215.613,-236.149,-357.8,4506.55,3602.26,3576.18,-32.6152,-29.7944,-91.2666,-89.8203,-47.5792,-75.1865,50.6369,-47.3578,6.64854,4.61395,3.87351,-26.2335,-75.337,50.8884,-45.0,-389.744,6.5,4.67048,3.93381,2.0,LLLLFLLGILLGTLLASLILI,1.19369828772486,0.0573392330678604,G,99999900.0
TFLLGLLLGYLLASL,WT,LLLTFLLGLLLIYLLASLILI,clash,LLLTFLLGLLLGYLLASLILI_0,1.1001100110011e+17,1.0,-74.2859,-65.4148,-60.2384,-221.269,-225.505,-245.296,-347.233,4569.18,3569.29,3589.42,-33.2748,-23.6209,-84.9532,-79.9344,-41.6995,-70.355,49.7611,-41.7323,6.98929,3.771,3.01742,-23.5442,-75.8727,44.54,-43.5756,-370.854,7.3804,3.8938,3.0619,0.0,LLLTFLLGLLLGYLLASLILI,1.28048134031036,0.131907282011787,G,99999900.0
TFLLGLLLGYLLASL,WT,LLLTFLLGLLLIYLLASLILI,clash,LLLTFLLGLLLGYLLASLILI_1,1.1001100110011e+17,1.0,-65.3801,-74.4718,-60.2384,-226.427,-223.97,-245.296,-347.233,4569.18,3590.06,3589.42,-25.4528,432.077,-80.8787,383.286,-41.6995,-76.6502,44.9568,-44.7427,7.38509,4.0667,3.24106,-23.5193,-75.8727,44.54,-43.5756,-370.854,7.3804,3.8938,3.0619,1.0,LLLTFLLGLLLGYLLASLILI,1.28048134031036,0.131907282011787,G,99999900.0
TFLLGLLLGYLLASL,WT,LLLTFLLGLLLIYLLASLILI,clash,LLLTFLLGLLLGYLLASLILI_2,1.1001100110011e+17,1.0,-65.2714,-65.3801,-60.2384,-225.651,-226.391,-245.296,-347.233,4569.18,3617.06,3589.42,-23.5518,-24.303,-79.8631,-79.7655,-41.6995,-75.9631,43.7433,-45.9002,7.39148,3.79982,2.95597,-23.5485,-75.8727,44.54,-43.5756,-370.854,7.3804,3.8938,3.0619,2.0,LLLTFLLGLLLGYLLASLILI,1.28048134031036,0.131907282011787,G,99999900.0
YLLLGALLGILLSTL,WT,LLLYLLLGALLIILLSTLILI,clash,LLLYLLLGALLGILLSTLILI_2,1.1001100110011e+17,1.0,-87.8849,-84.2539,-74.098,-225.831,-222.402,-243.131,-366.528,4545.06,3683.22,3700.64,-29.8955,-20.4119,-82.7067,-80.284,-49.2984,-72.4414,62.446,-43.0112,6.54645,5.79642,5.23311,-16.732,-63.07,66.418,-42.249,-383.164,7.1117,4.92693,4.4232,2.0,LLLYLLLGALLGILLSTLILI,0.809365382560016,0.0601592648384403,G,99999900.0
YLLLGALLGILLSTL,WT,LLLYLLLGALLIILLSTLILI,clash,LLLYLLLGALLGILLSTLILI_0,1.1001100110011e+17,1.0,-84.2504,-82.4185,-74.098,-229.342,-221.482,-243.131,-366.528,4545.06,3778.44,3700.64,-29.5379,-16.6368,-82.4735,-79.2643,-49.2984,-58.7635,82.352,-44.0492,6.85388,6.43205,6.16734,-16.7268,-63.07,66.418,-42.249,-383.164,7.1117,4.92693,4.4232,0.0,LLLYLLLGALLGILLSTLILI,0.809365382560016,0.0601592648384403,G,99999900.0
YLLLGALLGILLSTL,WT,LLLYLLLGALLIILLSTLILI,clash,LLLYLLLGALLGILLSTLILI_1,1.1001100110011e+17,1.0,-84.2539,-84.2504,-74.098,-221.556,-229.773,-243.131,-366.528,4545.06,3749.28,3700.64,-21.5122,-28.199,-82.2304,-80.7035,-49.2984,-65.6055,63.7131,-44.5255,6.91714,4.94209,4.39779,-15.9099,-63.07,66.418,-42.249,-383.164,7.1117,4.92693,4.4232,1.0,LLLYLLLGALLGILLSTLILI,0.809365382560016,0.0601592648384403,G,99999900.0
YVLLTLLLGTLLAFL,WT,LLLYVLLTLLLITLLAFLILI,clash,LLLYVLLTLLLGTLLAFLILI_1,1.1001100110011e+17,1.0,-72.6251,-72.6251,-72.6251,-231.776,-225.572,-249.396,-356.281,4657.91,4025.5,3717.91,-11.7317,861.395,-63.6117,803.31,-34.2599,-39.9628,76.07,-43.1789,8.24861,2.76387,2.40492,562.922,-48.9252,56.7148,-39.7132,492.379,7.3783,1.49528,0.846002,1.0,LLLYVLLTLLLGTLLAFLILI,0.266874001602839,0.0292518660294161,G,99999900.0
YVLLTLLLGTLLAFL,WT,LLLYVLLTLLLITLLAFLILI,clash,LLLYVLLTLLLGTLLAFLILI_0,1.1001100110011e+17,1.0,-72.6251,-75.9268,-72.6251,-225.93,-226.521,-249.396,-356.281,4657.91,4055.19,3717.91,-2.85227,848.66,-60.5781,794.827,-34.2599,-42.1104,60.0959,-47.1703,8.24492,0.929507,0.330946,773.504,-48.9252,56.7148,-39.7132,492.379,7.3783,1.49528,0.846002,0.0,LLLYVLLTLLLGTLLAFLILI,0.266874001602839,0.0292518660294161,G,99999900.0
YVLLTLLLGTLLAFL,WT,LLLYVLLTLLLITLLAFLILI,clash,LLLYVLLTLLLGTLLAFLILI_2,1.1001100110011e+17,1.0,-75.9268,-72.6251,-72.6251,-226.521,-232.768,-249.396,-356.281,4657.91,3892.93,3717.91,848.66,5.99293,794.827,-44.8955,-34.2599,-48.9252,56.7148,-39.7132,7.3783,1.49528,0.846002,1365.07,-48.9252,56.7148,-39.7132,492.379,7.3783,1.49528,0.846002,2.0,LLLYVLLTLLLGTLLAFLILI,0.266874001602839,0.0292518660294161,G,99999900.0
YALLVLLLGTLLAFL,WT,LLLYALLVLLLITLLAFLILI,clash,LLLYALLVLLLGTLLAFLILI_1,1.1001100110011e+17,1.0,-58.7698,-58.7698,-58.7698,-236.703,-226.805,-246.837,-344.197,4677.94,3983.16,3696.09,-20.9597,1994.83,-69.6831,1936.21,-38.5896,-60.86,65.4717,-44.122,7.71633,4.46768,3.94976,1955.05,-52.9906,59.3407,-40.4383,1637.6,7.2557,2.45959,1.8497,1.0,LLLYALLVLLLGTLLAFLILI,0.277905083063092,0.0271821398858402,G,99999900.0
YALLVLLLGTLLAFL,WT,LLLYALLVLLLITLLAFLILI,clash,LLLYALLVLLLGTLLAFLILI_2,1.1001100110011e+17,1.0,-58.7698,-58.7698,-58.7698,-234.942,-236.799,-246.837,-344.197,4677.94,4082.14,3696.09,-16.6074,1983.55,-67.092,1934.93,-38.5896,-53.9992,70.1725,-44.1328,8.05808,4.07317,3.62576,1823.0,-52.9906,59.3407,-40.4383,1637.6,7.2557,2.45959,1.8497,2.0,LLLYALLVLLLGTLLAFLILI,0.277905083063092,0.0271821398858402,G,99999900.0
YALLVLLLGTLLAFL,WT,LLLYALLVLLLITLLAFLILI,clash,LLLYALLVLLLGTLLAFLILI_0,1.1001100110011e+17,1.0,-58.7698,-64.0904,-58.7698,-226.948,-227.727,-246.837,-344.197,4677.94,4019.54,3696.09,-9.17462,1981.8,-67.6531,1929.42,-38.5896,-48.6296,61.28,-44.9787,7.9862,2.06725,1.48645,1937.26,-52.9906,59.3407,-40.4383,1637.6,7.2557,2.45959,1.8497,0.0,LLLYALLVLLLGTLLAFLILI,0.277905083063092,0.0271821398858402,G,99999900.0
YLLLGALLAFLLSTL,WT,LLLYLLLGALLIFLLSTLILI,clash,LLLYLLLGALLAFLLSTLILI_0,1.1001100110011e+17,1.0,-74.6746,-75.4661,-74.0462,-230.061,-221.931,-245.215,-355.02,4624.31,3790.15,3709.56,-25.0501,-13.8429,-75.3339,-71.4655,-35.7582,-77.654,66.9831,-42.4094,7.35468,7.19083,6.69557,-13.9425,-74.4436,60.1664,-43.4591,-368.862,7.3574,5.789,5.1915,0.0,LLLYLLLGALLAFLLSTLILI,0.259508697515261,0.0237243075438346,G,99999900.0
YLLLGALLAFLLSTL,WT,LLLYLLLGALLIFLLSTLILI,clash,LLLYLLLGALLAFLLSTLILI_1,1.1001100110011e+17,1.0,-74.0254,-74.6746,-74.0462,-228.988,-228.741,-245.215,-355.02,4624.31,3811.7,3709.56,-22.8323,-18.477,-74.838,-70.081,-35.7582,-77.272,67.0489,-41.4817,7.52219,7.1424,6.64814,-13.7259,-74.4436,60.1664,-43.4591,-368.862,7.3574,5.789,5.1915,1.0,LLLYLLLGALLAFLLSTLILI,0.259508697515261,0.0237243075438346,G,99999900.0
YLLLGALLAFLLSTL,WT,LLLYLLLGALLIFLLSTLILI,clash,LLLYLLLGALLAFLLSTLILI_2,1.1001100110011e+17,1.0,-74.0254,-74.0254,-74.0462,-229.056,-227.965,-245.215,-355.02,4624.31,3808.95,3709.56,-22.8254,0.517535,-74.7634,-52.5113,-35.7582,-77.2531,67.217,-41.3709,7.53357,7.16225,6.6705,-13.8163,-74.4436,60.1664,-43.4591,-368.862,7.3574,5.789,5.1915,2.0,LLLYLLLGALLAFLLSTLILI,0.259508697515261,0.0237243075438346,G,99999900.0
YILLGLLLGTLLASL,WT,LLLYILLGLLLITLLASLILI,clash,LLLYILLGLLLGTLLASLILI_2,1.1001100110011e+17,1.0,-83.0258,-84.3341,-74.0156,-226.321,-215.206,-242.917,-366.336,4552.73,3797.52,3559.45,-32.0771,118.28,-89.066,51.4843,-49.4036,-95.3462,51.9102,-48.4287,6.8681,7.80981,7.08846,-2.33195,-97.764,38.4753,-38.0973,-355.567,7.04,6.35877,5.4359,2.0,LLLYILLGLLLGTLLASLILI,0.387171139110211,0.0319044108402396,G,99999900.0
YILLGLLLGTLLASL,WT,LLLYILLGLLLITLLASLILI,clash,LLLYILLGLLLGTLLASLILI_1,1.1001100110011e+17,1.0,-84.7908,-76.1534,-74.0156,-218.833,-225.302,-242.917,-366.336,4552.73,3656.93,3559.45,-26.6311,-6.27855,-89.3429,-71.1592,-49.4036,-93.2411,45.5782,-45.043,6.70001,6.63922,5.82289,0.830456,-97.764,38.4753,-38.0973,-355.567,7.04,6.35877,5.4359,1.0,LLLYILLGLLLGTLLASLILI,0.387171139110211,0.0319044108402396,G,99999900.0
YILLGLLLGTLLASL,WT,LLLYILLGLLLITLLASLILI,clash,LLLYILLGLLLGTLLASLILI_0,1.1001100110011e+17,1.0,-76.1505,-79.7127,-74.0156,-228.998,-213.003,-242.917,-366.336,4552.73,3679.69,3559.45,-25.3512,10.7689,-86.5382,-62.8516,-49.4036,-94.4097,54.1284,-40.944,7.28525,7.96878,7.28071,9.80557,-97.764,38.4753,-38.0973,-355.567,7.04,6.35877,5.4359,0.0,LLLYILLGLLLGTLLASLILI,0.387171139110211,0.0319044108402396,G,99999900.0
AFLLGTLLGVLLSLL,WT,LLLAFLLGTLLIVLLSLLILI,clash,LLLAFLLGTLLGVLLSLLILI_1,1.1001100110011e+17,1.0,-85.162,-71.3091,-74.0991,-226.789,-227.86,-237.02,-358.582,4518.69,3620.61,3604.23,-49.7296,-36.1702,-96.361,-95.5831,-47.4629,-87.7406,51.0077,-43.0477,6.26443,6.54712,5.81224,-28.3923,-78.9988,51.5632,-42.618,-387.166,6.5,5.31085,4.5843,1.0,LLLAFLLGTLLGVLLSLLILI,1.19795354957157,0.0382727830137791,G,99999900.0
AFLLGTLLGVLLSLL,WT,LLLAFLLGTLLIVLLSLLILI,clash,LLLAFLLGTLLGVLLSLLILI_2,1.1001100110011e+17,1.0,-84.3492,-71.6309,-74.0991,-225.688,-225.558,-237.02,-358.582,4518.69,3609.97,3604.23,-46.7513,-31.7492,-95.2966,-93.1423,-47.4629,-86.0125,50.8111,-43.0318,6.32776,6.26137,5.52354,-28.8111,-78.9988,51.5632,-42.618,-387.166,6.5,5.31085,4.5843,2.0,LLLAFLLGTLLGVLLSLLILI,1.19795354957157,0.0382727830137791,G,99999900.0
AFLLGTLLGVLLSLL,WT,LLLAFLLGTLLIVLLSLLILI,clash,LLLAFLLGTLLGVLLSLLILI_0,1.1001100110011e+17,1.0,-80.8256,-71.2844,-74.0991,-228.909,-220.036,-237.02,-358.582,4518.69,3584.37,3604.23,-45.4165,-28.5841,-94.2639,-95.8463,-47.4629,-85.4186,56.827,-43.4445,6.41956,6.98444,6.33684,-28.5285,-78.9988,51.5632,-42.618,-387.166,6.5,5.31085,4.5843,0.0,LLLAFLLGTLLGVLLSLLILI,1.19795354957157,0.0382727830137791,G,99999900.0
AFLLGTLLGVLLSLL,WT,LLLAFLLGTLLIVLLSLLILI,clash,LLLAFLLGTLLGVLLSLLILI_2,1.1001100110011e+17,1.0,-75.0231,-72.3967,-74.1269,-215.681,-215.279,-237.01,-358.464,4527.87,3535.61,3623.86,-21.609,-11.7024,-89.3688,-82.4907,-47.3272,-74.0811,47.5485,-43.6676,6.8603,4.03121,3.24444,-12.0497,-69.3266,52.1387,-41.8459,-370.64,7.431,3.93772,3.2198,2.0,LLLAFLLGTLLGVLLSLLILI,1.19795354957157,0.0382727830137791,G,99999900.0
AFLLGTLLGVLLSLL,WT,LLLAFLLGTLLIVLLSLLILI,clash,LLLAFLLGTLLGVLLSLLILI_1,1.1001100110011e+17,1.0,-74.6825,-66.7969,-74.1269,-215.156,-218.102,-237.01,-358.464,4527.87,3533.62,3623.86,-20.5387,-17.5603,-89.1642,-91.125,-47.3272,-73.2855,49.9604,-41.8776,6.91388,4.23748,3.48689,-12.0748,-69.3266,52.1387,-41.8459,-370.64,7.431,3.93772,3.2198,1.0,LLLAFLLGTLLGVLLSLLILI,1.19795354957157,0.0382727830137791,G,99999900.0
AFLLGTLLGVLLSLL,WT,LLLAFLLGTLLIVLLSLLILI,clash,LLLAFLLGTLLGVLLSLLILI_0,1.1001100110011e+17,1.0,-66.7969,-66.6445,-74.1269,-218.039,-214.043,-237.01,-358.464,4527.87,3551.32,3623.86,-17.9376,-12.1761,-91.5658,-89.9526,-47.3272,-72.4119,55.0803,-42.0611,7.37587,4.79763,4.12383,-12.101,-69.3266,52.1387,-41.8459,-370.64,7.431,3.93772,3.2198,0.0,LLLAFLLGTLLGVLLSLLILI,1.19795354957157,0.0382727830137791,G,99999900.0
TFLLALLLGYLLGSL,WT,LLLTFLLALLLIYLLGSLILI,clash,LLLTFLLALLLGYLLGSLILI_0,1.1001100110011e+17,1.0,-63.9199,-61.5111,-60.2601,-225.599,-226.604,-244.905,-346.916,4558.97,3668.58,3571.28,-20.1244,-17.9348,-77.5217,-76.7358,-41.7503,-78.363,39.366,-45.0715,7.22746,3.56887,2.65936,-17.765,-75.8727,44.54,-43.5756,-364.851,7.3804,3.8938,3.0619,0.0,LLLTFLLALLLGYLLGSLILI,0.999812541915014,0.104679955130414,G,99999900.0
TFLLALLLGYLLGSL,WT,LLLTFLLALLLIYLLGSLILI,clash,LLLTFLLALLLGYLLGSLILI_2,1.1001100110011e+17,1.0,-60.2601,-60.2601,-60.2601,-230.955,-223.595,-244.905,-346.916,4558.97,3733.3,3571.28,-18.4415,-0.259052,-74.1422,-63.3201,-41.7503,-78.4682,46.8185,-48.9615,7.83742,4.59073,3.79301,-17.178,-75.8727,44.54,-43.5756,-364.851,7.3804,3.8938,3.0619,2.0,LLLTFLLALLLGYLLGSLILI,0.999812541915014,0.104679955130414,G,99999900.0
TFLLALLLGYLLGSL,WT,LLLTFLLALLLIYLLGSLILI,clash,LLLTFLLALLLGYLLGSLILI_1,1.1001100110011e+17,1.0,-60.2601,-63.9199,-60.2601,-224.179,-226.097,-244.905,-346.916,4558.97,3536.74,3571.28,-14.2727,-16.0747,-76.7497,-72.9736,-41.7503,-79.6292,38.8617,-36.951,7.68007,3.69071,2.77364,-14.9299,-75.8727,44.54,-43.5756,-364.851,7.3804,3.8938,3.0619,1.0,LLLTFLLALLLGYLLGSLILI,0.999812541915014,0.104679955130414,G,99999900.0
YALLFLLLGTLLSIL,WT,LLLYALLFILLGTLLSILILI,clash,LLLYALLFLLLGTLLSILILI_0,1.1001100110011e+17,1.0,-70.7208,-71.3173,-74.0819,-233.803,-227.043,-250.083,-362.562,4665.6,3812.65,3687.89,-15.4472,274.992,-73.4856,210.791,-38.3965,-66.7986,62.0788,-42.1708,7.516,4.90043,4.33161,271.496,-60.5958,60.1642,-40.2827,-87.5696,7.5,3.71154,3.114,0.0,LLLYALLFLLLGTLLSILILI,0.25475654008902,0.0505044966408346,G,99999900.0
YALLFLLLGTLLSIL,WT,LLLYALLFILLGTLLSILILI,clash,LLLYALLFLLLGTLLSILILI_2,1.1001100110011e+17,1.0,-74.0819,-71.3173,-74.0819,-236.429,-227.043,-250.083,-362.562,4665.6,3902.45,3687.89,-14.3145,274.992,-66.365,210.791,-38.3965,-64.6576,68.2472,-43.3878,8.25056,5.41201,4.93572,151.935,-60.5958,60.1642,-40.2827,-87.5696,7.5,3.71154,3.114,2.0,LLLYALLFLLLGTLLSILILI,0.25475654008902,0.0505044966408346,G,99999900.0
YALLFLLLGTLLSIL,WT,LLLYALLFILLGTLLSILILI,clash,LLLYALLFLLLGTLLSILILI_1,1.1001100110011e+17,1.0,-71.3173,-70.7208,-74.0819,-227.043,-232.868,-250.083,-362.562,4665.6,3740.56,3687.89,274.992,8.85511,210.791,-50.1181,-38.3965,-60.5958,60.1642,-40.2827,7.5,3.71154,3.114,385.189,-60.5958,60.1642,-40.2827,-87.5696,7.5,3.71154,3.114,1.0,LLLYALLFLLLGTLLSILILI,0.25475654008902,0.0505044966408346,G,99999900.0
TSLLVGLLAYLLGLL,WT,LLLTSLLVGLLIYLLGLLILI,clash,LLLTSLLVGLLAYLLGLLILI_2,1.1001100110011e+17,1.0,-61.9059,-54.7547,-44.9603,-230.17,-226.586,-252.375,-354.422,4588.81,3820.38,3611.41,-11.5639,1573960.0,-73.9098,1573890.0,-57.0864,-51.5585,77.1725,-40.658,8.73437,4.65207,4.30966,1063590.0,-47.0876,58.6724,-35.0,1556800.0,7.44,1.48391,0.863996,2.0,LLLTSLLVGLLAYLLGLLILI,0.485925251836492,0.0146442287178808,G,99999900.0
TSLLVGLLAYLLGLL,WT,LLLTSLLVGLLIYLLGLLILI,clash,LLLTSLLVGLLAYLLGLLILI_1,1.1001100110011e+17,1.0,-58.5402,-53.1566,-44.9603,-226.892,-222.968,-252.375,-354.422,4588.81,3815.2,3611.41,-8.30064,1557170.0,-77.2904,1557090.0,-57.0864,-41.0099,77.0462,-42.6176,7.66872,3.05271,2.7084,1431170.0,-47.0876,58.6724,-35.0,1556800.0,7.44,1.48391,0.863996,1.0,LLLTSLLVGLLAYLLGLLILI,0.485925251836492,0.0146442287178808,G,99999900.0
TSLLVGLLAYLLGLL,WT,LLLTSLLVGLLIYLLGLLILI,clash,LLLTSLLVGLLAYLLGLLILI_0,1.1001100110011e+17,1.0,-56.8139,-55.3267,-44.9603,-223.858,-223.9,-252.375,-354.422,4588.81,3742.81,3611.41,-7.84639,1557150.0,-81.596,1557070.0,-57.0864,-42.4095,54.8212,-45.0011,8.24689,0.262288,-0.415393,1276930.0,-47.0876,58.6724,-35.0,1556800.0,7.44,1.48391,0.863996,0.0,LLLTSLLVGLLAYLLGLLILI,0.485925251836492,0.0146442287178808,G,99999900.0
YLLLTTLLAGLLFSL,WT,LLLYLLLTTLLAILLFSLILI,clash,LLLYLLLTTLLAGLLFSLILI_1,1.1001100110011e+17,1.0,-87.9013,-84.6885,-87.9598,-235.255,-232.896,-248.44,-366.037,4649.53,3812.83,3690.42,-20.0883,-17.4404,-62.9682,-65.8923,-29.6366,-36.8018,76.0349,-45.7416,7.55218,2.28499,1.92551,-12.0636,-30.525,71.559,-44.3251,-375.59,7.1169,0.739215,0.3126,1.0,LLLYLLLTTLLAGLLFSLILI,0.254565938914731,0.0974805273367638,G,99999900.0
YLLLTTLLAGLLFSL,WT,LLLYLLLTTLLAILLFSLILI,clash,LLLYLLLTTLLAGLLFSLILI_0,1.1001100110011e+17,1.0,-87.9013,-84.6885,-87.9598,-232.887,-227.21,-248.44,-366.037,4649.53,3791.11,3690.42,-19.8267,-9.55351,-65.0753,-63.6916,-29.6366,-26.0099,84.056,-44.9348,7.21069,1.74904,1.50988,-8.2389,-30.525,71.559,-44.3251,-375.59,7.1169,0.739215,0.3126,0.0,LLLYLLLTTLLAGLLFSLILI,0.254565938914731,0.0974805273367638,G,99999900.0
YLLLTTLLAGLLFSL,WT,LLLYLLLTTLLAILLFSLILI,clash,LLLYLLLTTLLAGLLFSLILI_2,1.1001100110011e+17,1.0,-87.9013,-84.6885,-87.9598,-230.275,-235.521,-248.44,-366.037,4649.53,3865.6,3690.42,-18.1035,-11.1718,-65.9636,-56.9992,-29.6366,-32.4238,73.8127,-44.7248,7.24515,1.32828,0.935465,-11.3047,-30.525,71.559,-44.3251,-375.59,7.1169,0.739215,0.3126,2.0,LLLYLLLTTLLAGLLFSLILI,0.254565938914731,0.0974805273367638,G,99999900.0
TFLLGILLGVLLSLL,WT,LLLTFLLGILLIVLLSLLILI,clash,LLLTFLLGILLGVLLSLLILI_0,1.1001100110011e+17,1.0,-67.1965,-61.3404,-60.3629,-225.844,-222.234,-241.778,-358.396,4570.21,3649.25,3567.03,-27.1168,-16.4532,-92.4724,-91.2748,-56.2552,-97.2596,48.3051,-38.7102,7.27677,7.61014,6.83471,-15.7248,-98.6157,38.1977,-36.4813,-374.849,7.493,6.44904,5.522,0.0,LLLTFLLGILLGVLLSLLILI,1.20545015299576,0.0752680645093004,G,99999900.0
TFLLGILLGVLLSLL,WT,LLLTFLLGILLIVLLSLLILI,clash,LLLTFLLGILLGVLLSLLILI_1,1.1001100110011e+17,1.0,-65.249,-65.3602,-60.3629,-227.154,-226.52,-241.778,-358.396,4570.21,3623.58,3567.03,-25.7971,83.9316,-91.7897,17.4158,-56.2552,-100.924,46.6282,-36.4815,7.44355,7.93336,7.13278,-5.32225,-98.6157,38.1977,-36.4813,-374.849,7.493,6.44904,5.522,1.0,LLLTFLLGILLGVLLSLLILI,1.20545015299576,0.0752680645093004,G,99999900.0
TFLLGILLGVLLSLL,WT,LLLTFLLGILLIVLLSLLILI,clash,LLLTFLLGILLGVLLSLLILI_2,1.1001100110011e+17,1.0,-67.3359,-63.6309,-60.3629,-226.885,-227.643,-241.778,-358.396,4570.21,3676.1,3567.03,-24.185,15.099,-88.3596,-52.0227,-56.2552,-96.286,51.8208,-40.167,7.29593,7.93872,7.21603,-9.80343,-98.6157,38.1977,-36.4813,-374.849,7.493,6.44904,5.522,2.0,LLLTFLLGILLGVLLSLLILI,1.20545015299576,0.0752680645093004,G,99999900.0
YLLLAVLLGTLLSFL,WT,LLLYLLLAVLLGTLLIFLILI,clash,LLLYLLLAVLLGTLLSFLILI_1,1.1001100110011e+17,1.0,-74.0075,-58.7596,-74.0075,-237.398,-232.453,-247.837,-359.722,4629.28,4031.28,3805.77,-19.1454,811.16,-67.4619,742.651,-37.8783,-44.5685,76.8981,-47.432,8.51336,3.56652,3.21999,674.24,-49.156,60.31,-42.3523,435.204,7.5,2.01525,1.4199,1.0,LLLYLLLAVLLGTLLSFLILI,0.268888344479206,0.0291714765261788,G,99999900.0
YLLLAVLLGTLLSFL,WT,LLLYLLLAVLLGTLLIFLILI,clash,LLLYLLLAVLLGTLLSFLILI_2,1.1001100110011e+17,1.0,-74.0075,-58.7596,-74.0075,-237.152,-235.804,-247.837,-359.722,4629.28,4113.96,3805.77,-15.4765,804.872,-64.0397,739.713,-37.8783,-53.9358,64.1234,-52.7441,7.85786,3.24703,2.70888,551.399,-49.156,60.31,-42.3523,435.204,7.5,2.01525,1.4199,2.0,LLLYLLLAVLLGTLLSFLILI,0.268888344479206,0.0291714765261788,G,99999900.0
YLLLAVLLGTLLSFL,WT,LLLYLLLAVLLGTLLIFLILI,clash,LLLYLLLAVLLGTLLSFLILI_0,1.1001100110011e+17,1.0,-74.1255,-69.4931,-74.0075,-233.702,-229.532,-247.837,-359.722,4629.28,4012.22,3805.77,-11.3598,794.926,-63.2548,734.229,-37.8783,-45.2612,66.9311,-52.9311,7.91257,2.32487,1.82883,721.427,-49.156,60.31,-42.3523,435.204,7.5,2.01525,1.4199,0.0,LLLYLLLAVLLGTLLSFLILI,0.268888344479206,0.0291714765261788,G,99999900.0
LYVLTSLLAILLFLL,WT,LLLLYVLTSLLIILLFLLILI,clash,,,,,,,,,,,,,,,,,,,,,,,,,,,,,,,,,,,,,,
LYFLLALLAVLTSLL,WT,LLLLYFLLALLAVLTILLILI,clash,,,,,,,,,,,,,,,,,,,,,,,,,,,,,,,,,,,,,,
LYYLIVLLLTLFLLL,WT,LLLLYYLIVLLLTLFILLILI,clash,,,,,,,,,,,,,,,,,,,,,,,,,,,,,,,,,,,,,,
LYYLTALLFVLLLLL,WT,LLLLYYLTALLIVLLLLLILI,clash,,,,,,,,,,,,,,,,,,,,,,,,,,,,,,,,,,,,,,
YALLFLLTSLLFSLL,WT,LLLYILLFLLTSLLFSLLILI,clash,,,,,,,,,,,,,,,,,,,,,,,,,,,,,,,,,,,,,,
LAYLLALLFLLTSLL,WT,LLLLIYLLALLFLLTSLLILI,clash,,,,,,,,,,,,,,,,,,,,,,,,,,,,,,,,,,,,,,
LYILLFTLAVLLLSL,WT,LLLLYILLFTLAVLLISLILI,clash,,,,,,,,,,,,,,,,,,,,,,,,,,,,,,,,,,,,,,
LYALLFLLTALLFSL,WT,LLLLYILLFLLTALLFSLILI,clash,,,,,,,,,,,,,,,,,,,,,,,,,,,,,,,,,,,,,,
LYLLLFTLAVLLLSL,WT,LLLLYLLLFTLAVLLISLILI,clash,,,,,,,,,,,,,,,,,,,,,,,,,,,,,,,,,,,,,,
LYVLIALLLLLTSLL,WT,LLLLYVLIALLLLLTILLILI,clash,,,,,,,,,,,,,,,,,,,,,,,,,,,,,,,,,,,,,,
LYLLAVLTSLLFSLL,WT,LLLLILLAVLTSLLFSLLILI,clash,,,,,,,,,,,,,,,,,,,,,,,,,,,,,,,,,,,,,,
YALLFLLTSLLLSLL,WT,LLLYILLFLLTSLLLSLLILI,clash,,,,,,,,,,,,,,,,,,,,,,,,,,,,,,,,,,,,,,
LYILLLVLATLLFSL,WT,LLLLYILLLVLATLLASLILI,void,,,,,,,,,,,,,,,,,,,,,,,,,,,,,,,,,,,,,,
LYYLTFLLAVLLILL,WT,LLLLYYLTFLLIVLLILLILI,clash,,,,,,,,,,,,,,,,,,,,,,,,,,,,,,,,,,,,,,
LFWLLAVLTALLYLL,WT,LLLLFWLLAVLTILLYLLILI,clash,,,,,,,,,,,,,,,,,,,,,,,,,,,,,,,,,,,,,,
LYWLLTILAFLLSLL,WT,LLLLYWLLIILAFLLSLLILI,clash,,,,,,,,,,,,,,,,,,,,,,,,,,,,,,,,,,,,,,
LYLLLAVLLSLLFTL,WT,LLLLYLLLIVLLSLLFTLILI,clash,,,,,,,,,,,,,,,,,,,,,,,,,,,,,,,,,,,,,,
LYLLLFVLATLLLSL,WT,LLLLYLLLFVLATLLISLILI,clash,,,,,,,,,,,,,,,,,,,,,,,,,,,,,,,,,,,,,,
LYILLLLLAVLTFLL,WT,LLLLYILLLLLAVLTALLILI,void,,,,,,,,,,,,,,,,,,,,,,,,,,,,,,,,,,,,,,
LYWLLTLLVALLSFL,WT,LLLLYWLLTLLVILLSFLILI,clash,,,,,,,,,,,,,,,,,,,,,,,,,,,,,,,,,,,,,,
LYVLLATLFILLLSL,WT,LLLLYVLLITLFILLLSLILI,clash,,,,,,,,,,,,,,,,,,,,,,,,,,,,,,,,,,,,,,
LYILTFLLAVLLLLL,WT,LLLLYILTFLLAVLLILLILI,clash,,,,,,,,,,,,,,,,,,,,,,,,,,,,,,,,,,,,,,
LYFLLLVLATLLLSL,WT,LLLLYFLLIVLATLLLSLILI,clash,,,,,,,,,,,,,,,,,,,,,,,,,,,,,,,,,,,,,,
LLFLTALLYVLISLL,WT,LLLLLFLTALLYILISLLILI,clash,,,,,,,,,,,,,,,,,,,,,,,,,,,,,,,,,,,,,,
YFLLAVLTSLLLSLL,WT,LLLYFLLAVLTILLLSLLILI,clash,,,,,,,,,,,,,,,,,,,,,,,,,,,,,,,,,,,,,,
YWLLTILVALLLSLL,WT,LLLYWLLTILVILLLSLLILI,clash,,,,,,,,,,,,,,,,,,,,,,,,,,,,,,,,,,,,,,
LLALLFVLTSLLYLL,WT,LLLLLALLFVLTILLYLLILI,clash,,,,,,,,,,,,,,,,,,,,,,,,,,,,,,,,,,,,,,
LYLLLFVLTALLLSL,WT,LLLLYLLLFVLTILLLSLILI,clash,,,,,,,,,,,,,,,,,,,,,,,,,,,,,,,,,,,,,,
LYVLLLILATLLLSL,WT,LLLLYVLLIILATLLLSLILI,clash,,,,,,,,,,,,,,,,,,,,,,,,,,,,,,,,,,,,,,
LYVLLFLLATLLILL,WT,LLLLYVLLFLLITLLILLILI,clash,,,,,,,,,,,,,,,,,,,,,,,,,,,,,,,,,,,,,,
LILLLYLLAVLTFLL,WT,LLLLILLLILLAVLTFLLILI,clash,,,,,,,,,,,,,,,,,,,,,,,,,,,,,,,,,,,,,,
YLLLTILVALLLSLL,WT,LLLYLLLTILVILLLSLLILI,clash,,,,,,,,,,,,,,,,,,,,,,,,,,,,,,,,,,,,,,
LSYLLFVLATLLLIL,WT,LLLLIYLLFVLATLLLILILI,clash,,,,,,,,,,,,,,,,,,,,,,,,,,,,,,,,,,,,,,
LYVLLALLFTLISLL,WT,LLLLYVLLALLFTLIILLILI,clash,,,,,,,,,,,,,,,,,,,,,,,,,,,,,,,,,,,,,,
YLLLFVLTALLLSLL,WT,LLLYLLLFVLTILLLSLLILI,clash,,,,,,,,,,,,,,,,,,,,,,,,,,,,,,,,,,,,,,
LSILFVLLATLYLLL,WT,LLLLIILFVLLATLYLLLILI,clash,,,,,,,,,,,,,,,,,,,,,,,,,,,,,,,,,,,,,,
LYLLLAVLTALLFSL,WT,LLLLYLLLAVLTILLFSLILI,clash,,,,,,,,,,,,,,,,,,,,,,,,,,,,,,,,,,,,,,
LYVLLLALTILLFSL,WT,LLLLYVLLIALTILLFSLILI,clash,,,,,,,,,,,,,,,,,,,,,,,,,,,,,,,,,,,,,,
YLLLAVLITLLFSLL,WT,LLLYLLLAVLIILLFSLLILI,clash,,,,,,,,,,,,,,,,,,,,,,,,,,,,,,,,,,,,,,
LYFLLAVLTALLLSL,WT,LLLLYFLLAVLTILLLSLILI,clash,,,,,,,,,,,,,,,,,,,,,,,,,,,,,,,,,,,,,,
LYLLVTLLAILLFLL,WT,LLLLYLLVILLAILLFLLILI,clash,,,,,,,,,,,,,,,,,,,,,,,,,,,,,,,,,,,,,,
YLLLAILVTLLFSLL,WT,LLLYLLLAALVTLLFSLLILI,void,,,,,,,,,,,,,,,,,,,,,,,,,,,,,,,,,,,,,,
LYLLIALLLVLTFLL,WT,LLLLYLLIILLLVLTFLLILI,clash,,,,,,,,,,,,,,,,,,,,,,,,,,,,,,,,,,,,,,
TSLLAVLLALLFSLL,WT,LLLTSLLAVLLILLFSLLILI,clash,,,,,,,,,,,,,,,,,,,,,,,,,,,,,,,,,,,,,,
YSLLFVLLLLLATLL,WT,LLLYSLLFVLLILLATLLILI,clash,,,,,,,,,,,,,,,,,,,,,,,,,,,,,,,,,,,,,,
LYVLLLLLATLFSLL,WT,LLLLYVLLILLATLFSLLILI,clash,,,,,,,,,,,,,,,,,,,,,,,,,,,,,,,,,,,,,,
YALLLLLVTLLFSLL,WT,LLLYILLLLLVTLLFSLLILI,clash,,,,,,,,,,,,,,,,,,,,,,,,,,,,,,,,,,,,,,
LTILLFLLAVLYLLL,WT,LLLLIILLFLLAVLYLLLILI,clash,,,,,,,,,,,,,,,,,,,,,,,,,,,,,,,,,,,,,,
YLLLATLVILLFSLL,WT,LLLYILLATLVILLFSLLILI,clash,,,,,,,,,,,,,,,,,,,,,,,,,,,,,,,,,,,,,,
LYLLVTLLALLFILL,WT,LLLLYLLVILLALLFILLILI,clash,,,,,,,,,,,,,,,,,,,,,,,,,,,,,,,,,,,,,,
LFILLAVLLTLLLSL,WT,LLLLFILLAVLATLLLSLILI,void,,,,,,,,,,,,,,,,,,,,,,,,,,,,,,,,,,,,,,
YALLFVLLILLFSLL,WT,LLLYALLFVLLILLASLLILI,void,,,,,,,,,,,,,,,,,,,,,,,,,,,,,,,,,,,,,,
YALLLVLITLLFSLL,WT,LLLYILLLVLITLLFSLLILI,clash,,,,,,,,,,,,,,,,,,,,,,,,,,,,,,,,,,,,,,
LYLLLAVLTILLSLL,WT,LLLLYLLLIVLTILLSLLILI,clash,,,,,,,,,,,,,,,,,,,,,,,,,,,,,,,,,,,,,,
YFLLAVLITLLLSLL,WT,LLLYFLLAVLIILLLSLLILI,clash,,,,,,,,,,,,,,,,,,,,,,,,,,,,,,,,,,,,,,
FLLLTILVALLLSLL,WT,LLLFLLLTILVILLLSLLILI,clash,,,,,,,,,,,,,,,,,,,,,,,,,,,,,,,,,,,,,,
YLLLTVLALLLFSLL,WT,LLLYLLLTILALLLFSLLILI,clash,,,,,,,,,,,,,,,,,,,,,,,,,,,,,,,,,,,,,,
YFLLATLVSLLLILL,WT,LLLYFLLITLVSLLLILLILI,clash,,,,,,,,,,,,,,,,,,,,,,,,,,,,,,,,,,,,,,
LYVLTFLLAILLSLL,WT,LLLLYVLTFLLAILLILLILI,clash,,,,,,,,,,,,,,,,,,,,,,,,,,,,,,,,,,,,,,
YLLLTVLLALLFSLL,WT,LLLYLLLTVLLILLFSLLILI,clash,,,,,,,,,,,,,,,,,,,,,,,,,,,,,,,,,,,,,,
LYLLLAILTVLLSLL,WT,LLLLYLLLIILTVLLSLLILI,clash,,,,,,,,,,,,,,,,,,,,,,,,,,,,,,,,,,,,,,
LYLLVILLATLLFLL,WT,LLLLYLLVILLITLLFLLILI,clash,,,,,,,,,,,,,,,,,,,,,,,,,,,,,,,,,,,,,,
YWLLTLLVALLLSLL,WT,LLLYWLLTLLVILLLSLLILI,clash,,,,,,,,,,,,,,,,,,,,,,,,,,,,,,,,,,,,,,
VTLLLALLLLLFSLL,WT,LLLVILLLALLLLLFSLLILI,clash,,,,,,,,,,,,,,,,,,,,,,,,,,,,,,,,,,,,,,
FSLLVLLTALLYLLL,WT,LLLFSLLVLLTILLYLLLILI,clash,,,,,,,,,,,,,,,,,,,,,,,,,,,,,,,,,,,,,,
LFLLLAVLYLLLSTL,WT,LLLLFLLLIVLYLLLSTLILI,clash,,,,,,,,,,,,,,,,,,,,,,,,,,,,,,,,,,,,,,
YALLFVLLLLLTSLL,WT,LLLYALLFVLLLLLISLLILI,clash,,,,,,,,,,,,,,,,,,,,,,,,,,,,,,,,,,,,,,
LYLLVALLTILFSLL,WT,LLLLYLLVILLTILFSLLILI,clash,,,,,,,,,,,,,,,,,,,,,,,,,,,,,,,,,,,,,,
YFLLAVLLTLLFSLL,WT,LLLYFLLAVLLILLFSLLILI,clash,,,,,,,,,,,,,,,,,,,,,,,,,,,,,,,,,,,,,,
LYLLIALLTVLFSLL,WT,LLLLYLLIILLTVLFSLLILI,clash,,,,,,,,,,,,,,,,,,,,,,,,,,,,,,,,,,,,,,
FALLTVLLSLLYLLL,WT,LLLFILLTVLLSLLYLLLILI,clash,,,,,,,,,,,,,,,,,,,,,,,,,,,,,,,,,,,,,,
VALLLFLLSLLYTLL,WT,LLLVALLLFLLILLYTLLILI,clash,,,,,,,,,,,,,,,,,,,,,,,,,,,,,,,,,,,,,,
LAYLTVLLSILFLLL,WT,LLLLIYLTVLLSILFLLLILI,clash,,,,,,,,,,,,,,,,,,,,,,,,,,,,,,,,,,,,,,
LYALLLLLTVLFILL,WT,LLLLYALLLLLIVLFILLILI,clash,,,,,,,,,,,,,,,,,,,,,,,,,,,,,,,,,,,,,,
LTYLLAVLFILLLSL,WT,LLLLIYLLAVLFILLLSLILI,clash,,,,,,,,,,,,,,,,,,,,,,,,,,,,,,,,,,,,,,
LFVLLITLALLLLSL,WT,LLLLFVLLITLILLLLSLILI,clash,,,,,,,,,,,,,,,,,,,,,,,,,,,,,,,,,,,,,,
LTYLLAILFVLLLSL,WT,LLLLIYLLAILFVLLLSLILI,clash,,,,,,,,,,,,,,,,,,,,,,,,,,,,,,,,,,,,,,
LYLLTFLLAVLLILL,WT,LLLLYLLTFLLIVLLILLILI,clash,,,,,,,,,,,,,,,,,,,,,,,,,,,,,,,,,,,,,,
LYSLLTILVALLFLL,WT,LLLLYSLLTILVILLFLLILI,clash,,,,,,,,,,,,,,,,,,,,,,,,,,,,,,,,,,,,,,
LYVLIALLTLLFSLL,WT,LLLLYVLIALLTLLFILLILI,clash,,,,,,,,,,,,,,,,,,,,,,,,,,,,,,,,,,,,,,
YTLLAVLLLLLASLL,WT,LLLYTLLAVLLILLASLLILI,clash,,,,,,,,,,,,,,,,,,,,,,,,,,,,,,,,,,,,,,
TSLLFLLLYLLAVLL,WT,LLLTSLLFLLLILLAVLLILI,clash,,,,,,,,,,,,,,,,,,,,,,,,,,,,,,,,,,,,,,
LYFLLAVLTILLSLL,WT,LLLLYFLLAVLTILLILLILI,clash,,,,,,,,,,,,,,,,,,,,,,,,,,,,,,,,,,,,,,
LYFLLTILVALLLSL,WT,LLLLYFLLTILVILLLSLILI,clash,,,,,,,,,,,,,,,,,,,,,,,,,,,,,,,,,,,,,,
SYLLFTLLAILLTLL,WT,LLLSYLLFILLAILLTLLILI,clash,,,,,,,,,,,,,,,,,,,,,,,,,,,,,,,,,,,,,,
VYLLTALLISLLFLL,WT,LLLVYLLTALLIILLFLLILI,clash,,,,,,,,,,,,,,,,,,,,,,,,,,,,,,,,,,,,,,
YWLLTALLLSLLFVL,WT,LLLYWLLTALLLILLFVLILI,clash,,,,,,,,,,,,,,,,,,,,,,,,,,,,,,,,,,,,,,
SYLLFVLLALLLATL,WT,LLLSYLLFILLALLLATLILI,clash,,,,,,,,,,,,,,,,,,,,,,,,,,,,,,,,,,,,,,
VSLLLTLLFALLAYL,WT,LLLVSLLLTLLFALLIYLILI,clash,,,,,,,,,,,,,,,,,,,,,,,,,,,,,,,,,,,,,,
YTLLVILLAFLLSLL,WT,LLLYTLLVILLIFLLSLLILI,clash,,,,,,,,,,,,,,,,,,,,,,,,,,,,,,,,,,,,,,
SYLLVLLLAFLLTIL,WT,LLLSYLLILLLAFLLTILILI,clash,,,,,,,,,,,,,,,,,,,,,,,,,,,,,,,,,,,,,,
SYLLFVLLALLLSTL,WT,LLLSYLLFILLALLLSTLILI,clash,,,,,,,,,,,,,,,,,,,,,,,,,,,,,,,,,,,,,,
LYLLTALLIALLFVL,WT,LLLLYLLTALLIILLFVLILI,clash,,,,,,,,,,,,,,,,,,,,,,,,,,,,,,,,,,,,,,
YSLLLALLFALLTIL,WT,LLLYSLLLILLFALLTILILI,clash,,,,,,,,,,,,,,,,,,,,,,,,,,,,,,,,,,,,,,
YILLATLLAFLLSLL,WT,LLLYILLATLLIFLLSLLILI,clash,,,,,,,,,,,,,,,,,,,,,,,,,,,,,,,,,,,,,,
YALLLSLLFALLTIL,WT,LLLYALLLSLLFILLTILILI,clash,,,,,,,,,,,,,,,,,,,,,,,,,,,,,,,,,,,,,,
FYLLTALLIALLSLL,WT,LLLFYLLTALLIILLSLLILI,clash,,,,,,,,,,,,,,,,,,,,,,,,,,,,,,,,,,,,,,
FSLLLTLLAALLSYL,WT,LLLFSLLATLLAALLSYLILI,void,,,,,,,,,,,,,,,,,,,,,,,,,,,,,,,,,,,,,,
YTLLIALLFVLLSLL,WT,LLLYTLLIALLFILLSLLILI,clash,,,,,,,,,,,,,,,,,,,,,,,,,,,,,,,,,,,,,,
YVLLLTLLFALLSLL,WT,LLLYVLLLTLLFILLSLLILI,clash,,,,,,,,,,,,,,,,,,,,,,,,,,,,,,,,,,,,,,
YILLTVLLALLLSFL,WT,LLLYILLTVLLALLLIFLILI,clash,,,,,,,,,,,,,,,,,,,,,,,,,,,,,,,,,,,,,,
YSLLVALLFTLLFLL,WT,LLLYSLLVALLFILLFLLILI,clash,,,,,,,,,,,,,,,,,,,,,,,,,,,,,,,,,,,,,,
VYLLLALLFTLLSLL,WT,LLLVYLLLALLFILLSLLILI,clash,,,,,,,,,,,,,,,,,,,,,,,,,,,,,,,,,,,,,,
YLLLATLLAFLLSIL,WT,LLLYLLLATLLIFLLSILILI,clash,,,,,,,,,,,,,,,,,,,,,,,,,,,,,,,,,,,,,,
YYLLVFLLATLLSLL,WT,LLLYYLLVFLLITLLSLLILI,clash,,,,,,,,,,,,,,,,,,,,,,,,,,,,,,,,,,,,,,
YSLLLTLLFALLVIL,WT,LLLYSLLLILLFALLVILILI,clash,,,,,,,,,,,,,,,,,,,,,,,,,,,,,,,,,,,,,,
YLLLATLLAVLLSFL,WT,LLLYLLLATLLIVLLSFLILI,clash,,,,,,,,,,,,,,,,,,,,,,,,,,,,,,,,,,,,,,
AVLLITLLFTLLSLL,WT,LLLAVLLITLLFILLSLLILI,clash,,,,,,,,,,,,,,,,,,,,,,,,,,,,,,,,,,,,,,
YWLLLALLVALLSTL,WT,LLLYWLLLILLVALLSTLILI,clash,,,,,,,,,,,,,,,,,,,,,,,,,,,,,,,,,,,,,,
YVLLIALLFTLLSLL,WT,LLLYVLLIALLFILLSLLILI,clash,,,,,,,,,,,,,,,,,,,,,,,,,,,,,,,,,,,,,,
YLLLFTLLAALLTSL,WT,LLLYLLLFILLAALLTSLILI,clash,,,,,,,,,,,,,,,,,,,,,,,,,,,,,,,,,,,,,,
YTLLVLLLAFLLSIL,WT,LLLYTLLVLLLIFLLSILILI,clash,,,,,,,,,,,,,,,,,,,,,,,,,,,,,,,,,,,,,,
SYLLVALLTFLLTLL,WT,LLLSALLVALLTFLLTLLILI,void,,,,,,,,,,,,,,,,,,,,,,,,,,,,,,,,,,,,,,
AVLLLTLLFTLLSYL,WT,LLLAVLLLTLLFILLSYLILI,clash,,,,,,,,,,,,,,,,,,,,,,,,,,,,,,,,,,,,,,
YLLLATLLFVLLSIL,WT,LLLYLLLATLLFILLSILILI,clash,,,,,,,,,,,,,,,,,,,,,,,,,,,,,,,,,,,,,,
YVLLFTLLATLLSLL,WT,LLLYVLLFTLLATLLSALILI,void,,,,,,,,,,,,,,,,,,,,,,,,,,,,,,,,,,,,,,
FSLLLTLLVALLSYL,WT,LLLFSLLLTLLVILLSYLILI,clash,,,,,,,,,,,,,,,,,,,,,,,,,,,,,,,,,,,,,,
YSLLLALLATLLVFL,WT,LLLYSLLAALLATLLVFLILI,void,,,,,,,,,,,,,,,,,,,,,,,,,,,,,,,,,,,,,,
YVLLTALLFALLSLL,WT,LLLYVLLTALLFILLSLLILI,clash,,,,,,,,,,,,,,,,,,,,,,,,,,,,,,,,,,,,,,
YTLLVALLFALLSLL,WT,LLLYTLLVILLFALLSLLILI,clash,,,,,,,,,,,,,,,,,,,,,,,,,,,,,,,,,,,,,,
YILLLTLLVALLSFL,WT,LLLYILLLILLVALLSFLILI,clash,,,,,,,,,,,,,,,,,,,,,,,,,,,,,,,,,,,,,,
YSLLIALLFVLLTLL,WT,LLLYSLLIILLFVLLTLLILI,clash,,,,,,,,,,,,,,,,,,,,,,,,,,,,,,,,,,,,,,
YSLLVALLFLLLATL,WT,LLLYSLLVALLFILLATLILI,clash,,,,,,,,,,,,,,,,,,,,,,,,,,,,,,,,,,,,,,
YSLLLTLLATLLVFL,WT,LLLYSLLLILLATLLVFLILI,clash,,,,,,,,,,,,,,,,,,,,,,,,,,,,,,,,,,,,,,
YILLTALLVALLSLL,WT,LLLYILLTALLVILLSLLILI,clash,,,,,,,,,,,,,,,,,,,,,,,,,,,,,,,,,,,,,,
YSLLVALLFTLLILL,WT,LLLYSLLVALLFILLILLILI,clash,,,,,,,,,,,,,,,,,,,,,,,,,,,,,,,,,,,,,,
LVLLITLLFALLSYL,WT,LLLLVLLITLLAALLSYLILI,void,,,,,,,,,,,,,,,,,,,,,,,,,,,,,,,,,,,,,,
YSLLLILLAVLLTFL,WT,LLLYSLLLILLAVLLIFLILI,clash,,,,,,,,,,,,,,,,,,,,,,,,,,,,,,,,,,,,,,
YLLLTTLLVALLSFL,WT,LLLYLLLTTLLVILLSFLILI,clash,,,,,,,,,,,,,,,,,,,,,,,,,,,,,,,,,,,,,,
YILLFTLLAVLLSLL,WT,LLLYILLFTLLIVLLSLLILI,clash,,,,,,,,,,,,,,,,,,,,,,,,,,,,,,,,,,,,,,
SYLLFTLLALLLSIL,WT,LLLSYLLFTLLILLLSILILI,clash,,,,,,,,,,,,,,,,,,,,,,,,,,,,,,,,,,,,,,
YFLLVALLTLLLSIL,WT,LLLYFLLVALLILLLSILILI,clash,,,,,,,,,,,,,,,,,,,,,,,,,,,,,,,,,,,,,,
YLLLSTLLAFLLAIL,WT,LLLYLLLSTLLIFLLAILILI,clash,,,,,,,,,,,,,,,,,,,,,,,,,,,,,,,,,,,,,,
FYLLITLLVALLSLL,WT,LLLFYLLITLLVILLSLLILI,clash,,,,,,,,,,,,,,,,,,,,,,,,,,,,,,,,,,,,,,
YLLLATLLAILLFSL,WT,LLLYLLLITLLAILLFSLILI,clash,,,,,,,,,,,,,,,,,,,,,,,,,,,,,,,,,,,,,,
YVLLTTLLFALLSLL,WT,LLLYVLLTTLLFILLSLLILI,clash,,,,,,,,,,,,,,,,,,,,,,,,,,,,,,,,,,,,,,
YTLLISLLFVLLALL,WT,LLLYTLLIILLFVLLALLILI,clash,,,,,,,,,,,,,,,,,,,,,,,,,,,,,,,,,,,,,,
VYLLIALLFSLLTLL,WT,LLLVYLLIALLFILLTLLILI,clash,,,,,,,,,,,,,,,,,,,,,,,,,,,,,,,,,,,,,,
AILLLTLLFVLLSLL,WT,LLLAILLLILLFVLLSLLILI,clash,,,,,,,,,,,,,,,,,,,,,,,,,,,,,,,,,,,,,,
YSLLLTLLALLLAFL,WT,LLLYSLLLTLLALLLIFLILI,clash,,,,,,,,,,,,,,,,,,,,,,,,,,,,,,,,,,,,,,
YTLLVSLLFALLILL,WT,LLLYTLLVSLLFILLILLILI,clash,,,,,,,,,,,,,,,,,,,,,,,,,,,,,,,,,,,,,,
YSLLLALLFVLLTIL,WT,LLLYSLLLILLFVLLTILILI,clash,,,,,,,,,,,,,,,,,,,,,,,,,,,,,,,,,,,,,,
YSLLLTLLAALLVFL,WT,LLLYSLLLILLAALLVFLILI,clash,,,,,,,,,,,,,,,,,,,,,,,,,,,,,,,,,,,,,,
YVLLTILLALLLAFL,WT,LLLYVLLTILLILLLAFLILI,clash,,,,,,,,,,,,,,,,,,,,,,,,,,,,,,,,,,,,,,
YSLLLALLFALLVTL,WT,LLLYSLLLALLFILLVTLILI,clash,,,,,,,,,,,,,,,,,,,,,,,,,,,,,,,,,,,,,,
YTLLVSLLAILLTLL,WT,LLLYTLLVSLLAILLILLILI,clash,,,,,,,,,,,,,,,,,,,,,,,,,,,,,,,,,,,,,,
SYLLTTLLALLLSFL,WT,LLLSYLLTTLLILLLSFLILI,clash,,,,,,,,,,,,,,,,,,,,,,,,,,,,,,,,,,,,,,
YILLLTLLAVLLSFL,WT,LLLYILLLTLLAILLSFLILI,clash,,,,,,,,,,,,,,,,,,,,,,,,,,,,,,,,,,,,,,
YYLLVLLLATLLSFL,WT,LLLYYLLILLLATLLSFLILI,clash,,,,,,,,,,,,,,,,,,,,,,,,,,,,,,,,,,,,,,
FYLLLTLLAVLLSIL,WT,LLLFYLLLTLLAILLSILILI,clash,,,,,,,,,,,,,,,,,,,,,,,,,,,,,,,,,,,,,,
TYLLVFLLALLLSIL,WT,LLLTYLLVFLLILLLSILILI,clash,,,,,,,,,,,,,,,,,,,,,,,,,,,,,,,,,,,,,,
YVLLTILLALLLSFL,WT,LLLYVLLIILLALLLSFLILI,clash,,,,,,,,,,,,,,,,,,,,,,,,,,,,,,,,,,,,,,
YALLLTLLSILLVFL,WT,LLLYALLATLLSILLVFLILI,void,,,,,,,,,,,,,,,,,,,,,,,,,,,,,,,,,,,,,,
LTLLIALLFVLLYSL,WT,LLLLTLLIILLFVLLYSLILI,clash,,,,,,,,,,,,,,,,,,,,,,,,,,,,,,,,,,,,,,
YSLLLTLLVALLIFL,WT,LLLYSLLLILLVALLIFLILI,clash,,,,,,,,,,,,,,,,,,,,,,,,,,,,,,,,,,,,,,
YLLLATLLFVLLSLL,WT,LLLYLLLATLLFILLSLLILI,clash,,,,,,,,,,,,,,,,,,,,,,,,,,,,,,,,,,,,,,
TYLLIALLLALLFVL,WT,LLLTYLLIALLLILLFVLILI,clash,,,,,,,,,,,,,,,,,,,,,,,,,,,,,,,,,,,,,,
YLLLAVLLAFLLTSL,WT,LLLYLLLIVLLAFLLTSLILI,clash,,,,,,,,,,,,,,,,,,,,,,,,,,,,,,,,,,,,,,
YSLLFTLLVALLILL,WT,LLLYSLLFILLVALLILLILI,clash,,,,,,,,,,,,,,,,,,,,,,,,,,,,,,,,,,,,,,
YILLATLLTLLLSFL,WT,LLLYILLITLLTLLLSFLILI,clash,,,,,,,,,,,,,,,,,,,,,,,,,,,,,,,,,,,,,,
YSLLITLLFVLLALL,WT,LLLYSLLITLLFILLALLILI,clash,,,,,,,,,,,,,,,,,,,,,,,,,,,,,,,,,,,,,,
YLLLTVLLAFLLSIL,WT,LLLYLLLTVLLIFLLSILILI,clash,,,,,,,,,,,,,,,,,,,,,,,,,,,,,,,,,,,,,,
YSLLLTLLATLLAFL,WT,LLLYILLLTLLATLLAFLILI,clash,,,,,,,,,,,,,,,,,,,,,,,,,,,,,,,,,,,,,,
YVLLAILLTLLLSFL,WT,LLLYVLLIILLTLLLSFLILI,clash,,,,,,,,,,,,,,,,,,,,,,,,,,,,,,,,,,,,,,
YALLVALLLTLLSWL,WT,LLLYILLVALLLTLLSWLILI,clash,,,,,,,,,,,,,,,,,,,,,,,,,,,,,,,,,,,,,,
TYLLTILLAFLLSLL,WT,LLLTYLLTILLIFLLSLLILI,clash,,,,,,,,,,,,,,,,,,,,,,,,,,,,,,,,,,,,,,
YVLLLILLATLLSFL,WT,LLLYVLLLILLATLLIFLILI,clash,,,,,,,,,,,,,,,,,,,,,,,,,,,,,,,,,,,,,,
TYLLVLLLALLLSFL,WT,LLLTYLLVLLLILLLSFLILI,clash,,,,,,,,,,,,,,,,,,,,,,,,,,,,,,,,,,,,,,
YTLLIALLVLLLFSL,WT,LLLYILLIALLVLLLFSLILI,clash,,,,,,,,,,,,,,,,,,,,,,,,,,,,,,,,,,,,,,
SYLLVFLLAILLTLL,WT,LLLSYLLVFLLIILLTLLILI,clash,,,,,,,,,,,,,,,,,,,,,,,,,,,,,,,,,,,,,,
VYLLITLLAFLLSLL,WT,LLLVYLLITLLIFLLSLLILI,clash,,,,,,,,,,,,,,,,,,,,,,,,,,,,,,,,,,,,,,
YLLLATLLAVLLSIL,WT,LLLYLLLAILLAVLLSILILI,clash,,,,,,,,,,,,,,,,,,,,,,,,,,,,,,,,,,,,,,
YTLLVSLLALLLAFL,WT,LLLYTLLVSLLILLLAFLILI,clash,,,,,,,,,,,,,,,,,,,,,,,,,,,,,,,,,,,,,,
YSLLVALLATLLFLL,WT,LLLYSLLVALLAILLFLLILI,clash,,,,,,,,,,,,,,,,,,,,,,,,,,,,,,,,,,,,,,
YYLLATLLTFLLSLL,WT,LLLYYLLATLLIFLLSLLILI,clash,,,,,,,,,,,,,,,,,,,,,,,,,,,,,,,,,,,,,,
YSLLLTLLFVLLALL,WT,LLLYSLLLTLLFILLALLILI,clash,,,,,,,,,,,,,,,,,,,,,,,,,,,,,,,,,,,,,,
YLLLVALLATLLSFL,WT,LLLYLLLVILLATLLSFLILI,clash,,,,,,,,,,,,,,,,,,,,,,,,,,,,,,,,,,,,,,
YSLLVALLATLLTLL,WT,LLLYSLLVILLATLLTLLILI,clash,,,,,,,,,,,,,,,,,,,,,,,,,,,,,,,,,,,,,,
YTLLVALLSTLLFLL,WT,LLLYTLLVILLSTLLFLLILI,clash,,,,,,,,,,,,,,,,,,,,,,,,,,,,,,,,,,,,,,
YSLLFVLLAILLTLL,WT,LLLYSLLFILLAILLTLLILI,clash,,,,,,,,,,,,,,,,,,,,,,,,,,,,,,,,,,,,,,
TALLIALLFLLLSVL,WT,LLLTALLIALLFILLSVLILI,clash,,,,,,,,,,,,,,,,,,,,,,,,,,,,,,,,,,,,,,
TYLLVILLAFLLSLL,WT,LLLTYLLVILLIFLLSLLILI,clash,,,,,,,,,,,,,,,,,,,,,,,,,,,,,,,,,,,,,,
YFLLAILLAVLLTLL,WT,LLLYFLLAILLIVLLTLLILI,clash,,,,,,,,,,,,,,,,,,,,,,,,,,,,,,,,,,,,,,
WTLLVFLLAILLSLL,WT,LLLWTLLVFLLIILLSLLILI,clash,,,,,,,,,,,,,,,,,,,,,,,,,,,,,,,,,,,,,,
YSLLFTLLAVLLALL,WT,LLLYSLLFILLAVLLALLILI,clash,,,,,,,,,,,,,,,,,,,,,,,,,,,,,,,,,,,,,,
YSLLLTLLAVLLFSL,WT,LLLYSLLLILLAVLLFSLILI,clash,,,,,,,,,,,,,,,,,,,,,,,,,,,,,,,,,,,,,,
YSLLLTLLVALLSFL,WT,LLLYSLLLTLLVILLSFLILI,clash,,,,,,,,,,,,,,,,,,,,,,,,,,,,,,,,,,,,,,
YVLLFALLTVLLSLL,WT,LLLYVLLFILLTVLLSLLILI,clash,,,,,,,,,,,,,,,,,,,,,,,,,,,,,,,,,,,,,,
YLLLFTLLAVLLSIL,WT,LLLYLLLFILLAVLLSILILI,clash,,,,,,,,,,,,,,,,,,,,,,,,,,,,,,,,,,,,,,
AFLLGTLLGLLLGVL,WT,LLLAFLLGTLLILLLGVLILI,clash,LLLAFLLGTLLGLLLGVLILI_0,1.1001100110011e+17,1.0,-72.6367,-66.3863,-58.6772,-220.92,-214.193,-233.794,-338.688,4539.58,3408.42,3345.8,-50.9084,-46.5777,-96.0404,-104.686,-46.2165,-75.4662,53.9181,-45.2717,6.46136,5.09887,4.40764,-46.4104,-79.84,40.4327,-45.0,-385.266,6.5,3.93441,3.0409,0.0,LLLAFLLGTLLGLLLGVLILI,1.49392590725424,0.264277193990899,G,99999900.0
AFLLGTLLGLLLGVL,WT,LLLAFLLGTLLILLLGVLILI,clash,LLLAFLLGTLLGLLLGVLILI_2,1.1001100110011e+17,1.0,-67.342,-67.0649,-58.6772,-216.231,-216.313,-233.794,-338.688,4539.58,3402.65,3345.8,-49.6721,-48.9751,-104.787,-104.285,-46.2165,-80.7452,44.0128,-43.6079,6.56936,4.55352,3.71371,-46.5918,-79.84,40.4327,-45.0,-385.266,6.5,3.93441,3.0409,2.0,LLLAFLLGTLLGLLLGVLILI,1.49392590725424,0.264277193990899,G,99999900.0
AFLLGTLLGLLLGVL,WT,LLLAFLLGTLLILLLGVLILI,clash,LLLAFLLGTLLGLLLGVLILI_1,1.1001100110011e+17,1.0,-67.0515,-65.8487,-58.6772,-216.313,-220.764,-233.794,-338.688,4539.58,3407.65,3345.8,-49.1348,-49.4318,-104.458,-101.508,-46.2165,-81.7583,41.8309,-44.9393,6.51651,4.41092,3.53838,-46.6971,-79.84,40.4327,-45.0,-385.266,6.5,3.93441,3.0409,1.0,LLLAFLLGTLLGLLLGVLILI,1.49392590725424,0.264277193990899,G,99999900.0
TFLLGILLGLLLGVL,WT,LLLTFLLIILLGLLLGVLILI,clash,LLLTFLLGILLGLLLGVLILI_0,1.1001100110011e+17,1.0,-56.2811,-55.1738,-44.9378,-222.186,-221.84,-241.156,-340.059,4585.36,3462.63,3485.96,-45.3645,-42.4521,-106.956,-105.497,-53.9653,-78.9098,43.2042,-41.4911,6.44562,4.16904,3.31711,-41.7586,-79.84,40.4327,-45.0,-382.511,6.5,3.93441,3.0409,0.0,LLLTFLLGILLGLLLGVLILI,1.15488599308265,0.075866960915992,G,99999900.0
TFLLGILLGLLLGVL,WT,LLLTFLLIILLGLLLGVLILI,clash,LLLTFLLGILLGLLLGVLILI_1,1.1001100110011e+17,1.0,-55.7892,-56.2811,-44.9378,-223.281,-221.723,-241.156,-340.059,4585.36,3503.15,3485.96,-44.9153,-36.0373,-105.903,-98.0922,-53.9653,-82.6691,39.7149,-43.0873,6.46991,4.26187,3.3576,-42.6369,-79.84,40.4327,-45.0,-382.511,6.5,3.93441,3.0409,1.0,LLLTFLLGILLGLLLGVLILI,1.15488599308265,0.075866960915992,G,99999900.0
TFLLGILLGLLLGVL,WT,LLLTFLLIILLGLLLGVLILI,clash,LLLTFLLGILLGLLLGVLILI_2,1.1001100110011e+17,1.0,-55.7357,-55.8077,-44.9378,-221.859,-222.324,-241.156,-340.059,4585.36,3512.02,3485.96,-41.9795,-43.7541,-104.444,-105.681,-53.9653,-79.4522,41.9628,-45.6595,6.45383,4.08281,3.21225,-41.2942,-79.84,40.4327,-45.0,-382.511,6.5,3.93441,3.0409,2.0,LLLTFLLGILLGLLLGVLILI,1.15488599308265,0.075866960915992,G,99999900.0
TLLLGVLLGFLLAIL,WT,LLLTLLLIVLLGFLLAILILI,clash,LLLTLLLGVLLGFLLAILILI_1,1.1001100110011e+17,1.0,-56.5382,-55.0293,-44.9169,-227.423,-224.525,-242.334,-344.464,4537.13,3603.25,3561.98,-45.8242,-41.9281,-106.327,-106.837,-57.2131,-91.6681,42.3113,-43.1921,6.51956,5.96223,5.0969,-41.9908,-85.9497,42.6517,-45.0,-386.478,6.5506,5.15043,4.2902,1.0,LLLTLLLGVLLGFLLAILILI,1.71240872888893,0.590734507663995,G,99999900.0
TLLLGVLLGFLLAIL,WT,LLLTLLLIVLLGFLLAILILI,clash,LLLTLLLGVLLGFLLAILILI_2,1.1001100110011e+17,1.0,-54.8755,-56.5382,-44.9169,-225.477,-227.371,-242.334,-344.464,4537.13,3625.11,3561.98,-43.343,-43.7521,-107.454,-104.306,-57.2131,-88.7381,41.651,-43.9886,6.53118,5.43359,4.55836,-42.0971,-85.9497,42.6517,-45.0,-386.478,6.5506,5.15043,4.2902,2.0,LLLTLLLGVLLGFLLAILILI,1.71240872888893,0.590734507663995,G,99999900.0
TLLLGVLLGFLLAIL,WT,LLLTLLLIVLLGFLLAILILI,clash,LLLTLLLGVLLGFLLAILILI_0,1.1001100110011e+17,1.0,-55.0293,-55.097,-44.9169,-224.512,-224.516,-242.334,-344.464,4537.13,3634.84,3561.98,-42.326,-42.0149,-107.248,-106.866,-57.2131,-87.0233,41.9876,-44.402,6.55076,5.22182,4.35163,-41.0125,-85.9497,42.6517,-45.0,-386.478,6.5506,5.15043,4.2902,0.0,LLLTLLLGVLLGFLLAILILI,1.71240872888893,0.590734507663995,G,99999900.0
TLLLGILLGFLLAVL,WT,LLLTLLLGILLIFLLAVLILI,clash,LLLTLLLGILLGFLLAVLILI_1,1.1001100110011e+17,1.0,-55.0405,-54.3634,-44.948,-227.724,-225.482,-242.376,-344.918,4582.72,3626.67,3568.1,-47.8883,-42.0674,-110.042,-107.14,-57.5947,-88.6266,49.3216,-42.6585,6.50373,6.4524,5.69223,-40.4407,-81.7774,50.2073,-43.0207,-385.111,6.749,5.54459,4.7977,1.0,LLLTLLLGILLGFLLAVLILI,1.34345366805758,0.261285325182713,G,99999900.0
TLLLGILLGFLLAVL,WT,LLLTLLLGILLIFLLAVLILI,clash,LLLTLLLGILLGFLLAVLILI_2,1.1001100110011e+17,1.0,-55.0767,-55.0405,-44.948,-226.738,-226.536,-242.376,-344.918,4582.72,3606.68,3568.1,-46.7569,-44.3686,-109.86,-107.71,-57.5947,-86.6346,49.3167,-43.6025,6.52557,6.15296,5.39271,-40.2032,-81.7774,50.2073,-43.0207,-385.111,6.749,5.54459,4.7977,2.0,LLLTLLLGILLGFLLAVLILI,1.34345366805758,0.261285325182713,G,99999900.0
TLLLGILLGFLLAVL,WT,LLLTLLLGILLIFLLAVLILI,clash,LLLTLLLGILLGFLLAVLILI_0,1.1001100110011e+17,1.0,-54.3634,-54.4627,-44.948,-226.421,-223.739,-242.376,-344.918,4582.72,3630.63,3568.1,-45.3463,-40.1925,-109.48,-106.909,-57.5947,-78.0562,58.1973,-44.1932,6.45521,6.06507,5.43803,-40.4143,-81.7774,50.2073,-43.0207,-385.111,6.749,5.54459,4.7977,0.0,LLLTLLLGILLGFLLAVLILI,1.34345366805758,0.261285325182713,G,99999900.0
TFLLGVLLGLLLGAL,WT,LLLTFLLGVLLILLLGALILI,clash,LLLTFLLGVLLGLLLGALILI_1,1.1001100110011e+17,1.0,-57.208,-57.9574,-44.9172,-216.281,-214.212,-237.765,-334.915,4574.75,3484.03,3459.93,-40.2395,-39.3923,-101.666,-102.138,-52.2334,-89.4115,42.404,-39.3201,6.65614,5.63627,4.77233,-38.2453,-87.213,39.461,-38.899,-373.41,6.5512,4.90918,4.00109,1.0,LLLTFLLGVLLGLLLGALILI,1.40363921945986,0.109799069440107,G,99999900.0
TFLLGVLLGLLLGAL,WT,LLLTFLLGVLLILLLGALILI,clash,LLLTFLLGVLLGLLLGALILI_0,1.1001100110011e+17,1.0,-57.9574,-56.6294,-44.9172,-213.47,-214.568,-237.765,-334.915,4574.75,3428.68,3459.93,-39.9284,-38.4946,-103.416,-102.212,-52.2334,-88.3607,37.9043,-37.5038,6.4708,4.87118,3.93975,-38.3545,-87.213,39.461,-38.899,-373.41,6.5512,4.90918,4.00109,0.0,LLLTFLLGVLLGLLLGALILI,1.40363921945986,0.109799069440107,G,99999900.0
TFLLGVLLGLLLGAL,WT,LLLTFLLGVLLILLLGALILI,clash,LLLTFLLGVLLGLLLGALILI_2,1.1001100110011e+17,1.0,-55.419,-57.208,-44.9172,-214.009,-217.237,-237.765,-334.915,4574.75,3569.61,3459.93,-36.1786,-38.7038,-101.666,-99.1742,-52.2334,-82.8467,42.4686,-40.6587,6.54445,4.66027,3.7973,-38.4847,-87.213,39.461,-38.899,-373.41,6.5512,4.90918,4.00109,2.0,LLLTFLLGVLLGLLLGALILI,1.40363921945986,0.109799069440107,G,99999900.0
AYLLGTLLGLLLGFL,WT,LLLAYLLGTLLILLLGFLILI,clash,LLLAYLLGTLLGLLLGFLILI_0,1.1001100110011e+17,1.0,-72.8709,-67.9054,-58.7043,-219.831,-217.013,-239.922,-335.04,4526.09,3502.01,3433.66,-45.7428,-38.4449,-88.0808,-88.5667,-36.4137,-79.3487,56.5702,-35.8493,6.53337,6.03928,5.38783,-38.218,-80.1891,50.0903,-39.6088,-373.485,6.6695,5.29055,4.5419,0.0,LLLAYLLGTLLGLLLGFLILI,1.18655444341923,0.136983096749315,G,99999900.0
AYLLGTLLGLLLGFL,WT,LLLAYLLGTLLILLLGFLILI,clash,LLLAYLLGTLLGLLLGFLILI_1,1.1001100110011e+17,1.0,-68.8347,-62.1718,-58.7043,-219.591,-220.159,-239.922,-335.04,4526.09,3693.76,3433.66,-41.364,111.789,-87.9782,59.0797,-36.4137,-83.9592,50.4036,-40.5408,6.69789,5.89837,5.15443,-38.5178,-80.1891,50.0903,-39.6088,-373.485,6.6695,5.29055,4.5419,1.0,LLLAYLLGTLLGLLLGFLILI,1.18655444341923,0.136983096749315,G,99999900.0
AYLLGTLLGLLLGFL,WT,LLLAYLLGTLLILLLGFLILI,clash,LLLAYLLGTLLGLLLGFLILI_2,1.1001100110011e+17,1.0,-68.4382,-68.922,-58.7043,-219.319,-220.33,-239.922,-335.04,4526.09,3571.05,3433.66,-41.3119,-39.7517,-88.5945,-85.5401,-36.4137,-83.8785,49.933,-38.819,6.68773,5.82274,5.07173,-38.1362,-80.1891,50.0903,-39.6088,-373.485,6.6695,5.29055,4.5419,2.0,LLLAYLLGTLLGLLLGFLILI,1.18655444341923,0.136983096749315,G,99999900.0
TLLLGVLLGLLLGFL,WT,LLLTLLLGVLLILLLGFLILI,clash,LLLTLLLGVLLGLLLGFLILI_0,1.1001100110011e+17,1.0,-56.3394,-56.0196,-44.9424,-222.267,-219.23,-240.899,-346.441,4522.68,3700.94,3487.06,-36.8077,-35.2102,-104.642,-106.402,-60.6,-90.9294,41.5151,-49.5089,6.75429,5.74394,4.86667,-35.1672,-90.0074,38.3333,-42.1317,-381.651,6.7822,5.1761,4.2511,0.0,LLLTLLLGVLLGLLLGFLILI,1.19905242328891,0.130947821796855,G,99999900.0
TLLLGVLLGLLLGFL,WT,LLLTLLLGVLLILLLGFLILI,clash,LLLTLLLGVLLGLLLGFLILI_2,1.1001100110011e+17,1.0,-56.9171,-56.9092,-44.9424,-220.271,-220.093,-240.899,-346.441,4522.68,3570.34,3487.06,-36.5713,-31.7183,-105.824,-101.157,-60.6,-89.2949,40.7447,-42.8588,6.7682,5.39477,4.50594,-35.1591,-90.0074,38.3333,-42.1317,-381.651,6.7822,5.1761,4.2511,2.0,LLLTLLLGVLLGLLLGFLILI,1.19905242328891,0.130947821796855,G,99999900.0
TLLLGVLLGLLLGFL,WT,LLLTLLLGVLLILLLGFLILI,clash,LLLTLLLGVLLGLLLGFLILI_1,1.1001100110011e+17,1.0,-56.9716,-56.4609,-44.9424,-219.975,-222.413,-240.899,-346.441,4522.68,3594.87,3487.06,-36.4342,-29.2968,-105.929,-96.8642,-60.6,-88.8388,40.6608,-43.2087,6.72201,5.31503,4.42495,-36.2663,-90.0074,38.3333,-42.1317,-381.651,6.7822,5.1761,4.2511,1.0,LLLTLLLGVLLGLLLGFLILI,1.19905242328891,0.130947821796855,G,99999900.0
ALLLGTLLGFLLSIL,WT,LLLALLLGTLLIFLLSILILI,clash,LLLALLLGTLLGFLLSILILI_2,1.1001100110011e+17,1.0,-84.3362,-84.2485,-74.0793,-221.449,-222.055,-238.286,-362.898,4478.03,3621.55,3567.81,-43.2323,-30.9443,-100.346,-87.5388,-50.5325,-92.1451,53.5909,-35.9794,7.05335,7.55654,6.8604,-32.2458,-91.43,48.2927,-36.5962,-397.649,7.0472,6.73401,5.9584,2.0,LLLALLLGTLLGFLLSILILI,1.30339518090448,0.0791291341764541,G,99999900.0
ALLLGTLLGFLLSIL,WT,LLLALLLGTLLIFLLSILILI,clash,LLLALLLGTLLGFLLSILILI_0,1.1001100110011e+17,1.0,-83.1935,-81.7336,-74.0793,-221.334,-218.385,-238.286,-362.898,4478.03,3652.18,3567.81,-42.0089,-34.7507,-100.379,-97.5297,-50.5325,-86.9388,58.8599,-36.3867,7.02758,7.4869,6.8698,-34.5663,-91.43,48.2927,-36.5962,-397.649,7.0472,6.73401,5.9584,0.0,LLLALLLGTLLGFLLSILILI,1.30339518090448,0.0791291341764541,G,99999900.0
ALLLGTLLGFLLSIL,WT,LLLALLLGTLLIFLLSILILI,clash,LLLALLLGTLLGFLLSILILI_1,1.1001100110011e+17,1.0,-84.154,-83.2481,-74.0793,-221.422,-222.106,-238.286,-362.898,4478.03,3603.91,3567.81,-41.5671,-38.4613,-98.8896,-96.0057,-50.5325,-91.6845,54.3507,-34.6479,7.04621,7.59002,6.90528,-31.6542,-91.43,48.2927,-36.5962,-397.649,7.0472,6.73401,5.9584,1.0,LLLALLLGTLLGFLLSILILI,1.30339518090448,0.0791291341764541,G,99999900.0
AYLLGLLLGTLLSFL,WT,LLLAYLLGLLLITLLSFLILI,clash,LLLAYLLGLLLGTLLSFLILI_1,1.1001100110011e+17,1.0,-93.8116,-90.7098,-74.0929,-226.907,-222.774,-243.634,-354.881,4565.18,3698.5,3555.33,-45.0841,-36.1605,-79.2467,-77.5575,-37.154,-86.9979,51.5189,-44.0504,6.41514,6.50474,5.77752,-31.9966,-80.4387,52.288,-45.0,-387.269,6.6037,5.62468,4.909,1.0,LLLAYLLGLLLGTLLSFLILI,1.10594409273217,0.101382713319076,G,99999900.0
AYLLGLLLGTLLSFL,WT,LLLAYLLGLLLITLLSFLILI,clash,LLLAYLLGLLLGTLLSFLILI_0,1.1001100110011e+17,1.0,-92.4401,-87.2679,-74.0929,-223.135,-222.415,-243.634,-354.881,4565.18,3690.36,3555.33,-39.9634,-32.3873,-79.2698,-77.5861,-37.154,-83.4107,50.3647,-44.9664,6.5334,5.81085,5.06632,-32.2488,-80.4387,52.288,-45.0,-387.269,6.6037,5.62468,4.909,0.0,LLLAYLLGLLLGTLLSFLILI,1.10594409273217,0.101382713319076,G,99999900.0
AYLLGLLLGTLLSFL,WT,LLLAYLLGLLLITLLSFLILI,clash,LLLAYLLGLLLGTLLSFLILI_2,1.1001100110011e+17,1.0,-88.1586,-88.9777,-74.0929,-222.9,-225.809,-243.634,-354.881,4565.18,3681.18,3555.33,-34.4837,-33.9949,-78.3069,-74.0893,-37.154,-81.5275,52.2551,-44.6589,6.57975,5.78357,5.06739,-32.3774,-80.4387,52.288,-45.0,-387.269,6.6037,5.62468,4.909,2.0,LLLAYLLGLLLGTLLSFLILI,1.10594409273217,0.101382713319076,G,99999900.0
AVLLGTLLGLLLSFL,WT,LLLAVLLGTLLILLLSFLILI,clash,LLLAVLLGTLLGLLLSFLILI_2,1.1001100110011e+17,1.0,-84.7994,-84.6008,-74.0838,-216.952,-214.481,-236.596,-360.96,4442.86,3657.16,3621.34,-36.8403,-34.1173,-96.0482,-95.9949,-50.28,-91.1272,51.605,-35.4919,7.02958,7.13575,6.40982,-32.7354,-91.43,48.2927,-36.5962,-394.415,7.0472,6.73401,5.9584,2.0,LLLAVLLGTLLGLLLSFLILI,1.07123500331272,0.0697873473753571,G,99999900.0
AVLLGTLLGLLLSFL,WT,LLLAVLLGTLLILLLSFLILI,clash,LLLAVLLGTLLGLLLSFLILI_0,1.1001100110011e+17,1.0,-83.231,-82.187,-74.0838,-216.847,-215.092,-236.596,-360.96,4442.86,3664.39,3621.34,-36.0611,-33.4557,-96.9425,-97.1364,-50.28,-89.0222,53.5444,-35.9756,7.04148,7.08182,6.38499,-32.9845,-91.43,48.2927,-36.5962,-394.415,7.0472,6.73401,5.9584,0.0,LLLAVLLGTLLGLLLSFLILI,1.07123500331272,0.0697873473753571,G,99999900.0
AVLLGTLLGLLLSFL,WT,LLLAVLLGTLLILLLSFLILI,clash,LLLAVLLGTLLGLLLSFLILI_1,1.1001100110011e+17,1.0,-85.0878,-83.1738,-74.0838,-214.624,-216.799,-236.596,-360.96,4442.86,3689.98,3621.34,-34.992,-35.4164,-96.2395,-96.4037,-50.28,-89.0104,50.6593,-35.7114,7.09713,6.69058,5.95047,-34.0618,-91.43,48.2927,-36.5962,-394.415,7.0472,6.73401,5.9584,1.0,LLLAVLLGTLLGLLLSFLILI,1.07123500331272,0.0697873473753571,G,99999900.0
YFLLGILLGVLLSLL,WT,LLLYFLLGILLIVLLSLLILI,clash,,,,,,,,,,,,,,,,,,,,,,,,,,,,,,,,,,,,,,
TLLLGVLLGFLLGIL,WT,LLLTLLLIVLLGFLLGILILI,clash,LLLTLLLGVLLGFLLGILILI_2,1.1001100110011e+17,1.0,-56.3341,-56.4243,-44.9313,-225.294,-224.609,-241.228,-340.112,4527.7,3612.26,3571.95,-42.3279,-39.0361,-100.812,-98.1145,-53.9534,-91.8775,43.6265,-45.3592,6.54818,6.1712,5.32559,-31.8196,-90.0074,38.3333,-42.1317,-373.032,6.7822,5.1761,4.2511,2.0,LLLTLLLGVLLGFLLGILILI,1.12410388780271,0.0440776240048503,G,99999900.0
TLLLGVLLGFLLGIL,WT,LLLTLLLIVLLGFLLGILILI,clash,LLLTLLLGVLLGFLLGILILI_1,1.1001100110011e+17,1.0,-56.4463,-56.416,-44.9313,-224.051,-222.43,-241.228,-340.112,4527.7,3590.98,3571.95,-41.6875,-37.8007,-101.302,-99.0669,-53.9534,-91.4103,43.1987,-44.2901,6.54001,6.04337,5.19135,-32.9638,-90.0074,38.3333,-42.1317,-373.032,6.7822,5.1761,4.2511,1.0,LLLTLLLGVLLGFLLGILILI,1.12410388780271,0.0440776240048503,G,99999900.0
TLLLGVLLGFLLGIL,WT,LLLTLLLIVLLGFLLGILILI,clash,LLLTLLLGVLLGFLLGILILI_0,1.1001100110011e+17,1.0,-56.4364,-52.3475,-44.9313,-221.549,-221.192,-241.228,-340.112,4527.7,3613.68,3571.95,-39.3563,-32.92,-101.483,-99.4924,-53.9534,-90.4635,40.9188,-44.0854,6.53436,5.59356,4.70734,-33.2349,-90.0074,38.3333,-42.1317,-373.032,6.7822,5.1761,4.2511,0.0,LLLTLLLGVLLGFLLGILILI,1.12410388780271,0.0440776240048503,G,99999900.0
TLLLGLLLGFLLSIL,WT,LLLTLLLILLLGFLLSILILI,clash,LLLTLLLGLLLGFLLSILILI_2,1.1001100110011e+17,1.0,-73.5792,-72.6378,-60.3038,-224.327,-225.348,-246.158,-368.568,4541.92,3624.3,3593.83,-40.6018,5.76227,-111.263,-64.8196,-62.1065,-92.5904,43.2583,-44.2212,6.80456,6.22843,5.37731,-31.6359,-95.1054,38.6706,-41.1733,-400.399,7.1293,5.98634,5.0664,2.0,LLLTLLLGLLLGFLLSILILI,1.29318664748594,0.0854507148990216,G,99999900.0
TLLLGLLLGFLLSIL,WT,LLLTLLLILLLGFLLSILILI,clash,LLLTLLLGLLLGFLLSILILI_1,1.1001100110011e+17,1.0,-74.2314,-67.3725,-60.3038,-225.411,-224.301,-246.158,-368.568,4541.92,3618.38,3593.83,-40.4092,-32.4992,-109.335,-109.393,-62.1065,-91.9155,44.392,-43.1748,6.83308,6.28024,5.44612,-31.9039,-95.1054,38.6706,-41.1733,-400.399,7.1293,5.98634,5.0664,1.0,LLLTLLLGLLLGFLLSILILI,1.29318664748594,0.0854507148990216,G,99999900.0
TLLLGLLLGFLLSIL,WT,LLLTLLLILLLGFLLSILILI,clash,LLLTLLLGLLLGFLLSILILI_0,1.1001100110011e+17,1.0,-66.8973,-66.9109,-60.3038,-224.405,-224.007,-246.158,-368.568,4541.92,3671.26,3593.83,-33.0241,-31.8316,-110.29,-109.482,-62.1065,-94.3482,40.0425,-41.8744,7.0765,6.05797,5.15861,-31.5222,-95.1054,38.6706,-41.1733,-400.399,7.1293,5.98634,5.0664,0.0,LLLTLLLGLLLGFLLSILILI,1.29318664748594,0.0854507148990216,G,99999900.0
ALLLGLLLGVLLGTL,WT,LLLALLLILLLGVLLGTLILI,clash,LLLALLLGLLLGVLLGTLILI_0,1.1001100110011e+17,1.0,-73.3916,-72.903,-58.7607,-208.767,-207.599,-231.843,-357.866,4472.7,3556.85,3447.38,-34.8478,-32.2146,-110.555,-109.579,-67.2624,-85.0261,56.1649,-34.3174,6.53376,6.83617,6.17865,-32.215,-81.7407,58.0906,-35.0,-390.081,6.5862,6.60334,5.9747,0.0,LLLALLLGLLLGVLLGTLILI,1.74607259560765,0.584363321142395,G,99999900.0
ALLLGLLLGVLLGTL,WT,LLLALLLILLLGVLLGTLILI,clash,LLLALLLGLLLGVLLGTLILI_2,1.1001100110011e+17,1.0,-73.2722,-74.4307,-58.7607,-211.496,-200.731,-231.843,-357.866,4472.7,3547.58,3447.38,-34.828,23.3654,-107.926,-59.339,-67.2624,-87.3676,56.4427,-36.1823,6.514,7.22491,6.57155,-32.1897,-81.7407,58.0906,-35.0,-390.081,6.5862,6.60334,5.9747,2.0,LLLALLLGLLLGVLLGTLILI,1.74607259560765,0.584363321142395,G,99999900.0
ALLLGLLLGVLLGTL,WT,LLLALLLILLLGVLLGTLILI,clash,LLLALLLGLLLGVLLGTLILI_1,1.1001100110011e+17,1.0,-74.4307,-73.3916,-58.7607,-204.202,-209.075,-231.843,-357.866,4472.7,3441.5,3447.38,-32.1996,-34.6041,-111.433,-110.003,-67.2624,-81.54,51.3419,-31.9312,6.49353,5.66216,4.93228,-31.7652,-81.7407,58.0906,-35.0,-390.081,6.5862,6.60334,5.9747,1.0,LLLALLLGLLLGVLLGTLILI,1.74607259560765,0.584363321142395,G,99999900.0
AFLLGTLLGLLLSVL,WT,LLLAFLLGTLLILLLSVLILI,clash,LLLAFLLGTLLGLLLSVLILI_2,1.1001100110011e+17,1.0,-83.5587,-82.8443,-74.0774,-219.969,-217.261,-237.012,-357.949,4518.62,3565.16,3567.54,-44.4495,-30.9745,-98.8707,-88.8176,-46.8596,-91.5073,54.2181,-36.2278,6.97475,7.54555,6.85882,-33.47,-91.43,48.2927,-36.5962,-390.482,7.0472,6.73401,5.9584,2.0,LLLAFLLGTLLGLLLSVLILI,1.25305294562461,0.0467976041696096,G,99999900.0
AFLLGTLLGLLLSVL,WT,LLLAFLLGTLLILLLSVLILI,clash,LLLAFLLGTLLGLLLSVLILI_1,1.1001100110011e+17,1.0,-85.6496,-82.5408,-74.0774,-217.412,-214.223,-237.012,-357.949,4518.62,3532.22,3567.54,-43.3347,-14.6509,-98.2225,-75.8355,-46.8596,-89.3294,52.7302,-37.4733,6.97206,7.01799,6.30894,-15.2895,-91.43,48.2927,-36.5962,-390.482,7.0472,6.73401,5.9584,1.0,LLLAFLLGTLLGLLLSVLILI,1.25305294562461,0.0467976041696096,G,99999900.0
AFLLGTLLGLLLSVL,WT,LLLAFLLGTLLILLLSVLILI,clash,LLLAFLLGTLLGLLLSVLILI_0,1.1001100110011e+17,1.0,-83.5291,-79.3482,-74.0774,-213.24,-215.962,-237.012,-357.949,4518.62,3538.77,3567.54,-38.6125,-32.5335,-99.7928,-95.1726,-46.8596,-88.5311,50.3592,-36.6211,6.94069,6.57816,5.83355,-32.4776,-91.43,48.2927,-36.5962,-390.482,7.0472,6.73401,5.9584,0.0,LLLAFLLGTLLGLLLSVLILI,1.25305294562461,0.0467976041696096,G,99999900.0
TFLLGALLGILLSLL,WT,LLLTFLLIALLGILLSLLILI,clash,LLLTFLLGALLGILLSLLILI_1,1.1001100110011e+17,1.0,-75.0733,-71.7627,-60.2746,-224.087,-224.201,-242.606,-357.483,4576.04,3598.52,3612.73,-42.2684,-35.3015,-100.591,-96.8205,-54.6024,-83.7188,57.1749,-42.1395,6.64092,6.77643,6.13405,-32.7373,-77.8631,56.6563,-43.9434,-390.872,6.8019,5.82806,5.1779,1.0,LLLTFLLGALLGILLSLLILI,1.06334640228536,0.031497104291464,G,99999900.0
TFLLGALLGILLSLL,WT,LLLTFLLIALLGILLSLLILI,clash,LLLTFLLGALLGILLSLLILI_0,1.1001100110011e+17,1.0,-71.7627,-70.3641,-60.2746,-224.511,-222.71,-242.606,-357.483,4576.04,3606.27,3612.73,-36.6819,-33.3893,-97.8914,-97.7984,-54.6024,-76.1016,61.7037,-44.2469,6.75783,6.24524,5.6708,-32.3202,-77.8631,56.6563,-43.9434,-390.872,6.8019,5.82806,5.1779,0.0,LLLTFLLGALLGILLSLLILI,1.06334640228536,0.031497104291464,G,99999900.0
TFLLGALLGILLSLL,WT,LLLTFLLIALLGILLSLLILI,clash,LLLTFLLGALLGILLSLLILI_2,1.1001100110011e+17,1.0,-71.7497,-75.0733,-60.2746,-223.895,-225.638,-242.606,-357.483,4576.04,3604.11,3612.73,-33.711,-26.8198,-95.5494,-83.5917,-54.6024,-78.6216,57.608,-44.7195,6.71909,6.07032,5.43444,-32.6303,-77.8631,56.6563,-43.9434,-390.872,6.8019,5.82806,5.1779,2.0,LLLTFLLGALLGILLSLLILI,1.06334640228536,0.031497104291464,G,99999900.0
AFLLGILLGVLLGLL,WT,LLLAFLLIILLGVLLGLLILI,clash,LLLAFLLGILLGVLLGLLILI_2,1.1001100110011e+17,1.0,-57.6431,-55.7754,-44.9385,-221.04,-218.928,-233.16,-333.262,4514.21,3397.71,3532.46,-43.1588,-34.7497,-97.7372,-93.3077,-55.163,-84.1688,43.2917,-39.5481,6.864,4.9697,4.11908,-34.7102,-82.2405,38.4729,-43.0414,-364.563,7.0713,4.02991,3.107,2.0,LLLAFLLGILLGVLLGLLILI,1.24319394082041,0.426605308340388,G,99999900.0
AFLLGILLGVLLGLL,WT,LLLAFLLIILLGVLLGLLILI,clash,LLLAFLLGILLGVLLGLLILI_1,1.1001100110011e+17,1.0,-55.7754,-56.2111,-44.9385,-217.869,-215.716,-233.16,-333.262,4514.21,3491.52,3532.46,-38.469,-23.6536,-98.086,-84.9886,-55.163,-78.2926,44.7674,-44.352,6.96624,4.28749,3.459,-27.6787,-82.2405,38.4729,-43.0414,-364.563,7.0713,4.02991,3.107,1.0,LLLAFLLGILLGVLLGLLILI,1.24319394082041,0.426605308340388,G,99999900.0
AFLLGILLGVLLGLL,WT,LLLAFLLIILLGVLLGLLILI,clash,LLLAFLLGILLGVLLGLLILI_0,1.1001100110011e+17,1.0,-56.2111,-51.3476,-44.9385,-215.756,-217.895,-233.16,-333.262,4514.21,3418.35,3532.46,-38.2316,-31.3012,-99.5259,-95.3205,-55.163,-82.3715,36.3464,-39.9924,6.85903,3.76249,2.80768,-31.0327,-82.2405,38.4729,-43.0414,-364.563,7.0713,4.02991,3.107,0.0,LLLAFLLGILLGVLLGLLILI,1.24319394082041,0.426605308340388,G,99999900.0
AVLLGTLLGFLLSLL,WT,LLLAVLLGTLLIFLLSLLILI,clash,LLLAVLLGTLLGFLLSLLILI_0,1.1001100110011e+17,1.0,-86.7772,-80.4555,-74.0235,-227.175,-216.642,-236.512,-359.74,4459.08,3660.3,3604.84,-44.8162,-31.4859,-90.6032,-94.1281,-49.2039,-80.5657,70.1706,-46.625,6.46946,8.05788,7.61044,-32.0485,-83.724,52.3747,-45.0,-391.225,6.6055,6.12918,5.4148,0.0,LLLAVLLGTLLGFLLSLLILI,1.18835863044311,0.135291560781727,G,99999900.0
AVLLGTLLGFLLSLL,WT,LLLAVLLGTLLIFLLSLLILI,clash,LLLAVLLGTLLGFLLSLLILI_2,1.1001100110011e+17,1.0,-83.7274,-84.1863,-74.0235,-222.408,-218.81,-236.512,-359.74,4459.08,3605.89,3604.84,-42.9005,-38.8172,-96.5044,-95.5608,-49.2039,-92.6132,51.0575,-43.7132,6.30429,7.28474,6.5506,-31.0921,-83.724,52.3747,-45.0,-391.225,6.6055,6.12918,5.4148,2.0,LLLAVLLGTLLGFLLSLLILI,1.18835863044311,0.135291560781727,G,99999900.0
AVLLGTLLGFLLSLL,WT,LLLAVLLGTLLIFLLSLLILI,clash,LLLAVLLGTLLGFLLSLLILI_1,1.1001100110011e+17,1.0,-85.2366,-78.3207,-74.0235,-219.276,-225.716,-236.512,-359.74,4459.08,3616.54,3604.84,-41.2016,-39.5926,-96.4284,-95.2954,-49.2039,-87.9077,51.9001,-43.609,6.40902,6.69266,5.97116,-31.463,-83.724,52.3747,-45.0,-391.225,6.6055,6.12918,5.4148,1.0,LLLAVLLGTLLGFLLSLLILI,1.18835863044311,0.135291560781727,G,99999900.0
VFLLGTLLGLLLAIL,WT,LLLVFLLGTLLILLLAILILI,clash,LLLVFLLGTLLGLLLAILILI_0,1.1001100110011e+17,1.0,-64.9773,-64.2166,-58.7628,-225.811,-216.086,-238.059,-349.424,4591.4,3606.47,3534.34,-44.5567,-30.0991,-103.193,-99.221,-52.6026,-87.4529,52.9113,-43.8875,6.39073,6.76096,6.05463,-31.8124,-79.8683,50.2537,-43.4125,-379.523,6.5,5.26449,4.5183,0.0,LLLVFLLGTLLGLLLAILILI,2.24858555072944,0.0886754297538368,G,99999900.0
VFLLGTLLGLLLAIL,WT,LLLVFLLGTLLILLLAILILI,clash,LLLVFLLGTLLGLLLAILILI_1,1.1001100110011e+17,1.0,-65.2586,-64.9773,-58.7628,-219.832,-224.553,-238.059,-349.424,4591.4,3552.24,3534.34,-38.778,-41.775,-103.111,-101.669,-52.6026,-85.6173,47.7093,-44.9716,6.45483,5.78335,4.99899,-30.5251,-79.8683,50.2537,-43.4125,-379.523,6.5,5.26449,4.5183,1.0,LLLVFLLGTLLGLLLAILILI,2.24858555072944,0.0886754297538368,G,99999900.0
VFLLGTLLGLLLAIL,WT,LLLVFLLGTLLILLLAILILI,clash,LLLVFLLGTLLGLLLAILILI_2,1.1001100110011e+17,1.0,-69.4297,-65.2586,-58.7628,-217.439,-218.903,-238.059,-349.424,4591.4,3596.06,3534.34,-33.6533,-29.8723,-96.2083,-95.1344,-52.6026,-84.2407,45.9048,-45.8263,6.471,5.33326,4.52183,-29.9072,-79.8683,50.2537,-43.4125,-379.523,6.5,5.26449,4.5183,2.0,LLLVFLLGTLLGLLLAILILI,2.24858555072944,0.0886754297538368,G,99999900.0
TFLLGLLLGVLLAIL,WT,LLLTFLLGLLLIVLLAILILI,clash,LLLTFLLGLLLGVLLAILILI_2,1.1001100110011e+17,1.0,-57.8427,-56.3001,-44.9935,-229.715,-228.945,-242.981,-346.411,4556.2,3546.43,3547.59,-43.8692,-41.6658,-102.722,-102.831,-58.4367,-84.3394,47.0499,-39.923,6.95915,5.50265,4.7084,-29.5888,-75.4208,48.7219,-40.9997,-376.918,7.4067,4.39057,3.6214,2.0,LLLTFLLGLLLGVLLAILILI,1.27307651819447,0.102104952495392,G,99999900.0
TFLLGLLLGVLLAIL,WT,LLLTFLLGLLLIVLLAILILI,clash,LLLTFLLGLLLGVLLAILILI_1,1.1001100110011e+17,1.0,-56.3001,-56.2434,-44.9935,-228.594,-228.149,-242.981,-346.411,4556.2,3550.7,3547.59,-41.8016,-40.8291,-103.318,-102.847,-58.4367,-82.8442,46.5458,-40.05,7.0279,5.21032,4.40851,-30.5773,-75.4208,48.7219,-40.9997,-376.918,7.4067,4.39057,3.6214,1.0,LLLTFLLGLLLGVLLAILILI,1.27307651819447,0.102104952495392,G,99999900.0
TFLLGLLLGVLLAIL,WT,LLLTFLLGLLLIVLLAILILI,clash,LLLTFLLGLLLGVLLAILILI_0,1.1001100110011e+17,1.0,-56.2434,-53.5015,-44.9935,-227.98,-226.244,-242.981,-346.411,4556.2,3545.86,3547.59,-41.1178,-30.5072,-103.305,-97.1721,-58.4367,-70.5503,59.3635,-39.654,6.98867,5.09661,4.48706,-30.6966,-75.4208,48.7219,-40.9997,-376.918,7.4067,4.39057,3.6214,0.0,LLLTFLLGLLLGVLLAILILI,1.27307651819447,0.102104952495392,G,99999900.0
TYLLGVLLGLLLGFL,WT,LLLTYLLGVLLILLLGFLILI,clash,LLLTYLLGVLLGLLLGFLILI_0,1.1001100110011e+17,1.0,-59.0906,-57.3899,-44.9134,-229.67,-226.723,-248.28,-336.902,4591.86,3576.56,3512.19,-42.2293,-30.0874,-90.3713,-82.8764,-43.709,-65.1604,53.428,-36.0875,6.50696,3.48684,2.78826,-28.7779,-70.6256,40.5984,-41.2559,-366.99,6.8843,2.57462,1.6836,0.0,LLLTYLLGVLLGLLLGFLILI,0.923756120831043,0.105430174997114,G,99999900.0
TYLLGVLLGLLLGFL,WT,LLLTYLLGVLLILLLGFLILI,clash,LLLTYLLGVLLGLLLGFLILI_1,1.1001100110011e+17,1.0,-58.5439,-56.1862,-44.9134,-227.497,-228.129,-248.28,-336.902,4591.86,3616.24,3512.19,-38.4288,-33.7206,-89.2898,-86.3073,-43.709,-78.477,34.8983,-39.873,6.56471,2.98283,2.0063,-31.1673,-70.6256,40.5984,-41.2559,-366.99,6.8843,2.57462,1.6836,1.0,LLLTYLLGVLLGLLLGFLILI,0.923756120831043,0.105430174997114,G,99999900.0
TYLLGVLLGLLLGFL,WT,LLLTYLLGVLLILLLGFLILI,clash,LLLTYLLGVLLGLLLGFLILI_2,1.1001100110011e+17,1.0,-57.5085,-55.454,-44.9134,-226.913,-227.566,-248.28,-336.902,4591.86,3661.66,3512.19,-34.1023,-19.7865,-86.5827,-73.6687,-43.709,-72.6921,35.996,-43.0119,6.54596,2.26327,1.30321,-29.6979,-70.6256,40.5984,-41.2559,-366.99,6.8843,2.57462,1.6836,2.0,LLLTYLLGVLLGLLLGFLILI,0.923756120831043,0.105430174997114,G,99999900.0
AYLLGLLLGFLLGTL,WT,LLLAYLLGLLLIFLLGTLILI,clash,LLLAYLLGLLLGFLLGTLILI_0,1.1001100110011e+17,1.0,-70.6754,-65.9749,-58.747,-220.524,-218.405,-239.727,-334.591,4547.34,3517.12,3497.32,-39.4923,-30.3773,-82.8832,-80.5887,-36.1169,-86.2948,43.4535,-35.9131,6.92225,5.31043,4.46224,-30.3388,-87.7841,38.6606,-35.7467,-364.968,7.5,4.88679,3.9667,0.0,LLLAYLLGLLLGFLLGTLILI,1.16050957729258,0.0332530740735525,G,99999900.0
AYLLGLLLGFLLGTL,WT,LLLAYLLGLLLIFLLGTLILI,clash,LLLAYLLGLLLGFLLGTLILI_1,1.1001100110011e+17,1.0,-75.9299,-70.5559,-58.747,-221.383,-220.533,-239.727,-334.591,4547.34,3601.09,3497.32,-38.9918,-15.8131,-76.2699,-59.3155,-36.1169,-84.8195,45.7954,-40.3918,6.79251,5.4053,4.59223,-29.7804,-87.7841,38.6606,-35.7467,-364.968,7.5,4.88679,3.9667,1.0,LLLAYLLGLLLGFLLGTLILI,1.16050957729258,0.0332530740735525,G,99999900.0
AYLLGLLLGFLLGTL,WT,LLLAYLLGLLLIFLLGTLILI,clash,LLLAYLLGLLLGFLLGTLILI_2,1.1001100110011e+17,1.0,-71.8616,-75.3228,-58.747,-220.023,-221.545,-239.727,-334.591,4547.34,3502.82,3497.32,-38.7831,1529.29,-81.4893,1491.56,-36.1169,-89.2745,39.1826,-36.896,7.00619,5.18083,4.26857,-29.7235,-87.7841,38.6606,-35.7467,-364.968,7.5,4.88679,3.9667,2.0,LLLAYLLGLLLGFLLGTLILI,1.16050957729258,0.0332530740735525,G,99999900.0
ALLLGFLLGTLLGVL,WT,LLLALLLGFLLITLLGVLILI,clash,LLLALLLGFLLGTLLGVLILI_0,1.1001100110011e+17,1.0,-73.0889,-67.0194,-58.6797,-214.289,-209.484,-232.75,-340.691,4439.35,3397.92,3396.18,-43.5706,-29.9398,-96.883,-94.1274,-49.2612,-80.3642,52.6536,-34.8096,7.0524,5.66287,4.95268,-30.3321,-82.6456,43.881,-35.0,-370.631,7.5,4.82078,3.979,0.0,LLLALLLGFLLGTLLGVLILI,1.15817359290745,0.0622825330507229,G,99999900.0
ALLLGFLLGTLLGVL,WT,LLLALLLGFLLITLLGVLILI,clash,LLLALLLGFLLGTLLGVLILI_1,1.1001100110011e+17,1.0,-74.1151,-73.0889,-58.6797,-212.163,-214.898,-232.75,-340.691,4439.35,3456.43,3396.18,-42.327,-43.2389,-96.7395,-95.9425,-49.2612,-82.2241,48.662,-36.2726,7.07788,5.40298,4.63291,-39.1731,-82.6456,43.881,-35.0,-370.631,7.5,4.82078,3.979,1.0,LLLALLLGFLLGTLLGVLILI,1.15817359290745,0.0622825330507229,G,99999900.0
ALLLGFLLGTLLGVL,WT,LLLALLLGFLLITLLGVLILI,clash,LLLALLLGFLLGTLLGVLILI_2,1.1001100110011e+17,1.0,-74.0508,-74.1156,-58.6797,-211.764,-212.61,-232.75,-340.691,4439.35,3409.85,3396.18,-42.3074,178.425,-97.1831,124.459,-49.2612,-82.1505,48.3321,-36.0626,7.08922,5.34741,4.57239,-31.334,-82.6456,43.881,-35.0,-370.631,7.5,4.82078,3.979,2.0,LLLALLLGFLLGTLLGVLILI,1.15817359290745,0.0622825330507229,G,99999900.0
YLLLGILLGTLLAFL,WT,LLLYLLLGILLITLLAFLILI,clash,LLLYLLLGILLGTLLAFLILI_2,1.1001100110011e+17,1.0,-68.611,-66.8357,-58.7109,-231.654,-227.941,-246.075,-344.092,4623.77,3753.06,3601.64,-36.8294,-29.2519,-80.6564,-78.5676,-39.3058,-76.2714,38.32,-43.0741,6.84545,3.11392,2.18872,-29.278,-70.6256,40.5984,-41.2559,-372.954,6.8843,2.57462,1.6836,2.0,LLLYLLLGILLGTLLAFLILI,0.599992801868481,0.0507915821924511,G,99999900.0
YLLLGILLGTLLAFL,WT,LLLYLLLGILLITLLAFLILI,clash,LLLYLLLGILLGTLLAFLILI_1,1.1001100110011e+17,1.0,-66.8357,-67.541,-58.7109,-225.684,-229.753,-246.075,-344.092,4623.77,3808.0,3601.64,-35.4527,-31.9034,-87.0247,-78.7014,-39.3058,-75.3785,34.0601,-48.0507,6.78926,2.40488,1.41578,-28.8654,-70.6256,40.5984,-41.2559,-372.954,6.8843,2.57462,1.6836,1.0,LLLYLLLGILLGTLLAFLILI,0.599992801868481,0.0507915821924511,G,99999900.0
YLLLGILLGTLLAFL,WT,LLLYLLLGILLITLLAFLILI,clash,LLLYLLLGILLGTLLAFLILI_0,1.1001100110011e+17,1.0,-67.541,-68.6978,-58.7109,-229.089,-227.432,-246.075,-344.092,4623.77,3789.76,3601.64,-33.1123,-28.8618,-80.5747,-76.8237,-39.3058,-74.4456,38.5442,-43.7315,6.85856,2.87031,1.94848,-28.1844,-70.6256,40.5984,-41.2559,-372.954,6.8843,2.57462,1.6836,0.0,LLLYLLLGILLGTLLAFLILI,0.599992801868481,0.0507915821924511,G,99999900.0
YFLLGALLGALLTLL,WT,LLLYFLLIALLGALLTLLILI,clash,LLLYFLLGALLGALLTLLILI_0,1.1001100110011e+17,1.0,-67.2616,-66.6434,-58.7485,-227.514,-219.052,-242.947,-334.144,4683.31,3720.89,3666.68,-41.0474,-28.4214,-80.416,-76.8704,-32.4492,-61.0334,75.5344,-43.6377,6.3829,5.85215,5.48517,-27.9297,-66.3975,59.5778,-41.2506,-362.566,6.5088,4.50263,3.8963,0.0,LLLYFLLGALLGALLTLLILI,1.32348486335914,0.187142791476075,G,99999900.0
YFLLGALLGALLTLL,WT,LLLYFLLIALLGALLTLLILI,clash,LLLYFLLGALLGALLTLLILI_1,1.1001100110011e+17,1.0,-68.186,-67.2616,-58.7485,-223.474,-226.264,-242.947,-334.144,4683.31,3691.61,3666.68,-36.4984,-35.7182,-78.9828,-76.3373,-32.4492,-69.174,61.1912,-43.248,6.37768,5.1369,4.55477,-28.7263,-66.3975,59.5778,-41.2506,-362.566,6.5088,4.50263,3.8963,1.0,LLLYFLLGALLGALLTLLILI,1.32348486335914,0.187142791476075,G,99999900.0
YFLLGALLGALLTLL,WT,LLLYFLLIALLGALLTLLILI,clash,LLLYFLLGALLGALLTLLILI_2,1.1001100110011e+17,1.0,-66.1248,-68.186,-58.7485,-222.263,-222.261,-242.947,-334.144,4683.31,3776.23,3666.68,-34.9259,-32.1318,-80.6822,-75.8291,-32.4492,-68.053,60.3155,-43.6185,6.54705,4.85054,4.25527,-28.4653,-66.3975,59.5778,-41.2506,-362.566,6.5088,4.50263,3.8963,2.0,LLLYFLLGALLGALLTLLILI,1.32348486335914,0.187142791476075,G,99999900.0
YVLLGALLGILLTLL,WT,LLLYVLLIALLGILLTLLILI,clash,LLLYVLLGALLGILLTLLILI_0,1.1001100110011e+17,1.0,-67.581,-66.8813,-58.7202,-222.276,-219.4,-243.993,-355.39,4577.17,3713.97,3707.28,-33.5505,-28.7808,-99.0838,-97.8896,-52.6768,-79.0724,56.9607,-46.8199,6.65198,6.05056,5.40497,-29.2053,-72.8097,60.8563,-43.7016,-384.171,6.839,5.63706,5.0499,0.0,LLLYVLLGALLGILLTLLILI,1.00508181968679,0.0324870942173313,G,99999900.0
YVLLGALLGILLTLL,WT,LLLYVLLIALLGILLTLLILI,clash,LLLYVLLGALLGILLTLLILI_1,1.1001100110011e+17,1.0,-67.7568,-67.581,-58.7202,-220.509,-222.366,-243.993,-355.39,4577.17,3661.72,3707.28,-31.4535,-30.9651,-98.5778,-96.408,-52.6768,-75.6978,59.4847,-44.2239,6.70034,5.88511,5.27738,-29.12,-72.8097,60.8563,-43.7016,-384.171,6.839,5.63706,5.0499,1.0,LLLYVLLGALLGILLTLLILI,1.00508181968679,0.0324870942173313,G,99999900.0
YVLLGALLGILLTLL,WT,LLLYVLLIALLGILLTLLILI,clash,LLLYVLLGALLGILLTLLILI_2,1.1001100110011e+17,1.0,-67.8268,-67.7568,-58.7202,-220.15,-220.337,-243.993,-355.39,4577.17,3665.12,3707.28,-31.2227,-31.0275,-98.6356,-98.3232,-52.6768,-75.0627,59.6907,-43.9772,6.70621,5.81765,5.21302,-28.8487,-72.8097,60.8563,-43.7016,-384.171,6.839,5.63706,5.0499,2.0,LLLYVLLGALLGILLTLLILI,1.00508181968679,0.0324870942173313,G,99999900.0
TLLLGVLLGLLLSFL,WT,LLLTLLLGVLLILLLSFLILI,clash,LLLTLLLGVLLGLLLSFLILI_2,1.1001100110011e+17,1.0,-74.1693,-70.0711,-60.2651,-225.68,-225.599,-244.489,-366.329,4528.47,3682.72,3616.45,-41.6048,-29.9877,-108.085,-100.647,-61.5752,-91.6228,42.273,-44.4742,6.69942,5.95029,5.08438,-29.3834,-90.5341,38.8599,-43.0148,-393.633,7.0298,5.3262,4.4091,2.0,LLLTLLLGVLLGLLLSFLILI,1.54419093239277,0.685361623927181,G,99999900.0
TLLLGVLLGLLLSFL,WT,LLLTLLLGVLLILLLSFLILI,clash,LLLTLLLGVLLGLLLSFLILI_1,1.1001100110011e+17,1.0,-73.2461,-71.1561,-60.2651,-225.695,-223.043,-244.489,-366.329,4528.47,3677.63,3616.45,-39.84,-26.619,-107.228,-98.7491,-61.5752,-89.5222,41.982,-45.3795,6.73083,5.5959,4.72563,-28.1798,-90.5341,38.8599,-43.0148,-393.633,7.0298,5.3262,4.4091,1.0,LLLTLLLGVLLGLLLSFLILI,1.54419093239277,0.685361623927181,G,99999900.0
TLLLGVLLGLLLSFL,WT,LLLTLLLGVLLILLLSFLILI,clash,LLLTLLLGVLLGLLLSFLILI_0,1.1001100110011e+17,1.0,-73.7686,-67.4604,-60.2651,-223.169,-224.231,-244.489,-366.329,4528.47,3683.34,3616.45,-38.0804,-27.304,-107.472,-101.942,-61.5752,-90.223,37.5775,-44.7528,6.69521,5.10641,4.17008,-29.4006,-90.5341,38.8599,-43.0148,-393.633,7.0298,5.3262,4.4091,0.0,LLLTLLLGVLLGLLLSFLILI,1.54419093239277,0.685361623927181,G,99999900.0
AYLLGTLLGILLALL,WT,LLLAYLLGTLLIILLALLILI,clash,LLLAYLLGTLLGILLALLILI_2,1.1001100110011e+17,1.0,-65.4653,-63.9125,-58.7536,-220.017,-218.495,-240.561,-354.785,4508.72,3619.32,3577.36,-30.3295,-21.888,-99.6324,-94.2661,-55.471,-75.0439,52.1893,-41.4683,6.76154,4.80215,4.08499,-26.396,-71.7752,52.5548,-41.6943,-381.712,6.762,4.36118,3.6495,2.0,LLLAYLLGTLLGILLALLILI,1.05616865551816,0.184956962821959,G,99999900.0
AYLLGTLLGILLALL,WT,LLLAYLLGTLLIILLALLILI,clash,LLLAYLLGTLLGILLALLILI_0,1.1001100110011e+17,1.0,-69.8169,-65.7668,-58.7536,-220.186,-218.329,-240.561,-354.785,4508.72,3649.89,3577.36,-27.3635,-26.9265,-92.1459,-97.6155,-55.471,-72.9064,50.353,-47.1725,6.72721,4.23362,3.48892,-26.6425,-71.7752,52.5548,-41.6943,-381.712,6.762,4.36118,3.6495,0.0,LLLAYLLGTLLGILLALLILI,1.05616865551816,0.184956962821959,G,99999900.0
AYLLGTLLGILLALL,WT,LLLAYLLGTLLIILLALLILI,clash,LLLAYLLGTLLGILLALLILI_1,1.1001100110011e+17,1.0,-72.7664,-61.6265,-58.7536,-218.009,-219.388,-240.561,-354.785,4508.72,3614.29,3577.36,-27.3041,-8.00452,-91.3143,-81.7753,-55.471,-73.1637,49.5145,-44.4023,6.59774,4.15901,3.40172,-26.8493,-71.7752,52.5548,-41.6943,-381.712,6.762,4.36118,3.6495,1.0,LLLAYLLGTLLGILLALLILI,1.05616865551816,0.184956962821959,G,99999900.0
TFLLGLLLGYLLSVL,WT,LLLTFLLGLLLIYLLSVLILI,clash,LLLTFLLGLLLGYLLSVLILI_2,1.1001100110011e+17,1.0,-76.1851,-72.4867,-60.1731,-228.383,-227.754,-247.904,-350.725,4610.63,3521.68,3565.63,-47.2884,29.6607,-93.4447,-20.8233,-42.6472,-88.7479,49.865,-43.1156,6.69552,6.54396,5.79194,-21.9817,-85.0833,46.26,-43.2731,-378.673,7.339,5.5076,4.7015,2.0,LLLTFLLGLLLGYLLSVLILI,1.46489086060566,0.125376264792153,G,99999900.0
TFLLGLLLGYLLSVL,WT,LLLTFLLGLLLIYLLSVLILI,clash,LLLTFLLGLLLGYLLSVLILI_0,1.1001100110011e+17,1.0,-76.1374,-64.9464,-60.1731,-223.706,-226.644,-247.904,-350.725,4610.63,3518.34,3565.63,-42.2996,-27.9479,-93.1813,-87.0818,-42.6472,-83.3101,47.0529,-43.3683,6.74536,5.34866,4.55445,-28.1453,-85.0833,46.26,-43.2731,-378.673,7.339,5.5076,4.7015,0.0,LLLTFLLGLLLGYLLSVLILI,1.46489086060566,0.125376264792153,G,99999900.0
TFLLGLLLGYLLSVL,WT,LLLTFLLGLLLIYLLSVLILI,clash,LLLTFLLGLLLGYLLSVLILI_1,1.1001100110011e+17,1.0,-73.2306,-76.279,-60.1731,-227.803,-224.66,-247.904,-350.725,4610.63,3537.3,3565.63,-39.6584,83.4324,-89.3499,33.6469,-42.6472,-85.4621,48.0273,-44.9721,6.79001,5.80301,5.02342,-23.3665,-85.0833,46.26,-43.2731,-378.673,7.339,5.5076,4.7015,1.0,LLLTFLLGLLLGYLLSVLILI,1.46489086060566,0.125376264792153,G,99999900.0
ALLLGVLLGTLLSFL,WT,LLLALLLGVLLITLLSFLILI,clash,LLLALLLGVLLGTLLSFLILI_0,1.1001100110011e+17,1.0,-84.9944,-84.1744,-74.0352,-227.397,-217.479,-235.988,-360.126,4480.58,3695.16,3692.74,-40.5331,-27.1,-88.2669,-85.572,-50.1029,-98.9353,46.1511,-39.886,6.72577,7.57069,6.76295,-25.1109,-93.9928,36.7785,-43.1657,-387.226,6.6465,5.56402,4.6157,0.0,LLLALLLGVLLGTLLSFLILI,1.1848675727817,0.107374062232621,G,99999900.0
ALLLGVLLGTLLSFL,WT,LLLALLLGVLLITLLSFLILI,clash,LLLALLLGVLLGTLLSFLILI_1,1.1001100110011e+17,1.0,-83.4603,-80.743,-74.0352,-223.409,-227.377,-235.988,-360.126,4480.58,3718.18,3692.74,-34.9997,-35.3338,-88.2556,-87.3398,-50.1029,-98.2462,43.1063,-36.8402,6.8919,7.05628,6.20287,-27.0867,-93.9928,36.7785,-43.1657,-387.226,6.6465,5.56402,4.6157,1.0,LLLALLLGVLLGTLLSFLILI,1.1848675727817,0.107374062232621,G,99999900.0
ALLLGVLLGTLLSFL,WT,LLLALLLGVLLITLLSFLILI,clash,LLLALLLGVLLGTLLSFLILI_2,1.1001100110011e+17,1.0,-84.544,-78.0075,-74.0352,-220.038,-223.16,-235.988,-360.126,4480.58,3678.14,3692.74,-33.0838,-2.8081,-88.6269,-61.7662,-50.1029,-97.2677,39.3353,-39.446,6.75464,6.40042,5.49045,-27.8248,-93.9928,36.7785,-43.1657,-387.226,6.6465,5.56402,4.6157,2.0,LLLALLLGVLLGTLLSFLILI,1.1848675727817,0.107374062232621,G,99999900.0
AFLLGILLGLLLGTL,WT,LLLAFLLIILLGLLLGTLILI,clash,LLLAFLLGILLGLLLGTLILI_2,1.1001100110011e+17,1.0,-70.5064,-69.3878,-58.7173,-223.863,-223.827,-235.103,-340.46,4540.38,3422.69,3478.64,-50.8416,12.7118,-96.9319,-34.5337,-46.6394,-78.0792,36.5117,-38.9511,6.48499,3.14097,2.18864,-26.5298,-72.6874,32.4259,-40.8381,-366.994,7.0033,1.78061,0.766999,2.0,LLLAFLLGILLGLLLGTLILI,1.27425724271787,0.0614215747827113,G,99999900.0
AFLLGILLGLLLGTL,WT,LLLAFLLIILLGLLLGTLILI,clash,LLLAFLLGILLGLLLGTLILI_1,1.1001100110011e+17,1.0,-69.3878,-69.0432,-58.7173,-224.601,-224.574,-235.103,-340.46,4540.38,3382.35,3478.64,-49.4894,-9.11749,-95.9602,-55.9606,-46.6394,-78.1222,37.392,-36.9077,6.68175,3.26624,2.32712,-26.1966,-72.6874,32.4259,-40.8381,-366.994,7.0033,1.78061,0.766999,1.0,LLLAFLLGILLGLLLGTLILI,1.27425724271787,0.0614215747827113,G,99999900.0
AFLLGILLGLLLGTL,WT,LLLAFLLIILLGLLLGTLILI,clash,LLLAFLLGILLGLLLGTLILI_0,1.1001100110011e+17,1.0,-69.0532,-64.1054,-58.7173,-224.472,-219.09,-235.103,-340.46,4540.38,3410.15,3478.64,-49.0338,-26.5341,-95.968,-83.7989,-46.6394,-76.5506,39.9221,-37.7795,6.67542,3.37208,2.47091,-25.9999,-72.6874,32.4259,-40.8381,-366.994,7.0033,1.78061,0.766999,0.0,LLLAFLLGILLGLLLGTLILI,1.27425724271787,0.0614215747827113,G,99999900.0
TFLLGVLLGLLLAIL,WT,LLLTFLLGVLLILLLAILILI,clash,LLLTFLLGVLLGLLLAILILI_1,1.1001100110011e+17,1.0,-55.4099,-54.638,-44.9375,-221.923,-220.936,-243.242,-347.049,4587.11,3570.19,3575.06,-34.1083,-28.4466,-103.824,-99.9219,-58.8693,-83.5798,39.641,-43.9883,6.72259,4.38851,3.48313,-26.498,-80.0044,42.005,-45.0,-373.697,7.041,4.17133,3.3014,1.0,LLLTFLLGVLLGLLLAILILI,1.28002384172293,0.0616719121311751,G,99999900.0
TFLLGVLLGLLLAIL,WT,LLLTFLLGVLLILLLAILILI,clash,LLLTFLLGVLLGLLLAILILI_2,1.1001100110011e+17,1.0,-55.2478,-55.4099,-44.9375,-223.423,-221.446,-243.242,-347.049,4587.11,3567.58,3575.06,-33.2852,-32.905,-101.664,-103.098,-58.8693,-84.434,39.9236,-45.6613,6.7225,4.55479,3.65364,-26.7216,-80.0044,42.005,-45.0,-373.697,7.041,4.17133,3.3014,2.0,LLLTFLLGVLLGLLLAILILI,1.28002384172293,0.0616719121311751,G,99999900.0
TFLLGVLLGLLLAIL,WT,LLLTFLLGVLLILLLAILILI,clash,LLLTFLLGVLLGLLLAILILI_0,1.1001100110011e+17,1.0,-54.638,-52.6278,-44.9375,-220.992,-221.555,-243.242,-347.049,4587.11,3572.31,3575.06,-31.2294,-26.6484,-102.648,-99.5149,-58.8693,-82.1737,38.229,-45.7467,6.62181,3.98697,3.0604,-26.7164,-80.0044,42.005,-45.0,-373.697,7.041,4.17133,3.3014,0.0,LLLTFLLGVLLGLLLAILILI,1.28002384172293,0.0616719121311751,G,99999900.0
YFLLAVLLGLLLGTL,WT,LLLYFLLIVLLGLLLGTLILI,clash,LLLYFLLAVLLGLLLGTLILI_0,1.1001100110011e+17,1.0,-62.4705,-60.3616,-58.7556,-230.136,-227.336,-244.883,-337.368,4699.11,3567.92,3581.88,-29.4048,-23.8917,-74.1664,-73.5613,-33.7288,-73.0152,36.8474,-41.5935,6.86622,2.42668,1.47939,-22.3846,-71.1719,34.5088,-41.0473,-361.259,6.9662,1.83447,0.852102,0.0,LLLYFLLAVLLGLLLGTLILI,0.355201218388072,0.0646106823000925,G,99999900.0
YFLLAVLLGLLLGTL,WT,LLLYFLLIVLLGLLLGTLILI,clash,LLLYFLLAVLLGLLLGTLILI_2,1.1001100110011e+17,1.0,-62.6236,-62.4848,-58.7556,-229.478,-229.076,-244.883,-337.368,4699.11,3662.45,3581.88,-28.6288,-28.2837,-73.8944,-74.0902,-33.7288,-72.9028,36.2837,-41.7276,6.8618,2.33372,1.37798,-23.3841,-71.1719,34.5088,-41.0473,-361.259,6.9662,1.83447,0.852102,2.0,LLLYFLLAVLLGLLLGTLILI,0.355201218388072,0.0646106823000925,G,99999900.0
YFLLAVLLGLLLGTL,WT,LLLYFLLIVLLGLLLGTLILI,clash,LLLYFLLAVLLGLLLGTLILI_1,1.1001100110011e+17,1.0,-62.4848,-62.4705,-58.7556,-229.264,-229.973,-244.883,-337.368,4699.11,3552.92,3581.88,-28.5434,-29.2372,-74.1618,-74.1611,-33.7288,-72.5548,36.0143,-41.6633,6.86853,2.24514,1.28535,-24.5347,-71.1719,34.5088,-41.0473,-361.259,6.9662,1.83447,0.852102,1.0,LLLYFLLAVLLGLLLGTLILI,0.355201218388072,0.0646106823000925,G,99999900.0
YLLLGALLGALLTFL,WT,LLLYLLLGALLIALLTFLILI,clash,LLLYLLLGALLGALLTFLILI_0,1.1001100110011e+17,1.0,-66.9161,-66.9258,-58.7574,-224.871,-218.148,-242.063,-337.181,4598.7,3792.53,3670.42,-34.3203,-24.1876,-79.7139,-76.2947,-36.3602,-66.7136,73.9978,-42.2511,6.41222,6.49675,6.10672,-24.0426,-68.1028,64.3439,-40.6526,-361.368,6.5,5.40184,4.867,0.0,LLLYLLLGALLGALLTFLILI,1.16660420051925,0.107684986330345,G,99999900.0
YLLLGALLGALLTFL,WT,LLLYLLLGALLIALLTFLILI,clash,LLLYLLLGALLGALLTFLILI_2,1.1001100110011e+17,1.0,-68.0108,-67.8591,-58.7574,-218.936,-219.072,-242.063,-337.181,4598.7,3793.34,3670.42,-29.534,-27.6154,-79.7679,-77.8647,-36.3602,-73.9592,59.0007,-41.8971,6.42571,5.55898,4.94399,-24.0774,-68.1028,64.3439,-40.6526,-361.368,6.5,5.40184,4.867,2.0,LLLYLLLGALLGALLTFLILI,1.16660420051925,0.107684986330345,G,99999900.0
YLLLGALLGALLTFL,WT,LLLYLLLGALLIALLTFLILI,clash,LLLYLLLGALLGALLTFLILI_1,1.1001100110011e+17,1.0,-67.8591,-66.9161,-58.7574,-218.475,-225.34,-242.063,-337.181,4598.7,3793.11,3670.42,-29.4913,-32.6534,-80.338,-77.5777,-36.3602,-73.7538,58.2656,-42.8801,6.39194,5.42893,4.80291,-23.8781,-68.1028,64.3439,-40.6526,-361.368,6.5,5.40184,4.867,1.0,LLLYLLLGALLGALLTFLILI,1.16660420051925,0.107684986330345,G,99999900.0
ALLLGLLLGTLLSFL,WT,LLLALLLGLLLITLLSFLILI,clash,LLLALLLGLLLGTLLSFLILI_1,1.1001100110011e+17,1.0,-90.5454,-80.5523,-74.0307,-224.816,-222.16,-237.459,-366.307,4524.66,3683.02,3527.6,-45.3082,-32.7171,-96.2527,-96.3114,-54.8169,-87.0739,56.8671,-40.8239,6.65379,7.23815,6.59115,-24.3603,-76.1776,59.1137,-38.6839,-390.64,6.9104,5.90699,5.2937,1.0,LLLALLLGLLLGTLLSFLILI,1.0869506636484,0.0593563501212405,G,99999900.0
ALLLGLLLGTLLSFL,WT,LLLALLLGLLLITLLSFLILI,clash,LLLALLLGLLLGTLLSFLILI_0,1.1001100110011e+17,1.0,-80.5523,-77.7444,-74.0307,-222.887,-216.294,-237.459,-366.307,4524.66,3685.96,3527.6,-34.365,-24.3331,-97.2318,-96.6009,-54.8169,-82.5441,60.1001,-39.4121,6.67622,6.99514,6.39664,-23.581,-76.1776,59.1137,-38.6839,-390.64,6.9104,5.90699,5.2937,0.0,LLLALLLGLLLGTLLSFLILI,1.0869506636484,0.0593563501212405,G,99999900.0
ALLLGLLLGTLLSFL,WT,LLLALLLGLLLITLLSFLILI,clash,LLLALLLGLLLGTLLSFLILI_2,1.1001100110011e+17,1.0,-80.5018,-78.152,-74.0307,-219.49,-223.203,-237.459,-366.307,4524.66,3671.05,3527.6,-31.2124,-30.0952,-97.5274,-95.0469,-54.8169,-80.1787,58.9859,-38.2864,6.70802,6.48991,5.8747,-24.4125,-76.1776,59.1137,-38.6839,-390.64,6.9104,5.90699,5.2937,2.0,LLLALLLGLLLGTLLSFLILI,1.0869506636484,0.0593563501212405,G,99999900.0
YVLLGLLLGFLLSTL,WT,LLLYVLLILLLGFLLSTLILI,clash,LLLYVLLGLLLGFLLSTLILI_0,1.1001100110011e+17,1.0,-86.4739,-74.0812,-74.0812,-242.653,-235.245,-247.155,-355.479,4610.22,3646.56,3688.67,-52.2115,-24.2769,-78.5637,-70.4301,-34.2426,-88.1964,44.0461,-45.6889,6.65429,5.67568,4.83637,-24.2345,-92.7718,28.0376,-44.4465,-379.756,7.5,4.20084,3.1214,0.0,LLLYVLLGLLLGFLLSTLILI,1.08598453807853,0.0154232562675144,G,99999900.0
YVLLGLLLGFLLSTL,WT,LLLYVLLILLLGFLLSTLILI,clash,LLLYVLLGLLLGFLLSTLILI_2,1.1001100110011e+17,1.0,-83.6666,-74.0812,-74.0812,-239.227,-241.035,-247.155,-355.479,4610.22,3671.06,3688.67,-47.3712,-21.0527,-79.9565,-61.4159,-34.2426,-90.1326,37.2503,-45.011,6.79507,5.04869,4.10744,-23.2927,-92.7718,28.0376,-44.4465,-379.756,7.5,4.20084,3.1214,2.0,LLLYVLLGLLLGFLLSTLILI,1.08598453807853,0.0154232562675144,G,99999900.0
YVLLGLLLGFLLSTL,WT,LLLYVLLILLLGFLLSTLILI,clash,LLLYVLLGLLLGFLLSTLILI_1,1.1001100110011e+17,1.0,-74.0812,-83.7697,-74.0812,-241.332,-240.429,-247.155,-355.479,4610.22,3799.13,3688.67,-29.0471,127.517,-69.113,96.2364,-34.2426,-101.744,25.4323,-43.2988,7.39181,5.19494,4.07642,-24.2337,-92.7718,28.0376,-44.4465,-379.756,7.5,4.20084,3.1214,1.0,LLLYVLLGLLLGFLLSTLILI,1.08598453807853,0.0154232562675144,G,99999900.0
YFLLALLLGVLLGTL,WT,LLLYFLLILLLGVLLGTLILI,clash,LLLYFLLALLLGVLLGTLILI_0,1.1001100110011e+17,1.0,-60.0935,-64.6672,-58.7258,-233.5,-221.74,-245.325,-337.758,4656.96,3578.12,3510.02,-28.6578,-23.7551,-72.8225,-75.1056,-33.7069,-83.5165,41.0163,-32.018,7.80494,4.56468,3.67992,-23.3286,-72.2097,37.011,-35.0,-361.513,7.3038,2.32794,1.3831,0.0,LLLYFLLALLLGVLLGTLILI,0.381083896597966,0.0885119198706142,G,99999900.0
YFLLALLLGVLLGTL,WT,LLLYFLLILLLGVLLGTLILI,clash,LLLYFLLALLLGVLLGTLILI_2,1.1001100110011e+17,1.0,-63.9711,-63.7106,-58.7258,-224.899,-223.317,-245.325,-337.758,4656.96,3552.87,3510.02,-27.1892,-25.7416,-76.077,-76.4717,-33.7069,-73.9693,38.9562,-35.4809,7.35216,2.85448,1.93883,-22.5103,-72.2097,37.011,-35.0,-361.513,7.3038,2.32794,1.3831,2.0,LLLYFLLALLLGVLLGTLILI,0.381083896597966,0.0885119198706142,G,99999900.0
YFLLALLLGVLLGTL,WT,LLLYFLLILLLGVLLGTLILI,clash,LLLYFLLALLLGVLLGTLILI_1,1.1001100110011e+17,1.0,-63.7106,-60.1612,-58.7258,-223.559,-231.763,-245.325,-337.758,4656.96,3553.26,3510.02,-26.4895,36.5964,-76.9779,-9.2373,-33.7069,-73.4499,37.6788,-35.1867,7.36111,2.60412,1.66931,-23.7267,-72.2097,37.011,-35.0,-361.513,7.3038,2.32794,1.3831,1.0,LLLYFLLALLLGVLLGTLILI,0.381083896597966,0.0885119198706142,G,99999900.0
AYLLGVLLGLLLAFL,WT,LLLAYLLGVLLILLLAFLILI,clash,LLLAYLLGVLLGLLLAFLILI_1,1.1001100110011e+17,1.0,-56.53,-58.5939,-44.9245,-223.075,-217.561,-240.721,-332.295,4558.34,3583.78,3568.79,-35.5533,-23.7324,-88.2437,-79.8732,-46.65,-98.9406,51.6759,-33.7392,6.87798,8.31734,7.59247,-23.9546,-91.43,48.2927,-36.5962,-357.322,7.0472,6.73401,5.9584,1.0,LLLAYLLGVLLGLLLAFLILI,1.16969425137373,0.0595284390847807,G,99999900.0
AYLLGVLLGLLLAFL,WT,LLLAYLLGVLLILLLAFLILI,clash,LLLAYLLGVLLGLLLAFLILI_2,1.1001100110011e+17,1.0,-56.6013,-56.8622,-44.9245,-218.716,-224.221,-240.721,-332.295,4558.34,3651.02,3568.79,-28.7027,-11.2297,-85.6806,-62.4422,-46.65,-94.0206,47.2724,-38.3099,6.6978,6.98487,6.19396,-25.1154,-91.43,48.2927,-36.5962,-357.322,7.0472,6.73401,5.9584,2.0,LLLAYLLGVLLGLLLAFLILI,1.16969425137373,0.0595284390847807,G,99999900.0
AYLLGVLLGLLLAFL,WT,LLLAYLLGVLLILLLAFLILI,clash,LLLAYLLGVLLGLLLAFLILI_0,1.1001100110011e+17,1.0,-58.4521,-55.1249,-44.9245,-217.444,-217.131,-240.721,-332.295,4558.34,3658.16,3568.79,-27.3806,-25.0264,-83.7802,-85.066,-46.65,-91.3459,49.5158,-36.8405,6.8411,6.88652,6.12926,-17.2301,-91.43,48.2927,-36.5962,-357.322,7.0472,6.73401,5.9584,0.0,LLLAYLLGVLLGLLLAFLILI,1.16969425137373,0.0595284390847807,G,99999900.0
AVLLGLLLGFLLSTL,WT,LLLAVLLGLLLIFLLSTLILI,clash,LLLAVLLGLLLGFLLSTLILI_0,1.1001100110011e+17,1.0,-88.4781,-80.4682,-74.0809,-228.281,-216.756,-236.601,-360.206,4468.16,3597.01,3601.8,-48.1062,-24.5594,-91.553,-87.5412,-49.5243,-93.2885,57.6244,-42.7085,7.06249,8.27257,7.63693,-24.1623,-93.3512,41.9135,-44.1361,-384.765,7.4044,6.161,5.2897,0.0,LLLAVLLGLLLGFLLSTLILI,1.54544695361312,0.594267585438839,G,99999900.0
AVLLGLLLGFLLSTL,WT,LLLAVLLGLLLIFLLSTLILI,clash,LLLAVLLGLLLGFLLSTLILI_1,1.1001100110011e+17,1.0,-87.3038,-87.239,-74.0809,-223.122,-228.2,-236.601,-360.206,4468.16,3617.25,3601.8,-42.5387,33.9297,-92.3192,-10.8372,-49.5243,-94.6872,49.8437,-42.7591,7.02957,7.43198,6.67964,-24.1894,-93.3512,41.9135,-44.1361,-384.765,7.4044,6.161,5.2897,1.0,LLLAVLLGLLLGFLLSTLILI,1.54544695361312,0.594267585438839,G,99999900.0
AVLLGLLLGFLLSTL,WT,LLLAVLLGLLLIFLLSTLILI,clash,LLLAVLLGLLLGFLLSTLILI_2,1.1001100110011e+17,1.0,-82.2878,-86.9872,-74.0809,-222.011,-223.033,-236.601,-360.206,4468.16,3627.26,3601.8,-35.7272,20.0062,-91.6346,-30.1794,-49.5243,-96.127,46.7832,-40.3781,7.38918,7.23478,6.43653,-24.0339,-93.3512,41.9135,-44.1361,-384.765,7.4044,6.161,5.2897,2.0,LLLAVLLGLLLGFLLSTLILI,1.54544695361312,0.594267585438839,G,99999900.0
AFLLGLLLGTLLTVL,WT,LLLAFLLILLLGTLLTVLILI,clash,LLLAFLLGLLLGTLLTVLILI_0,1.1001100110011e+17,1.0,-78.0455,-75.8857,-72.4773,-223.573,-220.754,-237.516,-353.277,4501.74,3716.73,3586.56,-30.3085,-22.7997,-81.9673,-79.4372,-43.2843,-72.3435,52.1913,-42.044,6.57944,4.39735,3.68022,-21.758,-63.2674,60.5559,-36.2287,-376.077,7.0661,4.16516,3.5735,0.0,LLLAFLLGLLLGTLLTVLILI,1.32417273034031,0.0956912910255843,G,99999900.0
AFLLGLLLGTLLTVL,WT,LLLAFLLILLLGTLLTVLILI,clash,LLLAFLLGLLLGTLLTVLILI_2,1.1001100110011e+17,1.0,-77.4449,-77.0053,-72.4773,-224.003,-220.157,-237.516,-353.277,4501.74,3688.13,3586.56,-30.0687,-11.7776,-81.8978,-67.8928,-43.2843,-69.2012,56.9222,-38.9746,6.79021,4.56468,3.91851,-22.0729,-63.2674,60.5559,-36.2287,-376.077,7.0661,4.16516,3.5735,2.0,LLLAFLLGLLLGTLLTVLILI,1.32417273034031,0.0956912910255843,G,99999900.0
AFLLGLLLGTLLTVL,WT,LLLAFLLILLLGTLLTVLILI,clash,LLLAFLLGLLLGTLLTVLILI_1,1.1001100110011e+17,1.0,-76.9574,-78.0846,-72.4773,-220.838,-222.371,-237.516,-353.277,4501.74,3767.18,3586.56,-25.527,6.13049,-81.0095,-46.6911,-43.2843,-66.4046,52.9832,-41.9687,6.85137,3.61342,2.90817,-22.8269,-63.2674,60.5559,-36.2287,-376.077,7.0661,4.16516,3.5735,1.0,LLLAFLLGLLLGTLLTVLILI,1.32417273034031,0.0956912910255843,G,99999900.0
GYLLALLLGVLLSTL,WT,LLLGYLLALLLIVLLSTLILI,clash,LLLGYLLALLLGVLLSTLILI_2,1.1001100110011e+17,1.0,-80.9199,-80.9032,-74.2086,-224.434,-223.933,-244.518,-369.048,4534.58,3642.86,3666.55,-22.7725,-19.0092,-86.4662,-83.2205,-50.3208,-73.7578,59.2278,-43.8044,7.27553,5.55942,4.94784,-21.7006,-72.8398,58.7702,-43.8998,-391.3,7.2749,5.35995,4.7415,2.0,LLLGYLLALLLGVLLSTLILI,1.39619650688585,0.63672981937169,G,99999900.0
GYLLALLLGVLLSTL,WT,LLLGYLLALLLIVLLSTLILI,clash,LLLGYLLALLLGVLLSTLILI_1,1.1001100110011e+17,1.0,-79.9374,-77.7913,-74.2086,-224.152,-225.187,-244.518,-369.048,4534.58,3674.34,3666.55,-22.1802,-13.3662,-87.1388,-79.4357,-50.3208,-72.4158,60.4491,-43.1789,7.30545,5.52299,4.92973,-21.4807,-72.8398,58.7702,-43.8998,-391.3,7.2749,5.35995,4.7415,1.0,LLLGYLLALLLGVLLSTLILI,1.39619650688585,0.63672981937169,G,99999900.0
GYLLALLLGVLLSTL,WT,LLLGYLLALLLIVLLSTLILI,clash,LLLGYLLALLLGVLLSTLILI_0,1.1001100110011e+17,1.0,-80.9651,-80.7806,-74.2086,-226.823,-223.946,-244.518,-369.048,4534.58,3762.26,3666.55,-17.9729,-22.2524,-79.2327,-86.5736,-50.3208,-72.1432,63.7039,-47.931,7.38968,5.9215,5.37706,-20.9282,-72.8398,58.7702,-43.8998,-391.3,7.2749,5.35995,4.7415,0.0,LLLGYLLALLLGVLLSTLILI,1.39619650688585,0.63672981937169,G,99999900.0
YALLALLLGTLLSFL,WT,LLLYALLALLLITLLSFLILI,clash,LLLYALLALLLGTLLSFLILI_0,1.1001100110011e+17,1.0,-74.1668,-74.0211,-74.0925,-232.841,-225.822,-246.272,-356.494,4634.81,3896.42,3676.76,-25.9788,-18.9588,-75.4644,-75.6098,-36.1297,-63.2106,79.0996,-38.353,7.20802,6.66003,6.34652,-18.7226,-66.9322,64.0684,-37.8112,-375.453,7.282,5.18907,4.6501,0.0,LLLYALLALLLGTLLSFLILI,0.299364187319849,0.043912060151772,G,99999900.0
YALLALLLGTLLSFL,WT,LLLYALLALLLITLLSFLILI,clash,LLLYALLALLLGTLLSFLILI_1,1.1001100110011e+17,1.0,-73.8026,-74.1668,-74.0925,-235.507,-232.636,-246.272,-356.494,4634.81,3839.69,3676.76,-24.7294,-25.8737,-71.9132,-75.5649,-36.1297,-71.7797,72.1646,-37.7,7.55181,7.00918,6.59165,-19.3986,-66.9322,64.0684,-37.8112,-375.453,7.282,5.18907,4.6501,1.0,LLLYALLALLLGTLLSFLILI,0.299364187319849,0.043912060151772,G,99999900.0
YALLALLLGTLLSFL,WT,LLLYALLALLLITLLSFLILI,clash,LLLYALLALLLGTLLSFLILI_2,1.1001100110011e+17,1.0,-76.8996,-67.0297,-74.0925,-226.231,-233.177,-246.272,-356.494,4634.81,3798.26,3676.76,-20.9804,-12.047,-74.3438,-68.334,-36.1297,-68.4727,62.4869,-37.1812,7.10181,5.20663,4.64393,-14.543,-66.9322,64.0684,-37.8112,-375.453,7.282,5.18907,4.6501,2.0,LLLYALLALLLGTLLSFLILI,0.299364187319849,0.043912060151772,G,99999900.0
ALLLGALLGTLLSFL,WT,LLLALLLIALLGTLLSFLILI,clash,LLLALLLGALLGTLLSFLILI_0,1.1001100110011e+17,1.0,-87.5111,-82.9814,-73.9598,-217.176,-213.266,-233.4,-356.946,4442.12,3739.07,3599.94,-32.4267,-17.3037,-84.6853,-78.0026,-49.5867,-86.3449,55.5528,-46.3318,6.18455,6.95136,6.28465,-15.1578,-74.197,65.2656,-42.419,-374.25,6.5325,6.44041,5.91939,0.0,LLLALLLGALLGTLLSFLILI,1.05802487251867,0.101851987037236,G,99999900.0
ALLLGALLGTLLSFL,WT,LLLALLLIALLGTLLSFLILI,clash,LLLALLLGALLGTLLSFLILI_1,1.1001100110011e+17,1.0,-83.8712,-86.7232,-73.9598,-211.766,-217.227,-233.4,-356.946,4442.12,3696.41,3599.94,-23.8117,-27.6641,-85.1203,-80.6602,-49.5867,-77.3161,58.3311,-44.4586,6.3145,5.97211,5.34708,-16.8031,-74.197,65.2656,-42.419,-374.25,6.5325,6.44041,5.91939,1.0,LLLALLLGALLGTLLSFLILI,1.05802487251867,0.101851987037236,G,99999900.0
ALLLGALLGTLLSFL,WT,LLLALLLIALLGTLLSFLILI,clash,LLLALLLGALLGTLLSFLILI_2,1.1001100110011e+17,1.0,-84.7497,-85.4367,-73.9598,-211.931,-212.218,-233.4,-356.946,4442.12,3647.67,3599.94,-21.2754,-21.1766,-81.5407,-80.4676,-49.5867,-75.099,61.1466,-44.7162,6.3864,6.01964,5.43684,-18.0096,-74.197,65.2656,-42.419,-374.25,6.5325,6.44041,5.91939,2.0,LLLALLLGALLGTLLSFLILI,1.05802487251867,0.101851987037236,G,99999900.0
LALLFALLGILLSTL,WT,LLLLALLFALLIILLSTLILI,clash,LLLLALLFALLGILLSTLILI_2,1.1001100110011e+17,1.0,-74.2567,-81.2034,-74.1402,-226.934,-221.29,-237.47,-364.52,4493.39,3774.92,3687.85,-18.6792,4.47894,-82.0089,-57.5481,-52.9094,-60.3935,69.4893,-40.9753,7.3407,4.94007,4.48241,-12.3501,-58.8131,62.5969,-39.1181,-377.45,7.175,3.77255,3.2115,2.0,LLLLALLFALLGILLSTLILI,0.328743453631278,0.0751505582075927,G,99999900.0
LALLFALLGILLSTL,WT,LLLLALLFALLIILLSTLILI,clash,LLLLALLFALLGILLSTLILI_1,1.1001100110011e+17,1.0,-81.2034,-75.4759,-74.1402,-221.586,-222.339,-237.47,-364.52,4493.39,3652.31,3687.85,-18.3612,-10.0745,-80.0917,-76.7791,-52.9094,-62.675,59.459,-40.1454,6.92628,3.92821,3.3201,-12.5767,-58.8131,62.5969,-39.1181,-377.45,7.175,3.77255,3.2115,1.0,LLLLALLFALLGILLSTLILI,0.328743453631278,0.0751505582075927,G,99999900.0
LALLFALLGILLSTL,WT,LLLLALLFALLIILLSTLILI,clash,LLLLALLFALLGILLSTLILI_0,1.1001100110011e+17,1.0,-74.2567,-76.5126,-74.1402,-223.25,-220.51,-237.47,-364.52,4493.39,3751.18,3687.85,-15.0399,-12.9304,-82.0527,-80.4276,-52.9094,-56.0558,67.8093,-42.1323,7.32579,4.06263,3.57977,-12.7853,-58.8131,62.5969,-39.1181,-377.45,7.175,3.77255,3.2115,0.0,LLLLALLFALLGILLSTLILI,0.328743453631278,0.0751505582075927,G,99999900.0
TALLAGLLFLLLSVL,WT,LLLTALLIGLLFLLLSVLILI,clash,LLLTALLAGLLFLLLSVLILI_1,1.1001100110011e+17,1.0,-60.2509,-60.7795,-60.3184,-224.389,-223.403,-244.41,-361.483,4589.87,3669.78,3598.38,-13.0571,-10.8076,-89.9002,-88.1086,-56.755,-71.4599,71.1443,-43.3483,7.22564,6.82346,6.39062,-12.0823,-68.8165,69.6202,-43.3499,-373.591,7.0847,6.2212,5.7655,1.0,LLLTALLAGLLFLLLSVLILI,0.388983616552668,0.0203972911947861,G,99999900.0
TALLAGLLFLLLSVL,WT,LLLTALLIGLLFLLLSVLILI,clash,LLLTALLAGLLFLLLSVLILI_2,1.1001100110011e+17,1.0,-60.3212,-60.2509,-60.3184,-227.02,-223.985,-244.41,-361.483,4589.87,3710.02,3598.38,-11.694,-12.2359,-85.836,-89.4825,-56.755,-73.1616,75.203,-44.5055,7.52692,7.62663,7.25468,-11.8739,-68.8165,69.6202,-43.3499,-373.591,7.0847,6.2212,5.7655,2.0,LLLTALLAGLLFLLLSVLILI,0.388983616552668,0.0203972911947861,G,99999900.0
TALLAGLLFLLLSVL,WT,LLLTALLIGLLFLLLSVLILI,clash,LLLTALLAGLLFLLLSVLILI_0,1.1001100110011e+17,1.0,-60.7795,-61.0056,-60.3184,-223.599,-222.196,-244.41,-361.483,4589.87,3734.34,3598.38,-10.8347,-12.1082,-87.9388,-90.3893,-56.755,-69.5675,68.4252,-46.5329,7.10777,6.17253,5.69891,-12.1552,-68.8165,69.6202,-43.3499,-373.591,7.0847,6.2212,5.7655,0.0,LLLTALLAGLLFLLLSVLILI,0.388983616552668,0.0203972911947861,G,99999900.0
FALLASLLGILLTLL,WT,LLLFALLASLLGILLILLILI,clash,LLLFALLASLLGILLTLLILI_2,1.1001100110011e+17,1.0,-77.1749,-77.9528,-74.1364,-220.679,-217.49,-237.372,-364.881,4562.89,3642.58,3678.2,-26.3468,-4.50382,-93.3745,-73.9422,-53.3732,-70.3327,61.8423,-41.024,6.77693,5.39862,4.82625,-9.4575,-63.0433,66.4747,-39.1069,-376.887,7.1192,4.93058,4.4277,2.0,LLLFALLASLLGILLTLLILI,0.274310718614717,0.0260205826389193,G,99999900.0
FALLASLLGILLTLL,WT,LLLFALLASLLGILLILLILI,clash,LLLFALLASLLGILLTLLILI_1,1.1001100110011e+17,1.0,-77.9528,-75.7207,-74.1364,-218.947,-223.83,-237.372,-364.881,4562.89,3601.36,3678.2,-23.402,-22.5213,-91.3836,-87.8513,-53.3732,-67.8946,62.496,-39.5115,6.75587,5.12114,4.55858,-11.0793,-63.0433,66.4747,-39.1069,-376.887,7.1192,4.93058,4.4277,1.0,LLLFALLASLLGILLTLLILI,0.274310718614717,0.0260205826389193,G,99999900.0
FALLASLLGILLTLL,WT,LLLFALLASLLGILLILLILI,clash,LLLFALLASLLGILLTLLILI_0,1.1001100110011e+17,1.0,-75.7207,-73.2839,-74.1364,-223.854,-216.613,-237.372,-364.881,4562.89,3663.59,3678.2,-23.0013,-12.0053,-88.3075,-86.9898,-53.3732,-62.2722,77.4205,-39.2475,7.03699,6.2926,5.95391,-10.4979,-63.0433,66.4747,-39.1069,-376.887,7.1192,4.93058,4.4277,0.0,LLLFALLASLLGILLTLLILI,0.274310718614717,0.0260205826389193,G,99999900.0
AILLGLLLGVLLSTL,WT,LLLAILLGLLLIVLLSTLILI,clash,LLLAILLGLLLGVLLSTLILI_0,1.1001100110011e+17,1.0,-88.5401,-76.0208,-74.1795,-226.466,-218.281,-234.839,-374.513,4426.87,3619.91,3637.91,-45.0456,-11.7719,-104.553,-91.9836,-65.4948,-89.8422,50.566,-43.9447,6.26979,6.80274,6.06123,-11.738,-97.68,30.262,-44.4,-386.285,6.9035,5.23737,4.1913,0.0,LLLAILLGLLLGVLLSTLILI,1.23486674738937,0.144897522473787,G,99999900.0
AILLGLLLGVLLSTL,WT,LLLAILLGLLLIVLLSTLILI,clash,LLLAILLGLLLGVLLSTLILI_1,1.1001100110011e+17,1.0,-87.7495,-87.1072,-74.1795,-227.401,-226.167,-234.839,-374.513,4426.87,3580.15,3637.91,-44.9398,420.13,-104.302,358.891,-65.4948,-94.5009,47.191,-43.6844,6.17411,7.04591,6.25378,-11.7811,-97.68,30.262,-44.4,-386.285,6.9035,5.23737,4.1913,1.0,LLLAILLGLLLGVLLSTLILI,1.23486674738937,0.144897522473787,G,99999900.0
AILLGLLLGVLLSTL,WT,LLLAILLGLLLIVLLSTLILI,clash,LLLAILLGLLLGVLLSTLILI_2,1.1001100110011e+17,1.0,-81.5334,-87.1743,-74.1795,-226.283,-226.789,-234.839,-374.513,4426.87,3631.05,3637.91,-34.8879,695.808,-101.585,635.258,-65.4948,-99.9287,38.5977,-42.1439,6.48255,6.7,5.77896,-11.7802,-97.68,30.262,-44.4,-386.285,6.9035,5.23737,4.1913,2.0,LLLAILLGLLLGVLLSTLILI,1.23486674738937,0.144897522473787,G,99999900.0
TLLLGVLLGLLLAFL,WT,LLLTLLLIVLLGLLLAFLILI,clash,LLLTLLLGVLLGLLLAFLILI_2,1.1001100110011e+17,1.0,-56.3039,-47.2181,-44.9757,-221.873,-218.164,-242.235,-351.366,4530.29,3711.17,3622.42,-35.2233,-10.9785,-108.413,-96.9623,-64.1554,-91.4879,31.6473,-45.5091,6.61274,4.49557,3.47028,-12.2678,-92.2092,24.1928,-42.7136,-362.344,7.3162,3.59741,2.4603,2.0,LLLTLLLGVLLGLLLAFLILI,1.43452044064052,0.0642230270158429,G,99999900.0
TLLLGVLLGLLLAFL,WT,LLLTLLLIVLLGLLLAFLILI,clash,LLLTLLLGVLLGLLLAFLILI_0,1.1001100110011e+17,1.0,-55.8965,-47.2181,-44.9757,-216.392,-218.164,-242.235,-351.366,4530.29,3694.16,3622.42,-28.0519,-10.9785,-107.129,-96.9623,-64.1554,-92.6875,18.728,-45.4162,6.60347,2.9314,1.71232,-10.5533,-92.2092,24.1928,-42.7136,-362.344,7.3162,3.59741,2.4603,0.0,LLLTLLLGVLLGLLLAFLILI,1.43452044064052,0.0642230270158429,G,99999900.0
TLLLGVLLGLLLAFL,WT,LLLTLLLIVLLGLLLAFLILI,clash,LLLTLLLGVLLGLLLAFLILI_1,1.1001100110011e+17,1.0,-47.2181,-55.8671,-44.9757,-218.164,-214.403,-242.235,-351.366,4530.29,3706.56,3622.42,-10.9785,-23.9208,-96.9623,-105.017,-64.1554,-92.2092,24.1928,-42.7136,7.3162,3.59741,2.4603,-9.44197,-92.2092,24.1928,-42.7136,-362.344,7.3162,3.59741,2.4603,1.0,LLLTLLLGVLLGLLLAFLILI,1.43452044064052,0.0642230270158429,G,99999900.0
YLLLGALLGVLLSTL,WT,LLLYLLLGALLIVLLSTLILI,clash,LLLYLLLGALLGVLLSTLILI_0,1.1001100110011e+17,1.0,-85.0683,-75.197,-74.1216,-218.574,-218.122,-241.69,-363.156,4543.33,3750.11,3730.98,-24.5391,-8.50714,-84.0526,-78.3436,-47.344,-78.3477,57.2338,-51.5901,6.2866,5.97871,5.33721,-8.28905,-68.8165,69.6202,-43.3499,-371.663,7.0847,6.2212,5.7655,0.0,LLLYLLLGALLGVLLSTLILI,0.890973455640562,0.157283010173166,G,99999900.0
YLLLGALLGVLLSTL,WT,LLLYLLLGALLIVLLSTLILI,clash,LLLYLLLGALLGVLLSTLILI_2,1.1001100110011e+17,1.0,-85.1785,-75.197,-74.1216,-218.049,-218.122,-241.69,-363.156,4543.33,3717.41,3730.98,-23.4669,-8.50714,-83.3949,-78.3436,-47.344,-78.7826,57.1887,-49.9134,6.28511,6.03787,5.3957,-8.50718,-68.8165,69.6202,-43.3499,-371.663,7.0847,6.2212,5.7655,2.0,LLLYLLLGALLGVLLSTLILI,0.890973455640562,0.157283010173166,G,99999900.0
YLLLGALLGVLLSTL,WT,LLLYLLLGALLIVLLSTLILI,clash,LLLYLLLGALLGVLLSTLILI_1,1.1001100110011e+17,1.0,-75.197,-85.0683,-74.1216,-218.122,-219.484,-241.69,-363.156,4543.33,3796.28,3730.98,-8.50714,-22.7778,-78.3436,-81.381,-47.344,-68.8165,69.6202,-43.3499,7.0847,6.2212,5.7655,-9.71873,-68.8165,69.6202,-43.3499,-371.663,7.0847,6.2212,5.7655,1.0,LLLYLLLGALLGVLLSTLILI,0.890973455640562,0.157283010173166,G,99999900.0
LYVLLATLFLLLSIL,WT,LLLLYVLLATLFLLLIILILI,clash,,,,,,,,,,,,,,,,,,,,,,,,,,,,,,,,,,,,,,
LLFLLAVLTYLLSLL,WT,LLLLLFLLAVLTILLSLLILI,clash,,,,,,,,,,,,,,,,,,,,,,,,,,,,,,,,,,,,,,
LVLLLAILFLLLSTL,WT,LLLLVLLLAILFLLLITLILI,clash,,,,,,,,,,,,,,,,,,,,,,,,,,,,,,,,,,,,,,
LFVLLAILYLLLSTL,WT,LLLLFVLLIILYLLLSTLILI,clash,,,,,,,,,,,,,,,,,,,,,,,,,,,,,,,,,,,,,,
LVALLLILTLLLSFL,WT,LLLLVILLLILTLLLSFLILI,clash,,,,,,,,,,,,,,,,,,,,,,,,,,,,,,,,,,,,,,
LVLLLTILLFLLSAL,WT,LLLLVILLTILLFLLSALILI,clash,,,,,,,,,,,,,,,,,,,,,,,,,,,,,,,,,,,,,,
LLLLLAVLFILLSTL,WT,LLLLLLLLIVLFILLSTLILI,clash,,,,,,,,,,,,,,,,,,,,,,,,,,,,,,,,,,,,,,
LAILLAVLFLLLSTL,WT,LLLLAILLAVLFLLLITLILI,clash,,,,,,,,,,,,,,,,,,,,,,,,,,,,,,,,,,,,,,
VALLFLLLYLLATLL,WT,LLLVALLFLLLILLATLLILI,clash,,,,,,,,,,,,,,,,,,,,,,,,,,,,,,,,,,,,,,
LAVLTALLLLLFSLL,WT,LLLLIVLTALLLLLFSLLILI,clash,,,,,,,,,,,,,,,,,,,,,,,,,,,,,,,,,,,,,,
VLLLAILFLLLTSLL,WT,LLLVLLLAILFILLTSLLILI,clash,,,,,,,,,,,,,,,,,,,,,,,,,,,,,,,,,,,,,,
LTVLLAILYLLLSFL,WT,LLLLTVLLIILYLLLSFLILI,clash,,,,,,,,,,,,,,,,,,,,,,,,,,,,,,,,,,,,,,
LLLLLFVLATLLSIL,WT,LLLLLLLLFVLATLLIILILI,clash,,,,,,,,,,,,,,,,,,,,,,,,,,,,,,,,,,,,,,
LTVLLALLFLLISLL,WT,LLLLTVLLALLFLLIILLILI,clash,,,,,,,,,,,,,,,,,,,,,,,,,,,,,,,,,,,,,,
LVLLLAILFTLLSLL,WT,LLLLILLLAILFTLLSLLILI,clash,,,,,,,,,,,,,,,,,,,,,,,,,,,,,,,,,,,,,,
LALLLLFLTVLLSIL,WT,LLLLILLLLFLTVLLSILILI,clash,,,,,,,,,,,,,,,,,,,,,,,,,,,,,,,,,,,,,,
FALLTILLSLLYVLL,WT,LLLFILLTILLSLLYVLLILI,clash,,,,,,,,,,,,,,,,,,,,,,,,,,,,,,,,,,,,,,
LILLLALLFVLTSLL,WT,LLLLILLLALLFVLTILLILI,clash,,,,,,,,,,,,,,,,,,,,,,,,,,,,,,,,,,,,,,
LLLLLFVLAILLSTL,WT,LLLLLLLLFVLIILLSTLILI,clash,,,,,,,,,,,,,,,,,,,,,,,,,,,,,,,,,,,,,,
LTVLLAILFLLLSLL,WT,LLLLTVLLIILFLLLSLLILI,clash,,,,,,,,,,,,,,,,,,,,,,,,,,,,,,,,,,,,,,
LFLLLLVLAILLSTL,WT,LLLLFLLLIVLAILLSTLILI,clash,,,,,,,,,,,,,,,,,,,,,,,,,,,,,,,,,,,,,,
LFVLTILLALLYSLL,WT,LLLLFVLTILLAALYSLLILI,void,,,,,,,,,,,,,,,,,,,,,,,,,,,,,,,,,,,,,,
LLVLTLLLAILFSLL,WT,LLLLLVLTLLLAILASLLILI,void,,,,,,,,,,,,,,,,,,,,,,,,,,,,,,,,,,,,,,
YFLLATLVALLLSLL,WT,LLLYFLLATLVILLLSLLILI,clash,,,,,,,,,,,,,,,,,,,,,,,,,,,,,,,,,,,,,,
VALLFLLTALLYSLL,WT,LLLVILLFLLTALLYSLLILI,clash,,,,,,,,,,,,,,,,,,,,,,,,,,,,,,,,,,,,,,
LIFLLAVLYLLLSTL,WT,LLLLIFLLIVLYLLLSTLILI,clash,,,,,,,,,,,,,,,,,,,,,,,,,,,,,,,,,,,,,,
LTILLLVLALLLSFL,WT,LLLLIILLLVLALLLSFLILI,clash,,,,,,,,,,,,,,,,,,,,,,,,,,,,,,,,,,,,,,
LFVLLLLLATLISLL,WT,LLLLFVLLILLATLISLLILI,clash,,,,,,,,,,,,,,,,,,,,,,,,,,,,,,,,,,,,,,
YALLFLLTSLLLVLL,WT,LLLYALLILLTSLLLVLLILI,clash,,,,,,,,,,,,,,,,,,,,,,,,,,,,,,,,,,,,,,
LYLLLFILAVLLSTL,WT,LLLLYLLLFILAVLLITLILI,clash,,,,,,,,,,,,,,,,,,,,,,,,,,,,,,,,,,,,,,
LYLLTVLLAILFSLL,WT,LLLLYLLTVLLIILFSLLILI,clash,,,,,,,,,,,,,,,,,,,,,,,,,,,,,,,,,,,,,,
YFLLAILVTLLLSLL,WT,LLLYFLLIILVTLLLSLLILI,clash,,,,,,,,,,,,,,,,,,,,,,,,,,,,,,,,,,,,,,
LAVLLALLLILLSTL,WT,LLLLIVLLALLLILLSTLILI,clash,,,,,,,,,,,,,,,,,,,,,,,,,,,,,,,,,,,,,,
LYLLLAILFVLLSTL,WT,LLLLYLLLAILFVLLITLILI,clash,,,,,,,,,,,,,,,,,,,,,,,,,,,,,,,,,,,,,,
LYILLALLFVLLSTL,WT,LLLLYILLALLFVLLITLILI,clash,,,,,,,,,,,,,,,,,,,,,,,,,,,,,,,,,,,,,,
LLLLTALLIFLVSLL,WT,LLLLLLLTALLIFLVILLILI,clash,,,,,,,,,,,,,,,,,,,,,,,,,,,,,,,,,,,,,,
LLLLLFILAVLLSTL,WT,LLLLLLLLFILAVLLITLILI,clash,,,,,,,,,,,,,,,,,,,,,,,,,,,,,,,,,,,,,,
LLALLLILVTLLSFL,WT,LLLLLALLLILVILLSFLILI,clash,,,,,,,,,,,,,,,,,,,,,,,,,,,,,,,,,,,,,,
LWVLLFLLAILTSLL,WT,LLLLAVLLFLLAILTSLLILI,void,,,,,,,,,,,,,,,,,,,,,,,,,,,,,,,,,,,,,,
LFLLLLALTVLLSIL,WT,LLLLFLLLLALTVLLIILILI,clash,,,,,,,,,,,,,,,,,,,,,,,,,,,,,,,,,,,,,,
LVALLLTLISLLFLL,WT,LLLLVALLLTLIILLFLLILI,clash,,,,,,,,,,,,,,,,,,,,,,,,,,,,,,,,,,,,,,
LTVLLALLFILLSLL,WT,LLLLTVLLILLFILLSLLILI,clash,,,,,,,,,,,,,,,,,,,,,,,,,,,,,,,,,,,,,,
LFVLLALLTILLSLL,WT,LLLLFVLLILLTILLSLLILI,clash,,,,,,,,,,,,,,,,,,,,,,,,,,,,,,,,,,,,,,
LFVLLILLATLYSLL,WT,LLLLFVLLILLITLYSLLILI,clash,,,,,,,,,,,,,,,,,,,,,,,,,,,,,,,,,,,,,,
LFLLLAILLVLLSTL,WT,LLLLFLLLIILLVLLSTLILI,clash,,,,,,,,,,,,,,,,,,,,,,,,,,,,,,,,,,,,,,
LLLLTALLFVLYILL,WT,LLLLLLLTILLFVLYILLILI,clash,,,,,,,,,,,,,,,,,,,,,,,,,,,,,,,,,,,,,,
LFALLALLYVLTSLL,WT,LLLLFALLALLYILTSLLILI,clash,,,,,,,,,,,,,,,,,,,,,,,,,,,,,,,,,,,,,,
LFVLLALLTILYSLL,WT,LLLLFVLLALLTILYILLILI,clash,,,,,,,,,,,,,,,,,,,,,,,,,,,,,,,,,,,,,,
YLLLAVLTSLLFLLL,WT,LLLYLLLAVLTILLFLLLILI,clash,,,,,,,,,,,,,,,,,,,,,,,,,,,,,,,,,,,,,,
FALLLILTALLYVLL,WT,LLLFALLLILTILLYVLLILI,clash,,,,,,,,,,,,,,,,,,,,,,,,,,,,,,,,,,,,,,
LYVLTALLLILFLLL,WT,LLLLYVLTALLLILALLLILI,void,,,,,,,,,,,,,,,,,,,,,,,,,,,,,,,,,,,,,,
LAVLLFLLATLISLL,WT,LLLLAVLLFLLITLISLLILI,clash,,,,,,,,,,,,,,,,,,,,,,,,,,,,,,,,,,,,,,
LAVLLSILLTLLLFL,WT,LLLLIVLLSILLTLLLFLILI,clash,,,,,,,,,,,,,,,,,,,,,,,,,,,,,,,,,,,,,,
LAVLLFLLALLTSLL,WT,LLLLAVLLFLLILLTSLLILI,clash,,,,,,,,,,,,,,,,,,,,,,,,,,,,,,,,,,,,,,
LALLTILLFVLASLL,WT,LLLLILLTILLFVLASLLILI,clash,,,,,,,,,,,,,,,,,,,,,,,,,,,,,,,,,,,,,,
YFLLTVLLLLLASLL,WT,LLLYFLLTVLLLLLISLLILI,clash,,,,,,,,,,,,,,,,,,,,,,,,,,,,,,,,,,,,,,
LLFLLATLLILLSVL,WT,LLLLLFLLITLLILLSVLILI,clash,,,,,,,,,,,,,,,,,,,,,,,,,,,,,,,,,,,,,,
LVLLLTILFLLLSAL,WT,LLLLVLLLTILFILLSALILI,clash,,,,,,,,,,,,,,,,,,,,,,,,,,,,,,,,,,,,,,
LLVLLLALITLLSFL,WT,LLLLLVLLIALITLLSFLILI,clash,,,,,,,,,,,,,,,,,,,,,,,,,,,,,,,,,,,,,,
LFLLLTALLVLLSIL,WT,LLLLFLLLIALLVLLSILILI,clash,,,,,,,,,,,,,,,,,,,,,,,,,,,,,,,,,,,,,,
SYLLFTLLALLLAVL,WT,LLLSYLLFTLLILLLAVLILI,clash,,,,,,,,,,,,,,,,,,,,,,,,,,,,,,,,,,,,,,
ASLLLALLFVLLYTL,WT,LLLASLLLALLFILLYTLILI,clash,,,,,,,,,,,,,,,,,,,,,,,,,,,,,,,,,,,,,,
YTLLISLLVALLFLL,WT,LLLYTLLISLLVILLFLLILI,clash,,,,,,,,,,,,,,,,,,,,,,,,,,,,,,,,,,,,,,
LSLLFALLIALLVTL,WT,LLLLSLLFILLIALLVTLILI,clash,,,,,,,,,,,,,,,,,,,,,,,,,,,,,,,,,,,,,,
YALLLALLVSLLFTL,WT,LLLYILLLALLVSLLFTLILI,clash,,,,,,,,,,,,,,,,,,,,,,,,,,,,,,,,,,,,,,
LYLLITLLFSLLVAL,WT,LLLLYLLIILLFSLLVALILI,clash,,,,,,,,,,,,,,,,,,,,,,,,,,,,,,,,,,,,,,
YLLLIVLLAFLLSTL,WT,LLLYLLLIVLLIFLLSTLILI,clash,,,,,,,,,,,,,,,,,,,,,,,,,,,,,,,,,,,,,,
TYLLVALLAILLSLL,WT,LLLTYLLVALLAILLILLILI,clash,,,,,,,,,,,,,,,,,,,,,,,,,,,,,,,,,,,,,,
FYLLTALLITLLVLL,WT,LLLFYLLTALLIILLVLLILI,clash,,,,,,,,,,,,,,,,,,,,,,,,,,,,,,,,,,,,,,
LYLLIALLVALLSTL,WT,LLLLYLLIALLVILLSTLILI,clash,,,,,,,,,,,,,,,,,,,,,,,,,,,,,,,,,,,,,,
YALLVALLFTLLSLL,WT,LLLYALLVALLFILLSLLILI,clash,,,,,,,,,,,,,,,,,,,,,,,,,,,,,,,,,,,,,,
LALLVALLFALLSTL,WT,LLLLALLVALLFILLSTLILI,clash,,,,,,,,,,,,,,,,,,,,,,,,,,,,,,,,,,,,,,
YVLLATLLAFLLSLL,WT,LLLYVLLATLLIFLLSLLILI,clash,,,,,,,,,,,,,,,,,,,,,,,,,,,,,,,,,,,,,,
YFLLTILLAVLLSLL,WT,LLLYFLLIILLAVLLSLLILI,clash,,,,,,,,,,,,,,,,,,,,,,,,,,,,,,,,,,,,,,
YTLLVALLFLLLSLL,WT,LLLYTLLVILLFLLLSLLILI,clash,,,,,,,,,,,,,,,,,,,,,,,,,,,,,,,,,,,,,,
LYLLVILLAFLLSTL,WT,LLLLYLLVILLAFLLITLILI,clash,,,,,,,,,,,,,,,,,,,,,,,,,,,,,,,,,,,,,,
YALLVTLLFTLLSLL,WT,LLLYALLVTLLFILLSLLILI,clash,,,,,,,,,,,,,,,,,,,,,,,,,,,,,,,,,,,,,,
FYLLLTLLVALLSIL,WT,LLLFYLLLTLLVILLSILILI,clash,,,,,,,,,,,,,,,,,,,,,,,,,,,,,,,,,,,,,,
YALLTILLTFLLSLL,WT,LLLYALLTILLTALLSLLILI,void,,,,,,,,,,,,,,,,,,,,,,,,,,,,,,,,,,,,,,
YFLLFTLLAVLLSLL,WT,LLLYFLLFTLLAVLLSALILI,void,,,,,,,,,,,,,,,,,,,,,,,,,,,,,,,,,,,,,,
LVLLIALLFTLLSYL,WT,LLLLVLLIALLFILLSYLILI,clash,,,,,,,,,,,,,,,,,,,,,,,,,,,,,,,,,,,,,,
FYLLVALLLTLLSLL,WT,LLLFYLLVILLLTLLSLLILI,clash,,,,,,,,,,,,,,,,,,,,,,,,,,,,,,,,,,,,,,
YVLLLTLLATLLSFL,WT,LLLYVLLLTLLATLLIFLILI,clash,,,,,,,,,,,,,,,,,,,,,,,,,,,,,,,,,,,,,,
YVLLTILLAFLLSLL,WT,LLLYVLLTILLIFLLSLLILI,clash,,,,,,,,,,,,,,,,,,,,,,,,,,,,,,,,,,,,,,
VYLLLALLFTLLSIL,WT,LLLVYLLLALLFILLSILILI,clash,,,,,,,,,,,,,,,,,,,,,,,,,,,,,,,,,,,,,,
LALLFALLVSLLTWL,WT,LLLLALLFALLVSLLIWLILI,clash,,,,,,,,,,,,,,,,,,,,,,,,,,,,,,,,,,,,,,
YTLLATLLVLLLSFL,WT,LLLYILLATLLVLLLSFLILI,clash,,,,,,,,,,,,,,,,,,,,,,,,,,,,,,,,,,,,,,
ALLLLTLLFVLLSIL,WT,LLLALLLLTLLFILLSILILI,clash,,,,,,,,,,,,,,,,,,,,,,,,,,,,,,,,,,,,,,
TVLLLALLFALLSIL,WT,LLLTVLLLALLFILLSILILI,clash,,,,,,,,,,,,,,,,,,,,,,,,,,,,,,,,,,,,,,
YALLLALLFSLLVTL,WT,LLLYILLLALLFSLLVTLILI,clash,,,,,,,,,,,,,,,,,,,,,,,,,,,,,,,,,,,,,,
YFLLVLLLATLLSIL,WT,LLLYFLLVLLLITLLSILILI,clash,,,,,,,,,,,,,,,,,,,,,,,,,,,,,,,,,,,,,,
YALLTALLFVLLSLL,WT,LLLYALLTALLFILLSLLILI,clash,,,,,,,,,,,,,,,,,,,,,,,,,,,,,,,,,,,,,,
LALLIALLFVLLSTL,WT,LLLLALLIALLFILLSTLILI,clash,,,,,,,,,,,,,,,,,,,,,,,,,,,,,,,,,,,,,,
FYLLVILLALLLSTL,WT,LLLFYLLVILLALLLITLILI,clash,,,,,,,,,,,,,,,,,,,,,,,,,,,,,,,,,,,,,,
YLLLVTLLAILLSFL,WT,LLLYLLLVTLLAILLIFLILI,clash,,,,,,,,,,,,,,,,,,,,,,,,,,,,,,,,,,,,,,
YALLTALLSVLLFLL,WT,LLLYALLTALLSILLFLLILI,clash,,,,,,,,,,,,,,,,,,,,,,,,,,,,,,,,,,,,,,
YVLLFILLALLLSTL,WT,LLLYVLLFILLILLLSTLILI,clash,,,,,,,,,,,,,,,,,,,,,,,,,,,,,,,,,,,,,,
YALLLSLLFTLLVIL,WT,LLLYALLLSLLFILLVILILI,clash,,,,,,,,,,,,,,,,,,,,,,,,,,,,,,,,,,,,,,
YALLIALLFTLLVLL,WT,LLLYALLIALLFILLVLLILI,clash,,,,,,,,,,,,,,,,,,,,,,,,,,,,,,,,,,,,,,
LTLLIALLVALLSFL,WT,LLLLTLLIALLVILLSFLILI,clash,,,,,,,,,,,,,,,,,,,,,,,,,,,,,,,,,,,,,,
VALLLALLFTLLSIL,WT,LLLVALLLALLFILLSILILI,clash,,,,,,,,,,,,,,,,,,,,,,,,,,,,,,,,,,,,,,
LVLLIALLFALLSTL,WT,LLLLVLLIALLFILLSTLILI,clash,,,,,,,,,,,,,,,,,,,,,,,,,,,,,,,,,,,,,,
YILLFTLLVALLSLL,WT,LLLYILLFILLVALLSLLILI,clash,,,,,,,,,,,,,,,,,,,,,,,,,,,,,,,,,,,,,,
AYLLTLLLAILLSFL,WT,LLLAYLLTLLLIILLSFLILI,clash,,,,,,,,,,,,,,,,,,,,,,,,,,,,,,,,,,,,,,
YVLLIALLATLLSLL,WT,LLLYVLLIALLAILLSLLILI,clash,,,,,,,,,,,,,,,,,,,,,,,,,,,,,,,,,,,,,,
LVLLISLLFALLTWL,WT,LLLLVLLISLLFILLTWLILI,clash,,,,,,,,,,,,,,,,,,,,,,,,,,,,,,,,,,,,,,
YILLSVLLALLLTFL,WT,LLLYILLSVLLILLLTFLILI,clash,,,,,,,,,,,,,,,,,,,,,,,,,,,,,,,,,,,,,,
AALLLSLLFTLLVFL,WT,LLLAALLLSLLFILLVFLILI,clash,,,,,,,,,,,,,,,,,,,,,,,,,,,,,,,,,,,,,,
YALLFALLLSLLVTL,WT,LLLYILLFALLLSLLVTLILI,clash,,,,,,,,,,,,,,,,,,,,,,,,,,,,,,,,,,,,,,
YILLFALLTVLLSLL,WT,LLLYILLFALLTVLLSALILI,void,,,,,,,,,,,,,,,,,,,,,,,,,,,,,,,,,,,,,,
AALLLSLLFTLLVYL,WT,LLLAALLLSLLFILLVYLILI,clash,,,,,,,,,,,,,,,,,,,,,,,,,,,,,,,,,,,,,,
YSLLTALLVALLFLL,WT,LLLYSLLTALLVILLFLLILI,clash,,,,,,,,,,,,,,,,,,,,,,,,,,,,,,,,,,,,,,
VALLLTLLAILLSFL,WT,LLLVILLLTLLAILLSFLILI,clash,,,,,,,,,,,,,,,,,,,,,,,,,,,,,,,,,,,,,,
YALLLTLLVALLSFL,WT,LLLYALLLTLLVILLSFLILI,clash,,,,,,,,,,,,,,,,,,,,,,,,,,,,,,,,,,,,,,
TALLIALLLVLLSFL,WT,LLLTALLIILLLVLLSFLILI,clash,,,,,,,,,,,,,,,,,,,,,,,,,,,,,,,,,,,,,,
YVLLATLLSLLLFIL,WT,LLLYVLLATLLSLLLFALILI,void,,,,,,,,,,,,,,,,,,,,,,,,,,,,,,,,,,,,,,
VYLLLALLTSLLFIL,WT,LLLVYLLLILLTSLLFILILI,clash,,,,,,,,,,,,,,,,,,,,,,,,,,,,,,,,,,,,,,
YFLLVALLLALLSTL,WT,LLLYFLLVILLLALLSTLILI,clash,,,,,,,,,,,,,,,,,,,,,,,,,,,,,,,,,,,,,,
LILLSVLLAYLLTFL,WT,LLLLILLSVLLIYLLTFLILI,clash,,,,,,,,,,,,,,,,,,,,,,,,,,,,,,,,,,,,,,
ALLLVTLLAILLSFL,WT,LLLALLLVILLAILLSFLILI,clash,,,,,,,,,,,,,,,,,,,,,,,,,,,,,,,,,,,,,,
FYLLVALLLTLLSTL,WT,LLLFYLLVILLLTLLSTLILI,clash,,,,,,,,,,,,,,,,,,,,,,,,,,,,,,,,,,,,,,
TYLLLVLLAILLSFL,WT,LLLTYLLLVLLIILLSFLILI,clash,,,,,,,,,,,,,,,,,,,,,,,,,,,,,,,,,,,,,,
YALLLTLLSVLLFIL,WT,LLLYALLLILLSVLLFILILI,clash,,,,,,,,,,,,,,,,,,,,,,,,,,,,,,,,,,,,,,
YILLLALLTVLLSFL,WT,LLLYILLLILLTVLLSFLILI,clash,,,,,,,,,,,,,,,,,,,,,,,,,,,,,,,,,,,,,,
YALLLTLLFILLSVL,WT,LLLYILLLTLLFILLSVLILI,clash,,,,,,,,,,,,,,,,,,,,,,,,,,,,,,,,,,,,,,
YVLLTTLLALLLSFL,WT,LLLYVLLTTLLALLLIFLILI,clash,,,,,,,,,,,,,,,,,,,,,,,,,,,,,,,,,,,,,,
LILLSTLLATLLVFL,WT,LLLLILLSTLLITLLVFLILI,clash,,,,,,,,,,,,,,,,,,,,,,,,,,,,,,,,,,,,,,
YTLLVALLATLLSLL,WT,LLLYTLLVALLAILLSLLILI,clash,,,,,,,,,,,,,,,,,,,,,,,,,,,,,,,,,,,,,,
ALLLVTLLFILLSLL,WT,LLLALLLVILLFILLSLLILI,clash,,,,,,,,,,,,,,,,,,,,,,,,,,,,,,,,,,,,,,
YVLLATLLALLLSFL,WT,LLLYVLLATLLALLLIFLILI,clash,,,,,,,,,,,,,,,,,,,,,,,,,,,,,,,,,,,,,,
FVLLIALLLTLLSLL,WT,LLLFVLLIALLLILLSLLILI,clash,,,,,,,,,,,,,,,,,,,,,,,,,,,,,,,,,,,,,,
YALLLSLLTALLVFL,WT,LLLYALLLILLTALLVFLILI,clash,,,,,,,,,,,,,,,,,,,,,,,,,,,,,,,,,,,,,,
YALLLTLLVALLSIL,WT,LLLYALLLTLLVILLSILILI,clash,,,,,,,,,,,,,,,,,,,,,,,,,,,,,,,,,,,,,,
YVLLFTLLAALLSLL,WT,LLLYVLLFTLLAALLILLILI,clash,,,,,,,,,,,,,,,,,,,,,,,,,,,,,,,,,,,,,,
YALLTTLLSILLVLL,WT,LLLYALLTTLLIILLVLLILI,clash,,,,,,,,,,,,,,,,,,,,,,,,,,,,,,,,,,,,,,
YILLVFLLATLLSLL,WT,LLLYILLVFLLITLLSLLILI,clash,,,,,,,,,,,,,,,,,,,,,,,,,,,,,,,,,,,,,,
YFLLAILLTVLLSLL,WT,LLLYFLLAILLIVLLSLLILI,clash,,,,,,,,,,,,,,,,,,,,,,,,,,,,,,,,,,,,,,
LYLLIVLLATLLSFL,WT,LLLLYLLIVLLITLLSFLILI,clash,,,,,,,,,,,,,,,,,,,,,,,,,,,,,,,,,,,,,,
LVLLIALLATLLSFL,WT,LLLLVLLIALLAILLSFLILI,clash,,,,,,,,,,,,,,,,,,,,,,,,,,,,,,,,,,,,,,
VALLIALLFTLLSLL,WT,LLLVALLIALLFILLSLLILI,clash,,,,,,,,,,,,,,,,,,,,,,,,,,,,,,,,,,,,,,
TYLLAVLLAILLFLL,WT,LLLTYLLAVLLIILLFLLILI,clash,,,,,,,,,,,,,,,,,,,,,,,,,,,,,,,,,,,,,,
