Sample,Sequence,Mutant,Position,Type,Mutant Type,WT_AA,mut_AA,PercentGpA,PercentStd,pos_wtAA,pos_mutAA,WT_MUT
G,LLLAYLLGVLLGLLLGFLILI,LLLAYLLGVLLILLLGFLILI,11,WT,clash,G,I,1.2535619143882069,0.0907585843510846,11G,11I,GI
G,LLLYVLLGLLLGFLLSTLILI,LLLYVLLILLLGFLLSTLILI,7,WT,clash,G,I,1.1344961011589432,0.0257005538338615,7G,7I,GI
G,LLLAFLLGILLGLLLGTLILI,LLLAFLLIILLGLLLGTLILI,7,WT,clash,G,I,1.3477134289217474,0.0584253876379832,7G,7I,GI
G,LLLTFLLGLLLGYLLSVLILI,LLLTFLLGLLLIYLLSVLILI,11,WT,clash,G,I,1.5646683896167863,0.1325927816960568,11G,11I,GI
G,LLLAYLLGLLLGTLLSFLILI,LLLAYLLGLLLITLLSFLILI,11,WT,clash,G,I,1.1557142659620885,0.1100857377115878,11G,11I,GI
G,LLLALLLGVLLGTLLGFLILI,LLLALLLIVLLGTLLGFLILI,7,WT,clash,G,I,1.0401039303967148,0.0456999078808676,7G,7I,GI
G,LLLYTLLAILLGLLLGFLILI,LLLYTLLAILLILLLGFLILI,11,WT,clash,G,I,0.2544690929432929,0.0290451223111443,11G,11I,GI
G,LLLYLLLGILLGTLLAFLILI,LLLYLLLGILLITLLAFLILI,11,WT,clash,G,I,0.5815958200804237,0.0552825292526671,11G,11I,GI
G,LLLSYLLGLLLGTLLGFLILI,LLLSYLLGLLLITLLGFLILI,11,WT,clash,G,I,0.9168629485914944,0.0910374063002346,11G,11I,GI
G,LLLALLLGLLLGVLLSTLILI,LLLALLLILLLGVLLSTLILI,7,WT,clash,G,I,1.0242642286707102,0.0268932977000728,7G,7I,GI
G,LLLTFLLGALLGILLSLLILI,LLLTFLLIALLGILLSLLILI,7,WT,clash,G,I,1.1083839271429514,0.0352431530028336,7G,7I,GI
G,LLLTLLLGLLLGFLLSILILI,LLLTLLLILLLGFLLSILILI,7,WT,clash,G,I,1.3690146562037542,0.087058197476004,7G,7I,GI
G,LLLTFLLGVLLGLLLAILILI,LLLTFLLGVLLILLLAILILI,11,WT,clash,G,I,1.3545445558154487,0.0611679868249056,11G,11I,GI
G,LLLAYLLGLLLGFLLGTLILI,LLLAYLLGLLLIFLLGTLILI,11,WT,clash,G,I,1.2185877602891737,0.0277153384386562,11G,11I,GI
G,LLLAVLLGTLLGLLLSFLILI,LLLAVLLGTLLILLLSFLILI,11,WT,clash,G,I,1.118499156939412,0.0864705594115421,11G,11I,GI
G,LLLYLLLGTLLGILLAFLILI,LLLYLLLGTLLGILLIFLILI,15,WT,clash,A,I,0.470243978587295,0.0881506788952893,15A,15I,AI
G,LLLAYLLGVLLGLLLAFLILI,LLLAYLLGVLLILLLAFLILI,11,WT,clash,G,I,1.2289896348844866,0.0625681112362497,11G,11I,GI
G,LLLYGLLFLLLGVLLATLILI,LLLYGLLFLLLGVLLITLILI,15,WT,clash,A,I,0.4369397400644466,0.0285572789256491,15A,15I,AI
G,LLLYLLLGALLGALLTFLILI,LLLYLLLGALLIALLTFLILI,11,WT,clash,G,I,1.227016103304018,0.1298676450958644,11G,11I,GI
G,LLLYVLLGALLGILLTLLILI,LLLYVLLIALLGILLTLLILI,7,WT,clash,G,I,1.041664357158152,0.0310927500546808,7G,7I,GI
G,LLLALLLGALLGTLLSFLILI,LLLALLLIALLGTLLSFLILI,7,WT,clash,G,I,1.100776025542933,0.1084187455352907,7G,7I,GI
G,LLLAYLLGVLLGLLLSFLILI,LLLAYLLGVLLILLLSFLILI,11,WT,clash,G,I,1.1105636083488266,0.0814870704020978,11G,11I,GI
G,LLLYFLLAVLLGLLLGTLILI,LLLYFLLIVLLGLLLGTLILI,7,WT,clash,A,I,0.3030798649791894,0.065169246968709,7A,7I,AI
G,LLLYGLLFALLGTLLSLLILI,LLLYGLLFALLGTLLSALILI,16,WT,void,L,A,0.2018201630387136,0.0246372771930767,16L,16A,LA
G,LLLYFLLATLLGILLALLILI,LLLYFLLATLLIILLALLILI,11,WT,clash,G,I,0.2785531567023675,0.0770365071872629,11G,11I,GI
G,LLLTALLAFLLGVLLGLLILI,LLLTALLAFLLIVLLGLLILI,11,WT,clash,G,I,1.197419888070361,0.1034004641055549,11G,11I,GI
G,LLLYGLLFALLGILLTLLILI,LLLYGLLFALLGILLILLILI,15,WT,clash,T,I,0.3005343680399888,0.0344152633936579,15T,15I,TI
G,LLLTVLLGALLGILLSLLILI,LLLTVLLGALLIILLSLLILI,11,WT,clash,G,I,0.3747426145023151,0.0327169700127427,11G,11I,GI
G,LLLYVLLALLLGTLLGFLILI,LLLYVLLALLLITLLGFLILI,11,WT,clash,G,I,0.1940916008395908,0.0219587648404322,11G,11I,GI
G,LLLFALLASLLGILLTLLILI,LLLFALLASLLGILLILLILI,15,WT,clash,T,I,0.210367769757527,0.0184788013513753,15T,15I,TI
G,LLLYALLALLLGTLLSFLILI,LLLYALLALLLITLLSFLILI,11,WT,clash,G,I,0.2391867213906031,0.0395093616748999,11G,11I,GI
G,LLLAGLLFLLLGTLLSYLILI,LLLAGLLFLLLGTLLIYLILI,15,WT,clash,S,I,0.1520498913263888,0.038282704632315,15S,15I,SI
G,LLLYVLLFLLLGALLGTLILI,LLLYVLLFALLGALLGTLILI,8,WT,void,L,A,0.1834256604069453,0.044168533641389,8L,8A,LA
G,LLLTALLVGLLGGLLFLLILI,LLLTALLVILLGGLLFLLILI,8,WT,clash,G,I,0.3188482983118177,0.0247841725288764,8G,8I,GI
G,LLLTYLLAILLGLLLGFLILI,LLLTYLLAILLGLLLIFLILI,15,WT,clash,G,I,0.8499799065944678,0.0689949323294427,15G,15I,GI
G,LLLTYLLAVLLGLLLAFLILI,LLLTYLLAVLLILLLAFLILI,11,WT,clash,G,I,0.5084708134954425,0.0326994630702967,11G,11I,GI
G,LLLTVLLLGLLFGLLFALILI,LLLTVLLLGLLFILLFALILI,12,WT,clash,G,I,0.5463569867785032,0.065574466158829,12G,12I,GI
G,LLLAYLLAVLLGLLLGFLILI,LLLAYLLAVLLILLLGFLILI,11,WT,clash,G,I,0.7601234863423351,0.0362557485793561,11G,11I,GI
G,LLLLALLFALLGILLSTLILI,LLLLALLFALLIILLSTLILI,11,WT,clash,G,I,0.2708023587833442,0.094422365813088,11G,11I,GI
G,LLLLVLLATLLGGLLSILILI,LLLAVLLATLLGGLLSILILI,3,WT,void,L,A,0.274006141787157,0.0654550578524251,3L,3A,LA
G,LLLVGLLLILLGALLATLILI,LLLVGLLLILLIALLATLILI,11,WT,clash,G,I,1.044352030412848,0.1088103480040427,11G,11I,GI
G,LLLYVLLTLLLGGLLFALILI,LLLYVLLTLLLGGLLFILILI,16,WT,clash,A,I,0.3393471917217856,0.0549721024725503,16A,16I,AI
G,LLLVLLLATLLGSLLGTLILI,LLLVLLLATLLGSLLITLILI,15,WT,clash,G,I,0.3359665661531032,0.0368293309204417,15G,15I,GI
G,LLLTALLAGLLFLLLSVLILI,LLLTALLIGLLFLLLSVLILI,7,WT,clash,A,I,0.340857085285182,0.0151994770724239,7A,7I,AI
G,LLLAYLLGVLLGLLLGFLILI,LLLAALLGVLLGLLLGFLILI,4,Mutant,void,Y,A,1.2362556412489167,0.0346796731654468,4Y,4A,YA
G,LLLAFLLGILLGLLLGTLILI,LLLAALLGILLGLLLGTLILI,4,Mutant,void,F,A,1.251605903469012,0.0722510824873265,4F,4A,FA
G,LLLAYLLGLLLGTLLSFLILI,LLLAALLGLLLGTLLSFLILI,4,Mutant,void,Y,A,1.1654299997876787,0.1169336704326824,4Y,4A,YA
G,LLLTFLLGALLGILLSLLILI,LLLTFLLGALLGILLSALILI,16,Mutant,void,L,A,1.2131517134292655,0.1410504835884501,16L,16A,LA
G,LLLAYLLGLLLGTLLSFLILI,LLLAYLLGLLLGTLLSALILI,16,Mutant,void,F,A,1.0537266577735147,0.0832369489744729,16F,16A,FA
G,LLLALLLGLLLGVLLSTLILI,LLLAALLGLLLGVLLSTLILI,4,Mutant,void,L,A,1.2760513580730442,0.0741217127824367,4L,4A,LA
G,LLLAYLLGLLLGFLLGTLILI,LLLAYLLGLLLGALLGTLILI,12,Mutant,void,F,A,1.0687960832961254,0.0269080829326555,12F,12A,FA
G,LLLALLLGVLLGTLLGFLILI,LLLAALLGVLLGTLLGFLILI,4,Mutant,void,L,A,0.9002458918572175,0.0426114725384645,4L,4A,LA
G,LLLALLLGVLLGTLLGFLILI,LLLALLLGVLLGALLGFLILI,12,Mutant,void,T,A,1.1059820666764189,0.0215408768811584,12T,12A,TA
G,LLLTFLLGLLLGYLLSVLILI,LLLTALLGLLLGYLLSVLILI,4,Mutant,void,F,A,1.091236435139266,0.0710328824855204,4F,4A,FA
G,LLLYLLLGALLGALLTFLILI,LLLYLLLGALLGALLTALILI,16,Mutant,void,F,A,1.237705571835113,0.0851384862630358,16F,16A,FA
G,LLLAVLLGTLLGLLLSFLILI,LLLAVLLGTLLGALLSFLILI,12,Mutant,void,L,A,1.2694731890009396,0.0440615873732172,12L,12A,LA
G,LLLTLLLGLLLGFLLSILILI,LLLTLLLGLLLGALLSILILI,12,Mutant,void,F,A,1.2778551424202866,0.0325776254821352,12F,12A,FA
G,LLLTFLLGALLGILLSLLILI,LLLTALLGALLGILLSLLILI,4,Mutant,void,F,A,0.5893660054956156,0.039372520296536,4F,4A,FA
G,LLLAYLLGVLLGLLLSFLILI,LLLAALLGVLLGLLLSFLILI,4,Mutant,void,Y,A,1.2789998128726048,0.0734058716296405,4Y,4A,YA
G,LLLAYLLGVLLGLLLAFLILI,LLLAALLGVLLGLLLAFLILI,4,Mutant,void,Y,A,1.2650153044463173,0.0808204980912501,4Y,4A,YA
G,LLLALLLGALLGTLLSFLILI,LLLAALLGALLGTLLSFLILI,4,Mutant,void,L,A,1.2081504959756473,0.0361038496789582,4L,4A,LA
G,LLLYGLLFLLLGVLLATLILI,LLLYGLLFLLLGVLLITLILI,15,Mutant,clash,A,I,0.1898359985040515,0.0737574549079159,15A,15I,AI
G,LLLYGLLFALLGILLTLLILI,LLLYGLLAALLGILLTLLILI,7,Mutant,void,F,A,0.2505226495556184,0.0186347523617455,7F,7A,FA
G,LLLTVLLGALLGILLSLLILI,LLLTVLLGALLGILLSALILI,16,Mutant,void,L,A,0.4546870665381359,0.0408433620323813,16L,16A,LA
G,LLLYVLLFLLLGALLGTLILI,LLLYVLLALLLGALLGTLILI,7,Mutant,void,F,A,0.3245170796949179,0.0247498421081232,7F,7A,FA
G,LLLYFLLAVLLGLLLGTLILI,LLLAFLLAVLLGLLLGTLILI,3,Mutant,void,Y,A,0.6518381610151284,0.0407719494308942,3Y,3A,YA
G,LLLTYLLAILLGLLLGFLILI,LLLTYLLAILLGLLLGALILI,16,Mutant,void,F,A,0.5906681059306248,0.0400277303340988,16F,16A,FA
G,LLLYALLALLLGTLLSFLILI,LLLYALLALLLGTLLSALILI,16,Mutant,void,F,A,0.2517522708209134,0.0158279248948277,16F,16A,FA
G,LLLYVLLALLLGTLLGFLILI,LLLAVLLALLLGTLLGFLILI,3,Mutant,void,Y,A,0.3052316677792194,0.0129420034395313,3Y,3A,YA
G,LLLLALLFALLGILLSTLILI,LLLLALLFALLGILLITLILI,15,Mutant,clash,S,I,0.2853694394609516,0.0201672256849116,15S,15I,SI
G,LLLYVLLALLLGTLLGFLILI,LLLYVLLALLLGTLLGALILI,16,Mutant,void,F,A,0.2792171116756038,0.0798019535274543,16F,16A,FA
G,LLLYGLLFALLGTLLSLLILI,LLLYGLLFALLGTLLSALILI,16,Mutant,void,L,A,0.1882260629938359,0.0275761568675789,16L,16A,LA
G,LLLTALLVGLLGGLLFLLILI,LLLTALLVGLLGGLLFALILI,16,Mutant,void,L,A,0.8268619625526691,0.0623491218560254,16L,16A,LA
G,LLLYGLLFLLLGVLLATLILI,LLLYGLLFALLGVLLATLILI,8,Mutant,void,L,A,0.325875452560279,0.0254900057960259,8L,8A,LA
G,LLLAGLLFLLLGTLLSYLILI,LLLAGLLFLLLGTLLSALILI,16,Mutant,void,Y,A,0.2410804214967775,0.0473031439050777,16Y,16A,YA
G,LLLYLLLGTLLGILLAFLILI,LLLYLLLGTLLGILLIFLILI,15,Mutant,clash,A,I,0.1507212630374427,0.089450921689843,15A,15I,AI
G,LLLTYLLAVLLGLLLAFLILI,LLLTYLLAVLLGLLLAALILI,16,Mutant,void,F,A,0.5266204633188433,0.0330048617925169,16F,16A,FA
G,LLLTYLLAILLGLLLGFLILI,LLLTALLAILLGLLLGFLILI,4,Mutant,void,Y,A,0.2986521217932936,0.1139349415806784,4Y,4A,YA
G,LLLAYLLGVLLGLLLAFLILI,LLLAYLLGVLLGLLLIFLILI,15,Mutant,clash,A,I,0.3444752719451376,0.0278679915655393,15A,15I,AI
G,LLLYGLLFALLGTLLSLLILI,LLLYGLLAALLGTLLSLLILI,7,Mutant,void,F,A,0.2348917416833864,0.0174796776079847,7F,7A,FA
G,LLLYVLLFLLLGALLGTLILI,LLLYVLLFALLGALLGTLILI,8,Mutant,void,L,A,0.1696574824012017,0.1489195390111752,8L,8A,LA
G,LLLALLLGVLLGTLLGFLILI,LLLALLLGVLLITLLGFLILI,11,Mutant,clash,G,I,0.2451088479229508,0.057061635669242,11G,11I,GI
G,LLLYFLLAVLLGLLLGTLILI,LLLYALLAVLLGLLLGTLILI,4,Mutant,void,F,A,0.320402742525933,0.0719164673109349,4F,4A,FA
G,LLLAGLLFLLLGTLLSYLILI,LLLAGLLALLLGTLLSYLILI,7,Mutant,void,F,A,0.2211568994250294,0.0645100419820724,7F,7A,FA
G,LLLYALLALLLGTLLSFLILI,LLLYALLALLLGTLLIFLILI,15,Mutant,clash,S,I,0.2270069126176692,0.0147584570074445,15S,15I,SI
G,LLLSYLLGLLLGTLLGFLILI,LLLSYLLILLLGTLLGFLILI,7,Mutant,clash,G,I,0.3992317426322816,0.033361609256489,7G,7I,GI
G,LLLTALLAGLLFLLLSVLILI,LLLAALLAGLLFLLLSVLILI,3,Mutant,void,T,A,0.3265223842241289,0.0487626175787969,3T,3A,TA
G,LLLTALLVGLLGGLLFLLILI,LLLTALLVGLLGGLLALLILI,15,Mutant,void,F,A,0.4117871609508228,0.0070498360482162,15F,15A,FA
G,LLLAYLLAVLLGLLLGFLILI,LLLAALLAVLLGLLLGFLILI,4,Mutant,void,Y,A,0.3240775641849386,0.0944431873670262,4Y,4A,YA
G,LLLYVLLTLLLGGLLFALILI,LLLYVLLTLLLGILLFALILI,12,Mutant,clash,G,I,0.2234827840179622,0.0471628094069985,12G,12I,GI
G,LLLYALLALLLGTLLSFLILI,LLLAALLALLLGTLLSFLILI,3,Mutant,void,Y,A,0.2215060505805998,0.0456512819878674,3Y,3A,YA
G,LLLTALLVGLLGGLLFLLILI,LLLTALLVGLLGILLFLLILI,12,Mutant,clash,G,I,0.281069165095443,0.0767614305117739,12G,12I,GI
G,LLLYVLLGLLLGFLLSTLILI,LLLYVLLILLLGFLLSTLILI,7,Mutant,clash,G,I,0.2341958184254049,0.1109022311835765,7G,7I,GI
G,LLLYTLLAILLGLLLGFLILI,LLLYTLLAILLGLLLIFLILI,15,Mutant,clash,G,I,0.2223527742852734,0.0775378801776489,15G,15I,GI
G,LLLYVLLGALLGILLTLLILI,LLLYVLLGALLIILLTLLILI,11,Mutant,clash,G,I,0.2109978292294955,0.0421825638581689,11G,11I,GI
G,LLLYGLLFALLGILLTLLILI,LLLYGLLFALLIILLTLLILI,11,Mutant,clash,G,I,0.2228134561257834,0.0111595269278086,11G,11I,GI
G,LLLTVLLLGLLFGLLFALILI,LLLTVLLLGLLAGLLFALILI,11,Mutant,void,F,A,0.6577542797297725,0.0566473764362459,11F,11A,FA
G,LLLTYLLAVLLGLLLAFLILI,LLLTALLAVLLGLLLAFLILI,4,Mutant,void,Y,A,0.3884464534552805,0.055260298669002,4Y,4A,YA
G,LLLAYLLAVLLGLLLGFLILI,LLLAYLLAVLLGALLGFLILI,12,Mutant,void,L,A,0.671068664083771,0.0349018081696928,12L,12A,LA
G,LLLTVLLLGLLFGLLFALILI,LLLTVLLLGLLFGLLAALILI,15,Mutant,void,F,A,0.4791546027865674,0.0119069995170694,15F,15A,FA
G,LLLTALLAGLLFLLLSVLILI,LLLTILLAGLLFLLLSVLILI,4,Mutant,clash,A,I,0.2610981350134924,0.0290196374832504,4A,4I,AI
G,LLLVGLLLILLGALLATLILI,LLLVGLLLILLGILLATLILI,12,Mutant,clash,A,I,0.5147335627062888,0.1108998136595207,12A,12I,AI
G,LLLYVLLTLLLGGLLFALILI,LLLYVLLTALLGGLLFALILI,8,Mutant,void,L,A,0.2594948826803959,0.080798738707435,8L,8A,LA
G,LLLTALLVGLLGGLLFLLILI,LLLTALLVILLGGLLFLLILI,8,Mutant,clash,G,I,0.2797339729965089,0.0773527524893312,8G,8I,GI
G,LLLLVLLATLLGGLLSILILI,LLLLVLLATLLGGLLIILILI,15,Mutant,clash,S,I,0.2516520448776335,0.0555716748930001,15S,15I,SI
G,LLLTVLLGALLGILLSLLILI,LLLTVLLGALLGILLILLILI,15,Mutant,clash,S,I,0.2531743133736354,0.0400966979700329,15S,15I,SI
G,LLLYFLLAVLLGLLLGTLILI,LLLYFLLAVLLILLLGTLILI,11,Mutant,clash,G,I,0.2611562918866377,0.1185588430664074,11G,11I,GI
G,LLLVGLLLILLGALLATLILI,LLLVGLLAILLGALLATLILI,7,Mutant,void,L,A,0.6261580769940966,0.0328240727060042,7L,7A,LA
G,LLLYFLLATLLGILLALLILI,LLLYFLLATLLGILLILLILI,15,Mutant,clash,A,I,0.2254349773900627,0.0526573459747385,15A,15I,AI
G,LLLYLLLGTLLGILLAFLILI,LLLYLLLGTLLIILLAFLILI,11,Mutant,clash,G,I,0.179943711721966,0.0565553320721212,11G,11I,GI
G,LLLALLLGLLLGVLLSTLILI,LLLALLLGLLLIVLLSTLILI,11,Mutant,clash,G,I,0.3574166744578608,0.0565342888172226,11G,11I,GI
G,LLLAFLLGILLGLLLGTLILI,LLLAFLLGILLILLLGTLILI,11,Mutant,clash,G,I,0.3771016998062244,0.0275391793014179,11G,11I,GI
G,LLLVLLLATLLGSLLGTLILI,LLLVALLATLLGSLLGTLILI,4,Mutant,void,L,A,0.3102010923080477,0.0117377816580889,4L,4A,LA
G,LLLLALLFALLGILLSTLILI,LLLLALLFALLIILLSTLILI,11,Mutant,clash,G,I,0.1618459657563483,0.0837419333629579,11G,11I,GI
G,LLLYVLLGLLLGFLLSTLILI,LLLYVLLGLLLIFLLSTLILI,11,Mutant,clash,G,I,0.2787160035170717,0.0338802982753639,11G,11I,GI
G,LLLTALLAGLLFLLLSVLILI,LLLTALLAGLLALLLSVLILI,11,Mutant,void,F,A,0.2880100062530042,0.0974382102979521,11F,11A,FA
G,LLLAYLLGLLLGTLLSFLILI,LLLAYLLILLLGTLLSFLILI,7,Mutant,clash,G,I,0.3331467276867166,0.0533110191833651,7G,7I,GI
G,LLLTVLLGALLGILLSLLILI,LLLTVLLGALLIILLSLLILI,11,Mutant,clash,G,I,0.2176224503196473,0.02528740665957,11G,11I,GI
G,LLLTFLLGVLLGLLLAILILI,LLLTFLLGVLLILLLAILILI,11,Mutant,clash,G,I,0.4581878820309217,0.0957954613534565,11G,11I,GI
G,LLLYVLLALLLGTLLGFLILI,LLLYVLLALLLITLLGFLILI,11,Mutant,clash,G,I,0.1930114178942788,0.0483978068283482,11G,11I,GI
G,LLLTVLLLGLLFGLLFALILI,LLLTVLLLGLLFILLFALILI,12,Mutant,clash,G,I,0.2720416373205068,0.0632118710238271,12G,12I,GI
G,LLLAYLLGVLLGLLLAFLILI,LLLAYLLGVLLILLLAFLILI,11,Mutant,clash,G,I,0.2122848823928659,0.0061511094985401,11G,11I,GI
G,LLLAYLLGVLLGLLLGFLILI,LLLAYLLIVLLGLLLGFLILI,7,Mutant,clash,G,I,0.4003755891432317,0.1313002479264766,7G,7I,GI
G,LLLTYLLAILLGLLLGFLILI,LLLTYLLAILLGLLLIFLILI,15,Mutant,clash,G,I,0.2028855244702917,0.0769092483391061,15G,15I,GI
G,LLLSYLLGLLLGTLLGFLILI,LLLSYLLGLLLITLLGFLILI,11,Mutant,clash,G,I,0.2641639561767641,0.0812994922742842,11G,11I,GI
G,LLLYGLLFLLLGVLLATLILI,LLLYGLLFLLLIVLLATLILI,11,Mutant,clash,G,I,0.2000857754058057,0.0141779461412076,11G,11I,GI
G,LLLYLLLGILLGTLLAFLILI,LLLYLLLGILLITLLAFLILI,11,Mutant,clash,G,I,0.1558824042858682,0.0804441500095056,11G,11I,GI
G,LLLAFLLGILLGLLLGTLILI,LLLAFLLIILLGLLLGTLILI,7,Mutant,clash,G,I,0.3117556761886914,0.0260311365460574,7G,7I,GI
G,LLLAYLLGVLLGLLLSFLILI,LLLAYLLGVLLILLLSFLILI,11,Mutant,clash,G,I,0.2719029909905803,0.0095644825944474,11G,11I,GI
G,LLLAYLLAVLLGLLLGFLILI,LLLAYLLAVLLGLLLIFLILI,15,Mutant,clash,G,I,0.2803007680309532,0.1425734872344598,15G,15I,GI
G,LLLALLLGALLGTLLSFLILI,LLLALLLGALLITLLSFLILI,11,Mutant,clash,G,I,0.2360286887719938,0.0260289980230799,11G,11I,GI
G,LLLYLLLGALLGALLTFLILI,LLLYLLLGALLIALLTFLILI,11,Mutant,clash,G,I,0.1664898632363904,0.0973282010962167,11G,11I,GI
G,LLLALLLGVLLGTLLGFLILI,LLLALLLIVLLGTLLGFLILI,7,Mutant,clash,G,I,0.2201081096842757,0.0548907462593428,7G,7I,GI
G,LLLYVLLFLLLGALLGTLILI,LLLYVLLFLLLGALLITLILI,15,Mutant,clash,G,I,0.2493405735424599,0.1253825975149086,15G,15I,GI
G,LLLTFLLGLLLGYLLSVLILI,LLLTFLLILLLGYLLSVLILI,7,Mutant,clash,G,I,0.7191762646561651,0.08342287183726,7G,7I,GI
G,LLLLVLLATLLGGLLSILILI,LLLLVLLATLLIGLLSILILI,11,Mutant,clash,G,I,0.2779818205236575,0.015534249103957,11G,11I,GI
G,LLLAYLLGLLLGFLLGTLILI,LLLAYLLILLLGFLLGTLILI,7,Mutant,clash,G,I,0.5356584135344359,0.103449139907358,7G,7I,GI
G,LLLTLLLGLLLGFLLSILILI,LLLTLLLGLLLIFLLSILILI,11,Mutant,clash,G,I,0.392283299927318,0.0881792931760099,11G,11I,GI
G,LLLAYLLGLLLGFLLGTLILI,LLLAYLLGLLLIFLLGTLILI,11,Mutant,clash,G,I,0.3508620843434255,0.0583492884144789,11G,11I,GI
G,LLLTYLLAILLGLLLGFLILI,LLLTYLLAILLILLLGFLILI,11,Mutant,clash,G,I,0.2235829206998537,0.0507983352120162,11G,11I,GI
G,LLLAYLLGVLLGLLLSFLILI,LLLAYLLIVLLGLLLSFLILI,7,Mutant,clash,G,I,0.5487786009853198,0.0434110781822721,7G,7I,GI
G,LLLTLLLGLLLGFLLSILILI,LLLTLLLILLLGFLLSILILI,7,Mutant,clash,G,I,0.2405154171798786,0.0508888633044074,7G,7I,GI
G,LLLYFLLATLLGILLALLILI,LLLYFLLATLLIILLALLILI,11,Mutant,clash,G,I,0.1937625625353727,0.0696527699559363,11G,11I,GI
G,LLLTALLAFLLGVLLGLLILI,LLLTALLAFLLIVLLGLLILI,11,Mutant,clash,G,I,0.3577707861463297,0.0782540462665568,11G,11I,GI
G,LLLYALLALLLGTLLSFLILI,LLLYALLALLLITLLSFLILI,11,Mutant,clash,G,I,0.159929581233847,0.0628225876778765,11G,11I,GI
G,LLLAYLLAVLLGLLLGFLILI,LLLAYLLAVLLILLLGFLILI,11,Mutant,clash,G,I,0.262485631189168,0.042509234667609,11G,11I,GI
G,LLLTYLLAVLLGLLLAFLILI,LLLTYLLAVLLILLLAFLILI,11,Mutant,clash,G,I,0.212057129162621,0.0519262673165433,11G,11I,GI
G,LLLYTLLAILLGLLLGFLILI,LLLYTLLAILLILLLGFLILI,11,Mutant,clash,G,I,0.1651818420578359,0.028104003857353,11G,11I,GI
G,LLLYVLLGALLGILLTLLILI,LLLYVLLIALLGILLTLLILI,7,Mutant,clash,G,I,0.1738709126427184,0.0800165544500112,7G,7I,GI
G,LLLYVLLFLLLGALLGTLILI,LLLYVLLFLLLIALLGTLILI,11,Mutant,clash,G,I,0.1946185794011508,0.0552729023200144,11G,11I,GI
G,LLLALLLGALLGTLLSFLILI,LLLALLLIALLGTLLSFLILI,7,Mutant,clash,G,I,0.2093838955939969,0.0122762039192595,7G,7I,GI
G,LLLVGLLLILLGALLATLILI,LLLVGLLLILLIALLATLILI,11,Mutant,clash,G,I,0.3807495164702509,0.0504836609231543,11G,11I,GI
G,LLLYVLLALLLGTLLGFLILI,LLLYVLLALLLGTLLIFLILI,15,Mutant,clash,G,I,0.1991464530607,0.0572759078534068,15G,15I,GI
G,LLLTALLAFLLGVLLGLLILI,LLLTALLAFLLGVLLILLILI,15,Mutant,clash,G,I,0.6173430629065981,0.0483314532716497,15G,15I,GI
G,LLLAYLLGVLLGLLLGFLILI,LLLAALLGVLLGLLLGFLILI,4,WT,void,Y,A,1.2535619143882069,0.0907585843510846,4Y,4A,YA
G,LLLAFLLGILLGLLLGTLILI,LLLAALLGILLGLLLGTLILI,4,WT,void,F,A,1.3477134289217474,0.0584253876379832,4F,4A,FA
G,LLLAYLLGLLLGTLLSFLILI,LLLAALLGLLLGTLLSFLILI,4,WT,void,Y,A,1.1557142659620885,0.1100857377115878,4Y,4A,YA
G,LLLTFLLGALLGILLSLLILI,LLLTFLLGALLGILLSALILI,16,WT,void,L,A,1.1083839271429514,0.0352431530028336,16L,16A,LA
G,LLLAYLLGLLLGTLLSFLILI,LLLAYLLGLLLGTLLSALILI,16,WT,void,F,A,1.1557142659620885,0.1100857377115878,16F,16A,FA
G,LLLALLLGLLLGVLLSTLILI,LLLAALLGLLLGVLLSTLILI,4,WT,void,L,A,1.0242642286707102,0.0268932977000728,4L,4A,LA
G,LLLAYLLGLLLGFLLGTLILI,LLLAYLLGLLLGALLGTLILI,12,WT,void,F,A,1.2185877602891737,0.0277153384386562,12F,12A,FA
G,LLLALLLGVLLGTLLGFLILI,LLLAALLGVLLGTLLGFLILI,4,WT,void,L,A,1.0401039303967148,0.0456999078808676,4L,4A,LA
G,LLLALLLGVLLGTLLGFLILI,LLLALLLGVLLGALLGFLILI,12,WT,void,T,A,1.0401039303967148,0.0456999078808676,12T,12A,TA
G,LLLTFLLGLLLGYLLSVLILI,LLLTALLGLLLGYLLSVLILI,4,WT,void,F,A,1.5646683896167863,0.1325927816960568,4F,4A,FA
G,LLLYLLLGALLGALLTFLILI,LLLYLLLGALLGALLTALILI,16,WT,void,F,A,1.227016103304018,0.1298676450958644,16F,16A,FA
G,LLLAVLLGTLLGLLLSFLILI,LLLAVLLGTLLGALLSFLILI,12,WT,void,L,A,1.118499156939412,0.0864705594115421,12L,12A,LA
G,LLLTLLLGLLLGFLLSILILI,LLLTLLLGLLLGALLSILILI,12,WT,void,F,A,1.3690146562037542,0.087058197476004,12F,12A,FA
G,LLLTFLLGALLGILLSLLILI,LLLTALLGALLGILLSLLILI,4,WT,void,F,A,1.1083839271429514,0.0352431530028336,4F,4A,FA
G,LLLAYLLGVLLGLLLSFLILI,LLLAALLGVLLGLLLSFLILI,4,WT,void,Y,A,1.1105636083488266,0.0814870704020978,4Y,4A,YA
G,LLLAYLLGVLLGLLLAFLILI,LLLAALLGVLLGLLLAFLILI,4,WT,void,Y,A,1.2289896348844866,0.0625681112362497,4Y,4A,YA
G,LLLALLLGALLGTLLSFLILI,LLLAALLGALLGTLLSFLILI,4,WT,void,L,A,1.100776025542933,0.1084187455352907,4L,4A,LA
G,LLLYGLLFLLLGVLLATLILI,LLLYGLLFLLLGVLLITLILI,15,WT,clash,A,I,0.4369397400644466,0.0285572789256491,15A,15I,AI
G,LLLYGLLFALLGILLTLLILI,LLLYGLLAALLGILLTLLILI,7,WT,void,F,A,0.3005343680399888,0.0344152633936579,7F,7A,FA
G,LLLTVLLGALLGILLSLLILI,LLLTVLLGALLGILLSALILI,16,WT,void,L,A,0.3747426145023151,0.0327169700127427,16L,16A,LA
G,LLLYVLLFLLLGALLGTLILI,LLLYVLLALLLGALLGTLILI,7,WT,void,F,A,0.1834256604069453,0.044168533641389,7F,7A,FA
G,LLLYFLLAVLLGLLLGTLILI,LLLAFLLAVLLGLLLGTLILI,3,WT,void,Y,A,0.3030798649791894,0.065169246968709,3Y,3A,YA
G,LLLTYLLAILLGLLLGFLILI,LLLTYLLAILLGLLLGALILI,16,WT,void,F,A,0.8499799065944678,0.0689949323294427,16F,16A,FA
G,LLLYALLALLLGTLLSFLILI,LLLYALLALLLGTLLSALILI,16,WT,void,F,A,0.2391867213906031,0.0395093616748999,16F,16A,FA
G,LLLYVLLALLLGTLLGFLILI,LLLAVLLALLLGTLLGFLILI,3,WT,void,Y,A,0.1940916008395908,0.0219587648404322,3Y,3A,YA
G,LLLLALLFALLGILLSTLILI,LLLLALLFALLGILLITLILI,15,WT,clash,S,I,0.2708023587833442,0.094422365813088,15S,15I,SI
G,LLLYVLLALLLGTLLGFLILI,LLLYVLLALLLGTLLGALILI,16,WT,void,F,A,0.1940916008395908,0.0219587648404322,16F,16A,FA
G,LLLYGLLFALLGTLLSLLILI,LLLYGLLFALLGTLLSALILI,16,WT,void,L,A,0.2018201630387136,0.0246372771930767,16L,16A,LA
G,LLLTALLVGLLGGLLFLLILI,LLLTALLVGLLGGLLFALILI,16,WT,void,L,A,0.3188482983118177,0.0247841725288764,16L,16A,LA
G,LLLYGLLFLLLGVLLATLILI,LLLYGLLFALLGVLLATLILI,8,WT,void,L,A,0.4369397400644466,0.0285572789256491,8L,8A,LA
G,LLLAGLLFLLLGTLLSYLILI,LLLAGLLFLLLGTLLSALILI,16,WT,void,Y,A,0.1520498913263888,0.038282704632315,16Y,16A,YA
G,LLLYLLLGTLLGILLAFLILI,LLLYLLLGTLLGILLIFLILI,15,WT,clash,A,I,0.470243978587295,0.0881506788952893,15A,15I,AI
G,LLLTYLLAVLLGLLLAFLILI,LLLTYLLAVLLGLLLAALILI,16,WT,void,F,A,0.5084708134954425,0.0326994630702967,16F,16A,FA
G,LLLTYLLAILLGLLLGFLILI,LLLTALLAILLGLLLGFLILI,4,WT,void,Y,A,0.8499799065944678,0.0689949323294427,4Y,4A,YA
G,LLLAYLLGVLLGLLLAFLILI,LLLAYLLGVLLGLLLIFLILI,15,WT,clash,A,I,1.2289896348844866,0.0625681112362497,15A,15I,AI
G,LLLYGLLFALLGTLLSLLILI,LLLYGLLAALLGTLLSLLILI,7,WT,void,F,A,0.2018201630387136,0.0246372771930767,7F,7A,FA
G,LLLYVLLFLLLGALLGTLILI,LLLYVLLFALLGALLGTLILI,8,WT,void,L,A,0.1834256604069453,0.044168533641389,8L,8A,LA
G,LLLALLLGVLLGTLLGFLILI,LLLALLLGVLLITLLGFLILI,11,WT,clash,G,I,1.0401039303967148,0.0456999078808676,11G,11I,GI
G,LLLYFLLAVLLGLLLGTLILI,LLLYALLAVLLGLLLGTLILI,4,WT,void,F,A,0.3030798649791894,0.065169246968709,4F,4A,FA
G,LLLAGLLFLLLGTLLSYLILI,LLLAGLLALLLGTLLSYLILI,7,WT,void,F,A,0.1520498913263888,0.038282704632315,7F,7A,FA
G,LLLYALLALLLGTLLSFLILI,LLLYALLALLLGTLLIFLILI,15,WT,clash,S,I,0.2391867213906031,0.0395093616748999,15S,15I,SI
G,LLLSYLLGLLLGTLLGFLILI,LLLSYLLILLLGTLLGFLILI,7,WT,clash,G,I,0.9168629485914944,0.0910374063002346,7G,7I,GI
G,LLLTALLAGLLFLLLSVLILI,LLLAALLAGLLFLLLSVLILI,3,WT,void,T,A,0.340857085285182,0.0151994770724239,3T,3A,TA
G,LLLTALLVGLLGGLLFLLILI,LLLTALLVGLLGGLLALLILI,15,WT,void,F,A,0.3188482983118177,0.0247841725288764,15F,15A,FA
G,LLLAYLLAVLLGLLLGFLILI,LLLAALLAVLLGLLLGFLILI,4,WT,void,Y,A,0.7601234863423351,0.0362557485793561,4Y,4A,YA
G,LLLYVLLTLLLGGLLFALILI,LLLYVLLTLLLGILLFALILI,12,WT,clash,G,I,0.3393471917217856,0.0549721024725503,12G,12I,GI
G,LLLYALLALLLGTLLSFLILI,LLLAALLALLLGTLLSFLILI,3,WT,void,Y,A,0.2391867213906031,0.0395093616748999,3Y,3A,YA
G,LLLTALLVGLLGGLLFLLILI,LLLTALLVGLLGILLFLLILI,12,WT,clash,G,I,0.3188482983118177,0.0247841725288764,12G,12I,GI
G,LLLYVLLGLLLGFLLSTLILI,LLLYVLLILLLGFLLSTLILI,7,WT,clash,G,I,1.1344961011589432,0.0257005538338615,7G,7I,GI
G,LLLYTLLAILLGLLLGFLILI,LLLYTLLAILLGLLLIFLILI,15,WT,clash,G,I,0.2544690929432929,0.0290451223111443,15G,15I,GI
G,LLLYVLLGALLGILLTLLILI,LLLYVLLGALLIILLTLLILI,11,WT,clash,G,I,1.041664357158152,0.0310927500546808,11G,11I,GI
G,LLLYGLLFALLGILLTLLILI,LLLYGLLFALLIILLTLLILI,11,WT,clash,G,I,0.3005343680399888,0.0344152633936579,11G,11I,GI
G,LLLTVLLLGLLFGLLFALILI,LLLTVLLLGLLAGLLFALILI,11,WT,void,F,A,0.5463569867785032,0.065574466158829,11F,11A,FA
G,LLLTYLLAVLLGLLLAFLILI,LLLTALLAVLLGLLLAFLILI,4,WT,void,Y,A,0.5084708134954425,0.0326994630702967,4Y,4A,YA
G,LLLAYLLAVLLGLLLGFLILI,LLLAYLLAVLLGALLGFLILI,12,WT,void,L,A,0.7601234863423351,0.0362557485793561,12L,12A,LA
G,LLLTVLLLGLLFGLLFALILI,LLLTVLLLGLLFGLLAALILI,15,WT,void,F,A,0.5463569867785032,0.065574466158829,15F,15A,FA
G,LLLTALLAGLLFLLLSVLILI,LLLTILLAGLLFLLLSVLILI,4,WT,clash,A,I,0.340857085285182,0.0151994770724239,4A,4I,AI
G,LLLVGLLLILLGALLATLILI,LLLVGLLLILLGILLATLILI,12,WT,clash,A,I,1.044352030412848,0.1088103480040427,12A,12I,AI
G,LLLYVLLTLLLGGLLFALILI,LLLYVLLTALLGGLLFALILI,8,WT,void,L,A,0.3393471917217856,0.0549721024725503,8L,8A,LA
G,LLLTALLVGLLGGLLFLLILI,LLLTALLVILLGGLLFLLILI,8,WT,clash,G,I,0.3188482983118177,0.0247841725288764,8G,8I,GI
G,LLLLVLLATLLGGLLSILILI,LLLLVLLATLLGGLLIILILI,15,WT,clash,S,I,0.274006141787157,0.0654550578524251,15S,15I,SI
G,LLLTVLLGALLGILLSLLILI,LLLTVLLGALLGILLILLILI,15,WT,clash,S,I,0.3747426145023151,0.0327169700127427,15S,15I,SI
G,LLLYFLLAVLLGLLLGTLILI,LLLYFLLAVLLILLLGTLILI,11,WT,clash,G,I,0.3030798649791894,0.065169246968709,11G,11I,GI
G,LLLVGLLLILLGALLATLILI,LLLVGLLAILLGALLATLILI,7,WT,void,L,A,1.044352030412848,0.1088103480040427,7L,7A,LA
G,LLLYFLLATLLGILLALLILI,LLLYFLLATLLGILLILLILI,15,WT,clash,A,I,0.2785531567023675,0.0770365071872629,15A,15I,AI
G,LLLYLLLGTLLGILLAFLILI,LLLYLLLGTLLIILLAFLILI,11,WT,clash,G,I,0.470243978587295,0.0881506788952893,11G,11I,GI
G,LLLALLLGLLLGVLLSTLILI,LLLALLLGLLLIVLLSTLILI,11,WT,clash,G,I,1.0242642286707102,0.0268932977000728,11G,11I,GI
G,LLLAFLLGILLGLLLGTLILI,LLLAFLLGILLILLLGTLILI,11,WT,clash,G,I,1.3477134289217474,0.0584253876379832,11G,11I,GI
G,LLLVLLLATLLGSLLGTLILI,LLLVALLATLLGSLLGTLILI,4,WT,void,L,A,0.3359665661531032,0.0368293309204417,4L,4A,LA
G,LLLLALLFALLGILLSTLILI,LLLLALLFALLIILLSTLILI,11,WT,clash,G,I,0.2708023587833442,0.094422365813088,11G,11I,GI
G,LLLYVLLGLLLGFLLSTLILI,LLLYVLLGLLLIFLLSTLILI,11,WT,clash,G,I,1.1344961011589432,0.0257005538338615,11G,11I,GI
G,LLLTALLAGLLFLLLSVLILI,LLLTALLAGLLALLLSVLILI,11,WT,void,F,A,0.340857085285182,0.0151994770724239,11F,11A,FA
G,LLLAYLLGLLLGTLLSFLILI,LLLAYLLILLLGTLLSFLILI,7,WT,clash,G,I,1.1557142659620885,0.1100857377115878,7G,7I,GI
G,LLLTVLLGALLGILLSLLILI,LLLTVLLGALLIILLSLLILI,11,WT,clash,G,I,0.3747426145023151,0.0327169700127427,11G,11I,GI
G,LLLTFLLGVLLGLLLAILILI,LLLTFLLGVLLILLLAILILI,11,WT,clash,G,I,1.3545445558154487,0.0611679868249056,11G,11I,GI
G,LLLYVLLALLLGTLLGFLILI,LLLYVLLALLLITLLGFLILI,11,WT,clash,G,I,0.1940916008395908,0.0219587648404322,11G,11I,GI
G,LLLTVLLLGLLFGLLFALILI,LLLTVLLLGLLFILLFALILI,12,WT,clash,G,I,0.5463569867785032,0.065574466158829,12G,12I,GI
G,LLLAYLLGVLLGLLLAFLILI,LLLAYLLGVLLILLLAFLILI,11,WT,clash,G,I,1.2289896348844866,0.0625681112362497,11G,11I,GI
G,LLLAYLLGVLLGLLLGFLILI,LLLAYLLIVLLGLLLGFLILI,7,WT,clash,G,I,1.2535619143882069,0.0907585843510846,7G,7I,GI
G,LLLTYLLAILLGLLLGFLILI,LLLTYLLAILLGLLLIFLILI,15,WT,clash,G,I,0.8499799065944678,0.0689949323294427,15G,15I,GI
G,LLLSYLLGLLLGTLLGFLILI,LLLSYLLGLLLITLLGFLILI,11,WT,clash,G,I,0.9168629485914944,0.0910374063002346,11G,11I,GI
G,LLLYGLLFLLLGVLLATLILI,LLLYGLLFLLLIVLLATLILI,11,WT,clash,G,I,0.4369397400644466,0.0285572789256491,11G,11I,GI
G,LLLYLLLGILLGTLLAFLILI,LLLYLLLGILLITLLAFLILI,11,WT,clash,G,I,0.5815958200804237,0.0552825292526671,11G,11I,GI
G,LLLAFLLGILLGLLLGTLILI,LLLAFLLIILLGLLLGTLILI,7,WT,clash,G,I,1.3477134289217474,0.0584253876379832,7G,7I,GI
G,LLLAYLLGVLLGLLLSFLILI,LLLAYLLGVLLILLLSFLILI,11,WT,clash,G,I,1.1105636083488266,0.0814870704020978,11G,11I,GI
G,LLLAYLLAVLLGLLLGFLILI,LLLAYLLAVLLGLLLIFLILI,15,WT,clash,G,I,0.7601234863423351,0.0362557485793561,15G,15I,GI
G,LLLALLLGALLGTLLSFLILI,LLLALLLGALLITLLSFLILI,11,WT,clash,G,I,1.100776025542933,0.1084187455352907,11G,11I,GI
G,LLLYLLLGALLGALLTFLILI,LLLYLLLGALLIALLTFLILI,11,WT,clash,G,I,1.227016103304018,0.1298676450958644,11G,11I,GI
G,LLLALLLGVLLGTLLGFLILI,LLLALLLIVLLGTLLGFLILI,7,WT,clash,G,I,1.0401039303967148,0.0456999078808676,7G,7I,GI
G,LLLYVLLFLLLGALLGTLILI,LLLYVLLFLLLGALLITLILI,15,WT,clash,G,I,0.1834256604069453,0.044168533641389,15G,15I,GI
G,LLLTFLLGLLLGYLLSVLILI,LLLTFLLILLLGYLLSVLILI,7,WT,clash,G,I,1.5646683896167863,0.1325927816960568,7G,7I,GI
G,LLLLVLLATLLGGLLSILILI,LLLLVLLATLLIGLLSILILI,11,WT,clash,G,I,0.274006141787157,0.0654550578524251,11G,11I,GI
G,LLLAYLLGLLLGFLLGTLILI,LLLAYLLILLLGFLLGTLILI,7,WT,clash,G,I,1.2185877602891737,0.0277153384386562,7G,7I,GI
G,LLLTLLLGLLLGFLLSILILI,LLLTLLLGLLLIFLLSILILI,11,WT,clash,G,I,1.3690146562037542,0.087058197476004,11G,11I,GI
G,LLLAYLLGLLLGFLLGTLILI,LLLAYLLGLLLIFLLGTLILI,11,WT,clash,G,I,1.2185877602891737,0.0277153384386562,11G,11I,GI
G,LLLTYLLAILLGLLLGFLILI,LLLTYLLAILLILLLGFLILI,11,WT,clash,G,I,0.8499799065944678,0.0689949323294427,11G,11I,GI
G,LLLAYLLGVLLGLLLSFLILI,LLLAYLLIVLLGLLLSFLILI,7,WT,clash,G,I,1.1105636083488266,0.0814870704020978,7G,7I,GI
G,LLLTLLLGLLLGFLLSILILI,LLLTLLLILLLGFLLSILILI,7,WT,clash,G,I,1.3690146562037542,0.087058197476004,7G,7I,GI
G,LLLYFLLATLLGILLALLILI,LLLYFLLATLLIILLALLILI,11,WT,clash,G,I,0.2785531567023675,0.0770365071872629,11G,11I,GI
G,LLLTALLAFLLGVLLGLLILI,LLLTALLAFLLIVLLGLLILI,11,WT,clash,G,I,1.197419888070361,0.1034004641055549,11G,11I,GI
G,LLLYALLALLLGTLLSFLILI,LLLYALLALLLITLLSFLILI,11,WT,clash,G,I,0.2391867213906031,0.0395093616748999,11G,11I,GI
G,LLLAYLLAVLLGLLLGFLILI,LLLAYLLAVLLILLLGFLILI,11,WT,clash,G,I,0.7601234863423351,0.0362557485793561,11G,11I,GI
G,LLLTYLLAVLLGLLLAFLILI,LLLTYLLAVLLILLLAFLILI,11,WT,clash,G,I,0.5084708134954425,0.0326994630702967,11G,11I,GI
G,LLLYTLLAILLGLLLGFLILI,LLLYTLLAILLILLLGFLILI,11,WT,clash,G,I,0.2544690929432929,0.0290451223111443,11G,11I,GI
G,LLLYVLLGALLGILLTLLILI,LLLYVLLIALLGILLTLLILI,7,WT,clash,G,I,1.041664357158152,0.0310927500546808,7G,7I,GI
G,LLLYVLLFLLLGALLGTLILI,LLLYVLLFLLLIALLGTLILI,11,WT,clash,G,I,0.1834256604069453,0.044168533641389,11G,11I,GI
G,LLLALLLGALLGTLLSFLILI,LLLALLLIALLGTLLSFLILI,7,WT,clash,G,I,1.100776025542933,0.1084187455352907,7G,7I,GI
G,LLLVGLLLILLGALLATLILI,LLLVGLLLILLIALLATLILI,11,WT,clash,G,I,1.044352030412848,0.1088103480040427,11G,11I,GI
G,LLLYVLLALLLGTLLGFLILI,LLLYVLLALLLGTLLIFLILI,15,WT,clash,G,I,0.1940916008395908,0.0219587648404322,15G,15I,GI
G,LLLTALLAFLLGVLLGLLILI,LLLTALLAFLLGVLLILLILI,15,WT,clash,G,I,1.197419888070361,0.1034004641055549,15G,15I,GI
