Geometry,Interface,Seed,HBONDDimerOptimize,HBONDDimerPreOptimize,HBONDMonomer,IMM1DimerOptimize,IMM1DimerPreOptimize,IMM1Monomer,Monomer,MonomerSasa,OptimizeSasa,PreBBOptimizeSasa,Total,TotalPreOptimize,VDWDimerOptimize,VDWDimerPreOptimize,VDWMonomer,endAxialRotation,endAxialRotationPrime,endCrossingAngle,endXShift,endZShift,endZShiftPrime,firstRepackEnergy,preOptimizeAxialRotation,preOptimizeAxialRotationPrime,preOptimizeCrossingAngle,preOptimizeEnergy,preOptimizeXShift,preOptimizeZShift,preOptimizeZShiftPrime,replicateNumber,Directory,Sequence,PercentGpA,PercentStd,Sample,LB-12H_M9-36H,VDWDiff,HBONDDiff,IMM1Diff,interfaceSasa,vdwPerSasa,hbondPerSasa,imm1PerSasa,totalPerSasa
LLLAYLLGVLLGLLLGFLILI_1,110011001100110000,1,-61.678,-62.1253,-44.9604,-227.346,-222.523,-239.799,-328.0,4557.62,3474.28,3371.83,-54.4657,-44.2174,-93.4425,-87.5694,-43.2406,-82.2827,41.8481,-35.4166,6.6855,4.4919,3.61962,-49.9076,-78.3342,38.1851,-39.2997,-378.029,6.6883,3.40512,2.4779,1,LLLAYLLGVLLGLLLGFLILI,AYLLGVLLGLLLGFL,1.2535619143882073,0.0907585843510836,G,99999900.0,-50.201899999999995,-16.717599999999997,12.453000000000003,1083.3399999999997,-0.04633993021581406,-0.015431535805933504,0.011495006184577331,-0.050275721380176136
LLLYVLLGLLLGFLLSTLILI_0,110011001100110000,1,-86.4739,-74.0812,-74.0812,-242.653,-235.245,-247.155,-355.479,4610.22,3646.56,3688.67,-52.2115,-24.2769,-78.5637,-70.4301,-34.2426,-88.1964,44.0461,-45.6889,6.65429,5.67568,4.83637,-24.2345,-92.7718,28.0376,-44.4465,-379.756,7.5,4.20084,3.1214,0,LLLYVLLGLLLGFLLSTLILI,YVLLGLLLGFLLSTL,1.1344961011589436,0.0257005538338622,G,99999900.0,-44.321099999999994,-12.392700000000005,4.5020000000000095,963.6600000000003,-0.0459924662225266,-0.012860033621816824,0.004671772201813926,-0.05418041632941077
LLLTLLLGILLGFLLSVLILI_1,110011001100110000,1,-74.4586,-74.5973,-60.2282,-229.257,-226.605,-244.413,-359.808,4579.8,3616.4,3539.89,-51.9478,-49.1527,-108.041,-107.759,-55.1668,-91.306,42.1447,-43.9668,6.41842,5.88543,5.0176,-47.9442,-85.9497,42.6517,-45.0,-407.584,6.5506,5.15043,4.2902,1,LLLTLLLGILLGFLLSVLILI,TLLLGILLGFLLSVL,1.398536688039244,0.1192465027141351,G,99999900.0,-52.874199999999995,-14.230400000000003,15.156000000000006,963.4000000000001,-0.05488291467718496,-0.01477101930662238,0.015731783267593943,-0.053921320323853016
LLLAFLLGILLGLLLGTLILI_2,110011001100110000,1,-70.5064,-69.3878,-58.7173,-223.863,-223.827,-235.103,-340.46,4540.38,3422.69,3478.64,-50.8416,12.7118,-96.9319,-34.5337,-46.6394,-78.0792,36.5117,-38.9511,6.48499,3.14097,2.18864,-26.5298,-72.6874,32.4259,-40.8381,-366.994,7.0033,1.78061,0.766999,2,LLLAFLLGILLGLLLGTLILI,AFLLGILLGLLLGTL,1.3477134289217478,0.0584253876379822,G,99999900.0,-50.2925,-11.789099999999998,11.240000000000009,1117.69,-0.04499682380624323,-0.010547736850110493,0.010056455725648443,-0.04548810493070529
LLLAFLLGALLGILLSLLILI_2,110011001100110000,1,-77.4989,-65.6318,-60.2613,-223.906,-220.012,-235.265,-347.897,4538.9,3582.57,3602.89,-50.4669,-29.9588,-96.9587,-92.212,-52.3709,-87.7744,57.5101,-42.2848,6.50258,7.43002,6.79267,-30.3221,-75.95,58.5447,-41.9323,-378.237,6.6534,5.79603,5.1742,2,LLLAFLLGALLGILLSLLILI,AFLLGALLGILLSLL,1.1930348806176414,0.0627176678876705,G,99999900.0,-44.587799999999994,-17.237600000000008,11.35899999999998,956.3299999999995,-0.04662386414731318,-0.01802474041387389,0.011877699120596432,-0.05277142827266742
LLLALLLGFLLGTLLGSLILI_0,110011001100110000,1,-88.4797,-89.3786,-74.0188,-219.54,-208.195,-232.23,-350.008,4421.34,3429.3,3400.13,-50.2923,-38.9675,-92.2809,-91.4022,-43.7599,-76.5336,72.0983,-34.2796,6.37717,7.7133,7.29478,-38.3068,-80.3065,54.2755,-36.4683,-388.976,6.5,5.87317,5.1873,0,LLLALLLGFLLGTLLGSLILI,ALLLGFLLGTLLGSL,1.1202859794260762,0.0914456383348408,G,99999900.0,-48.521,-14.460899999999995,12.689999999999998,992.04,-0.048910326196524335,-0.014576932381758795,0.012791822910366516,-0.050695838877464615
LLLAFLLGTLLGVLLSLLILI_1,110011001100110000,1,-85.162,-71.3091,-74.0991,-226.789,-227.86,-237.02,-358.582,4518.69,3620.61,3604.23,-49.7296,-36.1702,-96.361,-95.5831,-47.4629,-87.7406,51.0077,-43.0477,6.26443,6.54712,5.81224,-28.3923,-78.9988,51.5632,-42.618,-387.166,6.5,5.31085,4.5843,1,LLLAFLLGTLLGVLLSLLILI,AFLLGTLLGVLLSLL,1.2612320135205726,0.0349920073455841,G,99999900.0,-48.89810000000001,-11.062899999999999,10.231000000000023,898.0799999999995,-0.0544473766256904,-0.012318390343844653,0.011392080883662958,-0.05537324069125248
LLLAALLGVLLGLLLGFLILI_0,110011001100110000,1,-59.3036,-56.6245,-44.9604,-221.563,-216.508,-230.812,-328.825,4439.2,3498.03,3438.4,-49.6203,-40.3927,-97.5791,-96.0859,-53.0531,-81.5022,44.7153,-35.3617,6.68363,4.76189,3.93262,-40.1274,-78.3342,38.1851,-39.2997,-369.218,6.6883,3.40512,2.4779,0,LLLAALLGVLLGLLLGFLILI,AALLGVLLGLLLGFL,1.2362556412489172,0.0346796731654469,G,99999900.0,-44.525999999999996,-14.343200000000003,9.249000000000024,941.1699999999996,-0.04730920025075174,-0.015239754773314075,0.009827130061519203,-0.05272193121327711
LLLYVLLGILLGLLLSFLILI_0,110011001100110000,1,-70.7177,-73.8263,-60.3102,-239.107,-218.649,-248.033,-352.569,4605.0,3690.96,3595.96,-49.2177,-18.4734,-91.9626,-78.5676,-44.2259,-91.4381,66.4077,-42.0925,7.00402,9.18076,8.67687,-18.8621,-91.43,48.2927,-36.5962,-371.043,7.0472,6.73401,5.9584,0,LLLYVLLGILLGLLLSFLILI,YVLLGILLGLLLSFL,0.96173937846963,0.1168566094977664,G,99999900.0,-47.73669999999999,-10.407499999999992,8.925999999999988,914.04,-0.05222605137630738,-0.011386263183230485,0.009765436961183305,-0.053846330576342395
LLLAALLGILLGLLLGTLILI_2,110011001100110000,1,-73.2111,-72.3916,-58.7173,-221.026,-219.752,-230.381,-352.207,4402.86,3403.12,3504.19,-49.2089,-25.2612,-107.18,-85.3253,-63.1096,-80.236,38.3228,-35.3357,6.4831,3.70898,2.78382,-18.3985,-72.6874,32.4259,-40.8381,-369.654,7.0033,1.78061,0.766999,2,LLLAALLGILLGLLLGTLILI,AALLGILLGLLLGTL,1.2516059034690123,0.0722510824873272,G,99999900.0,-44.07040000000001,-14.4938,9.35499999999999,999.7399999999998,-0.04408186128393384,-0.014497569368035692,0.009357432932562458,-0.04922169764138677
LLLYLLLGILLGFLLATLILI_2,110011001100110000,1,-68.6871,-67.4704,-58.7354,-231.363,-227.809,-246.13,-341.473,4685.95,3650.92,3647.55,-48.8617,-32.7606,-90.2848,-78.9543,-36.6071,-87.4401,41.9036,-47.273,6.53678,5.27301,4.40157,-25.4399,-75.759,50.2096,-41.8685,-367.608,7.3305,4.64215,3.89529,2,LLLYLLLGILLGFLLATLILI,YLLLGILLGFLLATL,1.1850395556902262,0.0568058037038041,G,99999900.0,-53.6777,-9.951700000000002,14.766999999999996,1035.0299999999997,-0.0518610088596466,-0.009614890389650545,0.014267219307652918,-0.04720800363274495
LLLYLLLGALLGFLLSTLILI_0,110011001100110000,1,-90.4274,-86.6288,-74.042,-227.982,-220.821,-244.11,-350.961,4614.19,3654.7,3632.74,-48.0238,-32.7807,-80.5751,-76.2917,-32.8091,-88.2653,60.1632,-42.5165,6.49343,7.86183,7.26427,-33.9968,-83.724,52.3747,-45.0,-383.742,6.6055,6.12918,5.4148,0,LLLYLLLGALLGFLLSTLILI,YLLLGALLGFLLSTL,1.2112718306908157,0.0967790738632382,G,99999900.0,-47.766000000000005,-16.385400000000004,16.128000000000014,959.4899999999998,-0.04978269705781198,-0.017077197261044938,0.01680892974392648,-0.050051381463068936
LLLFYLLGVLLGLLLASLILI_0,110011001100110000,1,-71.2957,-70.3019,-60.32,-231.705,-219.01,-239.256,-339.298,4680.69,3596.19,3576.2,-47.3461,-31.619,-83.6429,-81.6044,-39.7219,-84.4887,60.2956,-40.2578,7.0348,7.31321,6.71764,-28.4053,-75.759,50.2096,-41.8685,-370.917,7.3305,4.64215,3.89529,0,LLLFYLLGVLLGLLLASLILI,FYLLGVLLGLLLASL,1.000344050193365,0.0820909284181682,G,99999900.0,-43.921,-10.975699999999996,7.550999999999988,1084.4999999999995,-0.040498847395112975,-0.010120516366989397,0.006962655601659743,-0.04365707699400647
LLLTFLLGLLLGYLLSVLILI_2,110011001100110000,1,-76.1851,-72.4867,-60.1731,-228.383,-227.754,-247.904,-350.725,4610.63,3521.68,3565.63,-47.2884,29.6607,-93.4447,-20.8233,-42.6472,-88.7479,49.865,-43.1156,6.69552,6.54396,5.79194,-21.9817,-85.0833,46.26,-43.2731,-378.673,7.339,5.5076,4.7015,2,LLLTFLLGLLLGYLLSVLILI,TFLLGLLLGYLLSVL,1.5646683896167868,0.1325927816960565,G,99999900.0,-50.7975,-16.012000000000008,19.520999999999987,1088.9500000000003,-0.04664814729785572,-0.01470407273061206,0.01792644290371457,-0.04342568529317231
LLLTFLLGLLLGVLLSILILI_1,110011001100110000,1,-77.0235,-76.187,-60.3583,-225.501,-225.28,-245.078,-361.243,4555.39,3571.32,3559.31,-47.0562,-41.9539,-105.775,-101.73,-55.8065,-87.8696,53.7194,-42.3911,6.63681,6.93257,6.23836,-35.6397,-85.3964,50.7936,-43.9343,-397.499,6.9666,6.1666,5.4285,1,LLLTFLLGLLLGVLLSILILI,TFLLGLLLGVLLSIL,1.296926660578766,0.1333849598128433,G,99999900.0,-49.968500000000006,-16.6652,19.576999999999998,984.0700000000002,-0.05077738372270265,-0.016934974138018633,0.01989390998607822,-0.04781793978070665
LLLSYLLGVLLGLLLGFLILI_1,110011001100110000,1,-71.156,-71.3512,-44.9456,-224.964,-224.226,-249.623,-338.562,4557.35,3556.12,3559.79,-46.4441,-41.4228,-88.8858,-84.408,-43.9933,-82.004,34.7114,-43.3784,6.82362,3.48663,2.5073,-37.5852,-76.9679,35.2534,-45.0,-378.098,6.6086,2.8044,1.8332,1,LLLSYLLGVLLGLLLGFLILI,SYLLGVLLGLLLGFL,1.1013073463153191,0.0956264733182444,G,99999900.0,-44.892500000000005,-26.210400000000007,24.658999999999992,1001.2300000000005,-0.04483735005942689,-0.026178200813000006,0.024628706690770334,-0.04638704393595875
LLLTLLLGALLGFLLSALILI_1,110011001100110000,1,-76.608,-75.4092,-60.2245,-219.488,-218.171,-238.138,-350.755,4491.61,3664.51,3563.15,-45.9911,-42.4696,-100.65,-99.6449,-52.3925,-89.3594,50.2447,-44.0165,6.82688,6.68695,5.94062,-37.7836,-85.3964,50.7936,-43.9343,-390.34,6.9666,6.1666,5.4285,1,LLLTLLLGALLGFLLSALILI,TLLLGALLGFLLSAL,1.2863723782142695,0.0529746883735986,G,99999900.0,-48.25750000000001,-16.383500000000005,18.650000000000006,827.0999999999995,-0.058345423769798135,-0.01980836658203363,0.022548664006770667,-0.05560524724942575
LLLAFLLGILLGVLLGALILI_0,110011001100110000,1,-58.1671,-51.3476,-44.9385,-218.107,-213.49,-230.551,-321.117,4499.44,3417.84,3541.69,-45.9834,-31.3243,-90.826,-87.6041,-45.6278,-84.1868,45.3051,-37.9916,6.87055,5.24421,4.42378,-31.6981,-82.2405,38.4729,-43.0414,-352.441,7.0713,4.02991,3.107,0,LLLAFLLGILLGVLLGALILI,AFLLGILLGVLLGAL,1.3465992978838024,0.0844095038917105,G,99999900.0,-45.19819999999999,-13.2286,12.443999999999988,1081.5999999999995,-0.04178827662721895,-0.012230584319526634,0.011505177514792894,-0.0425142381656805
LLLAYLLGFLLGLLLGTLILI_1,110011001100110000,1,-73.0569,-62.8907,-58.7251,-226.25,-214.139,-240.182,-334.674,4568.12,3468.72,3491.47,-45.7658,-14.2898,-81.1326,-71.9346,-35.7671,-87.6978,48.0997,-35.7539,6.8093,6.14812,5.36962,-16.2093,-87.8363,33.3963,-37.1588,-351.936,7.4752,4.18395,3.1849,1,LLLAYLLGFLLGLLLGTLILI,AYLLGFLLGLLLGTL,1.1255036338689752,0.1368806394229191,G,99999900.0,-45.3655,-14.331800000000001,13.931999999999988,1099.4,-0.04126387120247407,-0.013036019647080226,0.012672366745497533,-0.04162797889758049
LLLAFLLGLLLGVLLGTLILI_2,110011001100110000,1,-72.7522,-74.417,-58.6886,-217.34,-210.685,-233.798,-338.331,4522.43,3412.86,3444.86,-45.5466,-43.3056,-93.7854,-96.5345,-45.8445,-87.3372,51.3587,-33.0109,7.22117,6.53399,5.80437,-37.7924,-78.841,51.5676,-35.0,-372.143,7.4854,5.28778,4.56129,2,LLLAFLLGLLLGVLLGTLILI,AFLLGLLLGVLLGTL,1.2294291565247728,0.0701639305983685,G,99999900.0,-47.9409,-14.063600000000001,16.458,1109.5700000000002,-0.04320673774525266,-0.012674819975305748,0.014832773056228985,-0.0410488747893328
LLLTFLLGILLGLLLGVLILI_0,110011001100110000,1,-56.2811,-55.1738,-44.9378,-222.186,-221.84,-241.156,-340.059,4585.36,3462.63,3485.96,-45.3645,-42.4521,-106.956,-105.497,-53.9653,-78.9098,43.2042,-41.4911,6.44562,4.16904,3.31711,-41.7586,-79.84,40.4327,-45.0,-382.511,6.5,3.93441,3.0409,0,LLLTFLLGILLGLLLGVLILI,TFLLGILLGLLLGVL,1.2130056867871633,0.0885227950306757,G,99999900.0,-52.990700000000004,-11.3433,18.97,1122.7299999999996,-0.047198079680778125,-0.01010331958707793,0.016896315231622924,-0.04040552937928087
LLLALLLGLLLGTLLSFLILI_1,110011001100110000,1,-90.5454,-80.5523,-74.0307,-224.816,-222.16,-237.459,-366.307,4524.66,3683.02,3527.6,-45.3082,-32.7171,-96.2527,-96.3114,-54.8169,-87.0739,56.8671,-40.8239,6.65379,7.23815,6.59115,-24.3603,-76.1776,59.1137,-38.6839,-390.64,6.9104,5.90699,5.2937,1,LLLALLLGLLLGTLLSFLILI,ALLLGLLLGTLLSFL,1.1362887200523857,0.0756514497365517,G,99999900.0,-41.43580000000001,-16.514700000000005,12.643,841.6399999999999,-0.04923221329784708,-0.01962204743120575,0.01502186207879854,-0.05383323035977378
LLLAYLLGLLLGTLLSFLILI_1,110011001100110000,1,-93.8116,-90.7098,-74.0929,-226.907,-222.774,-243.634,-354.881,4565.18,3698.5,3555.33,-45.0841,-36.1605,-79.2467,-77.5575,-37.154,-86.9979,51.5189,-44.0504,6.41514,6.50474,5.77752,-31.9966,-80.4387,52.288,-45.0,-387.269,6.6037,5.62468,4.909,1,LLLAYLLGLLLGTLLSFLILI,AYLLGLLLGTLLSFL,1.1557142659620887,0.1100857377115872,G,99999900.0,-42.0927,-19.7187,16.726999999999975,866.6800000000003,-0.048567752803803,-0.022751996123136557,0.019300087690958565,-0.052019315087460175
LLLSYLLGVLLGLLLGALILI_2,110011001100110000,1,-71.4097,-69.4632,-44.9456,-219.579,-219.495,-244.973,-345.442,4520.17,3544.6,3571.79,-45.0149,-38.6705,-99.4686,-95.155,-55.5241,-81.4755,34.0944,-43.1274,6.80594,3.32407,2.33548,-36.8869,-76.9679,35.2534,-45.0,-382.136,6.6086,2.8044,1.8332,2,LLLSYLLGVLLGLLLGALILI,SYLLGVLLGLLLGAL,1.1297542700144243,0.0464314392135573,G,99999900.0,-43.9445,-26.464100000000002,25.394000000000005,975.5700000000002,-0.04504494808163432,-0.027126807917422634,0.026029910718861796,-0.04614215279272629
LLLYTLLAILLGLLLGFLILI_2,110011001100110000,1,-69.0043,-67.2199,-44.9774,-230.249,-223.21,-246.979,-337.702,4624.54,4029.73,3581.62,-44.9553,63.992,-83.4039,16.7197,-45.7454,-66.047,49.2955,-50.0238,7.07112,3.06194,2.30137,54.7611,-66.7527,35.1406,-44.5294,-273.71,7.1807,1.25689,0.283999,2,LLLYTLLAILLGLLLGFLILI,YTLLAILLGLLLGFL,0.2544690929432932,0.0290451223111449,G,99999900.0,-37.6585,-24.026899999999998,16.730000000000018,594.81,-0.06331181385652561,-0.04039424353995393,0.02812662867134046,-0.07557926060422657
LLLLVALLLLLTALLFSLILI_0,110011001100110000,1,-74.2669,-74.2423,-74.2423,-245.337,-229.07,-242.457,-375.322,4599.72,3595.06,3519.71,-44.9043,-25.8438,-100.622,-97.8533,-58.6219,-3.80018,114.058,26.8542,9.03775,2.46789,2.67876,-24.4481,-3.14953,98.5758,19.1098,-401.166,8.9946,0.280163,0.2588,0,LLLLVALLLLLTALLFSLILI,LVALLLLLTALLFSL,0.4516836537217836,0.0640310934055222,L,99999900.0,-42.0001,-0.024600000000006617,-2.8799999999999955,1004.6600000000003,-0.041805287360898204,-2.4485895725923806e-05,-0.0028666414508390844,-0.044696016562817256
LLLTFLLGLLLGVLLAALILI_2,110011001100110000,1,-57.8777,-56.0276,-44.9935,-226.309,-222.469,-239.206,-338.391,4548.14,3550.43,3550.93,-44.7561,-13.7627,-98.9599,-73.6573,-54.191,-86.4739,45.653,-40.1695,6.92491,5.63424,4.81904,-29.2922,-75.4208,48.7219,-40.9997,-368.257,7.4067,4.39057,3.6214,2,LLLTFLLGLLLGVLLAALILI,TFLLGLLLGVLLAAL,1.3046603252905211,0.1421954774659876,G,99999900.0,-44.7689,-12.8842,12.896999999999991,997.7100000000005,-0.044871656092451695,-0.012913772539114566,0.012926601918393106,-0.04485882671317315
LLLLLLLLAVLTALLFILILI_0,110011001100110000,1,-58.9289,-58.9289,-58.9289,-248.111,-239.45,-243.476,-368.416,4574.52,3679.07,3621.13,-44.7153,-32.6502,-106.091,-102.687,-66.0112,-4.48066,114.771,19.4571,9.07452,2.66618,2.88774,-33.1471,-10.3153,94.584,18.0,-401.066,9.3619,0.81614,0.734901,0,LLLLLLLLAVLTALLFILILI,LLLLLAVLTALLFIL,0.3155896039809526,0.0333910799329174,L,99999900.0,-40.07979999999999,0.0,-4.634999999999991,895.4500000000003,-0.04475939471773966,0.0,-0.005176168406946216,-0.04993612150315482
LLLLVALLLLLTSLLFLLILI_2,110011001100110000,1,-74.1744,-73.5419,-74.2973,-246.246,-244.149,-246.51,-385.555,4645.13,3608.58,3549.81,-44.4782,-30.2696,-109.613,-98.1336,-64.7473,-6.35302,106.252,32.5264,8.73895,1.79691,1.89068,-29.0858,-10.5055,89.5832,26.7676,-415.743,8.6395,0.169552,0.0132994,2,LLLLVALLLLLTSLLFLLILI,LVALLLLLTSLLFLL,0.5076519739762442,0.0338409857206576,L,99999900.0,-44.865700000000004,0.12290000000000134,0.2639999999999816,1036.5500000000002,-0.04328368144324923,0.00011856639814770278,0.00025469104240025234,-0.04290984515942308
LLLAFLLGTLLGLLLSVLILI_2,110011001100110000,1,-83.5587,-82.8443,-74.0774,-219.969,-217.261,-237.012,-357.949,4518.62,3565.16,3567.54,-44.4495,-30.9745,-98.8707,-88.8176,-46.8596,-91.5073,54.2181,-36.2278,6.97475,7.54555,6.85882,-33.47,-91.43,48.2927,-36.5962,-390.482,7.0472,6.73401,5.9584,2,LLLAFLLGTLLGLLLSVLILI,AFLLGTLLGLLLSVL,1.3252544722760728,0.0655699922426975,G,99999900.0,-52.0111,-9.481300000000005,17.043000000000006,953.46,-0.05454985001992742,-0.009944098336584654,0.01787489774085961,-0.0466191554968221
LLLAVLLGILLGLLLGFLILI_0,110011001100110000,1,-56.7197,-56.4487,-44.9616,-219.814,-215.293,-234.215,-337.471,4457.14,3526.5,3462.3,-44.3666,-35.3375,-105.304,-101.067,-58.295,-78.5512,49.5735,-41.9967,6.37317,4.9751,4.2187,-34.9137,-79.84,40.4327,-45.0,-372.809,6.5,3.93441,3.0409,0,LLLAVLLGILLGLLLGFLILI,AVLLGILLGLLLGFL,1.294068711520311,0.0684635587125537,G,99999900.0,-47.009,-11.758100000000006,14.40100000000001,930.6400000000003,-0.05051255050287972,-0.012634423622453367,0.01547429725780109,-0.047673214132210075
LLLSYLLGVLLGLLLGTLILI_0,110011001100110000,1,-85.309,-82.1063,-58.7288,-222.825,-221.353,-249.141,-358.264,4524.74,3512.78,3563.13,-44.36,-30.6645,-94.4898,-85.4686,-50.3941,-98.4834,30.6148,-41.451,6.49252,5.4055,4.36472,-30.6553,-92.5815,39.7325,-40.3169,-388.928,6.7382,5.75111,4.8471,0,LLLSYLLGVLLGLLLGTLILI,SYLLGVLLGLLLGTL,1.0364347610581464,0.0159758259509892,G,99999900.0,-44.0957,-26.580199999999998,26.316000000000003,1011.9599999999996,-0.04357454840112259,-0.026266057946954434,0.026004980434009263,-0.043835724732202874
LLLLWVLLATLYLLLSFLILI_0,110011001100110000,1,-74.1387,-74.1387,-74.192,-253.97,-244.146,-253.342,-368.348,4626.02,3735.59,3558.31,-44.2186,-35.4599,-84.4576,-85.523,-40.8137,-46.1477,78.1189,20.7143,9.38446,3.9682,3.63999,-35.1151,-48.4345,65.2982,19.9952,-403.808,9.3565,2.58043,2.0599,0,LLLLWVLLATLYLLLSFLILI,LWVLLATLYLLLSFL,0.8046204009758794,0.0439864922925969,L,99999900.0,-43.6439,0.05329999999999302,-0.6279999999999859,890.4300000000003,-0.049014408768797084,5.985871994428872e-05,-0.0007052772256100824,-0.04965982727446289
LLLTFLLGLLLGVLLAILILI_2,110011001100110000,1,-57.8427,-56.3001,-44.9935,-229.715,-228.945,-242.981,-346.411,4556.2,3546.43,3547.59,-43.8692,-41.6658,-102.722,-102.831,-58.4367,-84.3394,47.0499,-39.923,6.95915,5.50265,4.7084,-29.5888,-75.4208,48.7219,-40.9997,-376.918,7.4067,4.39057,3.6214,2,LLLTFLLGLLLGVLLAILILI,TFLLGLLLGVLLAIL,1.3488972178456695,0.1283689865707424,G,99999900.0,-44.28529999999999,-12.849200000000003,13.265999999999991,1009.77,-0.04385681887954682,-0.012724877942501761,0.013137645206334108,-0.04344474484288501
LLLLLLLLAVLFILLITLILI_1,110011001100110000,1,-58.8706,-58.8706,-58.8706,-254.049,-251.993,-247.543,-376.298,4598.94,3735.19,3601.85,-43.7877,85.1994,-107.166,19.7646,-69.8841,-47.908,90.5033,28.4371,9.04489,5.90415,5.7617,39.022,-48.0588,67.1612,19.6216,-337.368,9.5,2.77558,2.283,1,LLLLLLLLAVLFILLITLILI,LLLLLAVLFILLITL,0.2065774262774471,0.0663552451964388,L,99999900.0,-37.28189999999999,0.0,-6.506,863.7499999999995,-0.04316283646888569,0.0,-0.007532272069464548,-0.05069487698986978
LLLFYLLGVLLGLLLGTLILI_0,110011001100110000,1,-70.7277,-71.9052,-58.7456,-224.315,-219.307,-239.268,-331.577,4684.01,3555.44,3542.48,-43.7105,-38.7189,-80.2451,-79.084,-33.5634,-76.4778,54.3843,-43.2051,6.76021,5.31355,4.62932,-39.066,-70.5949,52.7477,-43.07,-370.296,6.8566,4.21018,3.5014,0,LLLFYLLGVLLGLLLGTLILI,FYLLGVLLGLLLGTL,1.058091625153706,0.0801342345385411,G,99999900.0,-46.68169999999999,-11.982099999999996,14.953000000000003,1128.5700000000002,-0.0413635840045367,-0.010617064072232998,0.013249510442418282,-0.03873087181123014
LLLLVALLLALTALLFSLILI_1,110011001100110000,1,-74.2423,-74.2423,-74.2423,-240.07,-234.814,-238.396,-365.879,4525.58,3567.13,3520.37,-43.6893,-22.0712,-95.2555,-78.8941,-53.2409,-3.80671,111.836,26.7375,9.01727,2.16881,2.34634,-24.3757,-3.14953,98.5758,19.1098,-390.344,8.9946,0.280163,0.2588,1,LLLLVALLLALTALLFSLILI,LVALLLALTALLFSL,0.8536033350104226,0.0427132405392757,L,99999900.0,-42.014599999999994,0.0,-1.6740000000000066,958.4499999999998,-0.043835985184412334,0.0,-0.0017465699827847116,-0.045583285513067985
LLLLVALLLLLTSLLFALILI_1,110011001100110000,1,-78.0719,-79.1816,-74.2973,-240.073,-236.443,-242.433,-374.932,4602.84,3522.6,3541.91,-43.6566,-35.3713,-100.444,-94.6786,-58.2024,-7.74954,103.147,29.0322,8.66516,1.58725,1.63446,-28.7762,-10.5055,89.5832,26.7676,-406.345,8.6395,0.169552,0.0132994,1,LLLLVALLLLLTSLLFALILI,LVALLLLLTSLLFAL,0.5384132798239786,0.048328375111771,L,99999900.0,-42.241600000000005,-3.7745999999999924,2.359999999999985,1080.2400000000002,-0.03910390283640672,-0.0034942235058875726,0.002184699696363757,-0.04041379693401465
LLLALLLGFLLGTLLGVLILI_0,110011001100110000,1,-73.0889,-67.0194,-58.6797,-214.289,-209.484,-232.75,-340.691,4439.35,3397.92,3396.18,-43.5706,-29.9398,-96.883,-94.1274,-49.2612,-80.3642,52.6536,-34.8096,7.0524,5.66287,4.95268,-30.3321,-82.6456,43.881,-35.0,-370.631,7.5,4.82078,3.979,0,LLLALLLGFLLGTLLGVLILI,ALLLGFLLGTLLGVL,1.2173323936713478,0.0806943384301634,G,99999900.0,-47.62179999999999,-14.409199999999998,18.461000000000013,1041.4300000000003,-0.04572731724647838,-0.013835975533641237,0.017726587480675616,-0.04183728143034096
LLLLVALLLALLYLLSTLILI_2,110011001100110000,1,-74.1853,-74.1853,-74.1766,-248.861,-241.273,-244.423,-379.55,4571.41,3646.35,3617.31,-43.4382,-32.8545,-99.9415,-96.9459,-60.9504,-3.76549,123.489,18.2863,9.31688,3.73579,4.08811,-26.8383,-8.98253,98.9788,18.8869,-406.464,9.4948,1.20952,1.1942,2,LLLLVALLLALLYLLSTLILI,LVALLLALLYLLSTL,0.4596471604868533,0.0118939722406029,L,99999900.0,-38.9911,-0.008700000000004593,-4.437999999999988,925.06,-0.042149806499037906,-9.404795364629964e-06,-0.004797526646920187,-0.04695717034570731
LLLALLLGTLLGFLLSILILI_2,110011001100110000,1,-84.3362,-84.2485,-74.0793,-221.449,-222.055,-238.286,-362.898,4478.03,3621.55,3567.81,-43.2323,-30.9443,-100.346,-87.5388,-50.5325,-92.1451,53.5909,-35.9794,7.05335,7.55654,6.8604,-32.2458,-91.43,48.2927,-36.5962,-397.649,7.0472,6.73401,5.9584,2,LLLALLLGTLLGFLLSILILI,ALLLGTLLGFLLSIL,1.3831149009425785,0.1041127377317918,G,99999900.0,-49.813500000000005,-10.256900000000002,16.83699999999999,856.4799999999996,-0.05816072762936675,-0.011975644498412114,0.01965836913880067,-0.05047671866243231
LLLLALLFALTYLLAVLLILI_0,110011001100110000,1,-58.8679,-58.8679,-58.8679,-247.167,-234.146,-241.553,67763.3,4625.42,3711.38,3771.01,-43.134,-19.923,68026.2,68036.4,68063.7,-103.676,26.1779,24.8709,9.24326,5.58542,4.47809,-18.9152,-99.2693,14.1594,28.0,67743.4,9.4208,3.30191,2.0143,0,LLLLALLFALTYLLAVLLILI,LALLFALTYLLAVLL,0.6785895922755752,0.023685726243169,L,99999900.0,-37.5,0.0,-5.614000000000004,914.04,-0.04102665091243272,0.0,-0.006141963152597266,-0.04719049494551661
LLLLAFLLAVLTSLLLILILI_0,110011001100110000,1,-74.1077,-73.1527,-74.2631,-244.187,-236.946,-241.793,-370.085,4530.97,3530.04,3554.64,-43.1275,-33.3539,-94.9177,-93.3407,-54.029,-5.17362,107.338,22.7469,9.11606,1.76663,1.87669,-33.2532,-9.91693,90.5104,21.4559,-403.439,9.3626,0.206444,0.0641001,0,LLLLAFLLAVLTSLLLILILI,LAFLLAVLTSLLLIL,0.400087427001649,0.07191569027112,L,99999900.0,-40.88869999999999,0.1554000000000002,-2.3940000000000055,1000.9300000000003,-0.04085070884077806,0.00015525561228057921,-0.002391775648646763,-0.04308742869131706
LLLLVALALLLTSLIFLLILI_2,110011001100110000,1,-74.1739,-77.7712,-74.2414,-241.618,-233.681,-242.377,-371.108,4590.87,3591.36,3476.58,-42.9163,-33.434,-98.233,-93.0899,-54.4897,-6.56403,119.866,28.2544,8.90896,3.66645,3.96443,-24.0899,-7.06267,100.0,24.3247,-394.965,8.5,1.0594,1.0594,2,LLLLVALALLLTSLIFLLILI,LVALALLLTSLIFLL,0.4099365004328282,0.0370894540866004,L,99999900.0,-43.743300000000005,0.06749999999999545,0.7590000000000146,999.5099999999998,-0.043764744724915226,6.753309121469067e-05,0.0007593720923252541,-0.04293733929625518
LLLSYLLGVLLGTLLGFLILI_0,110011001100110000,1,-83.6882,-81.1759,-58.6887,-223.862,-226.157,-248.976,-339.766,4521.23,3614.85,3539.91,-42.8132,198.958,-75.0295,166.525,-32.1018,-76.0479,35.2419,-41.6651,6.82924,2.66484,1.69346,130.064,-69.5064,38.1576,-45.0,-140.808,6.5231,2.07724,1.1496,0,LLLSYLLGVLLGTLLGFLILI,SYLLGVLLGTLLGFL,0.864237885732473,0.095042538074375,G,99999900.0,-42.9277,-24.999499999999998,25.114000000000004,906.3799999999997,-0.04736170259714471,-0.027581698625300653,0.027708025331538665,-0.047235375890906706
LLLSYLLGLLLGTLLGFLILI_1,110011001100110000,1,-83.5074,-67.2998,-58.7496,-228.819,-227.723,-250.628,-346.331,4571.34,3619.11,3552.22,-42.7948,744.346,-76.7986,693.038,-36.9527,-77.9201,42.0873,-45.3331,6.44901,3.86979,3.0011,734.705,-69.5064,38.1576,-45.0,381.85,6.5231,2.07724,1.1496,1,LLLSYLLGLLLGTLLGFLILI,SYLLGLLLGTLLGFL,0.9168629485914948,0.0910374063002347,G,99999900.0,-39.84589999999999,-24.757800000000003,21.808999999999997,952.23,-0.041844827405143704,-0.025999810970038752,0.0229030801382019,-0.044941663253625704
LLLALLLGLLLGVLLSTLILI_1,110011001100110000,1,-91.1994,-87.956,-74.1192,-219.069,-217.28,-235.049,-376.841,4484.34,3589.29,3599.18,-42.7549,946.154,-109.327,874.549,-67.6724,-89.2311,54.0195,-39.7719,6.49144,7.17729,6.48759,-16.353,-97.764,38.4753,-38.0973,-393.95,7.04,6.35877,5.4359,1,LLLALLLGLLLGVLLSTLILI,ALLLGLLLGVLLSTL,1.0242642286707109,0.0268932977000721,G,99999900.0,-41.6546,-17.08019999999999,15.980000000000018,895.0500000000002,-0.04653885257806826,-0.019082956259426832,0.017853751187084536,-0.047768169376012505
LLLLYALVFLLTSLLALLILI_1,110011001100110000,1,-80.926,-81.1843,-74.2417,-233.893,-227.609,-244.543,-357.984,4606.04,3594.63,3612.24,-42.7393,128.793,-85.9038,79.6025,-39.1986,-3.45734,122.702,20.8038,8.18852,3.58341,3.92394,-21.7731,-7.06267,100.0,24.3247,-380.018,8.5,1.0594,1.0594,1,LLLLYALVFLLTSLLALLILI,LYALVFLLTSLLALL,0.3918765766933774,0.0692387000201776,L,99999900.0,-46.705200000000005,-6.6843000000000075,10.650000000000006,1011.4099999999999,-0.04617830553385868,-0.006608892536162396,0.010529854361732639,-0.04225714596454455
LLLAALLGLLLGTLLSFLILI_1,110011001100110000,1,-91.0865,-85.61,-74.0929,-222.068,-217.782,-234.678,-356.375,4456.71,3704.54,3634.85,-42.7289,-27.3032,-85.949,-80.2861,-47.6033,-88.2665,52.7589,-43.5528,6.34038,6.86243,6.15381,-25.2213,-80.4387,52.288,-45.0,-380.954,6.6037,5.62468,4.909,1,LLLAALLGLLLGTLLSFLILI,AALLGLLLGTLLSFL,1.1654299997876791,0.1169336704326826,G,99999900.0,-38.3457,-16.9936,12.609999999999985,752.1700000000001,-0.05098009758432269,-0.02259276493345919,0.01676482710025657,-0.05680750362285122
LLLLVALLLALTALLFILILI_0,110011001100110000,1,-58.8987,-58.8987,-58.8987,-242.563,-232.394,-240.417,-357.083,4557.61,3640.84,3579.92,-42.648,-29.4143,-98.2687,-95.2043,-57.7672,-7.4427,107.954,21.1515,9.15065,2.19016,2.30946,-28.1674,-11.3257,90.2296,21.4503,-386.497,9.259,0.379856,0.233301,0,LLLLVALLLALTALLFILILI,LVALLLALTALLFIL,0.7718065845740175,0.0527566364028536,L,99999900.0,-40.50149999999999,0.0,-2.1459999999999866,916.7699999999995,-0.044178474426519204,0.0,-0.0023408270340434215,-0.046519846853627436
LLLSYLLGVLLGLLLAFLILI_0,110011001100110000,1,-70.0222,-67.7448,-44.9369,-226.74,-225.502,-250.735,-342.933,4561.79,3670.35,3604.49,-42.6317,-37.3632,-88.8021,-87.0492,-47.2606,-85.6043,44.9919,-45.1191,7.11198,5.41455,4.58943,-38.611,-83.7533,47.7994,-42.6647,-380.296,7.5,5.51591,4.7329,0,LLLSYLLGVLLGLLLAFLILI,SYLLGVLLGLLLAFL,1.0376215045686437,0.119315756970009,G,99999900.0,-41.5415,-25.085299999999997,23.995000000000005,891.44,-0.046600444225074034,-0.02814020012563941,0.026917122857399268,-0.047823409315265186
LLLYFLLGALLGILLSLLILI_0,110011001100110000,1,-73.0694,-65.2413,-60.2613,-229.412,-221.721,-245.81,-345.068,4688.24,3681.29,3669.59,-42.6019,-28.6596,-85.1891,-86.7661,-38.9969,-81.5273,61.7652,-44.5859,6.57449,7.0674,6.49388,-28.2795,-75.95,58.5447,-41.9323,-373.728,6.6534,5.79603,5.1742,0,LLLYFLLGALLGILLSLLILI,YFLLGALLGILLSLL,0.992907173829393,0.1149816452261383,G,99999900.0,-46.1922,-12.808100000000003,16.397999999999996,1006.9499999999998,-0.04587338000893789,-0.012719698098217394,0.016284820497542082,-0.042307860370425554
LLLLLLLLAILFTLLIVLILI_1,110011001100110000,1,-58.8379,-58.8379,-58.8379,-252.617,-252.203,-247.235,-376.29,4582.73,3701.57,3545.46,-42.4559,-3.95369,-107.291,-69.2023,-70.2167,-50.0013,71.8067,25.7649,9.16441,3.6941,3.2712,3.49939,-49.1,60.9087,20.3213,-371.91,9.2716,2.08767,1.5013,1,LLLLLLLLAILFTLLIVLILI,LLLLLAILFTLLIVL,0.3724407232954407,0.0654942266241064,L,99999900.0,-37.074299999999994,0.0,-5.381999999999977,881.1599999999994,-0.04207442462208909,0.0,-0.006107857823777725,-0.048181828498797076
LLLLFLLLAILYVLLSTLILI_2,110011001100110000,1,-74.2107,-74.2107,-74.2107,-253.45,-250.683,-248.889,-367.307,4647.88,3671.1,3622.11,-42.3446,-40.5974,-81.9908,-83.0109,-44.2074,-47.9103,75.3145,16.5524,9.28018,3.854,3.48372,-35.0409,-47.6786,61.7307,20.0175,-403.655,9.3356,1.98544,1.4114,2,LLLLFLLLAILYVLLSTLILI,LFLLLAILYVLLSTL,0.1495354034422845,0.0672973318514065,L,99999900.0,-37.78339999999999,0.0,-4.560999999999979,976.7800000000002,-0.03868158643706872,0.0,-0.004669424025880933,-0.043351215217346785
LLLTLLLGVLLGFLLGILILI_2,110011001100110000,1,-56.3341,-56.4243,-44.9313,-225.294,-224.609,-241.228,-340.112,4527.7,3612.26,3571.95,-42.3279,-39.0361,-100.812,-98.1145,-53.9534,-91.8775,43.6265,-45.3592,6.54818,6.1712,5.32559,-31.8196,-90.0074,38.3333,-42.1317,-373.032,6.7822,5.1761,4.2511,2,LLLTLLLGVLLGFLLGILILI,TLLLGVLLGFLLGIL,1.178168049851392,0.0577804764971336,G,99999900.0,-46.858599999999996,-11.4028,15.933999999999997,915.4399999999996,-0.05118697020012236,-0.01245608669055318,0.01740583762999214,-0.04623776544612429
LLLTFLLGALLGILLSLLILI_1,110011001100110000,1,-75.0733,-71.7627,-60.2746,-224.087,-224.201,-242.606,-357.483,4576.04,3598.52,3612.73,-42.2684,-35.3015,-100.591,-96.8205,-54.6024,-83.7188,57.1749,-42.1395,6.64092,6.77643,6.13405,-32.7373,-77.8631,56.6563,-43.9434,-390.872,6.8019,5.82806,5.1779,1,LLLTFLLGALLGILLSLLILI,TFLLGALLGILLSLL,1.1083839271429516,0.0352431530028336,G,99999900.0,-45.98859999999999,-14.798700000000004,18.519000000000005,977.52,-0.0470461985432523,-0.01513902528848515,0.018944880923152472,-0.043240445208282186
LLLLLFLLAVLTYLLSALILI_2,110011001100110000,1,-74.2106,-71.1032,-74.2021,-249.919,-240.38,-244.715,-358.391,4628.26,3679.05,3632.31,-42.251,-27.4845,-76.5118,-74.3917,-39.474,-7.74877,115.611,25.6684,9.63346,3.26986,3.50403,-25.5866,-7.46127,97.2494,27.9329,-385.875,9.5,0.747859,0.7066,2,LLLLLFLLAVLTYLLSALILI,LLFLLAVLTYLLSAL,0.27198798558594,0.0141010613614742,L,99999900.0,-37.0378,-0.008499999999997954,-5.204000000000008,949.21,-0.03901960577743597,-8.95481505672923e-06,-0.0054824538300270835,-0.04451175187787739
LLLTYLLGVLLGLLLGFLILI_0,110011001100110000,1,-59.0906,-57.3899,-44.9134,-229.67,-226.723,-248.28,-336.902,4591.86,3576.56,3512.19,-42.2293,-30.0874,-90.3713,-82.8764,-43.709,-65.1604,53.428,-36.0875,6.50696,3.48684,2.78826,-28.7779,-70.6256,40.5984,-41.2559,-366.99,6.8843,2.57462,1.6836,0,LLLTYLLGVLLGLLLGFLILI,TYLLGVLLGLLLGFL,0.9485131063736107,0.1160018944808707,G,99999900.0,-46.6623,-14.1772,18.610000000000014,1015.2999999999997,-0.04595912538166061,-0.013963557569191374,0.018329557766177503,-0.041592928198562015
LLLLSYLVALLLTLALLLILI_0,110011001100110000,1,-60.8008,-60.5813,-58.8562,-241.526,-219.605,-241.969,-364.629,4646.89,3604.15,3609.4,-42.1364,54.3786,-104.438,-30.0633,-63.8037,-52.9011,86.4118,17.6486,9.56849,6.10076,5.89694,49.7581,-61.4585,53.4775,20.0104,-310.25,9.4977,2.93824,2.2404,0,LLLLSYLVALLLTLALLLILI,LSYLVALLLTLALLL,0.523648717605081,0.0586774408705925,L,99999900.0,-40.6343,-1.9446000000000012,0.44299999999998363,1042.7400000000002,-0.03896877457467825,-0.0018648944127970548,0.0004248422425532573,-0.040409306250839126
LLLYFLLGTLLGVLLALLILI_1,110011001100110000,1,-69.0517,-67.9945,-58.7627,-233.433,-226.047,-245.562,-338.795,4676.31,3601.74,3675.14,-42.1088,-31.6611,-78.4197,-76.4149,-34.4706,-79.8351,39.7778,-41.6485,6.85573,3.84526,2.94193,-31.1935,-70.6256,40.5984,-41.2559,-370.125,6.8843,2.57462,1.6836,1,LLLYFLLGTLLGVLLALLILI,YFLLGTLLGVLLALL,1.0011584518216063,0.0959992674866827,G,99999900.0,-43.94910000000001,-10.288999999999994,12.129000000000019,1074.5700000000006,-0.04089924341829754,-0.009574992787812788,0.011287305619922399,-0.039186651404747926
LLLAYLLGVLLGLLLGSLILI_0,110011001100110000,1,-72.7513,-73.5397,-60.2742,-216.316,-214.832,-237.255,-348.662,4498.22,3471.45,3460.86,-41.9544,690.114,-101.549,629.824,-51.1329,-76.7902,43.5618,-36.218,6.67925,3.89936,3.05279,568.586,-71.2876,45.5524,-38.516,341.452,6.6243,3.34271,2.526,0,LLLAYLLGVLLGLLLGSLILI,AYLLGVLLGLLLGSL,1.2249488004183615,0.1255955835829465,G,99999900.0,-50.41610000000001,-12.4771,20.938999999999993,1026.7700000000004,-0.04910164886001732,-0.012151796410101575,0.02039307732013984,-0.0408605627355688
LLLLVALLLLLTALLFILILI_1,110011001100110000,1,-58.8987,-58.8987,-58.8987,-243.826,-244.132,-244.471,-367.664,4630.25,3625.9,3597.95,-41.9505,-34.4161,-106.889,-99.0492,-64.2939,-6.04351,105.081,20.5315,8.9618,1.5924,1.66861,-31.5598,-11.3257,90.2296,21.4503,-398.062,9.259,0.379856,0.233301,1,LLLLVALLLLLTALLFILILI,LVALLLLLTALLFIL,0.4642023088254405,0.1423617059231388,L,99999900.0,-42.5951,0.0,0.6450000000000102,1004.3499999999999,-0.0424106138298402,0.0,0.000642206402150655,-0.04176880569522577
LLLLALLLAVLTALLFILILI_2,110011001100110000,1,-58.9289,-58.9289,-58.9289,-243.992,-242.304,-240.332,-354.904,4540.42,3607.33,3601.96,-41.9254,-39.5381,-93.9084,-93.209,-55.6431,-3.79442,114.653,21.4891,9.00311,2.54732,2.76712,-31.453,-10.3153,94.584,18.0,-386.141,9.3619,0.81614,0.734901,2,LLLLALLLAVLTALLFILILI,LALLLAVLTALLFIL,0.4485914090227083,0.0153548671577789,L,99999900.0,-38.2653,0.0,-3.6599999999999966,933.0900000000001,-0.04100922740571649,0.0,-0.003922451210494161,-0.04493178578700875
LLLLLALLYTLALLLSILILI_1,110011001100110000,1,-74.234,-66.398,-74.3136,-249.57,-249.423,-245.248,-383.526,4549.98,3770.31,3568.25,-41.8715,-36.6621,-101.593,-104.367,-63.964,-6.17577,112.08,30.6931,8.64586,2.55723,2.73843,-23.7983,-11.6325,90.4248,27.7087,-408.558,8.5,0.452228,0.308601,1,LLLLLALLYTLALLLSILILI,LLALLYTLALLLSIL,0.8359271911683374,0.080184887536994,L,99999900.0,-37.629000000000005,0.07959999999999923,-4.322000000000003,779.6699999999996,-0.04826272653815079,0.0001020944758679945,-0.0055433709133351355,-0.05370413123500971
LLLLLALLFVLTSLLYLLILI_2,110011001100110000,1,-76.8504,-75.7432,-74.2961,-244.865,-219.802,-248.848,-372.584,4628.08,3612.1,3563.4,-41.8363,-12.085,-92.7048,-89.1233,-49.4402,-5.81569,118.18,23.1851,8.7327,3.32665,3.59935,-11.8483,-7.37323,96.1061,21.1567,-384.669,8.5838,0.580309,0.521901,2,LLLLLALLFVLTSLLYLLILI,LLALLFVLTSLLYLL,0.4444569272340015,0.049242994615379,L,99999900.0,-43.26460000000001,-2.554299999999998,3.983000000000004,1015.98,-0.04258410598633832,-0.0025141242937853085,0.0039203527628496665,-0.04117827122581153
LLLLLFLLAVLTYLLSLLILI_0,110011001100110000,1,-71.1032,-71.1032,-74.2021,-252.73,-244.437,-248.788,-369.83,4688.69,3693.73,3624.22,-41.8079,-31.2498,-87.8053,-85.5392,-46.8404,-5.39497,112.949,26.8126,9.36965,2.55731,2.75154,-30.5311,-7.46127,97.2494,27.9329,-401.08,9.5,0.747859,0.7066,0,LLLLLFLLAVLTYLLSLLILI,LLFLLAVLTYLLSLL,0.3545253403690356,0.0274608733969196,L,99999900.0,-40.9649,3.0989000000000004,-3.941999999999979,994.9599999999996,-0.04117240894106298,0.0031145975717616807,-0.003961968320334466,-0.042019679183082755
LLLVSLLFLLAYLLATLLILI_0,110011001100110000,1,-62.6246,-62.7895,-58.8596,-243.317,-223.081,-245.294,-347.941,4642.39,3611.88,3615.28,-41.7346,-16.4057,-83.7342,-78.4763,-43.7873,-101.946,47.2218,26.6594,8.94609,8.16684,7.37516,-14.2035,-106.428,19.5913,24.4851,-364.346,8.9302,5.10903,3.9029,0,LLLVSLLFLLAYLLATLLILI,VSLLFLLAYLLATLL,0.6052341994408789,0.0904227171992765,L,99999900.0,-39.9469,-3.7650000000000006,1.9770000000000039,1030.5100000000002,-0.03876420413193466,-0.0036535307760235222,0.0019184675549000043,-0.04049897623506807
LLLTFLLGALLGILLSALILI_2,110011001100110000,1,-75.1486,-69.7988,-60.2746,-220.165,-219.266,-239.606,-345.833,4583.44,3571.72,3593.08,-41.6778,-29.3079,-92.1977,-86.0758,-45.9527,-84.2571,56.9975,-41.9477,6.64114,6.83323,6.18819,-30.8956,-77.8631,56.6563,-43.9434,-378.019,6.8019,5.82806,5.1779,2,LLLTFLLGALLGILLSALILI,TFLLGALLGILLSAL,1.2131517134292662,0.1410504835884509,G,99999900.0,-46.245,-14.874000000000002,19.441000000000003,1011.7199999999998,-0.045709287154548695,-0.014701696121456534,0.019215790930296926,-0.041194994662554864
LLLSTLLGFLLGVLLGALILI_2,110011001100110000,1,-72.7896,-74.5857,-44.9056,-215.653,-213.042,-251.858,-339.546,4539.22,3434.5,3397.98,-41.5916,7910.28,-92.6953,7858.36,-42.7824,-74.656,49.0457,-36.9547,7.02131,4.31956,3.55524,2931.7,-66.9239,51.0441,-36.0241,7570.74,6.7893,3.42954,2.6952,2,LLLSTLLGFLLGVLLGALILI,STLLGFLLGVLLGAL,0.9953996615022432,0.0528536701398552,G,99999900.0,-49.9129,-27.883999999999993,36.20500000000001,1104.7200000000003,-0.0451814939532189,-0.025240784995292913,0.032773010355565214,-0.03764899703092185
LLLLFWLLAVLTALLYLLILI_1,110011001100110000,1,-58.9566,-58.9566,-58.9566,-247.687,-225.776,-249.07,-348.058,4786.24,3606.85,3562.28,-41.5776,-8.00545,-82.9922,-71.331,-40.0319,-4.34474,125.644,21.7179,9.37804,4.11366,4.49832,-9.80379,-10.97,92.972,21.0294,-347.089,8.5,0.69672,0.5913,1,LLLLFWLLAVLTALLYLLILI,LFWLLAVLTALLYLL,0.4131530644831216,0.0345315166745863,L,99999900.0,-42.9603,0.0,1.3829999999999814,1179.3899999999999,-0.03642586421794317,0.0,0.0011726400936076969,-0.03525347849311933
LLLSYLLGLLLGVLLGTLILI_0,110011001100110000,1,-83.58,-81.713,-58.7511,-221.522,-220.931,-247.414,-356.402,4529.24,3496.05,3561.44,-41.5625,-33.9563,-92.862,-87.7137,-50.2369,-82.5781,38.3716,-43.2536,6.6877,4.06688,3.14245,-32.9127,-82.2405,38.4729,-43.0414,-390.358,7.0713,4.02991,3.107,0,LLLSYLLGLLLGVLLGTLILI,SYLLGLLLGVLLGTL,1.0920548493662496,0.0107621692266515,G,99999900.0,-42.625099999999996,-24.828899999999997,25.891999999999996,1033.1899999999996,-0.041255819355588044,-0.024031301115961252,0.025060250292782554,-0.04022735411686139
LLLYFLLGALLGILLTLLILI_2,110011001100110000,1,-67.377,-67.9612,-58.775,-227.9,-226.676,-246.988,-341.423,4712.69,3689.3,3659.07,-41.557,-39.5367,-87.703,-86.3222,-35.6595,-76.8108,60.327,-44.7846,6.66133,6.16576,5.57067,-37.2888,-72.8097,60.8563,-43.7016,-378.546,6.839,5.63706,5.0499,2,LLLYFLLGALLGILLTLLILI,YFLLGALLGILLTLL,1.1126677155414113,0.120538530023752,G,99999900.0,-52.0435,-8.601999999999997,19.087999999999994,1023.3899999999994,-0.05085402436998606,-0.008405397746704582,0.018651735897360737,-0.04060719764703586
LLLYFLLGLLLGVLLGSLILI_0,110011001100110000,1,-75.2481,-75.5891,-60.2835,-220.842,-218.266,-243.193,-336.922,4639.74,3451.94,3448.81,-41.4836,-38.6305,-82.3146,-81.6969,-33.4451,-81.2578,53.2781,-39.8345,6.48963,5.88121,5.18039,-38.4342,-78.9548,52.0865,-37.7493,-375.552,6.5,5.3749,4.6562,0,LLLYFLLGLLLGVLLGSLILI,YFLLGLLLGVLLGSL,1.2778778886582676,0.1489711012554658,G,99999900.0,-48.8695,-14.964599999999997,22.351,1187.7999999999997,-0.04114286916989393,-0.012598585620474828,0.018817140932816976,-0.03492473480383904
LLLAALLGTLLGLLLSFLILI_1,110011001100110000,1,-85.346,-75.5072,-74.0277,-221.462,-215.724,-234.584,-357.249,4438.98,3694.47,3645.5,-41.4163,-20.7251,-91.8564,-86.7424,-48.6373,-89.7771,50.0887,-42.7913,6.23305,6.72854,5.97987,-17.5407,-80.4387,52.288,-45.0,-376.785,6.6037,5.62468,4.909,1,LLLAALLGTLLGLLLSFLILI,AALLGTLLGLLLSFL,1.0930480745445814,0.0713690912243708,G,99999900.0,-43.21909999999999,-11.318300000000008,13.122000000000014,744.5099999999998,-0.05805039556218184,-0.015202347852950278,0.01762501511060969,-0.05562893715329547
LLLSYLLGVLLGLLLATLILI_0,110011001100110000,1,-84.2493,-81.7305,-58.7839,-225.01,-224.764,-250.452,-362.713,4530.68,3562.42,3596.46,-41.3059,-37.0403,-94.7595,-93.2584,-53.4766,-86.6176,44.0155,-44.3024,6.70721,5.43474,4.59497,-35.826,-84.8765,45.4702,-44.3391,-399.753,6.8761,5.36995,4.552,0,LLLSYLLGVLLGLLLATLILI,SYLLGVLLGLLLATL,1.1293321764468296,0.1200191081237773,G,99999900.0,-41.282900000000005,-25.465400000000002,25.442000000000007,968.2600000000002,-0.04263617210253444,-0.026300167310433144,0.02627600024786731,-0.04265992605291966
LLLLLALLYVLTALLFSLILI_0,110011001100110000,1,-74.1796,-74.1796,-74.1796,-244.128,-229.647,-244.814,-362.641,4564.2,3701.34,3583.64,-41.2129,-22.7481,-85.546,-81.562,-43.6471,-5.77554,107.868,24.78,8.92392,1.92854,2.04656,-22.7405,-3.14953,98.5758,19.1098,-385.389,8.9946,0.280163,0.2588,0,LLLLLALLYVLTALLFSLILI,LLALLYVLTALLFSL,1.029275435614051,0.0311491990331991,L,99999900.0,-41.898900000000005,0.0,0.686000000000007,862.8599999999997,-0.04855816702593702,0.0,0.0007950304800315315,-0.04776313654590549
LLLLLALLYTLFLLLSILILI_2,110011001100110000,1,-74.3194,-66.398,-74.3136,-252.626,-253.592,-250.273,-377.247,4583.25,3737.98,3591.56,-41.1905,56.7267,-91.4924,-0.529842,-52.6605,-6.51397,108.11,29.453,8.50752,2.07197,2.19362,-26.4385,-11.6325,90.4248,27.7087,-403.828,8.5,0.452228,0.308601,2,LLLLLALLYTLFLLLSILILI,LLALLYTLFLLLSIL,0.8022472633446617,0.0572920824371613,L,99999900.0,-38.831900000000005,-0.005800000000007799,-2.3530000000000086,845.27,-0.04594023211518214,-6.861712825496941e-06,-0.00278372591006425,-0.048730583127284774
LLLLLLLLAVLTALLFALILI_2,110011001100110000,1,-58.9289,-58.9289,-58.9289,-242.239,-242.393,-239.583,51379.7,4530.02,3604.33,3599.42,-41.1576,-37.3395,51639.7,51643.6,51678.2,-4.17123,111.037,17.956,9.00516,2.11572,2.28128,-30.339,-10.3153,94.584,18.0,51349.7,9.3619,0.81614,0.734901,2,LLLLLLLLAVLTALLFALILI,LLLLLAVLTALLFAL,0.3690822874982124,0.0502499204133445,L,99999900.0,-38.5,0.0,-2.656000000000006,925.6900000000005,-0.041590597284187986,0.0,-0.00286921107498191,-0.04446153679957651
LLLLFALLLILTVLLILLILI_2,110011001100110000,1,-58.9081,-55.2399,-58.9643,-253.439,-246.901,-248.79,-373.367,4639.27,3740.2,3573.6,-41.1388,7.51041,-102.159,-63.7161,-65.6133,-55.1212,74.1568,33.8566,10.0798,4.77934,4.39169,7.13021,-52.4978,61.3022,27.6773,-368.872,9.5,2.65047,2.07,2,LLLLFALLLILTVLLILLILI,LFALLLILTVLLILL,0.297277340104688,0.0431401503102689,L,99999900.0,-36.54570000000001,0.056200000000004025,-4.649000000000001,899.0700000000006,-0.04064833661450164,6.250903711613554e-05,-0.0051708988176671425,-0.04575706007318671
LLLSYLLGVLLGTLLGLLILI_2,110011001100110000,1,-85.352,-82.076,-58.7296,-223.483,-223.778,-248.085,-357.45,4512.32,3512.95,3640.28,-41.0956,-12.2105,-89.7104,-63.8062,-50.6347,-81.047,35.5723,-44.4775,6.85738,3.45931,2.49289,-23.3255,-80.0419,31.8268,-44.1909,-383.159,7.2939,2.8029,1.7803,2,LLLSYLLGVLLGTLLGLLILI,SYLLGVLLGTLLGLL,1.1672142917785089,0.1074895722386148,G,99999900.0,-39.075700000000005,-26.622400000000006,24.602000000000004,999.3699999999999,-0.03910033320992226,-0.026639182685091616,0.02461750903068934,-0.04112150654912595
LLLLLALLFVLTSLLAILILI_2,110011001100110000,1,-78.2056,-78.346,-74.2275,-240.936,-239.225,-241.904,-373.375,4503.57,3617.8,3557.21,-41.0884,-39.8002,-95.3214,-95.6044,-57.2435,-4.83147,105.118,18.4921,8.83472,1.41566,1.49243,-32.6728,-7.1541,92.8459,18.0,-406.37,8.8115,0.107311,-5.55556e-07,2,LLLLLALLFVLTSLLAILILI,LLALLFVLTSLLAIL,0.5152897915509695,0.0570891008375232,L,99999900.0,-38.0779,-3.9780999999999977,0.9679999999999893,885.7699999999995,-0.042988473305711435,-0.004491120719825688,0.0010928344829921875,-0.046387211127042034
LLLSYLLGTLLGLLLAFLILI_0,110011001100110000,1,-82.4442,-70.5067,-58.7409,-228.325,-228.59,-250.973,-350.323,4552.14,3665.56,3537.71,-40.9,-25.4965,-80.4545,-76.7235,-40.6095,-75.1207,48.44,-45.7428,6.47723,4.30751,3.5341,-25.3084,-70.5949,52.7477,-43.07,-375.82,6.8566,4.21018,3.5014,0,LLLSYLLGTLLGLLLAFLILI,SYLLGTLLGLLLAFL,0.4976602438187736,0.0775074437372705,G,99999900.0,-39.845,-23.70329999999999,22.648000000000025,886.5800000000004,-0.044942362787340095,-0.026735658372622866,0.0255453540571635,-0.04613232872386021
LLLAYLLGTLLGFLLSLLILI_1,110011001100110000,1,-87.6485,-89.8159,-74.0702,-221.51,-221.184,-243.332,-353.871,4560.33,3595.12,3581.21,-40.8403,19.7985,-85.5533,-23.0732,-36.4687,-88.564,53.1854,-38.0296,6.83718,6.96463,6.26241,-23.0506,-91.43,48.2927,-36.5962,-383.525,7.0472,6.73401,5.9584,1,LLLAYLLGTLLGFLLSLLILI,AYLLGTLLGFLLSLL,1.2997822083151165,0.1241435029616813,G,99999900.0,-49.084599999999995,-13.578299999999999,21.822000000000003,965.21,-0.050853803835434766,-0.014067715833859988,0.022608551506925957,-0.042312346535986985
LLLAFLLGTLLGALLSVLILI_1,110011001100110000,1,-83.841,-82.2628,-74.0634,-215.878,-212.733,-232.951,-347.166,4463.36,3571.96,3622.05,-40.6585,-15.8447,-88.1047,-68.0146,-40.1517,-91.4583,54.0786,-37.1641,6.97782,7.51935,6.83053,-30.523,-91.43,48.2927,-36.5962,-375.093,7.0472,6.73401,5.9584,1,LLLAFLLGTLLGALLSVLILI,AFLLGTLLGALLSVL,1.3845073510532098,0.1075160056932127,G,99999900.0,-47.952999999999996,-9.777599999999993,17.073000000000008,891.3999999999996,-0.05379515369082344,-0.010968813102984067,0.0191530177249271,-0.045611958716625545
LLLAYLLGLLLGTLLSALILI_1,110011001100110000,1,-92.3468,-91.525,-74.0929,-219.824,-217.583,-238.689,-360.774,4513.5,3569.31,3524.0,-40.6558,-35.0848,-89.2589,-86.7514,-47.9923,-84.1276,52.052,-44.6711,6.4932,6.14615,5.42693,-31.4724,-80.4387,52.288,-45.0,-392.234,6.6037,5.62468,4.909,1,LLLAYLLGLLLGTLLSALILI,AYLLGLLLGTLLSAL,1.053726657773515,0.0832369489744724,G,99999900.0,-41.2666,-18.2539,18.86499999999998,944.19,-0.0437058219214353,-0.019332867325432383,0.019980088753322932,-0.043058918226204466
LLLTLLLGLLLGFLLSILILI_2,110011001100110000,1,-73.5792,-72.6378,-60.3038,-224.327,-225.348,-246.158,-368.568,4541.92,3624.3,3593.83,-40.6018,5.76227,-111.263,-64.8196,-62.1065,-92.5904,43.2583,-44.2212,6.80456,6.22843,5.37731,-31.6359,-95.1054,38.6706,-41.1733,-400.399,7.1293,5.98634,5.0664,2,LLLTLLLGLLLGFLLSILILI,TLLLGLLLGFLLSIL,1.3690146562037546,0.0870581974760032,G,99999900.0,-49.15650000000001,-13.275399999999998,21.83099999999999,917.6199999999999,-0.05356956038447289,-0.014467208648460145,0.023790893834048945,-0.04424685599703581
LLLLVALLLFLLYLLSTLILI_1,110011001100110000,1,-74.2724,-74.1853,-74.1766,-252.006,-250.007,-249.539,-373.461,4630.64,3675.81,3647.16,-40.5913,-37.6012,-87.7733,-86.8699,-49.7455,-4.21229,118.252,17.3364,9.25323,3.09585,3.36963,-25.6674,-8.98253,98.9788,18.8869,-398.94,9.4948,1.20952,1.1942,1,LLLLVALLLFLLYLLSTLILI,LVALLLFLLYLLSTL,0.3042099223159702,0.0557917430125345,L,99999900.0,-38.027800000000006,-0.09580000000001121,-2.467000000000013,954.8300000000004,-0.03982677544693819,-0.00010033199627159932,-0.0025837060000209588,-0.04251154655802602
LLLSYLLGVLLGTLLGALILI_2,110011001100110000,1,-83.4072,-81.521,-58.7296,-217.461,-219.69,-243.886,-346.125,4467.51,3486.94,3598.87,-40.5547,-23.6774,-85.812,-68.5923,-43.5101,-81.6248,35.0458,-41.7684,6.92582,3.4749,2.50059,-25.1658,-80.0419,31.8268,-44.1909,-371.715,7.2939,2.8029,1.7803,2,LLLSYLLGVLLGTLLGALILI,SYLLGVLLGTLLGAL,1.1107361404616054,0.0466533503017653,G,99999900.0,-42.301899999999996,-24.677600000000005,26.424999999999983,980.5700000000002,-0.0431401123836136,-0.0251665867811579,0.02694861152186991,-0.04135829160590268
LLLALLLGVLLGTLLSFLILI_0,110011001100110000,1,-84.9944,-84.1744,-74.0352,-227.397,-217.479,-235.988,-360.126,4480.58,3695.16,3692.74,-40.5331,-27.1,-88.2669,-85.572,-50.1029,-98.9353,46.1511,-39.886,6.72577,7.57069,6.76295,-25.1109,-93.9928,36.7785,-43.1657,-387.226,6.6465,5.56402,4.6157,0,LLLALLLGVLLGTLLSFLILI,ALLLGVLLGTLLSFL,1.2479860289586158,0.1309723954469055,G,99999900.0,-38.16400000000001,-10.959199999999996,8.591000000000008,785.4200000000001,-0.04859056301087317,-0.01395329887194112,0.010938096814443236,-0.05160691095210205
LLLLYVLLATLFLLLSILILI_0,110011001100110000,1,-74.2943,-74.2649,-74.2649,-252.781,-244.117,-248.434,-366.863,4597.14,3732.84,3558.96,-40.533,-35.0885,-80.3209,-83.5694,-44.1645,-44.9216,85.7431,22.9419,9.73662,4.81355,4.5997,-35.1003,-49.3712,65.8721,24.7505,-401.951,9.5,2.79842,2.2865,0,LLLLYVLLATLFLLLSILILI,LYVLLATLFLLLSIL,0.2337232782006677,0.1167947182329994,L,99999900.0,-36.1564,-0.02940000000000964,-4.347000000000008,864.3000000000002,-0.04183315978248292,-3.401596667824787e-05,-0.005029503644567867,-0.046896910794862884
LLLLLALLFVLTSLLAALILI_1,110011001100110000,1,-75.0111,-75.2729,-74.2275,-240.357,-236.187,-237.891,125706.0,4481.4,3589.92,3548.96,-40.498,-32.9951,125981.0,125984.0,126018.0,-4.48777,109.919,20.6885,8.91588,2.01227,2.16106,-31.8149,-7.1541,92.8459,18.0,125674.0,8.8115,0.107311,-5.55556e-07,1,LLLLLALLFVLTSLLAALILI,LLALLFVLTSLLAAL,0.5522643867004496,0.0401445877372166,L,99999900.0,-37.0,-0.7835999999999927,-2.466000000000008,891.4799999999996,-0.041504015793960625,-0.0008789877507066823,-0.002766186566159655,-0.045427827881724794
LLLLYWLLTILAFLLSLLILI_1,110011001100110000,1,-76.7185,-70.8318,-74.0805,-248.96,-232.316,-253.985,-368.902,4677.65,3664.46,3672.63,-40.4562,-7.84029,-83.6794,-73.5948,-40.8363,-3.08335,120.17,25.5661,9.55434,3.18546,3.48801,-15.4882,-8.04023,93.8271,22.8656,-386.853,9.1939,0.372694,0.280101,1,LLLLYWLLTILAFLLSLLILI,LYWLLTILAFLLSLL,0.4278155915337215,0.0890056320099114,L,99999900.0,-42.8431,-2.6380000000000052,5.025000000000006,1013.1899999999996,-0.04228535615235051,-0.0026036577542218205,0.004959583098925184,-0.039929529505818274
LLLSYLLGALLGVLLGTLILI_0,110011001100110000,1,-85.3675,-76.3247,-58.7086,-219.337,-217.798,-242.079,-343.116,4448.89,3548.86,3597.84,-40.434,-25.6446,-78.8454,-74.6374,-42.3287,-84.452,38.875,-42.8467,6.52468,4.41593,3.49905,-18.989,-88.5873,34.12,-39.5515,-368.761,7.2522,4.3943,3.4061,0,LLLSYLLGALLGVLLGTLILI,SYLLGALLGVLLGTL,0.6805904894892092,0.0288504441315588,G,99999900.0,-36.5167,-26.65890000000001,22.74200000000002,900.0300000000002,-0.040572758685821574,-0.029620012666244463,0.025268046620668214,-0.044925169161027956
LLLLAWLLTILVALLLSLILI_2,110011001100110000,1,-76.3521,-75.8146,-74.1308,-243.926,-240.145,-246.897,-384.398,4579.68,3610.57,3627.72,-40.4073,-37.5086,-104.527,-105.946,-63.3701,-4.16038,118.982,24.7972,9.53056,3.1866,3.47133,-28.3247,-9.3919,97.4601,25.3594,-413.041,9.3474,1.0659,1.0278,2,LLLLAWLLTILVALLLSLILI,LAWLLTILVALLLSL,0.7140580659483783,0.0535618962348015,L,99999900.0,-41.1569,-2.2212999999999994,2.9710000000000036,969.1100000000001,-0.042468759996285244,-0.002292103063635706,0.0030656994562020855,-0.041695266791179526
LLLFALLLLLVSLLLTLLILI_0,110011001100110000,1,-74.187,-74.1111,-74.3103,-243.319,-227.386,-247.102,-384.812,4658.51,3645.65,3672.42,-40.3722,-12.6795,-107.678,-95.9946,-63.3996,-111.683,29.4916,26.0968,9.21069,7.23382,6.17619,-14.2516,-108.558,13.7253,22.6463,-397.492,9.4795,4.63662,3.3425,0,LLLFALLLLLVSLLLTLLILI,FALLLLLVSLLLTLL,0.2327717401505679,0.0564936010855026,L,99999900.0,-44.2784,0.12330000000000041,3.7830000000000155,1012.8600000000001,-0.0437162095452481,0.00012173449440199079,0.0037349683075647323,-0.03985960547360938
LLLSYLLGLLLGFLLATLILI_2,110011001100110000,1,-84.7094,-82.3203,-58.7127,-227.92,-228.423,-252.157,-350.937,4573.98,3601.14,3582.01,-40.3704,34.3989,-78.6776,-5.79439,-40.0669,-82.4571,52.5212,-41.3004,7.05211,5.95893,5.24675,-34.4334,-83.7533,47.7994,-42.6647,-385.936,7.5,5.51591,4.7329,2,LLLSYLLGLLLGFLLATLILI,SYLLGLLLGFLLATL,1.0948256690564235,0.1484875542725131,G,99999900.0,-38.6107,-25.996700000000004,24.237000000000023,972.8399999999997,-0.0396886435590642,-0.02672248262818142,0.024913654866165074,-0.04149747132108056
LLLYVLLGILLGLLLAFLILI_2,110011001100110000,1,-54.8213,-54.9466,-44.9417,-229.061,-226.055,-245.998,-337.385,4606.66,3703.86,3642.59,-40.2822,-25.7201,-93.7847,-82.1034,-46.4454,-84.5518,44.6249,-44.5397,6.68901,5.20713,4.3765,-19.4716,-75.4208,48.7219,-40.9997,-357.024,7.4067,4.39057,3.6214,2,LLLYVLLGILLGLLLAFLILI,YVLLGILLGLLLAFL,0.891329021942314,0.0778300162486831,G,99999900.0,-47.3393,-9.879600000000003,16.936999999999983,902.7999999999997,-0.052436087727071354,-0.010943287549844935,0.018760522817899854,-0.04461918475852904
LLLTFLLGVLLGLLLGALILI_1,110011001100110000,1,-57.208,-57.9574,-44.9172,-216.281,-214.212,-237.765,-334.915,4574.75,3484.03,3459.93,-40.2395,-39.3923,-101.666,-102.138,-52.2334,-89.4115,42.404,-39.3201,6.65614,5.63627,4.77233,-38.2453,-87.213,39.461,-38.899,-373.41,6.5512,4.90918,4.00109,1,LLLTFLLGVLLGLLLGALILI,TFLLGVLLGLLLGAL,1.4960980432777669,0.1270487607926104,G,99999900.0,-49.432599999999994,-12.290799999999997,21.48399999999998,1090.7199999999998,-0.045321072319201995,-0.01126851987677864,0.01969708082734339,-0.036892603051195544
LLLYFLLGLLLGVLLASLILI_0,110011001100110000,1,-74.0304,-74.4252,-60.2828,-220.749,-217.614,-244.377,-341.131,4651.43,3606.86,3601.82,-40.1766,-37.9086,-86.5278,-87.0004,-36.4708,-86.5675,56.922,-41.2203,6.63663,7.1696,6.52343,-37.9098,-85.2491,54.6423,-40.0514,-379.039,6.6215,6.66407,5.9837,0,LLLYFLLGLLLGVLLASLILI,YFLLGLLLGVLLASL,1.2228553813067216,0.0632383219192625,G,99999900.0,-50.057,-13.747599999999998,23.628000000000014,1044.5700000000002,-0.04792115415912768,-0.013161013622830443,0.022619833998678892,-0.03846233378327924
LLLSYLLGTLLGLLLAALILI_2,110011001100110000,1,-81.9999,-72.7466,-58.7409,-224.694,-224.703,-246.516,-356.974,4507.32,3566.71,3567.36,-40.023,-24.4008,-90.303,-83.9256,-51.7173,-77.8713,49.3208,-45.9875,6.51277,4.839,4.07882,-22.2108,-70.5949,52.7477,-43.07,-379.291,6.8566,4.21018,3.5014,2,LLLSYLLGTLLGLLLAALILI,SYLLGTLLGLLLAAL,0.9975323554138504,0.1239969309157427,G,99999900.0,-38.585699999999996,-23.258999999999993,21.822000000000003,940.6099999999997,-0.041021996364061626,-0.024727570406438377,0.02319983840273866,-0.04255004730972456
LLLLVALLLLLTSLLALLILI_2,110011001100110000,1,-79.6654,-79.5523,-74.2973,-235.851,-229.46,-241.48,-392.31,4564.98,3519.27,3561.26,-40.0179,-29.3177,-116.811,-112.616,-76.5328,-7.79108,102.89,25.0837,8.47196,1.55885,1.6022,-30.9369,-10.5055,89.5832,26.7676,-421.03,8.6395,0.169552,0.0132994,2,LLLLVALLLLLTSLLALLILI,LVALLLLLTSLLALL,0.438187242183842,0.076641061408097,L,99999900.0,-40.27820000000001,-5.368099999999998,5.628999999999991,1045.7099999999996,-0.03851756223044633,-0.005133450000478145,0.005382945558520042,-0.03826864044524774
LLLLVILLLLLTALLFILILI_1,110011001100110000,1,-58.9231,-58.9076,-58.8987,-249.394,-242.745,-248.073,-375.868,4617.13,3681.61,3609.8,-39.9691,223903.0,-107.52,223829.0,-68.8959,-13.2014,103.947,15.9097,9.90455,2.51308,2.57228,10.0695,-11.3257,90.2296,21.4503,-362.09,9.259,0.379856,0.233301,1,LLLLVILLLLLTALLFILILI,LVILLLLLTALLFIL,0.3651197047647642,0.0502155515604821,L,99999900.0,-38.6241,-0.024399999999999977,-1.320999999999998,935.52,-0.041286236531554645,-2.6081751325466028e-05,-0.0014120489139729754,-0.04272393962715922
LLLTFLLGLLLGALLSILILI_2,110011001100110000,1,-76.4681,-72.4769,-60.1414,-219.293,-218.884,-242.286,-355.45,4531.72,3602.68,3652.79,-39.9357,53.1792,-99.6246,-10.9094,-53.022,-88.8378,48.4232,-41.922,6.82225,6.36281,5.58915,-13.4641,-88.716,43.4353,-39.8167,-372.568,7.5,5.67117,4.8227,2,LLLTFLLGLLLGALLSILILI,TFLLGLLLGALLSIL,0.2590389504591341,0.0864365201983621,G,99999900.0,-46.6026,-16.32670000000001,22.992999999999995,929.0400000000004,-0.05016210281580985,-0.017573732024455353,0.024749203478859883,-0.04298598553345387
LLLTLLLGILLGVLLSALILI_1,110011001100110000,1,-73.4869,-71.3458,-60.3306,-218.717,-217.468,-239.12,-368.722,4476.98,3608.2,3610.43,-39.8199,-29.5132,-116.338,-109.421,-69.2708,-92.1887,42.8245,-42.5904,6.85982,6.10961,5.25198,-31.0052,-93.3671,39.4676,-41.6262,-400.18,7.1125,5.83319,4.9252,1,LLLTLLLGILLGVLLSALILI,TLLLGILLGVLLSAL,1.089301700876091,0.1490979972129315,G,99999900.0,-47.0672,-13.156300000000009,20.40299999999999,868.7799999999997,-0.05417620110960199,-0.015143419507815573,0.023484656644950388,-0.045834273348834005
LLLTLLLGILLGALLAVLILI_1,110011001100110000,1,-54.5801,-54.7708,-44.948,-223.475,-219.473,-237.352,-354.385,4460.2,3606.19,3628.37,-39.8162,-33.2865,-116.146,-113.428,-72.0855,-90.6251,48.3749,-42.3618,6.49402,6.62437,5.84999,-29.9226,-81.7774,50.2073,-43.0207,-384.313,6.749,5.54459,4.7977,1,LLLTLLLGILLGALLAVLILI,TLLLGILLGALLAVL,1.3311833071098984,0.0418434299516259,G,99999900.0,-44.060500000000005,-9.632100000000001,13.87700000000001,854.0099999999998,-0.05159248720740977,-0.011278673551831951,0.016249224247959642,-0.04662263907916771
LLLLLALLYTLLFLLSVLILI_2,110011001100110000,1,-74.1666,-74.1666,-74.2037,-251.939,-251.528,-248.842,-372.453,4617.89,3747.63,3656.59,-39.777,-34.8623,-86.124,-81.6207,-49.4071,-7.09127,106.888,21.5551,9.02397,1.9936,2.09693,-25.7499,-14.9392,90.1475,23.3548,-398.469,9.1433,0.910788,0.763,2,LLLLLALLYTLLFLLSVLILI,LLALLYTLLFLLSVL,0.8747298818234884,0.0594401162226632,L,99999900.0,-36.716899999999995,0.03709999999999525,-3.09699999999998,870.2600000000002,-0.04219072461103577,4.26309378806279e-05,-0.003558706593431824,-0.0457070300829637
LLLLYALVFLLTSLAFLLILI_1,110011001100110000,1,-74.2043,-76.1917,-74.2417,-239.948,-223.765,-245.504,-340.283,4629.7,3611.59,3528.43,-39.7655,-23.6504,-65.8965,-63.9771,-20.538,-5.73902,120.123,26.725,8.91268,3.57747,3.87931,-21.2689,-7.06267,100.0,24.3247,-361.322,8.5,1.0594,1.0594,1,LLLLYALVFLLTSLAFLLILI,LYALVFLLTSLAFLL,0.2359788338448169,0.0350313762589254,L,99999900.0,-45.35850000000001,0.037399999999990996,5.555999999999983,1018.1099999999997,-0.04455166926952885,3.673473396783354e-05,0.005457170639714751,-0.039058156780701514
LLLAALLGILLGVLLGLLILI_1,110011001100110000,1,-59.3266,-56.2955,-44.9385,-214.618,-216.305,-229.766,-344.236,4422.11,3377.98,3581.54,-39.637,-26.6924,-109.929,-98.3276,-69.5314,-81.5499,44.4177,-35.5135,6.92375,4.72888,3.89515,-24.5194,-82.2405,38.4729,-43.0414,-367.463,7.0713,4.02991,3.107,1,LLLAALLGILLGVLLGLLILI,AALLGILLGVLLGLL,1.0015469931823375,0.0347133420742621,G,99999900.0,-40.3976,-14.388100000000001,15.147999999999996,1044.1299999999997,-0.03869020141170162,-0.01377998908181932,0.01450777202072539,-0.037961748058192
LLLLFWLLTILVALLLSLILI_2,110011001100110000,1,-74.4584,-67.0642,-74.1308,-245.702,-238.636,-251.481,-375.373,4702.09,3616.73,3694.13,-39.499,29.0205,-94.7114,-40.6527,-49.7613,-6.52769,114.179,26.3246,9.40845,2.89333,3.10602,-8.56063,-9.3919,97.4601,25.3594,-402.774,9.3474,1.0659,1.0278,2,LLLLFWLLTILVALLLSLILI,LFWLLTILVALLLSL,0.5356913893623924,0.0553552789500087,L,99999900.0,-44.9501,-0.3276000000000039,5.778999999999996,1085.3600000000001,-0.04141492223778285,-0.0003018353357411401,0.005324500626520229,-0.036392533352988865
LLLAYLLGLLLGFLLGTLILI_0,110011001100110000,1,-70.6754,-65.9749,-58.747,-220.524,-218.405,-239.727,-334.591,4547.34,3517.12,3497.32,-39.4923,-30.3773,-82.8832,-80.5887,-36.1169,-86.2948,43.4535,-35.9131,6.92225,5.31043,4.46224,-30.3388,-87.7841,38.6606,-35.7467,-364.968,7.5,4.88679,3.9667,0,LLLAYLLGLLLGFLLGTLILI,AYLLGLLLGFLLGTL,1.218587760289174,0.0277153384386553,G,99999900.0,-46.7663,-11.928399999999996,19.203000000000003,1030.2200000000003,-0.045394478849177834,-0.01157849779658713,0.018639708023528954,-0.03833385102211177
LLLLLALLYALTALLFSLILI_2,110011001100110000,1,-74.1796,-74.1796,-74.1796,-239.115,-242.253,-242.042,371.396,4530.01,3654.2,3598.39,-39.4157,-27.087,645.275,660.742,687.619,-4.61921,106.758,23.6941,8.68221,1.60514,1.70651,-21.5217,-3.14953,98.5758,19.1098,350.167,8.9946,0.280163,0.2588,2,LLLLLALLYALTALLFSLILI,LLALLYALTALLFSL,0.9333254053090372,0.0625366818282301,L,99999900.0,-42.34400000000005,0.0,2.9269999999999925,875.8100000000004,-0.04834838606547086,0.0,0.0033420490745709585,-0.045004852650689056
LLLLYSLTALLFVLLLLLILI_1,110011001100110000,1,-75.9324,-68.8366,-58.8393,-240.156,-240.139,-248.012,-358.267,4708.02,3721.25,3661.41,-39.3036,61.6316,-81.4823,12.3401,-51.4157,-61.0427,57.2539,16.9392,10.4463,3.38568,2.74449,40.3636,-63.2597,38.6883,19.8721,-290.443,9.5,1.21188,0.292205,1,LLLLYSLTALLFVLLLLLILI,LYSLTALLFVLLLLL,0.3038974627425073,0.0528286611733678,L,99999900.0,-30.066599999999994,-17.0931,7.8559999999999945,986.7700000000004,-0.03046971432045966,-0.017322273680796935,0.007961328374393213,-0.039830558286125424
LLLYALLGLLLGVLLSTLILI_0,110011001100110000,1,-90.2903,-89.9898,-74.1463,-223.166,-216.765,-242.692,-362.267,4572.46,3661.93,3675.96,-39.1883,-29.1407,-87.9984,-84.6526,-45.4284,-88.301,61.2202,-39.7346,6.63763,8.00987,7.42817,-26.2844,-85.2491,54.6423,-40.0514,-391.407,6.6215,6.66407,5.9837,0,LLLYALLGLLLGVLLSTLILI,YALLGLLLGVLLSTL,0.9018842943013304,0.1381586740651399,G,99999900.0,-42.57,-16.144000000000005,19.52600000000001,910.5300000000002,-0.04675299001680339,-0.01773033288304614,0.021444653114120353,-0.043038999264164816
LLLLALLFILTYLLAVLLILI_2,110011001100110000,1,-58.8463,-58.9557,-58.8679,-246.878,-247.745,-245.449,-353.731,4625.51,3780.35,3751.97,-39.1636,-29.9018,-87.17,-76.9323,-49.4136,-104.694,17.9791,23.9344,9.42035,4.63129,3.40098,-20.9269,-99.2693,14.1594,28.0,-374.887,9.4208,3.30191,2.0143,2,LLLLALLFILTYLLAVLLILI,LALLFILTYLLAVLL,0.6961833115237269,0.0948665290600977,L,99999900.0,-37.7564,0.021599999999999397,-1.4289999999999736,845.1600000000003,-0.044673671257513356,2.5557290927161e-05,-0.0016908041080978431,-0.04633868143310141
LLLLFALLLILTVLLSLLILI_0,110011001100110000,1,-70.7182,-70.5968,-74.3213,-247.987,-240.076,-246.488,-380.379,4615.4,3667.5,3612.01,-39.1305,-27.304,-100.805,-97.0104,-59.5703,-49.8035,73.9296,24.4031,9.7834,3.95102,3.55997,-25.7489,-52.4978,61.3022,27.6773,-407.683,9.5,2.65047,2.07,0,LLLLFALLLILTVLLSLLILI,LFALLLILTVLLSLL,0.3959248247798692,0.0449304171953015,L,99999900.0,-41.234700000000004,3.6030999999999977,-1.4989999999999952,947.8999999999996,-0.04350110771178396,0.003801139360692055,-0.0015813904420297455,-0.04128125329676127
LLLSYLLGVLLGALLGFLILI_0,110011001100110000,1,-71.457,-67.2379,-44.9456,-219.833,-221.041,-245.643,-325.787,4538.16,3618.4,3582.42,-39.1238,-32.0353,-73.6209,-69.5427,-35.1983,-74.3013,40.9816,-42.3279,6.7861,3.17771,2.29244,-31.2688,-76.9679,35.2534,-45.0,-357.822,6.6086,2.8044,1.8332,0,LLLSYLLGVLLGALLGFLILI,SYLLGVLLGALLGFL,0.8826625275908139,0.1216217192321753,G,99999900.0,-38.4226,-26.511399999999995,25.810000000000002,919.7599999999998,-0.04177459337218406,-0.02882425850221797,0.028061668261285564,-0.04253696616508656
LLLLLFLLAVLTILLSLLILI_2,110011001100110000,1,-67.7018,-64.1648,-74.2568,-251.985,-249.633,-245.962,-381.502,4624.0,3670.26,3620.5,-39.1056,61.3526,-100.921,-6.35131,-61.2833,-13.5284,106.7,31.6322,9.76666,2.93381,3.03432,60.8912,-7.46127,97.2494,27.9329,-320.771,9.5,0.747859,0.7066,2,LLLLLFLLAVLTILLSLLILI,LLFLLAVLTILLSLL,0.2121391317675261,0.0266024881921222,L,99999900.0,-39.63770000000001,6.554999999999993,-6.023000000000025,953.7399999999998,-0.041560278482605344,0.006872942311321737,-0.006315138297649282,-0.04100236961855434
LLLFSLLLLLVALLLTLLILI_1,110011001100110000,1,-64.3587,-60.2614,-58.8864,-239.794,-231.218,-247.063,-373.146,4651.98,3652.75,3670.16,-39.087,-10.8967,-108.079,-92.5626,-67.1958,-104.05,37.2031,22.709,9.26308,7.12995,6.18799,-18.5638,-106.959,11.5744,28.0,-391.944,9.0662,4.10639,2.78001,1,LLLFSLLLLLVALLLTLLILI,FSLLLLLVALLLTLL,0.5862323536824895,0.0631820003593749,L,99999900.0,-40.88319999999999,-5.472299999999997,7.268999999999977,999.2299999999996,-0.0409147043223282,-0.00547651691802688,0.007274601443111176,-0.03911712018254058
LLLAALLGLLLGVLLSTLILI_1,110011001100110000,1,-89.8684,-83.3315,-74.1192,-217.632,-213.493,-232.329,-366.168,4425.85,3635.04,3625.55,-38.9525,-21.4972,-97.6207,-90.8412,-59.7199,-91.7352,53.489,-39.8419,6.44618,7.4813,6.78363,-12.769,-97.764,38.4753,-38.0973,-378.505,7.04,6.35877,5.4359,1,LLLAALLGLLLGVLLSTLILI,AALLGLLLGVLLSTL,1.2760513580730446,0.0741217127824365,G,99999900.0,-37.9008,-15.749199999999988,14.697000000000003,790.8100000000004,-0.04792655631567631,-0.019915276741568746,0.0185847422263249,-0.04925645856779755
LLLTLLLGILLGVLLGALILI_0,110011001100110000,1,-56.2286,-49.3926,-44.8793,-218.243,-215.228,-233.534,-348.897,4480.22,3651.42,3564.52,-38.9433,-24.0899,-113.369,-108.367,-70.4841,-93.0109,45.5568,-43.5665,6.35061,6.60181,5.78516,-22.5398,-97.484,35.8407,-36.8474,-372.987,6.7321,5.96109,4.9987,0,LLLTLLLGILLGVLLGALILI,TLLLGILLGVLLGAL,1.3182112511525723,0.1442960403306946,G,99999900.0,-42.8849,-11.3493,15.290999999999997,828.8000000000002,-0.05174336389961389,-0.01369365347490347,0.01844956563706563,-0.04698757239382238
LLLLYLLTALLFVLISLLILI_2,110011001100110000,1,-74.2376,-74.1589,-74.1783,-250.002,-238.765,-247.362,-367.245,4657.67,3651.91,3604.99,-38.8689,-17.7285,-81.8737,-72.0489,-45.7047,-50.4974,81.2614,20.0477,9.98618,5.0449,4.76382,-15.0098,-53.4087,57.0913,20.1028,-383.595,9.5,2.21863,1.575,2,LLLLYLLTALLFVLISLLILI,LYLLTALLFVLISLL,0.3812526676412544,0.0297907281430491,L,99999900.0,-36.169,-0.05930000000000746,-2.640000000000015,1005.7600000000002,-0.03596185968819598,-5.896038816418176e-05,-0.0026248806872415033,-0.0386462973273942
LLLLAALVFLLTSLILLLILI_2,110011001100110000,1,-78.6814,-78.2601,-74.2631,-232.75,-228.91,-242.859,-371.886,4591.04,3534.65,3495.51,-38.8186,-29.0317,-99.2726,-93.7472,-54.7638,-4.53063,120.682,23.2109,8.51233,3.47167,3.7819,-17.2844,-8.79533,100.0,22.4066,-390.198,8.5,1.3193,1.3193,2,LLLLAALVFLLTSLILLLILI,LAALVFLLTSLILLL,0.4377205340138387,0.0700185521856939,L,99999900.0,-44.508799999999994,-4.418300000000002,10.109000000000009,1056.3899999999999,-0.042132924393453175,-0.004182451556716745,0.009569382519713373,-0.03674646674050304
LLLLALLLFVLTYLLSLLILI_0,110011001100110000,1,-74.2561,-72.6921,-74.1538,-250.68,-240.677,-249.515,-372.872,4649.9,3641.5,3643.62,-38.8141,-28.2305,-86.7499,-87.733,-49.2031,-7.73023,108.332,25.9573,9.49128,2.2844,2.40939,-27.9955,-10.2137,94.2316,25.4728,-401.102,9.5,0.753326,0.666801,0,LLLLALLLFVLTYLLSLLILI,LALLLFVLTYLLSLL,0.5310159443234207,0.030078286913386,L,99999900.0,-37.5468,-0.10229999999999961,-1.1650000000000205,1008.3999999999996,-0.037234034113447056,-0.00010144783815946018,-0.0011552955176517463,-0.03849077746925825
LLLLYLLGTLLGSLLAFLILI_0,110011001100110000,1,-85.9112,-85.8223,-74.0364,-225.946,-216.739,-238.548,-348.081,4572.2,3709.37,3604.24,-38.813,-19.4862,-75.0366,-65.0057,-35.4967,-73.2967,55.3328,-49.4442,6.15524,4.96442,4.29442,-17.4381,-64.2017,54.9837,-44.9781,-367.567,6.5586,3.55305,2.8778,0,LLLLYLLGTLLGSLLAFLILI,LYLLGTLLGSLLAFL,0.3111766465977655,0.0173056421126153,G,99999900.0,-39.53990000000001,-11.874799999999993,12.602000000000004,862.8299999999999,-0.04582582895819572,-0.013762618360511333,0.014605426329636203,-0.04498336868212743
LLLTFLLGVLLGILLALLILI_1,110011001100110000,1,-55.023,-52.7137,-44.9728,-229.998,-226.151,-242.933,-347.056,4575.63,3584.24,3596.84,-38.7295,-30.0209,-100.765,-98.2117,-59.1501,-79.446,51.7609,-39.7354,7.0461,5.40463,4.68104,-30.3993,-72.6747,50.248,-40.0011,-378.377,7.1385,4.18468,3.4384,1,LLLTFLLGVLLGILLALLILI,TFLLGVLLGILLALL,1.2960360949946876,0.0833220709516691,G,99999900.0,-41.6149,-10.050200000000004,12.935000000000002,991.3900000000003,-0.041976316081461365,-0.01013748373495799,0.013047337576533955,-0.03906585702901985
LLLLFLLGILLGTLLASLILI_0,110011001100110000,1,-82.0309,-84.0651,-74.072,-223.715,-215.774,-236.149,-357.8,4506.55,3602.59,3576.18,-38.7096,-31.9435,-90.7643,-89.9043,-47.5792,-74.2607,58.9922,-47.2747,6.57756,5.60306,4.98795,-30.0187,-75.337,50.8884,-45.0,-389.744,6.5,4.67048,3.93381,0,LLLLFLLGILLGTLLASLILI,LFLLGILLGTLLASL,1.2575081730794515,0.0735883085719636,G,99999900.0,-43.185100000000006,-7.9589,12.433999999999997,903.96,-0.04777324217885748,-0.008804482499225628,0.013755033408557897,-0.04282224877206956
LLLLVALLLLLTSLIALLILI_1,110011001100110000,1,-80.6069,-80.7923,-74.2414,-233.06,-233.684,-241.482,-389.223,4532.81,3499.11,3520.72,-38.6414,118.113,-114.197,43.3666,-73.4988,-3.73335,119.169,20.1439,8.23325,3.14786,3.43539,-21.7931,-7.06267,100.0,24.3247,-410.894,8.5,1.0594,1.0594,1,LLLLVALLLLLTSLIALLILI,LVALLLLLTSLIALL,0.3843158250614994,0.0609614126968948,L,99999900.0,-40.6982,-6.365499999999997,8.421999999999997,1033.7000000000003,-0.03937138434748959,-0.006157976201992837,0.008147431556544448,-0.03738163877333848
LLLLLFLLAVLTILLLILILI_0,110011001100110000,1,-58.9298,-51.6176,-58.9298,-253.142,-241.899,-247.825,-373.418,4655.06,3713.43,3541.39,-38.6121,13.315,-99.9574,-66.5863,-66.6627,-7.80208,108.104,26.8343,10.1417,2.26441,2.38598,10.5307,-9.91693,90.5104,21.4559,-360.103,9.3626,0.206444,0.0641001,0,LLLLLFLLAVLTILLLILILI,LLFLLAVLTILLLIL,0.1768905189538856,0.0330820149060777,L,99999900.0,-33.294700000000006,0.0,-5.317000000000007,941.6300000000006,-0.03535858033410149,0.0,-0.005646591548697476,-0.04100559667810071
LLLLLFLLATLYVLLSILILI_0,110011001100110000,1,-74.2451,-74.2451,-74.2451,-250.897,-234.65,-248.195,-367.718,4630.25,3768.4,3708.96,-38.5066,-9.74836,-81.0829,-68.5712,-45.278,-52.3549,80.8987,20.1201,8.94907,5.27456,4.98804,-9.65367,-50.2193,63.3614,20.316,-377.466,9.1547,2.58668,2.0371,0,LLLLLFLLATLYVLLSILILI,LLFLLATLYVLLSIL,0.3968460955720557,0.1265860430600556,L,99999900.0,-35.804899999999996,0.0,-2.701999999999998,861.8499999999999,-0.041544236236003944,0.0,-0.0031351163195451628,-0.04467900446713466
LLLAALLYTLVALLFSLLILI_2,110011001100110000,1,-74.1643,-67.0856,-74.1643,-240.474,-237.634,-242.241,-349.138,4565.82,3718.21,3642.66,-38.4999,-37.5441,-72.9991,-81.9618,-32.7326,-103.205,25.4731,17.0189,9.10695,5.41963,4.30172,-28.0121,-103.616,12.3747,18.4457,-377.994,8.943,3.71299,2.39861,2,LLLAALLYTLVALLFSLLILI,AALLYTLVALLFSLL,0.7496583687150453,0.0220143441110095,L,99999900.0,-40.2665,0.0,1.7670000000000243,847.6099999999997,-0.047505928434067576,0.0,0.0020846851736058152,-0.045421715175611437
LLLLTVLLALLFLLISLLILI_0,110011001100110000,1,-60.3557,-60.4091,-60.4091,-246.831,-229.194,-246.566,-376.257,4593.99,3659.9,3603.31,-38.4883,-19.4021,-107.559,-106.056,-69.2818,-52.3038,71.7004,25.0475,9.33618,4.02512,3.60063,-20.05,-57.353,47.189,23.3829,-395.659,9.4811,1.47347,0.681306,0,LLLLTVLLALLFLLISLLILI,LTVLLALLFLLISLL,0.239886305205998,0.0756962899759468,L,99999900.0,-38.27719999999999,0.053400000000003445,-0.26499999999998636,934.0899999999997,-0.04097806421222795,5.716793884957923e-05,-0.00028369857294263553,-0.041204059565994725
LLLSALLGFLLGTLLGLLILI_1,110011001100110000,1,-74.0147,-71.8694,-58.7092,-219.427,-215.105,-239.94,-345.719,4455.5,3413.68,3632.61,-38.4624,361.723,-90.7399,302.979,-47.0701,-80.0362,46.5831,-37.0223,6.60551,4.79415,3.9929,-4.39062,-83.081,35.995,-42.847,-352.912,7.4247,3.82147,2.86139,1,LLLSALLGFLLGTLLGLLILI,SALLGFLLGTLLGLL,1.1513370623008916,0.0657904273407772,G,99999900.0,-43.66980000000001,-15.305500000000002,20.513000000000005,1041.8200000000002,-0.04191683784146974,-0.014691117467508782,0.01968958169357471,-0.03691846960127469
LLLLAILTALLFVLASLLILI_2,110011001100110000,1,-74.2512,-74.2512,-74.2512,-240.708,-240.699,-238.276,-362.198,4501.05,3570.01,3596.84,-38.457,-17.0219,-85.6959,-64.2692,-49.6706,-46.7192,85.5212,22.4407,8.77631,5.05325,4.83607,-26.8916,-53.5455,58.0911,23.9181,-389.126,9.149,2.37413,1.7455,2,LLLLAILTALLFVLASLLILI,LAILTALLFVLASLL,0.4641801275777277,0.0228793076503497,L,99999900.0,-36.025299999999994,0.0,-2.431999999999988,931.04,-0.03869361144526551,0.0,-0.0026121326688434312,-0.041305421893796185
LLLSYLLVLLLGALLIFLILI_2,110011001100110000,1,-63.0248,-72.1328,-44.9843,-242.93,-234.209,-253.548,-350.511,4688.04,3800.75,3537.43,-38.4228,22397.4,-82.979,22353.2,-51.9787,-60.0661,75.4434,-50.6834,7.93245,5.69478,5.32643,16025.8,-47.4319,67.7648,-45.0,22046.9,6.6781,2.76303,2.2795,2,LLLSYLLVLLLGALLIFLILI,SYLLVLLLGALLIFL,0.3196419459541338,0.0416413236930266,G,99999900.0,-31.000299999999996,-18.0405,10.617999999999995,887.29,-0.034938182555872374,-0.020332134927701206,0.011966775236957472,-0.0433035422466161
LLLYALLFVLLLLLTSLLILI_1,110011001100110000,1,-74.0917,-74.083,-74.2049,-251.881,-240.244,-253.92,-373.175,4740.83,3880.0,3781.89,-38.3394,-19.2859,-85.5423,-78.1344,-45.0504,-101.904,31.3055,17.4709,9.03158,6.01178,4.98137,-20.8773,-103.616,12.3747,18.4457,-393.746,8.943,3.71299,2.39861,1,LLLYALLFVLLLLLTSLLILI,YALLFVLLLLLTSLL,0.2074991220148195,0.0365610941033257,L,99999900.0,-40.491899999999994,0.11319999999999197,2.0389999999999873,860.8299999999999,-0.047038207311548154,0.0001315009932274572,0.0023686442154664538,-0.04453771360198878
LLLAALLYVLLILLFTLLILI_2,110011001100110000,1,-58.9398,-55.3795,-58.9398,-246.728,-240.967,-248.489,-357.357,4622.75,3773.29,3637.47,-38.301,129.033,-89.9909,68.0221,-49.9288,-105.83,29.6866,23.7831,9.18615,6.38225,5.32755,29.4009,-105.336,9.98133,18.0,-328.229,8.8545,3.64788,2.2976,2,LLLAALLYVLLILLFTLLILI,AALLYVLLILLFTLL,0.5477784857857682,0.0909536188249575,L,99999900.0,-40.062099999999994,0.0,1.7609999999999957,849.46,-0.047161843995008584,0.0,0.0020730817225060576,-0.04508864455065571
LLLLVLLTALLFLLISLLILI_0,110011001100110000,1,-74.1329,-74.2309,-74.2422,-249.348,-238.237,-245.68,-382.289,4632.62,3648.76,3644.12,-38.232,-25.673,-97.0401,-95.4938,-62.367,-51.1339,68.9602,24.6076,8.88412,3.47972,3.01412,-25.5866,-54.2004,50.1516,26.2942,-407.962,9.153,1.40053,0.652804,0,LLLLVLLTALLFLLISLLILI,LVLLTALLFLLISLL,0.3806019599550801,0.0477712749780058,L,99999900.0,-34.6731,0.1092999999999904,-3.6680000000000064,983.8599999999997,-0.035241904335982774,0.00011109304169291407,-0.003728172707499042,-0.03885918728274349
LLLLVALLLILTSLLFLLILI_1,110011001100110000,1,-74.2264,-74.2264,-74.2264,-247.768,-248.354,-246.516,-383.232,4603.63,3705.55,3621.36,-38.2288,-31.7017,-99.4665,-92.3535,-62.4891,-10.7847,110.502,24.1018,9.29687,3.03554,3.19308,-22.1123,-13.802,90.1233,26.0641,-404.448,9.3441,0.73695,0.5888,1,LLLLVALLLILTSLLFLLILI,LVALLLILTSLLFLL,0.5155214119225071,0.1443034227621554,L,99999900.0,-36.977399999999996,0.0,-1.2520000000000095,898.0799999999999,-0.04117383752004276,0.0,-0.0013940851594512846,-0.042567254587564586
LLLLVALLAFLLYLLSTLILI_0,110011001100110000,1,-74.1853,-74.1853,-74.1766,-248.632,-237.096,-245.384,-360.314,4609.01,3767.41,3627.04,-38.1334,-24.3527,-75.6307,-73.3855,-40.754,-5.25892,117.956,18.1985,9.39566,3.21285,3.48218,-24.0603,-8.98253,98.9788,18.8869,-384.667,9.4948,1.20952,1.1942,0,LLLLVALLAFLLYLLSTLILI,LVALLAFLLYLLSTL,0.3808793866282738,0.1097427052263307,L,99999900.0,-34.87670000000001,-0.008700000000004593,-3.248000000000019,841.6000000000004,-0.041440945817490485,-1.0337452471488343e-05,-0.003859315589353633,-0.04531059885931557
LLLAYLLGLLLGALLGTLILI_2,110011001100110000,1,-74.2977,-72.6753,-58.747,-216.488,-216.247,-234.392,-341.723,4488.37,3570.46,3552.05,-38.0749,-16.5146,-89.0124,-69.315,-48.5842,-88.5177,42.5914,-37.0905,6.89544,5.52749,4.66636,-24.5765,-87.7841,38.6606,-35.7467,-366.419,7.5,4.88679,3.9667,2,LLLAYLLGLLLGALLGTLILI,AYLLGLLLGALLGTL,1.068796083296126,0.026908082932655,G,99999900.0,-40.4282,-15.550700000000006,17.903999999999996,917.9099999999999,-0.04404375156605768,-0.01694142127223803,0.019505180246429388,-0.04147999259186631
LLLTALLGVLLGFLLGILILI_2,110011001100110000,1,-55.7952,-56.3183,-44.9313,-223.96,-219.561,-238.599,-329.645,4490.27,3717.28,3586.21,-38.0544,-21.125,-87.9441,-74.8903,-46.1142,-93.9363,44.5563,-46.2524,6.63226,6.60555,5.77389,-27.9954,-90.0074,38.3333,-42.1317,-358.163,6.7822,5.1761,4.2511,2,LLLTALLGVLLGFLLGILILI,TALLGVLLGFLLGIL,1.4329237912150632,0.144321259703772,G,99999900.0,-41.82990000000001,-10.863900000000001,14.638999999999982,772.9900000000002,-0.054114412864332,-0.014054386214569396,0.01893814926454414,-0.04923013234323858
LLLLVALLLTLIALLFSLILI_2,110011001100110000,1,-67.1151,-74.2394,-74.2394,-243.672,-227.347,-242.468,-370.475,4556.68,3569.96,3601.34,-38.0421,23.1213,-97.7307,-45.767,-53.7683,-9.85056,120.373,28.6264,9.50703,4.22796,4.53356,-11.0296,-16.2744,89.8543,20.6107,-380.659,9.5,1.07149,0.919304,2,LLLLVALLLTLIALLFSLILI,LVALLLTLIALLFSL,0.8340376306658618,0.1421878363649716,L,99999900.0,-43.962399999999995,7.124300000000005,-1.2040000000000077,986.7200000000003,-0.04455407815793739,0.007220184044105727,-0.0012202043132803707,-0.038554098427112035
LLLALLLGVLLGTLLGFLILI_2,110011001100110000,1,-70.6423,-70.1653,-58.6964,-215.406,-218.846,-232.814,-340.529,4463.32,3551.41,3509.4,-38.0243,-34.1417,-92.5043,-85.6588,-49.0181,-97.3773,41.7582,-38.5586,6.76344,6.74396,5.87034,-32.988,-92.5815,39.7325,-40.3169,-373.522,6.7382,5.75111,4.8471,2,LLLALLLGVLLGTLLGFLILI,ALLLGVLLGTLLGFL,1.0401039303967152,0.0456999078808674,G,99999900.0,-43.486200000000004,-11.945900000000009,17.407999999999987,911.9099999999999,-0.04768694279040696,-0.013099867311467152,0.0190896031406608,-0.041697426281102304
LLLLALLYTLVALLFSLLILI_0,110011001100110000,1,-67.0856,-67.0856,-74.1643,-239.569,-230.195,-243.99,-358.573,4600.62,3744.28,3681.78,-37.9935,-30.3617,-89.9118,-91.6536,-40.4189,-101.308,23.5771,18.7861,8.91138,4.87911,3.73277,-31.8647,-103.616,12.3747,18.4457,-388.935,8.943,3.71299,2.39861,0,LLLLALLYTLVALLFSLLILI,LALLYTLVALLFSLL,0.7794315252349943,0.0862324063980952,L,99999900.0,-49.4929,7.078699999999998,4.421000000000021,856.3399999999997,-0.05779585211481423,0.008266226031716374,0.00516266903332791,-0.044367307377910656
LLLLVALLLLLTSLIFLLILI_1,110011001100110000,1,-76.895,-79.4355,-74.2414,-237.104,-233.87,-246.51,-382.964,4611.46,3570.95,3510.76,-37.9518,24.9699,-106.917,-44.6891,-62.2122,-5.61856,111.728,25.8299,8.57275,2.426,2.60191,-20.1398,-7.06267,100.0,24.3247,-406.221,8.5,1.0594,1.0594,1,LLLLVALLLLLTSLIFLLILI,LVALLLLLTSLIFLL,0.3065419843193022,0.0908358700569149,L,99999900.0,-44.7048,-2.6535999999999973,9.405999999999977,1040.5100000000002,-0.0429643155760156,-0.0025502878396171077,0.009039797791467623,-0.036474228983863675
LLLLVLLLTLLTALLFALILI_0,110011001100110000,1,-68.9294,-68.9441,-72.6387,-246.154,-232.459,-243.289,2431.27,4576.98,3655.97,3602.54,-37.9167,-24.2621,2708.44,2708.41,2747.2,-6.50194,120.35,24.4427,9.42847,3.72249,4.02773,-23.6232,-10.1001,99.8752,28.0,2407.01,9.5,1.49817,1.4963,0,LLLLVLLLTLLTALLFALILI,LVLLLTLLTALLFAL,0.3324260900839725,0.021616397912639,L,99999900.0,-38.75999999999976,3.709299999999999,-2.865000000000009,921.0099999999998,-0.04208423361309842,0.004027426412308226,-0.0031107154102561424,-0.04116860837558768
LLLSYLLVALLGALLGFLILI_1,110011001100110000,1,-67.935,-65.0789,-44.9412,-226.933,-225.835,-245.943,-330.052,4549.73,3714.67,3598.52,-37.8279,37700.7,-73.0127,37661.6,-39.1685,-51.0358,66.9283,-45.9635,7.29121,3.19069,2.69461,34150.7,-56.9491,49.4969,-37.5681,37361.3,7.4308,1.72445,0.966904,1,LLLSYLLVALLGALLGFLILI,SYLLVALLGALLGFL,0.5853229807236827,0.0630048258387619,G,99999900.0,-33.844199999999994,-22.9938,19.01000000000002,835.0599999999995,-0.04052906377984817,-0.027535506430675656,0.022764831269609407,-0.04529961918904034
LLLLYALVFLLTILLFLLILI_0,110011001100110000,1,-58.9419,-49.1369,-58.9419,-251.847,-224.632,-251.602,-344.827,4703.48,3932.19,3572.1,-37.8001,216.291,-71.8385,145.233,-34.2829,-10.727,119.476,31.8773,9.83426,4.23826,4.5304,207.872,-7.06267,100.0,24.3247,-128.536,8.5,1.0594,1.0594,0,LLLLYALVFLLTILLFLLILI,LYALVFLLTILLFLL,0.315160120119679,0.1280169499062277,L,99999900.0,-37.5556,0.0,-0.24500000000000455,771.2899999999995,-0.04869193169884223,0.0,-0.0003176496518819182,-0.04900893308612846
LLLTLLLGVLLGLLLGALILI_2,110011001100110000,1,-56.2725,-56.811,-44.9424,-218.917,-215.153,-235.454,-352.308,4484.55,3647.13,3489.1,-37.795,-28.5741,-114.914,-108.918,-71.9113,-92.1884,42.3926,-48.3237,6.76359,6.05126,5.18715,-32.5928,-90.0074,38.3333,-42.1317,-387.035,6.7822,5.1761,4.2511,2,LLLTLLLGVLLGLLLGALILI,TLLLGVLLGLLLGAL,1.2793125632179914,0.1306419904575655,G,99999900.0,-43.002700000000004,-11.330100000000002,16.537000000000006,837.4200000000001,-0.051351412672255264,-0.01352977000788135,0.019747557975687235,-0.045132669389314796
LLLLFVLLAILYLLLSTLILI_0,110011001100110000,1,-74.2293,-74.1999,-74.1999,-252.319,-236.633,-249.232,-367.099,4656.36,3662.71,3568.64,-37.7941,-26.8094,-78.3445,-83.0754,-43.6672,-45.4485,93.1896,24.1416,9.8971,5.89787,5.79572,-26.144,-49.9452,71.2181,28.0,-393.908,9.4728,3.60623,3.1745,0,LLLLFVLLAILYLLLSTLILI,LFVLLAILYLLLSTL,0.3822523345504628,0.0672803229240506,L,99999900.0,-34.677299999999995,-0.02939999999999543,-3.086999999999989,993.6499999999996,-0.03489890806622051,-2.9587883057409994e-05,-0.0031067277210285213,-0.038035626226538534
LLLAALLGVLLGTLLGFLILI_0,110011001100110000,1,-70.6227,-71.1409,-58.6964,-216.345,-209.74,-230.094,-330.281,4422.14,3568.33,3533.27,-37.7886,-28.4119,-81.1016,-77.8117,-41.4899,-99.0137,45.0951,-38.2097,6.7415,7.4399,6.61633,-26.8021,-92.5815,39.7325,-40.3169,-358.693,6.7382,5.75111,4.8471,0,LLLAALLGVLLGTLLGFLILI,AALLGVLLGTLLGFL,0.9002458918572179,0.042611472538465,G,99999900.0,-39.611700000000006,-11.926299999999998,13.748999999999995,853.8100000000004,-0.04639404551363885,-0.013968330190557609,0.016103114276009873,-0.04425879293988122
LLLLFALLLILILLLSVLILI_0,110011001100110000,1,-60.4671,-60.4304,-60.4838,-247.633,-228.982,-247.584,-375.741,4646.18,3671.67,3580.89,-37.7561,81.2531,-105.397,-5.07566,-67.6733,-48.2781,98.7331,19.6179,9.87359,7.07069,7.05169,70.4574,-52.37,75.6987,26.0846,-294.488,9.2813,4.57482,4.2103,0,LLLLFALLLILILLLSVLILI,LFALLLILILLLSVL,0.421121268706455,0.0513553197588428,L,99999900.0,-37.72370000000001,0.01670000000000016,-0.049000000000006594,974.5100000000002,-0.03871042883089963,1.7136817477501673e-05,-5.028168002381359e-05,-0.03874367630911945
LLLLLLLLAVLYTLLIFLILI_0,110011001100110000,1,-58.9029,-58.9029,-58.9029,-252.712,-233.97,-250.49,-366.66,4635.12,3740.38,3636.28,-37.7338,48.4948,-92.7797,-25.2931,-57.2676,-50.3124,84.1767,35.1921,9.23929,5.41072,5.17338,47.9356,-51.5852,62.9148,28.0,-318.166,9.5,2.73128,2.175,0,LLLLLLLLAVLYTLLIFLILI,LLLLLAVLYTLLIFL,0.3707867541125417,0.0697958951809031,L,99999900.0,-35.512100000000004,0.0,-2.22199999999998,894.7399999999998,-0.0396898540358093,0.0,-0.002483402999754097,-0.042172921742629155
LLLTVLLGLLLGFLLSILILI_2,110011001100110000,1,-71.2601,-66.6967,-60.2652,-228.354,-228.668,-243.349,-362.497,4518.1,3607.68,3642.94,-37.7075,-25.9769,-100.591,-93.1094,-58.8827,-90.1308,43.0155,-41.2931,7.01663,5.82671,4.97194,-20.5823,-95.2981,32.0492,-40.7912,-384.339,7.3971,5.12136,4.1021,2,LLLTVLLGLLLGFLLSILILI,TVLLGLLLGFLLSIL,0.6101948673159254,0.1152009823413047,G,99999900.0,-41.708299999999994,-10.994899999999994,14.994999999999976,910.4200000000005,-0.04581215263285074,-0.01207673381516222,0.016470420245600897,-0.04141769732650862
LLLALLLGALLGTLLGVLILI_0,110011001100110000,1,-73.6486,-67.0245,-58.6797,-208.824,-204.467,-227.751,-347.74,4389.79,3434.94,3442.2,-37.6849,-22.7441,-102.952,-98.9922,-61.3093,-80.6244,52.0967,-34.403,7.01958,5.62672,4.90817,-22.8029,-82.6456,43.881,-35.0,-370.484,7.5,4.82078,3.979,0,LLLALLLGALLGTLLGVLILI,ALLLGALLGTLLGVL,0.8275941906994534,0.1356204880250688,G,99999900.0,-41.6427,-14.968900000000005,18.926999999999992,954.8499999999999,-0.043611771482431796,-0.015676703147091173,0.019821961564643654,-0.03946682725035346
LLLAALLGLLLGVLLGTLILI_2,110011001100110000,1,-71.962,-74.2239,-58.7057,-211.843,-201.976,-229.06,-346.324,4416.91,3427.58,3532.03,-37.6181,1484.51,-100.136,1414.38,-58.558,-87.9458,50.0047,-31.8498,6.71205,6.44252,5.69259,-25.7367,-80.1891,50.0903,-39.6088,-372.108,6.6695,5.29055,4.5419,2,LLLAALLGLLLGVLLGTLILI,AALLGLLLGVLLGTL,1.1774552070932682,0.0180480567670826,G,99999900.0,-41.577999999999996,-13.256300000000003,17.217000000000013,989.3299999999999,-0.04202642192190675,-0.013399270213174577,0.017402686666734068,-0.03802381409640868
LLLTVLLGILLGLLLAFLILI_1,110011001100110000,1,-54.4527,-54.0529,-44.9298,-225.591,-224.465,-241.151,-348.156,4498.99,3680.84,3615.03,-37.5659,0.628995,-105.678,-69.0083,-62.0745,-87.8796,39.4468,-45.9783,6.57531,5.00725,4.09895,-29.8253,-86.6913,38.1487,-45.0,-378.24,6.9063,4.65377,3.726,1,LLLTVLLGILLGLLLAFLILI,TVLLGILLGLLLAFL,0.7738975869452941,0.0585977058489162,G,99999900.0,-43.6035,-9.5229,15.560000000000002,818.1499999999996,-0.05329523925930455,-0.0116395526492697,0.019018517386787274,-0.045915663386909514
LLLAYLLGVLLGALLGSLILI_1,110011001100110000,1,-74.6873,-75.7735,-60.2742,-216.073,-210.412,-232.599,-338.576,4441.61,3488.48,3489.58,-37.5323,2868.75,-85.3479,2816.36,-45.7023,-81.6871,44.3829,-39.0927,6.48748,4.74475,3.91049,668.493,-71.2876,45.5524,-38.516,359.267,6.6243,3.34271,2.526,1,LLLAYLLGVLLGALLGSLILI,AYLLGVLLGALLGSL,1.1185928641067824,0.0696132069382485,G,99999900.0,-39.645599999999995,-14.413099999999993,16.525999999999982,953.1299999999997,-0.04159516540241101,-0.015121861655807705,0.017338663141439246,-0.039377944246849865
LLLLLALLLALFVLLSTLILI_0,110011001100110000,1,-74.2997,-74.2997,-74.2997,-245.543,-234.152,-241.74,9074.16,4537.36,3638.66,3569.41,-37.5262,-24.0266,9356.47,9358.58,9390.2,-50.42,84.9156,24.4978,9.4722,5.5266,5.30034,-23.8667,-54.4884,65.033,28.0,9050.13,9.5,3.45271,2.9282,0,LLLLLALLLALFVLLSTLILI,LLALLLALFVLLSTL,0.459331738431343,0.0339237065408114,L,99999900.0,-33.73000000000138,0.0,-3.8029999999999973,898.6999999999998,-0.03753199065316723,0.0,-0.004231667964838097,-0.04175609213308113
LLLLFVLLAILYTLLLSLILI_0,110011001100110000,1,-74.1876,-74.1876,-74.1876,-245.121,-220.599,-247.03,-367.271,4573.62,3636.44,3543.81,-37.517,27.8289,-85.4791,-44.6549,-46.0526,-51.0409,96.5379,23.8941,9.28789,7.18875,7.13682,30.8745,-55.3439,71.3721,27.9551,-339.442,9.0365,4.43682,4.0074,0,LLLLFVLLAILYTLLLSLILI,LFVLLAILYTLLLSL,0.6313538929966186,0.048214018824398,L,99999900.0,-39.426500000000004,0.0,1.9089999999999918,937.1799999999998,-0.042069292985339006,0.0,0.0020369619496788155,-0.04003179752022024
LLLLLALLFVLTWLLSLLILI_2,110011001100110000,1,-73.6789,-74.1001,-74.1492,-249.964,-240.058,-250.871,-383.804,4622.59,3711.97,3636.37,-37.458,-23.0347,-97.6188,-92.6804,-58.7843,-7.718,104.457,22.9408,9.06677,1.7594,1.82625,-19.5396,-2.1739,98.4581,19.6299,-403.836,9.2379,0.117928,0.0947994,2,LLLLLALLFVLTWLLSLLILI,LLALLFVLTWLLSLL,0.6889676222514683,0.0675220846961433,L,99999900.0,-38.83449999999999,0.4702999999999946,0.9070000000000107,910.6200000000003,-0.04264621905954182,0.000516461312073087,0.0009960246864773564,-0.04113461158331684
LLLLAILTALLFVLLSLLILI_1,110011001100110000,1,-74.2512,-74.2512,-74.2512,-243.536,-238.131,-242.319,-373.681,4560.56,3615.9,3644.02,-37.4328,-19.7879,-93.3275,-81.0867,-57.1111,-47.2811,75.5399,21.7864,9.00206,3.79006,3.42316,-27.1387,-53.5455,58.0911,23.9181,-400.71,9.149,2.37413,1.7455,1,LLLLAILTALLFVLLSLLILI,LAILTALLFVLLSLL,0.4541052182192707,0.0419692808433519,L,99999900.0,-36.2164,0.0,-1.217000000000013,944.6600000000003,-0.03833802637986153,0.0,-0.0012882942010882354,-0.03962568543179555
LLLSYLLGFLLGTLLGLLILI_0,110011001100110000,1,-84.8896,-73.2268,-58.7092,-223.187,-224.277,-249.168,-344.928,4559.77,3440.88,3582.51,-37.3697,-21.3894,-74.2213,-68.8142,-37.0505,-83.7527,33.4519,-42.2609,6.39991,3.5789,2.58068,-20.2288,-83.081,35.995,-42.847,-366.318,7.4247,3.82147,2.86139,0,LLLSYLLGFLLGTLLGLLILI,SYLLGFLLGTLLGLL,1.015422021796469,0.0197461319969275,G,99999900.0,-37.1708,-26.1804,25.980999999999995,1118.8900000000003,-0.033221138807210705,-0.023398546774034974,0.02322033443859538,-0.03339890427119734
LLLSYLLGVLLGALLGTLILI_0,110011001100110000,1,-82.3765,-82.1063,-58.7288,-217.587,-217.294,-243.876,-343.88,4469.29,3601.1,3624.99,-37.2914,-30.3144,-81.2073,-74.7942,-41.2751,-87.7347,43.2067,-39.1296,6.64328,5.49311,4.64121,-30.0771,-92.5815,39.7325,-40.3169,-374.194,6.7382,5.75111,4.8471,0,LLLSYLLGVLLGALLGTLILI,SYLLGVLLGALLGTL,0.9437446096097832,0.0543557129934061,G,99999900.0,-39.9322,-23.647699999999993,26.289000000000016,868.19,-0.04599477072990935,-0.02723793178912449,0.03028023819670811,-0.042953040233128695
LLLTLLLGLLLGVLLASLILI_2,110011001100110000,1,-73.762,-67.4607,-60.2643,-219.739,-222.381,-236.733,-370.643,4529.78,3593.0,3582.5,-37.2548,-23.3968,-114.397,-104.199,-73.6462,-89.4757,50.3646,-42.1382,6.58101,6.72058,5.97605,-25.7034,-97.764,38.4753,-38.0973,-396.16,7.04,6.35877,5.4359,2,LLLTLLLGLLLGVLLASLILI,TLLLGLLLGVLLASL,1.1848659214412802,0.0576156980495051,G,99999900.0,-40.75080000000001,-13.497700000000002,16.994,936.7799999999997,-0.0435009287132518,-0.014408612481052121,0.0181408655180512,-0.0397689959222016
LLLTALLGILLGLLLGVLILI_2,110011001100110000,1,-58.2323,-56.0988,-44.9378,-218.339,-218.301,-237.762,-352.732,4463.31,3452.48,3525.12,-37.232,-33.1713,-113.393,-111.503,-70.0321,-82.9035,41.0458,-39.5139,6.49364,4.47672,3.59241,-31.2508,-79.84,40.4327,-45.0,-384.144,6.5,3.93441,3.0409,2,LLLTALLGILLGLLLGVLILI,TALLGILLGLLLGVL,1.2143502190560491,0.0904762146476792,G,99999900.0,-43.3609,-13.2945,19.423000000000002,1010.8300000000004,-0.04289633271667836,-0.013152063156020294,0.019214902604790116,-0.036833097553495626
LLLALLLGFLLGVLLSTLILI_0,110011001100110000,1,-88.7108,-76.8417,-74.1741,-223.261,-214.765,-236.006,-359.836,4455.93,3650.39,3580.49,-37.2221,-11.1209,-85.0866,-79.35,-49.6558,-86.6293,61.3839,-39.0756,6.62384,7.78121,7.20197,-8.29931,-78.8188,59.0852,-37.4413,-370.957,7.5,6.29932,5.6856,0,LLLALLLGFLLGVLLSTLILI,ALLLGFLLGVLLSTL,1.261548486872445,0.0471032237734711,G,99999900.0,-35.430800000000005,-14.53670000000001,12.745000000000005,805.5400000000004,-0.04398391141346176,-0.018045907093378357,0.015821684832534693,-0.0462076371129925
LLLLAILLAVLFALLSTLILI_1,110011001100110000,1,-74.1475,-74.1475,-74.1475,-237.879,-231.653,-238.429,-362.616,4455.98,3572.71,3562.37,-37.193,-27.4339,-87.7825,-84.249,-50.0397,-46.6652,94.5223,20.3066,8.87951,6.26028,6.17812,-20.8642,-49.9576,72.3497,21.6342,-383.531,9.2046,3.76085,3.3461,1,LLLLAILLAVLFALLSTLILI,LAILLAVLFALLSTL,0.3557818964074555,0.0316966924831409,L,99999900.0,-37.742799999999995,0.0,0.5500000000000114,883.2699999999995,-0.04273076182820657,0.0,0.0006226861548563991,-0.042108302104679224
LLLFSLLTALVALLLSLLILI_0,110011001100110000,1,-77.027,-80.062,-74.1687,-241.204,-218.48,-240.925,-368.794,4568.69,3784.25,3750.49,-37.1498,-8.63868,-87.7138,-78.8914,-53.7007,-102.611,41.8343,26.6211,9.01453,7.53922,6.66673,-7.90991,-108.645,3.22496,28.0,-377.433,8.9405,3.23212,1.78049,0,LLLFSLLTALVALLLSLLILI,FSLLTALVALLLSLL,0.6167657169808177,0.0321238422719075,L,99999900.0,-34.01310000000001,-2.8583,-0.27899999999999636,784.4399999999996,-0.04335972158482487,-0.003643745856917038,-0.00035566773749425896,-0.04735837030238134
LLLALLLGVLLGALLGFLILI_1,110011001100110000,1,-56.5757,-57.4916,-44.9243,-212.839,-214.702,-229.597,-328.527,4473.21,3594.98,3535.01,-37.0933,-32.7402,-96.2047,-89.0733,-54.005,-97.7105,42.2617,-38.6987,6.77827,6.8619,5.99582,-31.6729,-92.5815,39.7325,-40.3169,-359.992,6.7382,5.75111,4.8471,1,LLLALLLGVLLGALLGFLILI,ALLLGVLLGALLGFL,1.1059820666764195,0.0215408768811593,G,99999900.0,-42.1997,-11.651399999999995,16.75800000000001,878.23,-0.04805085228243171,-0.013266911856802881,0.019081561777666452,-0.04223643009234483
LLLSYLLGALLGTLLGLLILI_2,110011001100110000,1,-83.7398,-78.6986,-58.7092,-219.447,-219.86,-245.201,-353.554,4469.93,3463.49,3633.79,-37.0862,3005.27,-87.4533,2950.28,-49.6438,-82.087,39.4897,-43.6616,6.47789,4.14415,3.2365,-13.172,-83.081,35.995,-42.847,-367.538,7.4247,3.82147,2.86139,2,LLLSYLLGALLGTLLGLLILI,SYLLGALLGTLLGLL,0.8204055002047208,0.0334793244885916,G,99999900.0,-37.8095,-25.0306,25.75399999999999,1006.4400000000005,-0.03756756488215888,-0.02487043440244822,0.025589205516473885,-0.036848893128254026
LLLLTILLFLLALLVSLLILI_0,110011001100110000,1,-60.4031,-60.4031,-60.4058,-245.513,-229.254,-246.006,-373.55,4627.27,3626.56,3599.01,-37.0455,-20.4652,-104.679,-104.358,-67.1384,-50.8776,80.6802,18.5014,8.87335,5.02346,4.73367,-21.7219,-56.1837,58.5243,19.3261,-394.015,8.9941,2.82834,2.2062,0,LLLLTILLFLLALLVSLLILI,LTILLFLLALLVSLL,0.3506944316466234,0.11225735896616,L,99999900.0,-37.5406,0.00269999999999726,0.492999999999995,1000.7100000000005,-0.037513965084789776,2.698084360101587e-06,0.0004926502183449698,-0.03701921635638694
LLLLAFLLAVLTALLLSLILI_2,110011001100110000,1,-74.2562,-74.2562,-74.2562,-236.776,-225.792,-236.412,-361.194,4546.04,3548.78,3579.31,-37.0208,163.892,-87.183,102.746,-50.5263,-6.42539,121.085,23.7696,9.15908,3.81034,4.12662,-8.15764,-10.3153,94.584,18.0,-370.966,9.3619,0.81614,0.734901,2,LLLLAFLLAVLTALLLSLILI,LAFLLAVLTALLLSL,0.4383114197152424,0.0094929083350523,L,99999900.0,-36.65670000000001,0.0,-0.3640000000000043,997.2599999999998,-0.036757415317971255,0.0,-0.00036500010027475723,-0.03712251569299883
LLLVALLLLLTALLFSLLILI_1,110011001100110000,1,-74.2516,-74.2516,-74.2272,-241.883,-237.634,-242.519,-377.272,4618.42,3653.01,3603.99,-37.0188,43.1097,-98.1563,-22.2772,-60.526,-102.478,22.2707,24.556,9.64084,4.87828,3.71234,45.1865,-101.833,3.45963,18.0,-333.136,9.3219,2.242,0.793894,1,LLLVALLLLLTALLFSLLILI,VALLLLLTALLFSLL,0.3813974480381747,0.0378058402750216,L,99999900.0,-37.6303,-0.024399999999999977,0.6359999999999957,965.4099999999999,-0.038978568691022474,-2.5274235816906786e-05,0.0006587874581783862,-0.03834515905159466
LLLFALLLLLVTLLYSLLILI_2,110011001100110000,1,-77.0815,-72.8662,-74.2685,-237.132,-234.407,-249.985,-367.637,4705.53,3706.22,3728.91,-36.9936,-11.9311,-90.4173,-72.2953,-43.3837,-107.115,28.344,28.6462,8.75228,6.39368,5.31884,-17.1699,-109.291,15.0357,28.0,-385.375,9.1166,4.92347,3.64901,2,LLLFALLLLLVTLLYSLLILI,FALLLLLVTLLYSLL,0.3260552411740627,0.0479748059905962,L,99999900.0,-47.0336,-2.8130000000000024,12.853000000000009,999.31,-0.04706607559215859,-0.0028149423101940362,0.01286187469353855,-0.03701914320881408
LLLYALLGVLLGLLLGSLILI_0,110011001100110000,1,-73.3167,-72.2165,-60.282,-218.215,-211.534,-238.329,-346.929,4544.15,3480.0,3572.33,-36.9069,-27.1638,-92.3042,-90.3431,-48.3181,-90.0778,47.4463,-34.2707,6.5767,6.41692,5.62861,-27.2078,-84.3372,42.9168,-36.0114,-374.093,6.6086,4.94435,4.0881,0,LLLYALLGVLLGLLLGSLILI,YALLGVLLGLLLGSL,0.5808187877246773,0.055091521934678,G,99999900.0,-43.98609999999999,-13.0347,20.114000000000004,1064.1499999999996,-0.041334492317812346,-0.01224893107174741,0.018901470657332154,-0.03468204670394213
LLLAYLLGVLLGLLLASLILI_1,110011001100110000,1,-72.7414,-72.1418,-60.32,-224.353,-221.15,-238.065,-353.699,4519.75,3601.93,3610.29,-36.8755,-30.5911,-93.4803,-90.999,-55.3141,-80.4083,54.8089,-39.0496,7.11079,5.96044,5.28257,-24.2038,-75.759,50.2096,-41.8685,-378.419,7.3305,4.64215,3.89529,1,LLLAYLLGVLLGLLLASLILI,AYLLGVLLGLLLASL,1.3454548691654045,0.1394176376507461,G,99999900.0,-38.166199999999996,-12.421399999999998,13.711999999999989,917.8200000000002,-0.04158353489791025,-0.0135335904643612,0.014939748534571034,-0.040177267873875044
LLLLYLLVILLLFLTSLLILI_0,110011001100110000,1,-74.1472,-74.2294,-74.111,-254.932,-233.184,-252.313,-374.495,4682.08,3807.41,3563.5,-36.8686,522.557,-82.2847,455.475,-48.0708,-57.6867,72.1122,17.638,10.9061,4.88816,4.46984,484.423,-57.2774,49.4319,18.7562,148.062,9.2494,1.76492,1.0064,0,LLLLYLLVILLLFLTSLLILI,LYLLVILLLFLTSLL,0.5533745128191758,0.1117028694575986,L,99999900.0,-34.2139,-0.03619999999999379,-2.6189999999999998,874.6700000000001,-0.0391163524529251,-4.138703739695404e-05,-0.0029942721254873263,-0.04215143997164645
LLLTLLLGVLLGALLGILILI_1,110011001100110000,1,-55.9423,-54.732,-44.9313,-221.699,-215.537,-236.073,-350.009,4435.43,3669.3,3639.92,-36.862,-26.5005,-109.23,-106.241,-69.0052,-93.7143,44.153,-46.0196,6.61215,6.5178,5.6801,-26.6774,-90.0074,38.3333,-42.1317,-376.435,6.7822,5.1761,4.2511,1,LLLTLLLGVLLGALLGILILI,TLLLGVLLGALLGIL,1.078957599321605,0.0327599798275788,G,99999900.0,-40.2248,-11.011000000000003,14.373999999999995,766.1300000000001,-0.0525038831529897,-0.014372234477177503,0.018761828932426602,-0.04811454975004242
LLLAVLLGTLLGLLLSFLILI_2,110011001100110000,1,-84.7994,-84.6008,-74.0838,-216.952,-214.481,-236.596,-360.96,4442.86,3657.16,3621.34,-36.8403,-34.1173,-96.0482,-95.9949,-50.28,-91.1272,51.605,-35.4919,7.02958,7.13575,6.40982,-32.7354,-91.43,48.2927,-36.5962,-394.415,7.0472,6.73401,5.9584,2,LLLAVLLGTLLGLLLSFLILI,AVLLGTLLGLLLSFL,1.1184991569394125,0.086470559411543,G,99999900.0,-45.76819999999999,-10.71560000000001,19.644000000000005,785.6999999999998,-0.05825149548173603,-0.013638284332442423,0.02500190912562048,-0.04688850706376481
LLLYLLLGILLGTLLAFLILI_2,110011001100110000,1,-68.611,-66.8357,-58.7109,-231.654,-227.941,-246.075,-344.092,4623.77,3753.06,3601.64,-36.8294,-29.2519,-80.6564,-78.5676,-39.3058,-76.2714,38.32,-43.0741,6.84545,3.11392,2.18872,-29.278,-70.6256,40.5984,-41.2559,-372.954,6.8843,2.57462,1.6836,2,LLLYLLLGILLGTLLAFLILI,YLLLGILLGTLLAFL,0.5815958200804241,0.0552825292526677,G,99999900.0,-41.35060000000001,-9.900100000000002,14.420999999999992,870.7100000000005,-0.04749066853487382,-0.011370146202524372,0.016562345671922895,-0.04229812451907062
LLLLYLLVALLIFLTSLLILI_0,110011001100110000,1,-74.258,-74.4403,-74.142,-249.967,-228.747,-247.342,-366.34,4666.87,3626.6,3606.99,-36.8262,215.144,-78.9404,151.992,-44.856,-60.2997,67.9434,14.4424,9.91623,4.71731,4.23647,170.824,-57.2774,49.4319,18.7562,-151.195,9.2494,1.76492,1.0064,0,LLLLYLLVALLIFLTSLLILI,LYLLVALLIFLTSLL,0.2944700954448294,0.0431090150393664,L,99999900.0,-34.084399999999995,-0.11599999999999966,-2.625,1040.27,-0.03276495525200188,-0.0001115095119536271,-0.0025233833523988967,-0.03540061714747133
LLLLFLLLYVLAALLSTLILI_0,110011001100110000,1,-74.1711,-74.1711,-74.1711,-243.436,-227.786,-240.575,-357.26,4570.75,3683.42,3485.88,-36.8032,-16.1883,-76.4559,-71.491,-42.514,-49.4374,81.596,23.8475,9.53545,4.93106,4.655,-16.2604,-51.2293,66.1027,23.4186,-373.448,9.2593,3.10826,2.5998,0,LLLLFLLLYVLAALLSTLILI,LFLLLYVLAALLSTL,0.6850860611635593,0.0806708351741626,L,99999900.0,-33.9419,0.0,-2.8610000000000184,887.3299999999999,-0.038251721456504344,0.0,-0.0032242795803139965,-0.041476339129748796
LLLLYVLLIALTILLFSLILI_2,110011001100110000,1,-74.3389,-74.1281,-74.229,-249.279,-237.465,-247.838,-362.479,4620.87,3746.38,3593.84,-36.7902,16.5384,-75.6517,-34.3482,-40.4125,-64.3959,81.0019,25.5727,10.7669,7.09464,6.80967,11.2088,-60.6709,65.7431,20.4901,-348.028,9.5,4.47595,3.9621,2,LLLLYVLLIALTILLFSLILI,LYVLLIALTILLFSL,0.2040531492416023,0.0652635092662225,L,99999900.0,-35.239200000000004,-0.10989999999999611,-1.4410000000000025,874.4899999999998,-0.040296858740523064,-0.00012567324955116256,-0.0016478175851067512,-0.04207046392754635
LLLLALLLFVLTYLLSALILI_1,110011001100110000,1,-74.1957,-72.6921,-74.1538,-247.783,-246.149,-245.528,-361.551,4598.34,3668.64,3656.29,-36.7504,-33.8803,-76.323,-76.5903,-41.8691,-6.4469,111.998,25.0769,9.46356,2.58677,2.76674,-24.5033,-10.2137,94.2316,25.4728,-386.636,9.5,0.753326,0.666801,1,LLLLALLLFVLTYLLSALILI,LALLLFVLTYLLSAL,0.3315907815737762,0.0476748960588188,L,99999900.0,-34.45389999999999,-0.04189999999999827,-2.2549999999999955,929.7000000000003,-0.037059158868452166,-4.5068301602665656e-05,-0.0024255136065397384,-0.03952931053027857
LLLYFLLGVLLGTLLSLLILI_0,110011001100110000,1,-83.3798,-78.9686,-73.9815,-223.954,-220.035,-247.502,-352.929,4671.52,3620.9,3627.99,-36.7337,-19.7067,-82.3291,-73.6323,-31.446,-94.9441,44.7013,-45.1268,6.68421,6.7763,5.94682,-17.0291,-95.1126,40.1521,-41.2795,-372.636,7.0002,6.18742,5.2897,0,LLLYFLLGVLLGTLLSLLILI,YFLLGVLLGTLLSLL,1.1375588219443593,0.1241777622455363,G,99999900.0,-50.8831,-9.398300000000006,23.548000000000002,1050.6200000000003,-0.0484314975918981,-0.008945479811920584,0.022413432068683247,-0.03496383088081322
LLLLAILLAVLFLLLSTLILI_1,110011001100110000,1,-74.1304,-74.1445,-74.1978,-240.525,-236.871,-242.436,-373.561,4528.81,3616.23,3554.7,-36.6283,-21.3757,-95.5337,-83.9202,-56.9271,-48.2932,89.6867,22.1214,8.91335,5.85167,5.69698,-22.8875,-49.9576,72.3497,21.6342,-396.504,9.2046,3.76085,3.3461,1,LLLLAILLAVLFLLLSTLILI,LAILLAVLFLLLSTL,0.2872176019470009,0.0762918135722881,L,99999900.0,-38.60659999999999,0.06740000000000634,1.9110000000000014,912.5800000000004,-0.0423048938175283,7.385653860484156e-05,0.0020940629862587394,-0.04013708387209887
LLLLLALLLILIVLLSTLILI_2,110011001100110000,1,-74.2997,-74.2997,-74.2997,-248.058,-245.49,-244.662,-397.277,4570.5,3668.55,3599.72,-36.5564,-0.179532,-111.476,-77.6668,-78.3154,-48.1471,85.6117,22.2133,9.8267,5.27964,5.06381,0.591153,-54.4884,65.033,28.0,-390.604,9.5,3.45271,2.9282,2,LLLLLALLLILIVLLSTLILI,LLALLLILIVLLSTL,0.4207997710998727,0.0705111427676071,L,99999900.0,-33.1606,0.0,-3.3959999999999866,901.9499999999998,-0.03676545263041189,0.0,-0.0037651754531847523,-0.04053040634181496
LLLTALLGLLLGYLLSVLILI_1,110011001100110000,1,-76.2521,-69.8917,-60.1731,-224.244,-225.177,-245.036,-361.773,4528.1,3562.31,3621.23,-36.5536,-26.9761,-97.8309,-93.6808,-56.5645,-89.213,49.3921,-43.3543,6.66525,6.54989,5.79077,-17.3548,-85.0833,46.26,-43.2731,-379.744,7.339,5.5076,4.7015,1,LLLTALLGLLLGYLLSVLILI,TALLGLLLGYLLSVL,1.0912364351392665,0.0710328824855209,G,99999900.0,-41.2664,-16.079,20.792,965.7900000000004,-0.04272812930347175,-0.01664854678553308,0.021528489630250874,-0.03784839354310977
LLLYWLLTLLVILLLSLLILI_0,110011001100110000,1,-73.9822,-73.3685,-74.1717,-255.015,-231.658,-260.195,-393.267,4774.41,3897.06,3759.88,-36.552,86.3056,-100.821,-1.93479,-58.9,-100.798,37.253,23.9929,9.7074,6.64893,5.70772,87.0835,-100.223,12.091,21.0733,-306.961,9.5,3.16573,1.84709,0,LLLYWLLTLLVILLLSLLILI,YWLLTLLVILLLSLL,0.2237115857519034,0.041896839539623,L,99999900.0,-41.921,0.18949999999999534,5.180000000000007,877.3499999999999,-0.04778138713170343,0.00021599133755057314,0.0059041431583746595,-0.04166182253376646
LLLTALLGLLLGVLLSILILI_2,110011001100110000,1,-77.1418,-77.18,-60.3583,-221.124,-222.859,-241.59,-371.727,4496.19,3605.1,3627.26,-36.5446,-35.5558,-110.006,-107.244,-69.7786,-88.6762,53.3268,-42.6032,6.59736,7.00054,6.30045,-26.6868,-85.3964,50.7936,-43.9343,-398.694,6.9666,6.1666,5.4285,2,LLLTALLGLLLGVLLSILILI,TALLGLLLGVLLSIL,0.6681244329484056,0.1249482640920224,G,99999900.0,-40.2274,-16.783500000000004,20.466000000000008,891.0899999999997,-0.045144037078185165,-0.018834797831868845,0.022967377032622985,-0.04101112121110103
LLLVLLLAILFLLLTSLLILI_1,110011001100110000,1,-74.0893,-74.0893,-74.203,-249.978,-248.277,-245.603,-384.601,4602.48,3752.44,3723.47,-36.5384,-33.2731,-97.0718,-95.5077,-64.7954,-102.78,27.1238,19.1243,9.27851,5.57865,4.4855,-20.5015,-108.73,3.38007,19.3936,-405.012,9.4542,3.26581,1.81651,1,LLLVLLLAILFLLLTSLLILI,VLLLAILFLLLTSLL,0.2766361233290076,0.0627594122252348,L,99999900.0,-32.276399999999995,0.11370000000000857,-4.375,850.0399999999995,-0.037970448449484745,0.00013375841136888691,-0.005146816620394338,-0.04298433014916948
LLLYALLGILLGVLLSLLILI_2,110011001100110000,1,-71.7179,-67.7898,-60.344,-227.601,-233.386,-243.62,-358.748,4570.7,3620.46,3714.76,-36.5249,-25.5359,-95.9544,-83.109,-54.7845,-93.6838,34.6039,-41.713,6.78774,5.2241,4.24316,-23.6741,-94.6454,29.8466,-40.7669,-382.966,7.1745,4.7261,3.6738,2,LLLYALLGILLGVLLSLLILI,YALLGILLGVLLSLL,0.6032711265782535,0.0079406367312513,G,99999900.0,-41.169900000000005,-11.373899999999999,16.019000000000005,950.2399999999998,-0.043325791379020054,-0.011969502441488467,0.01685784643879442,-0.038437552618285915
LLLLFALLLALTLLLSVLILI_0,110011001100110000,1,-74.1529,-70.5666,-74.297,-242.732,-224.674,-242.198,-272.918,4607.54,3647.14,3583.14,-36.5149,-17.0264,7.45164,5.29613,43.5772,-52.9331,94.4888,19.3155,9.95457,7.19595,7.11328,-17.0267,-52.37,75.6987,26.0846,-289.944,9.2813,4.57482,4.2103,0,LLLLFALLLALTLLLSVLILI,LFALLLALTLLLSVL,0.5360543513555016,0.0480921972257657,L,99999900.0,-36.12556,0.14409999999999457,-0.5339999999999918,960.4000000000001,-0.03761511870054144,0.00015004164931278066,-0.0005560183256976175,-0.038020512286547264
LLLAFLLGLLLGTLLSYLILI_2,110011001100110000,1,-83.0306,-79.2943,-74.0315,-226.602,-225.626,-240.979,-350.756,4554.01,3531.96,3544.97,-36.4779,-25.4504,-77.6013,-71.2857,-35.7456,-72.7811,58.7441,-35.3506,6.69447,5.34762,4.72878,-19.2016,-64.7067,61.3173,-36.5921,-370.027,7.395,4.48384,3.9036,2,LLLAFLLGLLLGTLLSYLILI,AFLLGLLLGTLLSYL,1.4162249594519516,0.053131983727319,G,99999900.0,-41.85569999999999,-8.999100000000013,14.37700000000001,1022.0500000000002,-0.040952693116775095,-0.008804950834107931,0.014066826476199801,-0.03569091531725453
LLLLAILLYTLAVLLSLLILI_0,110011001100110000,1,-74.2179,-74.2179,-74.2179,-246.216,-234.885,-244.101,-377.267,4546.96,3657.53,3601.27,-36.4693,-19.4601,-93.3031,-87.6243,-58.9482,-49.3777,81.9693,20.1709,9.05619,4.97252,4.70206,-19.6838,-51.1865,63.7969,19.4517,-396.727,9.2447,2.79055,2.2475,0,LLLLAILLYTLAVLLSLLILI,LAILLYTLAVLLSLL,0.8684370784111088,0.0377328397569375,L,99999900.0,-34.3549,0.0,-2.115000000000009,889.4299999999998,-0.03862574907525045,0.0,-0.002377927436672936,-0.041003001922579635
LLLLVALLLTLISLLFALILI_1,110011001100110000,1,-66.9368,-74.2165,-74.2165,-237.903,-235.905,-242.471,-370.015,4566.3,3681.06,3618.0,-36.4602,141.901,-101.636,82.0071,-53.3278,-8.66153,110.883,24.1899,9.03978,2.76842,2.93167,-8.46403,-15.856,85.056,19.3699,-379.194,9.4176,0.36096,0.1368,1,LLLLVALLLTLISLLFALILI,LVALLLTLISLLFAL,0.7196131561658442,0.0351014320021267,L,99999900.0,-48.30819999999999,7.279699999999991,4.568000000000012,885.2400000000002,-0.05457073787899325,0.008223419637612387,0.005160182549365156,-0.04118679680086755
LLLLVALLTILLSLLFLLILI_0,110011001100110000,1,-70.6532,-70.6532,-74.2915,-246.418,-230.884,-246.496,-383.666,4579.44,3724.43,3576.1,-36.4578,-19.2869,-103.052,-101.416,-62.8784,-3.35408,113.095,22.175,9.4708,2.27089,2.4673,-16.4288,-6.4439,94.5421,18.8212,-402.953,9.5,0.229768,0.147899,0,LLLLVALLTILLSLLFLLILI,LVALLTILLSLLFLL,0.3971792318323473,0.07775989021416,L,99999900.0,-40.17360000000001,3.638300000000001,0.07800000000000296,855.0099999999998,-0.0469861171214372,0.004255271868165287,9.122700319294859e-05,-0.04264020303856096
LLLLAILAALLFVLTSLLILI_1,110011001100110000,1,-74.1961,-74.1961,-74.1899,-239.557,-233.278,-238.092,-361.225,4517.41,3586.7,3620.01,-36.437,-21.1173,-83.9084,-74.8679,-48.9426,-54.4285,63.6096,22.108,9.13856,3.25157,2.70571,-20.3469,-61.242,41.034,21.0547,-381.785,9.0349,1.22589,0.3414,1,LLLLAILAALLFVLTSLLILI,LAILAALLFVLTSLL,0.4510965006567538,0.0250921178702023,L,99999900.0,-34.9658,-0.006200000000006867,-1.464999999999975,930.71,-0.03756895273500876,-6.661580943588085e-06,-0.001574067110055737,-0.039149681426008096
LLLLAALVALLTSLILLLILI_0,110011001100110000,1,-78.8349,-79.8663,-74.2009,-231.611,-211.219,-237.847,-378.924,4495.63,3510.72,3522.47,-36.4128,-12.8001,-104.891,-100.639,-66.8761,-4.17735,124.727,23.5147,8.50136,3.96468,4.33558,-12.5032,-8.79533,100.0,22.4066,-391.724,8.5,1.3193,1.3193,0,LLLLAALVALLTSLILLLILI,LAALVALLTSLILLL,0.5094629224393482,0.108809230263944,L,99999900.0,-38.01490000000001,-4.634,6.236000000000018,984.9100000000003,-0.03859733376653705,-0.004704998426252144,0.006331542983622886,-0.03697068767704662
LLLLALLFILTILLAVLLILI_2,110011001100110000,1,-51.7664,-45.1008,-58.8679,-247.058,-245.927,-242.8,-364.154,4583.8,3845.85,3765.59,-36.3639,550.596,-101.694,477.471,-62.486,-108.729,17.9971,27.7175,9.62755,5.23893,4.00888,66.8585,-99.2693,14.1594,28.0,-306.168,9.4208,3.30191,2.0143,2,LLLLALLFILTILLAVLLILI,LALLFILTILLAVLL,0.3982067773834721,0.056061908603362,L,99999900.0,-39.208000000000006,7.1015000000000015,-4.257999999999981,737.9500000000003,-0.053130970932990025,0.009623280710075207,-0.005770038620502717,-0.049276915780201894
LLLSYLLGVLLGALLAFLILI_0,110011001100110000,1,-70.4098,-67.7448,-44.9369,-222.915,-221.442,-247.914,-332.273,4534.8,3741.19,3665.74,-36.317,-31.2286,-75.265,-74.3141,-39.4214,-82.4614,47.1781,-44.8006,7.12211,5.23825,4.44592,-30.66,-83.7533,47.7994,-42.6647,-363.501,7.5,5.51591,4.7329,0,LLLSYLLGVLLGALLAFLILI,SYLLGVLLGALLAFL,1.0191116748138134,0.0623427255376168,G,99999900.0,-35.8436,-25.472900000000003,24.998999999999995,793.6100000000001,-0.0451652574942352,-0.03209750381169592,0.03150035911845868,-0.04576177215508877
LLLLFVLLLLLATLISLLILI_0,110011001100110000,1,-74.1181,-74.1181,-74.1181,-248.704,-227.723,-245.815,-380.063,4632.12,3677.17,3613.31,-36.3083,-13.0552,-93.5488,-91.2767,-60.1293,-59.2227,69.2131,18.2448,9.24258,4.72717,4.26537,-12.3546,-58.638,47.7207,18.5491,-393.118,9.3098,1.73799,0.9538,0,LLLLFVLLLLLATLISLLILI,LFVLLLLLATLISLL,0.3073481537496996,0.0437658678567936,L,99999900.0,-33.4195,0.0,-2.88900000000001,954.9499999999998,-0.03499607309283209,0.0,-0.0030252892821613806,-0.03802115293994451
LLLLVSLLLLLTALLFILILI_2,110011001100110000,1,-66.4647,-67.1275,-58.8967,-237.173,-234.753,-246.557,-371.123,4626.35,3668.12,3615.99,-36.3046,-24.9223,-103.789,-94.1642,-65.6687,-7.03322,111.347,26.7135,9.22136,2.58686,2.75707,-16.1678,-10.2137,94.2316,25.4728,-386.534,9.5,0.753326,0.666801,2,LLLLVSLLLLLTALLFILILI,LVSLLLLLTALLFIL,0.2505791390062836,0.0769498963980169,L,99999900.0,-38.1203,-7.567999999999991,9.383999999999986,958.2300000000005,-0.03978199388455797,-0.007897895077382243,0.009793055946902081,-0.03788714609227428
LLLLLALLLILFVLLITLILI_2,110011001100110000,1,-58.9661,-58.9661,-58.9661,-251.899,-249.051,-248.013,-376.724,4606.73,3653.93,3559.65,-36.2959,13.7694,-102.154,-54.9368,-69.7442,-54.2144,82.0455,29.2969,9.79656,5.70831,5.43899,2.90767,-54.4884,65.033,28.0,-373.841,9.5,3.45271,2.9282,2,LLLLLALLLILFVLLITLILI,LLALLLILFVLLITL,0.3147721103500382,0.0523870478827466,L,99999900.0,-32.40979999999999,0.0,-3.8859999999999957,952.7999999999997,-0.03401532325776658,0.0,-0.004078505457598653,-0.03809393366918557
LLLTALLGVLLGFLLAILILI_0,110011001100110000,1,-56.3877,-55.097,-44.9169,-222.154,-221.944,-239.821,-335.306,4501.28,3604.4,3596.62,-36.2894,-35.6,-93.0541,-93.866,-50.5682,-89.3797,41.1071,-43.1031,6.53111,5.45642,4.57302,-35.5995,-85.9497,42.6517,-45.0,-370.907,6.5506,5.15043,4.2902,0,LLLTALLGVLLGFLLAILILI,TALLGVLLGFLLAIL,1.2863323912032831,0.0809531044730452,G,99999900.0,-42.48590000000001,-11.470800000000004,17.667,896.8799999999997,-0.04737077423958615,-0.0127896708589778,0.019698287396307208,-0.04046182320934798
LLLLVLLLAILFLLLSTLILI_1,110011001100110000,1,-74.1229,-74.1764,-74.1764,-250.253,-251.035,-246.192,-383.43,4577.47,3697.31,3618.59,-36.2847,-20.0971,-95.3388,-78.3165,-63.0619,-45.6317,66.211,17.8255,9.21318,2.28324,1.77641,-30.3069,-43.8654,60.6546,18.1944,-414.645,9.5,1.26818,0.677999,1,LLLLVLLLAILFLLLSTLILI,LVLLLAILFLLLSTL,0.1655517772583276,0.1222027796040547,L,99999900.0,-32.276900000000005,0.05349999999999966,-4.060999999999979,880.1600000000003,-0.03667162788583893,6.078440283584762e-05,-0.004613933830212663,-0.04122511816033447
LLLLLALLLILFVLLSTLILI_0,110011001100110000,1,-74.2997,-74.2997,-74.2997,-247.61,-238.312,-245.937,-384.012,4569.37,3679.63,3596.71,-36.2795,-24.5428,-98.3825,-95.9432,-63.7756,-50.9349,80.5337,24.5202,9.47486,5.01228,4.72028,-24.0218,-54.4884,65.033,28.0,-408.555,9.5,3.45271,2.9282,0,LLLLLALLLILFVLLSTLILI,LLALLLILFVLLSTL,0.4059382022105773,0.063526201293065,L,99999900.0,-34.606899999999996,0.0,-1.6730000000000018,889.7399999999998,-0.03889552003956213,0.0,-0.0018803245892058378,-0.04077539505923079
LLLLVALLALLTSLLFILILI_2,110011001100110000,1,-74.2961,-74.2961,-74.2667,-241.268,-239.952,-242.439,-371.81,4546.87,3659.51,3564.08,-36.277,-32.1479,-92.523,-89.7102,-55.1047,-5.41989,109.106,22.5504,9.31808,2.04232,2.17891,-22.6049,-7.00423,96.9391,20.3201,-394.694,9.431,0.637414,0.591501,2,LLLLVALLALLTSLLFILILI,LVALLALLTSLLFIL,0.3581971381186818,0.0415616002356875,L,99999900.0,-37.418299999999995,-0.02939999999999543,1.1709999999999923,887.3599999999997,-0.04216811666065634,-3.313198701766526e-05,0.0013196447890371356,-0.04088194194013705
LLLAFLLGALLGTLLTVLILI_1,110011001100110000,1,-78.1792,-77.2836,-72.4773,-222.18,-218.084,-233.848,-342.04,4520.43,3714.41,3652.59,-36.0866,-20.5191,-77.7671,-67.1911,-35.7138,-72.5731,58.0338,-39.1186,6.41237,5.22053,4.59103,-20.0028,-63.2674,60.5559,-36.2287,-362.215,7.0661,4.16516,3.5735,1,LLLAFLLGALLGTLLTVLILI,AFLLGALLGTLLTVL,1.264432019110266,0.0383709317741059,G,99999900.0,-42.0533,-5.701899999999995,11.668000000000006,806.0200000000004,-0.052174015533113294,-0.0070741420808416566,0.014476067591374904,-0.04477134562417803
LLLLAVLTALLLLLFSLLILI_1,110011001100110000,1,-74.2427,-74.1116,-74.31,-243.46,-243.718,-242.562,-376.341,4575.15,3620.7,3625.54,-36.0807,-30.1536,-94.7188,-88.6653,-59.4691,-50.3657,76.702,18.8372,8.88749,4.40963,4.06016,-21.2237,-55.6011,56.4843,18.0,-397.623,9.1852,2.46554,1.8128,1,LLLLAVLTALLLLLFSLLILI,LAVLTALLLLLFSLL,0.2466245117028291,0.0911046555453248,L,99999900.0,-35.249700000000004,0.06730000000000302,-0.8979999999999961,954.4499999999998,-0.03693195033789094,7.051181308607369e-05,-0.000940855990360937,-0.03780260883231181
LLLAALLGVLLGTLLGLLILI_0,110011001100110000,1,-69.7511,-71.1418,-58.7088,-219.723,-208.294,-228.935,-348.548,4401.8,3600.19,3582.1,-36.0743,-27.4203,-95.1483,-96.5326,-60.9035,-101.069,44.3363,-41.1237,6.68881,7.64579,6.81083,-26.7851,-92.5815,39.7325,-40.3169,-375.968,6.7382,5.75111,4.8471,0,LLLAALLGVLLGTLLGLLILI,AALLGVLLGTLLGLL,0.8954363590380457,0.0658968758666646,G,99999900.0,-34.244800000000005,-11.042299999999997,9.211999999999989,801.6100000000001,-0.04272002594778009,-0.01377515250558251,0.011491872606379646,-0.04500230785544092
LLLSYLLGLLLGALLATLILI_2,110011001100110000,1,-84.5024,-83.7961,-58.7127,-222.965,-223.7,-248.029,-359.087,4504.67,3593.77,3656.26,-36.0579,-11.4748,-87.6769,-63.065,-52.345,-83.0907,52.2668,-41.0036,7.10273,6.01963,5.30363,-26.3228,-83.7533,47.7994,-42.6647,-384.632,7.5,5.51591,4.7329,2,LLLSYLLGLLLGALLATLILI,SYLLGLLLGALLATL,1.1354794066484537,0.0362792591101874,G,99999900.0,-35.331900000000005,-25.789699999999996,25.063999999999993,910.9000000000001,-0.038787902074871004,-0.02831232846635195,0.027515643868701273,-0.03958491601712591
LLLTYLLGVLLGLLLASLILI_1,110011001100110000,1,-69.544,-70.2365,-60.2796,-224.667,-221.438,-246.616,-361.643,4552.46,3599.18,3592.37,-36.0425,-27.5412,-103.474,-97.51,-54.7469,-87.6146,40.4538,-46.3671,6.95793,5.10345,4.21026,-21.6757,-75.8727,44.54,-43.5756,-384.383,7.3804,3.8938,3.0619,1,LLLTYLLGVLLGLLLASLILI,TYLLGVLLGLLLASL,1.0759246622765672,0.0378677221315158,G,99999900.0,-48.72710000000001,-9.264399999999995,21.949000000000012,953.2800000000002,-0.05111520224907687,-0.009718445787176897,0.02302471466935214,-0.03780893336690164
LLLAVLLGTLLGALLSLLILI_2,110011001100110000,1,-84.8086,-75.8179,-73.966,-215.58,-210.106,-231.549,-367.056,4388.9,3636.9,3662.92,-36.0265,-16.4906,-102.694,-97.6232,-61.541,-90.3446,51.0991,-43.5302,6.3541,6.95007,6.21655,-20.2025,-83.724,52.3747,-45.0,-391.327,6.6055,6.12918,5.4148,2,LLLAVLLGTLLGALLSLLILI,AVLLGTLLGALLSLL,1.1948993552838063,0.032154041610682,G,99999900.0,-41.153000000000006,-10.842600000000004,15.968999999999994,751.9999999999995,-0.05472473404255323,-0.014418351063829802,0.021235372340425537,-0.04790757978723407
LLLYLLLGILLGALLSTLILI_2,110011001100110000,1,-86.8305,-86.8238,-73.9865,-220.577,-221.155,-243.086,-365.304,4568.75,3638.24,3623.1,-35.9941,-32.7863,-93.8901,-90.1111,-48.2309,-86.8535,45.4942,-43.3869,6.86067,5.66974,4.85216,-23.7479,-81.8496,48.8584,-40.8659,-389.102,7.1529,5.37332,4.6062,2,LLLYLLLGILLGALLSTLILI,YLLLGILLGALLSTL,1.1916357560568054,0.0940317938749034,G,99999900.0,-45.659200000000006,-12.843999999999994,22.509000000000015,930.5100000000002,-0.04906900516920828,-0.013803183200610409,0.024189960344327313,-0.038682120557543706
LLLVSLLLALIALLLTLLILI_0,110011001100110000,1,-65.3922,-66.9902,-58.8383,-233.039,-220.739,-241.504,-380.687,4544.87,3633.01,3684.56,-35.8753,-14.1793,-118.131,-107.137,-80.3445,-106.885,25.8906,18.753,9.4381,6.02801,4.91637,-13.879,-108.506,6.15667,24.8812,-394.866,9.4921,3.60705,2.1994,0,LLLVSLLLALIALLLTLLILI,VSLLLALIALLLTLL,0.893410933683641,0.0374279658290773,L,99999900.0,-37.786500000000004,-6.553900000000006,8.465000000000003,911.8599999999997,-0.041438927028271906,-0.007187397188164859,0.009283223301822656,-0.03934299124865661
LLLLLALLAVLTSLLAILILI_1,110011001100110000,1,-77.0768,-74.989,-74.1748,-235.962,-239.982,-236.896,-380.827,4436.98,3627.15,3603.05,-35.8033,-28.9019,-103.592,-94.7587,-69.7563,-4.94103,103.523,20.932,8.75654,1.21675,1.26959,-27.5759,-7.1541,92.8459,18.0,-408.333,8.8115,0.107311,-5.55556e-07,1,LLLLLALLAVLTSLLAILILI,LLALLAVLTSLLAIL,0.8174233674464992,0.0423495333428158,L,99999900.0,-33.8357,-2.902000000000001,0.9339999999999975,809.8299999999995,-0.04178123803761286,-0.0035834681352876568,0.0011533284763468852,-0.04421088376572864
LLLTALLGLLLGFLLSALILI_1,110011001100110000,1,-74.8437,-66.798,-60.2235,-221.116,-218.665,-241.319,-352.54,4526.59,3623.76,3634.24,-35.8026,-25.1651,-92.3821,-92.2418,-50.9969,-90.7214,49.2841,-45.5696,6.94977,6.76155,6.00082,-20.2009,-93.3512,41.9135,-44.1361,-373.768,7.4044,6.161,5.2897,1,LLLTALLGLLLGFLLSALILI,TALLGLLLGFLLSAL,1.233193417879722,0.0345288192160469,G,99999900.0,-41.3852,-14.620199999999997,20.202999999999975,902.8299999999999,-0.04583941605839416,-0.016193746330981466,0.022377413245018414,-0.03965597067000432
LLLLYVLTALLFLLISLLILI_1,110011001100110000,1,-74.2285,-74.1952,-74.2089,-246.485,-240.901,-247.754,-367.058,4656.35,3637.84,3614.93,-35.8013,-30.4761,-82.1457,-82.4378,-45.0948,-50.0239,61.4079,23.4365,9.26624,2.29365,1.71477,-28.9804,-53.9342,50.1544,25.0394,-396.082,9.0912,1.36098,0.613297,1,LLLLYVLTALLFLLISLLILI,LYVLTALLFLLISLL,0.2982109396054548,0.0629499989731969,L,99999900.0,-37.050900000000006,-0.019599999999996953,1.268999999999977,1018.5100000000002,-0.03637755152133999,-1.924379731175634e-05,0.0012459376932970484,-0.03515066126007598
LLLLALLLAVLTSLLFSLILI_2,110011001100110000,1,-95.6689,-91.6367,-89.6087,-230.725,-220.698,-240.673,-378.983,4516.89,3522.26,3547.79,-35.7934,13.9971,-88.3828,-52.6516,-48.7017,-10.1531,107.963,19.4922,8.51922,2.59791,2.71735,-15.6767,-14.6826,87.4327,18.0,-392.339,8.5,0.50581,0.317301,2,LLLLALLLAVLTSLLFSLILI,LALLLAVLTSLLFSL,0.4082833670688714,0.019961966786354,L,99999900.0,-39.6811,-6.060199999999995,9.948000000000008,994.6300000000001,-0.03989533796487135,-0.006092918974895181,0.01000170917828741,-0.0359866483013784
LLLLYLLLAVLTSLLFSLILI_2,110011001100110000,1,-95.485,-95.3648,-89.6087,-234.221,-225.688,-244.924,-373.65,4579.56,3647.9,3601.52,-35.7899,-25.4005,-79.7342,-77.9973,-39.117,-10.6129,105.471,19.383,8.55503,2.33058,2.41265,-16.9868,-14.6826,87.4327,18.0,-389.531,8.5,0.50581,0.317301,2,LLLLYLLLAVLTSLLFSLILI,LYLLLAVLTSLLFSL,0.3302372102389796,0.037298695974011,L,99999900.0,-40.617200000000004,-5.8763000000000005,10.703000000000003,931.6600000000003,-0.04359659103106282,-0.006307343880814888,0.011488096515896357,-0.03841519438421741
LLLLVALLLLLTALLFALILI_1,110011001100110000,1,-58.8987,-58.8987,-58.8987,-238.749,-234.135,-240.455,58993.2,4595.48,3672.22,3592.14,-35.7542,-38.5466,59255.1,59247.7,59292.6,-9.12451,99.3447,22.2159,9.25451,1.28022,1.27039,-27.5941,-11.3257,90.2296,21.4503,58965.4,9.259,0.379856,0.233301,1,LLLLVALLLLLTALLFALILI,LVALLLLLTALLFAL,0.5203161394843631,0.0664152480624395,L,99999900.0,-37.5,0.0,1.7060000000000173,923.2599999999998,-0.040616944306045975,0.0,0.0018478001862964038,-0.03872603600285944
LLLLAVLTALLLLLASLLILI_0,110011001100110000,1,-74.2427,-74.1116,-74.31,-236.333,-227.179,-237.566,-382.585,4546.99,3563.64,3590.77,-35.7533,-20.8896,-107.762,-102.183,-70.7087,-50.8208,77.3464,14.4452,8.95191,4.56489,4.22509,-21.276,-55.6011,56.4843,18.0,-403.474,9.1852,2.46554,1.8128,0,LLLLAVLTALLLLLASLLILI,LAVLTALLLLLASLL,0.3231613257684328,0.0374933821848608,L,99999900.0,-37.05330000000001,0.06730000000000302,1.233000000000004,983.3499999999999,-0.037680683378247835,6.84395179742747e-05,0.0012538770529313106,-0.03635867188691718
LLLFALLGVLLGLLLGTLILI_0,110011001100110000,1,-67.4431,-67.6683,-58.7456,-220.938,-212.663,-231.723,-336.573,4548.62,3607.58,3627.32,-35.6911,-26.0489,-83.8826,-82.2901,-46.1047,-69.5252,66.6533,-45.4042,6.72849,5.92696,5.42676,-24.9765,-70.5949,52.7477,-43.07,-362.622,6.8566,4.21018,3.5014,0,LLLFALLGVLLGLLLGTLILI,FALLGVLLGLLLGTL,0.8878939984295432,0.058824294302698,G,99999900.0,-37.777899999999995,-8.697499999999998,10.785000000000025,941.04,-0.040144839751764,-0.00924243390291592,0.011460724305024256,-0.03792729320751509
LLLLYVLTALLFALISLLILI_2,110011001100110000,1,-74.2674,-74.2674,-74.1091,-245.27,-243.47,-244.086,-355.809,4563.22,3686.03,3607.86,-35.6563,-33.7943,-71.9279,-71.8658,-37.6134,-49.1588,65.8584,24.1094,9.25116,2.76471,2.25258,-27.6564,-53.9342,50.1544,25.0394,-383.445,9.0912,1.36098,0.613297,2,LLLLYVLTALLFALISLLILI,LYVLTALLFALISLL,0.3667595642098831,0.0601319817342811,L,99999900.0,-34.314499999999995,-0.158299999999997,-1.1839999999999975,877.19,-0.03911866300345421,-0.0001804626135728827,-0.0013497645891996004,-0.04064832020428869
LLLAALLLLLVTLLYSLLILI_1,110011001100110000,1,-76.0701,-69.544,-74.2685,-236.149,-230.252,-245.451,-377.234,4632.76,3687.89,3675.17,-35.6505,-23.7479,-100.665,-101.186,-57.5149,-104.861,34.7371,29.0802,8.64168,6.91866,5.93972,-15.3557,-109.291,15.0357,28.0,-392.746,9.1166,4.92347,3.64901,1,LLLAALLLLLVTLLYSLLILI,AALLLLLVTLLYSLL,0.3260498753218601,0.044415738963097,L,99999900.0,-43.15010000000001,-1.8015999999999934,9.301999999999992,944.8700000000003,-0.045667763819361384,-0.0019067173261930136,0.00984474054631853,-0.03773058727655655
LLLLYLLIALLTVLFILLILI_2,110011001100110000,1,-58.9928,-58.9928,-58.9928,-254.401,-227.753,-250.08,-360.492,4627.41,3766.92,3683.82,-35.6177,144.553,-82.7163,70.8061,-51.4201,-45.4975,112.72,31.6675,9.11879,8.54179,8.73258,135.154,-43.0836,88.7124,20.2021,-215.939,9.3861,4.93871,4.7694,2,LLLLYLLIALLTVLFILLILI,LYLLIALLTVLFILL,0.2110719669362881,0.0848327132492565,L,99999900.0,-31.296200000000006,0.0,-4.320999999999998,860.4899999999998,-0.036370207672372735,0.0,-0.005021557484688955,-0.04139234622133901
LLLLYSLLTILVALLFLLILI_0,110011001100110000,1,-64.1806,-68.1447,-58.9416,-242.35,-224.251,-248.544,-352.247,4638.89,3789.28,3697.72,-35.6058,-19.2933,-81.3223,-79.1451,-44.7623,-9.65367,107.671,29.03,9.00734,2.4837,2.59877,-18.7128,-10.5055,89.5832,26.7676,-371.541,8.6395,0.169552,0.0132994,0,LLLLYSLLTILVALLFLLILI,LYSLLTILVALLFLL,0.3989900812986642,0.0717166842799975,L,99999900.0,-36.559999999999995,-5.238999999999997,6.194000000000017,849.6100000000001,-0.04303150857452242,-0.006166358682218896,0.007290403832346625,-0.041908405032897444
LLLTFLLGLLLGALLASLILI_0,110011001100110000,1,-73.8201,-65.4148,-60.2384,-215.633,-217.904,-237.867,-348.295,4506.92,3576.15,3623.5,-35.5955,-16.0953,-94.4371,-81.0709,-50.1895,-67.4824,56.9968,-40.1015,7.04099,4.31693,3.67188,-15.8472,-75.8727,44.54,-43.5756,-364.39,7.3804,3.8938,3.0619,0,LLLTFLLGLLLGALLASLILI,TFLLGLLLGALLASL,1.428825748458049,0.0619156801432285,G,99999900.0,-44.2476,-13.581699999999998,22.23399999999998,930.77,-0.047538704513467346,-0.014591897031490055,0.0238877488531001,-0.03824306756771276
LLLLLLLLFVLATLLIILILI_0,110011001100110000,1,-58.9034,-55.3365,-58.9034,-249.24,-238.84,-247.541,-376.832,4580.26,3639.21,3590.73,-35.5894,6.87857,-104.278,-75.777,-70.3875,-50.9573,80.815,32.5641,9.13072,5.05363,4.76586,7.88736,-54.4487,65.1033,28.0,-369.954,9.5,3.45625,2.9328,0,LLLLLLLLFVLATLLIILILI,LLLLLFVLATLLIIL,0.2062786821552272,0.1091921623685013,L,99999900.0,-33.8905,0.0,-1.6990000000000123,941.0500000000002,-0.036013495563466336,0.0,-0.0018054301046703278,-0.03781881940385738
LLLIYLLALLLGTLLSFLILI_0,110011001100110000,1,-82.6825,-74.1542,-74.0304,-231.743,-222.148,-242.534,-359.035,4655.14,3698.96,3555.12,-35.5831,8.45682,-80.1927,-54.2764,-42.4708,-71.0255,65.1907,-43.1229,6.77075,5.95457,5.43243,7.70141,-68.9875,54.3485,-39.7512,-350.579,6.8746,4.18517,3.5004,0,LLLIYLLALLLGTLLSFLILI,IYLLALLLGTLLSFL,0.3398754187716283,0.0075815264248527,G,99999900.0,-37.721900000000005,-8.652100000000004,10.790999999999997,956.1800000000003,-0.03945062645108661,-0.009048610094333704,0.01128553201280093,-0.037213809115438506
LLLAALLFVLLLLLTSLLILI_0,110011001100110000,1,-74.0917,-74.083,-74.2049,-241.754,-229.432,-243.215,-373.521,4596.95,3660.78,3670.37,-35.5759,-20.5616,-93.2518,-90.5678,-56.1018,-99.6422,30.3904,18.3658,9.00369,5.54904,4.50489,-20.3362,-103.616,12.3747,18.4457,-394.083,8.943,3.71299,2.39861,0,LLLAALLFVLLLLLTSLLILI,AALLFVLLLLLTSLL,0.317146972674938,0.0777301155524019,L,99999900.0,-37.150000000000006,0.11319999999999197,1.4610000000000127,936.1699999999996,-0.03968296356430992,0.0001209182092995845,0.0015606139910486485,-0.03800153818216778
LLLAYLLGVLLGLLLAFLILI_1,110011001100110000,1,-56.53,-58.5939,-44.9245,-223.075,-217.561,-240.721,-332.295,4558.34,3583.78,3568.79,-35.5533,-23.7324,-88.2437,-79.8732,-46.65,-98.9406,51.6759,-33.7392,6.87798,8.31734,7.59247,-23.9546,-91.43,48.2927,-36.5962,-357.322,7.0472,6.73401,5.9584,1,LLLAYLLGVLLGLLLAFLILI,AYLLGVLLGLLLAFL,1.228989634884487,0.0625681112362493,G,99999900.0,-41.593700000000005,-11.6055,17.646000000000015,974.56,-0.04267946560499098,-0.011908450993268756,0.018106632736824838,-0.03648138647184371
LLLLLALLFVLTSLLALLILI_1,110011001100110000,1,-78.5924,-80.5124,-74.2961,-234.646,-223.55,-241.91,-375.237,4537.83,3596.09,3559.87,-35.5133,-3.06047,-97.5111,-74.2343,-59.0306,-6.7004,116.216,20.2208,8.63411,3.19427,3.43752,-9.80544,-7.37323,96.1061,21.1567,-384.818,8.5838,0.580309,0.521901,1,LLLLLALLFVLTSLLALLILI,LLALLFVLTSLLALL,0.5278855159943251,0.0365971440482135,L,99999900.0,-38.4805,-4.296300000000002,7.26400000000001,941.7399999999998,-0.04086106568691997,-0.004562087200288831,0.007713381612759373,-0.03771030220655384
LLLAYLLGALLGVLLGTLILI_0,110011001100110000,1,-76.621,-72.3009,-58.7057,-211.398,-210.342,-234.105,-335.516,4437.1,3398.2,3504.57,-35.4986,-27.4753,-82.9954,-80.3479,-42.7054,-79.677,54.1351,-34.3831,6.48746,5.75979,5.07182,-27.8987,-80.1891,50.0903,-39.6088,-362.991,6.6695,5.29055,4.5419,0,LLLAYLLGALLGVLLGTLILI,AYLLGALLGVLLGTL,0.8917075405428726,0.1021298405267629,G,99999900.0,-40.290000000000006,-17.915299999999995,22.706999999999994,1038.9000000000005,-0.03878140340745018,-0.017244489363750105,0.02185677158533062,-0.03416940995283471
LLLSYLLVALLGALLGLLILI_1,110011001100110000,1,-71.2081,-71.0831,-44.9223,-225.441,-224.946,-244.976,-349.19,4529.34,3654.68,3634.17,-35.4345,-31.8054,-87.9756,-84.9662,-59.2912,-48.4765,70.4773,-47.3041,6.70499,3.28591,2.84307,-24.1351,-47.4319,67.7648,-45.0,-373.757,6.6781,2.76303,2.2795,1,LLLSYLLVALLGALLGLLILI,SYLLVALLGALLGLL,0.6893054909547986,0.0589111092514509,G,99999900.0,-28.684399999999997,-26.285800000000002,19.534999999999997,874.6600000000003,-0.03279491459538562,-0.030052591864267248,0.022334392792627982,-0.04051231335604691
LLLLTILAFLLALLVSLLILI_0,110011001100110000,1,-60.4031,-60.4031,-60.4058,-240.46,-225.085,-241.812,-361.359,4595.17,3594.11,3609.38,-35.429,-18.8348,-95.9245,-94.7058,-59.1406,-58.1822,71.9566,19.994,8.90363,4.94147,4.52082,-19.1735,-56.1837,58.5243,19.3261,-380.194,8.9941,2.82834,2.2062,0,LLLLTILAFLLALLVSLLILI,LTILAFLLALLVSLL,0.3436011904209911,0.0157268485321561,L,99999900.0,-36.783899999999996,0.00269999999999726,1.3520000000000039,1001.06,-0.03674495035262621,2.697141030504925e-06,0.0013505683974986554,-0.03539148502587258
LLLYALLFVLALLLTSLLILI_1,110011001100110000,1,-74.1397,-74.0806,-74.2049,-246.5,-245.838,-249.902,-361.94,4689.98,3834.57,3742.48,-35.4286,-22.882,-76.7288,-64.9036,-37.8328,-101.696,29.4705,17.1396,8.96377,5.7329,4.67496,-19.195,-103.616,12.3747,18.4457,-381.351,8.943,3.71299,2.39861,1,LLLYALLFVLALLLTSLLILI,YALLFVLALLLTSLL,0.2675370387470978,0.0529559960251798,L,99999900.0,-38.89600000000001,0.06519999999999015,3.401999999999987,855.4099999999994,-0.04547059304894733,7.622075963571877e-05,0.0039770402497048074,-0.04141709823359562
LLLYFLLALLLGTLLGSLILI_0,110011001100110000,1,-78.3189,-83.9993,-74.1108,-233.512,-223.528,-244.875,-349.27,4648.58,3560.72,3498.43,-35.4122,118014.0,-72.8514,117972.0,-30.2842,-75.6369,53.8835,-36.7396,6.94922,5.11981,4.42806,81998.1,-62.8637,50.8317,-39.7383,117665.0,6.5162,2.79183,2.05431,0,LLLYFLLALLLGTLLGSLILI,YFLLALLLGTLLGSL,0.2533329180367765,0.0129640187594623,G,99999900.0,-42.5672,-4.208100000000002,11.363,1087.8600000000001,-0.039129299726067684,-0.0038682367216369765,0.010445277885021968,-0.03255216663908958
LLLYFLLATLLGLLLGSLILI_0,110011001100110000,1,-77.9606,-82.0663,-74.0405,-233.759,-225.724,-244.97,-349.477,4673.93,3515.1,3562.71,-35.3978,996.426,-73.1557,954.74,-30.4662,-74.1297,53.1333,-35.9038,7.5334,4.79244,4.08944,956.598,-66.4625,47.8222,-36.8317,646.949,7.3621,2.92537,2.1427,0,LLLYFLLATLLGLLLGSLILI,YFLLATLLGLLLGSL,0.2423186091240053,0.0497688179950167,G,99999900.0,-42.689499999999995,-3.920100000000005,11.211000000000013,1158.8300000000004,-0.03683844912541096,-0.0033828085223889643,0.009674412985511256,-0.03054615431081348
LLLLYFLLAVLTALLLSLILI_2,110011001100110000,1,-74.2562,-74.2562,-74.2562,-238.345,-218.75,-244.526,-357.005,4645.42,3538.52,3633.55,-35.3922,-11.7948,-79.7957,-75.7937,-38.2231,-7.35013,116.489,21.7222,9.07967,3.32852,3.57586,-11.3616,-10.3153,94.584,18.0,-368.8,9.3619,0.81614,0.734901,2,LLLLYFLLAVLTALLLSLILI,LYFLLAVLTALLLSL,0.3054017013884806,0.0526284038673342,L,99999900.0,-41.572599999999994,0.0,6.181000000000012,1106.9,-0.03755768362092329,0.0,0.005584063601047982,-0.03197416207426145
LLLLFALLYVLALLLSTLILI_0,110011001100110000,1,-74.1831,-74.1831,-74.1831,-242.323,-228.15,-244.237,-359.384,4584.0,3690.39,3476.3,-35.3759,-18.2031,-78.2533,-75.2543,-40.9639,-48.0122,81.9018,24.2227,9.56648,4.75858,4.4871,-18.5537,-51.2293,66.1027,23.4186,-377.587,9.2593,3.10826,2.5998,0,LLLLFALLYVLALLLSTLILI,LFALLYVLALLLSTL,0.8850789254457091,0.0940979025161668,L,99999900.0,-37.28939999999999,0.0,1.9139999999999873,893.6100000000001,-0.04172894215597407,0.0,0.002141873971866907,-0.03958762771231297
LLLLALLFALVTLLLSLLILI_2,110011001100110000,1,-70.6029,-67.0993,-74.1065,-240.633,-218.303,-241.181,-373.748,4586.32,3701.99,3703.89,-35.3549,-13.0504,-97.8671,-101.396,-58.4611,-101.363,47.1877,20.0849,9.31355,8.07485,7.28267,-12.562,-104.645,21.315,18.824,-386.799,9.3331,5.07427,3.89399,2,LLLLALLFALVTLLLSLLILI,LALLFALVTLLLSLL,0.5124171254697515,0.0313875927754445,L,99999900.0,-39.40599999999999,3.5035999999999916,0.5480000000000018,884.3299999999999,-0.04456028858005495,0.0039618694378795154,0.0006196781744371466,-0.03997930636753248
LLLLALLTALLYVLFSLLILI_0,110011001100110000,1,-74.2545,-74.2545,-74.2545,-246.917,-231.41,-245.166,-363.335,4600.77,3702.92,3713.42,-35.2816,-19.9586,-77.4454,-77.6295,-43.9145,-54.6577,66.4772,21.6181,9.11337,3.67307,3.17022,-20.9845,-62.777,41.5464,18.0,-383.294,8.7861,1.52531,0.648506,0,LLLLALLTALLYVLFSLLILI,LALLTALLYVLFSLL,0.6837225320473429,0.0559333254181786,L,99999900.0,-33.53090000000001,0.0,-1.7510000000000048,897.8500000000004,-0.03734577045163445,0.0,-0.0019502144010692254,-0.03929565072116721
LLLSYLLTALLGALLGFLILI_1,110011001100110000,1,-82.6847,-79.649,-58.6186,-226.849,-224.614,-246.505,-338.832,4521.57,3671.93,3651.12,-35.278,-4.02782,-64.5767,-38.5972,-33.7089,-50.9131,69.3248,-50.0875,6.78896,3.49581,3.03568,-15.1027,-47.4319,67.7648,-45.0,-356.336,6.6781,2.76303,2.2795,1,LLLSYLLTALLGALLGFLILI,SYLLTALLGALLGFL,0.8691217496664122,0.0353036596062518,G,99999900.0,-30.867800000000003,-24.066100000000006,19.656000000000006,849.6399999999999,-0.03633044583588344,-0.028325055317546265,0.023134504025234228,-0.0415211148251024
LLLLFALLAVLYTLLLSLILI_2,110011001100110000,1,-74.1664,-74.1664,-74.1664,-240.365,-228.605,-242.937,1929.36,4557.95,3585.72,3585.95,-35.2441,-12.1305,2208.65,2220.0,2246.46,-49.9267,85.6028,17.9924,9.96568,5.54539,5.32943,-11.3831,-50.5334,74.6346,25.6217,1917.23,9.5,4.15568,3.7752,2,LLLLFALLAVLYTLLLSLILI,LFALLAVLYTLLLSL,0.755748896833398,0.0790326573719664,L,99999900.0,-37.809999999999945,0.0,2.5720000000000027,972.23,-0.0388899745944889,0.0,0.0026454645505693125,-0.036250784279440056
LLLTLLLGVLLGLLLAFLILI_2,110011001100110000,1,-56.3039,-47.2181,-44.9757,-221.873,-218.164,-242.235,-351.366,4530.29,3711.17,3622.42,-35.2233,-10.9785,-108.413,-96.9623,-64.1554,-91.4879,31.6473,-45.5091,6.61274,4.49557,3.47028,-12.2678,-92.2092,24.1928,-42.7136,-362.344,7.3162,3.59741,2.4603,2,LLLTLLLGVLLGLLLAFLILI,TLLLGVLLGLLLAFL,1.530186982207497,0.0583920585559432,G,99999900.0,-44.2576,-11.328199999999995,20.362000000000023,819.1199999999999,-0.05403066705732982,-0.01382971969918937,0.024858384607871892,-0.04300139173747437
LLLSYLLGVLLGALLATLILI_0,110011001100110000,1,-84.1407,-81.7305,-58.7839,-220.572,-220.704,-245.922,-350.963,4476.47,3657.45,3643.12,-35.2168,-32.2867,-81.4667,-80.8145,-46.2565,-83.1155,45.6976,-44.8897,6.7359,5.13651,4.32198,-32.2131,-84.8765,45.4702,-44.3391,-383.249,6.8761,5.36995,4.552,0,LLLSYLLGVLLGALLATLILI,SYLLGVLLGALLATL,1.1910556327557542,0.0590343671312659,G,99999900.0,-35.2102,-25.356799999999993,25.349999999999994,819.0200000000004,-0.042990647359038826,-0.03095992771849281,0.03095162511293983,-0.042998705770310834
LLLLLALLYVLTILLFSLILI_2,110011001100110000,1,-74.2361,-73.9636,-74.1796,-251.157,-244.999,-248.873,-369.769,4598.64,3718.43,3570.48,-35.2094,37930.7,-79.585,37879.8,-46.7164,-11.8421,106.068,24.6231,9.92594,2.59547,2.68649,65.3817,-3.14953,98.5758,19.1098,-302.033,8.9946,0.280163,0.2588,2,LLLLLALLYVLTILLFSLILI,LLALLYVLTILLFSL,0.7565179539753341,0.1382699311140601,L,99999900.0,-32.868599999999994,-0.05649999999999977,-2.2840000000000202,880.2100000000005,-0.037341770713806906,-6.418922757069306e-05,-0.0025948353233887582,-0.04000113609252336
LLLLALLLFVLTWLLSLLILI_0,110011001100110000,1,-72.6272,-72.5937,-74.1363,-246.803,-230.486,-251.36,-383.634,4630.88,3665.68,3586.83,-35.1655,-16.1363,-99.3694,-96.6906,-58.1379,-6.15526,111.622,23.1792,9.53885,2.49232,2.66665,-16.6664,-7.00423,96.9391,20.3201,-399.771,9.431,0.637414,0.591501,0,LLLLALLLFVLTWLLSLLILI,LALLLFVLTWLLSLL,0.6528952284785595,0.0360300242428939,L,99999900.0,-41.2315,1.5091000000000037,4.557000000000016,965.2000000000003,-0.04271808951512639,0.0015635101533360994,0.004721301284707848,-0.03643338168255283
LLLLVALLLLLTALLASLILI_1,110011001100110000,1,-74.2669,-74.2423,-74.2423,-237.864,-232.337,-237.436,-382.833,4517.62,3608.25,3540.06,-35.1567,-18.7964,-105.859,-95.0501,-71.155,-5.26435,109.536,23.7228,8.95275,2.07695,2.21998,-15.3054,-3.14953,98.5758,19.1098,-400.796,8.9946,0.280163,0.2588,1,LLLLVALLLLLTALLASLILI,LVALLLLLTALLASL,0.4230976076519608,0.0182864950032835,L,99999900.0,-34.70399999999999,-0.024600000000006617,-0.42799999999999727,909.3699999999999,-0.03816268405599481,-2.7051695129602492e-05,-0.0004706555087588081,-0.038660501226123585
LLLLYLLVALLLALTSLLILI_0,110011001100110000,1,-74.0844,-74.6071,-74.0844,-240.935,-223.718,-242.377,-377.018,4611.01,3603.12,3551.12,-35.1489,15.1334,-97.148,-63.5599,-60.5572,-61.4169,60.5797,19.3127,9.55402,3.89079,3.29949,12.339,-57.2774,49.4319,18.7562,-361.885,9.2494,1.76492,1.0064,0,LLLLYLLVALLLALTSLLILI,LYLLVALLLALTSLL,0.4588524002793079,0.0387003062822695,L,99999900.0,-36.590799999999994,0.0,1.4420000000000073,1007.8900000000003,-0.036304358610562644,0.0,0.0014307116848068806,-0.03487374614293225
LLLYFLLATLLGLLLGVLILI_0,110011001100110000,1,-56.611,-60.2792,-58.7388,-233.424,-228.843,-245.524,-338.28,4700.58,3596.57,3545.15,-35.1245,-23.6767,-83.3692,-72.8346,-34.017,-73.4706,41.2727,-40.7903,6.80468,3.09241,2.2115,-21.3632,-71.1719,34.5088,-41.0473,-361.956,6.9662,1.83447,0.852102,0,LLLYFLLATLLGLLLGVLILI,YFLLATLLGLLLGVL,0.3870296291449615,0.0429610460253384,G,99999900.0,-49.3522,2.1278000000000006,12.099999999999994,1104.0099999999998,-0.04470267479461238,0.00192733761469552,0.010960045651760397,-0.03181538210704614
LLLLAILTALLFVLLILLILI_2,110011001100110000,1,-58.9084,-58.9084,-58.9084,-246.366,-245.152,-243.936,-365.935,4592.61,3706.26,3607.37,-35.1136,4.80362,-95.7739,-57.0714,-63.0907,-52.523,68.56,28.6951,9.41595,3.63404,3.16244,6.20905,-53.5455,58.0911,23.9181,-359.397,9.149,2.37413,1.7455,2,LLLLAILTALLFVLLILLILI,LAILTALLFVLLILL,0.4829710314586043,0.0811652021485491,L,99999900.0,-32.6832,0.0,-2.430000000000007,886.3499999999995,-0.036873921137248286,0.0,-0.002741580639702159,-0.03961595306594463
LLLYLLLGALLGALLTALILI_0,110011001100110000,1,-66.5765,-66.9258,-58.7574,-222.428,-213.124,-237.059,-343.822,4536.51,3780.31,3675.12,-35.0886,-22.015,-89.9062,-85.7875,-48.0056,-66.0678,78.9056,-43.4621,6.3816,7.06241,6.746,-22.567,-68.1028,64.3439,-40.6526,-365.837,6.5,5.40184,4.867,0,LLLYLLLGALLGALLTALILI,YLLLGALLGALLTAL,1.2377055718351138,0.0851384862630367,G,99999900.0,-41.9006,-7.819099999999999,14.631,756.2000000000003,-0.055409415498545334,-0.010339989420788146,0.019348056069822792,-0.04640121660936258
LLLLLLLTALLFVLISLLILI_1,110011001100110000,1,-74.2665,-74.2665,-74.2419,-245.031,-240.751,-245.307,-382.975,4611.71,3673.82,3580.72,-35.0455,-9.51703,-98.7229,-77.4741,-63.4258,-51.0133,61.4225,25.8127,9.11134,2.44403,1.86537,-28.1802,-52.9378,51.7149,25.2458,-411.392,9.0311,1.42218,0.697903,1,LLLLLLLTALLFVLISLLILI,LLLLTALLFVLISLL,0.2803532075591367,0.1221968554276432,L,99999900.0,-35.29709999999999,-0.024599999999992406,0.27599999999998204,937.8899999999999,-0.037634584013050566,-2.622908869909308e-05,0.0002942775805264819,-0.037366322276599605
LLLLYALVFLLTSLLFLLILI_0,110011001100110000,1,-77.782,-79.5667,-74.2417,-234.622,-222.601,-249.551,-351.574,4687.0,3643.94,3595.23,-35.0339,-22.1793,-74.2033,-71.5853,-27.7811,-5.64669,112.475,26.602,8.59446,2.53107,2.71819,-20.2016,-7.06267,100.0,24.3247,-373.753,8.5,1.0594,1.0594,0,LLLLYALVFLLTSLLFLLILI,LYALVFLLTSLLFLL,0.4034352760245562,0.1377858219854081,L,99999900.0,-46.422200000000004,-3.540300000000002,14.928999999999974,1043.06,-0.04450578106724446,-0.0033941479876517192,0.01431269533871491,-0.03358761720322897
LLLLLALLYTLLALLSVLILI_1,110011001100110000,1,-74.1891,-74.1445,-74.1445,-247.513,-245.994,-243.742,-380.094,4533.57,3702.95,3705.19,-35.0145,-27.5767,-93.4062,-87.5325,-62.2077,-4.93147,111.609,21.504,8.74035,2.30691,2.48105,-20.9068,-14.9392,90.1475,23.3548,-401.164,9.1433,0.910788,0.763,1,LLLLLALLYTLLALLSVLILI,LLALLYTLLALLSVL,0.9198508026380966,0.061433176571667,L,99999900.0,-31.198499999999996,-0.04460000000000264,-3.771000000000015,830.6199999999999,-0.03756049697816089,-5.369483036768034e-05,-0.00453998218198456,-0.042154655558498476
LLLLIFLLAVLYLLLSTLILI_0,110011001100110000,1,-74.1653,-74.1653,-74.2187,-243.78,-225.131,-248.132,-366.703,4654.76,3819.82,3628.63,-35.0041,-14.3489,-83.7617,-81.7551,-44.352,-46.7872,89.7665,22.682,9.22709,5.63656,5.48306,-14.1374,-52.6824,67.6516,25.6825,-381.052,9.1288,3.53533,3.0501,0,LLLLIFLLAVLYLLLSTLILI,LIFLLAVLYLLLSTL,0.3501695958992729,0.0658592554896391,L,99999900.0,-39.40970000000001,0.05339999999999634,4.352000000000004,834.94,-0.04720063717153329,6.395669149878595e-05,0.005212350588066213,-0.04192409035379788
LLLLVLLLTILLFLLSALILI_2,110011001100110000,1,-70.4604,-72.399,-74.1452,-250.007,-249.705,-246.189,-383.176,4603.95,3654.16,3629.74,-34.955,1027.07,-97.6632,966.002,-62.841,-5.05792,113.564,23.8508,9.31013,2.58978,2.79324,-24.0855,-9.83843,94.7849,23.2579,-407.168,9.3793,0.771727,0.693501,2,LLLLVLLLTILLFLLSALILI,LVLLLTILLFLLSAL,0.2473456804025335,0.0667932320055276,L,99999900.0,-34.8222,3.6847999999999956,-3.818000000000012,949.79,-0.03666305183251035,0.0038795944366649426,-0.0040198359637393655,-0.0368028722138578
LLLYALLFTLVALLLSLLILI_2,110011001100110000,1,-67.0945,-74.1121,-74.1716,-243.154,-235.088,-249.893,-363.418,4671.57,3748.49,3727.78,-34.9404,-24.1346,-88.1098,-78.3524,-39.3532,-104.755,23.4383,17.7123,9.30292,5.3775,4.22907,-15.0578,-107.84,2.594,18.2142,-380.714,9.3464,3.02619,1.5651,2,LLLYALLFTLVALLLSLLILI,YALLFTLVALLLSLL,0.5802703419567518,0.0237299766667424,L,99999900.0,-48.756600000000006,7.0771000000000015,6.739000000000004,923.0799999999999,-0.052819473935086896,0.007666832777224078,0.007300558998136678,-0.03785197382675391
LLLLLALLAVLTALLFSLILI_0,110011001100110000,1,-74.2034,-74.2089,-74.2034,-235.632,-222.624,-237.902,-364.406,4508.66,3649.2,3602.65,-34.9043,-16.4593,-89.4752,-84.0324,-52.3007,-5.64259,106.727,22.8596,8.77629,1.75452,1.85543,-16.1568,-3.14953,98.5758,19.1098,-380.865,8.9946,0.280163,0.2588,0,LLLLLALLAVLTALLFSLILI,LLALLAVLTALLFSL,0.5613753502051188,0.0340735036691702,L,99999900.0,-37.1745,0.0,2.269999999999982,859.46,-0.0432533218532567,0.0,0.0026411933074255716,-0.04061189584157494
LLLLALLLAVLYTLLSFLILI_1,110011001100110000,1,-74.1585,-74.1585,-74.1585,-243.385,-242.783,-245.524,-361.473,4575.38,3629.36,3684.36,-34.8996,-22.9447,-78.829,-67.4765,-41.7909,-46.9262,87.7388,25.5474,8.84979,5.38366,5.19974,-14.4782,-51.5852,62.9148,28.0,-376.333,9.5,2.73128,2.175,1,LLLLALLLAVLYTLLSFLILI,LALLLAVLYTLLSFL,0.4308891922241395,0.0872449726110106,L,99999900.0,-37.03809999999999,0.0,2.13900000000001,946.02,-0.03915149785416798,0.0,0.002261051563391905,-0.036890974820828315
LLLLFLLLAVLATLLSILILI_1,110011001100110000,1,-74.1566,-74.1566,-74.1566,-242.607,-235.615,-241.262,-367.883,4598.85,3643.78,3597.89,-34.8926,54.1081,-86.0113,-4.00266,-52.4636,-48.9629,88.9833,19.7617,9.38657,5.85718,5.69193,-12.9037,-53.5853,63.57,19.9595,-379.07,9.5,3.11975,2.5733,1,LLLLFLLLAVLATLLSILILI,LFLLLAVLATLLSIL,0.2894286096618934,0.0663022340929853,L,99999900.0,-33.547700000000006,0.0,-1.3449999999999989,955.0700000000002,-0.03512590700158104,0.0,-0.0014082737390976564,-0.03653407603631147
LLLLLALLFVLTILLAILILI_0,110011001100110000,1,-51.8054,-58.9594,-58.891,-248.725,-234.049,-243.923,-365.723,4539.4,3800.73,3532.81,-34.856,60.1725,-100.049,-12.5423,-62.9088,-9.52405,105.045,26.0535,9.60698,2.10974,2.18542,44.6647,-7.1541,92.8459,18.0,-305.551,8.8115,0.107311,-5.55556e-07,0,LLLLLALLFVLTILLAILILI,LLALLFVLTILLAIL,0.3374814816466472,0.0357839922509869,L,99999900.0,-37.14020000000001,7.0855999999999995,-4.8019999999999925,738.6699999999996,-0.05027982725709725,0.009592375485670195,-0.006500873191005449,-0.04718751269172976
LLLLFLLATLLGILLASLILI_0,110011001100110000,1,-82.1689,-82.9424,-74.0765,-225.68,-218.45,-238.411,-362.356,4591.05,3759.9,3607.43,-34.8522,-18.397,-89.3599,-79.3611,-49.8685,-61.2621,67.8013,-49.0027,6.51657,4.84249,4.35951,-21.5137,-64.2017,54.9837,-44.9781,-380.753,6.5586,3.55305,2.8778,0,LLLLFLLATLLGILLASLILI,LFLLATLLGILLASL,0.3560505224205457,0.144286654814005,G,99999900.0,-39.4914,-8.092399999999998,12.730999999999995,831.1500000000001,-0.047514167117848755,-0.009736389340070982,0.015317331408289711,-0.04193250315827468
LLLAVLLGTLLGALLSFLILI_2,110011001100110000,1,-80.5126,-83.6316,-74.1134,-218.469,-214.184,-232.529,-349.75,4395.35,3706.02,3685.89,-34.8509,-31.5298,-85.6197,-83.4644,-43.1074,-96.7157,52.2408,-35.7641,6.95145,8.05987,7.34348,-28.6542,-91.43,48.2927,-36.5962,-378.514,7.0472,6.73401,5.9584,2,LLLAVLLGTLLGALLSFLILI,AVLLGTLLGALLSFL,1.26947318900094,0.0440615873732172,G,99999900.0,-42.512299999999996,-6.3992000000000075,14.060000000000002,689.3300000000004,-0.06167191330712427,-0.009283217036832872,0.02039661700491781,-0.05055764292864083
LLLLFALLIILTVLLSLLILI_2,110011001100110000,1,-74.289,-70.7053,-74.329,-249.927,-246.644,-246.085,-376.161,4621.87,3721.04,3611.9,-34.7558,41.4266,-86.7012,-17.3859,-55.7478,-54.9075,75.3242,25.47,10.2675,4.90489,4.53475,26.433,-52.4978,61.3022,27.6773,-341.675,9.5,2.65047,2.07,2,LLLLFALLIILTVLLSLLILI,LFALLIILTVLLSLL,0.4214434096718434,0.1157621124895944,L,99999900.0,-30.953400000000002,0.03999999999999204,-3.8419999999999845,900.8299999999999,-0.03436097820898505,4.440349455501265e-05,-0.004264955652009796,-0.038581974401385395
LLLAALLGLLLGTLLSVLILI_0,110011001100110000,1,-86.1218,-79.3008,-74.0328,-215.81,-207.779,-232.126,-367.149,4423.2,3659.79,3646.49,-34.7552,-11.0135,-99.9722,-91.0822,-60.9899,-95.8194,47.9816,-40.4006,6.5947,7.35043,6.57015,-9.86221,-93.3149,36.1864,-38.6864,-378.162,7.4748,5.3824,4.4252,0,LLLAALLGLLLGTLLSVLILI,AALLGLLLGTLLSVL,1.1471194086574557,0.1280546172471696,G,99999900.0,-38.9823,-12.088999999999999,16.316000000000003,763.4099999999999,-0.05106338664675601,-0.01583552743610904,0.021372525903511883,-0.04552625718814269
LLLLLALLFVLTALLSLLILI_2,110011001100110000,1,-74.1866,-74.1866,-74.2083,-245.951,-227.403,-241.903,-375.459,4543.74,3675.33,3679.39,-34.6038,-12.4446,-89.9256,-86.3138,-59.3481,-8.34887,110.978,25.7645,9.10057,2.73438,2.89905,-12.4933,-2.1739,98.4581,19.6299,-387.904,9.2379,0.117928,0.0947994,2,LLLLLALLFVLTALLSLLILI,LLALLFVLTALLSLL,0.5018032706549035,0.0290486890970197,L,99999900.0,-30.5775,0.02169999999999561,-4.048000000000002,868.4099999999999,-0.035210902684215985,2.4988196819469622e-05,-0.00466139266014901,-0.03984730714754552
LLLLVALLLTLAALLFILILI_2,110011001100110000,1,-58.9316,-58.9316,-58.9316,-238.671,-230.722,-240.403,-356.765,4553.87,3682.99,3623.4,-34.5922,-9.68349,-93.7547,-76.7948,-57.4303,-11.7288,107.489,20.2734,9.36031,2.77039,2.88273,-13.538,-16.1108,85.7945,18.2467,-372.262,9.3989,0.498883,0.285801,2,LLLLVALLLTLAALLFILILI,LVALLLTLAALLFIL,0.4247994775871881,0.0174851220695143,L,99999900.0,-36.3244,0.0,1.7319999999999993,870.8800000000001,-0.04170999448833363,0.0,0.0019887929450670577,-0.039720971890501555
LLLVALLFLLAYLLATLLILI_0,110011001100110000,1,-58.8664,-58.8664,-58.8664,-238.622,-222.217,-243.357,-343.745,4645.77,3647.38,3643.99,-34.5762,-18.4534,-80.8326,-81.1156,-41.5221,-102.736,39.5611,24.3515,9.61559,7.25122,6.34464,-17.6889,-106.828,17.5547,23.8579,-362.199,9.5,4.89408,3.6574,0,LLLVALLFLLAYLLATLLILI,VALLFLLAYLLATLL,0.6138979091322417,0.0314514704968864,L,99999900.0,-39.3105,0.0,4.734999999999985,998.3900000000003,-0.03937389196606535,0.0,0.0047426356433858344,-0.0346319574514969
LLLLVLLLLALTFLLSILILI_0,110011001100110000,1,-74.119,-72.571,-74.1895,-249.248,-237.526,-246.139,-383.713,4579.2,3606.41,3594.18,-34.5573,-24.9531,-94.9025,-98.569,-63.3844,-3.13625,124.78,24.7142,9.48292,3.81577,4.18747,-24.936,-10.1001,99.8752,28.0,-408.666,9.5,1.49817,1.4963,0,LLLLVLLLLALTFLLSILILI,LVLLLLALTFLLSIL,0.4583071105048238,0.0790867441035094,L,99999900.0,-31.518100000000004,0.07049999999999557,-3.1089999999999804,972.79,-0.03239969572055634,7.247196208842152e-05,-0.003195962129544897,-0.03552390546777825
LLLLAALTALLFVLLSLLILI_2,110011001100110000,1,-74.2512,-74.2512,-74.2512,-235.456,-234.644,-235.521,92295.0,4620.63,3637.42,3691.0,-34.469,-10.3119,92570.3,92593.6,92604.8,-51.5848,71.3037,18.4177,9.19817,3.86371,3.43327,-10.7783,-53.5455,58.0911,23.9181,92282.0,9.149,2.37413,1.7455,2,LLLLAALTALLFVLLSLLILI,LAALTALLFVLLSLL,0.4150687736415011,0.069352821806347,L,99999900.0,-34.5,0.0,0.06499999999999773,983.21,-0.03508914677434119,0.0,6.610998667629267e-05,-0.03505761739608019
LLLAVLLGLLLGTLLAFLILI_1,110011001100110000,1,-70.1541,-70.1848,-58.7144,-222.68,-221.233,-234.577,-343.836,4474.93,3674.01,3536.46,-34.452,-31.5894,-85.4546,-84.0078,-50.5452,-77.9616,51.6632,-40.1409,6.624,5.16878,4.44373,-23.8195,-68.9875,54.3485,-39.7512,-368.61,6.8746,4.18517,3.5004,1,LLLAVLLGLLLGTLLAFLILI,AVLLGLLLGTLLAFL,0.8353212956110179,0.0648456673931239,G,99999900.0,-34.9094,-11.439700000000002,11.896999999999991,800.9200000000001,-0.04358662538081206,-0.014283199320781103,0.014854167707136781,-0.04301553213804125
LLLLVLLLATLYLLLAFLILI_1,110011001100110000,1,-58.8808,-58.8808,-58.8808,-246.832,-239.699,-247.025,-358.226,4611.13,3789.49,3717.34,-34.4238,-17.696,-86.9371,-77.3425,-52.3204,-48.3124,67.5076,22.1279,9.05407,2.86038,2.37299,-16.5471,-43.8654,60.6546,18.1944,-375.019,9.5,1.26818,0.677999,1,LLLLVLLLATLYLLLAFLILI,LVLLLATLYLLLAFL,0.6182391683383212,0.1322914767455323,L,99999900.0,-34.6167,0.0,0.19300000000001205,821.6400000000003,-0.042131225354169695,0.0,0.00023489606153548023,-0.04189645100043813
LLLLYLLLAALFVLLSTLILI_0,110011001100110000,1,-74.2436,-74.2436,-74.2436,-244.488,-219.765,-244.223,-358.891,4556.2,3657.77,3557.37,-34.4012,-11.9832,-74.5601,-76.8648,-40.4241,-49.2686,103.909,20.559,9.56928,7.91802,7.97666,-10.8105,-52.7055,76.4898,21.5821,-370.874,9.2885,4.73195,4.3793,0,LLLLYLLLAALFVLLSTLILI,LYLLLAALFVLLSTL,0.227817310056283,0.0344887716921925,L,99999900.0,-34.136,0.0,-0.26499999999998636,898.4299999999998,-0.03799516935097894,0.0,-0.00029495898400541654,-0.038290350945538336
LLLAVLLGILLGLLLAFLILI_2,110011001100110000,1,-54.7831,-53.5191,-44.9417,-219.993,-214.907,-235.42,-340.151,4454.19,3693.94,3564.48,-34.3963,-11.1446,-99.7715,-82.8698,-59.7897,-81.9951,45.0365,-44.2322,6.72042,4.87919,4.05474,-19.1661,-75.4208,48.7219,-40.9997,-359.327,7.4067,4.39057,3.6214,2,LLLAVLLGILLGLLLAFLILI,AVLLGILLGLLLAFL,1.3245853644747465,0.1011115512822067,G,99999900.0,-39.9818,-9.8414,15.426999999999992,760.2499999999995,-0.05259033212758964,-0.012944952318316352,0.020292009207497536,-0.045243406774087495
LLLTLLLGVLLGALLSILILI_1,110011001100110000,1,-73.692,-72.7368,-60.1629,-219.037,-218.686,-239.514,-369.076,4454.74,3627.02,3640.29,-34.3772,-32.6134,-110.723,-110.266,-69.3988,-91.5114,39.5118,-42.7596,7.08611,5.56081,4.65348,-33.4873,-90.5341,38.8599,-43.0148,-402.569,7.0298,5.3262,4.4091,1,LLLTLLLGVLLGALLSILILI,TLLLGVLLGALLSIL,1.3021466120403098,0.0846999283031893,G,99999900.0,-41.324200000000005,-13.529099999999993,20.477000000000004,827.7199999999998,-0.049925337070506955,-0.01634502005509109,0.02473904218817959,-0.041532402261634384
LLLLVALLFALLYLLSTLILI_2,110011001100110000,1,-71.0818,-72.6767,-74.2131,-244.109,-241.152,-245.236,-320.283,4617.15,3710.86,3737.01,-34.3724,-10.8317,-39.4647,-17.2861,-0.834174,-6.17637,111.532,25.4429,9.09683,2.48329,2.65627,-13.8905,-4.47167,99.775,28.0,-333.996,9.5,0.640375,0.637,2,LLLLVALLFALLYLLSTLILI,LVALLFALLYLLSTL,0.3496058539103975,0.0757956148658368,L,99999900.0,-38.630526,3.131299999999996,1.1269999999999811,906.2899999999995,-0.042624905935186336,0.003455075086341014,0.0012435313199968903,-0.03792649152037429
LLLLALLGTLLGVLLASLILI_0,110011001100110000,1,-82.3248,-84.6937,-73.9927,-222.627,-208.012,-231.135,-362.951,4461.29,3684.47,3655.56,-34.3512,-20.5485,-92.3512,-90.7943,-57.8238,-77.5772,64.4541,-51.7172,6.41123,6.83788,6.30469,-19.6233,-75.337,50.8884,-45.0,-383.5,6.5,4.67048,3.93381,0,LLLLALLGTLLGVLLASLILI,LALLGTLLGVLLASL,0.424093671698299,0.0217935970375475,G,99999900.0,-34.52740000000001,-8.332099999999997,8.507999999999981,776.8200000000002,-0.04444710486341752,-0.010725908189799432,0.010952344172395123,-0.04422028269097087
LLLLFALLLILTALLSVLILI_2,110011001100110000,1,-74.1742,-70.5282,-74.2879,-245.015,-240.653,-242.107,-368.535,4564.12,3694.24,3585.26,-34.3234,-21.2705,-83.6689,-78.6242,-52.1401,-49.1256,101.421,23.0959,9.9556,7.56066,7.58197,-12.7931,-52.37,75.6987,26.0846,-381.952,9.2813,4.57482,4.2103,2,LLLLFALLLILTALLSVLILI,LFALLLILTALLSVL,0.4565728327951679,0.1309767751943027,L,99999900.0,-31.528799999999997,0.11369999999999436,-2.907999999999987,869.8800000000001,-0.03624499931024968,0.00013070768381845123,-0.003342989837678745,-0.03945762633926518
LLLLVSLLILLTALLFLLILI_2,110011001100110000,1,-67.7769,-62.7298,-58.8813,-239.033,-229.528,-246.467,-370.606,4627.39,3710.6,3557.79,-34.323,35.2268,-98.1193,-43.1222,-65.2586,-0.187752,115.758,28.6341,9.25955,2.15548,2.39185,33.5091,-2.1739,98.4581,19.6299,-335.548,9.2379,0.117928,0.0947994,2,LLLLVSLLILLTALLFLLILI,LVSLLILLTALLFLL,0.443423675824435,0.0907815905282902,L,99999900.0,-32.860699999999994,-8.895599999999995,7.434000000000026,916.7900000000004,-0.03584321382214027,-0.009702985416507586,0.008108727189432719,-0.03743823558284884
LLLYLLLGALLGALLTFLILI_0,110011001100110000,1,-66.9161,-66.9258,-58.7574,-224.871,-218.148,-242.063,-337.181,4598.7,3792.53,3670.42,-34.3203,-24.1876,-79.7139,-76.2947,-36.3602,-66.7136,73.9978,-42.2511,6.41222,6.49675,6.10672,-24.0426,-68.1028,64.3439,-40.6526,-361.368,6.5,5.40184,4.867,0,LLLYLLLGALLGALLTFLILI,YLLLGALLGALLTFL,1.2270161033040183,0.129867645095865,G,99999900.0,-43.353699999999996,-8.158700000000003,17.19199999999998,806.1699999999996,-0.05377736705657618,-0.010120322016448153,0.02132552687398438,-0.042572038155724
LLLLVALLLLLTILLFILILI_1,110011001100110000,1,-58.9102,-58.8644,-58.8987,-249.61,-248.068,-248.523,-375.654,4626.26,3717.32,3586.36,-34.3192,8943.54,-101.453,8874.82,-68.2322,-12.7754,102.976,16.7638,10.146,2.31808,2.36272,19.9254,-11.3257,90.2296,21.4503,-354.624,9.259,0.379856,0.233301,1,LLLLVALLLLLTILLFILILI,LVALLLLLTILLFIL,0.2824058939990788,0.0965408565048776,L,99999900.0,-33.2208,-0.011500000000005173,-1.0870000000000175,908.94,-0.03654894712522278,-1.2652100248646964e-05,-0.0011958985191541987,-0.03775738772636258
LLLLIVLTWLLALLFILLILI_0,110011001100110000,1,-58.9137,-58.9137,-58.8195,-254.177,-230.304,-252.468,-372.266,4664.8,3783.5,3607.78,-34.258,46.7672,-93.4332,-36.2804,-60.9776,-52.281,72.492,35.8108,9.41385,4.12857,3.71595,48.1567,-52.9378,51.7149,25.2458,-325.498,9.0311,1.42218,0.697903,0,LLLLIVLTWLLALLFILLILI,LIVLTWLLALLFILL,0.5469526668751603,0.0114976145150872,L,99999900.0,-32.4556,-0.09420000000000073,-1.7090000000000032,881.3000000000002,-0.03682696017247247,-0.00010688755247929276,-0.0019391807557018073,-0.038872120730738674
LLLYFLLATLLGILLSLLILI_1,110011001100110000,1,-85.509,-66.0523,-74.0863,-233.092,-235.44,-250.082,-361.429,4694.13,3625.86,3695.61,-34.2439,-1.91692,-77.0724,-61.8537,-37.2607,-66.714,58.4033,-51.6246,6.7226,4.39155,3.7676,-5.29837,-64.2017,54.9837,-44.9781,-374.052,6.5586,3.55305,2.8778,1,LLLYFLLATLLGILLSLLILI,YFLLATLLGILLSLL,0.3109055916014009,0.077863031726669,G,99999900.0,-39.8117,-11.422700000000006,16.98999999999998,1068.27,-0.03726745111254646,-0.010692708772126903,0.015904218970859408,-0.032055472867346266
LLLSYLLTALLGALLGALILI_0,110011001100110000,1,-84.2231,-81.5806,-58.5329,-221.038,-220.236,-240.718,-344.09,4435.4,3618.46,3665.8,-34.2195,-18.586,-73.0489,-60.8599,-44.8389,-46.065,70.8465,-48.3879,6.59595,2.97402,2.53672,-17.3757,-47.4319,67.7648,-45.0,-362.676,6.6781,2.76303,2.2795,0,LLLSYLLTALLGALLGALILI,SYLLTALLGALLGAL,0.9638054162087664,0.0584882037201475,G,99999900.0,-28.21,-25.690200000000004,19.67999999999998,816.9399999999996,-0.034531299728254236,-0.03144686268269398,0.024089896442823205,-0.04188740911205231
LLLLAALVFLLISLILLLILI_0,110011001100110000,1,-60.3454,-60.3454,-60.4745,-232.694,-218.502,-243.643,-368.466,4592.96,3531.33,3501.25,-34.2193,-15.4186,-109.646,-105.038,-64.3489,-6.91465,116.541,22.6711,8.62762,3.27024,3.51835,-15.2335,-8.79533,100.0,22.4066,-383.885,8.5,1.3193,1.3193,0,LLLLAALVFLLISLILLLILI,LAALVFLLISLILLL,0.3102763487267061,0.0540029058686026,L,99999900.0,-45.2971,0.1291000000000011,10.949000000000012,1061.63,-0.04266750186034682,0.0001216054557614245,0.010313386019611364,-0.03223279296930192
LLLYLLLASLLGILLAFLILI_2,110011001100110000,1,-67.2057,-66.9852,-60.2539,-231.893,-232.662,-246.099,-349.049,4624.45,3906.51,3648.17,-34.1671,262.131,-84.117,212.73,-42.6963,-66.0626,61.4586,-48.2429,6.8402,4.7063,4.12818,224.436,-61.1438,57.1136,-44.3354,-86.4636,6.8899,3.3819,2.7386,2,LLLYLLLASLLGILLAFLILI,YLLLASLLGILLAFL,0.1587210723404376,0.0541778073353169,G,99999900.0,-41.420700000000004,-6.9517999999999915,14.205999999999989,717.9399999999996,-0.05769381842493805,-0.009682981864779781,0.019787168844193105,-0.04759046716995852
LLLLALLIALTSLLFVLLILI_2,110011001100110000,1,-74.2531,-74.2058,-74.2531,-246.076,-244.074,-242.528,-372.642,4563.15,3745.3,3802.92,-34.1524,-18.7147,-86.4659,-73.0777,-55.8614,-97.8923,24.075,23.1489,9.57505,4.43397,3.29509,-18.968,-98.8508,7.42719,28.0,-391.539,9.5,2.33029,0.941698,2,LLLLALLIALTSLLFVLLILI,LALLIALTSLLFVLL,0.4869679584769193,0.0352872767378184,L,99999900.0,-30.6045,0.0,-3.548000000000002,817.8499999999995,-0.03742067616311062,0.0,-0.004338203827107665,-0.04175875771840805
LLLLVALLLTLLALLFILILI_0,110011001100110000,1,-58.9316,-58.9316,-58.9316,-244.976,-225.403,-244.455,-368.807,4592.36,3775.2,3646.15,-34.1506,-15.5992,-99.0497,-100.072,-65.4204,-12.3053,107.804,25.123,9.50077,2.89933,3.01639,-14.1162,-16.1108,85.7945,18.2467,-384.406,9.3989,0.498883,0.285801,0,LLLLVALLLTLLALLFILILI,LVALLLTLLALLFIL,0.4536146190888228,0.0497904293441874,L,99999900.0,-33.6293,0.0,-0.5209999999999866,817.1599999999999,-0.041153874394243485,0.0,-0.0006375740369083003,-0.041791815556317
LLLLLALLAVLTYLLSLLILI_2,110011001100110000,1,-71.1032,-71.1032,-74.2021,-247.516,-245.469,-243.896,-379.564,4574.35,3632.1,3680.41,-34.1421,-24.6163,-95.0872,-87.6077,-61.4655,-5.31613,112.924,25.857,9.26964,2.5421,2.73596,-23.1155,-7.46127,97.2494,27.9329,-402.697,9.5,0.747859,0.7066,2,LLLLLALLAVLTYLLSLLILI,LLALLAVLTYLLSLL,0.4944203460726122,0.0916328504254102,L,99999900.0,-33.6217,3.0989000000000004,-3.6200000000000045,942.2500000000005,-0.03568235606261606,0.00328882992836296,-0.0038418678694613984,-0.036234651101087804
LLLLYVLIILLLTLFLLLILI_0,110011001100110000,1,-58.8692,-51.8057,-58.8692,-253.529,-233.922,-254.115,-370.714,4711.59,3726.43,3579.78,-34.1335,125.537,-92.45,40.5497,-57.7296,-65.3091,74.4853,11.5652,10.7023,6.35188,5.96916,105.182,-64.0373,57.892,18.4788,-245.178,9.391,3.92102,3.2894,0,LLLLYVLIILLLTLFLLLILI,LYVLIILLLTLFLLL,0.1458353525044066,0.1217466032710001,L,99999900.0,-34.720400000000005,0.0,0.5860000000000127,985.1600000000003,-0.03524341223760607,0.0,0.0005948272361849979,-0.0346476714442324
LLLTLLLGLLLGALLSILILI_1,110011001100110000,1,-74.1278,-72.0871,-60.2627,-219.267,-217.381,-241.143,-374.98,4482.85,3632.57,3642.38,-34.1334,2.39291,-115.718,-83.1189,-73.5742,-92.1248,43.7259,-44.3274,6.77758,6.22172,5.37761,-23.2247,-95.1054,38.6706,-41.1733,-399.939,7.1293,5.98634,5.0664,1,LLLTLLLGLLLGALLSILILI,TLLLGLLLGALLSIL,1.277855142420287,0.0325776254821355,G,99999900.0,-42.1438,-13.865099999999991,21.876000000000005,850.2800000000002,-0.04956461400950274,-0.01630651079644351,0.025727995483840617,-0.040143717363691954
LLLLALLLAILFVLLSTLILI_0,110011001100110000,1,-74.2436,-74.2436,-74.2436,-240.499,-217.724,-242.641,-372.344,4534.14,3621.1,3594.18,-34.1104,-9.17868,-91.7118,-89.5549,-55.4594,-45.9654,105.56,18.5713,9.15485,7.64546,7.72887,-10.3286,-52.7055,76.4898,21.5821,-381.523,9.2885,4.73195,4.3793,0,LLLLALLLAILFVLLSTLILI,LALLLAILFVLLSTL,0.285344259587091,0.0579375991963395,L,99999900.0,-36.252399999999994,0.0,2.141999999999996,913.0400000000004,-0.03970516078156486,0.0,0.002346008937176898,-0.03735915184438796
LLLTFLLGVLLGLLLAILILI_1,110011001100110000,1,-55.4099,-54.638,-44.9375,-221.923,-220.936,-243.242,-347.049,4587.11,3570.19,3575.06,-34.1083,-28.4466,-103.824,-99.9219,-58.8693,-83.5798,39.641,-43.9883,6.72259,4.38851,3.48313,-26.498,-80.0044,42.005,-45.0,-373.697,7.041,4.17133,3.3014,1,LLLTFLLGVLLGLLLAILILI,TFLLGVLLGLLLAIL,1.3545445558154494,0.0611679868249052,G,99999900.0,-44.954699999999995,-10.4724,21.31899999999999,1016.9199999999996,-0.044206722259371445,-0.010298155213782799,0.020964284309483536,-0.03354078983597531
LLLLAILLALLFVLTSLLILI_0,110011001100110000,1,-74.2047,-74.1961,-74.1899,-240.152,-230.552,-242.137,-373.528,4526.38,3577.9,3628.13,-34.0961,-20.6681,-93.2674,-89.4484,-57.2012,-58.9791,62.5597,18.8855,8.80521,3.79243,3.23082,-19.7753,-61.242,41.034,21.0547,-394.196,9.0349,1.22589,0.3414,0,LLLLAILLALLFVLTSLLILI,LAILLALLFVLTSLL,0.3363134375877707,0.0775548720045429,L,99999900.0,-36.066199999999995,-0.01480000000000814,1.9850000000000136,948.48,-0.03802526147098515,-1.5603913630238002e-05,0.002092822199730109,-0.03594814861673414
LLLAILLGLLLGTLLASLILI_2,110011001100110000,1,-86.0103,-86.3054,-74.0156,-216.8,-218.338,-232.278,-368.823,4403.69,3637.43,3592.6,-34.0941,310.332,-100.106,246.153,-62.5288,-96.5522,49.3506,-40.8765,6.66602,7.64516,6.88542,-18.8437,-97.764,38.4753,-38.0973,-388.419,7.04,6.35877,5.4359,2,LLLAILLGLLLGTLLASLILI,AILLGLLLGTLLASL,1.100886536934623,0.023495821961238,G,99999900.0,-37.5772,-11.994699999999995,15.47799999999998,766.2599999999998,-0.04903975152037169,-0.015653564064416776,0.020199410121890724,-0.044494166470910666
LLLLILLLYVLALLLSTLILI_0,110011001100110000,1,-74.1831,-74.1831,-74.1831,-250.33,-231.178,-247.396,-383.715,4623.13,3767.1,3501.71,-34.0733,57.4893,-93.2755,-20.8644,-62.1363,-42.4871,92.7411,22.4077,10.2378,5.39311,5.28423,33.6604,-51.2293,66.1027,23.4186,-326.226,9.2593,3.10826,2.5998,0,LLLLILLLYVLALLLSTLILI,LILLLYVLALLLSTL,0.7929399862742715,0.11422163765623,L,99999900.0,-31.139199999999995,0.0,-2.934000000000026,856.0300000000002,-0.03637629522329824,0.0,-0.0034274499725477207,-0.03980386201418174
LLLLAWLLTVLIALLSFLILI_0,110011001100110000,1,-77.0999,-75.7241,-74.1954,-242.377,-231.131,-247.881,-367.709,4606.74,3800.53,3696.18,-34.0724,-22.9121,-82.3039,-83.7658,-45.6328,-5.75052,111.035,27.2647,9.53955,2.3523,2.51782,-22.6318,-9.3919,97.4601,25.3594,-390.621,9.3474,1.0659,1.0278,0,LLLLAWLLTVLIALLSFLILI,LAWLLTVLIALLSFL,0.6460846346940781,0.0391756999477553,L,99999900.0,-36.671099999999996,-2.9044999999999987,5.503999999999991,806.2099999999996,-0.045485791543146345,-0.0036026593567432806,0.006827005370809086,-0.0422624378263728
LLLLFALLLILTLLLSVLILI_0,110011001100110000,1,-74.2127,-70.5519,-74.297,-247.383,-228.126,-246.666,-379.938,4638.03,3762.07,3597.85,-34.0713,-16.828,-92.4136,-98.0881,-58.9747,-53.0194,93.3341,27.7572,9.76818,7.05301,6.95302,-16.8083,-52.37,75.6987,26.0846,-396.766,9.2813,4.57482,4.2103,0,LLLLFALLLILTLLLSVLILI,LFALLLILTLLLSVL,0.4848529680456044,0.0392232799746328,L,99999900.0,-33.438900000000004,0.08429999999999893,-0.717000000000013,875.9599999999996,-0.03817400337914976,9.623727110826861e-05,-0.0008185305265080749,-0.0388959541531577
LLLLLVLASLLFTLLILLILI_1,110011001100110000,1,-74.1718,-74.1718,-74.1718,-247.553,-239.955,-244.998,-381.749,4623.22,3756.28,3803.17,-34.0408,-18.1611,-94.0655,-85.784,-62.5793,-59.553,82.5837,22.011,9.26004,6.58175,6.32051,-11.6613,-63.6223,59.0157,25.1674,-393.526,9.3555,4.01046,3.3957,1,LLLLLVLASLLFTLLILLILI,LLVLASLLFTLLILL,0.3507340869798321,0.1000604793045072,L,99999900.0,-31.486199999999997,0.0,-2.555000000000007,866.94,-0.03631877638590905,0.0,-0.002947147438115679,-0.03926546243107942
LLLSTLLGALLGVLLGLLILI_2,110011001100110000,1,-72.5006,-74.5375,-44.9056,-213.789,-210.75,-248.484,-359.418,4437.36,3402.16,3402.66,-34.0161,7914.13,-107.144,7840.0,-66.0278,-74.5094,46.5481,-36.4941,7.00098,3.96041,3.15863,6147.26,-66.9239,51.0441,-36.0241,7554.71,6.7893,3.42954,2.6952,2,LLLSTLLGALLGVLLGLLILI,STLLGALLGVLLGLL,0.8413238317566476,0.0272730022156952,G,99999900.0,-41.116200000000006,-27.595000000000006,34.69500000000002,1035.1999999999998,-0.039718122102009285,-0.026656684698608976,0.03351526275115922,-0.03285944744976817
LLLLAILLAVLFTLLILLILI_0,110011001100110000,1,-58.8708,-51.7693,-58.8708,-247.088,-227.989,-244.272,-366.265,4545.77,3718.09,3589.43,-33.9903,45.7455,-94.2973,-40.7616,-63.1226,-53.4735,84.7752,25.234,8.99615,5.96567,5.7373,46.1128,-53.398,64.296,20.1517,-320.52,8.5941,3.18966,2.6541,0,LLLLAILLAVLFTLLILLILI,LAILLAVLFTLLILL,0.422016216924329,0.0683242646601474,L,99999900.0,-31.17470000000001,0.0,-2.8160000000000025,827.6800000000003,-0.037665160448482504,0.0,-0.0034022810748115234,-0.04106695824473225
LLLAALLILLTSLLFVLLILI_1,110011001100110000,1,-74.3089,-74.1675,-74.2817,-244.456,-236.09,-243.15,-368.04,4577.22,3750.49,3717.9,-33.9528,45.6838,-83.2274,-12.098,-50.6079,-98.6068,20.4336,23.1106,9.51752,4.04955,2.85606,-19.9521,-98.8508,7.42719,28.0,-387.972,9.5,2.33029,0.941698,1,LLLAALLILLTSLLFVLLILI,AALLILLTSLLFVLL,0.3652464800174155,0.0580093267145985,L,99999900.0,-32.6195,-0.02719999999999345,-1.3059999999999832,826.7300000000005,-0.03945604973812488,-3.2900705187901054e-05,-0.0015797176829194324,-0.0410687890847072
LLLLVALLLILTLLLSFLILI_0,110011001100110000,1,-70.6451,-70.5824,-74.2705,-250.087,-244.042,-246.527,-384.085,4588.97,3710.85,3675.02,-33.9143,-26.7243,-97.2672,-96.1853,-63.2879,-9.12303,105.192,20.9188,9.49037,2.06941,2.1473,-25.8895,-13.2915,87.7058,22.0356,-410.81,9.5,0.334013,0.149601,0,LLLLVALLLILTLLLSFLILI,LVALLLILTLLLSFL,0.3524753022734836,0.1085964289027688,L,99999900.0,-33.9793,3.625399999999999,-3.5600000000000023,878.1200000000003,-0.03869550858652575,0.004128592903020085,-0.004054115610622695,-0.038621486812736285
LLLLYLLLAVLTILLSLLILI_2,110011001100110000,1,-70.6548,-74.3055,-74.3055,-250.218,-242.772,-247.404,-385.34,4579.81,3702.83,3624.64,-33.8968,-10.8925,-98.3639,-79.1547,-63.6305,-47.2893,94.5952,22.8442,9.50439,6.36374,6.28267,-11.6711,-49.0441,69.7266,23.1475,-395.604,9.4231,3.2697,2.8156,2,LLLLYLLLAVLTILLSLLILI,LYLLLAVLTILLSLL,0.232341187023735,0.0383809882781165,L,99999900.0,-34.7334,3.6507000000000005,-2.813999999999993,876.9800000000005,-0.039605692262081216,0.004162808729959632,-0.003208739081849063,-0.038651736641656574
LLLLALLLFILAVLLSTLILI_2,110011001100110000,1,-74.2965,-74.2965,-74.2965,-241.791,-237.477,-242.703,-372.533,4550.82,3605.59,3619.45,-33.8767,195.473,-90.3216,134.714,-55.5329,-48.6814,101.883,25.9113,8.41677,7.5564,7.58465,-9.50436,-51.3841,76.7072,27.9383,-382.225,9.0467,4.56309,4.2137,2,LLLLALLLFILAVLLSTLILI,LALLLFILAVLLSTL,0.310697355348562,0.0708434644589184,L,99999900.0,-34.788700000000006,0.0,0.9120000000000061,945.2299999999996,-0.036804481448959536,0.0,0.0009648445351924998,-0.035839636913767035
LLLLALLLFVLTWLLSALILI_0,110011001100110000,1,-74.1927,-72.5937,-74.275,-246.889,-226.428,-247.538,-372.223,4612.25,3725.34,3609.75,-33.8723,-12.2504,-85.0142,-85.4521,-50.4105,-5.71095,116.653,24.8818,9.52194,3.10483,3.35463,-11.7872,-7.00423,96.9391,20.3201,-384.474,9.431,0.637414,0.591501,0,LLLLALLLFVLTWLLSALILI,LALLLFVLTWLLSAL,0.5194497967778774,0.018172119124327,L,99999900.0,-34.6037,0.08230000000000359,0.6490000000000009,886.9099999999999,-0.03901602191879673,9.279408282689743e-05,0.0007317540674927569,-0.03819136101746514
LLLLLFLTILLYVLISLLILI_0,110011001100110000,1,-74.2455,-73.9659,-74.2211,-254.855,-234.417,-251.93,-376.188,4631.62,3770.77,3749.21,-33.8565,95.9985,-80.9448,28.1927,-50.0369,-59.0691,76.3539,13.6819,10.5568,5.66815,5.31346,94.9972,-58.0774,48.3613,26.5833,-280.19,9.4347,1.74038,0.965799,0,LLLLLFLTILLYVLISLLILI,LLFLTILLYVLISLL,0.2432768574477083,0.0853191779475708,L,99999900.0,-30.907899999999998,-0.024399999999999977,-2.924999999999983,860.8499999999999,-0.03590393216007435,-2.8344078527037207e-05,-0.0033978044955566976,-0.03932915142010803
LLLLALLLFVLTLLLSILILI_2,110011001100110000,1,-70.6894,-74.2534,-74.2451,-247.901,-243.183,-246.535,-382.915,4604.54,3685.58,3661.06,-33.8316,-26.4068,-98.1554,-91.8849,-62.1347,-9.94886,105.375,22.8994,9.45502,2.21794,2.29856,-17.7154,-15.856,85.056,19.3699,-401.996,9.4176,0.36096,0.1368,2,LLLLALLLFVLTLLLSILILI,LALLLFVLTLLLSIL,0.4251249616824896,0.0653692273192671,L,99999900.0,-36.0207,3.5556999999999874,-1.3660000000000139,918.96,-0.0391972447114129,0.00386926525637676,-0.0014864629581265928,-0.03681509532515017
LLLLVALLTILFYLLSLLILI_1,110011001100110000,1,-69.0709,-69.0709,-74.2446,-250.15,-250.389,-249.42,-370.704,4598.73,3625.09,3625.06,-33.8201,-26.185,-85.303,-77.4289,-47.0391,-0.354747,108.11,18.8566,8.96783,1.14807,1.26972,-28.4964,-3.14953,98.5758,19.1098,-399.449,8.9946,0.280163,0.2588,1,LLLLVALLTILFYLLSLLILI,LVALLTILFYLLSLL,0.6022958430876332,0.0668368937509614,L,99999900.0,-38.2639,5.173700000000011,-0.7300000000000182,973.6399999999994,-0.03929984388480344,0.0053137710036563965,-0.0007497637730578228,-0.03473573394683868
LLLALLLGALLAFLLSTLILI_2,110011001100110000,1,-80.3283,-77.0084,-74.0462,-222.526,-219.4,-234.615,-357.193,4471.75,3706.62,3614.91,-33.7958,-1.05681,-88.1344,-61.8406,-48.531,-83.8768,61.3321,-41.3614,6.97655,7.36136,6.78134,-14.3664,-74.4436,60.1664,-43.4591,-371.503,7.3574,5.789,5.1915,2,LLLALLLGALLAFLLSTLILI,ALLLGALLAFLLSTL,0.5555815127174514,0.0354522519059505,G,99999900.0,-39.6034,-6.2821,12.088999999999999,765.1300000000001,-0.05176035444957065,-0.008210500176440604,0.01579992942375805,-0.044170010325042794
LLLYTLLVILLAFLLSLLILI_0,110011001100110000,1,-77.1855,-76.2497,-60.3531,-234.612,-232.082,-253.503,-360.653,4701.43,4064.35,3804.6,-33.7889,-31.4712,-82.645,-83.793,-46.7975,-69.5297,48.4114,-46.1668,8.75559,3.46499,2.69116,-28.6763,-67.6029,45.1857,-45.0,-392.124,8.6947,2.74051,1.9183,0,LLLYTLLVILLAFLLSLLILI,YTLLVILLAFLLSLL,0.2958222705722856,0.0164901746926429,R,99999900.0,-35.8475,-16.832400000000007,18.89099999999999,637.0800000000004,-0.05626844352357628,-0.026421171595404025,0.029652476925974728,-0.053037138193005554
LLLLTLLVGLLFALLSILILI_0,110011001100110000,1,-63.3279,-69.5605,-60.4426,-235.98,-221.984,-241.187,-358.8,4581.77,3747.04,3636.55,-33.7625,-25.0834,-93.2543,-92.3386,-57.171,-33.4988,105.512,-40.6062,7.37765,5.76893,5.85161,-23.0806,-38.5963,75.2623,-37.139,-383.884,7.5,2.44986,2.0788,0,LLLLTLLVGLLFALLSILILI,LTLLVGLLFALLSIL,0.4101181780184854,0.0666057669925608,G,99999900.0,-36.0833,-2.885300000000001,5.207000000000022,834.7300000000005,-0.04322751069208005,-0.003456566794053166,0.00623794520383839,-0.040447210475243474
LLLLTLLVGLLFALLSTLILI_0,110011001100110000,1,-83.8908,-81.6904,-74.1639,-230.645,-224.867,-240.359,-362.894,4557.69,3754.36,3640.55,-33.722,-25.0614,-82.0797,-81.3974,-48.3709,-30.6095,88.513,-35.5837,7.14023,3.04067,2.86836,-25.0667,-36.2919,70.8481,-35.0,-387.955,7.1712,1.50828,1.071,0,LLLLTLLVGLLFALLSTLILI,LTLLVGLLFALLSTL,0.3237308602881306,0.0368725573663807,G,99999900.0,-33.708800000000004,-9.7269,9.713999999999999,803.3299999999995,-0.041961335939153306,-0.01210822451545443,0.01209216635753676,-0.04197776754260394
LLLIYLLAVLLGLLLGFLILI_2,110011001100110000,1,-56.2696,-55.8749,-44.9568,-225.053,-214.664,-239.123,-333.195,4630.96,3680.1,3477.67,-33.718,26803.8,-85.5906,26741.2,-49.1146,-67.6305,50.077,-45.4827,6.74388,3.40496,2.65612,7034.32,-62.6538,43.9976,-40.9419,26470.6,6.5,1.83774,0.997703,2,LLLIYLLAVLLGLLLGFLILI,IYLLAVLLGLLLGFL,0.5178095573767787,0.0224790441147203,G,99999900.0,-36.47599999999999,-11.312799999999996,14.069999999999993,950.8600000000001,-0.038361062616999335,-0.011897440212018587,0.014797131018236114,-0.03546053046715605
LLLLVALLLILTSLLFALILI_0,110011001100110000,1,-74.1493,-74.2264,-74.2264,-241.969,-229.616,-242.456,-371.844,4553.09,3647.19,3622.94,-33.7147,-19.6475,-89.4402,-87.6489,-55.1618,-11.196,105.812,26.3881,9.18943,2.464,2.55118,-19.0119,-13.802,90.1233,26.0641,-391.491,9.3441,0.73695,0.5888,0,LLLLVALLLILTSLLFALILI,LVALLLILTSLLFAL,0.5538527639421117,0.0167852486881476,L,99999900.0,-34.278400000000005,0.0771000000000015,0.48699999999999477,905.9000000000001,-0.03783905508334253,8.510873164808642e-05,0.000537586930124732,-0.03721680097140964
LLLLALLFTLVSLLLILLILI_2,110011001100110000,1,-66.9953,-66.9823,-74.225,-236.288,-235.162,-245.972,-381.575,4602.63,3644.8,3631.69,-33.6792,-25.4805,-111.971,-104.91,-61.3776,-102.99,37.2822,23.9073,9.31696,6.98158,6.04081,-18.1542,-106.922,18.626,24.6214,-400.106,9.4303,5.05281,3.8322,2,LLLLALLFTLVSLLLILLILI,LALLFTLVSLLLILL,0.390592105831903,0.0209685847113626,L,99999900.0,-50.5934,7.229699999999994,9.683999999999997,957.8299999999999,-0.05282085547539752,0.007547999123017649,0.010110353611810027,-0.035161980727268935
LLLSYLLVLLLGTLLAFLILI_2,110011001100110000,1,-79.3512,-77.8471,-58.8025,-234.411,-234.416,-254.078,-356.361,4642.07,3798.03,3586.98,-33.6668,248.544,-76.2658,204.445,-43.4802,-59.1149,58.5991,-43.4854,7.79524,3.27811,2.6571,202.16,-58.1657,52.5749,-41.2091,-114.686,7.4407,2.32247,1.61109,2,LLLSYLLVLLLGTLLAFLILI,SYLLVLLLGTLLAFL,0.3827970343387115,0.0375733677179918,G,99999900.0,-32.785599999999995,-20.548700000000004,19.667,844.0399999999995,-0.03884365669873467,-0.024345647125728658,0.02330102838728024,-0.039887683048196794
LLLSYLLVLLLGALLGALILI_2,110011001100110000,1,-69.264,-62.632,-44.9843,-223.068,-225.975,-244.527,-342.736,4552.79,3684.62,3507.99,-33.6326,4266.72,-84.0365,4212.59,-53.2241,-41.9686,71.6455,-49.004,7.01999,2.46744,2.04212,4079.16,-47.4319,67.7648,-45.0,3914.71,6.6781,2.76303,2.2795,2,LLLSYLLVLLLGALLGALILI,SYLLVLLLGALLGAL,0.9541892044494156,0.122010229686951,G,99999900.0,-30.812400000000004,-24.2797,21.458999999999975,868.1700000000001,-0.0354912056394485,-0.027966527293041683,0.024717509243581296,-0.038739647764838674
LLLYFLLGVLLGTLLGLLILI_0,110011001100110000,1,-72.4578,-68.1971,-58.6992,-214.784,-213.212,-244.372,-334.454,4667.69,3447.13,3634.25,-33.5794,-22.505,-80.7917,-75.5507,-31.3834,-85.1222,31.7554,-42.2893,7.06462,3.55531,2.53164,-25.1112,-83.9549,29.1297,-45.0,-356.959,7.4713,3.02575,1.9627,0,LLLYFLLGVLLGTLLGLLILI,YFLLGVLLGTLLGLL,1.1764308402892782,0.0547433602069068,G,99999900.0,-49.408300000000004,-13.758600000000008,29.588000000000022,1220.5599999999995,-0.04048002556203712,-0.01127236678246052,0.024241331847676503,-0.027511470144851554
LLLYVLLGLLLGTLLAALILI_1,110011001100110000,1,-68.8679,-68.9564,-58.7144,-227.161,-223.493,-240.073,-347.78,4558.13,3614.98,3665.08,-33.578,-27.8687,-85.3292,-83.1993,-48.992,-77.1109,54.7808,-40.8009,6.83754,5.46203,4.78374,-23.3101,-68.9875,54.3485,-39.7512,-370.624,6.8746,4.18517,3.5004,1,LLLYVLLGLLLGTLLAALILI,YVLLGLLLGTLLAAL,0.3638980652843022,0.0403846231008108,G,99999900.0,-36.3372,-10.153500000000008,12.912000000000006,943.1500000000001,-0.03852748767428299,-0.010765519800667983,0.013690293166516466,-0.03560197211472194
LLLLTLLLFALALLLSVLILI_0,110011001100110000,1,-60.4286,-60.4286,-60.4314,-238.582,-217.813,-242.48,-363.887,4633.22,3649.94,3620.86,-33.5606,-10.5855,-98.4361,-96.23,-60.9751,-50.1679,93.2876,23.6037,9.12653,6.619,6.51832,-10.5166,-56.9271,66.5563,23.7083,-374.472,9.2343,4.02416,3.5225,0,LLLLTLLLFALALLLSVLILI,LTLLLFALALLLSVL,0.4288802767128974,0.1115114312057683,L,99999900.0,-37.461,0.0027999999999934744,3.897999999999996,983.2800000000002,-0.03809799853551378,2.847612073868556e-06,0.003964282808559104,-0.03413127491660564
LLLYVLLGALLGILLTLLILI_0,110011001100110000,1,-67.581,-66.8813,-58.7202,-222.276,-219.4,-243.993,-355.39,4577.17,3713.97,3707.28,-33.5505,-28.7808,-99.0838,-97.8896,-52.6768,-79.0724,56.9607,-46.8199,6.65198,6.05056,5.40497,-29.2053,-72.8097,60.8563,-43.7016,-384.171,6.839,5.63706,5.0499,0,LLLYVLLGALLGILLTLLILI,YVLLGALLGILLTLL,1.0416643571581523,0.0310927500546802,G,99999900.0,-46.407,-8.860800000000005,21.716999999999985,863.2000000000003,-0.053761584800741405,-0.010265060240963858,0.02515871177015753,-0.038867585727525474
LLLLYLLLFTLAVLLLSLILI_0,110011001100110000,1,-74.2357,-74.2357,-74.2357,-241.398,-228.226,-247.36,-368.858,4633.4,3583.79,3475.25,-33.5443,352.563,-86.7688,286.167,-47.2629,-60.5848,72.4225,19.8546,9.83934,5.36476,4.9511,335.591,-58.528,63.2713,22.0772,-16.2951,8.9263,3.82083,3.2699,0,LLLLYLLLFTLAVLLLSLILI,LYLLLFTLAVLLLSL,0.1515011761114384,0.0625082787730448,L,99999900.0,-39.5059,0.0,5.9620000000000175,1049.6099999999997,-0.03763864673545413,0.0,0.005680205028534426,-0.03195882280084985
LLLYVLLGALLGTLLSFLILI_0,110011001100110000,1,-84.3149,-74.8111,-74.0346,-233.389,-222.956,-243.127,-346.147,4551.9,3808.35,3733.27,-33.5303,-12.0886,-61.9737,-60.4681,-28.9853,-55.9373,87.7403,-42.389,6.62243,6.73553,6.55164,-12.816,-63.0433,66.4747,-39.1069,-358.235,7.1192,4.93058,4.4277,0,LLLYVLLGALLGTLLSFLILI,YVLLGALLGTLLSFL,0.5741388021976476,0.007525634292506,G,99999900.0,-32.9884,-10.280299999999997,9.738,743.5499999999997,-0.04436608163539777,-0.013825970008741847,0.013096631026830749,-0.04509488265752136
LLLWSLLILLLGVLLAFLILI_2,110011001100110000,1,-63.9858,-58.9783,-44.9904,-233.177,-232.232,-248.747,-347.567,4738.81,3813.36,3647.5,-33.509,150.704,-83.9134,94.3476,-53.8296,-63.3173,55.6827,-44.2078,7.72415,3.51476,2.85,149.071,-58.1657,52.5749,-41.2091,-202.767,7.4407,2.32247,1.61109,2,LLLWSLLILLLGVLLAFLILI,WSLLILLLGVLLAFL,0.2294714023563056,0.0680118099919811,G,99999900.0,-30.083799999999997,-18.995399999999997,15.570000000000022,925.4500000000003,-0.032507212707331555,-0.020525582149224692,0.016824247663298954,-0.03620833108217623
LLLYALLGALLGILLSLLILI_0,110011001100110000,1,-73.6458,-65.2413,-60.2613,-225.515,-218.138,-240.903,-355.871,4524.87,3745.97,3751.53,-33.5022,-18.0685,-90.213,-90.5603,-54.7069,-82.2815,62.594,-44.2133,6.58103,7.29242,6.73133,-18.8939,-75.95,58.5447,-41.9323,-373.94,6.6534,5.79603,5.1742,0,LLLYALLGALLGILLSLLILI,YALLGALLGILLSLL,0.4360195115779988,0.0281207078775434,G,99999900.0,-35.506099999999996,-13.384499999999996,15.388000000000005,778.9000000000001,-0.0455849274618051,-0.017183849017845674,0.0197560662472718,-0.04301219668763641
LLLLVLLTALLILLISLLILI_0,110011001100110000,1,-74.1511,-74.123,-74.2422,-245.564,-237.268,-244.675,-396.618,4591.15,3655.15,3657.84,-33.4869,15.9878,-110.389,-69.239,-77.7006,-48.7113,65.8029,21.7292,9.12982,2.6901,2.17714,9.07907,-54.2004,50.1516,26.2942,-380.63,9.153,1.40053,0.652804,0,LLLLVLLTALLILLISLLILI,LVLLTALLILLISLL,0.4980645174850512,0.0663957955845367,L,99999900.0,-32.6884,0.0910999999999973,-0.8889999999999816,935.9999999999995,-0.03492350427350429,9.732905982905698e-05,-0.0009497863247863056,-0.03577660256410258
LLLTALLGLLLGVLLGSLILI_0,110011001100110000,1,-74.4419,-61.9984,-60.2824,-213.231,-212.667,-235.154,-358.245,4454.15,3420.15,3523.07,-33.4799,-12.2805,-104.052,-95.8604,-62.8092,-85.3398,44.3546,-36.4459,6.50342,5.28884,4.45416,-11.8539,-91.396,35.576,-35.8075,-370.526,7.4513,5.01216,4.0458,0,LLLTALLGLLLGVLLGSLILI,TALLGLLLGVLLGSL,0.9055849223731643,0.1202836220933482,G,99999900.0,-41.24280000000001,-14.159500000000001,21.923000000000002,1033.9999999999995,-0.039886653771760185,-0.01369390715667312,0.02120212765957448,-0.03237901353965185
LLLLALLLIVLTYLLSLLILI_0,110011001100110000,1,-74.2656,-72.7131,-74.3198,-249.375,-239.72,-248.587,-384.081,4639.1,3752.25,3632.88,-33.4492,12.1186,-93.8896,-59.5296,-61.1743,-2.41149,114.365,22.2643,10.0739,2.30106,2.51654,12.3106,-10.2137,94.2316,25.4728,-371.963,9.5,0.753326,0.666801,0,LLLLALLLIVLTYLLSLLILI,LALLLIVLTYLLSLL,0.3704093738751088,0.0801005890122914,L,99999900.0,-32.7153,0.054199999999994475,-0.7880000000000109,886.8500000000004,-0.0368893273947116,6.111518295088736e-05,-0.0008885380842307161,-0.037716863054631546
LLLLLWLLTVLIALLSFLILI_0,110011001100110000,1,-77.9177,-75.7241,-74.1954,-242.765,-232.874,-250.868,-378.625,4643.94,3834.36,3701.64,-33.408,-22.8035,-91.3501,-92.8306,-53.5619,-5.74648,109.581,25.2985,9.45154,2.15537,2.29908,-22.8447,-9.3919,97.4601,25.3594,-401.428,9.3474,1.0659,1.0278,0,LLLLLWLLTVLIALLSFLILI,LLWLLTVLIALLSFL,0.5782919323330352,0.0847201681722616,L,99999900.0,-37.788199999999996,-3.72229999999999,8.103000000000009,809.5799999999995,-0.04667630129202799,-0.004597816151584763,0.010008893500333524,-0.04126584154746909
LLLYALLFVLLLLLISLLILI_0,110011001100110000,1,-60.4296,-60.4296,-60.4296,-253.85,-237.827,-254.806,-369.314,4755.23,3947.94,3773.12,-33.3158,278.851,-88.3512,207.793,-54.0793,-97.0717,38.584,15.9772,9.66531,6.2696,5.34836,161.493,-103.616,12.3747,18.4457,-90.4633,8.943,3.71299,2.39861,0,LLLYALLFVLLLLLISLLILI,YALLFVLLLLLISLL,0.1389104962654104,0.0444356743911431,L,99999900.0,-34.2719,0.0,0.9560000000000173,807.2899999999995,-0.04245302183849673,0.0,0.0011842088964312922,-0.04126868907084198
LLLAYLLVALLGLLLGSLILI_2,110011001100110000,1,-67.632,-72.2772,-60.3448,-225.52,-221.081,-236.543,-350.994,4536.81,3642.39,3521.22,-33.2953,3689.42,-91.1381,3631.78,-54.1065,-48.8198,70.4633,-46.4808,7.57637,3.33551,2.89246,2379.5,-47.9501,60.2066,-41.6343,3338.42,7.3755,1.8204,1.2235,2,LLLAYLLVALLGLLLGSLILI,AYLLVALLGLLLGSL,0.6272545704323357,0.0110022947218032,G,99999900.0,-37.0316,-7.287200000000006,11.022999999999996,894.4200000000005,-0.04140292032825739,-0.008147402786163101,0.012324187741776783,-0.037225576351154914
LLLLALLLYVLTSLLFLLILI_0,110011001100110000,1,-74.3907,-74.3231,-74.2392,-241.645,-221.991,-249.517,-372.229,4651.33,3691.26,3632.32,-33.2655,-11.7189,-89.4587,-87.6335,-48.4732,-8.10829,114.298,22.5921,9.37273,3.14645,3.36091,-11.2932,-9.55643,96.2369,18.0,-383.948,9.4499,0.925446,0.869,0,LLLLALLLYVLTSLLFLLILI,LALLLYVLTSLLFLL,0.9475662173855436,0.1416354595586678,L,99999900.0,-40.985499999999995,-0.15149999999999864,7.871999999999986,960.0699999999997,-0.042690116345683135,-0.00015780099367754299,0.008199402126928232,-0.03464903600779111
LLLVGLLFALLGILLTLLILI_0,110011001100110000,1,-62.3344,-62.508,-58.7972,-224.441,-221.029,-238.33,-349.15,4580.0,3613.4,3598.94,-33.2327,-28.5988,-95.6079,-94.2125,-52.0231,-62.4774,71.5438,-40.4608,6.87437,5.53003,5.10318,-28.5115,-65.6894,61.9546,-41.2702,-377.749,6.9355,4.71728,4.1466,0,LLLVGLLFALLGILLTLLILI,VGLLFALLGILLTLL,0.394185305457973,0.0229501319903953,G,99999900.0,-43.5848,-3.5372000000000057,13.88900000000001,966.5999999999999,-0.04509083385061039,-0.003659424787916414,0.01436892199462033,-0.03438102627767433
LLLLAILLFTLAVLLLSLILI_2,110011001100110000,1,-74.2637,-74.2637,-74.2637,-242.04,-242.168,-241.905,-369.957,4570.15,3609.09,3479.28,-33.2198,344.516,-86.8726,290.991,-53.788,-53.9186,81.4471,20.5759,9.74164,5.58314,5.30485,168.583,-58.528,63.2713,22.0772,-14.8873,8.9263,3.82083,3.2699,2,LLLLAILLFTLAVLLLSLILI,LAILLFTLAVLLLSL,0.604784391717409,0.0843452481990273,L,99999900.0,-33.08460000000001,0.0,-0.1349999999999909,961.0599999999995,-0.03442511393669493,0.0,-0.00014046989782114642,-0.0345657919380684
LLLLVLLLAILFTLLSALILI_0,110011001100110000,1,-74.1402,-74.1402,-74.1402,-245.247,-230.115,-242.103,-372.553,4533.45,3678.74,3619.39,-33.2181,-17.5176,-86.3837,-85.8154,-56.3094,-46.9024,78.784,20.8197,9.18503,4.17119,3.85295,-17.7431,-47.5614,60.8613,19.2779,-390.07,9.4842,1.85048,1.2634,0,LLLLVLLLAILFTLLSALILI,LVLLLAILFTLLSAL,0.261269288580804,0.0582967968843192,L,99999900.0,-30.074300000000008,0.0,-3.1440000000000055,854.71,-0.03518655450386682,0.0,-0.003678440640685151,-0.038864761147055726
LLLLATLLAVLISLLFLLILI_2,110011001100110000,1,-63.6773,-62.3145,-60.4271,-232.696,-220.077,-243.235,-362.384,4574.77,3546.54,3608.44,-33.2031,-8.13477,-99.2147,-88.1276,-58.7227,-8.11968,113.639,18.3721,8.81489,3.05915,3.26373,-12.659,-15.3543,87.1164,18.0,-374.776,9.0332,0.563854,0.370599,2,LLLLATLLAVLISLLFLLILI,LATLLAVLISLLFLL,0.4523291675098358,0.0257905026698248,L,99999900.0,-40.49199999999999,-3.2501999999999995,10.539000000000016,1028.2300000000005,-0.03938029429213306,-0.0031609659317467865,0.01024965231514351,-0.03229151065423104
LLLLALLLAVLYTLLSILILI_0,110011001100110000,1,-74.1566,-74.1566,-74.1566,-243.499,-226.435,-243.565,-376.21,4531.09,3675.31,3603.27,-33.1757,-14.658,-91.7299,-90.2765,-58.4886,-55.2068,78.1209,17.3292,9.57395,5.32734,4.99915,-14.1803,-53.5853,63.57,19.9595,-390.868,9.5,3.11975,2.5733,0,LLLLALLLAVLYTLLSILILI,LALLLAVLYTLLSIL,0.6866972147010362,0.0672985107154875,L,99999900.0,-33.2413,0.0,0.0660000000000025,855.7800000000002,-0.03884327747785645,0.0,7.71226249737111e-05,-0.03876662226273107
LLLLAVLIALLLTLFLLLILI_1,110011001100110000,1,-51.8057,-51.8057,-58.8692,-243.942,-234.174,-244.611,-367.21,4597.53,3681.37,3647.8,-33.144,81.3043,-104.606,0.073773,-63.73,-55.3551,85.1353,17.538,9.34357,6.29653,6.07356,50.0095,-64.0373,57.892,18.4788,-287.429,9.391,3.92102,3.2894,1,LLLLAVLIALLLTLFLLLILI,LAVLIALLLTLFLLL,0.3779306196774466,0.0163923546980869,L,99999900.0,-40.876,7.063499999999998,0.6689999999999827,916.1599999999999,-0.044616660845267206,0.007709897834439398,0.0007302217953195761,-0.036177086971708
LLLAALLGTLLGVLLGLLILI_0,110011001100110000,1,-66.5232,-71.1693,-58.7211,-212.275,-208.315,-228.953,-348.707,4375.53,3649.61,3574.55,-33.1291,-27.0825,-103.038,-96.3049,-61.0331,-91.1582,50.0358,-41.5253,6.74326,6.92857,6.1791,-27.1633,-92.5815,39.7325,-40.3169,-375.789,6.7382,5.75111,4.8471,0,LLLAALLGTLLGVLLGLLILI,AALLGTLLGVLLGLL,1.0405460707036709,0.0296426919791556,G,99999900.0,-42.0049,-7.802100000000003,16.677999999999997,725.9199999999996,-0.05786436521930794,-0.010747878554110656,0.022974983469252818,-0.045637398060392353
LLLLAALVFLLTSLIALLILI_2,110011001100110000,1,-79.8847,-80.7653,-74.2631,-222.716,-217.983,-238.805,-360.865,4523.82,3455.78,3523.45,-33.1274,-19.6085,-91.3912,-81.7246,-47.7967,-7.57899,114.293,16.4808,8.35445,3.06646,3.28087,-19.211,-8.79533,100.0,22.4066,-378.732,8.5,1.3193,1.3193,2,LLLLAALVFLLTSLIALLILI,LAALVFLLTSLIALL,0.4341988762124161,0.0338153460768636,L,99999900.0,-43.5945,-5.621600000000001,16.089,1068.0399999999995,-0.04081729148721023,-0.005263473278154379,0.015064042545223031,-0.031017003108497823
LLLYFLLAVLITLLLSLLILI_1,110011001100110000,1,-70.7062,-70.7062,-74.2904,-247.549,-241.396,-249.45,-366.298,4704.99,3770.81,3785.69,-33.1151,4.65502,-81.158,-49.5411,-42.5586,-104.92,36.8567,26.6792,9.4013,7.21371,6.26656,1.34944,-113.132,4.052,24.0428,-364.486,9.5,4.01682,2.5776,1,LLLYFLLAVLITLLLSLLILI,YFLLAVLITLLLSLL,0.2121747095329847,0.056744447570047,L,99999900.0,-38.5994,3.58420000000001,1.900999999999982,934.1799999999998,-0.04131901774818558,0.003836733820034694,0.002034939733241969,-0.035448307606671094
LLLLLILLAVLTALLFILILI_1,110011001100110000,1,-58.9289,-58.9289,-58.9289,-245.099,-236.787,-243.446,-365.763,4538.2,3697.05,3643.78,-33.1026,-0.636558,-94.8375,-70.6835,-63.3875,-10.0252,106.089,15.0495,9.60286,2.32579,2.41712,-15.8481,-10.3153,94.584,18.0,-378.745,9.3619,0.81614,0.734901,1,LLLLLILLAVLTALLFILILI,LLILLAVLTALLFIL,0.3510943684397241,0.0179225397159276,L,99999900.0,-31.450000000000003,0.0,-1.6529999999999916,841.1499999999996,-0.03738928847411284,0.0,-0.001965166736016159,-0.03935397967068896
LLLLLALLLLLTVLFILLILI_0,110011001100110000,1,-58.8454,-55.3413,-58.9457,-249.315,-233.093,-247.986,-379.002,4640.93,3770.74,3654.27,-33.0889,33.4836,-103.93,-57.084,-72.0699,-51.0769,68.4763,28.8275,9.45307,3.40584,2.93298,32.8932,-48.5915,55.2725,20.6758,-345.518,9.4918,1.25051,0.579597,0,LLLLLALLLLLTVLFILLILI,LLALLLLLTVLFILL,0.2696183838765905,0.0548711297520814,L,99999900.0,-31.860100000000003,0.10030000000000427,-1.3290000000000077,870.1900000000005,-0.03661280869695122,0.00011526218412071411,-0.0015272526689573622,-0.03802491409921969
LLLYALLGTLLGLLLGSLILI_0,110011001100110000,1,-81.5271,-82.0624,-74.0795,-217.201,-215.088,-238.919,-354.868,4536.02,3549.11,3520.57,-33.0486,-31.416,-89.1893,-89.1342,-41.8698,-78.7464,54.8615,-38.9948,6.59692,5.71828,5.0412,-31.8764,-78.9548,52.0865,-37.7493,-386.284,6.5,5.3749,4.6562,0,LLLYALLGTLLGLLLGSLILI,YALLGTLLGLLLGSL,0.4859853876244664,0.0718922279456743,G,99999900.0,-47.319500000000005,-7.447600000000008,21.718000000000018,986.9100000000003,-0.04794712790426684,-0.007546382142241953,0.022006059316452373,-0.033486944098246034
LLLYFLLGTLLGALLGLLILI_0,110011001100110000,1,-67.8755,-71.9354,-58.7237,-230.743,-225.614,-241.707,-330.996,4639.13,3885.36,3689.04,-33.0203,52026.4,-65.3975,51992.9,-30.565,-35.6956,80.6273,-49.953,6.92846,2.73903,2.44844,13876.1,-43.2635,63.1811,-42.5139,51695.4,7.006,1.51898,0.966697,0,LLLYFLLGTLLGALLGLLILI,YFLLGTLLGALLGLL,0.8888489401553241,0.0744403373682714,G,99999900.0,-34.832499999999996,-9.151800000000001,10.963999999999999,753.77,-0.046211045809729755,-0.012141369383233614,0.014545551030155085,-0.04380686416280828
LLLLFWLLAVLTALLALLILI_0,110011001100110000,1,-58.9566,-58.9566,-58.9566,-233.259,-211.427,-241.629,-350.812,4574.32,3536.24,3569.17,-33.007,6.37887,-91.6033,-74.0488,-50.2261,-4.7221,118.733,21.1084,8.60061,3.23721,3.5182,5.67632,-10.97,92.972,21.0294,-344.433,8.5,0.69672,0.5913,0,LLLLFWLLAVLTALLALLILI,LFWLLAVLTALLALL,0.4348635960542233,0.0225880642734718,L,99999900.0,-41.3772,0.0,8.370000000000005,1038.08,-0.03985935573366215,0.0,0.008062962392108512,-0.031796200678175096
LLLLSILAVLLATLYLLLILI_1,110011001100110000,1,-62.4186,-66.8677,-58.9036,-241.914,-220.999,-243.861,-364.041,4570.82,3713.79,3686.2,-33.0054,727.038,-92.7141,650.864,-61.2769,-96.933,31.9553,29.4977,9.07809,5.35392,4.33325,47.5622,-94.2786,13.1421,23.187,-312.594,9.5,2.41597,1.1131,1,LLLLSILAVLLATLYLLLILI,LSILAVLLATLYLLL,0.2112625495495836,0.0567194954134154,L,99999900.0,-31.437200000000004,-3.5150000000000006,1.9470000000000027,857.0299999999997,-0.036681563072471224,-0.004101373347490755,0.0022717991202174993,-0.038511370663804084
LLLLALLTALLALLFSLLILI_2,110011001100110000,1,-70.5176,-70.607,-74.2722,-241.653,-232.272,-240.173,354.85,4550.34,3710.38,3744.28,-32.9804,-19.4066,634.04,638.322,669.295,-102.675,25.3914,18.3935,8.93564,5.32907,4.20994,-18.4375,-102.525,9.41563,21.6565,335.943,9.0937,3.14986,1.79109,2,LLLLALLTALLALLFSLLILI,LALLTALLALLFSLL,0.4047375993561482,0.0317444340598585,L,99999900.0,-35.254999999999995,3.7545999999999964,-1.4799999999999898,839.96,-0.04197223677317967,0.004469974760702886,-0.0017619886661269463,-0.03926425067860374
LLLVSLLFLLLILLATLLILI_2,110011001100110000,1,-64.9912,-62.7895,-58.8596,-240.343,-238.068,-246.059,-369.109,4673.31,3773.13,3616.18,-32.9736,49.6697,-96.748,-18.5812,-64.19,-106.949,36.2587,29.1252,9.60496,7.43722,6.4811,49.4761,-106.428,19.5913,24.4851,-293.856,8.9302,5.10903,3.9029,2,LLLVSLLFLLLILLATLLILI,VSLLFLLLILLATLL,0.2350012020635024,0.042356062842009,L,99999900.0,-32.55800000000001,-6.131600000000006,5.716000000000008,900.1800000000003,-0.036168321891177316,-0.0068115265835721785,0.006349841142882542,-0.03663000733186694
LLLLFALLLVLAILLSTLILI_0,110011001100110000,1,-74.1979,-74.1979,-74.1979,-242.331,-224.428,-242.544,-370.113,4590.95,3657.49,3619.96,-32.9575,-16.622,-86.5416,-88.1094,-53.3714,-50.3762,91.5604,25.9093,9.71465,6.41707,6.29048,-17.0542,-57.7764,67.2616,24.5839,-386.735,9.4846,4.24678,3.7557,0,LLLLFALLLVLAILLSTLILI,LFALLLVLAILLSTL,0.3675421644722885,0.0618378783202281,L,99999900.0,-33.1702,0.0,0.21300000000002228,933.46,-0.0355346774366336,0.0,0.00022818331797829823,-0.03530681550361023
LLLTALLGALLGILLSLLILI_0,110011001100110000,1,-77.1516,-70.3641,-60.2746,-218.89,-218.961,-239.483,-367.256,4443.07,3650.63,3659.98,-32.9461,-24.8332,-104.16,-102.764,-67.4977,-72.0675,68.6008,-40.8771,6.62288,6.57123,6.10025,-24.6854,-77.8631,56.6563,-43.9434,-392.089,6.8019,5.82806,5.1779,0,LLLTALLGALLGILLSLLILI,TALLGALLGILLSLL,0.5893660054956159,0.0393725202965354,G,99999900.0,-36.6623,-16.877000000000002,20.593000000000018,792.4399999999996,-0.046265080006057266,-0.02129751148351927,0.025986825500984335,-0.041575513603553604
LLLIALLLLLVSLLFTLLILI_1,110011001100110000,1,-74.2266,-74.2266,-74.2939,-237.011,-235.26,-245.714,-380.448,4653.04,3728.94,3683.6,-32.9358,-27.7933,-102.146,-98.7543,-60.4399,-102.549,34.5106,19.1238,9.37172,6.54131,5.55896,-17.1402,-106.353,17.491,18.1972,-398.02,9.5,4.81424,3.57661,1,LLLIALLLLLVSLLFTLLILI,IALLLLLVSLLFTLL,0.4534414609042924,0.1471454127167475,L,99999900.0,-41.7061,0.06729999999998881,8.703000000000003,924.0999999999999,-0.04513158749053133,7.282761605885599e-05,0.009417811925116334,-0.035640947949356135
LLLTVLLGLLLGLLLGFLILI_2,110011001100110000,1,-54.9992,-49.7414,-44.9562,-226.138,-228.708,-239.979,-346.126,4552.35,3722.53,3645.16,-32.923,-18.5234,-97.9115,-86.2001,-61.1906,-88.4589,43.0354,-44.6274,6.44294,5.57862,4.72415,-15.838,-94.6454,29.8466,-40.7669,-361.997,7.1745,4.7261,3.6738,2,LLLTVLLGLLLGLLLGFLILI,TVLLGLLLGLLLGFL,0.5924827839953427,0.0297385193360666,G,99999900.0,-36.7209,-10.043,13.841000000000008,829.8200000000002,-0.044251644935046144,-0.012102624665590124,0.016679520859945538,-0.039674869248752735
LLLYLLLGALLGTLLSFLILI_2,110011001100110000,1,-87.8257,-64.8344,-73.9921,-229.752,-226.157,-244.099,-352.576,4590.74,3851.81,3611.13,-32.8979,3295.38,-67.8958,3233.8,-34.4848,-70.5384,60.6479,-49.6731,6.71354,5.26822,4.67794,2073.31,-60.6857,64.7023,-38.4105,3008.78,7.3229,4.33767,3.8082,2,LLLYLLLGALLGTLLSFLILI,YLLLGALLGTLLSFL,0.5817449374418893,0.0534340156690685,G,99999900.0,-33.410999999999994,-13.833600000000004,14.34699999999998,738.9299999999998,-0.045215378993950714,-0.01872112378709757,0.01941591219736644,-0.04452099657613036
LLLLALLGILLGTLLASLILI_1,110011001100110000,1,-84.0832,-82.2569,-74.072,-216.794,-215.562,-232.598,-367.603,4451.88,3631.66,3630.32,-32.851,-24.2121,-99.5764,-93.9958,-60.9333,-83.0588,50.3401,-44.8751,6.48565,5.75474,5.00984,-24.0123,-75.337,50.8884,-45.0,-391.435,6.5,4.67048,3.93381,1,LLLLALLGILLGTLLASLILI,LALLGILLGTLLASL,0.2962014893726472,0.0605810318428468,G,99999900.0,-38.643100000000004,-10.011200000000002,15.804000000000002,820.2200000000003,-0.047113091609568156,-0.012205505839896613,0.019268001267952497,-0.04005144961107994
LLLLTLLVALLLALISLLILI_0,110011001100110000,1,-60.2933,-60.2933,-60.2933,-236.259,-218.852,-241.111,-382.495,4567.31,3620.59,3643.11,-32.8076,-11.3117,-118.75,-114.661,-81.0908,-49.1281,101.433,20.9535,9.00403,7.56272,7.58422,-12.0541,-54.0792,78.5495,19.5461,-393.807,8.8671,5.21606,4.8943,0,LLLLTLLVALLLALISLLILI,LTLLVALLLALISLL,0.4478719288028663,0.0196565214642658,L,99999900.0,-37.6592,0.0,4.852000000000004,946.7200000000003,-0.03977860402230859,0.0,0.0051250633767111736,-0.03465396315700523
LLLYALLFTLVALLASLLILI_1,110011001100110000,1,-67.0945,-74.1121,-74.1716,-239.829,-234.966,-245.781,-351.98,4623.65,3732.7,3761.97,-32.7985,41.5354,-77.855,-1.36614,-32.0272,-104.55,25.5849,18.3215,9.01264,5.6365,4.52028,-10.3033,-107.84,2.594,18.2142,-363.92,9.3464,3.02619,1.5651,1,LLLYALLFTLVALLASLLILI,YALLFTLVALLASLL,0.4225068808221253,0.0278855405502338,L,99999900.0,-45.8278,7.0771000000000015,5.951999999999998,890.9499999999998,-0.0514370054436276,0.007943318929232845,0.006680509568438183,-0.03681295246646838
LLLLYLLVILLALLFILLILI_1,110011001100110000,1,-45.0912,-45.0912,-45.0912,-251.308,-231.154,-249.494,-357.329,4693.87,3751.32,3721.93,-32.7745,115.059,-93.7048,33.9754,-62.7447,-59.9922,85.3238,15.5377,10.0858,7.01755,6.79741,105.083,-64.0373,57.892,18.4788,-246.103,9.391,3.92102,3.2894,1,LLLLYLLVILLALLFILLILI,LYLLVILLALLFILL,0.0608568102555569,0.0175830367831758,L,99999900.0,-30.960100000000004,0.0,-1.813999999999993,942.5499999999997,-0.03284716991141055,0.0,-0.001924566336003388,-0.0347721606280834
LLLLLALLAILFTLLSVLILI_0,110011001100110000,1,-74.119,-74.119,-74.119,-244.569,-241.049,-241.452,-370.058,4500.81,3638.78,3578.74,-32.7724,-24.8663,-84.143,-79.7569,-54.4876,-50.4196,69.721,17.7201,9.45071,3.47528,3.02109,-25.6038,-49.1,60.9087,20.3213,-394.925,9.2716,2.08767,1.5013,0,LLLLLALLAILFTLLSVLILI,LLALLAILFTLLSVL,0.3718235722943134,0.0328534266216906,L,99999900.0,-29.6554,0.0,-3.1169999999999902,862.0300000000002,-0.034401818962217084,0.0,-0.0036158834379313824,-0.03801770240014848
LLLYVLLGALLGTLLSALILI_2,110011001100110000,1,-86.9899,-79.3825,-74.0346,-225.607,-221.963,-238.122,-352.371,4499.59,3672.0,3752.79,-32.7641,-21.523,-72.5376,-72.5478,-40.2147,-73.2857,65.0828,-41.8861,6.3241,6.27903,5.75527,-9.64365,-63.0433,66.4747,-39.1069,-361.838,7.1192,4.93058,4.4277,2,LLLYVLLGALLGTLLSALILI,YVLLGALLGTLLSAL,0.7386054353345338,0.057980195290016,G,99999900.0,-32.3229,-12.955300000000008,12.515000000000015,827.5900000000001,-0.03905665849031524,-0.015654249084691704,0.01512222235648088,-0.03958977271354172
LLLVGLLFALLGILLSLLILI_0,110011001100110000,1,-70.6882,-59.1102,-60.3855,-226.258,-220.507,-237.128,-352.931,4564.24,3700.7,3623.09,-32.7058,-23.0205,-88.6906,-96.3345,-55.4173,-67.968,58.5327,-45.303,6.47764,4.59712,3.97511,-22.735,-68.1464,52.7276,-38.529,-375.951,6.6534,3.84019,3.1311,0,LLLVGLLFALLGILLSLLILI,VGLLFALLGILLSLL,0.3231181559957625,0.0246114912070345,G,99999900.0,-33.273300000000006,-10.302699999999994,10.869999999999976,863.54,-0.03853127822683374,-0.011930773328392425,0.012587720314056068,-0.037874099636380484
LLLLALLLALLFVLTSLLILI_0,110011001100110000,1,-74.2362,-74.2083,-74.23,-241.549,-226.215,-241.379,-360.641,4580.95,3674.4,3651.84,-32.6904,-15.0621,-77.5465,-75.2798,-45.0314,-53.0636,63.2081,25.0489,9.2199,2.99263,2.44075,-14.9904,-52.0168,48.9899,24.9796,-375.703,9.3931,0.916152,0.151,0,LLLLALLLALLFVLTSLLILI,LALLLALLFVLTSLL,0.3553031891512332,0.0308672049614788,L,99999900.0,-32.5151,-0.006199999999992656,-0.17000000000001592,906.5499999999997,-0.03586685786774034,-6.8391153273318155e-06,-0.00018752412994320884,-0.03606022833820529
LLLLAVLLLALTLLLSFLILI_0,110011001100110000,1,-70.6031,-74.1699,-74.3139,-244.975,-234.578,-242.22,320688.0,4583.18,3741.74,3659.14,-32.6705,-19.298,320971.0,320978.0,321005.0,-49.0647,84.7654,19.1115,9.21333,5.30304,5.07452,-19.284,-55.2755,63.3818,20.3382,320669.0,9.5,3.34787,2.7986,0,LLLLAVLLLALTLLLSFLILI,LAVLLLALTLLLSFL,0.3487131319129004,0.0853181570888386,L,99999900.0,-34.0,3.710800000000006,-2.7549999999999955,841.4400000000005,-0.04040692146795966,0.0044100589465677935,-0.003274149077771432,-0.03882689199467577
LLLLYLLAVLTSLLASLLILI_1,110011001100110000,1,-89.6705,-87.0519,-89.6761,-235.374,-229.103,-241.248,-381.268,4524.07,3664.18,3587.3,-32.6497,52.3369,-88.8733,-12.7765,-50.3437,-103.689,29.2315,23.4641,9.42725,5.9996,4.93807,38.5769,-105.336,9.98133,18.0,-335.856,8.8545,3.64788,2.2976,1,LLLLYLLAVLTSLLASLLILI,LYLLAVLTSLLASLL,0.55221553162001,0.0083791498461175,L,99999900.0,-38.5296,0.00560000000000116,5.873999999999995,859.8899999999999,-0.04480759166870182,6.512460896162487e-06,0.006831106304294731,-0.0379696240216772
LLLLILLTALLYVLALLLILI_2,110011001100110000,1,-59.0039,-59.0039,-58.9101,-246.348,-242.025,-244.038,-370.258,4639.37,3787.82,3828.76,-32.6454,-21.8125,-97.5518,-91.0417,-67.3105,-56.7371,80.168,24.7688,8.97301,5.83323,5.53575,-11.9693,-63.9738,56.5629,25.8588,-382.342,9.1246,3.73206,3.0805,2,LLLLILLTALLYVLALLLILI,LILLTALLYVLALLL,0.6349867073948094,0.0464560743654546,L,99999900.0,-30.241299999999995,-0.09380000000000166,-2.3100000000000023,851.5499999999997,-0.035513240561329346,-0.00011015207562680018,-0.00271270036991369,-0.03833644530561918
LLLLFILLAVLLTLLLSLILI_0,110011001100110000,1,-74.2506,-74.2506,-74.2506,-247.209,-221.942,-244.788,-380.271,4564.41,3749.96,3586.78,-32.6441,-9.26827,-91.4556,-93.3475,-61.2327,-55.0053,92.3176,27.9915,9.99672,7.21367,7.09844,-8.59912,-60.6709,65.7431,20.4901,-389.54,9.5,4.47595,3.9621,0,LLLLFILLAVLLTLLLSLILI,LFILLAVLLTLLLSL,0.2594693242907581,0.082167512597688,L,99999900.0,-30.222900000000003,0.0,-2.4209999999999923,814.4499999999998,-0.03710835533181903,0.0,-0.0029725581680888854,-0.0400811590643993
LLLTLLLGALLGVLLGSLILI_2,110011001100110000,1,-73.5763,-70.1553,-60.2824,-215.135,-213.453,-231.517,-355.796,4438.09,3637.79,3539.16,-32.6154,1609.83,-99.7,1537.64,-63.9963,-88.1361,46.5098,-42.4396,6.55928,5.99924,5.19689,-10.8205,-91.396,35.576,-35.8075,-366.618,7.4513,5.01216,4.0458,2,LLLTLLLGALLGVLLGSLILI,TLLLGALLGVLLGSL,0.6333656688112007,0.0768367574828145,G,99999900.0,-35.703700000000005,-13.2939,16.382000000000005,800.3000000000002,-0.044612895164313375,-0.016611145820317377,0.020469823816068974,-0.04075396726227664
LLLVALLLFLLSLLYTLLILI_0,110011001100110000,1,-74.19,-70.6542,-74.2236,-241.69,-223.45,-249.434,-374.248,4656.14,3651.19,3707.72,-32.5876,27.3436,-90.9554,-52.7998,-50.5903,-105.608,25.9691,22.9532,9.09749,5.84708,4.73662,29.043,-105.769,4.6377,20.6829,-346.904,9.4739,2.99144,1.56101,0,LLLVALLLFLLSLLYTLLILI,VALLLFLLSLLYTLL,0.30908062993157,0.0688518422273894,L,99999900.0,-40.3651,0.03360000000000696,7.744,1004.9500000000003,-0.040166276929200447,3.343449922882427e-05,0.00770585601273695,-0.03242708592467286
LLLYALLFVLLILLTSLLILI_1,110011001100110000,1,-74.1728,-74.094,-74.2026,-251.639,-250.628,-253.955,-370.306,4713.63,3932.64,3789.62,-32.5646,596.677,-77.0587,551.093,-42.1485,-106.089,26.6405,22.6833,9.18207,6.00981,4.90942,21.904,-103.616,12.3747,18.4457,-348.282,8.943,3.71299,2.39861,1,LLLYALLFVLLILLTSLLILI,YALLFVLLILLTSLL,0.1679586611761098,0.0460015158055372,L,99999900.0,-34.9102,0.02980000000000871,2.3160000000000025,780.9900000000002,-0.04469993213741532,3.815669854928834e-05,0.0029654669073867807,-0.04169656461670442
LLLLTLLVALLLFLIILLILI_1,110011001100110000,1,-45.0899,-45.0899,-45.0899,-246.517,-233.861,-248.182,-368.341,4668.16,3767.94,3615.62,-32.5498,108.854,-109.284,19.4626,-75.0696,-51.7339,101.379,28.8322,9.4838,7.9463,7.96699,96.8817,-54.0792,78.5495,19.5461,-268.034,8.8671,5.21606,4.8943,1,LLLLTLLVALLLFLIILLILI,LTLLVALLLFLIILL,0.3424264648957003,0.0279397534873703,L,99999900.0,-34.21440000000001,0.0,1.664999999999992,900.2199999999998,-0.03800670947101822,0.0,0.0018495478882939642,-0.03615760591855325
LLLLYLLVALLTILFSLLILI_2,110011001100110000,1,-70.5959,-74.2527,-74.2527,-247.686,-242.531,-247.813,-367.467,4601.13,3672.54,3620.88,-32.5469,19.7409,-81.7322,-30.9434,-45.4014,-47.9533,81.1003,19.89,9.08112,4.64154,4.35804,-5.55736,-51.1677,56.5743,18.0,-375.072,9.0744,1.81269,1.16131,2,LLLLYLLVALLTILFSLLILI,LYLLVALLTILFSLL,0.3161094014253854,0.034034513042505,L,99999900.0,-36.3308,3.656800000000004,0.12699999999998113,928.5900000000001,-0.03912469442918834,0.003938013547421363,0.00013676649543930164,-0.03504980669617377
LLLLFVLLLLLATLIILLILI_0,110011001100110000,1,-58.858,-55.3082,-58.858,-250.186,-229.745,-247.753,-372.823,4627.14,3740.42,3599.04,-32.544,17.4902,-96.3231,-70.2794,-66.2115,-61.5864,64.0532,20.0042,9.98561,4.38514,3.84594,19.0305,-58.638,47.7207,18.5491,-355.333,9.3098,1.73799,0.9538,0,LLLLFVLLLLLATLIILLILI,LFVLLLLLATLIILL,0.2903135492319504,0.0796014222588408,L,99999900.0,-30.111599999999996,0.0,-2.433000000000021,886.7200000000003,-0.03395840851678093,0.0,-0.0027438199206063023,-0.0367015517863587
LLLLYALTALLFVLISLLILI_0,110011001100110000,1,-74.1303,-74.1521,-74.1783,-237.323,-225.072,-243.237,-354.44,4581.94,3680.23,3633.64,-32.5348,-18.6577,-75.5217,-73.8742,-37.0247,-51.5004,69.5148,18.3432,10.0828,3.60957,3.15229,-17.1008,-53.4087,57.0913,20.1028,-373.098,9.5,2.21863,1.575,0,LLLLYALTALLFVLISLLILI,LYALTALLFVLISLL,0.4219566955450245,0.0494894326834824,L,99999900.0,-38.49699999999999,0.04799999999998761,5.913999999999987,901.7099999999996,-0.04269332712291093,5.323219216820001e-05,0.006558649676725322,-0.03608122345321668
LLLTVLLGLLLGALLSILILI_2,110011001100110000,1,-73.5295,-68.5948,-60.2723,-223.949,-228.686,-238.303,-368.732,4460.23,3607.75,3699.03,-32.5251,160.028,-103.779,88.5762,-70.1565,-90.521,43.7757,-41.6619,6.85686,5.98787,5.14451,-15.6272,-95.2981,32.0492,-40.7912,-384.856,7.3971,5.12136,4.1021,2,LLLTVLLGLLLGALLSILILI,TVLLGLLLGALLSIL,0.537583498922614,0.0149263958994562,G,99999900.0,-33.6225,-13.257199999999997,14.353999999999985,852.4799999999996,-0.03944080799549552,-0.015551332582582587,0.016837931681681673,-0.03815350506756759
LLLAALLGVLLGLLLSFLILI_0,110011001100110000,1,-73.2331,-67.1337,-60.3304,-218.175,-213.884,-233.994,-348.639,4442.91,3757.1,3664.39,-32.5185,-17.0223,-89.7498,-84.6434,-54.315,-92.3432,44.2264,-46.3378,6.7302,6.32204,5.48544,-16.8168,-85.0833,46.26,-43.2731,-365.661,7.339,5.5076,4.7015,0,LLLAALLGVLLGLLLSFLILI,AALLGVLLGLLLSFL,1.2789998128726052,0.0734058716296409,G,99999900.0,-35.434799999999996,-12.902699999999996,15.818999999999988,685.81,-0.051668537933246814,-0.018813811405491314,0.023066155349149166,-0.04741619398958896
LLLLYWLLTILVALLLSLILI_1,110011001100110000,1,-77.1788,-78.8838,-74.1353,-238.733,-234.859,-252.557,-379.058,4637.75,3754.31,3707.55,-32.481,43.8561,-95.6266,-21.4591,-52.3651,-4.34608,112.554,22.9407,9.34045,2.34666,2.53497,-12.366,-8.04023,93.8271,22.8656,-398.778,9.1939,0.372694,0.280101,1,LLLLYWLLTILVALLLSLILI,LYWLLTILVALLLSL,0.6704477194648284,0.0697190026508642,L,99999900.0,-43.2615,-3.0434999999999945,13.823999999999984,883.44,-0.04896936973648464,-0.0034450556913882035,0.01564792176039118,-0.03676650366748166
LLLLALLLYVLALLLSTLILI_0,110011001100110000,1,-74.0865,-71.0639,-74.2159,-242.049,-222.014,-244.51,-379.191,4588.01,3716.39,3647.62,-32.4637,-7.75216,-95.5188,-93.8652,-60.4645,-8.83926,114.788,27.8575,9.20252,3.32231,3.54414,-8.3303,-14.9392,90.1475,23.3548,-386.943,9.1433,0.910788,0.763,0,LLLLALLLYVLALLLSTLILI,LALLLYVLALLLSTL,0.9079845005050712,0.0788182574640675,L,99999900.0,-35.0543,0.12940000000000396,2.4609999999999843,871.6200000000003,-0.04021741125719922,0.00014845919093183258,0.0028234781211995863,-0.037245244487276556
LLLAILLGLLLGTLLAFLILI_0,110011001100110000,1,-67.5874,-66.0716,-58.718,-224.26,-216.397,-235.079,-346.79,4478.74,3653.73,3503.45,-32.4628,1003.73,-87.4059,939.407,-52.9932,-72.7603,63.3319,-41.8496,6.80773,5.96385,5.41383,969.709,-60.6857,64.7023,-38.4105,656.938,7.3229,4.33767,3.8082,0,LLLAILLGLLLGTLLAFLILI,AILLGLLLGTLLAFL,0.7728092474157404,0.1103657578789902,G,99999900.0,-34.4127,-8.869399999999999,10.819000000000017,825.0099999999998,-0.0417118580380844,-0.010750657567787059,0.013113780439025006,-0.0393483715348905
LLLLVLLTALLFALISLLILI_0,110011001100110000,1,-74.2141,-74.2141,-74.2254,-243.205,-234.178,-241.899,-371.844,4559.12,3669.1,3656.13,-32.4534,-22.8043,-86.8785,-86.2565,-55.7197,-51.1897,64.2607,26.0693,9.03648,2.85366,2.31757,-22.6974,-54.2004,50.1516,26.2942,-394.648,9.153,1.40053,0.652804,0,LLLLVLLTALLFALISLLILI,LVLLTALLFALISLL,0.3525953830422598,0.03063801648665,L,99999900.0,-31.1588,0.011299999999991428,-1.3060000000000116,890.02,-0.03500910091908047,1.2696343902374585e-05,-0.001467382755443711,-0.0364636749735961
LLLLTVLLALLFILLSLLILI_0,110011001100110000,1,-60.3949,-60.3949,-60.4247,-245.037,-224.426,-246.469,-376.793,4586.45,3689.63,3664.31,-32.434,-10.6002,-103.796,-102.573,-69.8997,-52.1179,90.9724,18.3518,9.18532,6.59895,6.46354,-9.77412,-56.6653,65.0607,18.0,-387.394,9.401,3.78299,3.2589,0,LLLLTVLLALLFILLSLLILI,LTVLLALLFILLSLL,0.3632800629905863,0.1439992041185039,L,99999900.0,-33.89630000000001,0.029800000000001603,1.431999999999988,896.8199999999997,-0.03779610178185146,3.322851854329923e-05,0.0015967529716107898,-0.03616556276621843
LLLALLLGALLGTLLSFLILI_0,110011001100110000,1,-87.5111,-82.9814,-73.9598,-217.176,-213.266,-233.4,-356.946,4442.12,3739.07,3599.94,-32.4267,-17.3037,-84.6853,-78.0026,-49.5867,-86.3449,55.5528,-46.3318,6.18455,6.95136,6.28465,-15.1578,-74.197,65.2656,-42.419,-374.25,6.5325,6.44041,5.91939,0,LLLALLLGALLGTLLSFLILI,ALLLGALLGTLLSFL,1.1007760255429335,0.10841874553529,G,99999900.0,-35.0986,-13.551299999999998,16.224000000000018,703.0499999999997,-0.04992333404452032,-0.019275016001706852,0.023076594836782625,-0.04612289310859826
LLLLVILLLTLIALLSFLILI_0,110011001100110000,1,-74.3052,-74.3052,-74.3052,-247.014,-233.908,-246.088,-380.702,4551.58,3769.9,3633.26,-32.3799,13.4158,-91.762,-59.0728,-60.3081,-13.6143,108.97,19.1174,9.64726,3.25305,3.3876,13.575,-13.5638,91.8055,24.6135,-367.286,9.5,0.928318,0.805401,0,LLLLVILLLTLIALLSFLILI,LVILLLTLIALLSFL,0.4268428929023595,0.0708588219868008,L,99999900.0,-31.453899999999997,0.0,-0.9260000000000161,781.6799999999998,-0.04023884453996521,0.0,-0.001184627980759411,-0.0414234725207246
LLLWSLLTLLLGVLLAFLILI_1,110011001100110000,1,-71.0853,-71.4998,-58.686,-232.421,-230.709,-251.005,-354.854,4725.78,3812.23,3602.11,-32.3543,148.58,-83.7021,95.9356,-45.1634,-61.2269,56.9762,-43.5863,7.73997,3.37582,2.73046,102.91,-58.1657,52.5749,-41.2091,-213.576,7.4407,2.32247,1.61109,1,LLLWSLLTLLLGVLLAFLILI,WSLLTLLLGVLLAFL,0.2933771832273317,0.0518989707932593,G,99999900.0,-38.5387,-12.399300000000004,18.584000000000003,913.5499999999997,-0.04218564938974332,-0.013572656121722957,0.02034261945158996,-0.035416014449127044
LLLIALLLALVSLLFTLLILI_0,110011001100110000,1,-74.2855,-74.2855,-74.2855,-233.969,-221.355,-241.665,-369.671,4584.81,3662.92,3664.52,-32.3428,-16.4262,-93.759,-90.4562,-53.7208,-102.238,36.3545,17.796,9.36136,6.74362,5.78893,-17.7979,-106.353,17.491,18.1972,-386.097,9.5,4.81424,3.57661,0,LLLIALLLALVSLLFTLLILI,IALLLALVSLLFTLL,0.7068790913142221,0.0184512285941238,L,99999900.0,-40.0382,0.0,7.695999999999998,921.8900000000003,-0.04343056112985279,0.0,0.008348067556866866,-0.035083144409853655
LLLLAILLAVLALLLSTLILI_1,110011001100110000,1,-74.2272,-74.2272,-74.1978,-236.327,-231.809,-237.41,-380.343,4456.79,3609.87,3609.32,-32.3339,-11.6938,-102.123,-86.0007,-68.7352,-47.9106,91.9799,21.7298,8.81229,6.10387,5.98357,-17.0874,-49.9576,72.3497,21.6342,-397.542,9.2046,3.76085,3.3461,1,LLLLAILLAVLALLLSTLILI,LAILLAVLALLLSTL,0.6912412619338938,0.0292328139443689,L,99999900.0,-33.3878,-0.02939999999999543,1.0829999999999984,846.9200000000001,-0.039422613706135166,-3.471402257591676e-05,0.0012787512397865186,-0.038178222264204406
LLLLVLLLAILFTLLSLLILI_0,110011001100110000,1,-74.1402,-74.1402,-74.1402,-249.492,-234.171,-246.156,-383.961,4577.01,3738.13,3662.23,-32.3251,-17.6623,-92.6538,-93.3129,-63.6655,-47.6593,77.9935,22.4462,9.20704,4.17802,3.84792,-17.6212,-47.5614,60.8613,19.2779,-401.624,9.4842,1.85048,1.2634,0,LLLLVLLLAILFTLLSLLILI,LVLLLAILFTLLSLL,0.3248708936823545,0.0613485431861663,L,99999900.0,-28.988300000000002,0.0,-3.3359999999999843,838.8800000000001,-0.03455595555979401,0.0,-0.003976730879267576,-0.038533640091550636
LLLLTILLFLLALLVILLILI_0,110011001100110000,1,-45.0764,-45.0764,-45.0764,-246.63,-231.275,-248.123,-366.487,4649.78,3661.48,3578.49,-32.2941,17.1939,-107.075,-72.9423,-73.2875,-54.0705,74.8488,25.0585,9.24609,4.71516,4.33789,13.0471,-56.1837,58.5243,19.3261,-349.293,8.9941,2.82834,2.2062,0,LLLLTILLFLLALLVILLILI,LTILLFLLALLVILL,0.3134974000353341,0.0185517903429821,L,99999900.0,-33.78750000000001,0.0,1.492999999999995,988.2999999999997,-0.034187493676009324,0.0,0.001510674896286548,-0.032676414044318536
LLLLVALLFILLYLLSTLILI_2,110011001100110000,1,-74.2427,-72.6767,-74.2131,-250.564,-241.49,-249.441,-367.375,4629.19,3783.65,3680.66,-32.2769,-18.4069,-74.8453,-71.6148,-43.7206,2.34424,125.171,27.2684,9.41234,3.04649,3.42406,-17.1579,-4.47167,99.775,28.0,-382.939,9.5,0.640375,0.637,2,LLLLVALLFILLYLLSTLILI,LVALLFILLYLLSTL,0.3383712858757444,0.0948591740006712,L,99999900.0,-31.124699999999997,-0.02960000000000207,-1.1229999999999905,845.5399999999995,-0.03681044066513709,-3.500721432457611e-05,-0.001328145327246483,-0.03817312013624431
LLLLVALLLILFLLLSTLILI_2,110011001100110000,1,-74.1927,-71.059,-74.2653,-245.337,-238.555,-246.547,-383.832,4589.76,3685.84,3656.24,-32.2079,-19.3597,-96.5101,-93.5775,-63.0196,-11.7237,110.289,21.5239,9.03639,3.14754,3.30187,-11.4526,-15.4674,86.8993,20.4362,-394.024,8.9034,0.551511,0.355,2,LLLLVALLLILFLLLSTLILI,LVALLLILFLLLSTL,0.3126333202686305,0.0825116019514908,L,99999900.0,-33.4905,0.07259999999999422,1.210000000000008,903.9200000000001,-0.037050292061244355,8.031684219841825e-05,0.0013386140366404193,-0.03563136118240552
LLLYALLGLLLGTLLASLILI_0,110011001100110000,1,-86.9978,-79.5256,-74.0156,-220.16,-212.919,-240.087,-356.77,4553.56,3614.03,3611.96,-32.2071,-12.573,-81.8196,-76.8983,-42.6672,-92.1142,55.5606,-39.5322,6.71748,7.81781,7.15122,-11.0622,-97.764,38.4753,-38.0973,-369.343,7.04,6.35877,5.4359,0,LLLYALLGLLLGTLLASLILI,YALLGLLLGTLLASL,0.3853133169809162,0.034120166287256,G,99999900.0,-39.15239999999999,-12.982199999999992,19.926999999999992,939.5300000000002,-0.04167232552446434,-0.013817759943801676,0.021209540940683096,-0.03428001234659882
LLLVSLLALLLYLLATLLILI_2,110011001100110000,1,-62.4279,-62.624,-58.8596,-238.229,-237.249,-244.584,-368.658,4644.09,3677.07,3630.33,-32.2019,-16.874,-100.203,-85.6586,-65.2147,-103.538,40.8725,25.5019,8.97365,7.54846,6.66155,-12.0989,-106.428,19.5913,24.4851,-379.256,8.9302,5.10903,3.9029,2,LLLVSLLALLLYLLATLLILI,VSLLALLLYLLATLL,0.4500990396718689,0.1301969928670145,L,99999900.0,-34.98830000000001,-3.5683000000000007,6.35499999999999,967.02,-0.03618156811648157,-0.0036899960704018537,0.006571735848276137,-0.03330013857003992
LLLALLLTILVALLFSLLILI_1,110011001100110000,1,-73.978,-70.476,-74.1643,-238.97,-239.182,-242.262,-371.223,4525.57,3609.77,3609.09,-32.196,-12.0076,-90.4719,-73.5731,-54.7969,-107.649,26.3973,16.6236,9.37151,6.21092,5.10688,-14.5679,-109.634,7.68067,18.0547,-387.466,9.5,3.98199,2.5972,1,LLLALLLTILVALLFSLLILI,ALLLTILVALLFSLL,0.4837019005323097,0.0203852806541485,L,99999900.0,-35.675000000000004,0.1863000000000028,3.2920000000000016,915.7999999999997,-0.038955012011356205,0.0002034286962218856,0.00359467132561695,-0.035156147630487015
LLLLIVLLFTLALLLSLLILI_1,110011001100110000,1,-74.2598,-74.2598,-74.2626,-248.584,-240.257,-244.76,-379.025,4627.02,3794.06,3631.48,-32.1923,-27.7043,-88.3736,-92.2129,-60.0027,-47.8478,88.4392,27.5185,9.56264,5.61646,5.44305,-16.565,-53.445,64.8076,25.9322,-395.644,9.1809,3.26578,2.73789,1,LLLLIVLLFTLALLLSLLILI,LIVLLFTLALLLSLL,0.4800444436397735,0.0462440152965415,L,99999900.0,-28.3709,0.0028000000000076852,-3.8240000000000123,832.9600000000005,-0.034060339031886266,3.3615059546769154e-06,-0.004590856703803316,-0.03864807433730309
LLLLFLLLIVLYLLLSTLILI_0,110011001100110000,1,-74.1978,-74.0887,-74.1684,-252.579,-234.137,-251.298,-376.511,4623.44,3782.47,3587.05,-32.1815,53.6944,-81.9152,-14.5907,-51.0439,-55.5716,77.1545,24.0723,10.7119,5.2516,4.90892,54.5035,-51.2293,66.1027,23.4186,-322.816,9.2593,3.10826,2.5998,0,LLLLFLLLIVLYLLLSTLILI,LFLLLIVLYLLLSTL,0.1718821460193728,0.0652704152963665,L,99999900.0,-30.871299999999998,-0.02939999999999543,-1.281000000000006,840.9699999999998,-0.03670915728266169,-3.495962995112244e-05,-0.00152324101929915,-0.038267120111300054
LLLLFLLLAVLYLLLSTLILI_2,110011001100110000,1,-74.1684,-74.1151,-74.1684,-243.1,-245.226,-247.339,-369.426,4610.51,3645.07,3566.09,-32.1739,-21.7998,-84.3315,-71.8852,-47.9187,-47.8384,80.268,25.6139,9.48291,4.51194,4.21596,-18.1512,-51.2293,66.1027,23.4186,-390.118,9.2593,3.10826,2.5998,2,LLLLFLLLAVLYLLLSTLILI,LFLLLAVLYLLLSTL,0.3515680836212851,0.0966469072835628,L,99999900.0,-36.412800000000004,0.0,4.239000000000004,965.44,-0.03771627444481273,0.0,0.004390744116672195,-0.033325633907855486
LLLSTLLGALLGVLLGILILI_0,110011001100110000,1,-72.4425,-74.3555,-44.9498,-213.536,-209.861,-250.467,-357.458,4412.42,3471.09,3475.64,-32.1578,7645.29,-103.637,7572.05,-62.0407,-61.6615,68.1827,-33.4777,6.76643,4.95389,4.47663,1898.54,-65.5548,56.8812,-35.0605,7287.83,6.8434,4.01218,3.3654,0,LLLSTLLGALLGVLLGILILI,STLLGALLGVLLGIL,0.7652276383435943,0.0315418283774038,G,99999900.0,-41.5963,-27.492699999999992,36.93100000000001,941.3299999999999,-0.044188860442140376,-0.029206229483815446,0.03923278765151436,-0.0341620898090999
LLLLSYLLAVLFTLLLILILI_1,110011001100110000,1,-68.0618,-61.4915,-58.8845,-234.697,-225.308,-248.239,-355.317,4627.6,3644.47,3494.28,-32.1279,116.546,-84.6857,48.0278,-48.1933,-53.3189,80.1932,16.0077,9.72508,5.32392,5.02682,116.552,-57.7209,63.0677,18.0,-238.721,8.8446,3.67228,3.1183,1,LLLLSYLLAVLFTLLLILILI,LSYLLAVLFTLLLIL,0.3765762964554069,0.0423740392764528,L,99999900.0,-36.492399999999996,-9.177300000000002,13.542000000000002,983.1300000000006,-0.03711859062382388,-0.009334777699795549,0.013774373684049915,-0.032679198071465604
LLLLVALLLLLTILLFSLILI_0,110011001100110000,1,-74.2538,-64.4242,-74.2423,-247.293,-233.074,-246.512,-382.684,4632.23,3706.81,3512.02,-32.1167,75.7563,-93.2533,-9.42952,-61.9287,-9.93149,103.986,23.9574,10.1271,2.02784,2.08763,67.9926,-3.14953,98.5758,19.1098,-306.927,8.9946,0.280163,0.2588,0,LLLLVALLLLLTILLFSLILI,LVALLLLLTILLFSL,0.417751629545012,0.1017010849879223,L,99999900.0,-31.324599999999997,-0.011499999999998067,-0.7810000000000059,925.4199999999996,-0.0338490631280932,-1.2426789998052855e-05,-0.000843941129433129,-0.034704998811350536
LLLLAYLLLTLAVLLASLILI_2,110011001100110000,1,-74.2134,-74.2134,-74.2134,-235.314,-220.187,-239.52,-365.999,4570.82,3580.61,3552.78,-32.1141,87.2575,-88.5855,15.6596,-52.2656,-51.6661,95.7855,14.5007,9.1177,7.18096,7.11774,87.4608,-61.161,61.4936,18.0,-289.388,8.8181,3.97579,3.39819,2,LLLLAYLLLTLAVLLASLILI,LAYLLLTLAVLLASL,0.4512451958794901,0.0371865631494239,L,99999900.0,-36.3199,0.0,4.206000000000017,990.2099999999996,-0.03667898728552531,0.0,0.004247583845850899,-0.032431605417032765
LLLTLLLGALLGVLLGALILI_2,110011001100110000,1,-58.0183,-53.1558,-44.8793,-214.595,-215.28,-229.498,-342.141,4441.19,3721.72,3598.65,-32.1038,-19.7858,-101.631,-93.4913,-67.7642,-91.2628,51.7869,-43.4183,6.34061,7.18066,6.45746,-19.3211,-97.484,35.8407,-36.8474,-360.34,6.7321,5.96109,4.9987,2,LLLTLLLGALLGVLLGALILI,TLLLGALLGVLLGAL,0.8691625775566024,0.0724400949051579,G,99999900.0,-33.8668,-13.139000000000003,14.902999999999992,719.4699999999998,-0.04707187235048022,-0.01826205401198105,0.020713858812737147,-0.04462145746174268
LLLLVALLTILLSLLFALILI_2,110011001100110000,1,-70.6532,-70.6532,-74.2915,-241.461,-231.326,-242.463,-372.904,4537.63,3690.48,3601.74,-32.0984,-20.4952,-92.8886,-91.4205,-56.1497,-5.63639,107.952,26.5415,9.45251,1.91903,2.03832,-17.6291,-6.4439,94.5421,18.8212,-390.332,9.5,0.229768,0.147899,2,LLLLVALLTILLSLLFALILI,LVALLTILLSLLFAL,0.528166800322397,0.0330646613238959,L,99999900.0,-36.738899999999994,3.638300000000001,1.0019999999999811,847.1500000000001,-0.04336764445493713,0.004294752995337308,0.0011827893525349477,-0.03788986602136575
LLLLTYLLAILFVLLLSLILI_2,110011001100110000,1,-60.4159,-60.4159,-60.4159,-237.404,-222.566,-248.368,-359.475,4656.34,3642.71,3532.8,-32.091,3.29127,-93.7462,-73.2016,-50.691,-51.8183,83.8809,19.7209,9.36723,5.59667,5.35488,3.36003,-57.8356,61.3017,20.1938,-356.184,9.2739,3.45107,2.8706,2,LLLLTYLLAILFVLLLSLILI,LTYLLAILFVLLLSL,0.2859835091265691,0.0787351187232569,L,99999900.0,-43.0552,0.0,10.963999999999999,1013.6300000000001,-0.04247624872981265,0.0,0.010816570148870887,-0.031659481270286
LLLLFLLLLALTVLLSILILI_1,110011001100110000,1,-70.6215,-74.0293,-74.2251,-241.073,-237.855,-245.616,-380.492,4587.83,3627.99,3599.18,-32.0892,75.8382,-100.887,7.23056,-60.6515,-51.1442,87.2135,18.1492,9.11147,5.94545,5.75365,-11.9478,-61.0233,60.9634,18.806,-392.193,9.3641,3.88355,3.298,1,LLLLFLLLLALTVLLSILILI,LFLLLLALTVLLSIL,0.3607018416553364,0.0640125914790898,L,99999900.0,-40.2355,3.6036,4.543000000000006,959.8400000000001,-0.04191896566094348,0.0037543757292882144,0.004733080513418909,-0.03343182197032838
LLLYILLGLLLGTLLASLILI_2,110011001100110000,1,-83.0258,-84.3341,-74.0156,-226.321,-215.206,-242.917,-366.336,4552.73,3797.52,3559.45,-32.0771,118.28,-89.066,51.4843,-49.4036,-95.3462,51.9102,-48.4287,6.8681,7.80981,7.08846,-2.33195,-97.764,38.4753,-38.0973,-355.567,7.04,6.35877,5.4359,2,LLLYILLGLLLGTLLASLILI,YILLGLLLGTLLASL,0.3389392134309597,0.0284993242915619,G,99999900.0,-39.662400000000005,-9.010199999999998,16.596000000000004,755.2099999999996,-0.05251837237324721,-0.0119307212563393,0.02197534460613606,-0.04247441109095486
LLLLAVLLLTLALLLSFLILI_1,110011001100110000,1,-74.2318,-74.2318,-74.2024,-237.134,-231.054,-242.533,-376.036,4575.17,3699.77,3663.92,-32.0589,-22.4441,-96.7292,-93.1945,-59.3009,-51.596,80.4192,20.5423,8.70943,5.09599,4.80228,-14.5742,-58.5206,60.8961,19.5178,-391.909,9.0988,3.49906,2.9125,1,LLLLAVLLLTLALLLSFLILI,LAVLLLTLALLLSFL,0.2926945940721854,0.0293456918305208,L,99999900.0,-37.42830000000001,-0.02940000000000964,5.399000000000001,875.4000000000001,-0.042755654557916384,-3.358464701851684e-05,0.006167466301119489,-0.03662200137080192
LLLLVALLLILTILLFLLILI_1,110011001100110000,1,-58.9085,-58.8657,-58.9428,-249.771,-246.621,-248.501,-376.312,4630.23,3673.72,3636.25,-32.0532,21768.4,-99.6861,21697.6,-68.8681,-11.9859,106.981,27.7038,9.82793,2.74027,2.84498,6.14957,-13.802,90.1233,26.0641,-375.268,9.3441,0.73695,0.5888,1,LLLLVALLLILTILLFLLILI,LVALLLILTILLFLL,0.4304771676312695,0.1012605955444415,L,99999900.0,-30.817999999999998,0.034300000000001774,-1.2699999999999818,956.5099999999998,-0.03221921359943963,3.5859531003336906e-05,-0.0013277435677619494,-0.03351057490251017
LLLLFVLLAILALLLSTLILI_0,110011001100110000,1,-74.2293,-74.2293,-74.1999,-243.61,-230.112,-240.694,-368.192,4494.76,3708.49,3624.91,-32.0041,-19.0597,-82.3569,-82.9101,-53.2979,-45.0695,90.09,26.6991,9.63949,5.42258,5.27393,-19.2493,-49.9452,71.2181,28.0,-387.252,9.4728,3.60623,3.1745,0,LLLLFVLLAILALLLSTLILI,LFVLLAILALLLSTL,0.3200879028607464,0.0498506589265285,L,99999900.0,-29.058999999999997,-0.02939999999999543,-2.9160000000000252,786.2700000000004,-0.03695804240273695,-3.7391735663315925e-05,-0.0037086497004845966,-0.04070370229056174
LLLTALLGILLGVLLSLLILI_1,110011001100110000,1,-73.4801,-69.2467,-60.3629,-220.21,-220.398,-240.015,-370.848,4455.97,3639.08,3615.0,-31.9883,236.281,-109.146,155.077,-70.4697,-92.4428,46.3323,-45.6265,6.56016,6.62129,5.81628,-6.53244,-98.6157,38.1977,-36.4813,-377.537,7.493,6.44904,5.522,1,LLLTALLGILLGVLLSLLILI,TALLGILLGVLLSLL,1.170511067514233,0.0587667488419754,G,99999900.0,-38.6763,-13.11719999999999,19.80499999999998,816.8900000000003,-0.047345787070474585,-0.016057486320067555,0.02424439030958877,-0.039158638249947954
LLLVYLLATLLGILLALLILI_0,110011001100110000,1,-69.8685,-70.7631,-58.7295,-224.274,-220.774,-239.987,-358.292,4566.53,3685.74,3627.3,-31.9577,-26.9802,-96.1077,-93.735,-59.5754,-66.7525,58.041,-44.7269,7.01062,4.34842,3.71903,-26.6637,-65.984,55.7173,-41.1231,-385.273,6.918,3.91944,3.2552,0,LLLVYLLATLLGILLALLILI,VYLLATLLGILLALL,0.3537759623451882,0.0803543933710716,G,99999900.0,-36.53229999999999,-11.138999999999996,15.712999999999994,880.79,-0.041476742469828215,-0.012646601346518462,0.01783966666288218,-0.03628299594682047
LLLLTVLLALLFLLASLLILI_0,110011001100110000,1,-60.4091,-60.4091,-60.4091,-238.035,-225.135,-242.781,-342.014,4568.67,3609.68,3591.14,-31.9567,-16.9075,-75.5263,-73.3771,-38.8241,-52.6879,64.8292,24.3031,9.43706,3.15514,2.62758,-15.9392,-57.353,47.189,23.3829,-358.921,9.4811,1.47347,0.681306,0,LLLLTVLLALLFLLASLLILI,LTVLLALLFLLASLL,0.2948193169171578,0.0611843582661842,L,99999900.0,-36.702200000000005,0.0,4.746000000000009,958.9900000000002,-0.03827172337563478,0.0,0.0049489567148771185,-0.03332328804262818
LLLLTALLAILFVLLLSLILI_2,110011001100110000,1,-60.4159,-60.4159,-60.4159,-235.594,-217.293,-242.69,-363.81,4563.03,3583.61,3545.03,-31.9135,7.46893,-99.7143,-78.6323,-60.7042,-50.9991,88.3878,19.3459,9.31752,6.08221,5.90803,7.40918,-57.8356,61.3017,20.1938,-356.341,9.2739,3.45107,2.8706,2,LLLLTALLAILFVLLLSLILI,LTALLAILFVLLLSL,0.4035181855851015,0.055987245741411,L,99999900.0,-39.010099999999994,0.0,7.096000000000004,979.4199999999996,-0.03982979722693023,0.0,0.0072451042453697155,-0.03258408037409897
LLLLTLLAALLFLLVSLLILI_1,110011001100110000,1,-60.3436,-60.3106,-60.3972,-234.838,-235.39,-242.342,-367.063,4638.85,3595.88,3630.74,-31.8918,-27.1695,-103.774,-98.5328,-64.3243,-52.2521,66.4767,19.817,9.20063,3.31218,2.80933,-14.154,-55.9864,47.4723,20.0584,-381.855,8.7171,1.30672,0.518804,1,LLLLTLLAALLFLLVSLLILI,LTLLAALLFLLVSLL,0.310514257837855,0.0503109724567698,L,99999900.0,-39.44970000000001,0.05359999999999587,7.504000000000019,1042.9700000000003,-0.03782438612807655,5.139169870657436e-05,0.007194837818920983,-0.0305778689703443
LLLSYLLFVLLGILLALLILI_0,110011001100110000,1,-66.7019,-58.21,-44.9887,-234.275,-231.562,-252.888,-350.835,4617.46,3666.63,3614.31,-31.8762,908.62,-81.734,847.558,-52.9577,-56.3648,52.9309,-48.3788,7.69353,2.10039,1.39435,866.027,-52.0033,51.666,-44.2967,557.785,7.439,1.27541,0.550401,0,LLLSYLLFVLLGILLALLILI,SYLLFVLLGILLALL,0.5774440109656606,0.0624599162914843,G,99999900.0,-28.776299999999992,-21.713199999999993,18.613,950.8299999999999,-0.03026440057633856,-0.02283604850499037,0.019575528748567043,-0.03352460481894766
LLLAYLLGTLLGILLAALILI_1,110011001100110000,1,-65.9183,-62.8059,-58.7536,-216.774,-215.257,-236.472,-342.66,4473.79,3633.8,3561.19,-31.8506,-22.6808,-91.8187,-87.2782,-47.4342,-76.4068,52.3145,-41.282,6.74963,5.02348,4.30819,-25.9422,-71.7752,52.5548,-41.6943,-368.916,6.762,4.36118,3.6495,1,LLLAYLLGTLLGILLAALILI,AYLLGTLLGILLAAL,0.982989110069084,0.0667098406794789,G,99999900.0,-44.38450000000001,-7.164700000000003,19.698000000000008,839.9899999999998,-0.05283931951570855,-0.008529506303646479,0.023450279169990134,-0.0379178323551471
LLLLALLLAVLTILLSLLILI_0,110011001100110000,1,-70.64,-74.3055,-74.3055,-241.852,-224.129,-241.461,-389.396,4518.2,3680.86,3665.99,-31.8388,-7.61353,-108.743,-98.5755,-73.6292,-47.9488,90.1808,24.0241,9.1351,5.86673,5.71944,-8.25154,-49.0441,69.7266,23.1475,-397.01,9.4231,3.2697,2.8156,0,LLLLALLLAVLTILLSLLILI,LALLLAVLTILLSLL,0.2930474429457227,0.0708779885085749,L,99999900.0,-35.1138,3.6654999999999944,-0.39099999999999113,837.3399999999997,-0.04193493682375141,0.004377552726491026,-0.00046695488093246624,-0.038023741849189115
LLLLAALLAVLFTLLSLLILI_0,110011001100110000,1,-74.1383,-74.1383,-74.1383,-237.188,-222.418,-238.017,-34.1909,4519.03,3617.75,3603.91,-31.8135,-16.5122,245.322,245.853,277.965,-49.8072,83.1036,21.1531,8.49943,5.19007,4.93662,-16.1441,-53.398,64.296,20.1517,-50.7031,8.5941,3.18966,2.6541,0,LLLLAALLAVLFTLLSLLILI,LAALLAVLFTLLSLL,0.3389147098248125,0.02862109813007,L,99999900.0,-32.64299999999997,0.0,0.8290000000000077,901.2799999999997,-0.03621848925971949,0.0,0.000919802946919945,-0.03529813154624535
LLLLLALTALLIFLVSLLILI_0,110011001100110000,1,-74.1462,-73.9712,-74.1002,-243.993,-223.98,-241.671,-372.121,4564.33,3694.52,3655.93,-31.7696,-11.6778,-85.7512,-85.8473,-56.3493,-45.9996,84.3604,19.9407,9.322,4.78859,4.554,-12.489,-51.3244,56.7456,20.2059,-383.799,9.3834,1.85932,1.2105,0,LLLLLALTALLIFLVSLLILI,LLALTALLIFLVSLL,0.3313793425145592,0.0419820713661915,L,99999900.0,-29.401899999999998,-0.04599999999999227,-2.3220000000000027,869.81,-0.03380266954852209,-5.288511284072645e-05,-0.002669548522091035,-0.03652475828054403
LLLTVLLGALLGFLLSALILI_2,110011001100110000,1,-72.8157,-66.135,-60.2187,-213.15,-216.333,-235.168,-341.402,4477.96,3656.79,3632.26,-31.7403,-14.7292,-87.1769,-73.6633,-46.0153,-91.0618,35.2517,-46.4997,6.74692,4.91824,3.94702,-14.0525,-95.479,27.325,-44.2015,-357.357,7.2798,4.51072,3.42059,2,LLLTVLLGALLGFLLSALILI,TVLLGALLGFLLSAL,0.819781771802906,0.0517622253782136,G,99999900.0,-41.1616,-12.597000000000008,22.018,821.1700000000001,-0.05012555256524227,-0.01534030712276387,0.026812961993253528,-0.03865253236236102
LLLLVLLLLTLIALLSFLILI_1,110011001100110000,1,-74.3052,-74.3174,-74.3052,-249.04,-243.605,-246.171,-383.632,4583.36,3767.27,3634.37,-31.7264,-27.9669,-92.0139,-93.6771,-63.1564,-11.0647,111.056,24.9408,9.65544,3.15228,3.31812,-18.1721,-13.5638,91.8055,24.6135,-402.105,9.5,0.928318,0.805401,1,LLLLVLLLLTLIALLSFLILI,LVLLLLTLIALLSFL,0.284173253841651,0.0717746866345818,L,99999900.0,-28.85750000000001,0.0,-2.8689999999999998,816.0899999999997,-0.03536068325797402,0.0,-0.003515543628766436,-0.038876104351235785
LLLLFLLATLLGYLLSILILI_0,110011001100110000,1,-76.3792,-75.4692,-74.0056,-234.023,-221.805,-245.466,-359.39,4659.21,3678.18,3624.33,-31.6928,-17.902,-80.6812,-80.0181,-39.9192,-72.2379,70.4289,-42.1327,7.55117,6.84359,6.40002,-17.8493,-75.6695,54.0605,-40.3366,-377.292,7.5,5.14859,4.4595,0,LLLLFLLATLLGYLLSILILI,LFLLATLLGYLLSIL,0.4595369975907126,0.0518402730691943,G,99999900.0,-40.76200000000001,-2.373599999999996,11.443000000000012,981.0300000000002,-0.04155020743504276,-0.002419497874682727,0.011664271225140934,-0.032305637951948456
LLLLSALLAVLFTLLLILILI_2,110011001100110000,1,-67.8823,-60.8952,-58.8845,-232.27,-221.465,-242.774,-360.175,4535.63,3665.55,3506.96,-31.6846,114.328,-91.7078,36.5131,-58.5162,-52.5169,84.1231,16.9499,9.73251,5.73415,5.496,111.227,-57.7209,63.0677,18.0,-240.827,8.8446,3.67228,3.1183,2,LLLLSALLAVLFTLLLILILI,LSALLAVLFTLLLIL,0.3336907882912766,0.1120445135155156,L,99999900.0,-33.19160000000001,-8.997799999999998,10.50399999999999,870.0799999999999,-0.03814775652813536,-0.010341347922030156,0.012072453107760197,-0.03641573188672306
LLLSTLLGLLLGVLLAILILI_1,110011001100110000,1,-71.0436,-66.8559,-44.9506,-220.268,-219.847,-254.242,-371.215,4471.82,3571.78,3533.83,-31.6734,-25.5438,-111.577,-110.056,-72.0221,-75.4243,61.7467,-37.397,6.65905,6.14945,5.57565,-12.7114,-70.6341,63.5646,-35.8262,-386.214,6.7474,5.67633,5.1298,1,LLLSTLLGLLLGVLLAILILI,STLLGLLLGVLLAIL,0.9882059335350504,0.1271550480046663,G,99999900.0,-39.5549,-26.092999999999996,33.97399999999999,900.0399999999995,-0.04394793564730459,-0.0289909337362784,0.03774721123505623,-0.03519110261766146
LLLAALLTILLSLLYVLLILI_1,110011001100110000,1,-70.6849,-74.3228,-74.3228,-247.482,-240.907,-245.231,-380.061,4538.72,3744.23,3687.66,-31.6704,3.50919,-93.5643,-61.322,-60.5065,-97.1198,40.5358,21.9948,9.25284,6.5403,5.64834,-12.7125,-99.2526,18.5861,24.7801,-395.284,9.1248,3.89701,2.6758,1,LLLAALLTILLSLLYVLLILI,AALLTILLSLLYVLL,0.2076346086767918,0.035757764931099,L,99999900.0,-33.0578,3.637900000000002,-2.2510000000000048,794.4900000000002,-0.0416088308222885,0.004578912258178204,-0.0028332641065337565,-0.0398625533361024
LLLLTVLLAILYLLLSALILI_2,110011001100110000,1,-60.3923,-60.3923,-60.3923,-242.548,-235.393,-244.727,-369.582,4574.47,3653.42,3568.13,-31.6429,-27.1381,-98.2851,-100.936,-64.4628,-45.241,101.147,25.8466,9.10684,6.94098,6.95818,-20.1167,-51.0509,77.9264,26.2034,-389.85,9.0772,4.6777,4.3466,2,LLLLTVLLAILYLLLSALILI,LTVLLAILYLLLSAL,0.4165229055462195,0.0197755484541594,L,99999900.0,-33.8223,0.0,2.179000000000002,921.0500000000002,-0.036721459204169145,0.0,0.0023657781879376817,-0.03435524672927636
LLLLSILFVLLATLALLLILI_2,110011001100110000,1,-64.7714,-66.8677,-58.9036,-240.4,-227.156,-241.943,-357.812,4545.98,3816.29,3747.13,-31.641,53.6787,-84.2819,-10.1104,-56.9655,-95.7396,33.6979,30.3652,9.4435,5.41016,4.41563,47.8501,-94.2786,13.1421,23.187,-304.015,9.5,2.41597,1.1131,2,LLLLSILFVLLATLALLLILI,LSILFVLLATLALLL,0.2381876834099315,0.0279382938285252,L,99999900.0,-27.316399999999994,-5.867800000000003,1.5430000000000064,729.6899999999996,-0.03743562334690075,-0.008041497074099967,0.0021145966095191208,-0.04336224972248491
LLLTFLLGILLGALLGSLILI_1,110011001100110000,1,-69.5499,-69.8812,-60.2593,-214.739,-210.774,-237.551,-340.856,4516.93,3520.49,3484.76,-31.6214,-21.0813,-88.1888,-81.2823,-43.0455,-85.6925,31.2999,-44.0206,7.52438,3.57936,2.54886,-29.303,-80.0419,31.8268,-44.1909,-370.131,7.2939,2.8029,1.7803,1,LLLTFLLGILLGALLGSLILI,TFLLGILLGALLGSL,1.3064221026827056,0.1341259661745908,G,99999900.0,-45.1433,-9.29059999999999,22.811999999999983,996.4400000000005,-0.04530458432017982,-0.009323792702019175,0.02289350086307251,-0.031734374372767035
LLLLALLLTVLIALLFSLILI_2,110011001100110000,1,-70.5736,-74.0142,-74.1917,-235.501,-226.697,-242.524,-368.385,4563.46,3645.27,3634.56,-31.5825,-8.99619,-93.8928,-76.6698,-51.6695,-9.38225,109.483,25.2105,9.2249,2.68758,2.82983,-4.34848,-16.1108,85.7945,18.2467,-373.394,9.3989,0.498883,0.285801,2,LLLLALLLTVLIALLFSLILI,LALLLTVLIALLFSL,0.5271670721543509,0.0408847393850525,L,99999900.0,-42.223299999999995,3.6180999999999983,7.022999999999996,918.19,-0.04598536250667072,0.003940469837397487,0.007648743724065821,-0.03439647567496923
LLLLAVLLALLLILLSTLILI_1,110011001100110000,1,-74.1912,-74.1912,-74.1912,-240.706,-234.858,-241.492,-390.584,4528.81,3677.79,3708.68,-31.5344,-20.3522,-107.221,-101.887,-74.9004,-52.1301,87.6153,20.0717,9.27062,6.14759,5.96182,-13.162,-59.2256,60.857,18.0467,-403.713,9.5,3.59954,3.0124,1,LLLLAVLLALLLILLSTLILI,LAVLLALLLILLSTL,0.2389348039202644,0.0097040539074735,L,99999900.0,-32.3206,0.0,0.7860000000000014,851.0200000000004,-0.03797866090103638,0.0,0.0009235975652746128,-0.03705482832365865
LLLLFVLAILLATLYSLLILI_2,110011001100110000,1,-74.1478,-74.1478,-74.1478,-247.356,-243.988,-241.48,-354.405,4586.09,3920.93,3856.23,-31.5119,-17.1489,-64.4129,-53.418,-38.7767,-95.5795,25.9316,26.6018,9.22507,4.33769,3.22666,-7.24611,-95.2993,8.2247,24.1394,-361.931,9.5,1.90523,0.528601,2,LLLLFVLAILLATLYSLLILI,LFVLAILLATLYSLL,0.1380629205295497,0.0387860316661088,L,99999900.0,-25.636199999999995,0.0,-5.876000000000005,665.1600000000003,-0.038541403572072856,0.0,-0.008833964760358413,-0.047374917313127644
LLLVALLTALLALLFSLLILI_2,110011001100110000,1,-74.0848,-70.5842,-74.2306,-241.062,-236.378,-238.839,333.871,4526.07,3690.0,3729.93,-31.5071,-9.66843,617.51,631.164,646.941,-104.414,23.1581,22.2537,9.13109,5.28848,4.13585,-14.4469,-103.723,3.9343,27.5002,318.296,9.1841,2.58958,1.14859,2,LLLVALLTALLALLFSLLILI,VALLTALLALLFSLL,0.3731223525514865,0.0383699633084439,L,99999900.0,-29.43100000000004,0.14579999999999416,-2.223000000000013,836.0699999999997,-0.03520159795232462,0.00017438731206716448,-0.0026588682765797287,-0.03768476323752797
LLLLVALLLLLTILLFLLILI_2,110011001100110000,1,-59.0074,-49.242,-58.9959,-247.99,-248.402,-248.538,-378.855,4672.81,3750.11,3543.43,-31.5027,135.25,-103.36,54.0397,-71.3207,-15.7032,96.1321,30.0221,10.1282,1.83331,1.77529,123.959,-10.5055,89.5832,26.7676,-238.729,8.6395,0.169552,0.0132994,2,LLLLVALLLLLTILLFLLILI,LVALLLLLTILLFLL,0.3136498589922193,0.0888425515995046,L,99999900.0,-32.0393,-0.011499999999998067,0.5480000000000018,922.7000000000003,-0.03472342039666196,-1.2463422564211623e-05,0.0005939091795816643,-0.034141866262056994
LLLSYLLILLLGTLLAFLILI_2,110011001100110000,1,-77.5021,-80.5431,-58.7724,-235.899,-233.19,-254.115,-358.48,4648.53,3755.63,3610.15,-31.4653,76.6867,-76.5443,31.9396,-45.5928,-59.2179,59.6636,-44.173,7.74884,3.43728,2.83223,60.5926,-58.1657,52.5749,-41.2091,-281.794,7.4407,2.32247,1.61109,2,LLLSYLLILLLGTLLAFLILI,SYLLILLLGTLLAFL,0.3463557759222106,0.0601204914912728,G,99999900.0,-30.95150000000001,-18.7297,18.216000000000008,892.8999999999996,-0.034664016127225916,-0.020976257139657305,0.020400940754843784,-0.03523944450666369
LLLLAVLLALLLILLITLILI_1,110011001100110000,1,-58.8692,-58.8692,-58.8692,-243.117,-238.82,-243.81,-383.518,4572.6,3711.14,3683.33,-31.4312,16.2595,-112.963,-69.5693,-80.8394,-51.6268,84.3134,26.4132,9.40976,5.62632,5.39102,17.7074,-59.2256,60.857,18.0467,-365.666,9.5,3.59954,3.0124,1,LLLLAVLLALLLILLITLILI,LAVLLALLLILLITL,0.359874220940221,0.0358808129886759,L,99999900.0,-32.123599999999996,0.0,0.693000000000012,861.4600000000005,-0.03728971745641119,0.0,0.0008044482622524687,-0.036485965686160686
LLLLTVLAALLFLLISLLILI_2,110011001100110000,1,-60.3557,-60.4091,-60.4091,-235.777,-229.254,-242.481,-363.488,4599.47,3591.76,3608.8,-31.4167,-23.5923,-98.7724,-97.4179,-60.5988,-52.749,62.8397,24.3255,9.33748,2.89571,2.33831,-19.1481,-57.353,47.189,23.3829,-382.676,9.4811,1.47347,0.681306,2,LLLLTVLAALLFLLISLLILI,LTVLAALLFLLISLL,0.3247908662119208,0.0707943332841186,L,99999900.0,-38.17360000000001,0.053400000000003445,6.704000000000008,1007.71,-0.03788153337765826,5.299143602822582e-05,0.006652707624217292,-0.031176330491907392
LLLLIVLTWLLILLFSLLILI_1,110011001100110000,1,-74.1791,-74.1791,-74.1249,-255.108,-237.818,-254.521,-386.82,4661.15,3724.95,3587.65,-31.3827,-14.4524,-88.915,-89.2748,-58.1737,-44.4652,80.8235,23.8513,9.65642,4.08096,3.79331,-5.71915,-52.9378,51.7149,25.2458,-392.29,9.0311,1.42218,0.697903,1,LLLLIVLTWLLILLFSLLILI,LIVLTWLLILLFSLL,0.7129407484712648,0.0719018601823211,L,99999900.0,-30.74130000000001,-0.054200000000008686,-0.5870000000000175,936.1999999999998,-0.03283625293740655,-5.7893612475975965e-05,-0.0006270027771843812,-0.0335213629566332
LLLYALLGLLLGVLLASLILI_2,110011001100110000,1,-73.826,-73.5121,-60.2828,-218.11,-217.145,-239.493,-350.551,4579.44,3624.25,3683.95,-31.3768,-29.2379,-89.9919,-89.1325,-50.7756,-92.9762,54.4066,-41.0873,6.46646,7.79133,7.10743,-27.0262,-85.2491,54.6423,-40.0514,-377.46,6.6215,6.66407,5.9837,2,LLLYALLGLLLGVLLASLILI,YALLGLLLGVLLASL,0.8664648845920989,0.0873650629260294,G,99999900.0,-39.216300000000004,-13.543199999999992,21.38299999999998,955.1899999999996,-0.04105602026821891,-0.014178540395104636,0.022386122132769387,-0.03284875260419394
LLLSYLLGLLLGALLGTLILI_2,110011001100110000,1,-83.9223,-80.5458,-58.7136,-220.059,-215.593,-246.157,-354.053,4505.71,3649.67,3667.39,-31.3665,-26.2844,-81.4382,-84.1989,-49.1829,-83.914,39.5604,-41.0689,6.89505,4.42775,3.52116,-24.0648,-87.8363,33.3963,-37.1588,-377.464,7.4752,4.18395,3.1849,2,LLLSYLLGLLLGALLGTLILI,SYLLGLLLGALLGTL,0.9501427553088018,0.0605486757198489,G,99999900.0,-32.2553,-25.208700000000007,26.098000000000013,856.04,-0.0376796645016588,-0.029448039811223785,0.030486893135834792,-0.03664139526190365
LLLSYLLVALLGLLLGFLILI_2,110011001100110000,1,-63.4627,-62.4916,-44.9412,-232.247,-227.768,-249.798,-340.968,4597.83,3813.77,3559.34,-31.3426,37703.7,-76.6006,37653.0,-46.229,-58.4163,65.6615,-44.546,8.1213,4.12674,3.61167,37067.7,-56.9491,49.4969,-37.5681,37343.7,7.4308,1.72445,0.966904,2,LLLSYLLVALLGLLLGFLILI,SYLLVALLGLLLGFL,0.5846624611103467,0.0077118278870199,G,99999900.0,-30.3716,-18.521499999999996,17.550999999999988,784.06,-0.03873632119990818,-0.023622554396347216,0.022384766471953664,-0.039974746830599706
LLLLALLFLLTSLLYVLLILI_2,110011001100110000,1,-74.1045,-74.1045,-74.3471,-237.495,-235.486,-249.339,-370.09,4676.75,3624.65,3682.6,-31.3395,-26.5052,-89.8304,-87.0044,-46.4038,-100.536,42.0105,27.497,9.24836,7.25174,6.3819,-18.0128,-104.748,22.8853,27.2234,-389.305,9.1205,5.30171,4.14499,2,LLLLALLFLLTSLLYVLLILI,LALLFLLTSLLYVLL,0.3892397242080017,0.0299725138796575,L,99999900.0,-43.4266,0.24259999999999593,11.843999999999994,1052.1,-0.04127611443779109,0.00023058644615530459,0.011257485029940116,-0.02978756772169946
LLLLAALLFLLTALLFSLILI_2,110011001100110000,1,-74.1994,-74.2929,-74.1994,-228.351,-214.033,-241.43,-351.576,4615.82,3607.3,3515.93,-31.3366,17.685,-80.3619,-45.5645,-35.9467,-7.81933,108.172,27.2147,9.07284,2.27613,2.39872,16.5889,-10.97,92.972,21.0294,-333.891,8.5,0.69672,0.5913,2,LLLLAALLFLLTALLFSLILI,LAALLFLLTALLFSL,0.3947164519581287,0.0200159060614311,L,99999900.0,-44.415200000000006,0.0,13.079000000000008,1008.5199999999995,-0.0440399793757189,0.0,0.012968508309205583,-0.031071867687304185
LLLLALLYVLTFLLASLLILI_0,110011001100110000,1,-74.1261,-74.1261,-74.1261,-241.4,-225.802,-244.095,-361.655,4603.44,3780.73,3726.0,-31.3273,-13.4598,-77.456,-75.1861,-43.4341,-97.2748,39.8596,18.7333,9.64474,6.47227,5.57016,-15.8329,-99.1745,22.4175,18.2946,-375.114,9.5,4.40254,3.2388,0,LLLLALLYVLTFLLASLLILI,LALLYVLTFLLASLL,0.7498075712210145,0.1332423154961722,L,99999900.0,-34.0219,0.0,2.694999999999993,822.7099999999996,-0.041353453829417436,0.0,0.003275759380583674,-0.03807818064688653
LLLLALLLAVLFILLSTLILI_1,110011001100110000,1,-74.1445,-74.1742,-74.1742,-245.768,-239.257,-242.589,-372.617,4527.72,3700.54,3632.48,-31.2938,-16.0479,-83.9986,-75.2338,-55.8545,-42.9957,89.4272,20.7912,9.21481,5.02203,4.86344,-20.1843,-48.0588,67.1612,19.6216,-391.212,9.5,2.77558,2.283,1,LLLLALLLAVLFILLSTLILI,LALLLAVLFILLSTL,0.2408395733085941,0.0247825570785693,L,99999900.0,-28.144099999999995,0.02970000000000539,-3.179000000000002,827.1800000000003,-0.034024154355762934,3.590512343142409e-05,-0.0038431780265480316,-0.0378319108295655
LLLLALLLYVLFLLLSTLILI_2,110011001100110000,1,-72.6063,-71.0639,-74.2159,-243.889,-227.041,-249.566,-373.025,4624.11,3750.33,3661.5,-31.277,-9.70696,-87.8063,-84.627,-49.2432,-8.13307,112.579,25.051,9.09633,2.91815,3.10683,-9.82948,-14.9392,90.1475,23.3548,-382.732,9.1433,0.910788,0.763,2,LLLLALLLYVLFLLLSTLILI,LALLLYVLFLLLSTL,0.8286727408611348,0.0296839156800383,L,99999900.0,-38.56309999999999,1.6096000000000004,5.6769999999999925,873.7799999999997,-0.044133649202316376,0.0018421112865938804,0.0064970587562086495,-0.0357950513859324
LLLLWVLLALLAILTSLLILI_0,110011001100110000,1,-74.2268,-74.2268,-74.2268,-242.409,-218.214,-243.261,-384.791,4522.25,3634.35,3640.47,-31.27,-2.25834,-99.425,-94.6085,-67.3027,-54.6043,85.2549,16.6844,9.09682,6.20007,5.97889,-1.37548,-59.9714,54.2759,21.2659,-387.049,9.1374,2.82296,2.1371,0,LLLLWVLLALLAILTSLLILI,LWVLLALLAILTSLL,0.2073890292792211,0.0204079952267168,L,99999900.0,-32.122299999999996,0.0,0.8520000000000039,887.9000000000001,-0.03617783534181777,0.0,0.0009595675188647412,-0.03521792994706611
LLLTALLGVLLGLLLGSLILI_1,110011001100110000,1,-73.7149,-69.3428,-60.2321,-211.45,-214.308,-235.925,-359.498,4464.5,3442.87,3501.99,-31.2484,-5.01502,-105.581,-80.8623,-63.3406,-80.9469,32.8372,-41.4754,6.73007,3.07506,2.06762,-11.9997,-76.9679,35.2534,-45.0,-370.804,6.6086,2.8044,1.8332,1,LLLTALLGVLLGLLLGSLILI,TALLGVLLGLLLGSL,1.067887507660803,0.0374037992191124,G,99999900.0,-42.2404,-13.482799999999997,24.475000000000023,1021.6300000000001,-0.04134608419878038,-0.013197341503283964,0.023956814110783767,-0.03058680735687088
LLLLYFLLATLVALLLSLILI_1,110011001100110000,1,-74.1508,-74.1508,-74.1508,-235.093,-223.702,-241.576,-357.084,4580.29,3624.2,3590.98,-31.2284,-20.8099,-79.0686,-80.0416,-41.357,-9.2148,107.689,26.9545,9.41802,2.42028,2.53562,-16.9528,-12.5847,91.0213,18.8903,-373.476,8.9604,0.675581,0.540901,1,LLLLYFLLATLVALLLSLILI,LYFLLATLVALLLSL,0.502847535591404,0.090015808900043,L,99999900.0,-37.711600000000004,0.0,6.483000000000004,956.0900000000001,-0.03944356702820864,0.0,0.006780742398728157,-0.03266261544415274
LLLLALLILLTSLLFVLLILI_2,110011001100110000,1,-74.2531,-74.1675,-74.2817,-246.791,-243.66,-246.67,-382.743,4636.79,3766.58,3798.91,-31.2239,-23.4748,-92.9225,-88.3901,-61.7915,-98.3713,18.7356,27.1511,9.5308,3.785,2.56603,-21.3384,-98.8508,7.42719,28.0,-402.504,9.5,2.33029,0.941698,2,LLLLALLILLTSLLFVLLILI,LALLILLTSLLFVLL,0.3787558092779857,0.060116213869004,L,99999900.0,-31.131,0.028599999999997294,-0.12100000000000932,870.21,-0.03577412348743406,3.28656301352516e-05,-0.00013904689672608833,-0.0358808793279783
LLLLFLLLAVLALLLSTLILI_0,110011001100110000,1,-74.1978,-74.1978,-74.1684,-238.609,-223.257,-240.23,-370.507,4537.86,3672.15,3636.44,-31.2129,-15.0395,-88.9138,-88.0919,-56.1091,-46.8678,83.8226,24.3046,9.39615,4.84622,4.60356,-14.1623,-51.2293,66.1027,23.4186,-385.547,9.2593,3.10826,2.5998,0,LLLLFLLLAVLALLLSTLILI,LFLLLAVLALLLSTL,0.2879564918813936,0.0289695882102359,L,99999900.0,-32.8047,-0.02939999999999543,1.620999999999981,865.7099999999996,-0.037893405412898096,-3.396056416120346e-05,0.0018724515137863507,-0.036054683439026944
LLLYVLLGILLGALLAFLILI_0,110011001100110000,1,-54.8382,-50.855,-44.9417,-223.673,-219.463,-241.935,-325.403,4575.09,3768.24,3697.76,-31.2079,-14.1231,-78.0999,-69.2079,-38.5265,-79.9596,47.5334,-44.7766,6.73878,4.91095,4.12395,-13.8558,-75.4208,48.7219,-40.9997,-339.526,7.4067,4.39057,3.6214,0,LLLYVLLGILLGALLAFLILI,YVLLGILLGALLAFL,0.8186935322745356,0.0636654743605529,G,99999900.0,-39.57340000000001,-9.896500000000003,18.262,806.8500000000004,-0.04904678688727767,-0.012265600793208153,0.022633698952717347,-0.038678688727768466
LLLLAVLLLTLAALLSFLILI_0,110011001100110000,1,-74.1882,-74.1882,-74.1882,-236.104,-223.454,-238.85,-364.941,4530.33,3667.16,3683.09,-31.1952,-13.1336,-85.8449,-80.4333,-51.9038,-49.8094,86.575,20.8783,8.63068,5.65904,5.45766,-12.6783,-58.5206,60.8961,19.5178,-378.075,9.0988,3.49906,2.9125,0,LLLLAVLLLTLAALLSFLILI,LAVLLLTLAALLSFL,0.2848415369880415,0.03551898446702,L,99999900.0,-33.9411,0.0,2.745999999999981,863.1700000000001,-0.03932145463813617,0.0,0.0031812968476661384,-0.036140273642503794
LLLLVALLFILAYLLSTLILI_1,110011001100110000,1,-74.2427,-72.6767,-74.2131,-245.617,-243.761,-245.101,-355.142,4605.58,3734.07,3664.65,-31.1825,-23.7776,-66.4642,-62.4813,-35.8279,1.90401,123.437,26.235,9.42579,2.87838,3.22993,-15.103,-4.47167,99.775,28.0,-370.121,9.5,0.640375,0.637,1,LLLLVALLFILAYLLSTLILI,LVALLFILAYLLSTL,0.3112470464007169,0.0233894806135795,L,99999900.0,-30.636300000000006,-0.02960000000000207,-0.5159999999999911,871.5099999999998,-0.035153125035857324,-3.3964039425826524e-05,-0.0005920758224231406,-0.03577985335796492
LLLFSLLLALVALLLTLLILI_0,110011001100110000,1,-62.5701,-66.7518,-58.8864,-229.199,-220.639,-243.014,-363.078,4592.07,3649.01,3692.86,-31.1645,-17.3347,-102.474,-93.0223,-61.178,-104.417,29.7028,24.4818,9.03092,6.17238,5.11792,-17.6303,-106.959,11.5744,28.0,-380.413,9.0662,4.10639,2.78001,0,LLLFSLLLALVALLLTLLILI,FSLLLALVALLLTLL,0.9081124231760216,0.0732331474119035,L,99999900.0,-41.29600000000001,-3.6836999999999946,13.814999999999998,943.0599999999995,-0.043789366530231404,-0.0039061141390791644,0.014649120946705412,-0.033046147647021414
LLLLVILTALLYLLLALLILI_2,110011001100110000,1,-58.8816,-58.8589,-58.893,-243.688,-220.915,-245.56,-371.87,4638.36,3695.79,3741.7,-31.1617,26.6435,-100.462,-65.4528,-67.4175,-51.964,71.8801,17.0616,9.48547,3.99841,3.57661,23.541,-55.1176,48.7684,24.8389,-345.227,9.1107,1.35137,0.582896,2,LLLLVILTALLYLLLALLILI,LVILTALLYLLLALL,0.762315210198282,0.0878329448152733,L,99999900.0,-33.0445,0.011400000000001853,1.872000000000014,942.5699999999997,-0.03505787368577401,1.2094592444064479e-05,0.001986059390814491,-0.03306035626001253
LLLTALLGILLGVLLSALILI_0,110011001100110000,1,-74.4994,-67.4987,-60.3306,-215.963,-215.429,-238.369,-360.403,4449.35,3616.43,3631.44,-31.1507,-22.2958,-101.091,-99.7715,-61.7035,-91.6532,42.3821,-42.4704,6.8451,5.96957,5.10531,-22.4687,-93.3671,39.4676,-41.6262,-382.699,7.1125,5.83319,4.9252,0,LLLTALLGILLGVLLSALILI,TALLGILLGVLLSAL,1.074394397870315,0.0613230995837998,G,99999900.0,-39.387499999999996,-14.168799999999997,22.406000000000006,832.9200000000005,-0.047288455073716526,-0.017010997454737536,0.026900542669163894,-0.037399390097488334
LLLFGLLATLLGVLLSLLILI_0,110011001100110000,1,-71.0782,-65.8862,-74.1264,-230.58,-222.614,-235.085,-357.212,4553.55,3680.07,3728.36,-31.1229,-20.4364,-86.6768,-89.1478,-47.9997,-67.7405,62.2765,-42.4509,7.53575,5.06839,4.50254,-20.1112,-73.2508,43.1479,-42.798,-377.648,7.4823,3.31258,2.4598,0,LLLFGLLATLLGVLLSLLILI,FGLLATLLGVLLSLL,0.4636231376279885,0.0499627582669887,G,99999900.0,-38.6771,3.0482000000000085,4.5049999999999955,873.48,-0.044279319503594816,0.0034897192837844123,0.0051575307963548055,-0.03563092457755186
LLLTLLLGVLLGALLAFLILI_2,110011001100110000,1,-56.1696,-47.2181,-44.9757,-217.91,-214.105,-238.144,-338.661,4510.39,3735.16,3730.31,-31.1074,-8.52508,-95.6891,-85.8631,-55.5408,-92.323,31.2817,-44.8886,6.69349,4.57148,3.54071,-8.26595,-92.2092,24.1928,-42.7136,-347.186,7.3162,3.59741,2.4603,2,LLLTLLLGVLLGALLAFLILI,TLLLGVLLGALLAFL,1.3603449722194594,0.1162210011559881,G,99999900.0,-40.1483,-11.1939,20.23400000000001,775.2300000000005,-0.05178888845890894,-0.014439456677373157,0.026100641100060624,-0.04012667208441363
LLLLLLLTALLIVLISLLILI_0,110011001100110000,1,-74.1746,-74.1769,-74.2419,-248.659,-236.655,-244.504,-397.494,4572.06,3708.49,3563.45,-31.0807,32.2296,-105.742,-54.4325,-78.7485,-45.4284,73.2895,20.8006,9.96605,3.20834,2.80769,33.0211,-52.9378,51.7149,25.2458,-365.265,9.0311,1.42218,0.697903,0,LLLLLLLTALLIVLISLLILI,LLLLTALLIVLISLL,0.3450672845156851,0.0775154923180106,L,99999900.0,-26.993499999999997,0.06730000000000302,-4.155000000000001,863.5700000000006,-0.0312580335120488,7.793230427180538e-05,-0.004811422351401737,-0.035990944567319355
LLLYFLLATLLGILLALLILI_1,110011001100110000,1,-66.2998,-65.9438,-58.7599,-228.477,-228.204,-248.144,-346.686,4690.38,3763.49,3711.86,-31.0751,-10.5857,-82.9841,-63.123,-39.782,-66.4453,54.7534,-48.225,7.01263,3.8585,3.1798,-17.2337,-63.7124,52.8763,-44.516,-362.158,6.9734,3.19516,2.4883,1,LLLYFLLATLLGILLALLILI,YFLLATLLGILLALL,0.2785531567023678,0.0770365071872632,G,99999900.0,-43.2021,-7.539900000000003,19.667,926.8900000000003,-0.04660973794085597,-0.008134622231332737,0.021218267539837514,-0.03352620052001854
LLLLALLTVLLALLFSLLILI_1,110011001100110000,1,-70.5176,-74.2722,-74.2722,-241.76,-234.352,-242.468,-376.556,4577.22,3766.19,3735.64,-31.0321,-12.8972,-95.3108,-80.8294,-59.8161,-104.808,19.5423,17.6172,9.08603,4.85936,3.65249,-16.6142,-102.525,9.41563,21.6565,-393.736,9.0937,3.14986,1.79109,1,LLLLALLTVLLALLFSLLILI,LALLTVLLALLFSLL,0.3874530145565089,0.0064147490136632,L,99999900.0,-35.4947,3.7545999999999964,0.7079999999999984,811.0300000000002,-0.04376496553764965,0.0046294218462942125,0.0008729640087296379,-0.03826257968262579
LLLLTVLLALLILLISLLILI_0,110011001100110000,1,-60.3824,-60.3391,-60.4091,-247.088,-228.143,-245.606,-390.204,4583.48,3753.25,3624.81,-31.0171,4.28967,-113.751,-97.4314,-84.1882,-50.1769,74.963,22.8224,9.94976,4.14654,3.77099,4.44771,-57.353,47.189,23.3829,-385.914,9.4811,1.47347,0.681306,0,LLLLTVLLALLILLISLLILI,LTVLLALLILLISLL,0.3334321175208606,0.0672023609430553,L,99999900.0,-29.56280000000001,0.026700000000005275,-1.4819999999999993,830.2299999999996,-0.03560796405815259,3.215976295725918e-05,-0.0017850475169531336,-0.03735964732664444
LLLLALLLFVLATLLSILILI_0,110011001100110000,1,-74.1441,-74.1441,-74.1441,-242.38,-233.229,-242.443,-372.207,4540.72,3608.26,3658.99,-31.0105,-17.9382,-86.6936,-82.7726,-55.6199,-52.6445,84.1814,23.7929,9.08592,5.76117,5.52389,-17.8475,-54.4487,65.1033,28.0,-390.145,9.5,3.45625,2.9328,0,LLLLALLLFVLATLLSILILI,LALLLFVLATLLSIL,0.3246655256633582,0.0475797985937252,L,99999900.0,-31.073700000000002,0.0,0.0630000000000166,932.46,-0.03332443214722348,0.0,6.756321987003904e-05,-0.03325665444094116
LLLLLLLLAVLAILLSTLILI_0,110011001100110000,1,-74.1793,-74.1793,-74.1793,-247.067,-229.318,-240.677,-390.865,4493.12,3781.35,3614.9,-30.9976,-15.62,-100.616,-102.988,-76.009,-49.6362,93.8118,34.0179,8.96318,6.61002,6.5172,-15.5093,-51.9769,68.2057,27.0969,-406.485,8.9741,3.50431,3.0274,0,LLLLLLLLAVLAILLSTLILI,LLLLLAVLAILLSTL,0.234396603917964,0.0577581102773338,L,99999900.0,-24.607,0.0,-6.390000000000015,711.77,-0.03457156103797575,0.0,-0.008977619174733432,-0.043550023181645754
LLLLLFLLAILYVLLLTLILI_0,110011001100110000,1,-58.8948,-58.8948,-58.8948,-245.603,-227.679,-250.295,-363.378,4639.45,3790.99,3730.38,-30.9855,-10.2629,-89.8651,-87.0666,-54.1878,-52.5864,94.2505,25.8103,9.02276,7.11178,7.02554,-9.31124,-58.8493,70.7487,27.494,-373.641,9.4061,4.87847,4.4397,0,LLLLLFLLAILYVLLLTLILI,LLFLLAILYVLLLTL,0.6006115687679711,0.1151744632252299,L,99999900.0,-35.677299999999995,0.0,4.691999999999979,848.46,-0.04204947787756641,0.0,0.005530019093416282,-0.03651969450533908
LLLGLLLGALLGTLLSFLILI_0,110011001100110000,1,-87.1493,-77.0075,-74.0016,-217.871,-213.989,-235.279,-355.239,4400.73,3709.6,3564.59,-30.9664,-18.7351,-81.1846,-82.9772,-45.9576,-64.1958,76.2812,-37.7066,6.56985,6.42732,6.07154,-17.5801,-70.6341,63.5646,-35.8262,-373.974,6.7474,5.67633,5.1298,0,LLLGLLLGALLGTLLSFLILI,GLLLGALLGTLLSFL,1.122851715860358,0.0535875040415068,G,99999900.0,-35.227000000000004,-13.1477,17.407999999999987,691.1299999999997,-0.050970150333511814,-0.019023483281003582,0.02518773602650731,-0.04480546351627048
LLLVALLLALTALLFSLLILI_1,110011001100110000,1,-74.2272,-74.2516,-74.2272,-229.568,-225.507,-238.47,-366.987,4545.62,3626.12,3603.31,-30.9606,50.6041,-94.1529,-16.6247,-54.2904,-103.619,11.4691,26.9883,9.54123,3.59113,2.26317,47.301,-101.833,3.45963,18.0,-321.834,9.3219,2.242,0.793894,1,LLLVALLLALTALLFSLLILI,VALLLALTALLFSLL,0.6336466993278341,0.0263508831994556,L,99999900.0,-39.862500000000004,0.0,8.901999999999987,919.5,-0.04335236541598696,0.0,0.009681348558999442,-0.03367112561174551
LLLTYLLAVLLGLLLGFLILI_2,110011001100110000,1,-56.1785,-55.8749,-44.9568,-230.601,-226.013,-248.52,-340.209,4613.55,3764.73,3449.14,-30.953,26801.1,-84.3825,26742.8,-46.732,-66.6415,49.3213,-46.0388,6.75411,3.15461,2.39443,12280.2,-62.6538,43.9976,-40.9419,26460.9,6.5,1.83774,0.997703,2,LLLTYLLAVLLGLLLGFLILI,TYLLAVLLGLLLGFL,0.9475554527099204,0.0416934533394447,G,99999900.0,-37.650499999999994,-11.221699999999998,17.91900000000001,848.8200000000002,-0.04435628283970687,-0.013220352960580566,0.021110482787870227,-0.0364659173912019
LLLSALLGLLLGVLLGTLILI_2,110011001100110000,1,-72.9367,-72.9983,-58.7511,-219.453,-217.582,-239.594,-358.467,4449.02,3457.39,3608.84,-30.9116,576.055,-96.989,508.168,-60.1213,-81.0443,49.8969,-39.8902,6.85983,5.39272,4.64117,-17.2876,-82.2405,38.4729,-43.0414,-375.773,7.0713,4.02991,3.107,2,LLLSALLGLLLGVLLGTLILI,SALLGLLLGVLLGTL,1.1388362863970825,0.0983464925688338,G,99999900.0,-36.867700000000006,-14.1856,20.14099999999999,991.6300000000006,-0.03717888728658873,-0.014305335659469755,0.02031100309591277,-0.031172513941691946
LLLLTVLLAILFLLLSLLILI_2,110011001100110000,1,-60.3986,-60.3986,-60.3986,-241.93,-240.129,-246.591,-376.186,4599.61,3685.08,3598.8,-30.9102,-9.95126,-104.767,-85.6101,-69.1963,-46.5983,95.0275,20.2316,9.39739,6.31846,6.24387,-16.836,-46.7812,82.2688,20.3303,-393.937,9.2984,4.62347,4.3575,2,LLLLTVLLAILFLLLSLLILI,LTVLLAILFLLLSLL,0.3262130638088065,0.0511548444331861,L,99999900.0,-35.5707,0.0,4.661000000000001,914.5299999999997,-0.038895060850928906,0.0,0.005096607000317106,-0.03379900057953267
LLLLVTLLAILAYLLSLLILI_1,110011001100110000,1,-64.2915,-56.0148,-60.304,-240.623,-234.346,-244.417,-368.055,4559.2,3632.44,3613.26,-30.8664,-15.2372,-94.007,-92.9313,-63.3336,-9.58853,112.097,23.5346,9.19611,3.07142,3.25288,-7.58263,-12.5847,91.0213,18.8903,-375.094,8.9604,0.675581,0.540901,1,LLLLVTLLAILAYLLSLLILI,LVTLLAILAYLLSLL,0.4543175473234555,0.0717234411345516,L,99999900.0,-30.673400000000008,-3.987499999999997,3.794000000000011,926.7599999999998,-0.03309745781000476,-0.00430262419612413,0.004093832275885895,-0.03330571021623722
LLLAALLYVLLSLLFTLLILI_1,110011001100110000,1,-74.23,-74.23,-74.3089,-238.252,-236.574,-246.47,-364.88,4598.73,3715.63,3653.66,-30.8644,-24.1878,-83.2626,-78.264,-44.1008,-99.4016,29.8071,19.2634,8.88809,5.43419,4.3813,-19.3153,-105.336,9.98133,18.0,-384.199,8.8545,3.64788,2.2976,1,LLLAALLYVLLSLLFTLLILI,AALLYVLLSLLFTLL,0.6223120632676825,0.12304530084165,L,99999900.0,-39.16180000000001,0.0788999999999902,8.21799999999999,883.0999999999995,-0.04434582719963767,8.934435511266023e-05,0.009305854376627782,-0.03495006228060245
LLLAALLGVLLGLLLAFLILI_0,110011001100110000,1,-57.2124,-52.7493,-44.9245,-218.04,-211.127,-232.055,-332.637,4440.09,3689.22,3632.26,-30.8644,-16.9518,-88.2498,-85.7133,-55.6581,-88.9163,59.3106,-39.1954,6.62265,7.84437,7.23403,-16.5365,-91.43,48.2927,-36.5962,-349.589,7.0472,6.73401,5.9584,0,LLLAALLGVLLGLLLAFLILI,AALLGVLLGLLLAFL,1.265015304446318,0.0808204980912499,G,99999900.0,-32.591699999999996,-12.2879,14.015000000000015,750.8700000000003,-0.043405249910104256,-0.01636488340192043,0.018665015248977863,-0.041104851705355105
LLLLAVLLLILTLLLSFLILI_0,110011001100110000,1,-67.0966,-74.1699,-74.3139,-245.564,-239.344,-246.849,-384.218,4585.52,3789.07,3654.68,-30.8634,-19.8184,-102.42,-90.5221,-63.055,-49.5076,77.671,17.7373,9.32705,4.41173,4.0768,-19.5647,-55.2755,63.3818,20.3382,-404.036,9.5,3.34787,2.7986,0,LLLLAVLLLILTLLLSFLILI,LAVLLLILTLLLSFL,0.4072465102820735,0.1400010940090601,L,99999900.0,-39.365,7.217300000000009,1.2849999999999966,796.4500000000003,-0.04942557599347101,0.009061836901249301,0.0016134095046769993,-0.038751208487663995
LLLAYLLGVLLGLLLSFLILI_2,110011001100110000,1,-74.7891,-71.8153,-60.3304,-219.048,-218.96,-242.921,-347.722,4552.46,3657.66,3601.13,-30.8562,-27.4364,-84.7418,-84.383,-44.471,-85.759,42.1839,-47.045,6.83581,5.05868,4.19144,-20.8804,-85.0833,46.26,-43.2731,-372.15,7.339,5.5076,4.7015,2,LLLAYLLGVLLGLLLSFLILI,AYLLGVLLGLLLSFL,1.110563608348827,0.0814870704020987,G,99999900.0,-40.2708,-14.458700000000007,23.87299999999999,894.8000000000002,-0.045005364327223955,-0.016158582923558342,0.026679704962002667,-0.03448390701832811
LLLYALLATLLGLLLGVLILI_1,110011001100110000,1,-57.1695,-60.5845,-58.7388,-228.401,-224.428,-240.593,-347.61,4574.21,3592.73,3590.8,-30.8382,88.5522,-92.8776,25.9551,-48.2779,-73.1803,43.453,-39.7404,6.81338,3.3432,2.495,-15.5926,-71.1719,34.5088,-41.0473,-364.302,6.9662,1.83447,0.852102,1,LLLYALLATLLGLLLGVLILI,YALLATLLGLLLGVL,0.3030942010696469,0.042358684620194,G,99999900.0,-44.5997,1.5692999999999984,12.191999999999979,981.48,-0.0454412723641847,0.0015989118474141076,0.012422056486122976,-0.0314201002567551
LLLYFLLAVLIILLLSLLILI_2,110011001100110000,1,-60.4441,-60.4441,-60.4441,-249.079,-238.123,-254.833,-364.645,4770.48,3819.96,3765.78,-30.8175,10.9736,-85.9387,-55.104,-49.3678,-106.59,35.5012,27.8478,9.87379,7.28122,6.31374,11.697,-113.132,4.052,24.0428,-352.202,9.5,4.01682,2.5776,2,LLLYFLLAVLIILLLSLLILI,YFLLAVLIILLLSLL,0.19712862998921,0.0846865456381748,L,99999900.0,-36.570899999999995,0.0,5.753999999999991,950.5199999999995,-0.03847462441610909,0.0,0.006053528594874378,-0.03242172705466483
LLLLFVLLILLATLYSLLILI_1,110011001100110000,1,-74.1478,-74.1478,-74.1478,-251.414,-243.236,-249.461,-366.72,4645.96,3860.07,3833.14,-30.8154,7.63847,-71.9742,-41.6978,-43.1113,-92.8598,28.9276,29.0367,9.19058,4.33421,3.26812,-7.82072,-95.2993,8.2247,24.1394,-375.842,9.5,1.90523,0.528601,1,LLLLFVLLILLATLYSLLILI,LFVLLILLATLYSLL,0.2410660910873099,0.1109233294881939,L,99999900.0,-28.862899999999996,0.0,-1.9529999999999745,785.8899999999999,-0.03672638664444133,0.0,-0.0024850806092455366,-0.03921083103233278
LLLLYVLTSLLFALLLLLILI_1,110011001100110000,1,-74.2656,-58.9912,-74.1076,-237.658,-232.154,-248.059,-369.332,4668.38,3691.34,3587.43,-30.8137,1886.96,-88.2221,1808.78,-47.1649,-54.2744,73.651,25.0778,9.67688,4.58405,4.18882,1717.17,-60.6875,54.8651,25.5985,1334.3,8.9175,3.00992,2.3329,1,LLLLYVLTSLLFALLLLLILI,LYVLTSLLFALLLLL,0.526986510238614,0.052376450599589,L,99999900.0,-41.057199999999995,-0.15800000000000125,10.40100000000001,977.04,-0.042022025710308684,-0.00016171292884631258,0.010645418816015733,-0.03153780807336445
LLLLLLLLFVLAILLSTLILI_2,110011001100110000,1,-74.3336,-74.1968,-74.1793,-247.197,-242.658,-245.539,-384.009,4544.92,3686.78,3551.69,-30.7865,-23.0987,-93.265,-90.2534,-64.2912,-48.3468,84.9974,29.0807,9.16387,5.22667,5.00163,-18.0123,-51.9769,68.2057,27.0969,-401.775,8.9741,3.50431,3.0274,2,LLLLLLLLFVLAILLSTLILI,LLLLLFVLAILLSTL,0.1616981225406818,0.0478482901015533,L,99999900.0,-28.973799999999997,-0.15430000000000632,-1.6580000000000155,858.1399999999999,-0.033763488475074,-0.00017980749061925367,-0.0019320856736663198,-0.035875847763768155
LLLAALLGALLGTLLSFLILI_1,110011001100110000,1,-87.9458,-85.0748,-73.9598,-212.712,-218.143,-230.668,-346.794,4383.29,3750.68,3647.87,-30.7829,-26.1637,-76.9185,-69.7391,-42.1661,-82.6765,59.2301,-43.1429,6.24414,6.89755,6.286,-18.7867,-74.197,65.2656,-42.419,-363.31,6.5325,6.44041,5.91939,1,LLLAALLGALLGTLLSFLILI,AALLGALLGTLLSFL,1.2081504959756475,0.0361038496789591,G,99999900.0,-34.752399999999994,-13.986000000000004,17.956000000000017,632.6100000000001,-0.05493495202415388,-0.022108408023900985,0.028383996459113853,-0.048660153965318274
LLLYFLLAVLTSLLLSLLILI_2,110011001100110000,1,-89.6301,-90.0811,-89.6301,-244.768,-231.283,-251.956,-376.459,4709.87,3805.49,3677.14,-30.7778,-14.5403,-72.8393,-69.6354,-34.8728,-101.527,45.1473,26.1514,9.52593,7.82397,7.00117,-10.8495,-106.428,19.5913,24.4851,-386.5,8.9302,5.10903,3.9029,2,LLLYFLLAVLTSLLLSLLILI,YFLLAVLTSLLLSLL,0.2006617965533109,0.0251966108393774,L,99999900.0,-37.966499999999996,0.0,7.187999999999988,904.3800000000001,-0.0419806939560804,0.0,0.007947986465866105,-0.03403193347928967
LLLLALLLAILFTLLSVLILI_2,110011001100110000,1,-74.119,-74.119,-74.119,-246.048,-242.019,-241.956,-372.283,4527.57,3702.66,3619.57,-30.7631,7.61505,-82.8789,-48.5299,-56.2073,-45.3334,74.5124,20.7576,9.35949,3.35918,2.97687,-27.257,-49.1,60.9087,20.3213,-399.457,9.2716,2.08767,1.5013,2,LLLLALLLAILFTLLSVLILI,LALLLAILFTLLSVL,0.3998593412011992,0.026240204666356,L,99999900.0,-26.671600000000005,0.0,-4.092000000000013,824.9099999999999,-0.03233273932913895,0.0,-0.004960541149943647,-0.037292674352353596
LLLAFLLAVLITLLLSLLILI_0,110011001100110000,1,-70.7062,-70.7062,-74.2904,-238.75,-223.933,-239.457,-369.017,4571.45,3669.84,3689.25,-30.7391,2.68661,-90.3003,-71.6913,-55.2693,-105.621,32.1636,29.1767,9.44049,6.68525,5.66771,2.39291,-113.132,4.052,24.0428,-366.33,9.5,4.01682,2.5776,0,LLLAFLLAVLITLLLSLLILI,AFLLAVLITLLLSLL,0.3952383958211548,0.0554481478599779,L,99999900.0,-35.03099999999999,3.58420000000001,0.7069999999999936,901.6099999999997,-0.038853828151861676,0.003975333015383604,0.0007841527933363582,-0.03409356595423743
LLLLAILLFVLTLLLSILILI_0,110011001100110000,1,-70.6986,-74.226,-74.2451,-245.454,-234.15,-246.557,-379.929,4580.69,3695.46,3667.17,-30.7131,-17.5862,-94.4901,-89.1394,-59.1279,-13.9798,98.9442,18.1816,9.79173,1.95443,1.9386,-16.8483,-15.856,85.056,19.3699,-397.516,9.4176,0.36096,0.1368,0,LLLLAILLFVLTLLLSILILI,LAILLFVLTLLLSIL,0.3787416354994386,0.0297725039603503,L,99999900.0,-35.3622,3.5464999999999947,1.1029999999999802,885.2299999999996,-0.03994690645369002,0.0040063034465619065,0.0012460038634027097,-0.03469505100369397
LLLTALLGLLLGVLLAILILI_2,110011001100110000,1,-56.5932,-56.3554,-44.9935,-222.813,-222.718,-239.454,-357.147,4504.47,3564.14,3619.78,-30.6975,-1.19408,-108.438,-79.2674,-72.6991,-78.9099,51.052,-37.7733,7.10834,5.2285,4.49428,-21.7364,-75.4208,48.7219,-40.9997,-379.82,7.4067,4.39057,3.6214,2,LLLTALLGLLLGVLLAILILI,TALLGLLLGVLLAIL,0.910828024398994,0.0228144911543098,G,99999900.0,-35.7389,-11.599700000000006,16.64100000000002,940.3300000000004,-0.03800676358299744,-0.012335775738304638,0.017696978720236525,-0.03264545425542096
LLLLTLLIALLFALVSLLILI_2,110011001100110000,1,-60.3897,-60.3897,-60.3897,-234.383,-219.918,-242.219,-361.444,4581.46,3618.29,3635.07,-30.6628,-13.7372,-97.3339,-94.8737,-58.8351,-53.672,64.726,21.6746,8.88463,3.28881,2.7597,-13.3769,-55.9864,47.4723,20.0584,-375.181,8.7171,1.30672,0.518804,2,LLLLTLLIALLFALVSLLILI,LTLLIALLFALVSLL,0.3729729698860218,0.0619286546899889,L,99999900.0,-38.4988,0.0,7.835999999999984,963.1700000000001,-0.039970929327117745,0.0,0.008135635453762039,-0.03183529387335569
LLLSYLLVLLLGALLGTLILI_1,110011001100110000,1,-87.0605,-69.5966,-58.765,-228.124,-226.339,-248.132,-357.411,4563.82,3650.48,3500.12,-30.6622,484983.0,-72.8888,484921.0,-50.5138,-46.3567,60.3406,-48.0516,7.12814,1.59949,1.0046,235487.0,-50.2915,51.0798,-42.8435,484559.0,7.1438,0.939503,0.205701,1,LLLSYLLVLLLGALLGTLILI,SYLLVLLLGALLGTL,0.7965508000097664,0.0487371658223517,G,99999900.0,-22.375,-28.295500000000004,20.00800000000001,913.3399999999997,-0.024497996364990046,-0.03098024831935535,0.021906409442266864,-0.033571506777322804
LLLLYILLFTLAVLLLSLILI_0,110011001100110000,1,-74.2637,-74.2637,-74.2637,-243.928,-231.017,-247.317,-366.007,4610.25,3610.32,3481.08,-30.6596,370.762,-78.4745,310.036,-44.4259,-58.6446,72.0306,17.9871,10.2895,5.02082,4.60128,363.545,-58.528,63.2713,22.0772,4.75471,8.9263,3.82083,3.2699,0,LLLLYILLFTLAVLLLSLILI,LYILLFTLAVLLLSL,0.2667766824367084,0.1280704186067741,L,99999900.0,-34.04860000000001,0.0,3.38900000000001,999.9299999999998,-0.034050983568849835,0.0,0.003389237246607273,-0.030661746322242563
LLLLAVLLAILFTLLSLLILI_2,110011001100110000,1,-74.1606,-74.1606,-74.1606,-238.794,-236.361,-242.811,-371.555,4519.71,3630.57,3686.21,-30.6483,-10.448,-89.2486,-71.4811,-54.5824,-47.1472,95.3792,20.4785,8.8003,6.44828,6.37897,-10.372,-52.37,75.6987,26.0846,-382.614,9.2813,4.57482,4.2103,2,LLLLAVLLAILFTLLSLLILI,LAVLLAILFTLLSLL,0.4326309660554367,0.0654292341376059,L,99999900.0,-34.666199999999996,0.0,4.016999999999996,889.1399999999999,-0.03898846075983535,0.0,0.00451784870774006,-0.034469599838045754
LLLLVALLLILTLLLSALILI_0,110011001100110000,1,-74.1907,-74.1907,-74.2705,-242.49,-239.023,-241.508,-388.71,4546.31,3681.92,3670.76,-30.6248,-27.183,-102.654,-102.68,-72.9313,-10.6555,95.7129,21.3566,9.45912,1.01957,0.955268,-25.6247,-13.2915,87.7058,22.0356,-415.893,9.5,0.334013,0.149601,0,LLLLVALLLILTLLLSALILI,LVALLLILTLLLSAL,0.4985850349204082,0.0690391975361236,L,99999900.0,-29.722700000000003,0.07979999999999166,-0.9819999999999993,864.3900000000003,-0.03438575180184869,9.231943914204424e-05,-0.0011360612686403117,-0.03542937794282672
LLLLLVLLIILLFLLSTLILI_1,110011001100110000,1,-74.1667,-74.0958,-74.0958,-248.343,-246.111,-249.63,-388.227,4662.25,3764.48,3619.81,-30.5984,22.4168,-96.3158,-45.6035,-64.5011,-57.3611,75.5426,18.3114,10.2147,5.30241,4.93555,25.7903,-55.3708,60.1199,23.2999,-361.634,9.5,2.9218,2.3236,1,LLLLLVLLIILLFLLSTLILI,LLVLLIILLFLLSTL,0.2572802474794482,0.0560124938266606,L,99999900.0,-31.814700000000002,-0.07090000000000884,1.2870000000000061,897.77,-0.0354374728493935,-7.89734564532217e-05,0.0014335520233467439,-0.03408267150829277
LLLYFLLGTLLGALLGALILI_1,110011001100110000,1,-70.5906,-67.4355,-58.7237,-224.617,-225.48,-237.715,-320.062,4587.16,3835.47,3676.56,-30.5864,10858.2,-55.441,10831.1,-23.6231,-42.9502,66.2051,-48.9334,6.91857,1.88022,1.37329,5523.14,-43.2635,63.1811,-42.5139,52242.7,7.006,1.51898,0.966697,1,LLLYFLLGTLLGALLGALILI,YFLLGTLLGALLGAL,1.0577711647812624,0.0813370985812688,G,99999900.0,-31.8179,-11.866899999999994,13.098000000000013,751.69,-0.04232848647713818,-0.015786960050020612,0.017424736260958657,-0.040690178131942686
LLLLTILLALLALLVSLLILI_0,110011001100110000,1,-60.4324,-60.4031,-60.4031,-239.425,-224.233,-240.982,-383.404,4508.55,3661.25,3674.04,-30.5604,-11.8423,-114.108,-110.611,-82.0195,-49.7793,80.6622,18.4977,8.76127,4.85629,4.56622,-11.1977,-56.1837,58.5243,19.3261,-395.247,8.9941,2.82834,2.2062,0,LLLLTILLALLALLVSLLILI,LTILLALLALLVSLL,0.3200527738767201,0.0864724552782606,L,99999900.0,-32.08850000000001,-0.029299999999999216,1.556999999999988,847.3000000000002,-0.03787147409418152,-3.458043196034369e-05,0.001837601793933657,-0.03606798064439985
LLLSYLLAILLGLLLGFLILI_2,110011001100110000,1,-67.5097,-66.368,-44.9424,-231.098,-228.76,-252.23,-346.529,4579.08,3722.98,3525.15,-30.539,7260.69,-78.46,7209.29,-49.356,-62.8389,60.3915,-47.5661,7.54103,4.07869,3.48456,5616.97,-62.877,50.983,-41.0408,6914.16,7.3408,2.81426,2.07901,2,LLLSYLLAILLGLLLGFLILI,SYLLAILLGLLLGFL,1.0111039733897351,0.1078726727219331,G,99999900.0,-29.103999999999992,-22.567299999999996,21.131999999999977,856.0999999999999,-0.0339960285013433,-0.026360588716271463,0.024684032239224364,-0.03567223455203832
LLLLILLLALLFVLTSLLILI_2,110011001100110000,1,-74.2362,-74.2083,-74.23,-246.082,-237.778,-245.306,-382.655,4581.05,3720.26,3603.53,-30.5373,-26.3297,-92.8742,-96.9982,-63.1186,-48.7839,68.5815,28.0621,9.44071,3.07609,2.60481,-17.4274,-52.0168,48.9899,24.9796,-400.295,9.3931,0.916152,0.151,2,LLLLILLLALLFVLTSLLILI,LILLLALLFVLTSLL,0.3802404354931439,0.0945816824453571,L,99999900.0,-29.7556,-0.006199999999992656,-0.775999999999982,860.79,-0.03456778075953485,-7.202685904799842e-06,-0.0009014974616340594,-0.035475900045307214
LLLYTLLVLLLAFLLSILILI_0,110011001100110000,1,-76.9595,-78.0062,-60.3747,-234.729,-231.463,-253.811,-363.83,4693.02,3992.76,3817.98,-30.5174,-23.872,-82.6591,-78.2333,-49.6442,-63.1731,57.0241,-46.7331,8.62876,3.67422,3.02958,-24.1967,-67.6029,45.1857,-45.0,-387.702,8.6947,2.74051,1.9183,0,LLLYTLLVLLLAFLLSILILI,YTLLVLLLAFLLSIL,0.3102245708810437,0.0408638424898807,R,99999900.0,-33.0149,-16.58480000000001,19.081999999999994,700.2600000000002,-0.047146631251249516,-0.023683774598006458,0.02724987861651385,-0.043580098820438104
LLLLYLLLAVLTSLLASLILI_0,110011001100110000,1,-95.8678,-96.1029,-89.6087,-226.225,-215.599,-241.387,-381.504,4489.13,3638.94,3598.82,-30.4959,-12.5599,-89.9069,-82.3624,-50.5084,-9.81915,105.913,18.5799,8.48413,2.27113,2.35983,-12.0094,-14.6826,87.4327,18.0,-394.064,8.5,0.50581,0.317301,0,LLLLYLLLAVLTSLLASLILI,LYLLLAVLTSLLASL,0.3143788967987412,0.0020284338851881,L,99999900.0,-39.39849999999999,-6.259100000000004,15.162000000000006,850.19,-0.04634081793481456,-0.007362001434973363,0.017833660711135166,-0.035869511520954134
LLLSALLGVLLGLLLGTLILI_1,110011001100110000,1,-70.9913,-79.5444,-58.7288,-217.146,-212.333,-240.505,-359.194,4447.41,3458.95,3595.14,-30.4889,573835.0,-101.545,573768.0,-59.9601,-96.7717,44.4865,-34.2332,6.56236,7.02143,6.18873,-23.3513,-92.5815,39.7325,-40.3169,-379.623,6.7382,5.75111,4.8471,1,LLLSALLGVLLGLLLGTLILI,SALLGVLLGLLLGTL,1.197075779059838,0.0661466975266965,G,99999900.0,-41.584900000000005,-12.262499999999996,23.35900000000001,988.46,-0.04207039232745888,-0.012405661331768606,0.023631709932622473,-0.030844849563968192
LLLLIVLLFTLALLLSALILI_2,110011001100110000,1,-74.2598,-74.2598,-74.2626,-239.895,-240.603,-241.256,-367.963,4578.58,3697.73,3587.9,-30.4771,-25.9873,-84.2848,-79.0875,-52.4436,-45.8144,85.1991,21.0771,9.48672,4.87403,4.65202,-15.7636,-53.445,64.8076,25.9322,-384.016,9.1809,3.26578,2.73789,2,LLLLIVLLFTLALLLSALILI,LIVLLFTLALLLSAL,0.4441280439928074,0.0773640668293595,L,99999900.0,-31.8412,0.0028000000000076852,1.36099999999999,880.8499999999999,-0.03614826587954817,3.178747800428774e-06,0.0015450984844184482,-0.03459964806720781
LLLLLALLFVLTWLLSALILI_2,110011001100110000,1,-72.6031,-74.1001,-74.2877,-245.478,-239.945,-246.721,-372.168,4594.94,3744.64,3653.77,-30.4186,3.56984,-84.5059,-54.5533,-51.159,-5.95085,106.187,21.3754,9.37141,1.72788,1.82068,-15.0701,-2.1739,98.4581,19.6299,-388.146,9.2379,0.117928,0.0947994,2,LLLLLALLFVLTWLLSALILI,LLALLFVLTWLLSAL,0.5837536082093978,0.0196810186915785,L,99999900.0,-33.3469,1.6846000000000032,1.242999999999995,850.2999999999997,-0.039217805480418685,0.0019811831118428836,0.0014618369987063336,-0.035773962131012596
LLLYSLLLALTFLLAVLLILI_2,110011001100110000,1,-64.569,-60.2193,-58.8168,-233.963,-229.543,-251.787,-351.361,4712.43,3759.13,3756.71,-30.4148,-14.9128,-83.2434,-76.5113,-40.7566,-106.311,27.1219,23.6046,9.21627,6.10818,5.01501,-14.9833,-106.527,9.82963,27.9293,-366.643,9.2389,3.80605,2.45349,2,LLLYSLLLALTFLLAVLLILI,YSLLLALTFLLAVLL,0.3125751831867085,0.0834027611387486,L,99999900.0,-42.486799999999995,-5.752200000000002,17.824000000000012,953.3000000000002,-0.04456813175285848,-0.0060339872023497335,0.01869715724326026,-0.0319047519144026
LLLLAVLLALLFTLLSILILI_2,110011001100110000,1,-74.1368,-66.8864,-74.1368,-238.977,-226.625,-242.801,-371.901,4531.68,3698.72,3662.29,-30.4145,-5.7163,-89.2014,-84.1054,-54.9632,-51.195,86.4564,22.3753,9.28085,5.85086,5.64771,-2.2406,-53.8932,62.0075,22.5561,-374.154,9.1861,2.95499,2.3851,2,LLLLAVLLALLFTLLSILILI,LAVLLALLFTLLSIL,0.3494692328309241,0.0771277110639555,L,99999900.0,-34.238200000000006,0.0,3.823999999999984,832.9600000000005,-0.04110425470610832,0.0,0.004590856703803282,-0.036513758163657296
LLLAALLGVLLGTLLSFLILI_1,110011001100110000,1,-83.8701,-84.354,-74.0352,-220.266,-215.689,-233.255,-349.64,4414.41,3777.06,3707.2,-30.3969,-26.0043,-75.9014,-75.601,-42.35,-98.656,42.7362,-36.8975,6.92579,7.06778,6.20882,-24.0383,-93.9928,36.7785,-43.1657,-372.233,6.6465,5.56402,4.6157,1,LLLAALLGVLLGTLLSFLILI,AALLGVLLGTLLSFL,1.1616804163648131,0.0824490136499215,G,99999900.0,-33.551399999999994,-9.83489999999999,12.989000000000004,637.3499999999999,-0.05264203341962814,-0.015430924923511401,0.020379697183651065,-0.04769263356083785
LLLLALLFILVILLLSLLILI_2,110011001100110000,1,-60.4611,-60.4611,-60.4611,-240.401,-233.421,-246.127,-377.916,4643.12,3764.32,3660.73,-30.3605,26.1609,-107.415,-57.8731,-71.3276,-105.732,36.9277,21.8243,9.79474,7.34499,6.39891,27.0927,-104.645,21.315,18.824,-346.389,9.3331,5.07427,3.89399,2,LLLLALLFILVILLLSLLILI,LALLFILVILLLSLL,0.3979323157977721,0.0201317530512327,L,99999900.0,-36.0874,0.0,5.725999999999999,878.7999999999997,-0.041064406008193007,0.0,0.006515703231679564,-0.03454767865270825
LLLLIVLTALLAFLLLLLILI_1,110011001100110000,1,-58.9676,-58.9985,-58.8739,-239.588,-230.195,-242.94,-365.617,4604.47,3753.7,3743.53,-30.3588,141.689,-97.4195,65.2661,-63.8027,-53.4306,68.7398,18.6058,9.05537,3.79446,3.32556,136.399,-58.005,44.8216,28.0,-204.587,8.7314,1.25167,0.423994,1,LLLLIVLTALLAFLLLLLILI,LIVLTALLAFLLLLL,0.3495194904607967,0.0355268848743609,L,99999900.0,-33.6168,-0.09369999999999834,3.352000000000004,850.7700000000004,-0.039513381995133795,-0.00011013552428975903,0.003939960271283663,-0.035683909869882555
LLLLTVLLAILFALLSLLILI_0,110011001100110000,1,-60.3472,-60.3314,-60.3472,-243.159,-224.474,-242.738,-365.259,4524.12,3653.37,3612.73,-30.3403,-14.0471,-92.0937,-94.5008,-62.1736,-43.6963,104.783,21.0572,9.36073,7.20009,7.27183,-13.6148,-46.7812,82.2688,20.3303,-379.306,9.2984,4.62347,4.3575,0,LLLLTVLLAILFALLSLLILI,LTVLLAILFALLSLL,0.4676348801294975,0.0283745037976072,L,99999900.0,-29.920099999999998,0.0,-0.42099999999999227,870.75,-0.034361297731840365,0.0,-0.0004834912431811568,-0.03484387022681596
LLLLLALLLILVILLSFLILI_1,110011001100110000,1,-60.3787,-58.7529,-60.4084,-246.506,-242.099,-246.855,-376.142,4643.22,3823.96,3698.25,-30.3268,-19.7314,-99.5844,-95.0218,-68.8788,-13.0422,103.149,21.8399,9.57034,2.3814,2.42863,-8.89716,-15.856,85.056,19.3699,-386.341,9.4176,0.36096,0.1368,1,LLLLLALLLILVILLSFLILI,LLALLLILVILLSFL,0.1620880854199006,0.0804184267599991,L,99999900.0,-30.705600000000004,0.029699999999998283,0.34899999999998954,819.2600000000002,-0.03747967678148573,3.625222762004525e-05,0.0004259941898786581,-0.03701730830261454
LLLLALLTVLLILLFSLLILI_1,110011001100110000,1,-74.1829,-74.2722,-74.2722,-249.087,-245.314,-246.539,-383.539,4607.61,3891.11,3705.32,-30.32,46.5099,-90.5887,-17.4428,-62.7272,-110.788,17.375,24.3404,9.82431,5.46381,4.22443,50.5044,-102.525,9.41563,21.6565,-332.294,9.0937,3.14986,1.79109,1,LLLLALLTVLLILLFSLLILI,LALLTVLLILLFSLL,0.4150937849896846,0.140881973170246,L,99999900.0,-27.8615,0.08929999999999438,-2.548000000000002,716.4999999999995,-0.038885554780181464,0.0001246336357292316,-0.00355617585484997,-0.04231681786461971
LLLLVLLLLALTALLSILILI_2,110011001100110000,1,-74.1516,-72.6252,-74.127,-242.764,-241.916,-241.107,-390.637,4511.64,3656.1,3635.08,-30.3149,-27.9917,-104.037,-104.088,-75.4036,-6.6159,114.983,29.5651,9.47317,3.01505,3.23979,-18.955,-10.1001,99.8752,28.0,-409.71,9.5,1.49817,1.4963,2,LLLLVLLLLALTALLSILILI,LVLLLLALTALLSIL,0.4319980024472552,0.0413840130395942,L,99999900.0,-28.63340000000001,-0.024600000000006617,-1.6570000000000107,855.5400000000004,-0.03346821890268134,-2.8753769549064457e-05,-0.0019367884610889145,-0.03543364424807722
LLLAFLLGLLLGTLLTVLILI_0,110011001100110000,1,-78.0455,-75.8857,-72.4773,-223.573,-220.754,-237.516,-353.277,4501.74,3716.73,3586.56,-30.3085,-22.7997,-81.9673,-79.4372,-43.2843,-72.3435,52.1913,-42.044,6.57944,4.39735,3.68022,-21.758,-63.2674,60.5559,-36.2287,-376.077,7.0661,4.16516,3.5735,0,LLLAFLLGLLLGTLLTVLILI,AFLLGLLLGTLLTVL,1.4070366118070148,0.1236458488220049,G,99999900.0,-38.68299999999999,-5.5682000000000045,13.942999999999984,785.0099999999998,-0.04927707927287551,-0.007093158048942059,0.017761557177615555,-0.0386090623049388
LLLSALLGVLLGLLLGFLILI_0,110011001100110000,1,-58.9665,-51.3315,-44.9022,-215.702,-218.812,-242.459,-340.176,4479.48,3465.6,3552.94,-30.3018,-18.9381,-95.8092,-88.9703,-52.8142,-79.8412,33.7755,-34.8654,7.10018,3.03588,2.04251,-18.9336,-80.0419,31.8268,-44.1909,-359.114,7.2939,2.8029,1.7803,0,LLLSALLGVLLGLLLGFLILI,SALLGVLLGLLLGFL,1.1402520594937466,0.0736617842361235,G,99999900.0,-42.995000000000005,-14.064300000000003,26.757000000000005,1013.8799999999997,-0.042406399179390084,-0.01387175997159428,0.026390697123920004,-0.029886968872055875
LLLLAALLLILFVLLSTLILI_1,110011001100110000,1,-74.2997,-74.2997,-74.2997,-241.858,-244.5,-243.028,-372.911,4539.09,3666.2,3635.26,-30.2482,-26.5251,-87.0014,-80.6367,-55.584,-52.155,76.7367,23.1083,9.43787,4.6827,4.33375,-18.967,-54.4884,65.033,28.0,-392.682,9.5,3.45271,2.9282,1,LLLLAALLLILFVLLSTLILI,LAALLLILFVLLSTL,0.3771983732141084,0.0409396162541453,L,99999900.0,-31.4174,0.0,1.1699999999999875,872.8900000000003,-0.03599239308503934,0.0,0.001340375075897292,-0.03465293450492042
LLLYSLLLTLLFVLLALLILI_1,110011001100110000,1,-70.2727,-65.9333,-58.8578,-245.237,-235.573,-253.999,-362.406,4719.47,3949.51,3791.61,-30.22,4554.33,-77.1164,4493.43,-49.5495,-45.6112,84.9182,-43.4351,8.13759,4.80563,4.57941,4336.47,-39.3767,72.98,-35.0,4188.77,8.4101,2.2588,1.8535,1,LLLYSLLLTLLFVLLALLILI,YSLLLTLLFVLLALL,0.3061490675202379,0.1012089251597401,R,99999900.0,-27.566899999999997,-11.414900000000003,8.762,769.96,-0.035803028728765125,-0.014825315600810435,0.011379811938282509,-0.03924879214504649
LLLLVALLLILFILLSTLILI_0,110011001100110000,1,-74.2304,-71.0544,-74.2602,-247.176,-225.15,-246.543,-381.304,4539.55,3716.37,3668.94,-30.2021,6.95545,-90.0998,-78.1445,-60.5005,-12.7406,112.195,21.4686,9.09781,3.55744,3.74036,4.21467,-15.4674,86.8993,20.4362,-374.349,8.9034,0.551511,0.355,0,LLLLVALLLILFILLSTLILI,LVALLLILFILLSTL,0.3811939531651397,0.0609240871416871,L,99999900.0,-29.5993,0.029799999999994498,-0.6329999999999814,823.1800000000003,-0.03595726329599843,3.620107388419846e-05,-0.0007689691197550731,-0.036689545421414504
LLLAGLLFLLLGALLATLILI_1,110011001100110000,1,-58.8369,-63.8355,-58.8369,-226.916,-216.083,-232.621,-340.735,4515.42,3694.75,3635.69,-30.1894,-7.09477,-85.1713,-67.911,-49.2776,-79.6364,70.3073,-37.0316,7.56771,7.93695,7.49156,-12.2655,-73.6779,53.5881,-38.6441,-353.047,7.4088,4.78608,4.0899,1,LLLAGLLFLLLGALLATLILI,AGLLFLLLGALLATL,0.4738051783608996,0.0895139521347924,G,99999900.0,-35.8937,0.0,5.7050000000000125,820.6700000000001,-0.04373706849281685,0.0,0.0069516370770224475,-0.03678628437739895
LLLLAVLTALLALLFSLLILI_2,110011001100110000,1,-74.3393,-74.31,-74.31,-239.198,-237.237,-238.202,-365.277,4508.78,3679.73,3675.55,-30.182,-13.1568,-81.9221,-66.8874,-52.7652,-49.0982,76.8367,16.4879,9.12827,4.23768,3.89023,-12.6092,-55.6011,56.4843,18.0,-381.012,9.1852,2.46554,1.8128,2,LLLLAVLTALLALLFSLLILI,LAVLTALLALLFSLL,0.3565614362290604,0.0437151872335969,L,99999900.0,-29.1569,-0.02929999999999211,-0.9960000000000093,829.0499999999997,-0.035169048911404634,-3.534165611240832e-05,-0.0012013750678487541,-0.036405524395392325
LLLVALLTILLILLFSLLILI_1,110011001100110000,1,-74.1577,-74.2306,-74.2306,-250.677,-250.974,-246.611,-382.479,4580.29,3813.73,3674.03,-30.1385,104.391,-87.7823,47.1166,-61.6374,-109.602,20.0746,28.2986,9.95004,5.65044,4.45156,58.6047,-103.723,3.9343,27.5002,-323.344,9.1841,2.58958,1.14859,1,LLLVALLTILLILLFSLLILI,VALLTILLILLFSLL,0.3159592514003715,0.1456766751685017,L,99999900.0,-26.144900000000007,0.07289999999998997,-4.0660000000000025,766.56,-0.034106788770611574,9.510018785220984e-05,-0.005304216238781052,-0.0393165570862033
LLLLAALLALLFVLTSLLILI_0,110011001100110000,1,-74.1961,-74.1961,-74.1899,-237.327,-225.142,-237.848,124803.0,4550.64,3651.76,3655.27,-30.1321,-17.8954,125084.0,125084.0,125115.0,-57.4517,58.698,20.5306,9.36813,3.04198,2.42245,-16.5836,-61.242,41.034,21.0547,124785.0,9.0349,1.22589,0.3414,0,LLLLAALLALLFVLTSLLILI,LAALLALLFVLTSLL,0.3298976889323627,0.017220564670342,L,99999900.0,-31.0,-0.006200000000006867,0.521000000000015,898.8800000000001,-0.03448736205055179,-6.897472410117998e-06,0.0005796101815592904,-0.033521827162691344
LLLLVALLATLIALLFSLILI_1,110011001100110000,1,-74.2394,-74.2394,-74.2394,-231.953,-215.988,-238.474,-358.94,4512.62,3602.62,3652.18,-30.1309,-10.1889,-82.8787,-78.9012,-46.226,-8.17641,116.754,22.8682,8.93474,3.48824,3.73955,-5.46899,-16.2744,89.8543,20.6107,-363.663,9.5,1.07149,0.919304,1,LLLLVALLATLIALLFSLILI,LVALLATLIALLFSL,0.7031168660387435,0.0316241683938276,L,99999900.0,-36.652699999999996,0.0,6.520999999999987,910.0,-0.040277692307692306,0.0,0.007165934065934051,-0.03311087912087912
LLLLYLLLAILFVLLSTLILI_0,110011001100110000,1,-74.2436,-74.2436,-74.2436,-245.061,-223.744,-248.44,-368.178,4575.67,3661.32,3560.6,-30.0485,-12.8647,-78.9227,-83.056,-45.4953,-51.3309,98.1343,19.988,9.80341,7.44777,7.41979,-12.5879,-52.7055,76.4898,21.5821,-381.043,9.2885,4.73195,4.3793,0,LLLLYLLLAILFVLLSTLILI,LYLLLAILFVLLSTL,0.1501442324184012,0.0788193886873941,L,99999900.0,-33.427400000000006,0.0,3.3789999999999907,914.3499999999999,-0.036558648220047035,0.0,0.0036955214086509445,-0.032863236178706186
LLLLLLLTALVALLFSLLILI_1,110011001100110000,1,-70.5224,-70.5224,-74.1643,-235.158,-230.65,-241.464,-367.935,4574.53,3662.37,3672.29,-30.0053,12649.2,-92.2598,12582.4,-52.3059,-106.657,24.5709,17.8234,9.35274,5.81559,4.68415,-16.7662,-109.634,7.68067,18.0547,-383.662,9.5,3.98199,2.5972,1,LLLLLLLTALVALLFSLLILI,LLLLTALVALLFSLL,0.3776774436128419,0.0166519449984997,L,99999900.0,-39.9539,3.6418999999999926,6.306000000000012,912.1599999999999,-0.043801416418172257,0.00399261094544816,0.006913260831433096,-0.032894777232064555
LLLLYILLALLFVLLSTLILI_1,110011001100110000,1,-83.6227,-77.867,-74.234,-251.092,-248.821,-247.588,-368.09,4601.77,4066.64,3863.58,-30.0043,-12.5221,-63.3804,-53.9246,-46.2685,-42.0758,78.3955,32.0852,9.47836,3.39477,3.0707,-9.96121,-43.0223,62.7103,28.0,-378.981,9.5,1.41924,0.859895,1,LLLLYILLALLFVLLSTLILI,LYILLALLFVLLSTL,0.2547453519410702,0.0078706919824369,L,99999900.0,-17.1119,-9.3887,-3.504000000000019,535.1300000000006,-0.031977089679143346,-0.01754470876235679,-0.006547941621662055,-0.056069179451721955
LLLSYLLGLLLGVLLSTLILI_1,110011001100110000,1,-87.1042,-83.1702,-74.1322,-227.623,-224.764,-250.655,-375.475,4535.95,3586.52,3613.32,-29.9726,37.9604,-90.7203,-29.5805,-50.6876,-93.3875,49.5351,-42.5172,6.42105,7.19537,6.43839,-17.7596,-99.5869,39.1004,-37.4705,-392.962,7.5,6.71659,5.8031,1,LLLSYLLGLLLGVLLSTLILI,SYLLGLLLGVLLSTL,1.141719980022627,0.145984706109842,G,99999900.0,-40.03269999999999,-12.972000000000008,23.03200000000001,949.4299999999998,-0.04216498320044658,-0.013662934602866994,0.024258765785787277,-0.0315690466911726
LLLVGLLFALLGILLILLILI_2,110011001100110000,1,-45.0693,-45.5377,-45.0693,-234.989,-230.324,-239.188,-345.224,4612.05,3673.36,3562.43,-29.9463,84.0825,-95.1121,14.7202,-60.9661,-73.1418,62.7753,-41.9835,6.97016,5.94594,5.38757,66.9163,-68.1464,52.7276,-38.529,-278.407,6.6534,3.84019,3.1311,2,LLLVGLLFALLGILLILLILI,VGLLFALLGILLILL,0.4258461690232111,0.0951708490134558,G,99999900.0,-34.146,0.0,4.198999999999984,938.69,-0.03637622644323472,0.0,0.004473255281296257,-0.031902225441839155
LLLLAILLAVLFTLLSALILI_0,110011001100110000,1,-74.1383,-74.1383,-74.1383,-233.829,-221.996,-238.149,-362.027,4480.24,3623.01,3557.76,-29.9378,-17.4713,-83.9973,-83.3642,-49.7395,-50.9547,77.9195,21.3152,8.47012,4.66234,4.33113,-17.6572,-53.398,64.296,20.1517,-379.498,8.5941,3.18966,2.6541,0,LLLLAILLAVLFTLLSALILI,LAILLAVLFTLLSAL,0.3775465702302048,0.0356178821713421,L,99999900.0,-34.257799999999996,0.0,4.319999999999993,857.2299999999996,-0.03996337039067696,0.0,0.005039487652088699,-0.03492388273858826
LLLSYLLFTLLAILLTLLILI_0,110011001100110000,1,-87.6505,-88.0866,-72.6833,-234.886,-235.205,-257.733,-373.892,4634.11,3736.04,3760.48,-29.9348,-26.6567,-81.2905,-77.2573,-43.4759,-60.8772,55.9203,-43.5424,7.99216,3.18083,2.51963,-25.6872,-61.6436,55.2704,-42.3147,-400.549,8.0426,3.20804,2.5371,0,LLLSYLLFTLLAILLTLLILI,SYLLFTLLAILLTLL,0.312527248157092,0.0660530453816814,R,99999900.0,-37.81459999999999,-14.967199999999991,22.84700000000001,898.0699999999997,-0.042106517309341146,-0.016665961450666424,0.025440110459095635,-0.03333236830091196
LLLYLLLGALLGILLSTLILI_2,110011001100110000,1,-87.8849,-84.2539,-74.098,-225.831,-222.402,-243.131,-366.528,4545.06,3683.22,3700.64,-29.8955,-20.4119,-82.7067,-80.284,-49.2984,-72.4414,62.446,-43.0112,6.54645,5.79642,5.23311,-16.732,-63.07,66.418,-42.249,-383.164,7.1117,4.92693,4.4232,2,LLLYLLLGALLGILLSTLILI,YLLLGALLGILLSTL,0.8199723841278903,0.0706331230567297,G,99999900.0,-33.4083,-13.786900000000003,17.30000000000001,861.8400000000006,-0.038763923698134195,-0.015997052817228248,0.020073331476840248,-0.034687993130975564
LLLAALLFTLVALLLSLLILI_1,110011001100110000,1,-74.1716,-74.1112,-74.1716,-230.255,-230.097,-239.294,-366.039,4530.43,3621.15,3605.74,-29.883,-22.9485,-91.4957,-84.7801,-52.5743,-105.218,16.896,18.4305,9.24837,4.56369,3.31713,-17.1793,-107.84,2.594,18.2142,-383.234,9.3464,3.02619,1.5651,1,LLLAALLFTLVALLLSLLILI,AALLFTLVALLLSLL,0.571441188146072,0.0552499664496869,L,99999900.0,-38.9214,0.0,9.039000000000016,909.2800000000002,-0.04280463663557979,0.0,0.009940832306880185,-0.03286446419144817
LLLLAVLLWTLALLLSILILI_2,110011001100110000,1,-74.1549,-74.1549,-74.1549,-239.051,-235.649,-246.347,-387.193,4553.04,3618.57,3584.17,-29.8399,17.4819,-103.827,-59.9069,-66.6913,-49.3971,89.6825,16.0793,8.86984,6.01671,5.86195,-4.08284,-48.5702,75.1858,18.0,-394.834,9.3062,3.93561,3.5634,2,LLLLAVLLWTLALLLSILILI,LAVLLWTLALLLSIL,0.841666873551878,0.0083336997534055,L,99999900.0,-37.1357,0.0,7.296000000000021,934.4699999999998,-0.03973985253673206,0.0,0.007807634273973506,-0.03193243228782091
LLLLYFLLAVLTILLLSLILI_0,110011001100110000,1,-74.2562,-70.4984,-74.2562,-248.392,-222.589,-245.531,-363.308,4638.31,3829.42,3618.63,-29.8352,55.8365,-70.4947,-14.384,-43.5206,-11.8704,116.672,22.9456,10.5917,4.03132,4.2814,55.7584,-10.3153,94.584,18.0,-307.472,9.3619,0.81614,0.734901,0,LLLLYFLLAVLTILLLSLILI,LYFLLAVLTILLLSL,0.1482008406438749,0.126628255840525,L,99999900.0,-26.974099999999993,0.0,-2.86099999999999,808.8900000000003,-0.03334705584195624,0.0,-0.0035369456910086523,-0.036884125159168724
LLLLLLLLIVLYTLLSFLILI_2,110011001100110000,1,-77.127,-74.1585,-74.1585,-252.3,-251.733,-252.427,-381.806,4617.81,3796.43,3641.8,-29.8138,52.5379,-82.1931,-3.37683,-55.2202,-55.803,78.1368,26.1023,10.4496,5.41891,5.09096,46.5209,-51.5852,62.9148,28.0,-337.256,9.5,2.73128,2.175,2,LLLLLLLLIVLYTLLSFLILI,LLLLLIVLYTLLSFL,0.3250324345000858,0.0771782135500235,L,99999900.0,-26.972900000000003,-2.9684999999999917,0.12699999999998113,821.3800000000006,-0.032838515668752566,-0.0036140397867004182,0.000154617838272153,-0.03629720713920473
LLLLVLLLLTLIALLSALILI_1,110011001100110000,1,-74.3052,-74.3174,-74.3052,-243.09,-241.578,-241.117,-390.457,4518.59,3657.78,3645.66,-29.8104,-25.6239,-102.872,-100.185,-75.0348,-11.1283,109.931,24.004,9.57962,3.00997,3.15894,-14.6155,-13.5638,91.8055,24.6135,-406.325,9.5,0.928318,0.805401,1,LLLLVLLLLTLIALLSALILI,LVLLLLTLIALLSAL,0.3970479081722275,0.1156540260208201,L,99999900.0,-27.837199999999996,0.0,-1.9730000000000132,860.81,-0.03233837896864581,0.0,-0.002292027276634813,-0.03463063858458894
LLLLFLLTILLLVLISLLILI_1,110011001100110000,1,-74.2576,-74.2181,-74.2517,-243.741,-240.352,-247.477,-387.026,4620.5,3731.33,3623.27,-29.8089,-21.7275,-98.8362,-94.1827,-65.2974,-59.1329,72.8031,23.4962,9.80623,5.19835,4.7904,-8.15258,-61.7768,57.1172,21.5473,-396.037,9.5,3.47734,2.8341,1,LLLLFLLTILLLVLISLLILI,LFLLTILLLVLISLL,0.3017999841263132,0.0666089370777923,L,99999900.0,-33.53880000000001,-0.005899999999996908,3.73599999999999,889.1700000000001,-0.037719221296265065,-6.635401554254988e-06,0.0042016712214761965,-0.03352441040520935
LLLLALLLYVLTSLLALLILI_0,110011001100110000,1,-74.3231,-74.3231,-74.2392,-242.185,-216.962,-244.462,-379.441,4571.11,3693.6,3680.86,-29.8052,-2.93679,-92.7372,-91.0922,-60.739,-4.65747,124.519,20.7279,9.4338,4.00874,4.37653,-1.45889,-9.55643,96.2369,18.0,-382.377,9.4499,0.925446,0.869,0,LLLLALLLYVLTSLLALLILI,LALLLYVLTSLLALL,0.8796833894786426,0.1075795321094351,L,99999900.0,-31.998200000000004,-0.08389999999999986,2.276999999999987,877.5099999999998,-0.036464769632254916,-9.561144602340701e-05,0.0025948422240202247,-0.033965652813073365
LLLWTLLVFLLAILLSLLILI_0,110011001100110000,1,-76.9339,-72.506,-60.3741,-242.08,-230.763,-253.159,-368.487,4722.43,3834.82,3786.69,-29.7942,-13.7967,-79.2675,-79.0152,-54.9546,-61.8444,71.091,-38.4817,9.07718,5.37394,4.9403,-14.1294,-66.894,46.55,-38.3386,-382.284,9.0,2.81835,2.0166,0,LLLWTLLVFLLAILLSLLILI,WTLLVFLLAILLSLL,0.2905474450158294,0.0341889141783517,R,99999900.0,-24.3129,-16.559799999999996,11.07899999999998,887.6100000000001,-0.02739142190827052,-0.018656617208008014,0.012481833237570529,-0.03356676918917092
LLLLIVLTWLLALLFSLLILI_2,110011001100110000,1,-74.2191,-74.2191,-74.1249,-245.861,-233.909,-250.264,-379.417,4628.13,3737.55,3609.99,-29.7799,-15.2906,-89.1171,-86.5793,-55.0276,-49.4403,69.4023,25.5214,9.54419,3.28535,2.82638,-15.6032,-52.9378,51.7149,25.2458,-395.676,9.0311,1.42218,0.697903,2,LLLLIVLTWLLALLFSLLILI,LIVLTWLLALLFSLL,0.7273321263851033,0.071672999913491,L,99999900.0,-34.089499999999994,-0.09420000000000073,4.40300000000002,890.5799999999999,-0.038277863863998736,-0.00010577376541130582,0.004943969098789576,-0.03343877023961913
LLLLLALLFVLTSLLIILILI_2,110011001100110000,1,-74.2275,-74.217,-74.2275,-246.031,-241.601,-245.912,-380.606,4535.19,3714.12,3548.64,-29.7794,6948.71,-90.1266,6883.92,-60.4662,0.11795,112.018,16.6246,9.78568,1.60473,1.785,3220.16,-7.1541,92.8459,18.0,6566.53,8.8115,0.107311,-5.55556e-07,2,LLLLLALLFVLTSLLIILILI,LLALLFVLTSLLIIL,0.3965664137149051,0.0594918663643204,L,99999900.0,-29.660399999999996,0.0,-0.11899999999999977,821.0699999999997,-0.036124081990573285,0.0,-0.00014493283154907598,-0.036269014822122365
LLLTVLLGALLGLLLGFLILI_2,110011001100110000,1,-55.5036,-54.7637,-44.9562,-220.783,-219.614,-236.351,-335.401,4479.96,3709.42,3667.49,-29.7779,-6.60266,-88.8924,-67.6261,-54.0932,-83.8562,44.9066,-45.9615,6.44324,5.14082,4.31442,-10.1052,-94.6454,29.8466,-40.7669,-345.064,7.1745,4.7261,3.6738,2,LLLTVLLGALLGLLLGFLILI,TVLLGALLGLLLGFL,0.4585587958788855,0.0326790117217891,G,99999900.0,-34.79919999999999,-10.547399999999996,15.568000000000012,770.54,-0.04516209411581487,-0.013688322475147294,0.020204012770265026,-0.03864549536688556
LLLLLVLTLLLAILFSLLILI_1,110011001100110000,1,-74.2136,-74.2136,-74.1891,-245.592,-246.467,-245.523,-383.991,4567.91,3701.18,3644.13,-29.7648,77.2267,-93.9506,13.9166,-64.279,-55.8343,67.632,23.046,9.53667,4.00547,3.51995,-15.0837,-58.1024,48.2056,26.441,-399.593,9.3786,1.72312,0.946204,1,LLLLLVLTLLLAILFSLLILI,LLVLTLLLAILFSLL,0.2699941638024867,0.1083060515899934,L,99999900.0,-29.671599999999998,-0.024500000000003297,-0.06900000000001683,866.73,-0.03423395982601271,-2.8267165091785558e-05,-7.960956699320068e-05,-0.03434149042954553
LLLSYLLILLLAFLLSILILI_1,110011001100110000,1,-77.9742,-77.5157,-60.3394,-238.217,-237.495,-257.507,-370.639,4652.33,3794.52,3765.87,-29.6742,-25.1936,-84.1218,-80.8226,-52.7926,-64.9485,51.9929,-40.526,7.98446,3.26132,2.54121,-26.4143,-64.7965,51.5402,-39.82,-399.263,8.0152,3.1774,2.4505,1,LLLSYLLILLLAFLLSILILI,SYLLILLLAFLLSIL,0.4798979342434961,0.1161539981761125,R,99999900.0,-31.329199999999993,-17.6348,19.289999999999992,857.81,-0.03652230680453713,-0.02055793240927478,0.022487497231321613,-0.03459297513435376
LLLFALLGVLLGLLLASLILI_0,110011001100110000,1,-68.5118,-67.004,-60.32,-218.451,-212.748,-231.634,-343.139,4548.3,3606.65,3658.48,-29.6705,-20.5542,-85.8472,-83.9417,-51.1851,-78.0436,54.5882,-46.4264,6.82699,5.57595,4.89477,-20.7664,-75.759,50.2096,-41.8685,-363.694,7.3305,4.64215,3.89529,0,LLLFALLGVLLGLLLASLILI,FALLGVLLGLLLASL,0.9537726420075776,0.0218546449635606,G,99999900.0,-34.6621,-8.191799999999994,13.182999999999993,941.6500000000001,-0.036809961238252004,-0.00869941060903732,0.01399989380343014,-0.03150905325757978
LLLYSLLIALLFILLTLLILI_1,110011001100110000,1,-69.9912,-58.6361,-58.845,-240.258,-237.071,-254.964,-359.676,4813.04,3949.02,3771.9,-29.6607,-1.52495,-79.0874,-65.4942,-45.8668,-60.2889,87.0823,-50.8759,8.34962,7.29945,7.10569,-8.3483,-52.9619,83.5681,-45.0,-369.117,8.1807,5.72598,5.4795,1,LLLYSLLIALLFILLTLLILI,YSLLIALLFILLTLL,0.2408598895083699,0.0287199621872167,R,99999900.0,-33.220600000000005,-11.146200000000007,14.705999999999989,864.02,-0.03844887849818292,-0.012900395824170746,0.017020439341681893,-0.03432871924261013
LLLLAILLAVLFTLLSLLILI_2,110011001100110000,1,-74.1383,-74.1383,-74.1383,-236.577,-234.846,-241.671,-373.017,4510.53,3659.12,3599.93,-29.6578,-21.3321,-91.9597,-85.3642,-57.2071,-49.3504,78.4023,19.9596,8.53029,4.48687,4.16291,-18.0941,-53.398,64.296,20.1517,-391.156,8.5941,3.18966,2.6541,2,LLLLAILLAVLFTLLSLLILI,LAILLAVLFTLLSLL,0.3675220777169634,0.0513555983187387,L,99999900.0,-34.7526,0.0,5.093999999999994,851.4099999999999,-0.04081770239954899,0.0,0.0059830164080760095,-0.03483374637366252
LLLLFALLIILTLLLSVLILI_0,110011001100110000,1,-74.2947,-70.5811,-74.2947,-246.404,-227.308,-241.927,-374.775,4605.64,3778.45,3598.64,-29.61,43.1619,-83.6865,-33.7249,-58.5532,-54.7306,90.4243,18.8777,10.7057,6.91687,6.77323,26.8757,-52.37,75.6987,26.0846,-331.613,9.2813,4.57482,4.2103,0,LLLLFALLIILTLLLSVLILI,LFALLIILTLLLSVL,0.4305920484300795,0.033472809814082,L,99999900.0,-25.1333,0.0,-4.477000000000004,827.1900000000005,-0.030383950482960363,0.0,-0.005412299471705414,-0.035795887281035776
LLLLVILLAILTFLLSLLILI_1,110011001100110000,1,-74.2052,-71.0528,-74.1833,-246.458,-232.041,-246.07,-380.423,4550.2,3718.1,3618.1,-29.6062,967.398,-89.3663,890.069,-60.1702,-11.307,116.441,24.6083,9.89182,3.91554,4.16215,25.1262,-9.83843,94.7849,23.2579,-354.877,9.3793,0.771727,0.693501,1,LLLLVILLAILTFLLSLLILI,LVILLAILTFLLSLL,0.4484615512264966,0.0489812146274004,L,99999900.0,-29.196099999999994,-0.02190000000000225,-0.38800000000000523,832.0999999999999,-0.03508724912871049,-2.6318952049035275e-05,-0.00046629010936186186,-0.03558009854584786
LLLLYSLLTALVALLFLLILI_0,110011001100110000,1,-60.4244,-61.119,-58.9416,-229.237,-221.16,-244.697,-345.057,4611.46,3809.42,3694.14,-29.6062,-16.7957,-85.0013,-79.573,-41.4182,-9.3207,102.276,27.2597,8.7345,1.70536,1.7395,-16.9383,-10.5055,89.5832,26.7676,-361.852,8.6395,0.169552,0.0132994,0,LLLLYSLLTALVALLFLLILI,LYSLLTALVALLFLL,0.6487092543194216,0.0261797743365998,L,99999900.0,-43.5831,-1.4827999999999975,15.460000000000008,802.04,-0.05434030721659768,-0.0018487855967283396,0.01927584659119247,-0.0369136202683158
LLLLLLLLAVLATLLSILILI_2,110011001100110000,1,-74.1441,-74.1441,-74.1441,-246.032,-242.61,-240.604,-391.327,4489.85,3751.12,3675.33,-29.5854,743.212,-100.737,668.639,-76.5791,-50.1003,89.0134,35.2011,9.13735,6.03186,5.86707,-12.72,-54.4487,65.1033,28.0,-404.437,9.5,3.45625,2.9328,2,LLLLLLLLAVLATLLSILILI,LLLLLAVLATLLSIL,0.3165350344648071,0.0506783022579017,L,99999900.0,-24.157899999999998,0.0,-5.427999999999997,738.7300000000005,-0.032701934400931304,0.0,-0.007347745455037692,-0.04004900301869422
LLLLALLLFVLTALLSLLILI_1,110011001100110000,1,-74.2271,-72.6498,-74.1939,-241.055,-230.628,-242.604,-375.287,4571.72,3661.63,3636.52,-29.5848,-15.9224,-89.59,-87.9311,-58.4891,-3.72928,118.49,22.2319,9.62517,3.05553,3.33288,-9.1885,-7.00423,96.9391,20.3201,-384.763,9.431,0.637414,0.591501,1,LLLLALLLFVLTALLSLLILI,LALLLFVLTALLSLL,0.3665089202744796,0.0304364645377587,L,99999900.0,-31.100900000000003,-0.03319999999999368,1.5490000000000066,910.0900000000001,-0.034173433396697026,-3.647990858046311e-05,0.0017020294696129025,-0.03250755419793647
LLLLVLLLAILTFLLSLLILI_0,110011001100110000,1,-74.15,-71.0528,-74.1833,-241.775,-224.848,-246.146,-383.024,4592.1,3661.01,3604.96,-29.5812,-9.54564,-96.68,-96.6691,-62.6947,-3.07538,116.986,25.3729,9.58094,2.75436,3.00914,-9.32997,-9.83843,94.7849,23.2579,-392.569,9.3793,0.771727,0.693501,0,LLLLVLLLAILTFLLSLLILI,LVLLLAILTFLLSLL,0.433612574026714,0.0511785048951104,L,99999900.0,-33.98530000000001,0.033299999999997,4.370999999999981,931.0900000000001,-0.0365005531151661,3.576453404074471e-05,0.004694497846609866,-0.031770505536521707
LLLLLFLTALLAVLISLLILI_0,110011001100110000,1,-74.1538,-74.1322,-74.2211,-241.512,-223.478,-240.922,-368.6,4530.67,3723.11,3783.49,-29.567,30.4607,-82.5013,-40.5296,-53.457,-55.8158,69.7592,19.4443,9.50234,4.28986,3.83625,26.1488,-58.0774,48.3613,26.5833,-338.14,9.4347,1.74038,0.965799,0,LLLLLFLTALLAVLISLLILI,LLFLTALLAVLISLL,0.2794727248732906,0.0610015266194115,L,99999900.0,-29.0443,0.06730000000000302,-0.5900000000000034,807.56,-0.03596550101540443,8.333746099361414e-05,-0.000730595869037599,-0.03661275942344842
LLLSYLLVLLLGTLLAALILI_2,110011001100110000,1,-77.8692,-83.731,-58.8025,-229.526,-227.171,-249.116,-363.041,4592.3,3699.51,3628.86,-29.5524,246.936,-85.1979,194.797,-55.1222,-59.5633,59.1032,-43.4277,7.92826,3.41342,2.79997,246.302,-58.1657,52.5749,-41.2091,-116.105,7.4407,2.32247,1.61109,2,LLLSYLLVLLLGTLLAALILI,SYLLVLLLGTLLAAL,0.4856140743774859,0.0521882715449766,G,99999900.0,-30.075700000000005,-19.066700000000004,19.590000000000003,892.79,-0.033687317286259934,-0.02135630999451159,0.021942450072245438,-0.03310117720852608
LLLYFLLATLVALLLSLLILI_2,110011001100110000,1,-74.1628,-74.1022,-74.1628,-239.957,-237.942,-249.936,-362.111,4704.67,3721.35,3695.33,-29.5494,-16.9071,-77.54,-66.9737,-38.0121,-103.64,37.3108,22.9192,8.89236,7.08294,6.1426,-14.1956,-106.798,17.1387,22.3838,-376.398,8.9938,4.83342,3.5905,2,LLLYFLLATLVALLLSLLILI,YFLLATLVALLLSLL,0.2847966757167597,0.0198226319700683,L,99999900.0,-39.52790000000001,0.0,9.979000000000013,983.3200000000002,-0.040198409469958916,0.0,0.010148273196924715,-0.03005064475450514
LLLLALLLTVLLALLFSLILI_2,110011001100110000,1,-70.5925,-70.5925,-74.1695,-239.866,-234.13,-242.694,-374.611,4568.7,3645.71,3592.32,-29.5367,-19.7854,-93.6892,-89.6736,-57.7476,-2.49711,117.284,21.7479,9.65354,2.70787,2.96713,-8.04666,-6.4439,94.5421,18.8212,-383.7,9.5,0.229768,0.147899,2,LLLLALLLTVLLALLFSLILI,LALLLTVLLALLFSL,0.4540887936500778,0.055220599201407,L,99999900.0,-35.9416,3.576999999999998,2.8279999999999745,922.9899999999998,-0.03894040022102083,0.0038754482713788873,0.0030639551891136147,-0.032001105104063975
LLLYGLLFALLGTLLSLLILI_0,110011001100110000,1,-84.7943,-76.5236,-74.0094,-231.712,-223.825,-245.08,-351.817,4612.19,3858.2,3786.28,-29.5268,-16.1146,-64.8374,-67.5824,-32.727,-60.2611,76.5547,-41.2768,6.49335,5.87404,5.52236,-15.5061,-64.5043,61.457,-37.6682,-367.931,6.656,4.47234,3.89419,0,LLLYGLLFALLGTLLSLLILI,YGLLFALLGTLLSLL,0.2018201630387139,0.0246372771930771,G,99999900.0,-32.110400000000006,-10.784900000000007,13.368000000000023,753.9899999999998,-0.04258730221886234,-0.014303770607037242,0.017729678112441846,-0.039160731574689335
LLLLVSLLIALTALLFLLILI_2,110011001100110000,1,-64.7903,-62.7298,-58.976,-237.208,-226.975,-242.413,-359.604,4561.77,3713.43,3545.86,-29.5025,-2.18386,-87.1087,-72.0832,-58.2157,0.659483,120.259,21.6526,9.76243,2.63608,2.93997,-2.15136,-2.1739,98.4581,19.6299,-323.276,9.2379,0.117928,0.0947994,2,LLLLVSLLIALTALLFLLILI,LVSLLIALTALLFLL,0.5740948199471608,0.0343468681401633,L,99999900.0,-28.893,-5.814300000000003,5.2050000000000125,848.3400000000006,-0.03405827852040453,-0.006853737888110898,0.0061355117052125435,-0.03477674045783528
LLLLLLLLIVLFILLSTLILI_1,110011001100110000,1,-74.2905,-74.1742,-74.1742,-248.207,-252.885,-249.428,-391.326,4572.11,3702.14,3598.7,-29.4931,43.2406,-98.3218,-21.0266,-67.7241,-57.3034,67.9805,18.0795,10.0657,4.27288,3.79258,33.6181,-48.0588,67.1612,19.6216,-356.414,9.5,2.77558,2.283,1,LLLLLLLLIVLFILLSTLILI,LLLLLIVLFILLSTL,0.1493480065654584,0.0244963740017161,L,99999900.0,-30.59769999999999,-0.11629999999999541,1.2210000000000036,869.9699999999998,-0.03517098290745657,-0.00013368277067024774,0.0014034966722990493,-0.0339012839523202
LLLLALLTALLYVLASLLILI_1,110011001100110000,1,-74.2545,-74.2545,-74.2545,-239.749,-231.929,-240.337,-369.319,4562.16,3663.67,3689.42,-29.4799,-23.2607,-84.796,-86.3964,-54.7276,-57.6917,58.7262,21.5105,9.28604,3.08179,2.46269,-18.8376,-62.777,41.5464,18.0,-388.538,8.7861,1.52531,0.648506,1,LLLLALLTALLYVLASLLILI,LALLTALLYVLASLL,0.8229944917659769,0.0924025822902351,L,99999900.0,-30.068400000000004,0.0,0.5879999999999939,898.4899999999998,-0.033465480973633555,0.0,0.0006544313236652539,-0.03281049316074749
LLLLVLLLAILALLLSTLILI_0,110011001100110000,1,-74.2058,-74.2058,-74.1764,-245.548,-241.212,-241.162,-389.405,4525.59,3734.59,3661.64,-29.424,-25.8312,-99.0751,-99.8187,-74.0668,-42.5542,71.359,17.2445,9.42231,2.5166,2.08698,-25.3564,-43.8654,60.6546,18.1944,-415.237,9.5,1.26818,0.677999,0,LLLLVLLLAILALLLSTLILI,LVLLLAILALLLSTL,0.3999891999936869,0.0554829318472528,L,99999900.0,-25.008300000000006,-0.02939999999999543,-4.385999999999996,791.0,-0.031616055625790146,-3.716814159291458e-05,-0.005544879898862195,-0.037198482932996206
LLLLLVLLAILLFLLSTLILI_2,110011001100110000,1,-74.1744,-74.0958,-74.1638,-246.261,-226.931,-245.725,-382.699,4587.12,3771.21,3639.29,-29.4081,-0.510166,-91.6722,-82.1821,-62.8103,-54.1544,80.7755,24.788,9.7996,5.52785,5.23948,-10.7101,-55.3708,60.1199,23.2999,-395.213,9.5,2.9218,2.3236,2,LLLLLVLLAILLFLLSTLILI,LLVLLAILLFLLSTL,0.2771664635370063,0.0632859170178628,L,99999900.0,-28.861900000000006,-0.010600000000010823,-0.5360000000000014,815.9099999999999,-0.03537387702074985,-1.2991628978699643e-05,-0.0006569352011864071,-0.0360433136007648
LLLLYLLTVLLAILFSLLILI_2,110011001100110000,1,-74.2296,-74.2409,-74.1682,-250.269,-238.879,-247.367,-368.25,4626.54,3868.89,3859.61,-29.4078,26.9375,-73.1597,-28.1928,-46.7156,-97.9505,21.222,25.8546,8.9877,4.05754,2.87587,-10.474,-95.2993,8.2247,24.1394,-381.053,9.5,1.90523,0.528601,2,LLLLYLLTVLLAILFSLLILI,LYLLTVLLAILFSLL,0.3489207714072547,0.1112025227129512,L,99999900.0,-26.4441,-0.061400000000006116,-2.9020000000000152,757.6500000000001,-0.0349027915264304,-8.104005807431678e-05,-0.0038302646340658813,-0.03881449217976638
LLLLTLLIALLFLLVSLLILI_0,110011001100110000,1,-60.2674,-60.2674,-60.3972,-235.125,-223.978,-246.267,-372.211,4656.68,3587.65,3623.75,-29.4066,-16.1759,-106.226,-104.142,-65.5476,-54.2997,61.5199,20.1629,8.74337,2.95014,2.37294,-15.5968,-55.9864,47.4723,20.0584,-388.387,8.7171,1.30672,0.518804,0,LLLLTLLIALLFLLVSLLILI,LTLLIALLFLLVSLL,0.4287799119206752,0.0966245921664755,L,99999900.0,-40.678399999999996,0.12979999999999592,11.141999999999996,1069.0300000000002,-0.03805169172053169,0.00012141848217542622,0.010422532576260716,-0.02750774066209554
LLLYFLLAVLLGLLLGTLILI_0,110011001100110000,1,-62.4705,-60.3616,-58.7556,-230.136,-227.336,-244.883,-337.368,4699.11,3567.92,3581.88,-29.4048,-23.8917,-74.1664,-73.5613,-33.7288,-73.0152,36.8474,-41.5935,6.86622,2.42668,1.47939,-22.3846,-71.1719,34.5088,-41.0473,-361.259,6.9662,1.83447,0.852102,0,LLLYFLLAVLLGLLLGTLILI,YFLLAVLLGLLLGTL,0.3030798649791897,0.0651692469687096,G,99999900.0,-40.437599999999996,-3.7149,14.747000000000014,1131.1899999999996,-0.03574784076945518,-0.003284063685145733,0.013036713549447944,-0.025994572087801354
LLLLLVLLIILFTLLSLLILI_2,110011001100110000,1,-74.1606,-74.1606,-74.1606,-249.804,-249.726,-249.466,-391.251,4569.4,3792.92,3594.78,-29.3484,44.9547,-96.6349,-22.4101,-67.6248,-56.9041,87.8887,31.8808,9.7768,6.90058,6.71891,38.0798,-52.37,75.6987,26.0846,-350.67,9.2813,4.57482,4.2103,2,LLLLLVLLIILFTLLSLLILI,LLVLLIILFTLLSLL,0.3358355973450597,0.0982782179278998,L,99999900.0,-29.01010000000001,0.0,-0.33799999999999386,776.4799999999996,-0.03736103956315684,0.0,-0.00043529775396661095,-0.03779672367607668
LLLLYVLTALLILLISLLILI_1,110011001100110000,1,-74.2809,-74.1952,-74.2089,-243.544,-248.57,-246.781,-381.425,4625.87,3649.04,3621.05,-29.3466,36.8196,-92.9464,-21.8404,-60.4348,-52.6016,59.8369,17.342,9.91222,2.46822,1.86577,33.9032,-53.9342,50.1544,25.0394,-348.37,9.0912,1.36098,0.613297,1,LLLLYVLTALLILLISLLILI,LYVLTALLILLISLL,0.3299058264079897,0.0678701720346927,L,99999900.0,-32.511599999999994,-0.07200000000000273,3.2369999999999948,976.8299999999999,-0.033282761585946376,-7.370780995669947e-05,0.003313780289303149,-0.03004268910659992
LLLLAVLLLILILLLSFLILI_2,110011001100110000,1,-60.4934,-60.526,-60.51,-246.131,-246.362,-247.453,-379.807,4615.85,3807.09,3658.45,-29.3317,73.7893,-102.514,0.870462,-71.8432,-47.7507,77.7201,17.5534,9.8087,4.15483,3.82063,42.8193,-55.2755,63.3818,20.3382,-276.551,9.5,3.34787,2.7986,2,LLLLAVLLLILILLLSFLILI,LAVLLLILILLLSFL,0.2616819023163641,0.006783500640735,L,99999900.0,-30.6708,0.01659999999999684,1.3220000000000027,808.7600000000002,-0.037923240516346,2.052524852860779e-05,0.0016346011177605251,-0.0362674959196795
LLLLALLLAVLTSLLFLLILI_0,110011001100110000,1,-77.1063,-74.3038,-74.3345,-230.983,-215.252,-242.615,-374.85,4573.91,3596.95,3582.19,-29.3216,-7.34474,-96.0821,-92.638,-57.8999,-8.05528,112.046,19.6505,8.97089,2.8345,3.01519,-7.09652,-9.55643,96.2369,18.0,-382.194,9.4499,0.925446,0.869,0,LLLLALLLAVLTSLLFLLILI,LALLLAVLTSLLFLL,0.4766249333242533,0.0923809546238526,L,99999900.0,-38.182199999999995,-2.771799999999999,11.632000000000005,976.96,-0.03908266459220438,-0.002837168358991155,0.01190632165083525,-0.03001310186701605
LLLYTLLVALLAFLLSILILI_2,110011001100110000,1,-77.1796,-77.3406,-60.3747,-231.072,-230.343,-249.651,-350.315,4671.77,4009.23,3860.43,-29.3129,-23.3677,-71.3759,-65.9989,-40.289,-69.8134,50.6479,-48.6376,8.54096,3.80949,3.0692,-21.6917,-67.6029,45.1857,-45.0,-372.642,8.6947,2.74051,1.9183,2,LLLYTLLVALLAFLLSILILI,YTLLVALLAFLLSIL,0.3785200379304275,0.0190674256681025,R,99999900.0,-31.0869,-16.804899999999996,18.579000000000008,662.5400000000004,-0.04692078968816974,-0.025364355359676377,0.028042080478159804,-0.04424321550396954
LLLLALLVALLTILFSLLILI_0,110011001100110000,1,-70.5959,-74.2527,-74.2527,-241.632,-219.789,-241.975,-371.609,4533.68,3669.8,3654.59,-29.2831,-4.21164,-88.664,-81.7794,-55.3817,-50.3545,78.0035,18.0315,9.08256,4.58365,4.2537,-3.77407,-51.1677,56.5743,18.0,-375.821,9.0744,1.81269,1.16131,0,LLLLALLVALLTILFSLLILI,LALLVALLTILFSLL,0.3104549927836922,0.0244420194031832,L,99999900.0,-33.2823,3.656800000000004,0.3429999999999893,863.8800000000001,-0.03852653146270315,0.0042329953234245534,0.00039704588600267314,-0.033897184794184375
LLLLAVLLLILTLLLSALILI_0,110011001100110000,1,-74.1695,-74.1699,-74.3139,-243.923,-234.275,-241.521,-389.738,4553.94,3676.46,3613.1,-29.2774,-19.9926,-100.922,-101.286,-73.9031,-51.4554,78.9976,18.6667,9.76812,4.88299,4.56795,-19.7008,-55.2755,63.3818,20.3382,-409.73,9.5,3.34787,2.7986,0,LLLLAVLLLILTLLLSALILI,LAVLLLILTLLLSAL,0.4005695037199419,0.0254953119565298,L,99999900.0,-27.018900000000002,0.14440000000000452,-2.4020000000000152,877.4799999999996,-0.03079147103067878,0.00016456215526280325,-0.002737384327847947,-0.03336531886766651
LLLSTLLGALLGLLLGFLILI_0,110011001100110000,1,-71.7335,-68.5954,-44.8671,-217.318,-216.517,-252.927,-350.948,4480.13,3553.89,3566.3,-29.2663,-20.1158,-91.1623,-85.9513,-53.1541,-66.4376,69.7948,-35.2262,6.40853,5.88795,5.43487,-21.2744,-68.8242,63.6738,-35.7825,-371.064,6.5843,5.41959,4.8747,0,LLLSTLLGALLGLLLGFLILI,STLLGALLGLLLGFL,0.9215880797234406,0.0542226086819605,G,99999900.0,-38.0082,-26.866400000000006,35.60899999999998,926.2400000000002,-0.04103493694938676,-0.02900587320780791,0.03844467956469162,-0.03159688633615477
LLLLYLLLAVLTALLSLLILI_2,110011001100110000,1,-74.0508,-70.4983,-74.149,-246.037,-224.985,-242.581,-140.184,4571.99,3655.97,3610.86,-29.2564,-8.09329,150.648,147.206,176.546,-49.2656,91.0123,25.14,9.57365,6.1765,6.04169,-5.73905,-49.0441,69.7266,23.1475,-148.277,9.4231,3.2697,2.8156,2,LLLLYLLLAVLTALLSLLILI,LYLLLAVLTALLSLL,0.313656356830448,0.0427639496135808,L,99999900.0,-25.897999999999996,0.09820000000000562,-3.4560000000000173,916.02,-0.028272308464880675,0.00010720289950001705,-0.0037728433876989776,-0.03193860396061221
LLLLAVLLLLLATLISLLILI_0,110011001100110000,1,-74.1181,-74.1181,-74.1181,-240.796,-226.853,-241.385,-388.039,4535.33,3685.09,3663.05,-29.2556,-10.9487,-102.38,-98.0166,-72.5355,-54.918,66.9242,17.6742,8.99498,3.77247,3.27633,-10.484,-58.638,47.7207,18.5491,-398.988,9.3098,1.73799,0.9538,0,LLLLAVLLLLLATLISLLILI,LAVLLLLLATLISLL,0.3647155438452653,0.0057999866101179,L,99999900.0,-29.844499999999996,0.0,0.5889999999999986,850.2399999999998,-0.03510126552502823,0.0,0.0006927455777192308,-0.034408637561159215
LLLLIILLLLLTVLFSLLILI_1,110011001100110000,1,-74.2845,-70.7353,-74.3434,-253.035,-245.215,-248.914,-391.214,4582.56,3834.48,3621.88,-29.2429,93.6572,-93.1371,18.3939,-67.9564,-42.2209,78.3583,22.1461,10.1247,3.41151,3.08689,13.1891,-48.5915,55.2725,20.6758,-383.65,9.4918,1.25051,0.579597,1,LLLLIILLLLLTVLFSLLILI,LIILLLLLTVLFSLL,0.2741937318428278,0.0591429457739082,L,99999900.0,-25.1807,0.05890000000000839,-4.121000000000009,748.0800000000004,-0.03366043738637577,7.87348946636835e-05,-0.005508769115602619,-0.039090605282857425
LLLLAVLLAILYTLLLSLILI_0,110011001100110000,1,-74.1876,-74.1876,-74.1876,-244.661,-220.957,-244.464,-377.368,4534.0,3761.88,3611.84,-29.1747,28.9471,-87.6939,-53.276,-58.7163,-51.1087,100.88,29.5142,9.57181,7.78504,7.79823,28.9735,-55.3439,71.3721,27.9551,-348.421,9.0365,4.43682,4.0074,0,LLLLAVLLAILYTLLLSLILI,LAVLLAILYTLLLSL,0.684039878048409,0.1137994139424653,L,99999900.0,-28.977600000000002,0.0,-0.19700000000000273,772.1199999999999,-0.03752991762938404,0.0,-0.0002551416878205496,-0.0377851888307517
LLLLYVLLFTLALLLLSLILI_0,110011001100110000,1,-74.2231,-74.2231,-74.2231,-240.763,-220.935,-247.42,-369.236,4669.48,3660.04,3663.12,-29.1689,55.397,-83.4188,-18.6805,-47.5921,-56.0676,86.7653,19.1566,10.0509,6.62345,6.42493,56.571,-57.7764,67.2616,24.5839,-313.839,9.4846,4.24678,3.7557,0,LLLLYVLLFTLALLLLSLILI,LYVLLFTLALLLLSL,0.3555570822278038,0.0791908185518077,L,99999900.0,-35.8267,0.0,6.656999999999982,1009.4399999999996,-0.03549165874148044,0.0,0.006594745601521621,-0.028896120621334613
LLLVALLLLLTALLASLLILI_1,110011001100110000,1,-74.2272,-74.2516,-74.2272,-236.325,-228.837,-237.403,-383.836,4540.55,3675.91,3603.45,-29.1591,49.4121,-102.444,-31.3359,-72.2064,-101.688,21.8339,26.3579,9.79343,4.70072,3.52823,50.4782,-101.833,3.45963,18.0,-333.758,9.3219,2.242,0.793894,1,LLLVALLLLLTALLASLLILI,VALLLLLTALLASLL,0.399867607987493,0.0362434139870641,L,99999900.0,-30.2376,0.0,1.078000000000003,864.6400000000003,-0.03497131754256105,0.0,0.001246761658031091,-0.03372397760917837
LLLLYWLLTLLVALLSFLILI_2,110011001100110000,1,-74.0934,-76.6712,-74.2342,-240.222,-231.282,-253.622,-364.219,4673.07,3893.33,3749.46,-29.153,-22.8034,-79.0565,-79.0693,-36.3623,-1.26923,120.955,25.4196,9.6036,3.01936,3.33369,-14.0414,-7.46127,97.2494,27.9329,-379.85,9.5,0.747859,0.7066,2,LLLLYWLLTLLVALLSFLILI,LYWLLTLLVALLSFL,0.454482604294393,0.0394554407538964,L,99999900.0,-42.6942,0.1407999999999987,13.400000000000006,779.7399999999998,-0.05475440531459206,0.00018057301151665778,0.017185215584682084,-0.03738810372688333
LLLLTVLLAILYLLLSFLILI_2,110011001100110000,1,-60.3923,-60.3923,-60.3923,-242.218,-242.078,-249.714,-364.244,4595.65,3743.98,3591.13,-29.0777,-28.3859,-90.7118,-90.1599,-54.1377,-47.6111,91.8272,26.4902,9.11298,6.03833,5.91574,-19.8691,-51.0509,77.9264,26.2034,-384.861,9.0772,4.6777,4.3466,2,LLLLTVLLAILYLLLSFLILI,LTVLLAILYLLLSFL,0.3677584522114727,0.0896028554106928,L,99999900.0,-36.574099999999994,0.0,7.496000000000009,851.6699999999996,-0.04294398064978221,0.0,0.008801531109467298,-0.034141979874834166
LLLTGLLFALLGILLSALILI_0,110011001100110000,1,-67.3141,-69.0259,-60.3521,-225.147,-221.954,-238.004,-344.752,4526.54,3807.33,3630.51,-29.0499,-25.8178,-81.3403,-79.5894,-46.3956,-65.0265,67.9271,-52.0147,6.74178,5.42414,4.94305,-26.0469,-63.9595,61.7605,-42.8864,-370.569,6.8445,4.43159,3.858,0,LLLTGLLFALLGILLSALILI,TGLLFALLGILLSAL,0.2581737957844483,0.0367956844668133,G,99999900.0,-34.9447,-6.961999999999996,12.857,719.21,-0.04858761696861834,-0.00968006562756357,0.017876559002238567,-0.04039140167683986
LLLLAILLYTLAALLSLLILI_1,110011001100110000,1,-60.3141,-60.3141,-60.3141,-241.98,-239.883,-241.636,795248.0,4524.05,3670.34,3603.87,-29.0349,-23.271,795521.0,795525.0,795550.0,-49.8659,76.1054,21.0921,9.18968,4.25412,3.8957,-15.6515,-51.1865,63.7969,19.4517,795234.0,9.2447,2.79055,2.2475,1,LLLLAILLYTLAALLSLLILI,LAILLYTLAALLSLL,0.9185842512489334,0.0941581317720086,L,99999900.0,-29.0,0.0,-0.3439999999999941,853.71,-0.03396938070304904,0.0,-0.0004029471366154714,-0.03401026109568823
LLLLYLLLFVLATLLISLILI_2,110011001100110000,1,-74.2037,-74.2037,-74.2037,-241.51,-232.653,-247.994,-367.437,4590.62,3679.38,3514.27,-29.0164,126.715,-80.7399,66.1355,-45.239,-52.5122,90.211,25.0145,10.3094,6.55532,6.40848,125.875,-56.1344,66.139,24.0594,-237.431,9.2891,3.84892,3.341,2,LLLLYLLLFVLATLLISLILI,LYLLLFVLATLLISL,0.1380811158544947,0.0468220846147141,L,99999900.0,-35.50090000000001,0.0,6.484000000000009,911.2399999999998,-0.03895889118124755,0.0,0.007115578771783516,-0.03184276370659761
LLLYALLTALLGGLLFALILI_0,110011001100110000,1,-66.3394,-65.7077,-58.7888,-225.219,-219.064,-238.391,-324.946,4604.63,3865.86,3788.66,-29.0075,-21.0952,-62.395,-61.2692,-27.7664,-41.9536,80.5683,-45.5321,6.55991,3.66976,3.37828,-20.4582,-45.1876,67.311,-43.6659,-346.041,6.6072,2.36513,1.8748,0,LLLYALLTALLGGLLFALILI,YALLTALLGGLLFAL,0.273650835278478,0.1086830391388661,G,99999900.0,-34.628600000000006,-7.550599999999996,13.171999999999997,738.77,-0.04687331645843768,-0.010220501644625521,0.01782963574590197,-0.03926458843753807
LLLAALLYVLASLLFTLLILI_2,110011001100110000,1,-74.23,-74.23,-74.3089,-232.804,-224.697,-242.364,-352.653,4568.08,3699.8,3638.29,-29.0018,-20.7311,-74.6211,-74.4566,-35.9799,-102.406,24.773,18.3329,8.89864,5.20529,4.07689,-18.5853,-105.336,9.98133,18.0,-371.719,8.8545,3.64788,2.2976,2,LLLAALLYVLASLLFTLLILI,AALLYVLASLLFTLL,0.7328151930627259,0.0708261205269068,L,99999900.0,-38.6412,0.0788999999999902,9.560000000000002,868.2799999999997,-0.04450315566407151,9.086930483253123e-05,0.011010273183765611,-0.03340143732436542
LLLAYLLTALLGLLLGSLILI_1,110011001100110000,1,-80.5018,-81.5396,-74.0659,-225.113,-223.842,-237.529,-355.097,4519.53,3612.96,3540.56,-28.9912,51792.5,-78.4739,51742.8,-43.502,-47.8023,72.9541,-47.4071,7.34623,3.51915,3.11346,19054.3,-48.1219,61.2568,-42.1281,51424.1,7.3101,1.98795,1.4068,1,LLLAYLLTALLGLLLGSLILI,AYLLTALLGLLLGSL,0.5020247649454165,0.0582749577199002,G,99999900.0,-34.9719,-6.435900000000004,12.415999999999997,906.5699999999997,-0.03857606141831299,-0.007099176015089851,0.013695577837342952,-0.03197899776079068
LLLLLALTALLYVLISLLILI_0,110011001100110000,1,-74.1077,-74.1322,-74.2211,-239.335,-225.827,-243.611,-376.704,4556.89,3712.97,3737.57,-28.9857,25.1602,-92.2467,-51.5845,-58.8719,-51.6101,68.9191,20.7426,9.53622,3.5456,3.07939,21.1675,-58.0774,48.3613,26.5833,-351.544,9.4347,1.74038,0.965799,0,LLLLLALTALLYVLISLLILI,LLALTALLYVLISLL,0.503585040842998,0.0894572213719337,L,99999900.0,-33.37480000000001,0.11340000000001282,4.275999999999982,843.9200000000005,-0.039547350459759205,0.00013437292634374437,0.005066830979239714,-0.03434650203810786
LLLLALLLAVLLTLLSILILI_2,110011001100110000,1,-66.913,-74.1796,-74.1796,-235.469,-220.197,-241.571,-389.999,4533.62,3576.82,3684.84,-28.9817,-3.37215,-116.599,-98.9944,-74.2483,-49.6149,96.3964,22.8305,8.78524,6.95574,6.90169,-2.60213,-57.7764,67.2616,24.5839,-393.371,9.4846,4.24678,3.7557,2,LLLLALLLAVLLTLLSILILI,LALLLAVLLTLLSIL,0.5014022495384886,0.0287837841554881,L,99999900.0,-42.3507,7.266599999999997,6.102000000000004,956.7999999999997,-0.04426285535117058,0.007594690635451504,0.0063775083612040194,-0.03029023829431439
LLLYALLGLLLGTLLAFLILI_0,110011001100110000,1,-65.8829,-66.0716,-58.718,-230.723,-223.112,-242.716,-336.56,4604.07,3733.05,3624.17,-28.9469,1005.33,-68.9018,957.955,-35.1263,-71.4495,65.3099,-40.9828,7.00141,6.03427,5.51392,977.38,-60.6857,64.7023,-38.4105,668.771,7.3229,4.33767,3.8082,0,LLLYALLGLLLGTLLAFLILI,YALLGLLLGTLLAFL,0.2966619619880996,0.1095027931924857,G,99999900.0,-33.775499999999994,-7.164900000000003,11.992999999999995,871.0199999999995,-0.03877695116070815,-0.008225873114279818,0.01376891460586439,-0.03323333562949188
LLLLALLVALLILLTFLLILI_1,110011001100110000,1,-58.9363,-58.9363,-58.8423,-247.741,-241.686,-243.813,-363.408,4626.31,3732.75,3729.43,-28.9367,68.1769,-85.6671,5.39197,-60.7519,-47.6198,80.9854,17.5183,9.65163,4.576,4.29078,64.4621,-46.2466,57.2221,21.3127,-291.206,9.1852,1.16197,0.520301,1,LLLLALLVALLILLTFLLILI,LALLVALLILLTFLL,0.3278158348389985,0.0748854989067016,L,99999900.0,-24.915200000000006,-0.0940000000000012,-3.9280000000000257,893.5600000000004,-0.027883074443797836,-0.00010519718877299919,-0.004395899547875939,-0.032383611620931986
LLLLFVLLWTLALLLSILILI_0,110011001100110000,1,-74.1549,-74.1549,-74.1549,-236.758,-223.044,-246.626,-375.92,4610.4,3686.62,3621.53,-28.9333,-13.78,-93.9406,-92.501,-55.1391,-48.4702,86.4115,17.9109,9.32432,5.43609,5.23226,-10.0239,-48.5702,75.1858,18.0,-389.7,9.3062,3.93561,3.5634,0,LLLLFVLLWTLALLLSILILI,LFVLLWTLALLLSIL,0.6647594454973943,0.0294971273553567,L,99999900.0,-38.801500000000004,0.0,9.867999999999995,923.7799999999997,-0.042002966074173524,0.0,0.010682197059906036,-0.031320552512502986
LLLLALLLAILYVLLSTLILI_2,110011001100110000,1,-74.2107,-74.2107,-74.2107,-249.434,-249.916,-244.143,-375.324,4535.55,3751.04,3654.94,-28.93,-21.7791,-80.6092,-72.9764,-56.9703,-49.2057,70.3719,23.8283,9.30995,3.38106,2.93664,-23.1251,-47.6786,61.7307,20.0175,-399.852,9.3356,1.98544,1.4114,2,LLLLALLLAILYVLLSTLILI,LALLLAILYVLLSTL,0.3861183231097339,0.0407235141669064,L,99999900.0,-23.6389,0.0,-5.290999999999997,784.5100000000002,-0.030132056952747566,0.0,-0.006744337229608284,-0.03687652165045696
LLLYALLLALVTLLFSLLILI_0,110011001100110000,1,-74.2444,-70.6738,-74.2444,-236.358,-224.1,-249.992,-359.298,4693.89,3715.31,3761.57,-28.9004,-9.781,-77.5961,-74.3046,-35.0615,-105.412,38.5267,27.5175,9.16527,7.51289,6.59079,-9.85101,-109.438,15.4447,28.0,-369.079,9.3468,5.00073,3.7324,0,LLLYALLLALVTLLFSLLILI,YALLLALVTLLFSLL,0.3734438105861707,0.0183854419629474,L,99999900.0,-42.534600000000005,0.0,13.633999999999986,978.5800000000004,-0.043465633877659456,0.0,0.01393243270861859,-0.029532996791268973
LLLYLLLAILLGALLSTLILI_0,110011001100110000,1,-85.1274,-80.447,-74.0416,-237.901,-226.169,-244.186,-369.66,4572.71,3999.47,3706.57,-28.897,134.749,-75.5285,71.7049,-51.4322,-54.1007,79.8557,-52.786,7.05961,5.39562,5.09345,42.0372,-61.1438,57.1136,-44.3354,-234.911,6.8899,3.3819,2.7386,0,LLLYLLLAILLGALLSTLILI,YLLLAILLGALLSTL,0.384199982599699,0.0422523897960505,G,99999900.0,-24.096299999999992,-11.085799999999992,6.284999999999997,573.2400000000002,-0.04203527318400667,-0.019338845858628127,0.010963994138580688,-0.05040995045705112
LLLLALLTVLLAILFSLLILI_0,110011001100110000,1,-74.2032,-74.2032,-74.2032,-242.54,-231.809,-242.442,-371.873,4548.62,3812.61,3961.86,-28.8767,-3.85966,-84.0068,-69.7202,-55.2282,-102.591,13.4389,14.4808,9.07984,3.70287,2.40445,-4.01956,-95.2993,8.2247,24.1394,-375.733,9.5,1.90523,0.528601,0,LLLLALLTVLLAILFSLLILI,LALLTVLLAILFSLL,0.3744241473041576,0.0217301487894114,L,99999900.0,-28.778599999999997,0.0,-0.09799999999998477,736.0099999999998,-0.03910082743440987,0.0,-0.00013315036480480535,-0.039234113666933884
LLLTALLLLLVALLFSLLILI_1,110011001100110000,1,-60.3638,-60.3638,-60.3638,-231.651,-223.747,-245.869,-370.225,4629.71,3597.79,3619.86,-28.8699,-19.9679,-107.08,-106.082,-63.9924,-104.295,20.1044,23.2503,9.03849,4.85828,3.65985,-17.4549,-108.465,3.31896,22.5121,-388.623,9.059,3.21781,1.76759,1,LLLTALLLLLVALLFSLLILI,TALLLLLVALLFSLL,0.4901029344568616,0.0979810462019635,L,99999900.0,-43.087599999999995,0.0,14.21799999999999,1031.92,-0.041754787192805634,0.0,0.013778199860454287,-0.02797687805256221
LLLLALLLLALTVLLSILILI_1,110011001100110000,1,-74.1661,-74.0293,-74.2251,-240.352,-225.847,-241.327,-389.196,4525.29,3709.2,3637.09,-28.8452,-5.05422,-103.522,-94.3734,-73.6434,-48.8213,91.71,17.7085,9.32226,6.20405,6.0797,-6.04537,-61.0233,60.9634,18.806,-395.46,9.3641,3.88355,3.298,1,LLLLALLLLALTVLLSILILI,LALLLLALTVLLSIL,0.4027186714125327,0.0548024009998383,L,99999900.0,-29.878600000000006,0.0589999999999975,0.9749999999999943,816.0900000000001,-0.03661189329608254,7.229594775085773e-05,0.0011947211704591333,-0.035345611390900505
LLLLAALLLILTVLLSLLILI_1,110011001100110000,1,-70.7182,-70.5968,-74.3213,-244.371,-244.339,-241.867,-389.16,4548.36,3687.24,3637.5,-28.8316,-0.870579,-102.902,-75.0951,-72.9724,-47.5283,78.0255,26.6247,9.75504,4.16269,3.83307,-19.9523,-52.4978,61.3022,27.6773,-409.079,9.5,2.65047,2.07,1,LLLLAALLLILTVLLSLLILI,LAALLLILTVLLSLL,0.3781037366823936,0.0881796774299326,L,99999900.0,-29.929600000000008,3.6030999999999977,-2.504000000000019,861.1199999999999,-0.0347565960609439,0.004184201969528054,-0.002907840951319235,-0.03348151244890376
LLLLLFLLIILYVLLLTLILI_0,110011001100110000,1,-58.8948,-58.8948,-58.8948,-246.104,-232.298,-252.723,-371.252,4678.64,3804.16,3738.52,-28.8267,20.2402,-95.0796,-59.8185,-59.6346,-61.1371,82.4979,22.3782,10.0424,6.80777,6.54524,20.4348,-58.8493,70.7487,27.494,-351.012,9.4061,4.87847,4.4397,0,LLLLLFLLIILYVLLLTLILI,LLFLLIILYVLLLTL,0.5830638825231044,0.0475575226719356,L,99999900.0,-35.445,0.0,6.619,874.4800000000005,-0.0405326594090202,0.0,0.007569069618516142,-0.03296439026621533
LLLLIILLALLFVLTSLLILI_2,110011001100110000,1,-74.1899,-74.1961,-74.1899,-244.413,-235.583,-245.355,-380.606,4542.28,3683.68,3621.52,-28.8196,79.1587,-90.823,8.33156,-61.0619,-54.6238,58.4871,23.9913,9.52645,2.58933,1.96663,62.5084,-61.242,41.034,21.0547,-305.638,9.0349,1.22589,0.3414,2,LLLLIILLALLFVLTSLLILI,LIILLALLFVLTSLL,0.3560923796090343,0.0731165867644987,L,99999900.0,-29.761099999999992,0.0,0.9419999999999789,858.5999999999999,-0.034662357325879335,0.0,0.0010971348707197518,-0.03356580479850921
LLLYALLGVLLGTLLSLLILI_0,110011001100110000,1,-79.927,-78.9686,-73.9815,-226.657,-217.319,-242.696,-361.731,4550.45,3705.31,3678.26,-28.8177,-14.4635,-83.9645,-79.9069,-45.0537,-96.9271,48.087,-45.627,6.74665,7.53081,6.75211,-15.1197,-95.1126,40.1521,-41.2795,-376.194,7.0002,6.18742,5.2897,0,LLLYALLGVLLGTLLSLLILI,YALLGVLLGTLLSLL,0.3842120356435181,0.0386841768270785,G,99999900.0,-38.9108,-5.94550000000001,16.038999999999987,845.1399999999999,-0.0460406559859905,-0.0070349291241687895,0.018977920817852652,-0.03409813758667203
LLLYFLLAVLTSLLASLLILI_1,110011001100110000,1,-89.3038,-90.7983,-89.6301,-239.048,-235.684,-247.896,-365.787,4646.97,3748.09,3696.47,-28.8049,-2.81907,-66.2399,-42.1242,-28.261,-103.159,42.7633,25.0341,8.83479,7.74684,6.88829,-5.63926,-106.428,19.5913,24.4851,-371.456,8.9302,5.10903,3.9029,1,LLLYFLLAVLTSLLASLLILI,YFLLAVLTSLLASLL,0.2528327304755615,0.0513988828667558,L,99999900.0,-37.97890000000001,0.32630000000000337,8.847999999999985,898.8800000000001,-0.042251357244571026,0.0003630072979708118,0.009843360626557475,-0.03204532306870772
LLLLLALLAVLTSLLYLLILI_0,110011001100110000,1,-76.3242,-75.7391,-74.3012,-232.895,-217.692,-243.863,-378.968,4562.05,3633.89,3615.74,-28.7876,-8.96368,-98.5369,-94.5007,-60.8041,-6.5823,111.365,21.9843,8.72114,2.52161,2.69209,-8.61929,-7.37323,96.1061,21.1567,-387.932,8.5838,0.580309,0.521901,0,LLLLLALLAVLTSLLYLLILI,LLALLAVLTSLLYLL,0.4649666487919341,0.0093774525889162,L,99999900.0,-37.732800000000005,-2.0230000000000103,10.96799999999999,928.1600000000003,-0.040653335631787614,-0.002179581106705751,0.011816928115842082,-0.03101577314256162
LLLALLLGALLGVLLGTLILI_2,110011001100110000,1,-72.5746,-73.1769,-58.7607,-202.756,-208.338,-227.801,-347.153,4397.09,3461.71,3504.25,-28.772,-27.9111,-100.594,-93.5489,-60.5911,-87.5829,51.8301,-31.8333,6.5872,6.6345,5.91195,-26.049,-81.7407,58.0906,-35.0,-373.566,6.5862,6.60334,5.9747,2,LLLALLLGALLGVLLGTLILI,ALLLGALLGVLLGTL,1.0385571690157054,0.0931380790449996,G,99999900.0,-40.0029,-13.813900000000004,25.044999999999987,935.3800000000001,-0.04276646924244691,-0.014768222540571748,0.026775214351386585,-0.03075969124847655
LLLYGLLFLLLGVLLASLILI_0,110011001100110000,1,-66.7508,-69.1034,-60.3826,-230.127,-223.613,-244.353,-342.669,4679.64,3845.23,3672.04,-28.7714,-20.3789,-74.5627,-70.3315,-37.9329,-68.3016,61.0098,-44.1491,7.21905,4.98156,4.39671,-20.0746,-65.984,55.7173,-41.1231,-363.047,6.918,3.91944,3.2552,0,LLLYGLLFLLLGVLLASLILI,YGLLFLLLGVLLASL,0.349213686049056,0.0719454710966091,G,99999900.0,-36.62980000000001,-6.368200000000002,14.225999999999999,834.4100000000003,-0.043899042437171173,-0.007631979482508598,0.017049172469169826,-0.034481130379549606
LLLLAALLLFLTVLLSILILI_1,110011001100110000,1,-70.5331,-67.1543,-74.2474,-241.585,-230.265,-243.037,-371.924,4551.79,3667.65,3654.26,-28.759,-16.8224,-88.5653,-91.3272,-54.6394,-51.0255,87.3689,19.6608,9.09791,5.94863,5.75916,-17.4722,-52.31,68.7173,21.7433,-390.067,9.1269,3.62334,3.1541,1,LLLLAALLLFLTVLLSILILI,LAALLLFLTVLLSIL,0.3960016330830683,0.0665358998705228,L,99999900.0,-33.92589999999999,3.7142999999999944,1.4519999999999982,884.1399999999999,-0.03837163797588617,0.004201031510846693,0.0016422738480331152,-0.03252765399144932
LLLAYLLGVLLGLLLTFLILI_2,110011001100110000,1,-60.2108,-60.906,-58.8052,-225.62,-225.327,-243.173,-343.228,4573.98,3548.37,3633.1,-28.7551,314.796,-86.1521,257.8,-41.2496,-111.002,38.6447,-33.6835,7.15546,8.36731,7.44698,-11.0513,-110.774,26.9453,-35.6005,-357.264,7.4545,6.75371,5.65789,2,LLLAYLLGVLLGLLLTFLILI,AYLLGVLLGLLLTFL,0.9873607264612227,0.0317572319735496,G,99999900.0,-44.9025,-1.4055999999999997,17.552999999999997,1025.6099999999997,-0.04378126188317198,-0.0013705014576690948,0.017114692719454767,-0.028037070621386304
LLLLYLLTALLFLLTSLLILI_0,110011001100110000,1,-87.811,-87.9517,-87.8384,-237.836,-222.34,-247.689,-376.559,4688.88,3628.47,3509.13,-28.7477,95.6127,-79.6604,29.3452,-41.0322,-52.2219,90.5335,22.1554,9.5345,6.5553,6.41331,90.7389,-52.6153,78.89,21.7839,-280.947,8.5648,5.04245,4.7258,0,LLLLYLLTALLFLLTSLLILI,LYLLTALLFLLTSLL,0.4822970518613534,0.0325375816273275,L,99999900.0,-38.62819999999999,0.02739999999998588,9.85299999999998,1060.4100000000003,-0.03642760818928526,2.583906224949394e-05,0.009291689063664033,-0.02710998576022481
LLLYTLLVALLFLLLSALILI_0,110011001100110000,1,-68.7005,-67.9491,-60.3561,-240.623,-228.786,-249.737,-350.468,4710.9,3962.52,3830.94,-28.7409,-15.307,-69.8854,-69.0402,-40.3744,-58.5405,93.0826,-43.2958,8.51434,7.84721,7.74345,-14.4496,-51.2979,78.2928,-38.8144,-365.775,8.175,4.76421,4.4386,0,LLLYTLLVALLFLLLSALILI,YTLLVALLFLLLSAL,0.2947388139751165,0.080720890626164,R,99999900.0,-29.511000000000003,-8.344400000000007,9.114000000000004,748.3799999999997,-0.03943317565942438,-0.011149950559876014,0.012178305139100468,-0.03840415297041612
LLLYLLLAVLTSLLFLLLILI_1,110011001100110000,1,-74.2794,-74.2794,-74.2794,-242.921,-239.267,-253.068,-373.636,4708.03,3822.5,3769.53,-28.7389,63.0059,-85.1743,2.91592,-46.2891,-103.882,30.4066,17.8328,9.22125,6.18714,5.14324,-8.94583,-106.207,9.91437,18.5239,-382.721,9.5,3.76949,2.41821,1,LLLYLLLAVLTSLLFLLLILI,YLLLAVLTSLLFLLL,0.18028355934481,0.0624060035295033,L,99999900.0,-38.885200000000005,0.0,10.14700000000002,885.5299999999997,-0.04391178164489065,0.0,0.011458674466138949,-0.03245389766580467
LLLLFVLALLLATLISLLILI_1,110011001100110000,1,-74.1181,-74.1181,-74.1181,-235.38,-234.39,-241.612,-368.327,4572.84,3631.54,3604.98,-28.7372,17.9503,-87.5655,-41.8681,-52.5969,-56.0828,63.0613,15.949,9.03885,3.42569,2.87161,-10.3397,-58.638,47.7207,18.5491,-380.675,9.3098,1.73799,0.9538,1,LLLLFVLALLLATLISLLILI,LFVLALLLATLISLL,0.3385796874436961,0.0300055973422505,L,99999900.0,-34.9686,0.0,6.231999999999999,941.3000000000002,-0.0371492616594072,0.0,0.006620631042175713,-0.03052926803357059
LLLLALLTALLAVLFSLLILI_2,110011001100110000,1,-74.2545,-74.2545,-74.2545,-233.107,-234.71,-238.206,-365.83,4512.44,3647.15,3711.73,-28.7343,-24.6639,-87.2028,-81.5288,-53.369,-58.8461,58.8644,18.82,8.51281,3.2736,2.65657,-14.5884,-62.777,41.5464,18.0,-381.057,8.7861,1.52531,0.648506,2,LLLLALLTALLAVLFSLLILI,LALLTALLAVLFSLL,0.3529839954386058,0.0507513266785518,L,99999900.0,-33.8338,0.0,5.0989999999999895,865.2899999999995,-0.03910111061031563,0.0,0.005892822059656292,-0.03320771070970428
LLLLAVLLFILALLLSTLILI_1,110011001100110000,1,-74.1919,-74.1919,-74.1919,-235.127,-236.181,-242.289,-372.267,4552.86,3598.62,3560.81,-28.7294,-19.0036,-91.6775,-80.8979,-55.7861,-52.5667,87.2267,18.1406,8.96312,6.1606,5.969,-13.7701,-51.4071,76.6816,21.371,-385.988,9.0684,4.56308,4.2133,1,LLLLAVLLFILALLLSTLILI,LAVLLFILALLLSTL,0.4313875607267996,0.0204539548039622,L,99999900.0,-35.8914,0.0,7.161999999999978,954.2399999999998,-0.03761255030181087,0.0,0.007505449362843707,-0.03010710093896714
LLLLALLLFVLAILLSTLILI_2,110011001100110000,1,-74.3336,-74.1968,-74.1793,-240.793,-241.764,-242.319,-371.934,4541.11,3643.79,3573.59,-28.7224,-3.20433,-85.5295,-59.1776,-55.4356,-50.6199,84.3775,22.1785,9.01769,5.48395,5.24962,-14.4205,-51.9769,68.2057,27.0969,-387.426,8.9741,3.50431,3.0274,2,LLLLALLLFVLAILLSTLILI,LALLLFVLAILLSTL,0.2931791720874687,0.0552371500070695,L,99999900.0,-30.093899999999998,-0.15430000000000632,1.525999999999982,897.3199999999997,-0.033537533990103875,-0.0001719564926670601,0.0017006196228769922,-0.0320090937458209
LLLLTLLLFILALLLSVLILI_0,110011001100110000,1,-60.4286,-60.4286,-60.4286,-236.923,-221.802,-246.35,-373.391,4602.6,3639.26,3632.92,-28.7014,-10.8487,-104.74,-102.009,-66.6126,-52.9359,84.499,23.0583,9.12344,5.84775,5.61524,-11.0277,-56.9271,66.5563,23.7083,-384.24,9.2343,4.02416,3.5225,0,LLLLTLLLFILALLLSVLILI,LTLLLFILALLLSVL,0.524887151245666,0.0971224946752984,L,99999900.0,-38.127399999999994,0.0,9.426999999999992,963.3400000000001,-0.03957834201839432,0.0,0.009785745427367275,-0.029793634646127012
LLLLFLLLAVLYALLSTLILI_1,110011001100110000,1,-74.1125,-74.1125,-74.1125,-242.466,-236.185,-243.974,-359.02,4530.43,3685.91,3585.49,-28.6781,-21.4448,-71.1193,-70.1664,-40.9329,-51.7604,79.4683,26.7253,9.78538,4.99228,4.6843,-13.77,-51.2293,66.1027,23.4186,-375.871,9.2593,3.10826,2.5998,1,LLLLFLLLAVLYALLSTLILI,LFLLLAVLYALLSTL,0.3732923567604444,0.0520525398758854,L,99999900.0,-30.1864,0.0,1.5079999999999814,844.5200000000004,-0.03574385449722917,0.0,0.001785629706815683,-0.033957869559039434
LLLYLLLAILVTLLFSLLILI_1,110011001100110000,1,-74.2134,-70.6326,-74.2134,-245.963,-238.661,-253.065,-368.337,4670.0,3839.21,3755.23,-28.6748,-14.2323,-76.8347,-73.2754,-41.0587,-106.77,42.3535,22.5589,9.69762,8.23319,7.3685,-7.16507,-109.256,17.1194,24.9032,-375.699,9.5,5.19952,3.95631,1,LLLYLLLAILVTLLFSLLILI,YLLLAILVTLLFSLL,0.2149312602640536,0.0849868761475998,L,99999900.0,-35.775999999999996,0.0,7.102000000000004,830.79,-0.04306262713802525,0.0,0.008548489991453922,-0.03451510008546083
LLLLALLLLFLTVLLSILILI_1,110011001100110000,1,-70.7009,-67.1543,-74.3063,-244.99,-243.698,-246.528,-383.912,4575.88,3744.48,3619.01,-28.6633,-23.2298,-96.884,-96.2888,-63.0777,-46.5169,86.5783,23.5357,9.20116,5.16562,4.96429,-17.6583,-52.31,68.7173,21.7433,-402.051,9.1269,3.62334,3.1541,1,LLLLALLLLFLTVLLSILILI,LALLLLFLTVLLSIL,0.2792395363159123,0.0443668949837436,L,99999900.0,-33.8063,3.605399999999989,1.5379999999999825,831.4000000000001,-0.04066189559778686,0.004336540774597051,0.0018498917488573277,-0.03447594419052201
LLLLALLFTLVSLLLALLILI_0,110011001100110000,1,-74.225,-66.9823,-74.225,-229.285,-220.701,-241.136,-370.29,4591.51,3667.9,3639.92,-28.6619,-16.1133,-95.4417,-98.7198,-54.929,-107.476,28.7985,25.8194,9.3182,6.50924,5.44122,-15.8978,-106.922,18.626,24.6214,-386.403,9.4303,5.05281,3.8322,0,LLLLALLFTLVSLLLALLILI,LALLFTLVSLLLALL,0.4672592568783567,0.0736943314566504,L,99999900.0,-40.512699999999995,0.0,11.850999999999999,923.6100000000001,-0.043863427204122944,0.0,0.012831173330734831,-0.031032470415001998
LLLYFLLALLLGVLLGTLILI_0,110011001100110000,1,-60.0935,-64.6672,-58.7258,-233.5,-221.74,-245.325,-337.758,4656.96,3578.12,3510.02,-28.6578,-23.7551,-72.8225,-75.1056,-33.7069,-83.5165,41.0163,-32.018,7.80494,4.56468,3.67992,-23.3286,-72.2097,37.011,-35.0,-361.513,7.3038,2.32794,1.3831,0,LLLYFLLALLLGVLLGTLILI,YFLLALLLGVLLGTL,0.3327050797944639,0.0950996727451971,G,99999900.0,-39.11560000000001,-1.3676999999999992,11.824999999999989,1078.8400000000001,-0.0362570909495384,-0.001267750546883689,0.010960846835489958,-0.026563531200177966
LLLSTLLGALLGILLAALILI_0,110011001100110000,1,-71.6015,-70.6996,-44.8537,-213.593,-212.019,-248.295,-357.085,4414.53,3567.96,3571.72,-28.6349,-2.20912,-100.525,-76.5755,-63.9364,-66.4041,68.9511,-37.324,6.46403,5.76902,5.30329,-8.41341,-68.8242,63.6738,-35.7825,-359.294,6.5843,5.41959,4.8747,0,LLLSTLLGALLGILLAALILI,STLLGALLGILLAAL,0.8778721751632697,0.0204732527441425,G,99999900.0,-36.58860000000001,-26.747799999999998,34.702,846.5699999999997,-0.04321981643573481,-0.03159549712368736,0.04099129428163059,-0.033824609896405504
LLLLIVLLLILTLLLSFLILI_0,110011001100110000,1,-74.1695,-74.1699,-74.3139,-253.301,-238.186,-249.43,-391.533,4583.36,3912.49,3655.4,-28.6265,133.753,-92.6896,54.5749,-67.7892,-48.4961,83.8043,29.4776,9.89002,5.08799,4.84505,125.433,-55.2755,63.3818,20.3382,-257.781,9.5,3.34787,2.7986,0,LLLLIVLLLILTLLLSFLILI,LIVLLLILTLLLSFL,0.3683705000556143,0.0622595682392894,L,99999900.0,-24.900400000000005,0.14440000000000452,-3.870999999999981,670.8699999999999,-0.03711657996333121,0.0002152428935561354,-0.005770119397200622,-0.04267071116609776
LLLLAVLLAILYLLLSTLILI_2,110011001100110000,1,-74.1999,-74.1999,-74.1999,-239.446,-243.221,-244.767,-375.672,4530.5,3685.35,3600.89,-28.6263,0.930746,-90.6525,-57.3201,-56.7048,-48.1931,78.3429,27.0106,9.34188,4.30524,3.98039,-21.5464,-49.9452,71.2181,28.0,-398.964,9.4728,3.60623,3.1745,2,LLLLAVLLAILYLLLSTLILI,LAVLLAILYLLLSTL,0.411653592723477,0.0604426687710162,L,99999900.0,-33.947700000000005,0.0,5.320999999999998,845.1500000000001,-0.04016766254511034,0.0,0.006295923800508783,-0.03387126545583624
LLLLYLLLFVLATLLLSLILI_0,110011001100110000,1,-74.2037,-74.2037,-74.2037,-236.48,-218.005,-246.939,-369.71,4670.61,3600.02,3507.55,-28.6262,118.062,-87.6522,40.5606,-48.5676,-56.8084,81.0151,20.8097,10.0672,5.9583,5.67353,102.575,-56.1344,66.139,24.0594,-251.648,9.2891,3.84892,3.341,0,LLLLYLLLFVLATLLLSLILI,LYLLLFVLATLLLSL,0.2642268726994604,0.0387656723513232,L,99999900.0,-39.084599999999995,0.0,10.459000000000003,1070.5899999999997,-0.03650753322934084,0.0,0.009769379501022806,-0.02673871416695468
LLLYLLLFVLTALLLSLLILI_2,110011001100110000,1,-74.2041,-74.2586,-74.1712,-242.738,-237.1,-252.899,-373.413,4705.56,3807.15,3698.53,-28.6169,49.8498,-85.0874,-12.2045,-46.3429,-107.228,18.3131,24.8478,9.37758,5.05647,3.83117,54.8083,-107.513,0.121037,18.1138,-318.083,9.2691,2.64329,1.14511,2,LLLYLLLFVLTALLLSLLILI,YLLLFVLTALLLSLL,0.1500317920954147,0.0896865176284889,L,99999900.0,-38.7445,-0.03289999999999793,10.161000000000001,898.4100000000003,-0.043125633062855474,-3.662025133290805e-05,0.011309980966373924,-0.03185282888658852
LLLATLLLALVALLFSLLILI_1,110011001100110000,1,-64.5437,-60.3623,-60.3623,-229.733,-222.622,-239.382,-356.549,4558.16,3646.19,3633.06,-28.5714,-13.0356,-90.8438,-86.6,-56.8043,-108.551,27.633,17.7794,9.04117,6.51317,5.42767,-15.7415,-112.025,6.02704,18.0,-371.842,9.0427,4.1174,2.70781,1,LLLATLLLALVALLFSLLILI,ATLLLALVALLFSLL,0.489896290629769,0.0110570735311769,L,99999900.0,-34.039500000000004,-4.181400000000004,9.649000000000001,911.9699999999998,-0.03732524096187376,-0.004585019244054086,0.010580391898856326,-0.03132932004342249
LLLLYVLLALLFTLLIILILI_2,110011001100110000,1,-58.8738,-51.7745,-58.8738,-246.822,-237.278,-250.315,-360.319,4611.98,3739.35,3654.25,-28.5505,55.7453,-83.174,-15.5218,-51.1307,-54.8434,82.2374,27.1306,9.98308,5.82856,5.56213,54.0728,-53.8932,62.0075,22.5561,-303.468,9.1861,2.95499,2.3851,2,LLLLYVLLALLFTLLIILILI,LYVLLALLFTLLIIL,0.3366530946317538,0.0672078765169403,L,99999900.0,-32.04330000000001,0.0,3.492999999999995,872.6299999999997,-0.03672037404169009,0.0,0.004002841983429399,-0.032717761250472724
LLLFALLTILLILLYVLLILI_1,110011001100110000,1,-58.9308,-58.9913,-58.9913,-252.829,-244.394,-251.945,-362.899,4672.13,3862.77,3762.87,-28.517,50.8093,-79.6557,-8.70374,-51.9629,-106.83,26.5301,25.5255,9.81263,6.10611,5.00406,49.8802,-99.2526,18.5861,24.7801,-311.846,9.1248,3.89701,2.6758,1,LLLFALLTILLILLYVLLILI,FALLTILLILLYVLL,0.233359528728018,0.0909956993852191,L,99999900.0,-27.6928,0.06050000000000466,-0.8840000000000146,809.3600000000001,-0.03421567658396757,7.475042008501118e-05,-0.0010922210141346427,-0.03523401205891074
LLLLYVLIALLALLTSLLILI_0,110011001100110000,1,-74.2254,-74.2115,-74.2254,-238.892,-216.683,-242.032,-371.853,4540.6,3643.76,3617.26,-28.5153,720.066,-87.2513,639.107,-55.5959,-56.795,67.5084,21.0865,10.419,4.1329,3.64552,564.582,-61.8139,38.3354,27.3116,348.213,9.2372,0.947369,0.0224006,0,LLLLYVLIALLALLTSLLILI,LYVLIALLALLTSLL,0.3721755192679115,0.0411175202521751,L,99999900.0,-31.6554,0.0,3.140000000000015,896.8400000000001,-0.0352965969403684,0.0,0.003501181927657123,-0.03179530351010213
LLLLVALLLFLLILLSTLILI_1,110011001100110000,1,-74.2249,-74.0927,-74.2311,-247.993,-248.914,-246.547,-383.058,4609.29,3764.71,3672.51,-28.498,-3.82217,-89.3376,-63.8729,-62.2795,-10.9005,108.611,17.7653,9.88479,2.79752,2.92668,-9.28267,-8.98253,98.9788,18.8869,-388.848,9.4948,1.20952,1.1942,1,LLLLVALLLFLLILLSTLILI,LVALLLFLLILLSTL,0.4225135319204721,0.0283943199477184,L,99999900.0,-27.058099999999996,0.006199999999992656,-1.445999999999998,844.5799999999999,-0.03203734400530441,7.340926851207294e-06,-0.0017120935849771462,-0.03374221506547634
LLLYVLLATLLGLLLGFLILI_0,110011001100110000,1,-65.945,-66.8369,-58.7168,-231.148,-222.718,-245.137,-340.649,4614.05,3996.22,3684.26,-28.483,-20.3736,-72.0391,-71.4685,-36.7952,-68.8725,56.9525,-45.5209,6.54801,4.51947,3.87376,-20.7222,-65.7313,50.1254,-42.5945,-361.023,6.5,3.12662,2.3785,0,LLLYVLLATLLGLLLGFLILI,YVLLATLLGLLLGFL,0.329130102366268,0.0381047644779614,G,99999900.0,-35.243900000000004,-7.228199999999994,13.989000000000004,617.8300000000004,-0.05704465629703961,-0.0116993347684638,0.0226421507534435,-0.046101678455238465
LLLLALLTVLAALLFSLLILI_2,110011001100110000,1,-70.607,-74.2722,-74.2722,-235.022,-227.161,-238.417,-364.953,4545.82,3745.74,3701.37,-28.4699,-0.897848,-87.7938,-64.4173,-52.2636,-102.709,18.7417,19.1651,9.10062,4.43648,3.2176,-16.6017,-102.525,9.41563,21.6565,-381.838,9.0937,3.14986,1.79109,2,LLLLALLTVLAALLFSLLILI,LALLTVLAALLFSLL,0.3525243303769652,0.07113063300196,L,99999900.0,-35.53020000000001,3.6651999999999987,3.3950000000000102,800.0799999999999,-0.04440830916908311,0.004581041895810418,0.00424332566743327,-0.03558381661833817
LLLLVTLLAILLYLLSLLILI_1,110011001100110000,1,-62.052,-56.2581,-60.304,-241.63,-230.297,-248.469,-379.566,4629.19,3687.3,3625.05,-28.4672,-11.9244,-104.351,-104.935,-70.7931,-9.00771,110.333,20.685,9.2598,2.74612,2.90112,-9.61214,-12.5847,91.0213,18.8903,-389.138,8.9604,0.675581,0.540901,1,LLLLVTLLAILLYLLSLLILI,LVTLLAILLYLLSLL,0.3315829522079506,0.1225862258586259,L,99999900.0,-33.557900000000004,-1.7479999999999976,6.838999999999999,941.8899999999994,-0.03562825807684552,-0.0018558430389960597,0.007260932805316972,-0.03022348681905532
LLLLYFLLAVLTILLSLLILI_1,110011001100110000,1,-74.2388,-74.2388,-74.2388,-246.89,-231.457,-248.203,-365.687,4678.72,3784.16,3729.47,-28.4355,10.9046,-72.9935,-49.0864,-43.2455,-48.4044,97.3922,18.6067,9.64086,6.9086,6.86949,2.97259,-41.0172,86.6948,19.8286,-353.324,9.5,4.35638,4.1568,1,LLLLYFLLAVLTILLSLLILI,LYFLLAVLTILLSLL,0.153913300890659,0.0749451394354545,L,99999900.0,-29.747999999999998,0.0,1.3130000000000166,894.5600000000004,-0.03325433732784831,0.0,0.0014677606868181185,-0.03178713557503129
LLLLAALLYTLAVLLSLLILI_2,110011001100110000,1,-74.2179,-74.2179,-74.2179,-236.0,-242.695,-239.672,4149390.0,4601.98,3622.61,3623.19,-28.4257,-4.75747,4149670.0,4149700.0,4149700.0,-52.6335,71.1225,14.4803,9.47724,3.99656,3.56339,-6.25397,-51.1865,63.7969,19.4517,4149390.0,9.2447,2.79055,2.2475,2,LLLLAALLYTLAVLLSLLILI,LAALLYTLAVLLSLL,1.0100658113942154,0.0196742121466382,L,99999900.0,-30.0,0.0,3.671999999999997,979.3699999999994,-0.03063193685736751,0.0,0.00374934907134178,-0.029024474917549052
LLLLAILLLLLTVLFSLLILI_0,110011001100110000,1,-70.7353,-70.7353,-74.3434,-244.188,-235.625,-246.509,-384.128,4583.0,3685.3,3662.4,-28.4257,-19.6076,-97.6302,-97.3754,-63.2762,-46.8921,66.5645,19.8631,9.38649,2.52002,2.01849,-19.7181,-48.5915,55.2725,20.6758,-403.736,9.4918,1.25051,0.579597,0,LLLLAILLLLLTVLFSLLILI,LAILLLLLTVLFSLL,0.2157656108307099,0.0690106158638311,L,99999900.0,-34.354,3.6081000000000074,2.320999999999998,897.6999999999998,-0.038268909435223354,0.004019271471538385,0.0025854962682410588,-0.03166503286175783
LLLAYLLGVLLGLLLTALILI_1,110011001100110000,1,-60.1962,-58.9187,-58.8052,-220.46,-211.367,-238.52,-348.831,4528.63,3445.76,3588.63,-28.4218,0.829934,-96.5968,-77.7163,-51.5062,-111.061,38.4207,-33.6956,7.15997,8.34589,7.4222,-13.5841,-110.774,26.9453,-35.6005,-362.688,7.4545,6.75371,5.65789,1,LLLAYLLGVLLGLLLTALILI,AYLLGVLLGLLLTAL,1.034483160847264,0.0901253732821859,G,99999900.0,-45.0906,-1.3909999999999982,18.060000000000002,1082.87,-0.0416399013732027,-0.0012845493918937623,0.01667790224126627,-0.026246733218207176
LLLLLALLLLLTVLASLLILI_2,110011001100110000,1,-74.1795,-74.2402,-74.2991,-241.555,-240.181,-240.917,-392.752,4574.34,3671.58,3642.29,-28.3937,-23.3572,-105.412,-101.688,-77.5366,-49.092,69.9158,25.2219,9.49434,3.30243,2.85117,-16.2253,-48.5915,55.2725,20.6758,-410.045,9.4918,1.25051,0.579597,2,LLLLLALLLLLTVLASLLILI,LLALLLLLTVLASLL,0.3495484201770899,0.0064934558726857,L,99999900.0,-27.8754,0.11959999999999127,-0.6380000000000052,902.7600000000002,-0.03087797421241525,0.0001324826088882884,-0.0007067216092870809,-0.03145210244140192
LLLLYWLLTILVALLASLILI_0,110011001100110000,1,-77.7041,-78.5003,-74.1445,-233.803,-219.352,-245.97,-366.993,4572.71,3773.08,3760.67,-28.3723,-14.4702,-83.859,-83.6109,-46.879,-6.5943,108.876,23.2706,9.20019,2.18744,2.32059,-13.7141,-8.04023,93.8271,22.8656,-381.464,9.1939,0.372694,0.280101,0,LLLLYWLLTILVALLASLILI,LYWLLTILVALLASL,0.6034307200028004,0.0554674058889528,L,99999900.0,-36.98,-3.559600000000003,12.167000000000002,799.6300000000001,-0.04624638895489163,-0.004451558845966263,0.015215787301627003,-0.03548178532571314
LLLLLALLLILVTLLSFLILI_0,110011001100110000,1,-74.1387,-68.9898,-74.1387,-245.562,-230.89,-246.015,-383.235,4608.1,3777.21,3701.77,-28.3531,-10.4875,-91.8875,-93.8434,-63.0821,-13.4773,102.621,22.0182,9.50202,2.37549,2.41481,-9.96802,-15.856,85.056,19.3699,-393.723,9.4176,0.36096,0.1368,0,LLLLLALLLILVTLLSFLILI,LLALLLILVTLLSFL,0.3567431750088874,0.0808203984382639,L,99999900.0,-28.805400000000006,0.0,0.45299999999997453,830.8900000000003,-0.03466812694821215,0.0,0.0005451985220666688,-0.03412377089626784
LLLSYLLTILLAFLLSLLILI_0,110011001100110000,1,-92.3432,-93.3901,-74.0675,-238.222,-236.536,-258.739,-376.725,4638.68,3743.75,3767.02,-28.3498,-27.1494,-74.5106,-73.9491,-43.919,-62.4819,64.442,-46.1039,8.70513,4.57195,4.03858,-26.1076,-64.7378,56.4022,-45.0,-403.875,8.8345,3.82497,3.171,0,LLLSYLLTILLAFLLSLLILI,SYLLTILLAFLLSLL,0.4490404224356109,0.0312164578406603,R,99999900.0,-30.5916,-18.2757,20.516999999999967,894.9300000000003,-0.03418323220810565,-0.02042137373872816,0.022925815426904854,-0.03167823181701361
LLLLLLLLAILITLLSVLILI_1,110011001100110000,1,-74.119,-70.471,-74.119,-248.863,-244.8,-244.68,-397.952,4542.54,3724.59,3569.33,-28.3256,-19.9168,-103.295,-102.598,-79.1528,-47.3662,69.5924,19.7374,9.96382,2.9999,2.54379,-16.1123,-49.1,60.9087,20.3213,-402.349,9.2716,2.08767,1.5013,1,LLLLLLLLAILITLLSVLILI,LLLLLAILITLLSVL,0.3509421924287549,0.0873611204012488,L,99999900.0,-24.142200000000003,0.0,-4.182999999999993,817.9499999999998,-0.02951549605721622,0.0,-0.005114004523503874,-0.03462998960816677
LLLLYLLLIVLTILLSLLILI_0,110011001100110000,1,-74.3249,-74.2433,-74.2383,-249.263,-232.995,-251.357,-392.757,4603.61,3738.49,3587.24,-28.321,47.8992,-97.4894,-37.6192,-67.1618,-56.6501,79.47,21.4127,10.299,5.72596,5.41801,47.7756,-49.0441,69.7266,23.1475,-344.857,9.4231,3.2697,2.8156,0,LLLLYLLLIVLTILLSLLILI,LYLLLIVLTILLSLL,0.2332669980501928,0.0262177758828462,L,99999900.0,-30.327600000000004,-0.08660000000000423,2.093999999999994,865.1199999999999,-0.03505594599593121,-0.00010010171999260709,0.0024204734603291964,-0.03273649898280008
LLLLTLLVALLAFLISLLILI_1,110011001100110000,1,-60.3609,-60.3911,-60.3538,-236.138,-228.85,-242.235,-363.811,4597.35,3698.18,3644.17,-28.3143,-14.2994,-95.6261,-88.8694,-61.2224,-49.2781,100.253,20.9064,9.11379,7.42587,7.42967,-9.01936,-54.0792,78.5495,19.5461,-373.271,8.8671,5.21606,4.8943,1,LLLLTLLVALLAFLISLLILI,LTLLVALLAFLISLL,0.4842776896524811,0.0319655930990444,L,99999900.0,-34.40369999999999,-0.0071000000000012164,6.097000000000008,899.1700000000005,-0.0382616190486782,-7.896170913176832e-06,0.0067806977545959105,-0.03148937353336964
LLLSTLLGALLGLLLAVLILI_2,110011001100110000,1,-71.6597,-73.6306,-44.8908,-216.924,-214.575,-251.685,-365.853,4457.29,3562.07,3534.97,-28.3075,34.4964,-105.577,-43.1512,-69.2765,-74.5802,62.4375,-36.9936,6.68774,6.1161,5.55266,24.7585,-68.8242,63.6738,-35.7825,-331.356,6.5843,5.41959,4.8747,2,LLLSTLLGALLGLLLAVLILI,STLLGALLGLLLAVL,0.9978510920186968,0.0426246085352861,G,99999900.0,-36.3005,-26.768900000000002,34.760999999999996,895.2199999999998,-0.04054925046357321,-0.02990203525390408,0.038829561448582475,-0.031620718929425175
LLLYLLLTILVILLLSLLILI_2,110011001100110000,1,-74.1706,-73.9784,-74.198,-248.388,-245.184,-256.155,-395.646,4694.91,3815.73,3681.09,-28.2812,81.9912,-101.369,5.50786,-65.2934,-110.273,18.6257,20.8037,10.3666,5.55534,4.33473,78.5293,-108.73,3.38007,19.3936,-314.368,9.4542,3.26581,1.81651,2,LLLYLLLTILVILLLSLLILI,YLLLTILVILLLSLL,0.1888676876412028,0.050766970911026,L,99999900.0,-36.075599999999994,0.02740000000000009,7.7669999999999675,879.1799999999998,-0.04103323551491162,3.1165404126572597e-05,0.008834368388725823,-0.0321677017220592
LLLYGLLFALLGILLTLLILI_0,110011001100110000,1,-62.1536,-62.2616,-58.7811,-229.807,-224.042,-247.16,-344.278,4647.51,3733.7,3686.52,-28.2666,-19.681,-80.5845,-77.6558,-38.3375,-68.732,65.7314,-36.4739,6.65498,5.68353,5.1695,-19.6463,-64.5043,61.457,-37.6682,-363.959,6.656,4.47234,3.89419,0,LLLYGLLFALLGILLTLLILI,YGLLFALLGILLTLL,0.300534368039989,0.0344152633936583,G,99999900.0,-42.24700000000001,-3.372499999999995,17.35300000000001,913.8100000000004,-0.04623171118722709,-0.0036905921362208704,0.01898972434094615,-0.030932688414440624
LLLLWTLIALLLVLFSLLILI_2,110011001100110000,1,-60.4594,-60.3808,-60.4594,-241.749,-240.382,-249.921,-372.329,4620.34,3576.78,3658.02,-28.2451,-23.5869,-98.3665,-95.1534,-61.9486,-55.4628,86.1181,22.7273,9.10433,6.44537,6.23715,-12.0359,-61.6036,59.611,18.0,-385.532,9.2414,3.78803,3.1822,2,LLLLWTLIALLLVLFSLLILI,LWTLIALLLVLFSLL,0.3511497453975944,0.0486033745897914,L,99999900.0,-36.4179,0.0,8.171999999999997,1043.56,-0.03489775384261567,0.0,0.007830886580551187,-0.02706610065544866
LLLLLLLTALLFVLAILLILI_0,110011001100110000,1,-58.775,-58.7386,-58.8086,-238.922,-221.965,-242.984,-365.958,4617.22,3770.88,3770.03,-28.233,-8.83354,-96.4945,-94.0884,-64.165,-54.683,93.5463,25.8077,9.3834,7.33119,7.23439,-8.06944,-57.8172,74.3395,27.4495,-374.792,9.5,5.20841,4.8235,0,LLLLLLLTALLFVLAILLILI,LLLLTALLFVLAILL,0.2975927641583565,0.023750425604854,L,99999900.0,-32.329499999999996,0.03359999999999985,4.062000000000012,846.3400000000001,-0.03819918708793155,3.9700356830587996e-05,0.004799489566840762,-0.033358933761845115
LLLYALLFLLTSLLFSLLILI_0,110011001100110000,1,-89.5581,-92.5472,-89.5882,-237.688,-226.47,-254.316,-366.279,4743.43,3732.26,3665.63,-28.211,42.8113,-67.2436,-4.45016,-22.3747,-99.9838,43.2992,30.5413,9.14484,7.34296,6.49245,43.5619,-103.398,24.2087,24.0843,-323.467,8.9577,5.27788,4.14101,0,LLLYALLFLLTSLLFSLLILI,YALLFLLTSLLFSLL,0.1825094130293597,0.0723512121048094,L,99999900.0,-44.8689,0.030100000000004457,16.628000000000014,1011.1700000000001,-0.044373250788690324,2.976749705786807e-05,0.016444316979340776,-0.027899364102969823
LLLLAALLALLYVLTSLLILI_2,110011001100110000,1,-74.2625,-74.2438,-74.1496,-234.802,-229.383,-240.383,-369.574,4520.88,3629.44,3667.99,-28.2025,-1.917,-88.7121,-67.8642,-55.0413,-49.7851,101.644,13.2732,9.0452,7.68965,7.71431,-6.58408,-51.6346,81.3081,19.4931,-375.348,9.3325,5.22178,4.9414,2,LLLLAALLALLYVLTSLLILI,LAALLALLYVLTSLL,0.5964965735386784,0.0744132305914691,L,99999900.0,-33.67080000000001,-0.11289999999999623,5.581000000000017,891.44,-0.037771246522480484,-0.00012664901732028654,0.006260656914654959,-0.03163701426904783
LLLYILLGLLLGTLLAFLILI_0,110011001100110000,1,-64.5284,-66.0716,-58.718,-233.32,-223.872,-245.856,-344.416,4620.04,3774.29,3595.63,-28.199,1002.08,-74.7665,947.608,-39.8414,-53.7146,85.1722,-40.5927,7.30631,6.05544,5.83302,996.455,-60.6857,64.7023,-38.4105,657.664,7.3229,4.33767,3.8082,0,LLLYILLGLLLGTLLAFLILI,YILLGLLLGTLLAFL,0.2675336117494767,0.079529630066097,G,99999900.0,-34.92509999999999,-5.810400000000001,12.536000000000001,845.75,-0.04129482707655926,-0.006870115282293823,0.01482234702926397,-0.03334200413833875
LLLAALLFVLTALLLSLLILI_2,110011001100110000,1,-74.212,-74.1224,-74.144,-231.823,-223.88,-239.334,-365.602,4547.59,3569.71,3612.4,-28.1941,-19.4903,-87.7608,-87.0896,-52.1238,-101.557,41.3704,16.8153,9.17713,7.31852,6.43907,-13.8807,-102.991,23.1616,18.0337,-379.735,9.0042,5.07547,3.92289,2,LLLAALLFVLTALLLSLLILI,AALLFVLTALLLSLL,0.5167843417013627,0.0763301980588882,L,99999900.0,-35.637,-0.06799999999999784,7.510999999999996,977.8800000000001,-0.03644312185544238,-6.953818464433042e-05,0.007680901542111501,-0.02883186076001145
LLLLALLLFTLAVLLLSLILI_2,110011001100110000,1,-74.2357,-74.2357,-74.2357,-235.946,-234.014,-242.443,-373.303,4596.07,3665.13,3481.35,-28.1933,342.732,-91.3139,277.679,-56.6236,-51.6851,81.4394,21.8958,9.49669,5.24707,4.96866,207.507,-58.528,63.2713,22.0772,-25.9953,8.9263,3.82083,3.2699,2,LLLLALLLFTLAVLLLSLILI,LALLLFTLAVLLLSL,0.4769216229297988,0.0438004775760271,L,99999900.0,-34.6903,0.0,6.497000000000014,930.9399999999996,-0.03726373343072595,0.0,0.006978967495219903,-0.03028476593550606
LLLLLLLLTVLTALLFILILI_0,110011001100110000,1,-72.4602,-72.4213,-72.5644,-239.911,-220.932,-246.816,-379.632,4593.8,3651.78,3634.43,-28.1672,-7.47294,-95.4279,-93.7513,-60.2513,-10.9136,113.014,24.428,9.40688,3.39388,3.58908,-4.41019,-15.2279,93.3614,21.5317,-387.105,9.5,1.38798,1.2884,0,LLLLLLLLTVLTALLFILILI,LLLLLTVLTALLFIL,0.2908748640770803,0.035794926385785,L,99999900.0,-35.17659999999999,0.10420000000000584,6.905000000000001,942.02,-0.037341670028237184,0.00011061336277362035,0.007329992993779327,-0.029900851361966838
LLLYGLLAALLGILLTLLILI_0,110011001100110000,1,-65.8249,-62.2616,-58.7811,-222.675,-219.836,-242.329,-351.151,4570.84,3694.81,3738.17,-28.1458,-16.3281,-90.7966,-85.3808,-50.0404,-60.9595,76.8765,-38.2194,6.58928,6.02225,5.6754,-16.8194,-64.5043,61.457,-37.6682,-367.479,6.656,4.47234,3.89419,0,LLLYGLLAALLGILLTLLILI,YGLLAALLGILLTLL,0.2505226495556187,0.0186347523617454,G,99999900.0,-40.7562,-7.043799999999997,19.653999999999996,876.0300000000002,-0.04652374918667168,-0.008040592217161508,0.02243530472700706,-0.032128808374142434
LLLLAILLTLLAVLASLLILI_0,110011001100110000,1,-69.0825,-69.0865,-74.2129,-232.605,-218.337,-237.377,-381.375,4456.3,3598.05,3685.46,-28.1448,-10.4216,-107.832,-104.374,-69.7857,-53.8454,69.5624,20.9134,8.71562,3.96772,3.51116,-9.45016,-60.1144,47.329,21.9291,-391.797,8.6228,1.90657,1.1165,0,LLLLAILLTLLAVLASLLILI,LAILLTLLAVLASLL,0.6969953276633829,0.055327786564159,L,99999900.0,-38.04629999999999,5.130400000000009,4.77200000000002,858.25,-0.044330090300029115,0.005977745412175949,0.005560151471016627,-0.03279324206233615
LLLYALLALLLGVLLGTLILI_0,110011001100110000,1,-64.6132,-64.6672,-58.7258,-224.101,-217.886,-240.665,-347.386,4584.32,3599.31,3572.79,-28.1438,-17.5627,-86.8162,-82.3959,-47.9955,-73.7957,46.3709,-34.5529,7.34225,3.82943,3.025,-16.8743,-72.2097,37.011,-35.0,-364.949,7.3038,2.32794,1.3831,0,LLLYALLALLLGVLLGTLILI,YALLALLLGVLLGTL,0.254168770477624,0.0126029764636479,G,99999900.0,-38.820699999999995,-5.887400000000007,16.563999999999993,985.0099999999998,-0.03941147805606035,-0.005976995157409577,0.01681607293326971,-0.028572095714764323
LLLTVLLGALLGILLSLLILI_2,110011001100110000,1,-73.8375,-74.0442,-60.2863,-222.565,-222.716,-238.209,-370.03,4454.09,3659.24,3677.21,-28.1139,-25.5241,-101.741,-98.7939,-71.5339,-70.1584,67.8016,-43.3554,6.94017,6.17697,5.694,-20.3816,-63.7261,69.6712,-42.7158,-390.435,7.3752,5.46453,5.0096,2,LLLTVLLGALLGILLSLLILI,TVLLGALLGILLSLL,0.3747426145023154,0.0327169700127431,G,99999900.0,-30.207099999999997,-13.551200000000009,15.644000000000005,794.8500000000004,-0.038003522677234676,-0.017048751336730204,0.019681700949864753,-0.03537006982449517
LLLLTVLLAILALLLSLLILI_0,110011001100110000,1,-60.428,-60.428,-60.3986,-241.406,-223.506,-241.501,-382.6,4536.01,3694.13,3656.4,-28.0903,-11.2728,-108.856,-109.938,-80.7004,-44.4962,102.865,20.7108,9.28399,7.06122,7.1042,-11.7335,-46.7812,82.2688,20.3303,-393.873,9.2984,4.62347,4.3575,0,LLLLTVLLAILALLLSLLILI,LTVLLAILALLLSLL,0.5034940080323688,0.0532493392720512,L,99999900.0,-28.155599999999993,-0.02939999999999543,0.09499999999999886,841.8800000000001,-0.03344372119541976,-3.492184159262059e-05,0.00011284268541834804,-0.03336615669691642
LLLVALLAFLISLLLTLLILI_0,110011001100110000,1,-74.2026,-74.2026,-74.2257,-233.079,-218.234,-242.502,-373.387,4578.94,3726.92,3622.31,-28.0861,-10.6142,-94.1913,-91.5648,-56.6591,-103.539,34.5373,25.1046,9.24476,6.69338,5.71144,-10.6246,-107.346,13.8119,25.8508,-384.001,9.3436,4.46651,3.17369,0,LLLVALLAFLISLLLTLLILI,VALLAFLISLLLTLL,0.4574948220967921,0.0886868092027114,L,99999900.0,-37.532199999999996,0.023099999999999454,9.423000000000002,852.0199999999995,-0.04405084387690432,2.7112039623482393e-05,0.011059599539916911,-0.032964132297363925
LLLVALLIALTYLLFSLLILI_2,110011001100110000,1,-74.3207,-74.3207,-74.2264,-243.428,-232.42,-245.401,-356.522,4619.14,3702.01,3765.38,-28.0806,-9.5831,-66.8539,-59.3643,-36.8945,-91.731,58.9681,22.0136,9.43973,8.22035,7.60487,-2.62796,-95.4379,32.7408,25.4063,-361.305,9.4526,5.23569,4.2268,2,LLLVALLIALTYLLFSLLILI,VALLIALTYLLFSLL,0.459415363663661,0.0694629138900763,L,99999900.0,-29.959399999999995,-0.09430000000000405,1.9730000000000132,917.1300000000001,-0.03266647040223304,-0.000102820756054217,0.0021512762639974846,-0.03061790585849334
LLLLLLLTILVALLFSLLILI_1,110011001100110000,1,-70.476,-70.476,-74.1643,-236.862,-242.065,-245.535,-380.982,4603.51,3713.08,3657.04,-28.0801,-19.6333,-101.724,-88.0746,-61.283,-107.708,20.1603,17.7963,9.44034,5.37788,4.18028,-17.4987,-109.634,7.68067,18.0547,-397.634,9.5,3.98199,2.5972,1,LLLLLLLTILVALLFSLLILI,LLLLTILVALLFSLL,0.5425835974344989,0.0632606824258547,L,99999900.0,-40.441,3.688299999999998,8.673000000000002,890.4300000000003,-0.04541738261289488,0.004142156036970898,0.009740237862605706,-0.03153543793448108
LLLLLLLLAVLYTLLSFLILI_1,110011001100110000,1,-74.1585,-74.1585,-74.1585,-245.772,-242.325,-248.576,-374.07,4595.11,3744.79,3643.2,-28.0658,14.7047,-82.2049,-42.8814,-51.335,-48.0316,79.9612,30.6839,9.33039,4.4995,4.19891,-16.9442,-51.5852,62.9148,28.0,-389.699,9.5,2.73128,2.175,1,LLLLLLLLAVLYTLLSFLILI,LLLLLAVLYTLLSFL,0.2691836725099006,0.0516940817471246,L,99999900.0,-30.869899999999994,0.0,2.804000000000002,850.3199999999997,-0.036303862075453955,0.0,0.0032975820867438177,-0.03300616238592531
LLLYALLLLLVTLLFSLLILI_0,110011001100110000,1,-74.1938,-70.5212,-74.2593,-238.577,-227.162,-254.046,-370.31,4763.52,3885.63,3680.21,-28.0277,-10.9347,-85.5661,-83.5615,-42.0047,-105.264,37.1284,30.3628,9.09609,7.30196,6.35889,-10.5467,-109.438,15.4447,28.0,-381.244,9.3468,5.00073,3.7324,0,LLLYALLLLLVTLLFSLLILI,YALLLLLVTLLFSLL,0.255568222480297,0.0422047896770335,L,99999900.0,-43.561400000000006,0.06550000000000011,15.468999999999994,877.8900000000003,-0.04962056749706682,7.461071432639635e-05,0.017620658624656834,-0.03192620943398374
LLLLVFLLALLYLLTSLLILI_2,110011001100110000,1,-74.1511,-73.9775,-74.11,-240.481,-240.523,-248.546,-368.771,4679.43,3759.37,3615.87,-28.0116,338.332,-82.1514,284.061,-46.116,-51.1982,73.5287,23.1886,9.21108,4.10612,3.70905,200.948,-59.5425,47.6782,27.3052,-29.4195,8.6304,1.86793,1.0831,2,LLLLVFLLALLYLLTSLLILI,LVFLLALLYLLTSLL,0.5356182267874009,0.0252900633948273,L,99999900.0,-36.035399999999996,-0.041100000000000136,8.064999999999998,920.0600000000004,-0.039166358715735906,-4.4670999717409866e-05,0.008765732669608497,-0.030445405734408612
LLLLFALLTILVALLSLLILI_2,110011001100110000,1,-70.6868,-72.7149,-74.3087,-243.413,-242.451,-242.836,-370.94,4607.75,3708.74,3689.35,-28.0097,-13.498,-84.8499,-69.2725,-53.7961,0.36077,123.218,19.4249,9.65029,3.08037,3.42865,-10.6822,-3.25933,98.77,22.3804,-381.65,9.4501,0.32285,0.3044,2,LLLLFALLTILVALLSLLILI,LFALLTILVALLSLL,0.3973741084993805,0.057104965135404,L,99999900.0,-31.053800000000003,3.6218999999999966,-0.5769999999999982,899.0100000000002,-0.03454221866275124,0.0040287649748056145,-0.0006418171099320342,-0.031156160665621064
LLLVALLTILLALLFSLLILI_0,110011001100110000,1,-74.2306,-74.2306,-74.2306,-241.715,-227.73,-242.533,-375.542,4537.1,3718.39,3702.35,-27.9845,-16.5045,-87.5805,-90.0862,-58.7785,-100.513,22.1231,26.2587,9.31705,4.56359,3.39544,-16.1024,-103.723,3.9343,27.5002,-392.046,9.1841,2.58958,1.14859,0,LLLVALLTILLALLFSLLILI,VALLTILLALLFSLL,0.4466216829450863,0.1009080338323919,L,99999900.0,-28.802,0.0,0.8179999999999836,818.7100000000005,-0.035179733971736,0.0,0.000999132782059561,-0.03418121190653587
LLLVALLFLLTSLLYLLLILI_2,110011001100110000,1,-74.277,-73.9345,-74.1866,-237.784,-227.595,-249.502,-370.759,4750.83,3685.9,3677.98,-27.9798,33654.7,-86.6774,33585.5,-47.0698,-102.495,47.7065,22.6804,8.91734,8.31467,7.53027,59.6169,-96.9781,34.0706,18.0,-311.941,8.9454,5.64624,4.6573,2,LLLVALLFLLTSLLYLLLILI,VALLFLLTSLLYLLL,0.2474263627232216,0.0430929134176467,L,99999900.0,-39.607600000000005,-0.09040000000000248,11.718000000000018,1064.9299999999998,-0.03719267933103585,-8.488820861465306e-05,0.011003540138788483,-0.02627383959509076
LLLLLILLYVLTALLFSLILI_0,110011001100110000,1,-74.2634,-74.3131,-74.1796,-246.217,-230.684,-248.468,-370.849,4570.87,3682.8,3598.38,-27.9711,48.3234,-78.3396,-17.5288,-48.202,-11.1153,104.68,17.5662,9.86583,2.29905,2.36924,47.7832,-3.14953,98.5758,19.1098,-322.526,8.9946,0.280163,0.2588,0,LLLLLILLYVLTALLFSLILI,LLILLYVLTALLFSL,0.7066926887627997,0.1136888987174761,L,99999900.0,-30.137600000000006,-0.08380000000001075,2.2509999999999764,888.0699999999997,-0.03393606359859022,-9.436193092888036e-05,0.002534710101681148,-0.03149650365399125
LLLGALLFLLLGVLLASLILI_0,110011001100110000,1,-67.6466,-66.8057,-60.364,-221.085,-215.713,-235.391,-345.656,4537.39,3747.66,3609.22,-27.9669,61.3186,-84.892,-1.81892,-49.9011,-61.1388,67.3902,-53.9866,7.05402,4.7685,4.27935,14.9293,-62.4741,58.2239,-43.3401,-284.338,7.3625,3.73134,3.1047,0,LLLGALLFLLLGVLLASLILI,GALLFLLLGVLLASL,0.6521549834007165,0.1176852183274008,G,99999900.0,-34.990899999999996,-7.282600000000009,14.305999999999983,789.7300000000005,-0.0443074215238119,-0.00922163270991352,0.01811505197979053,-0.03541324250060145
LLLAALLLLLVSLLLTLLILI_2,110011001100110000,1,-74.2429,-74.2429,-74.3103,-230.659,-221.292,-242.515,-394.987,4598.8,3628.58,3634.18,-27.9586,-10.0814,-118.043,-109.533,-78.162,-103.474,31.0939,25.1541,9.24602,6.2188,5.1852,-10.9803,-108.558,13.7253,22.6463,-405.308,9.4795,4.63662,3.3425,2,LLLAALLLLLVSLLLTLLILI,AALLLLLVSLLLTLL,0.4487693893784735,0.0519115420589415,L,99999900.0,-39.881,0.06739999999999213,11.855999999999995,970.2200000000003,-0.04110511018119601,6.946878027663017e-05,0.012219908886644258,-0.028816763208344493
LLLVALLFLLTALLYSLLILI_2,110011001100110000,1,-74.2441,-74.2441,-74.1862,-236.314,-228.878,-245.404,-360.541,4693.16,3756.31,3688.59,-27.9298,-0.89961,-77.9124,-58.3186,-40.9506,-99.4554,45.4414,23.2152,8.69706,7.55291,6.73453,-14.5759,-101.418,26.0133,19.6683,-375.229,8.5316,5.22449,4.11469,2,LLLVALLFLLTALLYSLLILI,VALLFLLTALLYSLL,0.3061084106508507,0.0189937946392112,L,99999900.0,-36.961800000000004,-0.057900000000003615,9.090000000000003,936.8499999999999,-0.039453274270160654,-6.180284997598722e-05,0.00970272722420879,-0.02981245663660138
LLLLALLLFVLTALLLSLILI_2,110011001100110000,1,-74.1547,-74.1547,-74.1215,-232.424,-215.043,-242.693,-373.848,4576.23,3592.73,3585.9,-27.9218,-8.69831,-95.1915,-93.3484,-57.034,-10.3257,107.53,29.9782,9.3984,2.56539,2.67834,-8.82366,-14.7531,87.3716,27.6992,-382.546,9.2159,0.508126,0.318699,2,LLLLALLLFVLTALLLSLILI,LALLLFVLTALLLSL,0.3873581812949535,0.0413403345828794,L,99999900.0,-38.157500000000006,-0.03320000000000789,10.269000000000005,983.4999999999995,-0.0387976614133198,-3.375699034062827e-05,0.010441281138790046,-0.028390238942552125
LLLLYVLIALLLTLALLLILI_0,110011001100110000,1,-58.8692,-51.8057,-58.8692,-237.745,-225.388,-245.077,-368.004,4653.13,3570.09,3630.02,-27.9082,80.9944,-99.2983,-9.81562,-64.0574,-57.8736,76.4187,15.8313,9.76685,5.49757,5.14385,81.1805,-64.0373,57.892,18.4788,-287.01,9.391,3.92102,3.2894,0,LLLLYVLIALLLTLALLLILI,LYVLIALLLTLALLL,0.290649669175157,0.0920810276568391,L,99999900.0,-35.240899999999996,0.0,7.331999999999994,1083.04,-0.032538872063820355,0.0,0.006769833062490761,-0.025768392672477474
LLLLTLLVGLLFALLYGLILI_2,110011001100110000,1,-51.878,-48.9606,-44.9471,-224.977,-224.319,-240.912,-328.671,4650.37,3711.44,3692.81,-27.8546,-19.4499,-79.6709,-74.8415,-42.8121,-38.6955,77.068,-40.373,7.13733,2.7085,2.36452,-14.5025,-33.3677,74.3197,-39.8132,-343.8,7.0315,1.53831,1.15311,2,LLLLTLLVGLLFALLYGLILI,LTLLVGLLFALLYGL,0.274779362187683,0.0391372737226246,G,99999900.0,-36.8588,-6.930900000000001,15.935000000000002,938.9299999999998,-0.03925617458170472,-0.007381700446252652,0.016971446220698034,-0.029666322303047093
LLLLVLLIGLLFGLLFALILI_0,110011001100110000,1,-44.9897,-44.9897,-44.9897,-227.902,-219.076,-239.544,-328.247,4619.78,3816.55,3647.49,-27.8482,-19.394,-83.2038,-83.575,-43.7135,-31.7523,88.8339,-41.9175,7.19067,3.25543,3.08794,-19.3734,-36.3206,72.3714,-40.8966,-347.641,7.2598,1.71823,1.3038,0,LLLLVLLIGLLFGLLFALILI,LVLLIGLLFGLLFAL,0.9949575493648404,0.0647629432703646,G,99999900.0,-39.4903,0.0,11.642000000000024,803.2299999999996,-0.049164373840618524,0.0,0.01449398055351522,-0.03467026878976136
LLLYTLLILLLAFLLSILILI_2,110011001100110000,1,-76.9143,-78.5951,-60.3747,-236.355,-234.056,-255.333,-367.311,4709.95,4026.84,3802.7,-27.8419,-18.7762,-81.8829,-73.4355,-51.6034,-69.5468,50.8959,-49.2608,8.55547,3.80296,3.0664,-22.0283,-67.6029,45.1857,-45.0,-389.991,8.6947,2.74051,1.9183,2,LLLYTLLILLLAFLLSILILI,YTLLILLLAFLLSIL,0.290916527322709,0.0120474527454857,R,99999900.0,-30.279500000000006,-16.5396,18.97800000000001,683.1099999999997,-0.04432595043258043,-0.02421220594047812,0.02778176282004365,-0.04075756466747671
LLLLSTLTSLLAVLLFLLILI_0,110011001100110000,1,-89.4065,-100.872,-74.2495,-232.914,-214.454,-243.621,-373.385,4558.62,3635.09,3598.42,-27.8359,114.076,-78.9006,56.0163,-55.5146,-49.7863,102.255,17.0331,9.09217,7.77234,7.80616,95.5231,-53.4199,78.3561,19.6708,-259.309,8.6172,5.09106,4.7664,0,LLLLSTLTSLLAVLLFLLILI,LSTLTSLLAVLLFLL,0.4616820670772825,0.0423535928026557,L,99999900.0,-23.385999999999996,-15.156999999999996,10.707000000000022,923.5299999999997,-0.025322404253245702,-0.01641202776303964,0.01159355949454812,-0.030140764241551446
LLLYVLLFTLLGALLGLLILI_1,110011001100110000,1,-67.5606,-66.86,-58.7108,-227.567,-227.122,-244.94,-341.06,4602.48,3895.77,3813.16,-27.8242,-5.74464,-73.7564,-52.8225,-37.4092,-47.1934,67.5556,-48.0015,6.72359,2.69902,2.21235,-3.91634,-42.798,67.046,-44.058,-342.976,7.0511,1.97091,1.4766,1,LLLYVLLFTLLGALLGLLILI,YVLLFTLLGALLGLL,0.2349898820128866,0.0332055999331679,G,99999900.0,-36.3472,-8.849799999999995,17.37299999999999,706.7099999999996,-0.05143156315886293,-0.012522533995556875,0.024582926518656876,-0.03937145363727698
LLLYSLLVALLATLLTLLILI_1,110011001100110000,1,-79.3211,-78.6856,-72.5506,-235.741,-226.963,-248.303,-370.607,4625.27,3918.3,3829.21,-27.824,2266.97,-83.3696,2202.01,-49.7539,-47.6111,80.8138,-44.5012,8.17638,4.55153,4.26373,1622.39,-46.3688,65.1745,-35.0,1893.23,8.3786,2.25388,1.7315,1,LLLYSLLVALLATLLTLLILI,YSLLVALLATLLTLL,0.4050207282526674,0.0429241797731558,R,99999900.0,-33.615700000000004,-6.770499999999998,12.561999999999983,706.9700000000003,-0.047548976618526945,-0.009576785436440013,0.01776878792593742,-0.03935669123159397
LLLLALLYVLTALLASLLILI_2,110011001100110000,1,-74.2199,-74.1261,-74.1261,-237.635,-233.202,-239.056,-369.129,4513.74,3787.07,3752.7,-27.7996,153.096,-85.0739,91.2954,-55.9471,-99.6103,38.4646,17.6979,9.58259,6.63426,5.71123,-7.55501,-99.1745,22.4175,18.2946,-377.499,9.5,4.40254,3.2388,2,LLLLALLYVLTALLASLLILI,LALLYVLTALLASLL,0.8421654739041115,0.0481833077383741,L,99999900.0,-29.126799999999996,-0.09380000000000166,1.4210000000000207,726.6699999999996,-0.04008256842858521,-0.0001290819766881827,0.001955495616992612,-0.03825615478828081
LLLSYLLVALLTLLLAFLILI_2,110011001100110000,1,-74.2547,-71.9709,-58.7754,-236.753,-234.528,-255.202,-360.358,4625.02,3915.42,3827.68,-27.7974,-17.4747,-77.1479,-71.3345,-46.3814,-68.4013,55.2385,-42.9693,8.9763,4.2174,3.54597,-13.7746,-61.4513,50.1014,-39.8435,-374.73,9.0,2.48138,1.7329,2,LLLSYLLVALLTLLLAFLILI,SYLLVALLTLLLAFL,0.5563754412132513,0.0705928347808467,R,99999900.0,-30.766500000000008,-15.479300000000002,18.449000000000012,709.6000000000004,-0.043357525366403596,-0.021814120631341593,0.02599915445321308,-0.03917333709131903
LLLTYLLAVLLGLLLGALILI_2,110011001100110000,1,-55.6134,-54.8455,-44.9568,-225.368,-220.964,-243.277,-346.362,4571.79,3724.92,3519.58,-27.7872,26808.1,-93.1678,26737.6,-58.1278,-66.2325,48.731,-46.8473,6.79186,3.01356,2.24452,11640.1,-62.6538,43.9976,-40.9419,26461.8,6.5,1.83774,0.997703,2,LLLTYLLAVLLGLLLGALILI,TYLLAVLLGLLLGAL,0.6973007447001294,0.0640507223477455,G,99999900.0,-35.04,-10.656599999999997,17.908999999999992,846.8699999999999,-0.041375890042155236,-0.012583513408197243,0.021147283526397196,-0.03281164759644337
LLLLALLLFVLTALLSILILI_2,110011001100110000,1,-74.2254,-74.2629,-74.1622,-243.531,-239.275,-242.414,-372.542,4541.09,3694.98,3708.61,-27.7862,12.0224,-82.5713,-46.9812,-55.9658,-10.6499,103.3,24.5755,9.37455,2.04302,2.09252,-12.8785,-15.856,85.056,19.3699,-386.425,9.4176,0.36096,0.1368,2,LLLLALLLFVLTALLSILILI,LALLLFVLTALLSIL,0.3482729370642876,0.035922822845548,L,99999900.0,-26.605499999999992,-0.06319999999999482,-1.1170000000000186,846.1100000000001,-0.03144449303282078,-7.469477963857513e-05,-0.0013201593173464662,-0.03283993806951815
LLLLFVLTILLALLYSLLILI_0,110011001100110000,1,-74.2358,-74.2588,-74.1075,-246.997,-236.408,-249.182,-366.59,4667.51,3946.74,3840.66,-27.784,-17.1706,-73.1413,-73.0942,-43.3012,-95.9593,18.2398,34.6104,9.32806,3.35628,2.12987,-16.2514,-95.3663,8.02833,28.0,-383.761,9.3966,1.88877,0.509195,0,LLLLFVLTILLALLYSLLILI,LFVLTILLALLYSLL,0.2281627422638148,0.0717596867932187,L,99999900.0,-29.8401,-0.12829999999999586,2.184999999999974,720.7700000000004,-0.041400308003940206,-0.0001780040789710945,0.0030314802225397458,-0.03854766430345322
LLLYSLLIALLFVLLTLLILI_1,110011001100110000,1,-62.7248,-62.8828,-58.8796,-234.29,-234.547,-254.411,-356.661,4829.58,3870.67,3773.89,-27.7517,-25.4121,-87.3975,-84.6427,-43.3698,-52.3273,85.7362,-44.4446,8.19374,5.92348,5.70952,-25.7327,-52.9619,83.5681,-45.0,-382.367,8.1807,5.72598,5.4795,1,LLLYSLLIALLFVLLTLLILI,YSLLIALLFVLLTLL,0.2835768629349485,0.0804330425713372,R,99999900.0,-44.027699999999996,-3.8451999999999984,20.12100000000001,958.9099999999999,-0.04591431938346665,-0.004009969653043559,0.02098319967463058,-0.028940880791732283
LLLLVILLLTLIALLFSLILI_0,110011001100110000,1,-74.2394,-67.1151,-74.2394,-236.445,-218.615,-246.096,-378.28,4550.98,3651.35,3596.57,-27.743,0.0228775,-95.3388,-92.5267,-57.9441,-14.7357,105.847,23.5498,9.98061,2.99976,3.08747,-0.664596,-16.2744,89.8543,20.6107,-378.257,9.5,1.07149,0.919304,0,LLLLVILLLTLIALLFSLILI,LVILLLTLIALLFSL,0.6230195302739521,0.0355750368121093,L,99999900.0,-37.39470000000001,0.0,9.65100000000001,899.6299999999997,-0.041566755221591124,0.0,0.010727743627935944,-0.03083823349599281
LLLTGLLFALLGILLSLLILI_1,110011001100110000,1,-71.025,-68.9457,-60.3521,-225.332,-226.475,-242.059,-357.004,4554.95,3733.55,3625.16,-27.7412,-27.5609,-88.3887,-89.145,-54.5935,-67.1174,57.3259,-45.5359,6.67745,4.30661,3.6665,-26.5916,-63.9595,61.7605,-42.8864,-383.824,6.8445,4.43159,3.858,1,LLLTGLLFALLGILLSLLILI,TGLLFALLGILLSLL,0.3468643851107615,0.0032073655435774,G,99999900.0,-33.7952,-10.672900000000006,16.727000000000004,821.3999999999996,-0.041143413683954244,-0.012993547601655723,0.020364012661309973,-0.03377307036766498
LLLLYLLLIVLLSLLFTLILI_0,110011001100110000,1,-74.2291,-73.3918,-74.2291,-250.047,-223.473,-251.676,-377.828,4684.32,3848.03,3439.15,-27.7359,144.198,-81.2883,63.2339,-51.9228,-56.9148,89.6644,21.5874,11.3754,7.14191,6.98688,119.605,-54.2352,70.7135,18.0,-233.631,9.2479,4.1816,3.7423,0,LLLLYLLLIVLLSLLFTLILI,LYLLLIVLLSLLFTL,0.129696069637714,0.1080827085642644,L,99999900.0,-29.365500000000004,0.0,1.6289999999999907,836.2899999999995,-0.03511401547310146,0.0,0.0019478888902174983,-0.03316540912841241
LLLFALLLLLVTLLASLLILI_0,110011001100110000,1,-70.671,-70.551,-74.2685,-235.63,-223.122,-243.037,-372.353,4606.51,3746.74,3763.41,-27.7289,-7.77338,-93.7811,-86.453,-55.0472,-103.561,37.128,24.6992,8.90052,7.04647,6.10339,-7.91555,-109.291,15.0357,28.0,-380.126,9.1166,4.92347,3.64901,0,LLLFALLLLLVTLLASLLILI,FALLLLLVTLLASLL,0.3566688774000954,0.0555714461917942,L,99999900.0,-38.7339,3.5974999999999966,7.407000000000011,859.7700000000004,-0.04505146725286993,0.004184258580783227,0.008615094734638342,-0.032251532386568485
LLLLTVLLALLFILLSALILI_2,110011001100110000,1,-60.3949,-60.3949,-60.4247,-236.352,-220.384,-242.243,-364.327,4558.61,3670.76,3633.41,-27.7184,-10.6417,-95.2989,-94.1904,-61.6599,-52.3427,85.5336,18.5444,9.1925,5.89845,5.68146,-11.0406,-56.6653,65.0607,18.0,-375.047,9.401,3.78299,3.2589,2,LLLLTVLLALLFILLSALILI,LTVLLALLFILLSAL,0.2660295888144137,0.0404741099446994,L,99999900.0,-33.639,0.029800000000001603,5.890999999999991,887.8499999999995,-0.03788815678324044,3.356422819170087e-05,0.006635129807963051,-0.03121968801036213
LLLSYLLVLLLGALLGFLILI_2,110011001100110000,1,-66.336,-68.2701,-44.9843,-229.782,-231.461,-249.795,-340.466,4624.26,3651.08,3468.63,-27.6836,4280.05,-72.0313,4239.31,-45.6874,-46.4585,70.7855,-50.3229,6.94224,3.02482,2.5866,3955.65,-47.4319,67.7648,-45.0,3920.32,6.6781,2.76303,2.2795,2,LLLSYLLVLLLGALLGFLILI,SYLLVLLLGALLGFL,0.7253648809170602,0.0140943484953068,G,99999900.0,-26.343900000000005,-21.3517,20.012999999999977,973.1800000000003,-0.02706991512361536,-0.02194013440473499,0.020564540989333906,-0.02844653609815244
LLLLLLLTALLFVLYILLILI_0,110011001100110000,1,-58.71,-58.7386,-58.8086,-247.365,-228.915,-249.588,-365.932,4649.61,3920.11,3797.03,-27.6751,-10.4662,-87.532,-88.7449,-57.5357,-56.6186,92.482,30.5042,9.23894,7.47786,7.36509,-11.3839,-57.8172,74.3395,27.4495,-376.398,9.5,5.20841,4.8235,0,LLLLLLLTALLFVLYILLILI,LLLLTALLFVLYILL,0.1714920534564966,0.0968469220401689,L,99999900.0,-29.996299999999998,0.09859999999999758,2.2229999999999848,729.4999999999995,-0.04111898560657987,0.00013516106922549368,0.0030472926662097138,-0.03793708019191229
LLLTVLLGLLLGFLLSALILI_2,110011001100110000,1,-68.4505,-59.2011,-60.2116,-220.891,-220.564,-239.134,-354.65,4506.17,3739.3,3625.34,-27.6655,-18.0657,-92.9747,-92.9513,-55.3045,-92.8798,36.9481,-50.0512,6.8624,5.41997,4.47419,-21.3505,-95.479,27.325,-44.2015,-375.7,7.2798,4.51072,3.42059,2,LLLTVLLGLLLGFLLSALILI,TVLLGLLLGFLLSAL,0.7919055276462594,0.0618664101213363,G,99999900.0,-37.6702,-8.238900000000008,18.242999999999995,766.8699999999999,-0.04912201546546351,-0.010743541930183747,0.0237889081591404,-0.0360758668353176
LLLVALLAILTFLLASLLILI_0,110011001100110000,1,-74.1747,-74.1747,-74.1747,-234.916,-221.068,-238.547,-363.55,4522.93,3638.24,3783.44,-27.6639,-1.15284,-82.1233,-69.4593,-50.8277,-103.622,29.4111,26.7713,8.73811,6.01375,4.95492,-0.597674,-113.58,1.80407,27.0117,-364.702,9.2654,3.78055,2.30761,0,LLLVALLAILTFLLASLLILI,VALLAILTFLLASLL,0.4674516609575201,0.0290481121479878,L,99999900.0,-31.2956,0.0,3.6310000000000002,884.6900000000005,-0.03537465100769759,0.0,0.004104262510031761,-0.03126959726005718
LLLYGLLFLLLGVLLATLILI_1,110011001100110000,1,-63.4679,-63.8461,-58.8381,-233.222,-232.531,-245.733,-339.747,4670.87,3750.53,3667.42,-27.6423,29.1074,-70.6992,-14.2623,-35.1759,-74.0218,49.047,-38.3841,7.42122,4.22462,3.46033,-25.0839,-73.2508,43.1479,-42.798,-364.538,7.4823,3.31258,2.4598,1,LLLYGLLFLLLGVLLATLILI,YGLLFLLLGVLLATL,0.4369397400644469,0.0285572789256492,G,99999900.0,-35.523300000000006,-4.629800000000003,12.510999999999996,920.3399999999997,-0.0385980181237369,-0.005030532194623731,0.01359388921485538,-0.030034878414499
LLLLYVLLATLLFLLLSLILI_1,110011001100110000,1,-74.2198,-74.2198,-74.2198,-237.204,-228.455,-247.488,-368.205,4646.53,3701.02,3680.0,-27.6394,106.791,-84.4202,41.2611,-46.4972,-51.0248,84.1395,17.7457,9.64977,5.51256,5.27465,78.3113,-57.8356,61.3017,20.1938,-290.118,9.2739,3.45107,2.8706,1,LLLLYVLLATLLFLLLSLILI,LYVLLATLLFLLLSL,0.2774680243431333,0.1040821494930599,L,99999900.0,-37.922999999999995,0.0,10.283999999999992,945.5099999999998,-0.04010851286607228,0.0,0.010876669733794454,-0.02923226618438727
LLLYSLLLALLFVLLTILILI_0,110011001100110000,1,-62.4286,-61.8778,-58.884,-237.769,-234.663,-254.113,-359.438,4698.24,3838.63,3794.32,-27.6345,-22.4639,-86.8744,-85.3605,-46.4403,-45.711,99.7747,-43.142,8.67852,6.82623,6.82285,-22.2393,-48.2344,89.7923,-44.1079,-381.902,8.6399,5.85712,5.704,0,LLLYSLLLALLFVLLTILILI,YSLLLALLFVLLTIL,0.3107456423250007,0.0515040297079429,R,99999900.0,-40.434099999999994,-3.5446000000000026,16.343999999999994,859.6099999999997,-0.04703772641081422,-0.0041234978653110176,0.019013273461220788,-0.03214771815125465
LLLVALLLALTSLLFSLLILI_2,110011001100110000,1,-89.5808,-89.5808,-89.5808,-229.051,-224.104,-240.5,-381.053,4543.01,3569.22,3610.76,-27.6135,-19.4516,-90.0349,-86.82,-50.9719,-101.185,42.4446,19.4269,8.83379,7.4077,6.54437,-14.3604,-105.074,23.0939,18.9375,-396.137,8.8078,5.37878,4.22519,2,LLLVALLLALTSLLFSLLILI,VALLLALTSLLFSLL,0.6238715311276092,0.0539582064977776,L,99999900.0,-39.062999999999995,0.0,11.449000000000012,973.7900000000004,-0.04011439838158122,0.0,0.011757155033426106,-0.028356729890428107
LLLLYALTFLLAVLLILLILI_0,110011001100110000,1,-60.9687,-60.678,-58.6805,-242.482,-218.534,-246.114,-348.316,4644.0,3782.63,3716.79,-27.5666,2495.6,-72.4324,2426.49,-43.5223,-67.6495,67.2888,18.0914,10.4272,5.73141,5.24074,1928.57,-70.366,39.5247,25.0484,2147.28,9.5,2.39073,1.4836,0,LLLLYALTFLLAVLLILLILI,LYALTFLLAVLLILL,0.3454483757184056,0.0529523667641817,L,99999900.0,-28.9101,-2.2881999999999962,3.632000000000005,861.3699999999999,-0.03356292882268944,-0.0026564658625213284,0.004216538769634426,-0.032003204197963715
LLLVTLLLTLLGALLSALILI_0,110011001100110000,1,-78.4193,-68.8739,-74.1219,-228.539,-218.781,-235.375,-375.531,4457.55,3752.41,3682.65,-27.561,-9.60554,-96.1341,-97.4823,-66.0343,-28.2173,99.097,-39.423,7.65347,4.11069,4.09715,-9.60576,-35.1672,74.1308,-38.712,-385.137,7.5,1.78274,1.3947,0,LLLVTLLLTLLGALLSALILI,VTLLLTLLGALLSAL,0.3009699935831952,0.0366778220770425,G,99999900.0,-30.099800000000002,-4.29740000000001,6.836000000000013,705.1400000000003,-0.042686275065944336,-0.006094392602887382,0.009694528746064624,-0.03908585529114784
LLLLILLTTLLAYLLSFLILI_0,110011001100110000,1,-91.3797,-92.0075,-87.9286,-242.812,-230.358,-248.872,-378.11,4609.82,3808.84,3721.84,-27.5425,-15.386,-71.461,-71.1306,-41.3099,-58.0987,79.9885,-42.2335,8.53998,6.01326,5.71308,-14.3946,-63.0651,58.8763,-42.8184,-393.496,8.5762,3.90806,3.2912,0,LLLLILLTTLLAYLLSFLILI,LILLTTLLAYLLSFL,0.3848260545069768,0.0395014490545476,R,99999900.0,-30.1511,-3.4510999999999967,6.060000000000002,800.9799999999996,-0.03764276261579567,-0.0043085969687133244,0.007565731978326557,-0.03438600214736949
LLLYALLFLLTSLLLSLLILI_1,110011001100110000,1,-92.9901,-91.6472,-89.5603,-232.689,-231.479,-253.344,-383.721,4723.05,3694.88,3690.59,-27.5183,15.5789,-85.5609,-45.0165,-40.8174,-99.9011,48.6658,23.5005,8.45392,8.05505,7.28503,17.6689,-104.094,30.6553,19.1597,-367.988,8.5974,6.25257,5.2124,1,LLLYALLFLLTSLLLSLLILI,YALLFLLTSLLLSLL,0.3851429769483559,0.0932625641780767,L,99999900.0,-44.743500000000004,-3.4298,20.655,1028.17,-0.04351760895571744,-0.0033358296779715415,0.020089090325529826,-0.026764348308159155
LLLTYLLGVLLGILLAALILI_1,110011001100110000,1,-57.8005,-55.4686,-44.9618,-222.63,-221.953,-244.433,-343.823,4535.33,3629.77,3620.62,-27.5135,-24.9876,-90.906,-91.3893,-54.428,-70.5272,48.0293,-45.0646,7.1036,3.56302,2.78346,-23.7386,-66.8898,49.5856,-44.1976,-367.863,7.2568,3.22752,2.4713,1,LLLTYLLGVLLGILLAALILI,TYLLGVLLGILLAAL,0.980355129111422,0.0511104668445372,G,99999900.0,-36.47800000000001,-12.838700000000003,21.802999999999997,905.56,-0.04028225628340475,-0.014177635937983131,0.02407681434692345,-0.030382857016652682
LLLSTLLGALLGILLALLILI_0,110011001100110000,1,-71.6345,-70.6996,-44.8537,-217.741,-216.074,-253.857,-370.749,4451.47,3604.93,3578.78,-27.5123,-1.83453,-108.886,-85.8098,-72.039,-66.7226,68.2845,-37.6249,6.44303,5.72681,5.25108,-2.16575,-68.8242,63.6738,-35.7825,-372.584,6.5843,5.41959,4.8747,0,LLLSTLLGALLGILLALLILI,STLLGALLGILLALL,0.8117219602689879,0.080187763070454,G,99999900.0,-36.846999999999994,-26.7808,36.115999999999985,846.5400000000004,-0.04352659059229331,-0.031635599026626014,0.04266307557823608,-0.03249970468022773
LLLSYLLVILLTLLLAFLILI_1,110011001100110000,1,-73.7835,-71.2205,-58.9188,-240.576,-236.447,-259.204,-368.547,4643.16,3901.58,3812.82,-27.4882,-15.6194,-81.675,-76.4986,-50.4241,-68.7528,53.4844,-42.0571,9.16211,4.03332,3.33558,-11.0635,-61.4513,50.1014,-39.8435,-384.44,9.0,2.48138,1.7329,1,LLLSYLLVILLTLLLAFLILI,SYLLVILLTLLLAFL,0.3924106958071129,0.0787409656631565,R,99999900.0,-31.250899999999994,-14.864700000000006,18.628000000000014,741.5799999999999,-0.04214096928180371,-0.020044634429191736,0.025119339788020195,-0.03706707300628388
LLLLYILTFLLAVLLSLLILI_0,110011001100110000,1,-74.2185,-74.2779,-74.1772,-244.836,-222.164,-247.254,-367.957,4643.88,3692.63,3626.5,-27.4687,4886.27,-76.3717,4814.75,-46.5263,-64.6461,62.0831,17.3808,9.38182,4.57814,4.00938,3114.64,-65.6186,40.6094,22.7525,4518.31,8.6996,1.82506,0.934201,0,LLLLYILTFLLAVLLSLLILI,LYILTFLLAVLLSLL,0.5517521727555473,0.1080781735371807,L,99999900.0,-29.845400000000005,-0.041300000000006776,2.417999999999978,951.25,-0.03137492772667543,-4.3416557161636556e-05,0.0025419185282522763,-0.028876425755584755
LLLLFVLLAILATLLLSLILI_0,110011001100110000,1,-74.1876,-74.1876,-74.1876,-233.866,-213.621,-239.417,-367.082,4507.35,3693.52,3588.44,-27.4672,32.4499,-86.4957,-46.8241,-53.478,-51.9486,91.203,24.1617,9.32333,6.60469,6.47273,32.8637,-55.3439,71.3721,27.9551,-334.633,9.0365,4.43682,4.0074,0,LLLLFVLLAILATLLLSLILI,LFVLLAILATLLLSL,0.2819212734056317,0.0515068967431415,L,99999900.0,-33.0177,0.0,5.550999999999988,813.8300000000004,-0.040570758020716836,0.0,0.006820834818082382,-0.033750537581558784
LLLASLLFVLLLLLATLLILI_0,110011001100110000,1,-65.7524,-65.5629,-58.817,-227.886,-220.576,-243.616,-364.008,4605.31,3719.41,3622.51,-27.4442,13.8366,-97.813,-64.0317,-61.5744,-109.438,23.391,30.3984,9.00598,6.07348,4.92434,15.871,-112.035,7.0217,25.6894,-350.171,8.8215,4.25318,2.85851,0,LLLASLLFVLLLLLATLLILI,ASLLFVLLLLLATLL,0.3720119426735955,0.0526958083980172,L,99999900.0,-36.238600000000005,-6.935399999999994,15.730000000000018,885.9000000000005,-0.040905971328592375,-0.007828648831696568,0.017755954396658776,-0.03097889152274521
LLLAGLLFLLLGVLLASLILI_2,110011001100110000,1,-66.7303,-67.2192,-60.3826,-220.609,-217.23,-234.131,-345.43,4545.51,3562.66,3596.28,-27.4365,-10.5513,-85.5272,-71.5318,-50.9161,-68.7512,62.6455,-38.0847,7.15818,5.26983,4.70951,-21.2581,-65.984,55.7173,-41.1231,-364.754,6.918,3.91944,3.2552,2,LLLAGLLFLLLGVLLASLILI,AGLLFLLLGVLLASL,0.3359451946644183,0.0399034920851742,G,99999900.0,-34.61109999999999,-6.347700000000003,13.521999999999991,982.8500000000004,-0.035215037899984716,-0.006458462634176121,0.013757948822302473,-0.027915246477081945
LLLTYLLAVLLGILLGALILI_2,110011001100110000,1,-55.3508,-56.6026,-44.9369,-227.53,-222.02,-243.054,-341.723,4536.47,3741.17,3502.64,-27.4265,929.638,-86.2691,866.537,-53.7318,-68.9381,53.0584,-51.8612,7.1723,4.00359,3.29946,674.736,-64.6051,48.7376,-45.0,587.915,6.7648,2.77034,2.0014,2,LLLTYLLAVLLGILLGALILI,TYLLAVLLGILLGAL,0.7843292491114627,0.0595998607192877,G,99999900.0,-32.537299999999995,-10.413899999999998,15.524000000000001,795.3000000000002,-0.04091198289953475,-0.013094304036212744,0.019519678108889722,-0.03448572865585313
LLLLILLATLLAYLLSFLILI_1,110011001100110000,1,-77.5368,-77.8315,-73.9999,-237.959,-229.217,-245.684,-366.117,4619.64,3797.54,3737.88,-27.4216,-12.065,-78.0434,-71.1338,-46.4332,-71.3897,62.4715,-40.5823,8.71289,5.64211,5.07918,-12.1172,-61.6412,61.3295,-35.9244,-376.934,8.8871,4.02566,3.4456,1,LLLLILLATLLAYLLSFLILI,LILLATLLAYLLSFL,0.3826396696485903,0.0392911313592792,R,99999900.0,-31.610200000000006,-3.536900000000003,7.724999999999994,822.1000000000004,-0.038450553460649545,-0.004302274662449825,0.009396667072132332,-0.03335555285245103
LLLSYLLFTLLALLLAVLILI_2,110011001100110000,1,-77.6324,-76.3585,-58.8166,-235.312,-232.96,-253.192,-358.688,4639.2,3748.21,3771.52,-27.4111,-24.6535,-73.1547,-74.0236,-46.6793,-64.0288,58.4313,-44.9305,8.27269,3.99254,3.36901,-24.893,-60.3593,55.6767,-42.7922,-383.626,8.0,3.07025,2.4054,2,LLLSYLLFTLLALLLAVLILI,SYLLFTLLALLLAVL,0.4006625901463304,0.0148919355814959,R,99999900.0,-26.475400000000008,-18.815800000000003,17.879999999999995,890.9899999999998,-0.02971458714463688,-0.021117857663946853,0.02006756529253976,-0.030764767281338746
LLLYWLLTLLVALLLSLLILI_2,110011001100110000,1,-75.9334,-70.562,-74.1717,-241.416,-235.169,-256.18,-386.311,4741.73,3892.89,3766.53,-27.4049,26.2584,-96.3665,-54.3212,-55.9593,-99.6065,28.6657,22.7963,10.0457,5.31085,4.24083,24.8273,-100.223,12.091,21.0733,-362.005,9.5,3.16573,1.84709,2,LLLYWLLTLLVALLLSLLILI,YWLLTLLVALLLSLL,0.4381941995810016,0.0065458658939076,L,99999900.0,-40.4072,-1.7617000000000047,14.76400000000001,848.8399999999997,-0.047602846237217875,-0.002075420573959763,0.01739314829649877,-0.03228511851467887
LLLTVLLGALLGILLSALILI_2,110011001100110000,1,-74.0235,-70.6542,-60.2863,-218.606,-215.897,-234.386,-357.942,4413.95,3597.27,3683.54,-27.3915,-18.404,-92.704,-89.7946,-63.2698,-70.8951,66.7195,-44.1029,6.89457,6.14139,5.64218,-18.5981,-63.7261,69.6712,-42.7158,-377.144,7.3752,5.46453,5.0096,2,LLLTVLLGALLGILLSALILI,TVLLGALLGILLSAL,0.4546870665381362,0.0408433620323817,G,99999900.0,-29.434199999999997,-13.737200000000001,15.780000000000001,816.6799999999998,-0.03604128912181026,-0.016820786599402462,0.019322133516187497,-0.03354006465200569
LLLGYLLALLLGTLLSFLILI_2,110011001100110000,1,-80.1234,-77.5196,-74.0304,-230.157,-226.511,-246.401,-357.941,4572.88,3745.51,3604.41,-27.3622,-24.9684,-75.0226,-78.879,-37.5096,-72.3552,56.4751,-41.2524,7.07671,4.97743,4.32456,-24.4171,-68.9875,54.3485,-39.7512,-382.78,6.8746,4.18517,3.5004,2,LLLGYLLALLLGTLLSFLILI,GYLLALLLGTLLSFL,0.6273127322389954,0.0522604130780391,G,99999900.0,-37.513,-6.0930000000000035,16.244,827.3699999999999,-0.04534005342228991,-0.007364298923093663,0.019633295865211457,-0.0330712982099907
LLLLYVLTALLILLASLLILI_1,110011001100110000,1,-74.109,-74.0892,-74.0424,-238.683,-231.047,-243.238,-373.523,4568.65,3689.28,3654.8,-27.3504,32.8767,-88.0817,-35.5103,-56.2427,-41.7523,106.925,17.8363,9.38433,7.19776,7.30164,31.0102,-39.6373,92.9114,18.8049,-335.267,9.3042,4.98863,4.8823,1,LLLLYVLTALLILLASLLILI,LYVLTALLILLASLL,0.4079894250632173,0.0294377607964175,L,99999900.0,-31.839,-0.066599999999994,4.555000000000007,879.3699999999994,-0.03620660245402961,-7.573603830013992e-05,0.005179844661519053,-0.031102266395260262
LLLYSLLFVLALLLATLLILI_1,110011001100110000,1,-64.7657,-64.9112,-58.817,-232.958,-229.025,-249.79,-345.449,4698.96,3827.8,3721.72,-27.3233,17.5509,-75.048,-33.9618,-36.8415,-106.815,31.2556,29.9889,8.98374,6.74169,5.71052,13.2386,-112.035,7.0217,25.6894,-329.613,8.8215,4.25318,2.85851,1,LLLYSLLFVLALLLATLLILI,YSLLFVLALLLATLL,0.3406553667479879,0.105895058655733,L,99999900.0,-38.2065,-5.948699999999995,16.831999999999994,871.1599999999999,-0.04385704118646403,-0.0068284815648101335,0.01932136461729188,-0.031364272923458385
LLLYTLLVALLAFLLSLLILI_2,110011001100110000,1,-76.6404,-74.2951,-60.3862,-228.62,-227.66,-249.324,-354.667,4724.02,4139.79,3843.98,-27.2924,-23.4404,-76.6991,-76.1524,-44.9568,-70.7229,44.5997,-44.2052,8.95344,3.1294,2.29839,-26.6687,-67.6029,45.1857,-45.0,-381.339,8.6947,2.74051,1.9183,2,LLLYTLLVALLAFLLSLLILI,YTLLVALLAFLLSLL,0.4640110752190238,0.0506436495881796,R,99999900.0,-31.7423,-16.254199999999997,20.704000000000008,584.2300000000005,-0.05433185560481313,-0.027821577118600525,0.035438098009345616,-0.0467151635486024
LLLLAILTALLIVLLSLLILI_1,110011001100110000,1,-74.2118,-74.1921,-74.2512,-243.937,-243.439,-241.357,-388.046,4522.63,3696.14,3633.16,-27.2903,113.994,-97.1879,43.5784,-72.4375,-46.2005,77.0069,21.032,9.77864,3.82601,3.48112,103.829,-53.5455,58.0911,23.9181,-273.786,9.149,2.37413,1.7455,1,LLLLAILTALLIVLLSLLILI,LAILTALLIVLLSLL,0.5150509961177371,0.0409850429941606,L,99999900.0,-24.7504,0.039400000000000546,-2.5800000000000125,826.4900000000002,-0.029946399835448695,4.767147817880499e-05,-0.0031216348655156287,-0.033019516267589435
LLLSYLLIILLAFLLSLLILI_0,110011001100110000,1,-77.9169,-79.6291,-60.2953,-238.966,-237.285,-258.209,-370.822,4697.87,3813.49,3764.16,-27.261,0.108066,-81.2007,-53.8004,-52.3184,-64.3018,60.6763,-45.2747,9.03509,4.33657,3.74671,2.2047,-64.7378,56.4022,-45.0,-370.714,8.8345,3.82497,3.171,0,LLLSYLLIILLAFLLSLLILI,SYLLIILLAFLLSLL,0.3681467086243715,0.0600420695338128,R,99999900.0,-28.8823,-17.6216,19.242999999999995,884.3800000000001,-0.032658246455143716,-0.019925371446663197,0.021758746240303932,-0.03082498473506863
LLLYVLLALLLGTLLGFLILI_0,110011001100110000,1,-59.8141,-59.711,-58.7232,-232.845,-228.053,-245.129,-340.67,4630.28,3645.86,3602.07,-27.2545,-20.9266,-75.2653,-73.8332,-36.8178,-67.9928,46.4551,-38.4074,6.88534,2.97037,2.1672,-20.5644,-71.1719,34.5088,-41.0473,-361.597,6.9662,1.83447,0.852102,0,LLLYVLLALLLGTLLGFLILI,YVLLALLLGTLLGFL,0.1940916008395911,0.0219587648404322,G,99999900.0,-38.4475,-1.0909000000000049,12.283999999999992,984.4199999999996,-0.03905599236098414,-0.0011081652140346654,0.012478413685215656,-0.027685845472460953
LLLVALLTALLYLLFSLLILI_2,110011001100110000,1,-70.6026,-66.9429,-74.2623,-246.071,-237.38,-245.273,-356.986,4594.5,3753.34,3836.5,-27.2513,-14.3292,-67.5644,-66.9927,-37.4509,-96.8827,43.1339,17.3267,9.30458,6.85548,6.00249,-5.84085,-96.1052,25.5895,23.4724,-362.974,9.5,4.37036,3.2542,2,LLLVALLTALLYLLFSLLILI,VALLTALLYLLFSLL,0.5917330794512856,0.0519167719885849,L,99999900.0,-30.11350000000001,3.659700000000001,-0.7980000000000018,841.1599999999999,-0.03579996671263495,0.004350777497741216,-0.0009486899044177113,-0.03239728470207809
LLLLYFLLIVLATLLLSLILI_2,110011001100110000,1,-74.2686,-74.2686,-74.2686,-241.818,-227.934,-248.135,-364.215,4668.37,3757.08,3675.38,-27.2266,205.028,-75.3555,143.016,-41.8115,-55.6727,90.8448,21.6847,10.47,7.11495,6.97762,194.029,-56.6384,70.3623,26.5287,-174.548,9.5,4.49467,4.0501,2,LLLLYFLLIVLATLLLSLILI,LYFLLIVLATLLLSL,0.1547204913367163,0.0675341069840446,L,99999900.0,-33.544000000000004,0.0,6.316999999999979,911.29,-0.036809358162604666,0.0,0.006931931657320918,-0.02987698756707525
LLLAALLALLLGTLLGFLILI_1,110011001100110000,1,-65.6867,-68.85,-58.7826,-214.9,-206.135,-232.545,-339.874,4478.41,3492.75,3426.47,-27.2194,91813.9,-86.5077,91749.0,-48.5467,-73.0033,50.4731,-32.9292,6.97244,4.26438,3.52147,82765.9,-61.4491,56.4783,-36.3969,238141.0,6.7439,3.34193,2.6891,1,LLLAALLALLLGTLLGFLILI,AALLALLLGTLLGFL,0.2136654021737903,0.0535528338649219,G,99999900.0,-37.961,-6.9041,17.644999999999982,985.6599999999999,-0.038513280441531565,-0.007004545177850375,0.017901710528985638,-0.027615404906357166
LLLTSLLLGLLFALLAALILI_2,110011001100110000,1,-58.4521,-57.0359,-44.9453,-224.995,-224.742,-244.928,-346.942,4528.1,3756.08,3639.96,-27.1953,11622.5,-90.6908,11557.4,-57.0695,-38.9733,76.3844,-42.6235,7.34467,2.65789,2.30366,10411.6,-40.0595,64.5531,-38.0126,11304.0,7.2779,1.2236,0.691897,2,LLLTSLLLGLLFALLAALILI,TSLLLGLLFALLAAL,0.2780980666560834,0.0275901512610867,G,99999900.0,-33.6213,-13.506799999999998,19.932999999999993,772.0200000000004,-0.04354977850314756,-0.017495401673531762,0.025819279293282534,-0.03522615994404288
LLLLALLLFVLATLLLSLILI_2,110011001100110000,1,-74.2037,-74.2037,-74.2037,-237.178,-220.37,-242.294,-372.768,4593.28,3661.69,3495.69,-27.1747,120.118,-88.5612,41.9238,-56.2704,-47.6766,96.4485,21.6312,10.0592,6.67204,6.61877,77.1352,-56.1344,66.139,24.0594,-252.057,9.2891,3.84892,3.341,2,LLLLALLLFVLATLLLSLILI,LALLLFVLATLLLSL,0.339132367007734,0.0234300775854364,L,99999900.0,-32.2908,0.0,5.116000000000014,931.5899999999997,-0.0346620294335491,0.0,0.005491686256829738,-0.02917023583336018
LLLLAILTFLLAVLLLLLILI_0,110011001100110000,1,-58.8808,-58.8808,-58.8808,-240.029,-220.604,-244.051,-366.379,4622.67,3717.89,3598.68,-27.154,1755.19,-94.6233,1668.29,-63.447,-57.459,68.8623,23.6013,10.1198,4.41526,3.94819,1198.12,-65.639,43.2616,25.0,1388.81,9.3683,2.18617,1.33509,0,LLLLAILTFLLAVLLLLLILI,LAILTFLLAVLLLLL,0.5497655104373008,0.034861973028891,L,99999900.0,-31.176299999999998,0.0,4.021999999999991,904.7800000000002,-0.034457326642940815,0.0,0.004445279515462312,-0.030011715555162573
LLLTALLFVLLGILLALLILI_1,110011001100110000,1,-51.7999,-46.0741,-45.0426,-227.706,-227.539,-245.298,-348.428,4689.81,3745.38,3743.24,-27.148,-6.58814,-96.0703,-81.4028,-58.0875,-64.1606,44.9208,-46.7773,6.85965,2.1884,1.36222,-14.7031,-61.5471,48.1349,-42.0502,-361.629,7.2784,2.23028,1.4523,1,LLLTALLFVLLGILLALLILI,TALLFVLLGILLALL,0.6093087665718758,0.087759853539565,G,99999900.0,-37.982800000000005,-6.757300000000001,17.592000000000013,944.4300000000003,-0.04021769744713742,-0.007154897663140729,0.01862710841459929,-0.028745380811706522
LLLVILLTILLALLFSLLILI_0,110011001100110000,1,-74.1654,-74.1103,-74.1654,-247.543,-226.903,-245.385,-382.589,4548.49,3746.28,3684.79,-27.1295,2168.35,-88.0096,2086.77,-63.0388,-111.786,18.3105,17.4944,10.2732,5.73979,4.51445,1288.39,-103.723,3.9343,27.5002,1785.76,9.1841,2.58958,1.14859,0,LLLVILLTILLALLFSLLILI,VILLTILLALLFSLL,0.3271698767373063,0.1089221953373676,L,99999900.0,-24.970800000000004,0.0,-2.1580000000000155,802.2099999999996,-0.031127510252926312,0.0,-0.002690068685256998,-0.03381845152765487
LLLTFLLGILLGVLLSLLILI_0,110011001100110000,1,-67.1965,-61.3404,-60.3629,-225.844,-222.234,-241.778,-358.396,4570.21,3649.25,3567.03,-27.1168,-16.4532,-92.4724,-91.2748,-56.2552,-97.2596,48.3051,-38.7102,7.27677,7.61014,6.83471,-15.7248,-98.6157,38.1977,-36.4813,-374.849,7.493,6.44904,5.522,0,LLLTFLLGILLGVLLSLLILI,TFLLGILLGVLLSLL,1.2691016010388223,0.0744492171657757,G,99999900.0,-36.21719999999999,-6.833599999999997,15.933999999999997,920.96,-0.03932548644892285,-0.007420083391243916,0.017301511466296035,-0.029444058373870746
LLLLLALLFVLTWLLILLILI_1,110011001100110000,1,-58.8859,-58.9137,-58.9076,-250.765,-248.512,-252.807,-376.812,4643.01,3659.91,3600.55,-27.1002,-10.3888,-94.2616,-79.7755,-65.0974,-0.428887,113.369,18.1049,9.3433,1.86921,2.06975,-7.64137,-2.1739,98.4581,19.6299,-384.335,9.2379,0.117928,0.0947994,1,LLLLLALLFVLTWLLILLILI,LLALLFVLTWLLILL,0.6337463003312556,0.0162960869125369,L,99999900.0,-29.164200000000008,0.021700000000002717,2.0420000000000016,983.1000000000004,-0.0296655477570949,2.2073034279323273e-05,0.002077103041399655,-0.027566066524259986
LLLLYALLALLTALLFSLILI_2,110011001100110000,1,-74.1467,-74.2083,-74.1467,-231.646,-214.742,-242.122,-355.151,4575.56,3678.41,3605.0,-27.0991,22.4424,-76.4574,-43.7578,-38.8824,-7.34343,111.377,27.6138,9.13846,2.63743,2.80809,19.2662,-10.97,92.972,21.0294,-332.708,8.5,0.69672,0.5913,2,LLLLYALLALLTALLFSLILI,LYALLALLTALLFSL,0.3604668976964855,0.0138066072725416,L,99999900.0,-37.57500000000001,0.0,10.476000000000028,897.1500000000005,-0.04188262832302289,0.0,0.01167697709413144,-0.03020576269297217
LLLLAVLLFLLALLTSLLILI_2,110011001100110000,1,-74.2371,-74.2371,-74.2371,-233.455,-230.641,-242.76,-375.484,4589.96,3611.7,3612.2,-27.0991,-19.8121,-94.8911,-90.4184,-58.4872,-51.1614,99.2751,19.778,8.81448,7.57634,7.56547,-7.14255,-53.3268,80.5799,18.6844,-383.042,8.9663,5.3773,5.086,2,LLLLAVLLFLLALLTSLLILI,LAVLLFLLALLTSLL,0.4471497054984446,0.0578701794667509,L,99999900.0,-36.40389999999999,0.0,9.304999999999978,978.2600000000002,-0.03721290863369655,0.0,0.00951178623269885,-0.027701326845623857
LLLYLLLFVLIILLLTLLILI_1,110011001100110000,1,-58.8554,-58.8554,-58.8554,-247.532,-241.267,-258.976,-373.623,4753.67,3829.54,3747.67,-27.0961,32.5235,-94.3321,-40.9775,-55.7915,-108.207,39.8918,19.0674,10.121,8.11645,7.21483,33.8564,-105.122,22.7647,23.6466,-341.135,9.4707,5.34153,4.183,1,LLLYLLLFVLIILLLTLLILI,YLLLFVLIILLLTLL,0.2707148781466374,0.122396326244381,L,99999900.0,-38.5406,0.0,11.443999999999988,924.1300000000001,-0.04170473851081557,0.0,0.01238353911246252,-0.029320658348933586
LLLATLLLLLVILLFSLLILI_0,110011001100110000,1,-63.7574,-60.5217,-60.3623,-239.624,-226.804,-247.492,-375.178,4627.73,3677.18,3647.53,-27.0403,38.3072,-98.837,-49.5452,-67.3244,-106.913,32.4271,21.5849,9.6024,6.91457,5.90098,36.6677,-112.025,6.02704,18.0,-336.871,9.0427,4.1174,2.70781,0,LLLATLLLLLVILLFSLLILI,ATLLLLLVILLFSLL,0.2783024612313906,0.0742138979392187,L,99999900.0,-31.512600000000006,-3.3950999999999993,7.867999999999995,950.5499999999997,-0.03315196465204357,-0.003571721634842986,0.008277313134501075,-0.028447004365893435
LLLAYLLAVLTSLLFSLLILI_2,110011001100110000,1,-89.6761,-88.9858,-89.6761,-230.668,-226.161,-243.861,-367.025,4560.52,3617.81,3565.91,-27.0351,55.898,-73.7161,4.01943,-33.4879,-105.62,20.086,23.9022,9.46008,5.05463,3.85592,51.5201,-105.336,9.98133,18.0,-322.883,8.8545,3.64788,2.2976,2,LLLAYLLAVLTSLLFSLLILI,AYLLAVLTSLLFSLL,0.5636803976443386,0.0388329628759062,L,99999900.0,-40.228199999999994,0.0,13.192999999999984,942.7100000000005,-0.04267293229094841,0.0,0.013994759788269962,-0.028678066425517908
LLLLALLLFVLTWLLILLILI_1,110011001100110000,1,-58.8791,-58.9295,-58.8964,-249.813,-247.904,-253.499,-376.851,4660.07,3663.06,3569.13,-27.0137,3.89318,-95.1724,-66.124,-64.4552,-0.907884,119.694,19.4563,9.91509,2.79493,3.09034,2.01293,-7.00423,96.9391,20.3201,-359.538,9.431,0.637414,0.591501,1,LLLLALLLFVLTWLLILLILI,LALLLFVLTWLLILL,0.5135009993497036,0.0703664144512016,L,99999900.0,-30.71719999999999,0.01729999999999876,3.686000000000007,997.0099999999998,-0.030809319866400536,1.735188212756017e-05,0.00369705419203419,-0.027094713192445417
LLLTFLLAVLLGLLLGSLILI_0,110011001100110000,1,-67.4916,-67.9558,-60.2706,-224.601,-222.325,-240.694,-353.869,4576.44,3704.58,3540.11,-27.0086,17824.3,-88.7857,17760.7,-52.9043,-59.1896,55.9769,-46.5586,7.33995,2.93532,2.27497,16313.2,-62.877,50.983,-41.0408,17470.4,7.3408,2.81426,2.07901,0,LLLTFLLAVLLGLLLGSLILI,TFLLAVLLGLLLGSL,0.6565494597249657,0.0888558783029159,G,99999900.0,-35.881400000000006,-7.221000000000004,16.09299999999999,871.8599999999997,-0.04115500194985436,-0.008282293028697275,0.01845823870804945,-0.030978138691991848
LLLVALLALLLGTLLSFLILI_0,110011001100110000,1,-74.0371,-74.0769,-74.0748,-225.467,-222.325,-237.392,-363.757,4533.23,3638.66,3589.65,-27.0071,-22.8188,-91.2598,-90.1735,-52.2907,-65.1475,61.5042,-37.6164,6.60817,4.57519,3.99776,-22.7339,-68.1464,52.7276,-38.529,-386.576,6.6534,3.84019,3.1311,0,LLLVALLALLLGTLLSFLILI,VALLALLLGTLLSFL,0.3087070339903137,0.0421196357767263,G,99999900.0,-38.9691,0.037700000000000955,11.924999999999983,894.5699999999997,-0.04356182299875919,4.2143152576099093e-05,0.013330426909017725,-0.03019003543601955
LLLYFLLIALLTLLLSILILI_0,110011001100110000,1,-72.066,-61.8791,-74.3253,-241.563,-234.601,-255.314,-370.839,4782.82,3913.12,3861.63,-26.9969,-14.978,-84.2066,-89.3368,-41.1998,-78.0479,55.4551,-43.3217,8.40343,5.69362,5.02545,-14.9848,-76.4723,48.349,-40.0172,-385.817,8.4267,4.49796,3.72319,0,LLLYFLLIALLTLLLSILILI,YFLLIALLTLLLSIL,0.2580788211969706,0.0386641052021207,R,99999900.0,-43.00679999999999,2.259299999999996,13.751000000000005,869.6999999999998,-0.04945015522593998,0.002597792342186957,0.015811199264114072,-0.031041623548350012
LLLLLVLLLALITLLSFLILI_2,110011001100110000,1,-74.1949,-74.1949,-74.1949,-243.865,-224.929,-245.912,-382.988,4600.73,3813.45,3684.9,-26.9887,-5.98861,-91.9169,-89.8525,-62.8809,-13.9358,107.359,21.3453,8.9118,3.08381,3.19419,-5.20341,-18.4149,85.2371,18.9515,-388.976,8.7466,0.769243,0.547799,2,LLLLLVLLLALITLLSFLILI,LLVLLLALITLLSFL,0.1717549810968925,0.1117472336936005,L,99999900.0,-29.036,0.0,2.046999999999997,787.2799999999997,-0.03688141449039733,0.0,0.0026000914541205134,-0.03428094197744133
LLLSYLLVLLLGALLATLILI_0,110011001100110000,1,-79.3699,-83.8846,-58.767,-228.905,-227.657,-249.045,-363.234,4569.42,3771.18,3595.3,-26.981,861.585,-81.94,809.893,-55.4221,-49.2118,60.2463,-44.8643,7.84221,2.01501,1.4187,815.362,-53.2144,55.8643,-41.6761,498.351,7.4203,2.02384,1.3618,0,LLLSYLLVLLLGALLATLILI,SYLLVLLLGALLATL,1.051963319183452,0.0426153885886659,G,99999900.0,-26.517899999999997,-20.602899999999998,20.139999999999986,798.2400000000002,-0.03322046001202644,-0.025810407897374214,0.025230507115654416,-0.0338006113449589
LLLSYLLFTLLALLLSILILI_0,110011001100110000,1,-92.7882,-91.0614,-74.1655,-237.604,-235.604,-256.668,-377.295,4629.98,3752.98,3773.53,-26.9796,-15.0755,-73.8824,-65.7059,-46.4619,-58.9609,66.3815,-45.0186,8.5564,4.30564,3.80136,-14.8096,-60.6676,60.7317,-42.8454,-392.371,8.4997,3.79892,3.2099,0,LLLSYLLFTLLALLLSILILI,SYLLFTLLALLLSIL,0.5089313128564296,0.0550337427703995,R,99999900.0,-27.420500000000004,-18.62270000000001,19.063999999999993,876.9999999999995,-0.031266248574686455,-0.02123454960091222,0.02173774230330673,-0.030763511972633998
LLLLYALLAVLTILLSLLILI_0,110011001100110000,1,-74.2388,-74.2388,-74.2388,-242.568,-223.959,-242.305,-374.004,4528.54,3753.72,3708.53,-26.9561,13.1993,-84.153,-62.6069,-57.46,-47.888,97.2135,21.4511,9.65864,6.80702,6.76522,13.1569,-41.0172,86.6948,19.8286,-360.805,9.5,4.35638,4.1568,0,LLLLYALLAVLTILLSLLILI,LYALLAVLTILLSLL,0.2284972177102496,0.0206478797318459,L,99999900.0,-26.693000000000005,0.0,-0.26300000000000523,774.8200000000002,-0.03445058207067448,0.0,-0.00033943367491805215,-0.03479014480782633
LLLLTILLLVLALLLSFLILI_2,110011001100110000,1,-60.3898,-60.3898,-60.3604,-237.577,-236.958,-246.372,-377.317,4588.78,3741.12,3619.68,-26.9425,-22.196,-106.292,-102.164,-70.5843,-51.9982,81.2315,26.0054,8.94695,5.26599,4.98446,-12.8101,-56.4231,64.9796,25.2813,-390.353,9.1603,3.73571,3.2104,2,LLLLTILLLVLALLLSFLILI,LTILLLVLALLLSFL,0.2637790586616069,0.1355589051408949,L,99999900.0,-35.7077,-0.029400000000002535,8.795000000000016,847.6599999999999,-0.04212502654366138,-3.468371752825725e-05,0.010375622301394447,-0.03178455984710851
LLLAALLFSLLGLLLGTLILI_0,110011001100110000,1,-81.6033,-79.3024,-74.0983,-223.892,-213.762,-233.91,-354.98,4478.19,3694.36,3679.1,-26.9172,-11.2466,-76.4018,-73.1613,-46.9713,-51.9674,74.0913,-37.3657,6.64975,4.29744,3.90881,-11.0696,-43.753,64.4796,-35.9038,-366.226,6.884,1.7677,1.23489,0,LLLAALLFSLLGLLLGTLILI,AALLFSLLGLLLGTL,0.3187157480936068,0.0638814243921886,G,99999900.0,-29.430499999999995,-7.50500000000001,10.018,783.8299999999995,-0.037547044639781604,-0.009574780245716565,0.012780832578492794,-0.03434060957095291
LLLLIVLTWLLALLASLLILI_1,110011001100110000,1,-74.2191,-74.2191,-74.1249,-238.738,-232.79,-245.362,-386.588,4572.76,3615.11,3555.21,-26.9068,-20.0363,-100.537,-99.6144,-67.1005,-50.0476,67.0913,26.7439,9.20005,3.06446,2.57083,-15.7936,-52.9378,51.7149,25.2458,-402.396,9.0311,1.42218,0.697903,1,LLLLIVLTWLLALLASLLILI,LIVLTWLLALLASLL,0.7131861543657944,0.0543140930400223,L,99999900.0,-33.43650000000001,-0.09420000000000073,6.623999999999995,957.6500000000001,-0.03491515689448129,-9.836579125985561e-05,0.006916932073304438,-0.02809669503472041
LLLSYLLTLLLAFLLSILILI_0,110011001100110000,1,-85.38,-88.7755,-74.0605,-238.03,-236.793,-258.662,-379.25,4632.07,3771.51,3776.23,-26.8997,-23.7377,-82.7397,-77.4194,-46.5277,-61.5378,58.4015,-41.2861,7.87807,3.61487,2.99089,-23.6302,-64.7965,51.5402,-39.82,-402.987,8.0152,3.1774,2.4505,0,LLLSYLLTLLLAFLLSILILI,SYLLTLLLAFLLSIL,0.5815997937214439,0.0768298004202327,R,99999900.0,-36.211999999999996,-11.31949999999999,20.631999999999977,860.5599999999995,-0.042079576089987934,-0.013153644138700378,0.02397508599051779,-0.03125836664497538
LLLLALLLAVLTALLFSLILI_1,110011001100110000,1,-74.2439,-74.2439,-74.2439,-227.803,-218.92,-238.672,-364.602,4533.36,3543.8,3596.74,-26.8917,-5.82844,-89.4467,-77.2665,-51.6862,-9.79414,111.061,21.7147,9.1065,2.96232,3.12823,-4.25407,-16.1108,85.7945,18.2467,-366.75,9.3989,0.498883,0.285801,1,LLLLALLLAVLTALLFSLILI,LALLLAVLTALLFSL,0.4235549020756884,0.0069038637344758,L,99999900.0,-37.76050000000001,0.0,10.869,989.5599999999995,-0.0381588786935608,0.0,0.010983669509681077,-0.02717541129390842
LLLLSALVALLLTLFLLLILI_1,110011001100110000,1,-60.3887,-60.5813,-58.8562,-229.397,-222.527,-242.635,-362.887,4589.45,3671.12,3635.72,-26.8635,55.7465,-99.9642,-24.0322,-61.3951,-55.8674,71.4626,17.4506,9.68206,4.52756,4.0995,44.2272,-61.4585,53.4775,20.0104,-305.952,9.4977,2.93824,2.2404,1,LLLLSALVALLLTLFLLLILI,LSALVALLLTLFLLL,0.3428927189748265,0.0387182805127438,L,99999900.0,-38.569100000000006,-1.5324999999999989,13.238,918.3299999999999,-0.04199917241078916,-0.0016687900863523995,0.014415297333202662,-0.029252556270621673
LLLLLLLLFVLATLLSILILI_0,110011001100110000,1,-74.1441,-74.1441,-74.1441,-245.04,-236.831,-245.622,-384.441,4544.17,3623.64,3632.03,-26.8509,-19.9439,-92.1081,-93.4099,-64.6752,-53.9172,76.8714,25.3834,9.75533,4.96523,4.6183,-18.1768,-54.4487,65.1033,28.0,-404.385,9.5,3.45625,2.9328,0,LLLLLLLLFVLATLLSILILI,LLLLLFVLATLLSIL,0.2600790131936704,0.0654556342283032,L,99999900.0,-27.43289999999999,0.0,0.582000000000022,920.5300000000002,-0.02980120148175506,0.0,0.00063224446786093,-0.029168957013894162
LLLLWALLAVLATLLSLLILI_0,110011001100110000,1,-74.2018,-74.2018,-74.2018,-234.059,-218.574,-237.973,-375.206,4515.4,3653.88,3737.57,-26.8261,-6.90894,-93.7709,-89.339,-63.0311,-55.1144,91.7649,16.0084,9.40325,7.15542,7.03189,-7.17954,-61.1356,66.6024,18.8408,-382.115,9.4667,4.66166,4.1607,0,LLLLWALLAVLATLLSLLILI,LWALLAVLATLLSLL,0.3490020646985169,0.0508833112115371,L,99999900.0,-30.739799999999995,0.0,3.9140000000000157,861.5199999999995,-0.03568088959049124,0.0,0.004543133067137174,-0.0311381047451017
LLLTALLAFLLGVLLGLLILI_0,110011001100110000,1,-50.3566,-54.4724,-44.9299,-217.649,-215.151,-239.294,-341.718,4519.1,3426.88,3411.58,-26.8092,1552.52,-100.521,1480.42,-57.4944,-63.7398,60.0345,-33.7875,7.06759,4.16562,3.56614,255.07,-66.9239,51.0441,-36.0241,1210.8,6.7893,3.42954,2.6952,0,LLLTALLAFLLGVLLGLLILI,TALLAFLLGVLLGLL,1.1974198880703617,0.1034004641055554,G,99999900.0,-43.0266,-5.426699999999997,21.64500000000001,1092.2200000000003,-0.03939371188954605,-0.004968504513742649,0.019817436047682706,-0.02454560436542088
LLLYTLLISLLFVLLALLILI_2,110011001100110000,1,-68.3677,-67.6494,-60.3764,-241.224,-234.389,-253.915,-360.585,4731.5,3869.02,3822.53,-26.8054,110.786,-77.7993,52.2384,-46.2936,-51.7038,81.4957,-45.9206,8.38288,5.25749,4.97992,108.706,-47.8874,71.7719,-40.0436,-249.8,8.4792,3.37232,2.9489,2,LLLYTLLISLLFVLLALLILI,YTLLISLLFVLLALL,0.3144349238339376,0.0810297202773527,R,99999900.0,-31.505700000000004,-7.9913000000000025,12.691000000000003,862.48,-0.03652919487988128,-0.00926549021426584,0.014714544105370563,-0.0310794453204712
LLLSYLLFTLLALLLAILILI_1,110011001100110000,1,-76.4047,-71.2713,-58.7891,-235.081,-235.133,-254.609,-362.306,4641.5,3808.68,3781.41,-26.7948,-13.5479,-77.6154,-69.4495,-48.9079,-62.9457,58.2557,-45.2948,8.21377,3.80638,3.18021,-22.9214,-61.6436,55.2704,-42.3147,-385.227,8.0426,3.20804,2.5371,1,LLLSYLLFTLLALLLAILILI,SYLLFTLLALLLAIL,0.4355699390297212,0.1077986818770786,R,99999900.0,-28.707499999999996,-17.615600000000008,19.52800000000002,832.8200000000002,-0.03447023366393697,-0.021151749477678256,0.023448043995101003,-0.03217357892461756
LLLLYALLFLLTALLFSLILI_1,110011001100110000,1,-74.2929,-74.2929,-74.1994,-227.604,-232.731,-247.065,-347.877,4649.17,3640.72,3582.75,-26.7901,-5.25179,-72.7707,-46.1053,-26.6128,-8.98603,104.734,21.7804,8.79929,1.98703,2.05804,-4.63162,-10.97,92.972,21.0294,-331.523,8.5,0.69672,0.5913,1,LLLLYALLFLLTALLFSLILI,LYALLFLLTALLFSL,0.4776553847528452,0.0959303013349602,L,99999900.0,-46.157900000000005,-0.09350000000000591,19.460999999999984,1008.4500000000003,-0.0457711339183896,-9.271654519312399e-05,0.019297932470623214,-0.02656562050671822
LLLLLALLAILVTLLSFLILI_0,110011001100110000,1,-70.4924,-68.9898,-74.1387,-242.334,-227.024,-241.952,-373.191,4530.94,3832.13,3739.03,-26.773,-2.64813,-87.1373,-79.8255,-57.1002,-8.53497,107.301,25.6574,9.0608,2.26582,2.37533,-1.66595,-15.856,85.056,19.3699,-375.839,9.4176,0.36096,0.1368,0,LLLLLALLAILVTLLSFLILI,LLALLAILVTLLSFL,0.3666590265827898,0.0513507491380934,L,99999900.0,-30.037099999999995,3.6462999999999965,-0.382000000000005,698.8099999999995,-0.04298321432148941,0.005217870379645396,-0.0005466435797999531,-0.038312273722471084
LLLSYLLTILLAFLLTLLILI_2,110011001100110000,1,-90.9228,-72.6679,-72.5514,-237.963,-238.092,-260.271,-373.172,4653.06,3824.22,3773.33,-26.7421,-7.42872,-71.0288,-69.841,-40.3492,-69.9702,54.652,-43.3079,8.11645,4.37355,3.69333,-24.9018,-70.0938,55.5169,-41.2219,-396.656,8.0,4.50885,3.8416,2,LLLSYLLTILLAFLLTLLILI,SYLLTILLAFLLTLL,0.4926557511697494,0.0564094603940045,R,99999900.0,-30.6796,-18.371399999999994,22.30800000000002,828.8400000000006,-0.03701510544857871,-0.02216519472998405,0.026914724192847843,-0.032264490130785174
LLLLFALLALLYVLTSLLILI_2,110011001100110000,1,-74.1496,-74.2438,-74.1496,-237.715,-227.197,-244.401,-360.006,4550.7,3722.04,3630.83,-26.7313,-10.4302,-74.8728,-68.9957,-41.4562,-45.2295,102.973,15.221,9.61172,7.18578,7.23038,-9.81557,-51.6346,81.3081,19.4931,-369.765,9.3325,5.22178,4.9414,2,LLLLFALLALLYVLTSLLILI,LFALLALLYVLTSLL,0.5630706854567759,0.0913619100620952,L,99999900.0,-33.416599999999995,0.0,6.686000000000007,828.6599999999999,-0.04032606859266768,0.0,0.00806844785557407,-0.032258465474380334
LLLYVLLALLLGALLGTLILI_0,110011001100110000,1,-68.8595,-70.5456,-58.7437,-225.983,-216.535,-240.121,-347.768,4568.38,3898.58,3711.69,-26.7295,-8.47745,-79.6553,-69.1651,-48.9038,-40.6484,74.2742,-46.7588,6.45347,2.62428,2.23839,-7.03322,-41.6132,59.4908,-39.8529,-356.246,6.5091,0.773238,0.1656,0,LLLYVLLALLLGALLGTLILI,YVLLALLLGALLGTL,0.3245170796949183,0.0247498421081236,G,99999900.0,-30.7515,-10.1158,14.138000000000005,669.8000000000002,-0.04591146610928634,-0.015102717229023585,0.02110779337115557,-0.03990668856375036
LLLLAFLLTILVALLLSLILI_0,110011001100110000,1,-70.5676,-70.5922,-74.1514,-234.259,-217.878,-239.501,-367.91,4581.46,3576.02,3599.09,-26.693,-9.65536,-89.7765,-89.0956,-54.2579,-9.1757,109.985,24.5755,9.30981,2.72427,2.87403,-9.03349,-12.6603,91.2504,24.6129,-377.565,9.3634,0.717844,0.586599,0,LLLLAFLLTILVALLLSLILI,LAFLLTILVALLLSL,0.4648575130941021,0.0557350799315074,L,99999900.0,-35.5186,3.5837999999999965,5.242000000000019,1005.44,-0.03532642425206874,0.0035644096117122817,0.005213637810311922,-0.026548575747931253
LLLSYLLFILLAILLTLLILI_2,110011001100110000,1,-77.1857,-60.6522,-58.9143,-238.859,-236.469,-257.746,-368.091,4646.9,3782.29,3744.74,-26.6926,-4.60851,-78.7389,-75.5791,-51.4314,-67.5206,54.4044,-43.7908,8.7511,3.97268,3.28875,-7.51606,-61.6436,55.2704,-42.3147,-376.946,8.0426,3.20804,2.5371,2,LLLSYLLFILLAILLTLLILI,SYLLFILLAILLTLL,0.1693355250424009,0.049802410432435,R,99999900.0,-27.307500000000005,-18.2714,18.886999999999972,864.6099999999997,-0.03158360416835338,-0.021132533743537556,0.021844531060246794,-0.030872416465227107
LLLYTLLIALLFVLLSLLILI_1,110011001100110000,1,-74.4629,-68.3969,-60.4202,-233.957,-236.359,-252.346,-358.83,4753.75,3749.6,3822.82,-26.69,-24.6556,-77.1002,-78.7303,-46.0643,-48.0766,89.309,-46.4836,7.97449,5.76821,5.60785,-24.2075,-47.7386,87.5794,-45.0,-382.793,8.0045,5.48401,5.2977,1,LLLYTLLIALLFVLLSLLILI,YTLLIALLFVLLSLL,0.2843954576147525,0.0142408425843382,R,99999900.0,-31.035899999999998,-14.042700000000004,18.38900000000001,1004.1500000000001,-0.030907633321714877,-0.013984663645869644,0.018313001045660516,-0.026579694268784544
LLLYFLLAILVILLLSLLILI_0,110011001100110000,1,-60.3786,-60.3786,-60.3786,-243.623,-231.532,-254.86,-363.411,4747.75,3800.75,3768.47,-26.6737,-7.52435,-86.0828,-79.024,-48.1718,-105.712,30.7961,18.3688,9.68678,6.51431,5.47625,-7.46187,-111.368,7.59807,18.0,-370.935,9.5,4.23094,2.84491,0,LLLYFLLAILVILLLSLLILI,YFLLAILVILLLSLL,0.2065396101728987,0.0691707433471168,L,99999900.0,-37.91100000000001,0.0,11.237000000000023,947.0,-0.04003273495248153,0.0,0.011865892291446698,-0.028166525871172122
LLLLYWLLTLLVALLSALILI_0,110011001100110000,1,-74.9183,-78.8707,-74.2311,-234.997,-219.371,-247.764,-371.899,4636.7,3875.76,3809.33,-26.6545,-9.51841,-88.6373,-83.1757,-49.9036,-7.5248,112.265,32.819,9.34013,2.78445,2.96842,-9.85582,-7.46127,97.2494,27.9329,-381.417,9.5,0.747859,0.7066,0,LLLLYWLLTLLVALLSALILI,LYWLLTLLVALLSAL,0.4959903204578643,0.0404522149466493,L,99999900.0,-38.7337,-0.6872000000000043,12.766999999999996,760.9399999999996,-0.05090243646016771,-0.000903093542197814,0.01677793255710043,-0.03502838594370123
LLLAILLFVLTSLLYLLLILI_0,110011001100110000,1,-74.3058,-74.2938,-74.2728,-242.912,-220.534,-249.023,-370.945,4623.04,3712.73,3655.23,-26.6433,86.4138,-80.3709,10.2962,-47.649,-114.065,18.5946,20.7384,10.1161,6.11996,4.89888,76.3723,-107.84,2.594,18.2142,-284.532,9.3464,3.02619,1.5651,0,LLLAILLFVLTSLLYLLLILI,AILLFVLTSLLYLLL,0.285361871853288,0.0239742139035456,L,99999900.0,-32.721900000000005,-0.03300000000000125,6.11099999999999,910.31,-0.035945886566114846,-3.6251386890181644e-05,0.006713097735936099,-0.029268381100943635
LLLLALLTALLLVLISLLILI_1,110011001100110000,1,-74.1975,-74.2764,-74.2764,-236.765,-239.252,-241.385,-389.185,4556.2,3665.14,3691.94,-26.629,-12.39,-104.851,-88.0461,-73.5233,-54.6521,81.3933,21.0116,9.00136,5.6859,5.4068,-8.31759,-61.7768,57.1172,21.5473,-397.14,9.5,3.47734,2.8341,1,LLLLALLTALLLVLISLLILI,LALLTALLLVLISLL,0.3693362800039748,0.0327523886922691,L,99999900.0,-31.327699999999993,0.0788999999999902,4.6200000000000045,891.06,-0.03515778959890467,8.854622584336655e-05,0.005184836037977246,-0.029884631786860596
LLLVALLLLLASLLFTLLILI_0,110011001100110000,1,-74.15,-74.2157,-74.2829,-232.62,-213.962,-242.529,-376.8,4622.03,3619.74,3650.55,-26.6155,-9.64491,-96.6452,-98.2675,-59.9878,-100.9,59.0677,21.6931,8.584,9.60913,8.99515,-9.62505,-105.337,33.689,23.5124,-386.445,8.7221,6.84857,5.85391,0,LLLVALLLLLASLLFTLLILI,VALLLLLASLLFTLL,0.3421254345550974,0.0468237917856464,L,99999900.0,-36.6574,0.13289999999999225,9.908999999999992,1002.29,-0.03657364634985883,0.00013259635434853412,0.009886360235061701,-0.026554689760448575
LLLLALLTALLFVLASLLILI_1,110011001100110000,1,-70.6084,-74.2574,-74.2574,-236.982,-237.289,-238.707,-282.866,4554.51,3742.26,3812.41,-26.6144,-16.3172,-1.88981,12.3633,30.0985,-99.3902,32.0874,21.1473,9.3018,5.74033,4.72164,-5.84462,-95.5434,21.4906,28.0,-288.661,9.3253,3.73274,2.5551,1,LLLLALLTALLFVLASLLILI,LALLTALLFVLASLL,0.4026771455750875,0.0185718895004556,L,99999900.0,-31.988310000000002,3.649000000000001,1.7249999999999943,812.25,-0.03938234533702678,0.004492459218220992,0.002123730378578017,-0.03276626654355186
LLLVILLLFLISLLLTLLILI_1,110011001100110000,1,-74.2285,-74.1614,-74.1921,-242.983,-236.859,-249.381,-389.476,4617.51,3750.39,3663.23,-26.6117,55.4569,-98.8757,-22.9987,-65.9023,-107.767,33.8994,20.6328,10.3868,7.24142,6.24991,50.2571,-107.346,13.8119,25.8508,-329.081,9.3436,4.46651,3.17369,1,LLLVILLLFLISLLLTLLILI,VILLLFLISLLLTLL,0.4405324428220402,0.1173564726650581,L,99999900.0,-32.9734,-0.03640000000000043,6.397999999999996,867.1200000000003,-0.03802634006827196,-4.197804225482104e-05,0.007378448196328067,-0.030689754589906804
LLLYSLLVALLFTLLFLLILI_0,110011001100110000,1,-69.7534,-69.7721,-58.8425,-234.58,-233.58,-255.086,-342.3,4792.64,3864.24,3756.53,-26.6026,-23.1516,-64.57,-62.0993,-28.3715,-52.3561,83.8513,-47.4085,8.13533,5.67334,5.43111,-22.7893,-52.9619,83.5681,-45.0,-365.452,8.1807,5.72598,5.4795,0,LLLYSLLVALLFTLLFLLILI,YSLLVALLFTLLFLL,0.231963554000603,0.0766835393804542,R,99999900.0,-36.198499999999996,-10.910899999999998,20.506,928.4000000000005,-0.03899019819043513,-0.011752369668246436,0.02208746230073243,-0.02865424386040498
LLLYFLLTILLGVLLALLILI_0,110011001100110000,1,-59.9777,-62.6932,-58.7631,-238.783,-230.857,-249.709,-347.559,4712.78,3790.74,3717.76,-26.564,751.228,-75.3625,697.219,-39.0869,-60.4446,69.3359,-46.3258,7.40595,4.92704,4.46708,642.479,-53.1809,65.2257,-42.5009,403.669,7.3951,3.28261,2.761,0,LLLYFLLTILLGVLLALLILI,YFLLTILLGVLLALL,0.4412047281902607,0.071887290077802,G,99999900.0,-36.2756,-1.2145999999999972,10.926000000000016,922.04,-0.03934276170231226,-0.0013172964296559774,0.011849811288013554,-0.02881002993362544
LLLLVLLLTILFLLLSALILI_1,110011001100110000,1,-74.0603,-68.9818,-74.1958,-242.822,-230.388,-246.194,-383.81,4572.65,3772.18,3645.63,-26.5635,-11.763,-93.4914,-96.203,-63.4202,-11.6041,109.566,24.7918,9.71999,3.03204,3.17553,-5.96167,-12.6603,91.2504,24.6129,-389.824,9.3634,0.717844,0.586599,1,LLLLVLLLTILFLLLSALILI,LVLLLTILFLLLSAL,0.263046023618804,0.0178531136427149,L,99999900.0,-30.071199999999997,0.1355000000000075,3.3719999999999857,800.4699999999998,-0.03756692942896049,0.00016927555061402368,0.004212525141479364,-0.033184878883655865
LLLATLLVGLLFLLLGALILI_1,110011001100110000,1,-51.5968,-52.4156,-44.9989,-224.364,-218.629,-237.926,-334.385,4591.62,3683.11,3500.38,-26.5607,12584.0,-84.985,12520.7,-51.4597,-39.2848,77.3793,-42.8218,7.34539,2.83893,2.49962,12461.5,-36.3008,67.5299,-37.7338,12390.2,6.896,1.06165,0.574598,1,LLLATLLVGLLFLLLGALILI,ATLLVGLLFLLLGAL,0.6502666926801844,0.0653361532011025,G,99999900.0,-33.5253,-6.597900000000003,13.561999999999983,908.5099999999998,-0.03690141000099065,-0.00726233062927211,0.01492773882510923,-0.02923545145347878
LLLLYVLLLILITLLLSLILI_0,110011001100110000,1,-74.1985,-74.1985,-74.1985,-243.267,-220.395,-251.063,-392.6,4649.11,3719.3,3606.79,-26.5459,8714.5,-101.68,8616.5,-67.3385,-60.2529,88.7296,20.4582,10.176,7.51643,7.34738,7761.35,-61.55,67.5867,27.3561,8321.91,9.3793,4.8567,4.3705,0,LLLLYVLLLILITLLLSLILI,LYVLLLILITLLLSL,0.3879028796348086,0.033932641599718,L,99999900.0,-34.34150000000001,0.0,7.795999999999992,929.8099999999995,-0.036933889719405075,0.0,0.00838450866306019,-0.028549811251761127
LLLSYLLFVLLALLLSTLILI_1,110011001100110000,1,-92.6893,-87.784,-74.2184,-237.198,-236.827,-255.235,-373.731,4634.23,3792.92,3808.18,-26.5439,-16.0222,-70.388,-65.142,-44.2779,-69.7826,57.3232,-45.3334,8.39906,4.70602,4.06586,-22.8741,-66.724,58.8887,-41.9166,-399.2,8.6817,4.45857,3.8419,1,LLLSYLLFVLLALLLSTLILI,SYLLFVLLALLLSTL,0.4044100540640674,0.0498004731899003,R,99999900.0,-26.110100000000003,-18.4709,18.037000000000006,841.3099999999995,-0.031035052477683636,-0.02195492743459606,0.021439184129512328,-0.031550676920516836
LLLTALLGILLGVLLGALILI_2,110011001100110000,1,-56.8027,-53.9361,-44.8793,-211.16,-218.311,-234.901,-342.066,4444.22,3539.37,3583.79,-26.5234,-17.1423,-100.626,-86.9609,-62.2857,-91.9129,44.2394,-37.829,6.38688,6.25925,5.42284,-16.5493,-97.484,35.8407,-36.8474,-357.238,6.7321,5.96109,4.9987,2,LLLTALLGILLGVLLGALILI,TALLGILLGVLLGAL,0.8259005081118022,0.1037208342547654,G,99999900.0,-38.340300000000006,-11.9234,23.741000000000014,904.8500000000004,-0.042371995358346674,-0.013177211692545722,0.026237497927833347,-0.02931248273194451
LLLLVLLTGLLFGLLYALILI_0,110011001100110000,1,-58.7605,-58.7605,-58.7605,-231.328,-219.986,-240.497,-338.361,4611.05,3752.18,3584.7,-26.5088,-12.8994,-74.7812,-72.5138,-39.1039,-29.8613,95.0993,-41.8286,7.24525,3.8176,3.74409,-12.958,-36.3206,72.3714,-40.8966,-351.261,7.2598,1.71823,1.3038,0,LLLLVLLTGLLFGLLYALILI,LVLLTGLLFGLLYAL,0.336989806535836,0.0474038370919786,G,99999900.0,-35.677299999999995,0.0,9.169000000000011,858.8700000000003,-0.04153981394157437,0.0,0.010675655221395563,-0.030864740880459197
LLLYALLGVLLGTLLGLLILI_0,110011001100110000,1,-66.6981,-68.1971,-58.6992,-219.673,-210.84,-239.503,-344.129,4528.94,3624.44,3731.44,-26.4896,-12.521,-84.2473,-77.6125,-45.9261,-79.9355,46.0668,-50.3929,7.1906,4.70935,3.90035,-12.8112,-83.9549,29.1297,-45.0,-356.65,7.4713,3.02575,1.9627,0,LLLYALLGVLLGTLLGLLILI,YALLGVLLGTLLGLL,0.3597964689297376,0.0892756324115329,G,99999900.0,-38.3212,-7.998899999999999,19.829999999999984,904.4999999999995,-0.04236727473742401,-0.008843449419568826,0.02192371475953565,-0.029286456605859604
LLLVALLFALLYLLATLLILI_2,110011001100110000,1,-58.8664,-58.8664,-58.8664,-229.501,-228.057,-243.37,-344.4,4648.19,3685.58,3642.13,-26.4893,-23.6553,-82.5227,-81.1321,-42.1637,-104.11,29.3388,25.3241,9.66138,6.07721,5.0173,-18.6874,-106.828,17.5547,23.8579,-363.542,9.5,4.89408,3.6574,2,LLLVALLFALLYLLATLLILI,VALLFALLYLLATLL,0.7204912997917569,0.1425313468654724,L,99999900.0,-40.359,0.0,13.869,962.6099999999997,-0.041926636955776496,0.0,0.014407704054601556,-0.02751820571155505
LLLFALLALLVTLLYSLLILI_0,110011001100110000,1,-70.7078,-70.1366,-74.2685,-239.359,-226.081,-244.204,-356.463,4694.6,3733.14,3748.35,-26.485,-10.1088,-72.8815,-70.3541,-37.9905,-105.588,35.764,23.9702,9.09261,7.1664,6.20286,-8.45867,-109.291,15.0357,28.0,-366.572,9.1166,4.92347,3.64901,0,LLLFALLALLVTLLYSLLILI,FALLALLVTLLYSLL,0.3046215453702887,0.0290604256657541,L,99999900.0,-34.891000000000005,3.560699999999997,4.844999999999999,961.4600000000005,-0.036289601231460474,0.0037034301999043073,0.005039211199633887,-0.027546647806460992
LLLLALLLAVLTLLLSILILI_0,110011001100110000,1,-70.7603,-74.2546,-74.3327,-240.541,-229.724,-241.573,-389.823,4525.73,3705.84,3689.09,-26.4645,-14.4865,-104.986,-100.33,-73.917,-13.8701,99.6011,20.2173,9.56511,2.02666,2.02067,-12.9612,-15.856,85.056,19.3699,-404.309,9.4176,0.36096,0.1368,0,LLLLALLLAVLTLLLSILILI,LALLLAVLTLLLSIL,0.5616823953420527,0.0560796586395329,L,99999900.0,-31.069000000000003,3.572400000000002,1.0320000000000107,819.8899999999994,-0.0378941077461611,0.0043571698642500874,0.0012587054360950999,-0.03227811047823491
LLLLVLLLTILLALLSALILI_0,110011001100110000,1,-70.4593,-73.9407,-74.0845,-241.874,-235.052,-241.149,-390.839,4511.01,3734.78,3663.67,-26.4614,-18.2068,-104.967,-100.053,-75.606,-3.7343,110.473,20.3127,9.51718,1.97407,2.13117,-18.1286,-9.83843,94.7849,23.2579,-409.046,9.3793,0.771727,0.693501,0,LLLLVLLLTILLALLSALILI,LVLLLTILLALLSAL,0.2629937722340701,0.022588862286911,L,99999900.0,-29.361000000000004,3.6252000000000066,-0.7249999999999943,776.23,-0.037825129149865376,0.004670265256431736,-0.000934001520167984,-0.03408963838037695
LLLLFALLALLYILTSLLILI_1,110011001100110000,1,-74.2048,-74.1717,-74.1073,-237.729,-228.608,-245.816,-363.523,4544.39,3668.78,3618.28,-26.4479,-13.6081,-78.0375,-74.352,-43.5997,-51.9284,96.279,18.5905,9.42355,7.28693,7.23111,-10.0547,-51.6346,81.3081,19.4931,-372.564,9.3325,5.22178,4.9414,1,LLLLFALLALLYILTSLLILI,LFALLALLYILTSLL,0.2384668987357134,0.0507882541343822,L,99999900.0,-34.437799999999996,-0.0975000000000108,8.086999999999989,875.6100000000001,-0.03933006703897853,-0.00011135094391339842,0.009235847009513354,-0.03020511414899327
LLLLFALLAVLLTLLLSLILI_0,110011001100110000,1,-74.2506,-74.2506,-74.2506,-231.691,-219.855,-240.918,21.4375,4572.08,3658.82,3561.0,-26.4478,-12.0278,300.931,303.515,336.606,-53.4626,81.2288,24.4414,9.60825,5.48528,5.20371,-12.4674,-60.6709,65.7431,20.4901,9.40968,9.5,4.47595,3.9621,0,LLLLFALLAVLLTLLLSLILI,LFALLAVLLTLLLSL,0.4342611527082991,0.0116979981865834,L,99999900.0,-35.67500000000001,0.0,9.227000000000004,913.2599999999998,-0.03906335545189762,0.0,0.010103365963690523,-0.028959770492521304
LLLAALLTILLYLLAVLLILI_2,110011001100110000,1,-55.1872,-58.9355,-58.9355,-239.596,-232.258,-243.259,-365.37,4564.38,3694.24,3705.06,-26.4457,2.58624,-97.0326,-71.5908,-63.1764,-104.693,31.9355,17.2902,9.38374,6.51527,5.49431,-7.51888,-102.32,16.604,19.6515,-372.405,9.5,4.08954,2.8386,2,LLLAALLTILLYLLAVLLILI,AALLTILLYLLAVLL,0.7399280021805376,0.0947360792677001,L,99999900.0,-33.8562,3.7483000000000004,3.6629999999999825,870.1400000000003,-0.03890891120969038,0.004307697611878547,0.004209667409842073,-0.03039246558025144
LLLLLALLAVLTFLLSILILI_0,110011001100110000,1,-74.3234,-74.2097,-74.2712,-237.591,-225.244,-241.934,-372.255,4529.94,3700.13,3781.53,-26.4444,-3.08241,-86.7852,-75.8837,-56.0495,-6.90565,112.432,27.4708,8.83989,2.71418,2.90066,-2.94094,-17.4445,89.7935,23.3036,-375.338,9.5,1.2388,1.0857,0,LLLLLALLAVLTFLLSILILI,LLALLAVLTFLLSIL,0.4646896971607776,0.0413227941035789,L,99999900.0,-30.7357,-0.05220000000001335,4.342999999999989,829.8099999999995,-0.037039442764006246,-6.290596642606546e-05,0.005233728202841605,-0.03186801798001954
LLLYALLFLLLGALLGTLILI_0,110011001100110000,1,-67.9915,-61.9764,-58.766,-230.341,-221.808,-242.894,-335.476,4634.0,3940.93,3828.28,-26.4121,-3.07438,-63.5561,-54.766,-33.8165,-39.973,78.0799,-45.3648,6.51773,3.03673,2.70793,-3.4577,-40.2416,63.591,-39.4096,-338.551,7.1322,1.12103,0.574896,0,LLLYALLFLLLGALLGTLILI,YALLFLLLGALLGTL,0.3699028393584386,0.0385889957051676,G,99999900.0,-29.739600000000003,-9.225500000000004,12.552999999999997,693.0700000000002,-0.0429099513757629,-0.013311065260363313,0.018112167602118104,-0.038108849034008095
LLLAFLLAVLLGLLLGTLILI_1,110011001100110000,1,-62.5968,-61.1499,-58.7556,-221.057,-219.873,-234.927,-341.493,4552.11,3484.67,3494.86,-26.4019,-24.0193,-84.2407,-84.4895,-47.8102,-72.8983,36.2782,-41.7344,6.86449,2.3323,1.37647,-20.116,-71.1719,34.5088,-41.0473,-363.227,6.9662,1.83447,0.852102,1,LLLAFLLAVLLGLLLGTLILI,AFLLAVLLGLLLGTL,0.6518381610151288,0.0407719494308939,G,99999900.0,-36.4305,-3.8412000000000006,13.870000000000005,1067.4399999999996,-0.03412885033350822,-0.0035985160758450143,0.01299370456419097,-0.024733849209323252
LLLYALLTLLLGALLGILILI_0,110011001100110000,1,-61.8768,-71.717,-58.7915,-227.079,-221.794,-242.02,-350.728,4587.44,3901.63,3632.96,-26.4009,1033810.0,-88.1733,1033750.0,-49.9171,-51.4582,57.4641,-53.7728,6.91223,1.97639,1.33835,356544.0,-47.6465,58.5055,-37.0652,1033460.0,7.2473,1.54522,0.922803,0,LLLYALLTLLLGALLGILILI,YALLTLLLGALLGIL,0.3055785874747641,0.0605471531874327,G,99999900.0,-38.2562,-3.0853000000000037,14.941000000000003,685.8099999999995,-0.05578250535862707,-0.004498767880316714,0.021785917382365398,-0.038495939108499466
LLLLTILLLVLAALLSFLILI_0,110011001100110000,1,-60.2682,-60.3089,-60.2682,-237.403,-221.355,-242.134,-364.672,4542.97,3743.06,3637.15,-26.3873,-10.8302,-93.3883,-93.8384,-62.2696,-50.3173,85.782,23.0476,9.36882,5.62817,5.4149,-9.67116,-56.4231,64.9796,25.2813,-375.502,9.1603,3.73571,3.2104,0,LLLLTILLLVLAALLSFLILI,LTILLLVLAALLSFL,0.2929398667861613,0.0127531945066226,L,99999900.0,-31.118700000000004,0.0,4.7309999999999945,799.9100000000003,-0.03890275155955044,0.0,0.005914415371729311,-0.032987836131564786
LLLLTLLLALAVLLFSLLILI_0,110011001100110000,1,-63.9156,-62.6781,-60.3909,-234.524,-218.385,-242.509,-367.949,4601.01,3713.96,3674.89,-26.373,-6.92546,-95.8832,-93.8119,-65.0491,-106.794,44.6656,26.3315,9.52204,8.54895,7.71893,-6.9131,-110.296,20.6007,27.6733,-374.875,9.2245,5.82549,4.6345,0,LLLLTLLLALAVLLFSLLILI,LTLLLALAVLLFSLL,0.3685640048220239,0.0621322625615532,L,99999900.0,-30.834100000000007,-3.5246999999999957,7.984999999999985,887.0500000000002,-0.034760272814384756,-0.003973507694042044,0.009001747364861038,-0.02973113127783101
LLLLYVLIFLLATLLILLILI_1,110011001100110000,1,-58.8982,-51.7994,-58.8982,-247.252,-232.768,-249.685,-358.853,4649.84,3715.44,3675.48,-26.363,99.9573,-79.0655,25.6712,-50.2702,-56.621,97.1191,18.9912,10.3448,8.10423,8.06101,80.0346,-59.5624,70.8383,23.7924,-259.496,9.4709,4.99753,4.5601,1,LLLLYVLIFLLATLLILLILI,LYVLIFLLATLLILL,0.2451053111033199,0.0840926041654785,L,99999900.0,-28.795299999999997,0.0,2.4329999999999927,934.4000000000001,-0.030816887842465748,0.0,0.002603809931506841,-0.028213827054794516
LLLLALLAILVTLLLSLLILI_1,110011001100110000,1,-67.1168,-67.1168,-74.2468,-234.921,-220.991,-241.511,-390.505,4550.72,3662.52,3672.97,-26.3509,-11.5311,-114.819,-113.929,-74.7472,-100.994,41.8319,18.46,9.21436,7.29636,6.42384,-8.91318,-104.645,21.315,18.824,-399.246,9.3331,5.07427,3.89399,1,LLLLALLAILVTLLLSLLILI,LALLAILVTLLLSLL,0.3790175559142581,0.093505493839337,L,99999900.0,-40.071799999999996,7.1299999999999955,6.590000000000003,888.2000000000003,-0.04511573969826614,0.008027471290249936,0.007419500112587257,-0.029667755010132843
LLLFALLASLLGILLTLLILI_2,110011001100110000,1,-77.1749,-77.9528,-74.1364,-220.679,-217.49,-237.372,-364.881,4562.89,3642.58,3678.2,-26.3468,-4.50382,-93.3745,-73.9422,-53.3732,-70.3327,61.8423,-41.024,6.77693,5.39862,4.82625,-9.4575,-63.0433,66.4747,-39.1069,-376.887,7.1192,4.93058,4.4277,2,LLLFALLASLLGILLTLLILI,FALLASLLGILLTLL,0.2103677697575273,0.0184788013513758,G,99999900.0,-40.0013,-3.038499999999999,16.693000000000012,920.3100000000004,-0.043465028088361515,-0.003301604894003105,0.018138453347241696,-0.028628179635122937
LLLLSYLLAVLFTLLLALILI_1,110011001100110000,1,-67.7154,-59.7226,-58.8845,-225.516,-225.988,-243.247,-348.575,4630.48,3647.46,3495.1,-26.3303,128.671,-81.6737,65.8066,-46.4431,-56.2974,72.2296,16.3418,9.75313,4.6956,4.27905,114.001,-57.7209,63.0677,18.0,-230.429,8.8446,3.67228,3.1183,1,LLLLSYLLAVLFTLLLALILI,LSYLLAVLFTLLLAL,0.4786202656940636,0.0575547681210696,L,99999900.0,-35.230599999999995,-8.8309,17.731000000000023,983.0199999999995,-0.035839148745702036,-0.008983438790665503,0.018037272893735662,-0.026785111187971774
LLLYSLLLTLLAVLLALLILI_1,110011001100110000,1,-65.2989,-66.4427,-58.8578,-242.292,-227.381,-248.971,-369.145,4670.83,4108.13,3836.91,-26.3169,4564.5,-87.871,4489.17,-61.3164,-41.9711,93.2744,-40.4816,9.19324,5.38771,5.28683,4542.65,-39.3767,72.98,-35.0,4182.57,8.4101,2.2588,1.8535,1,LLLYSLLLTLLAVLLALLILI,YSLLLTLLAVLLALL,0.4645929265164629,0.101569268144579,R,99999900.0,-26.554599999999994,-6.441100000000006,6.679000000000002,562.6999999999998,-0.0471913986138262,-0.011446774480184838,0.011869557490669992,-0.04676897103252178
LLLLIFLLWLLTALLSVLILI_1,110011001100110000,1,-76.4146,-68.5715,-74.278,-241.009,-233.775,-249.854,-376.64,4630.92,3861.36,3651.14,-26.2933,-7.19416,-85.5091,-81.4878,-52.5078,-43.8635,88.0782,20.1864,9.83509,4.97008,4.79126,-8.02516,-46.4232,73.5428,21.0786,-386.511,9.1869,3.39176,2.9949,1,LLLLIFLLWLLTALLSVLILI,LIFLLWLLTALLSVL,0.7366814855989694,0.0444933856446037,L,99999900.0,-33.0013,-2.136599999999987,8.845000000000027,769.56,-0.04288333593222101,-0.0027763917043505215,0.011493580747440132,-0.034166666666666665
LLLLLVLLAILAFLLSTLILI_0,110011001100110000,1,-74.1638,-74.1709,-74.1638,-241.033,-223.853,-241.295,-371.602,4522.86,3803.53,3571.0,-26.2656,-10.0128,-82.6704,-83.5902,-56.1423,-55.5029,77.9157,18.2518,9.85808,5.34405,5.01278,-9.90779,-55.3708,60.1199,23.2999,-381.614,9.5,2.9218,2.3236,0,LLLLLVLLAILAFLLSTLILI,LLVLLAILAFLLSTL,0.3022196767785985,0.0863921455114801,L,99999900.0,-26.528100000000002,0.0,0.26200000000000045,719.3299999999995,-0.03687890119972755,0.0,0.00036422782311317566,-0.03651397828534889
LLLYALLFLLTSLLLVLLILI_0,110011001100110000,1,-75.3126,-74.9603,-74.2423,-233.704,-223.315,-253.915,-372.974,4745.22,3724.74,3743.19,-26.2544,-12.5329,-90.2112,-87.231,-44.8161,-98.7116,51.3418,16.4605,8.64316,8.23789,7.50802,-10.7675,-100.982,34.5253,20.0445,-385.506,8.836,6.30822,5.3261,0,LLLYALLFLLTSLLLVLLILI,YALLFLLTSLLLVLL,0.5043046516705875,0.1395368340353395,L,99999900.0,-45.395100000000006,-1.0703000000000031,20.210999999999984,1020.4800000000005,-0.044484066321730936,-0.0010488201630605232,0.019805385700846636,-0.0257275007839448
LLLLTLLVGLLFALLAGLILI_1,110011001100110000,1,-52.9447,-48.9606,-44.9471,-221.782,-221.028,-233.969,-330.402,4556.18,3764.15,3698.22,-26.2418,-20.1205,-81.9168,-80.5334,-51.4854,-43.4685,79.99,-41.9698,7.33795,3.81892,3.51877,-13.8091,-33.3677,74.3197,-39.8132,-344.147,7.0315,1.53831,1.15311,1,LLLLTLLVGLLFALLAGLILI,LTLLVGLLFALLAGL,0.4343215608758969,0.0845831932062238,G,99999900.0,-30.431399999999996,-7.9975999999999985,12.186999999999983,792.0300000000002,-0.03842202946858072,-0.01009759731323308,0.015387043420072447,-0.033132330846053805
LLLLFVLLITLAALLLSLILI_2,110011001100110000,1,-74.2301,-74.2301,-74.2301,-234.52,-222.755,-237.183,-365.757,4581.37,3676.98,3540.66,-26.2417,132.08,-83.2491,63.308,-54.3439,-61.9359,76.9571,15.1045,10.2642,6.1796,5.83395,16.3016,-60.6709,65.7431,20.4901,-367.895,9.5,4.47595,3.9621,2,LLLLFVLLITLAALLLSLILI,LFVLLITLAALLLSL,0.3302419185271408,0.0313426849566755,L,99999900.0,-28.9052,0.0,2.6629999999999825,904.3899999999999,-0.03196099028074172,0.0,0.002944526144694195,-0.029015911277214482
LLLYALLGALLGTLLFSLILI_0,110011001100110000,1,-80.79,-78.6769,-74.0466,-229.045,-220.581,-241.216,-339.962,4578.94,3910.23,3722.85,-26.2393,-14.5207,-56.3668,-55.2253,-24.6997,-63.7826,80.7865,-50.5749,6.8711,6.97356,6.68536,-14.1632,-65.1469,67.3564,-44.809,-354.483,7.1013,5.36515,4.8755,0,LLLYALLGALLGTLLFSLILI,YALLGALLGTLLFSL,0.2498317765175423,0.0392714573949592,G,99999900.0,-31.667099999999998,-6.743400000000008,12.17100000000002,668.7099999999996,-0.04735550537602252,-0.010084191951668155,0.01820071480911012,-0.03923868343527092
LLLSYLLVALLTILLFLLILI_0,110011001100110000,1,-72.9692,-72.4967,-58.9953,-240.012,-240.116,-259.275,-368.358,4663.73,3799.77,3808.13,-26.2387,-25.5742,-81.6154,-81.3192,-50.0874,-66.6409,63.3703,-44.5975,8.36084,5.05112,4.50167,-24.1211,-65.9441,64.0879,-45.0,-393.932,8.3536,5.04348,4.5048,0,LLLSYLLVALLTILLFLLILI,SYLLVALLTILLFLL,0.4960704599313234,0.0592834661521911,R,99999900.0,-31.52799999999999,-13.9739,19.262999999999977,863.9599999999996,-0.036492430205102094,-0.01617424417797121,0.022296171119033273,-0.030370271771841307
LLLYLLLGALLGTLLASLILI_1,110011001100110000,1,-84.7088,-80.0446,-74.0466,-220.947,-220.073,-239.058,-358.895,4518.35,3768.53,3728.02,-26.2366,-16.0651,-79.4755,-74.8421,-45.7906,-74.9446,59.7648,-49.1801,6.55202,5.80993,5.20641,-12.9498,-65.1469,67.3564,-44.809,-370.934,7.1013,5.36515,4.8755,1,LLLYLLLGALLGTLLASLILI,YLLLGALLGTLLASL,0.6903484926882237,0.0475368620653466,G,99999900.0,-33.6849,-10.662199999999999,18.11099999999999,749.8200000000002,-0.04492398175562134,-0.014219679389720194,0.024153796911258685,-0.034990531060787915
LLLLALLLLFLTVLLIILILI_0,110011001100110000,1,-58.9482,-51.7962,-58.9482,-246.742,-234.571,-248.41,-376.414,4600.96,3813.25,3624.09,-26.2332,45.0806,-96.9569,-44.9658,-69.0559,-61.6842,68.9737,22.5949,9.96993,5.06408,4.59868,45.2911,-52.31,68.7173,21.7433,-331.333,9.1269,3.62334,3.1541,0,LLLLALLLLFLTVLLIILILI,LALLLLFLTVLLIIL,0.2872275582978973,0.0798936127451166,L,99999900.0,-27.90100000000001,0.0,1.6680000000000064,787.71,-0.03542039583095303,0.0,0.0021175305632783717,-0.033303119168221804
LLLFGLLAALLGILLTLLILI_0,110011001100110000,1,-62.6647,-61.9608,-58.7204,-218.395,-213.334,-234.4,-346.049,4559.46,3614.02,3629.43,-26.1906,-19.0297,-91.1803,-89.7841,-52.9288,-65.7553,75.0047,-42.5142,6.96761,6.48894,6.11401,-18.4116,-66.3393,65.908,-41.8645,-365.079,7.0016,5.34848,4.8371,0,LLLFGLLAALLGILLTLLILI,FGLLAALLGILLTLL,0.3073486360539189,0.06055081807083,G,99999900.0,-38.2515,-3.9443000000000055,16.004999999999995,945.44,-0.040458939752919275,-0.004171919952614661,0.016928625825012686,-0.02770202233880521
LLLVTLLLGLLFALLSTLILI_0,110011001100110000,1,-82.967,-82.4298,-74.2333,-227.603,-222.444,-240.028,-367.556,4533.91,3693.25,3587.76,-26.1611,-19.7079,-83.1476,-82.3899,-53.2951,-38.0369,81.7087,-40.6455,7.55506,3.23621,2.96184,-19.2501,-35.3319,75.5554,-40.8432,-387.264,7.5,1.99977,1.6331,0,LLLVTLLLGLLFALLSTLILI,VTLLLGLLFALLSTL,0.2695925193015039,0.0529644088186293,G,99999900.0,-29.8525,-8.733699999999999,12.424999999999983,840.6599999999999,-0.03551078914186473,-0.01038909904122951,0.014780053767278074,-0.031119715461661084
LLLLLLLLFILAVLLSTLILI_1,110011001100110000,1,-74.2965,-74.2965,-74.2965,-242.683,-232.982,-245.477,-384.547,4544.35,3719.11,3597.36,-26.113,86.0703,-93.6811,8.8018,-64.7743,-49.63,92.2624,31.6938,8.96298,6.39993,6.28386,-11.1081,-51.3841,76.7072,27.9383,-395.759,9.0467,4.56309,4.2137,1,LLLLLLLLFILAVLLSTLILI,LLLLLFILAVLLSTL,0.1993213850147729,0.0282775471718221,L,99999900.0,-28.906800000000004,0.0,2.794000000000011,825.2400000000002,-0.03502835538752362,0.0,0.0033856817410692773,-0.03164291600019387
LLLLLALLILLTVLFSLLILI_2,110011001100110000,1,-74.2968,-74.2254,-74.2968,-248.025,-245.307,-245.994,-383.633,4570.79,3868.86,3675.86,-26.1129,563.792,-87.4231,499.691,-63.3422,-52.1754,74.7282,17.7646,10.3195,4.41462,4.03555,27.4513,-48.5915,55.2725,20.6758,-355.237,9.4918,1.25051,0.579597,2,LLLLLALLILLTVLFSLLILI,LLALLILLTVLFSLL,0.2774768357855424,0.101012463755188,L,99999900.0,-24.080900000000007,0.0,-2.031000000000006,701.9299999999998,-0.03430669724901345,0.0,-0.0028934509139088033,-0.03720157280640521
LLLLAVLLFLLATLISLLILI_2,110011001100110000,1,-74.1808,-74.1808,-74.1808,-234.064,-218.714,-242.732,-372.758,4549.86,3633.43,3660.89,-26.0967,-4.31107,-90.6098,-84.1749,-55.8455,-54.5822,79.8952,20.7394,8.74068,5.47319,5.17161,-7.94306,-60.0299,56.8654,19.5041,-380.764,8.5832,3.18132,2.5343,2,LLLLAVLLFLLATLISLLILI,LAVLLFLLATLISLL,0.259595233698102,0.0468581187317399,L,99999900.0,-34.764300000000006,0.0,8.668000000000006,916.4299999999998,-0.03793448490337507,0.0,0.009458441997752155,-0.028476479381949527
LLLAILLLVLTALLFSLLILI_1,110011001100110000,1,-74.2346,-74.2346,-74.2102,-236.144,-232.138,-242.079,-374.049,4541.46,3711.64,3699.74,-26.0923,-18.4497,-89.7625,-86.1263,-57.76,-111.475,21.2063,20.0371,9.39539,6.08406,4.90215,-12.3011,-115.762,1.87941,19.6398,-387.115,9.2964,4.11802,2.64621,1,LLLAILLLVLTALLFSLLILI,AILLLVLTALLFSLL,0.324304949011744,0.092993067256174,L,99999900.0,-32.002500000000005,-0.024399999999999977,5.935000000000002,829.8200000000002,-0.0385655925381408,-2.9403967125400658e-05,0.007152153479067751,-0.03144332505844641
LLLLLWLLIVLIALLSFLILI_0,110011001100110000,1,-60.4716,-58.8916,-60.4716,-247.863,-235.759,-250.572,-374.287,4652.81,3878.0,3663.09,-26.0669,-9.58185,-92.0197,-89.2186,-63.2434,-4.8836,113.355,25.312,9.62969,2.5354,2.73572,-9.39901,-9.3919,97.4601,25.3594,-383.869,9.3474,1.0659,1.0278,0,LLLLLWLLIVLIALLSFLILI,LLWLLIVLIALLSFL,0.445968936594844,0.0268989642365594,L,99999900.0,-28.7763,0.0,2.709000000000003,774.8100000000004,-0.03713981492236804,0.0,0.003496341038448138,-0.033642957628321764
LLLYFLLVALLTLLLSILILI_0,110011001100110000,1,-72.0524,-61.8791,-74.3253,-241.214,-233.397,-253.928,-367.42,4773.95,3999.26,3853.68,-26.0588,-14.3762,-80.213,-86.5209,-39.1666,-77.7367,54.2295,-45.7278,8.44872,5.4815,4.79494,-14.0536,-76.4723,48.349,-40.0172,-381.797,8.4267,4.49796,3.72319,0,LLLYFLLVALLTLLLSILILI,YFLLVALLTLLLSIL,0.2726922158444417,0.0593068285755593,R,99999900.0,-41.04639999999999,2.272899999999993,12.713999999999999,774.6899999999996,-0.05298429049038972,0.0029339477726574425,0.016411725980714872,-0.03363771314977606
LLLAALLYLLTILLFVLLILI_2,110011001100110000,1,-58.9487,-49.0588,-58.8548,-237.842,-233.023,-248.474,-356.539,4646.28,3833.16,3621.8,-26.0556,82.6075,-85.8032,8.15058,-49.21,-103.733,50.4925,27.18,10.02,8.87644,8.13383,82.7581,-98.844,36.4587,23.6923,-253.508,8.9895,6.24852,5.2954,2,LLLAALLYLLTILLFVLLILI,AALLYLLTILLFVLL,0.6803768638545652,0.0511102567674815,L,99999900.0,-36.5932,-0.09390000000000498,10.631999999999977,813.1199999999999,-0.045003443526170805,-0.00011548110979929776,0.013075560802833503,-0.03204397874852421
LLLTYLLAILLGLLLGALILI_2,110011001100110000,1,-53.7721,-61.0891,-44.9626,-227.364,-224.61,-245.386,-350.839,4572.92,3784.18,3715.17,-26.0508,-20.1221,-95.7541,-85.2624,-60.4908,-69.5229,41.9861,-46.5087,6.9565,2.59656,1.72635,-15.3004,-61.5471,48.1349,-42.0502,-366.997,7.2784,2.23028,1.4523,2,LLLTYLLAILLGLLLGALILI,TYLLAILLGLLLGAL,0.5906681059306251,0.0400277303340988,G,99999900.0,-35.263299999999994,-8.8095,18.02199999999999,788.7400000000002,-0.044708395669041744,-0.011169079798159086,0.02284910109795368,-0.03302837436924714
LLLYFLLATLLGVLLSLLILI_2,110011001100110000,1,-85.1982,-72.62,-74.1442,-226.283,-228.463,-248.691,-357.884,4687.88,3909.77,3767.44,-26.047,87.2037,-72.4496,30.4023,-35.0484,-67.6928,55.4785,-48.5409,7.32859,4.14352,3.4757,-13.7243,-69.3266,52.1387,-41.8459,-372.798,7.431,3.93772,3.2198,2,LLLYFLLATLLGVLLSLLILI,YFLLATLLGVLLSLL,0.353636336785937,0.0432125674754976,G,99999900.0,-37.4012,-11.054000000000002,22.408000000000015,778.1100000000001,-0.048066725784272145,-0.014206217629898087,0.02879798486075235,-0.03347470152035059
LLLLLLLLAVLTALLIILILI_0,110011001100110000,1,-58.9289,-58.9289,-58.9289,-239.544,-237.33,-242.595,-383.578,4525.64,3702.23,3679.47,-26.0465,1441.36,-111.152,1354.04,-82.0545,0.841241,109.347,13.7191,9.71062,1.13569,1.27589,1440.89,-10.3153,94.584,18.0,1057.79,9.3619,0.81614,0.734901,0,LLLLLLLLAVLTALLIILILI,LLLLLAVLTALLIIL,0.3618396810971123,0.0800926336668159,L,99999900.0,-29.097499999999997,0.0,3.0509999999999877,823.4100000000003,-0.03533780255279871,0.0,0.003705322986118685,-0.031632479566680013
LLLVALLFALLGALLGTLILI_0,110011001100110000,1,-67.5048,-67.5998,-58.7454,-218.024,-207.756,-230.078,-331.165,4482.41,3737.25,3700.72,-26.0175,-9.53292,-71.6537,-65.3417,-42.3409,-44.2995,82.416,-43.0937,6.49434,4.27109,4.00733,-8.28543,-48.7411,63.2863,-39.7126,-340.698,6.542,2.35481,1.8041,0,LLLVALLFALLGALLGTLILI,VALLFALLGALLGTL,0.3305071171579192,0.1106130288317922,G,99999900.0,-29.312800000000003,-8.759400000000007,12.054000000000002,745.1599999999999,-0.03933759192656612,-0.011755059316120038,0.01617639164743143,-0.03491532019968866
LLLSALLGLLLGFLLGTLILI_0,110011001100110000,1,-73.5732,-62.3793,-58.7136,-215.109,-218.093,-241.945,-347.183,4474.98,3464.33,3615.91,-26.0109,-13.3821,-84.5117,-80.0927,-46.5247,-90.9676,27.5723,-31.3688,6.69436,3.86741,2.781,-13.5785,-87.8363,33.3963,-37.1588,-360.565,7.4752,4.18395,3.1849,0,LLLSALLGLLLGFLLGTLILI,SALLGLLLGFLLGTL,1.2260293721104911,0.0633651874994333,G,99999900.0,-37.987,-14.8596,26.835999999999984,1010.6499999999996,-0.03758670162766538,-0.014703012912482072,0.02655320833127195,-0.02573680304754367
LLLLFLLLTALAVLLSILILI_2,110011001100110000,1,-74.2145,-74.192,-74.2685,-241.501,-230.089,-241.61,-368.579,4596.67,3792.35,3748.01,-26.0067,846.809,-78.8706,782.511,-52.7001,-53.6825,90.2531,30.6633,9.57941,6.73654,6.59034,-0.742158,-59.7713,62.84,23.7958,-370.037,9.4205,3.9491,3.3917,2,LLLLFLLLTALAVLLSILILI,LFLLLTALAVLLSIL,0.3042585162682027,0.0212038609772153,L,99999900.0,-26.170499999999997,0.054000000000002046,0.10900000000000887,804.3200000000002,-0.03253742291625223,6.713745772826988e-05,0.0001355182017107729,-0.03233377262780982
LLLYALLALLLGTLLSFLILI_0,110011001100110000,1,-74.1668,-74.0211,-74.0925,-232.841,-225.822,-246.272,-356.494,4634.81,3896.42,3676.76,-25.9788,-18.9588,-75.4644,-75.6098,-36.1297,-63.2106,79.0996,-38.353,7.20802,6.66003,6.34652,-18.7226,-66.9322,64.0684,-37.8112,-375.453,7.282,5.18907,4.6501,0,LLLYALLALLLGTLLSFLILI,YALLALLLGTLLSFL,0.2391867213906034,0.0395093616749004,G,99999900.0,-39.3347,-0.07429999999999382,13.430999999999983,738.3900000000003,-0.05327090020179036,-0.00010062433131542109,0.0181895746150408,-0.035183033356356384
LLLLALLLTVLTALLFILILI_1,110011001100110000,1,-68.9043,-72.4213,-72.5644,-233.451,-231.889,-243.884,-368.478,4560.79,3585.56,3628.85,-25.9774,-16.0626,-92.1008,-80.231,-52.0301,-7.70277,113.233,23.1581,9.2485,2.94186,3.14035,-10.1022,-15.2279,93.3614,21.5317,-378.025,9.5,1.38798,1.2884,1,LLLLALLLTVLTALLFILILI,LALLLTVLTALLFIL,0.4058366365026198,0.0516765353291225,L,99999900.0,-40.07070000000001,3.6601,10.432999999999993,975.23,-0.041088461183515695,0.003753063379920634,0.010697989192293093,-0.026637203531474626
LLLLWYLVILLILLTFLLILI_2,110011001100110000,1,-55.5339,-59.004,-58.9568,-258.762,-241.598,-260.035,-362.471,4767.64,3925.91,3757.77,-25.9608,1598.2,-74.1367,1536.33,-43.4794,-59.5596,57.7175,20.4307,10.8634,3.22581,2.59157,1585.39,-46.2466,57.2221,21.3127,1235.73,9.1852,1.16197,0.520301,2,LLLLWYLVILLILLTFLLILI,LWYLVILLILLTFLL,0.3275506944175082,0.0769673055549196,L,99999900.0,-30.657300000000006,3.4228999999999985,1.2730000000000246,841.7300000000005,-0.036421774203129254,0.004066505886685751,0.001512361446069433,-0.030842194052724727
LLLLVALLLTLISLLFLLILI_1,110011001100110000,1,-74.2165,-74.2165,-74.2165,-236.15,-230.945,-246.595,-380.427,4618.13,3685.88,3626.47,-25.9536,-16.3041,-96.0138,-91.5695,-59.6159,-14.3766,99.4273,23.0412,9.60614,2.07918,2.07059,-9.69197,-15.856,85.056,19.3699,-390.257,9.4176,0.36096,0.1368,1,LLLLVALLLTLISLLFLLILI,LVALLLTLISLLFLL,0.6317973786940798,0.0913453897681659,L,99999900.0,-36.3979,0.0,10.444999999999993,932.25,-0.03904306784660767,0.0,0.011204076159828364,-0.027839742558326632
LLLLFVLLITLALLLLSLILI_1,110011001100110000,1,-74.2301,-74.2301,-74.2301,-236.667,-228.617,-245.585,-378.325,4663.0,3708.17,3572.77,-25.951,55.8227,-93.3795,-19.6555,-58.5104,-57.1136,82.5404,21.7488,9.88067,6.20998,5.94809,3.6402,-60.6709,65.7431,20.4901,-380.103,9.5,4.47595,3.9621,1,LLLLFVLLITLALLLLSLILI,LFVLLITLALLLLSL,0.3433122933214836,0.0547074028464417,L,99999900.0,-34.869099999999996,0.0,8.918000000000006,954.8299999999999,-0.03651864729847198,0.0,0.00933988249217139,-0.027178660075615556
LLLLVLLLATLALLLAFLILI_2,110011001100110000,1,-58.8808,-58.8808,-58.8808,-238.389,-239.733,-239.905,-359.366,4550.1,3766.99,3744.23,-25.9396,-20.9047,-88.0366,-81.6576,-60.5809,-48.2107,65.8298,22.007,8.95705,2.61862,2.10607,-11.8543,-43.8654,60.6546,18.1944,-370.508,9.5,1.26818,0.677999,2,LLLLVLLLATLALLLAFLILI,LVLLLATLALLLAFL,0.3915015272009849,0.0340867585003551,L,99999900.0,-27.455700000000007,0.0,1.5159999999999911,783.1100000000006,-0.03505982556728938,0.0,0.0019358710781371582,-0.033123826793170795
LLLYGLLFLLLGVLLITLILI_2,110011001100110000,1,-58.8381,-58.8381,-58.8381,-243.001,-243.307,-249.761,-346.751,4711.72,3812.9,3609.51,-25.939,88.231,-70.8505,43.6246,-38.1521,-75.7346,53.1876,-46.634,8.01628,5.04052,4.33833,79.5796,-73.2508,43.1479,-42.798,-233.405,7.4823,3.31258,2.4598,2,LLLYGLLFLLLGVLLITLILI,YGLLFLLLGVLLITL,0.1898359985040518,0.0737574549079164,G,99999900.0,-32.6984,0.0,6.759999999999991,898.8200000000002,-0.036379252798113076,0.0,0.007520971940989285,-0.028858948399012034
LLLLALLIALLTVLFSLLILI_1,110011001100110000,1,-70.6098,-74.3273,-74.3273,-237.862,-232.003,-242.328,-371.74,4544.52,3713.79,3755.44,-25.9375,-9.36881,-89.2052,-74.7777,-55.0844,-44.2559,103.932,20.9311,8.84865,7.16927,7.22826,0.792386,-43.0836,88.7124,20.2021,-370.945,9.3861,4.93871,4.7694,1,LLLLALLIALLTVLFSLLILI,LALLIALLTVLFSLL,0.2680976631268281,0.0213790515406892,L,99999900.0,-34.1208,3.717499999999987,4.466000000000008,830.7300000000005,-0.04107327290455381,0.004474979837010803,0.005375994607152752,-0.03122253921249983
LLLLLILTILLFVLLSLLILI_0,110011001100110000,1,-74.2524,-74.1767,-74.228,-244.389,-224.868,-248.793,-390.573,4624.1,3705.54,3659.24,-25.9347,16.6117,-97.8667,-74.9173,-67.5525,-60.6282,63.7826,21.0166,9.70765,4.20488,3.66162,19.5581,-60.6627,45.9066,21.8615,-373.962,9.0485,1.7968,0.985399,0,LLLLLILTILLFVLLSLLILI,LLILTILLFVLLSLL,0.2755074942303337,0.0390426809135021,L,99999900.0,-30.3142,-0.024399999999999977,4.403999999999996,918.5600000000004,-0.03300187249608081,-2.6563316495384042e-05,0.004794460895314399,-0.028234083783312998
LLLYTLLAILVILLLSLLILI_1,110011001100110000,1,-60.363,-63.8033,-60.363,-246.496,-240.524,-252.92,-378.649,4642.59,3756.22,3647.95,-25.9333,953.804,-97.7234,879.482,-65.3657,-109.955,23.0526,24.8001,10.2498,6.10532,4.95111,880.664,-107.84,2.594,18.2142,613.368,9.3464,3.02619,1.5651,1,LLLYTLLAILVILLLSLLILI,YTLLAILVILLLSLL,0.2555603810540544,0.0419207213461836,L,99999900.0,-32.357699999999994,0.0,6.423999999999978,886.3700000000003,-0.03650586098356215,0.0,0.007247537709985644,-0.029257871994765153
LLLTALLAFLLGVLLGALILI_2,110011001100110000,1,-50.5216,-54.4724,-44.9299,-213.707,-211.094,-235.824,-329.245,4507.4,3475.58,3457.12,-25.9258,1553.63,-90.9418,1489.96,-48.4909,-74.1028,48.2751,-34.2777,7.12478,4.13256,3.35669,1015.08,-66.9239,51.0441,-36.0241,1224.39,6.7893,3.42954,2.6952,2,LLLTALLAFLLGVLLGALILI,TALLAFLLGVLLGAL,1.451871162489642,0.0805036142679217,G,99999900.0,-42.4509,-5.591699999999996,22.11700000000002,1031.8199999999997,-0.04114176891318254,-0.005419259173111587,0.021434940202748564,-0.02512628171580315
LLLFALLASLLGTLLTLLILI_0,110011001100110000,1,-89.2467,-87.2779,-87.8141,-224.575,-216.009,-236.609,-368.575,4550.83,3706.6,3690.33,-25.9103,-15.4537,-80.6634,-80.7411,-44.1519,-62.0731,78.8502,-43.0614,7.04156,6.45574,6.13849,-14.3103,-63.07,66.418,-42.249,-384.028,7.1117,4.92693,4.4232,0,LLLFALLASLLGTLLTLLILI,FALLASLLGTLLTLL,0.2654356802397485,0.0489898252332093,G,99999900.0,-36.5115,-1.4326000000000079,12.03400000000002,844.23,-0.04324828541985004,-0.0016969309311443657,0.014254409343425393,-0.030691043909834997
LLLLYLLIILLLVLTFLLILI_0,110011001100110000,1,-58.9132,-58.9686,-58.9132,-243.528,-224.665,-252.773,-369.66,4690.27,3724.45,3611.11,-25.9056,50.853,-93.1237,-35.1725,-57.9732,-58.102,80.9612,16.5043,10.3121,6.14507,5.85948,49.5261,-62.8439,56.9541,19.0347,-318.807,9.5,3.61539,2.9697,0,LLLLYLLIILLLVLTFLLILI,LYLLIILLLVLTFLL,0.1269007402954509,0.0950895029439324,L,99999900.0,-35.1505,0.0,9.245000000000005,965.8200000000006,-0.03639446273632766,0.0,0.00957217701020894,-0.026822389265080432
LLLLYILVILLLALLFLLILI_2,110011001100110000,1,-45.0699,-45.0699,-45.0699,-244.041,-229.237,-250.126,-358.632,4720.04,3675.22,3631.76,-25.8734,73.9726,-95.3952,-10.3533,-63.4368,-59.7619,74.8362,15.2315,10.4532,5.56718,5.18972,77.682,-62.6015,51.4691,20.7952,-248.857,9.4319,2.83856,2.1106,2,LLLLYILVILLLALLFLLILI,LYILVILLLALLFLL,0.2965917636181148,0.120066916300046,L,99999900.0,-31.958400000000005,0.0,6.085000000000008,1044.8200000000002,-0.030587469611990582,0.0,0.005823969678987775,-0.024763499933002812
LLLSYLLFVLLATLLSLLILI_1,110011001100110000,1,-91.6593,-87.9522,-74.099,-236.109,-236.152,-255.017,-373.226,4631.57,3840.15,3801.64,-25.8515,-20.4817,-71.3089,-69.6039,-44.1106,-64.9638,51.0274,-44.66,8.66216,3.13326,2.39867,-21.4196,-63.2608,50.7505,-44.6742,-397.972,8.5537,2.84044,2.1017,1,LLLSYLLFVLLATLLSLLILI,SYLLFVLLATLLSLL,0.3976941798518074,0.0672505390969477,R,99999900.0,-27.198299999999996,-17.560299999999998,18.907999999999987,791.4199999999996,-0.03436645523236715,-0.022188345000126362,0.023891233479062947,-0.03266470394986229
LLLASLLLLLVALLLTLLILI_1,110011001100110000,1,-65.4554,-59.9831,-58.8864,-224.964,-216.88,-242.617,-382.923,4602.74,3639.98,3612.07,-25.8505,1190.69,-118.354,1084.63,-81.4187,-107.189,19.8753,23.5466,9.21641,5.26147,4.0596,-17.5203,-106.959,11.5744,28.0,-400.491,9.0662,4.10639,2.78001,1,LLLASLLLLLVALLLTLLILI,ASLLLLLVALLLTLL,0.489466044805407,0.1170314017529378,L,99999900.0,-36.9353,-6.5689999999999955,17.65299999999999,962.7599999999998,-0.03836397440691346,-0.006823091943994347,0.018335826166438154,-0.026850409240101382
LLLLYYLIVLLLTLFILLILI_0,110011001100110000,1,-73.7822,-73.5098,-58.8727,-243.324,-230.659,-256.39,-354.354,4742.66,3923.26,3807.19,-25.7881,82.5025,-63.0355,32.318,-39.0912,-68.5137,50.4454,15.984,10.5645,3.58718,2.84386,76.9683,-69.4304,35.6276,19.061,-271.851,9.4613,1.72429,0.758704,0,LLLLYYLIVLLLTLFILLILI,LYYLIVLLLTLFILL,0.1768174163972008,0.1008821983435127,L,99999900.0,-23.9443,-14.909500000000001,13.065999999999974,819.3999999999996,-0.02922174762020992,-0.018195630949475235,0.01594581401025138,-0.0314719306809861
LLLVALLLALTALLLSLLILI_2,110011001100110000,1,-74.2043,-74.2043,-74.1799,-228.375,-220.825,-237.496,-384.378,4524.6,3611.53,3607.29,-25.788,21.9843,-107.587,-67.3643,-72.7016,-103.133,41.1942,25.8217,9.17237,7.5311,6.64902,27.0217,-107.706,13.898,20.6349,-356.948,9.0791,4.53213,3.2406,2,LLLVALLLALTALLLSLLILI,VALLLALTALLLSLL,0.9590103066471928,0.0567450430852446,L,99999900.0,-34.885400000000004,-0.024399999999999977,9.12100000000001,913.0700000000002,-0.03820670923368416,-2.6723033283318882e-05,0.009989376499063608,-0.0282431796028782
LLLVFLLAILLGLLLGTLILI_2,110011001100110000,1,-66.571,-66.4798,-58.7522,-219.077,-218.627,-238.03,-347.71,4590.99,3672.02,3606.55,-25.7876,-23.8631,-87.8497,-86.4663,-50.9279,-66.8438,39.4772,-44.888,6.65647,1.856,0.948158,-24.7428,-69.0276,38.4457,-43.5682,-372.501,6.8046,2.04431,1.121,2,LLLVFLLAILLGLLLGTLILI,VFLLAILLGLLLGTL,0.5430982606867502,0.0878459597226588,G,99999900.0,-36.9218,-7.818799999999996,18.953000000000003,918.9699999999998,-0.0401773724931173,-0.008508221160647244,0.02062417706780418,-0.028061416585960376
LLLSYLLILLLGTLLGFLILI_1,110011001100110000,1,-74.4613,-61.8538,-58.7496,-234.815,-230.313,-252.978,-354.102,4630.19,3848.31,3485.63,-25.7792,3626.14,-70.6048,3564.21,-42.3741,-65.2993,55.7151,-49.3402,8.12562,3.81644,3.15217,2830.61,-69.5064,38.1576,-45.0,3233.3,6.5231,2.07724,1.1496,1,LLLSYLLILLLGTLLGFLILI,SYLLILLLGTLLGFL,0.3992317426322819,0.0333616092564884,G,99999900.0,-28.2307,-15.711699999999993,18.16300000000001,781.8799999999997,-0.03610617997646699,-0.020094771576200952,0.02322990740267051,-0.032970788356269515
LLLLYVLLATLFILLLSLILI_0,110011001100110000,1,-74.2065,-74.2065,-74.2065,-242.117,-226.312,-247.992,-366.972,4635.22,3738.12,3636.43,-25.7787,28.5347,-76.4279,-37.9189,-44.7739,-58.727,83.3496,15.9078,9.51343,6.56125,6.3115,28.3473,-63.4452,65.2561,19.7618,-338.438,9.1047,4.82636,4.3052,0,LLLLYVLLATLFILLLSLILI,LYVLLATLFILLLSL,0.2603614297540614,0.1291867857577073,L,99999900.0,-31.653999999999996,0.0,5.875,897.1000000000004,-0.03528480659904134,0.0,0.006548879723553671,-0.028735592464608172
LLLLYLLLAVLLSLLATLILI_1,110011001100110000,1,-74.2291,-74.2291,-74.2291,-232.624,-224.359,-243.413,-377.208,4553.74,3598.7,3497.69,-25.768,74.1203,-96.1233,-4.50021,-59.5658,-50.0608,90.2368,17.7771,9.63521,6.19109,6.04464,19.1614,-54.2352,70.7135,18.0,-352.047,9.2479,4.1816,3.7423,1,LLLLYLLLAVLLSLLATLILI,LYLLLAVLLSLLATL,0.3300397094954384,0.0110503748026377,L,99999900.0,-36.5575,0.0,10.789000000000016,955.04,-0.03827850142402412,0.0,0.01129690902998829,-0.026981068855754735
LLLLAILLTLLAVLFSLLILI_2,110011001100110000,1,-68.8228,-68.3022,-74.2129,-235.335,-225.5,-242.445,-374.292,4508.96,3669.2,3745.81,-25.756,-15.1764,-95.8899,-95.6666,-57.6345,-54.3556,65.9323,21.4775,8.74918,3.5542,3.04319,-8.76603,-60.1144,47.329,21.9291,-385.025,8.6228,1.90657,1.1165,2,LLLLAILLTLLAVLFSLLILI,LAILLTLLAVLFSLL,0.6414669948374024,0.0262823318285314,L,99999900.0,-38.255399999999995,5.390100000000004,7.109999999999985,839.7600000000002,-0.045555158616747624,0.006418619605601603,0.008466704772792207,-0.030670667809850425
LLLYSLLFTLLVALLIALILI_2,110011001100110000,1,-72.37,-70.9301,-58.8623,-240.594,-239.72,-249.816,-347.897,4649.52,3957.47,3871.1,-25.7454,1100.78,-60.6786,1063.54,-39.2186,-53.5701,71.3771,-38.5613,8.98361,4.17141,3.74207,964.552,-44.9294,63.8799,-35.0,738.42,8.8327,1.8632,1.3214,2,LLLYSLLFTLLVALLIALILI,YSLLFTLLVALLIAL,0.1963963049305514,0.0723350558803378,R,99999900.0,-21.46,-13.507700000000007,9.222000000000008,692.0500000000006,-0.03100932013582831,-0.019518387399754346,0.013325626761072176,-0.03720164727982079
LLLVGLLFALLGALLSLLILI_1,110011001100110000,1,-61.4337,-61.371,-60.4999,-227.157,-222.751,-233.121,-265.919,4515.63,3661.61,3633.76,-25.742,124.967,-3.0704,143.17,27.7013,-73.3331,59.3008,-41.445,6.87444,5.50557,4.89509,-17.658,-68.1464,52.7276,-38.529,-284.41,6.6534,3.84019,3.1311,1,LLLVGLLFALLGALLSLLILI,VGLLFALLGALLSLL,0.570245795098931,0.0228124123653085,G,99999900.0,-30.7717,-0.9338000000000051,5.963999999999999,854.02,-0.0360315917660008,-0.0010934170159949475,0.006983443010702324,-0.030142151237675933
LLLYALLALLLGTLLSALILI_2,110011001100110000,1,-76.2305,-75.1217,-74.0925,-229.888,-219.565,-241.257,-362.623,4583.53,3767.1,3702.64,-25.721,-11.5222,-82.2258,-79.4589,-47.2738,-72.045,70.5681,-37.6361,7.38039,6.83345,6.39197,-16.4725,-66.9322,64.0684,-37.8112,-378.993,7.282,5.18907,4.6501,2,LLLYALLALLLGTLLSALILI,YALLALLLGTLLSAL,0.2517522708209137,0.0158279248948273,G,99999900.0,-34.952000000000005,-2.1380000000000052,11.369,816.4299999999998,-0.042810773734429174,-0.002618718077483686,0.013925259973298387,-0.03150423183861446
LLLAFLLTVLLLLLASLLILI_2,110011001100110000,1,-74.0287,-70.4663,-74.0825,-238.426,-236.448,-243.38,-374.258,4643.83,3751.87,3709.48,-25.7099,-14.023,-87.5134,-81.3668,-56.7964,-104.835,30.2035,22.25,9.59989,6.30279,5.25584,-6.80585,-112.036,2.098,25.9917,-380.386,9.5,3.58863,2.1201,2,LLLAFLLTVLLLLLASLLILI,AFLLTVLLLLLASLL,0.2541472839925638,0.0288156227185978,L,99999900.0,-30.717000000000006,0.05379999999999541,4.954000000000008,891.96,-0.03443764294362976,6.0316606125830086e-05,0.005554060720211677,-0.028824050405847797
LLLLLALLLILVTLLSALILI_1,110011001100110000,1,-70.4924,-68.9898,-74.1387,-239.917,-236.788,-240.998,-389.413,4550.42,3687.38,3699.55,-25.6905,-17.1631,-104.695,-100.799,-74.2764,-10.7709,105.324,20.3397,9.41512,2.3344,2.41426,-8.16285,-15.856,85.056,19.3699,-398.552,9.4176,0.36096,0.1368,1,LLLLLALLLILVTLLSALILI,LLALLLILVTLLSAL,0.3994575439406765,0.0716142592171864,L,99999900.0,-30.418599999999998,3.6462999999999965,1.0809999999999889,863.04,-0.03524587504634779,0.004224949017426767,0.001252549128661463,-0.02976744994438265
LLLVSLLLFLIALLLTLLILI_0,110011001100110000,1,-67.8591,-66.9902,-58.8383,-234.692,-225.74,-246.508,-373.311,4628.86,3754.16,3711.43,-25.6876,-13.7271,-96.4472,-94.3079,-67.964,-102.99,26.4552,24.685,9.30433,5.51992,4.41675,-11.3475,-108.506,6.15667,24.8812,-387.038,9.4921,3.60705,2.1994,0,LLLVSLLLFLIALLLTLLILI,VSLLLFLIALLLTLL,0.5960404194799229,0.1404536846464616,L,99999900.0,-28.483199999999997,-9.020800000000001,11.816000000000003,874.6999999999998,-0.0325633931633703,-0.010313021607408258,0.01350863153081057,-0.029367325940322403
LLLSYLLFLLLGVLLGSLILI_2,110011001100110000,1,-78.8442,-82.1631,-60.3605,-232.436,-227.394,-249.58,-353.246,4616.99,3802.5,3564.37,-25.6805,796.676,-67.6472,752.987,-43.3062,-67.4615,54.8791,-45.7041,8.40022,4.02791,3.3511,236.931,-62.877,50.983,-41.0408,443.43,7.3408,2.81426,2.07901,2,LLLSYLLFLLLGVLLGSLILI,SYLLFLLLGVLLGSL,0.7675864437700554,0.0498233017435356,G,99999900.0,-24.341,-18.4837,17.144000000000005,814.4899999999998,-0.029884958685803396,-0.022693587398249216,0.021048754435290806,-0.03152954609633023
LLLYVLLTILLAFLLSALILI_0,110011001100110000,1,-73.2723,-73.9275,-74.3,-242.723,-233.007,-249.479,-356.813,4648.2,4040.84,3880.16,-25.6623,-13.4316,-66.4801,-63.31,-33.0344,-59.8247,71.4236,-40.948,8.29197,5.11588,4.68724,-11.6409,-63.1873,55.2127,-36.6493,-370.245,8.5138,3.43181,2.76,0,LLLYVLLTILLAFLLSALILI,YVLLTILLAFLLSAL,0.2786750940036777,0.0335568883498449,R,99999900.0,-33.445699999999995,1.0276999999999958,6.756,607.3599999999997,-0.05506734062170708,0.0016920771865121121,0.011123551106427826,-0.04225220626975766
LLLYVLLATLLGGLLFALILI_1,110011001100110000,1,-66.9286,-63.2546,-58.655,-224.09,-218.336,-241.1,-327.934,4619.23,3942.94,3762.77,-25.6546,-16.7276,-62.5704,-63.0714,-28.1794,-52.1186,63.5311,-43.794,6.38334,2.89449,2.34746,-15.7323,-42.5413,66.4514,-37.8047,-343.978,6.7945,1.85213,1.3489,1,LLLYVLLATLLGGLLFALILI,YVLLATLLGGLLFAL,0.1934154776571399,0.0083784718255549,G,99999900.0,-34.391,-8.273600000000002,17.00999999999999,676.2899999999995,-0.050852444957045086,-0.012233805024471762,0.025151931863549665,-0.03793431811796717
LLLSYLLFILLALLLSTLILI_0,110011001100110000,1,-92.1691,-93.2438,-74.2184,-237.227,-237.764,-256.471,-377.299,4634.67,3817.9,3775.79,-25.6383,-22.3679,-73.5407,-68.6595,-46.6096,-66.8645,55.6713,-42.4055,8.67543,4.0453,3.38037,-21.2477,-66.724,58.8887,-41.9166,-399.667,8.6817,4.45857,3.8419,0,LLLSYLLFILLALLLSTLILI,SYLLFILLALLLSTL,0.2392176513678396,0.0494424060090995,R,99999900.0,-26.9311,-17.950699999999998,19.244,816.77,-0.0329726850888255,-0.021977668131787403,0.023561100432190212,-0.03138986495586273
LLLVALLLALISLLLTLLILI_1,110011001100110000,1,-74.15,-74.15,-74.15,-228.306,-222.218,-241.513,-392.494,4556.66,3599.21,3620.68,-25.6263,-19.1632,-115.664,-115.288,-76.8303,-101.873,33.1952,26.0548,9.25163,6.26237,5.26029,-11.9596,-107.346,13.8119,25.8508,-405.543,9.3436,4.46651,3.17369,1,LLLVALLLALISLLLTLLILI,VALLLALISLLLTLL,0.9973066965412064,0.0828436094624975,L,99999900.0,-38.83370000000001,0.0,13.206999999999994,957.4499999999998,-0.040559507023865495,0.0,0.013793931798005114,-0.026765157449475174
LLLLYFLLALLAVLTILLILI_1,110011001100110000,1,-58.92,-53.9947,-58.92,-238.817,-220.745,-245.865,-349.702,4619.98,3766.51,3572.39,-25.6158,388.903,-77.5807,313.941,-44.9168,-52.4184,98.0764,23.8722,10.4733,7.60307,7.57422,274.971,-53.3268,80.5799,18.6844,98.3025,8.9663,5.3773,5.086,1,LLLLYFLLALLAVLTILLILI,LYFLLALLAVLTILL,0.2246326005729427,0.0569234142548252,L,99999900.0,-32.66389999999999,0.0,7.048000000000002,853.4699999999993,-0.03827187833198591,0.0,0.008258052421291911,-0.03001370874195932
LLLSYLLALLLGFLLGTLILI_0,110011001100110000,1,-81.1068,-90.0626,-58.7285,-230.942,-230.463,-250.905,-349.475,4585.1,3723.26,3524.67,-25.6064,39644.6,-63.0316,39615.6,-39.8406,-46.9877,61.9759,-48.0273,7.52109,1.91491,1.34455,16492.7,-53.2783,54.8563,-43.0796,39295.1,6.5679,1.89735,1.2202,0,LLLSYLLALLLGFLLGTLILI,SYLLALLLGFLLGTL,1.097517432379581,0.0784048096149595,G,99999900.0,-23.190999999999995,-22.37830000000001,19.962999999999994,861.8400000000001,-0.026908706952566593,-0.025965724496426257,0.023163232154460214,-0.02971131532535041
LLLYALLAVLLLLLTSLLILI_1,110011001100110000,1,-74.1397,-74.083,-74.2049,-243.192,-239.633,-249.123,-380.149,4675.53,3924.81,3808.61,-25.6033,-19.6209,-88.4202,-86.0539,-56.8209,-99.446,28.8547,20.4022,8.87614,5.31228,4.2451,-14.4895,-103.616,12.3747,18.4457,-394.379,8.943,3.71299,2.39861,1,LLLYALLAVLLLLLTSLLILI,YALLAVLLLLLTSLL,0.1707530110179349,0.0653476573696803,L,99999900.0,-31.599299999999992,0.06519999999999015,5.930999999999983,750.7199999999998,-0.042091991687979544,8.684995737424095e-05,0.007900415601022998,-0.03410499254049447
LLLTYLLGVLLGLLLSFLILI_0,110011001100110000,1,-74.0257,-67.965,-60.3458,-220.33,-218.469,-251.533,-355.029,4594.74,3655.41,3632.02,-25.5589,-13.0371,-86.2324,-81.6326,-43.1508,-92.6268,31.4462,-46.3147,6.33514,4.63925,3.61094,-13.6235,-97.5099,26.7148,-43.9703,-368.066,7.0225,4.73298,3.6337,0,LLLTYLLGVLLGLLLSFLILI,TYLLGVLLGLLLSFL,0.99609879385529,0.0603019972491105,G,99999900.0,-43.0816,-13.679900000000004,31.202999999999975,939.3299999999999,-0.04586417978772104,-0.014563465448777325,0.03321835776564144,-0.027209713306292786
LLLLVLLLAILATLLSLLILI_1,110011001100110000,1,-74.1402,-74.1402,-74.1402,-240.473,-238.372,-241.115,-391.014,4519.55,3710.34,3686.55,-25.5343,-3.94864,-101.935,-82.4499,-75.7588,-48.2026,71.7032,19.7786,9.06438,3.41033,2.98587,-14.5092,-47.5614,60.8613,19.2779,-404.095,9.4842,1.85048,1.2634,1,LLLLVLLLAILATLLSLLILI,LVLLLAILATLLSLL,0.3941811859437233,0.0128872503023163,L,99999900.0,-26.17620000000001,0.0,0.6419999999999959,809.21,-0.03234784542949297,0.0,0.0007933663696691784,-0.031554602637139925
LLLVGLLAALLGILLTLLILI_2,110011001100110000,1,-60.4151,-62.0935,-58.7972,-221.48,-217.999,-233.384,-359.37,4470.62,3682.49,3657.24,-25.5204,-20.1163,-102.995,-99.393,-67.1889,-69.8694,63.6045,-41.6711,6.89532,5.56702,5.02109,-20.5682,-65.6894,61.9546,-41.2702,-380.459,6.9355,4.71728,4.1466,2,LLLVGLLAALLGILLTLLILI,VGLLAALLGILLTLL,0.536082953661205,0.0713749274814494,G,99999900.0,-35.8061,-1.617900000000006,11.903999999999996,788.1300000000001,-0.04543171811756943,-0.0020528339233375275,0.015104107190438119,-0.03238095238095237
LLLYTLLVILLAALLSLLILI_1,110011001100110000,1,-78.6199,-70.588,-60.3261,-231.581,-229.807,-247.957,-369.095,4666.48,4102.73,3868.46,-25.5043,-17.5944,-84.3987,-86.2945,-60.8126,-74.2611,47.3644,-47.2913,9.06945,4.03337,3.24384,-18.2394,-67.6029,45.1857,-45.0,-390.422,8.6947,2.74051,1.9183,1,LLLYTLLVILLAALLSLLILI,YTLLVILLAALLSLL,0.2885522450122639,0.0269910736363772,R,99999900.0,-23.586100000000002,-18.293800000000005,16.376000000000005,563.75,-0.04183787139689579,-0.03245019955654103,0.029048337028824842,-0.04524044345898005
LLLALLLTVLLGGLLFSLILI_0,110011001100110000,1,-74.0376,-73.3007,-74.0963,-226.291,-217.066,-235.968,-357.368,4539.15,3746.58,3540.1,-25.5002,-9.60408,-82.5393,-76.6054,-47.3035,-23.9843,92.5128,-44.895,7.18788,2.58686,2.47456,-9.41569,-30.525,71.559,-44.3251,-366.972,7.1169,0.739215,0.3126,0,LLLALLLTVLLGGLLFSLILI,ALLLTVLLGGLLFSL,0.2859073224112184,0.0196124425876371,G,99999900.0,-35.2358,0.05870000000000175,9.676999999999992,792.5699999999997,-0.04445765042835335,7.406285880111759e-05,0.012209647097417257,-0.03217406664395575
LLLLYLLLTVLLALLFSLILI_2,110011001100110000,1,-70.5925,-70.5925,-74.1695,-239.135,-228.577,-248.448,-370.502,4619.55,3778.11,3656.35,-25.4643,-16.7761,-86.2383,-88.1087,-47.8843,-6.97319,104.734,24.8702,9.48298,1.68511,1.75612,-12.2558,-6.4439,94.5421,18.8212,-381.29,9.5,0.229768,0.147899,2,LLLLYLLLTVLLALLFSLILI,LYLLLTVLLALLFSL,0.4148658662310094,0.1299642038684564,L,99999900.0,-38.35399999999999,3.576999999999998,9.313000000000017,841.44,-0.045581384293591924,0.004251045826202698,0.011067931165620859,-0.030262763833428408
LLLSYLLTTLLAVLLFLLILI_1,110011001100110000,1,-90.9483,-89.4084,-72.5947,-238.363,-237.949,-259.256,-372.485,4651.05,3814.02,3786.54,-25.4552,-19.917,-68.6288,-65.0438,-40.6341,-63.5351,59.6184,-44.8634,8.52202,4.07875,3.47302,-24.6183,-63.1551,59.7836,-45.0,-397.784,8.4969,4.04405,3.4408,1,LLLSYLLTTLLAVLLFLLILI,SYLLTTLLAVLLFLL,0.4529141480182625,0.0284287445106278,R,99999900.0,-27.9947,-18.3536,20.892999999999972,837.0300000000002,-0.033445276752326676,-0.021927051599106358,0.024960873564866214,-0.03041133531653584
LLLYALLASLLGILLTLLILI_1,110011001100110000,1,-78.4967,-77.8993,-74.1536,-224.828,-226.84,-244.647,-370.378,4565.02,3789.34,3727.96,-25.4319,-25.2524,-92.4849,-90.8911,-51.5774,-69.616,55.3427,-45.2837,6.85816,4.41366,3.7438,-21.0383,-65.6894,61.9546,-41.2702,-391.288,6.9355,4.71728,4.1466,1,LLLYALLASLLGILLTLLILI,YALLASLLGILLTLL,0.2130803788435104,0.039616096783006,G,99999900.0,-40.9075,-4.343100000000007,19.81899999999999,775.6800000000003,-0.05273759797854783,-0.005599087252475254,0.025550484735973572,-0.032786587252475234
LLLAGLLFLLLGTLLSYLILI_0,110011001100110000,1,-78.4919,-75.1791,-74.1054,-225.202,-224.282,-241.571,-352.215,4582.51,3655.13,3608.75,-25.4222,-17.2779,-73.9431,-70.0317,-36.5381,-71.5582,55.9458,-36.2558,6.98874,4.78641,4.1256,-16.5443,-64.7067,61.3173,-36.5921,-369.492,7.395,4.48384,3.9036,0,LLLAGLLFLLLGTLLSYLILI,AGLLFLLLGTLLSYL,0.1520498913263891,0.0382827046323151,G,99999900.0,-37.405,-4.386499999999998,16.369,927.3800000000001,-0.04033405939312903,-0.004729992020530955,0.01765080118182406,-0.02741292673984774
LLLAALLGLLLGTLLTVLILI_1,110011001100110000,1,-76.9008,-76.8361,-72.4773,-221.453,-217.289,-232.583,-362.722,4435.4,3685.25,3661.66,-25.4113,-17.01,-89.7799,-85.6075,-57.6622,-70.8045,60.4233,-37.1835,6.80891,5.27781,4.68416,-16.3743,-63.2674,60.5559,-36.2287,-379.485,7.0661,4.16516,3.5735,1,LLLAALLGLLLGTLLTVLILI,AALLGLLLGTLLTVL,1.1807304801215306,0.0641689806716409,G,99999900.0,-32.1177,-4.423500000000004,11.129999999999995,750.1499999999996,-0.0428150369926015,-0.005896820635872834,0.014837032593481304,-0.03387495834166502
LLLLILLLALLAVLTSLLILI_2,110011001100110000,1,-74.3247,-74.3247,-74.3247,-238.303,-235.48,-240.422,-389.571,4508.82,3720.63,3628.15,-25.3955,-22.5982,-102.339,-102.365,-74.8238,-47.4079,67.1883,25.1695,9.39834,2.68161,2.18943,-11.6106,-52.0168,48.9899,24.9796,-401.762,9.3931,0.916152,0.151,2,LLLLILLLALLAVLTSLLILI,LILLLALLAVLTSLL,0.36372061958565,0.0427334552025064,L,99999900.0,-27.515199999999993,0.0,2.1189999999999998,788.1899999999996,-0.03490934926857738,0.0,0.0026884380669635506,-0.03222002309087912
LLLSYLLVLLLAFLLTILILI_2,110011001100110000,1,-77.1633,-72.8196,-58.8353,-235.39,-235.559,-259.357,-367.796,4665.43,3810.2,3760.64,-25.388,-15.562,-80.6307,-74.9789,-49.6031,-69.233,58.6685,-41.4746,8.9362,4.80519,4.18522,-23.5481,-68.6732,57.2295,-41.2124,-389.597,9.0,4.52696,3.8854,2,LLLSYLLVLLLAFLLTILILI,SYLLVLLLAFLLTIL,0.3537177674560381,0.0925353404013035,R,99999900.0,-31.027600000000007,-18.32800000000001,23.96700000000004,855.2300000000005,-0.03627983115653098,-0.0214304923821662,0.028024040316640002,-0.02968558165639651
LLLYLLLTALVALLLSLLILI_0,110011001100110000,1,-73.9784,-73.9784,-74.198,-245.402,-227.168,-248.259,-196.629,4638.2,3798.93,3722.69,-25.3772,20.8125,97.3742,125.33,125.828,-101.548,34.4601,22.742,9.76839,6.3843,5.4012,18.9037,-108.73,3.38007,19.3936,-175.817,9.4542,3.26581,1.81651,0,LLLYLLLTALVALLLSLLILI,YLLLTALVALLLSLL,0.3194380364119459,0.0562076305037233,L,99999900.0,-28.4538,0.2195999999999998,2.8569999999999993,839.27,-0.033903034780225674,0.00026165596292015655,0.0034041488436379226,-0.030237229973667592
LLLFALLLVLIILLLSLLILI_2,110011001100110000,1,-60.4613,-60.4613,-60.4613,-239.62,-237.13,-247.971,-378.159,4642.91,3727.74,3718.72,-25.3485,-10.2194,-103.426,-90.7864,-69.7267,-112.001,28.5164,15.9566,9.97858,7.1499,6.07765,-5.45274,-112.369,10.849,18.0897,-382.064,9.5,4.81996,3.48269,2,LLLFALLLVLIILLLSLLILI,FALLLVLIILLLSLL,0.509535388248123,0.0166560986153426,L,99999900.0,-33.69930000000001,0.0,8.350999999999999,915.1700000000001,-0.03682299463487659,0.0,0.00912508058612061,-0.027698132587388135
LLLAVLLGFLLGILLSLLILI_0,110011001100110000,1,-67.5342,-64.525,-60.4603,-220.075,-214.661,-237.348,-352.004,4531.19,3599.01,3615.58,-25.3249,-16.3968,-89.7196,-89.2147,-54.1963,-82.711,60.8557,-38.4226,7.32915,7.12217,6.535,-15.3978,-78.8188,59.0852,-37.4413,-368.401,7.5,6.29932,5.6856,0,LLLAVLLGFLLGILLSLLILI,AVLLGFLLGILLSLL,1.1590361528116453,0.1291277671071496,G,99999900.0,-35.5233,-7.073900000000002,17.273000000000025,932.1799999999994,-0.03810776888583752,-0.007588555858310634,0.018529683108412576,-0.02716739256366798
LLLLVLLTTLLGGLLFALILI_1,110011001100110000,1,-76.8233,-75.9748,-72.5234,-221.318,-223.069,-236.744,-352.976,4545.39,3794.94,3648.94,-25.3189,-25.199,-80.154,-79.1315,-43.709,-43.0583,70.3275,-46.1708,6.88295,2.45296,2.00788,-17.0205,-38.0441,72.2659,-45.0,-372.722,7.1084,1.96251,1.5465,1,LLLLVLLTTLLGGLLFALILI,LVLLTTLLGGLLFAL,0.3129965944776373,0.0380921567991332,G,99999900.0,-36.44499999999999,-4.299900000000008,15.425999999999988,750.4500000000003,-0.04856419481644344,-0.00572976214271438,0.020555666600039952,-0.03373829035911785
LLLLYLLVILLAFLLSTLILI_0,110011001100110000,1,-72.599,-72.4309,-74.0793,-240.951,-233.311,-247.433,-364.582,4719.71,3908.85,3869.9,-25.3099,-15.7341,-76.3425,-74.5745,-43.0703,-61.4576,67.5005,-44.0986,8.36195,4.83121,4.34372,-13.3774,-57.6508,57.7625,-43.362,-380.316,8.4393,2.94556,2.312,0,LLLLYLLVILLAFLLSTLILI,LYLLVILLAFLLSTL,0.270003407424027,0.0995538588890214,R,99999900.0,-33.2722,1.4802999999999997,6.481999999999999,810.8600000000001,-0.0410332239844116,0.0018255925807167692,0.007993981698443625,-0.031213649705251208
LLLAYLLLSLLITLLFVLILI_2,110011001100110000,1,-78.6665,-75.7241,-74.2047,-236.48,-236.721,-251.046,-368.557,4685.35,3852.51,3957.66,-25.2861,-23.3321,-78.6968,-79.4449,-43.3069,-26.0057,95.147,-47.7775,8.77745,3.2457,3.17291,-20.6064,-22.5179,92.1154,-45.0,-388.313,8.7339,2.31327,2.195,2,LLLAYLLLSLLITLLFVLILI,AYLLLSLLITLLFVL,0.5043541687842499,0.1083208664380368,R,99999900.0,-35.3899,-4.461799999999997,14.566000000000003,832.8400000000001,-0.042493035877239314,-0.005357331540271836,0.01748955381585899,-0.030361293885980495
LLLYALLFALTSLLLSLLILI_2,110011001100110000,1,-92.9672,-93.2444,-89.4938,-227.806,-223.52,-249.285,-373.519,4652.28,3708.88,3698.82,-25.2447,18.4472,-77.9911,-38.3077,-34.7406,-100.374,47.1054,23.465,8.46267,7.91527,7.12185,20.7847,-104.094,30.6553,19.1597,-356.24,8.5974,6.25257,5.2124,2,LLLYALLFALTSLLLSLLILI,YALLFALTSLLLSLL,0.3587143180078125,0.070666986123028,L,99999900.0,-43.2505,-3.4734000000000123,21.478999999999985,943.3999999999996,-0.045845346618613544,-0.003681789272842923,0.022767648929404274,-0.026759274962900162
LLLVLLLAALFLLLTSLLILI_1,110011001100110000,1,-74.1805,-74.0893,-74.203,-242.768,-241.214,-241.473,3013.44,4586.08,3808.68,3752.68,-25.2412,336.948,3305.15,3665.7,3329.12,-110.29,14.5339,19.4928,9.84515,5.0056,3.72361,-8.40617,-108.73,3.38007,19.3936,3003.17,9.4542,3.26581,1.81651,1,LLLVLLLAALFLLLTSLLILI,VLLLAALFLLLTSLL,0.2110847323874806,0.0951231775256466,L,99999900.0,-23.9699999999998,0.022500000000007958,-1.2949999999999875,777.4000000000001,-0.030833547723179568,2.894262927708767e-05,-0.001665809107280663,-0.03246874196038075
LLLLVLLIALLFTLLSYLILI_0,110011001100110000,1,-74.1091,-74.1091,-74.1091,-242.073,-231.459,-248.992,-367.1,4630.41,3885.57,3799.41,-25.2388,-14.6422,-76.1567,-76.174,-43.9988,-37.0504,105.471,-42.793,8.55213,6.2961,6.37816,-14.9629,-41.3452,86.0588,-44.4358,-381.742,8.523,4.31972,4.1106,0,LLLLVLLIALLFTLLSYLILI,LVLLIALLFTLLSYL,0.34021517642035,0.0433052115284793,R,99999900.0,-32.1579,0.0,6.918999999999983,744.8399999999997,-0.043174238762687306,0.0,0.009289243327426006,-0.03388486117823964
LLLLSYLLAVLATLLLILILI_1,110011001100110000,1,-67.8615,-67.7625,-58.8946,-229.078,-218.881,-243.491,-361.332,4552.38,3684.66,3556.95,-25.2302,411.754,-89.6229,337.065,-58.9467,-52.7264,87.6977,16.4511,9.42617,6.24816,6.06363,393.672,-60.4364,62.9803,18.0,45.8749,8.8114,4.0678,3.5125,1,LLLLSYLLAVLATLLLILILI,LSYLLAVLATLLLIL,0.4951235945333418,0.0662960208810108,L,99999900.0,-30.6762,-8.96690000000001,14.413000000000011,867.7200000000003,-0.03535264831973447,-0.010333863458258432,0.016610196837689585,-0.02907643018485225
LLLLYLLVTLLALLFILLILI_0,110011001100110000,1,-55.2527,-50.7781,-58.8556,-247.593,-227.794,-249.429,-362.869,4701.46,3747.47,3743.42,-25.2193,106.266,-85.2425,21.969,-54.5848,-71.5918,68.2409,15.0607,10.1952,6.4513,5.97491,99.4596,-64.0373,57.892,18.4788,-256.603,9.391,3.92102,3.2894,0,LLLLYLLVTLLALLFILLILI,LYLLVTLLALLFILL,0.2366731411894624,0.0347348818638738,L,99999900.0,-30.657700000000006,3.6029000000000053,1.8360000000000127,953.9900000000002,-0.032136290736800174,0.0037766643256218666,0.0019245484753509076,-0.02643560205033595
LLLAVLLALLLGTLLGFLILI_2,110011001100110000,1,-62.3994,-60.4603,-58.7232,-222.037,-223.693,-234.433,-343.658,4478.69,3638.64,3497.59,-25.2061,-18.6232,-84.4272,-78.1277,-50.5012,-72.8993,37.138,-42.0213,6.75325,2.44853,1.5056,-20.1114,-71.1719,34.5088,-41.0473,-363.657,6.9662,1.83447,0.852102,2,LLLAVLLALLLGTLLGFLILI,AVLLALLLGTLLGFL,0.3052316677792197,0.0129420034395316,G,99999900.0,-33.926,-3.6762000000000015,12.395999999999987,840.0499999999997,-0.04038569132789716,-0.004376168085233025,0.014756264508064986,-0.03000547586453188
LLLVALLALLLGTLLIFLILI_0,110011001100110000,1,-58.8078,-62.1146,-58.8078,-235.285,-224.328,-239.384,-355.997,4579.43,3772.51,3544.41,-25.1957,41.7817,-87.1001,-27.7729,-57.8051,-59.1118,75.5301,-43.2464,7.34456,5.56334,5.19629,26.8329,-68.1464,52.7276,-38.529,-314.215,6.6534,3.84019,3.1311,0,LLLVALLALLLGTLLIFLILI,VALLALLLGTLLIFL,0.3439322035669956,0.1190536375518856,G,99999900.0,-29.294999999999995,0.0,4.0989999999999895,806.9200000000001,-0.03630471422197987,0.0,0.005079809646557266,-0.031224532791354776
LLLYSLLIALLAVLLTLLILI_0,110011001100110000,1,-70.217,-62.09,-58.8796,-233.166,-228.526,-248.421,-365.198,4656.73,3876.27,3825.7,-25.1879,-21.788,-87.0031,-96.3702,-57.8979,-57.3317,89.1584,-47.7873,8.26764,7.13615,6.97352,-22.3506,-52.9619,83.5681,-45.0,-386.986,8.1807,5.72598,5.4795,0,LLLYSLLIALLAVLLTLLILI,YSLLIALLAVLLTLL,0.4567912115504608,0.0706297331098428,R,99999900.0,-29.105200000000004,-11.337399999999995,15.254999999999995,780.4599999999996,-0.03729236604054022,-0.014526561258744845,0.019546165082131056,-0.03227314660584785
LLLSYLLIILLAFLLTLLILI_0,110011001100110000,1,-76.9758,-76.046,-58.8008,-239.095,-237.694,-258.486,-366.064,4713.03,3832.68,3743.76,-25.1848,-13.6802,-75.178,-66.0041,-48.777,-71.7899,54.7774,-43.1198,8.39494,4.66344,3.9851,-9.547,-70.0938,55.5169,-41.2219,-379.744,8.0,4.50885,3.8416,0,LLLSYLLIILLAFLLTLLILI,SYLLIILLAFLLTLL,0.2744766231437328,0.0545687759292386,R,99999900.0,-26.400999999999996,-18.175000000000004,19.39099999999999,880.3499999999999,-0.029989208837394216,-0.020645197932640434,0.022026466746180487,-0.0286077128414835
LLLYVLLATLLAFLLSALILI_1,110011001100110000,1,-73.7489,-74.1376,-74.1003,-236.817,-234.117,-245.496,-352.003,4615.93,3824.46,3774.51,-25.1667,-20.7978,-66.6031,-64.546,-32.406,-77.349,58.6682,-36.5149,8.25476,6.02256,5.40259,-15.4864,-66.8884,60.5156,-36.0695,-367.455,8.5071,4.70287,4.1106,1,LLLYVLLATLLAFLLSALILI,YVLLATLLAFLLSAL,0.3103217986074821,0.0321881423622266,R,99999900.0,-34.1971,0.35139999999999816,8.679000000000002,791.4700000000003,-0.043207070388012164,0.0004439839791779828,0.010965671472070955,-0.031797414936763226
LLLLFWLLIILVALLLSLILI_2,110011001100110000,1,-60.4018,-60.4018,-60.4018,-246.346,-232.947,-250.095,-369.598,4673.48,3786.88,3724.64,-25.1493,-4.41958,-87.9995,-80.6683,-59.1013,-4.61915,114.243,24.8701,9.94161,2.61569,2.82934,-5.99759,-9.3919,97.4601,25.3594,-381.647,9.3474,1.0659,1.0278,2,LLLLFWLLIILVALLLSLILI,LFWLLIILVALLLSL,0.4106869703914653,0.0086860322624736,L,99999900.0,-28.898199999999996,0.0,3.7489999999999952,886.5999999999995,-0.03259440559440561,0.0,0.004228513422061806,-0.028366004962779173
LLLLYLLLAILAVLLSTLILI_0,110011001100110000,1,-74.1493,-74.1493,-74.1493,-236.545,-221.91,-243.048,-374.845,4515.83,3623.24,3656.49,-25.1396,-7.82195,-89.2904,-86.6078,-57.6479,-50.8283,89.8141,23.2888,9.56443,6.24914,6.09635,-6.99592,-56.6384,70.3623,26.5287,-382.667,9.5,4.49467,4.0501,0,LLLLYLLLAILAVLLSTLILI,LYLLLAILAVLLSTL,0.2500235427458308,0.0527742328416299,L,99999900.0,-31.642500000000005,0.0,6.503000000000014,892.5900000000001,-0.03545020670184519,0.0,0.007285539833518204,-0.02816477890184743
LLLLIVLLFILALLLSTLILI_2,110011001100110000,1,-74.1919,-74.1919,-74.1946,-240.313,-226.655,-245.653,-377.469,4597.71,3698.61,3577.34,-25.1294,227.021,-88.0938,150.4,-57.6212,-42.3163,98.7223,20.8203,9.79628,6.17496,6.15579,125.296,-51.4071,76.6816,21.371,-297.521,9.0684,4.56308,4.2133,2,LLLLIVLLFILALLLSTLILI,LIVLLFILALLLSTL,0.4935801037565515,0.0932320207117936,L,99999900.0,-30.4726,0.0026999999999901547,5.340000000000003,899.0999999999999,-0.033892336781225677,3.003003002992053e-06,0.005939272605939277,-0.027949505060616175
LLLSYLLFILLALLLSILILI_2,110011001100110000,1,-78.5557,-68.7001,-60.406,-238.657,-235.729,-257.227,-373.301,4646.14,3784.18,3762.73,-25.1293,-5.08022,-81.2178,-73.9516,-55.6682,-67.4987,57.0449,-44.846,9.05764,4.32587,3.68155,-3.7607,-60.6676,60.7317,-42.8454,-370.515,8.4997,3.79892,3.2099,2,LLLSYLLFILLALLLSILILI,SYLLFILLALLLSIL,0.4124408827425499,0.0420176048527826,R,99999900.0,-25.549599999999998,-18.149700000000003,18.569999999999965,861.9600000000005,-0.029641282658127967,-0.02105631351802867,0.021543923151886347,-0.02915367302427025
LLLTALLLALVALLFSLLILI_1,110011001100110000,1,-60.3638,-60.3638,-60.3638,-224.265,-224.296,-241.88,-359.652,4555.84,3663.44,3608.27,-25.1258,-15.4321,-100.149,-90.424,-57.4084,-105.194,15.4787,23.1788,9.00985,4.36872,3.1009,-16.5446,-108.465,3.31896,22.5121,-377.596,9.059,3.21781,1.76759,1,LLLTALLLALVALLFSLLILI,TALLLALVALLFSLL,0.5348697567590318,0.0218435750530738,L,99999900.0,-42.7406,0.0,17.61500000000001,892.4000000000001,-0.04789399372478709,0.0,0.019738906320035866,-0.02815531151949798
LLLLWTLIALLLVLASLLILI_2,110011001100110000,1,-60.4594,-60.3808,-60.4594,-235.252,-225.349,-245.696,-376.441,4599.15,3627.82,3622.55,-25.1193,-16.4506,-105.849,-107.161,-70.2856,-57.1777,80.6139,16.0417,9.58322,5.95954,5.66874,-13.1312,-61.6036,59.611,18.0,-389.853,9.2414,3.78803,3.1822,2,LLLLWTLIALLLVLASLLILI,LWTLIALLLVLASLL,0.4212549941089516,0.027256944827374,L,99999900.0,-35.5634,0.0,10.443999999999988,971.3299999999995,-0.036613097505482195,0.0,0.01075226750949728,-0.02586072704436187
LLLYWLLVILLITLLFLLILI_0,110011001100110000,1,-58.8485,-59.5101,-58.8485,-256.511,-245.791,-264.906,-365.034,4838.05,4006.92,3791.12,-25.1111,102094.0,-74.7857,102034.0,-41.2789,-30.2158,112.059,-47.6532,10.093,6.16039,6.34129,49325.3,-25.2182,95.9818,-44.3531,101729.0,9.0,3.24027,3.18,0,LLLYWLLVILLITLLFLLILI,YWLLVILLITLLFLL,0.3389546169584188,0.0386370871138713,R,99999900.0,-33.506800000000005,0.0,8.394999999999982,831.1300000000001,-0.04031475220482957,0.0,0.010100706267370906,-0.030213203710610852
LLLVGLLAALLGILLSLLILI_0,110011001100110000,1,-70.6381,-59.1102,-60.3855,-222.444,-215.84,-232.222,-363.257,4446.82,3743.76,3681.79,-25.1101,-13.2899,-95.2852,-101.597,-70.6495,-69.5384,58.3035,-46.4995,6.5665,4.80173,4.17628,-12.4607,-68.1464,52.7276,-38.529,-376.547,6.6534,3.84019,3.1311,0,LLLVGLLAALLGILLSLLILI,VGLLAALLGILLSLL,0.2935704497774208,0.0395105734642582,G,99999900.0,-24.6357,-10.252599999999994,9.77800000000002,703.0599999999995,-0.03504067931613236,-0.014582823656586922,0.013907774585383932,-0.035715443916593204
LLLYSLLVALLFALLTALILI_2,110011001100110000,1,-71.079,-51.5659,-58.8685,-234.928,-228.629,-246.085,-337.354,4704.44,3956.55,3794.28,-25.1086,45942.2,-56.455,45885.0,-32.3999,-42.2535,85.3562,-48.2815,8.87811,4.36111,4.14145,39388.2,-40.2159,66.0014,-36.8044,45574.1,8.4291,1.44258,0.932602,2,LLLYSLLVALLFALLTALILI,YSLLVALLFALLTAL,0.314888647748121,0.0347403711143186,R,99999900.0,-24.055099999999996,-12.210499999999996,11.15700000000001,747.8899999999994,-0.032163954592252894,-0.016326598831378953,0.014917969220072496,-0.03357258420355937
LLLLLALTALLFVLLSLLILI_1,110011001100110000,1,-74.228,-74.2215,-74.228,-234.029,-225.1,-240.716,-310.06,4598.05,3637.71,3695.31,-25.1019,597.578,-26.905,586.84,4.88399,-55.3009,66.5011,22.9049,8.93835,3.77279,3.2703,-7.5309,-60.6627,45.9066,21.8615,-317.621,9.0485,1.7968,0.985399,1,LLLLLALTALLFVLLSLLILI,LLALTALLFVLLSLL,0.4163508370920633,0.0329208756873815,L,99999900.0,-31.788990000000002,0.0,6.687000000000012,960.3400000000001,-0.033101807693108685,0.0,0.006963158881229576,-0.026138555095070494
LLLLAVLLALLAILLSTLILI_1,110011001100110000,1,-74.1912,-74.1912,-74.1912,-229.795,-227.961,-237.135,-380.048,4467.02,3643.78,3765.18,-25.0754,2.43561,-101.137,-75.4597,-68.722,-48.8123,81.7672,17.7744,8.74999,4.86042,4.58693,-5.30992,-59.2256,60.857,18.0467,-385.704,9.5,3.59954,3.0124,1,LLLLAVLLALLAILLSTLILI,LAVLLALLAILLSTL,0.3614995145807011,0.0286350801086368,L,99999900.0,-32.415000000000006,0.0,7.340000000000003,823.2400000000002,-0.03937490889655507,0.0,0.008915990476653226,-0.03045940430494144
LLLLYVLLALLFTLISLLILI_0,110011001100110000,1,-74.1064,-70.4906,-74.1064,-237.317,-218.587,-248.153,-367.412,4572.91,3691.14,3654.91,-25.0646,-7.27242,-81.0531,-85.6076,-45.1526,-48.8727,100.391,19.8134,9.76682,7.38365,7.38951,-5.29076,-51.6346,81.3081,19.4931,-374.685,9.3325,5.22178,4.9414,0,LLLLYVLLALLFTLISLLILI,LYVLLALLFTLISLL,0.2145724364996268,0.0740233154277704,L,99999900.0,-35.9005,0.0,10.835999999999984,881.77,-0.0407141318030779,0.0,0.012288918879072757,-0.028425326332263516
LLLLAILLTVLALLLSFLILI_2,110011001100110000,1,-69.0606,-70.8098,-74.2386,-232.913,-232.275,-242.169,-372.819,4523.96,3718.67,3802.88,-25.0596,-1.73413,-95.9044,-71.4679,-56.4111,-55.3838,82.1949,19.1525,8.70344,5.90388,5.6368,0.2564,-63.2471,63.3749,18.87,-376.024,9.5,4.54268,3.9933,2,LLLLAILLTVLALLLSFLILI,LAILLTVLALLLSFL,0.3459787207507574,0.0298271168447594,L,99999900.0,-39.4933,5.1780000000000115,9.256,805.29,-0.04904233257584224,0.00642998174570653,0.01149399595176893,-0.03111872741496852
LLLYLLLGALLAFLLSTLILI_0,110011001100110000,1,-74.6746,-75.4661,-74.0462,-230.061,-221.931,-245.215,-355.02,4624.31,3790.15,3709.56,-25.0501,-13.8429,-75.3339,-71.4655,-35.7582,-77.654,66.9831,-42.4094,7.35468,7.19083,6.69557,-13.9425,-74.4436,60.1664,-43.4591,-368.862,7.3574,5.789,5.1915,0,LLLYLLLGALLAFLLSTLILI,YLLLGALLAFLLSTL,0.1933392809213046,0.0216575803903022,G,99999900.0,-39.5757,-0.6283999999999992,15.153999999999996,834.1600000000003,-0.04744377577443174,-0.000753332693967583,0.018166778555672763,-0.030030329912726566
LLLYTLLISLLVALLFLLILI_2,110011001100110000,1,-74.0797,-67.0531,-60.371,-237.09,-237.295,-253.467,-359.801,4738.41,3700.81,3820.69,-25.0499,-22.0747,-73.6804,-77.5275,-45.9623,-48.2701,71.1296,-39.1466,7.91612,3.34301,2.90995,-20.906,-44.4091,69.9249,-39.3612,-381.288,8.0528,2.60123,2.1501,2,LLLYTLLISLLVALLFLLILI,YTLLISLLVALLFLL,0.2548757024216391,0.0722458518664636,R,99999900.0,-27.718100000000007,-13.7087,16.37700000000001,1037.6,-0.026713666152659993,-0.013211931380107943,0.01578353893600618,-0.02414215497301465
LLLYTLLVSLLALLLAFLILI_1,110011001100110000,1,-74.5182,-60.3815,-60.3815,-236.961,-233.462,-249.909,-356.565,4676.01,4009.42,3763.39,-25.0478,22676.5,-70.1343,22613.8,-46.2745,-53.0871,79.0049,-46.3409,9.09067,5.12872,4.81379,14475.3,-52.2356,60.4157,-36.0527,22310.6,8.7567,2.49146,1.8977,1,LLLYTLLVSLLALLLAFLILI,YTLLVSLLALLLAFL,0.3173539585360685,0.0533016732178161,R,99999900.0,-23.859799999999993,-14.13669999999999,12.947999999999979,666.5900000000001,-0.0357938162888732,-0.02120748886121902,0.019424233786885455,-0.03757602124244287
LLLYVLLFLLLGALLGTLILI_2,110011001100110000,1,-63.7157,-70.5456,-58.7437,-225.461,-219.991,-244.948,-340.981,4619.64,3910.04,3724.47,-25.0459,-10.2027,-76.8503,-60.6474,-37.2894,-50.5164,54.6065,-48.0498,6.43778,1.44933,0.768431,-6.37181,-41.6132,59.4908,-39.8529,-351.184,6.5091,0.773238,0.1656,2,LLLYVLLFLLLGALLGTLILI,YVLLFLLLGALLGTL,0.1834256604069456,0.0441685336413894,G,99999900.0,-39.560900000000004,-4.972000000000001,19.486999999999995,709.6000000000004,-0.05575098647125139,-0.007006764374295376,0.02746195039458848,-0.035295800450958266
LLLVALLLTLLGGLLAALILI_0,110011001100110000,1,-64.1119,-61.3499,-58.7189,-224.646,-212.906,-229.088,-352.181,4433.45,3801.37,3761.7,-25.0353,-10.8982,-88.4575,-88.8227,-64.3733,-34.7537,95.2609,-45.6788,6.78576,4.57328,4.50219,-10.7971,-38.0441,72.2659,-45.0,-363.079,7.1084,1.96251,1.5465,0,LLLVALLLTLLGGLLAALILI,VALLLTLLGGLLAAL,0.3845093368362626,0.0451980684058883,G,99999900.0,-24.084199999999996,-5.393000000000008,4.442000000000007,632.0799999999999,-0.03810308821668143,-0.008532147829388699,0.00702759144412101,-0.03960780280977092
LLLLAVLLFLLAILTSLLILI_0,110011001100110000,1,-74.2441,-74.3808,-74.2268,-234.946,-217.472,-242.652,-372.66,4539.76,3606.59,3635.02,-25.0189,-0.521138,-88.4888,-81.3286,-55.7814,-53.9583,80.8832,16.1864,8.69274,5.51297,5.22621,0.846887,-59.9714,54.2759,21.2659,-373.181,9.1374,2.82296,2.1371,0,LLLLAVLLFLLAILTSLLILI,LAVLLFLLAILTSLL,0.163761092228452,0.0465126340626439,L,99999900.0,-32.7074,-0.017300000000005866,7.705999999999989,933.1700000000001,-0.035049776568042264,-1.8538958603476177e-05,0.008257873699325942,-0.026810656150540627
LLLSYLLFVLLALLLATLILI_1,110011001100110000,1,-77.8533,-76.3087,-58.8379,-233.932,-229.863,-253.23,-358.925,4644.54,3722.18,3757.4,-25.0117,-18.995,-72.1514,-71.7478,-46.8571,-64.5561,51.2694,-44.5356,8.4982,3.10478,2.37382,-20.4613,-62.3589,45.8824,-44.1628,-379.629,8.2562,2.04796,1.2362,1,LLLSYLLFVLLALLLATLILI,SYLLFVLLALLLATL,0.3451460984990679,0.0244182168101506,R,99999900.0,-25.294299999999993,-19.015400000000007,19.298000000000002,922.3600000000001,-0.027423457218439643,-0.020616028448761876,0.020922416410078495,-0.02711706925712303
LLLAVLLGALLGTLLSFLILI_2,110011001100110000,1,-85.5301,-83.2548,-74.0199,-218.071,-217.347,-232.474,-349.464,4425.72,3678.75,3648.43,-24.9806,-18.7746,-70.8433,-67.6362,-42.9697,-67.796,67.8446,-39.4781,6.87775,5.82842,5.34609,-14.7676,-62.3587,69.782,-39.5227,-365.558,7.3379,5.27437,4.8211,2,LLLAVLLGALLGTLLSFLILI,AVLLGALLGTLLSFL,1.0290952352566898,0.090502962301855,G,99999900.0,-27.873599999999996,-11.510199999999998,14.402999999999992,746.9700000000003,-0.037315554841559885,-0.015409186446577497,0.019281898871440602,-0.033442574668326695
LLLAVLLAILLTLLLSFLILI_0,110011001100110000,1,-71.5721,-71.6347,-74.2519,-240.462,-230.73,-242.962,-374.666,4514.55,3871.06,3770.65,-24.9571,-15.3782,-87.5891,-87.679,-57.4513,-70.458,68.8982,-33.9356,8.53077,6.36995,5.90342,-15.4481,-76.3191,47.1656,-35.0895,-390.044,8.6159,4.31522,3.5227,0,LLLAVLLAILLTLLLSFLILI,AVLLAILLTLLLSFL,0.4037014361445472,0.0222875022120855,R,99999900.0,-30.1378,2.6798,2.5,643.4900000000002,-0.04683491584950813,0.00416447808046745,0.0038850642589628418,-0.038783974886944614
LLLAALLGVLLGLLLTFLILI_2,110011001100110000,1,-60.1395,-59.8502,-58.8052,-219.78,-220.117,-235.271,-344.738,4471.09,3600.42,3650.96,-24.9513,-16.743,-89.7697,-81.5137,-50.6614,-111.709,38.8342,-33.8754,7.15142,8.49898,7.58149,-9.38671,-110.774,26.9453,-35.6005,-353.512,7.4545,6.75371,5.65789,2,LLLAALLGVLLGLLLTFLILI,AALLGVLLGLLLTFL,0.8948751613429488,0.0183902931278791,G,99999900.0,-39.1083,-1.334299999999999,15.490999999999985,870.6700000000001,-0.04491747734503313,-0.001532497961340116,0.017792045206565042,-0.02865758553757451
LLLLVLLLAALTFLLSLLILI_2,110011001100110000,1,-74.2052,-71.0528,-74.1833,-241.062,-227.768,-242.33,-351.182,4585.66,3721.34,3624.39,-24.9409,-10.6194,-60.8562,-62.9805,-34.6687,-11.8822,112.059,24.4364,10.0282,3.4103,3.59119,-7.9218,-9.83843,94.7849,23.2579,-359.622,9.3793,0.771727,0.693501,2,LLLLVLLLAALTFLLSLLILI,LVLLLAALTFLLSLL,0.4337588883486209,0.0472525444514596,L,99999900.0,-26.1875,-0.02190000000000225,1.2680000000000007,864.3199999999997,-0.03029838485746021,-2.5337837837840452e-05,0.001467049241021845,-0.028856094964827852
LLLLVLLGALLGTLLSFLILI_0,110011001100110000,1,-83.0368,-80.9268,-74.0199,-223.859,-214.367,-235.631,-357.897,4506.31,3834.13,3699.71,-24.9299,-12.7055,-75.9312,-75.309,-48.2463,-60.5523,83.5304,-40.9545,7.18981,6.85946,6.61241,-11.8629,-62.3587,69.782,-39.5227,-370.603,7.3379,5.27437,4.8211,0,LLLLVLLGALLGTLLSFLILI,LVLLGALLGTLLSFL,0.4864074574298846,0.0517344917660161,G,99999900.0,-27.684900000000006,-9.016899999999993,11.771999999999991,672.1800000000003,-0.04118673569579576,-0.013414412806093588,0.01751316611621885,-0.03708813115534528
LLLLTLLAYLLAVLFSLLILI_1,110011001100110000,1,-60.4566,-60.4566,-60.4566,-233.332,-226.822,-244.968,-350.93,4635.57,3661.53,3677.36,-24.9266,-12.2937,-82.0689,-75.9457,-45.506,-50.2577,90.8099,24.0426,9.42946,6.29799,6.16014,-12.2407,-51.3386,79.3507,24.4338,-363.536,9.5,4.91314,4.6034,1,LLLLTLLAYLLAVLFSLLILI,LTLLAYLLAVLFSLL,0.6799699484089446,0.0125255002854245,L,99999900.0,-36.5629,0.0,11.635999999999996,974.0399999999995,-0.037537370128536834,0.0,0.011946121309186482,-0.025590940823785484
LLLYFLLTALLGVLLALLILI_1,110011001100110000,1,-58.7725,-58.7028,-58.7218,-236.53,-228.283,-246.549,-331.621,4717.65,3941.41,3742.8,-24.9166,765.176,-61.2355,720.541,-26.3502,-54.3447,78.4284,-49.7049,7.75649,5.23954,4.91597,682.729,-53.1809,65.2257,-42.5009,425.621,7.3951,3.28261,2.761,1,LLLYFLLTALLGVLLALLILI,YFLLTALLGVLLALL,0.3713477524030791,0.0556681446979905,G,99999900.0,-34.8853,-0.05069999999999908,10.019000000000005,776.2399999999998,-0.04494138410800785,-6.531485107698533e-05,0.01290709059053902,-0.032099093064000835
LLLLAYLLALLFLLTSLLILI_1,110011001100110000,1,-74.2126,-74.1572,-74.1866,-229.739,-221.256,-244.529,-365.601,4661.98,3524.63,3519.48,-24.9152,461.895,-86.5647,391.707,-46.8855,-55.607,56.9729,20.6298,8.70341,2.5324,1.887,461.3,-61.6131,39.1869,24.371,95.2772,8.5022,1.0322,0.120004,1,LLLLAYLLALLFLLTSLLILI,LAYLLALLFLLTSLL,0.353496151487997,0.0477962153621118,L,99999900.0,-39.6792,-0.02599999999999625,14.789999999999992,1137.3499999999995,-0.034887413724886816,-2.286015738338793e-05,0.013003912603859849,-0.02190636127841035
LLLTYLLFVLLAILLSLLILI_2,110011001100110000,1,-76.099,-68.3494,-60.3872,-235.796,-237.792,-253.512,-361.745,4644.39,3784.7,3805.41,-24.886,-21.7478,-74.736,-77.3514,-47.8456,-64.736,64.9119,-42.9579,8.68327,4.97351,4.44719,-20.9126,-66.1502,63.0091,-42.2689,-383.992,8.387,4.92876,4.3739,2,LLLTYLLFVLLAILLSLLILI,TYLLFVLLAILLSLL,0.2972114468301829,0.0817806640270955,R,99999900.0,-26.890400000000007,-15.711800000000004,17.716000000000008,859.6900000000005,-0.031279182030731996,-0.01827612278844699,0.020607428259023598,-0.028947643918156525
LLLYALLVALLFTLLSLLILI_2,110011001100110000,1,-74.079,-74.079,-74.079,-242.866,-239.923,-250.048,-360.574,4681.76,3934.71,3835.75,-24.8838,5.85819,-68.5128,-40.7141,-36.4469,-46.9636,89.2391,-42.3636,8.49797,5.59182,5.43041,-14.2547,-35.5651,88.7149,-39.2404,-375.734,9.0,3.81128,3.642,2,LLLYALLVALLFTLLSLLILI,YALLVALLFTLLSLL,0.2571721715333402,0.0243017382181702,R,99999900.0,-32.0659,0.0,7.181999999999988,747.0500000000002,-0.042923365236597275,0.0,0.00961381433638978,-0.03330941704035874
LLLLYALLAILTVLLSLLILI_1,110011001100110000,1,-74.3114,-74.3114,-74.3114,-240.286,-238.807,-243.358,-375.619,4575.67,3740.99,3695.92,-24.878,-4.19084,-85.9,-66.6918,-57.9494,-44.6413,95.8243,18.508,9.65154,6.13247,6.06984,-4.15827,-41.0172,86.6948,19.8286,-373.632,9.5,4.35638,4.1568,1,LLLLYALLAILTVLLSLLILI,LYALLAILTVLLSLL,0.3428160546073535,0.012746936421435,L,99999900.0,-27.95060000000001,0.0,3.0720000000000027,834.6800000000003,-0.03348660564527723,0.0,0.003680452388939476,-0.029805434417980534
LLLLLLLTALLIFLVSLLILI_2,110011001100110000,1,-74.0547,-73.9712,-74.1002,-241.031,-230.26,-245.512,-382.456,4620.61,3715.88,3652.86,-24.8585,-13.6378,-92.2282,-91.8625,-62.8438,-49.6443,70.6512,18.5585,9.53336,3.48456,3.04433,-11.991,-51.3244,56.7456,20.2059,-393.992,9.3834,1.85932,1.2105,2,LLLLLLLTALLIFLVSLLILI,LLLLTALLIFLVSLL,0.2610459372489014,0.0706169220608776,L,99999900.0,-29.3844,0.04550000000000409,4.4809999999999945,904.7299999999996,-0.03247864003625393,5.029124711240272e-05,0.004952858863970463,-0.02747615310645166
LLLASLLLALLFVLLYTLILI_0,110011001100110000,1,-70.6209,-70.8534,-58.8922,-229.015,-228.475,-250.113,-355.823,4623.95,3742.21,3707.75,-24.8463,-24.2555,-81.0334,-80.7501,-46.8182,-56.0867,84.3869,-37.3554,8.16564,6.30524,6.07104,-22.4623,-56.0784,83.297,-37.0432,-380.079,8.1857,6.15685,5.9063,0,LLLASLLLALLFVLLYTLILI,ASLLLALLFVLLYTL,0.3621230778992632,0.0455211668521211,R,99999900.0,-34.2152,-11.728700000000003,21.098000000000013,881.7399999999998,-0.03880418263887315,-0.013301766960782098,0.023927688434232333,-0.028178714813890723
LLLLALLLLVLAILLSTLILI_1,110011001100110000,1,-74.314,-74.1979,-74.1979,-232.676,-226.716,-241.561,-389.4,4539.78,3652.62,3689.48,-24.8348,-12.9869,-107.245,-101.473,-73.6404,-51.4511,81.7767,27.8043,8.92141,5.25752,4.98418,-11.4253,-57.7764,67.2616,24.5839,-401.011,9.4846,4.24678,3.7557,1,LLLLALLLLVLAILLSTLILI,LALLLLVLAILLSTL,0.3915191350502896,0.0599637367026632,L,99999900.0,-33.604600000000005,-0.11609999999998877,8.88500000000002,887.1599999999999,-0.037878849362009116,-0.0001308670363857577,0.010015104378015264,-0.027993597547229368
LLLLYVLLILLFTLISLLILI_1,110011001100110000,1,-74.1064,-66.8749,-74.1064,-244.569,-234.171,-252.283,-374.94,4601.1,3685.08,3632.8,-24.8287,67.1858,-81.0935,-6.70819,-48.5505,-57.2785,95.9163,19.9726,10.4649,8.04048,7.97922,69.601,-51.6346,81.3081,19.4931,-305.81,9.3325,5.22178,4.9414,1,LLLLYVLLILLFTLISLLILI,LYVLLILLFTLISLL,0.2514007971659021,0.0535089129675457,L,99999900.0,-32.543000000000006,0.0,7.713999999999999,916.0200000000004,-0.035526516888277536,0.0,0.008421213510622033,-0.027104975873889204
LLLLAVLLFILAALLSTLILI_1,110011001100110000,1,-74.18,-74.18,-74.18,-231.268,-230.431,-238.626,-362.037,4482.2,3600.82,3564.15,-24.8258,-15.1167,-81.4148,-72.5426,-49.2311,-52.7217,87.2284,18.2014,8.9862,6.18409,5.99251,-9.7816,-51.4071,76.6816,21.371,-371.734,9.0684,4.56308,4.2133,1,LLLLAVLLFILAALLSTLILI,LAVLLFILAALLSTL,0.3250290670514712,0.0333362640695518,L,99999900.0,-32.1837,0.0,7.358000000000004,881.3799999999997,-0.036515124010075124,0.0,0.008348272027956167,-0.028166965440559136
LLLLALLLAILTVLLSLLILI_0,110011001100110000,1,-70.6128,-74.3114,-74.3114,-238.88,-224.994,-241.397,-389.525,4515.71,3675.26,3700.38,-24.8242,3.86271,-104.856,-86.3564,-73.8166,-43.8756,96.9803,19.7834,9.27537,6.17368,6.12838,-2.74766,-41.0172,86.6948,19.8286,-385.662,9.5,4.35638,4.1568,0,LLLLALLLAILTVLLSLLILI,LALLLAILTVLLSLL,0.5173068042004493,0.0807542074456875,L,99999900.0,-31.0394,3.698600000000013,2.516999999999996,840.4499999999998,-0.03693188173002559,0.004400737700041661,0.0029948242013207167,-0.02953679576417396
LLLYGLLALLLGTLLSALILI_0,110011001100110000,1,-80.3316,-81.9442,-74.0321,-222.851,-216.586,-240.314,-358.08,4578.05,3887.27,3657.88,-24.8039,-21.6879,-79.7021,-81.2383,-43.734,-69.7101,71.4291,-44.9916,7.4042,6.59944,6.17088,-21.641,-72.8398,58.7702,-43.8998,-379.768,7.2749,5.35995,4.7415,0,LLLYGLLALLLGTLLSALILI,YGLLALLLGTLLSAL,0.2454696555994853,0.0271921894204326,G,99999900.0,-35.9681,-6.299499999999995,17.462999999999994,690.7800000000002,-0.05206882075335127,-0.009119401256550556,0.0252801181273343,-0.035907090535336854
LLLLFLLLLVLIILLSTLILI_0,110011001100110000,1,-74.3513,-74.1979,-74.1979,-242.794,-229.218,-250.058,-386.788,4660.72,3678.64,3626.37,-24.8,199.512,-94.4427,116.14,-62.5317,-49.1139,83.8302,24.7107,10.2366,5.18415,4.9416,94.0802,-57.7764,67.2616,24.5839,-187.276,9.4846,4.24678,3.7557,0,LLLLFLLLLVLIILLSTLILI,LFLLLLVLIILLSTL,0.2077595000647483,0.0753094808618042,L,99999900.0,-31.911,-0.15339999999999065,7.263999999999982,982.0800000000004,-0.03249327956989246,-0.00015619908765069097,0.007396546106223504,-0.025252525252525245
LLLSYLLVALLGALLILLILI_0,110011001100110000,1,-63.1192,-71.3453,-44.9223,-229.811,-229.755,-250.049,-359.91,4593.88,3737.38,3612.13,-24.7758,12771.5,-91.755,12712.7,-64.9381,-39.65,77.7953,-48.319,7.94229,2.94987,2.6168,6250.05,-47.4319,67.7648,-45.0,12411.6,6.6781,2.76303,2.2795,0,LLLSYLLVALLGALLILLILI,SYLLVALLGALLILL,0.4835834005966928,0.0140792919551886,G,99999900.0,-26.81689999999999,-18.1969,20.238,856.5,-0.031309865732632794,-0.0212456509048453,0.023628721541155865,-0.028926795096322244
LLLYVLLALLLGTLLGALILI_0,110011001100110000,1,-58.7232,-59.711,-58.7232,-232.417,-223.03,-240.099,-348.082,4573.91,3680.19,3634.85,-24.7661,-19.1873,-81.7082,-84.5287,-49.2597,-67.9131,51.8122,-41.4434,7.03817,3.68161,2.9588,-19.3456,-71.1719,34.5088,-41.0473,-367.27,6.9662,1.83447,0.852102,0,LLLYVLLALLLGTLLGALILI,YVLLALLLGTLLGAL,0.2792171116756041,0.0798019535274538,G,99999900.0,-32.4485,0.0,7.681999999999988,893.7199999999998,-0.03630723269032808,0.0,0.008595533276641441,-0.027711251846215826
LLLLAVLTLLLAILFSLLILI_2,110011001100110000,1,-74.2426,-74.2426,-74.2426,-242.54,-236.708,-242.682,-372.605,4545.63,3725.44,3690.8,-24.7328,-22.0387,-80.5555,-83.6929,-55.6798,-54.0561,65.1209,26.6632,9.46386,3.39974,2.87656,-14.1117,-58.1024,48.2056,26.441,-386.791,9.3786,1.72312,0.946204,2,LLLLAVLTLLLAILFSLLILI,LAVLTLLLAILFSLL,0.2913941244185875,0.0554060718844868,L,99999900.0,-24.875699999999995,0.0,0.1419999999999959,820.19,-0.03032919201648398,0.0,0.0001731306160767577,-0.030154964093685607
LLLTSLLLGLLFALLAYLILI_1,110011001100110000,1,-59.6874,-60.0854,-44.9453,-230.963,-227.518,-252.168,-345.666,4605.82,3735.17,3614.36,-24.7309,11715.5,-79.7461,11657.4,-48.5523,-39.6426,75.7982,-42.8622,7.44851,2.67915,2.31612,8387.79,-40.0595,64.5531,-38.0126,11299.5,7.2779,1.2236,0.691897,1,LLLTSLLLGLLFALLAYLILI,TSLLLGLLFALLAYL,0.2366435305804432,0.0934876320029112,G,99999900.0,-31.193799999999996,-14.742099999999994,21.205000000000013,870.6499999999996,-0.03582817435249527,-0.016932291965772697,0.02435536668006664,-0.028405099638201353
LLLTVLLASLLGALLFGLILI_0,110011001100110000,1,-67.9833,-66.8896,-60.1977,-218.609,-214.883,-234.877,-342.932,4509.99,3859.34,3732.26,-24.7308,-15.886,-81.0699,-77.0452,-47.8573,-54.7627,61.8229,-43.3138,7.03374,3.06049,2.48783,-13.5065,-47.3686,64.4721,-36.7023,-358.818,7.1956,2.30902,1.7761,0,LLLTVLLASLLGALLFGLILI,TVLLASLLGALLFGL,0.2704106369014114,0.0786790159806247,G,99999900.0,-33.2126,-7.785600000000002,16.268,650.6499999999996,-0.05104526242987784,-0.011965880273572592,0.02500268961807425,-0.03800937524014449
LLLLSLLFALLIALLVTLILI_0,110011001100110000,1,-68.4397,-68.4974,-58.8343,-231.792,-227.871,-241.114,-360.75,4548.36,3799.26,3764.7,-24.7116,-20.4163,-85.2297,-84.7982,-60.8019,-42.3343,80.9026,-34.9032,8.45647,3.772,3.48554,-19.3397,-39.3076,75.987,-35.0,-381.166,8.4047,2.65439,2.2942,0,LLLLSLLFALLIALLVTLILI,LSLLFALLIALLVTL,0.294636763611824,0.0186970190765579,R,99999900.0,-24.42779999999999,-9.605400000000003,9.322000000000003,749.0999999999995,-0.032609531437725284,-0.012822587104525444,0.012444266453077038,-0.032988386063275955
LLLSYLLIILLTLLLAFLILI_2,110011001100110000,1,-72.9462,-64.5228,-58.9188,-240.598,-239.97,-259.319,-370.778,4646.27,3856.79,3818.98,-24.7042,-14.1016,-81.9384,-80.3875,-52.5408,-66.4054,54.2714,-41.3826,9.26227,3.78745,3.10153,-15.9784,-61.4513,50.1014,-39.8435,-381.431,9.0,2.48138,1.7329,2,LLLSYLLIILLTLLLAFLILI,SYLLIILLTLLLAFL,0.3877981142993758,0.0688877637786643,R,99999900.0,-29.397600000000004,-14.027400000000007,18.721000000000004,789.4800000000005,-0.03723666210670313,-0.017767897856817143,0.02371307696205096,-0.03129173633277599
LLLLVALLAILTLLLSFLILI_2,110011001100110000,1,-67.162,-70.6735,-74.258,-243.926,-243.449,-242.49,-372.808,4528.65,3817.48,3704.24,-24.7006,-21.7478,-86.4201,-80.433,-56.06,-13.0663,96.9654,17.6322,9.77473,1.55028,1.50476,-19.9684,-13.2915,87.7058,22.0356,-392.698,9.5,0.334013,0.149601,2,LLLLVALLAILTLLLSFLILI,LVALLAILTLLLSFL,0.492237873599278,0.0513648109780305,L,99999900.0,-30.360100000000003,7.095999999999989,-1.4359999999999786,711.1699999999996,-0.04269035532994927,0.00997792370319332,-0.0020192077843553292,-0.03473234247788857
LLLTVLLGLLLGALLSALILI_2,110011001100110000,1,-74.1647,-64.8171,-60.1498,-211.188,-214.003,-234.18,-361.719,4464.88,3628.37,3687.14,-24.6915,-16.1744,-101.059,-99.0737,-67.3896,-90.2504,34.816,-46.0426,6.68962,4.73772,3.75996,-14.4938,-95.479,27.325,-44.2015,-376.217,7.2798,4.51072,3.42059,2,LLLTVLLGLLLGALLSALILI,TVLLGLLLGALLSAL,0.6990518433709477,0.0659569531474391,G,99999900.0,-33.669399999999996,-14.014899999999997,22.99200000000002,836.5100000000002,-0.04024984758102113,-0.016754013699776443,0.027485624798269014,-0.02951728012815148
LLLYALLLSLLFTLLVILILI_0,110011001100110000,1,-74.2813,-74.2813,-74.2518,-246.207,-236.272,-254.037,-371.342,4690.52,3897.57,3845.98,-24.6748,-11.4863,-75.5293,-72.2758,-43.0539,-29.3041,118.711,-39.6409,8.08504,6.92166,7.20233,-11.604,-37.8755,89.3251,-37.8325,-382.829,8.5522,4.24022,4.0801,0,LLLYALLLSLLFTLLVILILI,YALLLSLLFTLLVIL,0.2596985398749345,0.0613263316193431,R,99999900.0,-32.47540000000001,-0.02949999999999875,7.8300000000000125,792.9500000000003,-0.04095516741282552,-3.720285011665141e-05,0.009874519200454013,-0.03111772495113184
LLLLSYLLFVLITLLLILILI_0,110011001100110000,1,-65.9152,-63.9318,-58.8946,-246.453,-224.029,-252.507,-362.93,4655.31,3787.72,3500.26,-24.673,84443.6,-75.2346,84368.6,-51.5284,-61.9318,85.7037,11.9789,10.1353,7.35976,7.14532,48928.6,-60.4364,62.9803,18.0,84080.7,8.8114,4.0678,3.5125,0,LLLLSYLLFVLITLLLILILI,LSYLLFVLITLLLIL,0.3615101216062501,0.0432584637887706,L,99999900.0,-23.706200000000003,-7.020600000000002,6.054000000000002,867.5900000000006,-0.02732419691328852,-0.008092071139593583,0.006977950414366231,-0.0284385481621503
LLLYTLLVLLLAFLLIILILI_2,110011001100110000,1,-62.8868,-62.3236,-45.1009,-239.877,-233.489,-255.425,-356.05,4744.64,4103.63,3752.56,-24.6715,339.135,-77.9581,278.897,-55.5241,-73.132,51.7248,-51.2112,8.65373,4.45264,3.72851,292.501,-67.6029,45.1857,-45.0,-16.9151,8.6947,2.74051,1.9183,2,LLLYTLLVLLLAFLLIILILI,YTLLVLLLAFLLIIL,0.2338127566816185,0.0283753451338222,R,99999900.0,-22.434000000000005,-17.785899999999998,15.548000000000002,641.0100000000002,-0.034997893948612344,-0.027746681019016853,0.02425547183351273,-0.038488479118890494
LLLTYLLALLLGVLLGSLILI_2,110011001100110000,1,-70.8343,-65.4912,-60.2923,-226.841,-228.499,-245.168,-361.295,4571.74,3602.14,3505.81,-24.6589,28621.0,-88.2779,28553.7,-55.8342,-66.7231,46.6526,-44.9641,7.02849,2.80656,2.00635,19955.4,-59.4498,45.2469,-38.8459,28246.4,6.6517,1.5258,0.704503,2,LLLTYLLALLLGVLLGSLILI,TYLLALLLGVLLGSL,0.8791186692608802,0.0730084270855575,G,99999900.0,-32.4437,-10.542000000000002,18.326999999999998,969.5999999999999,-0.03346091171617162,-0.01087252475247525,0.01890160891089109,-0.02543203382838284
LLLSYLLFILLALLLATLILI_2,110011001100110000,1,-77.1839,-76.193,-58.8379,-235.543,-233.834,-254.508,-362.531,4635.94,3778.65,3726.78,-24.648,-18.7272,-74.4525,-71.2309,-49.185,-65.81,49.4567,-46.0434,8.64621,3.04816,2.29001,-19.3796,-62.3589,45.8824,-44.1628,-382.021,8.2562,2.04796,1.2362,2,LLLSYLLFILLALLLATLILI,SYLLFILLALLLATL,0.2443470969818936,0.0094933177278924,R,99999900.0,-25.2675,-18.345999999999997,18.965000000000003,857.2899999999995,-0.029473690349823296,-0.02139999300120147,0.022122035717201897,-0.028751064400611245
LLLAFLLAVLLGLLLGSLILI_0,110011001100110000,1,-64.1054,-62.1583,-60.2613,-218.601,-211.599,-233.845,-344.275,4526.56,3534.24,3446.7,-24.6429,-13.0138,-86.2117,-83.5319,-50.1692,-73.5321,44.3659,-38.1225,7.33225,3.5192,2.68469,-12.5624,-72.2097,37.011,-35.0,-357.289,7.3038,2.32794,1.3831,0,LLLAFLLAVLLGLLLGSLILI,AFLLAVLLGLLLGSL,0.6841783609487839,0.035480504942702,G,99999900.0,-36.0425,-3.8441000000000045,15.244,992.3200000000006,-0.03632144872621732,-0.0038738511770396666,0.015361980006449522,-0.024833622218639134
LLLSALLGVLLGLLLAFLILI_0,110011001100110000,1,-54.2528,-53.6042,-44.9369,-222.31,-221.463,-243.855,-343.991,4491.9,3687.42,3668.89,-24.6374,-18.1964,-92.0649,-87.1201,-55.1983,-84.2715,49.7052,-45.4653,7.06493,5.85093,5.09651,-18.3221,-83.7533,47.7994,-42.6647,-362.187,7.5,5.51591,4.7329,0,LLLSALLGVLLGLLLAFLILI,SALLGVLLGLLLAFL,1.3168778460721553,0.0529327453592747,G,99999900.0,-36.86659999999999,-9.3159,21.544999999999987,804.4799999999996,-0.045826620922832156,-0.01158002684964201,0.026781274860779632,-0.030625248607796356
LLLLAALLTILVALLSLLILI_2,110011001100110000,1,-69.093,-72.7149,-74.3087,-237.219,-228.026,-237.906,-380.334,4490.44,3673.33,3620.52,-24.6365,-10.1063,-98.6584,-89.6992,-68.1198,-1.40672,118.215,20.289,9.47756,2.66999,2.94322,-10.1221,-3.25933,98.77,22.3804,-389.487,9.4501,0.32285,0.3044,2,LLLLAALLTILVALLSLLILI,LAALLTILVALLSLL,0.4216420513297648,0.0364184956023999,L,99999900.0,-30.538600000000002,5.215699999999998,0.6870000000000118,817.1099999999997,-0.03737391538470954,0.006383106313715412,0.0008407680728421046,-0.03015077529341216
LLLTALLGVLLGILLALLILI_0,110011001100110000,1,-53.1199,-53.9999,-44.9618,-223.156,-219.897,-240.45,-353.741,4481.74,3780.27,3696.65,-24.6241,-16.9613,-102.089,-96.8048,-68.3294,-63.7063,59.4948,-51.1472,6.93771,4.08775,3.48017,-17.8068,-66.8898,49.5856,-44.1976,-370.702,7.2568,3.22752,2.4713,0,LLLTALLGVLLGILLALLILI,TALLGVLLGILLALL,1.0355164044131269,0.1131908401551946,G,99999900.0,-33.75959999999999,-8.158100000000005,17.293999999999983,701.4699999999998,-0.04812693343977647,-0.0116300055597531,0.02465394100959412,-0.03510356822102158
LLLLYVLLLALTILLASLILI_2,110011001100110000,1,-74.1691,-74.0705,-74.2312,-238.045,-228.116,-242.946,-373.008,4604.49,3738.55,3627.32,-24.618,-11.4013,-85.4121,-82.2228,-55.8304,-56.8322,83.1668,20.9101,9.98787,6.25235,5.99985,-0.507993,-60.6709,65.7431,20.4901,-376.91,9.5,4.47595,3.9621,2,LLLLYVLLLALTILLASLILI,LYVLLLALTILLASL,0.3181495282986884,0.0291984170434022,L,99999900.0,-29.581699999999998,0.06210000000000093,4.9010000000000105,865.9399999999996,-0.03416137376723562,7.171397556412796e-05,0.0056597454789015554,-0.028429221424117156
LLLYSLLFALLGALLTLLILI_0,110011001100110000,1,-62.2456,-65.7597,-58.8315,-230.217,-219.368,-246.009,-344.564,4624.23,3953.6,3700.4,-24.6116,180.647,-76.7128,121.21,-39.7239,-62.892,77.3466,-48.422,7.15863,6.37559,6.03579,148.893,-60.6829,69.0631,-38.9844,-163.918,7.1168,4.92595,4.4619,0,LLLYSLLFALLGALLTLLILI,YSLLFALLGALLTLL,0.3880849169459271,0.0327447404793642,G,99999900.0,-36.9889,-3.414100000000005,15.791999999999973,670.6299999999997,-0.05515545084472812,-0.005090884690514899,0.02354800709780353,-0.03669922311856018
LLLFSLLILLVALLLTLLILI_0,110011001100110000,1,-67.9367,-66.7518,-58.8864,-236.903,-223.675,-245.266,-369.836,4713.24,3771.87,3680.82,-24.611,0.126133,-89.6069,-79.2828,-65.6836,-100.342,35.965,28.2816,9.63515,6.40658,5.44605,1.20061,-106.959,11.5744,28.0,-369.71,9.0662,4.10639,2.78001,0,LLLFSLLILLVALLLTLLILI,FSLLILLVALLLTLL,0.5527220948805479,0.1428815921200767,L,99999900.0,-23.923299999999998,-9.0503,8.363,941.3699999999999,-0.025413280644167542,-0.0096139668780607,0.00888386075613202,-0.026143811678723566
LLLYSLLFTLLVALLILLILI_1,110011001100110000,1,-70.4953,-67.2657,-58.8623,-243.446,-239.077,-253.851,-359.188,4712.59,3955.69,3857.63,-24.603,1097.07,-69.8495,1044.22,-46.4745,-46.8875,72.0509,-43.2737,8.70442,3.26,2.84076,920.821,-44.9294,63.8799,-35.0,724.137,8.8327,1.8632,1.3214,1,LLLYSLLFTLLVALLILLILI,YSLLFTLLVALLILL,0.2048660077837003,0.0397491912613485,R,99999900.0,-23.375000000000007,-11.633000000000003,10.405000000000001,756.9000000000001,-0.030882547232131068,-0.01536926938829436,0.013746862201083366,-0.03250495441934205
LLLLFVLTILLALLASLLILI_0,110011001100110000,1,-74.2473,-74.2588,-74.1075,-243.31,-229.46,-242.431,-368.173,4604.72,4015.28,3869.36,-24.5823,-12.1192,-75.1988,-76.5735,-51.6344,-90.9956,26.7886,30.7322,9.58324,3.7658,2.66763,-11.045,-95.3663,8.02833,28.0,-380.293,9.3966,1.88877,0.509195,0,LLLLFVLTILLALLASLLILI,LFVLTILLALLASLL,0.3370148621468441,0.0643925272472898,L,99999900.0,-23.564400000000006,-0.13979999999999393,-0.8789999999999907,589.44,-0.03997760586319219,-0.00023717426710096688,-0.0014912459283387464,-0.04170449918566775
LLLTALLVGLLGGLLFLLILI_0,110011001100110000,1,-53.4197,-52.1578,-44.9383,-221.659,-220.442,-238.3,-336.348,4574.35,3827.11,3695.05,-24.5791,-21.724,-85.8484,-85.4723,-53.1098,-48.8715,63.288,-48.5633,6.45213,2.37461,1.82392,-21.402,-45.1876,67.311,-43.6659,-358.072,6.6072,2.36513,1.8748,0,LLLTALLVGLLGGLLFLLILI,TALLVGLLGGLLFLL,0.318848298311818,0.0247841725288763,G,99999900.0,-32.7386,-8.4814,16.64100000000002,747.2400000000002,-0.04381269739307316,-0.011350302446335846,0.02226995342861733,-0.03289318023660403
LLLLAILLFVLTWLLSLLILI_0,110011001100110000,1,-74.1927,-72.6215,-74.1363,-247.018,-228.833,-251.484,-380.709,4614.46,3683.25,3626.58,-24.575,38.3792,-84.0738,-40.8756,-55.0887,-10.9465,110.323,18.0536,10.0881,3.03561,3.19046,34.1811,-7.00423,96.9391,20.3201,-342.33,9.431,0.637414,0.591501,0,LLLLAILLFVLTWLLSLLILI,LAILLFVLTWLLSLL,0.5699513996856996,0.0088814828495805,L,99999900.0,-28.985100000000003,-0.05639999999999645,4.466000000000008,931.21,-0.031126276564899434,-6.056635989733406e-05,0.004795910696835309,-0.026390395292146776
LLLLYILTFLLAVLLLLLILI_0,110011001100110000,1,-58.9501,-58.9744,-58.7636,-239.539,-223.56,-250.192,-363.195,4671.3,3707.2,3605.07,-24.5653,1755.4,-89.2711,1674.74,-54.2393,-59.277,62.7513,19.5432,10.5145,3.86298,3.30425,1350.48,-65.639,43.2616,25.0,1392.21,9.3683,2.18617,1.33509,0,LLLLYILTFLLAVLLLLLILI,LYILTFLLAVLLLLL,0.3922306885569279,0.0576716460113197,L,99999900.0,-35.031800000000004,-0.18650000000000233,10.65300000000002,964.1000000000004,-0.036336272170936615,-0.00019344466341666037,0.011049683642775662,-0.025480033191577628
LLLLIFLLATLYVLLLLLILI_1,110011001100110000,1,-58.8689,-58.8689,-58.8689,-247.965,-243.726,-248.458,-362.774,4665.76,3966.73,3917.74,-24.5605,-22.2037,-80.501,-82.3825,-55.4471,-47.764,88.584,30.0805,9.40166,5.62345,5.45221,-10.9095,-46.0089,78.8377,28.0,-374.087,9.4653,4.04443,3.727,1,LLLLIFLLATLYVLLLLLILI,LIFLLATLYVLLLLL,0.6277266095864654,0.098576446415125,L,99999900.0,-25.053900000000006,0.0,0.492999999999995,699.0300000000002,-0.03584095103214454,0.0,0.0007052630073101224,-0.03513511580332746
LLLSYLLVALLAILLTLLILI_0,110011001100110000,1,-73.3923,-64.1653,-58.8692,-230.939,-232.125,-255.35,-374.487,4598.03,3765.81,3847.63,-24.5391,-11.2274,-94.6947,-89.4236,-60.2676,-89.3372,35.8603,-44.119,8.63182,4.74172,3.77962,-11.288,-79.5719,55.1888,-42.772,-385.714,8.8555,5.88627,5.2141,0,LLLSYLLVALLAILLTLLILI,SYLLVALLAILLTLL,0.6114559758744701,0.0751994722734338,R,99999900.0,-34.427099999999996,-14.523100000000007,24.411,832.2199999999998,-0.0413677873639182,-0.017451034582201833,0.029332388070462147,-0.029486313715123412
LLLSYLLAVLLGILLALLILI_0,110011001100110000,1,-64.0044,-66.2216,-44.9887,-228.964,-228.051,-250.2,-356.293,4552.62,3729.19,3606.7,-24.537,908.265,-87.8611,846.245,-61.1045,-45.9192,59.5912,-47.5094,8.1108,1.43269,0.82656,868.448,-52.0033,51.666,-44.2967,551.972,7.439,1.27541,0.550401,0,LLLSYLLAVLLGILLALLILI,SYLLAVLLGILLALL,0.9764302405461456,0.0907448723574476,G,99999900.0,-26.75659999999999,-19.015700000000002,21.23599999999999,823.4299999999998,-0.03249407964247112,-0.023093280546008777,0.025789684611928147,-0.029798525679171278
LLLLYVLAALLTLLFSLLILI_0,110011001100110000,1,-74.3021,-74.2487,-74.3021,-238.726,-217.361,-244.244,-359.886,4585.73,3752.86,3717.42,-24.5036,0.894027,-71.3612,-67.3824,-41.34,-42.1352,106.919,21.6711,9.50854,7.25437,7.35816,0.767363,-43.0836,88.7124,20.2021,-358.992,9.3861,4.93871,4.7694,0,LLLLYVLAALLTLLFSLLILI,LYVLAALLTLLFSLL,0.3449670090699353,0.0581017558826733,L,99999900.0,-30.021199999999993,0.0,5.518000000000001,832.8699999999994,-0.03604548128759592,0.0,0.006625283657713694,-0.0294206778969107
LLLYALLFALTSLLLVLLILI_2,110011001100110000,1,-75.4895,-73.97,-74.2317,-231.092,-223.783,-249.877,-361.526,4675.39,3722.06,3744.91,-24.4806,4.94242,-79.4246,-58.8303,-37.4169,-101.293,48.8978,17.0447,8.7344,8.29517,7.52864,-9.07343,-100.982,34.5253,20.0445,-371.638,8.836,6.30822,5.3261,2,LLLYALLFALTSLLLVLLILI,YALLFALTSLLLVLL,0.390431866174926,0.0427968622837624,L,99999900.0,-42.0077,-1.2578000000000031,18.784999999999997,953.3300000000004,-0.044064175049563094,-0.001319375242570781,0.019704614351798422,-0.025679040835807108
LLLLYILLLVLATLLASLILI_1,110011001100110000,1,-74.2374,-74.2374,-74.2374,-237.03,-220.538,-242.348,-374.423,4563.11,3607.35,3504.6,-24.4799,235.062,-87.6349,155.414,-57.8376,-55.9968,87.3037,18.9125,9.99507,6.68552,6.49508,168.201,-62.5739,62.4261,19.1703,-165.105,9.1885,4.31361,3.75,1,LLLLYILLLVLATLLASLILI,LYILLLVLATLLASL,0.1653425711682603,0.0935759452689107,L,99999900.0,-29.7973,0.0,5.318000000000012,955.7599999999998,-0.031176550598476613,0.0,0.00556415836611703,-0.025613020005022188
LLLTYLLAILLGLLLGFLILI_1,110011001100110000,1,-51.7281,-56.4467,-44.9626,-232.944,-227.76,-250.232,-344.234,4609.53,3792.54,3675.33,-24.4513,7.62003,-84.013,-52.4069,-49.0392,-65.3052,45.733,-45.6803,6.92873,2.46973,1.65572,-16.3287,-61.5471,48.1349,-42.0502,-363.19,7.2784,2.23028,1.4523,1,LLLTYLLAILLGLLLGFLILI,TYLLAILLGLLLGFL,0.8499799065944682,0.0689949323294422,G,99999900.0,-34.973800000000004,-6.765499999999996,17.28800000000001,816.9899999999998,-0.042808112706397894,-0.008281007111470149,0.021160601720951317,-0.02992851809691674
LLLYGLLFALLGTLLSALILI_1,110011001100110000,1,-83.868,-76.1837,-74.0094,-224.064,-220.996,-241.06,-340.258,4564.31,3765.03,3769.15,-24.4508,-12.2456,-56.7763,-55.3229,-25.1884,-67.1969,63.8628,-39.6362,6.54564,5.20101,4.65895,-12.1658,-64.5043,61.457,-37.6682,-355.611,6.656,4.47234,3.89419,1,LLLYGLLFALLGTLLSALILI,YGLLFALLGTLLSAL,0.1882260629938361,0.0275761568675793,G,99999900.0,-31.587899999999998,-9.858599999999996,16.99600000000001,799.2800000000002,-0.03952044339905914,-0.012334350915824233,0.021264137723951564,-0.030591031928735857
LLLATLLVGLLFLLLGTLILI_1,110011001100110000,1,-66.3627,-64.3186,-58.7666,-223.202,-220.549,-241.434,-347.92,4590.99,3759.17,3538.31,-24.4198,-12.3683,-82.7751,-75.4207,-47.7193,-42.6203,70.982,-38.1949,7.52582,2.47561,2.04034,-13.8394,-39.5918,66.1876,-38.1472,-359.454,7.1158,1.37409,0.866903,1,LLLATLLVGLLFLLLGTLILI,ATLLVGLLFLLLGTL,0.4323113137368109,0.0249652970617583,G,99999900.0,-35.0558,-7.596100000000007,18.232,831.8199999999997,-0.04214349258252988,-0.009131903536822882,0.021918203457478788,-0.029357072443557508
LLLSTLLGALLGALLALLILI_1,110011001100110000,1,-72.0664,-58.828,-44.8537,-213.857,-215.027,-248.97,-362.941,4421.84,3588.91,3616.05,-24.4116,-12.0432,-101.43,-101.13,-69.1175,-72.6697,61.7285,-37.8965,6.39362,5.7338,5.15973,-5.3061,-68.8242,63.6738,-35.7825,-361.894,6.5843,5.41959,4.8747,1,LLLSTLLGALLGALLALLILI,STLLGALLGALLALL,1.1621505315358724,0.0946831157235686,G,99999900.0,-32.3125,-27.212699999999998,35.113,832.9300000000003,-0.03879377618767482,-0.032671052789550126,0.04215600350569674,-0.029308105122879465
LLLLYALLAVLTALLLSLILI_1,110011001100110000,1,-74.2562,-74.2562,-74.2562,-228.742,-218.443,-239.581,-366.813,4514.53,3523.48,3673.22,-24.4024,-1.00463,-88.2174,-75.1184,-52.9754,-7.13803,112.733,17.3694,8.72726,2.78966,2.98065,-2.88977,-10.3153,94.584,18.0,-370.465,9.3619,0.81614,0.734901,1,LLLLYALLAVLTALLLSLILI,LYALLAVLTALLLSL,0.5219988709797114,0.0564614691698906,L,99999900.0,-35.242,0.0,10.838999999999999,991.0499999999997,-0.03556026436607639,0.0,0.010936885121840474,-0.024622773825740383
LLLLAVLIALLFLLTSLLILI_2,110011001100110000,1,-74.1752,-74.0182,-74.2285,-237.775,-226.634,-242.645,-367.144,4581.97,3694.37,3550.1,-24.4021,716.076,-79.5955,649.584,-50.2706,-57.7818,61.2351,24.4592,10.3954,3.43401,2.85254,270.203,-61.8139,38.3354,27.3116,348.705,9.2372,0.947369,0.0224006,2,LLLLAVLIALLFLLTSLLILI,LAVLIALLFLLTSLL,0.3985101714747237,0.0372952222406978,L,99999900.0,-29.3249,0.05329999999999302,4.8700000000000045,887.6000000000004,-0.033038418206399266,6.004957187921699e-05,0.005486705723298786,-0.027492226228030634
LLLLYLLVALLIILLFTLILI_0,110011001100110000,1,-61.2831,-58.7227,-58.9208,-248.94,-235.36,-249.469,-357.018,4698.37,3939.2,3766.28,-24.4009,329.296,-71.196,266.361,-48.6284,-1.52265,117.837,-32.3946,10.3513,2.63638,2.90393,318.388,-7.37837,95.3103,-41.7354,-27.7219,8.6093,0.473646,0.403301,0,LLLLYLLVALLIILLFTLILI,LYLLVALLIILLFTL,0.3354420113324598,0.1291057774712224,R,99999900.0,-22.5676,-2.3622999999999976,0.5289999999999964,759.1700000000001,-0.029726675184741227,-0.0031116877642688692,0.0006968136254066893,-0.032141549323603406
LLLLALLTALLFLLTSLLILI_2,110011001100110000,1,-87.9416,-87.8431,-87.8724,-230.284,-226.421,-242.837,-380.604,4599.92,3636.93,3556.08,-24.3724,38.135,-86.7511,-28.2046,-49.8949,-49.6315,92.5147,21.1173,9.41171,6.43421,6.32193,38.5179,-52.6153,78.89,21.7839,-315.919,8.5648,5.04245,4.7258,2,LLLLALLTALLFLLTSLLILI,LALLTALLFLLTSLL,0.4519685581431847,0.0140606484053177,L,99999900.0,-36.856199999999994,-0.06919999999999504,12.552999999999997,962.9900000000002,-0.038272671574990376,-7.185952086729356e-05,0.01303544169721388,-0.0253090893986438
LLLLLVLTALLAILFLLLILI_2,110011001100110000,1,-58.8366,-58.8366,-58.8366,-241.731,-228.27,-243.464,-367.311,4573.35,3812.28,3728.0,-24.3621,50430.7,-91.1056,50350.5,-65.0104,-56.7471,73.9658,33.4831,9.64099,4.99745,4.60693,123.892,-64.2235,48.2111,27.3697,-255.926,9.5,2.64203,1.8652,2,LLLLLVLTALLAILFLLLILI,LLVLTALLAILFLLL,0.3271119845451467,0.0287852682853071,L,99999900.0,-26.09519999999999,0.0,1.733000000000004,761.0700000000002,-0.03428751626000234,0.0,0.002277057300905309,-0.03201032756513855
LLLTALLVGLLGGLLFALILI_2,110011001100110000,1,-53.2091,-53.1888,-44.9383,-218.242,-217.594,-234.278,-325.298,4515.27,3871.7,3702.0,-24.3219,-23.519,-78.1695,-78.0347,-46.0822,-50.1068,64.7379,-47.2692,6.47069,2.75564,2.2267,-21.4158,-45.1876,67.311,-43.6659,-346.604,6.6072,2.36513,1.8748,2,LLLTALLVGLLGGLLFALILI,TALLVGLLGGLLFAL,0.8268619625526695,0.062349121856025,G,99999900.0,-32.0873,-8.270800000000001,16.036,643.5700000000006,-0.04985829047345272,-0.01285143807200459,0.024917258417887698,-0.037792159361064025
LLLYTLLVSLLFALLILLILI_1,110011001100110000,1,-68.4105,-66.6131,-60.4096,-238.883,-236.738,-253.946,-360.712,4732.19,3867.13,3789.2,-24.3053,-7.12722,-77.7234,-64.4883,-46.3569,-52.0212,78.93,-45.2129,8.16579,4.95873,4.64268,-3.93981,-49.655,70.869,-39.5698,-344.351,8.1714,3.51556,3.07859,1,LLLYTLLVSLLFALLILLILI,YTLLVSLLFALLILL,0.2250347626162014,0.0324068182970449,R,99999900.0,-31.366499999999995,-8.000900000000001,15.062999999999988,865.0599999999995,-0.03625933461262804,-0.009248953829792161,0.017412665017455434,-0.028096663815226706
LLLTVLLAILLGLLLGFLILI_2,110011001100110000,1,-52.0582,-52.6571,-44.964,-224.166,-221.209,-240.911,-347.61,4515.9,3789.32,3609.58,-24.2915,-11.9696,-95.6772,-85.7135,-61.7352,-67.1264,48.9998,-48.6068,6.84146,3.18393,2.41893,-18.1239,-71.1566,42.8294,-43.0573,-365.782,7.0278,2.95546,2.0979,2,LLLTVLLAILLGLLLGFLILI,TVLLAILLGLLLGFL,0.3906860294245529,0.0529645959308883,G,99999900.0,-33.942,-7.094200000000001,16.745000000000005,726.5799999999995,-0.046714745795370126,-0.009763825043353802,0.023046326626111394,-0.03343265710589339
LLLATLLVGLLFGLLFLLILI_0,110011001100110000,1,-52.4445,-52.6274,-45.0114,-223.471,-223.134,-240.866,-328.557,4630.06,3699.82,3567.23,-24.2877,69.3824,-76.9285,16.5872,-42.679,-40.8563,81.4035,-39.6227,7.55352,3.61792,3.33897,69.296,-40.652,76.0053,-35.3219,-259.174,7.3774,2.85852,2.4986,0,LLLATLLVGLLFGLLFLLILI,ATLLVGLLFGLLFLL,0.5281246377207428,0.0501895176817273,G,99999900.0,-34.2495,-7.433099999999996,17.39500000000001,930.2400000000002,-0.036817917956656336,-0.007990518575851388,0.018699475404196773,-0.026109068627450976
LLLYGLLFALLGVLLATLILI_1,110011001100110000,1,-64.0527,-60.262,-58.8381,-227.932,-221.452,-241.676,-329.601,4580.62,3967.78,3726.01,-24.2725,5721.67,-61.889,5673.79,-29.0871,-68.2023,51.0146,-48.7241,7.30009,3.61733,2.88255,-18.7196,-73.2508,43.1479,-42.798,-349.02,7.4823,3.31258,2.4598,1,LLLYGLLFALLGVLLATLILI,YGLLFALLGVLLATL,0.3258754525602793,0.0254900057960264,G,99999900.0,-32.8019,-5.214600000000004,13.744,612.8399999999997,-0.05352441093923376,-0.008508909340121414,0.022426734547353316,-0.03960658573200185
LLLYWLLTVLLILLFSLLILI_0,110011001100110000,1,-74.1011,-73.9887,-74.1887,-247.72,-231.53,-262.866,-376.702,4779.82,3981.59,3814.13,-24.2671,31.3408,-79.1488,-39.8429,-39.648,-111.208,22.1868,30.8494,9.64991,6.17636,5.00917,32.6103,-107.621,8.37296,28.0,-345.362,9.5,3.7735,2.39909,0,LLLYWLLTVLLILLFSLLILI,YWLLTVLLILLFSLL,0.2934092127656829,0.0281607051390778,L,99999900.0,-39.50079999999999,0.0875999999999948,15.145999999999987,798.2299999999996,-0.049485486639189225,0.00010974280595817602,0.018974481039299444,-0.030401137516755838
LLLLAVLLAILALLLSTLILI_1,110011001100110000,1,-74.2212,-74.2212,-74.1919,-229.016,-225.787,-237.817,-380.788,4462.52,3570.97,3633.36,-24.2378,419.114,-101.789,338.334,-68.779,-49.4719,91.1998,17.9245,8.3575,6.23276,6.10076,-8.74314,-51.4071,76.6816,21.371,-389.718,9.0684,4.56308,4.2133,1,LLLLAVLLAILALLLSTLILI,LAVLLAILALLLSTL,0.7172970096454647,0.0837376070061912,L,99999900.0,-33.010000000000005,-0.02929999999999211,8.801000000000016,891.5500000000006,-0.037025405193202826,-3.28641130615132e-05,0.009871571981380752,-0.027186136503841603
LLLSYLLFILLALLLAILILI_2,110011001100110000,1,-63.2309,-47.4132,-45.0308,-235.778,-235.03,-255.323,-358.442,4651.04,3766.22,3741.61,-24.2321,-4.72869,-83.6653,-80.7276,-58.0884,-64.8513,53.3261,-44.1792,8.38647,3.42672,2.72661,-8.03289,-61.6436,55.2704,-42.3147,-373.019,8.0426,3.20804,2.5371,2,LLLSYLLFILLALLLAILILI,SYLLFILLALLLAIL,0.3502139691299343,0.0673070083734045,R,99999900.0,-25.576900000000002,-18.2001,19.545000000000016,884.8200000000002,-0.028906331231210863,-0.020569268325761166,0.022089238489184256,-0.02738647408512465
LLLWYLLLVLLATLLSFLILI_0,110011001100110000,1,-91.616,-91.4419,-74.0443,-238.664,-238.309,-255.216,-368.436,4687.24,3955.13,3855.83,-24.2129,-23.7508,-62.3685,-62.4357,-39.1756,-53.0562,52.0615,-44.6097,8.41536,1.48673,0.767657,-22.1726,-53.1248,51.1385,-44.4724,-392.187,8.4512,1.37242,0.639498,0,LLLWYLLLVLLATLLSFLILI,WYLLLVLLATLLSFL,0.3653121626570922,0.0506655679175926,R,99999900.0,-23.192899999999995,-17.571699999999993,16.55200000000002,732.1099999999997,-0.03167952903252244,-0.024001447869855624,0.022608624387045702,-0.033072762289819854
LLLSYLLVILLTALLSLLILI_1,110011001100110000,1,-89.0432,-87.348,-74.1591,-237.5,-232.897,-256.294,-389.159,4601.89,3847.02,3863.68,-24.2012,-15.6997,-86.8168,-84.6139,-58.7052,-68.165,53.2558,-42.2271,9.20098,3.91429,3.21313,-10.1334,-61.4513,50.1014,-39.8435,-403.777,9.0,2.48138,1.7329,1,LLLSYLLVILLTALLSLLILI,SYLLVILLTALLSLL,0.4350426644869088,0.0494989226452811,R,99999900.0,-28.111600000000003,-14.884100000000004,18.793999999999983,754.8700000000003,-0.037240319525216246,-0.019717434790096303,0.024897002132817536,-0.03206008981678963
LLLYTLLAILVALLLSLLILI_2,110011001100110000,1,-64.7352,-64.1523,-60.363,-237.72,-237.1,-248.95,-372.166,4608.09,3771.59,3671.77,-24.1911,49.6103,-93.9027,-21.304,-62.8538,-108.619,16.7313,26.74,9.75137,5.05164,3.80261,50.197,-107.84,2.594,18.2142,-322.844,9.3464,3.02619,1.5651,2,LLLYTLLAILVALLLSLLILI,YTLLAILVALLLSLL,0.290410051183028,0.0248207114277411,L,99999900.0,-31.048899999999996,-4.3722000000000065,11.22999999999999,836.5,-0.03711763299462044,-0.005226778242677832,0.013424985056784208,-0.028919426180514046
LLLYSLLLTLLATLLVFLILI_0,110011001100110000,1,-86.1253,-85.9676,-72.6098,-237.537,-233.023,-253.139,-363.835,4678.52,4017.02,3842.56,-24.1859,29.9347,-64.358,-14.9091,-38.0857,-54.3714,77.9127,-48.2437,8.96352,5.17391,4.8426,25.087,-53.5058,73.6956,-45.0,-333.9,8.8777,4.47477,4.0802,0,LLLYSLLLTLLATLLVFLILI,YSLLLTLLATLLVFL,0.2069123613262384,0.048347330060885,R,99999900.0,-26.2723,-13.515499999999989,15.602000000000004,661.5000000000005,-0.03971625094482235,-0.02043159486016626,0.023585789871504146,-0.03656220710506422
LLLLYLLAALLTVLFSLLILI_2,110011001100110000,1,-70.6491,-74.3273,-74.3273,-239.76,-228.754,-244.068,-359.051,4583.53,3730.73,3708.09,-24.1859,-8.92133,-72.827,-64.8908,-40.6551,-43.2397,104.696,23.9093,9.09391,7.11991,7.19035,-2.26945,-43.0836,88.7124,20.2021,-360.372,9.3861,4.93871,4.7694,2,LLLLYLLAALLTVLFSLLILI,LYLLAALLTVLFSLL,0.2232952809149135,0.0744779990513031,L,99999900.0,-32.1719,3.6781999999999897,4.308000000000021,852.7999999999997,-0.03772502345215761,0.004313086303939952,0.0050515947467167244,-0.028360576923076933
LLLLFALLALLAVLTSLLILI_2,110011001100110000,1,-74.1865,-74.1865,-74.1865,-231.418,-231.135,-236.197,-360.482,4468.54,3665.42,3658.74,-24.1801,-19.6688,-79.0575,-74.829,-50.0979,-45.1719,103.959,15.7776,9.3986,7.31021,7.36959,-5.70713,-51.6346,81.3081,19.4931,-365.505,9.3325,5.22178,4.9414,2,LLLLFALLALLAVLTSLLILI,LFALLALLAVLTSLL,0.2860118248887834,0.0292305076438856,L,99999900.0,-28.959600000000002,0.0,4.778999999999996,803.1199999999999,-0.03605887040541887,0.0,0.005950542882757243,-0.030107704950692305
LLLAGLLFLLLGALLGTLILI_0,110011001100110000,1,-65.8324,-65.3444,-58.8129,-219.877,-212.114,-231.481,-336.799,4488.17,3659.66,3658.13,-24.1686,-15.0836,-75.2579,-74.4239,-46.5051,-71.3052,64.7432,-37.142,6.98117,5.93611,5.40725,-14.2341,-67.743,51.6604,-38.5819,-351.883,7.1139,3.6356,2.91051,0,LLLAGLLFLLLGALLGTLILI,AGLLFLLLGALLGTL,0.272064929547327,0.0553994872599293,G,99999900.0,-28.752800000000008,-7.019500000000008,11.603999999999985,828.5100000000002,-0.034704228072081206,-0.008472438473886864,0.014005865952130912,-0.029171162689647676
LLLLYLLLAVLTALLLSLILI_0,110011001100110000,1,-74.0713,-74.0895,-74.0713,-228.139,-215.847,-243.377,-376.512,4555.55,3639.92,3662.99,-24.1614,-5.28533,-98.4636,-91.8603,-59.0639,-11.7588,106.504,22.5934,8.96868,2.64184,2.7394,-5.14813,-14.7531,87.3716,27.6992,-381.797,9.2159,0.508126,0.318699,0,LLLLYLLLAVLTALLLSLILI,LYLLLAVLTALLLSL,0.2911824309826391,0.0450534509207519,L,99999900.0,-39.3997,0.0,15.238,915.6300000000001,-0.04303015410154756,0.0,0.01664209342201544,-0.026387733036270105
LLLFALLLVLITLLLSLLILI_0,110011001100110000,1,-70.6649,-70.6649,-74.2921,-236.609,-225.726,-247.12,-382.561,4612.93,3697.62,3716.59,-24.1444,-10.4727,-99.4316,-96.6425,-61.1489,-106.59,32.6713,19.2541,9.40029,6.8991,5.88916,-9.85795,-112.369,10.849,18.0897,-393.034,9.5,4.81996,3.48269,0,LLLFALLLVLITLLLSLLILI,FALLLVLITLLLSLL,0.5472431660052249,0.0686243631185954,L,99999900.0,-38.282700000000006,3.627200000000002,10.510999999999996,915.3100000000004,-0.041824846226961344,0.003962810413958113,0.011483541095366588,-0.026378385465033693
LLLLYVLLLILATLLFSLILI_2,110011001100110000,1,-74.2185,-74.2185,-74.2185,-242.936,-220.79,-247.242,-365.792,4623.9,3724.48,3560.17,-24.1438,55.9536,-72.7807,-14.8294,-44.3312,-53.5648,89.0994,18.4044,9.92113,6.56313,6.39962,49.8446,-62.5739,62.4261,19.1703,-283.539,9.1885,4.31361,3.75,2,LLLLYVLLLILATLLFSLILI,LYVLLLILATLLFSL,0.3040757924268372,0.0416037736381917,L,99999900.0,-28.449499999999993,0.0,4.305999999999983,899.4199999999996,-0.03163093993907185,0.0,0.004787529741388879,-0.026843743745969637
LLLLVTLLIILLYLLSLLILI_1,110011001100110000,1,-60.2847,-51.1291,-60.4369,-244.719,-232.409,-252.52,-384.008,4656.07,3757.05,3618.32,-24.1355,9208.15,-103.139,9107.68,-71.0508,-4.89692,111.12,25.9925,10.0686,2.23568,2.40247,7164.88,-12.5847,91.0213,18.8903,8803.69,8.9604,0.675581,0.540901,1,LLLLVTLLIILLYLLSLLILI,LVTLLIILLYLLSLL,0.4147597696672636,0.1120114367647749,L,99999900.0,-32.0882,0.15220000000000056,7.801000000000016,899.0199999999995,-0.03569242063580345,0.0001692954550510563,0.008677226313096505,-0.02684645502880916
LLLLLALLTVLIALLSFLILI_1,110011001100110000,1,-70.5055,-72.6578,-74.2378,-241.227,-239.694,-241.966,-372.15,4543.55,3891.26,3727.68,-24.1236,-15.2406,-84.5416,-75.0389,-55.9466,-8.33743,112.46,26.1112,9.04799,2.93271,3.11961,-6.84876,-9.3919,97.4601,25.3594,-379.028,9.3474,1.0659,1.0278,1,LLLLLALLTVLIALLSFLILI,LLALLTVLIALLSFL,0.4403905416911453,0.0542856083108337,L,99999900.0,-28.595000000000006,3.732299999999995,0.7390000000000043,652.29,-0.04383786352695888,0.005721841512210819,0.0011329316714958138,-0.036982937037207377
LLLYALLALLLGTLLGSLILI_0,110011001100110000,1,-77.8854,-83.9993,-74.1108,-226.602,-219.367,-240.054,-358.975,4558.46,3580.59,3544.03,-24.1216,118021.0,-78.6088,117965.0,-44.8097,-73.8986,51.3236,-36.3204,7.00117,4.51347,3.78333,117829.0,-62.8637,50.8317,-39.7383,117662.0,6.5162,2.79183,2.05431,0,LLLYALLALLLGTLLGSLILI,YALLALLLGTLLGSL,0.1753196863078745,0.0380184978510217,G,99999900.0,-33.7991,-3.7746000000000066,13.451999999999998,977.8699999999999,-0.03456400134987269,-0.0038600222933518843,0.01375642979128105,-0.024667491588861508
LLLSALLILLLGTLLAFLILI_0,110011001100110000,1,-64.5932,-61.2156,-58.7724,-229.019,-227.421,-246.131,-358.568,4578.08,3785.76,3682.18,-24.1195,94.6217,-89.0755,24.6904,-53.6649,-56.4581,57.6859,-49.3208,7.04036,2.75631,2.1216,76.7,-58.1657,52.5749,-41.2091,-263.947,7.4407,2.32247,1.61109,0,LLLSALLILLLGTLLAFLILI,SALLILLLGTLLAFL,0.2601948489025902,0.0627881420582809,G,99999900.0,-35.4106,-5.820799999999998,17.111999999999995,792.3199999999997,-0.04469229604200325,-0.007346526655896608,0.02159733441033926,-0.030441614499192256
LLLLFVLLALLTILYSLLILI_0,110011001100110000,1,-74.3828,-74.2659,-74.2659,-252.81,-237.845,-246.225,-367.249,4550.24,3931.99,3838.73,-24.1189,-9.15603,-64.1751,-64.2945,-46.7577,-41.7668,76.1382,33.3448,9.40878,3.04368,2.68575,-8.52411,-41.1626,59.5701,26.296,-376.405,9.4713,0.716349,0.1099,0,LLLLFVLLALLTILYSLLILI,LFVLLALLTILYSLL,0.0875377992127409,0.0461581805905319,L,99999900.0,-17.4174,-0.11690000000000111,-6.585000000000008,618.25,-0.028172098665588355,-0.0001890820865345752,-0.010651031136271747,-0.039011564900930044
LLLAALLYLLTSLLFVLLILI_1,110011001100110000,1,-74.1053,-74.1206,-74.2004,-230.882,-227.962,-246.44,-363.71,4630.34,3632.03,3682.98,-24.1006,-0.810521,-82.8235,-62.4386,-43.0702,-101.475,47.966,20.3664,8.82313,8.19671,7.4162,-2.2559,-98.844,36.4587,23.6923,-372.365,8.9895,6.24852,5.2954,1,LLLAALLYLLTSLLFVLLILI,AALLYLLTSLLFVLL,0.7862895109289546,0.0537934680359314,L,99999900.0,-39.753299999999996,0.09510000000000218,15.557999999999993,998.31,-0.03982059680860654,9.526099107491881e-05,0.015584337530426415,-0.024141398964249584
LLLYILLATLLTLLLSFLILI_0,110011001100110000,1,-85.5055,-83.0791,-87.9796,-245.058,-225.575,-253.494,-378.806,4648.95,4032.29,3843.32,-24.0959,5.65147,-72.3388,-64.5005,-37.3329,-71.0697,85.1753,-44.6028,8.39173,8.65913,8.43676,5.04577,-75.8048,61.5652,-37.9995,-373.155,8.5023,6.18202,5.6055,0,LLLYILLATLLTLLLSFLILI,YILLATLLTLLLSFL,0.213597962223203,0.0777155393571972,R,99999900.0,-35.005900000000004,2.474100000000007,8.436000000000007,616.6599999999999,-0.0567669380209516,0.004012097428080316,0.013680147893490755,-0.03907485486329583
LLLAALLTVLLSLLYLLLILI_2,110011001100110000,1,-70.6852,-70.6457,-74.3339,-242.127,-228.184,-245.428,-382.87,4574.71,3751.65,3650.83,-24.0875,1100.82,-94.1451,1016.78,-63.1076,-94.1563,57.2484,25.0829,9.46435,8.35197,7.7107,35.5903,-97.9457,30.4483,18.4225,-342.903,9.4224,5.30238,4.2591,2,LLLAALLTVLLSLLYLLLILI,AALLTVLLSLLYLLL,0.207919683387795,0.0264921230455418,L,99999900.0,-31.0375,3.648700000000005,3.3009999999999877,823.06,-0.03770988749301388,0.0044330911476684635,0.004010643209486535,-0.0292657886423833
LLLAGLLFLLLGTLLSALILI_2,110011001100110000,1,-73.2931,-75.1637,-74.1054,-221.297,-216.155,-234.647,-353.71,4519.9,3613.25,3634.42,-24.0765,-8.86953,-83.1962,-71.2615,-44.9577,-72.4875,62.6687,-33.2892,7.1467,5.8334,5.27343,-14.0316,-64.7067,61.3173,-36.5921,-368.494,7.395,4.48384,3.9036,2,LLLAGLLFLLLGTLLSALILI,AGLLFLLLGTLLSAL,0.2410804214967778,0.0473031439050778,G,99999900.0,-38.2385,0.8123000000000076,13.349999999999994,906.6499999999996,-0.042175591463078387,0.0008959355870512412,0.014724535377488556,-0.026555451386974037
LLLALLLTILVALLLSLLILI_2,110011001100110000,1,-73.9223,-70.4896,-74.1594,-233.764,-224.143,-241.348,-392.575,4509.72,3581.69,3645.8,-24.0534,47.5722,-108.942,-50.3701,-77.0675,-106.483,27.8201,22.111,9.18582,6.22815,5.14545,-3.65276,-108.506,6.15667,24.8812,-396.071,9.4921,3.60705,2.1994,2,LLLALLLTILVALLLSLLILI,ALLLTILVALLLSLL,0.4284729836565514,0.0446689465634727,L,99999900.0,-31.874499999999998,0.2370999999999981,7.584000000000003,928.0300000000002,-0.03434641121515467,0.0002554874303632405,0.008172149607232526,-0.02591877417755891
LLLYALLAILLTLLLSVLILI_0,110011001100110000,1,-71.5628,-71.1943,-74.2627,-241.63,-233.53,-249.089,-378.054,4628.26,3926.73,3875.33,-24.0469,-13.6127,-88.909,-86.9434,-54.703,-70.3829,67.2016,-33.3708,8.34101,6.12964,5.63767,-14.1804,-76.3191,47.1656,-35.0895,-391.667,8.6159,4.31522,3.5227,0,LLLYALLAILLTLLLSVLILI,YALLAILLTLLLSVL,0.3784557780234142,0.0221835783962967,R,99999900.0,-34.206,2.6998999999999995,7.459000000000003,701.5300000000002,-0.04875914073525009,0.00384858808604051,0.010632474733796133,-0.03427779282425555
LLLLWVLLFLLAILTSLLILI_2,110011001100110000,1,-74.2441,-74.3808,-74.2268,-236.8,-225.009,-250.194,-379.067,4607.68,3641.41,3582.35,-24.0444,2.89578,-92.0672,-76.7812,-54.6462,-51.882,76.2754,20.6772,9.03065,4.57948,4.22361,-6.58518,-59.9714,54.2759,21.2659,-386.015,9.1374,2.82296,2.1371,2,LLLLWVLLFLLAILTSLLILI,LWVLLFLLAILTSLL,0.1477890436057235,0.0331670933452101,L,99999900.0,-37.421,-0.017300000000005866,13.393999999999977,966.2700000000004,-0.038727270845622844,-1.790389849628557e-05,0.013861550084344925,-0.024883728150516926
LLLLFLLLAILAVLLSTLILI_0,110011001100110000,1,-74.2356,-74.2356,-74.2356,-232.766,-218.84,-237.441,-367.383,4547.45,3686.13,3699.07,-24.0283,-6.01988,-84.4098,-80.3274,-55.707,-56.7571,82.8183,21.0847,9.38677,6.19405,5.93632,-6.23209,-63.2471,63.3749,18.87,-373.403,9.5,4.54268,3.9933,0,LLLLFLLLAILAVLLSTLILI,LFLLLAILAVLLSTL,0.2324335002542227,0.0398106877768158,L,99999900.0,-28.702800000000003,0.0,4.675000000000011,861.3199999999997,-0.033324200065016504,0.0,0.005427715599312698,-0.027897064970045987
LLLSYLLFVLLATLLILLILI_0,110011001100110000,1,-73.4473,-77.3877,-58.8523,-239.273,-237.698,-257.251,-365.974,4664.59,3774.26,3760.42,-24.0279,-1.87898,-77.2815,-52.7672,-49.8713,-65.8137,53.5397,-47.7411,9.07951,3.59991,2.903,-0.970016,-63.2608,50.7505,-44.6742,-367.853,8.5537,2.84044,2.1017,0,LLLSYLLFVLLATLLILLILI,SYLLFVLLATLLILL,0.3099426392890786,0.0944480852162486,R,99999900.0,-27.410199999999996,-14.594999999999999,17.97799999999998,890.3299999999999,-0.030786562285893992,-0.016392798175957228,0.020192512888479532,-0.026987633798703854
LLLLTYLLAVLFILLLSLILI_0,110011001100110000,1,-60.4638,-60.4638,-60.4638,-233.36,-221.891,-246.982,-359.542,4668.62,3649.05,3567.62,-24.0146,41.805,-89.733,-35.3826,-52.0963,-55.0884,81.5482,16.917,9.90646,5.77226,5.49549,42.0802,-61.1862,61.8698,21.1994,-317.737,9.5,4.03035,3.4584,0,LLLLTYLLAVLFILLLSLILI,LTYLLAVLFILLLSL,0.243594480160343,0.0258120953847354,L,99999900.0,-37.636700000000005,0.0,13.621999999999986,1019.5699999999997,-0.036914287395666816,0.0,0.013360534342909255,-0.02355365497219417
LLLYGLLALLLGTLLSFLILI_0,110011001100110000,1,-82.4038,-81.9442,-74.0321,-222.748,-221.613,-245.344,-352.125,4635.3,3978.36,3679.84,-24.0091,-22.8221,-70.9826,-71.3899,-32.7488,-73.6593,59.3328,-45.3591,7.23709,5.55882,4.94881,-22.6112,-72.8398,58.7702,-43.8998,-374.947,7.2749,5.35995,4.7415,0,LLLYGLLALLLGTLLSFLILI,YGLLALLLGTLLSFL,0.231900132476661,0.040467117116174,G,99999900.0,-38.2338,-8.371700000000004,22.596000000000004,656.94,-0.05819983560142478,-0.012743477334307552,0.03439583523609462,-0.03654686881602581
LLLLIYLLAILFVLLLSLILI_1,110011001100110000,1,-60.4159,-60.4159,-60.4159,-239.043,-224.279,-247.288,-363.225,4646.47,3690.31,3548.66,-23.9809,65.3716,-87.7479,-13.159,-55.522,-48.0517,89.8574,20.3089,9.52203,5.8385,5.68636,65.0303,-57.8356,61.3017,20.1938,-290.597,9.2739,3.45107,2.8706,1,LLLLIYLLAILFVLLLSLILI,LIYLLAILFVLLLSL,0.2124414574798899,0.0535979014555559,L,99999900.0,-32.2259,0.0,8.245000000000005,956.1600000000003,-0.03370345967202141,0.0,0.008623033801874165,-0.025080425870147246
LLLLIALLWLLTALLSVLILI_0,110011001100110000,1,-70.8538,-68.5715,-74.1596,-235.102,-221.05,-245.609,-384.151,4589.03,3702.39,3652.05,-23.9795,-5.85453,-102.174,-100.384,-64.3817,-45.2409,86.9271,19.6925,9.55768,5.02131,4.82521,3.25288,-46.4232,73.5428,21.0786,-390.005,9.1869,3.39176,2.9949,0,LLLLIALLWLLTALLSVLILI,LIALLWLLTALLSVL,0.8452241669749333,0.0809325566365568,L,99999900.0,-37.79230000000001,3.3057999999999907,10.507000000000005,886.6399999999999,-0.042624176666967446,0.0037284579987367943,0.011850356401696299,-0.027045362266534336
LLLYFLLATLLGVLLALLILI_2,110011001100110000,1,-65.9177,-66.6539,-58.756,-225.77,-224.163,-246.669,-342.795,4700.93,3792.16,3755.58,-23.9593,-21.8474,-75.0674,-73.8262,-37.3706,-69.124,53.472,-38.7145,7.14205,4.08732,3.3894,-22.1847,-67.743,51.6604,-38.5819,-365.27,7.1139,3.6356,2.91051,2,LLLYFLLATLLGVLLALLILI,YFLLATLLGVLLALL,0.3928138979895511,0.0669728852120214,G,99999900.0,-37.6968,-7.161699999999996,20.899,908.7700000000004,-0.04148112283636122,-0.00788065187011014,0.0229970179473354,-0.026364536681448537
LLLYFLLAVLLGLLLGSLILI_0,110011001100110000,1,-63.8555,-62.1583,-60.2613,-224.477,-218.734,-244.382,-341.778,4689.61,3547.51,3535.76,-23.9386,-13.1808,-77.3847,-74.0664,-37.1351,-72.6753,42.234,-37.8073,7.33155,3.10289,2.2364,-14.6225,-72.2097,37.011,-35.0,-354.959,7.3038,2.32794,1.3831,0,LLLYFLLAVLLGLLLGSLILI,YFLLAVLLGLLLGSL,0.2725816968818078,0.1347455453457376,G,99999900.0,-40.249599999999994,-3.5942000000000007,19.905,1142.0999999999995,-0.03524174765782332,-0.0031470098940548133,0.01742842132913056,-0.02096016110673322
LLLLALLVALLSTLLIALILI_0,110011001100110000,1,-77.2352,-76.9446,-74.3231,-234.203,-217.184,-237.465,-380.033,4516.84,3755.66,3789.2,-23.9368,-5.9364,-92.5324,-91.8407,-68.2453,-55.302,99.5948,-45.105,7.89777,8.24059,8.23451,-5.934,-61.8682,69.5584,-44.3006,-385.97,8.0,5.17062,4.714,0,LLLLALLVALLSTLLIALILI,LALLVALLSTLLIAL,0.4342138164215332,0.0156290399256682,R,99999900.0,-24.287099999999995,-2.9121000000000095,3.2620000000000005,761.1800000000003,-0.03190717044588663,-0.0038257705142016453,0.004285451535773403,-0.03144696392443311
LLLLAILTFLLAVLLSLLILI_2,110011001100110000,1,-74.2109,-74.2109,-74.2109,-236.079,-226.672,-241.791,-371.069,4556.53,3628.03,3610.83,-23.9325,4891.65,-84.7114,4821.47,-55.067,-58.1928,63.6961,18.7133,9.39394,3.82788,3.28332,2378.13,-65.6186,40.6094,22.7525,4514.1,8.6996,1.82506,0.934201,2,LLLLAILTFLLAVLLSLLILI,LAILTFLLAVLLSLL,0.4812304987079949,0.0542244037739983,L,99999900.0,-29.644399999999997,0.0,5.711999999999989,928.4999999999995,-0.03192719439956921,0.0,0.006151857835218085,-0.02577544426494347
LLLYSLLAALLGALLTLLILI_0,110011001100110000,1,-68.8063,-66.4273,-58.8315,-220.388,-216.059,-243.54,-352.137,4602.78,3732.6,3714.76,-23.9147,180.659,-86.8573,111.009,-49.7658,-56.7118,81.0271,-46.2185,6.86668,5.94542,5.66083,149.481,-60.6829,69.0631,-38.9844,-171.478,7.1168,4.92595,4.4619,0,LLLYSLLAALLGALLTLLILI,YSLLAALLGALLTLL,0.5299455416607328,0.0675933625092215,G,99999900.0,-37.091499999999996,-9.974799999999995,23.151999999999987,870.1799999999998,-0.04262508906203315,-0.011462915718586954,0.02660598956537727,-0.027482474890252597
LLLTFLLAVLLGALLGSLILI_2,110011001100110000,1,-68.496,-67.922,-60.2706,-222.499,-218.265,-236.63,-340.94,4507.33,3679.16,3569.02,-23.9055,17830.8,-73.8513,17776.1,-44.04,-67.0981,57.112,-46.4329,7.21253,4.27484,3.63152,10057.6,-62.877,50.983,-41.0408,17489.9,7.3408,2.81426,2.07901,2,LLLTFLLAVLLGALLGSLILI,TFLLAVLLGALLGSL,0.5284444461623362,0.029930615595594,G,99999900.0,-29.811299999999996,-8.225399999999993,14.131,828.1700000000001,-0.03599659490201286,-0.009932018788412999,0.017062921863868527,-0.028865450330246203
LLLFLLLTILVILLLSLLILI_0,110011001100110000,1,-74.0928,-70.4896,-74.1594,-246.941,-224.911,-250.019,-389.845,4667.87,3738.65,3703.99,-23.8922,39.0419,-92.7034,-55.402,-65.6663,-107.354,30.5392,28.5993,10.1624,6.72593,5.68402,36.9467,-108.506,6.15667,24.8812,-350.803,9.4921,3.60705,2.1994,0,LLLFLLLTILVILLLSLLILI,FLLLTILVILLLSLL,0.1586350169924688,0.0731481577818776,L,99999900.0,-27.037099999999995,0.06660000000000821,3.078000000000003,929.2199999999998,-0.02909655409913691,7.167301607800975e-05,0.003312455607929235,-0.025712102623705907
LLLLYLLAALLVALLSTLILI_2,110011001100110000,1,-80.6163,-74.2471,-74.2471,-232.463,-226.013,-237.904,-364.415,4567.23,3900.66,3912.23,-23.8783,-13.8969,-75.2144,-78.0516,-52.2642,-20.4947,103.456,-45.4019,8.93831,3.54076,3.5926,-12.41,-18.5428,92.2619,-41.0527,-383.601,8.8427,1.73677,1.6207,2,LLLLYLLAALLVALLSTLILI,LYLLAALLVALLSTL,0.3429071869387314,0.0181278445319813,R,99999900.0,-22.950199999999995,-6.369199999999992,5.4410000000000025,666.5699999999997,-0.03443029239239691,-0.009555185501897767,0.00816268358912043,-0.035822644283421114
LLLVALLLLLTSLLFSLLILI_2,110011001100110000,1,-89.5462,-89.466,-89.5892,-229.545,-224.003,-244.552,-391.905,4611.53,3667.49,3619.09,-23.8777,-19.4632,-96.6907,-97.8985,-57.7637,-104.776,34.8395,18.7769,8.92145,6.91972,5.94231,-16.7834,-105.074,23.0939,18.9375,-408.093,8.8078,5.37878,4.22519,2,LLLVALLLLLTSLLFSLLILI,VALLLLLTSLLFSLL,0.4050312630317787,0.0831749316496161,L,99999900.0,-38.92700000000001,0.043000000000006366,15.007000000000005,944.04,-0.04123448158976315,4.554891741876019e-05,0.015896572179144957,-0.025293101987203935
LLLSYLLVALLATLLSLLILI_2,110011001100110000,1,-92.844,-83.0214,-74.0414,-233.192,-230.64,-251.495,-381.597,4573.69,3873.31,3859.69,-23.8726,-10.0863,-79.4334,-78.0214,-56.0608,-64.5344,59.7557,-48.2176,8.14839,4.24718,3.64352,-8.78931,-64.4175,49.7905,-41.0526,-396.441,8.2396,2.88434,2.1312,2,LLLSYLLVALLATLLSLLILI,SYLLVALLATLLSLL,0.5095230372009554,0.0603342413630418,R,99999900.0,-23.372600000000006,-18.802599999999998,18.302999999999997,700.3799999999997,-0.03337131271595422,-0.026846283446129254,0.026132956395099813,-0.0340852108855193
LLLLLLLLFVLITLLSILILI_1,110011001100110000,1,-74.1441,-74.1441,-74.1441,-250.101,-249.568,-249.616,-391.446,4573.36,3740.11,3592.61,-23.8648,86.4765,-91.0653,18.7427,-67.6857,-48.6518,80.7091,24.6538,10.5275,4.6935,4.40414,64.5777,-54.4487,65.1033,28.0,-309.24,9.5,3.45625,2.9328,1,LLLLLLLLFVLITLLSILILI,LLLLLFVLITLLSIL,0.2204909811214151,0.0901158697527092,L,99999900.0,-23.379599999999996,0.0,-0.4849999999999852,833.2499999999995,-0.028058325832583268,0.0,-0.0005820582058205647,-0.028640624062406254
LLLYLLLAVLITLLASLLILI_2,110011001100110000,1,-70.7151,-70.7151,-74.2762,-240.293,-222.885,-248.071,-376.109,4625.52,3784.34,3804.28,-23.8537,-0.584182,-88.9547,-83.0929,-53.7621,-103.153,44.5833,21.1742,9.19732,7.99176,7.16051,-0.810792,-110.96,14.1167,21.5291,-379.007,9.2522,5.04976,3.76151,2,LLLYLLLAVLITLLASLLILI,YLLLAVLITLLASLL,0.4096371491009995,0.0862698338537496,L,99999900.0,-35.192600000000006,3.561099999999996,7.777999999999992,841.1800000000003,-0.041837181102736626,0.004233457761715679,0.009246534629924617,-0.02835742647233647
LLLLAALLLVLTFLLSILILI_2,110011001100110000,1,-74.199,-74.2235,-74.2317,-237.376,-233.179,-243.068,-372.247,4556.94,3673.91,3716.54,-23.8419,-14.7061,-84.5136,-79.5507,-54.9472,-11.7131,106.802,24.9646,9.4182,2.67518,2.7772,-9.87715,-17.4445,89.7935,23.3036,-382.121,9.5,1.2388,1.0857,2,LLLLAALLLVLTFLLSILILI,LAALLLVLTFLLSIL,0.4134280416524787,0.0607090318311083,L,99999900.0,-29.566399999999994,0.0327000000000055,5.692000000000007,883.0299999999997,-0.03348289412590739,3.703158443088628e-05,0.006445987112555642,-0.02700010192179202
LLLVSLLAFLIALLLTLLILI_1,110011001100110000,1,-65.4944,-60.2308,-58.8383,-226.132,-224.363,-242.532,-361.626,4571.25,3767.5,3681.81,-23.8374,-5.28926,-93.8367,-82.321,-60.2552,-105.109,19.7468,21.6301,9.31,4.93214,3.72834,-10.2606,-108.506,6.15667,24.8812,-374.734,9.4921,3.60705,2.1994,1,LLLVSLLAFLIALLLTLLILI,VSLLAFLIALLLTLL,0.353456364036096,0.0574719934623028,L,99999900.0,-33.58149999999999,-6.656100000000002,16.400000000000006,803.75,-0.041781026438569194,-0.008281306376360811,0.02040435458786937,-0.029657729393468116
LLLLAYLLALLALLTSLLILI_1,110011001100110000,1,-74.2856,-74.2856,-74.2563,-229.078,-226.796,-239.624,-372.658,4582.37,3555.18,3570.99,-23.7623,485.8,-93.0565,414.224,-58.7777,-54.0272,63.828,20.8781,8.67652,3.22085,2.67827,458.78,-61.6131,39.1869,24.371,94.6931,8.5022,1.0322,0.120004,1,LLLLAYLLALLALLTSLLILI,LAYLLALLALLTSLL,0.4242761098724192,0.0052427124368891,L,99999900.0,-34.2788,-0.02930000000000632,10.545999999999992,1027.19,-0.03337143079663937,-2.852442099320118e-05,0.010266844498096742,-0.023133305425481164
LLLTGLLFGLLFALLVLLILI_2,110011001100110000,1,-45.6733,-45.8314,-45.0108,-225.229,-224.82,-245.45,-329.364,4681.11,3602.07,3558.21,-23.7566,-23.6631,-82.2181,-82.3756,-38.9026,-71.6453,70.4469,-41.2862,7.07992,6.75713,6.31383,-23.0374,-68.8165,69.6202,-43.3499,-352.456,7.0847,6.2212,5.7655,2,LLLTGLLFGLLFALLVLLILI,TGLLFGLLFALLVLL,0.4164416352602151,0.1039329714672162,G,99999900.0,-43.31550000000001,-0.6624999999999943,20.220999999999975,1079.0399999999995,-0.04014262677935945,-0.0006139716785290579,0.018739805753262145,-0.02201642200474497
LLLFVLLATLLAYLLSLLILI_1,110011001100110000,1,-77.5912,-77.9145,-74.0031,-237.009,-235.111,-243.745,-361.408,4662.46,3752.17,3788.58,-23.7492,-20.8592,-70.5562,-69.241,-43.6599,-70.9352,65.1294,-35.6129,8.51052,5.93276,5.4097,-17.8426,-66.8884,60.5156,-36.0695,-379.326,8.5071,4.70287,4.1106,1,LLLFVLLATLLAYLLSLLILI,FVLLATLLAYLLSLL,0.3759790648697487,0.0088729346568332,R,99999900.0,-26.896300000000004,-3.588099999999997,6.736000000000018,910.29,-0.029546957562974444,-0.003941710883344865,0.007399839611552383,-0.026089707675575915
LLLYSLLVALLFALLTLLILI_1,110011001100110000,1,-61.0131,-61.1196,-58.8685,-235.124,-227.912,-250.119,-349.475,4753.58,3861.75,3752.36,-23.7476,45923.2,-77.0856,45862.7,-40.4879,-40.0121,79.4185,-43.2963,8.34026,3.22331,2.91459,45158.9,-40.2159,66.0014,-36.8044,45561.2,8.4291,1.44258,0.932602,1,LLLYSLLVALLFALLTLLILI,YSLLVALLFALLTLL,0.3808641760512445,0.0818057662718646,R,99999900.0,-36.597699999999996,-2.144600000000004,14.995000000000005,891.8299999999999,-0.0410366325420764,-0.0024047183880335984,0.016813742529405835,-0.026627944787683752
LLLLYVLLALLFTLLSILILI_1,110011001100110000,1,-74.1368,-70.5116,-74.1368,-234.872,-231.509,-248.135,-367.515,4578.28,3706.13,3718.62,-23.7458,-14.4625,-82.2519,-79.957,-45.2438,-50.3468,78.9634,22.2003,9.53931,4.71208,4.39653,-3.44975,-53.8932,62.0075,22.5561,-372.914,9.1861,2.95499,2.3851,1,LLLLYVLLALLFTLLSILILI,LYVLLALLFTLLSIL,0.2699083439809673,0.050845495299273,L,99999900.0,-37.008100000000006,0.0,13.262999999999977,872.1499999999996,-0.04243318236541882,0.0,0.015207246459897933,-0.027226738519750052
LLLVALLTILAALLFSLLILI_2,110011001100110000,1,-74.2306,-74.2306,-74.2306,-233.328,-232.891,-238.508,-363.157,4511.17,3727.11,3667.74,-23.7363,-23.2409,-79.3351,-79.2764,-50.4193,-100.764,17.4157,26.7123,9.28148,3.96568,2.72691,-16.216,-103.723,3.9343,27.5002,-379.79,9.1841,2.58958,1.14859,2,LLLVALLTILAALLFSLLILI,VALLTILAALLFSLL,0.4541451584555679,0.0247602644828715,L,99999900.0,-28.915799999999997,0.0,5.180000000000007,784.06,-0.03687957554268806,0.0,0.006606637247149462,-0.030273576001836597
LLLLALLTVLLYILFSLLILI_1,110011001100110000,1,-74.3449,-74.3449,-74.3449,-248.225,-245.576,-249.424,-371.569,4604.32,3796.05,3892.36,-23.7231,125.871,-72.7223,74.2228,-47.8007,-91.773,38.4827,21.678,9.11344,5.46111,4.53835,-6.77835,-88.8359,29.3021,25.9499,-378.294,9.3794,3.78117,2.7207,1,LLLLALLTVLLYILFSLLILI,LALLTVLLYILFSLL,0.8501831172959244,0.1160979208686331,L,99999900.0,-24.921600000000005,0.0,1.1990000000000123,808.2699999999995,-0.0308332611627303,0.0,0.001483415195417389,-0.02935046457248198
LLLYTLLAALVALLLSLLILI_2,110011001100110000,1,-65.3262,-64.1608,-60.363,-234.147,-230.996,-245.156,-333.412,4594.35,3697.83,3666.95,-23.7148,52.963,-57.6536,14.7074,-27.8926,-109.298,14.9645,24.481,9.78962,4.91483,3.6393,48.4715,-107.84,2.594,18.2142,-283.87,9.3464,3.02619,1.5651,2,LLLYTLLAALVALLLSLLILI,YTLLAALVALLLSLL,0.3863195556192704,0.0283341980891386,L,99999900.0,-29.760999999999996,-4.9632000000000005,11.009000000000015,896.5200000000004,-0.03319613617097218,-0.005536072814884217,0.012279703743363237,-0.02645205907285949
LLLLFALLLALTVLLSILILI_0,110011001100110000,1,-74.0535,-74.0293,-74.2251,-231.694,-221.793,-242.763,-368.029,4537.9,3645.29,3579.91,-23.7132,-14.0216,-85.9939,-86.2278,-51.0402,-56.5388,74.2767,19.9454,9.30745,5.00817,4.62232,-14.5869,-61.0233,60.9634,18.806,-382.05,9.3641,3.88355,3.298,0,LLLLFALLLALTVLLSILILI,LFALLLALTVLLSIL,0.4910381685172711,0.045678236849579,L,99999900.0,-34.9537,0.17159999999999798,11.069000000000017,892.6099999999997,-0.03915898320655158,0.00019224521347508772,0.012400712517224792,-0.02656613750686191
LLLLYALLLLLTVLFILLILI_2,110011001100110000,1,-58.8963,-58.6797,-58.9757,-237.675,-221.251,-250.424,-362.467,4671.0,3708.63,3734.74,-23.7063,27.4855,-89.6012,-55.0504,-53.0674,-56.0337,93.4842,24.0164,9.58889,7.52541,7.42768,30.4617,-63.0338,71.0042,23.361,-319.418,9.4488,5.54064,5.1057,2,LLLLYALLLLLTVLFILLILI,LYALLLLLTVLFILL,0.2004463659802999,0.0675155899208512,L,99999900.0,-36.53380000000001,0.0794000000000068,12.748999999999995,962.3699999999999,-0.03796232218377548,8.25046499787055e-05,0.01324750355892224,-0.02463324916612114
LLLLFLLLAILLVLLSTLILI_0,110011001100110000,1,-74.2356,-74.157,-74.2356,-237.201,-222.138,-245.242,-380.716,4562.32,3695.69,3619.82,-23.7035,-9.93003,-92.9835,-94.3519,-61.2386,-58.4323,83.2692,16.7686,9.58688,6.50618,6.25522,-9.44746,-63.2471,63.3749,18.87,-390.646,9.5,4.54268,3.9933,0,LLLLFLLLAILLVLLSTLILI,LFLLLAILLVLLSTL,0.2468625390903583,0.0428991783522428,L,99999900.0,-31.74490000000001,0.0,8.040999999999997,866.6299999999997,-0.036630280511867834,0.0,0.009278469473708502,-0.027351349480170324
LLLYALLTALLGGLLFLLILI_2,110011001100110000,1,-66.6649,-65.9949,-58.7888,-223.338,-223.124,-242.275,-335.029,4669.44,3935.65,3780.96,-23.6982,-23.1893,-68.724,-69.0998,-33.9657,-46.7143,65.5595,-45.0258,6.52602,2.35767,1.84107,-21.6459,-45.1876,67.311,-43.6659,-357.138,6.6072,2.36513,1.8748,2,LLLYALLTALLGGLLFLLILI,YALLTALLGGLLFLL,0.2429701187461775,0.0623313920013201,G,99999900.0,-34.758300000000006,-7.876100000000001,18.937000000000012,733.7899999999995,-0.04736818435792261,-0.01073345235012743,0.025807111026315464,-0.03229561591190942
LLLTYLLAVLLGLLLAALILI_0,110011001100110000,1,-56.3125,-52.7731,-44.9868,-224.196,-222.419,-245.353,-349.922,4581.06,3687.28,3669.08,-23.6857,-16.9207,-93.0986,-91.6505,-59.5821,-66.6446,48.57,-47.7586,6.51072,3.05364,2.28219,-11.1535,-71.1566,42.8294,-43.0573,-366.842,7.0278,2.95546,2.0979,0,LLLTYLLAVLLGLLLAALILI,TYLLAVLLGLLLAAL,0.5266204633188437,0.0330048617925175,G,99999900.0,-33.51650000000001,-11.325699999999998,21.15700000000001,893.7800000000002,-0.037499720289109174,-0.012671686544787302,0.023671373268589594,-0.02650059298708854
LLLLYVLLATLLLLLFSLILI_0,110011001100110000,1,-74.2238,-74.2238,-74.2238,-245.633,-234.849,-248.158,-369.874,4611.53,3746.3,3573.37,-23.6604,-5.49706,-73.6781,-66.2983,-47.4921,-52.312,76.6256,28.793,9.7648,4.69125,4.34064,-3.76494,-51.9769,68.2057,27.0969,-375.371,8.9741,3.50431,3.0274,0,LLLLYVLLATLLLLLFSLILI,LYVLLATLLLLLFSL,0.5794669541526771,0.1043056567537369,L,99999900.0,-26.186,0.0,2.5249999999999773,865.2299999999996,-0.0302647850860465,0.0,0.0029182991805646805,-0.027345792448250767
LLLTALLAILLGLLLGFLILI_0,110011001100110000,1,-53.1173,-48.5954,-44.9626,-225.686,-224.234,-242.405,-346.384,4525.51,3795.95,3710.41,-23.6554,-10.4941,-91.2362,-84.0487,-59.0167,-58.4244,57.667,-43.6571,6.64905,3.04871,2.41372,-9.67086,-61.5471,48.1349,-42.0502,-356.879,7.2784,2.23028,1.4523,0,LLLTALLAILLGLLLGFLILI,TALLAILLGLLLGFL,0.2986521217932938,0.1139349415806787,G,99999900.0,-32.2195,-8.154699999999998,16.718999999999994,729.5600000000004,-0.04416292011623441,-0.011177559076703758,0.022916552442568103,-0.03242420088820657
LLLSSLLALLLGVLLGTLILI_2,110011001100110000,1,-78.4809,-84.143,-58.7566,-217.902,-215.045,-254.545,-376.616,4457.19,3483.67,3370.9,-23.6391,1647.73,-103.873,1570.3,-63.315,-73.0069,50.1636,-37.5176,7.07945,4.22312,3.47557,869.94,-66.9239,51.0441,-36.0241,1271.11,6.7893,3.42954,2.6952,2,LLLSSLLALLLGVLLGTLILI,SSLLALLLGVLLGTL,0.6170405332068527,0.0363522398628411,G,99999900.0,-40.55800000000001,-19.724300000000007,36.643,973.5199999999995,-0.04166118826526422,-0.02026080614676639,0.037639699235763026,-0.024282089736214985
LLLLYWLLILLVALLSFLILI_1,110011001100110000,1,-60.4892,-60.4892,-60.4892,-246.291,-233.804,-253.059,-358.425,4710.17,3944.05,3753.06,-23.6366,-10.6335,-75.2815,-74.7655,-44.8767,0.0658834,124.172,29.6607,9.92797,3.25334,3.61592,-1.67865,-7.46127,97.2494,27.9329,-360.904,9.5,0.747859,0.7066,1,LLLLYWLLILLVALLSFLILI,LYWLLILLVALLSFL,0.3182074080178201,0.1458935131930542,L,99999900.0,-30.404799999999994,0.0,6.768000000000001,766.1199999999999,-0.039686733148853966,0.0,0.008834125202318176,-0.03085234689082651
LLLLAILLALLFVLTILLILI_0,110011001100110000,1,-58.8361,-58.7098,-58.8416,-243.737,-232.811,-244.301,-366.514,4558.06,3737.29,3594.64,-23.6086,52.5528,-87.5493,-22.4407,-63.3717,-72.6708,38.8203,16.9972,10.6546,2.64136,1.72367,53.5933,-61.242,41.034,21.0547,-313.961,9.0349,1.22589,0.3414,0,LLLLAILLALLFVLTILLILI,LAILLALLFVLTILL,0.3479990316132472,0.0167912754048783,L,99999900.0,-24.177600000000005,0.00549999999999784,0.563999999999993,820.7700000000004,-0.029457217003545443,6.701024647584387e-06,0.0006871596184070966,-0.028763965544549613
LLLSYLLVFLLATLLSLLILI_1,110011001100110000,1,-92.1711,-88.7569,-74.0414,-236.062,-234.101,-256.868,-375.093,4638.32,3753.68,3809.39,-23.5961,-17.0285,-70.4559,-69.2638,-44.1836,-66.8676,50.5426,-43.7014,8.40209,3.35339,2.61153,-12.4437,-64.4175,49.7905,-41.0526,-393.637,8.2396,2.88434,2.1312,1,LLLSYLLVFLLATLLSLLILI,SYLLVFLLATLLSLL,0.4097461937541631,0.0464774629420108,R,99999900.0,-26.2723,-18.1297,20.805999999999983,884.6399999999999,-0.02969829535178152,-0.020493873213962746,0.023519171640441292,-0.026673109965635742
LLLYLLLFVLIALLLTLLILI_2,110011001100110000,1,-58.8554,-58.8554,-58.8554,-241.619,-234.458,-254.931,-366.31,4730.46,3837.57,3769.41,-23.5788,-15.0548,-89.4139,-88.0512,-52.5236,-100.34,44.5262,23.9563,9.6716,7.56209,6.72998,-8.36916,-105.122,22.7647,23.6466,-374.308,9.4707,5.34153,4.183,2,LLLYLLLFVLIALLLTLLILI,YLLLFVLIALLLTLL,0.2941067782170312,0.1280847928479427,L,99999900.0,-36.890299999999996,0.0,13.312000000000012,892.8899999999999,-0.04131561558534646,0.0,0.014908891352798232,-0.026407284211941006
LLLVLLLAILALLLTSLLILI_1,110011001100110000,1,-74.0893,-74.0893,-74.203,-234.626,-238.103,-240.572,-391.48,4543.44,3685.9,3682.86,-23.5683,46.6302,-106.334,-32.6582,-76.7055,-106.478,9.69987,19.5385,9.35595,3.78122,2.42672,-17.9257,-108.73,3.38007,19.3936,-410.401,9.4542,3.26581,1.81651,1,LLLVLLLAILALLLTSLLILI,VLLLAILALLLTSLL,0.4384719530737773,0.0517658899069785,L,99999900.0,-29.628500000000003,0.11370000000000857,5.945999999999998,857.5399999999995,-0.03455057490029622,0.0001325885672971624,0.006933787345196727,-0.027483615924621608
LLLVYLLLALLTALLSILILI_0,110011001100110000,1,-80.3225,-80.7707,-74.3056,-233.661,-230.262,-242.937,-377.035,4587.87,3759.04,3914.43,-23.5548,-20.1235,-86.6068,-86.1256,-59.7927,-20.7815,98.4789,-33.8428,7.91398,2.91188,2.88906,-19.6814,-22.038,89.8673,-35.0,-397.158,8.0,1.93779,1.7858,0,LLLVYLLLALLTALLSILILI,VYLLLALLTALLSIL,0.3811617252920385,0.0954735070616932,R,99999900.0,-26.814100000000003,-6.016900000000007,9.27600000000001,828.8299999999999,-0.032351748850789674,-0.007259510394170104,0.011191679837843721,-0.028419338103109204
LLLAYLLTILLGLLLGSLILI_1,110011001100110000,1,-79.2623,-82.3468,-74.0659,-224.748,-226.372,-241.708,-367.872,4543.8,3672.38,3498.19,-23.5545,51794.1,-87.4164,51735.0,-52.0983,-43.1904,68.0825,-47.8368,7.62374,2.1697,1.69094,32741.4,-48.1219,61.2568,-42.1281,51407.8,7.3101,1.98795,1.4068,1,LLLAYLLTILLGLLLGSLILI,AYLLTILLGLLLGSL,0.5122693108470378,0.0242030380264849,G,99999900.0,-35.318099999999994,-5.196399999999997,16.960000000000008,871.4200000000001,-0.04052936586261503,-0.005963140621055285,0.019462486516260823,-0.027030019967409516
LLLLYVLLALLATLLILLILI_1,110011001100110000,1,-58.8982,-58.8982,-58.8982,-240.858,-225.224,-245.127,-370.054,4574.63,3767.89,3724.63,-23.5524,94.4065,-93.8493,8.47505,-66.0283,-57.205,94.7494,19.1525,10.3242,7.87193,7.79317,91.4921,-59.5624,70.8383,23.7924,-279.464,9.4709,4.99753,4.5601,1,LLLLYVLLALLATLLILLILI,LYVLLALLATLLILL,0.3265166804117612,0.0670735797936489,L,99999900.0,-27.820999999999998,0.0,4.2690000000000055,806.7400000000002,-0.034485707910851066,0.0,0.005291667699630617,-0.02919453603391426
LLLLALLLFVLAYLLSLLILI_0,110011001100110000,1,-60.3388,-58.8062,-60.3616,-241.275,-237.437,-246.339,39439.1,4654.43,3652.03,3631.28,-23.5507,-4.19146,39717.2,39731.2,39745.8,-7.18364,100.85,25.5809,9.91942,1.19224,1.20499,-6.89881,-10.2137,94.2316,25.4728,39434.9,9.5,0.753326,0.666801,0,LLLLALLLFVLAYLLSLLILI,LALLLFVLAYLLSLL,0.5781837132957751,0.0599304369122134,L,99999900.0,-28.60000000000582,0.022800000000003706,5.063999999999993,1002.4000000000001,-0.028531524341586012,2.2745411013571132e-05,0.005051875498802865,-0.023494313647246606
LLLLALLWFLTILLYVLLILI_0,110011001100110000,1,-58.933,-45.0748,-58.7929,-246.516,-231.705,-254.77,-362.563,4689.84,3872.55,3751.38,-23.5459,79.4581,-80.6601,-6.32543,-49.0004,-102.996,45.7014,32.8875,9.93125,8.11907,7.30459,81.3927,-97.2084,34.413,25.3425,-283.105,9.1745,5.72701,4.7432,0,LLLLALLWFLTILLYVLLILI,LALLWFLTILLYVLL,0.7113016810987118,0.1093049551755036,L,99999900.0,-31.6597,-0.14009999999999678,8.254000000000019,817.29,-0.03873741266869777,-0.0001714201813309802,0.010099230383340086,-0.028809724822278508
LLLYSLLLTLLALLLAFLILI_2,110011001100110000,1,-72.3378,-68.2266,-58.8135,-236.861,-233.977,-251.395,-358.707,4695.17,4027.77,3753.7,-23.5419,7551.32,-73.0494,7494.82,-48.4986,-55.3398,77.746,-41.5003,8.63825,5.29668,4.96287,3133.32,-54.0174,63.9799,-35.0,7205.25,8.0,3.2399,2.6996,2,LLLYSLLLTLLALLLAFLILI,YSLLLTLLALLLAFL,0.311286651124806,0.0637346267328663,R,99999900.0,-24.550800000000002,-13.524300000000004,14.53400000000002,667.4000000000001,-0.03678573569074019,-0.020264159424632906,0.02177704525022478,-0.035274048546598734
LLLLAILLTVLLLLLSALILI_1,110011001100110000,1,-74.3618,-70.7832,-74.2386,-240.402,-233.792,-241.44,-389.257,4567.19,3714.59,3719.62,-23.5369,116.086,-98.0304,31.4043,-73.5778,-64.1604,80.6132,16.6571,9.8257,7.00683,6.71603,-5.3234,-63.2471,63.3749,18.87,-395.94,9.5,4.54268,3.9933,1,LLLLAILLTVLLLLLSALILI,LAILLTVLLLLLSAL,0.328301831889962,0.0401722497042023,L,99999900.0,-24.452600000000004,-0.12319999999999709,1.038000000000011,852.5999999999995,-0.028680037532254305,-0.00014449917898193428,0.001217452498240689,-0.027606028618343905
LLLLALLIVLLYILFSLLILI_2,110011001100110000,1,-60.4975,-60.5559,-60.4975,-250.483,-242.121,-250.457,-363.875,4643.64,3932.61,3876.37,-23.5356,22.5151,-76.4298,-38.6829,-52.9206,-93.0834,38.7849,25.0752,9.46097,5.69848,4.78025,-5.82283,-88.8359,29.3021,25.9499,-369.897,9.3794,3.78117,2.7207,2,LLLLALLIVLLYILFSLLILI,LALLIVLLYILFSLL,0.3550470112584019,0.1032947076391579,L,99999900.0,-23.5092,0.0,-0.02600000000001046,711.0300000000002,-0.03306358381502889,0.0,-3.656667088591262e-05,-0.03310071305008226
LLLVSLLILLTALLFALLILI_1,110011001100110000,1,-68.1137,-67.9563,-58.959,-229.056,-228.521,-242.455,-360.52,4605.87,3765.47,3713.22,-23.5196,9.77436,-86.8702,-54.2682,-59.1064,-99.4407,29.3107,26.8507,9.39552,5.37305,4.31271,10.6682,-101.776,11.63,23.7329,-343.404,9.4673,3.33645,2.0109,1,LLLVSLLILLTALLFALLILI,VSLLILLTALLFALL,0.452751106633491,0.0681606435359872,L,99999900.0,-27.763799999999996,-9.154699999999991,13.399000000000001,840.4000000000001,-0.0330364112327463,-0.010893265111851487,0.015943598286530223,-0.02798619704902427
LLLLVTLLAILLALLSLLILI_1,110011001100110000,1,-60.2647,-57.9191,-60.3456,-238.02,-229.041,-241.519,-381.996,4535.55,3741.14,3688.5,-23.5175,-9.41002,-107.229,-104.446,-80.1318,-7.96726,112.781,26.1897,9.19095,2.92054,3.11226,-2.37731,-12.5847,91.0213,18.8903,-385.391,8.9604,0.675581,0.540901,1,LLLLVTLLAILLALLSLLILI,LVTLLAILLALLSLL,0.5830445516454485,0.0527392931503587,L,99999900.0,-27.0972,0.08089999999999975,3.4989999999999952,794.4100000000003,-0.034109842524640915,0.00010183658312458267,0.0044045266298259,-0.029603731070857602
LLLLYWLLAVLLSLLFTLILI_0,110011001100110000,1,-67.0988,-74.2539,-74.2539,-230.493,-223.066,-253.045,-364.796,4682.06,3672.38,3675.06,-23.5061,-6.62068,-90.7098,-74.0964,-37.4966,-9.63302,104.515,17.4898,8.7682,2.05454,2.12227,-6.82922,-7.68243,98.1969,18.0,-371.416,9.1491,0.908946,0.8819,0,LLLLYWLLAVLLSLLFTLILI,LYWLLAVLLSLLFTL,0.4374248529505225,0.0383382406805317,L,99999900.0,-53.2132,7.1551000000000045,22.551999999999992,1009.6800000000003,-0.05270303462483161,0.007086502654306317,0.02233578955708738,-0.023280742413437912
LLLAGLLFLLLGVLLGTLILI_1,110011001100110000,1,-65.6519,-65.0559,-58.8129,-218.154,-218.22,-234.04,-339.554,4532.18,3637.0,3620.06,-23.5019,-16.7998,-79.2491,-73.0771,-46.7011,-70.0607,57.1999,-36.7667,7.02317,4.7311,4.0891,-19.383,-67.743,51.6604,-38.5819,-358.786,7.1139,3.6356,2.91051,1,LLLAGLLFLLLGVLLGTLILI,AGLLFLLLGVLLGTL,0.3140565856221677,0.0902893390170051,G,99999900.0,-32.548,-6.838999999999999,15.885999999999996,895.1800000000003,-0.03635916798856095,-0.007639804285171694,0.0177461516119663,-0.026253826046158304
LLLYALLAVLTSLLLSLLILI_0,110011001100110000,1,-90.7521,-91.9213,-89.6301,-232.368,-222.961,-247.051,-385.898,4595.18,3714.42,3714.81,-23.5017,-7.32403,-86.2795,-78.3399,-49.2176,-104.009,34.9138,25.0915,8.80034,6.81474,5.83844,-7.03006,-106.428,19.5913,24.4851,-393.222,8.9302,5.10903,3.9029,0,LLLYALLAVLTSLLLSLLILI,YALLAVLTSLLLSLL,0.3661090897696172,0.0528718200357185,L,99999900.0,-37.0619,-1.1219999999999999,14.682999999999993,880.7600000000002,-0.04207945410781597,-0.0012738998137971748,0.016670829737953575,-0.02668343249012216
LLLVALLLTLLGGLLFALILI_2,110011001100110000,1,-63.6576,-63.5771,-58.7189,-220.46,-219.46,-234.113,-343.216,4562.54,3750.41,3696.6,-23.4919,-22.3562,-82.5901,-82.5348,-50.3837,-45.4632,67.1288,-49.5235,6.70372,2.38188,1.88881,-18.2495,-38.0441,72.2659,-45.0,-361.523,7.1084,1.96251,1.5465,2,LLLVALLLTLLGGLLFALILI,VALLLTLLGGLLFAL,0.3492781826362867,0.0132404076815172,G,99999900.0,-32.20640000000001,-4.938700000000004,13.652999999999992,812.1300000000001,-0.039656705207294404,-0.006081169270929536,0.01681134793690664,-0.028926280275325376
LLLLYALLALLFVLLSTLILI_1,110011001100110000,1,-81.1112,-74.234,-74.234,-247.546,-241.763,-243.637,-343.996,4621.6,4082.6,3907.78,-23.4561,-11.8202,-38.7945,-39.8192,-26.1247,-38.9367,81.8619,30.4431,9.61032,3.39186,3.11979,-9.44917,-43.0223,62.7103,28.0,-353.972,9.5,1.41924,0.859895,1,LLLLYALLALLFVLLSTLILI,LYALLALLFVLLSTL,0.3216092010341556,0.1039277010284045,L,99999900.0,-12.669799999999999,-6.877200000000002,-3.908999999999992,539.0000000000005,-0.02350612244897957,-0.012759183673469381,-0.007252319109461946,-0.043517810760667866
LLLLYALLAVLLSLLFTLILI_1,110011001100110000,1,-74.2539,-74.2539,-74.2539,-231.061,-223.293,-244.393,-358.421,4573.54,3771.99,3709.3,-23.454,-7.62111,-76.5595,-68.4955,-39.7735,-6.76656,111.065,25.0286,8.82191,2.50878,2.67475,-1.09584,-7.68243,98.1969,18.0,-357.863,9.1491,0.908946,0.8819,1,LLLLYALLAVLLSLLFTLILI,LYALLAVLLSLLFTL,0.3979443876555509,0.0378942547675628,L,99999900.0,-36.786,0.0,13.331999999999994,801.5500000000002,-0.04589358118645124,0.0,0.016632774000374263,-0.02926080718607697
LLLAALLFSLLGALLGTLILI_2,110011001100110000,1,-82.1144,-83.3074,-74.0983,-215.987,-211.901,-230.045,-344.772,4407.17,3768.33,3722.15,-23.4504,-19.0455,-70.1213,-68.6087,-40.6287,-51.1318,67.0745,-38.7959,6.51549,3.22483,2.73095,-7.67543,-43.753,64.4796,-35.9038,-352.818,6.884,1.7677,1.23489,2,LLLAALLFSLLGALLGTLILI,AALLFSLLGALLGTL,0.2613945253111343,0.0339858401912954,G,99999900.0,-29.492600000000003,-8.016100000000009,14.057999999999993,638.8400000000001,-0.04616586312691753,-0.012547899317513003,0.022005509986851152,-0.036707782856427264
LLLYSLLLTLLFALLVILILI_2,110011001100110000,1,-72.5415,-72.2003,-58.9017,-239.585,-243.028,-253.957,-359.758,4676.03,3893.95,3803.7,-23.4347,749.669,-71.0665,705.139,-46.8996,-52.0491,80.9844,-41.9081,8.38057,5.24026,4.95503,716.503,-47.5855,75.0258,-37.5493,386.048,8.189,3.76631,3.3917,2,LLLYSLLLTLLFALLVILILI,YSLLLTLLFALLVIL,0.3681120465396663,0.0278182539508038,R,99999900.0,-24.166900000000005,-13.639800000000001,14.371999999999986,782.0799999999999,-0.03090080298690672,-0.017440415302782328,0.018376636661211112,-0.029964581628477906
LLLVTLLLGLLFGLLFILILI_2,110011001100110000,1,-51.4623,-44.9466,-44.9466,-229.033,-226.755,-242.752,-336.491,4633.28,3645.59,3559.63,-23.4342,19.2535,-79.4304,-45.5361,-48.7921,-37.0672,80.9666,-42.3617,7.26589,2.99057,2.70507,23.1327,-33.3677,74.3197,-39.8132,-314.578,7.0315,1.53831,1.15311,2,LLLVTLLLGLLFGLLFILILI,VTLLLGLLFGLLFIL,0.3041725808277968,0.0346797844271151,G,99999900.0,-30.638300000000008,-6.5157000000000025,13.719000000000023,987.6899999999996,-0.031020158146786967,-0.0065969079367007915,0.01388998572426574,-0.023726270388482226
LLLLYALTALLFVLLLLLILI_1,110011001100110000,1,-60.9937,-61.4309,-58.8062,-235.629,-212.336,-245.991,-352.587,4700.56,3790.85,3773.63,-23.4232,608.135,-79.3879,529.315,-47.7903,-62.6512,67.9136,18.8943,9.87914,5.06603,4.58473,423.587,-70.366,39.5247,25.0484,205.075,9.5,2.39073,1.4836,1,LLLLYALTALLFVLLLLLILI,LYALTALLFVLLLLL,0.4528980458888245,0.0956897499203583,L,99999900.0,-31.5976,-2.1875,10.362000000000023,909.7100000000005,-0.03473370634597837,-0.002404612458915477,0.011390443108243305,-0.025747985621791546
LLLLALLSVLLAYLLTFLILI_0,110011001100110000,1,-74.031,-74.031,-74.031,-237.298,-223.312,-245.219,-357.937,4653.05,3916.2,3789.08,-23.4034,-8.84141,-70.0119,-69.4362,-38.6875,-65.4103,74.0882,-41.968,8.94698,6.31345,5.92477,-8.55727,-71.7611,50.3856,-43.3797,-366.779,9.0,4.06622,3.322,0,LLLLALLSVLLAYLLTFLILI,LALLSVLLAYLLTFL,0.6071189645251791,0.0363489925726129,R,99999900.0,-31.324399999999997,0.0,7.920999999999992,736.8500000000004,-0.04251123023681887,0.0,0.010749813394856467,-0.031761416841962396
LLLLYLLLFILAVLLSTLILI_1,110011001100110000,1,-74.1493,-74.1493,-74.1493,-242.058,-227.349,-248.239,-368.007,4583.26,3642.99,3600.75,-23.3864,-3.63225,-75.1857,-70.1411,-45.6187,-53.9304,86.3747,25.2683,9.89948,6.25015,6.04577,-13.4984,-56.6384,70.3623,26.5287,-381.696,9.5,4.49467,4.0501,1,LLLLYLLLFILAVLLSTLILI,LYLLLFILAVLLSTL,0.2449184333579928,0.0809995066793551,L,99999900.0,-29.567,0.0,6.181000000000012,940.2700000000004,-0.03144522318057578,0.0,0.006573643740627701,-0.024872004849670826
LLLYTLLVLLLAALLSILILI_2,110011001100110000,1,-78.5628,-77.704,-60.3142,-231.758,-229.109,-248.911,-370.542,4635.54,4131.66,3883.14,-23.3566,-18.85,-83.5781,-82.5793,-61.3176,-71.9408,50.9044,-50.1496,8.5309,4.16321,3.42677,-16.853,-67.6029,45.1857,-45.0,-387.064,8.6947,2.74051,1.9183,2,LLLYTLLVLLLAALLSILILI,YTLLVLLLAALLSIL,0.3770944103702375,0.0769964695125177,R,99999900.0,-22.260500000000008,-18.248599999999996,17.15299999999999,503.8800000000001,-0.044178177343812026,-0.036216162578391664,0.034041835357624804,-0.046353496864332766
LLLLYWLLTILAALLSLLILI_0,110011001100110000,1,-79.0171,-76.2149,-74.0196,-231.184,-220.855,-249.02,-376.443,4588.4,3847.7,3732.4,-23.3516,-11.189,-89.5933,-90.5619,-53.4027,-3.07995,109.246,20.2968,9.55538,1.71023,1.84892,-10.9147,-8.04023,93.8271,22.8656,-387.632,9.1939,0.372694,0.280101,0,LLLLYWLLTILAALLSLLILI,LYWLLTILAALLSLL,0.4206121287591187,0.0439029464838684,L,99999900.0,-36.190599999999996,-4.997500000000002,17.836000000000013,740.6999999999998,-0.0488599972998515,-0.006746996084784668,0.024079924395841796,-0.03152639395166735
LLLYLLLAVLTSLLFALLILI_2,110011001100110000,1,-74.2794,-74.2794,-74.2794,-233.467,-230.382,-249.018,-362.116,4656.13,3772.4,3776.95,-23.3264,33.0864,-77.6957,-24.3678,-38.8179,-107.201,20.8786,16.6853,9.09737,5.39877,4.21195,-6.27298,-106.207,9.91437,18.5239,-367.513,9.5,3.76949,2.41821,2,LLLYLLLAVLTSLLFALLILI,YLLLAVLTSLLFALL,0.292000528322339,0.0471980182854401,L,99999900.0,-38.8778,0.0,15.550999999999988,883.73,-0.04399284849444966,0.0,0.01759700360969978,-0.0263953922578163
LLLAYLLGVLLGLLLIFLILI_0,110011001100110000,1,-52.7851,-55.1249,-44.9245,-222.553,-221.188,-244.192,-339.378,4581.36,3743.62,3527.51,-23.311,24047.1,-87.351,23984.0,-50.2613,-95.4798,46.1798,-47.4454,6.75701,7.05624,6.24893,21859.2,-91.43,48.2927,-36.5962,23707.7,7.0472,6.73401,5.9584,0,LLLAYLLGVLLGLLLIFLILI,AYLLGVLLGLLLIFL,0.344475271945138,0.0278679915655398,G,99999900.0,-37.0897,-7.860599999999998,21.63900000000001,837.7399999999998,-0.04427352161768569,-0.009383102155800129,0.02583020985031157,-0.027826055816840556
LLLLYILTFLLAVLLILLILI_1,110011001100110000,1,-58.8904,-58.9744,-58.7636,-243.198,-228.458,-249.52,-360.058,4639.94,3769.41,3623.42,-23.3097,1786.05,-81.2793,1713.43,-51.7737,-59.1504,64.3892,28.5245,10.593,4.06509,3.53093,1499.9,-65.639,43.2616,25.0,1407.63,9.3683,2.18617,1.33509,1,LLLLYILTFLLAVLLILLILI,LYILTFLLAVLLILL,0.2271254752824953,0.0696651009040601,L,99999900.0,-29.50560000000001,-0.1268000000000029,6.322000000000003,870.5299999999997,-0.033893834790300184,-0.0001456583920140638,0.007262242541899768,-0.026776446532572117
LLLYALLALLLGTLLSILILI_2,110011001100110000,1,-76.4495,-71.3173,-74.0819,-231.165,-222.498,-245.291,-370.196,4593.23,3767.16,3708.44,-23.3077,277.209,-85.8891,200.829,-50.8227,-71.0677,58.4332,-44.4412,7.37986,5.04863,4.42513,190.476,-60.5958,60.1642,-40.2827,-92.9866,7.5,3.71154,3.114,2,LLLYALLALLLGTLLSILILI,YALLALLLGTLLSIL,0.2191566913156904,0.0123032362002952,G,99999900.0,-35.0664,-2.367599999999996,14.126000000000005,826.0699999999997,-0.042449671335359006,-0.002866100935756046,0.017100245741886292,-0.028215163363879584
LLLYVLLATLLAFLLSLLILI_2,110011001100110000,1,-74.2093,-74.1376,-74.1003,-238.274,-233.673,-249.474,-363.468,4661.12,3920.68,3814.45,-23.3069,-14.0541,-74.2917,-69.7113,-39.893,-75.1317,57.8555,-37.9293,8.17739,5.58025,4.94808,-16.1977,-66.8884,60.5156,-36.0695,-379.36,8.5071,4.70287,4.1106,2,LLLYVLLATLLAFLLSLLILI,YVLLATLLAFLLSLL,0.2962679001961827,0.0396090608374069,R,99999900.0,-34.398700000000005,-0.10899999999999466,11.199999999999989,740.44,-0.046457106585273626,-0.00014720976716546194,0.015126141213332597,-0.03147709470044838
LLLATLLGLLLGVLLSILILI_2,110011001100110000,1,-64.0699,-69.8113,-60.336,-218.493,-217.083,-240.255,-371.84,4470.32,3576.56,3626.34,-23.302,-22.3281,-112.578,-107.274,-71.249,-77.8957,59.4625,-34.9753,6.82597,6.21179,5.60373,-10.3235,-70.1194,64.9466,-35.0599,-382.024,7.5,5.7857,5.2599,2,LLLATLLGLLLGVLLSILILI,ATLLGLLLGVLLSIL,1.188644927474534,0.0520291954165878,G,99999900.0,-41.32900000000001,-3.7339000000000055,21.762,893.7599999999998,-0.04624172037235949,-0.0041777434658073825,0.02434881847475833,-0.026071876118868607
LLLYLLLAALLGVLLGSLILI_0,110011001100110000,1,-66.3034,-68.1887,-60.278,-223.807,-210.174,-238.481,-350.525,4550.85,3847.46,3681.0,-23.2788,121.754,-83.6941,49.5915,-51.7663,-66.1785,65.1438,-46.9299,7.19232,5.22118,4.69834,120.655,-67.743,51.6604,-38.5819,-228.772,7.1139,3.6356,2.91051,0,LLLYLLLAALLGVLLGSLILI,YLLLAALLGVLLGSL,0.2930334914171866,0.028898537311896,G,99999900.0,-31.927800000000005,-6.025399999999998,14.674000000000007,703.3900000000003,-0.04539131918281464,-0.008566229261149569,0.020861826298355108,-0.03309515347104734
LLLLAVLLFTLALLLLSLILI_2,110011001100110000,1,-74.2231,-74.2231,-74.2231,-230.598,-221.08,-242.408,-372.808,4594.0,3628.48,3628.69,-23.2784,121.54,-91.2653,44.0343,-56.1769,-50.76,88.4202,19.4198,9.60766,6.05073,5.87703,57.6466,-57.7764,67.2616,24.5839,-315.248,9.4846,4.24678,3.7557,2,LLLLAVLLFTLALLLLSLILI,LAVLLFTLALLLLSL,0.5148311575224566,0.0650064001422005,L,99999900.0,-35.08839999999999,0.0,11.809999999999974,965.52,-0.036341453310133394,0.0,0.012231750766426354,-0.02410970254370702
LLLYSLLFTLLAVLLAALILI_1,110011001100110000,1,-70.0083,-70.6144,-58.7649,-234.266,-221.689,-245.773,-340.254,4633.7,3930.99,3842.33,-23.2261,3007.69,-59.2056,2959.74,-35.7157,-45.2719,76.1223,-43.4859,8.33084,3.5673,3.20914,1983.29,-41.4867,66.182,-35.0,2654.73,8.3362,1.65757,1.1503,1,LLLYSLLFTLLAVLLAALILI,YSLLFTLLAVLLAAL,0.2058967364543739,0.0451817269869987,R,99999900.0,-23.4899,-11.243400000000008,11.507000000000005,702.71,-0.033427587482745366,-0.016000056922485816,0.016375176103940466,-0.03305218368886169
LLLLALLTTLLAFLLSILILI_0,110011001100110000,1,-88.002,-87.9437,-87.9647,-236.643,-221.888,-243.03,-380.761,4558.11,3782.46,3725.4,-23.213,-9.30635,-79.3289,-80.2354,-49.7669,-59.7101,87.7067,-38.1174,8.51363,7.29692,7.11252,-9.83636,-64.6574,64.2766,-36.6774,-390.067,8.4846,4.87595,4.3401,0,LLLLALLTTLLAFLLSILILI,LALLTTLLAFLLSIL,0.474225307852534,0.0213640171999546,R,99999900.0,-29.562000000000005,-0.03730000000000189,6.3870000000000005,775.6499999999996,-0.038112550763875486,-4.808869980017006e-05,0.008234384064977765,-0.029927157867594936
LLLLALLLAILLVLLSTLILI_1,110011001100110000,1,-74.157,-74.157,-74.2356,-235.556,-226.793,-241.3,-390.366,4531.46,3692.03,3708.79,-23.2058,-5.13689,-103.858,-94.5528,-74.8298,-57.5931,85.0282,18.2825,9.25824,6.61777,6.39319,-6.31594,-63.2471,63.3749,18.87,-396.47,9.5,4.54268,3.9933,1,LLLLALLLAILLVLLSTLILI,LALLLAILLVLLSTL,0.3518263806300948,0.0365379728052939,L,99999900.0,-29.0282,0.07860000000000866,5.744,839.4299999999998,-0.034580846526809865,9.363496658447837e-05,0.0068427385249514566,-0.02764471129218637
LLLLYLLVTLLFALLSILILI_0,110011001100110000,1,-75.1648,-74.4406,-74.2206,-235.251,-232.569,-246.645,-362.623,4633.65,3858.88,3866.14,-23.1988,-20.011,-75.4064,-75.6241,-41.7576,-13.8969,99.0195,-44.6388,8.7903,1.95217,1.93746,-19.7962,-15.3,92.7153,-45.0,-382.634,8.8215,1.31157,1.2023,0,LLLLYLLVTLLFALLSILILI,LYLLVTLLFALLSIL,0.3860897214925629,0.0522613859690168,R,99999900.0,-33.64880000000001,-0.944199999999995,11.394000000000005,774.7699999999995,-0.04343069556126338,-0.001218684254682029,0.014706299934174029,-0.029942821740645626
LLLYILLFTLLAVLLSLLILI_2,110011001100110000,1,-74.2356,-75.4624,-74.2356,-244.903,-243.749,-252.715,-370.986,4670.44,4054.48,3885.21,-23.1578,59.4544,-75.0052,7.67937,-44.0351,-45.9153,78.975,-45.3126,8.7851,4.04891,3.73353,31.7296,-47.1777,64.0077,-41.6778,-306.611,8.4891,2.21769,1.67781,2,LLLYILLFTLLAVLLSLLILI,YILLFTLLAVLLSLL,0.2011595428800365,0.042865117831703,R,99999900.0,-30.970100000000002,0.0,7.812000000000012,615.9599999999996,-0.0502794012598221,0.0,0.012682641729982494,-0.03759627248522634
LLLALLLAVLTSLLYLLLILI_2,110011001100110000,1,-74.3603,-74.3603,-74.3603,-234.657,-227.132,-244.265,-381.098,4573.51,3638.97,3624.51,-23.1435,173.529,-95.2244,93.9222,-62.4736,-109.822,18.0653,22.5898,9.33008,5.41208,4.18306,53.0057,-107.84,2.594,18.2142,-334.518,9.3464,3.02619,1.5651,2,LLLALLLAVLTSLLYLLLILI,ALLLAVLTSLLYLLL,0.2488363182585073,0.0603814028976624,L,99999900.0,-32.750800000000005,0.0,9.607999999999976,934.5400000000004,-0.03504483489203243,0.0,0.010280993857940774,-0.02476459006570076
LLLYALLAALLGTLLGFLILI_1,110011001100110000,1,-64.5705,-68.4537,-58.7826,-220.768,-210.855,-239.019,-326.342,4543.38,3695.48,3581.6,-23.1433,88600.8,-64.1466,88553.7,-28.5401,-73.1074,53.4121,-33.9022,7.05568,4.67673,3.97791,83312.2,-61.4491,56.4783,-36.3969,238134.0,6.7439,3.34193,2.6891,1,LLLYALLAALLGTLLGFLILI,YALLAALLGTLLGFL,0.1547679020524937,0.0325101736358505,G,99999900.0,-35.60650000000001,-5.787899999999993,18.251000000000005,847.9000000000001,-0.04199374926288478,-0.006826158745135031,0.021524943979242837,-0.02729484609034084
LLLYGLLAALLGTLLSLLILI_2,110011001100110000,1,-86.8428,-77.8175,-74.0094,-220.152,-218.946,-240.301,-359.545,4534.08,3805.21,3718.51,-23.1367,-13.4816,-75.6869,-76.2622,-45.2337,-67.1065,64.3353,-39.1723,6.55795,5.25123,4.71626,-10.2281,-64.5043,61.457,-37.6682,-372.291,6.656,4.47234,3.89419,2,LLLYGLLAALLGTLLSLLILI,YGLLAALLGTLLSLL,0.2348917416833867,0.0174796776079851,G,99999900.0,-30.453199999999995,-12.833399999999997,20.149,728.8699999999999,-0.04178138762742327,-0.017607255066061162,0.027644161510283045,-0.03174324639510476
LLLLYALLLLLTVLAILLILI_2,110011001100110000,1,-58.8963,-58.6797,-58.9757,-233.519,-221.882,-245.276,-367.695,4646.09,3710.58,3696.36,-23.122,21.3553,-98.4017,-65.7784,-63.4436,-55.6928,94.5639,24.4498,9.63547,7.62004,7.5385,24.9737,-63.0338,71.0042,23.361,-323.038,9.4488,5.54064,5.1057,2,LLLLYALLLLLTVLAILLILI,LYALLLLLTVLAILL,0.3905330938473229,0.0465478056577943,L,99999900.0,-34.9581,0.0794000000000068,11.757000000000005,935.5100000000002,-0.0373679597225043,8.4873491464556e-05,0.012567476563585641,-0.024715930348152337
LLLLYVLLLILATLLASLILI_0,110011001100110000,1,-74.2185,-74.2185,-74.2185,-235.084,-217.815,-243.644,-374.779,4539.64,3716.01,3592.24,-23.1031,88.3949,-88.5802,5.64971,-56.9168,-58.6142,83.4085,16.7656,9.87271,6.55228,6.30341,81.2889,-62.5739,62.4261,19.1703,-286.384,9.1885,4.31361,3.75,0,LLLLYVLLLILATLLASLILI,LYVLLLILATLLASL,0.264057681562012,0.0661928550465497,L,99999900.0,-31.663400000000003,0.0,8.560000000000002,823.6300000000001,-0.038443718660077945,0.0,0.010393016281582752,-0.028050338137270373
LLLYILLTALLSVLLFLLILI_0,110011001100110000,1,-77.5361,-61.751,-74.286,-245.47,-232.096,-252.847,-370.35,4695.62,4016.59,3830.64,-23.0899,0.143533,-70.4332,-76.3596,-43.2168,-53.6808,95.1045,-45.6577,8.4254,7.39124,7.3178,1.3818,-55.1691,76.5276,-42.1376,-370.206,8.1639,5.10659,4.7545,0,LLLYILLTALLSVLLFLLILI,YILLTALLSVLLFLL,0.2766288685927117,0.035268778840602,R,99999900.0,-27.2164,-3.2501000000000033,7.3770000000000095,679.0299999999997,-0.04008129243185133,-0.004786386463042877,0.010864026626216827,-0.03400424134427052
LLLTALLFALLAYLLSLLILI_2,110011001100110000,1,-63.7621,-64.8492,-60.3015,-230.432,-226.865,-245.801,-352.896,4611.63,3652.75,3667.17,-23.0845,-20.2261,-81.7863,-81.4078,-46.7931,-76.385,71.7325,-38.4547,8.0773,7.64165,7.21764,-18.095,-74.5663,64.3243,-36.9715,-371.356,8.2163,6.36873,5.8336,2,LLLTALLFALLAYLLSLLILI,TALLFALLAYLLSLL,0.3835348706562133,0.0660645374905064,R,99999900.0,-34.993199999999995,-3.4605999999999995,15.369,958.8800000000001,-0.03649382613048556,-0.003609002169197396,0.016028074420156847,-0.02407444101451693
LLLTVLLAILLGLLLGALILI_1,110011001100110000,1,-51.4753,-50.6652,-44.964,-220.267,-215.069,-235.881,-354.092,4480.12,3775.1,3632.46,-23.0757,-14.8314,-105.425,-103.189,-73.2468,-69.5669,49.3055,-47.5215,6.98473,3.59128,2.83086,-18.3036,-71.1566,42.8294,-43.0573,-371.104,7.0278,2.95546,2.0979,1,LLLTVLLAILLGLLLGALILI,TVLLAILLGLLLGAL,0.3665476304758259,0.043990802297535,G,99999900.0,-32.178200000000004,-6.5112999999999985,15.614000000000004,705.02,-0.04564154208391252,-0.009235624521290174,0.02214688944994469,-0.03273056083515362
LLLLAFLLATLVALLLSLILI_2,110011001100110000,1,-74.1508,-74.1508,-74.1508,-222.937,-221.682,-238.51,-362.946,4570.69,3515.84,3547.25,-23.0732,-18.1965,-88.9316,-85.3098,-50.2854,-9.1226,103.324,20.5333,8.86058,1.81719,1.86706,-14.8584,-12.5847,91.0213,18.8903,-375.709,8.9604,0.675581,0.540901,2,LLLLAFLLATLVALLLSLILI,LAFLLATLVALLLSL,0.5837962772940498,0.0281216322086385,L,99999900.0,-38.6462,0.0,15.572999999999979,1054.8499999999995,-0.03663667820069206,0.0,0.014763236479120243,-0.0218734417215718
LLLLAVLLAALLILLSTLILI_2,110011001100110000,1,-74.1912,-74.1912,-74.1912,-230.515,-226.435,-237.659,-379.021,4490.12,3650.87,3671.25,-23.0682,-18.9743,-97.3832,-97.3688,-67.1709,-54.1545,75.1286,16.1021,9.48722,4.76553,4.39246,-13.9309,-59.2256,60.857,18.0467,-391.885,9.5,3.59954,3.0124,2,LLLLAVLLAALLILLSTLILI,LAVLLAALLILLSTL,0.2708056692266267,0.0652898826037003,L,99999900.0,-30.2123,0.0,7.1440000000000055,839.25,-0.035999165921954124,0.0,0.008512362228179929,-0.02748668453976765
LLLLVLLLAILTALLSLLILI_0,110011001100110000,1,-74.1242,-71.0281,-74.1242,-237.688,-219.818,-241.114,-390.666,4504.81,3662.96,3645.58,-23.0667,-1.1495,-101.92,-100.97,-75.4281,-2.99639,118.25,24.9835,9.56782,2.91315,3.1869,-1.4461,-9.83843,94.7849,23.2579,-391.815,9.3793,0.771727,0.693501,0,LLLLVLLLAILTALLSLLILI,LVLLLAILTALLSLL,0.5272967348928598,0.0327196847512655,L,99999900.0,-26.4919,0.0,3.426000000000016,841.8500000000004,-0.031468670190651526,0.0,0.004069608600106925,-0.02740001187860069
LLLATLLISLLFTLLVLLILI_0,110011001100110000,1,-82.2203,-81.4709,-74.2207,-231.42,-231.057,-248.282,-378.041,4662.37,3760.35,3717.53,-23.0621,-21.2412,-87.463,-86.7543,-55.5382,-49.245,84.8915,-41.1511,8.33223,5.3471,5.12048,-21.158,-50.9842,83.1824,-40.1235,-399.282,8.3571,5.37726,5.125,0,LLLATLLISLLFTLLVLLILI,ATLLISLLFTLLVLL,0.4480459342818325,0.0808925216699468,R,99999900.0,-31.92479999999999,-7.999600000000001,16.862000000000023,902.02,-0.03539256335779693,-0.008868539500232812,0.01869359881155631,-0.02556717145961287
LLLVILLLILTFLLASLLILI_0,110011001100110000,1,-74.2169,-74.2169,-74.1925,-238.021,-223.661,-245.33,-382.652,4560.03,3678.87,3754.83,-23.0527,16.0332,-93.4667,-68.7407,-63.1296,-111.369,19.1295,21.857,9.66314,5.78782,4.57476,8.43027,-113.58,1.80407,27.0117,-366.619,9.2654,3.78055,2.30761,0,LLLVILLLILTFLLASLLILI,VILLLILTFLLASLL,0.3378953791155731,0.0799025469959684,L,99999900.0,-30.3371,-0.024399999999999977,7.309000000000026,881.1599999999999,-0.03442859412592492,-2.769077125607152e-05,0.008294747832402773,-0.026161764038313138
LLLYVLLAILLTLLLSFLILI_0,110011001100110000,1,-71.7977,-71.6347,-74.2519,-244.871,-238.942,-253.591,-372.109,4666.89,4060.33,3864.52,-23.0524,-17.607,-78.4928,-79.1393,-44.2658,-74.1383,56.7737,-36.1361,8.59376,5.28519,4.63679,-17.176,-76.3191,47.1656,-35.0895,-389.716,8.6159,4.31522,3.5227,0,LLLYVLLAILLTLLLSFLILI,YVLLAILLTLLLSFL,0.2712154844308272,0.0685584599154945,R,99999900.0,-34.227000000000004,2.4542,8.719999999999999,606.5600000000004,-0.05642805328409388,0.004046096016882087,0.014376154049063561,-0.03800514376154046
LLLSTLLGALLGALLAVLILI_0,110011001100110000,1,-71.7442,-73.4876,-44.8908,-212.181,-210.515,-248.301,-356.019,4387.88,3587.84,3574.82,-23.0336,38.1268,-95.1267,-33.8898,-62.8273,-66.5992,68.2952,-37.5728,6.61111,5.70973,5.23416,24.2299,-68.8242,63.6738,-35.7825,-317.892,6.5843,5.41959,4.8747,0,LLLSTLLGALLGALLAVLILI,STLLGALLGALLAVL,1.2296244337716693,0.070941666693389,G,99999900.0,-32.2994,-26.853400000000008,36.119999999999976,800.04,-0.04037223138843058,-0.03356507174641269,0.04514774261286933,-0.028790560471976402
LLLYVLLATLLGGLLFLLILI_1,110011001100110000,1,-65.0887,-62.2616,-58.655,-227.186,-219.176,-245.122,-339.095,4673.43,3962.01,3759.27,-23.0313,-12.5612,-69.8512,-70.2183,-35.3175,-49.0987,65.7512,-42.9041,6.58105,2.74123,2.22749,-14.1242,-42.5413,66.4514,-37.8047,-354.349,6.7945,1.85213,1.3489,1,LLLYVLLATLLGGLLFLLILI,YVLLATLLGGLLFLL,0.2266014402966643,0.0355643066661345,G,99999900.0,-34.5337,-6.433700000000002,17.936000000000007,711.4200000000001,-0.04854193022405892,-0.009043462371032584,0.025211548733518885,-0.03237370329763009
LLLLYYLTILLAVLLILLILI_0,110011001100110000,1,-73.813,-73.0289,-58.6805,-238.386,-223.385,-250.964,-360.666,4668.89,3929.14,3797.94,-22.9909,2488.67,-71.4582,2424.42,-51.0219,-69.2401,56.4089,23.0746,10.8575,4.50122,3.84735,1200.34,-70.366,39.5247,25.0484,2128.01,9.5,2.39073,1.4836,0,LLLLYYLTILLAVLLILLILI,LYYLTILLAVLLILL,0.363815935210675,0.0924464409943397,L,99999900.0,-20.436300000000003,-15.1325,12.578000000000003,739.7500000000005,-0.027625954714430537,-0.020456235214599515,0.017003041568097323,-0.031079283541737054
LLLTALLFLLVILLLSLLILI_2,110011001100110000,1,-60.3716,-60.3716,-60.3716,-237.961,-233.097,-249.927,-376.951,4690.44,3731.12,3657.27,-22.9907,16.2408,-101.609,-67.2411,-66.6525,-109.096,36.0185,16.032,10.218,7.72696,6.76724,7.15347,-107.997,20.181,18.0,-363.203,9.1137,5.42398,4.22669,2,LLLTALLFLLVILLLSLLILI,TALLFLLVILLLSLL,0.4362579405356646,0.0946568692956673,L,99999900.0,-34.95649999999999,0.0,11.96599999999998,959.3199999999997,-0.03643883167243464,0.0,0.012473418671559003,-0.02396562148188301
LLLYFLLTILLAVLLSLLILI_0,110011001100110000,1,-74.0552,-73.728,-74.0774,-242.51,-234.67,-253.616,-366.794,4737.58,3916.77,3853.56,-22.9855,-16.1015,-73.2145,-74.4981,-39.1004,-74.9556,59.8244,-42.4931,8.51905,5.81964,5.21701,-14.7751,-72.8356,51.2424,-44.0229,-382.896,8.2733,4.34306,3.6117,0,LLLYFLLTILLAVLLSLLILI,YFLLTILLAVLLSLL,0.2695824359321915,0.0731604580307271,R,99999900.0,-34.1141,0.022199999999998,11.106000000000023,820.81,-0.04156150631693084,2.7046454112398728e-05,0.013530536908663422,-0.02800343563065752
LLLLVLLTILLAYLLSFLILI_0,110011001100110000,1,-77.4268,-78.0525,-74.2818,-240.553,-229.406,-248.917,-367.595,4647.24,3969.14,3780.37,-22.9639,-9.87791,-72.5788,-70.0145,-44.3962,-53.3835,83.5084,-43.3231,9.07476,5.78116,5.53378,-9.10176,-57.818,66.41,-40.684,-377.473,9.0,4.13805,3.6342,0,LLLLVLLTILLAYLLSFLILI,LVLLTILLAYLLSFL,0.3422760439337544,0.0302682407717834,R,99999900.0,-28.1826,-3.144999999999996,8.364000000000004,678.0999999999999,-0.04156112667748121,-0.0046379590030968835,0.012334463943371192,-0.03386506414983041
LLLYLLLATLLFVLLSLLILI_2,110011001100110000,1,-74.2316,-74.153,-74.2072,-242.457,-238.442,-253.083,-373.056,4720.36,3908.72,3829.8,-22.939,-16.0181,-79.3063,-76.4792,-45.7656,-43.1153,83.7608,-45.7641,8.63037,4.275,4.03141,-8.29793,-36.9249,77.9317,-44.0734,-381.424,8.7253,2.55952,2.2285,2,LLLYLLLATLLFVLLSLLILI,YLLLATLLFVLLSLL,0.2095108523159181,0.0813731566216604,R,99999900.0,-33.540699999999994,-0.024399999999999977,10.626000000000005,811.6399999999999,-0.041324602040313435,-3.006258932531662e-05,0.013092011236508804,-0.028262530185796664
LLLTALLGLLLGVLLASLILI_0,110011001100110000,1,-72.6411,-64.8999,-60.2643,-212.639,-215.036,-238.016,-363.456,4492.24,3626.89,3603.3,-22.9381,-16.4114,-101.114,-99.9317,-65.1756,-101.958,25.9856,-42.1567,6.45069,5.30182,4.1916,-15.9853,-97.764,38.4753,-38.0973,-379.867,7.04,6.35877,5.4359,0,LLLTALLGLLLGVLLASLILI,TALLGLLLGVLLASL,1.1022217881936809,0.0512180891199818,G,99999900.0,-35.9384,-12.376799999999996,25.37699999999998,865.3499999999999,-0.04153047899693766,-0.01430265210608424,0.029325706361587777,-0.026507309181256142
LLLVALLFALLGLLLGTLILI_0,110011001100110000,1,-67.0476,-67.8302,-58.7454,-217.855,-211.815,-234.123,-341.393,4567.17,3798.44,3656.9,-22.9376,-11.2694,-79.4276,-73.0162,-48.5243,-45.7082,74.4951,-42.1799,6.66281,3.41306,3.03048,-10.5206,-48.7411,63.2863,-39.7126,-352.662,6.542,2.35481,1.8041,0,LLLVALLFALLGLLLGTLILI,VALLFALLGLLLGTL,0.4264279069598915,0.0140840405089715,G,99999900.0,-30.9033,-8.302200000000006,16.268,768.73,-0.04020046049978536,-0.0107998907288645,0.021162176576951595,-0.029838304736383384
LLLVSLLILLAALLFTLLILI_1,110011001100110000,1,-68.6226,-66.9438,-58.8634,-227.306,-218.211,-242.448,-359.798,4594.86,3688.81,3669.24,-22.9224,24.7922,-86.7915,-49.8502,-58.4857,-102.902,22.2665,27.8209,9.01616,4.94132,3.77532,19.365,-105.071,6.3463,22.0802,-341.225,9.1013,3.1174,1.71259,1,LLLVSLLILLAALLFTLLILI,VSLLILLAALLFTLL,0.2822325123476988,0.0435293947593021,L,99999900.0,-28.305799999999998,-9.759200000000007,15.141999999999996,906.0499999999997,-0.031240880746095698,-0.01077114949506099,0.01671210198112687,-0.025299266044920266
LLLAVLLTILLAYLLSFLILI_2,110011001100110000,1,-77.1647,-77.8858,-74.2818,-236.655,-232.977,-245.941,-358.267,4577.88,3824.95,3755.64,-22.9191,-10.2918,-67.3664,-57.696,-38.0439,-64.4133,67.8622,-43.145,8.74107,5.32339,4.84133,-11.8,-57.818,66.41,-40.684,-370.337,9.0,4.13805,3.6342,2,LLLAVLLTILLAYLLSFLILI,AVLLTILLAYLLSFL,0.3551882839430427,0.0658567690639962,R,99999900.0,-29.322499999999998,-2.8828999999999922,9.286000000000001,752.9300000000003,-0.03894452339526913,-0.003828908397859019,0.012333151820222328,-0.030439881529491442
LLLLYVLLLALIILLFSLILI_2,110011001100110000,1,-60.4404,-60.4404,-60.4404,-242.562,-227.487,-248.99,-358.903,4663.98,3739.12,3592.63,-22.9172,783.582,-78.8178,712.606,-49.473,-48.2781,90.7297,23.2948,10.2039,5.99021,5.85116,742.487,-60.6709,65.7431,20.4901,413.606,9.5,4.47595,3.9621,2,LLLLYVLLLALIILLFSLILI,LYVLLLALIILLFSL,0.365215959284099,0.0702976639621618,L,99999900.0,-29.344800000000006,0.0,6.427999999999997,924.8599999999997,-0.0317289103215622,0.0,0.006950241117574551,-0.024779101701879212
LLLAVLLFSLLGLLLGTLILI_1,110011001100110000,1,-81.1921,-79.288,-74.0995,-222.101,-219.769,-236.44,-358.863,4487.65,3782.03,3657.88,-22.904,-13.5951,-78.4737,-73.4015,-48.3234,-50.4358,66.3439,-41.8553,6.88266,3.02179,2.51695,-11.4281,-42.8159,67.1774,-38.5102,-370.575,7.1897,1.99134,1.499,1,LLLAVLLFSLLGLLLGTLILI,AVLLFSLLGLLLGTL,0.2975710537563823,0.0072757897686692,G,99999900.0,-30.150299999999994,-7.09259999999999,14.338999999999999,705.6199999999994,-0.04272880587284943,-0.010051585839403639,0.020321136022221607,-0.03245939740937051
LLLSYLLTTLLALLLSFLILI_2,110011001100110000,1,-107.041,-104.768,-87.8868,-236.297,-237.68,-257.729,-383.994,4601.78,3845.24,3769.36,-22.8901,-18.1373,-63.5462,-59.6828,-38.3782,-64.199,61.2756,-45.7156,8.62491,4.40206,3.82119,-21.3816,-63.1551,59.7836,-45.0,-405.853,8.4969,4.04405,3.4408,2,LLLSYLLTTLLALLLSFLILI,SYLLTTLLALLLSFL,0.479857130961232,0.0567062924837688,R,99999900.0,-25.168,-19.154200000000003,21.431999999999988,756.54,-0.033267242974594866,-0.025318158986966988,0.02832897136965658,-0.03025629841118778
LLLLWVLLSTLLALLLFLILI_1,110011001100110000,1,-90.6698,-89.1814,-74.2805,-241.531,-230.663,-250.01,-380.971,4659.87,3952.1,3842.66,-22.856,-9.43549,-71.6257,-70.5623,-56.6808,-42.8302,84.7667,27.8698,9.88727,4.36803,4.13953,-8.37394,-48.8736,66.017,28.0,-389.962,9.2954,2.74334,2.2336,1,LLLLWVLLSTLLALLLFLILI,LWVLLSTLLALLLFL,0.4508605971203991,0.0527693695510296,L,99999900.0,-14.944899999999997,-16.38929999999999,8.478999999999985,707.77,-0.021115475366291304,-0.023156251324582832,0.011979880469644072,-0.032292976531924214
LLLLIALLAVLYLLLSTLILI_1,110011001100110000,1,-74.2187,-74.1653,-74.2187,-231.998,-230.974,-243.619,-376.451,4544.2,3668.44,3559.07,-22.8496,-18.6615,-93.0841,-89.973,-58.6136,-47.9102,82.6419,23.266,9.3096,4.84318,4.58281,-11.923,-52.6824,67.6516,25.6825,-388.45,9.1288,3.53533,3.0501,1,LLLLIALLAVLYLLLSTLILI,LIALLAVLYLLLSTL,0.5419998922399301,0.0730896083982941,L,99999900.0,-34.47050000000001,0.0,11.62100000000001,875.7599999999998,-0.03936066958984199,0.0,0.01326961724673428,-0.02609116652964283
LLLYILLATLLGLLLGFLILI_0,110011001100110000,1,-58.7176,-67.5606,-58.7176,-234.687,-223.317,-245.877,-344.06,4616.95,3777.84,3543.47,-22.8486,298219.0,-73.5044,298166.0,-39.466,-54.2911,72.2975,-32.3173,8.08673,4.40383,3.98829,290191.0,-61.4169,47.8691,-36.8365,297875.0,7.2814,2.17486,1.3929,0,LLLYILLATLLGLLLGFLILI,YILLATLLGLLLGFL,0.2553117164662211,0.012624544719835,G,99999900.0,-34.0384,0.0,11.189999999999998,839.1099999999997,-0.04056488422256917,0.0,0.013335557912550205,-0.027229564657792197
LLLYSLLLLLTALLAVLLILI_0,110011001100110000,1,-65.4317,-66.8668,-58.8168,-230.078,-224.441,-248.939,-368.559,4677.96,3708.59,3794.78,-22.8445,-11.7074,-95.8941,-88.9593,-60.8036,-107.707,19.9682,24.8972,9.2606,5.35173,4.15125,-11.4927,-106.527,9.82963,27.9293,-380.267,9.2389,3.80605,2.45349,0,LLLYSLLLLLTALLAVLLILI,YSLLLLLTALLAVLL,0.2744200512481283,0.0482858912958142,L,99999900.0,-35.09049999999999,-6.614900000000006,18.86099999999999,969.3699999999999,-0.036199284071097716,-0.006823916564366554,0.019456966896025246,-0.02356633689922321
LLLAALLTSLLGLLLGYLILI_2,110011001100110000,1,-87.9727,-85.0278,-74.2143,-218.708,-216.802,-235.475,-359.888,4456.46,3693.49,3719.19,-22.8367,-9.72587,-76.044,-67.7838,-50.1987,-50.446,64.551,-42.1137,7.02179,2.78128,2.24955,-16.2033,-45.4737,68.435,-39.6413,-376.118,7.396,2.55978,2.0863,2,LLLAALLTSLLGLLLGYLILI,AALLTSLLGLLLGYL,0.298245310937422,0.0363675311955924,G,99999900.0,-25.845299999999995,-13.758400000000009,16.766999999999996,762.9700000000003,-0.03387459533140227,-0.018032688048022865,0.021975962357628727,-0.02993132102179639
LLLLALLFILTYLLIVLLILI_2,110011001100110000,1,-58.874,-58.9557,-58.8679,-252.262,-252.75,-249.526,-361.25,4661.84,3879.85,3727.14,-22.8327,53.3835,-72.9473,3.83902,-52.8559,-94.4021,30.0929,29.207,10.3379,4.72286,3.67425,37.1937,-99.2693,14.1594,28.0,-313.937,9.4208,3.30191,2.0143,2,LLLLALLFILTYLLIVLLILI,LALLFILTYLLIVLL,0.5318575263953731,0.0479339282998636,L,99999900.0,-20.0914,-0.006100000000003547,-2.73599999999999,781.9900000000002,-0.02569265591631606,-7.800611261018102e-06,-0.0034987659688742686,-0.029198199465466302
LLLSSLLALLLGTLLGALILI_0,110011001100110000,1,-76.4018,-87.3085,-58.7549,-215.49,-210.448,-250.836,-366.959,4431.28,3460.29,3384.6,-22.832,4852.64,-97.8988,4783.44,-57.3683,-61.9939,66.6226,-36.7761,7.10322,4.79315,4.29249,4795.94,-65.5548,56.8812,-35.0605,4485.68,6.8434,4.01218,3.3654,0,LLLSSLLALLLGTLLGALILI,SSLLALLLGTLLGAL,0.3112484986405645,0.0612816347192382,G,99999900.0,-40.530499999999996,-17.646899999999995,35.346000000000004,970.9899999999998,-0.04174141855219931,-0.018174131556452693,0.03640202267788547,-0.023514145356800797
LLLLTLLVGLLAALLSTLILI_2,110011001100110000,1,-83.552,-82.2334,-74.1639,-222.761,-222.462,-235.327,-372.871,4478.65,3757.2,3715.37,-22.8286,-20.5304,-89.3875,-88.7062,-63.3807,-39.0805,74.7451,-35.6271,7.16881,2.45267,2.07384,-16.9031,-36.2919,70.8481,-35.0,-389.91,7.1712,1.50828,1.071,2,LLLLTLLVGLLAALLSTLILI,LTLLVGLLAALLSTL,0.297852274650761,0.0378444679882724,G,99999900.0,-26.006800000000005,-9.388100000000009,12.566000000000003,721.4499999999998,-0.03604795897151571,-0.01301282140134453,0.017417700464342652,-0.03164266407928478
LLLSYLLILLLTALLFILILI_2,110011001100110000,1,-70.505,-68.3993,-58.9269,-236.871,-237.833,-259.443,-368.608,4697.07,3778.45,3714.29,-22.8238,-17.4343,-84.0561,-79.81,-50.2386,-76.619,56.4615,-43.381,8.9441,5.61515,4.96207,-15.0356,-76.2876,58.0877,-40.0636,-386.991,8.927,5.78498,5.1563,2,LLLSYLLILLLTALLFILILI,SYLLILLLTALLFIL,0.337549103175951,0.0297943483422686,R,99999900.0,-33.8175,-11.578099999999992,22.571999999999974,918.6199999999999,-0.03681337223226144,-0.01260379699984759,0.024571640068798827,-0.024845746881191354
LLLLYLLTVLLAILISLLILI_0,110011001100110000,1,-76.1164,-74.2409,-74.1682,-249.803,-235.933,-246.41,-382.545,4602.79,3921.32,3862.91,-22.8038,-5.45513,-79.4293,-77.8262,-61.9667,-98.3615,19.8255,15.7568,10.6477,3.93067,2.72805,-5.70302,-95.2993,8.2247,24.1394,-388.0,9.5,1.90523,0.528601,0,LLLLYLLTVLLAILISLLILI,LYLLTVLLAILISLL,0.4569587510660883,0.069903550739738,L,99999900.0,-17.462599999999995,-1.9482,-3.3930000000000007,681.4699999999998,-0.025624899115148137,-0.0028588199040309927,-0.0049789425800108615,-0.033462661599189994
LLLLYLLVTLLAILLALLILI_0,110011001100110000,1,-53.9903,-53.0442,-58.8564,-229.105,-217.454,-244.388,-369.61,4645.76,3583.58,3672.6,-22.7994,433.371,-109.313,334.26,-66.3654,-64.0162,65.7522,16.5456,9.04255,4.97898,4.46526,349.165,-65.776,50.242,23.3914,63.761,9.1145,3.14907,2.4027,0,LLLLYLLVTLLAILLALLILI,LYLLVTLLAILLALL,0.3396278609746946,0.0718103091437079,L,99999900.0,-42.94760000000001,4.866100000000003,15.283000000000015,1062.1800000000003,-0.04043344819145531,0.004581238584797305,0.014388333427479345,-0.021464723493193238
LLLLLTLLAVLISLLFALILI_2,110011001100110000,1,-64.4382,-64.7858,-60.4271,-223.411,-222.612,-241.903,-362.148,4552.08,3609.1,3653.92,-22.7626,-17.0338,-97.062,-91.784,-59.8179,-10.0779,102.495,18.216,8.81699,1.84845,1.88587,-8.68168,-15.3543,87.1164,18.0,-370.742,9.0332,0.563854,0.370599,2,LLLLLTLLAVLISLLFALILI,LLTLLAVLISLLFAL,0.5827321728204619,0.040064217519616,L,99999900.0,-37.244099999999996,-4.011099999999992,18.49199999999999,942.98,-0.03949617171095887,-0.004253642707162391,0.01961017200788987,-0.024139006129504335
LLLYVLLFALLGALLGTLILI_0,110011001100110000,1,-68.7933,-70.3451,-58.7437,-223.471,-215.867,-240.909,-329.095,4560.96,3901.77,3784.48,-22.7283,-10.7883,-59.5588,-53.6712,-29.4414,-40.464,69.4171,-45.0332,6.44247,1.94091,1.48216,-10.4359,-41.6132,59.4908,-39.8529,-339.883,6.5091,0.773238,0.1656,0,LLLYVLLFALLGALLGTLILI,YVLLFALLGALLGTL,0.1696574824012019,0.148919539011175,G,99999900.0,-30.117399999999996,-10.049600000000005,17.437999999999988,659.19,-0.04568849648811419,-0.015245376901955437,0.026453677998756028,-0.034479133482000636
LLLASLLALLLGTLLGFLILI_2,110011001100110000,1,-64.0512,-71.9728,-58.7271,-213.928,-213.465,-234.724,-342.7,4471.55,3551.75,3415.48,-22.7158,8081.07,-87.4372,8023.8,-49.2488,-73.1533,47.0161,-32.5424,7.16628,3.82017,3.02541,7374.22,-65.5548,56.8812,-35.0605,7738.37,6.8434,4.01218,3.3654,2,LLLASLLALLLGTLLGFLILI,ASLLALLLGTLLGFL,0.2252984850286562,0.0254205799201724,G,99999900.0,-38.1884,-5.324099999999994,20.795999999999992,919.8000000000002,-0.04151815612089584,-0.0057883235485975135,0.022609262883235472,-0.02469645575125027
LLLYALLGALLGILLSTLILI_1,110011001100110000,1,-86.3985,-83.3347,-74.098,-220.596,-223.244,-240.238,-356.014,4490.12,3864.77,3733.1,-22.7147,-19.2533,-71.7348,-68.6894,-41.6788,-68.4381,61.8556,-44.8368,6.72284,5.11622,4.54406,-14.2852,-63.07,66.418,-42.249,-370.095,7.1117,4.92693,4.4232,1,LLLYALLGALLGILLSTLILI,YALLGALLGILLSTL,0.5975602751988508,0.0433722261929417,G,99999900.0,-30.056000000000004,-12.3005,19.641999999999996,625.3499999999999,-0.048062684896458,-0.019669784920444553,0.03140961061805389,-0.03632317901974895
LLLVALLATLLGGLLFALILI_2,110011001100110000,1,-63.4492,-62.8988,-58.7189,-217.12,-215.908,-229.496,-331.237,4507.1,3752.68,3693.66,-22.6942,-21.6472,-73.3619,-74.0777,-43.0227,-45.4464,67.8617,-48.3453,6.74882,2.4783,1.99622,-17.9332,-38.0441,72.2659,-45.0,-349.242,7.1084,1.96251,1.5465,2,LLLVALLATLLGGLLFALILI,VALLATLLGGLLFAL,0.2891281725342307,0.0088412579235612,G,99999900.0,-30.339200000000005,-4.7303,12.376000000000005,754.4200000000005,-0.04021526470666205,-0.006270114790169927,0.016404655231833723,-0.030081652130113178
LLLYALLVALLGTLLAFLILI_2,110011001100110000,1,-58.7698,-58.7698,-58.7698,-235.487,-234.207,-242.707,-333.46,4598.84,4058.54,3747.82,-22.6939,1984.24,-61.8976,1943.75,-31.9833,-56.1765,75.9026,-46.4112,7.55422,5.17333,4.81187,1918.93,-52.9906,59.3407,-40.4383,1652.76,7.2557,2.45959,1.8497,2,LLLYALLVALLGTLLAFLILI,YALLVALLGTLLAFL,0.2256171187296138,0.0173476374579811,G,99999900.0,-29.914299999999997,0.0,7.219999999999999,540.3000000000002,-0.055366092911345526,0.0,0.013362946511197476,-0.042002406070701444
LLLYALLFILLGTLLSILILI_2,110011001100110000,1,-83.9388,-70.4521,-74.0819,-230.34,-227.169,-250.016,-359.95,4626.21,4003.16,3721.57,-22.678,337.884,-68.349,275.555,-35.8513,-64.6021,53.6179,-54.2461,7.36795,3.42874,2.73301,229.783,-60.5958,60.1642,-40.2827,-33.1297,7.5,3.71154,3.114,2,LLLYALLFILLGTLLSILILI,YALLFILLGTLLSIL,0.1772282236889861,0.10840270362544,G,99999900.0,-32.4977,-9.856899999999996,19.675999999999988,623.0500000000002,-0.0521590562555172,-0.01582039964689831,0.0315801300056175,-0.03639836289222373
LLLGYLLAALLGVLLSTLILI_0,110011001100110000,1,-88.8262,-80.6542,-74.2086,-219.36,-219.904,-241.092,-358.767,4454.43,3664.45,3719.82,-22.6757,-17.6958,-73.257,-75.9043,-43.4663,-76.4414,50.8729,-46.2823,6.97457,4.83405,4.09714,-17.0853,-72.8398,58.7702,-43.8998,-376.463,7.2749,5.35995,4.7415,0,LLLGYLLAALLGVLLSTLILI,GYLLAALLGVLLSTL,0.8417103922559223,0.0271969745855236,G,99999900.0,-29.790700000000008,-14.617599999999996,21.732,789.9800000000005,-0.03771070153674776,-0.018503759588850335,0.02750955720397983,-0.02870414440871919
LLLFALLIILLYLLAVLLILI_0,110011001100110000,1,-45.0804,-45.0804,-45.0804,-244.404,-230.504,-247.009,-345.981,4759.39,3894.96,3754.15,-22.6571,-6.30158,-79.1537,-76.6982,-53.8914,-96.6199,39.2426,19.6415,9.76157,6.29074,5.37938,-5.97384,-102.32,16.604,19.6515,-352.282,9.5,4.08954,2.8386,0,LLLFALLIILLYLLAVLLILI,FALLIILLYLLAVLL,0.5760874276252687,0.0887099236136274,L,99999900.0,-25.262300000000003,0.0,2.6049999999999898,864.4300000000003,-0.029224228682484407,0.0,0.0030135464988489398,-0.026210450817301566
LLLASLLVGLLFLLLGLLILI_1,110011001100110000,1,-56.8216,-57.8094,-44.9758,-226.114,-221.22,-245.581,-349.188,4624.34,3685.37,3489.16,-22.6567,20640.1,-88.9091,20569.9,-58.6321,-37.3539,81.5784,-39.8963,7.94349,3.11616,2.83984,17843.1,-36.0293,69.0807,-35.6829,20277.9,7.2857,1.23029,0.766501,1,LLLASLLVGLLFLLLGLLILI,ASLLVGLLFLLLGLL,0.4897834424290062,0.0431682346674536,G,99999900.0,-30.276999999999994,-11.845799999999997,19.466999999999985,938.9700000000003,-0.03224490665303469,-0.012615738521997502,0.02073229176651009,-0.024129311905598683
LLLSYLLVLLLTALLFALILI_0,110011001100110000,1,-73.1045,-69.0862,-58.9269,-233.274,-230.568,-255.299,-360.153,4662.76,3855.2,3706.09,-22.6536,-15.4309,-76.4284,-75.93,-45.927,-77.1582,58.4611,-45.4024,9.25391,5.96597,5.34289,-13.0597,-76.2876,58.0877,-40.0636,-375.584,8.927,5.78498,5.1563,0,LLLSYLLVLLLTALLFALILI,SYLLVLLLTALLFAL,0.4963347688558657,0.0789082359432462,R,99999900.0,-30.501399999999997,-14.177599999999998,22.025000000000006,807.5600000000004,-0.03776982515231064,-0.01755609490316508,0.027273515280598338,-0.02805190945564415
LLLLYALTALLFVLLILLILI_0,110011001100110000,1,-61.1276,-60.8168,-58.813,-234.785,-218.096,-246.114,-347.356,4676.1,3775.59,3744.11,-22.6427,480.421,-74.086,411.977,-42.4294,-74.1549,54.0086,19.3574,10.154,4.91439,4.22452,454.355,-70.366,39.5247,25.0484,133.065,9.5,2.39073,1.4836,0,LLLLYALTALLFVLLILLILI,LYALTALLFVLLILL,0.3603258978859642,0.0727647488456922,L,99999900.0,-31.656599999999997,-2.3145999999999987,11.329000000000008,900.5100000000002,-0.03515407935503214,-0.0025703212623957514,0.012580648743489806,-0.025144307114857132
LLLLLVLTILLAILFSLLILI_0,110011001100110000,1,-74.2013,-70.6371,-74.1891,-244.1,-232.192,-245.538,-381.594,4534.0,3735.3,3658.37,-22.6421,20.3936,-85.9357,-58.3718,-61.8669,-60.0516,59.1108,24.4491,9.9071,3.48771,2.87437,20.3924,-58.1024,48.2056,26.441,-361.201,9.3786,1.72312,0.946204,0,LLLLLVLTILLAILFSLLILI,LLVLTILLAILFSLL,0.4039504031901272,0.0459142881190895,L,99999900.0,-24.068799999999996,-0.012200000000007094,1.4380000000000166,798.6999999999998,-0.030134969325153377,-1.5274821585084633e-05,0.0018004256917491135,-0.028348691623888825
LLLLWALLFVLATLLSLLILI_0,110011001100110000,1,-74.2018,-74.2018,-74.2018,-234.164,-223.592,-246.846,-371.377,4615.75,3658.11,3696.98,-22.6147,-10.686,-85.626,-84.2696,-50.3297,-55.4312,85.5858,16.4149,9.51367,6.36877,6.15256,-9.83152,-61.1356,66.6024,18.8408,-382.063,9.4667,4.66166,4.1607,0,LLLLWALLFVLATLLSLLILI,LWALLFVLATLLSLL,0.3598991729703952,0.060734115450833,L,99999900.0,-35.2963,0.0,12.682000000000016,957.6399999999999,-0.03685758740236415,0.0,0.0132429723069212,-0.023615032788939477
LLLVALLILLTYLLFSLLILI_1,110011001100110000,1,-74.3207,-74.1967,-74.2264,-239.399,-229.686,-249.438,-368.641,4671.45,3773.86,3762.22,-22.5997,-1.5982,-77.5219,-66.3569,-44.9766,-94.1122,47.9821,22.0644,9.44055,7.09441,6.31415,-5.07976,-95.4379,32.7408,25.4063,-375.001,9.4526,5.23569,4.2268,1,LLLVALLILLTYLLFSLLILI,VALLILLTYLLFSLL,0.4473968334543827,0.0394147664081463,L,99999900.0,-32.545300000000005,-0.09430000000000405,10.038999999999987,897.5899999999997,-0.036258536748404076,-0.00010505910270836805,0.01118439376552768,-0.025178199400617215
LLLGYLLALLLGTLLSALILI_2,110011001100110000,1,-77.3291,-77.4235,-74.0304,-221.68,-221.474,-241.754,-364.441,4518.58,3584.88,3625.32,-22.5949,-22.5052,-88.0274,-88.049,-48.6564,-69.1906,54.4391,-39.8526,6.93455,4.22787,3.54445,-22.5427,-68.9875,54.3485,-39.7512,-386.77,6.8746,4.18517,3.5004,2,LLLGYLLALLLGTLLSALILI,GYLLALLLGTLLSAL,0.8870698979682432,0.0881055491022736,G,99999900.0,-39.371,-3.2986999999999966,20.073999999999984,933.6999999999998,-0.042166648816536374,-0.003532933490414477,0.02149941094569989,-0.024199314554996257
LLLYSLLALLLGTLLGFLILI_2,110011001100110000,1,-65.3928,-71.9728,-58.7271,-220.765,-220.593,-245.189,-340.151,4627.04,3635.74,3545.36,-22.5895,8081.87,-76.5826,8034.28,-36.2353,-72.9009,48.3326,-32.4582,7.09777,3.96004,3.18503,4464.22,-65.5548,56.8812,-35.0605,7741.72,6.8434,4.01218,3.3654,2,LLLYSLLALLLGTLLGFLILI,YSLLALLLGTLLGFL,0.1635901681475372,0.0323094615081717,G,99999900.0,-40.3473,-6.665699999999994,24.424000000000007,991.3000000000002,-0.040701402199132444,-0.006724200544739224,0.024638353676989813,-0.02278775345505901
LLLYFLLAILVTLLLSLLILI_0,110011001100110000,1,-70.6333,-70.7343,-74.1592,-236.627,-230.686,-251.782,-368.068,4660.97,3683.92,3784.65,-22.5861,-10.3652,-83.3939,-77.0128,-42.1271,-104.965,25.636,18.469,9.0648,5.70562,4.59016,-9.24846,-111.368,7.59807,18.0,-378.434,9.5,4.23094,2.84491,0,LLLYFLLAILVTLLLSLLILI,YFLLAILVTLLLSLL,0.2274914085988303,0.0689966766612492,L,99999900.0,-41.2668,3.525899999999993,15.155000000000001,977.0500000000002,-0.042236118929430425,0.0036087201269126372,0.015510976920321374,-0.023116626580011252
LLLYALLLALLVSLLFTLILI_1,110011001100110000,1,-74.1887,-74.1887,-74.1887,-238.062,-235.087,-250.034,-360.732,4693.27,3866.47,3805.54,-22.5858,-18.8978,-71.0666,-70.3539,-36.5091,-40.4801,78.6241,-31.9415,8.50235,3.18626,2.86563,-19.6204,-39.3076,75.987,-35.0,-380.81,8.4047,2.65439,2.2942,1,LLLYALLLALLVSLLFTLILI,YALLLALLVSLLFTL,0.3930035816257004,0.0474438113508236,R,99999900.0,-34.5575,0.0,11.97199999999998,826.8000000000006,-0.0417966860183841,0.0,0.014479922593130105,-0.027317126269956436
LLLATLLVGLLFLLLGLLILI_2,110011001100110000,1,-50.25,-51.7069,-44.9989,-226.205,-226.232,-243.533,-347.229,4626.03,3724.99,3483.33,-22.5773,12678.8,-93.3518,12609.5,-58.6971,-37.5649,75.9879,-42.3819,7.43787,2.39311,2.03292,10659.3,-36.3008,67.5299,-37.7338,12385.4,6.896,1.06165,0.574598,2,LLLATLLVGLLFLLLGLLILI,ATLLVGLLFLLLGLL,0.531148467042467,0.0537671105833025,G,99999900.0,-34.6547,-5.251100000000001,17.327999999999975,901.04,-0.038460778655775546,-0.005827821184409129,0.019231110716505344,-0.02505693420935808
LLLVTLLFALYLLLASLLILI_2,110011001100110000,1,-64.6816,-64.2427,-60.4332,-229.278,-221.822,-245.296,-353.179,4656.45,3753.71,3717.57,-22.5562,-15.5205,-81.7757,-82.6344,-47.4499,-109.126,22.5357,23.2226,8.97479,5.91114,4.74917,-11.9972,-111.721,5.89437,23.2374,-364.459,8.9237,4.05389,2.64231,2,LLLVTLLFALYLLLASLLILI,VTLLFALYLLLASLL,0.4160510450058471,0.0854955889730158,L,99999900.0,-34.3258,-4.248400000000004,16.018,902.7399999999998,-0.03802401577419856,-0.004706116932893197,0.017743757892637973,-0.02498637481445378
LLLTFLLAVLLGLLLGALILI_1,110011001100110000,1,-48.6984,-44.9676,-44.9676,-221.874,-222.526,-238.849,-171.381,4581.3,3486.18,3538.42,-22.5442,-5.05092,76.6469,91.0619,112.436,-73.4862,50.9457,-39.1827,7.30086,4.40061,3.6648,-15.6556,-76.6711,46.9516,-39.8118,-186.448,7.5,4.33913,3.5434,1,LLLTFLLAVLLGLLLGALILI,TFLLAVLLGLLLGAL,0.6450431012985057,0.0883824980357067,G,99999900.0,-35.789100000000005,-3.730800000000002,16.974999999999994,1095.1200000000003,-0.032680528161297386,-0.0034067499452114843,0.01550058441084081,-0.0205860544963109
LLLYTLLVALLALLLGLLILI_1,110011001100110000,1,-50.6671,-51.9392,-44.9829,-232.415,-232.467,-245.215,-353.426,4717.11,3840.35,3659.68,-22.5333,13015.3,-92.8777,12946.3,-63.2284,-38.0234,78.4303,-40.302,7.66955,2.7916,2.46805,6333.22,-36.0293,69.0807,-35.6829,12654.7,7.2857,1.23029,0.766501,1,LLLYTLLVALLALLLGLLILI,YTLLVALLALLLGLL,0.3553058262188353,0.0458813291983051,G,99999900.0,-29.649300000000004,-5.684199999999997,12.800000000000011,876.7599999999998,-0.03381689401888774,-0.006483188101646971,0.014599206168164623,-0.02570064783977372
LLLTYLLAVLLGLLLAFLILI_2,110011001100110000,1,-54.5364,-53.5416,-44.9868,-230.074,-230.805,-249.641,-344.551,4610.77,3768.62,3650.13,-22.5308,-12.9312,-82.4713,-73.1353,-49.9228,-71.4285,46.9146,-44.9365,6.94558,3.54774,2.75146,-13.7724,-71.1566,42.8294,-43.0573,-361.888,7.0278,2.95546,2.0979,2,LLLTYLLAVLLGLLLAFLILI,TYLLAVLLGLLLAFL,0.508470813495443,0.0326994630702972,G,99999900.0,-32.5485,-9.549599999999998,19.56699999999998,842.1500000000005,-0.038649290506441815,-0.011339547586534457,0.02323457816303505,-0.026753903698865978
LLLYSLLLALLFALLTILILI_1,110011001100110000,1,-69.8129,-62.1425,-58.8896,-233.874,-232.046,-251.5,-355.744,4677.28,3850.0,3691.21,-22.5205,724.628,-74.5781,663.073,-45.3542,-51.0305,84.899,-43.2262,8.21942,5.61593,5.38942,719.33,-54.1112,74.7115,-35.0,510.937,8.1658,4.70273,4.3234,1,LLLYSLLLALLFALLTILILI,YSLLLALLFALLTIL,0.4693077537845631,0.0524383403811252,R,99999900.0,-29.223900000000008,-10.923299999999998,17.626000000000005,827.2799999999997,-0.03532528285465624,-0.013203872932985205,0.0213059665409535,-0.027222343100280443
LLLLVFLLALLYLLTILLILI_1,110011001100110000,1,-58.7981,-50.3316,-58.7981,-244.362,-239.707,-249.139,-361.908,4663.22,3882.09,3585.86,-22.5186,590.723,-81.2674,518.853,-53.9714,-55.8048,70.3707,29.9471,10.3905,4.37078,3.92634,236.228,-59.5425,47.6782,27.3052,227.988,8.6304,1.86793,1.0831,1,LLLLVFLLALLYLLTILLILI,LVFLLALLYLLTILL,0.7253336915913574,0.0886693281709365,L,99999900.0,-27.295999999999992,0.0,4.777000000000015,781.1300000000001,-0.034944247436406214,0.0,0.00611549934069875,-0.028828236017052214
LLLYVLLTILLAFLLILLILI_2,110011001100110000,1,-58.9032,-58.9032,-58.9032,-253.318,-248.093,-255.365,-360.822,4716.74,4080.43,3825.21,-22.5097,770.974,-71.1104,717.148,-46.5532,-67.9061,70.0961,-40.1819,9.1927,6.14889,5.70033,728.008,-63.1873,55.2127,-36.6493,393.347,8.5138,3.43181,2.76,2,LLLYVLLTILLAFLLILLILI,YVLLTILLAFLLILL,0.3026792987652192,0.0484070395697237,R,99999900.0,-24.5572,0.0,2.046999999999997,636.31,-0.03859313856453616,0.0,0.003216985431629233,-0.03537536735239113
LLLLAVLLATLLALLSFLILI_0,110011001100110000,1,-74.2354,-74.2354,-74.2354,-226.471,-210.939,-238.57,-364.275,4511.09,3654.48,3668.43,-22.5082,-2.7192,-86.077,-81.8202,-51.4701,-49.3506,93.5846,17.4393,9.09123,6.53651,6.44028,-2.31171,-50.5223,77.5983,19.578,-366.994,9.0984,4.55412,4.2181,0,LLLLAVLLATLLALLSFLILI,LAVLLATLLALLSFL,0.3677926929759472,0.0148269415838793,L,99999900.0,-34.606899999999996,0.0,12.09899999999999,856.6100000000001,-0.04039983189549502,0.0,0.014124280594436194,-0.0262759015187775
LLLFALLTILLSLLAVLLILI_0,110011001100110000,1,-70.6701,-74.3228,-74.3228,-239.682,-228.998,-242.963,-371.388,4593.96,3808.2,3817.04,-22.5064,-9.75658,-83.5417,-77.8238,-54.1016,-99.4469,29.9034,21.554,9.18708,5.45399,4.40254,-10.1162,-99.2526,18.5861,24.7801,-381.144,9.1248,3.89701,2.6758,0,LLLFALLTILLSLLAVLLILI,FALLTILLSLLAVLL,0.3342511890926808,0.0991956151674235,L,99999900.0,-29.440100000000008,3.652699999999996,3.281000000000006,785.7600000000002,-0.037467038281409085,0.004648620443901439,0.004175575239258813,-0.02864284259824882
LLLYALLTSLLVALLFLLILI_0,110011001100110000,1,-74.2242,-74.2242,-74.2242,-242.945,-235.274,-250.131,-360.859,4692.45,3894.66,3859.41,-22.5041,-13.1643,-66.194,-64.5256,-36.5042,-30.4227,111.024,-39.6226,8.55467,6.05168,6.21705,-13.7199,-35.5651,88.7149,-39.2404,-374.024,9.0,3.81128,3.642,0,LLLYALLTSLLVALLFLLILI,YALLTSLLVALLFLL,0.3470041872025822,0.0128096511617482,R,99999900.0,-29.689800000000005,0.0,7.186000000000007,797.79,-0.037215056593840494,0.0,0.009007382895248132,-0.028208049737399567
LLLLFLLLTALLVLLSILILI_1,110011001100110000,1,-74.2268,-74.192,-74.2439,-238.189,-234.38,-246.287,-381.099,4635.77,3660.68,3671.19,-22.4927,-16.8741,-91.1765,-89.4018,-60.5685,-56.0521,80.2091,28.6515,9.50698,5.73605,5.43918,-6.86333,-59.7713,62.84,23.7958,-387.494,9.4205,3.9491,3.3917,1,LLLLFLLLTALLVLLSILILI,LFLLLTALLVLLSIL,0.3467944982415971,0.0646655956990378,L,99999900.0,-30.608000000000004,0.017099999999999227,8.098000000000013,975.0900000000006,-0.031389922981468366,1.7536842752975843e-05,0.008304874421848248,-0.02306730660759518
LLLFGLLTALLGILLSALILI_0,110011001100110000,1,-81.1522,-79.6479,-74.0663,-222.839,-216.646,-234.211,-348.664,4512.35,3750.96,3691.68,-22.4881,-13.6926,-67.1609,-66.0628,-40.3867,-55.4749,84.1568,-37.4258,7.08799,6.18241,5.94476,-12.7675,-58.964,70.3833,-36.9712,-362.356,7.2253,4.84635,4.4021,0,LLLFGLLTALLGILLSALILI,FGLLTALLGILLSAL,0.2363814065704582,0.0150136257076657,G,99999900.0,-26.7742,-7.085899999999995,11.372000000000014,761.3900000000003,-0.03516489578271318,-0.009306531475328008,0.014935841027594281,-0.02953558623044693
LLLLYWLLAVLLSLLATLILI_1,110011001100110000,1,-74.2539,-74.2539,-74.2539,-232.618,-225.872,-248.582,-371.408,4607.68,3634.36,3707.51,-22.4655,23.8451,-87.0018,-47.4365,-48.5722,-7.54778,113.018,17.7962,8.8428,2.88964,3.08491,1.64936,-7.68243,98.1969,18.0,-371.346,9.1491,0.908946,0.8819,1,LLLLYWLLAVLLSLLATLILI,LYWLLAVLLSLLATL,0.461687588625132,0.05770423206455,L,99999900.0,-38.4296,0.0,15.963999999999999,973.3200000000002,-0.03948300661652899,0.0,0.01640159454239099,-0.023081309333004556
LLLSSLLALLLGTLLGFLILI_2,110011001100110000,1,-78.6554,-87.3085,-58.7549,-218.489,-215.468,-257.279,-366.15,4497.43,3496.56,3364.94,-22.4564,4849.87,-91.4626,4786.49,-50.1164,-72.8387,50.0454,-36.2611,7.01999,4.18193,3.43261,3655.68,-65.5548,56.8812,-35.0605,4483.72,6.8434,4.01218,3.3654,2,LLLSSLLALLLGTLLGFLILI,SSLLALLLGTLLGFL,0.2233897859770789,0.0618249767128492,G,99999900.0,-41.346199999999996,-19.9005,38.78999999999999,1000.8700000000003,-0.04131026007373583,-0.019883201614595298,0.03875628203462985,-0.0224368799144744
LLLLLILTALLFVLLSLLILI_2,110011001100110000,1,-74.2402,-74.2407,-74.228,-236.809,-223.375,-245.397,-383.707,4596.46,3695.24,3685.31,-22.4552,2.40151,-95.1125,-83.6889,-64.0819,-56.3755,64.547,21.4237,9.13795,3.67016,3.13837,-8.38668,-60.6627,45.9066,21.8615,-391.112,9.0485,1.7968,0.985399,2,LLLLLILTALLFVLLSLLILI,LLILTALLFVLLSLL,0.4317009548006063,0.0625057946593104,L,99999900.0,-31.030599999999993,-0.012200000000007094,8.587999999999994,901.2200000000003,-0.03443177026697142,-1.3537205121953674e-05,0.009529304720268071,-0.02491644659461618
LLLAGLLAALLGILLTLLILI_0,110011001100110000,1,-63.4548,-61.9608,-58.7204,-217.341,-212.224,-234.849,-358.788,4414.56,3707.59,3626.6,-22.4355,-16.1951,-100.428,-100.798,-65.2186,-63.9106,75.5349,-46.5868,6.91151,6.2838,5.91682,-16.5382,-66.3393,65.908,-41.8645,-374.983,7.0016,5.34848,4.8371,0,LLLAGLLAALLGILLTLLILI,AGLLAALLGILLTLL,0.2987224648181483,0.0700491728600566,G,99999900.0,-35.2094,-4.734400000000001,17.50799999999998,706.9700000000003,-0.04980324483358557,-0.006696748093978527,0.024764841506711707,-0.03173472707469906
LLLAGLLFLLLGVLLATLILI_1,110011001100110000,1,-62.7149,-64.0377,-58.8369,-220.641,-216.448,-235.285,-343.999,4530.48,3622.39,3611.94,-22.4179,-17.1919,-83.0613,-80.7054,-49.8769,-73.9836,61.9057,-38.9782,7.32361,5.9548,5.38339,-16.333,-73.6779,53.5881,-38.6441,-359.894,7.4088,4.78608,4.0899,1,LLLAGLLFLLLGVLLATLILI,AGLLFLLLGVLLATL,0.3603106792465777,0.0206253119958596,G,99999900.0,-33.184400000000004,-3.878,14.644000000000005,908.0899999999997,-0.03654307392439077,-0.004270501822506581,0.016126154896541102,-0.024686870244138806
LLLSTLLGALLGALLGFLILI_1,110011001100110000,1,-72.0011,-69.4302,-44.8671,-213.033,-213.076,-249.237,-339.008,4423.74,3695.84,3604.67,-22.4124,-18.5556,-76.3864,-75.0566,-44.9034,-72.0306,60.5679,-36.2999,6.37433,5.48126,4.88977,-15.088,-68.8242,63.6738,-35.7825,-355.924,6.5843,5.41959,4.8747,1,LLLSTLLGALLGALLGFLILI,STLLGALLGALLGFL,0.9583099722070793,0.0294580971468472,G,99999900.0,-31.482999999999997,-27.133999999999993,36.20400000000001,727.8999999999996,-0.04325182030498697,-0.037277098502541565,0.04973760131886252,-0.03079049319961535
LLLYFLLFTLLAVLLSLLILI_0,110011001100110000,1,-74.2363,-74.2363,-74.2363,-240.555,-235.912,-250.244,-352.101,4728.12,3947.59,3960.36,-22.4112,-17.7329,-59.7209,-59.6855,-27.621,-64.4136,68.8886,-46.6941,8.39877,5.46199,4.99532,-17.2573,-62.5584,66.025,-45.0,-369.834,8.4703,4.79713,4.2875,0,LLLYFLLFTLLAVLLSLLILI,YFLLFTLLAVLLSLL,0.2266330079606457,0.0920270650144732,R,99999900.0,-32.099900000000005,0.0,9.688999999999993,780.5299999999997,-0.04112577351286948,0.0,0.012413360152716739,-0.028712797714373576
LLLYTLLIALLFVLLSALILI_1,110011001100110000,1,-74.2531,-68.3616,-60.4202,-229.664,-232.551,-249.872,-340.601,4698.28,3782.39,3853.49,-22.4076,-22.1576,-59.0917,-61.8455,-30.3087,-47.7522,89.2016,-46.3718,7.98933,5.70504,5.54306,-21.015,-47.7386,87.5794,-45.0,-361.397,8.0045,5.48401,5.2977,1,LLLYTLLIALLFVLLSALILI,YTLLIALLFVLLSAL,0.2496211275670866,0.0485753391670574,R,99999900.0,-28.783,-13.832900000000002,20.208000000000027,915.8899999999999,-0.03142626297917873,-0.015103232920983966,0.02206378495234147,-0.024465383397569578
LLLYTLLAALLVLLLFSLILI_2,110011001100110000,1,-69.0202,-74.0295,-60.3998,-235.029,-230.512,-251.451,-354.711,4747.06,3913.41,3744.06,-22.399,-20.0785,-73.0601,-70.248,-42.8601,-53.7183,88.5327,-46.9263,8.84463,6.50965,6.33764,-18.2233,-49.6955,84.1851,-43.2834,-373.015,9.0,5.31932,5.0821,2,LLLYTLLAALLVLLLFSLILI,YTLLAALLVLLLFSL,0.2633837430862295,0.0123747610901083,R,99999900.0,-30.200000000000003,-8.620400000000004,16.421999999999997,833.6500000000005,-0.03622623403106817,-0.010340550590775504,0.019698914412523225,-0.02686858993582437
LLLLVALLAILFLLLSTLILI_0,110011001100110000,1,-74.1857,-71.0551,-74.2653,-238.652,-221.413,-242.506,-371.158,4533.3,3784.02,3705.17,-22.3988,-3.25876,-80.7192,-81.9494,-54.3868,-10.6744,107.432,22.8272,8.9607,2.60444,2.71591,-2.02356,-15.4674,86.8993,20.4362,-374.417,8.9034,0.551511,0.355,0,LLLLVALLAILFLLLSTLILI,LVALLAILFLLLSTL,0.3816473128436015,0.038302281774823,L,99999900.0,-26.3324,0.07959999999999923,3.8540000000000134,749.2800000000002,-0.03514360452701259,0.00010623531923980248,0.005143604527012615,-0.02989376468076019
LLLFALLILLVSLLLTLLILI_0,110011001100110000,1,-74.2429,-74.2637,-74.3103,-239.985,-226.308,-245.184,-381.467,4706.77,3808.78,3655.06,-22.3887,7421.1,-89.6276,7340.21,-61.9727,-101.428,36.8306,30.4395,9.77129,6.68627,5.73873,5466.81,-108.558,13.7253,22.6463,7039.63,9.4795,4.63662,3.3425,0,LLLFALLILLVSLLLTLLILI,FALLILLVSLLLTLL,0.4448665120975137,0.0197246299032431,L,99999900.0,-27.654899999999998,0.06739999999999213,5.198999999999984,897.9900000000002,-0.030796445394714853,7.505651510595009e-05,0.005789596766110961,-0.024932014833127313
LLLLLLLLTVLTALLFALILI_1,110011001100110000,1,-72.4602,-72.4432,-72.5644,-232.121,-231.169,-242.816,-371.813,4570.64,3657.37,3674.68,-22.3846,-14.2881,-89.6159,-82.4884,-56.4328,-10.5998,110.423,22.0008,9.30424,2.99701,3.15335,-3.72826,-15.2279,93.3614,21.5317,-375.588,9.5,1.38798,1.2884,1,LLLLLLLLTVLTALLFALILI,LLLLLTVLTALLFAL,0.3724347327769082,0.0415658769015261,L,99999900.0,-33.183099999999996,0.10420000000000584,10.694999999999993,913.2700000000004,-0.03633438085122689,0.00011409550297284023,0.011710666068085001,-0.024510385756676543
LLLWYLLLVLLATLLIFLILI_1,110011001100110000,1,-70.1659,-65.543,-58.796,-244.932,-241.054,-257.249,-360.981,4718.92,3987.77,3819.59,-22.3752,81.2707,-68.2581,26.8865,-44.9364,-59.0251,57.3218,-41.4878,9.43002,3.09222,2.45204,66.0436,-53.1248,51.1385,-44.4724,-256.948,8.4512,1.37242,0.639498,1,LLLWYLLLVLLATLLIFLILI,WYLLLVLLATLLIFL,0.3492550183050085,0.0432695809412857,R,99999900.0,-23.3217,-11.369899999999994,12.317000000000036,731.1500000000001,-0.03189728509881693,-0.015550707789099354,0.0168460644190659,-0.030602749093893176
LLLFALLTVLLSLLYLLLILI_0,110011001100110000,1,-70.6852,-70.6457,-74.3339,-242.596,-225.943,-249.931,-372.571,4692.93,3741.59,3699.97,-22.3741,39.0586,-81.6644,-36.9242,-48.3059,-94.9666,52.1046,25.3574,9.41866,7.77911,7.06068,37.6623,-97.9457,30.4483,18.4225,-333.512,9.4224,5.30238,4.2591,0,LLLFALLTVLLSLLYLLLILI,FALLTVLLSLLYLLL,0.2296108259858133,0.0596325559650205,L,99999900.0,-33.3585,3.648700000000005,7.335000000000008,951.3400000000001,-0.03506475077259444,0.0038353270124245847,0.007710177223705517,-0.02351851073223032
LLLVALLFLLTALLASLLILI_2,110011001100110000,1,-74.2441,-74.2441,-74.1862,-227.08,-227.524,-238.478,-363.168,4604.31,3616.3,3688.53,-22.3648,-19.0131,-84.2085,-80.413,-50.5032,-99.6249,42.2639,17.7771,8.45306,7.14936,6.28331,-7.92945,-101.418,26.0133,19.6683,-370.7,8.5316,5.22449,4.11469,2,LLLVALLFLLTALLASLLILI,VALLFLLTALLASLL,0.3796494841159938,0.0438698432387095,L,99999900.0,-33.7053,-0.057900000000003615,11.397999999999996,988.0100000000002,-0.03411433082661106,-5.8602645722212936e-05,0.011536320482586203,-0.02263620813554518
LLLLYVLLATLILLLFSLILI_1,110011001100110000,1,-77.85,-74.2413,-74.2413,-246.459,-234.43,-248.69,-364.31,4612.65,4006.77,3754.84,-22.3644,47.0268,-62.3656,-8.61176,-41.3781,-44.4622,74.3268,18.2487,10.9839,3.20345,2.81835,15.0699,-47.5614,60.8613,19.2779,-275.387,9.4842,1.85048,1.2634,1,LLLLYVLLATLILLLFSLILI,LYVLLATLILLLFSL,0.5388453266804908,0.0580898482643791,L,99999900.0,-20.987499999999997,-3.608699999999999,2.2309999999999945,605.8799999999997,-0.034639697629893725,-0.005956129926718163,0.003682247309698283,-0.036912259853436345
LLLYVLLTLLLGALLGFLILI_1,110011001100110000,1,-64.7038,-64.1167,-58.8225,-229.534,-226.853,-245.098,-340.314,4636.71,3929.35,3595.03,-22.3624,34376.8,-68.4392,34327.5,-36.3936,-47.7011,58.2363,-57.6852,6.9523,1.51707,0.890611,25726.6,-43.2635,63.1811,-42.5139,34021.8,7.006,1.51898,0.966697,1,LLLYVLLTLLLGALLGFLILI,YVLLTLLLGALLGFL,0.2848738323458977,0.098933818546618,G,99999900.0,-32.0456,-5.881300000000003,15.564000000000021,707.3600000000001,-0.04530309884641483,-0.008314436779009277,0.022002940511196587,-0.03161388826057453
LLLLTLLLAILALLLSVLILI_0,110011001100110000,1,-60.4581,-60.4286,-60.4286,-230.581,-216.81,-241.156,-383.023,4541.06,3682.07,3716.82,-22.3446,-0.887138,-114.329,-106.671,-81.438,-50.0694,86.7385,21.6498,8.87284,5.72011,5.52119,-0.49003,-56.9271,66.5563,23.7083,-383.91,9.2343,4.02416,3.5225,0,LLLLTLLLAILALLLSVLILI,LTLLLAILALLLSVL,0.6258337647544661,0.030773262645417,L,99999900.0,-32.89099999999999,-0.02949999999999875,10.575000000000017,858.9900000000002,-0.03829031769869263,-3.434265823816196e-05,0.01231096985995182,-0.02601264275486326
LLLYLLLATLLAFLLSILILI_0,110011001100110000,1,-74.1883,-73.9913,-74.0792,-236.59,-227.307,-250.461,-366.814,4662.93,3868.29,3781.94,-22.3431,-14.7957,-78.3788,-80.3117,-42.2742,-81.0747,58.0355,-43.5394,7.95337,6.49598,5.86652,-14.1508,-72.3455,59.1071,-38.7139,-381.61,8.3283,5.33129,4.7179,0,LLLYLLLATLLAFLLSILILI,YLLLATLLAFLLSIL,0.2546054088867307,0.0328898361522953,R,99999900.0,-36.1046,-0.10909999999999798,13.87100000000001,794.6400000000003,-0.045435165609584195,-0.0001372948756669661,0.017455703211517168,-0.0281172606463304
LLLVYLLIALLTALLSLLILI_0,110011001100110000,1,-81.4347,-82.4427,-74.2816,-231.839,-228.56,-242.977,-376.46,4598.32,3779.37,3876.2,-22.3345,-16.8111,-85.5207,-82.2689,-59.202,-22.4454,96.2729,-43.5916,8.70324,2.86365,2.80774,-17.4903,-22.0295,90.9785,-43.2966,-393.271,8.7631,2.08652,1.9512,0,LLLVYLLIALLTALLSLLILI,VYLLIALLTALLSLL,0.4436122120698036,0.0251720121660645,R,99999900.0,-26.318700000000007,-7.153100000000009,11.138000000000005,818.9499999999998,-0.0321371268087185,-0.008734477074302473,0.01360034190121498,-0.0272721167348434
LLLYTLLVALLFILLSLLILI_1,110011001100110000,1,-68.8678,-68.6492,-60.351,-238.689,-235.228,-254.898,-360.949,4759.71,3942.46,3816.05,-22.3276,-15.0336,-75.7197,-72.1051,-45.7001,-54.8501,86.2434,-43.9147,8.47904,6.37037,6.16402,-5.71651,-51.2979,78.2928,-38.8144,-365.222,8.175,4.76421,4.4386,1,LLLYTLLVALLFILLSLLILI,YTLLVALLFILLSLL,0.1814220747504517,0.0172814424939505,R,99999900.0,-30.019600000000004,-8.516800000000003,16.209000000000003,817.25,-0.03673245640868768,-0.010421290914652803,0.019833588253288473,-0.027320403793208933
LLLAVLLLTLLFTLLSYLILI_0,110011001100110000,1,-87.9553,-87.9553,-87.9307,-241.515,-231.789,-249.026,-376.633,4575.42,3891.78,3755.28,-22.323,-14.2779,-69.4859,-71.1663,-39.6761,-35.8957,93.4491,-46.119,8.65791,4.49999,4.40173,-14.1793,-41.502,70.4733,-45.0,-390.911,8.6612,2.2392,1.7963,0,LLLAVLLLTLLFTLLSYLILI,AVLLLTLLFTLLSYL,0.2047752338763053,0.0769306082351586,R,99999900.0,-29.809800000000003,-0.024599999999992406,7.511000000000024,683.6399999999999,-0.04360452869931544,-3.5983851149716826e-05,0.010986776666081602,-0.032653150781112875
LLLLFALLTALVALLSLLILI_0,110011001100110000,1,-67.4992,-69.093,-74.3087,-237.242,-224.417,-238.62,-200.426,4570.08,3636.13,3730.67,-22.3188,-7.80979,81.9969,85.2747,112.503,-4.32141,110.888,27.3283,9.24856,2.1181,2.28142,-6.55313,-3.25933,98.77,22.3804,-208.235,9.4501,0.32285,0.3044,0,LLLLFALLTALVALLSLLILI,LFALLTALVALLSLL,0.5635772861107894,0.0716362214934936,L,99999900.0,-30.506100000000004,6.8095,1.3780000000000143,933.9499999999998,-0.032663525884683346,0.007291075539375771,0.001475453718079142,-0.02389721077145458
LLLYALLTVLALLLFSLLILI_1,110011001100110000,1,-70.6034,-67.1427,-74.2031,-236.874,-228.364,-250.15,-362.595,4680.83,3758.42,3830.61,-22.3167,-0.667911,-77.435,-67.7561,-38.2423,-102.917,43.678,21.6239,9.13673,7.83414,6.98931,-0.959022,-104.528,19.8573,25.1083,-363.599,9.5,4.85993,3.65779,1,LLLYALLTVLALLLFSLLILI,YALLTVLALLLFSLL,0.2752242441558186,0.037599067069496,L,99999900.0,-39.1927,3.599700000000013,13.27600000000001,922.4099999999999,-0.04248945696599127,0.0039024945523140615,0.014392732082262782,-0.024193905096432176
LLLSYLLTVLLGILLGLLILI_2,110011001100110000,1,-70.7324,-77.5614,-58.7344,-234.407,-230.637,-252.369,-367.703,4561.92,3841.45,3485.44,-22.3046,1203920.0,-84.8689,1203860.0,-56.6,-49.9802,68.333,-52.6985,8.69212,3.22198,2.74697,1136500.0,-50.2915,51.0798,-42.8435,1203520.0,7.1438,0.939503,0.205701,2,LLLSYLLTVLLGILLGLLILI,SYLLTVLLGILLGLL,0.6440905501594919,0.0597603324102001,G,99999900.0,-28.268899999999995,-11.997999999999998,17.96199999999999,720.4700000000003,-0.03923674823379181,-0.016653018168695424,0.024930947853484507,-0.030958402154149366
LLLYALLALLVTLLFSLLILI_2,110011001100110000,1,-70.6781,-70.6904,-74.2593,-237.06,-230.327,-250.082,-359.995,4667.39,3824.68,3837.64,-22.2973,2.02985,-74.5547,-56.9483,-35.6541,-103.816,39.795,26.2867,9.13854,7.44477,6.5417,-4.04157,-109.438,15.4447,28.0,-364.161,9.3468,5.00073,3.7324,2,LLLYALLALLVTLLFSLLILI,YALLALLVTLLFSLL,0.2476817328221897,0.0360979090235112,L,99999900.0,-38.9006,3.5811999999999955,13.021999999999991,842.7100000000005,-0.04616131290716851,0.004249623239311262,0.015452528153219949,-0.026459042849853433
LLLFALLAVLITLLLSLLILI_2,110011001100110000,1,-67.1534,-70.7228,-74.2921,-231.602,-230.331,-241.39,-370.89,4627.56,3713.58,3799.82,-22.2948,29.5944,-94.4288,-40.2419,-55.2074,-103.503,34.867,21.4705,8.85629,6.73243,5.75543,-2.1151,-112.369,10.849,18.0897,-374.126,9.5,4.81996,3.48269,2,LLLFALLAVLITLLLSLLILI,FALLAVLITLLLSLL,0.4959078010364846,0.0361308767508445,L,99999900.0,-39.221399999999996,7.1387,9.787999999999982,913.9800000000005,-0.042912755202520816,0.007810564782599177,0.010709205890719685,-0.024393093940786436
LLLVSLLILLTALLFLLLILI_1,110011001100110000,1,-68.3443,-68.443,-58.959,-229.906,-227.139,-246.51,-372.393,4661.25,3669.09,3762.4,-22.2812,10.155,-96.424,-66.6566,-66.924,-101.665,21.0223,27.1364,9.46204,4.58771,3.40304,13.158,-101.776,11.63,23.7329,-357.01,9.4673,3.33645,2.0109,1,LLLVSLLILLTALLFLLLILI,VSLLILLTALLFLLL,0.3802997210675407,0.0718463994297802,L,99999900.0,-29.5,-9.3853,16.603999999999985,992.1599999999999,-0.029733107563296248,-0.009459462183518789,0.01673520399935493,-0.02245726495726496
LLLLYVLLLLLATLFSLLILI_0,110011001100110000,1,-74.1131,-74.1131,-74.1131,-237.648,-221.886,-247.903,-370.584,4647.14,3723.14,3676.43,-22.2724,977.99,-81.0952,903.405,-48.5681,-68.9085,54.7514,16.3076,10.1216,4.22771,3.54898,308.806,-67.1026,39.5354,23.4345,607.405,9.3202,1.90267,0.995701,0,LLLLYVLLLLLATLFSLLILI,LYVLLLLLATLFSLL,0.2732414324219473,0.0253157932017904,L,99999900.0,-32.527100000000004,0.0,10.254999999999995,924.0000000000005,-0.035202489177489166,0.0,0.011098484848484838,-0.024104329004328993
LLLSALLGVLLGTLLGFLILI_2,110011001100110000,1,-67.3756,-67.6729,-58.6887,-221.091,-218.997,-241.246,-340.288,4442.99,3771.82,3558.84,-22.2687,212.533,-74.0907,158.915,-40.3539,-73.2528,39.3756,-48.0439,6.59174,2.80362,1.89426,136.491,-69.5064,38.1576,-45.0,-127.755,6.5231,2.07724,1.1496,2,LLLSALLGVLLGTLLGFLILI,SALLGVLLGTLLGFL,0.7297362315326109,0.0758233933761075,G,99999900.0,-33.736799999999995,-8.686900000000009,20.155,671.1699999999996,-0.050265655497117,-0.012942920571539273,0.030029649716167308,-0.03317892635248895
LLLTVLLLGLLFGLLFALILI_1,110011001100110000,1,-44.9318,-44.9318,-44.9318,-225.568,-223.207,-241.416,-331.738,4581.23,3780.08,3587.08,-22.2553,-18.0324,-83.4927,-81.6312,-45.3894,-33.4521,72.8288,-42.6631,7.17856,1.3497,0.94213,-18.2896,-30.525,71.559,-44.3251,-350.036,7.1169,0.739215,0.3126,1,LLLTVLLLGLLFGLLFALILI,TVLLLGLLFGLLFAL,0.5463569867785035,0.0655744661588295,G,99999900.0,-38.1033,0.0,15.847999999999985,801.1499999999996,-0.04756075641265682,0.0,0.01978156400174748,-0.02777919241090933
LLLAALLLLLTSLLYSLLILI_0,110011001100110000,1,-89.4706,-95.0124,-89.5938,-227.35,-219.937,-244.795,-391.348,4600.52,3659.59,3619.18,-22.25,47.4661,-96.777,-28.9325,-56.9589,-106.058,25.9929,26.2177,9.33712,5.91772,4.80762,31.8674,-110.019,10.601,18.0,-343.882,9.1462,4.43399,3.09301,0,LLLAALLLLLTSLLYSLLILI,AALLLLLTSLLYSLL,0.2908066864077313,0.0209575683681635,L,99999900.0,-39.8181,0.12319999999999709,17.444999999999993,940.9300000000003,-0.0423178132273389,0.000130934288416776,0.018540167706418104,-0.02364681751033551
LLLYALLTILLTFLLSLLILI_1,110011001100110000,1,-84.0387,-85.4792,-87.9271,-246.24,-233.658,-254.157,-374.828,4722.08,3991.41,3873.3,-22.2496,-14.296,-66.7985,-69.9859,-32.7435,-79.6215,57.6423,-35.2862,9.00558,6.22493,5.58956,-14.4428,-72.6011,53.9923,-36.179,-390.999,9.0,4.67912,3.989,1,LLLYALLTILLTFLLSLLILI,YALLTILLTFLLSLL,0.2927590902693959,0.1266064067851441,R,99999900.0,-34.05500000000001,3.88839999999999,7.917000000000002,730.6700000000001,-0.04660790781063955,0.0053216910506795,0.010835260788043852,-0.030450955971916185
LLLYWLLVALLITLLFLLILI_1,110011001100110000,1,-59.6023,-54.0835,-58.8485,-241.985,-242.004,-259.185,-357.978,4796.86,3807.95,3779.15,-22.237,-16.0236,-78.6272,-77.9136,-39.9437,-25.625,95.9302,-46.2164,9.05821,3.29432,3.23327,-18.8983,-25.2182,95.9818,-44.3531,-378.7,9.0,3.24027,3.18,1,LLLYWLLVALLITLLFLLILI,YWLLVALLITLLFLL,0.3991579754083181,0.0408872628291141,R,99999900.0,-38.6835,-0.7537999999999982,17.19999999999999,988.9099999999999,-0.03911731097875439,-0.0007622533900961649,0.017392887118140167,-0.02248637388640018
LLLASLLLTLLALLLAFLILI_1,110011001100110000,1,-72.1854,-64.2202,-58.8135,-227.741,-224.421,-241.04,-358.791,4564.33,3887.07,3639.91,-22.2333,7568.58,-81.0982,7498.43,-58.9373,-54.0722,77.7069,-42.445,8.45142,5.10127,4.76687,5513.18,-54.0174,63.9799,-35.0,7204.85,8.0,3.2399,2.6996,1,LLLASLLLTLLALLLAFLILI,ASLLLTLLALLLAFL,0.3688098099096313,0.0626405969511579,R,99999900.0,-22.160900000000005,-13.371900000000004,13.298999999999978,677.2599999999998,-0.032721406845229326,-0.01974411599681069,0.019636476390160328,-0.032828308182972575
LLLYSLLFTLLIVLLALLILI_2,110011001100110000,1,-63.5738,-70.5104,-58.7649,-244.78,-237.779,-253.889,-358.746,4714.58,3976.54,3831.21,-22.2325,3116.49,-72.6247,3066.03,-46.0919,-39.0542,85.7119,-41.2747,9.56399,3.92924,3.71492,2637.52,-41.4867,66.182,-35.0,2779.1,8.3362,1.65757,1.1503,2,LLLYSLLFTLLIVLLALLILI,YSLLFTLLIVLLALL,0.2421842534356063,0.0589873073372808,R,99999900.0,-26.5328,-4.808900000000001,9.109000000000009,738.04,-0.03595035499430926,-0.006515771502899574,0.01234214947699313,-0.03012370603219338
LLLVYLLIALLFSLLTLLILI_1,110011001100110000,1,-80.6571,-80.7554,-74.243,-235.419,-235.059,-247.984,-366.452,4724.7,3867.71,3818.48,-22.2216,-14.4166,-72.5974,-65.0538,-44.2253,-23.8117,90.723,-44.4913,8.60771,2.31935,2.1802,-7.61878,-17.6261,86.7132,-42.8643,-374.306,9.0,0.850202,0.650901,1,LLLVYLLIALLFSLLTLLILI,VYLLIALLFSLLTLL,0.348145107988394,0.0260588741753632,R,99999900.0,-28.372099999999996,-6.414100000000005,12.564999999999998,856.9899999999998,-0.03310668735924573,-0.007484451393831908,0.014661781351007597,-0.025929824151973774
LLLSSLLALLLGALLGTLILI_0,110011001100110000,1,-76.3318,-84.2013,-58.7566,-215.119,-212.425,-249.44,-369.064,4456.1,3477.83,3397.37,-22.2133,1648.86,-99.8265,1576.43,-60.8674,-63.6123,59.7256,-36.5216,7.17978,4.1048,3.50069,1067.22,-66.9239,51.0441,-36.0241,1279.8,6.7893,3.42954,2.6952,0,LLLSSLLALLLGALLGTLILI,SSLLALLLGALLGTL,0.3262467031691595,0.0443444715449478,G,99999900.0,-38.95909999999999,-17.575200000000002,34.321,978.2700000000004,-0.039824486082574315,-0.01796559232113833,0.03508336144418206,-0.02270671695953059
LLLGYLLATLLGILLSLLILI_1,110011001100110000,1,-86.6257,-77.678,-74.1017,-227.083,-224.675,-245.762,-373.028,4512.71,3734.11,3688.97,-22.2065,7.70819,-81.5259,-62.9672,-53.164,-65.1039,58.8715,-47.904,7.29141,4.21324,3.59631,-12.3139,-65.1561,56.5106,-42.7605,-386.616,7.4768,3.90234,3.25,1,LLLGYLLATLLGILLSLLILI,GYLLATLLGILLSLL,0.5499987806663483,0.0526847700428469,G,99999900.0,-28.36189999999999,-12.524000000000001,18.679000000000002,778.5999999999999,-0.03642679167736963,-0.016085281274081688,0.02399049576162343,-0.028521063447212947
LLLYSLLLTLLATLLVALILI_0,110011001100110000,1,-85.5166,-85.9676,-72.6098,-235.439,-228.002,-248.113,-365.288,4628.78,3957.26,3848.85,-22.1972,33.254,-66.53,-18.0645,-44.566,-56.7326,79.8609,-50.604,9.06597,5.79111,5.48902,13.2304,-53.5058,73.6956,-45.0,-332.034,8.8777,4.47477,4.0802,0,LLLYSLLLTLLATLLVALILI,YSLLLTLLATLLVAL,0.2554796769793623,0.0462128895436937,R,99999900.0,-21.964,-12.90679999999999,12.674000000000007,671.5199999999995,-0.032707886585656445,-0.019220276387896116,0.018873600190612367,-0.033055158446509435
LLLLLALLLVLTILLSILILI_1,110011001100110000,1,-74.2782,-67.0901,-74.2667,-241.537,-230.946,-245.013,-397.871,4552.05,3763.56,3724.63,-22.1967,-10.3131,-104.252,-110.148,-78.592,-13.1562,108.107,23.5686,9.86987,3.06793,3.18954,-7.06059,-17.4445,89.7935,23.3036,-405.839,9.5,1.2388,1.0857,1,LLLLLALLLVLTILLSILILI,LLALLLVLTILLSIL,0.340755010862428,0.0486383262992539,L,99999900.0,-25.659999999999997,-0.011499999999998067,3.475999999999999,788.4900000000002,-0.0325432155131961,-1.4584839376527368e-05,0.004408426232418925,-0.028150896016436472
LLLSYLLIALLTLLLSFLILI_0,110011001100110000,1,-89.7917,-90.3043,-74.2797,-234.184,-234.522,-257.562,-378.575,4630.52,3921.88,3860.17,-22.1966,-23.3143,-76.7959,-77.0625,-46.7333,-72.7469,42.5407,-42.839,8.9364,3.15503,2.29314,-18.6513,-70.8563,45.7237,-44.789,-401.889,8.8389,3.30114,2.487,0,LLLSYLLIALLTLLLSFLILI,SYLLIALLTLLLSFL,0.4463100061344137,0.0211671659576352,R,99999900.0,-30.062600000000003,-15.512,23.378000000000014,708.6400000000003,-0.042422951004741465,-0.021889817114472784,0.03298995258523369,-0.031322815533980565
LLLTSLLAVLIALLALLLILI_1,110011001100110000,1,-67.3959,-61.6359,-44.9965,-228.852,-215.446,-255.563,-377.773,4539.61,3611.62,3661.05,-22.1921,76.389,-103.717,-24.302,-77.2136,-99.5828,51.1249,24.0225,8.96074,8.33927,7.60615,61.5586,-103.993,25.621,18.4802,-326.773,9.1959,5.55779,4.44211,1,LLLTSLLAVLIALLALLLILI,TSLLAVLIALLALLL,0.5297488276287057,0.0674155411458916,L,99999900.0,-26.5034,-22.3994,26.710999999999984,927.9899999999998,-0.02856000603454779,-0.024137544585609766,0.02878371534176014,-0.023914158557743086
LLLTYLLFTLLAVLLSLLILI_0,110011001100110000,1,-90.4636,-88.3605,-74.2365,-235.535,-235.245,-253.519,-370.591,4637.19,3755.01,3811.6,-22.1849,-21.0195,-66.777,-68.0054,-42.835,-62.7366,65.4568,-43.3701,8.05053,4.74716,4.22901,-18.3735,-60.9952,66.9175,-43.9619,-391.61,8.062,4.68314,4.1869,0,LLLTYLLFTLLAVLLSLLILI,TYLLFTLLAVLLSLL,0.371178140441492,0.0261779632788115,R,99999900.0,-23.942,-16.227099999999993,17.98400000000001,882.1799999999994,-0.027139586025527688,-0.018394318619782815,0.020385862295676644,-0.025147815638531835
LLLASLLVGLLFLLLGALILI_1,110011001100110000,1,-56.5475,-58.7778,-44.9758,-222.904,-216.57,-241.49,-337.393,4572.78,3742.27,3506.04,-22.1632,20466.5,-80.1055,20404.5,-50.928,-36.5652,80.7996,-39.9544,7.92998,2.89272,2.60471,10734.4,-36.0293,69.0807,-35.6829,20282.9,7.2857,1.23029,0.766501,1,LLLASLLVGLLFLLLGALILI,ASLLVGLLFLLLGAL,0.5320851912675473,0.1041924761983463,G,99999900.0,-29.17750000000001,-11.5717,18.586000000000013,830.5099999999998,-0.03513202730852129,-0.013933245836895406,0.022379020120167147,-0.026686253025249553
LLLLYLLAVLTILLFSLLILI_2,110011001100110000,1,-74.2892,-63.8282,-74.2892,-239.755,-229.476,-247.428,-366.761,4672.81,3778.39,3561.84,-22.1473,582.679,-74.8637,509.222,-45.0433,-110.619,18.3838,21.3071,10.5797,5.57468,4.35044,252.613,-105.336,9.98133,18.0,204.307,8.8545,3.64788,2.2976,2,LLLLYLLAVLTILLFSLLILI,LYLLAVLTILLFSLL,0.3265489018894628,0.1154188478938847,L,99999900.0,-29.820399999999992,0.0,7.673000000000002,894.4200000000005,-0.033340488808389766,0.0,0.008578743766910398,-0.024761633237181623
LLLAALLTILLTFLLSLLILI_0,110011001100110000,1,-84.7351,-84.2726,-88.1237,-236.984,-229.831,-244.117,-378.269,4562.82,3763.68,3774.81,-22.142,-13.417,-78.6922,-77.5825,-46.0282,-69.9781,67.8781,-35.3841,8.97116,6.16026,5.67844,-12.1144,-72.6011,53.9923,-36.179,-391.686,9.0,4.67912,3.989,0,LLLAALLTILLTFLLSLLILI,AALLTILLTFLLSLL,0.3479864697524775,0.0252310412484047,R,99999900.0,-32.664,3.3885999999999967,7.132999999999981,799.1399999999999,-0.040873939484946324,0.004240308331456312,0.008925845283679934,-0.027707285331731616
LLLYLLLALLLGALLGTLILI_1,110011001100110000,1,-70.6601,-60.0335,-58.812,-227.149,-223.322,-241.081,-353.651,4603.1,3847.22,3608.64,-22.1194,1348110.0,-77.9611,1348040.0,-53.7577,-47.2225,62.8091,-46.7241,6.70716,2.06261,1.50474,881177.0,-43.753,64.4796,-35.9038,1347780.0,6.884,1.7677,1.23489,1,LLLYLLLALLLGALLGTLILI,YLLLALLLGALLGTL,0.3165933095386435,0.028137106272439,G,99999900.0,-24.203400000000002,-11.848100000000002,13.931999999999988,755.8800000000006,-0.032020161930465134,-0.01567457797533999,0.018431497063025847,-0.029263110546647594
LLLYWLLVALLITLLALLILI_0,110011001100110000,1,-57.0906,-59.4525,-58.8485,-240.832,-236.275,-254.164,-367.617,4729.04,3968.12,3764.46,-22.1129,-17.4832,-91.8077,-89.3727,-54.6046,-23.9375,104.926,-46.8144,9.06204,4.25561,4.3295,-15.7051,-25.2182,95.9818,-44.3531,-385.101,9.0,3.24027,3.18,0,LLLYWLLVALLITLLALLILI,YWLLVALLITLLALL,0.3875865195729016,0.0198419639020697,R,99999900.0,-37.2031,1.7578999999999994,13.331999999999994,760.9200000000001,-0.04889226199863323,0.0023102297219155746,0.017520895757766903,-0.029060742259370234
LLLLAYLILLLWFLVSLLILI_0,110011001100110000,1,-60.3962,-60.4618,-60.3962,-253.985,-234.02,-255.032,-360.708,4750.21,3974.92,3796.9,-22.1095,39.9758,-68.4366,-26.25,-45.2794,-89.2764,47.3726,22.3163,10.4084,6.28676,5.49735,40.2563,-96.4448,16.5492,18.2215,-320.732,9.3145,3.20086,1.9491,0,LLLLAYLILLLWFLVSLLILI,LAYLILLLWFLVSLL,0.6950516911559914,0.065278047203392,L,99999900.0,-23.157199999999996,0.0,1.046999999999997,775.29,-0.029869081247017242,0.0,0.0013504624076152113,-0.028517715951450428
LLLLYILLLVLATLLFSLILI_0,110011001100110000,1,-74.2374,-74.2374,-74.2374,-240.288,-221.156,-248.346,-366.771,4620.09,3692.09,3547.42,-22.1016,477.172,-74.3468,405.795,-44.1873,-57.8373,82.393,17.5488,10.4243,6.29866,6.03455,181.718,-62.5739,62.4261,19.1703,110.401,9.1885,4.31361,3.75,0,LLLLYILLLVLATLLFSLILI,LYILLLVLATLLFSL,0.2105524804242148,0.1135068763077154,L,99999900.0,-30.1595,0.0,8.057999999999993,928.0,-0.032499461206896556,0.0,0.008683189655172407,-0.02381637931034483
LLLYALLFVLTALLASLLILI_1,110011001100110000,1,-74.212,-74.1224,-74.144,-233.956,-225.191,-245.777,-352.131,4620.29,3778.94,3759.69,-22.0919,-3.18246,-66.0547,-56.0002,-32.21,-102.943,38.6378,16.184,9.09922,7.15755,6.23712,-8.71972,-102.991,23.1616,18.0337,-360.942,9.0042,5.07547,3.92289,1,LLLYALLFVLTALLASLLILI,YALLFVLTALLASLL,0.4048304361223254,0.0254055099810412,L,99999900.0,-33.844699999999996,-0.06799999999999784,11.820999999999998,841.3499999999999,-0.040226659535270694,-8.082248766862524e-05,0.01405003862839484,-0.02625768110774351
LLLAGLLALLLGTLLSFLILI_0,110011001100110000,1,-79.5369,-71.4388,-74.1125,-220.05,-217.753,-236.839,-356.327,4453.23,3706.65,3673.46,-22.0851,-11.874,-78.825,-79.0091,-45.3752,-62.9862,70.1464,-43.7037,6.87268,5.41769,4.96989,-11.5002,-65.1522,61.6911,-42.5151,-368.201,7.5,4.60113,4.0265,0,LLLAGLLALLLGTLLSFLILI,AGLLALLLGTLLSFL,0.2567845835264803,0.1098082259463997,G,99999900.0,-33.4498,-5.424400000000006,16.788999999999987,746.5799999999995,-0.04480403975461441,-0.007265664764660196,0.022487878057274504,-0.02958169251788156
LLLLLLLLAILAVLLSTLILI_2,110011001100110000,1,-74.2965,-74.2965,-74.2965,-238.827,-232.68,-240.493,-391.216,4491.97,3737.65,3647.1,-22.0839,-7.12998,-100.177,-91.3698,-76.4264,-49.3005,94.8188,33.2306,8.78372,6.69562,6.61791,-7.12109,-51.3841,76.7072,27.9383,-398.471,9.0467,4.56309,4.2137,2,LLLLLLLLAILAVLLSTLILI,LLLLLAILAVLLSTL,0.3418783262317073,0.117698959226648,L,99999900.0,-23.750600000000006,0.0,1.6659999999999968,754.3200000000002,-0.031486106692120056,0.0,0.0022086117297698544,-0.029276566974228438
LLLLAFLLALLAVLTSLLILI_2,110011001100110000,1,-74.2756,-74.2756,-74.2756,-229.725,-220.8,-238.161,-361.362,4504.35,3649.98,3635.37,-22.0764,48.0766,-79.438,-18.2105,-48.9255,-46.7795,104.334,17.7812,9.82444,7.60207,7.66709,42.53,-53.3268,80.5799,18.6844,-294.875,8.9663,5.3773,5.086,2,LLLLAFLLALLAVLTSLLILI,LAFLLALLAVLTSLL,0.3575268884081894,0.0181664940931636,L,99999900.0,-30.512500000000003,0.0,8.436000000000007,854.3700000000003,-0.03571344967636971,0.0,0.009873942203026795,-0.02583939042803468
LLLYVLLTILLAFLLSLLILI_2,110011001100110000,1,-74.1303,-74.2517,-74.1386,-246.863,-241.403,-253.453,-368.363,4672.01,3999.21,3910.28,-22.0699,-16.7172,-69.439,-69.4251,-40.771,-66.6122,62.6314,-41.3146,8.51563,4.94707,4.38654,-12.4626,-63.1873,55.2127,-36.6493,-381.754,8.5138,3.43181,2.76,2,LLLYVLLTILLAFLLSLLILI,YVLLTILLAFLLSLL,0.234065947591847,0.060788256306908,R,99999900.0,-28.667999999999992,0.008299999999991314,6.590000000000003,672.8000000000002,-0.04260998810939356,1.2336504161699334e-05,0.009794887039239003,-0.032803061831153384
LLLLVALLTILFLLLSLLILI_0,110011001100110000,1,-69.04,-67.5258,-74.2953,-238.447,-222.35,-246.521,-383.578,4579.32,3766.37,3610.94,-22.0689,-5.40263,-98.1601,-99.1047,-62.7617,-4.52982,115.194,20.1041,9.41857,2.73063,2.95854,-5.01988,-8.97767,97.003,18.6528,-388.981,9.1809,0.942055,0.8971,0,LLLLVALLTILFLLLSLLILI,LVALLTILFLLLSLL,0.5003056103300969,0.0320359076241219,L,99999900.0,-35.3984,5.255299999999991,8.073999999999984,812.9499999999998,-0.04354314533489146,0.006464481210406534,0.00993173011870347,-0.02714668798819116
LLLSYLLTILLAVLLSALILI_2,110011001100110000,1,-91.2842,-91.4072,-74.1174,-230.638,-229.938,-252.195,-378.228,4563.2,3795.55,3813.36,-22.0666,-20.8147,-78.3728,-77.6973,-51.9158,-64.5268,56.7513,-42.5852,8.04561,3.84045,3.19172,-21.1168,-63.7796,55.9617,-42.8634,-399.835,8.0,3.62177,2.9612,2,LLLSYLLTILLAVLLSALILI,SYLLTILLAVLLSAL,0.4687400605632894,0.0840065292013656,R,99999900.0,-26.457,-17.166799999999995,21.556999999999988,767.6499999999996,-0.0344649254217417,-0.02236279554484466,0.028081808115677714,-0.028745652315508383
LLLLFLLLIVLLTLLSILILI_2,110011001100110000,1,-74.1796,-66.913,-74.1796,-237.806,-232.985,-247.12,-386.15,4603.2,3720.07,3591.38,-22.0539,27.2422,-96.2186,-59.0104,-64.8508,-63.1965,73.7213,19.1704,10.3849,5.93185,5.53767,29.5372,-57.7764,67.2616,24.5839,-358.903,9.4846,4.24678,3.7557,2,LLLLFLLLIVLLTLLSILILI,LFLLLIVLLTLLSIL,0.1387261454101269,0.1062369486168934,L,99999900.0,-31.36779999999999,0.0,9.313999999999993,883.1299999999997,-0.035518893028206495,0.0,0.010546578646405395,-0.024972427615413368
LLLVSLLILLLALLFTLLILI_0,110011001100110000,1,-68.6131,-66.9438,-58.8634,-232.132,-220.642,-246.522,-372.851,4641.03,3802.72,3702.84,-22.0528,18.8835,-94.1582,-66.3816,-67.4652,-103.14,22.4394,29.8983,9.07633,5.00032,3.83691,19.0463,-105.071,6.3463,22.0802,-353.967,9.1013,3.1174,1.71259,0,LLLVSLLILLLALLFTLLILI,VSLLILLLALLFTLL,0.2239245600631499,0.1364593127868824,L,99999900.0,-26.692999999999998,-9.749700000000004,14.389999999999986,838.31,-0.03184144290298338,-0.01163018453793943,0.017165487707411324,-0.02630625902112584
LLLYALLAALLVSLLFTLILI_0,110011001100110000,1,-74.1887,-74.1887,-74.1887,-238.463,-232.221,-246.062,-349.956,4625.62,3887.73,3833.82,-22.0367,-17.4182,-59.3402,-60.9638,-29.7049,-35.5493,92.4518,-33.937,8.64655,4.31338,4.20016,-17.3394,-39.3076,75.987,-35.0,-367.374,8.4047,2.65439,2.2942,0,LLLYALLAALLVSLLFTLILI,YALLAALLVSLLFTL,0.2639974104543692,0.0092329253372165,R,99999900.0,-29.635300000000004,0.0,7.599000000000018,737.8899999999999,-0.04016221930097983,0.0,0.010298282941901936,-0.02986447844529673
LLLYTLLVGLLFALLGLLILI_0,110011001100110000,1,-51.8155,-54.9843,-44.9097,-224.851,-226.558,-246.101,-330.073,4716.69,3813.14,3642.95,-22.0277,20158.6,-75.4342,20110.1,-39.062,-34.0997,65.2301,-43.0318,7.30292,0.421016,-0.100532,19657.1,-36.3008,67.5299,-37.7338,19828.6,6.896,1.06165,0.574598,0,LLLYTLLVGLLFALLGLLILI,YTLLVGLLFALLGLL,0.2729365749944598,0.0400391759312435,G,99999900.0,-36.37220000000001,-6.905799999999999,21.25,903.5499999999997,-0.04025477284046264,-0.007642963864755687,0.023518344308560684,-0.02437906037297328
LLLSALLGLLLGTLLGFLILI_2,110011001100110000,1,-67.4712,-67.4714,-58.7496,-223.079,-222.069,-243.487,-346.893,4457.46,3763.86,3570.49,-22.0079,746.341,-78.3513,688.989,-44.6567,-74.3316,41.3492,-48.2777,6.39631,3.23188,2.35212,547.674,-69.5064,38.1576,-45.0,392.848,6.5231,2.07724,1.1496,2,LLLSALLGLLLGTLLGFLILI,SALLGLLLGTLLGFL,0.7930548765197115,0.0353050955012694,G,99999900.0,-33.694599999999994,-8.721599999999995,20.407999999999987,693.5999999999999,-0.048579296424452134,-0.012574394463667815,0.029423298731257194,-0.03172995963091119
LLLFALLTALLYLLAVLLILI_0,110011001100110000,1,-55.2808,-55.2808,-58.9355,-240.369,-225.551,-243.84,-345.359,4675.46,3909.24,3831.06,-21.9849,-6.76122,-71.694,-71.2883,-42.5833,-99.3376,38.5401,23.4909,9.38326,6.60356,5.68166,-6.90954,-102.32,16.604,19.6515,-352.12,9.5,4.08954,2.8386,0,LLLFALLTALLYLLAVLLILI,FALLTALLYLLAVLL,0.7287159343634962,0.016651576405302,L,99999900.0,-29.1107,3.6546999999999983,3.4710000000000036,766.2200000000003,-0.03799261308762495,0.004769778914672023,0.00453003053953173,-0.028692673122601854
LLLLYVLLATLLFLLSLLILI_0,110011001100110000,1,-74.119,-74.1232,-74.1562,-234.472,-218.799,-247.63,-368.843,4676.77,3694.22,3717.03,-21.976,-2.684,-82.2286,-78.6052,-47.0574,-54.4452,73.2414,22.0068,9.54835,4.55436,4.15298,-2.04926,-52.0777,61.1309,21.352,-371.527,9.4507,2.56433,1.98129,0,LLLLYVLLATLLFLLSLLILI,LYVLLATLLFLLSLL,0.4422595950479629,0.1403433675911836,L,99999900.0,-35.1712,0.03719999999999857,13.157999999999987,982.5500000000006,-0.03579583736196629,3.786066866825967e-05,0.013391684901531706,-0.022366291791766305
LLLYALLIVLLAFLLSTLILI_2,110011001100110000,1,-74.2268,-72.6765,-74.0969,-239.83,-236.757,-249.799,-356.431,4725.01,4125.03,4014.9,-21.9533,-18.3828,-64.3272,-65.3798,-32.5353,-65.2278,54.8419,-47.354,8.54622,3.68782,3.01045,-16.6158,-60.4999,54.1041,-45.0,-374.289,8.7425,2.87904,2.1906,2,LLLYALLIVLLAFLLSTLILI,YALLIVLLAFLLSTL,0.2810795714930602,0.0212707244511314,R,99999900.0,-31.791900000000005,-0.12989999999999213,9.968999999999994,599.9800000000005,-0.052988266275542484,-0.00021650721690721697,0.016615553851795035,-0.036590053001766695
LLLSYLLVLLLAALLTILILI_2,110011001100110000,1,-77.1922,-68.8619,-58.7841,-231.502,-231.942,-253.836,-372.583,4623.45,3776.85,3817.05,-21.9524,-9.21371,-85.8412,-80.9921,-59.9624,-69.4961,60.9107,-42.5054,8.87698,5.14736,4.56102,-10.266,-68.6732,57.2295,-41.2124,-386.482,9.0,4.52696,3.8854,2,LLLSYLLVLLLAALLTILILI,SYLLVLLLAALLTIL,0.3974005554447983,0.0273077021747295,R,99999900.0,-25.8788,-18.408099999999997,22.334000000000003,846.5999999999999,-0.030567918733758564,-0.021743562485235058,0.02638081738719585,-0.025930073234112925
LLLYVLLLTLLATLLSFLILI_0,110011001100110000,1,-87.9312,-87.9312,-87.9312,-244.062,-237.267,-252.671,-375.502,4664.33,4061.25,3971.02,-21.9108,-13.5047,-65.4196,-63.8084,-34.8993,-37.583,86.5898,-41.4843,8.60502,3.82708,3.62592,-14.1033,-41.502,70.4733,-45.0,-389.006,8.6612,2.2392,1.7963,0,LLLYVLLLTLLATLLSFLILI,YVLLLTLLATLLSFL,0.2179648759359973,0.0819060322623263,R,99999900.0,-30.520300000000006,0.0,8.60899999999998,603.0799999999999,-0.05060738210519336,0.0,0.014275054719108546,-0.0363314983086821
LLLLALLVALLFALLSTLILI_0,110011001100110000,1,-75.938,-74.0543,-74.2058,-228.775,-225.998,-238.474,-363.107,4536.01,3700.34,3765.93,-21.9015,-16.1799,-80.2946,-79.2337,-50.4263,-36.7353,84.8844,-34.2097,8.1187,3.46969,3.24296,-18.1503,-39.3076,75.987,-35.0,-379.286,8.4047,2.65439,2.2942,0,LLLLALLVALLFALLSTLILI,LALLVALLFALLSTL,0.4456016495268842,0.0291882354887405,R,99999900.0,-29.868300000000005,-1.732200000000006,9.698999999999984,835.6700000000001,-0.03574174016058971,-0.0020728277908743952,0.01160625605801331,-0.02620831189345076
LLLYLLLATLLFVLLSILILI_2,110011001100110000,1,-74.2107,-74.2107,-74.1863,-242.064,-239.73,-253.106,-370.085,4695.77,3970.07,3795.14,-21.8985,-20.7574,-75.7087,-76.901,-42.7927,-44.8839,88.4997,-46.2072,8.446,5.18005,5.00754,-19.2924,-41.3452,86.0588,-44.4358,-389.037,8.523,4.31972,4.1106,2,LLLYLLLATLLFVLLSILILI,YLLLATLLFVLLSIL,0.3206905940707651,0.0318196544526695,R,99999900.0,-32.91599999999999,-0.024399999999999977,11.042000000000002,725.7000000000003,-0.04535758577924759,-3.3622709108446974e-05,0.015215653851453766,-0.030175692434890437
LLLYALLVALLTLLLSILILI_1,110011001100110000,1,-71.3554,-60.6828,-74.3253,-238.854,-240.607,-249.016,-377.91,4632.36,3920.95,3876.62,-21.8967,-12.2244,-89.5969,-88.8446,-54.5686,-76.4874,58.1039,-39.6219,8.19095,5.81713,5.18869,-10.9348,-76.4723,48.349,-40.0172,-387.601,8.4267,4.49796,3.72319,1,LLLYALLVALLTLLLSILILI,YALLVALLTLLLSIL,0.4267837028904811,0.0910987484304162,R,99999900.0,-35.0283,2.9698999999999955,10.161999999999978,711.4099999999999,-0.04923785159050338,0.004174667210188212,0.014284308626530384,-0.030779297451539903
LLLLYALVILLTSLLFLLILI_0,110011001100110000,1,-74.3017,-79.5767,-74.2748,-231.587,-222.449,-247.299,-364.869,4670.7,3737.66,3602.35,-21.8848,10.8179,-80.866,-52.0262,-43.2955,-2.89397,113.22,29.7837,8.90318,2.21879,2.41709,12.2346,-7.06267,100.0,24.3247,-354.051,8.5,1.0594,1.0594,0,LLLLYALVILLTSLLFLLILI,LYALVILLTSLLFLL,0.320207012761348,0.0445465778248373,L,99999900.0,-37.5705,-0.026899999999997704,15.712000000000018,933.04,-0.040266762411043475,-2.8830489582437735e-05,0.01683957815313386,-0.023455371688244877
LLLYALLLALTSLLFVLLILI_1,110011001100110000,1,-74.2355,-74.2355,-74.2355,-229.931,-223.479,-249.991,-362.056,4686.81,3810.9,3725.41,-21.8733,-12.5925,-79.7631,-76.9344,-37.8296,-101.105,46.841,24.1895,8.95924,7.98928,7.1919,-11.727,-102.81,30.6593,25.2844,-374.156,8.8129,6.06051,5.0204,1,LLLYALLLALTSLLFVLLILI,YALLLALTSLLFVLL,0.4139317701497176,0.019258863745325,L,99999900.0,-41.933499999999995,0.0,20.060000000000002,875.9100000000003,-0.0478742108207464,0.0,0.02290189631354819,-0.024972086173236967
LLLFGLLALLLGVLLSTLILI_0,110011001100110000,1,-76.7144,-77.477,-74.1563,-223.252,-211.384,-235.013,-356.223,4590.05,3679.16,3667.76,-21.8624,-12.8083,-78.1188,-80.1707,-47.0535,-82.6012,69.1344,-37.3779,7.58545,8.22334,7.76035,-12.616,-81.5244,57.4843,-35.0,-369.031,7.3849,6.48904,5.8513,0,LLLFGLLALLLGVLLSTLILI,FGLLALLLGVLLSTL,0.423720876567062,0.1037711159849575,G,99999900.0,-31.065299999999993,-2.558099999999996,11.760999999999996,910.8900000000003,-0.034104337516055704,-0.0028083522708559705,0.012911548046416133,-0.02400114174049555
LLLLALLLYVLFILLSTLILI_0,110011001100110000,1,-74.3756,-71.0542,-74.2107,-240.019,-226.792,-249.564,-370.479,4586.88,3755.82,3676.73,-21.8405,17.2771,-77.9251,-55.3559,-46.7043,-19.2264,96.9568,29.1107,9.55188,2.47312,2.42747,19.477,-14.9392,90.1475,23.3548,-353.202,9.1433,0.910788,0.763,0,LLLLALLLYVLFILLSTLILI,LALLLYVLFILLSTL,0.6896142429101885,0.0544568218163437,L,99999900.0,-31.220799999999997,-0.16490000000000293,9.544999999999987,831.06,-0.03756744398719707,-0.00019842129328809344,0.011485331985656858,-0.02628029263831733
LLLLVLLGALLGTLLSALILI_1,110011001100110000,1,-87.2929,-82.6938,-74.0199,-210.538,-215.784,-230.619,-363.979,4452.87,3727.57,3724.27,-21.8388,-17.4604,-87.9867,-82.9613,-59.3405,-70.6757,65.359,-40.7789,6.72125,5.92482,5.40521,-7.3923,-62.3587,69.782,-39.5227,-374.237,7.3379,5.27437,4.8211,1,LLLLVLLGALLGTLLSALILI,LVLLGALLGTLLSAL,0.582755025205726,0.039450204349738,G,99999900.0,-28.6462,-13.272999999999996,20.08099999999999,725.2999999999997,-0.03949565696952986,-0.01830001378739832,0.0276864745622501,-0.03011002343857715
LLLLALLLFVLTYLLILLILI_0,110011001100110000,1,-58.9144,-59.008,-58.9144,-254.6,-242.412,-251.552,-365.915,4669.45,3746.55,3627.95,-21.8368,883.518,-74.2378,819.023,-55.4487,-0.225326,121.406,24.3113,10.6265,2.92363,3.24472,745.946,-10.2137,94.2316,25.4728,517.603,9.5,0.753326,0.666801,0,LLLLALLLFVLTYLLILLILI,LALLLFVLTYLLILL,0.4204968302328881,0.1048923658634784,L,99999900.0,-18.78909999999999,0.0,-3.048000000000002,922.8999999999996,-0.02035876042908224,0.0,-0.0033026330046592297,-0.023661068371437867
LLLYILLTVLLALLLIFLILI_0,110011001100110000,1,-59.0116,-59.0116,-58.887,-253.035,-238.397,-254.046,-363.404,4684.86,4041.86,3794.25,-21.824,816.421,-73.1816,750.426,-50.4712,-68.4289,71.9702,-39.6439,8.8284,6.48032,6.05987,711.593,-65.7574,54.5146,-35.0,453.017,8.4926,3.72308,3.0408,0,LLLYILLTVLLALLLIFLILI,YILLTVLLALLLIFL,0.1688242977161807,0.0671577845317067,R,99999900.0,-22.7104,-0.12460000000000093,1.0109999999999957,642.9999999999995,-0.03531944012441682,-0.00019377916018662678,0.0015723172628304765,-0.03394090202177297
LLLLLFLLAILAVLLLTLILI_0,110011001100110000,1,-58.8948,-58.8948,-58.8948,-237.615,-220.766,-243.268,-364.454,4564.87,3827.44,3804.6,-21.7976,-1.7033,-89.7418,-86.4966,-62.2909,-51.5669,94.6198,24.3579,9.10591,7.0087,6.928,-0.899945,-58.8493,70.7487,27.494,-366.158,9.4061,4.87847,4.4397,0,LLLLLFLLAILAVLLLTLILI,LLFLLAILAVLLLTL,0.2815525958531188,0.0316008396810714,L,99999900.0,-27.450899999999997,0.0,5.652999999999992,737.4299999999998,-0.037225092551157406,0.0,0.007665812348290675,-0.02955887338459244
LLLFSLLTALLGLLLGVLILI_2,110011001100110000,1,-68.738,-65.4497,-58.781,-224.363,-215.754,-236.504,-345.098,4563.79,3713.65,3566.03,-21.795,1633020.0,-73.7923,1632960.0,-49.8133,-48.1389,81.6066,-46.2523,7.9296,4.73772,4.46182,716774.0,-50.5887,64.17,-37.5151,1632660.0,7.0583,2.75125,2.2138,2,LLLFSLLTALLGLLLGVLILI,FSLLTALLGLLLGVL,0.2935462319266804,0.031191339785009,G,99999900.0,-23.979,-9.957,12.140999999999991,850.1399999999999,-0.028205942550638723,-0.011712188580704358,0.01428117721786999,-0.025636953913473082
LLLTGLLFALLGVLLILLILI_2,110011001100110000,1,-45.046,-49.5142,-45.046,-231.217,-226.477,-242.183,-346.083,4540.34,3693.64,3589.69,-21.7695,31.9866,-91.5904,-38.1061,-58.8545,-72.8725,70.5253,-45.2252,7.62977,6.9518,6.50968,20.4429,-68.4402,63.5344,-45.0,-314.097,7.2771,5.34318,4.7962,2,LLLTGLLFALLGVLLILLILI,TGLLFALLGVLLILL,0.3151300173648793,0.0376820739805933,G,99999900.0,-32.7359,0.0,10.96599999999998,846.7000000000003,-0.03866292665643084,0.0,0.01295145860399194,-0.025710995630093297
LLLALLLGLLLGTLLGFLILI_2,110011001100110000,1,-65.563,-67.028,-58.691,-211.277,-209.011,-234.168,-346.902,4518.35,3596.78,3443.88,-21.7615,85305.6,-91.8235,85234.7,-54.0432,-73.8671,40.6092,-35.7724,7.04094,3.06231,2.17145,80394.6,-60.7383,56.5303,-35.0,84958.7,7.1924,3.24234,2.5903,2,LLLALLLGLLLGTLLGFLILI,ALLLGLLLGTLLGFL,0.888997419651783,0.0801175570778713,G,99999900.0,-37.7803,-6.872,22.89100000000002,921.5700000000002,-0.04099558362359885,-0.0074568399578979335,0.024839133218312246,-0.023613507384137936
LLLLVALLLILALLLSTLILI_0,110011001100110000,1,-74.1362,-71.059,-74.2653,-232.236,-220.164,-241.518,-389.994,4543.86,3709.36,3638.13,-21.7254,-8.64279,-105.348,-107.414,-74.2116,-12.2399,99.8821,24.528,9.05074,1.82007,1.8183,-7.62024,-15.4674,86.8993,20.4362,-398.637,8.9034,0.551511,0.355,0,LLLLVALLLILALLLSTLILI,LVALLLILALLLSTL,0.4152967016236009,0.0474197711727797,L,99999900.0,-31.136399999999995,0.129099999999994,9.28200000000001,834.4999999999995,-0.03731144397843021,0.00015470341521868673,0.011122828040742978,-0.02603403235470343
LLLLVALLLILTLLLIFLILI_1,110011001100110000,1,-51.8414,-55.3957,-58.9546,-245.756,-251.072,-248.484,-376.92,4611.49,3733.18,3689.0,-21.7247,528.609,-101.047,458.158,-69.4814,-3.34376,102.117,15.3725,9.63357,0.78739,0.819148,317.12,-13.2915,87.7058,22.0356,140.208,9.5,0.334013,0.149601,1,LLLLVALLLILTLLLIFLILI,LVALLLILTLLLIFL,0.422876863210711,0.016137069094685,L,99999900.0,-31.565600000000003,7.113199999999999,2.7280000000000086,878.31,-0.035939019252883384,0.008098735070760893,0.003105964864341757,-0.024734660882831803
LLLYTLLAVLAALLLSLLILI_1,110011001100110000,1,-63.8244,-64.248,-60.3479,-230.506,-223.041,-244.944,-362.768,4587.79,3682.5,3659.19,-21.7244,51.4146,-90.1622,-24.0652,-57.4768,-105.763,39.0907,22.7621,9.10311,7.64166,6.72802,25.6185,-108.585,15.5684,18.0,-313.912,8.7553,4.88948,3.62301,1,LLLYTLLAVLAALLLSLLILI,YTLLAVLAALLLSLL,0.3454393904014448,0.0090823834123917,L,99999900.0,-32.6854,-3.4764999999999944,14.437999999999988,905.29,-0.03610489456417281,-0.0038402059008715377,0.015948480597377624,-0.0239971721768715
LLLSYLLVLLLTALLFILILI_2,110011001100110000,1,-65.4673,-64.6706,-58.9269,-238.623,-235.78,-259.405,-367.646,4682.36,3828.04,3712.29,-21.7171,-12.8833,-85.2729,-80.0794,-49.3145,-81.4143,58.1769,-43.4912,8.79897,6.56602,5.93867,-15.964,-76.2876,58.0877,-40.0636,-383.772,8.927,5.78498,5.1563,2,LLLSYLLVLLLTALLFILILI,SYLLVLLLTALLFIL,0.3591131946794081,0.0297302306865708,R,99999900.0,-35.958400000000005,-6.540399999999991,20.781999999999982,854.3199999999997,-0.04209008334113683,-0.007655679370727589,0.02432577956737521,-0.025420334300964516
LLLYSLLLILLATLLVFLILI_2,110011001100110000,1,-70.8823,-72.1899,-58.8316,-240.45,-236.488,-253.986,-359.765,4702.0,4047.21,3847.68,-21.7135,76.4842,-70.1458,25.3973,-46.9478,-56.8482,77.6767,-47.2017,9.71986,5.51359,5.17874,63.3116,-53.5058,73.6956,-45.0,-290.817,8.8777,4.47477,4.0802,2,LLLYSLLLILLATLLVFLILI,YSLLLILLATLLVFL,0.1435608789564025,0.0771168973169761,R,99999900.0,-23.197999999999993,-12.050699999999999,13.536000000000001,654.79,-0.035428152537454745,-0.018403915759251058,0.020672276607767378,-0.0331610134546954
LLLYALLTALLGALLGFLILI_0,110011001100110000,1,-59.1351,-63.8464,-58.802,-220.58,-216.697,-238.827,-325.196,4544.61,4076.53,3841.59,-21.7097,-9.36926,-67.1904,-54.0212,-27.5663,-54.0044,63.5949,-51.6952,6.49568,3.18597,2.63989,-8.30844,-49.4233,66.044,-43.1773,-334.565,6.8387,2.82944,2.3201,0,LLLYALLTALLGALLGFLILI,YALLTALLGALLGFL,0.2212188527013307,0.0245380899025151,G,99999900.0,-39.6241,-0.33310000000000173,18.246999999999986,468.0799999999995,-0.08465240984447113,-0.0007116304905144464,0.0389826525380277,-0.04638031960348664
LLLTALLALLLGVLLSILILI_2,110011001100110000,1,-63.3361,-64.9308,-60.3301,-225.997,-223.436,-242.138,-375.892,4515.36,3622.9,3650.75,-21.7073,22.1133,-108.266,-65.412,-73.424,-75.2466,64.7399,-41.4414,7.17431,6.52688,5.99798,-15.1967,-72.8398,58.7702,-43.8998,-392.431,7.2749,5.35995,4.7415,2,LLLTALLALLLGVLLSILILI,TALLALLLGVLLSIL,0.6104175461099088,0.0152894729555588,G,99999900.0,-34.842,-3.0060000000000002,16.14099999999999,892.4599999999996,-0.03904040517222062,-0.0033682181834479995,0.018085964637070566,-0.02432299486811735
LLLFVLLTILLGALLILLILI_2,110011001100110000,1,-58.7999,-63.9388,-58.8679,-241.109,-223.761,-243.252,-360.687,4621.0,3786.58,3684.62,-21.6926,1504.55,-82.4707,1431.57,-58.5671,-60.9206,72.8806,-43.5579,8.62305,5.47698,5.07019,1414.99,-47.9501,60.2066,-41.6343,1143.87,7.3755,1.8204,1.2235,2,LLLFVLLTILLGALLILLILI,FVLLTILLGALLILL,0.3001369299402559,0.0259236972242822,G,99999900.0,-23.90359999999999,0.06799999999999784,2.1430000000000007,834.4200000000001,-0.028646964358476534,8.149373217324349e-05,0.0025682510006950943,-0.025997219625608203
LLLLYFLLALLAVLTSLLILI_0,110011001100110000,1,-74.2756,-74.2756,-74.2756,-232.429,-215.533,-239.972,-356.448,4608.45,3679.87,3602.73,-21.6902,154.149,-71.4329,87.5097,-42.2002,-52.0179,94.3818,19.4602,10.119,7.04423,6.95995,163.611,-53.3268,80.5799,18.6844,-202.299,8.9663,5.3773,5.086,0,LLLLYFLLALLAVLTSLLILI,LYFLLALLAVLTSLL,0.2998075198341153,0.0575512715283946,L,99999900.0,-29.2327,0.0,7.543000000000006,928.5799999999999,-0.03148107863619721,0.0,0.008123155786254289,-0.02335846130651102
LLLFYLLVALLTLLLSILILI_0,110011001100110000,1,-71.0549,-71.5179,-74.2579,-238.668,-231.525,-248.661,-367.082,4703.9,3857.56,3869.25,-21.6779,-13.3219,-79.0373,-77.3612,-44.1638,-66.8031,63.5126,-39.8608,8.71068,5.09467,4.54735,-13.1537,-63.1499,55.6214,-39.4108,-380.404,8.7768,3.48138,2.8157,0,LLLFYLLVALLTLLLSILILI,FYLLVALLTLLLSIL,0.4097049718885008,0.1282428144724901,R,99999900.0,-34.8735,3.203000000000003,9.992999999999995,846.3399999999997,-0.04120507124796183,0.0037845310395349437,0.011807311482382964,-0.025613701349339518
LLLAVLLLTLLFALLSALILI_2,110011001100110000,1,-76.6796,-71.6674,-74.2337,-228.316,-221.089,-238.861,-366.394,4493.6,3807.8,3614.25,-21.6535,365.64,-83.0515,292.002,-53.2988,-33.8307,78.8999,-41.5203,8.2055,2.22609,1.90959,304.388,-31.9788,69.9952,-36.7483,-0.753653,8.3631,0.746172,0.2961,2,LLLAVLLLTLLFALLSALILI,AVLLLTLLFALLSAL,0.3304766640252143,0.0304379511709224,R,99999900.0,-29.752700000000004,-2.4458999999999946,10.544999999999987,685.8000000000002,-0.04338393117526975,-0.003566491688538924,0.01537620297462815,-0.03157407407407407
LLLYSLLLTLLVALLSALILI_2,110011001100110000,1,-86.0572,-81.7967,-74.2595,-234.686,-230.567,-247.002,-370.605,4683.16,4002.99,3846.3,-21.6296,-11.4483,-71.4911,-69.6899,-49.3436,-43.3622,83.2474,-45.1362,8.3531,4.24273,3.99144,-9.44306,-37.8829,78.3957,-41.3335,-346.662,8.3984,2.76586,2.4418,2,LLLYSLLLTLLVALLSALILI,YSLLLTLLVALLSAL,0.240558126651391,0.0073768980442057,R,99999900.0,-22.1475,-11.797699999999992,12.316000000000003,680.1700000000001,-0.03256171251304821,-0.01734522251789992,0.01810723789640825,-0.03180028522281194
LLLYTLLVGLLAALLGLLILI_2,110011001100110000,1,-52.376,-51.9405,-44.9097,-227.336,-227.518,-241.263,-340.281,4637.85,3866.4,3697.75,-21.6163,20172.4,-82.1861,20111.6,-54.1091,-39.5102,77.8188,-42.8575,7.24462,2.93207,2.59935,14614.9,-36.3008,67.5299,-37.7338,19826.0,6.896,1.06165,0.574598,2,LLLYTLLVGLLAALLGLLILI,YTLLVGLLAALLGLL,0.3237546263902981,0.0414667893707555,G,99999900.0,-28.076999999999998,-7.466299999999997,13.926999999999992,771.4500000000003,-0.03639510013610731,-0.0096782681962538,0.018053017045822784,-0.028020351286538327
LLLLYVLIILLFLLTSLLILI_2,110011001100110000,1,-74.1189,-74.0661,-74.2285,-241.843,-240.156,-252.179,-371.447,4661.88,3779.21,3584.84,-21.6105,1664.08,-77.0955,1606.86,-45.039,-66.961,46.186,21.7252,11.5945,2.77926,1.97205,1080.25,-61.8139,38.3354,27.3116,1291.07,9.2372,0.947369,0.0224006,2,LLLLYVLIILLFLLTSLLILI,LYVLIILLFLLTSLL,0.3067512166382127,0.0690031579760463,L,99999900.0,-32.0565,0.10960000000000036,10.336000000000013,882.6700000000001,-0.036317649857817755,0.00012416871537494233,0.011709925566746363,-0.024483102405202392
LLLLYLLLTVLIALLFSLILI_2,110011001100110000,1,-74.0876,-74.0142,-74.1917,-234.811,-233.654,-248.23,-364.014,4633.67,3693.5,3685.34,-21.5829,-11.118,-76.6981,-67.4636,-41.5922,-11.9013,101.483,23.5844,9.50033,1.98543,2.00768,-7.78642,-16.1108,85.7945,18.2467,-371.756,9.3989,0.498883,0.285801,2,LLLLYLLLTVLIALLFSLILI,LYLLLTVLIALLFSL,0.4756120279921059,0.0594485299254366,L,99999900.0,-35.1059,0.10410000000000252,13.418999999999983,940.1700000000001,-0.03733994915813097,0.00011072465617920431,0.01427295063658698,-0.0229563802291075
LLLYALLFVLTILLLSLLILI_2,110011001100110000,1,-74.144,-65.6934,-74.144,-240.587,-237.733,-253.943,-369.918,4718.49,3926.24,3716.32,-21.5791,77.4209,-76.7669,10.9288,-41.831,-106.837,32.1764,21.0448,9.90683,6.86938,5.85203,58.1651,-102.991,23.1616,18.0337,-301.773,9.0042,5.07547,3.92289,2,LLLYALLFVLTILLLSLLILI,YALLFVLTILLLSLL,0.3361087913226755,0.0040423760970031,L,99999900.0,-34.935900000000004,0.0,13.356000000000023,792.25,-0.04409706532029032,0.0,0.016858314925844144,-0.0272377406121805
LLLYLLLAALVTLLFSLLILI_2,110011001100110000,1,-74.0745,-70.5558,-74.0745,-235.851,-230.043,-249.034,-358.652,4651.04,3839.98,3761.53,-21.5711,-10.0712,-70.2968,-68.1239,-35.543,-109.025,32.1684,23.2452,9.71797,7.19643,6.17896,-4.51232,-109.256,17.1194,24.9032,-364.81,9.5,5.19952,3.95631,2,LLLYLLLAALVTLLFSLLILI,YLLLAALVTLLFSLL,0.1651782609914555,0.0398986459471266,L,99999900.0,-34.753800000000005,0.0,13.182999999999993,811.06,-0.042849850812516965,0.0,0.0162540379256775,-0.026596182773161052
LLLGTLLVGLLFALLSLLILI_1,110011001100110000,1,-69.4987,-68.7977,-60.3801,-221.382,-221.683,-246.201,-357.304,4551.04,3638.97,3581.15,-21.5666,-19.3347,-87.9907,-86.1591,-50.7232,-37.7685,67.1072,-35.6085,7.11918,1.22475,0.731359,-21.7234,-40.0396,65.581,-35.0,-378.984,7.1597,1.35938,0.843096,1,LLLGTLLVGLLFALLSLLILI,GTLLVGLLFALLSLL,0.4722858604558673,0.0367061939157526,G,99999900.0,-37.267500000000005,-9.1186,24.81899999999999,912.0700000000002,-0.04086035063098227,-0.00999769754514456,0.027211727170063683,-0.023645772802526117
LLLLALLTALLYVLFILLILI_0,110011001100110000,1,-58.907,-58.907,-58.907,-247.353,-233.274,-247.04,-355.895,4629.04,3880.45,3710.84,-21.5575,58.9778,-71.1929,-4.73582,-49.9481,-67.2673,47.7072,21.9008,10.4977,3.03057,2.24617,52.1291,-62.777,41.5464,18.0,-296.917,8.7861,1.52531,0.648506,0,LLLLALLTALLYVLFILLILI,LALLTALLYVLFILL,0.8814750588035828,0.1012312753101027,L,99999900.0,-21.244799999999998,0.0,-0.3130000000000166,748.5900000000001,-0.02837975393740231,0.0,-0.0004181193978012217,-0.02879747258178709
LLLVALLLALFLLLTSLLILI_1,110011001100110000,1,-74.1437,-70.6021,-74.2575,-228.181,-217.755,-242.508,-375.83,4587.26,3744.29,3670.04,-21.5538,56.3277,-95.0585,-31.1449,-59.0638,-100.284,56.4911,23.4442,9.57812,9.16894,8.5163,30.0595,-104.611,34.9197,18.0,-348.951,9.4573,6.90581,5.92961,1,LLLVALLLALFLLLTSLLILI,VALLLALFLLLTSLL,0.332535588048944,0.1299288236669806,L,99999900.0,-35.994699999999995,0.11379999999999768,14.326999999999998,842.9700000000003,-0.0426998588324614,0.0001349988730322522,0.016995859876389425,-0.025568881454856036
LLLTALLVGLLGALLGFLILI_0,110011001100110000,1,-52.5597,-47.009,-44.921,-217.837,-215.061,-234.487,-327.183,4459.78,3898.0,3789.6,-21.5533,-5.30717,-78.3399,-70.4205,-47.7757,-44.9293,74.56,-48.7093,6.58804,3.305,2.9234,-5.26372,-48.1591,65.1383,-40.7743,-332.49,7.1702,2.51753,1.9946,0,LLLTALLVGLLGALLGFLILI,TALLVGLLGALLGFL,0.4232446900279896,0.0129772560871726,G,99999900.0,-30.5642,-7.6387,16.650000000000006,561.7799999999997,-0.05440599522944928,-0.013597315675175341,0.02963793655879528,-0.03836608636832926
LLLLAILLYVLTSLLFLLILI_0,110011001100110000,1,-74.3231,-74.2657,-74.2392,-236.573,-219.82,-249.438,-369.503,4618.29,3701.24,3657.71,-21.5529,30.2451,-80.1602,-45.1721,-45.826,-17.1829,101.632,16.194,10.1028,2.79775,2.82223,31.2045,-9.55643,96.2369,18.0,-339.258,9.4499,0.925446,0.869,0,LLLLAILLYVLTSLLFLLILI,LAILLYVLTSLLFLL,0.8541862007225887,0.0563471431066635,L,99999900.0,-34.3342,-0.08389999999999986,12.86499999999998,917.0500000000002,-0.03743983425113134,-9.148901368518603e-05,0.014028678916089611,-0.02350242625811024
LLLSYLLIALLTVLLWLLILI_1,110011001100110000,1,-66.3879,-64.8056,-58.9271,-241.07,-240.404,-261.98,-382.077,4687.54,3830.36,3790.83,-21.5336,-18.5049,-96.1534,-95.3724,-61.1707,-82.3594,57.1665,-43.0147,8.973,6.57138,5.92887,-20.9811,-82.5413,55.9347,-43.4423,-402.219,8.9754,6.43238,5.7714,1,LLLSYLLIALLTVLLWLLILI,SYLLIALLTVLLWLL,0.7358741619200387,0.0343401409033946,R,99999900.0,-34.98270000000001,-7.460799999999999,20.910000000000025,857.1799999999998,-0.040811381506801386,-0.008703889498121748,0.02439394292913977,-0.025121444737394718
LLLLVSLLILLTALLALLILI_2,110011001100110000,1,-64.6744,-60.3493,-58.8813,-233.657,-226.768,-241.543,-376.922,4539.72,3721.74,3593.99,-21.4744,42.2541,-100.065,-47.5506,-76.4978,0.0916886,116.789,21.5952,9.74837,2.25272,2.50456,33.1354,-2.1739,98.4581,19.6299,-335.439,9.2379,0.117928,0.0947994,2,LLLLVSLLILLTALLALLILI,LVSLLILLTALLALL,0.3397315271935658,0.0508149146982523,L,99999900.0,-23.5672,-5.793100000000003,7.885999999999996,817.9800000000005,-0.028811462382943333,-0.007082202498838602,0.009640822513997886,-0.026252964620161846
LLLAFLLGTLLGLLLIVLILI_2,110011001100110000,1,-57.1528,-51.6272,-58.6772,-231.66,-227.739,-239.009,-350.242,4571.89,3666.45,3332.82,-21.4622,4860990.0,-82.8923,4860910.0,-52.556,-84.6474,49.8891,-60.7818,7.2217,5.93213,5.18047,4782390.0,-79.84,40.4327,-45.0,4860610.0,6.5,3.93441,3.0409,2,LLLAFLLGTLLGLLLIVLILI,AFLLGTLLGLLLIVL,1.0211136641192218,0.0497461948422705,G,99999900.0,-30.33630000000001,1.5244,7.3489999999999895,905.4400000000005,-0.03350448400777522,0.0016836013429934607,0.008116495847322833,-0.02370361371267007
LLLVFLLAILLGALLGTLILI_1,110011001100110000,1,-65.1215,-62.5208,-58.7522,-219.466,-223.467,-233.551,-336.176,4530.12,3841.79,3652.66,-21.4588,-20.0505,-73.048,-70.2388,-43.873,-68.2582,42.8225,-49.581,6.88342,2.51976,1.6621,-18.2853,-69.0276,38.4457,-43.5682,-354.359,6.8046,2.04431,1.121,1,LLLVFLLAILLGALLGTLILI,VFLLAILLGALLGTL,0.300022232557266,0.0613694778665528,G,99999900.0,-29.175000000000004,-6.3692999999999955,14.08499999999998,688.3299999999999,-0.04238519314863511,-0.009253265148983766,0.02046256882599913,-0.03117516307585025
LLLSFLLVLLLGTLLAYLILI_1,110011001100110000,1,-58.783,-58.783,-58.783,-235.263,-230.382,-251.16,-352.359,4609.4,3805.12,3542.3,-21.4583,674.41,-79.7715,611.216,-42.4162,-55.4348,65.7375,-46.4311,7.85394,3.68978,3.17584,580.306,-49.156,60.31,-42.3523,305.116,7.5,2.01525,1.4199,1,LLLSFLLVLLLGTLLAYLILI,SFLLVLLLGTLLAYL,0.2085583860790892,0.0367337227032203,G,99999900.0,-37.3553,0.0,15.896999999999991,804.2799999999997,-0.046445640821604434,0.0,0.019765504550653998,-0.026680136270950425
LLLTFLLAVLLGLLLGILILI_2,110011001100110000,1,-46.7373,-46.6906,-44.9676,-225.832,-227.683,-242.611,-346.056,4602.05,3460.56,3560.25,-21.4497,-4.62983,-94.9366,-76.3126,-58.4772,-74.4227,50.0801,-37.573,7.37199,4.42422,3.67542,-17.6165,-76.6711,46.9516,-39.8118,-361.62,7.5,4.33913,3.5434,2,LLLTFLLAVLLGLLLGILILI,TFLLAVLLGLLLGIL,0.709163879853886,0.0698510304812401,G,99999900.0,-36.459399999999995,-1.7697000000000003,16.778999999999996,1141.4900000000002,-0.03194018344444541,-0.001550342096733217,0.014699208928680929,-0.018790966193308743
LLLSYLLTILLAVLLSLLILI_1,110011001100110000,1,-91.4829,-91.1103,-74.1174,-234.478,-233.739,-257.225,-391.552,4581.35,3782.25,3836.8,-21.4261,-18.6544,-87.0171,-85.3568,-60.2102,-64.1954,56.4189,-42.4381,8.03001,3.74586,3.09214,-18.8158,-63.7796,55.9617,-42.8634,-412.415,8.0,3.62177,2.9612,1,LLLSYLLTILLAVLLSLLILI,SYLLTILLAVLLSLL,0.5196053810821534,0.1079105158980205,R,99999900.0,-26.8069,-17.365499999999997,22.747000000000014,799.1000000000004,-0.03354636466024276,-0.021731322738080327,0.02846577399574522,-0.02681278938806156
LLLLYVLTALLILLLALLILI_0,110011001100110000,1,-58.9289,-58.8972,-58.7704,-233.702,-218.211,-245.271,-368.918,4637.08,3730.15,3747.45,-21.4186,137.604,-97.7057,45.7939,-64.8768,-45.6131,101.131,21.1863,9.42087,6.9947,7.01167,125.483,-42.2899,92.0308,25.8423,-231.314,9.4115,5.26764,5.1481,0,LLLLYVLTALLILLLALLILI,LYVLTALLILLLALL,0.2845856356996657,0.0541565788970665,L,99999900.0,-32.82889999999999,-0.15849999999999653,11.568999999999988,906.9299999999998,-0.03619783224725171,-0.00017476541739714924,0.012756221538597234,-0.02361659665023762
LLLAFLLVALLTLLLSILILI_0,110011001100110000,1,-72.0183,-61.8791,-74.3253,-230.152,-225.432,-243.287,-371.786,4637.41,3871.84,3784.07,-21.4151,-10.5886,-91.0312,-95.0638,-54.1733,-75.7788,54.3921,-45.6224,8.38151,5.20976,4.52564,-12.1973,-76.4723,48.349,-40.0172,-382.375,8.4267,4.49796,3.72319,0,LLLAFLLVALLTLLLSILILI,AFLLVALLTLLLSIL,0.4442795115308698,0.0781885370990194,R,99999900.0,-36.8579,2.307000000000002,13.13500000000002,765.5699999999997,-0.04814438914795514,0.0030134409655550804,0.017157150881042915,-0.027972752328330533
LLLALLLTVLALLLFSLLILI_1,110011001100110000,1,-74.0502,-70.5687,-74.1741,-234.609,-219.757,-242.377,-375.758,4567.73,3709.73,3614.08,-21.4107,225442.0,-88.5088,225357.0,-59.2064,-103.969,43.3262,27.5176,9.68048,7.94444,7.09433,2.90469,-104.483,24.139,22.3097,-374.726,9.5,5.43121,4.29329,1,LLLALLLTVLALLLFSLLILI,ALLLTVLALLLFSLL,0.7776771720322492,0.0449437527672877,L,99999900.0,-29.30239999999999,0.1238999999999919,7.768000000000001,857.9999999999995,-0.03415198135198136,0.00014440559440558504,0.009053613053613059,-0.024954195804195816
LLLTYLLVALLAILLSLLILI_2,110011001100110000,1,-79.9223,-65.4753,-60.361,-231.804,-232.265,-251.353,-377.424,4604.24,3723.7,3778.66,-21.4101,-0.509017,-87.1078,-80.192,-65.7092,-60.4357,67.2255,-44.422,7.85231,4.64079,4.14917,-19.5645,-60.9952,66.9175,-43.9619,-396.158,8.062,4.68314,4.1869,2,LLLTYLLVALLAILLSLLILI,TYLLVALLAILLSLL,0.2769309258052553,0.048698335549627,R,99999900.0,-21.398600000000002,-19.56130000000001,19.549000000000007,880.54,-0.024301678515456428,-0.022215117995775333,0.022201149294750956,-0.024314738683080837
LLLYSLLLTLLAVLLFSLILI_2,110011001100110000,1,-87.0594,-85.842,-74.2005,-233.598,-231.958,-252.068,-365.638,4710.83,3919.49,3886.79,-21.3885,-15.0606,-66.3687,-62.8986,-39.3688,-53.9654,83.0455,-43.3249,9.05616,5.80595,5.55164,-16.825,-49.3087,81.5433,-43.7445,-383.2,9.0,4.90465,4.6278,2,LLLYSLLLTLLAVLLFSLILI,YSLLLTLLAVLLFSL,0.2087061249246364,0.0646767967375198,R,99999900.0,-26.999900000000004,-12.858899999999991,18.47,791.3400000000001,-0.03411921550787272,-0.01624952612025171,0.02334015720170849,-0.02702820532261733
LLLYLLLTVLALLLFSLLILI_2,110011001100110000,1,-73.9894,-70.5687,-74.1741,-240.076,-233.899,-253.05,-373.095,4711.87,3844.62,3733.96,-21.3866,7.82465,-80.416,-60.8026,-45.8705,-105.628,39.3244,22.1063,9.70242,7.65292,6.74279,4.03665,-104.483,24.139,22.3097,-371.823,9.5,5.43121,4.29329,2,LLLYLLLTVLALLLFSLLILI,YLLLTVLALLLFSLL,0.2594274008955664,0.0407335276210271,L,99999900.0,-34.5455,0.18469999999999231,12.974000000000018,867.25,-0.039833381377918704,0.00021297203805130274,0.01495993081579708,-0.024660247910060537
LLLLTLLVGLLAALLYGLILI_2,110011001100110000,1,-52.1639,-51.7809,-44.9471,-219.992,-219.404,-235.885,-337.309,4589.65,3717.03,3743.56,-21.3694,-17.106,-86.5227,-83.23,-56.4768,-39.3638,76.1736,-40.3515,7.12198,2.688,2.33061,-8.05156,-33.3677,74.3197,-39.8132,-346.268,7.0315,1.53831,1.15311,2,LLLLTLLVGLLAALLYGLILI,LTLLVGLLAALLYGL,0.286108687960739,0.0991701182685714,G,99999900.0,-30.045900000000003,-7.216799999999999,15.893,872.6199999999994,-0.03443182599527861,-0.008270266553597217,0.018212967843964166,-0.02448878091265386
LLLLTLLLALIVLLFSLLILI_1,110011001100110000,1,-63.3753,-63.3953,-60.3909,-230.042,-224.41,-246.568,-373.026,4630.03,3781.27,3675.69,-21.3467,1.07572,-100.955,-84.144,-66.0666,-108.528,34.1511,29.8309,9.42835,7.38955,6.40182,-9.58856,-110.296,20.6007,27.6733,-383.608,9.2245,5.82549,4.6345,1,LLLLTLLLALIVLLFSLLILI,LTLLLALIVLLFSLL,0.5021197580649046,0.0778983178160387,L,99999900.0,-34.888400000000004,-2.984400000000001,16.52600000000001,848.7599999999998,-0.04110514161836092,-0.0035161883217870796,0.019470757340119722,-0.025150454781092423
LLLSSLLAALLGTLLGFLILI_0,110011001100110000,1,-78.4415,-87.1842,-58.7559,-216.243,-210.122,-251.32,-353.466,4435.0,3442.01,3407.07,-21.3415,4851.82,-80.1224,4795.66,-43.3897,-62.344,66.3849,-36.4553,6.96588,4.81357,4.30934,2861.64,-65.5548,56.8812,-35.0605,4498.36,6.8434,4.01218,3.3654,0,LLLSSLLAALLGTLLGFLILI,SSLLAALLGTLLGFL,0.2670131147192422,0.0244019671655098,G,99999900.0,-36.7327,-19.685600000000008,35.077,992.9899999999998,-0.03699201401826807,-0.019824570237363934,0.035324625625635715,-0.02149216004189368
LLLYLLLAVLIALLLTLLILI_2,110011001100110000,1,-58.8554,-58.8554,-58.8554,-232.521,-229.996,-250.103,-372.615,4670.5,3682.38,3784.44,-21.3372,-0.513862,-102.576,-84.2779,-63.6564,-104.751,35.7428,20.9599,8.94882,7.03795,6.07409,-3.90893,-105.122,22.7647,23.6466,-377.204,9.4707,5.34153,4.183,2,LLLYLLLAVLIALLLTLLILI,YLLLAVLIALLLTLL,0.3530654686196712,0.0667712508596938,L,99999900.0,-38.919599999999996,0.0,17.582000000000022,988.1199999999999,-0.039387523782536536,0.0,0.017793385418775072,-0.021593733554628992
LLLYSLLLALLAVLLIILILI_1,110011001100110000,1,-56.2366,-54.8889,-45.042,-233.075,-229.647,-249.787,-362.811,4650.54,3930.05,3728.75,-21.3359,1295.9,-94.8345,1217.63,-67.982,-54.1166,86.6046,-44.2091,8.27565,6.3091,6.10817,1128.9,-59.4289,73.8437,-35.0,932.747,8.0205,5.38324,4.9909,1,LLLYSLLLALLAVLLIILILI,YSLLLALLAVLLIIL,0.3080046811855954,0.0158016045503204,R,99999900.0,-26.852500000000006,-11.194600000000001,16.712000000000018,720.4899999999998,-0.03726977473663758,-0.015537481436244784,0.023195325403544843,-0.02961304112479008
LLLYILLTVLLALLLSALILI_0,110011001100110000,1,-74.3464,-74.4158,-74.1924,-242.961,-231.367,-247.838,-377.293,4627.49,3865.11,3816.68,-21.3269,-10.1732,-81.313,-81.6837,-55.2623,-69.0664,65.1811,-37.6608,8.69484,5.6594,5.13712,-6.53586,-65.7574,54.5146,-35.0,-387.466,8.4926,3.72308,3.0408,0,LLLYILLTVLLALLLSALILI,YILLTVLLALLLSAL,0.2446614124191225,0.0987450333606382,R,99999900.0,-26.0507,-0.15399999999999636,4.876999999999981,762.3799999999997,-0.03417023006899448,-0.00020199900312179808,0.00639707232613655,-0.027974107400508944
LLLLIFLLALLTALLSVLILI_1,110011001100110000,1,-66.9523,-74.0907,-74.0907,-231.503,-227.734,-241.168,-369.108,4542.6,3728.48,3732.09,-21.3198,70.9764,-91.9724,3.69339,-53.8491,-46.7319,86.5913,20.8297,8.81847,5.1996,4.99847,0.602512,-46.4232,73.5428,21.0786,-368.558,9.1869,3.39176,2.9949,1,LLLLIFLLALLTALLSVLILI,LIFLLALLTALLSVL,0.3052553956166366,0.0439280137681885,L,99999900.0,-38.12329999999999,7.138400000000004,9.66500000000002,814.1200000000003,-0.04682761755023827,0.008768240554218053,0.011871714243600472,-0.026187539920404845
LLLSYLLVALLTALLSFLILI_0,110011001100110000,1,-90.6836,-90.2944,-74.2698,-229.275,-229.261,-253.572,-364.147,4592.46,3929.51,3909.59,-21.3094,-20.7559,-65.4974,-65.3473,-36.3046,-71.1398,45.7159,-44.3371,8.73094,3.34263,2.52837,-20.6838,-70.8563,45.7237,-44.789,-384.903,8.8389,3.30114,2.487,0,LLLSYLLVALLTALLSFLILI,SYLLVALLTALLSFL,0.7068879625711121,0.0577435397416983,R,99999900.0,-29.1928,-16.413799999999995,24.296999999999997,662.9499999999998,-0.04403469341579305,-0.024758729919300098,0.036649822761897585,-0.032143298891319116
LLLYALLVGLLFLLLGTLILI_2,110011001100110000,1,-58.7681,-58.7681,-58.7681,-231.467,-227.334,-245.008,-336.364,4679.26,4005.79,3767.0,-21.3081,-17.2032,-67.4369,-67.4648,-32.588,-50.9677,74.2111,-45.0529,7.33683,4.16366,3.77682,-17.1185,-44.9135,70.5331,-40.7685,-353.473,7.218,2.759,2.317,2,LLLYALLVGLLFLLLGTLILI,YALLVGLLFLLLGTL,0.2683599425251495,0.0376763553296793,G,99999900.0,-34.84889999999999,0.0,13.540999999999997,673.4700000000003,-0.05174528932246422,0.0,0.020106315054865088,-0.03163927123702614
LLLTALLATLLAYLLSFLILI_0,110011001100110000,1,-78.3597,-77.6927,-74.0162,-232.171,-231.21,-248.506,-359.937,4577.74,3808.48,3751.53,-21.3067,-14.9482,-70.7129,-65.9828,-37.4145,-74.0084,60.1908,-39.2417,7.5672,5.72703,5.12989,-14.7943,-69.0207,61.8873,-39.1789,-374.885,8.0212,5.20789,4.6362,0,LLLTALLATLLAYLLSFLILI,TALLATLLAYLLSFL,0.4382343406340683,0.05218018844897,R,99999900.0,-33.29840000000001,-4.343500000000006,16.335000000000008,769.2599999999998,-0.043286275121545405,-0.0056463354392533175,0.021234693081662915,-0.027697657489015426
LLLTALLAVLLGLLLGSLILI_1,110011001100110000,1,-67.8982,-66.5925,-60.2706,-221.326,-218.799,-237.065,-363.949,4482.59,3703.12,3578.62,-21.3062,17841.2,-96.0316,17762.6,-66.6134,-66.4069,55.7839,-46.9294,7.32539,3.99186,3.32861,8881.6,-62.877,50.983,-41.0408,17467.0,7.3408,2.81426,2.07901,1,LLLTALLAVLLGLLLGSLILI,TALLAVLLGLLLGSL,0.4220835415725485,0.0079626913521727,G,99999900.0,-29.4182,-7.627600000000001,15.739000000000004,779.4700000000003,-0.0377412857454424,-0.00978562356472988,0.02019192528256379,-0.02733421427380142
LLLYWLLTILVALLLSLLILI_2,110011001100110000,1,-74.0326,-74.6108,-74.1477,-242.214,-231.189,-256.024,-383.618,4701.36,3817.74,3816.27,-21.2951,-13.6703,-88.667,-91.489,-53.4465,-106.005,29.5344,23.9574,9.36774,6.38796,5.33098,-11.4241,-106.661,10.839,28.0,-395.159,9.5,3.96242,2.62501,2,LLLYWLLTILVALLLSLLILI,YWLLTILVALLLSLL,0.4462962249741258,0.0969017199992803,L,99999900.0,-35.2205,0.1150999999999982,13.810000000000002,883.6199999999999,-0.039859328670695554,0.00013025961386116,0.015628890246938733,-0.024099839297435553
LLLLYLLITLLFSLLVALILI_1,110011001100110000,1,-75.3312,-69.0579,-74.182,-240.431,-233.761,-247.762,-364.51,4657.37,4029.96,3885.38,-21.2929,-11.3472,-70.0408,-73.0384,-42.566,-23.0947,95.6831,-47.6242,9.24785,2.88143,2.81668,-17.8414,-15.3,92.7153,-45.0,-382.26,8.8215,1.31157,1.2023,1,LLLLYLLITLLFSLLVALILI,LYLLITLLFSLLVAL,0.3045867572282827,0.0567728389955489,R,99999900.0,-27.474800000000002,-1.1491999999999933,7.330999999999989,627.4099999999999,-0.0437908225881003,-0.0018316571301062999,0.011684544396805902,-0.03393777593599083
LLLYSLLLALLFALLVTLILI_2,110011001100110000,1,-69.7203,-68.1857,-58.8202,-231.271,-229.752,-250.079,-352.541,4673.94,3856.44,3686.21,-21.2907,267.573,-72.8398,212.969,-43.6417,-52.5007,78.5736,-46.4313,8.15954,4.98254,4.66115,253.89,-57.1826,66.7594,-36.3012,590.716,8.3991,4.08991,3.5913,2,LLLYSLLLALLFALLVTLILI,YSLLLALLFALLVTL,0.2715828894344347,0.0269030292760181,R,99999900.0,-29.198099999999997,-10.900099999999995,18.80800000000002,817.4999999999995,-0.03571633027522937,-0.013333455657492355,0.023006727828746215,-0.02604366972477066
LLLYSLLVALLFTLLILLILI_0,110011001100110000,1,-69.7283,-69.4682,-58.8088,-232.942,-230.879,-256.025,-357.997,4764.54,3875.85,3779.79,-21.2884,-5.12669,-76.6146,-62.7763,-43.1629,-53.2378,83.4392,-37.433,8.07201,5.74996,5.50155,-5.39211,-56.104,80.164,-35.0,-363.123,8.259,5.73774,5.4402,0,LLLYSLLVALLFTLLILLILI,YSLLVALLFTLLILL,0.2792111545846608,0.1123232233504661,R,99999900.0,-33.451699999999995,-10.919500000000006,23.08299999999997,888.69,-0.037641584804600024,-0.012287186758037118,0.02597418672427952,-0.023954809888712597
LLLTFLLAALLGLLLGVLILI_2,110011001100110000,1,-49.4591,-49.4405,-44.9832,-221.659,-220.518,-238.749,-338.048,4602.95,3507.27,3510.96,-21.2776,7.41343,-88.2076,-60.676,-54.3162,-73.5233,37.9203,-36.9497,7.16616,2.64774,1.71655,-9.82334,-74.241,27.0676,-35.812,-347.722,7.4865,1.29028,0.196294,2,LLLTFLLAALLGLLLGVLILI,TFLLAALLGLLLGVL,0.6236542375995179,0.0445328216734352,G,99999900.0,-33.8914,-4.475900000000003,17.090000000000003,1095.6799999999998,-0.030931841413551403,-0.004085043078271031,0.01559761974299066,-0.019419538551401872
LLLLFVLLITLALLLASLILI_1,110011001100110000,1,-74.2301,-74.2301,-74.2301,-236.477,-224.275,-242.487,-368.555,4609.48,3765.24,3623.26,-21.2625,-0.646568,-79.1101,-70.6969,-51.8382,-62.7032,77.9584,16.9663,10.3847,6.42986,6.09924,-2.97646,-60.6709,65.7431,20.4901,-365.176,9.5,4.47595,3.9621,1,LLLLFVLLITLALLLASLILI,LFVLLITLALLLASL,0.3745532352053136,0.0727221525853413,L,99999900.0,-27.271900000000002,0.0,6.009999999999991,844.2399999999998,-0.03230349189803848,0.0,0.007118828769070397,-0.02518537382734768
LLLTSLLLALLFGLLFALILI_0,110011001100110000,1,-53.5521,-54.3076,-44.9597,-228.987,-228.799,-250.123,-341.195,4608.91,3628.14,3563.43,-21.25,-21.0026,-79.9056,-79.0905,-46.1121,-33.9501,71.4488,-37.705,7.37174,1.23811,0.809843,-20.7693,-33.5044,71.7656,-37.0663,-362.197,7.3729,1.21402,0.790504,0,LLLTSLLLALLFGLLFALILI,TSLLLALLFGLLFAL,0.4156323136585567,0.0669767889812237,G,99999900.0,-33.79350000000001,-8.592400000000005,21.135999999999996,980.77,-0.03445609062267403,-0.008760871560100742,0.021550414470263155,-0.021666649673215944
LLLYSLLVALLFTLLALLILI_1,110011001100110000,1,-69.8553,-64.3124,-58.8425,-229.631,-228.709,-253.425,-350.05,4715.94,3868.33,3793.47,-21.2383,-10.6324,-71.8018,-67.661,-37.7821,-52.0328,84.3655,-47.1046,8.14693,5.69426,5.45975,-17.456,-52.9619,83.5681,-45.0,-367.372,8.1807,5.72598,5.4795,1,LLLYSLLVALLFTLLALLILI,YSLLVALLFTLLALL,0.294434944800566,0.0409606219197988,R,99999900.0,-34.0197,-11.012799999999999,23.79400000000001,847.6099999999997,-0.040136029541888385,-0.012992767900331523,0.028071872677292647,-0.025056688807352446
LLLYSLLLTLLAALLVILILI_1,110011001100110000,1,-72.4338,-72.188,-58.9017,-235.293,-231.637,-248.874,-366.338,4639.93,3910.41,3847.41,-21.2285,750.728,-79.8399,688.215,-58.562,-54.7673,80.6867,-41.0845,8.49695,5.6078,5.3181,599.455,-47.5855,75.0258,-37.5493,381.397,8.189,3.76631,3.3917,1,LLLYSLLLTLLAALLVILILI,YSLLLTLLAALLVIL,0.383107500510247,0.0062927529428703,R,99999900.0,-21.277900000000002,-13.532100000000007,13.580999999999989,729.5200000000004,-0.0291669865116789,-0.018549320100888254,0.018616350477025964,-0.029099270753372063
LLLTYLLTVLLAFLLSLLILI_2,110011001100110000,1,-91.5781,-90.7558,-74.0668,-238.855,-235.313,-255.004,-370.634,4658.19,3806.87,3814.4,-21.2274,-18.1066,-61.4283,-62.6721,-41.5628,-71.0498,61.2568,-38.4,8.73832,5.42714,4.84599,-14.2138,-65.6219,56.0214,-35.0,-388.942,8.811,3.90618,3.2465,2,LLLTYLLTVLLAFLLSLLILI,TYLLTVLLAFLLSLL,0.5216508551159283,0.0315766030795552,R,99999900.0,-19.865499999999997,-17.511300000000006,16.149,851.3199999999997,-0.023334938683456284,-0.02056958605459758,0.018969365221068468,-0.024934689658412827
LLLYWLLVALLAFLLSLLILI_0,110011001100110000,1,-60.4117,-60.7452,-60.3026,-237.523,-231.195,-253.868,-356.038,4759.84,3960.63,3865.15,-21.227,-14.125,-79.3306,-78.2232,-41.8682,-76.2234,60.2425,-42.7604,8.52346,6.06625,5.46989,-14.6822,-72.3455,59.1071,-38.7139,-370.163,8.3283,5.33129,4.7179,0,LLLYWLLVALLAFLLSLLILI,YWLLVALLAFLLSLL,0.3698407679210929,0.0722849221056758,R,99999900.0,-37.4624,-0.10910000000000508,16.345,799.21,-0.04687428835975526,-0.00013650980343089434,0.020451445802730193,-0.026559977978253525
LLLLALLTILLFVLISLLILI_1,110011001100110000,1,-74.2574,-74.2574,-74.2574,-246.86,-246.372,-246.516,-380.726,4579.14,3807.75,3753.92,-21.2243,19.7095,-80.8324,-40.387,-59.952,-92.43,42.8512,29.0521,9.73333,6.14941,5.29218,18.4977,-95.5434,21.4906,28.0,-351.127,9.3253,3.73274,2.5551,1,LLLLALLTILLFVLISLLILI,LALLTILLFVLISLL,0.4002617476688625,0.0980709064750694,L,99999900.0,-20.88040000000001,0.0,-0.3440000000000225,771.3900000000003,-0.02706853861211579,0.0,-0.0004459482233371218,-0.027514357199341435
LLLYSLLATLLAALLVFLILI_0,110011001100110000,1,-72.127,-71.9427,-58.7655,-231.372,-222.241,-246.069,-323.119,4621.98,4005.66,3809.82,-21.1935,412.283,-40.8133,383.347,-18.2842,-54.421,73.8807,-42.2944,8.91604,4.63705,4.24526,368.124,-50.0085,62.5615,-38.4276,89.1636,8.5488,2.44708,1.8855,0,LLLYSLLATLLAALLVFLILI,YSLLATLLAALLVFL,0.2153589094735941,0.0255121805282745,R,99999900.0,-22.5291,-13.361499999999992,14.696999999999974,616.3199999999997,-0.036554225077881634,-0.02167948468328141,0.023846378504672867,-0.03438716900311528
LLLYALLVALLFTLLSALILI_2,110011001100110000,1,-74.079,-74.079,-74.079,-237.178,-234.617,-246.013,-349.594,4639.42,3915.73,3879.14,-21.1906,-16.4006,-59.5281,-57.2985,-29.5018,-38.5222,93.6014,-36.4402,8.86671,4.91452,4.81854,-15.0263,-35.5651,88.7149,-39.2404,-364.677,9.0,3.81128,3.642,2,LLLYALLVALLFTLLSALILI,YALLVALLFTLLSAL,0.2401588451013554,0.0102596754288511,R,99999900.0,-30.026300000000003,0.0,8.835000000000008,723.69,-0.04149055534828449,0.0,0.012208265970235884,-0.029281322113059456
LLLVYLLTTLLAFLLSLLILI_0,110011001100110000,1,-87.8264,-87.9015,-87.8642,-237.132,-231.981,-247.229,-373.289,4654.95,3744.92,3796.19,-21.1857,-19.0459,-69.5166,-72.4522,-38.1955,-62.3552,75.3968,-43.3416,8.09909,6.03185,5.66281,-18.7157,-66.1502,63.0091,-42.2689,-392.335,8.387,4.92876,4.3739,0,LLLVYLLTTLLAFLLSLLILI,VYLLTTLLAFLLSLL,0.6916973762642176,0.088737533430629,R,99999900.0,-31.321099999999994,0.037799999999990064,10.097000000000008,910.0299999999997,-0.034417656560772725,4.153709218376325e-05,0.011095238618507095,-0.02328022153115832
LLLYSLLVALLFTLLIALILI_1,110011001100110000,1,-69.8921,-66.7329,-58.8097,-229.436,-227.559,-250.854,-344.184,4682.59,3927.94,3811.09,-21.1761,-0.901798,-66.032,-50.7934,-34.5194,-58.7334,83.1841,-40.9984,8.2988,6.53987,6.28763,-3.51746,-56.104,80.164,-35.0,-349.771,8.259,5.73774,5.4402,1,LLLYSLLVALLFTLLIALILI,YSLLVALLFTLLIAL,0.3089392817145909,0.0404258229272285,R,99999900.0,-31.5126,-11.0824,21.418000000000006,754.6500000000001,-0.04175790101371496,-0.014685483336646125,0.02838136884648513,-0.0280608228980322
LLLYALLFVLAILLFSLLILI_2,110011001100110000,1,-60.4445,-60.4445,-60.4445,-231.743,-236.077,-251.71,-339.913,4725.85,3919.57,3814.25,-21.1694,-16.984,-68.895,-60.3761,-27.7595,-104.662,49.0783,26.1468,9.21468,8.82482,8.061,-6.61712,-109.225,30.3317,25.4032,-348.468,9.5,6.97853,5.93351,2,LLLYALLFVLAILLFSLLILI,YALLFVLAILLFSLL,0.294135583122474,0.0377862194061449,L,99999900.0,-41.13549999999999,0.0,19.967000000000013,806.2800000000002,-0.051018876816986636,0.0,0.024764349853648865,-0.02625564320087314
LLLTGLLFILLGVLLSLLILI_1,110011001100110000,1,-65.1476,-63.8333,-60.3857,-226.384,-231.235,-245.392,-360.001,4661.02,3787.04,3604.13,-21.1662,50.6145,-89.6362,-14.3186,-54.2233,-69.7628,53.7581,-54.6297,7.45279,4.22177,3.52814,49.7468,-68.4402,63.5344,-45.0,-270.777,7.2771,5.34318,4.7962,1,LLLTGLLFILLGVLLSLLILI,TGLLFILLGVLLSLL,0.3355126060149705,0.0486425922242973,G,99999900.0,-35.4129,-4.761899999999997,19.00800000000001,873.9800000000005,-0.04051911943065056,-0.005448522849493117,0.021748781436646148,-0.024218174328931998
LLLFSLLLTLLAALLSYLILI_1,110011001100110000,1,-83.2925,-84.0697,-74.1759,-235.609,-227.665,-245.278,-360.893,4585.36,3966.66,3799.74,-21.1588,2010.72,-63.1509,1961.56,-41.4393,-43.6071,90.8156,-45.9204,9.37464,5.30118,5.16342,1880.51,-43.6777,70.6483,-39.0967,1643.23,8.0,2.58918,2.1489,1,LLLFSLLLTLLAALLSYLILI,FSLLLTLLAALLSYL,0.2095247363738421,0.0463797426098509,R,99999900.0,-21.711599999999997,-9.116600000000005,9.668999999999983,618.6999999999998,-0.03509229028608373,-0.014735089704218536,0.01562792952965894,-0.03419880394375304
LLLLYVLTALLLILALLLILI_2,110011001100110000,1,-58.9645,-58.9645,-58.8545,-230.245,-221.341,-244.745,-368.278,4658.84,3605.62,3605.73,-21.132,-14.0733,-100.2,-102.046,-64.6786,-57.3512,76.9172,17.609,9.72368,5.4865,5.14026,-8.82654,-62.8439,56.9541,19.0347,-376.895,9.5,3.61539,2.9697,2,LLLLYVLTALLLILALLLILI,LYVLTALLLILALLL,0.1562677104318711,0.0211233549836924,L,99999900.0,-35.5214,-0.10999999999999943,14.5,1053.2200000000003,-0.03372647689941322,-0.0001044416171360204,0.013767304077020943,-0.020064184121076314
LLLLAVLIALLTLLFSLLILI_1,110011001100110000,1,-70.56,-74.2487,-74.3021,-234.105,-222.809,-242.892,-371.794,4546.9,3651.54,3718.47,-21.1313,20.7959,-88.2599,-53.9396,-54.5999,-46.5501,99.3214,21.2091,8.86095,6.8909,6.88072,2.24526,-43.0836,88.7124,20.2021,-368.422,9.3861,4.93871,4.7694,1,LLLLAVLIALLTLLFSLLILI,LAVLIALLTLLFSLL,0.3885299911821052,0.0433673856022439,L,99999900.0,-33.660000000000004,3.7420999999999935,8.787000000000006,895.3599999999997,-0.03759381701215155,0.004179436204431731,0.009813929592566129,-0.023600897962830603
LLLLVLLTILLIYLLSFLILI_0,110011001100110000,1,-74.1944,-74.2155,-74.2818,-249.906,-233.35,-252.97,-374.657,4684.74,4060.62,3782.71,-21.1292,44.0443,-71.6858,-23.0478,-47.4055,-51.6873,91.9285,-43.1772,10.092,6.66344,6.54237,44.9567,-57.818,66.41,-40.684,-330.613,9.0,4.13805,3.6342,0,LLLLVLLTILLIYLLSFLILI,LVLLTILLIYLLSFL,0.3336372046653448,0.1230084621418617,R,99999900.0,-24.280299999999997,0.08740000000000236,3.063999999999993,624.1199999999999,-0.038903255784144074,0.00014003717233865664,0.004909312311734912,-0.03385438697686343
LLLAVLLTSLLGGLLFLLILI_1,110011001100110000,1,-80.4875,-78.6747,-74.1107,-219.898,-217.743,-236.44,-357.908,4528.42,3773.85,3600.8,-21.1266,-19.846,-78.6489,-81.3367,-47.3571,-49.1399,65.1403,-42.4884,6.66545,2.66492,2.14203,-14.338,-42.5413,66.4514,-37.8047,-374.057,6.7945,1.85213,1.3489,1,LLLAVLLTSLLGGLLFLLILI,AVLLTSLLGGLLFLL,0.2723962094551417,0.0267342843315312,G,99999900.0,-31.291799999999995,-6.376800000000003,16.542,754.5700000000002,-0.0414697112262613,-0.008450905813907261,0.02192241939117643,-0.027998197648992133
LLLFVLLTALLGALLSLLILI_1,110011001100110000,1,-81.724,-64.179,-74.2311,-225.751,-216.123,-237.197,-359.934,4536.28,3914.19,3740.53,-21.1181,92.9823,-73.5771,13.3507,-48.5055,-48.6901,70.1825,-47.9058,7.28975,3.27815,2.83089,82.0361,-47.9501,60.2066,-41.6343,-279.314,7.3755,1.8204,1.2235,1,LLLFVLLTALLGALLSLLILI,FVLLTALLGALLSLL,0.2571769525507941,0.0262895416815089,G,99999900.0,-25.071600000000004,-7.492900000000006,11.445999999999998,622.0899999999997,-0.04030220707614656,-0.012044720217331913,0.018399266987091906,-0.03394701731260751
LLLSYLLTILLAVLLILLILI_1,110011001100110000,1,-77.2026,-73.327,-58.7698,-237.873,-237.204,-258.508,-383.311,4613.99,3754.2,3767.01,-21.1166,17.4661,-89.352,-55.3138,-66.0333,-65.0818,64.2413,-45.0072,8.55894,4.93484,4.39846,13.0243,-63.7796,55.9617,-42.8634,-375.405,8.0,3.62177,2.9612,1,LLLSYLLTILLAVLLILLILI,SYLLTILLAVLLILL,0.5079328225944567,0.0668903739546405,R,99999900.0,-23.318700000000007,-18.432800000000007,20.63499999999999,859.79,-0.027121390106886575,-0.021438723409204583,0.02400004652298816,-0.024560183300573395
LLLYILLSTLLALLLAFLILI_1,110011001100110000,1,-74.2633,-74.2633,-74.1096,-242.862,-234.186,-250.264,-367.259,4639.05,4008.0,3761.7,-21.1137,93.7384,-71.248,34.9288,-42.8861,-67.2679,64.0854,-42.0245,8.24482,5.24172,4.703,83.3699,-58.0388,59.4252,-37.1641,-275.835,8.0,3.22822,2.6196,1,LLLYILLSTLLALLLAFLILI,YILLSTLLALLLAFL,0.2070393363726631,0.0302058187058147,R,99999900.0,-28.361900000000006,-0.15370000000000061,7.402000000000015,631.0500000000002,-0.044943982251802544,-0.00024356231677363216,0.011729656921004696,-0.033458046113620146
LLLLLLLTALLIALVSLLILI_0,110011001100110000,1,-74.0558,-73.9206,-74.0315,-230.034,-222.441,-240.488,-389.824,4535.33,3640.79,3604.29,-21.1064,-11.3316,-106.841,-104.794,-75.3051,-49.3151,67.0006,19.6973,9.24018,2.94234,2.44735,-11.1662,-51.3244,56.7456,20.2059,-401.156,9.3834,1.85932,1.2105,0,LLLLLLLTALLIALVSLLILI,LLLLTALLIALVSLL,0.3557630624257127,0.0928012541277519,L,99999900.0,-31.535899999999998,-0.02430000000001087,10.454000000000008,894.54,-0.035253761709929124,-2.7164799785376696e-05,0.011686453372683175,-0.023594696715630383
LLLSALLVALLGALLGLLILI_0,110011001100110000,1,-54.4048,-54.7702,-44.9223,-218.804,-218.125,-236.901,-350.288,4447.21,3763.78,3676.86,-21.0908,-5.63403,-98.1695,-83.0266,-68.4641,-46.8935,71.0083,-49.8133,6.54206,3.12015,2.68527,-7.45116,-47.4319,67.7648,-45.0,-355.922,6.6781,2.76303,2.2795,0,LLLSALLVALLGALLGLLILI,SALLVALLGALLGLL,0.2920871722961612,0.0726480393826154,G,99999900.0,-29.705399999999997,-9.482500000000002,18.09700000000001,683.4299999999998,-0.04346516834203942,-0.01387486648230251,0.026479668729789463,-0.030860219773788108
LLLYVLLIILLTLLLSFLILI_0,110011001100110000,1,-71.4408,-71.6259,-74.2519,-252.811,-242.843,-257.538,-379.247,4690.56,4133.21,3845.86,-21.0904,53.2754,-76.0863,-11.5025,-47.4568,-77.5666,57.95,-44.0391,9.07579,5.95824,5.32749,51.9546,-76.3191,47.1656,-35.0895,-325.972,8.6159,4.31522,3.5227,0,LLLYVLLIILLTLLLSFLILI,YVLLIILLTLLLSFL,0.2110882850785875,0.0513999130039588,R,99999900.0,-28.629499999999993,2.8111000000000104,4.727000000000004,557.3500000000004,-0.051367183995693864,0.005043688884901782,0.008481205705571006,-0.03784049520050235
LLLLLFLLATLLILLSVLILI_1,110011001100110000,1,-74.2359,-74.2211,-74.2359,-236.434,-235.318,-245.076,-380.422,4596.27,3803.03,3697.92,-21.0847,-18.1739,-90.8368,-89.0573,-61.111,-52.3173,85.3159,25.0105,9.52106,5.86524,5.64498,-7.80841,-55.2224,71.1403,23.3889,-388.48,9.5,4.3873,3.9544,1,LLLLLFLLATLLILLSVLILI,LLFLLATLLILLSVL,0.2809580727978038,0.0213685581814067,L,99999900.0,-29.7258,0.0,8.641999999999996,793.2400000000002,-0.037473904492965546,0.0,0.010894559023750685,-0.026580480056477226
LLLSYLLTVLLGTLLAFLILI_2,110011001100110000,1,-84.167,-88.9422,-72.5251,-234.107,-232.392,-253.872,-358.537,4570.76,3859.84,3657.38,-21.0729,300.738,-61.336,263.535,-32.1405,-49.2565,69.1616,-47.9826,8.18718,3.2253,2.76272,295.542,-49.156,60.31,-42.3523,-57.7995,7.5,2.01525,1.4199,2,LLLSYLLTVLLGTLLAFLILI,SYLLTVLLGTLLAFL,0.3239078285684205,0.0492434465109351,G,99999900.0,-29.195499999999996,-11.641900000000007,19.765000000000015,710.9200000000001,-0.04106720868733471,-0.01637582287739831,0.027802003038316564,-0.029641731840432114
LLLLYLLLAVLTALLFSLILI_0,110011001100110000,1,-74.2439,-74.2439,-74.2439,-222.876,-215.194,-244.379,-359.952,4586.86,3640.15,3647.57,-21.0648,-4.79952,-83.8968,-75.3142,-41.3294,-11.3242,100.994,20.1754,8.94847,1.83283,1.84774,-3.40079,-16.1108,85.7945,18.2467,-364.752,9.3989,0.498883,0.285801,0,LLLLYLLLAVLTALLFSLILI,LYLLLAVLTALLFSL,0.3065620393969566,0.0526065688510401,L,99999900.0,-42.5674,0.0,21.502999999999986,946.7099999999996,-0.04496350519166378,0.0,0.022713396921971878,-0.022250530785562644
LLLYSLLVALLATLLTALILI_2,110011001100110000,1,-79.1404,-82.0907,-72.5506,-230.64,-221.572,-244.218,-358.947,4588.02,3966.83,3833.35,-21.0489,2265.25,-70.2154,2209.96,-42.1785,-46.8276,79.5873,-42.6478,8.54792,4.26842,3.96223,1967.96,-46.3688,65.1745,-35.0,1906.3,8.3786,2.25388,1.7315,2,LLLYSLLVALLATLLTALILI,YSLLVALLATLLTAL,0.3639308245981223,0.0287042388889107,R,99999900.0,-28.036900000000003,-6.589799999999997,13.578000000000003,621.1900000000005,-0.0451341779487757,-0.010608348492409716,0.021858046652392975,-0.03388480175147698
LLLLAVLAFLLATLISLLILI_0,110011001100110000,1,-74.1808,-74.1808,-74.1808,-225.922,-213.975,-238.373,-360.648,4512.85,3584.27,3665.48,-21.0471,-7.35081,-81.5925,-79.8425,-48.0946,-53.9183,76.0586,19.6178,8.73531,4.85566,4.49654,-7.02368,-60.0299,56.8654,19.5041,-367.999,8.5832,3.18132,2.5343,0,LLLLAVLAFLLATLISLLILI,LAVLAFLLATLISLL,0.3695252080264523,0.0081236739118947,L,99999900.0,-33.4979,0.0,12.450999999999993,928.5800000000004,-0.03607432854465958,0.0,0.013408645458657291,-0.02266589846862951
LLLYFLLAALVTLLLSLLILI_0,110011001100110000,1,-70.5891,-70.58,-74.1565,-233.463,-226.789,-249.928,-357.956,4731.29,3758.52,3804.85,-21.0389,-9.25378,-74.9425,-69.8399,-33.8715,-105.025,25.7707,18.8619,9.24166,5.73284,4.6194,-9.31525,-111.368,7.59807,18.0,-367.209,9.5,4.23094,2.84491,0,LLLYFLLAALVTLLLSLLILI,YFLLAALVTLLLSLL,0.1988317435991999,0.0524019017456149,L,99999900.0,-41.071,3.567399999999992,16.465000000000003,972.77,-0.04222066881174378,0.003667259475518357,0.01692589204025618,-0.021627825693637758
LLLAALLVALLTLLLSILILI_0,110011001100110000,1,-71.0142,-71.218,-74.3132,-232.115,-219.641,-238.458,-382.411,4485.54,3775.99,3780.21,-21.0381,-6.54796,-100.32,-98.1003,-69.6404,-82.9222,75.1653,-39.4848,8.33068,9.08564,8.71312,-7.06913,-76.3343,62.4577,-43.5133,-388.959,8.2908,6.38193,5.81879,0,LLLAALLVALLTLLLSILILI,AALLVALLTLLLSIL,0.4820111965781082,0.0393770033191887,R,99999900.0,-30.679599999999994,3.2989999999999924,6.342999999999989,709.5500000000002,-0.04323810866041856,0.004649425692340204,0.008939468677330685,-0.029649918962722843
LLLLALLFLLTSLLAVLLILI_1,110011001100110000,1,-75.2172,-75.2554,-74.2342,-223.092,-221.335,-240.839,-372.534,4593.76,3669.98,3693.43,-21.0345,-14.9951,-95.2599,-90.9394,-57.4615,-103.192,31.3977,25.4578,9.05027,6.21753,5.1885,-13.9285,-104.748,22.8853,27.2234,-386.636,9.1205,5.30171,4.14499,1,LLLLALLFLLTSLLAVLLILI,LALLFLLTSLLAVLL,0.3540076135177609,0.0923191888813464,L,99999900.0,-37.7984,-0.9830000000000041,17.746999999999986,923.7800000000002,-0.04091710147437701,-0.0010641061724653098,0.01921128407196517,-0.022770031825759377
LLLSALLGALLGLLLAVLILI_0,110011001100110000,1,-57.3296,-56.7338,-44.8908,-216.393,-212.59,-237.216,-352.75,4425.29,3565.31,3544.91,-21.0278,43.229,-100.055,-40.1974,-70.643,-67.7509,69.4006,-41.0975,6.42149,6.03171,5.57271,32.142,-68.8242,63.6738,-35.7825,-309.521,6.5843,5.41959,4.8747,0,LLLSALLGALLGLLLAVLILI,SALLGALLGLLLAVL,1.2816717859965816,0.0482388155181179,G,99999900.0,-29.412000000000006,-12.4388,20.823000000000008,859.98,-0.03420079536733413,-0.014464057303658224,0.024213353798925565,-0.024451498872066792
LLLAALLLLLVILLFSLLILI_0,110011001100110000,1,-60.4567,-60.4567,-60.4567,-233.099,-217.868,-244.377,-370.569,4649.88,3733.65,3636.18,-21.0257,25.351,-98.0397,-66.8935,-65.7359,-102.955,55.2271,24.5744,9.77746,9.39897,8.72737,25.0057,-103.038,36.634,25.4696,-345.218,9.2755,6.90129,5.9508,0,LLLAALLLLLVILLFSLLILI,AALLLLLVILLFSLL,0.3338660698067945,0.0901875404780697,L,99999900.0,-32.303799999999995,0.0,11.27800000000002,916.23,-0.035257304388636036,0.0,0.012309136352225991,-0.02294805889350927
LLLSYLLVALLALLLATLILI_2,110011001100110000,1,-77.2974,-74.5879,-58.8168,-227.428,-225.383,-250.42,-367.166,4579.59,3795.66,3752.6,-21.0199,-11.4488,-83.4602,-78.6434,-57.9292,-67.3442,60.0032,-44.8006,8.16002,4.70206,4.10211,-11.7851,-61.0036,57.271,-40.2845,-379.109,8.1019,3.38213,2.7412,2,LLLSYLLVALLALLLATLILI,SYLLVALLALLLATL,0.4587751267341463,0.030337121243716,R,99999900.0,-25.531,-18.480599999999995,22.99199999999999,783.9300000000003,-0.03256795887387903,-0.02357429872565151,0.029329149286288294,-0.02681349100047197
LLLTFLLAILLGLLLGVLILI_1,110011001100110000,1,-46.1653,-44.9832,-44.9832,-223.56,-220.863,-242.571,-344.612,4591.78,3552.06,3468.98,-21.0149,-15.1953,-95.9021,-93.9612,-57.0577,-72.9985,32.8864,-39.0204,7.31596,1.88944,0.882736,-15.5271,-74.241,27.0676,-35.812,-360.679,7.4865,1.29028,0.196294,1,LLLTFLLAILLGLLLGVLILI,TFLLAILLGLLLGVL,0.7027247367578457,0.0719763605766067,G,99999900.0,-38.84440000000001,-1.1821000000000055,19.010999999999996,1039.7199999999998,-0.03736044319624516,-0.0011369407148078383,0.018284730504366558,-0.020212076328242224
LLLYLLLIVLLAFLLSTLILI_2,110011001100110000,1,-74.2268,-72.509,-74.0969,-241.71,-239.555,-253.014,-367.702,4754.47,4149.91,3991.23,-21.001,-15.8053,-72.7664,-71.4434,-40.5908,-62.4596,55.0562,-47.106,8.73104,3.30153,2.62737,-19.5904,-60.4999,54.1041,-45.0,-387.472,8.7425,2.87904,2.1906,2,LLLYLLLIVLLAFLLSTLILI,YLLLIVLLAFLLSTL,0.2222230459593462,0.0922675083688221,R,99999900.0,-32.1756,-0.12989999999999213,11.304000000000002,604.5600000000004,-0.05322151647479156,-0.00021486701071852594,0.0186978959904724,-0.034737660447267414
LLLAALLAVLLSLLFTLLILI_2,110011001100110000,1,-74.3089,-74.3089,-74.3089,-226.101,-223.224,-239.524,-367.536,4500.15,3631.21,3658.93,-20.9989,-16.7171,-88.1252,-86.7204,-53.7031,-101.482,22.2097,18.7472,8.72502,4.72067,3.55382,-13.7394,-105.336,9.98133,18.0,-380.456,8.8545,3.64788,2.2976,2,LLLAALLAVLLSLLFTLLILI,AALLAVLLSLLFTLL,0.4020229228433956,0.0111892772858165,L,99999900.0,-34.42210000000001,0.0,13.423000000000002,868.9399999999996,-0.03961389739222504,0.0,0.015447556793334417,-0.024166110433401625
LLLYLLLGALLGTLLIFLILI_2,110011001100110000,1,-58.7234,-55.3281,-58.7234,-235.84,-230.264,-246.097,-344.8,4634.58,3889.64,3599.46,-20.9794,3444.49,-71.2166,3385.28,-39.9799,-64.8632,73.6074,-46.6916,7.88572,6.16648,5.77059,2934.02,-60.6857,64.7023,-38.4105,3165.13,7.3229,4.33767,3.8082,2,LLLYLLLGALLGTLLIFLILI,YLLLGALLGTLLIFL,0.1373781200765333,0.0857542612875729,G,99999900.0,-31.2367,0.0,10.257000000000005,744.94,-0.04193183343624989,0.0,0.013768894139125304,-0.028162536580127254
LLLYSLLVALLFILLILLILI_1,110011001100110000,1,-56.6671,-55.6914,-45.032,-235.512,-232.415,-257.733,-353.814,4759.81,3961.09,3751.53,-20.9684,26.8263,-82.6032,-38.8811,-51.0491,-58.6141,85.9496,-42.5507,8.44854,6.89531,6.68456,20.9642,-56.104,80.164,-35.0,-333.81,8.259,5.73774,5.4402,1,LLLYSLLVALLFILLILLILI,YSLLVALLFILLILL,0.2300360994391297,0.0305605833182916,R,99999900.0,-31.5541,-11.635100000000001,22.221000000000004,798.7200000000003,-0.03950583433493588,-0.014567182491987176,0.02782076322115384,-0.026252504006410247
LLLVALLAALLGLLLGTLILI_2,110011001100110000,1,-67.484,-66.8771,-58.7454,-212.946,-212.413,-228.552,-351.024,4450.32,3762.1,3665.63,-20.9643,-19.272,-91.5584,-91.0061,-63.7268,-55.0286,63.1939,-44.0443,6.48772,3.28546,2.73337,-9.10417,-48.7411,63.2863,-39.7126,-359.527,6.542,2.35481,1.8041,2,LLLVALLAALLGLLLGTLILI,VALLAALLGLLLGTL,0.4733175737780751,0.132786066811276,G,99999900.0,-27.83160000000001,-8.738599999999998,15.605999999999995,688.2199999999998,-0.04043997558920115,-0.012697393275406121,0.02267588852401848,-0.03046162564296302
LLLYALLVLLLGTLLAFLILI_1,110011001100110000,1,-58.7698,-58.7698,-58.7698,-236.703,-226.805,-246.837,-344.197,4677.94,3983.16,3696.09,-20.9597,1994.83,-69.6831,1936.21,-38.5896,-60.86,65.4717,-44.122,7.71633,4.46768,3.94976,1955.05,-52.9906,59.3407,-40.4383,1637.6,7.2557,2.45959,1.8497,1,LLLYALLVLLLGTLLAFLILI,YALLVLLLGTLLAFL,0.213962589164624,0.0344196625138548,G,99999900.0,-31.0935,0.0,10.133999999999986,694.7799999999997,-0.044753015342986285,0.0,0.014585912087279412,-0.030167391116612464
LLLYALLFVLTALLLSLLILI_1,110011001100110000,1,-74.1224,-74.1224,-74.144,-230.571,-230.582,-249.876,-362.992,4683.6,3777.77,3731.22,-20.9583,-16.4498,-79.2574,-74.7373,-38.9716,-101.979,31.9079,17.7243,9.12766,6.10448,5.0831,-14.3867,-102.991,23.1616,18.0337,-377.528,9.0042,5.07547,3.92289,1,LLLYALLFVLTALLLSLLILI,YALLFVLTALLLSLL,0.5233720822606771,0.0747890065594754,L,99999900.0,-40.2858,0.021600000000006503,19.305000000000007,905.8300000000004,-0.04447390790766478,2.3845533930214823e-05,0.02131194595012309,-0.023137122859697726
LLLLALLWFLTSLLYVLLILI_0,110011001100110000,1,-74.1509,-74.0514,-74.1124,-236.483,-229.935,-254.073,-367.569,4697.41,3904.71,3757.63,-20.9456,-14.909,-77.8799,-78.4916,-39.3836,-101.937,38.9718,35.6824,9.03647,7.05176,6.13634,-13.9704,-97.2084,34.413,25.3425,-382.478,9.1745,5.72701,4.7432,0,LLLLALLWFLTSLLYVLLILI,LALLWFLTSLLYVLL,0.7948390769892938,0.0874551406975427,L,99999900.0,-38.496300000000005,-0.03849999999999909,17.590000000000003,792.6999999999998,-0.048563517093478004,-4.85681846852518e-05,0.022189983600353232,-0.026423110886842443
LLLYVLLFILLALLLITLILI_2,110011001100110000,1,-58.9281,-58.9281,-58.9281,-250.589,-245.473,-255.376,-364.02,4701.59,3990.94,3860.78,-20.9433,35.9691,-75.4468,-23.6499,-49.7168,-68.2973,65.7197,-37.643,8.9837,5.61676,5.10256,39.4253,-63.1873,55.2127,-36.6493,-327.026,8.5138,3.43181,2.76,2,LLLYVLLFILLALLLITLILI,YVLLFILLALLLITL,0.2211687513531005,0.0717945086119568,R,99999900.0,-25.729999999999997,0.0,4.787000000000006,710.6500000000001,-0.036206290016182356,0.0,0.006736086681207353,-0.02947062548371209
LLLSSLLAALLGVLLGTLILI_2,110011001100110000,1,-78.1372,-84.0489,-58.7566,-213.772,-210.313,-248.712,-364.377,4402.71,3501.77,3408.72,-20.9402,1650.57,-93.4079,1580.55,-56.9082,-73.0555,49.8311,-37.4317,7.09332,4.18552,3.43298,628.288,-66.9239,51.0441,-36.0241,1286.19,6.7893,3.42954,2.6952,2,LLLSSLLAALLGVLLGTLILI,SSLLAALLGVLLGTL,0.2469906890838165,0.0293429558480453,G,99999900.0,-36.4997,-19.38060000000001,34.94,900.94,-0.04051290873976069,-0.02151153239949387,0.038781716873487686,-0.023242613270584057
LLLVTLLLALLLLLFSLLILI_0,110011001100110000,1,-63.6456,-64.7297,-60.4201,-231.943,-223.224,-246.481,-380.769,4654.77,3699.34,3671.65,-20.94,-3.39784,-106.12,-96.2126,-73.868,-104.702,37.1537,22.4636,9.24444,7.22108,6.27838,-4.67682,-109.546,18.722,21.6774,-384.166,9.0601,5.45937,4.2402,0,LLLVTLLLALLLLLFSLLILI,VTLLLALLLLLFSLL,0.2996017292761323,0.0379643235843771,L,99999900.0,-32.25200000000001,-3.225500000000004,14.537999999999982,955.4300000000003,-0.0337565284740902,-0.0033759668421548443,0.01521618538249791,-0.02191683325832347
LLLLLLLLFILIVLLSTLILI_0,110011001100110000,1,-74.2965,-74.2965,-74.2965,-246.844,-232.211,-249.617,-391.748,4577.36,3695.92,3563.89,-20.9347,7.57213,-91.5423,-77.6691,-67.8351,-45.7983,95.681,26.6336,9.49211,6.28668,6.22189,3.79912,-51.3841,76.7072,27.9383,-384.176,9.0467,4.56309,4.2137,0,LLLLLLLLFILIVLLSTLILI,LLLLLFILIVLLSTL,0.2460823432616716,0.1054316972203264,L,99999900.0,-23.7072,0.0,2.772999999999996,881.4399999999996,-0.02689598838264659,0.0,0.003145988382646575,-0.023750567253585052
LLLVYLLTILLALLLSFLILI_0,110011001100110000,1,-74.1951,-74.1658,-74.1658,-238.07,-232.829,-248.114,-370.751,4640.07,3861.43,3779.66,-20.9345,-16.3049,-79.4199,-80.0605,-48.4705,-68.22,67.7571,-35.8085,8.12648,5.88021,5.39657,-14.9751,-65.4251,62.8523,-35.0,-387.055,8.0148,4.79882,4.2416,0,LLLVYLLTILLALLLSFLILI,VYLLTILLALLLSFL,0.4221015381782281,0.070760737795476,R,99999900.0,-30.949399999999997,-0.02929999999999211,10.044000000000011,778.6399999999999,-0.039748022192540845,-3.762971334633735e-05,0.012899414363505616,-0.026885980684270012
LLLYSLLITLLFVLLALLILI_2,110011001100110000,1,-63.8798,-65.9763,-58.8845,-241.425,-237.407,-253.97,-356.457,4723.98,3978.32,3845.1,-20.9338,4914.86,-72.0853,4861.79,-43.6023,-35.6996,84.0738,-40.5834,9.36303,3.2049,2.96601,4310.34,-38.6138,67.2216,-35.9594,4560.33,8.7535,1.36698,0.875303,2,LLLYSLLITLLFVLLALLILI,YSLLITLLFVLLALL,0.2500753262321882,0.0660208542535746,R,99999900.0,-28.483000000000004,-4.9953,12.544999999999987,745.6599999999994,-0.038198374594319164,-0.006699165839658831,0.01682402167207574,-0.028074189308800283
LLLYVLLTALLGALLGFLILI_1,110011001100110000,1,-58.8225,-66.167,-58.8225,-232.417,-226.165,-241.037,-329.116,4573.31,4055.97,3650.24,-20.9313,34374.6,-58.8079,34337.8,-29.257,-38.6896,83.1206,-52.7066,7.99501,3.52473,3.27154,34299.7,-43.2635,63.1811,-42.5139,34036.3,7.006,1.51898,0.966697,1,LLLYVLLTALLGALLGFLILI,YVLLTALLGALLGFL,0.236933814586843,0.0658037742738114,G,99999900.0,-29.550899999999995,0.0,8.620000000000005,517.3400000000006,-0.05712084895813191,0.0,0.0166621564155101,-0.04045946572853438
LLLYTLLVILLAFLLILLILI_2,110011001100110000,1,-60.9258,-60.8715,-45.1094,-236.124,-236.211,-255.927,-353.636,4747.62,4051.76,3815.23,-20.9134,-13.3671,-77.4995,-69.9201,-52.599,-69.2541,48.4285,-48.0705,8.75401,3.42597,2.6524,1.74967,-67.6029,45.1857,-45.0,-341.939,8.6947,2.74051,1.9183,2,LLLYTLLVILLAFLLILLILI,YTLLVILLAFLLILL,0.2077484917958345,0.0605420692188366,R,99999900.0,-24.9005,-15.816400000000002,19.802999999999997,695.8599999999997,-0.03578377834621908,-0.02272928462621793,0.02845831057971432,-0.03005403385738512
LLLYTLLVALLATLLSLLILI_1,110011001100110000,1,-88.3749,-80.7179,-74.0377,-229.885,-226.727,-248.649,-374.784,4672.96,3859.84,3781.86,-20.9131,0.947549,-77.4373,-66.3914,-52.0973,-47.6302,79.9304,-43.7442,8.11983,4.43513,4.13409,-9.41603,-44.1843,73.3677,-43.7221,-384.157,8.0672,3.03228,2.6328,1,LLLYTLLVALLATLLSLLILI,YTLLVALLATLLSLL,0.3999607614120354,0.0519600902668921,R,99999900.0,-25.339999999999996,-14.337199999999996,18.76400000000001,813.1199999999999,-0.031163911845730027,-0.0176323297914207,0.023076544667453774,-0.025719573986619445
LLLAGLLFALLGVLLATLILI_1,110011001100110000,1,-63.0458,-63.7866,-58.8369,-215.12,-211.776,-231.235,-333.37,4453.1,3603.9,3666.42,-20.9072,-9.14241,-76.1115,-66.9496,-43.2979,-72.2934,65.4295,-35.0277,7.24872,6.177,5.65844,-8.6682,-73.6779,53.5881,-38.6441,-343.643,7.4088,4.78608,4.0899,1,LLLAGLLFALLGVLLATLILI,AGLLFALLGVLLATL,0.3107602448348714,0.0984514923614723,G,99999900.0,-32.81360000000001,-4.2089,16.11500000000001,849.2000000000003,-0.038640602920395666,-0.004956311822892132,0.018976683937823837,-0.02461987753179462
LLLLVLLTILLAYLLIFLILI_2,110011001100110000,1,-63.8063,-58.8598,-58.9281,-243.004,-238.125,-250.898,-360.376,4667.95,4076.63,3719.27,-20.907,90.1875,-74.4723,26.796,-50.5495,-68.5673,73.9787,-46.7093,9.46457,6.77221,6.38189,80.0469,-65.5671,60.8336,-38.3522,-276.633,9.0,4.5476,3.9601,2,LLLLVLLTILLAYLLIFLILI,LVLLTILLAYLLIFL,0.3878392541848012,0.1132860385533102,R,99999900.0,-23.922800000000002,-4.8782,7.8940000000000055,591.3199999999997,-0.04045660556044107,-0.008249678684975989,0.013349793681931964,-0.0353564905634851
LLLLTILLFLLAVLYLLLILI_2,110011001100110000,1,-45.0625,-45.0625,-45.0625,-234.519,-221.569,-251.136,-356.3,4719.55,3790.53,3682.43,-20.8994,62.7116,-97.6172,-26.9569,-60.1012,-55.1695,65.8106,21.912,9.85052,3.65986,3.14702,56.6101,-59.6597,51.275,27.3954,-298.786,9.319,2.37108,1.6402,2,LLLLTILLFLLAVLYLLLILI,LTILLFLLAVLYLLL,0.077170692564815,0.0502856822735199,L,99999900.0,-37.516,0.0,16.61699999999999,929.02,-0.04038233837807582,0.0,0.01788659017028696,-0.022496178769025425
LLLYWLLVALLIFLLSLLILI_2,110011001100110000,1,-60.3466,-60.758,-60.3026,-247.606,-235.492,-258.008,-363.334,4796.49,4042.05,3825.52,-20.8663,50.9765,-76.2477,-16.1072,-45.0227,-81.9127,60.5579,-41.8705,9.29627,6.96222,6.37059,51.1246,-72.3455,59.1071,-38.7139,-312.357,8.3283,5.33129,4.7179,2,LLLYWLLVALLIFLLSLLILI,YWLLVALLIFLLSLL,0.2810421265125856,0.0480396688712457,R,99999900.0,-31.224999999999994,-0.044000000000004036,10.401999999999987,754.4399999999996,-0.04138831451142571,-5.832140395525696e-05,0.013787710089602874,-0.027657997985260602
LLLYSLLAALLGTLLGFLILI_0,110011001100110000,1,-65.2513,-71.8392,-58.7271,-218.502,-215.373,-241.113,-329.288,4550.62,3695.66,3589.94,-20.8644,8087.02,-66.3986,8044.94,-29.4482,-74.6221,50.9328,-32.864,7.09445,4.56925,3.83324,7488.62,-65.5548,56.8812,-35.0605,7757.73,6.8434,4.01218,3.3654,0,LLLYSLLAALLGTLLGFLILI,YSLLAALLGTLLGFL,0.1714329082437974,0.0466762343006896,G,99999900.0,-36.9504,-6.5242,22.61099999999999,854.96,-0.043218864040422945,-0.007631000280714888,0.026446851314681375,-0.024403948722747263
LLLAALLLVLITLLLSLLILI_0,110011001100110000,1,-70.6649,-70.6649,-74.2921,-231.964,-222.201,-242.47,-392.489,4541.23,3634.98,3694.91,-20.8465,-8.70816,-110.707,-108.331,-75.727,-107.484,32.1903,17.0804,9.43242,6.9683,5.95115,-8.63625,-112.369,10.849,18.0897,-401.197,9.5,4.81996,3.48269,0,LLLAALLLVLITLLLSLLILI,AALLLVLITLLLSLL,0.5721213289320798,0.0561348858898699,L,99999900.0,-34.97999999999999,3.627200000000002,10.506,906.2499999999995,-0.03859862068965518,0.004002427586206901,0.011592827586206902,-0.02300303448275863
LLLYTLLATLLFLLLSVLILI_0,110011001100110000,1,-81.4767,-81.6997,-74.1799,-238.235,-231.98,-253.102,-366.994,4699.85,3994.84,3849.85,-20.8463,-13.0631,-68.1286,-66.3775,-39.7119,-50.5246,97.7283,-38.3848,8.41147,7.27201,7.23794,-13.5013,-56.104,80.164,-35.0,-380.057,8.259,5.73774,5.4402,0,LLLYTLLATLLFLLLSVLILI,YTLLATLLFLLLSVL,0.2816316450450342,0.0825168828197626,R,99999900.0,-28.416700000000006,-7.29679999999999,14.86699999999999,705.0100000000002,-0.040306804158806255,-0.01034992411455155,0.021087644146891512,-0.029568800442546905
LLLYALLVLLLATLLSFLILI_0,110011001100110000,1,-74.1087,-74.1087,-74.1087,-245.027,-231.144,-250.103,-361.894,4690.78,4015.92,3857.9,-20.8412,-10.3385,-63.5993,-66.9795,-37.6816,-82.2693,60.8609,-42.8524,8.51224,7.05661,6.46952,-9.94086,-77.3567,49.5493,-44.6559,-372.232,8.4065,4.79266,4.0359,0,LLLYALLVLLLATLLSFLILI,YALLVLLLATLLSFL,0.2723672155239974,0.0853963067554638,R,99999900.0,-25.917699999999996,0.0,5.076000000000022,674.8599999999997,-0.038404557982396365,0.0,0.00752156002726495,-0.03088225706072372
LLLYWLLTILVILLLSLLILI_0,110011001100110000,1,-74.1507,-74.1501,-74.1387,-247.186,-229.553,-261.7,-390.246,4750.81,3894.72,3769.53,-20.8409,36.6522,-89.7501,-49.891,-54.4079,-108.368,27.3616,25.5894,9.94506,6.44909,5.35951,34.0146,-106.661,10.839,28.0,-353.594,9.5,3.96242,2.62501,0,LLLYWLLTILVILLLSLLILI,YWLLTILVILLLSLL,0.2132334694082251,0.1289550380317887,L,99999900.0,-35.342200000000005,-0.012000000000000455,14.513999999999982,856.0900000000006,-0.04128327629104414,-1.4017217815884366e-05,0.016953824948311477,-0.024344286231587783
LLLASLLVALLATLLTLLILI_0,110011001100110000,1,-83.5558,-82.0907,-72.5506,-224.215,-218.672,-240.793,-374.957,4503.56,3673.71,3718.82,-20.8283,2266.11,-88.0146,2191.92,-61.6135,-49.7825,73.6306,-43.6184,8.19689,3.9075,3.51196,1569.48,-46.3688,65.1745,-35.0,1891.16,8.3786,2.25388,1.7315,0,LLLASLLVALLATLLTLLILI,ASLLVALLATLLTLL,0.4555603899065741,0.0456589170143229,R,99999900.0,-26.4011,-11.005200000000002,16.578000000000003,829.8500000000004,-0.03181430378984152,-0.013261673796469238,0.019977104295957095,-0.025098873290353665
LLLYVLLFILLALLLSTLILI_1,110011001100110000,1,-74.2681,-74.2387,-74.2387,-247.625,-241.992,-253.415,-371.41,4675.83,4111.89,3883.06,-20.8278,-14.5057,-70.3447,-69.6856,-43.7561,-66.7657,65.9213,-35.8428,8.99105,5.41423,4.90305,-10.9017,-63.1873,55.2127,-36.6493,-383.648,8.5138,3.43181,2.76,1,LLLYVLLFILLALLLSTLILI,YVLLFILLALLLSTL,0.2151909942095032,0.0683557613140686,R,99999900.0,-26.5886,-0.02940000000000964,5.789999999999992,563.9399999999996,-0.04714792353796506,-5.213320566019375e-05,0.010267049686136816,-0.03693265240983086
LLLYILLSVLLALLLTFLILI_0,110011001100110000,1,-74.3328,-74.2881,-74.179,-243.464,-234.177,-252.91,-371.623,4664.54,3942.96,3863.56,-20.8228,-10.9227,-74.6494,-74.0812,-44.5342,-76.8955,63.0039,-36.5244,8.92915,6.53986,5.98492,-9.57632,-73.6754,55.7586,-37.7359,-382.546,8.8202,5.07872,4.4151,0,LLLYILLSVLLALLLTFLILI,YILLSVLLALLLTFL,0.1872934733717073,0.0462026501602297,R,99999900.0,-30.1152,-0.15380000000000393,9.445999999999998,721.5799999999999,-0.04173508134926135,-0.00021314337980543244,0.013090717591950995,-0.028857229967571167
LLLASLLTALLGLLLGVLILI_2,110011001100110000,1,-69.7034,-58.7519,-58.6666,-222.751,-213.663,-235.565,-357.843,4453.7,3779.11,3513.44,-20.8165,1633040.0,-86.2059,1632960.0,-63.6118,-51.5916,82.345,-46.9973,8.01271,5.35532,5.09049,1576820.0,-50.5887,64.17,-37.5151,1632640.0,7.0583,2.75125,2.2138,2,LLLASLLTALLGLLLGVLILI,ASLLTALLGLLLGVL,0.2772293986487036,0.0420354656752889,G,99999900.0,-22.594099999999997,-11.0368,12.813999999999993,674.5899999999997,-0.033493084688477455,-0.016360752457047992,0.018995241554129173,-0.030858002638639782
LLLAYLLVTLLFTLLSLLILI_1,110011001100110000,1,-91.4612,-89.8647,-87.9304,-238.226,-235.361,-249.844,-371.29,4627.93,3751.66,3748.8,-20.8138,12.7058,-62.4164,-33.3582,-33.5155,-22.6277,88.6175,-38.1879,9.51702,1.85752,1.68678,11.6337,-18.4173,84.5167,-38.5607,-359.739,9.0,0.672349,0.440099,1,LLLAYLLVTLLFTLLSLLILI,AYLLVTLLFTLLSLL,0.5487569301970371,0.0921273032836147,R,99999900.0,-28.9009,-3.5307999999999993,11.617999999999995,876.2700000000004,-0.03298172937564904,-0.0040293516838417354,0.013258470562726088,-0.02375272461684183
LLLVGLLLALLGLLLGTLILI_1,110011001100110000,1,-67.0241,-66.696,-58.7749,-215.01,-214.455,-231.704,-357.624,4495.72,3792.79,3670.69,-20.8049,-15.51,-96.3944,-91.983,-67.145,-52.2203,64.557,-42.3475,6.63813,3.04825,2.51661,-8.79645,-46.3992,64.2808,-38.4034,-367.607,6.6622,2.13779,1.602,1,LLLVGLLLALLGLLLGTLILI,VGLLLALLGLLLGTL,0.4190322529057461,0.0197148682063836,G,99999900.0,-29.24940000000001,-8.249200000000002,16.694000000000017,702.9300000000003,-0.04161068669711066,-0.011735450187074102,0.023749164212652767,-0.029597399456560383
LLLLAYLIILLFTLLSLLILI_2,110011001100110000,1,-74.1907,-74.1907,-74.1907,-242.253,-241.985,-248.287,-367.164,4682.56,3958.99,3739.83,-20.8012,-1.76326,-71.5215,-52.7509,-44.6859,-97.0195,31.9172,26.7119,9.90881,5.36175,4.34051,-1.22662,-95.5434,21.4906,28.0,-366.318,9.3253,3.73274,2.5551,2,LLLLAYLIILLFTLLSLLILI,LAYLIILLFTLLSLL,0.4556944975403699,0.0436584435234729,L,99999900.0,-26.835600000000007,0.0,6.03400000000002,723.5700000000006,-0.03708777312492224,0.0,0.008339206987575514,-0.028748013322829835
LLLVALLLALLFTLLIILILI_1,110011001100110000,1,-58.842,-55.4619,-58.842,-237.906,-226.627,-244.517,-367.964,4587.29,3762.35,3729.79,-20.8,1.69754,-92.016,-84.178,-64.6051,-42.6227,97.3628,-31.7894,8.34712,6.03738,5.99782,2.3328,-39.6626,86.0874,-35.0,-363.979,8.2373,4.07119,3.8625,1,LLLVALLLALLFTLLIILILI,VALLLALLFTLLIIL,0.5426487561413288,0.0364237673380349,R,99999900.0,-27.410900000000012,0.0,6.61099999999999,824.94,-0.033227749896962214,0.0,0.008013916163599765,-0.025213954954299705
LLLLTLLVALLAGLLFILILI_1,110011001100110000,1,-52.0124,-51.3973,-44.995,-225.818,-220.996,-239.155,-345.766,4596.83,3779.68,3652.06,-20.7933,17.053,-88.7289,-56.3195,-61.6158,-39.434,81.2941,-41.045,7.7417,3.38982,3.10923,18.4951,-35.1672,74.1308,-38.712,-328.628,7.5,1.78274,1.3947,1,LLLLTLLVALLAGLLFILILI,LTLLVALLAGLLFIL,0.3308403728614725,0.0499051813688622,G,99999900.0,-27.113099999999996,-7.017400000000002,13.336999999999989,817.1500000000001,-0.033180077097228165,-0.008587652205837364,0.016321360827265482,-0.025446123722694728
LLLVALLLLLALLLTSLLILI_0,110011001100110000,1,-74.1437,-70.6021,-74.2575,-227.838,-214.431,-241.54,-393.906,4605.49,3596.64,3656.43,-20.7912,27.4168,-112.715,-81.4555,-78.1084,-99.9448,57.3128,21.8599,9.39831,9.22895,8.58864,26.9053,-104.611,34.9197,18.0,-366.489,9.4573,6.90581,5.92961,0,LLLVALLLLLALLLTSLLILI,VALLLLLALLLTSLL,0.567556559588239,0.0811894773731947,L,99999900.0,-34.6066,0.11379999999999768,13.701999999999998,1008.8499999999999,-0.03430301828814988,0.00011280170491153064,0.013581801060613569,-0.020608812013678944
LLLVYLLLALLFILLSLLILI_0,110011001100110000,1,-67.4642,-68.3348,-60.4151,-239.911,-233.446,-248.834,-368.978,4684.73,3958.28,3807.29,-20.7865,47.8295,-82.3885,-19.3668,-59.7285,-12.956,101.71,-37.9687,9.54598,2.17428,2.19993,50.8683,-18.4173,84.5167,-38.5607,-321.148,9.0,0.672349,0.440099,0,LLLVYLLLALLFILLSLLILI,VYLLLALLFILLSLL,0.2242524051346997,0.0430788016671003,R,99999900.0,-22.659999999999997,-7.049100000000003,8.923000000000002,726.4499999999994,-0.0311927868401129,-0.009703489572578992,0.012283020166563439,-0.028613806869020604
LLLASLLFALLIALLVTLILI_2,110011001100110000,1,-68.4314,-68.1727,-58.8343,-227.467,-226.042,-243.419,-355.049,4536.03,3730.54,3672.54,-20.7641,-18.9454,-79.9147,-79.7806,-52.7964,-40.755,76.1374,-35.0547,8.44521,2.8918,2.53386,-19.7542,-39.3076,75.987,-35.0,-375.353,8.4047,2.65439,2.2942,2,LLLASLLFALLIALLVTLILI,ASLLFALLIALLVTL,0.4042945826253676,0.0400861359625082,R,99999900.0,-27.118299999999998,-9.597099999999998,15.951999999999998,805.4899999999998,-0.033666836335646634,-0.011914610982135098,0.019804094402165146,-0.025778221951855397
LLLTSLLVGLLIYLLGLLILI_2,110011001100110000,1,-58.8488,-51.5678,-44.9603,-234.58,-229.686,-256.188,-361.048,4621.67,3774.27,3637.48,-20.764,1557250.0,-88.3841,1557170.0,-59.8998,-43.4219,84.5828,-47.3341,7.96266,4.43196,4.2007,1524710.0,-47.0876,58.6724,-35.0,1556970.0,7.44,1.48391,0.863996,2,LLLTSLLVGLLIYLLGLLILI,TSLLVGLLIYLLGLL,0.1814458489659953,0.045409222694354,G,99999900.0,-28.484300000000005,-13.8885,21.607999999999976,847.4000000000001,-0.033613759735662024,-0.016389544489025253,0.025499173943828148,-0.02450318621666273
LLLYALLVALLATLLSFLILI_1,110011001100110000,1,-74.0594,-66.6574,-74.0594,-240.03,-233.642,-245.231,-352.904,4612.94,4064.41,3885.47,-20.75,506.217,-59.5644,453.612,-33.6132,-48.7862,78.1534,-44.8993,8.52789,4.36865,4.04095,405.519,-47.1777,64.0077,-41.6778,146.992,8.4891,2.21769,1.67781,1,LLLYALLVALLATLLSFLILI,YALLVALLATLLSFL,0.2649998844332161,0.0108915582403228,R,99999900.0,-25.9512,0.0,5.200999999999993,548.5299999999997,-0.04731044792445265,0.0,0.009481705649645409,-0.03782837766393818
LLLYLLLTILVALLASLLILI_1,110011001100110000,1,-73.9578,-73.9784,-74.198,-240.597,-235.021,-248.009,-376.878,4606.4,3823.5,3744.85,-20.7372,22.2509,-83.0612,-45.6283,-54.6715,-103.799,25.2384,24.9149,9.50284,5.47698,4.35555,27.4885,-108.73,3.38007,19.3936,-350.23,9.4542,3.26581,1.81651,1,LLLYLLLTILVALLASLLILI,YLLLTILVALLASLL,0.39078330809082,0.038106174710232,L,99999900.0,-28.389699999999998,0.2401999999999873,7.411999999999978,782.8999999999996,-0.03626223016988123,0.0003068080214586632,0.009467364925277789,-0.026487674032443495
LLLYTLLVALLFALLSLLILI_1,110011001100110000,1,-69.3778,-65.4634,-60.4371,-230.22,-231.403,-250.657,-353.42,4741.7,3819.06,3773.62,-20.7225,-14.5293,-74.5451,-71.0835,-42.3266,-39.6812,75.8142,-40.5414,7.82922,2.6871,2.32431,-8.89332,-41.4439,73.7208,-39.1581,-364.147,8.0,2.66889,2.2747,1,LLLYTLLVALLFALLSLLILI,YTLLVALLFALLSLL,0.3080400004396917,0.0423559177531374,R,99999900.0,-32.218500000000006,-8.940699999999993,20.437000000000012,922.6399999999999,-0.03491990375444378,-0.009690345096679088,0.02215056793548948,-0.022460006069539587
LLLYALLAVLLGLLLGTLILI_0,110011001100110000,1,-58.7556,-60.3616,-58.7556,-229.106,-222.903,-240.658,-347.766,4583.77,3685.41,3632.49,-20.7147,-16.1609,-80.6191,-80.6619,-48.3525,-69.4777,45.6586,-41.9608,7.0661,3.08556,2.27044,-15.8791,-71.1719,34.5088,-41.0473,-363.927,6.9662,1.83447,0.852102,0,LLLYALLAVLLGLLLGTLILI,YALLAVLLGLLLGTL,0.3204027425259332,0.0719164673109344,G,99999900.0,-32.266600000000004,0.0,11.551999999999992,898.3600000000006,-0.035917226946880966,0.0,0.012858987488312018,-0.023058350772518797
LLLFSLLVLLTALLYLLLILI_1,110011001100110000,1,-67.9331,-68.6843,-58.8892,-232.682,-232.574,-250.018,-359.597,4740.74,3797.97,3760.5,-20.7143,225.448,-79.6962,167.109,-50.6898,-101.328,30.297,21.8016,9.20969,5.78934,4.74379,16.9057,-99.1745,22.4175,18.2946,-342.797,9.5,4.40254,3.2388,1,LLLFSLLVLLTALLYLLLILI,FSLLVLLTALLYLLL,0.268685962924289,0.0364374740892355,L,99999900.0,-29.006400000000006,-9.043899999999994,17.336000000000013,942.77,-0.030767207272187284,-0.00959290176819372,0.018388366197481902,-0.021971742842899118
LLLVALLLILTALLASLLILI_1,110011001100110000,1,-74.1925,-74.1925,-74.1925,-233.755,-220.983,-237.489,-382.342,4497.06,3702.81,3745.13,-20.7129,-5.68149,-95.107,-92.8483,-70.6608,-106.388,27.1251,23.0938,9.3182,6.12008,5.02695,-4.37061,-113.58,1.80407,27.0117,-387.069,9.2654,3.78055,2.30761,1,LLLVALLLILTALLASLLILI,VALLLILTALLASLL,0.4338335425420121,0.0084037335670403,L,99999900.0,-24.446200000000005,0.0,3.734000000000009,794.2500000000005,-0.03077897387472457,0.0,0.00470129052565314,-0.026078564683663822
LLLLIILLAVLFTLLSLLILI_1,110011001100110000,1,-74.1383,-74.1383,-74.1383,-239.697,-234.317,-245.09,-380.28,4530.43,3688.6,3580.1,-20.7103,31.4853,-87.1554,-40.3394,-61.0518,-46.106,82.2391,20.349,9.30278,4.51818,4.25177,25.1829,-53.398,64.296,20.1517,-311.822,8.5941,3.18966,2.6541,1,LLLLIILLAVLFTLLSLLILI,LIILLAVLFTLLSLL,0.3048481385786212,0.0401246004032952,L,99999900.0,-26.1036,0.0,5.393000000000001,841.8300000000004,-0.031008160792559053,0.0,0.006406281553282728,-0.024601522872789033
LLLTALLALLLGVLLASLILI_0,110011001100110000,1,-67.0136,-65.8041,-60.3462,-219.067,-216.283,-238.459,-367.607,4507.03,3565.72,3570.59,-20.7048,806.352,-102.231,720.833,-68.8014,-55.5102,71.83,-42.8897,7.29609,4.52357,4.10102,237.24,-60.5958,60.1642,-40.2827,438.746,7.5,3.71154,3.114,0,LLLTALLALLLGVLLASLILI,TALLALLLGVLLASL,0.8640745098301225,0.0211038437521542,G,99999900.0,-33.42959999999999,-6.6673999999999936,19.391999999999996,941.31,-0.03551391146381107,-0.007083107584111498,0.0206010772221691,-0.021995729355897633
LLLSYLLVALLTLLLSFLILI_0,110011001100110000,1,-89.1197,-90.3043,-74.2797,-232.996,-233.321,-257.693,-376.675,4625.23,3973.18,3857.83,-20.7029,-23.083,-75.2621,-76.1332,-44.7026,-70.403,44.2711,-46.8889,8.87675,3.03704,2.20111,-22.6065,-70.8563,45.7237,-44.789,-399.758,8.8389,3.30114,2.487,0,LLLSYLLVALLTLLLSFLILI,SYLLVALLTLLLSFL,0.5750261156733966,0.0227868502205033,R,99999900.0,-30.559500000000007,-14.83999999999999,24.696999999999974,652.0499999999997,-0.04686680469289168,-0.022758990874932897,0.03787592975998771,-0.031750479257725644
LLLLLLLLAVLATLLSFLILI_2,110011001100110000,1,-74.1585,-74.1585,-74.1585,-241.148,-238.33,-241.591,-375.301,4539.35,3859.66,3675.78,-20.6963,-16.6087,-80.6906,-79.4211,-59.5516,-47.8772,82.2159,29.0307,9.85283,4.78074,4.51397,-9.85134,-51.5852,62.9148,28.0,-385.223,9.5,2.73128,2.175,2,LLLLLLLLAVLATLLSFLILI,LLLLLAVLATLLSFL,0.2274812813124619,0.0497803795554931,L,99999900.0,-21.139000000000003,0.0,0.44300000000001205,679.6900000000005,-0.03110094307699096,0.0,0.0006517677176359983,-0.030449616737041864
LLLLALLAVLTFLLASLLILI_0,110011001100110000,1,-74.1621,-74.1436,-74.1621,-231.289,-220.772,-238.46,-363.508,4543.28,3738.79,3716.7,-20.6703,-8.03405,-78.7278,-76.6263,-50.8864,-98.6537,35.2683,18.1954,9.44014,6.05927,5.0883,-8.28567,-99.1745,22.4175,18.2946,-371.542,9.5,4.40254,3.2388,0,LLLLALLAVLTFLLASLLILI,LALLAVLTFLLASLL,0.4425823934633103,0.0045075875555295,L,99999900.0,-27.8414,0.0,7.171000000000021,804.4899999999998,-0.03460751532026502,0.0,0.008913721736752506,-0.0256936692811595
LLLYLLLAVLLAFLLTSLILI_0,110011001100110000,1,-74.2137,-70.6458,-74.2137,-237.107,-226.767,-249.063,-359.969,4687.46,3864.03,3784.78,-20.667,-11.6047,-69.3154,-74.1614,-36.6924,-88.3199,56.1719,-47.117,7.88177,7.33119,6.67377,-12.0779,-81.4126,51.8134,-45.0,-371.574,8.0,5.7067,4.9839,0,LLLYLLLAVLLAFLLTSLILI,YLLLAVLLAFLLTSL,0.2416241449899006,0.0607872958019721,R,99999900.0,-32.623,0.0,11.955999999999989,823.4299999999998,-0.03961842536706217,0.0,0.014519752741580938,-0.025098672625481225
LLLTLLLATLLAYLLSFLILI_2,110011001100110000,1,-77.7939,-77.7779,-74.0162,-233.974,-235.14,-250.015,-368.429,4587.41,3800.36,3729.17,-20.6606,-16.7812,-77.3218,-72.2921,-44.3973,-70.0846,64.123,-38.7941,8.02759,5.66929,5.13113,-18.2442,-69.0207,61.8873,-39.1789,-386.968,8.0212,5.20789,4.6362,2,LLLTLLLATLLAYLLSFLILI,TLLLATLLAYLLSFL,0.3898224203763394,0.0661960778923082,R,99999900.0,-32.924499999999995,-3.777699999999996,16.040999999999997,787.0499999999997,-0.04183279334222731,-0.004799822120576834,0.02038117019249095,-0.026250682929928222
LLLGTLLVGLLFALLSALILI_2,110011001100110000,1,-69.7919,-68.7274,-60.3801,-217.616,-217.745,-242.407,-345.887,4521.41,3579.74,3593.1,-20.6335,-19.7802,-79.1126,-79.1946,-43.0992,-38.8909,67.0189,-35.3185,7.16446,1.38118,0.886467,-20.3246,-40.0396,65.581,-35.0,-366.429,7.1597,1.35938,0.843096,2,LLLGTLLVGLLFALLSALILI,GTLLVGLLFALLSAL,0.4421510160875701,0.0573442937241063,G,99999900.0,-36.0134,-9.4118,24.790999999999997,941.6700000000001,-0.03824418320643112,-0.009994796478596534,0.02632663247209744,-0.021911603852729725
LLLLYYLTALLFVLLILLILI_0,110011001100110000,1,-73.6382,-64.4936,-58.7273,-233.995,-225.586,-250.383,-344.75,4709.58,4018.95,3859.51,-20.6255,477.652,-57.7419,422.981,-35.64,-68.6905,51.8658,21.6454,10.582,3.80546,3.08345,425.856,-70.366,39.5247,25.0484,132.902,9.5,2.39073,1.4836,0,LLLLYYLTALLFVLLILLILI,LYYLTALLFVLLILL,0.2404065091638462,0.0717190101273165,L,99999900.0,-22.1019,-14.910899999999998,16.388000000000005,690.6300000000001,-0.03200251943877329,-0.02159028712914295,0.023729058975138644,-0.029864761160100194
LLLLYWLLIILAFLLSLLILI_1,110011001100110000,1,-60.3198,-58.745,-60.3383,-244.845,-238.853,-254.416,-362.086,4706.74,3849.55,3674.78,-20.6241,-9.38252,-77.5451,-73.8698,-47.3311,-2.82589,114.222,19.697,9.87625,2.3438,2.55712,-1.42358,-8.04023,93.8271,22.8656,-366.152,9.1939,0.372694,0.280101,1,LLLLYWLLIILAFLLSLLILI,LYWLLIILAFLLSLL,0.224984189199382,0.0550228619394471,L,99999900.0,-30.214000000000006,0.018499999999995964,9.570999999999998,857.1899999999996,-0.0352477280416244,2.1582146315281293e-05,0.011165552561275799,-0.024060126693031893
LLLLILLAVLTALLFSLLILI_1,110011001100110000,1,-74.1949,-74.1949,-74.1949,-234.18,-234.836,-241.35,-371.437,4545.32,3745.4,3778.54,-20.6058,-19.4378,-83.6677,-81.8441,-55.892,-112.028,18.9413,19.3581,9.2315,5.86122,4.64534,-7.77223,-115.762,1.87941,19.6398,-379.713,9.2964,4.11802,2.64621,1,LLLLILLAVLTALLFSLLILI,LILLAVLTALLFSLL,0.3352694184502569,0.0737211911481458,L,99999900.0,-27.775699999999993,0.0,7.1699999999999875,799.9199999999996,-0.03472309730973098,0.0,0.008963396339633951,-0.02575982598259827
LLLAILLYTLLAVLLSLLILI_0,110011001100110000,1,-74.1823,-74.1823,-74.1823,-234.406,-226.408,-244.022,-378.95,4530.65,3915.14,3795.28,-20.6001,-11.0936,-90.9625,-89.4541,-60.7462,-36.7568,89.8148,-44.5357,8.56069,4.13852,3.98574,-11.442,-41.502,70.4733,-45.0,-390.044,8.6612,2.2392,1.7963,0,LLLAILLYTLLAVLLSLLILI,AILLYTLLAVLLSLL,0.7021128898674206,0.0669891719732295,R,99999900.0,-30.216300000000004,0.0,9.615999999999985,615.5099999999998,-0.049091485109908885,0.0,0.015622816851066578,-0.033468343325047535
LLLVYLLITLLFALLSLLILI_0,110011001100110000,1,-73.8195,-74.18,-74.2621,-236.237,-234.712,-247.936,-366.233,4666.55,3850.81,3854.02,-20.5678,-18.652,-76.7439,-75.9926,-44.0341,-14.7836,95.8616,-44.4068,8.96528,1.65886,1.59678,-16.7933,-14.3135,93.6678,-45.0,-384.885,9.0,1.29218,1.1972,0,LLLVYLLITLLFALLSLLILI,VYLLITLLFALLSLL,0.4491323398638041,0.0340089880184235,R,99999900.0,-32.709799999999994,0.44259999999999877,11.699000000000012,815.7400000000002,-0.04009831563978717,0.0005425748400225545,0.014341579424816741,-0.02521367102262975
LLLFVLLIALLLTLLSLLILI_0,110011001100110000,1,-74.196,-74.196,-74.196,-239.928,-231.018,-246.273,-380.631,4653.76,3968.7,3954.26,-20.547,-8.36549,-87.0545,-83.7826,-60.1621,-9.33295,119.372,-43.9996,8.77768,4.0152,4.30579,-6.9955,-14.3135,93.6678,-45.0,-388.997,9.0,1.29218,1.1972,0,LLLFVLLIALLLTLLSLLILI,FVLLIALLLTLLSLL,0.3583280285525371,0.0268712955046642,R,99999900.0,-26.892400000000002,0.0,6.344999999999999,685.0600000000004,-0.03925553966075962,0.0,0.009261962455843277,-0.02999299331445419
LLLASLLLALLAVLLYTLILI_2,110011001100110000,1,-70.838,-67.2098,-58.8922,-223.221,-222.538,-248.938,-362.253,4622.92,3750.74,3764.87,-20.545,4.97399,-88.7391,-67.5315,-54.423,-55.8604,82.761,-37.008,8.20144,6.0518,5.79321,-19.1629,-56.0784,83.297,-37.0432,-382.688,8.1857,6.15685,5.9063,2,LLLASLLLALLAVLLYTLILI,ASLLLALLAVLLYTL,0.364578387039294,0.1043404973600889,R,99999900.0,-34.31609999999999,-11.945799999999991,25.716999999999985,872.1800000000003,-0.0393452039716572,-0.013696484670595505,0.02948588594097546,-0.02355591735650897
LLLTALLALLVALLFSLLILI_2,110011001100110000,1,-60.3638,-60.3638,-60.3638,-224.205,-221.331,-242.671,-360.543,4552.0,3668.56,3646.66,-20.5394,6.75934,-96.5135,-72.0887,-57.5078,-104.375,16.5831,23.691,8.92687,4.39497,3.14372,-11.6435,-108.465,3.31896,22.5121,-372.44,9.059,3.21781,1.76759,2,LLLTALLALLVALLFSLLILI,TALLALLVALLFSLL,0.4180259348411499,0.010701815877331,L,99999900.0,-39.00569999999999,0.0,18.46599999999998,883.44,-0.04415206465634337,0.0,0.02090238159920309,-0.023249343475504843
LLLTSLLFALLYLLAVLLILI_2,110011001100110000,1,-62.9208,-49.4461,-45.0498,-228.213,-228.373,-256.921,-351.84,4645.22,3628.57,3688.63,-20.5269,18.3329,-81.2335,-55.688,-49.869,-101.998,45.0332,26.02,9.19624,7.87914,7.05464,15.6263,-102.022,32.5707,26.0229,-335.869,9.2505,6.20034,5.1889,2,LLLTSLLFALLYLLAVLLILI,TSLLFALLYLLAVLL,0.5929336186489719,0.0353571468989528,L,99999900.0,-31.364500000000007,-17.871000000000002,28.708,1016.6500000000001,-0.030850833620223287,-0.017578320956081247,0.02823783996458958,-0.02019072443810554
LLLLYVLLATLLALLSFLILI_2,110011001100110000,1,-74.2354,-74.2354,-74.2364,-231.383,-226.62,-243.68,-359.482,4615.94,3735.17,3637.18,-20.5197,-11.6744,-74.383,-70.3006,-41.5654,-50.505,91.4717,24.7031,9.56964,6.42443,6.29651,-4.39757,-50.5223,77.5983,19.578,-362.065,9.0984,4.55412,4.2181,2,LLLLYVLLATLLALLSFLILI,LYVLLATLLALLSFL,0.3162126843312106,0.0469649724887695,L,99999900.0,-32.8176,0.0010000000000047748,12.296999999999997,880.7699999999995,-0.0372601246636466,1.1353701874550398e-06,0.013961647195067955,-0.023297455635409938
LLLLAVLTFLLAILLSLLILI_0,110011001100110000,1,-74.1104,-74.2479,-74.093,-232.018,-217.277,-242.311,-371.249,4564.07,3631.24,3626.24,-20.5177,103.195,-85.6382,23.4706,-54.8449,-56.1854,74.8602,12.2403,9.38223,5.03394,4.65684,82.3103,-62.2011,51.5869,18.7588,-268.055,9.5,2.7944,2.0682,0,LLLLAVLTFLLAILLSLLILI,LAVLTFLLAILLSLL,0.3185905461193855,0.0561961976334869,L,99999900.0,-30.793299999999995,-0.017399999999994975,10.293000000000006,932.8299999999999,-0.03301062358629118,-1.8652916394192914e-05,0.011034164853188692,-0.021995111649496697
LLLLALLAALLFALLSTLILI_0,110011001100110000,1,-74.2058,-74.0543,-74.2058,-230.822,-223.404,-235.947,-357.939,4540.96,3797.28,3793.23,-20.5168,-12.0282,-73.4275,-72.5089,-47.7858,-33.4632,97.7357,-35.3827,8.21145,4.7138,4.67984,-11.853,-39.3076,75.987,-35.0,-369.967,8.4047,2.65439,2.2942,0,LLLLALLAALLFALLSTLILI,LALLAALLFALLSTL,0.3683037457675083,0.0134056573917047,R,99999900.0,-25.641699999999993,0.0,5.125,743.6799999999998,-0.03447948042168675,0.0,0.00689140490533563,-0.0275882099827883
LLLYILLTVLLALLLSFLILI_1,110011001100110000,1,-74.3464,-74.4158,-74.1924,-246.715,-245.165,-252.815,-371.484,4661.34,4077.04,3817.64,-20.5098,-16.815,-70.933,-68.719,-44.4768,-69.0143,63.4302,-37.6178,8.70687,5.41521,4.86666,-7.28055,-65.7574,54.5146,-35.0,-382.033,8.4926,3.72308,3.0408,1,LLLYILLTVLLALLLSFLILI,YILLTVLLALLLSFL,0.2610297089794255,0.0300288242427438,R,99999900.0,-26.45620000000001,-0.15399999999999636,6.099999999999994,584.3000000000002,-0.04527845284956358,-0.00026356323806263273,0.010439842546636989,-0.03510148896115008
LLLLSLLAALLIALLVTLILI_0,110011001100110000,1,-68.4584,-68.4974,-58.8343,-226.207,-222.317,-237.457,-368.336,4513.24,3755.92,3820.43,-20.4993,-16.5468,-94.1695,-94.0679,-72.0441,-37.5795,84.9811,-34.7607,8.44842,3.60937,3.38408,-15.9597,-39.3076,75.987,-35.0,-384.882,8.4047,2.65439,2.2942,0,LLLLSLLAALLIALLVTLILI,LSLLAALLIALLVTL,0.4263754206420517,0.0424860911569587,R,99999900.0,-22.1254,-9.624099999999999,11.25,757.3199999999997,-0.029215391116040785,-0.0127081022553214,0.014855015053081927,-0.027068214229123765
LLLLAILLTVLLLLLSFLILI_2,110011001100110000,1,-74.2679,-70.7566,-74.2386,-242.202,-239.612,-245.81,-383.244,4586.54,3775.63,3745.75,-20.4807,-10.7029,-87.255,-83.5789,-63.1954,-65.8814,74.4989,17.6049,9.96305,6.43956,6.05705,-7.41844,-63.2471,63.3749,18.87,-390.904,9.5,4.54268,3.9933,2,LLLLAILLTVLLLLLSFLILI,LAILLTVLLLLLSFL,0.3293761029625874,0.0822148529018479,L,99999900.0,-24.059599999999996,-0.02929999999999211,3.608000000000004,810.9099999999999,-0.02966987705170734,-3.6132246488503184e-05,0.004449322366230537,-0.025256440295470525
LLLLYYLTFLLAVLLILLILI_2,110011001100110000,1,-73.9094,-73.0289,-58.7662,-233.787,-229.399,-252.031,-347.171,4727.27,3846.94,3832.83,-20.4805,2493.46,-59.9548,2448.72,-36.374,-62.8051,58.5861,23.8806,10.3527,3.82989,3.20868,1221.43,-70.366,39.5247,25.0484,2141.66,9.5,2.39073,1.4836,2,LLLLYYLTFLLAVLLILLILI,LYYLTFLLAVLLILL,0.2640442413045956,0.1088208433817695,L,99999900.0,-23.580799999999996,-15.143200000000007,18.244,880.3300000000004,-0.02678631876682606,-0.017201731168993446,0.020724046664319054,-0.02326457124033032
LLLLYYLTFLLIVLLILLILI_0,110011001100110000,1,-72.9899,-66.6218,-58.7662,-246.925,-228.28,-253.407,-354.112,4753.85,4124.53,3774.47,-20.4795,22183.2,-54.6765,22124.0,-41.9387,-66.9689,60.3006,25.6271,11.3389,4.68593,4.09044,21866.8,-70.366,39.5247,25.0484,21829.1,9.5,2.39073,1.4836,0,LLLLYYLTFLLIVLLILLILI,LYYLTFLLIVLLILL,0.2157964499999802,0.0807846177779284,L,99999900.0,-12.7378,-14.223700000000008,6.481999999999999,629.3200000000006,-0.020240577130871396,-0.022601697069853165,0.010300006356066855,-0.0325422678446577
LLLYSLLLTLLAALLVALILI_0,110011001100110000,1,-68.3103,-71.9427,-58.7655,-231.324,-220.16,-244.909,-359.083,4614.9,3852.72,3838.48,-20.4697,415.763,-79.9192,348.782,-55.4089,-41.3736,90.05,-43.0256,8.70762,4.86279,4.71354,338.715,-50.0085,62.5615,-38.4276,56.6797,8.5488,2.44708,1.8855,0,LLLYSLLLTLLAALLVALILI,YSLLLTLLAALLVAL,0.2999411562750553,0.0644322037229533,R,99999900.0,-24.5103,-9.544799999999995,13.58499999999998,762.1799999999998,-0.0321581516177281,-0.012523026056836964,0.01782387362565271,-0.026856779238500095
LLLVALLTLLLGALLGFLILI_0,110011001100110000,1,-64.1848,-71.8436,-58.58,-225.789,-218.113,-233.683,-341.547,4512.51,3859.6,3530.63,-20.4574,16825.3,-72.0303,16773.7,-49.2832,-40.3539,83.0445,-52.5589,7.35469,3.76408,3.50975,12519.8,-43.2635,63.1811,-42.5139,16483.8,7.006,1.51898,0.966697,0,LLLVALLTLLLGALLGFLILI,VALLTLLLGALLGFL,0.3004710178722598,0.1383858394082381,G,99999900.0,-22.747099999999996,-5.604799999999997,7.8940000000000055,652.9100000000003,-0.03483956441163405,-0.008584337810724287,0.01209048720344305,-0.0313326492165842
LLLSALLVLLLGALLGFLILI_0,110011001100110000,1,-55.6352,-59.1703,-44.9843,-223.521,-224.107,-241.373,-341.413,4547.2,3789.01,3534.98,-20.4438,4279.6,-82.7,4221.47,-55.0556,-47.1243,69.2906,-52.5022,6.70994,2.92287,2.46223,3282.63,-47.4319,67.7648,-45.0,3938.19,6.6781,2.76303,2.2795,0,LLLSALLVLLLGALLGFLILI,SALLVLLLGALLGFL,0.1578850752570011,0.0342042172481751,G,99999900.0,-27.644400000000005,-10.6509,17.852000000000004,758.1899999999996,-0.036461045384402355,-0.014047798045344843,0.023545549268652995,-0.02696395362639973
LLLLTLLAALIVLLFSLLILI_0,110011001100110000,1,-63.4833,-62.6781,-60.3909,-228.955,-218.912,-242.377,-361.068,4600.81,3772.75,3728.21,-20.4417,-6.18098,-89.071,-85.659,-58.3,-107.36,38.3871,27.9014,9.2453,7.78621,6.86201,-6.05816,-110.296,20.6007,27.6733,-367.249,9.2245,5.82549,4.6345,0,LLLLTLLAALIVLLFSLLILI,LTLLAALIVLLFSLL,0.3732389704980796,0.0764415061678057,L,99999900.0,-30.771,-3.092399999999998,13.421999999999997,828.0600000000004,-0.03716035069922468,-0.0037345119918846415,0.016208970364466332,-0.02468625461923048
LLLVLLLAILFLLLISLLILI_0,110011001100110000,1,-60.4347,-60.4347,-60.4347,-247.114,-236.772,-246.387,-380.625,4620.35,3859.05,3713.16,-20.4262,395.163,-93.5019,311.745,-73.8029,-106.279,18.9774,13.4673,10.4841,5.00385,3.78851,394.789,-108.73,3.38007,19.3936,14.538,9.4542,3.26581,1.81651,0,LLLVLLLAILFLLLISLLILI,VLLLAILFLLLISLL,0.3430229608033608,0.0158265957835287,L,99999900.0,-19.699000000000012,0.0,-0.7270000000000039,761.3000000000002,-0.025875476159201376,0.0,-0.0009549454879810898,-0.02683068435570734
LLLYFLLTILLAVLLSALILI_0,110011001100110000,1,-74.0703,-73.728,-74.1191,-237.35,-230.623,-249.361,-355.068,4705.34,3869.29,3824.37,-20.396,-15.6914,-64.0439,-66.4081,-31.5878,-73.0248,60.7502,-43.3433,8.72441,5.655,5.06626,-15.7733,-72.8356,51.2424,-44.0229,-370.76,8.2733,4.34306,3.6117,0,LLLYFLLTILLAVLLSALILI,YFLLTILLAVLLSAL,0.1978639313621829,0.0434518733290421,R,99999900.0,-32.45609999999999,0.048799999999999955,12.010999999999996,836.0500000000002,-0.038820764308354745,5.83697147299802e-05,0.014366365647987552,-0.024395670115423713
LLLYYLLIFLLATLLSLLILI_0,110011001100110000,1,-74.4145,-70.758,-74.1041,-239.953,-241.032,-257.095,-361.801,4792.41,3882.55,3856.93,-20.383,-17.6605,-67.8168,-67.6711,-30.6014,-73.1691,50.2707,-40.2722,8.29563,4.26191,3.51597,-17.5823,-76.4723,48.349,-40.0172,-379.461,8.4267,4.49796,3.72319,0,LLLYYLLIFLLATLLSLLILI,YYLLIFLLATLLSLL,0.2831904459754347,0.0641467627584768,R,99999900.0,-37.2154,-0.31040000000000134,17.142000000000024,909.8599999999997,-0.040902336623216774,-0.00034115138592750695,0.018840261139076376,-0.02240234761391863
LLLASLLLALLFVLLATLILI_0,110011001100110000,1,-69.696,-69.8094,-58.8922,-221.635,-221.53,-241.689,-356.731,4555.4,3775.53,3729.51,-20.3717,-17.5752,-85.7713,-82.9672,-56.1499,-52.8592,85.2863,-36.3181,7.8944,5.94253,5.72182,-17.046,-56.0784,83.297,-37.0432,-374.306,8.1857,6.15685,5.9063,0,LLLASLLLALLFVLLATLILI,ASLLLALLFVLLATL,0.358193253234174,0.011570212477615,R,99999900.0,-29.621399999999994,-10.803799999999995,20.054000000000002,779.8699999999994,-0.037982484260197236,-0.013853334530113998,0.02571454216728431,-0.026121917755523374
LLLYYLLVFLLATLLSLLILI_1,110011001100110000,1,-74.1041,-74.1041,-74.1041,-241.071,-240.748,-256.391,-358.564,4794.65,3859.12,3860.13,-20.3607,-18.7409,-63.7492,-62.4522,-28.0681,-76.2244,50.3373,-42.2892,8.30796,4.72919,3.98426,-17.3919,-76.4723,48.349,-40.0172,-376.251,8.4267,4.49796,3.72319,1,LLLYYLLVFLLATLLSLLILI,YYLLVFLLATLLSLL,0.2706566254685312,0.0124101822416266,R,99999900.0,-35.6811,0.0,15.320000000000022,935.5299999999997,-0.03813998482143813,0.0,0.01637574423054314,-0.021763813025771496
LLLSALLTALLGALLGFLILI_1,110011001100110000,1,-60.0404,-67.1642,-51.5431,-220.802,-219.674,-243.244,-341.441,4450.18,3905.55,3698.94,-20.3516,-8.50652,-80.9502,-63.1089,-46.6533,-53.693,61.4068,-55.7201,6.48884,2.84386,2.26496,-8.65919,-47.4319,67.7648,-45.0,-349.561,6.6781,2.76303,2.2795,1,LLLSALLTALLGALLGFLILI,SALLTALLGALLGFL,0.2135575366640323,0.0083998099150014,G,99999900.0,-34.296899999999994,-8.497299999999996,22.442000000000007,544.6300000000001,-0.06297284394910303,-0.015601968308760065,0.04120595633732994,-0.03736775425518241
LLLTALLFLLLGALLGSLILI_2,110011001100110000,1,-72.905,-69.6513,-60.326,-218.475,-217.71,-236.644,-346.579,4508.9,3752.44,3546.54,-20.3495,38372.9,-75.5485,38313.7,-49.6094,-44.6541,56.8492,-51.7885,6.4834,0.872759,0.225497,34466.6,-54.4566,55.8714,-40.6917,38026.3,7.0594,2.21113,1.5492,2,LLLTALLFLLLGALLGSLILI,TALLFLLLGALLGSL,0.647060225901491,0.0071561025162599,G,99999900.0,-25.939100000000003,-12.579,18.16900000000001,756.4599999999996,-0.034290114480607065,-0.016628770853713358,0.024018454379610317,-0.026900959733495506
LLLVALLLFLTALLLSLLILI_1,110011001100110000,1,-74.1799,-74.2043,-74.1799,-226.815,-218.623,-242.465,-376.886,4608.39,3676.77,3646.02,-20.346,30.2964,-96.2372,-53.7631,-60.2419,-104.233,31.9918,25.973,9.22625,6.45392,5.4338,27.6881,-107.706,13.898,20.6349,-349.531,9.0791,4.53213,3.2406,1,LLLVALLLFLTALLLSLLILI,VALLLFLTALLLSLL,0.5844539760498457,0.0622817361619468,L,99999900.0,-35.9953,0.0,15.650000000000006,931.6200000000003,-0.03863731993731348,0.0,0.01679869474678517,-0.021839376569846067
LLLLAVLLFLLAALTSLLILI_2,110011001100110000,1,-74.2301,-74.2301,-74.2301,-227.514,-221.269,-238.553,-364.492,4514.43,3626.66,3635.73,-20.3428,-11.5285,-83.0907,-80.5214,-51.7092,-52.1907,95.6105,17.4792,9.02934,7.23601,7.17017,-4.79511,-53.3268,80.5799,18.6844,-369.4,8.9663,5.3773,5.086,2,LLLLAVLLFLLAALTSLLILI,LAVLLFLLAALTSLL,0.3374665291218499,0.0284591352235029,L,99999900.0,-31.381499999999996,0.0,11.038999999999987,887.7700000000004,-0.035348682654291065,0.0,0.012434526960811902,-0.022914493618842707
LLLTILLLLLVALLFSLLILI_2,110011001100110000,1,-60.3638,-60.3638,-60.3638,-233.134,-228.691,-247.854,-376.722,4611.94,3710.75,3619.15,-20.3304,62.2308,-103.555,-25.436,-68.5034,-112.364,10.7755,17.5614,10.0499,4.80937,3.471,53.5621,-108.465,3.31896,22.5121,-323.49,9.059,3.21781,1.76759,2,LLLTILLLLLVALLFSLLILI,TILLLLLVALLFSLL,0.4240624005027272,0.0256287460008949,L,99999900.0,-35.05160000000001,0.0,14.720000000000027,901.1899999999996,-0.03889479466039351,0.0,0.016333958432738972,-0.022559504654956236
LLLLLALLLILVTLLIFLILI_0,110011001100110000,1,-55.3058,-55.3058,-58.8765,-244.709,-233.069,-248.011,-376.308,4627.82,3780.26,3680.46,-20.3282,851.029,-96.6209,763.097,-69.4201,-8.07903,109.252,14.72,9.94077,2.46094,2.59972,783.932,-15.856,85.056,19.3699,474.722,9.4176,0.36096,0.1368,0,LLLLLALLLILVTLLIFLILI,LLALLLILVTLLIFL,0.3459059885965312,0.074308834573984,L,99999900.0,-27.2008,3.570700000000002,3.3019999999999925,847.5599999999995,-0.032093067157487394,0.004212917079616787,0.0038958893765633044,-0.023984378687054615
LLLYSLLVALLFLLLATLILI_1,110011001100110000,1,-66.8061,-72.0113,-58.8495,-241.356,-226.297,-250.144,-348.876,4695.55,4082.7,3736.45,-20.3255,6450.2,-61.0389,6399.63,-39.8817,-51.5013,89.1806,-42.676,9.46734,6.26458,6.10229,5792.69,-47.1744,74.855,-35.0,6083.76,8.0,3.68158,3.3044,1,LLLYSLLVALLFLLLATLILI,YSLLVALLFLLLATL,0.2824496446507214,0.0722820785981846,R,99999900.0,-21.157199999999996,-7.956600000000002,8.788000000000011,612.8500000000004,-0.03452264012401074,-0.012982948519213505,0.014339561067145314,-0.033165538059884134
LLLAVLLFSLLGALLGTLILI_1,110011001100110000,1,-83.1224,-81.2441,-74.0995,-213.949,-218.032,-232.401,-348.468,4422.3,3743.62,3700.54,-20.3233,-12.4192,-71.7191,-61.6108,-41.9672,-50.114,59.8488,-43.7724,6.47682,2.09668,1.49441,-8.34321,-42.8159,67.1774,-38.5102,-356.604,7.1897,1.99134,1.499,1,LLLAVLLFSLLGALLGTLILI,AVLLFSLLGALLGTL,0.2787554618555359,0.0501510091765639,G,99999900.0,-29.7519,-9.022899999999993,18.451999999999998,678.6800000000003,-0.04383789120056578,-0.013294778098662093,0.02718807096127776,-0.02994533506217951
LLLLTLLVALLAGLLFSLILI_2,110011001100110000,1,-67.0364,-66.8381,-60.3111,-222.381,-221.893,-237.175,-353.622,4555.23,3728.0,3642.96,-20.3132,-16.3945,-84.5178,-81.285,-56.1356,-38.6849,77.9988,-39.6124,7.71916,2.83257,2.50255,-14.7329,-35.1672,74.1308,-38.712,-369.06,7.5,1.78274,1.3947,2,LLLLTLLVALLAGLLFSLILI,LTLLVALLAGLLFSL,0.33195432694274,0.0299403922900491,G,99999900.0,-28.382199999999997,-6.725299999999997,14.794000000000011,827.2299999999996,-0.03430992589727163,-0.008129903412593838,0.017883780810657276,-0.024555685843114985
LLLSYLLILLLALLLTFLILI_0,110011001100110000,1,-73.5318,-71.2862,-58.8832,-238.796,-236.874,-259.45,-373.545,4706.12,3917.02,3803.15,-20.3113,-14.2179,-81.5284,-79.6023,-55.2119,-81.1289,54.1489,-45.3652,9.08878,5.97943,5.29166,-14.1456,-77.6256,57.7497,-43.493,-387.763,8.7997,5.94005,5.3063,0,LLLSYLLILLLALLLTFLILI,SYLLILLLALLLTFL,0.2539859342812445,0.0441651179705601,R,99999900.0,-26.316500000000005,-14.648600000000002,20.653999999999996,789.0999999999999,-0.0333500190089976,-0.018563680141933853,0.026174122417944493,-0.025739830186288178
LLLYLLLTILVALLLSLLILI_2,110011001100110000,1,-74.1188,-73.9784,-74.198,-242.801,-234.125,-252.083,-388.861,4653.83,3824.66,3707.49,-20.294,37.6406,-92.236,-43.1174,-62.5803,-108.966,17.485,21.3687,10.2531,5.20537,3.96764,18.1729,-108.73,3.38007,19.3936,-369.191,9.4542,3.26581,1.81651,2,LLLYLLLTILVALLLSLLILI,YLLLTILVALLLSLL,0.3673629892267851,0.0290316360417738,L,99999900.0,-29.655700000000003,0.07920000000000016,9.28200000000001,829.1700000000001,-0.03576552456070528,9.551720395093908e-05,0.01119432685697747,-0.024475077487125678
LLLLTVLLAILALLLSFLILI_1,110011001100110000,1,-60.4216,-60.4216,-60.3923,-232.814,-232.719,-242.797,-365.657,4526.6,3757.86,3649.96,-20.2904,-19.3371,-92.7119,-91.8538,-62.4685,-49.4073,88.1991,25.7603,8.91988,5.81797,5.64095,-12.8611,-51.0509,77.9264,26.2034,-378.555,9.0772,4.6777,4.3466,1,LLLLTVLLAILALLLSFLILI,LTVLLAILALLLSFL,0.3567089942755143,0.0440731676607315,L,99999900.0,-30.2434,-0.029299999999999216,9.983000000000004,768.7400000000002,-0.03934151988968961,-3.811431693420299e-05,0.012986185186148764,-0.026394359601425704
LLLAGLLALLLGTLLSYLILI_1,110011001100110000,1,-73.3549,-78.7703,-74.1054,-222.895,-219.448,-238.615,-361.557,4464.15,3599.47,3648.75,-20.282,-19.0323,-85.589,-82.371,-48.8358,-70.4965,63.85,-32.6489,7.14058,5.69423,5.15198,-11.2841,-64.7067,61.3173,-36.5921,-374.681,7.395,4.48384,3.9036,1,LLLAGLLALLLGTLLSYLILI,AGLLALLLGTLLSYL,0.2211568994250297,0.0645100419820729,G,99999900.0,-36.7532,0.7505000000000024,15.719999999999999,864.6799999999998,-0.0425049729379655,0.000867951149558221,0.01818013600407087,-0.023456076236295514
LLLSYLLTVLLALLLSFLILI_2,110011001100110000,1,-92.6246,-87.2339,-74.1326,-235.161,-233.909,-257.349,-376.812,4625.42,3904.83,3809.83,-20.2682,1.99171,-69.2951,-53.6771,-45.3301,-65.5225,50.1266,-43.9777,8.83011,3.09546,2.34736,-9.06858,-67.3465,43.2715,-39.0017,-393.606,9.0,2.44363,1.5927,2,LLLSYLLTVLLALLLSFLILI,SYLLTVLLALLLSFL,0.4567222315296146,0.0833640949164519,R,99999900.0,-23.965000000000003,-18.492000000000004,22.187999999999988,720.5900000000001,-0.0332574695735439,-0.025662304500478777,0.03079143479648619,-0.028127229076173686
LLLLYLLIILLFSLLVALILI_0,110011001100110000,1,-61.3218,-60.4211,-60.4211,-243.538,-234.745,-248.591,-360.316,4687.17,4013.32,3924.04,-20.2567,53.5495,-75.7132,-11.6012,-51.304,-16.4137,107.194,-49.2916,9.1629,3.43328,3.54119,48.5461,-15.3,92.7153,-45.0,-306.767,8.8215,1.31157,1.2023,0,LLLLYLLIILLFSLLVALILI,LYLLIILLFSLLVAL,0.2387111292863649,0.0143430546766975,R,99999900.0,-24.4092,-0.9007000000000005,5.052999999999997,673.8499999999999,-0.03622349187504638,-0.0013366476218743054,0.00749870149142984,-0.030061141203531944
LLLAYLLAVLLGLLLGFLILI_1,110011001100110000,1,-50.9929,-44.9566,-44.9566,-220.049,-222.145,-240.732,-331.848,4576.5,3595.12,3501.1,-20.2534,-8.69894,-81.0591,-73.4452,-46.1591,-73.7562,50.4479,-39.2689,7.2831,4.37389,3.63061,-16.5135,-76.6711,46.9516,-39.8118,-347.859,7.5,4.33913,3.5434,1,LLLAYLLAVLLGLLLGFLILI,AYLLAVLLGLLLGFL,0.7601234863423355,0.0362557485793568,G,99999900.0,-34.9,-6.036299999999997,20.682999999999993,981.3800000000001,-0.03556216755996657,-0.006150828425278685,0.02107542440237216,-0.020637673480201346
LLLATLLALLVALLFSLLILI_0,110011001100110000,1,-60.3623,-63.7282,-60.3623,-223.593,-218.875,-239.394,-357.828,4529.93,3669.21,3685.11,-20.2484,-13.9865,-94.1212,-89.2115,-58.0714,-106.99,23.8489,20.0447,8.97818,5.76817,4.62591,-13.885,-112.025,6.02704,18.0,-371.814,9.0427,4.1174,2.70781,0,LLLATLLALLVALLFSLLILI,ATLLALLVALLFSLL,0.4979099180589248,0.0193389532484034,L,99999900.0,-36.049800000000005,0.0,15.801000000000016,860.7200000000003,-0.041883306998791704,0.0,0.018357886420671078,-0.023524955850915505
LLLAFLLVTLLAYLLSLLILI_2,110011001100110000,1,-77.2549,-75.7445,-74.0983,-231.777,-229.962,-246.28,-362.546,4656.63,3738.21,3794.86,-20.2407,-10.0394,-73.7543,-66.8792,-42.1671,-71.6241,46.5831,-47.958,8.40961,3.53233,2.73108,-11.9735,-62.68,49.0027,-44.4948,-374.95,8.7847,2.51736,1.7524,2,LLLAFLLVTLLAYLLSLLILI,AFLLVTLLAYLLSLL,0.3985116374788562,0.0279018381266123,R,99999900.0,-31.587200000000003,-3.1566000000000116,14.503000000000014,918.4200000000001,-0.03439297924696762,-0.003436989612595557,0.015791250190544646,-0.022038609786372246
LLLLAVLTALLILLFSLLILI_0,110011001100110000,1,-74.0695,-74.0813,-74.161,-235.356,-220.453,-242.672,-371.265,4561.52,3744.89,3689.18,-20.2387,38.9051,-82.0787,-37.8257,-54.4319,-44.3638,100.173,16.4503,9.37425,6.67795,6.68055,18.3598,-39.6373,92.9114,18.8049,-332.36,9.3042,4.98863,4.8823,0,LLLLAVLTALLILLFSLLILI,LAVLTALLILLFSLL,0.3254772919511431,0.0863709404658565,L,99999900.0,-27.6468,0.09149999999999636,7.3160000000000025,816.6300000000006,-0.03385474449873257,0.00011204584695638942,0.008958769577409594,-0.0247831943475013
LLLYTLLVALLFALLSALILI_0,110011001100110000,1,-69.3406,-68.7407,-60.4371,-226.661,-226.127,-246.715,-342.129,4687.52,3838.17,3779.87,-20.2339,-10.9143,-66.3619,-58.1757,-34.9771,-39.9018,75.7669,-40.6524,7.81401,2.71381,2.35031,-9.9242,-41.4439,73.7208,-39.1581,-353.044,8.0,2.66889,2.2747,0,LLLYTLLVALLFALLSALILI,YTLLVALLFALLSAL,0.2416658797171745,0.0304328921271556,R,99999900.0,-31.384800000000006,-8.903499999999994,20.054000000000002,849.3500000000004,-0.036951551186201206,-0.010482722081591794,0.02361099664449284,-0.023822805674927873
LLLSALLAILLGLLLGFLILI_0,110011001100110000,1,-53.065,-50.8205,-44.9424,-224.588,-223.32,-244.643,-348.701,4497.69,3799.38,3587.75,-20.1778,7273.58,-91.2257,7199.02,-59.1155,-60.4787,51.629,-47.3741,7.10725,2.54172,1.81615,5322.37,-62.877,50.983,-41.0408,6924.87,7.3408,2.81426,2.07901,0,LLLSALLAILLGLLLGFLILI,SALLAILLGLLLGFL,0.2854828190468625,0.0131174755761941,G,99999900.0,-32.110200000000006,-8.122599999999998,20.055000000000007,698.3099999999995,-0.04598272973321309,-0.011631796766479078,0.02871933668428065,-0.028895189815411518
LLLYALLALLLGTLLIFLILI_1,110011001100110000,1,-58.8208,-55.4247,-58.8208,-236.415,-229.863,-248.311,-348.773,4679.66,3882.82,3635.32,-20.1759,73.0145,-73.7127,9.52926,-41.6408,-66.4691,76.0551,-38.5362,8.02697,6.73781,6.37863,49.8759,-66.9322,64.0684,-37.8112,-288.821,7.282,5.18907,4.6501,1,LLLYALLALLLGTLLIFLILI,YALLALLLGTLLIFL,0.2270069126176695,0.0147584570074441,G,99999900.0,-32.0719,0.0,11.896000000000015,796.8399999999997,-0.04024885798905679,0.0,0.014928969429245544,-0.025319888559811262
LLLYFLLTVLLLLLISLLILI_2,110011001100110000,1,-74.0825,-74.0395,-74.0825,-249.555,-241.953,-258.003,-378.805,4810.46,3999.2,3812.91,-20.1723,2372.67,-75.3399,2309.86,-46.7197,-105.084,29.34,19.8448,10.6493,6.22357,5.16367,1242.52,-112.036,2.098,25.9917,1991.97,9.5,3.58863,2.1201,2,LLLYFLLTVLLLLLISLLILI,YFLLTVLLLLLISLL,0.1207362720294697,0.0427276106427341,L,99999900.0,-28.620199999999997,0.0,8.447999999999979,811.2600000000002,-0.03527870226561151,0.0,0.010413430959248548,-0.024865394571407434
LLLTSLLVGLLFALLAALILI_1,110011001100110000,1,-58.4101,-51.3089,-44.9362,-220.889,-222.105,-246.525,-339.076,4511.19,3701.68,3627.8,-20.1718,8263.2,-79.9482,8197.54,-47.6148,-39.7623,79.0588,-43.7053,7.5861,3.13727,2.82315,8261.7,-45.4737,68.435,-39.6413,7921.93,7.396,2.55978,2.0863,1,LLLTSLLVGLLFALLAALILI,TSLLVGLLFALLAAL,0.4027884338406542,0.1217601189918158,G,99999900.0,-32.3334,-13.4739,25.635999999999996,809.5099999999998,-0.03994194018603848,-0.01664451334758064,0.03166854022803919,-0.024918530963175263
LLLYSLLLALLFILLVTLILI_2,110011001100110000,1,-72.617,-69.2696,-58.8202,-237.242,-233.217,-254.14,-359.52,4710.09,3949.86,3697.49,-20.1511,313.462,-69.8118,256.429,-46.5597,-56.1371,80.2739,-47.3855,8.93103,5.75753,5.46164,305.403,-57.1826,66.7594,-36.3012,641.932,8.3991,4.08991,3.5913,2,LLLYSLLLALLFILLVTLILI,YSLLLALLFILLVTL,0.227531548183667,0.0187528528181064,R,99999900.0,-23.252100000000006,-13.796800000000005,16.897999999999996,760.23,-0.030585612248924674,-0.01814819199452798,0.022227483787801056,-0.02650658353393052
LLLAALLAGLLFLLLSVLILI_1,110011001100110000,1,-60.2318,-61.0106,-60.3184,-220.224,-217.114,-235.118,-351.449,4531.84,3644.7,3591.26,-20.1347,-15.4266,-91.1275,-88.7513,-56.0128,-76.7626,70.0598,-40.8784,7.26347,7.47247,7.02337,-12.5321,-68.8165,69.6202,-43.3499,-364.451,7.0847,6.2212,5.7655,1,LLLAALLAGLLFLLLSVLILI,AALLAGLLFLLLSVL,0.3265223842241292,0.0487626175787968,G,99999900.0,-35.1147,0.08659999999999712,14.894000000000005,887.1400000000003,-0.039581914917600367,9.761706156863302e-05,0.016788781928444213,-0.022696192258268133
LLLYSLLLTLLAALLVFLILI_1,110011001100110000,1,-68.606,-71.9427,-58.7655,-232.712,-233.183,-249.927,-352.198,4671.84,3956.74,3820.33,-20.1318,414.669,-71.0118,367.597,-43.5049,-55.5211,67.5371,-43.5725,8.72984,3.94568,3.45874,352.436,-50.0085,62.5615,-38.4276,59.3994,8.5488,2.44708,1.8855,1,LLLYSLLLTLLAALLVFLILI,YSLLLTLLAALLVFL,0.2260621523087445,0.0484009154880646,R,99999900.0,-27.506899999999995,-9.840499999999992,17.215000000000003,715.1000000000004,-0.03846580897776532,-0.013761012445811755,0.02407355614599356,-0.028152426234093118
LLLTFLLALLLGYLLGSLILI_0,110011001100110000,1,-63.9199,-61.5111,-60.2601,-225.599,-226.604,-244.905,-346.916,4558.97,3668.58,3571.28,-20.1244,-17.9348,-77.5217,-76.7358,-41.7503,-78.363,39.366,-45.0715,7.22746,3.56887,2.65936,-17.765,-75.8727,44.54,-43.5756,-364.851,7.3804,3.8938,3.0619,0,LLLTFLLALLLGYLLGSLILI,TFLLALLLGYLLGSL,1.0375203360272192,0.125925779627079,G,99999900.0,-35.77139999999999,-3.659799999999997,19.30600000000001,890.3900000000003,-0.04017497950336367,-0.004110333674008014,0.021682633452756662,-0.022601781241927688
LLLLAVLLLILATLLFSLILI_0,110011001100110000,1,-74.2185,-74.2185,-74.2185,-241.55,-220.208,-242.89,-371.059,4570.88,3793.88,3562.62,-20.1141,86.0761,-75.4042,9.44381,-53.9506,-66.2036,79.2339,16.27,10.1986,7.12711,6.81562,68.7751,-62.5739,62.4261,19.1703,-284.983,9.1885,4.31361,3.75,0,LLLLAVLLLILATLLFSLILI,LAVLLLILATLLFSL,0.3508367130357068,0.0546623937567547,L,99999900.0,-21.4536,0.0,1.339999999999975,777.0,-0.027610810810810814,0.0,0.0017245817245816924,-0.025886872586872587
LLLLYLLIALLVALLSTLILI_2,110011001100110000,1,-81.4554,-79.8415,-74.2471,-229.26,-230.245,-242.745,-374.482,4589.24,3848.41,3893.36,-20.1103,-16.0703,-83.8771,-80.4657,-57.49,-19.5114,92.7203,-41.2189,8.83122,1.94395,1.83476,-16.7031,-18.5428,92.2619,-41.0527,-392.624,8.8427,1.73677,1.6207,2,LLLLYLLIALLVALLSTLILI,LYLLIALLVALLSTL,0.3039250712583913,0.0326256815285914,R,99999900.0,-26.387099999999997,-7.208299999999994,13.485000000000014,740.8299999999999,-0.035618292995694016,-0.009730032531079997,0.018202556591930694,-0.027145633951108892
LLLLYALLLVLATLLLSLILI_2,110011001100110000,1,-74.2686,-74.2686,-74.2686,-229.891,-224.286,-243.296,-376.083,4639.69,3777.69,3629.38,-20.1082,145.815,-92.0319,68.2868,-58.5181,-59.9381,79.3433,26.6295,10.2972,6.20206,5.89221,137.731,-56.6384,70.3623,26.5287,-231.704,9.5,4.49467,4.0501,2,LLLLYALLLVLATLLLSLILI,LYALLLVLATLLLSL,0.3528089264322947,0.0379683403958784,L,99999900.0,-33.513799999999996,0.0,13.405000000000001,861.9999999999995,-0.038879118329466375,0.0,0.015551044083526692,-0.023327378190255234
LLLYLLLTTLLAGLLFSLILI_1,110011001100110000,1,-87.9013,-84.6885,-87.9598,-235.255,-232.896,-248.44,-366.037,4649.53,3812.83,3690.42,-20.0883,-17.4404,-62.9682,-65.8923,-29.6366,-36.8018,76.0349,-45.7416,7.55218,2.28499,1.92551,-12.0636,-30.525,71.559,-44.3251,-375.59,7.1169,0.739215,0.3126,1,LLLYLLLTTLLAGLLFSLILI,YLLLTTLLAGLLFSL,0.1890243869918615,0.1000553285922389,G,99999900.0,-33.3316,0.05849999999999511,13.185000000000002,836.6999999999998,-0.03983697860643003,6.99175331660035e-05,0.01575833632126211,-0.02400896378630334
LLLLSTLLAVLFALLYILILI_0,110011001100110000,1,-54.8417,-63.4015,-45.0471,-235.485,-217.773,-245.725,-340.812,4569.34,3618.09,3598.13,-20.0832,630.475,-70.5692,570.836,-50.0401,-62.3877,82.7333,18.2089,9.6732,7.02715,6.76815,523.181,-57.0745,70.4682,20.2462,289.662,8.8184,4.57438,4.1314,0,LLLLSTLLAVLFALLYILILI,LSTLLAVLFALLYIL,0.4404124428706344,0.0964734412463859,L,99999900.0,-20.529099999999993,-9.794600000000003,10.23999999999998,951.25,-0.021581182654402096,-0.010296557161629439,0.010764783180026261,-0.021112431011826544
LLLYALLVGLLFLLLGALILI_0,110011001100110000,1,-44.9738,-44.9738,-44.9738,-225.632,-221.472,-241.931,-325.26,4682.65,3960.9,3793.33,-20.0707,-15.6075,-74.7248,-74.4213,-38.3555,-46.5474,75.6238,-41.2294,7.28243,3.69131,3.32567,-15.6089,-44.9135,70.5331,-40.7685,-340.867,7.218,2.759,2.317,0,LLLYALLVGLLFLLLGALILI,YALLVGLLFLLLGAL,0.2554935081799037,0.0347423944681997,G,99999900.0,-36.3693,0.0,16.299000000000007,721.7499999999995,-0.05039043990301354,0.0,0.022582611707655027,-0.027808382403879475
LLLLYSLTILLFVLLLLLILI_1,110011001100110000,1,-58.8559,-58.7903,-58.8393,-239.337,-231.922,-252.017,-365.505,4743.55,3681.48,3645.32,-20.0666,131.67,-87.3789,56.8767,-54.6492,-60.2339,55.6597,11.7982,10.6293,3.04914,2.38403,118.676,-63.2597,38.6883,19.8721,-241.063,9.5,1.21188,0.292205,1,LLLLYSLTILLFVLLLLLILI,LYSLTILLFVLLLLL,0.3978478103898246,0.1008759322457637,L,99999900.0,-32.7297,-0.01659999999999684,12.680000000000007,1062.0700000000002,-0.030816895308218854,-1.5629854905982502e-05,0.011938949410114216,-0.018893858220267967
LLLSYLLGALLGVLLSTLILI_1,110011001100110000,1,-83.5181,-84.9223,-74.1322,-222.96,-220.371,-246.935,-365.154,4461.95,3625.05,3655.74,-20.0647,-16.8074,-78.7408,-76.6675,-44.0867,-101.746,46.0504,-37.9487,6.6524,7.97871,7.16947,-11.8941,-99.5869,39.1004,-37.4705,-376.512,7.5,6.71659,5.8031,1,LLLSYLLGALLGVLLSTLILI,SYLLGALLGVLLSTL,0.953413098692154,0.0965261919795881,G,99999900.0,-34.65409999999999,-9.385900000000007,23.974999999999994,836.8999999999996,-0.04140769506512129,-0.01121507945991159,0.028647389174333855,-0.0239750268849325
LLLYILLLLLVTLLFSLLILI_2,110011001100110000,1,-74.2593,-70.5847,-74.2593,-237.609,-226.815,-256.865,-377.781,4753.03,3782.96,3751.42,-20.0643,3041920.0,-85.977,3041840.0,-46.6565,-112.362,24.3933,18.6932,10.0534,6.64746,5.51336,43.117,-109.438,15.4447,28.0,-339.231,9.3468,5.00073,3.7324,2,LLLYILLLLLVTLLFSLLILI,YILLLLLVTLLFSLL,0.1885257813045338,0.120671423936659,L,99999900.0,-39.3205,0.0,19.256,970.0699999999997,-0.040533672827734096,0.0,0.01985011390930552,-0.020683352747739858
LLLYTLLVALLFLLLSLLILI_1,110011001100110000,1,-68.3853,-68.2405,-60.3561,-235.712,-235.965,-253.616,-362.676,4765.3,3906.56,3800.6,-20.0463,-19.6835,-78.6247,-78.1538,-48.7039,-52.5403,82.3454,-41.1056,8.26405,5.49767,5.23285,-16.7317,-51.2979,78.2928,-38.8144,-379.377,8.175,4.76421,4.4386,1,LLLYTLLVALLFLLLSLLILI,YTLLVALLFLLLSLL,0.2751814895283623,0.0832621392142749,R,99999900.0,-29.920800000000007,-8.029200000000003,17.904000000000025,858.7400000000002,-0.03484267647949321,-0.009349977874560404,0.02084915108181757,-0.023343852621282336
LLLTALLVGLLGGLLALLILI_0,110011001100110000,1,-54.0264,-52.1578,-44.9383,-216.81,-215.217,-233.337,-345.218,4446.2,3875.49,3748.87,-20.0374,-15.8146,-94.4196,-93.6576,-66.9428,-43.4821,73.4579,-46.2954,6.37211,2.93913,2.541,-14.9108,-45.1876,67.311,-43.6659,-361.033,6.6072,2.36513,1.8748,0,LLLTALLVGLLGGLLALLILI,TALLVGLLGGLLALL,0.4117871609508232,0.0070498360482158,G,99999900.0,-27.476799999999997,-9.088100000000004,16.526999999999987,570.71,-0.0481449422648981,-0.01592419968109899,0.028958665521893755,-0.035109600322405426
LLLAALLTILLGLLLGSLILI_1,110011001100110000,1,-81.069,-79.2499,-74.0885,-221.158,-221.22,-232.796,-369.148,4434.61,3733.77,3546.64,-20.034,51789.2,-86.9556,51720.6,-62.2638,-47.4683,66.8059,-50.0946,7.3371,2.63904,2.14113,38417.0,-48.1219,61.2568,-42.1281,51412.9,7.3101,1.98795,1.4068,1,LLLAALLTILLGLLLGSLILI,AALLTILLGLLLGSL,0.4426415803458967,0.1431669479304448,G,99999900.0,-24.6918,-6.980500000000006,11.638000000000005,700.8399999999997,-0.0352317219336796,-0.009960190628388804,0.016605787340905214,-0.028585697163403926
LLLTALLAALLAYLLSLLILI_0,110011001100110000,1,-65.186,-64.6496,-60.3015,-223.994,-220.728,-245.241,-365.255,4543.97,3635.83,3701.36,-20.0292,-12.6691,-96.1044,-92.5466,-59.7125,-72.6517,70.0922,-42.2569,7.61948,6.86021,6.41159,-12.6959,-74.5663,64.3243,-36.9715,-377.924,8.2163,6.36873,5.8336,0,LLLTALLAALLAYLLSLLILI,TALLAALLAYLLSLL,0.52795718310629,0.0575984283615442,R,99999900.0,-36.3919,-4.88450000000001,21.247000000000014,908.1400000000003,-0.04007300636465742,-0.005378575990486057,0.023396172396326565,-0.022055189728455958
LLLSYLLIALLTVLLALLILI_0,110011001100110000,1,-73.3895,-65.575,-58.9271,-229.599,-231.842,-253.072,-372.159,4592.97,3881.68,3930.74,-20.0269,-13.6002,-89.1975,-88.3424,-60.1595,-75.817,60.1442,-45.2023,9.03089,5.99202,5.39418,-11.568,-82.5413,55.9347,-43.4423,-385.759,8.9754,6.43238,5.7714,0,LLLSYLLIALLTVLLALLILI,SYLLIALLTVLLALL,0.6936911526905855,0.043300268013308,R,99999900.0,-29.038000000000004,-14.462399999999995,23.473000000000013,711.2900000000004,-0.04082441760744561,-0.02033263507148981,0.03300060453542156,-0.02815574519534928
LLLLAVLLLLLATLFSLLILI_1,110011001100110000,1,-74.1131,-74.1131,-74.1131,-232.939,-216.894,-242.537,-374.198,4556.66,3756.48,3667.65,-20.0098,1066.51,-87.1554,983.319,-57.5481,-55.438,66.2716,19.0515,9.74374,3.76236,3.25644,904.592,-67.1026,39.5354,23.4345,606.392,9.3202,1.90267,0.995701,1,LLLLAVLLLLLATLFSLLILI,LAVLLLLLATLFSLL,0.3396935354077838,0.0277515764471986,L,99999900.0,-29.607300000000002,0.0,9.598000000000013,800.1799999999998,-0.0370007998200405,0.0,0.011994801169736828,-0.025006623509710318
LLLFILLLVLISLLLTLLILI_2,110011001100110000,1,-74.3825,-74.3037,-74.3825,-234.983,-227.091,-249.906,-389.535,4611.89,3724.4,3712.06,-20.007,15.4699,-100.176,-72.6705,-65.2468,-107.751,44.4942,16.7259,9.98118,8.66932,7.83674,15.1587,-108.523,26.4323,18.0,-364.281,9.5,6.34681,5.24329,2,LLLFILLLVLISLLLTLLILI,FILLLVLISLLLTLL,0.3154682197888692,0.0569157880096416,L,99999900.0,-34.92920000000001,0.0,14.923000000000002,887.4900000000002,-0.039357288532828535,0.0,0.016814837350280002,-0.022543352601156065
LLLASLLTLLLGVLLAFLILI_2,110011001100110000,1,-67.7359,-57.5477,-58.686,-226.069,-224.421,-246.164,-355.074,4534.99,3844.41,3652.37,-20.006,165.461,-81.2747,92.3554,-50.2241,-62.683,58.79,-42.6003,7.78285,3.83909,3.22094,107.872,-58.1657,52.5749,-41.2091,-196.545,7.4407,2.32247,1.61109,2,LLLASLLTLLLGVLLAFLILI,ASLLTLLLGVLLAFL,0.3196715434642825,0.009082221868344,G,99999900.0,-31.050599999999996,-9.049900000000001,20.095,690.5799999999999,-0.044963074517072606,-0.013104781488024561,0.029098728604940775,-0.0289698514292334
LLLFYLLTALLIALLSLLILI_0,110011001100110000,1,-74.2922,-80.159,-74.2083,-233.922,-230.183,-246.02,-362.999,4693.98,3814.91,3917.36,-20.0022,-16.5045,-74.7867,-69.1616,-42.7707,-19.229,100.295,-35.8997,8.27582,2.92424,2.92868,-15.5856,-19.0498,93.1316,-41.4393,-379.504,8.233,1.93023,1.8272,0,LLLFYLLTALLIALLSLLILI,FYLLTALLIALLSLL,0.395846650311272,0.0196041557642802,R,99999900.0,-32.016,-0.08389999999999986,12.098000000000013,879.0699999999997,-0.0364203078253154,-9.544177369265234e-05,0.013762271491462587,-0.022753819377296466
LLLFSLLTTLLAALLALLILI_1,110011001100110000,1,-81.8006,-80.9061,-72.558,-230.047,-223.09,-239.335,-359.435,4560.96,3851.4,3759.07,-20.0018,9849.02,-67.5895,9793.58,-47.5417,-56.9539,79.9035,-43.8223,8.44018,5.83005,5.5286,8480.67,-54.0174,63.9799,-35.0,9485.26,8.0,3.2399,2.6996,1,LLLFSLLTTLLAALLALLILI,FSLLTTLLAALLALL,0.431097278321191,0.0510341859386421,R,99999900.0,-20.047800000000002,-9.242599999999996,9.288000000000011,709.56,-0.028253847454760703,-0.01302581881729522,0.013089802130898038,-0.028189018546705
LLLLAYLVILLFTLLSLLILI_1,110011001100110000,1,-74.1907,-74.1907,-74.1907,-243.867,-230.862,-248.948,-364.319,4668.23,3977.12,3745.3,-19.9862,4.51135,-66.2471,-54.7547,-41.1804,-92.9038,38.9696,31.4492,9.65235,5.69647,4.78101,2.06989,-95.5434,21.4906,28.0,-364.201,9.3253,3.73274,2.5551,1,LLLLAYLVILLFTLLSLLILI,LAYLVILLFTLLSLL,0.3576875226414738,0.049879983138559,L,99999900.0,-25.066700000000004,0.0,5.081000000000017,691.1099999999997,-0.03627020300675727,0.0,0.007351941080291155,-0.028918985400298084
LLLYWLLVALLLALLSTLILI_2,110011001100110000,1,-74.2545,-72.42,-74.2545,-237.521,-229.658,-252.169,-376.109,4691.68,3768.61,3707.54,-19.9784,70.7529,-84.312,-3.27826,-49.6856,-21.028,92.1943,-43.4397,8.27815,2.10043,1.98335,71.4893,-15.7577,89.9497,-39.1893,-305.357,8.0,1.00686,0.856105,2,LLLYWLLVALLLALLSTLILI,YWLLVALLLALLSTL,0.374160391326259,0.0099484710779566,R,99999900.0,-34.6264,0.0,14.648000000000025,923.0700000000002,-0.03751221467494339,0.0,0.01586878568255931,-0.021643428992384105
LLLFALLLILTILLYVLLILI_2,110011001100110000,1,-58.8923,-58.7993,-58.8808,-239.965,-236.906,-252.005,-362.004,4664.32,3796.36,3735.18,-19.9746,3.37278,-83.1212,-62.9266,-51.1185,-112.086,23.174,18.2691,9.86737,6.44135,5.28896,0.967234,-115.762,1.87941,19.6398,-351.291,9.2964,4.11802,2.64621,2,LLLFALLLILTILLYVLLILI,FALLLILTILLYVLL,0.2300443565796453,0.0795323423418158,L,99999900.0,-32.002700000000004,-0.011499999999998067,12.039999999999992,867.9599999999996,-0.03687116917830317,-1.3249458500389504e-05,0.013871606986497071,-0.023013272501036925
LLLTGLLFGLLAILLILLILI_1,110011001100110000,1,-45.0043,-45.0043,-45.0043,-229.133,-228.265,-244.872,-349.366,4662.33,3698.71,3639.42,-19.9647,-15.5483,-95.1939,-91.6454,-59.4893,-73.4731,68.8934,-44.3486,7.54468,6.82158,6.35498,-10.3236,-69.3499,66.3154,-44.3229,-356.645,7.423,5.85507,5.3498,1,LLLTGLLFGLLAILLILLILI,TGLLFGLLAILLILL,0.2697202866868708,0.0629936251193075,G,99999900.0,-35.7046,0.0,15.739000000000004,963.6199999999999,-0.03705257259085532,0.0,0.01633320188456031,-0.02071843672817086
LLLAGLLALLLGVLLSTLILI_1,110011001100110000,1,-76.706,-76.8278,-74.1563,-217.349,-214.851,-232.45,-367.049,4453.91,3637.64,3663.73,-19.9587,46.8582,-92.9533,-28.5122,-60.4426,-81.888,67.2868,-31.6426,7.2911,7.86691,7.37621,-11.15,-81.5244,57.4843,-35.0,-378.059,7.3849,6.48904,5.8513,1,LLLAGLLALLLGVLLSTLILI,AGLLALLLGVLLSTL,0.3004062949154582,0.0791816892668522,G,99999900.0,-32.5107,-2.5497000000000014,15.100999999999999,816.27,-0.039828365614318795,-0.00312359880921754,0.018500006125424184,-0.024451100738726157
LLLFALLTILLAYLLSLLILI_1,110011001100110000,1,-76.6739,-77.1898,-74.1681,-232.18,-230.283,-247.171,-361.616,4671.11,3779.0,3803.73,-19.9519,-20.5571,-72.7139,-74.7007,-40.2774,-72.8585,67.2701,-36.7322,8.853,6.51024,6.01929,-14.0529,-68.8108,64.9165,-37.632,-376.018,9.0,5.58535,5.0591,1,LLLFALLTILLAYLLSLLILI,FALLTILLAYLLSLL,0.4139210946875115,0.0432062803170584,R,99999900.0,-32.436499999999995,-2.505800000000008,14.990999999999985,892.1099999999997,-0.03635930546681464,-0.002808846442703264,0.016803981571779255,-0.022364842900539177
LLLLYLLTALLALLTSLLILI_0,110011001100110000,1,-87.9137,-88.0746,-87.932,-234.768,-217.313,-242.92,-384.162,4592.57,3630.71,3541.47,-19.9436,102.42,-81.4245,23.6454,-53.3101,-50.6931,93.0384,20.834,9.94347,6.66414,6.55972,101.658,-52.6153,78.89,21.7839,-281.742,8.5648,5.04245,4.7258,0,LLLLYLLTALLALLTSLLILI,LYLLTALLALLTSLL,0.5887275960992362,0.053999357101173,L,99999900.0,-28.114399999999996,0.01829999999999643,8.151999999999987,961.8599999999997,-0.029229201754933157,1.9025637826707044e-05,0.00847524587777846,-0.020734410413157846
LLLTALLAVLLGILLGLLILI_2,110011001100110000,1,-52.1622,-54.1643,-44.9369,-224.197,-220.523,-239.38,-355.759,4487.98,3829.55,3514.3,-19.9423,935.173,-99.3421,854.101,-71.4426,-65.862,53.0207,-52.9472,7.05933,3.53708,2.83239,618.838,-64.6051,48.7376,-45.0,579.414,6.7648,2.77034,2.0014,2,LLLTALLAVLLGILLGLLILI,TALLAVLLGILLGLL,0.3327578519022274,0.0417112767599813,G,99999900.0,-27.899500000000003,-7.225299999999997,15.182999999999993,658.4299999999994,-0.04237276551797462,-0.010973527937669918,0.023059398873076876,-0.03028765396473432
LLLYTLLVALLAILLSLLILI_1,110011001100110000,1,-74.3182,-68.2261,-60.3324,-231.714,-226.397,-249.537,-371.113,4685.07,3755.44,3764.88,-19.938,3.3121,-85.0192,-73.1777,-61.2441,-50.5842,78.5367,-42.7924,8.54234,4.69008,4.36813,1.82592,-44.1843,73.3677,-43.7221,-360.592,8.0672,3.03228,2.6328,1,LLLYTLLVALLAILLSLLILI,YTLLVALLAILLSLL,0.2368411861589515,0.0215192279086328,R,99999900.0,-23.775099999999995,-13.985800000000005,17.823000000000008,929.6299999999997,-0.025574798575777463,-0.015044480061960146,0.019172143756118042,-0.021447242451297834
LLLALLLVTLLTFLLSALILI_1,110011001100110000,1,-84.4419,-85.1603,-87.9042,-236.917,-231.735,-242.379,-375.712,4541.52,3790.96,3859.64,-19.9331,-16.9182,-74.2862,-75.7355,-45.4287,-71.0796,64.8693,-37.6169,8.43137,5.9193,5.39234,-12.9576,-60.8424,58.0703,-41.2377,-388.689,8.4975,3.46585,2.8369,1,LLLALLLVTLLTFLLSALILI,ALLLVTLLTFLLSAL,0.4051386067730034,0.0359267902997395,R,99999900.0,-28.857499999999995,3.462299999999999,5.461999999999989,750.5600000000004,-0.03844795885738646,0.004612955659774032,0.007277232999360459,-0.0265576369643999
LLLLVLLATLLGGLLSILILI_0,110011001100110000,1,-78.7134,-71.7422,-73.9676,-223.591,-217.299,-234.608,-372.048,4460.3,3850.23,3735.22,-19.9317,-6.02469,-89.6756,-89.0322,-63.473,-31.6522,88.3456,-46.9431,7.07206,3.17448,2.99967,-5.62342,-38.0441,72.2659,-45.0,-378.073,7.1084,1.96251,1.5465,0,LLLLVLLATLLGGLLSILILI,LVLLATLLGGLLSIL,0.2740061417871573,0.0654550578524253,G,99999900.0,-26.202600000000004,-4.7457999999999885,11.016999999999996,610.0700000000002,-0.04295015326110118,-0.0077791073155539315,0.018058583441244436,-0.032671168882259405
LLLALLLFVLTSLLALLLILI_1,110011001100110000,1,-74.2269,-74.2817,-74.2728,-230.528,-226.137,-242.272,-375.851,4553.22,3703.23,3669.77,-19.9269,48.873,-91.0229,-26.5593,-59.3064,-106.833,19.5521,24.9918,9.3694,5.16454,3.95782,48.4038,-107.84,2.594,18.2142,-323.995,9.3464,3.02619,1.5651,1,LLLALLLFVLTSLLALLLILI,ALLLFVLTSLLALLL,0.3776633133817109,0.1439083233357147,L,99999900.0,-31.71650000000001,0.04590000000000316,11.744,849.9900000000002,-0.037313968399628236,5.400063530159549e-05,0.01381663313686043,-0.02344368757279497
LLLLILLLLFLTVLLSILILI_1,110011001100110000,1,-74.2474,-67.1543,-74.3063,-238.804,-234.995,-249.37,-391.451,4570.02,3824.97,3636.63,-19.9268,14029.0,-98.3264,13939.7,-67.7747,-47.1107,77.6441,25.1199,9.54355,4.04856,3.71322,151.396,-52.31,68.7173,21.7433,-272.097,9.1269,3.62334,3.1541,1,LLLLILLLLFLTVLLSILILI,LILLLLFLTVLLSIL,0.2434388477172786,0.0819310638924543,L,99999900.0,-30.55170000000001,0.05889999999999418,10.566000000000003,745.0500000000006,-0.0410062411918663,7.905509697334962e-05,0.014181598550432849,-0.02674558754446008
LLLSYLLVILLTFLLILLILI_1,110011001100110000,1,-69.4608,-69.2722,-58.9526,-245.247,-240.795,-262.904,-372.874,4706.0,3779.09,3719.93,-19.9198,315.574,-78.0862,252.767,-51.0174,-67.2492,59.2487,-43.5292,9.59692,4.58595,3.97468,304.106,-61.4513,50.1014,-39.8435,-63.9551,9.0,2.48138,1.7329,1,LLLSYLLVILLTFLLILLILI,SYLLVILLTFLLILL,0.4837882866004173,0.0361159556500968,R,99999900.0,-27.068800000000003,-10.50820000000001,17.656999999999982,926.9099999999999,-0.029203266768078894,-0.011336807241263996,0.019049314388667707,-0.021490543849996227
LLLYLLLAVLTALLLSLLILI_1,110011001100110000,1,-74.2349,-74.2349,-74.2349,-231.753,-233.221,-247.973,-379.806,4638.61,3727.68,3681.58,-19.9191,55.5054,-93.7374,-16.8455,-57.5988,-109.809,9.50086,24.3092,9.1404,4.25393,2.89644,57.3785,-107.513,0.121037,18.1138,-322.59,9.2691,2.64329,1.14511,1,LLLYLLLAVLTALLLSLLILI,YLLLAVLTALLLSLL,0.3430275756060564,0.0399148732460855,L,99999900.0,-36.1386,0.0,16.220000000000027,910.9299999999998,-0.03967220313306182,0.0,0.01780597850548344,-0.02186677351717476
LLLLILLYVLTFLLASLLILI_2,110011001100110000,1,-74.2095,-74.2095,-74.1261,-243.081,-238.061,-247.114,-369.269,4607.55,3802.01,3732.86,-19.9157,55.0448,-71.8939,-1.95331,-48.0288,-106.647,30.3233,13.4656,10.2727,6.59068,5.54553,54.2497,-99.1745,22.4175,18.2946,-315.354,9.5,4.40254,3.2388,2,LLLLILLYVLTFLLASLLILI,LILLYVLTFLLASLL,0.534633582164461,0.0482539286995243,L,99999900.0,-23.865100000000005,-0.08340000000001169,4.0330000000000155,805.54,-0.029626213471708428,-0.00010353303374135572,0.005006579437396052,-0.024723415348710184
LLLYFLLAILVTLLASLLILI_1,110011001100110000,1,-70.7343,-70.7343,-74.1692,-234.87,-228.268,-249.764,-356.166,4694.6,3707.08,3819.79,-19.9133,18.7345,-70.4756,-38.4291,-32.2329,-106.921,24.5905,19.4305,9.10466,5.85789,4.72675,-6.84381,-111.368,7.59807,18.0,-362.776,9.5,4.23094,2.84491,1,LLLYFLLAILVTLLASLLILI,YFLLAILVTLLASLL,0.2695451690189809,0.0399102297197623,L,99999900.0,-38.2427,3.434899999999999,14.894000000000005,987.5200000000004,-0.03872600048606609,0.003478309300064806,0.015082226182760854,-0.020164958684381066
LLLLYVLIALLTLLFSLLILI_1,110011001100110000,1,-74.3316,-74.2487,-74.3021,-237.669,-231.78,-248.406,-367.584,4601.54,3779.04,3707.51,-19.911,15.6288,-75.4944,-45.927,-44.8761,-42.4778,102.281,21.622,9.55001,6.67955,6.71376,0.805025,-43.0836,88.7124,20.2021,-367.271,9.3861,4.93871,4.7694,1,LLLLYVLIALLTLLFSLLILI,LYVLIALLTLLFSLL,0.3136721605522845,0.0278609232980198,L,99999900.0,-30.618299999999998,-0.02949999999999875,10.736999999999995,822.5,-0.03722589665653495,-3.586626139817477e-05,0.013054103343465039,-0.024207902735562312
LLLYALLFALLTVLLILLILI_2,110011001100110000,1,-58.9885,-58.9885,-58.9885,-244.74,-240.854,-251.882,-356.399,4698.85,3961.29,3862.56,-19.9108,42.1512,-72.5808,-14.4052,-45.5287,-44.0169,97.9516,-39.1985,8.61232,6.326,6.29527,40.1153,-36.6602,86.1438,-39.3244,-313.701,8.6204,3.62844,3.4206,2,LLLYALLFALLTVLLILLILI,YALLFALLTVLLILL,0.443120848150973,0.0418291717375806,R,99999900.0,-27.052099999999996,0.0,7.141999999999996,737.5600000000004,-0.03667782960030368,0.0,0.009683280004338619,-0.026995498671294523
LLLAALLAVLLGLLLGFLILI_1,110011001100110000,1,-50.4803,-46.5332,-44.9566,-218.969,-219.771,-232.037,-332.596,4467.83,3790.9,3568.24,-19.9097,-10.2751,-83.0562,-76.5668,-55.602,-72.6921,56.851,-50.4423,7.34021,5.0787,4.43147,-9.13906,-76.6711,46.9516,-39.8118,-341.804,7.5,4.33913,3.5434,1,LLLAALLAVLLGLLLGFLILI,AALLAVLLGLLLGFL,0.3240775641849389,0.0944431873670262,G,99999900.0,-27.454200000000007,-5.523699999999998,13.068000000000012,676.9299999999998,-0.040556926122346494,-0.008159927909828195,0.01930480256451925,-0.029411756016131663
LLLAVLLITLLFTLLSLLILI_0,110011001100110000,1,-87.975,-87.975,-87.9504,-234.642,-228.956,-246.093,-383.515,4562.44,3859.45,3673.97,-19.8913,-15.4873,-80.7896,-82.0719,-49.4714,-33.19,96.2203,-45.4794,9.00794,4.46825,4.41155,-15.5127,-36.2869,84.2404,-44.7529,-399.002,9.0,3.31549,3.0791,0,LLLAVLLITLLFTLLSLLILI,AVLLITLLFTLLSLL,0.3868851423845363,0.088717427553296,R,99999900.0,-31.31819999999999,-0.024599999999992406,11.450999999999993,702.9899999999998,-0.044549993598770966,-3.499338539665203e-05,0.016288994153544144,-0.028295281582952827
LLLVALLTILLYLLFSLLILI_2,110011001100110000,1,-74.2623,-74.2623,-74.2623,-241.984,-238.745,-249.515,-373.036,4614.72,3819.02,3816.39,-19.8911,-11.6814,-76.6809,-71.7099,-49.2585,-97.4022,33.969,17.9723,9.38329,5.69615,4.70568,-6.33125,-96.1052,25.5895,23.4724,-380.123,9.5,4.37036,3.2542,2,LLLVALLTILLYLLFSLLILI,VALLTILLYLLFSLL,0.5787363631617636,0.0354642227313949,L,99999900.0,-27.422399999999996,0.0,7.5309999999999775,795.7000000000003,-0.03446323991454064,0.0,0.009464622345104907,-0.024998240542918177
LLLTALLALLLGVLLSALILI_2,110011001100110000,1,-60.3376,-60.5202,-60.3301,-224.143,-221.851,-238.764,-367.947,4516.67,3678.47,3652.99,-19.8813,-16.9816,-103.348,-102.558,-68.8533,-77.5976,65.1409,-42.5724,7.37436,6.93366,6.41077,-14.5278,-72.8398,58.7702,-43.8998,-383.545,7.2749,5.35995,4.7415,2,LLLTALLALLLGVLLSALILI,TALLALLLGVLLSAL,0.6434049116252933,0.0739642518794629,G,99999900.0,-34.494699999999995,-0.007500000000000284,14.62100000000001,838.2000000000003,-0.04115330470054877,-8.947745168217945e-06,0.017443330947267962,-0.02371904080171796
LLLSYLLTILLAALLTLLILI_1,110011001100110000,1,-91.4813,-78.3247,-72.5211,-234.14,-232.154,-255.566,-382.534,4594.23,3836.21,3806.29,-19.8697,10.6293,-76.7827,-61.4263,-54.4474,-66.6654,62.1307,-43.3088,8.24241,4.88746,4.31942,-5.68806,-70.0938,55.5169,-41.2219,-395.59,8.0,4.50885,3.8416,1,LLLSYLLTILLAALLTLLILI,SYLLTILLAALLTLL,0.5215160684154693,0.0480683628685247,R,99999900.0,-22.335300000000004,-18.9602,21.426000000000016,758.0199999999995,-0.02946531753779586,-0.025012796496134682,0.028265744967151302,-0.026212632912060385
LLLTLLLAVLLAYLLSFLILI_1,110011001100110000,1,-62.3585,-60.4387,-60.4202,-236.1,-234.593,-249.547,-357.02,4628.98,3781.78,3747.01,-19.8688,-15.9353,-78.4298,-77.9232,-47.0528,-74.3232,67.2419,-38.9043,8.90729,6.72613,6.23476,-15.2761,-70.0018,61.1129,-38.0265,-372.174,8.9767,5.25051,4.6672,1,LLLTLLLAVLLAYLLSFLILI,TLLLAVLLAYLLSFL,0.4433189319061661,0.0366393232112152,R,99999900.0,-31.377000000000002,-1.9382999999999981,13.447000000000003,847.1999999999994,-0.03703611898017,-0.002287889518413597,0.01587228517469312,-0.02345231350330502
LLLATLLVGLLFGLLALLILI_2,110011001100110000,1,-52.3149,-52.6274,-45.0114,-217.924,-218.102,-239.373,-336.406,4538.02,3638.09,3637.0,-19.8682,77.0785,-86.0355,11.4018,-52.022,-39.8468,81.1352,-38.088,7.42805,3.43027,3.1473,55.2933,-40.652,76.0053,-35.3219,-259.328,7.3774,2.85852,2.4986,2,LLLATLLVGLLFGLLALLILI,ATLLVGLLFGLLALL,0.6135373549912545,0.1110892461313645,G,99999900.0,-34.0135,-7.3035,21.448999999999984,899.9300000000003,-0.03779571744469013,-0.008115631215761223,0.023834075983687593,-0.02207749491627126
LLLTYLLLALLVSLLFILILI_0,110011001100110000,1,-66.6711,-60.4142,-60.3847,-237.244,-237.702,-255.118,-366.413,4656.78,3854.79,3726.48,-19.8679,-15.6902,-82.366,-83.9867,-50.9097,-30.1328,83.924,-41.9749,8.74038,2.34966,2.10852,-15.6349,-26.7295,90.6651,-42.4324,-382.103,8.456,2.74922,2.6092,0,LLLTYLLLALLVSLLFILILI,TYLLLALLVSLLFIL,0.4899592738031144,0.08699190544191,R,99999900.0,-31.4563,-6.286399999999993,17.873999999999995,801.9899999999998,-0.03922280826444221,-0.007838501726954196,0.022287060935921893,-0.02477325153680221
LLLYSLLLALLAALLTILILI_2,110011001100110000,1,-69.9328,-62.1425,-58.8896,-229.635,-226.73,-246.466,-362.256,4617.09,3874.51,3753.46,-19.8628,721.202,-82.5514,647.818,-56.9005,-53.0125,84.5323,-44.5287,8.19572,5.86373,5.63172,722.331,-54.1112,74.7115,-35.0,505.809,8.1658,4.70273,4.3234,2,LLLYSLLLALLAALLTILILI,YSLLLALLAALLTIL,0.5448306444535588,0.0654716216741175,R,99999900.0,-25.6509,-11.043199999999999,16.831000000000017,742.5799999999999,-0.03454294486789303,-0.014871394327883864,0.022665571386247974,-0.026748363812653185
LLLSYLLTLLLAALLSILILI_1,110011001100110000,1,-85.4599,-88.445,-73.9966,-234.632,-232.478,-254.026,-386.247,4569.91,3809.43,3844.28,-19.8538,-14.7875,-86.0096,-80.1114,-58.2245,-69.9323,54.1655,-42.5598,7.87661,4.30219,3.61467,-15.126,-64.7965,51.5402,-39.82,-401.28,8.0152,3.1774,2.4505,1,LLLSYLLTLLLAALLSILILI,SYLLTLLLAALLSIL,0.4502120609101068,0.0234383586749327,R,99999900.0,-27.785100000000007,-11.463300000000004,19.394000000000005,760.48,-0.03653626656848307,-0.015073769198401015,0.02550231432779298,-0.02610693246370713
LLLAALLFLLLGTLLSILILI_0,110011001100110000,1,-82.946,-79.2285,-74.1028,-224.297,-219.171,-239.712,-363.537,4538.3,3806.52,3563.18,-19.8481,141.365,-76.1421,76.227,-49.7223,-66.2531,59.9075,-53.2784,7.50616,4.52548,3.92409,122.766,-62.4741,58.2239,-43.3401,-222.172,7.3625,3.73134,3.1047,0,LLLAALLFLLLGTLLSILILI,AALLFLLLGTLLSIL,0.2316646949316584,0.0293424525492774,G,99999900.0,-26.419800000000002,-8.843199999999996,15.414999999999992,731.7800000000002,-0.03610347372161031,-0.012084506272376935,0.021065074202629187,-0.027123042444450508
LLLVALLLILTFLLASLLILI_0,110011001100110000,1,-74.1157,-74.1925,-74.1925,-233.7,-224.885,-242.502,-375.464,4559.86,3636.44,3742.84,-19.8463,-7.31511,-87.4952,-83.7021,-58.7699,-108.071,19.3068,26.242,9.10948,5.31704,4.10665,-5.22811,-113.58,1.80407,27.0117,-382.78,9.2654,3.78055,2.30761,0,LLLVALLLILTFLLASLLILI,VALLLILTFLLASLL,0.3880670912878059,0.0676063317250074,L,99999900.0,-28.725299999999997,0.07679999999999154,8.802000000000021,923.4199999999996,-0.031107513374195934,8.31690888219787e-05,0.009531957289207537,-0.021492170409997624
LLLLFVLLALLTILLSLLILI_1,110011001100110000,1,-74.255,-74.255,-74.255,-246.978,-240.353,-244.087,-379.797,4553.36,3886.48,3841.52,-19.846,-14.9926,-78.4099,-80.1817,-61.4549,-36.9201,80.7311,28.7369,9.75055,2.93671,2.64768,-9.952,-44.8132,57.5828,26.7672,-389.754,9.4293,0.995658,0.3594,1,LLLLFVLLALLTILLSLLILI,LFVLLALLTILLSLL,0.183994305052242,0.0392628135508891,L,99999900.0,-16.95499999999999,0.0,-2.8910000000000196,666.8799999999997,-0.025424364203454893,0.0,-0.004335112763915579,-0.029759476967370458
LLLYALLVALLLTLLSWLILI_1,110011001100110000,1,-80.1652,-63.7477,-74.1382,-234.322,-233.638,-252.057,-374.356,4729.0,3982.46,4064.46,-19.835,4.50987,-79.7035,-72.4602,-48.1608,-33.5459,97.5918,-42.7479,8.84056,4.70678,4.67066,-17.9107,-31.0165,97.6795,-42.1335,-392.829,9.0,4.33921,4.3044,1,LLLYALLVALLLTLLSWLILI,YALLVALLLTLLSWL,0.2726411676389612,0.0288859076788362,R,99999900.0,-31.542700000000004,-6.027000000000001,17.734999999999985,746.54,-0.04225185522544004,-0.008073244568274978,0.02375626222305568,-0.026569239424545237
LLLAFLLAILLAVLLTLLILI_0,110011001100110000,1,-58.8246,-58.8246,-58.8246,-230.262,-216.495,-241.344,-355.177,4591.29,3842.78,3775.86,-19.8292,-7.31846,-85.9189,-87.1757,-55.0081,-75.9839,71.1728,-51.1912,8.41046,7.50592,7.07352,-6.87298,-76.5455,57.3918,-43.7935,-362.495,8.5484,5.72972,5.0906,0,LLLAFLLAILLAVLLTLLILI,AFLLAILLAVLLTLL,0.4484913342781993,0.0443541187304723,R,99999900.0,-30.910799999999995,0.0,11.081999999999994,748.5099999999998,-0.0412964422653004,0.0,0.014805413421330373,-0.02649156323896809
LLLYALLVALLATLLTLLILI_2,110011001100110000,1,-68.969,-70.0427,-72.5251,-235.886,-230.662,-246.044,-367.458,4622.4,3934.55,3882.79,-19.8253,639.056,-82.4278,572.303,-48.8886,-57.4011,61.2857,-45.4151,7.80265,3.38372,2.80301,493.568,-47.282,59.6907,-41.1998,270.32,8.0989,1.65054,1.0459,2,LLLYALLVALLATLLTLLILI,YALLVALLATLLTLL,0.428357480445293,0.0338332898075721,R,99999900.0,-33.53920000000001,3.5561000000000007,10.158000000000015,687.8499999999995,-0.04875946790724727,0.005169877153449159,0.014767754597659407,-0.028822126917205808
LLLLYWLLIILVALLLSLILI_1,110011001100110000,1,-60.4195,-60.4195,-60.4195,-249.271,-235.834,-252.955,-374.88,4687.23,3836.13,3717.73,-19.7994,-10.2259,-84.9883,-88.8524,-61.5053,-4.89486,118.066,21.5802,9.96687,3.17318,3.44418,-3.6983,-8.04023,93.8271,22.8656,-379.65,9.1939,0.372694,0.280101,1,LLLLYWLLIILVALLLSLILI,LYWLLIILVALLLSL,0.4350940996913954,0.1415881281274345,L,99999900.0,-23.482999999999997,0.0,3.684000000000026,851.0999999999995,-0.027591352367524396,0.0,0.004328516038068416,-0.02326330630948186
LLLLWTLIALLLVLFILLILI_0,110011001100110000,1,-45.1053,-45.1053,-45.1053,-238.402,-228.722,-251.915,-365.058,4649.49,3782.65,3651.32,-19.7989,18.6598,-101.349,-72.5709,-68.0377,-59.5643,75.5922,22.5219,10.0477,5.63959,5.27348,20.6897,-61.6036,59.611,18.0,-346.398,9.2414,3.78803,3.1822,0,LLLLWTLIALLLVLFILLILI,LWTLIALLLVLFILL,0.2835188249015858,0.0282590142405348,L,99999900.0,-33.3113,0.0,13.513000000000005,866.8399999999997,-0.038428429698675666,0.0,0.015588805315859917,-0.02284031655207421
LLLYTLLVSLLAILLTALILI_0,110011001100110000,1,-74.5157,-78.0865,-74.1983,-236.296,-227.561,-248.073,-369.806,4621.46,3916.77,3829.61,-19.7989,1707.94,-78.7928,1643.78,-47.5342,-53.8316,79.1888,-41.9814,8.59769,5.26523,4.95306,1389.28,-48.8798,66.5282,-37.3232,1338.13,8.4033,2.81328,2.3112,0,LLLYTLLVSLLAILLTALILI,YTLLVSLLAILLTAL,0.3781079368526558,0.0450092123861074,R,99999900.0,-31.2586,-0.31739999999999213,11.777000000000015,704.69,-0.04435794462813435,-0.0004504108189416511,0.016712313215740276,-0.028095900324965586
LLLLAVLLFILILLLSTLILI_0,110011001100110000,1,-74.0133,-74.1149,-74.1919,-246.451,-228.819,-246.873,-379.841,4590.95,3782.85,3568.65,-19.7868,54.3043,-79.1631,-22.6025,-58.7762,-49.1388,95.0011,16.0807,10.4479,6.69596,6.62098,38.8696,-51.4071,76.6816,21.371,-325.536,9.0684,4.56308,4.2133,0,LLLLAVLLFILILLLSTLILI,LAVLLFILILLLSTL,0.3103292153392987,0.1026781849906745,L,99999900.0,-20.386899999999997,0.17860000000000298,0.42199999999999704,808.0999999999999,-0.025228189580497464,0.00022101225095904343,0.0005222125974508069,-0.02448558346739265
LLLLYALLLLLIVLFILLILI_0,110011001100110000,1,-46.2247,-45.156,-45.156,-247.059,-224.122,-251.17,-359.138,4702.38,3881.06,3735.6,-19.7848,3452.24,-85.6392,3362.38,-62.8128,-66.143,88.08,18.5477,11.052,8.31225,8.13345,3445.04,-63.0338,71.0042,23.361,3093.1,9.4488,5.54064,5.1057,0,LLLLYALLLLLIVLFILLILI,LYALLLLLIVLFILL,0.1920290435700668,0.1063789873531298,L,99999900.0,-22.8264,-1.0686999999999998,4.11099999999999,821.3200000000002,-0.027792334291141085,-0.0013011980713972624,0.005005357229825146,-0.024089027419276283
LLLYWLLLALLVALLSTLILI_0,110011001100110000,1,-74.2355,-74.1453,-74.2355,-236.901,-226.976,-252.126,-376.027,4690.53,3938.59,3736.83,-19.7749,-4.9139,-84.6656,-79.8197,-49.6654,-11.4676,107.171,-41.9234,8.187,2.68826,2.79583,-3.84258,-15.029,89.2957,-37.6435,-380.941,8.2413,0.809265,0.6487,0,LLLYWLLLALLVALLSTLILI,YWLLLALLVALLSTL,0.3093606276746645,0.016626231517156,R,99999900.0,-35.0002,0.0,15.224999999999994,751.9399999999996,-0.046546532968055984,0.0,0.020247626140383543,-0.026298507859669668
LLLYSLLFTLLAVLLALLILI_1,110011001100110000,1,-69.1869,-61.4809,-58.7649,-236.453,-227.17,-249.81,-352.238,4665.0,3914.0,3830.85,-19.7698,3010.5,-66.368,2946.91,-43.6629,-42.2509,76.0937,-42.5515,8.36263,3.11029,2.75169,2394.65,-41.4867,66.182,-35.0,2642.05,8.3362,1.65757,1.1503,1,LLLYSLLFTLLAVLLALLILI,YSLLFTLLAVLLALL,0.3328839545936629,0.0837736104630845,R,99999900.0,-22.705099999999995,-10.421999999999997,13.357,751.0,-0.030233155792276957,-0.013877496671105188,0.017785619174434088,-0.026324633821571238
LLLLAVLLALLALLTSLLILI_0,110011001100110000,1,-74.2666,-74.2371,-74.2371,-224.477,-212.815,-237.699,-383.487,4487.59,3640.8,3691.12,-19.7677,-3.90413,-104.511,-100.339,-71.5501,-48.5642,98.9426,18.4768,8.47478,7.14188,7.12602,-4.56541,-53.3268,80.5799,18.6844,-387.391,8.9663,5.3773,5.086,0,LLLLAVLLALLALLTSLLILI,LAVLLALLALLTSLL,0.4763985877534686,0.0602815081475989,L,99999900.0,-32.960899999999995,-0.02949999999999875,13.222000000000008,846.79,-0.038924526742167474,-3.483744493912156e-05,0.01561426091474865,-0.023344276621122123
LLLLILLVALLFALLSTLILI_0,110011001100110000,1,-74.2058,-74.0543,-74.2058,-234.259,-226.8,-241.363,-369.875,4559.89,3841.15,3701.89,-19.7302,38.2217,-81.1398,-30.7983,-54.3061,-38.4963,86.8031,-39.4649,8.73562,3.99286,3.79491,32.0479,-39.3076,75.987,-35.0,-331.653,8.4047,2.65439,2.2942,0,LLLLILLVALLFALLSTLILI,LILLVALLFALLSTL,0.3632225887319103,0.0750359472037832,R,99999900.0,-26.833699999999993,0.0,7.104000000000013,718.7400000000002,-0.037334362912875285,0.0,0.009883963602971883,-0.02745109497175612
LLLYTLLAILVALLASLLILI_2,110011001100110000,1,-64.0603,-64.0132,-60.363,-232.57,-231.594,-244.901,-360.842,4555.13,3803.42,3704.49,-19.7271,57.5705,-83.9397,-7.665,-55.5784,-108.412,15.3291,26.0124,9.67437,4.83123,3.56117,57.3522,-107.84,2.594,18.2142,-305.719,9.3464,3.02619,1.5651,2,LLLYTLLAILVALLASLLILI,YTLLAILVALLASLL,0.3782037411376315,0.0520220472846032,L,99999900.0,-28.3613,-3.6972999999999985,12.331000000000017,751.71,-0.03772904444533131,-0.0049185191097630716,0.016403932367535373,-0.02624296603743465
LLLWYLLLVLLATLLSALILI_2,110011001100110000,1,-91.5745,-91.5976,-74.0443,-233.216,-232.749,-250.179,-374.185,4645.37,3991.05,3898.6,-19.7164,-18.7872,-69.1107,-68.6256,-49.9617,-52.5423,51.603,-44.4945,8.42529,1.34776,0.621803,-17.9215,-53.1248,51.1385,-44.4724,-393.781,8.4512,1.37242,0.639498,2,LLLWYLLLVLLATLLSALILI,WYLLLVLLATLLSAL,0.3392732365396154,0.0767856760571687,R,99999900.0,-19.148999999999994,-17.530199999999994,16.962999999999994,654.3199999999997,-0.029265497004523786,-0.026791478175816116,0.02592462403716836,-0.030132656804010283
LLLLYILTALLAVLLSLLILI_0,110011001100110000,1,-74.2185,-74.2779,-74.1772,-238.044,-217.247,-242.276,-375.095,4564.02,3750.39,3657.54,-19.6892,4890.34,-82.5212,4806.77,-58.642,-65.5786,57.3569,16.7811,10.0243,4.07997,3.44032,4429.25,-65.6186,40.6094,22.7525,4515.24,8.6996,1.82506,0.934201,0,LLLLYILTALLAVLLSLLILI,LYILTALLAVLLSLL,0.4495807155644999,0.0851303070501593,L,99999900.0,-23.87919999999999,-0.041300000000006776,4.231999999999999,813.6300000000006,-0.029348966975160668,-5.0760173543265054e-05,0.005201381463318703,-0.024199206027309694
LLLLYVLIALLLALTSLLILI_1,110011001100110000,1,-74.1527,-74.1771,-74.1527,-226.739,-208.289,-241.778,-371.917,4541.19,3633.63,3599.51,-19.6627,132.255,-90.6884,42.8041,-55.9864,-55.6442,63.451,20.6058,9.73519,3.41252,2.86428,129.482,-63.9013,40.5967,18.0,-248.408,9.2502,1.56575,0.674701,1,LLLLYVLIALLLALTSLLILI,LYVLIALLLALTSLL,0.4617136377533615,0.0500917699896121,L,99999900.0,-34.702,0.0,15.038999999999987,907.5599999999995,-0.038236590418264375,0.0,0.01657080523601745,-0.021665454625589504
LLLFALLLLLVSLLATLLILI_0,110011001100110000,1,-74.2438,-74.1111,-74.3103,-225.207,-222.454,-243.042,-373.439,4611.39,3695.36,3682.06,-19.6254,-6.0325,-93.6128,-82.906,-56.0862,-105.499,21.5298,26.7929,9.15896,5.23131,4.05426,-6.43227,-108.558,13.7253,22.6463,-379.471,9.4795,4.63662,3.3425,0,LLLFALLLLLVSLLATLLILI,FALLLLLVSLLATLL,0.3231324581376957,0.058932415776966,L,99999900.0,-37.526599999999995,0.06650000000000489,17.835000000000008,916.0300000000002,-0.04096656223049462,7.25958756809328e-05,0.019469886357433713,-0.021424407497571036
LLLAGLLYLLLGTLLSFLILI_0,110011001100110000,1,-74.9734,-71.4388,-74.1125,-229.157,-225.305,-250.22,-359.153,4568.01,3852.86,3615.85,-19.6213,-10.844,-74.6436,-73.253,-34.8203,-62.8116,71.85,-49.3039,7.16048,5.62149,5.19924,-12.851,-65.1522,61.6911,-42.5151,-369.997,7.5,4.60113,4.0265,0,LLLAGLLYLLLGTLLSFLILI,AGLLYLLLGTLLSFL,0.3090408134039466,0.1014004335374982,G,99999900.0,-39.8233,-0.8609000000000009,21.062999999999988,715.1500000000001,-0.055685240858561136,-0.001203803397888556,0.02945256239949659,-0.02743662168775781
LLLLALLIALLFVLLSTLILI_0,110011001100110000,1,-74.1615,-74.1615,-74.2403,-235.405,-226.97,-242.703,-370.178,4574.31,3831.41,3747.27,-19.617,-12.0409,-80.2287,-81.0876,-53.2353,-37.0104,88.1918,-39.0089,8.46695,3.95745,3.78033,-11.87,-37.1328,75.3172,-35.0,-382.219,8.3978,2.23774,1.8675,0,LLLLALLIALLFVLLSTLILI,LALLIALLFVLLSTL,0.2705427705263004,0.0286037945943094,R,99999900.0,-26.9934,0.07880000000000109,7.298000000000002,742.9000000000005,-0.03633517297079012,0.00010607080360748557,0.009823664019383492,-0.02640597657827431
LLLALLLLTLLFVLLSILILI_0,110011001100110000,1,-74.288,-74.288,-74.2636,-236.734,-230.717,-246.409,-385.484,4570.61,3842.67,3761.44,-19.6158,-11.1314,-94.0777,-91.6105,-64.8116,-31.0751,100.636,-43.303,8.80127,4.74709,4.75663,-5.43266,-36.2869,84.2404,-44.7529,-396.616,9.0,3.31549,3.0791,0,LLLALLLLTLLFVLLSILILI,ALLLLTLLFVLLSIL,0.3465488437346853,0.0458035137958217,R,99999900.0,-29.266099999999994,-0.024399999999999977,9.674999999999983,727.9399999999996,-0.040204000329697516,-3.351924609171084e-05,0.013290930571200907,-0.02694700112646648
LLLYTLLVSLLAILLTLLILI_2,110011001100110000,1,-74.5976,-74.4839,-74.1983,-238.904,-238.391,-252.133,-382.486,4655.97,3892.76,3832.76,-19.611,1708.92,-88.5959,1639.3,-56.1553,-53.8471,76.1943,-41.7289,8.62285,4.86329,4.50621,1466.81,-48.8798,66.5282,-37.3232,1323.3,8.4033,2.81328,2.3112,2,LLLYTLLVSLLAILLTLLILI,YTLLVSLLAILLTLL,0.3423140630105283,0.0714667256844689,R,99999900.0,-32.4406,-0.39929999999999666,13.229000000000013,763.21,-0.042505470316164626,-0.0005231849687504051,0.017333368273476518,-0.025695418036975406
LLLYWLLTLLVALLASLLILI_0,110011001100110000,1,-73.0074,-73.3699,-74.1717,-241.446,-223.663,-252.122,-374.863,4692.19,4013.78,3833.11,-19.6087,26.826,-80.0186,-51.0039,-48.5694,-98.8287,33.4617,25.6923,10.3645,5.84162,4.84355,33.9818,-100.223,12.091,21.0733,-348.037,9.5,3.16573,1.84709,0,LLLYWLLTLLVALLASLLILI,YWLLTLLVALLASLL,0.4897828516128926,0.0458149866677932,L,99999900.0,-31.449200000000005,1.1642999999999972,10.676000000000016,678.4099999999994,-0.04635721761176874,0.0017162188057369412,0.015736796332601267,-0.02890390766645541
LLLTALLALLLGVLLGILILI_1,110011001100110000,1,-51.1008,-51.3531,-44.96,-220.677,-218.679,-238.892,-356.174,4513.54,3616.49,3665.89,-19.5983,-17.1043,-103.994,-103.246,-72.3213,-70.281,58.6026,-34.4667,6.91668,4.95349,4.33253,-11.4271,-65.2659,57.7881,-36.226,-368.001,7.2064,4.09128,3.4581,1,LLLTALLALLLGVLLGILILI,TALLALLLGVLLGIL,0.7427010025863736,0.098935895379726,G,99999900.0,-31.672700000000006,-6.140799999999999,18.215000000000003,897.0500000000002,-0.0353076194192074,-0.00684554930048492,0.02030544562733404,-0.021847500139345628
LLLVILLLLLISLLFTLLILI_2,110011001100110000,1,-74.2829,-74.0844,-74.2829,-232.616,-220.718,-249.43,-389.418,4643.45,3719.08,3667.67,-19.5645,644.574,-102.083,549.959,-65.7053,-107.135,47.3925,19.5798,9.49391,8.96827,8.17915,58.6574,-105.337,33.689,23.5124,-339.687,8.7221,6.84857,5.85391,2,LLLVILLLLLISLLFTLLILI,VILLLLLISLLFTLL,0.4217958415256,0.0646157032626817,L,99999900.0,-36.377700000000004,0.0,16.813999999999993,924.3699999999999,-0.039354046539805496,0.0,0.01818968594826746,-0.021165226045847443
LLLTALLLLLVALLASLLILI_2,110011001100110000,1,-60.3638,-60.3638,-60.3638,-227.462,-225.387,-241.081,-379.82,4549.12,3698.64,3654.28,-19.5514,-17.5976,-111.546,-111.667,-78.3755,-104.636,20.4227,22.9858,9.20115,4.95248,3.75882,-10.0365,-108.465,3.31896,22.5121,-390.179,9.059,3.21781,1.76759,2,LLLTALLLLLVALLASLLILI,TALLLLLVALLASLL,0.4332816250273974,0.0203374195348667,L,99999900.0,-33.170500000000004,0.0,13.619,850.48,-0.03900209293575393,0.0,0.016013310130749695,-0.0229886652243439
LLLFYLLTALLITLLVLLILI_0,110011001100110000,1,-77.6866,-78.7622,-72.5928,-235.204,-232.766,-249.823,-363.752,4709.99,4021.36,3983.28,-19.5439,-18.1807,-70.4053,-70.4041,-41.3359,-26.8684,99.0136,-44.7603,9.11955,3.89709,3.8823,-18.46,-25.8235,96.0591,-44.6308,-381.932,8.886,3.34151,3.2824,0,LLLFYLLTALLITLLVLLILI,FYLLTALLITLLVLL,0.3148066978742533,0.0648274869553666,R,99999900.0,-29.069399999999995,-5.093800000000002,14.619,688.6299999999997,-0.04221338018965193,-0.007397005648897091,0.021229107067656083,-0.028380843123302805
LLLYTLLAVLALLLASLLILI_1,110011001100110000,1,-64.9068,-64.6758,-60.3379,-228.626,-218.469,-244.942,-361.487,4601.48,3767.71,3680.3,-19.5375,30.4049,-87.4914,-47.9367,-56.2072,-107.076,40.8755,21.8758,9.65381,8.07957,7.19271,25.2444,-108.95,21.1033,18.0,-335.58,9.3275,5.69144,4.50799,1,LLLYTLLAVLALLLASLLILI,YTLLAVLALLLASLL,0.2886299367375886,0.0247839757027442,L,99999900.0,-31.2842,-4.568900000000006,16.316000000000003,833.7699999999995,-0.03752137879751012,-0.005479808580303932,0.019568945872362895,-0.023432721254062885
LLLSYLLVFLLALLLATLILI_2,110011001100110000,1,-77.4797,-71.4096,-58.8168,-232.181,-230.938,-254.963,-359.995,4652.56,3744.95,3704.03,-19.5298,-7.96402,-69.8638,-65.6109,-46.2148,-65.8748,57.828,-42.7767,8.50494,4.188,3.55542,-11.22,-61.0036,57.271,-40.2845,-373.045,8.1019,3.38213,2.7412,2,LLLSYLLVFLLALLLATLILI,SYLLVFLLALLLATL,0.5081414456836996,0.0595224068409801,R,99999900.0,-23.649,-18.662899999999993,22.781999999999982,907.6100000000006,-0.026056345787287476,-0.020562686616498255,0.025101089675080672,-0.02151783254922267
LLLLVLLIALLFALLSTLILI_0,110011001100110000,1,-76.8003,-76.8345,-74.1998,-226.576,-221.758,-242.107,-370.007,4557.67,3798.1,3717.4,-19.5097,-10.9001,-86.1405,-82.3152,-53.7009,-26.7005,90.6297,-39.2713,8.06819,2.74008,2.59952,-10.474,-30.3621,80.2592,-40.3295,-380.907,8.3549,1.88931,1.5932,0,LLLLVLLIALLFALLSTLILI,LVLLIALLFALLSTL,0.3357742893325285,0.0272641208741129,R,99999900.0,-32.439600000000006,-2.6004999999999967,15.531000000000006,759.5700000000002,-0.042707847861289935,-0.0034236475900838582,0.020447095066945774,-0.025685190305041003
LLLLALLLFVLTLLLIILILI_2,110011001100110000,1,-58.9874,-59.0232,-58.9351,-241.497,-247.123,-248.533,-375.753,4628.2,3698.17,3663.59,-19.5071,827.315,-94.7756,757.707,-68.2853,-10.2636,97.477,13.9491,10.1009,1.19893,1.16108,808.316,-15.856,85.056,19.3699,447.8,9.4176,0.36096,0.1368,2,LLLLALLLFVLTLLLIILILI,LALLLFVLTLLLIIL,0.5093799732714819,0.0422029537221033,L,99999900.0,-26.49029999999999,-0.052300000000002456,7.035999999999973,930.0299999999997,-0.028483274733073126,-5.623474511575161e-05,0.007565347354386391,-0.02097469974086858
LLLYFLLILLLATLLSILILI_0,110011001100110000,1,-74.0893,-73.3918,-74.0893,-239.86,-229.946,-255.246,-371.62,4711.52,3933.94,3815.22,-19.4859,-12.7111,-77.156,-80.9928,-42.2839,-78.4795,56.5496,-40.5131,9.03067,5.90612,5.25436,-11.4157,-74.125,49.3644,-40.0371,-384.331,8.8024,4.28294,3.52341,0,LLLYFLLILLLATLLSILILI,YFLLILLLATLLSIL,0.1697310994009619,0.0725685516179692,R,99999900.0,-34.8721,0.0,15.385999999999996,777.5800000000004,-0.044846961084390013,0.0,0.019787031559453674,-0.0250596723166748
LLLYILLFTLLVALLSLLILI_1,110011001100110000,1,-74.2547,-74.2547,-74.2547,-243.629,-238.656,-252.717,-370.271,4684.52,4056.13,3854.64,-19.4644,-13.452,-71.8514,-70.8118,-43.2986,-43.9177,78.6986,-41.1481,8.86964,3.71197,3.39245,-9.40665,-36.8634,72.7299,-38.2609,-380.897,8.6793,1.84805,1.439,1,LLLYILLFTLLVALLSLLILI,YILLFTLLVALLSLL,0.1831010941193875,0.0383558471484573,R,99999900.0,-28.552799999999998,0.0,9.088000000000022,628.3900000000003,-0.045438024156972553,0.0,0.014462356180079279,-0.030975031429526234
LLLVALLAALLLSLLFTLILI_0,110011001100110000,1,-74.2011,-74.2011,-74.2011,-229.22,-221.6,-238.518,-367.516,4541.7,3737.28,3742.07,-19.4583,-11.0346,-83.5534,-82.7504,-54.7973,-30.3171,109.609,-36.2564,8.37572,5.84484,5.98898,-10.3663,-34.1773,93.3047,-37.4474,-378.551,8.3869,4.22273,4.1223,0,LLLVALLAALLLSLLFTLILI,VALLAALLLSLLFTL,0.3235706472280344,0.0193020687199757,R,99999900.0,-28.756099999999996,0.0,9.298000000000002,804.4199999999996,-0.035747619402799545,0.0,0.011558638522165045,-0.024189229506973983
LLLLALLTILLFVLASLLILI_0,110011001100110000,1,-74.2574,-74.2574,-74.2574,-236.271,-227.796,-242.437,-373.169,4564.63,3788.88,3771.02,-19.4462,-7.3683,-82.0875,-78.4838,-56.4749,-94.5108,33.3162,26.822,9.47073,5.17432,4.17406,-7.67119,-95.5434,21.4906,28.0,-380.538,9.3253,3.73274,2.5551,0,LLLLALLTILLFVLASLLILI,LALLTILLFVLASLL,0.3077015774109432,0.0530654239802744,L,99999900.0,-25.612600000000008,0.0,6.166000000000025,775.75,-0.033016564614888826,0.0,0.007948436996455076,-0.025067611988398325
LLLGALLGALLGTLLSFLILI_1,110011001100110000,1,-87.4046,-79.2998,-74.0016,-214.613,-211.765,-233.892,-347.22,4380.88,3839.76,3610.62,-19.4453,-11.4577,-64.6473,-67.6132,-39.3258,-74.0819,61.7998,-41.4594,6.59397,5.95525,5.38225,-14.6,-70.6341,63.5646,-35.8262,-361.156,6.7474,5.67633,5.1298,1,LLLGALLGALLGTLLSFLILI,GALLGALLGTLLSFL,1.1057933633392072,0.0448567217104505,G,99999900.0,-25.3215,-13.403000000000006,19.278999999999996,541.1199999999999,-0.04679461117681846,-0.024768997634535793,0.035627956830277946,-0.03593528237729155
LLLAILLLTLLFVLLSLLILI_0,110011001100110000,1,-74.2935,-73.869,-74.269,-237.908,-228.199,-246.205,-385.284,4579.18,3865.97,3705.72,-19.4385,20.1334,-92.5214,-63.0834,-64.8104,-30.2519,105.217,-49.2715,9.07138,5.24215,5.32041,12.7286,-36.2869,84.2404,-44.7529,-365.151,9.0,3.31549,3.0791,0,LLLAILLLTLLFVLLSLLILI,AILLLTLLFVLLSLL,0.3374991244742853,0.0346850028516,R,99999900.0,-27.711,-0.024499999999989086,8.297000000000025,713.2100000000005,-0.03885391399447565,-3.435173371095339e-05,0.011633319779588088,-0.027254945948598574
LLLLTLLIALLFVLLYSLILI_0,110011001100110000,1,-69.9621,-68.7451,-60.3755,-233.253,-226.368,-249.534,-359.651,4682.67,3837.48,3791.57,-19.4382,-11.2951,-75.8743,-75.8333,-49.7419,-53.535,93.8848,-43.2763,8.87317,7.20469,7.11296,-11.6764,-56.5161,78.9319,-42.5847,-370.946,8.925,5.63322,5.3172,0,LLLLTLLIALLFVLLYSLILI,LTLLIALLFVLLYSL,0.4496103099803362,0.0491834573763997,R,99999900.0,-26.132400000000004,-9.586600000000004,16.281000000000006,845.19,-0.030918964966457248,-0.01134253836415481,0.019263124267916095,-0.022998615695879028
LLLVYLLTILLALLLSALILI_0,110011001100110000,1,-74.1951,-74.1658,-74.1658,-232.624,-227.805,-243.083,-376.438,4604.85,3773.18,3763.14,-19.438,-15.27,-89.0567,-89.7375,-59.1891,-68.3409,66.737,-36.0561,8.11739,5.76063,5.26169,-15.2068,-65.4251,62.8523,-35.0,-391.708,8.0148,4.79882,4.2416,0,LLLVYLLTILLALLLSALILI,VYLLTILLALLLSAL,0.3737445877255703,0.0359821040934242,R,99999900.0,-29.867600000000003,-0.02929999999999211,10.459000000000003,831.6700000000005,-0.03591280195269757,-3.523031971814793e-05,0.012575901499392785,-0.023372251013021976
LLLATLLVGLLALLLGLLILI_1,110011001100110000,1,-51.6184,-51.7069,-44.9989,-222.001,-220.905,-236.7,-355.374,4555.5,3736.88,3537.52,-19.402,12711.0,-101.157,12628.3,-73.6755,-39.5575,77.1614,-42.75,7.3303,2.85041,2.50783,5831.27,-36.3008,67.5299,-37.7338,12384.6,6.896,1.06165,0.574598,1,LLLATLLVGLLALLLGLLILI,ATLLVGLLALLLGLL,0.4821304668988331,0.0805738564882862,G,99999900.0,-27.481499999999997,-6.619500000000002,14.698999999999984,818.6199999999999,-0.0335705211209108,-0.008086169407050894,0.017955828100950363,-0.023700862427011315
LLLAVLLATLLGGLLFALILI_0,110011001100110000,1,-59.4232,-59.3631,-58.6781,-215.8,-210.199,-230.495,-332.301,4468.78,3716.55,3569.43,-19.3888,-11.389,-76.466,-74.1276,-43.1279,-26.9128,83.1727,-41.3249,7.11344,1.76524,1.51283,-10.3595,-31.4809,69.1051,-41.7031,-343.69,7.1894,0.551324,0.0879006,0,LLLAVLLATLLGGLLFALILI,AVLLATLLGGLLFAL,0.3108780571162943,0.0091228968354264,G,99999900.0,-33.3381,-0.7451000000000008,14.694999999999993,752.2299999999996,-0.044319024766361376,-0.0009905215160256851,0.019535248527710943,-0.025775095383061046
LLLYTLLVALLSTLLFLLILI_1,110011001100110000,1,-88.6428,-82.2888,-74.2668,-231.359,-229.239,-252.732,-366.643,4733.37,3876.44,3815.23,-19.3866,-4.00014,-66.0271,-59.1155,-39.6435,-50.1877,80.7993,-48.5115,8.65642,4.93606,4.64805,-11.0066,-52.2698,72.8602,-43.2077,-376.492,8.6278,4.1766,3.7695,1,LLLYTLLVALLSTLLFLLILI,YTLLVALLSTLLFLL,0.2257702810407131,0.0701019218124265,R,99999900.0,-26.3836,-14.37599999999999,21.37299999999999,856.9299999999998,-0.030788512480599356,-0.0167761660812435,0.024941360437842057,-0.0226233181240008
LLLLTLLATLLAVLLSFLILI_0,110011001100110000,1,-81.1558,-81.3443,-74.1252,-227.309,-220.076,-241.577,-367.134,4569.83,3843.0,3807.02,-19.3799,-13.2225,-78.0492,-78.9363,-51.4316,-50.8196,93.9856,-37.7216,8.21937,6.81099,6.72078,-12.8387,-54.6721,77.5326,-37.7744,-380.356,8.1371,5.16771,4.8307,0,LLLLTLLATLLAVLLSFLILI,LTLLATLLAVLLSFL,0.3773577959745874,0.0271029107889441,R,99999900.0,-26.617599999999996,-7.030599999999993,14.268,726.8299999999999,-0.03662149333406711,-0.009672963416479772,0.019630450036459697,-0.02666359396282487
LLLYLLLGTLLGILLAFLILI_2,110011001100110000,1,-58.7658,-58.7658,-58.7658,-236.781,-234.728,-246.112,-341.177,4624.75,3948.89,3715.83,-19.353,1726.44,-64.9834,1678.76,-36.2992,-60.5419,67.9079,-44.2301,7.82123,4.74885,4.26747,1394.91,-52.9906,59.3407,-40.4383,1378.58,7.2557,2.45959,1.8497,2,LLLYLLLGTLLGILLAFLILI,YLLLGTLLGILLAFL,0.4702439785872953,0.0881506788952897,G,99999900.0,-28.684200000000004,0.0,9.330999999999989,675.8600000000001,-0.042441038084810465,0.0,0.013806113692184752,-0.028634628473352467
LLLLALLVALLISLLFTLILI_2,110011001100110000,1,-74.2745,-74.0471,-74.2452,-233.543,-233.228,-242.387,-368.147,4583.34,3922.64,3849.8,-19.3312,14.534,-79.6611,-46.3377,-51.5147,-14.4501,96.5974,-45.5343,8.27429,1.70818,1.65714,5.85431,-7.37837,95.3103,-41.7354,-345.002,8.6093,0.473646,0.403301,2,LLLLALLVALLISLLFTLILI,LALLVALLISLLFTL,0.4305902092736913,0.0561003279202824,R,99999900.0,-28.146400000000007,-0.02930000000000632,8.843999999999994,660.7000000000003,-0.04260087785681852,-4.4346904797951127e-05,0.01338580293627969,-0.02925866505221733
LLLSYLLAVLLATLLSLLILI_1,110011001100110000,1,-92.0693,-90.609,-74.099,-231.722,-231.779,-252.922,-381.438,4562.83,3831.18,3829.23,-19.3241,-16.3843,-76.9702,-75.4336,-54.4167,-64.8984,50.0755,-44.4651,8.59994,2.99496,2.2461,-16.0405,-63.2608,50.7505,-44.6742,-400.35,8.5537,2.84044,2.1017,1,LLLSYLLAVLLATLLSLLILI,SYLLAVLLATLLSLL,0.3432754635128945,0.0442074313056027,R,99999900.0,-22.553500000000007,-17.970299999999995,21.19999999999999,731.6500000000001,-0.03082553133328778,-0.024561333971161062,0.028975603088908612,-0.026411672247659397
LLLYVLLAALLFTLLSLLILI_0,110011001100110000,1,-74.1173,-74.1173,-74.1173,-242.179,-229.201,-249.511,-362.689,4687.71,3948.81,3826.16,-19.3118,-7.56006,-65.7048,-66.9315,-39.0609,-24.4496,109.49,-45.2716,8.50824,4.94854,5.09088,-7.64736,-34.3116,78.2924,-42.6631,-370.249,8.583,2.21621,1.8906,0,LLLYVLLAALLFTLLSLLILI,YVLLAALLFTLLSLL,0.2582250361031918,0.0169024712948688,R,99999900.0,-26.64390000000001,0.0,7.331999999999994,738.9000000000001,-0.0360588712951685,0.0,0.009922858302882654,-0.026135877655975095
LLLYALLFLLTSLLAVLLILI_0,110011001100110000,1,-77.8779,-74.9603,-74.2423,-226.679,-219.022,-249.858,-362.022,4680.45,3742.4,3761.25,-19.3107,-9.24611,-76.7757,-77.2859,-37.9212,-100.861,42.5716,16.232,8.5589,7.37628,6.51486,-8.438,-100.982,34.5253,20.0445,-371.268,8.836,6.30822,5.3261,0,LLLYALLFLLTSLLAVLLILI,YALLFLLTSLLAVLL,0.3415400620250701,0.0826018640174887,L,99999900.0,-38.8545,-3.6355999999999966,23.179000000000002,938.0499999999997,-0.041420499973348984,-0.003875699589574114,0.024709770268109384,-0.0205860028783114
LLLAALLFILLTLLLSVLILI_0,110011001100110000,1,-71.6672,-71.1943,-74.2627,-234.184,-230.036,-243.423,-372.882,4560.51,3829.08,3758.32,-19.3078,-14.9207,-86.3387,-86.5724,-55.197,-75.9556,53.71,-36.0063,8.63233,5.14419,4.44984,-15.5253,-76.3191,47.1656,-35.0895,-387.803,8.6159,4.31522,3.5227,0,LLLAALLFILLTLLLSVLILI,AALLFILLTLLLSVL,0.4406039393413925,0.0813238282755108,R,99999900.0,-31.1417,2.5955000000000013,9.239000000000004,731.4300000000003,-0.042576459811601915,0.0035485282255308098,0.01263142064175656,-0.026397331255212382
LLLLTYLLAVLAILLLSLILI_0,110011001100110000,1,-60.4638,-60.4638,-60.4638,-227.735,-216.873,-242.216,-364.684,4610.58,3647.5,3638.75,-19.3056,49.8992,-95.7906,-37.4481,-62.0048,-53.5012,83.2284,19.2137,9.5423,5.76101,5.50944,49.6045,-61.1862,61.8698,21.1994,-314.785,9.5,4.03035,3.4584,0,LLLLTYLLAVLAILLLSLILI,LTYLLAVLAILLLSL,0.3178221073265804,0.0220194927859795,L,99999900.0,-33.785799999999995,0.0,14.480999999999995,963.0799999999999,-0.03508099015658097,0.0,0.015036134069859198,-0.020045686754994393
LLLATLLVALLFLLLSALILI_2,110011001100110000,1,-68.8506,-67.4532,-60.3859,-225.948,-223.32,-241.474,-358.738,4595.85,3868.96,3796.65,-19.3006,-14.4627,-83.2405,-82.4275,-56.8789,-56.7821,86.7841,-42.4136,8.83628,6.73318,6.53494,-13.2643,-55.4498,78.0622,-36.6757,-372.251,9.0,5.35587,5.0268,2,LLLATLLVALLFLLLSALILI,ATLLVALLFLLLSAL,0.5031620155701032,0.0275891199081501,R,99999900.0,-26.361599999999996,-8.4647,15.525999999999982,726.8900000000003,-0.03626628513255098,-0.01164509072899613,0.021359490431839722,-0.026552298146899793
LLLYWLLVALLASLLTLLILI_0,110011001100110000,1,-74.253,-74.253,-74.253,-236.747,-234.512,-251.756,-373.887,4685.79,3762.16,3760.2,-19.295,-15.9137,-82.1822,-81.0358,-47.8789,-18.0574,92.3511,-40.7214,8.39816,1.676,1.56127,-15.7274,-18.646,87.7907,-39.994,-389.801,8.5175,1.14864,0.9655,0,LLLYWLLVALLASLLTLLILI,YWLLVALLASLLTLL,0.3874576230473929,0.0800324488020438,R,99999900.0,-34.30329999999999,0.0,15.008999999999986,923.6300000000001,-0.03713965548975238,0.0,0.016250013533557792,-0.020890399835431936
LLLVALLLFLIILLLTLLILI_2,110011001100110000,1,-58.9337,-51.8272,-58.9337,-235.021,-235.426,-248.583,-377.763,4653.96,3754.23,3660.37,-19.2825,30308.2,-103.091,30217.7,-70.2468,-109.787,22.5933,21.3663,10.2749,6.01815,4.85705,76.0614,-107.346,13.8119,25.8508,-309.484,9.3436,4.46651,3.17369,2,LLLVALLLFLIILLLTLLILI,VALLLFLIILLLTLL,0.4344204821456643,0.0370849034794341,L,99999900.0,-32.8442,0.0,13.562000000000012,899.73,-0.03650450690762785,0.0,0.015073410912162551,-0.021431429428828648
LLLYILLFVLIALLLTLLILI_1,110011001100110000,1,-58.8554,-58.8554,-58.8554,-241.638,-238.481,-254.74,-363.11,4707.79,3851.9,3807.92,-19.261,45.158,-81.8773,-20.6157,-49.5144,-110.373,33.7364,17.8126,10.2861,7.61032,6.61637,35.5274,-105.122,22.7647,23.6466,-319.394,9.4707,5.34153,4.183,1,LLLYILLFVLIALLLTLLILI,YILLFVLIALLLTLL,0.3833430962075358,0.0307320469079786,L,99999900.0,-32.3629,0.0,13.102000000000004,855.8899999999999,-0.0378119851850121,0.0,0.015308041921274936,-0.02250406010118123
LLLTFLLALLLGALLGSLILI_1,110011001100110000,1,-66.3337,-60.2601,-60.2601,-222.492,-219.847,-237.831,-347.849,4496.74,3677.29,3636.73,-19.2594,-7.99887,-78.2819,-75.7406,-49.7576,-72.3205,53.8252,-48.2685,7.07592,4.61447,3.92185,-9.24347,-75.8727,44.54,-43.5756,-358.009,7.3804,3.8938,3.0619,1,LLLTFLLALLLGALLGSLILI,TFLLALLLGALLGSL,0.7598644816194445,0.0353018344568774,G,99999900.0,-28.524299999999997,-6.073599999999992,15.338999999999999,819.4499999999998,-0.034809079260479596,-0.00741180059796204,0.018718652754896578,-0.023502837268899877
LLLVYLLAALLTALLSLLILI_2,110011001100110000,1,-74.2816,-80.8836,-74.2816,-229.523,-228.984,-239.187,-368.683,4591.0,3743.95,3882.16,-19.2558,-20.9218,-84.1341,-79.7374,-55.2146,-19.0198,104.227,-39.9815,8.93773,3.42367,3.48709,-17.2953,-22.0295,90.9785,-43.2966,-384.645,8.7631,2.08652,1.9512,2,LLLVYLLAALLTALLSLLILI,VYLLAALLTALLSLL,0.3396940005198674,0.0325588663621287,R,99999900.0,-28.919500000000006,0.0,9.664000000000016,847.0500000000002,-0.03414143202880585,0.0,0.011409007732719453,-0.022732778466442356
LLLSYLLVLLLGALLAFLILI_0,110011001100110000,1,-59.5449,-71.9213,-44.9973,-228.09,-230.429,-250.985,-344.807,4636.62,3761.85,3547.79,-19.2403,239.101,-76.4127,196.645,-48.8246,-57.5302,54.3842,-45.4912,7.86357,2.4714,1.78716,207.989,-52.4575,65.3118,-43.1135,-105.706,7.3978,3.18572,2.6654,0,LLLSYLLVLLLGALLAFLILI,SYLLVLLLGALLAFL,0.8560401277074362,0.0574554421062121,G,99999900.0,-27.588100000000004,-14.547599999999996,22.89500000000001,874.77,-0.03153754701235754,-0.016630199938269485,0.026172593938978257,-0.021994695748596776
LLLVALLLALLFTLLSILILI_1,110011001100110000,1,-74.091,-74.091,-74.091,-234.469,-231.183,-242.513,-375.321,4558.32,3688.2,3737.5,-19.2395,-13.7926,-86.0005,-83.8393,-58.7162,-43.4305,94.0047,-32.8281,8.15353,5.70521,5.61528,-11.9539,-39.6626,86.0874,-35.0,-386.531,8.2373,4.07119,3.8625,1,LLLVALLLALLFTLLSILILI,VALLLALLFTLLSIL,0.6546274941969833,0.0468134537516464,R,99999900.0,-27.2843,0.0,8.044000000000011,870.1199999999999,-0.031356939272743994,0.0,0.009244701880200447,-0.022111317979129318
LLLLVALLLTLIILLFLLILI_0,110011001100110000,1,-58.968,-58.968,-58.968,-238.711,-223.043,-248.505,-373.066,4654.91,3705.99,3614.38,-19.2146,18.77,-94.6018,-72.2845,-65.5928,-14.7072,99.8723,20.819,9.98936,2.18885,2.18693,20.4644,-15.856,85.056,19.3699,-354.296,9.4176,0.36096,0.1368,0,LLLLVALLLTLIILLFLLILI,LVALLLTLIILLFLL,0.2300016414360024,0.1013485212352337,L,99999900.0,-29.009,0.0,9.793999999999983,948.9200000000001,-0.030570543354550433,0.0,0.01032120726720902,-0.020248914555494667
LLLYFLLAVLLTLLFSLLILI_0,110011001100110000,1,-74.2252,-70.661,-74.2252,-231.01,-224.432,-250.427,-351.678,4734.05,3857.68,3775.39,-19.2007,-9.8904,-65.6441,-66.4754,-27.0259,-107.21,35.6149,28.7233,9.21446,7.38949,6.42371,-9.39583,-108.265,26.115,28.0,-361.569,9.2465,6.26528,5.15701,0,LLLYFLLAVLLTLLFSLLILI,YFLLAVLLTLLFSLL,0.1967059427143038,0.0526688600726393,L,99999900.0,-38.618199999999995,0.0,19.417,876.3700000000003,-0.04406609080639454,0.0,0.022156166915800395,-0.02190935335531795
LLLSYLLAVLLALLLSTLILI_2,110011001100110000,1,-93.02,-93.2515,-74.2184,-231.507,-232.237,-253.796,-383.615,4570.88,3780.39,3810.89,-19.1923,-16.6538,-78.2806,-74.7804,-55.6005,-65.0571,57.0641,-43.9224,8.35938,3.96221,3.31818,-17.2665,-66.724,58.8887,-41.9166,-401.431,8.6817,4.45857,3.8419,2,LLLSYLLAVLLALLLSTLILI,SYLLAVLLALLLSTL,0.4154811776374704,0.050306596020164,R,99999900.0,-22.68010000000001,-18.801599999999993,22.288999999999987,790.4900000000002,-0.02869119153942492,-0.02378474110994445,0.02819643512251892,-0.024278991511594065
LLLLALLVILLAFLLSTLILI_1,110011001100110000,1,-73.3511,-72.2873,-74.0793,-229.988,-227.585,-242.32,-368.13,4635.29,3854.52,3958.84,-19.1661,-9.46226,-83.9571,-77.7195,-51.7303,-64.965,56.9849,-44.3788,7.98469,3.93772,3.29249,-10.0628,-57.6508,57.7625,-43.362,-377.94,8.4393,2.94556,2.312,1,LLLLALLVILLAFLLSTLILI,LALLVILLAFLLSTL,0.3991246037971936,0.0350528182907144,R,99999900.0,-32.2268,0.7282000000000011,12.331999999999994,780.77,-0.041275663767818944,0.000932669031853172,0.0157946642417101,-0.02454769010079793
LLLYALLFTLLAVLLSLLILI_0,110011001100110000,1,-74.2363,-74.2363,-74.2363,-242.888,-234.913,-249.862,-361.491,4664.11,3871.11,3994.96,-19.1605,-8.95301,-63.527,-61.295,-37.3933,-66.0677,76.5849,-41.6758,8.11918,6.74912,6.3979,-8.50693,-62.5584,66.025,-45.0,-370.444,8.4703,4.79713,4.2875,0,LLLYALLFTLLAVLLSLLILI,YALLFTLLAVLLSLL,0.3520804371200035,0.0461801519467803,R,99999900.0,-26.133699999999997,0.0,6.9739999999999895,792.9999999999995,-0.032955485498108464,0.0,0.008794451450189146,-0.024162042875157642
LLLYLLLAVLLGTLLSFLILI_1,110011001100110000,1,-74.0075,-58.7596,-74.0075,-237.398,-232.453,-247.837,-359.722,4629.28,4031.28,3805.77,-19.1454,811.16,-67.4619,742.651,-37.8783,-44.5685,76.8981,-47.432,8.51336,3.56652,3.21999,674.24,-49.156,60.31,-42.3523,435.204,7.5,2.01525,1.4199,1,LLLYLLLAVLLGTLLSFLILI,YLLLAVLLGTLLSFL,0.2033028787384976,0.0446142480390299,G,99999900.0,-29.583599999999997,0.0,10.438999999999993,597.9999999999995,-0.04947090301003348,0.0,0.017456521739130437,-0.032015719063545174
LLLLIFLLAVLALLLSTLILI_2,110011001100110000,1,-74.2481,-74.2481,-74.2187,-231.603,-229.438,-241.523,-368.388,4589.49,3827.06,3694.13,-19.1372,-14.4255,-81.6742,-79.1277,-52.6463,-47.2638,84.8177,23.6671,9.2941,5.03996,4.81223,-5.62287,-52.6824,67.6516,25.6825,-375.108,9.1288,3.53533,3.0501,2,LLLLIFLLAVLALLLSTLILI,LIFLLAVLALLLSTL,0.3169209121587825,0.0290287562971156,L,99999900.0,-29.027900000000002,-0.02939999999999543,9.919999999999987,762.4299999999998,-0.038072872263683236,-3.8560917067790403e-05,0.013011030520834686,-0.025100271500334462
LLLYFLLATLLGVLLGLLILI_0,110011001100110000,1,-60.3161,-63.2456,-58.7598,-231.943,-224.451,-245.515,-338.688,4686.21,3808.71,3721.28,-19.1367,-13.2411,-65.5651,-64.2323,-34.4132,-79.0159,52.9073,-45.5555,7.65251,5.49487,4.78848,-12.7256,-75.4208,48.7219,-40.9997,-351.929,7.4067,4.39057,3.6214,0,LLLYFLLATLLGVLLGLLILI,YFLLATLLGVLLGLL,0.3702527072688759,0.0207241354902579,G,99999900.0,-31.151899999999998,-1.5563000000000002,13.571999999999974,877.5,-0.035500740740740735,-0.001773561253561254,0.015466666666666637,-0.02180820512820513
LLLTYLLFTLLALLLSVLILI_0,110011001100110000,1,-90.051,-90.6913,-74.1497,-231.776,-232.808,-255.071,-369.548,4749.87,3767.98,3801.58,-19.1047,-18.989,-66.8256,-65.0382,-40.3271,-63.8725,56.7075,-44.8491,8.51329,3.73639,3.087,-19.216,-63.1551,59.7836,-45.0,-388.537,8.4969,4.04405,3.4408,0,LLLTYLLFTLLALLLSVLILI,TYLLFTLLALLLSVL,0.4166196941104738,0.0345908811415611,R,99999900.0,-26.498499999999993,-15.901300000000006,23.294999999999987,981.8899999999999,-0.026987238896414054,-0.016194583914695138,0.023724653474421768,-0.01945706749228529
LLLFYLLVALLTTLLSLLILI_0,110011001100110000,1,-94.6206,-94.3176,-88.0236,-238.978,-232.876,-247.807,-371.345,4684.82,4012.47,3981.01,-19.0931,-11.635,-56.8397,-55.7863,-35.5145,-20.7895,99.14,-41.3936,9.16664,3.00232,2.98942,-11.211,-24.6133,82.1567,-42.3875,-382.98,8.9966,1.28315,1.0155,0,LLLFYLLVALLTTLLSLLILI,FYLLVALLTTLLSLL,0.405329050492007,0.0568565728547883,R,99999900.0,-21.325200000000002,-6.596999999999994,8.82899999999998,672.3499999999999,-0.031717409087528826,-0.009811853945117863,0.013131553506358267,-0.0283975607942292
LLLYVLLTLLLGILLFALILI_2,110011001100110000,1,-58.7757,-58.7757,-58.7757,-238.599,-226.794,-250.348,-350.144,4730.96,4006.92,3734.02,-19.0863,850.542,-71.856,785.968,-41.0202,-37.9337,86.1912,-35.012,8.98338,3.82587,3.61873,730.791,-36.0293,69.0807,-35.6829,500.397,7.2857,1.23029,0.766501,2,LLLYVLLTLLLGILLFALILI,YVLLTLLLGILLFAL,0.2234827840179625,0.0471628094069981,G,99999900.0,-30.835799999999992,0.0,11.749000000000024,724.04,-0.0425885310203856,0.0,0.01622700403292639,-0.026360836417877467
LLLLYVLLLALTILLFSLILI_2,110011001100110000,1,-74.1743,-74.0705,-74.2312,-238.553,-230.077,-248.216,-365.605,4638.24,3741.76,3575.26,-19.0859,6.84035,-71.9638,-54.6168,-43.1572,-57.6205,78.2159,26.2539,10.1537,5.70222,5.37546,10.2446,-60.6709,65.7431,20.4901,-353.645,9.5,4.47595,3.9621,2,LLLLYVLLLALTILLFSLILI,LYVLLLALTILLFSL,0.2297682302120999,0.0681559729636388,L,99999900.0,-28.806600000000003,0.05689999999999884,9.663000000000011,896.4799999999996,-0.032133009102266664,6.347046225236354e-05,0.010778823844369106,-0.021289822416562566
LLLVYLLLALLFTLLSLLILI_2,110011001100110000,1,-80.1831,-79.6794,-74.1354,-239.82,-238.0,-247.947,-372.667,4669.73,3891.31,3800.42,-19.0743,22.4084,-71.7382,-32.5796,-50.5852,-22.8986,92.1305,-37.8042,9.281,2.3724,2.25436,18.2102,-18.4173,84.5167,-38.5607,-355.431,9.0,0.672349,0.440099,2,LLLVYLLLALLFTLLSLLILI,VYLLLALLFTLLSLL,0.4911351925621265,0.0546965686700465,R,99999900.0,-21.153000000000006,-6.047699999999992,8.12700000000001,778.4199999999996,-0.027174276097736462,-0.00776919914699005,0.010440379229721762,-0.024503866807122132
LLLAYLLGVLLGALLSTLILI_0,110011001100110000,1,-84.06,-82.236,-74.1287,-209.247,-209.549,-236.948,-353.864,4478.35,3634.42,3725.25,-19.0675,-15.4525,-79.6243,-77.5311,-42.7875,-107.067,22.2827,-39.1564,6.93842,5.56823,4.40248,-15.2285,-103.231,29.5137,-38.6687,-369.316,7.3551,5.969,4.91171,0,LLLAYLLGVLLGALLSTLILI,AYLLGVLLGALLSTL,1.258535363808356,0.102309728750706,G,99999900.0,-36.836800000000004,-9.931300000000007,27.700999999999993,843.9300000000003,-0.04364911781782848,-0.011767919140213055,0.03282381240150248,-0.022593698529498885
LLLYWLLVALLLILLSTLILI_1,110011001100110000,1,-74.1845,-70.8865,-74.1845,-243.129,-242.578,-255.628,-382.047,4720.44,3795.96,3676.38,-19.0668,210.435,-83.8005,141.852,-52.2344,-24.1372,89.4698,-42.1112,9.26589,2.19901,2.04106,188.2,-15.7577,89.9497,-39.1893,-181.494,8.0,1.00686,0.856105,1,LLLYWLLVALLLILLSTLILI,YWLLVALLLILLSTL,0.2786041275680204,0.0678688075776098,R,99999900.0,-31.5661,0.0,12.498999999999995,924.4799999999996,-0.03414470837660091,0.0,0.013520032883350642,-0.02062435098650053
LLLAVLLIGLLFGLLSTLILI_0,110011001100110000,1,-76.3906,-76.638,-74.0695,-219.582,-215.259,-236.487,-353.112,4496.27,3708.46,3598.94,-19.0647,-14.1772,-76.2037,-75.3919,-42.5556,-32.3989,79.2822,-41.1424,7.45576,2.06292,1.75215,-10.5779,-35.7131,69.4343,-39.9439,-367.289,7.5,1.23059,0.772104,0,LLLAVLLIGLLFGLLSTLILI,AVLLIGLLFGLLSTL,0.5372886993226463,0.0064150839408874,G,99999900.0,-33.6481,-2.3211000000000013,16.905,787.8100000000004,-0.042710932839136316,-0.0029462687703887993,0.021458219621482328,-0.024199616658839046
LLLYVLLTALLFALLSLLILI_0,110011001100110000,1,-74.1974,-74.1293,-74.1974,-237.897,-230.546,-249.465,-362.932,4668.76,3876.51,3803.81,-19.0577,-11.015,-69.8952,-69.2708,-39.2692,-23.2583,104.484,-46.1442,7.98885,4.09403,4.16129,-10.9471,-28.5899,84.4588,-45.0,-373.947,8.1271,2.19042,1.9573,0,LLLYVLLTALLFALLSLLILI,YVLLTALLFALLSLL,0.3225114578230503,0.0472445569382648,R,99999900.0,-30.626000000000005,0.0,11.568000000000012,792.25,-0.038656989586620394,0.0,0.014601451562006958,-0.024055159356263806
LLLSYLLAVLLALLLATLILI_1,110011001100110000,1,-77.5882,-77.2671,-58.8379,-229.97,-226.885,-251.589,-359.695,4573.35,3758.31,3782.53,-19.0568,-11.2192,-71.1937,-66.7618,-49.2677,-65.074,50.712,-46.5097,8.36627,3.10722,2.36789,-14.404,-62.3589,45.8824,-44.1628,-373.816,8.2562,2.04796,1.2362,1,LLLSYLLAVLLALLLATLILI,SYLLAVLLALLLATL,0.4259760325093616,0.044126405979381,R,99999900.0,-21.92600000000001,-18.750300000000003,21.619,815.0400000000004,-0.026901747153513934,-0.023005373969375728,0.026525078523753423,-0.02338142913231251
LLLTGLLFGLLAILLSLLILI_1,110011001100110000,1,-60.4741,-61.7857,-60.3201,-227.258,-225.218,-242.1,-356.754,4569.77,3690.55,3694.94,-19.0554,-9.31552,-88.0777,-79.0661,-54.3339,-73.137,70.9944,-40.6621,7.536,7.0548,6.61971,-15.2273,-69.3499,66.3154,-44.3229,-372.843,7.423,5.85507,5.3498,1,LLLTGLLFGLLAILLSLLILI,TGLLFGLLAILLSLL,0.1761496871502021,0.0092560616169173,G,99999900.0,-33.74379999999999,-0.15400000000000347,14.841999999999985,879.2200000000003,-0.03837924524009916,-0.00017515525124542597,0.016880871681717865,-0.021673073860922175
LLLSYLLTVLLAALLSLLILI_1,110011001100110000,1,-91.5511,-85.1644,-74.015,-231.601,-230.554,-253.109,-381.895,4575.98,3844.75,3865.6,-19.0533,-8.15391,-77.7959,-74.3306,-54.7712,-69.4134,50.5957,-42.7289,8.21413,3.74244,3.00137,-10.1221,-64.7965,51.5402,-39.82,-398.029,8.0152,3.1774,2.4505,1,LLLSYLLTVLLAALLSLLILI,SYLLTVLLAALLSLL,0.4839581022322394,0.0215986882568306,R,99999900.0,-23.024700000000003,-17.536100000000005,21.50800000000001,731.2299999999996,-0.03148763043091779,-0.023981647361295374,0.029413454043187535,-0.02605650752841105
LLLFYLLVALLTTLLSALILI_0,110011001100110000,1,-94.7776,-94.3176,-88.0236,-234.331,-229.596,-243.77,-359.836,4642.84,4004.0,4008.18,-19.0371,-15.8217,-49.764,-51.7437,-28.0414,-26.139,88.958,-42.2903,9.17399,2.43018,2.26455,-15.8128,-24.6133,82.1567,-42.3875,-375.657,8.9966,1.28315,1.0155,0,LLLFYLLVALLTTLLSALILI,FYLLVALLTTLLSAL,0.357079720288058,0.0142959996396556,R,99999900.0,-21.722600000000003,-6.754000000000005,9.439000000000021,638.8400000000001,-0.034003193287834195,-0.01057228727067811,0.014775217581867164,-0.029799480308058346
LLLYTLLVALLSTLLFALILI_0,110011001100110000,1,-82.5864,-83.0178,-74.2668,-229.577,-226.133,-249.004,-355.221,4661.03,3848.4,3818.43,-19.0307,-8.3605,-62.0878,-54.4305,-31.9494,-53.6343,77.6912,-44.797,8.68809,5.03345,4.69882,-8.22923,-52.2698,72.8602,-43.2077,-363.581,8.6278,4.1766,3.7695,0,LLLYTLLVALLSTLLFALILI,YTLLVALLSTLLFAL,0.2620779076430237,0.022921209210835,R,99999900.0,-30.1384,-8.319599999999994,19.426999999999992,812.6299999999997,-0.037087481387593386,-0.010237869633166382,0.02390632883354048,-0.023418653015517526
LLLLVILTALLYLLLFLLILI_1,110011001100110000,1,-58.893,-58.8589,-58.893,-244.388,-238.057,-250.58,-365.291,4697.73,3812.14,3694.15,-19.0217,22.1436,-81.0323,-46.2317,-55.8179,-55.1895,63.3274,21.5039,9.97614,3.32762,2.77753,27.8594,-55.1176,48.7684,24.8389,-324.679,9.1107,1.35137,0.582896,1,LLLLVILTALLYLLLFLLILI,LVILTALLYLLLFLL,0.7538775529466779,0.1242475324160593,L,99999900.0,-25.214400000000005,0.0,6.192000000000007,885.5899999999997,-0.02847186621348481,0.0,0.006991948870244707,-0.021479126909743792
LLLLFLLLYVLILLLSTLILI_0,110011001100110000,1,-74.0536,-74.0751,-74.1831,-248.826,-235.74,-250.974,-375.976,4654.96,3690.8,3535.81,-18.9975,1079.26,-72.0939,1013.1,-50.8188,-45.4325,82.2123,20.6822,10.0727,4.41353,4.14672,1016.52,-51.2293,66.1027,23.4186,703.282,9.2593,3.10826,2.5998,0,LLLLFLLLYVLILLLSTLILI,LFLLLYVLILLLSTL,0.7676568468755272,0.1100992640431976,L,99999900.0,-21.275100000000002,0.12949999999999307,2.147999999999996,964.1599999999999,-0.02206594341188185,0.00013431380683703233,0.0022278460006637866,-0.01970367988715566
LLLLYLLVILLISLLFTLILI_0,110011001100110000,1,-74.2452,-74.0618,-74.2452,-247.132,-239.301,-251.478,-371.546,4701.5,4053.42,3798.91,-18.9937,142.358,-69.1626,84.1749,-45.823,-9.45984,106.331,-47.321,9.62632,2.27365,2.36861,109.083,-7.37837,95.3103,-41.7354,-229.188,8.6093,0.473646,0.403301,0,LLLLYLLVILLISLLFTLILI,LYLLVILLISLLFTL,0.3484733923439282,0.0553984250704423,R,99999900.0,-23.339599999999997,0.0,4.346000000000004,648.0799999999999,-0.03601345512899642,0.0,0.006705962226885576,-0.029307647204048888
LLLGALLALLLGTLLSFLILI_1,110011001100110000,1,-73.2479,-74.0609,-74.0304,-222.332,-220.306,-239.031,-360.141,4491.73,3710.52,3630.53,-18.9916,-16.9231,-83.5522,-82.6978,-47.0795,-70.2482,58.763,-37.0053,6.92891,4.97023,4.35168,-16.6858,-68.9875,54.3485,-39.7512,-377.022,6.8746,4.18517,3.5004,1,LLLGALLALLLGTLLSFLILI,GALLALLLGTLLSFL,0.2516100175709627,0.0429179293928561,G,99999900.0,-36.472699999999996,0.7824999999999989,16.699000000000012,781.2099999999996,-0.04668744639725556,0.001001651284545768,0.02137581444169944,-0.02431049269722611
LLLATLLVALLAGLLFSLILI_2,110011001100110000,1,-67.1666,-65.5799,-60.3111,-221.836,-218.522,-240.007,-348.713,4532.69,3670.59,3571.57,-18.9805,-15.4935,-78.6906,-80.1044,-48.3944,-39.2771,78.5222,-39.7114,7.74092,2.99207,2.6699,-15.1688,-35.1672,74.1308,-38.712,-364.247,7.5,1.78274,1.3947,2,LLLATLLVALLAGLLFSLILI,ATLLVALLAGLLFSL,0.4892729057748895,0.0767936445745115,G,99999900.0,-30.296200000000006,-6.855499999999999,18.170999999999992,862.0999999999995,-0.035142326876232484,-0.007952093724625917,0.021077601206356576,-0.02201658740285351
LLLSALLALLLGFLLGTLILI_0,110011001100110000,1,-67.2136,-71.8109,-58.7285,-225.824,-223.913,-243.603,-351.377,4499.07,3763.97,3566.7,-18.9606,39663.6,-77.3001,39607.9,-49.0454,-46.2644,67.7515,-53.406,6.65565,2.58611,2.10239,8172.89,-53.2783,54.8563,-43.0796,39312.2,6.5679,1.89735,1.2202,0,LLLSALLALLLGFLLGTLILI,SALLALLLGFLLGTL,0.6567555785283555,0.0918784427595448,G,99999900.0,-28.2547,-8.485100000000003,17.778999999999996,735.0999999999999,-0.03843653924636104,-0.011542783294789829,0.02418582505781526,-0.02579322541150864
LLLYLLLGALLAALLSTLILI_0,110011001100110000,1,-73.9835,-75.1557,-73.9835,-228.881,-216.843,-240.248,-362.523,4543.88,3800.19,3769.12,-18.9507,-5.43102,-78.6094,-75.9553,-48.2923,-78.1099,72.527,-41.2812,7.58123,8.00763,7.59554,-6.1512,-74.4436,60.1664,-43.4591,-367.954,7.3574,5.789,5.1915,0,LLLYLLLGALLAALLSTLILI,YLLLGALLAALLSTL,0.1580537045149471,0.0290362661765986,G,99999900.0,-30.317099999999996,0.0,11.36699999999999,743.69,-0.04076577606260672,0.0,0.015284594387446369,-0.025481988462934826
LLLLILLAVLTSLLFSLLILI_0,110011001100110000,1,-89.6761,-92.9537,-89.6761,-236.164,-215.021,-243.366,-387.66,4542.13,3749.56,3582.2,-18.9496,159.969,-80.7691,80.2834,-54.6172,-109.647,22.8379,21.8023,10.3502,6.03017,4.87273,146.251,-105.336,9.98133,18.0,-227.691,8.8545,3.64788,2.2976,0,LLLLILLAVLTSLLFSLLILI,LILLAVLTSLLFSLL,0.210438184688164,0.0583454460231038,L,99999900.0,-26.151899999999998,0.0,7.202000000000027,792.5700000000002,-0.03299632840001513,0.0,0.009086894532975037,-0.023909055351577772
LLLYALLVALLFTLLILLILI_1,110011001100110000,1,-58.8137,-58.8137,-58.8137,-242.455,-240.864,-250.969,-352.263,4708.32,3887.33,3825.79,-18.9447,-4.19462,-69.9387,-56.7798,-42.4801,-37.2645,94.4536,-37.885,9.10663,4.84092,4.75772,-6.05575,-35.5651,88.7149,-39.2404,-357.813,9.0,3.81128,3.642,1,LLLYALLVALLFTLLILLILI,YALLVALLFTLLILL,0.3254567695011554,0.0221983741438512,R,99999900.0,-27.458599999999997,0.0,8.513999999999982,820.9899999999998,-0.033445717974640375,0.0,0.0103704064604928,-0.02307543331831083
LLLLTLLIALLVALLSFLILI_0,110011001100110000,1,-68.3589,-67.8274,-60.4241,-229.527,-221.629,-242.582,-365.644,4586.82,3874.82,3789.32,-18.9412,-11.6257,-86.6998,-87.8135,-62.6384,-42.7303,98.7565,-35.409,8.04494,6.24167,6.22302,-11.3446,-47.682,80.7227,-35.7606,-377.27,8.0,4.54986,4.2607,0,LLLLTLLIALLVALLSFLILI,LTLLIALLVALLSFL,0.3551095793555595,0.052679417832195,R,99999900.0,-24.0614,-7.934800000000003,13.055000000000007,711.9999999999995,-0.03379410112359552,-0.011144382022471921,0.018335674157303392,-0.02660280898876406
LLLSYLLFTLLIILLTLLILI_0,110011001100110000,1,-90.0777,-86.2114,-72.6247,-240.741,-239.325,-262.253,-379.431,4683.17,3855.48,3726.96,-18.9364,396.672,-67.5491,342.778,-44.5531,-58.4924,63.8745,-41.0149,9.44909,3.89691,3.35503,388.182,-61.6436,55.2704,-42.3147,17.2411,8.0426,3.20804,2.5371,0,LLLSYLLFTLLIILLTLLILI,SYLLFTLLIILLTLL,0.2963421093847388,0.0357070357167716,R,99999900.0,-22.995999999999995,-17.45299999999999,21.511999999999972,827.69,-0.027783348838333184,-0.02108639708103274,0.02599040703645081,-0.02287861397383078
LLLTALLFSLLGILLALLILI_2,110011001100110000,1,-60.3586,-60.3586,-60.3586,-231.386,-228.3,-242.521,-360.536,4561.12,3667.76,3667.21,-18.9344,-14.301,-87.7255,-86.1788,-57.6565,-62.8569,68.4134,-42.2496,7.39717,5.16435,4.69055,-15.7994,-58.8131,62.5969,-39.1181,-375.824,7.175,3.77255,3.2115,2,LLLTALLFSLLGILLALLILI,TALLFSLLGILLALL,0.3339399371884203,0.03723115183973,G,99999900.0,-30.068999999999996,0.0,11.134999999999991,893.3599999999997,-0.033658323632130394,0.0,0.012464180173726152,-0.021194591206232658
LLLAFLLVLLLATLLSILILI_0,110011001100110000,1,-73.8516,-73.3918,-74.0893,-227.662,-221.66,-239.418,-367.998,4597.6,3769.39,3748.8,-18.9208,-13.6389,-85.405,-86.5848,-54.4904,-73.8773,56.864,-41.8012,8.76705,5.25824,4.6112,-13.5276,-74.125,49.3644,-40.0371,-381.637,8.8024,4.28294,3.52341,0,LLLAFLLVLLLATLLSILILI,AFLLVLLLATLLSIL,0.3120937349378113,0.0663607452204126,R,99999900.0,-30.9146,0.2376999999999896,11.756,828.2100000000005,-0.037327006435565836,0.00028700450368866526,0.014194467586723165,-0.022845413602830187
LLLLYVLLALLATLLSILILI_0,110011001100110000,1,-74.1368,-74.1368,-74.1368,-231.022,-215.555,-243.218,-374.43,4516.83,3706.64,3748.01,-18.9198,-0.399636,-88.1918,-85.1387,-57.0761,-51.129,78.8969,22.2514,9.48758,4.82042,4.50387,-1.26271,-53.8932,62.0075,22.5561,-374.83,9.1861,2.95499,2.3851,0,LLLLYVLLALLATLLSILILI,LYVLLALLATLLSIL,0.3091712189329589,0.0470301215260273,L,99999900.0,-31.115700000000004,0.0,12.195999999999998,810.19,-0.03840543576198176,0.0,0.01505325911206013,-0.023352300077759534
LLLLVALLLTLLALLIILILI_0,110011001100110000,1,-58.9316,-58.9316,-58.9316,-239.73,-224.213,-243.471,-383.41,4559.11,3799.2,3685.43,-18.9063,3231.49,-103.655,3131.23,-81.0075,-2.37942,115.198,16.5938,9.94716,2.40863,2.6366,3125.22,-16.1108,85.7945,18.2467,2848.08,9.3989,0.498883,0.285801,0,LLLLVALLLTLLALLIILILI,LVALLLTLLALLIIL,0.4932303980600117,0.0652334307107268,L,99999900.0,-22.647500000000008,0.0,3.741000000000014,759.9099999999999,-0.029802871392664937,0.0,0.004922951402139746,-0.024879656801463337
LLLVYLLLALLTALLSALILI_2,110011001100110000,1,-81.1251,-80.8086,-74.3056,-229.733,-226.333,-238.924,-302.039,4541.69,3878.93,3940.26,-18.8981,-16.1782,-10.0795,-11.0764,11.1905,-22.9651,93.9283,-34.5911,8.08447,2.62509,2.53401,-16.1766,-22.038,89.8673,-35.0,-318.587,8.0,1.93779,1.7858,2,LLLVYLLLALLTALLSALILI,VYLLLALLTALLSAL,0.3627296316209786,0.0169117077751575,R,99999900.0,-21.27,-6.819500000000005,9.191000000000003,662.7599999999998,-0.03209306536302735,-0.01028954674391938,0.013867765103506556,-0.02851424346671496
LLLTVLLASLLGALLAGLILI_1,110011001100110000,1,-68.3324,-68.0367,-60.1977,-214.702,-212.848,-229.881,-351.244,4383.93,3849.52,3728.88,-18.8964,-17.2473,-87.1056,-87.607,-61.165,-56.0974,63.6212,-41.6305,6.98586,3.50348,2.95779,-9.23711,-47.3686,64.4721,-36.7023,-360.52,7.1956,2.30902,1.7761,1,LLLTVLLASLLGALLAGLILI,TVLLASLLGALLAGL,0.7235870857499371,0.0326131319448909,G,99999900.0,-25.940599999999996,-8.13470000000001,15.179000000000002,534.4100000000003,-0.04854063359592818,-0.015221833423775762,0.028403285866656674,-0.03535936827529423
LLLAALLYALTSLLFVLLILI_0,110011001100110000,1,-74.2813,-74.1874,-74.1874,-224.133,-214.675,-242.396,-352.396,4555.11,3640.83,3638.78,-18.8851,-6.04954,-72.8664,-69.583,-35.8122,-100.609,47.8678,23.6746,9.14269,8.05348,7.2715,-6.96256,-98.844,36.4587,23.6923,-358.445,8.9895,6.24852,5.2954,0,LLLAALLYALTSLLFVLLILI,AALLYALTSLLFVLL,0.792515060345626,0.1248423906634262,L,99999900.0,-37.0542,-0.09390000000000498,18.262999999999977,914.2799999999997,-0.04052828455177846,-0.0001027037668985486,0.019975281095506826,-0.02065570722317015
LLLGYLLFALLGVLLASLILI_2,110011001100110000,1,-66.5501,-69.7084,-60.364,-222.468,-218.124,-239.959,-334.627,4548.52,3657.99,3625.4,-18.8823,53.0691,-64.4907,6.27465,-34.3036,-61.7198,65.9909,-46.6193,7.54651,4.66675,4.15661,44.2075,-62.4741,58.2239,-43.3401,-281.558,7.3625,3.73134,3.1047,2,LLLGYLLFALLGVLLASLILI,GYLLFALLGVLLASL,0.3020987307636873,0.0399212431697554,G,99999900.0,-30.1871,-6.186100000000003,17.491000000000014,890.5300000000007,-0.033897903495671095,-0.006946537455223292,0.019641112595869877,-0.02120344064770416
LLLVALLLALTFLLASLLILI_1,110011001100110000,1,-74.1948,-74.1704,-74.1704,-221.508,-219.205,-238.471,-366.52,4546.93,3617.13,3679.9,-18.8558,14.2798,-89.6728,-58.8647,-53.8779,-106.152,27.4195,23.6859,9.01215,6.12442,5.03571,12.065,-109.955,9.8457,19.6763,-351.276,9.3147,4.32242,2.97011,1,LLLVALLLALTFLLASLLILI,VALLLALTFLLASLL,0.3748653120985301,0.0209278180083448,L,99999900.0,-35.7949,-0.024399999999999977,16.962999999999994,929.8000000000002,-0.03849741879974187,-2.6242202624220232e-05,0.018243708324370823,-0.020279414927941487
LLLSYLLVLLLGFLLGTLILI_2,110011001100110000,1,-70.5311,-83.4234,-58.765,-234.34,-231.948,-252.774,-351.653,4623.37,3774.31,3503.53,-18.8445,484919.0,-65.6265,484883.0,-40.1133,-49.1496,66.6344,-51.5751,8.61123,2.86808,2.3676,422539.0,-50.2915,51.0798,-42.8435,484568.0,7.1438,0.939503,0.205701,2,LLLSYLLVLLLGFLLGTLILI,SYLLVLLLGFLLGTL,1.1232423379643877,0.0589705629017914,G,99999900.0,-25.51319999999999,-11.766099999999994,18.433999999999997,849.06,-0.03004875980496077,-0.013857795679928385,0.021711068711280708,-0.022194544555155113
LLLYTLLVALLATLLSALILI_1,110011001100110000,1,-88.3829,-80.7618,-74.0377,-225.915,-222.228,-244.725,-364.263,4634.59,3790.97,3808.72,-18.8302,-2.3793,-68.7957,-63.6523,-45.5001,-47.9675,79.9675,-43.8665,8.1425,4.49074,4.19026,-6.87762,-44.1843,73.3677,-43.7221,-372.824,8.0672,3.03228,2.6328,1,LLLYTLLVALLATLLSALILI,YTLLVALLATLLSAL,0.3417618708695136,0.0188888204192157,R,99999900.0,-23.295599999999993,-14.345200000000006,18.810000000000002,843.6200000000003,-0.027613854579075867,-0.01700433844621986,0.02229676868732367,-0.022320713117280285
LLLAALLVALLTLLLSFLILI_1,110011001100110000,1,-68.6318,-72.0821,-74.296,-234.535,-231.653,-239.549,-368.112,4508.29,3885.52,3850.2,-18.8282,-18.4169,-83.773,-82.7931,-54.2669,-80.9207,65.3632,-38.8074,8.64953,7.46213,6.94258,-11.3449,-76.9117,50.3237,-42.7175,-379.023,8.8117,4.83045,4.0853,1,LLLAALLVALLTLLLSFLILI,AALLVALLTLLLSFL,0.3952656400643876,0.0484541048212273,R,99999900.0,-29.506099999999996,5.664200000000008,5.01400000000001,622.77,-0.047378807585464935,0.009095171572169514,0.008051126419063234,-0.0302329913130048
LLLYFLLTILLIVLLSLLILI_0,110011001100110000,1,-74.1282,-73.7153,-74.1191,-250.055,-238.503,-258.019,-374.459,4774.46,4022.45,3851.81,-18.8167,659.747,-69.0932,597.506,-42.321,-74.0516,63.6359,-40.2337,10.1255,6.19858,5.65312,450.241,-72.8356,51.2424,-44.0229,285.287,8.2733,4.34306,3.6117,0,LLLYFLLTILLIVLLSLLILI,YFLLTILLIVLLSLL,0.1243546738978658,0.0779976176549191,R,99999900.0,-26.772199999999998,-0.00910000000000366,7.963999999999999,752.0100000000002,-0.03560085637159079,-1.210090291352995e-05,0.01059028470366085,-0.025021874709112903
LLLVGLLLALLGALLGTLILI_1,110011001100110000,1,-66.5072,-67.3011,-58.7749,-212.523,-208.751,-227.765,-347.492,4411.13,3825.03,3713.32,-18.8083,-14.0154,-87.2699,-85.4546,-60.9515,-53.6355,65.4338,-44.3043,6.56482,3.37889,2.8604,-7.68312,-46.3992,64.2808,-38.4034,-356.04,6.6622,2.13779,1.602,1,LLLVGLLLALLGALLGTLILI,VGLLLALLGALLGTL,0.3079077800657855,0.0393942052569321,G,99999900.0,-26.318400000000004,-7.732299999999995,15.24199999999999,586.0999999999999,-0.04490428254564069,-0.013192799863504514,0.026005801057839947,-0.03209059887391231
LLLLYVLLIILATLLLSLILI_0,110011001100110000,1,-74.1985,-74.1985,-74.1985,-231.393,-215.917,-247.102,-381.229,4583.32,3702.85,3635.2,-18.8044,94.9497,-94.4419,3.83664,-59.9282,-61.2784,83.1824,21.0923,9.99982,6.92138,6.66911,91.2066,-61.55,67.5867,27.3561,-286.279,9.3793,4.8567,4.3705,0,LLLLYVLLIILATLLLSLILI,LYVLLIILATLLLSL,0.2058334045745206,0.0861810163030775,L,99999900.0,-34.51370000000001,0.0,15.709000000000003,880.4699999999998,-0.039199177711903885,0.0,0.017841607323361396,-0.021357229661430832
LLLAALLALLLGTLLSFLILI_2,110011001100110000,1,-75.2221,-72.0256,-74.0925,-222.357,-220.466,-235.778,-359.2,4496.78,3829.01,3598.2,-18.8034,-10.3648,-80.4247,-77.0734,-49.3291,-69.471,65.8271,-39.859,7.58965,5.8073,5.2947,-17.8364,-66.9322,64.0684,-37.8112,-376.816,7.282,5.18907,4.6501,2,LLLAALLALLLGTLLSFLILI,AALLALLLGTLLSFL,0.2215060505806001,0.045651281987867,G,99999900.0,-31.095600000000005,-1.1295999999999964,13.420999999999992,667.7699999999995,-0.04656633271934952,-0.001691600401335785,0.020098237417074744,-0.028158497686329144
LLLYSLLVALLITLLTLLILI_1,110011001100110000,1,-81.6453,-68.7841,-72.5506,-241.179,-227.281,-252.358,-377.793,4650.23,3963.04,3839.45,-18.7966,2426.45,-73.7655,2344.72,-52.8846,-45.461,84.4622,-39.5925,9.18369,4.72155,4.48848,1985.92,-46.3688,65.1745,-35.0,2037.47,8.3786,2.25388,1.7315,1,LLLYSLLVALLITLLTLLILI,YSLLVALLITLLTLL,0.3826758082420479,0.0657483302303694,R,99999900.0,-20.880900000000004,-9.094700000000003,11.179000000000002,687.1899999999996,-0.030385919469142472,-0.01323462215689985,0.016267698889681177,-0.02735284273636114
LLLYALLVLLLGTLLAALILI_1,110011001100110000,1,-58.7698,-58.7698,-58.7698,-232.043,-225.911,-241.799,-350.792,4618.76,3967.0,3740.87,-18.7664,1996.9,-78.7457,1930.79,-50.2233,-62.7327,63.9866,-44.7511,7.70476,4.5481,4.0079,1617.18,-52.9906,59.3407,-40.4383,1636.6,7.2557,2.45959,1.8497,1,LLLYALLVLLLGTLLAALILI,YALLVLLLGTLLAAL,0.289398394313249,0.0373109719190975,G,99999900.0,-28.522399999999998,0.0,9.756,651.7600000000002,-0.043762121026144574,0.0,0.01496870013501902,-0.02879342089112556
LLLFVLLTTLLAILLSLLILI_0,110011001100110000,1,-90.8356,-81.1919,-87.9363,-237.094,-228.537,-245.64,-384.494,4587.12,3951.13,3754.36,-18.7577,360.997,-75.3216,286.232,-50.9173,-49.4791,76.8182,-47.3078,8.21424,4.29233,3.9446,348.519,-54.558,59.022,-40.1029,-23.497,8.2951,2.65167,2.037,0,LLLFVLLTTLLAILLSLLILI,FVLLTTLLAILLSLL,0.2079645227919591,0.0457965580911306,R,99999900.0,-24.404300000000006,-2.8992999999999967,8.545999999999992,635.9899999999998,-0.03837214421610405,-0.004558719476721328,0.013437318196826987,-0.029493702731175027
LLLAYLLFLLLGTLLSVLILI_0,110011001100110000,1,-80.1656,-70.9198,-74.0829,-230.078,-227.7,-245.327,-359.425,4611.83,3695.82,3622.35,-18.7524,-17.1796,-67.9343,-77.9853,-40.0156,-62.734,51.8436,-41.6217,7.29841,2.90899,2.18664,-14.0743,-63.9046,49.0674,-38.504,-376.605,7.2583,2.70979,1.9458,0,LLLAYLLFLLLGTLLSVLILI,AYLLFLLLGTLLSVL,0.2736272919892654,0.0889448400723365,G,99999900.0,-27.918699999999994,-6.082700000000003,15.248999999999995,916.0099999999998,-0.030478597395224943,-0.006640429689632214,0.016647198174692415,-0.020471828910164743
LLLGYLLFLLLGVLLASLILI_0,110011001100110000,1,-68.1197,-69.8516,-60.364,-222.657,-222.141,-244.081,-346.434,4629.71,3601.81,3564.96,-18.7467,48.2228,-74.4039,-6.21927,-41.9897,-61.1493,60.2249,-44.0092,7.61346,3.80276,3.20614,12.0559,-62.4741,58.2239,-43.3401,-298.211,7.3625,3.73134,3.1047,0,LLLGYLLFLLLGVLLASLILI,GYLLFLLLGVLLASL,0.7688217682538799,0.0430774996176576,G,99999900.0,-32.414199999999994,-7.755699999999997,21.423999999999978,1027.9,-0.03153439050491292,-0.007545189220741314,0.020842494406070607,-0.018237863605409084
LLLLALLLAVLFLLLSTLILI_0,110011001100110000,1,-72.6063,-71.0639,-74.2159,-232.791,-220.699,-242.654,-375.031,4569.5,3660.67,3666.98,-18.7292,-4.64655,-88.3634,-87.9149,-58.1615,-9.87522,107.688,20.1105,9.19412,2.51917,2.63449,-5.15792,-14.9392,90.1475,23.3548,-379.678,9.1433,0.910788,0.763,0,LLLLALLLAVLFLLLSTLILI,LALLLAVLFLLLSTL,0.3525431758657484,0.0164831850274666,L,99999900.0,-30.201900000000002,1.6096000000000004,9.863,908.8299999999999,-0.033231627477085926,0.0017710682966011252,0.010852414643002541,-0.020608034505903195
LLLAVLLITLLFTLLSALILI_2,110011001100110000,1,-87.975,-87.975,-87.9504,-233.022,-229.741,-242.041,-368.574,4518.44,3948.64,3710.76,-18.7273,-17.2899,-66.3041,-68.1474,-38.5823,-44.1632,88.2512,-50.3019,9.08787,5.03839,4.86216,-15.5194,-36.2869,84.2404,-44.7529,-384.003,9.0,3.31549,3.0791,2,LLLAVLLITLLFTLLSALILI,AVLLITLLFTLLSAL,0.4434949061446762,0.0308201508609902,R,99999900.0,-27.72180000000001,-0.024599999999992406,9.019000000000005,569.7999999999997,-0.04865180765180769,-4.3173043173029863e-05,0.015828360828360845,-0.03286644436644438
LLLYSLLAALLFVLLTILILI_2,110011001100110000,1,-62.8183,-60.5975,-58.884,-232.191,-230.547,-255.077,-351.184,4694.17,3902.91,3814.37,-18.7147,-12.4162,-74.8897,-72.4555,-37.2231,-52.8502,88.8583,-44.5519,8.65918,6.42341,6.25628,-14.8532,-48.2344,89.7923,-44.1079,-365.908,8.6399,5.85712,5.704,2,LLLYSLLAALLFVLLTILILI,YSLLAALLFVLLTIL,0.3024704030907755,0.0121539027768457,R,99999900.0,-37.6666,-3.9343000000000004,22.885999999999996,791.2600000000002,-0.04760331622981067,-0.00497219624396532,0.02892348911862092,-0.023651770593736566
LLLYFLLAILLAVLLTLLILI_0,110011001100110000,1,-58.8246,-58.8246,-58.8246,-233.354,-222.474,-251.806,-352.376,4725.38,3890.83,3850.17,-18.7028,-10.3504,-78.8998,-81.427,-41.7446,-83.2781,61.643,-46.8888,8.46304,7.31352,6.73817,-9.94466,-76.5455,57.3918,-43.7935,-362.726,8.5484,5.72972,5.0906,0,LLLYFLLAILLAVLLTLLILI,YFLLAILLAVLLTLL,0.2367962683225627,0.0245235691092631,R,99999900.0,-37.1552,0.0,18.451999999999998,834.5500000000002,-0.04452123899107303,0.0,0.022110119225930137,-0.02241064046492121
LLLLALLVALLFILLSTLILI_0,110011001100110000,1,-74.291,-74.2279,-74.1371,-237.913,-230.059,-242.53,-370.062,4576.59,3932.67,3753.16,-18.7015,29.0541,-76.5591,-36.721,-53.3945,-39.7267,87.894,-39.6777,9.25545,4.32469,4.1431,29.6256,-39.3076,75.987,-35.0,-341.008,8.4047,2.65439,2.2942,0,LLLLALLVALLFILLSTLILI,LALLVALLFILLSTL,0.2412496936228319,0.0099691239229266,R,99999900.0,-23.1646,-0.15389999999999304,4.61699999999999,643.9200000000001,-0.035974344639085595,-0.00023900484532238947,0.007170145359671993,-0.02904320412473599
LLLYILLIVLLALLLSFLILI_0,110011001100110000,1,-60.4532,-60.7032,-60.4181,-247.458,-235.977,-253.671,-367.041,4702.5,4065.57,3843.63,-18.6986,13.9943,-77.828,-56.3659,-52.9516,-65.4272,73.4448,-49.4318,8.84592,6.22912,5.8308,16.6956,-66.2569,59.5791,-43.0369,-353.046,8.9497,4.48171,3.8754,0,LLLYILLIVLLALLLSFLILI,YILLIVLLALLLSFL,0.1896196436940466,0.0333773610173669,R,99999900.0,-24.876400000000004,-0.03509999999999991,6.212999999999994,636.9299999999998,-0.03905672522883207,-5.510809665112323e-05,0.009754604116621914,-0.029357386211985626
LLLLLVLTALLYILFLLLILI_2,110011001100110000,1,-58.8611,-58.8366,-58.8366,-232.93,-233.72,-250.211,-365.812,4650.79,3720.03,3678.05,-18.6984,114.568,-92.7191,41.3129,-56.7646,-54.3325,63.6884,23.8298,9.48215,3.2478,2.70313,104.294,-64.2235,48.2111,27.3697,-265.613,9.5,2.64203,1.8652,2,LLLLLVLTALLYILFLLLILI,LLVLTALLYILFLLL,0.822667023694985,0.1084866097176801,L,99999900.0,-35.954499999999996,-0.024500000000003297,17.281000000000006,930.7599999999998,-0.038629184752245485,-2.6322575099921894e-05,0.018566547767415887,-0.020089389316257686
LLLTALLVGLLGLLLGFLILI_1,110011001100110000,1,-52.3473,-50.8227,-44.921,-220.624,-221.028,-238.495,-337.874,4528.1,3902.95,3748.99,-18.6812,-8.89136,-83.5835,-74.9141,-54.4578,-55.2814,57.5008,-48.8271,6.81375,2.5548,1.91732,-6.98986,-48.1591,65.1383,-40.7743,-345.83,7.1702,2.51753,1.9946,1,LLLTALLVGLLGLLLGFLILI,TALLVGLLGLLLGFL,0.2930896768439763,0.014171633087535,G,99999900.0,-29.125700000000002,-7.426299999999998,17.87100000000001,625.1500000000005,-0.046589938414780416,-0.011879228985043575,0.028586739182596167,-0.029882748140446266
LLLLALLFALLGILLSTLILI_2,110011001100110000,1,-74.2567,-81.2034,-74.1402,-226.934,-221.29,-237.47,-364.52,4493.39,3774.92,3687.85,-18.6792,4.47894,-82.0089,-57.5481,-52.9094,-60.3935,69.4893,-40.9753,7.3407,4.94007,4.48241,-12.3501,-58.8131,62.5969,-39.1181,-377.45,7.175,3.77255,3.2115,2,LLLLALLFALLGILLSTLILI,LALLFALLGILLSTL,0.2708023587833444,0.0944223658130876,G,99999900.0,-29.0995,-0.11650000000000205,10.536000000000001,718.4700000000003,-0.04050203905521454,-0.00016215012457027015,0.014664495386028641,-0.0259985803165059
LLLYALLFVLLILLFSLLILI_0,110011001100110000,1,-60.4445,-60.4445,-60.4445,-239.239,-227.025,-255.699,-352.041,4744.15,3961.59,3832.17,-18.6751,-9.44043,-71.0325,-74.0118,-35.8971,-106.473,49.7166,19.4063,9.81648,9.18266,8.42841,-8.06213,-109.225,30.3317,25.4032,-361.481,9.5,6.97853,5.93351,0,LLLYALLFVLLILLFSLLILI,YALLFVLLILLFSLL,0.1806114719610156,0.0578309080142304,L,99999900.0,-35.1354,0.0,16.460000000000008,782.5599999999995,-0.04489802698834597,0.0,0.021033530975260707,-0.023864112655898606
LLLLTVLLILLFILLSLLILI_1,110011001100110000,1,-60.541,-60.4098,-60.4247,-248.081,-243.029,-250.455,-384.547,4587.5,3705.51,3625.86,-18.6705,21.9291,-94.5955,-59.1791,-73.6675,-59.4948,81.3886,16.6913,10.184,6.41168,6.13251,30.9177,-56.6653,65.0607,18.0,-344.179,9.401,3.78299,3.2589,1,LLLLTVLLILLFILLSLLILI,LTVLLILLFILLSLL,0.0951549012186546,0.0572923330474942,L,99999900.0,-20.927999999999997,-0.11629999999999541,2.3740000000000236,881.9899999999998,-0.023728160183222036,-0.00013186090545243758,0.002691640494790218,-0.021168607353824878
LLLYSLLLALLFILLTILILI_1,110011001100110000,1,-65.5287,-62.3938,-58.8219,-238.702,-233.444,-255.562,-363.027,4699.66,4010.15,3676.38,-18.6589,921.786,-77.4543,854.598,-48.6425,-54.2069,83.3271,-42.9406,9.13473,5.88018,5.63009,868.271,-54.1112,74.7115,-35.0,567.825,8.1658,4.70273,4.3234,1,LLLYSLLLALLFILLTILILI,YSLLLALLFILLTIL,0.2154349735757505,0.0307519426620545,R,99999900.0,-28.811800000000005,-6.706800000000001,16.860000000000014,689.5099999999998,-0.04178590593319896,-0.00972690751403171,0.02445214717698078,-0.027061101361836676
LLLLAILLLLLAVLTFLLILI_0,110011001100110000,1,-58.8894,-58.8894,-58.8894,-242.778,-217.568,-244.568,-367.356,4601.36,3815.79,3644.99,-18.6512,441.327,-84.3401,350.428,-63.8985,-70.6509,56.3862,18.4789,10.643,4.70977,4.05556,355.488,-63.9013,40.5967,18.0,73.9704,9.2502,1.56575,0.674701,0,LLLLAILLLLLAVLTFLLILI,LAILLLLLAVLTFLL,0.3154674387646338,0.0124157377961985,L,99999900.0,-20.441600000000008,0.0,1.7900000000000205,785.5699999999997,-0.02602136028616166,0.0,0.0022786002520463118,-0.0237422508497015
LLLFALLTTLLAYLLSLLILI_0,110011001100110000,1,-91.6722,-91.6822,-87.9206,-232.367,-223.352,-246.469,-369.386,4650.1,3777.77,3781.58,-18.6474,-7.18394,-63.994,-61.535,-34.9957,-71.0466,72.2184,-43.8444,8.21308,6.90647,6.48974,-1.50969,-69.1839,65.3874,-37.2493,-376.57,8.3621,5.70489,5.1857,0,LLLFALLTTLLAYLLSLLILI,FALLTTLLAYLLSLL,0.51131969515697,0.0691705617261545,R,99999900.0,-28.9983,-3.7516000000000105,14.102000000000004,872.3300000000004,-0.03324235094516982,-0.004300666032350153,0.016165900519298886,-0.0213765432806392
LLLLLVLLLALITLLSALILI_0,110011001100110000,1,-74.1949,-68.9617,-74.1949,-231.875,-219.9,-240.899,-388.55,4548.56,3697.04,3690.46,-18.6325,-4.47516,-101.113,-104.163,-73.4564,-15.8204,98.8113,19.8442,9.02867,2.21258,2.19475,-3.97719,-18.4149,85.2371,18.9515,-393.025,8.7466,0.769243,0.547799,0,LLLLLVLLLALITLLSALILI,LLVLLLALITLLSAL,0.3538165866023844,0.0595965136306286,L,99999900.0,-27.656599999999997,0.0,9.024000000000001,851.5200000000004,-0.032479096204434406,0.0,0.010597519729425024,-0.021881459037955645
LLLYWLLTVLLALLFSLLILI_1,110011001100110000,1,-74.0871,-71.7703,-74.1887,-239.202,-228.459,-258.802,-369.664,4753.08,3893.18,3856.99,-18.632,-6.48787,-75.0061,-75.922,-36.6733,-110.082,18.4803,27.1649,9.42522,5.50713,4.28434,-12.2568,-107.621,8.37296,28.0,-382.224,9.5,3.7735,2.39909,1,LLLYWLLTVLLALLFSLLILI,YWLLTVLLALLFSLL,0.4472059104348207,0.0252490795168304,L,99999900.0,-38.332800000000006,0.10159999999999059,19.600000000000023,859.9000000000001,-0.044578206768228865,0.0001181532736364584,0.022793348063728364,-0.02166763577160135
LLLYALLLALLTVLLSALILI_2,110011001100110000,1,-74.2917,-74.2524,-74.3311,-236.859,-232.194,-244.698,-211.412,4630.79,3902.39,3899.26,-18.6199,-13.8651,81.1192,81.1697,107.617,-41.87,102.495,-37.8225,8.87564,6.6173,6.65473,-8.57348,-37.4133,92.6227,-39.292,-221.848,8.9987,4.61606,4.5054,2,LLLYALLLALLTVLLSALILI,YALLLALLTVLLSAL,0.344154254034448,0.0411976646282382,R,99999900.0,-26.497799999999998,0.039400000000000546,7.838999999999999,728.4000000000001,-0.03637808896210872,5.409115870400953e-05,0.010761943986820425,-0.025562740252608455
LLLLTLLIALLFILLYSLILI_2,110011001100110000,1,-70.1047,-68.3925,-60.3755,-231.667,-229.602,-250.965,-363.113,4689.62,3833.39,3774.95,-18.6163,-12.0965,-79.9579,-77.2147,-51.7721,-55.4831,84.7935,-47.48,8.57485,6.2696,6.0415,-10.1876,-56.5161,78.9319,-42.5847,-373.938,8.925,5.63322,5.3172,2,LLLLTLLIALLFILLYSLILI,LTLLIALLFILLYSL,0.2830592850689306,0.0291626491914633,R,99999900.0,-28.185799999999993,-9.729199999999992,19.298000000000002,856.23,-0.032918491526809375,-0.01136283475234457,0.022538336661878235,-0.02174217207993179
LLLAVLLLTLLGGLLFALILI_0,110011001100110000,1,-58.6781,-59.3631,-58.6781,-219.906,-213.457,-234.419,-343.063,4536.86,3808.13,3597.07,-18.6003,-12.3939,-83.0788,-82.6369,-49.9652,-25.4074,85.5509,-41.2339,7.54511,1.86049,1.64375,-12.4445,-31.4809,69.1051,-41.7031,-355.457,7.1894,0.551324,0.0879006,0,LLLAVLLLTLLGGLLFALILI,AVLLLTLLGGLLFAL,0.3006338217602333,0.0130998888085317,G,99999900.0,-33.1136,0.0,14.513000000000005,728.7299999999996,-0.04544014930083847,0.0,0.019915469378233384,-0.02552426824749909
LLLFYLLTALLAALLSLLILI_2,110011001100110000,1,-80.9697,-80.159,-74.1227,-228.721,-226.58,-240.981,-354.464,4644.94,3945.41,3971.24,-18.582,4.81508,-63.355,-42.9094,-39.36,-22.2082,94.4486,-41.5661,8.12555,2.58179,2.49852,-3.99017,-19.0498,93.1316,-41.4393,-369.522,8.233,1.93023,1.8272,2,LLLFYLLTALLAALLSLLILI,FYLLTALLAALLSLL,0.4046317303655879,0.0243716698507436,R,99999900.0,-23.994999999999997,-6.847000000000008,12.259999999999991,699.5299999999997,-0.03430160250453877,-0.009788000514631268,0.017526053207153367,-0.02656354981201665
LLLVALLLALLFALLSTLILI_0,110011001100110000,1,-76.6726,-76.6744,-74.1918,-224.326,-215.919,-238.521,-368.282,4530.69,3668.92,3678.26,-18.5641,-7.82115,-85.8474,-83.5102,-55.5691,-28.3226,92.6151,-37.6762,8.18028,3.25144,3.14066,-8.12864,-32.5709,73.9857,-37.3157,-376.103,8.2281,1.37371,0.983496,0,LLLVALLLALLFALLSTLILI,VALLLALLFALLSTL,0.3703086110391558,0.0222094772137841,R,99999900.0,-30.278299999999994,-2.480800000000002,14.194999999999993,861.7699999999995,-0.03513501282244684,-0.002878726342295512,0.016471912459240866,-0.02154182670550148
LLLYSLLAALLFVLLTLLILI_2,110011001100110000,1,-62.771,-62.09,-58.8796,-231.157,-231.034,-254.89,-354.323,4732.29,3874.28,3814.44,-18.5548,-17.77,-78.9499,-78.9696,-40.5538,-52.6871,85.9179,-44.6336,8.19064,6.00198,5.79075,-17.1153,-52.9619,83.5681,-45.0,-371.224,8.1807,5.72598,5.4795,2,LLLYSLLAALLFVLLTLLILI,YSLLAALLFVLLTLL,0.2434812446179012,0.0238833611511024,R,99999900.0,-38.3961,-3.8913999999999973,23.732999999999976,858.0099999999998,-0.044750177736856224,-0.004535378375543407,0.02766051677719372,-0.02162538898148041
LLLTILLFLLVALLLSLLILI_2,110011001100110000,1,-60.3716,-60.3716,-60.3716,-236.63,-219.904,-247.648,-377.135,4610.68,3728.6,3660.66,-18.5501,50.5792,-98.6838,-46.2801,-69.1155,-107.401,40.1445,16.5581,10.0199,8.02965,7.13182,41.0865,-107.997,20.181,18.0,-337.433,9.1137,5.42398,4.22669,2,LLLTILLFLLVALLLSLLILI,TILLFLLVALLLSLL,0.4499787676701166,0.1249833060123072,L,99999900.0,-29.568300000000008,0.0,11.018,882.0800000000004,-0.033521109196444764,0.0,0.012490930527843275,-0.02102995193179756
LLLAYLLFLLLGTLLGSLILI_2,110011001100110000,1,-74.0794,-66.2765,-74.0794,-229.639,-225.587,-241.475,-351.805,4577.62,3736.14,3437.89,-18.5291,734045.0,-66.6156,733985.0,-36.2515,-57.054,61.4497,-48.4534,8.10973,3.35381,2.77555,560307.0,-55.1264,51.6376,-40.2249,733651.0,6.7506,1.74004,1.0146,2,LLLAYLLFLLLGTLLGSLILI,AYLLFLLLGTLLGSL,0.3953210085038254,0.1436342615659446,G,99999900.0,-30.3641,0.0,11.835999999999984,841.48,-0.03608416123972049,0.0,0.01406569377762987,-0.022019655844464515
LLLYSLLAILLAVLLTFLILI_2,110011001100110000,1,-65.5974,-59.4033,-58.8872,-241.904,-234.587,-250.173,-345.267,4658.61,4049.94,3820.62,-18.5283,29048.5,-56.2944,28997.2,-36.2069,-47.8431,78.8932,-43.2729,9.84241,4.32705,4.01045,18023.4,-38.6138,67.2216,-35.9594,28689.8,8.7535,1.36698,0.875303,2,LLLYSLLAILLAVLLTFLILI,YSLLAILLAVLLTFL,0.2501339952377654,0.0622360284008952,R,99999900.0,-20.087500000000006,-6.710199999999993,8.269000000000005,608.6699999999996,-0.03300228366766888,-0.01102436459822235,0.01358535824009728,-0.03044063285524178
LLLLALLFALLTVLLSILILI_0,110011001100110000,1,-74.227,-74.3058,-74.3058,-234.211,-227.375,-240.559,-371.626,4551.58,3813.92,3859.34,-18.5194,-10.862,-81.7071,-80.8072,-56.7608,-38.0491,99.0405,-39.6083,8.46849,5.57783,5.56343,-10.892,-40.1021,85.4292,-41.8264,-382.488,8.4975,4.04826,3.8297,0,LLLLALLFALLTVLLSILILI,LALLFALLTVLLSIL,0.4633266516973342,0.0265033714536272,R,99999900.0,-24.946299999999994,0.07880000000000109,6.347999999999985,737.6599999999999,-0.03381815470541984,0.00010682428218962816,0.00860559065151965,-0.025105604207900666
LLLYALLLTLLAVLLSFLILI_1,110011001100110000,1,-74.1983,-74.1983,-74.1983,-237.277,-231.226,-249.893,-360.378,4698.51,4101.44,3955.82,-18.5169,9.65424,-67.4192,-45.2995,-36.2862,-47.2946,80.6996,-47.2248,8.74034,4.48863,4.19912,6.1141,-44.1306,71.9461,-44.111,-350.067,9.0,2.83231,2.4115,1,LLLYALLLTLLAVLLSFLILI,YALLLTLLAVLLSFL,0.3230757311892514,0.0219058845881114,R,99999900.0,-31.133000000000003,0.0,12.616000000000014,597.0700000000006,-0.05214296481149609,0.0,0.02112985077126635,-0.031012946555680206
LLLYALLVALLAFLLSLLILI_0,110011001100110000,1,-60.4117,-60.7452,-60.3026,-234.167,-227.12,-246.932,-350.332,4680.5,3944.82,3841.4,-18.5142,-13.8453,-74.2671,-76.312,-43.0972,-73.8882,65.4641,-40.2794,8.53997,6.42089,5.90285,-13.8526,-72.3455,59.1071,-38.7139,-364.177,8.3283,5.33129,4.7179,0,LLLYALLVALLAFLLSLLILI,YALLVALLAFLLSLL,0.3598745824281519,0.0329501758373726,R,99999900.0,-31.1699,-0.10910000000000508,12.764999999999986,735.6799999999998,-0.0423688288386255,-0.00014829817311875422,0.017351294040887328,-0.02516610482818617
LLLYILLTVLLAALLSFLILI_0,110011001100110000,1,-74.3085,-74.458,-74.1839,-243.325,-232.331,-248.544,-359.165,4642.86,4031.83,3874.0,-18.5085,-7.36986,-60.0407,-59.7461,-36.4373,-67.9472,65.2365,-37.2698,8.69906,5.49901,4.97756,-6.97962,-65.7574,54.5146,-35.0,-366.535,8.4926,3.72308,3.0408,0,LLLYILLTVLLAALLSFLILI,YILLTVLLAALLSFL,0.2421058656618643,0.0476445268558712,R,99999900.0,-23.6034,-0.12460000000000093,5.2190000000000225,611.0299999999997,-0.038628872559448815,-0.00020391797456753512,0.008541315483691513,-0.030290656759897238
LLLFGLLTALLGILLSLLILI_1,110011001100110000,1,-74.1833,-79.2264,-74.0663,-228.944,-219.867,-238.239,-360.952,4534.96,3715.18,3678.48,-18.4997,-15.0402,-76.3238,-76.8981,-48.6458,-59.777,84.4421,-36.7448,7.65595,6.86624,6.63288,-14.9277,-58.964,70.3833,-36.9712,-376.152,7.2253,4.84635,4.4021,1,LLLFGLLTALLGILLSLLILI,FGLLTALLGILLSLL,0.2415817710061094,0.1129416855758472,G,99999900.0,-27.678000000000004,-0.11700000000000443,9.295000000000016,819.7800000000002,-0.03376271682646564,-0.00014272121788773135,0.011338407865524914,-0.022566664226987724
LLLLVLLAALLATLLSFLILI_0,110011001100110000,1,-74.0464,-73.7253,-74.0464,-231.294,-219.951,-237.971,-365.544,4536.75,3997.03,3800.23,-18.4885,-3.45237,-78.6923,-75.3199,-53.5265,-31.6891,102.503,-43.9108,8.22803,5.09133,5.12888,-3.57611,-40.8345,76.2695,-41.1941,-368.997,8.0,2.92156,2.5656,0,LLLLVLLAALLATLLSFLILI,LVLLAALLATLLSFL,0.2359055547994674,0.0129036244159634,R,99999900.0,-25.165800000000004,0.0,6.6769999999999925,539.7199999999998,-0.04662751056103167,0.0,0.012371229526421099,-0.034255725190839706
LLLVTLLLSLLAGLLFALILI_2,110011001100110000,1,-66.9033,-65.9985,-60.2466,-221.796,-219.637,-237.106,-355.397,4562.05,3663.82,3627.31,-18.4841,-15.2707,-85.1818,-85.032,-58.0445,-38.5536,77.0938,-40.5468,7.33132,2.69069,2.3471,-13.0646,-33.3677,74.3197,-39.8132,-368.241,7.0315,1.53831,1.15311,2,LLLVTLLLSLLAGLLFALILI,VTLLLSLLAGLLFAL,0.3726866299807165,0.022688297745322,G,99999900.0,-27.137299999999996,-6.656700000000001,15.310000000000002,898.23,-0.030211972434677083,-0.007410908119301294,0.017044632221146033,-0.02057835966289258
LLLVALLLTLLAILLSFLILI_0,110011001100110000,1,-77.8059,-77.0921,-74.2015,-234.078,-226.411,-242.432,-372.719,4569.76,3890.07,3872.46,-18.4802,-9.30588,-79.3158,-78.5217,-56.0859,-53.8335,86.8865,-44.8632,7.74025,6.3047,6.108,-8.47139,-54.4223,72.8251,-42.2813,-382.025,8.0,4.49473,4.08711,0,LLLVALLLTLLAILLSFLILI,VALLLTLLAILLSFL,0.2840168498384605,0.0246590180774935,R,99999900.0,-23.229899999999994,-3.6043999999999983,8.353999999999985,679.69,-0.034177198428695425,-0.005303005782047695,0.012290897320837418,-0.02718915976401006
LLLYILLVALLATLLTLLILI_2,110011001100110000,1,-69.937,-65.5966,-72.5251,-236.447,-237.103,-249.011,-373.716,4642.72,4021.7,3806.06,-18.4761,638.875,-85.8082,567.859,-52.1803,-60.8217,54.5107,-48.5409,7.77115,2.9822,2.29986,581.446,-47.282,59.6907,-41.1998,264.115,8.0989,1.65054,1.0459,2,LLLYILLVALLATLLTLLILI,YILLVALLATLLTLL,0.3599114874549797,0.089106147845271,R,99999900.0,-33.6279,2.588099999999997,12.563999999999993,621.0200000000004,-0.05414946378538529,0.004167498631284009,0.02023123248848666,-0.02975121574184404
LLLTALLVGLLGILLFLLILI_0,110011001100110000,1,-48.7415,-52.0565,-44.9383,-229.304,-225.313,-243.695,-348.048,4606.67,3918.88,3650.15,-18.4757,6330.38,-88.4778,6259.71,-59.4148,-34.0678,88.5518,-48.4777,7.09923,3.56465,3.39293,6051.14,-45.1876,67.311,-43.6659,5982.34,6.6072,2.36513,1.8748,0,LLLTALLVGLLGILLFLLILI,TALLVGLLGILLFLL,0.2810691650954433,0.0767614305117744,G,99999900.0,-29.063000000000002,-3.803200000000004,14.390999999999991,687.79,-0.04225563035228777,-0.0055295947891071465,0.020923537707730547,-0.02686241439974411
LLLTYLLAALLGVLLGSLILI_0,110011001100110000,1,-67.0422,-70.1691,-60.2923,-223.455,-218.769,-241.433,-350.736,4505.04,3707.36,3567.89,-18.4718,28612.4,-78.7108,28550.6,-49.0102,-62.149,52.3359,-46.1704,7.15335,2.88769,2.17273,20629.6,-59.4498,45.2469,-38.8459,28261.7,6.6517,1.5258,0.704503,0,LLLTYLLAALLGVLLGSLILI,TYLLAALLGVLLGSL,0.4984632745109676,0.0385206013275011,G,99999900.0,-29.70060000000001,-6.749899999999997,17.97799999999998,797.6799999999998,-0.03723372781065091,-0.008461914552201381,0.022537859793400842,-0.023156905024571264
LLLYLLLAILVTLLASLLILI_0,110011001100110000,1,-67.0519,-70.6326,-74.2134,-233.75,-223.367,-248.065,-377.335,4609.26,3678.5,3798.67,-18.4576,-2.45685,-94.9902,-85.7921,-55.0561,-103.704,36.9999,22.0066,9.16451,7.05054,6.10554,-2.81875,-109.256,17.1194,24.9032,-379.792,9.5,5.19952,3.95631,0,LLLYLLLAILVTLLASLLILI,YLLLAILVTLLASLL,0.3022173855021877,0.0402291922079638,L,99999900.0,-39.9341,7.1614999999999895,14.314999999999998,930.7600000000002,-0.04290483046112853,0.0076942498603291805,0.015379904594095143,-0.019830676006704195
LLLVALLLALTLLLYSLLILI_1,110011001100110000,1,-74.2373,-63.8783,-74.2373,-230.19,-223.561,-244.437,-380.819,4619.55,3689.03,3712.75,-18.4574,44.5985,-94.8494,-48.7809,-62.145,-100.365,53.0886,22.3075,9.34464,8.72172,8.01805,5.2289,-104.589,32.737,27.3817,-377.237,9.4574,6.60784,5.59889,1,LLLVALLLALTLLLYSLLILI,VALLLALTLLLYSLL,0.2274400307426878,0.0959833078221159,L,99999900.0,-32.7044,0.0,14.247000000000014,930.52,-0.03514636977174053,0.0,0.015310793964664934,-0.019835575807075612
LLLYLLLTVLLAFLLSILILI_0,110011001100110000,1,-74.1476,-72.2831,-74.2723,-243.378,-233.085,-253.045,-367.581,4698.96,4117.07,4015.54,-18.4314,-7.26585,-68.4871,-69.4783,-40.2631,-50.8662,67.6663,-49.7722,9.02027,3.26487,2.77986,-8.46711,-57.4417,46.4343,-44.977,-374.847,9.0,1.38489,0.581405,0,LLLYLLLTVLLAFLLSILILI,YLLLTVLLAFLLSIL,0.2739373552952229,0.0271396904376171,R,99999900.0,-28.223999999999997,0.12470000000000425,9.667000000000002,581.8900000000003,-0.0485040127859217,0.00021430167213735274,0.016613105569781225,-0.03167505885992196
LLLVTLLLGLLFGLLAALILI_1,110011001100110000,1,-51.5282,-49.5476,-44.9466,-217.905,-216.785,-233.688,-336.872,4508.96,3751.58,3606.8,-18.4241,-10.024,-85.8631,-80.5635,-58.238,-37.1513,77.4898,-40.4386,7.22481,2.53381,2.19616,-10.2994,-33.3677,74.3197,-39.8132,-347.466,7.0315,1.53831,1.15311,1,LLLVTLLLGLLFGLLAALILI,VTLLLGLLFGLLAAL,0.7730593036007418,0.0649187697942711,G,99999900.0,-27.625100000000003,-6.581600000000002,15.782999999999987,757.3800000000001,-0.0364745570255354,-0.00868995748501413,0.02083894478333199,-0.024326097863687973
LLLLYLLLFVLTILLLSLILI_0,110011001100110000,1,-74.185,-64.3676,-74.1215,-239.242,-224.435,-252.419,-377.231,4654.41,3776.21,3668.67,-18.4186,91.1406,-82.2223,2.71209,-50.6908,-19.2137,97.0037,26.1598,10.573,2.47756,2.43262,91.2644,-14.7531,87.3716,27.6992,-286.09,9.2159,0.508126,0.318699,0,LLLLYLLLFVLTILLLSLILI,LYLLLFVLTILLLSL,0.1194784657808754,0.0785773945737486,L,99999900.0,-31.5315,-0.06350000000000477,13.177000000000021,878.1999999999998,-0.035904691414256444,-7.230699157367887e-05,0.015004554771122778,-0.020973126850375775
LLLLTLLAALLVALLSFLILI_0,110011001100110000,1,-67.1687,-67.8274,-60.4241,-224.048,-218.422,-237.578,-357.337,4578.09,3879.51,3835.63,-18.4071,-10.9774,-84.5282,-82.0653,-59.3353,-48.2132,91.057,-37.0027,7.86186,6.02467,5.89053,-10.6699,-47.682,80.7227,-35.7606,-368.315,8.0,4.54986,4.2607,0,LLLLTLLAALLVALLSFLILI,LTLLAALLVALLSFL,0.301935882900834,0.0206636537135143,R,99999900.0,-25.1929,-6.744599999999998,13.530000000000001,698.5799999999999,-0.03606301354175614,-0.009654728162844626,0.019367860517048873,-0.026349308597440526
LLLLYVLTALLLILFLLLILI_0,110011001100110000,1,-58.9645,-58.9574,-58.8545,-229.438,-222.73,-249.785,-363.393,4695.22,3699.26,3649.27,-18.3761,-9.44437,-93.3665,-91.1492,-54.753,-63.5573,64.3794,18.6364,9.45048,4.72482,4.19051,-6.93095,-62.8439,56.9541,19.0347,-372.837,9.5,3.61539,2.9697,0,LLLLYVLTALLLILFLLLILI,LYVLTALLLILFLLL,0.2421042236843245,0.0586308256053136,L,99999900.0,-38.6135,-0.10999999999999943,20.34700000000001,995.96,-0.038770131330575525,-0.00011044620265874073,0.02042953532270373,-0.018450640587975423
LLLSYLLTILLAALLSLLILI_0,110011001100110000,1,-92.5416,-91.6667,-74.04,-232.53,-231.442,-254.282,-386.207,4571.0,3874.05,3835.75,-18.3752,-18.7105,-79.5105,-81.8089,-57.8854,-65.2018,56.3778,-47.6382,8.98178,3.89126,3.23693,-17.2916,-64.7378,56.4022,-45.0,-404.918,8.8345,3.82497,3.171,0,LLLSYLLTILLAALLSLLILI,SYLLTILLAALLSLL,0.381345074388718,0.0281068206305118,R,99999900.0,-21.625099999999996,-18.501599999999996,21.75200000000001,696.9499999999998,-0.031028194275055602,-0.026546524140899634,0.03121027333381163,-0.026365162493722654
LLLTSLLLALLFVLLILLILI_2,110011001100110000,1,-56.0232,-55.4563,-45.1106,-232.936,-229.192,-255.804,-374.471,4631.45,3740.01,3661.11,-18.3676,235.236,-103.879,145.414,-73.5558,-54.5656,80.5764,-48.241,8.018,5.56265,5.2713,184.904,-59.3177,76.0637,-43.9776,-139.235,8.0334,5.66625,5.3072,2,LLLTSLLLALLFVLLILLILI,TSLLLALLFVLLILL,0.4048134594211925,0.0790840592086637,R,99999900.0,-30.3232,-10.912600000000005,22.867999999999995,891.4399999999996,-0.03401597415417752,-0.012241541775105459,0.02565287624517635,-0.020604415328008625
LLLSYLLTVLLGILLILLILI_0,110011001100110000,1,-77.2648,-83.1408,-58.786,-234.843,-234.859,-257.606,-379.011,4617.38,3812.04,3573.32,-18.3498,2080.97,-85.2525,2019.96,-62.6189,-48.5651,60.3462,-47.3203,9.33532,1.93149,1.33669,2077.18,-54.6356,53.237,-44.2238,1701.96,7.4728,1.88234,1.1809,0,LLLSYLLTVLLGILLILLILI,SYLLTVLLGILLILL,0.372644405608636,0.0437981384747648,G,99999900.0,-22.6336,-18.478799999999993,22.763000000000005,805.3400000000001,-0.028104403109245783,-0.02294533985645813,0.028265080587081236,-0.02278515906325278
LLLAALLGVLLGLLLSTLILI_0,110011001100110000,1,-83.4747,-82.2345,-74.1418,-206.414,-208.628,-232.295,-366.309,4415.52,3534.44,3668.71,-18.3405,-12.1462,-94.7614,-87.5928,-59.8723,-101.973,35.5194,-32.8948,7.41107,6.59102,5.62382,-12.1499,-103.231,29.5137,-38.6687,-378.455,7.3551,5.969,4.91171,0,LLLAALLGVLLGLLLSTLILI,AALLGVLLGLLLSTL,1.4421953415989506,0.1098044539237805,G,99999900.0,-34.88909999999999,-9.332899999999995,25.881,881.0800000000004,-0.039598106868842756,-0.010592568211740127,0.029374177146229613,-0.020815930448994404
LLLVSLLILLTALLALLLILI_1,110011001100110000,1,-68.0944,-68.7517,-58.959,-229.023,-219.474,-241.481,-379.554,4575.55,3767.91,3736.84,-18.3303,23.6778,-100.767,-67.6503,-79.1142,-99.1301,30.1931,26.3177,9.47547,5.44558,4.39848,23.3963,-101.776,11.63,23.7329,-356.076,9.4673,3.33645,2.0109,1,LLLVSLLILLTALLALLLILI,VSLLILLTALLALLL,0.4134915892934754,0.0332680158965237,L,99999900.0,-21.6528,-9.13539999999999,12.457999999999998,807.6400000000003,-0.026809964835817927,-0.01131122777475111,0.01542518944083997,-0.02269612698727155
LLLLVLLIALLAILLSFLILI_1,110011001100110000,1,-60.4892,-60.4892,-60.3345,-231.771,-231.446,-242.954,-365.949,4573.8,3996.37,3770.65,-18.3265,-9.28237,-92.0157,-83.2964,-62.661,-48.0026,77.9972,-43.5907,8.21681,4.23002,3.89998,0.55635,-40.8345,76.2695,-41.1941,-357.726,8.0,2.92156,2.5656,1,LLLLVLLIALLAILLSFLILI,LVLLIALLAILLSFL,0.1990704792895357,0.0443362446001096,R,99999900.0,-29.354699999999994,-0.15469999999999828,11.183000000000021,577.4300000000003,-0.05083681138839336,-0.00026791126197114494,0.01936684966143085,-0.031738046170098524
LLLYLLLFVLTALLASLLILI_2,110011001100110000,1,-74.2041,-74.2586,-74.1712,-233.953,-237.335,-248.834,-362.169,4639.99,3813.04,3725.3,-18.3176,178.341,-72.3297,127.765,-39.1639,-109.015,11.3795,25.2058,9.35853,4.38848,3.05917,60.791,-107.513,0.121037,18.1138,-301.458,9.2691,2.64329,1.14511,2,LLLYLLLFVLTALLASLLILI,YLLLFVLTALLASLL,0.2993482776306065,0.032415357701206,L,99999900.0,-33.165800000000004,-0.03289999999999793,14.881,826.9499999999998,-0.04010617328738136,-3.978475119414467e-05,0.017995042021887665,-0.02215079509039241
LLLYALLLALLTVLLSILILI_2,110011001100110000,1,-74.2524,-74.2524,-74.3311,-238.491,-236.655,-249.022,-378.3,4638.38,3896.87,3876.02,-18.3113,-17.015,-83.8675,-84.4073,-54.9469,-39.0115,100.859,-37.2716,8.95619,5.96764,5.98052,-11.3769,-37.4133,92.6227,-39.292,-390.4,8.9987,4.61606,4.5054,2,LLLYALLLALLTVLLSILILI,YALLLALLTVLLSIL,0.4428416293561659,0.0476425434220278,R,99999900.0,-28.920600000000007,0.07870000000001198,10.530999999999977,741.5100000000002,-0.039002306105109845,0.00010613477903199142,0.014202101117988935,-0.02469460964788067
LLLAYLLLTLLATLLSFLILI_1,110011001100110000,1,-95.1379,-93.6525,-87.879,-233.501,-231.285,-247.532,-372.683,4602.46,3844.51,3854.54,-18.3085,-11.3678,-62.3521,-59.1123,-37.2713,-40.9575,73.5379,-41.3424,8.44832,2.57124,2.17431,-10.9187,-40.5636,65.8644,-42.0543,-383.569,8.1749,1.47623,0.964196,1,LLLAYLLLTLLATLLSFLILI,AYLLLTLLATLLSFL,0.4139864910980763,0.0513183827747223,R,99999900.0,-25.080800000000004,-7.258899999999997,14.031000000000006,757.9499999999998,-0.03309030938716275,-0.009577016953624907,0.018511775183059583,-0.024155287288079693
LLLLAYLVALLFTLLSLLILI_2,110011001100110000,1,-74.1907,-74.1907,-74.1907,-236.322,-230.167,-243.498,-338.736,4618.61,3713.25,3782.75,-18.3041,453.527,-46.5274,419.148,-21.0471,-95.6904,33.0856,28.825,8.95743,5.32012,4.3164,5.35605,-95.5434,21.4906,28.0,-338.973,9.3253,3.73274,2.5551,2,LLLLAYLVALLFTLLSLLILI,LAYLVALLFTLLSLL,0.5272949818285643,0.0501461588098267,L,99999900.0,-25.4803,0.0,7.175999999999988,905.3599999999997,-0.028143832287708767,0.0,0.007926128832729511,-0.02021748254837855
LLLVLLLTGLLFILLAYLILI_2,110011001100110000,1,-58.6912,-58.6912,-58.7499,-234.869,-228.231,-245.263,-348.175,4651.51,3949.33,3631.15,-18.2744,1840.43,-72.8889,1779.18,-44.1614,-42.5278,75.6307,-54.9517,8.7108,3.08931,2.72377,1363.76,-38.7525,65.3789,-42.5319,1608.15,7.4041,1.13902,0.619703,2,LLLVLLLTGLLFILLAYLILI,VLLLTGLLFILLAYL,0.2109320158305463,0.0212788648392586,G,99999900.0,-28.727500000000006,0.058699999999994645,10.394000000000005,702.1800000000003,-0.040911874448147194,8.359679854167681e-05,0.014802472300549718,-0.026025235694551244
LLLTSLLFALLGILLILLILI_1,110011001100110000,1,-55.9013,-48.5566,-44.9798,-232.641,-224.562,-257.238,-363.853,4717.07,3813.59,3557.37,-18.2734,455.087,-93.5837,364.353,-61.6355,-57.0595,85.9086,-46.6478,7.91917,6.65658,6.44521,310.893,-60.6829,69.0631,-38.9844,140.456,7.1168,4.92595,4.4619,1,LLLTSLLFALLGILLILLILI,TSLLFALLGILLILL,0.2621206458388603,0.0241550432998172,G,99999900.0,-31.948199999999993,-10.921500000000002,24.59700000000001,903.4799999999996,-0.035361269756939845,-0.012088258732899463,0.027224731039978772,-0.02022557223181477
LLLYALLVFLLATLLSLLILI_2,110011001100110000,1,-74.1041,-68.6087,-74.1041,-243.537,-237.988,-250.098,-361.392,4678.47,4068.29,3876.69,-18.2674,-12.7151,-62.0178,-67.51,-37.1898,-84.5355,51.1742,-39.8773,8.7142,6.08884,5.35646,-11.5298,-76.4723,48.349,-40.0172,-373.009,8.4267,4.49796,3.72319,2,LLLYALLVFLLATLLSLLILI,YALLVFLLATLLSLL,0.3073092003692981,0.0473178136172756,R,99999900.0,-24.828000000000003,0.0,6.561000000000007,610.1800000000003,-0.0406896325674391,0.0,0.01075256481693927,-0.02993772329476546
LLLAVLLLTLLFTLLSALILI_2,110011001100110000,1,-87.9132,-83.3873,-87.8887,-230.87,-221.83,-242.075,-377.161,4511.77,3888.61,3653.33,-18.2674,1114.3,-76.6445,1042.36,-47.1971,-37.6314,78.6263,-43.2013,8.79235,2.75926,2.43865,1059.7,-35.8057,68.0349,-37.1662,737.142,8.9444,1.05557,0.576094,2,LLLAVLLLTLLFTLLSALILI,AVLLLTLLFTLLSAL,0.3345221612862319,0.0425993580100281,R,99999900.0,-29.447399999999995,-0.024500000000003297,11.204999999999984,623.1600000000003,-0.04725495859811281,-3.9315745554918934e-05,0.017980935875216604,-0.029314140830605285
LLLYYLLVLLLATLLSFLILI_1,110011001100110000,1,-74.1087,-74.1087,-74.1087,-239.206,-241.287,-255.778,-358.883,4772.21,3945.92,3888.04,-18.2577,-17.5158,-63.8254,-61.0024,-28.9955,-73.7975,55.1513,-43.8332,8.49183,5.01505,4.34232,-16.6316,-77.3567,49.5493,-44.6559,-375.833,8.4065,4.79266,4.0359,1,LLLYYLLVLLLATLLSFLILI,YYLLVLLLATLLSFL,0.207810297207849,0.0601411816932812,R,99999900.0,-34.8299,0.0,16.572000000000003,826.29,-0.042152149971559624,0.0,0.02005591257306757,-0.0220959953527212
LLLYALLTILLGVLLALLILI_2,110011001100110000,1,-58.789,-58.6991,-58.789,-237.95,-233.779,-245.883,-357.582,4618.72,3989.01,3773.99,-18.2544,764.808,-79.0965,699.705,-52.9091,-48.8336,84.3969,-48.0547,8.67829,5.21862,4.98457,762.448,-53.1809,65.2257,-42.5009,400.159,7.3951,3.28261,2.761,2,LLLYALLTILLGVLLALLILI,YALLTILLGVLLALL,0.4457716414772743,0.0099087409092698,G,99999900.0,-26.187400000000004,0.0,7.933000000000021,629.71,-0.04158644455384225,0.0,0.012597862508138699,-0.028988582045703575
LLLYILLSVLLALLLTALILI_0,110011001100110000,1,-74.3328,-70.7861,-74.179,-235.816,-229.148,-247.887,-377.114,4627.11,3849.64,3825.41,-18.2472,-10.2881,-85.2123,-87.4679,-55.0486,-75.8949,61.0592,-36.3435,8.91507,6.12723,5.54312,-10.2404,-73.6754,55.7586,-37.7359,-387.402,8.8202,5.07872,4.4151,0,LLLYILLSVLLALLLTALILI,YILLSVLLALLLTAL,0.1941280993380487,0.0266860460472297,R,99999900.0,-30.1637,-0.15380000000000393,12.070999999999998,777.4699999999998,-0.03879725262711102,-0.00019782113779310322,0.015526001003254146,-0.023469973117933817
LLLVGLLFALLIILLTLLILI_0,110011001100110000,1,-58.7972,-58.9326,-58.7972,-241.164,-226.271,-243.578,-360.343,4629.85,3895.19,3557.2,-18.2464,15929.8,-78.6279,15854.7,-57.9676,-61.2392,86.1053,-41.112,9.21108,7.3101,7.10168,12128.3,-65.6894,61.9546,-41.2702,15569.5,6.9355,4.71728,4.1466,0,LLLVGLLFALLIILLTLLILI,VGLLFALLIILLTLL,0.3739326300276259,0.0080631413410729,G,99999900.0,-20.6603,0.0,2.4140000000000157,734.6600000000003,-0.02812226063757383,0.0,0.0032858737375112495,-0.024836523017450242
LLLYVLLAILLTALLSFLILI_2,110011001100110000,1,-71.0161,-71.1458,-74.238,-240.005,-238.078,-249.425,-359.325,4637.2,3996.83,3906.01,-18.2354,-17.427,-66.539,-67.5288,-35.6621,-79.7107,49.4669,-35.7817,8.74329,5.13464,4.37664,-15.0091,-76.3191,47.1656,-35.0895,-374.591,8.6159,4.31522,3.5227,2,LLLYVLLAILLTALLSFLILI,YVLLAILLTALLSFL,0.2225692081795648,0.0712335329346686,R,99999900.0,-30.8769,3.221900000000005,9.420000000000016,640.3699999999999,-0.04821728063463311,0.005031310023892446,0.014710245639239842,-0.0284763496103815
LLLYALLTLLVALLLSLLILI_0,110011001100110000,1,-70.543,-70.6393,-74.1962,-234.654,-224.055,-249.152,-380.719,4672.51,3842.49,3819.79,-18.2227,29.0996,-93.7451,-56.9251,-57.3716,-101.746,26.3514,20.2285,9.21783,5.31931,4.21458,29.0378,-100.223,12.091,21.0733,-351.62,9.5,3.16573,1.84709,0,LLLYALLTLLVALLLSLLILI,YALLTLLVALLLSLL,0.4739208061767061,0.0632245378115654,L,99999900.0,-36.37349999999999,3.6531999999999982,14.49799999999999,830.0200000000004,-0.04382243801354181,0.004401339726753568,0.017467048986771382,-0.021954531216115264
LLLLYLLLAVLTALLASLILI_0,110011001100110000,1,-74.2439,-74.2439,-74.2439,-225.649,-210.168,-238.361,-364.798,4517.42,3652.9,3653.13,-18.2225,1.1375,-83.1271,-79.2482,-52.1935,-19.626,99.5982,19.8135,9.06343,2.88966,2.88363,1.94315,-16.1108,85.7945,18.2467,-363.66,9.3989,0.498883,0.285801,0,LLLLYLLLAVLTALLASLILI,LYLLLAVLTALLASL,0.3486213193330883,0.0574341416291832,L,99999900.0,-30.9336,0.0,12.711999999999989,864.52,-0.03578124277055476,0.0,0.014704113265164472,-0.02107817054550502
LLLVWLLTALLIALLSLLILI_1,110011001100110000,1,-74.275,-70.6787,-74.1631,-233.468,-233.046,-244.631,-386.285,4597.21,3604.01,3579.69,-18.2137,22.9335,-96.7557,-59.627,-67.4907,-23.6978,84.7367,-43.4684,8.76289,1.49413,1.26518,15.7594,-18.646,87.7907,-39.994,-364.54,8.5175,1.14864,0.9655,1,LLLVWLLTALLIALLSLLILI,VWLLTALLIALLSLL,0.4274438346308322,0.013250410264084,R,99999900.0,-29.265,-0.11190000000000566,11.163000000000011,993.1999999999998,-0.02946536447845349,-0.0001126661296818422,0.011239428111155874,-0.018338401127668148
LLLLYILLLVLITLLFSLILI_1,110011001100110000,1,-74.2374,-64.4083,-74.2374,-237.529,-223.699,-251.601,-372.0,4670.6,3667.61,3514.47,-18.178,58350.2,-78.4117,58266.3,-46.1612,-54.4862,78.0707,22.1688,10.5012,5.21248,4.88354,52619.6,-62.5739,62.4261,19.1703,57965.0,9.1885,4.31361,3.75,1,LLLLYILLLVLITLLFSLILI,LYILLLVLITLLFSL,0.3911378500510669,0.064300702145966,L,99999900.0,-32.250499999999995,0.0,14.072000000000003,1002.9900000000002,-0.03215435846818013,0.0,0.014030050150051345,-0.018123809808672068
LLLTGLLAALLGILLSLLILI_0,110011001100110000,1,-70.7094,-69.0259,-60.3521,-222.674,-221.738,-243.489,-372.546,4432.7,3633.07,3688.87,-18.1752,-14.3614,-97.3384,-96.144,-68.7058,-62.9443,65.7926,-45.4167,6.72265,4.82364,4.31053,-14.1401,-63.9595,61.7605,-42.8864,-386.908,6.8445,4.43159,3.858,0,LLLTGLLAALLGILLSLLILI,TGLLAALLGILLSLL,0.2239240088826792,0.0635178869221054,G,99999900.0,-28.632599999999996,-10.357300000000002,20.814999999999998,799.6299999999997,-0.035807310881282604,-0.012952615584707936,0.02603078924002352,-0.022729512399484772
LLLYSLLVALLAILLFLLILI_2,110011001100110000,1,-56.4339,-52.4165,-45.0385,-229.283,-228.572,-252.675,-348.874,4752.26,3891.34,3782.22,-18.158,-11.8351,-81.316,-79.7205,-51.1605,-56.5091,75.8973,-47.9011,8.24716,5.2225,4.86096,-9.118,-54.4223,72.8251,-42.2813,-347.815,8.0,4.49473,4.08711,2,LLLYSLLVALLAILLFLLILI,YSLLVALLAILLFLL,0.21091625416706,0.0530196820774401,R,99999900.0,-30.155500000000004,-11.395400000000002,23.392000000000024,860.9200000000001,-0.03502706407099382,-0.013236305347767506,0.027170933420062285,-0.021091390605398875
LLLYVLLATLLALLLSALILI_0,110011001100110000,1,-74.2106,-74.1934,-74.1811,-237.367,-225.498,-244.516,-368.08,4603.09,3972.81,3821.62,-18.1572,-7.86317,-74.6598,-76.2519,-49.3825,-71.0523,73.8908,-45.2408,8.10293,7.1331,6.74146,-5.61232,-64.0417,66.015,-43.5351,-375.943,8.0775,5.01828,4.5085,0,LLLYVLLATLLALLLSALILI,YVLLATLLALLLSAL,0.2819509823002451,0.0287811488521084,R,99999900.0,-25.277300000000004,-0.02949999999999875,7.149000000000001,630.2800000000002,-0.04010487402424319,-4.680459478326893e-05,0.011342577901884874,-0.02880814875928158
LLLAALLTILLAYLLSLLILI_0,110011001100110000,1,-76.5386,-76.962,-74.2921,-228.595,-225.627,-241.863,-370.893,4573.66,3776.19,3784.78,-18.1506,-15.1043,-83.9103,-83.4086,-54.7379,-67.2037,71.4014,-37.9605,8.76019,6.21974,5.79076,-14.0397,-68.8108,64.9165,-37.632,-385.998,9.0,5.58535,5.0591,0,LLLAALLTILLAYLLSLLILI,AALLTILLAYLLSLL,0.4269279507553019,0.0610695766017769,R,99999900.0,-29.172400000000003,-2.2464999999999975,13.268,797.4699999999998,-0.03658118800707238,-0.0028170338696126476,0.016637616462061272,-0.02276022922492383
LLLTYLLAALLVSLLFILILI_0,110011001100110000,1,-66.6668,-60.4142,-60.3847,-234.064,-233.826,-253.456,-356.753,4646.47,3854.99,3772.45,-18.1505,-12.7508,-74.172,-75.2631,-42.9115,-29.774,84.8129,-42.1935,8.71743,2.41584,2.18803,-12.3214,-26.7295,90.6651,-42.4324,-369.503,8.456,2.74922,2.6092,0,LLLTYLLAALLVSLLFILILI,TYLLAALLVSLLFIL,0.2402613735903024,0.0293386721168466,R,99999900.0,-31.2605,-6.282099999999993,19.391999999999996,791.4800000000005,-0.039496260170819204,-0.00793715570829331,0.024500934957295176,-0.02293235457623691
LLLLIFLLWLLTALLIVLILI_2,110011001100110000,1,-62.4091,-49.1125,-58.7529,-244.343,-238.257,-250.196,-368.694,4675.27,3918.4,3647.06,-18.1456,72.7928,-80.0874,-8.53216,-59.7458,-53.9155,79.6797,23.9821,10.5116,5.34408,5.03928,69.758,-46.4232,73.5428,21.0786,-308.794,9.1869,3.39176,2.9949,2,LLLLIFLLWLLTALLIVLILI,LIFLLWLLTALLIVL,0.763383976502486,0.1267983063302566,L,99999900.0,-20.3416,-3.6562000000000054,5.853000000000009,756.8700000000003,-0.026875949634679656,-0.004830684265461709,0.007733164215783432,-0.023974526669044875
LLLTYLLVALLIALLSLLILI_1,110011001100110000,1,-66.9506,-60.4016,-60.4016,-232.188,-231.685,-250.242,-371.462,4622.86,3827.12,3771.24,-18.1437,-17.0511,-90.467,-96.426,-60.8179,-20.4846,91.9557,-44.502,8.6634,1.98671,1.86605,-14.2729,-20.3478,93.4489,-39.1406,-387.967,8.6526,2.16777,2.0695,1,LLLTYLLVALLIALLSLLILI,TYLLVALLIALLSLL,0.3668868464440138,0.0294796322952534,R,99999900.0,-29.649099999999997,-6.548999999999992,18.054000000000002,795.7399999999998,-0.03725978334631916,-0.008230075150174673,0.02268831527885994,-0.022801040540880193
LLLIILLLALLTVLLSFLILI_0,110011001100110000,1,-74.2719,-74.2719,-74.2719,-235.536,-218.924,-244.63,-377.852,4594.47,3949.26,3861.63,-18.1367,-1.57717,-86.1806,-86.2334,-58.9506,-33.8765,107.332,-43.6964,8.76423,6.07129,6.18127,-1.57755,-39.2116,82.5884,-44.5047,-379.429,8.7478,3.53117,3.27,0,LLLIILLLALLTVLLSFLILI,IILLLALLTVLLSFL,0.4238911641270882,0.0280154695743585,R,99999900.0,-27.229999999999997,0.0,9.093999999999994,645.21,-0.042203313649819434,0.0,0.014094635854992939,-0.028109762712915175
LLLLVILTALLALLLFLLILI_0,110011001100110000,1,-58.893,-58.8589,-58.893,-244.286,-218.988,-243.012,-366.078,4607.67,3821.11,3722.29,-18.1352,46.0149,-81.0342,-42.216,-64.1733,-55.5072,70.7118,21.805,10.121,4.37218,3.93286,47.7518,-55.1176,48.7684,24.8389,-320.063,9.1107,1.35137,0.582896,0,LLLLVILTALLALLLFLLILI,LVILTALLALLLFLL,0.4635474262874752,0.0831487518054837,L,99999900.0,-16.8609,0.0,-1.274000000000001,786.56,-0.021436254068348252,0.0,-0.001619711147274208,-0.023056346623270954
LLLLILLLFILALLLSVLILI_0,110011001100110000,1,-60.4286,-60.4286,-60.4286,-233.769,-214.589,-246.282,-376.307,4606.25,3724.71,3642.36,-18.1345,70.1449,-100.243,-31.1439,-69.5958,-49.1287,86.3488,26.7318,9.53166,5.52639,5.32162,65.4677,-56.9271,66.5563,23.7083,-306.162,9.2343,4.02416,3.5225,0,LLLLILLLFILALLLSVLILI,LILLLFILALLLSVL,0.3026456538073407,0.0524230178103778,L,99999900.0,-30.647199999999998,0.0,12.513000000000005,881.54,-0.03476552396941716,0.0,0.014194477845588409,-0.020571386437370963
LLLSALLVLLLGTLLAFLILI_2,110011001100110000,1,-63.7723,-58.8025,-58.8025,-228.353,-228.058,-246.211,-356.357,4560.73,3812.38,3658.27,-18.1274,271.356,-82.3585,201.86,-51.343,-61.5088,54.0231,-45.7127,7.55078,3.01945,2.3298,254.15,-58.1657,52.5749,-41.2091,-96.5643,7.4407,2.32247,1.61109,2,LLLSALLVLLLGTLLAFLILI,SALLVLLLGTLLAFL,0.2595881428924944,0.0893339003276907,G,99999900.0,-31.015500000000003,-4.969799999999999,17.858000000000004,748.3499999999995,-0.041445179394668304,-0.006641010222489481,0.02386316563105501,-0.024223157613416202
LLLLALLVALLSTLLIFLILI_0,110011001100110000,1,-77.281,-76.9446,-74.3231,-230.301,-222.209,-242.481,-373.895,4569.29,3866.78,3767.13,-18.125,-9.41564,-84.4378,-84.1568,-57.0906,-59.7819,81.4301,-45.3935,7.95406,6.46035,6.1818,-9.06281,-61.8682,69.5584,-44.3006,-383.31,8.0,5.17062,4.714,0,LLLLALLVALLSTLLIFLILI,LALLVALLSTLLIFL,0.4073961884190374,0.0579385103697543,R,99999900.0,-27.347199999999994,-2.9579000000000093,12.180000000000007,702.5099999999998,-0.03892784444349547,-0.004210473872258061,0.01733783148994322,-0.025800344479082155
LLLYSLLFALLGALLILLILI_1,110011001100110000,1,-56.2133,-48.7815,-44.9875,-229.9,-226.809,-246.85,-340.36,4651.82,3936.21,3676.01,-18.1246,184.052,-72.371,119.282,-48.5225,-54.0795,86.1946,-43.6845,8.00745,6.2482,6.04112,143.425,-60.6829,69.0631,-38.9844,-136.871,7.1168,4.92595,4.4619,1,LLLYSLLFALLGALLILLILI,YSLLFALLGALLILL,0.2268139870700973,0.0311905338355975,G,99999900.0,-23.848499999999994,-11.2258,16.94999999999999,715.6099999999997,-0.033326113385782764,-0.01568703623482065,0.02368608599656237,-0.025327482846802044
LLLLIVLTALLALLFSLLILI_1,110011001100110000,1,-74.2485,-74.2485,-74.1249,-230.781,-228.665,-241.087,-372.422,4531.43,3698.94,3637.58,-18.0933,-16.4866,-85.4861,-85.9956,-57.21,-50.5296,63.1288,25.7171,9.20694,2.60181,2.04875,-6.03733,-52.9378,51.7149,25.2458,-380.742,9.0311,1.42218,0.697903,1,LLLLIVLTALLALLFSLLILI,LIVLTALLALLFSLL,0.3150088180064801,0.0438573579561555,L,99999900.0,-28.276099999999992,-0.12360000000001037,10.305999999999983,832.4900000000002,-0.03396569328160096,-0.00014847025189493006,0.01237972828502442,-0.02173395476221936
LLLLTILLFLLIVLYLLLILI_0,110011001100110000,1,-45.0625,-45.0625,-45.0625,-243.367,-229.053,-255.26,-364.583,4725.05,3755.67,3653.75,-18.0828,804.63,-94.2365,714.163,-64.2604,-52.804,71.9031,21.423,10.1262,4.12752,3.70607,719.106,-59.6597,51.275,27.3954,440.047,9.319,2.37108,1.6402,0,LLLLTILLFLLIVLYLLLILI,LTILLFLLIVLYLLL,0.247885723345631,0.1373414513776694,L,99999900.0,-29.976100000000002,0.0,11.893,969.3800000000001,-0.030922961067899067,0.0,0.012268666570385193,-0.01865398502135385
LLLTYLLIALLLALLFVLILI_0,110011001100110000,1,-51.7198,-45.0398,-45.0398,-235.885,-234.05,-251.887,-352.157,4646.2,3774.85,3728.26,-18.0796,13.9268,-82.6314,-59.1407,-55.2298,-19.7449,88.5358,-45.8929,7.99518,1.41407,1.24211,13.4993,-15.7577,89.9497,-39.1893,-338.23,8.0,1.00686,0.856105,0,LLLTYLLIALLLALLFVLILI,TYLLIALLLALLFVL,0.4142404739853151,0.0038074957820237,R,99999900.0,-27.401600000000002,-6.68,16.00200000000001,871.3499999999999,-0.031447294428186154,-0.0076662649911057555,0.018364606644861434,-0.020748952774430483
LLLLVALLLILFLLLITLILI_1,110011001100110000,1,-58.9449,-58.9449,-58.9449,-237.019,-231.825,-248.54,-376.641,4602.63,3780.16,3646.69,-18.0757,1303.26,-98.7519,1217.39,-69.1556,-4.58161,108.289,16.3612,9.47255,1.80621,1.93054,1219.83,-15.4674,86.8993,20.4362,924.364,8.9034,0.551511,0.355,1,LLLLVALLLILFLLLITLILI,LVALLLILFLLLITL,0.357995736880691,0.0518135953615134,L,99999900.0,-29.5963,0.0,11.520999999999987,822.4700000000003,-0.03598465597529392,0.0,0.01400780575583302,-0.021977336559388178
LLLLYVLTILLFALLLLLILI_2,110011001100110000,1,-58.8751,-49.2179,-58.8406,-235.973,-232.604,-249.731,-362.241,4733.22,3730.69,3573.8,-18.0708,1929.74,-85.4633,1849.32,-53.6694,-63.4543,60.1678,23.1828,10.8923,4.14081,3.54332,1788.3,-60.6875,54.8651,25.5985,1587.03,8.9175,3.00992,2.3329,2,LLLLYVLTILLFALLLLLILI,LYVLTILLFALLLLL,0.5724779838950363,0.0640748219341252,L,99999900.0,-31.7939,-0.03450000000000131,13.757999999999981,1002.5300000000002,-0.03171366442899464,-3.441293527375869e-05,0.013723280101343579,-0.018025196253478693
LLLLALLFALLTVLLSALILI_0,110011001100110000,1,-74.3058,-74.3058,-74.3058,-230.848,-223.354,-237.204,-321.224,4532.63,3833.89,3878.89,-18.0642,-8.12326,-34.1346,-31.6866,-9.71389,-33.6892,107.542,-40.5745,8.4428,6.07157,6.1847,-7.23697,-40.1021,85.4292,-41.8264,-329.347,8.4975,4.04826,3.8297,0,LLLLALLFALLTVLLSALILI,LALLFALLTVLLSAL,0.41564748888331,0.0467064191788774,R,99999900.0,-24.42071,0.0,6.3559999999999945,698.7400000000002,-0.03494963791968399,0.0,0.009096373472250039,-0.02585253456221197
LLLSYLLIALLIVLLWLLILI_1,110011001100110000,1,-58.6007,-53.8925,-45.0526,-241.099,-241.127,-262.845,-375.95,4729.22,3913.41,3776.86,-18.0559,-12.4272,-94.3064,-93.3579,-68.0529,-80.3398,61.3051,-43.1487,9.27693,6.82716,6.24673,-12.4671,-82.5413,55.9347,-43.4423,-389.566,8.9754,6.43238,5.7714,1,LLLSYLLIALLIVLLWLLILI,SYLLIALLIVLLWLL,0.5540610979053988,0.0824593186156232,R,99999900.0,-26.253500000000003,-13.548100000000005,21.746000000000038,815.8100000000004,-0.032180899964452496,-0.016606930535296206,0.026655716404555014,-0.02213248182787658
LLLALLLVTLLFILLSLLILI_1,110011001100110000,1,-74.3678,-74.3678,-74.1896,-234.427,-231.82,-246.45,-382.457,4594.75,3869.83,3800.3,-18.0529,-12.4959,-91.7153,-88.7651,-61.8173,-40.0132,75.1382,-47.0267,9.13894,2.64563,2.27271,-8.27408,-33.5268,69.6745,-45.0,-389.619,9.0,0.935083,0.480201,1,LLLALLLVTLLFILLSLLILI,ALLLVTLLFILLSLL,0.3141260723567928,0.0394768866738765,R,99999900.0,-29.897999999999996,-0.1782000000000039,12.022999999999996,724.9200000000001,-0.041243171660321126,-0.00024582022843900556,0.016585278375544882,-0.024903299674446835
LLLYTLLVALLALLLSLLILI_2,110011001100110000,1,-68.5704,-66.9765,-60.3561,-233.049,-231.014,-248.881,-372.127,4690.08,3937.6,3858.86,-18.0434,-10.3225,-88.5512,-84.4596,-62.89,-55.136,84.7945,-42.6901,8.49261,6.21766,5.98958,-11.5141,-51.2979,78.2928,-38.8144,-383.522,8.175,4.76421,4.4386,2,LLLYTLLVALLALLLSLLILI,YTLLVALLALLLSLL,0.4120613040378957,0.038638211045225,R,99999900.0,-25.661199999999994,-8.214300000000009,15.831999999999994,752.48,-0.03410216882840739,-0.010916303423346811,0.021039761854135648,-0.023978577503721028
LLLYVLLILLLGFLLSTLILI_0,110011001100110000,1,-74.0812,-74.0812,-74.0812,-249.465,-239.944,-252.316,-366.2,4678.83,4200.62,3686.21,-18.0251,49106.5,-60.679,49054.4,-39.8029,-85.6921,46.639,-34.7307,10.0531,5.65009,4.84967,47270.2,-92.7718,28.0376,-44.4465,48740.3,7.5,4.20084,3.1214,0,LLLYVLLILLLGFLLSTLILI,YVLLILLLGFLLSTL,0.2341958184254052,0.1109022311835771,G,99999900.0,-20.8761,0.0,2.850999999999999,478.21000000000004,-0.0436546705422304,0.0,0.005961815938604376,-0.037692854603626015
LLLTGLLFGLLAILLSALILI_2,110011001100110000,1,-60.4741,-60.4741,-60.3201,-222.585,-222.768,-238.966,-344.485,4604.24,3732.95,3677.86,-18.014,-16.3203,-79.44,-77.5629,-45.1984,-72.5811,68.9136,-43.4676,7.48838,6.69051,6.22421,-14.9593,-69.3499,66.3154,-44.3229,-360.034,7.423,5.85507,5.3498,2,LLLTGLLFGLLAILLSALILI,TGLLFGLLAILLSAL,0.1926263278158233,0.0600362665740158,G,99999900.0,-34.2416,-0.15400000000000347,16.381,871.29,-0.039299888670821424,-0.00017674941753033257,0.018800858497170864,-0.02067509095708662
LLLFYLLVILLALLLITLILI_0,110011001100110000,1,-58.8584,-58.8584,-58.8584,-241.881,-236.368,-249.742,-357.674,4710.87,3959.49,3821.2,-18.0103,47.2509,-74.9451,-15.1965,-49.074,-62.4917,63.8855,-48.6058,8.84076,4.4983,3.95658,36.974,-63.1365,52.5615,-43.97,-310.423,8.1663,3.06628,2.3547,0,LLLFYLLVILLALLLITLILI,FYLLVILLALLLITL,0.232706631550554,0.1021750890182669,R,99999900.0,-25.8711,0.0,7.86099999999999,751.3800000000001,-0.03443144613910404,0.0,0.01046208310042853,-0.02396962921557667
LLLALLLATLLAVLLSFLILI_0,110011001100110000,1,-74.1676,-74.1676,-74.1676,-228.331,-221.34,-239.025,-363.081,4531.52,3878.33,3808.37,-17.9976,-7.23368,-78.5806,-74.8076,-49.8894,-49.9147,85.0116,-39.6691,9.00637,5.46377,5.23895,-7.47646,-52.3504,68.431,-40.7822,-370.315,9.0,3.59074,3.1172,0,LLLALLLATLLAVLLSFLILI,ALLLATLLAVLLSFL,0.3796962456748164,0.038557394786076,R,99999900.0,-28.691200000000002,0.0,10.694000000000017,653.1900000000005,-0.043924738590609136,0.0,0.016371959154304273,-0.02755339181555135
LLLLVLLIALLATLLSFLILI_1,110011001100110000,1,-74.0464,-72.459,-74.0464,-233.374,-226.068,-242.1,-373.021,4547.06,3883.42,3777.5,-17.9892,-6.46571,-83.5896,-80.9594,-56.8745,-43.4632,86.9386,-44.8364,8.32318,4.75619,4.56027,-6.10714,-40.8345,76.2695,-41.1941,-379.267,8.0,2.92156,2.5656,1,LLLLVLLIALLATLLSFLILI,LVLLIALLATLLSFL,0.3138812621844573,0.0767455404075086,R,99999900.0,-26.715100000000007,0.0,8.725999999999999,663.6400000000003,-0.040255409559399664,0.0,0.013148695075643414,-0.027106865167862083
LLLAALLVTLLAYLLSLLILI_1,110011001100110000,1,-77.1954,-77.245,-74.0983,-230.358,-230.264,-241.486,-371.039,4548.25,3895.74,3889.45,-17.979,-11.8739,-81.4653,-75.4042,-55.455,-71.3826,46.0816,-48.4486,8.39505,3.4284,2.61963,-9.6093,-62.68,49.0027,-44.4948,-379.696,8.7847,2.51736,1.7524,1,LLLAALLVTLLAYLLSLLILI,AALLVTLLAYLLSLL,0.5437258679534414,0.0647808665420954,R,99999900.0,-26.0103,-3.0971000000000117,11.127999999999986,652.5100000000002,-0.039861917825014165,-0.004746440667575992,0.01705414476406489,-0.027553600711100204
LLLLILLSVLLAYLLTFLILI_0,110011001100110000,1,-72.5002,-74.1918,-74.1831,-233.197,-223.959,-248.319,-366.001,4662.16,3794.39,3775.75,-17.9747,-9.71981,-78.2793,-77.5706,-43.4996,-70.6798,60.0243,-45.2262,8.80068,5.20524,4.60561,-8.02729,-71.7611,50.3856,-43.3797,-375.721,9.0,4.06622,3.322,0,LLLLILLSVLLAYLLTFLILI,LILLSVLLAYLLTFL,0.4203110125066577,0.0202829971496781,R,99999900.0,-34.779700000000005,1.6828999999999894,15.121999999999986,867.77,-0.04007939891906842,0.0019393387648800828,0.017426276547933193,-0.02071366836834645
LLLLALLLYLLAVLTFLLILI_1,110011001100110000,1,-58.9634,-58.9634,-58.9634,-241.829,-237.273,-247.065,-357.283,4648.28,3815.64,3697.56,-17.9675,13.2912,-74.4585,-47.7557,-51.2547,-53.986,76.7684,22.5217,10.2457,4.96163,4.61316,20.4271,-56.3533,55.5834,26.7658,-330.184,9.4989,2.45675,1.7905,1,LLLLALLLYLLAVLTFLLILI,LALLLYLLAVLTFLL,0.8837172455088181,0.1238196364397276,L,99999900.0,-23.2038,0.0,5.23599999999999,832.6399999999999,-0.027867745964642587,0.0,0.006288431975403525,-0.021578953689469643
LLLFYLLVILLTALLSLLILI_0,110011001100110000,1,-84.3141,-66.8497,-74.2254,-239.812,-235.257,-248.619,-366.838,4708.43,4060.13,3895.73,-17.9463,19.2343,-60.6578,-45.4965,-43.9938,-28.1586,96.1211,-48.6391,9.42547,3.70014,3.64196,18.9279,-22.0295,90.9785,-43.2966,-347.604,8.7631,2.08652,1.9512,0,LLLFYLLVILLTALLSLLILI,FYLLVILLTALLSLL,0.2635292273014483,0.0280192197372471,R,99999900.0,-16.664,-10.088700000000003,8.806999999999988,648.3000000000002,-0.025704149313589383,-0.015561776955113373,0.013584760141909588,-0.027682091624248027
LLLFALLTALLITLLVLLILI_0,110011001100110000,1,-72.1515,-72.361,-72.6019,-233.957,-226.178,-244.267,-367.647,4627.59,4037.04,4012.03,-17.937,-6.9904,-79.4751,-76.0983,-50.7782,-18.7678,120.221,-42.8063,8.56627,5.54505,5.84837,-6.74046,-25.8235,96.0591,-44.6308,-374.637,8.886,3.34151,3.2824,0,LLLFALLTALLITLLVLLILI,FALLTALLITLLVLL,0.4067534734180644,0.0445601777347564,R,99999900.0,-28.6969,0.4504000000000019,10.310000000000002,590.5500000000002,-0.048593514520362355,0.0007626788586910537,0.01745830158326983,-0.030373380746761484
LLLLALLTVLLYILASLLILI_2,110011001100110000,1,-74.3449,-74.3449,-74.3449,-244.909,-233.315,-244.396,-376.847,4568.3,3996.22,3933.7,-17.9343,-1.52925,-75.5277,-70.7165,-58.1065,-96.0158,36.1758,25.5272,9.29875,5.78611,4.82875,1.49213,-88.8359,29.3021,25.9499,-375.787,9.3794,3.78117,2.7207,2,LLLLALLTVLLYILASLLILI,LALLTVLLYILASLL,0.5380542172307288,0.0266966126583675,L,99999900.0,-17.4212,0.0,-0.5130000000000052,572.0800000000004,-0.03045238428191859,0.0,-0.000896727730387367,-0.031349286813033124
LLLAILLYTLLFVLLSLLILI_1,110011001100110000,1,-74.2958,-74.2958,-74.2713,-235.432,-231.5,-248.9,-370.963,4616.12,3988.88,3772.76,-17.9303,-11.3522,-79.1658,-76.5197,-47.7919,-42.6911,82.8915,-48.4924,9.02863,4.09401,3.83739,-10.5072,-39.6639,79.8581,-44.5898,-381.927,9.0,3.23043,2.9283,1,LLLAILLYTLLFVLLSLLILI,AILLYTLLFVLLSLL,0.5045710726186218,0.1113650033281033,R,99999900.0,-31.373900000000006,-0.024500000000003297,13.468000000000018,627.2399999999998,-0.050018972004336484,-3.906000892800731e-05,0.0214718449078503,-0.028586027676806333
LLLLAALTLLLWFLVSLLILI_1,110011001100110000,1,-74.2507,-74.2507,-74.2507,-241.995,-232.087,-247.761,-369.915,4634.98,3977.7,3671.81,-17.9157,45.1135,-71.585,-18.4641,-47.903,-99.4306,30.0505,22.8738,9.8895,5.47141,4.42216,39.471,-96.4448,16.5492,18.2215,-328.682,9.3145,3.20086,1.9491,1,LLLLAALTLLLWFLVSLLILI,LAALTLLLWFLVSLL,0.6161918869807693,0.1060790353616571,L,99999900.0,-23.681999999999995,0.0,5.765999999999991,657.2799999999997,-0.03603030671859787,0.0,0.008772517039922094,-0.02725733325219086
LLLLILLTILVALLFSLLILI_0,110011001100110000,1,-74.1621,-70.5616,-74.1621,-235.319,-223.334,-245.362,-378.151,4561.97,3767.43,3705.55,-17.9091,30.4087,-86.5787,-53.8472,-58.6264,-113.978,14.1026,16.4023,10.3844,5.50053,4.21207,28.7248,-109.634,7.68067,18.0547,-347.742,9.5,3.98199,2.5972,0,LLLLILLTILVALLFSLLILI,LILLTILVALLFSLL,0.435425632333516,0.1011769886700985,L,99999900.0,-27.9523,0.0,10.043000000000006,794.5400000000004,-0.03518048178820448,0.0,0.012640018123694214,-0.022540211946535087
LLLYVLLFTLLGALLILLILI_2,110011001100110000,1,-58.7108,-65.1896,-58.7108,-242.571,-228.43,-250.154,-351.933,4674.24,3975.75,3790.49,-17.9083,13100.9,-68.5596,13042.6,-43.0689,-46.2538,85.54,-45.6451,8.6767,4.98598,4.76908,13098.3,-42.798,67.046,-44.058,12749.0,7.0511,1.97091,1.4766,2,LLLYVLLFTLLGALLILLILI,YVLLFTLLGALLILL,0.1998387874524549,0.0620563362544175,G,99999900.0,-25.490700000000004,0.0,7.582999999999998,698.4899999999998,-0.036494008504058775,0.0,0.010856275680396285,-0.02563859181949635
LLLTYLLIVLLGILLALLILI_0,110011001100110000,1,-48.2795,-53.9244,-44.9618,-231.213,-230.772,-250.62,-364.318,4612.96,3757.0,3646.02,-17.9038,633.073,-102.729,553.451,-68.7359,-61.9247,50.0736,-51.6961,7.71248,2.54864,1.79974,363.909,-66.8898,49.5856,-44.1976,268.755,7.2568,3.22752,2.4713,0,LLLTYLLIVLLGILLALLILI,TYLLIVLLGILLALL,0.4176995624950414,0.0128254760998692,G,99999900.0,-33.9931,-3.317700000000002,19.40700000000001,855.96,-0.039713421187905974,-0.0038759988784522665,0.022672788448058333,-0.02091663161829992
LLLYVLLFTLLATLLSALILI_0,110011001100110000,1,-87.8885,-87.9275,-87.8885,-236.601,-230.514,-248.447,-362.801,4614.41,4000.18,3856.43,-17.8933,-9.2172,-56.2052,-53.5772,-26.4661,-32.529,91.0089,-46.6936,8.08043,3.66555,3.53068,-8.43142,-37.5163,77.3551,-44.2381,-372.018,8.0869,2.57038,2.23071,0,LLLYVLLFTLLATLLSALILI,YVLLFTLLATLLSAL,0.1929420168592191,0.0197635229626728,R,99999900.0,-29.739099999999997,0.0,11.846000000000004,614.23,-0.048416879670481736,0.0,0.019285935235986526,-0.029131270045422722
LLLAYLLFLLLGTLLSILILI_2,110011001100110000,1,-80.0552,-79.2285,-74.1028,-230.561,-224.933,-246.71,-363.256,4610.49,3679.66,3551.16,-17.8883,131.485,-70.5283,72.39,-42.4438,-62.5,63.9768,-48.1335,7.69739,4.51187,3.97152,51.0954,-62.4741,58.2239,-43.3401,-231.772,7.3625,3.73134,3.1047,2,LLLAYLLFLLLGTLLSILILI,AYLLFLLLGTLLSIL,0.3354321661091426,0.1113399129019219,G,99999900.0,-28.0845,-5.952399999999997,16.149,930.8299999999999,-0.03017145987989214,-0.00639472298916021,0.017349032583823042,-0.01921758000923907
LLLYSLLVALLTLLLFILILI_2,110011001100110000,1,-70.4789,-68.5031,-58.9631,-231.695,-229.472,-256.29,-360.088,4737.0,3925.1,3796.29,-17.8832,-15.0539,-75.7973,-77.1665,-44.8343,-59.2354,76.7945,-47.52,8.70548,5.75257,5.40448,-4.24573,-58.3086,75.0794,-42.2769,-358.601,8.7739,5.38201,5.0082,2,LLLYSLLVALLTLLLFILILI,YSLLVALLTLLLFIL,0.3242652136892713,0.0992870069386044,R,99999900.0,-30.963000000000008,-11.515799999999999,24.595000000000027,811.9000000000001,-0.038136470008621755,-0.014183766473703655,0.030293139549205598,-0.022026357925852932
LLLTSLLLGLLAALLAYLILI_1,110011001100110000,1,-59.6455,-60.3705,-44.9453,-225.814,-222.637,-247.351,-353.06,4543.19,3743.07,3669.59,-17.8599,11670.3,-85.4611,11600.2,-60.7644,-39.64,75.274,-42.582,7.47114,2.60798,2.23709,9816.88,-40.0595,64.5531,-38.0126,11299.1,7.2779,1.2236,0.691897,1,LLLTSLLLGLLAALLAYLILI,TSLLLGLLAALLAYL,0.2804076290285307,0.0868942468267258,G,99999900.0,-24.6967,-14.700199999999995,21.537000000000006,800.1199999999994,-0.030866245063240535,-0.018372494125881125,0.026917212418137305,-0.022321526770984368
LLLVYLLIALLTILLSLLILI_0,110011001100110000,1,-80.5483,-81.1451,-74.2117,-238.893,-233.272,-247.04,-384.022,4621.84,3950.59,3842.19,-17.8521,53.6283,-82.4331,-15.9763,-62.7707,-26.6882,94.4089,-43.1436,9.97667,3.24843,3.16456,51.4399,-22.0295,90.9785,-43.2966,-330.394,8.7631,2.08652,1.9512,0,LLLVYLLIALLTILLSLLILI,VYLLIALLTILLSLL,0.2827880300265535,0.0491103602180501,R,99999900.0,-19.662399999999998,-6.336600000000004,8.146999999999991,671.25,-0.029292216014897576,-0.009440000000000006,0.012137057728119167,-0.026595307262569833
LLLFYLLLTLLVALLSILILI_1,110011001100110000,1,-81.9615,-78.7968,-74.2853,-233.895,-236.086,-248.938,-366.941,4670.66,3889.14,3932.23,-17.8496,-16.2516,-68.934,-68.3101,-43.7176,-22.9653,79.3559,-47.3813,8.09455,0.657834,0.348172,-14.5471,-25.1949,78.0418,-44.1889,-382.63,8.1983,0.814873,0.485499,1,LLLFYLLLTLLVALLSILILI,FYLLLTLLVALLSIL,0.505050251802844,0.0617724359586521,R,99999900.0,-25.2164,-7.676199999999994,15.042999999999978,781.52,-0.03226584092537619,-0.009822141467908684,0.019248387757191086,-0.022839594636093766
LLLLTLLLALIILLFSLLILI_1,110011001100110000,1,-63.5812,-63.5592,-60.3909,-230.652,-228.341,-248.001,-376.311,4648.0,3787.21,3675.96,-17.8488,6.96713,-99.927,-77.4436,-67.9193,-108.274,31.6577,26.9147,9.40986,7.01488,5.98975,1.92981,-110.296,20.6007,27.6733,-380.314,9.2245,5.82549,4.6345,1,LLLLTLLLALIILLFSLLILI,LTLLLALIILLFSLL,0.3131370222457636,0.0825046453506624,L,99999900.0,-32.0077,-3.1903000000000006,17.349000000000018,860.79,-0.03718409832827984,-0.0037062465874371227,0.020154741574600097,-0.020735370996410277
LLLIFLLVTLLAYLLSLLILI_2,110011001100110000,1,-77.1717,-77.3315,-74.0983,-231.247,-224.989,-248.317,-367.832,4705.23,3845.27,3856.15,-17.8387,-3.62478,-77.2522,-69.1364,-45.4165,-72.5131,47.0857,-49.1579,8.43795,3.73354,2.93983,-5.33489,-62.68,49.0027,-44.4948,-374.661,8.7847,2.51736,1.7524,2,LLLIFLLVTLLAYLLSLLILI,IFLLVTLLAYLLSLL,0.5057604933491832,0.0850950317121815,R,99999900.0,-31.835700000000003,-3.0734000000000066,17.069999999999993,859.9599999999996,-0.03701997767338018,-0.0035738871575422206,0.019849760453974605,-0.020743639239034384
LLLAALLLALVTLLFSLLILI_0,110011001100110000,1,-74.239,-67.1827,-74.239,-220.934,-213.009,-239.462,-363.714,4538.62,3680.22,3627.52,-17.8377,-9.62852,-86.3786,-93.151,-50.0132,-104.256,45.7187,30.0598,9.14346,8.31049,7.49627,-8.89892,-103.038,36.634,25.4696,-373.343,9.2755,6.90129,5.9508,0,LLLAALLLALVTLLFSLLILI,AALLLALVTLLFSLL,0.4960713968069479,0.0315481108008413,L,99999900.0,-36.36540000000001,0.0,18.52799999999999,858.4000000000001,-0.04236416589002796,0.0,0.021584342963653295,-0.020780172413793103
LLLLAYLIALLWTLVLLLILI_2,110011001100110000,1,-58.9084,-58.9084,-58.9084,-236.152,-232.59,-251.152,-363.635,4746.35,4024.06,3864.49,-17.8282,7.98437,-86.4024,-64.1522,-53.5742,-88.5721,54.0335,38.0101,9.33304,7.08033,6.39083,11.2338,-92.9587,38.1226,27.815,-345.596,9.3114,5.59036,4.6622,2,LLLLAYLIALLWTLVLLLILI,LAYLIALLWTLVLLL,0.9597554880125126,0.0377660077148379,L,99999900.0,-32.8282,0.0,15.0,722.2900000000004,-0.045450165446011964,0.0,0.020767281839704263,-0.0246828836063077
LLLSYLLTVLLGTLLAALILI_2,110011001100110000,1,-84.2796,-84.9323,-72.5251,-229.177,-226.83,-249.018,-365.534,4503.66,3799.79,3672.8,-17.8163,307.747,-69.8943,253.975,-43.9916,-49.1656,69.4812,-47.9949,8.13715,3.2548,2.79702,279.461,-49.156,60.31,-42.3523,-57.7871,7.5,2.01525,1.4199,2,LLLSYLLTVLLGTLLAALILI,SYLLTVLLGTLLAAL,0.3879238250282124,0.03948068568303,G,99999900.0,-25.902700000000003,-11.754500000000007,19.841000000000008,703.8699999999999,-0.03680040348359783,-0.01669981672752072,0.0281884438887863,-0.025311918394021624
LLLAALLALLLGVLLGTLILI_2,110011001100110000,1,-60.097,-64.8164,-58.784,-217.852,-203.693,-230.145,-352.637,4429.73,3670.9,3549.21,-17.8014,-16.366,-92.4895,-100.494,-63.7085,-86.968,58.5683,-37.2364,7.61473,7.45192,6.83045,-15.8739,-78.0946,55.6007,-36.5199,-368.501,7.2728,5.72029,5.0543,2,LLLAALLALLLGVLLGTLILI,AALLALLLGVLLGTL,0.4260579663916339,0.0308558284700628,G,99999900.0,-28.781000000000006,-1.3130000000000024,12.293000000000006,758.8299999999995,-0.0379281261942728,-0.001730295323063141,0.01619993938036189,-0.023459009264262105
LLLYSLLVALLFALLILLILI_2,110011001100110000,1,-51.9634,-54.587,-45.0333,-236.804,-229.916,-250.947,-345.232,4713.69,3963.6,3738.33,-17.7934,45931.3,-74.2578,45870.6,-49.2514,-34.1052,87.8154,-39.854,9.17618,3.47086,3.28809,36684.9,-40.2159,66.0014,-36.8044,45586.1,8.4291,1.44258,0.932602,2,LLLYSLLVALLFALLILLILI,YSLLVALLFALLILL,0.2975614638383823,0.047063906537535,R,99999900.0,-25.006400000000006,-6.930100000000003,14.143,750.0899999999997,-0.033337866122731964,-0.009239024650375295,0.01885507072484636,-0.02372168673092563
LLLSYLLVALLTILLALLILI_0,110011001100110000,1,-75.0898,-65.1831,-58.9224,-228.493,-229.077,-254.11,-374.703,4596.13,3903.29,3899.99,-17.7783,-12.2046,-88.8986,-92.6474,-61.6701,-86.4834,41.7447,-44.9438,8.79445,5.10803,4.2342,-10.7995,-80.5617,52.7769,-43.5392,-386.908,8.7383,5.70914,5.00079,0,LLLSYLLVALLTILLALLILI,SYLLVALLTILLALL,0.565282313905512,0.0970150125496284,R,99999900.0,-27.228500000000004,-16.167399999999994,25.61700000000002,692.8400000000001,-0.039299838346515785,-0.023334969112637823,0.03697390450897756,-0.025660036949367818
LLLTFLLALLLGYLLGVLILI_2,110011001100110000,1,-48.5035,-44.9628,-44.9628,-227.108,-226.231,-245.316,-335.507,4609.56,3659.03,3621.39,-17.7718,12.4246,-77.667,-51.8877,-45.2274,-74.1671,46.7381,-47.3947,7.32903,3.93471,3.13579,-13.3909,-77.0118,40.9782,-44.7988,-351.3,7.4996,3.58383,2.6985,2,LLLTFLLALLLGYLLGVLILI,TFLLALLLGYLLGVL,0.9847161412138056,0.0699334210818438,G,99999900.0,-32.4396,-3.540700000000001,18.208,950.5300000000002,-0.034127907588398045,-0.0037249744879172676,0.019155628964893263,-0.018696727089097656
LLLYLLLGILLAFLLSTLILI_0,110011001100110000,1,-74.1744,-75.0511,-73.9784,-231.925,-226.025,-249.336,-360.255,4698.52,3869.84,3675.97,-17.7596,83.3663,-71.9151,24.1874,-36.9404,-82.4431,58.0721,-44.6205,7.93901,6.70621,6.07729,83.096,-74.4436,60.1664,-43.4591,-276.888,7.3574,5.789,5.1915,0,LLLYLLLGILLAFLLSTLILI,YLLLGILLAFLLSTL,0.191366985432953,0.0566332526641643,G,99999900.0,-34.9747,-0.19600000000001216,17.411,828.6800000000003,-0.04220531447603416,-0.00023652073176619695,0.021010522759086735,-0.02143119177487087
LLLLVLLTTLLGALLFGLILI_0,110011001100110000,1,-75.0546,-76.25,-72.5569,-219.244,-213.367,-236.75,-352.856,4559.46,3879.29,3763.69,-17.7281,-10.3708,-76.2858,-73.6096,-43.5488,-37.0836,81.5284,-48.2501,7.16869,3.06887,2.7918,-9.83516,-42.798,67.046,-44.058,-363.227,7.0511,1.97091,1.4766,0,LLLLVLLTTLLGALLFGLILI,LVLLTTLLGALLFGL,0.1720637191598577,0.0380853304887563,G,99999900.0,-32.736999999999995,-2.4976999999999947,17.506,680.1700000000001,-0.04813061440522221,-0.003672170192745923,0.025737683226252257,-0.02606421923930782
LLLLFLLTALLAVLISLLILI_0,110011001100110000,1,-74.2693,-74.2576,-74.2945,-238.338,-219.716,-241.069,-370.051,4526.03,3789.56,3705.34,-17.7273,-5.11907,-75.171,-81.197,-54.6877,-62.2657,72.9859,14.7457,10.083,5.69295,5.28774,-5.45292,-61.7768,57.1172,21.5473,-375.17,9.5,3.47734,2.8341,0,LLLLFLLTALLAVLISLLILI,LFLLTALLAVLISLL,0.3757220450752125,0.0341394673088005,L,99999900.0,-20.483300000000007,0.025199999999998113,2.7309999999999945,736.4699999999998,-0.027812809754640396,3.4217279726259206e-05,0.0037082297989055836,-0.024070634241720647
LLLLYLLIVLLATLLSFLILI_1,110011001100110000,1,-72.5495,-69.9716,-74.1532,-236.07,-237.899,-247.734,-367.441,4658.45,3987.52,3910.7,-17.7186,-10.1464,-76.5401,-69.7166,-45.5542,-63.0513,57.2196,-42.2009,8.02554,3.68234,3.04064,-6.83037,-56.568,53.9293,-45.0,-374.282,8.1133,2.26566,1.5746,1,LLLLYLLIVLLATLLSFLILI,LYLLIVLLATLLSFL,0.3102420408318468,0.0548634138020335,R,99999900.0,-30.985899999999994,1.6037000000000035,11.664000000000016,670.9299999999998,-0.046183506476085434,0.0023902642600569417,0.017384824050199005,-0.02640901435321122
LLLYWLLTVLAILLFSLLILI_2,110011001100110000,1,-74.1766,-75.3755,-74.1644,-240.431,-232.447,-258.779,-365.869,4750.58,4029.21,3828.3,-17.7176,476.365,-68.9795,418.318,-32.9253,-109.907,30.0631,26.8638,9.77418,7.04458,5.99553,46.5024,-104.528,19.8573,25.1083,-329.884,9.5,4.85993,3.65779,2,LLLYWLLTVLAILLFSLLILI,YWLLTVLAILLFSLL,0.2810507081837826,0.0295248975655448,L,99999900.0,-36.0542,-0.012199999999992883,18.347999999999985,721.3699999999999,-0.04998017660839792,-1.6912264164011375e-05,0.025434936301759137,-0.024561043569873996
LLLLYALLLILATLLLSLILI_1,110011001100110000,1,-74.1985,-74.1985,-74.1985,-224.691,-217.595,-244.501,-378.415,4634.86,3607.7,3622.01,-17.7077,92.4578,-97.2329,5.83622,-59.7157,-57.4722,84.3097,18.7935,9.64079,6.50263,6.26728,72.8408,-61.55,67.5867,27.3561,-303.864,9.3793,4.8567,4.3705,1,LLLLYALLLILATLLLSLILI,LYALLLILATLLLSL,0.2339851758501557,0.0861665343201488,L,99999900.0,-37.5172,0.0,19.810000000000002,1027.1599999999999,-0.03652517621402703,0.0,0.019286187156820754,-0.01723947583628646
LLLYLLLVALLATLLSFLILI_2,110011001100110000,1,-74.0594,-70.4273,-74.0594,-241.961,-234.76,-249.035,-363.655,4657.84,4074.62,3827.05,-17.6994,499.231,-65.3335,440.763,-40.56,-47.9398,78.7675,-48.9869,8.55167,4.32459,4.0061,468.625,-47.1777,64.0077,-41.6778,135.576,8.4891,2.21769,1.67781,2,LLLYLLLVALLATLLSFLILI,YLLLVALLATLLSFL,0.2188502677873448,0.0436170852660174,R,99999900.0,-24.7735,0.0,7.073999999999984,583.2200000000003,-0.042477109838482886,0.0,0.012129213675799836,-0.030347724700799
LLLASLLVGLLFLLLILLILI_0,110011001100110000,1,-56.7443,-58.1333,-44.9758,-226.822,-226.951,-250.999,-361.391,4668.49,3784.33,3567.14,-17.6988,32172.9,-95.5234,32096.6,-65.4164,-20.9697,80.2757,-48.2622,9.45448,0.482668,0.186803,22654.3,-36.0293,69.0807,-35.6829,31811.5,7.2857,1.23029,0.766501,0,LLLASLLVGLLFLLLILLILI,ASLLVGLLFLLLILL,0.4659751921370139,0.0727338728455097,G,99999900.0,-30.107,-11.768500000000003,24.176999999999992,884.1599999999999,-0.0340515291349982,-0.013310373688020273,0.02734459826275787,-0.020017643865363737
LLLYVLLTALLGALLSFLILI_0,110011001100110000,1,-82.6531,-71.5208,-74.2441,-228.262,-223.058,-244.255,-348.513,4581.61,3978.08,3803.33,-17.6968,346.898,-55.2945,292.964,-30.0136,-41.6653,71.2323,-54.7663,7.08647,2.36615,1.93463,311.634,-47.9501,60.2066,-41.6343,-1.61496,7.3755,1.8204,1.2235,0,LLLYVLLTALLGALLSFLILI,YVLLTALLGALLSFL,0.2122945782179233,0.0484038737516547,G,99999900.0,-25.2809,-8.408999999999992,15.992999999999995,603.5299999999997,-0.04188838997232948,-0.013933027355723817,0.026499096979437645,-0.029322154656769354
LLLYWLLTVLLALLISLLILI_1,110011001100110000,1,-76.6822,-70.4993,-74.1887,-239.575,-232.938,-257.829,-383.948,4729.97,3935.54,3870.96,-17.6941,191.788,-85.3847,111.277,-51.9304,-99.2441,33.7056,28.2619,10.0885,5.93688,4.94246,164.766,-107.621,8.37296,28.0,-201.561,9.5,3.7735,2.39909,1,LLLYWLLTVLLALLISLLILI,YWLLTVLLALLISLL,0.4656960939803951,0.0456175880440204,L,99999900.0,-33.454299999999996,-2.4934999999999974,18.25400000000002,794.4300000000003,-0.04211107334818673,-0.0031387283964603506,0.022977480709439488,-0.02227269866445123
LLLYTLLATLLVLLLSFLILI_1,110011001100110000,1,-87.7815,-80.7088,-74.1551,-236.643,-235.994,-255.104,-369.585,4720.88,3949.65,3888.54,-17.6928,-8.06753,-62.854,-60.9499,-40.3266,-55.838,76.0382,-44.5642,9.18236,5.14085,4.78142,-13.5825,-52.0137,72.9203,-42.6344,-383.192,8.744,4.1463,3.74011,1,LLLYTLLATLLVLLLSFLILI,YTLLATLLVLLLSFL,0.2544859300654659,0.0470348022058835,R,99999900.0,-22.5274,-13.62639999999999,18.461000000000013,771.23,-0.02920970397935765,-0.017668399828844817,0.023937087509562662,-0.022941016298639833
LLLALLLGLLLGTLLIFLILI_0,110011001100110000,1,-58.691,-57.2773,-58.691,-232.027,-214.241,-239.442,-358.639,4565.22,3826.65,3431.8,-17.6909,87573.3,-85.6118,87486.2,-60.5057,-58.364,81.1728,-44.1613,8.88673,6.21293,5.93052,44098.3,-60.7383,56.5303,-35.0,87214.7,7.1924,3.24234,2.5903,0,LLLALLLGLLLGTLLIFLILI,ALLLGLLLGTLLIFL,0.4023872818273645,0.0333644431981717,G,99999900.0,-25.106100000000005,0.0,7.4150000000000205,738.5700000000002,-0.03399285105000203,0.0,0.010039671256617543,-0.02395290899982398
LLLSYLLVALLILLLGFLILI_0,110011001100110000,1,-63.0034,-65.2983,-44.9412,-234.258,-234.227,-254.997,-351.712,4656.24,3956.12,3546.75,-17.6899,297570.0,-72.1402,297518.0,-51.7732,-50.5013,58.2567,-40.06,9.89188,1.93986,1.31371,271905.0,-56.9491,49.4969,-37.5681,297219.0,7.4308,1.72445,0.966904,0,LLLSYLLVALLILLLGFLILI,SYLLVALLILLLGFL,0.3808665899478629,0.0390569043904457,G,99999900.0,-20.36699999999999,-18.062199999999997,20.739000000000004,700.1199999999999,-0.029090727303890753,-0.02579872021939096,0.029622064788893343,-0.02526695423641662
LLLLTYLLAILAVLLLSLILI_0,110011001100110000,1,-60.4159,-60.4159,-60.4159,-227.903,-217.546,-242.113,-366.197,4605.14,3690.68,3578.96,-17.6829,9.96296,-95.5611,-78.2723,-63.6687,-53.845,76.6832,16.5967,9.8421,4.92899,4.57923,9.56413,-57.8356,61.3017,20.1938,-356.234,9.2739,3.45107,2.8706,0,LLLLTYLLAILAVLLLSLILI,LTYLLAILAVLLLSL,0.3554339189359752,0.0391765509832613,L,99999900.0,-31.892399999999995,0.0,14.210000000000008,914.4600000000005,-0.03487566432648774,0.0,0.015539225335170484,-0.01933698576208909
LLLSYLLIVLLALLLSFLILI_1,110011001100110000,1,-78.762,-70.0099,-60.402,-235.268,-233.447,-256.758,-370.976,4637.24,3888.49,3813.06,-17.6295,-3.7197,-74.5754,-71.2386,-53.8164,-72.1071,43.7849,-41.6804,9.23344,3.22703,2.3838,-6.11425,-67.3465,43.2715,-39.0017,-381.176,9.0,2.44363,1.5927,1,LLLSYLLIVLLALLLSFLILI,SYLLIVLLALLLSFL,0.4731512311953055,0.1216197265078137,R,99999900.0,-20.759,-18.36,21.48999999999998,748.75,-0.027724874791318865,-0.024520868113522536,0.028701168614357238,-0.02354524207011686
LLLALLLVTLLTFLLSILILI_2,110011001100110000,1,-85.0978,-85.1297,-87.9042,-235.98,-234.245,-246.408,-386.376,4555.59,3961.29,3870.56,-17.6217,-15.4979,-82.9203,-82.4995,-52.0636,-65.4011,59.7704,-41.859,8.46025,4.37917,3.77573,-13.2976,-60.8424,58.0703,-41.2377,-399.795,8.4975,3.46585,2.8369,2,LLLALLLVTLLTFLLSILILI,ALLLVTLLTFLLSIL,0.4565721495211499,0.0481500790535192,R,99999900.0,-30.856699999999996,2.8063999999999965,10.427999999999997,594.3000000000002,-0.05192108362779739,0.004722194178024559,0.017546693589096406,-0.02965118626956082
LLLYSLLIALLATLLFLLILI_1,110011001100110000,1,-69.6487,-69.5547,-58.7878,-226.866,-227.211,-253.855,-355.349,4742.46,3869.85,3782.28,-17.6133,-16.1322,-76.4468,-74.7148,-42.7054,-54.7695,73.3684,-45.1689,8.01289,4.62015,4.22068,-7.47989,-54.4223,72.8251,-42.2813,-367.349,8.0,4.49473,4.08711,1,LLLYSLLIALLATLLFLLILI,YSLLIALLATLLFLL,0.2456266669547032,0.0558977694746605,R,99999900.0,-33.7414,-10.860900000000008,26.988999999999976,872.6100000000001,-0.03866721674058284,-0.012446453742221619,0.03092905192468568,-0.020184618558118744
LLLLAVLLLILATLLLSLILI_1,110011001100110000,1,-74.1985,-74.1985,-74.1985,-225.813,-210.415,-241.6,-388.15,4540.31,3612.66,3639.43,-17.613,587.448,-105.752,483.911,-72.352,-53.0787,90.5018,20.5238,9.28122,6.67954,6.53707,82.6995,-61.55,67.5867,27.3561,-308.839,9.3793,4.8567,4.3705,1,LLLLAVLLLILATLLLSLILI,LAVLLLILATLLLSL,0.3983307922352363,0.0315134563660874,L,99999900.0,-33.39999999999999,0.0,15.787000000000006,927.6500000000005,-0.03600495876677623,0.0,0.017018271977577746,-0.0189866867891985
LLLGALLALLLGVLLSTLILI_1,110011001100110000,1,-77.6599,-74.1406,-74.2086,-219.245,-217.254,-236.404,-370.174,4447.23,3646.16,3711.45,-17.6125,-3.4077,-90.8814,-82.1872,-59.5616,-74.2252,61.5955,-42.0319,7.22169,5.94918,5.37311,-14.7096,-72.8398,58.7702,-43.8998,-385.433,7.2749,5.35995,4.7415,1,LLLGALLALLLGVLLSTLILI,GALLALLLGVLLSTL,0.3647422597529767,0.0632693291216299,G,99999900.0,-31.3198,-3.451299999999989,17.158999999999992,801.0699999999997,-0.03909745715106047,-0.004308362565069208,0.021420100615426863,-0.021986218432846077
LLLLYLLLAVLATLLLSLILI_1,110011001100110000,1,-74.2037,-74.2037,-74.2037,-228.146,-217.171,-242.951,-375.183,4568.18,3666.3,3562.25,-17.6072,133.213,-90.4399,49.4052,-58.0277,-49.4308,86.6586,19.2658,10.2432,5.61353,5.41341,134.232,-56.1344,66.139,24.0594,-251.14,9.2891,3.84892,3.341,1,LLLLYLLLAVLATLLLSLILI,LYLLLAVLATLLLSL,0.2138809595842495,0.0433477554709695,L,99999900.0,-32.41219999999999,0.0,14.805000000000007,901.8800000000001,-0.035938484055528436,0.0,0.01641570940701646,-0.019522774648511994
LLLTSLLLALLAGLLFALILI_2,110011001100110000,1,-54.0893,-54.3076,-44.9597,-223.759,-222.32,-245.844,-345.958,4552.87,3691.13,3611.42,-17.5981,-16.8783,-85.7078,-86.2088,-55.1539,-36.6039,74.7403,-38.2816,7.57613,2.08052,1.70163,-15.826,-33.5044,71.7656,-37.0663,-362.126,7.3729,1.21402,0.790504,2,LLLTSLLLALLAGLLFALILI,TSLLLALLAGLLFAL,0.3888121461838239,0.1074315223737091,G,99999900.0,-30.553900000000006,-9.129600000000003,22.085000000000008,861.7399999999998,-0.03545605403021795,-0.010594378814955794,0.025628379789727776,-0.02042158887831597
LLLFSLLTALLGALLGVLILI_2,110011001100110000,1,-68.6492,-65.4497,-58.781,-220.35,-212.426,-232.413,-333.774,4476.49,3734.41,3613.92,-17.5637,1633030.0,-62.3377,1632970.0,-42.5793,-48.0147,81.3716,-46.475,7.91659,4.68737,4.40795,853759.0,-50.5887,64.17,-37.5151,1632670.0,7.0583,2.75125,2.2138,2,LLLFSLLTALLGALLGVLILI,FSLLTALLGALLGVL,0.2214429002458167,0.0333951873172146,G,99999900.0,-19.758399999999995,-9.868199999999995,12.063000000000017,742.0799999999999,-0.026625700733074596,-0.01329802716688227,0.016255659767141033,-0.023668202889176374
LLLFYLLVALLISLLTLLILI_2,110011001100110000,1,-74.237,-74.237,-74.237,-234.886,-237.974,-248.674,-366.985,4701.98,3853.58,3835.15,-17.5634,-16.5788,-75.4254,-71.3532,-44.0741,-19.7424,97.3791,-34.8818,8.65506,2.60755,2.56824,-15.552,-21.6189,95.7091,-37.3116,-383.204,8.5753,2.66356,2.5992,2,LLLFYLLVALLISLLTLLILI,FYLLVALLISLLTLL,0.3530443116844935,0.0261021170715008,R,99999900.0,-31.351299999999995,0.0,13.788000000000011,848.3999999999996,-0.036953441772748716,0.0,0.016251768033946273,-0.020701791607732212
LLLGYLLILLLGTLLSFLILI_0,110011001100110000,1,-77.522,-76.3255,-74.0304,-232.835,-230.06,-249.275,-363.007,4626.18,3751.36,3571.68,-17.5611,1718.82,-70.2108,1662.2,-39.7014,-62.6499,58.9691,-45.9458,7.68709,3.85831,3.24285,1332.79,-68.9875,54.3485,-39.7512,1355.81,6.8746,4.18517,3.5004,0,LLLGYLLILLLGTLLSFLILI,GYLLILLLGTLLSFL,0.2216169121669798,0.0519727868988401,G,99999900.0,-30.509400000000007,-3.4916000000000054,16.439999999999998,874.8200000000002,-0.034875060012345395,-0.003991221051187678,0.01879243730138771,-0.02007395807137468
LLLYALLAVLLAFLLTSLILI_2,110011001100110000,1,-74.2137,-70.6458,-74.2137,-231.935,-223.359,-246.194,-349.26,4634.41,3926.62,3816.16,-17.5531,-10.0008,-60.6642,-65.2563,-28.8517,-83.8063,62.7684,-41.0225,8.09628,7.54468,6.98621,-9.18544,-81.4126,51.8134,-45.0,-359.988,8.0,5.7067,4.9839,2,LLLYALLAVLLAFLLTSLILI,YALLAVLLAFLLTSL,0.2962060335455179,0.0192472640327523,R,99999900.0,-31.8125,0.0,14.258999999999986,707.79,-0.04494624111671541,0.0,0.020145805959394716,-0.024799870017943176
LLLYALLVALLATLLSLLILI_0,110011001100110000,1,-74.079,-74.079,-74.079,-236.332,-231.268,-245.023,-370.458,4608.65,3928.33,3880.07,-17.5441,-11.5715,-77.5915,-76.6822,-51.3564,-30.9349,103.938,-37.3598,8.71093,5.17187,5.23095,-11.0951,-35.5651,88.7149,-39.2404,-382.03,9.0,3.81128,3.642,0,LLLYALLVALLATLLSLLILI,YALLVALLATLLSLL,0.3823474886578773,0.0194268714152429,R,99999900.0,-26.235099999999996,0.0,8.691000000000003,680.3199999999997,-0.038562882173095024,0.0,0.012774870649106313,-0.025788011523988724
LLLTALLFSLLGILLAALILI_2,110011001100110000,1,-60.3586,-60.3586,-60.3586,-226.157,-225.047,-237.827,-348.649,4488.4,3792.69,3682.83,-17.5383,-14.1956,-79.6717,-77.4389,-50.4633,-61.1176,69.3186,-41.5659,7.40195,5.02565,4.56543,-13.7166,-58.8131,62.5969,-39.1181,-362.382,7.175,3.77255,3.2115,2,LLLTALLFSLLGILLAALILI,TALLFSLLGILLAAL,0.3647196482328282,0.0310785021766848,G,99999900.0,-29.208400000000005,0.0,11.669999999999987,695.7099999999996,-0.04198358511448739,0.0,0.01677423064207787,-0.02520921073435772
LLLYWLLTVLFLLLASLLILI_2,110011001100110000,1,-70.5434,-67.1057,-74.1645,-236.584,-235.07,-258.797,-369.647,4757.64,3836.7,3860.55,-17.5189,72.4748,-80.0389,5.00312,-36.6856,-107.375,17.0149,23.1223,8.99274,4.90323,3.65845,-8.43708,-107.499,6.70704,26.7755,-382.312,9.3626,3.5303,2.13091,2,LLLYWLLTVLFLLLASLLILI,YWLLTVLFLLLASLL,0.3187903642563288,0.0219007654800922,L,99999900.0,-43.3533,3.6210999999999984,22.213000000000022,920.9400000000005,-0.0470750537494299,0.003931960822637736,0.024119920950333367,-0.019022846222338033
LLLTALLAVLLGLLLGILILI_1,110011001100110000,1,-48.4987,-44.9676,-44.9676,-220.971,-226.273,-238.998,-356.615,4506.56,3529.23,3598.0,-17.5143,-6.16989,-104.659,-91.5448,-72.6497,-72.9977,51.2375,-38.5439,7.33562,4.36671,3.63528,-7.14785,-76.6711,46.9516,-39.8118,-365.546,7.5,4.33913,3.5434,1,LLLTALLAVLLGLLLGILILI,TALLAVLLGLLLGIL,0.4825067191382641,0.0715372738596467,G,99999900.0,-32.00930000000001,-3.531100000000002,18.026999999999987,977.3300000000004,-0.03275178291876848,-0.003613006865644154,0.018445151586465144,-0.017920559074212385
LLLYSLLVALLAALLTLLILI_1,110011001100110000,1,-67.5556,-61.1196,-58.8685,-229.575,-222.496,-245.01,-356.334,4615.27,3935.94,3770.78,-17.5033,45927.2,-76.7067,45854.4,-52.4548,-35.5665,85.0532,-49.7464,8.27189,3.31716,3.09296,45319.9,-40.2159,66.0014,-36.8044,45560.0,8.4291,1.44258,0.932602,1,LLLYSLLVALLAALLTLLILI,YSLLVALLAALLTLL,0.4175976504172197,0.0515089680079522,R,99999900.0,-24.2519,-8.687100000000001,15.435000000000002,679.3300000000004,-0.03569973356100862,-0.012787746750474727,0.022720916196840996,-0.025765533687603946
LLLTYLLTILLAFLLSLLILI_1,110011001100110000,1,-82.3505,-73.5751,-74.1163,-237.678,-234.759,-256.592,-374.732,4647.59,3790.81,3749.24,-17.4992,-11.7747,-72.2027,-78.1724,-44.0233,-69.9409,57.2454,-43.3495,8.34821,4.71926,4.07794,-12.5311,-68.2683,51.1623,-39.0156,-387.656,8.2586,3.64716,2.9146,1,LLLTYLLTILLAFLLSLLILI,TYLLTILLAFLLSLL,0.4281574179195176,0.0512116988809721,R,99999900.0,-28.179399999999994,-8.234200000000001,18.913999999999987,856.7800000000002,-0.032889890053455946,-0.009610635168888161,0.022075678703984667,-0.020424379654053543
LLLVILLTLLLGALLGFLILI_2,110011001100110000,1,-66.934,-65.0408,-58.7177,-223.021,-224.284,-236.936,-351.246,4526.78,3787.09,3455.54,-17.4953,7163.03,-78.7863,7101.11,-55.5918,-46.0724,64.4516,-50.3445,7.07943,2.11182,1.57859,3787.66,-43.2635,63.1811,-42.5139,16473.3,7.006,1.51898,0.966697,2,LLLVILLTLLLGALLGFLILI,VILLTLLLGALLGFL,0.2522886257640727,0.0414800495471548,G,99999900.0,-23.194499999999998,-8.216299999999997,13.91500000000002,739.6899999999996,-0.03135705498249268,-0.011107761359488436,0.018811934729413712,-0.023652205653719813
LLLLVLLITLLFALLSYLILI_0,110011001100110000,1,-76.054,-72.8433,-74.244,-234.379,-227.816,-249.033,-366.86,4632.02,3763.43,3726.4,-17.4888,268.355,-73.916,202.154,-43.5836,-25.8341,84.107,-40.9593,8.33026,1.72956,1.49116,144.748,-31.9788,69.9952,-36.7483,-98.5056,8.3631,0.746172,0.2961,0,LLLLVLLITLLFALLSYLILI,LVLLITLLFALLSYL,0.3339667107345925,0.0414976897106185,R,99999900.0,-30.3324,-1.8100000000000023,14.653999999999996,868.5900000000006,-0.034921424377439274,-0.0020838370232215443,0.01687102084988313,-0.020134701067246904
LLLAALLLLLVTLLFSLLILI_1,110011001100110000,1,-70.6534,-67.1181,-74.254,-225.447,-217.936,-243.513,-374.873,4616.07,3682.38,3641.04,-17.4844,-11.8233,-96.2575,-101.643,-57.1068,-100.213,51.9787,31.2066,9.03338,8.54902,7.8287,-10.5834,-103.038,36.634,25.4696,-385.447,9.2755,6.90129,5.9508,1,LLLAALLLLLVTLLFSLLILI,AALLLLLVTLLFSLL,0.5607792290547616,0.0429888593389213,L,99999900.0,-39.15069999999999,3.6006,18.066000000000003,933.6899999999996,-0.0419311548800994,0.0038563120521800612,0.019349034476110926,-0.018726129657595143
LLLYWLLTVLFILLASLLILI_0,110011001100110000,1,-74.1063,-74.2093,-74.1645,-243.381,-228.947,-258.803,-366.846,4720.38,3844.54,3850.58,-17.483,33.4864,-66.8416,-30.2041,-33.8788,-111.412,18.0836,28.6259,9.41324,5.65304,4.4243,33.0059,-107.499,6.70704,26.7755,-333.36,9.3626,3.5303,2.13091,0,LLLYWLLTVLFILLASLLILI,YWLLTVLFILLASLL,0.3144292798219179,0.0469857246989258,L,99999900.0,-32.9628,0.05819999999999936,15.421999999999997,875.8400000000001,-0.037635641213006936,6.645049324077383e-05,0.017608238947753006,-0.01996140847643405
LLLATLLVGLLAGLLFLLILI_2,110011001100110000,1,-52.3192,-52.6274,-45.0114,-218.334,-216.753,-237.021,-336.987,4572.3,3728.16,3623.82,-17.4814,78.102,-83.8147,10.4956,-54.9542,-39.891,81.638,-38.1514,7.49211,3.50478,3.22936,65.0985,-40.652,76.0053,-35.3219,-258.885,7.3774,2.85852,2.4986,2,LLLATLLVGLLAGLLFLLILI,ATLLVGLLAGLLFLL,0.3583996774778306,0.1386239352783894,G,99999900.0,-28.860500000000002,-7.3078,18.686999999999983,844.1400000000003,-0.03418923401331531,-0.008657094794702298,0.022137323192835283,-0.020709124078944242
LLLLAYLLILLFLLTSLLILI_1,110011001100110000,1,-74.0764,-74.1162,-74.1866,-238.535,-237.842,-250.297,-373.357,4665.34,3803.55,3495.22,-17.4716,711.843,-78.2172,650.444,-48.8732,-61.6597,54.6997,20.0012,10.0136,3.13341,2.4539,693.493,-61.6131,39.1869,24.371,337.195,8.5022,1.0322,0.120004,1,LLLLAYLLILLFLLTSLLILI,LAYLLILLFLLTSLL,0.3416811291726242,0.1473642443127692,L,99999900.0,-29.34400000000001,0.11019999999999186,11.762,861.79,-0.03405005859896264,0.00012787337982570217,0.013648336601724318,-0.02027361654231309
LLLALLLGVLLITLLGFLILI_2,110011001100110000,1,-58.6964,-54.6316,-58.6964,-237.217,-219.189,-238.049,-350.687,4556.08,4034.04,3532.72,-17.4513,3913830.0,-72.2249,3913760.0,-53.9415,-90.9801,68.8669,-42.6978,9.68218,9.44405,8.97706,3820550.0,-92.5815,39.7325,-40.3169,3913480.0,6.7382,5.75111,4.8471,2,LLLALLLGVLLITLLGFLILI,ALLLGVLLITLLGFL,0.2451088479229511,0.0570616356692416,G,99999900.0,-18.283400000000007,0.0,0.8319999999999936,522.04,-0.0350229867443108,0.0,0.0015937476055474555,-0.033429047582560725
LLLAALLVFLLGLLLGSLILI_0,110011001100110000,1,-68.6158,-72.351,-60.3448,-219.874,-219.634,-233.286,-345.681,4516.22,3691.01,3524.34,-17.444,3689.93,-74.6359,3636.23,-52.0505,-45.5862,63.1985,-46.5198,7.4923,1.86973,1.31771,2616.96,-47.9501,60.2066,-41.6343,3344.24,7.3755,1.8204,1.2235,0,LLLAALLVFLLGLLLGSLILI,AALLVFLLGLLLGSL,0.975035885001462,0.0578734351400339,G,99999900.0,-22.585400000000007,-8.270999999999994,13.412000000000006,825.21,-0.027369275699518917,-0.010022903260988104,0.016252832612304754,-0.021138861623101995
LLLFYLLVALLTALLSALILI_1,110011001100110000,1,-80.7977,-80.7731,-74.2943,-231.97,-228.93,-240.558,-348.633,4629.13,4023.41,4027.05,-17.4369,-17.0378,-53.3022,-55.9671,-33.7799,-20.7736,100.11,-46.1418,8.94881,3.13089,3.13253,-15.5685,-22.0295,90.9785,-43.2966,-364.325,8.7631,2.08652,1.9512,1,LLLFYLLVALLTALLSALILI,FYLLVALLTALLSAL,0.3623488393092868,0.0423246663614168,R,99999900.0,-19.5223,-6.503399999999999,8.587999999999994,605.7200000000003,-0.032229908208413115,-0.01073664399392458,0.014178168130489319,-0.02878706332959122
LLLYLLLTTLLVALLSFLILI_1,110011001100110000,1,-87.9371,-87.9371,-87.9959,-238.205,-236.558,-252.163,-374.279,4688.72,4015.91,3860.64,-17.429,-11.2496,-65.5657,-61.0334,-34.1198,-42.2666,83.4646,-46.9804,8.83386,4.10771,3.85968,-8.44465,-39.6639,79.8581,-44.5898,-381.765,9.0,3.23043,2.9283,1,LLLYLLLTTLLVALLSFLILI,YLLLTTLLVALLSFL,0.4630270587858406,0.0526746968662666,R,99999900.0,-31.44590000000001,0.05880000000000507,13.957999999999998,672.8100000000004,-0.0467381578751802,8.739465822446907e-05,0.020745827202330508,-0.025904787384254082
LLLVSLLLTLLFALLAALILI_2,110011001100110000,1,-69.7382,-68.3122,-58.8371,-225.314,-216.629,-238.444,-354.33,4526.32,3752.42,3618.95,-17.4192,670253.0,-76.6972,670184.0,-57.0493,-39.7351,75.7471,-44.2656,8.28756,2.68612,2.32233,637231.0,-39.4873,64.1407,-35.0,669899.0,8.1341,1.08209,0.544201,2,LLLVSLLLTLLFALLAALILI,VSLLLTLLFALLAAL,0.4109824736415383,0.0156285932397277,R,99999900.0,-19.647899999999993,-10.901100000000007,13.129999999999995,773.8999999999996,-0.025388163845458073,-0.014085928414523856,0.01696601628117328,-0.022508334410130518
LLLYLLLAVLLGTLLIFLILI_1,110011001100110000,1,-58.7596,-55.425,-58.7596,-241.775,-234.641,-249.854,-352.023,4685.87,4076.94,3791.92,-17.419,1166.39,-68.9069,1104.44,-43.4087,-52.5348,72.7722,-42.265,9.00991,4.20447,3.79605,1113.28,-49.156,60.31,-42.3523,1168.9,7.5,2.01525,1.4199,1,LLLYLLLAVLLGTLLIFLILI,YLLLAVLLGTLLIFL,0.1414887972907212,0.0355116276194759,G,99999900.0,-25.49819999999999,0.0,8.079000000000008,608.9299999999998,-0.04187377859524083,0.0,0.013267534856223227,-0.028605915294040375
LLLYYLLILLLATLLSFLILI_1,110011001100110000,1,-74.1087,-74.1087,-74.1087,-246.134,-240.077,-256.879,-362.174,4773.12,4048.1,3879.8,-17.404,-16.7775,-59.3349,-64.7657,-31.186,-77.9377,60.5379,-46.846,8.92871,6.36328,5.77135,-15.9584,-77.3567,49.5493,-44.6559,-378.578,8.4065,4.79266,4.0359,1,LLLYYLLILLLATLLSFLILI,YYLLILLLATLLSFL,0.1893216346285347,0.0231244262935392,R,99999900.0,-28.148899999999998,0.0,10.745000000000033,725.02,-0.03882499793109155,0.0,0.014820280819839498,-0.0240048550384817
LLLTYLLVALLAILLSALILI_0,110011001100110000,1,-74.5722,-76.5555,-60.361,-229.015,-227.845,-247.246,-365.24,4569.48,3811.19,3796.41,-17.3877,-19.3787,-79.0405,-80.2182,-57.6328,-57.0812,74.8793,-46.6475,7.81894,5.17089,4.79407,-15.6314,-60.9952,66.9175,-43.9619,-384.619,8.062,4.68314,4.1869,0,LLLTYLLVALLAILLSALILI,TYLLVALLAILLSAL,0.3067477338713142,0.0263859860671344,R,99999900.0,-21.40769999999999,-14.211199999999998,18.231000000000023,758.2899999999995,-0.028231547297208198,-0.018741114876894074,0.024042252963905674,-0.0229301454588614
LLLTWLLVALLLALLFSLILI_2,110011001100110000,1,-60.3561,-52.6886,-60.3561,-233.311,-230.27,-249.34,-368.816,4642.86,3762.34,3579.11,-17.3864,6.00495,-92.535,-79.8522,-59.1197,-18.4636,86.6623,-42.0161,8.11448,0.968959,0.768893,7.39282,-15.4874,85.0293,-35.0,-361.784,8.24,0.30206,0.0774989,2,LLLTWLLVALLLALLFSLILI,TWLLVALLLALLFSL,0.6269551406656595,0.0599244084571858,R,99999900.0,-33.415299999999995,0.0,16.028999999999996,880.5199999999995,-0.03794950710943535,0.0,0.018204015808840235,-0.019745604869849644
LLLLAFLLLVLATLLLSLILI_0,110011001100110000,1,-74.2686,-74.2686,-74.2686,-226.892,-215.577,-242.312,-370.262,4658.05,3698.89,3688.41,-17.3858,146.686,-86.4874,66.2698,-53.6814,-53.1081,84.735,18.0569,10.0185,5.90544,5.67646,95.6356,-56.6384,70.3623,26.5287,-223.576,9.5,4.49467,4.0501,0,LLLLAFLLLVLATLLLSLILI,LAFLLLVLATLLLSL,0.2724333131333187,0.0195756487890579,L,99999900.0,-32.806,0.0,15.420000000000016,959.1600000000003,-0.034202844155302545,0.0,0.016076566996121616,-0.0181260686433963
LLLTSLLLALLFGLLAALILI_1,110011001100110000,1,-53.462,-54.3299,-44.9597,-223.144,-223.692,-245.159,-348.23,4515.14,3734.79,3631.58,-17.3792,-13.9153,-89.0035,-84.1239,-58.112,-35.198,72.9776,-38.6911,7.55321,1.63168,1.22635,-14.6137,-33.5044,71.7656,-37.0663,-363.654,7.3729,1.21402,0.790504,1,LLLTSLLLALLFGLLAALILI,TSLLLALLFGLLAAL,0.3612174599709534,0.0314488050875132,G,99999900.0,-30.8915,-8.502300000000005,22.014999999999986,780.3500000000004,-0.039586723905939626,-0.01089549561094381,0.028211699878259725,-0.022271032229127945
LLLSYLLVLLLAALLTFLILI_0,110011001100110000,1,-75.6212,-71.267,-58.865,-231.849,-231.502,-255.165,-359.374,4657.72,3861.96,3837.68,-17.3628,-11.0959,-69.2669,-67.7014,-45.3447,-74.4411,58.6818,-44.3088,8.67734,5.58821,4.96844,-10.9998,-77.6256,57.7497,-43.493,-370.47,8.7997,5.94005,5.3063,0,LLLSYLLVLLLAALLTFLILI,SYLLVLLLAALLTFL,0.3340235630730655,0.0502023922267151,R,99999900.0,-23.922200000000004,-16.7562,23.316000000000003,795.7600000000002,-0.030062079018799634,-0.021056851311953347,0.0293002915451895,-0.021819141449683315
LLLYLLLVTLLAILLSFLILI_0,110011001100110000,1,-74.329,-74.212,-74.212,-241.556,-236.581,-252.445,-367.341,4697.25,4160.02,4005.69,-17.3541,-12.5467,-68.8106,-69.0943,-40.6841,-54.1612,67.7107,-42.941,8.16455,3.76512,3.28078,-12.6445,-50.8571,62.3289,-43.2727,-379.888,8.14,2.54297,1.9779,0,LLLYLLLVTLLAILLSFLILI,YLLLVTLLAILLSFL,0.1651999981107033,0.0553516650929455,R,99999900.0,-28.126499999999993,-0.11699999999999022,10.888999999999982,537.2299999999996,-0.05235467118366438,-0.0002177838169871197,0.020268786180965306,-0.032302924259628114
LLLLALLIALLLVLTFLLILI_2,110011001100110000,1,-58.9132,-58.9312,-58.9132,-239.286,-232.989,-244.421,-367.747,4609.31,3806.71,3699.7,-17.3519,37.1945,-86.9,-38.6318,-64.4126,-54.4576,85.9419,20.8066,10.0146,6.27079,6.05992,30.2508,-62.8439,56.9541,19.0347,-323.335,9.5,3.61539,2.9697,2,LLLLALLIALLLVLTFLLILI,LALLIALLLVLTFLL,0.3298512541613452,0.0746586349880986,L,99999900.0,-22.487400000000008,0.0,5.134999999999991,802.6000000000004,-0.028018190879641164,0.0,0.006397956640917006,-0.02161961126339396
LLLVALLLALISLLFTLLILI_0,110011001100110000,1,-67.164,-74.267,-74.267,-221.857,-214.017,-242.541,-371.017,4579.28,3627.78,3632.2,-17.3459,-9.80502,-99.3414,-92.538,-54.2093,-100.958,45.9316,24.1387,8.294,7.8444,7.03338,-9.38282,-105.337,33.689,23.5124,-380.822,8.7221,6.84857,5.85391,0,LLLVALLLALISLLFTLLILI,VALLLALISLLFTLL,0.5721186885508217,0.1085562782717039,L,99999900.0,-45.132099999999994,7.102999999999994,20.683999999999997,951.4999999999995,-0.04743258013662639,0.007465055176037833,0.021738307934839735,-0.018230057803468216
LLLAYLLLTLLAVLLSILILI_1,110011001100110000,1,-81.4582,-70.9911,-74.1748,-231.697,-231.045,-245.795,-379.06,4574.21,3867.77,3869.2,-17.3432,-4.88636,-83.2476,-81.9102,-59.0898,-41.9551,70.1411,-45.9661,8.52025,2.26231,1.81443,-9.16362,-39.1622,65.3604,-43.9197,-388.295,8.4916,1.19799,0.678397,1,LLLAYLLLTLLAVLLSILILI,AYLLLTLLAVLLSIL,0.4792072744997657,0.0361600206015927,R,99999900.0,-24.15780000000001,-7.2834,14.097999999999985,706.44,-0.03419653473755734,-0.01031000509597418,0.01995640110978991,-0.024550138723741576
LLLLILLLYLLAVLFSLLILI_2,110011001100110000,1,-60.4566,-60.4566,-60.4566,-234.907,-240.402,-249.147,-365.696,4655.27,3799.32,3616.96,-17.3431,-1.1723,-87.6748,-66.0097,-56.0924,-46.9089,92.5531,24.6391,9.90885,6.03101,5.9193,-0.719809,-51.3386,79.3507,24.4338,-357.899,9.5,4.91314,4.6034,2,LLLLILLLYLLAVLFSLLILI,LILLLYLLAVLFSLL,0.5608383566572854,0.1280214532840242,L,99999900.0,-31.582400000000007,0.0,14.23999999999998,855.9500000000003,-0.03689748232957532,0.0,0.016636485776038292,-0.020261814358315314
LLLLIILLFLLAVLYLLLILI_0,110011001100110000,1,-45.0625,-45.0625,-45.0625,-234.734,-218.495,-250.633,-358.777,4709.06,3826.69,3651.66,-17.3356,63.9438,-96.316,-31.2758,-63.0809,-55.0152,67.8573,24.0649,10.0676,3.91302,3.43088,51.8532,-59.6597,51.275,27.3954,-294.833,9.319,2.37108,1.6402,0,LLLLIILLFLLAVLYLLLILI,LIILLFLLAVLYLLL,0.1229082126604268,0.0168690482514013,L,99999900.0,-33.2351,0.0,15.899000000000001,882.3700000000003,-0.037665718462776374,0.0,0.018018518308646026,-0.01964663349841902
LLLLYLLVILLITLLFLLILI_0,110011001100110000,1,-58.8513,-58.8513,-58.8513,-243.597,-219.856,-253.52,-366.942,4768.25,3690.18,3658.27,-17.3345,5118.33,-81.8278,5030.09,-54.5703,-65.6602,70.5111,16.2524,10.6776,5.86803,5.4257,4270.33,-67.0014,49.6286,18.3874,4751.38,9.5,3.25007,2.4945,0,LLLLYLLVILLITLLFLLILI,LYLLVILLITLLFLL,0.2136139042797615,0.0508366919569141,L,99999900.0,-27.257499999999993,0.0,9.923000000000002,1078.0700000000002,-0.025283608671051033,0.0,0.009204411587373732,-0.016079197083677308
LLLFYLLVTLLIALLSLLILI_1,110011001100110000,1,-82.4049,-75.9661,-74.2156,-235.464,-238.457,-248.644,-366.683,4715.03,3938.61,3941.93,-17.333,-1.01083,-66.1467,-53.2707,-43.823,-20.6982,83.7392,-46.8897,8.81663,0.909531,0.66562,-9.47224,-20.5827,81.7293,-45.0,-375.999,9.0,0.620861,0.346801,1,LLLFYLLVTLLIALLSLLILI,FYLLVTLLIALLSLL,0.3735356403440735,0.0589236188354486,R,99999900.0,-22.323699999999995,-8.189300000000003,13.180000000000007,776.4199999999996,-0.028752092939388484,-0.01054751294402515,0.01697534839391053,-0.022324257489503112
LLLYSLLVALLATLLFLLILI_0,110011001100110000,1,-69.5058,-69.5547,-58.7878,-227.464,-224.797,-251.661,-352.502,4735.47,3865.35,3799.55,-17.3323,-11.1742,-72.8648,-69.3241,-42.0534,-56.7436,67.6482,-43.3411,7.82094,4.14404,3.65876,-14.1333,-54.4223,72.8251,-42.2813,-363.676,8.0,4.49473,4.08711,0,LLLYSLLVALLATLLFLLILI,YSLLVALLATLLFLL,0.268091094704867,0.0391754118614198,R,99999900.0,-30.8114,-10.717999999999996,24.197000000000003,870.1200000000003,-0.03541051808945891,-0.012317841217303352,0.02780880798050843,-0.01991943639957706
LLLYALLLALLTVLLIILILI_2,110011001100110000,1,-58.9874,-58.9874,-58.9874,-243.128,-243.449,-251.02,-370.928,4672.41,3891.21,3861.98,-17.33,31.627,-86.142,-36.8641,-60.9202,-40.1306,105.147,-37.1704,9.19613,6.71446,6.79167,33.2475,-37.4133,92.6227,-39.292,-337.349,8.9987,4.61606,4.5054,2,LLLYALLLALLTVLLIILILI,YALLLALLTVLLIIL,0.4231028783660723,0.0201249205039305,R,99999900.0,-25.221799999999995,0.0,7.892000000000024,781.1999999999998,-0.032285970302099336,0.0,0.010102406554019491,-0.02218381976446493
LLLYALLGALLGVLLSTLILI_1,110011001100110000,1,-86.3707,-78.083,-74.1216,-213.695,-218.515,-238.824,-352.708,4493.72,3754.78,3748.73,-17.3237,-6.48659,-69.9659,-62.5968,-39.7617,-72.47,62.6269,-46.1063,6.49707,5.82512,5.26453,-5.35153,-68.8165,69.6202,-43.3499,-358.141,7.0847,6.2212,5.7655,1,LLLYALLGALLGVLLSTLILI,YALLGALLGVLLSTL,0.7787419461945801,0.0565080661175479,G,99999900.0,-30.204200000000007,-12.249099999999999,25.12900000000002,738.94,-0.04087503721547082,-0.01657658267247679,0.03400682058083203,-0.023443987333207024
LLLLVALLLTLISLLALLILI_1,110011001100110000,1,-74.2165,-74.2165,-74.2165,-233.047,-230.415,-241.492,-388.221,4537.79,3741.03,3659.33,-17.3127,-13.2038,-98.27,-96.7929,-72.513,-13.5096,101.373,25.42,9.57993,2.21174,2.23233,0.00549605,-15.856,85.056,19.3699,-388.469,9.4176,0.36096,0.1368,1,LLLLVALLLTLISLLALLILI,LVALLLTLISLLALL,0.513322549193751,0.0367230981151861,L,99999900.0,-25.75699999999999,0.0,8.444999999999993,796.7599999999998,-0.032327175058988904,0.0,0.010599176665495251,-0.021728876951654204
LLLAILLVTLLFTLLSALILI_2,110011001100110000,1,-87.9502,-87.938,-87.9257,-228.044,-225.544,-241.359,-371.629,4507.11,3831.94,3726.74,-17.3082,-15.3566,-72.9434,-73.5038,-42.3448,-37.1826,81.9889,-45.3964,8.58431,3.1459,2.87573,-13.8022,-34.3116,78.2924,-42.6631,-385.457,8.583,2.21621,1.8906,2,LLLAILLVTLLFTLLSALILI,AILLVTLLFTLLSAL,0.4065213684652896,0.0530072586346829,R,99999900.0,-30.598599999999998,-0.024499999999989086,13.314999999999998,675.1699999999996,-0.04531984537227663,-3.628715730851356e-05,0.019720959165839724,-0.025635321474591598
LLLVALLTILLALLLSFLILI_2,110011001100110000,1,-74.2311,-74.2018,-74.2018,-235.494,-228.463,-242.537,-374.214,4552.68,3932.63,3786.79,-17.2932,-2.82584,-81.7819,-74.3755,-57.4752,-69.6006,70.788,-34.2214,8.10918,6.49648,6.0583,-6.33214,-65.4251,62.8523,-35.0,-381.92,8.0148,4.79882,4.2416,2,LLLVALLTILLALLLSFLILI,VALLTILLALLLSFL,0.4065685148227722,0.0312097047524252,R,99999900.0,-24.306699999999992,-0.02929999999999211,7.043000000000006,620.0500000000002,-0.03920119345214093,-4.725425368920587e-05,0.011358761390210474,-0.02789000887025239
LLLAILLVTLLFTLLSLLILI_0,110011001100110000,1,-87.938,-87.938,-87.9257,-230.383,-226.862,-245.392,-383.099,4548.68,3794.96,3698.06,-17.2903,-13.7979,-82.0686,-82.0966,-49.7813,-31.9349,86.3054,-42.9455,8.6316,2.94147,2.73605,-13.6208,-34.3116,78.2924,-42.6631,-396.897,8.583,2.21621,1.8906,0,LLLAILLVTLLFTLLSLLILI,AILLVTLLFTLLSLL,0.3667757661854667,0.0800261843309912,R,99999900.0,-32.2873,-0.012299999999996203,15.008999999999986,753.7200000000003,-0.042837260521148425,-1.6319057474919332e-05,0.019913230377328426,-0.02293995117550283
LLLYALLVTLLFTLLSALILI_2,110011001100110000,1,-88.0071,-87.3649,-88.0071,-235.816,-229.769,-249.234,-360.726,4636.33,4039.79,3946.56,-17.2842,-10.5563,-54.1879,-54.1488,-23.485,-35.5188,82.2929,-37.5886,8.95496,2.93737,2.67176,-13.8086,-33.8776,77.6117,-38.0523,-374.292,8.9754,2.05922,1.7234,2,LLLYALLVTLLFTLLSALILI,YALLVTLLFTLLSAL,0.2553669312010534,0.0426159465493647,R,99999900.0,-30.7029,0.0,13.418000000000006,596.54,-0.051468300533074066,0.0,0.022493043215878243,-0.028974083883729507
LLLLYLLTILLFLLTSLLILI_0,110011001100110000,1,-87.9684,-78.2884,-87.9556,-238.418,-226.323,-252.65,-384.45,4675.67,3711.58,3500.09,-17.2743,1599.06,-75.3386,1519.22,-43.8447,-57.7851,82.264,18.0394,10.8992,6.27341,6.00737,1513.83,-52.6153,78.89,21.7839,1214.61,8.5648,5.04245,4.7258,0,LLLLYLLTILLFLLTSLLILI,LYLLTILLFLLTSLL,0.502216946751457,0.0724319786304163,L,99999900.0,-31.493899999999996,-0.01279999999999859,14.232,964.0900000000001,-0.03266697092595089,-1.3276768766400012e-05,0.01476210727214264,-0.0179177255235507
LLLLWILLFVLATLLSLLILI_1,110011001100110000,1,-74.2018,-74.2018,-74.2018,-243.053,-221.638,-250.593,-379.371,4615.41,3843.91,3698.91,-17.2652,113769.0,-79.3818,113685.0,-54.5767,-64.2674,77.9996,18.6196,10.494,6.67006,6.34005,-6.314,-61.1356,66.6024,18.8408,-385.775,9.4667,4.66166,4.1607,1,LLLLWILLFVLATLLSLLILI,LWILLFVLATLLSLL,0.3049735704115638,0.0191694443328914,L,99999900.0,-24.805099999999996,0.0,7.539999999999992,771.5,-0.032151782242384956,0.0,0.009773169151004527,-0.022378742709008425
LLLYSLLLILLFALLVILILI_2,110011001100110000,1,-52.6785,-58.3991,-45.1129,-242.845,-237.009,-254.902,-355.426,4705.37,3966.64,3826.01,-17.2643,1095.91,-77.1662,1035.89,-55.4109,-52.0008,82.9183,-43.0499,9.31793,5.49409,5.23786,767.849,-47.5855,75.0258,-37.5493,504.129,8.189,3.76631,3.3917,2,LLLYSLLLILLFALLVILILI,YSLLLILLFALLVIL,0.1926517262940594,0.0770027364700647,R,99999900.0,-21.755300000000005,-7.565599999999996,12.056999999999988,738.73,-0.02944959592814696,-0.010241360172187398,0.0163212540441027,-0.023370243526051465
LLLFYLLTALLATLLVLLILI_0,110011001100110000,1,-78.8553,-78.7622,-72.5928,-231.282,-228.38,-245.765,-356.698,4674.19,4000.86,4077.14,-17.2468,-14.7729,-63.8083,-64.3291,-38.3403,-26.8337,99.7229,-43.601,8.92784,3.98765,3.9835,-14.0645,-25.8235,96.0591,-44.6308,-371.471,8.886,3.34151,3.2824,0,LLLFYLLTALLATLLVLLILI,FYLLTALLATLLVLL,0.3438324527797217,0.01502717893218,R,99999900.0,-25.468000000000004,-6.262500000000003,14.482999999999976,673.3299999999995,-0.03782394962351302,-0.009300788617765446,0.021509512423328808,-0.025614186208842638
LLLAYLLVTLLFTLLILLILI_0,110011001100110000,1,-75.845,-76.5132,-72.6751,-241.296,-235.668,-252.313,-365.579,4671.95,3905.29,3755.31,-17.2467,101.505,-65.6844,48.1071,-40.5911,-22.8963,89.137,-40.8358,9.70978,1.96793,1.80499,102.26,-18.4173,84.5167,-38.5607,-264.074,9.0,0.672349,0.440099,0,LLLAYLLVTLLFTLLILLILI,AYLLVTLLFTLLILL,0.659161314399503,0.1231118427571752,R,99999900.0,-25.0933,-3.1698999999999984,11.016999999999996,766.6599999999999,-0.03273067591892104,-0.004134688127722849,0.014370124957608324,-0.02249589126861973
LLLTVLLLALLAALLSILILI_0,110011001100110000,1,-62.9523,-62.0778,-60.4169,-227.345,-222.483,-239.792,-377.242,4490.53,3806.04,3724.55,-17.2467,-8.62118,-104.191,-101.302,-77.0328,-26.5758,97.082,-44.877,7.77446,3.59244,3.54867,-8.01996,-31.2213,81.346,-45.0,-385.863,8.0964,2.16491,1.8851,0,LLLTVLLLALLAALLSILILI,TVLLLALLAALLSIL,0.3728515200067571,0.0244028679724359,R,99999900.0,-27.158200000000008,-2.5354000000000028,12.447000000000003,684.4899999999998,-0.03967654750252015,-0.0037040716445821027,0.018184341626612525,-0.02519642361466202
LLLLYLLVILLFALLSILILI_0,110011001100110000,1,-61.2856,-60.4568,-60.4568,-238.923,-234.603,-248.184,-360.073,4680.14,3945.54,3895.07,-17.2367,54.7181,-77.101,-10.295,-51.4322,-18.3344,99.3837,-48.6377,9.13138,2.66696,2.65772,51.4889,-15.3,92.7153,-45.0,-305.355,8.8215,1.31157,1.2023,0,LLLLYLLVILLFALLSILILI,LYLLVILLFALLSIL,0.3423371635486028,0.0741857363063125,R,99999900.0,-25.668799999999997,-0.8288000000000011,9.260999999999996,734.6000000000004,-0.034942553770759575,-0.00112823305200109,0.012606860876667562,-0.023464062074598408
LLLAILLLTLLAVLLSLLILI_2,110011001100110000,1,-74.2773,-74.1985,-74.2773,-229.731,-225.444,-241.192,-392.12,4526.0,3814.64,3774.79,-17.2342,-6.3945,-105.345,-98.8714,-76.6498,-44.1242,86.3907,-46.7626,8.58057,4.78137,4.57723,-4.512,-36.2869,84.2404,-44.7529,-396.839,9.0,3.31549,3.0791,2,LLLAILLLTLLAVLLSLLILI,AILLLTLLAVLLSLL,0.4072881147240113,0.0444841522499551,R,99999900.0,-28.6952,0.0,11.461000000000013,711.3600000000001,-0.04033850652271704,0.0,0.016111392262708066,-0.024227114260008994
LLLLYWLLAVLLILLFTLILI_1,110011001100110000,1,-58.9034,-51.7484,-58.9034,-239.964,-231.202,-255.517,-358.181,4697.61,3934.31,3656.62,-17.2281,68.4847,-76.5416,-6.74564,-43.7602,-15.1983,102.013,25.8412,10.1201,2.55148,2.58167,66.1548,-7.68243,98.1969,18.0,-292.367,9.1491,0.908946,0.8819,1,LLLLYWLLAVLLILLFTLILI,LYWLLAVLLILLFTL,0.4831427071929511,0.1439602475221018,L,99999900.0,-32.781400000000005,0.0,15.552999999999997,763.2999999999997,-0.042946940914450435,0.0,0.020375998951919303,-0.022570548932267794
LLLYWLLAALLVALLSTLILI_0,110011001100110000,1,-74.2355,-74.1453,-74.2355,-229.669,-224.074,-247.671,-363.115,4637.08,3774.24,3719.02,-17.2252,-4.54894,-76.4359,-69.4449,-41.2081,-10.865,102.716,-41.1154,8.0942,1.99644,2.03719,-5.98003,-15.029,89.2957,-37.6435,-367.664,8.2413,0.809265,0.6487,0,LLLYWLLAALLVALLSTLILI,YWLLAALLVALLSTL,0.2802421546532286,0.0056547545996077,R,99999900.0,-35.2278,0.0,18.00199999999998,862.8400000000001,-0.04082773167678828,0.0,0.0208636595429048,-0.019963376755829584
LLLYALLAVLLGTLLSFLILI_1,110011001100110000,1,-74.0075,-58.7596,-74.0075,-236.04,-226.891,-244.853,-349.327,4593.27,4117.85,3831.75,-17.2181,814.993,-56.4973,751.317,-30.4668,-49.3955,75.582,-49.401,8.34995,4.11289,3.74662,682.494,-49.156,60.31,-42.3523,447.541,7.5,2.01525,1.4199,1,LLLYALLAVLLGTLLSFLILI,YALLAVLLGTLLSFL,0.1424067096681827,0.1164102200638537,G,99999900.0,-26.030500000000004,0.0,8.813000000000017,475.4200000000001,-0.05475263977114972,0.0,0.018537293340625163,-0.036216608472508516
LLLVTLLFSLLGALLSLLILI_0,110011001100110000,1,-83.5124,-84.5615,-75.6823,-219.224,-218.541,-239.065,-368.098,4572.4,3651.88,3710.84,-17.1925,-16.3438,-82.5534,-81.3388,-53.3502,-44.1856,78.9213,-43.2586,7.21453,3.78221,3.46603,-15.4456,-42.921,79.469,-43.7354,-384.441,7.3097,3.66647,3.35851,0,LLLVTLLFSLLGALLSLLILI,VTLLFSLLGALLSLL,0.523474448694754,0.0206145457679114,G,99999900.0,-29.203199999999995,-7.830100000000002,19.841000000000008,920.5199999999995,-0.0317246773562769,-0.00850617042541173,0.02155412158345285,-0.0186769434667362
LLLYALLTALLSVLLFLLILI_0,110011001100110000,1,-76.9671,-75.5846,-74.353,-237.886,-232.197,-249.984,-363.849,4680.48,3978.41,3899.8,-17.1908,-11.7705,-66.1864,-67.838,-39.5121,-54.852,85.1003,-42.8372,8.18547,6.21634,5.99285,-11.6538,-55.1691,76.5276,-42.1376,-375.62,8.1639,5.10659,4.7545,0,LLLYALLTALLSVLLFLLILI,YALLTALLSVLLFLL,0.378112635320283,0.0307783982900653,R,99999900.0,-26.67430000000001,-2.6141000000000076,12.098000000000013,702.0699999999997,-0.03799378979304061,-0.0037234178928027242,0.017231899952996167,-0.024485877476604908
LLLYALLVALLATLLSWLILI_0,110011001100110000,1,-78.6151,-81.0313,-74.1382,-233.348,-228.057,-247.844,-364.534,4621.58,4080.12,4042.9,-17.1848,-13.2476,-69.7557,-68.6937,-42.5521,-26.9263,111.465,-44.4486,8.69991,5.58675,5.75873,-13.2129,-31.0165,97.6795,-42.1335,-377.782,9.0,4.33921,4.3044,0,LLLYALLVALLATLLSWLILI,YALLVALLATLLSWL,0.3237081247120052,0.0441951586205486,R,99999900.0,-27.2036,-4.4769000000000005,14.495999999999981,541.46,-0.050241199719277506,-0.008268200790455435,0.026772060724707235,-0.03173789384257378
LLLAYLLTVLLAFLLSLLILI_2,110011001100110000,1,-73.1197,-74.263,-74.078,-233.326,-229.207,-247.884,-362.85,4631.8,3763.03,3784.58,-17.1846,1.61048,-73.5885,-57.7698,-40.8881,-73.1814,59.76,-39.9378,8.63057,5.5448,4.9412,-13.3041,-70.3387,54.5426,-41.9287,-376.441,8.5396,4.41406,3.7322,2,LLLAYLLTVLLAFLLSLLILI,AYLLTVLLAFLLSLL,0.5951030811331609,0.0164382667994673,R,99999900.0,-32.700399999999995,0.9583000000000084,14.557999999999993,868.77,-0.03763988167178885,0.001103053742647661,0.01675702429872117,-0.019780379156738838
LLLTYLLVALLAILLILLILI_1,110011001100110000,1,-60.7362,-59.4375,-45.06,-236.229,-233.389,-253.397,-369.954,4634.81,3759.4,3756.36,-17.1792,-1.28623,-90.1677,-78.4137,-71.4971,-64.5033,70.103,-43.7798,8.2908,5.6394,5.19095,5.52023,-60.9952,66.9175,-43.9619,-359.242,8.062,4.68314,4.1869,1,LLLTYLLVALLAILLILLILI,TYLLVALLAILLILL,0.240889194736812,0.0564332397448091,R,99999900.0,-18.670599999999993,-15.676199999999994,17.167999999999978,875.4100000000003,-0.02132783495733426,-0.017907266309500677,0.019611382095246765,-0.019624176100341548
LLLLYVLLLILITLLFSLILI_0,110011001100110000,1,-74.2185,-74.2185,-74.2185,-237.118,-226.953,-252.028,-372.372,4671.3,3672.68,3532.41,-17.1626,31222.3,-78.1981,31151.1,-46.1256,-53.3201,79.876,19.7602,10.0695,5.28127,4.97941,23439.1,-62.5739,62.4261,19.1703,30849.9,9.1885,4.31361,3.75,0,LLLLYVLLLILITLLFSLILI,LYVLLLILITLLFSL,0.4344667152985786,0.0532363766403337,L,99999900.0,-32.0725,0.0,14.909999999999997,998.6200000000003,-0.032116821213274305,0.0,0.014930604233842694,-0.017186317117622314
LLLYLLLTVLLALLFSLLILI_0,110011001100110000,1,-70.4824,-70.5571,-74.1713,-235.041,-222.937,-253.037,-373.845,4694.69,3865.89,3754.01,-17.1449,62.6329,-85.4657,-17.7177,-46.6362,-105.613,17.6092,26.8792,9.45526,4.71916,3.4833,62.8656,-105.587,2.45296,19.0015,-311.212,9.4143,2.6692,1.20599,0,LLLYLLLTVLLALLFSLLILI,YLLLTVLLALLFSLL,0.2638477368650139,0.0931276792986719,L,99999900.0,-38.829499999999996,3.688900000000004,17.99600000000001,828.7999999999997,-0.04685026544401545,0.004450892857142863,0.02171332046332048,-0.0206864140926641
LLLYLLLAVLIILLFSLLILI_2,110011001100110000,1,-60.4566,-60.4566,-60.4566,-237.613,-236.655,-253.957,-363.382,4721.08,3858.88,3745.91,-17.1395,-4.47544,-82.4515,-70.7457,-48.9678,-106.481,31.1404,23.3535,9.77997,6.67612,5.64323,6.35026,-110.96,14.1167,21.5291,-357.769,9.2522,5.04976,3.76151,2,LLLYLLLAVLIILLFSLLILI,YLLLAVLIILLFSLL,0.0894087335857887,0.055260169321106,L,99999900.0,-33.4837,0.0,16.343999999999994,862.1999999999998,-0.038835189051264214,0.0,0.018956158663883088,-0.019878798422639767
LLLYALLTVLFLLLASLLILI_2,110011001100110000,1,-70.6267,-70.6267,-74.1521,-233.979,-233.179,-250.025,-363.652,4664.99,3876.65,3863.73,-17.1386,-4.89293,-76.1851,-64.7392,-39.4743,-102.882,26.9818,24.6359,8.88188,5.57484,4.47957,-1.06366,-107.499,6.70704,26.7755,-364.529,9.3626,3.5303,2.13091,2,LLLYALLTVLFLLLASLLILI,YALLTVLFLLLASLL,0.2598529128387837,0.0213725622050193,L,99999900.0,-36.710800000000006,3.5254000000000048,16.045999999999992,788.3399999999997,-0.046567217190552325,0.004471928355785582,0.020354161909835855,-0.02174011213435828
LLLVYLLTALLAALLSLLILI_0,110011001100110000,1,-81.4866,-81.7558,-74.1035,-226.05,-221.786,-239.026,-369.463,4570.86,3698.65,3714.8,-17.1378,23.806,-79.0643,-42.1148,-56.334,-16.2079,99.8532,-38.2787,8.93183,2.41137,2.40916,27.9723,-17.5234,92.7586,-35.0,-345.657,8.8654,1.65092,1.5423,0,LLLVYLLTALLAALLSLLILI,VYLLTALLAALLSLL,0.4560971180044773,0.1164475384543111,R,99999900.0,-22.7303,-7.383099999999999,12.975999999999999,872.2099999999996,-0.026060581740635868,-0.008464819252244302,0.014877151144793118,-0.01964870845323948
LLLFSLLLTLLVALLSYLILI_2,110011001100110000,1,-82.6789,-82.1995,-74.229,-233.956,-230.788,-247.816,-364.127,4659.25,3804.56,3801.78,-17.1213,7290.14,-64.6138,7239.0,-42.0828,-36.1713,78.0732,-42.8806,8.31138,2.46558,2.13668,6380.37,-35.2793,68.608,-36.9944,6926.02,8.5572,1.05398,0.583101,2,LLLFSLLLTLLVALLSYLILI,FSLLLTLLVALLSYL,0.260743095445101,0.0467344078044846,R,99999900.0,-22.531,-8.4499,13.860000000000014,854.69,-0.02636160479238086,-0.009886508558658694,0.01621640594835556,-0.02003217540862769
LLLYVLLFTLLATLLSLLILI_0,110011001100110000,1,-88.1717,-88.4772,-87.8885,-241.692,-233.773,-252.529,-374.939,4657.28,4017.01,3844.73,-17.1135,-7.80995,-62.188,-60.4987,-34.5214,-35.0527,90.1954,-47.9706,7.99115,3.93428,3.78721,-8.48085,-37.5163,77.3551,-44.2381,-382.749,8.0869,2.57038,2.23071,0,LLLYVLLFTLLATLLSLLILI,YVLLFTLLATLLSLL,0.193238663379283,0.1114626753222757,R,99999900.0,-27.666600000000003,-0.2832000000000079,10.836999999999989,640.2699999999995,-0.04321083292985775,-0.00044231339903479485,0.016925671982132535,-0.026728567635528777
LLLTYLLLFLLIALLSILILI_1,110011001100110000,1,-71.0367,-62.7631,-60.5256,-238.97,-239.395,-256.338,-372.43,4666.78,3915.3,3892.24,-17.1128,-7.91454,-79.5368,-78.1863,-55.5666,-33.167,67.1468,-43.1071,8.91584,0.539865,0.0470667,-14.797,-34.7868,66.0885,-41.0973,-387.612,8.9938,0.639973,0.131301,1,LLLTYLLLFLLIALLSILILI,TYLLLFLLIALLSIL,0.2932170275242376,0.0619970402184248,R,99999900.0,-23.9702,-10.511099999999999,17.368000000000023,751.4799999999996,-0.031897322616703055,-0.013987198594772989,0.023111726193644586,-0.022772129664129465
LLLTALLFLLVALLASLLILI_1,110011001100110000,1,-60.3716,-60.3716,-60.3716,-223.666,-219.287,-241.448,-358.864,4573.43,3648.25,3712.54,-17.1112,-5.0583,-91.9372,-84.264,-57.0441,-102.796,37.7018,20.7027,8.89715,7.00911,6.07463,-4.36911,-107.997,20.181,18.0,-363.899,9.1137,5.42398,4.22669,1,LLLTALLFLLVALLASLLILI,TALLFLLVALLASLL,0.4434550323614466,0.1034322571938918,L,99999900.0,-34.893100000000004,0.0,17.78200000000001,925.1800000000003,-0.03771493114853325,0.0,0.019220043667178284,-0.01849499556842992
LLLVALLILLTYLLASLLILI_1,110011001100110000,1,-74.3207,-74.1967,-74.2264,-232.637,-222.525,-244.423,-374.518,4619.82,3768.39,3789.55,-17.1025,9.00753,-84.6627,-68.7884,-55.8689,-94.7332,45.8028,21.4378,9.31898,6.89335,6.08039,-3.46942,-95.4379,32.7408,25.4063,-378.586,9.4526,5.23569,4.2268,1,LLLVALLILLTYLLASLLILI,VALLILLTYLLASLL,0.5943388609748133,0.0452706477651346,L,99999900.0,-28.793800000000005,-0.09430000000000405,11.786000000000001,851.4299999999998,-0.033818164734622944,-0.00011075484772677034,0.013842594223835198,-0.02008679515638397
LLLLVALLLTLIALLASLILI_1,110011001100110000,1,-67.1151,-74.2394,-74.2394,-224.754,-222.241,-237.459,-379.375,4474.83,3579.95,3629.36,-17.0998,14.208,-104.606,-68.6864,-67.6766,-9.29006,108.28,21.8157,9.16023,2.51136,2.63556,-2.17966,-16.2744,89.8543,20.6107,-380.731,9.5,1.07149,0.919304,1,LLLLVALLLTLIALLASLILI,LVALLLTLIALLASL,0.7147790892090939,0.0161985802289147,L,99999900.0,-36.9294,7.124300000000005,12.705000000000013,894.8800000000001,-0.04126743250491686,0.007961179152512073,0.014197434292866094,-0.019108483819059534
LLLSALLVALLGLLLGFLILI_1,110011001100110000,1,-50.1882,-48.6611,-44.9412,-226.323,-224.174,-241.385,-341.418,4515.74,3918.23,3620.79,-17.0973,37718.3,-82.0041,37649.7,-55.0925,-61.3927,57.5494,-46.7812,7.53084,3.47807,2.84131,16054.7,-56.9491,49.4969,-37.5681,37361.4,7.4308,1.72445,0.966904,1,LLLSALLVALLGLLLGFLILI,SALLVALLGLLLGFL,0.2863213605790814,0.0528743156598807,G,99999900.0,-26.911599999999993,-5.247,15.061999999999983,597.5099999999998,-0.045039580927515865,-0.008781442988401871,0.02520794631052198,-0.02861424913390572
LLLLTVLLIILYLLLSFLILI_2,110011001100110000,1,-60.3923,-60.3126,-60.3923,-250.176,-249.892,-253.628,-372.513,4599.72,3787.57,3610.87,-17.0777,47.474,-79.0224,-14.8352,-58.4932,-57.6647,84.5787,20.2343,10.2381,6.56783,6.33651,50.8435,-51.0509,77.9264,26.2034,-322.511,9.0772,4.6777,4.3466,2,LLLLTVLLIILYLLLSFLILI,LTVLLIILYLLLSFL,0.2289232506148274,0.1479784589397924,L,99999900.0,-20.529200000000003,0.0,3.451999999999998,812.1500000000001,-0.025277596503109033,0.0,0.004250446346118326,-0.021027765806809085
LLLFILLLILTALLYVLLILI_1,110011001100110000,1,-58.9052,-58.9052,-58.8808,-229.491,-230.59,-250.682,-361.449,4641.41,3703.15,3749.05,-17.0722,-11.9775,-90.1255,-83.9318,-51.8866,-113.565,15.6032,19.2295,9.59674,5.64114,4.37518,-3.03381,-115.762,1.87941,19.6398,-362.611,9.2964,4.11802,2.64621,1,LLLFILLLILTALLYVLLILI,FILLLILTALLYVLL,0.2650737993651829,0.0286409223047772,L,99999900.0,-38.2389,-0.024399999999999977,21.190999999999974,938.2599999999998,-0.040755121181762,-2.6005584805917318e-05,0.022585424082876792,-0.018195596103425492
LLLYILLFALLTVLLSLLILI_0,110011001100110000,1,-74.3044,-74.3044,-74.3044,-246.376,-234.497,-252.657,-370.435,4681.65,4034.66,3916.43,-17.0605,-9.89261,-66.8145,-71.5264,-43.4737,-35.8762,110.153,-40.0765,9.16442,6.75212,6.90442,-9.88638,-41.9569,84.1671,-45.0,-380.328,9.0,4.15609,3.9186,0,LLLYILLFALLTVLLSLLILI,YILLFALLTVLLSLL,0.2575898062256889,0.039487079219904,R,99999900.0,-23.340799999999994,0.0,6.281000000000006,646.9899999999998,-0.03607598262724308,0.0,0.009708032581647333,-0.026369031978855942
LLLYVLLGALLIILLTLLILI_2,110011001100110000,1,-58.7202,-62.3709,-58.7202,-240.537,-224.664,-249.399,-366.059,4653.45,3923.83,3676.03,-17.0546,55728.6,-83.8562,55649.6,-57.9403,-82.2855,70.8877,-37.9517,9.01295,8.41266,7.97598,37237.7,-72.8097,60.8563,-43.7016,55362.5,6.839,5.63706,5.0499,2,LLLYVLLGALLIILLTLLILI,YVLLGALLIILLTLL,0.2109978292294958,0.0421825638581694,G,99999900.0,-25.9159,0.0,8.861999999999995,729.6199999999999,-0.0355197225953236,0.0,0.012146048628052953,-0.02337463337079576
LLLVYLLTILLALLLIFLILI_1,110011001100110000,1,-58.838,-58.838,-58.838,-241.293,-240.338,-250.137,-363.447,4657.09,3836.32,3800.44,-17.0544,51.7841,-80.3706,-12.4869,-54.472,-68.8673,70.1994,-38.0365,8.37818,6.30701,5.86,44.5508,-65.4251,62.8523,-35.0,-310.565,8.0148,4.79882,4.2416,1,LLLVYLLTILLALLLIFLILI,VYLLTILLALLLIFL,0.2622428173189565,0.0895893437550387,R,99999900.0,-25.898599999999995,0.0,8.843999999999994,820.77,-0.031554028534181315,0.0,0.010775247633319924,-0.02077853722723784
LLLTSLLAVLAALLFLLLILI_2,110011001100110000,1,-66.6794,-48.7909,-44.9965,-223.984,-221.62,-257.463,-365.194,4573.6,3548.98,3579.3,-17.0515,64.6835,-91.5824,-30.1002,-62.7347,-101.237,42.2745,23.7342,9.00931,7.39254,6.52665,49.6078,-103.993,25.621,18.4802,-316.041,9.1959,5.55779,4.44211,2,LLLTSLLAVLAALLFLLLILI,TSLLAVLAALLFLLL,0.3005404155817293,0.0088943221763016,L,99999900.0,-28.84770000000001,-21.682900000000004,33.47900000000001,1024.6200000000003,-0.0281545353399309,-0.021161894165641893,0.032674552517030706,-0.01664177939138412
LLLYALLFILLILLLSVLILI_0,110011001100110000,1,-60.4972,-60.4972,-60.4678,-251.291,-238.453,-254.769,-366.076,4735.38,4100.98,3841.78,-17.0464,44.6981,-71.3345,-22.4276,-50.8396,-71.402,68.6437,-32.9361,9.37385,6.47719,6.00684,45.3491,-76.3191,47.1656,-35.0895,-321.378,8.6159,4.31522,3.5227,0,LLLYALLFILLILLLSVLILI,YALLFILLILLLSVL,0.3162756902638116,0.1322874228618622,R,99999900.0,-20.49490000000001,-0.029400000000002535,3.4780000000000086,634.4000000000005,-0.0323059583858764,-4.6343001261038007e-05,0.005482345523329139,-0.02687011349306429
LLLAALLALLTSLLFVLLILI_0,110011001100110000,1,-74.2655,-74.236,-74.236,-224.818,-212.091,-239.503,-366.265,4512.45,3656.7,3641.12,-17.0267,-2.75468,-84.2075,-82.6926,-52.5259,-98.6903,52.3996,21.0916,8.91228,8.37748,7.66348,-1.62928,-98.844,36.4587,23.6923,-369.019,8.9895,6.24852,5.2954,0,LLLAALLALLTSLLFVLLILI,AALLALLTSLLFVLL,0.3546498154054049,0.0115645639051077,L,99999900.0,-31.681599999999996,-0.02949999999999875,14.684999999999974,855.75,-0.03702202746129126,-3.4472684779431785e-05,0.017160385626643265,-0.019896815658778853
LLLLVLLIALLATLLSALILI_0,110011001100110000,1,-73.6071,-73.7253,-74.0464,-229.301,-219.029,-237.062,-379.284,4496.76,3854.02,3803.33,-17.026,-7.28607,-93.4012,-93.8157,-68.1755,-36.6068,94.9008,-41.8149,7.84591,4.80263,4.72614,-6.89541,-40.8345,76.2695,-41.1941,-386.57,8.0,2.92156,2.5656,0,LLLLVLLIALLATLLSALILI,LVLLIALLATLLSAL,0.3729156123086308,0.0466107098975999,R,99999900.0,-25.225700000000003,0.4393000000000029,7.761000000000024,642.7400000000002,-0.0392471294769269,0.0006834801008183757,0.01207486697576006,-0.026489715903786903
LLLYGLLFALLIILLTLLILI_2,110011001100110000,1,-58.7811,-52.8603,-58.7811,-243.219,-229.301,-252.306,-355.146,4707.75,4072.03,3646.3,-17.0137,26755.4,-70.1601,26682.4,-44.0593,-78.7126,63.6395,-36.7182,8.81203,6.89823,6.35282,25675.7,-64.5043,61.457,-37.6682,26400.2,6.656,4.47234,3.89419,2,LLLYGLLFALLIILLTLLILI,YGLLFALLIILLTLL,0.2228134561257837,0.0111595269278089,G,99999900.0,-26.1008,0.0,9.087000000000018,635.7199999999998,-0.041057069149940235,0.0,0.014294028817718525,-0.026762883030264906
LLLAYLLTLLLAILLSFLILI_2,110011001100110000,1,-80.3817,-81.9165,-74.1339,-236.263,-234.162,-249.201,-366.283,4639.3,3904.15,3883.7,-17.0052,-1.553,-66.6437,-51.7581,-42.9486,-41.7753,73.8968,-48.9289,8.60354,2.74237,2.35082,1.88393,-35.2789,74.0431,-44.1963,-378.422,8.7202,1.78765,1.3983,2,LLLAYLLTLLLAILLSFLILI,AYLLTLLLAILLSFL,0.2992731747691188,0.0605248133262602,R,99999900.0,-23.695099999999996,-6.247799999999998,12.937999999999988,735.1500000000001,-0.03223165340406719,-0.008498673740053047,0.017599129429368136,-0.023131605794735763
LLLLYLLLAVLTILLFSLILI_2,110011001100110000,1,-74.2439,-70.489,-74.2439,-235.423,-224.771,-248.316,-366.763,4619.72,3754.36,3629.49,-17.0035,49.4403,-74.0996,-22.0625,-44.203,-20.5462,96.7443,24.1132,10.664,2.64241,2.59357,45.4453,-16.1108,85.7945,18.2467,-322.583,9.3989,0.498883,0.285801,2,LLLLYLLLAVLTILLFSLILI,LYLLLAVLTILLFSL,0.1997130027216702,0.047170257335564,L,99999900.0,-29.896599999999992,0.0,12.893,865.3600000000001,-0.03454816492558009,0.0,0.014899001571600257,-0.01964904779513728
LLLLYALVILLFALLTLLILI_2,110011001100110000,1,-58.918,-58.918,-58.918,-232.457,-219.757,-245.963,-345.22,4763.31,3808.02,3800.15,-17.0015,98.4701,-70.8471,31.9252,-40.3393,-70.116,54.4231,26.3253,10.2346,4.36451,3.68086,83.5967,-70.366,39.5247,25.0484,-246.75,9.5,2.39073,1.4836,2,LLLLYALVILLFALLTLLILI,LYALVILLFALLTLL,0.3608564859018958,0.0842151057243991,L,99999900.0,-30.507799999999996,0.0,13.506,955.2900000000004,-0.031935642579740166,0.0,0.014138115127343523,-0.017797213411634157
LLLVALLAALLFTLLSILILI_1,110011001100110000,1,-74.091,-74.091,-74.091,-230.008,-225.834,-237.857,-362.347,4529.77,3788.3,3783.73,-16.9978,-9.98048,-75.2454,-72.4022,-50.3992,-41.9703,94.502,-30.9791,8.26759,5.55331,5.47084,-9.33841,-39.6626,86.0874,-35.0,-372.006,8.2373,4.07119,3.8625,1,LLLVALLAALLFTLLSILILI,VALLAALLFTLLSIL,0.3989601783584808,0.0297135116187173,R,99999900.0,-24.846200000000003,0.0,7.8489999999999895,741.4700000000003,-0.03350938001537486,0.0,0.010585728350438976,-0.022924460868275178
LLLAILLLTLLTVLLSFLILI_0,110011001100110000,1,-81.0242,-88.0085,-88.0085,-233.57,-225.665,-245.36,-383.106,4564.3,3985.99,3792.56,-16.9972,-8.42744,-85.5093,-77.8601,-49.7376,-32.5679,100.278,-45.2954,8.80423,4.92272,4.92689,-8.76755,-39.0642,80.9104,-41.9448,-391.534,8.9591,3.28254,2.9962,0,LLLAILLLTLLTVLLSFLILI,AILLLTLLTVLLSFL,0.3321140443006701,0.0519488071998359,R,99999900.0,-35.771699999999996,6.984300000000005,11.79000000000002,578.3100000000004,-0.06185557918763288,0.012077086683612594,0.020386989676816954,-0.029391156991924725
LLLYALLFALLTVLLSLLILI_0,110011001100110000,1,-74.3379,-74.259,-74.3379,-240.599,-232.996,-249.892,-363.759,4675.63,3985.62,3882.71,-16.994,-8.69226,-65.8163,-65.1967,-39.5297,-29.5573,107.237,-40.869,8.65242,5.41063,5.51919,-8.31503,-36.6602,86.1438,-39.3244,-372.452,8.6204,3.62844,3.4206,0,LLLYALLFALLTVLLSLLILI,YALLFALLTVLLSLL,0.3382838961019689,0.0780463244707412,R,99999900.0,-26.2866,0.0,9.293000000000006,690.0100000000002,-0.03809596962362863,0.0,0.013467920754771675,-0.024628628570600417
LLLYSLLITLLAVLLALLILI_1,110011001100110000,1,-63.7811,-65.5156,-58.8845,-235.007,-230.747,-248.984,-365.776,4653.16,3985.07,3869.01,-16.984,4927.38,-83.9714,4857.86,-57.9072,-34.5372,82.6339,-40.3535,9.23689,2.83615,2.57566,3541.58,-38.6138,67.2216,-35.9594,4554.72,8.7535,1.36698,0.875303,1,LLLYSLLITLLAVLLALLILI,YSLLITLLAVLLALL,0.5348007494226749,0.0998170363535909,R,99999900.0,-26.0642,-4.896599999999999,13.977000000000004,668.0899999999997,-0.0390130072295649,-0.007329252046879914,0.020920834019368662,-0.025421724617940712
LLLYVLLTALLGALLAFLILI_2,110011001100110000,1,-61.6596,-64.1818,-58.7433,-229.672,-222.205,-242.207,-333.497,4581.86,4002.28,3745.27,-16.9751,332.814,-59.14,285.704,-32.546,-47.8908,68.4421,-50.1385,7.0717,2.92331,2.44994,326.945,-43.2635,63.1811,-42.5139,-0.682426,7.006,1.51898,0.966697,2,LLLYVLLTALLGALLAFLILI,YVLLTALLGALLAFL,0.2365145582537767,0.0080823852560481,G,99999900.0,-26.594,-2.9162999999999997,12.534999999999997,579.5799999999995,-0.045884951171538055,-0.005031747127230067,0.021627730425480534,-0.02928862279581769
LLLYALLVALLLALLSTLILI_0,110011001100110000,1,-74.18,-75.0437,-74.18,-232.312,-226.49,-245.1,-370.053,4605.55,3901.71,3939.31,-16.9751,-7.09993,-80.5353,-75.6185,-50.7724,-11.8361,104.993,-39.9533,8.22738,2.44945,2.52435,-6.86561,-18.8236,86.1077,-38.4912,-377.153,8.6409,0.948085,0.739701,0,LLLYALLVALLLALLSTLILI,YALLVALLLALLSTL,0.3594380707519362,0.0179256414345788,R,99999900.0,-29.76290000000001,0.0,12.787999999999982,703.8400000000001,-0.04228645714935213,0.0,0.01816890202318706,-0.024117839281654917
LLLYALLATLLAILLFSLILI_0,110011001100110000,1,-74.1693,-74.1693,-74.1693,-235.908,-228.689,-247.497,-355.285,4641.27,3950.44,3882.39,-16.9686,-9.24408,-62.1771,-61.6716,-33.6195,-57.2248,82.0142,-46.9452,8.68269,6.15562,5.88584,-8.88709,-53.5058,73.6956,-45.0,-364.53,8.8777,4.47477,4.0802,0,LLLYALLATLLAILLFSLILI,YALLATLLAILLFSL,0.1900191432536125,0.0489949886843862,R,99999900.0,-28.5576,0.0,11.589000000000027,690.8300000000004,-0.04133810054572035,0.0,0.016775472981775574,-0.024562627563944804
LLLYSLLFVLLLLLATLLILI_0,110011001100110000,1,-58.817,-65.5629,-58.817,-237.832,-228.331,-253.887,-361.527,4751.81,3944.85,3756.18,-16.9453,14.7126,-81.8229,-52.9205,-48.8224,-115.641,20.6824,28.5546,9.91342,6.63825,5.44849,14.2352,-112.035,7.0217,25.6894,-346.814,8.8215,4.25318,2.85851,0,LLLYSLLFVLLLLLATLLILI,YSLLFVLLLLLATLL,0.1544456914898724,0.1184630966507767,L,99999900.0,-33.0005,0.0,16.055000000000007,806.9600000000005,-0.040894839892931474,0.0,0.019895657777337164,-0.020998934271835024
LLLYFLLTVLLLLLASLLILI_0,110011001100110000,1,-70.457,-74.0395,-74.0825,-234.076,-229.169,-253.893,-371.348,4782.07,3865.21,3828.8,-16.9367,-7.00744,-83.7523,-75.1478,-43.3729,-106.646,16.2483,22.7823,9.3767,4.69043,3.43415,-7.16715,-112.036,2.098,25.9917,-378.356,9.5,3.58863,2.1201,0,LLLYFLLTVLLLLLASLLILI,YFLLTVLLLLLASLL,0.2657016840924341,0.1312361024318906,L,99999900.0,-40.379400000000004,3.6255000000000024,19.817000000000007,916.8599999999997,-0.0440409659053727,0.003954256920358619,0.02161398686822417,-0.018472503980978563
LLLVILLLFLLSLLYTLLILI_1,110011001100110000,1,-74.2264,-74.19,-74.19,-233.395,-231.419,-252.314,-379.005,4659.34,3753.64,3688.06,-16.9255,359.464,-88.309,286.068,-52.5007,-115.135,6.99187,18.2214,10.0058,4.71422,3.3191,91.4261,-105.769,4.6377,20.6829,-288.449,9.4739,2.99144,1.56101,1,LLLVILLLFLLSLLYTLLILI,VILLLFLLSLLYTLL,0.225132118670207,0.1050901929756188,L,99999900.0,-35.808299999999996,-0.03640000000000043,18.918999999999983,905.7000000000003,-0.039536601523683323,-4.018990835817646e-05,0.020888815280998098,-0.01868775532737109
LLLYALLLALLVSLLATLILI_2,110011001100110000,1,-74.1887,-74.1887,-74.1887,-233.973,-232.748,-245.009,-370.657,4619.91,3833.16,3823.06,-16.9191,-9.78571,-79.415,-73.5062,-51.4601,-42.0268,78.7198,-32.7991,8.495,3.4312,3.112,-12.2343,-39.3076,75.987,-35.0,-382.999,8.4047,2.65439,2.2942,2,LLLYALLLALLVSLLATLILI,YALLLALLVSLLATL,0.3305328131612097,0.0567490888128794,R,99999900.0,-27.95490000000001,0.0,11.035999999999973,786.75,-0.03553212583412775,0.0,0.01402732761360022,-0.02150505243088656
LLLYLLLAILLAFLLTSLILI_0,110011001100110000,1,-74.2278,-74.1696,-74.2278,-234.142,-222.803,-250.504,-363.819,4680.34,3863.57,3776.97,-16.9165,-9.60943,-72.3658,-76.4563,-39.088,-80.7595,65.9947,-42.3059,8.69186,7.52321,7.01313,-9.27441,-77.7514,58.4033,-43.4014,-373.429,8.5202,6.04715,5.4232,0,LLLYLLLAILLAFLLTSLILI,YLLLAILLAFLLTSL,0.2136704767044417,0.0509075894243252,R,99999900.0,-33.27779999999999,0.0,16.361999999999995,816.77,-0.04074317127220636,0.0,0.020032567307810025,-0.020711460998812395
LLLYALLLVLIILLFSLLILI_2,110011001100110000,1,-60.4587,-60.4587,-60.4587,-234.018,-234.395,-254.904,-363.848,4750.41,3920.16,3812.8,-16.9159,2.18837,-86.2865,-66.8059,-48.4846,-105.291,46.4999,29.0984,9.70109,8.57109,7.76859,-1.56486,-109.692,28.2633,28.0,-367.109,9.5,6.76935,5.6933,2,LLLYALLLVLIILLFSLLILI,YALLLVLIILLFSLL,0.2916739506362938,0.0805570105554962,L,99999900.0,-37.8019,0.0,20.885999999999996,830.25,-0.045530743751881965,0.0,0.025156278229448957,-0.020374465522433004
LLLIVLLAILLGLLLGFLILI_1,110011001100110000,1,-51.8602,-49.5339,-44.964,-214.924,-218.171,-237.695,-346.753,4532.44,3811.6,3608.34,-16.88,-15.4147,-96.8483,-94.4628,-64.094,-68.6898,49.9079,-47.8788,6.9128,3.54104,2.78966,-10.3745,-71.1566,42.8294,-43.0573,-355.828,7.0278,2.95546,2.0979,1,LLLIVLLAILLGLLLGFLILI,IVLLAILLGLLLGFL,0.4536291335428082,0.0849933834818376,G,99999900.0,-32.7543,-6.8962,22.770999999999987,720.8399999999997,-0.04543907108373566,-0.009566894179013378,0.03158953443205149,-0.023417124465900902
LLLVILLLFLTALLLSLLILI_2,110011001100110000,1,-74.2043,-74.2349,-74.1799,-230.736,-214.521,-245.358,-381.385,4603.34,3754.83,3639.81,-16.8783,127.464,-93.3227,34.8352,-61.8469,-111.815,26.2915,20.1285,10.358,6.82156,5.71593,107.183,-107.706,13.898,20.6349,-261.962,9.0791,4.53213,3.2406,2,LLLVILLLFLTALLLSLLILI,VILLLFLTALLLSLL,0.364698985775298,0.0979177940095959,L,99999900.0,-31.4758,-0.024399999999999977,14.622000000000014,848.5100000000002,-0.03709537895840944,-2.8756290438533396e-05,0.017232560606239185,-0.01989169249625814
LLLLYLLIVLLATLLIFLILI_2,110011001100110000,1,-58.8959,-55.4581,-58.8959,-239.93,-233.402,-249.784,-359.994,4683.63,3954.52,3864.34,-16.8647,33.5173,-78.0327,-37.6168,-51.3147,-58.5471,64.4443,-43.2761,8.73398,3.98205,3.44872,33.6312,-56.568,53.9293,-45.0,-326.477,8.1133,2.26566,1.5746,2,LLLLYLLIVLLATLLIFLILI,LYLLIVLLATLLIFL,0.2665344290726611,0.0491890578810435,R,99999900.0,-26.718000000000004,0.0,9.853999999999985,729.1100000000001,-0.03664467638627916,0.0,0.01351510745977971,-0.023130529001110938
LLLSYLLTILLIFLLTLLILI_1,110011001100110000,1,-90.3118,-86.2333,-72.6902,-244.087,-242.099,-264.327,-380.369,4685.86,3853.12,3752.72,-16.8643,95.9412,-62.8343,43.9047,-43.3519,-73.2681,59.1387,-39.77,9.39729,5.47394,4.86102,96.19,-70.0938,55.5169,-41.2219,-224.374,8.0,4.50885,3.8416,1,LLLSYLLTILLIFLLTLLILI,SYLLTILLIFLLTLL,0.3846700283655557,0.0326682740992203,R,99999900.0,-19.4824,-17.6216,20.24000000000001,832.7399999999998,-0.02339553762278743,-0.02116098662247521,0.024305305377428747,-0.020251579124336533
LLLFYLLVILLILLLSTLILI_0,110011001100110000,1,-74.1925,-74.0334,-74.1631,-244.145,-235.793,-252.711,-374.272,4734.97,3971.13,3831.56,-16.8439,166.144,-72.778,101.699,-47.3971,-66.932,63.8819,-41.6172,9.73541,5.16386,4.62209,154.508,-63.1365,52.5615,-43.97,-208.128,8.1663,3.06628,2.3547,0,LLLFYLLVILLILLLSTLILI,FYLLVILLILLLSTL,0.2522353430885599,0.0058276626754796,R,99999900.0,-25.380900000000004,-0.02939999999999543,8.566000000000003,763.8400000000001,-0.03322803204859656,-3.848973607037524e-05,0.011214390448261417,-0.02205160766652702
LLLYALLVALLITLLFILILI_0,110011001100110000,1,-58.2349,-59.7357,-58.8507,-236.551,-231.473,-252.057,-350.625,4680.61,4046.41,3928.04,-16.8404,-12.0128,-72.6793,-71.4294,-39.7172,-27.9902,104.265,-43.7576,8.54359,4.77431,4.83829,-11.8598,-28.1339,95.9421,-37.7472,-362.638,8.6579,3.67227,3.6114,0,LLLYALLVALLITLLFILILI,YALLVALLITLLFIL,0.286568126125713,0.0390161700814387,R,99999900.0,-32.9621,0.6158000000000001,15.506,634.1999999999998,-0.05197429832860298,0.0009709870703248192,0.024449700409965316,-0.026553768527278466
LLLYLLLTVLLALLASLLILI_1,110011001100110000,1,-73.9376,-70.5571,-74.1713,-236.634,-228.436,-248.001,-380.231,4631.1,3770.21,3774.54,-16.837,63.0298,-86.4963,-18.2081,-58.058,-107.29,22.0832,25.413,9.28599,5.5747,4.40595,68.2175,-105.587,2.45296,19.0015,-311.818,9.4143,2.6692,1.20599,1,LLLYLLLTVLLALLASLLILI,YLLLTVLLALLASLL,0.3434670826650379,0.0885228165581916,L,99999900.0,-28.438300000000005,0.2336999999999989,11.367000000000019,860.8900000000003,-0.033033604757866854,0.00027146325314499975,0.013203777486089993,-0.01955766706547874
LLLYALLTILLTALLSLLILI_0,110011001100110000,1,-84.9701,-84.2084,-87.934,-238.769,-232.795,-249.629,-384.573,4635.85,4020.85,3921.76,-16.8347,-10.063,-77.6683,-77.6322,-47.0098,-71.4395,62.3686,-36.5056,8.95768,5.63569,5.07122,-9.85296,-72.6011,53.9923,-36.179,-394.636,9.0,4.67912,3.989,0,LLLYALLTILLTALLSLLILI,YALLTILLTALLSLL,0.1941400541165797,0.0401469081802222,R,99999900.0,-30.658500000000004,2.9638999999999953,10.859999999999985,615.0000000000005,-0.049851219512195094,0.004819349593495924,0.017658536585365817,-0.027373495934959333
LLLYTLLAALLAVLLSLLILI_2,110011001100110000,1,-68.5484,-66.9298,-60.3856,-226.103,-224.701,-247.764,-64.344,4643.7,3893.28,3878.73,-16.834,-0.789972,213.473,226.497,243.805,-50.1021,76.1392,-46.4403,8.2332,4.2941,3.93619,1.61531,-46.7103,70.4803,-42.9747,-49.9328,8.3098,3.02139,2.57859,2,LLLYTLLAALLAVLLSLLILI,YTLLAALLAVLLSLL,0.3223931776719639,0.0227985601006684,R,99999900.0,-30.331999999999994,-8.162800000000004,21.661,750.4199999999996,-0.040420031449055205,-0.010877641853895163,0.02886516883878363,-0.022432770981583656
LLLAYLLIALLLTLLFVLILI_1,110011001100110000,1,-64.2408,-63.7831,-58.7636,-233.215,-230.779,-249.079,-357.121,4641.43,3926.45,3990.95,-16.831,-14.303,-76.4961,-76.8618,-49.2777,-24.3123,95.4728,-45.8555,9.02592,3.03567,2.96776,-13.2829,-22.5179,92.1154,-45.0,-370.593,8.7339,2.31327,2.195,1,LLLAYLLIALLLTLLFVLILI,AYLLIALLLTLLFVL,0.4968918015926051,0.0759983746810326,R,99999900.0,-27.218399999999995,-5.477199999999996,15.864000000000004,714.9800000000005,-0.03806875716803264,-0.007660633863884294,0.02218803323169878,-0.023540518615905323
LLLWTLLVALLAILLSLLILI_0,110011001100110000,1,-76.3012,-72.6442,-60.3741,-230.293,-225.301,-248.951,-379.089,4656.88,3864.89,3873.69,-16.7882,-6.7727,-89.2828,-87.9171,-69.764,-64.1244,57.2065,-41.4159,8.9171,3.84154,3.19964,-5.54177,-66.894,46.55,-38.3386,-385.862,9.0,2.81835,2.0166,0,LLLWTLLVALLAILLSLLILI,WTLLVALLAILLSLL,0.3229624718513204,0.0281666606114473,R,99999900.0,-19.5188,-15.927099999999996,18.657999999999987,791.9900000000002,-0.02464526067248323,-0.020110228664503328,0.023558378262351774,-0.021197489867296297
LLLSYLLIFLLAILLTLLILI_0,110011001100110000,1,-72.0022,-64.6479,-58.8692,-237.06,-238.524,-259.309,-370.371,4667.21,3766.58,3764.24,-16.7584,-14.835,-78.0672,-82.034,-52.193,-82.8143,48.1525,-42.5452,9.18997,5.42273,4.64502,-14.79,-79.5719,55.1888,-42.772,-385.206,8.8555,5.88627,5.2141,0,LLLSYLLIFLLAILLTLLILI,SYLLIFLLAILLTLL,0.4405163112640844,0.0934267404240416,R,99999900.0,-25.874200000000002,-13.133000000000003,22.249000000000024,900.6300000000001,-0.02872900081054373,-0.014582014811853925,0.024703818438204392,-0.018607419250968767
LLLVALLLFLLSLLATLLILI_2,110011001100110000,1,-74.19,-70.6542,-74.2236,-229.655,-216.5,-242.499,-375.339,4590.46,3733.43,3746.41,-16.7436,34.1132,-88.2382,-54.0713,-58.6166,-107.421,17.5443,22.9108,9.19405,4.98171,3.74487,35.0673,-105.769,4.6377,20.6829,-341.226,9.4739,2.99144,1.56101,2,LLLVALLLFLLSLLATLLILI,VALLLFLLSLLATLL,0.2860328267587123,0.0670991247063464,L,99999900.0,-29.621600000000008,0.03360000000000696,12.843999999999994,857.0300000000002,-0.03456308413941169,3.920516201300649e-05,0.014986639907587822,-0.01953677234169165
LLLYSLLLTLLATLLAALILI_1,110011001100110000,1,-83.5032,-81.848,-72.5555,-227.394,-222.363,-245.48,-363.665,4653.7,3981.61,3856.9,-16.7408,1698.61,-69.5086,1639.15,-45.6301,-41.0917,78.1763,-45.4388,7.96291,3.21755,2.8902,1654.11,-43.6777,70.6483,-39.0967,1327.27,8.0,2.58918,2.1489,1,LLLYSLLLTLLATLLAALILI,YSLLLTLLATLLAAL,0.2742037790290562,0.0096823455238095,R,99999900.0,-23.878500000000003,-10.947700000000012,18.085999999999984,672.0899999999997,-0.035528723831629715,-0.01628903867041619,0.026910086446755632,-0.024908568792870015
LLLTYLLALLLGFLLASLILI_1,110011001100110000,1,-65.9756,-60.2985,-60.2985,-232.013,-231.812,-249.594,-355.539,4611.03,3704.91,3572.24,-16.7362,415.989,-74.287,352.561,-45.647,-65.9433,57.7083,-46.1301,7.1538,4.18211,3.54774,371.472,-59.7216,58.0284,-41.6459,32.6503,6.8149,3.29207,2.6625,1,LLLTYLLALLLGFLLASLILI,TYLLALLLGFLLASL,1.1052656477670624,0.118827735942359,G,99999900.0,-28.640000000000008,-5.677100000000003,17.58099999999999,906.1199999999999,-0.03160729263232244,-0.006265284951220593,0.019402507394164117,-0.018470180550037525
LLLTALLAILLGLLLGVLILI_2,110011001100110000,1,-48.4639,-46.4484,-44.9832,-220.682,-218.509,-238.309,-356.196,4485.65,3506.06,3506.1,-16.7337,-10.8404,-103.784,-102.079,-72.9037,-73.0857,36.8641,-37.9449,7.23582,2.4395,1.49246,-7.92799,-74.241,27.0676,-35.812,-363.77,7.4865,1.29028,0.196294,2,LLLTALLAILLGLLLGVLILI,TALLAILLGLLLGVL,0.4892298302800414,0.0794251002075451,G,99999900.0,-30.880300000000005,-3.480700000000006,17.62700000000001,979.5899999999997,-0.031523698690268394,-0.003553221245623176,0.01799426290590963,-0.017082350779407715
LLLYALLAVLLGLLLGSLILI_1,110011001100110000,1,-63.9131,-61.3914,-60.2613,-221.135,-220.732,-239.486,-350.876,4577.47,3588.78,3582.95,-16.7267,-8.70042,-82.5543,-77.4526,-51.1285,-73.5249,42.8338,-38.5512,7.36305,3.3113,2.45381,-8.86697,-72.2097,37.011,-35.0,-356.97,7.3038,2.32794,1.3831,1,LLLYALLAVLLGLLLGSLILI,YALLAVLLGLLLGSL,0.291332283644535,0.1325999840206115,G,99999900.0,-31.425799999999995,-3.6518000000000015,18.351,988.69,-0.03178529164854504,-0.003693574325622795,0.018560924051017,-0.016918043067088773
LLLTLLLIVLLAYLLSFLILI_0,110011001100110000,1,-60.8805,-60.6643,-60.4202,-242.405,-230.634,-252.206,-362.813,4661.65,4040.59,3700.1,-16.7155,45.071,-76.2432,-26.4442,-50.1864,-69.9411,74.188,-46.5185,9.74234,7.00655,6.61936,47.4761,-70.0018,61.1129,-38.0265,-317.742,8.9767,5.25051,4.6672,0,LLLTLLLIVLLAYLLSFLILI,TLLLIVLLAYLLSFL,0.442300450356836,0.0655006653097109,R,99999900.0,-26.056800000000003,-0.4602999999999966,9.800999999999988,621.0599999999995,-0.0419553666312434,-0.000741152223617681,0.015781083953241227,-0.026914468811387003
LLLYVLLFALLTVLLSALILI_0,110011001100110000,1,-74.2788,-74.2394,-74.2788,-238.088,-226.9,-247.902,-354.969,4648.76,4064.99,3923.9,-16.7081,-5.9844,-59.31,-59.8139,-32.7879,-33.8358,105.507,-44.3067,8.82894,5.81886,5.90147,-6.01855,-39.2116,82.5884,-44.5047,-360.953,8.7478,3.53117,3.27,0,LLLYVLLFALLTVLLSALILI,YVLLFALLTVLLSAL,0.2215929252084852,0.0169614946330485,R,99999900.0,-26.522100000000002,0.0,9.813999999999993,583.7700000000004,-0.045432447710570915,0.0,0.01681141545471673,-0.028621032255854172
LLLYVLLTILLILLLSFLILI_0,110011001100110000,1,-74.2642,-74.1483,-74.2348,-252.298,-238.898,-257.603,-378.945,4702.56,4148.79,3875.99,-16.707,64.0774,-69.0897,-1.82091,-47.1071,-63.1672,78.6507,-40.5093,10.089,6.59292,6.27268,62.3106,-57.818,66.41,-40.684,-314.868,9.0,4.13805,3.6342,0,LLLYVLLTILLILLLSFLILI,YVLLTILLILLLSFL,0.3049106183124601,0.0272751913181821,R,99999900.0,-21.98259999999999,-0.02939999999999543,5.305000000000007,553.7700000000004,-0.039696263791826884,-5.309063329540316e-05,0.009579789443270677,-0.030169564981851648
LLLYTLLVALLAALLSLLILI_1,110011001100110000,1,-69.8571,-68.4484,-60.4371,-222.845,-224.386,-244.882,-361.81,4615.09,3843.37,3840.49,-16.7019,-11.3106,-85.8103,-80.2862,-56.4909,-38.5309,73.9907,-40.4874,7.74339,2.26838,1.87824,-7.83034,-41.4439,73.7208,-39.1581,-368.637,8.0,2.66889,2.2747,1,LLLYTLLVALLAALLSLLILI,YTLLVALLAALLSLL,0.389611676823147,0.0341419050209358,R,99999900.0,-29.319399999999995,-9.420000000000002,22.037000000000006,771.7200000000003,-0.037992276991654986,-0.01220649976675478,0.02855569377494428,-0.02164243508008085
LLLATLLVALLATLLSLLILI_1,110011001100110000,1,-81.9392,-74.0377,-74.0377,-224.223,-219.225,-240.863,-378.377,4504.4,3694.16,3750.68,-16.7017,26.0752,-88.9168,-59.0388,-63.4764,-49.89,78.3273,-42.2011,8.1443,4.55769,4.2326,-4.93215,-44.1843,73.3677,-43.7221,-384.568,8.0672,3.03228,2.6328,1,LLLATLLVALLATLLSLLILI,ATLLVALLATLLSLL,0.4483518613033651,0.0325591248474046,R,99999900.0,-25.440399999999997,-7.901499999999999,16.639999999999986,810.2399999999998,-0.03139859794628752,-0.009752048775671407,0.020537124802527635,-0.020613275078988944
LLLAALLTVLLGGLLFSLILI_1,110011001100110000,1,-74.0824,-75.929,-74.0824,-218.743,-217.943,-232.769,-346.433,4505.12,3742.55,3623.15,-16.6927,-7.06442,-70.3008,-59.6258,-39.5824,-34.6848,72.1076,-45.3415,7.26768,1.43725,1.01886,-7.23733,-30.525,71.559,-44.3251,-353.848,7.1169,0.739215,0.3126,1,LLLAALLTVLLGGLLFSLILI,AALLTVLLGGLLFSL,0.2884677206820444,0.0516797785050164,G,99999900.0,-30.718399999999995,0.0,14.02600000000001,762.5699999999997,-0.04028272814299016,0.0,0.018393065554637628,-0.021890055994859495
LLLVYLLTALLIALLSLLILI_1,110011001100110000,1,-80.8352,-80.9178,-74.1035,-231.795,-231.318,-243.078,-376.082,4615.01,3739.52,3658.71,-16.6862,17.9621,-80.1386,-45.8843,-58.9002,-22.158,95.3234,-35.2623,9.14904,2.69236,2.62221,21.0779,-17.5234,92.7586,-35.0,-356.0,8.8654,1.65092,1.5423,1,LLLVYLLTALLIALLSLLILI,VYLLTALLIALLSLL,0.3857946846035443,0.0414743320739373,R,99999900.0,-21.2384,-6.731700000000004,11.283000000000015,875.4900000000002,-0.02425887217443945,-0.0076890655518623875,0.012887640064421082,-0.019059269666129818
LLLFALLTILVALLLSLLILI_0,110011001100110000,1,-70.5294,-70.5294,-74.2317,-228.945,-216.533,-242.924,-372.943,4601.41,3697.74,3643.41,-16.6843,65.9797,-90.1525,-19.9005,-55.7868,-112.048,10.6454,29.1792,9.52465,4.7443,3.40398,64.1101,-105.587,2.45296,19.0015,-306.963,9.4143,2.6692,1.20599,0,LLLFALLTILVALLLSLLILI,FALLTILVALLLSLL,0.5770431821514722,0.0709911100580832,L,99999900.0,-34.365700000000004,3.702300000000008,13.979000000000013,903.6700000000001,-0.0380290371485166,0.004096960173514677,0.015469142496707883,-0.018462823818429293
LLLYVLLATLLAFLLILLILI_2,110011001100110000,1,-58.8282,-58.8282,-58.8282,-247.744,-240.546,-251.535,-356.441,4687.36,3984.33,3825.89,-16.6797,27.6974,-66.5487,-29.3691,-46.0774,-70.333,75.6919,-40.6382,9.10211,7.26835,6.90373,27.6755,-66.8884,60.5156,-36.0695,-329.845,8.5071,4.70287,4.1106,2,LLLYVLLATLLAFLLILLILI,YVLLATLLAFLLILL,0.2898288771620339,0.0337741504082318,R,99999900.0,-20.4713,0.0,3.790999999999997,703.0299999999997,-0.02911867203391037,0.0,0.005392373013953883,-0.023725445571312755
LLLSYLLVLLLALLLTFLILI_2,110011001100110000,1,-72.889,-71.2862,-58.8832,-235.203,-235.538,-259.16,-369.991,4700.72,3863.98,3803.53,-16.678,-14.5583,-78.5771,-77.7252,-51.9476,-75.0801,54.5751,-45.0272,8.64393,5.12966,4.44829,-14.4871,-77.6256,57.7497,-43.493,-384.861,8.7997,5.94005,5.3063,2,LLLSYLLVLLLALLLTFLILI,SYLLVLLLALLLTFL,0.3882126448321174,0.044962318735891,R,99999900.0,-26.6295,-14.005799999999994,23.957000000000022,836.7400000000002,-0.03182529818103592,-0.016738532877596374,0.028631355020675497,-0.019932117503645094
LLLYSLLLTLLVALLSFLILI_0,110011001100110000,1,-83.2623,-82.6999,-74.2595,-234.247,-234.065,-253.812,-366.322,4765.25,4070.25,3838.74,-16.6758,24.4019,-65.4882,-25.1545,-38.2504,-34.1005,82.1861,-47.0477,8.52003,2.71021,2.443,24.9064,-37.8829,78.3957,-41.3335,-341.92,8.3984,2.76586,2.4418,0,LLLYSLLLTLLVALLSFLILI,YSLLLTLLVALLSFL,0.298132497952325,0.0903896289499858,R,99999900.0,-27.237800000000007,-9.002799999999993,19.564999999999998,695.0,-0.039191079136690656,-0.012953669064748192,0.028151079136690644,-0.023993956834532374
LLLYALLVALLTALLSLLILI_2,110011001100110000,1,-75.0625,-74.294,-74.294,-231.501,-229.204,-245.017,-371.219,4603.17,3798.27,3805.79,-16.672,18.1421,-81.3278,-49.5791,-51.9085,-32.8614,88.9591,-41.203,8.08663,3.43868,3.27307,19.5777,-24.5731,86.8436,-39.2659,-351.769,8.2633,1.90985,1.7125,2,LLLYALLVALLTALLSLLILI,YALLVALLTALLSLL,0.3660873380957317,0.0595939337939604,R,99999900.0,-29.4193,-0.7685000000000031,13.515999999999991,804.9000000000001,-0.0365502546900236,-0.000954776990930554,0.016792148092930784,-0.020713132066095166
LLLYVLLTALLGTLLAFLILI_2,110011001100110000,1,-72.6251,-72.6251,-72.6251,-235.067,-229.577,-245.438,-344.423,4597.23,4125.43,3771.22,-16.6534,855.732,-53.3844,813.511,-26.36,-46.8942,78.2898,-48.192,8.04164,4.10325,3.7776,669.398,-48.9252,56.7148,-39.7132,507.45,7.3783,1.49528,0.846002,2,LLLYVLLTALLGTLLAFLILI,YVLLTALLGTLLAFL,0.216035876841053,0.0483840800890946,G,99999900.0,-27.0244,0.0,10.370999999999981,471.7999999999993,-0.0572793556591777,0.0,0.021981771937261543,-0.035297583721916125
LLLLYALLALLAVLTSLLILI_2,110011001100110000,1,-74.2756,-74.2756,-74.2756,-225.538,-221.332,-239.235,-367.1,4496.95,3685.29,3612.74,-16.6528,77.3285,-83.9394,5.836,-53.5896,-48.9369,97.0849,21.806,9.89399,6.94699,6.90326,62.3046,-53.3268,80.5799,18.6844,-207.906,8.9663,5.3773,5.086,2,LLLLYALLALLAVLTSLLILI,LYALLALLAVLTSLL,0.3575006821378621,0.0443531186357125,L,99999900.0,-30.34980000000001,0.0,13.697000000000003,811.6599999999999,-0.03739225784195355,0.0,0.01687529261020625,-0.020516965231747286
LLLTALLLALLAVLLSFLILI_0,110011001100110000,1,-60.3783,-60.3783,-60.3783,-227.752,-226.014,-242.253,-361.512,4547.79,3775.52,3840.97,-16.65,-9.23721,-90.0315,-84.3565,-58.88,-53.1408,83.6549,-42.5392,7.96932,5.76453,5.51936,-8.24243,-55.1691,76.5276,-42.1376,-370.749,8.1639,5.10659,4.7545,0,LLLTALLLALLAVLLSFLILI,TALLLALLAVLLSFL,0.4153488473653445,0.0521400354954239,R,99999900.0,-31.15149999999999,0.0,14.500999999999976,772.27,-0.040337576236290404,0.0,0.018777111631942168,-0.02155981716239139
LLLTYLLILLLGFLLASLILI_0,110011001100110000,1,-60.2985,-69.5671,-60.2985,-234.188,-232.303,-251.075,-360.337,4633.09,3738.9,3542.15,-16.644,459.34,-82.4944,400.873,-48.9639,-66.0235,52.586,-44.4031,8.06672,3.50264,2.79143,446.854,-59.7216,58.0284,-41.6459,99.0035,6.8149,3.29207,2.6625,0,LLLTYLLILLLGFLLASLILI,TYLLILLLGFLLASL,0.6533590374698554,0.1386072081899423,G,99999900.0,-33.530499999999996,0.0,16.887,894.19,-0.03749818271284626,0.0,0.01888524810163388,-0.018613493776490454
LLLLVALLLFLLYLLITLILI_2,110011001100110000,1,-58.9326,-58.9326,-58.9326,-253.02,-242.54,-251.39,-366.443,4641.21,3879.73,3667.42,-16.6271,3753.01,-71.1177,3688.04,-56.1205,-0.597042,120.503,15.771,10.6403,2.85749,3.16503,1881.12,-8.98253,98.9788,18.8869,3386.57,9.4948,1.20952,1.1942,2,LLLLVALLLFLLYLLITLILI,LVALLLFLLYLLITL,0.3400101721760469,0.098829876085688,L,99999900.0,-14.9972,0.0,-1.6300000000000239,761.48,-0.01969480485370594,0.0,-0.002140568366864558,-0.021835241897357773
LLLLAVLLALLATLISLLILI_0,110011001100110000,1,-74.1808,-74.1808,-74.1808,-220.223,-212.61,-237.762,-380.919,4448.28,3583.0,3705.3,-16.6262,-2.1449,-103.141,-96.2735,-68.9762,-54.195,72.5689,20.909,8.0475,4.42605,4.01459,-1.87862,-60.0299,56.8654,19.5041,-383.064,8.5832,3.18132,2.5343,0,LLLLAVLLALLATLISLLILI,LAVLLALLATLISLL,0.4995348129954533,0.0228662903058658,L,99999900.0,-34.1648,0.0,17.538999999999987,865.2799999999997,-0.03948409763313611,0.0,0.02026973927514792,-0.01921482063609468
LLLYVLLAALLTLLLSFLILI_2,110011001100110000,1,-71.554,-71.5953,-74.1091,-237.278,-236.848,-249.804,-101.806,4658.82,4056.41,3877.59,-16.625,-16.1702,190.401,190.467,222.107,-78.0121,48.1479,-36.695,8.55692,4.70178,3.924,-14.5587,-76.3191,47.1656,-35.0895,-116.447,8.6159,4.31522,3.5227,2,LLLYVLLAALLTLLLSFLILI,YVLLAALLTLLLSFL,0.2342111689576589,0.0167122426405082,R,99999900.0,-31.70599999999999,2.555099999999996,12.52600000000001,602.4099999999999,-0.05263192842084294,0.004241463455121921,0.02079314752411151,-0.027597483441509942
LLLAVLLLTLLFALLSYLILI_1,110011001100110000,1,-76.9586,-66.818,-74.2337,-231.84,-223.549,-245.808,-364.732,4572.48,3836.14,3636.22,-16.6219,401.94,-72.5546,327.575,-44.6901,-32.9284,76.0518,-40.8793,8.35826,1.70625,1.34703,251.174,-31.9788,69.9952,-36.7483,29.1551,8.3631,0.746172,0.2961,1,LLLAVLLLTLLFALLSYLILI,AVLLLTLLFALLSYL,0.2577767727434006,0.0286338779266602,R,99999900.0,-27.864499999999992,-2.724900000000005,13.96799999999999,736.3399999999997,-0.03784189369041476,-0.003700600266181392,0.01896949778634869,-0.022573675204389285
LLLYSLLVALLALLLATLILI_2,110011001100110000,1,-70.9683,-72.0113,-58.8495,-231.164,-231.452,-246.269,-359.382,4669.27,3846.64,3783.58,-16.6219,6443.46,-73.8721,6387.54,-54.2641,-51.8014,81.657,-41.5906,8.61,5.29391,5.01876,3670.46,-47.1744,74.855,-35.0,6079.53,8.0,3.68158,3.3044,2,LLLYSLLVALLALLLATLILI,YSLLVALLALLLATL,0.3673485062474197,0.030273919520183,R,99999900.0,-19.608000000000004,-12.1188,15.105000000000018,822.6300000000006,-0.023835746325808677,-0.01473177491703438,0.01836183946610263,-0.020205803338074212
LLLTALLVGLLGLLLGALILI_0,110011001100110000,1,-52.5038,-47.009,-44.921,-215.626,-214.097,-233.438,-344.216,4495.5,3810.53,3797.62,-16.603,-5.8292,-92.6894,-88.9398,-65.8568,-47.7417,69.6401,-42.8275,6.73075,3.06267,2.60727,-6.00781,-48.1591,65.1383,-40.7743,-350.045,7.1702,2.51753,1.9946,0,LLLTALLVGLLGLLLGALILI,TALLVGLLGLLLGAL,0.3959638500668359,0.0168911337314688,G,99999900.0,-26.8326,-7.582799999999999,17.811999999999983,684.9699999999998,-0.039173394455231624,-0.011070265851059172,0.026004058571908243,-0.02423901776720149
LLLFALLVALLTALLSILILI_0,110011001100110000,1,-72.3054,-71.2017,-74.2997,-225.641,-215.646,-238.944,-360.983,4540.95,3833.92,3811.03,-16.6021,-6.28886,-79.6386,-80.4241,-47.7396,-76.7502,73.5675,-47.3194,8.32218,7.94415,7.54766,-4.89076,-76.3343,62.4577,-43.5133,-367.272,8.2908,6.38193,5.81879,0,LLLFALLVALLTALLSILILI,FALLVALLTALLSIL,0.4211093891803044,0.046405944383432,R,99999900.0,-31.898999999999994,1.9942999999999955,13.302999999999997,707.0299999999997,-0.04511689744423858,0.002820672390139027,0.018815326082344458,-0.023481464718611667
LLLLALLFALLTVLLIILILI_0,110011001100110000,1,-58.9654,-58.9654,-58.9654,-237.958,-229.41,-242.642,-364.45,4568.56,3900.87,3828.25,-16.5969,34.8683,-84.1235,-41.2062,-62.8423,-36.1168,105.633,-46.7167,8.67737,6.17799,6.26249,35.4976,-40.1021,85.4292,-41.8264,-329.581,8.4975,4.04826,3.8297,0,LLLLALLFALLTVLLIILILI,LALLFALLTVLLIIL,0.359889290279186,0.0130410917409687,R,99999900.0,-21.281200000000005,0.0,4.6839999999999975,667.6900000000005,-0.0318728751366652,0.0,0.007015231619464113,-0.024857194206892405
LLLYILLLTLLAVLLSFLILI_2,110011001100110000,1,-74.1983,-74.1983,-74.1983,-236.75,-235.382,-252.824,-367.793,4689.19,4075.42,3895.64,-16.5881,2.63085,-73.4321,-55.5818,-40.7706,-45.248,80.9472,-48.9752,9.00737,4.21508,3.92929,2.2321,-44.1306,71.9461,-44.111,-356.883,9.0,2.83231,2.4115,2,LLLYILLLTLLAVLLSFLILI,YILLLTLLAVLLSFL,0.2418956712736779,0.0407951254157818,R,99999900.0,-32.661500000000004,0.0,16.074000000000012,613.7699999999995,-0.05321455919970026,0.0,0.026188963292438576,-0.02702657347214757
LLLYFLLVALLLALLSTLILI_1,110011001100110000,1,-74.18,-74.683,-74.18,-235.597,-228.116,-249.851,-360.393,4747.94,3928.28,3905.86,-16.583,-12.5178,-67.1985,-70.1114,-36.3617,-22.27,96.4209,-37.1912,8.80726,2.85733,2.80364,-8.31177,-18.8236,86.1077,-38.4912,-368.819,8.6409,0.948085,0.739701,1,LLLYFLLVALLLALLSTLILI,YFLLVALLLALLSTL,0.3245693309902691,0.0219103794726992,R,99999900.0,-30.836799999999997,0.0,14.25399999999999,819.6599999999994,-0.037621452797501426,0.0,0.017390137374033138,-0.020231559427079535
LLLLYFLLTILVALLLSLILI_2,110011001100110000,1,-74.1168,-70.5922,-74.1514,-229.417,-230.338,-245.852,-364.701,4619.68,3744.83,3673.47,-16.5819,409.923,-77.749,346.153,-44.6974,-12.8662,97.2599,26.6551,9.52801,1.56001,1.51891,-9.89405,-12.6603,91.2504,24.6129,-375.72,9.3634,0.717844,0.586599,2,LLLLYFLLTILVALLLSLILI,LYFLLTILVALLLSL,0.3728937363541092,0.1182365910855772,L,99999900.0,-33.05159999999999,0.03459999999999752,16.435000000000002,874.8500000000004,-0.037779733668628884,3.954963708063955e-05,0.018786077613305134,-0.018953992112933638
LLLWTLLIFLLAILLSLLILI_0,110011001100110000,1,-64.9662,-72.506,-60.3741,-238.616,-231.376,-255.319,-372.806,4736.74,3763.9,3769.2,-16.5768,-3.93543,-85.8013,-72.8594,-57.1135,-63.5124,59.8843,-44.2612,8.71221,4.11124,3.5095,-1.68742,-66.894,46.55,-38.3386,-376.742,9.0,2.81835,2.0166,0,LLLWTLLIFLLAILLSLLILI,WTLLIFLLAILLSLL,0.2730953765929136,0.0085730596580949,R,99999900.0,-28.687799999999996,-4.592100000000002,16.702999999999975,972.8399999999997,-0.029488713457505863,-0.004720303441470338,0.01716931869577729,-0.017039595411372892
LLLYALLTALLGLLLGALILI_0,110011001100110000,1,-63.6989,-63.8464,-58.802,-222.448,-215.733,-237.272,-342.935,4572.9,3911.59,3845.82,-16.5765,-9.75722,-73.3647,-73.1128,-46.8607,-53.6963,72.0456,-44.9419,6.86925,4.28059,3.86128,-11.1556,-49.4233,66.044,-43.1773,-352.692,6.8387,2.82944,2.3201,0,LLLYALLTALLGLLLGALILI,YALLTALLGLLLGAL,0.355740208223318,0.0311809413636027,G,99999900.0,-26.503999999999998,-4.896900000000002,14.823999999999984,661.3099999999995,-0.04007802694651528,-0.0074048479533048136,0.022416113471745467,-0.025066156568024092
LLLATLLFALLVLLLSLLILI_1,110011001100110000,1,-68.2425,-66.6085,-60.4259,-228.098,-224.462,-244.181,-370.345,4631.51,3830.61,3737.05,-16.5719,-11.681,-90.5762,-90.9554,-65.7377,-52.8947,75.4318,-38.7966,8.88338,4.6175,4.24897,-13.1731,-48.4667,71.622,-38.1185,-383.789,8.7503,3.43897,3.0133,1,LLLATLLFALLVLLLSLLILI,ATLLFALLVLLLSLL,0.4592848869592833,0.0484532698689295,R,99999900.0,-24.838499999999996,-7.816600000000008,16.083,800.9000000000001,-0.031013235110500678,-0.009759770258459243,0.02008115869646647,-0.020691596953427392
LLLYYLLATLLTFLLSLLILI_1,110011001100110000,1,-84.9377,-85.5422,-87.9492,-239.778,-237.433,-256.72,-366.849,4743.97,3991.24,3908.83,-16.5679,-16.2511,-58.7015,-60.1256,-22.18,-79.9976,59.4731,-44.1039,8.72748,6.5285,5.92059,-15.3324,-76.6768,56.5599,-45.0,-382.026,8.5017,5.6371,4.9855,1,LLLYYLLATLLTFLLSLLILI,YYLLATLLTFLLSLL,0.3493881983147354,0.051130097874716,R,99999900.0,-36.5215,3.011499999999998,16.942000000000036,752.7300000000005,-0.04851872517370104,0.004000770528609191,0.02250740637413153,-0.022010415421200153
LLLVTLLLGLLAALLSTLILI_2,110011001100110000,1,-82.753,-83.1097,-74.2333,-220.263,-218.321,-235.41,-375.092,4465.63,3817.1,3675.61,-16.5563,-15.3765,-88.6325,-89.0381,-65.4487,-39.6133,77.0408,-41.2305,7.75788,2.8425,2.49812,-13.1036,-35.3319,75.5554,-40.8432,-387.711,7.5,1.99977,1.6331,2,LLLVTLLLGLLAALLSTLILI,VTLLLGLLAALLSTL,0.3094414714052124,0.0329479625602409,G,99999900.0,-23.18379999999999,-8.5197,15.146999999999991,648.5300000000002,-0.03574823061384976,-0.013136940465360118,0.02335589718285968,-0.025528965506607243
LLLLTLLIALLAVLLYSLILI_0,110011001100110000,1,-67.9124,-68.7451,-60.3755,-234.823,-221.308,-244.503,-368.124,4615.85,3867.57,3820.03,-16.5561,-6.86398,-81.9446,-84.9348,-63.2458,-48.7198,109.784,-45.4729,8.89668,8.62879,8.77555,-6.73704,-56.5161,78.9319,-42.5847,-374.988,8.925,5.63322,5.3172,0,LLLLTLLIALLAVLLYSLILI,LTLLIALLAVLLYSL,0.5226822554176896,0.0892205921658503,R,99999900.0,-18.69879999999999,-7.536900000000003,9.679999999999978,748.2800000000002,-0.024989041535254164,-0.010072299139359598,0.01293633399262305,-0.022125541241246587
LLLTALLVALLAYLLSFLILI_2,110011001100110000,1,-63.2275,-63.7827,-60.2169,-229.496,-227.949,-246.63,-351.179,4603.68,3830.06,3751.05,-16.5466,-13.8552,-75.0028,-73.303,-44.3328,-71.2286,65.4991,-39.3745,7.98894,6.02667,5.50916,-14.9757,-69.0036,63.721,-36.3865,-366.237,8.0348,5.45288,4.9087,2,LLLTALLVALLAYLLSFLILI,TALLVALLAYLLSFL,0.5313508514232175,0.0395323239427895,R,99999900.0,-30.669999999999995,-3.0105999999999966,17.133999999999986,773.6200000000003,-0.03964478684625524,-0.003891574674904986,0.02214782451332693,-0.021388537007833296
LLLVSLLLTLLFALLAYLILI_2,110011001100110000,1,-68.2429,-71.0371,-58.8371,-230.119,-223.581,-245.405,-352.741,4605.54,3781.08,3582.07,-16.544,670245.0,-70.9238,670187.0,-48.4991,-37.3009,74.6447,-43.7759,8.2092,2.17216,1.79183,644447.0,-39.4873,64.1407,-35.0,669893.0,8.1341,1.08209,0.544201,2,LLLVSLLLTLLFALLAYLILI,VSLLLTLLFALLAYL,0.2988383722664973,0.0264897769899401,R,99999900.0,-22.4247,-9.405800000000006,15.286000000000001,824.46,-0.027199257695946437,-0.011408437037576118,0.018540620527375495,-0.020066467748586954
LLLFSLLATLLAALLSYLILI_1,110011001100110000,1,-85.8495,-84.1812,-74.1759,-227.193,-216.956,-239.631,-348.203,4602.51,3834.26,3810.34,-16.5341,2050.07,-51.6947,2003.0,-34.3968,-47.0429,80.348,-47.0713,8.36585,4.40341,4.10863,1864.38,-43.6777,70.6483,-39.0967,1657.37,8.0,2.58918,2.1489,1,LLLFSLLATLLAALLSYLILI,FSLLATLLAALLSYL,0.1828120240604267,0.0329930827296272,R,99999900.0,-17.2979,-11.673600000000008,12.437999999999988,768.25,-0.022515977871786524,-0.01519505369345917,0.016190042303937505,-0.02152177025707777
LLLYSLLLTLLATLLAFLILI_2,110011001100110000,1,-83.2936,-85.3286,-72.5555,-233.8,-231.446,-250.48,-359.628,4663.99,3983.54,3820.74,-16.5316,1706.57,-59.0659,1663.72,-36.5921,-42.8913,79.5127,-46.7478,8.06807,3.66791,3.3606,1692.59,-43.6777,70.6483,-39.0967,1327.85,8.0,2.58918,2.1489,2,LLLYSLLLTLLATLLAFLILI,YSLLLTLLATLLAFL,0.2066512402098549,0.0474323988675675,R,99999900.0,-22.473799999999997,-10.738100000000003,16.67999999999998,680.4499999999998,-0.03302784921742965,-0.01578088029980161,0.024513189800867047,-0.02429509883165553
LLLVALLLALLATLLSILILI_0,110011001100110000,1,-74.091,-74.091,-74.091,-227.629,-223.052,-237.484,-382.32,4502.02,3686.69,3799.47,-16.5297,-8.84374,-97.1293,-94.0204,-70.7449,-35.4544,99.381,-31.8271,8.05528,5.2346,5.22531,-9.02169,-39.6626,86.0874,-35.0,-391.163,8.2373,4.07119,3.8625,0,LLLVALLLALLATLLSILILI,VALLLALLATLLSIL,0.6004187342101653,0.066842858371332,R,99999900.0,-26.3844,0.0,9.855000000000018,815.3300000000004,-0.03236039395091556,0.0,0.01208713036439235,-0.020273631535697192
LLLAALLALLLGALLGTLILI_0,110011001100110000,1,-60.5857,-63.2326,-58.784,-213.685,-205.284,-227.467,-348.738,4415.36,3686.08,3579.45,-16.5253,-13.0368,-90.9927,-93.2585,-62.4873,-79.6434,64.4751,-39.64,7.43577,7.15066,6.61779,-13.1506,-78.0946,55.6007,-36.5199,-361.775,7.2728,5.72029,5.0543,0,LLLAALLALLLGALLGTLILI,AALLALLLGALLGTL,0.385154604363002,0.0797518244607932,G,99999900.0,-28.5054,-1.8017000000000039,13.78200000000001,729.2799999999997,-0.03908704475647215,-0.0024705188679245344,0.018898091268100065,-0.022659746599385706
LLLGYLLILLLGVLLASLILI_0,110011001100110000,1,-65.0968,-68.7998,-60.364,-226.968,-221.265,-243.57,-361.682,4601.07,3738.0,3577.99,-16.5049,112.347,-86.1221,40.7303,-57.7479,-63.5903,59.9117,-53.1474,7.45889,4.12662,3.5253,103.747,-62.4741,58.2239,-43.3401,-249.335,7.3625,3.73134,3.1047,0,LLLGYLLILLLGVLLASLILI,GYLLILLLGVLLASL,0.4585289839691591,0.0992582261813791,G,99999900.0,-28.374200000000002,-4.732800000000005,16.602000000000004,863.0699999999997,-0.032875896508973795,-0.0054836803503771495,0.01923598317633565,-0.019123477817558257
LLLVALLFLLTSLLALLLILI_1,110011001100110000,1,-76.2237,-73.9321,-74.2988,-220.246,-221.091,-242.513,-372.243,4649.67,3605.6,3708.17,-16.4957,57.727,-92.2684,-19.4931,-55.4306,-102.745,36.2997,22.688,8.59644,6.81225,5.85675,66.8531,-96.9781,34.0706,18.0,-305.507,8.9454,5.64624,4.6573,1,LLLVALLFLLTSLLALLLILI,VALLFLLTSLLALLL,0.4365056869692372,0.0501768386634968,L,99999900.0,-36.8378,-1.9248999999999938,22.266999999999996,1044.0700000000002,-0.03528288333157738,-0.001843650329958713,0.021327114082389104,-0.01579941957914699
LLLVALLILLTALLFSLLILI_1,110011001100110000,1,-74.3189,-74.085,-74.3189,-229.275,-229.565,-242.521,-373.938,4591.95,3704.12,3629.73,-16.4937,109.044,-86.8376,38.7566,-57.0977,-98.9814,11.6679,30.0872,9.87692,2.92238,1.5974,103.26,-101.833,3.45963,18.0,-263.784,9.3219,2.242,0.793894,1,LLLVALLILLTALLFSLLILI,VALLILLTALLFSLL,0.6202425929889629,0.0582011676831316,L,99999900.0,-29.73989999999999,0.0,13.245999999999981,887.8299999999999,-0.033497291148080144,0.0,0.014919522881632724,-0.018577542998096483
LLLIYLLFVLLALLLATLILI_1,110011001100110000,1,-58.8379,-58.8379,-58.8379,-228.923,-225.122,-244.474,-350.046,4671.98,3789.98,3803.96,-16.4803,-7.40397,-78.7655,-73.4892,-46.7336,-70.1736,51.7314,-46.2005,8.52366,4.00978,3.28576,-1.57391,-62.3589,45.8824,-44.1628,-351.558,8.2562,2.04796,1.2362,1,LLLIYLLFVLLALLLATLILI,IYLLFVLLALLLATL,0.3788391963639572,0.0427602500080089,R,99999900.0,-32.0319,0.0,15.550999999999988,881.9999999999995,-0.03631734693877553,0.0,0.017631519274376412,-0.01868514739229026
LLLFALLLTLLAVLLSILILI_2,110011001100110000,1,-74.2416,-73.7188,-74.2416,-232.99,-227.923,-242.454,-370.505,4555.0,3820.17,3971.06,-16.4749,-3.49033,-79.7482,-72.3541,-53.8097,-41.9405,86.0075,-40.8471,8.95044,4.40209,4.1922,-4.24621,-42.8125,73.5102,-44.051,-371.718,8.874,2.84575,2.4484,2,LLLFALLLTLLAVLLSILILI,FALLLTLLAVLLSIL,0.4256342396452816,0.079753615512676,R,99999900.0,-25.938499999999998,0.0,9.463999999999999,734.8299999999999,-0.03529864050188479,0.0,0.012879169331682157,-0.02242001551379231
LLLLYLLIILLVALLSTLILI_0,110011001100110000,1,-80.7066,-80.7072,-74.2471,-236.767,-232.199,-246.781,-381.3,4627.97,3945.86,3825.17,-16.4725,13.8988,-80.2984,-54.4947,-60.2721,-19.7732,99.3156,-43.5799,9.23747,2.87357,2.86331,9.61283,-18.5428,92.2619,-41.0527,-367.401,8.8427,1.73677,1.6207,0,LLLLYLLIILLVALLSTLILI,LYLLIILLVALLSTL,0.2556694729624317,0.0416084205418017,R,99999900.0,-20.0263,-6.459499999999991,10.01400000000001,682.1100000000001,-0.029359340868774824,-0.009469880224597192,0.014680916567709033,-0.024149330753104332
LLLYALLFLLVILLWSLLILI_0,110011001100110000,1,-60.4312,-60.4312,-60.4312,-237.385,-230.873,-259.561,-363.886,4836.16,3882.94,3818.4,-16.4631,-2.45868,-82.5322,-75.0398,-43.8935,-110.14,28.1661,28.593,9.29284,6.82347,5.74596,-1.49013,-115.338,12.8154,28.0,-366.344,9.178,5.53078,4.22301,0,LLLYALLFLLVILLWSLLILI,YALLFLLVILLWSLL,0.2968589423646567,0.0726419297090555,L,99999900.0,-38.6387,0.0,22.175999999999988,953.2199999999998,-0.040534923732191946,0.0,0.023264304148045565,-0.017271039214452073
LLLTYLLVILLAFLLSLLILI_1,110011001100110000,1,-59.4576,-59.7254,-60.3155,-237.103,-234.966,-255.876,-366.569,4703.77,3812.15,3837.08,-16.4629,19.0391,-86.4709,-52.8389,-50.3772,-65.2828,44.4181,-50.35,8.67129,2.28887,1.45514,-7.77036,-61.4542,42.8978,-44.8882,-374.83,8.9762,1.50933,0.652797,1,LLLTYLLVILLAFLLSLLILI,TYLLVILLAFLLSLL,0.3452360410574241,0.0690662800336544,R,99999900.0,-36.0937,0.8579000000000008,18.772999999999996,891.6200000000003,-0.04048103452143288,0.000962181198268321,0.021054933716157093,-0.018464031762409988
LLLYLLLATLLAVLLSFLILI_2,110011001100110000,1,-74.1418,-76.3044,-74.1418,-234.955,-234.366,-249.041,-360.871,4668.43,4013.79,3827.31,-16.4502,62.0659,-68.2248,11.8649,-37.6885,-49.9081,73.9084,-50.6235,9.09691,3.96385,3.57248,50.7405,-50.4934,65.1053,-44.5635,-298.596,8.8696,2.86322,2.3398,2,LLLYLLLATLLAVLLSFLILI,YLLLATLLAVLLSFL,0.2531922681865834,0.0443052145463054,R,99999900.0,-30.536300000000004,0.0,14.085999999999984,654.6400000000003,-0.04664594280826101,0.0,0.02151716974214832,-0.025128620310399596
LLLYSLLAALLFALLVTLILI_1,110011001100110000,1,-69.7063,-69.2696,-58.8202,-226.988,-223.012,-246.111,-330.497,4623.36,3879.3,3731.73,-16.4449,953.705,-50.2485,915.489,-25.566,-51.0125,79.3203,-45.8294,8.10656,4.86012,4.54992,663.79,-57.1826,66.7594,-36.3012,616.94,8.3991,4.08991,3.5913,1,LLLYSLLAALLFALLVTLILI,YSLLAALLFALLVTL,0.3137101594266366,0.0170908293515011,R,99999900.0,-24.6825,-10.886099999999999,19.12299999999999,744.0599999999995,-0.03317272800580601,-0.014630674945568915,0.02570088433728463,-0.02210157782974493
LLLFILLTILLAYLLSLLILI_0,110011001100110000,1,-73.386,-77.0197,-74.2248,-235.829,-223.494,-250.107,-369.144,4696.22,3862.36,3821.7,-16.4378,-0.207247,-76.3671,-68.8373,-44.8126,-75.5046,66.5318,-42.1914,8.97864,6.80748,6.30546,-2.72857,-68.8108,64.9165,-37.632,-369.351,9.0,5.58535,5.0591,0,LLLFILLTILLAYLLSLLILI,FILLTILLAYLLSLL,0.2668638603397332,0.0456998384982679,R,99999900.0,-31.55449999999999,0.8388000000000062,14.277999999999992,833.8600000000001,-0.03784148418199696,0.0010059242558702972,0.01712277840404863,-0.019712901446285944
LLLYLLLATLVALLFSLLILI_1,110011001100110000,1,-74.0743,-74.0137,-74.0743,-228.803,-223.099,-249.053,-360.736,4654.57,3794.16,3723.19,-16.4361,-8.73498,-74.2952,-72.3584,-37.6093,-108.357,34.5175,20.2848,9.46615,7.41339,6.43115,-6.97491,-108.269,22.9463,20.9908,-368.254,9.3034,5.8381,4.68229,1,LLLYLLLATLVALLFSLLILI,YLLLATLVALLFSLL,0.2410241975454583,0.0884683340648703,L,99999900.0,-36.6859,0.0,20.25,860.4099999999999,-0.04263769598214805,0.0,0.02353529131460583,-0.019102637114863846
LLLTALLVALLFALLSLLILI_1,110011001100110000,1,-62.4708,-62.7039,-60.4381,-225.133,-224.95,-243.892,-362.47,4557.13,3650.36,3718.38,-16.4346,-12.1172,-91.3,-86.9327,-58.1393,-37.4747,82.9169,-38.1589,7.90644,3.31498,3.05874,-13.5165,-36.6373,79.1887,-39.9947,-376.671,8.0543,2.68607,2.3739,1,LLLTALLVALLFALLSLLILI,TALLVALLFALLSLL,0.4635008907872755,0.0205493182328914,R,99999900.0,-33.1607,-2.0326999999999984,18.758999999999986,906.77,-0.03657013355095559,-0.0022416930423370847,0.020687715738279815,-0.018124331418110436
LLLLATLIALLLVLFSLLILI_0,110011001100110000,1,-60.3808,-60.3808,-60.4594,-229.443,-219.585,-242.916,-366.493,4544.93,3668.22,3715.22,-16.4322,-3.95817,-93.1021,-90.486,-63.1176,-57.4506,76.99,20.0964,8.96622,5.51125,5.1661,-4.04635,-61.6036,59.611,18.0,-370.451,9.2414,3.78803,3.1822,0,LLLLATLIALLLVLFSLLILI,LATLIALLLVLFSLL,0.4077824554418416,0.0611619326136239,L,99999900.0,-29.98449999999999,0.07860000000000156,13.472999999999985,876.7100000000005,-0.034201161159334297,8.965336314174757e-05,0.015367681445403814,-0.01874302791116788
LLLVYLLLTLLATLLSALILI_2,110011001100110000,1,-86.1958,-93.0868,-87.914,-230.941,-230.294,-242.132,-380.395,4571.81,3941.21,3894.18,-16.418,-14.5433,-79.6763,-71.5576,-50.3494,-21.6277,86.981,-42.2148,9.23424,1.4866,1.29132,-12.0627,-25.9809,76.4631,-43.056,-392.551,8.6797,0.719653,0.366599,2,LLLVYLLLTLLATLLSALILI,VYLLLTLLATLLSAL,0.3366817324831307,0.0962129927947048,R,99999900.0,-29.326899999999995,1.718199999999996,11.191000000000003,630.6000000000004,-0.04650634316523942,0.002724706628607667,0.017746590548683785,-0.02603552172534093
LLLAYLLTTLLAFLLSLLILI_1,110011001100110000,1,-87.8351,-87.8447,-87.8717,-232.207,-227.518,-248.261,-372.584,4617.89,3753.76,3774.09,-16.4125,5.60379,-68.9537,-51.6173,-36.4515,-70.2196,59.1226,-42.464,8.1539,5.01449,4.40133,-6.79887,-68.0186,54.5667,-43.3551,-385.708,8.0,4.0693,3.3878,1,LLLAYLLTTLLAFLLSLLILI,AYLLTTLLAFLLSLL,0.6317944034591418,0.0650369457959358,R,99999900.0,-32.502199999999995,0.03660000000000707,16.054000000000002,864.1300000000001,-0.037612627729624,4.23547382917004e-05,0.018578223184011665,-0.018993091317278648
LLLFALLVALLTLLLSILILI_0,110011001100110000,1,-71.921,-71.218,-74.3132,-227.257,-219.706,-243.004,-372.515,4602.92,3794.42,3805.81,-16.3955,-7.33227,-89.732,-88.9227,-55.1974,-75.0404,72.0268,-42.2486,8.35707,7.47967,7.06007,-7.58772,-76.3343,62.4577,-43.5133,-379.847,8.2908,6.38193,5.81879,0,LLLFALLVALLTLLLSILILI,FALLVALLTLLLSIL,0.5119821977035655,0.0154593672921205,R,99999900.0,-34.5346,2.3921999999999883,15.746999999999986,808.5,-0.042714409400123686,0.002958812615955459,0.019476808905380318,-0.02027891156462585
LLLYALLTILLALLFSLLILI_2,110011001100110000,1,-70.6245,-70.6245,-74.1537,-232.837,-230.449,-251.558,-367.001,4658.08,3895.57,3881.48,-16.3773,-10.8889,-79.9169,-76.8162,-41.2893,-104.197,26.032,23.7245,9.04382,5.64386,4.53434,-1.52643,-107.547,8.11096,25.8539,-368.609,9.5,3.72703,2.34869,2,LLLYALLTILLALLFSLLILI,YALLTILLALLFSLL,0.3976402122943209,0.029876342703831,L,99999900.0,-38.6276,3.529200000000003,18.721000000000004,762.5099999999998,-0.05065848316743388,0.004628398316087664,0.024551809156601236,-0.021478144548923956
LLLYTLLAVLIALLLSLLILI_0,110011001100110000,1,-63.8026,-63.9759,-60.3479,-229.674,-221.34,-248.998,-371.798,4628.66,3735.46,3690.43,-16.3754,47.7212,-94.6966,-38.7604,-62.4521,-106.661,30.2148,22.7219,9.09842,6.57819,5.53142,43.6337,-108.585,15.5684,18.0,-324.077,8.7553,4.88948,3.62301,0,LLLYTLLAVLIALLLSLLILI,YTLLAVLIALLLSLL,0.469254683615502,0.063811042043175,L,99999900.0,-32.2445,-3.4546999999999954,19.323999999999984,893.1999999999998,-0.03609997760859831,-0.0038677787729511823,0.021634572324227483,-0.01833340797133901
LLLYALLAALLFSLLVTLILI_0,110011001100110000,1,-74.1677,-74.1677,-74.1677,-236.378,-227.85,-245.779,-352.519,4612.27,3966.21,3803.01,-16.3723,-8.94808,-58.3451,-59.4494,-32.572,-34.9711,106.766,-49.5236,8.46305,6.15907,6.26055,-8.77641,-38.8884,87.4303,-44.355,-361.467,8.3134,4.13635,3.9478,0,LLLYALLAALLFSLLVTLILI,YALLAALLFSLLVTL,0.279222894486211,0.0115357462329763,R,99999900.0,-25.7731,0.0,9.40100000000001,646.0600000000004,-0.03989273442095159,0.0,0.014551280066866863,-0.025341763922855445
LLLFYLLVILLALLLSTLILI_2,110011001100110000,1,-74.1925,-74.1631,-74.1631,-238.909,-236.019,-248.648,-367.117,4708.88,3940.42,3839.11,-16.3692,-11.1345,-70.3849,-68.0693,-44.306,-67.0581,56.5129,-45.3888,8.50186,4.18795,3.53564,-12.6874,-63.1365,52.5615,-43.97,-379.956,8.1663,3.06628,2.3547,2,LLLFYLLVILLALLLSTLILI,FYLLVILLALLLSTL,0.2945775335629639,0.1065485491506437,R,99999900.0,-26.078900000000004,-0.02939999999999543,9.739000000000004,768.46,-0.0339365744475965,-3.8258334851515275e-05,0.01267339874554304,-0.021301303906514326
LLLAALLTVLLAFLLSLLILI_2,110011001100110000,1,-74.1477,-73.5651,-74.1116,-229.839,-223.787,-238.699,-362.787,4527.35,3750.86,3864.16,-16.36,-10.1606,-75.1609,-75.5955,-49.9765,-70.8945,67.5138,-38.1617,8.75367,6.24854,5.76124,-8.76317,-70.3387,54.5426,-41.9287,-372.838,8.5396,4.41406,3.7322,2,LLLAALLTVLLAFLLSLLILI,AALLTVLLAFLLSLL,0.4499672656841496,0.0372409435307708,R,99999900.0,-25.184399999999997,-0.036100000000004684,8.860000000000014,776.4900000000002,-0.03243364370436192,-4.6491261960881236e-05,0.01141032080258601,-0.02106917024044095
LLLYALLTVLLALLLSFLILI_0,110011001100110000,1,-74.2947,-73.8887,-74.2653,-239.894,-233.163,-250.066,-364.747,4664.12,3986.59,3877.3,-16.3566,-9.13951,-66.9154,-66.8346,-40.4162,-73.2387,63.8043,-40.9299,8.60881,6.09939,5.55646,-9.03195,-71.6539,57.0728,-39.68,-373.887,8.4856,4.95291,4.309,0,LLLYALLTVLLALLLSFLILI,YALLTVLLALLLSFL,0.4382819933140669,0.0172807880286661,R,99999900.0,-26.499200000000002,-0.02940000000000964,10.171999999999997,677.5299999999997,-0.03911147845851846,-4.339291249097406e-05,0.015013357342110314,-0.024141514028899098
LLLLVLLIALLATLLSYLILI_0,110011001100110000,1,-74.1091,-74.1091,-74.1091,-232.25,-226.435,-244.014,-376.836,4560.23,3852.64,3850.2,-16.3453,-9.28758,-86.8218,-85.5789,-58.7126,-39.1039,96.3861,-43.4398,8.45768,5.37771,5.3235,-8.87248,-41.3452,86.0588,-44.4358,-386.124,8.523,4.31972,4.1106,0,LLLLVLLIALLATLLSYLILI,LVLLIALLATLLSYL,0.3974797715832108,0.0534513051018329,R,99999900.0,-28.109199999999994,0.0,11.76400000000001,707.5899999999997,-0.039725264630647704,0.0,0.016625446939611942,-0.023099959015814256
LLLSYLLTILLIFLLSLLILI_2,110011001100110000,1,-92.5592,-93.3389,-74.2289,-242.475,-241.401,-263.838,-382.44,4689.77,3885.44,3750.34,-16.3434,189.191,-63.7493,141.49,-44.373,-72.3336,54.487,-42.325,10.1185,4.70579,4.0231,183.821,-64.7378,56.4022,-45.0,-193.25,8.8345,3.82497,3.171,2,LLLSYLLTILLIFLLSLLILI,SYLLTILLIFLLSLL,0.3117206054346391,0.0300800952408181,R,99999900.0,-19.3763,-18.33030000000001,21.363000000000028,804.3300000000004,-0.02408998794027326,-0.022789526686807653,0.026559994032300197,-0.020319271940621376
LLLYALLTALLFVLLSLLILI_0,110011001100110000,1,-74.3266,-74.3266,-74.3266,-237.753,-231.472,-250.054,-363.594,4678.79,3926.55,3836.02,-16.3394,-12.2706,-67.8538,-70.0663,-39.214,-48.5344,95.7718,-45.8091,8.08939,6.70935,6.64593,-11.5654,-51.8061,81.4519,-44.6308,-375.865,8.0262,5.26692,4.9887,0,LLLYALLTALLFVLLSLLILI,YALLTALLFVLLSLL,0.3227879983465627,0.0175081658655097,R,99999900.0,-28.639800000000008,0.0,12.301000000000016,752.2399999999998,-0.03807268956715944,0.0,0.016352493884930368,-0.021720993300010642
LLLYALLAALLTVLLSILILI_1,110011001100110000,1,-74.2524,-74.2524,-74.3311,-234.373,-232.663,-245.051,-367.446,4580.82,3906.67,3925.39,-16.3381,-13.999,-75.1582,-74.5293,-48.0636,-39.8527,99.7314,-37.8828,8.82044,5.94163,5.9376,-10.1595,-37.4133,92.6227,-39.292,-377.588,8.9987,4.61606,4.5054,1,LLLYALLAALLTVLLSILILI,YALLAALLTVLLSIL,0.3055548577965428,0.0119709178157887,R,99999900.0,-27.094599999999993,0.07870000000001198,10.677999999999997,674.1499999999996,-0.040190758733219624,0.00011673959801232963,0.015839204924720022,-0.024235110880367883
LLLYFLLIILLTVLLSLLILI_0,110011001100110000,1,-71.3885,-71.8327,-74.3011,-238.635,-229.616,-257.574,-374.161,4767.48,4044.25,3939.94,-16.3298,0.417446,-80.4666,-72.2944,-42.2852,-78.4892,63.9599,-44.0402,9.20368,6.90796,6.36736,-0.758765,-79.0284,55.7683,-40.9071,-373.743,8.9529,5.88298,5.2195,0,LLLYFLLIILLTVLLSLLILI,YFLLIILLTVLLSLL,0.218391376464564,0.124712109535851,R,99999900.0,-38.1814,2.912600000000012,18.93900000000002,723.2299999999996,-0.052792887463186014,0.0040272112605948505,0.02618669026450788,-0.022578985938083333
LLLALLLTVLLGILLFSLILI_1,110011001100110000,1,-74.0376,-63.1338,-74.0963,-232.079,-230.609,-241.087,-368.815,4562.38,3928.78,3545.3,-16.3197,1718.99,-79.0176,1643.92,-53.6313,-39.3733,76.616,-49.3767,8.9402,2.74916,2.3984,1684.17,-30.525,71.559,-44.3251,2410.4,7.1169,0.739215,0.3126,1,LLLALLLTVLLGILLFSLILI,ALLLTVLLGILLFSL,0.2895655003790744,0.0416647170382939,G,99999900.0,-25.3863,0.05870000000000175,9.007999999999981,633.5999999999999,-0.04006676136363637,9.26452020202048e-05,0.014217171717171689,-0.02575710227272728
LLLAYLLLTLLATLLSALILI_1,110011001100110000,1,-95.0397,-93.3233,-87.879,-228.748,-227.195,-242.51,-378.661,4550.75,3856.13,3877.63,-16.3155,-12.4138,-71.1886,-70.5561,-48.2723,-40.2578,72.3583,-40.9691,8.38704,2.30705,1.89242,-12.0628,-40.5636,65.8644,-42.0543,-390.139,8.1749,1.47623,0.964196,1,LLLAYLLLTLLATLLSALILI,AYLLLTLLATLLSAL,0.3896105892647246,0.0416313031216372,R,99999900.0,-22.916299999999993,-7.160699999999991,13.762,694.6199999999999,-0.03299113184187037,-0.010308801934870854,0.019812271457775477,-0.02348838213699577
LLLSYLLIFLLGTLLGLLILI_0,110011001100110000,1,-76.0793,-60.4816,-58.7092,-227.127,-229.398,-252.639,-354.396,4614.77,3628.0,3644.64,-16.3063,1325.11,-67.4969,1260.59,-43.0478,-90.5837,24.1228,-36.4409,8.751,3.34413,2.20597,893.69,-83.081,35.995,-42.847,970.71,7.4247,3.82147,2.86139,0,LLLSYLLIFLLGTLLGLLILI,SYLLIFLLGTLLGLL,0.962248126039292,0.1018130954705283,G,99999900.0,-24.449099999999994,-17.3701,25.512,986.7700000000004,-0.02477689836537388,-0.01760298752495515,0.02585404906918531,-0.016524924754502054
LLLLTLLVALLAGLLASLILI_1,110011001100110000,1,-67.2094,-66.6575,-60.3111,-218.361,-218.086,-232.157,-361.62,4468.93,3784.28,3702.65,-16.3027,-12.8339,-92.3519,-89.7099,-69.1519,-39.6109,78.8548,-39.8115,7.7603,3.08704,2.76987,-8.58299,-35.1672,74.1308,-38.712,-370.404,7.5,1.78274,1.3947,1,LLLLTLLVALLAGLLASLILI,LTLLVALLAGLLASL,0.3688421440471066,0.0472517569492176,G,99999900.0,-23.200000000000003,-6.898299999999999,13.79600000000002,684.6500000000001,-0.03388592711604469,-0.010075659095888407,0.020150441831592814,-0.023811728620463008
LLLAGLLTALLGILLSLLILI_2,110011001100110000,1,-83.9256,-79.1179,-74.0663,-220.539,-219.374,-234.523,-371.253,4452.93,3793.19,3722.05,-16.2985,-8.82921,-83.087,-81.5901,-62.663,-62.1831,69.3794,-38.2602,7.12292,5.19368,4.73437,-12.4119,-58.964,70.3833,-36.9712,-385.159,7.2253,4.84635,4.4021,2,LLLAGLLTALLGILLSLLILI,AGLLTALLGILLSLL,0.2017369006486528,0.1107867074523639,G,99999900.0,-20.424000000000007,-9.859300000000005,13.984000000000009,659.7400000000002,-0.030957649983326764,-0.014944220450480494,0.021196228817412927,-0.02470442901749173
LLLYILLATLLAFLLSLLILI_2,110011001100110000,1,-74.1447,-74.0342,-74.1074,-231.304,-232.063,-250.253,-366.923,4657.12,3784.49,3811.21,-16.2887,-6.37259,-77.7635,-67.1989,-42.5633,-71.0844,58.747,-41.762,7.98764,5.0935,4.47471,-10.1737,-67.8069,60.3424,-36.3304,-377.201,8.4065,4.81726,4.2224,2,LLLYILLATLLAFLLSLLILI,YILLATLLAFLLSLL,0.2740456932605561,0.0885810079501214,R,99999900.0,-35.200199999999995,-0.03730000000000189,18.948999999999984,872.6300000000001,-0.040338058512771724,-4.274434754707251e-05,0.021714816130547862,-0.018666215921982966
LLLAYLLILLLGVLLGSLILI_0,110011001100110000,1,-60.2995,-68.9322,-60.2995,-227.958,-222.404,-240.359,-358.356,4587.82,3603.94,3485.07,-16.2836,98068.6,-86.3817,98001.6,-57.6977,-58.4407,66.4478,-32.7544,8.43083,4.23656,3.73328,95289.7,-60.8008,50.4599,-37.6027,97710.2,7.1589,2.4322,1.6891,0,LLLAYLLILLLGVLLGSLILI,AYLLILLLGVLLGSL,0.582744359747988,0.0612060648684809,G,99999900.0,-28.683999999999997,0.0,12.40100000000001,983.8799999999997,-0.02915396186526813,0.0,0.01260417937146808,-0.016550392324267194
LLLFALLTTLLAVLLSLLILI_0,110011001100110000,1,-88.0662,-88.0662,-88.0662,-233.655,-224.482,-241.986,-376.576,4585.3,3802.04,3841.9,-16.2753,-6.71408,-71.1306,-70.7418,-46.5242,-56.5675,87.2819,-42.7463,8.03144,6.76818,6.57741,-6.42985,-61.3414,69.3806,-39.8242,-383.29,8.0,5.06759,4.6083,0,LLLFALLTTLLAVLLSLLILI,FALLTTLLAVLLSLL,0.429277637978069,0.0374647167626409,R,99999900.0,-24.6064,0.0,8.330999999999989,783.2600000000002,-0.03141536654495314,0.0,0.010636314889053426,-0.020778923984373
LLLFYLLVALLLTLLSLLILI_1,110011001100110000,1,-80.1296,-79.2543,-74.1425,-235.674,-232.871,-248.667,-370.183,4728.98,3959.77,3865.75,-16.2638,-10.4852,-70.6431,-68.5421,-47.3734,-19.0585,84.7524,-44.1978,8.7531,0.800351,0.571637,-15.3953,-16.5696,85.3931,-40.833,-385.574,8.844,0.513503,0.294399,1,LLLFYLLVALLLTLLSLLILI,FYLLVALLLTLLSLL,0.4180941429627931,0.0663326918414842,R,99999900.0,-23.269700000000007,-5.987099999999998,12.992999999999995,769.2099999999996,-0.030251426788523317,-0.00778344015288413,0.0168913560666138,-0.02114351087479363
LLLAYLLVALLTLLLSILILI_2,110011001100110000,1,-71.4827,-70.9123,-74.2579,-232.529,-229.411,-246.899,-378.807,4593.45,3743.35,3793.26,-16.2553,-7.39904,-91.0509,-85.8832,-57.651,-66.3016,59.0918,-38.7333,8.53247,4.42262,3.809,-9.4291,-63.1499,55.6214,-39.4108,-389.966,8.7768,3.48138,2.8157,2,LLLAYLLVALLTLLLSILILI,AYLLVALLTLLLSIL,0.5324206193174631,0.0971519500394907,R,99999900.0,-33.399899999999995,2.7752000000000123,14.370000000000005,850.0999999999999,-0.0392893777202682,0.0032645571109281408,0.016903893659569468,-0.019121632749088343
LLLALLLLTLLAVLLSILILI_0,110011001100110000,1,-74.2636,-74.2636,-74.2636,-230.455,-225.767,-241.364,-392.106,4521.32,3704.79,3801.46,-16.2551,-8.61702,-103.642,-100.692,-76.4786,-31.6366,97.7803,-43.6287,8.76723,4.44582,4.41253,-8.86407,-36.2869,84.2404,-44.7529,-400.723,9.0,3.31549,3.0791,0,LLLALLLLTLLAVLLSILILI,ALLLLTLLAVLLSIL,0.3770090999728007,0.0517964103505074,R,99999900.0,-27.163399999999996,0.0,10.908999999999992,816.5299999999997,-0.03326687323184697,0.0,0.013360194971403372,-0.019907535546764974
LLLATLLVALLFLLLSILILI_0,110011001100110000,1,-68.2532,-67.5362,-60.3859,-227.555,-226.037,-245.719,-366.847,4604.21,3868.68,3787.05,-16.2536,-13.6792,-87.2923,-86.953,-60.7421,-56.5658,80.817,-40.0232,8.9526,5.89516,5.60741,-13.2329,-55.4498,78.0622,-36.6757,-380.526,9.0,5.35587,5.0268,0,LLLATLLVALLFLLLSILILI,ATLLVALLFLLLSIL,0.4569976678301027,0.0506390918225463,R,99999900.0,-26.550199999999997,-7.867300000000007,18.163999999999987,735.5300000000002,-0.03609669218114828,-0.010696096692181155,0.024695117806207745,-0.02209780702350685
LLLTVLLLGLLAGLLFALILI_2,110011001100110000,1,-44.9318,-45.4981,-44.9318,-220.498,-219.126,-236.429,-338.16,4531.27,3802.81,3660.56,-16.2504,-9.58947,-88.9802,-83.1253,-56.7995,-33.0875,73.4024,-42.1988,7.22861,1.37244,0.973479,-11.8974,-30.525,71.559,-44.3251,-350.484,7.1169,0.739215,0.3126,2,LLLTVLLLGLLAGLLFALILI,TVLLLGLLAGLLFAL,0.6577542797297729,0.0566473764362457,G,99999900.0,-32.180699999999995,0.0,15.931000000000012,728.4600000000005,-0.04417634461741204,0.0,0.021869423166680394,-0.02230788238201135
LLLLALLTILLAVLASLLILI_1,110011001100110000,1,-70.6084,-74.2574,-74.2574,-232.778,-234.904,-237.415,-381.08,4471.64,3851.8,3843.01,-16.2407,-14.5256,-93.9336,-86.4435,-69.4074,-101.82,26.1009,25.0432,9.37267,5.29657,4.18809,-3.68277,-95.5434,21.4906,28.0,-384.914,9.3253,3.73274,2.5551,1,LLLLALLTILLAVLASLLILI,LALLTILLAVLASLL,0.4597171754660538,0.0230194688207865,L,99999900.0,-24.526200000000003,3.649000000000001,4.6370000000000005,619.8400000000001,-0.03956859834796076,0.005887003097573567,0.0074809628291171906,-0.02620143908105317
LLLTALLAVLLGLLLAFLILI_1,110011001100110000,1,-49.9415,-50.3906,-44.9868,-224.474,-222.26,-241.574,-345.427,4534.01,3810.34,3695.98,-16.2257,-5.65278,-87.2376,-78.4295,-58.8663,-73.7009,48.2731,-43.0356,7.05382,4.07201,3.2961,-7.85847,-71.1566,42.8294,-43.0573,-355.552,7.0278,2.95546,2.0979,1,LLLTALLAVLLGLLLAFLILI,TALLAVLLGLLLAFL,0.3884464534552808,0.0552602986690015,G,99999900.0,-28.371299999999998,-4.954699999999995,17.100000000000023,723.6700000000001,-0.03920474802050658,-0.006846628988351037,0.02362955490762367,-0.022421407547639115
LLLYALLVTLLFTLLSLLILI_2,110011001100110000,1,-88.0317,-88.165,-88.0071,-239.453,-235.309,-253.265,-372.123,4680.12,4066.97,3925.35,-16.2098,-14.4304,-60.8484,-63.0794,-30.8514,-34.2791,83.8018,-41.9426,8.983,2.9551,2.71213,-13.2895,-33.8776,77.6117,-38.0523,-385.443,8.9754,2.05922,1.7234,2,LLLYALLVTLLFTLLSLLILI,YALLVTLLFTLLSLL,0.2678340539654733,0.0348724909654027,R,99999900.0,-29.996999999999996,-0.024600000000006617,13.811999999999983,613.1500000000001,-0.0489227758297317,-4.012068824921571e-05,0.02252629862187064,-0.02643692408056756
LLLTYLLIFLLALLLSILILI_1,110011001100110000,1,-76.631,-74.5747,-60.3544,-235.108,-233.19,-256.101,-372.224,4677.34,3699.73,3750.23,-16.2062,-8.20934,-76.6918,-72.6688,-55.7684,-70.2882,54.6031,-40.3433,8.49024,4.41464,3.73368,-6.48621,-68.3504,51.785,-38.1091,-382.176,8.6758,3.74353,3.0203,1,LLLTYLLIFLLALLLSILILI,TYLLIFLLALLLSIL,0.4276332950983805,0.0595986291930865,R,99999900.0,-20.9234,-16.276600000000002,20.992999999999995,977.6100000000001,-0.02140260431051237,-0.016649379609455714,0.02147379834494327,-0.016577367252789965
LLLYALLATLLGVLLGLLILI_0,110011001100110000,1,-56.5726,-63.2456,-58.7598,-224.173,-219.811,-240.642,-347.959,4559.83,3638.51,3789.71,-16.2045,-8.06292,-83.4182,-72.9653,-48.5576,-75.6526,55.7312,-36.5806,7.35378,5.37161,4.70758,-9.34563,-75.4208,48.7219,-40.9997,-356.022,7.4067,4.39057,3.6214,0,LLLYALLATLLGVLLGLLILI,YALLATLLGVLLGLL,0.281167699578467,0.0093463639615931,G,99999900.0,-34.8606,2.187199999999997,16.468999999999994,921.3199999999997,-0.03783766769417793,0.002373985151738807,0.01787543958667998,-0.017588351495680117
LLLYALLAILLTVLLSLLILI_1,110011001100110000,1,-71.2212,-72.0545,-74.2911,-235.797,-234.874,-249.193,-376.923,4633.38,3951.53,3995.9,-16.2044,-11.8688,-86.109,-81.8633,-53.4385,-83.1509,64.9932,-34.3893,8.67641,7.74672,7.22162,-4.00638,-79.0284,55.7683,-40.9071,-381.696,8.9529,5.88298,5.2195,1,LLLYALLAILLTVLLSLLILI,YALLAILLTVLLSLL,0.2960115703332627,0.0317137055624968,R,99999900.0,-32.6705,3.069900000000004,13.396000000000015,681.8499999999999,-0.04791449732345824,0.004502309892205037,0.019646549827674734,-0.02376534428393342
LLLALLLTVLTSLLFALLILI_2,110011001100110000,1,-84.3349,-84.3276,-88.0275,-223.487,-221.95,-241.485,-377.745,4526.2,3633.5,3599.2,-16.2039,105.308,-86.1267,33.8409,-48.2323,-105.745,23.7469,26.4667,9.10869,5.56762,4.42383,31.6249,-105.995,10.267,21.1002,-346.315,9.2082,3.7853,2.43931,2,LLLALLLTVLTSLLFALLILI,ALLLTVLTSLLFALL,0.3827114941774034,0.0403978716133059,L,99999900.0,-37.8944,3.6925999999999988,17.99800000000002,892.6999999999998,-0.042449199059034395,0.004136440013442365,0.020161308390276713,-0.01815156267503081
LLLVWLLTILLIALLSLLILI_0,110011001100110000,1,-74.1915,-74.2158,-74.1631,-244.15,-235.438,-248.677,-393.473,4627.83,4000.7,3672.38,-16.1984,1424.71,-91.3298,1340.89,-70.6327,-23.8627,96.0999,-46.5246,10.2054,3.0529,2.9944,1420.71,-18.646,87.7907,-39.994,1031.24,8.5175,1.14864,0.9655,0,LLLVWLLTILLIALLSLLILI,VWLLTILLIALLSLL,0.3892919301961777,0.0395366416163907,R,99999900.0,-20.697100000000006,-0.028400000000004866,4.526999999999987,627.1300000000001,-0.03300288616395325,-4.528566644875044e-05,0.007218599014558362,-0.025829413359271598
LLLTSLLLGLLFILLAYLILI_0,110011001100110000,1,-57.519,-56.4301,-44.9453,-233.052,-232.39,-256.127,-349.59,4673.48,3812.96,3599.96,-16.194,12067.6,-75.2131,12006.8,-48.517,-32.332,73.9169,-41.7715,8.8456,1.32858,0.937333,6998.34,-40.0595,64.5531,-38.0126,11718.0,7.2779,1.2236,0.691897,0,LLLTSLLLGLLFILLAYLILI,TSLLLGLLFILLAYL,0.1950972368453586,0.0137154567821187,G,99999900.0,-26.696099999999994,-12.573699999999995,23.075000000000017,860.5199999999995,-0.03102321851903501,-0.0146117463859062,0.026815181518151848,-0.01881885371635756
LLLYALLTVLLAFLLSILILI_1,110011001100110000,1,-73.1366,-71.7976,-74.2571,-235.865,-232.766,-250.157,-356.417,4661.22,4069.45,4043.52,-16.1873,-7.83323,-63.6032,-59.6869,-32.0038,-64.4088,46.4883,-48.2645,8.75116,2.43725,1.63457,-4.9387,-57.4417,46.4343,-44.977,-363.425,9.0,1.38489,0.581405,1,LLLYALLTVLLAFLLSILILI,YALLTVLLAFLLSIL,0.4539899023622145,0.0551013848238392,R,99999900.0,-31.599400000000003,1.1204999999999927,14.292000000000002,591.7700000000004,-0.053398110752488265,0.001893472125994883,0.024151274988593527,-0.027354039576186675
LLLYVLLIALLAILLSLLILI_1,110011001100110000,1,-60.5415,-60.3141,-60.3878,-238.133,-230.484,-249.306,-373.882,4648.82,4033.84,3844.24,-16.1648,-0.957296,-91.3727,-84.0413,-64.188,-46.4565,80.5076,-42.8191,8.47149,4.33701,4.04462,4.0893,-40.8345,76.2695,-41.1941,-363.804,8.0,2.92156,2.5656,1,LLLYVLLIALLAILLSLLILI,YVLLIALLAILLSLL,0.2404071009069953,0.0037986772986057,R,99999900.0,-27.184699999999992,-0.15370000000000061,11.173000000000002,614.9799999999996,-0.04420420176265897,-0.0002499268268886805,0.018168070506357947,-0.02628508244170544
LLLYVLLTALLFALLSALILI_2,110011001100110000,1,-76.3437,-76.3175,-74.216,-229.25,-228.113,-245.447,-351.656,4621.59,3925.56,3832.86,-16.1628,-0.401983,-62.2253,-47.6276,-31.9935,-31.3526,83.9411,-41.6562,8.04717,2.53494,2.29406,-8.12139,-25.5639,87.2881,-42.5208,-359.406,8.2567,2.11848,1.9278,2,LLLYVLLTALLFALLSALILI,YVLLTALLFALLSAL,0.268745550466716,0.0197017934214334,R,99999900.0,-30.231799999999996,-2.1277000000000044,16.197000000000003,696.0300000000002,-0.04343462207088773,-0.003056908466589089,0.02327054868324641,-0.023221412870134902
LLLAALLALLLGVLLITLILI_0,110011001100110000,1,-58.784,-63.2326,-58.784,-223.766,-213.124,-235.365,-363.927,4490.99,3628.89,3466.09,-16.158,50387.3,-97.535,50299.7,-69.7776,-74.5764,71.6266,-45.0259,7.82211,7.35605,6.93045,43747.3,-78.0946,55.6007,-36.5199,50023.3,7.2728,5.72029,5.0543,0,LLLAALLALLLGVLLITLILI,AALLALLLGVLLITL,0.3246839634002045,0.0584341641028468,G,99999900.0,-27.75739999999999,0.0,11.599000000000018,862.0999999999999,-0.03219742489270386,0.0,0.013454355643196867,-0.01874260526621042
LLLLYLLVTLLAALLSILILI_0,110011001100110000,1,-75.0404,-74.4406,-74.2206,-229.01,-227.54,-242.347,-374.039,4590.26,3864.82,3873.7,-16.1506,-14.2574,-86.1395,-86.3164,-57.4717,-14.6963,95.9108,-44.7998,8.77553,1.6524,1.59106,-14.0575,-15.3,92.7153,-45.0,-388.297,8.8215,1.31157,1.2023,0,LLLLYLLVTLLAALLSILILI,LYLLVTLLAALLSIL,0.4078032462494473,0.0663907021715106,R,99999900.0,-28.6678,-0.8198000000000008,13.337000000000018,725.44,-0.03951780988089986,-0.0011300727834142048,0.018384704455227194,-0.0222631782090869
LLLTALLFLLLGVLLASLILI_2,110011001100110000,1,-60.3462,-60.3462,-60.3462,-227.776,-226.56,-240.448,-355.85,4565.71,3649.38,3532.84,-16.1501,813.015,-83.8775,744.071,-55.0555,-66.3945,66.0403,-44.8469,8.15907,5.37461,4.86522,790.193,-60.5958,60.1642,-40.2827,442.07,7.5,3.71154,3.114,2,LLLTALLFLLLGVLLASLILI,TALLFLLLGVLLASL,0.8936507842916432,0.0940545131484864,G,99999900.0,-28.821999999999996,0.0,12.671999999999997,916.3299999999999,-0.03145373391682036,0.0,0.013829079043576002,-0.01762476400423428
LLLYALLIALLFTLLVLLILI_0,110011001100110000,1,-57.2378,-59.4267,-58.8653,-237.599,-231.399,-251.995,-353.57,4773.33,4128.31,3976.69,-16.1455,-10.5595,-74.8788,-73.3038,-42.7102,-24.3864,113.542,-46.2741,8.77531,5.48619,5.68933,-11.2003,-28.8229,98.2271,-45.0,-364.13,8.6709,4.08409,4.0575,0,LLLYALLIALLFTLLVLLILI,YALLIALLFTLLVLL,0.3040855256952157,0.0260567809301615,R,99999900.0,-32.1686,1.6274999999999977,14.396000000000015,645.0199999999995,-0.04987225202319311,0.0025231775758891182,0.022318687792626624,-0.025031006790487132
LLLVALLIALLTALLSLLILI_2,110011001100110000,1,-74.2816,-74.2816,-74.2816,-229.179,-227.034,-237.584,-380.682,4512.07,3790.76,3906.59,-16.1371,-13.4581,-93.3586,-92.8243,-68.816,-27.6692,101.275,-43.5507,8.38356,4.32255,4.34168,-3.15979,-22.0295,90.9785,-43.2966,-385.708,8.7631,2.08652,1.9512,2,LLLVALLIALLTALLSLLILI,VALLIALLTALLSLL,0.432590257655185,0.0128930179990518,R,99999900.0,-24.542599999999993,0.0,8.405000000000001,721.3099999999995,-0.03402503777848638,0.0,0.011652410198111779,-0.022371934397138554
LLLLFILLAVLATLLLSLILI_0,110011001100110000,1,-74.2506,-74.2506,-74.2506,-230.157,-218.012,-241.052,-369.81,4492.99,3744.04,3631.27,-16.1334,-1.19258,-81.5356,-78.7396,-54.507,-58.0447,76.2146,25.3154,10.0329,5.49569,5.13891,-2.21093,-60.6709,65.7431,20.4901,-371.002,9.5,4.47595,3.9621,0,LLLLFILLAVLATLLLSLILI,LFILLAVLATLLLSL,0.1895642263968064,0.0662313821099188,L,99999900.0,-27.028600000000004,0.0,10.894999999999982,748.9499999999998,-0.03608865745376862,0.0,0.014547032512183703,-0.021541357901061493
LLLYALLALLLGTLLGFLILI_1,110011001100110000,1,-62.8003,-55.2484,-58.7826,-219.159,-212.952,-243.072,-336.979,4626.06,3710.83,3543.2,-16.1247,238431.0,-71.1451,238362.0,-35.1246,-72.0399,44.1342,-35.6915,7.13983,3.26411,2.42612,69214.6,-61.4491,56.4783,-36.3969,238120.0,6.7439,3.34193,2.6891,1,LLLYALLALLLGTLLGFLILI,YALLALLLGTLLGFL,0.2065488474723845,0.0310254658490695,G,99999900.0,-36.0205,-4.017699999999998,23.91300000000001,915.2300000000005,-0.039356773707155554,-0.004389825508342161,0.026127858571069567,-0.017618194333664752
LLLTFLLIILLGLLLGVLILI_0,110011001100110000,1,-44.9378,-53.1493,-44.9378,-228.754,-217.894,-245.259,-350.74,4614.45,3878.29,3537.11,-16.1114,52026.1,-93.1589,51946.4,-60.5427,-66.7957,49.5312,-60.5207,7.88536,3.20607,2.44903,38479.3,-79.84,40.4327,-45.0,51675.4,6.5,3.93441,3.0409,0,LLLTFLLIILLGLLLGVLILI,TFLLIILLGLLLGVL,0.301644451789432,0.0849039497229436,G,99999900.0,-32.6162,0.0,16.504999999999995,736.1599999999999,-0.044305857422299505,0.0,0.02242039773962182,-0.021885731362747234
LLLYILLLALLTVLLSFLILI_0,110011001100110000,1,-74.2719,-74.2719,-74.2719,-237.754,-229.274,-252.84,-367.395,4700.85,4104.96,3926.31,-16.1034,-7.98717,-71.4728,-71.8363,-40.2836,-35.8162,97.227,-43.6792,8.79946,4.99808,4.95648,-7.98724,-39.2116,82.5884,-44.5047,-375.382,8.7478,3.53117,3.27,0,LLLYILLLALLTVLLSFLILI,YILLLALLTVLLSFL,0.198033270075445,0.0501946134654325,R,99999900.0,-31.189200000000007,0.0,15.086000000000013,595.8900000000003,-0.05234053264864319,0.0,0.025316753092013634,-0.027024115189044944
LLLLVFLLALLALLTSLLILI_0,110011001100110000,1,-74.0586,-74.0586,-74.0292,-227.559,-216.138,-241.461,-369.981,4604.8,3732.7,3662.5,-16.0935,345.861,-84.4569,266.077,-54.4907,-57.2913,62.7216,21.2001,9.09588,3.56111,3.00193,301.432,-59.5425,47.6782,27.3052,-24.1197,8.6304,1.86793,1.0831,0,LLLLVFLLALLALLTSLLILI,LVFLLALLALLTSLL,0.3464901057918412,0.0550675436219652,L,99999900.0,-29.966200000000008,-0.02939999999999543,13.902000000000015,872.1000000000004,-0.03436096777892443,-3.371173030615229e-05,0.015940832473340223,-0.01845373237014103
LLLLWTLIILLLVLFSLLILI_2,110011001100110000,1,-60.4594,-60.3808,-60.4594,-238.403,-234.996,-254.875,-379.285,4663.1,3702.98,3633.16,-16.092,-2.45303,-96.5152,-86.3609,-63.9508,-62.5179,68.5577,19.9735,9.8178,5.13298,4.66134,1.15798,-61.6036,59.611,18.0,-370.849,9.2414,3.78803,3.1822,2,LLLLWTLIILLLVLFSLLILI,LWTLIILLLVLFSLL,0.2849552772217256,0.1162213720647962,L,99999900.0,-32.56439999999999,0.0,16.47200000000001,960.1200000000003,-0.03391701037370327,0.0,0.01715618880973212,-0.01676040494938132
LLLTYLLLALLVALLSILILI_2,110011001100110000,1,-66.3606,-68.335,-60.5256,-238.217,-233.916,-250.101,-374.609,4591.93,3901.12,4012.12,-16.0901,-8.64892,-86.1216,-81.0071,-63.9816,-39.469,79.109,-38.2973,8.76831,3.10007,2.7867,-8.26601,-34.7868,66.0885,-41.0973,-382.352,8.9938,0.639973,0.131301,2,LLLTYLLLALLVALLSILILI,TYLLLALLVALLSIL,0.4100988246985304,0.0913180595991692,R,99999900.0,-22.14,-5.835000000000008,11.883999999999986,690.8100000000004,-0.032049333391236355,-0.008446606157988455,0.01720299358723814,-0.023291643143556102
LLLYALLTTLLSVLLFLLILI_0,110011001100110000,1,-89.0899,-89.1828,-88.0703,-241.571,-234.636,-253.244,-375.167,4692.23,3940.53,3861.71,-16.0893,-11.8656,-60.5956,-63.2134,-33.8526,-62.7975,79.8214,-45.8027,8.47417,6.69551,6.39283,-12.0928,-66.3901,65.6139,-43.2369,-387.033,8.4803,5.31639,4.8006,0,LLLYALLTTLLSVLLFLLILI,YALLTTLLSVLLFLL,0.4614120769139792,0.0690238044826249,R,99999900.0,-26.742999999999995,-1.019599999999997,11.673000000000002,751.6999999999994,-0.035576692829586296,-0.0013563921777304748,0.01552880138353068,-0.02140388452840231
LLLYALLTVLLALLLIFLILI_0,110011001100110000,1,-58.9504,-58.9504,-58.9504,-246.034,-235.182,-252.05,-357.429,4680.44,3986.35,3820.36,-16.0831,182.001,-68.5273,118.705,-46.4287,-73.2626,70.4141,-43.2214,8.70732,6.99529,6.5515,182.571,-71.6539,57.0728,-39.68,-175.428,8.4856,4.95291,4.309,0,LLLYALLTVLLALLLIFLILI,YALLTVLLALLLIFL,0.2629377235841484,0.0319313457461351,R,99999900.0,-22.098599999999998,0.0,6.0160000000000196,694.0899999999997,-0.03183823423475343,0.0,0.008667463873561097,-0.023171490728868028
LLLTALLIALLFVLLSLLILI_2,110011001100110000,1,-60.468,-60.468,-60.468,-230.067,-228.91,-246.219,-368.515,4572.67,3755.05,3713.81,-16.0797,-10.832,-94.0599,-89.9688,-61.8278,-50.2752,79.2997,-38.1804,7.93476,4.74674,4.43624,-14.193,-47.9836,80.2404,-36.9281,-382.759,8.0,4.52999,4.2336,2,LLLTALLIALLFVLLSLLILI,TALLIALLFVLLSLL,0.3383328837736853,0.0180610941707465,R,99999900.0,-32.232099999999996,0.0,16.151999999999987,817.6199999999999,-0.03942185856510359,0.0,0.019754898363542953,-0.01966647097673736
LLLYALLFALLTILLSLLILI_2,110011001100110000,1,-74.3579,-74.1565,-74.2954,-241.146,-236.779,-251.336,-367.316,4675.31,4060.78,3868.84,-16.0497,1.12309,-67.8615,-55.258,-41.6847,-44.2043,89.2328,-45.8584,8.75807,5.17707,5.01557,3.95025,-36.6602,86.1438,-39.3244,-363.888,8.6204,3.62844,3.4206,2,LLLYALLFALLTILLSLLILI,YALLFALLTILLSLL,0.2860212343725328,0.0267539913235554,R,99999900.0,-26.176800000000007,-0.0625,10.190000000000026,614.5300000000002,-0.04259645582803118,-0.0001017037410704115,0.016581777944119934,-0.026117032528924538
LLLLAYLTVLLSILFLLLILI_2,110011001100110000,1,-74.3184,-70.6957,-74.3763,-239.985,-231.107,-249.081,-367.994,4650.99,3911.32,3733.27,-16.0448,25.1405,-69.735,-41.05,-44.5369,-94.8739,47.3352,22.3855,9.703,7.12134,6.33137,24.7716,-94.2488,32.0172,18.3479,-343.807,9.3079,4.95964,3.9399,2,LLLLAYLTVLLSILFLLLILI,LAYLTVLLSILFLLL,0.41646318228578,0.0512473663214383,L,99999900.0,-25.198099999999997,0.057900000000003615,9.095999999999975,739.6699999999996,-0.03406667838360351,7.82781510673728e-05,0.012297375856800978,-0.021691835548285056
LLLLYLLVILLIFLLSTLILI_0,110011001100110000,1,-74.693,-74.1503,-74.0793,-242.097,-237.253,-251.446,-371.553,4753.4,3971.08,3829.91,-16.0267,91.1334,-70.7904,30.9835,-46.0285,-54.9288,68.788,-39.7284,9.86853,4.02569,3.55751,93.8934,-57.6508,57.7625,-43.362,-280.42,8.4393,2.94556,2.312,0,LLLLYLLVILLIFLLSTLILI,LYLLVILLIFLLSTL,0.3165235456867736,0.0942166868806815,R,99999900.0,-24.761900000000004,-0.6136999999999944,9.34899999999999,782.3199999999997,-0.03165188158298396,-0.0007844616013907283,0.01195035279680948,-0.020486118212496175
LLLLVLLIALLAALLSTLILI_0,110011001100110000,1,-76.8142,-76.8345,-74.1998,-222.32,-216.735,-237.084,-379.806,4484.93,3810.72,3762.34,-16.0216,-6.20621,-96.6937,-92.4429,-68.5223,-26.3969,91.9119,-39.6,7.98151,2.86765,2.74633,-7.05406,-30.3621,80.2592,-40.3295,-386.013,8.3549,1.88931,1.5932,0,LLLLVLLIALLAALLSTLILI,LVLLIALLAALLSTL,0.3773020085792125,0.0387442358156521,R,99999900.0,-28.171400000000006,-2.6144000000000034,14.76400000000001,674.2100000000005,-0.04178431052639383,-0.0038777235579418898,0.021898221622343186,-0.023763515818513502
LLLAYLLLILLITLLFVLILI_0,110011001100110000,1,-59.678,-63.1078,-58.901,-236.173,-235.388,-252.123,-356.471,4687.2,3999.37,3910.88,-16.0058,378.219,-76.6263,320.243,-45.4475,-28.1515,90.1996,-47.7191,9.24537,2.89967,2.75267,326.017,-22.5179,92.1154,-45.0,21.7473,8.7339,2.31327,2.195,0,LLLAYLLLILLITLLFVLILI,AYLLLILLITLLFVL,0.3725279867142776,0.0364112868365058,R,99999900.0,-31.178800000000003,-0.7769999999999939,15.949999999999989,687.8299999999999,-0.04532922379076226,-0.001129639591178044,0.023188869342715482,-0.023269994039224813
LLLYLLLTVLALLLASLLILI_2,110011001100110000,1,-74.0295,-70.5687,-74.1741,-236.02,-230.8,-248.029,-379.27,4643.63,3942.75,3743.09,-16.0025,1808.62,-85.2236,1730.72,-57.0668,-106.825,39.9559,29.0583,9.79433,7.91781,7.01715,5.08937,-104.483,24.139,22.3097,-374.25,9.5,5.43121,4.29329,2,LLLYLLLTVLALLLASLLILI,YLLLTVLALLLASLL,0.3526651788039315,0.1023036773762709,L,99999900.0,-28.156800000000004,0.14459999999999695,12.008999999999986,700.8800000000001,-0.04017349617623559,0.00020631206483277728,0.01713417418102954,-0.022832011185937678
LLLLFWLLIVLTALLYLLILI_0,110011001100110000,1,-58.9002,-58.7947,-58.8918,-235.935,-225.176,-254.047,-357.13,4716.68,3757.33,3567.61,-15.9791,480.788,-78.2741,407.629,-44.1913,-4.02589,106.792,29.8956,9.88909,1.52078,1.62266,414.912,-10.97,92.972,21.0294,123.659,8.5,0.69672,0.5913,0,LLLLFWLLIVLTALLYLLILI,LFWLLIVLTALLYLL,0.3068694532630878,0.0598257017694227,L,99999900.0,-34.082800000000006,-0.008399999999994634,18.111999999999995,959.3500000000004,-0.03552697138687652,-8.755928493245041e-06,0.01887944962735184,-0.016656173450773956
LLLVALLLFLTILLLSLLILI_2,110011001100110000,1,-74.1913,-65.7627,-74.1799,-232.641,-229.293,-246.547,-384.223,4640.3,3787.19,3635.78,-15.9676,128.333,-93.3583,39.1653,-63.4959,-111.219,25.9671,20.6845,10.4557,6.68841,5.57792,127.297,-107.706,13.898,20.6349,-237.79,9.0791,4.53213,3.2406,2,LLLVALLLFLTILLLSLLILI,VALLLFLTILLLSLL,0.5007976994916027,0.015778126820834,L,99999900.0,-29.8624,-0.011399999999994748,13.906000000000006,853.1100000000001,-0.03500416124532592,-1.3362872314232334e-05,0.016300359859807063,-0.01871692982147671
LLLLTILLALLAVLYLLLILI_0,110011001100110000,1,-45.0625,-45.0625,-45.0625,-231.671,-220.085,-246.182,-366.162,4589.21,3826.5,3743.46,-15.9635,64.29,-105.392,-36.7245,-74.9177,-55.0573,67.9351,21.8013,9.62152,3.92983,3.44886,63.5681,-59.6597,51.275,27.3954,-301.872,9.319,2.37108,1.6402,0,LLLLTILLALLAVLYLLLILI,LTILLALLAVLYLLL,0.3758268650711026,0.113760155975873,L,99999900.0,-30.4743,0.0,14.510999999999996,762.71,-0.03995529100182245,0.0,0.01902557984030627,-0.020929973384379384
LLLFYLLVALLTILLSLLILI_0,110011001100110000,1,-81.1371,-65.3383,-74.2217,-239.697,-234.973,-248.662,-367.585,4697.28,4097.51,3951.87,-15.948,207.159,-62.6988,139.885,-44.7006,-25.8042,96.1741,-46.0163,10.1356,3.35413,3.29674,196.497,-22.0295,90.9785,-43.2966,-160.426,8.7631,2.08652,1.9512,0,LLLFYLLVALLTILLSLLILI,FYLLVALLTILLSLL,0.2673830623471231,0.0464980838769115,R,99999900.0,-17.998199999999997,-6.915400000000005,8.965000000000003,599.7699999999995,-0.030008503259582858,-0.011530086533171066,0.014947396501992448,-0.026590192907281145
LLLYTLLIALLVLLLASLILI_2,110011001100110000,1,-74.7845,-68.4942,-60.3998,-228.774,-231.727,-248.539,-367.811,4720.24,3807.85,3905.89,-15.9468,-14.7478,-80.1992,-82.3377,-58.8727,-50.6687,85.9219,-44.3722,8.95589,5.69975,5.48858,-13.7354,-49.6955,84.1851,-43.2834,-381.748,9.0,5.31932,5.0821,2,LLLYTLLIALLVLLLASLILI,YTLLIALLVLLLASL,0.3187896382911341,0.0227715143220422,R,99999900.0,-21.326500000000003,-14.384699999999995,19.764999999999986,912.3899999999999,-0.02337432457611329,-0.01576595534804195,0.021662885388923584,-0.01747805214875218
LLLLLVLLAILATLLSLLILI_1,110011001100110000,1,-74.1606,-74.1606,-74.1606,-232.381,-229.939,-240.773,-390.407,4491.99,3688.76,3671.8,-15.9347,-10.4658,-99.7997,-96.7729,-75.4729,-54.8155,84.4899,19.0632,9.5513,6.12845,5.8958,-3.86332,-52.37,75.6987,26.0846,-393.745,9.2813,4.57482,4.2103,1,LLLLLVLLAILATLLSLLILI,LLVLLAILATLLSLL,0.4348840749959479,0.0134836474039236,L,99999900.0,-24.326800000000006,0.0,8.391999999999996,803.2299999999996,-0.030286219389216065,0.0,0.01044781693910835,-0.01983827795276572
LLLYILLVFLLATLLSLLILI_0,110011001100110000,1,-74.1188,-74.1188,-74.1188,-238.336,-231.788,-252.854,-367.726,4754.34,3963.92,3910.76,-15.9255,-7.74577,-71.197,-69.5643,-40.7531,-84.2879,51.9949,-42.1424,9.0898,6.16249,5.44242,-6.78769,-79.5181,50.3906,-43.452,-375.472,8.9618,5.23044,4.4863,0,LLLYILLVFLLATLLSLLILI,YILLVFLLATLLSLL,0.2198578866239227,0.0999424172611242,R,99999900.0,-30.4439,0.0,14.518,790.4200000000001,-0.03851610536170643,0.0,0.01836745021634068,-0.020148149085296423
LLLAYLLAVLLGALLGFLILI_0,110011001100110000,1,-48.7014,-48.7647,-44.9566,-215.759,-216.7,-236.72,-316.629,4537.91,3580.84,3558.28,-15.9209,-12.1408,-68.0896,-63.3053,-34.953,-77.6256,46.0975,-36.0628,7.41971,4.36699,3.55845,-12.0356,-76.6711,46.9516,-39.8118,-328.77,7.5,4.33913,3.5434,0,LLLAYLLAVLLGALLGFLILI,AYLLAVLLGALLGFL,0.6710686640837714,0.0349018081696934,G,99999900.0,-33.1366,-3.744799999999998,20.961000000000013,957.0699999999997,-0.03462296383754585,-0.0039127754500715714,0.021901219346547294,-0.016635042368896742
LLLYVLLIALLATLLSALILI_0,110011001100110000,1,-74.933,-74.1081,-74.1081,-233.467,-226.363,-244.429,-367.198,4595.02,3925.36,3881.33,-15.9117,-10.0563,-74.7091,-76.7835,-48.6612,-41.1593,86.0833,-42.0092,7.91697,4.29514,4.08639,-9.93331,-40.8345,76.2695,-41.1941,-377.254,8.0,2.92156,2.5656,0,LLLYVLLIALLATLLSALILI,YVLLIALLATLLSAL,0.2802949897725039,0.0543168644646102,R,99999900.0,-26.047900000000006,-0.8249000000000137,10.961999999999989,669.6600000000003,-0.03889720156497326,-0.001231819132096905,0.016369500940775893,-0.02376086372188871
LLLYSLLLTLLVALLIFLILI_1,110011001100110000,1,-68.2436,-69.0461,-58.836,-231.237,-227.091,-254.0,-359.263,4724.69,4056.19,3818.87,-15.9009,205.587,-75.683,142.461,-46.427,-58.0281,75.6253,-45.0373,8.69308,5.41363,5.04801,172.118,-60.7082,73.6864,-39.4582,-156.887,8.5241,5.5539,5.1592,1,LLLYSLLLTLLVALLIFLILI,YSLLLTLLVALLIFL,0.2402597278827765,0.0728545347957972,R,99999900.0,-29.256000000000007,-9.407600000000002,22.763000000000005,668.4999999999995,-0.04376364996260288,-0.01407270007479433,0.034050860134629796,-0.0237859386686612
LLLLYLLVILLAILLFLLILI_0,110011001100110000,1,-45.0933,-45.0933,-45.0933,-241.293,-222.824,-250.251,-358.213,4742.35,3804.4,3637.69,-15.8857,467.367,-87.7128,377.071,-62.8683,-71.5392,61.0141,20.0535,10.4311,5.46778,4.88299,394.137,-65.776,50.242,23.3914,109.154,9.1145,3.14907,2.4027,0,LLLLYLLVILLAILLFLLILI,LYLLVILLAILLFLL,0.138526821826754,0.1115295067498889,L,99999900.0,-24.844500000000004,0.0,8.957999999999998,937.9500000000003,-0.026488085718854946,0.0,0.009550615704461854,-0.01693661709046324
LLLYSLLLTLLFALLTLLILI_2,110011001100110000,1,-73.5085,-74.8407,-72.7272,-236.421,-237.117,-254.593,-369.78,4703.31,3915.09,3737.47,-15.8747,112374.0,-75.7247,112316.0,-42.46,-36.8511,73.922,-44.0776,8.42167,2.00713,1.61596,62866.6,-40.2159,66.0014,-36.8044,47672.1,8.4291,1.44258,0.932602,2,LLLYSLLLTLLFALLTLLILI,YSLLLTLLFALLTLL,0.3009884821624092,0.02245512728961,R,99999900.0,-33.2647,-0.7813000000000017,18.171999999999997,788.2200000000003,-0.04220230392530003,-0.0009912207251782516,0.023054477176422814,-0.020139935550988298
LLLYFLLVLLLATLLSILILI_0,110011001100110000,1,-74.0893,-73.3918,-74.0893,-237.635,-228.608,-253.521,-367.541,4731.31,3941.99,3819.58,-15.8705,-13.738,-71.6863,-79.2786,-39.9303,-76.6794,55.0835,-43.7135,9.24517,5.43818,4.76443,-13.7887,-74.125,49.3644,-40.0371,-381.279,8.8024,4.28294,3.52341,0,LLLYFLLVLLLATLLSILILI,YFLLVLLLATLLSIL,0.2312901253273979,0.1383859226658919,R,99999900.0,-31.756,0.0,15.885999999999996,789.3200000000006,-0.04023209851517759,0.0,0.020126184563928423,-0.020106547407895387
LLLTYLLAVLLGILLILLILI_2,110011001100110000,1,-60.0333,-45.346,-44.9369,-236.192,-236.026,-252.81,-366.336,4625.84,3782.35,3479.51,-15.8645,43073.1,-85.9752,42988.1,-68.5891,-65.4737,64.4394,-51.3738,8.70892,5.02037,4.48696,30746.0,-64.6051,48.7376,-45.0,44296.0,6.7648,2.77034,2.0014,2,LLLTYLLAVLLGILLILLILI,TYLLAVLLGILLILL,0.3689512113638105,0.0414578707542612,G,99999900.0,-17.3861,-15.096399999999996,16.617999999999995,843.4900000000002,-0.020612099728508925,-0.017897544724892994,0.01970147838148643,-0.01880816607191549
LLLVSLLLTLLAALLAYLILI_2,110011001100110000,1,-70.9378,-71.0371,-58.8371,-223.943,-218.563,-240.269,-359.283,4563.13,3823.31,3617.55,-15.8624,670248.0,-80.2645,670178.0,-60.1768,-38.2167,73.9673,-43.7459,8.05303,2.21809,1.8276,536679.0,-39.4873,64.1407,-35.0,669888.0,8.1341,1.08209,0.544201,2,LLLVSLLLTLLAALLAYLILI,VSLLLTLLAALLAYL,0.3307251402121969,0.02277080071147,R,99999900.0,-20.087699999999998,-12.100699999999996,16.325999999999993,739.8200000000002,-0.02715214511637965,-0.01635627585088264,0.02206752993971505,-0.021440891027547235
LLLYFLLAVLLTLLASLLILI_1,110011001100110000,1,-70.661,-70.661,-74.2252,-236.492,-227.427,-249.921,-359.334,4716.25,3795.65,3833.27,-15.8608,-1.81758,-68.0418,-63.0639,-35.1875,-105.808,48.7618,19.2413,9.56111,8.95401,8.18544,-1.02568,-108.265,26.115,28.0,-360.434,9.2465,6.26528,5.15701,1,LLLYFLLAVLLTLLASLLILI,YFLLAVLLTLLASLL,0.2263065095592114,0.046774823924068,L,99999900.0,-32.854299999999995,3.5641999999999996,13.429000000000002,920.5999999999999,-0.035687920921138386,0.003871605474690419,0.014587225722354989,-0.017228763849663264
LLLTALLFLLVALLLSLLILI_0,110011001100110000,1,-60.3716,-60.3716,-60.3716,-227.098,-223.89,-245.516,-370.305,4619.02,3612.93,3676.21,-15.8591,-10.0132,-98.6938,-96.0564,-64.417,-101.865,36.136,18.4693,9.11883,6.65808,5.70012,-9.17267,-107.997,20.181,18.0,-380.318,9.1137,5.42398,4.22669,0,LLLTALLFLLVALLLSLLILI,TALLFLLVALLLSLL,0.5619942390353753,0.1064494499545599,L,99999900.0,-34.276799999999994,0.0,18.417999999999978,1006.0900000000006,-0.034069317854267485,0.0,0.018306513333797143,-0.015763102704529405
LLLYSLLLALLATLLVFLILI_2,110011001100110000,1,-69.4804,-68.7466,-58.8092,-225.208,-220.189,-250.063,-352.787,4677.85,3949.35,3762.91,-15.8589,454.234,-73.9574,390.382,-43.9148,-54.6939,73.0979,-43.2431,8.12979,4.57229,4.16876,305.261,-59.0896,67.569,-38.1162,101.447,8.0324,4.48526,3.9988,2,LLLYSLLLALLATLLVFLILI,YSLLLALLATLLVFL,0.2443451757016175,0.0349118710150808,R,99999900.0,-30.042600000000007,-10.671200000000006,24.85499999999999,728.5000000000005,-0.04123898421413862,-0.014648181194234729,0.03411805078929303,-0.02176925188743993
LLLAYLLVALLTLLLSFLILI_0,110011001100110000,1,-71.8261,-72.0978,-74.296,-229.985,-229.759,-247.932,-366.209,4615.07,3891.42,3831.75,-15.8555,-14.993,-80.2539,-79.3452,-43.9811,-75.5459,51.8464,-41.632,8.79877,4.83115,4.10885,-15.0251,-76.9117,50.3237,-42.7175,-381.202,8.8117,4.83045,4.0853,0,LLLAYLLVALLTLLLSFLILI,AYLLVALLTLLLSFL,0.5707315210702281,0.0106827861221326,R,99999900.0,-36.272800000000004,2.4699000000000098,17.946999999999974,723.6499999999996,-0.05012478408070203,0.003413114074483536,0.024800663304083443,-0.02191045394873213
LLLLYLLVILLAFLLITLILI_2,110011001100110000,1,-58.8821,-58.8821,-58.8821,-240.429,-235.333,-249.446,-357.118,4750.66,4042.77,3891.65,-15.8529,25.53,-73.6596,-37.373,-48.7903,-57.6936,68.3589,-44.4087,9.23436,4.38249,3.90788,23.766,-57.6508,57.7625,-43.362,-331.588,8.4393,2.94556,2.312,2,LLLLYLLVILLAFLLITLILI,LYLLVILLAFLLITL,0.1921154311066644,0.0762851563399638,R,99999900.0,-24.869299999999996,0.0,9.016999999999996,707.8899999999999,-0.03513158824111091,0.0,0.01273785475144443,-0.0223945810789812
LLLYTLLAILLVLLLSFLILI_1,110011001100110000,1,-66.3854,-63.3224,-60.402,-241.402,-237.946,-253.961,-364.743,4683.92,4103.25,3871.22,-15.8528,61.1964,-72.8079,-2.27788,-50.3797,-60.3678,74.4585,-39.4145,9.96223,5.60707,5.22395,48.1734,-52.0137,72.9203,-42.6344,-317.096,8.744,4.1463,3.74011,1,LLLYTLLAILLVLLLSFLILI,YTLLAILLVLLLSFL,0.2250379788117459,0.0923592720479572,R,99999900.0,-22.428200000000004,-5.983400000000003,12.559000000000026,580.6700000000001,-0.03862469216594624,-0.010304303649232786,0.021628463671276327,-0.02730087657361324
LLLTALLFLLLGYLLGSLILI_0,110011001100110000,1,-68.1953,-70.5599,-60.326,-231.03,-224.657,-243.454,-345.34,4574.29,3786.1,3533.11,-15.8473,38373.9,-61.9617,38323.8,-41.5592,-45.8399,76.5283,-49.3682,7.55735,3.7073,3.35522,36917.0,-54.4566,55.8714,-40.6917,38028.6,7.0594,2.21113,1.5492,0,LLLTALLFLLLGYLLGSLILI,TALLFLLLGYLLGSL,1.1909178692035578,0.0629021297144379,G,99999900.0,-20.402500000000003,-7.869300000000003,12.424000000000007,788.19,-0.02588525609307401,-0.00998401400677502,0.01576269681168247,-0.020105938923356045
LLLAVLLLTLLAALLSYLILI_0,110011001100110000,1,-76.7824,-71.6674,-74.2337,-229.169,-221.865,-240.78,-371.527,4531.01,3869.81,3713.91,-15.8413,383.283,-81.417,305.288,-56.5137,-25.632,87.435,-43.0297,8.25801,2.14853,1.96006,346.641,-31.9788,69.9952,-36.7483,11.756,8.3631,0.746172,0.2961,0,LLLAVLLLTLLAALLSYLILI,AVLLLTLLAALLSYL,0.2275084359268472,0.0110459293748722,R,99999900.0,-24.9033,-2.5486999999999966,11.61099999999999,661.2000000000003,-0.037663793103448265,-0.0038546581972171744,0.017560496067755574,-0.02395840895341802
LLLTYLLVLLLALLLSFLILI_1,110011001100110000,1,-68.5562,-69.0311,-60.4011,-238.628,-234.237,-256.255,-373.015,4696.87,3847.86,3776.87,-15.8387,-3.40025,-81.6695,-73.1462,-56.3587,-71.1594,57.2387,-42.8492,8.53243,4.90114,4.25972,-9.18376,-70.1435,50.4198,-38.9685,-384.814,8.6236,3.8282,3.0845,1,LLLTYLLVLLLALLLSFLILI,TYLLVLLLALLLSFL,0.4403868554602636,0.0345782418735087,R,99999900.0,-25.3108,-8.155100000000004,17.62700000000001,849.0099999999998,-0.029812134132695737,-0.009605422786539624,0.020761828482585617,-0.018655492868164102
LLLVYLLITLLAFLLSLLILI_0,110011001100110000,1,-74.2534,-74.2241,-74.1441,-232.418,-227.829,-247.93,-368.603,4675.38,3813.5,3824.81,-15.8317,-11.2717,-77.7633,-77.8216,-46.5286,-68.9208,50.337,-45.2594,8.88754,3.6336,2.88866,-12.6066,-67.6029,45.1857,-45.0,-379.875,8.6947,2.74051,1.9183,0,LLLVYLLITLLAFLLSLLILI,VYLLITLLAFLLSLL,0.4401637808086184,0.0566232299379144,R,99999900.0,-31.234700000000004,-0.10930000000000462,15.512,861.8800000000001,-0.03624019585093052,-0.00012681579802293195,0.017997865132036942,-0.01836879844061818
LLLSYLLVALLIILLWLLILI_2,110011001100110000,1,-54.7447,-49.0971,-45.0644,-242.269,-238.784,-264.345,-377.443,4731.39,3866.61,3761.06,-15.8278,-5.20884,-96.2579,-94.771,-68.034,-84.4758,56.0542,-44.7349,9.17486,6.73869,6.0795,-7.01636,-80.5617,52.7769,-43.5392,-383.844,8.7383,5.70914,5.00079,2,LLLSYLLVALLIILLWLLILI,SYLLVALLIILLWLL,0.4559694057334225,0.0640442880999537,R,99999900.0,-28.2239,-9.680300000000003,22.076000000000022,864.7800000000002,-0.03263708688915099,-0.011193945280880687,0.025527879923217485,-0.018302689701426948
LLLVSLLLFLIILLLTLLILI_2,110011001100110000,1,-58.8383,-63.4589,-58.8383,-234.554,-237.999,-250.569,-380.999,4642.83,3748.1,3702.36,-15.8233,33.9622,-103.43,-45.5792,-71.5921,-114.642,8.61977,18.2733,10.2016,4.86001,3.48931,32.6942,-108.506,6.15667,24.8812,-312.564,9.4921,3.60705,2.1994,2,LLLVSLLLFLIILLLTLLILI,VSLLLFLIILLLTLL,0.4339170123824027,0.0777924598993649,L,99999900.0,-31.837900000000005,0.0,16.014999999999986,894.73,-0.035583807405586046,0.0,0.017899254523711047,-0.01768499994411722
LLLYLLLFVLIALLATLLILI_1,110011001100110000,1,-58.8554,-58.8554,-58.8554,-235.007,-231.592,-250.837,-354.754,4677.69,3872.79,3803.38,-15.821,-8.93829,-76.7125,-73.2451,-45.0613,-100.991,41.3266,24.1951,9.67703,7.2278,6.3477,-1.83129,-105.122,22.7647,23.6466,-356.673,9.4707,5.34153,4.183,1,LLLYLLLFVLIALLATLLILI,YLLLFVLIALLATLL,0.4743210288593762,0.0667537774714847,L,99999900.0,-31.651200000000003,0.0,15.829999999999984,804.8999999999996,-0.03932314573238914,0.0,0.01966703938377437,-0.01965585787054293
LLLYWLLVALLAALLSLLILI_2,110011001100110000,1,-60.3116,-60.6216,-60.3116,-237.844,-233.066,-248.63,-362.957,4677.86,3992.14,3917.91,-15.8118,-5.44775,-80.613,-74.7177,-54.0155,-81.6379,60.1082,-42.1555,9.18169,6.86029,6.26191,-5.33677,-72.3455,59.1071,-38.7139,-369.296,8.3283,5.33129,4.7179,2,LLLYWLLVALLAALLSLLILI,YWLLVALLAALLSLL,0.467626780132091,0.0390638085326581,R,99999900.0,-26.597499999999997,0.0,10.786000000000001,685.7199999999998,-0.03878769760251999,0.0,0.01572945225456455,-0.023058682844309637
LLLAYLLVLLLATLLSALILI_0,110011001100110000,1,-73.1923,-73.1876,-74.1234,-222.911,-222.643,-241.714,-366.4,4591.3,3767.89,3756.94,-15.8103,-13.2172,-86.1071,-83.7867,-50.563,-74.4786,53.2042,-42.7868,8.58173,4.85436,4.15243,-12.0232,-76.864,48.8373,-44.7359,-379.618,8.5339,4.62264,3.8552,0,LLLAYLLVLLLATLLSALILI,AYLLVLLLATLLSAL,0.3831512439278717,0.0311102861595145,R,99999900.0,-35.5441,0.9311000000000007,18.802999999999997,823.4100000000003,-0.0431669520651923,0.0011307853924533348,0.022835525436902624,-0.019201005574379707
LLLYTLLVILLIFLLSLLILI_2,110011001100110000,1,-79.2539,-77.0914,-60.5144,-239.248,-235.897,-256.707,-366.696,4764.57,4196.45,3781.33,-15.8004,3543.87,-63.9952,3490.16,-49.4751,-71.4065,48.5672,-39.7495,10.2463,3.76755,2.99606,3193.73,-67.6029,45.1857,-45.0,3177.17,8.6947,2.74051,1.9183,2,LLLYTLLVILLIFLLSLLILI,YTLLVILLIFLLSLL,0.1703881138091807,0.0131932837813406,R,99999900.0,-14.5201,-18.7395,17.459000000000003,568.1199999999999,-0.02555815672745195,-0.03298510877983525,0.030731183552770554,-0.02781172991621489
LLLLAVLIALLATLLSLLILI_1,110011001100110000,1,-74.1297,-74.1297,-74.1297,-232.747,-204.37,-237.616,-380.426,4487.31,3701.7,3694.51,-15.7977,83.9614,-89.3475,-17.965,-68.6802,-90.5591,45.4726,29.189,9.70207,6.22267,5.40476,72.3262,-90.6535,29.2985,21.6497,-316.379,9.4157,4.05332,2.9928,1,LLLLAVLIALLATLLSLLILI,LAVLIALLATLLSLL,0.4535114252986132,0.0208594681657374,L,99999900.0,-20.667299999999997,0.0,4.869,785.6100000000006,-0.026307328063542957,0.0,0.006197731698934581,-0.020108832626875916
LLLYALLTVLLLLLASLLILI_1,110011001100110000,1,-70.5443,-74.0355,-74.0872,-233.013,-236.596,-249.057,-380.293,4681.35,3833.92,3867.91,-15.7977,-7.65186,-92.5334,-77.3136,-57.1496,-103.879,22.5781,23.542,9.16301,5.12982,3.96849,0.165355,-112.036,2.098,25.9917,-380.102,9.5,3.58863,2.1201,1,LLLYALLTVLLLLLASLLILI,YALLTVLLLLLASLL,0.291204910072636,0.0316008065425874,L,99999900.0,-35.3838,3.542899999999989,16.043999999999983,847.4300000000003,-0.04175424518839313,0.004180758292720328,0.018932537200712717,-0.018641893725735454
LLLLFVLLALLTALLSLLILI_1,110011001100110000,1,-74.1007,-74.1007,-74.1007,-239.424,-237.623,-239.114,-138.648,4557.17,3919.68,3877.64,-15.7857,-13.5159,159.091,159.56,174.567,-47.682,64.7915,30.3236,9.70198,2.39915,1.87102,-7.57301,-44.8132,57.5828,26.7672,-145.734,9.4293,0.995658,0.3594,1,LLLLFVLLALLTALLSLLILI,LFVLLALLTALLSLL,0.2890666753470166,0.0259292345269302,L,99999900.0,-15.475999999999999,0.0,-0.3100000000000023,637.4900000000002,-0.02427645923857628,0.0,-0.00048628213775902705,-0.02476227078071812
LLLYVLLTILLALLLSFLILI_1,110011001100110000,1,-74.2642,-74.2348,-74.2348,-244.38,-238.89,-253.547,-372.187,4662.57,4184.34,3900.96,-15.7592,-7.74598,-69.3021,-66.8088,-44.4056,-55.6916,79.8962,-47.8465,9.6549,5.63973,5.33817,-5.74574,-57.818,66.41,-40.684,-378.458,9.0,4.13805,3.6342,1,LLLYVLLTILLALLLSFLILI,YVLLTILLALLLSFL,0.3603643482530763,0.1081151527418355,R,99999900.0,-24.896499999999996,-0.02939999999999543,9.167000000000002,478.22999999999956,-0.05205967839742387,-6.147669531396076e-05,0.019168600882420613,-0.03295318152353473
LLLYVLLTLLLGALLAFLILI_2,110011001100110000,1,-58.7433,-64.1818,-58.7433,-237.632,-226.244,-246.257,-344.789,4645.49,4083.33,3693.25,-15.7578,330.764,-64.1709,276.401,-39.7888,-43.1674,79.4352,-47.6186,8.53663,3.69887,3.3904,188.368,-43.2635,63.1811,-42.5139,-14.0246,7.006,1.51898,0.966697,2,LLLYVLLTLLLGALLAFLILI,YVLLTLLLGALLAFL,0.2549258972260488,0.0401969431081801,G,99999900.0,-24.3821,0.0,8.625,562.1599999999999,-0.04337217162373703,0.0,0.015342607086950339,-0.0280308097338836
LLLTALLVALLAYLLSALILI_2,110011001100110000,1,-64.1759,-63.8798,-60.2169,-224.249,-223.044,-241.871,-357.428,4544.6,3740.05,3716.45,-15.7548,-8.8717,-84.7586,-79.3767,-55.3407,-69.5843,68.829,-35.3489,7.93677,6.22956,5.76199,-13.6601,-69.0036,63.721,-36.3865,-371.132,8.0348,5.45288,4.9087,2,LLLTALLVALLAYLLSALILI,TALLVALLAYLLSAL,0.4354089813438979,0.0233544898419586,R,99999900.0,-29.417900000000003,-3.958999999999996,17.622000000000014,804.5500000000002,-0.03656441489031135,-0.004920763159530166,0.02190292710210678,-0.019582126654651665
LLLLWILTYLLAVLLALLILI_0,110011001100110000,1,-58.9333,-58.9333,-58.8216,-229.772,-215.029,-248.57,-367.838,4621.1,3662.62,3663.61,-15.7531,20.938,-94.8856,-72.9378,-60.4463,-56.2546,75.3498,14.8709,9.52477,5.11042,4.74067,17.0303,-60.2494,57.7633,18.0,-346.9,8.9875,3.33545,2.7019,0,LLLLWILTYLLAVLLALLILI,LWILTYLLAVLLALL,0.8431392015328192,0.090809150684017,L,99999900.0,-34.439299999999996,-0.11170000000000613,18.798000000000002,958.4800000000005,-0.03593116183957931,-0.00011653868625324062,0.019612302812786905,-0.016435502044904425
LLLVTLLFLLALLLASLLILI_0,110011001100110000,1,-63.9754,-64.1203,-60.4332,-223.321,-216.385,-242.482,-365.399,4616.93,3707.1,3687.55,-15.7477,-9.54164,-93.8505,-94.436,-62.4842,-110.33,16.5592,23.4244,9.10023,5.28502,4.03341,-9.40799,-111.721,5.89437,23.2374,-374.941,8.9237,4.05389,2.64231,0,LLLVTLLFLLALLLASLLILI,VTLLFLLALLLASLL,0.2817603525865164,0.0935284680163202,L,99999900.0,-31.366299999999995,-3.542200000000001,19.161,909.8300000000004,-0.034474901904751415,-0.0038932547838607208,0.021059978237692747,-0.017308398272204692
LLLLALLIALLFILLSTLILI_2,110011001100110000,1,-74.1682,-74.2892,-74.1979,-238.377,-230.515,-244.16,-373.697,4580.15,3937.65,3747.5,-15.7469,26.1601,-76.8992,-42.7326,-55.3399,-39.8094,87.9825,-36.1213,9.07872,4.34904,4.16878,20.0462,-37.1328,75.3172,-35.0,-354.135,8.3978,2.23774,1.8675,2,LLLLALLIALLFILLSTLILI,LALLIALLFILLSTL,0.1599526966283192,0.0575476729177078,R,99999900.0,-21.559299999999993,0.02970000000000539,5.782999999999987,642.4999999999995,-0.03355533073929962,4.622568093386056e-05,0.009000778210116718,-0.024508793774319082
LLLLAVLIFLLATLLSLLILI_0,110011001100110000,1,-74.1297,-74.1297,-74.1297,-236.504,-221.96,-242.363,-372.186,4570.61,3783.23,3745.82,-15.7455,63.1332,-77.2979,-12.9633,-55.6936,-92.0208,42.278,29.8954,9.42145,6.01064,5.14481,62.9765,-90.6535,29.2985,21.6497,-309.053,9.4157,4.05332,2.9928,0,LLLLAVLIFLLATLLSLLILI,LAVLIFLLATLLSLL,0.3237338735310056,0.0220975750137343,L,99999900.0,-21.604299999999995,0.0,5.859000000000009,787.3799999999997,-0.027438212807030918,0.0,0.00744113388706852,-0.019997332926922205
LLLFYLLVALLATLLSLLILI_1,110011001100110000,1,-80.9854,-80.5354,-74.1425,-234.189,-232.04,-244.613,-358.715,4684.39,4080.16,3872.61,-15.7232,-14.2302,-59.2638,-60.3695,-39.9591,-21.7327,86.8561,-45.035,9.10852,1.48547,1.28831,-12.9835,-16.5696,85.3931,-40.833,-371.859,8.844,0.513503,0.294399,1,LLLFYLLVALLATLLSLLILI,FYLLVALLATLLSLL,0.423895850355264,0.0448984211147161,R,99999900.0,-19.304700000000004,-6.8429,10.424000000000007,604.2300000000005,-0.031949257732982454,-0.011324992138755102,0.017251708786389285,-0.026021879085778573
LLLYALLVALLISLLTLLILI_0,110011001100110000,1,-74.253,-74.253,-74.253,-235.53,-231.084,-249.122,-377.51,4626.57,3928.96,3871.01,-15.7189,-9.89038,-83.4454,-82.0634,-54.1349,-16.5401,99.2876,-39.9931,8.31621,2.38484,2.37416,-9.61765,-18.646,87.7907,-39.994,-387.4,8.5175,1.14864,0.9655,0,LLLYALLVALLISLLTLLILI,YALLVALLISLLTLL,0.3193704411892722,0.058357475193655,R,99999900.0,-29.310500000000005,0.0,13.592000000000013,697.6099999999997,-0.042015596106707215,0.0,0.019483665658462494,-0.02253250383452073
LLLYALLAALLFTLLVLLILI_0,110011001100110000,1,-58.6559,-59.3766,-58.8653,-232.449,-227.999,-248.04,-348.904,4678.5,4144.3,3962.24,-15.7083,-9.18533,-73.5068,-70.7133,-41.9982,-28.8157,105.884,-52.1494,8.65981,5.11664,5.20489,-7.98623,-28.8229,98.2271,-45.0,-358.089,8.6709,4.08409,4.0575,0,LLLYALLAALLFTLLVLLILI,YALLAALLFTLLVLL,0.3334224396834624,0.0412215249152046,R,99999900.0,-31.5086,0.20939999999999515,15.59099999999998,534.1999999999998,-0.058982777985773144,0.00039198801946835495,0.029185698240359388,-0.02940527892175216
LLLVALLIALLLSLLFTLILI_1,110011001100110000,1,-74.2011,-74.2011,-74.2011,-228.039,-228.3,-242.565,-375.217,4562.58,3665.96,3669.27,-15.7015,-15.1237,-88.6788,-87.8401,-58.4509,-37.4849,94.3212,-36.5204,8.32852,4.85611,4.77092,-11.5614,-34.1773,93.3047,-37.4474,-386.802,8.3869,4.22273,4.1223,1,LLLVALLIALLLSLLFTLILI,VALLIALLLSLLFTL,0.386306624479708,0.0653526034291645,R,99999900.0,-30.227899999999998,0.0,14.52600000000001,896.6199999999999,-0.03371316722803418,0.0,0.016200843166558867,-0.01751187794160291
LLLTYLLFILLALLLSVLILI_2,110011001100110000,1,-75.4044,-60.3893,-60.377,-236.756,-235.717,-254.244,-366.141,4661.07,3839.06,3773.69,-15.7014,-14.5072,-69.6826,-84.5417,-51.5204,-68.4081,61.3212,-45.4665,9.11975,5.03958,4.4594,-11.1801,-63.1551,59.7836,-45.0,-370.821,8.4969,4.04405,3.4408,2,LLLTYLLFILLALLLSVLILI,TYLLFILLALLLSVL,0.3671541336868202,0.0478109766920399,R,99999900.0,-18.16219999999999,-15.027399999999993,17.488,822.0099999999998,-0.022094865025972917,-0.01828128611574068,0.021274680356686664,-0.019101227478984444
LLLTALLTVLLAFLLSLLILI_2,110011001100110000,1,-74.3248,-74.323,-74.0574,-235.155,-234.24,-247.306,-371.981,4612.16,3870.24,3866.16,-15.6956,2.23969,-78.1969,-61.1786,-50.6178,-70.2516,61.9536,-34.4733,8.43589,5.40148,4.83078,-8.10376,-65.6219,56.0214,-35.0,-380.559,8.811,3.90618,3.2465,2,LLLTALLTVLLAFLLSLLILI,TALLTVLLAFLLSLL,0.406813020139076,0.0237489911217046,R,99999900.0,-27.579099999999997,-0.267399999999995,12.15100000000001,741.9200000000001,-0.03717260621091222,-0.0003604162173819212,0.016377776579685154,-0.02115538063403062
LLLALLLVTLLAYLLSFLILI_0,110011001100110000,1,-74.095,-76.0653,-74.095,-232.406,-230.27,-245.722,-364.118,4610.58,3976.51,3846.85,-15.6844,-13.3349,-73.3019,-71.1175,-44.3008,-53.7975,61.7364,-43.9394,8.18118,2.90404,2.33008,-13.3252,-56.568,53.9293,-45.0,-377.453,8.1133,2.26566,1.5746,0,LLLALLLVTLLAYLLSFLILI,ALLLVTLLAYLLSFL,0.5221782164052592,0.0159010582791258,R,99999900.0,-29.0011,0.0,13.316000000000003,634.0699999999997,-0.045738009998896045,0.0,0.021000835869856654,-0.02473607014998345
LLLAILLFTLLVALLSLLILI_0,110011001100110000,1,-74.2547,-74.2547,-74.2547,-231.898,-224.337,-242.112,-372.227,4546.15,3863.77,3736.87,-15.6598,-9.83101,-81.7332,-83.4657,-55.8594,-31.5611,88.8205,-39.4771,8.75297,3.22494,3.05725,-9.77816,-36.8634,72.7299,-38.2609,-382.058,8.6793,1.84805,1.439,0,LLLAILLFTLLVALLSLLILI,AILLFTLLVALLSLL,0.3579473896832907,0.0788335731744672,R,99999900.0,-25.873799999999996,0.0,10.213999999999999,682.3799999999997,-0.03791699639497056,0.0,0.01496819953691492,-0.02294879685805564
LLLAALLALLVTLLFSLLILI_2,110011001100110000,1,-70.6926,-67.1311,-74.254,-223.817,-216.739,-239.519,-364.474,4527.58,3699.27,3696.57,-15.6558,-8.18832,-85.62,-88.7927,-50.7013,-100.645,54.4826,25.4641,9.20915,8.95191,8.26915,-3.98834,-103.038,36.634,25.4696,-368.691,9.2755,6.90129,5.9508,2,LLLAALLALLVTLLFSLLILI,AALLALLVTLLFSLL,0.4146925579801712,0.056462039481279,L,99999900.0,-34.9187,3.561400000000006,15.701999999999998,828.31,-0.04215655974212554,0.00429959797660297,0.018956670811652643,-0.018900894592604217
LLLYWLLVILLAFLLSLLILI_0,110011001100110000,1,-60.4308,-60.5974,-60.2694,-247.628,-235.474,-259.538,-360.422,4801.49,4208.05,3832.5,-15.6493,69.2144,-68.0131,4.86367,-40.6154,-75.9834,66.4986,-48.4523,9.76557,6.87483,6.37231,68.4332,-72.3455,59.1071,-38.7139,-291.208,8.3283,5.33129,4.7179,0,LLLYWLLVILLAFLLSLLILI,YWLLVILLAFLLSLL,0.3369918165590862,0.0989106615320495,R,99999900.0,-27.397699999999993,-0.16140000000000043,11.910000000000025,593.4399999999996,-0.04616759908331088,-0.0002719735777837701,0.02006942572121871,-0.026370483957940165
LLLYALLVALLLILLSWLILI_0,110011001100110000,1,-69.5732,-69.1541,-60.4158,-238.339,-233.666,-254.861,-372.177,4747.81,4157.43,4035.36,-15.6386,-1.43212,-79.9029,-70.7884,-56.9,-32.4586,104.363,-42.2257,9.48279,5.45776,5.5232,-4.10821,-31.0165,97.6795,-42.1335,-373.609,9.0,4.33921,4.3044,0,LLLYALLVALLLILLSWLILI,YALLVALLLILLSWL,0.2383979611190025,0.0830545610838627,R,99999900.0,-23.002900000000004,-9.157400000000003,16.52199999999999,590.3800000000001,-0.0389628713709814,-0.01551102679630069,0.027985365357905058,-0.02648904095667197
LLLAYLLIALLLTLLFILILI_1,110011001100110000,1,-60.014,-64.2995,-58.7636,-235.426,-232.866,-250.493,-360.816,4643.1,3792.8,3942.91,-15.6256,-12.2693,-81.0017,-75.9199,-51.5597,-24.2255,98.2662,-38.9533,8.85258,3.39976,3.37375,-11.0983,-22.5179,92.1154,-45.0,-375.275,8.7339,2.31327,2.195,1,LLLAYLLIALLLTLLFILILI,AYLLIALLLTLLFIL,0.5610287167163682,0.0708377002507197,R,99999900.0,-29.442,-1.2504000000000062,15.067000000000007,850.3000000000002,-0.034625426320122304,-0.0014705398094790143,0.017719628366458903,-0.01837657297424438
LLLVLLLTGLLFALLIYLILI_2,110011001100110000,1,-58.6912,-59.6112,-58.7499,-237.614,-222.829,-245.24,-351.583,4632.05,3862.89,3655.52,-15.6139,2179.97,-70.8918,2110.83,-47.5932,-45.7848,76.7714,-50.0386,8.84711,3.73186,3.38343,1369.09,-38.7525,65.3789,-42.5319,1828.39,7.4041,1.13902,0.619703,2,LLLVLLLTGLLFALLIYLILI,VLLLTGLLFALLIYL,0.2218907869878621,0.0339138547328979,G,99999900.0,-23.2986,0.058699999999994645,7.626000000000005,769.1600000000003,-0.03029096676894273,7.631702116594028e-05,0.009914712153518126,-0.020299937594258664
LLLAALLFSLLTTLLVLLILI_0,110011001100110000,1,-88.0462,-88.02,-88.0997,-230.59,-225.856,-242.333,-379.078,4541.12,3842.0,3730.31,-15.602,-9.22713,-76.0435,-74.4291,-48.6457,-49.7595,87.6026,-39.0732,8.79758,5.79028,5.60432,-9.29506,-42.523,84.459,-36.6022,-388.305,8.8335,4.28041,4.04729,0,LLLAALLFSLLTTLLVLLILI,AALLFSLLTTLLVLL,0.4970835349283395,0.0818823748472411,R,99999900.0,-27.397799999999997,0.05349999999999966,11.742999999999995,699.1199999999999,-0.03918898043254377,7.652477400160154e-05,0.01679683030094976,-0.02231662661631766
LLLYALLTLLLGFLLIILILI_2,110011001100110000,1,-58.7915,-58.7915,-58.7915,-244.894,-237.77,-252.286,-355.467,4695.76,4099.4,3628.88,-15.5996,1111330.0,-67.3816,1111270.0,-44.39,-53.9333,69.3439,-45.3243,10.1273,3.95143,3.49159,340068.0,-47.6465,58.5055,-37.0652,1041110.0,7.2473,1.54522,0.922803,2,LLLYALLTLLLGFLLIILILI,YALLTLLLGFLLIIL,0.4041119363384348,0.0799586433957465,G,99999900.0,-22.991600000000005,0.0,7.391999999999996,596.3600000000006,-0.03855322288550537,0.0,0.012395197531692248,-0.02615802535381311
LLLVYLLLTLLFTLLSALILI_0,110011001100110000,1,-93.2969,-93.9152,-87.914,-235.111,-232.031,-247.133,-373.674,4631.44,3878.57,3840.58,-15.5993,-13.5536,-60.8647,-61.2814,-38.6269,-26.2072,80.0927,-44.2172,8.95889,1.24359,0.944983,-13.4493,-25.9809,76.4631,-43.056,-387.227,8.6797,0.719653,0.366599,0,LLLVYLLLTLLFTLLSALILI,VYLLLTLLFTLLSAL,0.3486303248398023,0.1422061554916008,R,99999900.0,-22.2378,-5.382899999999992,12.02200000000002,752.8699999999994,-0.029537370329538987,-0.007149839945807372,0.015968228246576472,-0.020719778979106634
LLLYVLLAILLALLLSTLILI_2,110011001100110000,1,-74.2681,-74.2387,-74.2387,-241.187,-238.751,-248.561,-378.23,4615.93,3995.28,3883.82,-15.5921,-7.11626,-78.3676,-72.3569,-55.4304,-63.5952,66.9282,-36.3024,8.94854,5.07458,4.57851,-6.17545,-63.1873,55.2127,-36.6493,-384.828,8.5138,3.43181,2.76,2,LLLYVLLAILLALLLSTLILI,YVLLAILLALLLSTL,0.278249004039673,0.0568502234462983,R,99999900.0,-22.937199999999997,-0.02940000000000964,7.373999999999995,620.6500000000001,-0.03695673890276322,-4.736969306373904e-05,0.011881092403125746,-0.025122210585676305
LLLALLLVTLLAYLLSALILI_0,110011001100110000,1,-74.095,-76.0653,-74.095,-229.066,-225.247,-240.791,-370.285,4548.68,3900.56,3860.53,-15.5898,-10.6668,-82.7138,-79.6399,-55.3992,-52.1447,67.1967,-43.2903,8.18377,3.39327,2.90122,-10.1077,-56.568,53.9293,-45.0,-380.952,8.1133,2.26566,1.5746,0,LLLALLLVTLLAYLLSALILI,ALLLVTLLAYLLSAL,0.4015238141730243,0.0440747002964512,R,99999900.0,-27.314600000000006,0.0,11.724999999999994,648.1200000000003,-0.04214435598345984,0.0,0.018090785656977085,-0.024053878911312707
LLLYTLLIALLAVLLSLLILI_2,110011001100110000,1,-74.6447,-68.0337,-60.3856,-228.498,-227.949,-248.534,-370.437,4652.52,3788.21,3868.55,-15.5759,13.846,-82.87,-60.6082,-61.5174,-51.1172,76.8871,-46.0023,8.70695,4.54735,4.20066,9.85502,-46.7103,70.4803,-42.9747,-358.133,8.3098,3.02139,2.57859,2,LLLYTLLIALLAVLLSLLILI,YTLLIALLAVLLSLL,0.3780921833432315,0.0468683405572129,R,99999900.0,-21.352600000000002,-14.259100000000004,20.036,864.3100000000004,-0.024704793419027888,-0.01649766866055003,0.02318149737941247,-0.018021196098622013
LLLVYLLTALLLILLSFLILI_0,110011001100110000,1,-77.246,-82.162,-74.0865,-239.552,-228.73,-248.149,-366.437,4674.55,3749.28,3640.28,-15.5536,1403.34,-65.1928,1347.79,-44.2012,-21.3188,96.2944,-36.9916,9.58143,2.69757,2.64198,960.051,-12.6474,89.5679,-35.0,1036.9,8.0,0.488782,0.332301,0,LLLVYLLTALLLILLSFLILI,VYLLTALLLILLSFL,0.2552502509831078,0.0711683970368641,R,99999900.0,-20.991600000000005,-3.159499999999994,8.597000000000008,925.27,-0.022686999470424855,-0.0034146789585742477,0.009291341986663362,-0.01680979605952857
LLLASLLVGLLALLLGLLILI_2,110011001100110000,1,-56.3481,-57.8094,-44.9758,-220.132,-220.934,-241.117,-359.76,4543.45,3733.3,3549.41,-15.5469,20631.6,-98.8269,20550.6,-73.6666,-38.7332,77.2462,-41.1934,7.67338,2.73822,2.39691,9292.89,-36.0293,69.0807,-35.6829,20276.6,7.2857,1.23029,0.766501,2,LLLASLLVGLLALLLGLLILI,ASLLVGLLALLLGLL,0.4033744618955128,0.0587845377067469,G,99999900.0,-25.160299999999992,-11.372300000000003,20.984999999999985,810.1499999999996,-0.03105634758995248,-0.014037277047460356,0.025902610627661537,-0.019190149972227375
LLLYVLLLILLATLLSFLILI_2,110011001100110000,1,-74.1087,-70.0551,-74.1087,-243.898,-231.318,-253.501,-371.414,4678.53,4121.33,3844.67,-15.5349,1798.5,-68.9422,1728.46,-43.8041,-36.0467,88.5515,-50.9663,9.49422,3.86147,3.68974,1198.64,-30.5546,77.5454,-42.4251,1427.09,8.9441,1.55182,1.215,2,LLLYVLLLILLATLLSFLILI,YVLLLILLATLLSFL,0.1300392666193936,0.0480750053456362,R,99999900.0,-25.1381,0.0,9.603000000000009,557.1999999999998,-0.045115039483129955,0.0,0.0172343862167983,-0.0278802943287868
LLLSYLLTVLLAALLSFLILI_1,110011001100110000,1,-93.3279,-93.4172,-74.1233,-229.803,-230.492,-253.892,-364.113,4598.99,3920.98,3881.48,-15.5185,-13.3948,-56.5002,-53.5989,-36.0974,-65.8727,48.8961,-41.3709,8.93208,2.98188,2.21532,-13.4087,-67.3465,43.2715,-39.0017,-377.47,9.0,2.44363,1.5927,1,LLLSYLLTVLLAALLSFLILI,SYLLTVLLAALLSFL,0.4140819267606347,0.0522962310630771,R,99999900.0,-20.4028,-19.2046,24.089,678.0099999999998,-0.030092181531245862,-0.028324950959425384,0.03552897449890121,-0.022888305482220032
LLLLTLLVALLSTLLIALILI_0,110011001100110000,1,-82.3247,-82.4308,-74.3106,-225.595,-216.754,-240.523,-382.51,4548.73,3843.76,3815.16,-15.5161,-7.73252,-90.1068,-91.0583,-67.6766,-50.6905,96.611,-35.6378,8.70266,7.14606,7.09522,-7.59875,-54.7442,78.7538,-35.0,-390.243,8.4748,5.34339,5.0247,0,LLLLTLLVALLSTLLIALILI,LTLLVALLSTLLIAL,0.4693347428980949,0.0696470421200625,R,99999900.0,-22.430200000000013,-8.014100000000013,14.927999999999997,704.9699999999993,-0.03181724044994828,-0.01136800147524011,0.02117536916464532,-0.02200958906052742
LLLVALLLTLLGGLLFILILI_1,110011001100110000,1,-58.7189,-58.7189,-58.7189,-228.184,-220.383,-238.118,-350.255,4587.24,3832.5,3667.16,-15.512,28.6901,-78.8632,-42.4623,-53.4178,-40.2548,80.7207,-46.016,7.67928,3.43551,3.14632,19.7257,-38.0441,72.2659,-45.0,-342.671,7.1084,1.96251,1.5465,1,LLLVALLLTLLGGLLFILILI,VALLLTLLGGLLFIL,0.3200843188718794,0.0457993097586024,G,99999900.0,-25.445400000000006,0.0,9.933999999999997,754.7399999999998,-0.03371412671913508,0.0,0.013162148554469089,-0.020552773140419225
LLLLYVLTFLLAILLSLLILI_1,110011001100110000,1,-74.3191,-74.343,-74.0079,-230.996,-225.936,-247.986,-367.693,4606.8,3656.13,3641.64,-15.5087,104.582,-77.8866,37.1679,-45.6989,-56.9498,67.7262,17.0486,9.90612,4.1855,3.7014,102.368,-62.2011,51.5869,18.7588,-265.759,9.5,2.7944,2.0682,1,LLLLYVLTFLLAILLSLLILI,LYVLTFLLAILLSLL,0.3656771749189247,0.1227215565047581,L,99999900.0,-32.1877,-0.3111999999999995,16.98999999999998,950.6700000000001,-0.033857910736638366,-0.0003273480808272055,0.01787160634079121,-0.01631344209873037
LLLLWILTYLLAVLLFLLILI_0,110011001100110000,1,-58.9333,-58.9333,-58.8216,-237.279,-220.022,-254.439,-361.588,4701.58,3765.25,3650.54,-15.4797,25.6791,-80.8553,-56.954,-48.3272,-56.3578,78.2223,17.5461,9.99274,5.51368,5.18702,25.9252,-60.2494,57.7633,18.0,-335.909,8.9875,3.33545,2.7019,0,LLLLWILTYLLAVLLFLLILI,LWILTYLLAVLLFLL,0.8751377540049448,0.0717519746431625,L,99999900.0,-32.5281,-0.11170000000000613,17.159999999999997,936.3299999999999,-0.034739995514401975,-0.00011929554750996564,0.018326871936176346,-0.01653231232578258
LLLYALLAVLITLLLSLLILI_1,110011001100110000,1,-74.2904,-70.7062,-74.2904,-240.19,-237.3,-249.046,-378.794,4626.01,3838.69,3809.94,-15.4498,8.56598,-79.7629,-62.2216,-55.4577,-110.535,26.239,25.8012,9.85168,6.62249,5.51608,8.93505,-113.132,4.052,24.0428,-367.491,9.5,4.01682,2.5776,1,LLLYALLAVLITLLLSLLILI,YALLAVLITLLLSLL,0.3949547196848175,0.0569629498147025,L,99999900.0,-24.3052,0.0,8.855999999999995,787.3200000000002,-0.030870802215109478,0.0,0.011248285322359388,-0.019623278971701463
LLLYALLFLLLGTLLSILILI_0,110011001100110000,1,-70.7208,-71.3173,-74.0819,-233.803,-227.043,-250.083,-362.562,4665.6,3812.65,3687.89,-15.4472,274.992,-73.4856,210.791,-38.3965,-66.7986,62.0788,-42.1708,7.516,4.90043,4.33161,271.496,-60.5958,60.1642,-40.2827,-87.5696,7.5,3.71154,3.114,0,LLLYALLFLLLGTLLSILILI,YALLFLLLGTLLSIL,0.1884911474233541,0.0462006055749655,G,99999900.0,-35.0891,3.3611000000000075,16.28,852.9500000000003,-0.041138519256697335,0.003940559235594122,0.019086699103112722,-0.01811032299665865
LLLTGLLAALLGVLLSLLILI_0,110011001100110000,1,-70.7929,-67.361,-60.3857,-220.035,-220.176,-241.6,-368.895,4437.37,3740.66,3704.61,-15.4427,-12.3784,-93.5105,-93.7372,-66.9102,-67.1095,62.6427,-48.6482,7.10464,5.02319,4.46283,-12.5278,-68.4402,63.5344,-45.0,-381.274,7.2771,5.34318,4.7962,0,LLLTGLLAALLGVLLSLLILI,TGLLAALLGVLLSLL,0.4529452074583862,0.0173481603533858,G,99999900.0,-26.60029999999999,-10.407200000000003,21.564999999999998,696.71,-0.03817987397913047,-0.014937635458081558,0.030952620171951023,-0.022165176328745102
LLLTSLLALLLYLLAVLLILI_2,110011001100110000,1,-65.8418,-49.4461,-45.0498,-226.562,-226.353,-264.573,-377.202,4665.76,3615.16,3693.6,-15.4409,28.5104,-100.239,-72.893,-67.5787,-101.775,43.8542,26.5846,8.92923,7.68654,6.84435,26.6116,-102.022,32.5707,26.0229,-350.994,9.2505,6.20034,5.1889,2,LLLTSLLALLLYLLAVLLILI,TSLLALLLYLLAVLL,0.6720203550203436,0.1101153159892191,L,99999900.0,-32.66030000000001,-20.79200000000001,38.01099999999997,1050.6000000000004,-0.031087283457072144,-0.019790595849990482,0.03618027793641724,-0.014697220635827141
LLLTALLVLLLALLLSFLILI_2,110011001100110000,1,-60.4039,-60.4204,-60.4011,-238.138,-231.995,-247.637,-373.96,4595.03,3819.21,3796.81,-15.4162,-8.94187,-90.8346,-90.4866,-65.9225,-74.8995,64.1806,-38.5186,8.45752,6.39931,5.86202,-4.79897,-70.1435,50.4198,-38.9685,-378.452,8.6236,3.8282,3.0845,2,LLLTALLVLLLALLLSFLILI,TALLVLLLALLLSFL,0.4057251184349654,0.0208824861224311,R,99999900.0,-24.912099999999995,-0.00280000000000058,9.498999999999995,775.8199999999997,-0.03211067000077338,-3.6090845814758332e-06,0.012243819442654222,-0.01987084633033436
LLLVALLFALLGLLLITLILI_2,110011001100110000,1,-58.7454,-60.783,-58.7454,-236.927,-217.049,-239.349,-352.857,4607.82,3960.1,3646.02,-15.4058,17819.8,-72.5905,17744.8,-54.7623,-54.0359,92.2391,-43.3967,8.84023,7.05767,6.94126,15250.6,-48.7411,63.2863,-39.7126,17467.0,6.542,2.35481,1.8041,2,LLLVALLFALLGLLLITLILI,VALLFALLGLLLITL,0.4546646592018848,0.0379803665526982,G,99999900.0,-17.828200000000002,0.0,2.421999999999997,647.7199999999998,-0.027524547644043735,0.0,0.0037392700549620174,-0.023784660038288157
LLLYVLLFILLAALLSTLILI_0,110011001100110000,1,-72.996,-74.2294,-74.2294,-238.274,-232.912,-249.342,-360.022,4626.15,4084.55,3917.81,-15.3898,-8.57755,-64.1424,-61.4585,-36.451,-63.3622,62.4989,-40.4848,8.22573,4.44168,3.87916,-7.66114,-63.1873,55.2127,-36.6493,-368.6,8.5138,3.43181,2.76,0,LLLYVLLFILLAALLSTLILI,YVLLFILLAALLSTL,0.1698885969164482,0.0872323584306758,R,99999900.0,-27.691399999999994,1.2334000000000032,11.068000000000012,541.5999999999995,-0.05112887740029546,0.0022773264401772606,0.020435745937961637,-0.028415435745937988
LLLYALLVLLLATLLSILILI_0,110011001100110000,1,-73.7469,-73.3918,-74.0893,-235.336,-229.535,-249.036,-377.39,4642.48,3951.62,3841.63,-15.3653,-9.44662,-83.6721,-83.9101,-54.2647,-72.2621,58.8322,-40.3278,8.72682,5.28166,4.66414,-8.30868,-74.125,49.3644,-40.0371,-386.836,8.8024,4.28294,3.52341,0,LLLYALLVLLLATLLSILILI,YALLVLLLATLLSIL,0.3509827716054829,0.0645322045387349,R,99999900.0,-29.407400000000003,0.3423999999999978,13.699999999999989,690.8599999999997,-0.04256636655762386,0.0004956141620588802,0.0198303563674261,-0.02224083026951916
LLLAWLLTVLLALLFSLLILI_1,110011001100110000,1,-74.093,-69.9975,-74.1887,-228.011,-223.431,-248.257,-372.25,4602.66,3760.25,3759.75,-15.3501,25.4554,-85.4966,-53.3663,-49.8044,-108.825,16.2169,25.0031,9.45427,5.01304,3.75629,-7.54156,-107.621,8.37296,28.0,-383.141,9.5,3.7735,2.39909,1,LLLAWLLTVLLALLFSLLILI,AWLLTVLLALLFSLL,0.5556008182588852,0.0464815250012431,L,99999900.0,-35.6922,0.09569999999999368,20.24600000000001,842.4099999999999,-0.042369155161975765,0.00011360264004462636,0.02403342790327752,-0.01822164979048207
LLLYALLAALLTALLSLLILI_1,110011001100110000,1,-74.9604,-74.294,-74.294,-228.567,-226.575,-242.425,-367.637,4579.74,3807.96,3818.77,-15.3409,13.0045,-79.4511,-53.7641,-50.9186,-31.935,89.1238,-41.1133,8.1395,3.32197,3.15883,18.0374,-24.5731,86.8436,-39.2659,-347.479,8.2633,1.90985,1.7125,1,LLLYALLAALLTALLSLLILI,YALLAALLTALLSLL,0.3264616382637226,0.0374901010282071,R,99999900.0,-28.5325,-0.6664000000000101,13.858000000000004,771.7799999999997,-0.03696973230713417,-0.0008634584985358656,0.017955894166731462,-0.019877296638938564
LLLTYLLVALLALLLASLILI_1,110011001100110000,1,-68.0763,-77.2618,-60.3691,-230.349,-223.341,-247.173,-369.021,4589.08,3763.49,3782.7,-15.3386,-6.31635,-85.9339,-74.7343,-61.4789,-68.8172,59.555,-43.9866,8.02779,4.8625,4.25583,-6.22196,-64.7965,51.5402,-39.82,-378.485,8.0152,3.1774,2.4505,1,LLLTYLLVALLALLLASLILI,TYLLVALLALLLASL,0.4829602665684991,0.032837321829293,R,99999900.0,-24.45499999999999,-7.7072,16.824000000000012,825.5900000000001,-0.02962124056735182,-0.00933538439176831,0.020378153805157534,-0.01857895565595513
LLLYALLIALLFTLLILLILI_2,110011001100110000,1,-58.2441,-52.9214,-58.8653,-235.23,-235.973,-253.418,-356.682,4729.94,4084.12,3978.46,-15.3028,-4.15571,-78.5105,-71.9432,-44.3984,-33.8625,95.9807,-51.1372,8.47596,4.53677,4.47648,-3.14258,-28.8229,98.2271,-45.0,-364.423,8.6709,4.08409,4.0575,2,LLLYALLIALLFTLLILLILI,YALLIALLFTLLILL,0.2748041175230475,0.0687113721756237,R,99999900.0,-34.11209999999999,0.6211999999999946,18.188000000000017,645.8199999999997,-0.0528198259576972,0.0009618779226409756,0.028162645938496832,-0.02369514725465301
LLLYALLVALLITLLFLLILI_1,110011001100110000,1,-59.4859,-59.6061,-58.8507,-233.849,-233.664,-252.033,-353.382,4718.09,4066.41,3943.71,-15.2971,-13.0761,-75.3439,-73.1882,-42.4985,-33.1244,93.4376,-43.8092,8.43154,4.08273,3.98429,-8.96603,-28.1339,95.9421,-37.7472,-364.001,8.6579,3.67227,3.6114,1,LLLYALLVALLITLLFLLILI,YALLVALLITLLFLL,0.3081725480293435,0.0585413149994968,R,99999900.0,-32.845400000000005,-0.6351999999999975,18.183999999999997,651.6800000000003,-0.05040111711269333,-0.0009747115148539118,0.02790326540633438,-0.023473330468941803
LLLYLLLVALLATLLSALILI_0,110011001100110000,1,-74.2236,-70.4273,-74.0594,-233.201,-229.775,-244.018,-370.105,4603.27,4056.49,3874.33,-15.2918,504.345,-77.9731,434.442,-52.0282,-44.0296,74.0927,-50.1852,8.16122,3.10695,2.71834,393.972,-47.1777,64.0077,-41.6778,134.239,8.4891,2.21769,1.67781,0,LLLYLLLVALLATLLSALILI,YLLLVALLATLLSAL,0.2553633405073734,0.0493635929833645,R,99999900.0,-25.944900000000004,-0.16420000000000812,10.817000000000007,546.7800000000007,-0.04745034566004604,-0.00030030359559604945,0.019783093748856933,-0.027967006840045324
LLLYILLLALLFSLLVTLILI_0,110011001100110000,1,-74.1677,-74.1677,-74.1677,-239.254,-230.313,-252.799,-370.672,4673.18,3963.23,3731.06,-15.2896,139.971,-72.5397,73.7807,-43.7055,-38.4384,98.3868,-51.6528,8.69056,5.54797,5.52377,131.936,-38.8884,87.4303,-44.355,-230.701,8.3134,4.13635,3.9478,0,LLLYILLLALLFSLLVTLILI,YILLLALLFSLLVTL,0.2134509470307025,0.0103480530262252,R,99999900.0,-28.834199999999996,0.0,13.545000000000016,709.9500000000003,-0.04061440946545529,0.0,0.01907880836678641,-0.021536164518628064
LLLYALLVTLLAILLSFLILI_1,110011001100110000,1,-77.5749,-74.212,-74.212,-235.198,-234.217,-249.009,-356.057,4658.19,4057.41,4027.77,-15.2894,-11.1695,-58.5738,-58.7979,-32.8362,-55.3288,60.0243,-43.5716,7.81565,2.9026,2.30296,-11.3689,-50.8571,62.3289,-43.2727,-367.996,8.14,2.54297,1.9779,1,LLLYALLVTLLAILLSFLILI,YALLVTLLAILLSFL,0.2062800529032013,0.0198179291796966,R,99999900.0,-25.7376,-3.3628999999999962,13.810999999999979,600.7799999999997,-0.042840307600119865,-0.0055975565098704974,0.022988448350477687,-0.025449249309231346
LLLLALLIALLAVLLSTLILI_0,110011001100110000,1,-74.1615,-74.1615,-74.2403,-228.229,-221.946,-237.685,-380.087,4496.34,3785.21,3787.08,-15.2711,-8.19657,-92.9673,-92.1753,-68.1614,-34.0248,88.2534,-35.2269,8.31491,3.51793,3.34173,-8.24379,-37.1328,75.3172,-35.0,-388.283,8.3978,2.23774,1.8675,0,LLLLALLIALLAVLLSTLILI,LALLIALLAVLLSTL,0.3417505238504117,0.0125393432968657,R,99999900.0,-24.805899999999994,0.07880000000000109,9.455999999999989,711.1300000000001,-0.03488237031203857,0.00011080955662115377,0.013297146794538252,-0.021474413960879162
LLLYILLTVLLALLFSLLILI_1,110011001100110000,1,-74.2941,-70.5852,-74.1691,-238.462,-229.44,-252.809,-370.921,4658.52,3952.7,3768.52,-15.2639,125.205,-73.4285,54.3095,-43.9425,-114.524,11.7976,21.2651,10.2814,5.27123,3.94819,110.383,-105.587,2.45296,19.0015,-251.645,9.4143,2.6692,1.20599,1,LLLYILLTVLLALLFSLLILI,YILLTVLLALLFSLL,0.2939664256766918,0.0722645165910029,L,99999900.0,-29.485999999999997,-0.125,14.347000000000008,705.8200000000006,-0.041775523504576195,-0.00017709897707630825,0.02032671219291037,-0.021625768609560492
LLLLYVLTALLAILLSLLILI_1,110011001100110000,1,-74.1465,-74.1888,-74.0932,-235.765,-224.651,-242.702,-374.948,4569.61,3801.17,3679.09,-15.2515,102.997,-80.2883,26.8883,-58.1532,-57.6584,75.0653,17.9941,10.386,5.28257,4.90855,57.0249,-62.2011,51.5869,18.7588,-268.119,9.5,2.7944,2.0682,1,LLLLYVLTALLAILLSLLILI,LYVLTALLAILLSLL,0.3955283225172716,0.072192228553867,L,99999900.0,-22.13510000000001,-0.05330000000000723,6.937000000000012,768.4399999999996,-0.028805241788558665,-6.936130341992512e-05,0.009027380146790921,-0.019847353078965187
LLLTLLLGVLLIFLLAILILI_2,110011001100110000,1,-44.9169,-50.8448,-44.9169,-242.271,-230.267,-247.889,-354.22,4619.11,4022.61,3580.77,-15.2464,342784.0,-82.279,342711.0,-61.4147,-87.5642,64.3991,-34.3093,9.61647,8.32852,7.79451,180984.0,-85.9497,42.6517,-45.0,342429.0,6.5506,5.15043,4.2902,2,LLLTLLLGVLLIFLLAILILI,TLLLGVLLIFLLAIL,0.3184545006755369,0.0233736676347666,G,99999900.0,-20.864299999999993,0.0,5.618000000000023,596.4999999999995,-0.03497787091366305,0.0,0.00941827326068739,-0.025559765297569172
LLLYTLLVALLSTLLALLILI_2,110011001100110000,1,-82.3557,-81.0699,-74.2668,-229.577,-227.579,-248.091,-372.354,4637.14,3878.84,3841.83,-15.244,-4.25727,-75.6655,-67.9617,-49.9962,-52.5396,80.211,-47.7373,8.6917,5.20942,4.91259,-5.38188,-52.2698,72.8602,-43.2077,-377.642,8.6278,4.1766,3.7695,2,LLLYTLLVALLSTLLALLILI,YTLLVALLSTLLALL,0.5186947319307597,0.0516389958553695,R,99999900.0,-25.669299999999993,-8.088899999999995,18.51400000000001,758.3000000000002,-0.033851114334696016,-0.01066715020440458,0.0244151391269946,-0.02010286166424897
LLLLYSLVILLLLLTFLLILI_1,110011001100110000,1,-58.8636,-58.9288,-58.8636,-243.903,-226.399,-252.045,-366.716,4724.45,3793.86,3635.74,-15.2346,78.8328,-79.1837,-2.55557,-55.8076,-63.8176,70.6742,20.2474,10.827,5.61367,5.17378,80.7276,-63.5976,50.6697,22.7455,-254.465,9.4863,2.88005,2.1401,1,LLLLYSLVILLLLLTFLLILI,LYSLVILLLLLTFLL,0.2795796812024921,0.1361465425651895,L,99999900.0,-23.3761,0.0,8.141999999999996,930.5899999999997,-0.025119655272461565,0.0,0.008749288086052933,-0.016370904479953582
LLLAYLLVALLALLLSTLILI_1,110011001100110000,1,-74.2023,-74.4025,-74.2023,-227.164,-223.173,-242.452,-371.457,4564.0,3788.73,3744.01,-15.2332,-9.32341,-85.3239,-83.205,-54.8021,-70.0932,62.2769,-43.4629,8.30229,5.42136,4.85552,-9.43665,-72.5019,54.6694,-37.0259,-381.706,8.4851,4.75566,4.0757,1,LLLAYLLVALLALLLSTLILI,AYLLVALLALLLSTL,0.5398596786276174,0.0507368106223527,R,99999900.0,-30.521799999999992,0.0,15.288000000000011,775.27,-0.039369252002528145,0.0,0.019719581565132163,-0.019648896513472725
LLLVALLILLTFLLASLLILI_2,110011001100110000,1,-74.2619,-74.0288,-74.1681,-227.248,-219.737,-242.495,-371.582,4590.48,3756.69,3709.76,-15.2307,2003.27,-85.303,1925.45,-54.9193,-97.6205,37.7481,27.831,9.54449,6.23907,5.30529,1414.13,-109.955,9.8457,19.6763,1619.73,9.3147,4.32242,2.97011,2,LLLVALLILLTFLLASLLILI,VALLILLTFLLASLL,0.3887803867228818,0.0897558003704298,L,99999900.0,-30.383699999999997,-0.09380000000000166,15.247000000000014,833.7899999999995,-0.03644047062209911,-0.00011249835090370683,0.018286379064272808,-0.01826682977728206
LLLLAVLTALLILLLFLLILI_2,110011001100110000,1,-58.8954,-58.8954,-58.8954,-236.65,-219.642,-244.506,-363.747,4631.83,3747.75,3720.07,-15.2231,145.299,-83.4244,60.0886,-60.3457,-43.7752,104.322,20.4939,10.1835,7.14977,7.2146,77.161,-42.2899,92.0308,25.8423,-218.449,9.4115,5.26764,5.1481,2,LLLLAVLTALLILLLFLLILI,LAVLTALLILLLFLL,0.3453849979956469,0.0130634874404177,L,99999900.0,-23.078700000000005,0.0,7.8559999999999945,884.0799999999999,-0.026104764274726276,0.0,0.008886073658492439,-0.017219143063976112
LLLTALLVALLFALLSALILI_2,110011001100110000,1,-62.8534,-62.8162,-60.4381,-221.267,-221.165,-239.85,-351.711,4514.35,3756.71,3737.33,-15.201,-14.7582,-82.7919,-82.4881,-51.4231,-34.5015,80.6012,-39.2314,7.85086,2.55638,2.2654,-13.3259,-36.6373,79.1887,-39.9947,-364.606,8.0543,2.68607,2.3739,2,LLLTALLVALLFALLSALILI,TALLVALLFALLSAL,0.3917394074584336,0.0165211088760819,R,99999900.0,-31.3688,-2.415300000000002,18.583,757.6400000000003,-0.041403304999736004,-0.0031879256639037023,0.024527480069690077,-0.020063618605142275
LLLLIILLAVLLTLLLSLILI_2,110011001100110000,1,-74.2506,-74.2506,-74.2506,-232.861,-227.215,-243.766,-396.999,4552.66,3762.76,3610.27,-15.1933,3030.03,-105.081,2934.49,-78.983,-52.4447,80.8324,35.7343,9.58706,5.27907,4.99155,1440.48,-60.6709,65.7431,20.4901,2620.82,9.5,4.47595,3.9621,2,LLLLIILLAVLLTLLLSLILI,LIILLAVLLTLLLSL,0.2236006563220677,0.0736393227525144,L,99999900.0,-26.098,0.0,10.905000000000001,789.8999999999996,-0.03303962526902141,0.0,0.013805545005696931,-0.01923446005823523
LLLYSLLVALLATLLFALILI_2,110011001100110000,1,-69.6007,-70.0128,-58.7878,-223.808,-224.802,-249.568,-341.853,4688.85,3885.35,3796.07,-15.1875,-11.7757,-63.6315,-58.8141,-33.4967,-51.2653,75.1296,-44.3307,7.85845,4.33228,3.95922,-8.15451,-54.4223,72.8251,-42.2813,-351.979,8.0,4.49473,4.08711,2,LLLYSLLVALLATLLFALILI,YSLLVALLATLLFAL,0.2572126193627248,0.0513494467388023,R,99999900.0,-30.134800000000006,-10.812900000000006,25.76000000000002,803.5000000000005,-0.03750441817050403,-0.013457249533291847,0.032059738643434976,-0.018901680149346598
LLLYALLTALLGLLLGFLILI_1,110011001100110000,1,-63.8663,-66.3123,-58.802,-222.802,-220.205,-242.535,-336.701,4602.77,3931.27,3817.22,-15.1785,-3.81433,-65.211,-53.9979,-35.363,-51.2462,66.7657,-44.6821,6.86675,3.2003,2.70179,-11.2742,-49.4233,66.044,-43.1773,-348.202,6.8387,2.82944,2.3201,1,LLLYALLTALLGLLLGFLILI,YALLTALLGLLLGFL,0.2479232385515793,0.0452688531551939,G,99999900.0,-29.848,-5.064300000000003,19.733000000000004,671.5000000000005,-0.044449739389426625,-0.007541772151898734,0.029386448250186138,-0.02260387192851823
LLLYILLVALLATLLILLILI_2,110011001100110000,1,-58.8077,-55.3799,-58.8077,-240.436,-239.28,-249.833,-369.811,4657.41,3994.29,3783.47,-15.1714,689.459,-85.7387,614.307,-61.1703,-46.3982,76.8107,-46.4306,8.6932,3.82917,3.48133,381.817,-47.282,59.6907,-41.1998,322.928,8.0989,1.65054,1.0459,2,LLLYILLVALLATLLILLILI,YILLVALLATLLILL,0.2733399158985195,0.0568448838465567,R,99999900.0,-24.568399999999997,0.0,9.396999999999991,663.1199999999999,-0.03704970442755459,0.0,0.014170889130172507,-0.022878815297382078
LLLFYLLVALLASLLTLLILI_1,110011001100110000,1,-74.2835,-74.2835,-74.2835,-230.285,-230.032,-243.609,-357.913,4639.92,3875.65,3954.5,-15.1669,-10.6622,-68.5114,-64.2594,-40.02,-14.2595,96.7169,-41.66,8.27891,1.69571,1.64646,-11.0664,-12.7234,94.0286,-41.0839,-369.513,8.362,1.10237,1.0128,1,LLLFYLLVALLASLLTLLILI,FYLLVALLASLLTLL,0.3369208794436971,0.0203351101745086,R,99999900.0,-28.49139999999999,0.0,13.324000000000012,764.27,-0.037279233778638426,0.0,0.017433629476493927,-0.01984495008308582
LLLTALLVALLSLLLFILILI_1,110011001100110000,1,-61.4609,-61.7586,-60.533,-231.632,-229.445,-247.903,-372.309,4590.06,3790.02,3759.04,-15.1556,-10.8474,-94.3717,-91.953,-63.8731,-62.4944,76.5361,-44.6674,8.39875,6.20653,5.85458,-12.9165,-61.9577,72.2743,-44.5504,-385.494,8.5141,5.55069,5.13481,1,LLLTALLVALLSLLLFILILI,TALLVALLSLLLFIL,0.5505480093571503,0.0062185684459688,R,99999900.0,-30.498600000000003,-0.9279000000000011,16.270999999999987,800.0400000000004,-0.038121343932803343,-0.0011598170091495432,0.020337733113344306,-0.01894355282235887
LLLYALLTILLTFLLILLILI_1,110011001100110000,1,-65.6137,-65.6137,-72.7439,-248.673,-239.735,-256.667,-368.637,4719.51,4061.5,3836.3,-15.1538,118.112,-69.504,54.8237,-39.226,-77.0208,60.5682,-38.6764,9.69058,6.22982,5.63835,92.9529,-72.6011,53.9923,-36.179,-257.848,9.0,4.67912,3.989,1,LLLYALLTILLTFLLILLILI,YALLTILLTFLLILL,0.3302191486508196,0.0407357943172608,R,99999900.0,-30.278000000000006,7.130200000000002,7.993999999999971,658.0100000000002,-0.046014498259904855,0.010836005531830823,0.012148751538730367,-0.02302974118934362
LLLTALLVALLTFLLSLLILI_2,110011001100110000,1,-71.992,-72.1769,-74.2501,-231.501,-229.482,-246.853,-374.312,4555.62,3727.27,3806.32,-15.1481,-12.2065,-85.9676,-84.8602,-53.2091,-74.6216,51.5173,-42.2731,8.84536,4.64808,3.92084,-11.0732,-71.7611,50.3856,-43.3797,-386.607,9.0,4.06622,3.322,2,LLLTALLVALLTFLLSLLILI,TALLVALLTFLLSLL,0.4201756499232192,0.0126537353745438,R,99999900.0,-32.758500000000005,2.258099999999999,15.352000000000004,828.3499999999999,-0.039546689201424526,0.0027260216092231536,0.018533228707671885,-0.018287076718778297
LLLAILLATLLAVLLSLLILI_0,110011001100110000,1,-74.1823,-74.1823,-74.1823,-225.362,-218.296,-237.186,-381.018,4454.22,3830.8,3742.88,-15.1449,-6.79567,-96.6187,-95.336,-69.6497,-37.9462,85.2681,-44.2273,8.58252,3.70313,3.48215,-6.99171,-41.502,70.4733,-45.0,-387.814,8.6612,2.2392,1.7963,0,LLLAILLATLLAVLLSLLILI,AILLATLLAVLLSLL,0.3741563083397139,0.0157661719377245,R,99999900.0,-26.96900000000001,0.0,11.824000000000012,623.4200000000001,-0.043259760674986374,0.0,0.018966346925026484,-0.024293253344454778
LLLTSLLAVLIALLFLLLILI_0,110011001100110000,1,-66.8595,-57.232,-44.9965,-220.558,-222.079,-259.665,-368.085,4614.67,3618.79,3596.76,-15.1422,44.6237,-95.8104,-44.1511,-63.4238,-102.087,31.7538,24.6325,9.24835,6.09984,5.07614,44.6221,-103.993,25.621,18.4802,-323.462,9.1959,5.55779,4.44211,0,LLLTSLLAVLIALLFLLLILI,TSLLAVLIALLFLLL,0.4188326483300236,0.04531911318308,L,99999900.0,-32.3866,-21.863,39.10700000000003,995.8800000000001,-0.03252058480941478,-0.021953448206611235,0.039268787404104936,-0.015204843957103264
LLLLILLLVLTALLISLLILI_2,110011001100110000,1,-74.2107,-74.2346,-74.2102,-240.23,-231.109,-244.506,-397.604,4536.2,3895.19,3736.24,-15.1357,886.944,-98.2987,794.684,-78.8876,-109.067,23.8891,17.3664,10.4568,6.08515,4.94348,881.374,-115.762,1.87941,19.6398,499.562,9.2964,4.11802,2.64621,2,LLLLILLLVLTALLISLLILI,LILLLVLTALLISLL,0.3348298935129944,0.0549188265656413,L,99999900.0,-19.41109999999999,-0.0005000000000023874,4.2760000000000105,641.0099999999998,-0.03028205488213912,-7.800190324681169e-07,0.0066707227656355,-0.02361226813934261
LLLVALLLLLTFLLASLLILI_0,110011001100110000,1,-74.1704,-74.1704,-74.1704,-223.448,-216.486,-242.507,-378.203,4596.98,3606.55,3701.49,-15.1267,14.98,-95.7107,-72.5659,-61.5253,-107.491,21.8949,24.2688,9.18827,5.57947,4.4079,7.16869,-109.955,9.8457,19.6763,-363.223,9.3147,4.32242,2.97011,0,LLLVALLLLLTFLLASLLILI,VALLLLLTFLLASLL,0.3813520464080036,0.0233608747048681,L,99999900.0,-34.1854,0.0,19.058999999999997,990.4299999999994,-0.03451571539634302,0.0,0.019243157012610694,-0.015272861282473278
LLLTALLAVLLALLLFLLILI_2,110011001100110000,1,-45.0539,-45.0539,-45.0539,-232.021,-227.325,-246.95,-360.067,4632.77,3832.5,3893.37,-15.1105,-9.4405,-98.1027,-97.1285,-68.0632,-89.8088,58.8389,-40.4863,8.33936,7.91457,7.29716,-4.62113,-86.0037,51.0237,-43.1891,-364.7,8.8759,6.28875,5.55411,2,LLLTALLAVLLALLLFLLILI,TALLAVLLALLLFLL,0.5817846065547936,0.0787796580847258,R,99999900.0,-30.039500000000004,0.0,14.929000000000002,800.2700000000004,-0.037536706361602945,0.0,0.018654953953040843,-0.0188817524085621
LLLYVLLIALLATLLILLILI_2,110011001100110000,1,-58.8271,-58.8271,-58.8271,-240.036,-237.285,-250.461,-370.161,4670.28,4015.73,3829.73,-15.0983,34.0339,-86.396,-40.0152,-60.8727,-43.3503,85.974,-44.9542,8.31765,4.60903,4.39864,30.4792,-40.8345,76.2695,-41.1941,-332.678,8.0,2.92156,2.5656,2,LLLYVLLIALLATLLILLILI,YVLLIALLATLLILL,0.2495144478821609,0.0788986459187228,R,99999900.0,-25.5233,0.0,10.425000000000011,654.5499999999997,-0.03899365976625164,0.0,0.01592697272935607,-0.023066687036895586
LLLTILLIALLFVLLSLLILI_0,110011001100110000,1,-60.468,-60.468,-60.468,-234.508,-229.06,-247.685,-373.777,4601.74,3843.78,3722.14,-15.0943,182.646,-93.8951,98.3965,-65.6243,-50.1164,88.8066,-41.8852,8.67361,6.00636,5.83846,143.389,-47.9836,80.2404,-36.9281,-191.131,8.0,4.52999,4.2336,0,LLLTILLIALLFVLLSLLILI,TILLIALLFVLLSLL,0.2636712142425431,0.0271628402380447,R,99999900.0,-28.270799999999994,0.0,13.176999999999992,757.9599999999996,-0.03729853818143439,0.0,0.017384822418069556,-0.019914375428782532
LLLVGLLLILLGALLATLILI_1,110011001100110000,1,-63.525,-62.1411,-58.7586,-219.812,-222.965,-233.286,-359.091,4487.44,3772.72,3751.97,-15.0755,-14.1932,-90.8296,-88.1784,-67.0469,-49.2642,56.4515,-50.0632,7.19607,1.51058,0.857355,-5.3878,-40.5762,61.5678,-43.055,-364.547,7.4828,0.898083,0.3216,1,LLLVGLLLILLGALLATLILI,VGLLLILLGALLATL,1.0443520304128484,0.1088103480040436,G,99999900.0,-23.782700000000006,-4.766399999999997,13.47399999999999,714.7199999999998,-0.03327554846653236,-0.006668905305574209,0.018852137900156694,-0.021092875531676745
LLLYLLLATLLAILLFSLILI_0,110011001100110000,1,-74.1693,-74.1693,-74.1693,-233.793,-231.088,-250.507,-365.974,4685.89,3863.22,3836.9,-15.0725,-12.0191,-73.084,-72.736,-41.2971,-53.2857,78.3835,-44.5609,8.74072,5.07463,4.75038,-11.7665,-53.5058,73.6956,-45.0,-377.993,8.8777,4.47477,4.0802,0,LLLYLLLATLLAILLFSLILI,YLLLATLLAILLFSL,0.1251378064178996,0.0225396133146551,R,99999900.0,-31.786900000000003,0.0,16.714,822.6700000000005,-0.03863870081563687,0.0,0.020316773432846692,-0.01832144116109739
LLLYILLTALLVALLSLLILI_0,110011001100110000,1,-74.2045,-74.2045,-74.2045,-231.578,-224.537,-247.796,-377.115,4629.58,3933.6,3824.57,-15.0625,-7.93786,-86.3952,-86.3112,-55.1144,-24.6552,98.9681,-45.746,8.09084,3.55897,3.54349,-7.12602,-28.5899,84.4588,-45.0,-385.053,8.1271,2.19042,1.9573,0,LLLYILLTALLVALLSLLILI,YILLTALLVALLSLL,0.322850677733319,0.0330925510171998,R,99999900.0,-31.2808,0.0,16.21799999999999,695.98,-0.044944969683036864,0.0,0.023302393746946735,-0.021642144889220952
LLLYALLAILLAFLLTSLILI_0,110011001100110000,1,-74.1696,-74.1696,-74.2278,-226.417,-224.395,-247.607,-352.494,4633.57,3851.91,3765.54,-15.058,-11.0777,-66.9659,-65.0075,-30.659,-81.044,58.2208,-45.448,8.32573,6.51641,5.88972,-11.0465,-77.7514,58.4033,-43.4014,-363.572,8.5202,6.04715,5.4232,0,LLLYALLAILLAFLLTSLILI,YALLAILLAFLLTSL,0.2311564630732341,0.014485223040514,R,99999900.0,-36.306900000000006,0.05819999999999936,21.189999999999998,781.6599999999999,-0.04644845585036974,7.445692500575618e-05,0.027108973210858943,-0.01926413018447919
LLLFVLLTILLGALLSLLILI_0,110011001100110000,1,-79.5735,-72.2679,-74.2311,-228.011,-221.736,-241.221,-368.611,4572.19,3942.57,3706.26,-15.0561,75.6844,-76.0818,1.07723,-53.1586,-43.2246,72.1937,-49.8064,7.59518,2.72985,2.31276,50.0581,-47.9501,60.2066,-41.6343,-292.926,7.3755,1.8204,1.2235,0,LLLFVLLTILLGALLSLLILI,FVLLTILLGALLSLL,0.275637657986686,0.041258027245334,G,99999900.0,-22.9232,-5.342399999999998,13.210000000000008,629.6199999999994,-0.036407992122232495,-0.00848511800768718,0.02098090911978657,-0.023912995139925692
LLLAALLLSLLFTLLVYLILI_0,110011001100110000,1,-74.2323,-74.2323,-74.2029,-229.834,-226.882,-245.915,-365.294,4589.31,3744.66,3732.31,-15.0542,-10.3991,-76.2818,-74.579,-45.1764,-53.2908,85.6571,-37.1837,8.20838,6.05733,5.84219,-6.06995,-54.7442,78.7538,-35.0,-375.693,8.4748,5.34339,5.0247,0,LLLAALLLSLLFTLLVYLILI,AALLLSLLFTLLVYL,0.3261561701544524,0.0525520990560663,R,99999900.0,-31.105400000000003,-0.02939999999999543,16.08099999999999,844.6500000000005,-0.03682637778961698,-3.480731664002298e-05,0.01903865506422776,-0.01782300361096311
LLLTVLLLGLLFGLLAALILI_1,110011001100110000,1,-44.9318,-45.8636,-44.9318,-220.524,-222.555,-236.371,-339.274,4497.79,3787.06,3662.65,-15.0447,-7.33965,-88.8632,-78.1952,-57.9712,-33.4965,72.7188,-42.6466,7.19521,1.34152,0.932304,-11.3213,-30.525,71.559,-44.3251,-350.773,7.1169,0.739215,0.3126,1,LLLTVLLLGLLFGLLAALILI,TVLLLGLLFGLLAAL,0.4791546027865678,0.0119069995170697,G,99999900.0,-30.892000000000003,0.0,15.847000000000008,710.73,-0.04346516961434019,0.0,0.022296793437733047,-0.02116795407538728
LLLYALLVALLSLLLFTLILI_0,110011001100110000,1,-76.4573,-76.5223,-74.288,-234.875,-228.823,-250.085,-363.51,4690.6,3866.44,3817.35,-15.0423,-8.19159,-67.2195,-66.3556,-39.1361,-66.3056,81.6107,-46.3584,8.12252,7.46328,7.18744,-7.99665,-69.5216,69.2117,-44.462,-371.701,8.1432,6.27182,5.81,0,LLLYALLVALLSLLLFTLILI,YALLVALLSLLLFTL,0.3577175344672235,0.0078352146736694,R,99999900.0,-28.083399999999997,-2.169300000000007,15.210000000000008,824.1600000000003,-0.03407517957678119,-0.0026321345369831176,0.01845515433896331,-0.01825167443214909
LLLYVLLIALLATLLSLLILI_0,110011001100110000,1,-75.0951,-74.1081,-74.1081,-238.442,-229.883,-248.458,-377.682,4641.55,4040.62,3853.27,-15.0421,-10.2489,-79.187,-83.9401,-55.1159,-42.7296,86.8996,-44.6297,8.04473,4.64088,4.44437,-10.3462,-40.8345,76.2695,-41.1941,-387.931,8.0,2.92156,2.5656,0,LLLYVLLIALLATLLSLLILI,YVLLIALLATLLSLL,0.338538908261325,0.0416714664827621,R,99999900.0,-24.071099999999994,-0.987000000000009,10.015999999999991,600.9300000000003,-0.04005641256053115,-0.0016424541959962201,0.016667498710332296,-0.025031368046195053
LLLVSLLILLLALLATLLILI_2,110011001100110000,1,-68.5884,-66.9438,-58.8634,-225.745,-221.063,-241.504,-378.816,4577.9,3813.78,3742.24,-15.0418,22.5433,-99.524,-68.265,-78.4483,-103.183,21.2304,27.5953,9.00993,4.84355,3.66201,23.8622,-105.071,6.3463,22.0802,-353.009,9.1013,3.1174,1.71259,2,LLLVSLLILLLALLATLLILI,VSLLILLLALLATLL,0.3136866338383509,0.0979069119794792,L,99999900.0,-21.075699999999998,-9.724999999999994,15.758999999999986,764.1199999999994,-0.027581662566089113,-0.01272705857718683,0.020623724022404855,-0.01968512799036802
LLLYALLTALLSVLLFALILI_2,110011001100110000,1,-74.353,-75.7512,-74.353,-230.511,-227.798,-246.012,-352.611,4648.57,3876.84,3906.38,-15.0356,-12.1675,-62.7829,-61.2294,-32.246,-53.0837,84.6772,-38.4762,8.10667,5.89397,5.66413,-12.094,-55.1691,76.5276,-42.1376,-364.287,8.1639,5.10659,4.7545,2,LLLYALLTALLSVLLFALILI,YALLTALLSVLLFAL,0.3105778171851336,0.0370697500033865,R,99999900.0,-30.536899999999996,0.0,15.501000000000005,771.7299999999996,-0.03956940899019089,0.0,0.020086040454563144,-0.01948297979863425
LLLLALLFALLTILLSILILI_1,110011001100110000,1,-74.418,-74.1243,-74.2634,-234.753,-226.317,-241.919,-375.093,4552.42,3895.96,3841.64,-15.0092,1.83832,-80.9305,-72.8126,-58.91,-46.4289,89.4105,-43.7279,8.68064,5.53475,5.37591,-3.23547,-40.1021,85.4292,-41.8264,-378.207,8.4975,4.04826,3.8297,1,LLLLALLFALLTILLSILILI,LALLFALLTILLSIL,0.2825798472652802,0.0754048574410245,R,99999900.0,-22.0205,-0.15460000000000207,7.166000000000025,656.46,-0.03354431343874722,-0.0002355055905919661,0.010916125887335138,-0.022863845474210154
LLLYILLLLLTSLLFVLLILI_0,110011001100110000,1,-74.2991,-74.1464,-74.2453,-237.707,-221.635,-256.835,-380.708,4748.43,3882.79,3733.87,-15.0074,64.5378,-83.7092,-20.3888,-49.6279,-108.202,42.2883,23.6961,9.99595,8.43923,7.57356,64.1863,-102.81,30.6593,25.2844,-316.17,8.8129,6.06051,5.0204,0,LLLYILLLLLTSLLFVLLILI,YILLLLLTSLLFVLL,0.175820297106777,0.091302621254989,L,99999900.0,-34.0813,-0.05379999999999541,19.127999999999986,865.6400000000003,-0.03937121667205765,-6.21505475717335e-05,0.022096945612494777,-0.017336768171526264
LLLAYLLVALLTLLLSALILI_0,110011001100110000,1,-71.5274,-72.0978,-74.296,-225.038,-224.731,-242.834,-371.725,4581.11,3767.39,3794.99,-15.0059,-14.6652,-90.1653,-89.562,-54.595,-73.9456,53.2196,-42.7294,8.59456,4.77648,4.07477,-14.7043,-76.9117,50.3237,-42.7175,-386.39,8.8117,4.83045,4.0853,0,LLLAYLLVALLTLLLSALILI,AYLLVALLTLLLSAL,0.6838412452583751,0.0689821884793561,R,99999900.0,-35.5703,2.7686000000000064,17.795999999999992,813.7199999999998,-0.04371319372757215,0.0034023988595585793,0.02186993068868898,-0.018441109964115427
LLLYSLLVALLATLLILLILI_0,110011001100110000,1,-69.8137,-69.4682,-58.8088,-226.755,-224.309,-250.561,-360.138,4683.59,3898.73,3797.57,-14.9884,1.90204,-78.5572,-64.4584,-50.768,-53.4434,83.8401,-38.0188,8.11325,5.83493,5.59253,-3.13934,-56.104,80.164,-35.0,-358.236,8.259,5.73774,5.4402,0,LLLYSLLVALLATLLILLILI,YSLLVALLATLLILL,0.2941487424874647,0.0495556211326099,R,99999900.0,-27.789199999999994,-11.0049,23.80600000000001,784.8600000000001,-0.035406569324465495,-0.014021481538108704,0.03033152409346891,-0.01909690900287949
LLLYALLTALLAVLLSLLILI_0,110011001100110000,1,-74.3266,-74.3266,-74.3266,-231.794,-226.416,-245.022,-371.2,4602.2,3840.1,3890.03,-14.988,-10.7101,-80.0668,-81.1677,-51.8513,-50.1318,92.1964,-45.7811,8.01712,6.46628,6.34923,-10.6955,-51.8061,81.4519,-44.6308,-381.91,8.0262,5.26692,4.9887,0,LLLYALLTALLAVLLSLLILI,YALLTALLAVLLSLL,0.5636216576580265,0.0229931795222937,R,99999900.0,-28.2155,0.0,13.22799999999998,762.0999999999999,-0.03702335651489306,0.0,0.017357302191313453,-0.019666710405458605
LLLYALLVALLFILLSLLILI_2,110011001100110000,1,-60.5206,-60.4575,-60.3667,-240.114,-238.952,-250.916,-356.832,4695.63,4078.92,3831.51,-14.987,68.7068,-71.1841,11.2845,-45.5493,-43.3271,82.8866,-44.7236,9.514,4.18875,3.93205,24.7246,-35.5651,88.7149,-39.2404,-332.404,9.0,3.81128,3.642,2,LLLYALLVALLFILLSLLILI,YALLVALLFILLSLL,0.1856250758945759,0.0199518693372626,R,99999900.0,-25.6348,-0.15390000000000015,10.801999999999992,616.71,-0.041567025019863466,-0.00024955003161939994,0.017515525936015294,-0.024301535567770913
LLLLALLAALLTVLLSILILI_2,110011001100110000,1,-74.2664,-74.3058,-74.3058,-228.381,-223.345,-237.484,-379.75,4516.37,3738.57,3910.81,-14.9854,-9.15311,-92.0875,-91.2515,-67.9601,-41.8406,94.3009,-38.4266,8.42034,5.50671,5.42123,-6.47499,-40.1021,85.4292,-41.8264,-386.403,8.4975,4.04826,3.8297,2,LLLLALLAALLTVLLSILILI,LALLAALLTVLLSIL,0.3952716032359293,0.0734446981507919,R,99999900.0,-24.12740000000001,0.039400000000000546,9.103000000000009,777.7999999999997,-0.031020056569812313,5.065569555155639e-05,0.011703522756492687,-0.019266392388788897
LLLTYLLLFLLVILLSILILI_1,110011001100110000,1,-67.2898,-69.6011,-60.3723,-243.616,-242.505,-258.729,-375.798,4690.14,3998.81,3860.7,-14.9804,108.936,-79.8734,45.2438,-56.6967,-44.9935,63.7429,-47.3997,9.63351,1.85433,1.31047,81.7301,-42.7764,61.571,-44.6242,-264.488,8.9685,1.22854,0.652104,1,LLLTYLLLFLLVILLSILILI,TYLLLFLLVILLSIL,0.1974861284670586,0.1489267433478799,R,99999900.0,-23.176700000000004,-6.917499999999997,15.112999999999971,691.3300000000004,-0.03352480002314378,-0.010006075246264437,0.02186076114156765,-0.02166895693807587
LLLTYLLLALLVSLLAILILI_0,110011001100110000,1,-66.7716,-60.3847,-60.3847,-232.167,-232.695,-250.101,-376.103,4588.48,3833.27,3754.49,-14.979,-9.74557,-92.1432,-92.7683,-65.6174,-22.9095,92.1624,-42.3383,8.65397,2.37835,2.26078,-9.84542,-26.7295,90.6651,-42.4324,-385.848,8.456,2.74922,2.6092,0,LLLTYLLLALLVSLLAILILI,TYLLLALLVSLLAIL,0.457392745728611,0.0472430608970525,R,99999900.0,-26.52579999999999,-6.386900000000004,17.933999999999997,755.2099999999996,-0.03512374041657288,-0.008457117887739844,0.023747037247917806,-0.019834218296897563
LLLLALLVALLAALLSTLILI_2,110011001100110000,1,-74.2058,-72.6235,-74.2058,-225.129,-226.039,-233.434,-373.123,4459.85,3699.15,3813.25,-14.9647,-12.7852,-88.7532,-87.2465,-65.4832,-38.9201,84.4749,-31.9476,8.46178,3.74213,3.50926,4.01322,-39.3076,75.987,-35.0,-367.865,8.4047,2.65439,2.2942,2,LLLLALLVALLAALLSTLILI,LALLVALLAALLSTL,0.4532170466300171,0.0209401029479511,R,99999900.0,-23.27000000000001,0.0,8.305000000000007,760.7000000000003,-0.0305902458262127,0.0,0.010917575916918632,-0.019672275535690804
LLLYSLLLALLATLLVALILI_2,110011001100110000,1,-69.9274,-68.7466,-58.8092,-221.92,-214.81,-246.922,-359.125,4655.32,3878.81,3775.61,-14.9608,457.962,-82.2381,382.394,-53.3936,-53.6842,77.3192,-45.0724,7.89934,4.99072,4.65051,340.172,-59.0896,67.569,-38.1162,98.8371,8.0324,4.48526,3.9988,2,LLLYSLLLALLATLLVALILI,YSLLLALLATLLVAL,0.3214884614501826,0.0106302131423157,R,99999900.0,-28.844500000000004,-11.118200000000009,25.00200000000001,776.5099999999998,-0.037146334239095455,-0.014318167183938406,0.0321979111666302,-0.01926671903774582
LLLTALLIGLLFGLLVLLILI_2,110011001100110000,1,-44.9826,-44.9826,-44.9826,-224.591,-225.253,-241.892,-345.433,4621.0,3755.83,3704.82,-14.9522,-13.6361,-90.8116,-88.8334,-58.5577,-47.6494,70.7991,-37.6499,7.52485,3.20529,2.76728,-12.7759,-44.147,67.923,-36.7071,-358.652,7.5,2.29165,1.81049,2,LLLTALLIGLLFGLLVLLILI,TALLIGLLFGLLVLL,0.4209994370860723,0.080313547745564,G,99999900.0,-32.2539,0.0,17.300999999999988,865.1700000000001,-0.03728041887721488,0.0,0.01999722597870937,-0.0172823838089624
LLLLAILLALLFVLLSTLILI_0,110011001100110000,1,-74.234,-74.234,-74.234,-240.386,-231.589,-241.661,-373.015,4522.74,3887.48,3927.28,-14.937,-3.84094,-73.3325,-71.0332,-57.1207,-42.4976,72.7369,25.8572,9.36711,2.69413,2.28519,-4.66325,-43.0223,62.7103,28.0,-376.856,9.5,1.41924,0.859895,0,LLLLAILLALLFVLLSTLILI,LAILLALLFVLLSTL,0.2970586073084119,0.0376307514326704,L,99999900.0,-16.211799999999997,0.0,1.2750000000000057,635.2599999999998,-0.025519944589616855,0.0,0.002007052230582763,-0.023513207190756547
LLLVSLLLTLLAALLALLILI_2,110011001100110000,1,-64.189,-71.6616,-58.7633,-226.996,-214.243,-237.388,-371.657,4527.29,3895.07,3727.74,-14.9258,53509.8,-95.397,53424.0,-75.5048,-40.7975,87.6691,-42.5329,9.64005,4.45495,4.26999,53036.7,-45.4715,65.5685,-35.0,53138.1,8.1631,2.17247,1.656,2,LLLVSLLLTLLAALLALLILI,VSLLLTLLAALLALL,0.4517906272169789,0.0340529361266702,R,99999900.0,-19.892200000000003,-5.425699999999992,10.391999999999996,632.2199999999998,-0.03146404732529817,-0.00858198095599632,0.016437316124134002,-0.023608553984372536
LLLYALLAVLITLLFSLLILI_1,110011001100110000,1,-74.3072,-74.3072,-74.3072,-231.835,-221.456,-250.085,-357.628,4643.26,3901.7,3861.37,-14.925,0.0991417,-66.4111,-61.7659,-33.2361,-102.091,52.2566,29.3223,9.13033,8.86825,8.1521,-1.18194,-109.692,28.2633,28.0,-359.405,9.5,6.76935,5.6933,1,LLLYALLAVLITLLFSLLILI,YALLAVLITLLFSLL,0.391757116564665,0.0643328674712905,L,99999900.0,-33.175000000000004,0.0,18.25,741.5600000000004,-0.04473677113112895,0.0,0.02461028102918171,-0.020126490101947236
LLLYALLFALVILLWSLLILI_1,110011001100110000,1,-60.4312,-60.4312,-60.4312,-234.866,-231.789,-255.628,-351.944,4783.96,3885.58,3808.58,-14.9138,-2.09544,-71.5602,-61.8187,-35.8848,-108.879,31.9443,29.9804,9.20195,7.1443,6.12346,0.960118,-115.338,12.8154,28.0,-351.397,9.178,5.53078,4.22301,1,LLLYALLFALVILLWSLLILI,YALLFALVILLWSLL,0.4270575703498775,0.0426164484197699,L,99999900.0,-35.675399999999996,0.0,20.761999999999972,898.3800000000001,-0.03971081279636678,0.0,0.02311048776686922,-0.01660077027538458
LLLAILLSVLLALLLTFLILI_0,110011001100110000,1,-74.3328,-74.2881,-74.179,-231.42,-226.376,-242.25,-374.144,4511.56,3879.82,3777.56,-14.9045,-9.30944,-83.2951,-82.7885,-57.7143,-70.8584,65.6118,-36.5505,8.87777,5.98635,5.47053,-8.94663,-73.6754,55.7586,-37.7359,-383.453,8.8202,5.07872,4.4151,0,LLLAILLSVLLALLLTFLILI,AILLSVLLALLLTFL,0.2978993863279826,0.017705719233413,R,99999900.0,-25.580800000000004,-0.15380000000000393,10.830000000000013,631.7400000000002,-0.04049260771836514,-0.00024345458574730723,0.017143128502231944,-0.023592775508911885
LLLYTLLVLLLIFLLSILILI_1,110011001100110000,1,-76.8998,-59.6127,-60.3441,-244.902,-239.987,-257.971,-371.761,4709.62,4385.69,3827.98,-14.904,1275.22,-64.8636,1203.06,-53.4463,-76.6536,54.959,-42.8895,10.6807,5.4175,4.74189,1091.6,-70.8563,45.7237,-44.789,875.649,8.8389,3.30114,2.487,1,LLLYTLLVLLLIFLLSILILI,YTLLVLLLIFLLSIL,0.1319180316726985,0.0189179795047544,R,99999900.0,-11.417300000000004,-16.5557,13.069000000000017,323.9300000000003,-0.035246195165622184,-0.05110888154848266,0.04034513629487854,-0.04600994041922633
LLLTYLLTILLAVLLSALILI_2,110011001100110000,1,-90.4695,-87.8057,-74.194,-232.065,-229.76,-250.477,-376.642,4575.69,3771.84,3797.88,-14.8966,-9.29914,-69.0037,-68.375,-51.9704,-70.0129,56.1733,-39.6243,8.47673,4.58534,3.92794,-7.54926,-64.7965,51.5402,-39.82,-388.268,8.0152,3.1774,2.4505,2,LLLTYLLTILLAVLLSALILI,TYLLTILLAVLLSAL,0.3785430657053769,0.0295760707031537,R,99999900.0,-17.033299999999997,-16.275499999999994,18.412000000000006,803.8499999999995,-0.021189649810288,-0.02024693661752815,0.022904770790570402,-0.018531566834608458
LLLYALLTVLLALLLSALILI_1,110011001100110000,1,-74.2947,-73.8887,-74.2653,-234.863,-233.112,-245.038,-370.512,4624.4,3890.0,3846.38,-14.8684,-11.9796,-76.223,-75.4902,-51.2083,-74.4028,62.8469,-41.0855,8.65431,6.14475,5.58746,-9.54755,-71.6539,57.0728,-39.68,-380.039,8.4856,4.95291,4.309,1,LLLYALLTVLLALLLSALILI,YALLTVLLALLLSAL,0.4751198786594293,0.0798875687123578,R,99999900.0,-25.014699999999998,-0.02940000000000964,10.175000000000011,734.3999999999996,-0.03406141067538128,-4.003267973857524e-05,0.0138548474945534,-0.020245642701525065
LLLYWLLTILLILLFSLLILI_1,110011001100110000,1,-74.1258,-74.8145,-74.1136,-242.907,-239.957,-264.096,-379.285,4778.83,3983.23,3813.98,-14.8523,80.1488,-77.1044,15.6354,-41.0755,-117.693,8.15783,25.1851,9.90666,5.25519,3.87756,44.0757,-107.547,8.11096,25.8539,-344.172,9.5,3.72703,2.34869,1,LLLYWLLTILLILLFSLLILI,YWLLTILLILLFSLL,0.3071305190744653,0.0654732319805379,L,99999900.0,-36.0289,-0.012199999999992883,21.188999999999993,795.5999999999999,-0.045285193564605336,-1.5334338863741686e-05,0.02663273001508295,-0.018668049270990448
LLLLALLAALLVSLLTWLILI_0,110011001100110000,1,-74.1879,-74.1879,-74.1879,-223.524,-220.998,-239.432,-371.757,4599.4,3831.83,3860.06,-14.8517,-12.1197,-88.8969,-88.6913,-58.1378,-42.401,92.8204,-43.5281,8.26574,5.3909,5.2832,-10.3877,-43.4298,87.7182,-42.5164,-383.877,8.2716,4.85643,4.6722,0,LLLLALLAALLVSLLTWLILI,LALLAALLVSLLTWL,0.3310718315400405,0.0140285202913501,R,99999900.0,-30.759100000000004,0.0,15.907999999999987,767.5699999999997,-0.040073348359107336,0.0,0.020725145589327348,-0.019348984457443628
LLLFYLLVILLISLLTLLILI_0,110011001100110000,1,-71.7422,-74.237,-74.237,-247.229,-239.674,-252.687,-373.967,4736.75,4054.06,3853.76,-14.8479,635.539,-69.8436,575.483,-47.0435,-25.7828,107.578,-36.6307,10.3278,4.89046,5.00413,629.351,-21.6189,95.7091,-37.3116,261.571,8.5753,2.66356,2.5992,0,LLLFYLLVILLISLLTLLILI,FYLLVILLISLLTLL,0.2843835610511924,0.054369448413053,R,99999900.0,-22.800099999999993,2.494799999999998,5.457999999999998,682.69,-0.03339744247022806,0.003654367282368275,0.007994843926232988,-0.021749110137837084
LLLLYLLLFILIVLLSTLILI_0,110011001100110000,1,-74.1493,-74.1493,-74.1493,-240.049,-231.106,-252.287,-375.121,4615.2,3609.86,3559.0,-14.8459,527.621,-75.7684,457.755,-48.6849,-50.9397,84.6328,21.7123,10.093,5.56639,5.33588,522.364,-56.6384,70.3623,26.5287,152.5,9.5,4.49467,4.0501,0,LLLLYLLLFILIVLLSTLILI,LYLLLFILIVLLSTL,0.3271573562801966,0.0706610052197634,L,99999900.0,-27.0835,0.0,12.238,1005.3399999999997,-0.026939642310064266,0.0,0.012172996200290453,-0.014767043985119467
LLLVALLAFLTALLLSLLILI_0,110011001100110000,1,-74.1681,-74.1681,-74.1681,-219.456,-211.624,-238.531,-365.002,4542.41,3734.97,3610.86,-14.8394,29.0914,-86.2173,-50.1182,-52.3029,-105.637,27.0405,25.7619,9.24832,5.99601,4.90162,28.8405,-107.706,13.898,20.6349,-335.91,9.0791,4.53213,3.2406,0,LLLVALLAFLTALLLSLLILI,VALLAFLTALLLSLL,0.4472064650049148,0.0249846398165452,L,99999900.0,-33.91439999999999,0.0,19.075000000000017,807.44,-0.04200237788566332,0.0,0.023624046368770454,-0.018378331516892894
LLLVYLLTILLISLLFLLILI_0,110011001100110000,1,-74.8424,-82.1344,-74.1773,-244.798,-233.583,-252.121,-373.375,4712.75,3971.52,3576.03,-14.8128,1184.23,-68.5477,1126.57,-47.0766,-16.1935,102.466,-48.5421,9.9593,2.76196,2.79895,1138.85,-13.9794,91.3246,-36.6237,810.85,9.0,0.925731,0.7956,0,LLLVYLLTILLISLLFLLILI,VYLLTILLISLLFLL,0.4259092732319144,0.0591300862507686,R,99999900.0,-21.471100000000007,-0.6650999999999954,7.3230000000000075,741.23,-0.028966852393993776,-0.0008972923384104736,0.009879524574018871,-0.01998408051481996
LLLVALLIALLLSLLATLILI_0,110011001100110000,1,-74.2011,-74.2011,-74.2011,-226.243,-220.134,-237.545,-382.186,4497.69,3689.68,3695.7,-14.8107,-7.55533,-96.5521,-95.4062,-70.44,-31.3119,105.587,-35.9762,8.3427,5.45101,5.53481,-7.54441,-34.1773,93.3047,-37.4474,-389.741,8.3869,4.22273,4.1223,0,LLLVALLIALLLSLLATLILI,VALLIALLLSLLATL,0.4402360360642097,0.0114686173063835,R,99999900.0,-26.112099999999998,0.0,11.301999999999992,808.0099999999998,-0.03231655548817466,0.0,0.013987450650363232,-0.018329847402878685
LLLALLLFVLTILLYLLLILI_1,110011001100110000,1,-58.9566,-58.8002,-58.8916,-234.645,-237.272,-251.238,-367.562,4674.97,3709.64,3651.0,-14.7969,100.622,-88.7579,29.1318,-57.4324,-114.804,6.12986,23.4677,10.2138,4.54809,3.14004,113.41,-107.84,2.594,18.2142,-248.784,9.3464,3.02619,1.5651,1,LLLALLLFVLTILLYLLLILI,ALLLFVLTILLYLLL,0.298571516949177,0.1231434501162738,L,99999900.0,-31.325500000000005,-0.06500000000000483,16.59299999999999,965.3300000000004,-0.032450560948069564,-6.733448665223789e-05,0.017188940569546146,-0.015328333316068076
LLLLALLTFLLAVLLILLILI_0,110011001100110000,1,-58.7409,-58.7601,-58.7409,-243.203,-219.06,-243.611,-365.956,4625.06,3963.08,3817.57,-14.7955,188.194,-78.8071,100.059,-63.6039,-67.4822,90.3399,25.3317,10.1944,8.81821,8.6733,171.247,-63.0338,71.0042,23.361,-177.761,9.4488,5.54064,5.1057,0,LLLLALLTFLLAVLLILLILI,LALLTFLLAVLLILL,0.3768890766505442,0.0712179927745432,L,99999900.0,-15.203200000000002,0.0,0.40799999999998704,661.9800000000005,-0.02296625275688086,0.0,0.0006163328197226302,-0.022350373123055062
LLLYSLLTALLVALLFLLILI_0,110011001100110000,1,-72.4368,-70.6603,-51.6189,-231.88,-231.418,-262.063,-357.188,4749.96,3928.44,3864.87,-14.7758,-10.7747,-67.647,-65.8841,-43.5056,-36.5128,93.2306,-43.1808,8.28564,4.56305,4.46151,-9.36443,-38.8884,87.4303,-44.355,-367.962,8.3134,4.13635,3.9478,0,LLLYSLLTALLVALLFLLILI,YSLLTALLVALLFLL,0.2890331354385076,0.070592485170786,R,99999900.0,-24.141400000000004,-20.81790000000001,30.182999999999993,821.52,-0.02938625961632097,-0.02534070990359335,0.03674043236926672,-0.01798592852273834
LLLTALLLALLAVLLIFLILI_2,110011001100110000,1,-45.0401,-45.0401,-45.0401,-230.773,-228.971,-244.364,-354.124,4573.27,3831.04,3805.98,-14.739,-2.95045,-93.0493,-83.0628,-64.7193,-54.0153,86.983,-43.7832,8.07584,6.34499,6.14974,5.64209,-55.1691,76.5276,-42.1376,-348.576,8.1639,5.10659,4.7545,2,LLLTALLLALLAVLLIFLILI,TALLLALLAVLLIFL,0.3076021766483582,0.0291953310332063,R,99999900.0,-28.33,0.0,13.591000000000008,742.2300000000005,-0.038168761704592886,0.0,0.01831103566279994,-0.019857726041792964
LLLASLLLALLAVLLTILILI_0,110011001100110000,1,-62.8728,-63.9566,-58.8612,-219.097,-216.054,-240.838,-371.451,4507.76,3740.55,3645.13,-14.7316,1284.45,-104.213,1193.01,-71.7522,-63.1135,62.3511,-44.0278,8.00394,4.38442,3.81969,705.511,-59.4289,73.8437,-35.0,913.0,8.0205,5.38324,4.9909,0,LLLASLLLALLAVLLTILILI,ASLLLALLAVLLTIL,0.553334700665001,0.0989633198929362,R,99999900.0,-32.46079999999999,-4.011600000000001,21.740999999999985,767.21,-0.042310188866151364,-0.005228816099894424,0.028337743251521726,-0.019201522399343075
LLLVYLLLALLATLLSLLILI_2,110011001100110000,1,-81.1258,-79.3617,-74.1354,-234.136,-233.064,-242.851,-379.398,4623.87,3908.17,3830.96,-14.7312,17.9488,-78.8675,-49.0237,-62.4114,-23.3798,90.4616,-38.2754,9.57903,2.21929,2.07621,20.785,-18.4173,84.5167,-38.5607,-358.441,9.0,0.672349,0.440099,2,LLLVYLLLALLATLLSLLILI,VYLLLALLATLLSLL,0.4170393331976396,0.0625632268090167,R,99999900.0,-16.456100000000006,-6.990399999999994,8.715000000000003,715.6999999999998,-0.022993013832611445,-0.009767220902612821,0.012176889758278617,-0.02058292580690234
LLLSYLLAVLLGLLLGTLILI_2,110011001100110000,1,-65.3137,-74.4551,-58.7719,-222.315,-223.555,-248.99,-361.07,4549.84,3500.97,3597.04,-14.7277,-10.3278,-88.1687,-73.3874,-53.3075,-73.7302,34.2602,-34.3313,7.55672,2.18466,1.19857,-8.69269,-71.6801,32.6466,-35.8841,-371.271,7.5,1.6593,0.648998,2,LLLSYLLAVLLGLLLGTLILI,SYLLAVLLGLLLGTL,1.0427606340592084,0.1394055935493701,G,99999900.0,-34.861200000000004,-6.541799999999995,26.67500000000001,1048.8700000000003,-0.03323691210540867,-0.0062369979120386635,0.02543213172271111,-0.014041492272636262
LLLYTLLAVLLLLLASLLILI_0,110011001100110000,1,-64.9422,-64.4378,-60.3379,-228.201,-221.836,-248.972,-373.784,4678.75,3796.97,3726.12,-14.7275,24.5301,-95.3685,-62.9806,-64.4746,-108.419,31.1517,21.9461,9.57268,6.96834,5.93561,23.9544,-108.95,21.1033,18.0,-349.254,9.3275,5.69144,4.50799,0,LLLYTLLAVLLLLLASLLILI,YTLLAVLLLLLASLL,0.1855085294891164,0.0582616356494647,L,99999900.0,-30.893900000000002,-4.604300000000002,20.771000000000015,881.7800000000002,-0.03503583660323436,-0.00522159722379732,0.023555762208260576,-0.0167020118396879
LLLATLLAVLLLLLASLLILI_0,110011001100110000,1,-65.119,-64.4378,-60.3379,-221.515,-215.236,-238.515,-375.522,4531.97,3655.72,3619.06,-14.7174,24.2583,-103.605,-71.5898,-76.669,-108.297,32.2265,22.0874,9.67196,7.09517,6.07856,23.9347,-108.95,21.1033,18.0,-351.264,9.3275,5.69144,4.50799,0,LLLATLLAVLLLLLASLLILI,ATLLAVLLLLLASLL,0.2813999834867922,0.0869621475793082,L,99999900.0,-26.936000000000007,-4.781100000000002,17.0,876.2500000000005,-0.030740085592011406,-0.005456319543509272,0.01940085592011411,-0.016795891583452204
LLLYSLLLILLFVLLTILILI_2,110011001100110000,1,-70.8635,-55.1936,-58.884,-240.871,-238.017,-258.084,-366.741,4721.56,3964.59,3809.23,-14.7157,605.828,-69.7222,532.298,-49.7723,-57.0458,87.0335,-38.851,10.1785,6.80639,6.61189,570.271,-48.2344,89.7923,-44.1079,239.088,8.6399,5.85712,5.704,2,LLLYSLLLILLFVLLTILILI,YSLLLILLFVLLTIL,0.1909632798476206,0.0538257396982798,R,99999900.0,-19.9499,-11.979500000000002,17.212999999999994,756.9700000000003,-0.026354941411152348,-0.015825594145078403,0.022739342378165564,-0.01944026843864353
LLLLYYLIVLLITLFLLLILI_1,110011001100110000,1,-74.3559,-66.1411,-58.8727,-235.152,-232.424,-256.573,-354.076,4732.84,3911.97,3811.95,-14.7099,1400.3,-59.2783,1344.79,-38.6304,-63.1112,46.0707,13.7664,10.6797,2.18624,1.3773,1279.48,-69.4304,35.6276,19.061,1031.08,9.4613,1.72429,0.758704,1,LLLLYYLIVLLITLFLLLILI,LYYLIVLLITLFLLL,0.289250003186691,0.0744462028223904,L,99999900.0,-20.6479,-15.483200000000004,21.420999999999992,820.8700000000003,-0.025153678414365235,-0.01886193916210849,0.026095484059595286,-0.017919889872939677
LLLAALLLLLVSLLFTLLILI_1,110011001100110000,1,-74.2266,-74.2266,-74.2939,-235.803,-221.66,-242.364,-299.199,4629.85,3671.95,3680.92,-14.7098,12.9138,-3.87963,9.6005,17.4588,-102.645,37.4595,17.5213,9.32462,6.95383,6.01572,0.482027,-106.353,17.491,18.1972,-298.879,9.5,4.81424,3.57661,1,LLLAALLLLLVSLLFTLLILI,AALLLLLVSLLFTLL,0.5111974193654031,0.0754076207557757,L,99999900.0,-21.33843,0.06729999999998881,6.561000000000007,957.9000000000005,-0.022276260569996854,7.025785572605572e-05,0.0068493579705606045,-0.015356300240108561
LLLYFLLFTLLIVLLSLLILI_0,110011001100110000,1,-74.2363,-72.3749,-74.2363,-249.296,-239.971,-258.8,-361.089,4821.96,4025.08,3930.87,-14.7078,106.884,-52.2642,58.1409,-28.0533,-68.7608,69.2884,-42.7184,9.72024,6.16806,5.70739,106.692,-62.5584,66.025,-45.0,-254.205,8.4703,4.79713,4.2875,0,LLLYFLLFTLLIVLLSLLILI,YFLLFTLLIVLLSLL,0.168554621633298,0.1120554324880238,R,99999900.0,-24.210900000000002,0.0,9.504000000000019,796.8800000000001,-0.030382115249472944,0.0,0.01192651340226887,-0.01845673125188234
LLLLAYLTLLLAFLVSLLILI_1,110011001100110000,1,-70.5905,-74.2507,-74.2507,-242.062,-237.978,-245.036,-359.881,4614.46,4003.15,3797.0,-14.6989,37.4851,-61.9281,-10.1677,-40.5949,-97.5621,36.4207,24.1667,9.31488,6.05112,5.09743,45.0322,-96.4448,16.5492,18.2215,-313.015,9.3145,3.20086,1.9491,1,LLLLAYLTLLLAFLVSLLILI,LAYLTLLLAFLVSLL,0.4984669894115601,0.0609073463452455,L,99999900.0,-21.333199999999998,3.660199999999989,2.9739999999999895,611.31,-0.034897515172334824,0.005987469532642995,0.0048649621305066,-0.02404491992606043
LLLAYLLTVLLAFLLILLILI_1,110011001100110000,1,-58.7978,-58.8692,-58.8404,-237.68,-232.959,-249.858,-355.279,4671.04,3871.22,3716.86,-14.6955,179.319,-73.4965,115.868,-46.5813,-71.7128,66.8088,-44.1212,9.32201,6.27611,5.77824,105.23,-70.3387,54.5426,-41.9287,-182.887,8.5396,4.41406,3.7322,1,LLLAYLLTVLLAFLLILLILI,AYLLTVLLAFLLILL,0.5438287748721612,0.0219024568489703,R,99999900.0,-26.9152,0.04260000000000019,12.177999999999997,799.8200000000002,-0.033651571603610805,5.326198394638817e-05,0.015225925833312488,-0.01837350903953389
LLLYALLLTLLSILLVFLILI_1,110011001100110000,1,-74.1975,-74.1975,-74.1975,-238.085,-236.375,-254.044,-368.364,4714.92,3988.42,3884.53,-14.6907,-8.36783,-70.7723,-66.1593,-40.1221,-57.8517,78.5927,-45.1189,8.91985,5.78776,5.46665,-6.58452,-58.6812,72.8948,-40.4498,-374.358,8.9476,5.14298,4.7364,1,LLLYALLLTLLSILLVFLILI,YALLLTLLSILLVFL,0.2132043271515461,0.0412274117831511,R,99999900.0,-30.650199999999998,0.0,15.959000000000003,726.5,-0.04218885065381968,0.0,0.021966964900206474,-0.020221197522367514
LLLAYLLIVLLAFLLSLLILI_2,110011001100110000,1,-60.4486,-60.5187,-60.3533,-230.124,-230.115,-247.802,-357.466,4657.99,3852.44,3774.56,-14.6855,-10.3951,-81.5782,-77.2269,-49.3099,-67.5618,54.1639,-49.1203,8.72729,3.9464,3.25886,-9.04954,-70.3387,54.5426,-41.9287,-361.816,8.5396,4.41406,3.7322,2,LLLAYLLIVLLAFLLSLLILI,AYLLIVLLAFLLSLL,0.559840405579803,0.0946603924124592,R,99999900.0,-32.268299999999996,-0.09530000000000172,17.677999999999997,805.5499999999997,-0.040057476258456966,-0.00011830426416734125,0.021945254794860657,-0.018230401588976482
LLLYALLLALLFSLLVTLILI_1,110011001100110000,1,-74.1677,-74.1677,-74.1677,-234.112,-233.924,-249.826,-363.899,4653.84,3821.36,3768.51,-14.6826,-14.3821,-70.3014,-70.1893,-39.905,-43.4238,87.3043,-44.5502,8.27141,4.79964,4.60921,-11.9478,-38.8884,87.4303,-44.355,-375.969,8.3134,4.13635,3.9478,1,LLLYALLLALLFSLLVTLILI,YALLLALLFSLLVTL,0.3012025832487029,0.0896846676961881,R,99999900.0,-30.3964,0.0,15.713999999999999,832.48,-0.03651306938304824,0.0,0.018876129156256003,-0.017637180472804152
LLLATLLFALLVLLLILLILI_1,110011001100110000,1,-51.7392,-49.7658,-45.12,-232.153,-228.394,-248.278,-363.876,4684.92,3905.54,3706.41,-14.678,50.36,-94.6618,-35.3562,-70.4776,-50.268,85.0877,-46.6367,8.59642,5.52703,5.30334,39.8755,-48.4667,71.622,-38.1185,-325.852,8.7503,3.43897,3.0133,1,LLLATLLFALLVLLLILLILI,ATLLFALLVLLLILL,0.4478729330261997,0.0546540304062761,R,99999900.0,-24.184200000000004,-6.619199999999999,16.125,779.3800000000001,-0.031030049526546744,-0.008492904616490028,0.02068952244091457,-0.018832918473658547
LLLAALLTILVALLLSLLILI_0,110011001100110000,1,-70.5294,-70.5294,-74.2317,-223.231,-213.655,-238.513,-383.049,4474.04,3663.58,3619.17,-14.67,66.9419,-103.958,-31.9228,-70.304,-105.084,18.0104,28.8399,9.46263,4.69404,3.4642,64.2972,-105.587,2.45296,19.0015,-316.107,9.4143,2.6692,1.20599,0,LLLAALLTILVALLLSLLILI,AALLTILVALLLSLL,0.5372108817115119,0.0485812103329067,L,99999900.0,-33.653999999999996,3.702300000000008,15.28200000000001,810.46,-0.04152456629568393,0.004568146484712396,0.018855958344643795,-0.018100831626483724
LLLLILLSVLLAYLLIFLILI_1,110011001100110000,1,-60.3493,-60.3493,-60.3406,-235.661,-229.686,-249.126,-362.4,4673.45,3876.99,3705.58,-14.6613,54.7852,-81.0515,-17.5799,-52.9335,-74.805,57.8306,-45.5624,9.41351,5.52789,4.89535,53.3589,-71.7611,50.3856,-43.3797,-310.384,9.0,4.06622,3.322,1,LLLLILLSVLLAYLLIFLILI,LILLSVLLAYLLIFL,0.3875569065462982,0.0492356605590659,R,99999900.0,-28.118000000000002,-0.008699999999997488,13.465000000000003,796.46,-0.03530371895638199,-1.0923335760738125e-05,0.016906059312457627,-0.01840808075735128
LLLAVLLAGLLFGLLSTLILI_0,110011001100110000,1,-76.436,-76.638,-74.0695,-216.732,-212.454,-232.542,-348.339,4453.08,3744.82,3618.76,-14.661,-9.19796,-69.8321,-68.4454,-41.7278,-32.1097,80.8804,-41.1963,7.45017,2.2353,1.94851,-9.35726,-35.7131,69.4343,-39.9439,-357.537,7.5,1.23059,0.772104,0,LLLAVLLAGLLFGLLSTLILI,AVLLAGLLFGLLSTL,0.4865624046188565,0.0609399453005634,G,99999900.0,-28.104299999999995,-2.366500000000002,15.810000000000002,708.2599999999998,-0.03968076694999012,-0.003341287097958381,0.022322311015728697,-0.02070002541439585
LLLAALLFLLLGVLLGSLILI_1,110011001100110000,1,-60.2995,-62.912,-60.2995,-220.209,-219.204,-233.87,-345.241,4516.6,3609.23,3481.9,-14.6521,98039.4,-79.3848,97976.3,-51.0717,-70.3693,46.0433,-37.9645,8.05229,3.27125,2.4619,96521.2,-60.8008,50.4599,-37.6027,97673.1,7.1589,2.4322,1.6891,1,LLLAALLFLLLGVLLGSLILI,AALLFLLLGVLLGSL,0.4011383556462693,0.1039890206751541,G,99999900.0,-28.3131,0.0,13.661000000000001,907.3700000000003,-0.03120347818420268,0.0,0.01505560025127566,-0.016147877932927025
LLLYALLALLTSLLFVLLILI_1,110011001100110000,1,-74.2583,-74.2583,-74.2288,-227.673,-224.224,-250.071,-362.553,4669.98,3834.42,3763.9,-14.6492,-8.81412,-75.271,-72.8857,-38.2532,-101.885,41.6886,23.8323,8.92776,7.41075,6.53608,-7.96448,-102.81,30.6593,25.2844,-370.753,8.8129,6.06051,5.0204,1,LLLYALLALLTSLLFVLLILI,YALLALLTSLLFVLL,0.2301984198599042,0.0288238546641599,L,99999900.0,-37.0178,-0.02949999999999875,22.397999999999996,835.5599999999995,-0.04430298243094454,-3.53056632677471e-05,0.026805974436306203,-0.01753219397769162
LLLYLLLALLLGFLLGTLILI_2,110011001100110000,1,-58.812,-66.3807,-58.812,-238.017,-228.916,-246.107,-346.323,4664.77,3903.38,3616.78,-14.6434,1348140.0,-64.1372,1348080.0,-41.404,-38.1763,84.103,-40.884,9.05651,3.58034,3.34188,797665.0,-43.753,64.4796,-35.9038,1347790.0,6.884,1.7677,1.23489,2,LLLYLLLALLLGFLLGTLILI,YLLLALLLGFLLGTL,0.6838244022407682,0.0617221126816891,G,99999900.0,-22.733200000000004,0.0,8.090000000000003,761.3900000000003,-0.02985749747172933,0.0,0.010625303720826384,-0.01923245642837441
LLLSYLLVFLLAILLTLLILI_2,110011001100110000,1,-64.8678,-64.9287,-58.8692,-237.49,-239.234,-259.124,-367.952,4667.77,3789.21,3765.22,-14.6292,-12.8201,-80.2236,-76.6096,-49.9588,-80.1814,55.6018,-43.2072,8.8648,6.03345,5.36748,-14.1046,-79.5719,55.1888,-42.772,-382.094,8.8555,5.88627,5.2141,2,LLLSYLLVFLLAILLTLLILI,SYLLVFLLAILLTLL,0.3977965359048234,0.0821123815454022,R,99999900.0,-30.264800000000008,-5.998600000000003,21.634000000000015,878.5600000000004,-0.03444818794390821,-0.006827763613185212,0.024624385357858318,-0.016651338553997443
LLLTILLAGLLFLLLSVLILI_0,110011001100110000,1,-60.3212,-61.0056,-60.3184,-233.733,-219.818,-242.649,-363.454,4597.91,3848.83,3584.01,-14.6235,17.4539,-84.0226,-65.1756,-60.4864,-66.2182,88.7335,-44.7333,8.33421,8.41175,8.24275,18.0034,-68.8165,69.6202,-43.3499,-346.0,7.0847,6.2212,5.7655,0,LLLTILLAGLLFLLLSVLILI,TILLAGLLFLLLSVL,0.2610981350134927,0.0290196374832506,G,99999900.0,-23.536199999999994,-0.00280000000000058,8.915999999999997,749.0799999999999,-0.0314201420409035,-3.737918513377183e-06,0.011902600523308588,-0.01952194692155711
LLLVLLLTGLLFALLAALILI_2,110011001100110000,1,-58.6912,-59.6112,-58.7499,-221.273,-212.118,-234.271,-343.866,4514.6,3785.66,3594.97,-14.6177,1591.18,-78.5192,1519.05,-50.8455,-37.6274,77.7174,-49.6683,7.77767,2.63595,2.30171,1060.98,-38.7525,65.3789,-42.5319,1247.32,7.4041,1.13902,0.619703,2,LLLVLLLTGLLFALLAALILI,VLLLTGLLFALLAAL,0.3276746937624494,0.0729242295915444,G,99999900.0,-27.673699999999997,0.058699999999994645,12.99799999999999,728.9400000000005,-0.03796430433231813,8.05278898125972e-05,0.01783137158065133,-0.020053365160369836
LLLTYLLVALLALLLSILILI_2,110011001100110000,1,-75.399,-76.9621,-60.3544,-230.703,-224.31,-251.169,-376.238,4602.86,3838.64,3788.62,-14.606,0.0620985,-84.7418,-74.9034,-64.7144,-65.7436,61.0464,-44.8346,8.44914,4.60279,4.01849,-2.07315,-68.3504,51.785,-38.1091,-383.166,8.6758,3.74353,3.0203,2,LLLTYLLVALLALLLSILILI,TYLLVALLALLLSIL,0.3606699083591141,0.0534492148749867,R,99999900.0,-20.0274,-15.044600000000003,20.466000000000008,764.2199999999998,-0.026206328020727022,-0.01968621601109629,0.026780246525869533,-0.019112297505953786
LLLLVLLTGLLFGLLAALILI_0,110011001100110000,1,-58.7605,-58.7605,-58.7605,-219.842,-212.653,-233.542,-340.644,4510.46,3860.05,3674.54,-14.597,-7.56701,-76.6389,-76.7974,-48.3412,-32.6706,85.4725,-44.0386,7.31762,2.93938,2.72147,-7.34477,-36.3206,72.3714,-40.8966,-348.211,7.2598,1.71823,1.3038,0,LLLLVLLTGLLFGLLAALILI,LVLLTGLLFGLLAAL,0.926716777625698,0.1490378557272493,G,99999900.0,-28.297700000000006,0.0,13.699999999999989,650.4099999999999,-0.04350747989729557,0.0,0.02106363678295228,-0.022442766870128077
LLLYVLLTILLAALLSLLILI_1,110011001100110000,1,-73.7687,-74.1467,-74.1133,-240.065,-237.016,-248.514,-378.054,4616.53,3954.41,3976.56,-14.59,-9.84318,-78.8105,-76.7342,-55.427,-68.1407,59.8962,-36.8438,8.51004,4.80709,4.20554,-4.62974,-63.1873,55.2127,-36.6493,-383.056,8.5138,3.43181,2.76,1,LLLYVLLTILLAALLSLLILI,YVLLTILLAALLSLL,0.3052650715017843,0.0110360114572674,R,99999900.0,-23.383500000000005,0.3445999999999998,8.449000000000012,662.1199999999999,-0.035316105841841375,0.0005204494653537121,0.012760526792726415,-0.022035280613786023
LLLAYLLVFLLALLLSTLILI_1,110011001100110000,1,-74.5796,-74.5871,-74.2023,-228.99,-228.655,-247.611,-364.813,4635.37,3736.98,3700.2,-14.5789,-13.8651,-75.8224,-75.4365,-42.9998,-72.4512,55.968,-38.0826,8.46752,4.92336,4.26288,-12.4944,-72.5019,54.6694,-37.0259,-377.911,8.4851,4.75566,4.0757,1,LLLAYLLVFLLALLLSTLILI,AYLLVFLLALLLSTL,0.4659062091108089,0.0446491139809581,R,99999900.0,-32.8226,-0.3773000000000053,18.62099999999998,898.3899999999999,-0.036534912454501946,-0.00041997350816461154,0.020727078440321,-0.016227807522345532
LLLAYLLTTLLALLLSFLILI_2,110011001100110000,1,-87.8614,-87.8614,-87.9042,-233.189,-230.739,-248.561,-373.82,4594.49,3896.53,3755.22,-14.5788,-11.7024,-67.3484,-66.9221,-37.3556,-66.3013,68.4235,-45.501,8.41909,5.68236,5.20871,-10.7612,-66.1502,63.0091,-42.2689,-385.266,8.387,4.92876,4.3739,2,LLLAYLLTTLLALLLSFLILI,AYLLTTLLALLLSFL,0.5969726658044593,0.0498512222270581,R,99999900.0,-29.992799999999995,0.04279999999999973,15.372000000000014,697.9599999999996,-0.04297209009112272,6.132156570577075e-05,0.022024184767035392,-0.020887729955871407
LLLLYLLTALLIALLFVLILI_2,110011001100110000,1,-64.9184,-62.6192,-58.7697,-236.717,-229.719,-245.288,-349.091,4678.9,3765.34,3691.94,-14.5531,28.1702,-62.0092,-28.5831,-45.0333,-17.9986,101.372,-47.2349,9.29817,2.88497,2.90555,27.7995,-12.2918,89.7742,-43.52,-313.701,8.1539,0.463287,0.3099,2,LLLLYLLTALLIALLFVLILI,LYLLTALLIALLFVL,0.2700120054278243,0.0591046252568315,R,99999900.0,-16.975900000000003,-6.148700000000005,8.570999999999998,913.5599999999995,-0.018582140198782796,-0.006730482945838268,0.009381978195192438,-0.01593009764000176
LLLATLLFALLVLLLSALILI_1,110011001100110000,1,-67.5074,-64.8088,-60.4259,-223.044,-220.551,-242.265,-358.81,4649.85,3823.93,3784.78,-14.5491,228.48,-82.8073,155.029,-56.1187,-51.5706,74.2626,-38.7218,8.59898,4.26104,3.87498,-10.765,-48.4667,71.622,-38.1185,-370.119,8.7503,3.43897,3.0133,1,LLLATLLFALLVLLLSALILI,ATLLFALLVLLLSAL,0.4265765265617329,0.0477139889040803,R,99999900.0,-26.6886,-7.0815000000000055,19.220999999999975,825.9200000000005,-0.032313783417280105,-0.008574074970941497,0.023272229755908518,-0.017615628632313043
LLLLTLLIALLFVLLASLILI_0,110011001100110000,1,-68.0823,-67.7028,-60.3755,-226.69,-219.443,-242.583,-359.952,4610.19,3840.58,3845.16,-14.534,-6.60899,-79.7131,-79.4144,-56.9933,-51.7906,95.8357,-45.507,8.78679,7.20641,7.14394,-6.4009,-56.5161,78.9319,-42.5847,-366.561,8.925,5.63322,5.3172,0,LLLLTLLIALLFVLLASLILI,LTLLIALLFVLLASL,0.3418255525987264,0.0197273200635368,R,99999900.0,-22.7198,-7.706800000000001,15.893,769.6099999999997,-0.029521186055274762,-0.010013903145749152,0.020650719195436658,-0.018884889749353578
LLLFALLTVLLSLLALLLILI_2,110011001100110000,1,-70.6216,-70.6457,-74.3339,-232.787,-227.456,-242.981,-373.879,4622.08,3849.11,3764.79,-14.5284,67.2649,-84.9994,-8.51219,-56.5647,-98.5262,45.0051,24.9851,9.33206,7.35462,6.5297,38.6076,-97.9457,30.4483,18.4225,-326.506,9.4224,5.30238,4.2591,2,LLLFALLTVLLSLLALLLILI,FALLTVLLSLLALLL,0.307300266166081,0.0604240390931666,L,99999900.0,-28.434699999999992,3.712299999999999,10.193999999999988,772.9699999999998,-0.03678629183538818,0.004802644345834896,0.013188092681475336,-0.018795554808077937
LLLVWLLTALLAALLSLLILI_1,110011001100110000,1,-74.275,-74.1936,-74.1631,-229.812,-224.446,-240.569,-360.542,4547.91,3714.0,3630.43,-14.5184,54.8687,-70.9734,-7.03393,-45.81,-15.095,94.4504,-44.1143,8.79443,1.51505,1.4318,48.1087,-18.646,87.7907,-39.994,-335.233,8.5175,1.14864,0.9655,1,LLLVWLLTALLAALLSLLILI,VWLLTALLAALLSLL,0.5280899925673561,0.010707880298455,R,99999900.0,-25.163399999999996,-0.11190000000000566,10.756999999999977,833.9099999999999,-0.03017519876245638,-0.00013418714249739861,0.012899473564293483,-0.01741003225767769
LLLTALLAVLLAILLFLLILI_1,110011001100110000,1,-45.0281,-45.0281,-45.0281,-233.431,-226.338,-247.684,-356.598,4584.77,3845.28,3878.43,-14.5155,-7.86094,-92.6546,-93.0934,-63.8864,-85.3798,64.6413,-36.1294,9.07766,8.03354,7.50316,-3.49962,-87.3658,48.4216,-44.846,-359.877,8.8676,6.14178,5.3681,1,LLLTALLAVLLAILLFLLILI,TALLAVLLAILLFLL,0.4518981237124904,0.0344937972378475,R,99999900.0,-28.7682,0.0,14.252999999999986,739.4900000000002,-0.03890275730571068,0.0,0.019274094308239436,-0.019629068682470344
LLLTYLLTILLAFLLILLILI_2,110011001100110000,1,-65.5331,-58.8837,-58.8837,-241.635,-241.755,-258.57,-367.275,4692.54,3854.78,3684.69,-14.5036,1771.98,-74.6102,1705.34,-49.8211,-74.251,58.8009,-45.2362,9.00576,5.57578,4.95779,419.392,-68.2683,51.1623,-39.0156,86.2263,8.2586,3.64716,2.9146,2,LLLTYLLTILLAFLLILLILI,TYLLTILLAFLLILL,0.3076392785644968,0.0149380861033963,R,99999900.0,-24.789100000000005,-6.649400000000007,16.935000000000002,837.7599999999998,-0.02958973930481285,-0.007937118029029805,0.020214619938884654,-0.017312356760886178
LLLFALLVALLTALLSLLILI_1,110011001100110000,1,-74.2943,-74.2943,-74.2943,-227.5,-225.024,-239.03,-363.977,4583.77,3906.01,3981.05,-14.4977,-6.96257,-76.6802,-71.6206,-50.6521,-24.9543,97.0989,-39.5919,8.41744,3.35149,3.30797,-7.18966,-22.0295,90.9785,-43.2966,-370.738,8.7631,2.08652,1.9512,1,LLLFALLVALLTALLSLLILI,FALLVALLTALLSLL,0.3925730577768935,0.0228266214801067,R,99999900.0,-26.028100000000002,0.0,11.530000000000001,677.7600000000002,-0.03840312204910292,0.0,0.017011921624173747,-0.02139061024551463
LLLVYLLLALLATLLSILILI_0,110011001100110000,1,-80.7598,-80.2529,-74.103,-229.992,-226.175,-242.933,-376.984,4581.32,3927.43,3925.89,-14.4695,-12.2357,-80.7019,-82.7919,-59.9477,-24.0036,86.4954,-44.6802,8.58227,1.77742,1.57485,-12.2455,-23.8784,81.123,-44.2433,-389.22,8.4762,1.03336,0.750204,0,LLLVYLLLALLATLLSILILI,VYLLLALLATLLSIL,0.4483026378155847,0.0755393238401953,R,99999900.0,-20.754199999999997,-6.656800000000004,12.941000000000003,653.8899999999999,-0.03173958922754592,-0.010180305555980372,0.01979079049993119,-0.02212833962898959
LLLLSALLFVLATLLLILILI_1,110011001100110000,1,-67.3296,-66.0808,-58.8946,-220.197,-220.873,-242.635,-358.084,4576.08,3700.74,3521.21,-14.4509,408.15,-85.0079,337.02,-56.5541,-56.6202,74.0279,17.8376,9.74467,4.98681,4.59723,396.071,-60.4364,62.9803,18.0,46.8523,8.8114,4.0678,3.5125,1,LLLLSALLFVLATLLLILILI,LSALLFVLATLLLIL,0.402444188671907,0.0863300834126283,L,99999900.0,-28.453800000000008,-8.435000000000002,22.437999999999988,875.3400000000001,-0.03250599766947701,-0.009636255626385176,0.025633468138094893,-0.016508899399090636
LLLTGLLFGLLAALLVLLILI_2,110011001100110000,1,-46.0616,-46.0282,-45.0108,-219.689,-220.415,-241.91,-339.984,4612.33,3705.28,3638.83,-14.4404,-11.1219,-88.6734,-84.6625,-53.0631,-70.1801,69.1131,-42.9505,7.05585,6.35729,5.89399,-13.6796,-68.8165,69.6202,-43.3499,-353.636,7.0847,6.2212,5.7655,2,LLLTGLLFGLLAALLVLLILI,TGLLFGLLAALLVLL,0.335974623538458,0.093378943868027,G,99999900.0,-35.6103,-1.0507999999999953,22.221000000000004,907.0499999999997,-0.03925946750454772,-0.0011584807893721355,0.024498098230527544,-0.015920180805909272
LLLTYLLFVLLAILLILLILI_2,110011001100110000,1,-45.085,-60.916,-45.085,-241.541,-237.598,-258.123,-358.926,4795.83,3835.37,3738.03,-14.4112,60.6166,-86.7114,0.204973,-55.7176,-64.935,68.3965,-46.7403,9.16846,5.47378,4.99973,24.9491,-66.1502,63.0091,-42.2689,-300.367,8.387,4.92876,4.3739,2,LLLTYLLFVLLAILLILLILI,TYLLFVLLAILLILL,0.3359975800633128,0.069402651684888,R,99999900.0,-30.9938,0.0,16.581999999999994,960.46,-0.03226974574682964,0.0,0.017264644024738138,-0.015004477021427232
LLLFSLLLTLLAALLSALILI_2,110011001100110000,1,-84.6762,-80.9962,-74.1759,-218.892,-217.328,-238.457,-360.958,4512.36,3853.34,3828.6,-14.3936,2020.94,-71.7828,1958.31,-48.3248,-36.78,77.9941,-44.7414,7.78067,2.5462,2.21611,1836.74,-43.6777,70.6483,-39.0967,1652.08,8.0,2.58918,2.1489,2,LLLFSLLLTLLAALLSALILI,FSLLLTLLAALLSAL,0.278296526952821,0.04007398771871,R,99999900.0,-23.45799999999999,-10.500299999999996,19.564999999999998,659.0199999999995,-0.03559527783678797,-0.01593320384813815,0.029688021607841966,-0.021840915298473505
LLLYTLLAILLFLLLSVLILI_1,110011001100110000,1,-74.2126,-63.4498,-60.4203,-238.421,-233.162,-253.85,-363.396,4703.66,4076.99,3863.68,-14.3782,132.801,-65.1404,66.0161,-49.1257,-61.7656,88.5401,-37.6282,9.13937,7.71776,7.54586,112.334,-56.104,80.164,-35.0,-240.929,8.259,5.73774,5.4402,1,LLLYTLLAILLFLLLSVLILI,YTLLAILLFLLLSVL,0.2577033026011002,0.00853583275435,R,99999900.0,-16.014699999999998,-13.792299999999997,15.429000000000002,626.6700000000001,-0.02555523640831697,-0.022008872293232475,0.024620613720139788,-0.022943814128648248
LLLAYLLILLLGFLLSTLILI_0,110011001100110000,1,-73.88,-77.3444,-74.1162,-227.978,-226.879,-247.231,-363.244,4630.04,3802.84,3588.94,-14.3677,6423.59,-75.7537,6364.57,-41.897,-76.5233,53.3627,-42.453,8.60343,5.18246,4.4829,4422.02,-83.7533,47.7994,-42.6647,6060.35,7.5,5.51591,4.7329,0,LLLAYLLILLLGFLLSTLILI,AYLLILLLGFLLSTL,0.6894441689724763,0.0859932476934287,G,99999900.0,-33.8567,0.23620000000001085,19.252999999999986,827.1999999999998,-0.04092927949709865,0.00028554158607351415,0.02327490328820115,-0.017369076402321087
LLLYVLLLTLLATLLSALILI_0,110011001100110000,1,-87.9312,-87.9312,-87.9312,-232.477,-232.255,-247.648,-381.412,4613.72,3976.24,4030.67,-14.367,-8.22748,-75.3707,-69.4535,-45.8327,-44.2211,68.795,-38.4576,8.41324,2.42049,1.95241,-8.47153,-41.502,70.4733,-45.0,-389.639,8.6612,2.2392,1.7963,0,LLLYVLLLTLLATLLSALILI,YVLLLTLLATLLSAL,0.2602132269458826,0.0326953185597462,R,99999900.0,-29.537999999999997,0.0,15.170999999999992,637.4800000000005,-0.04633557131204112,0.0,0.02379839367509566,-0.022537177636945457
LLLLILLSTLLATLLVFLILI_1,110011001100110000,1,-88.0645,-88.0645,-87.91,-231.53,-222.954,-244.494,-384.557,4557.08,3848.45,3758.34,-14.3631,-7.08878,-79.3259,-80.6274,-52.1532,-64.2025,71.6093,-43.7076,8.43725,5.79763,5.37177,-8.70701,-61.4036,67.8184,-43.8159,-393.32,8.3554,4.86602,4.3833,1,LLLLILLSTLLATLLVFLILI,LILLSTLLATLLVFL,0.2308337003218455,0.0213620123366426,R,99999900.0,-27.172700000000006,-0.15449999999999875,12.963999999999999,708.6300000000001,-0.03834539886823872,-0.00021802633250073906,0.01829445549863821,-0.02026882858473392
LLLTGLLYVLLGLLLAALILI_0,110011001100110000,1,-52.0013,-49.0581,-44.9993,-224.967,-223.77,-250.27,-349.964,4579.3,3787.53,3685.36,-14.3601,-9.06051,-87.3557,-86.1966,-54.6948,-70.2523,53.2456,-44.8743,7.2969,4.22599,3.52468,-9.70742,-69.3266,52.1387,-41.8459,-359.025,7.431,3.93772,3.2198,0,LLLTGLLYVLLGLLLAALILI,TGLLYVLLGLLLAAL,0.4726941110542021,0.0833676810754022,G,99999900.0,-32.6609,-7.0020000000000024,25.302999999999997,791.77,-0.04125048940980335,-0.008843477272440232,0.03195751291410384,-0.01813670636674792
LLLLALLWFLTSLLAVLLILI_2,110011001100110000,1,-74.0917,-74.0514,-74.0897,-227.722,-232.19,-245.803,-370.937,4578.79,3749.12,3779.35,-14.359,-12.0731,-83.4826,-76.7687,-51.0446,-102.714,36.2641,21.6899,8.95234,6.80279,5.84675,-5.12459,-97.2084,34.413,25.3425,-376.975,9.1745,5.72701,4.7432,2,LLLLALLWFLTSLLAVLLILI,LALLWFLTSLLAVLL,0.7015977487992416,0.0643835845465475,L,99999900.0,-32.438,-0.0020000000000095497,18.08099999999999,829.6700000000001,-0.03909747248906192,-2.4105969843546827e-06,0.021793002036954435,-0.017306881049091807
LLLALLLTVLTILLFLLLILI_2,110011001100110000,1,-72.6257,-68.8767,-72.6531,-233.705,-229.243,-247.587,-382.204,4593.35,3786.41,3586.33,-14.3542,18884.8,-90.2275,18800.7,-61.9632,-112.991,18.3069,20.1925,10.5176,5.9201,4.6947,104.856,-105.995,10.267,21.1002,-280.001,9.2082,3.7853,2.43931,2,LLLALLLTVLTILLFLLLILI,ALLLTVLTILLFLLL,0.3985515800172527,0.0653258255145118,L,99999900.0,-28.264300000000006,0.02740000000000009,13.881999999999977,806.9400000000005,-0.03502651993952461,3.395543658760264e-05,0.017203261704711585,-0.017788435323568035
LLLAALLLTLLVALLSILILI_2,110011001100110000,1,-74.2089,-75.6725,-74.2089,-228.048,-223.84,-237.431,-380.143,4509.63,3919.22,3811.99,-14.3491,-8.26808,-92.235,-88.8989,-68.5028,-32.2279,90.2957,-45.2944,8.22958,3.52411,3.37855,-10.5857,-27.7839,82.4481,-42.7838,-390.402,8.3556,1.79808,1.5348,2,LLLAALLLTLLVALLSILILI,AALLLTLLVALLSIL,0.3946952831683656,0.0388938257575461,R,99999900.0,-23.732200000000006,0.0,9.38300000000001,590.4100000000003,-0.04019613488931419,0.0,0.015892345996849654,-0.024303619518639578
LLLYLLLIVLLAALLSTLILI_1,110011001100110000,1,-74.1042,-72.5147,-74.1042,-239.483,-235.251,-248.018,-377.236,4631.1,4091.74,4052.76,-14.3484,-9.81468,-77.9966,-79.2847,-55.1137,-66.4658,55.4721,-47.9871,8.44507,3.95861,3.29069,-7.26911,-60.4999,54.1041,-45.0,-385.473,8.7425,2.87904,2.1906,1,LLLYLLLIVLLAALLSTLILI,YLLLIVLLAALLSTL,0.2439083098493157,0.0647865411253339,R,99999900.0,-22.8829,0.0,8.534999999999997,539.3600000000006,-0.04242602343518239,0.0,0.015824310293681376,-0.026602640166122783
LLLYILLVALLITLLTLLILI_1,110011001100110000,1,-72.5251,-56.7902,-72.5251,-246.847,-240.128,-253.077,-380.914,4662.93,4040.86,3790.02,-14.3336,729.706,-75.8761,645.709,-55.3126,-45.6059,83.1187,-43.5118,9.62579,4.56191,4.30869,675.402,-47.282,59.6907,-41.1998,407.175,8.0989,1.65054,1.0459,1,LLLYILLVALLITLLTLLILI,YILLVALLITLLTLL,0.3361440907979811,0.0377042599097491,R,99999900.0,-20.56349999999999,0.0,6.22999999999999,622.0700000000002,-0.03305656919639267,0.0,0.010014950086003165,-0.023041779864002437
LLLYILLGLLLITLLASLILI_1,110011001100110000,1,-74.0156,-74.9735,-74.0156,-244.485,-209.531,-248.15,-376.798,4615.88,4115.08,3544.36,-14.3334,38937400.0,-72.6313,38937300.0,-54.6324,-96.2419,65.0634,-46.1447,10.305,9.71985,9.1958,652614.0,-97.764,38.4753,-38.0973,740732.0,7.04,6.35877,5.4359,1,LLLYILLGLLLITLLASLILI,YILLGLLLITLLASL,0.1374238209558188,0.0335702730830028,G,99999900.0,-17.9989,0.0,3.664999999999992,500.8000000000002,-0.03594029552715654,0.0,0.007318290734824263,-0.028621006389776348
LLLYILLLTLLVALLSFLILI_1,110011001100110000,1,-74.7318,-65.7232,-74.2737,-237.522,-226.47,-252.822,-370.262,4697.26,4010.59,3815.22,-14.3312,1077.72,-72.3392,999.651,-43.1656,-35.5585,74.8656,-43.6628,8.5348,1.94063,1.56362,688.828,-34.0014,66.4946,-38.3052,696.401,8.683,0.576981,0.0744,1,LLLYILLLTLLVALLSFLILI,YILLLTLLVALLSFL,0.278029106230392,0.0323125072883196,R,99999900.0,-29.173600000000008,-0.45810000000000173,15.300000000000011,686.6700000000001,-0.04248561900184951,-0.0006671326838219256,0.022281445235702753,-0.0208705782981636
LLLSYLLVALLGLLLIFLILI_0,110011001100110000,1,-61.1335,-68.4087,-44.9412,-233.573,-233.36,-255.164,-353.241,4642.47,3872.38,3555.27,-14.3266,43506.0,-72.8611,43454.5,-53.1365,-46.8596,62.4617,-42.8256,9.5167,1.96127,1.3982,30264.8,-56.9491,49.4969,-37.5681,43152.8,7.4308,1.72445,0.966904,0,LLLSYLLVALLGLLLIFLILI,SYLLVALLGLLLIFL,0.347642147476597,0.0453192301712026,G,99999900.0,-19.724599999999995,-16.192299999999996,21.59099999999998,770.0900000000001,-0.025613369865859825,-0.021026503395706986,0.028036982690334864,-0.01860379955589606
LLLYFLLVALLAALLSTLILI_0,110011001100110000,1,-75.7954,-75.0437,-74.18,-230.606,-222.13,-245.864,-349.074,4698.75,3946.63,3922.28,-14.3215,-5.5381,-56.9942,-57.438,-29.0304,-17.3266,98.7604,-41.9067,8.60987,2.43163,2.41304,-4.99168,-18.8236,86.1077,-38.4912,-354.612,8.6409,0.948085,0.739701,0,LLLYFLLVALLAALLSTLILI,YFLLVALLAALLSTL,0.2800403843915601,0.0786046527745455,R,99999900.0,-27.9638,-1.615399999999994,15.25800000000001,752.1199999999999,-0.03717997128117854,-0.002147795564537566,0.020286656384619493,-0.01904150933361698
LLLTALLALLLGYLLGVLILI_2,110011001100110000,1,-46.4478,-46.7116,-44.9628,-223.463,-218.908,-241.383,-345.823,4514.18,3719.51,3685.25,-14.3087,160.703,-90.2213,80.499,-59.4778,-78.4523,45.5671,-42.0453,7.55709,4.41939,3.6029,-9.25634,-77.0118,40.9782,-44.7988,-354.645,7.4996,3.58383,2.6985,2,LLLTALLALLLGYLLGVLILI,TALLALLLGYLLGVL,0.8883980347702399,0.0941638201188238,G,99999900.0,-30.743499999999997,-1.4849999999999994,17.920000000000016,794.6700000000001,-0.03868712799023493,-0.0018687002151836602,0.022550240980532817,-0.018005838901682458
LLLTFLLAVLLGILLILLILI_2,110011001100110000,1,-44.9923,-54.6095,-44.9923,-238.508,-229.475,-247.862,-357.924,4640.72,3878.49,3477.59,-14.29,887574.0,-88.7135,887500.0,-65.0692,-61.2559,67.5696,-51.2305,9.10999,4.81027,4.32382,867091.0,-58.9856,45.4304,-41.2673,515831.0,6.5,1.48094,0.662396,2,LLLTFLLAVLLGILLILLILI,TFLLAVLLGILLILL,0.2890527188178319,0.1043904555243817,G,99999900.0,-23.6443,0.0,9.353999999999985,762.2300000000005,-0.031019902129278548,0.0,0.012271886438476548,-0.018747622108812288
LLLYWLLTILVALLASLLILI_2,110011001100110000,1,-74.0591,-76.5146,-74.1477,-234.704,-225.42,-252.134,-372.022,4646.41,3872.41,3857.17,-14.2517,-9.98658,-77.5108,-80.0739,-45.7402,-107.097,25.219,25.6415,9.53912,5.96919,4.84748,-6.50522,-106.661,10.839,28.0,-378.855,9.5,3.96242,2.62501,2,LLLYWLLTILVALLASLLILI,YWLLTILVALLASLL,0.5005775058747833,0.0862889085642557,L,99999900.0,-31.7706,0.08859999999999957,17.42999999999998,774.0,-0.04104728682170543,0.00011447028423772554,0.02251937984496121,-0.018413049095607235
LLLLYVLLLILATLLLSLILI_0,110011001100110000,1,-74.1985,-74.1985,-74.1985,-226.495,-217.067,-247.16,-384.236,4597.78,3672.05,3659.98,-14.2451,76.4575,-97.7876,-16.5126,-62.8767,-57.5342,81.0113,18.9964,9.89373,6.06665,5.78182,74.9304,-61.55,67.5867,27.3561,-307.778,9.3793,4.8567,4.3705,0,LLLLYVLLLILATLLLSLILI,LYVLLLILATLLLSL,0.3115113244264234,0.0309417840570543,L,99999900.0,-34.9109,0.0,20.664999999999992,925.7299999999996,-0.03771175180668231,0.0,0.02232292353061908,-0.015387964093202129
LLLAALLFSLLILLLGTLILI_1,110011001100110000,1,-74.0983,-60.2893,-74.0983,-226.421,-217.264,-239.114,-365.224,4560.03,3904.16,3654.89,-14.2221,11169.7,-78.9274,11082.1,-52.0124,-35.7471,87.966,-35.9093,8.28748,3.73748,3.55697,9594.44,-43.753,64.4796,-35.9038,11097.6,6.884,1.7677,1.23489,1,LLLAALLFSLLILLLGTLILI,AALLFSLLILLLGTL,0.3493217318650526,0.0631835517039948,G,99999900.0,-26.915000000000006,0.0,12.693000000000012,655.8699999999999,-0.04103709576592924,0.0,0.019352920548279407,-0.021684327686889174
LLLVALLTALLISLLFLLILI_2,110011001100110000,1,-74.2429,-74.208,-74.2135,-232.107,-224.287,-242.588,-369.986,4591.31,3850.64,3728.33,-14.2169,112.608,-77.852,41.1174,-53.184,-15.1242,100.69,-40.5704,9.47012,2.3618,2.37215,88.9492,-13.9794,91.3246,-36.6237,-257.378,9.0,0.925731,0.7956,2,LLLVALLTALLISLLFLLILI,VALLTALLISLLFLL,0.527234457234402,0.0742271216986618,R,99999900.0,-24.668000000000006,-0.02940000000000964,10.480999999999995,740.6700000000005,-0.03330498062564973,-3.9693790757030284e-05,0.014150701391982917,-0.019194648088892475
LLLLVLLIGLLAGLLFALILI_0,110011001100110000,1,-44.9897,-44.9897,-44.9897,-219.245,-214.057,-234.491,-336.722,4545.61,3859.58,3731.73,-14.208,-11.8237,-86.6954,-89.4998,-57.2422,-37.5018,76.6803,-44.8447,7.26466,2.4771,2.1273,-11.8056,-36.3206,72.3714,-40.8966,-348.546,7.2598,1.71823,1.3038,0,LLLLVLLIGLLAGLLFALILI,LVLLIGLLAGLLFAL,1.0328346850092558,0.0943284643504444,G,99999900.0,-29.45320000000001,0.0,15.24600000000001,686.0299999999997,-0.04293281634913928,0.0,0.022223517921956787,-0.020710464556943583
LLLTALLIALLAVLLSWLILI_1,110011001100110000,1,-60.3407,-67.4167,-60.3799,-232.229,-230.093,-246.115,-371.59,4578.21,3734.26,3902.28,-14.2032,-6.01611,-93.2237,-80.0967,-65.0957,-43.6732,90.9431,-39.1493,8.66698,5.32831,5.19245,-3.0457,-33.2071,91.2243,-42.4294,-375.878,9.0,3.79634,3.6647,1,LLLTALLIALLAVLLSWLILI,TALLIALLAVLLSWL,0.3881696488053974,0.0626908163132718,R,99999900.0,-28.128,0.03920000000000101,13.885999999999996,843.9499999999998,-0.033328988684163764,4.644824930386992e-05,0.016453581373304105,-0.016829433023283373
LLLLALLFALLVSLLTWLILI_2,110011001100110000,1,-74.1879,-74.1879,-74.1879,-229.783,-226.5,-246.125,-369.937,4623.24,3852.38,3847.68,-14.1971,-8.00611,-80.163,-77.2544,-49.6239,-48.0478,88.1442,-42.9581,8.01231,5.60663,5.42879,-8.33221,-43.4298,87.7182,-42.5164,-379.296,8.2716,4.85643,4.6722,2,LLLLALLFALLVSLLTWLILI,LALLFALLVSLLTWL,0.3079687741738809,0.0180465002785209,R,99999900.0,-30.539099999999998,0.0,16.342000000000013,770.8599999999997,-0.03961692136055835,0.0,0.02119969903743873,-0.018417222323119643
LLLYSLLAALLVALLFLLILI_0,110011001100110000,1,-53.6916,-56.9374,-45.017,-229.182,-227.844,-256.102,-345.326,4726.02,3920.49,3871.28,-14.1964,-10.5974,-76.6487,-71.1425,-44.2071,-40.7679,85.8075,-42.9714,8.20163,4.1992,3.98631,-11.4496,-38.8884,87.4303,-44.355,-355.923,8.3134,4.13635,3.9478,0,LLLYSLLAALLVALLFLLILI,YSLLAALLVALLFLL,0.3033443718631721,0.0445859373574173,R,99999900.0,-32.44160000000001,-8.674599999999998,26.919999999999987,805.5300000000007,-0.04027360867999948,-0.010768810596749955,0.0334189912231698,-0.017623676337318275
LLLYVLLAILLATLLSFLILI_2,110011001100110000,1,-74.1087,-70.0551,-74.1087,-239.706,-227.617,-249.53,-360.285,4620.57,4117.99,3811.64,-14.1893,1798.98,-60.6591,1736.37,-36.6465,-35.6168,88.5195,-50.589,9.54299,3.79264,3.62043,1265.84,-30.5546,77.5454,-42.4251,1438.69,8.9441,1.55182,1.215,2,LLLYVLLAILLATLLSFLILI,YVLLAILLATLLSFL,0.1441672168949198,0.0217851019769821,R,99999900.0,-24.0126,0.0,9.824000000000012,502.5799999999999,-0.047778662103545706,0.0,0.019547136774244925,-0.028232918142385294
LLLFYLLVALLIILLTLLILI_1,110011001100110000,1,-65.9752,-45.0889,-58.8603,-243.38,-241.441,-250.7,-359.691,4729.93,4121.84,3898.71,-14.1881,329.698,-64.5243,256.537,-50.1304,-29.1087,97.0277,-45.4659,10.5057,3.96505,3.92046,312.741,-21.6189,95.7091,-37.3116,61.4237,8.5753,2.66356,2.5992,1,LLLFYLLVALLIILLTLLILI,FYLLVALLIILLTLL,0.252603212635914,0.1343282950374921,R,99999900.0,-14.393899999999995,-7.114899999999999,7.319999999999993,608.0900000000001,-0.023670673748951623,-0.011700406189873204,0.012037691789044371,-0.023332237004390792
LLLVLLLTGLLFALLAYLILI_1,110011001100110000,1,-59.8335,-60.0949,-58.7499,-224.595,-219.958,-241.212,-344.208,4596.23,3769.93,3637.89,-14.1823,78070.4,-73.9619,78006.2,-44.2459,-38.5244,72.7446,-48.5642,7.53054,2.09918,1.69035,1348.85,-38.7525,65.3789,-42.5319,1259.74,7.4041,1.13902,0.619703,1,LLLVLLLTGLLFALLAYLILI,VLLLTGLLFALLAYL,0.26266077366633,0.0693525302057894,G,99999900.0,-29.716,-1.0836000000000041,16.61699999999999,826.2999999999997,-0.035962725402396235,-0.0013113881156964838,0.02011012949292024,-0.017163620960910085
LLLSYLLFVLLILLLSTLILI_0,110011001100110000,1,-91.4889,-93.1726,-74.2184,-242.45,-240.975,-259.3,-380.474,4675.98,3935.26,3791.38,-14.1797,89.9053,-60.714,43.5791,-46.9551,-62.5123,71.6343,-40.4828,9.69536,5.54747,5.12198,88.7178,-66.724,58.8887,-41.9166,-290.568,8.6817,4.45857,3.8419,0,LLLSYLLFVLLILLLSTLILI,SYLLFVLLILLLSTL,0.3487366502669249,0.0205904771486826,R,99999900.0,-13.758899999999997,-17.2705,16.850000000000023,740.7199999999993,-0.01857503510098284,-0.023315827843179628,0.02274813694783459,-0.01914313100766823
LLLFALLLVLITLLYSLLILI_2,110011001100110000,1,-77.5293,-69.6443,-74.2971,-221.476,-223.425,-249.964,-365.659,4663.24,3733.29,3684.29,-14.1787,8.17096,-80.8325,-64.4188,-41.3982,-111.849,21.4665,26.7624,9.04233,6.17532,4.99732,-8.61954,-112.078,20.556,26.4283,-379.304,9.0465,6.08676,4.8951,2,LLLFALLLVLITLLYSLLILI,FALLLVLITLLYSLL,0.5578025110160024,0.0893834550215041,L,99999900.0,-39.43429999999999,-3.232200000000006,28.488,929.9499999999998,-0.04240475294370665,-0.003475670734985759,0.030633905048658535,-0.015246733695359968
LLLAVLLLTLLATLLSYLILI_1,110011001100110000,1,-87.8887,-87.0584,-87.8887,-230.547,-223.712,-243.991,-383.427,4525.48,3830.13,3664.41,-14.1575,416.416,-79.1492,343.76,-51.5475,-37.9989,77.7793,-47.2356,8.63692,2.70003,2.36672,397.81,-35.8057,68.0349,-37.1662,727.062,8.9444,1.05557,0.576094,1,LLLAVLLLTLLATLLSYLILI,AVLLLTLLATLLSYL,0.2629628082830329,0.041793687257175,R,99999900.0,-27.601699999999994,0.0,13.444000000000017,695.3499999999995,-0.039694686129287435,0.0,0.019334148270655105,-0.02036025023369528
LLLYTLLIILLVLLLFSLILI_0,110011001100110000,1,-60.3998,-68.2736,-60.3998,-245.376,-239.047,-257.694,-368.181,4736.83,4062.59,3826.19,-14.1548,193.399,-76.5605,132.538,-50.0871,-48.2209,96.3295,-42.4501,10.7439,6.73762,6.68256,193.205,-49.6955,84.1851,-43.2834,-174.782,9.0,5.31932,5.0821,0,LLLYTLLIILLVLLLFSLILI,YTLLIILLVLLLFSL,0.3281042684331876,0.0688144575756775,R,99999900.0,-26.473400000000005,0.0,12.318000000000012,674.2399999999998,-0.03926406027527292,0.0,0.01826945894636927,-0.020993711438063604
LLLTYLLLALLISLLFVLILI_1,110011001100110000,1,-67.3438,-60.355,-60.355,-236.836,-238.094,-255.021,-365.795,4676.93,3877.96,3819.75,-14.147,18.5198,-75.762,-48.8262,-50.4188,-18.6746,93.6525,-43.6766,8.78639,1.94427,1.84906,21.0619,-12.3046,96.0681,-35.7827,-344.891,8.782,1.31488,1.2559,1,LLLTYLLLALLISLLFVLILI,TYLLLALLISLLFVL,0.4233933660958375,0.0759809699910708,R,99999900.0,-25.343200000000003,-6.988800000000005,18.184999999999974,798.9700000000003,-0.031719839293089844,-0.008747262099953693,0.022760554213549906,-0.017706547179493593
LLLVGLLLILLGILLATLILI_2,110011001100110000,1,-58.7586,-60.7506,-58.7586,-226.478,-220.555,-237.35,-366.389,4509.82,3819.91,3726.99,-14.1461,536.12,-95.2991,451.036,-70.2803,-39.1047,73.3987,-43.8296,8.66466,2.27452,1.8755,440.127,-40.5762,61.5678,-43.055,169.731,7.4828,0.898083,0.3216,2,LLLVGLLLILLGILLATLILI,VGLLLILLGILLATL,0.5147335627062892,0.1108998136595214,G,99999900.0,-25.0188,0.0,10.871999999999986,689.9099999999999,-0.036263860503543945,0.0,0.01575857720572247,-0.020504268672725433
LLLALLLTVLLGGLLASLILI_1,110011001100110000,1,-77.868,-72.995,-74.0963,-215.268,-215.575,-230.921,-366.195,4416.65,3745.24,3608.5,-14.139,-9.85484,-87.1986,-87.4803,-61.1782,-36.9149,67.4295,-47.1375,6.8551,1.14021,0.651653,-2.86751,-30.525,71.559,-44.3251,-369.465,7.1169,0.739215,0.3126,1,LLLALLLTVLLGGLLASLILI,ALLLTVLLGGLLASL,0.2497765995590787,0.0155553512842203,G,99999900.0,-26.020400000000002,-3.7716999999999956,15.652999999999992,671.4099999999999,-0.03875485917695597,-0.005617580911812449,0.023313623568311456,-0.021058667580167115
LLLVALLTALLIALLSLLILI_2,110011001100110000,1,-74.1501,-74.1501,-74.1501,-225.223,-220.92,-237.568,-380.172,4523.38,3674.96,3796.93,-14.1361,29.5964,-94.9352,-55.506,-68.4537,-20.2966,98.1839,-40.2931,8.51812,2.79932,2.77208,30.1968,-17.5234,92.7586,-35.0,-350.576,8.8654,1.65092,1.5423,2,LLLVALLTALLIALLSLLILI,VALLTALLIALLSLL,0.4644227822086328,0.0769398789423445,R,99999900.0,-26.481499999999997,0.0,12.344999999999999,848.4200000000001,-0.031212724829683406,0.0,0.01455057636547936,-0.016661676999599254
LLLTWLLVALLLALLASLILI_0,110011001100110000,1,-60.3561,-60.3561,-60.3561,-227.576,-221.541,-242.956,-373.285,4550.82,3766.55,3634.08,-14.1241,8.50962,-99.4769,-82.8783,-69.9734,-11.1018,93.3384,-40.5939,8.40015,0.765959,0.666036,9.8067,-15.4874,85.0293,-35.0,-364.776,8.24,0.30206,0.0774989,0,LLLTWLLVALLLALLASLILI,TWLLVALLLALLASL,0.6117152691956015,0.0690016154976176,R,99999900.0,-29.503500000000003,0.0,15.379999999999995,784.2699999999995,-0.03761905976258179,0.0,0.019610593290575955,-0.018009231514656953
LLLTALLFLLLGVLLIILILI_2,110011001100110000,1,-44.96,-44.96,-44.96,-235.393,-232.778,-247.75,-355.614,4721.25,3697.21,3523.41,-14.1166,67.4212,-89.3769,-10.4541,-62.9035,-68.5709,66.5722,-39.8124,7.92212,5.77288,5.27147,67.6864,-65.2659,57.7881,-36.226,-280.221,7.2064,4.09128,3.4581,2,LLLTALLFLLLGVLLIILILI,TALLFLLLGVLLIIL,0.2912201477317113,0.0655509521038771,G,99999900.0,-26.473400000000005,0.0,12.357,1024.04,-0.025851919846880986,0.0,0.012066911448771532,-0.013785203702980352
LLLTVLLLALLFALLSILILI_1,110011001100110000,1,-62.0903,-61.7119,-60.4169,-228.775,-228.69,-244.818,-370.181,4542.63,3819.27,3677.7,-14.1078,-12.7715,-93.4235,-92.5505,-64.9456,-33.535,81.3506,-44.4493,8.03195,2.51258,2.23284,-12.2404,-31.2213,81.346,-45.0,-382.022,8.0964,2.16491,1.8851,1,LLLTVLLLALLFALLSILILI,TVLLLALLFALLSIL,0.3699869990734339,0.0402941437362788,R,99999900.0,-28.477900000000005,-1.6734000000000009,16.043000000000006,723.3600000000001,-0.03936891727493917,-0.00231337093563371,0.022178445034284455,-0.019503151957531516
LLLVYLLIALLLTLLILLILI_0,110011001100110000,1,-63.409,-64.8775,-58.8656,-241.236,-232.644,-249.017,-379.298,4683.12,3883.23,3795.87,-14.0621,64.891,-88.7151,-16.8856,-71.4152,-21.4131,92.8528,-46.3639,9.23783,2.2471,2.13989,60.0454,-16.5696,85.3931,-40.833,-314.407,8.844,0.513503,0.294399,0,LLLVYLLIALLLTLLILLILI,VYLLIALLLTLLILL,0.4608734086570097,0.0328768402862992,R,99999900.0,-17.299900000000008,-4.543399999999998,7.781000000000006,799.8899999999999,-0.02162784882921403,-0.005680031004263085,0.009727587543287211,-0.017580042255810176
LLLSYLLVILLIFLLSLLILI_2,110011001100110000,1,-72.1305,-76.3695,-60.336,-238.921,-239.684,-261.864,-375.232,4726.89,3992.05,3783.8,-14.0527,19.9073,-78.2331,-39.2709,-53.0318,-62.2614,54.6224,-40.9775,10.2604,3.21324,2.53257,13.8207,-61.4513,50.1014,-39.8435,-334.966,9.0,2.48138,1.7329,2,LLLSYLLVILLIFLLSLLILI,SYLLVILLIFLLSLL,0.321967513227523,0.0445968884203472,R,99999900.0,-25.201299999999996,-11.7945,22.942999999999984,734.8400000000001,-0.034294948560230784,-0.016050432747264705,0.03122176256055737,-0.0191234826628926
LLLALLLVTLLTALLSILILI_2,110011001100110000,1,-85.2546,-85.0748,-87.9127,-232.687,-232.222,-241.356,-392.265,4481.75,3907.86,3929.31,-14.0388,-8.31412,-88.3623,-83.283,-62.9963,-68.2325,60.0886,-42.7938,8.4151,4.84683,4.24816,-6.7956,-60.8424,58.0703,-41.2377,-399.757,8.4975,3.46585,2.8369,2,LLLALLLVTLLTALLSILILI,ALLLVTLLTALLSIL,0.4183008879679545,0.0215886924779276,R,99999900.0,-25.366000000000007,2.6581000000000046,8.668999999999983,573.8899999999999,-0.044200108034640806,0.004631723849518209,0.015105682273606414,-0.02446252766209553
LLLLAYLVILLATLLSLLILI_0,110011001100110000,1,-74.1907,-74.1907,-74.1907,-232.655,-225.661,-241.912,-373.888,4606.5,3795.69,3780.99,-14.0271,2.07689,-81.0692,-71.9598,-57.7859,-97.7076,27.7905,28.583,8.89829,4.90787,3.82472,0.838847,-95.5434,21.4906,28.0,-371.811,9.3253,3.73274,2.5551,0,LLLLAYLVILLATLLSLLILI,LAYLVILLATLLSLL,0.3369057369605518,0.0312925208106456,L,99999900.0,-23.283299999999997,0.0,9.257000000000005,810.81,-0.028716098716098714,0.0,0.011416978083644757,-0.017300107300107302
LLLYVLLTALLALLLSFLILI_2,110011001100110000,1,-74.1666,-74.2348,-74.2348,-241.857,-236.102,-249.331,-357.105,4648.41,4103.01,3919.08,-14.0127,-3.2396,-55.0946,-50.0082,-33.5392,-63.5166,72.3664,-47.0346,8.83878,5.79696,5.38246,-1.06144,-57.818,66.41,-40.684,-359.259,9.0,4.13805,3.6342,2,LLLYVLLTALLALLLSFLILI,YVLLTALLALLLSFL,0.3216761588133925,0.02186742440697,R,99999900.0,-21.5554,0.06820000000000448,7.4739999999999895,545.3999999999996,-0.03952218555188854,0.00012504583791713334,0.013703703703703694,-0.02569251925192521
LLLTILLAVLLAYLLSLLILI_2,110011001100110000,1,-62.8464,-62.5023,-60.262,-230.228,-224.683,-245.724,-369.597,4580.77,3771.18,3709.51,-13.9923,-4.8777,-90.5151,-87.2893,-63.6112,-70.6565,73.6637,-42.3346,8.96798,7.04307,6.64803,-2.19941,-67.464,67.9953,-37.225,-353.557,8.6549,5.79897,5.3189,2,LLLTILLAVLLAYLLSLLILI,TILLAVLLAYLLSLL,0.5137161900131746,0.0623164975869814,R,99999900.0,-26.903900000000007,-2.5844000000000023,15.495999999999981,809.5900000000006,-0.03323151224693979,-0.0031922331056460683,0.019140552625402943,-0.017283192727182883
LLLLYLLIVLLATLLSALILI_1,110011001100110000,1,-71.6913,-69.855,-74.1532,-230.015,-228.035,-242.724,-373.547,4605.32,3886.76,3922.69,-13.983,-5.41597,-85.8243,-81.0735,-56.6698,-61.116,56.6627,-43.2545,8.00489,3.31686,2.6668,-3.81574,-56.568,53.9293,-45.0,-378.411,8.1133,2.26566,1.5746,1,LLLLYLLIVLLATLLSALILI,LYLLIVLLATLLSAL,0.2733260677066639,0.0488223574763186,R,99999900.0,-29.15449999999999,2.4619,12.709000000000003,718.5599999999995,-0.04057350812736586,0.0034261578712981543,0.017686762413716337,-0.01945975283901137
LLLTYLLTVLLAALLSLLILI_2,110011001100110000,1,-90.5269,-90.7487,-74.0375,-231.714,-230.724,-250.466,-380.507,4585.01,3844.41,3875.41,-13.9794,-12.8887,-72.2462,-71.9231,-56.0035,-69.0815,58.724,-35.9615,8.6343,4.78997,4.17082,-10.312,-65.6219,56.0214,-35.0,-391.433,8.811,3.90618,3.2465,2,LLLTYLLTVLLAALLSLLILI,TYLLTVLLAALLSLL,0.4740329372611212,0.0364504095613388,R,99999900.0,-16.2427,-16.489400000000003,18.75200000000001,740.6000000000004,-0.021931812044288405,-0.022264920334863617,0.02532001080205239,-0.018875776397515517
LLLYSLLVALLTLLLFALILI_2,110011001100110000,1,-70.1306,-69.8738,-58.9631,-226.557,-226.936,-252.192,-352.79,4745.75,3932.85,3819.2,-13.9762,9.28429,-70.0787,-46.6952,-41.6346,-55.9717,77.1628,-45.43,8.68554,5.31272,4.97017,4.74851,-58.3086,75.0794,-42.2769,-347.506,8.7739,5.38201,5.0082,2,LLLYSLLVALLTLLLFALILI,YSLLVALLTLLLFAL,0.3830757800653681,0.0648520733994194,R,99999900.0,-28.4441,-11.167500000000004,25.63500000000002,812.9000000000001,-0.03499089678927297,-0.01373785213433387,0.031535244187476955,-0.0171930126706852
LLLTALLFLLLGVLLGILILI_1,110011001100110000,1,-48.7774,-49.3802,-44.96,-223.056,-222.659,-241.311,-344.385,4555.75,3687.9,3619.57,-13.9665,-13.6127,-86.5183,-85.9587,-58.1133,-65.6057,59.0884,-35.4836,7.21837,4.31778,3.70411,-13.6858,-65.2659,57.7881,-36.226,-358.061,7.2064,4.09128,3.4581,1,LLLTALLFLLLGVLLGILILI,TALLFLLLGVLLGIL,0.7865605740631558,0.0781648279746628,G,99999900.0,-28.404999999999994,-3.8173999999999992,18.254999999999995,867.8499999999999,-0.032730310537535286,-0.004398686408941637,0.021034741026675113,-0.016093218874229417
LLLAYLLVLLLTLLLSFLILI_0,110011001100110000,1,-71.6743,-71.9748,-74.2406,-231.585,-232.008,-251.739,-376.047,4668.81,3882.99,3839.13,-13.9647,-12.2893,-86.7521,-84.3534,-50.0677,-77.1503,57.7526,-40.6267,8.8097,5.86915,5.23544,-12.0062,-79.5719,55.1888,-42.772,-388.336,8.8555,5.88627,5.2141,0,LLLAYLLVLLLTLLLSFLILI,AYLLVLLLTLLLSFL,0.4354187512751455,0.0666760640221308,R,99999900.0,-36.6844,2.5662999999999982,20.153999999999996,785.8200000000006,-0.046682955384184634,0.003265760606754723,0.02564709475452391,-0.017770863556539652
LLLYLLLAVLATLLFSLLILI_1,110011001100110000,1,-74.2762,-74.1097,-74.2762,-232.105,-227.703,-249.021,-363.031,4651.09,3865.26,3753.16,-13.9632,-2.23332,-70.6128,-63.4515,-39.7338,-110.354,27.2432,20.2942,9.78219,6.73088,5.63953,-3.7461,-110.96,14.1167,21.5291,-366.901,9.2522,5.04976,3.76151,1,LLLYLLLAVLATLLFSLLILI,YLLLAVLATLLFSLL,0.2365043220815798,0.1038289448199413,L,99999900.0,-30.87899999999999,0.0,16.915999999999997,785.8299999999999,-0.03929475840830713,0.0,0.021526284310856035,-0.017768728605423566
LLLVYLLIALLASLLTLLILI_2,110011001100110000,1,-80.7576,-79.6298,-74.243,-228.757,-229.454,-242.957,-375.423,4592.53,3832.68,3850.97,-13.9623,23.6332,-79.8705,-42.7057,-58.2225,-23.0666,89.1938,-42.3578,8.59375,2.00115,1.83906,0.374427,-17.6261,86.7132,-42.8643,-376.957,9.0,0.850202,0.650901,2,LLLVYLLIALLASLLTLLILI,VYLLIALLASLLTLL,0.4227573813506211,0.0883384516209272,R,99999900.0,-21.64800000000001,-6.5146000000000015,14.199999999999989,759.8499999999999,-0.028489833519773657,-0.00857353425018096,0.01868789892741987,-0.018375074027768643
LLLAALLVTLLFTLLSLLILI_1,110011001100110000,1,-82.4268,-82.8314,-87.9304,-230.215,-232.237,-242.627,-374.382,4547.95,3895.3,3880.95,-13.9579,20.8055,-75.6987,-38.5081,-43.8248,-15.725,93.7611,-40.164,9.03682,1.51649,1.42291,24.3487,-18.4173,84.5167,-38.5607,-352.677,9.0,0.672349,0.440099,1,LLLAALLVTLLFTLLSLLILI,AALLVTLLFTLLSLL,0.3991246201771088,0.0187397251942368,R,99999900.0,-31.8739,5.503600000000006,12.412000000000006,652.6499999999996,-0.04883766184019002,0.008432697464184492,0.019017850302612445,-0.021386501187466496
LLLYVLLFTLLAALLSLLILI_1,110011001100110000,1,-76.4832,-76.2424,-74.1512,-229.923,-233.648,-249.287,-363.867,4645.3,3949.29,3886.86,-13.9475,-6.69656,-71.4082,-60.6735,-40.4289,-35.3649,77.5061,-43.3733,7.89607,2.26806,1.93066,-6.31623,-36.8676,70.5484,-45.0,-370.472,8.0,1.55417,1.1124,1,LLLYVLLFTLLAALLSLLILI,YVLLFTLLAALLSLL,0.286384813377728,0.034708314036479,R,99999900.0,-30.979299999999995,-2.3319999999999936,19.364000000000004,696.0100000000002,-0.04450984899642244,-0.0033505265728940572,0.027821439347135813,-0.020039223574373925
LLLYVLLTLLLGTLLAALILI_1,110011001100110000,1,-72.6251,-72.6251,-72.6251,-234.389,-225.236,-244.465,-363.002,4599.31,4046.31,3769.68,-13.9444,861.405,-69.9317,796.264,-45.9118,-49.8745,74.9706,-44.1075,8.37981,4.10221,3.72676,532.217,-48.9252,56.7148,-39.7132,492.477,7.3783,1.49528,0.846002,1,LLLYVLLTLLLGTLLAALILI,YVLLTLLLGTLLAAL,0.2290144236277679,0.0210739879285946,G,99999900.0,-24.019900000000007,0.0,10.075999999999993,553.0000000000005,-0.043435623869801064,0.0,0.018220614828209736,-0.025215913200723306
LLLFYLLVALLLTLLSTLILI_2,110011001100110000,1,-87.9016,-87.9016,-87.9016,-233.852,-233.069,-247.826,-371.268,4684.18,3758.79,3890.05,-13.9433,2.25392,-63.4578,-48.043,-35.5399,-24.9513,81.2501,-34.4362,8.80612,1.21146,0.930209,-4.14989,-19.7119,80.3881,-36.3997,-377.33,9.0,0.309179,0.0150006,2,LLLFYLLVALLLTLLSTLILI,FYLLVALLLTLLSTL,0.4047623613825412,0.0219959222769118,R,99999900.0,-27.917899999999996,0.0,13.97399999999999,925.3900000000003,-0.030168793697792268,0.0,0.015100660262159721,-0.015067485060352928
LLLASLLVALLFLLLATLILI_1,110011001100110000,1,-67.053,-72.0113,-58.8495,-230.326,-222.369,-243.224,-354.944,4568.57,3938.1,3622.05,-13.9264,6448.3,-71.4914,6387.73,-52.8696,-48.6015,89.5824,-37.8618,9.57221,5.88385,5.72759,6347.96,-47.1744,74.855,-35.0,6081.06,8.0,3.68158,3.3044,1,LLLASLLVALLFLLLATLILI,ASLLVALLFLLLATL,0.5031373159596726,0.0412613301772393,R,99999900.0,-18.6218,-8.203499999999998,12.897999999999996,630.4699999999998,-0.029536377623043137,-0.013011721414183072,0.020457753739273877,-0.022088917791488895
LLLVILLLALLFALLSTLILI_0,110011001100110000,1,-76.5863,-76.6744,-74.1918,-227.197,-210.902,-241.328,-374.77,4536.07,3674.69,3599.22,-13.9154,196.827,-84.9014,109.633,-59.2501,-30.2888,93.2126,-42.3116,8.65524,3.62702,3.5252,137.62,-32.5709,73.9857,-37.3157,-177.943,8.2281,1.37371,0.983496,0,LLLVILLLALLFALLSTLILI,VILLLALLFALLSTL,0.3038534592720628,0.0509950142723891,R,99999900.0,-25.651299999999992,-2.3944999999999936,14.131,861.3799999999997,-0.029779307622652025,-0.002779841649446231,0.016405070932689413,-0.016154774896096968
LLLAALLVALLSTLLIFLILI_2,110011001100110000,1,-76.2547,-77.0952,-74.3231,-226.987,-224.473,-239.585,-365.442,4494.28,3840.28,3750.05,-13.8916,-11.7466,-76.0917,-75.6211,-51.5343,-65.4226,72.7629,-43.5007,7.95155,6.13639,5.72783,-12.5981,-61.8682,69.5584,-44.3006,-377.67,8.0,5.17062,4.714,2,LLLAALLVALLSTLLIFLILI,AALLVALLSTLLIFL,0.3393268533649187,0.0343407773567833,R,99999900.0,-24.5574,-1.931600000000003,12.598000000000013,653.9999999999995,-0.0375495412844037,-0.0029535168195718724,0.01926299694189606,-0.021240978593272185
LLLAYLLVILLALLLSTLILI_1,110011001100110000,1,-74.1925,-74.1631,-74.1631,-235.195,-233.558,-246.589,-379.375,4605.31,3814.57,3766.21,-13.891,-6.94461,-83.8783,-78.598,-58.6225,-69.988,54.0708,-44.4456,8.36966,4.29775,3.60882,-9.4944,-63.1365,52.5615,-43.97,-388.749,8.1663,3.06628,2.3547,1,LLLAYLLVILLALLLSTLILI,AYLLVILLALLLSTL,0.4715390302365243,0.117507053654962,R,99999900.0,-25.255799999999994,-0.02939999999999543,11.394000000000005,790.7400000000002,-0.03193944912360572,-3.718036269822624e-05,0.014409287502845439,-0.017567089055821123
LLLYVLLLTLLFALLSLLILI_2,110011001100110000,1,-76.3828,-75.3934,-74.2837,-232.447,-232.338,-253.431,-373.831,4694.98,3936.97,3784.11,-13.8883,-13.1295,-78.8893,-79.229,-46.1154,-34.3073,80.3138,-45.2827,8.3227,2.48846,2.19316,-11.3433,-35.5218,77.8649,-44.0136,-385.204,8.4574,2.34003,2.008,2,LLLYVLLLTLLFALLSLLILI,YVLLLTLLFALLSLL,0.3140846439857153,0.0838944408222394,R,99999900.0,-32.773900000000005,-2.099100000000007,20.98400000000001,758.0099999999998,-0.04323676468648173,-0.0027692246804131974,0.027683012097465754,-0.018322053798762554
LLLVYLLLALLTSLLFILILI_0,110011001100110000,1,-80.6631,-80.8278,-74.3239,-234.948,-228.499,-247.97,-369.519,4656.28,3948.07,3983.47,-13.8875,-9.6053,-67.7956,-69.7973,-47.2255,-22.1417,101.113,-50.3433,8.37397,3.47147,3.48816,-6.94443,-22.5179,92.1154,-45.0,-379.124,8.7339,2.31327,2.195,0,LLLVYLLLALLTSLLFILILI,VYLLLALLTSLLFIL,0.4041357900141922,0.0395151070830565,R,99999900.0,-20.570099999999996,-6.339200000000005,13.021999999999991,708.2099999999996,-0.029045198458084478,-0.008951017353609817,0.01838720153626749,-0.01960929667753916
LLLAYLLLTLLVALLSILILI_1,110011001100110000,1,-78.4421,-77.3744,-74.2089,-230.878,-229.644,-245.929,-378.734,4592.6,3826.65,3800.21,-13.8845,-10.0822,-83.2992,-81.7985,-58.5964,-28.1175,83.2963,-42.8884,8.3326,1.96263,1.71207,-13.2822,-27.7839,82.4481,-42.7838,-392.18,8.3556,1.79808,1.5348,1,LLLAYLLLTLLVALLSILILI,AYLLLTLLVALLSIL,0.4183906238374689,0.0414036565024259,R,99999900.0,-24.702799999999996,-4.2331999999999965,15.051000000000016,765.9500000000003,-0.032251191331026816,-0.005526731509889673,0.019650107709380523,-0.018127162347411702
LLLYSLLLILLAVLLTFLILI_0,110011001100110000,1,-65.6014,-62.8815,-58.8872,-239.124,-232.9,-254.01,-356.466,4724.95,4024.72,3840.25,-13.8572,29034.6,-65.5978,28973.9,-43.5691,-28.3024,86.3877,-45.6124,9.5428,2.4077,2.20351,26291.5,-38.6138,67.2216,-35.9594,28678.2,8.7535,1.36698,0.875303,0,LLLYSLLLILLAVLLTFLILI,YSLLLILLAVLLTFL,0.243542054169489,0.0353797506442552,R,99999900.0,-22.028700000000008,-6.714199999999998,14.885999999999996,700.23,-0.031459234822843934,-0.009588563757622492,0.021258729274666887,-0.019789497736458023
LLLYSLLLILLAVLLFSLILI_1,110011001100110000,1,-67.9208,-66.1062,-60.4281,-232.886,-231.248,-252.843,-361.53,4720.59,3966.94,3890.64,-13.8473,102.721,-74.5707,38.5449,-48.2591,-49.9871,82.0507,-42.3233,9.78869,5.0749,4.80566,49.3972,-49.3087,81.5433,-43.7445,-324.711,9.0,4.90465,4.6278,1,LLLYSLLLILLAVLLFSLILI,YSLLLILLAVLLFSL,0.1111319162656766,0.0745336253704861,R,99999900.0,-26.311600000000006,-7.492699999999999,19.956999999999994,753.6500000000001,-0.03491222716114908,-0.00994188283686061,0.026480461752803015,-0.01837364824520666
LLLTALLAVLLAYLLSFLILI_0,110011001100110000,1,-60.1913,-61.2649,-60.4202,-229.637,-229.049,-248.786,-347.956,4619.17,3841.18,3772.41,-13.8461,-10.6276,-71.974,-68.2704,-38.7499,-67.1045,66.2924,-39.805,8.60445,5.51515,5.00953,-10.4787,-70.0018,61.1129,-38.0265,-358.584,8.9767,5.25051,4.6672,0,LLLTALLAVLLAYLLSFLILI,TALLAVLLAYLLSFL,0.4599657645772968,0.0364991014807827,R,99999900.0,-33.22410000000001,0.228900000000003,19.149,777.9900000000002,-0.04270504762272008,0.0002942197200478193,0.024613426907800866,-0.017797272458514885
LLLYTLLIALLAVLLSALILI_1,110011001100110000,1,-68.1424,-68.019,-60.3856,-223.587,-223.627,-244.625,-358.375,4617.59,3932.13,3888.87,-13.821,11.7776,-80.4663,-54.9511,-53.364,-46.5875,74.7135,-45.4013,8.27059,3.57444,3.19514,12.8978,-46.7103,70.4803,-42.9747,-345.25,8.3098,3.02139,2.57859,1,LLLYTLLIALLAVLLSALILI,YTLLIALLAVLLSAL,0.2848112786907788,0.0269189326741973,R,99999900.0,-27.102300000000007,-7.756799999999998,21.03800000000001,685.46,-0.03953884982347621,-0.011316196422840133,0.030691798208502333,-0.020163102150380766
LLLVSLLLTLLAYLLALLILI_1,110011001100110000,1,-64.6041,-73.4017,-58.7633,-234.573,-219.993,-244.37,-370.29,4616.37,3933.8,3716.81,-13.8186,57028.7,-84.9322,56951.8,-67.1572,-42.2998,86.737,-42.7444,9.57347,4.55445,4.35551,39989.9,-45.4715,65.5685,-35.0,53134.6,8.1631,2.17247,1.656,1,LLLVSLLLTLLAYLLALLILI,VSLLLTLLAYLLALL,0.6818653846977352,0.0524728183130923,R,99999900.0,-17.77499999999999,-5.8408000000000015,9.796999999999997,682.5699999999997,-0.026041285142915743,-0.00855707106963389,0.014353106641077107,-0.020244956561231823
LLLTALLVALLAILLSLLILI_1,110011001100110000,1,-60.4781,-60.4781,-60.361,-232.845,-228.004,-243.108,-378.28,4522.38,3886.19,3850.04,-13.8123,-7.93359,-98.7693,-97.7308,-74.8111,-68.5608,71.4436,-42.7544,7.9522,6.429,6.00066,-9.09481,-60.9952,66.9175,-43.9619,-387.829,8.062,4.68314,4.1869,1,LLLTALLVALLAILLSLLILI,TALLVALLAILLSLL,0.3340527447128005,0.0537330865313421,R,99999900.0,-23.958200000000005,-0.11710000000000065,10.263000000000005,636.19,-0.037658875493170284,-0.00018406450903032213,0.016131973152674523,-0.021710966849526083
LLLYILLTVLLILLLSFLILI_0,110011001100110000,1,-74.2829,-74.5834,-74.2065,-249.443,-240.992,-256.923,-378.365,4704.16,4102.99,3785.34,-13.7937,55.4755,-68.433,-7.314,-47.2351,-65.7453,72.3757,-42.8567,10.2841,6.13252,5.71816,55.0704,-66.2569,59.5791,-43.0369,-322.889,8.9497,4.48171,3.8754,0,LLLYILLTVLLILLLSFLILI,YILLTVLLILLLSFL,0.2466537148232847,0.1130529256721453,R,99999900.0,-21.197900000000004,-0.07639999999999247,7.47999999999999,601.1700000000001,-0.03526107423856813,-0.0001270855165759976,0.012442403978907777,-0.022944757722441235
LLLAALLVFLLALLLSTLILI_0,110011001100110000,1,-74.3297,-74.1817,-74.2023,-226.751,-221.926,-239.588,-365.756,4540.2,3805.59,3725.82,-13.7921,-8.72428,-78.4672,-78.373,-51.9659,-70.6248,64.3188,-38.9624,8.49095,5.77676,5.24155,-9.23125,-72.5019,54.6694,-37.0259,-374.481,8.4851,4.75566,4.0757,0,LLLAALLVFLLALLLSTLILI,AALLVFLLALLLSTL,0.3657465057068678,0.0542037207669859,R,99999900.0,-26.501300000000008,-0.12740000000000862,12.836999999999989,734.6099999999997,-0.03607533248934812,-0.00017342535495025753,0.017474578347694687,-0.018774724003212596
LLLLYLLVILLAALLSTLILI_1,110011001100110000,1,-72.9652,-71.6335,-74.1562,-231.118,-231.426,-242.377,-373.071,4597.79,3864.94,3931.53,-13.7809,-9.49621,-82.7693,-79.5084,-56.5377,-63.5423,57.7227,-44.9198,7.91001,3.8239,3.18974,-4.28215,-57.6508,57.7625,-43.362,-378.579,8.4393,2.94556,2.312,1,LLLLYLLVILLAALLSTLILI,LYLLVILLAALLSTL,0.295876430985341,0.0485425354046744,R,99999900.0,-26.2316,1.1910000000000025,11.259000000000015,732.8499999999999,-0.035793955106774925,0.0016251620386163643,0.015363307634577357,-0.018804530258579522
LLLAYLLFALLTVLLSLLILI_2,110011001100110000,1,-74.2827,-74.3613,-74.3613,-233.221,-231.32,-245.513,-362.364,4609.72,3650.8,3763.87,-13.7659,89.2241,-68.627,32.5411,-42.4899,-33.7483,91.5198,-39.0527,8.78722,3.91742,3.79022,69.9434,-33.6554,88.0879,-35.0711,-273.14,8.8071,3.44018,3.2615,2,LLLAYLLFALLTVLLSLLILI,AYLLFALLTVLLSLL,0.4368933860086501,0.0550356840701281,R,99999900.0,-26.137099999999997,0.07859999999999445,12.292000000000002,958.9200000000001,-0.02725680974429566,8.196721311474831e-05,0.012818587577691571,-0.014355629249572436
LLLATLLFALLILLLSLLILI_2,110011001100110000,1,-66.8929,-66.8641,-60.4259,-230.176,-225.339,-245.817,-373.782,4654.03,3768.26,3736.85,-13.7654,-6.7138,-90.4786,-88.2931,-67.5396,-50.2853,80.2563,-42.6104,8.86894,4.8774,4.58125,-7.44039,-48.4667,71.622,-38.1185,-381.313,8.7503,3.43897,3.0133,2,LLLATLLFALLILLLSLLILI,ATLLFALLILLLSLL,0.4198403866159912,0.0183517626701164,R,99999900.0,-22.939000000000007,-6.466999999999999,15.64100000000002,885.7699999999995,-0.025897241947683957,-0.007300992356932389,0.017658082798017574,-0.015540603091095891
LLLVALLLALLFILLSILILI_0,110011001100110000,1,-60.5202,-60.457,-60.3659,-235.51,-228.932,-243.347,-371.268,4560.88,3926.52,3730.47,-13.7626,27.7087,-89.0005,-54.1706,-67.5556,-41.9003,94.0255,-36.9806,9.00146,5.4785,5.38888,27.0533,-39.6626,86.0874,-35.0,-343.56,8.2373,4.07119,3.8625,0,LLLVALLLALLFILLSILILI,VALLLALLFILLSIL,0.2419725907655182,0.0538914681488548,R,99999900.0,-21.444900000000004,-0.15429999999999922,7.8370000000000175,634.3600000000001,-0.033805567816381867,-0.00024323727851692915,0.012354183744246194,-0.021695251907434262
LLLLVLLAALLFALLSTLILI_0,110011001100110000,1,-76.818,-76.8345,-74.1998,-222.576,-218.454,-237.985,-364.257,4549.14,3776.51,3749.91,-13.7494,-6.63133,-78.613,-75.6002,-52.0721,-26.9267,89.8705,-39.2015,8.09679,2.67152,2.51958,-6.37237,-30.3621,80.2592,-40.3295,-370.889,8.3549,1.88931,1.5932,0,LLLLVLLAALLFALLSTLILI,LVLLAALLFALLSTL,0.3190507579871566,0.0295230660465847,R,99999900.0,-26.5409,-2.6182000000000016,15.40900000000002,772.6300000000001,-0.0343513712902683,-0.0033886853992208445,0.019943569366967395,-0.017795581326119872
LLLTALLLALLFGLLFSLILI_1,110011001100110000,1,-60.3539,-60.3539,-60.3539,-226.248,-225.641,-243.049,-348.114,4580.51,3738.2,3612.07,-13.7459,-2.04951,-75.2579,-64.1689,-44.7112,-32.5459,72.0828,-35.3932,7.37299,1.11305,0.694295,-13.1269,-32.2864,71.771,-35.0,-361.357,7.3393,1.03204,0.608604,1,LLLTALLLALLFGLLFSLILI,TALLLALLFGLLFSL,0.4100327482722358,0.0218758730144463,G,99999900.0,-30.54670000000001,0.0,16.801000000000016,842.3100000000004,-0.03626538922724412,0.0,0.01994633804656244,-0.016319288622953537
LLLLAVLLALLTILLSLLILI_2,110011001100110000,1,-70.5924,-74.255,-74.255,-240.186,-237.359,-241.436,-390.903,4512.58,3970.8,3894.27,-13.745,-7.84068,-93.87,-87.1299,-75.2119,-47.9482,67.6034,31.1737,9.36222,2.81869,2.33274,-3.22434,-44.8132,57.5828,26.7672,-394.112,9.4293,0.995658,0.3594,2,LLLLAVLLALLTILLSLLILI,LAVLLALLTILLSLL,0.3079661511213249,0.0155045703867324,L,99999900.0,-18.658100000000005,3.6625999999999976,1.25,541.7799999999997,-0.034438517479419714,0.006760308612351876,0.0023072095684595235,-0.025370076414780916
LLLYALLTALLSVLLALLILI_0,110011001100110000,1,-76.1902,-75.5846,-74.353,-231.573,-227.122,-244.712,-369.988,4599.66,3933.46,3938.84,-13.7389,-8.71535,-75.9635,-75.9969,-50.923,-59.3682,79.4968,-41.1362,8.11142,6.1373,5.82975,-8.26592,-55.1691,76.5276,-42.1376,-378.703,8.1639,5.10659,4.7545,0,LLLYALLTALLSVLLALLILI,YALLTALLSVLLALL,0.6930950008976792,0.0475439819212181,R,99999900.0,-25.040499999999994,-1.83720000000001,13.138999999999982,666.1999999999998,-0.037587060942659865,-0.0027577304112879173,0.01972230561392973,-0.02062278595016512
LLLYVLLTALLGGLLFALILI_1,110011001100110000,1,-58.7757,-59.2669,-58.7757,-223.534,-218.423,-240.428,-326.17,4634.31,3910.67,3779.73,-13.7337,-12.7711,-57.5936,-61.2505,-26.9662,-37.5644,77.9956,-35.9741,7.45071,2.66407,2.334,-10.3713,-36.0293,69.0807,-35.6829,-334.574,7.2857,1.23029,0.766501,1,LLLYVLLTALLGGLLFALILI,YVLLTALLGGLLFAL,0.2594948826803962,0.0807987387074355,G,99999900.0,-30.6274,0.0,16.894000000000005,723.6400000000003,-0.04232408379857386,0.0,0.023345862583605104,-0.018978635785749813
LLLVYLLFALLTTLLSLLILI_2,110011001100110000,1,-84.5261,-87.9653,-87.9653,-238.18,-234.302,-247.4,-370.763,4720.44,3799.38,3777.88,-13.7324,-10.6754,-61.7885,-59.1703,-35.3973,-27.6824,101.528,-37.8616,9.08947,4.35868,4.3816,-9.77852,-31.1915,87.4311,-36.2559,-380.563,8.5903,2.98193,2.7934,2,LLLVYLLFALLTTLLSLLILI,VYLLFALLTTLLSLL,0.4386315972258752,0.1433034113410072,R,99999900.0,-26.391199999999998,3.4391999999999996,9.219999999999999,921.0599999999995,-0.02865307363255381,0.003733958699758975,0.010010205632640658,-0.014909343582394206
LLLYVLLTLLLGGLLFALILI_1,110011001100110000,1,-58.7757,-58.7757,-58.7757,-225.014,-220.036,-245.108,-339.069,4692.11,3901.05,3723.73,-13.7289,-0.412589,-69.008,-60.6699,-35.1854,-39.7429,71.7453,-35.3339,7.42748,2.14706,1.72323,-9.50044,-36.0293,69.0807,-35.6829,-348.726,7.2857,1.23029,0.766501,1,LLLYVLLTLLLGGLLFALILI,YVLLTLLLGGLLFAL,0.3393471917217859,0.0549721024725505,G,99999900.0,-33.822599999999994,0.0,20.093999999999994,791.0599999999995,-0.04275604884585242,0.0,0.025401360200237665,-0.01735506788359923
LLLSYLLVALLITLLFLLILI_1,110011001100110000,1,-64.3438,-58.7649,-58.8681,-238.183,-236.89,-258.998,-364.758,4669.92,3854.37,3824.38,-13.713,-7.2284,-75.945,-76.332,-46.8925,-25.8442,90.0422,-51.4462,8.93563,2.53232,2.38295,-5.33173,-23.3253,90.7494,-40.819,-372.733,9.0,2.24996,2.1112,1,LLLSYLLVALLITLLFLLILI,SYLLVALLITLLFLL,0.4542935977924855,0.1466713868072444,R,99999900.0,-29.052499999999995,-5.475700000000003,20.814999999999998,815.5500000000002,-0.03562319906811353,-0.006714119305989826,0.025522653424069636,-0.01681441971675556
LLLLTLLLALIVLLISLLILI_1,110011001100110000,1,-60.3909,-62.6781,-60.3909,-237.353,-223.33,-245.591,-390.382,4577.41,3891.94,3703.22,-13.7088,19489.7,-106.347,19385.3,-84.3997,-100.367,50.3971,26.005,10.3539,8.35861,7.61457,9192.41,-110.296,20.6007,27.6733,18240.0,9.2245,5.82549,4.6345,1,LLLLTLLLALIVLLISLLILI,LTLLLALIVLLISLL,0.3032198432232746,0.0577242480849918,L,99999900.0,-21.9473,0.0,8.238,685.4699999999998,-0.032017885538389725,0.0,0.012018031423694694,-0.019999124688170167
LLLLYVLLLLLATLASLLILI_2,110011001100110000,1,-74.1131,-74.1131,-74.1131,-225.128,-219.197,-242.7,-376.602,4584.94,3608.79,3624.69,-13.7073,997.999,-91.0679,914.707,-59.789,-63.4358,52.0429,17.9084,10.1195,3.04116,2.3218,746.946,-67.1026,39.5354,23.4345,601.679,9.3202,1.90267,0.995701,2,LLLLYVLLLLLATLASLLILI,LYVLLLLLATLASLL,0.261052496178657,0.0808951697510142,L,99999900.0,-31.278899999999993,0.0,17.572000000000003,976.1499999999996,-0.03204312861752805,0.0,0.018001331762536505,-0.014042206628079706
LLLVLLLATLLGSLLGTLILI_0,110011001100110000,1,-89.392,-87.858,-87.858,-218.615,-212.947,-233.349,-377.92,4426.61,3699.23,3598.42,-13.7028,-5.7956,-83.6164,-82.9113,-56.7138,-33.8066,81.4045,-42.1729,7.11028,2.56059,2.28166,-5.63475,-36.3206,72.3714,-40.8966,-383.716,7.2598,1.71823,1.3038,0,LLLVLLLATLLGSLLGTLILI,VLLLATLLGSLLGTL,0.3359665661531035,0.0368293309204412,G,99999900.0,-26.9026,-1.5339999999999918,14.73399999999998,727.3799999999997,-0.03698561962110591,-0.0021089389315075923,0.020256262201325287,-0.018838571310731675
LLLAYLLIALLLTLLAVLILI_2,110011001100110000,1,-59.5645,-64.1902,-58.7636,-230.661,-225.659,-244.036,-363.326,4592.38,3777.56,3973.37,-13.6858,-11.708,-86.7865,-85.1848,-60.5267,-27.0758,99.0983,-39.4555,8.78948,3.93963,3.92611,-12.3945,-22.5179,92.1154,-45.0,-375.916,8.7339,2.31327,2.195,2,LLLAYLLIALLLTLLAVLILI,AYLLIALLLTLLAVL,0.6020887112199796,0.0294509340101637,R,99999900.0,-26.259800000000006,-0.8009000000000057,13.375,814.8200000000002,-0.032227731278073685,-0.0009829164723497283,0.016414668270292823,-0.01679610220662232
LLLLALLAALLFVLLSTLILI_1,110011001100110000,1,-74.1615,-74.1615,-74.2403,-227.472,-223.243,-238.48,-337.492,4559.24,3793.59,3860.69,-13.6825,-3.67764,-49.5409,-43.7646,-24.7716,-42.3055,76.7237,-37.0497,8.23288,3.20353,2.85438,-7.75488,-37.1328,75.3172,-35.0,-345.236,8.3978,2.23774,1.8675,1,LLLLALLAALLFVLLSTLILI,LALLAALLFVLLSTL,0.3066413118808339,0.0566332098841103,R,99999900.0,-24.7693,0.07880000000000109,11.007999999999981,765.6499999999996,-0.03235068242669629,0.00010291908835630004,0.014377326454646362,-0.0178704368836936
LLLAALLVLLLTLLLSFLILI_0,110011001100110000,1,-72.0269,-71.9748,-74.2406,-230.224,-225.764,-243.6,-377.126,4566.12,3889.45,3856.7,-13.6667,-8.51032,-88.5417,-87.8977,-59.2859,-76.5835,65.6683,-42.573,8.72322,6.85276,6.33778,-9.04049,-79.5719,55.1888,-42.772,-385.637,8.8555,5.88627,5.2141,0,LLLAALLVLLLTLLLSFLILI,AALLVLLLTLLLSFL,0.3101657765268414,0.0227142342390814,R,99999900.0,-29.255800000000008,2.213700000000003,13.376000000000005,676.6700000000001,-0.04323495943369738,0.003271461716937359,0.01976739030842213,-0.02019699410347732
LLLTYLLVFLLALLLSILILI_2,110011001100110000,1,-77.3949,-70.9036,-60.3544,-232.376,-233.265,-256.029,-369.478,4680.24,3774.82,3743.64,-13.6642,0.814975,-73.3713,-64.4939,-53.0949,-67.742,54.3532,-39.4223,8.58256,3.99898,3.31427,-9.10957,-68.3504,51.785,-38.1091,-379.391,8.6758,3.74353,3.0203,2,LLLTYLLVFLLALLLSILILI,TYLLVFLLALLLSIL,0.3447850001965471,0.0783227862351186,R,99999900.0,-20.276400000000002,-17.04050000000001,23.65299999999999,905.4199999999996,-0.022394468865278006,-0.018820547370281212,0.026123787855359945,-0.015091559718141863
LLLYALLALLLGFLLGTLILI_1,110011001100110000,1,-58.812,-51.9071,-58.812,-235.757,-229.221,-243.127,-335.593,4626.19,3976.87,3658.51,-13.6546,1348130.0,-54.6792,1348070.0,-33.6542,-42.4619,81.5867,-42.5557,8.7654,3.8835,3.6073,810517.0,-43.753,64.4796,-35.9038,1347800.0,6.884,1.7677,1.23489,1,LLLYALLALLLGFLLGTLILI,YALLALLLGFLLGTL,0.3785119505452805,0.0391474209991332,G,99999900.0,-21.025,0.0,7.3700000000000045,649.3199999999997,-0.03238002833733754,0.0,0.011350335735846744,-0.021029076572414228
LLLLSLLFALLIILLVTLILI_2,110011001100110000,1,-65.873,-68.4974,-58.8343,-235.465,-234.945,-246.407,-367.657,4588.52,4014.39,3767.71,-13.6502,159.36,-79.9691,95.1461,-62.415,-38.4295,87.7972,-38.7627,9.76495,4.11704,3.934,126.643,-39.3076,75.987,-35.0,-166.545,8.4047,2.65439,2.2942,2,LLLLSLLFALLIILLVTLILI,LSLLFALLIILLVTL,0.3231994439545504,0.0197746173700488,R,99999900.0,-17.5541,-7.038700000000006,10.942000000000007,574.1300000000006,-0.03057513106787658,-0.012259766951735668,0.019058401407346763,-0.02377545155278419
LLLYALLLTLLSVLLFILILI_2,110011001100110000,1,-74.2563,-75.3074,-74.2563,-237.669,-234.046,-254.036,-370.611,4716.04,3943.48,3906.41,-13.648,-1.4845,-72.3337,-62.7425,-42.3184,-55.7346,79.6708,-45.8264,8.88982,5.61575,5.31081,-8.34016,-53.703,73.7044,-44.133,-379.033,8.7769,4.50554,4.11111,2,LLLYALLLTLLSVLLFILILI,YALLLTLLSVLLFIL,0.3107014493735433,0.0497553549972737,R,99999900.0,-30.015299999999996,0.0,16.36699999999999,772.56,-0.03885173967070519,0.0,0.021185409547478502,-0.01766594180387284
LLLSYLLILLLGFLLATLILI_1,110011001100110000,1,-74.5244,-61.2457,-58.7127,-234.31,-232.709,-254.26,-358.46,4638.18,4127.1,3602.98,-13.6414,6804.15,-63.2669,6739.65,-45.4875,-81.9749,54.9073,-39.3155,10.1901,6.20872,5.53233,6222.86,-83.7533,47.7994,-42.6647,6130.25,7.5,5.51591,4.7329,1,LLLSYLLILLLGFLLATLILI,SYLLILLLGFLLATL,0.9066876945429552,0.025352145628221,G,99999900.0,-17.779400000000003,-15.811700000000002,19.94999999999999,511.0799999999999,-0.03478790013305159,-0.030937817954136346,0.03903498473820144,-0.026691320341238167
LLLTSLLVALLALLLFILILI_2,110011001100110000,1,-56.0054,-55.3667,-45.0382,-228.811,-226.889,-255.564,-366.188,4601.97,3771.02,3733.61,-13.6308,18.3763,-95.0023,-65.5556,-65.5853,-59.1054,71.1011,-43.1083,7.84597,4.96446,4.53098,5.02309,-61.3414,69.3806,-39.8242,-351.807,8.0,5.06759,4.6083,2,LLLTSLLVALLALLLFILILI,TSLLVALLALLLFIL,0.5307165628342948,0.0567790839364071,R,99999900.0,-29.417,-10.967199999999998,26.752999999999986,830.9500000000003,-0.03540164871532582,-0.013198387387929472,0.032195679643781186,-0.01640387508273662
LLLYALLAILLAVLLTLLILI_0,110011001100110000,1,-58.8246,-58.8246,-58.8246,-232.562,-225.352,-247.174,-362.257,4623.38,3915.07,3840.84,-13.6301,-7.62705,-84.5012,-85.708,-56.2585,-78.0151,64.7812,-42.422,8.62644,6.94772,6.41944,-7.93153,-76.5455,57.3918,-43.7935,-369.884,8.5484,5.72972,5.0906,0,LLLYALLAILLAVLLTLLILI,YALLAILLAVLLTLL,0.3147987326007118,0.0393322315665883,R,99999900.0,-28.2427,0.0,14.611999999999995,708.31,-0.039873360534229366,0.0,0.02062938543857915,-0.01924312800892265
LLLSALLVILLTFLLSLLILI_1,110011001100110000,1,-71.7784,-68.4319,-74.3447,-238.22,-233.728,-253.041,-380.84,4600.29,3948.3,3913.87,-13.6168,-4.7071,-84.4591,-83.3877,-53.4545,-69.6934,53.6129,-43.4282,9.15842,4.19174,3.49593,-6.01473,-61.4513,50.1014,-39.8435,-387.294,9.0,2.48138,1.7329,1,LLLSALLVILLTFLLSLLILI,SALLVILLTFLLSLL,0.3025073341430637,0.0334868356213867,R,99999900.0,-31.004600000000003,2.5662999999999982,14.820999999999998,651.9899999999998,-0.047553796837374825,0.003936103314468012,0.022731943741468433,-0.02088498289851072
LLLTALLVILLGGLLFLLILI_1,110011001100110000,1,-47.7801,-46.8523,-44.9383,-225.592,-226.682,-242.984,-346.375,4614.57,3882.82,3648.47,-13.6125,44.8656,-86.6155,-27.9747,-58.4525,-44.3824,62.0365,-54.6371,7.01443,1.53229,0.962838,48.4774,-45.1876,67.311,-43.6659,-287.28,6.6072,2.36513,1.8748,1,LLLTALLVILLGGLLFLLILI,TALLVILLGGLLFLL,0.2797339729965091,0.0773527524893317,G,99999900.0,-28.162999999999997,-2.841799999999999,17.391999999999996,731.7499999999995,-0.038487188247352255,-0.0038835667919371385,0.02376768021865392,-0.018602664844550747
LLLAILLVTLLATLLSLLILI_0,110011001100110000,1,-87.9257,-87.9257,-87.9257,-227.033,-221.863,-240.36,-392.755,4491.8,3843.77,3723.18,-13.5914,-8.62077,-91.3882,-91.5873,-64.4701,-31.0948,89.9621,-43.1416,8.54265,3.30911,3.15854,-7.31461,-34.3116,78.2924,-42.6631,-401.376,8.583,2.21621,1.8906,0,LLLAILLVTLLATLLSLLILI,AILLVTLLATLLSLL,0.3210403375159487,0.0449530073103777,R,99999900.0,-26.918099999999995,0.0,13.327000000000027,648.0300000000002,-0.04153835470580064,0.0,0.02056540592256535,-0.02097341172476582
LLLVYLLFALLTILLSLLILI_1,110011001100110000,1,-74.2219,-74.1129,-74.2517,-240.67,-235.264,-248.201,-366.98,4732.49,3803.44,3760.74,-13.5909,1.05651,-65.6784,-56.5457,-44.527,-36.5045,94.0875,-39.9734,9.37638,4.67749,4.5888,7.4354,-31.1915,87.4311,-36.2559,-359.65,8.5903,2.98193,2.7934,1,LLLVYLLFALLTILLSLLILI,VYLLFALLTILLSLL,0.3075489319490318,0.0528738971411084,R,99999900.0,-21.151399999999995,0.029799999999994498,7.531000000000006,929.0499999999997,-0.022766697163769445,3.207577633065444e-05,0.008106129917657832,-0.014628814380280936
LLLYFLLAILLTVLLSLLILI_2,110011001100110000,1,-71.2722,-71.0463,-74.2911,-230.582,-231.038,-252.807,-367.382,4698.06,3865.11,3973.58,-13.5872,-7.2426,-79.1149,-72.5408,-40.2838,-82.7751,59.6007,-39.6372,8.90693,6.96235,6.35636,-6.93727,-79.0284,55.7683,-40.9071,-375.156,8.9529,5.88298,5.2195,2,LLLYFLLAILLTVLLSLLILI,YFLLAILLTVLLSLL,0.1662830558301147,0.1329594815900608,R,99999900.0,-38.831100000000006,3.018900000000002,22.224999999999994,832.9500000000003,-0.04661876463173059,0.003624347199711869,0.02668227384596913,-0.016312143586049578
LLLAALLFLLLGTLLGSLILI_2,110011001100110000,1,-74.0794,-63.1796,-74.0794,-223.964,-223.22,-234.495,-353.305,4499.91,3862.15,3471.27,-13.5802,734050.0,-68.8411,733983.0,-44.7303,-48.1463,71.37,-48.7726,8.55914,3.3569,2.92745,733112.0,-55.1264,51.6376,-40.2249,733657.0,6.7506,1.74004,1.0146,2,LLLAALLFLLLGTLLGSLILI,AALLFLLLGTLLGSL,0.2823205440502832,0.0496425095787956,G,99999900.0,-24.110799999999998,0.0,10.531000000000006,637.7599999999998,-0.037805444054189674,0.0,0.01651248118414452,-0.021293590065228307
LLLAILLGLLLIVLLSTLILI_2,110011001100110000,1,-74.1795,-74.1265,-74.1795,-240.382,-237.993,-240.095,-385.131,4490.8,3998.67,3643.11,-13.5724,1556950.0,-84.1415,1556870.0,-70.8558,-90.2622,63.3566,-37.5325,10.0655,8.59247,8.04282,1551160.0,-97.68,30.262,-44.4,1556560.0,6.9035,5.23737,4.1913,2,LLLAILLGLLLIVLLSTLILI,AILLGLLLIVLLSTL,0.2694557622519101,0.0180809736570844,G,99999900.0,-13.285699999999991,0.0,-0.28700000000000614,492.1300000000001,-0.02699632211001156,0.0,-0.0005831792412574037,-0.027578891756243264
LLLLVLLTILLAALLSFLILI_1,110011001100110000,1,-74.191,-70.9988,-74.191,-234.208,-224.735,-241.957,-371.519,4549.19,3957.38,3857.76,-13.5696,3.0383,-76.6899,-72.7477,-55.3715,-63.1827,72.7705,-45.6643,9.03435,5.80143,5.39298,1.67421,-57.818,66.41,-40.684,-368.397,9.0,4.13805,3.6342,1,LLLLVLLTILLAALLSFLILI,LVLLTILLAALLSFL,0.2762760116032534,0.0735308720497396,R,99999900.0,-21.318399999999997,0.0,7.748999999999995,591.8099999999995,-0.03602237204508206,0.0,0.013093729406397327,-0.022928980584985065
LLLTALLVILLAFLLSLLILI_0,110011001100110000,1,-60.4458,-59.2251,-60.3504,-230.828,-227.087,-247.339,-366.536,4570.92,3978.65,3938.34,-13.5325,-4.66548,-88.7947,-84.8891,-58.8466,-65.1568,43.6086,-53.723,8.72059,2.16068,1.31481,-4.5373,-61.4542,42.8978,-44.8882,-371.201,8.9762,1.50933,0.652797,0,LLLTALLVILLAFLLSLLILI,TALLVILLAFLLSLL,0.4125154214077269,0.0497449948574621,R,99999900.0,-29.948100000000004,-0.09539999999999793,16.510999999999996,592.27,-0.05056494504195722,-0.00016107518530399638,0.027877488307697495,-0.022848531919563715
LLLYALLFALLTVLLSALILI_1,110011001100110000,1,-74.259,-74.259,-74.3379,-233.826,-231.364,-245.684,-351.585,4631.94,3982.56,3922.71,-13.5177,-8.88078,-57.018,-54.8427,-31.5636,-34.9311,96.177,-34.8616,8.91746,4.72356,4.66621,-9.62467,-36.6602,86.1438,-39.3244,-360.919,8.6204,3.62844,3.4206,1,LLLYALLFALLTVLLSALILI,YALLFALLTVLLSAL,0.2636076117202228,0.0274425952154918,R,99999900.0,-25.4544,0.07890000000000441,11.858000000000004,649.3799999999997,-0.03919800425020791,0.00012150050817703726,0.018260494625642935,-0.02081631710246698
LLLLAYLTALLFVLLILLILI_0,110011001100110000,1,-58.8001,-58.8263,-58.8001,-235.604,-220.908,-244.962,-350.571,4680.64,3873.69,3804.61,-13.4841,484.519,-69.6509,413.683,-46.8083,-64.675,64.086,20.4594,10.1177,4.85285,4.31414,331.554,-70.366,39.5247,25.0484,133.949,9.5,2.39073,1.4836,0,LLLLAYLTALLFVLLILLILI,LAYLTALLFVLLILL,0.2609339562907199,0.1035732524643204,L,99999900.0,-22.84259999999999,0.0,9.357999999999976,806.9500000000003,-0.028307330070016706,0.0,0.011596753206518337,-0.016709957246421707
LLLLAYLILLLAVLFTLLILI_1,110011001100110000,1,-58.9475,-58.9475,-58.9475,-237.986,-234.571,-244.65,-350.83,4671.13,3908.39,3937.59,-13.4815,3.48598,-67.3779,-53.8253,-47.2329,-92.4471,52.5015,24.9455,9.58756,7.45477,6.7423,3.11968,-90.7522,38.4944,24.6573,-347.912,9.5,5.30958,4.387,1,LLLLAYLILLLAVLFTLLILI,LAYLILLLAVLFTLL,0.262105485224312,0.0046703959281667,L,99999900.0,-20.144999999999996,0.0,6.664000000000016,762.7400000000002,-0.026411359047644006,0.0,0.008736922149094073,-0.01767509242992369
LLLYSLLLALLAALLVTLILI_0,110011001100110000,1,-69.5819,-69.2696,-58.8202,-223.908,-217.427,-244.916,-357.324,4599.98,3861.17,3747.41,-13.4786,945.449,-77.3127,874.822,-53.5873,-54.7636,73.0122,-45.4211,8.37909,4.57119,4.16637,514.771,-57.1826,66.7594,-36.3012,588.125,8.3991,4.08991,3.5913,0,LLLYSLLLALLAALLVTLILI,YSLLLALLAALLVTL,0.3065038399950806,0.0257830737528443,R,99999900.0,-23.725400000000008,-10.761700000000005,21.00800000000001,738.8099999999995,-0.032112992514990356,-0.014566261961803457,0.028434915607531062,-0.01824366210527742
LLLVALLIALLFTLLSLLILI_0,110011001100110000,1,-74.1282,-74.1282,-74.1282,-228.26,-222.517,-242.523,-371.426,4580.94,3784.48,3764.2,-13.4561,-6.04816,-82.4938,-80.8285,-54.7751,-34.7128,100.927,-38.6514,8.63477,5.33204,5.34595,-5.87323,-35.9255,91.0265,-40.2111,-377.474,8.8691,4.1774,4.0428,0,LLLVALLIALLFTLLSLLILI,VALLIALLFTLLSLL,0.5301352226114497,0.0565255972130082,R,99999900.0,-27.71869999999999,0.0,14.263000000000005,796.4599999999996,-0.03480237551163901,0.0,0.017907992868442874,-0.016894884865529976
LLLYALLTILVALLLSLLILI_2,110011001100110000,1,-70.6419,-70.6419,-74.1726,-229.757,-228.616,-249.161,-377.839,4620.21,3820.62,3832.67,-13.4341,-0.737407,-90.8746,-79.3189,-54.5053,-103.13,27.0819,26.7831,9.0863,5.62559,4.53182,-1.34026,-106.661,10.839,28.0,-378.28,9.5,3.96242,2.62501,2,LLLYALLTILVALLLSLLILI,YALLTILVALLLSLL,0.5316014706065203,0.0297720270400526,L,99999900.0,-36.3693,3.530699999999996,19.403999999999996,799.5900000000001,-0.04548493602971523,0.0044156380144824165,0.024267437061494007,-0.016801235633262045
LLLYVLLFTLLAALLSALILI_1,110011001100110000,1,-76.3407,-75.9957,-74.1512,-226.294,-226.286,-245.295,-352.59,4599.56,3985.7,3906.11,-13.4183,-6.26435,-63.3736,-56.5726,-33.1439,-34.6267,77.942,-43.5035,7.91011,2.21618,1.88531,-4.96747,-36.8676,70.5484,-45.0,-358.338,8.0,1.55417,1.1124,1,LLLYVLLFTLLAALLSALILI,YVLLFTLLAALLSAL,0.2210245392546683,0.0255452561675187,R,99999900.0,-30.2297,-2.1894999999999953,19.000999999999976,613.8600000000006,-0.04924526765060433,-0.0035667741830384667,0.030953311830058904,-0.02185889290717751
LLLYALLSTLLALLLAFLILI_0,110011001100110000,1,-73.9568,-74.078,-73.9568,-234.764,-227.592,-247.303,-360.265,4635.01,4018.17,3812.63,-13.403,93.2367,-64.9468,34.6416,-39.005,-52.395,76.8671,-39.1951,8.03823,4.7363,4.38931,57.8389,-58.0388,59.4252,-37.1641,-267.028,8.0,3.22822,2.6196,0,LLLYALLSTLLALLLAFLILI,YALLSTLLALLLAFL,0.3861577049816911,0.036456188756441,R,99999900.0,-25.941799999999994,0.0,12.538999999999987,616.8400000000001,-0.042055962648336664,0.0,0.020327799753582752,-0.02172848712794241
LLLLYLLIALLLVLTFLLILI_0,110011001100110000,1,-58.9132,-58.9255,-58.9132,-235.96,-222.542,-249.749,-363.575,4698.37,3600.31,3651.83,-13.3921,39.3344,-82.0941,-42.7728,-54.9122,-64.9208,68.9118,17.1292,9.64697,5.54122,5.0749,39.9634,-62.8439,56.9541,19.0347,-324.24,9.5,3.61539,2.9697,0,LLLLYLLIALLLVLTFLLILI,LYLLIALLLVLTFLL,0.1933464544979299,0.0128260110713776,L,99999900.0,-27.1819,0.0,13.788999999999987,1098.06,-0.02475447607598856,0.0,0.01255760158825564,-0.012196145930094894
LLLTALLFTLLAVLLSLLILI_1,110011001100110000,1,-74.2365,-74.2365,-74.2365,-233.252,-230.929,-245.359,-370.751,4599.97,3767.65,3882.52,-13.3754,71.1137,-76.6374,5.52873,-51.1553,-63.671,69.3067,-40.3457,8.08816,5.40706,4.94666,-10.1178,-60.9952,66.9175,-43.9619,-381.121,8.062,4.68314,4.1869,1,LLLTALLFTLLAVLLSLLILI,TALLFTLLAVLLSLL,0.4562922057097173,0.03225204974543,R,99999900.0,-25.482100000000003,0.0,12.107,832.3200000000002,-0.030615748750480582,0.0,0.014546088043060358,-0.016070021145713185
LLLAILLTALLAVLLSLLILI_0,110011001100110000,1,-74.2855,-74.2855,-74.16,-226.348,-221.985,-236.999,-381.544,4479.8,3838.79,3757.55,-13.3639,-8.82163,-94.2747,-94.0949,-70.3848,-51.2676,79.0519,-44.1039,8.06203,4.86214,4.54792,-9.03073,-54.7525,67.5622,-45.0,-390.365,8.1508,3.83377,3.3472,0,LLLAILLTALLAVLLSLLILI,AILLTALLAVLLSLL,0.5281013223009875,0.0430695254973853,R,99999900.0,-23.889899999999997,-0.1255000000000024,10.650999999999982,641.0100000000002,-0.03726915336734215,-0.00019578477714856608,0.016615965429556446,-0.020848192695901772
LLLYLLLAILLAALLTSLILI_0,110011001100110000,1,-74.0618,-74.0618,-74.0618,-235.379,-217.773,-245.475,-373.014,4608.44,3975.0,3804.3,-13.3635,-2.35781,-76.9362,-83.5366,-53.4773,-80.1634,73.4215,-48.7802,8.96775,8.43641,8.03774,-2.44003,-77.7514,58.4033,-43.4014,-375.371,8.5202,6.04715,5.4232,0,LLLYLLLAILLAALLTSLILI,YLLLAILLAALLTSL,0.203557257884554,0.0201787658400229,R,99999900.0,-23.4589,0.0,10.096000000000004,633.4399999999996,-0.03703413109371056,0.0,0.01593836827481689,-0.021096710027784807
LLLSALLFVLLALLLSTLILI_0,110011001100110000,1,-74.2478,-74.2478,-74.2184,-232.845,-230.398,-247.335,-375.043,4582.81,3906.52,3836.86,-13.3553,-6.39887,-81.3052,-76.7959,-53.4893,-63.6932,67.5159,-45.0046,8.22134,5.16863,4.68137,-6.71765,-66.724,58.8887,-41.9166,-381.442,8.6817,4.45857,3.8419,0,LLLSALLFVLLALLLSTLILI,SALLFVLLALLLSTL,0.407426308248948,0.0169917869551704,R,99999900.0,-27.8159,-0.02939999999999543,14.490000000000009,676.2900000000004,-0.041130136479912434,-4.3472474825881515e-05,0.021425719735616376,-0.01974788921912196
LLLYALLTALLFVLLILLILI_0,110011001100110000,1,-58.9852,-58.9852,-58.9852,-236.052,-233.467,-252.038,-356.216,4710.44,3872.9,3820.71,-13.3547,-7.11251,-74.5335,-70.8758,-45.1929,-49.0867,89.4314,-44.7176,8.11199,5.93626,5.77773,-6.25154,-51.8061,81.4519,-44.6308,-363.328,8.0262,5.26692,4.9887,0,LLLYALLTALLFVLLILLILI,YALLTALLFVLLILL,0.3949989935902924,0.0389409552072766,R,99999900.0,-29.340600000000002,0.0,15.986000000000018,837.5399999999995,-0.03503187907443229,0.0,0.019086849583303516,-0.01594514888841131
LLLYALLTTLLSILLVLLILI_0,110011001100110000,1,-88.8768,-89.2354,-88.0441,-236.375,-228.849,-252.261,-390.339,4645.32,3899.92,3881.26,-13.3511,-7.2542,-78.4383,-79.5087,-50.0335,-65.6298,82.4475,-37.0832,8.48846,7.47488,7.21159,-7.1731,-66.0867,73.4773,-35.8299,-397.593,8.3793,6.33244,5.9346,0,LLLYALLTTLLSILLVLLILI,YALLTTLLSILLVLL,0.3453726418390484,0.1423595422388283,R,99999900.0,-28.4048,-0.8327000000000027,15.885999999999996,745.3999999999996,-0.03810678830158307,-0.0011171183257311552,0.021312047222967537,-0.017911322779715598
LLLLYLLTALLAVLLILLILI_2,110011001100110000,1,-58.7942,-58.8271,-58.7776,-231.136,-225.378,-244.381,-370.068,4636.32,3778.06,3761.36,-13.3506,185.017,-93.4885,99.1541,-66.9099,-56.5856,91.693,20.2685,9.89493,7.36639,7.24178,171.637,-63.0338,71.0042,23.361,-181.587,9.4488,5.54064,5.1057,2,LLLLYLLTALLAVLLILLILI,LYLLTALLAVLLILL,0.375400741626294,0.0465405524613251,L,99999900.0,-26.57860000000001,-0.01659999999999684,13.245000000000005,858.2599999999998,-0.030968005033439768,-1.934145829934617e-05,0.015432386456318607,-0.015555426094656636
LLLTALLVALLSLLLFALILI_1,110011001100110000,1,-61.1409,-63.2156,-60.533,-229.337,-226.795,-244.08,-365.073,4592.1,3715.69,3775.43,-13.3483,-9.74344,-87.9433,-84.8057,-60.4599,-65.2246,76.762,-46.9167,8.40304,6.64655,6.29798,-10.5648,-61.9577,72.2743,-44.5504,-375.653,8.5141,5.55069,5.13481,1,LLLTALLVALLSLLLFALILI,TALLVALLSLLLFAL,0.5232124411411182,0.0456215391280294,R,99999900.0,-27.483399999999996,-0.6079000000000008,14.743000000000023,876.4100000000003,-0.03135906710329639,-0.0006936251297908519,0.016822035348752318,-0.015230656884334953
LLLTVLLAALLGFLLGSLILI_1,110011001100110000,1,-65.7059,-60.3442,-60.3442,-222.665,-216.005,-234.764,-341.945,4477.05,3832.31,3594.66,-13.3401,342051.0,-66.9139,341985.0,-46.8367,-53.1863,65.5787,-52.4822,7.57758,3.33108,2.81476,263703.0,-52.4326,53.6154,-37.48,273416.0,7.3254,1.60297,0.907201,1,LLLTVLLAALLGFLLGSLILI,TVLLAALLGFLLGSL,0.830866482966843,0.0883854616746006,G,99999900.0,-20.077199999999998,-5.361699999999999,12.099000000000018,644.7400000000002,-0.031139994416353865,-0.008316065390700123,0.0187657040047151,-0.020690666004901194
LLLLTLLVALLSTLLIFLILI_2,110011001100110000,1,-82.6666,-82.5415,-74.3106,-225.514,-225.366,-245.588,-377.783,4585.41,3934.46,3794.72,-13.3364,-9.46853,-82.9385,-79.3442,-57.8841,-55.2657,82.9205,-37.4433,8.58963,5.98412,5.72793,-9.34657,-54.7442,78.7538,-35.0,-387.413,8.4748,5.34339,5.0247,2,LLLLTLLVALLSTLLIFLILI,LTLLVALLSTLLIFL,0.4157315584063254,0.0387882084463028,R,99999900.0,-25.054400000000008,-8.356000000000009,20.073999999999984,650.9499999999998,-0.03848897764805287,-0.012836623396574254,0.03083800599124355,-0.02048759505338352
LLLVALLILLLYLLATLLILI_0,110011001100110000,1,-58.8664,-58.8664,-58.8664,-227.43,-225.435,-246.463,-369.697,4677.21,3795.93,3662.35,-13.3357,3200.3,-96.736,3114.9,-64.3675,-98.3416,27.7088,29.4937,9.91714,4.99192,3.90755,1562.08,-106.828,17.5547,23.8579,2830.6,9.5,4.89408,3.6574,0,LLLVALLILLLYLLATLLILI,VALLILLLYLLATLL,0.5999870051258769,0.1119582286534458,L,99999900.0,-32.3685,0.0,19.032999999999987,881.2800000000002,-0.03672896241830064,0.0,0.0215969952795933,-0.015132194081336234
LLLYALLTVLLAALLSFLILI_2,110011001100110000,1,-74.1754,-73.8873,-74.1754,-236.25,-236.944,-245.957,-351.64,4635.64,4070.69,3927.85,-13.3289,-12.3928,-54.5432,-53.2018,-31.5074,-75.0364,62.7144,-40.9298,8.69008,6.2219,5.66262,-5.88567,-71.6539,57.0728,-39.68,-359.132,8.4856,4.95291,4.309,2,LLLYALLTVLLAALLSFLILI,YALLTVLLAALLSFL,0.3498841787538214,0.0767433747666467,R,99999900.0,-23.0358,0.0,9.706999999999994,564.9500000000003,-0.04077493583502963,0.0,0.017182051508983075,-0.023593061332861306
LLLALLLVTLLAILLSFLILI_1,110011001100110000,1,-77.432,-77.7944,-74.1591,-227.052,-225.898,-242.502,-371.578,4544.37,3958.33,3836.34,-13.3178,-11.7991,-80.4118,-79.6853,-54.917,-55.9993,52.5206,-48.2881,8.34585,1.99018,1.27799,-9.02413,-51.3087,52.0453,-45.0,-380.588,8.5127,1.22242,0.503099,1,LLLALLLVTLLAILLSFLILI,ALLLVTLLAILLSFL,0.1641423099578113,0.032728953609342,R,99999900.0,-25.494799999999998,-3.272900000000007,15.450000000000017,586.04,-0.04350351511842195,-0.005584772370486668,0.026363388164630432,-0.02272506996109481
LLLAVLLTILLGALLSLLILI_2,110011001100110000,1,-75.9324,-72.2679,-74.2311,-224.526,-219.718,-236.438,-377.802,4456.56,3903.28,3686.96,-13.3126,74.9189,-90.6558,-10.8969,-67.1323,-47.157,68.9195,-45.3768,8.05051,2.87768,2.41147,58.8039,-47.9501,60.2066,-41.6343,-302.883,7.3755,1.8204,1.2235,2,LLLAVLLTILLGALLSLLILI,AVLLTILLGALLSLL,0.3463065057815395,0.0340629686839134,G,99999900.0,-23.5235,-1.7013000000000034,11.911999999999978,553.2800000000002,-0.042516447368421036,-0.00307493493348757,0.021529786003470167,-0.024061234817813755
LLLYILLVFLLITLLSLLILI_0,110011001100110000,1,-74.1188,-70.4287,-74.1188,-252.515,-235.667,-256.866,-375.134,4723.79,4164.1,3885.33,-13.3111,685.472,-61.8119,616.433,-44.1494,-81.6835,65.3124,-38.0664,10.6317,7.5697,7.04938,685.934,-79.5181,50.3906,-43.452,310.338,8.9618,5.23044,4.4863,0,LLLYILLVFLLITLLSLLILI,YILLVFLLITLLSLL,0.1298457329477085,0.1089314162727575,R,99999900.0,-17.6625,0.0,4.350999999999999,559.6899999999996,-0.03155764798370529,0.0,0.007773946291697194,-0.023782987010666636
LLLYVLLTTLLALLLSFLILI_1,110011001100110000,1,-87.9189,-87.9868,-87.9745,-240.745,-239.029,-252.699,-375.901,4654.68,4103.44,3905.78,-13.3035,-11.7485,-60.5403,-60.6334,-35.2275,-59.2217,69.8269,-45.0325,8.7829,4.80988,4.35728,-8.25474,-59.6352,61.4935,-42.8163,-384.349,8.6405,3.7469,3.1693,1,LLLYVLLTTLLALLLSFLILI,YVLLTTLLALLLSFL,0.3137001940651855,0.0295828111370925,R,99999900.0,-25.312800000000003,0.05560000000001253,11.954000000000008,551.2400000000007,-0.04591974457586527,0.00010086350772805395,0.021685654161526728,-0.024133771134170205
LLLLTLLLFILILLLSVLILI_1,110011001100110000,1,-60.2498,-60.3586,-60.4286,-238.351,-231.699,-250.16,-380.109,4636.13,3781.05,3602.7,-13.2991,342.285,-94.8075,254.233,-69.5206,-50.7467,83.0964,16.4678,10.4202,5.33002,5.07646,262.533,-56.9271,66.5563,23.7083,-44.9292,9.2343,4.02416,3.5225,1,LLLLTLLLFILILLLSVLILI,LTLLLFILILLLSVL,0.4797908655292,0.0709006713397547,L,99999900.0,-25.286900000000003,0.1788000000000025,11.808999999999997,855.0799999999999,-0.029572554614772893,0.00020910324180193962,0.013810403704916497,-0.01555304766805445
LLLVYLLLALLFTLLSILILI_1,110011001100110000,1,-79.6209,-80.2529,-74.103,-232.443,-232.64,-247.926,-369.942,4634.07,3901.26,3911.2,-13.2851,-12.1231,-71.1638,-69.1726,-47.9133,-24.6946,81.5329,-45.657,8.47341,1.21113,0.934125,-13.9663,-23.8784,81.123,-44.2433,-383.793,8.4762,1.03336,0.750204,1,LLLVYLLLALLFTLLSILILI,VYLLLALLFTLLSIL,0.404530050925225,0.0714389851664048,R,99999900.0,-23.250499999999995,-5.517900000000012,15.482999999999976,732.8099999999995,-0.03172786943409617,-0.007529782617595305,0.021128259712613073,-0.018128982956018627
LLLLSTLLAVLFLLLYILILI_0,110011001100110000,1,-58.5144,-63.4015,-45.0471,-229.347,-221.83,-249.759,-351.828,4604.12,3615.17,3590.38,-13.2847,633.175,-77.2521,566.578,-57.0219,-52.38,84.7699,15.7539,9.28488,5.80093,5.57248,633.593,-57.0745,70.4682,20.2462,281.347,8.8184,4.57438,4.1314,0,LLLLSTLLAVLFLLLYILILI,LSTLLAVLFLLLYIL,0.3611342580117367,0.1276203536215082,L,99999900.0,-20.230199999999996,-13.467300000000002,20.411999999999978,988.9499999999998,-0.020456241468223873,-0.013617776429546492,0.020640072804489592,-0.01343313615450731
LLLTYLLIVLLALLLIFLILI_2,110011001100110000,1,-45.1159,-45.1159,-45.1159,-244.174,-242.427,-256.145,-357.399,4668.8,3948.61,3885.24,-13.2828,19.7557,-81.3922,-50.1013,-56.1382,-67.9644,65.2272,-43.7866,9.29968,5.50033,4.97874,16.1749,-65.3764,53.0016,-44.5512,-339.062,8.8858,3.46168,2.7567,2,LLLTYLLIVLLALLLIFLILI,TYLLIVLLALLLIFL,0.2768969346650196,0.0367384271886122,R,99999900.0,-25.254000000000005,0.0,11.970999999999975,720.19,-0.03506574653910774,0.0,0.016622002527110866,-0.018443466307502186
LLLFALLTTLLAVLLSALILI_2,110011001100110000,1,-88.0662,-88.0662,-88.0662,-227.376,-224.591,-238.118,-364.665,4547.6,3816.33,3835.49,-13.2789,-5.25742,-62.5009,-57.2651,-38.48,-68.0268,72.9264,-40.0442,8.06289,6.54909,6.14299,-6.06718,-61.3414,69.3806,-39.8242,-370.73,8.0,5.06759,4.6083,2,LLLFALLTTLLAVLLSALILI,FALLTTLLAVLLSAL,0.3618881528332824,0.0436928365557748,R,99999900.0,-24.020900000000005,0.0,10.74199999999999,731.2700000000004,-0.03284819560490652,0.0,0.014689512765462803,-0.018158682839443697
LLLTYLLTVLLAFLLILLILI_2,110011001100110000,1,-73.8671,-75.2842,-58.8258,-240.897,-236.404,-258.192,-362.775,4686.18,3770.01,3744.86,-13.2763,419.304,-61.2873,368.217,-45.7573,-66.0651,65.7994,-40.2837,8.80509,5.29268,4.77967,409.112,-65.6219,56.0214,-35.0,45.894,8.811,3.90618,3.2465,2,LLLTYLLTVLLAFLLILLILI,TYLLTVLLAFLLILL,0.3701225055505475,0.0472715594255111,R,99999900.0,-15.530000000000001,-15.041299999999993,17.295000000000016,916.1700000000001,-0.01695100254319613,-0.016417586255825876,0.018877500900487915,-0.014491087898534115
LLLYVLLTALLAALLSLLILI_0,110011001100110000,1,-74.8443,-74.1293,-74.1974,-229.424,-225.266,-244.448,-368.917,4590.02,3909.34,3840.67,-13.2726,-10.3615,-77.9207,-79.883,-50.2711,-26.5437,95.361,-44.3458,8.03346,3.35529,3.28571,-9.46437,-28.5899,84.4588,-45.0,-379.278,8.1271,2.19042,1.9573,0,LLLYVLLTALLAALLSLLILI,YVLLTALLAALLSLL,0.4142675128165151,0.0217139170126943,R,99999900.0,-27.6496,-0.6469000000000023,15.024000000000001,680.6800000000003,-0.04062055591467354,-0.0009503731562555121,0.022072045601457358,-0.019499030381383314
LLLAYLLIALLVSLLTILILI_0,110011001100110000,1,-80.7891,-74.2976,-74.2976,-227.79,-224.983,-245.865,-376.344,4544.09,3847.18,3793.89,-13.2641,6.90413,-81.0295,-70.1593,-56.1815,-18.1051,88.7036,-45.5246,8.57296,1.19076,1.02131,9.15308,-12.2363,93.4904,-35.6757,-369.44,9.0,0.956644,0.858999,0,LLLAYLLIALLVSLLTILILI,AYLLIALLVSLLTIL,0.6508355570226013,0.0794206830375083,R,99999900.0,-24.848,-6.491500000000002,18.075000000000017,696.9100000000003,-0.03565453214905797,-0.009314689127720939,0.02593591711985767,-0.019032730194716668
LLLTALLTILLAFLLSLLILI_1,110011001100110000,1,-74.2117,-74.279,-74.1522,-234.277,-228.968,-247.461,-374.577,4550.6,3766.63,3778.89,-13.2598,-10.0223,-79.3482,-81.352,-52.9641,-71.2857,60.4041,-40.3406,8.46254,5.34742,4.75348,-7.87154,-68.2683,51.1623,-39.0156,-383.205,8.2586,3.64716,2.9146,1,LLLTALLTILLAFLLSLLILI,TALLTILLAFLLSLL,0.3947091978148702,0.0700484210851749,R,99999900.0,-26.384100000000004,-0.059499999999999886,13.184000000000026,783.9700000000003,-0.03365447657435871,-7.589576131739718e-05,0.016816970037118795,-0.016913657410360085
LLLASLLTLLLGALLGVLILI_2,110011001100110000,1,-63.1851,-66.9767,-58.7469,-216.891,-217.306,-236.262,-357.268,4458.05,3730.21,3564.79,-13.2572,2275400.0,-90.4499,2275320.0,-62.2593,-47.7751,54.841,-49.7291,6.70055,1.0698,0.392415,1469550.0,-47.0876,58.6724,-35.0,2275020.0,7.44,1.48391,0.863996,2,LLLASLLTLLLGALLGVLILI,ASLLTLLLGALLGVL,0.2825522970377794,0.056403720005092,G,99999900.0,-28.190599999999996,-4.438200000000002,19.37100000000001,727.8400000000001,-0.03873186414596613,-0.006097768740382503,0.026614365794680156,-0.018214442734666957
LLLTALLIALLLALLFVLILI_2,110011001100110000,1,-45.0398,-45.0398,-45.0398,-230.184,-230.032,-244.106,-354.951,4564.15,3825.23,3779.76,-13.2392,23.8849,-92.9671,-55.9945,-65.8057,-24.8087,90.6746,-43.5945,7.76211,2.46237,2.32249,21.3737,-15.7577,89.9497,-39.1893,-335.812,8.0,1.00686,0.856105,2,LLLTALLIALLLALLFVLILI,TALLIALLLALLFVL,0.3893634959697496,0.0136827709621126,R,99999900.0,-27.1614,0.0,13.921999999999997,738.9199999999996,-0.03675824175824178,0.0,0.01884101120554323,-0.017916959887403248
LLLYLLLGALLGVLLITLILI_0,110011001100110000,1,-58.7653,-59.8407,-58.7653,-231.098,-220.149,-243.67,-355.287,4596.55,3826.52,3685.8,-13.2174,4.76324,-78.6412,-70.534,-52.8511,-72.5626,78.3421,-47.8736,7.59071,7.96058,7.63571,2.49921,-68.8165,69.6202,-43.3499,-350.524,7.0847,6.2212,5.7655,0,LLLYLLLGALLGVLLITLILI,YLLLGALLGVLLITL,0.2562942547133735,0.0417299821875065,G,99999900.0,-25.790099999999995,0.0,12.571999999999974,770.0300000000002,-0.03349233146760514,0.0,0.01632663662454706,-0.01716478578756671
LLLYLLLVTLLAILLSALILI_0,110011001100110000,1,-77.7317,-74.212,-74.212,-234.765,-231.566,-247.523,-375.336,4648.86,4023.76,4043.24,-13.1558,-7.64371,-75.9954,-77.2016,-53.6016,-56.1389,61.9937,-43.494,7.84876,3.28997,2.71988,-7.16961,-50.8571,62.3289,-43.2727,-382.98,8.14,2.54297,1.9779,0,LLLYLLLVTLLAILLSALILI,YLLLVTLLAILLSAL,0.2284404501702374,0.0320276759881144,R,99999900.0,-22.393800000000006,-3.5197000000000003,12.75800000000001,625.0999999999995,-0.03582434810430335,-0.005630619100943855,0.020409534474484115,-0.02104591265397538
LLLFALLVILLALLLSTLILI_1,110011001100110000,1,-74.1631,-74.1631,-74.1631,-229.843,-223.672,-243.085,-370.393,4616.6,3980.43,3864.04,-13.1337,-1.57273,-79.5207,-74.1305,-53.1448,-69.1236,51.7332,-49.3915,7.90988,3.85252,3.12851,-3.45541,-63.1365,52.5615,-43.97,-375.266,8.1663,3.06628,2.3547,1,LLLFALLVILLALLLSTLILI,FALLVILLALLLSTL,0.4517452811213878,0.033845272087909,R,99999900.0,-26.37590000000001,0.0,13.242000000000019,636.1700000000005,-0.041460458682427634,0.0,0.020815190908090617,-0.020644953392960984
LLLTYLLVALLTFLLILLILI_0,110011001100110000,1,-72.0964,-64.5665,-58.9752,-236.057,-236.924,-257.536,-366.875,4683.13,3836.41,3743.92,-13.1325,36.5124,-71.8538,-28.8716,-50.3638,-70.5205,53.2528,-46.2902,8.99768,4.26719,3.56599,34.9786,-71.7611,50.3856,-43.3797,-330.363,9.0,4.06622,3.322,0,LLLTYLLVALLTFLLILLILI,TYLLVALLTFLLILL,0.3403144570839755,0.0156020996974047,R,99999900.0,-21.49000000000001,-13.121200000000002,21.479000000000013,846.7200000000003,-0.02538029100529101,-0.015496504157218441,0.02536729969765685,-0.015509849773242625
LLLTALLLALLISLLFVLILI_2,110011001100110000,1,-60.3844,-60.3697,-60.355,-232.791,-231.33,-246.516,-366.041,4598.09,3909.79,3863.66,-13.1246,21.8333,-85.9902,-52.5082,-59.1699,-20.2464,100.306,-42.9257,8.42732,3.07829,3.08288,21.455,-12.3046,96.0681,-35.7827,-342.245,8.782,1.31488,1.2559,2,LLLTALLLALLISLLFVLILI,TALLLALLISLLFVL,0.4804355749953647,0.0284144757598125,R,99999900.0,-26.820300000000003,-0.029400000000002535,13.724999999999994,688.3000000000002,-0.038966003196280685,-4.271393287810915e-05,0.019940432950748207,-0.01906813889292459
LLLTALLVGLLILLLGFLILI_2,110011001100110000,1,-44.921,-44.921,-44.921,-227.218,-226.166,-243.629,-348.496,4584.56,3762.93,3748.72,-13.122,121.922,-89.4791,44.5131,-59.9458,-41.6028,84.0211,-39.1695,7.81368,4.08326,3.84358,112.243,-48.1591,65.1383,-40.7743,57.3264,7.1702,2.51753,1.9946,2,LLLTALLVGLLILLLGFLILI,TALLVGLLILLLGFL,0.2881314601409165,0.0336174448992131,G,99999900.0,-29.533300000000004,0.0,16.411,821.6300000000006,-0.0359447683263756,0.0,0.01997371079439649,-0.0159706924041235
LLLLALLIALLVALLSTLILI_1,110011001100110000,1,-74.2471,-74.2471,-74.2471,-225.103,-222.996,-237.169,-377.823,4506.89,3917.21,3928.92,-13.1133,-11.1475,-91.5855,-91.7268,-66.4067,-18.9465,99.761,-39.2988,8.71977,2.80971,2.80612,-6.84085,-18.5428,92.2619,-41.0527,-384.927,8.8427,1.73677,1.6207,1,LLLLALLIALLVALLSTLILI,LALLIALLVALLSTL,0.3889346210150559,0.0465877610395611,R,99999900.0,-25.178799999999995,0.0,12.066000000000003,589.6800000000003,-0.042699091032424336,0.0,0.020461945461945456,-0.022237993487993477
LLLLALLFALLVSLLTALILI_0,110011001100110000,1,-70.9057,-74.1879,-74.1879,-225.168,-217.529,-237.179,-363.479,4529.05,3901.12,3869.18,-13.1011,-1.20935,-80.5056,-72.9706,-52.1114,-44.4264,98.5112,-44.0756,8.26541,6.46297,6.44064,-1.2137,-43.4298,87.7182,-42.5164,-364.688,8.2716,4.85643,4.6722,0,LLLLALLFALLVSLLTALILI,LALLFALLVSLLTAL,0.3742645101858768,0.0750748953454311,R,99999900.0,-28.394199999999998,3.282200000000003,12.010999999999996,627.9300000000003,-0.04521873457232491,0.005227015750163237,0.01912792827225963,-0.020863949803322016
LLLYALLTILLAVLLSLLILI_2,110011001100110000,1,-73.9922,-73.6335,-74.0843,-238.814,-236.386,-248.999,-377.949,4625.1,3883.48,3896.64,-13.0905,-10.5276,-78.2336,-78.458,-54.8657,-75.3193,55.3736,-43.974,8.25508,5.27333,4.60393,-9.42252,-72.8356,51.2424,-44.0229,-387.553,8.2733,4.34306,3.6117,2,LLLYALLTILLAVLLSLLILI,YALLTILLAVLLSLL,0.4424059880032012,0.0331247901972302,R,99999900.0,-23.3679,0.09210000000000207,10.185000000000002,741.6200000000003,-0.031509263504220474,0.00012418758933146627,0.013733448396753051,-0.01765122299830101
LLLAYLLIALLLILLFVLILI_0,110011001100110000,1,-51.4503,-51.2786,-45.0193,-236.072,-230.887,-249.926,-353.076,4653.13,4011.27,3952.52,-13.0758,8.25267,-78.6289,-62.6577,-58.1307,-19.7642,105.549,-46.9647,9.19309,3.71382,3.79706,15.2552,-22.5179,92.1154,-45.0,-344.823,8.7339,2.31327,2.195,0,LLLAYLLIALLLILLFVLILI,AYLLIALLLILLFVL,0.4554042183180313,0.0884266250818482,R,99999900.0,-20.498200000000004,-6.430999999999997,13.853999999999985,641.8600000000001,-0.03193562459103231,-0.010019318854578874,0.021584146075468144,-0.020371732153429092
LLLTVLLGALLGILLILLILI_0,110011001100110000,1,-44.983,-51.0142,-44.983,-226.322,-222.374,-240.464,-362.527,4501.87,3707.93,3628.89,-13.0756,56.2642,-104.298,-32.8743,-77.0802,-68.7489,74.5719,-42.9675,7.89973,6.87954,6.49812,55.4568,-63.7261,69.6712,-42.7158,-306.263,7.3752,5.46453,5.0096,0,LLLTVLLGALLGILLILLILI,TVLLGALLGILLILL,0.2531743133736357,0.0400966979700325,G,99999900.0,-27.217799999999997,0.0,14.141999999999996,793.94,-0.03428193566264453,0.0,0.017812429150817436,-0.01646925460362244
LLLAYLLILLLGTLLAFLILI_0,110011001100110000,1,-58.663,-66.6294,-58.663,-229.346,-221.654,-245.199,-348.711,4636.39,3956.33,3553.56,-13.0668,156601.0,-73.7685,156540.0,-44.8488,-76.6509,50.8603,-50.8598,8.14118,4.86378,4.12668,107626.0,-71.7752,52.5548,-41.6943,156252.0,6.762,4.36118,3.6495,0,LLLAYLLILLLGTLLAFLILI,AYLLILLLGTLLAFL,0.3847220113110218,0.0377444761336472,G,99999900.0,-28.919700000000006,0.0,15.853000000000009,680.0600000000004,-0.04252521836308559,0.0,0.02331117842543305,-0.019214186983501445
LLLTALLAGLLFLLLSVLILI_1,110011001100110000,1,-60.2509,-60.7795,-60.3184,-224.389,-223.403,-244.41,-361.483,4589.87,3669.78,3598.38,-13.0571,-10.8076,-89.9002,-88.1086,-56.755,-71.4599,71.1443,-43.3483,7.22564,6.82346,6.39062,-12.0823,-68.8165,69.6202,-43.3499,-373.591,7.0847,6.2212,5.7655,1,LLLTALLAGLLFLLLSVLILI,TALLAGLLFLLLSVL,0.3408570852851822,0.0151994770724244,G,99999900.0,-33.145199999999996,0.06749999999999545,20.020999999999987,920.0899999999997,-0.03602386723037965,7.336238846199336e-05,0.021759827842928403,-0.014191111739069008
LLLVALLIALLLTLLSLLILI_2,110011001100110000,1,-71.8828,-74.1632,-74.1632,-232.977,-223.567,-241.544,-392.137,4570.11,3906.38,3768.11,-13.0356,-5.42151,-100.313,-99.8286,-76.4296,-32.1663,102.846,-46.0376,9.00145,5.20911,5.2518,-5.18294,-27.4697,91.2863,-38.4161,-397.764,8.8147,2.94411,2.8134,2,LLLVALLIALLLTLLSLLILI,VALLIALLLTLLSLL,0.9779385743485705,0.0688638376348984,R,99999900.0,-23.88340000000001,2.2804,8.567000000000007,663.7299999999996,-0.03598360779232523,0.0034357344100763893,0.01290735690717613,-0.01963991382037878
LLLYALLVALLITLLALLILI_1,110011001100110000,1,-59.0588,-51.4548,-58.8507,-230.231,-230.187,-247.054,-362.709,4636.58,4032.69,3931.37,-13.0166,2.78582,-86.4356,-78.281,-56.804,-36.7767,91.8203,-46.1494,8.20833,4.41225,4.28955,-7.51973,-28.1339,95.9421,-37.7472,-370.331,8.6579,3.67227,3.6114,1,LLLYALLVALLITLLALLILI,YALLVALLITLLALL,0.441972040636132,0.0830094172049338,R,99999900.0,-29.63159999999999,-0.20809999999999462,16.823000000000008,603.8899999999999,-0.04906787660004305,-0.00034459918197021755,0.027857722432893427,-0.021554587756048293
LLLVALLLTLLFTLLSALILI_1,110011001100110000,1,-88.7461,-88.0691,-87.914,-229.703,-229.088,-241.806,-377.788,4549.83,3884.57,3869.49,-13.0139,-10.3238,-72.3525,-70.9551,-48.0683,-30.9985,79.1838,-43.6856,8.45954,1.83958,1.52734,-4.16501,-25.9809,76.4631,-43.056,-383.203,8.6797,0.719653,0.366599,1,LLLVALLLTLLFTLLSALILI,VALLLTLLFTLLSAL,0.3698266603494309,0.0669738288481482,R,99999900.0,-24.284200000000006,-0.832099999999997,12.103000000000009,665.2599999999998,-0.03650332200943994,-0.001250789165138438,0.018192886991552193,-0.019562126086041555
LLLVTLLLGLLFILLFALILI_2,110011001100110000,1,-44.9466,-49.5476,-44.9466,-232.164,-224.011,-243.908,-340.187,4665.39,4001.0,3592.95,-13.0007,2161.74,-76.0769,2095.11,-51.3325,-39.3495,81.9177,-45.2142,9.11834,3.46132,3.19008,1542.93,-33.3677,74.3197,-39.8132,1821.56,7.0315,1.53831,1.15311,2,LLLVTLLLGLLFILLFALILI,VTLLLGLLFILLFAL,0.2536434307711697,0.0670877993182211,G,99999900.0,-24.74439999999999,0.0,11.744,664.3900000000003,-0.03724378753443005,0.0,0.017676364785743304,-0.019567874290702742
LLLVYLLLALLTSLLAILILI_0,110011001100110000,1,-80.8095,-80.8278,-74.3239,-229.491,-223.469,-242.944,-376.494,4565.73,3881.04,4007.83,-13.0005,-6.15453,-79.1938,-78.3514,-59.2259,-19.5629,103.424,-46.1107,8.57429,3.39665,3.44801,-6.28268,-22.5179,92.1154,-45.0,-382.648,8.7339,2.31327,2.195,0,LLLVYLLLALLTSLLAILILI,VYLLLALLTSLLAIL,0.4577468731149379,0.055310618640129,R,99999900.0,-19.967899999999993,-6.485600000000005,13.452999999999975,684.6899999999996,-0.029163417020841555,-0.009472315938599964,0.019648307993398447,-0.01898742496604304
LLLYALLVALLTALLSALILI_2,110011001100110000,1,-75.956,-76.3079,-74.294,-223.901,-221.502,-240.984,-355.5,4552.16,3795.68,3813.49,-12.985,-5.73725,-68.6279,-63.4271,-40.2216,-27.7511,87.0492,-41.7631,8.20815,2.41431,2.22005,-8.01225,-24.5731,86.8436,-39.2659,-362.164,8.2633,1.90985,1.7125,2,LLLYALLVALLTALLSALILI,YALLVALLTALLSAL,0.325610131313936,0.0213350056805451,R,99999900.0,-28.406299999999995,-1.6620000000000061,17.083,756.48,-0.03755062923011843,-0.00219701776649747,0.02258222292724196,-0.01716502749576988
LLLLILLSVLLAALLTFLILI_0,110011001100110000,1,-72.5678,-74.1097,-74.101,-231.799,-217.009,-241.36,-370.336,4575.84,4054.85,3820.78,-12.9775,-1.47593,-78.9469,-80.6936,-54.8752,-71.8204,65.7506,-50.0803,8.72772,6.14939,5.63565,-1.36042,-71.7611,50.3856,-43.3797,-371.812,9.0,4.06622,3.322,0,LLLLILLSVLLAALLTFLILI,LILLSVLLAALLTFL,0.3128893594603508,0.0225604751848295,R,99999900.0,-24.0717,1.5331999999999937,9.561000000000007,520.9900000000002,-0.04620376590721509,0.0029428587880765333,0.018351599838768502,-0.024909307280370052
LLLASLLTLLLGYLLGVLILI_2,110011001100110000,1,-66.9408,-67.5226,-58.7469,-228.5,-224.087,-240.323,-353.599,4503.71,3786.38,3537.81,-12.9772,2275860.0,-71.1361,2275800.0,-54.5296,-41.7321,80.577,-41.6525,9.00952,3.63771,3.34637,1263610.0,-47.0876,58.6724,-35.0,2275020.0,7.44,1.48391,0.863996,2,LLLASLLTLLLGYLLGVLILI,ASLLTLLLGYLLGVL,0.4433820415942799,0.0595545135836635,G,99999900.0,-16.606499999999997,-8.1939,11.823000000000008,717.3299999999999,-0.02315043285517126,-0.011422776128141859,0.016481953912425257,-0.01809097625918336
LLLVTLLLALALLLFSLLILI_0,110011001100110000,1,-63.6377,-64.7297,-60.4201,-221.604,-219.164,-242.383,-368.651,4628.75,3685.62,3663.05,-12.9763,-0.983165,-96.3846,-85.7402,-65.8473,-107.083,24.3482,21.5949,9.33616,5.84944,4.71466,3.53409,-109.546,18.722,21.6774,-369.634,9.0601,5.45937,4.2402,0,LLLVTLLLALALLLFSLLILI,VTLLLALALLLFSLL,0.2736126228226561,0.0524587691439539,L,99999900.0,-30.537300000000002,-3.2176000000000045,20.778999999999996,943.1300000000001,-0.03237867526215898,-0.0034116187588137414,0.02203195741838346,-0.013758760722275824
LLLVALLAALLFTLLSLLILI_0,110011001100110000,1,-73.3376,-74.1282,-74.1282,-225.591,-219.213,-237.973,-365.869,4557.68,4017.3,3797.03,-12.9741,-2.82331,-79.9142,-75.3506,-53.768,-29.6431,107.072,-45.3019,9.08901,5.40118,5.50726,-2.8157,-35.9255,91.0265,-40.2111,-368.692,8.8691,4.1774,4.0428,0,LLLVALLAALLFTLLSLLILI,VALLAALLFTLLSLL,0.3663026543813064,0.0195973500767681,R,99999900.0,-26.146199999999993,0.790600000000012,12.382000000000005,540.3800000000001,-0.04838484029756836,0.0014630445242237162,0.022913505311077394,-0.024009215737073906
LLLAILLTVLTSLLFLLLILI_0,110011001100110000,1,-88.088,-84.3558,-88.0253,-231.218,-213.976,-245.363,-386.233,4544.62,3748.21,3620.72,-12.9709,76.0249,-79.8984,-11.876,-52.8449,-111.298,21.5207,20.7123,9.93382,6.09996,4.92277,73.1018,-105.995,10.267,21.1002,-310.208,9.2082,3.7853,2.43931,0,LLLAILLTVLTSLLFLLLILI,AILLTVLTSLLFLLL,0.3400439671004718,0.1179764870603964,L,99999900.0,-27.053499999999993,-0.06269999999999243,14.14500000000001,796.4099999999999,-0.03396931228889642,-7.872829321579643e-05,0.01776095227332657,-0.016286711618387517
LLLTLLLGLLLIVLLASLILI_2,110011001100110000,1,-60.2643,-64.9805,-60.2643,-238.34,-223.898,-241.977,-381.199,4597.09,4015.08,3589.66,-12.9639,733925.0,-95.5586,733833.0,-78.9585,-90.9278,70.0108,-37.9213,10.2234,9.59063,9.14079,726674.0,-97.764,38.4753,-38.0973,733544.0,7.04,6.35877,5.4359,2,LLLTLLLGLLLIVLLASLILI,TLLLGLLLIVLLASL,0.2539373861388247,0.0640809247444216,G,99999900.0,-16.600099999999998,0.0,3.6370000000000005,582.0100000000002,-0.028522018522018508,0.0,0.006249033521760793,-0.022274359547086814
LLLYALLTALLLSLLFVLILI_2,110011001100110000,1,-74.1884,-74.2025,-74.159,-234.868,-230.85,-250.133,-362.174,4666.8,3948.15,3844.24,-12.9613,15.0689,-66.0788,-42.0528,-37.8825,-21.9065,90.9267,-46.9235,7.83221,2.06107,1.92497,15.6489,-15.7577,89.9497,-39.1893,-347.105,8.0,1.00686,0.856105,2,LLLYALLTALLLSLLFVLILI,YALLTALLLSLLFVL,0.2458221101958292,0.0132525397407053,R,99999900.0,-28.1963,-0.02939999999999543,15.265000000000015,718.6500000000001,-0.03923509357823697,-4.091003965768514e-05,0.021241216169206167,-0.018035622347457033
LLLYALLFLLLGTLLSALILI_0,110011001100110000,1,-76.8273,-71.3173,-74.0819,-229.273,-222.991,-246.034,-354.506,4652.8,3988.83,3687.34,-12.9609,275.929,-61.3666,215.732,-34.3897,-64.1677,60.4819,-48.5818,7.82397,4.29021,3.69744,234.051,-60.5958,60.1642,-40.2827,-78.5764,7.5,3.71154,3.114,0,LLLYALLFLLLGTLLSALILI,YALLFLLLGTLLSAL,0.2480841897764706,0.0227399994756468,G,99999900.0,-26.9769,-2.7453999999999894,16.760999999999996,663.9700000000003,-0.040629697124870086,-0.004134825368616034,0.025243610404084505,-0.019520309652544535
LLLTVLLALLLAFLLSILILI_0,110011001100110000,1,-60.3188,-60.3188,-60.3188,-231.09,-226.731,-245.024,-370.674,4555.9,3893.62,3707.62,-12.9413,-8.55429,-92.2062,-92.1788,-65.3314,-84.5779,49.7519,-33.0767,8.90744,5.9032,5.14947,-8.49643,-79.0843,48.947,-35.0,-379.228,8.4738,4.97049,4.20469,0,LLLTVLLALLLAFLLSILILI,TVLLALLLAFLLSIL,0.3546340360604454,0.0770821263843277,R,99999900.0,-26.874799999999993,0.0,13.933999999999997,662.2799999999997,-0.04057921120976023,0.0,0.021039439511988892,-0.019540526665458725
LLLTYLLTILLAVLLSLLILI_2,110011001100110000,1,-90.6829,-88.0811,-74.194,-232.266,-233.278,-254.63,-389.026,4593.73,3789.28,3815.76,-12.9367,-11.6782,-79.0137,-79.3452,-60.2026,-66.4683,51.4289,-37.2234,8.42949,3.41315,2.68458,-11.1693,-64.7965,51.5402,-39.82,-401.955,8.0152,3.1774,2.4505,2,LLLTYLLTILLAVLLSLLILI,TYLLTILLAVLLSLL,0.4539142459536163,0.0364657476311348,R,99999900.0,-18.811100000000003,-16.4889,22.364000000000004,804.4499999999994,-0.023383802598048377,-0.020497109826589612,0.027800360494747992,-0.016081422089626464
LLLLAYLILLLFVLFTLLILI_2,110011001100110000,1,-58.9475,-58.9475,-58.9475,-237.059,-232.67,-252.214,-343.536,4700.76,3913.95,3895.18,-12.9351,-0.767376,-60.4644,-52.6856,-32.3739,-94.4254,42.3228,30.4388,9.60858,6.37738,5.51222,-0.170425,-90.7522,38.4944,24.6573,-343.36,9.5,5.30958,4.387,2,LLLLAYLILLLFVLFTLLILI,LAYLILLLFVLFTLL,0.1837788353944505,0.0792448704869181,L,99999900.0,-28.0905,0.0,15.155000000000001,786.8100000000004,-0.03570175773058297,0.0,0.0192613210304902,-0.016439928318145416
LLLYVLLAILLILLLSFLILI_0,110011001100110000,1,-60.4293,-60.4293,-60.4293,-247.208,-239.53,-254.443,-367.537,4689.72,4185.63,3832.94,-12.934,51.1722,-72.8341,-16.4055,-52.6654,-70.738,62.0111,-34.2716,9.63838,5.48219,4.91236,53.588,-76.3191,47.1656,-35.0895,-316.365,8.6159,4.31522,3.5227,0,LLLYVLLAILLILLLSFLILI,YVLLAILLILLLSFL,0.2860434894489829,0.0082968582418071,R,99999900.0,-20.16870000000001,0.0,7.235000000000014,504.09000000000015,-0.04001011724096888,0.0,0.014352595766628997,-0.025658116606161588
LLLYILLFALLTVLLSALILI_2,110011001100110000,1,-74.3044,-74.3044,-74.3044,-235.826,-236.762,-248.688,-358.433,4653.01,4095.59,3957.39,-12.9283,-10.6228,-61.2308,-57.9895,-35.4404,-44.7878,89.0585,-47.1504,8.88693,5.24107,5.07694,-7.8125,-41.9569,84.1671,-45.0,-366.239,9.0,4.15609,3.9186,2,LLLYILLFALLTVLLSALILI,YILLFALLTVLLSAL,0.1772936189714741,0.0634417460767173,R,99999900.0,-25.790400000000005,0.0,12.861999999999995,557.4200000000001,-0.04626744644971476,0.0,0.0230741631086075,-0.02319310394316673
LLLYFLLAVLLILLLGTLILI_1,110011001100110000,1,-58.7556,-58.7556,-58.7556,-242.614,-236.934,-250.804,-348.944,4763.91,4198.72,3624.02,-12.9271,88798.4,-60.5015,88745.1,-39.3846,-70.8393,47.7768,-46.9259,9.93983,3.57576,2.79242,81395.9,-71.1719,34.5088,-41.0473,88411.7,6.9662,1.83447,0.852102,1,LLLYFLLAVLLILLLGTLILI,YFLLAVLLILLLGTL,0.261156291886638,0.1185588430664074,G,99999900.0,-21.1169,0.0,8.189999999999998,565.1899999999996,-0.03736247987402469,0.0,0.014490702241724029,-0.022872131495603264
LLLYALLTILLSILLVLLILI_2,110011001100110000,1,-74.2982,-74.39,-74.2982,-242.601,-232.216,-253.103,-386.479,4645.71,4183.47,3869.59,-12.9197,29.4318,-82.4995,-50.4414,-59.0776,-73.5019,82.7973,-42.3929,9.01996,8.70292,8.44488,23.2656,-66.0867,73.4773,-35.8299,-363.496,8.3793,6.33244,5.9346,2,LLLYALLTILLSILLVLLILI,YALLTILLSILLVLL,0.4032046348117334,0.0348154144996461,R,99999900.0,-23.4219,0.0,10.50200000000001,462.2399999999998,-0.05067043094496368,0.0,0.022719799238490858,-0.027950199030806522
LLLTALLAVLLAYLLSLLILI_1,110011001100110000,1,-61.9326,-63.492,-60.262,-226.211,-224.309,-245.327,-364.386,4565.37,3783.97,3755.09,-12.9177,20.1646,-89.1602,-56.4209,-58.7969,-72.6935,62.1874,-42.6747,8.18628,5.79933,5.23214,4.32746,-67.464,67.9953,-37.225,-346.15,8.6549,5.79897,5.3189,1,LLLTALLAVLLAYLLSLLILI,TALLAVLLAYLLSLL,0.5286782871869167,0.0245922831262197,R,99999900.0,-30.363300000000002,-1.6706000000000003,19.115999999999985,781.4000000000001,-0.038857563347837215,-0.002137957512157666,0.024463782953672873,-0.01653148195546455
LLLTVLLALLLGFLLISLILI_2,110011001100110000,1,-60.3442,-69.9928,-60.3442,-235.003,-224.552,-244.146,-366.297,4546.5,3998.55,3490.87,-12.9104,278661.0,-83.8605,278589.0,-61.8071,-58.4755,66.1312,-45.2207,10.1172,4.19905,3.69102,178540.0,-52.4326,53.6154,-37.48,278294.0,7.3254,1.60297,0.907201,2,LLLTVLLALLLGFLLISLILI,TVLLALLLGFLLISL,0.2547726481039536,0.0076334421067563,G,99999900.0,-22.053400000000003,0.0,9.143,547.9499999999998,-0.04024710283785019,0.0,0.016685828998996264,-0.023561273838853918
LLLYLLLATLLAALLTSLILI_1,110011001100110000,1,-80.7379,-80.7379,-88.0216,-230.17,-224.98,-244.561,-377.843,4585.06,3926.75,3780.53,-12.8874,2702.7,-79.8227,2630.57,-45.2602,-40.1333,78.2636,-44.8032,8.48084,3.08558,2.75954,1620.31,-41.3832,66.3868,-39.1389,2313.36,8.4387,1.6697,1.1655,1,LLLYLLLATLLAALLTSLILI,YLLLATLLAALLTSL,0.2150260514107008,0.0171861953216745,R,99999900.0,-34.5625,7.28370000000001,14.39100000000002,658.3100000000004,-0.052501860825446944,0.011064240251553229,0.021860521638741644,-0.019576491318679636
LLLTYLLVALLIALLFLLILI_1,110011001100110000,1,-45.0773,-45.0773,-45.0773,-235.598,-234.946,-253.821,-351.534,4687.19,3738.24,3643.59,-12.8758,13.6395,-83.7345,-57.8706,-52.6356,-19.8465,93.0203,-44.0094,8.26671,2.03471,1.93002,13.582,-14.8656,89.0751,-39.4069,-296.506,8.0,0.754973,0.591099,1,LLLTYLLVALLIALLFLLILI,TYLLVALLIALLFLL,0.3816497135040333,0.0373391006579907,R,99999900.0,-31.0989,0.0,18.222999999999985,948.9499999999998,-0.032771905790610685,0.0,0.0192033299963117,-0.013568470414668847
LLLYVLLTALLALLLAFLILI_1,110011001100110000,1,-58.8866,-58.8866,-58.8866,-238.765,-224.117,-247.448,-348.143,4654.54,4175.67,3805.11,-12.8729,1190.26,-63.364,1125.13,-41.8081,-48.2295,80.5972,-48.0695,9.70197,4.61504,4.324,617.999,-53.6458,55.2229,-41.7266,832.511,8.6181,2.00196,1.3303,1,LLLYVLLTALLALLLAFLILI,YVLLTALLALLLAFL,0.3032688967246378,0.0342775039948581,R,99999900.0,-21.555899999999994,0.0,8.683000000000021,478.8699999999999,-0.04501409568358845,0.0,0.0181322697182952,-0.026881825965293298
LLLYSLLVALLATLLALLILI_2,110011001100110000,1,-69.9078,-69.1055,-58.7878,-222.979,-220.26,-248.594,-361.279,4648.54,3886.47,3809.87,-12.8615,-10.223,-81.2537,-82.1368,-53.897,-55.4655,76.0699,-47.0022,8.04995,5.08927,4.73032,-7.27925,-54.4223,72.8251,-42.2813,-366.794,8.0,4.49473,4.08711,2,LLLYSLLVALLATLLALLILI,YSLLVALLATLLALL,0.3230941584282771,0.028888118217556,R,99999900.0,-27.356699999999996,-11.119999999999997,25.61499999999998,762.0700000000002,-0.03589788339653836,-0.014591835395698551,0.03361239781122466,-0.016877058537929583
LLLYILLSVLLILLLTFLILI_1,110011001100110000,1,-70.7738,-74.2881,-74.179,-249.691,-245.927,-256.968,-378.788,4686.58,4059.67,3831.95,-12.8603,144.822,-71.1828,86.2498,-47.6406,-81.9341,59.5321,-33.8527,9.67985,6.82695,6.21993,116.633,-73.6754,55.7586,-37.7359,-305.438,8.8202,5.07872,4.4151,1,LLLYILLSVLLILLLTFLILI,YILLSVLLILLLTFL,0.1601439806429189,0.0232068942705405,R,99999900.0,-23.5422,3.4052000000000078,7.277000000000015,626.9099999999999,-0.03755275876920133,0.005431720661657987,0.011607726786939141,-0.020513789858193368
LLLTVLLAALLFALLSILILI_1,110011001100110000,1,-62.2228,-62.0263,-60.4169,-225.282,-223.974,-241.294,-358.252,4533.24,3823.43,3690.71,-12.8476,-11.5135,-83.5947,-83.7655,-56.542,-34.2564,81.4663,-44.7373,7.89816,2.63642,2.35842,-9.00805,-31.2213,81.346,-45.0,-367.304,8.0964,2.16491,1.8851,1,LLLTVLLAALLFALLSILILI,TVLLAALLFALLSIL,0.4012119777980463,0.0139551432030735,R,99999900.0,-27.0527,-1.8059000000000012,16.012,709.81,-0.038112593510939555,-0.002544201969541147,0.02255814936391429,-0.018100054944280866
LLLAVLLLTLLGGLLAALILI_0,110011001100110000,1,-59.5766,-59.3631,-58.6781,-213.735,-208.427,-229.432,-351.871,4403.33,3740.2,3664.17,-12.8462,-5.34088,-91.4047,-89.4215,-63.76,-27.7785,81.2608,-41.0432,7.11931,1.63698,1.3559,-5.52496,-31.4809,69.1051,-41.7031,-357.211,7.1894,0.551324,0.0879006,0,LLLAVLLLTLLGGLLAALILI,AVLLLTLLGGLLAAL,0.3421042158961595,0.0057025818937257,G,99999900.0,-27.644700000000007,-0.8984999999999985,15.696999999999974,663.1300000000001,-0.041688205932471765,-0.0013549379458024798,0.023671075053156954,-0.019372068825117245
LLLFALLTALLAVLLSLLILI_2,110011001100110000,1,-74.0211,-74.0211,-74.0211,-227.128,-224.4,-238.75,-365.46,4564.1,3858.34,3881.02,-12.8241,-7.679,-77.1352,-74.7181,-52.6886,-58.5891,71.3284,-42.63,7.90851,4.9177,4.48763,-5.9549,-54.7525,67.5622,-45.0,-371.098,8.1508,3.83377,3.3472,2,LLLFALLTALLAVLLSLLILI,FALLTALLAVLLSLL,0.4477308842397821,0.0567518625747825,R,99999900.0,-24.446599999999997,0.0,11.622000000000014,705.7600000000002,-0.03463868737247788,0.0,0.016467354341419195,-0.018170624574926315
LLLYALLLTLLVALLSFLILI_0,110011001100110000,1,-74.2477,-74.2477,-74.2477,-235.268,-229.901,-249.114,-362.17,4694.44,4169.71,3959.34,-12.8174,-7.33622,-65.4717,-65.3572,-38.8076,-45.2015,87.4175,-44.1181,8.3675,5.08159,4.89286,-7.36363,-42.0221,81.2532,-43.3619,-369.506,8.4067,3.7725,3.4913,0,LLLYALLLTLLVALLSFLILI,YALLLTLLVALLSFL,0.2539675354075375,0.0522916988677922,R,99999900.0,-26.664099999999998,0.0,13.846000000000004,524.7299999999996,-0.0508148952794771,0.0,0.026386903740971576,-0.024426657519105083
LLLFILLTALLAVLLSLLILI_2,110011001100110000,1,-74.16,-74.165,-74.16,-226.88,-228.673,-241.753,-372.543,4589.82,3896.27,3831.91,-12.809,187.278,-84.3125,117.573,-56.6307,-49.1061,78.9082,-45.3996,8.28644,4.51852,4.20214,-8.55712,-54.7525,67.5622,-45.0,-381.015,8.1508,3.83377,3.3472,2,LLLFILLTALLAVLLSLLILI,FILLTALLAVLLSLL,0.3050593008550539,0.0473115088492824,R,99999900.0,-27.681800000000003,0.0,14.87299999999999,693.5499999999997,-0.03991320020186002,0.0,0.02144474082618412,-0.01846874774709827
LLLTALLFLLLGALLASLILI_2,110011001100110000,1,-64.596,-64.6516,-60.3462,-220.248,-220.884,-238.322,-352.111,4560.47,3658.44,3547.63,-12.7992,833.259,-80.0661,766.684,-53.4424,-64.7778,58.2811,-44.291,7.67177,4.08462,3.45884,788.459,-60.5958,60.1642,-40.2827,448.513,7.5,3.71154,3.114,2,LLLTALLFLLLGALLASLILI,TALLFLLLGALLASL,0.9649501881708472,0.0476000396810613,G,99999900.0,-26.623700000000007,-4.2498000000000005,18.074000000000012,902.0300000000002,-0.029515315455140075,-0.004711373235923417,0.020037027593317304,-0.014189328514572684
LLLASLLTALLGYLLGVLILI_0,110011001100110000,1,-68.5302,-72.6461,-58.7469,-222.432,-217.068,-241.311,-344.734,4461.24,3747.21,3588.42,-12.7952,2275380.0,-66.567,2275320.0,-44.6755,-48.2173,71.4892,-45.4064,8.04514,3.38364,2.95598,1723110.0,-47.0876,58.6724,-35.0,2275030.0,7.44,1.48391,0.863996,0,LLLASLLTALLGYLLGVLILI,ASLLTALLGYLLGVL,0.4300752885794734,0.0165454163965388,G,99999900.0,-21.891499999999994,-9.783299999999997,18.87900000000002,714.0299999999997,-0.03065907594918981,-0.01370152514600227,0.026440065543464595,-0.017919695250899828
LLLAYLLLTLLAVLLIILILI_0,110011001100110000,1,-66.0092,-64.5764,-58.8404,-235.669,-229.671,-248.025,-371.719,4609.47,3914.51,3827.74,-12.7946,114.464,-82.8346,36.9927,-64.853,-43.9799,74.0705,-49.3334,9.23785,3.0965,2.70755,115.269,-39.1622,65.3604,-43.9197,-257.255,8.4916,1.19799,0.678397,0,LLLAYLLLTLLAVLLIILILI,AYLLLTLLAVLLIIL,0.4720920232388186,0.0572788570291909,R,99999900.0,-17.9816,-7.1688000000000045,12.355999999999995,694.96,-0.02587429492344883,-0.01031541383676759,0.017779440543340616,-0.018410556003223208
LLLAFLLAILLTVLLSLLILI_0,110011001100110000,1,-72.0165,-71.8264,-74.3011,-228.591,-219.718,-243.456,-370.112,4598.8,3901.4,3906.87,-12.7808,-5.14528,-82.2856,-83.7132,-52.3545,-76.7486,69.8542,-43.5663,8.95469,7.44261,6.99043,-5.28132,-79.0284,55.7683,-40.9071,-375.257,8.9529,5.88298,5.2195,0,LLLAFLLAILLTVLLSLLILI,AFLLAILLTVLLSLL,0.3617080232980823,0.0158339515730184,R,99999900.0,-29.9311,2.2846000000000117,14.86499999999998,697.4000000000001,-0.042918124462288494,0.003275881846859781,0.021314883854316,-0.018326355032979635
LLLLYFLLIVLTALLLSLILI_0,110011001100110000,1,-74.2001,-74.1241,-74.1902,-231.087,-222.52,-248.325,-363.932,4680.3,3709.88,3619.07,-12.7697,211.739,-71.4151,144.45,-41.4172,-1.8729,110.615,21.5694,10.1522,1.71401,1.87324,184.914,-10.3153,94.584,18.0,-152.193,9.3619,0.81614,0.734901,0,LLLLYFLLIVLTALLLSLILI,LYFLLIVLTALLLSL,0.3050743692950664,0.0885193322203661,L,99999900.0,-29.997899999999994,-0.009900000000001796,17.238,970.4200000000001,-0.030912285402196978,-1.0201768306508312e-05,0.017763442633086702,-0.013158941489252075
LLLLIVLLALLLILLSTLILI_2,110011001100110000,1,-74.1912,-74.1912,-74.1912,-246.058,-227.614,-244.355,-397.23,4548.39,4120.2,3674.52,-12.7689,8398.7,-89.7505,8303.27,-78.6843,-53.2124,82.1714,28.497,11.3656,5.57501,5.30758,8047.21,-59.2256,60.857,18.0467,8001.47,9.5,3.59954,3.0124,2,LLLLIVLLALLLILLSTLILI,LIVLLALLLILLSTL,0.2221880206896115,0.0418951070285516,L,99999900.0,-11.06620000000001,0.0,-1.703000000000003,428.1900000000005,-0.025844134613139016,0.0,-0.003977206380345176,-0.0298206403699292
LLLAYLLFALLGVLLGSLILI_2,110011001100110000,1,-60.2995,-60.2995,-60.2995,-221.479,-221.079,-236.937,-332.65,4527.96,3588.19,3507.23,-12.7542,98040.4,-63.6256,97989.2,-35.4141,-68.7656,47.399,-35.7134,8.01207,3.2137,2.42468,96723.9,-60.8008,50.4599,-37.6027,97685.2,7.1589,2.4322,1.6891,2,LLLAYLLFALLGVLLGSLILI,AYLLFALLGVLLGSL,0.2834990037787193,0.0344755315394507,G,99999900.0,-28.2115,0.0,15.457999999999998,939.77,-0.030019579258754803,0.0,0.016448705534332867,-0.013571618587526736
LLLFVLLATLLAALLSLLILI_2,110011001100110000,1,-74.0481,-74.0481,-74.0481,-230.056,-228.871,-236.795,-363.914,4572.72,3871.55,3852.21,-12.746,-8.17954,-72.5559,-69.1738,-53.0707,-71.4397,64.7248,-35.8198,8.66421,5.9538,5.42467,-5.90835,-66.8884,60.5156,-36.0695,-369.803,8.5071,4.70287,4.1106,2,LLLFVLLATLLAALLSLLILI,FVLLATLLAALLSLL,0.4408299805045891,0.0672777724048368,R,99999900.0,-19.485199999999992,0.0,6.738999999999976,701.1700000000001,-0.027789551749219148,0.0,0.009611078625725538,-0.018178187885962035
LLLAALLVALLSLLLFTLILI_1,110011001100110000,1,-74.288,-76.2907,-74.288,-227.562,-224.817,-239.582,-366.256,4528.86,3750.69,3723.97,-12.7383,-9.66865,-77.1439,-74.8169,-52.3861,-69.6119,81.8625,-47.91,8.01823,7.99322,7.72116,-6.73425,-69.5216,69.2117,-44.462,-373.876,8.1432,6.27182,5.81,1,LLLAALLVALLSLLLFTLILI,AALLVALLSLLLFTL,0.4205975703531558,0.0232147631661016,R,99999900.0,-24.757800000000003,0.0,12.019999999999982,778.1699999999996,-0.031815413084544525,0.0,0.015446496266882543,-0.016369559350784543
LLLSALLFVLLATLLSLLILI_0,110011001100110000,1,-73.8279,-73.0042,-74.099,-232.417,-229.542,-246.775,-373.331,4552.9,3917.8,3871.04,-12.7329,-5.87848,-79.8188,-76.6638,-52.4572,-56.7231,66.4182,-44.1312,8.54237,3.97492,3.47119,-4.30922,-63.2608,50.7505,-44.6742,-379.21,8.5537,2.84044,2.1017,0,LLLSALLFVLLATLLSLLILI,SALLFVLLATLLSLL,0.3317219656887339,0.0557997516536062,R,99999900.0,-27.361599999999996,0.2711000000000041,14.358000000000004,635.0999999999995,-0.043082349236340765,0.0004268619115100053,0.022607463391591903,-0.02004865375531414
LLLLAILLLVLATLLFSLILI_1,110011001100110000,1,-74.2374,-74.2374,-74.2374,-232.036,-229.711,-242.015,-370.381,4560.63,3652.92,3582.31,-12.703,463.449,-76.8108,397.016,-54.1287,-55.1586,81.2427,19.9484,9.71642,5.74155,5.46019,429.413,-62.5739,62.4261,19.1703,94.3279,9.1885,4.31361,3.75,1,LLLLAILLLVLATLLFSLILI,LAILLLVLATLLFSL,0.4449617878542645,0.0593369055906571,L,99999900.0,-22.6821,0.0,9.978999999999985,907.71,-0.02498826717784314,0.0,0.010993599277302205,-0.013994557733196725
LLLFALLVALLISLLTLLILI_1,110011001100110000,1,-74.237,-74.237,-74.237,-230.767,-230.153,-243.081,-371.128,4608.73,3939.16,3856.65,-12.702,-11.0464,-78.8257,-77.7839,-53.8102,-24.6191,97.7041,-37.9049,8.50999,3.38291,3.34847,-10.2244,-21.6189,95.7091,-37.3116,-381.922,8.5753,2.66356,2.5992,1,LLLFALLVALLISLLTLLILI,FALLVALLISLLTLL,0.344306828625864,0.0407720169249874,R,99999900.0,-25.015499999999996,0.0,12.313999999999993,669.5699999999997,-0.037360544827277214,0.0,0.018390907597413263,-0.01897038397777679
LLLSALLFTLLAILLTLLILI_1,110011001100110000,1,-69.5072,-69.7803,-72.6833,-230.702,-230.781,-249.527,-373.624,4560.33,3849.27,3812.65,-12.7005,-12.3915,-86.1156,-85.4543,-51.4137,-65.3774,53.8172,-44.4271,7.87577,3.57193,2.87919,-10.074,-61.6436,55.2704,-42.3147,-382.699,8.0426,3.20804,2.5371,1,LLLSALLFTLLAILLTLLILI,SALLFTLLAILLTLL,0.4434264080539741,0.0433008092214308,R,99999900.0,-34.7019,3.1761000000000053,18.82499999999999,711.06,-0.04880305459454899,0.004466711669901282,0.026474559108935942,-0.01786136191038731
LLLLYLLTSLLAVLFLLLILI_0,110011001100110000,1,-74.1319,-80.2282,-74.0891,-228.972,-214.501,-248.252,-370.338,4628.97,3708.3,3593.62,-12.6891,42.8728,-79.9231,-32.7354,-47.9963,-53.8035,96.2699,22.3784,9.86024,7.56696,7.51101,43.3998,-54.5412,83.0035,20.4417,-327.465,8.8575,5.88665,5.6317,0,LLLLYLLTSLLAVLFLLLILI,LYLLTSLLAVLFLLL,0.3266629142550528,0.1203372528590977,L,99999900.0,-31.926800000000007,-0.04279999999999973,19.28,920.6700000000001,-0.03467778900148805,-4.648788382373676e-05,0.020941271030879685,-0.013782462771677146
LLLYTLLVALLILLLGLLILI_1,110011001100110000,1,-44.9829,-53.1912,-44.9829,-239.326,-236.268,-249.564,-360.667,4726.98,4019.24,3650.48,-12.6664,23525.2,-89.0252,23454.0,-66.1209,-36.1428,84.0582,-45.0524,8.51643,3.26927,3.03015,19837.7,-36.0293,69.0807,-35.6829,24210.4,7.2857,1.23029,0.766501,1,LLLYTLLVALLILLLGLLILI,YTLLVALLILLLGLL,0.3210518691349324,0.0162185061124943,G,99999900.0,-22.904299999999992,0.0,10.238,707.7399999999998,-0.03236259078192556,0.0,0.014465764263712667,-0.01789696781303869
LLLAFLLGTLLIVLLSLLILI_2,110011001100110000,1,-74.0991,-70.6146,-74.0991,-237.056,-225.304,-242.252,-368.786,4616.86,3884.41,3569.79,-12.6614,26175.5,-70.2925,26102.6,-52.4353,-84.7083,61.7084,-38.6783,9.2536,7.53688,6.96251,24175.3,-78.9988,51.5632,-42.618,25806.7,6.5,5.31085,4.5843,2,LLLAFLLGTLLIVLLSLLILI,AFLLGTLLIVLLSLL,0.2813203785991836,0.051599928963288,G,99999900.0,-17.857200000000006,0.0,5.195999999999998,732.4499999999998,-0.024380094204382564,0.0,0.007093999590415727,-0.01728636767014814
LLLVYLLTALLLALLSFLILI_2,110011001100110000,1,-75.5374,-79.9384,-74.1591,-241.076,-234.939,-244.085,-361.94,4637.01,4188.87,3680.76,-12.6588,995.694,-57.9854,948.631,-43.6955,-15.4012,105.744,-34.804,11.132,3.08568,3.17184,956.88,-12.6474,89.5679,-35.0,932.777,8.0,0.488782,0.332301,2,LLLVYLLTALLLALLSFLILI,VYLLTALLLALLSFL,0.3389715148969627,0.0500682694837404,R,99999900.0,-14.289899999999996,-1.37830000000001,3.0090000000000146,448.1400000000003,-0.0318871334850716,-0.003075601374570467,0.0067144196010175666,-0.02824742268041235
LLLAYLLTLLLAILLSALILI_1,110011001100110000,1,-81.9603,-81.6209,-74.1339,-230.469,-228.681,-244.191,-373.658,4591.14,3896.55,3912.37,-12.6571,-11.5696,-73.8851,-74.9253,-55.3326,-36.2852,76.5011,-47.5579,8.84024,2.27043,1.91795,-8.2693,-35.2789,74.0431,-44.1963,-384.86,8.7202,1.78765,1.3983,1,LLLAYLLTLLLAILLSALILI,AYLLTLLLAILLSAL,0.4163904980068637,0.0155872052128791,R,99999900.0,-18.552499999999995,-7.826400000000007,13.722000000000008,694.5900000000001,-0.02671000158366805,-0.011267654299658798,0.01975553923897552,-0.01822240458399919
LLLVGLLAILLGALLATLILI_2,110011001100110000,1,-63.1759,-58.7586,-58.7586,-216.75,-213.243,-229.179,-346.904,4430.59,3810.62,3760.99,-12.6565,-1.86068,-79.6346,-76.7632,-58.9666,-48.701,58.3456,-48.6097,7.23277,1.68182,1.057,-1.78548,-40.5762,61.5678,-43.055,-351.282,7.4828,0.898083,0.3216,2,LLLVGLLAILLGALLATLILI,VGLLAILLGALLATL,0.6261580769940971,0.0328240727060036,G,99999900.0,-20.668000000000006,-4.417299999999997,12.429000000000002,619.9700000000003,-0.03333709695630433,-0.0071250221784925,0.0200477442456893,-0.020414697485362187
LLLLTLLAILLAVLLSFLILI_1,110011001100110000,1,-67.6032,-65.3934,-60.3732,-228.087,-224.687,-242.337,-362.944,4572.3,4018.83,3814.31,-12.6549,39.7697,-79.9085,-33.0933,-60.2337,-58.9303,83.3636,-38.1158,9.05525,6.59364,6.3441,30.4252,-54.6721,77.5326,-37.7744,-331.235,8.1371,5.16771,4.8307,1,LLLLTLLAILLAVLLSFLILI,LTLLAILLAVLLSFL,0.2711014023526871,0.0692424787781703,R,99999900.0,-19.674800000000005,-7.230000000000004,14.25,553.4700000000003,-0.03554808752055214,-0.013063038647081145,0.025746652935118422,-0.02286465391078106
LLLFALLTILLYLLIVLLILI_1,110011001100110000,1,-58.9355,-58.9355,-58.9355,-249.311,-235.391,-251.947,-362.385,4706.43,4048.6,3748.1,-12.6375,64.8014,-66.7762,-3.25644,-51.5025,-100.189,36.0756,18.1435,10.8109,6.39859,5.43973,65.7502,-102.32,16.604,19.6515,-273.259,9.5,4.08954,2.8386,1,LLLFALLTILLYLLIVLLILI,FALLTILLYLLIVLL,0.6502123212442718,0.0672033036067535,L,99999900.0,-15.273700000000005,0.0,2.6359999999999957,657.8300000000004,-0.023218308681574262,0.0,0.004007114300047116,-0.019210890351610586
LLLFLLLTILVALLLSLLILI_0,110011001100110000,1,-70.4896,-70.4896,-74.1594,-227.131,-220.86,-245.92,-383.004,4631.38,3653.07,3728.58,-12.6342,-5.24877,-98.0174,-96.9034,-62.9247,-107.265,15.2804,24.623,9.45456,4.65258,3.38179,-5.28834,-108.506,6.15667,24.8812,-388.253,9.4921,3.60705,2.1994,0,LLLFLLLTILVALLLSLLILI,FLLLTILVALLLSLL,0.3456241897935537,0.0691514388543497,L,99999900.0,-35.092699999999994,3.6698000000000093,18.788999999999987,978.31,-0.03587073626968956,0.0037511627193834362,0.019205568786989795,-0.01291431141458229
LLLYSLLFILLAILLTLLILI_2,110011001100110000,1,-70.8321,-68.5833,-58.8512,-233.071,-228.587,-255.297,-363.305,4696.06,4036.24,3871.1,-12.6303,657.028,-72.0321,590.893,-49.1566,-57.4715,78.9571,-41.6493,9.41964,5.77993,5.46428,641.302,-63.3956,71.5364,-35.2166,293.722,8.8874,5.66675,5.2398,2,LLLYSLLFILLAILLTLLILI,YSLLFILLAILLTLL,0.1633740435677091,0.1008032856394436,R,99999900.0,-22.875500000000002,-11.980899999999998,22.226,659.8200000000006,-0.03466930374950741,-0.0181578309235852,0.033684944378769933,-0.019142038737837576
LLLAVLLISLLTTLLFLLILI_0,110011001100110000,1,-88.1595,-88.1595,-88.1595,-229.992,-226.329,-246.109,-386.076,4572.04,3833.32,3717.33,-12.6263,-8.36252,-80.5508,-79.9495,-51.8075,-32.0834,88.7677,-40.0229,8.93744,3.29614,3.12766,-8.04415,-34.621,80.1996,-40.3898,-394.438,9.0,2.5201,2.22309,0,LLLAVLLISLLTTLLFLLILI,AVLLISLLTTLLFLL,0.4325840357645816,0.0607118213036817,R,99999900.0,-28.743299999999998,0.0,16.11700000000002,738.7199999999998,-0.038909600389863554,0.0,0.0218174680528482,-0.017092132337015384
LLLLYLLTILLAVLFLLLILI_1,110011001100110000,1,-58.974,-50.5073,-58.7782,-230.799,-228.75,-250.269,-362.88,4662.13,3796.89,3583.78,-12.5983,154.566,-85.7055,70.943,-53.8335,-55.9421,94.9024,20.0653,10.6924,7.70313,7.62666,155.955,-54.5412,83.0035,20.4417,-193.833,8.8575,5.88665,5.6317,1,LLLLYLLTILLAVLFLLLILI,LYLLTILLAVLFLLL,0.3139196093131127,0.0847918220640826,L,99999900.0,-31.872,-0.19579999999999842,19.47,865.2400000000002,-0.03683602237529471,-0.00022629559428597658,0.0225024270722574,-0.014560468771670283
LLLTYLLAVLLAILLSLLILI_0,110011001100110000,1,-77.0895,-76.9262,-60.3872,-230.677,-230.733,-252.361,-378.075,4603.65,3709.49,3812.92,-12.5914,-11.5295,-82.9001,-81.9457,-65.3272,-66.4826,63.0194,-42.188,8.35947,4.98,4.42529,-11.2825,-66.1502,63.0091,-42.2689,-389.605,8.387,4.92876,4.3739,0,LLLTYLLAVLLAILLSLLILI,TYLLAVLLAILLSLL,0.3477329283388531,0.0545435537901057,R,99999900.0,-17.57289999999999,-16.7023,21.683999999999997,894.1599999999999,-0.019652970385613304,-0.018679319137514545,0.024250693388207928,-0.014081819808535387
LLLSYLLVILLTILLFLLILI_0,110011001100110000,1,-68.2376,-71.5766,-58.9286,-243.565,-243.956,-263.175,-375.757,4686.49,3947.59,3795.23,-12.5905,37.4605,-76.5441,-22.7636,-53.653,-68.4814,59.5556,-45.7109,8.86162,4.81222,4.20555,36.9841,-65.9441,64.0879,-45.0,-338.296,8.3536,5.04348,4.5048,0,LLLSYLLVILLTILLFLLILI,SYLLVILLTILLFLL,0.3682582746927771,0.0230983488508913,R,99999900.0,-22.8911,-9.308999999999997,19.610000000000014,738.8999999999996,-0.030979970226011656,-0.012598457166057656,0.02653945053457846,-0.017039518202733802
LLLYALLTVLLALLFSLLILI_1,110011001100110000,1,-70.6713,-70.6713,-74.2235,-230.275,-222.931,-250.114,-363.145,4655.89,3924.46,3864.0,-12.5856,89.2147,-74.784,19.6719,-38.8074,-104.964,20.8634,28.0106,9.03368,5.06112,3.87407,-3.90407,-107.621,8.37296,28.0,-366.02,9.5,3.7735,2.39909,1,LLLYALLTVLLALLFSLLILI,YALLTVLLALLFSLL,0.4482396573330727,0.0117923433276125,L,99999900.0,-35.976600000000005,3.552199999999999,19.839,731.4300000000003,-0.04918666174480127,0.004856513952121184,0.02712357983675812,-0.017206841392887896
LLLYALLTTLLSVLLFALILI_2,110011001100110000,1,-88.0703,-86.9608,-88.0703,-234.554,-233.813,-249.202,-363.031,4650.56,3914.21,3858.87,-12.5845,-6.42646,-52.9915,-48.684,-25.7594,-66.5929,74.2128,-42.6871,8.4658,6.50766,6.12085,-8.89812,-66.3901,65.6139,-43.2369,-372.96,8.4803,5.31639,4.8006,2,LLLYALLTTLLSVLLFALILI,YALLTTLLSVLLFAL,0.3004408512689904,0.036043947221472,R,99999900.0,-27.232100000000003,0.0,14.647999999999996,736.3500000000004,-0.03698254905955047,0.0,0.019892714062606082,-0.01709037821688055
LLLYWLLTILLLSLLFVLILI_0,110011001100110000,1,-74.1883,-74.2324,-74.1601,-251.819,-241.611,-261.169,-375.534,4781.1,4195.0,3672.87,-12.5673,926.653,-62.0938,866.962,-40.2046,-13.5329,109.941,-50.2645,10.1082,3.372,3.52112,726.244,-15.7577,89.9497,-39.1893,551.119,8.0,1.00686,0.856105,0,LLLYWLLTILLLSLLFVLILI,YWLLTILLLSLLFVL,0.2341974203595278,0.032173063440945,R,99999900.0,-21.889200000000002,-0.028199999999998226,9.349999999999994,586.1000000000004,-0.037347210373656355,-4.811465620201025e-05,0.01595290905988737,-0.021442245350622745
LLLAYLLFTLLAVLLSLLILI_0,110011001100110000,1,-74.2087,-74.5975,-74.2087,-229.305,-225.968,-246.528,-364.321,4609.08,3735.39,3803.23,-12.5625,-9.36876,-73.3696,-73.1245,-43.5851,-71.1503,60.3393,-42.3748,8.13061,5.31835,4.72344,-9.15582,-71.6284,55.721,-38.7094,-373.69,8.1698,4.76659,4.1024,0,LLLAYLLFTLLAVLLSLLILI,AYLLFTLLAVLLSLL,0.4383644560031564,0.0111886135327995,R,99999900.0,-29.78450000000001,0.0,17.222999999999985,873.69,-0.034090466870400266,0.0,0.019712941661229937,-0.014378669779899048
LLLSYLLTVLLGTLLIFLILI_0,110011001100110000,1,-84.9478,-85.619,-72.5251,-234.804,-236.199,-257.494,-365.401,4615.66,4039.29,3679.15,-12.5599,1576.71,-58.2084,1533.13,-35.381,-45.9526,50.9231,-54.8163,8.89749,0.267501,-0.468653,1256.46,-49.156,60.31,-42.3523,1211.31,7.5,2.01525,1.4199,0,LLLSYLLTVLLGTLLIFLILI,SYLLTVLLGTLLIFL,0.2521633997129917,0.02752719990411,G,99999900.0,-22.827399999999997,-12.422700000000006,22.690000000000026,576.3699999999999,-0.03960546176934955,-0.021553342470982197,0.039367073234207246,-0.021791384006801192
LLLTGLLAVLLGLLLAFLILI_0,110011001100110000,1,-51.5549,-49.0581,-44.9993,-221.969,-221.909,-244.83,-344.569,4503.78,3646.36,3717.52,-12.5589,-7.43175,-83.6044,-81.0337,-54.7399,-69.6602,53.2417,-42.4501,7.06984,4.13667,3.43529,-7.60254,-69.3266,52.1387,-41.8459,-352.001,7.431,3.93772,3.2198,0,LLLTGLLAVLLGLLLAFLILI,TGLLAVLLGLLLAFL,0.3480200910374453,0.0215417716124732,G,99999900.0,-28.8645,-6.555600000000005,22.86100000000002,857.4199999999996,-0.033664365188589035,-0.0076457278813183835,0.026662545776865512,-0.014647314035128648
LLLAYLLIVLLGLLLGFLILI_0,110011001100110000,1,-44.9046,-54.1902,-44.9046,-227.684,-223.426,-243.317,-336.833,4617.18,3733.96,3443.4,-12.5517,5340.24,-76.7965,5281.02,-48.6121,-74.0829,47.2044,-38.258,8.52315,3.98504,3.1931,3788.73,-71.2876,45.5524,-38.516,5003.4,6.6243,3.34271,2.526,0,LLLAYLLIVLLGLLLGFLILI,AYLLIVLLGLLLGFL,0.400375589143232,0.1313002479264768,G,99999900.0,-28.184399999999997,0.0,15.63300000000001,883.2200000000003,-0.03191096216118293,0.0,0.01770000679332443,-0.01421129503407984
LLLSYLLVILLIFLLTLLILI_2,110011001100110000,1,-73.5268,-72.8895,-58.9041,-238.236,-239.391,-263.272,-372.718,4698.33,3872.15,3818.41,-12.5426,142.023,-73.4975,81.5852,-50.5423,-73.1153,45.226,-40.1287,9.98027,3.57281,2.7512,132.645,-72.2146,44.6287,-45.0,-230.695,8.9924,3.35707,2.5265,2,LLLSYLLVILLIFLLTLLILI,SYLLVILLIFLLTLL,0.2606468673996565,0.06992609712588,R,99999900.0,-22.955200000000005,-14.622699999999995,25.036,826.1799999999998,-0.02778474424459562,-0.017699169672468467,0.030303323730906107,-0.01518143745914934
LLLLLLLTILVALLISLLILI_1,110011001100110000,1,-74.1037,-70.476,-74.1643,-240.393,-232.59,-244.485,-398.407,4551.39,3967.43,3662.9,-12.5373,1042.59,-96.4471,947.248,-79.7573,-104.516,26.635,19.0833,10.9864,5.77311,4.67263,978.733,-109.634,7.68067,18.0547,637.563,9.5,3.98199,2.5972,1,LLLLLLLTILVALLISLLILI,LLLLTILVALLISLL,0.3992222975312228,0.0562565921971335,L,99999900.0,-16.689800000000005,0.06059999999999377,4.092000000000013,583.9600000000005,-0.02858038221796012,0.00010377423111170922,0.007007329269128039,-0.021469449962326168
LLLYSLLAALLFALLTILILI_1,110011001100110000,1,-72.3684,-62.1425,-58.8896,-228.013,-225.368,-249.506,-345.091,4679.21,3945.75,3737.66,-12.528,885.622,-57.2382,828.041,-36.6952,-53.2023,80.7364,-41.9297,8.6542,5.37975,5.09079,824.343,-54.1112,74.7115,-35.0,527.475,8.1658,4.70273,4.3234,1,LLLYSLLAALLFALLTILILI,YSLLAALLFALLTIL,0.5182325641164346,0.0836489851227733,R,99999900.0,-20.543,-13.478799999999993,21.492999999999995,733.46,-0.02800834401330679,-0.018377007607776826,0.029303574837073586,-0.017080686063316336
LLLVALLLLLFILLTSLLILI_1,110011001100110000,1,-74.2253,-70.6087,-74.2551,-230.743,-231.683,-246.563,-385.217,4617.12,3809.43,3693.0,-12.5088,62.4553,-92.7584,-20.4708,-64.3996,-104.279,49.7393,23.693,9.89178,8.85668,8.10277,65.2541,-104.611,34.9197,18.0,-324.193,9.4573,6.90581,5.92961,1,LLLVALLLLLFILLTSLLILI,VALLLLLFILLTSLL,0.304995034420282,0.0530431952073852,L,99999900.0,-28.358799999999988,0.029799999999994498,15.819999999999993,807.69,-0.03511099555522538,3.689534351049845e-05,0.01958672262873131,-0.015487129963228466
LLLTSLLFALLGLLLGVLILI_1,110011001100110000,1,-57.5252,-55.8898,-44.9724,-227.547,-219.537,-250.421,-348.059,4673.86,3904.34,3438.4,-12.5062,2664030.0,-75.4931,2663950.0,-52.6658,-49.9415,81.8232,-44.2625,8.44096,5.03735,4.7647,1523200.0,-53.285,61.369,-37.8368,2663660.0,6.585,2.77757,2.19811,1,LLLTSLLFALLGLLLGVLILI,TSLLFALLGLLLGVL,0.3905446080743358,0.0666928351160982,G,99999900.0,-22.8273,-12.552799999999998,22.873999999999995,769.5199999999995,-0.029664336209585217,-0.016312506497556927,0.02972502339120492,-0.01625194926707559
LLLLAVLLALLTILYSLLILI_2,110011001100110000,1,-74.2659,-74.2659,-74.2659,-241.814,-230.522,-244.168,-378.148,4505.57,4014.04,3897.87,-12.5002,0.0243821,-74.5685,-73.3362,-59.7149,-46.8187,63.9144,28.7299,9.34725,2.15125,1.60997,-2.1545,-41.1626,59.5701,26.296,-381.628,9.4713,0.716349,0.1099,2,LLLLAVLLALLTILYSLLILI,LAVLLALLTILYSLL,0.1572437670331718,0.0610692197004498,L,99999900.0,-14.8536,0.0,2.3540000000000134,491.52999999999975,-0.030219111753097487,0.0,0.0047891278253616556,-0.025431204606026093
LLLFALLLILTALLAVLLILI_2,110011001100110000,1,-58.8808,-58.913,-58.8808,-225.031,-224.453,-241.001,-356.798,4554.48,3743.24,3754.13,-12.4649,-2.58829,-85.3513,-76.0202,-56.9162,-110.801,20.8077,19.7896,9.48557,5.92918,4.7413,0.46563,-115.762,1.87941,19.6398,-355.318,9.2964,4.11802,2.64621,2,LLLFALLLILTALLAVLLILI,FALLLILTALLAVLL,0.3987599568558333,0.0255472469861971,L,99999900.0,-28.43509999999999,0.0,15.969999999999999,811.2399999999998,-0.03505140279078941,0.0,0.01968591292342587,-0.01536524333119669
LLLYALLALLLGLLLGTLILI_1,110011001100110000,1,-64.3341,-61.8882,-58.766,-223.966,-227.416,-241.812,-353.269,4629.63,3904.75,3749.35,-12.4582,-10.3416,-77.4273,-74.3062,-52.6911,-44.9543,60.8419,-42.3529,6.87447,1.4568,0.869432,-6.20534,-40.2416,63.591,-39.4096,-360.027,7.1322,1.12103,0.574896,1,LLLYALLALLLGLLLGTLILI,YALLALLLGLLLGTL,0.2987849064878012,0.0318594543251726,G,99999900.0,-24.736200000000004,-5.568100000000008,17.846000000000004,724.8800000000001,-0.03412454475223485,-0.007681409336717812,0.024619247323694957,-0.01718656881138947
LLLTALLIALLLVLLSWLILI_0,110011001100110000,1,-60.3014,-69.1362,-60.3799,-233.388,-232.33,-250.167,-383.318,4621.66,3821.45,3875.73,-12.4508,-6.77085,-102.08,-88.6226,-72.7711,-39.1742,88.3346,-38.9234,8.83264,4.3013,4.12632,-8.49888,-33.2071,91.2243,-42.4294,-390.089,9.0,3.79634,3.6647,0,LLLTALLIALLLVLLSWLILI,TALLIALLLVLLSWL,0.3678882905789093,0.009233471860143,R,99999900.0,-29.308899999999994,0.07849999999999824,16.778999999999996,800.21,-0.03662651054098298,9.809924894714916e-05,0.020968245835468184,-0.015559415653390984
LLLYVLLTILLAALLSFLILI_1,110011001100110000,1,-74.2249,-72.0612,-74.2249,-239.844,-231.551,-249.463,-359.677,4633.96,4099.1,3940.68,-12.4491,-4.29612,-58.0574,-60.3618,-35.9897,-63.1492,69.2569,-43.5763,9.23909,5.32206,4.86091,-2.48772,-57.818,66.41,-40.684,-362.304,9.0,4.13805,3.6342,1,LLLYVLLTILLAALLSFLILI,YVLLTILLAALLSFL,0.2024670036192305,0.0361683072686018,R,99999900.0,-22.067700000000002,0.0,9.619,534.8599999999997,-0.04125883408742478,0.0,0.017984145383838773,-0.023275436562838887
LLLYVLLATLLALLLSFLILI_1,110011001100110000,1,-74.1811,-74.1934,-74.1811,-234.638,-230.992,-249.415,-364.502,4640.08,3987.53,3838.12,-12.4368,-9.09426,-68.1194,-68.4103,-40.9056,-65.6924,72.414,-41.9939,8.13817,6.12976,5.71597,-8.35585,-64.0417,66.015,-43.5351,-372.959,8.0775,5.01828,4.5085,1,LLLYVLLATLLALLLSFLILI,YVLLATLLALLLSFL,0.2610069252311263,0.0211217133516844,R,99999900.0,-27.2138,0.0,14.776999999999987,652.5499999999997,-0.04170377748831509,0.0,0.022645008045360498,-0.019058769442954572
LLLYALLLALLFILLVTLILI_1,110011001100110000,1,-58.8701,-58.8701,-58.8701,-239.056,-238.34,-252.044,-356.323,4695.01,4085.62,3758.56,-12.4289,153.684,-70.8249,94.5715,-45.4081,-35.6777,99.7128,-38.8935,9.72492,5.31289,5.30859,137.088,-38.8884,87.4303,-44.355,-211.786,8.3134,4.13635,3.9478,1,LLLYALLLALLFILLVTLILI,YALLLALLFILLVTL,0.284500476585645,0.0440576351473533,R,99999900.0,-25.416800000000002,0.0,12.988,609.3900000000003,-0.04170859383974136,0.0,0.021313116395083594,-0.020395641543182515
LLLTYLLVFLLALLLASLILI_1,110011001100110000,1,-78.5866,-67.6459,-60.3691,-227.857,-229.529,-251.926,-361.969,4658.95,3745.19,3728.95,-12.4187,-7.72896,-67.9434,-72.5227,-49.6732,-66.0127,51.1708,-40.5983,8.05876,3.30997,2.57753,-9.0408,-64.7965,51.5402,-39.82,-371.022,8.0152,3.1774,2.4505,1,LLLTYLLVFLLALLLASLILI,TYLLVFLLALLLASL,0.4574192059543571,0.0683609064738906,R,99999900.0,-18.270199999999996,-18.2175,24.06899999999999,913.7599999999998,-0.019994528103659606,-0.01993685431623184,0.02634061460339695,-0.013590767816494487
LLLYILLVALLTALLSLLILI_0,110011001100110000,1,-74.294,-76.4326,-74.294,-235.484,-223.235,-247.785,-377.542,4621.3,3995.3,3768.39,-12.4062,95.7426,-80.1693,17.8681,-55.4624,-21.0905,106.237,-44.7454,8.76872,4.00561,4.09917,91.052,-24.5731,86.8436,-39.2659,-281.799,8.2633,1.90985,1.7125,0,LLLYILLVALLTALLSLLILI,YILLVALLTALLSLL,0.3209071026851415,0.0228354214126606,R,99999900.0,-24.706900000000005,0.0,12.300999999999988,626.0,-0.039467891373801925,0.0,0.019650159744408927,-0.019818210862619808
LLLALLLTVLTSLLFLLLILI_1,110011001100110000,1,-87.9307,-84.3276,-88.0275,-228.351,-220.936,-245.564,-389.187,4571.32,3709.35,3585.81,-12.3955,52.2931,-85.3008,-31.6301,-55.5961,-109.211,17.2881,26.232,9.39519,5.21555,3.97487,28.1627,-105.995,10.267,21.1002,-361.439,9.2082,3.7853,2.43931,1,LLLALLLTVLTSLLFLLLILI,ALLLTVLTSLLFLLL,0.365782345740812,0.1020044090709206,L,99999900.0,-29.704699999999995,0.09680000000000177,17.212999999999994,861.9699999999998,-0.03446140816965788,0.00011230089214242003,0.019969372483961155,-0.014380430873464278
LLLTALLFALLAALLSLLILI_2,110011001100110000,1,-60.3413,-60.7725,-60.3413,-223.447,-217.815,-238.823,-355.249,4512.06,3719.08,3722.68,-12.3624,-5.15943,-83.8228,-81.8207,-56.0845,-75.8153,72.215,-38.8792,8.06495,7.62132,7.20455,-6.2925,-74.5663,64.3243,-36.9715,-361.622,8.2163,6.36873,5.8336,2,LLLTALLFALLAALLSLLILI,TALLFALLAALLSLL,0.3867079691877497,0.029719932724533,R,99999900.0,-27.738300000000002,0.0,15.376000000000005,792.9800000000005,-0.03497982294635424,0.0,0.01939014855355746,-0.015589800499382068
LLLALLLGVLLITLLSFLILI_0,110011001100110000,1,-74.0352,-73.3269,-74.0352,-237.395,-223.042,-241.235,-370.486,4555.44,3955.99,3725.13,-12.3605,215332.0,-71.4161,215258.0,-55.2153,-84.5344,70.036,-32.9768,9.62269,8.63501,8.18555,211785.0,-93.9928,36.7785,-43.1657,214961.0,6.6465,5.56402,4.6157,0,LLLALLLGVLLITLLSFLILI,ALLLGVLLITLLSFL,0.219443789093224,0.0164728297632148,G,99999900.0,-16.2008,0.0,3.8400000000000034,599.4499999999998,-0.02702610726499292,0.0,0.0064058720493786045,-0.02061973475686046
LLLSYLLIVLLGLLLGFLILI_0,110011001100110000,1,-62.639,-51.3362,-44.9022,-230.846,-229.873,-252.434,-346.804,4623.01,3935.69,3579.56,-12.3413,14304.1,-65.6596,14238.5,-49.4672,-72.4313,45.5937,-46.8051,9.41378,3.51985,2.70376,14110.4,-80.0419,31.8268,-44.1909,13957.3,7.2939,2.8029,1.7803,0,LLLSYLLIVLLGLLLGFLILI,SYLLIVLLGLLLGFL,0.4646451960590561,0.0256578484205843,G,99999900.0,-16.1924,-17.736800000000002,21.587999999999994,687.3200000000002,-0.023558749927253674,-0.02580573822964558,0.03140895070709421,-0.01795568294244311
LLLLFYLTALLILLVSLLILI_1,110011001100110000,1,-74.0167,-73.9833,-74.2373,-237.68,-232.898,-246.155,-364.097,4646.93,3830.57,3736.34,-12.3382,2.85916,-64.739,-54.3561,-43.7044,-48.6751,71.4077,34.7181,9.93094,3.4413,3.01241,-1.16142,-47.8829,56.4851,28.0,-365.139,9.5,1.30792,0.655196,1,LLLLFYLTALLILLVSLLILI,LFYLTALLILLVSLL,0.3200677226079477,0.1237662394257356,L,99999900.0,-21.034600000000005,0.22060000000000457,8.474999999999994,816.3600000000001,-0.0257663285805282,0.00027022392081925195,0.010381449360576207,-0.015113675339311086
LLLYSLLATLLATLLAFLILI_2,110011001100110000,1,-79.6564,-85.3286,-72.5555,-229.927,-225.139,-249.07,-350.211,4641.57,3972.15,3804.75,-12.3321,1690.15,-52.9591,1650.41,-28.5855,-40.5808,79.0212,-46.0789,8.108,3.25498,2.9403,1454.78,-43.6777,70.6483,-39.0967,1339.94,8.0,2.58918,2.1489,2,LLLYSLLATLLATLLAFLILI,YSLLATLLATLLAFL,0.2119520285493236,0.0244693533435688,R,99999900.0,-24.3736,-7.10090000000001,19.143,669.4199999999996,-0.03641002659018257,-0.010607540856263652,0.028596396880881975,-0.018422066863852303
LLLSALLIALLTVLLWLLILI_2,110011001100110000,1,-55.9277,-56.0152,-58.9271,-237.27,-237.985,-253.692,-382.473,4606.3,3945.21,3820.92,-12.3298,-10.7718,-101.605,-99.2449,-69.8542,-84.3936,60.1181,-41.4632,8.97692,7.27497,6.67674,-8.8493,-82.5413,55.9347,-43.4423,-392.57,8.9754,6.43238,5.7714,2,LLLSALLIALLTVLLWLLILI,SALLIALLTVLLWLL,0.6325495336431661,0.1123587013568536,R,99999900.0,-31.750799999999998,2.9994000000000014,16.421999999999997,661.0900000000001,-0.04802795383381989,0.00453705244369148,0.02484079323541423,-0.018650713216052273
LLLLVLLIALLATLLIFLILI_2,110011001100110000,1,-58.7941,-58.7941,-58.7941,-234.471,-231.57,-244.086,-365.488,4584.53,4016.29,3798.03,-12.3239,72.3512,-84.5471,-2.77256,-62.6075,-50.3721,77.1182,-42.7796,8.68921,4.46678,4.12355,56.791,-40.8345,76.2695,-41.1941,-291.382,8.0,2.92156,2.5656,2,LLLLVLLIALLATLLIFLILI,LVLLIALLATLLIFL,0.364975820186749,0.0475154254667602,R,99999900.0,-21.9396,0.0,9.615000000000009,568.2399999999998,-0.038609742362382106,0.0,0.01692066732366608,-0.021687843164859926
LLLYALLVGLLALLLGTLILI_1,110011001100110000,1,-58.7681,-58.7681,-58.7681,-227.299,-219.805,-240.159,-346.136,4608.66,3959.67,3847.18,-12.3219,-7.70261,-72.3908,-75.2651,-47.2088,-43.4256,87.7796,-38.9299,7.73159,4.86408,4.68078,-7.00941,-44.9135,70.5331,-40.7685,-353.874,7.218,2.759,2.317,1,LLLYALLVGLLALLLGTLILI,YALLVGLLALLLGTL,0.3040238121328129,0.0540289858798464,G,99999900.0,-25.182000000000002,0.0,12.859999999999985,648.9899999999998,-0.03880183053668009,0.0,0.019815405476201465,-0.018986270974899466
LLLALLLVILLAILLSFLILI_0,110011001100110000,1,-64.1921,-63.9518,-60.3992,-227.689,-223.804,-243.684,-367.512,4570.45,3906.41,3808.92,-12.2928,-2.73914,-87.9236,-82.4955,-63.4286,-50.6728,58.1978,-49.3735,8.53848,1.95762,1.33059,-1.18223,-51.3087,52.0453,-45.0,-370.251,8.5127,1.22242,0.503099,0,LLLALLLVILLAILLSFLILI,ALLLVILLAILLSFL,0.1442387950346797,0.0344684652112052,R,99999900.0,-24.49499999999999,-3.792899999999996,15.995000000000005,664.04,-0.03688783808204324,-0.005711854707547732,0.024087404373230537,-0.01851213782302271
LLLYALLLTLLSALLVFLILI_2,110011001100110000,1,-70.8006,-74.1975,-74.1975,-240.776,-231.209,-249.993,-359.673,4683.13,4156.36,3899.57,-12.2834,1.84019,-60.3793,-52.4258,-35.4824,-52.3031,93.6833,-36.7864,9.986,6.9927,6.89795,-3.13848,-58.6812,72.8948,-40.4498,-361.457,8.9476,5.14298,4.7364,2,LLLYALLLTLLSALLVFLILI,YALLLTLLSALLVFL,0.2365475088198004,0.0415227035865847,R,99999900.0,-24.896900000000002,3.3969000000000023,9.216999999999985,526.7700000000004,-0.04726332175332684,0.0064485449057463395,0.017497199916472042,-0.02331833627579397
LLLTYLLTILLAVLLILLILI_0,110011001100110000,1,-73.4483,-75.222,-58.8494,-236.582,-233.689,-256.472,-381.338,4630.3,3792.17,3749.94,-12.2815,56.4004,-83.5891,-16.027,-66.0172,-65.5887,55.7266,-43.4544,8.4628,3.86139,3.19729,51.5152,-64.7965,51.5402,-39.82,-324.938,8.0152,3.1774,2.4505,0,LLLTYLLTILLAVLLILLILI,TYLLTILLAVLLILL,0.4049320009312738,0.0581600686142272,R,99999900.0,-17.5719,-14.5989,19.889999999999986,838.1300000000001,-0.020965601994917253,-0.017418419576915273,0.023731402049801325,-0.0146534547146624
LLLYVLLFALLTILLSLLILI_1,110011001100110000,1,-74.3908,-74.0974,-74.2365,-237.247,-235.998,-253.391,-370.769,4682.17,4004.11,3858.94,-12.2693,-3.86817,-71.3998,-64.5413,-43.141,-44.6773,83.9551,-46.355,9.02958,4.53553,4.29485,-3.78331,-39.2116,82.5884,-44.5047,-371.398,8.7478,3.53117,3.27,1,LLLYVLLFALLTILLSLLILI,YVLLFALLTILLSLL,0.2401043431151714,0.0584516311500429,R,99999900.0,-28.2588,-0.1542999999999921,16.143999999999977,678.06,-0.04167595787983365,-0.00022756098280387005,0.023809102439312124,-0.018094711382473528
LLLYWLLVALLIILLTLLILI_0,110011001100110000,1,-58.8776,-45.1019,-58.8776,-247.571,-239.878,-257.833,-375.047,4744.83,4098.39,3701.61,-12.2668,242.038,-80.8653,151.97,-58.3369,-16.689,102.329,-45.5416,10.0896,2.81777,2.85271,236.987,-18.646,87.7907,-39.994,-133.01,8.5175,1.14864,0.9655,0,LLLYWLLVALLIILLTLLILI,YWLLVALLIILLTLL,0.33972353429217,0.0309625196811863,R,99999900.0,-22.528400000000005,0.0,10.262000000000029,646.4399999999996,-0.03484994740424482,0.0,0.015874636470515492,-0.018975929707320104
LLLAILLFTLLAALLSLLILI_0,110011001100110000,1,-74.1007,-74.1142,-74.1007,-232.385,-218.015,-239.482,-369.239,4508.96,3892.39,3836.76,-12.2635,1.71501,-75.017,-75.3946,-55.6563,-57.0711,88.4179,-46.6525,8.80749,6.99708,6.82335,2.10282,-61.1699,64.8894,-39.1438,-367.524,8.8537,4.43556,3.9089,0,LLLAILLFTLLAALLSLLILI,AILLFTLLAALLSLL,0.2686068892392015,0.0405199963779026,R,99999900.0,-19.360699999999994,0.0,7.097000000000008,616.5700000000002,-0.031400651994096355,0.0,0.011510452989928161,-0.019889874628995892
LLLLYVLLFLLITLLILLILI_1,110011001100110000,1,-61.0142,-58.8982,-58.8982,-247.452,-236.826,-253.662,-369.941,4721.84,4033.51,3678.54,-12.2453,39339.4,-73.7205,39265.2,-57.3806,-54.0307,89.2733,23.289,11.9729,6.65649,6.49559,14541.5,-59.5624,70.8383,23.7924,38961.3,9.4709,4.99753,4.5601,1,LLLLYVLLFLLITLLILLILI,LYVLLFLLITLLILL,0.1633111030669977,0.0657349031813168,L,99999900.0,-16.3399,-2.1159999999999997,6.210000000000008,688.3299999999999,-0.02373846846715965,-0.0030741068964014353,0.009021835456830312,-0.01778986823180742
LLLAYLLFTLLTLLLSILILI_2,110011001100110000,1,-84.7362,-85.1284,-87.9693,-230.848,-228.711,-251.168,-378.632,4635.38,3849.92,3785.51,-12.2402,-10.5645,-75.2877,-75.3573,-39.4948,-76.6045,56.3381,-41.0085,8.55199,5.59633,4.9414,-11.4353,-75.9161,54.5672,-40.6949,-390.049,8.5264,5.25399,4.5725,2,LLLAYLLFTLLTLLLSILILI,AYLLFTLLTLLLSIL,0.4699158023610594,0.0287867763206675,R,99999900.0,-35.7929,3.2331000000000074,20.319999999999993,785.46,-0.04556934789804701,0.004116186693147974,0.025870190716268164,-0.015583479744353626
LLLYALLLALLASLLVTLILI_0,110011001100110000,1,-74.1677,-74.1677,-74.1677,-230.529,-226.678,-244.847,-371.052,4595.9,3811.66,3841.57,-12.222,-8.71122,-78.5777,-78.9173,-52.0371,-35.6067,97.8639,-43.1751,8.48023,5.05264,5.0206,-8.79052,-38.8884,87.4303,-44.355,-379.763,8.3134,4.13635,3.9478,0,LLLYALLLALLASLLVTLILI,YALLLALLASLLVTL,0.3150882155186972,0.0258992156196641,R,99999900.0,-26.54059999999999,0.0,14.318000000000012,784.2399999999998,-0.03384244618994185,0.0,0.018257166173620342,-0.015584514944404777
LLLALLLGLLLIVLLSTLILI_2,110011001100110000,1,-74.1192,-74.0404,-74.1192,-237.108,-233.755,-240.277,-387.434,4545.43,3987.49,3594.39,-12.2173,636464.0,-88.4247,636385.0,-73.0378,-91.4411,68.6952,-33.8301,10.2083,9.49002,9.02044,483528.0,-97.764,38.4753,-38.0973,636062.0,7.04,6.35877,5.4359,2,LLLALLLGLLLIVLLSTLILI,ALLLGLLLIVLLSTL,0.357416674457861,0.0565342888172227,G,99999900.0,-15.386899999999997,0.0,3.1689999999999827,557.9400000000005,-0.02757805498799151,0.0,0.00567982220310424,-0.021897157400437302
LLLFALLLVLISLLATLLILI_0,110011001100110000,1,-74.3037,-74.3037,-74.3825,-226.611,-217.202,-243.045,-370.833,4566.57,3775.61,3751.06,-12.2119,-1.38617,-82.1306,-80.7133,-53.4057,-103.509,46.3044,17.9379,9.55274,8.27738,7.47194,-1.33464,-108.523,26.4323,18.0,-372.219,9.5,6.34681,5.24329,0,LLLFALLLVLISLLATLLILI,FALLLVLISLLATLL,0.4940800896645902,0.0283399398290331,L,99999900.0,-28.724899999999998,0.07879999999998688,16.433999999999997,790.9599999999996,-0.03631650146657228,9.962577121470987e-05,0.020777283301304753,-0.015439339536765458
LLLFALLLILTALLYVLLILI_1,110011001100110000,1,-58.8808,-58.913,-58.8808,-225.399,-224.626,-247.863,-354.11,4648.34,3706.58,3735.92,-12.2097,-3.726,-82.0399,-74.297,-47.3667,-113.765,7.2589,19.977,9.38829,4.54477,3.15366,-8.37996,-115.762,1.87941,19.6398,-362.775,9.2964,4.11802,2.64621,1,LLLFALLLILTALLYVLLILI,FALLLILTALLYVLL,0.4006011628237989,0.0780325488011143,L,99999900.0,-34.6732,0.0,22.464,941.7600000000002,-0.03681744818212707,0.0,0.023853211009174306,-0.012964768093781852
LLLATLLVALLALLLSILILI_1,110011001100110000,1,-68.2319,-67.9598,-60.3859,-222.92,-222.204,-243.752,-376.753,4542.1,3808.34,3818.49,-12.1996,-7.66171,-97.8005,-94.2504,-72.6144,-54.5517,83.0347,-40.0645,8.74988,5.89243,5.63795,-7.22322,-55.4498,78.0622,-36.6757,-384.856,9.0,5.35587,5.0268,1,LLLATLLVALLALLLSILILI,ATLLVALLALLLSIL,0.5774043327523799,0.104263984832456,R,99999900.0,-25.186099999999996,-7.8459999999999965,20.832000000000022,733.7600000000002,-0.034324711077191435,-0.010692869603139983,0.028390754470126494,-0.016626144788486695
LLLAALLLVLISLLLTLLILI_2,110011001100110000,1,-74.2774,-74.1987,-74.2774,-225.214,-220.155,-242.543,-392.511,4543.94,3682.01,3643.12,-12.1636,6.44765,-105.182,-91.709,-75.6902,-106.589,36.5621,21.046,9.77923,7.42418,6.47261,2.53362,-107.662,24.9433,19.7008,-388.274,9.4952,6.01665,4.8908,2,LLLAALLLVLISLLLTLLILI,AALLLVLISLLLTLL,0.6083189900311328,0.0147070363674069,L,99999900.0,-29.491799999999998,0.0,17.329000000000008,861.9299999999994,-0.03421600361978353,0.0,0.0201048809068022,-0.014112050862599063
LLLIYLLVFLLALLLSTLILI_0,110011001100110000,1,-74.257,-74.1817,-74.2023,-228.126,-222.648,-246.617,-367.197,4683.28,3744.37,3715.95,-12.1609,-5.29082,-76.9747,-75.6586,-46.3779,-73.1317,57.6326,-40.379,8.60335,5.25016,4.61465,-3.36091,-72.5019,54.6694,-37.0259,-372.488,8.4851,4.75566,4.0757,0,LLLIYLLVFLLALLLSTLILI,IYLLVFLLALLLSTL,0.3080999421908356,0.0154065234616608,R,99999900.0,-30.5968,-0.05470000000001107,18.490999999999985,938.9099999999999,-0.03258757495393595,-5.825904506290388e-05,0.019694113386799574,-0.012952146638122932
LLLAALLLSLLFTLLVALILI_2,110011001100110000,1,-74.2323,-74.2323,-74.2029,-222.885,-221.903,-239.469,-366.419,4531.14,3762.59,3733.01,-12.1577,-10.3274,-81.4591,-80.6113,-52.7473,-54.3132,84.9982,-37.4948,8.16236,6.12173,5.8967,-7.31651,-54.7442,78.7538,-35.0,-373.359,8.4748,5.34339,5.0247,2,LLLAALLLSLLFTLLVALILI,AALLLSLLFTLLVAL,0.4065840852382019,0.0404591797029959,R,99999900.0,-28.711800000000004,-0.02939999999999543,16.584000000000003,768.5500000000002,-0.03735840218593455,-3.825385466136936e-05,0.021578296792661506,-0.015819009823693966
LLLYVLLAALLATLLSLLILI_2,110011001100110000,1,-74.1081,-74.1081,-74.1081,-234.073,-231.027,-244.439,-370.778,4597.4,4010.85,3854.74,-12.1576,-9.05085,-74.7535,-74.6935,-52.2307,-45.9889,82.6608,-46.0207,8.13417,4.55754,4.29745,-7.54511,-40.8345,76.2695,-41.1941,-378.504,8.0,2.92156,2.5656,2,LLLYVLLAALLATLLSLLILI,YVLLAALLATLLSLL,0.2603391094029015,0.0770049763306901,R,99999900.0,-22.522800000000004,0.0,10.365999999999985,586.5499999999997,-0.03839877248316429,0.0,0.01767283266558689,-0.02072730372517263
LLLLYWLLIVLLSLLFTLILI_1,110011001100110000,1,-74.1751,-70.5976,-74.2539,-238.244,-230.995,-256.256,-372.723,4697.13,3914.35,3664.16,-12.1407,80.6086,-72.4439,9.47875,-42.2132,-1.78197,113.253,23.6958,9.86986,2.05641,2.2552,58.8896,-7.68243,98.1969,18.0,-299.796,9.1491,0.908946,0.8819,1,LLLLYWLLIVLLSLLFTLILI,LYWLLIVLLSLLFTL,0.5489926626800946,0.0697849318663314,L,99999900.0,-30.2307,0.07880000000000109,18.011999999999972,782.7800000000002,-0.03861966325148827,0.00010066685403306302,0.023010296635069837,-0.015509721760903443
LLLFALLTILLAALLSLLILI_1,110011001100110000,1,-74.2013,-74.2013,-74.2013,-228.319,-227.775,-240.37,-366.639,4594.32,3822.65,3876.79,-12.1267,-11.7672,-76.2458,-76.4298,-52.0679,-75.6016,68.1998,-35.9516,8.97907,7.04721,6.57021,-2.92262,-68.8108,64.9165,-37.632,-369.553,9.0,5.58535,5.0591,1,LLLFALLTILLAALLSLLILI,FALLTILLAALLSLL,0.3618349435202921,0.0279102715003876,R,99999900.0,-24.1779,0.0,12.051000000000016,771.6699999999996,-0.03133191649280134,0.0,0.01561677919317846,-0.015714878121476806
LLLYSLLAALLAVLLTILILI_0,110011001100110000,1,-61.0533,-63.9566,-58.8612,-224.424,-219.367,-245.131,-356.193,4570.95,3863.26,3765.11,-12.1264,1286.92,-82.8416,1214.05,-52.2009,-60.3434,72.2364,-42.2141,8.16722,5.30343,4.88698,604.667,-59.4289,73.8437,-35.0,930.726,8.0205,5.38324,4.9909,0,LLLYSLLAALLAVLLTILILI,YSLLAALLAVLLTIL,0.3196547381134355,0.0164799855110734,R,99999900.0,-30.640700000000002,-2.1921000000000035,20.706999999999994,707.6899999999996,-0.04329678248950815,-0.0030975427093784067,0.029259986717348,-0.01713518631039015
LLLTYLLAVLLAILLFLLILI_2,110011001100110000,1,-49.5676,-49.0973,-45.0281,-235.27,-237.655,-255.458,-355.891,4679.18,3793.24,3783.84,-12.1144,-10.4204,-83.1684,-79.5593,-55.4054,-89.1548,49.8556,-45.1474,8.50443,6.60373,5.85156,-6.03274,-87.3658,48.4216,-44.846,-363.999,8.8676,6.14178,5.3681,2,LLLTYLLAVLLAILLFLLILI,TYLLAVLLAILLFLL,0.3252167713817652,0.0522380293462804,R,99999900.0,-27.763000000000005,-4.539499999999997,20.187999999999988,885.9400000000005,-0.031337336614217656,-0.005123936158204838,0.022787096191615657,-0.013674063706345795
LLLGTLLVGLLAALLSLLILI_1,110011001100110000,1,-70.0564,-69.1964,-60.3801,-216.856,-216.436,-242.082,-361.125,4464.4,3698.95,3648.45,-12.1132,-11.4233,-86.3257,-86.9161,-58.6632,-39.9774,66.6828,-35.2984,7.23651,1.49878,0.999024,-10.5321,-40.0396,65.581,-35.0,-372.012,7.1597,1.35938,0.843096,1,LLLGTLLVGLLAALLSLLILI,GTLLVGLLAALLSLL,0.3890319509711488,0.0507697456373893,G,99999900.0,-27.662499999999994,-9.676299999999998,25.226,765.4499999999998,-0.03613887255862565,-0.012641322098112221,0.03295577764713568,-0.015824939578026002
LLLVALLLTLLAILLSALILI_0,110011001100110000,1,-76.7554,-77.0921,-74.2015,-227.575,-221.503,-237.402,-381.542,4518.97,3878.87,3896.62,-12.0974,-6.21067,-89.3086,-89.1574,-69.9385,-51.2439,86.4866,-42.139,7.9919,5.86228,5.65958,-5.38538,-54.4223,72.8251,-42.2813,-387.753,8.0,4.49473,4.08711,0,LLLVALLLTLLAILLSALILI,VALLLTLLAILLSAL,0.4790787542387622,0.0161105098697735,R,99999900.0,-19.370099999999994,-2.5538999999999987,9.826999999999998,640.1000000000004,-0.030261052960474898,-0.003989845336666142,0.01535228870488985,-0.018899234494610208
LLLTALLIALLLVLLSFLILI_1,110011001100110000,1,-60.3994,-60.3601,-60.4388,-230.995,-228.716,-246.233,-368.552,4581.29,3838.9,3782.01,-12.0963,-10.2437,-89.2542,-89.7192,-61.88,-53.2453,88.8428,-37.9169,8.55012,6.48057,6.31321,-9.41798,-46.4612,89.8188,-35.5102,-378.372,8.818,5.59472,5.442,1,LLLTALLIALLLVLLSFLILI,TALLIALLLVLLSFL,0.427699064270723,0.0352079207892127,R,99999900.0,-27.374199999999995,0.039400000000000546,15.238,742.3899999999999,-0.03687307210495831,5.3071835558130566e-05,0.020525599752151836,-0.016293727016797103
LLLSYLLIVLLGLLLAFLILI_0,110011001100110000,1,-63.3104,-54.352,-44.9369,-229.746,-229.097,-253.594,-351.2,4636.02,3900.95,3620.11,-12.0962,134655.0,-70.2392,134587.0,-52.6692,-91.0316,33.1387,-39.3375,9.65532,4.62847,3.62555,32514.5,-83.7533,47.7994,-42.6647,134304.0,7.5,5.51591,4.7329,0,LLLSYLLIVLLGLLLAFLILI,SYLLIVLLGLLLAFL,0.6147918997458972,0.1324060932789996,G,99999900.0,-17.57,-18.3735,23.847999999999985,735.0700000000006,-0.023902485477573544,-0.024995578652373222,0.032443168677812946,-0.016455847742391866
LLLTALLIALLAVLLSLLILI_1,110011001100110000,1,-60.468,-60.468,-60.468,-226.327,-226.021,-241.237,-377.198,4505.85,3713.13,3762.7,-12.0927,-9.2734,-102.495,-99.9824,-75.4929,-53.1049,80.7116,-37.9378,7.87419,5.3618,5.07247,-8.90577,-47.9836,80.2404,-36.9281,-387.121,8.0,4.52999,4.2336,1,LLLTALLIALLAVLLSLLILI,TALLIALLAVLLSLL,0.4559723172906989,0.0306894858389265,R,99999900.0,-27.0021,0.0,14.909999999999997,792.7200000000003,-0.03406259461095972,0.0,0.018808658795034808,-0.01525469270360278
LLLTSLLLGLLFALLIYLILI_0,110011001100110000,1,-55.7459,-57.2618,-44.9453,-232.645,-232.317,-256.143,-352.975,4646.62,3777.06,3659.52,-12.0897,11978.4,-76.6737,11915.0,-51.887,-34.9288,62.1425,-44.0274,8.05444,0.128568,-0.439294,9545.06,-40.0595,64.5531,-38.0126,11625.4,7.2779,1.2236,0.691897,0,LLLTSLLLGLLFALLIYLILI,TSLLLGLLFALLIYL,0.2415252614754327,0.033690023946638,G,99999900.0,-24.786699999999996,-10.800599999999996,23.497999999999962,869.56,-0.028504876029256172,-0.012420764524587144,0.027022862137172782,-0.013903238419430518
LLLAALLAALLGVLLGTLILI_2,110011001100110000,1,-64.5301,-64.1176,-58.784,-200.563,-202.199,-226.1,-342.093,4357.64,3549.49,3597.83,-12.0868,-12.0163,-89.0859,-87.7927,-57.2089,-75.7294,53.8029,-35.6561,7.18383,5.1228,4.42984,-11.4198,-78.0946,55.6007,-36.5199,-353.498,7.2728,5.72029,5.0543,2,LLLAALLAALLGVLLGTLILI,AALLAALLGVLLGTL,0.2204293164536027,0.0473487905410408,G,99999900.0,-31.876999999999995,-5.7461000000000055,25.537000000000006,808.1500000000005,-0.03944441007238752,-0.007110189939986391,0.03159933180721399,-0.014956134380993618
LLLYLLLATLVILLFSLLILI_2,110011001100110000,1,-74.1845,-74.124,-74.1845,-231.046,-230.028,-253.101,-367.223,4692.74,3827.68,3816.14,-12.0685,-9.36102,-74.0607,-72.4318,-39.9374,-111.039,30.8158,25.5506,9.32314,7.31605,6.27829,-2.78203,-114.221,16.6004,23.3529,-370.287,9.3591,5.8742,4.62321,2,LLLYLLLATLVILLFSLLILI,YLLLATLVILLFSLL,0.1280571392616766,0.0964769828678265,L,99999900.0,-34.1233,0.0,22.055000000000007,865.06,-0.039446165583890136,0.0,0.025495341363604845,-0.013951055418121288
LLLTILLVALLAYLLSFLILI_1,110011001100110000,1,-63.3825,-62.9884,-60.2169,-229.19,-226.267,-246.675,-355.122,4601.72,3983.15,3719.48,-12.0656,28.9937,-74.6152,-36.8729,-48.2298,-74.7627,58.2296,-46.6379,8.02562,5.5754,4.94885,20.8648,-69.0036,63.721,-36.3865,-340.762,8.0348,5.45288,4.9087,1,LLLTILLVALLAYLLSFLILI,TILLVALLAYLLSFL,0.3151413743877608,0.0596564032580697,R,99999900.0,-26.385400000000004,-3.1655999999999977,17.485000000000014,618.5700000000002,-0.04265547957385583,-0.00511760997138561,0.02826680893027468,-0.01950563396220314
LLLAALLLTLLAVLLSILILI_2,110011001100110000,1,-74.0962,-70.9911,-74.1748,-225.004,-223.829,-238.182,-380.167,4488.78,3757.95,3887.33,-12.0633,-5.35444,-93.1307,-90.7014,-67.8102,-41.0224,75.4845,-42.4038,8.32854,2.84377,2.47604,-2.22959,-39.1622,65.3604,-43.9197,-382.678,8.4916,1.19799,0.678397,2,LLLAALLLTLLAVLLSILILI,AALLLTLLAVLLSIL,0.382307097014769,0.0130204064044169,R,99999900.0,-25.32050000000001,0.07860000000000866,13.177999999999997,730.8299999999999,-0.03464622415609651,0.00010754895119249164,0.018031553165578862,-0.016506301054964905
LLLYVLLTILLIFLLSLLILI_1,110011001100110000,1,-74.1747,-73.3879,-74.1037,-245.791,-241.595,-257.226,-374.544,4760.1,4123.11,3878.41,-12.0585,26.6857,-66.6371,-32.8759,-43.2148,-57.8422,65.1914,-36.6069,10.0459,3.97717,3.45504,16.3015,-63.1873,55.2127,-36.6493,-318.13,8.5138,3.43181,2.76,1,LLLYVLLTILLIFLLSLLILI,YVLLTILLIFLLSLL,0.1711899460060733,0.0424790687586758,R,99999900.0,-23.422300000000007,-0.07099999999999795,11.435000000000002,636.9900000000007,-0.036770278968272625,-0.00011146171839431997,0.0179516161949167,-0.018930438468421778
LLLYVLLILLLGALLSFLILI_0,110011001100110000,1,-61.06,-57.6762,-60.3995,-231.821,-227.889,-249.095,-355.292,4681.89,4006.1,3756.48,-12.0558,350.142,-74.4661,280.416,-45.7967,-50.0506,60.2299,-53.4027,7.31492,2.13862,1.54207,321.477,-47.9501,60.2066,-41.6343,-5.15002,7.3755,1.8204,1.2235,0,LLLYVLLILLLGALLSFLILI,YVLLILLLGALLSFL,0.2484494293208158,0.0441681876673031,G,99999900.0,-28.669399999999996,-0.660499999999999,17.274,675.7900000000004,-0.04242353393805765,-0.0009773746282129043,0.025561195045798235,-0.017839565545509688
LLLYSLLLILLAVLLTALILI_2,110011001100110000,1,-58.0591,-61.1424,-58.8872,-237.118,-232.176,-248.999,-362.912,4665.39,4042.31,3823.65,-12.0547,29052.3,-79.7898,28982.7,-55.0254,-40.1841,80.5572,-45.8526,9.1594,3.40284,3.1112,22264.7,-38.6138,67.2216,-35.9594,28673.9,8.7535,1.36698,0.875303,2,LLLYSLLLILLAVLLTALILI,YSLLLILLAVLLTAL,0.2468685991166489,0.1329067836233068,R,99999900.0,-24.764400000000002,0.8280999999999992,11.881,623.0800000000004,-0.03974513706105153,0.0013290428195416298,0.019068177441099045,-0.019346953842203238
LLLYSLLAALLATLLVFLILI_2,110011001100110000,1,-69.6372,-68.7466,-58.8092,-222.917,-218.796,-251.442,83.8168,4637.72,3986.95,3781.08,-12.0539,460.927,364.317,832.286,394.068,-56.4981,73.1323,-45.9977,7.94725,4.84758,4.44456,375.198,-59.0896,67.569,-38.1162,544.743,8.0324,4.48526,3.9988,2,LLLYSLLAALLATLLVFLILI,YSLLAALLATLLVFL,0.1276670967095196,0.0303573241658794,R,99999900.0,-29.750999999999976,-10.82800000000001,28.525000000000006,650.7700000000004,-0.045716612628117395,-0.016638751018024804,0.043832690505093946,-0.01852251947692732
LLLTYLLLVLLAILLSFLILI_1,110011001100110000,1,-63.3857,-63.0465,-60.4179,-240.608,-239.596,-255.097,-366.594,4667.29,3999.12,3907.85,-12.0423,-9.99527,-74.6434,-73.9472,-51.0799,-56.9504,53.6647,-48.6907,8.2062,2.28729,1.59226,-9.08421,-52.2236,53.6517,-43.5176,-375.687,8.4549,1.57652,0.881296,1,LLLTYLLLVLLAILLSFLILI,TYLLLVLLAILLSFL,0.1924630301825396,0.0898094323451468,R,99999900.0,-23.563499999999998,-2.967799999999997,14.489000000000004,668.1700000000001,-0.03526572578834727,-0.00444168400257419,0.021684601224239344,-0.01802280856668213
LLLVALLILLTSLLFSLLILI_2,110011001100110000,1,-89.6137,-89.542,-89.6811,-228.335,-225.105,-244.552,-388.599,4580.94,3697.11,3628.2,-12.0284,507.001,-82.6794,433.049,-54.3658,-95.0826,42.2709,22.4533,9.11677,6.46896,5.60302,450.688,-105.074,23.0939,18.9375,21.1782,8.8078,5.37878,4.22519,2,LLLVALLILLTSLLFSLLILI,VALLILLTSLLFSLL,0.5478694894226569,0.074306731996161,L,99999900.0,-28.3136,0.06740000000000634,16.216999999999985,883.8299999999995,-0.03203511987599427,7.625900908546483e-05,0.0183485511919713,-0.013609404523494345
LLLTALLIALLLSLLFVLILI_1,110011001100110000,1,-60.3917,-60.421,-60.3917,-229.959,-228.871,-246.231,-371.352,4562.65,3635.18,3698.34,-12.0265,5.01314,-93.0282,-77.0466,-64.7291,-35.3957,91.1372,-38.2609,8.06424,4.11288,3.97994,-8.19667,-32.2597,92.0409,-42.2469,-379.802,8.0874,3.76448,3.64509,1,LLLTALLIALLLSLLFVLILI,TALLIALLLSLLFVL,0.4249512529989692,0.0298703178199828,R,99999900.0,-28.299099999999996,0.0,16.27199999999999,927.4699999999998,-0.030512145945421416,0.0,0.01754450278715214,-0.012966996237075057
LLLVALLLALLAALLSTLILI_0,110011001100110000,1,-76.5557,-76.6744,-74.1918,-216.821,-209.625,-233.49,-367.453,4463.03,3743.87,3703.11,-12.0181,-4.19931,-86.0938,-85.3529,-59.7711,-29.4709,87.4154,-38.6395,8.1591,2.72171,2.53294,-3.80941,-32.5709,73.9857,-37.3157,-371.652,8.2281,1.37371,0.983496,0,LLLVALLLALLAALLSTLILI,VALLLALLAALLSTL,0.388245925639048,0.0377396077586337,R,99999900.0,-26.322700000000005,-2.363900000000001,16.66900000000001,719.1599999999999,-0.036602007898103354,-0.003287029311975084,0.023178430391011758,-0.016711302074642644
LLLFYLLIILLVALLSLLILI_0,110011001100110000,1,-63.7628,-65.4078,-60.4926,-238.982,-234.613,-249.652,-361.211,4712.42,3972.65,3947.4,-11.9895,123.562,-70.4553,62.3721,-51.0659,-24.498,95.5472,-46.2918,9.0523,3.07357,3.00678,126.367,-20.6004,88.8043,-45.0,-237.649,9.0,1.57864,1.4107,0,LLLFYLLIILLVALLSLLILI,FYLLIILLVALLSLL,0.2411704752752609,0.0438276124062483,R,99999900.0,-19.389399999999995,-3.2701999999999956,10.669999999999987,739.77,-0.026210038255133346,-0.004420563148005455,0.014423401868148191,-0.01620706435784095
LLLYILLAALLTVLLSFLILI_0,110011001100110000,1,-74.2719,-74.2719,-74.2719,-231.75,-225.43,-248.862,-356.413,4643.87,4129.25,3926.92,-11.9864,-5.68052,-62.3772,-62.3908,-33.2786,-36.1437,94.2649,-44.4122,8.72049,4.64732,4.5613,-5.69905,-39.2116,82.5884,-44.5047,-362.093,8.7478,3.53117,3.27,0,LLLYILLAALLTVLLSFLILI,YILLAALLTVLLSFL,0.2381535402266833,0.0865182290564914,R,99999900.0,-29.098600000000005,0.0,17.111999999999995,514.6199999999999,-0.05654385760366875,0.0,0.03325171971551824,-0.023291749251875174
LLLVILLLFLIALLLTLLILI_2,110011001100110000,1,-58.8383,-58.8383,-58.8383,-224.961,-231.272,-247.389,-374.3,4627.81,3714.49,3709.61,-11.9832,872.363,-102.484,788.173,-68.073,-116.184,5.30056,15.5848,10.2255,4.64312,3.22263,56.787,-108.506,6.15667,24.8812,-316.716,9.4921,3.60705,2.1994,2,LLLVILLLFLIALLLTLLILI,VILLLFLIALLLTLL,0.5235945838214956,0.1362142921264753,L,99999900.0,-34.411,0.0,22.427999999999997,913.3200000000006,-0.037676827398940106,0.0,0.024556562869530923,-0.013120483510708176
LLLTYLLVLLLAALLSFLILI_2,110011001100110000,1,-76.5402,-77.4018,-60.3887,-229.908,-230.183,-252.194,-361.359,4665.78,3841.09,3849.21,-11.9817,-9.84549,-66.8924,-63.6198,-48.7763,-69.7516,52.2672,-40.9553,8.34572,4.01881,3.30282,-7.69923,-70.1435,50.4198,-38.9685,-370.353,8.6236,3.8282,3.0845,2,LLLTYLLVLLLAALLSFLILI,TYLLVLLLAALLSFL,0.2918426325637344,0.0497575685814205,R,99999900.0,-18.116099999999996,-16.1515,22.286,824.6899999999996,-0.021967163418981684,-0.019584934945252163,0.027023487613527523,-0.014528732008391039
LLLYVLLIALLFTLLSLLILI_0,110011001100110000,1,-74.1173,-74.1173,-74.1173,-232.492,-232.743,-253.464,-367.474,4704.4,3966.37,3815.6,-11.97,-11.7638,-72.8345,-72.3771,-39.8928,-32.4534,79.7847,-45.3862,8.53705,2.13895,1.83572,-11.3717,-34.3116,78.2924,-42.6631,-379.238,8.583,2.21621,1.8906,0,LLLYVLLIALLFTLLSLLILI,YVLLIALLFTLLSLL,0.2608405866500536,0.0453106066176138,R,99999900.0,-32.941700000000004,0.0,20.97200000000001,738.0299999999997,-0.044634635448423526,0.0,0.02841618904380583,-0.016218852892158863
LLLYVLLATLLSLLLFILILI_0,110011001100110000,1,-75.7616,-74.9169,-74.1535,-239.352,-233.56,-253.558,-371.082,4679.27,4092.03,3806.77,-11.9412,-9.65929,-67.9092,-72.2644,-43.3705,-64.2744,76.3201,-51.215,8.84017,6.44436,6.08917,-10.2479,-65.5044,67.4883,-45.0,-380.741,8.7313,5.43658,4.9489,0,LLLYVLLATLLSLLLFILILI,YVLLATLLSLLLFIL,0.2828292069979671,0.0744926762567381,R,99999900.0,-24.5387,-1.6081000000000074,14.205999999999989,587.2400000000002,-0.041786492745725747,-0.002738403378516461,0.02419113139431916,-0.02033444588243307
LLLYVLLTILLALLLAFLILI_1,110011001100110000,1,-58.8866,-58.8866,-58.8866,-239.486,-234.53,-251.5,-356.861,4666.4,4062.83,3783.25,-11.939,1181.78,-70.4279,1118.34,-46.4745,-53.018,70.118,-46.0603,9.66934,3.91863,3.4704,1167.9,-53.6458,55.2229,-41.7266,820.322,8.6181,2.00196,1.3303,1,LLLYVLLTILLALLLAFLILI,YVLLTILLALLLAFL,0.3364391498843069,0.0745095588285986,R,99999900.0,-23.953399999999995,0.0,12.01400000000001,603.5699999999997,-0.03968620044071111,0.0,0.01990489918319336,-0.019780638534055713
LLLYLLLSTLLAFLLAILILI_2,110011001100110000,1,-74.0463,-74.0463,-74.1135,-232.796,-227.923,-250.43,-366.688,4658.96,3822.53,3799.95,-11.9316,19460.9,-71.7765,19396.2,-42.1443,-61.1876,54.3441,-41.3543,8.51866,3.0146,2.32976,18727.4,-52.3191,53.2783,-35.0,19083.0,8.3883,1.54043,0.839604,2,LLLYLLLSTLLAFLLAILILI,YLLLSTLLAFLLAIL,0.2785493828749358,0.0264294948385428,R,99999900.0,-29.632199999999997,0.0671999999999997,17.634000000000015,836.4299999999998,-0.0354269932929235,8.034145116746138e-05,0.021082457587604485,-0.014264911588536999
LLLTALLLALLAILLSFLILI_0,110011001100110000,1,-60.4905,-60.4905,-60.3359,-229.658,-227.454,-243.767,-365.17,4540.85,3836.22,3832.43,-11.9214,-8.20105,-86.9429,-85.4267,-61.0676,-55.366,83.9474,-45.5784,8.14469,6.1378,5.89701,-8.09344,-55.1691,76.5276,-42.1376,-373.371,8.1639,5.10659,4.7545,0,LLLTALLLALLAILLSFLILI,TALLLALLAILLSFL,0.3008814062468566,0.0856804370181454,R,99999900.0,-25.875299999999996,-0.15459999999999496,14.109000000000009,704.6300000000006,-0.0367218256389878,-0.00021940592935298646,0.02002327462639967,-0.01691866653420943
LLLFALLVTLLIALLSLLILI_0,110011001100110000,1,-75.5672,-76.5258,-74.2156,-232.857,-227.182,-243.003,-369.904,4618.29,4045.46,3985.63,-11.9177,1.48575,-73.3983,-64.711,-52.6857,-14.8111,100.826,-48.5247,8.67423,2.33318,2.34557,1.49127,-20.5827,81.7293,-45.0,-368.419,9.0,0.620861,0.346801,0,LLLFALLVTLLIALLSLLILI,FALLVTLLIALLSLL,0.375183608976788,0.0442432566983818,R,99999900.0,-20.71260000000001,-1.3516000000000048,10.145999999999987,572.8299999999999,-0.036158371593666555,-0.002359513293647339,0.0177120611699806,-0.020804950858020706
LLLLYILLIVLATLLFSLILI_0,110011001100110000,1,-74.2374,-74.2374,-74.2374,-230.852,-221.8,-247.54,-364.24,4603.59,3708.33,3549.8,-11.917,525.27,-71.0679,457.067,-42.463,-66.0372,66.5776,16.457,10.7094,5.39355,4.89221,483.354,-62.5739,62.4261,19.1703,161.03,9.1885,4.31361,3.75,0,LLLLYILLIVLATLLFSLILI,LYILLIVLATLLFSL,0.1733186791333066,0.0706828336080532,L,99999900.0,-28.604899999999994,0.0,16.687999999999988,895.2600000000002,-0.03195150012286932,0.0,0.01864039496905925,-0.013311216853204652
LLLYALLFLLLGLLLGTLILI_1,110011001100110000,1,-63.1486,-63.2457,-58.766,-228.555,-229.617,-246.81,-345.802,4706.32,3883.15,3775.54,-11.9146,-0.643996,-66.0133,-53.5834,-40.2267,-43.1569,64.9672,-39.5813,7.0149,1.74411,1.21862,-5.71481,-40.2416,63.591,-39.4096,-353.623,7.1322,1.12103,0.574896,1,LLLYALLFLLLGLLLGTLILI,YALLFLLLGLLLGTL,0.458061755070261,0.0870523688450609,G,99999900.0,-25.7866,-4.382600000000004,18.254999999999995,823.1699999999996,-0.03132597154901176,-0.005324052139898205,0.022176464156857034,-0.014474045458410785
LLLYALLLALLTILLSILILI_1,110011001100110000,1,-74.443,-74.1498,-74.2887,-238.924,-242.811,-250.45,-381.837,4639.72,4022.24,3861.17,-11.8906,2.69605,-80.3605,-62.1799,-57.0974,-43.3981,93.0084,-45.2061,9.28118,5.56585,5.46098,-2.51041,-37.4133,92.6227,-39.292,-384.746,8.9987,4.61606,4.5054,1,LLLYALLLALLTILLSILILI,YALLLALLTILLSIL,0.3349834087890778,0.0163735684428835,R,99999900.0,-23.2631,-0.1542999999999921,11.525999999999982,617.4800000000005,-0.037674256656086,-0.00024988663600439205,0.018666191617542224,-0.01925665608602706
LLLAALLLTLLATLLSFLILI_0,110011001100110000,1,-87.879,-89.4383,-87.879,-226.725,-223.388,-239.943,-374.842,4527.43,3983.81,3872.41,-11.8895,-4.77862,-72.1282,-66.7948,-47.0202,-35.5111,84.5637,-38.3356,8.5232,3.24276,3.01122,-4.46195,-40.5636,65.8644,-42.0543,-379.621,8.1749,1.47623,0.964196,0,LLLAALLLTLLATLLSFLILI,AALLLTLLATLLSFL,0.2757446874331125,0.0168364391426704,R,99999900.0,-25.108000000000004,0.0,13.218000000000018,543.6200000000003,-0.046186674515286394,0.0,0.024314778705713566,-0.02187097604944629
LLLAFLLGILLIVLLGLLILI_2,110011001100110000,1,-44.9385,-48.5137,-44.9385,-233.283,-221.262,-239.883,-343.799,4617.74,4064.62,3542.82,-11.8875,18849600.0,-77.4649,18849500.0,-58.9773,-77.3599,61.6869,-45.3011,11.0558,6.43171,5.85701,17206200.0,-82.2405,38.4729,-43.0414,18849200.0,7.0713,4.02991,3.107,2,LLLAFLLGILLIVLLGLLILI,AFLLGILLIVLLGLL,0.3984885906865427,0.0356446999329711,G,99999900.0,-18.4876,0.0,6.600000000000023,553.1199999999999,-0.03342421174428696,0.0,0.01193231125253114,-0.021491719699161124
LLLLYLLLAVLISLLFTLILI_1,110011001100110000,1,-74.2291,-74.2291,-74.2291,-234.521,-225.649,-247.652,-364.948,4642.06,3693.93,3486.24,-11.8849,463.58,-68.0826,398.51,-43.0674,-49.2061,87.3541,20.3484,10.6078,5.67371,5.48403,402.345,-54.2352,70.7135,18.0,119.411,9.2479,4.1816,3.7423,1,LLLLYLLLAVLISLLFTLILI,LYLLLAVLISLLFTL,0.3344544058483882,0.0440396130810951,L,99999900.0,-25.0152,0.0,13.131,948.1300000000006,-0.026383723750962405,0.0,0.01384936664803349,-0.012535095398310351
LLLYVLLTILLAALLAFLILI_2,110011001100110000,1,-58.8866,-58.8866,-58.8866,-236.944,-231.67,-247.422,-344.104,4636.45,4129.1,3827.16,-11.8791,1177.91,-60.1528,1124.36,-37.7951,-61.0885,62.5413,-45.6966,9.16622,4.10635,3.54447,1032.47,-53.6458,55.2229,-41.7266,837.324,8.6181,2.00196,1.3303,2,LLLYVLLTILLAALLAFLILI,YVLLTILLAALLAFL,0.2229622913312579,0.0695315299085167,R,99999900.0,-22.3577,0.0,10.478000000000009,507.34999999999945,-0.04406760618902143,0.0,0.020652409579186005,-0.02341401399428405
LLLYALLLALLVILLFTLILI_2,110011001100110000,1,-58.8854,-51.7221,-58.8854,-244.452,-238.187,-252.068,-353.176,4726.27,4248.1,3809.21,-11.877,310.704,-61.7154,247.438,-42.2221,-42.8592,82.1259,-35.3016,10.6069,4.01587,3.74776,307.097,-39.3076,75.987,-35.0,-42.4713,8.4047,2.65439,2.2942,2,LLLYALLLALLVILLFTLILI,YALLLALLVILLFTL,0.3248980837970373,0.0490384169987709,R,99999900.0,-19.493300000000005,0.0,7.616000000000014,478.1700000000001,-0.040766463809942075,0.0,0.015927389840433345,-0.02483844657757701
LLLYTLLVILLFALLILLILI_0,110011001100110000,1,-45.0916,-45.0916,-45.0916,-244.494,-233.314,-255.96,-353.239,4748.05,3996.27,3772.88,-11.8672,274.222,-75.5205,199.388,-52.1874,-45.7278,89.5757,-40.177,9.96311,5.45189,5.29553,274.61,-49.655,70.869,-39.5698,-79.0175,8.1714,3.51556,3.07859,0,LLLYTLLVILLFALLILLILI,YTLLVILLFALLILL,0.2581802148202013,0.0934837488073314,R,99999900.0,-23.3331,0.0,11.466000000000008,751.7800000000002,-0.031037138524568353,0.0,0.015251802388996788,-0.015785469153209712
LLLALLLVTLLTFLLIILILI_1,110011001100110000,1,-70.3162,-65.6385,-72.638,-238.822,-233.141,-248.219,-379.257,4581.27,4014.87,3891.8,-11.8546,17.9408,-81.9732,-62.5363,-58.3996,-67.7947,59.3184,-47.1957,8.30169,4.67719,4.06697,15.2976,-60.8424,58.0703,-41.2377,-368.847,8.4975,3.46585,2.8369,1,LLLALLLVTLLTFLLIILILI,ALLLVTLLTFLLIIL,0.4779069929780682,0.103125119109276,R,99999900.0,-23.573600000000006,2.3218000000000103,9.396999999999991,566.4000000000005,-0.04162005649717511,0.004099223163841822,0.016590748587570592,-0.020929731638418058
LLLFSLLIILVALLLSLLILI_0,110011001100110000,1,-69.5006,-70.0074,-60.3677,-228.045,-223.172,-244.058,-371.328,4649.76,3928.9,3690.03,-11.8484,1.03391,-85.631,-77.1149,-66.9023,-105.108,12.6849,33.3707,9.49613,3.97872,2.669,-2.15328,-108.645,3.22496,28.0,-370.294,8.9405,3.23212,1.78049,0,LLLFSLLIILVALLLSLLILI,FSLLIILVALLLSLL,0.4851702529502271,0.1306357081288085,L,99999900.0,-18.728700000000003,-9.132900000000006,16.013000000000005,720.8600000000001,-0.02598105041200788,-0.01266945037871432,0.022213744693837918,-0.016436478650500786
LLLTALLIALLSVLLFLLILI_2,110011001100110000,1,-60.5374,-63.1241,-60.5374,-233.229,-231.217,-246.24,-371.053,4580.29,3800.86,3791.01,-11.8231,77.1606,-89.1095,0.449014,-64.2762,-61.5621,87.3045,-44.0361,8.31684,7.52041,7.32998,-10.8148,-60.0354,75.7593,-43.336,-381.741,8.5306,5.73281,5.3692,2,LLLTALLIALLSVLLFLLILI,TALLIALLSVLLFLL,0.3843330966169985,0.0561904505036152,R,99999900.0,-24.833299999999994,0.0,13.010999999999996,779.4299999999998,-0.03186084702923932,0.0,0.016692967938108615,-0.015168905482211363
LLLYLLLVILLATLLSFLILI_1,110011001100110000,1,-74.0594,-66.6574,-74.0594,-243.667,-238.259,-253.084,-370.842,4685.84,4203.07,3834.69,-11.7907,566.393,-64.9056,500.467,-43.6978,-53.6756,62.3593,-49.0181,9.12592,2.96984,2.40523,560.966,-47.1777,64.0077,-41.6778,181.793,8.4891,2.21769,1.67781,1,LLLYLLLVILLATLLSFLILI,YLLLVILLATLLSFL,0.0763912450064514,0.0467266031014445,R,99999900.0,-21.207800000000006,0.0,9.417000000000002,482.77000000000044,-0.043929407378254626,0.0,0.019506183068541943,-0.02442301717173807
LLLLAYLVILLFALLTLLILI_1,110011001100110000,1,-58.918,-58.918,-58.918,-231.894,-224.975,-244.97,-346.722,4768.4,4016.72,3788.46,-11.7709,103.493,-67.6813,40.6637,-42.8337,-70.6107,49.8249,29.4533,10.1648,3.81796,3.06534,82.1507,-70.366,39.5247,25.0484,-249.28,9.5,2.39073,1.4836,1,LLLLAYLVILLFALLTLLILI,LAYLVILLFALLTLL,0.3250224715610957,0.0365190263955571,L,99999900.0,-24.847599999999993,0.0,13.075999999999993,751.6799999999998,-0.03305608769689229,0.0,0.017395700297999143,-0.015659456151553855
LLLFVLLIALLLTLLSALILI_1,110011001100110000,1,-74.196,-74.196,-74.196,-231.487,-233.347,-242.258,-363.547,4609.98,4024.22,3993.07,-11.7501,-10.7163,-69.6142,-66.7199,-47.0933,-22.0509,90.4099,-44.1271,8.74859,2.01296,1.86911,-4.2043,-14.3135,93.6678,-45.0,-367.907,9.0,1.29218,1.1972,1,LLLFVLLIALLLTLLSALILI,FVLLIALLLTLLSAL,0.3288481880948599,0.0964127827546368,R,99999900.0,-22.520899999999997,0.0,10.771000000000015,585.7599999999998,-0.03844731630701995,0.0,0.01838807702813442,-0.02005958071565147
LLLYVLLTLLLGTLLAFLILI_1,110011001100110000,1,-72.6251,-72.6251,-72.6251,-231.776,-225.572,-249.396,-356.281,4657.91,4025.5,3717.91,-11.7317,861.395,-63.6117,803.31,-34.2599,-39.9628,76.07,-43.1789,8.24861,2.76387,2.40492,562.922,-48.9252,56.7148,-39.7132,492.379,7.3783,1.49528,0.846002,1,LLLYVLLTLLLGTLLAFLILI,YVLLTLLLGTLLAFL,0.2019433759561414,0.0220967047972561,G,99999900.0,-29.351799999999997,0.0,17.619999999999976,632.4099999999999,-0.046412612071282874,0.0,0.027861672016571498,-0.01855078192944451
LLLTALLIVLLALLLSFLILI_2,110011001100110000,1,-60.4217,-60.4217,-60.4217,-234.324,-230.572,-246.523,-369.853,4570.15,4045.84,3937.92,-11.7279,-7.56105,-86.835,-86.4207,-62.908,-72.9736,52.7074,-49.704,8.33771,4.56154,3.85215,-7.13851,-65.3764,53.0016,-44.5512,-376.734,8.8858,3.46168,2.7567,2,LLLTALLIVLLALLLSFLILI,TALLIVLLALLLSFL,0.4402322945355339,0.0676693057460589,R,99999900.0,-23.926999999999992,0.0,12.198999999999984,524.3099999999995,-0.04563521580744219,0.0,0.023266769659171092,-0.02236825542141102
LLLYALLLVLITLLFSLLILI_2,110011001100110000,1,-74.3072,-74.2388,-74.3072,-229.052,-223.617,-253.979,-368.134,4722.95,3873.93,3725.9,-11.7267,-8.42736,-76.502,-78.7058,-39.8487,-108.746,34.275,26.8298,9.59674,7.43897,6.4531,-8.08364,-109.692,28.2633,28.0,-376.742,9.5,6.76935,5.6933,2,LLLYALLLVLITLLFSLLILI,YALLLVLITLLFSLL,0.3852432614374892,0.0743973688050634,L,99999900.0,-36.653299999999994,0.0,24.92700000000002,849.02,-0.04317130338507926,0.0,0.029359732397352265,-0.013812042119149137
LLLTLLLGILLIFLLAVLILI_2,110011001100110000,1,-44.948,-50.1984,-44.948,-238.947,-229.101,-247.559,-354.967,4673.6,3952.94,3587.8,-11.7077,191618.0,-82.7795,191542.0,-62.4596,-81.8275,68.1026,-33.74,9.60608,7.96798,7.48952,156371.0,-81.7774,50.2073,-43.0207,191263.0,6.749,5.54459,4.7977,2,LLLTLLLGILLIFLLAVLILI,TLLLGILLIFLLAVL,0.4237138970568854,0.1248400782857666,G,99999900.0,-20.319899999999997,0.0,8.611999999999995,720.6600000000003,-0.028196236782948948,0.0,0.011950156800710448,-0.016245802458857154
LLLTALLVFLLALLLSILILI_1,110011001100110000,1,-60.7246,-60.6194,-60.3544,-231.372,-229.667,-247.28,-369.309,4572.85,3839.97,3777.78,-11.7044,-8.12425,-88.9167,-87.1466,-61.6742,-71.8494,55.9907,-38.2048,8.35451,4.83616,4.17602,0.679223,-68.3504,51.785,-38.1091,-371.756,8.6758,3.74353,3.0203,1,LLLTALLVFLLALLLSILILI,TALLVFLLALLLSIL,0.4527382057732127,0.0147399097049615,R,99999900.0,-27.242500000000007,-0.3702000000000041,15.907999999999987,732.8800000000006,-0.0371718425936033,-0.0005051304442746477,0.021706145617290656,-0.015970418076629175
LLLALLLTVLTSLLALLLILI_1,110011001100110000,1,-84.3349,-84.3276,-88.0275,-224.61,-220.166,-240.513,-396.053,4491.34,3687.57,3632.63,-11.7023,41.4288,-98.8108,-50.1304,-67.5131,-104.811,26.6289,26.1234,9.18276,5.81654,4.71597,37.7695,-105.995,10.267,21.1002,-359.682,9.2082,3.7853,2.43931,1,LLLALLLTVLTSLLALLLILI,ALLLTVLTSLLALLL,0.3228582035897343,0.0813821763985342,L,99999900.0,-31.297700000000006,3.6925999999999988,15.902999999999992,803.77,-0.03893862672157459,0.004594100302325291,0.019785510780447133,-0.014559264466203018
LLLALLLVTLLAILLSLLILI_1,110011001100110000,1,-74.3433,-74.1896,-74.1896,-229.757,-225.917,-242.282,-390.068,4533.53,3886.3,3823.77,-11.6973,-4.30774,-97.6643,-94.2687,-73.596,-41.3469,74.1891,-47.8826,9.16217,2.71756,2.3304,1.7511,-33.5268,69.6745,-45.0,-391.764,9.0,0.935083,0.480201,1,LLLALLLVTLLAILLSLLILI,ALLLVTLLAILLSLL,0.3285566756972836,0.0421824286564287,R,99999900.0,-24.068299999999994,-0.15370000000000061,12.525000000000006,647.2299999999996,-0.03718662608346339,-0.00023747354109049444,0.019351698777868787,-0.0180728643604283
LLLYVLLIILLFTLLSLLILI_0,110011001100110000,1,-74.1173,-74.1173,-74.1173,-246.452,-236.929,-257.407,-375.333,4714.11,4095.12,3813.86,-11.694,92.8351,-66.4578,28.5478,-43.8094,-30.1708,95.1529,-46.8197,9.69076,3.87126,3.79855,74.5262,-34.3116,78.2924,-42.6631,-282.498,8.583,2.21621,1.8906,0,LLLYVLLIILLFTLLSLLILI,YVLLIILLFTLLSLL,0.2117601858287586,0.1421585709701611,R,99999900.0,-22.64840000000001,0.0,10.954999999999984,618.9899999999998,-0.036589282540913454,0.0,0.01769818575421249,-0.01889206610769157
LLLTYLLIVLLALLLSFLILI_0,110011001100110000,1,-60.4217,-60.4217,-60.4217,-239.324,-239.12,-254.948,-369.577,4649.92,3898.21,3874.82,-11.6929,-9.7747,-81.5242,-79.8098,-54.2075,-67.7005,53.9097,-45.1212,8.70026,3.93288,3.24153,-10.081,-65.3764,53.0016,-44.5512,-379.351,8.8858,3.46168,2.7567,0,LLLTYLLIVLLALLLSFLILI,TYLLIVLLALLLSFL,0.4234691823347116,0.0056546004543528,R,99999900.0,-27.31669999999999,0.0,15.623999999999995,751.71,-0.03633941280547018,0.0,0.020784611086722266,-0.015555067778797674
LLLTALLIALLLILLSWLILI_2,110011001100110000,1,-69.2073,-69.683,-60.3378,-234.096,-233.538,-251.582,-386.969,4632.78,3977.05,3874.97,-11.6921,-6.46883,-95.3574,-90.217,-75.0489,-31.1229,92.8778,-41.343,9.43173,3.70694,3.60011,-5.52649,-33.2071,91.2243,-42.4294,-395.406,9.0,3.79634,3.6647,2,LLLTALLIALLLILLSWLILI,TALLIALLLILLSWL,0.2609133049326712,0.0363492076341407,R,99999900.0,-20.308499999999995,-8.869500000000002,17.48599999999999,655.7299999999996,-0.030970826407210297,-0.01352614643222059,0.02666646333094414,-0.017830662010278633
LLLTALLVALLSLLLAILILI_2,110011001100110000,1,-62.5311,-62.5485,-60.533,-227.854,-223.689,-242.954,-379.111,4524.75,3786.55,3846.17,-11.6892,-0.459742,-100.416,-93.3331,-75.6238,-66.5679,73.4873,-45.5838,8.34803,6.40597,6.00828,-8.74649,-61.9577,72.2743,-44.5504,-387.348,8.5141,5.55069,5.13481,2,LLLTALLVALLSLLLAILILI,TALLVALLSLLLAIL,0.7646180746657683,0.1002616331424574,R,99999900.0,-24.792199999999994,-1.9981000000000009,15.099999999999994,738.1999999999998,-0.033584665402329995,-0.00270671904632891,0.020455161202926033,-0.01583473313465186
LLLFALLTALLIALLSLLILI_2,110011001100110000,1,-74.2173,-74.2173,-74.2173,-225.41,-227.274,-240.481,-366.84,4603.47,3950.38,3928.71,-11.6841,5.73392,-78.8973,-59.6143,-52.1417,-21.1252,96.3119,-37.5064,8.17662,2.67089,2.61557,-5.481,-19.0498,93.1316,-41.4393,-371.732,8.233,1.93023,1.8272,2,LLLFALLTALLIALLSLLILI,FALLTALLIALLSLL,0.4148009445539022,0.0249526731859121,R,99999900.0,-26.7556,0.0,15.070999999999998,653.0900000000001,-0.04096770736039443,0.0,0.023076451943836215,-0.01789048982529207
LLLAALLFSLLTTLLVALILI_0,110011001100110000,1,-88.0462,-88.02,-88.0997,-224.62,-221.776,-238.553,-367.781,4492.23,3866.94,3768.56,-11.6573,-6.89262,-66.7729,-64.8778,-41.1288,-42.4429,91.5656,-37.4637,8.72703,5.22779,5.10127,-7.13165,-42.523,84.459,-36.6022,-374.674,8.8335,4.28041,4.04729,0,LLLAALLFSLLTTLLVALILI,AALLFSLLTTLLVAL,0.4866134337698571,0.0270880006803437,R,99999900.0,-25.64410000000001,0.05349999999999966,13.932999999999993,625.2899999999995,-0.04101153064977855,8.556030002078987e-05,0.022282460938124717,-0.01864302963424972
LLLYALLTALLFVLLSALILI_1,110011001100110000,1,-74.3266,-74.3266,-74.3266,-228.719,-225.559,-246.019,-351.436,4652.86,3920.68,3874.86,-11.6208,-2.81235,-60.0113,-54.3625,-31.0904,-53.1874,82.8789,-44.5848,8.05593,5.66676,5.40995,-10.1346,-51.8061,81.4519,-44.6308,-361.863,8.0262,5.26692,4.9887,1,LLLYALLTALLFVLLSALILI,YALLTALLFVLLSAL,0.2680799442738187,0.0436343936648122,R,99999900.0,-28.9209,0.0,17.30000000000001,732.1799999999998,-0.039499713185282316,0.0,0.023628069600371514,-0.01587150700647382
LLLYALLTALLVALLSLLILI_1,110011001100110000,1,-74.0826,-74.0826,-74.0826,-228.122,-226.422,-244.895,-370.812,4609.24,3925.02,3895.33,-11.6147,-6.68662,-80.2226,-76.9949,-51.835,-32.346,85.0398,-44.1582,7.99606,2.83228,2.60787,-8.83044,-28.5899,84.4588,-45.0,-379.791,8.1271,2.19042,1.9573,1,LLLYALLTALLVALLSLLILI,YALLTALLVALLSLL,0.3829181011918273,0.017493639707624,R,99999900.0,-28.3876,0.0,16.772999999999996,684.2199999999998,-0.04148899476776476,0.0,0.024514045190143524,-0.01697509572944375
LLLYLLLFTLLAALLTSLILI_2,110011001100110000,1,-80.7379,-80.7379,-88.0216,-235.826,-235.121,-249.461,-371.258,4636.63,3883.91,3850.23,-11.6123,2695.98,-66.3066,2640.58,-33.7761,-40.6719,78.9531,-45.249,8.57327,3.25946,2.94376,2015.89,-41.3832,66.3868,-39.1389,2322.33,8.4387,1.6697,1.1655,2,LLLYLLLFTLLAALLTSLILI,YLLLFTLLAALLTSL,0.1070072212775011,0.0292259587109483,R,99999900.0,-32.5305,7.28370000000001,13.63500000000002,752.7200000000003,-0.0432172653842066,0.009676506536295046,0.01811430545222661,-0.015427117653310654
LLLTFLLGVLLILLLGALILI_2,110011001100110000,1,-44.9172,-46.6677,-44.9172,-236.958,-223.132,-243.401,-345.591,4655.71,3973.83,3473.39,-11.6077,5889040.0,-75.3231,5888970.0,-57.2727,-88.879,64.4699,-37.6695,9.88292,8.53529,8.00234,5833650.0,-87.213,39.461,-38.899,5896930.0,6.5512,4.90918,4.00109,2,LLLTFLLGVLLILLLGALILI,TFLLGVLLILLLGAL,0.4233667691383118,0.0784294171432866,G,99999900.0,-18.050399999999996,0.0,6.443000000000012,681.8800000000001,-0.02647151991552765,0.0,0.009448876635185092,-0.01702308324045286
LLLSALLFTLLALLLAVLILI_1,110011001100110000,1,-58.8166,-58.8166,-58.8166,-229.814,-227.34,-245.201,-358.923,4581.15,3845.51,3840.99,-11.5906,-5.35458,-81.8834,-78.1213,-54.9056,-66.8014,56.3384,-44.2444,7.97569,4.12589,3.47096,-4.5958,-60.3593,55.6767,-42.7922,-363.602,8.0,3.07025,2.4054,1,LLLSALLFTLLALLLAVLILI,SALLFTLLALLLAVL,0.5605051992926818,0.050042627353687,R,99999900.0,-26.977799999999995,0.0,15.387,735.6399999999994,-0.036672557229079465,0.0,0.02091648088739059,-0.015755804469577524
LLLLALLVTLLFALLSILILI_0,110011001100110000,1,-70.6783,-68.8825,-74.2206,-228.85,-225.933,-242.46,-370.122,4571.16,3965.97,3958.26,-11.5889,-7.77433,-82.183,-83.0813,-53.442,-15.5166,98.6763,-46.8094,8.88035,2.14879,2.12893,-8.63024,-15.3,92.7153,-45.0,-377.897,8.8215,1.31157,1.2023,0,LLLLALLVTLLFALLSILILI,LALLVTLLFALLSIL,0.4246969975357609,0.105526413404329,R,99999900.0,-28.741000000000007,3.5423000000000116,13.610000000000014,605.19,-0.04749087063566815,0.005853203126290936,0.02248880516862475,-0.019149192815479436
LLLAILLLILLTVLLSFLILI_0,110011001100110000,1,-74.299,-67.3596,-74.299,-237.193,-226.221,-246.219,-379.351,4572.54,4043.35,3786.08,-11.5881,30.0705,-79.4472,-55.7002,-58.833,-39.5221,95.1983,-45.8303,9.77053,5.28009,5.20806,30.0761,-39.0642,80.9104,-41.9448,-349.281,8.9591,3.28254,2.9962,0,LLLAILLLILLTVLLSFLILI,AILLLILLTVLLSFL,0.2639180409725354,0.1044613086904782,R,99999900.0,-20.614199999999997,0.0,9.025999999999982,529.19,-0.03895425083618359,0.0,0.017056255787146358,-0.021897806080991702
LLLAVLLATLLALLLSFLILI_2,110011001100110000,1,-74.2106,-74.1934,-74.1811,-226.628,-223.14,-238.96,-367.344,4480.84,3821.21,3734.5,-11.5822,-8.18373,-78.0873,-78.1946,-54.2025,-71.1308,64.1176,-44.0779,7.85387,5.82549,5.28725,-7.71043,-64.0417,66.015,-43.5351,-375.043,8.0775,5.01828,4.5085,2,LLLAVLLATLLALLLSFLILI,AVLLATLLALLLSFL,0.3598336635540511,0.0093830609101083,R,99999900.0,-23.8848,-0.02949999999999875,12.332000000000022,659.6300000000001,-0.03620939011263889,-4.472204114427595e-05,0.018695329199702893,-0.017558631353940844
LLLYTLLAVLIILLLSLLILI_1,110011001100110000,1,-60.3479,-61.9607,-60.3479,-233.624,-232.98,-253.07,-378.501,4670.61,3800.3,3677.56,-11.5808,247.517,-96.109,163.957,-65.0831,-112.797,21.6199,22.9281,9.774,6.33818,5.16248,207.672,-108.585,15.5684,18.0,-51.9703,8.7553,4.88948,3.62301,1,LLLYTLLAVLIILLLSLLILI,YTLLAVLIILLLSLL,0.3042712397623928,0.0715510535896916,L,99999900.0,-31.025899999999993,0.0,19.445999999999998,870.3099999999995,-0.03564925141616207,0.0,0.022343762567361068,-0.013306522963082127
LLLAALLTTLLAVLLSLLILI_0,110011001100110000,1,-88.0662,-88.0662,-88.0662,-226.636,-221.876,-237.325,-386.061,4481.84,3864.82,3801.91,-11.5754,-7.48153,-82.9339,-83.6001,-60.6701,-58.653,80.8784,-40.8929,7.86356,6.21653,5.9297,-6.7026,-61.3414,69.3806,-39.8242,-393.543,8.0,5.06759,4.6083,0,LLLAALLTTLLAVLLSLLILI,AALLTTLLAVLLSLL,0.4018634581311917,0.0337586491327121,R,99999900.0,-22.263799999999996,0.0,10.688999999999993,617.02,-0.03608278499886551,0.0,0.017323587566043228,-0.018760169848627273
LLLAVLLIGLLAGLLSTLILI_0,110011001100110000,1,-76.6029,-76.638,-74.0695,-215.976,-210.247,-231.492,-362.074,4411.49,3823.29,3674.26,-11.573,-6.23215,-81.0678,-81.4208,-56.5125,-32.5189,81.2966,-41.6304,7.50752,2.35287,2.07232,-6.19894,-35.7131,69.4343,-39.9439,-368.306,7.5,1.23059,0.772104,0,LLLAVLLIGLLAGLLSTLILI,AVLLIGLLAGLLSTL,0.51687433772965,0.0282920192294963,G,99999900.0,-24.555300000000003,-2.5334000000000003,15.515999999999991,588.1999999999998,-0.04174651479088747,-0.00430703842230534,0.02637878272696361,-0.019675280516831015
LLLTSLLVGLLAYLLGLLILI_2,110011001100110000,1,-61.9059,-54.7547,-44.9603,-230.17,-226.586,-252.375,-354.422,4588.81,3820.38,3611.41,-11.5639,1573960.0,-73.9098,1573890.0,-57.0864,-51.5585,77.1725,-40.658,8.73437,4.65207,4.30966,1063590.0,-47.0876,58.6724,-35.0,1556800.0,7.44,1.48391,0.863996,2,LLLTSLLVGLLAYLLGLLILI,TSLLVGLLAYLLGLL,0.4511642403159738,0.0106062142165194,G,99999900.0,-16.823400000000007,-16.945600000000006,22.205000000000013,768.4300000000003,-0.021893210832476608,-0.02205223637806957,0.028896581341176168,-0.015048735733898984
LLLTYLLVALLIFLLSLLILI_2,110011001100110000,1,-68.5914,-66.3982,-60.3627,-238.681,-237.275,-256.304,-369.094,4676.6,3927.79,3771.42,-11.5609,-5.34431,-73.3819,-70.7651,-52.4277,-75.4929,53.8259,-44.0524,9.72611,5.09042,4.39781,-3.46439,-71.7611,50.3856,-43.3797,-363.921,9.0,4.06622,3.322,2,LLLTYLLVALLIFLLSLLILI,TYLLVALLIFLLSLL,0.2919050060849684,0.0531583108533265,R,99999900.0,-20.9542,-8.228699999999996,17.622999999999962,748.8100000000004,-0.027983333555908693,-0.010989035937020062,0.02353467501769468,-0.015439029927484934
LLLYALLLALLVSLLTILILI_0,110011001100110000,1,-74.2466,-74.2466,-74.2466,-232.847,-229.146,-248.956,-378.346,4635.07,3890.68,3849.67,-11.5593,-7.89465,-82.8115,-82.8478,-55.144,-35.8887,97.9354,-47.6029,8.03881,5.10459,5.07362,-7.88713,-38.0433,88.4207,-45.0,-386.241,8.215,4.14329,3.9696,0,LLLYALLLALLVSLLTILILI,YALLLALLVSLLTIL,0.6283975264060784,0.033202207899077,R,99999900.0,-27.667499999999997,0.0,16.10899999999998,744.3899999999999,-0.03716801676540523,0.0,0.021640537890084476,-0.01552855358078427
LLLSFLLILLLGTLLAYLILI_0,110011001100110000,1,-58.783,-64.3894,-58.783,-230.985,-230.768,-251.586,-354.782,4622.5,3804.92,3552.69,-11.5561,658.099,-76.5705,598.475,-44.4136,-47.6018,57.3141,-49.2047,8.18183,1.37767,0.737381,638.728,-49.156,60.31,-42.3523,303.317,7.5,2.01525,1.4199,0,LLLSFLLILLLGTLLAYLILI,SFLLILLLGTLLAYL,0.228056955987174,0.0996670460857686,G,99999900.0,-32.15689999999999,0.0,20.601,817.5799999999999,-0.03933180850803591,0.0,0.025197534186257003,-0.014134518946158177
LLLLYVLTILLAILLFLLILI_0,110011001100110000,1,-58.963,-50.5612,-58.8529,-234.309,-224.711,-249.721,-359.967,4680.7,3767.53,3612.22,-11.5532,9262.83,-78.2483,9178.14,-51.3932,-67.4759,55.1364,23.6222,11.1721,4.0648,3.39185,5239.27,-60.6875,54.8651,25.5985,8902.86,8.9175,3.00992,2.3329,0,LLLLYVLTILLAILLFLLILI,LYVLTILLAILLFLL,0.2101310122558314,0.0697943524695553,L,99999900.0,-26.8551,-0.11010000000000275,15.412000000000006,913.1699999999996,-0.02940865337231842,-0.00012056900686619447,0.016877470788571693,-0.012651751590612926
LLLAALLLVLITLLYSLLILI_2,110011001100110000,1,-74.2288,-77.4288,-74.2971,-224.041,-223.016,-245.437,-375.007,4599.04,3776.94,3651.66,-11.5488,-14.0708,-88.2858,-88.6329,-55.2732,-108.515,33.146,28.3807,9.34545,7.25193,6.24912,-8.23935,-112.078,20.556,26.4283,-387.271,9.0465,6.08676,4.8951,2,LLLAALLLVLITLLYSLLILI,AALLLVLITLLYSLL,0.4094026083249524,0.0435035188952809,L,99999900.0,-33.01259999999999,0.06829999999999359,21.396000000000015,822.0999999999999,-0.04015642865831407,8.307991728499404e-05,0.026026030896484635,-0.014047926043060457
LLLTYLLLVLLAILLIFLILI_0,110011001100110000,1,-52.4816,-45.1085,-45.1085,-242.958,-241.274,-257.047,-359.092,4700.34,4069.23,3914.16,-11.5453,148.266,-75.1982,75.5556,-56.9361,-50.2586,65.3954,-39.6462,9.95125,2.86717,2.34811,148.657,-52.2236,53.6517,-43.5176,-210.827,8.4549,1.57652,0.881296,0,LLLTYLLLVLLAILLIFLILI,TYLLLVLLAILLIFL,0.2617163929307602,0.0383119335654893,R,99999900.0,-18.262099999999997,-7.373100000000001,14.089000000000027,631.1100000000001,-0.02893647700083978,-0.011682749441460282,0.022324159021406765,-0.018293641362044647
LLLYILLTVLLGALLALLILI_0,110011001100110000,1,-58.9442,-62.5668,-58.8188,-231.321,-219.48,-244.602,-358.346,4595.38,4007.61,3737.67,-11.5379,1513.52,-79.6179,1437.22,-54.925,-37.0599,83.3929,-42.9535,8.48426,3.31702,3.06792,1510.77,-48.9252,56.7148,-39.7132,1155.17,7.3783,1.49528,0.846002,0,LLLYILLTVLLGALLALLILI,YILLTVLLGALLALL,0.3520106918552805,0.0618469768233,G,99999900.0,-24.69290000000001,-0.12539999999999907,13.281000000000006,587.77,-0.042011160828215134,-0.0002133487588682632,0.022595573098320783,-0.01962995729622131
LLLFYLLVALLATLLSTLILI_1,110011001100110000,1,-87.9016,-87.9016,-87.9016,-231.301,-229.176,-243.788,-359.903,4636.16,3771.05,3911.42,-11.5308,45.2887,-52.2313,2.46347,-28.2135,-25.7861,82.1519,-35.7126,8.86362,1.45843,1.1907,-3.42842,-19.7119,80.3881,-36.3997,-363.895,9.0,0.309179,0.0150006,1,LLLFYLLVALLATLLSTLILI,FYLLVALLATLLSTL,0.3437417798321253,0.057341445717924,R,99999900.0,-24.017799999999998,0.0,12.487000000000023,865.1099999999997,-0.027762712256244878,0.0,0.014434002612384585,-0.013328709643860322
LLLAYLLIALLVSLLTLLILI_2,110011001100110000,1,-74.2976,-74.2976,-74.2976,-226.743,-225.48,-245.621,-378.836,4575.0,3692.86,3800.73,-11.5294,-5.18082,-89.3253,-84.2396,-58.918,-16.9831,90.811,-37.7575,8.61815,1.30696,1.16912,-6.87027,-12.2363,93.4904,-35.6757,-386.123,9.0,0.956644,0.858999,2,LLLAYLLIALLVSLLTLLILI,AYLLIALLVSLLTLL,0.6607025337500937,0.1410062381493529,R,99999900.0,-30.4073,0.0,18.878000000000014,882.1399999999999,-0.034469925408665295,0.0,0.021400231255809754,-0.013069807513546606
LLLYVLLTLLLGALLSALILI_1,110011001100110000,1,-76.6272,-58.8348,-74.2441,-226.463,-225.26,-243.273,-366.658,4584.63,3903.96,3738.34,-11.5161,365.787,-75.0847,283.224,-49.1409,-40.8702,73.1578,-44.3336,8.0597,2.50683,2.1042,287.399,-47.9501,60.2066,-41.6343,-22.229,7.3755,1.8204,1.2235,1,LLLYVLLTLLLGALLSALILI,YVLLTLLLGALLSAL,0.3345563019175783,0.0300624658205029,G,99999900.0,-25.943799999999996,-2.383099999999999,16.810000000000002,680.6700000000001,-0.03811509248240703,-0.0035011092012281995,0.024696255160356707,-0.016918771210718848
LLLFALLVALLTLLLIILILI_2,110011001100110000,1,-51.6795,-55.538,-59.0078,-232.846,-220.998,-245.006,-365.355,4623.78,3838.2,3758.66,-11.5146,52.3216,-92.3441,-36.4974,-61.341,-78.7896,74.5032,-46.1103,8.27539,8.37637,7.99392,47.0746,-76.3343,62.4577,-43.5133,-319.141,8.2908,6.38193,5.81879,2,LLLFALLVALLTLLLIILILI,FALLVALLTLLLIIL,0.4757488778426958,0.0814020158770125,R,99999900.0,-31.003099999999996,7.328300000000006,12.159999999999997,785.5799999999999,-0.03946523587667711,0.009328521601873783,0.01547900913974388,-0.014657450546093333
LLLAFLLVTLLAALLSLLILI_0,110011001100110000,1,-74.1908,-74.1908,-74.1908,-228.691,-220.166,-239.049,-364.62,4574.37,3993.25,3866.07,-11.4976,-2.35528,-73.2365,-72.6184,-51.3808,-57.2249,67.5401,-43.7938,9.25068,4.20164,3.71474,-2.22551,-62.68,49.0027,-44.4948,-366.976,8.7847,2.51736,1.7524,0,LLLAFLLVTLLAALLSLLILI,AFLLVTLLAALLSLL,0.3090835088354116,0.0167479269199296,R,99999900.0,-21.855700000000006,0.0,10.358000000000004,581.1199999999999,-0.037609615914096936,0.0,0.01782420154185023,-0.019785242290748902
LLLSYLLVILLILLLAFLILI_2,110011001100110000,1,-56.7585,-61.6526,-45.0934,-236.601,-236.718,-260.311,-363.252,4675.76,4048.22,3782.92,-11.4875,43.2249,-81.3801,-21.6574,-57.848,-62.567,53.7435,-40.5524,10.2159,3.14042,2.44658,44.3725,-61.4513,50.1014,-39.8435,-320.027,9.0,2.48138,1.7329,2,LLLSYLLVILLILLLAFLILI,SYLLVILLILLLAFL,0.3464082972664044,0.0613024596345254,R,99999900.0,-23.5321,-11.665099999999995,23.70999999999998,627.5400000000004,-0.037498964209452756,-0.018588615865124114,0.03778245211460618,-0.018305606017146307
LLLAGLLILLLGVLLGTLILI_2,110011001100110000,1,-58.8129,-65.3444,-58.8129,-221.032,-214.472,-233.118,-354.224,4509.1,3837.21,3656.86,-11.4845,348.408,-85.8633,274.0,-62.2935,-66.0232,65.9142,-40.2113,8.06448,5.3019,4.79061,330.955,-67.743,51.6604,-38.5819,-5.81615,7.1139,3.6356,2.91051,2,LLLAGLLILLLGVLLGTLILI,AGLLILLLGVLLGTL,0.4508839543043956,0.0751711714353105,G,99999900.0,-23.569799999999994,0.0,12.085999999999984,671.8900000000003,-0.03507984938010684,0.0,0.017988063522302727,-0.017092827695009593
LLLLAYLTALLFVLLLLLILI_0,110011001100110000,1,-58.8403,-58.8403,-58.8403,-235.923,-221.528,-247.05,-352.8,4711.18,4153.3,3842.04,-11.4834,558.406,-69.5208,485.975,-46.9097,-71.777,55.1079,29.7618,10.1687,4.70611,4.03273,538.511,-70.366,39.5247,25.0484,205.606,9.5,2.39073,1.4836,0,LLLLAYLTALLFVLLLLLILI,LAYLTALLFVLLLLL,0.3669265580096144,0.0569941025581243,L,99999900.0,-22.611099999999993,0.0,11.12700000000001,557.8800000000001,-0.04053040080304006,0.0,0.019945149494514963,-0.02058399655839965
LLLAYLLFALLTVLLILLILI_0,110011001100110000,1,-59.0035,-59.0035,-59.0035,-238.309,-233.008,-248.468,-357.027,4648.87,3694.05,3731.96,-11.4693,135.902,-71.1833,70.8866,-49.5549,-36.7801,92.3819,-39.8722,9.12206,4.48856,4.37429,131.914,-33.6554,88.0879,-35.0711,-221.125,8.8071,3.44018,3.2615,0,LLLAYLLFALLTVLLILLILI,AYLLFALLTVLLILL,0.4034532390049921,0.0032934183237294,R,99999900.0,-21.6284,0.0,10.158999999999992,954.8199999999997,-0.02265180871787353,0.0,0.010639701723885125,-0.012012002262206493
LLLTALLIALLVALLSLLILI_1,110011001100110000,1,-60.4332,-60.4332,-60.4332,-225.695,-222.904,-241.49,-376.615,4513.08,3826.36,3912.21,-11.4226,-6.04721,-101.91,-99.3254,-74.6922,-27.7292,84.0392,-45.1555,8.02147,2.00468,1.76527,-1.53977,-24.5149,79.9684,-45.0,-377.39,8.631,0.972974,0.672501,1,LLLTALLIALLVALLSLLILI,TALLIALLVALLSLL,0.4474927652975393,0.0139313236599952,R,99999900.0,-27.217799999999997,0.0,15.795000000000016,686.7199999999998,-0.03963449440820131,0.0,0.02300064072693386,-0.0166335624417521
LLLTALLFTLLALLLSVLILI_2,110011001100110000,1,-74.1497,-74.162,-74.1497,-230.813,-229.186,-247.965,-371.464,4668.89,3912.23,3813.54,-11.4203,-4.56679,-77.9225,-72.683,-49.3502,-71.7875,54.4713,-49.5501,8.25715,4.62174,3.93881,-6.68148,-63.1551,59.7836,-45.0,-378.518,8.4969,4.04405,3.4408,2,LLLTALLFTLLALLLSVLILI,TALLFTLLALLLSVL,0.587209748738854,0.0546285439114672,R,99999900.0,-28.5723,0.0,17.152000000000015,756.6600000000003,-0.03776108159543254,0.0,0.022668041128115678,-0.015093040467316885
LLLYILLTTLLALLLSFLILI_0,110011001100110000,1,-88.0798,-88.0798,-87.943,-236.387,-228.892,-253.44,-379.162,4650.67,3997.46,3885.88,-11.3927,-2.09427,-66.0879,-64.2843,-37.7792,-56.5109,72.7372,-44.9292,8.61475,4.79617,4.38722,-1.50061,-59.6352,61.4935,-42.8163,-381.256,8.6405,3.7469,3.1693,0,LLLYILLTTLLALLLSFLILI,YILLTTLLALLLSFL,0.274104653766194,0.0399119513286476,R,99999900.0,-28.3087,-0.13680000000000803,17.052999999999997,653.21,-0.04333782397697525,-0.00020942728984554433,0.02610645887233814,-0.017441098574730942
LLLWALLLVLLATLLSFLILI_0,110011001100110000,1,-77.3735,-77.8188,-74.0443,-234.288,-233.246,-249.605,-368.788,4705.95,4023.68,4074.52,-11.3777,-8.47978,-68.5047,-66.2029,-45.1387,-54.8148,59.4935,-40.8919,8.44945,2.75384,2.14624,-8.29183,-53.1248,51.1385,-44.4724,-377.268,8.4512,1.37242,0.639498,0,LLLWALLLVLLATLLSFLILI,WALLLVLLATLLSFL,0.2475798475837722,0.0188122598719278,R,99999900.0,-23.366,-3.3292,15.316999999999979,682.27,-0.03424743869728993,-0.004879593122957188,0.02245005642927284,-0.01667624254327466
LLLYVLLFILLATLLSLLILI_2,110011001100110000,1,-74.1186,-70.9201,-74.1186,-241.169,-235.504,-253.37,-371.015,4668.24,4034.83,3871.64,-11.3767,37.2296,-67.1046,-27.3611,-43.526,-40.8267,81.2545,-47.7468,9.09385,3.59336,3.31218,22.2447,-37.5163,77.3551,-44.2381,-347.786,8.0869,2.57038,2.23071,2,LLLYVLLFILLATLLSLLILI,YVLLFILLATLLSLL,0.1933064306797951,0.1152605061277436,R,99999900.0,-23.5786,0.0,12.200999999999993,633.4099999999999,-0.03722486225351669,0.0,0.019262405077280113,-0.017961036295606324
LLLYWLLILLVALLLSLLILI_2,110011001100110000,1,-60.4291,-60.4291,-60.4291,-239.295,-234.654,-258.591,-381.403,4774.13,3820.59,3766.21,-11.3709,31.6435,-93.05,-54.6761,-62.3825,-97.6448,27.7772,26.8558,9.81549,4.89663,3.81329,33.3555,-100.223,12.091,21.0733,-351.865,9.5,3.16573,1.84709,2,LLLYWLLILLVALLLSLLILI,YWLLILLVALLLSLL,0.3114292474473371,0.0172004308068704,L,99999900.0,-30.667499999999997,0.0,19.29600000000002,953.54,-0.0321617341695157,0.0,0.02023617257797263,-0.01192493235732114
LLLTYLLATLLALLLSVLILI_2,110011001100110000,1,-82.0927,-86.3776,-74.1497,-231.889,-229.53,-251.272,-381.207,4582.67,3747.24,3805.73,-11.3646,-4.39791,-78.5897,-69.698,-55.7856,-68.4511,58.43,-45.0357,8.41779,4.65571,4.03216,-10.5431,-63.1551,59.7836,-45.0,-391.757,8.4969,4.04405,3.4408,2,LLLTYLLATLLALLLSVLILI,TYLLATLLALLLSVL,0.4014855892817222,0.028656766703101,R,99999900.0,-22.80409999999999,-7.942999999999998,19.38299999999998,835.4300000000003,-0.027296242653483814,-0.009507678680440007,0.023201225716098266,-0.013603294112014167
LLLYVLLATLLAALLSLLILI_1,110011001100110000,1,-76.9963,-76.1002,-74.1512,-223.611,-229.265,-244.494,-370.935,4588.69,3931.12,3851.32,-11.3589,-3.68675,-81.6862,-69.2566,-52.29,-33.8919,76.1375,-42.8168,7.92302,1.86236,1.50442,-4.65553,-36.8676,70.5484,-45.0,-376.414,8.0,1.55417,1.1124,1,LLLYVLLATLLAALLSLLILI,YVLLATLLAALLSLL,0.3158594885384195,0.0547490843990797,R,99999900.0,-29.3962,-2.845100000000002,20.88300000000001,657.5699999999997,-0.04470429003756256,-0.004326687653025538,0.0317578356676856,-0.017274054473288024
LLLTALLLALLAVLLSALILI_1,110011001100110000,1,-60.3783,-60.3783,-60.3783,-223.655,-218.842,-237.291,-370.441,4492.65,3763.47,3853.18,-11.3484,-5.5723,-97.7563,-96.793,-72.7714,-53.9003,86.7651,-42.9755,8.04869,6.29833,6.09981,-3.77239,-55.1691,76.5276,-42.1376,-375.738,8.1639,5.10659,4.7545,1,LLLTALLLALLAVLLSALILI,TALLLALLAVLLSAL,0.3680599032258396,0.0387413455693863,R,99999900.0,-24.984899999999996,0.0,13.635999999999996,729.1799999999998,-0.03426437916563812,0.0,0.018700458048767108,-0.015563235415123841
LLLTALLLALLFGLLASLILI_1,110011001100110000,1,-60.3539,-60.3539,-60.3539,-224.633,-222.265,-238.006,-355.231,4481.31,3842.31,3680.11,-11.3251,-5.73495,-81.5695,-78.3478,-56.8714,-36.0135,81.2005,-33.9618,8.08814,2.86409,2.5821,-6.87256,-32.2864,71.771,-35.0,-362.245,7.3393,1.03204,0.608604,1,LLLTALLLALLFGLLASLILI,TALLLALLFGLLASL,0.3572887393141338,0.045754028742685,G,99999900.0,-24.698100000000004,0.0,13.37299999999999,639.0000000000005,-0.03865117370892017,0.0,0.020928012519561785,-0.01772316118935836
LLLFALLVALLTTLLSLLILI_2,110011001100110000,1,-88.0236,-88.0236,-88.0236,-229.176,-228.645,-242.175,-375.291,4589.54,4005.01,4002.88,-11.3194,6.50867,-69.4106,-52.113,-45.0918,-31.1944,83.0695,-39.3711,8.76319,2.39354,2.13959,1.41123,-24.6133,82.1567,-42.3875,-375.603,8.9966,1.28315,1.0155,2,LLLFALLVALLTTLLSLLILI,FALLVALLTTLLSLL,0.4594704987997458,0.108189651278443,R,99999900.0,-24.318800000000003,0.0,12.999000000000024,584.5299999999997,-0.04160402374557339,0.0,0.022238379552803157,-0.019364959882298607
LLLTYLLIVLLAILLFLLILI_0,110011001100110000,1,-59.1956,-45.0281,-45.0281,-234.343,-233.237,-256.996,-360.836,4708.28,3889.28,3835.93,-11.3134,7.43264,-78.6108,-75.1385,-58.8119,-83.5828,54.0896,-41.5426,9.64263,6.33952,5.65086,7.91681,-87.3658,48.4216,-44.846,-353.403,8.8676,6.14178,5.3681,0,LLLTYLLIVLLAILLFLLILI,TYLLIVLLAILLFLL,0.2993125600592617,0.0895528032541568,R,99999900.0,-19.798899999999996,-14.167499999999997,22.65299999999999,818.9999999999995,-0.024174481074481082,-0.017298534798534805,0.027659340659340663,-0.01381367521367522
LLLLAVLIFLLATLASLLILI_2,110011001100110000,1,-74.1297,-74.1297,-74.1297,-232.116,-229.029,-238.389,-361.34,4499.15,3866.61,3797.3,-11.3121,70.7834,-66.4062,12.6024,-48.8208,-90.3656,44.0009,29.9379,9.56257,5.99497,5.15499,70.4525,-90.6535,29.2985,21.6497,-293.969,9.4157,4.05332,2.9928,2,LLLLAVLIFLLATLASLLILI,LAVLIFLLATLASLL,0.2053422907390188,0.0433393654606015,L,99999900.0,-17.5854,0.0,6.272999999999996,632.5399999999995,-0.027801245771018456,0.0,0.009917159389129543,-0.017883612103582396
LLLAYLLTVLLAALLSLLILI_1,110011001100110000,1,-74.0526,-74.1661,-74.0526,-228.607,-224.604,-243.537,-371.095,4566.62,3831.23,3843.77,-11.3071,-4.91293,-79.7419,-77.238,-53.5051,-70.481,62.9724,-41.0479,8.96425,5.57343,5.01801,-5.71434,-70.3387,54.5426,-41.9287,-376.986,8.5396,4.41406,3.7322,1,LLLAYLLTVLLAALLSLLILI,AYLLTVLLAALLSLL,0.5675989399675211,0.0486113200113893,R,99999900.0,-26.236800000000002,0.0,14.930000000000007,735.3899999999999,-0.03567739566760495,0.0,0.020302152599301064,-0.015375651015107633
LLLVALLFALLTTLLSLLILI_2,110011001100110000,1,-84.8361,-87.9653,-87.9653,-233.26,-226.327,-241.727,-375.883,4622.99,3916.59,3763.19,-11.2852,-6.78357,-69.0723,-68.3736,-46.1901,-28.9008,103.593,-38.7313,9.17395,4.82015,4.87404,-7.49349,-31.1915,87.4311,-36.2559,-382.622,8.5903,2.98193,2.7934,2,LLLVALLFALLTTLLSLLILI,VALLFALLTTLLSLL,0.4529294691607879,0.0105735220717666,R,99999900.0,-22.882199999999997,3.1291999999999973,8.467000000000013,706.3999999999996,-0.0323926953567384,0.004429784824462059,0.011986126840317125,-0.01597565118912798
LLLTALLLALLAGLLFSLILI_1,110011001100110000,1,-60.3539,-60.3539,-60.3539,-221.105,-219.037,-238.365,-353.422,4522.4,3735.01,3653.76,-11.2808,-1.57143,-83.244,-75.6025,-54.7037,-34.8494,72.1998,-36.1441,7.33831,1.47438,1.05738,-9.08282,-32.2864,71.771,-35.0,-362.533,7.3393,1.03204,0.608604,1,LLLTALLLALLAGLLFSLILI,TALLLALLAGLLFSL,0.2974558145757333,0.0187713439789171,G,99999900.0,-28.540300000000002,0.0,17.26000000000002,787.3899999999994,-0.03624671382669328,0.0,0.021920522231676846,-0.014326826604351094
LLLLALLVILLIALLFTLILI_0,110011001100110000,1,-58.9006,-58.9006,-58.9006,-237.681,-224.783,-244.532,-362.218,4617.14,4044.9,3785.59,-11.2707,389.714,-76.9065,311.181,-58.7851,-30.1587,108.405,-40.867,10.0313,5.65852,5.7846,358.696,-27.3954,92.5093,-35.107,27.4967,8.5533,3.09806,2.9857,0,LLLLALLVILLIALLFTLILI,LALLVILLIALLFTL,0.4695560518206239,0.0503889313861515,R,99999900.0,-18.121399999999994,0.0,6.850999999999999,572.2400000000002,-0.03166748217531103,0.0,0.011972249405843696,-0.019695757025024456
LLLSYLLTVLLGILLGALILI_2,110011001100110000,1,-70.106,-81.633,-58.7344,-227.705,-227.769,-248.101,-355.229,4520.12,3703.09,3503.18,-11.2706,1203910.0,-68.6885,1203860.0,-48.394,-46.0539,64.8882,-51.0173,8.03503,2.168,1.64133,1166440.0,-50.2915,51.0798,-42.8435,1203530.0,7.1438,0.939503,0.205701,2,LLLSYLLTVLLGILLGALILI,SYLLTVLLGILLGAL,0.5707946475419601,0.1248866685625306,G,99999900.0,-20.294500000000006,-11.371599999999994,20.395999999999987,817.0299999999997,-0.02483935718394675,-0.013918215977381488,0.02496358762836125,-0.013794597505599554
LLLLALLFALLGILLITLILI_1,110011001100110000,1,-58.8314,-58.8314,-58.8314,-228.079,-221.267,-239.429,-356.691,4549.9,3760.97,3658.81,-11.2625,31.166,-81.0428,-45.4259,-58.4305,-64.1085,64.961,-37.8393,7.71012,4.88601,4.36043,37.1205,-58.8131,62.5969,-39.1181,-314.748,7.175,3.77255,3.2115,1,LLLLALLFALLGILLITLILI,LALLFALLGILLITL,0.2853694394609519,0.0201672256849121,G,99999900.0,-22.612299999999998,0.0,11.349999999999994,788.9299999999998,-0.028661985220488514,0.0,0.01438657422078004,-0.014275664507624252
LLLYALLTILLIFLLSLLILI_2,110011001100110000,1,-74.2318,-74.2082,-74.1371,-245.643,-244.352,-255.431,-370.782,4750.97,4096.08,3862.55,-11.2551,21.2976,-62.1618,-30.9241,-41.2141,-76.4276,60.4588,-33.8354,9.9951,6.12607,5.53295,19.1717,-72.6011,53.9923,-36.179,-328.933,9.0,4.67912,3.989,2,LLLYALLTILLIFLLSLLILI,YALLTILLIFLLSLL,0.2067632923347636,0.0371465381051424,R,99999900.0,-20.947699999999998,-0.09470000000000312,9.788000000000011,654.8900000000003,-0.031986593168318325,-0.000144604437386436,0.014946021469254387,-0.01718624501824733
LLLYALLFALLLSLLVTLILI_0,110011001100110000,1,-74.2526,-74.2526,-74.2526,-231.888,-230.615,-249.898,-363.679,4673.02,3905.87,3849.35,-11.247,-7.41421,-68.7848,-66.2252,-39.5285,-36.9607,93.4054,-40.3984,8.31772,4.65383,4.55491,-7.34306,-38.8884,87.4303,-44.355,-371.093,8.3134,4.13635,3.9478,0,LLLYALLFALLLSLLVTLILI,YALLFALLLSLLVTL,0.2644139555516999,0.0436194471934765,R,99999900.0,-29.256300000000003,0.0,18.00999999999999,767.1500000000005,-0.03813634882356773,0.0,0.023476503943166235,-0.014660757348628027
LLLFILLTALLGLLLGVLILI_0,110011001100110000,1,-58.8588,-54.9332,-58.7335,-224.32,-203.356,-237.273,-348.388,4574.08,3899.47,3535.83,-11.2453,1633160.0,-76.4547,1633070.0,-52.381,-46.0929,79.9248,-53.9095,7.82629,4.20378,3.90266,1332510.0,-50.5887,64.17,-37.5151,1632810.0,7.0583,2.75125,2.2138,0,LLLFILLTALLGLLLGVLILI,FILLTALLGLLLGVL,0.3091791612297148,0.0516585504853316,G,99999900.0,-24.073700000000002,-0.12530000000000285,12.953000000000003,674.6100000000001,-0.03568535894813299,-0.00018573694430856766,0.01920072338091638,-0.016669334874964793
LLLTALLFLLLGYLLISLILI_1,110011001100110000,1,-62.7581,-62.3427,-60.326,-239.651,-230.669,-248.849,-356.629,4622.6,3881.2,3480.59,-11.2407,39103.5,-65.4598,39039.8,-47.453,-51.7231,79.2344,-40.075,10.1656,4.95511,4.64363,35165.0,-54.4566,55.8714,-40.6917,39543.1,7.0594,2.21113,1.5492,1,LLLTALLFLLLGYLLISLILI,TALLFLLLGYLLISL,0.2083390714159073,0.0422614244121862,G,99999900.0,-18.0068,-2.4320999999999984,9.197999999999979,741.4000000000005,-0.024287564067979477,-0.0032804154302670577,0.012406258429997265,-0.01516145130833557
LLLYALLVALLSLLLATLILI_1,110011001100110000,1,-73.9546,-76.4516,-74.288,-231.539,-223.996,-245.053,-370.126,4620.11,3956.66,3892.07,-11.2357,-7.39266,-75.8679,-77.0712,-50.7847,-77.3683,75.0566,-42.1222,8.24106,8.23788,7.86373,-6.65048,-69.5216,69.2117,-44.462,-376.762,8.1432,6.27182,5.81,1,LLLYALLVALLSLLLATLILI,YALLVALLSLLLATL,0.4136242016032519,0.0303950026333631,R,99999900.0,-25.083200000000005,0.3333999999999975,13.51400000000001,663.4499999999998,-0.037807219835707305,0.0005025246815886617,0.020369281784610768,-0.016935262642248854
LLLLTLLVALLSTLLAFLILI_2,110011001100110000,1,-82.5763,-82.509,-74.3106,-221.149,-218.484,-241.553,-369.928,4565.06,3964.71,3815.66,-11.2252,-7.15522,-77.4283,-76.0904,-54.0644,-55.5455,83.1255,-37.1564,8.63015,6.05377,5.80065,-8.39735,-54.7442,78.7538,-35.0,-378.403,8.4748,5.34339,5.0247,2,LLLLTLLVALLSTLLAFLILI,LTLLVALLSTLLAFL,0.3829281627633576,0.0483202752345147,R,99999900.0,-23.363899999999994,-8.26570000000001,20.403999999999996,600.3500000000004,-0.03891713167319061,-0.01376813525443492,0.03398684100941115,-0.018697759640209866
LLLLALLTVLLALLISLLILI_1,110011001100110000,1,-74.2722,-74.2722,-74.2722,-239.655,-234.418,-241.497,-390.826,4551.89,4042.9,3752.68,-11.2192,205.144,-88.1188,123.008,-75.0572,-101.71,20.029,21.0237,10.5315,4.46037,3.26081,199.937,-102.525,9.41563,21.6565,-188.903,9.0937,3.14986,1.79109,1,LLLLALLTVLLALLISLLILI,LALLTVLLALLISLL,0.5015968112803213,0.0538877036391463,L,99999900.0,-13.061599999999999,0.0,1.842000000000013,508.99000000000024,-0.025661800821234194,0.0,0.003618931609658367,-0.02204208334151947
LLLYVLLTTLLFALLSLLILI_1,110011001100110000,1,-90.1697,-87.9739,-88.0341,-229.751,-234.437,-252.667,-374.9,4665.06,3925.57,3817.33,-11.216,-6.03746,-66.1952,-58.5267,-34.1985,-34.3734,75.1813,-41.9843,8.31319,1.80547,1.43319,-5.89075,-36.943,72.2376,-39.9087,-375.87,8.4949,1.79353,1.37709,1,LLLYVLLTTLLFALLSLLILI,YVLLTTLLFALLSLL,0.2905441901424843,0.0522407471896195,R,99999900.0,-31.996699999999997,-2.135600000000011,22.915999999999997,739.4900000000002,-0.043268604037918004,-0.002887936280409485,0.030988924799523983,-0.015167209833804374
LLLTYLLLALLASLLFVLILI_0,110011001100110000,1,-66.7845,-60.355,-60.355,-234.377,-231.026,-251.019,-360.732,4641.78,3815.18,3879.09,-11.2158,26.6087,-70.7862,-42.7421,-49.3583,-5.45046,111.044,-41.4553,8.33107,2.30853,2.4742,25.8412,-12.3046,96.0681,-35.7827,-334.123,8.782,1.31488,1.2559,0,LLLTYLLLALLASLLFVLILI,TYLLLALLASLLFVL,0.4411091369192612,0.0450525449244704,R,99999900.0,-21.427899999999994,-6.429499999999997,16.641999999999996,826.5999999999999,-0.025922937333655936,-0.007778248245826274,0.020133075248003868,-0.013568594241471088
LLLTYLLAALLVALLSLLILI_0,110011001100110000,1,-67.0111,-66.8715,-60.4332,-227.459,-227.516,-248.04,-370.241,4592.73,3806.82,3878.19,-11.2028,-5.02496,-86.9737,-80.8781,-61.7681,-26.1382,77.1198,-45.5976,8.37188,0.831915,0.488713,-5.27651,-24.5149,79.9684,-45.0,-375.266,8.631,0.972974,0.672501,0,LLLTYLLAALLVALLSLLILI,TYLLAALLVALLSLL,0.3375847037990471,0.0515581805795061,R,99999900.0,-25.205599999999997,-6.5779,20.58099999999999,785.9099999999994,-0.03207186573526233,-0.008369787889198515,0.02618747693756283,-0.014254558409996065
LLLYILLTLLLGALLAALILI_0,110011001100110000,1,-62.8979,-65.4677,-58.7429,-225.21,-219.971,-241.997,-355.207,4579.23,3969.18,3705.8,-11.1989,158.218,-78.2975,88.4503,-54.4673,-48.596,63.1841,-51.7382,7.45605,2.31926,1.76702,161.144,-48.1219,61.2568,-42.1281,-196.989,7.3101,1.98795,1.4068,0,LLLYILLTLLLGALLAALILI,YILLTLLLGALLAAL,0.2712646883915151,0.0152714744046189,G,99999900.0,-23.830199999999998,-4.155000000000001,16.787000000000006,610.0499999999997,-0.039062699778706675,-0.006810917137939518,0.027517416605196316,-0.01835734775838047
LLLTLLLIILLGFLLSVLILI_2,110011001100110000,1,-60.3585,-58.0689,-60.2282,-226.161,-224.268,-247.936,-369.649,4626.66,3970.0,3565.64,-11.1773,312199.0,-94.3065,312112.0,-61.4851,-71.6868,44.8204,-54.1636,8.23481,3.30378,2.47608,274357.0,-85.9497,42.6517,-45.0,311803.0,6.5506,5.15043,4.2902,2,LLLTLLLIILLGFLLSVLILI,TLLLIILLGFLLSVL,0.2611192183366632,0.0767787543710777,G,99999900.0,-32.8214,-0.1302999999999983,21.775000000000006,656.6599999999999,-0.049982334846039055,-0.0001984284104407126,0.03316023512929067,-0.01702144184204916
LLLLLALLLVLTFLLIILILI_1,110011001100110000,1,-58.9488,-58.982,-58.9575,-241.714,-227.527,-247.966,-376.515,4610.96,3847.48,3725.72,-11.1652,1533.05,-87.0173,1443.04,-69.5911,-3.86609,116.159,19.0825,10.4373,2.76137,3.00375,1367.29,-17.4445,89.7935,23.3036,1134.18,9.5,1.2388,1.0857,1,LLLLLALLLVLTFLLIILILI,LLALLLVLTFLLIIL,0.4295354546653949,0.0241540832874363,L,99999900.0,-17.42620000000001,0.008700000000004593,6.2520000000000095,763.48,-0.02282469743804685,1.1395190443763548e-05,0.00818881961544508,-0.014624089694556504
LLLYFLLATLVSLLLILLILI_2,110011001100110000,1,-74.0752,-74.0752,-74.1357,-227.879,-227.906,-253.96,-369.672,4724.84,3732.13,3730.1,-11.1482,5.14372,-78.866,-62.5475,-41.5766,-105.614,38.7242,21.4159,8.98782,7.56982,6.65068,3.7076,-109.426,30.0607,18.0,-366.588,9.0516,6.97209,5.923,2,LLLYFLLATLVSLLLILLILI,YFLLATLVSLLLILL,0.1700341557277778,0.1011669018894816,L,99999900.0,-37.2894,0.06050000000000466,26.081000000000017,992.71,-0.037563235990369793,6.094428382911894e-05,0.026272526719787265,-0.011230067189813741
LLLAYLLILLLATLLSFLILI_0,110011001100110000,1,-74.1234,-73.1876,-74.1234,-229.848,-228.954,-248.275,-368.041,4642.5,3877.56,3799.34,-11.1407,-7.71936,-75.2095,-73.6182,-45.6419,-73.9864,54.5128,-43.2845,8.65936,4.9572,4.27489,-5.8098,-76.864,48.8373,-44.7359,-375.76,8.5339,4.62264,3.8552,0,LLLAYLLILLLATLLSFLILI,AYLLILLLATLLSFL,0.359342535367438,0.0680983931829975,R,99999900.0,-29.567600000000006,0.0,18.426999999999992,764.94,-0.0386534891625487,0.0,0.024089471069626365,-0.01456414882212984
LLLYVLLIILLALLLSFLILI_2,110011001100110000,1,-60.433,-60.433,-60.433,-245.617,-240.43,-254.305,-367.563,4692.67,4196.15,3912.01,-11.0814,5.14512,-72.5945,-61.5542,-52.8244,-60.9035,73.7616,-44.3315,10.0438,5.59334,5.19977,7.90176,-57.818,66.41,-40.684,-350.687,9.0,4.13805,3.6342,2,LLLYVLLIILLALLLSFLILI,YVLLIILLALLLSFL,0.1739230595016088,0.0251798125301065,R,99999900.0,-19.7701,0.0,8.688000000000017,496.52000000000044,-0.03981732860710542,0.0,0.01749778458068156,-0.022318134214130328
LLLSYLLILLLGFLLSTLILI_0,110011001100110000,1,-92.9567,-78.056,-74.0925,-230.775,-229.514,-255.929,-372.775,4639.37,4019.4,3600.13,-11.0696,351189.0,-60.1127,351124.0,-42.7534,-84.3562,42.6007,-44.2043,9.45929,4.90453,4.04354,268373.0,-95.479,27.325,-44.2015,350816.0,7.2798,4.51072,3.42059,0,LLLSYLLILLLGFLLSTLILI,SYLLILLLGFLLSTL,0.7061868699113885,0.0811999987551644,G,99999900.0,-17.359299999999998,-18.864199999999997,25.153999999999996,619.9699999999998,-0.028000225817378266,-0.030427601335548497,0.0405729309482717,-0.017855057502782396
LLLYALLAVLLTLLFSLLILI_2,110011001100110000,1,-74.2252,-70.661,-74.2252,-227.979,-225.863,-250.076,-363.704,4651.48,3879.49,3817.09,-11.0614,-8.9177,-72.561,-76.0971,-39.4026,-106.495,37.3144,29.4065,8.94325,7.51175,6.57147,-0.847948,-108.265,26.115,28.0,-364.528,9.2465,6.26528,5.15701,2,LLLYALLAVLLTLLFSLLILI,YALLAVLLTLLFSLL,0.2155905148691729,0.0621537204850215,L,99999900.0,-33.15840000000001,0.0,22.09699999999998,771.9899999999998,-0.0429518517079237,0.0,0.02862342776460833,-0.014328423943315334
LLLYVLLTLLLGALLSFLILI_0,110011001100110000,1,-74.4941,-71.4867,-74.2441,-232.949,-227.142,-248.297,-359.943,4647.22,3999.92,3750.52,-11.0444,344.467,-63.5441,283.153,-37.4018,-49.3287,64.1061,-53.8132,7.33578,2.55364,2.01523,341.228,-47.9501,60.2066,-41.6343,-15.4756,7.3755,1.8204,1.2235,0,LLLYVLLTLLLGALLSFLILI,YVLLTLLLGALLSFL,0.2198439770144602,0.0496108993318355,G,99999900.0,-26.1423,-0.25,15.347999999999985,647.3000000000002,-0.040386683145373074,-0.00038621968175498215,0.02371079870230184,-0.0170622586126989
LLLLYYLVILLIALLTLLILI_0,110011001100110000,1,-64.9809,-57.7978,-58.918,-238.671,-225.202,-250.713,-360.039,4707.16,4154.47,3813.45,-11.0405,5758.73,-67.4273,5681.69,-50.4076,-77.4945,44.6365,22.2416,11.891,4.15011,3.31965,5188.76,-70.366,39.5247,25.0484,5398.69,9.5,2.39073,1.4836,0,LLLLYYLVILLIALLTLLILI,LYYLVILLIALLTLL,0.3473182907944446,0.0738359331016596,L,99999900.0,-17.0197,-6.062900000000006,12.042000000000002,552.6899999999996,-0.030794296983842683,-0.0109698022399537,0.021787982413287756,-0.019975935877254894
LLLYSLLLILLVALLIFLILI_1,110011001100110000,1,-56.8172,-55.2802,-45.07,-230.98,-228.224,-254.813,-354.79,4741.12,4117.04,3816.21,-11.0132,658.558,-78.0058,587.273,-54.9064,-58.9768,77.695,-41.0192,9.59869,5.83534,5.50077,329.405,-60.7082,73.6864,-39.4582,-98.0642,8.5241,5.5539,5.1592,1,LLLYSLLLILLVALLIFLILI,YSLLLILLVALLIFL,0.1476389543150111,0.0755747301468415,R,99999900.0,-23.099399999999996,-11.7472,23.833,624.0799999999999,-0.037013523907191384,-0.018823227791308808,0.03818901422894501,-0.0176470965260864
LLLTYLLVALLIALLALLILI_1,110011001100110000,1,-45.0773,-45.0773,-45.0773,-229.905,-229.559,-248.767,-360.784,4617.47,3714.17,3694.21,-10.9851,27.9098,-96.7873,-58.2381,-66.9396,-18.9425,92.1714,-42.8176,8.30419,1.78452,1.66709,24.2761,-14.8656,89.0751,-39.4069,-324.514,8.0,0.754973,0.591099,1,LLLTYLLVALLIALLALLILI,TYLLVALLIALLALL,0.4681214615149962,0.04443533649691,R,99999900.0,-29.847700000000003,0.0,18.861999999999995,903.3000000000002,-0.03304295361452452,0.0,0.020881213328905114,-0.012161076054466952
LLLYSLLFVLLAILLTALILI_0,110011001100110000,1,-71.7957,-68.5833,-58.8512,-231.642,-223.205,-249.834,-346.921,4659.7,4055.64,3869.12,-10.9721,648.592,-54.4555,593.459,-38.2361,-61.5299,81.1917,-43.9249,9.47613,6.69036,6.40824,601.159,-63.3956,71.5364,-35.2166,301.671,8.8874,5.66675,5.2398,0,LLLYSLLFVLLAILLTALILI,YSLLFVLLAILLTAL,0.1802468542213662,0.0411294105514849,R,99999900.0,-16.2194,-12.944499999999998,18.192000000000007,604.06,-0.026850643975764,-0.021429162665960334,0.030116213621163474,-0.01816392411349866
LLLTSLLLALLAVLLILLILI_0,110011001100110000,1,-56.2691,-55.4563,-45.1106,-226.131,-224.196,-252.17,-380.137,4575.8,3769.64,3712.92,-10.9692,240.659,-108.706,140.174,-82.8561,-61.364,71.2245,-49.7741,8.06469,5.31991,4.88828,171.798,-59.3177,76.0637,-43.9776,-139.478,8.0334,5.66625,5.3072,0,LLLTSLLLALLAVLLILLILI,TSLLLALLAVLLILL,0.4597828620714376,0.0489243052002449,R,99999900.0,-25.849900000000005,-11.158500000000004,26.038999999999987,806.1600000000003,-0.03206547087426813,-0.013841545102709138,0.03230003969435345,-0.013606728192914554
LLLYWLLVALLAALLSTLILI_0,110011001100110000,1,-74.2545,-72.42,-74.2545,-232.865,-224.064,-247.45,-363.638,4641.79,3911.12,3704.88,-10.9613,73.1023,-67.4801,5.94804,-41.934,-11.0699,100.66,-42.7033,8.85199,1.74965,1.75955,64.4551,-15.7577,89.9497,-39.1893,-290.536,8.0,1.00686,0.856105,0,LLLYWLLVALLAALLSTLILI,YWLLVALLAALLSTL,0.3946744213475597,0.0277234776550726,R,99999900.0,-25.546099999999996,0.0,14.58499999999998,730.6700000000001,-0.03496256860142061,0.0,0.01996113156418079,-0.0150017107586188
LLLYVLLLILLATLLSALILI_2,110011001100110000,1,-74.1087,-65.713,-74.1087,-233.734,-232.255,-248.482,-253.752,4615.93,4035.71,3866.65,-10.955,1789.47,43.1359,1833.68,68.8385,-29.8894,87.2528,-46.4187,9.06391,2.76254,2.57133,1175.82,-30.5546,77.5454,-42.4251,1547.14,8.9441,1.55182,1.215,2,LLLYVLLLILLATLLSALILI,YVLLLILLATLLSAL,0.1704673925110132,0.0604332321598536,R,99999900.0,-25.702599999999997,0.0,14.74799999999999,580.2200000000003,-0.04429802488711176,0.0,0.02541794491744508,-0.01888076936334493
LLLYILLIFLLATLLSLLILI_2,110011001100110000,1,-74.1188,-74.1188,-74.1188,-237.669,-235.613,-254.239,-371.115,4770.39,4057.42,3899.93,-10.9442,-5.17694,-70.271,-66.5604,-42.7569,-84.6344,49.7477,-41.7903,9.26503,5.91109,5.15731,-1.50981,-79.5181,50.3906,-43.452,-374.742,8.9618,5.23044,4.4863,2,LLLYILLIFLLATLLSLLILI,YILLIFLLATLLSLL,0.2599111141721275,0.1312758471623414,R,99999900.0,-27.5141,0.0,16.569999999999993,712.9700000000003,-0.03859082429835756,0.0,0.02324080957123019,-0.015350154985483255
LLLSTLLVALLFYLLALLILI_0,110011001100110000,1,-53.0673,-53.5689,-45.0213,-234.903,-232.915,-260.01,-353.073,4670.05,3821.39,3663.65,-10.9431,134252.0,-76.0454,134186.0,-48.041,-44.1419,55.1726,-48.4363,8.83948,0.569593,-0.102817,132253.0,-47.5802,62.1471,-35.7348,133899.0,8.4255,2.02689,1.4591,0,LLLSTLLVALLFYLLALLILI,STLLVALLFYLLALL,0.3616003617416615,0.0374303906235573,R,99999900.0,-28.004400000000004,-8.046000000000006,25.107,848.6600000000003,-0.0329983739071006,-0.009480828600381783,0.02958428581528526,-0.012894563193740716
LLLYSLLVILLFTLLFLLILI_2,110011001100110000,1,-59.2313,-54.8303,-58.8425,-241.45,-237.163,-262.322,-350.857,4838.7,4130.27,3812.05,-10.9378,719.311,-61.1134,660.447,-29.6926,-56.8382,83.9804,-43.0421,10.4239,6.36308,6.12279,481.174,-52.9619,83.5681,-45.0,368.454,8.1807,5.72598,5.4795,2,LLLYSLLVILLFTLLFLLILI,YSLLVILLFTLLFLL,0.1415576127803143,0.093548376874608,R,99999900.0,-31.4208,-0.38879999999999626,20.872000000000014,708.4299999999994,-0.044352723628304884,-0.0005488192199652705,0.029462332199370486,-0.015439492963313255
LLLTILLVALLFALLSLLILI_2,110011001100110000,1,-60.4381,-60.4381,-60.4381,-226.478,-223.117,-243.772,-366.305,4571.28,3824.52,3649.92,-10.9078,55.5884,-90.297,-27.162,-62.0954,-33.5747,89.7714,-51.1252,8.24574,3.65534,3.50191,36.5919,-36.6373,79.1887,-39.9947,-320.392,8.0543,2.68607,2.3739,2,LLLTILLVALLFALLSLLILI,TILLVALLFALLSLL,0.4110084584356932,0.0774686372310952,R,99999900.0,-28.2016,0.0,17.293999999999983,746.7599999999998,-0.0377652793400825,0.0,0.02315871230381915,-0.014606834859928228
LLLSALLVLLLTALLFILILI_0,110011001100110000,1,-56.5652,-56.0249,-58.9269,-231.955,-230.816,-251.433,-368.448,4599.66,3872.17,3746.12,-10.9003,-6.47494,-90.8277,-88.0815,-58.0881,-74.4443,62.7653,-43.509,8.77889,6.13997,5.58145,-6.67783,-76.2876,58.0877,-40.0636,-374.922,8.927,5.78498,5.1563,0,LLLSALLVLLLTALLFILILI,SALLVLLLTALLFIL,0.3352565483361756,0.0385570892775633,R,99999900.0,-32.739599999999996,2.361700000000006,19.47799999999998,727.4899999999998,-0.04500350520282066,0.0032463676476652695,0.026774251192456234,-0.014983436198435722
LLLYLLLATLVALLASLLILI_1,110011001100110000,1,-74.0743,-74.0137,-74.0743,-221.403,-219.187,-244.016,-370.408,4580.61,3681.21,3756.83,-10.8992,-1.52389,-85.8301,-78.7309,-52.3178,-106.113,35.4803,20.2278,9.03201,7.20683,6.23903,0.987745,-108.269,22.9463,20.9908,-370.435,9.3034,5.8381,4.68229,1,LLLYLLLATLVALLASLLILI,YLLLATLVALLASLL,0.3943828775738701,0.0327841435748766,L,99999900.0,-33.5123,0.0,22.613,899.3999999999996,-0.037260729375139,0.0,0.02514231710028909,-0.012118301089615304
LLLTALLVALLAALLSLLILI_2,110011001100110000,1,-62.6212,-62.6501,-60.4381,-220.117,-219.866,-238.911,-372.248,4492.71,3739.75,3757.09,-10.8962,-9.94573,-100.406,-99.6774,-72.899,-37.83,81.9998,-38.774,7.88061,3.24447,2.97447,-7.94746,-36.6373,79.1887,-39.9947,-380.951,8.0543,2.68607,2.3739,2,LLLTALLVALLAALLSLLILI,TALLVALLAALLSLL,0.4525794677011746,0.0215619050437991,R,99999900.0,-27.507000000000005,-2.183100000000003,18.79400000000001,752.96,-0.03653182107947302,-0.002899357203569915,0.024960157246068863,-0.014471153846153845
LLLATLLVGLLALLLGTLILI_0,110011001100110000,1,-66.5814,-62.7977,-58.7666,-215.571,-214.951,-238.67,-355.425,4510.01,3779.12,3602.59,-10.8759,-0.857619,-84.1483,-78.5341,-57.988,-36.6045,68.2458,-38.8778,7.83007,1.20386,0.727548,-0.323247,-39.5918,66.1876,-38.1472,-356.282,7.1158,1.37409,0.866903,0,LLLATLLVGLLALLLGTLILI,ATLLVGLLALLLGTL,0.3893706095874963,0.0283536313300009,G,99999900.0,-26.160300000000007,-7.814800000000005,23.09899999999999,730.8900000000003,-0.0357923900997414,-0.010692169820356007,0.0316039349286486,-0.01488035135246069
LLLSALLAVLLGLLLGTLILI_2,110011001100110000,1,-62.9525,-62.1769,-58.7719,-221.885,-216.827,-239.854,-359.355,4462.73,3603.24,3593.81,-10.8604,-0.349956,-85.3776,-80.7012,-60.7286,-74.7034,42.8798,-38.8427,7.68566,3.49428,2.63748,-4.59072,-71.6801,32.6466,-35.8841,-362.796,7.5,1.6593,0.648998,2,LLLSALLAVLLGLLLGTLILI,SALLAVLLGLLLGTL,0.3161907238502202,0.0188321486552844,G,99999900.0,-24.649,-4.180599999999998,17.969000000000023,859.4899999999998,-0.028678635004479407,-0.004864047283854378,0.020906584137104594,-0.012635865455095468
LLLSALLFVLLALLLATLILI_2,110011001100110000,1,-58.8379,-58.8379,-58.8379,-228.955,-227.382,-244.487,-358.26,4566.46,3853.38,3820.69,-10.8576,-2.70967,-81.3247,-74.75,-54.9348,-68.2675,49.6114,-44.8517,8.29392,3.43766,2.68183,-3.06197,-62.3589,45.8824,-44.1628,-361.538,8.2562,2.04796,1.2362,2,LLLSALLFVLLALLLATLILI,SALLFVLLALLLATL,0.4153196200724445,0.0576952066506416,R,99999900.0,-26.389900000000004,0.0,15.531999999999982,713.0799999999999,-0.03700833006114322,0.0,0.02178156728557803,-0.015226342065406406
LLLALLLLTLIVLLFSLLILI_0,110011001100110000,1,-74.1925,-74.1925,-74.253,-224.466,-217.574,-246.407,-381.849,4609.19,3726.46,3725.78,-10.8389,-3.59198,-94.0294,-93.6739,-61.1887,-108.458,33.6091,25.8418,9.09193,7.30595,6.31008,-3.73728,-113.025,22.011,24.0969,-385.441,9.3898,6.42523,5.25539,0,LLLALLLLTLIVLLFSLLILI,ALLLLTLIVLLFSLL,0.4122046985204079,0.0916383897866566,L,99999900.0,-32.8407,0.06050000000000466,21.941000000000003,882.7299999999996,-0.037203561677976296,6.853737836031934e-05,0.024855844935597535,-0.01227883950924972
LLLYILLVALLSTLLFLLILI_0,110011001100110000,1,-76.6826,-75.4943,-74.2668,-235.28,-223.064,-252.848,-369.786,4708.73,3950.18,3793.44,-10.8384,61.6588,-68.6617,-9.5695,-42.6719,-50.7897,87.9621,-48.1561,8.97684,5.99333,5.81276,59.5963,-52.2698,72.8602,-43.2077,-308.127,8.6278,4.1766,3.7695,0,LLLYILLVALLSTLLFLLILI,YILLVALLSTLLFLL,0.2457033212701221,0.0559908172392729,R,99999900.0,-25.989799999999995,-2.41579999999999,17.568000000000012,758.5499999999997,-0.03426247445784721,-0.0031847603981279954,0.02315997627051614,-0.01428831322918727
LLLVALLIALLATLLSLLILI_0,110011001100110000,1,-74.1282,-74.1282,-74.1282,-223.339,-217.496,-237.478,-381.306,4511.75,3739.33,3805.54,-10.8364,-1.70094,-94.6755,-91.3826,-69.7,-31.7088,104.536,-35.3361,8.47342,5.36873,5.43677,-1.20518,-35.9255,91.0265,-40.2111,-383.007,8.8691,4.1774,4.0428,0,LLLVALLIALLATLLSLLILI,VALLIALLATLLSLL,0.4030582589053934,0.0376288966734403,R,99999900.0,-24.975499999999997,0.0,14.13900000000001,772.4200000000001,-0.03233409285103958,0.0,0.018304808264933598,-0.014029155122860617
LLLAYLLTLLLAILLIFLILI_0,110011001100110000,1,-65.6027,-66.6282,-58.8455,-238.823,-235.06,-251.134,-358.791,4667.15,3976.47,3906.81,-10.831,84.6697,-65.1967,27.5668,-48.8112,-40.6315,75.9676,-48.3258,9.62753,2.85036,2.48987,82.3274,-35.2789,74.0431,-44.1963,-274.121,8.7202,1.78765,1.3983,0,LLLAYLLTLLLAILLIFLILI,AYLLTLLLAILLIFL,0.3097396133669035,0.0628355654101116,R,99999900.0,-16.385500000000008,-6.757199999999997,12.310999999999979,690.6799999999998,-0.023723721549777047,-0.009783401864828864,0.017824462848207538,-0.01568164707245034
LLLVALLLLLTFLLISLLILI_0,110011001100110000,1,-74.137,-74.1704,-74.1704,-239.058,-220.645,-246.567,-385.699,4614.22,3893.17,3677.61,-10.8225,1083.73,-83.3258,992.85,-64.9606,-100.883,40.0326,24.4443,10.893,7.03692,6.13741,1027.01,-109.955,9.8457,19.6763,698.035,9.3147,4.32242,2.97011,0,LLLVALLLLLTFLLISLLILI,VALLLLLTFLLISLL,0.3051836610938228,0.0311607058416142,L,99999900.0,-18.3652,0.03340000000000032,7.5090000000000146,721.0500000000002,-0.025470078357950208,4.632133693918634e-05,0.0104139796130643,-0.015009361348034113
LLLTALLAALLAVLLSFLILI_2,110011001100110000,1,-60.3783,-60.3783,-60.3783,-224.005,-223.374,-241.112,-353.058,4522.84,3857.33,3845.48,-10.8056,-6.75947,-79.4801,-76.0646,-51.5672,-51.933,84.7737,-43.2804,7.99318,5.7344,5.506,-6.22237,-55.1691,76.5276,-42.1376,-359.128,8.1639,5.10659,4.7545,2,LLLTALLAALLAVLLSFLILI,TALLAALLAVLLSFL,0.5154399505051548,0.0194003766129099,R,99999900.0,-27.912899999999993,0.0,17.107,665.5100000000002,-0.04194211957746688,0.0,0.02570509834562966,-0.016236570449730276
LLLYLLLAVLLAALLTSLILI_0,110011001100110000,1,-74.0449,-70.5381,-74.0449,-228.434,-221.737,-244.055,-369.545,4601.7,3867.02,3821.4,-10.796,-3.85356,-77.8616,-81.1231,-51.4451,-85.6427,54.9436,-47.3594,7.99334,6.7638,6.08795,-3.92143,-81.4126,51.8134,-45.0,-373.398,8.0,5.7067,4.9839,0,LLLYLLLAVLLAALLTSLILI,YLLLAVLLAALLTSL,0.19444225278322,0.0111169180027804,R,99999900.0,-26.4165,0.0,15.62100000000001,734.6799999999998,-0.03595647084444929,0.0,0.021262318288234352,-0.01469483312462569
LLLSALLFTLLALLLAILILI_2,110011001100110000,1,-58.7891,-58.7891,-58.7891,-230.279,-228.688,-246.484,-362.309,4577.45,3827.06,3829.69,-10.7927,-2.85114,-84.0345,-77.6837,-57.0367,-66.2316,56.3731,-45.762,7.8812,4.04511,3.39071,-4.93409,-61.6436,55.2704,-42.3147,-367.292,8.0426,3.20804,2.5371,2,LLLSALLFTLLALLLAILILI,SALLFTLLALLLAIL,0.5519284215276109,0.0352902730112339,R,99999900.0,-26.99779999999999,0.0,16.205000000000013,750.3899999999999,-0.035978357920547974,0.0,0.021595437039406196,-0.014382787617105774
LLLLWALLFVLITLLSLLILI_0,110011001100110000,1,-74.2018,-74.2018,-74.2018,-235.463,-227.648,-250.847,-378.496,4633.37,3759.97,3649.12,-10.7644,472.871,-79.5954,396.225,-53.4478,-50.9633,85.7894,16.8237,10.2951,5.72606,5.5129,444.665,-61.1356,66.6024,18.8408,94.3744,9.4667,4.66166,4.1607,0,LLLLWALLFVLITLLSLLILI,LWALLFVLITLLSLL,0.4870050169988514,0.083989555906046,L,99999900.0,-26.147599999999997,0.0,15.384000000000015,873.4000000000001,-0.029937714678268827,0.0,0.017613922601328158,-0.012324708037554383
LLLLIYLVILLFTLLSLLILI_1,110011001100110000,1,-74.1907,-74.1907,-74.1907,-246.931,-231.453,-250.376,-371.967,4673.47,4097.61,3724.37,-10.7616,117.904,-61.6069,51.5804,-47.3997,-99.2768,34.8197,28.2547,10.9738,6.09219,5.11448,76.0466,-95.5434,21.4906,28.0,-263.695,9.3253,3.73274,2.5551,1,LLLLIYLVILLFTLLSLLILI,LIYLVILLFTLLSLL,0.4066103553177203,0.0766717345709179,L,99999900.0,-14.2072,0.0,3.444999999999993,575.8600000000006,-0.024671274268051237,0.0,0.005982356822838867,-0.018687875525301267
LLLTALLLFLLVALLSILILI_0,110011001100110000,1,-63.9226,-62.0839,-60.5256,-229.423,-230.205,-247.988,-369.448,4623.05,4011.97,3923.63,-10.7555,-9.47738,-86.858,-86.6367,-60.9348,-31.4058,68.5299,-42.5449,8.77078,0.4624,-0.00965183,-9.52019,-34.7868,66.0885,-41.0973,-378.926,8.9938,0.639973,0.131301,0,LLLTALLLFLLVALLSILILI,TALLLFLLVALLSIL,0.2878444486104483,0.0423524814442822,R,99999900.0,-25.9232,-3.3970000000000056,18.564999999999998,611.0800000000004,-0.04242194148065717,-0.005559010276886829,0.030380637559730292,-0.01760080513189761
LLLLFLLIILLGTLLASLILI_2,110011001100110000,1,-74.072,-75.6322,-74.072,-226.213,-208.635,-242.461,-367.83,4616.08,3961.79,3647.8,-10.7225,4187.19,-78.2673,4103.62,-51.2972,-79.7595,56.0171,-43.6023,9.32449,6.02623,5.36649,3611.71,-75.337,50.8884,-45.0,11595.7,6.5,4.67048,3.93381,2,LLLLFLLIILLGTLLASLILI,LFLLIILLGTLLASL,0.278290972290821,0.1375421206792013,G,99999900.0,-26.97010000000001,0.0,16.24800000000002,654.29,-0.04122040685323024,0.0,0.024833025111189257,-0.016387993091748307
LLLLAALLFVLATLLSLLILI_1,110011001100110000,1,-74.2018,-74.2018,-74.2018,-225.484,-224.261,-238.991,-364.713,4546.37,3710.73,3760.53,-10.7143,-6.07777,-75.7409,-72.3282,-51.5196,-56.4482,80.1348,14.6545,9.70379,5.78542,5.48744,-3.22492,-61.1356,66.6024,18.8408,-366.697,9.4667,4.66166,4.1607,1,LLLLAALLFVLATLLSLLILI,LAALLFVLATLLSLL,0.3307641649029647,0.072173343505548,L,99999900.0,-24.2213,0.0,13.507000000000005,835.6399999999999,-0.0289853286104064,0.0,0.016163658991910402,-0.012821669618496005
LLLVALLALLTALLYSLLILI_1,110011001100110000,1,-74.076,-74.076,-74.076,-220.015,-222.594,-240.459,-370.889,4567.93,3613.13,3707.8,-10.703,11.2496,-87.5014,-62.9692,-56.3542,-101.834,28.6133,18.1224,8.34186,5.63796,4.56716,-6.81835,-101.418,26.0133,19.6683,-377.648,8.5316,5.22449,4.11469,1,LLLVALLALLTALLYSLLILI,VALLALLTALLYSLL,0.3092654368484531,0.026927956509497,L,99999900.0,-31.147200000000005,0.0,20.444000000000017,954.8000000000002,-0.032621700879765396,0.0,0.02141181399245917,-0.011209677419354837
LLLAILLYILLAVLLSLLILI_1,110011001100110000,1,-60.4096,-60.4096,-60.4096,-230.899,-229.646,-244.921,-375.036,4553.68,4016.23,3791.14,-10.6978,28.0618,-94.4254,-56.9187,-69.7057,-46.2811,72.0334,-42.8356,9.43554,3.16668,2.74718,23.6297,-41.502,70.4733,-45.0,-350.946,8.6612,2.2392,1.7963,1,LLLAILLYILLAVLLSLLILI,AILLYILLAVLLSLL,0.5851947006892443,0.0371810034167074,R,99999900.0,-24.719700000000003,0.0,14.021999999999991,537.4500000000003,-0.04599441808540328,0.0,0.026089868825006947,-0.0199047353242162
LLLFALLVALLLTLLSTLILI_1,110011001100110000,1,-87.9016,-87.9016,-87.9016,-227.837,-226.313,-242.275,-375.245,4588.25,3892.87,3951.85,-10.6775,-2.90981,-70.1837,-63.9401,-45.0683,-25.8751,81.9756,-33.8967,8.6824,1.44798,1.17761,-0.118652,-19.7119,80.3881,-36.3997,-375.611,9.0,0.309179,0.0150006,1,LLLFALLVALLLTLLSTLILI,FALLVALLLTLLSTL,0.3901647620539596,0.0370791018825966,R,99999900.0,-25.1154,0.0,14.438000000000017,695.3800000000001,-0.036117518479104944,0.0,0.02076274842532143,-0.015354913860047741
LLLLYVLTSLLAILLFLLILI_1,110011001100110000,1,-74.174,-62.8852,-74.196,-236.168,-232.194,-247.721,-367.546,4646.48,3855.83,3617.46,-10.6664,3600390.0,-67.87,3600310.0,-45.6289,-53.3257,71.3802,29.6546,10.4906,4.13518,3.70588,4671.54,-60.6875,54.8651,25.5985,8001.72,8.9175,3.00992,2.3329,1,LLLLYVLTSLLAILLFLLILI,LYVLTSLLAILLFLL,0.1393865051295795,0.0414657744550554,L,99999900.0,-22.241100000000003,0.02199999999999136,11.552999999999997,790.6499999999996,-0.028130146082337333,2.782520710806472e-05,0.014612028078163539,-0.013490672231708094
LLLAALLLSLLFTLLVFLILI_2,110011001100110000,1,-74.2589,-74.2589,-74.2294,-224.483,-221.184,-244.464,-361.652,4586.46,3811.17,3698.16,-10.6595,-6.29044,-73.569,-72.4991,-42.958,-55.8129,83.3947,-37.0028,8.26178,6.13022,5.88114,-9.94605,-56.0784,83.297,-37.0432,-372.023,8.1857,6.15685,5.9063,2,LLLAALLLSLLFTLLVFLILI,AALLLSLLFTLLVFL,0.4826460405616286,0.0395050187460867,R,99999900.0,-30.611000000000004,-0.02949999999999875,19.980999999999995,775.29,-0.039483290123695655,-3.805027796050349e-05,0.025772291658605163,-0.013749048743050987
LLLYLLLATLLAVLLSILILI_1,110011001100110000,1,-74.1784,-73.4824,-74.1784,-230.051,-229.53,-248.063,-378.184,4614.44,3893.2,3832.06,-10.6385,393.896,-84.5938,318.724,-55.9434,-47.5582,78.7741,-48.7625,8.58514,4.26824,3.94985,319.085,-46.7103,70.4803,-42.9747,18.5257,8.3098,3.02139,2.57859,1,LLLYLLLATLLAVLLSILILI,YLLLATLLAVLLSIL,0.237155142072282,0.0412868425428191,R,99999900.0,-28.650400000000005,0.0,18.012,721.2399999999998,-0.03972380899561868,0.0,0.024973656480505802,-0.014750291165215467
LLLYVLLFTLLATLLILLILI_2,110011001100110000,1,-63.5652,-72.5481,-72.6321,-246.341,-236.066,-254.53,-367.445,4687.69,4133.72,3851.49,-10.6332,88.9158,-68.1717,30.0848,-40.2828,-35.4638,95.4095,-50.8242,9.38513,4.69986,4.631,72.5446,-37.5163,77.3551,-44.2381,-278.529,8.0869,2.57038,2.23071,2,LLLYVLLFTLLATLLILLILI,YVLLFTLLATLLILL,0.2501500415823229,0.0235232638294689,R,99999900.0,-27.8889,9.066899999999997,8.188999999999993,553.9699999999993,-0.050343700922432684,0.01636713179414049,0.01478238893802914,-0.019194541220643742
LLLALLLFTLLAALLTSLILI_1,110011001100110000,1,-80.7379,-80.7379,-88.0216,-226.255,-222.101,-238.876,-373.522,4502.32,3810.92,3714.33,-10.6291,2703.43,-77.1585,2632.74,-46.6245,-40.0539,78.1101,-44.3182,8.47246,3.05294,2.7246,2378.83,-41.3832,66.3868,-39.1389,2319.47,8.4387,1.6697,1.1655,1,LLLALLLFTLLAALLTSLILI,ALLLFTLLAALLTSL,0.2922129564761372,0.0195299981512019,R,99999900.0,-30.534000000000006,7.28370000000001,12.62100000000001,691.3999999999996,-0.04416256870118603,0.010534712178189201,0.018254266705235778,-0.015373300549609495
LLLFSLLTILVILLLSLLILI_2,110011001100110000,1,-74.1687,-83.6395,-74.1687,-233.913,-234.911,-249.017,-383.388,4636.2,3784.52,3662.79,-10.6285,94.6561,-85.9346,29.8187,-60.2026,-116.903,5.00813,23.5165,10.2884,4.71161,3.28673,91.3542,-108.645,3.22496,28.0,-246.33,8.9405,3.23212,1.78049,2,LLLFSLLTILVILLLSLLILI,FSLLTILVILLLSLL,0.3100012871886982,0.0657747232286705,L,99999900.0,-25.732000000000006,0.0,15.103999999999985,851.6799999999998,-0.030213225624647767,0.0,0.01773436032312604,-0.012479452376479433
LLLLSTLTILLAVLLFLLILI_1,110011001100110000,1,-67.7646,-58.6488,-58.9219,-233.55,-222.916,-245.697,-365.513,4597.11,3758.43,3581.87,-10.6202,584.78,-74.8185,500.832,-60.8944,-56.9328,90.3514,16.6294,10.5531,7.23735,7.09262,543.19,-53.4199,78.3561,19.6708,550.83,8.6172,5.09106,4.7664,1,LLLLSTLTILLAVLLFLLILI,LSTLTILLAVLLFLL,0.4741055432002528,0.0560045957584058,L,99999900.0,-13.924100000000003,-8.8427,12.146999999999991,838.6799999999998,-0.016602399007964903,-0.010543592311727957,0.014483474030619538,-0.012662994229026569
LLLYALLLSLLTALLVFLILI_1,110011001100110000,1,-74.3402,-66.5447,-74.3109,-235.844,-230.568,-249.988,-363.636,4684.08,4112.09,3884.13,-10.6084,-9.08774,-64.0608,-75.6112,-39.3376,-55.8091,93.2605,-46.4535,8.64608,7.46153,7.36044,-7.56902,-53.3345,81.1929,-45.0,-371.077,8.2083,5.46121,5.1791,1,LLLYALLLSLLTALLVFLILI,YALLLSLLTALLVFL,0.2843271243328187,0.0698686768546791,R,99999900.0,-24.7232,-0.02929999999999211,14.144000000000005,571.9899999999998,-0.04322313327156071,-5.122467175998203e-05,0.02472770502980823,-0.018546478085281218
LLLAYLLVLLLTALLSFLILI_1,110011001100110000,1,-71.1903,-72.3418,-74.2305,-230.905,-230.041,-247.83,-364.305,4631.13,3957.01,3879.94,-10.5965,-9.03087,-72.8057,-70.9527,-42.2443,-82.8923,57.2182,-44.7135,8.92609,6.6583,6.01657,-4.9622,-79.5719,55.1888,-42.772,-373.757,8.8555,5.88627,5.2141,1,LLLAYLLVLLLTALLSFLILI,AYLLVLLLTALLSFL,0.4157323948578447,0.0942108805351028,R,99999900.0,-30.5614,3.040200000000013,16.92500000000001,674.1199999999999,-0.04533525188393758,0.0045098795466682684,0.025106805909927036,-0.015719011451967014
LLLYILLVALLATLLSLLILI_1,110011001100110000,1,-74.1188,-74.1188,-74.1188,-236.972,-234.547,-247.84,-377.163,4620.49,4081.55,3964.12,-10.571,-9.27338,-76.6433,-77.7701,-55.2038,-87.9092,52.1223,-41.3067,9.31553,6.72289,6.00472,-1.94898,-79.5181,50.3906,-43.452,-378.85,8.9618,5.23044,4.4863,1,LLLYILLVALLATLLSLLILI,YILLVALLATLLSLL,0.3168490010937625,0.081059378446822,R,99999900.0,-21.439499999999995,0.0,10.867999999999995,538.9399999999996,-0.03978086614465434,0.0,0.020165510075333067,-0.019614428322262234
LLLFALLLTLLVALLSILILI_2,110011001100110000,1,-76.2248,-75.2775,-74.2853,-227.866,-227.476,-243.101,-369.96,4571.7,4009.7,3969.99,-10.5619,-7.35557,-76.4311,-74.5623,-52.5734,-27.1495,78.6251,-44.9666,8.02113,1.1868,0.866177,-7.86528,-25.1949,78.0418,-44.1889,-377.928,8.1983,0.814873,0.485499,2,LLLFALLLTLLVALLSILILI,FALLLTLLVALLSIL,0.3848543288877951,0.0326229409527622,R,99999900.0,-23.8577,-1.9394999999999953,15.234999999999985,562.0,-0.042451423487544486,-0.0034510676156583545,0.027108540925266877,-0.01879341637010676
LLLFYLLVILLTTLLSLLILI_1,110011001100110000,1,-94.6016,-81.5257,-87.9562,-237.803,-235.881,-251.82,-378.623,4706.48,4068.87,3907.17,-10.5618,14.1778,-56.7804,-47.0384,-38.8468,-26.5167,80.7053,-45.1322,9.95435,1.37271,1.08329,7.24374,-24.6133,82.1567,-42.3875,-370.489,8.9966,1.28315,1.0155,1,LLLFYLLVILLTTLLSLLILI,FYLLVILLTTLLSLL,0.2790151037635425,0.1046698524253903,R,99999900.0,-17.9336,-6.645400000000009,14.016999999999996,637.6099999999997,-0.02812628409215666,-0.010422358495004804,0.02198365772180487,-0.016564671193990067
LLLTALLIALLFLLLSVLILI_0,110011001100110000,1,-60.3412,-60.2627,-60.4084,-228.549,-226.712,-246.165,-367.736,4588.07,3771.88,3609.73,-10.5455,1387.27,-89.3919,1306.5,-61.1627,-50.6372,80.4568,-42.0605,8.19578,4.95725,4.6641,1026.56,-47.682,80.7227,-35.7606,1019.53,8.0,4.54986,4.2607,0,LLLTALLIALLFLLLSVLILI,TALLIALLFLLLSVL,0.4187104511624095,0.0289662425730298,R,99999900.0,-28.229200000000006,0.0671999999999997,17.615999999999985,816.1899999999996,-0.034586554601257084,8.233377032308622e-05,0.021583209791837678,-0.012920398436638534
LLLSYLLIVLLGLLLGTLILI_0,110011001100110000,1,-77.1932,-74.4292,-58.7719,-225.653,-225.824,-249.729,-364.341,4595.31,3711.67,3569.36,-10.5423,165.34,-72.0363,101.252,-55.84,-68.7545,30.5309,-35.5147,8.7402,0.934838,-0.107198,95.1886,-71.6801,32.6466,-35.8841,-199.001,7.5,1.6593,0.648998,0,LLLSYLLIVLLGLLLGTLILI,SYLLIVLLGLLLGTL,0.3860594730243704,0.0433960212128287,G,99999900.0,-16.196299999999994,-18.421300000000002,24.076000000000022,883.6400000000003,-0.018329070662260635,-0.02084706441537277,0.027246389932551733,-0.01193053732289167
LLLYLLLAVLLIFLLTSLILI_0,110011001100110000,1,-74.1261,-70.5549,-74.2137,-242.024,-231.548,-253.141,-367.279,4699.64,4138.09,3752.98,-10.5419,1846.06,-61.6712,1780.88,-39.9243,-79.272,68.0151,-38.5978,9.82725,7.57284,7.09307,1838.87,-81.4126,51.8134,-45.0,1478.78,8.0,5.7067,4.9839,0,LLLYLLLAVLLIFLLTSLILI,YLLLAVLLIFLLTSL,0.17112581179643,0.1366671738577936,R,99999900.0,-21.746899999999997,0.087600000000009,11.11699999999999,561.5500000000002,-0.03872656041314218,0.0001559967945864286,0.01979699047279848,-0.018772860831626742
LLLLAYLTFLLAVLLILLILI_2,110011001100110000,1,-58.7552,-58.7552,-58.7552,-238.64,-229.341,-245.058,-351.074,4673.54,4039.74,3787.06,-10.5058,2497.46,-64.1848,2434.48,-47.2607,-65.0726,64.2058,30.4319,10.5178,4.92868,4.39176,1728.57,-70.366,39.5247,25.0484,2150.0,9.5,2.39073,1.4836,2,LLLLAYLTFLLAVLLILLILI,LAYLTFLLAVLLILL,0.4277819956189344,0.0697120365251431,L,99999900.0,-16.924099999999996,0.0,6.418000000000006,633.8000000000002,-0.02670258756705584,0.0,0.010126222783212378,-0.016575891448406432
LLLYVLLTTLLAALLSLLILI_2,110011001100110000,1,-90.5111,-87.945,-88.0341,-224.64,-229.151,-247.657,-382.073,4593.93,3940.29,3840.99,-10.4912,-8.20955,-77.4127,-73.1865,-46.382,-34.7902,74.383,-42.4272,8.21647,1.76023,1.37597,-2.51691,-36.943,72.2376,-39.9087,-381.581,8.4949,1.79353,1.37709,2,LLLYVLLTTLLAALLSLLILI,YVLLTTLLAALLSLL,0.3815590339544394,0.0442887568487644,R,99999900.0,-31.030700000000003,-2.477000000000004,23.017000000000024,653.6400000000003,-0.04747368582094117,-0.003789547763294784,0.035213573220733145,-0.016050425310568498
LLLAFLLALLLGTLLGSLILI_0,110011001100110000,1,-74.1108,-83.9993,-74.1108,-216.797,-216.428,-234.409,-352.236,4497.59,3548.06,3421.25,-10.4877,118016.0,-71.8154,117964.0,-43.7159,-71.7311,41.3085,-38.5111,7.56202,2.83631,1.95594,117871.0,-62.8637,50.8317,-39.7383,117664.0,6.5162,2.79183,2.05431,0,LLLAFLLALLLGTLLGSLILI,AFLLALLLGTLLGSL,0.3880679680396023,0.0110395670243847,G,99999900.0,-28.0995,0.0,17.611999999999995,949.5300000000002,-0.029593061830589865,0.0,0.018548123808621097,-0.01104514865249123
LLLVALLATLLGSLLGTLILI_2,110011001100110000,1,-90.853,-90.8114,-87.858,-216.117,-214.8,-230.462,-367.43,4388.82,3845.36,3717.64,-10.4839,-7.76691,-70.944,-69.5849,-49.1104,-43.0256,70.5268,-48.4734,6.97104,2.47497,2.03287,-2.6488,-36.3206,72.3714,-40.8966,-371.41,7.2598,1.71823,1.3038,2,LLLVALLATLLGSLLGTLILI,VALLATLLGSLLGTL,0.310201092308048,0.0117377816580884,G,99999900.0,-21.833600000000004,-2.9949999999999903,14.344999999999999,543.4599999999996,-0.0401751738858426,-0.005510985169101668,0.026395686895079692,-0.01929102417841241
LLLIALLILLVSLLFTLLILI_1,110011001100110000,1,-67.1335,-74.1944,-74.2939,-227.485,-225.926,-245.697,-377.212,4626.85,3704.83,3686.44,-10.4756,942.08,-93.069,864.988,-57.2209,-97.3875,29.0984,22.6572,9.45825,5.03641,3.97289,709.611,-106.353,17.491,18.1972,555.034,9.5,4.81424,3.57661,1,LLLIALLILLVSLLFTLLILI,IALLILLVSLLFTLL,0.6011378257828777,0.0775894567184408,L,99999900.0,-35.8481,7.160399999999996,18.21199999999999,922.0200000000004,-0.03887995921997352,0.007765992060909733,0.01975228303073684,-0.011361575670809738
LLLVALLIALLFSLLTLLILI_0,110011001100110000,1,-74.1826,-74.1896,-74.243,-228.557,-222.498,-242.601,-369.97,4641.01,3944.97,3952.8,-10.4695,-0.281132,-77.6993,-73.5627,-53.126,-12.357,104.869,-38.1815,8.86094,2.51081,2.58384,-0.175438,-17.6261,86.7132,-42.8643,-370.251,9.0,0.850202,0.650901,0,LLLVALLIALLFSLLTLLILI,VALLIALLFSLLTLL,0.4501367039262064,0.0303127666416734,R,99999900.0,-24.573299999999996,0.06040000000000134,14.044000000000011,696.0400000000004,-0.035304436526636375,8.677662203321836e-05,0.02017700132176312,-0.015041520602264229
LLLYILLTALLVALLSALILI_0,110011001100110000,1,-74.2045,-74.2045,-74.2045,-224.957,-220.858,-243.769,-365.809,4583.38,3962.0,3869.82,-10.4511,-5.55926,-77.0984,-76.3058,-47.8358,-27.3514,91.1074,-44.7707,8.07549,2.90221,2.76882,-5.40483,-28.5899,84.4588,-45.0,-371.368,8.1271,2.19042,1.9573,0,LLLYILLTALLVALLSALILI,YILLTALLVALLSAL,0.2503581172686762,0.046613071599966,R,99999900.0,-29.2626,0.0,18.812000000000012,621.3800000000001,-0.047092922205413744,0.0,0.030274550194727877,-0.01681917667128005
LLLTVLLAALLAFLLSILILI_0,110011001100110000,1,-61.1048,-60.3188,-60.3188,-223.378,-222.783,-241.297,-358.699,4524.35,3808.02,3739.51,-10.4415,-5.50811,-84.658,-81.1049,-57.0828,-75.3419,51.9716,-39.1061,8.18755,4.81745,4.09703,-4.79727,-79.0843,48.947,-35.0,-364.207,8.4738,4.97049,4.20469,0,LLLTVLLAALLAFLLSILILI,TVLLAALLAFLLSIL,0.3663309695960543,0.0426781925587133,R,99999900.0,-27.575200000000002,-0.7859999999999943,17.91900000000001,716.3300000000004,-0.03849510700375523,-0.0010972596429020059,0.025015007049823408,-0.014576382393589538
LLLLFLLGTLLIVLLASLILI_1,110011001100110000,1,-73.9927,-74.4783,-73.9927,-232.148,-215.913,-241.233,-364.528,4674.07,3779.26,3568.83,-10.4366,200395.0,-68.824,200321.0,-49.3024,-78.1216,63.0671,-37.3775,9.27976,6.7323,6.1783,200013.0,-75.337,50.8884,-45.0,1254110.0,6.5,4.67048,3.93381,1,LLLLFLLGTLLIVLLASLILI,LFLLGTLLIVLLASL,0.1933550502356102,0.0224907213356897,G,99999900.0,-19.5216,0.0,9.085000000000008,894.8099999999995,-0.02181647500586718,0.0,0.01015299337289482,-0.01166348163297237
LLLAVLLYTLLFTLLSLLILI_1,110011001100110000,1,-87.9422,-87.8574,-87.9178,-232.918,-229.632,-250.562,-377.203,4604.39,3912.46,3765.69,-10.4313,-2.28378,-66.7746,-61.9975,-38.7233,-41.9469,75.241,-45.3064,8.73701,2.94957,2.57819,-6.23056,-38.0162,70.3818,-41.5919,-383.518,8.4877,1.70397,1.2597,1,LLLAVLLYTLLFTLLSLLILI,AVLLYTLLFTLLSLL,0.4043460322946865,0.0136389081095118,R,99999900.0,-28.051300000000005,-0.024399999999999977,17.644000000000005,691.9300000000003,-0.04054066162762128,-3.52636827424739e-05,0.02549968927492665,-0.015075657942277393
LLLAALLLSLLATLLVYLILI_0,110011001100110000,1,-74.2323,-74.2029,-74.2029,-224.85,-221.786,-241.274,-371.955,4527.91,3750.31,3775.64,-10.4178,-5.85905,-83.2902,-81.8251,-56.4782,-52.9845,86.3659,-36.6506,8.25725,6.10708,5.90257,-5.92905,-54.7442,78.7538,-35.0,-377.814,8.4748,5.34339,5.0247,0,LLLAALLLSLLATLLVYLILI,AALLLSLLATLLVYL,0.2669754999899251,0.0388666774472944,R,99999900.0,-26.811999999999998,-0.02939999999999543,16.424000000000007,777.5999999999999,-0.03448045267489712,-3.7808641975302766e-05,0.021121399176954745,-0.013397376543209877
LLLYSLLFVLLIILLTLLILI_0,110011001100110000,1,-70.2461,-68.3648,-58.8512,-240.087,-231.841,-257.942,-366.816,4728.2,4047.66,3873.69,-10.411,713.159,-66.894,646.549,-50.0231,-61.9246,80.6902,-40.8333,9.87115,6.68186,6.39221,665.707,-63.3956,71.5364,-35.2166,346.343,8.8874,5.66675,5.2398,0,LLLYSLLFVLLIILLTLLILI,YSLLFVLLIILLTLL,0.1974595864650365,0.1163898068237618,R,99999900.0,-16.870900000000006,-11.3949,17.855000000000018,680.54,-0.024790460516648554,-0.016743909248537928,0.02623651805918832,-0.015298145590266553
LLLYFLLTILLIVLLALLILI_2,110011001100110000,1,-58.7892,-59.7746,-58.7631,-242.915,-235.612,-255.999,-359.53,4786.84,4125.8,3687.99,-10.4108,46857.7,-68.2372,46793.6,-44.7682,-63.2665,63.124,-39.2381,9.59198,4.51172,3.95858,28989.4,-53.1809,65.2257,-42.5009,46498.2,7.3951,3.28261,2.761,2,LLLYFLLTILLIVLLALLILI,YFLLTILLIVLLALL,0.277206777483087,0.0454612433006488,G,99999900.0,-23.469,-0.026099999999999568,13.084000000000003,661.04,-0.03550314655694058,-3.948323853321973e-05,0.019793053370446574,-0.015749122594699263
LLLYVLLFALLTVLLSLLILI_2,110011001100110000,1,-74.2,-74.2394,-74.2788,-236.979,-230.283,-251.947,-367.21,4677.52,4069.96,3880.65,-10.4022,-5.21544,-66.4324,-67.9027,-40.9842,-44.3451,86.2501,-48.48,8.89849,4.79554,4.58929,-5.80962,-39.2116,82.5884,-44.5047,-373.303,8.7478,3.53117,3.27,2,LLLYVLLFALLTVLLSLLILI,YVLLFALLTVLLSLL,0.3020050488080831,0.0387750526207098,R,99999900.0,-25.4482,0.07880000000000109,14.96799999999999,607.5600000000004,-0.04188590427282899,0.00012969912436631943,0.02463624991770357,-0.017121271973138445
LLLTALLIALLFILLSVLILI_2,110011001100110000,1,-60.5572,-59.7858,-60.4032,-231.111,-229.882,-246.156,-365.036,4550.25,3938.63,3649.59,-10.3956,1452.27,-83.763,1376.9,-58.4768,-50.3855,82.8247,-50.0708,8.56604,5.23916,4.98153,1443.61,-47.682,80.7227,-35.7606,1080.78,8.0,4.54986,4.2607,2,LLLTALLIALLFILLSVLILI,TALLIALLFILLSVL,0.1948431150678922,0.0239981316424957,R,99999900.0,-25.286200000000008,-0.15400000000000347,15.045000000000016,611.6199999999999,-0.04134299074588799,-0.0002517903273274312,0.0245986069781891,-0.016996828095876527
LLLVALLIALLLILLSLLILI_2,110011001100110000,1,-60.4135,-59.5063,-60.4433,-235.482,-229.625,-242.406,-388.41,4574.7,3822.16,3746.39,-10.3896,34.9982,-102.904,-64.2813,-85.5616,-27.8597,108.243,-31.6798,9.79436,5.29181,5.41546,30.5789,-27.4697,91.2863,-38.4161,-356.161,8.8147,2.94411,2.8134,2,LLLVALLIALLLILLSLLILI,VALLIALLLILLSLL,0.4170034795168138,0.0476651110214092,R,99999900.0,-17.342399999999998,0.029800000000001603,6.924000000000007,752.54,-0.02304515374598028,3.959922396151913e-05,0.009200839822467917,-0.013806043532569697
LLLTSLLLALLFILLFALILI_1,110011001100110000,1,-52.4153,-54.3076,-44.9597,-235.324,-231.861,-255.639,-352.595,4654.66,4041.52,3589.75,-10.3831,694.218,-75.2387,627.791,-51.9961,-31.5441,87.7553,-38.5128,9.34783,3.07858,2.89491,597.927,-33.5044,71.7656,-37.0663,345.968,7.3729,1.21402,0.790504,1,LLLTSLLLALLFILLFALILI,TSLLLALLFILLFAL,0.3417764485852175,0.010918236788022,G,99999900.0,-23.242599999999996,-7.455600000000004,20.314999999999998,613.1399999999999,-0.03790749257918257,-0.01215970251492319,0.03313272662034772,-0.016934305378869433
LLLYALLLTLLFILLSVLILI_2,110011001100110000,1,-74.2896,-74.4262,-74.2478,-236.273,-234.928,-254.052,-370.992,4688.0,3981.43,3941.01,-10.3806,-8.97897,-70.8092,-70.616,-42.692,-58.9024,77.3561,-41.6626,8.9169,5.77843,5.43877,-8.61304,-55.2901,77.1212,-45.0,-379.636,8.8351,5.20488,4.8617,2,LLLYALLLTLLFILLSVLILI,YALLLTLLFILLSVL,0.1637325299104205,0.01506705230757,R,99999900.0,-28.117200000000004,-0.04179999999999495,17.778999999999996,706.5700000000002,-0.03979393407588774,-5.915903590584789e-05,0.025162404291153025,-0.014691537993404754
LLLYALLFALLLILLVTLILI_1,110011001100110000,1,-58.9494,-58.9494,-58.9494,-238.372,-239.935,-251.929,-355.903,4713.26,3938.98,3833.67,-10.3541,132.888,-68.9359,75.8699,-45.0249,-42.7394,96.5342,-43.9406,9.16845,5.94303,5.89104,126.322,-38.8884,87.4303,-44.355,-220.884,8.3134,4.13635,3.9478,1,LLLYALLFALLLILLVTLILI,YALLFALLLILLVTL,0.2466844911942445,0.0275976584599302,R,99999900.0,-23.911,0.0,13.556999999999988,774.2800000000002,-0.030881593222090192,0.0,0.017509169809371266,-0.013372552564963577
LLLYSLLAVLLAILLTLLILI_2,110011001100110000,1,-71.7705,-68.5833,-58.8512,-229.632,-223.448,-249.174,-366.534,4633.16,4015.91,3881.62,-10.3504,649.97,-75.4824,575.466,-58.509,-60.6946,79.4033,-42.7688,9.43715,6.32365,6.0147,623.599,-63.3956,71.5364,-35.2166,283.435,8.8874,5.66675,5.2398,2,LLLYSLLAVLLAILLTLLILI,YSLLAVLLAILLTLL,0.2581130400179932,0.0275222869314111,R,99999900.0,-16.973399999999998,-12.9193,19.542,617.25,-0.02749842041312272,-0.020930417172944513,0.03165978128797084,-0.016768570271364927
LLLTYLLTILLAALLSLLILI_0,110011001100110000,1,-90.76,-74.3811,-74.0863,-228.243,-228.669,-251.74,-384.076,4589.53,3818.75,3824.98,-10.3366,-5.30934,-75.41,-86.3358,-58.2495,-66.2129,55.3257,-41.9175,8.26648,3.90091,3.23079,0.434896,-68.2683,51.1623,-39.0156,-389.385,8.2586,3.64716,2.9146,0,LLLTYLLTILLAALLSLLILI,TYLLTILLAALLSLL,0.3382308861453309,0.0314225302047608,R,99999900.0,-17.1605,-16.67370000000001,23.497000000000014,770.7799999999997,-0.022263810685279852,-0.021632242663276183,0.030484703806533668,-0.013410571109784898
LLLYSLLFVLLAILLTLLILI_2,110011001100110000,1,-70.92,-68.5833,-58.8512,-233.505,-227.263,-253.886,-359.636,4692.93,4028.8,3890.49,-10.3335,648.36,-65.545,584.569,-46.8996,-60.2785,79.2025,-41.5375,9.53652,6.23412,5.92215,428.054,-63.3956,71.5364,-35.2166,288.723,8.8874,5.66675,5.2398,2,LLLYSLLFVLLAILLTLLILI,YSLLFVLLAILLTLL,0.2497117787456505,0.0673796104006832,R,99999900.0,-18.645400000000002,-12.068800000000003,20.381,664.1300000000001,-0.028074925089967326,-0.01817234577567645,0.0306882688630238,-0.015559453721409964
LLLAVLLYTLLAFLLSLLILI_0,110011001100110000,1,-73.3285,-74.16,-74.1227,-232.709,-227.88,-247.632,-366.097,4595.34,3929.06,3807.21,-10.3267,-4.7714,-70.3866,-68.8286,-44.342,-63.433,60.7981,-40.4419,8.89569,4.22269,3.63466,-4.50874,-63.1873,55.2127,-36.6493,-370.869,8.5138,3.43181,2.76,0,LLLAVLLYTLLAFLLSLLILI,AVLLYTLLAFLLSLL,0.7705049919416078,0.1305495501513681,R,99999900.0,-26.044600000000003,0.7941999999999894,14.923000000000002,666.2800000000002,-0.039089571951731995,0.0011919913549858754,0.022397490544515813,-0.015499039442876865
LLLAALLIALLLTLLFVLILI_2,110011001100110000,1,-59.4277,-58.0585,-58.7636,-225.277,-224.327,-240.363,-357.966,4552.91,3918.41,3987.05,-10.3257,-3.0798,-83.5872,-78.6607,-58.8391,-24.4129,94.9192,-41.578,8.69492,2.97603,2.89981,-5.8581,-22.5179,92.1154,-45.0,-363.682,8.7339,2.31327,2.195,2,LLLAALLIALLLTLLFVLILI,AALLIALLLTLLFVL,0.4560430209989861,0.0455980806499729,R,99999900.0,-24.748099999999994,-0.6641000000000048,15.086000000000013,634.5,-0.039004097714736,-0.001046650906225382,0.023776201733648562,-0.016273758865248227
LLLVYLLLALLFILLSILILI_2,110011001100110000,1,-66.8471,-66.6074,-60.3664,-233.988,-231.326,-248.831,-365.947,4650.82,3961.51,3946.04,-10.3146,23.0325,-75.4266,-44.9819,-56.7503,-26.0333,81.3558,-48.1841,9.26793,1.38803,1.10837,25.3507,-23.8784,81.123,-44.2433,-344.338,8.4762,1.03336,0.750204,2,LLLVYLLLALLFILLSILILI,VYLLLALLFILLSIL,0.2219731252003834,0.0724982934391601,R,99999900.0,-18.67629999999999,-6.480699999999999,14.84299999999999,689.3099999999995,-0.02709419564492029,-0.009401720561140857,0.02153312733022878,-0.01496365931148541
LLLLYLLLIVLTSLLFSLILI_1,110011001100110000,1,-89.6344,-82.7199,-89.5398,-229.994,-221.887,-250.466,-381.727,4619.6,3816.25,3598.24,-10.2979,7495.68,-72.3967,7418.56,-41.7212,-12.5954,91.9096,31.5555,9.62634,0.797109,0.675753,6488.43,-14.6826,87.4327,18.0,7107.12,8.5,0.50581,0.317301,1,LLLLYLLLIVLTSLLFSLILI,LYLLLIVLTSLLFSL,0.2786212924393297,0.1457991182578607,L,99999900.0,-30.675499999999992,-0.0945999999999998,20.47200000000001,803.3500000000004,-0.03818447750046677,-0.00011775689301051814,0.025483288728449616,-0.012818696707537183
LLLVALLLALLTSLLFILILI_0,110011001100110000,1,-74.3239,-74.3239,-74.3239,-228.574,-221.703,-242.31,-373.279,4574.95,3972.49,4016.99,-10.2547,1.57978,-80.6354,-75.6721,-56.6449,-24.016,102.808,-44.7067,8.06174,3.98145,4.02356,1.61478,-22.5179,92.1154,-45.0,-371.699,8.7339,2.31327,2.195,0,LLLVALLLALLTSLLFILILI,VALLLALLTSLLFIL,0.5870726574376707,0.0570137277891522,R,99999900.0,-23.990500000000004,0.0,13.73599999999999,602.46,-0.03982090097267869,0.0,0.022799853932211248,-0.017021379012714534
LLLLIVLLFLLATLISLLILI_2,110011001100110000,1,-74.1808,-74.1808,-74.1808,-226.086,-211.462,-245.451,-377.796,4608.21,3727.47,3631.73,-10.2432,97524.0,-87.7715,97431.8,-58.1641,-54.4486,69.3679,29.8535,9.28097,4.03196,3.57248,51577.4,-60.0299,56.8654,19.5041,97132.0,8.5832,3.18132,2.5343,2,LLLLIVLLFLLATLISLLILI,LIVLLFLLATLISLL,0.2940941728745118,0.0744740187824819,L,99999900.0,-29.607400000000005,0.0,19.36499999999998,880.7400000000002,-0.03361650430319958,0.0,0.02198719258805093,-0.011630220042237207
LLLYSLLVILLATLLTLLILI_1,110011001100110000,1,-79.3344,-72.664,-72.5506,-238.128,-234.74,-252.348,-377.596,4651.6,3938.12,3817.85,-10.2298,2354.82,-70.3631,2284.62,-52.6971,-47.3345,75.8798,-38.5312,9.91123,3.84395,3.48214,2335.79,-46.3688,65.1745,-35.0,1965.56,8.3786,2.25388,1.7315,1,LLLYSLLVILLATLLTLLILI,YSLLVILLATLLTLL,0.2329128390506866,0.0346778949885595,R,99999900.0,-17.666000000000004,-6.783799999999999,14.220000000000027,713.4800000000005,-0.02476032965184727,-0.009508045074844417,0.019930481583225905,-0.014337893143465818
LLLVYLLTALLAALLSFLILI_1,110011001100110000,1,-75.6814,-80.4306,-74.1591,-236.12,-222.675,-240.025,-351.184,4583.69,4299.75,3670.71,-10.2273,1007.33,-49.61,959.252,-36.9998,-13.4247,106.211,-30.4498,11.541,2.85221,2.94538,652.67,-12.6474,89.5679,-35.0,947.521,8.0,0.488782,0.332301,1,LLLVYLLTALLAALLSFLILI,VYLLTALLAALLSFL,0.3181339982510286,0.0378782742665814,R,99999900.0,-12.610199999999999,-1.5223000000000013,3.905000000000001,283.9399999999996,-0.04441149538634929,-0.005361343945904077,0.01375290554342469,-0.03601922941466512
LLLTYLLALLLGVLLISLILI_0,110011001100110000,1,-77.0408,-70.2348,-60.2923,-231.141,-228.063,-250.281,-372.272,4637.44,3743.16,3491.54,-10.2267,755998.0,-74.3173,755924.0,-61.6989,-64.5656,53.7968,-46.6291,8.70839,3.44741,2.75436,687678.0,-59.4498,45.2469,-38.8459,755626.0,6.6517,1.5258,0.704503,0,LLLTYLLALLLGVLLISLILI,TYLLALLLGVLLISL,0.27284606288726,0.0384438529407848,G,99999900.0,-12.618400000000001,-16.748500000000007,19.140000000000015,894.2799999999997,-0.014110122109406455,-0.018728474303350194,0.021402692668962765,-0.011435680100192335
LLLAALLYVLLSLLITLLILI_1,110011001100110000,1,-74.3089,-74.23,-74.3089,-235.523,-231.343,-245.489,-379.154,4564.72,3892.15,3656.67,-10.2198,907.456,-79.5416,833.875,-59.3553,-96.7842,29.6581,20.7638,9.75532,5.02147,3.96634,842.342,-105.336,9.98133,18.0,522.799,8.8545,3.64788,2.2976,1,LLLAALLYVLLSLLITLLILI,AALLYVLLSLLITLL,0.6840549453386747,0.0614663203317027,L,99999900.0,-20.186300000000003,0.0,9.966000000000008,672.5700000000002,-0.030013678873574496,0.0,0.014817788482983192,-0.015195146973549217
LLLLVLLISLLAALLTWLILI_0,110011001100110000,1,-74.1716,-74.1716,-74.1716,-233.165,-222.246,-246.023,-386.475,4524.79,3935.65,3857.55,-10.216,0.292929,-89.3545,-89.7645,-66.2807,-40.9762,89.6738,-44.6803,8.93494,4.7524,4.59751,2.41343,-37.8953,80.5167,-43.883,-386.182,8.888,3.05405,2.7618,0,LLLLVLLISLLAALLTWLILI,LVLLISLLAALLTWL,0.3373830914321507,0.056842612837919,R,99999900.0,-23.073800000000006,0.0,12.858000000000004,589.1399999999999,-0.03916522388566387,0.0,0.021825033099093605,-0.017340530264453275
LLLAYLLVLLLATLLSFLILI_0,110011001100110000,1,-74.1234,-73.1876,-74.1234,-228.863,-227.679,-247.749,-365.466,4634.77,3864.56,3807.55,-10.1925,-8.29478,-72.672,-72.8945,-43.5935,-74.5939,53.7974,-44.8311,8.6173,4.95174,4.2587,-9.01493,-76.864,48.8373,-44.7359,-373.761,8.5339,4.62264,3.8552,0,LLLAYLLVLLLATLLSFLILI,AYLLVLLLATLLSFL,0.3495070647110619,0.0600410945123162,R,99999900.0,-29.0785,0.0,18.885999999999996,770.2100000000005,-0.03775398917178429,0.0,0.024520585294919545,-0.013233403876864743
LLLTYLLVALLATLLSLLILI_2,110011001100110000,1,-81.3316,-81.0888,-74.0585,-230.853,-229.732,-250.501,-381.337,4582.77,3882.8,3891.78,-10.1793,-8.23448,-79.332,-78.7511,-56.7775,-40.1225,70.9541,-38.2222,8.10442,2.09717,1.66148,-6.69703,-40.3331,65.2509,-36.934,-389.074,8.0,1.35884,0.837604,2,LLLTYLLVALLATLLSLLILI,TYLLVALLATLLSLL,0.367038255452388,0.0075446383019925,R,99999900.0,-22.55449999999999,-7.2730999999999995,19.647999999999996,699.9700000000003,-0.0322220952326528,-0.010390588168064341,0.02806977441890365,-0.014542480392016794
LLLTALLFVLLAILLSLLILI_2,110011001100110000,1,-60.5039,-59.7726,-60.3872,-232.264,-233.034,-247.874,-368.146,4658.3,3926.06,3826.43,-10.1541,-9.56877,-85.5325,-84.9088,-59.8855,-70.3921,58.585,-47.3299,8.41888,4.96779,4.34656,-6.7104,-66.1502,63.0091,-42.2689,-377.788,8.387,4.92876,4.3739,2,LLLTALLFVLLAILLSLLILI,TALLFVLLAILLSLL,0.4529710037717817,0.0488242224289865,R,99999900.0,-25.647,-0.11670000000000158,15.609999999999985,732.2400000000002,-0.03502540150770238,-0.00015937397574565927,0.021318147055610154,-0.01386717469682071
LLLYSLLTALLVALLALLILI_0,110011001100110000,1,-66.8929,-70.6603,-51.6189,-225.667,-225.582,-256.15,-365.678,4671.84,3884.97,3888.69,-10.1364,-6.38936,-83.2539,-75.8246,-57.9085,-33.8096,89.4471,-42.5495,8.10109,3.6468,3.48851,-5.3627,-38.8884,87.4303,-44.355,-372.067,8.3134,4.13635,3.9478,0,LLLYSLLTALLVALLALLILI,YSLLTALLVALLALL,0.3562606607820032,0.029949245463667,R,99999900.0,-25.345400000000005,-15.274000000000001,30.482999999999976,786.8700000000003,-0.0322104032432295,-0.019411084423094024,0.03873956307903461,-0.012881924587288873
LLLLYLLVILLATLLALLILI_0,110011001100110000,1,-58.8513,-58.8513,-58.8513,-226.723,-209.601,-244.508,-368.248,4626.35,3699.1,3703.34,-10.1083,99.5593,-92.7824,-0.236518,-64.8892,-63.0553,68.6229,13.6336,9.81576,5.22238,4.75172,100.538,-67.0014,49.6286,18.3874,-268.689,9.5,3.25007,2.4945,0,LLLLYLLVILLATLLALLILI,LYLLVILLATLLALL,0.375427098709149,0.147104081167289,L,99999900.0,-27.893199999999993,0.0,17.784999999999997,927.2500000000005,-0.03008163925586409,0.0,0.01918037206794283,-0.010901375033701801
LLLYALLFLLVILLASLLILI_0,110011001100110000,1,-60.4312,-60.4312,-60.4312,-229.289,-222.654,-250.708,-357.184,4733.84,3896.2,3893.08,-10.1045,6.38408,-77.5675,-67.7147,-46.0443,-111.444,27.4671,22.8977,9.54391,6.92462,5.83663,5.36501,-115.338,12.8154,28.0,-350.799,9.178,5.53078,4.22301,0,LLLYALLFLLVILLASLLILI,YALLFLLVILLASLL,0.3415456186115959,0.0783756082059713,L,99999900.0,-31.523199999999996,0.0,21.41900000000001,837.6400000000003,-0.03763335084284416,0.0,0.025570650876271434,-0.012063058115658273
LLLYSLLLILLAVLLIFLILI_1,110011001100110000,1,-45.101,-52.7519,-45.101,-247.393,-234.113,-254.957,-352.633,4743.64,4315.74,3766.27,-10.1028,29089.9,-70.2412,29024.2,-52.5743,-46.6657,80.5771,-43.773,10.6937,4.37776,4.08642,25707.8,-38.6138,67.2216,-35.9594,28731.9,8.7535,1.36698,0.875303,1,LLLYSLLLILLAVLLIFLILI,YSLLLILLAVLLIFL,0.163064087322169,0.0309791325317566,R,99999900.0,-17.666900000000005,0.0,7.563999999999993,427.90000000000055,-0.04128745033886418,0.0,0.017677027342837073,-0.02361018929656459
LLLVLLLTGLLAALLAYLILI_1,110011001100110000,1,-59.4706,-58.6912,-58.7499,-222.031,-217.327,-236.184,-351.833,4511.98,3819.06,3744.82,-10.0889,1605.61,-80.4206,1529.79,-56.8987,-39.1205,74.6673,-49.3475,7.68831,2.44816,2.06817,1550.75,-38.7525,65.3789,-42.5319,1247.35,7.4041,1.13902,0.619703,1,LLLVLLLTGLLAALLAYLILI,VLLLTGLLAALLAYL,0.2715211169361274,0.0111063958564796,G,99999900.0,-23.521899999999995,-0.7207000000000008,14.152999999999992,692.9199999999996,-0.03394605437857185,-0.0010400912082202869,0.02042515730531663,-0.014559978063845763
LLLALLLVTLLAALLSFLILI_2,110011001100110000,1,-74.1307,-67.2982,-74.1307,-226.119,-225.703,-239.088,-365.69,4524.03,4031.97,3911.68,-10.0492,5.59306,-75.4896,-67.0962,-52.4711,-57.5778,58.5149,-47.7111,7.90093,3.03617,2.4139,-3.4952,-56.568,53.9293,-45.0,-369.86,8.1133,2.26566,1.5746,2,LLLALLLVTLLAALLSFLILI,ALLLVTLLAALLSFL,0.3241454437847086,0.0834632971958802,R,99999900.0,-23.018499999999996,0.0,12.968999999999994,492.05999999999995,-0.04677986424419786,0.0,0.02635654188513595,-0.02042271267731578
LLLAALLLILTALLYVLLILI_2,110011001100110000,1,-58.9052,-58.9052,-58.8808,-222.645,-221.639,-243.374,-364.041,4579.72,3668.07,3717.88,-10.0336,-6.22369,-92.5248,-89.7211,-61.7868,-114.238,7.68984,19.6166,9.39866,4.67388,3.28923,-6.72546,-115.762,1.87941,19.6398,-370.858,9.2964,4.11802,2.64621,2,LLLAALLLILTALLYVLLILI,AALLLILTALLYVLL,0.3613266732040079,0.0369664391161009,L,99999900.0,-30.738,-0.024399999999999977,20.728999999999985,911.6500000000001,-0.03371688696319859,-2.6764657489167965e-05,0.022737892831678805,-0.011005978171447375
LLLYALLLTLLVALLSILILI_0,110011001100110000,1,-74.2687,-74.2687,-74.2687,-232.258,-229.639,-249.021,-377.742,4645.81,3897.72,3886.17,-10.0296,-7.03235,-81.2451,-80.8662,-54.4525,-35.298,85.8368,-41.8785,8.32934,3.38267,3.17022,-6.93575,-37.8829,78.3957,-41.3335,-384.774,8.3984,2.76586,2.4418,0,LLLYALLLTLLVALLSILILI,YALLLTLLVALLSIL,0.3430245287538557,0.0334652658311673,R,99999900.0,-26.792599999999993,0.0,16.762999999999977,748.0900000000006,-0.035814674704915145,0.0,0.022407731690037246,-0.01340694301487788
LLLAYLLAALLVSLLTLLILI_2,110011001100110000,1,-74.2976,-74.2976,-74.2976,-224.28,-220.922,-242.662,-372.806,4547.53,3754.7,3788.35,-10.0238,-7.20814,-84.2528,-84.7952,-55.8463,-16.3655,91.9678,-37.4155,8.72571,1.37047,1.24998,-6.00596,-12.2363,93.4904,-35.6757,-379.429,9.0,0.956644,0.858999,2,LLLAYLLAALLVSLLTLLILI,AYLLAALLVSLLTLL,0.3813755774448237,0.0766805571793668,R,99999900.0,-28.406499999999994,0.0,18.382000000000005,792.8299999999999,-0.03582924460477025,0.0,0.023185298235435095,-0.01264306345622643
LLLLYVLLIILATLLFSLILI_1,110011001100110000,1,-74.2185,-74.2185,-74.2185,-235.593,-230.61,-247.963,-364.613,4611.52,3784.68,3581.33,-10.0196,115.179,-64.8215,55.3947,-42.4319,-59.8777,75.5322,16.6565,10.5943,5.67851,5.31149,116.299,-62.5739,62.4261,19.1703,-259.272,9.1885,4.31361,3.75,1,LLLLYVLLIILATLLFSLILI,LYVLLIILATLLFSL,0.2854459031179719,0.0439357310642911,L,99999900.0,-22.3896,0.0,12.370000000000005,826.8400000000006,-0.027078515795075208,0.0,0.014960572783126113,-0.012117943011949099
LLLAYLLAALLTVLLSLLILI_0,110011001100110000,1,-74.2827,-74.3613,-74.3613,-227.756,-226.314,-242.716,-372.753,4561.47,3681.36,3754.12,-10.0167,94.9805,-80.7308,22.9034,-55.6759,-28.9616,94.4747,-35.3751,9.24707,3.59834,3.51546,91.5779,-33.6554,88.0879,-35.0711,-277.772,8.8071,3.44018,3.2615,0,LLLAYLLAALLTVLLSLLILI,AYLLAALLTVLLSLL,0.4376806268284636,0.0551856412807411,R,99999900.0,-25.054900000000004,0.07859999999999445,14.960000000000008,880.1100000000001,-0.028467918782879412,8.930701844087039e-05,0.016997875265591808,-0.011381190987490198
LLLASLLTILVALLLSLLILI_2,110011001100110000,1,-83.9213,-78.8781,-74.0546,-221.555,-222.737,-250.211,-392.619,4505.7,3712.49,3629.76,-10.0088,1.31648,-97.1512,-89.6875,-68.3533,-107.605,9.99022,30.8279,8.95513,3.98937,2.63922,1.09756,-108.645,3.22496,28.0,-396.059,8.9405,3.23212,1.78049,2,LLLASLLTILVALLLSLLILI,ASLLTILVALLLSLL,0.4311040431184378,0.0657364470500245,L,99999900.0,-28.7979,-9.866700000000009,28.656000000000006,793.21,-0.03630551808474426,-0.012438950593159451,0.03612662472737359,-0.012618096090568702
LLLFVLLIALLATLLSLLILI_0,110011001100110000,1,-74.196,-74.196,-74.196,-230.622,-226.742,-240.805,-369.94,4643.33,4025.0,3976.54,-9.99564,-5.12947,-75.1181,-74.132,-54.9395,-16.8081,97.5629,-44.1925,8.915,2.19221,2.15565,-4.46907,-14.3135,93.6678,-45.0,-375.07,9.0,1.29218,1.1972,0,LLLFVLLIALLATLLSLLILI,FVLLIALLATLLSLL,0.2923388966667399,0.0466379501646824,R,99999900.0,-20.178599999999996,0.0,10.182999999999993,618.3299999999999,-0.03263403037213138,0.0,0.016468552391118,-0.016165542671389067
LLLYALLLSLLFALLTILILI_2,110011001100110000,1,-74.2287,-66.9371,-74.1993,-233.173,-228.241,-251.424,-367.185,4675.14,3873.6,3694.94,-9.99257,2825.68,-69.7753,2753.67,-41.5614,-53.4524,83.9019,-45.4597,8.51987,5.84462,5.60315,2219.44,-54.1112,74.7115,-35.0,2449.41,8.1658,4.70273,4.3234,2,LLLYALLLSLLFALLTILILI,YALLLSLLFALLTIL,0.5147424045686388,0.0714868816220558,R,99999900.0,-28.213900000000002,-0.02940000000000964,18.251000000000005,801.5400000000004,-0.03519961573970106,-3.667939217008462e-05,0.022769917908027043,-0.01246671407540484
LLLYVLLIILLALLLAFLILI_0,110011001100110000,1,-45.0659,-45.0659,-45.0659,-239.113,-230.029,-252.309,-352.298,4696.2,4114.5,3790.31,-9.99057,1215.98,-78.1093,1138.78,-54.9225,-48.0851,71.8394,-49.1074,9.42476,3.41108,2.98868,471.556,-53.6458,55.2229,-41.7266,863.686,8.6181,2.00196,1.3303,0,LLLYVLLIILLALLLAFLILI,YVLLIILLALLLAFL,0.2197447147340398,0.0894720185724793,R,99999900.0,-23.186800000000005,0.0,13.195999999999998,581.6999999999998,-0.03986040914560772,0.0,0.022685232937940523,-0.017174780814853022
LLLFYLLIVLLGLLLGTLILI_2,110011001100110000,1,-58.7456,-67.6935,-58.7456,-229.066,-220.252,-244.344,-341.988,4674.61,3943.59,3625.79,-9.95414,1491.16,-64.1312,1437.11,-38.899,-61.2415,64.7458,-51.5919,9.10331,4.4269,3.89809,1160.28,-70.5949,52.7477,-43.07,1149.17,6.8566,4.21018,3.5014,2,LLLFYLLIVLLGLLLGTLILI,FYLLIVLLGLLLGTL,0.3383717877833387,0.0930288231535907,G,99999900.0,-25.232200000000006,0.0,15.277999999999992,731.0199999999995,-0.03451642909906709,0.0,0.020899564991381906,-0.013616782030587408
LLLYSLLLALLITLLVFLILI_2,110011001100110000,1,-67.2264,-54.9667,-58.8092,-232.448,-224.087,-253.476,-358.513,4715.3,4129.77,3795.51,-9.93428,532.317,-68.7726,452.858,-46.2275,-47.8933,78.7592,-45.6168,8.78547,4.31649,3.99788,363.185,-59.0896,67.569,-38.1162,173.804,8.0324,4.48526,3.9988,2,LLLYSLLLALLITLLVFLILI,YSLLLALLITLLVFL,0.2082763987897371,0.0532140252171367,R,99999900.0,-22.545099999999998,-8.417200000000001,21.02799999999999,585.5299999999997,-0.03850374874045737,-0.014375352244974646,0.035912762796099264,-0.0169663040322443
LLLLAYLTVLLSILALLLILI_2,110011001100110000,1,-74.3184,-70.6957,-74.3763,-235.159,-226.631,-244.058,-374.66,4589.64,3976.39,3806.85,-9.9025,28.9472,-75.0851,-48.3858,-56.2252,-95.428,46.8911,22.9553,9.71052,7.1445,6.34787,31.7638,-94.2488,32.0172,18.3479,-342.541,9.3079,4.95964,3.9399,2,LLLLAYLTVLLSILALLLILI,LAYLTVLLSILALLL,0.2671082089530589,0.0355499338122967,L,99999900.0,-18.859899999999996,0.057900000000003615,8.899000000000001,613.2500000000005,-0.030754015491235194,9.441500203832625e-05,0.01451121076233183,-0.016147574398695463
LLLSYLLVLLLILLLTFLILI_0,110011001100110000,1,-76.9069,-71.2457,-58.8832,-240.55,-239.358,-263.452,-379.206,4705.59,4032.26,3791.86,-9.90238,1300.16,-71.651,1231.56,-56.8704,-78.187,56.7894,-42.3019,10.4226,5.89462,5.24646,1275.53,-77.6256,57.7497,-43.493,920.952,8.7997,5.94005,5.3063,0,LLLSYLLVLLLILLLTFLILI,SYLLVLLLILLLTFL,0.2651666932873194,0.0745511253257755,R,99999900.0,-14.7806,-18.02369999999999,22.901999999999987,673.3299999999999,-0.021951494809380245,-0.02676800380199901,0.03401303966851319,-0.014706577755335425
LLLTALLVALLLALLFSLILI_2,110011001100110000,1,-58.734,-60.3561,-60.3561,-227.587,-226.167,-244.19,-363.906,4555.95,3753.24,3754.56,-9.89491,19.1953,-87.4803,-58.1882,-59.3606,-26.1782,85.266,-37.7803,8.13732,1.93764,1.71663,15.0571,-15.4874,85.0293,-35.0,-349.741,8.24,0.30206,0.0774989,2,LLLTALLVALLLALLFSLILI,TALLVALLLALLFSL,0.5455376523337884,0.0348573216829279,R,99999900.0,-28.1197,1.622099999999996,16.60300000000001,802.71,-0.0350309576310249,0.002020779609074256,0.02068368402038097,-0.012326880193345043
LLLTALLLVLLAILLSFLILI_1,110011001100110000,1,-64.2888,-62.6511,-60.4179,-231.193,-231.548,-246.667,-366.624,4575.09,4037.4,3893.4,-9.88274,-5.02648,-81.0255,-77.4521,-59.5398,-52.3734,52.4619,-51.1864,8.25379,1.43836,0.725289,-7.35868,-52.2236,53.6517,-43.5176,-374.05,8.4549,1.57652,0.881296,1,LLLTALLLVLLAILLSFLILI,TALLLVLLAILLSFL,0.2834453447862974,0.0499724419992005,R,99999900.0,-21.485699999999994,-3.870899999999992,15.47399999999999,537.69,-0.03995927021146012,-0.00719912960999831,0.028778664286112792,-0.018379995908423066
LLLYVLLGLLLIFLLSTLILI_1,110011001100110000,1,-74.1432,-74.0882,-74.0812,-252.743,-251.855,-252.427,-366.73,4666.42,4405.13,3676.19,-9.88099,333500.0,-49.725,333459.0,-40.2217,-92.3071,47.7473,-49.5649,10.4491,6.79194,6.00815,166344.0,-92.7718,28.0376,-44.4465,333422.0,7.5,4.20084,3.1214,1,LLLYVLLGLLLIFLLSTLILI,YVLLGLLLIFLLSTL,0.278716003517072,0.0338802982753638,G,99999900.0,-9.503300000000003,-0.06199999999999761,-0.3160000000000025,261.28999999999996,-0.03637069922308548,-0.0002372842435607854,-0.0012093842091163173,-0.037816181254544765
LLLTYLLAFLLIVLLGLLILI_2,110011001100110000,1,-44.9207,-50.2409,-44.9207,-235.863,-228.384,-252.325,-345.802,4669.73,4093.48,3477.11,-9.87586,2126730.0,-74.8937,2126660.0,-48.5563,-60.13,58.5826,-42.3782,10.6552,3.42814,2.80688,1945650.0,-58.412,47.2907,-35.7337,2126380.0,7.2954,1.64604,0.8554,2,LLLTYLLAFLLIVLLGLLILI,TYLLAFLLIVLLGLL,0.3181137192578561,0.0218296976861043,G,99999900.0,-26.337399999999995,0.0,16.46199999999999,576.2499999999995,-0.04570481561822128,0.0,0.028567462039045557,-0.0171381518438178
LLLYWLLLALLVILLSTLILI_0,110011001100110000,1,-74.1671,-58.7621,-74.1671,-244.657,-232.547,-256.167,-383.004,4716.02,4223.01,3702.18,-9.86702,401.23,-74.0463,309.536,-52.6695,-11.0411,111.617,-36.5477,10.4411,3.22448,3.39874,349.07,-15.029,89.2957,-37.6435,18.2266,8.2413,0.809265,0.6487,0,LLLYWLLLALLVILLSTLILI,YWLLLALLVILLSTL,0.3480990499176175,0.0204908468430816,R,99999900.0,-21.376800000000003,0.0,11.509999999999962,493.0100000000002,-0.04335976957871036,0.0,0.023346382426319867,-0.020013833390803423
LLLYALLFVLLILLASLLILI_0,110011001100110000,1,-60.4445,-60.4445,-60.4445,-226.64,-222.122,-250.732,-358.495,4710.29,3929.16,3898.07,-9.86618,-2.54677,-81.2775,-78.4755,-47.3192,-106.006,41.1462,25.1456,9.1597,7.95564,7.07284,-2.64343,-109.225,30.3317,25.4032,-361.042,9.5,6.97853,5.93351,0,LLLYALLFVLLILLASLLILI,YALLFVLLILLASLL,0.2358790758216586,0.0663436546367471,L,99999900.0,-33.9583,0.0,24.092000000000013,781.1300000000001,-0.04347330149911026,0.0,0.03084249740760182,-0.01263065046791187
LLLTSLLFALLGILLAALILI_2,110011001100110000,1,-49.8634,-49.1805,-44.9798,-221.55,-220.714,-249.16,-343.899,4634.59,3723.79,3583.5,-9.85708,351.267,-82.3429,277.262,-49.7596,-61.1845,76.5684,-44.9378,7.57752,6.0144,5.66293,253.185,-60.6829,69.0631,-38.9844,60.9024,7.1168,4.92595,4.4619,2,LLLTSLLFALLGILLAALILI,TSLLFALLGILLAAL,0.203528717438506,0.0080257051859606,G,99999900.0,-32.5833,-4.883600000000001,27.609999999999985,910.8000000000002,-0.035774374176548086,-0.005361879666227492,0.030314009661835728,-0.010822441809398328
LLLYWLLIVLALLLFSLLILI_2,110011001100110000,1,-60.4452,-60.4452,-60.4452,-242.052,-231.104,-259.544,-365.071,4793.84,3969.45,3810.39,-9.83776,8.11941,-72.4106,-65.4023,-45.0814,-100.416,40.5672,23.1392,9.95436,7.03904,6.14754,5.23316,-104.528,19.8573,25.1083,-362.494,9.5,4.85993,3.65779,2,LLLYWLLIVLALLLFSLLILI,YWLLIVLALLLFSLL,0.299277114680091,0.0347703433511884,L,99999900.0,-27.3292,0.0,17.49199999999999,824.3900000000003,-0.03315081454166109,0.0,0.02121811278642388,-0.011933381045379002
LLLYVLLATLLTFLLSLLILI_1,110011001100110000,1,-85.2815,-85.4701,-87.8824,-231.866,-227.825,-252.734,-374.988,4670.19,3917.34,3864.95,-9.81488,-6.36269,-67.6562,-68.0556,-34.3724,-80.7603,59.4359,-42.8961,8.58809,6.63789,6.02943,-7.51265,-78.4017,57.601,-44.604,-382.568,8.4867,6.03639,5.40041,1,LLLYVLLATLLTFLLSLLILI,YVLLATLLTFLLSLL,0.2953871853437927,0.0294725731078188,R,99999900.0,-33.2838,2.60090000000001,20.867999999999995,752.8499999999995,-0.044210400478182935,0.003454738659759596,0.027718669057581205,-0.013036966195125201
LLLTSLLFLLLGALLAYLILI_0,110011001100110000,1,-50.4938,-60.3864,-44.9612,-231.494,-228.211,-255.228,-344.068,4754.43,3807.37,3538.76,-9.81443,9162.24,-71.8943,9106.77,-43.8782,-54.3414,62.3742,-52.3216,7.31557,3.07173,2.50734,7628.04,-50.5887,64.17,-37.5151,8818.17,7.0583,2.75125,2.2138,0,LLLTSLLFLLLGALLAYLILI,TSLLFLLLGALLAYL,0.4430767800448651,0.0483365652270082,G,99999900.0,-28.0161,-5.532600000000002,23.73400000000001,947.0600000000004,-0.02958218064325385,-0.005841868519417988,0.025060714210292906,-0.010363049859565387
LLLTALLVALLIALLFLLILI_2,110011001100110000,1,-45.0773,-45.0773,-45.0773,-228.037,-226.055,-246.08,-350.921,4604.77,3762.93,3679.82,-9.80675,57.5184,-87.6129,-22.27,-59.7631,-20.3805,91.6085,-42.6032,8.21927,1.92422,1.79835,56.2486,-14.8656,89.0751,-39.4069,-293.402,8.0,0.754973,0.591099,2,LLLTALLVALLIALLFLLILI,TALLVALLIALLFLL,0.4794202771506146,0.1408872155079278,R,99999900.0,-27.849799999999995,0.0,18.043000000000006,841.8400000000006,-0.03308205834837971,0.0,0.021432813836358446,-0.011649185118312259
LLLYLLLAILLIFLLSTLILI_2,110011001100110000,1,-74.1042,-70.6415,-74.0331,-242.642,-238.901,-254.548,-370.94,4769.01,4134.13,3709.68,-9.7998,1333120.0,-63.9939,1333060.0,-42.3588,-58.7491,65.7106,-38.6445,10.3177,4.18329,3.66895,1301700.0,-61.1438,57.1136,-44.3354,1332750.0,6.8899,3.3819,2.7386,2,LLLYLLLAILLIFLLSTLILI,YLLLAILLIFLLSTL,0.1717093795396132,0.1074395736397539,G,99999900.0,-21.635099999999994,-0.07110000000000127,11.906000000000006,634.8800000000001,-0.03407746345766127,-0.00011198966733871166,0.01875315020161291,-0.015435672883064513
LLLTYLLLVLLAILLSALILI_0,110011001100110000,1,-60.5346,-62.6511,-60.4179,-234.823,-234.278,-250.054,-375.122,4613.71,3869.01,3946.07,-9.7663,-5.6381,-89.5314,-83.8315,-64.6502,-58.5053,52.8616,-41.435,8.45218,2.4121,1.70502,-5.33069,-52.2236,53.6517,-43.5176,-380.76,8.4549,1.57652,0.881296,0,LLLTYLLLVLLAILLSALILI,TYLLLVLLAILLSAL,0.3050405074726199,0.0947023020944672,R,99999900.0,-24.881200000000007,-0.11669999999999447,15.230999999999995,744.6999999999998,-0.03341103800187997,-0.00015670739895259098,0.020452531220625753,-0.013114408486638918
LLLVALLLALLFILLSTLILI_1,110011001100110000,1,-74.0912,-74.9751,-74.1211,-230.791,-231.543,-242.519,-375.202,4553.93,3941.67,3673.65,-9.72655,211.236,-80.0461,142.552,-58.5617,-32.5418,91.4573,-32.1072,10.0003,3.72801,3.59987,204.643,-32.5709,73.9857,-37.3157,-166.322,8.2281,1.37371,0.983496,1,LLLVALLLALLFILLSTLILI,VALLLALLFILLSTL,0.2753310791263549,0.0539347816706908,R,99999900.0,-21.484399999999994,0.029899999999997817,11.728000000000009,612.2600000000002,-0.03509032110541271,4.883546205859897e-05,0.019155260836899363,-0.015886306471107038
LLLLVLLTGLLFILLYALILI_0,110011001100110000,1,-58.7605,-58.7605,-58.7605,-231.874,-225.226,-245.714,-349.606,4663.6,3995.5,3678.4,-9.72487,1150.74,-68.6966,1085.12,-45.1312,-28.6364,88.8932,-43.88,9.1475,2.79603,2.62943,1060.69,-36.3206,72.3714,-40.8966,801.135,7.2598,1.71823,1.3038,0,LLLLVLLTGLLFILLYALILI,LVLLTGLLFILLYAL,0.2276334135911991,0.0143664780355798,G,99999900.0,-23.565400000000004,0.0,13.840000000000003,668.1000000000004,-0.03527226463104324,0.0,0.020715461757221967,-0.014556009579404271
LLLAALLFALLTVLLSLLILI_2,110011001100110000,1,-74.2827,-74.3613,-74.3613,-225.192,-224.54,-239.422,-366.046,4542.74,3847.16,3764.24,-9.70645,105.394,-76.2775,38.2504,-52.2626,-32.873,90.3194,-38.7014,8.69918,3.62407,3.47886,75.1955,-33.6554,88.0879,-35.0711,-273.498,8.8071,3.44018,3.2615,2,LLLAALLFALLTVLLSLLILI,AALLFALLTVLLSLL,0.5127577758436925,0.0864477797326016,R,99999900.0,-24.014900000000004,0.07859999999999445,14.22999999999999,695.5799999999999,-0.03452500071882459,0.00011299922366944774,0.02045774749130221,-0.013954469651226317
LLLYALLTILLVALLFLLILI_0,110011001100110000,1,-58.9263,-51.6285,-58.9263,-240.658,-237.554,-252.149,-352.847,4742.17,4179.48,3821.84,-9.69867,83.0159,-62.9617,19.3511,-41.7723,-39.2705,88.2467,-45.2648,10.595,4.30388,4.12758,84.5793,-35.5651,88.7149,-39.2404,-269.831,9.0,3.81128,3.642,0,LLLYALLTILLVALLFLLILI,YALLTILLVALLFLL,0.2823231845178529,0.0176422846759549,R,99999900.0,-21.1894,0.0,11.491000000000014,562.6900000000005,-0.03765732463701146,0.0,0.020421546499848946,-0.017236257975083956
LLLLIFLLIVLYLLLSTLILI_0,110011001100110000,1,-74.2187,-74.1389,-74.2187,-241.838,-229.1,-252.19,-376.316,4591.18,3966.21,3638.74,-9.68821,51.5726,-69.947,-21.5043,-49.9071,-56.3651,73.9773,25.1339,11.1799,4.9417,4.55136,51.8972,-52.6824,67.6516,25.6825,-324.743,9.1288,3.53533,3.0501,0,LLLLIFLLIVLYLLLSTLILI,LIFLLIVLYLLLSTL,0.1852576880306837,0.1332711270403725,L,99999900.0,-20.039900000000003,0.0,10.352000000000004,624.9700000000003,-0.032065379138198624,0.0,0.016563995071763444,-0.015501880090244325
LLLVALLIALLFTLLILLILI_1,110011001100110000,1,-58.8866,-58.8866,-58.8866,-229.058,-225.784,-244.534,-364.191,4646.75,3771.03,3752.05,-9.68247,-6.91245,-85.9292,-86.4331,-60.7707,-37.6043,96.5751,-39.1848,8.76101,5.17829,5.12691,-0.516692,-35.9255,91.0265,-40.2111,-366.632,8.8691,4.1774,4.0428,1,LLLVALLIALLFTLLILLILI,VALLIALLFTLLILL,0.4818157690276208,0.0323807898403202,R,99999900.0,-25.158499999999997,0.0,15.475999999999999,875.7199999999998,-0.02872893162197963,0.0,0.01767231535193898,-0.011056582012515418
LLLALLLVTLLAILLSALILI_1,110011001100110000,1,-74.2753,-77.8072,-74.1591,-225.106,-224.444,-237.484,-380.015,4491.48,3965.58,3887.26,-9.63897,-8.15412,-90.2722,-85.9172,-68.3711,-59.6453,55.3499,-47.7889,8.87389,2.91903,2.24928,-4.53513,-51.3087,52.0453,-45.0,-384.548,8.5127,1.22242,0.503099,1,LLLALLLVTLLAILLSALILI,ALLLVTLLAILLSAL,0.3300320805625265,0.0448313039863174,R,99999900.0,-21.9011,-0.1162000000000063,12.378000000000014,525.8999999999996,-0.041644989541738,-0.00022095455409774933,0.02353679406731322,-0.018328522532800925
LLLYWLLTALLLILLFVLILI_2,110011001100110000,1,-58.8639,-58.8709,-58.8477,-246.229,-242.65,-259.13,-360.744,4772.07,4055.56,3777.23,-9.62224,283.146,-65.2733,223.923,-42.7657,-21.1945,92.3184,-44.1441,9.75375,2.14217,2.02694,206.874,-15.7577,89.9497,-39.1893,22.6104,8.0,1.00686,0.856105,2,LLLYWLLTALLLILLFVLILI,YWLLTALLLILLFVL,0.1931731151509133,0.0329735174544656,R,99999900.0,-22.507600000000004,-0.016199999999997772,12.900999999999982,716.5099999999998,-0.03141282047703453,-2.260959372513681e-05,0.018005331398026528,-0.013429317106530269
LLLYLLLGALLIVLLSTLILI_0,110011001100110000,1,-74.1216,-75.1694,-74.1216,-234.561,-223.383,-246.868,-373.033,4642.32,4027.51,3694.3,-9.60858,3264.23,-73.959,3189.75,-52.0436,-65.5276,87.0425,-53.3208,8.3869,8.07988,7.88552,1759.06,-68.8165,69.6202,-43.3499,2891.19,7.0847,6.2212,5.7655,0,LLLYLLLGALLIVLLSTLILI,YLLLGALLIVLLSTL,0.1543168777820949,0.0311681511047647,G,99999900.0,-21.915400000000005,0.0,12.306999999999988,614.8099999999995,-0.035645809274410016,0.0,0.020017566402628452,-0.01562853564515868
LLLTVLLALLLGFLLGSLILI_2,110011001100110000,1,-60.3442,-60.3442,-60.3442,-229.305,-220.036,-238.886,-354.868,4500.03,4001.16,3568.39,-9.60802,273882.0,-74.8271,273807.0,-55.6382,-57.7114,66.0761,-46.594,9.86837,4.07698,3.56812,148316.0,-52.4326,53.6154,-37.48,273400.0,7.3254,1.60297,0.907201,2,LLLTVLLALLLGFLLGSLILI,TVLLALLLGFLLGSL,0.8504755450746764,0.0861926417300435,G,99999900.0,-19.188900000000004,0.0,9.580999999999989,498.8699999999999,-0.038464730290456446,0.0,0.019205404213522542,-0.019259566620562475
LLLAYLLFALLTILLSLLILI_0,110011001100110000,1,-74.2893,-74.1804,-74.3191,-237.883,-232.76,-248.0,-367.97,4614.22,3788.59,3743.88,-9.57586,98.2926,-65.3742,37.2626,-45.6509,-34.9234,96.6096,-38.1564,9.79223,4.78081,4.72995,98.6212,-33.6554,88.0879,-35.0711,-269.678,8.8071,3.44018,3.2615,0,LLLAYLLFALLTILLSLLILI,AYLLFALLTILLSLL,0.31181110215527,0.0907752992431679,R,99999900.0,-19.723300000000002,0.02980000000000871,10.11699999999999,825.6300000000001,-0.023888787955864008,3.6093649697817065e-05,0.012253672952775442,-0.01159824618775965
LLLYLLLIILVALLLSLLILI_1,110011001100110000,1,-60.3989,-60.3989,-60.3989,-239.193,-230.97,-252.86,-384.347,4692.74,3895.45,3738.52,-9.55879,4381.48,-94.314,4288.5,-71.0884,-102.444,18.7969,28.4123,10.6847,4.40414,3.18609,1504.1,-108.73,3.38007,19.3936,3984.72,9.4542,3.26581,1.81651,1,LLLYLLLIILVALLLSLLILI,YLLLIILVALLLSLL,0.2786139567507526,0.0593949919116001,L,99999900.0,-23.2256,0.0,13.667000000000002,797.29,-0.029130680179106725,0.0,0.01714181790816391,-0.011989100578208683
LLLTALLVALLILLLFILILI_1,110011001100110000,1,-45.1257,-45.1257,-45.1257,-236.458,-234.182,-249.302,-361.726,4605.52,3964.35,3749.7,-9.55579,62.3225,-89.6978,-20.096,-67.298,-64.0237,81.4357,-51.4955,8.96314,7.09738,6.81892,43.3116,-61.9577,72.2743,-44.5504,-317.147,8.5141,5.55069,5.13481,1,LLLTALLVALLILLLFILILI,TALLVALLILLLFIL,0.5605265286408573,0.0789316983774288,R,99999900.0,-22.3998,0.0,12.843999999999994,641.1700000000005,-0.0349358204532339,0.0,0.020032128764602187,-0.014903676092144037
LLLVALLIALLFILLSLLILI_0,110011001100110000,1,-60.3611,-60.2516,-60.3908,-233.523,-223.369,-243.364,-367.68,4586.44,3895.41,3749.76,-9.47097,14.7233,-83.2669,-69.336,-63.925,-35.5477,105.05,-39.0972,9.3836,6.01392,6.08967,14.6525,-35.9255,91.0265,-40.2111,-352.957,8.8691,4.1774,4.0428,0,LLLVALLIALLFILLSLLILI,VALLIALLFILLSLL,0.1936973590702348,0.0214694932641177,R,99999900.0,-19.34190000000001,0.029699999999998283,9.841000000000008,691.0299999999997,-0.0279899570206793,4.297932072413397e-05,0.014241060446000915,-0.01370558441746379
LLLLILLLILLAVLTFLLILI_2,110011001100110000,1,-58.9634,-58.9634,-58.9634,-241.613,-233.997,-247.051,-375.613,4598.05,4102.78,3641.36,-9.47013,83.6422,-84.5074,0.989529,-69.5993,-58.2943,70.7218,28.4965,11.7672,4.79159,4.35242,82.9166,-56.3533,55.5834,26.7658,-287.359,9.4989,2.45675,1.7905,2,LLLLILLLILLAVLTFLLILI,LILLLILLAVLTFLL,0.1204694468586542,0.1036448121044097,L,99999900.0,-14.908100000000005,0.0,5.437999999999988,495.27000000000044,-0.03010095503462756,0.0,0.010979869566095228,-0.019121146041553076
LLLSYLLAVLLGALLGTLILI_1,110011001100110000,1,-65.188,-64.8904,-58.7719,-218.027,-221.232,-244.702,-349.704,4488.53,3516.57,3584.13,-9.46944,7.51495,-75.958,-56.066,-46.2304,-73.6379,34.0005,-34.1922,7.56263,2.13576,1.14576,-2.63161,-71.6801,32.6466,-35.8841,-353.439,7.5,1.6593,0.648998,1,LLLSYLLAVLLGALLGTLILI,SYLLAVLLGALLGTL,0.8154693892256665,0.0748326782975202,G,99999900.0,-29.727599999999995,-6.4161,26.67500000000001,971.9599999999996,-0.030585209267871113,-0.006601197580147334,0.02744454504300591,-0.009742623153216187
LLLVALLTILLYLLASLLILI_1,110011001100110000,1,-74.2623,-74.2623,-74.2623,-236.034,-233.109,-244.486,-377.223,4583.76,3981.41,3861.17,-9.46479,-6.61058,-76.3914,-76.4625,-58.4749,-95.823,34.3702,26.3934,9.43305,5.51343,4.52898,-2.69614,-96.1052,25.5895,23.4724,-380.237,9.5,4.37036,3.2542,1,LLLVALLTILLYLLASLLILI,VALLTILLYLLASLL,0.6946733617352545,0.0645201954419147,L,99999900.0,-17.916500000000006,0.0,8.451999999999998,602.3500000000004,-0.029744334689134216,0.0,0.014031709139204769,-0.015713106997592752
LLLYWLLVILLISLLTLLILI_0,110011001100110000,1,-74.253,-74.253,-74.253,-249.357,-243.264,-259.671,-388.808,4749.57,4113.28,3705.14,-9.46468,6243.25,-74.6637,6171.96,-54.8847,-20.7969,98.4188,-45.1951,10.5502,2.90608,2.88236,5776.57,-18.646,87.7907,-39.994,5854.44,8.5175,1.14864,0.9655,0,LLLYWLLVILLISLLTLLILI,YWLLVILLISLLTLL,0.308586259813454,0.0671959179859758,R,99999900.0,-19.779000000000003,0.0,10.313999999999993,636.29,-0.031084882679281466,0.0,0.016209589966839008,-0.014874789797105093
LLLLVILLILLTALLFLLILI_0,110011001100110000,1,-58.976,-58.976,-58.8813,-237.473,-216.365,-248.076,-375.465,4629.7,3843.74,3553.9,-9.46117,111.67,-88.4767,11.546,-68.5073,-3.48207,112.961,17.739,10.7156,2.27208,2.4665,104.236,-2.1739,98.4581,19.6299,-263.795,9.2379,0.117928,0.0947994,0,LLLLVILLILLTALLFLLILI,LVILLILLTALLFLL,0.3350145322932003,0.0255509568971662,L,99999900.0,-19.969399999999993,-0.09469999999999601,10.60299999999998,785.96,-0.02540765433355386,-0.00012048959234566136,0.013490508422820475,-0.01203772456613568
LLLSALLVLLLGFLLATLILI_1,110011001100110000,1,-58.767,-58.767,-58.767,-228.713,-228.561,-246.096,-356.991,4550.12,3918.84,3641.17,-9.45221,895.522,-78.9634,825.859,-52.128,-60.0196,50.6849,-50.0457,8.35249,2.34541,1.60568,845.857,-53.2144,55.8643,-41.6761,523.961,7.4203,2.02384,1.3618,1,LLLSALLVLLLGFLLATLILI,SALLVLLLGFLLATL,0.3934317931377002,0.0473481798559217,G,99999900.0,-26.835399999999993,0.0,17.38300000000001,631.2799999999997,-0.042509504498796105,0.0,0.027536117095425194,-0.014973086427575723
LLLLTLLIALLVALLSALILI_2,110011001100110000,1,-68.4191,-67.8274,-60.4241,-218.279,-217.501,-237.561,-372.118,4534.28,3840.51,3828.05,-9.44808,-9.03241,-94.8681,-95.8221,-74.1333,-47.4599,83.5088,-36.9626,7.90302,4.89267,4.6453,-7.43685,-47.682,80.7227,-35.7606,-379.406,8.0,4.54986,4.2607,2,LLLLTLLIALLVALLSALILI,LTLLIALLVALLSAL,0.3653535734878237,0.0411050478829903,R,99999900.0,-20.734799999999993,-7.994999999999997,19.28200000000001,693.7699999999995,-0.029887138388803216,-0.01152399210112862,0.02779307263214037,-0.013618461449760016
LLLAALLVLLLATLLSFLILI_0,110011001100110000,1,-74.1234,-73.1876,-74.1234,-227.196,-221.281,-239.601,-366.276,4545.77,4026.1,3857.52,-9.43485,-4.53881,-74.3911,-76.3467,-52.5518,-72.7271,63.8898,-44.8212,8.6541,6.03419,5.49254,-4.45126,-76.864,48.8373,-44.7359,-370.815,8.5339,4.62264,3.8552,0,LLLAALLVLLLATLLSFLILI,AALLVLLLATLLSFL,0.236949128696065,0.0208239559990598,R,99999900.0,-21.839299999999994,0.0,12.405000000000001,519.6700000000005,-0.04202532376315733,0.0,0.02387091808262934,-0.018155464044489755
LLLFTLLVALLAYLLSLLILI_2,110011001100110000,1,-67.1687,-62.542,-60.2706,-231.837,-227.781,-245.762,-353.573,4683.95,3804.42,3733.91,-9.41351,40154.0,-63.9805,40090.8,-47.5396,-41.8749,79.5001,-42.6711,8.06146,3.51376,3.20626,33645.5,-45.4715,65.5685,-35.0,39783.7,8.1631,2.17247,1.656,2,LLLFTLLVALLAYLLSLLILI,FTLLVALLAYLLSLL,0.4557431978028272,0.04390144036664,R,99999900.0,-16.4409,-6.8980999999999995,13.925000000000011,879.5299999999997,-0.018692824576762593,-0.00784293884233625,0.015832319534296743,-0.010702886769069848
LLLTLLLAVLLAALLSFLILI_2,110011001100110000,1,-60.6085,-60.7467,-60.463,-226.946,-229.056,-242.587,-362.008,4539.92,3829.11,3825.41,-9.39243,-7.52548,-83.8457,-79.7304,-58.9572,-74.493,64.5317,-36.4978,8.92645,6.38573,5.85371,-4.8579,-70.0018,61.1129,-38.0265,-366.386,8.9767,5.25051,4.6672,2,LLLTLLLAVLLAALLSFLILI,TLLLAVLLAALLSFL,0.372104668914312,0.0336881801169232,R,99999900.0,-24.888499999999993,-0.1454999999999984,15.640999999999991,710.81,-0.035014279483968985,-0.00020469605098408634,0.022004473769361703,-0.013213699863535966
LLLTALLAGLLALLLSVLILI_1,110011001100110000,1,-60.3478,-60.2509,-60.3184,-222.083,-218.747,-238.898,-369.105,4493.44,3749.91,3678.39,-9.39055,-5.31563,-96.0642,-95.4223,-69.8882,-73.9719,75.1385,-43.3796,7.56617,7.73948,7.36656,-5.25872,-68.8165,69.6202,-43.3499,-375.033,7.0847,6.2212,5.7655,1,LLLTALLAGLLALLLSVLILI,TALLAGLLALLLSVL,0.2880100062530045,0.0974382102979525,G,99999900.0,-26.176000000000002,-0.029400000000002535,16.814999999999998,743.5299999999997,-0.035205035439054254,-3.9541107957987635e-05,0.02261509286780628,-0.012629685419552677
LLLVALLAALLFALLSTLILI_0,110011001100110000,1,-76.6097,-76.6744,-74.1918,-214.861,-212.268,-234.547,-353.449,4493.45,3681.7,3688.55,-9.38808,-6.5833,-71.3672,-71.0908,-44.7108,-31.283,79.3867,-37.8467,8.22629,1.90966,1.60046,-5.57666,-32.5709,73.9857,-37.3157,-360.033,8.2281,1.37371,0.983496,0,LLLVALLAALLFALLSTLILI,VALLAALLFALLSTL,0.3722400679040731,0.0104690308292293,R,99999900.0,-26.656399999999998,-2.417900000000003,19.686000000000007,811.75,-0.032838189097628576,-0.00297862642439175,0.024251308900523568,-0.011565235602094241
LLLYILLILLLGALLAFLILI_0,110011001100110000,1,-49.4185,-51.5561,-44.9563,-226.619,-223.945,-247.82,-343.384,4680.61,3988.99,3712.09,-9.35285,162.504,-76.6992,94.621,-50.608,-50.1248,57.6629,-51.0402,7.43612,1.80321,1.16815,147.928,-48.1219,61.2568,-42.1281,-180.88,7.3101,1.98795,1.4068,0,LLLYILLILLLGALLAFLILI,YILLILLLGALLAFL,0.1850987234052364,0.0312865414095635,G,99999900.0,-26.091200000000008,-4.462200000000003,21.200999999999993,691.6199999999999,-0.037724762152627184,-0.006451808796738098,0.030654116422312826,-0.013523105173361097
LLLTALLFALLIYLLSLLILI_0,110011001100110000,1,-60.3493,-60.8291,-60.3015,-235.345,-228.738,-250.063,-359.6,4663.12,3799.89,3657.8,-9.31438,96.1759,-73.2203,26.1437,-49.235,-68.9016,79.0985,-37.5413,9.08721,7.51354,7.20002,81.3294,-74.5663,64.3243,-36.9715,-263.424,8.2163,6.36873,5.8336,0,LLLTALLFALLIYLLSLLILI,TALLFALLIYLLSLL,0.4002411161053196,0.0170163613845709,R,99999900.0,-23.985299999999995,-0.047800000000002285,14.71799999999999,863.23,-0.02778552645297313,-5.537342307380685e-05,0.01704991717155334,-0.01079014862782804
LLLAFLLGTLLIVLLGLLILI_2,110011001100110000,1,-58.7211,-58.7457,-58.7211,-231.802,-228.449,-239.054,-349.283,4609.41,3941.33,3494.18,-9.30855,3112380.0,-68.0684,3112320.0,-51.5078,-89.8827,60.4856,-40.7771,9.49024,8.14796,7.55524,2016100.0,-92.5815,39.7325,-40.3169,3140720.0,6.7382,5.75111,4.8471,2,LLLAFLLGTLLIVLLGLLILI,AFLLGTLLIVLLGLL,0.3113151067711191,0.0811036777375985,G,99999900.0,-16.560599999999994,0.0,7.2520000000000095,668.0799999999999,-0.024788348700754394,0.0,0.010854987426655506,-0.013933286432762546
LLLTYLLVALLAALLSLLILI_0,110011001100110000,1,-60.4016,-60.4016,-60.4016,-227.973,-228.02,-246.962,-369.852,4574.42,3751.75,3825.64,-9.30801,-7.68328,-90.7852,-89.1133,-62.4882,-19.4675,94.8385,-37.5908,8.63474,2.22333,2.14591,-5.75202,-20.3478,93.4489,-39.1406,-377.535,8.6526,2.16777,2.0695,0,LLLTYLLVALLAALLSLLILI,TYLLVALLAALLSLL,0.443072941200296,0.074609759755313,R,99999900.0,-28.297000000000004,0.0,18.988999999999976,822.6700000000001,-0.0343965381015474,0.0,0.023082159310537607,-0.011314390946552079
LLLLVILTILLYLLLFLLILI_2,110011001100110000,1,-58.893,-51.7535,-58.893,-243.814,-239.932,-254.278,-373.666,4700.62,3967.62,3680.63,-9.30007,146.506,-80.2585,64.5262,-60.4943,-60.1436,52.7454,17.4312,11.5614,2.64218,1.93336,116.018,-55.1176,48.7684,24.8389,-233.05,9.1107,1.35137,0.582896,2,LLLLVILTILLYLLLFLLILI,LVILTILLYLLLFLL,0.7214953897221504,0.0986708267947427,L,99999900.0,-19.764199999999995,0.0,10.463999999999999,733.0,-0.026963437926330144,0.0,0.014275579809004091,-0.012687680763983628
LLLTSLLVALLALLLFALILI_2,110011001100110000,1,-54.7919,-54.5067,-45.0382,-223.052,-224.332,-252.797,-358.636,4619.93,3780.73,3757.42,-9.28693,-7.51985,-90.0788,-87.3171,-60.8007,-62.8611,71.8666,-44.1876,8.04754,5.63115,5.20915,0.531909,-61.3414,69.3806,-39.8242,-340.513,8.0,5.06759,4.6083,2,LLLTSLLVALLALLLFALILI,TSLLVALLALLLFAL,0.4698279416403149,0.061883367593425,R,99999900.0,-29.278100000000002,-9.753699999999995,29.745000000000005,839.2000000000003,-0.034888107721639645,-0.011622616777883689,0.03544447092469018,-0.011066408484270731
LLLTALLVALLAALLSFLILI_2,110011001100110000,1,-60.3027,-58.5882,-60.3027,-227.038,-220.296,-239.688,-354.458,4507.85,3861.3,3819.01,-9.28464,-0.958637,-76.4027,-76.5327,-54.4677,-74.6658,72.6906,-34.478,8.15446,7.5131,7.10346,-2.17138,-69.0036,63.721,-36.3865,-356.267,8.0348,5.45288,4.9087,2,LLLTALLVALLAALLSFLILI,TALLVALLAALLSFL,0.3373107357519334,0.0380679166285626,R,99999900.0,-21.934999999999995,0.0,12.649999999999977,646.5500000000002,-0.03392622380326346,0.0,0.019565385507694648,-0.01436028149408398
LLLLALLIVLLATLLSFLILI_0,110011001100110000,1,-76.9228,-70.3973,-74.1532,-230.041,-223.532,-242.75,-371.255,4576.81,4051.03,3964.98,-9.27153,-0.917177,-73.5633,-78.2427,-54.352,-52.8018,67.3564,-50.1657,7.81055,3.51339,3.02373,-0.763541,-56.568,53.9293,-45.0,-372.172,8.1133,2.26566,1.5746,0,LLLLALLIVLLATLLSFLILI,LALLIVLLATLLSFL,0.3162047305303433,0.052381183518646,R,99999900.0,-19.2113,-2.769599999999997,12.709000000000003,525.7800000000002,-0.03653866636235687,-0.005267602419262802,0.02417170679751987,-0.01763385826771653
LLLAVLLIILLFTLLSLLILI_1,110011001100110000,1,-74.1914,-74.1914,-74.1914,-234.711,-231.478,-246.934,-379.809,4562.73,3917.39,3691.24,-9.26009,290.961,-80.1668,216.821,-58.684,-39.6084,87.1282,-46.352,10.0591,4.20356,4.01048,56.8564,-36.2869,84.2404,-44.7529,-320.951,9.0,3.31549,3.0791,1,LLLAVLLIILLFTLLSLLILI,AVLLIILLFTLLSLL,0.3554565989161524,0.0775119514682879,R,99999900.0,-21.482799999999997,0.0,12.222999999999985,645.3399999999997,-0.03328911891406082,0.0,0.018940403508228208,-0.014349164781355572
LLLTALLAALLFVLLSLLILI_2,110011001100110000,1,-60.468,-60.468,-60.468,-227.346,-226.649,-244.809,-365.891,4579.0,3756.31,3785.93,-9.25233,-7.06393,-87.329,-85.8374,-60.6143,-53.0494,80.3711,-37.8674,7.86056,5.30751,5.01308,-7.33813,-47.9836,80.2404,-36.9281,-373.119,8.0,4.52999,4.2336,2,LLLTALLAALLFVLLSLLILI,TALLAALLFVLLSLL,0.3676448938642851,0.0560095589866549,R,99999900.0,-26.714699999999993,0.0,17.462999999999994,822.69,-0.032472377201619065,0.0,0.021226707508295948,-0.011246435473872296
LLLAYLLGTLLGILLILLILI_2,110011001100110000,1,-58.7536,-53.7255,-58.7536,-229.469,-227.867,-244.535,-361.759,4549.94,3725.04,3521.76,-9.25155,1605.16,-82.7874,1524.99,-58.4699,-70.0391,64.4334,-46.5302,8.30444,5.70438,5.17088,395.344,-71.7752,52.5548,-41.6943,76.6401,6.762,4.36118,3.6495,2,LLLAYLLGTLLGILLILLILI,AYLLGTLLGILLILL,0.4847099798843978,0.0274787566393142,G,99999900.0,-24.317500000000003,0.0,15.066000000000003,824.8999999999996,-0.029479330827979166,0.0,0.018264032003879268,-0.011215359437507582
LLLLALLLAVLLSLLFTLILI_2,110011001100110000,1,-74.2291,-74.2291,-74.2291,-226.08,-221.484,-242.495,-374.385,4555.57,3627.15,3536.94,-9.20758,38.2064,-83.2834,-40.4652,-57.661,-52.0927,82.4261,16.7121,9.78956,5.44143,5.17782,33.9694,-54.2352,70.7135,18.0,-344.817,9.2479,4.1816,3.7423,2,LLLLALLLAVLLSLLFTLILI,LALLLAVLLSLLFTL,0.4161568831081073,0.0077463637066462,L,99999900.0,-25.6224,0.0,16.414999999999992,928.4199999999996,-0.027597854419336088,0.0,0.01768057560155964,-0.009917472695547278
LLLAALLTLLLAILLSFLILI_1,110011001100110000,1,-74.2823,-74.1656,-74.1656,-229.334,-224.679,-240.594,-367.898,4541.13,3999.3,3894.62,-9.19757,-4.21436,-73.4793,-73.2682,-53.1384,-39.6649,78.4427,-47.2894,9.09586,3.0395,2.71614,-5.85018,-35.2789,74.0431,-44.1963,-373.13,8.7202,1.78765,1.3983,1,LLLAALLTLLLAILLSFLILI,AALLTLLLAILLSFL,0.1755182347057776,0.0264949380989559,R,99999900.0,-20.340899999999998,-0.11670000000000869,11.259999999999991,541.8299999999999,-0.03754111068047174,-0.0002153812081280267,0.02078142590849527,-0.01697501061218464
LLLLALLTALLIALLFVLILI_2,110011001100110000,1,-58.8048,-58.8048,-58.8048,-228.987,-227.552,-240.466,-351.768,4588.69,3946.73,3787.47,-9.19667,30.8747,-73.1737,-34.537,-52.4981,-18.9302,96.8424,-49.9913,8.7893,2.41325,2.36589,31.2273,-12.2918,89.7742,-43.52,-308.449,8.1539,0.463287,0.3099,2,LLLLALLTALLIALLFVLILI,LALLTALLIALLFVL,0.4022929643054678,0.0728279619560028,R,99999900.0,-20.675599999999996,0.0,11.479000000000013,641.9599999999996,-0.03220699108978754,0.0,0.01788117639728335,-0.014325923733565962
LLLAYLLILLLGTLLSFLILI_0,110011001100110000,1,-73.6293,-81.3526,-74.0929,-227.717,-225.449,-247.131,-363.7,4637.16,3890.31,3611.58,-9.17445,3190940.0,-71.5275,3190880.0,-42.476,-75.7517,54.2722,-45.3107,8.49205,5.18951,4.50359,2783840.0,-80.4387,52.288,-45.0,3190580.0,6.6037,5.62468,4.909,0,LLLAYLLILLLGTLLSFLILI,AYLLILLLGTLLSFL,0.333146727686717,0.0533110191833652,G,99999900.0,-29.051500000000004,0.46359999999999957,19.413999999999987,746.8499999999999,-0.03889870790654081,0.0006207404431947508,0.025994510276494597,-0.012284193613175337
LLLYALLFALLASLLVTLILI_2,110011001100110000,1,-74.2526,-74.2526,-74.2526,-229.487,-226.362,-245.833,-352.535,4600.29,3903.24,3893.03,-9.14926,-4.68326,-57.945,-56.604,-32.4497,-46.5278,88.3466,-39.4871,8.29971,5.40596,5.23116,-4.77188,-38.8884,87.4303,-44.355,-357.1,8.3134,4.13635,3.9478,2,LLLYALLFALLASLLVTLILI,YALLFALLASLLVTL,0.2935452590241745,0.0366614006995889,R,99999900.0,-25.4953,0.0,16.346000000000004,697.0500000000002,-0.03657599885230614,0.0,0.023450254644573558,-0.013125686823039951
LLLLALLVSLLIALLFTLILI_1,110011001100110000,1,-71.0323,-71.6879,-74.2141,-225.103,-222.249,-242.507,-370.147,4576.9,3826.47,3764.48,-9.1268,-7.34984,-83.1383,-83.5603,-53.4263,-27.8718,95.8391,-34.2639,8.49069,3.61904,3.55663,-7.51783,-27.3954,92.5093,-35.107,-377.45,8.5533,3.09806,2.9857,1,LLLLALLVSLLIALLFTLILI,LALLVSLLIALLFTL,0.3669434250631437,0.0306545196853057,R,99999900.0,-29.712000000000003,3.1817999999999955,17.403999999999996,750.4299999999998,-0.03959329984142426,0.004239969084391611,0.02319203656570233,-0.012162093732926458
LLLAFLLGVLLITLLGLLILI_0,110011001100110000,1,-58.7088,-54.5449,-58.7088,-233.304,-218.74,-239.041,-349.236,4610.47,4037.4,3537.5,-9.10985,2826350.0,-66.3333,2826270.0,-51.4866,-87.3337,64.7694,-46.3614,10.2851,8.34392,7.81546,1181840.0,-92.5815,39.7325,-40.3169,2826000.0,6.7382,5.75111,4.8471,0,LLLAFLLGVLLITLLGLLILI,AFLLGVLLITLLGLL,0.3593944428014186,0.1422261628951983,G,99999900.0,-14.846699999999991,0.0,5.736999999999995,573.0700000000002,-0.0259073062627602,0.0,0.010010993421397024,-0.01589657458949168
LLLAALLITLLVALLSLLILI_0,110011001100110000,1,-68.4548,-68.9632,-74.226,-223.942,-220.824,-238.545,-379.83,4507.8,3892.1,3886.82,-9.10911,-3.78732,-96.5422,-93.8303,-67.0594,-13.4325,98.0249,-40.2658,8.63113,1.74824,1.71861,-3.2559,-15.4608,85.5752,-43.7876,-383.618,8.5847,0.371772,0.1554,0,LLLAALLITLLVALLSLLILI,AALLITLLVALLSLL,0.448675651010745,0.0172848861634775,R,99999900.0,-29.482799999999997,5.771199999999993,14.60299999999998,615.7000000000003,-0.04788500893292185,0.009373396134481063,0.023717719668669764,-0.014794721455254175
LLLYALLAALLLSLLVTLILI_0,110011001100110000,1,-74.282,-74.2526,-74.2526,-232.385,-224.842,-244.611,-370.59,4590.82,4041.0,3880.74,-9.10659,-4.82822,-73.0287,-76.3227,-51.7259,-42.3484,98.2192,-50.5056,8.66292,6.11185,6.08514,-4.82963,-38.8884,87.4303,-44.355,-375.418,8.3134,4.13635,3.9478,0,LLLYALLAALLLSLLVTLILI,YALLAALLLSLLVTL,0.3600751764424819,0.0157852210814102,R,99999900.0,-21.302799999999998,-0.02939999999999543,12.225999999999999,549.8199999999997,-0.038745043832527026,-5.3472045396666995e-05,0.022236368265977968,-0.016562856934996917
LLLTALLVALLIALLSLLILI_2,110011001100110000,1,-60.4016,-60.4016,-60.4016,-224.468,-225.591,-243.199,-378.355,4533.16,3838.31,3802.01,-9.08061,1.97097,-102.566,-90.391,-74.7545,-18.7956,93.8585,-39.3116,8.56967,1.99024,1.89811,-7.95456,-20.3478,93.4489,-39.1406,-387.084,8.6526,2.16777,2.0695,2,LLLTALLVALLIALLSLLILI,TALLVALLIALLSLL,0.450248276062808,0.0525168220465943,R,99999900.0,-27.81150000000001,0.0,18.731000000000023,694.8499999999999,-0.04002518529178961,0.0,0.026956897172051558,-0.013068446427286466
LLLLAYLIVLLLTLFLLLILI_1,110011001100110000,1,-58.8727,-58.8727,-58.8727,-230.679,-228.466,-249.326,-360.747,4715.93,3934.93,3758.29,-9.07896,92.2291,-80.2745,18.8209,-52.5487,-66.1743,44.6253,14.2862,9.99193,2.45055,1.61993,79.6546,-69.4304,35.6276,19.061,-267.864,9.4613,1.72429,0.758704,1,LLLLAYLIVLLLTLFLLLILI,LAYLIVLLLTLFLLL,0.3641072625577271,0.0638754528598096,L,99999900.0,-27.725800000000007,0.0,18.64699999999999,781.0000000000005,-0.03550038412291932,0.0,0.023875800256081922,-0.01162478873239436
LLLATLLVGLLFILLGLLILI_2,110011001100110000,1,-44.9989,-51.7069,-44.9989,-225.925,-225.288,-243.204,-344.486,4564.23,3855.19,3484.16,-9.07197,12817.6,-82.6343,12750.1,-56.2836,-38.159,72.2428,-48.6084,8.16803,1.97663,1.56027,6737.05,-36.3008,67.5299,-37.7338,12453.4,6.896,1.06165,0.574598,2,LLLATLLVGLLFILLGLLILI,ATLLVGLLFILLGLL,0.4406758182947937,0.0579570270193812,G,99999900.0,-26.350699999999996,0.0,17.278999999999996,709.0399999999995,-0.03716391176802439,0.0,0.0243695701229832,-0.012794722441611202
LLLYLLLGALLITLLSFLILI_1,110011001100110000,1,-73.9921,-58.581,-73.9921,-239.438,-238.195,-249.341,-362.431,4685.98,4097.22,3579.93,-9.04825,5610.54,-58.0484,5544.89,-39.0978,-68.5273,70.2883,-41.7278,9.48491,6.26802,5.82234,5155.56,-60.6857,64.7023,-38.4105,8994.2,7.3229,4.33767,3.8082,1,LLLYLLLGALLITLLSFLILI,YLLLGALLITLLSFL,0.1345158230439411,0.0273468830665029,G,99999900.0,-18.9506,0.0,9.90300000000002,588.7599999999993,-0.032187308920443004,0.0,0.016820096473945296,-0.015368316461716167
LLLYLLLIFLLGVLLGSLILI_0,110011001100110000,1,-60.278,-68.1987,-60.278,-236.583,-218.246,-247.43,-350.777,4639.58,4059.59,3599.18,-9.02719,1082.25,-62.943,1017.91,-43.0693,-68.5905,62.7911,-50.8895,8.17833,5.26536,4.70723,494.111,-67.743,51.6604,-38.5819,731.47,7.1139,3.6356,2.91051,0,LLLYLLLIFLLGVLLGSLILI,YLLLIFLLGVLLGSL,0.477031119259815,0.0737759039220812,G,99999900.0,-19.8737,0.0,10.847000000000008,579.9899999999998,-0.034265590786048045,0.0,0.018702046587010142,-0.01556438904119037
LLLSYLLVFLLALLLITLILI_0,110011001100110000,1,-76.6931,-77.5297,-58.8168,-235.481,-232.811,-259.299,-366.55,4690.03,3910.18,3637.61,-9.02698,238.585,-63.4028,182.376,-48.4344,-53.7839,68.311,-45.0245,9.79587,3.78957,3.31423,229.695,-61.0036,57.271,-40.2845,-127.965,8.1019,3.38213,2.7412,0,LLLSYLLVFLLALLLITLILI,SYLLVFLLALLLITL,0.3097978284557472,0.0404857504458051,R,99999900.0,-14.968400000000003,-17.8763,23.817999999999984,779.8499999999999,-0.019193947554016804,-0.022922741552862735,0.030541770853369222,-0.011575277296916075
LLLTALLAALLSVLLFLLILI_1,110011001100110000,1,-62.7278,-60.5374,-60.5374,-227.204,-226.844,-244.929,-366.74,4573.01,3714.85,3824.99,-8.98551,-6.68259,-85.7933,-86.0413,-61.2739,-61.9109,78.796,-42.1822,8.25625,6.42411,6.10605,-5.60501,-60.0354,75.7593,-43.336,-373.047,8.5306,5.73281,5.3692,1,LLLTALLAALLSVLLFLLILI,TALLAALLSVLLFLL,0.5050082880433199,0.0231216198695835,R,99999900.0,-24.519400000000005,-2.190400000000004,17.724999999999994,858.1600000000003,-0.028572061154097134,-0.0025524377738417115,0.02065465647431713,-0.010470669805164534
LLLTILLIVLLALLLFLLILI_0,110011001100110000,1,-45.0539,-45.0539,-45.0539,-237.588,-230.313,-249.729,-371.394,4649.72,4044.09,3797.96,-8.98472,28.5479,-97.7368,-67.4793,-76.6114,-91.5627,54.5312,-42.2042,9.84791,7.59612,6.91409,26.5683,-86.0037,51.0237,-43.1891,-342.846,8.8759,6.28875,5.55411,0,LLLTILLIVLLALLLFLLILI,TILLIVLLALLLFLL,0.4735832793631222,0.0508438082189276,R,99999900.0,-21.1254,0.0,12.14100000000002,605.6300000000001,-0.03488169344319138,0.0,0.020046893317702257,-0.014835328500899886
LLLYALLLALLVSLLTALILI_0,110011001100110000,1,-74.2466,-74.2466,-74.2466,-228.409,-225.098,-244.361,-369.948,4613.58,4019.59,3894.15,-8.96669,-5.58466,-76.2592,-76.1885,-51.3409,-35.387,97.3609,-44.3823,8.2581,4.95177,4.91218,-5.80077,-38.0433,88.4207,-45.0,-375.533,8.215,4.14329,3.9696,0,LLLYALLLALLVSLLTALILI,YALLLALLVSLLTAL,0.3786354907203835,0.0050348308670215,R,99999900.0,-24.91830000000001,0.0,15.951999999999998,593.9899999999998,-0.041950706240845834,0.0,0.02685567097089177,-0.015095691846664091
LLLLVLLIILLFTLLSYLILI_0,110011001100110000,1,-74.1091,-63.3482,-74.1091,-241.476,-235.429,-253.092,-375.156,4636.54,4047.01,3817.13,-8.95863,53.7078,-68.5292,-22.6709,-47.9541,-38.1037,96.9783,-41.3411,10.0116,5.30763,5.26231,54.1963,-41.3452,86.0588,-44.4358,-321.448,8.523,4.31972,4.1106,0,LLLLVLLIILLFTLLSYLILI,LVLLIILLFTLLSYL,0.2196857607846493,0.092349705546182,R,99999900.0,-20.575100000000006,0.0,11.616000000000014,589.5299999999997,-0.03490085322205828,0.0,0.019703831866062827,-0.015196224110732284
LLLYALLAALLVSLLTILILI_0,110011001100110000,1,-74.2466,-74.2466,-74.2466,-227.945,-225.374,-244.5,-367.256,4547.98,3909.94,3887.6,-8.9456,-6.31136,-74.0099,-73.947,-48.5091,-35.6829,96.1532,-44.3914,8.14184,4.83312,4.77542,-6.23338,-38.0433,88.4207,-45.0,-373.567,8.215,4.14329,3.9696,0,LLLYALLAALLVSLLTILILI,YALLAALLVSLLTIL,0.6078292868339833,0.0618401433659509,R,99999900.0,-25.500800000000005,0.0,16.555000000000007,638.0399999999995,-0.039967400162999225,0.0,0.025946649112908313,-0.014020437590119754
LLLSALLVALLTILLWLLILI_2,110011001100110000,1,-55.586,-56.4521,-58.9224,-233.625,-233.732,-255.86,-386.054,4606.92,3788.64,3805.33,-8.92134,-8.59596,-105.764,-104.466,-71.2709,-81.3456,57.6518,-37.6619,8.82853,6.48483,5.8496,-6.96169,-80.5617,52.7769,-43.5392,-393.107,8.7383,5.70914,5.00079,2,LLLSALLVALLTILLWLLILI,SALLVALLTILLWLL,0.4937925543639583,0.0402211233680825,R,99999900.0,-34.4931,3.3364000000000047,22.235000000000014,818.2800000000002,-0.04215317495233904,0.0040773329422691545,0.027172850369066835,-0.010902551693796742
LLLTILLLALLFGLLFALILI_0,110011001100110000,1,-44.9597,-44.9597,-44.9597,-223.24,-218.15,-243.013,-338.805,4599.5,3692.62,3526.31,-8.89567,333.136,-79.5009,257.441,-50.8326,-33.5531,78.0101,-41.4099,8.01255,2.06433,1.73448,170.773,-33.5044,71.7656,-37.0663,-5.66939,7.3729,1.21402,0.790504,0,LLLTILLLALLFGLLFALILI,TILLLALLFGLLFAL,0.3924202771915401,0.0527039561490304,G,99999900.0,-28.668300000000002,0.0,19.772999999999996,906.8800000000001,-0.03161201040931545,0.0,0.02180332568807339,-0.00980909271347918
LLLVYLLIILLTALLSLLILI_1,110011001100110000,1,-80.3747,-67.0095,-74.2144,-233.15,-233.478,-246.93,-383.311,4621.71,3890.66,3795.13,-8.88246,3.07699,-78.6693,-79.7469,-62.1667,-24.7571,87.0947,-46.6688,9.87057,1.97135,1.77778,15.0424,-22.0295,90.9785,-43.2966,-370.433,8.7631,2.08652,1.9512,1,LLLVYLLIILLTALLSLLILI,VYLLIILLTALLSLL,0.344276308552543,0.0355651118707093,R,99999900.0,-16.502600000000008,-6.1603000000000065,13.780000000000001,731.0500000000002,-0.02257383215922304,-0.008426646604199447,0.018849599890568357,-0.012150276998837285
LLLVALLAALLLTLLSLLILI_2,110011001100110000,1,-74.1632,-74.1632,-74.1632,-221.796,-218.38,-237.57,-384.923,4541.08,3819.09,3806.18,-8.87658,-1.94179,-97.8406,-94.3213,-73.1899,-29.7133,94.2784,-37.3187,8.82925,3.68458,3.59876,-4.65163,-27.4697,91.2863,-38.4161,-390.141,8.8147,2.94411,2.8134,2,LLLVALLAALLLTLLSLLILI,VALLAALLLTLLSLL,0.3951391642039363,0.0343516519985301,R,99999900.0,-24.6507,0.0,15.774000000000001,721.9899999999998,-0.03414271665812547,0.0,0.021847948032521235,-0.012294602418316048
LLLSALLTVLLGTLLAFLILI_1,110011001100110000,1,-72.5499,-72.5499,-72.5499,-231.377,-226.357,-246.319,-360.686,4486.33,3986.46,3715.44,-8.86744,324.366,-65.6263,262.587,-41.8166,-46.282,79.306,-47.7958,8.56783,4.14861,3.83819,260.113,-49.156,60.31,-42.3523,-48.8634,7.5,2.01525,1.4199,1,LLLSALLTVLLGTLLAFLILI,SALLTVLLGTLLAFL,0.2430903028009376,0.0572544642913624,G,99999900.0,-23.8097,0.0,14.941999999999979,499.8699999999999,-0.04763178426390863,0.0,0.02989177186068374,-0.01773949226798968
LLLTSLLAVLLALLASLLILI_2,110011001100110000,1,-82.094,-81.1947,-60.369,-217.207,-215.577,-253.264,-369.69,4494.88,3587.07,3587.38,-8.86173,65.8999,-79.251,-7.01858,-56.0569,-104.631,39.9596,26.2172,8.86178,7.58925,6.68864,68.8317,-105.741,26.387,21.3899,-309.282,8.7438,5.9234,4.81921,2,LLLTSLLAVLLALLASLLILI,TSLLAVLLALLASLL,0.2728488478891666,0.0312714484585587,L,99999900.0,-23.194100000000006,-21.724999999999994,36.057000000000016,907.81,-0.025549509258545298,-0.023931219087694557,0.03971866359700821,-0.009761657174959517
LLLYALLAALLTVLLSLLILI_0,110011001100110000,1,-74.259,-74.259,-74.3379,-229.417,-228.016,-244.531,-370.727,4598.11,4038.47,3918.83,-8.86144,-6.8962,-75.9128,-75.3482,-51.8585,-37.3378,88.5786,-41.2017,8.74387,4.05878,3.88746,-6.74026,-36.6602,86.1438,-39.3244,-377.624,8.6204,3.62844,3.4206,0,LLLYALLAALLTVLLSLLILI,YALLAALLTVLLSLL,0.3227153129017526,0.0708149691626514,R,99999900.0,-24.054300000000005,0.07890000000000441,15.114000000000004,559.6399999999999,-0.042981738260310216,0.0001409834893860418,0.027006647130298062,-0.015834179115145453
LLLTYLLTVLLIFLLSLLILI_1,110011001100110000,1,-88.9416,-90.6896,-74.0668,-243.803,-240.071,-259.739,-377.96,4689.37,3839.0,3783.71,-8.84713,33.8038,-54.0622,-13.3955,-44.1538,-72.5484,60.7638,-34.2206,9.63391,5.58537,4.99682,21.4063,-65.6219,56.0214,-35.0,-329.118,8.811,3.90618,3.2465,1,LLLTYLLTVLLIFLLSLLILI,TYLLTVLLIFLLSLL,0.3485552011914462,0.0742005879185939,R,99999900.0,-9.9084,-14.874799999999993,15.935999999999979,850.3699999999999,-0.011651869186354177,-0.01749215047567529,0.01874007784846594,-0.010403859496454487
LLLTVLLGALLIILLSLLILI_0,110011001100110000,1,-60.2863,-66.2589,-60.2863,-229.323,-225.417,-243.643,-380.199,4541.31,3830.01,3640.2,-8.83772,106689.0,-99.4279,106600.0,-76.2701,-75.0411,66.4377,-34.3756,9.17514,6.72525,6.22182,91944.1,-63.7261,69.6712,-42.7158,106309.0,7.3752,5.46453,5.0096,0,LLLTVLLGALLIILLSLLILI,TVLLGALLIILLSLL,0.2176224503196476,0.0252874066595705,G,99999900.0,-23.157799999999995,0.0,14.319999999999993,711.3000000000002,-0.03255700829467171,0.0,0.020132152397019525,-0.01242474342752706
LLLLIVLIFLLATLLSLLILI_1,110011001100110000,1,-74.1297,-74.1297,-74.1297,-240.837,-229.768,-245.564,-377.292,4631.92,4164.73,3751.43,-8.82098,141.328,-71.1459,67.9331,-57.5979,-99.3444,35.6787,26.7981,11.7185,6.21827,5.25345,123.457,-90.6535,29.2985,21.6497,-240.901,9.4157,4.05332,2.9928,1,LLLLIVLIFLLATLLSLLILI,LIVLIFLLATLLSLL,0.301922728539537,0.0381161198081377,L,99999900.0,-13.547999999999995,0.0,4.727000000000004,467.1900000000005,-0.028998908367045485,0.0,0.010117939168218496,-0.018880926389691542
LLLYALLVALLTILLSLLILI_0,110011001100110000,1,-74.1971,-72.0666,-74.2269,-237.822,-229.95,-249.079,-378.773,4628.58,4034.79,3788.34,-8.80487,131.077,-75.5593,54.3205,-55.4676,-20.5044,104.132,-41.6052,9.63964,3.63348,3.69546,81.9732,-24.5731,86.8436,-39.2659,-247.696,8.2633,1.90985,1.7125,0,LLLYALLVALLTILLSLLILI,YALLVALLTILLSLL,0.3286257904315466,0.076875201032368,R,99999900.0,-20.091699999999996,0.029799999999994498,11.257000000000005,593.79,-0.03383637312854713,5.0186092726375484e-05,0.018957880732245417,-0.014828255780663198
LLLYALLIALLFILLVLLILI_1,110011001100110000,1,-45.0841,-45.0841,-45.0841,-236.893,-234.532,-252.847,-349.806,4791.2,4111.33,3966.62,-8.78986,58.4465,-76.6192,-11.7437,-51.8747,-36.937,96.6644,-38.3661,9.45357,5.09025,5.04022,50.7818,-28.8229,98.2271,-45.0,-327.264,8.6709,4.08409,4.0575,1,LLLYALLIALLFILLVLLILI,YALLIALLFILLVLL,0.2453322422936559,0.0286339068312532,R,99999900.0,-24.74450000000001,0.0,15.954000000000008,679.8699999999999,-0.03639592863341523,0.0,0.02346625090090754,-0.012928736376071897
LLLYLLLFTLLAVLLSILILI_0,110011001100110000,1,-74.2003,-74.2003,-74.2003,-236.299,-228.124,-252.834,-371.023,4664.04,4002.63,3976.94,-8.78801,2.17388,-69.3115,-66.5243,-43.9887,-43.5525,74.4583,-49.1283,8.03493,3.08476,2.70163,1.72474,-43.9383,65.751,-42.91,-368.849,8.0,1.96713,1.4534,0,LLLYLLLFTLLAVLLSILILI,YLLLFTLLAVLLSIL,0.3055192579443512,0.0350778393402961,R,99999900.0,-25.322799999999994,0.0,16.534999999999997,661.4099999999999,-0.03828608578642597,0.0,0.024999622019624742,-0.013286781270316447
LLLYALLIALLATLLVLLILI_1,110011001100110000,1,-58.9842,-56.3733,-58.8653,-229.234,-229.365,-246.965,-362.986,4644.11,4080.47,4003.27,-8.78711,-6.43837,-83.5548,-83.6862,-57.1554,-33.5922,98.0188,-48.3092,8.55397,4.77137,4.74165,-4.03969,-28.8229,98.2271,-45.0,-368.609,8.6709,4.08409,4.0575,1,LLLYALLIALLATLLVLLILI,YALLIALLATLLVLL,0.3113082078256222,0.0232931226296947,R,99999900.0,-26.3994,-0.11890000000000356,17.730999999999995,563.6399999999999,-0.04683734298488398,-0.00021095025193386486,0.03145802285146547,-0.015589933290752967
LLLLFVLLILLTILLSLLILI_2,110011001100110000,1,-74.2574,-74.2587,-74.1899,-249.339,-236.269,-248.306,-387.261,4583.12,4257.28,3875.73,-8.77934,2408.88,-72.4436,2332.15,-64.7648,-35.0047,78.5097,31.213,11.8175,2.34951,2.02716,1798.73,-44.8132,57.5828,26.7672,2021.62,9.4293,0.995658,0.3594,2,LLLLFVLLILLTILLSLLILI,LFVLLILLTILLSLL,0.1765983341852745,0.080003348645776,L,99999900.0,-7.67880000000001,-0.06750000000000966,-1.032999999999987,325.84000000000015,-0.023566167444144383,-0.00020715688681564458,-0.0031702676160078156,-0.026943714706604456
LLLTSLLFILLGLLLGVLILI_0,110011001100110000,1,-50.8022,-61.6864,-44.9724,-229.555,-224.052,-253.878,-354.768,4702.94,3761.3,3399.97,-8.75564,2664080.0,-83.1662,2664010.0,-55.9173,-58.5931,53.8385,-51.4318,7.23375,2.55716,1.86474,965155.0,-53.285,61.369,-37.8368,2663720.0,6.585,2.77757,2.19811,0,LLLTSLLFILLGLLLGVLILI,TSLLFILLGLLLGVL,0.3851267631366906,0.090361682086354,G,99999900.0,-27.248900000000006,-5.829799999999999,24.32299999999998,941.6399999999994,-0.02893770443056797,-0.0061911133766619966,0.025830465995497213,-0.009298288093114147
LLLLAYLLLTLIVLLFSLILI_0,110011001100110000,1,-74.2134,-74.2134,-74.2134,-235.239,-222.96,-247.066,-363.677,4674.91,3886.24,3544.57,-8.75202,137905.0,-62.9763,137838.0,-42.3977,-56.3626,76.2982,20.0524,10.8827,5.25464,4.89911,115785.0,-61.161,61.4936,18.0,137541.0,8.8181,3.97579,3.39819,0,LLLLAYLLLTLIVLLFSLILI,LAYLLLTLIVLLFSL,0.4507915422654356,0.0221567295477944,L,99999900.0,-20.5786,0.0,11.826999999999998,788.6700000000001,-0.02609278912599693,0.0,0.014996132729785585,-0.011097188938339228
LLLLIVLLITLALLLLSLILI_0,110011001100110000,1,-74.2301,-74.2301,-74.2301,-241.066,-223.83,-244.556,-397.746,4543.33,4089.49,3645.21,-8.74804,3676.0,-91.1979,3576.32,-78.959,-53.1479,85.8461,26.9114,11.6246,6.06141,5.8491,3653.94,-60.6709,65.7431,20.4901,3278.26,9.5,4.47595,3.9621,0,LLLLIVLLITLALLLLSLILI,LIVLLITLALLLLSL,0.4214137355048479,0.0391102413410696,L,99999900.0,-12.238900000000001,0.0,3.490000000000009,453.84000000000015,-0.02696743345672483,0.0,0.007689934778776679,-0.019275603736999818
LLLYLLLTVLLAFLLIILILI_2,110011001100110000,1,-58.8196,-58.8299,-58.8884,-244.518,-241.794,-255.055,-360.466,4722.54,4170.07,3956.99,-8.72506,227.185,-65.8536,167.343,-46.5234,-56.6637,61.7538,-40.5288,10.6718,3.33633,2.76264,173.41,-57.4417,46.4343,-44.977,-312.522,9.0,1.38489,0.581405,2,LLLYLLLTVLLAFLLIILILI,YLLLTVLLAFLLIIL,0.2823530738043018,0.0623679752958875,R,99999900.0,-19.330199999999998,0.06879999999999598,10.537000000000006,552.4700000000003,-0.03498868716853402,0.00012453164877730184,0.019072528825094578,-0.01579282132966495
LLLSALLTILLAFLLTLLILI_0,110011001100110000,1,-65.5544,-72.6683,-72.5872,-235.277,-232.569,-253.025,-374.891,4578.51,3897.55,3820.7,-8.67685,-6.87019,-82.7363,-76.524,-49.2787,-67.5395,64.3213,-47.3884,7.92438,5.31431,4.77913,-6.91604,-70.0938,55.5169,-41.2219,-381.761,8.0,4.50885,3.8416,0,LLLSALLTILLAFLLTLLILI,SALLTILLAFLLTLL,0.4033634817416187,0.0835490537613939,R,99999900.0,-33.4576,7.032799999999995,17.74800000000002,680.96,-0.04913298872180451,0.010327772556390969,0.026063204887218073,-0.012742084703947368
LLLYVLLITLLGLLLGFLILI_2,110011001100110000,1,-56.4469,-56.2568,-58.7168,-226.605,-223.196,-249.099,-347.143,4666.61,4038.49,3687.0,-8.66286,54.1111,-72.7534,-13.5789,-39.3263,-61.2503,51.3806,-48.0826,6.84881,2.62392,1.89463,47.0226,-65.7313,50.1254,-42.5945,-164.371,6.5,3.12662,2.3785,2,LLLYVLLITLLGLLLGFLILI,YVLLITLLGLLLGFL,0.2610468705124675,0.0348611685079258,G,99999900.0,-33.427099999999996,2.2699,22.494,628.1199999999999,-0.05321769725530154,0.0036137999108450617,0.03581162835127046,-0.013791727695344841
LLLLFALTALLILLVSLLILI_0,110011001100110000,1,-74.0136,-74.0692,-74.2373,-230.08,-216.363,-241.025,-367.273,4559.29,3753.79,3798.63,-8.65899,3.73768,-71.8384,-73.1034,-52.0105,-48.7334,69.8771,33.1645,9.38877,3.24342,2.79157,4.1108,-47.8829,56.4851,28.0,-363.535,9.5,1.30792,0.655196,0,LLLLFALTALLILLVSLLILI,LFALTALLILLVSLL,0.3717099800314082,0.040682192462702,L,99999900.0,-19.827899999999993,0.223700000000008,10.944999999999993,805.5,-0.02461564245810055,0.0002777157045313569,0.013587833643699558,-0.010749832402234635
LLLTSLLAALLFVLLILLILI_0,110011001100110000,1,-56.1237,-55.4563,-45.1106,-230.755,-227.411,-259.285,-337.031,4628.31,3766.16,3724.85,-8.65133,245.795,-58.8034,191.632,-32.635,-61.5212,69.8883,-50.7818,7.83231,5.16311,4.71143,231.853,-59.3177,76.0637,-43.9776,-91.2354,8.0334,5.66625,5.3072,0,LLLTSLLAALLFVLLILLILI,TSLLAALLFVLLILL,0.4076327936212072,0.0288839087389476,R,99999900.0,-26.168400000000005,-11.013100000000001,28.53000000000003,862.1500000000005,-0.030352490865858596,-0.012773995244447016,0.03309168938119818,-0.010034599547642515
LLLYALLTALLFILLSLLILI_1,110011001100110000,1,-74.3426,-74.1457,-74.2843,-238.968,-234.227,-251.48,-367.126,4683.53,4089.78,3828.41,-8.6431,7.13058,-62.4577,-51.6221,-41.3611,-52.669,91.8171,-50.4184,9.03555,6.79566,6.67292,12.6,-51.8061,81.4519,-44.6308,-358.888,8.0262,5.26692,4.9887,1,LLLYALLTALLFILLSLLILI,YALLTALLFILLSLL,0.1815919276443781,0.0194378087383185,R,99999900.0,-21.096600000000002,-0.05830000000000268,12.512,593.7499999999995,-0.03553111578947372,-9.818947368421512e-05,0.021072842105263175,-0.014556800000000012
LLLAFLLIILLGVLLGLLILI_2,110011001100110000,1,-44.9385,-51.2728,-44.9385,-226.611,-219.065,-239.829,-344.181,4584.87,4003.79,3546.5,-8.63742,49448.1,-81.269,49374.3,-59.4128,-78.0185,52.6711,-47.8638,9.86242,5.31337,4.60344,45224.6,-82.2405,38.4729,-43.0414,49103.9,7.0713,4.02991,3.107,2,LLLAFLLIILLGVLLGLLILI,AFLLIILLGVLLGLL,0.3326234186856989,0.0201463366719404,G,99999900.0,-21.85620000000001,0.0,13.218000000000018,581.0799999999999,-0.03761306532663319,0.0,0.022747298134508192,-0.014864424864046261
LLLAILLFTLLAYLLSLLILI_2,110011001100110000,1,-77.6381,-75.271,-74.1082,-224.893,-228.007,-246.41,-367.403,4596.19,3764.43,3784.51,-8.63386,-2.60123,-73.5056,-66.7259,-46.8844,-64.767,61.4202,-39.478,8.97616,4.50677,3.92808,-7.13515,-61.1699,64.8894,-39.1438,-374.497,8.8537,4.43556,3.9089,2,LLLAILLFTLLAYLLSLLILI,AILLFTLLAYLLSLL,0.4685444987312966,0.0630483505505188,R,99999900.0,-26.6212,-3.529899999999998,21.516999999999996,831.7599999999998,-0.032005867077041464,-0.004243892468981435,0.025869241127248248,-0.01038022987400212
LLLTYLLIVLLAALLSFLILI_1,110011001100110000,1,-60.4129,-60.4129,-60.4129,-236.215,-235.6,-250.891,-357.266,4630.66,3929.63,3929.68,-8.60828,-4.74362,-69.2465,-65.9968,-45.9622,-67.0847,57.8754,-41.5291,8.99332,4.37588,3.74401,-4.87466,-65.3764,53.0016,-44.5512,-363.784,8.8858,3.46168,2.7567,1,LLLTYLLIVLLAALLSFLILI,TYLLIVLLAALLSFL,0.3382116548957541,0.0213314225205312,R,99999900.0,-23.284299999999995,0.0,14.675999999999988,701.0299999999997,-0.033214413077899664,0.0,0.020934910060910365,-0.012279474487539768
LLLSALLTILLAFLLSLLILI_1,110011001100110000,1,-74.1225,-74.1379,-74.1019,-233.617,-231.649,-251.467,-378.438,4561.34,3806.26,3818.98,-8.60432,54.9897,-79.303,-17.662,-52.8695,-70.7943,55.251,-46.612,8.72924,4.57804,3.9068,-6.26034,-64.7378,56.4022,-45.0,-385.802,8.8345,3.82497,3.171,1,LLLSALLTILLAFLLSLLILI,SALLTILLAFLLSLL,0.3844121742820862,0.0450846331101273,R,99999900.0,-26.433499999999995,-0.020600000000001728,17.850000000000023,755.0799999999999,-0.03500754886899401,-2.7281877416964732e-05,0.023639879218096127,-0.01139524288817079
LLLYALLLVLITLLASLLILI_0,110011001100110000,1,-70.685,-74.2388,-74.3072,-228.553,-220.483,-249.022,-376.05,4646.86,3890.28,3783.35,-8.57337,-0.110774,-85.3862,-81.4396,-52.7207,-104.652,44.709,23.6526,9.45963,8.23359,7.40423,0.0190336,-109.692,28.2633,28.0,-376.161,9.5,6.76935,5.6933,0,LLLYALLLVLITLLASLLILI,YALLLVLITLLASLL,0.4713571425428215,0.0738087834055351,L,99999900.0,-32.6655,3.6221999999999923,20.468999999999994,756.5799999999995,-0.04317520949536074,0.004787596817256596,0.027054640619630452,-0.011331742842792576
LLLTSLLAVLAALLFSLLILI_0,110011001100110000,1,-82.1467,-82.9886,-60.369,-211.773,-211.431,-255.407,-365.236,4519.81,3584.4,3517.93,-8.55949,54.015,-79.8765,-16.8012,-49.4607,-103.869,32.1961,26.4626,9.09111,6.42677,5.40971,52.961,-105.741,26.387,21.3899,-311.221,8.7438,5.9234,4.81921,0,LLLTSLLAVLAALLFSLLILI,TSLLAVLAALLFSLL,0.2451288508564391,0.0060603326684298,L,99999900.0,-30.41579999999999,-21.777699999999996,43.634000000000015,935.4100000000003,-0.032516009022781435,-0.023281448776472338,0.04664692487786105,-0.009150522230893403
LLLAFLLGLLLITLLSVLILI_0,110011001100110000,1,-74.0328,-79.3312,-74.0328,-232.819,-217.33,-242.215,-368.058,4564.04,3994.67,3576.07,-8.55416,4023.33,-69.7606,3951.93,-51.8098,-90.8358,57.2799,-36.1561,10.3748,7.85815,7.21735,4006.91,-93.3149,36.1864,-38.6864,3655.27,7.4748,5.3824,4.4252,0,LLLAFLLGLLLITLLSVLILI,AFLLGLLLITLLSVL,0.2625843373941709,0.0363667654307634,G,99999900.0,-17.950799999999994,0.0,9.396000000000015,569.3699999999999,-0.031527477738553134,0.0,0.016502450076400263,-0.015023903612764988
LLLLILLTILLFVLASLLILI_2,110011001100110000,1,-74.2017,-74.2607,-74.193,-246.53,-223.189,-245.357,-380.755,4562.34,4342.75,3725.22,-8.53767,848.332,-68.5604,765.027,-61.2052,-101.322,33.5898,38.341,11.8802,6.23294,5.23678,841.91,-95.5434,21.4906,28.0,446.696,9.3253,3.73274,2.5551,2,LLLLILLTILLFVLASLLILI,LILLTILLFVLASLL,0.1882112696795783,0.0452119636919586,L,99999900.0,-7.3552000000000035,-0.008700000000004593,-1.1730000000000018,219.59000000000015,-0.03349515005237032,-3.961929049594511e-05,-0.0053417733047953055,-0.03888004918256749
LLLLALLVTLLALLFILLILI_1,110011001100110000,1,-58.8556,-51.7733,-58.8556,-237.231,-233.786,-244.504,-366.831,4608.39,3897.27,3793.37,-8.50137,110.089,-79.2464,28.8175,-63.472,-62.798,71.2486,16.3635,10.4877,5.53826,5.10699,111.997,-64.0373,57.892,18.4788,-255.552,9.391,3.92102,3.2894,1,LLLLALLVTLLALLFILLILI,LALLVTLLALLFILL,0.3670368063696438,0.0431948357689037,L,99999900.0,-15.774399999999993,0.0,7.272999999999996,711.1200000000003,-0.02218247271909099,0.0,0.010227528405894916,-0.011954902126223415
LLLFALLVALLLTLLSLLILI_1,110011001100110000,1,-74.1425,-74.1425,-74.1425,-230.219,-228.745,-242.993,-373.388,4633.66,4024.49,4011.41,-8.47631,-7.84381,-77.5028,-78.3449,-56.2528,-18.3925,90.8756,-39.6502,8.8619,1.52708,1.39021,-5.35228,-16.5696,85.3931,-40.833,-379.73,8.844,0.513503,0.294399,1,LLLFALLVALLLTLLSLLILI,FALLVALLLTLLSLL,0.4182169476913858,0.0449317655094744,R,99999900.0,-21.249999999999993,0.0,12.774000000000001,609.1700000000001,-0.034883530049083164,0.0,0.02096951589868181,-0.01391452303954561
LLLVALLLALLTALLSILILI_2,110011001100110000,1,-74.3056,-74.5882,-74.3056,-223.552,-221.51,-237.153,-380.585,4519.39,3913.11,3867.33,-8.42182,-7.63048,-91.1498,-92.1178,-69.127,-25.625,87.5002,-35.9541,7.83821,2.15629,1.96879,-7.32493,-22.038,89.8673,-35.0,-387.852,8.0,1.93779,1.7858,2,LLLVALLLALLTALLSILILI,VALLLALLTALLSIL,0.4866536374653027,0.0446314968810052,R,99999900.0,-22.022800000000004,0.0,13.600999999999999,606.2800000000002,-0.03632447054166391,0.0,0.022433529062479373,-0.013890974467242854
LLLYSLLLILLIVLLTFLILI_2,110011001100110000,1,-58.8872,-59.9266,-58.8872,-247.779,-237.951,-258.076,-363.662,4748.22,4327.14,3838.99,-8.41384,29252.2,-65.4094,29186.4,-46.6984,-42.4515,79.0774,-44.7345,10.6478,3.54317,3.22933,24069.2,-38.6138,67.2216,-35.9594,28888.6,8.7535,1.36698,0.875303,2,LLLYSLLLILLIVLLTFLILI,YSLLLILLIVLLTFL,0.2098626597590905,0.0904273554374433,R,99999900.0,-18.711000000000006,0.0,10.297000000000025,421.0799999999999,-0.044435736677116006,0.0,0.024453785503942307,-0.019981571197872142
LLLTGLLAGLLAILLSLLILI_0,110011001100110000,1,-61.8193,-61.4463,-60.3201,-222.388,-220.293,-241.537,-370.585,4455.5,3726.38,3760.17,-8.4134,-5.10038,-94.7914,-93.9462,-68.728,-64.9207,77.8649,-44.0498,7.4079,6.74988,6.41785,-5.06346,-69.3499,66.3154,-44.3229,-375.686,7.423,5.85507,5.3498,0,LLLTGLLAGLLAILLSLLILI,TGLLAGLLAILLSLL,0.1546736550187328,0.0391949413388892,G,99999900.0,-26.0634,-1.4992000000000019,19.149,729.1199999999999,-0.03574637919684003,-0.002056177309633534,0.026263166556945362,-0.011539115646258504
LLLTALLAALLLSLLFVLILI_1,110011001100110000,1,-60.3917,-60.421,-60.3945,-227.121,-226.333,-246.545,-366.836,4547.13,3729.47,3743.11,-8.41265,-4.05027,-87.7352,-84.1315,-59.8957,-37.5138,91.8546,-38.7386,8.04264,4.52743,4.40525,-5.73803,-32.2597,92.0409,-42.2469,-372.668,8.0874,3.76448,3.64509,1,LLLTALLAALLLSLLFVLILI,TALLAALLLSLLFVL,0.3160240233801754,0.021564432678733,R,99999900.0,-27.839500000000008,0.00280000000000058,19.423999999999978,817.6600000000003,-0.03404777046694225,3.4244062324200508e-06,0.023755595235183294,-0.010288689675415205
LLLAVLLIILLTTLLFLLILI_1,110011001100110000,1,-72.7904,-58.9955,-72.7904,-234.528,-231.943,-248.099,-379.045,4590.8,3913.99,3696.12,-8.40184,27.9059,-80.1289,-60.2009,-58.1562,-41.4342,81.6188,-40.5517,10.2009,3.73368,3.45796,28.0226,-34.621,80.1996,-40.3898,-324.692,9.0,2.5201,2.22309,1,LLLAVLLIILLTTLLFLLILI,AVLLIILLTTLLFLL,0.371539001339531,0.0682595487868191,R,99999900.0,-21.972700000000003,0.0,13.570999999999998,676.8100000000004,-0.03246509360086286,0.0,0.020051417679998802,-0.012413882773599673
LLLFSLLVLLTALLALLLILI_2,110011001100110000,1,-66.6615,-68.6843,-58.8892,-226.384,-222.577,-243.069,-361.286,4647.41,3918.64,3866.49,-8.40021,24.6934,-76.6409,-45.3314,-59.3286,-103.313,27.519,20.5557,9.89514,5.71206,4.62484,25.6878,-99.1745,22.4175,18.2946,-335.87,9.5,4.40254,3.2388,2,LLLFSLLVLLTALLALLLILI,FSLLVLLTALLALLL,0.3141325028523198,0.0617517883109971,L,99999900.0,-17.3123,-7.772300000000001,16.685000000000002,728.77,-0.023755505852326525,-0.010664956021790142,0.0228947404530922,-0.0115265584477956
LLLLSLLFILLIALLVTLILI_1,110011001100110000,1,-64.9427,-68.4974,-58.8343,-234.093,-232.832,-241.769,-364.113,4588.54,4083.71,3775.35,-8.39672,1713.26,-73.4739,1650.47,-63.5091,-47.5649,74.8045,-32.3735,10.4325,3.73335,3.35541,1444.33,-39.3076,75.987,-35.0,1421.95,8.4047,2.65439,2.2942,1,LLLLSLLFILLIALLVTLILI,LSLLFILLIALLVTL,0.1987838908234184,0.0171418935130833,R,99999900.0,-9.964800000000004,-6.108400000000003,7.676000000000016,504.8299999999999,-0.019738922013351038,-0.012099914822811647,0.015205118554761043,-0.016632767466275778
LLLTFLLGLLLIVLLAILILI_2,110011001100110000,1,-44.9935,-49.5496,-44.9935,-238.085,-231.263,-248.059,-356.907,4618.57,4052.95,3559.95,-8.37907,32004.5,-82.2075,31928.4,-63.8543,-81.7552,56.7688,-32.0031,11.1132,6.42707,5.7786,22213.6,-75.4208,48.7219,-40.9997,31647.6,7.4067,4.39057,3.6214,2,LLLTFLLGLLLIVLLAILILI,TFLLGLLLIVLLAIL,0.3924655740885023,0.0417472099300332,G,99999900.0,-18.353199999999994,0.0,9.97399999999999,565.6199999999999,-0.032447933241398816,0.0,0.01763374703864784,-0.014813956366465122
LLLYILLVALLFALLTLLILI_2,110011001100110000,1,-58.8685,-51.5659,-58.8685,-230.05,-230.01,-250.823,-352.62,4768.48,3937.99,3754.61,-8.3778,45963.6,-72.0796,45892.5,-42.9284,-34.7069,81.9073,-52.5734,8.94059,2.76352,2.49213,29058.7,-40.2159,66.0014,-36.8044,46254.0,8.4291,1.44258,0.932602,2,LLLYILLVALLFALLTLLILI,YILLVALLFALLTLL,0.256513180444595,0.0369964793503036,R,99999900.0,-29.151199999999996,0.0,20.772999999999996,830.4899999999998,-0.03510120531252634,0.0,0.025012944165492663,-0.010087779503666513
LLLAALLTLLLGFLLGILILI_1,110011001100110000,1,-58.7915,-58.7915,-58.7915,-228.165,-220.521,-236.563,-346.548,4502.75,3848.82,3530.16,-8.37711,1033870.0,-67.9679,1033800.0,-51.1931,-42.4964,81.0526,-47.3559,9.34858,3.81656,3.53235,859071.0,-47.6465,58.5055,-37.0652,1033480.0,7.2473,1.54522,0.922803,1,LLLAALLTLLLGFLLGILILI,AALLTLLLGFLLGIL,0.515093299347316,0.0662757339304517,G,99999900.0,-16.7748,0.0,8.397999999999996,653.9299999999998,-0.02565228694202744,0.0,0.012842353157065738,-0.012810407841817934
LLLYFLLAILLIVLLTLLILI_0,110011001100110000,1,-58.8246,-58.6676,-58.8246,-238.264,-226.777,-251.471,-358.243,4741.67,4114.72,3831.91,-8.3588,469.028,-69.5127,396.23,-47.9468,-72.4794,70.7546,-44.7307,10.4984,6.92378,6.4851,458.376,-76.5455,57.3918,-43.7935,110.786,8.5484,5.72972,5.0906,0,LLLYFLLAILLIVLLTLLILI,YFLLAILLIVLLTLL,0.1635201113534068,0.0400275979593814,R,99999900.0,-21.565899999999992,0.0,13.206999999999994,626.9499999999998,-0.034398117872238614,0.0,0.021065475715766804,-0.013332482654119153
LLLYWLLTVLALLLASLLILI_2,110011001100110000,1,-77.068,-67.0937,-74.1644,-220.363,-224.803,-253.764,-375.07,4695.89,3883.75,3840.03,-8.35287,15.6871,-85.9923,-67.4861,-47.142,-104.112,20.2426,24.8254,9.60482,4.84962,3.65326,-2.17302,-104.528,19.8573,25.1083,-383.213,9.5,4.85993,3.65779,2,LLLYWLLTVLALLLASLLILI,YWLLTVLALLLASLL,0.3691542316097317,0.0279031120982973,L,99999900.0,-38.8503,-2.9035999999999973,33.40100000000001,812.1400000000003,-0.047836949294456595,-0.0035752456473021844,0.04112714556603541,-0.010285012436279455
LLLSALLVLLLGLLLGTLILI_1,110011001100110000,1,-58.7964,-58.7964,-58.7964,-223.766,-225.531,-244.008,-370.35,4563.39,3754.63,3602.26,-8.34641,39188.0,-96.1342,39101.9,-67.5459,-69.1485,38.7285,-35.6304,7.8973,2.10063,1.18156,23415.1,-60.686,42.1433,-39.0899,38799.8,7.1501,1.29225,0.4244,1,LLLSALLVLLLGLLLGTLILI,SALLVLLLGLLLGTL,0.4091539081796296,0.0153963809866017,G,99999900.0,-28.588300000000004,0.0,20.24200000000002,808.7600000000002,-0.03534831099460903,0.0,0.025028438597358937,-0.01032000840793313
LLLLAILTYLLAVLLFLLILI_0,110011001100110000,1,-58.8523,-58.8544,-58.8523,-232.229,-216.912,-246.993,-353.615,4643.32,3753.56,3704.94,-8.31651,28.922,-70.85,-48.9269,-47.7702,-64.7597,67.3869,18.0772,10.0975,5.31119,4.82199,28.5333,-60.2494,57.7633,18.0,-324.693,8.9875,3.33545,2.7019,0,LLLLAILTYLLAVLLFLLILI,LAILTYLLAVLLFLL,0.8669670721089259,0.0212133713816532,L,99999900.0,-23.07979999999999,0.0,14.763999999999982,889.7599999999998,-0.025939354432655996,0.0,0.01659323862614636,-0.009346913774500991
LLLTSLLVGLLAYLLGALILI_2,110011001100110000,1,-58.5035,-54.1322,-44.9603,-223.947,-222.428,-248.438,-343.191,4532.36,3736.64,3636.26,-8.29695,1559750.0,-69.0372,1559690.0,-49.7928,-41.5265,77.4606,-43.0153,7.66035,3.18616,2.84807,696421.0,-47.0876,58.6724,-35.0,1556810.0,7.44,1.48391,0.863996,2,LLLTSLLVGLLAYLLGALILI,TSLLVGLLAYLLGAL,0.2607282454852709,0.0139689458769662,G,99999900.0,-19.2444,-13.543200000000006,24.490999999999985,795.7199999999998,-0.0241848891569899,-0.01702005730659027,0.030778414517669522,-0.010426971799125323
LLLSYLLVLLLIALLAFLILI_0,110011001100110000,1,-56.1464,-67.597,-44.9973,-235.077,-235.507,-255.972,-355.817,4663.0,4049.45,3534.54,-8.29082,582088.0,-72.8847,582035.0,-54.8483,-59.8079,57.354,-38.2241,10.6649,3.21397,2.57428,575768.0,-52.4575,65.3118,-43.1135,581732.0,7.3978,3.18572,2.6654,0,LLLSYLLVLLLIALLAFLILI,SYLLVLLLIALLAFL,0.2826744666623133,0.0702486714918482,G,99999900.0,-18.036399999999993,-11.149099999999997,20.89500000000001,613.5500000000002,-0.029396789177736107,-0.018171461168608904,0.034055904164289795,-0.013512867736940751
LLLSALLVILLAFLLTLLILI_0,110011001100110000,1,-58.846,-58.846,-58.7654,-230.854,-229.853,-251.334,-365.968,4590.69,3919.66,3903.45,-8.23684,-5.15518,-84.5046,-82.4243,-55.8684,-74.5785,42.308,-48.0423,8.76438,3.39835,2.53297,-5.56769,-72.2146,44.6287,-45.0,-371.123,8.9924,3.35707,2.5265,0,LLLSALLVILLAFLLTLLILI,SALLVILLAFLLTLL,0.4071559070759092,0.0417561362304491,R,99999900.0,-28.636199999999995,-0.0805999999999969,20.47999999999999,671.0299999999997,-0.04267499217620674,-0.0001201138548201972,0.030520244996497917,-0.012274920644382523
LLLLAYLTVLLSILFALLILI_1,110011001100110000,1,-70.7353,-70.6957,-74.3763,-227.894,-223.39,-245.008,-356.415,4592.4,3842.83,3742.47,-8.22665,31.5472,-66.0124,-30.782,-37.0308,-94.4356,39.574,24.7153,9.67026,6.00783,5.10144,28.9735,-94.2488,32.0172,18.3479,-327.559,9.3079,4.95964,3.9399,1,LLLLAYLTVLLSILFALLILI,LAYLTVLLSILFALL,0.3969538637312522,0.0587875315245497,L,99999900.0,-28.9816,3.6410000000000053,17.114000000000004,749.5699999999997,-0.03866430086582976,0.004857451605587212,0.022831756873941074,-0.010975159091212298
LLLYILLVALLATLLTALILI_1,110011001100110000,1,-69.4329,-65.5966,-72.5251,-229.439,-227.935,-244.979,-362.261,4598.9,4014.68,3805.7,-8.19537,667.161,-71.5839,598.432,-44.7566,-52.9657,56.6943,-48.7442,8.21947,2.09858,1.449,664.431,-47.282,59.6907,-41.1998,276.871,8.0989,1.65054,1.0459,1,LLLYILLVALLATLLTALILI,YILLVALLATLLTAL,0.288671504397789,0.0459082428696866,R,99999900.0,-26.8273,3.092199999999991,15.54000000000002,584.2199999999998,-0.045919858957242154,0.005292869124644812,0.026599568655643467,-0.014027883331621655
LLLYLLLVALLITLLSFLILI_2,110011001100110000,1,-74.0594,-51.7068,-74.0594,-243.796,-238.792,-253.091,-370.427,4699.08,4234.39,3814.97,-8.19369,646.097,-60.7659,566.168,-43.2766,-51.2735,65.7139,-48.8263,9.6321,3.0624,2.54811,458.648,-47.1777,64.0077,-41.6778,275.669,8.4891,2.21769,1.67781,2,LLLYLLLVALLITLLSFLILI,YLLLVALLITLLSFL,0.2106943452546831,0.0337209612684224,R,99999900.0,-17.4893,0.0,9.295000000000016,464.6899999999996,-0.037636488842023745,0.0,0.020002582366739168,-0.01763259377219223
LLLLAVLIFLLITLLSLLILI_1,110011001100110000,1,-74.1297,-73.8186,-74.1297,-241.173,-232.238,-246.767,-379.939,4592.35,4226.26,3733.8,-8.18256,133.59,-72.819,59.7074,-59.0427,-100.565,32.0867,29.69,11.5762,5.91646,4.89776,128.264,-90.6535,29.2985,21.6497,-252.572,9.4157,4.05332,2.9928,1,LLLLAVLIFLLITLLSLLILI,LAVLIFLLITLLSLL,0.3948974635936442,0.0897640991850572,L,99999900.0,-13.776299999999999,0.0,5.593999999999994,366.09000000000015,-0.037630910431861,0.0,0.01528039553115352,-0.02235122510857985
LLLTALLVFLLALLLASLILI_0,110011001100110000,1,-60.3691,-60.3691,-60.3691,-227.198,-224.408,-243.244,-362.157,4563.57,3816.6,3768.56,-8.1698,-3.01716,-82.7597,-80.3962,-58.5439,-73.1234,48.6505,-39.9964,8.40419,4.03633,3.26609,-2.15694,-64.7965,51.5402,-39.82,-365.174,8.0152,3.1774,2.4505,0,LLLTALLVFLLALLLASLILI,TALLVFLLALLLASL,0.497902548354264,0.035092775186421,R,99999900.0,-24.215799999999994,0.0,16.045999999999992,746.9699999999998,-0.03241870490113392,0.0,0.02148145173166258,-0.010937253169471334
LLLLIYLLFVLATLLLILILI_0,110011001100110000,1,-58.8946,-58.8946,-58.8946,-220.842,-210.916,-247.772,-356.356,4715.42,3645.87,3583.05,-8.16532,783.18,-84.7839,696.635,-49.6892,-52.419,77.4468,19.2297,9.47251,4.81817,4.47987,635.27,-60.4364,62.9803,18.0,426.824,8.8114,4.0678,3.5125,0,LLLLIYLLFVLATLLLILILI,LIYLLFVLATLLLIL,0.1991656034090803,0.0630647327634518,L,99999900.0,-35.0947,0.0,26.92999999999998,1069.5500000000002,-0.03281258473189659,0.0,0.025178813519704524,-0.007634350895236313
LLLTYLLVALLATLLSALILI_1,110011001100110000,1,-81.8286,-79.3974,-74.0585,-225.063,-226.625,-246.464,-369.831,4561.04,3819.5,3901.69,-8.14965,-2.57822,-71.0891,-66.3867,-49.3078,-40.0058,66.8037,-37.0843,7.95607,1.51937,1.02143,-7.33435,-40.3331,65.2509,-36.934,-377.508,8.0,1.35884,0.837604,1,LLLTYLLVALLATLLSALILI,TYLLVALLATLLSAL,0.3771651790950988,0.0267269077197529,R,99999900.0,-21.7813,-7.770099999999999,21.40100000000001,741.54,-0.02937306146667746,-0.010478328883135097,0.028860209833589574,-0.010990169107532971
LLLTALLIALLSVLLALLILI_1,110011001100110000,1,-62.2183,-62.5352,-60.5374,-225.807,-224.422,-241.213,-377.83,4506.85,3697.71,3864.99,-8.12409,-5.61084,-97.9292,-96.4843,-76.0801,-60.6554,80.0812,-42.0323,8.40105,6.40927,6.11049,-6.11391,-60.0354,75.7593,-43.336,-383.846,8.5306,5.73281,5.3692,1,LLLTALLIALLSVLLALLILI,TALLIALLSVLLALL,0.5578885840884159,0.0809258179082845,R,99999900.0,-21.849099999999993,-1.6809000000000012,15.406000000000006,809.1400000000003,-0.02700286724176284,-0.0020773908099957984,0.019039968361470202,-0.010040400919494768
LLLYWLLTILLALLASLLILI_2,110011001100110000,1,-76.0779,-71.347,-74.1136,-222.711,-220.427,-254.945,-378.576,4698.35,3918.21,3920.01,-8.08493,2.14001,-87.8724,-84.662,-49.5173,-107.049,8.2218,24.7127,9.53209,3.66731,2.29064,-0.503623,-107.547,8.11096,25.8539,-386.382,9.5,3.72703,2.34869,2,LLLYWLLTILLALLASLLILI,YWLLTILLALLASLL,0.4302407015956351,0.0226616682193167,L,99999900.0,-38.3551,-1.9642999999999944,32.23399999999998,780.1400000000003,-0.049164380752172665,-0.0025178814059014965,0.04131822493398617,-0.010363434768118539
LLLVYLLAALLTTLLSLLILI_2,110011001100110000,1,-87.9653,-87.9653,-87.9653,-226.82,-228.325,-242.39,-380.204,4590.59,3637.34,3730.33,-8.07043,-7.12564,-73.4888,-71.0391,-49.8479,-27.129,92.2088,-36.0879,8.92164,3.01754,2.90067,-5.97437,-31.1915,87.4311,-36.2559,-385.333,8.5903,2.98193,2.7934,2,LLLVYLLAALLTTLLSLLILI,VYLLAALLTTLLSLL,0.2928280129030762,0.0107709330431051,R,99999900.0,-23.640899999999995,0.0,15.569999999999993,953.25,-0.024800314712824543,0.0,0.01633359559402045,-0.0084662260687123
LLLYSLLIILLFVLLTLLILI_2,110011001100110000,1,-67.1366,-61.6168,-58.8796,-239.83,-238.315,-257.794,-363.734,4807.12,4070.42,3820.17,-8.03416,357.336,-64.8016,293.533,-47.061,-50.7019,88.3617,-45.2799,9.78478,6.03411,5.85954,321.06,-52.9619,83.5681,-45.0,588.909,8.1807,5.72598,5.4795,2,LLLYSLLIILLFVLLTLLILI,YSLLIILLFVLLTLL,0.1909674571497122,0.1276400622279791,R,99999900.0,-17.740599999999993,-8.256999999999998,17.96399999999997,736.6999999999998,-0.024081172797610965,-0.01120809013166825,0.024384416994706087,-0.010905606081172801
LLLAALLFTLLAVLLSLLILI_0,110011001100110000,1,-73.1707,-74.5975,-74.2087,-222.008,-219.812,-239.462,-365.802,4529.82,3934.43,3814.48,-7.9788,-3.92659,-78.6023,-75.3193,-52.1316,-73.5074,55.4391,-43.4958,8.14132,5.0104,4.34198,-2.88418,-71.6284,55.721,-38.7094,-369.729,8.1698,4.76659,4.1024,0,LLLAALLFTLLAVLLSLLILI,AALLFTLLAVLLSLL,0.4224007128136398,0.0328305992741517,R,99999900.0,-26.4707,1.0379999999999967,17.45399999999998,595.3899999999999,-0.04445942995347588,0.0017433950855741563,0.0293152387510707,-0.013400964073968326
LLLTALLVALLFILLSLLILI_0,110011001100110000,1,-60.5233,-61.8672,-60.369,-231.015,-229.392,-247.971,-369.86,4593.02,3850.13,3716.42,-7.89793,61.7063,-86.2191,-16.8938,-61.5191,-27.9902,92.7119,-46.6515,9.03422,3.21464,3.10531,61.6243,-36.6373,79.1887,-39.9947,-308.153,8.0543,2.68607,2.3739,0,LLLTALLVALLFILLSLLILI,TALLVALLFILLSLL,0.2908769808666879,0.0297675105962468,R,99999900.0,-24.699999999999996,-0.15429999999999922,16.956000000000017,742.8900000000003,-0.03324852939196918,-0.00020770235162675382,0.02282437507571782,-0.01063135861298442
LLLATLLAALLVLLLSLLILI_2,110011001100110000,1,-68.2658,-66.2656,-60.4259,-222.058,-221.527,-245.703,-353.818,4558.99,3762.67,3795.91,-7.89521,-5.41638,-71.3897,-71.4415,-47.6893,-50.6988,74.0443,-38.7132,8.61071,4.1008,3.71147,-3.86296,-48.4667,71.622,-38.1185,-357.784,8.7503,3.43897,3.0133,2,LLLATLLAALLVLLLSLLILI,ATLLAALLVLLLSLL,0.4679545560134316,0.080310458861398,R,99999900.0,-23.700400000000002,-7.8399,23.64500000000001,796.3199999999997,-0.029762407072533668,-0.009845162748643764,0.029692837050432012,-0.00991461975085393
LLLAYLLFILLTLLLSILILI_0,110011001100110000,1,-71.166,-71.763,-74.2527,-228.488,-228.674,-251.97,-375.128,4649.09,3856.07,3775.27,-7.88033,0.284991,-83.3547,-74.4059,-48.9061,-71.4194,54.2154,-44.2113,8.89595,4.53198,3.84521,1.85969,-75.9161,54.5672,-40.6949,-374.843,8.5264,5.25399,4.5725,0,LLLAYLLFILLTLLLSILILI,AYLLFILLTLLLSIL,0.3971294713614199,0.0194021085456847,R,99999900.0,-34.44859999999999,3.0867000000000075,23.482,793.02,-0.04343976192277621,0.003892335628357428,0.029610854707321378,-0.009937113818062596
LLLTSLLVALLALLLAILILI_2,110011001100110000,1,-56.0969,-55.0891,-45.0382,-223.925,-224.073,-251.648,-374.125,4539.46,3858.9,3802.37,-7.82415,-2.11541,-101.927,-97.0778,-77.4389,-58.9224,71.5687,-43.3766,7.88427,5.00013,4.57366,1.81476,-61.3414,69.3806,-39.8242,-352.609,8.0,5.06759,4.6083,2,LLLTSLLVALLALLLAILILI,TSLLVALLALLLAIL,0.5943982096494702,0.0563939387560494,R,99999900.0,-24.488100000000003,-11.058699999999995,27.722999999999985,680.56,-0.0359822792994005,-0.016249412248736328,0.040735570706477,-0.011496635124015518
LLLSALLVALLITLLFLLILI_2,110011001100110000,1,-59.8049,-59.8229,-58.8681,-230.856,-229.938,-252.355,-350.22,4592.5,3867.68,3848.93,-7.81852,-2.01971,-67.3774,-62.4789,-38.997,-26.8514,90.7708,-44.8139,8.87649,2.78177,2.64333,-3.40536,-23.3253,90.7494,-40.819,-354.838,9.0,2.24996,2.1112,2,LLLSALLVALLITLLFLLILI,SALLVALLITLLFLL,0.3951660851714272,0.0530009967988821,R,99999900.0,-28.380399999999995,-0.9368000000000052,21.498999999999995,724.8200000000002,-0.039155100576694885,-0.0012924588173615587,0.029661157252835173,-0.010786843630142654
LLLSYLLIVLLGLLLATLILI_2,110011001100110000,1,-77.3526,-58.7839,-58.7839,-227.749,-233.572,-251.918,-369.583,4599.92,3916.86,3620.6,-7.77205,145119.0,-72.2533,145042.0,-58.8814,-76.2905,51.9697,-41.7197,9.71481,4.95948,4.23903,96885.1,-84.8765,45.4702,-44.3391,526208.0,6.8761,5.36995,4.552,2,LLLSYLLIVLLGLLLATLILI,SYLLIVLLGLLLATL,0.4639791197015316,0.067822859476712,G,99999900.0,-13.371899999999997,-18.568699999999993,24.16900000000001,683.06,-0.019576464732234355,-0.027184581149532976,0.03538342166134748,-0.011378283020525284
LLLYSLLTALLVILLFLLILI_2,110011001100110000,1,-65.3987,-65.3518,-51.6189,-241.184,-240.637,-265.691,-364.396,4761.92,3966.04,3806.46,-7.7527,185.91,-65.5658,127.502,-47.0859,-36.7037,100.548,-35.0553,9.91337,5.57959,5.58781,181.631,-38.8884,87.4303,-44.355,-185.853,8.3134,4.13635,3.9478,2,LLLYSLLTALLVILLFLLILI,YSLLTALLVILLFLL,0.2075599352581949,0.0689336766171141,R,99999900.0,-18.479899999999994,-13.779800000000009,24.506999999999977,795.8800000000001,-0.02321945519425038,-0.017313916670854912,0.03079233050208571,-0.009741041363019549
LLLYFLLILLLGVLLASLILI_0,110011001100110000,1,-60.2828,-69.58,-60.2828,-228.111,-211.818,-249.501,-351.995,4717.14,4157.71,3597.28,-7.75087,1122070.0,-71.3519,1122000.0,-42.2117,-85.3884,64.7078,-44.5326,9.30948,8.04382,7.51444,711307.0,-85.2491,54.6423,-40.0514,1121720.0,6.6215,6.66407,5.9837,0,LLLYFLLILLLGVLLASLILI,YFLLILLLGVLLASL,0.1605864544584947,0.0846942493982213,G,99999900.0,-29.1402,0.0,21.390000000000015,559.4300000000003,-0.05208909068158659,0.0,0.03823534669216882,-0.013854941637023391
LLLSYLLTVLLILLLSFLILI_0,110011001100110000,1,-92.4402,-93.4492,-74.1326,-236.862,-236.741,-262.802,-383.256,4644.54,3951.24,3780.42,-7.74485,67.2448,-61.6986,14.1797,-46.3209,-64.5084,50.1124,-37.7983,10.194,2.94144,2.19312,68.1894,-67.3465,43.2715,-39.0017,-316.011,9.0,2.44363,1.5927,0,LLLSYLLTVLLILLLSFLILI,SYLLTVLLILLLSFL,0.438639819071807,0.0472474656456785,R,99999900.0,-15.377699999999997,-18.307600000000008,25.940000000000026,693.3000000000002,-0.022180441367373422,-0.026406461849127365,0.03741526034905527,-0.011170993797778736
LLLYLLLAILLFVLLSILILI_0,110011001100110000,1,-60.4111,-60.4111,-60.4111,-249.715,-238.843,-253.948,-366.134,4700.71,4238.94,3816.79,-7.74438,78.8331,-63.7522,11.9535,-51.7754,-38.9037,106.027,-44.4931,10.4514,6.64918,6.73959,77.1989,-41.3452,86.0588,-44.4358,-287.301,8.523,4.31972,4.1106,0,LLLYLLLAILLFVLLSILILI,YLLLAILLFVLLSIL,0.2119047907485062,0.107242374075453,R,99999900.0,-11.976800000000004,0.0,4.233000000000004,461.77000000000044,-0.025936721744591447,0.0,0.009166901271195618,-0.016771076509950824
LLLATLLVGLLFILLGTLILI_2,110011001100110000,1,-58.7666,-59.8364,-58.7666,-223.225,-223.425,-243.423,-345.753,4560.42,3870.66,3538.96,-7.74372,56.8323,-71.5045,-5.65929,-43.5628,-44.3022,66.5241,-43.5584,8.36022,2.12608,1.62394,49.3157,-39.5918,66.1876,-38.1472,-299.673,7.1158,1.37409,0.866903,2,LLLATLLVGLLFILLGTLILI,ATLLVGLLFILLGTL,0.3631828960325146,0.0156380080212057,G,99999900.0,-27.94169999999999,0.0,20.198000000000008,689.7600000000002,-0.04050930758524702,0.0,0.029282649037346325,-0.011226687543493385
LLLAGLLILLLGVLLATLILI_0,110011001100110000,1,-58.8369,-63.7245,-58.8369,-220.151,-215.106,-234.374,-358.671,4518.04,3839.22,3652.07,-7.72952,1569.56,-87.4118,1489.72,-65.4595,-69.5516,67.4674,-33.3607,8.65682,6.04085,5.55286,1487.53,-73.6779,53.5881,-38.6441,1210.88,7.4088,4.78608,4.0899,0,LLLAGLLILLLGVLLATLILI,AGLLILLLGVLLATL,0.3562983828777794,0.0312364392863913,G,99999900.0,-21.952299999999994,0.0,14.222999999999985,678.8200000000002,-0.03233891164078841,0.0,0.02095253528181253,-0.011386700450782238
LLLYILLLALLVSLLTILILI_0,110011001100110000,1,-70.9239,-74.2466,-74.2466,-229.857,-226.912,-251.82,-384.974,4641.59,3945.4,3807.16,-7.72119,40.0223,-91.9139,-43.7933,-58.9072,-40.9295,88.3326,-45.784,8.8211,4.56432,4.38931,20.7578,-38.0433,88.4207,-45.0,-344.952,8.215,4.14329,3.9696,0,LLLYILLLALLVSLLTILILI,YILLLALLVSLLTIL,0.4947750435261689,0.0666758595898796,R,99999900.0,-33.006699999999995,3.3226999999999975,21.962999999999994,696.19,-0.047410477024950076,0.004772691362989984,0.031547422399057716,-0.011090636176905729
LLLTILLAVLLALLLALLILI_1,110011001100110000,1,-45.0539,-45.0539,-45.0539,-222.966,-221.744,-240.834,-371.687,4558.25,3833.57,3928.93,-7.70847,-3.31286,-111.376,-108.202,-85.7999,-86.6659,53.2353,-42.8378,8.32518,6.68666,5.98519,-1.47658,-86.0037,51.0237,-43.1891,-372.446,8.8759,6.28875,5.55411,1,LLLTILLAVLLALLLALLILI,TILLAVLLALLLALL,0.4462357216569348,0.0274653712066294,R,99999900.0,-25.57610000000001,0.0,17.867999999999995,724.6799999999998,-0.03529295689131757,0.0,0.02465640006623613,-0.010637067395264118
LLLVYLLLALLTILLFILILI_2,110011001100110000,1,-65.8681,-65.3198,-59.0106,-232.65,-233.309,-249.998,-362.325,4682.68,3997.63,3996.89,-7.70011,7.11334,-71.5064,-56.5824,-53.3157,-29.1607,87.4008,-44.1488,9.56877,2.67321,2.48423,12.8698,-22.5179,92.1154,-45.0,-345.754,8.7339,2.31327,2.195,2,LLLVYLLLALLTILLFILILI,VYLLLALLTILLFIL,0.3221756252165595,0.036056212177995,R,99999900.0,-18.1907,-6.857500000000002,17.347999999999985,685.0500000000002,-0.026553828187723515,-0.010010218232245821,0.025323699000072957,-0.011240216042624622
LLLVALLLILTFLLISLLILI_2,110011001100110000,1,-74.1624,-74.1925,-74.1925,-238.184,-239.015,-246.578,-382.986,4583.07,3958.93,3712.65,-7.68915,2892.84,-78.3288,2823.06,-62.2151,-102.43,24.2731,26.8213,10.6988,5.14137,4.00547,2888.31,-113.58,1.80407,27.0117,2505.73,9.2654,3.78055,2.30761,2,LLLVALLLILTFLLISLLILI,VALLLILTFLLISLL,0.3437349874136957,0.055804617122611,L,99999900.0,-16.1137,0.030099999999990246,8.394000000000005,624.1399999999999,-0.02581744480405038,4.822635947061597e-05,0.01344890569423528,-0.012319591758259366
LLLTVLLALLLAALLSILILI_0,110011001100110000,1,-60.2614,-60.3614,-60.2614,-224.907,-221.701,-240.225,-377.404,4495.15,3847.51,3737.78,-7.6583,-3.93901,-99.8939,-99.2804,-76.9177,-82.9936,48.7272,-35.372,8.96396,5.52721,4.75812,-4.26348,-79.0843,48.947,-35.0,-381.343,8.4738,4.97049,4.20469,0,LLLTVLLALLLAALLSILILI,TVLLALLLAALLSIL,0.4770194361890607,0.010943645342127,R,99999900.0,-22.976200000000006,0.0,15.317999999999984,647.6399999999994,-0.03547680810326729,0.0,0.02365202890494719,-0.011824933605089257
LLLYLLLIALLGILLSTLILI_0,110011001100110000,1,-81.7663,-82.4185,-74.098,-228.85,-220.96,-248.238,-377.087,4607.18,3992.42,3685.95,-7.65016,222.701,-74.121,148.992,-54.7514,-70.143,62.9548,-50.2817,7.50652,5.52034,4.96466,200.061,-63.07,66.418,-42.249,-154.386,7.1117,4.92693,4.4232,0,LLLYLLLIALLGILLSTLILI,YLLLIALLGILLSTL,0.1483760547303901,0.0079520454891846,G,99999900.0,-19.3696,-7.668300000000002,19.388000000000005,614.7600000000002,-0.031507580193896795,-0.01247364825297677,0.03153751057323183,-0.012444140802914954
LLLTWLLVALLLILLFSLILI_0,110011001100110000,1,-60.3561,-45.0211,-60.3561,-237.486,-232.338,-253.443,-375.785,4670.37,3980.58,3581.75,-7.63913,417.217,-85.5821,318.791,-61.9862,-15.5162,89.6479,-38.0755,9.97692,0.929902,0.774621,404.499,-15.4874,85.0293,-35.0,41.4317,8.24,0.30206,0.0774989,0,LLLTWLLVALLLILLFSLILI,TWLLVALLLILLFSL,0.5209491103863501,0.0674531553803351,R,99999900.0,-23.5959,0.0,15.957000000000022,689.79,-0.03420736745966164,0.0,0.02313312747357895,-0.011074573420896214
LLLATLLVSLLALLLAFLILI_0,110011001100110000,1,-67.1163,-66.8952,-60.3815,-220.112,-219.626,-241.734,-359.675,4545.27,3913.05,3652.07,-7.62602,22668.7,-80.0727,22595.6,-57.5591,-48.7301,60.8388,-42.2405,9.48777,2.02275,1.43533,3663.39,-52.2356,60.4157,-36.0527,22309.1,8.7567,2.49146,1.8977,0,LLLATLLVSLLALLLAFLILI,ATLLVSLLALLLAFL,0.4386941580995695,0.0228738547958059,R,99999900.0,-22.513599999999997,-6.734799999999993,21.622000000000014,632.2200000000003,-0.03561038878871277,-0.010652620923096375,0.03420012021131885,-0.012062288443896107
LLLYILLLALLTVLLSALILI_0,110011001100110000,1,-74.2719,-74.2719,-74.2719,-231.732,-224.273,-247.824,-376.151,4645.57,4062.97,3955.41,-7.62326,-2.96473,-77.7703,-80.5709,-54.0552,-41.2197,88.6356,-44.2841,8.87837,4.64876,4.4783,-3.22182,-39.2116,82.5884,-44.5047,-379.116,8.7478,3.53117,3.27,0,LLLYILLLALLTVLLSALILI,YILLLALLTVLLSAL,0.2603980822156473,0.0091721458090616,R,99999900.0,-23.715100000000007,0.0,16.092000000000013,582.5999999999999,-0.04070562993477517,0.0,0.027621009268795082,-0.013084895296944734
LLLSALLVALLTILLFLLILI_2,110011001100110000,1,-56.8556,-51.7019,-58.9953,-234.016,-236.128,-251.546,-369.796,4578.13,3969.88,3901.31,-7.59185,4.95542,-86.5157,-77.0103,-59.2546,-69.4564,55.8032,-48.9027,8.32062,4.45189,3.78894,-5.79784,-65.9441,64.0879,-45.0,-375.509,8.3536,5.04348,4.5048,2,LLLSALLVALLTILLFLLILI,SALLVALLTILLFLL,0.4521658116317463,0.0907367774969452,R,99999900.0,-27.261099999999992,2.1396999999999977,17.53,608.25,-0.04481890669954787,0.00351779695848746,0.02882038635429511,-0.012481463214138924
LLLYVLLALLLITLLGFLILI_1,110011001100110000,1,-58.7232,-51.605,-58.7232,-246.047,-238.157,-250.379,-351.318,4688.59,4263.8,3580.43,-7.55364,63612.9,-54.1021,63551.3,-42.2162,-71.8218,49.8929,-41.482,10.2427,4.00881,3.2572,57287.3,-71.1719,34.5088,-41.0473,64230.1,6.9662,1.83447,0.852102,1,LLLYVLLALLLITLLGFLILI,YVLLALLLITLLGFL,0.193011417894279,0.0483978068283479,G,99999900.0,-11.8859,0.0,4.331999999999994,424.78999999999996,-0.027980649261988278,0.0,0.010197980178441098,-0.017782057016408108
LLLSYLLVALLITLLALLILI_1,110011001100110000,1,-64.2064,-59.4472,-58.8681,-231.832,-231.609,-254.394,-369.244,4604.76,3866.27,3810.14,-7.55202,170.799,-80.7572,92.6111,-55.9816,-23.069,89.2349,-49.1277,8.97847,2.00707,1.84559,-4.03396,-23.3253,90.7494,-40.819,-373.803,9.0,2.24996,2.1112,1,LLLSYLLVALLITLLALLILI,SYLLVALLITLLALL,0.4758062003909964,0.0484325120214481,R,99999900.0,-24.775599999999997,-5.338300000000004,22.562000000000012,738.4900000000002,-0.03354899863234436,-0.007228669311703614,0.03055153082641607,-0.010226299611369142
LLLYTLLAVLIALLASLLILI_2,110011001100110000,1,-64.9037,-64.5749,-60.3479,-221.714,-218.613,-244.949,-359.252,4573.38,3793.2,3724.49,-7.54894,57.7053,-80.1834,-18.359,-53.955,-109.793,19.8534,24.2592,9.16157,5.64909,4.44689,45.5895,-108.585,15.5684,18.0,-304.914,8.7553,4.88948,3.62301,2,LLLYTLLAVLIALLASLLILI,YTLLAVLIALLASLL,0.460023023143409,0.0597208962842366,L,99999900.0,-26.228400000000008,-4.555799999999998,23.235000000000014,780.1800000000003,-0.03361839575482581,-0.005839421671921859,0.02978158886410829,-0.009675895306211383
LLLSALLVLLLAFLLTILILI_1,110011001100110000,1,-51.8182,-58.8905,-58.8353,-231.603,-231.61,-251.558,-364.153,4583.2,3896.94,3847.25,-7.54808,-4.47549,-88.28,-78.1278,-53.7593,-69.7701,57.9919,-47.8667,8.75543,4.79442,4.1643,-4.60831,-68.6732,57.2295,-41.2124,-367.645,9.0,4.52696,3.8854,1,LLLSALLVLLLAFLLTILILI,SALLVLLLAFLLTIL,0.3352318596735963,0.04999748392314,R,99999900.0,-34.5207,7.017099999999999,19.954999999999984,686.2599999999998,-0.050302654970419386,0.010225133331390437,0.029077900504182075,-0.010998863404540557
LLLTALLIALLLSLLAVLILI_2,110011001100110000,1,-60.3917,-60.3917,-60.3917,-225.674,-226.174,-241.19,-378.129,4497.8,3738.2,3720.14,-7.53778,-0.475318,-99.6017,-92.0386,-76.5482,-36.5091,91.6111,-39.1445,8.09612,4.34387,4.21803,-4.86653,-32.2597,92.0409,-42.2469,-383.268,8.0874,3.76448,3.64509,2,LLLTALLIALLLSLLAVLILI,TALLIALLLSLLAVL,0.4955153643572681,0.0479777760140914,R,99999900.0,-23.0535,0.0,15.515999999999991,759.6000000000004,-0.030349526066350697,0.0,0.020426540284360167,-0.009923354397051075
LLLLTLLIALLVILLSFLILI_2,110011001100110000,1,-66.6367,-65.4977,-60.3518,-233.184,-231.878,-246.641,-370.178,4618.8,4017.11,3771.29,-7.53218,57.8612,-77.8892,-14.9417,-63.1856,-51.8577,88.6039,-39.3432,8.69272,6.24018,6.06924,50.2849,-47.682,80.7227,-35.7606,-320.781,8.0,4.54986,4.2607,2,LLLLTLLIALLVILLSFLILI,LTLLIALLVILLSFL,0.1965244127632944,0.0502867716485782,R,99999900.0,-14.703600000000002,-6.2849000000000075,13.456999999999994,601.69,-0.024437168641659325,-0.010445412089281868,0.022365337632335575,-0.012518373248682876
LLLLWILTYLLIVLLFLLILI_2,110011001100110000,1,-58.8375,-58.8555,-58.8216,-243.728,-229.346,-258.497,-366.722,4723.13,3859.0,3625.54,-7.52231,482.704,-71.6784,404.183,-49.4026,-54.9416,76.7472,19.5435,10.9966,5.10212,4.75333,453.837,-60.2494,57.7633,18.0,239.19,8.9875,3.33545,2.7019,2,LLLLWILTYLLIVLLFLLILI,LWILTYLLIVLLFLL,0.7031890860306177,0.0665926406918779,L,99999900.0,-22.275799999999997,-0.015900000000002024,14.769000000000005,864.1300000000001,-0.025778297246942004,-1.840000925786863e-05,0.01709117841065581,-0.008705067524562276
LLLFALLILLVTLLYSLLILI_2,110011001100110000,1,-67.2034,-77.8352,-74.2465,-235.336,-224.529,-248.227,-364.755,4737.75,3926.78,3708.43,-7.51931,92386.1,-69.7352,92323.7,-42.2821,-96.6267,43.6589,27.0607,9.5976,6.88795,6.04284,89479.9,-112.96,15.1861,23.7073,91455.0,9.0615,5.49412,4.22191,2,LLLFALLILLVTLLYSLLILI,FALLILLVTLLYSLL,0.3383798441287808,0.0271070727130838,L,99999900.0,-27.453100000000006,7.0430999999999955,12.890999999999991,810.9699999999998,-0.033852177022577916,0.008684784887233803,0.015895779128697725,-0.009271995264929654
LLLAALLIALLVSLLTLLILI_1,110011001100110000,1,-74.2976,-74.2976,-74.2976,-221.041,-222.179,-238.577,-380.573,4493.94,3837.46,3870.78,-7.50171,-2.63031,-92.7363,-86.7271,-67.699,-17.4419,91.5491,-37.9025,8.60079,1.47542,1.34866,-1.91229,-12.2363,93.4904,-35.6757,-383.947,9.0,0.956644,0.858999,1,LLLAALLIALLVSLLTLLILI,AALLIALLVSLLTLL,0.4497649182836047,0.0131437521628497,R,99999900.0,-25.037300000000002,0.0,17.536,656.4799999999996,-0.038138709480867686,0.0,0.026712161832805285,-0.011427172191079705
LLLYALLLALLVALLSTLILI_2,110011001100110000,1,-74.2355,-74.1453,-74.2355,-224.97,-224.184,-245.119,-368.811,4626.8,4001.6,3878.4,-7.44574,0.993903,-77.052,-69.4876,-49.4568,-20.6049,89.6683,-39.0084,8.27045,1.69595,1.54097,2.02125,-15.029,89.2957,-37.6435,-366.295,8.2413,0.809265,0.6487,2,LLLYALLLALLVALLSTLILI,YALLLALLVALLSTL,0.3142080379586217,0.0393960733671839,R,99999900.0,-27.595200000000006,0.0,20.149,625.2000000000003,-0.04413819577735124,0.0,0.0322280870121561,-0.01190937300063979
LLLTVLLLGLLFILLFALILI_2,110011001100110000,1,-44.9318,-44.9318,-44.9318,-233.213,-228.825,-246.672,-342.568,4649.64,4036.2,3628.02,-7.43958,2228.62,-71.8633,2159.81,-50.9647,-32.3441,78.5434,-45.3212,9.16434,1.95498,1.63313,1965.16,-30.525,71.559,-44.3251,1886.06,7.1169,0.739215,0.3126,2,LLLTVLLLGLLFILLFALILI,TVLLLGLLFILLFAL,0.272041637320507,0.0632118710238273,G,99999900.0,-20.898599999999995,0.0,13.459000000000003,613.4400000000005,-0.03406787949921749,0.0,0.02194020605112153,-0.012127640845070413
LLLTLLLAVLLIYLLSFLILI_1,110011001100110000,1,-60.2846,-60.4223,-60.3721,-237.577,-234.173,-253.037,-363.405,4668.37,3989.09,3692.92,-7.43492,171.544,-72.9778,102.735,-49.9958,-63.222,72.8434,-39.1972,10.4056,5.81716,5.40981,167.882,-64.1917,66.313,-35.2838,-193.259,9.0,5.08101,4.5757,1,LLLTLLLAVLLIYLLSFLILI,TLLLAVLLIYLLSFL,0.343253719103012,0.0532721015718688,R,99999900.0,-22.982,0.08750000000000568,15.460000000000008,679.2799999999997,-0.033832881874926404,0.00012881286067601832,0.022759392297727027,-0.010945295018254626
LLLFALLTILLIYLLSLLILI_0,110011001100110000,1,-74.2445,-74.5376,-74.1681,-237.805,-230.959,-251.0,-368.001,4712.73,4002.71,3775.88,-7.36278,92.3572,-63.3145,29.8523,-42.8334,-67.0878,75.6366,-33.6269,10.1821,6.77412,6.40867,93.9118,-68.8108,64.9165,-37.632,-275.644,9.0,5.58535,5.0591,0,LLLFALLTILLIYLLSLLILI,FALLTILLIYLLSLL,0.31169826161314,0.0328387525131573,R,99999900.0,-20.481100000000005,-0.07640000000000668,13.194999999999993,710.0199999999995,-0.028845807160361708,-0.00010760260274359418,0.018583983549759164,-0.010369820568434699
LLLSALLTLLLAFLLSILILI_0,110011001100110000,1,-70.7893,-70.1615,-74.0953,-232.469,-231.015,-251.546,-381.079,4551.66,3827.56,3851.23,-7.35229,-3.16499,-85.173,-83.0681,-55.4383,-61.9895,57.3049,-41.2063,7.83123,3.5346,2.89417,-2.2602,-64.7965,51.5402,-39.82,-384.244,8.0152,3.1774,2.4505,0,LLLSALLTLLLAFLLSILILI,SALLTLLLAFLLSIL,0.3944469611255081,0.0552444773988842,R,99999900.0,-29.734700000000004,3.3059999999999974,19.076999999999998,724.0999999999999,-0.04106435575196797,0.004565667725452282,0.026345808589973763,-0.010153694241126917
LLLTYLLVILLAALLSLLILI_1,110011001100110000,1,-60.3271,-58.7879,-60.3271,-234.648,-227.965,-251.087,-376.141,4620.43,3856.05,3903.18,-7.34016,765.163,-88.5063,675.775,-64.7271,-69.9545,44.5021,-48.7998,8.93286,3.00097,2.1685,3.04545,-61.4542,42.8978,-44.8882,-374.378,8.9762,1.50933,0.652797,1,LLLTYLLVILLAALLSLLILI,TYLLVILLAALLSLL,0.3185055506534106,0.0093206868814152,R,99999900.0,-23.779200000000003,0.0,16.438999999999993,764.3800000000001,-0.031109134200266883,0.0,0.021506318846646943,-0.009602763023626991
LLLFTLLVILLAYLLSLLILI_0,110011001100110000,1,-62.9474,-55.3359,-60.4033,-236.358,-227.057,-249.804,-358.285,4718.4,4115.59,3749.64,-7.32277,40242.0,-66.3021,40166.1,-48.0769,-40.213,79.3975,-50.3957,10.3421,3.25063,2.94159,38558.2,-45.4715,65.5685,-35.0,39883.7,8.1631,2.17247,1.656,0,LLLFTLLVILLAYLLSLLILI,FTLLVILLAYLLSLL,0.4536558728092075,0.1346235795020935,R,99999900.0,-18.225199999999994,-2.5441000000000003,13.445999999999998,602.8099999999995,-0.030233738657288383,-0.004220401121414712,0.022305535740946583,-0.012147724822083254
LLLLVLLIILLFALLSTLILI_2,110011001100110000,1,-74.1998,-74.1998,-74.1998,-232.854,-228.763,-246.15,-377.528,4564.07,3862.53,3722.86,-7.26104,606.14,-77.7355,531.574,-57.178,-34.8102,83.6257,-40.1768,9.62889,3.01101,2.76539,73.6465,-30.3621,80.2592,-40.3295,-303.89,8.3549,1.88931,1.5932,2,LLLLVLLIILLFALLSTLILI,LVLLIILLFALLSTL,0.3725624651853025,0.1085272758786327,R,99999900.0,-20.557500000000005,0.0,13.295999999999992,701.5399999999995,-0.02930338968554896,0.0,0.018952590016249965,-0.010350143968982532
LLLTALLAGLLFGLLVLLILI_2,110011001100110000,1,-44.9826,-44.9826,-44.9826,-218.951,-221.779,-240.957,-277.444,4562.72,3792.44,3752.95,-7.24518,-6.5143,-20.7556,-17.1972,8.49496,-40.5356,68.3676,-35.2946,7.40751,1.80996,1.33548,-5.1509,-44.147,67.923,-36.7071,-284.075,7.5,2.29165,1.81049,2,LLLTALLAGLLFGLLVLLILI,TALLAGLLFGLLVLL,0.3011915910382806,0.1159111281918511,G,99999900.0,-29.25056,0.0,22.006,770.2800000000002,-0.037973931557355754,0.0,0.028568832112997863,-0.00940590434647141
LLLYALLVALLLTLLSALILI_2,110011001100110000,1,-72.0658,-72.1983,-74.1382,-227.703,-225.263,-244.988,-370.335,4619.71,4113.33,4065.0,-7.22751,-3.05779,-77.7942,-75.9315,-51.2095,-37.631,97.9065,-47.3687,8.83231,5.36203,5.33063,-2.60764,-31.0165,97.6795,-42.1335,-372.411,9.0,4.33921,4.3044,2,LLLYALLVALLLTLLSALILI,YALLVALLLTLLSAL,0.310641793632244,0.0425241246532333,R,99999900.0,-26.584700000000005,2.072400000000002,17.284999999999997,506.3800000000001,-0.05249950629961689,0.004092578695841071,0.03413444448832891,-0.014272897823768707
LLLYILLIVLLALLLTFLILI_1,110011001100110000,1,-58.8588,-58.814,-58.8588,-247.391,-234.264,-254.851,-363.538,4713.67,4266.63,3851.15,-7.22342,53.8454,-64.511,-16.6146,-49.8282,-77.5981,65.1203,-43.4444,10.718,6.93096,6.40777,53.5769,-73.6754,55.7586,-37.7359,-302.233,8.8202,5.07872,4.4151,1,LLLYILLIVLLALLLTFLILI,YILLIVLLALLLTFL,0.2307559863935167,0.0252769212484511,R,99999900.0,-14.682799999999993,0.0,7.460000000000008,447.03999999999996,-0.03284448818897637,0.0,0.01668754473872586,-0.01615833035075161
LLLSALLVFLLATLLSLLILI_2,110011001100110000,1,-74.5513,-67.95,-74.0414,-231.064,-230.533,-248.902,-375.99,4542.53,3746.01,3893.56,-7.22134,0.963397,-77.5967,-76.544,-53.0468,-69.3931,51.0446,-41.8646,8.24938,3.79999,3.06566,0.870213,-64.4175,49.7905,-41.0526,-376.001,8.2396,2.88434,2.1312,2,LLLSALLVFLLATLLSLLILI,SALLVFLLATLLSLL,0.341040613845781,0.0792373886266581,R,99999900.0,-24.5499,-0.5099000000000018,17.837999999999994,796.5199999999995,-0.03082144830010548,-0.0006401596946718251,0.02239491789283383,-0.009066112589765484
LLLYSLLVILLFTLLILLILI_2,110011001100110000,1,-66.078,-54.8856,-58.8088,-235.921,-232.524,-258.994,-364.273,4778.31,4060.25,3793.97,-7.14081,565.614,-69.4152,488.751,-46.47,-56.58,80.881,-31.8329,10.405,5.90593,5.61914,566.525,-56.104,80.164,-35.0,201.341,8.259,5.73774,5.4402,2,LLLYSLLVILLFTLLILLILI,YSLLVILLFTLLILL,0.2613241291185219,0.0300747866783004,R,99999900.0,-22.9452,-7.269200000000005,23.073000000000036,718.0600000000004,-0.03195443277720523,-0.010123388017714398,0.03213241233323124,-0.009944586803331193
LLLAILLLALLFVLLYTLILI_0,110011001100110000,1,-61.9572,-59.9362,-58.8922,-230.761,-223.27,-247.07,-356.565,4622.18,3773.07,3682.8,-7.13136,203.568,-70.9785,130.209,-50.6029,-60.3732,88.9621,-39.3751,9.4711,7.56586,7.40029,177.213,-56.0784,83.297,-37.0432,-152.997,8.1857,6.15685,5.9063,0,LLLAILLLALLFVLLYTLILI,AILLLALLFVLLYTL,0.3767777067308007,0.0469272900156327,R,99999900.0,-20.3756,-3.0649999999999977,16.308999999999997,849.1100000000001,-0.023996419780711563,-0.0036096618812639083,0.019207169860206562,-0.008398629152877717
LLLYVLLITLLGFLLSLLILI_0,110011001100110000,1,-74.0677,-76.2624,-74.0677,-242.672,-228.176,-252.24,-365.774,4693.77,4119.38,3696.09,-7.11338,710494.0,-56.1478,710432.0,-39.466,-91.3817,48.7873,-31.1253,10.0015,6.79353,6.02534,227912.0,-95.1525,31.2122,-44.0738,710128.0,7.3447,4.98652,3.9547,0,LLLYVLLITLLGFLLSLLILI,YVLLITLLGFLLSLL,0.324752145413724,0.0139091869384058,G,99999900.0,-16.681799999999996,0.0,9.568000000000012,574.3900000000003,-0.02904263653615137,0.0,0.01665767161684571,-0.012384233708804116
LLLAALLLSLLATLLVFLILI_0,110011001100110000,1,-74.2589,-74.2589,-74.2294,-222.655,-219.383,-239.355,-366.943,4519.59,3904.72,3749.34,-7.10744,-6.27943,-77.1367,-79.5807,-53.3589,-56.3014,89.5001,-36.618,8.45821,7.02773,6.87023,-6.09463,-56.0784,83.297,-37.0432,-373.223,8.1857,6.15685,5.9063,0,LLLAALLLSLLATLLVFLILI,AALLLSLLATLLVFL,0.3694031691291106,0.0169887770525461,R,99999900.0,-23.777800000000006,-0.02949999999999875,16.69999999999999,614.8700000000003,-0.03867126384438986,-4.797762128579819e-05,0.02716021272789367,-0.011559256428188067
LLLAYLLFLLLITLLSILILI_0,110011001100110000,1,-74.1028,-62.1388,-74.1028,-235.644,-228.332,-251.987,-374.316,4657.11,3978.88,3574.02,-7.06947,25273.5,-71.6389,25189.7,-48.2259,-59.6468,71.8738,-40.0344,10.8043,5.14999,4.72809,23722.4,-62.4741,58.2239,-43.3401,24899.2,7.3625,3.73134,3.1047,0,LLLAYLLFLLLITLLSILILI,AYLLFLLLITLLSIL,0.3670843345390717,0.1321994852648874,G,99999900.0,-23.413000000000004,0.0,16.34299999999999,678.2299999999996,-0.034520737802810286,0.0,0.024096545419695383,-0.010423410937292665
LLLLIVLTILLALLYSLLILI_1,110011001100110000,1,-74.1982,-74.2084,-74.1982,-237.432,-243.242,-247.512,-385.524,4554.37,4021.45,3862.14,-7.0341,89.8016,-80.9278,21.728,-63.8134,-94.9109,9.65456,38.9471,9.5639,2.04,0.684818,82.6451,-95.3663,8.02833,28.0,-299.469,9.3966,1.88877,0.509195,1,LLLLIVLTILLALLYSLLILI,LIVLTILLALLYSLL,0.2289009983064922,0.0905485052123425,L,99999900.0,-17.114400000000003,0.0,10.080000000000013,532.9200000000001,-0.03211438865120469,0.0,0.018914658860617,-0.01319916685431209
LLLTALLVALLIYLLSFLILI_2,110011001100110000,1,-60.3018,-61.1733,-60.2169,-235.349,-231.277,-250.129,-357.905,4607.78,3939.33,3768.5,-7.02602,115.968,-69.2809,50.5127,-47.559,-72.755,67.5683,-35.607,8.96068,6.53498,6.04851,61.4599,-69.0036,63.721,-36.3865,-241.937,8.0348,5.45288,4.9087,2,LLLTALLVALLIYLLSFLILI,TALLVALLIYLLSFL,0.2682484672847171,0.0998370982052881,R,99999900.0,-21.721900000000005,-0.08489999999999753,14.780000000000001,668.4499999999998,-0.03249592340489193,-0.00012701024758769925,0.022110853466975847,-0.010510913306904034
LLLYWLLIILLALLFSLLILI_1,110011001100110000,1,-60.4066,-60.4066,-60.4066,-237.49,-227.956,-260.177,-367.824,4781.72,3968.72,3837.99,-7.01004,2.90149,-76.9371,-76.5602,-47.2403,-102.255,23.7814,24.8128,9.8677,5.04873,3.90545,5.47094,-107.547,8.11096,25.8539,-361.775,9.5,3.72703,2.34869,1,LLLYWLLIILLALLFSLLILI,YWLLIILLALLFSLL,0.4154134579969964,0.0634134684089496,L,99999900.0,-29.696800000000003,0.0,22.687000000000012,813.0000000000005,-0.03652742927429273,0.0,0.02790528905289053,-0.008622435424354239
LLLFYLLGVLLILLLASLILI_2,110011001100110000,1,-60.7424,-66.4601,-60.32,-236.087,-224.093,-244.496,-349.656,4756.15,3916.79,3626.83,-7.00878,1219120.0,-59.8347,1219070.0,-44.8394,-75.8287,64.9336,-32.014,10.4685,6.64033,6.11433,698801.0,-75.759,50.2096,-41.8685,1218780.0,7.3305,4.64215,3.89529,2,LLLFYLLGVLLILLLASLILI,FYLLGVLLILLLASL,0.1890858410709189,0.059970925131014,G,99999900.0,-14.9953,-0.4224000000000032,8.40900000000002,839.3599999999997,-0.01786515916889059,-0.0005032405642394246,0.010018347312237923,-0.008350147731605036
LLLYALLVILLSLLLFTLILI_0,110011001100110000,1,-74.2198,-75.6487,-74.2198,-239.158,-232.072,-254.131,-370.971,4713.7,4145.62,3805.97,-6.96915,68.473,-64.5628,5.22238,-42.6208,-72.2476,73.1258,-46.8142,9.51361,7.20912,6.806,68.4932,-69.5216,69.2117,-44.462,-302.498,8.1432,6.27182,5.81,0,LLLYALLVILLSLLLFTLILI,YALLVILLSLLLFTL,0.2660548995807736,0.0010975758856794,R,99999900.0,-21.941999999999993,0.0,14.973000000000013,568.0799999999999,-0.03862484157160963,0.0,0.026357203210815406,-0.012267902408111535
LLLVYLLTILLIALLSLLILI_2,110011001100110000,1,-80.776,-74.1315,-74.1035,-231.255,-229.423,-247.099,-383.158,4646.16,3804.58,3678.22,-6.96889,2173.98,-78.0953,2094.37,-61.9548,-26.2632,79.3517,-42.5744,9.32673,1.15196,0.842236,1317.29,-17.5234,92.7586,-35.0,796.546,8.8654,1.65092,1.5423,2,LLLVYLLTILLIALLSLLILI,VYLLTILLIALLSLL,0.3483170306546987,0.0319097338869709,R,99999900.0,-16.140499999999996,-6.672499999999999,15.843999999999994,841.5799999999999,-0.019178806530573442,-0.007928539176311224,0.018826493025024354,-0.008280721975332115
LLLTYLLIALLAALLFVLILI_1,110011001100110000,1,-45.0398,-45.0398,-45.0398,-234.155,-233.074,-248.904,-342.204,4632.84,3779.23,3744.85,-6.95757,24.6719,-69.9663,-39.4181,-48.2597,-20.7394,96.3197,-41.3706,8.43167,2.61407,2.55887,21.8264,-15.7577,89.9497,-39.1893,-321.005,8.0,1.00686,0.856105,1,LLLTYLLIALLAALLFVLILI,TYLLIALLAALLFVL,0.4000637892540128,0.0250082151740851,R,99999900.0,-21.7066,0.0,14.748999999999995,853.6100000000001,-0.02542917725893558,0.0,0.017278382399456418,-0.008150759714623772
LLLVALLLALLFTLLSLLILI_0,110011001100110000,1,-74.1354,-74.4659,-74.1354,-225.991,-226.084,-242.573,-375.955,4610.92,3961.22,3963.62,-6.94799,27.6708,-82.7756,-47.7336,-59.2456,-9.59597,95.6213,-32.7286,9.28982,0.848267,0.782586,27.903,-18.4173,84.5167,-38.5607,-348.284,9.0,0.672349,0.440099,0,LLLVALLLALLFTLLSLLILI,VALLLALLFTLLSLL,0.6130260414113242,0.0280620560222856,R,99999900.0,-23.529999999999994,0.0,16.581999999999994,649.7000000000003,-0.03621671540711095,0.0,0.025522548868708615,-0.01069415114668308
LLLYALLVALLATLLFLLILI_1,110011001100110000,1,-57.2296,-59.5126,-58.8507,-229.04,-227.701,-247.979,-348.02,4686.5,4077.82,4008.81,-6.94255,-4.0698,-68.6927,-64.8761,-41.1902,-31.5307,94.7397,-39.2864,8.67964,4.01947,3.94057,-3.98192,-28.1339,95.9421,-37.7472,-352.339,8.6579,3.67227,3.6114,1,LLLYALLVALLATLLFLLILI,YALLVALLATLLFLL,0.2978983052562483,0.0272321148821851,R,99999900.0,-27.502500000000005,1.6211000000000055,18.93900000000002,608.6799999999998,-0.045183840441611375,0.0026633041992508476,0.031114871525267835,-0.011405911152001054
LLLAYLLFLLLIVLLGSLILI_0,110011001100110000,1,-60.2995,-65.1943,-60.2995,-231.115,-226.898,-246.162,-354.58,4658.02,4054.39,3475.1,-6.91244,734646.0,-70.0782,734583.0,-48.1181,-58.0872,58.2181,-39.9464,10.7532,3.07253,2.4458,697985.0,-60.8008,50.4599,-37.6027,734291.0,7.1589,2.4322,1.6891,0,LLLAYLLFLLLIVLLGSLILI,AYLLFLLLIVLLGSL,0.3386304107643791,0.1204017035168452,G,99999900.0,-21.960099999999997,0.0,15.046999999999997,603.6300000000006,-0.03638006725974517,0.0,0.024927521826284285,-0.01145145204844026
LLLSALLVALLTFLLTLLILI_0,110011001100110000,1,-70.9522,-70.5874,-72.693,-231.014,-228.186,-250.677,-373.297,4581.34,4033.5,3854.63,-6.91217,-6.69368,-78.2435,-81.2175,-49.9267,-77.6352,60.6142,-49.7599,8.81413,6.32821,5.73742,-6.93464,-80.5617,52.7769,-43.5392,-379.991,8.7383,5.70914,5.00079,0,LLLSALLVALLTFLLTLLILI,SALLVALLTFLLTLL,0.4200343013280442,0.0703560129967644,R,99999900.0,-28.3168,1.740799999999993,19.662999999999982,547.8400000000001,-0.05168808411214952,0.0031775700934579304,0.035891866238317714,-0.012617132739485977
LLLTALLAALLLVLLSFLILI_1,110011001100110000,1,-60.3994,-60.3601,-60.4388,-226.428,-225.604,-245.874,-364.165,4596.1,3862.39,3859.58,-6.79608,-2.81413,-84.1332,-81.0149,-57.8518,-49.02,90.3991,-34.6472,8.89273,6.05687,5.91285,-5.8676,-46.4612,89.8188,-35.5102,-370.144,8.818,5.59472,5.442,1,LLLTALLAALLLVLLSFLILI,TALLAALLLVLLSFL,0.3472277409137227,0.0293190198723526,R,99999900.0,-26.281400000000005,0.039400000000000546,19.445999999999998,733.7100000000005,-0.035819874337272205,5.369969061345834e-05,0.026503659483992293,-0.009262624197571241
LLLAVLLYTLLAALLSLLILI_0,110011001100110000,1,-74.0611,-74.0611,-74.0611,-227.512,-222.737,-242.603,-373.229,4513.7,3924.49,3827.44,-6.79497,3.12959,-78.4516,-73.3015,-56.5651,-64.6957,57.6076,-47.7948,8.13719,3.98139,3.3455,3.17014,-63.1873,55.2127,-36.6493,-370.1,8.5138,3.43181,2.76,0,LLLAVLLYTLLAALLSLLILI,AVLLYTLLAALLSLL,0.6486264105614371,0.0508739065742133,R,99999900.0,-21.886499999999998,0.0,15.091000000000008,589.21,-0.037145499906654666,0.0,0.0256122604843774,-0.011532339912764549
LLLYSLLVALLALLLTLLILI_1,110011001100110000,1,-61.2019,-68.8193,-58.8767,-224.536,-220.164,-249.141,-368.468,4685.49,3921.83,3839.02,-6.79238,39848.2,-89.5231,39768.7,-60.4506,-57.9151,67.4291,-44.1492,7.6652,4.2902,3.80163,36464.8,-67.1124,66.3663,-35.0,39471.9,8.1726,5.52631,5.0218,1,LLLYSLLVALLALLLTLLILI,YSLLVALLALLLTLL,0.4393261353487915,0.0750625829760568,R,99999900.0,-29.072499999999998,-2.3252000000000024,24.60499999999999,763.6599999999999,-0.03806995259670534,-0.003044810517769692,0.0322198360526936,-0.008894508027132495
LLLAILLYILLFVLLSLLILI_2,110011001100110000,1,-60.5116,-60.5116,-60.5116,-235.401,-227.669,-250.208,-367.387,4638.53,4019.35,3784.61,-6.77906,1521.92,-78.2525,1442.72,-56.6664,-40.4813,83.7146,-47.1635,9.77673,3.87367,3.62939,72.0827,-39.6639,79.8581,-44.5898,-311.967,9.0,3.23043,2.9283,2,LLLAILLYILLFVLLSLLILI,AILLYILLFVLLSLL,0.3638976971907872,0.0788361721493433,R,99999900.0,-21.586099999999995,0.0,14.806999999999988,619.1799999999998,-0.03486239865628735,0.0,0.0239138861074324,-0.010948447947285122
LLLYILLIALLAVLLSLLILI_0,110011001100110000,1,-60.3856,-60.3856,-60.3856,-227.884,-216.006,-248.611,-373.432,4651.63,3909.04,3855.09,-6.76506,89.3023,-91.9274,-7.73844,-64.4355,-46.1068,81.7292,-52.5072,8.47995,4.44946,4.1754,89.0817,-46.7103,70.4803,-42.9747,-284.13,8.3098,3.02139,2.57859,0,LLLYILLIALLAVLLSLLILI,YILLIALLAVLLSLL,0.2750790648889166,0.0941201765949812,R,99999900.0,-27.4919,0.0,20.727000000000004,742.5900000000001,-0.037021640474555265,0.0,0.027911768270512664,-0.009110087666141476
LLLSYLLVLLLITLLAFLILI_0,110011001100110000,1,-69.6976,-64.0802,-58.8025,-235.424,-237.023,-259.402,-367.962,4671.45,4068.41,3581.6,-6.74485,111627.0,-69.5847,111560.0,-49.757,-54.5777,63.2971,-36.5013,10.8418,3.23176,2.68122,87877.5,-58.1657,52.5749,-41.2091,111259.0,7.4407,2.32247,1.61109,0,LLLSYLLVLLLITLLAFLILI,SYLLVLLLITLLAFL,0.2791152128012141,0.0707394605413391,G,99999900.0,-19.8277,-10.895099999999992,23.97799999999998,603.04,-0.03287957681082516,-0.018066960732289722,0.0397618731759087,-0.011184747280445741
LLLYALLLSLLTALLVALILI_1,110011001100110000,1,-66.7057,-66.6877,-74.3109,-225.653,-225.385,-244.977,-369.972,4614.12,3958.61,3904.03,-6.7356,-4.47226,-84.3496,-82.3717,-50.6847,-55.7671,82.3723,-45.7504,8.52382,5.98532,5.72091,-4.14801,-53.3345,81.1929,-45.0,-374.161,8.2083,5.46121,5.1791,1,LLLYALLLSLLTALLVALILI,YALLLSLLTALLVAL,0.3375464730339624,0.0167143313319035,R,99999900.0,-33.664899999999996,7.605200000000011,19.324000000000012,655.5099999999998,-0.05135680615093592,0.01160195878018644,0.029479336699668988,-0.010275358118106516
LLLFLLLTILVALLASLLILI_1,110011001100110000,1,-70.4237,-70.4896,-74.1594,-222.211,-220.942,-241.865,-371.559,4583.59,3733.07,3769.59,-6.71877,-1.71095,-85.6426,-81.8382,-55.5344,-108.88,13.5521,23.9653,9.25434,4.66156,3.36485,-0.369114,-108.506,6.15667,24.8812,-371.535,9.4921,3.60705,2.1994,1,LLLFLLLTILVALLASLLILI,FLLLTILVALLASLL,0.3260065613320523,0.0557851635479903,L,99999900.0,-30.108200000000004,3.7357000000000085,19.653999999999996,850.52,-0.035399755443728545,0.004392254150402117,0.023108216150119924,-0.007899602596058881
LLLYILLTLLLGALLAFLILI_0,110011001100110000,1,-58.8678,-65.4677,-58.7429,-229.554,-224.628,-246.982,-347.928,4647.15,4105.7,3709.3,-6.71418,155.659,-66.22,97.8274,-42.2026,-40.0737,73.5224,-48.2495,8.54327,2.43658,2.03942,121.182,-48.1219,61.2568,-42.1281,-192.268,7.3101,1.98795,1.4068,0,LLLYILLTLLLGALLAFLILI,YILLTLLLGALLAFL,0.3149736526785783,0.1499857813762973,G,99999900.0,-24.017400000000002,-0.12490000000000379,17.427999999999997,541.4499999999998,-0.044357558407978594,-0.00023067688613907808,0.03218764428848463,-0.012400369378520643
LLLTYLLAVLLAILLALLILI_2,110011001100110000,1,-49.5038,-50.0109,-45.0281,-230.188,-231.605,-250.333,-363.027,4598.37,3824.89,3908.16,-6.70469,1.69779,-90.0396,-79.7131,-67.666,-88.8086,50.7521,-45.4265,8.30751,6.67282,5.9341,-0.319058,-87.3658,48.4216,-44.846,-362.925,8.8676,6.14178,5.3681,2,LLLTYLLAVLLAILLALLILI,TYLLAVLLAILLALL,0.3401772480639768,0.0641154649680222,R,99999900.0,-22.373599999999996,-4.475699999999996,20.14500000000001,773.48,-0.02892589336505145,-0.005786445674096287,0.02604462946682527,-0.008668213787040389
LLLSYLLTILLIVLLSLLILI_2,110011001100110000,1,-91.0398,-90.9977,-74.1174,-237.209,-239.36,-260.624,-397.614,4625.63,3850.51,3825.34,-6.69705,346.091,-76.0624,278.835,-62.8725,-67.4669,52.7607,-38.284,9.19954,3.74273,3.03414,312.582,-63.7796,55.9617,-42.8634,-51.523,8.0,3.62177,2.9612,2,LLLSYLLTILLIVLLSLLILI,SYLLTILLIVLLSLL,0.3245853535323982,0.0497093772771037,R,99999900.0,-13.189899999999994,-16.922399999999996,23.41500000000002,775.1199999999999,-0.01701659097946124,-0.021831974403963256,0.03020822582309839,-0.00864001702962122
LLLATLLVFLLAILLSLLILI_2,110011001100110000,1,-59.9433,-59.0557,-60.3741,-228.39,-228.524,-243.145,-362.604,4558.53,3838.36,3787.03,-6.63752,-3.01924,-80.9075,-78.0434,-59.0841,-69.2002,51.9543,-39.7316,9.05159,3.89386,3.17317,-0.972991,-66.894,46.55,-38.3386,-364.752,9.0,2.81835,2.0166,2,LLLATLLVFLLAILLSLLILI,ATLLVFLLAILLSLL,0.294730071818395,0.0283114780742799,R,99999900.0,-21.8234,0.43079999999999785,14.755000000000024,720.1699999999996,-0.030303122873765933,0.0005981920935334686,0.020488218059624856,-0.009216601635724903
LLLTALLALLLGYLLGSLILI_2,110011001100110000,1,-63.4871,-60.326,-60.326,-226.36,-225.919,-241.92,-357.284,4523.25,3933.49,3553.98,-6.62104,38404.5,-74.0585,38333.4,-55.038,-60.6601,59.1533,-46.5597,9.17864,3.58471,2.97201,37949.6,-54.4566,55.8714,-40.6917,38025.2,7.0594,2.21113,1.5492,2,LLLTALLALLLGYLLGSLILI,TALLALLLGYLLGSL,1.0812765091597634,0.0168279222348968,G,99999900.0,-19.0205,-3.1610999999999976,15.559999999999974,589.7600000000002,-0.03225125474769396,-0.0053599769397721046,0.0263836136733586,-0.011226668475311986
LLLYALLLTLLVALLSALILI_0,110011001100110000,1,-74.2477,-74.2477,-74.2487,-228.551,-224.876,-244.534,-368.554,4636.59,4087.77,4000.95,-6.61181,-2.75438,-72.3666,-72.1847,-49.771,-45.4813,84.0825,-42.1911,8.48786,4.67333,4.43456,-2.76657,-42.0221,81.2532,-43.3619,-371.308,8.4067,3.7725,3.4913,0,LLLYALLLTLLVALLSALILI,YALLLTLLVALLSAL,0.2895257423155257,0.0603439516105401,R,99999900.0,-22.595600000000005,0.0010000000000047748,15.983000000000004,548.8200000000002,-0.041171240115156146,1.8220910316766417e-06,0.029122480959148718,-0.012047319704092414
LLLYALLLILLSVLLFILILI_0,110011001100110000,1,-60.5261,-60.6175,-60.5261,-236.18,-232.891,-254.878,-366.521,4725.31,4056.81,3910.29,-6.59148,20.464,-76.4066,-52.5486,-51.1168,-51.3667,80.1656,-43.9918,9.56257,5.02736,4.72984,20.2174,-53.703,73.7044,-44.133,-346.057,8.7769,4.50554,4.11111,0,LLLYALLLILLSVLLFILILI,YALLLILLSVLLFIL,0.2361727476375933,0.0400687655397367,R,99999900.0,-25.2898,0.0,18.69799999999998,668.5000000000005,-0.0378306656694091,0.0,0.027970082273747143,-0.009860104712041878
LLLYVLLLILLITLLSFLILI_2,110011001100110000,1,-74.1087,-57.6521,-74.1087,-242.441,-243.067,-257.566,-378.159,4717.91,4261.89,3812.16,-6.55928,1853.64,-68.1678,1776.2,-46.4835,-27.734,88.799,-49.4793,10.6839,2.64797,2.47995,1049.86,-30.5546,77.5454,-42.4251,1475.99,8.9441,1.55182,1.215,2,LLLYVLLLILLITLLSFLILI,YVLLLILLITLLSFL,0.2259210773479756,0.0552069690695908,R,99999900.0,-21.6843,0.0,15.124999999999972,456.0199999999995,-0.04755120389456608,0.0,0.033167404938379864,-0.01438375509846061
LLLTSLLIVLLALLFSLLILI_0,110011001100110000,1,-67.2121,-71.6783,-60.369,-228.102,-221.0,-255.65,-379.34,4601.87,3845.13,3548.33,-6.54336,455.039,-90.5701,368.377,-63.3211,-108.466,17.9802,32.8182,10.0867,5.19719,3.96689,451.261,-105.741,26.387,21.3899,75.6985,8.7438,5.9234,4.81921,0,LLLTSLLIVLLALLFSLLILI,TSLLIVLLALLFSLL,0.3880433409580219,0.0640687408794377,L,99999900.0,-27.248999999999995,-6.843100000000007,27.548000000000002,756.7399999999998,-0.03600840447181331,-0.009042868092079194,0.03640352036366521,-0.008646774321431405
LLLTVLLILLLAFLLSILILI_1,110011001100110000,1,-60.3188,-60.3513,-60.3188,-237.094,-228.926,-248.68,-377.565,4579.12,4025.98,3670.39,-6.54132,50.056,-86.6932,-38.2314,-68.5664,-84.8737,49.5312,-35.4603,9.74229,5.91776,5.16073,52.9855,-79.0843,48.947,-35.0,-332.164,8.4738,4.97049,4.20469,1,LLLTVLLILLLAFLLSILILI,TVLLILLLAFLLSIL,0.259070282617883,0.077290810349391,R,99999900.0,-18.126800000000003,0.0,11.586000000000013,553.1399999999999,-0.0327707271215244,0.0,0.020945872654300927,-0.011825794554723943
LLLSYLLTVLLIILLGLLILI_0,110011001100110000,1,-70.5299,-84.6276,-58.7344,-235.346,-236.378,-256.66,-377.552,4621.91,4053.4,3517.1,-6.53848,17504600.0,-78.2143,17504500.0,-62.1573,-57.3354,49.0616,-42.9323,10.6324,1.72363,0.959556,3666420.0,-50.2915,51.0798,-42.8435,17504200.0,7.1438,0.939503,0.205701,0,LLLSYLLTVLLIILLGLLILI,SYLLTVLLIILLGLL,0.2452658473750529,0.0586784399512634,G,99999900.0,-16.056999999999995,-11.795499999999997,21.31400000000002,568.5099999999998,-0.028244006261983083,-0.020748095899808274,0.03749098520694452,-0.011501081775166669
LLLGLLLGALLITLLSFLILI_0,110011001100110000,1,-74.0016,-58.9862,-74.0016,-223.763,-219.257,-240.634,-365.239,4501.16,3950.2,3535.73,-6.5212,18237.0,-73.9957,18150.0,-50.6033,-58.4315,86.2458,-31.6489,8.66422,6.90791,6.7016,17242.6,-70.6341,63.5646,-35.8262,17871.8,6.7474,5.67633,5.1298,0,LLLGLLLGALLITLLSFLILI,GLLLGALLITLLSFL,0.2944588260509737,0.0401034884744015,G,99999900.0,-23.392400000000002,0.0,16.87099999999998,550.96,-0.04245752867721795,0.0,0.03062109772034264,-0.011836067954116451
LLLTYLLAVLLIILLFLLILI_1,110011001100110000,1,-57.7138,-48.626,-45.0281,-239.766,-240.579,-259.086,-360.232,4721.56,3929.31,3768.91,-6.51345,261.167,-69.2658,190.141,-56.1178,-85.5789,64.0744,-43.1674,10.0826,7.98688,7.448,247.763,-87.3658,48.4216,-44.846,35.6712,8.8676,6.14178,5.3681,1,LLLTYLLAVLLIILLFLLILI,TYLLAVLLIILLFLL,0.1921059442742569,0.030766812586934,R,99999900.0,-13.147999999999996,-12.685699999999997,19.32000000000002,792.2500000000005,-0.016595771536762373,-0.016012243609971586,0.024386241716629866,-0.008221457873146099
LLLAILLYLLLGTLLSFLILI_1,110011001100110000,1,-74.1125,-62.7743,-74.1125,-231.277,-228.551,-245.323,-364.178,4579.03,3945.16,3605.6,-6.50961,56.4148,-65.2984,-16.4384,-44.7425,-68.1587,67.6231,-40.5548,9.41554,5.85292,5.36727,36.6229,-65.1522,61.6911,-42.5151,-320.572,7.5,4.60113,4.0265,1,LLLAILLYLLLGTLLSFLILI,AILLYLLLGTLLSFL,0.3342051271891612,0.0611020497851258,G,99999900.0,-20.5559,0.0,14.04600000000002,633.8699999999999,-0.03242920472652122,0.0,0.022159117800179883,-0.010269629419281558
LLLVYLLFILLTTLLSLLILI_0,110011001100110000,1,-94.1761,-71.0417,-87.9005,-234.41,-234.445,-251.41,-378.271,4738.27,4021.43,3769.37,-6.50733,293.504,-56.1921,220.719,-38.9601,-32.7435,79.3819,-46.0762,10.0864,2.12808,1.81881,275.534,-31.1915,87.4311,-36.2559,-84.7669,8.5903,2.98193,2.7934,0,LLLVYLLFILLTTLLSLLILI,VYLLFILLTTLLSLL,0.2547057472503209,0.0651821727932596,R,99999900.0,-17.232000000000006,-6.275600000000011,17.0,716.8400000000006,-0.02403883711846436,-0.008754533787177063,0.02371519446459459,-0.009077799787958253
LLLTYLLAILLGLLLIFLILI_0,110011001100110000,1,-52.555,-55.2121,-44.9626,-235.95,-234.016,-255.593,-356.542,4648.74,3868.39,3661.13,-6.50549,1595.49,-74.5428,1528.18,-55.9866,-55.6387,55.1669,-45.1455,8.63719,2.29334,1.62084,905.803,-61.5471,48.1349,-42.0502,1238.95,7.2784,2.23028,1.4523,0,LLLTYLLAILLGLLLIFLILI,TYLLAILLGLLLIFL,0.202885524470292,0.0769092483391066,G,99999900.0,-18.556199999999997,-7.592399999999998,19.643,780.3499999999999,-0.02377932978791568,-0.009729480361376304,0.02517203818799257,-0.008336630998910747
LLLALLLGLLLIVLLGTLILI_1,110011001100110000,1,-58.7607,-58.7607,-58.7607,-229.342,-225.174,-237.083,-368.3,4542.26,4051.84,3449.62,-6.48871,7258.07,-86.6864,7173.71,-72.4564,-90.0266,66.0629,-36.881,10.2301,8.92249,8.41343,6682.8,-81.7407,58.0906,-35.0,15277.0,6.5862,6.60334,5.9747,1,LLLALLLGLLLIVLLGTLILI,ALLLGLLLIVLLGTL,0.3867712665979049,0.0081163299925809,G,99999900.0,-14.230000000000004,0.0,7.7409999999999854,490.4200000000001,-0.029015945516088253,0.0,0.01578442967252556,-0.013230924513682149
LLLYILLILLLGTLLASLILI_1,110011001100110000,1,-74.0156,-76.0283,-74.0156,-234.756,-208.704,-248.052,-376.965,4629.77,4052.83,3579.1,-6.48526,95828900.0,-74.6788,95828800.0,-54.8971,-97.3788,52.5586,-27.6015,10.1375,8.20223,7.4906,3812900.0,-97.764,38.4753,-38.0973,2683760.0,7.04,6.35877,5.4359,1,LLLYILLILLLGTLLASLILI,YILLILLLGTLLASL,0.3433787138967076,0.1191731997861975,G,99999900.0,-19.781699999999994,0.0,13.295999999999992,576.9400000000005,-0.03428727423995559,0.0,0.023045723992096197,-0.01124078760356362
LLLSALLVILLTLLLAFLILI_0,110011001100110000,1,-56.3467,-56.0683,-58.9188,-233.327,-230.987,-251.496,-369.895,4566.34,4007.77,3913.48,-6.40778,-0.0013722,-86.6297,-82.8412,-59.4805,-56.953,58.6104,-43.4988,9.19804,2.95535,2.33451,-0.0861809,-61.4513,50.1014,-39.8435,-369.896,9.0,2.48138,1.7329,0,LLLSALLVILLTLLLAFLILI,SALLVILLTLLLAFL,0.3455611650023847,0.0842294519092667,R,99999900.0,-27.1492,2.572099999999999,18.16900000000001,558.5700000000002,-0.04860483019138155,0.004604794385663387,0.03252770467443652,-0.01147175823979089
LLLFALLLVLITLLASLLILI_2,110011001100110000,1,-74.2971,-74.2288,-74.2971,-223.258,-219.251,-243.043,-370.541,4573.54,3821.64,3722.29,-6.40107,-0.486985,-79.3863,-77.5474,-53.2004,-108.597,36.3822,28.7335,9.43757,7.70114,6.74687,3.92887,-112.078,20.556,26.4283,-363.677,9.0465,6.08676,4.8951,2,LLLFALLLVLITLLASLLILI,FALLLVLITLLASLL,0.4162811496128992,0.0500040736996842,L,99999900.0,-26.185900000000004,0.0,19.784999999999997,751.9000000000001,-0.03482630668971938,0.0,0.026313339539832416,-0.008513193243782417
LLLTALLTILLAVLLSLLILI_2,110011001100110000,1,-74.2627,-72.9158,-74.2627,-230.378,-228.745,-246.111,-390.479,4505.36,3867.38,3860.71,-6.38074,-3.84291,-92.2192,-92.6619,-70.1062,-65.922,55.2401,-38.8508,8.20481,3.84571,3.17431,-2.82691,-64.7965,51.5402,-39.82,-394.965,8.0152,3.1774,2.4505,2,LLLTALLTILLAVLLSLLILI,TALLTILLAVLLSLL,0.4435415367042228,0.0255166384262514,R,99999900.0,-22.113,0.0,15.733000000000004,637.9799999999996,-0.034660961158657036,0.0,0.024660647669205955,-0.010001473400420083
LLLYALLIVLLALLLSFLILI_2,110011001100110000,1,-60.4169,-51.1627,-60.4169,-240.015,-236.159,-250.862,-360.105,4699.51,4208.69,3877.82,-6.32401,47.1312,-65.9971,-25.6525,-48.8262,-73.4984,62.0301,-41.3879,9.64209,5.89882,5.32927,43.969,-71.6539,57.0728,-39.68,-296.32,8.4856,4.95291,4.309,2,LLLYALLIVLLALLLSFLILI,YALLIVLLALLLSFL,0.4051432332776107,0.0305149859349833,R,99999900.0,-17.170900000000003,0.0,10.847000000000008,490.8200000000006,-0.034984108227048574,0.0,0.022099751436371776,-0.012884580905423562
LLLLYALLTLLVALLSFLILI_1,110011001100110000,1,-64.626,-74.2596,-74.2596,-221.833,-224.952,-244.728,-358.023,4593.16,3875.48,3793.33,-6.28304,3.23888,-77.8474,-55.5728,-39.0358,-6.75756,102.652,23.3276,8.84006,1.37167,1.41145,3.37228,-7.46127,97.2494,27.9329,-354.581,9.5,0.747859,0.7066,1,LLLLYALLTLLVALLSFLILI,LYALLTLLVALLSFL,0.4154679019284117,0.0663358528396408,L,99999900.0,-38.81159999999999,9.633600000000001,22.89500000000001,717.6799999999998,-0.054079255378441646,0.013423252703154614,0.03190140452569393,-0.008754653884739718
LLLSALLVALLTLLLSFLILI_0,110011001100110000,1,-72.4846,-72.1059,-74.2797,-229.651,-228.467,-249.613,-377.967,4552.28,4071.39,3938.79,-6.24727,-4.174,-82.0786,-81.5681,-54.074,-65.9054,55.7303,-45.2773,8.92861,3.9094,3.24536,-4.54838,-70.8563,45.7237,-44.789,-382.141,8.8389,3.30114,2.487,0,LLLSALLVALLTLLLSFLILI,SALLVALLTLLLSFL,0.3861048364633466,0.0463008689083921,R,99999900.0,-28.004599999999996,1.795100000000005,19.96199999999999,480.8899999999999,-0.05823493938322694,0.003732870302979903,0.041510532554222365,-0.012991058246168566
LLLLYLLLIVLTALLFSLILI_0,110011001100110000,1,-74.2253,-74.0376,-74.1781,-226.665,-214.408,-248.352,-366.775,4616.4,3791.41,3655.67,-6.22497,29720.8,-72.1094,29642.5,-44.2445,-6.76948,102.425,24.9759,10.2848,1.34275,1.37912,25785.3,-16.1108,85.7945,18.2467,29354.1,9.3989,0.498883,0.285801,0,LLLLYLLLIVLTALLFSLILI,LYLLLIVLTALLFSL,0.2925868997160976,0.0982241431568321,L,99999900.0,-27.86489999999999,-0.04720000000000368,21.687000000000012,824.9899999999998,-0.03377604577025176,-5.721281470078873e-05,0.026287591364743835,-0.007545509642541123
LLLTALLIGLLFILLVLLILI_1,110011001100110000,1,-44.9826,-44.9826,-44.9826,-231.413,-229.036,-247.133,-357.136,4659.4,3914.77,3688.25,-6.17722,248.508,-86.9173,165.391,-65.0205,-46.5744,75.0075,-40.9317,8.84552,3.61218,3.23729,246.177,-44.147,67.923,-36.7071,106.437,7.5,2.29165,1.81049,1,LLLTALLIGLLFILLVLLILI,TALLIGLLFILLVLL,0.2565058152871267,0.0322333295497527,G,99999900.0,-21.8968,0.0,15.719999999999999,744.6299999999997,-0.029406282314706645,0.0,0.02111115587607269,-0.008295690477149729
LLLTYLLFVLLIILLSLLILI_2,110011001100110000,1,-60.3872,-67.7244,-60.3872,-244.381,-240.769,-260.267,-373.056,4755.36,3911.84,3727.71,-6.16734,479.524,-74.4547,414.961,-52.4014,-69.8184,64.2599,-41.2171,10.372,5.64784,5.11173,412.464,-66.1502,63.0091,-42.2689,106.468,8.387,4.92876,4.3739,2,LLLTYLLFVLLIILLSLLILI,TYLLFVLLIILLSLL,0.2787464080082346,0.027794962193525,R,99999900.0,-22.0533,0.0,15.885999999999996,843.5199999999995,-0.026144371206373307,0.0,0.018832985584218517,-0.007311433042488624
LLLYFLLALLLITLLGSLILI_0,110011001100110000,1,-74.1108,-65.9734,-74.1108,-237.999,-225.078,-250.16,-360.116,4709.35,4185.88,3511.47,-6.15821,18165500.0,-54.1654,18165400.0,-35.8453,-68.459,57.0967,-35.6346,10.7198,4.47691,3.83336,9411280.0,-62.8637,50.8317,-39.7383,18165100.0,6.5162,2.79183,2.05431,0,LLLYFLLALLLITLLGSLILI,YFLLALLLITLLGSL,0.1670875792006994,0.0314799248561001,G,99999900.0,-18.320099999999996,0.0,12.161000000000001,523.4700000000003,-0.03499742105564786,0.0,0.023231512789653647,-0.011764208073050982
LLLLALLVSLLAALLFTLILI_0,110011001100110000,1,-72.2489,-71.9323,-74.2141,-225.296,-218.412,-238.456,-364.665,4566.76,3877.78,3813.4,-6.12379,-1.0877,-73.2448,-75.4091,-51.9957,-23.756,105.716,-33.5098,8.71587,4.33501,4.42074,0.118959,-27.3954,92.5093,-35.107,-365.753,8.5533,3.09806,2.9857,0,LLLLALLVSLLAALLFTLILI,LALLVSLLAALLFTL,0.4001691488287183,0.0302050124408259,R,99999900.0,-21.2491,1.9651999999999958,13.159999999999997,688.98,-0.030841388719556443,0.002852332433452344,0.019100699584893605,-0.008888197044906962
LLLYILLTVLLGFLLALLILI_0,110011001100110000,1,-58.9131,-62.6147,-58.8188,-234.165,-224.509,-249.627,-348.649,4665.22,4083.45,3697.76,-6.08418,1510.18,-61.6551,1448.66,-40.2033,-55.4544,59.8284,-58.6056,8.20523,2.895,2.29243,1483.32,-48.9252,56.7148,-39.7132,1161.53,7.3783,1.49528,0.846002,0,LLLYILLTVLLGFLLALLILI,YILLTVLLGFLLALL,0.3596799893964522,0.0218456730327653,G,99999900.0,-21.4518,-0.09429999999999694,15.462000000000018,581.7700000000004,-0.036873334823040005,-0.00016209154820633046,0.026577513450332615,-0.010458050432301417
LLLSSLLFLLLGVLLGTLILI_0,110011001100110000,1,-58.7727,-84.6167,-58.7727,-227.935,-213.692,-253.885,-362.49,4545.49,3653.68,3371.42,-6.06397,24723.3,-81.8471,24659.1,-49.8323,-60.3278,78.0899,-42.7346,7.66249,6.09131,5.76266,22557.6,-63.2674,60.5559,-36.2287,24360.8,7.0661,4.16516,3.5735,0,LLLSSLLFLLLGVLLGTLILI,SSLLFLLLGVLLGTL,0.3233963793412731,0.0550942017286072,G,99999900.0,-32.0148,0.0,25.94999999999999,891.81,-0.03589867796952266,0.0,0.02909812628250411,-0.006799620995503527
LLLYLLLTVLLAALLSILILI_1,110011001100110000,1,-70.4975,-65.6652,-74.0861,-236.458,-233.16,-248.035,-376.986,4623.72,4029.57,4056.5,-6.04941,9.1185,-76.0797,-69.0416,-54.8648,-58.0318,66.4302,-41.3939,9.33536,4.17284,3.6693,4.9522,-56.6166,54.3101,-43.9978,-373.409,8.7546,2.32435,1.639,1,LLLYLLLTVLLAALLSILILI,YLLLTVLLAALLSIL,0.2374521526916341,0.0519974514096791,R,99999900.0,-21.2149,3.5885999999999996,11.576999999999998,594.1500000000001,-0.03570630312210721,0.006039888916940165,0.019484978540772527,-0.010181620802827567
LLLVALLLFLTLLLASLLILI_2,110011001100110000,1,-74.0887,-74.1928,-74.2373,-219.587,-221.074,-242.5,-375.073,4615.64,3714.62,3755.6,-6.03422,1.93006,-87.4318,-77.8763,-58.3357,-103.493,39.805,22.2949,9.04312,7.3976,6.49468,2.30588,-104.589,32.737,27.3817,-371.803,9.4574,6.60784,5.59889,2,LLLVALLLFLTLLLASLLILI,VALLLFLTLLLASLL,0.3388305033035683,0.041171877653123,L,99999900.0,-29.096099999999993,0.14860000000000184,22.91300000000001,901.0200000000004,-0.032292401944462916,0.00016492419702115576,0.02543006814499123,-0.006697098843532882
LLLLILLSVLLIYLLTFLILI_0,110011001100110000,1,-74.2501,-70.536,-74.1831,-238.794,-228.614,-252.37,-373.49,4689.59,4070.08,3738.27,-6.00775,92.854,-66.4543,18.5142,-46.9376,-69.2578,62.848,-41.4311,10.701,5.37314,4.81586,76.3079,-71.7611,50.3856,-43.3797,-280.636,9.0,4.06622,3.322,0,LLLLILLSVLLIYLLTFLILI,LILLSVLLIYLLTFL,0.193991777866215,0.0832616896745743,R,99999900.0,-19.5167,-0.06700000000000728,13.575999999999993,619.5100000000002,-0.03150344627205371,-0.00010814998950784854,0.021914093396393906,-0.009697583574115022
LLLTALLALLVALLLSLLILI_1,110011001100110000,1,-60.3716,-60.3716,-60.3716,-215.244,-220.121,-241.707,-380.94,4527.26,3646.86,3710.17,-5.9391,0.450871,-111.264,-99.996,-78.861,-103.881,22.8262,22.0597,8.8616,5.16365,4.00605,-0.877721,-107.997,20.181,18.0,-381.881,9.1137,5.42398,4.22669,1,LLLTALLALLVALLLSLLILI,TALLALLVALLLSLL,0.4760903308617891,0.0064741152309622,L,99999900.0,-32.40299999999999,0.0,26.462999999999994,880.4000000000001,-0.03680486142662425,0.0,0.030057928214447967,-0.006745910949568377
LLLYSLLVILLFLLLTLLILI_2,110011001100110000,1,-60.2339,-68.8193,-58.8767,-236.575,-223.715,-258.211,-367.051,4828.6,3969.36,3850.93,-5.9356,39956.8,-76.1779,39882.3,-49.963,-56.6042,76.0704,-37.4767,9.44902,5.26013,4.90118,34633.9,-67.1124,66.3663,-35.0,39610.6,8.1726,5.52631,5.0218,2,LLLYSLLVILLFLLLTLLILI,YSLLVILLFLLLTLL,0.2553397219121314,0.0832807927378044,R,99999900.0,-26.214899999999993,-1.3571999999999989,21.636000000000024,859.2400000000002,-0.030509403659047515,-0.0015795354033797291,0.02518039197430289,-0.006907965178529861
LLLTYLLVILLAFLLILLILI_2,110011001100110000,1,-45.1141,-45.1141,-45.1141,-242.443,-238.686,-258.116,-359.525,4711.84,4017.81,3823.23,-5.83877,257.092,-77.8064,181.367,-56.2946,-65.8418,55.4238,-51.4461,10.1436,3.85848,3.18984,247.898,-61.4542,42.8978,-44.8882,-101.421,8.9762,1.50933,0.652797,2,LLLTYLLVILLAFLLILLILI,TYLLVILLAFLLILL,0.2666800284882425,0.0124390045716901,R,99999900.0,-21.511799999999994,0.0,15.672999999999973,694.0300000000002,-0.030995490108496733,0.0,0.022582597294065053,-0.008412849588634495
LLLYILLIALLVLLLFSLILI_0,110011001100110000,1,-60.3998,-60.3998,-60.3998,-232.407,-230.556,-253.674,-363.094,4723.12,4037.15,3816.94,-5.80559,56.3681,-76.0931,-15.7707,-49.02,-49.1563,86.8802,-53.7266,9.44377,5.60228,5.40548,54.5954,-49.6955,84.1851,-43.2834,-306.726,9.0,5.31932,5.0821,0,LLLYILLIALLVLLLFSLILI,YILLIALLVLLLFSL,0.2419980153118543,0.0657415021192953,R,99999900.0,-27.073100000000004,0.0,21.266999999999996,685.9699999999998,-0.03946688630698137,0.0,0.031002813534119572,-0.008463329300115167
LLLYTLLVILLSTLLFLLILI_0,110011001100110000,1,-67.0801,-76.4413,-74.1976,-240.332,-229.56,-257.155,-374.783,4725.68,4044.92,3805.18,-5.79706,285.718,-73.1688,216.937,-43.4306,-54.1642,80.0858,-43.9823,10.6267,5.43622,5.1375,259.195,-52.2698,72.8602,-43.2077,-89.065,8.6278,4.1766,3.7695,0,LLLYTLLVILLSTLLFLLILI,YTLLVILLSTLLFLL,0.243772597288887,0.0189724055097433,R,99999900.0,-29.738200000000006,7.117499999999993,16.82299999999998,680.7600000000002,-0.04368382396145484,0.010455226511545904,0.024712086491568207,-0.008515570832598858
LLLLAYLTALLILLVSLLILI_0,110011001100110000,1,-74.0043,-74.0043,-74.0716,-230.929,-219.288,-242.03,-372.686,4614.75,3769.99,3792.48,-5.76017,5.7288,-73.513,-73.6655,-56.5845,-50.18,67.9659,32.6204,9.63327,3.2024,2.72189,6.01749,-47.8829,56.4851,28.0,-366.958,9.5,1.30792,0.655196,0,LLLLAYLTALLILLVSLLILI,LAYLTALLILLVSLL,0.3449848624981178,0.0232729839620731,L,99999900.0,-16.928500000000007,0.06730000000000302,11.100999999999999,844.7600000000002,-0.020039419480089023,7.966759789763129e-05,0.013141010464510626,-0.006818705904635634
LLLSALLTVLLALLLSFLILI_1,110011001100110000,1,-74.1982,-74.46,-74.1689,-232.553,-226.375,-250.699,-378.119,4545.97,3841.23,3879.37,-5.73197,4.57012,-77.0997,-72.7141,-53.2514,-71.7645,55.3204,-38.3854,8.92776,4.73293,4.06273,2.44597,-67.3465,43.2715,-39.0017,-375.69,9.0,2.44363,1.5927,1,LLLSALLTVLLALLLSFLILI,SALLTVLLALLLSFL,0.4590228628027719,0.0395984389409489,R,99999900.0,-23.848300000000002,-0.02930000000000632,18.146000000000015,704.7400000000002,-0.033839855833356976,-4.157561653944194e-05,0.02574850299401199,-0.00813345347220251
LLLALLLVILLFILLSLLILI_1,110011001100110000,1,-60.5369,-60.5743,-60.4206,-232.63,-228.444,-247.29,-378.681,4608.36,3981.03,3814.38,-5.70422,0.441449,-91.2185,-89.222,-70.9709,-37.0365,72.819,-49.6173,9.82281,1.88604,1.47833,5.01564,-33.5268,69.6745,-45.0,-360.795,9.0,0.935083,0.480201,1,LLLALLLVILLFILLSLLILI,ALLLVILLFILLSLL,0.2415095157478689,0.0274642594444956,R,99999900.0,-20.247600000000006,-0.11630000000000251,14.659999999999997,627.3299999999995,-0.03227583568456797,-0.00018538887029155725,0.02336888081233164,-0.009092853840881203
LLLTSLLAVLIILLFLLLILI_0,110011001100110000,1,-50.1807,-65.4821,-44.9965,-229.447,-224.381,-262.907,-374.836,4643.5,3803.95,3578.58,-5.68346,686.254,-100.892,601.281,-66.9323,-103.211,34.1775,30.8595,10.1888,6.59558,5.60824,366.592,-103.993,25.621,18.4802,311.418,9.1959,5.55779,4.44211,0,LLLTSLLAVLIILLFLLLILI,TSLLAVLIILLFLLL,0.4289751151432399,0.0808644413858203,L,99999900.0,-33.9597,-5.184200000000004,33.45999999999998,839.5500000000002,-0.040449883866356964,-0.006174974688821396,0.03985468405693523,-0.006769650407956642
LLLAVLLGLLLIFLLSTLILI_1,110011001100110000,1,-74.143,-74.0932,-74.0809,-237.167,-229.475,-241.843,-371.421,4511.81,4112.51,3600.67,-5.64175,67500.2,-65.7524,67432.4,-55.4964,-91.1292,65.4604,-40.0134,10.8583,9.00653,8.48843,58861.7,-93.3512,41.9135,-44.1361,74856.7,7.4044,6.161,5.2897,1,LLLAVLLGLLLIFLLSTLILI,AVLLGLLLIFLLSTL,0.3477306640617562,0.0760484480627205,G,99999900.0,-10.255999999999993,-0.06210000000000093,4.675999999999988,399.3000000000002,-0.025684948660155242,-0.00015552216378662885,0.01171049336338589,-0.014129100926621582
LLLFALLTILVALLASLLILI_0,110011001100110000,1,-70.5875,-70.5294,-74.2317,-219.346,-212.473,-238.599,-360.103,4544.2,3760.68,3675.44,-5.61605,71.4083,-75.7863,-5.69235,-47.273,-109.576,6.22604,30.8491,9.38821,3.77695,2.37034,71.3303,-105.587,2.45296,19.0015,-288.695,9.4143,2.6692,1.20599,0,LLLFALLTILVALLASLLILI,FALLTILVALLASLL,0.4753937677540609,0.0482775416260455,L,99999900.0,-28.513299999999994,3.644199999999998,19.252999999999986,783.52,-0.03639128548090667,0.00465106187461711,0.02457244231161934,-0.007167717480089851
LLLYWLLVILLLALLSTLILI_0,110011001100110000,1,-70.6829,-72.42,-74.2545,-242.381,-236.243,-256.209,-383.114,4722.06,4050.46,3756.21,-5.51466,608.75,-75.5648,534.298,-52.6512,-16.7423,100.084,-47.2626,9.62074,2.52265,2.52391,485.12,-15.7577,89.9497,-39.1893,225.635,8.0,1.00686,0.856105,0,LLLYWLLVILLLALLSTLILI,YWLLVILLLALLSTL,0.2830382107577565,0.03726102734986,R,99999900.0,-22.913600000000002,3.5715999999999894,13.828000000000003,671.6000000000004,-0.034117927337701,0.005318046456223924,0.020589636688505056,-0.008211226920786178
LLLAFLLGILLILLLGTLILI_0,110011001100110000,1,-58.7173,-62.1836,-58.7173,-230.637,-224.188,-240.52,-351.386,4615.2,3911.08,3470.0,-5.50983,7475140.0,-67.5409,7475070.0,-52.1487,-67.5926,51.9318,-38.9345,9.88384,3.64968,2.92865,6323960.0,-72.6874,32.4259,-40.8381,7474790.0,7.0033,1.78061,0.766999,0,LLLAFLLGILLILLLGTLILI,AFLLGILLILLLGTL,0.3771016998062247,0.0275391793014182,G,99999900.0,-15.392199999999995,0.0,9.88300000000001,704.1199999999999,-0.021860194285065044,0.0,0.014035959779583041,-0.007825129239334205
LLLSALLVFLLAILLTLLILI_2,110011001100110000,1,-55.3641,-55.3641,-58.8692,-232.432,-235.021,-251.277,-367.802,4600.37,3794.86,3779.7,-5.50149,-4.43426,-85.5078,-81.8515,-57.6556,-80.0287,57.448,-43.2359,8.82901,6.25979,5.62151,-4.49806,-79.5719,55.1888,-42.772,-372.716,8.8555,5.88627,5.2141,2,LLLSALLVFLLAILLTLLILI,SALLVFLLAILLTLL,0.3529993119354849,0.0309817684998429,R,99999900.0,-27.852200000000003,3.5050999999999988,18.845,805.5099999999998,-0.03457710022221948,0.004351404700127869,0.02339511613760227,-0.006829822100284295
LLLTALLIALLALLLSVLILI_2,110011001100110000,1,-60.317,-60.2627,-60.4084,-228.083,-223.345,-241.175,-377.41,4516.94,3761.34,3635.74,-5.4633,1401.93,-94.4733,1308.13,-75.8274,-46.3718,95.9281,-39.3842,9.18337,6.40606,6.34499,1379.69,-47.682,80.7227,-35.7606,1016.16,8.0,4.54986,4.2607,2,LLLTALLIALLALLLSVLILI,TALLIALLALLLSVL,0.5190412202901893,0.1004972338455707,R,99999900.0,-18.645899999999997,0.09140000000000015,13.092000000000013,755.5999999999995,-0.024676945473795675,0.00012096347273689812,0.017326627845420887,-0.007230412916887248
LLLASLLTLLLGYLLIVLILI_1,110011001100110000,1,-67.0646,-66.9767,-58.7469,-234.531,-230.715,-247.25,-366.279,4576.38,3797.03,3499.49,-5.4592,2276200.0,-70.1424,2276130.0,-60.2821,-42.8807,81.4142,-41.5213,9.15005,3.92301,3.64422,1144420.0,-47.0876,58.6724,-35.0,2276500.0,7.44,1.48391,0.863996,1,LLLASLLTLLLGYLLIVLILI,ASLLTLLLGYLLIVL,0.4056526804209933,0.069609091403963,G,99999900.0,-9.860299999999995,-8.317700000000002,12.718999999999994,779.3499999999999,-0.012651953551036115,-0.01067261179187785,0.016320010264964387,-0.007004811702059409
LLLTYLLVILLIFLLSLLILI_2,110011001100110000,1,-60.3865,-58.785,-60.3155,-238.207,-235.905,-259.68,-373.315,4740.93,3988.48,3813.25,-5.39787,33.4875,-80.1199,-45.1377,-53.3196,-62.0095,47.6911,-44.6668,10.312,2.23973,1.45509,29.789,-61.4542,42.8978,-44.8882,-305.217,8.9762,1.50933,0.652797,2,LLLTYLLVILLIFLLSLLILI,TYLLVILLIFLLSLL,0.2479524103819551,0.0243546274372261,R,99999900.0,-26.8003,-0.07099999999999795,21.473000000000013,752.4500000000003,-0.03561738321483154,-9.4358429131501e-05,0.0285374443484617,-0.007173725828958732
LLLLTLLVILLFALLSILILI_0,110011001100110000,1,-60.4426,-62.8778,-60.4426,-233.222,-224.93,-246.381,-370.328,4592.39,4048.82,3663.55,-5.37339,423.81,-82.0368,341.29,-63.5043,-36.0293,86.9729,-40.3504,9.64188,3.64573,3.45032,369.703,-38.5963,75.2623,-37.139,53.4819,7.5,2.44986,2.0788,0,LLLLTLLVILLFALLSILILI,LTLLVILLFALLSIL,0.3890758749600767,0.1001643115351535,G,99999900.0,-18.5325,0.0,13.158999999999992,543.5700000000002,-0.03409404492521661,0.0,0.024208473609654668,-0.009885368949721283
LLLYTLLIILLFVLLALLILI_0,110011001100110000,1,-45.0785,-45.0785,-45.0785,-240.994,-234.394,-255.896,-353.52,4739.74,4115.64,3839.75,-5.36957,428.941,-72.8166,354.894,-52.545,-45.5208,81.2401,-45.7402,10.18,4.29553,4.01414,424.317,-47.8874,71.7719,-40.0436,75.421,8.4792,3.37232,2.9489,0,LLLYTLLIILLFVLLALLILI,YTLLIILLFVLLALL,0.2073302419387139,0.0510892478594987,R,99999900.0,-20.271599999999992,0.0,14.901999999999987,624.0999999999995,-0.032481333119692375,0.0,0.023877583720557604,-0.008603701329915087
LLLYALLVALLIILLFLLILI_0,110011001100110000,1,-45.0894,-45.0894,-45.0894,-236.866,-232.936,-252.759,-349.562,4736.34,4167.21,3941.92,-5.34896,46.2806,-72.956,-25.2561,-51.7132,-28.3919,102.448,-35.4414,10.0529,4.58925,4.62596,46.3273,-28.1339,95.9421,-37.7472,-303.281,8.6579,3.67227,3.6114,0,LLLYALLVALLIILLFLLILI,YALLVALLIILLFLL,0.3136135982187073,0.0890446736789582,R,99999900.0,-21.242800000000003,0.0,15.892999999999972,569.1300000000001,-0.03732503997329257,0.0,0.027925078628784232,-0.009398485407551876
LLLYILLFALLLSLLVTLILI_2,110011001100110000,1,-74.282,-74.2526,-74.2526,-229.61,-230.567,-252.721,-370.458,4680.33,4001.97,3808.25,-5.31859,56.5654,-71.884,-9.07257,-43.4838,-34.444,93.2791,-51.4078,8.65258,4.25928,4.15846,46.2016,-38.8884,87.4303,-44.355,-323.016,8.3134,4.13635,3.9478,2,LLLYILLFALLLSLLVTLILI,YILLFALLLSLLVTL,0.1777201792967254,0.0302356773137034,R,99999900.0,-28.400199999999998,-0.02939999999999543,23.11099999999999,678.3600000000001,-0.04186597087092398,-4.3339819564826086e-05,0.03406893095111738,-0.007840364997936198
LLLTYLLVALLIILLFLLILI_2,110011001100110000,1,-45.0773,-45.0773,-45.0773,-239.624,-235.768,-257.911,-359.301,4704.98,3941.9,3658.67,-5.27903,1481.41,-79.8782,1402.96,-56.3129,-20.4629,90.1755,-39.9515,10.1527,1.74313,1.59576,777.518,-14.8656,89.0751,-39.4069,1338.35,8.0,0.754973,0.591099,2,LLLTYLLVALLIILLFLLILI,TYLLVALLIILLFLL,0.266629545839222,0.0429577993330025,R,99999900.0,-23.565300000000008,0.0,18.287000000000006,763.0799999999995,-0.03088182104104422,0.0,0.023964721916443908,-0.006918055773968658
LLLTALLIGLLAGLLVLLILI_0,110011001100110000,1,-44.9826,-44.9826,-44.9826,-217.17,-217.026,-236.853,-341.029,4481.89,3821.53,3784.67,-5.2589,-4.43331,-84.1356,-83.4536,-59.1931,-43.5805,69.4003,-37.7869,7.4583,2.40611,1.94712,-4.48133,-44.147,67.923,-36.7071,-345.462,7.5,2.29165,1.81049,0,LLLTALLIGLLAGLLVLLILI,TALLIGLLAGLLVLL,0.3487353826296379,0.0170290704182121,G,99999900.0,-24.942499999999995,0.0,19.68300000000002,660.3600000000001,-0.03777106426797503,0.0,0.02980646919861896,-0.00796368647404446
LLLLAYLIFLLATLVLLLILI_1,110011001100110000,1,-58.9084,-58.9084,-58.9084,-227.158,-229.914,-246.479,-350.718,4650.07,4120.17,3954.81,-5.25277,6.72416,-69.9037,-55.171,-45.3308,-90.9836,43.9758,36.4412,9.85207,6.08427,5.24391,21.3014,-92.9587,38.1226,27.815,-324.491,9.3114,5.59036,4.6622,1,LLLLAYLIFLLATLVLLLILI,LAYLIFLLATLVLLL,0.3866707854446778,0.1188230281819336,L,99999900.0,-24.572899999999997,0.0,19.321000000000026,529.8999999999996,-0.04637271183242124,0.0,0.0364615965276468,-0.009912757123985665
LLLYLLLAILLAVLLSILILI_1,110011001100110000,1,-60.3996,-59.7036,-60.3996,-232.527,-223.463,-248.894,-374.107,4625.92,4012.73,3839.7,-5.23168,439.375,-86.4126,348.434,-64.8137,-53.3196,74.5272,-46.8489,9.66735,4.55912,4.17703,346.718,-46.7103,70.4803,-42.9747,54.3461,8.3098,3.02139,2.57859,1,LLLYLLLAILLAVLLSILILI,YLLLAILLAVLLSIL,0.245284493250298,0.0095348945155987,R,99999900.0,-21.5989,0.0,16.36700000000002,613.19,-0.03522382948188979,0.0,0.026691563789363847,-0.008531906913028587
LLLTALLIALLLILLFVLILI_0,110011001100110000,1,-45.0736,-45.0736,-45.0736,-232.726,-231.872,-248.264,-363.831,4581.78,3920.95,3743.48,-5.20675,587.925,-91.2382,501.039,-70.4939,-26.3022,103.194,-45.7893,9.15521,4.37648,4.42439,585.085,-32.2597,92.0409,-42.2469,224.093,8.0874,3.76448,3.64509,0,LLLTALLIALLLILLFVLILI,TALLIALLLILLFVL,0.2563337774983045,0.0428073550992435,R,99999900.0,-20.74430000000001,0.0,15.538000000000011,660.8299999999999,-0.031391280662197554,0.0,0.023512855045927112,-0.00787910657809119
LLLYFLLVILLLALLSTLILI_0,110011001100110000,1,-70.6108,-75.0437,-74.18,-237.792,-230.603,-253.972,-367.006,4738.27,4087.35,3850.33,-5.20456,213.606,-63.8082,152.247,-38.8542,-22.798,90.0819,-42.6424,10.2556,2.08075,1.93197,209.651,-18.8236,86.1077,-38.4912,-153.4,8.6409,0.948085,0.739701,0,LLLYFLLVILLLALLSTLILI,YFLLVILLLALLSTL,0.0971267690813142,0.0307508577405055,R,99999900.0,-24.954,3.5692000000000093,16.180000000000007,650.9200000000005,-0.03833650832667606,0.005483315922079528,0.024857125299575976,-0.00799569839611626
LLLYFLLGTLLIVLLALLILI_2,110011001100110000,1,-58.7627,-63.0537,-58.7627,-234.041,-230.962,-250.798,-348.938,4766.38,4124.64,3657.08,-5.14561,581484.0,-61.2794,581429.0,-39.377,-67.9693,48.3261,-31.8219,9.9169,3.21941,2.4443,581365.0,-70.6256,40.5984,-41.2559,581135.0,6.8843,2.57462,1.6836,2,LLLYFLLGTLLIVLLALLILI,YFLLGTLLIVLLALL,0.2141434760357001,0.0274715632133099,G,99999900.0,-21.9024,0.0,16.757000000000005,641.7399999999998,-0.03412970985134168,0.0,0.026111820986692447,-0.008018216099978187
LLLAILLLILLFVLLSLLILI_2,110011001100110000,1,-60.492,-60.4132,-60.492,-237.83,-230.574,-247.059,-381.634,4584.45,4036.24,3749.46,-5.14286,26.2946,-88.455,-64.3522,-74.0834,-40.8782,92.5203,-42.6155,10.8037,5.12197,5.00977,12.6623,-36.2869,84.2404,-44.7529,-342.298,9.0,3.31549,3.0791,2,LLLAILLLILLFVLLSLLILI,AILLLILLFVLLSLL,0.1995053270308357,0.0843949883279147,R,99999900.0,-14.3716,0.0,9.228999999999985,548.21,-0.026215501358968277,0.0,0.016834789587931602,-0.009381186041845277
LLLTSLLALLLGALLAYLILI_2,110011001100110000,1,-53.1712,-52.3079,-44.9612,-228.112,-224.719,-252.603,-357.201,4575.25,3802.23,3566.27,-5.13642,9293.08,-81.0551,9212.91,-59.6368,-44.0293,82.8072,-42.5036,8.91433,4.28336,4.02547,8400.14,-50.5887,64.17,-37.5151,8813.59,7.0583,2.75125,2.2138,2,LLLTSLLALLLGALLAYLILI,TSLLALLLGALLAYL,0.5341566280194817,0.0919111924390803,G,99999900.0,-21.418299999999995,-8.21,24.491000000000014,773.02,-0.027707303821375897,-0.010620682517916744,0.03168223331867224,-0.0066446146283407935
LLLTFLLGLLLIVLLSILILI_1,110011001100110000,1,-60.3583,-54.9241,-60.3583,-239.156,-228.156,-250.522,-372.124,4616.02,3974.72,3565.14,-5.13008,27672.6,-77.7393,27583.6,-61.243,-86.7408,63.2714,-36.202,10.6474,8.05276,7.50184,26903.6,-85.3964,50.7936,-43.9343,31119.1,6.9666,6.1666,5.4285,1,LLLTFLLGLLLIVLLSILILI,TFLLGLLLIVLLSIL,0.4689616375488574,0.037266387132902,G,99999900.0,-16.496299999999998,0.0,11.365999999999985,641.3000000000006,-0.02572321846249802,0.0,0.017723374395758575,-0.007999501013566187
LLLYVLLAALLTVLLSLLILI_1,110011001100110000,1,-74.2788,-74.2394,-74.2788,-227.655,-227.012,-247.103,-374.213,4622.41,3937.14,3893.62,-5.10736,-4.57438,-77.386,-77.5352,-52.8307,-41.9135,81.9899,-44.4636,9.10149,3.85566,3.58551,-2.87782,-39.2116,82.5884,-44.5047,-376.731,8.7478,3.53117,3.27,1,LLLYVLLAALLTVLLSLLILI,YVLLAALLTVLLSLL,0.3128073888899824,0.0242600594187736,R,99999900.0,-24.555299999999995,0.0,19.448000000000008,685.27,-0.035833029316911576,0.0,0.028380054577028045,-0.0074530622966130135
LLLTYLLVFLLALLLISLILI_0,110011001100110000,1,-60.3691,-77.2618,-60.3691,-238.602,-231.708,-256.105,-368.278,4694.66,3867.12,3670.26,-5.07056,674.227,-74.3773,614.919,-51.8037,-73.4218,49.5993,-45.8623,9.16842,4.20918,3.45317,647.082,-64.7965,51.5402,-39.82,305.95,8.0152,3.1774,2.4505,0,LLLTYLLVFLLALLLISLILI,TYLLVFLLALLLISL,0.3467316111163525,0.0673227818357816,R,99999900.0,-22.573600000000006,0.0,17.503000000000014,827.54,-0.027277956352563026,0.0,0.021150639244024477,-0.006127268772506466
LLLSTLLVALLFALLALLILI_0,110011001100110000,1,-52.6534,-51.6104,-45.0213,-227.587,-226.29,-253.227,-356.393,4581.0,3831.5,3691.03,-5.04206,134259.0,-81.1946,134181.0,-58.1446,-41.4655,65.3493,-44.6265,9.37871,1.54197,1.02221,130239.0,-47.5802,62.1471,-35.7348,133903.0,8.4255,2.02689,1.4591,0,LLLSTLLVALLFALLALLILI,STLLVALLFALLALL,0.5744444776643521,0.0433097234529192,R,99999900.0,-23.049999999999997,-7.632100000000001,25.640000000000015,749.5,-0.030753835890593724,-0.010182921947965311,0.03420947298198801,-0.006727231487658439
LLLTYLLVILLIALLFLLILI_0,110011001100110000,1,-51.8324,-45.0773,-45.0773,-236.264,-236.703,-258.061,-358.708,4715.08,3954.31,3676.88,-4.98919,1276.05,-75.6009,1199.13,-55.5694,-21.2663,77.9314,-47.0467,9.94801,0.210677,-0.120352,768.229,-14.8656,89.0751,-39.4069,917.346,8.0,0.754973,0.591099,0,LLLTYLLVILLIALLFLLILI,TYLLVILLIALLFLL,0.348815308144261,0.0453906589728707,R,99999900.0,-20.031499999999994,-6.755099999999999,21.79699999999997,760.77,-0.02633055982754314,-0.008879293347529476,0.02865123493302834,-0.0065580793143788525
LLLTALLIALLLVLLSALILI_1,110011001100110000,1,-60.3014,-60.2512,-60.3799,-225.358,-226.21,-240.964,-375.728,4526.31,3844.73,3871.88,-4.97187,6.88528,-95.0402,-82.3815,-74.3836,-38.3798,89.2795,-40.3207,8.91459,4.3097,4.14889,5.84718,-33.2071,91.2243,-42.4294,-369.794,9.0,3.79634,3.6647,1,LLLTALLIALLLVLLSALILI,TALLIALLLVLLSAL,0.3552299193301409,0.0231867625473015,R,99999900.0,-20.656599999999997,0.07849999999999824,15.605999999999995,681.5800000000004,-0.03030693388890517,0.00011517356729950731,0.022896798614982814,-0.007294624255406551
LLLYILLLILLVALLSFLILI_2,110011001100110000,1,-60.506,-55.9988,-60.506,-238.347,-231.105,-253.662,-365.961,4719.17,4254.7,3810.97,-4.91001,1096.41,-72.0178,1017.55,-51.7931,-30.8991,77.4338,-44.9002,10.3401,1.58843,1.24994,651.136,-34.0014,66.4946,-38.3052,730.451,8.683,0.576981,0.0744,2,LLLYILLLILLVALLSFLILI,YILLLILLVALLSFL,0.1514614513579414,0.0554440644893698,R,99999900.0,-20.22469999999999,0.0,15.314999999999998,464.47000000000025,-0.04354360884448938,0.0,0.03297306607531162,-0.010571210196568126
LLLYFLLAVLLILLLGSLILI_1,110011001100110000,1,-60.2613,-60.2613,-60.2613,-234.588,-234.566,-249.619,-352.337,4763.88,4196.79,3550.73,-4.90829,750329.0,-62.3968,750271.0,-42.4568,-68.3084,53.09,-43.7836,10.2447,3.9134,3.20975,386052.0,-72.2097,37.011,-35.0,749941.0,7.3038,2.32794,1.3831,1,LLLYFLLAVLLILLLGSLILI,YFLLAVLLILLLGSL,0.2633298643914161,0.1290193316246828,G,99999900.0,-19.939999999999998,0.0,15.031000000000006,567.0900000000001,-0.03516196723624115,0.0,0.026505492955262836,-0.008655222275123876
LLLYFLLGLLLIVLLGSLILI_2,110011001100110000,1,-60.2835,-62.1087,-60.2835,-234.696,-226.837,-248.396,-347.294,4733.18,4171.59,3462.56,-4.85538,6755440.0,-57.1706,6755380.0,-38.6147,-75.4256,64.9238,-39.011,10.8346,6.57856,6.05241,5551670.0,-78.9548,52.0865,-37.7493,20022400.0,6.5,5.3749,4.6562,2,LLLYFLLGLLLIVLLGSLILI,YFLLGLLLIVLLGSL,0.2037069545821705,0.0927376222029582,G,99999900.0,-18.5559,0.0,13.699999999999989,561.5900000000001,-0.03304172082836232,0.0,0.0243950212788689,-0.008645773607079896
LLLAYLLTLLLIILLSFLILI_0,110011001100110000,1,-80.6083,-81.7778,-74.1339,-236.784,-236.899,-253.263,-373.265,4670.34,4120.92,3870.42,-4.83292,64.9822,-60.706,10.3933,-45.8682,-35.2086,73.5075,-46.5188,10.2654,1.7048,1.30741,61.9935,-35.2789,74.0431,-44.1963,-308.283,8.7202,1.78765,1.3983,0,LLLAYLLTLLLIILLSFLILI,AYLLTLLLIILLSFL,0.1251902149396885,0.0565749088794846,R,99999900.0,-14.837800000000001,-6.474400000000003,16.479000000000013,549.4200000000001,-0.027006297550143787,-0.011784063193913586,0.029993447635688564,-0.008796403480033488
LLLSALLVLLLALLLTFLILI_1,110011001100110000,1,-58.849,-58.8841,-58.8832,-230.81,-232.991,-251.706,-373.122,4617.06,3911.61,3828.6,-4.82533,205.014,-88.2884,123.767,-62.5328,-75.172,60.4558,-41.3561,8.61509,5.93733,5.34417,-3.2666,-77.6256,57.7497,-43.493,-376.364,8.7997,5.94005,5.3063,1,LLLSALLVLLLALLLTFLILI,SALLVLLLALLLTFL,0.399662451820935,0.0816158256693388,R,99999900.0,-25.755599999999994,0.03420000000000556,20.895999999999987,705.4500000000003,-0.03650946204550285,4.8479693812467996e-05,0.02962080941243175,-0.0068400737118151506
LLLYALLTLLLGFLLGILILI_0,110011001100110000,1,-58.7915,-71.7542,-58.7915,-234.064,-226.896,-247.069,-343.75,4645.75,4011.47,3637.75,-4.79353,1033830.0,-55.6882,1033780.0,-37.889,-37.5951,76.7375,-48.4906,8.90963,2.49883,2.14989,348196.0,-47.6465,58.5055,-37.0652,1033490.0,7.2473,1.54522,0.922803,0,LLLYALLTLLLGFLLGILILI,YALLTLLLGFLLGIL,0.5410905500504964,0.0849389314582198,G,99999900.0,-17.7992,0.0,13.004999999999995,634.2800000000002,-0.02806205461310461,0.0,0.020503563095163005,-0.007557435202118935
LLLYLLLGILLITLLAFLILI_0,110011001100110000,1,-58.7109,-49.9616,-58.7109,-240.437,-233.174,-251.334,-354.384,4709.3,4149.98,3601.54,-4.75008,746541.0,-59.9866,746470.0,-44.3397,-71.8692,50.8075,-33.2731,10.0567,4.13938,3.40149,722798.0,-70.6256,40.5984,-41.2559,746187.0,6.8843,2.57462,1.6836,0,LLLYLLLGILLITLLAFLILI,YLLLGILLITLLAFL,0.1558824042858685,0.0804441500095061,G,99999900.0,-15.646900000000002,0.0,10.896999999999991,559.3200000000006,-0.0279748623328327,0.0,0.01948258599728238,-0.008492598154902371
LLLYFLLAILLIVLLSLLILI_2,110011001100110000,1,-60.4787,-60.4787,-60.4787,-235.186,-230.368,-254.848,-362.961,4774.38,4109.11,3944.82,-4.74595,34.3258,-72.0419,-37.7877,-47.6343,-82.3298,60.568,-40.8514,10.0728,7.02615,6.43467,27.9794,-79.0284,55.7683,-40.9071,-286.941,8.9529,5.88298,5.2195,2,LLLYFLLAILLIVLLSLLILI,YFLLAILLIVLLSLL,0.1713441415131994,0.0452527772657598,R,99999900.0,-24.407599999999995,0.0,19.662000000000006,665.2700000000004,-0.03668826190869869,0.0,0.029554917552272,-0.007133870458610784
LLLYALLLALLVILLTILILI_2,110011001100110000,1,-58.8768,-58.9449,-58.8768,-238.792,-232.157,-250.904,-370.641,4658.83,4094.15,3835.28,-4.72577,123.819,-77.6978,44.2802,-60.8608,-40.612,100.05,-42.4877,9.34151,6.09852,6.09927,89.7285,-38.0433,88.4207,-45.0,-239.102,8.215,4.14329,3.9696,2,LLLYALLLALLVILLTILILI,YALLLALLVILLTIL,0.3173021320548981,0.0263794353264111,R,99999900.0,-16.837000000000003,0.0,12.111999999999995,564.6799999999998,-0.02981688744067438,0.0,0.0214493164270029,-0.008368934617836653
LLLTYLLIILLVALLSLLILI_0,110011001100110000,1,-68.0848,-66.8715,-60.4332,-234.43,-234.445,-253.852,-382.734,4643.5,3849.71,3813.06,-4.71167,42.3589,-84.931,-39.0588,-68.4483,-29.1635,75.8885,-45.0169,8.79695,1.11948,0.757804,44.7218,-24.5149,79.9684,-45.0,-340.375,8.631,0.972974,0.672501,0,LLLTYLLIILLVALLSLLILI,TYLLIILLVALLSLL,0.272653110206854,0.0247000399630796,R,99999900.0,-16.482699999999994,-7.651600000000002,19.421999999999997,793.79,-0.0207645598961942,-0.009639325262348987,0.02446742841305635,-0.0059356630846949445
LLLTALLVALLATLLSLLILI_0,110011001100110000,1,-74.0819,-74.7404,-74.0585,-224.215,-223.201,-242.401,-382.131,4513.46,3906.45,3863.58,-4.65742,-2.01552,-88.4918,-86.2051,-65.6711,-48.2604,58.3514,-43.9049,7.94977,1.6165,0.991767,-0.890239,-40.3331,65.2509,-36.934,-384.146,8.0,1.35884,0.837604,0,LLLTALLVALLATLLSLLILI,TALLVALLATLLSLL,0.4216513177003075,0.0300543882100287,R,99999900.0,-22.820700000000002,-0.023400000000009413,18.186000000000007,607.0100000000002,-0.03759526202204246,-3.854961203276619e-05,0.029959967710581376,-0.00767272367835785
LLLLAALVFLLTILILLLILI_0,110011001100110000,1,-58.9371,-49.1092,-58.9371,-228.609,-219.687,-244.908,-364.854,4610.21,3633.23,3485.32,-4.65531,240.868,-81.9632,144.81,-61.0091,-11.6531,105.253,23.8639,9.91652,2.45711,2.5359,239.157,-8.79533,100.0,22.4066,-123.986,8.5,1.3193,1.3193,0,LLLLAALVFLLTILILLLILI,LAALVFLLTILILLL,0.3900885048386269,0.0345944512666911,L,99999900.0,-20.954100000000004,0.0,16.298999999999978,976.98,-0.021447829024135605,0.0,0.016683043665172242,-0.004765000307068722
LLLYVLLGLLLITLLAFLILI_0,110011001100110000,1,-58.7144,-48.9689,-58.7144,-242.586,-230.122,-250.407,-351.611,4685.85,4284.01,3621.94,-4.62862,27843.4,-54.9392,27770.9,-42.4896,-73.3104,62.9684,-31.0428,11.0029,5.99728,5.44181,24069.8,-68.9875,54.3485,-39.7512,27491.8,6.8746,4.18517,3.5004,0,LLLYVLLGLLLITLLAFLILI,YVLLGLLLITLLAFL,0.1968408269708491,0.1296530308998513,G,99999900.0,-12.449599999999997,0.0,7.820999999999998,401.84000000000015,-0.03098148516822614,0.0,0.019462970336452307,-0.011518564602826992
LLLYVLLFILLTVLLSLLILI_0,110011001100110000,1,-74.2128,-60.318,-74.2128,-238.877,-233.05,-255.944,-374.791,4693.15,4130.18,3883.68,-4.58819,67.1715,-66.2886,-14.2512,-44.6343,-39.9834,87.6357,-42.2986,9.93351,4.32833,4.14287,66.2524,-39.2116,82.5884,-44.5047,-307.619,8.7478,3.53117,3.27,0,LLLYVLLFILLTVLLSLLILI,YVLLFILLTVLLSLL,0.1893630300257003,0.005896715633023,R,99999900.0,-21.6543,0.0,17.06699999999998,562.9699999999993,-0.0384643941950726,0.0,0.030316002628914505,-0.00814997246744943
LLLYLLLIVLLAFLLTSLILI_2,110011001100110000,1,-74.1978,-70.6458,-74.2137,-232.528,-225.756,-253.056,-366.841,4717.32,4232.95,3763.51,-4.54405,220.66,-64.6596,150.221,-39.5718,-79.816,52.3149,-54.1771,9.04193,5.53492,4.81964,215.418,-81.4126,51.8134,-45.0,-146.181,8.0,5.7067,4.9839,2,LLLYLLLIVLLAFLLTSLILI,YLLLIVLLAFLLTSL,0.1550432201155013,0.0516838497445116,R,99999900.0,-25.087799999999994,0.015900000000002024,20.52800000000002,484.3699999999999,-0.05179470239692797,3.282614530214924e-05,0.042380824576253744,-0.009381361355988193
LLLAFLLIILLGLLLGTLILI_1,110011001100110000,1,-58.7173,-59.8119,-58.7173,-221.909,-220.474,-240.425,-351.746,4588.83,3837.25,3512.31,-4.50493,351.579,-75.6252,280.119,-52.6036,-70.0482,37.2952,-41.7647,8.84853,2.04207,1.1015,353.464,-72.6874,32.4259,-40.8381,17.2636,7.0033,1.78061,0.766999,1,LLLAFLLIILLGLLLGTLILI,AFLLIILLGLLLGTL,0.3117556761886917,0.026031136546058,G,99999900.0,-23.021600000000007,0.0,18.51600000000002,751.5799999999999,-0.030630937491684197,0.0,0.024636099949439876,-0.005993946086910243
LLLATLLLLLVALLISLLILI_1,110011001100110000,1,-60.3623,-63.7282,-60.3623,-230.63,-222.141,-242.447,-385.544,4549.84,3928.81,3658.78,-4.46861,2482.82,-99.0205,2383.14,-82.7353,-107.613,24.4955,17.8077,10.7419,5.94889,4.81632,1426.61,-112.025,6.02704,18.0,2080.15,9.0427,4.1174,2.70781,1,LLLATLLLLLVALLISLLILI,ATLLLLLVALLISLL,0.4505945454669933,0.0443731189511447,L,99999900.0,-16.285200000000003,0.0,11.817000000000007,621.0300000000002,-0.026222887783198878,0.0,0.019028066276991454,-0.007195481699756853
LLLYALLLLLTSLLIVLLILI_0,110011001100110000,1,-74.2458,-74.8872,-74.2453,-233.909,-222.962,-253.07,-388.01,4711.98,4046.57,3729.25,-4.46767,770.933,-84.3232,680.773,-60.6948,-98.9396,48.0714,23.2859,10.4294,7.83058,7.05165,716.1,-102.81,30.6593,25.2844,382.923,8.8129,6.06051,5.0204,0,LLLYALLLLLTSLLIVLLILI,YALLLLLTSLLIVLL,0.3119225744665406,0.0325601661860855,L,99999900.0,-23.6284,-0.0005000000000023874,19.161,665.4099999999994,-0.03550953547436922,-7.514164199551973e-07,0.02879578004538558,-0.006714161193850414
LLLSYLLFVLLIILLALLILI_0,110011001100110000,1,-52.6161,-62.3463,-44.9887,-241.474,-235.815,-257.959,-361.572,4679.97,3996.39,3580.32,-4.46724,67359.1,-71.9492,67295.7,-58.6243,-52.157,59.206,-46.2906,10.7398,2.31635,1.70444,59651.4,-52.0033,51.666,-44.2967,66997.6,7.439,1.27541,0.550401,0,LLLSYLLFVLLIILLALLILI,SYLLFVLLIILLALL,0.264475500518601,0.0150071610613554,G,99999900.0,-13.324900000000007,-7.6274000000000015,16.485000000000014,683.5800000000004,-0.01949281722695222,-0.011158021007051109,0.024115685069779697,-0.006535065391029576
LLLTLLLIALLGFLLSILILI_0,110011001100110000,1,-60.2793,-68.6015,-60.2793,-235.466,-219.505,-244.166,-368.06,4567.06,4073.05,3564.05,-4.45584,1005500.0,-76.7707,1005420.0,-63.6149,-84.8409,63.4535,-40.4925,9.82985,7.79236,7.24416,898759.0,-83.724,52.3747,-45.0,1005130.0,6.6055,6.12918,5.4148,0,LLLTLLLIALLGFLLSILILI,TLLLIALLGFLLSIL,0.279595335121445,0.0555806399127059,G,99999900.0,-13.155800000000006,0.0,8.699999999999989,494.0100000000002,-0.026630635007388517,0.0,0.0176109795348272,-0.009019736442582131
LLLAYLLGVLLILLLAFLILI_1,110011001100110000,1,-44.9245,-44.9245,-44.9245,-238.343,-231.178,-246.546,-343.245,4626.78,3966.36,3585.12,-4.45478,853358.0,-64.4323,853291.0,-51.7745,-88.4445,73.7285,-35.7063,9.66396,9.72002,9.32595,444347.0,-91.43,48.2927,-36.5962,273777.0,7.0472,6.73401,5.9584,1,LLLAYLLGVLLILLLAFLILI,AYLLGVLLILLLAFL,0.2122848823928661,0.0061511094985405,G,99999900.0,-12.657799999999995,0.0,8.203000000000003,660.4199999999996,-0.019166288119681418,0.0,0.012420883680082383,-0.006745374155840227
LLLYILLLILLTVLLSFLILI_1,110011001100110000,1,-74.2032,-60.3463,-74.2032,-237.196,-239.704,-256.884,-375.026,4710.91,4156.89,3908.33,-4.44932,34.6627,-68.076,-40.3127,-43.9384,-44.4309,81.2241,-43.3,9.76662,4.12989,3.84826,26.5673,-39.2116,82.5884,-44.5047,-344.771,8.7478,3.53117,3.27,1,LLLYILLLILLTVLLSFLILI,YILLLILLTVLLSFL,0.1699855778538388,0.1059978656185407,R,99999900.0,-24.137599999999992,0.0,19.688000000000017,554.0199999999995,-0.04356810223457639,0.0,0.035536623226598375,-0.00803097361106098
LLLLYVLIILLTLLFSLLILI_0,110011001100110000,1,-74.2814,-74.1856,-74.2341,-232.225,-225.489,-252.278,-375.179,4623.48,3810.83,3672.99,-4.41496,68.2936,-73.087,-7.21017,-48.6668,-56.1785,77.7635,15.654,10.8313,5.42484,5.09129,70.9001,-43.0836,88.7124,20.2021,-306.885,9.3861,4.93871,4.7694,0,LLLLYVLIILLTLLFSLLILI,LYVLIILLTLLFSLL,0.2031341613173128,0.068374814129278,L,99999900.0,-24.4202,-0.047300000000007,20.052999999999997,812.6499999999996,-0.030050083061588646,-5.820463914355137e-05,0.02467605980434382,-0.005432793945733098
LLLLTLLVALLAILLFSLILI_0,110011001100110000,1,-60.3111,-50.5337,-60.3111,-226.28,-223.845,-242.417,-364.625,4603.07,3958.45,3643.38,-4.40978,1609.93,-82.4445,1519.68,-61.8971,-32.0826,81.3559,-44.9147,9.28858,2.29544,2.01578,1430.12,-35.1672,74.1308,-38.712,1245.31,7.5,1.78274,1.3947,0,LLLLTLLVALLAILLFSLILI,LTLLVALLAILLFSL,0.2643654155728442,0.0566263724646613,G,99999900.0,-20.547400000000003,0.0,16.137,644.6199999999999,-0.031875213303962036,0.0,0.02503335298315287,-0.006840898513853123
LLLFYLLVILLLTLLSTLILI_1,110011001100110000,1,-94.8283,-87.9138,-87.9016,-235.254,-237.396,-251.86,-378.685,4701.13,4077.46,3853.32,-4.37744,499.923,-52.9807,446.547,-38.9235,-28.0359,71.0746,-43.5285,10.5128,0.30046,-0.133421,440.306,-19.7119,80.3881,-36.3997,117.916,9.0,0.309179,0.0150006,1,LLLFYLLVILLLTLLSTLILI,FYLLVILLLTLLSTL,0.2204673418173409,0.0255133015392081,R,99999900.0,-14.057200000000002,-6.926699999999997,16.606000000000023,623.6700000000001,-0.022539484021998814,-0.011106354321997204,0.02662626068273289,-0.0070188400917151695
LLLFTLLVALLAYLLSALILI_0,110011001100110000,1,-68.176,-62.542,-60.2706,-225.663,-222.261,-241.729,-341.641,4642.88,3870.58,3753.47,-4.35701,40139.0,-52.1585,40082.2,-39.641,-34.3643,83.2249,-42.8033,8.78408,2.89001,2.63838,28008.2,-45.4715,65.5685,-35.0,39797.4,8.1631,2.17247,1.656,0,LLLFTLLVALLAYLLSALILI,FTLLVALLAYLLSAL,0.3638972893964343,0.0244171795792025,R,99999900.0,-12.517499999999998,-7.9054,16.066000000000003,772.3000000000002,-0.01620807976175061,-0.010236177651171822,0.02080279684060598,-0.005641603004013983
LLLLALLFALLVILLTWLILI_0,110011001100110000,1,-55.2921,-58.8875,-58.8193,-238.068,-228.408,-248.151,-362.208,4673.11,4102.58,3823.79,-4.3446,34.4262,-73.1923,-40.486,-55.2378,-39.3064,110.176,-44.1445,9.90107,7.26977,7.42242,35.9801,-43.4298,87.7182,-42.5164,-327.782,8.2716,4.85643,4.6722,0,LLLLALLFALLVILLTWLILI,LALLFALLVILLTWL,0.2406320661557443,0.1006940524580763,R,99999900.0,-17.954500000000003,3.5272000000000006,10.082999999999998,570.5299999999997,-0.031469861356983875,0.006182321700874629,0.01767304085674724,-0.007615024626224741
LLLAYLLILLLGVLLGTLILI_2,110011001100110000,1,-58.7057,-66.1175,-58.7057,-220.307,-218.823,-241.624,-355.111,4580.53,3873.4,3555.31,-4.24846,341678.0,-80.3472,341607.0,-54.7818,-73.852,54.0043,-44.4069,8.68451,4.86838,4.17844,148386.0,-80.1891,50.0903,-39.6088,341323.0,6.6695,5.29055,4.5419,2,LLLAYLLILLLGVLLGTLILI,AYLLILLLGVLLGTL,0.4893468658603226,0.0334811912210704,G,99999900.0,-25.565400000000004,0.0,21.317000000000007,707.1299999999997,-0.036153748249968205,0.0,0.030145800630718565,-0.006008032469277222
LLLAILLVILLFTLLSLLILI_2,110011001100110000,1,-74.156,-74.156,-74.156,-231.249,-230.035,-246.228,-379.348,4569.62,3891.14,3711.42,-4.22789,49.0693,-78.1704,-26.0873,-58.9639,-34.1298,83.0625,-40.8689,9.5588,2.83291,2.57885,51.7296,-34.3116,78.2924,-42.6631,-327.061,8.583,2.21621,1.8906,2,LLLAILLVILLFTLLSLLILI,AILLVILLFTLLSLL,0.3254741282698681,0.0575872637745226,R,99999900.0,-19.2065,0.0,14.979000000000013,678.48,-0.028308129937507365,0.0,0.02207729041386631,-0.006231414337931848
LLLSTLLVALLAYLLALLILI_0,110011001100110000,1,-54.0428,-55.5274,-45.0213,-228.885,-228.184,-255.834,-364.05,4594.21,3759.54,3714.13,-4.16198,134257.0,-85.2843,134176.0,-63.1948,-42.9977,69.7091,-39.184,9.14799,2.36038,1.90601,113089.0,-47.5802,62.1471,-35.7348,133892.0,8.4255,2.02689,1.4591,0,LLLSTLLVALLAYLLALLILI,STLLVALLAYLLALL,0.4829771172533021,0.0052681918654178,R,99999900.0,-22.0895,-9.021500000000003,26.949000000000012,834.6700000000001,-0.026464950219847364,-0.010808463224987123,0.032287011633340135,-0.0049863778499287135
LLLFALLIVLISLLLTLLILI_0,110011001100110000,1,-74.2774,-74.2774,-74.2774,-235.845,-220.65,-245.148,-378.982,4671.15,4110.0,3696.13,-4.07314,23530.5,-72.9323,23446.4,-59.5571,-102.958,46.9099,26.4665,11.0769,8.27652,7.48017,23178.3,-107.662,24.9433,19.7008,23151.5,9.4952,6.01665,4.8908,0,LLLFALLIVLISLLLTLLILI,FALLIVLISLLLTLL,0.6660871627799487,0.0225784583891318,L,99999900.0,-13.3752,0.0,9.302999999999997,561.1499999999996,-0.023835338144881063,0.0,0.016578454958567235,-0.00725855831774036
LLLLAALLLTLAVLLFSLILI_1,110011001100110000,1,-74.2134,-74.2134,-74.2134,-220.421,-223.215,-238.731,-362.322,4573.26,3607.09,3559.41,-4.05429,158.086,-71.7419,93.1933,-49.3772,-54.2743,76.1959,19.2028,9.14431,4.92759,4.57053,139.214,-61.161,61.4936,18.0,-214.702,8.8181,3.97579,3.39819,1,LLLLAALLLTLAVLLFSLILI,LAALLLTLAVLLFSL,0.4473443284598248,0.0278223477079453,L,99999900.0,-22.3647,0.0,18.310000000000002,966.1700000000001,-0.023147789726445656,0.0,0.0189511162631835,-0.004196249107299957
LLLYGLLFLLLIVLLATLILI_2,110011001100110000,1,-58.8381,-61.4623,-58.8381,-239.816,-235.482,-250.966,-350.777,4729.23,4222.88,3672.0,-4.02797,22363.4,-56.1506,22309.5,-40.9728,-74.5269,47.5559,-35.1634,11.0545,4.09908,3.31241,17255.2,-73.2508,43.1479,-42.798,22012.6,7.4823,3.31258,2.4598,2,LLLYGLLFLLLIVLLATLILI,YGLLFLLLIVLLATL,0.200085775405806,0.0141779461412079,G,99999900.0,-15.177799999999998,0.0,11.150000000000006,506.34999999999945,-0.029974918534610474,0.0,0.022020341660906523,-0.007954912609854852
LLLFYLLTILLIALLSLLILI_0,110011001100110000,1,-79.2572,-74.2922,-74.2083,-237.708,-234.459,-249.988,-370.04,4733.23,4030.94,3900.72,-3.99387,257.743,-57.0688,196.454,-45.844,-25.9198,90.6815,-44.4179,9.61461,2.62997,2.49019,184.71,-19.0498,93.1316,-41.4393,-112.297,8.233,1.93023,1.8272,0,LLLFYLLTILLIALLSLLILI,FYLLTILLIALLSLL,0.2616927174031181,0.0447301477318327,R,99999900.0,-11.224800000000002,-5.048900000000003,12.280000000000001,702.2899999999995,-0.015983140867732715,-0.007189195346651678,0.01748565407452763,-0.00568692420510046
LLLLYLLVILLATLLFLLILI_0,110011001100110000,1,-58.8513,-58.8513,-58.8513,-231.977,-215.185,-249.151,-361.518,4728.25,3908.94,3683.71,-3.97806,96.3955,-74.6685,8.91361,-53.5159,-65.7979,63.7677,11.0782,11.1348,4.97832,4.43484,95.8844,-67.0014,49.6286,18.3874,-265.123,9.5,3.25007,2.4945,0,LLLLYLLVILLATLLFLLILI,LYLLVILLATLLFLL,0.209009506299881,0.0925920489745298,L,99999900.0,-21.152599999999993,0.0,17.174000000000007,819.31,-0.025817578206051427,0.0,0.020961540808729306,-0.004855378306135651
LLLLYLLLFVLITLLLSLILI_1,110011001100110000,1,-74.2037,-70.6473,-74.2037,-230.754,-221.751,-251.971,-377.837,4640.99,3616.62,3506.74,-3.96107,127423.0,-76.8406,127338.0,-51.662,-47.6493,81.2773,22.3741,10.69,4.61982,4.33898,87938.9,-56.1344,66.139,24.0594,90525.3,9.2891,3.84892,3.341,1,LLLLYLLLFVLITLLLSLILI,LYLLLFVLITLLLSL,0.4038516427527712,0.1088700394887236,L,99999900.0,-25.178599999999996,0.0,21.217000000000013,1024.37,-0.024579595263430204,0.0,0.02071224264669994,-0.0038668352255532674
LLLTILLYVLLGLLLAFLILI_1,110011001100110000,1,-44.9993,-45.9697,-44.9993,-233.023,-226.622,-250.336,-347.271,4630.24,4173.08,3670.45,-3.95771,125.624,-73.2059,50.9442,-51.9351,-56.9686,70.1546,-52.3167,9.14302,4.51616,4.06848,124.322,-69.3266,52.1387,-41.8459,-222.886,7.431,3.93772,3.2198,1,LLLTILLYVLLGLLLAFLILI,TILLYVLLGLLLAFL,0.3176686631450307,0.0396905936818635,G,99999900.0,-21.2708,0.0,17.313000000000017,457.15999999999985,-0.0465281301951177,0.0,0.03787076734622456,-0.008657165981275704
LLLYWLLIILVALLLSLLILI_2,110011001100110000,1,-60.4258,-60.4258,-60.4258,-235.677,-236.019,-258.316,-378.144,4756.44,3851.8,3794.11,-3.92272,18.834,-85.9643,-62.8654,-59.4023,-102.169,25.628,29.8005,10.0908,5.28507,4.16949,15.0715,-106.661,10.839,28.0,-366.324,9.5,3.96242,2.62501,2,LLLYWLLIILVALLLSLLILI,YWLLIILVALLLSLL,0.3472238028588418,0.0425689309057532,L,99999900.0,-26.561999999999998,0.0,22.63899999999998,904.6399999999994,-0.029361956137247982,0.0,0.025025424478245486,-0.004336222143615142
LLLFYLLVILLIALLSLLILI_1,110011001100110000,1,-63.4926,-66.8905,-60.4486,-237.426,-236.307,-249.465,-362.408,4730.52,4051.12,3926.31,-3.90369,12.7248,-65.3938,-46.4855,-52.4942,-17.6976,90.1864,-47.9995,9.75307,1.32981,1.18261,7.24583,-20.5827,81.7293,-45.0,-355.195,9.0,0.620861,0.346801,1,LLLFYLLVILLIALLSLLILI,FYLLVILLIALLSLL,0.291454593068898,0.031154930260553,R,99999900.0,-12.8996,-3.044000000000004,12.039000000000016,679.4000000000005,-0.01898675301736825,-0.004480423903444218,0.017720047100382698,-0.005745790403297022
LLLAYLLGVLLILLLSFLILI_0,110011001100110000,1,-61.6185,-69.3666,-60.3304,-232.921,-225.894,-248.232,-358.232,4630.04,4046.37,3622.73,-3.90091,411426.0,-67.5938,411363.0,-49.6694,-72.7708,74.9681,-40.3339,9.95075,7.53632,7.16085,240508.0,-85.0833,46.26,-43.2731,411068.0,7.339,5.5076,4.7015,0,LLLAYLLGVLLILLLSFLILI,AYLLGVLLILLLSFL,0.2719029909905806,0.0095644825944477,G,99999900.0,-17.9244,-1.2881,15.311000000000007,583.6700000000001,-0.030709818904517957,-0.0022068977333082047,0.026232288793325006,-0.006683416999331814
LLLVYLLLILLTSLLFILILI_0,110011001100110000,1,-79.4381,-70.3548,-74.2589,-236.443,-232.932,-251.986,-376.378,4689.0,4063.81,3913.05,-3.88003,338.852,-64.3763,265.76,-50.1331,-28.6312,89.6486,-53.6489,9.72994,2.89724,2.74197,317.163,-22.5179,92.1154,-45.0,-37.5259,8.7339,2.31327,2.195,0,LLLVYLLLILLTSLLFILILI,VYLLLILLTSLLFIL,0.2129702280344761,0.0298863239049588,R,99999900.0,-14.243200000000002,-5.179200000000009,15.542999999999978,625.19,-0.02278219421295926,-0.008284201602712789,0.02486124218237652,-0.006206161326956605
LLLSYLLTVLLIILLSLLILI_1,110011001100110000,1,-91.1657,-92.3415,-74.1653,-237.427,-238.276,-260.935,-398.032,4624.63,3854.57,3835.19,-3.85949,111.658,-73.2992,44.2439,-62.9321,-67.4794,49.439,-38.5952,9.18037,3.29617,2.53775,106.655,-64.7965,51.5402,-39.82,-240.412,8.0152,3.1774,2.4505,1,LLLSYLLTVLLIILLSLLILI,SYLLTVLLIILLSLL,0.3322146991134097,0.1108044888816282,R,99999900.0,-10.3671,-17.0004,23.50800000000001,770.06,-0.013462717190868246,-0.02207672129444459,0.030527491364309288,-0.0050119341350024675
LLLSYLLTVLLITLLAFLILI_1,110011001100110000,1,-80.1989,-72.6982,-72.5251,-242.087,-238.063,-258.795,-369.011,4628.54,4074.0,3638.6,-3.8437,19901.4,-50.5684,19843.1,-37.6901,-50.0199,65.5719,-41.4294,10.3753,2.8552,2.33878,13120.5,-49.156,60.31,-42.3523,38926.8,7.5,2.01525,1.4199,1,LLLSYLLTVLLITLLAFLILI,SYLLTVLLITLLAFL,0.2062292312720397,0.0842810289819696,G,99999900.0,-12.878299999999996,-7.6738,16.708000000000027,554.54,-0.023223392361236335,-0.013838136112814226,0.030129476683377263,-0.0069313304721030046
LLLAYLLAVLLGLLLIFLILI_2,110011001100110000,1,-44.9566,-48.7647,-44.9566,-237.967,-225.983,-245.604,-343.651,4613.23,4179.15,3483.79,-3.82562,21587200.0,-64.5529,21587100.0,-53.0904,-82.4354,59.398,-43.568,10.7397,6.88404,6.27501,16785100.0,-76.6711,46.9516,-39.8118,21586900.0,7.5,4.33913,3.5434,2,LLLAYLLAVLLGLLLIFLILI,AYLLAVLLGLLLIFL,0.2803007680309535,0.1425734872344604,G,99999900.0,-11.462499999999991,0.0,7.6370000000000005,434.0799999999999,-0.02640642277921119,0.0,0.017593531146332476,-0.008813168079616662
LLLYVLLILLLGTLLAFLILI_0,110011001100110000,1,-58.7144,-66.4517,-58.7144,-232.926,-228.26,-250.283,-351.773,4689.37,4173.44,3631.34,-3.82046,7316.58,-63.9529,7259.52,-42.7749,-76.6015,44.3661,-47.0516,8.60936,3.97964,3.14513,6992.86,-68.9875,54.3485,-39.7512,6964.8,6.8746,4.18517,3.5004,0,LLLYVLLILLLGTLLAFLILI,YVLLILLLGTLLAFL,0.2037840673931463,0.0816140605841748,G,99999900.0,-21.177999999999997,0.0,17.357,515.9300000000003,-0.0410482042137499,0.0,0.033642160758242376,-0.007404996801891725
LLLLSTLLAVLALLLYILILI_1,110011001100110000,1,-54.1027,-45.0471,-45.0471,-225.002,-219.413,-244.332,-354.43,4565.44,3706.67,3639.46,-3.81076,481.936,-79.1358,391.966,-65.051,-54.9419,80.449,18.271,10.0378,5.60189,5.30862,480.873,-57.0745,70.4682,20.2462,280.447,8.8184,4.57438,4.1314,1,LLLLSTLLAVLALLLYILILI,LSTLLAVLALLLYIL,0.3710874169839302,0.0707079363800933,L,99999900.0,-14.084800000000001,-9.055599999999998,19.329999999999984,858.7699999999995,-0.01640113185136883,-0.010544849028261354,0.022508937200880322,-0.004437462882960516
LLLTILLIVLLAYLLSLLILI_2,110011001100110000,1,-61.3173,-60.7242,-60.262,-230.782,-232.655,-249.575,-376.58,4610.02,3839.22,3719.14,-3.80922,121.608,-88.2902,38.4073,-66.7427,-64.417,74.136,-43.4778,9.92279,6.17091,5.78295,104.81,-67.464,67.9953,-37.225,-202.998,8.6549,5.79897,5.3189,2,LLLTILLIVLLAYLLSLLILI,TILLIVLLAYLLSLL,0.4327005912772201,0.0316868613699312,R,99999900.0,-21.5475,-1.0553000000000026,18.792999999999978,770.8000000000006,-0.027954722366372576,-0.0013690970420342523,0.024381162428645513,-0.004941904514789824
LLLALLLGALLITLLSFLILI_0,110011001100110000,1,-73.9598,-66.0768,-73.9598,-223.78,-218.528,-238.601,-366.754,4539.96,3867.36,3556.16,-3.7946,48383.1,-72.8088,48301.0,-54.1925,-77.8208,67.2398,-40.5375,8.82011,7.2505,6.75909,42852.3,-74.197,65.2656,-42.419,48016.4,6.5325,6.44041,5.91939,0,LLLALLLGALLITLLSFLILI,ALLLGALLITLLSFL,0.2360286887719941,0.0260289980230803,G,99999900.0,-18.616300000000003,0.0,14.820999999999998,672.5999999999999,-0.02767811477847161,0.0,0.02203538507285162,-0.0056416889681831705
LLLSYLLGLLLIVLLGTLILI_2,110011001100110000,1,-78.1753,-66.2263,-58.7086,-233.796,-229.912,-253.094,-367.121,4598.88,4017.75,3579.16,-3.7391,1335040.0,-58.8894,1334970.0,-55.3181,-83.6571,57.273,-39.5386,10.9301,6.78041,6.13951,954464.0,-88.5873,34.12,-39.5515,1297290.0,7.2522,4.3943,3.4061,2,LLLSYLLGLLLIVLLGTLILI,SYLLGLLLIVLLGTL,0.2014311607623876,0.0720115245786222,G,99999900.0,-3.571300000000001,-19.466699999999996,19.298000000000002,581.1300000000001,-0.006145440779171614,-0.03349801249290175,0.03320771600158312,-0.006434188563660454
LLLSYLLVALLIILLFLLILI_2,110011001100110000,1,-51.9144,-45.0832,-45.0832,-237.675,-236.723,-259.628,-360.879,4687.63,3939.51,3821.04,-3.72273,39.1326,-75.0127,-39.9405,-56.168,-29.9805,87.8279,-45.9877,10.1691,2.85384,2.67126,40.0045,-23.3253,90.7494,-40.819,-321.747,9.0,2.24996,2.1112,2,LLLSYLLVALLIILLFLLILI,SYLLVALLIILLFLL,0.3843699655187521,0.0644003889245086,R,99999900.0,-18.844699999999996,-6.831200000000003,21.952999999999975,748.1199999999999,-0.02518940811634497,-0.009131155429610228,0.029344222851948855,-0.004976113457734054
LLLYTLLIILVALLLSLLILI_0,110011001100110000,1,-60.363,-60.363,-60.363,-230.377,-227.883,-252.909,-378.492,4669.61,3902.4,3677.6,-3.67428,628.768,-91.4261,538.522,-65.2195,-108.825,-3.46692,31.9684,10.3723,2.3557,0.8037,373.469,-107.84,2.594,18.2142,250.276,9.3464,3.02619,1.5651,0,LLLYTLLIILVALLLSLLILI,YTLLIILVALLLSLL,0.518361072634765,0.0672857411981056,L,99999900.0,-26.20660000000001,0.0,22.531999999999982,767.2099999999996,-0.03415831389059061,0.0,0.02936875171074412,-0.004789145084136028
LLLVYLLTILLILLLSFLILI_0,110011001100110000,1,-74.1096,-74.0792,-74.1658,-236.617,-236.977,-252.168,-377.49,4683.9,3921.42,3756.84,-3.66201,210.381,-70.4259,143.948,-51.157,-67.1796,61.0194,-34.548,9.53121,4.81456,4.22986,210.202,-65.4251,62.8523,-35.0,-167.109,8.0148,4.79882,4.2416,0,LLLVYLLTILLILLLSFLILI,VYLLTILLILLLSFL,0.484118289520376,0.0737520285686065,R,99999900.0,-19.268900000000002,0.056200000000004025,15.551000000000016,762.4799999999996,-0.02527135137970834,7.370685132725324e-05,0.02039528905676218,-0.0048027620396600594
LLLYTLLVILLFALLSLLILI_2,110011001100110000,1,-60.4371,-61.8963,-60.4371,-235.593,-231.326,-253.955,-360.648,4706.82,4108.05,3782.93,-3.63239,320.379,-68.2506,252.953,-46.2561,-40.7371,76.7363,-44.9139,9.80732,2.96997,2.62101,317.225,-41.4439,73.7208,-39.1581,-40.2687,8.0,2.66889,2.2747,2,LLLYTLLVILLFALLSLLILI,YTLLVILLFALLSLL,0.2139907886560412,0.0959946305969676,R,99999900.0,-21.994500000000002,0.0,18.362000000000023,598.7699999999995,-0.036732802244601466,0.0,0.030666199041368202,-0.006066419493294592
LLLLVLLGALLITLLSFLILI_1,110011001100110000,1,-74.0199,-63.2144,-74.0199,-228.366,-222.767,-240.866,-367.762,4594.7,4114.6,3663.69,-3.61935,42739.9,-68.9955,42658.1,-52.8755,-57.8897,86.9435,-51.445,8.82307,6.92082,6.72497,38163.0,-62.3587,69.782,-39.5227,43041.4,7.3379,5.27437,4.8211,1,LLLLVLLGALLITLLSFLILI,LVLLGALLITLLSFL,0.243655495818911,0.0861594084089358,G,99999900.0,-16.120000000000005,0.0,12.5,480.09999999999945,-0.03357633826286195,0.0,0.02603624244948972,-0.007538741928764849
LLLAYLLIALLVILLTLLILI_1,110011001100110000,1,-61.405,-45.6547,-58.9136,-230.535,-227.827,-248.073,-371.882,4618.43,3887.23,3767.19,-3.60672,91.5088,-83.5494,-6.89172,-64.8955,-19.0074,92.1308,-29.4106,10.6308,1.78877,1.67073,73.0844,-12.2363,93.4904,-35.6757,-290.895,9.0,0.956644,0.858999,1,LLLAYLLIALLVILLTLLILI,AYLLIALLVILLTLL,0.5054403947887977,0.0426585842425641,R,99999900.0,-18.653900000000007,-2.4913999999999987,17.53800000000001,731.2000000000003,-0.025511351203501096,-0.0034072757111597344,0.023985229759299787,-0.0049326039387308515
LLLYVLLLILLATLLIFLILI_0,110011001100110000,1,-58.8653,-55.4455,-58.8653,-241.259,-232.918,-255.507,-363.937,4704.95,4100.84,3864.31,-3.58905,1833.74,-67.401,1758.16,-49.5643,-20.7248,98.0997,-47.6591,9.93606,2.85217,2.82367,1590.06,-30.5546,77.5454,-42.4251,1469.8,8.9441,1.55182,1.215,0,LLLYVLLLILLATLLIFLILI,YVLLLILLATLLIFL,0.1113931568823827,0.0603424126041273,R,99999900.0,-17.836699999999993,0.0,14.248000000000019,604.1099999999997,-0.029525583089172507,0.0,0.02358510867226172,-0.00594105378159607
LLLYVLLTILLFALLSLLILI_0,110011001100110000,1,-74.1974,-74.1293,-74.1974,-237.637,-234.228,-253.529,-370.664,4687.13,4079.44,3802.09,-3.58578,220.847,-62.4161,158.54,-42.9376,-33.1185,84.0237,-44.349,9.97074,2.81097,2.57133,199.607,-28.5899,84.4588,-45.0,-149.817,8.1271,2.19042,1.9573,0,LLLYVLLTILLFALLSLLILI,YVLLTILLFALLSLL,0.2379139111773421,0.0680686313098903,R,99999900.0,-19.478499999999997,0.0,15.891999999999996,607.69,-0.0320533495696819,0.0,0.02615149171452549,-0.005900673040530533
LLLSSLLALLLGVLLITLILI_2,110011001100110000,1,-63.2884,-55.5593,-58.7566,-232.208,-228.816,-260.261,-388.353,4504.06,3671.91,3372.1,-3.51619,1193840.0,-96.3722,1193740.0,-69.3353,-71.0984,64.7509,-47.1579,7.58107,5.90614,5.3774,1066720.0,-66.9239,51.0441,-36.0241,1192680.0,6.7893,3.42954,2.6952,2,LLLSSLLALLLGVLLITLILI,SSLLALLLGVLLITL,0.1894199408598386,0.0238396811312896,G,99999900.0,-27.036900000000003,-4.531800000000004,28.053000000000026,832.1500000000005,-0.032490416391275596,-0.005445893168298986,0.033711470287808694,-0.004225428107913234
LLLATLLVILLFGLLFLLILI_2,110011001100110000,1,-45.0114,-45.0114,-45.0114,-228.515,-225.063,-246.359,-339.942,4655.34,4026.69,3568.35,-3.50486,358.922,-69.9202,289.054,-48.5716,-34.4233,81.7723,-43.0693,10.0498,2.70275,2.42934,349.782,-40.652,76.0053,-35.3219,18.9799,7.3774,2.85852,2.4986,2,LLLATLLVILLFGLLFLLILI,ATLLVILLFGLLFLL,0.5314656384581792,0.0582909735166028,G,99999900.0,-21.348599999999998,0.0,17.844000000000023,628.6500000000001,-0.03395943688857074,0.0,0.02838463373896448,-0.005575216734271852
LLLAYLLGVLLILLLGSLILI_1,110011001100110000,1,-63.6102,-73.8779,-60.2742,-226.442,-221.236,-241.416,-359.535,4586.2,3962.16,3482.98,-3.50097,74472400000.0,-72.9829,74472400000.0,-57.8442,-64.7872,64.1146,-31.4256,10.4925,4.87355,4.33526,18198200.0,-71.2876,45.5524,-38.516,14652700.0,6.6243,3.34271,2.526,1,LLLAYLLGVLLILLLGSLILI,AYLLGVLLILLLGSL,0.2783867014869016,0.1129256060793628,G,99999900.0,-15.1387,-3.3359999999999985,14.97399999999999,624.04,-0.0242591821037113,-0.005345811165950899,0.02399525671431317,-0.0056101692199218
LLLFTLLVALLAALLSLLILI_1,110011001100110000,1,-60.3117,-53.6573,-60.3117,-227.823,-219.817,-238.779,-355.587,4584.28,3946.76,3733.69,-3.42122,40159.7,-70.8729,40077.6,-56.4961,-50.2586,77.2183,-41.561,9.53042,4.46326,4.12154,39094.7,-45.4715,65.5685,-35.0,39785.2,8.1631,2.17247,1.656,1,LLLFTLLVALLAALLSLLILI,FTLLVALLAALLSLL,0.3958128389660695,0.0319166098906566,R,99999900.0,-14.376800000000003,0.0,10.955999999999989,637.5199999999995,-0.022551135650646276,0.0,0.017185343204919056,-0.005366451248588283
LLLTYLLTILLIFLLSLLILI_0,110011001100110000,1,-87.8541,-74.4169,-74.2773,-238.01,-238.418,-260.771,-381.554,4711.97,3945.91,3736.25,-3.38822,103.695,-59.0781,34.9766,-46.5057,-71.9803,51.5498,-40.1852,9.81351,4.25627,3.52952,101.904,-68.2683,51.1623,-39.0156,-277.859,8.2586,3.64716,2.9146,0,LLLTYLLTILLIFLLSLLILI,TYLLTILLIFLLSLL,0.208212345371793,0.0301365908791773,R,99999900.0,-12.572400000000002,-13.576800000000006,22.761000000000024,766.0600000000004,-0.01641176931310863,-0.017722893768112157,0.029711771923870207,-0.004422917264966188
LLLYALLLILLFILLSVLILI_2,110011001100110000,1,-60.5859,-60.5522,-60.4695,-241.324,-238.465,-254.796,-367.023,4701.75,4249.31,3956.84,-3.36453,101.029,-68.478,33.0228,-51.7576,-59.2813,82.3208,-45.828,10.2132,6.50552,6.24033,99.8903,-55.2901,77.1212,-45.0,-264.133,8.8351,5.20488,4.8617,2,LLLYALLLILLFILLSVLILI,YALLLILLFILLSVL,0.1213519671267874,0.1194659739972282,R,99999900.0,-16.720399999999998,-0.11640000000000583,13.47199999999998,452.4399999999996,-0.036956060472106825,-0.0002572716824330429,0.029776323932455113,-0.007436411457872873
LLLTLLLIVLLGFLLGILILI_0,110011001100110000,1,-44.9313,-50.1775,-44.9313,-227.621,-218.199,-244.851,-349.607,4589.16,4091.74,3550.92,-3.34505,285816.0,-80.3996,285735.0,-59.8241,-78.8747,49.1036,-53.1976,9.18796,4.9602,4.19676,277432.0,-90.0074,38.3333,-42.1317,285467.0,6.7822,5.1761,4.2511,0,LLLTLLLIVLLGFLLGILILI,TLLLIVLLGFLLGIL,0.3011574225352759,0.0879191888574304,G,99999900.0,-20.575500000000005,0.0,17.22999999999999,497.4200000000001,-0.04136444051304733,0.0,0.034638735877125945,-0.006724799967834023
LLLYILLLALLAVLLTILILI_0,110011001100110000,1,-58.8612,-54.1097,-58.8612,-235.105,-218.234,-249.81,-370.218,4644.98,4014.8,3733.78,-3.30985,1728.05,-79.562,1630.18,-61.5466,-64.1391,79.3602,-43.2144,9.79905,6.83449,6.52489,1082.96,-59.4289,73.8437,-35.0,1357.83,8.0205,5.38324,4.9909,0,LLLYILLLALLAVLLTILILI,YILLLALLAVLLTIL,0.304216453445598,0.0310141519253652,R,99999900.0,-18.0154,0.0,14.705000000000013,630.1799999999994,-0.02858770510013015,0.0,0.023334602811895058,-0.005252229521723957
LLLYLLLGALLIALLTFLILI_2,110011001100110000,1,-58.7574,-62.3862,-58.7574,-229.016,-223.384,-247.248,-347.252,4676.68,4040.73,3640.65,-3.28037,340694.0,-62.7581,340632.0,-41.2461,-72.9508,67.056,-35.6341,9.15232,6.49517,6.00101,324692.0,-68.1028,64.3439,-40.6526,340346.0,6.5,5.40184,4.867,2,LLLYLLLGALLIALLTFLILI,YLLLGALLIALLTFL,0.1664898632363907,0.0973282010962172,G,99999900.0,-21.512,0.0,18.232,635.9500000000003,-0.033826558691721034,0.0,0.028668920512618903,-0.005158219985847942
LLLYLLLAILLFVLLSLLILI_0,110011001100110000,1,-60.4494,-60.3708,-60.4494,-239.36,-234.94,-253.938,-369.112,4732.49,4235.27,3850.63,-3.21116,58.3808,-72.5134,-15.421,-54.7245,-43.2029,75.5852,-54.5851,10.4493,3.18444,2.81822,57.4314,-36.9249,77.9317,-44.0734,-310.731,8.7253,2.55952,2.2285,0,LLLYLLLAILLFVLLSLLILI,YLLLAILLFVLLSLL,0.2185164014183654,0.0425044750129085,R,99999900.0,-17.788900000000005,0.0,14.577999999999975,497.21999999999935,-0.03577671855516679,0.0,0.029319013716262405,-0.0064582277462692655
LLLTILLFALLAYLLSLLILI_1,110011001100110000,1,-62.4723,-63.4896,-60.3015,-227.684,-217.849,-247.937,-358.859,4620.36,3823.99,3670.41,-3.19687,151.416,-71.9001,73.8954,-50.6208,-69.9122,70.8928,-40.3015,9.40446,6.55735,6.12074,112.637,-74.5663,64.3243,-36.9715,-227.868,8.2163,6.36873,5.8336,1,LLLTILLFALLAYLLSLLILI,TILLFALLAYLLSLL,0.3108612972787587,0.055719114052796,R,99999900.0,-21.279299999999992,-2.1708,20.253000000000014,796.3699999999999,-0.026720368672853066,-0.0027258686289036503,0.025431646094152237,-0.004014302397126964
LLLLIYLIFLLWTLVLLLILI_0,110011001100110000,1,-58.9084,-58.9088,-58.9084,-241.531,-226.287,-258.115,-362.039,4787.88,4154.64,3857.44,-3.1899,2914.34,-64.7894,2837.5,-45.0156,-89.0448,51.2199,32.8288,11.3992,6.7714,6.0397,2509.5,-92.9587,38.1226,27.815,2552.3,9.3114,5.59036,4.6622,0,LLLLIYLIFLLWTLVLLLILI,LIYLIFLLWTLVLLL,0.7981274865992853,0.0352720934339988,L,99999900.0,-19.7738,0.0,16.584000000000003,633.2399999999998,-0.031226391257659036,0.0,0.02618912260754218,-0.005037426568125831
LLLSYLLVILLITLLFLLILI_2,110011001100110000,1,-65.3764,-59.8366,-58.8681,-237.433,-238.62,-262.538,-371.718,4700.64,3969.33,3814.64,-3.18764,25847.4,-72.0957,25774.1,-50.3114,-28.9421,72.9488,-46.8812,10.3732,0.689403,0.283635,25440.6,-23.3253,90.7494,-40.819,25475.7,9.0,2.24996,2.1112,2,LLLSYLLVILLITLLFLLILI,SYLLVILLITLLFLL,0.3345159447839892,0.060328085064599,R,99999900.0,-21.784299999999995,-6.5083000000000055,25.105000000000018,731.3100000000004,-0.02978805157867386,-0.008899509100108028,0.03432880720898115,-0.00435880816616756
LLLTILLAVLLAALLSLLILI_2,110011001100110000,1,-60.2904,-60.5142,-60.2904,-223.175,-214.947,-238.786,-371.787,4500.68,3889.73,3774.83,-3.11972,4.96132,-91.4414,-91.3649,-72.7104,-68.7812,73.6832,-43.316,9.17878,6.7644,6.36965,8.60062,-67.464,67.9953,-37.225,-343.919,8.6549,5.79897,5.3189,2,LLLTILLAVLLAALLSLLILI,TILLAVLLAALLSLL,0.3358521232836907,0.0414586594963079,R,99999900.0,-18.730999999999995,0.0,15.61099999999999,610.9500000000003,-0.03065881004992223,0.0,0.025552009166052842,-0.005106342581225957
LLLTYLLLVLLIILLSFLILI_2,110011001100110000,1,-68.0087,-62.4788,-60.4179,-241.821,-243.99,-258.211,-371.422,4692.14,4265.74,3895.5,-3.05279,210.168,-64.645,145.215,-52.7938,-49.1738,54.3483,-46.1656,10.4914,1.21309,0.528316,212.018,-52.2236,53.6517,-43.5176,-161.254,8.4549,1.57652,0.881296,2,LLLTYLLLVLLIILLSFLILI,TYLLLVLLIILLSFL,0.2272206576803748,0.04170611617964,R,99999900.0,-11.851199999999999,-7.5908000000000015,16.390000000000015,426.40000000000055,-0.02779362101313317,-0.01780206378986865,0.038438086303939946,-0.007159451219512186
LLLTYLLVALLATLLILLILI_2,110011001100110000,1,-66.8895,-65.7346,-58.798,-235.683,-230.534,-252.333,-373.658,4611.92,3940.09,3853.05,-3.03272,131.842,-74.1178,54.4536,-62.5262,-39.2539,79.1445,-41.1047,9.00201,3.07259,2.75976,126.86,-40.3331,65.2509,-36.934,-241.815,8.0,1.35884,0.837604,2,LLLTYLLVALLATLLILLILI,TYLLVALLATLLILL,0.3750070112561132,0.026509292040937,R,99999900.0,-11.5916,-8.091499999999996,16.650000000000006,671.8299999999999,-0.01725376955479809,-0.012043969456558947,0.02478305523718799,-0.004514118154890374
LLLTALLLALLFILLFSLILI_0,110011001100110000,1,-60.3539,-60.3539,-60.3539,-230.931,-230.947,-248.697,-359.571,4618.89,3937.52,3654.01,-2.98714,978.029,-71.2734,909.758,-50.5208,-24.9412,81.4961,-38.1186,9.48752,1.24315,0.965594,870.568,-32.2864,71.771,-35.0,618.458,7.3393,1.03204,0.608604,0,LLLTALLLALLFILLFSLILI,TALLLALLFILLFSL,0.3635983941176361,0.02248972019582,G,99999900.0,-20.752599999999994,0.0,17.76599999999999,681.3700000000003,-0.030457167177891577,0.0,0.02607393926941307,-0.004384020429428943
LLLSYLLVLLLIFLLTILILI_0,110011001100110000,1,-69.4671,-72.6992,-58.8353,-237.16,-237.991,-262.776,-375.309,4670.88,3917.41,3783.83,-2.96355,1232.48,-71.6452,1167.87,-53.6969,-65.7551,59.2546,-37.8536,10.8621,4.36264,3.75146,1206.11,-68.6732,57.2295,-41.2124,857.176,9.0,4.52696,3.8854,0,LLLSYLLVLLLIFLLTILILI,SYLLVLLLIFLLTIL,0.2683166314268738,0.037287146210545,R,99999900.0,-17.948300000000003,-10.631800000000005,25.616000000000014,753.4700000000003,-0.023820855508513938,-0.014110448989342644,0.033997372158148305,-0.003933202383638365
LLLTYLLTILLIVLLSLLILI_0,110011001100110000,1,-74.194,-89.5713,-74.194,-241.074,-235.114,-258.602,-395.658,4643.02,3955.22,3821.09,-2.92674,355.716,-83.3168,284.743,-62.8623,-74.0622,49.2707,-37.5049,9.94796,4.26087,3.49994,345.903,-64.7965,51.5402,-39.82,-39.9422,8.0152,3.1774,2.4505,0,LLLTYLLTILLIVLLSLLILI,TYLLTILLIVLLSLL,0.3213435561296045,0.0120565414192577,R,99999900.0,-20.454500000000003,0.0,17.527999999999963,687.8000000000006,-0.029739022971794104,0.0,0.025484152369874887,-0.004255219540564114
LLLTILLVALLALLLFILILI_0,110011001100110000,1,-45.0382,-45.0382,-45.0382,-226.789,-215.081,-245.767,-360.99,4607.52,3740.15,3695.05,-2.91269,131.701,-92.0762,30.8293,-70.1852,-62.8822,81.1775,-40.8042,8.69084,6.89129,6.60895,125.906,-61.3414,69.3806,-39.8242,-229.29,8.0,5.06759,4.6083,0,LLLTILLVALLALLLFILILI,TILLVALLALLLFIL,0.4764062354544636,0.0274370775805045,R,99999900.0,-21.891000000000005,0.0,18.97800000000001,867.3700000000003,-0.02523836425055051,0.0,0.021879935898174944,-0.00335807095011356
LLLTVLLLILLFALLSILILI_2,110011001100110000,1,-60.4169,-62.0778,-60.4169,-233.194,-231.253,-248.857,-377.686,4561.67,3916.45,3704.18,-2.90321,97.5037,-86.9784,13.1481,-68.4121,-34.4056,80.4949,-44.3822,9.23947,2.52765,2.23508,77.2291,-31.2213,81.346,-45.0,-280.182,8.0964,2.16491,1.8851,2,LLLTVLLLILLFALLSILILI,TVLLLILLFALLSIL,0.2255273183404157,0.1153322358356125,R,99999900.0,-18.5663,0.0,15.663000000000011,645.2200000000003,-0.028775146461671973,0.0,0.024275440934874933,-0.004499566039490405
LLLTSLLAVLLALLFSLLILI_1,110011001100110000,1,-66.0338,-73.7497,-60.369,-222.887,-217.865,-258.281,-379.311,4562.94,3736.31,3557.78,-2.89261,74.3551,-93.2832,-13.3412,-60.6606,-106.651,32.8438,27.4519,9.61212,6.93156,5.92422,58.5357,-105.741,26.387,21.3899,-326.768,8.7438,5.9234,4.81921,1,LLLTSLLAVLLALLFSLLILI,TSLLAVLLALLFSLL,0.1997525439852741,0.0243842849935894,L,99999900.0,-32.62259999999999,-5.6648,35.394000000000005,826.6299999999997,-0.039464573025416456,-0.006852884603752588,0.04281722173160909,-0.0034992802100093164
LLLVSLLLTLLIYLLALLILI_1,110011001100110000,1,-64.2974,-71.6616,-58.7633,-236.684,-225.029,-248.444,-377.234,4657.17,3937.65,3721.46,-2.85144,53611.4,-79.1035,53530.8,-70.0262,-48.0456,77.023,-38.2977,10.2946,4.10495,3.76029,38231.6,-45.4715,65.5685,-35.0,53370.6,8.1631,2.17247,1.656,1,LLLVSLLLTLLIYLLALLILI,VSLLLTLLIYLLALL,0.5571142261444262,0.1040851552140165,R,99999900.0,-9.077299999999994,-5.534099999999995,11.759999999999991,719.52,-0.012615771625528122,-0.007691377585056698,0.016344229486324205,-0.003962975316877919
LLLTALLAFLLGVLLILLILI_1,110011001100110000,1,-44.9299,-44.9299,-44.9299,-232.453,-221.901,-245.109,-353.244,4589.84,3717.42,3411.9,-2.76114,3608730.0,-78.6224,3608650.0,-63.2051,-72.7159,60.8571,-48.5539,8.4184,5.62309,5.03595,1718830.0,-66.9239,51.0441,-36.0241,3610400.0,6.7893,3.42954,2.6952,1,LLLTALLAFLLGVLLILLILI,TALLAFLLGVLLILL,0.6173430629065985,0.0483314532716491,G,99999900.0,-15.417299999999997,0.0,12.656000000000006,872.4200000000001,-0.01767187822379129,0.0,0.014506774260104084,-0.0031649205657825357
LLLFALLIILVALLLSLLILI_0,110011001100110000,1,-60.4007,-60.4007,-60.4007,-228.869,-217.314,-241.906,-367.642,4652.4,3908.77,3635.81,-2.7557,121.828,-81.1283,31.9006,-65.335,-108.312,10.6162,29.6225,10.6309,4.17999,2.83923,110.644,-105.587,2.45296,19.0015,-245.814,9.4143,2.6692,1.20599,0,LLLFALLIILVALLLSLLILI,FALLIILVALLLSLL,0.5909151992301583,0.0973240622607306,L,99999900.0,-15.793300000000002,0.0,13.037000000000006,743.6299999999997,-0.02123811572959672,0.0,0.0175315681185536,-0.003705740758172749
LLLTILLAVLLIYLLSLLILI_1,110011001100110000,1,-60.3383,-60.5375,-60.3858,-233.724,-230.636,-249.761,-376.399,4634.02,3835.84,3682.56,-2.75159,75.3416,-85.0888,-9.8843,-66.2522,-69.9012,71.0117,-40.1269,10.109,6.57176,6.13693,59.1504,-67.464,67.9953,-37.225,-273.055,8.6549,5.79897,5.3189,1,LLLTILLAVLLIYLLSLLILI,TILLAVLLIYLLSLL,0.3348212148771162,0.035437482914384,R,99999900.0,-18.836600000000004,0.04750000000000654,16.037000000000006,798.1800000000003,-0.02359943872309504,5.951038612845037e-05,0.02009195920719637,-0.0034473301761507417
LLLVALLALLLITLLSFLILI_0,110011001100110000,1,-74.0748,-56.4889,-74.0748,-233.82,-227.547,-242.627,-374.549,4579.48,4233.33,3576.03,-2.74672,23675.2,-69.4006,23584.6,-57.8471,-69.0626,55.497,-36.4734,10.4443,4.35148,3.68394,19687.8,-68.1464,52.7276,-38.529,23300.6,6.6534,3.84019,3.1311,0,LLLVALLALLLITLLSFLILI,VALLALLLITLLSFL,0.1990421588634362,0.031530682457855,G,99999900.0,-11.5535,0.0,8.807000000000016,346.14999999999964,-0.033377148634984866,0.0,0.025442727141412755,-0.00793505705618952
LLLYILLTVLLGFLLAALILI_2,110011001100110000,1,-58.8285,-58.9442,-58.8188,-226.738,-221.579,-245.565,-336.655,4635.24,4154.41,3741.51,-2.73199,1530.64,-53.8205,1474.51,-32.2709,-52.7439,55.637,-47.5868,9.11038,1.92259,1.25714,1423.6,-48.9252,56.7148,-39.7132,1174.6,7.3783,1.49528,0.846002,2,LLLYILLTVLLGFLLAALILI,YILLTVLLGFLLAAL,0.2957965808622113,0.1073509841445952,G,99999900.0,-21.549600000000005,-0.009699999999995157,18.826999999999998,480.8299999999999,-0.04481750306761227,-2.0173450075900335e-05,0.03915521078135724,-0.005681821017823348
LLLAFLLIVLLGTLLGLLILI_0,110011001100110000,1,-58.6705,-68.6262,-58.6705,-219.356,-214.726,-238.937,-349.531,4592.54,3815.87,3430.76,-2.70288,144463.0,-74.2074,144397.0,-51.9229,-71.4656,44.9089,-40.1119,8.75479,3.28254,2.45618,137516.0,-62.8637,50.8317,-39.7383,144113.0,6.5162,2.79183,2.05431,0,LLLAFLLIVLLGTLLGLLILI,AFLLIVLLGTLLGLL,0.4001235338038434,0.0385286607843904,G,99999900.0,-22.28450000000001,0.0,19.581000000000017,776.6700000000001,-0.02869236612718401,0.0,0.025211479779056762,-0.003480088068291552
LLLLVILLLLLTALLFSLILI_0,110011001100110000,1,-74.2669,-74.2979,-74.2423,-244.672,-231.481,-246.052,-383.509,4594.84,3647.38,3518.41,-2.58782,105.075,-67.1581,27.3441,-63.2148,-10.651,100.477,28.3632,9.71358,1.66204,1.66919,103.582,-3.14953,98.5758,19.1098,-278.435,8.9946,0.280163,0.2588,0,LLLLVILLLLLTALLFSLILI,LVILLLLLTALLFSL,0.353409875511361,0.1357869830380532,L,99999900.0,-3.943300000000008,-0.024600000000006617,1.3799999999999955,947.46,-0.004161969898465378,-2.596415679818316e-05,0.0014565258691659757,-0.0027313237498152953
LLLSTLLILLLGVLLGILILI_0,110011001100110000,1,-44.9498,-54.4682,-44.9498,-230.447,-216.388,-249.27,-370.593,4547.55,3759.29,3401.9,-2.57628,16062.7,-97.7724,15962.9,-76.373,-65.2665,71.9485,-38.2029,8.2887,6.00302,5.58225,14782.7,-65.5548,56.8812,-35.0605,15692.1,6.8434,4.01218,3.3654,0,LLLSTLLILLLGVLLGILILI,STLLILLLGVLLGIL,0.5754664884417354,0.0230566847721069,G,99999900.0,-21.3994,0.0,18.823000000000008,788.2600000000002,-0.027147641641082885,0.0,0.02387917692132038,-0.0032683124857280587
LLLYFLLIVLLGLLLGSLILI_0,110011001100110000,1,-60.2613,-62.0884,-60.2613,-229.56,-214.61,-248.347,-348.387,4736.45,3960.12,3550.5,-2.49146,286.392,-61.0563,214.704,-39.7783,-81.0489,31.8629,-37.6967,8.9949,2.95884,1.93678,279.141,-72.2097,37.011,-35.0,-61.9942,7.3038,2.32794,1.3831,0,LLLYFLLIVLLGLLLGSLILI,YFLLIVLLGLLLGSL,0.2064362078030668,0.0582576409634466,G,99999900.0,-21.278,0.0,18.787000000000006,776.3299999999999,-0.02740844743858926,0.0,0.024199760411165366,-0.0032092795589504465
LLLTFLLGLLLIYLLASLILI_2,110011001100110000,1,-60.2384,-62.7306,-60.2384,-237.876,-230.741,-250.188,-358.145,4649.4,4073.45,3620.48,-2.44579,104661.0,-62.4764,104597.0,-47.718,-75.7571,60.403,-34.6721,10.9699,6.01797,5.42402,96199.1,-75.8727,44.54,-43.5756,104303.0,7.3804,3.8938,3.0619,2,LLLTFLLGLLLIYLLASLILI,TFLLGLLLIYLLASL,0.2423109460820658,0.0823575355979817,G,99999900.0,-14.758399999999995,0.0,12.311999999999983,575.9499999999998,-0.025624446566542232,0.0,0.021376855629828957,-0.004246531816998005
LLLYVLLFLLLGALLITLILI_2,110011001100110000,1,-58.7437,-53.8072,-58.7437,-233.002,-225.226,-250.135,-351.721,4693.42,4091.52,3656.43,-2.43313,82831.8,-62.4086,82759.1,-42.8424,-37.6592,74.1167,-40.0129,8.98902,2.15463,1.76638,80285.8,-41.6132,59.4908,-39.8529,82480.0,6.5091,0.773238,0.1656,2,LLLYVLLFLLLGALLITLILI,YVLLFLLLGALLITL,0.2493405735424602,0.125382597514909,G,99999900.0,-19.566200000000002,0.0,17.13299999999998,601.9000000000001,-0.03250739325469347,0.0,0.028464861272636616,-0.004042415683668383
LLLWYLLLVLLITLLSFLILI_2,110011001100110000,1,-83.5138,-80.923,-74.0443,-239.552,-243.001,-259.258,-375.257,4721.07,4141.13,3870.26,-2.41797,1859.74,-54.6089,1808.41,-41.9549,-54.4159,43.5658,-40.6778,9.89731,0.543768,-0.302745,1742.67,-53.1248,51.1385,-44.4724,1484.49,8.4512,1.37242,0.639498,2,LLLWYLLLVLLITLLSFLILI,WYLLLVLLITLLSFL,0.4609608595214449,0.0420005482019284,R,99999900.0,-12.653999999999996,-9.469499999999996,19.70599999999999,579.9399999999996,-0.021819498568817472,-0.016328413284132846,0.03397937717694934,-0.004169345104666003
LLLFLLLIILVALLLSLLILI_2,110011001100110000,1,-60.3711,-60.3711,-60.3711,-227.24,-218.809,-245.137,-377.914,4675.49,3839.17,3710.52,-2.28975,22.2239,-92.5933,-76.5107,-72.4066,-106.962,12.5085,25.5452,10.2399,4.23292,2.92055,17.2115,-108.506,6.15667,24.8812,-360.534,9.4921,3.60705,2.1994,2,LLLFLLLIILVALLLSLLILI,FLLLIILVALLLSLL,0.1873935414223655,0.0685053478059942,L,99999900.0,-20.186700000000002,0.0,17.89699999999999,836.3199999999997,-0.024137531088578544,0.0,0.02139970346278936,-0.002737887411517124
LLLAALLLILLFTLLVFLILI_0,110011001100110000,1,-58.9178,-51.8511,-58.9178,-230.411,-225.572,-246.379,-354.101,4610.08,3918.98,3721.47,-2.28139,374.887,-67.0536,298.209,-48.8039,-59.2331,86.8034,-31.8817,9.62409,7.10343,6.90548,369.047,-56.0784,83.297,-37.0432,20.786,8.1857,6.15685,5.9063,0,LLLAALLLILLFTLLVFLILI,AALLLILLFTLLVFL,0.2458275230921393,0.0392348634944711,R,99999900.0,-18.249700000000004,0.0,15.96799999999999,691.0999999999999,-0.02640674287367965,0.0,0.02310519461727679,-0.003301099696136594
LLLTFLLILLLGYLLSVLILI_2,110011001100110000,1,-60.1731,-63.637,-60.1731,-230.568,-223.475,-251.313,-360.607,4623.1,3977.96,3643.33,-2.22142,16342.1,-72.088,16268.6,-49.1213,-78.3625,57.245,-48.607,9.62964,5.98244,5.34112,12400.6,-85.0833,46.26,-43.2731,15981.5,7.339,5.5076,4.7015,2,LLLTFLLILLLGYLLSVLILI,TFLLILLLGYLLSVL,0.7191762646561656,0.0834228718372607,G,99999900.0,-22.966699999999996,0.0,20.744999999999976,645.1400000000003,-0.0355995597854729,0.0,0.032155811141767625,-0.003443314629382768
LLLASLLALLLGYLLGTLILI_0,110011001100110000,1,-74.6322,-73.0111,-58.7329,-217.458,-219.306,-246.67,-355.306,4495.02,3831.29,3545.77,-2.15343,1194440.0,-65.3693,1194380.0,-49.9023,-42.4587,59.4447,-39.3599,9.38783,0.893831,0.285501,579279.0,-47.0876,58.6724,-35.0,1194080.0,7.44,1.48391,0.863996,0,LLLASLLALLLGYLLGTLILI,ASLLALLLGYLLGTL,0.774333670520515,0.0312685735034175,G,99999900.0,-15.466999999999999,-15.899299999999997,29.21199999999999,663.7300000000005,-0.023303150377412485,-0.023954469437873813,0.044011872297470306,-0.0032444367438566866
LLLLTLLVILLFALLYGLILI_1,110011001100110000,1,-44.9471,-48.9606,-44.9471,-230.882,-223.415,-246.111,-340.286,4685.4,4100.92,3658.71,-2.10123,563.375,-66.5582,495.463,-49.2284,-31.5881,84.5656,-55.588,9.13572,2.65457,2.42306,487.71,-33.3677,74.3197,-39.8132,216.072,7.0315,1.53831,1.15311,1,LLLLTLLVILLFALLYGLILI,LTLLVILLFALLYGL,0.2609607932715282,0.0415413756439983,G,99999900.0,-17.3298,0.0,15.228999999999985,584.4799999999996,-0.02964994525047908,0.0,0.02605563920065699,-0.003595041746509721
LLLLALLVILLSTLLIFLILI_0,110011001100110000,1,-74.253,-75.9696,-74.253,-234.459,-225.836,-246.528,-380.951,4596.58,4247.84,3758.76,-2.07566,67.3267,-74.3145,-11.8192,-60.1705,-62.2718,77.6752,-56.7951,9.57514,6.32693,5.99206,69.2613,-61.8682,69.5584,-44.3006,-313.625,8.0,5.17062,4.714,0,LLLLALLVILLSTLLIFLILI,LALLVILLSTLLIFL,0.3253269083714573,0.0274919617968797,R,99999900.0,-14.143999999999998,0.0,12.068999999999988,348.7399999999998,-0.040557435338647724,0.0,0.03460744394104489,-0.005951883924987101
LLLASLLVGLLFILLGLLILI_2,110011001100110000,1,-51.6957,-59.484,-44.9758,-224.286,-220.328,-245.761,-346.952,4551.43,3949.55,3499.14,-2.0263,20692.3,-72.9968,20625.1,-56.2155,-31.7064,80.2775,-39.6065,8.78649,2.09343,1.79759,20399.9,-36.0293,69.0807,-35.6829,20345.3,7.2857,1.23029,0.766501,2,LLLASLLVGLLFILLGLLILI,ASLLVGLLFILLGLL,0.3546095355409216,0.0980350475592155,G,99999900.0,-16.781299999999995,-6.719900000000003,21.474999999999994,601.8800000000001,-0.02788147138964576,-0.011164850136239784,0.03567986974147669,-0.0033666179304844813
LLLALLLGFLLITLLGVLILI_2,110011001100110000,1,-58.6797,-50.9334,-58.6797,-220.843,-214.766,-237.995,-351.147,4517.75,3910.69,3422.07,-1.99831,231887.0,-73.6231,231801.0,-54.4732,-71.2098,62.2307,-41.2968,10.689,5.58262,5.01608,202774.0,-82.6456,43.881,-35.0,231536.0,7.5,4.82078,3.979,2,LLLALLLGFLLITLLGVLILI,ALLLGFLLITLLGVL,0.2768951374791591,0.0310085512096188,G,99999900.0,-19.149899999999995,0.0,17.152000000000015,607.06,-0.031545316772641906,0.0,0.028254208809672877,-0.0032917833492570755
LLLSYLLGVLLITLLGLLILI_2,110011001100110000,1,-76.7538,-64.6547,-58.7296,-229.471,-229.381,-253.466,-367.717,4589.46,4012.4,3633.59,-1.96003,6953380.0,-63.4527,6953310.0,-55.5221,-72.132,45.7594,-42.0044,10.3373,3.49732,2.68371,2346250.0,-80.0419,31.8268,-44.1909,6981530.0,7.2939,2.8029,1.7803,2,LLLSYLLGVLLITLLGLLILI,SYLLGVLLITLLGLL,0.2379151907048625,0.0379170578880172,G,99999900.0,-7.930599999999998,-18.0242,23.995000000000005,577.06,-0.013743111634838663,-0.031234533670675496,0.041581464665719346,-0.0033965792118670506
LLLTSLLVGLLAALLGLLILI_0,110011001100110000,1,-54.6054,-55.2887,-44.9603,-218.69,-217.199,-244.287,-357.113,4473.5,3802.52,3633.75,-1.94528,1557150.0,-85.7629,1557070.0,-67.8649,-48.2423,43.3398,-43.29,7.60893,-0.412788,-1.26269,303883.0,-47.0876,58.6724,-35.0,1556800.0,7.44,1.48391,0.863996,0,LLLTSLLVGLLAALLGLLILI,TSLLVGLLAALLGLL,0.3678583207697736,0.0232490298484736,G,99999900.0,-17.897999999999996,-9.645100000000006,25.59700000000001,670.98,-0.02667441652508271,-0.014374646040120431,0.03814867805299712,-0.0028991624191481115
LLLWTLLVFLLIILLSLLILI_0,110011001100110000,1,-60.3915,-69.375,-60.3741,-240.62,-233.605,-258.002,-376.984,4750.42,3992.96,3791.7,-1.94391,433.553,-77.9159,359.55,-58.6074,-66.4422,53.9528,-44.0564,10.6204,3.74995,3.05925,437.224,-66.894,46.55,-38.3386,56.5692,9.0,2.81835,2.0166,0,LLLWTLLVFLLIILLSLLILI,WTLLVFLLIILLSLL,0.2068068991507369,0.0523853402290591,R,99999900.0,-19.308499999999995,-0.01740000000000208,17.382000000000005,757.46,-0.025491115042378467,-2.2971510046737888e-05,0.022947746415652316,-0.002566353338790167
LLLTALLAALLFLLLSVLILI_1,110011001100110000,1,-60.3627,-60.2627,-60.4084,-226.984,-224.188,-244.292,-364.827,4564.0,4007.91,3678.38,-1.88336,1407.91,-79.3637,1327.53,-60.1267,-46.7244,86.8724,-43.1528,9.21658,5.23643,5.03952,1393.24,-47.682,80.7227,-35.7606,1028.96,8.0,4.54986,4.2607,1,LLLTALLAALLFLLLSVLILI,TALLAALLFLLLSVL,0.3844781925344555,0.0238807311305719,R,99999900.0,-19.236999999999995,0.04570000000000363,17.307999999999993,556.0900000000001,-0.03459332122498155,8.218094193386613e-05,0.03112445827114314,-0.0033867899081083987
LLLLLILLFVLTWLLSLLILI_2,110011001100110000,1,-74.2631,-74.127,-74.1492,-251.589,-255.366,-254.428,-391.827,4612.37,3668.61,3609.45,-1.8294,42.1058,-67.8041,-20.2275,-63.2492,-7.81889,104.01,19.9134,9.61144,1.71415,1.7743,40.764,-2.1739,98.4581,19.6299,-350.12,9.2379,0.117928,0.0947994,2,LLLLLILLFVLTWLLSLLILI,LLILLFVLTWLLSLL,0.5439399439149892,0.0489179106593648,L,99999900.0,-4.5549000000000035,-0.113900000000001,2.8389999999999986,943.7599999999998,-0.004826332966008312,-0.00012068746291430134,0.0030081800457743488,-0.0019384165465796393
LLLTYLLVALLITLLSLLILI_1,110011001100110000,1,-81.3013,-66.6456,-74.0585,-234.91,-232.115,-254.404,-387.949,4625.82,3999.97,3871.61,-1.81421,136.806,-73.552,47.6179,-59.4868,-42.5724,63.2947,-42.9761,9.25326,1.43064,0.880056,133.52,-40.3331,65.2509,-36.934,-218.695,8.0,1.35884,0.837604,1,LLLTYLLVALLITLLSLLILI,TYLLVALLITLLSLL,0.3864439807172773,0.0254349505877648,R,99999900.0,-14.065200000000004,-7.242800000000003,19.494,625.8499999999999,-0.02247375569225854,-0.011572741072141892,0.031148038667412323,-0.0028987936406487183
LLLYALLLILLVALLSFLILI_0,110011001100110000,1,-60.4551,-60.4551,-60.4551,-235.799,-230.623,-250.242,-357.996,4722.47,4253.7,3951.73,-1.78502,58.74,-63.5266,-8.17783,-47.2991,-45.5285,86.1862,-38.3728,9.56037,4.96441,4.7572,56.2565,-42.0221,81.2532,-43.3619,-299.256,8.4067,3.7725,3.4913,0,LLLYALLLILLVALLSFLILI,YALLLILLVALLSFL,0.1827453859836361,0.066962922879492,R,99999900.0,-16.2275,0.0,14.442999999999984,468.77000000000044,-0.03461718966657419,0.0,0.03081041875546637,-0.0038078801971115866
LLLAALLFILLTTLLVLLILI_0,110011001100110000,1,-72.7112,-58.8985,-72.7112,-229.354,-225.982,-244.214,-371.211,4570.7,3988.25,3743.65,-1.72126,61.5291,-70.8672,-24.8015,-54.2855,-49.5509,80.7312,-37.6169,10.2063,4.83135,4.54232,61.2024,-42.523,84.459,-36.6022,-309.682,8.8335,4.28041,4.04729,0,LLLAALLFILLTTLLVLLILI,AALLFILLTTLLVLL,0.4102452319098175,0.0169510607289735,R,99999900.0,-16.581699999999998,0.0,14.859999999999985,582.4499999999998,-0.028468881449051426,0.0,0.02551291956391105,-0.0029552064554897424
LLLSALLTILLAVLLSLLILI_2,110011001100110000,1,-74.1504,-72.153,-74.1504,-230.981,-230.069,-249.473,-392.702,4514.78,3869.82,3905.5,-1.64418,3.49732,-89.2151,-86.9834,-69.0791,-66.0662,59.8703,-43.2152,8.17767,4.49242,3.89048,0.0614554,-63.7796,55.9617,-42.8634,-394.184,8.0,3.62177,2.9612,2,LLLSALLTILLAVLLSLLILI,SALLTILLAVLLSLL,0.5883455977761143,0.1317809327216274,R,99999900.0,-20.13600000000001,0.0,18.49200000000002,644.9599999999996,-0.03122054080873236,0.0,0.028671545522202975,-0.0025492743736045664
LLLTFLLAILLILLLGVLILI_2,110011001100110000,1,-44.9832,-44.9832,-44.9832,-228.848,-225.222,-247.847,-355.414,4661.5,3926.42,3472.99,-1.59874,661013.0,-83.1818,660928.0,-62.584,-64.6523,46.8771,-42.1002,9.74102,2.52625,1.72941,201616.0,-74.241,27.0676,-35.812,660658.0,7.4865,1.29028,0.196294,2,LLLTFLLAILLILLLGVLILI,TFLLAILLILLLGVL,0.336027812470127,0.0583804635573543,G,99999900.0,-20.597799999999992,0.0,18.998999999999995,735.0799999999999,-0.028021167764052883,0.0,0.02584616640365674,-0.002174919736627306
LLLTYLLIVLLGLLLASLILI_0,110011001100110000,1,-60.2796,-66.6755,-60.2796,-229.482,-224.091,-248.75,-371.542,4596.65,3869.51,3639.64,-1.57868,3600.53,-83.3592,3519.75,-62.5129,-70.3359,52.4709,-44.7446,9.51386,4.13397,3.42103,2712.58,-75.8727,44.54,-43.5756,3228.99,7.3804,3.8938,3.0619,0,LLLTYLLIVLLGLLLASLILI,TYLLIVLLGLLLASL,0.5076805127260103,0.0301772025057851,G,99999900.0,-20.8463,0.0,19.268,727.1399999999994,-0.02866889457325964,0.0,0.026498335946310222,-0.002171081222323076
LLLTALLIILLFVLLSLLILI_1,110011001100110000,1,-60.468,-60.4404,-60.468,-234.375,-234.668,-250.153,-375.688,4602.0,4020.3,3817.17,-1.55508,299.305,-82.4001,218.725,-65.0673,-51.6962,77.3582,-36.7185,9.961,4.69778,4.35815,289.013,-47.9836,80.2404,-36.9281,167.792,8.0,4.52999,4.2336,1,LLLTALLIILLFVLLSLLILI,TALLIILLFVLLSLL,0.2779444292811046,0.0732664906890419,R,99999900.0,-17.33279999999999,0.0,15.777999999999992,581.6999999999998,-0.029796802475502832,0.0,0.027123947051744878,-0.0026733367715317184
LLLTALLIILLSVLLFLLILI_1,110011001100110000,1,-60.4702,-60.5619,-60.4702,-233.872,-232.193,-250.148,-377.981,4607.04,4034.82,3818.11,-1.50718,109.128,-85.1461,23.9022,-67.363,-65.9563,67.2098,-49.6731,9.54668,5.46677,4.97492,103.037,-60.0354,75.7593,-43.336,-279.993,8.5306,5.73281,5.3692,1,LLLTALLIILLSVLLFLLILI,TALLIILLSVLLFLL,0.2979481867289966,0.0545523563476369,R,99999900.0,-17.783100000000005,0.0,16.275999999999982,572.2199999999998,-0.031077382824787687,0.0,0.028443605606235343,-0.002633917024920486
LLLTYLLVILLIALLSLLILI_1,110011001100110000,1,-67.3141,-60.4016,-60.4016,-233.474,-235.324,-255.106,-383.33,4648.84,3975.58,3786.4,-1.46996,562.227,-84.0119,474.623,-67.8228,-25.6476,78.8801,-42.2741,10.1151,0.995955,0.679157,500.198,-20.3478,93.4489,-39.1406,118.985,8.6526,2.16777,2.0695,1,LLLTYLLVILLIALLSLLILI,TYLLVILLIALLSLL,0.2894185898877746,0.0228009400968156,R,99999900.0,-16.189099999999996,-6.912499999999994,21.632000000000005,673.2600000000002,-0.024045836675281453,-0.010267207319609055,0.03213023200546594,-0.0021833467011258645
LLLYSLLILLLGTLLGFLILI_0,110011001100110000,1,-58.7271,-71.6281,-58.7271,-223.939,-222.669,-249.12,-346.408,4686.93,3894.81,3527.66,-1.4113,9940.76,-65.1524,9888.65,-38.5603,-69.4483,38.7871,-35.7601,8.00877,2.15351,1.23532,8295.73,-65.5548,56.8812,-35.0605,9594.35,6.8434,4.01218,3.3654,0,LLLYSLLILLLGTLLGFLILI,YSLLILLLGTLLGFL,0.2264761698877374,0.0697937916318474,G,99999900.0,-26.592100000000002,0.0,25.18100000000001,792.1200000000003,-0.03357079735393626,0.0,0.03178937534716962,-0.0017816744937635704
LLLTLLLGLLLIFLLSILILI_1,110011001100110000,1,-60.3659,-60.8307,-60.3038,-237.786,-225.706,-251.444,-379.88,4593.25,4012.63,3572.39,-1.38552,72445.8,-83.1133,72352.5,-68.1318,-86.4353,62.7488,-36.6733,10.5295,7.93638,7.37762,70169.4,-95.1054,38.6706,-41.1733,82012.5,7.1293,5.98634,5.0664,1,LLLTLLLGLLLIFLLSILILI,TLLLGLLLIFLLSIL,0.3922832999273184,0.0881792931760102,G,99999900.0,-14.981499999999997,-0.06210000000000093,13.657999999999987,580.6199999999999,-0.02580259033447005,-0.00010695463470083866,0.023523130446763785,-0.002386276738658676
LLLLALLVILLATLLFLLILI_0,110011001100110000,1,-58.8513,-58.8513,-58.8513,-227.996,-215.393,-244.233,-365.059,4646.27,3844.37,3730.53,-1.37992,98.0401,-79.5922,7.2254,-61.9756,-64.637,64.8366,12.0405,10.5255,4.9485,4.42105,84.3235,-67.0014,49.6286,18.3874,-267.019,9.5,3.25007,2.4945,0,LLLLALLVILLATLLFLLILI,LALLVILLATLLFLL,0.3762536433212993,0.0523608452241724,L,99999900.0,-17.616600000000005,0.0,16.236999999999995,801.9000000000005,-0.021968574635241295,0.0,0.020248160618530967,-0.001720813068961216
LLLYALLFLLLITLLSILILI_1,110011001100110000,1,-74.0819,-55.0569,-74.0819,-246.472,-232.626,-255.353,-373.594,4719.93,4263.0,3686.56,-1.37912,9196.04,-54.4196,9110.13,-44.1594,-63.9627,73.5972,-38.1152,11.2209,6.03002,5.63398,8331.18,-60.5958,60.1642,-40.2827,9092.86,7.5,3.71154,3.114,1,LLLYALLFLLLITLLSILILI,YALLFLLLITLLSIL,0.2513175190768737,0.0299348282015787,G,99999900.0,-10.260200000000005,0.0,8.881,456.9300000000003,-0.022454642943120388,0.0,0.019436237498085034,-0.0030182303635130085
LLLAYLLGLLLIFLLGTLILI_1,110011001100110000,1,-59.4206,-59.6077,-58.747,-234.168,-226.272,-244.821,-345.446,4612.79,4133.76,3473.13,-1.34703,57735.7,-53.204,57676.1,-41.8777,-82.458,58.3735,-37.7825,11.0773,6.74912,6.12472,44025.6,-87.7841,38.6606,-35.7467,57352.4,7.5,4.88679,3.9667,1,LLLAYLLGLLLIFLLGTLILI,AYLLGLLLIFLLGTL,0.3508620843434258,0.0583492884144794,G,99999900.0,-11.326300000000003,-0.6736000000000004,10.652999999999992,479.02999999999975,-0.023644239400455107,-0.0014061749786025944,0.022238690687430843,-0.0028119950733774515
LLLATLLVILLFTLLILLILI_1,110011001100110000,1,-58.9155,-45.1509,-58.9155,-231.433,-229.159,-251.591,-372.059,4613.83,3928.72,3700.1,-1.33139,232.036,-83.0422,134.287,-61.5524,-54.0149,79.7742,-36.6543,10.3805,5.37175,5.06837,116.765,-54.6377,77.8103,-37.8775,-89.2388,8.4781,5.20005,4.86721,1,LLLATLLVILLFTLLILLILI,ATLLVILLFTLLILL,0.4617230701342638,0.0485841135961308,R,99999900.0,-21.489799999999995,0.0,20.158000000000015,685.1100000000001,-0.03136693377705769,0.0,0.029423012362978226,-0.0019433229700340088
LLLIYLLVALLTFLLTLLILI_0,110011001100110000,1,-69.9076,-70.5874,-72.693,-223.038,-216.01,-247.809,-363.633,4685.24,3975.89,3830.56,-1.27464,23.7922,-71.9615,-53.2436,-43.1309,-83.4087,54.0324,-48.3425,9.14678,6.30568,5.61617,24.4546,-80.5617,52.7769,-43.5392,-339.841,8.7383,5.70914,5.00079,0,LLLIYLLVALLTFLLTLLILI,IYLLVALLTFLLTLL,0.4392370911399807,0.1242051256422789,R,99999900.0,-28.830600000000004,2.7853999999999957,24.770999999999987,709.3499999999999,-0.04064368788327343,0.003926693451751598,0.0349207020511736,-0.0017969126665256928
LLLVALLILLISLLFTLLILI_2,110011001100110000,1,-74.2157,-74.1836,-74.2829,-220.729,-209.236,-246.585,-378.507,4626.23,3794.13,3659.65,-1.23331,3069.69,-84.7959,2974.6,-57.6388,-93.909,49.1089,28.8378,8.93375,7.21606,6.45269,2840.86,-105.337,33.689,23.5124,2677.18,8.7221,6.84857,5.85391,2,LLLVALLILLISLLFTLLILI,VALLILLISLLFTLL,0.5725165763996709,0.1089184941788055,L,99999900.0,-27.1571,0.0671999999999997,25.855999999999995,832.0999999999995,-0.03263682249729602,8.075952409566128e-05,0.031073188318711708,-0.0014821656050955422
LLLYILLTILLVALLSLLILI_0,110011001100110000,1,-74.3146,-74.1008,-74.2045,-235.685,-228.439,-251.864,-384.461,4661.78,4065.33,3809.69,-1.19887,701.96,-75.6602,620.038,-58.3927,-31.7927,89.3009,-42.4007,9.98406,3.32454,3.16405,483.352,-28.5899,84.4588,-45.0,317.498,8.1271,2.19042,1.9573,0,LLLYILLTILLVALLSLLILI,YILLTILLVALLSLL,0.2085999205094658,0.0607399703614764,R,99999900.0,-17.267500000000005,-0.11010000000000275,16.179000000000002,596.4499999999998,-0.02895045686981308,-0.00018459217034119002,0.02712549249727556,-0.0020100092212255857
LLLTFLLAVLLILLLGSLILI_1,110011001100110000,1,-60.2706,-61.3269,-60.2706,-230.993,-228.04,-245.921,-364.426,4649.94,3957.18,3553.1,-1.19507,623869.0,-74.3574,623794.0,-58.2336,-65.0302,57.9443,-41.5242,10.4504,4.07701,3.44618,610783.0,-62.877,50.983,-41.0408,811782.0,7.3408,2.81426,2.07901,1,LLLTFLLAVLLILLLGSLILI,TFLLAVLLILLLGSL,0.3221430975303893,0.0606132599427259,G,99999900.0,-16.123799999999996,0.0,14.927999999999997,692.7599999999998,-0.02327472717824355,0.0,0.021548588255672962,-0.0017250851665800574
LLLYILLGLLLITLLAFLILI_2,110011001100110000,1,-58.718,-48.4272,-58.718,-240.179,-229.045,-251.109,-354.936,4684.63,4264.52,3587.9,-1.16571,19488.3,-57.2049,19410.8,-45.1093,-59.229,76.8407,-35.523,11.2893,5.75785,5.41046,19124.3,-60.6857,64.7023,-38.4105,19133.4,7.3229,4.33767,3.8082,2,LLLYILLGLLLITLLAFLILI,YILLGLLLITLLAFL,0.2035527667815611,0.1387914871889571,G,99999900.0,-12.095600000000005,0.0,10.930000000000007,420.1099999999997,-0.028791506986265536,0.0,0.02601699554878488,-0.0027747732736664228
LLLSALLVFLLALLLATLILI_2,110011001100110000,1,-58.8168,-58.8168,-58.8168,-227.388,-225.193,-248.017,-357.071,4567.85,3849.62,3803.86,-1.02963,33.3339,-71.8965,-39.7278,-50.2379,-66.1439,56.7834,-44.685,8.59647,4.08734,3.43909,28.4461,-61.0036,57.271,-40.2845,-323.738,8.1019,3.38213,2.7412,2,LLLSALLVFLLALLLATLILI,SALLVFLLALLLATL,0.4616928559214053,0.0382644741843522,R,99999900.0,-21.6586,0.0,20.62899999999999,718.2300000000005,-0.030155521211868045,0.0,0.02872199713183796,-0.0014335658493797242
LLLTYLLAVLLILLLGFLILI_1,110011001100110000,1,-44.9568,-47.1045,-44.9568,-235.747,-231.304,-254.495,-349.974,4685.17,4169.56,3459.57,-0.897831,4998830.0,-70.1685,4998760.0,-50.5227,-62.278,53.5772,-42.3674,10.3356,3.07463,2.37829,3094540.0,-62.6538,43.9976,-40.9419,5029390.0,6.5,1.83774,0.997703,1,LLLTYLLAVLLILLLGFLILI,TYLLAVLLILLLGFL,0.2351536443677592,0.059540851711548,G,99999900.0,-19.645799999999994,0.0,18.74799999999999,515.6099999999997,-0.03810205387793101,0.0,0.03636081534493125,-0.001741298655960902
LLLTSLLIVLIALLFLLLILI_1,110011001100110000,1,-52.5014,-44.9965,-44.9965,-228.389,-226.523,-257.653,-368.55,4657.2,3873.57,3588.06,-0.886219,525.975,-88.5459,428.944,-65.9011,-104.291,14.6204,28.8833,10.7296,4.11735,2.83666,358.646,-103.993,25.621,18.4802,155.604,9.1959,5.55779,4.44211,1,LLLTSLLIVLIALLFLLLILI,TSLLIVLIALLFLLL,0.4699809092082495,0.0253285803523114,L,99999900.0,-22.644800000000004,-7.504899999999999,29.26400000000001,783.6299999999997,-0.0288973112310657,-0.009577096333728932,0.03734415476691809,-0.0011309151002386335
LLLSTLLVILLFYLLALLILI_2,110011001100110000,1,-45.0213,-48.9383,-45.0213,-243.17,-235.487,-263.744,-357.457,4789.39,3909.95,3676.89,-0.814215,134544.0,-70.0801,134471.0,-48.6918,-53.6089,69.4362,-41.8505,10.6795,3.91522,3.45677,119207.0,-47.5802,62.1471,-35.7348,134186.0,8.4255,2.02689,1.4591,2,LLLSTLLVILLFYLLALLILI,STLLVILLFYLLALL,0.3660615606165656,0.0273724674552849,R,99999900.0,-21.3883,0.0,20.57400000000004,879.4400000000005,-0.024320362958246144,0.0,0.02339443282088605,-0.0009258334849449644
LLLTALLVGLLGLLLIFLILI_1,110011001100110000,1,-44.921,-44.921,-44.921,-232.24,-218.248,-243.75,-350.038,4562.91,4091.53,3774.81,-0.649561,10107.4,-73.5266,10020.5,-61.3662,-50.9333,88.7902,-41.8596,9.06274,6.12667,5.95853,726.077,-48.1591,65.1383,-40.7743,380.561,7.1702,2.51753,1.9946,1,LLLTALLVGLLGLLLIFLILI,TALLVGLLGLLLIFL,0.3056359060964095,0.0581259318464133,G,99999900.0,-12.160400000000003,0.0,11.509999999999991,471.37999999999965,-0.025797445797445823,0.0,0.02441766727481013,-0.0013779986422843577
LLLTYLLGVLLIILLALLILI_2,110011001100110000,1,-46.4464,-52.4409,-44.9618,-234.891,-231.591,-254.754,-365.856,4641.08,3938.36,3651.12,-0.646283,645890.0,-85.1646,645808.0,-66.1398,-62.1614,63.4892,-36.8507,10.8756,4.39525,3.84758,578549.0,-66.8898,49.5856,-44.1976,645524.0,7.2568,3.22752,2.4713,2,LLLTYLLGVLLIILLALLILI,TYLLGVLLIILLALL,0.2924892518151352,0.0459037232616236,G,99999900.0,-19.0248,-1.4846000000000004,19.863,702.7199999999998,-0.027073087431693996,-0.002112647996357014,0.02826588114754099,-0.0009196877846083792
LLLTYLLAILLILLLGFLILI_0,110011001100110000,1,-44.9626,-53.9051,-44.9626,-236.376,-234.736,-255.609,-354.818,4682.73,4120.11,3663.0,-0.599777,34238.1,-74.0789,34172.0,-54.2461,-59.9478,53.6941,-38.7976,10.2546,2.74088,2.04629,34175.5,-61.5471,48.1349,-42.0502,33883.3,7.2784,2.23028,1.4523,0,LLLTYLLAILLILLLGFLILI,TYLLAILLILLLGFL,0.223582920699854,0.0507983352120167,G,99999900.0,-19.832800000000006,0.0,19.233000000000004,562.6199999999999,-0.03525079094237676,0.0,0.03418470726245069,-0.001066042799758274
LLLTSLLVGLLAYLLILLILI_1,110011001100110000,1,-54.62,-54.1322,-44.9603,-236.17,-230.25,-256.868,-365.43,4623.85,3758.15,3613.25,-0.555948,1558060.0,-75.1956,1557980.0,-63.6019,-42.5909,85.4947,-42.1241,8.43555,4.43042,4.21284,1491600.0,-47.0876,58.6724,-35.0,1557690.0,7.44,1.48391,0.863996,1,LLLTSLLVGLLAYLLILLILI,TSLLVGLLAYLLILL,0.305161580576353,0.0299786831314371,G,99999900.0,-11.593699999999998,-9.6597,20.698000000000008,865.7000000000003,-0.013392283701051166,-0.011158253436525352,0.02390897539563359,-0.0006421947556890376
LLLTALLIALLLVLLIWLILI_2,110011001100110000,1,-45.0273,-45.0273,-45.0273,-235.771,-233.755,-252.185,-376.076,4654.28,3933.43,3885.07,-0.393805,1.46183,-95.6718,-95.8318,-78.8632,-34.7062,90.9585,-37.6571,9.41507,3.98534,3.84972,8.76061,-33.2071,91.2243,-42.4294,-362.348,9.0,3.79634,3.6647,2,LLLTALLIALLLVLLIWLILI,TALLIALLLVLLIWL,0.4155772796054677,0.0267505432496138,R,99999900.0,-16.8086,0.0,16.414000000000016,720.8499999999999,-0.023317749878615523,0.0,0.022770340570160252,-0.0005463064437816467
LLLTVLLAILLILLLGFLILI_2,110011001100110000,1,-44.964,-47.375,-44.964,-231.498,-226.124,-246.196,-358.154,4584.68,4068.22,3610.68,-0.379859,537192.0,-82.0718,537107.0,-66.9936,-66.6006,55.8338,-38.8619,10.1092,4.02765,3.36516,343920.0,-71.1566,42.8294,-43.0573,536834.0,7.0278,2.95546,2.0979,2,LLLTVLLAILLILLLGFLILI,TVLLAILLILLLGFL,0.3100956459448318,0.0221847277792406,G,99999900.0,-15.078199999999995,0.0,14.698000000000008,516.4600000000005,-0.029195291019633623,0.0,0.028459125585718146,-0.0007355051698098587
LLLYALLSTLLAFLLAILILI_2,110011001100110000,1,-74.1003,-74.0398,-74.1003,-226.889,-223.07,-247.588,-355.361,4624.21,4042.8,3829.42,-0.375407,19451.4,-54.7474,19393.1,-33.6725,-57.1738,50.6784,-45.8143,8.79568,1.91765,1.17783,18888.6,-52.3191,53.2783,-35.0,19096.0,8.3883,1.54043,0.839604,2,LLLYALLSTLLAFLLAILILI,YALLSTLLAFLLAIL,0.39397574644549,0.0068394772999281,R,99999900.0,-21.0749,0.0,20.698999999999984,581.4099999999999,-0.03624791455255329,0.0,0.03560138284515228,-0.0006456837687690271
LLLAYLLIVLLGLLLSFLILI_1,110011001100110000,1,-60.3304,-54.1099,-60.3304,-229.661,-225.43,-246.474,-356.611,4611.54,4165.93,3649.23,-0.350934,13361.4,-66.9712,13284.3,-49.8068,-79.7498,59.2949,-51.5185,9.89807,6.46728,5.8567,7298.19,-85.0833,46.26,-43.2731,38062.9,7.339,5.5076,4.7015,1,LLLAYLLIVLLGLLLSFLILI,AYLLIVLLGLLLSFL,0.5487786009853203,0.0434110781822716,G,99999900.0,-17.164399999999993,0.0,16.812999999999988,445.6099999999997,-0.038518884226117024,0.0,0.03773030228226476,-0.0007875361863512943
LLLAALLALLLIVLLGTLILI_1,110011001100110000,1,-58.784,-58.784,-58.784,-227.465,-221.861,-235.369,-363.283,4488.42,4128.5,3525.12,-0.346285,3000.37,-77.3809,2917.73,-69.1306,-85.6075,64.1455,-38.5496,11.107,8.00077,7.46295,2757.26,-78.0946,55.6007,-36.5199,3817.34,7.2728,5.72029,5.0543,1,LLLAALLALLLIVLLGTLILI,AALLALLLIVLLGTL,0.3290580906257781,0.0247867197267751,G,99999900.0,-8.250299999999996,0.0,7.903999999999996,359.9200000000001,-0.022922593909757708,0.0,0.021960435652367178,-0.0009621165814625471
LLLTFLLGVLLILLLAILILI_2,110011001100110000,1,-44.9375,-49.0126,-44.9375,-232.166,-227.597,-248.571,-357.401,4671.0,3928.11,3583.63,-0.299131,275408.0,-80.5967,275327.0,-63.8923,-80.4774,51.2832,-37.306,9.91871,5.49484,4.76409,204919.0,-80.0044,42.005,-45.0,275050.0,7.041,4.17133,3.3014,2,LLLTFLLGVLLILLLAILILI,TFLLGVLLILLLAIL,0.4581878820309222,0.0957954613534572,G,99999900.0,-16.7044,0.0,16.405,742.8899999999999,-0.022485697747984226,0.0,0.022082677112358496,-0.00040265853625705023
LLLSYLLVALLIALLGLLILI_0,110011001100110000,1,-51.8479,-66.4869,-44.9223,-231.487,-230.037,-249.998,-359.371,4593.98,3967.43,3605.46,-0.215381,387182.0,-76.2513,387119.0,-64.4509,-50.6071,56.994,-49.0651,9.43402,1.78526,1.14017,282581.0,-47.4319,67.7648,-45.0,386823.0,6.6781,2.76303,2.2795,0,LLLSYLLVALLIALLGLLILI,SYLLVALLIALLGLL,0.5724718391666056,0.0630221248752107,G,99999900.0,-11.800399999999996,-6.925600000000003,18.510999999999996,626.5499999999997,-0.018833931849014447,-0.011053547202936727,0.029544330061447615,-0.00034375708243555993
LLLTLLLILLLGFLLSILILI_0,110011001100110000,1,-60.3038,-63.8213,-60.3038,-236.347,-223.038,-248.22,-378.748,4607.51,4319.02,3586.75,-0.178274,557642.0,-82.2754,557550.0,-70.2248,-100.509,42.0871,-39.4734,10.8309,7.25811,6.38941,244788.0,-95.1054,38.6706,-41.1733,557263.0,7.1293,5.98634,5.0664,0,LLLTLLLILLLGFLLSILILI,TLLLILLLGFLLSIL,0.2405154171798789,0.0508888633044078,G,99999900.0,-12.050600000000003,0.0,11.87299999999999,288.4899999999998,-0.04177129189919932,0.0,0.04115567264029949,-0.0006179555617179109
LLLLLLLTILLIFLVSLLILI_1,110011001100110000,1,-74.0887,-66.9447,-74.2285,-251.075,-245.927,-249.228,-387.48,4641.84,3725.48,3637.55,-0.0417655,88.8365,-62.3582,14.2278,-64.0238,-51.1128,75.9016,19.689,10.0777,4.41364,4.05217,49.677,-51.3244,56.7456,20.2059,-338.157,9.3834,1.85932,1.2105,1,LLLLLLLTILLIFLVSLLILI,LLLLTILLIFLVSLL,0.2889732392039412,0.1336890822627933,L,99999900.0,1.6655999999999977,0.13979999999999393,-1.84699999999998,916.3600000000001,0.0018176262604216657,0.00015256012920685527,-0.002015583395172181,-4.557761141909292e-05
LLLYLLLIVLITLLFSLLILI_1,110011001100110000,1,-70.7151,-74.0893,-74.2762,-232.036,-229.232,-256.966,-375.189,4717.63,3915.44,3756.97,-0.00707313,71096.8,-72.4457,71024.9,-43.9469,-102.43,24.709,27.0131,10.2915,5.20015,4.07078,37840.4,-110.96,14.1167,21.5291,70702.4,9.2522,5.04976,3.76151,1,LLLYLLLIVLITLLFSLLILI,YLLLIVLITLLFSLL,0.3738757397421241,0.0420969687405464,L,99999900.0,-28.498800000000003,3.561099999999996,24.930000000000007,802.19,-0.03552624689911368,0.004439222628055692,0.031077425547563552,-8.817275209115048e-06
