,C1-Rep2,C2-Rep2,C3-Rep2,C4-Rep2,C5-Rep2
0,0.453058922326423,0.4741672938593665,0.06267308106745567,0.007767892587231734,0.0023328101595232317
1,0.29329926413667123,0.6048166393584361,0.08591909951684472,0.01306238334493493,0.0029026136431130607
2,0.2647043740730718,0.5196611606123113,0.16896330998424014,0.04142327164995496,0.005247883680421827
3,0.31895158932361745,0.5690140260215066,0.09083960935230125,0.015499646249286582,0.005695129053288086
4,0.24640083382569306,0.4781949252747304,0.201732994695182,0.06511938856272562,0.008551857641669108
5,0.24192223608719438,0.5555139896366623,0.16122757934269605,0.035040529782938895,0.006295665150508503
6,0.18119664177534978,0.5298222889341372,0.21364498516131178,0.069138031149203,0.006198052979998444
7,0.14104161059611464,0.5378245591351694,0.2354944297994181,0.07589092622536005,0.009748474243937976
8,0.09790679428972748,0.3688082318327206,0.31216910990177194,0.19923778140667434,0.02187808256910571
9,0.14673124789980013,0.49837624971384575,0.2407423489690032,0.09777676778022502,0.016373385637125783
10,0.11141426743112907,0.5124685954945446,0.2596926815011822,0.10525268871277096,0.011171766860373099
11,0.2200508179097399,0.5031637225838304,0.1968812558756013,0.06767770960403861,0.012226494026789901
12,0.3234609175471597,0.5554700225925564,0.10122545162876975,0.017280132600660827,0.0025634756308533613
13,0.13638698538072888,0.5818878115404603,0.2081414070998321,0.06633170172251909,0.0072520942564596414
14,0.1906554768386051,0.4552577111297539,0.2571883372701511,0.08726436693899238,0.009634107822497623
15,0.18882815900012906,0.5380785337586829,0.21364447784621926,0.053158972644378424,0.00628985675059045
16,0.15676605642472402,0.6476141336729762,0.15432735528638006,0.03591467819471592,0.005377776421203829
17,0.1968218839981434,0.5328569473955813,0.20337075604714247,0.05566480876836505,0.011285603790767743
18,0.21386701114463574,0.4593878461352972,0.22512698963941571,0.09406418184172734,0.007553971238923921
19,0.225507866134085,0.45632087456597276,0.22198636952149517,0.08861873303983533,0.007566156738611905
20,0.29948258734356764,0.5834375129266133,0.0984051067069394,0.014760308024516234,0.00391448499836365
21,0.46566166215937554,0.46880622080038425,0.054535970781290515,0.009647362621943954,0.0013487836370057414
22,0.22524352435112424,0.5163380509152156,0.19754514229791464,0.05449648494357279,0.006376797492172895
23,0.32786155686552054,0.5015676017356215,0.13422036838238774,0.03344132789126204,0.0029091451252080147
24,0.17520967026509773,0.6157363999021149,0.1693625395490486,0.03406199863670217,0.0056293916470367055
25,0.13134255888744042,0.40594842213499105,0.2953874923815718,0.15121642893696113,0.016105097659035648
26,0.19532619919521377,0.5936956218409123,0.1668204483017602,0.037974690354507214,0.006183040307606452
27,0.15063419869233205,0.3821100279243694,0.2880070523442737,0.16402604170118462,0.015222679337840246
28,0.10166568954080173,0.6369800889569928,0.1993971214726032,0.054212847678847785,0.0077442523507546155
29,0.09610460889515623,0.6102074526142043,0.22475431760669684,0.06217079479399736,0.00676282608994521
30,0.2439475544026974,0.5662785604437377,0.15285334054194435,0.030557991632254422,0.006362552979366118
31,0.1901848305152778,0.5238861757879539,0.21330493250648516,0.06129895228996721,0.011325108900315765
32,0.05763383684201503,0.33367542485603696,0.3295855551491583,0.253499604931222,0.025605578221567775
33,0.1891610883801177,0.5197842399754149,0.21450099670045314,0.06903099970273363,0.007522675241280522
34,0.29682019475667126,0.4529474996221166,0.17986114443817847,0.06239034541499094,0.007980815768042809
35,0.19555070844658284,0.6029582192793634,0.16662226704945127,0.03085192054135355,0.004016884683248799
36,0.09226977521903532,0.430431741810899,0.30946175102160034,0.15140037109315801,0.016436360855307267
37,0.34805698339602126,0.48243121480692047,0.13783366592829513,0.027345582682230238,0.004332553186533017
38,0.1407695914273613,0.46730610473880535,0.2636191071411634,0.11579656852056622,0.012508628172103806
39,0.07885188758833314,0.6553195798683111,0.20529834082773107,0.05281477025699228,0.007715421458632524
40,0.11810528837008154,0.4842162107065913,0.2839277360015481,0.10235282033763339,0.01139794458414564
41,0.32173289011118916,0.4705583015340056,0.16248976516445238,0.04082401879656468,0.0043950243937882156
42,0.04254072594353736,0.4498692246647388,0.3373300511436434,0.15631937024879655,0.01394062799928382
43,0.16041562439280616,0.43578479919139823,0.26935998850944165,0.12406610585876013,0.010373482047593778
44,0.3052245767024976,0.5418410790137138,0.12142121439621627,0.026642413698536368,0.004870716189035948
45,0.0777636075464198,0.7247045891220522,0.15823142137274349,0.034215550266519956,0.0050848316922645406
46,0.2551495204733597,0.36029191301120767,0.2386976135309202,0.13037177152754253,0.015489181456969946
47,0.058468355211071715,0.3285956196606063,0.32855553011965954,0.2591370314652457,0.025243463543416673
48,0.14099015204270673,0.4233124482172717,0.2824273215540367,0.14024970776575144,0.013020370420233523
49,0.1423570850309545,0.47419427635034544,0.26435291091777474,0.10742453350387765,0.011671194197047687
50,0.1887201622710923,0.5387332350089254,0.20016388746355004,0.06727041271537403,0.0051123025410580655
51,0.05181894578591689,0.4322281237926584,0.313097320963812,0.183385761610401,0.019469847847211775
52,0.03608638137199587,0.5802689628831676,0.28152765824183085,0.09222484411410835,0.0098921533888973
53,0.1784625746476491,0.7040717794823511,0.1029725772526975,0.013396020951744506,0.0010970476655577657
54,0.06542404882358613,0.4965798479456325,0.2722554820440001,0.14671867101339514,0.019021950173386263
55,0.2797349012616149,0.5166881658455493,0.1640034688194516,0.037493672883613986,0.0020797911897702764
56,0.24073887430035748,0.6067155998822316,0.12222829671930915,0.02722365360752579,0.0030935754905759612
57,0.0929308565586889,0.5633619559038275,0.22966004629837902,0.099673083653559,0.014374057585545632
58,0.06719105111584131,0.2807957549409053,0.3370923106802544,0.2824654765387661,0.032455406724232944
59,0.12227325511403828,0.4818578230890603,0.26579594673271884,0.12192321894513909,0.008149756119043524
60,0.4008225078969536,0.4983040917622633,0.08375451160649866,0.015413384468188077,0.0017055042660963538
61,0.10095263528909613,0.3188015532972561,0.29322307506536616,0.25741957144072836,0.029603164907553395
62,0.1200153411664746,0.5433079880682297,0.2540480613884478,0.0708132267666581,0.0118153826101898
63,0.1259750711811147,0.5345549596862603,0.2558305081956762,0.07673483307118714,0.006904627865761733
64,0.40722879676343016,0.3078989279941551,0.182665029640649,0.09350452627658976,0.008702719325175924
65,0.2120388447466315,0.62410554712409,0.13178517319471758,0.02910702049906714,0.0029634144354936773
66,0.06269685905705831,0.38344554773053496,0.3011506195458477,0.22777145273309152,0.024935520933467473
67,0.0771982710489516,0.45353111575429855,0.28976077696973607,0.16445756687260374,0.015052269354410041
68,0.11812253317087996,0.49750780009547096,0.25438951514057656,0.11988496497680179,0.010095186616270681
69,0.31298328806698295,0.504760014101151,0.1537725874976229,0.02546383303148298,0.003020277302760187
70,0.2753741322141915,0.41096238818879927,0.21997168468533473,0.08646914372935421,0.007222651182320268
71,0.07190624444258288,0.607011014566634,0.2317059602813498,0.07885596342082851,0.010520817288604899
72,0.2140559531952181,0.5504978282740166,0.18726511692316591,0.04253619246605192,0.0056449091415476296
73,0.045291442294877374,0.4445079967208274,0.3151778883610919,0.17916289292585924,0.0158597796973441
74,0.3179018863501391,0.4192161338853929,0.18254961538119796,0.07544467615995076,0.004887688223319026
75,0.17078501287564157,0.5496860693954584,0.2217908266942757,0.0521314592766972,0.0056066317579271776
76,0.1636710049020663,0.46798075134517947,0.247260453572763,0.10775241891725497,0.01333537126273626
77,0.10580675653237226,0.5051679306538054,0.2597498857235383,0.11703478703255207,0.01224064005773197
78,0.05461868142294982,0.3013100045827175,0.3352651720906269,0.27783677567218296,0.03096936623152284
79,0.17408652336863625,0.42438264083803384,0.2673797412382539,0.120886448135777,0.013264646419298878
80,0.11842611895515891,0.6590708935494316,0.17540308650021974,0.04173057553677317,0.005369325458416729
81,0.18487515606974134,0.4479943718003139,0.26909960751180423,0.0898408645211209,0.008190000097019583
82,0.15217233801509747,0.5822279517040281,0.19959381400017534,0.060085180640284924,0.005920715640414218
83,0.5574413066976552,0.1759774057710656,0.1479424573355293,0.10405103570340088,0.014587794492349
84,0.3241458964170938,0.34905290695521674,0.20619063335629687,0.10969645675095425,0.010914106520438302
85,0.23120297297669076,0.46578012782764994,0.22659435820371832,0.07061429587198491,0.005808245119956069
86,0.046648181760005174,0.5713536811147306,0.2766755170805309,0.09932766723660011,0.005994952808133085
87,0.07113191335624841,0.30748485330382613,0.30719925137084203,0.2666912087409989,0.04749277322808468
88,0.1050897665681949,0.2985609083304988,0.2952468994312115,0.27416310924002163,0.0269393164300731
89,0.14837803148002784,0.32851963896276737,0.29526859096194996,0.2149898783795678,0.012843860215686962
90,0.08149732241566546,0.4298026910371617,0.30556240183304356,0.1651499634462859,0.017987621267843364
91,0.1254233100886244,0.3091477643224113,0.3284902437921253,0.21476048649261817,0.02217819530422085
92,0.04404658750661643,0.5106420065671813,0.3110917372292777,0.12201559898679834,0.012204069710126239
93,0.24417836983999305,0.4191236245910208,0.2311855612914879,0.0956038487378055,0.00990859553969263
94,0.11980023563774667,0.47171005397441174,0.2706262185842536,0.1293071242415376,0.008556367562050485
95,0.17740653217050606,0.5341724656005014,0.21318199272072655,0.06892707330652148,0.006311936201744546
96,0.06948020628168639,0.36131188524102836,0.30745894602330487,0.23805626655865314,0.02369269589532729
97,0.1345446588241807,0.2852173475588774,0.2916655398503889,0.2583232994897377,0.030249154276815352
98,0.17217769682761191,0.48418652531949424,0.2326550339229753,0.09773482903835076,0.01324591489156777
99,0.07081574407186031,0.44761466716254433,0.29972901220411546,0.16634203474022694,0.01549854182125289
100,0.09260049282673836,0.48079914393290224,0.2866266014904051,0.12528635586439893,0.014687405885555359
101,0.0,0.6911036845127587,0.2442979420118145,0.058707446157755604,0.005890927317671181
102,0.11824217157330831,0.5655092957279789,0.2092115180046258,0.10101446081292274,0.006022553881164097
103,0.12899352068267336,0.47916485968117956,0.26574760780007134,0.10940195622131912,0.016692055614756705
104,0.23236308017894886,0.37676906576975505,0.26231910688345034,0.11788330971733109,0.010665437450514553
105,0.3635747199101117,0.38365684996999483,0.177023753108367,0.06969465225076533,0.006050024760761267
106,0.1243260729345288,0.41767472750280515,0.25756810540802566,0.18025612127443738,0.02017497288020303
107,0.0,0.5519769085360289,0.3013974302889251,0.13787202299489562,0.008753638180150486
108,0.16052625048974917,0.4365057998327494,0.2757990066612916,0.11611431428810558,0.011054628728104386
109,0.11400973796672731,0.4508186603948487,0.2915417320664726,0.1334459887473245,0.010183880824626915
110,0.14875501152824006,0.6784496731357488,0.1438975390990014,0.025491585831321308,0.0034061904056884706
111,0.25480332795478516,0.42653212362076304,0.22358438703485017,0.08892859684197985,0.006151564547621574
112,0.15308091542765023,0.6842010817414027,0.13740725629903117,0.022152226398962735,0.003158520132953128
113,0.11619747837349503,0.6429844654574445,0.18989213057809956,0.048517270621024025,0.0024086549699369533
114,0.19839527131544837,0.509771239183008,0.20517676118095168,0.07402538246311821,0.012631345857473674
115,0.0,0.517212745819948,0.3175948122106095,0.14836244201729593,0.016829999952146527
116,0.039516598167202835,0.4040152785672509,0.35512998951292646,0.18268746503185884,0.018650668720761085
117,0.040795881576387194,0.5002412802446449,0.3042566103846765,0.13782329121430212,0.016882936579989398
118,0.13831763048444212,0.3413696618736846,0.28469641152488256,0.21717188917613453,0.018444406940855945
119,0.0,0.3660833828947546,0.35122598132803323,0.24607463248251962,0.036616003294692515
120,0.23332774750013877,0.46364958893149655,0.20548355919502548,0.09151664008461523,0.006022464288723823
121,0.17407768574331484,0.5385113758145575,0.21536418805555801,0.06431979749383353,0.007726952892736076
122,0.0,0.6370984642439578,0.25621364379680733,0.09240718828157216,0.014280703677662624
123,0.0,0.3235417589805854,0.35981433187215434,0.2827176722595439,0.0339262368877164
124,0.07233476943729822,0.35583520140222835,0.30935370669387746,0.23615986890468235,0.026316453561913637
125,0.09601080266896075,0.5055805424961737,0.30930753817207707,0.08267486602202516,0.006426250640763417
126,0.14931679709581958,0.47190345388451865,0.24105297227742184,0.12458087831731875,0.01314589842492113
127,0.293777424725519,0.23159549837028062,0.2076706205561704,0.2343893239959967,0.03256713235203328
128,0.04132767783076309,0.07265165946344868,0.17813610759735649,0.5553769034544959,0.15250765165393598
129,0.11703717194643545,0.44965891835852545,0.30457722586447633,0.11683298662656996,0.011893697203992713
130,0.06931177179204984,0.35682109073425133,0.311501773222736,0.24083750760140085,0.02152785664956205
131,0.0,0.5304205779534968,0.3168142437243589,0.136728850774001,0.016036327548143183
132,0.0,0.8207692932107756,0.15739296926346524,0.02008308426238893,0.001754653263370032
133,0.0,0.5614655321295806,0.318574304624862,0.10216885853560621,0.01779130470995123
134,0.0394854084829233,0.2934521303792825,0.31841912080620616,0.30934936176579697,0.03929397856579099
135,0.0,0.553143069694891,0.3530739156906707,0.08520168331510164,0.008581331299336548
136,0.03757467029153191,0.1996663479175561,0.30310216771488724,0.38630617267420325,0.07335064140182145
137,0.0,0.287072682063883,0.3384400381320732,0.33942889516187524,0.03505838464216855
138,0.0,0.1417585699946768,0.268783274055006,0.4983477337852123,0.09111042216510491
139,0.09039199159642629,0.48541427422719224,0.29439412662115483,0.11888487856293589,0.010914728992290778
140,0.31093195046724054,0.33898406781918716,0.2105383291853804,0.10702318703926204,0.03252246548892972
141,0.0,0.2356670946877056,0.3478851352930918,0.3704410640367427,0.04600670598245991
142,0.15068635344591427,0.7087400191893204,0.10963214978911186,0.02351399261495185,0.007427484960701574
143,0.07093807896272293,0.3389042482727181,0.31011792457852877,0.24834928558555452,0.03169046260047582
144,0.07822879507993523,0.48009487551009344,0.3068488481000948,0.12118486501701606,0.013642616292860451
145,0.013844497047460411,0.1574800275579762,0.26134575347843547,0.47610010676740866,0.09122961514871931
146,0.0,0.4016886453841216,0.3376617790022045,0.23132763820624816,0.029321937407425974
147,0.19577449646145537,0.596298963728443,0.16587865742475358,0.03269951677732952,0.009348365608018433
148,0.3373466467337081,0.40243982219859226,0.20181603687025246,0.05078255167847115,0.0076149425189759295
149,0.21431865106793083,0.4285855279452414,0.25980180665335073,0.08312405208128612,0.01416996225219077
150,0.04481766418250966,0.1820497686796252,0.32651971781413813,0.3820093653353572,0.06460348398836993
151,0.0,0.4478793154795396,0.37327582409833293,0.16290207606297313,0.015942784359154298
152,0.05295940653946187,0.5722884936926367,0.2607426933814094,0.09771238755873382,0.01629701882775829
153,0.013018684708939222,0.09835476331912568,0.27790684191117676,0.5063798448879231,0.10433986517283518
154,0.16601810320402866,0.42597252249122264,0.281150152543717,0.11518821314018726,0.011671008620844485
155,0.5917061893488723,0.3595153778777532,0.03484022684456904,0.011693471573445361,0.0022447343553600643
156,0.24629442165557866,0.5468322663409159,0.16016091005532393,0.04133167742370783,0.0053807245244736745
157,0.3431013122230132,0.3924252264727791,0.2063639003746046,0.05513077521141039,0.0029787857181926797
158,0.0,0.7048668535978169,0.21697786383424394,0.07045628974996736,0.00769899281797171
159,0.0,0.7931290009615947,0.17279897416281412,0.03407202487559105,0.0
160,0.10045998751249027,0.17238254037110845,0.2907770377615528,0.38141443285929605,0.05496600149555246
161,0.0,0.6915709342707009,0.2302412070150061,0.07073956904018706,0.0074482896741059155
162,0.6435398942757015,0.3175703806719824,0.033320717395566996,0.005569007656749124,0.0
163,0.0,0.6752079351137948,0.2587716606963274,0.05302917468189228,0.01299122950798555
164,0.24175225091899274,0.38808284526710357,0.24918626421960968,0.11780255808598296,0.00317608150831094
165,0.13684334174852614,0.6020498507691725,0.16769883395613355,0.08390344579611203,0.00950452773005578
166,0.0,0.6472609276248608,0.24349142534497697,0.09455888030795408,0.014688766722208237
167,0.0,0.8084462928178101,0.1783019447367454,0.013251762445444418,0.0
168,0.0,0.40444524809611954,0.3380848493280389,0.2339831235575511,0.02348677901829039
169,0.0,0.809847801511415,0.1660996136417481,0.008673199018083014,0.015379385828753943
170,0.3219403540582483,0.4585122878213065,0.1705394639415305,0.04900789417891461,0.0
171,0.0,0.5775705317313203,0.21838464740603739,0.1606211215648703,0.04342369929777205
172,0.44413423132417773,0.3456215549947424,0.13508246861107331,0.07072849450096888,0.004433250569037624
173,0.08084163555431254,0.11363967525341334,0.26863373103015087,0.4494665343974283,0.0874184237646951
174,0.0,0.759083299020829,0.20886325222731147,0.02529186544817175,0.006761583303687664
175,0.0,0.7036551409515499,0.23625673448246104,0.05552776637166022,0.004560358194328809
176,0.24481626917434945,0.3518930500349379,0.2673274575520998,0.11842800772996143,0.017535215508651284
177,0.2780790323084313,0.4508675835900929,0.21689922652783342,0.04880936732356167,0.0053447902500807646
178,0.23920373769352693,0.16848636802255726,0.24736777424439968,0.31098777599811434,0.03395434404140165
179,0.1556447292654421,0.4917905923588398,0.22126093497406488,0.12066018219117454,0.010643561210478733
180,0.30530461976719175,0.4914361147584294,0.14762362831822506,0.04554987992758332,0.010085757228570474
181,0.0,0.6693351298689383,0.2570650675429998,0.07058072924131721,0.003019073346744771
182,0.0,0.23476447869975303,0.3535832235254411,0.3584416560110716,0.05321064176373429
183,0.3878518918009487,0.4812854961255444,0.10582373344766033,0.0143262184790244,0.0107126601468222
184,0.3075188473857083,0.14913111420587874,0.25679091582755603,0.24678228810909866,0.03977683447175822
185,0.09247359885397868,0.11432863187743647,0.18899616011625173,0.4675753568006353,0.1366262523516978
186,0.0,0.28949707310691697,0.30138905742600564,0.3501404040804205,0.058973465386657
187,0.0,0.9291988348509497,0.07080116514905042,0.0,0.0
188,0.0,0.41438692759470125,0.3770688009703644,0.18999203922192887,0.0185522322130055
189,0.18333819332531312,0.4910303377924429,0.19452711087306376,0.12507346393291716,0.006030894076263219
190,0.14380291232072567,0.6057740360778981,0.21019660324318182,0.03661240254159885,0.003614045816595498
191,0.09391874485661886,0.6167108926338926,0.2055631838128157,0.08081738932085143,0.0029897893758214253
192,0.0,0.43407028222610533,0.34079246783652895,0.20549660224626295,0.019640647691102943
193,0.0,0.5041000698080319,0.35831038721691744,0.12557391431057532,0.012015628664475194
194,0.0,0.9116819483679036,0.0835110127773759,0.0,0.004807038854720467
195,0.43523025956677663,0.31971558501701997,0.18497384975294412,0.055766948001132716,0.004313357662126609
196,0.0,0.7455291271788222,0.1967426620079154,0.05007795317270567,0.007650257640556834
197,0.2960321187492714,0.49711540037634766,0.14216152613591768,0.055676862606703355,0.009014092131759837
198,0.02570264005765359,0.13129866103304313,0.26804303099471993,0.49542542414475393,0.0795302437698295
199,0.0,0.8111341200116539,0.1336872042740701,0.05131546448282806,0.003863211231447961
200,0.0,0.6660230266832623,0.26108484979528845,0.06854822224792405,0.004343901273525207
201,0.0,0.7270696988294912,0.21286890190429583,0.05333704067879258,0.006724358587420417
202,0.0,0.6899161309321454,0.23198358944925906,0.07408130174740632,0.004018977871189131
203,0.0,0.8220525405287589,0.15025395903656627,0.020632946656368546,0.007060553778306248
204,0.0,0.38902672187093007,0.3065241841156983,0.2631221887780278,0.041326905235343964
205,0.3214843483079213,0.45278554671024035,0.19832504495012387,0.02392547811459438,0.003479581917120277
206,0.08126174274611254,0.3545075885876622,0.3050717577412253,0.23151174785771725,0.027647163067282838
207,0.0,0.7514057533570082,0.1731815322260343,0.06365670255249915,0.011756011864458257
208,0.27138905133949376,0.48140372629635975,0.13637052603727146,0.09710235868728023,0.013734337639594781
209,0.26979810533622045,0.47858162521847225,0.17568088015288275,0.07593938929242458,0.0
210,0.0,0.8107646126396643,0.1487981511054157,0.02956919561017654,0.010868040644743374
211,0.0,0.5145835373475486,0.30888134121101535,0.16821015668450756,0.008324964756928661
212,0.0,0.8026940490622646,0.16229440588547692,0.03501154505225845,0.0
213,0.0,0.7553263939687879,0.20433795334616345,0.04033565268504861,0.0
214,0.40788025708274434,0.3338685995890302,0.18434653214653524,0.06811639650143209,0.005788214680258221
215,0.0,0.6839353772851068,0.256816463511537,0.049634169465859676,0.009613989737496621
216,0.5375764927595039,0.32320852671130457,0.0780592476559307,0.05797542301731235,0.003180309855948538
217,0.0,0.8914463829847612,0.08712500496197474,0.014714784811799162,0.0067138272414647366
218,0.0,0.8061167984266051,0.14374873900868887,0.04102769682245608,0.009106765742249995
219,0.5457814816664825,0.3867513098294888,0.05795895393784969,0.006947832621760959,0.0025604219444178397
220,0.3070992516520728,0.640094518950216,0.03227251958088638,0.020533709816824713,0.0
221,0.0,0.606633987670076,0.2938227667708783,0.09223692723754195,0.0073063183215036805
222,0.27686564363877864,0.6069606584551106,0.0947102926487614,0.02146340525734946,0.0
223,0.0,0.7112258577608562,0.1987605408958324,0.08450548499749419,0.0055081163458171245
224,0.0,0.7375151247825503,0.21427008924036828,0.048214785977081294,0.0
225,0.0,0.7290262287003851,0.2147588568111451,0.05621491448846966,0.0
226,0.0,0.8336594928128362,0.13791559360837696,0.023922487984589465,0.0045024255941973875
227,0.16405015207316306,0.5571385890162047,0.15468835296978398,0.10763131321177867,0.016491592729069374
228,0.3067724781213793,0.5184179281764036,0.09595392817157701,0.07885566553064008,0.0
229,0.28398501552350985,0.5616328254796127,0.11062671241009538,0.043755446586782,0.0
230,0.0,0.6192095270541944,0.3087978418013875,0.06066862212261264,0.011324009021805637
231,0.8397068843203024,0.11949454744574532,0.01552144407119414,0.022395565955309383,0.0028815582074487125
232,0.5031803556232118,0.43360875815155103,0.06321088622523725,0.0,0.0
233,0.3534802826693371,0.49346297881469053,0.12017339282799865,0.03288334568797373,0.0
234,0.3918916733220199,0.45418441251590985,0.11746725731894642,0.036456656843123866,0.0
235,0.0,0.782814769025682,0.1839892285564147,0.033196002417903166,0.0
236,0.0,0.4578771690288985,0.3409912087868689,0.1800362576048709,0.021095364579361817
237,0.0,0.6826747617101564,0.21612006559488287,0.09191245872652984,0.009292713968430963
238,0.0,0.40164791833531016,0.39103391140659405,0.19049565690350662,0.01682251335458912
239,0.48280736369964095,0.3042384727227323,0.11955358634685165,0.08795718181023075,0.0054433954205443825
240,0.0,0.8600944680171649,0.10551658902618853,0.034388942956646525,0.0
241,0.0,0.5899847121759688,0.28987344728412334,0.10578667167363483,0.01435516886627327
242,0.0,0.8459851758951812,0.1540148241048188,0.0,0.0
243,0.0,0.647954270387743,0.2578861984855312,0.0865803694061004,0.007579161720625574
244,0.7303559111804873,0.19609380029700677,0.05146062731269141,0.02010871993587545,0.001980941273939277
245,0.0,0.7280925749603296,0.2594635421843802,0.012443882855290135,0.0
246,0.38771672465531987,0.546985080550269,0.06529819479441118,0.0,0.0
247,0.6438289494524575,0.29491659008449134,0.059493127226070176,0.0,0.0017613332369809467
248,0.31032115815277134,0.5625742946095422,0.07478063517561423,0.052323912062072125,0.0
249,0.0,0.7562004234691143,0.16654090194343607,0.06006136576537971,0.017197308822069875
250,0.0,0.6237144179737105,0.2127553018374183,0.15024013467677602,0.013290145512095137
251,0.0,0.8683412687414157,0.11592087136424627,0.015737859894338013,0.0
252,0.5688705743805286,0.39169486140244925,0.037005267199578334,0.0,0.002429297017443702
253,0.6508129925020297,0.31503127340785836,0.03415573409011185,0.0,0.0
254,0.39714632748728296,0.4106824694765209,0.15990577860262722,0.02805120048789211,0.004214223945676642
255,0.3511782389261194,0.053287967001675526,0.12200130364164201,0.36246824270392947,0.11106424772663352
256,0.7625532129727556,0.16737073902355407,0.05137751137987552,0.014860598755246021,0.0038379378685688454
257,0.0,0.6932740070711152,0.20392536564018146,0.0862281454382219,0.016572481850481456
258,0.0,0.8044420548277886,0.157180676199416,0.03837726897279533,0.0
259,0.1487685324849332,0.6212732346933892,0.1798097002820131,0.04577696404860142,0.004371568491063026
260,0.28509324659239255,0.5496104926636827,0.1652962607439248,0.0,0.0
261,0.3793238359715688,0.4819102448044685,0.13876591922396264,0.0,0.0
262,0.3180155425831151,0.49908526115279506,0.10574994251636807,0.05481769660632172,0.02233155714140009
263,0.0,0.671015905586478,0.1937471311011353,0.12410449280198246,0.011132470510404268
264,0.4648511108043271,0.3391945488667094,0.14690703345689765,0.044462019919438135,0.004585286952627772
265,0.0,0.7777991549703094,0.17864414103891055,0.04355670399077999,0.0
266,0.6269393744360586,0.2865288366097222,0.06101568234582807,0.025516106608391126,0.0
267,0.0,0.7990669304314623,0.20093306956853768,0.0,0.0
268,0.0,0.7087507049240618,0.24230933262098397,0.044061827774004476,0.004878134680949869
269,0.0,0.6782761234774594,0.23253554307598487,0.08235629418696498,0.006832039259590772
270,0.0,0.596290036913615,0.2510930163545855,0.1269329327984912,0.02568401393330831
271,0.0,0.6623939085919534,0.28733490810577916,0.05027118330226749,0.0
272,0.0,0.8119539903463097,0.15175068194915398,0.036295327704536404,0.0
273,0.0,0.4958558816936473,0.3384590647495488,0.15146328677588144,0.014221766780922549
274,0.0,0.827105822463745,0.13207997880011538,0.04081419873613961,0.0
275,0.0,0.6617608745814626,0.2559711286259401,0.07410200298286508,0.008165993809732087
276,0.21383413779678875,0.11150212439643843,0.07201416485228204,0.39213482213928436,0.21051475081520646
277,0.0,0.8203196732672066,0.17968032673279347,0.0,0.0
278,0.0,0.6895556532944004,0.2329662796380736,0.05434536594313773,0.023132701124388342
279,0.20593875943694637,0.023245401936755707,0.06127096922556816,0.4463890866813711,0.2631557827193586
280,0.0,0.43419471200908644,0.3377699966567248,0.21559462304807153,0.01244066828611713
281,0.3506512406150927,0.46231840005480157,0.15078572898690903,0.03624463034319675,0.0
282,0.3016080148799482,0.34916228019547785,0.19832984568963666,0.1375516750234976,0.013348184211439742
283,0.4668898534658287,0.35616622118219654,0.1286941181588321,0.045569617082850775,0.0026801901102919893
284,0.0,0.6700415747184296,0.2337586841116241,0.08840734797131103,0.007792393198635299
285,0.0,0.7975595334283814,0.16906853044580747,0.02568211348009765,0.007689822645713629
286,0.10818595604334498,0.01515374882529604,0.020927645304149218,0.31549918873714095,0.5402334610900689
287,0.0,0.8963004433276802,0.10369955667231982,0.0,0.0
288,0.5757419652296948,0.12158868270760796,0.028052877354460614,0.16998311469823021,0.10463336001000638
289,0.0,0.5941220349049671,0.25500642456057193,0.14498517620168747,0.0058863643327734605
290,0.546957076664934,0.344139289510987,0.08397090732202317,0.021499430506273367,0.003433295995782325
291,0.0,0.5019860079291417,0.27095979630590156,0.18526875289548353,0.041785442869473215
292,0.0,0.8453265602233373,0.15467343977666276,0.0,0.0
293,0.0,0.7356492153858095,0.1403943611183206,0.11651387088944438,0.007442552606425612
294,0.8467361304004812,0.1492015366318153,0.0025528631523112394,0.0,0.0015094698153921846
295,0.0,0.7559132054817842,0.21494271537952356,0.029144079138692162,0.0
296,0.0,0.1620896742644961,0.26035155927304926,0.48535489769713547,0.09220386876531912
297,0.0,0.8672742892369399,0.13272571076306008,0.0,0.0
298,0.42271234677318287,0.4308752989613039,0.12487787952408529,0.02153447474142785,0.0
299,0.0,0.47833363351413133,0.3569461173099756,0.15902931895163025,0.0056909302242627476
300,0.0,0.5951864900010502,0.33696114494948476,0.04689957790255479,0.02095278714691029
301,0.0,0.5907935973285577,0.25790776749565736,0.15129863517578498,0.0
302,0.0,0.8563133300302498,0.14368666996975024,0.0,0.0
303,0.0,0.5721396137407735,0.3530276176974843,0.05929183669308959,0.015540931868652701
304,0.4574158619439162,0.4353807080978692,0.09463118885916776,0.012572241099046649,0.0
305,0.0,0.5666843465176583,0.28478250365639096,0.1485331498259507,0.0
306,0.0,0.5597968968173619,0.29294611910785023,0.12683257965751293,0.020424404417274927
307,0.0,0.6898206858682371,0.26362173194273486,0.03704900873115562,0.009508573457872514
308,0.0,0.38274836819153335,0.42493338032021993,0.17473208236059212,0.017586169127654497
309,0.0,0.6128740551247902,0.25473107790317706,0.104235094957061,0.02815977201497165
310,0.0,0.11260674666090206,0.06282066192097602,0.3468146268761716,0.4777579645419504
311,0.0,0.831455754818611,0.14604838083859065,0.02249586434279835,0.0
312,0.0,0.7505393916494221,0.1841746584209791,0.06528594992959877,0.0
313,0.0,0.6600593928170291,0.2843923394308018,0.04986084055127888,0.005687427200890459
314,0.0,0.549827964695232,0.3012215120810467,0.13215352865933747,0.016796994564383688
315,0.0,0.5176413161329609,0.334545405647905,0.11375298606522657,0.0340602921539072
316,0.0,0.7007296551353245,0.26801798938516813,0.019546813481882804,0.011705541997624573
317,0.6963305441881318,0.23042045929484223,0.05921380471314606,0.014035191803879998,0.0
318,0.41051842311790915,0.24140065210707737,0.013854745607596185,0.1647276475961031,0.16949853157131434
319,0.0,0.581340988035019,0.26520893296710923,0.14687400479864465,0.006576074199227233
320,0.691661172618177,0.23903920453386632,0.06929962284795677,0.0,0.0
321,0.0,0.1472318242237279,0.2745198911056871,0.506514006932004,0.07173427773858085
322,0.0,0.653930099021483,0.2800398436046271,0.060217975314775525,0.005812082059114361
323,0.0,0.7191224501785844,0.2346681846755516,0.046209365145864024,0.0
324,0.8370054237184703,0.11932906832305547,0.03479125372504299,0.00887425423343118,0.0
325,0.0,0.8186241594766307,0.18137584052336933,0.0,0.0
326,0.0,0.7371804972952609,0.19999718731633684,0.04635103494083156,0.016471280447570614
327,0.0,0.39060051576125215,0.30672422759160406,0.27487677828040646,0.0277984783667374
328,0.0,0.610991783508469,0.3135592213204525,0.061573427841636386,0.013875567329442071
329,0.0,0.7441242541704897,0.23026940032879364,0.02560634550071667,0.0
330,0.7712792264132784,0.1507900358752265,0.061488009187949465,0.016442728523545606,0.0
331,0.0,0.6605159574352412,0.2234298992408666,0.10149007399796088,0.014564069325931349
332,0.0,0.7662432190364015,0.18818180467713083,0.04557497628646772,0.0
333,0.7377704525501656,0.18586483413170737,0.07636471331812687,0.0,0.0
334,0.02063511497665429,0.0297917341657545,0.04606209876157274,0.4150094011221001,0.4885016509739183
335,0.0,0.07930020728257806,0.2228070048832079,0.592513432697615,0.105379355136599
336,0.0,0.3214316585234587,0.37045746773697236,0.2795249528103219,0.028585920929246948
337,0.5518322278741817,0.2752955369238839,0.13749235800414003,0.03537987719779424,0.0
338,0.5023981367202348,0.4031939607597973,0.06838959682028031,0.015240255636850827,0.010778050062836752
339,0.6593664769190004,0.2674910780068923,0.057974986598829846,0.010784903363055357,0.004382555112221786
340,0.0,0.6885968552754875,0.22358163086397706,0.07524634666229761,0.012575167198237786
341,0.40136131328117697,0.4452259252872334,0.1149437265617422,0.03846903486984749,0.0
342,0.40498061380989886,0.40831418140330056,0.10631521884778761,0.07430206548497044,0.006087920454042523
343,0.0,0.5928857526264075,0.2884823178502212,0.07510053670478967,0.0435313928185816
344,0.0,0.6106482801684614,0.1895509197644601,0.17037701744421171,0.029423782622866816
345,0.8104500937370195,0.18416255579364788,0.005387350469332642,0.0,0.0
346,0.0,0.552411899715957,0.27381942568920137,0.1570093872314044,0.016759287363437243
347,0.6436715704268571,0.28350062315934804,0.06173908756235009,0.011088718851444768,0.0
348,0.0,0.4568582861095882,0.43441406640281405,0.10214791732826924,0.006579730159328539
349,0.0,0.5393983688824847,0.34525611656816446,0.10163036137261766,0.01371515317673329
350,0.0,0.7037221651238538,0.23278340330998193,0.06349443156616426,0.0
351,0.0,0.7256777328954968,0.2088400713311041,0.040440692536018535,0.025041503237380566
352,0.0,0.8092257124122633,0.15394150681691418,0.03683278077082265,0.0
353,0.44963857308392413,0.39700758236736544,0.1303495886088358,0.018233022995133817,0.004771232944740819
354,0.2886098004850613,0.5230669995022315,0.13298740771329456,0.04663180410970065,0.00870398818971206
355,0.0,0.5054901867844948,0.1983101313100101,0.26629210901984907,0.0299075728856461
356,0.0,0.8225175416668886,0.1774824583331113,0.0,0.0
357,0.525633845087409,0.38164099298882415,0.09272516192376679,0.0,0.0
358,0.020780437373743344,0.044320459589450245,0.03991045422958408,0.42311814263700975,0.4718705061702126
359,0.3668494319519906,0.41728824424159827,0.1999363705648286,0.01592595324158257,0.0
360,0.0,0.8251574043017927,0.11318777452947068,0.047672017691387285,0.013982803477349304
361,0.536783420727553,0.3129496474528243,0.10463616426853262,0.04563076755109,0.0
362,0.3312015032291509,0.509064702549992,0.15973379422085707,0.0,0.0
363,0.0,0.8643434122336723,0.08525829775654388,0.05039829000978372,0.0
364,0.7441860896002059,0.1917956794789295,0.046134848142258156,0.012780864827819016,0.005102517950787351
365,0.0,0.5561893438547026,0.3387979725866974,0.10501268355859997,0.0
366,0.0,0.6678937259036336,0.28698415833532354,0.03743583440394288,0.007686281357099941
367,0.0,0.5180420136161731,0.35289462457088505,0.11614623275451057,0.012917129058431249
368,0.0,0.6355063379853279,0.2935719402627579,0.06292395343945015,0.007997768312464161
369,0.036271982639241605,0.06626459130394947,0.06040396294833154,0.511954417062957,0.3251050460455204
370,0.0,0.7560524841123966,0.2439475158876035,0.0,0.0
371,0.0,0.8948727831601673,0.10512721683983262,0.0,0.0
372,0.0,0.45039681805039533,0.34392404317133535,0.17750845203993518,0.028170686738334005
373,0.0,0.19155300953511745,0.32390862821989924,0.4201407790491949,0.06439758319578844
374,0.0,0.6800129462608843,0.24813097034466497,0.07185608339445068,0.0
375,0.0,0.5645331488652486,0.28609116638044757,0.12208190801260096,0.02729377674170278
376,0.0,0.5117637008760458,0.34579858747385134,0.13132883190368938,0.011108879746413575
377,0.0,0.5844607330337677,0.34555495754124055,0.05729739163723441,0.01268691778775738
378,0.3591869525413311,0.44142944406269946,0.15619168694636806,0.029558735069610965,0.013633181379990242
379,0.0,0.5055975398759094,0.3009128971494297,0.18694135408058507,0.006548208894075749
380,0.4002823417383627,0.5329289140167035,0.04351548251450657,0.02327326173042726,0.0
381,0.0,0.7281008377411979,0.17343388085197003,0.09846528140683199,0.0
382,0.05537639871880902,0.03650568583698023,0.08401352568684989,0.503561222761369,0.3205431669959918
383,0.0,0.6303283003168293,0.2575554407597225,0.10006779500919054,0.012048463914257792
384,0.0,0.6124587720330558,0.2524982872473165,0.13504294071962783,0.0
385,0.0,0.46581943723470104,0.3337285971940279,0.18076956026589147,0.019682405305379635
386,0.0,0.5123897458678188,0.38494999703493654,0.05476656375592826,0.047893693341316323
387,0.0,0.5815105131003808,0.2356565648492345,0.16747186894497593,0.015361053105408794
388,0.0,0.0410480764884689,0.21693462287063076,0.5986372415151264,0.14338005912577398
389,0.0,0.831982702673223,0.09391219455874815,0.07410510276802863,0.0
390,0.28908171687529743,0.44840195596689214,0.15420006340542655,0.0968130562832912,0.011503207469092842
391,0.6363317205725157,0.3369516928917163,0.026716586535767865,0.0,0.0
392,0.0,0.7128817683986298,0.2180201122248421,0.06909811937652809,0.0
393,0.0,0.7671883367329995,0.14193585029117833,0.08133337185521414,0.009542441120608163
394,0.47805614261705714,0.2878861621079557,0.18967507013946208,0.03662425689275675,0.007758368242768304
395,0.0,0.8332565964528521,0.16674340354714787,0.0,0.0
396,0.3851623128092819,0.4731685170055521,0.07860724018697846,0.06306192999818742,0.0
397,0.0,0.6055933784433111,0.28526679738557326,0.09265289258176068,0.01648693158935496
398,0.0,0.693718091529667,0.2553368432662908,0.05094506520404236,0.0
399,0.0,0.5837026532713303,0.2782946332792731,0.11966697977910891,0.018335733670287676
400,0.28021979441592776,0.5270204049769452,0.10966768666388729,0.08309211394323981,0.0
401,0.34464162761532074,0.4105592351856879,0.18303717569081798,0.05386266267955436,0.00789929882861908
402,0.516803648718627,0.4159795194010257,0.06721683188034724,0.0,0.0
403,0.0,0.6986015500966897,0.2528849556720222,0.048513494231288146,0.0
404,0.0,0.7167972720191004,0.16781042250936476,0.11539230547153485,0.0
405,0.6566411057053426,0.2615151301046413,0.07562924774667755,0.0,0.0062145164433387275
406,0.440936057594494,0.4641069343345206,0.09495700807098546,0.0,0.0
407,0.0,0.5007098092935689,0.28970131461399873,0.19647047414845428,0.013118401943978087
408,0.0,0.5351897637818472,0.30545161155276296,0.1363282553424734,0.02303036932291634
409,0.0,0.7912050914489421,0.14948011573919853,0.05931479281185931,0.0
410,0.0,0.8542307582713629,0.14576924172863714,0.0,0.0
411,0.0,0.5665162202154937,0.23822870937737295,0.16618849953683915,0.029066570870294156
412,0.6906621512558662,0.2599696530780034,0.03737477038742244,0.01199342527870807,0.0
413,0.0,0.5364222008979018,0.4054267509138352,0.04242389398567067,0.015727154202592384
414,0.0,0.49655838817524917,0.28555264850747347,0.20781006923904546,0.010078894078231915
415,0.0,0.48360383801315554,0.31882517731584087,0.17848441699357462,0.01908656767742904
416,0.0,0.6813635588216966,0.160929099656591,0.13696237586913126,0.02074496565258101
417,0.2983797949428487,0.33323359666631436,0.25603965075689533,0.10436816805915403,0.00797878957478749
418,0.0,0.6905819914911755,0.2265839050631319,0.08283410344569263,0.0
419,0.0,0.7764447199900623,0.19509791709287413,0.028457362917063637,0.0
420,0.0,0.9128048201275705,0.08719517987242953,0.0,0.0
421,0.0,0.14078939078538155,0.37247409976040036,0.4395425737722553,0.04719393568196283
422,0.0,0.5702802294194098,0.32685423708617733,0.06840411725008666,0.03446141624432637
423,0.0,0.4411270395983708,0.3242826123142498,0.21899861794781134,0.015591730139567973
424,0.0,0.4353406071479958,0.315508691177822,0.22482898668925722,0.024321714984924993
425,0.0,0.8544943751965138,0.1455056248034863,0.0,0.0
426,0.0,0.771623900338688,0.18472247833313868,0.031198293988742864,0.012455327339430633
427,0.0,0.7123193393559518,0.22287955307724755,0.06480110756680052,0.0
428,0.0,0.7565295286177304,0.21288247296150892,0.030587998420760716,0.0
429,0.0,0.8027651710272177,0.19723482897278233,0.0,0.0
430,0.0,0.788150151676125,0.21184984832387496,0.0,0.0
431,0.6139535050775424,0.2889794967059073,0.06260135893855019,0.03446563927800014,0.0
432,0.0,0.6486947213738192,0.2562535360531832,0.09505174257299777,0.0
433,0.0,0.548950900617366,0.34043398784361145,0.10101329210794409,0.009601819431078545
434,0.6346663953332212,0.14040474796611063,0.0829458126423578,0.10985563394075569,0.032127410117554635
435,0.0,0.6204135984227018,0.2812184057474336,0.09836799582986455,0.0
436,0.2684427003243382,0.2587555589981719,0.1995556900787423,0.2604277287397015,0.012818321859046222
437,0.36133200405069704,0.4643904246187503,0.14066380054933422,0.03361377078121841,0.0
438,0.03173357755944604,0.02885471788606265,0.040858555166688695,0.36422703530569,0.5343261140821125
