Sequence,Type,Clash Mutant,Mutant Type,Position,WT Sequence,Fluor Difference,Geometry,Interface,Seed,HBONDDimerOptimize,HBONDDimerPreOptimize,HBONDMonomer,IMM1DimerOptimize,IMM1DimerPreOptimize,IMM1Monomer,Monomer,MonomerSasa,OptimizeSasa,PreBBOptimizeSasa,Total,TotalPreOptimize,VDWDimerOptimize,VDWDimerPreOptimize,VDWMonomer,endAxialRotation,endAxialRotationPrime,endCrossingAngle,endXShift,endZShift,endZShiftPrime,firstRepackEnergy,preOptimizeAxialRotation,preOptimizeAxialRotationPrime,preOptimizeCrossingAngle,preOptimizeEnergy,preOptimizeXShift,preOptimizeZShift,preOptimizeZShiftPrime,replicateNumber,Directory,PercentGpA,PercentStd,Sample,Segments,LB-0H_M9-30H,LB-0H_M9-36H,LB-12H_M9-30H,LB-12H_M9-36H,LB-36H_M9-30H,LB-36H_M9-36H,VDWDiff,HBONDDiff,IMM1Diff,interfaceSasa,vdwPerSasa,hbondPerSasa,imm1PerSasa,totalPerSasa
AFLLGTLLGLLLGYL,WT,LLLAFLLGTLLLLLLGYLILI,clash,,,,LLLAFLLGTLLGLLLGYLILI_0,110011001100110000,1,-67.2225,-62.8829,-58.6988,-226.926,-216.476,-238.162,-332.269,4566.87,3398.07,3390.6,-57.0347,-36.5005,-95.1554,-89.4106,-35.4082,-82.1961,52.9389,-33.3667,6.16769,5.97616,5.27024,-36.4195,-72.4524,47.8783,-35.1603,-368.769,6.5,3.83143,3.0496,0,LLLAFLLGTLLGLLLGYLILI,1.2811523939151912,0.0009218492046046,D,13,-89.39709960087102,-90.4777844045905,-78.56020760879,-80.7454264602266,-80.88335400402907,-82.83178962525096,-59.7472,-8.523699999999998,11.236000000000018,1168.7999999999997,-0.05111841204654347,-0.007292693360711841,0.00961327857631761,-0.04879765571526353
AFLLGVLLGLLLGTL,WT,LLLAFLLGVLLLLLLGTLILI,clash,,,,LLLAFLLGVLLGLLLGTLILI_2,110011001100110000,1,-71.6286,-71.5986,-58.7167,-226.081,-226.313,-233.838,-338.864,4544.52,3378.7,3363.12,-55.311,-51.1216,-96.4659,-92.074,-46.3097,-89.0598,50.8484,-35.0704,6.93629,6.7235,5.98623,-51.1929,-83.578,48.738,-35.1079,-390.141,6.9512,5.61633,4.8474,2,LLLAFLLGVLLGLLLGTLILI,1.1788082586031845,0.0004653128054062,D,13,-92.70484920790518,-88.7603821503974,-87.32313509935233,-80.46879069741534,-88.41921053889055,-82.15751097556155,-50.156200000000005,-12.911900000000003,7.757000000000005,1165.8200000000006,-0.04302225043317148,-0.011075380418932593,0.006653685817707708,-0.0474438592578614
YFLLGILLGLLLATL,WT,LLLYFLLLILLGLLLATLILI,clash,,,,LLLYFLLGILLGLLLATLILI_2,110011001100110000,1,-68.1364,-68.5251,-58.7859,-234.313,-230.106,-246.42,-339.578,4692.71,3619.08,3579.19,-55.0194,20.9268,-92.1472,-20.0196,-34.3714,-87.6525,43.6,-44.4152,6.88573,5.53387,4.68787,-36.6022,-78.7668,42.2799,-44.9187,-375.302,6.9365,4.0228,3.157,2,LLLYFLLGILLGLLLATLILI,1.2412772034834592,0.000481125844405,D,13,-90.05005950761503,,-84.23691168748326,,-87.04544915130879,,-57.7758,-9.350499999999997,12.107,1073.63,-0.053813511172377815,-0.00870923875078006,0.011276696813613627,-0.05124614625150191
AYLLGVLLGLLLGFL,WT,LLLAYLLGVLLLLLLGFLILI,clash,,,,LLLAYLLGVLLGLLLGFLILI_1,110011001100110000,1,-61.678,-62.1253,-44.9604,-227.346,-222.523,-239.799,-328.0,4557.62,3474.28,3371.83,-54.4657,-44.2174,-93.4425,-87.5694,-43.2406,-82.2827,41.8481,-35.4166,6.6855,4.4919,3.61962,-49.9076,-78.3342,38.1851,-39.2997,-378.029,6.6883,3.40512,2.4779,1,LLLAYLLGVLLGLLLGFLILI,1.1994823627629445,0.0004278966154079,D,13,1894.8809925373344,2278.3862408966065,242.23906135413625,308.032698525405,2736.2567367444585,3281.511991722023,-50.201899999999995,-16.717599999999997,12.453000000000003,1083.3399999999997,-0.04633993021581406,-0.015431535805933504,0.011495006184577331,-0.050275721380176136
AFLLGLLLGVLLGTL,WT,LLLAFLLLLLLGVLLGTLILI,clash,,,,LLLAFLLGLLLGVLLGTLILI_1,110011001100110000,1,-71.8165,-74.2972,-58.7316,-223.852,-219.267,-233.837,-338.162,4526.87,3406.64,3341.04,-54.3109,-43.3204,-96.804,-87.9187,-45.5936,-87.2526,51.255,-35.2713,7.015,6.50732,5.77615,-50.8887,-83.578,48.738,-35.1079,-387.673,6.9512,5.61633,4.8474,1,LLLAFLLGLLLGVLLGTLILI,1.3270702332576771,0.001170503870863,D,13,-62.511588216559424,-57.11586987927847,-38.78633222903205,-29.975830690795814,-47.42250550613779,-39.855010974557366,-51.2104,-13.084900000000005,9.984999999999985,1120.23,-0.045714183694419895,-0.011680547744659583,0.00891334815171883,-0.04848191889165617
IFLLGVLLGLLLGTL,Mutant,,clash,,LLLAFLLGVLLGLLLGTLILI,-0.0102582933468162,LLLIFLLGVLLGLLLGTLILI_0,110011001100110000,1,-69.0906,-73.0197,-58.7167,-230.355,-216.105,-236.076,-343.791,4598.1,3459.32,3370.3,-54.1413,15.2145,-98.487,-39.4517,-48.9981,-84.2613,59.4678,-41.6502,6.91238,7.16735,6.55936,12.8676,-83.578,48.738,-35.1079,-328.577,6.9512,5.61633,4.8474,0,LLLIFLLGVLLGLLLGTLILI,1.1890665519500008,0.0010039521233109,D,14,-95.18352693187592,-96.06886725398132,-91.29486275243262,-92.894998143148,-93.11971806497203,-94.38441755324423,-49.488899999999994,-10.373899999999992,5.721000000000004,1138.7800000000002,-0.04345782328456768,-0.00910966121638946,0.005023797397214565,-0.04754324803737332
AFLLGTLLGLLLGVL,WT,LLLAFLLGTLLLLLLGVLILI,clash,,,,LLLAFLLGTLLGLLLGVLILI_0,110011001100110000,1,-70.2744,-71.8038,-58.7586,-226.409,-221.107,-233.774,-338.748,4517.4,3426.45,3403.45,-54.1389,-49.3931,-96.2036,-95.2306,-46.2155,-98.6503,43.7384,-36.6214,6.95348,7.20223,6.3583,-49.1743,-94.1397,39.8563,-36.5769,-388.142,6.9528,6.00156,5.0994,0,LLLAFLLGTLLGLLLGVLILI,1.4286599644289577,0.0032071083255826,D,13,-86.02887582598888,,-79.5807074551253,,-80.22751894695871,,-49.988099999999996,-11.515799999999999,7.365000000000009,1090.9499999999998,-0.045820706723497875,-0.010555754159219029,0.006750996837618599,-0.049625464045098315
IYLLGILLGLLLAFL,Mutant,,clash,,LLLSYLLGILLGLLLAFLILI,0.6633586878609232,LLLIYLLGILLGLLLAFLILI_0,110011001100110000,1,-54.331,-58.0824,-44.9254,-238.063,-219.087,-240.556,-337.205,4612.92,3629.51,3527.82,-53.778,-28.8793,-98.5893,-88.9152,-51.7241,-74.7033,73.0084,-44.9757,6.69312,7.56163,7.15675,-28.9246,-79.2928,46.8705,-41.4445,-366.084,6.9265,4.72144,3.9245,0,LLLIYLLGILLGLLLAFLILI,0.69304081028957,0.0012113779756855,D,14,-69.52668302166782,-74.61479034218858,-62.8877903741941,-69.08438871667289,-68.32493315050245,-73.61369576303684,-46.865199999999994,-9.4056,2.4930000000000234,983.4099999999999,-0.04765580988600889,-0.009564271260206833,0.0025350565888083544,-0.05468522793138163
AFLLGVLLGLLLGYL,WT,LLLAFLLGVLLLLLLGYLILI,clash,,,,LLLAFLLGVLLGLLLGYLILI_2,110011001100110000,1,-58.4668,-48.886,-44.9328,-224.211,-218.149,-237.568,-324.774,4566.39,3405.05,3466.47,-53.4547,-25.5162,-95.5514,-83.2553,-42.2733,-76.967,43.9332,-34.9423,5.84421,3.97603,3.13502,-25.2567,-69.605,42.1044,-35.8969,-350.291,6.5663,2.62484,1.75641,2,LLLAFLLGVLLGLLLGYLILI,1.4615264972940027,0.0009216981794173,D,13,-87.5680175218552,-90.05411687148715,-75.76728915586214,-80.61325212076655,-78.55613863454063,-82.84439836206091,-53.2781,-13.533999999999999,13.357,1161.3400000000001,-0.04587640139838462,-0.011653779254998534,0.011501369108099263,-0.04602846711557339
ALLLGFLLGVLLGTL,WT,LLLALLLGFLLIVLLGTLILI,clash,,,,LLLALLLGFLLGVLLGTLILI_0,110011001100110000,1,-71.8245,-73.7122,-58.7392,-226.295,-215.423,-232.794,-340.623,4447.23,3435.2,3349.55,-53.2187,-45.9497,-95.7219,-97.4371,-49.09,-77.7818,67.6268,-36.5851,6.94476,7.29689,6.81129,-45.6246,-83.578,48.738,-35.1079,-386.573,6.9512,5.61633,4.8474,0,LLLALLLGFLLGVLLGTLILI,1.0753291057066388,0.0014646942471867,D,13,-56.5244359326308,-59.67640246645553,-45.83767783308239,-49.7644314135492,-46.15278195944831,-50.05669057672071,-46.6319,-13.085300000000004,6.499000000000024,1012.0299999999997,-0.04607758663280734,-0.012929755046787157,0.006421746390917291,-0.05258608934517753
AFLLGTLLGVLLGLL,WT,LLLAFLLLTLLGVLLGLLILI,clash,,,,LLLAFLLGTLLGVLLGLLILI_0,110011001100110000,1,-70.4765,-71.5771,-58.6867,-226.428,-221.992,-233.793,-339.318,4509.18,3495.13,3473.92,-53.0085,-48.8353,-95.4224,-94.5841,-46.8383,-97.7756,43.561,-36.4546,6.94536,7.04707,6.20049,-48.5321,-94.1397,39.8563,-36.5769,-388.153,6.9528,6.00156,5.0994,0,LLLAFLLGTLLGVLLGLLILI,1.358640390347826,0.0005031517048987,D,13,-75.68985879070156,-80.2588922550664,-64.62203516137859,-71.27123986393936,-63.58152311880837,-70.42628959543073,-48.5841,-11.7898,7.365000000000009,1014.0500000000002,-0.04791095113653172,-0.011626448399980274,0.007262955475568274,-0.05227404960307676
IYLLGTLLGLLLGFL,Mutant,,clash,,LLLAYLLGTLLGLLLGFLILI,0.4073340759992238,LLLIYLLGTLLGLLLGFLILI_0,110011001100110000,1,-71.8089,-67.5574,-58.6855,-232.778,-210.24,-238.573,-336.579,4590.71,3583.85,3423.65,-51.6615,-21.808,-83.6533,-80.5889,-39.3204,-77.7709,72.157,-42.3981,6.34069,7.90684,7.48919,-23.5628,-81.8261,48.1246,-38.4583,-358.387,6.5,5.27073,4.4926,0,LLLIYLLGTLLGLLLGFLILI,0.6978005214785342,0.0014412195369587,D,14,-73.22425847810138,-75.2780225970983,-63.78969405586869,-66.56711207901236,-69.52782026705381,-71.86511013489806,-44.3329,-13.123399999999997,5.795000000000016,1006.8600000000001,-0.044030848380112425,-0.013033986850207572,0.005755517152334997,-0.051309516715332806
SYLLGILLGLLLGFL,WT,LLLSYLLGILLGLLLIFLILI,clash,,,,LLLSYLLGILLGLLLGFLILI_0,110011001100110000,1,-71.7027,-69.0894,-44.9106,-228.677,-227.661,-251.048,-342.301,4563.35,3585.48,3511.37,-51.6392,-45.5886,-93.5604,-91.1388,-46.3418,-74.2948,51.5147,-42.8442,6.36623,4.59871,3.87143,-42.6906,-76.6759,45.1821,-43.8075,-387.89,6.5,4.10097,3.2787,0,LLLSYLLGILLGLLLGFLILI,0.9883721545592532,0.0001744812333312,D,13,657.8260267798504,700.6950352450709,155.14626544989298,169.57948234522448,804.1850746032683,855.3333807415502,-47.2186,-26.79209999999999,22.37100000000001,977.8700000000003,-0.04828719563950217,-0.027398427193798747,0.022877274075286082,-0.05280783744260483
AFLLGILLGLLLGTL,WT,LLLAFLLGILLLLLLGTLILI,clash,,,,LLLAFLLGILLGLLLGTLILI_2,110011001100110000,1,-70.5064,-69.3878,-58.7173,-223.863,-223.827,-235.103,-340.46,4540.38,3422.69,3478.64,-50.8416,12.7118,-96.9319,-34.5337,-46.6394,-78.0792,36.5117,-38.9511,6.48499,3.14097,2.18864,-26.5298,-72.6874,32.4259,-40.8381,-366.994,7.0033,1.78061,0.766999,2,LLLAFLLGILLGLLLGTLILI,1.3740813143031123,0.0005751069365633,D,13,-94.80854943319248,-95.53936193800712,-90.92773767476382,-92.20486102765332,-91.6695519030732,-92.84224835112724,-50.2925,-11.789099999999998,11.240000000000009,1117.69,-0.04499682380624323,-0.010547736850110493,0.010056455725648443,-0.04548810493070529
IYLLGVLLGFLLGLL,Mutant,,clash,,LLLAYLLGVLLGFLLGLLILI,0.3708933944165546,LLLIYLLGVLLGFLLGLLILI_0,110011001100110000,1,-53.3693,-58.355,-44.8823,-232.426,-213.629,-237.954,-325.715,4668.25,3573.2,3544.01,-50.5111,-27.5786,-90.4308,-81.3098,-42.8785,-76.3386,71.3138,-43.4598,6.92884,7.57815,7.14785,-26.6268,-79.0932,48.1108,-39.972,-353.293,7.1758,4.85894,4.0806,0,LLLIYLLGVLLGFLLGLLILI,0.9216725287224012,0.0011861559815867,D,14,117.29736886690264,110.39129613797198,61.76069250261296,56.619667956708334,222.84798680927955,212.5873394350382,-47.5523,-8.487000000000002,5.52800000000002,1095.0500000000002,-0.04342477512442354,-0.007750331035112553,0.005048171316378265,-0.04612675220309574
LFLLGVLLGLLLGTL,Mutant,,clash,,LLLAFLLGVLLGLLLGTLILI,-0.1089742365170838,LLLLFLLGVLLGLLLGTLILI_0,110011001100110000,1,-67.1135,-73.0285,-58.7167,-229.546,-212.702,-236.859,-345.697,4628.03,3553.62,3360.52,-50.491,84.9434,-99.5284,24.9764,-50.1221,-84.9753,62.0055,-45.3418,7.01124,7.61703,7.04712,50.5968,-83.578,48.738,-35.1079,-260.754,6.9512,5.61633,4.8474,0,LLLLFLLGVLLGLLLGTLILI,1.2877824951202683,0.0008814588608807,D,16,-95.64423078230962,-97.39491720701454,-92.41164349428276,-95.46158302423444,-94.17919074975426,-96.51871133174816,-49.4063,-8.396799999999999,7.313000000000017,1074.4099999999999,-0.04598458688954869,-0.007815266052996529,0.006806526372613823,-0.046994164238977676
ALLLGTLLGLLLGFL,WT,LLLALLLITLLGLLLGFLILI,clash,,,,LLLALLLGTLLGLLLGFLILI_0,110011001100110000,1,-67.2183,-67.3247,-58.6905,-220.461,-214.116,-235.134,-347.248,4473.67,3484.7,3356.96,-50.3565,-45.9,-109.925,-111.707,-53.4232,-67.5628,54.0632,-37.6246,6.55908,3.93296,3.24391,-45.7799,-63.8279,50.3554,-37.6016,-393.148,6.5149,2.87217,2.1275,0,LLLALLLGTLLGLLLGFLILI,1.2574099757409982,0.0017996400138518,D,13,-83.67445238778417,-84.80152633185506,-74.91465694349344,-76.64648470257654,-77.7146365072592,-79.25316085715744,-56.501799999999996,-8.5278,14.672999999999973,988.9700000000003,-0.05713196558035125,-0.008622910705076996,0.014836648229976612,-0.050918126940149834
AFLLGLLLGTLLGIL,WT,LLLAFLLGLLLITLLGILILI,clash,,,,LLLAFLLGLLLGTLLGILILI_0,110011001100110000,1,-72.5704,-62.9011,-58.7594,-224.896,-215.281,-235.233,-342.074,4519.86,3532.38,3547.59,-49.9678,-24.8112,-94.5754,-88.7029,-48.082,-91.186,47.6619,-36.0507,6.83775,6.61226,5.82719,-24.752,-87.7841,38.6606,-35.7467,-366.885,7.5,4.88679,3.9667,0,LLLAFLLGLLLGTLLGILILI,1.588342213247147,0.0009998105749898,D,13,-80.09427974060347,-81.20281826007599,-66.29367736093366,-68.17076377168715,-67.46954774937068,-69.28115059045156,-46.4934,-13.811000000000007,10.337000000000018,987.4799999999996,-0.047082877627901344,-0.013986106047717436,0.010468060112609898,-0.050601328634504006
AFLLGVLLGTLLGLL,WT,LLLAFLLGVLLLTLLGLLILI,clash,,,,LLLAFLLGVLLGTLLGLLILI_0,110011001100110000,1,-70.4597,-69.7482,-58.6941,-223.498,-221.139,-233.814,-339.13,4510.04,3476.34,3502.94,-49.8683,-43.4431,-95.041,-91.6865,-46.6219,-98.7943,42.3142,-35.3319,6.68317,7.03156,6.16628,-42.9972,-97.484,35.8407,-36.8474,-382.573,6.7321,5.96109,4.9987,0,LLLAFLLGVLLGTLLGLLILI,2.260463895320595,0.0232182483006031,D,13,82.51073083398789,246.4310310698231,93.531758718172,267.3504917279476,121.54767694935968,320.52864401986085,-48.4191,-11.7656,10.316000000000003,1033.6999999999998,-0.04684057270000968,-0.01138202573280449,0.009979684628035217,-0.04824252684531296
LFLLGVLLGLLLGYL,Mutant,,clash,,LLLAFLLGVLLGLLLGYLILI,0.1206419995912853,LLLLFLLGVLLGLLLGYLILI_2,110011001100110000,1,-56.4604,-48.886,-44.9328,-220.796,-214.472,-236.629,-329.336,4638.41,3448.02,3469.03,-49.5476,-20.4587,-101.627,-86.4366,-47.7748,-76.6055,42.147,-38.2553,5.8387,3.68067,2.81288,-19.4896,-69.605,42.1044,-35.8969,-349.795,6.5663,2.62484,1.75641,2,LLLLFLLGVLLGLLLGYLILI,1.3408844977027174,0.0016765604495063,D,16,-93.94339313619652,-95.02599849437742,-89.71476234816868,-91.55322630041604,-90.75441911521509,-92.40704667226892,-53.852199999999996,-11.5276,15.832999999999998,1190.3899999999999,-0.04523912331252783,-0.009683885113282203,0.013300682969446987,-0.04162299750501937
AFLLGLLLGTLLGVL,WT,LLLAFLLGLLLLTLLGVLILI,clash,,,,LLLAFLLGLLLGTLLGVLILI_0,110011001100110000,1,-74.2657,-72.8162,-58.6456,-218.135,-214.463,-233.77,-338.613,4481.84,3424.15,3369.05,-49.3893,-42.8678,-95.6016,-94.2018,-46.1983,-71.594,52.3938,-33.2677,7.31784,4.31227,3.59817,-42.4798,-70.7932,46.6401,-35.0,-381.481,7.2306,3.4154,2.615,0,LLLAFLLGLLLGTLLGVLILI,1.4593727037815925,0.0023649936490435,D,13,-82.1264819703811,-82.38328616414688,-65.43520663129644,-65.93182872209138,-69.69537910209466,-70.1307916338731,-49.4033,-15.620099999999994,15.63500000000002,1057.69,-0.046708676455294085,-0.01476812676682203,0.014782214070285262,-0.046695440062778315
IFLLGTLLGLLLGYL,Mutant,,clash,,LLLAFLLGTLLGLLLGYLILI,-0.0262772932001063,LLLIFLLGTLLGLLLGYLILI_0,110011001100110000,1,-70.3446,-62.8829,-58.6988,-228.564,-212.773,-240.378,-337.168,4618.71,3412.84,3398.69,-49.139,-26.5767,-87.3978,-88.0886,-38.0912,-68.8634,68.1493,-37.3772,6.27044,6.02967,5.55191,-26.9712,-72.4524,47.8783,-35.1603,-363.744,6.5,3.83143,3.0496,0,LLLIFLLGTLLGLLLGYLILI,1.3074296871152975,0.0010087423139216,D,14,-90.55960645295524,-94.17593767972885,-84.54051421043502,-90.46257889259732,-85.92979578927273,-91.31966842548958,-49.3066,-11.645800000000001,11.813999999999993,1205.87,-0.04088881886107126,-0.009657591614353124,0.009797075970046518,-0.04074983207145049
YLLLGILLGFLLATL,WT,LLLYLLLGILLGFLLITLILI,clash,,,,LLLYLLLGILLGFLLATLILI_2,110011001100110000,1,-68.6871,-67.4704,-58.7354,-231.363,-227.809,-246.13,-341.473,4685.95,3650.92,3647.55,-48.8617,-32.7606,-90.2848,-78.9543,-36.6071,-87.4401,41.9036,-47.273,6.53678,5.27301,4.40157,-25.4399,-75.759,50.2096,-41.8685,-367.608,7.3305,4.64215,3.89529,2,LLLYLLLGILLGFLLATLILI,1.1852332726581376,0.0039480475764636,D,13,-90.7570301714009,,-85.51943795881468,,-89.8728166214643,,-53.6777,-9.951700000000002,14.766999999999996,1035.0299999999997,-0.0518610088596466,-0.009614890389650545,0.014267219307652918,-0.04720800363274495
SYLLGVLLGLLLGFL,WT,LLLSYLLGVLLILLLGFLILI,clash,,,,LLLSYLLGVLLGLLLGFLILI_1,110011001100110000,1,-71.5855,-69.7589,-44.9273,-226.199,-225.672,-249.264,-338.213,4564.1,3608.91,3500.88,-48.8037,-33.0937,-89.232,-75.8751,-44.0215,-80.1463,40.6838,-44.9319,6.49172,4.01426,3.12452,-43.719,-79.84,40.4327,-45.0,-386.911,6.5,3.93441,3.0409,1,LLLSYLLGVLLGLLLGFLILI,1.1150987948260525,0.0006353849652877,D,13,1798.3349148360887,2129.042703098235,216.83333020888904,272.0286748565742,2446.1229750554267,2889.681533212548,-45.210499999999996,-26.658199999999994,23.064999999999998,955.1900000000005,-0.047331420973837635,-0.02790879301500223,0.024147028339911416,-0.05109318564892846
ILLLGILLGLLLGFL,Mutant,,clash,,LLLALLLGILLGLLLGFLILI,0.1576499610539188,LLLILLLGILLGLLLGFLILI_0,110011001100110000,1,-56.5723,-57.1003,-44.9506,-224.346,-210.837,-237.517,-348.588,4567.64,3533.04,3407.57,-48.3293,-34.2346,-115.999,-114.885,-66.1205,-77.6044,56.2098,-39.0344,6.66712,5.72898,5.07213,-32.2445,-80.9675,41.2498,-36.7766,-382.822,6.7833,4.21385,3.3326,0,LLLILLLGILLGLLLGFLILI,1.0826765133957523,0.0013683931966815,D,14,-87.29404040165569,-88.0438975154137,-81.677797406063,-82.75910368981425,-84.53587775773828,-85.44851107611389,-49.87849999999999,-11.621699999999997,13.170999999999992,1034.6000000000004,-0.048210419485791585,-0.011233036922482112,0.012730523873960939,-0.04671302919002512
LFLLGILLGLLLGTL,Mutant,,clash,,LLLAFLLGILLGLLLGTLILI,0.0964873076510377,LLLLFLLGILLGLLLGTLILI_0,110011001100110000,1,-69.5283,-69.665,-58.7892,-219.527,-215.62,-237.721,-346.888,4622.53,3466.44,3488.03,-48.0001,-43.4703,-105.832,-105.073,-50.3779,-79.681,43.42,-39.2575,7.14208,4.31386,3.46516,-43.606,-80.3909,36.9211,-40.9331,-390.358,7.1519,3.54298,2.5968,0,LLLLFLLGILLGLLLGTLILI,1.2775940066520746,0.0014204176885409,D,16,-95.23288248791096,-94.78131369846837,-92.90230355951353,-92.22996892934472,-93.91346518049268,-93.33691359489085,-55.4541,-10.7391,18.194000000000017,1156.0899999999997,-0.047966940290115834,-0.009289155688570963,0.01573752908510585,-0.041519345379684984
ALLLGFLLGTLLGVL,WT,LLLALLLGFLLITLLGVLILI,clash,,,,LLLALLLGFLLGTLLGVLILI_0,110011001100110000,1,-71.9013,-74.3321,-58.6723,-218.488,-207.998,-232.752,-340.747,4445.04,3434.54,3348.53,-47.7799,-40.2997,-98.1371,-98.7165,-49.322,-79.8773,64.5847,-35.1143,7.49823,7.20054,6.66931,-40.171,-85.1121,47.6719,-35.0,-381.046,7.4675,5.70252,4.9176,0,LLLALLLGFLLGTLLGVLILI,1.2451523754599048,0.0016286928418253,D,13,-39.1808113933694,-43.72369061987786,-26.195201848579337,-31.708039030727896,-26.06694990914985,-31.589366848686527,-48.8151,-13.229000000000006,14.26400000000001,1010.5,-0.04830786739238001,-0.013091538842157354,0.01411578426521525,-0.04728342404750124
YLLLGILLGFLLITL,Mutant,,clash,,LLLYLLLGILLGFLLATLILI,1.175515529676756,LLLYLLLGILLGFLLITLILI_0,110011001100110000,1,-65.1433,-68.0577,-58.7512,-245.22,-231.547,-250.136,-348.474,4722.59,3676.94,3513.43,-47.4286,296.53,-85.5393,247.661,-39.5874,-97.7632,44.292,-51.5662,7.04178,7.1439,6.30828,238.054,-86.6913,38.1487,-45.0,-51.9445,6.9063,4.65377,3.726,0,LLLYLLLGILLGFLLITLILI,0.0097177429813818,0.0009798325139548,D,15,221.901953855404,187.92814743318752,43.57437065664615,28.42140927365464,236.6667785711695,201.13467997102887,-45.951899999999995,-6.392099999999999,4.915999999999997,1045.65,-0.04394577535504231,-0.006113039736049346,0.004701381915554914,-0.045358006981303496
LLLLGILLGFLLGTL,Mutant,,clash,,LLLALLLGILLGFLLGTLILI,0.4440455591267922,LLLLLLLGILLGFLLGTLILI_0,110011001100110000,1,-65.6393,-68.8587,-58.6933,-232.322,-211.914,-237.44,-349.008,4621.34,3645.15,3552.01,-47.3154,-29.6927,-98.3614,-97.9274,-52.8742,-76.1587,71.2181,-48.7801,6.8734,7.53825,7.10652,-29.5053,-79.2928,46.8705,-41.4445,-378.7,6.9265,4.72144,3.9245,0,LLLLLLLGILLGFLLGTLILI,0.9008572382992754,0.0006314014839277,D,16,-88.86719715052713,-90.5488076252149,-83.50370832314006,-85.99547407632825,-85.60632895642698,-87.78049374882951,-45.4872,-6.946000000000005,5.117999999999995,976.19,-0.04659666663252031,-0.007115418105082007,0.005242831825771617,-0.0484694577899794
LYLLGVLLGLLLGFL,Mutant,,clash,,LLLAYLLGVLLGLLLGFLILI,0.3886869969204504,LLLLYLLGVLLGLLLGFLILI_0,110011001100110000,1,-58.0907,-59.9722,-44.9116,-223.246,-217.179,-238.815,-331.3,4639.47,3613.37,3398.77,-47.167,-40.87,-97.1309,-95.0189,-47.5737,-81.4037,40.1022,-44.4876,6.659,4.12436,3.22589,-40.1712,-78.3342,38.1851,-39.2997,-372.17,6.6883,3.40512,2.4779,0,LLLLYLLGVLLGLLLGFLILI,0.8107953658424941,0.0008428111185531,D,16,-89.12474290007928,-88.55377568320179,-84.38306404243063,-83.56315161388561,-87.15276715358121,-86.47826826904907,-49.557199999999995,-13.179099999999998,15.568999999999988,1026.1000000000004,-0.048296657245882446,-0.01284387486599746,0.015172985089172579,-0.045967254653542525
AFLLGTLLGLLLAVL,WT,LLLAFLLGTLLLLLLAVLILI,clash,,,,LLLAFLLGTLLGLLLAVLILI_0,110011001100110000,1,-67.2468,-67.1042,-58.7424,-221.654,-215.282,-234.982,-343.101,4528.95,3556.03,3538.07,-47.1298,-40.7502,-101.33,-101.465,-49.3768,-76.4833,55.5984,-38.4705,6.61995,5.47828,4.81225,-41.2482,-73.1449,51.1091,-38.7208,-383.851,6.6288,4.37146,3.6381,0,LLLAFLLGTLLGLLLAVLILI,1.373165401243351,0.0016534748649629,D,13,-95.94634819762985,-96.0534036237098,-92.38668593073534,-92.58775070425372,-92.83528833349388,-93.02450568554902,-51.953199999999995,-8.50439999999999,13.328000000000003,972.9199999999996,-0.053399251737039036,-0.008741109238169627,0.013698968054927443,-0.04844159848702876
LLLLGILLGLLLGFL,Mutant,,clash,,LLLALLLGILLGLLLGFLILI,0.5298206991216563,LLLLLLLGILLGLLLGFLILI_0,110011001100110000,1,-55.5035,-57.1003,-44.9506,-225.175,-211.842,-238.256,-350.708,4597.75,3563.39,3411.15,-46.7924,-30.6544,-116.822,-112.419,-67.5013,-76.6069,61.0908,-40.7811,6.66937,6.23829,5.65465,-32.6538,-80.9675,41.2498,-36.7766,-381.362,6.7833,4.21385,3.3326,0,LLLLLLLGILLGLLLGFLILI,0.7105057753280148,0.0021496026580334,D,16,-73.09175565169109,-80.34917934514401,-67.785057642018,-76.47375107462139,-67.52357299644132,-76.28279146359239,-49.3207,-10.552900000000001,13.080999999999989,1034.3600000000001,-0.04768233497041648,-0.010202347345218299,0.012646467380795843,-0.045238021578560654
SYLLGILLGLLLAFL,WT,LLLSYLLGILLLLLLAFLILI,clash,,,,LLLSYLLGILLGLLLAFLILI_0,110011001100110000,1,-70.2621,-70.1231,-44.9254,-229.274,-228.302,-253.038,-347.56,4563.57,3692.74,3536.17,-46.7646,-43.585,-94.7885,-92.7193,-49.5968,-78.8185,49.1952,-43.4796,6.81261,4.96412,4.20205,-43.3522,-79.2928,46.8705,-41.4445,-391.145,6.9265,4.72144,3.9245,0,LLLSYLLGILLGLLLAFLILI,1.3563994981504932,0.0029666371112514,D,13,-38.042007169741446,-28.04762927572624,-35.56713487314659,-25.17353796247664,-32.94675023456385,-22.13046186619259,-45.1917,-25.3367,23.76400000000001,870.8299999999999,-0.05189497376066511,-0.029094886487603784,0.027288908282902532,-0.053701181631317256
TLLLGVLLGFLLAIL,WT,LLLTLLLGVLLIFLLAILILI,clash,,,,LLLTLLLGVLLGFLLAILILI_1,110011001100110000,1,-55.091,-54.8844,-44.9524,-228.589,-225.591,-242.305,-344.273,4537.46,3634.06,3605.41,-46.6182,-39.8221,-107.211,-103.62,-57.0157,-87.4395,41.8258,-39.3719,7.215,5.26241,4.38979,-32.758,-83.081,35.995,-42.847,-377.081,7.4247,3.82147,2.86139,1,LLLTLLLGVLLGFLLAILILI,1.2947440192686053,0.0015890339338729,D,13,-95.83924350516526,,-92.4880359706947,,-93.55342112725928,,-50.195299999999996,-10.138600000000004,13.716000000000008,903.4000000000001,-0.05556265220278945,-0.011222714190834628,0.015182643347354446,-0.051603055125083015
ALLLGILLGLLLGFL,WT,LLLALLLLILLGLLLGFLILI,clash,,,,LLLALLLGILLGLLLGFLILI_0,110011001100110000,1,-59.0518,-57.1003,-44.9506,-219.357,-215.694,-235.098,-343.393,4497.79,3478.46,3397.78,-46.5788,-41.8651,-111.563,-112.464,-63.3442,-83.5134,43.6536,-36.5496,6.70218,4.92025,4.07506,-42.7856,-80.9675,41.2498,-36.7766,-385.258,6.7833,4.21385,3.3326,0,LLLALLLGILLGLLLGFLILI,1.2403264744496711,0.0013830359355237,D,13,-79.29851400452257,-72.34192260109651,-69.27827544704593,-58.95445207657895,-71.89077740534164,-62.44486727590889,-48.2188,-14.101199999999999,15.741000000000014,1019.3299999999999,-0.04730440583520548,-0.013833792785457114,0.015442496541846129,-0.04569550587150384
IFLLGVLLGLLLGYL,Mutant,,clash,,LLLAFLLGVLLGLLLGYLILI,0.1531559849251211,LLLIFLLGVLLGLLLGYLILI_2,110011001100110000,1,-57.0966,-57.0353,-44.9328,-222.747,-222.599,-239.796,-329.676,4648.79,3411.66,3471.91,-46.3707,938.754,-96.2029,888.712,-44.9471,-76.589,43.6791,-37.1568,5.83867,3.88502,3.0402,-19.3292,-69.605,42.1044,-35.8969,-348.886,6.5663,2.62484,1.75641,2,LLLIFLLGVLLGLLLGYLILI,1.3083705123688816,0.0012271809522782,D,14,-93.04017864306176,-94.02789270845705,-88.22257399979033,-89.89398605449237,-89.61365078045218,-91.0876459717264,-51.2558,-12.163800000000002,17.048999999999978,1237.13,-0.041431215797854706,-0.009832273083669461,0.013781090103707757,-0.03748247961006523
YFLLGTLLGILLALL,WT,LLLYFLLGTLLGILLLLLILI,clash,,,,LLLYFLLGTLLGILLALLILI_2,110011001100110000,1,-68.9355,-67.1966,-58.7545,-236.545,-227.446,-246.916,-342.505,4681.75,3645.12,3565.16,-46.2648,-37.3708,-83.2889,-85.2331,-36.8341,-71.317,47.1589,-38.1369,6.60941,3.56401,2.77139,-33.5317,-62.6538,43.9976,-40.9419,-378.421,6.5,1.83774,0.997703,2,LLLYFLLGTLLGILLALLILI,1.0526114142079803,0.0020780652989359,D,13,-95.08240212545306,-96.20831642257718,-93.23705937560814,-94.78547625186722,-94.3683739656396,-95.65776940420562,-46.4548,-10.181000000000004,10.37100000000001,1036.63,-0.04481328921601728,-0.009821247696863879,0.010004533922421701,-0.044630002990459466
ATLLGILLGLLLGFL,WT,LLLATLLGILLLLLLGFLILI,clash,,,,LLLATLLGILLGLLLGFLILI_0,110011001100110000,1,-57.6314,-58.1393,-44.9292,-222.329,-215.072,-235.302,-338.347,4453.94,3506.12,3436.15,-46.2614,-38.2233,-104.647,-103.359,-58.1156,-88.0495,51.7406,-32.9636,6.63967,6.69241,5.96852,-38.1111,-81.6776,47.767,-35.1198,-376.57,6.6099,5.20019,4.4167,0,LLLATLLGILLGLLLGFLILI,1.08218402776477,0.0067840442126023,D,13,-64.13140356258201,-56.69747464326767,-49.47998121763409,-39.00947871871976,-52.37196497483334,-42.50083919600733,-46.531400000000005,-12.702199999999998,12.972999999999985,947.8199999999997,-0.04909307674452957,-0.013401489734337746,0.013687197991179748,-0.04880821252980525
IYLLGVLLGLLLGFL,Mutant,,clash,,LLLAYLLGVLLGLLLGFLILI,0.1466271989219445,LLLIYLLGVLLGLLLGFLILI_0,110011001100110000,1,-59.6178,-59.9722,-44.9116,-223.165,-218.24,-237.99,-329.121,4618.03,3490.66,3396.38,-45.9155,-42.537,-92.2531,-93.4454,-46.2191,-81.0832,40.6124,-40.1541,6.63731,4.14515,3.25433,-42.3881,-78.3342,38.1851,-39.2997,-371.658,6.6883,3.40512,2.4779,0,LLLIYLLGVLLGLLLGFLILI,1.052855163841,0.0004204369806958,D,14,245.81310972190784,256.98909729992994,87.81230743203446,93.88202531100102,337.23341703139977,351.3639259683475,-46.034000000000006,-14.706200000000003,14.825000000000017,1127.37,-0.040833089402769286,-0.013044696949537422,0.0131500749532097,-0.0407279775051669
IFLLGILLGLLLGTL,Mutant,,clash,,LLLAFLLGILLGLLLGTLILI,0.154251320604253,LLLIFLLGILLGLLLGTLILI_0,110011001100110000,1,-69.8068,-69.665,-58.7892,-219.727,-216.726,-237.218,-345.256,4602.51,3474.95,3471.4,-45.9059,-42.2983,-101.628,-101.164,-49.2487,-82.167,38.1182,-40.5307,7.11979,3.971,3.04278,-42.3221,-80.3909,36.9211,-40.9331,-387.554,7.1519,3.54298,2.5968,0,LLLIFLLGILLGLLLGTLILI,1.2198299936988592,0.0013060299421373,D,14,-95.503896076718,-96.05054139569611,-92.32964638536257,-93.26222333863012,-93.55169480949634,-94.33569266805968,-52.3793,-11.017599999999995,17.490999999999985,1127.5600000000004,-0.04645366987122635,-0.009771187342580432,0.015512256553974936,-0.04071260065983184
IFLLGTLLGLLLAVL,Mutant,,clash,,LLLAFLLGTLLGLLLAVLILI,0.1430289650746541,LLLIFLLGTLLGLLLAVLILI_0,110011001100110000,1,-66.7217,-67.0843,-58.7424,-225.084,-209.161,-237.181,-347.993,4610.24,3569.44,3529.38,-45.8324,-18.0383,-102.02,-89.7859,-52.0694,-78.0285,60.9428,-41.5651,6.60445,6.43156,5.8457,-22.5287,-73.1449,51.1091,-38.7208,-366.031,6.6288,4.37146,3.6381,0,LLLIFLLGTLLGLLLAVLILI,1.2301364361686968,0.0008786034441943,D,14,-94.61726857720198,-96.13404038808936,-90.84835521162606,-93.42714946085584,-92.48745452791457,-94.60437553047603,-49.950599999999994,-7.979299999999995,12.097000000000008,1040.7999999999997,-0.047992505764796314,-0.0076665065334358155,0.011622790161414308,-0.0440357417371253
AYLLGTLLGLLLGFL,WT,LLLAYLLGTLLLLLLGFLILI,clash,,,,LLLAYLLGTLLGLLLGFLILI_0,110011001100110000,1,-72.8709,-67.9054,-58.7043,-219.831,-217.013,-239.922,-335.04,4526.09,3502.01,3433.66,-45.7428,-38.4449,-88.0808,-88.5667,-36.4137,-79.3487,56.5702,-35.8493,6.53337,6.03928,5.38783,-38.218,-80.1891,50.0903,-39.6088,-373.485,6.6695,5.29055,4.5419,0,LLLAYLLGTLLGLLLGFLILI,1.105134597477758,0.0005928162061602,D,13,221.3623614490265,243.37666842230863,100.3115180635403,114.0334711542864,342.403790070971,372.70980598662334,-51.6671,-14.166600000000003,20.091000000000008,1024.08,-0.050452210764784004,-0.01383348957112726,0.019618584485587072,-0.0446672134989454
YILLGVLLGLLLAFL,WT,LLLYILLLVLLGLLLAFLILI,clash,,,,LLLYILLGVLLGLLLAFLILI_1,110011001100110000,1,-54.4192,-54.3438,-44.9335,-234.643,-223.282,-245.323,-336.748,4603.96,3645.63,3598.57,-45.7219,-31.4903,-93.4079,-90.6127,-46.4918,-93.5594,36.7613,-44.9828,7.08198,5.49669,4.54811,-33.5099,-84.7749,35.5377,-45.0,-370.1,7.0209,4.01383,3.0469,1,LLLYILLGVLLGLLLAFLILI,0.8205934828143792,0.0027790182148103,D,13,-70.84894603545916,-80.91695323631608,-71.69752688975144,-81.47245658603796,-70.94227891020932,-80.97805139131289,-46.9161,-9.485699999999994,10.680000000000007,958.3299999999999,-0.048956100716872064,-0.009898156167499709,0.011144386589170753,-0.047709974643390066
TFLLGVLLGLLLGAL,WT,LLLTFLLLVLLGLLLGALILI,clash,,,,LLLTFLLGVLLGLLLGALILI_2,110011001100110000,1,-56.0306,-56.0983,-44.8802,-222.319,-221.421,-237.807,-335.187,4572.13,3517.65,3463.57,-45.6201,-43.3017,-102.457,-100.969,-52.4998,-82.9589,38.3051,-39.9897,7.08975,4.11502,3.1896,-42.6002,-80.3909,36.9211,-40.9331,-377.835,7.1519,3.54298,2.5968,2,LLLTFLLGVLLGLLLGALILI,1.3411227798997605,0.0015043327756334,D,13,-92.88483502415616,,-87.81587066662132,,-89.8563707774869,,-49.95719999999999,-11.150399999999998,15.488,1054.48,-0.047376147485016305,-0.01057431150899021,0.014687808208785373,-0.04326312495258326
TLLLGILLGLLLGFL,WT,LLLTLLLGILLLLLLGFLILI,clash,,,,LLLTLLLGILLGLLLGFLILI_1,110011001100110000,1,-56.421,-58.3682,-44.942,-230.355,-221.787,-241.793,-349.485,4542.21,3670.68,3461.0,-45.5956,898.063,-108.304,828.733,-62.7495,-92.4109,38.241,-44.7962,7.28072,5.52416,4.59777,-41.8882,-88.5873,34.12,-39.5515,-391.768,7.2522,4.3943,3.4061,1,LLLTLLLGILLGLLLGFLILI,1.5847619931610086,0.0062318046286896,D,13,-77.43750355821821,-75.19401433172116,-68.77482592095637,-65.6699681840216,-73.73119766833717,-71.11917398664337,-45.554500000000004,-11.479,11.438000000000017,871.5300000000002,-0.052269571902286774,-0.013171089922320512,0.013124046217571413,-0.05231673034777918
IFLLGLLLGVLLGTL,Mutant,,clash,,LLLAFLLGLLLGVLLGTLILI,0.0179400821490749,LLLIFLLGLLLGVLLGTLILI_0,110011001100110000,1,-69.6447,-73.3231,-58.7316,-224.497,-214.464,-235.981,-343.23,4552.73,3487.51,3343.09,-45.5727,68.3506,-94.6611,12.9078,-48.5171,-86.291,50.9184,-42.9269,6.91197,6.31763,5.5814,42.5073,-83.578,48.738,-35.1079,-274.88,6.9512,5.61633,4.8474,0,LLLIFLLGLLLGVLLGTLILI,1.3091301511086022,0.0012563851216071,D,14,-88.37549130224524,-89.67193547253972,-80.58807924208016,-82.7530285018871,-82.27768033072351,-84.25419380038667,-46.144000000000005,-10.9131,11.48399999999998,1065.2199999999993,-0.043318751056119896,-0.010244925930793645,0.010780871557049236,-0.04278242992057981
WTLLGILLGLLLGFL,WT,LLLWTLLGILLLLLLGFLILI,clash,,,,LLLWTLLGILLGLLLGFLILI_2,110011001100110000,1,-68.2299,-65.6666,-44.9483,-224.774,-224.242,-245.851,-341.885,4629.33,3684.93,3588.75,-45.4532,-38.7611,-94.3342,-90.7376,-51.085,-74.2839,36.7285,-45.5918,6.39687,2.60092,1.65185,-42.6616,-69.6978,38.4736,-44.8571,-384.492,6.5368,2.1486,1.2257,2,LLLWTLLGILLGLLLGFLILI,0.7424291498490224,0.0014940133011786,D,13,-42.3194641893942,-47.20590235234698,-30.80127543054596,-36.6634832587483,-34.80910751937276,-40.33178965846129,-43.249199999999995,-23.281599999999997,21.076999999999998,944.4000000000001,-0.0457954256670902,-0.02465226598898771,0.022317873782295633,-0.048129182549767044
ALLLGVLLGFLLGTL,WT,LLLALLLGVLLLFLLGTLILI,clash,,,,LLLALLLGVLLGFLLGTLILI_1,110011001100110000,1,-71.2199,-69.4637,-58.7215,-224.702,-220.071,-232.809,-337.928,4537.92,3556.65,3650.7,-45.3744,-35.8827,-87.3808,-84.276,-46.3976,-87.1293,46.3623,-37.777,7.13235,5.8283,5.02374,-27.2004,-80.2804,39.355,-44.6447,-365.235,7.3257,3.85498,2.9453,1,LLLALLLGVLLGFLLGTLILI,1.314339007356754,0.0003676981679997,D,13,-92.42142736240888,-92.9512284322368,-87.70413631065725,-88.56371265155808,-88.17680254351265,-89.00333584480515,-40.9832,-12.498399999999997,8.107,981.27,-0.04176546720066852,-0.012736963323040546,0.008261742435822964,-0.046240484270384304
TFLLGILLGLLLGVL,WT,LLLTFLLGILLLLLLGVLILI,clash,,,,LLLTFLLGILLGLLLGVLILI_0,110011001100110000,1,-56.2811,-55.1738,-44.9378,-222.186,-221.84,-241.156,-340.059,4585.36,3462.63,3485.96,-45.3645,-42.4521,-106.956,-105.497,-53.9653,-78.9098,43.2042,-41.4911,6.44562,4.16904,3.31711,-41.7586,-79.84,40.4327,-45.0,-382.511,6.5,3.93441,3.0409,0,LLLTFLLGILLGLLLGVLILI,1.3058174511293483,0.0015428109924127,D,13,-93.11940248643694,-93.48616211295122,-87.38390624923677,-88.05638764681574,-89.17306985143595,-89.75018264574726,-52.990700000000004,-11.3433,18.97,1122.7299999999996,-0.047198079680778125,-0.01010331958707793,0.016896315231622924,-0.04040552937928087
ALLLGLLLGTLLGFL,WT,LLLALLLLLLLGTLLGFLILI,clash,,,,LLLALLLGLLLGTLLGFLILI_1,110011001100110000,1,-74.7572,-74.6075,-58.7075,-214.968,-213.418,-234.249,-346.884,4507.31,3504.98,3381.48,-45.2021,-44.5565,-102.36,-103.415,-53.927,-78.6658,50.9311,-34.5636,6.16585,5.17556,4.43952,-33.5294,-73.8055,53.1891,-35.1152,-381.63,6.5108,4.75136,4.0492,1,LLLALLLGLLLGTLLGFLILI,1.133383040808284,0.0007526417571457,D,13,-49.607352977714605,-54.24998826218548,-40.27136740451167,-45.77411976158433,-43.03988035618849,-48.28757177333304,-48.433,-16.049699999999994,19.281000000000006,1002.3300000000004,-0.04832041343669249,-0.016012391128670186,0.01923617970129598,-0.04509702393423322
YVLLGILLGTLLSLL,WT,LLLYVLLGILLLTLLSLLILI,clash,,,,LLLYVLLGILLGTLLSLLILI_2,110011001100110000,1,-81.349,-74.0377,-74.0377,-237.557,-237.567,-246.205,-370.117,4558.22,3621.01,3785.42,-45.1086,-15.8937,-96.3203,-74.4065,-49.875,-94.0573,41.7994,-46.5316,6.30661,6.25151,5.3785,-10.2625,-103.028,20.5579,-45.0,-380.682,7.3039,4.72952,3.53789,2,LLLYVLLGILLGTLLSLLILI,0.6155448286928384,0.0006243713725658,D,13,-88.63342394439492,-91.5073336878869,-84.94544360918648,-88.75181732136282,-87.5425544064205,-90.69227813107324,-46.4453,-7.311300000000003,8.648000000000025,937.21,-0.049556982960062314,-0.007801133150521231,0.009227387671919872,-0.04813072843866369
YFLLGTLLGLLLAVL,WT,LLLYFLLGTLLILLLAVLILI,clash,,,,LLLYFLLGTLLGLLLAVLILI_2,110011001100110000,1,-68.5705,-69.2166,-58.7632,-229.404,-225.201,-245.447,-338.219,4685.2,3596.28,3615.4,-44.9981,-28.396,-85.2424,-72.1979,-34.009,-85.1394,46.3784,-44.6027,6.67876,5.532,4.72768,-28.8721,-72.0387,50.2766,-42.8887,-367.967,6.71,4.09315,3.3473,2,LLLYFLLGTLLGLLLAVLILI,1.225897076333996,0.0024666489417375,D,13,-94.63492670058564,-94.0280308106522,-89.74285956244101,-88.58257413359063,-91.49026623775472,-90.5276470606228,-51.2334,-9.807299999999998,16.043000000000006,1088.9199999999996,-0.047049737354442955,-0.009006446754582523,0.014732946405612912,-0.04132360503985602
AYLLGFLLGTLLGLL,WT,LLLAYLLGFLLITLLGLLILI,clash,,,,LLLAYLLGFLLGTLLGLLILI_0,110011001100110000,1,-74.2574,-62.5531,-58.6623,-222.647,-217.465,-238.987,-333.922,4549.49,3419.7,3516.78,-44.9295,-21.5017,-81.9475,-75.4064,-36.2733,-86.1872,36.9896,-36.8957,6.44792,4.42169,3.47653,-21.7,-91.134,25.7473,-37.6199,-355.424,7.3707,3.64599,2.5322,0,LLLAYLLGFLLGTLLGLLILI,1.1964118920505211,0.0007628704880869,D,13,16171.213855645869,19943.249250223475,431.8813704347881,555.1835022115342,19756.158806215022,24359.265524734885,-45.674200000000006,-15.595100000000002,16.340000000000003,1129.79,-0.04042715902955417,-0.013803538710733856,0.014462864780180391,-0.03976800998415635
YVLLGILLGFLLALL,WT,LLLYVLLGILLLFLLALLILI,clash,,,,LLLYVLLGILLGFLLALLILI_1,110011001100110000,1,-54.9301,-54.4858,-44.9804,-228.079,-231.054,-245.994,-333.95,4624.21,3607.87,3718.58,-44.8164,35.2874,-95.7574,-13.1229,-42.9753,-85.7234,46.1862,-41.3943,6.5633,5.59365,4.78644,-17.6198,-74.3696,52.761,-36.2687,-351.593,7.5,4.77818,4.0696,1,LLLYVLLGILLGFLLALLILI,1.1499826941346258,0.0009721299401103,D,13,-94.74105773919406,-95.7131343510264,-91.27515802169276,-92.88788058232149,-92.92714034473724,-94.23450618156998,-52.78210000000001,-9.9497,17.914999999999992,1016.3400000000001,-0.05193350650372907,-0.009789735718361964,0.017626975224826327,-0.044095873428183475
ALLLGVLLGLLLGFL,WT,LLLALLLGVLLLLLLGFLILI,clash,,,,LLLALLLGVLLGLLLGFLILI_2,110011001100110000,1,-54.8852,-56.1796,-44.9306,-228.891,-221.033,-233.653,-339.704,4500.73,3736.33,3610.96,-44.7772,-25.2382,-100.705,-87.7294,-61.1199,-87.7081,39.2404,-44.5729,7.2581,4.95367,4.04228,-31.3988,-77.4724,32.2036,-43.8153,-371.118,7.0393,2.46835,1.4514,2,LLLALLLGVLLGLLLGFLILI,1.3343462211550126,0.003749999858934,D,13,-34.107910133878846,-16.250208735764232,-11.445818362281866,12.553634932549034,-9.36838214981274,15.194086153819365,-39.5851,-9.9546,4.7620000000000005,764.3999999999996,-0.0517858451072737,-0.013022762951334385,0.00622972265829409,-0.05857823129251703
LYLLGTLLGLLLGFL,Mutant,,clash,,LLLAYLLGTLLGLLLGFLILI,0.474646679361886,LLLLYLLGTLLGLLLGFLILI_0,110011001100110000,1,-72.3355,-67.5574,-58.6855,-222.092,-209.812,-239.393,-338.771,4615.3,3538.94,3426.25,-44.6967,-4.54895,-89.0401,-65.9509,-40.6927,-83.0978,56.5069,-41.0663,6.48897,6.59311,5.94072,-9.33708,-81.8261,48.1246,-38.4583,-343.32,6.5,5.27073,4.4926,0,LLLLYLLGTLLGLLLGFLILI,0.630487918115872,0.0014810949935065,D,16,-94.23478585295896,-94.90803075372496,-91.70525787716169,-92.67389368060986,-93.6758135845986,-94.41433363729224,-48.34739999999999,-13.649999999999999,17.300999999999988,1076.3600000000001,-0.04491749972128283,-0.012681630681184731,0.01607361849195435,-0.04152579062767103
YVLLGILLGLLLGFL,WT,LLLYVLLLILLGLLLGFLILI,clash,,,,LLLYVLLGILLGLLLGFLILI_2,110011001100110000,1,-54.7915,-54.4422,-44.9581,-232.53,-226.864,-244.82,-332.806,4604.99,3722.29,3597.54,-44.6849,-22.2915,-90.169,-73.7911,-43.0279,-85.8326,38.0908,-45.8978,7.45137,4.51716,3.58852,-33.6225,-83.7055,31.7125,-44.5563,-366.045,7.4442,3.33701,2.3127,2,LLLYVLLGILLGLLLGFLILI,0.7676189682328275,0.0007490276133641,D,13,-59.308815687242365,-60.53493036846079,-55.1451760081944,-56.496750290159405,-52.94393889447559,-54.36184128134972,-47.141099999999994,-9.833399999999997,12.289999999999992,882.6999999999998,-0.05340557380763567,-0.01114013821230316,0.01392319021185,-0.05062297496318116
ALLLGVLLGTLLGFL,WT,LLLALLLIVLLGTLLGFLILI,clash,,,,LLLALLLGVLLGTLLGFLILI_0,110011001100110000,1,-70.161,-70.1212,-58.7067,-222.09,-221.525,-232.803,-340.546,4467.29,3579.73,3513.9,-44.6649,-41.0971,-92.9604,-89.9971,-49.0367,-98.7662,39.3986,-34.9528,6.72625,6.63374,5.72472,-41.078,-97.484,35.8407,-36.8474,-381.643,6.7321,5.96109,4.9987,0,LLLALLLGVLLGTLLGFLILI,1.0165905126400243,0.00072285566816,D,13,-82.03870746032169,-83.30894113448737,-75.58910351576696,-77.31545715442334,-79.36399664957119,-80.82338752013378,-43.923700000000004,-11.454300000000003,10.712999999999994,887.56,-0.04948814728018388,-0.012905381044661775,0.012070169904006483,-0.050323245752399846
AVLLGILLGLLLGFL,WT,LLLAVLLGILLLLLLGFLILI,clash,,,,LLLAVLLGILLGLLLGFLILI_0,110011001100110000,1,-56.7197,-56.4487,-44.9616,-219.814,-215.293,-234.215,-337.471,4457.14,3526.5,3462.3,-44.3666,-35.3375,-105.304,-101.067,-58.295,-78.5512,49.5735,-41.9967,6.37317,4.9751,4.2187,-34.9137,-79.84,40.4327,-45.0,-372.809,6.5,3.93441,3.0409,0,LLLAVLLGILLGLLLGFLILI,1.367578223212575,0.001517069457113,D,13,-49.05692194534319,-33.82031531942271,-32.98335094791603,-12.939286906508372,-18.50186480868694,5.873478693797252,-47.009,-11.758100000000006,14.40100000000001,930.6400000000003,-0.05051255050287972,-0.012634423622453367,0.01547429725780109,-0.047673214132210075
LYLLGILLGLLLGFL,Mutant,,clash,,LLLSYLLGILLGLLLGFLILI,0.3911271064187278,LLLLYLLGILLGLLLGFLILI_0,110011001100110000,1,-55.3646,-56.7141,-44.9106,-222.732,-218.079,-240.219,-334.952,4634.4,3582.04,3521.04,-44.2672,-39.1397,-101.123,-99.2991,-49.822,-81.7322,44.2752,-42.3599,6.50192,4.73698,3.90111,-38.4411,-76.6759,45.1821,-43.8075,-374.092,6.5,4.10097,3.2787,0,LLLLYLLGILLGLLLGFLILI,0.5972450481405254,0.0008924563967038,D,17,-92.6550793752236,,-90.20167238201972,,-92.23648149319688,,-51.301,-10.454,17.486999999999995,1052.3599999999997,-0.04874852711999698,-0.009933862936637656,0.016616937169789806,-0.04206469269071422
TFLLGLLLGVLLAIL,WT,LLLTFLLGLLLLVLLAILILI,clash,,,,LLLTFLLGLLLGVLLAILILI_2,110011001100110000,1,-57.8427,-56.3001,-44.9935,-229.715,-228.945,-242.981,-346.411,4556.2,3546.43,3547.59,-43.8692,-41.6658,-102.722,-102.831,-58.4367,-84.3394,47.0499,-39.923,6.95915,5.50265,4.7084,-29.5888,-75.4208,48.7219,-40.9997,-376.918,7.4067,4.39057,3.6214,2,LLLTFLLGLLLGVLLAILILI,1.3681246719220312,0.000670089551988,D,13,-95.27942571876343,-96.31096390102434,-91.01903202312435,-92.98154989274737,-91.5575643651355,-93.40240234242528,-44.28529999999999,-12.849200000000003,13.265999999999991,1009.77,-0.04385681887954682,-0.012724877942501761,0.013137645206334108,-0.04344474484288501
ILLLGVLLGFLLGTL,Mutant,,clash,,LLLALLLGVLLGFLLGTLILI,0.0455084374448442,LLLILLLGVLLGFLLGTLILI_1,110011001100110000,1,-69.1304,-67.9921,-58.7215,-223.151,-219.125,-235.119,-343.02,4602.06,3590.68,3602.64,-43.7536,-23.3751,-94.4913,-79.2771,-49.1791,-85.6314,45.1873,-41.0393,7.10293,5.44499,4.6228,-22.0272,-80.2804,39.355,-44.6447,-366.376,7.3257,3.85498,2.9453,1,LLLILLLGVLLGFLLGTLILI,1.2688305699119098,0.0026380694508353,D,14,-93.00986854917304,-95.49549221770329,-87.97320690562569,-92.24981912417792,-90.61924239061918,-93.95494978133836,-45.3122,-10.408899999999996,11.96799999999999,1011.3800000000006,-0.04480234926536018,-0.010291779548735381,0.01183333662916014,-0.04326128655895902
YTLLAILLGLLLGFL,WT,LLLYTLLAILLGLLLLFLILI,clash,,,,LLLYTLLAILLGLLLGFLILI_2,110011001100110000,1,-69.9154,-65.5597,-44.9683,-228.039,-226.171,-246.776,-337.545,4631.43,4010.5,3680.74,-43.4972,7.52648,-83.0876,-38.2873,-45.8009,-65.2681,48.6924,-47.9781,6.66138,2.86368,2.09407,-30.3529,-69.661,38.6284,-44.2206,-367.966,7.0132,2.16398,1.24341,2,LLLYTLLAILLGLLLGFLILI,0.1560554352093689,0.002033521797882,D,13,2.67373255242634,-8.720129761518653,-0.7689911465560819,-11.780809106643266,-3.6157515175216233,-14.311660092596291,-37.286699999999996,-24.947100000000006,18.737000000000023,620.9300000000003,-0.06004976406358201,-0.04017699257565264,0.030175704185657022,-0.0700516966485755
ALLLGILLGFLLGTL,WT,LLLALLLIILLGFLLGTLILI,clash,,,,LLLALLLGILLGFLLGTLILI_0,110011001100110000,1,-68.7732,-68.8587,-58.6933,-223.193,-217.022,-234.258,-341.667,4532.08,3662.39,3534.38,-43.4694,-32.0989,-93.1698,-87.8851,-48.7155,-85.3833,48.3928,-46.1843,6.78117,5.84052,5.06641,-33.1066,-79.2928,46.8705,-41.4445,-373.766,6.9265,4.72144,3.9245,0,LLLALLLGILLGFLLGTLILI,1.3449027974260677,0.0018373341580238,D,13,-93.21441478050566,-91.48437288808806,-87.79177252248299,-84.67918248270425,-90.122829951241,-87.60456256381013,-44.454299999999996,-10.079900000000002,11.064999999999998,869.69,-0.051115109981717616,-0.011590221803171246,0.012722924260368633,-0.04998263749151997
YTLLAVLLGLLLGFL,WT,LLLYTLLAVLLILLLGFLILI,clash,,,,LLLYTLLAVLLGLLLGFLILI_2,110011001100110000,1,-68.5846,-69.8601,-44.9531,-229.05,-226.505,-245.463,-333.652,4654.84,4047.43,3636.69,-43.3682,-38.6265,-79.3851,-75.9126,-43.2354,-61.4418,50.3122,-43.1046,7.12972,2.50842,1.76311,-40.7756,-60.0061,44.1752,-42.0349,-374.342,6.9704,1.46457,0.627198,2,LLLYTLLAVLLGLLLGFLILI,0.3392474626503758,0.0013152319954378,D,13,1.496137618425723,-6.600623448863055,-4.647001787959326,-12.253699556844165,5.371175699363439,-3.034712968287365,-36.149699999999996,-23.631499999999996,16.412999999999982,607.4100000000003,-0.05951449597471226,-0.03890535223325264,0.02702128710426232,-0.07139856110370257
GLLLGFLLGVLLGTL,WT,LLLGLLLGFLLIVLLGTLILI,clash,,,,LLLGLLLGFLLGVLLGTLILI_0,110011001100110000,1,-74.2947,-74.2617,-58.7181,-212.865,-209.554,-232.384,-337.644,4428.88,3387.23,3408.33,-43.3634,-38.454,-93.8475,-92.2828,-46.5417,-80.8043,64.1543,-33.3488,6.57326,7.28147,6.74379,-38.612,-81.7407,58.0906,-35.0,-376.098,6.5862,6.60334,5.9747,0,LLLGLLLGFLLGVLLGTLILI,1.1241593693431462,0.0010700899122316,D,13,-88.85057694173987,-89.88762213479147,-81.95846273230983,-83.6365665589341,-82.2955425701409,-83.94229347171508,-47.3058,-15.576600000000006,19.518999999999977,1041.65,-0.045414294628714054,-0.014953775260404171,0.01873853981663704,-0.04162953007248116
FYLLGVLLGILLALL,WT,LLLFYLLGVLLLILLALLILI,clash,,,,LLLFYLLGVLLGILLALLILI_0,110011001100110000,1,-55.8155,-56.804,-44.9467,-228.174,-222.13,-241.272,-331.997,4693.08,3678.55,3587.06,-43.3536,-37.7252,-91.3615,-90.7889,-45.7783,-66.4242,47.1095,-41.7717,6.64898,2.82341,2.03005,-37.2517,-62.6538,43.9976,-40.9419,-369.722,6.5,1.83774,0.997703,0,LLLFYLLGVLLGILLALLILI,0.8357863881452188,0.0013481005214655,D,13,7.041555558505546,-3.623175570375565,1.861065098867693,-8.287525008150423,34.9156045070971,21.47373476173239,-45.583200000000005,-10.8688,13.097999999999985,1014.5299999999997,-0.04493036184242952,-0.010713138103358208,0.012910411717741209,-0.042732693956807594
SYLLGVLLGTLLGLL,WT,LLLSYLLGVLLITLLGLLILI,clash,,,,LLLSYLLGVLLGTLLGLLILI_0,110011001100110000,1,-85.3157,-82.6899,-58.6631,-224.494,-224.192,-248.002,-357.238,4510.49,3460.43,3639.59,-43.2884,-39.016,-90.7157,-89.3713,-50.5721,-85.7378,37.5092,-41.4449,6.66937,4.42442,3.48705,-38.9535,-84.4885,38.2202,-42.7314,-396.254,6.9435,4.333,3.4063,0,LLLSYLLGVLLGTLLGLLILI,1.0699772996366763,0.0017015690067158,D,13,791.3481489921878,930.0955883060384,188.98004496329304,233.9627392077276,983.506476371522,1152.1653211186594,-40.1436,-26.652600000000007,23.50800000000001,1050.06,-0.03822981543911776,-0.025381978172675856,0.022387292154734027,-0.041224691922366344
AYLLGLLLGVLLGTL,WT,LLLAYLLGLLLIVLLGTLILI,clash,,,,LLLAYLLGLLLGVLLGTLILI_2,110011001100110000,1,-76.9322,-77.0971,-58.7113,-215.975,-215.683,-237.542,-345.675,4524.92,3411.68,3372.04,-43.1584,-39.4852,-95.9259,-92.3805,-49.4219,-80.416,45.2587,-35.5647,7.00492,4.67233,3.85121,-37.6185,-78.1031,43.7429,-35.0,-383.451,7.2077,4.12076,3.2769,2,LLLAYLLGLLLGVLLGTLILI,1.1250679698032144,0.0011277260150707,D,13,15591.579834394655,19059.97955877526,469.1827717797526,594.9924983718387,19693.07028035651,24068.04591885523,-46.504,-18.220899999999993,21.567000000000007,1113.2400000000002,-0.04177356185548488,-0.016367449965865394,0.0193731809852323,-0.038768279975566804
YTLLALLLGVLLAFL,WT,LLLYTLLLLLLGVLLAFLILI,clash,,,,LLLYTLLALLLGVLLAFLILI_2,110011001100110000,1,-70.4215,-70.4131,-44.946,-226.337,-226.24,-246.856,-334.856,4698.67,3959.18,3650.66,-43.1076,-42.1062,-81.2051,-80.3093,-43.0542,-72.7709,38.6066,-43.9334,7.30755,2.62753,1.70663,-41.5579,-73.4033,37.0707,-43.7568,-376.606,7.4419,2.51504,1.5711,2,LLLYTLLALLLGVLLAFLILI,0.3061177464674483,0.0004114979509719,D,13,-90.58892986325029,-92.24204944421304,-86.7695510128188,-89.09357091361959,-89.94615299899397,-91.71218078328026,-38.1509,-25.475499999999997,20.519000000000005,739.4900000000002,-0.05159082610988653,-0.03445009398369145,0.027747501656547078,-0.05829368889369699
SYLLGLLLGTLLGFL,WT,LLLSYLLGLLLLTLLGFLILI,clash,,,,LLLSYLLGLLLGTLLGFLILI_2,110011001100110000,1,-84.7414,-81.8435,-58.7772,-225.882,-227.816,-250.976,-346.633,4568.11,3579.71,3539.31,-42.7913,25.2822,-78.8012,-11.6917,-36.88,-85.1144,37.5907,-37.1632,6.55221,4.34191,3.40577,-34.2313,-87.0744,32.7223,-38.1858,-380.502,6.9066,3.97867,2.9695,2,LLLSYLLGLLLGTLLGFLILI,0.8893445652589503,0.0004058576707907,D,13,4792.101173015806,5745.148461839681,311.16544548593987,391.2660197013476,4856.29734129668,5821.850909522633,-41.92119999999999,-25.964199999999998,25.093999999999994,988.3999999999996,-0.04241319303925537,-0.026268919465803325,0.02538850667745852,-0.04329350465398626
IFLLGVLLGILLGLL,Mutant,,clash,,LLLAFLLGVLLGILLGLLILI,0.2267961675691128,LLLIFLLGVLLGILLGLLILI_0,110011001100110000,1,-56.1496,-53.5625,-44.9468,-224.835,-211.797,-236.759,-340.021,4597.45,3470.1,3617.74,-42.6794,-20.445,-101.716,-95.1072,-58.3162,-60.4745,66.7837,-36.9608,6.76566,4.58697,4.08872,-20.0119,-69.6978,38.4736,-44.8571,-360.466,6.5368,2.1486,1.2257,0,LLLIFLLGVLLGILLGLLILI,1.1678034115247162,0.000679872494893,D,14,-88.27996728036767,-91.16562815168425,-84.35280771424567,-88.20539853929795,-87.91471468539322,-90.89030662999932,-43.39979999999999,-11.202799999999996,11.923999999999978,1127.35,-0.03849718366079744,-0.009937286556969883,0.010577016898035196,-0.037858162948507565
IFLLGLLLGTLLGVL,Mutant,,clash,,LLLAFLLGLLLGTLLGVLILI,0.2228561567795497,LLLIFLLGLLLGTLLGVLILI_0,110011001100110000,1,-70.5725,-72.8441,-58.6456,-219.713,-210.18,-235.944,-343.257,4584.51,3447.69,3388.3,-42.6449,-27.1155,-95.6167,-87.3483,-48.6681,-74.2435,50.5619,-38.1194,7.14882,4.46238,3.72081,-28.2194,-70.7932,46.6401,-35.0,-370.373,7.2306,3.4154,2.615,0,LLLIFLLGLLLGTLLGVLILI,1.2365165470020427,0.0014387394697529,D,14,-88.55374371487015,-91.82466135122591,-79.9258144203894,-85.66227584604601,-81.83462299855965,-87.02561737479544,-46.94859999999999,-11.926900000000003,16.230999999999995,1136.8200000000002,-0.04129818264984781,-0.010491458630214107,0.014277546137471184,-0.037512447001284276
ILLLGFLLGVLLGTL,Mutant,,clash,,LLLALLLGFLLGVLLGTLILI,0.1408906326473079,LLLILLLGFLLGVLLGTLILI_0,110011001100110000,1,-71.1404,-73.7028,-58.7392,-227.481,-210.877,-235.228,-345.84,4513.38,3498.02,3379.29,-42.4879,295.129,-89.706,233.869,-51.8724,-84.2753,61.2733,-42.1031,6.84197,7.41318,6.83228,217.573,-83.578,48.738,-35.1079,-50.711,6.9512,5.61633,4.8474,0,LLLILLLGFLLGVLLGTLILI,0.9344384730593308,0.000211658318372,D,14,54.926734669531726,33.33599986139863,21.28058080996686,4.3788055080485,91.14296964551886,64.50510642030856,-37.833600000000004,-12.401200000000003,7.747000000000014,1015.3600000000001,-0.0372612669398046,-0.012213599117554366,0.007629806177119458,-0.04184515836747557
LFLLGTLLGLLLAVL,Mutant,,clash,,LLLAFLLGTLLGLLLAVLILI,0.256610109637567,LLLLFLLGTLLGLLLAVLILI_0,110011001100110000,1,-68.3892,-67.0843,-58.7424,-225.931,-207.349,-237.983,-349.922,4638.69,3618.71,3527.45,-42.4248,99.7401,-98.0268,24.2506,-53.1965,-75.2408,65.7762,-43.2881,6.60502,6.66591,6.15255,89.1621,-73.1449,51.1091,-38.7208,-250.182,6.6288,4.37146,3.6381,0,LLLLFLLGTLLGLLLAVLILI,1.116555291605784,0.0007019217086383,D,16,-89.43358635960364,-92.30897368723458,-85.08690622407943,-89.14513471279922,-87.55313156325649,-90.9402380110748,-44.830299999999994,-9.646799999999999,12.051999999999992,1019.9799999999996,-0.043952136316398376,-0.009457832506519739,0.011815917959175668,-0.04159375674032826
TLLLGLLLGYLLAFL,WT,LLLTLLLGLLLIYLLAFLILI,clash,,,,LLLTLLLGLLLGYLLAFLILI_2,110011001100110000,1,-56.8335,-52.4814,-44.9618,-231.599,-233.0,-246.522,-343.399,4590.09,3655.97,3640.59,-42.3391,-38.4847,-97.3061,-96.4023,-51.9151,-92.773,44.934,-42.6161,6.89914,6.48205,5.65606,-31.5478,-93.4365,38.3915,-39.9749,-375.137,7.3305,5.69833,4.7742,2,LLLTLLLGLLLGYLLAFLILI,1.1504877785010943,0.0006067864703776,D,13,-94.48260325511852,-96.08413160476204,-91.43703635914817,-93.92259787699868,-92.39997601263715,-94.60602615485762,-45.391,-11.871700000000004,14.923000000000002,934.1200000000003,-0.04859225795401017,-0.012708966728043506,0.015975463537875215,-0.045325118828416035
TYLLGVLLGLLLGFL,WT,LLLTYLLGVLLILLLGFLILI,clash,,,,LLLTYLLGVLLGLLLGFLILI_0,110011001100110000,1,-59.0906,-57.3899,-44.9134,-229.67,-226.723,-248.28,-336.902,4591.86,3576.56,3512.19,-42.2293,-30.0874,-90.3713,-82.8764,-43.709,-65.1604,53.428,-36.0875,6.50696,3.48684,2.78826,-28.7779,-70.6256,40.5984,-41.2559,-366.99,6.8843,2.57462,1.6836,0,LLLTYLLGVLLGLLLGFLILI,1.0924836853913438,0.0037955469415469,D,13,12.6007630965441,29.326353386302703,19.43929713184772,37.18067555049306,52.09421966968775,74.68612343373798,-46.6623,-14.1772,18.610000000000014,1015.2999999999997,-0.04595912538166061,-0.013963557569191374,0.018329557766177503,-0.041592928198562015
IYLLGTLLGFLLGLL,Mutant,,clash,,LLLAYLLGTLLGFLLGLLILI,0.2661006739354798,LLLIYLLGTLLGFLLGLLILI_0,110011001100110000,1,-69.7179,-72.2929,-58.7318,-227.109,-210.596,-238.157,-335.202,4620.24,3570.83,3512.19,-42.2204,-10.1474,-80.5964,-62.4606,-38.3135,-83.2679,65.4706,-40.8679,7.23167,7.82872,7.31078,-10.4772,-87.9639,43.7708,-37.0981,-345.35,7.4797,5.60364,4.7602,0,LLLIYLLGTLLGFLLGLLILI,0.94788783899946,0.0007945490356041,D,14,-57.28520870423542,-63.6711168025597,-43.82295247734326,-52.2214826312399,-41.81749225281372,-50.51584090751995,-42.282900000000005,-10.9861,11.048000000000002,1049.4099999999999,-0.04029206887679745,-0.010468834869116934,0.01052782039431681,-0.040232511601757184
ALLLGTLLGYLLGFL,WT,LLLALLLGTLLIYLLGFLILI,clash,,,,LLLALLLGTLLGYLLGFLILI_0,110011001100110000,1,-65.995,-62.5034,-58.7311,-222.881,-214.925,-238.025,-333.7,4519.3,3539.94,3437.9,-42.1768,-31.1105,-87.0014,-87.3831,-36.9448,-85.4396,57.0928,-34.5364,7.02616,7.02346,6.37985,-30.5016,-77.9303,55.657,-35.0,-364.811,7.3057,5.70324,5.0381,0,LLLALLLGTLLGYLLGFLILI,1.3732054709838313,0.0080868837085255,D,13,-85.36722212465911,,-82.41703696008433,,-82.07844156675057,,-50.0566,-7.263900000000007,15.144000000000005,979.3600000000001,-0.05111154223166149,-0.007416986603496167,0.015463159614442088,-0.04306567554321189
YFLLGTLLGVLLALL,WT,LLLYFLLGTLLIVLLALLILI,clash,,,,LLLYFLLGTLLGVLLALLILI_1,110011001100110000,1,-69.0517,-67.9945,-58.7627,-233.433,-226.047,-245.562,-338.795,4676.31,3601.74,3675.14,-42.1088,-31.6611,-78.4197,-76.4149,-34.4706,-79.8351,39.7778,-41.6485,6.85573,3.84526,2.94193,-31.1935,-70.6256,40.5984,-41.2559,-370.125,6.8843,2.57462,1.6836,1,LLLYFLLGTLLGVLLALLILI,1.1433329024399437,0.000605382908556,D,13,-95.17035703771232,-95.36686463816064,-91.98185913929676,-92.30809973987472,-92.3388337289037,-92.65054981481823,-43.94910000000001,-10.288999999999994,12.129000000000019,1074.5700000000006,-0.04089924341829754,-0.009574992787812788,0.011287305619922399,-0.039186651404747926
AILLGVLLGLLLGFL,WT,LLLAILLGVLLLLLLGFLILI,clash,,,,LLLAILLGVLLGLLLGFLILI_0,110011001100110000,1,-58.2248,-55.3987,-44.9261,-217.861,-216.336,-233.462,-336.774,4459.88,3545.25,3477.84,-42.0897,-34.5169,-102.778,-99.556,-58.3861,-85.5089,36.3547,-39.6018,7.51209,4.23422,3.27954,-34.4964,-83.7055,31.7125,-44.5563,-371.291,7.4442,3.33701,2.3127,0,LLLAILLGVLLGLLLGFLILI,1.16543773229411,0.0018586811257348,D,13,-57.26252208449537,-49.95426246041751,-41.52406119502591,-31.52446918837173,-42.45053656945906,-32.60937512309809,-44.39190000000001,-13.298700000000004,15.600999999999999,914.6300000000001,-0.04853536402698359,-0.014539977914566548,0.017057170659173653,-0.046018280616205456
YTLLGVLLGLLLGFL,WT,LLLYTLLGVLLGLLLLFLILI,clash,,,,LLLYTLLGVLLGLLLGFLILI_1,110011001100110000,1,-70.538,-65.3232,-44.9603,-224.472,-221.209,-244.352,-329.827,4601.65,4056.93,3643.52,-42.0336,-21.9624,-76.8509,-65.2574,-40.5145,-69.5854,42.8484,-49.9878,6.26196,2.72234,1.86507,-27.8427,-73.0429,33.6524,-45.0,-358.128,6.7424,1.99951,1.0043,1,LLLYTLLGVLLGLLLGFLILI,1.007258534586948,0.0009278059266955,D,13,-56.37509615000177,-52.21497536231021,-46.20114203030311,-41.070821327170826,-53.96929216639311,-49.57975115584595,-36.3364,-25.5777,19.879999999999995,544.7199999999998,-0.0667065648406521,-0.04695568365398739,0.03649581436334264,-0.07716551622852111
ILLLGILLGFLLGTL,Mutant,,clash,,LLLALLLGILLGFLLGTLILI,0.1996664300157784,LLLILLLGILLGFLLGTLILI_1,110011001100110000,1,-68.8764,-68.359,-58.6933,-220.755,-218.522,-236.692,-346.882,4600.59,3626.94,3526.8,-42.0205,-31.239,-99.2718,-91.2404,-51.4974,-86.6753,46.2854,-45.0525,6.80009,5.74982,4.9441,-29.212,-79.2928,46.8705,-41.4445,-375.064,6.9265,4.72144,3.9245,1,LLLILLLGILLGFLLGTLILI,1.1452363674102892,0.0003205462399182,D,14,-93.20154787778976,-93.548829110583,-89.62564494264443,-90.15559187011976,-90.00263179492386,-90.51332133020856,-47.7744,-10.183100000000003,15.937000000000012,973.6500000000001,-0.049067323987059,-0.01045868638627844,0.016368304832331957,-0.04315770554100549
ILLLGLLLGVLLGTL,Mutant,,clash,,LLLALLLGLLLGVLLGTLILI,0.5170351131745768,LLLILLLGLLLGVLLGTLILI_0,110011001100110000,1,-70.76,-73.2113,-58.7166,-222.059,-201.724,-234.275,-363.048,4537.34,3458.5,3475.95,-41.9978,347.277,-112.226,259.165,-70.056,-82.8012,69.1031,-37.7262,6.76913,8.2491,7.78564,344.098,-78.1087,59.6093,-35.0,-15.7704,6.7754,6.26356,5.6577,0,LLLILLLGLLLGVLLGTLILI,0.7073975602453241,0.0005237130229921,D,14,-12.590031586145578,-24.36425613401471,-16.99587467127801,-28.17662702428929,-0.4242165619174399,-13.837190562536614,-42.17,-12.043400000000005,12.216000000000008,1078.8400000000001,-0.03908828000444922,-0.011163286492899785,0.011323273145230068,-0.03892866412072225
ILLLGTLLGLLLGFL,Mutant,,clash,,LLLALLLGTLLGLLLGFLILI,0.3879079698500788,LLLILLLGTLLGLLLGFLILI_0,110011001100110000,1,-69.9939,-67.3744,-58.6905,-224.195,-208.912,-236.649,-352.37,4554.95,3550.09,3401.52,-41.8177,141.4,-99.9988,65.3168,-57.0303,-65.7993,58.8656,-40.8372,6.42694,4.31675,3.69974,117.816,-63.8279,50.3554,-37.6016,-210.97,6.5149,2.87217,2.1275,0,LLLILLLGTLLGLLLGFLILI,0.8695020058909194,0.0004254903107037,D,14,-73.15104233725219,-78.8249922301605,-65.35570007677494,-72.6770279401654,-66.64516343320402,-73.69399094239,-42.968500000000006,-11.303399999999996,12.454000000000008,1004.8599999999997,-0.0427606830802301,-0.01124873116653066,0.012393766295802413,-0.04161544891825728
AYLLGLLLGTLLGFL,WT,LLLAYLLGLLLLTLLGFLILI,clash,,,,LLLAYLLGLLLGTLLGFLILI_2,110011001100110000,1,-75.4562,-74.1614,-58.7122,-222.444,-220.034,-239.583,-334.468,4565.73,3636.9,3467.05,-41.5362,-23.1579,-78.1045,-63.4301,-36.1729,-83.0537,51.4538,-39.4328,7.0331,5.90432,5.17613,-27.494,-82.6456,43.881,-35.0,-362.124,7.5,4.82078,3.979,2,LLLAYLLGLLLGTLLGFLILI,0.9088857367232468,0.0018562256122311,D,13,8316.686985344602,10493.208522240226,343.329182973701,457.9723336999597,8868.297180046866,11187.462903524593,-41.9316,-16.743999999999993,17.13900000000001,928.8299999999995,-0.04514453667517202,-0.01802698017936544,0.01845224637447113,-0.04471883983075485
YTLLAILLGVLLALL,WT,LLLYTLLAILLIVLLALLILI,clash,,,,LLLYTLLAILLGVLLALLILI_2,110011001100110000,1,-70.1379,-69.5219,-45.0036,-225.967,-225.606,-246.937,-353.013,4651.19,3812.41,3677.86,-41.2781,-37.1887,-98.1861,-95.0729,-61.0723,-65.6208,43.9664,-46.2903,7.2966,2.27859,1.43809,-37.3854,-66.3717,42.953,-43.9626,-391.349,7.3394,2.25441,1.39871,2,LLLYTLLAILLGVLLALLILI,0.327365745251942,0.0007950574317703,D,13,-94.73186113412832,-94.49556859107678,-92.1841205262888,-91.8335538301465,-93.64340420083684,-93.35829095215894,-37.1138,-25.134300000000003,20.97,838.7799999999997,-0.04424735925987745,-0.029965306755049013,0.025000596103865142,-0.04921206991106132
LYLLGILLGLLLAFL,Mutant,,clash,,LLLSYLLGILLGLLLAFLILI,1.1952814175460391,LLLLYLLGILLGLLLAFLILI_0,110011001100110000,1,-53.8232,-57.1206,-44.9254,-224.926,-217.098,-241.392,-339.39,4630.26,3654.44,3543.32,-41.2226,-30.1732,-101.864,-95.3449,-53.0729,-80.1524,53.6741,-44.6576,6.78148,5.76887,5.07398,-31.2427,-79.2928,46.8705,-41.4445,-369.564,6.9265,4.72144,3.9245,0,LLLLYLLGILLGLLLAFLILI,0.1611180806044542,0.0012250893131487,D,17,-80.94041404417932,-85.94800045805249,-73.31126804982672,-80.32328456618633,-80.07307018645393,-85.3085366459991,-48.79110000000001,-8.897799999999997,16.466000000000008,975.8200000000002,-0.05000010247791601,-0.009118280010657698,0.016874013650058417,-0.04224406140476727
IVLLGILLGLLLGFL,Mutant,,clash,,LLLAVLLGILLGLLLGFLILI,0.8573848214678003,LLLIVLLGILLGLLLGFLILI_0,110011001100110000,1,-55.0269,-56.7342,-44.9348,-225.944,-206.31,-236.476,-342.535,4520.31,3523.33,3427.45,-41.1908,6.25799,-102.755,-73.2328,-61.1248,-74.4028,55.2996,-44.1402,6.79829,5.12586,4.45535,6.48294,-78.3112,37.3108,-36.9447,-336.277,6.8995,3.28364,2.3433,0,LLLIVLLGILLGLLLGFLILI,0.5101934017447748,0.0008255839792707,D,14,103.70753724584632,90.62262755906517,37.1400624043895,28.33103474020788,132.12396582422258,117.21376088034854,-41.630199999999995,-10.092099999999995,10.53200000000001,996.9800000000005,-0.04175630403819532,-0.010122670464803698,0.010563902987020809,-0.04131557303055225
TLLLGLLLGYLLIFL,Mutant,,clash,,LLLTLLLGLLLGYLLAFLILI,0.8426886815989418,LLLTLLLGLLLGYLLIFLILI_2,110011001100110000,1,-54.3854,-44.9618,-44.9618,-239.787,-239.316,-250.55,-350.842,4619.17,3713.0,3581.24,-41.1823,11251.7,-97.8525,11185.2,-55.3303,-95.3975,49.1184,-46.1087,7.01925,7.44062,6.67739,9195.64,-93.4365,38.3915,-39.9749,10875.8,7.3305,5.69833,4.7742,2,LLLTLLLGLLLGYLLIFLILI,0.3077990969021525,0.0012617993260484,D,15,-6.84255482517336,-23.15452587693557,-17.474656469155917,-31.924934835909824,-9.9069931370037,-25.68237767183559,-42.522200000000005,-9.4236,10.763000000000005,906.1700000000001,-0.04692519063751835,-0.010399373186046768,0.01187746228632597,-0.04544654976439299
IYLLGLLLGFLLATL,Mutant,,clash,,LLLAYLLGLLLGFLLATLILI,1.140847261493097,LLLIYLLGLLLGFLLATLILI_0,110011001100110000,1,-69.2557,-63.054,-58.7236,-232.24,-213.314,-239.748,-340.552,4625.91,3660.7,3631.67,-41.1526,-2.60152,-80.2089,-66.7861,-42.0805,-84.7167,64.2993,-42.9686,6.7678,7.8879,7.35239,-2.11459,-87.2227,45.9146,-36.9014,-343.154,7.4937,5.78188,4.9706,0,LLLIYLLGLLLGFLLATLILI,1.0507719000364832,0.0014687895106099,D,14,-28.02487468989192,-37.80824610665167,-17.90236634466556,-29.061661156958333,10.112672817936057,-4.854625553946355,-38.1284,-10.532100000000007,7.507999999999981,965.21,-0.03950269889454108,-0.010911718693341352,0.0077786181245531865,-0.042635903067726195
AFLLGTLLGLLLIVL,Mutant,,clash,15.0,LLLAFLLGTLLGLLLGVLILI,0.3255908191910586,LLLAFLLGTLLGLLLIVLILI_1,110011001100110000,1,-62.1638,-61.4147,-58.7586,-235.251,-232.172,-239.011,-350.312,4571.3,3613.78,3379.33,-41.1016,317309.0,-93.9992,317252.0,-52.5427,-95.3343,47.4622,-47.9495,7.20819,7.20754,6.41948,296329.0,-94.1397,39.8563,-36.5769,316855.0,6.9528,6.00156,5.0994,1,LLLAFLLGTLLGLLLIVLILI,1.1030691452378991,0.0002248439598944,D,14,-56.11640147894308,-60.4359094435849,-46.45929165904676,-51.72935892575783,-43.631338219066606,-49.17976386611354,-41.4565,-3.4052000000000007,3.759999999999991,957.52,-0.04329570139527111,-0.003556270365109868,0.003926810928231255,-0.04292505639568886
TLLLGLLLGVLLGIL,WT,LLLTLLLLLLLGVLLGILILI,clash,,,,LLLTLLLGLLLGVLLGILILI_1,110011001100110000,1,-56.7041,-58.5774,-44.9695,-228.182,-220.496,-239.496,-359.79,4515.79,3699.56,3537.32,-41.0197,-35.3904,-115.924,-116.107,-75.3246,-91.9396,42.6816,-44.8828,6.97141,6.05295,5.19317,-35.1593,-85.5673,40.094,-37.7266,-394.945,7.033,4.74779,3.8492,1,LLLTLLLGLLLGVLLGILILI,1.2179907734982292,0.0013059115088891,D,13,-66.81580750439086,-71.15012402180054,-56.40871123259418,-62.1023390930504,-49.92251553642384,-56.46333065764535,-40.5994,-11.7346,11.314000000000021,816.23,-0.04974014677235583,-0.014376585031179938,0.013861289097435798,-0.05025507516263798
TLLLGVLLGLLLGFL,WT,LLLTLLLGVLLLLLLGFLILI,clash,,,,LLLTLLLGVLLGLLLGFLILI_0,110011001100110000,1,-57.1627,-56.6644,-44.9091,-220.546,-220.971,-241.188,-346.686,4525.52,3533.58,3452.05,-40.991,-39.1539,-109.968,-108.204,-60.5888,-83.5137,36.0407,-37.046,7.36466,3.89254,2.93315,-39.1326,-87.8363,33.3963,-37.1588,-385.839,7.4752,4.18395,3.1849,0,LLLTLLLGVLLGLLLGFLILI,1.2702500879878251,0.0018075029513834,D,13,-82.18191551425592,-74.27266982458633,-69.4735155360818,-55.92315517831251,-72.66802907592641,-60.535677060514125,-49.379200000000004,-12.253599999999999,20.641999999999996,991.9400000000005,-0.04978043026795973,-0.012353166522168672,0.0208097263947416,-0.04132407202048509
AFLLGTLLGVLLILL,Mutant,,clash,,LLLAFLLGTLLGVLLGLLILI,0.1922718982913711,LLLAFLLGTLLGVLLILLILI_1,110011001100110000,1,-62.1714,-58.6867,-58.6867,-235.777,-237.824,-239.027,-350.699,4557.73,3659.87,3427.06,-40.9161,252255.0,-93.6674,252200.0,-52.9854,-95.4564,46.9755,-47.6631,7.18738,7.16014,6.36478,161904.0,-94.1397,39.8563,-36.5769,251866.0,6.9528,6.00156,5.0994,1,LLLAFLLGTLLGVLLILLILI,1.1663684920564548,0.0006339976117817,D,14,-94.50249818172576,-94.80447687235656,-89.39294295852893,-89.97559036870027,-90.38551095619682,-90.91363644091804,-40.682,-3.4846999999999966,3.25,897.8599999999997,-0.045309959236406586,-0.0038811173234134474,0.0036197179961241187,-0.04557069030806586
YFLLGLLLGTLLAVL,WT,LLLYFLLGLLLGTLLLVLILI,clash,,,,LLLYFLLGLLLGTLLAVLILI_0,110011001100110000,1,-69.6645,-68.9911,-58.7143,-231.927,-225.802,-245.175,-337.738,4645.02,3625.25,3627.99,-40.8739,-35.3058,-77.0203,-78.2506,-33.848,-77.751,53.723,-41.8455,6.39404,5.41525,4.7211,-35.3615,-70.4483,55.9363,-39.1281,-373.043,6.6187,4.61865,3.95769,0,LLLYFLLGLLLGTLLAVLILI,1.1977148393034682,0.0008006508316775,D,13,-91.71784237902878,-93.83131648488371,-86.87917978815796,-90.22740316597556,-88.6179981502559,-91.5225029041036,-43.17230000000001,-10.950200000000002,13.248000000000019,1019.7700000000004,-0.04233533051570451,-0.010737911489845747,0.012991164674387375,-0.04008148896319757
YFLLGSLLGILLALL,WT,LLLYFLLISLLGILLALLILI,clash,,,,LLLYFLLGSLLGILLALLILI_0,110011001100110000,1,-71.6207,-71.6655,-60.2959,-229.577,-226.773,-245.578,-344.978,4685.91,3681.42,3642.3,-40.7218,-37.5319,-84.5024,-84.0713,-39.1044,-70.3029,58.0792,-41.9753,6.76143,4.88613,4.25732,-36.389,-71.7752,52.5548,-41.6943,-382.51,6.762,4.36118,3.6495,0,LLLYFLLGSLLGILLALLILI,0.9832490177469912,0.0023271589211645,D,13,-83.53349795929226,-87.83667547407231,-83.56242580761469,-87.85804363144494,-85.7625559229316,-89.48321554262007,-45.397999999999996,-11.324799999999996,16.001000000000005,1004.4899999999998,-0.04519507411721372,-0.011274178936574777,0.015929476649842216,-0.04053977640394629
AYLLGVLLGTLLGLL,WT,LLLAYLLGVLLITLLGLLILI,clash,,,,LLLAYLLGVLLGTLLGLLILI_2,110011001100110000,1,-70.9935,-72.8224,-58.7364,-221.533,-218.816,-238.078,-346.696,4493.2,3441.91,3529.64,-40.6993,-10.9748,-94.8697,-66.0326,-49.8821,-89.1538,46.435,-33.8375,7.19346,6.1418,5.33833,-30.2589,-78.2582,48.5511,-37.611,-377.476,7.3268,4.79313,4.0214,2,LLLAYLLGVLLGTLLGLLILI,1.1650865681082416,0.0008745966842748,D,13,2054.6479395526253,2519.904612226331,304.67136032778785,392.0527126017659,2855.421438080979,3493.5904490775483,-44.98759999999999,-12.257099999999994,16.545000000000016,1051.29,-0.04279275937181938,-0.011659104528721851,0.01573780783608711,-0.03871367557952611
LLLLGTLLGYLLGFL,Mutant,,clash,,LLLALLLGTLLGYLLGFLILI,0.6871014633956378,LLLLLLLGTLLGYLLGFLILI_0,110011001100110000,1,-70.215,-62.5034,-58.7311,-228.102,-208.189,-240.288,-340.903,4620.56,3494.59,3463.25,-40.6185,211.754,-83.2035,141.544,-41.883,-79.6019,72.6974,-38.4713,7.02499,8.25444,7.8449,201.956,-77.9303,55.657,-35.0,-129.148,7.3057,5.70324,5.0381,0,LLLLLLLGTLLGYLLGFLILI,0.6861040075881935,0.0010404227899652,D,16,-80.79800036621148,-85.82355525711353,-74.38792774568603,-81.09112936211106,-78.50727123645088,-84.1323566554935,-41.3205,-11.483900000000006,12.186000000000007,1125.9700000000003,-0.036697691767986707,-0.010199117205609388,0.010822668454754571,-0.03607422933115446
AYLLGTLLGFLLGLL,WT,LLLAYLLGTLLLFLLGLLILI,clash,,,,LLLAYLLGTLLGFLLGLLILI_2,110011001100110000,1,-69.0029,-72.6267,-58.7318,-220.103,-221.51,-239.786,-334.492,4547.95,3561.68,3514.27,-40.4408,-27.6373,-85.8273,-67.9922,-35.9739,-86.7523,49.371,-39.526,7.24082,6.17794,5.41851,-34.4827,-87.9639,43.7708,-37.0981,-370.184,7.4797,5.60364,4.7602,2,LLLAYLLGTLLGFLLGLLILI,1.21398851293494,0.0011478079254625,D,13,71.78898995388636,68.36538507942993,45.83434001036396,42.9279886926419,170.8012433133032,165.4044105077482,-49.85339999999999,-10.271099999999997,19.682999999999993,986.27,-0.0505474160219818,-0.010414085392438174,0.01995700974378212,-0.04100378192584181
TVLLGILLGLLLAFL,WT,LLLTVLLGILLLLLLAFLILI,clash,,,,LLLTVLLGILLGLLLAFLILI_1,110011001100110000,1,-54.5145,-53.7836,-44.9575,-228.127,-226.483,-241.067,-348.053,4506.53,3644.18,3559.0,-40.4302,-36.4486,-105.842,-104.235,-62.0282,-87.4232,39.7884,-42.1065,7.15427,4.98492,4.08175,-35.6043,-82.2405,38.4729,-43.0414,-383.641,7.0713,4.02991,3.107,1,LLLTVLLGILLGLLLAFLILI,0.6565566582423203,0.0010594672592782,D,13,-82.03707481525214,-77.2517874972501,-78.23072150302474,-72.43142928072666,-77.6836224361637,-71.73858411742452,-43.8138,-9.556999999999995,12.939999999999998,862.3499999999999,-0.05080744477300401,-0.01108250710268452,0.015005508204325389,-0.046883747898185196
TLLLGLLLGVLLAIL,WT,LLLTLLLLLLLGVLLAILILI,clash,,,,LLLTLLLGLLLGVLLAILILI_2,110011001100110000,1,-56.8662,-52.2477,-44.9259,-226.021,-228.416,-238.696,-363.377,4544.44,3656.63,3619.52,-40.1954,-34.136,-120.685,-116.849,-79.7554,-93.3623,43.2629,-43.8342,6.47964,6.34485,5.49379,-27.3336,-95.5773,36.118,-40.2012,-392.281,6.9567,5.71253,4.7543,2,LLLTLLLGLLLGVLLAILILI,1.120153988706838,0.0020712534175055,D,13,-88.32753036827499,-89.43562272759785,-82.67635274324124,-84.32092340964459,-84.51238111724965,-85.98265370647411,-40.92960000000001,-11.9403,12.675000000000011,887.8099999999995,-0.046101756006352745,-0.013449161419673136,0.014276703348689492,-0.04527477726090044
YTLLAVLLGILLALL,WT,LLLYTLLAVLLIILLALLILI,clash,,,,LLLYTLLAVLLGILLALLILI_0,110011001100110000,1,-70.4088,-69.2168,-44.9984,-225.13,-224.82,-247.783,-353.933,4649.43,3941.85,3661.31,-40.1746,-38.2619,-98.5683,-98.1577,-61.1521,-65.5286,42.9548,-45.46,7.27629,2.12818,1.27251,-38.031,-66.3717,42.953,-43.9626,-392.195,7.3394,2.25441,1.39871,0,LLLYTLLAVLLGILLALLILI,0.3148053424557782,0.0002869519758289,D,13,-93.47996513870125,-94.3998882242244,-91.27245974073526,-92.50384361139318,-93.42373989184972,-94.35159589547357,-37.416199999999996,-25.410400000000003,22.65299999999999,707.5800000000004,-0.05287910907600551,-0.035911699030498304,0.03201475451539046,-0.05677746685887105
GLLLGLLLGTLLGFL,WT,LLLGLLLILLLGTLLGFLILI,clash,,,,LLLGLLLGLLLGTLLGFLILI_1,110011001100110000,1,-72.3032,-73.1169,-58.6416,-212.211,-213.012,-234.578,-343.789,4474.18,3524.84,3416.05,-40.1733,-35.1992,-99.4484,-92.8592,-50.5693,-88.4343,52.6232,-31.7401,6.58657,6.86928,6.15863,-35.5753,-81.7407,58.0906,-35.0,-379.337,6.5862,6.60334,5.9747,1,LLLGLLLGLLLGTLLGFLILI,1.1657629753325984,0.0006814917119479,D,13,-81.50060959518305,-82.03067191427733,-74.76753980591279,-75.4905245137467,-79.16693579992027,-79.763864784178,-48.87910000000001,-13.661600000000007,22.36699999999999,949.3400000000001,-0.05148745444203341,-0.014390629279288775,0.023560578928518747,-0.04231708344744769
TLLLGLLLGVLLIIL,Mutant,,clash,,LLLTLLLGLLLGVLLGILILI,0.778330121881493,LLLTLLLGLLLGVLLIILILI_2,110011001100110000,1,-54.333,-57.3349,-44.9695,-236.42,-224.446,-245.127,-371.423,4573.17,3675.34,3489.95,-40.1651,728704.0,-120.835,728614.0,-81.3267,-93.727,46.4661,-48.5587,7.08059,6.83197,6.02896,728293.0,-85.5673,40.094,-37.7266,728332.0,7.033,4.74779,3.8492,2,LLLTLLLGLLLGVLLIILILI,0.4396606516167362,0.0003723534490601,D,15,-27.105254483337028,-31.975719476911653,-32.003891449156896,-36.54705384102613,-25.801604610339623,-30.759173016174064,-39.50829999999999,-9.363500000000002,8.707000000000022,897.8299999999999,-0.04400421015114219,-0.010429034449728794,0.00969782698283642,-0.04473575175701414
YLLLAILLGTLLTFL,WT,LLLYLLLAILLITLLTFLILI,clash,,,,LLLYLLLAILLGTLLTFLILI_0,110011001100110000,1,-77.4362,-77.4367,-72.4884,-241.684,-239.558,-250.437,-359.803,4647.63,3882.18,3728.38,-40.1204,-38.6628,-80.8032,-81.471,-36.8773,-61.4517,55.6548,-39.8433,6.49937,3.23115,2.56597,-37.826,-62.8637,50.8317,-39.7383,-398.466,6.5162,2.79183,2.05431,0,LLLYLLLAILLGTLLTFLILI,0.0353322926411485,0.0014359335299148,D,13,-35.43503782345573,-48.93694701514353,-35.42158552566032,-48.926307879427526,-35.18850415542516,-48.74196878966616,-43.925900000000006,-4.947800000000001,8.753000000000014,765.4500000000003,-0.05738572081781957,-0.006463910118231104,0.01143510353386898,-0.05241413547586385
AVLLGLLLGLLLGFL,WT,LLLAVLLGLLLLLLLGFLILI,clash,,,,LLLAVLLGLLLGLLLGFLILI_2,110011001100110000,1,-56.5599,-52.7048,-44.9261,-223.851,-220.67,-234.227,-339.998,4504.82,3594.97,3648.47,-40.0949,10.2763,-99.6826,-56.3476,-60.8447,-78.0683,48.0948,-38.4556,6.91468,4.70304,3.92446,-20.1895,-77.4724,32.2036,-43.8153,-362.477,7.0393,2.46835,1.4514,2,LLLAVLLGLLLGLLLGFLILI,1.6128124721472454,0.000936085785241,D,13,-34.46646960353682,-38.49288561530353,-13.28405650643672,-18.61193158421193,-10.153373409868609,-15.67359937232116,-38.83789999999999,-11.6338,10.376000000000005,909.8499999999999,-0.042686047150629215,-0.012786503269769744,0.011404077595208008,-0.04406759355937793
LYLLGLLLGTLLAFL,Mutant,,clash,,LLLAYLLGLLLGTLLAFLILI,0.9048307506065142,LLLLYLLGLLLGTLLAFLILI_0,110011001100110000,1,-69.5159,-72.7692,-58.7534,-229.401,-214.904,-240.036,-341.248,4637.75,3761.15,3534.39,-40.083,-30.7437,-82.4132,-84.3184,-42.4577,-65.7601,62.4009,-48.7858,6.58555,4.78814,4.22415,-30.6781,-65.2452,51.3028,-41.1052,-371.991,6.5503,3.21266,2.4822,0,LLLLYLLGLLLGTLLAFLILI,0.1411698839642089,0.0014149880361652,D,16,-75.18030646770872,-80.54788651809042,-68.91154349746927,-75.63482469765975,-76.68409911534773,-81.72646453707674,-39.9555,-10.762500000000003,10.634999999999991,876.5999999999999,-0.04558008213552362,-0.012277549623545521,0.012132101300479115,-0.04572553045859001
AYLLGLLLGTLLAFL,WT,LLLAYLLGLLLITLLAFLILI,clash,,,,LLLAYLLGLLLGTLLAFLILI_2,110011001100110000,1,-75.0587,-73.6847,-58.663,-223.68,-222.019,-241.501,-339.691,4564.44,3655.44,3485.68,-39.9756,-30.2498,-80.9287,-74.2377,-39.5276,-80.5995,52.2197,-40.8399,6.69544,5.63957,4.92287,-28.3179,-71.7752,52.5548,-41.6943,-368.739,6.762,4.36118,3.6495,2,LLLAYLLGLLLGTLLAFLILI,1.0460006345707231,0.0024767257276007,D,13,5543.687250210145,6570.137854423074,347.90637115858834,429.3697380893895,5964.262897749484,7067.206069391255,-41.40110000000001,-16.395700000000005,17.820999999999998,908.9999999999995,-0.045545764576457676,-0.018037073707370753,0.01960506050605061,-0.0439775577557756
TFLLGVLLGILLGLL,WT,LLLTFLLGVLLLILLGLLILI,clash,,,,LLLTFLLGVLLGILLGLLILI_0,110011001100110000,1,-57.1036,-50.6625,-44.9604,-219.654,-218.903,-241.703,-342.495,4564.61,3454.39,3522.58,-39.8123,-27.9037,-105.549,-100.833,-55.831,-88.9149,38.8467,-38.5109,6.89153,5.08155,4.16425,-27.8828,-91.396,35.576,-35.8075,-370.398,7.4513,5.01216,4.0458,0,LLLTFLLGVLLGILLGLLILI,1.1805610091819685,0.0008723326907534,D,13,-95.01067771708678,-94.98816518551747,-93.54087707857262,-93.51173259753224,-94.69598856168756,-94.67205610790364,-49.718,-12.1432,22.049000000000007,1110.2199999999998,-0.044782115256435676,-0.010937651996901518,0.019860027742249292,-0.035859829583325835
IYLLGILLGLLLGFL,Mutant,,clash,,LLLSYLLGILLGLLLGFLILI,0.1730701959742616,LLLIYLLGILLGLLLGFLILI_2,110011001100110000,1,-55.0486,-57.3535,-44.9106,-220.004,-220.289,-239.399,-332.769,4610.46,3590.27,3510.31,-39.6539,-37.9772,-97.3706,-93.1039,-48.4597,-81.2465,41.5979,-44.1772,6.42213,4.30269,3.42666,-35.5668,-76.6759,45.1821,-43.8075,-369.509,6.5,4.10097,3.2787,2,LLLIYLLGILLGLLLGFLILI,0.8153019585849915,0.0008406517779011,D,14,35.21214405480303,23.54724455466285,19.226574123742285,8.940767219180705,55.70658299659951,42.27360584160815,-48.9109,-10.137999999999998,19.39500000000001,1020.19,-0.04794293219890412,-0.009937364608553306,0.019011164586988708,-0.038869132220468734
FYLLGVLLGLLLATL,WT,LLLFYLLGVLLLLLLATLILI,clash,,,,LLLFYLLGVLLGLLLATLILI_0,110011001100110000,1,-69.0953,-69.0397,-58.7635,-226.342,-222.175,-240.443,-335.925,4691.8,3624.22,3607.86,-39.5999,-31.3863,-80.0873,-76.0971,-36.7191,-74.6392,48.9151,-42.7334,7.17804,4.29941,3.53314,-27.1418,-71.1945,47.5262,-42.4033,-367.311,7.5,3.59521,2.8081,0,LLLFYLLGVLLGLLLATLILI,1.0924338239261062,0.0013810149772793,D,13,-43.31124848740426,-52.44111365625002,-30.90320951671679,-42.03142038536137,-25.192858661597644,-37.24073581293425,-43.3682,-10.331799999999994,14.100999999999999,1067.5800000000004,-0.04062290413833154,-0.009677775904381864,0.013208377826486066,-0.03709314524438448
AYLLGLLLGFLLGTL,WT,LLLAYLLGLLLLFLLGTLILI,clash,,,,LLLAYLLGLLLGFLLGTLILI_0,110011001100110000,1,-70.6754,-65.9749,-58.747,-220.524,-218.405,-239.727,-334.591,4547.34,3517.12,3497.32,-39.4923,-30.3773,-82.8832,-80.5887,-36.1169,-86.2948,43.4535,-35.9131,6.92225,5.31043,4.46224,-30.3388,-87.7841,38.6606,-35.7467,-364.968,7.5,4.88679,3.9667,0,LLLAYLLGLLLGFLLGTLILI,1.1854618999938966,0.0006578770480318,D,13,2696.9763069168,3142.8486399975386,280.1536976044131,340.7548602460069,4898.144950815041,5694.910566878556,-46.7663,-11.928399999999996,19.203000000000003,1030.2200000000003,-0.045394478849177834,-0.01157849779658713,0.018639708023528954,-0.03833385102211177
LYLLGVLLGTLLAFL,WT,LLLLYLLGVLLITLLAFLILI,clash,,,,LLLLYLLGVLLGTLLAFLILI_0,110011001100110000,1,-72.5273,-70.3974,-58.7368,-226.745,-217.093,-239.138,-336.748,4604.03,3652.36,3553.05,-39.4888,-28.7389,-76.9642,-77.996,-38.873,-62.8433,68.6049,-42.2409,6.30625,5.18815,4.71722,-28.7224,-64.5306,55.4034,-39.7316,-365.487,6.5792,3.65905,2.9901,0,LLLLYLLGVLLGTLLAFLILI,0.4671777144525498,0.0001514745627494,D,13,-88.1207129910594,-90.27279219160856,-84.35997212314047,-87.19335586616025,-88.27918009118251,-90.4025510241488,-38.09120000000001,-13.790499999999994,12.393,951.6699999999996,-0.04002563913961775,-0.014490842413861948,0.013022371200100882,-0.041494215431819866
ALLLGILLGTLLGFL,WT,LLLALLLIILLGTLLGFLILI,clash,,,,LLLALLLGILLGTLLGFLILI_0,110011001100110000,1,-71.3376,-71.3574,-58.7518,-219.211,-213.387,-234.228,-344.342,4463.49,3641.73,3484.43,-39.4724,-33.8939,-93.266,-93.4915,-51.3627,-91.1908,43.4247,-39.4326,6.59735,6.04095,5.19232,-33.9447,-87.213,39.461,-38.899,-378.236,6.5512,4.90918,4.00109,0,LLLALLLGILLGTLLGFLILI,1.208461059200134,0.001734289189667,D,13,-81.50781930678407,-82.22071576293534,-75.24520576993461,-76.19953373006761,-77.94303158803362,-78.79335502339244,-41.90330000000001,-12.585799999999992,15.016999999999996,821.7599999999998,-0.050992138823987565,-0.015315663940809963,0.018274191978193147,-0.04803397585669783
IFLLGTLLGLLLGVL,Mutant,,clash,,LLLAFLLGTLLGLLLGVLILI,0.2749813733557318,LLLIFLLGTLLGLLLGVLILI_0,110011001100110000,1,-68.0731,-65.5244,-58.7586,-226.474,-218.867,-235.992,-343.657,4593.0,3507.46,3390.73,-39.369,140.404,-88.479,81.1391,-48.9067,-96.1285,43.8294,-40.7532,7.24823,6.83624,5.99368,128.066,-94.1397,39.8563,-36.5769,-203.253,6.9528,6.00156,5.0994,0,LLLIFLLGTLLGLLLGVLILI,1.153678591073226,0.0008659614817502,D,14,-95.12074495588456,-96.05133345004334,-91.47656084514988,-93.1021808089458,-92.61607398005518,-94.02436203504575,-39.5723,-9.314499999999995,9.518,1085.54,-0.03645402288262063,-0.008580522136448216,0.008767986439928516,-0.03626674281924204
ALLLGILLGTLLIFL,Mutant,,clash,,LLLALLLGILLGTLLGFLILI,0.5764551255220791,LLLALLLGILLGTLLIFLILI_0,110011001100110000,1,-66.6815,-71.3574,-58.7518,-232.805,-218.614,-239.448,-356.016,4519.09,3768.12,3446.19,-39.35,781327.0,-95.8794,781261.0,-57.8167,-96.2053,48.7611,-52.6743,6.68794,7.51353,6.74495,493925.0,-87.213,39.461,-38.899,780971.0,6.5512,4.90918,4.00109,0,LLLALLLGILLGTLLIFLILI,0.6320059336780548,0.0010064657168507,D,14,0.6291717591940492,-11.390951294699668,-1.988322482539521,-13.695786668945132,15.801307942393793,1.9688779726793948,-38.06270000000001,-7.929699999999997,6.643000000000001,750.9700000000003,-0.050684714435996106,-0.010559276668841624,0.008845892645511803,-0.0523988974259957
TLLLGILLGVLLGAL,WT,LLLTLLLIILLGVLLGALILI,clash,,,,LLLTLLLGILLGVLLGALILI_2,110011001100110000,1,-56.1387,-56.8685,-44.8956,-219.733,-216.922,-236.182,-350.061,4466.33,3681.32,3602.32,-39.2896,-31.1164,-113.478,-107.386,-68.9836,-93.4289,42.7392,-43.5662,6.85637,6.28412,5.42521,-32.1308,-90.0074,38.3333,-42.1317,-382.247,6.7822,5.1761,4.2511,2,LLLTLLLGILLGVLLGALILI,1.1716900399426722,0.0021342120853673,D,13,-91.2649381085078,-90.97318377623084,-85.20142169587858,-84.70714364892254,-87.29141623706185,-86.86694478900573,-44.4944,-11.243099999999998,16.448999999999984,785.0099999999998,-0.05668004229245489,-0.014322237933274737,0.020953873199067514,-0.05004980828269705
LLLLGVLLGFLLGTL,Mutant,,clash,,LLLALLLGVLLGFLLGTLILI,0.2742118588061688,LLLLLLLGVLLGFLLGTLILI_1,110011001100110000,1,-68.8816,-66.255,-58.7215,-219.719,-218.262,-235.986,-345.254,4626.54,3627.47,3634.14,-39.2844,1.34674,-95.9384,-59.3905,-50.5462,-83.5896,45.3929,-43.0322,7.16094,5.16648,4.34738,-24.5198,-80.2804,39.355,-44.6447,-370.669,7.3257,3.85498,2.9453,1,LLLLLLLGVLLGFLLGTLILI,1.0401271485505852,0.0010817572963188,D,16,-90.03821047679618,-91.8133158000276,-86.05656456874799,-88.54116499124204,-87.99860325742883,-90.13714906732854,-45.3922,-10.160100000000007,16.266999999999996,999.0700000000002,-0.0454344540422593,-0.01016955768865045,0.01628214239242495,-0.03932096850070565
LYLLATLLGILLAFL,WT,LLLLYLLATLLGILLLFLILI,clash,,,,LLLLYLLATLLGILLAFLILI_0,110011001100110000,1,-69.9167,-70.483,-58.733,-228.852,-223.65,-241.7,-341.459,4615.6,3808.35,3566.18,-39.2473,-34.2115,-81.9368,-81.5373,-41.0256,-65.3642,53.7323,-43.9125,6.70518,3.5585,2.86448,-32.9534,-64.8623,49.1543,-41.4031,-375.67,6.6483,2.86518,2.1025,0,LLLLYLLATLLGILLAFLILI,0.194761824170116,0.0008540071713824,D,13,-94.09527888007312,-95.47852342433208,-92.42978376392354,-94.20318848444032,-94.45970718874597,-95.75758047507304,-40.91120000000001,-11.183700000000009,12.847999999999985,807.2500000000005,-0.050679715082068734,-0.013854072468256429,0.015915763394239675,-0.0486185196655311
ALLLGILLGVLLGTL,WT,LLLALLLIILLGVLLGTLILI,clash,,,,LLLALLLGILLGVLLGTLILI_0,110011001100110000,1,-70.8917,-70.9803,-58.7478,-220.607,-210.744,-231.821,-354.962,4414.92,3640.98,3555.29,-39.2052,-31.1934,-102.668,-104.431,-64.3925,-91.0475,43.8939,-45.0132,6.96159,6.08281,5.24121,-30.9114,-86.55,35.742,-43.5248,-386.155,6.8226,4.30767,3.3438,0,LLLALLLGILLGVLLGTLILI,1.1186653267829645,0.0004153499223788,D,13,-82.32053307894964,-83.63950968309535,-72.71862521727066,-74.75395214358804,-74.57893959143045,-76.47547776654677,-38.27550000000001,-12.143900000000002,11.213999999999999,773.94,-0.0494553841383053,-0.015691009638990103,0.014489495309713928,-0.050656640049616244
ALLLGFLLGILLGTL,WT,LLLALLLGFLLLILLGTLILI,clash,,,,LLLALLLGFLLGILLGTLILI_0,110011001100110000,1,-73.1188,-72.2184,-58.7265,-213.502,-213.28,-234.233,-344.339,4443.2,3472.67,3446.8,-39.186,-35.6513,-96.905,-94.4923,-51.3801,-69.9138,52.4534,-36.7377,6.55971,4.06828,3.35508,-35.202,-68.1464,52.7276,-38.529,-379.991,6.6534,3.84019,3.1311,0,LLLALLLGFLLGILLGTLILI,1.1340125408069957,0.0044537267372879,D,13,-69.68316881682736,-73.11692610235168,-66.85739195530515,-70.61120353103192,-70.7648003957537,-74.07604948469404,-45.5249,-14.392299999999992,20.730999999999995,970.5299999999997,-0.046907256859654016,-0.014829320062234032,0.02136049375083717,-0.040375877098080444
YALLAFLLGLLLGTL,WT,LLLYALLAFLLLLLLGTLILI,clash,,,,LLLYALLAFLLGLLLGTLILI_0,110011001100110000,1,-64.2022,-63.8815,-58.7014,-233.233,-231.531,-243.058,-336.19,4635.21,3640.01,3568.45,-39.1127,-36.5387,-77.8671,-77.3155,-34.4303,-67.2261,52.9315,-35.3742,7.13438,3.72967,3.02364,-36.3258,-66.7471,49.0629,-35.0,-372.728,7.0844,3.13556,2.3715,0,LLLYALLAFLLGLLLGTLILI,1.1524775741292914,0.000102668839698,D,13,-85.04390600884811,-88.22370918294754,-77.75302394093148,-82.48293571659906,-79.64135332551722,-83.96978890195768,-43.43679999999999,-5.500800000000005,9.824999999999989,995.1999999999998,-0.043646302250803855,-0.005527331189710617,0.009872387459807064,-0.03930134646302251
TLLLGILLGLLLIFL,Mutant,,clash,,LLLTLLLGILLGLLLGFLILI,1.2924277861533389,LLLTLLLGILLGLLLIFLILI_2,110011001100110000,1,-52.3367,-56.1731,-44.942,-239.354,-228.811,-247.309,-361.927,4577.2,3753.59,3439.37,-39.0507,847714.0,-109.287,847637.0,-69.676,-96.6973,41.5727,-51.1881,7.57042,6.61691,5.7405,360592.0,-88.5873,34.12,-39.5515,847352.0,7.2522,4.3943,3.4061,2,LLLTLLLGILLGLLLIFLILI,0.2923342070076699,0.0006367472062517,D,15,-38.97112599858838,-50.28006524734818,-40.042220752027376,-51.15268107266496,-33.90104177998356,-46.14949163503395,-39.611000000000004,-7.3947,7.954999999999984,823.6099999999997,-0.04809436505141999,-0.008978399970859998,0.009658697684583708,-0.04741406733769626
YLLLGALLGFLLATL,WT,LLLYLLLGALLGFLLLTLILI,clash,,,,LLLYLLLGALLGFLLATLILI_0,110011001100110000,1,-69.4167,-70.3977,-58.6881,-227.301,-218.896,-242.079,-336.177,4606.33,3754.53,3645.9,-38.9684,-27.1531,-78.4275,-74.0356,-35.4091,-82.7425,54.2518,-45.5715,6.56767,6.23538,5.54916,-26.9178,-70.2206,60.1674,-40.1718,-363.33,6.5,5.15569,4.5582,0,LLLYLLLGALLGFLLATLILI,1.218253585349223,0.0003602586967455,D,13,-92.08085184876175,-93.70899087357054,-87.74675433068091,-90.26596309831436,-89.40084084628998,-91.57997732899568,-43.01839999999999,-10.728600000000007,14.77800000000002,851.7999999999997,-0.05050293496125852,-0.012595210143226123,0.017349142991312544,-0.045748297722470084
IFLLGLLLGTLLGIL,Mutant,,clash,,LLLAFLLGLLLGTLLGILILI,0.4798882753136146,LLLIFLLGLLLGTLLGILILI_0,110011001100110000,1,-70.2098,-62.9011,-58.7594,-220.347,-210.724,-237.401,-347.155,4558.61,3469.14,3559.55,-38.9356,-12.4599,-95.5339,-85.9898,-50.9948,-85.6969,50.8377,-38.0429,6.85093,6.21763,5.4802,-13.9143,-87.7841,38.6606,-35.7467,-359.615,7.5,4.88679,3.9667,0,LLLIFLLGLLLGTLLGILILI,1.1084539379335323,0.0007308280773327,D,14,-89.51425331826154,-91.74051548911932,-82.6758971905532,-86.35403246306467,-84.41744298929737,-87.72582514376789,-44.539100000000005,-11.450400000000002,17.054000000000002,1089.4699999999998,-0.04088143776331612,-0.010510064526788258,0.015653482886174016,-0.03573811119168037
LFLLGLLLGTLLGVL,Mutant,,clash,,LLLAFLLGLLLGTLLGVLILI,0.3339976406057143,LLLLFLLGLLLGTLLGVLILI_0,110011001100110000,1,-70.1669,-72.8441,-58.6456,-216.071,-208.263,-236.714,-345.346,4591.06,3480.0,3376.64,-38.9193,-10.2637,-98.0277,-74.5019,-49.9859,-73.6247,48.9221,-38.4688,7.21695,4.14818,3.38201,-13.4563,-70.7932,46.6401,-35.0,-355.609,7.2306,3.4154,2.615,0,LLLLFLLGLLLGTLLGVLILI,1.125375063175878,0.000762149145381,D,16,-90.63454961305236,-93.96642400936436,-84.94754459473435,-90.30264111377946,-87.42005990737083,-91.89552863231177,-48.041799999999995,-11.521299999999997,20.643,1111.0600000000004,-0.04323960902201499,-0.010369647003762167,0.01857955465951433,-0.035028981333141314
VFLLGTLLGILLALL,WT,LLLVFLLGTLLIILLALLILI,clash,,,,LLLVFLLGTLLGILLALLILI_2,110011001100110000,1,-69.3833,-66.6825,-58.7536,-225.584,-224.143,-237.96,-349.919,4589.45,3533.62,3573.08,-38.6426,-31.4812,-93.5939,-90.5742,-53.2054,-70.1806,54.8079,-42.6378,6.28485,4.42616,3.74828,-32.692,-65.0104,55.0216,-43.8705,-382.567,6.506,3.67948,3.0048,2,LLLVFLLGTLLGILLALLILI,1.160988265354222,0.0013767512174043,D,13,-96.15409722711698,-97.38644794002548,-94.33542766710244,-96.15053849153318,-95.67834639431726,-97.063142947017,-40.38850000000001,-10.629700000000007,12.376000000000005,1055.83,-0.0382528437343133,-0.010067624522887215,0.011721583967115923,-0.036599263138952294
AVLLGSLLGILLTLL,WT,LLLAVLLGSLLIILLTLLILI,clash,,,,LLLAVLLGSLLGILLTLLILI_0,110011001100110000,1,-82.5237,-80.5639,-74.0355,-223.505,-216.108,-235.61,-375.012,4420.89,3577.07,3587.02,-38.4342,-25.8156,-107.417,-104.156,-65.3669,-78.1353,60.1244,-44.5468,6.54198,6.33708,5.73895,-25.1553,-69.2457,60.3937,-41.8114,-400.828,6.8012,5.04,4.4459,0,LLLAVLLGSLLGILLTLLILI,1.432515551147664,0.008012104528336,D,13,-80.44280200930295,,-73.99341247312161,,-79.6526688307365,,-42.0501,-8.488200000000006,12.105000000000018,843.8200000000002,-0.04983302126045838,-0.010059254343343373,0.014345476523429187,-0.04554786565855276
ALLLGLLLGVLLGTL,WT,LLLALLLILLLGVLLGTLILI,clash,,,,LLLALLLGLLLGVLLGTLILI_0,110011001100110000,1,-73.3067,-73.1782,-58.7166,-211.512,-208.577,-231.853,-357.856,4476.06,3554.64,3444.03,-38.3814,-36.2015,-111.419,-112.302,-67.2857,-80.8142,59.9185,-35.1197,6.7634,6.71112,6.1099,-36.1176,-78.1087,59.6093,-35.0,-394.057,6.7754,6.26356,5.6577,0,LLLALLLGLLLGVLLGTLILI,1.224432673419901,0.0011461742945013,D,13,-67.08761608632018,-68.32916788504811,-52.731259279124565,-54.51437502727353,-52.846810488144826,-54.62556730526708,-44.13329999999999,-14.590100000000007,20.341000000000008,921.4200000000005,-0.04789705020511815,-0.015834364350676127,0.0220757092314037,-0.04165462004297712
ALLLGILLGVLLITL,Mutant,,clash,,LLLALLLGILLGVLLGTLILI,0.1058237317511452,LLLALLLGILLGVLLITLILI_0,110011001100110000,1,-66.7609,-70.9803,-58.7478,-229.597,-215.975,-237.051,-366.251,4470.12,3637.1,3485.3,-38.3263,30831.7,-108.219,30752.4,-70.4516,-94.3857,46.288,-54.2491,7.02141,6.90674,6.10106,29975.8,-86.55,35.742,-43.5248,30465.4,6.8226,4.30767,3.3438,0,LLLALLLGILLGVLLITLILI,1.0128415950318193,0.0008341784894396,D,14,-46.12808990035507,-50.602774593823895,-38.659478413525015,-43.75451760045376,-32.08895978926215,-37.72975647878842,-37.767399999999995,-8.013100000000009,7.453999999999979,833.02,-0.045337927060574774,-0.009619336870663379,0.008948164509855682,-0.0460088593311085
LLLLGVLLGTLLGFL,Mutant,,clash,,LLLALLLGVLLGTLLGFLILI,0.6743727111337381,LLLLLLLGVLLGTLLGFLILI_0,110011001100110000,1,-63.0795,-70.1212,-58.7067,-232.334,-210.011,-235.981,-347.864,4558.89,3801.92,3509.63,-38.3255,1245.27,-90.7753,1177.53,-53.1764,-97.6879,50.1856,-48.4069,6.98058,7.92823,7.18102,1198.35,-97.484,35.8407,-36.8474,897.402,6.7321,5.96109,4.9987,0,LLLLLLLGVLLGTLLGFLILI,0.3422178015062863,0.0009432282340654,D,16,-24.798450587833155,-39.35912073957383,-25.98467126056673,-40.3156630602274,-16.669386074878282,-32.80402149649152,-37.5989,-4.372800000000005,3.6469999999999914,756.9700000000003,-0.04967026434336894,-0.005776715061363071,0.004817892386752435,-0.05063014386303286
ILLLGFLLGTLLGVL,Mutant,,clash,,LLLALLLGFLLGTLLGVLILI,0.4697600122675122,LLLILLLGFLLGTLLGVLILI_0,110011001100110000,1,-71.8833,-74.3611,-58.6723,-221.113,-200.637,-235.154,-345.933,4504.01,3470.44,3381.87,-38.1835,209.549,-91.1199,138.615,-52.1065,-84.409,63.0486,-40.8676,7.30565,7.67291,7.11864,164.275,-85.1121,47.6719,-35.0,-136.383,7.4675,5.70252,4.9176,0,LLLILLLGFLLGTLLGVLILI,0.7753923631923926,0.0002595971528201,D,14,69.67485128711866,45.16295847602344,22.73912529255526,5.007751078425603,87.2968238126544,60.23919191064895,-39.013400000000004,-13.211000000000006,14.040999999999997,1033.5700000000002,-0.03774625811507687,-0.012781911239683818,0.013584953123639418,-0.036943312983155466
LVLLGILLGLLLGFL,Mutant,,clash,,LLLAVLLGILLGLLLGFLILI,0.5587991987464493,LLLLVLLGILLGLLLGFLILI_0,110011001100110000,1,-56.2096,-56.7342,-44.9348,-218.054,-205.983,-237.284,-344.68,4555.57,3544.32,3425.05,-38.0461,-21.2503,-108.462,-103.214,-62.4614,-73.6948,53.0959,-40.8139,6.83673,4.72218,4.01862,-20.7185,-78.3112,37.3108,-36.9447,-365.931,6.8995,3.28364,2.3433,0,LLLLVLLGILLGLLLGFLILI,0.8087790244661257,0.0002366453660622,D,16,-50.03740348044066,-56.42307219935133,-44.009771861533146,-51.1658260559646,-39.09355329045577,-46.87794438752132,-46.000600000000006,-11.274799999999999,19.22999999999999,1011.2499999999995,-0.045488850432632906,-0.011149369592089002,0.019016069221260815,-0.03762284301606924
LILLGVLLGLLLGFL,Mutant,,clash,,LLLAILLGVLLGLLLGFLILI,0.5597822800118779,LLLLILLGVLLGLLLGFLILI_2,110011001100110000,1,-54.5876,-54.295,-44.9261,-220.387,-214.126,-236.658,-344.091,4555.61,3674.12,3477.23,-37.9861,-25.4907,-107.103,-101.161,-62.5074,-87.4334,36.4739,-50.4703,7.58048,4.53899,3.58609,-26.7339,-83.7055,31.7125,-44.5563,-370.892,7.4442,3.33701,2.3127,2,LLLLILLGVLLGLLLGFLILI,0.6056554522822322,0.0008936323682677,D,16,-41.38526751706835,-53.097231174391645,-36.9249695288907,-49.52815704283709,-33.36118430995047,-46.676461109280666,-44.5956,-9.661500000000004,16.270999999999987,881.4899999999998,-0.05059115815267332,-0.010960419290065691,0.01845851909834484,-0.04309305834439416
AYLLGLLLGFLLATL,WT,LLLAYLLGLLLIFLLATLILI,clash,,,,LLLAYLLGLLLGFLLATLILI_1,110011001100110000,1,-72.8111,-70.4774,-58.7236,-223.581,-220.854,-241.133,-339.095,4557.11,3597.86,3582.68,-37.9251,-4.55224,-80.6279,-52.3162,-39.2382,-89.187,48.5266,-38.8408,6.86252,6.42915,5.65705,-26.148,-87.2227,45.9146,-36.9014,-366.412,7.4937,5.78188,4.9706,1,LLLAYLLGLLLGFLLATLILI,2.19161916152958,0.0084659325066058,D,13,115.40792400612892,130.82134396402014,85.17558736979667,98.42574567872984,263.075793057313,289.0555229152431,-41.3897,-14.087499999999999,17.55200000000002,959.2499999999995,-0.04314798019285902,-0.014685952567109726,0.01829762835548609,-0.03953620015637219
ALLLGTLLGILLSFL,WT,LLLALLLITLLGILLSFLILI,clash,,,,LLLALLLGTLLGILLSFLILI_2,110011001100110000,1,-80.2757,-71.1711,-74.0552,-226.349,-221.681,-238.337,-360.942,4462.91,3691.06,3537.51,-37.9038,-25.5967,-92.2209,-93.6861,-48.5498,-82.6319,52.9974,-40.6575,6.70266,6.04944,5.3444,-19.6844,-70.183,60.097,-37.4728,-380.735,7.1099,5.14054,4.54199,2,LLLALLLGTLLGILLSFLILI,1.1564973629153068,0.0021084082379101,D,13,-94.59730704345571,-95.7246958499596,-93.20774988830934,-94.62509986701194,-94.98389463183292,-96.03061357177668,-43.6711,-6.220500000000001,11.988,771.8499999999999,-0.05657977586318586,-0.008059208395413619,0.01553151519077541,-0.04910772818552828
LVLLGILLGTLLAFL,WT,LLLLVLLLILLGTLLAFLILI,clash,,,,LLLLVLLGILLGTLLAFLILI_1,110011001100110000,1,-66.9988,-66.6815,-58.7441,-224.544,-226.147,-237.636,-350.073,4522.32,3684.92,3554.35,-37.7958,-35.0007,-96.3251,-92.2443,-53.6926,-80.2901,53.7619,-42.7284,6.72989,5.80137,5.1078,-29.4768,-71.59,53.248,-43.6275,-379.469,6.8881,4.42698,3.7257,1,LLLLVLLGILLGTLLAFLILI,0.4532513983850657,0.0050696532313347,D,13,-21.7987267622165,-35.10756699006751,-29.64310507385456,-41.61693407600638,-31.042819679229872,-42.7784354493428,-42.63250000000001,-8.2547,13.091999999999985,837.3999999999996,-0.05091055648435637,-0.009857535228086939,0.015634105564843553,-0.045134702651062834
WTLLALLLGILLGFL,WT,LLLWTLLALLLGILLIFLILI,clash,,,,LLLWTLLALLLGILLGFLILI_2,110011001100110000,1,-68.4535,-56.6545,-44.9318,-228.735,-226.608,-248.026,-343.334,4703.4,3627.35,3647.97,-37.7933,-26.5929,-83.9388,-86.6645,-50.3758,-62.3126,44.7263,-47.981,6.12394,1.88494,1.05583,-26.5203,-59.7943,45.2097,-45.0,-370.52,6.5,1.57245,0.750595,2,LLLWTLLALLLGILLGFLILI,0.2719596891777557,0.0005567036632837,D,13,121.67340002284745,109.38206613772714,42.505562559184085,34.603922354625055,113.46415784783945,101.62800954884015,-33.563,-23.521700000000003,19.290999999999997,1076.0499999999997,-0.031190929789507934,-0.02185930021839135,0.017927605594535573,-0.0351222526834255
ALLLGLLLGTLLAFL,WT,LLLALLLLLLLGTLLAFLILI,clash,,,,LLLALLLGLLLGTLLAFLILI_0,110011001100110000,1,-72.3982,-70.0591,-58.6918,-220.067,-213.368,-235.42,-351.184,4521.18,3618.2,3500.84,-37.7152,-27.9252,-96.4335,-95.6819,-57.0723,-82.6722,60.6066,-37.5369,6.62022,7.08272,6.49182,-27.9142,-77.6236,58.3724,-37.459,-379.109,6.7222,6.02381,5.3994,0,LLLALLLGLLLGTLLAFLILI,1.0348822339076085,0.0008284223904845,D,13,-83.78278613896265,-86.61463156839896,-77.49444592374743,-81.42435959411513,-81.50916554135418,-84.73802997496595,-39.3612,-13.706400000000002,15.35299999999998,902.9800000000005,-0.04359033422667166,-0.015179073733637506,0.017002591419521998,-0.04176748100733126
IFLLGTLLGVLLGLL,Mutant,,clash,3.0,LLLAFLLGTLLGVLLGLLILI,0.1956674092892474,LLLIFLLGTLLGVLLGLLILI_2,110011001100110000,1,-66.2478,-60.7854,-58.6867,-220.477,-218.81,-236.0,-344.209,4586.61,3732.06,3455.24,-37.694,123.206,-95.1778,58.5926,-49.5217,-88.4402,44.0096,-45.9771,7.23553,5.70733,4.86747,104.918,-94.1397,39.8563,-36.5769,-180.96,6.9528,6.00156,5.0994,2,LLLIFLLGTLLGVLLGLLILI,1.1629729810585785,0.000337013651592,D,14,-82.52075691885524,-86.7556852506548,-73.2864396900996,-79.75868868134279,-74.00592884690565,-80.3038576458822,-45.6561,-7.561099999999996,15.522999999999996,854.5499999999997,-0.053427066877303864,-0.008848048680592123,0.01816511614299924,-0.044109765373588454
LLLLGTLLGLLLGFL,Mutant,,clash,,LLLALLLGTLLGLLLGFLILI,0.8347152298490881,LLLLLLLGTLLGLLLGFLILI_0,110011001100110000,1,-63.4529,-67.3652,-58.6905,-223.27,-208.035,-237.416,-354.506,4579.4,3633.85,3378.16,-37.6788,273.332,-105.462,194.226,-58.4001,-58.8496,69.3553,-46.8509,6.60421,4.6904,4.23073,253.183,-63.8279,50.3554,-37.6016,-81.1746,6.5149,2.87217,2.1275,0,LLLLLLLGTLLGLLLGFLILI,0.4226947458919102,0.0010346369241582,D,16,-47.28482857817201,-58.75431135578432,-46.18112473624114,-57.89074544502538,-40.05753743843923,-53.09949525540296,-47.0619,-4.7623999999999995,14.145999999999987,945.5499999999997,-0.04977198455925125,-0.0050366453386917675,0.014960604938924425,-0.03984855375178469
YFLLGILLGLLLITL,Mutant,,clash,,LLLYFLLGILLGLLLATLILI,1.1922424752369956,LLLYFLLGILLGLLLITLILI_0,110011001100110000,1,-60.9463,-66.3943,-58.7859,-245.759,-229.415,-246.102,-345.981,4689.51,3762.77,3540.53,-37.4747,995.821,-76.7501,945.649,-41.0928,-84.8131,56.8883,-49.142,7.73177,6.90188,6.2552,972.48,-78.7668,42.2799,-44.9187,649.84,6.9365,4.0228,3.157,0,LLLYFLLGILLGLLLITLILI,0.0490347282464635,0.0014201390011042,D,15,602.5166990759055,538.5564891286334,104.2795249217116,85.68101855295417,583.3082447926361,521.0968570019569,-35.657300000000006,-2.1604000000000028,0.34300000000001774,926.7400000000002,-0.03847605585169519,-0.002331182424412459,0.00037011459524787714,-0.04043712368085978
IILLGVLLGLLLGFL,Mutant,,clash,,LLLAILLGVLLGLLLGFLILI,0.7075903901790627,LLLIILLGVLLGLLLGFLILI_0,110011001100110000,1,-53.0389,-55.3987,-44.9261,-223.685,-208.685,-235.914,-342.008,4520.86,3665.74,3491.37,-37.3352,-23.1193,-102.619,-101.044,-61.1682,-78.5994,48.3394,-49.6595,7.53773,4.81572,4.04081,-23.2143,-83.7055,31.7125,-44.5563,-365.128,7.4442,3.33701,2.3127,0,LLLIILLGVLLGLLLGFLILI,0.4578473421150474,0.0008265628816526,D,14,71.61209779280048,58.35948266185223,24.751037533909766,15.11723252314936,101.65606628120238,86.0833282888469,-41.4508,-8.1128,12.228999999999985,855.1199999999999,-0.04847366451492189,-0.009487323416596503,0.014300916830386362,-0.04366077275703995
TALLGILLGLLLGFL,WT,LLLTALLGILLLLLLGFLILI,clash,,,,LLLTALLGILLGLLLGFLILI_2,110011001100110000,1,-58.2487,-57.0753,-44.9667,-220.139,-219.222,-241.363,-343.469,4510.87,3573.46,3437.25,-37.2898,-36.9877,-102.372,-104.159,-57.1393,-82.8323,49.0947,-39.3557,6.50469,5.55263,4.78905,-36.1421,-80.1891,50.0903,-39.6088,-379.698,6.6695,5.29055,4.5419,2,LLLTALLGILLGLLLGFLILI,1.1038453202525944,0.0016493945122362,D,13,-73.67863651660888,-76.0437516163492,-66.5167036479272,-69.52535667007545,-66.33447522288274,-69.3595024423611,-45.2327,-13.281999999999996,21.22399999999999,937.4099999999999,-0.048252845606511566,-0.014168826874046574,0.022641106879593767,-0.039779605508795515
LFLLGVLLGILLGLL,Mutant,,clash,,LLLAFLLGVLLGILLGLLILI,0.230538023372588,LLLLFLLGVLLGILLGLLILI_0,110011001100110000,1,-53.3403,-53.5625,-44.9468,-220.303,-212.734,-233.653,-339.741,4598.01,3588.84,3593.4,-37.2859,-26.3796,-103.384,-99.824,-61.1409,-67.0947,51.6754,-42.8147,6.58763,3.54038,2.81551,-25.3387,-69.6978,38.4736,-44.8571,-366.121,6.5368,2.1486,1.2257,0,LLLLFLLGVLLGILLGLLILI,1.164061555721241,0.0014298767564041,D,16,-93.49420620641683,-95.2436320463832,-91.36607074490271,-93.68775806216854,-93.07684530025394,-94.93850063549776,-42.2431,-8.393499999999996,13.349999999999994,1009.1700000000001,-0.04185925067134377,-0.008317230991805142,0.013228692886233235,-0.03694709513758831
ILLLGVLLGLLLGFL,Mutant,,clash,,LLLALLLGVLLGLLLGFLILI,0.1940229082780806,LLLILLLGVLLGLLLGFLILI_2,110011001100110000,1,-54.9037,-54.1493,-44.9306,-220.908,-220.567,-236.059,-344.872,4576.45,3661.13,3561.8,-37.2247,-29.7312,-106.286,-99.887,-63.8824,-80.7808,35.1109,-42.1077,7.09483,3.3571,2.38376,-27.5602,-77.4724,32.2036,-43.8153,-372.276,7.0393,2.46835,1.4514,2,LLLILLLGVLLGLLLGFLILI,1.140323312876932,0.0002751535530778,D,14,-87.36917622139016,-90.31668049167928,-81.95351447698641,-86.164806952848,-83.04857542293963,-87.00432662366364,-42.403600000000004,-9.973100000000002,15.15100000000001,915.3199999999997,-0.04632653061224492,-0.010895752305204743,0.0165526810295853,-0.040668509373770936
LVLLGLLLGLLLGFL,Mutant,,clash,,LLLAVLLGLLLGLLLGFLILI,1.015313739873042,LLLLVLLGLLLGLLLGFLILI_1,110011001100110000,1,-56.3557,-52.7613,-44.9261,-221.036,-222.7,-237.317,-347.19,4609.82,3587.68,3589.19,-37.0944,-2.10786,-106.893,-73.8363,-64.9469,-83.569,39.5665,-38.767,6.65242,4.37682,3.47032,-20.9195,-77.4724,32.2036,-43.8153,-368.911,7.0393,2.46835,1.4514,1,LLLLVLLGLLLGLLLGFLILI,0.5974987322742035,0.000841570037081,D,16,-38.54732197606176,-45.96894648495684,-34.07602384205029,-42.03764590491738,-24.7187973435517,-33.81048930328298,-41.9461,-11.4296,16.281000000000006,1022.1399999999999,-0.04103752910560198,-0.011182029858923437,0.015928346410472156,-0.036290919052184636
AYLLGVLLGFLLGLL,WT,LLLAYLLGVLLLFLLGLLILI,clash,,,,LLLAYLLGVLLGFLLGLLILI_1,110011001100110000,1,-57.2019,-54.8368,-44.8823,-218.463,-218.254,-239.758,-324.689,4598.83,3537.35,3547.56,-37.0067,-33.3061,-86.0305,-84.9039,-40.0487,-80.3155,47.9074,-39.2723,7.17182,5.01483,4.23344,-31.8139,-79.0932,48.1108,-39.972,-360.848,7.1758,4.85894,4.0806,1,LLLAYLLGVLLGFLLGLLILI,1.292565923138956,0.0008762084073221,D,13,661.4082228384549,740.7998913314146,170.54304870571806,198.75244202675148,998.3392205096708,1112.8625217717065,-45.98180000000001,-12.319600000000001,21.295000000000016,1061.48,-0.043318574066397865,-0.011606059464144404,0.020061612088781714,-0.03486330406602103
ILLLGLLLGTLLGFL,Mutant,,clash,,LLLGLLLGLLLGTLLGFLILI,0.8642419477303818,LLLILLLGLLLGTLLGFLILI_0,110011001100110000,1,-70.3662,-73.3532,-58.6416,-220.766,-199.751,-236.667,-351.983,4585.12,3572.9,3454.76,-36.8502,522.063,-97.7014,443.184,-56.6745,-86.4569,65.6426,-41.3148,6.55928,8.33029,7.81493,328.551,-81.7407,58.0906,-35.0,170.08,6.5862,6.60334,5.9747,0,LLLILLLGLLLGTLLGFLILI,0.3015210276022166,0.001136160481954,D,14,11.99102805315536,-8.815945456989347,-6.562138990428664,-23.92209302128156,14.912196123274692,-6.4375053866951815,-41.026900000000005,-11.72460000000001,15.90100000000001,1012.2199999999998,-0.04053160380154513,-0.011583055067080291,0.015709035585149488,-0.03640532690521824
AVLLGLLLGTLLGFL,WT,LLLAVLLLLLLGTLLGFLILI,clash,,,,LLLAVLLGLLLGTLLGFLILI_0,110011001100110000,1,-72.5724,-68.6925,-58.7059,-217.759,-212.159,-233.381,-341.122,4456.26,3607.33,3437.28,-36.8247,-27.8868,-87.6158,-88.1573,-49.0352,-86.2463,40.8204,-38.3081,6.86203,4.94769,4.06,-27.7493,-84.6258,35.2029,-35.5813,-369.009,7.1166,3.94626,2.9743,0,LLLAVLLGLLLGTLLGFLILI,0.8422500750763644,0.0032604346853154,D,13,207.9391646238069,252.33059561336825,96.3921656609898,124.70337212763332,317.22816499280964,377.374315339766,-38.58059999999999,-13.866500000000002,15.622000000000014,848.9300000000003,-0.045446149859234536,-0.016334091150035923,0.018401988385379254,-0.043377781442521746
LFLLGLLLGVLLGTL,Mutant,,clash,,LLLAFLLGLLLGVLLGTLILI,0.0957311885215448,LLLLFLLGLLLGVLLGTLILI_0,110011001100110000,1,-69.2114,-73.3295,-58.7316,-216.064,-210.959,-236.841,-344.994,4610.77,3460.56,3340.99,-36.8157,219.359,-96.534,158.653,-49.4214,-89.3533,40.6581,-42.494,7.03895,5.39184,4.50171,198.111,-83.578,48.738,-35.1079,-125.635,6.9512,5.61633,4.8474,0,LLLLFLLGLLLGVLLGTLILI,1.2313390447361323,0.0012163201414481,D,16,-91.2008240507108,-93.65365044113888,-84.71162557389917,-88.97335740824384,-87.35097928399443,-90.87697444582504,-47.11260000000001,-10.479799999999997,20.777000000000015,1150.2100000000005,-0.04095999860894966,-0.009111205779814115,0.018063657940723874,-0.032007807269976776
LLLLGVLLGLLLGFL,Mutant,,clash,,LLLALLLGVLLGLLLGFLILI,0.4917543306109041,LLLLLLLGVLLGLLLGFLILI_1,110011001100110000,1,-55.691,-53.4415,-44.9306,-217.446,-217.835,-236.824,-347.019,4600.33,3614.55,3569.94,-36.7859,-30.8044,-110.668,-106.547,-65.2651,-78.8538,36.4203,-40.8665,7.16289,3.24481,2.29112,-28.8717,-77.4724,32.2036,-43.8153,-377.142,7.0393,2.46835,1.4514,1,LLLLLLLGVLLGLLLGFLILI,0.8425918905441084,0.0002783120987156,D,16,-79.24602178094389,-84.93714615927512,-70.46271534409163,-78.56238467016811,-73.37049096447626,-80.67279447734721,-45.4029,-10.760400000000004,19.378000000000014,985.7799999999997,-0.046057842520643565,-0.01091562011807909,0.019657530077704984,-0.03731654121609285
FLLLGILLGVLLATL,WT,LLLFLLLGILLIVLLATLILI,clash,,,,LLLFLLLGILLGVLLATLILI_1,110011001100110000,1,-68.4554,-66.6448,-58.7766,-221.045,-222.014,-235.822,-348.388,4569.64,3520.83,3591.19,-36.7687,-35.9504,-95.6566,-95.6794,-53.789,-75.1876,57.4104,-39.2528,6.70761,5.52854,4.88969,-32.6415,-72.9898,49.7856,-44.4885,-381.848,6.6061,4.16952,3.4163,1,LLLFLLLGILLGVLLATLILI,1.430982544800594,0.0044026611820529,D,13,-78.66072363324848,-76.60010434153197,-71.07928789742559,-68.28657008148328,-72.72600422823233,-70.0923009627802,-41.867599999999996,-9.678799999999995,14.777000000000015,1048.8100000000004,-0.03991914646122747,-0.009228363573955237,0.014089301208035783,-0.03505754140406746
SYLLATLLGALLFLL,WT,LLLSYLLLTLLGALLFLLILI,clash,,,,LLLSYLLATLLGALLFLLILI_2,110011001100110000,1,-83.6486,-73.6049,-58.746,-230.769,-231.88,-251.994,-352.265,4630.26,3752.58,3710.71,-36.7205,-20.8004,-74.5679,-67.5811,-41.5257,-59.259,57.255,-43.3784,6.92391,3.11828,2.47711,-21.455,-54.8108,60.9952,-45.0,-382.384,6.8684,2.95597,2.3709,2,LLLSYLLATLLGALLFLLILI,0.4345410642002925,0.0002503552795652,D,13,-97.98595297574,-97.87579916076751,-97.21902404389968,-97.06692475961222,-97.31195375300852,-97.16493705212618,-33.042199999999994,-24.9026,21.224999999999994,877.6800000000003,-0.03764720627107828,-0.028373211193145557,0.024183073557560827,-0.04183814146385925
TVLLGILLGLLLGFL,WT,LLLTVLLGILLLLLLGFLILI,clash,,,,LLLTVLLGILLGLLLGFLILI_2,110011001100110000,1,-55.0635,-52.6996,-44.9617,-223.602,-224.248,-239.92,-343.614,4496.43,3596.4,3569.57,-36.1773,-32.8961,-101.126,-99.563,-58.7327,-78.9821,35.3506,-42.6624,6.63072,3.11965,2.14991,-33.3262,-76.9679,35.2534,-45.0,-377.194,6.6086,2.8044,1.8332,2,LLLTVLLGILLGLLLGFLILI,0.7389408690705523,0.0004805293387451,D,13,-46.84699088644294,-51.74904641416151,-35.533170055905046,-41.47864680975718,-34.28353853336621,-40.34426300724085,-42.3933,-10.101799999999997,16.317999999999984,900.0300000000002,-0.0471020965967801,-0.011223848093952419,0.018130506760885727,-0.04019566014466184
YFLLGSLLGILLLLL,Mutant,,clash,,LLLYFLLGSLLGILLALLILI,0.9218070952048012,LLLYFLLGSLLGILLLLLILI_2,110011001100110000,1,-69.7093,-68.2508,-60.2959,-235.898,-237.223,-249.836,-354.767,4762.35,3707.21,3602.29,-36.1688,450.239,-85.3283,400.946,-44.6351,-81.5991,49.7682,-51.1386,6.73919,5.45857,4.70509,422.687,-71.7752,52.5548,-41.6943,67.7797,6.762,4.36118,3.6495,2,LLLYFLLGSLLGILLLLLILI,0.0614419225421901,0.0024177393014371,D,17,151.37515535779153,117.65757396438548,51.322349572524736,31.02510249140066,140.64326032341788,108.36517498447252,-40.6932,-9.413399999999996,13.938000000000017,1055.1400000000003,-0.03856663570710994,-0.008921470136664321,0.01320962147203216,-0.03427867392004851
YLLLGILLGVLLATL,WT,LLLYLLLGILLGVLLLTLILI,clash,,,,LLLYLLLGILLGVLLATLILI_0,110011001100110000,1,-65.9136,-66.9209,-58.7788,-225.855,-223.115,-243.721,-354.9,4584.23,3575.74,3587.0,-36.0169,-33.8808,-99.1489,-98.7451,-52.4007,-70.7161,57.5435,-43.9135,6.72928,4.87579,4.23894,-33.6348,-72.9898,49.7856,-44.4885,-388.781,6.6061,4.16952,3.4163,0,LLLYLLLGILLGVLLATLILI,1.2002594481106,0.0027823927548157,D,13,-82.32920806649344,-80.50690606280384,-74.47388413059207,-71.8415011411782,-77.7666812613268,-75.47386827147268,-46.7482,-7.134800000000006,17.866000000000014,1008.4899999999998,-0.04635464902973754,-0.007074735495642006,0.017715594601830476,-0.03571369076540175
AVLLGFLLGLLLGTL,WT,LLLAVLLGFLLLLLLGTLILI,clash,,,,LLLAVLLGFLLGLLLGTLILI_2,110011001100110000,1,-69.9548,-70.2222,-58.7258,-218.689,-215.634,-233.385,-337.767,4464.54,3563.44,3553.51,-35.9896,-29.5984,-85.1125,-81.5084,-45.6559,-80.2359,50.5328,-36.881,6.6879,5.3573,4.6153,-27.3257,-73.2945,52.8302,-38.1653,-365.351,6.8167,4.62625,3.9187,2,LLLAVLLGFLLGLLLGTLILI,1.6977292641756565,0.0061528539449645,D,13,35.006215156174726,46.99262911634912,41.86728491302109,54.46285321634967,83.35237266366295,99.6311598053104,-39.456599999999995,-11.229000000000006,14.695999999999998,901.0999999999999,-0.043787149040062145,-0.012461436022639005,0.016308955720785705,-0.039939629341915445
YFLLGSLLGILLILL,Mutant,,clash,,LLLYFLLGSLLGILLALLILI,0.8736691777834548,LLLYFLLGSLLGILLILLILI_2,110011001100110000,1,-69.6318,-71.6655,-60.3253,-237.198,-230.821,-249.198,-351.282,4721.66,3681.07,3583.66,-35.7837,68.0116,-80.2363,19.2158,-41.7592,-77.228,53.968,-47.079,6.92494,5.36988,4.6794,41.4986,-71.7752,52.5548,-41.6943,-283.271,6.762,4.36118,3.6495,2,LLLYFLLGSLLGILLILLILI,0.1095798399635365,0.0008925710771212,D,15,220.0175801657332,184.56044294985736,55.77164110352075,38.51253786897566,215.23795837965136,180.3103911499661,-38.4771,-9.3065,12.0,1040.5899999999997,-0.0369762346361199,-0.008943483985046947,0.011531919391883454,-0.03438789532861167
TYLLFALLGLLLGVL,WT,LLLTYLLFALLLLLLGVLILI,clash,,,,LLLTYLLFALLGLLLGVLILI_1,110011001100110000,1,-68.3006,-68.0171,-44.9405,-226.992,-227.277,-243.981,-334.696,4593.96,3675.87,3657.66,-35.7217,-33.3199,-75.1246,-72.722,-45.7746,-52.0952,63.6377,-45.6838,6.62175,2.90537,2.35994,-28.7631,-51.1957,62.3629,-45.0,-369.575,6.503,2.59835,2.03379,1,LLLTYLLFALLGLLLGVLILI,0.6553168680250191,0.0016216842880119,D,13,-48.80250246640836,-48.4600815424222,-44.36764319252845,-43.99556088500856,-55.303973236706895,-55.00503568076961,-29.35,-23.360100000000003,16.989000000000004,918.0900000000001,-0.03196854338899236,-0.025444237493056236,0.018504721759304645,-0.038908712653443554
TFLLGILLGVLLGLL,WT,LLLTFLLGILLLVLLGLLILI,clash,,,,LLLTFLLGILLGVLLGLLILI_0,110011001100110000,1,-54.9913,-54.5471,-44.9305,-219.645,-220.11,-241.891,-340.671,4571.81,3471.02,3572.01,-35.6036,-34.069,-101.638,-100.082,-53.8493,-93.4775,38.4454,-38.7741,6.70642,5.71175,4.78844,-34.6654,-92.5815,39.7325,-40.3169,-374.74,6.7382,5.75111,4.8471,0,LLLTFLLGILLGVLLGLLILI,1.354674819474601,0.0001383882270537,D,13,-94.2791166309385,-95.92150735519252,-89.6313647489383,-92.6080641956726,-91.42890762697536,-93.8895560447195,-47.788700000000006,-10.0608,22.24599999999998,1100.7900000000004,-0.04341309423232405,-0.00913961791077317,0.020209122539267228,-0.03234368044767847
AYLLGVLLGLLLAFL,WT,LLLAYLLGVLLLLLLAFLILI,clash,,,,LLLAYLLGVLLGLLLAFLILI_1,110011001100110000,1,-56.53,-58.5939,-44.9245,-223.075,-217.561,-240.721,-332.295,4558.34,3583.78,3568.79,-35.5533,-23.7324,-88.2437,-79.8732,-46.65,-98.9406,51.6759,-33.7392,6.87798,8.31734,7.59247,-23.9546,-91.43,48.2927,-36.5962,-357.322,7.0472,6.73401,5.9584,1,LLLAYLLGVLLGLLLAFLILI,1.1911009806833617,0.0001434912997867,D,13,15.059911951549996,17.747390880251604,31.33850409814335,34.40620557908643,90.87405845535376,95.33234459023735,-41.593700000000005,-11.6055,17.646000000000015,974.56,-0.04267946560499098,-0.011908450993268756,0.018106632736824838,-0.03648138647184371
TVLLGLLLGFLLAIL,WT,LLLTVLLGLLLLFLLAILILI,clash,,,,LLLTVLLGLLLGFLLAILILI_0,110011001100110000,1,-54.0055,-46.7646,-44.9495,-228.274,-224.607,-241.065,-347.393,4520.45,3583.81,3653.44,-35.402,-17.8701,-100.516,-93.8914,-61.3787,-88.0511,43.0615,-45.7733,6.86708,5.52097,4.6669,-17.8335,-85.5593,36.5947,-45.0,-365.263,7.5,4.27418,3.3231,0,LLLTVLLGLLLGFLLAILILI,0.978615240403794,0.0024279502753329,D,13,-87.22959721592343,,-86.63285770759511,,-83.52970547211358,,-39.1373,-9.055999999999997,12.790999999999997,936.6399999999999,-0.041784783908438684,-0.00966860266484455,0.013656260676460539,-0.037796805603006495
LYLLGLLLGTLLGFL,Mutant,,clash,,LLLSYLLGLLLGTLLGFLILI,0.4599609825200658,LLLLYLLGLLLGTLLGFLILI_2,110011001100110000,1,-72.469,-73.0902,-58.7772,-219.702,-218.034,-239.374,-338.512,4636.69,3672.02,3504.39,-35.3844,-8.92232,-81.7255,-56.3095,-40.3603,-83.4721,46.1911,-39.6864,6.75371,5.25662,4.44949,-18.7648,-87.0744,32.7223,-38.1858,-357.555,6.9066,3.97867,2.9695,2,LLLLYLLGLLLGTLLGFLILI,0.4293835827388845,0.0002742850879359,D,17,-90.48115925578738,-91.1024724158485,-88.60360634378844,-89.34747101661075,-91.2965363668326,-91.86462828461032,-41.365199999999994,-13.691799999999994,19.671999999999997,964.6699999999996,-0.042880155908238064,-0.01419324743176423,0.020392465817326136,-0.03668031554832224
TALLGVLLGLLLGFL,WT,LLLTALLGVLLLLLLGFLILI,clash,,,,LLLTALLGVLLGLLLGFLILI_0,110011001100110000,1,-56.8244,-53.3625,-44.9633,-216.414,-218.584,-239.396,-339.225,4512.54,3540.96,3583.48,-35.3733,-27.0367,-101.36,-94.3156,-54.8654,-72.5069,41.7864,-35.6926,6.53115,3.0172,2.144,-27.1675,-73.5676,38.1677,-45.0,-366.262,6.5,2.68778,1.7603,0,LLLTALLGVLLGLLLGFLILI,1.1873569414857224,0.0008659638111979,D,13,-76.93620891563353,-78.89060242300837,-65.08449804915396,-68.04318901499965,-67.83452647279877,-70.56018386334854,-46.4946,-11.8611,22.982,971.5799999999999,-0.04785462854319768,-0.01220805286234793,0.023654253895716258,-0.036408015809300316
YFLLATLLGLLLGVL,WT,LLLYFLLLTLLGLLLGVLILI,clash,,,,LLLYFLLATLLGLLLGVLILI_0,110011001100110000,1,-56.611,-60.2792,-58.7388,-233.424,-228.843,-245.524,-338.28,4700.58,3596.57,3545.15,-35.1245,-23.6767,-83.3692,-72.8346,-34.017,-73.4706,41.2727,-40.7903,6.80468,3.09241,2.2115,-21.3632,-71.1719,34.5088,-41.0473,-361.956,6.9662,1.83447,0.852102,0,LLLYFLLATLLGLLLGVLILI,0.4356484939241944,0.0008230610889219,D,13,-31.32744696848089,-40.346490025195365,-34.662824104029134,-43.2438186440082,-22.100908184162734,-32.3317097511807,-49.3522,2.1278000000000006,12.099999999999994,1104.0099999999998,-0.04470267479461238,0.00192733761469552,0.010960045651760397,-0.03181538210704614
TFLLVALLGLLLGYL,WT,LLLTFLLVALLLLLLGYLILI,clash,,,,LLLTFLLVALLGLLLGYLILI_2,110011001100110000,1,-59.0265,-59.0025,-44.9273,-227.771,-226.878,-245.158,-334.419,4654.66,3719.89,3640.04,-34.9738,-32.2462,-82.595,-80.7846,-44.3336,-49.1629,69.7528,-44.1088,7.22783,3.29107,2.83736,-31.0123,-47.754,68.368,-44.8299,-366.196,7.2266,2.89278,2.4183,2,LLLTFLLVALLGLLLGYLILI,0.3037635928259311,0.0006718621297862,D,13,23.19661904151826,11.67692919668862,3.5358888311360333,-6.1453941165842965,29.252612911745786,17.166648021139927,-38.2614,-14.099199999999996,17.387,934.77,-0.04093135209730736,-0.01508306856232014,0.018600297399360272,-0.03741433721664152
YVLLGLLLGTLLAFL,WT,LLLYVLLGLLLLTLLAFLILI,clash,,,,LLLYVLLGLLLGTLLAFLILI_2,110011001100110000,1,-69.5975,-68.7155,-58.7144,-231.284,-230.618,-245.146,-341.104,4621.47,3677.06,3635.38,-34.9673,-4.70955,-75.1901,-46.4799,-37.2435,-77.778,52.3204,-41.8041,6.70689,5.22995,4.51475,-25.2288,-68.9875,54.3485,-39.7512,-366.558,6.8746,4.18517,3.5004,2,LLLYVLLGLLLGTLLAFLILI,0.2257057338820299,0.0006962678572712,D,13,-38.77695441589019,-42.02489397723373,-38.87419220602009,-42.11697321207767,-35.821959451692855,-39.22666424671955,-37.946600000000004,-10.883099999999999,13.861999999999995,944.4100000000003,-0.040180218337374646,-0.011523702629154706,0.014677947078069896,-0.037025550343600756
YGLLFVLLGILLALL,WT,LLLYGLLFVLLIILLALLILI,clash,,,,LLLYGLLFVLLGILLALLILI_0,110011001100110000,1,-52.2445,-53.3163,-45.0124,-233.982,-231.106,-246.432,-336.405,4658.88,3838.22,3755.49,-34.9125,-32.481,-85.0909,-84.464,-44.961,-62.6841,58.5896,-41.4714,7.29323,3.81221,3.19105,-31.9764,-63.0279,55.5114,-39.6932,-368.887,7.1542,3.44823,2.7809,0,LLLYGLLFVLLGILLALLILI,0.3519004184704659,0.0002105413616482,D,13,-81.25442853064403,-88.66002101889686,-79.0891908523419,-87.35017832878856,-83.3868762511906,-89.95002769427778,-40.129900000000006,-7.232100000000003,12.449999999999989,820.6600000000003,-0.04889954426924669,-0.008812541125435626,0.015170716252772139,-0.04254197840762312
TLLLGVLLGLLLIFL,Mutant,,clash,,LLLTLLLGVLLGLLLGFLILI,0.971405681685364,LLLTLLLGVLLGLLLIFLILI_2,110011001100110000,1,-50.5769,-56.6644,-44.9091,-236.689,-226.207,-245.934,-358.548,4559.02,3752.83,3439.32,-34.8799,5188120.0,-106.162,5188050.0,-67.7053,-95.5266,40.1018,-51.7304,7.75085,6.24274,5.34426,3492930.0,-87.8363,33.3963,-37.1588,5187760.0,7.4752,4.18395,3.1849,2,LLLTLLLGVLLGLLLIFLILI,0.2988444063024612,0.0009709817944618,D,15,-34.926244825305005,-42.07931582460828,-34.28958409543929,-41.51263844503442,-29.94469842473607,-37.64535354599347,-38.45670000000001,-5.6678,9.245000000000005,806.1900000000005,-0.04770178245822943,-0.007030352646398487,0.011467520063508601,-0.04326511120207392
YLLLASLLGTLLTFL,WT,LLLYLLLASLLITLLTFLILI,clash,,,,LLLYLLLASLLGTLLTFLILI_0,110011001100110000,1,-92.7363,-92.5573,-87.832,-239.221,-225.848,-248.483,-367.449,4616.61,3975.25,3733.97,-34.8177,-27.5107,-70.31,-76.5544,-31.1347,-61.5918,79.9101,-45.6609,6.8041,6.52664,6.22529,-27.7723,-63.9595,61.7605,-42.8864,-394.96,6.8445,4.43159,3.858,0,LLLYLLLASLLGTLLTFLILI,0.0420475314391761,0.0005227241813154,D,13,-40.93608796992947,-51.56788944253496,-42.0870594950628,-52.51168029955391,-40.53515372936083,-51.23912538343222,-39.17530000000001,-4.904300000000006,9.262,641.3599999999997,-0.061081607833354166,-0.007646719471123876,0.014441187476612207,-0.054287295746538636
AVLLGFLLGTLLGLL,WT,LLLAVLLLFLLGTLLGLLILI,clash,,,,LLLAVLLGFLLGTLLGLLILI_0,110011001100110000,1,-71.2945,-69.659,-58.7162,-212.427,-208.304,-233.365,-338.557,4517.9,3431.1,3447.18,-34.7431,-29.3012,-89.5784,-89.8949,-46.4762,-82.6969,47.3528,-37.3095,7.03773,5.29716,4.50745,-29.3097,-77.6262,50.1878,-35.0,-367.858,7.3742,4.91928,4.1721,0,LLLAVLLGFLLGTLLGLLILI,1.2970451805813306,0.004421608505426,D,13,1027.424071771674,1264.8353202000094,233.8784898527324,304.1861150702269,1289.960171514776,1582.655873023459,-43.1022,-12.578299999999999,20.938000000000017,1086.7999999999997,-0.03965973500184028,-0.0115737026131763,0.019265734265734285,-0.031968255428781754
LLLLGLLLGTLLGFL,Mutant,,clash,,LLLGLLLGLLLGTLLGFLILI,1.043717518537671,LLLLLLLGLLLGTLLGFLILI_0,110011001100110000,1,-69.8776,-73.3148,-58.6416,-219.553,-197.446,-237.417,-354.111,4610.23,3617.49,3433.35,-34.6995,862.901,-99.3804,779.551,-58.0523,-85.7902,66.828,-42.2482,6.59125,8.39031,7.89273,847.425,-81.7407,58.0906,-35.0,508.79,6.5862,6.60334,5.9747,0,LLLLLLLGLLLGTLLGFLILI,0.1220454567949275,0.0013587543679729,D,16,7.049113377487395,-14.539416232230574,-8.812097445138201,-27.20190631176365,2.603467457324161,-18.088511442596435,-41.32809999999999,-11.236000000000004,17.864000000000004,992.7399999999998,-0.04163033624111046,-0.011318169913572543,0.017994641094344954,-0.03495326067248223
YGLLFLLLGVLLATL,WT,LLLYGLLFLLLGVLLLTLILI,clash,,,,LLLYGLLFLLLGVLLATLILI_0,110011001100110000,1,-64.794,-65.2469,-58.8196,-236.911,-228.445,-245.692,-339.815,4676.97,3823.31,3690.5,-34.6543,-27.5967,-72.7648,-73.7201,-35.3032,-72.8745,60.675,-41.1063,7.44629,5.6223,5.03243,-27.7718,-66.6192,56.7481,-39.0395,-367.412,7.5,4.15388,3.5051,0,LLLYGLLFLLLGVLLATLILI,0.4134026815971233,0.000663138860577,D,13,-22.54942317478841,-34.89903137696304,-25.463231558452392,-37.3482287352544,-20.16741368129465,-32.89683679491785,-37.4616,-5.974399999999996,8.781000000000006,853.6600000000003,-0.04388351334254854,-0.006998570859592805,0.010286296652062885,-0.04059496755148418
TVLLGLLLGFLLIIL,Mutant,,clash,,LLLTVLLGLLLGFLLAILILI,0.6656708338984529,LLLTVLLGLLLGFLLIILILI_0,110011001100110000,1,-52.9428,-46.7646,-44.9495,-234.171,-228.658,-245.061,-354.796,4556.24,3675.71,3606.1,-34.6534,31447.9,-102.335,31368.5,-64.7853,-89.7654,44.1449,-50.5725,6.83956,5.92436,5.08653,19270.4,-85.5593,36.5947,-45.0,31093.1,7.5,4.27418,3.3231,0,LLLTVLLGLLLGFLLIILILI,0.3129444065053411,0.0008230248691427,D,15,-21.811114401717745,-34.18077936887092,-27.17488225657119,-38.69598657704877,-26.39838750730508,-38.04233511712846,-37.54969999999999,-7.993299999999998,10.890000000000015,880.5299999999997,-0.04264443005916891,-0.00907782812624215,0.012367551361112079,-0.039355161096158005
ILLLGTLLGYLLGFL,Mutant,,clash,,LLLALLLGTLLGYLLGFLILI,0.4789674000861751,LLLILLLGTLLGYLLGFLILI_0,110011001100110000,1,-69.8855,-62.5034,-58.7311,-224.964,-209.248,-239.563,-338.799,4596.06,3460.54,3499.31,-34.6525,177.924,-78.6013,110.876,-40.5046,-81.9311,62.2538,-36.9975,7.19281,7.19393,6.62774,125.578,-77.9303,55.657,-35.0,-160.875,7.3057,5.70324,5.0381,0,LLLILLLGTLLGYLLGFLILI,0.8942380708976562,0.0006485482097328,D,14,-90.78910434446698,-93.36932975749654,-85.70929932743078,-89.71251795288683,-88.01508842015797,-91.37239205139008,-38.09669999999999,-11.154399999999995,14.59899999999999,1135.5200000000004,-0.03355000352261517,-0.009823164717486253,0.012856664787938551,-0.030516855713681828
LLLLGFLLGILLGTL,Mutant,,clash,,LLLALLLGFLLGILLGTLILI,0.5347885213291899,LLLLLLLGFLLGILLGTLILI_0,110011001100110000,1,-69.8054,-72.2184,-58.7265,-224.916,-203.455,-237.384,-351.666,4542.28,3555.85,3456.4,-34.5738,130.374,-91.5179,54.3816,-55.5548,-66.3943,70.9812,-43.3118,6.46168,6.04162,5.60634,118.557,-68.1464,52.7276,-38.529,-221.292,6.6534,3.84019,3.1311,0,LLLLLLLGFLLGILLGTLILI,0.5992240194778058,0.0019743607672183,D,16,-44.087376927699296,-56.10365159530248,-51.73442858682103,-62.10726268440239,-54.5568236522331,-64.32309213970842,-35.9631,-11.078900000000004,12.46799999999999,986.4299999999998,-0.03645783279097351,-0.01123130886124713,0.012639518262826548,-0.03504942063805846
YGLLFILLGTLLTLL,Mutant,,clash,,LLLYGLLFALLGTLLTLLILI,0.2352874281827218,LLLYGLLFILLGTLLTLLILI_0,110011001100110000,1,-77.1831,-77.0418,-72.5003,-232.462,-229.694,-250.363,-354.761,4678.46,3793.23,3716.94,-34.3571,-12.6853,-79.4732,-60.7104,-31.8981,-68.2169,53.2389,-44.5211,7.30519,3.91979,3.21837,-15.8108,-63.047,55.8436,-42.2554,-367.447,7.2934,3.49594,2.83359,0,LLLYGLLFILLGTLLTLLILI,0.1325931187202788,0.000843713176354,D,15,-22.373681507551392,-39.23057866613053,-26.46615574476996,-42.43435408726858,-28.72157424182519,-44.19999851809504,-47.575100000000006,-4.6828,17.90100000000001,885.23,-0.05374320797984705,-0.005289924652350237,0.020221863244580515,-0.03881149531760108
FLLLGTLLGILLAVL,WT,LLLFLLLGTLLIILLAVLILI,clash,,,,LLLFLLLGTLLGILLAVLILI_0,110011001100110000,1,-67.4761,-67.4708,-58.7549,-220.42,-216.842,-235.938,-348.523,4574.11,3654.07,3602.78,-34.3194,-30.5068,-94.9463,-94.717,-53.8301,-69.685,57.2894,-42.5929,6.64731,4.68682,4.04616,-30.2102,-72.0387,50.2766,-42.8887,-379.03,6.71,4.09315,3.3473,0,LLLFLLLGTLLGILLAVLILI,1.6689475519417187,0.0075376556555754,D,13,-63.93263855088327,,-57.880298777079474,,-54.03209275781904,,-41.11619999999999,-8.721200000000003,15.518,920.0399999999995,-0.044689578713968975,-0.009479153080300865,0.016866657971392557,-0.037302073822877285
AFLLGVLLGILLGLL,WT,LLLAFLLIVLLGILLGLLILI,clash,,,,LLLAFLLGVLLGILLGLLILI_0,110011001100110000,1,-53.3846,-53.5625,-44.9468,-220.754,-216.425,-234.662,-335.248,4520.99,3581.94,3694.38,-34.2997,-26.3957,-95.4082,-91.6556,-55.6385,-65.3369,53.5012,-40.874,6.62036,3.52321,2.82572,-26.2352,-69.6978,38.4736,-44.8571,-361.643,6.5368,2.1486,1.2257,0,LLLAFLLGVLLGILLGLLILI,1.394599579093829,0.0019042192948827,D,13,-81.67073233047367,-86.3564389120243,-73.25080712271533,-80.08898916992526,-78.024340880691,-83.64221347799375,-39.76969999999999,-8.437799999999996,13.908000000000015,939.0499999999997,-0.04235099302486556,-0.008985464032799104,0.014810712954581778,-0.036525957084287325
LVLLGSLLGILLTLL,Mutant,,clash,,LLLAVLLGSLLGILLTLLILI,0.9147392022328372,LLLLVLLGSLLGILLTLLILI_0,110011001100110000,1,-78.9029,-80.5639,-74.0355,-227.288,-210.884,-238.703,-382.199,4522.23,3695.25,3630.31,-34.2221,-14.8181,-110.231,-105.569,-69.4606,-67.8398,77.8917,-45.9067,6.82584,7.19135,6.85972,-16.5264,-69.2457,60.3937,-41.8114,-397.017,6.8012,5.04,4.4459,0,LLLLVLLGSLLGILLTLLILI,0.5177763489148267,0.0006342176938599,D,16,-47.87131111239553,-55.82305252274834,-45.81119301449637,-54.07718607281606,-43.65667547545444,-52.25131992900622,-40.770399999999995,-4.8674000000000035,11.414999999999992,826.9799999999996,-0.0493003458366587,-0.005885752980725055,0.013803235870274974,-0.041382016493748355
TYLLGVLLGLLLAFL,WT,LLLTYLLGVLLILLLAFLILI,clash,,,,LLLTYLLGVLLGLLLAFLILI_1,110011001100110000,1,-54.3964,-54.488,-44.9607,-226.508,-225.874,-249.457,-341.502,4600.95,3684.18,3571.1,-34.1938,-28.2174,-94.7911,-89.3567,-47.0838,-85.2717,40.9905,-46.5415,6.82173,4.82448,3.93934,-26.0565,-80.0044,42.005,-45.0,-369.594,7.041,4.17133,3.3014,1,LLLTYLLGVLLGLLLAFLILI,0.8662892164448246,0.0017300026928597,D,13,-95.28740919252272,-95.91965316722792,-92.28164369100628,-93.31714294616044,-94.30162282523744,-95.06612048300666,-47.707300000000004,-9.435699999999997,22.948999999999984,916.77,-0.05203846111892842,-0.010292330682723035,0.0250324508873545,-0.03729812275707103
YFLLGILLGLLLLTL,Mutant,,clash,,LLLYFLLGILLGLLLATLILI,1.1309054375708192,LLLYFLLGILLGLLLLTLILI_0,110011001100110000,1,-60.9824,-66.427,-58.7859,-243.125,-228.887,-250.596,-349.41,4750.37,3767.66,3562.0,-34.0526,20967.2,-79.3557,20913.1,-40.0285,-83.2802,55.1706,-50.3481,7.72961,6.44006,5.76762,20862.7,-78.7668,42.2799,-44.9187,20617.8,6.9365,4.0228,3.157,0,LLLYFLLGILLGLLLLTLILI,0.1103717659126399,0.0005965778994391,D,17,515.8237368787783,461.91523087657015,88.7291030609186,72.20797310786257,507.8847670271416,454.6712293710181,-39.3272,-2.1965000000000003,7.471000000000004,982.71,-0.04001913077103113,-0.0022351456686102718,0.007602446296465898,-0.034651728383755125
LLLLGLLLGTLLAFL,Mutant,,clash,,LLLALLLGLLLGTLLAFLILI,0.8418525568967057,LLLLLLLGLLLGTLLAFLILI_0,110011001100110000,1,-69.5249,-70.0591,-58.6918,-223.515,-205.985,-238.598,-358.516,4611.99,3676.89,3538.78,-33.9274,265.24,-99.4028,182.769,-61.2265,-78.11,71.5578,-43.468,6.72048,7.8768,7.45017,262.363,-77.6236,58.3724,-37.459,-93.2759,6.7222,6.02381,5.3994,0,LLLLLLLGLLLGTLLAFLILI,0.1930296770109028,0.0008947513020676,D,16,-0.1696665538469094,-14.918922780852128,-13.421508986676848,-26.21289516782938,3.793596614573464,-11.541204926648446,-38.1763,-10.833100000000002,15.083000000000027,935.0999999999999,-0.040825900973157955,-0.011584964174954554,0.01612982568709232,-0.036282108865362
LYLLGLLLGVLLGTL,Mutant,,clash,,LLLAYLLGLLLGVLLGTLILI,0.527235182828792,LLLLYLLGLLLGVLLGTLILI_0,110011001100110000,1,-73.6768,-70.3112,-58.7113,-213.312,-207.215,-236.99,-349.328,4611.83,3418.29,3383.32,-33.8314,89.5648,-96.1705,17.7625,-53.6268,-80.11,45.1789,-39.4096,7.00908,4.61565,3.79333,84.1669,-78.1031,43.7429,-35.0,-259.763,7.2077,4.12076,3.2769,0,LLLLYLLGLLLGVLLGTLILI,0.5978327869744224,0.001119910326062,D,16,-17.019003734600506,-21.90338929167923,-27.10468192949594,-31.39540938260427,-15.795595865726645,-20.751993039851182,-42.5437,-14.965499999999999,23.677999999999997,1193.54,-0.03564497209980395,-0.01253875027229921,0.019838463729745126,-0.028345426211103107
ILLLGFLLGILLGTL,Mutant,,clash,,LLLALLLGFLLGILLGTLILI,0.4145353717359459,LLLILLLGFLLGILLGTLILI_0,110011001100110000,1,-69.8662,-72.2145,-58.7265,-223.557,-206.181,-236.674,-349.562,4509.27,3513.56,3483.23,-33.747,71.2371,-89.8861,0.0709738,-54.1617,-69.2597,63.0345,-42.5277,6.42332,5.39862,4.84413,66.8262,-68.1464,52.7276,-38.529,-278.325,6.6534,3.84019,3.1311,0,LLLILLLGFLLGILLGTLILI,0.7194771690710497,0.0005729757722355,D,14,-0.9326811463680268,-16.03514037091282,-16.677841356166066,-29.38000709539179,-3.63783609999716,-18.327904105560645,-35.724399999999996,-11.139700000000005,13.117000000000019,995.7100000000005,-0.03587831798415199,-0.011187695212461459,0.013173514376675952,-0.033892398389089175
IFLLGVLLGTLLGLL,Mutant,,clash,,LLLAFLLGVLLGTLLGLLILI,0.9979151227513938,LLLIFLLGVLLGTLLGLLILI_0,110011001100110000,1,-65.0566,-69.7482,-58.6941,-227.214,-214.992,-236.016,-344.018,4588.74,3575.68,3486.94,-33.6969,55.0226,-85.4449,-4.25578,-49.3078,-96.2257,48.6698,-39.0833,7.10909,7.50428,6.73433,37.5298,-97.484,35.8407,-36.8474,-288.996,6.7321,5.96109,4.9987,0,LLLIFLLGVLLGTLLGLLILI,1.2625487725692013,0.0010092160642713,D,14,-91.21440759589234,-92.2684242666362,-86.46817703423277,-88.09160392856548,-88.2311311482284,-89.64305460142273,-36.137100000000004,-6.362500000000004,8.801999999999992,1013.06,-0.03567123368803428,-0.006280476970761855,0.008688527826584795,-0.03326249185635599
IYLLGLLLGVLLGTL,Mutant,,clash,,LLLAYLLGLLLGVLLGTLILI,0.3525012900980877,LLLIYLLGLLLGVLLGTLILI_2,110011001100110000,1,-72.1932,-70.1441,-58.7113,-218.87,-213.261,-236.159,-347.136,4580.97,3593.41,3404.81,-33.6946,29.704,-89.7673,-34.0275,-52.2659,-82.2164,47.1578,-44.5853,7.071,5.19876,4.40613,-5.73643,-78.1031,43.7429,-35.0,-359.925,7.2077,4.12076,3.2769,2,LLLIYLLGLLLGVLLGTLILI,0.7725666797051267,0.0009622650249527,D,14,3884.5439805963833,4396.207502734961,251.26343685699229,296.3699002756367,4260.271616071132,4820.183099900682,-37.501400000000004,-13.481900000000003,17.288999999999987,987.5600000000004,-0.037973793997326734,-0.01365172748997529,0.01750678439790998,-0.03411904086840292
AVLLGFLLGILLSLL,WT,LLLAVLLLFLLGILLSLLILI,clash,,,,LLLAVLLGFLLGILLSLLILI_2,110011001100110000,1,-75.9666,-60.1289,-60.3387,-217.863,-221.066,-237.413,-353.038,4506.01,3629.52,3600.61,-33.6557,-14.67,-92.8644,-86.5137,-55.2866,-87.5771,51.3501,-42.8212,6.60891,6.56883,5.83908,-13.9375,-78.8188,59.0852,-37.4413,-367.049,7.5,6.29932,5.6856,2,LLLAVLLGFLLGILLSLLILI,1.235077995068523,0.0009879551777154,D,13,-90.7603078708255,,-87.62308413047911,,-87.63310592819802,,-37.5778,-15.627899999999997,19.55000000000001,876.4900000000002,-0.042873050462640755,-0.017830095038163577,0.022304875126926724,-0.03839827037387762
AYLLLTLLGGLLFLL,Mutant,,clash,,LLLAYLLSTLLGGLLFLLILI,-0.1026841599465461,LLLAYLLLTLLGGLLFLLILI_1,110011001100110000,1,-66.9191,-66.5536,-58.7534,-229.395,-227.994,-244.002,-346.31,4670.1,3797.4,3664.79,-33.4215,-29.3314,-83.4179,-81.0945,-43.5552,-53.8899,56.0361,-48.8842,7.01766,2.14835,1.48889,-24.3918,-48.4453,58.7094,-44.1259,-371.74,7.2194,1.69256,1.0732,1,LLLAYLLLTLLGGLLFLLILI,0.4010322781835065,0.0006925795143643,D,16,-83.1881237457095,-86.2335812737782,-79.26275378764537,-83.01928884854985,-84.97483845134106,-87.69663408299365,-39.862700000000004,-8.165700000000001,14.607,872.7000000000003,-0.04567743783659905,-0.009356823650739084,0.01673771055345479,-0.03829666552079752
LYLLATLLGALLFLL,Mutant,,clash,,LLLSYLLATLLGALLFLLILI,0.2173466486413914,LLLLYLLATLLGALLFLLILI_2,110011001100110000,1,-70.2995,-67.7906,-58.746,-222.619,-220.291,-241.664,-345.631,4692.33,3774.77,3748.86,-33.0807,-18.74,-85.7931,-76.2896,-45.2217,-66.374,54.0349,-44.4254,6.75972,3.75081,3.06133,-15.3136,-54.8108,60.9952,-45.0,-363.024,6.8684,2.95597,2.3709,2,LLLLYLLATLLGALLFLLILI,0.217194415558901,0.0015551690812865,D,17,-97.27780079292543,-97.27125430485428,-96.03621507351323,-96.02668275469158,-97.0501861232296,-97.04309225540896,-40.5714,-11.553499999999993,19.044999999999987,917.56,-0.04421661798683465,-0.012591547146780584,0.02075613583852826,-0.03605290117267536
IVLLGLLLGLLLGFL,Mutant,,clash,,LLLAVLLGLLLGLLLGFLILI,1.2277099721136588,LLLIVLLGLLLGLLLGFLILI_0,110011001100110000,1,-54.8875,-51.2036,-44.9261,-222.705,-213.236,-236.548,-345.082,4561.19,3650.88,3595.41,-33.0493,-18.0727,-100.538,-98.7152,-63.6081,-68.7528,51.642,-42.911,6.662,3.7846,3.05923,-18.0317,-77.4724,32.2036,-43.8153,-363.155,7.0393,2.46835,1.4514,0,LLLIVLLGLLLGLLLGFLILI,0.3851025000335867,0.0007945134506308,D,14,133.26105232360243,125.21982779868652,46.53373227601198,41.4822647036602,160.17778226962648,151.20865543604637,-36.929899999999996,-9.961400000000005,13.84299999999999,910.3099999999995,-0.04056848765805057,-0.010942865617207337,0.01520690753699289,-0.03630554426514047
YALLAILLGILLTLL,Mutant,,clash,,LLLYALLASLLGILLTLLILI,0.0310531677791796,LLLYALLAILLGILLTLLILI_0,110011001100110000,1,-63.6897,-62.7327,-58.808,-235.849,-225.628,-247.336,-363.506,4610.44,3889.48,3692.73,-33.0198,22.8907,-96.9867,-52.2546,-57.3619,-63.4637,80.3797,-46.0839,7.16891,6.8708,6.5765,21.4424,-63.07,66.418,-42.249,-340.615,7.1117,4.92693,4.4232,0,LLLYALLAILLGILLTLLILI,0.2177382433751336,0.000939106986269,D,15,-50.66866155599941,-56.54341417826995,-50.49792332109657,-56.39300875664272,-48.881400057769866,-54.9689934320773,-39.6248,-4.881700000000002,11.487000000000023,720.9599999999996,-0.05496116289391925,-0.0067711107412339175,0.01593292276964052,-0.045799766977363536
YGLLFALLGTLLTLL,WT,LLLYILLFALLGTLLTLLILI,clash,,,,LLLYGLLFALLGTLLTLLILI_0,110011001100110000,1,-77.3249,-76.9579,-72.5003,-231.663,-225.71,-246.314,-348.215,4635.94,3926.15,3766.28,-32.9977,-27.0011,-72.2243,-72.5483,-29.4004,-61.414,66.0954,-43.0991,7.24446,4.63497,4.1264,-26.8296,-63.047,55.8436,-42.2554,-375.216,7.2934,3.49594,2.83359,0,LLLYGLLFALLGTLLTLLILI,0.3678805469030006,0.0002245764399338,D,13,30.75892226960077,13.704748562954858,6.332571350364239,-7.535806508735175,25.80808054967361,9.39961815067876,-42.823899999999995,-4.824600000000004,14.650999999999982,709.7899999999995,-0.06033319714281692,-0.006797221713464556,0.020641316445709282,-0.046489384184054475
TLLLGILLGVLLIAL,Mutant,,clash,,LLLTLLLGILLGVLLGALILI,0.5062414032572273,LLLTLLLGILLGVLLIALILI_2,110011001100110000,1,-50.7927,-53.9945,-44.8956,-227.222,-220.958,-241.458,-361.156,4521.93,3673.1,3531.02,-32.7634,429270.0,-115.905,429184.0,-74.8024,-95.2484,45.3103,-49.4581,7.08975,6.90415,6.08381,422043.0,-90.0074,38.3333,-42.1317,428909.0,6.7822,5.1761,4.2511,2,LLLTLLLGILLGVLLIALILI,0.6654486366854448,0.0006931804852316,D,15,-55.89118944021416,-63.27980387912512,-47.40380659054974,-56.214132444385335,-48.47923428145466,-57.10941652080184,-41.102599999999995,-5.897100000000002,14.23599999999999,848.8300000000004,-0.04842265235677341,-0.0069473274978499805,0.016771320523544152,-0.038598305903419984
YLLLAILLGVLLATL,WT,LLLYLLLAILLLVLLATLILI,clash,,,,LLLYLLLAILLGVLLATLILI_0,110011001100110000,1,-64.7999,-65.902,-58.7692,-237.752,-227.617,-244.857,-359.139,4595.55,3952.7,3728.8,-32.4128,-26.4988,-89.0005,-92.1193,-55.5128,-59.4625,61.9777,-47.265,7.16111,3.78637,3.21604,-26.6884,-62.2783,46.1971,-42.3028,-385.638,7.14,2.07835,1.27131,0,LLLYLLLAILLGVLLATLILI,0.1448797783160084,0.0008326480719921,D,13,73.86444942720594,52.05496906403799,24.34674513928529,8.748743907443277,102.74137171434153,77.3095828709475,-33.487700000000004,-6.030699999999996,7.10499999999999,642.8500000000004,-0.05209255658396202,-0.009381193124368036,0.011052345026055822,-0.050420471338570395
LYLLGVLLGFLLGLL,Mutant,,clash,,LLLAYLLGVLLGFLLGLLILI,0.3459580886836817,LLLLYLLGVLLGFLLGLLILI_1,110011001100110000,1,-56.213,-53.9809,-44.8823,-214.007,-216.025,-238.782,-327.902,4685.8,3638.1,3555.02,-32.3114,-18.0553,-89.9932,-75.9517,-44.2378,-79.734,46.6268,-45.1971,7.10767,4.75473,3.95413,-28.4472,-79.0932,48.1108,-39.972,-356.31,7.1758,4.85894,4.0806,1,LLLLYLLGVLLGFLLGLLILI,0.9466078344552742,0.0013864814854231,D,16,-89.5103930664633,-91.09532089856016,-82.87650514791035,-85.46378070035033,-84.8853149414089,-87.16906924931823,-45.7554,-11.3307,24.775000000000006,1047.7000000000003,-0.04367223441824949,-0.010814832490216662,0.023647036365371767,-0.03084031688460436
YALLFILLGVLLALL,WT,LLLYALLFILLIVLLALLILI,clash,,,,LLLYALLFILLGVLLALLILI_2,110011001100110000,1,-51.544,-50.5548,-45.0245,-234.803,-234.554,-247.462,-340.51,4674.84,3915.51,3797.9,-32.1825,-27.4187,-86.3455,-82.8199,-48.0236,-59.541,52.2756,-43.5932,6.45741,2.48836,1.7725,-26.7321,-60.4345,49.6195,-40.8976,-367.059,6.6471,2.26381,1.5081,2,LLLYALLFILLGVLLALLILI,0.449744273124996,0.0014342739625122,D,13,-91.45118091742296,-92.09904903720172,-88.36489712551717,-89.24665776987169,-90.72223422669482,-91.42534521889596,-38.3219,-6.519499999999994,12.658999999999992,759.3299999999999,-0.05046804419685776,-0.008585858585858579,0.01667127599330988,-0.0423827584844534
YFLLGVLLGLLLATL,WT,LLLYFLLLVLLGLLLATLILI,clash,,,,LLLYFLLGVLLGLLLATLILI_0,110011001100110000,1,-66.2994,-66.0408,-58.7393,-228.224,-225.638,-245.573,-338.472,4681.78,3658.11,3652.32,-32.091,-28.1073,-76.0395,-74.9006,-34.1596,-71.6207,54.8337,-40.6809,7.01708,4.64564,3.96815,-28.1606,-72.6747,50.248,-40.0011,-366.579,7.1385,4.18468,3.4384,0,LLLYFLLGVLLGLLLATLILI,1.2215854520179807,0.0006104827780708,D,13,-94.61059372730536,-95.6529158047642,-90.5743037610868,-92.39725248458836,-91.27305590312892,-92.9608645485829,-41.879900000000006,-7.560100000000006,17.349000000000018,1023.6699999999996,-0.040911524221673025,-0.0073852901814061254,0.016947844520206732,-0.031348969882872425
IYLLGLLLGTLLAFL,Mutant,,clash,,LLLAYLLGLLLGTLLAFLILI,0.5860402270191771,LLLIYLLGLLLGTLLAFLILI_0,110011001100110000,1,-73.6223,-73.4485,-58.7534,-221.952,-216.266,-239.725,-340.709,4629.89,3628.61,3500.1,-31.9577,-25.9314,-77.0924,-76.9257,-42.2298,-67.6697,54.8065,-40.6145,6.59184,4.04933,3.37143,-26.3494,-65.2452,51.3028,-41.1052,-366.64,6.5503,3.21266,2.4822,0,LLLIYLLGLLLGTLLAFLILI,0.459960407551546,0.0004482712094417,D,14,468.4029178442826,477.3314023037642,115.05505027254232,118.43313932524038,457.7855672633051,466.5472741664316,-34.8626,-14.868899999999996,17.772999999999996,1001.2800000000002,-0.03481803291786512,-0.014849892138063273,0.017750279642058157,-0.031916846436561196
LYLLAALLGTLLFLL,Mutant,,clash,,LLLGYLLAALLGTLLFLLILI,0.1802707384390011,LLLLYLLAALLGTLLFLLILI_0,110011001100110000,1,-65.4812,-64.6753,-58.7134,-225.591,-223.147,-241.093,-344.557,4655.26,3667.49,3738.75,-31.904,-27.7454,-85.3894,-84.4799,-44.7504,-61.2901,59.9695,-42.2152,7.00285,3.78939,3.18893,-27.0049,-59.0686,58.4114,-43.8449,-372.303,7.0021,3.24583,2.622,0,LLLLYLLAALLGTLLFLLILI,0.1671768705070728,0.0011526454273059,D,16,-85.73788633873777,-87.55212383327655,-81.42009005017678,-83.78358048902247,-85.46019086013371,-87.30975310115208,-40.638999999999996,-6.767800000000001,15.501999999999981,987.7700000000004,-0.04114216872348824,-0.006851595006934811,0.015693936847646694,-0.03229901697763648
GYLLAALLGILLTLL,WT,LLLLYLLAALLGILLTLLILI,clash,,,,LLLGYLLAALLGILLTLLILI_2,110011001100110000,1,-67.3121,-65.7859,-58.7374,-226.633,-225.368,-243.93,-358.417,4513.93,3659.26,3654.35,-31.8543,-27.1332,-96.3262,-94.3955,-55.7496,-66.6631,62.8411,-40.6879,7.49231,4.98301,4.42562,-28.7944,-63.8286,63.5081,-39.1011,-387.319,7.5,4.64788,4.1005,2,LLLGYLLAALLGILLTLLILI,0.7783818855888237,0.0010033940817136,D,13,-94.63444501898178,-95.95401122720784,-91.86589576785036,-93.86633917340764,-94.46719662803372,-95.82789470907738,-40.5766,-8.5747,17.296999999999997,854.6700000000001,-0.04747633589572583,-0.010032761182678695,0.020238220599763646,-0.03727087647864087
AYLLGLLLGTLLIFL,Mutant,,clash,,LLLAYLLGLLLGTLLAFLILI,0.6236980825799495,LLLAYLLGLLLGTLLIFLILI_2,110011001100110000,1,-70.2157,-63.4585,-58.7534,-233.004,-224.426,-244.97,-343.981,4618.24,3697.61,3457.92,-31.8334,180.731,-72.5947,124.636,-40.2574,-72.886,55.4446,-44.9602,6.98405,4.91792,4.24959,161.918,-65.2452,51.3028,-41.1052,-163.249,6.5503,3.21266,2.4822,2,LLLAYLLGLLLGTLLIFLILI,0.4223025519907736,0.0007548467791679,D,14,-82.5944868451678,-79.04904682518168,-77.33989754111325,-72.72411670201639,-84.15040089311496,-80.92189493213526,-32.337300000000006,-11.462299999999999,11.966000000000008,920.6299999999997,-0.035125186013925266,-0.012450495856098545,0.012997621194182258,-0.03457784343330112
LFLLAVLLGILLSTL,WT,LLLLFLLAVLLIILLSTLILI,clash,,,,LLLLFLLAVLLGILLSTLILI_0,110011001100110000,1,-84.4339,-77.9046,-74.1115,-227.792,-222.524,-237.278,-363.897,4568.87,3853.03,3697.76,-31.8025,-21.3938,-83.4731,-84.8614,-52.5073,-61.8228,55.245,-43.3303,6.11481,3.23149,2.56016,-21.4147,-61.5797,48.2683,-39.5794,-385.29,6.5,2.25318,1.47721,0,LLLLFLLAVLLGILLSTLILI,0.5038656544234209,0.0010997775967455,D,13,-62.82267352876114,-71.4364195001194,-57.56515684866632,-67.39703541375884,-60.66924819700304,-69.78192888305634,-30.9658,-10.322399999999988,9.48599999999999,715.8399999999997,-0.043257990612427376,-0.014419982118909243,0.013251564595440314,-0.04442682722396068
ITLLGILLGLLLGFL,Mutant,,clash,,LLLATLLGILLGLLLGFLILI,0.6739716701595159,LLLITLLGILLGLLLGFLILI_0,110011001100110000,1,-55.2074,-58.2175,-44.9292,-215.67,-207.15,-237.484,-343.218,4525.62,3662.21,3439.48,-31.5932,74.4519,-103.934,-3.39885,-60.8053,-84.6696,48.5917,-42.5455,6.55662,5.76033,4.9892,42.0936,-81.6776,47.767,-35.1198,-268.766,6.6099,5.20019,4.4167,0,LLLITLLGILLGLLLGFLILI,0.4082123576052542,0.0002343451852252,D,14,38.610888012823466,25.43490939925818,17.074330914438,5.945559557144691,65.54573199168081,49.80939947437089,-43.128699999999995,-10.278199999999998,21.81400000000002,863.4099999999999,-0.04995158731077935,-0.011904193836068612,0.025264937862660874,-0.03659119074367914
VGLLFILLGTLLSYL,Mutant,,clash,,LLLVGLLFALLGTLLSYLILI,0.0932406979910066,LLLVGLLFILLGTLLSYLILI_0,110011001100110000,1,-76.3787,-73.4679,-74.0315,-233.341,-222.312,-243.205,-350.325,4616.5,3771.91,3546.32,-31.5861,58.3874,-72.191,3.84281,-33.0884,-67.718,69.3333,-50.7,6.60881,6.0177,5.5577,57.1703,-59.8906,63.2894,-39.6145,-291.937,6.7452,4.02766,3.477,0,LLLVGLLFILLGTLLSYLILI,0.1268432100160905,0.0010927681307734,D,15,113.17096856436989,92.3331259841589,31.355921850908363,18.51564608567817,70.45530134998359,53.79299146597687,-39.1026,-2.347200000000001,9.864000000000004,844.5900000000001,-0.04629773025965261,-0.002779099918303556,0.011679039533975068,-0.037398145845913396
LFLLGTLLGLLLGYL,Mutant,,clash,,LLLAFLLGTLLGLLLGYLILI,0.0753623954664231,LLLLFLLGTLLGLLLGYLILI_0,110011001100110000,1,-66.0813,-62.8829,-58.6988,-222.026,-212.813,-241.167,-339.089,4659.34,3486.99,3403.72,-31.533,18.9021,-82.5143,-44.4904,-39.2228,-73.0275,55.2372,-38.815,6.57122,4.91114,4.2397,19.4777,-72.4524,47.8783,-35.1603,-320.187,6.5,3.83143,3.0496,0,LLLLFLLGTLLGLLLGYLILI,1.205789998448768,0.0005450934401494,D,16,-89.42523930040271,-92.88594735223656,-84.49207787781194,-89.56721787199754,-86.85577245411102,-91.15736710910178,-43.291500000000006,-7.3825,19.14099999999999,1172.3500000000004,-0.03692711221051733,-0.006297180876018252,0.016327035441634313,-0.026897257644901258
LVLLGILLGTLLIFL,Mutant,,clash,,LLLLVLLGILLGTLLAFLILI,0.3670597081860194,LLLLVLLGILLGTLLIFLILI_2,110011001100110000,1,-66.3998,-63.5968,-58.7441,-232.878,-221.31,-241.669,-357.344,4567.88,3766.28,3541.45,-31.4427,224.134,-89.5085,151.696,-56.9314,-78.5497,61.0195,-47.3704,7.2758,6.52009,5.93538,118.37,-71.59,53.248,-43.6275,-133.211,6.8881,4.42698,3.7257,2,LLLLVLLGILLGTLLIFLILI,0.0861916901990463,0.0011180181608652,D,14,-17.036409751403895,-28.60858572739442,-24.3440607325034,-34.89692904749459,-14.96967430942103,-26.83012886832699,-32.5771,-7.655699999999996,8.791000000000025,801.5999999999999,-0.04064009481037925,-0.009550523952095805,0.010966816367265502,-0.0392249251497006
LLLLGFLLGTLLGVL,Mutant,,clash,,LLLALLLGFLLGTLLGVLILI,0.7767167179847547,LLLLLLLGFLLGTLLGVLILI_0,110011001100110000,1,-70.2215,-74.3262,-58.6723,-217.208,-198.793,-235.908,-348.079,4531.93,3392.09,3368.04,-31.4122,565.336,-92.0621,490.376,-53.4992,-86.2445,57.0988,-41.2967,7.44245,7.145,6.50149,453.565,-85.1121,47.6719,-35.0,217.257,7.4675,5.70252,4.9176,0,LLLLLLLGFLLGTLLGVLILI,0.4684356574751501,0.0010476180732649,D,16,-16.19743798578438,-25.73129108041499,-20.25668476731451,-29.32873500580577,-13.327788729289564,-23.188109342179303,-38.5629,-11.549200000000006,18.69999999999999,1139.8400000000001,-0.0338318535934868,-0.010132299270072996,0.016405811341942717,-0.027558429253228517
LFLLGTLLGLLLGVL,Mutant,,clash,,LLLAFLLGTLLGLLLGVLILI,0.2137891450206768,LLLLFLLGTLLGLLLGVLILI_2,110011001100110000,1,-69.9024,-66.313,-58.7586,-207.35,-207.549,-236.777,-345.566,4629.57,3534.68,3410.46,-31.3912,1855.83,-99.7048,1784.13,-50.0304,-80.5608,38.7368,-43.8798,7.22923,3.81358,2.89464,1575.04,-94.1397,39.8563,-36.5769,2955.52,6.9528,6.00156,5.0994,2,LLLLFLLGTLLGLLLGVLILI,1.214870819408281,0.0003409666770977,D,16,-93.96620351800313,-96.36187663807536,-90.36126543492458,-94.18825187339,-92.18582525430293,-95.28838405781404,-49.674400000000006,-11.143799999999999,29.426999999999992,1094.8899999999999,-0.04536930650567638,-0.010178008749737417,0.02687667254244718,-0.028670642712966606
VYLLFTLLGGLLALL,WT,LLLVYLLFTLLGGLLILLILI,clash,,,,LLLVYLLFTLLGGLLALLILI_2,110011001100110000,1,-67.9488,-66.2543,-58.7506,-223.286,-223.593,-239.432,-336.119,4588.96,3732.89,3750.57,-31.3612,9.86103,-76.2459,-36.4112,-37.9364,-49.3547,61.7335,-43.1142,6.45098,2.23721,1.66322,-26.0783,-44.9843,61.9817,-41.7735,-362.7,6.6369,1.61517,1.04489,2,LLLVYLLFTLLGGLLALLILI,0.4367764243403557,0.0007038356522521,D,13,42.34674907635211,35.96696312648696,15.17495958735683,10.01297595429488,42.49712561876402,36.110599998631066,-38.30950000000001,-9.198200000000007,16.145999999999987,856.0700000000002,-0.04475042928732464,-0.010744682093754022,0.018860607193336973,-0.03663392012335439
YALLALLLGILLTLL,Mutant,,clash,,LLLYALLASLLGILLTLLILI,0.0123327688602338,LLLYALLALLLGILLTLLILI_0,110011001100110000,1,-62.4171,-62.6925,-58.808,-237.082,-225.719,-247.342,-366.018,4659.15,3779.87,3677.47,-31.3555,-12.716,-97.8744,-90.3228,-59.8678,-57.7166,90.0012,-43.157,7.14466,7.30765,7.15767,-12.9663,-63.07,66.418,-42.249,-378.734,7.1117,4.92693,4.4232,0,LLLYALLALLLGILLTLLILI,0.2364586422940793,0.0013318523584742,D,17,-51.776560503151,-62.99252978303237,-48.51605298529866,-60.49036203809158,-52.98272477801582,-63.91816032586719,-38.00659999999999,-3.609099999999998,10.26000000000002,879.2799999999997,-0.04322468383222637,-0.004104608315894822,0.011668637976526274,-0.035660426712765
YFLLGLLLGTLLIVL,Mutant,,clash,,LLLYFLLGLLLGTLLAVLILI,0.8428155601095366,LLLYFLLGLLLGTLLIVLILI_1,110011001100110000,1,-67.1664,-63.2298,-58.7143,-238.712,-233.528,-249.501,-344.701,4725.61,3660.53,3561.28,-31.2667,108.878,-70.0894,60.934,-36.4864,-77.6354,57.2739,-44.4742,6.67288,5.87728,5.23639,92.3198,-70.4483,55.9363,-39.1281,-246.596,6.6187,4.61865,3.95769,1,LLLYFLLGLLLGTLLIVLILI,0.3548992791939316,0.0004322884685684,D,15,114.75666623811672,86.32267816275042,28.0987575807444,11.138359520357431,96.12318932044128,70.15629141629387,-33.602999999999994,-8.452099999999994,10.789000000000016,1065.0799999999995,-0.031549742742329225,-0.007935648026439326,0.010129755511323113,-0.02935619859541069
LYLLGVLLGTLLGLL,Mutant,,clash,,LLLSYLLGVLLGTLLGLLILI,0.4152222451739098,LLLLYLLGVLLGTLLGLLILI_0,110011001100110000,1,-65.4785,-68.9195,-58.6631,-220.3,-212.679,-236.972,-349.676,4577.92,3636.03,3610.89,-31.1763,-26.3156,-95.0742,-94.3937,-54.0418,-83.4318,47.0531,-49.56,6.7625,5.36694,4.57274,-26.5308,-84.4885,38.2202,-42.7314,-375.992,6.9435,4.333,3.4063,0,LLLLYLLGVLLGTLLGLLILI,0.6547550544627665,0.0013932961360208,D,17,-94.28064870502725,,-92.24690352082028,,-93.9676160886315,,-41.0324,-6.815399999999997,16.671999999999997,941.8899999999999,-0.04356389811973798,-0.007235876800900315,0.01770058074722101,-0.03309972502096849
TVLLGILLGLLLIFL,Mutant,,clash,,LLLTVLLGILLGLLLAFLILI,0.4404278188269215,LLLTVLLGILLGLLLIFLILI_1,110011001100110000,1,-52.5706,-51.5629,-44.9575,-235.487,-231.344,-245.371,-355.977,4536.74,3793.25,3530.71,-31.1073,634.598,-99.0265,561.528,-65.6489,-90.2042,42.4684,-50.4511,7.34795,5.76386,4.90089,488.779,-82.2405,38.4729,-43.0414,271.841,7.0713,4.02991,3.107,1,LLLTVLLGILLGLLLIFLILI,0.2161288394153988,0.000883744246579,D,15,-40.76982969102361,-47.5033509070233,-37.64387233431666,-44.73276480911731,-30.940796787380435,-38.79172153681906,-33.3776,-7.613099999999996,9.884000000000015,743.4899999999998,-0.04489313911417774,-0.010239680426098532,0.013294059099651666,-0.04183956744542631
IYLLAVLLGLLLGFL,Mutant,,clash,3.0,LLLTYLLAVLLGLLLGFLILI,0.3573991079714777,LLLIYLLAVLLGLLLGFLILI_1,110011001100110000,1,-55.035,-49.4351,-44.976,-222.056,-215.884,-238.784,-331.586,4603.72,3744.16,3461.69,-31.0262,-11.5375,-85.5208,-77.8045,-47.826,-65.3196,51.3406,-46.8289,6.52463,3.22892,2.49903,-12.1626,-67.1512,40.0821,-37.8379,-344.977,6.769,1.98377,1.085,1,LLLIYLLAVLLGLLLGFLILI,0.4853547927979414,0.0002360923372694,D,14,-82.51942635334237,-85.7903211726555,-76.86769528836334,-81.19611935324133,-80.76598413385041,-84.36497602752915,-37.694799999999994,-10.058999999999997,16.72799999999998,859.5600000000004,-0.04385359951603143,-0.011702498952952665,0.019461119642607813,-0.03609544418074362
ILLLGLLLGTLLAFL,Mutant,,clash,,LLLALLLGLLLGTLLAFLILI,0.5379760387607168,LLLILLLGLLLGTLLAFLILI_2,110011001100110000,1,-71.7638,-70.0591,-58.6918,-216.649,-203.762,-237.811,-356.354,4585.4,3733.06,3529.82,-30.9891,77.8987,-98.9305,-4.63453,-59.852,-88.7784,53.1274,-42.8566,6.60133,6.98896,6.28588,67.406,-77.6236,58.3724,-37.459,-278.456,6.7222,6.02381,5.3994,2,LLLILLLGLLLGTLLAFLILI,0.4969061951468917,0.0005180916661179,D,14,-32.046531053737816,-42.05165114654192,-32.03227330397482,-42.03949263469634,-24.714841741592284,-35.79944214921525,-39.0785,-13.072000000000003,21.162000000000006,852.3399999999997,-0.045848487692704804,-0.015336602764155159,0.024828120233709568,-0.036357674167585716
YFLLAALLGLLLGTL,WT,LLLYFLLAALLILLLGTLILI,clash,,,,LLLYFLLAALLGLLLGTLILI_0,110011001100110000,1,-67.8752,-66.7585,-58.6834,-226.326,-217.523,-241.835,-332.111,4702.95,3852.51,3765.45,-30.9539,-26.823,-68.8645,-74.6533,-31.5935,-62.6742,64.7517,-47.3722,6.76452,4.6426,4.11388,-24.7086,-60.9139,62.9834,-44.4576,-358.934,6.862,4.13985,3.5846,0,LLLYFLLAALLGLLLGTLILI,0.2375918982119714,0.0007752212945961,D,13,-29.598695805191337,-40.83202021206414,-24.543584088839868,-36.58350874939017,-23.83008069583096,-35.983852893308914,-37.27100000000001,-9.191800000000008,15.509000000000015,850.4399999999996,-0.043825549127510494,-0.010808287474718983,0.018236442312214877,-0.036397511876205275
YALLLLLLGTLLGFL,Mutant,,clash,,LLLYALLALLLGTLLGFLILI,-0.0758103218514175,LLLYALLLLLLGTLLGFLILI_0,110011001100110000,1,-63.2711,-63.1759,-58.7298,-239.725,-225.974,-247.029,-346.407,4706.2,3996.77,3707.61,-30.8968,273.094,-74.308,215.837,-40.6481,-64.6229,72.976,-49.8353,6.89023,6.04519,5.63983,237.01,-63.0279,55.5114,-39.6932,-73.3129,7.1542,3.44823,2.7809,0,LLLYALLLLLLGTLLGFLILI,0.1203339755948549,0.0011658249124202,D,17,-64.46910863216613,-71.50580087966893,-52.271710062132605,-61.72402816795986,-53.37175207537168,-62.60621307690196,-33.65990000000001,-4.5413,7.304000000000002,709.4299999999998,-0.04744640063149291,-0.006401336284059035,0.01029558941685579,-0.04355158366575984
AVLLFSLLGTLLGYL,WT,LLLAVLLFSLLGTLLLYLILI,clash,,,,LLLAVLLFSLLGTLLGYLILI_0,110011001100110000,1,-80.8845,-80.6686,-74.0982,-229.875,-224.664,-239.325,-345.935,4496.0,3777.71,3734.15,-30.8406,-24.6478,-66.0165,-65.25,-32.5113,-50.53,71.7471,-39.5619,6.48626,3.76536,3.34157,-24.5675,-52.2786,59.5607,-37.5707,-370.583,6.5337,2.38249,1.7759,0,LLLAVLLFSLLGTLLGYLILI,0.4024729428796543,0.0005142056286625,D,13,69.27616726645257,55.52072182185188,30.82339351898445,20.192635028361693,61.14016774572026,48.04585670268343,-33.505199999999995,-6.786299999999997,9.449999999999989,718.29,-0.04664578373637388,-0.009447855323058928,0.013156246084450554,-0.04293613999916468
FYLLVLLLGALLGTL,WT,LLLFYLLVLLLGALLITLILI,clash,,,,LLLFYLLVLLLGALLGTLILI_0,110011001100110000,1,-68.2591,-70.3843,-58.707,-228.858,-225.86,-240.16,-336.514,4663.03,3724.34,3663.1,-30.7997,-30.2587,-70.1966,-70.5286,-37.6466,-45.3257,67.5289,-42.5236,7.03189,2.41526,1.92819,-30.2402,-43.2635,63.1811,-42.5139,-366.773,7.006,1.51898,0.966697,0,LLLFYLLVLLLGALLGTLILI,0.2352356245150919,0.0010954123613294,D,13,-48.61583495064564,-60.07669205304529,-43.900020354928095,-56.41270494447318,-45.44637148964186,-57.61415392172141,-32.550000000000004,-9.552100000000003,11.301999999999992,938.6899999999996,-0.03467598461685969,-0.010175989943431812,0.012040183660207307,-0.03281136477431315
LYLLGLLLGFLLATL,Mutant,,clash,,LLLAYLLGLLLGFLLATLILI,1.475103905387161,LLLLYLLGLLLGFLLATLILI_0,110011001100110000,1,-62.5073,-63.068,-58.7236,-231.23,-213.372,-240.565,-342.729,4646.03,3734.94,3601.43,-30.7799,15.1826,-79.7714,-51.1057,-43.4403,-87.7064,61.9373,-41.0347,7.70468,8.01749,7.44655,11.5464,-87.2227,45.9146,-36.9014,-327.546,7.4937,5.78188,4.9706,0,LLLLYLLGLLLGFLLATLILI,0.716515256142419,0.0006973863598556,D,16,-85.43488025584232,-88.6753429134153,-79.67206513948729,-84.19464476657825,-83.77799004374677,-87.38707932123803,-36.3311,-3.783700000000003,9.335000000000008,911.0899999999997,-0.0398765215291574,-0.0041529376900196514,0.010245969113918505,-0.0337835998638993
LYLLATLLGGLLVLL,Mutant,,clash,,LLLSYLLATLLGGLLVLLILI,0.5156257549470142,LLLLYLLATLLGGLLVLLILI_2,110011001100110000,1,-70.4291,-66.8788,-58.7164,-222.595,-221.232,-237.926,-354.172,4594.57,3851.86,3779.69,-30.7249,-20.8439,-91.8733,-86.9054,-57.5303,-60.7631,54.7767,-49.7531,6.68249,3.00932,2.33097,-14.6967,-54.4879,57.0754,-43.9111,-369.134,7.2474,2.37837,1.7345,2,LLLLYLLATLLGGLLVLLILI,0.1869246918574619,0.0007534055529869,D,17,-94.4791691822892,-96.88894472348214,-92.15984623800036,-95.58197805088798,-94.24936891049131,-96.75944947689196,-34.343,-11.712700000000005,15.330999999999989,742.7099999999996,-0.046240120639280506,-0.01577021987047436,0.020641973313944875,-0.04136863647991816
IYLLGLLLGTLLGFL,Mutant,,clash,,LLLSYLLGLLLGTLLGFLILI,0.176389258313091,LLLIYLLGLLLGTLLGFLILI_2,110011001100110000,1,-70.84,-68.2013,-58.7772,-222.469,-218.424,-238.555,-336.321,4625.31,3614.28,3505.32,-30.704,-14.7881,-73.7157,-64.4835,-38.9889,-89.5127,38.0102,-37.4576,6.8225,5.05829,4.12844,-17.9163,-87.0744,32.7223,-38.1858,-356.274,6.9066,3.97867,2.9695,2,LLLIYLLGLLLGTLLGFLILI,0.7129553069458593,0.000990905566804,D,14,787.795074010751,877.2817773337474,156.31121655648303,182.14650948137768,752.5540827829018,838.4886148682634,-34.7268,-12.062800000000003,16.086000000000013,1011.0300000000002,-0.03434794219756089,-0.011931198876393382,0.015910507106614055,-0.03036902960347368
TFLLGILLGLLLLVL,Mutant,,clash,,LLLTFLLGILLGLLLGVLILI,0.6444984827878499,LLLTFLLGILLGLLLLVLILI_1,110011001100110000,1,-52.2674,-46.2097,-44.9552,-233.184,-225.602,-246.698,-354.189,4652.52,3679.98,3452.54,-30.672,94398.4,-99.4099,94316.0,-62.5363,-86.1491,47.035,-60.3245,7.31473,5.77209,4.97761,89718.9,-80.9864,40.2503,-44.8665,93969.1,6.9244,4.08175,3.1855,1,LLLTFLLGILLGLLLLVLILI,0.6613189683414984,0.0010372810010559,D,17,-56.3493137750852,-63.26512902206781,-50.65693363540669,-58.47462357821343,-53.44900007918707,-60.82432777405592,-36.873599999999996,-7.312200000000004,13.51400000000001,972.5400000000004,-0.03791473872539945,-0.007518662471466471,0.013895572418615177,-0.03153803442531925
YLLLATLLGILLAFL,WT,LLLYLLLATLLGILLIFLILI,clash,,,,LLLYLLLATLLGILLAFLILI_0,110011001100110000,1,-65.5122,-65.8095,-58.7557,-233.383,-226.566,-247.247,-345.432,4645.1,3921.7,3679.19,-30.6126,-26.2002,-77.1496,-79.2569,-39.4289,-69.7961,58.8214,-43.1314,6.91712,4.9103,4.29262,-26.3042,-65.984,55.7173,-41.1231,-371.632,6.918,3.91944,3.2552,0,LLLYLLLATLLGILLAFLILI,0.1937791362986592,0.0021018127993351,D,13,-82.79288372893143,-87.0354886390177,-83.26384100531315,-87.39032618785522,-83.9168836443986,-87.8823539384821,-37.72070000000001,-6.75650000000001,13.864000000000004,723.4000000000005,-0.05214362731545477,-0.009339922587779935,0.019165053912081828,-0.04231766657450923
YTLLAVLLGILLILL,Mutant,,clash,,LLLYTLLAVLLGILLALLILI,0.0925205265910249,LLLYTLLAVLLGILLILLILI_2,110011001100110000,1,-63.8289,-53.3695,-44.9984,-239.269,-235.255,-250.65,-359.992,4691.8,4142.37,3623.35,-30.5585,1099.73,-87.4532,1028.36,-64.3438,-74.674,55.6919,-54.9966,8.49632,5.2195,4.55488,1079.54,-66.3717,42.953,-43.9626,715.145,7.3394,2.25441,1.39871,2,LLLYTLLAVLLGILLILLILI,0.2222848158647532,0.0005844456881032,D,15,-51.53680790357986,-58.38993311163511,-49.677073406983816,-56.79318156782425,-51.34998196962912,-58.22952602180278,-23.109399999999994,-18.8305,11.381,549.4300000000003,-0.042060681069471965,-0.034272791802413397,0.020714194710882178,-0.05561855013377497
YFLLAVLLGLLLGTL,WT,LLLYFLLAVLLILLLGTLILI,clash,,,,LLLYFLLAVLLGLLLGTLILI_1,110011001100110000,1,-65.2311,-65.8402,-58.6875,-230.434,-224.097,-245.576,-338.311,4697.14,3839.2,3648.08,-30.5561,-25.5068,-73.2017,-73.8804,-34.0476,-69.5529,44.4295,-44.7621,6.89451,2.93091,2.09735,-25.4805,-69.0276,38.4457,-43.5682,-364.407,6.8046,2.04431,1.121,1,LLLYFLLAVLLGLLLGTLILI,0.2692565018169305,0.0017461743734777,D,13,-37.564960127492704,-47.32742788526672,-36.12651390085252,-46.1138999887428,-32.89965238089547,-43.39159699252033,-39.1541,-6.543599999999998,15.141999999999996,857.9400000000005,-0.045637340606569196,-0.0076271067906846565,0.01764925286150545,-0.035615660768818315
YGLLFLLLGTLLTLL,Mutant,,clash,,LLLYGLLFALLGTLLTLLILI,0.3005571187383666,LLLYGLLFLLLGTLLTLLILI_0,110011001100110000,1,-77.1501,-76.9838,-72.5003,-231.823,-229.761,-250.358,-357.372,4719.95,3873.35,3705.84,-30.4799,-24.6043,-78.8783,-75.2317,-34.5133,-66.4466,54.5148,-43.0202,7.33781,3.82649,3.14422,-24.0355,-63.047,55.8436,-42.2554,-381.976,7.2934,3.49594,2.83359,0,LLLYGLLFLLLGTLLTLLILI,0.067323428164634,0.0007540888515759,D,17,-2.153152401213369,-15.705390310617409,-15.157862532503843,-26.90888834394888,-15.07803231195261,-26.840114975691,-44.364999999999995,-4.649799999999999,18.534999999999997,846.5999999999999,-0.052403732577368294,-0.005492322230096857,0.02189345617765178,-0.03600271674935035
IYLLGFLLGTLLGLL,Mutant,,clash,,LLLAYLLGFLLGTLLGLLILI,0.2886285000604991,LLLIYLLGFLLGTLLGLLILI_2,110011001100110000,1,-70.7707,-61.3594,-58.6623,-224.261,-218.983,-239.39,-336.034,4577.31,3572.2,3522.02,-30.4522,12.9764,-71.4549,-42.7154,-37.9821,-85.0885,40.1681,-46.8006,6.41769,4.68596,3.78848,-6.03635,-91.134,25.7473,-37.6199,-342.895,7.3707,3.64599,2.5322,2,LLLIYLLGFLLGTLLGLLILI,0.907783391990022,0.0009393788653419,D,14,3127.2786082242,3387.29284964364,224.09468933699705,250.2062356352564,3181.1287087934643,3445.481526068796,-33.47279999999999,-12.108400000000003,15.12899999999999,1005.1100000000006,-0.033302623593437504,-0.012046840644307584,0.015052083851518721,-0.030297380386226366
YFLLAILLGVLLILL,Mutant,,clash,,LLLYFLLAILLGVLLGLLILI,0.1381358950615515,LLLYFLLAILLGVLLILLILI_2,110011001100110000,1,-44.9933,-44.9933,-44.9933,-248.03,-246.269,-250.45,-344.403,4708.46,3802.52,3619.46,-30.4006,39215900.0,-81.7805,39215900.0,-48.96,-70.1489,57.2804,-52.0214,7.56153,4.75518,4.11439,28446500.0,-71.1719,34.5088,-41.0473,38916200.0,6.9662,1.83447,0.852102,2,LLLYFLLAILLGVLLILLILI,0.1446998675860759,0.0021240658054407,D,15,-56.24303888382859,-62.61426884729103,-58.374010054935255,-64.43496007595417,-58.50737817462739,-64.54890913777122,-32.8205,0.0,2.4199999999999875,905.94,-0.036228116652316934,0.0,0.002671258582246051,-0.033556968452656905
TFLLAILLGLLLGVL,WT,LLLTFLLAILLLLLLGVLILI,clash,,,,LLLTFLLAILLGLLLGVLILI_1,110011001100110000,1,-51.156,-51.2107,-44.9455,-229.439,-225.835,-242.983,-344.732,4596.05,3824.54,3664.62,-30.3502,-24.4181,-94.4878,-92.1049,-56.8034,-64.5091,48.3245,-44.3707,6.67798,2.70017,1.92504,-27.9121,-62.6538,43.9976,-40.9419,-373.221,6.5,1.83774,0.997703,1,LLLTFLLAILLGLLLGVLILI,0.701900858960807,0.0016305807513141,D,13,-63.976078429374816,-72.71310682397272,-54.2871893888522,-65.37410349739696,-55.2557532374781,-66.10775761164442,-37.68439999999999,-6.210499999999996,13.544000000000011,771.5100000000002,-0.04884499228785107,-0.008049798447200936,0.01755518398983812,-0.039338699433578296
YTLLGALLGILLSVL,WT,LLLYTLLGALLIILLSVLILI,clash,,,,LLLYTLLGALLGILLSVLILI_0,110011001100110000,1,-73.8948,-64.1463,-60.289,-226.941,-221.788,-244.341,-354.085,4579.62,3740.81,3725.25,-30.1766,-11.8953,-83.4253,-80.0457,-49.4547,-59.9653,83.1997,-43.6627,6.3332,6.72676,6.47475,-9.85223,-64.0853,70.854,-39.869,-365.98,7.1308,5.67809,5.2409,0,LLLYTLLGALLGILLSVLILI,0.5988539247205065,0.0014856967864421,D,13,-81.1951657658218,-86.07369618346542,-75.87710502993725,-82.13529775886754,-80.4240844260294,-85.50265615878429,-33.97059999999999,-13.605800000000002,17.400000000000006,838.81,-0.04049856344106531,-0.016220359795424473,0.02074367258377941,-0.0359754890857286
GYLLASLLGILLTLL,WT,LLLLYLLASLLGILLTLLILI,clash,,,,LLLGYLLASLLGILLTLLILI_1,110011001100110000,1,-82.4556,-82.5401,-74.16,-226.632,-226.556,-246.037,-373.406,4508.61,3690.79,3653.61,-30.1612,-30.1134,-94.4797,-94.4235,-53.2088,-70.3941,50.0059,-39.6618,7.17719,3.80992,3.06001,-30.0882,-70.3334,49.8546,-39.6684,-403.499,7.175,3.78038,3.0282,1,LLLGYLLASLLGILLTLLILI,0.4901700685386106,0.0002619567078382,D,13,-98.08412154788444,-98.31805076935336,-97.25497199002304,-97.59014057265166,-97.9683813194618,-98.21644245075916,-41.2709,-8.295600000000007,19.405,817.8199999999997,-0.050464527646670435,-0.010143552370937383,0.02372771514514197,-0.03687999804357928
AVLLGLLLGFLLGTL,WT,LLLAVLLLLLLGFLLGTLILI,clash,,,,LLLAVLLGLLLGFLLGTLILI_0,110011001100110000,1,-65.0151,-63.9322,-58.754,-222.95,-216.166,-233.388,-341.162,4447.5,3736.2,3644.73,-30.1322,-19.9676,-83.3293,-81.0309,-49.0194,-84.6334,43.8317,-48.8268,7.02789,5.1123,4.26977,-19.2675,-80.2804,39.355,-44.6447,-361.13,7.3257,3.85498,2.9453,0,LLLAVLLGLLLGFLLGTLILI,1.8983969542225672,0.0089139128253542,D,13,-25.377417961599253,-31.651849370869066,-5.618208425301667,-13.55403778610698,6.951877506114919,-2.0408724252586223,-34.309900000000006,-6.261100000000006,10.438000000000017,711.3000000000002,-0.04823548432447631,-0.008802333755096309,0.014674539575425298,-0.042362153802896096
IYLLATLLGGLLVLL,Mutant,,clash,,LLLSYLLATLLGGLLVLLILI,0.4302597036904232,LLLIYLLATLLGGLLVLLILI_0,110011001100110000,1,-70.3251,-63.5344,-58.7164,-223.209,-217.878,-237.23,-351.994,4584.66,3803.41,3769.94,-30.0951,-14.0715,-88.555,-84.6536,-56.0475,-52.1064,67.1844,-51.7406,6.51969,3.38585,2.89362,-14.3034,-54.4879,57.0754,-43.9111,-366.066,7.2474,2.37837,1.7345,0,LLLIYLLATLLGGLLVLLILI,0.2722907431140529,0.0008412298290846,D,14,-91.95360181817956,-94.55118864304988,-88.51291631193469,-92.22124599809376,-90.9768442215938,-93.88975382898757,-32.50750000000001,-11.608700000000006,14.020999999999987,781.25,-0.04160960000000001,-0.014859136000000007,0.017946879999999985,-0.038521728
SYLLGLLLGTLLIFL,Mutant,,clash,,LLLSYLLGLLLGTLLGFLILI,0.5097596223389069,LLLSYLLGLLLGTLLIFLILI_2,110011001100110000,1,-80.3097,-80.3955,-58.7772,-236.721,-233.791,-256.232,-358.347,4622.48,3723.27,3517.37,-30.0924,698109.0,-71.4092,698065.0,-43.338,-84.2316,49.7436,-46.0174,6.90992,5.85013,5.09628,687126.0,-87.0744,32.7223,-38.1858,697567.0,6.9066,3.97867,2.9695,2,LLLSYLLGLLLGTLLIFLILI,0.3795849429200434,0.0007149498259154,D,14,-90.64317669780856,-89.5351592581844,-88.29599000047395,-86.91002312109799,-91.82006652764856,-90.85141417100864,-28.071199999999997,-21.532500000000006,19.511000000000024,899.2099999999996,-0.03121762435915972,-0.023946019283593394,0.021697934853927372,-0.03346537516264278
YFLLGTLLGVLLILL,Mutant,,clash,15.0,LLLYFLLGTLLGVLLALLILI,0.5666544755489703,LLLYFLLGTLLGVLLILLILI_2,110011001100110000,1,-66.9244,-66.418,-58.7571,-238.323,-228.759,-249.588,-345.904,4711.42,3765.85,3579.13,-30.0768,219.923,-70.7339,169.195,-37.5588,-79.1755,55.7004,-49.2731,6.9252,5.89588,5.23138,204.223,-72.9898,49.7856,-44.4885,-125.981,6.6061,4.16952,3.4163,2,LLLYFLLGTLLGVLLILLILI,0.5766784268909734,0.0016893306095386,D,15,52.16410960259456,36.26567685337029,9.955213597435195,-1.5331431075128297,66.73714644522421,49.3160915297111,-33.17510000000001,-8.167300000000004,11.264999999999986,945.5700000000002,-0.03508476368751124,-0.008637435620842458,0.011913449030743345,-0.031808115739712546
TYLLVLLLGALLGWL,WT,LLLTYLLVLLLGALLIWLILI,clash,,,,LLLTYLLVLLLGALLGWLILI_2,110011001100110000,1,-55.6136,-53.5046,-44.9494,-234.954,-233.426,-251.261,-352.37,4602.08,3768.63,3593.9,-30.069,-24.6685,-91.871,-90.1079,-56.1595,-51.8417,51.2636,-48.1919,6.69454,1.19684,0.465797,-25.6566,-48.7389,54.7657,-43.6502,-381.573,6.8404,1.20421,0.525696,2,LLLTYLLVLLLGALLGWLILI,0.5024356869514622,0.0018340071156857,D,13,-92.68411101391555,,-89.59689715888528,,-92.5659310017139,,-35.711499999999994,-10.664200000000001,16.306999999999988,833.4499999999998,-0.04284780130781691,-0.012795248665186878,0.01956566080748694,-0.03607774911512389
LLLLGFLLGVLLGTL,Mutant,,clash,,LLLALLLGFLLGVLLGTLILI,0.3611281629132348,LLLLLLLGFLLGVLLGTLILI_0,110011001100110000,1,-68.8555,-73.7921,-58.7392,-217.148,-208.136,-235.958,-347.966,4541.86,3441.87,3402.56,-30.0243,482.48,-91.9869,416.442,-53.2681,-88.0138,46.0187,-40.9958,7.15818,5.91459,5.10487,479.126,-83.578,48.738,-35.1079,134.514,6.9512,5.61633,4.8474,0,LLLLLLLGFLLGVLLGTLILI,0.714200942793404,0.0004252041578146,D,16,-41.550668023220624,-51.74322644115144,-39.95544885510181,-50.426186064997495,-36.246941971417776,-47.36437901135198,-38.71880000000001,-10.11630000000001,18.810000000000002,1099.9899999999998,-0.03519922908390078,-0.009196719970181557,0.017100155455958697,-0.02729506631878472
IYLLGVLLGTLLGLL,Mutant,,clash,,LLLSYLLGVLLGTLLGLLILI,0.2346309786136329,LLLIYLLGVLLGTLLGLLILI_2,110011001100110000,1,-70.8464,-71.2325,-58.6631,-218.743,-218.586,-236.128,-347.476,4559.52,3559.71,3582.51,-29.9369,-19.5697,-87.8238,-77.2268,-52.6844,-84.5815,43.6027,-43.7318,6.95225,5.07359,4.22763,-25.197,-84.4885,38.2202,-42.7314,-373.286,6.9435,4.333,3.4063,2,LLLIYLLGVLLGTLLGLLILI,0.8353463210230434,0.0017875488278644,D,15,15.916253151853866,20.179166634303364,12.045254002277902,16.165808376176333,27.70166358967712,32.39799502418707,-35.13940000000001,-12.183300000000003,17.38499999999999,999.8100000000004,-0.0351460777547734,-0.012185615266900708,0.01738830377771775,-0.029942589091927457
ILLLGVLLGTLLGFL,Mutant,,clash,,LLLALLLGVLLGTLLGFLILI,0.299968352234796,LLLILLLGVLLGTLLGFLILI_0,110011001100110000,1,-64.9624,-70.1212,-58.7067,-225.16,-215.471,-235.182,-345.686,4534.85,3692.26,3504.94,-29.933,108.137,-85.4966,48.043,-51.7972,-97.5629,43.7453,-39.5487,7.1034,7.04005,6.19623,48.7565,-97.484,35.8407,-36.8474,-237.549,6.7321,5.96109,4.9987,0,LLLILLLGVLLGTLLGFLILI,0.7166221604052283,0.0003587345151546,D,14,-53.0882292828671,-62.72512149932319,-49.26968985201709,-59.69100892674032,-48.15232692119746,-58.80318126961351,-33.699400000000004,-6.2557000000000045,10.021999999999991,842.5900000000001,-0.039995015369278054,-0.00742437009696294,0.011894278356021302,-0.03552498842853582
FLLLGLLLGVLLGTL,WT,LLLFLLLLLLLGVLLGTLILI,clash,,,,LLLFLLLGLLLGVLLGTLILI_0,110011001100110000,1,-66.7824,-66.6376,-58.7224,-217.978,-213.588,-234.862,-346.955,4617.49,3660.36,3626.13,-29.8713,-24.1721,-92.0658,-90.9015,-53.3703,-66.9068,47.8054,-44.0728,6.55508,2.98975,2.20683,-23.9137,-69.6978,38.4736,-44.8571,-371.127,6.5368,2.1486,1.2257,0,LLLFLLLGLLLGVLLGTLILI,0.6554897845588566,0.0011774468508914,D,13,-20.93362465117576,-25.80439210273041,-27.104968678037388,-31.595559581903228,-10.43913222754404,-15.956397408280006,-38.695499999999996,-8.059999999999995,16.883999999999986,957.1299999999997,-0.04042867740014419,-0.008421008640414571,0.017640236958406896,-0.031209240124121084
YALLIFLLGLLLGTL,Mutant,,clash,,LLLYALLAFLLGLLLGTLILI,0.317349150236944,LLLYALLIFLLGLLLGTLILI_0,110011001100110000,1,-58.7014,-63.8374,-58.7014,-244.422,-235.507,-247.037,-342.774,4689.84,3520.65,3563.63,-29.8324,1005.66,-69.4825,962.229,-37.0353,-72.0702,62.6747,-37.5331,7.95538,5.77162,5.21174,858.134,-66.7471,49.0629,-35.0,662.884,7.0844,3.13556,2.3715,0,LLLYALLIFLLGLLLGTLILI,0.8351284238923474,0.0012643840941804,D,15,-78.31497447386876,-83.06144155875917,-70.9315580658214,-77.29412391493074,-74.91043703523077,-80.40209692020801,-32.4472,0.0,2.615000000000009,1169.19,-0.02775186240046528,0.0,0.0022365911442964862,-0.025515442314764922
TVLLGALLGLLLGFL,WT,LLLTVLLGALLLLLLGFLILI,clash,,,,LLLTVLLGALLGLLLGFLILI_2,110011001100110000,1,-55.5036,-54.7637,-44.9562,-220.783,-219.614,-236.351,-335.401,4479.96,3709.42,3667.49,-29.7779,-6.60266,-88.8924,-67.6261,-54.0932,-83.8562,44.9066,-45.9615,6.44324,5.14082,4.31442,-10.1052,-94.6454,29.8466,-40.7669,-345.064,7.1745,4.7261,3.6738,2,LLLTVLLGALLGLLLGFLILI,0.4787205510776864,0.0011365559648513,D,13,-27.564796445007865,-32.608440174233536,-22.20962802144277,-27.626150686777954,-23.49404661883562,-28.82113556290676,-34.79919999999999,-10.547399999999996,15.568000000000012,770.54,-0.04516209411581487,-0.013688322475147294,0.020204012770265026,-0.03864549536688556
STLLGLLLGVLLAIL,WT,LLLSTLLLLLLGVLLAILILI,clash,,,,LLLSTLLGLLLGVLLAILILI_0,110011001100110000,1,-71.1555,-70.6421,-44.9407,-219.447,-218.958,-255.202,-371.958,4467.63,3538.06,3569.67,-29.6875,-29.1276,-111.043,-111.485,-71.8147,-70.826,63.6285,-36.3304,6.64979,5.71375,5.16818,-29.3253,-70.6341,63.5646,-35.8262,-401.086,6.7474,5.67633,5.1298,0,LLLSTLLGLLLGVLLAILILI,1.0878044797485409,0.0060419202533666,D,13,-74.68078260849732,-80.56467320366161,-67.2367189411895,-74.85052304531463,-73.26274464456898,-79.47617071117102,-39.228300000000004,-26.214800000000004,35.754999999999995,929.5700000000002,-0.04220047979173166,-0.028200996159514612,0.038464020998956495,-0.03193680949256107
TILLASLLGLLLGFL,Mutant,,clash,,LLLTALLASLLGLLLGFLILI,0.2454659099824187,LLLTILLASLLGLLLGFLILI_0,110011001100110000,1,-67.6679,-65.3299,-60.2627,-228.18,-217.746,-238.858,-357.195,4500.62,3765.26,3631.58,-29.5938,13.7923,-90.9404,-60.3258,-58.0742,-53.4601,84.2821,-43.2835,6.32683,5.8971,5.66133,13.864,-57.4425,60.2182,-40.5871,-343.402,6.8394,3.24583,2.6491,0,LLLTILLASLLGLLLGFLILI,0.2493546043773139,0.0009340700249122,D,15,-19.98205232251162,-29.46347178398328,-22.751589789638786,-31.90484354326285,-12.415383271630368,-22.793386128201075,-32.8662,-7.405200000000001,10.677999999999997,735.3599999999997,-0.044694027415143625,-0.01007016971279374,0.01452077893820714,-0.040243962140992184
LLLLGILLGVLLGTL,Mutant,,clash,,LLLALLLGILLGVLLGTLILI,0.546183197034281,LLLLLLLGILLGVLLGTLILI_0,110011001100110000,1,-66.3087,-70.9803,-58.7478,-216.375,-198.116,-235.022,-362.318,4514.32,3652.98,3556.11,-29.4523,233.89,-109.087,140.668,-68.5484,-84.79,49.3734,-49.8384,6.83344,5.88392,5.12452,185.238,-86.55,35.742,-43.5248,-128.429,6.8226,4.30767,3.3438,0,LLLLLLLGILLGVLLGTLILI,0.5724821297486835,0.000534354237063,D,16,-31.496988220930326,-44.24587411027348,-32.63725569822837,-45.17392989681718,-22.65047689771617,-37.04575993733615,-40.5386,-7.560900000000004,18.64699999999999,861.3399999999997,-0.04706457380360835,-0.008778066733229626,0.021648826247474863,-0.03419358209301787
TFLLAVLLGILLALL,WT,LLLTFLLAVLLGILLLLLILI,clash,,,,LLLTFLLAVLLGILLALLILI_1,110011001100110000,1,-52.8819,-52.2553,-44.9822,-228.43,-228.094,-244.02,-350.997,4590.62,3754.26,3690.36,-29.3791,-25.6603,-99.0645,-96.308,-61.9947,-69.6347,39.4706,-45.0917,6.74059,2.27374,1.3658,-27.8453,-70.6256,40.5984,-41.2559,-378.819,6.8843,2.57462,1.6836,1,LLLTFLLAVLLGILLALLILI,0.4890902082551986,0.0003484508599168,D,13,-96.18022329544485,-96.61491654214905,-94.5995678366601,-95.21414077436312,-96.18406770280342,-96.61832345327537,-37.069799999999994,-7.899700000000003,15.590000000000003,836.3599999999997,-0.04432277966425942,-0.00944533454493281,0.018640298436080168,-0.0351273375101631
LVLLGLLLGFLLGTL,Mutant,,clash,,LLLAVLLGLLLGFLLGTLILI,1.2869269115410429,LLLLVLLGLLLGFLLGTLILI_1,110011001100110000,1,-64.3428,-65.0179,-58.754,-220.862,-213.423,-236.476,-348.352,4560.61,3709.84,3625.86,-29.312,-10.2974,-92.4589,-80.2078,-53.1219,-85.7677,42.756,-46.2785,7.17986,5.13721,4.27855,-16.9435,-80.2804,39.355,-44.6447,-365.972,7.3257,3.85498,2.9453,1,LLLLVLLGLLLGFLLGTLILI,0.6114700426815242,0.0009124723057721,D,16,-53.35873943500359,-58.43171556189157,-41.873888847520696,-48.19602445563637,-39.13334235285152,-45.75355581678993,-39.337,-5.588799999999999,15.614000000000004,850.7699999999995,-0.04623693830294912,-0.006569107984531662,0.018352786299469907,-0.034453495069172654
STLLGALLGFLLALL,WT,LLLSTLLGALLLFLLALLILI,clash,,,,LLLSTLLGALLGFLLALLILI_0,110011001100110000,1,-71.8319,-70.3688,-44.9255,-218.506,-216.985,-253.403,-353.562,4503.59,3556.67,3603.05,-29.2931,-25.1552,-92.5171,-91.363,-55.233,-68.128,66.2083,-37.1398,6.29884,5.65732,5.15044,-25.1198,-68.8242,63.6738,-35.7825,-378.717,6.5843,5.41959,4.8747,0,LLLSTLLGALLGFLLALLILI,1.3627230225988596,0.0006288235063374,D,13,-95.9996409783433,-96.2636662581112,-92.97935818792354,-93.4427233280394,-93.88144849723614,-94.28527531966532,-37.2841,-26.906400000000005,34.89699999999999,946.9200000000001,-0.03937407595150593,-0.028414649600811054,0.03685316605415451,-0.030935137075993744
LFLLGTLLGVLLGLL,Mutant,,clash,,LLLAFLLGTLLGVLLGLLILI,0.3190681486087261,LLLLFLLGTLLGVLLGLLILI_0,110011001100110000,1,-58.6867,-71.5771,-58.6867,-233.043,-214.803,-236.804,-346.148,4611.63,3528.14,3441.74,-29.2462,3717.74,-83.6645,3657.97,-50.6574,-98.1883,48.8854,-37.0565,8.39465,7.82777,7.06105,3296.7,-94.1397,39.8563,-36.5769,3371.59,6.9528,6.00156,5.0994,0,LLLLFLLGTLLGVLLGLLILI,1.0395722417390998,0.000216039109099,D,16,-90.01879643720736,-92.71620129077812,-84.19811429673457,-88.4685495126288,-86.37846383857558,-90.05966295687467,-33.0071,0.0,3.7609999999999957,1083.4900000000002,-0.030463686789910377,0.0,0.0034711903201690786,-0.02699258876408642
YFLLATLLGILLALL,WT,LLLYFLLATLLGILLILLILI,clash,,,,LLLYFLLATLLGILLALLILI_0,110011001100110000,1,-65.7638,-65.5441,-58.7538,-230.213,-223.947,-247.941,-346.452,4692.79,3958.01,3673.76,-29.2132,-24.4032,-79.6881,-81.3638,-39.7575,-63.7509,54.8001,-44.5601,6.88966,3.46064,2.78265,-24.9877,-61.1147,46.9486,-44.0887,-370.855,6.8999,2.00527,1.2095,0,LLLYFLLATLLGILLALLILI,0.4016350801642872,0.0021578219315296,D,13,-95.09010291743829,,-93.38662014773244,,-95.1240962335233,,-39.930600000000005,-7.010000000000005,17.72800000000001,734.7799999999997,-0.05434361305424756,-0.009540270557173587,0.024126949563134565,-0.03975775061923298
ALLLGTLLGYLLLFL,Mutant,,clash,,LLLALLLGTLLGYLLGFLILI,0.5717235867422649,LLLALLLGTLLGYLLLFLILI_1,110011001100110000,1,-69.5924,-46.2843,-58.7311,-235.847,-232.056,-243.262,-348.093,4596.48,3841.99,3428.98,-29.2049,153238.0,-71.8587,153168.0,-46.0997,-76.2254,76.2262,-46.1264,8.81217,8.22435,7.86775,138354.0,-77.9303,55.657,-35.0,152941.0,7.3057,5.70324,5.0381,1,LLLALLLGTLLGYLLLFLILI,0.8014818842415664,0.0008374038238632,D,16,-67.103319806384,-73.6263797569013,-57.014319779247046,-65.53792056338187,-59.3566655805766,-67.4158042367098,-25.759,-10.8613,7.414999999999992,754.4899999999998,-0.03414094288857375,-0.014395551962252652,0.009827830720089059,-0.03870813397129187
AYLLLLLLGTLLAFL,Mutant,,clash,,LLLAYLLGLLLGTLLAFLILI,0.7083525692713167,LLLAYLLLLLLGTLLAFLILI_0,110011001100110000,1,-64.5902,-67.529,-58.7534,-229.983,-224.058,-245.148,-351.917,4647.9,3831.99,3558.29,-29.1619,501341.0,-86.5065,501281.0,-48.016,-72.6653,43.7511,-52.7819,6.89459,3.3062,2.46246,393683.0,-65.2452,51.3028,-41.1052,500989.0,6.5503,3.21266,2.4822,0,LLLAYLLLLLLGTLLAFLILI,0.3376480652994064,0.0007651012715536,D,16,-93.32416375771538,-93.772346050378,-91.36594951454876,-91.94559652821036,-94.989945761371,-95.3262957725966,-38.490500000000004,-5.836799999999997,15.164999999999992,815.9099999999999,-0.0471749335098234,-0.007153730190829868,0.018586608817148943,-0.03574156463335417
VFLLATLLGILLALL,WT,LLLVFLLATLLGILLLLLILI,clash,,,,LLLVFLLATLLGILLALLILI_0,110011001100110000,1,-66.2771,-67.05,-58.7317,-223.589,-219.145,-239.096,-353.95,4589.92,3672.02,3647.47,-29.1435,-25.1205,-93.2278,-92.8761,-56.1229,-54.8776,54.0228,-44.3061,6.84536,2.02471,1.33505,-24.7678,-57.4619,46.8821,-41.5356,-379.071,6.7733,1.44837,0.651602,0,LLLVFLLATLLGILLALLILI,0.476351610059922,0.0034896277771974,D,13,-64.9427700911778,-67.29672308757098,-54.88853117960982,-57.91758616991105,-70.57991390511843,-72.55535520488195,-37.1049,-7.545400000000008,15.507000000000005,917.9000000000001,-0.04042368449722192,-0.008220285434143161,0.01689399716744744,-0.03175019065257653
TYLLVLLLGALLGFL,WT,LLLTYLLVLLLIALLGFLILI,clash,,,,LLLTYLLVLLLGALLGFLILI_2,110011001100110000,1,-52.5906,-54.1742,-44.9789,-231.378,-227.382,-246.891,-335.446,4639.06,3904.83,3688.97,-28.9363,50.7265,-80.4138,-3.16331,-43.5764,-55.4149,53.3324,-51.0794,6.50192,2.0121,1.31209,-13.5464,-50.0013,58.0794,-44.4947,-348.834,6.7586,1.84091,1.2121,2,LLLTYLLVLLLGALLGFLILI,0.5221592789937258,0.001582253601428,D,13,-96.76090035046852,-97.38676661489636,-95.549768178555,-96.40965217944655,-96.3474452873846,-97.05320028752284,-36.837399999999995,-7.611699999999999,15.513000000000005,734.2300000000005,-0.050171472154501955,-0.010366914999387106,0.021128256813260145,-0.039410402734837834
AYLLGLLLGFLLITL,Mutant,,clash,,LLLAYLLGLLLGFLLGTLILI,0.6402763977462113,LLLAYLLGLLLGFLLITLILI_2,110011001100110000,1,-66.872,-70.3421,-58.7779,-229.583,-220.755,-244.592,-345.77,4593.18,3761.67,3396.06,-28.9335,205153.0,-78.2491,205098.0,-42.401,-87.6112,55.7738,-52.2786,7.63214,7.17114,6.50775,137935.0,-85.1121,47.6719,-35.0,204807.0,7.4675,5.70252,4.9176,2,LLLAYLLGLLLGFLLITLILI,0.5451855022476854,0.0008673520713591,D,14,-80.9119887837057,-82.5249974681342,-74.86530426018948,-76.98928051153271,-81.03005565289958,-82.63308724316175,-35.848099999999995,-8.094099999999997,15.009000000000015,831.5100000000002,-0.04311204916356987,-0.00973421847001238,0.0180502940433669,-0.0347963343796226
TALLAFLLGVLLGLL,WT,LLLTALLAFLLGVLLLLLILI,clash,,,,LLLTALLAFLLGVLLGLLILI_2,110011001100110000,1,-51.8021,-50.6018,-44.9303,-220.117,-219.445,-239.285,-341.52,4517.73,3436.17,3462.73,-28.8691,-28.6289,-98.47,-100.102,-57.3041,-63.4094,54.1413,-37.9916,6.46227,3.32049,2.63261,-27.2472,-63.8279,50.3554,-37.6016,-369.178,6.5149,2.87217,2.1275,2,LLLTALLAFLLGVLLGLLILI,1.3315026949795257,0.0010976463318305,D,13,-92.9278444274844,-94.5092345950742,-86.89615732416665,-89.82628064409744,-88.77336184133037,-91.28372731861208,-41.1659,-6.8718,19.168000000000006,1081.5599999999995,-0.03806159621287771,-0.006353600355042719,0.017722548910832515,-0.026692092902844054
GYLLAALLGTLLFLL,WT,LLLLYLLAALLGTLLFLLILI,clash,,,,LLLGYLLAALLGTLLFLLILI_0,110011001100110000,1,-69.5659,-68.6074,-58.7134,-225.989,-227.405,-244.319,-342.018,4588.22,3673.36,3698.97,-28.8508,-28.1291,-75.3142,-74.1348,-38.9865,-58.8116,56.4152,-41.3681,6.97421,2.93779,2.28402,-28.1502,-59.0686,58.4114,-43.8449,-370.148,7.0021,3.24583,2.622,0,LLLGYLLAALLGTLLFLLILI,0.3474476089460739,0.0028256958609438,D,13,-93.01705519792804,-93.83335437153168,-90.39225086767814,-91.51538700854788,-92.52787689424184,-93.40136051600628,-36.3277,-10.8525,18.329999999999984,914.8600000000001,-0.03970847998600878,-0.011862470760553525,0.02003585248016088,-0.03153575410445313
IYLLALLLGTLLGFL,Mutant,,clash,,LLLSYLLALLLGTLLGFLILI,0.2664979833802642,LLLIYLLALLLGTLLGFLILI_0,110011001100110000,1,-70.788,-65.0976,-58.7203,-224.939,-211.085,-239.695,-340.479,4641.85,3857.06,3639.31,-28.8475,-2.78531,-73.5988,-67.0816,-42.0636,-61.0474,54.2099,-50.2976,6.22234,2.97544,2.28859,-4.03096,-58.9126,45.2347,-40.4016,-343.264,6.7135,1.44358,0.622101,0,LLLIYLLALLLGTLLGFLILI,0.2218964476622796,0.0007122577055902,D,14,-88.35273745603698,-87.76539491660245,-85.06356297789242,-84.31035553386378,-87.79663452046424,-87.18124909033901,-31.535199999999996,-12.067699999999995,14.756,784.7900000000004,-0.040182978886071405,-0.015376979828998825,0.01880248219268848,-0.03675824105811744
YFLLATLLGILLGLL,WT,LLLYFLLLTLLGILLGLLILI,clash,,,,LLLYFLLATLLGILLGLLILI_0,110011001100110000,1,-66.1047,-66.9884,-58.7389,-228.204,-227.071,-246.855,-342.228,4681.66,3720.6,3737.6,-28.835,-25.8344,-76.7548,-74.0029,-36.6341,-64.6746,55.7274,-47.6546,6.52467,3.72438,3.06029,-25.4033,-65.7313,50.1254,-42.5945,-368.063,6.5,3.12662,2.3785,0,LLLYFLLATLLGILLGLLILI,0.2946922741406395,0.0043733053939089,D,13,-69.36104217506121,-72.20312041789852,-69.75587613428964,-72.56132946933901,-73.44076416130292,-75.9044062588845,-40.12070000000001,-7.365799999999993,18.650999999999982,961.06,-0.041746300959357385,-0.007664245728674582,0.019406696772313888,-0.030003329656837247
IVLLGLLLGFLLGTL,Mutant,,clash,,LLLAVLLGLLLGFLLGTLILI,1.403015699103447,LLLIVLLGLLLGFLLGTLILI_0,110011001100110000,1,-65.1032,-63.9322,-58.754,-221.313,-212.415,-235.718,-346.253,4522.65,3671.79,3614.33,-28.7705,-15.8546,-88.6081,-85.7612,-51.7815,-75.8569,54.1925,-43.6281,6.99565,5.19452,4.50741,-15.5137,-80.2804,39.355,-44.6447,-362.108,7.3257,3.85498,2.9453,0,LLLIVLLGLLLGFLLGTLILI,0.4953812551191202,0.0008205349924333,D,14,121.12695881546634,113.51107705664477,51.36274684693354,46.14962950994395,155.05381854732153,146.2694544218539,-36.82659999999999,-6.349200000000003,14.405000000000001,850.8599999999997,-0.0432816209482171,-0.007462097172272766,0.016929929718167508,-0.03381343581787839
IYLLATLLGALLFLL,Mutant,,clash,,LLLSYLLATLLGALLFLLILI,0.1476582518995469,LLLIYLLATLLGALLFLLILI_2,110011001100110000,1,-71.0077,-67.3885,-58.746,-217.712,-218.129,-240.861,-343.356,4676.65,3716.75,3748.4,-28.7191,-18.0954,-83.3557,-75.9348,-43.7494,-61.2767,54.0471,-45.8239,6.55479,2.98786,2.29857,-14.4104,-54.8108,60.9952,-45.0,-358.681,6.8684,2.95597,2.3709,2,LLLIYLLATLLGALLFLLILI,0.2868828123007456,0.0009450055434267,D,14,-95.94834414814048,-97.3489730855007,-94.18322066427736,-96.19404037792924,-95.32214800157416,-96.9392485434863,-39.6063,-12.261699999999998,23.149,959.8999999999996,-0.04126086050630275,-0.012773934784873427,0.02411605375559955,-0.029918845713095128
YVLLATLLGLLLGFL,WT,LLLYVLLATLLGLLLLFLILI,clash,,,,LLLYVLLATLLGLLLGFLILI_1,110011001100110000,1,-65.4252,-65.8334,-58.7397,-232.462,-229.075,-245.106,-340.819,4609.0,3964.19,3669.2,-28.7009,-22.9675,-71.6326,-68.8772,-36.9734,-68.6735,58.7902,-43.12,7.05992,4.7377,4.11956,-24.8248,-65.984,55.7173,-41.1231,-367.059,6.918,3.91944,3.2552,1,LLLYVLLATLLGLLLGFLILI,0.4043203216377523,0.0010522063093208,D,13,-8.555167093955877,-18.369715451529363,-19.200566110786365,-27.87257004987208,4.517637986349659,-6.69998229505377,-34.6592,-6.685500000000005,12.644000000000005,644.81,-0.053751027434438055,-0.01036817046882028,0.019608877033544775,-0.04451063103860052
SYLLLTLLGALLFLL,Mutant,,clash,,LLLSYLLATLLGALLFLLILI,0.2466226745522937,LLLSYLLLTLLGALLFLLILI_1,110011001100110000,1,-66.4621,-66.3097,-58.746,-235.834,-236.395,-254.011,-360.05,4685.43,3804.99,3728.86,-28.6842,-18.4738,-86.438,-75.8193,-47.2929,-59.5269,54.0303,-51.3529,6.65824,2.72313,2.03358,-16.8462,-54.8108,60.9952,-45.0,-376.523,6.8684,2.95597,2.3709,1,LLLSYLLLTLLGALLFLLILI,0.1879183896479987,0.0007180210582859,D,17,-97.64558401752048,-97.71905815903212,-96.797030923568,-96.896985818935,-97.60441743378962,-97.6791762588156,-39.1451,-7.716100000000004,18.176999999999992,880.4400000000005,-0.04446083776293669,-0.008763913497796556,0.02064535913861249,-0.03257939212212074
LYLLAALLGILLTLL,Mutant,,clash,,LLLGYLLAALLGILLTLLILI,0.628835645935089,LLLLYLLAALLGILLTLLILI_2,110011001100110000,1,-66.8982,-62.8842,-58.7374,-222.611,-218.549,-240.727,-362.151,4598.34,3674.84,3681.14,-28.6427,-14.6814,-101.285,-95.3994,-62.6871,-68.0791,57.882,-43.37,7.50133,4.52594,3.89417,-14.7562,-63.8286,63.5081,-39.1011,-376.862,7.5,4.64788,4.1005,2,LLLLYLLAALLGILLTLLILI,0.1495462396537347,0.0013175917867419,D,16,-86.06154573655529,-89.38945209245071,-81.75680241207436,-86.11249724431535,-84.9678030696712,-88.55684836565581,-38.597899999999996,-8.160800000000002,18.116000000000014,923.5,-0.04179523551705468,-0.008836816459122904,0.019616675690308623,-0.03101537628586898
YFLLLALLGLLLGTL,Mutant,,clash,,LLLYFLLAALLGLLLGTLILI,0.0647310403817037,LLLYFLLLALLGLLLGTLILI_0,110011001100110000,1,-67.2524,-66.7585,-58.6834,-229.039,-218.949,-246.05,-342.384,4763.65,3743.62,3746.75,-28.618,2735.5,-74.711,2678.82,-37.6511,-70.8933,59.3855,-52.1039,7.01009,5.15103,4.54181,2728.45,-60.9139,62.9834,-44.4576,2393.11,6.862,4.13985,3.5846,0,LLLYFLLLALLGLLLGTLILI,0.1728608578302677,0.0001018571601501,D,17,-32.95774343990252,-44.373132015767055,-37.639192246439904,-48.25746330319562,-41.61889978932529,-51.55953989582187,-37.0599,-8.568999999999996,17.011000000000024,1020.0299999999997,-0.03633216670097939,-0.008400733311765338,0.016676960481554492,-0.028056037567522528
YLLLGILLGFLLLTL,Mutant,,clash,,LLLYLLLGILLGFLLATLILI,1.0848674705696828,LLLYLLLGILLGFLLLTLILI_1,110011001100110000,1,-62.4664,-60.4922,-58.7512,-240.666,-239.439,-250.178,-351.062,4761.68,3874.45,3576.33,-28.614,27087.5,-76.5437,27036.3,-42.1326,-89.1213,48.9217,-52.2577,7.79318,6.47263,5.70645,14895.8,-86.6913,38.1487,-45.0,26713.6,6.9063,4.65377,3.726,1,LLLYLLLGILLGFLLLTLILI,0.1003658020884548,0.0010114706756769,D,17,128.67552213654022,103.73917060101805,30.935543278362537,16.657431195451064,121.98443022337626,97.77772136471008,-34.411100000000005,-3.715200000000003,9.512,887.2300000000005,-0.03878486976319555,-0.004187414762801079,0.01072100808133178,-0.03225093831362779
LTLLGILLGLLLGFL,Mutant,,clash,,LLLATLLGILLGLLLGFLILI,0.5947122426846716,LLLLTLLGILLGLLLGFLILI_0,110011001100110000,1,-54.4382,-58.159,-44.9292,-212.081,-204.516,-238.255,-345.129,4558.29,3661.67,3448.35,-28.5461,48.4495,-107.156,-34.0045,-61.9457,-82.7263,46.1482,-48.3107,6.51564,5.13895,4.33117,48.8725,-81.6776,47.767,-35.1198,-296.68,6.6099,5.20019,4.4167,0,LLLLTLLGILLGLLLGFLILI,0.4874717850800985,0.0011138782397706,D,16,-53.09865555463297,-64.71974643618502,-46.10884538390324,-59.46185291303598,-43.49522104429784,-57.49582548861435,-45.210300000000004,-9.509,26.174000000000007,896.6199999999999,-0.050423033169012525,-0.010605384666859986,0.02919185385112981,-0.031837456224487526
ILLLGILLGVLLGTL,Mutant,,clash,,LLLALLLGILLGVLLGTLILI,0.0727120065364022,LLLILLLGILLGVLLGTLILI_0,110011001100110000,1,-68.7709,-70.9803,-58.7478,-211.67,-202.575,-234.262,-360.184,4485.61,3547.71,3553.23,-28.5445,-15.2808,-108.287,-101.91,-67.1737,-85.5304,45.6832,-43.9512,6.85538,5.4968,4.68205,-18.6403,-86.55,35.742,-43.5248,-375.464,6.8226,4.30767,3.3438,0,LLLILLLGILLGVLLGTLILI,1.0459533202465623,0.0009675176761289,D,14,-59.89321939316446,-67.09521970070003,-50.4792347592096,-59.371710323124205,-48.8956341972976,-58.07247792942065,-41.11330000000001,-10.0231,22.592000000000013,937.8999999999996,-0.04383548352702849,-0.010686746987951811,0.02408785584817147,-0.030434481287983806
YALLALLLGTLLGFL,WT,LLLYALLALLLITLLGFLILI,clash,,,,LLLYALLALLLGTLLGFLILI_0,110011001100110000,1,-66.0334,-63.1759,-58.7298,-230.544,-222.849,-243.086,-337.005,4625.0,3879.78,3737.75,-28.5269,-12.6865,-68.9543,-63.6664,-35.189,-57.9398,75.1696,-40.3411,6.6284,5.33887,4.96641,-12.2226,-63.0279,55.5114,-39.6932,-349.691,7.1542,3.44823,2.7809,0,LLLYALLALLLGTLLGFLILI,0.0445236537434373,0.001539905572193,D,13,-33.38184902616543,-43.76897996615104,-26.22557100810313,-37.728511914741055,-26.52059787790147,-37.97753806727823,-33.7653,-7.303600000000003,12.542000000000002,745.2199999999998,-0.04530917044631117,-0.009800595797214252,0.016829929416816516,-0.0382798368267089
TGLLFLLLGVLLAIL,WT,LLLTGLLFLLLGVLLIILILI,clash,,,,LLLTGLLFLLLGVLLAILILI_0,110011001100110000,1,-52.0733,-49.2089,-45.052,-225.856,-220.788,-242.315,-345.044,4587.82,3616.32,3536.21,-28.5127,-24.7616,-95.6273,-99.8084,-57.6772,-72.7812,67.3781,-41.3011,6.64415,6.51322,6.02389,-25.042,-70.6341,63.5646,-35.8262,-369.806,6.7474,5.67633,5.1298,0,LLLTGLLFLLLGVLLAILILI,0.4159113572072705,0.0011526692650315,D,13,-75.0715649711054,-78.41955579070901,-69.80885401106562,-73.86364844509659,-77.12509964619862,-80.19729235685632,-37.950100000000006,-7.021300000000004,16.459000000000003,971.4999999999995,-0.039063407102418964,-0.00722727740607309,0.01694184251158004,-0.029349150797735472
SYLLATLLGGLLVLL,WT,LLLSYLLLTLLGGLLVLLILI,clash,,,,LLLSYLLATLLGGLLVLLILI_2,110011001100110000,1,-82.1777,-78.1045,-58.7164,-228.026,-228.164,-249.092,-361.635,4526.26,3695.53,3742.0,-28.4675,-24.7495,-79.899,-80.1156,-53.8266,-54.6463,57.4334,-44.2232,7.20262,2.45045,1.81195,-28.1528,-54.4879,57.0754,-43.9111,-389.89,7.2474,2.37837,1.7345,2,LLLSYLLATLLGGLLVLLILI,0.7025504468044761,0.0007336034205018,D,13,-97.54149164129156,,-95.98651586296732,,-96.96658990230544,,-26.072400000000002,-23.4613,21.066000000000003,830.73,-0.03138492651041855,-0.0282417873436616,0.02535841970315265,-0.03426805339881791
TYLLLILLGALLGFL,WT,LLLTYLLLILLGALLIFLILI,clash,,,,LLLTYLLLILLGALLGFLILI_1,110011001100110000,1,-53.7698,-55.8507,-44.9624,-232.255,-231.133,-248.012,-341.652,4610.61,3776.47,3712.86,-28.3903,-28.0188,-84.0181,-82.6869,-48.6779,-55.8479,55.8612,-46.1663,6.6208,2.41845,1.75637,-27.7347,-53.2783,54.8563,-43.0796,-369.554,6.5679,1.89735,1.2202,1,LLLTYLLLILLGALLGFLILI,0.3194981294310778,0.0006009499831931,D,13,-97.32521649643118,-98.0375520654198,-96.10868799945644,-97.1450036281124,-97.09886927934612,-97.87148455824628,-35.3402,-8.807399999999994,15.757000000000005,834.1399999999999,-0.04236722852278995,-0.01055865921787709,0.018890114369290535,-0.03403541371951951
LYLLSTLLGGLLFLL,Mutant,,clash,,LLLAYLLSTLLGGLLFLLILI,0.2712860558746062,LLLLYLLSTLLGGLLFLLILI_0,110011001100110000,1,-80.9288,-80.6789,-74.005,-226.678,-221.008,-242.485,-356.09,4680.98,3751.16,3699.79,-28.3819,-24.2522,-76.8646,-78.6547,-39.5997,-50.82,60.8012,-43.6287,7.2411,2.33116,1.74317,-22.5829,-48.4453,58.7094,-44.1259,-380.342,7.2194,1.69256,1.0732,0,LLLLYLLSTLLGGLLFLLILI,0.0270620623623542,0.000554058483039,D,16,-89.38932452362714,-91.8019271651491,-85.74629615217893,-88.9872324744045,-89.85234288135887,-92.15966671047872,-37.2649,-6.9238,15.807000000000016,929.8199999999997,-0.04007754188982815,-0.007446387472844209,0.017000064528618464,-0.030524079929448722
YFLLAILLGVLLGLL,WT,LLLYFLLAILLLVLLGLLILI,clash,,,,LLLYFLLAILLGVLLGLLILI_1,110011001100110000,1,-46.2266,-46.0474,-44.9933,-232.377,-231.962,-245.028,-332.824,4653.45,3574.51,3650.33,-28.3623,-24.397,-82.5825,-79.2113,-42.802,-72.8808,36.1962,-35.2723,6.89401,2.31861,1.36156,-23.1665,-71.1719,34.5088,-41.0473,-356.438,6.9662,1.83447,0.852102,1,LLLYFLLAILLGVLLGLLILI,0.2828357626476274,0.0017307709051445,D,13,-60.571073246054375,-68.69242866411038,-55.72422250013758,-64.84390581617323,-54.48137469640746,-63.85705302868161,-39.780499999999996,-1.2332999999999998,12.650999999999982,1078.9399999999996,-0.03686998350232637,-0.001143066342892098,0.011725397149053688,-0.026287189278365816
ITLLGLLLGVLLAIL,Mutant,,clash,,LLLSTLLGLLLGVLLAILILI,0.5812209125060078,LLLITLLGLLLGVLLAILILI_0,110011001100110000,1,-55.975,-54.7442,-44.9407,-218.09,-206.793,-236.204,-357.939,4511.88,3587.03,3583.92,-28.2459,25.3974,-112.12,-71.0045,-76.7939,-81.4619,59.4882,-41.5532,6.48054,6.75019,6.14251,25.2155,-70.6341,63.5646,-35.8262,-332.542,6.7474,5.67633,5.1298,0,LLLITLLGLLLGVLLAILILI,0.5065835672425331,0.000960337498008,D,14,22.342712538254105,4.795947971792882,10.94615115189854,-4.966083859309635,34.882621828992285,15.537345267461788,-35.32610000000001,-11.034300000000002,18.114000000000004,924.8499999999999,-0.038196572417148744,-0.01193090771476456,0.01958587879115533,-0.030541060712547984
LVLLGFLLGLLLGTL,Mutant,,clash,,LLLAVLLGFLLGLLLGTLILI,0.6016973583255261,LLLLVLLGFLLGLLLGTLILI_0,110011001100110000,1,-70.6523,-69.133,-58.7258,-215.448,-207.766,-236.489,-344.96,4567.69,3514.27,3587.91,-28.1827,-7.51149,-87.0429,-75.5722,-49.7452,-72.5384,61.9,-39.875,6.58584,5.73726,5.16576,-12.1352,-73.2945,52.8302,-38.1653,-352.472,6.8167,4.62625,3.9187,0,LLLLVLLGFLLGLLLGTLILI,1.0960319058501304,0.0016585525063808,D,16,-52.180889855667736,-57.86844329392812,-44.07936172157639,-50.7305021871808,-43.62583825447558,-50.33092031261185,-37.297700000000006,-11.926499999999997,21.040999999999997,1053.4199999999996,-0.0354062956845323,-0.011321695050407246,0.019973989481878077,-0.02675352660857019
ALLLGTLLGYLLIFL,Mutant,,clash,,LLLALLLGTLLGYLLGFLILI,0.7770717714460856,LLLALLLGTLLGYLLIFLILI_0,110011001100110000,1,-60.3367,-62.5034,-58.7311,-237.941,-220.14,-243.241,-345.749,4568.6,3850.97,3415.53,-28.1365,676234.0,-75.6081,676171.0,-43.7773,-78.4999,76.5388,-47.9829,8.50367,8.60772,8.2558,466013.0,-77.9303,55.657,-35.0,675889.0,7.3057,5.70324,5.0381,0,LLLALLLGTLLGYLLIFLILI,0.5961336995377456,0.0008965278338648,D,14,-15.41710923967114,-26.964838699461847,-19.93781722503612,-30.868354338804583,-4.479461962477993,-17.52046022105611,-31.830799999999996,-1.6056000000000026,5.300000000000011,717.6300000000006,-0.04435544779343112,-0.002237364658668118,0.0073854214567395556,-0.03920753034293435
VFLLATLLGLLLSIL,WT,LLLVFLLATLLILLLSILILI,clash,,,,LLLVFLLATLLGLLLSILILI_0,110011001100110000,1,-76.2834,-77.3091,-74.0732,-232.17,-225.242,-237.189,-365.463,4570.93,3640.56,3617.6,-28.0754,-22.0566,-85.0856,-84.969,-54.2015,-75.8386,59.8782,-39.9221,7.40951,5.95935,5.35752,-21.6896,-78.5324,48.359,-40.7581,-387.52,7.3267,4.80832,4.0337,0,LLLVFLLATLLGLLLSILILI,0.7377341439907471,0.0033440501446678,D,13,-60.576756203033625,-66.4699083727142,-56.744009548024735,-63.21009679585684,-52.32559942420325,-59.452169186915086,-30.884099999999997,-2.2102000000000004,5.0190000000000055,930.3700000000003,-0.03319550286445176,-0.002375614003031052,0.005394627943721319,-0.030176596407880722
AYLLGTLLGFLLILL,Mutant,,clash,,LLLAYLLGTLLGFLLGLLILI,0.7112685746446515,LLLAYLLGTLLGFLLILLILI_2,110011001100110000,1,-63.1405,-71.238,-58.7318,-233.716,-222.281,-245.608,-346.746,4595.67,3676.34,3447.14,-27.9866,109973.0,-77.8767,109919.0,-42.4066,-93.5333,51.4668,-46.9502,7.6219,7.47802,6.75002,83108.9,-87.9639,43.7708,-37.0981,109626.0,7.4797,5.60364,4.7602,2,LLLAYLLGTLLGFLLILLILI,0.5027199382902884,0.0022237006181853,D,14,-70.63453229358457,-74.70923919387194,-61.06950203846454,-66.47143774953226,-64.77839686183002,-69.66569206111369,-35.4701,-4.408700000000003,11.891999999999996,919.3299999999999,-0.03858255468656522,-0.00479555763436416,0.012935507380374835,-0.030442387390817227
YTLLALLLGVLLIFL,Mutant,,clash,,LLLYTLLALLLGVLLAFLILI,0.142796183395419,LLLYTLLALLLGVLLIFLILI_2,110011001100110000,1,-62.8739,-62.6265,-44.946,-238.81,-237.12,-252.177,-342.959,4751.32,4027.66,3655.91,-27.9834,1415.26,-69.2579,1372.05,-45.8354,-77.6744,51.331,-44.2712,8.76548,5.08085,4.35081,1312.12,-73.4033,37.0707,-43.7568,1058.08,7.4419,2.51504,1.5711,2,LLLYTLLALLLGVLLIFLILI,0.1633215630720293,0.0008453887650974,D,15,-60.46903290099359,-65.02182164753084,-60.29050797718778,-64.86385747201243,-64.68137710247416,-68.74902939310304,-23.422500000000007,-17.9279,13.36699999999999,723.6599999999999,-0.03236671917751432,-0.024773926982284505,0.01847138158803857,-0.038669264571760224
IYLLAALLGILLTLL,Mutant,,clash,,LLLGYLLAALLGILLTLLILI,0.528368971320361,LLLIYLLAALLGILLTLLILI_0,110011001100110000,1,-67.8748,-63.7423,-58.7374,-222.29,-219.816,-239.893,-359.856,4586.84,3632.52,3658.94,-27.939,25.531,-97.6308,-50.7666,-61.2257,-68.9792,58.146,-43.2761,7.48979,4.69659,4.06878,24.0506,-63.8286,63.5081,-39.1011,-334.325,7.5,4.64788,4.1005,0,LLLIYLLAALLGILLTLLILI,0.2500129142684628,0.0009646833307467,D,14,-77.08176044937164,-81.07543832430453,-71.7383813324881,-76.66318373421265,-76.55673205158972,-80.6419001254666,-36.40509999999999,-9.137399999999992,17.60300000000001,954.3200000000002,-0.038147686310671454,-0.009574775756559635,0.01844559476905022,-0.02927634336490904
ILLLGTLLGILLSFL,Mutant,,clash,,LLLALLLGTLLGILLSFLILI,0.5282477702114929,LLLILLLGTLLGILLSFLILI_2,110011001100110000,1,-84.7641,-69.8331,-74.0552,-218.76,-217.154,-239.875,-366.073,4547.59,3721.08,3582.47,-27.9343,810.986,-90.4825,731.9,-52.1422,-81.6131,44.1551,-46.7031,6.52861,4.70289,3.86522,78.9324,-70.183,60.097,-37.4728,-274.485,7.1099,5.14054,4.54199,2,LLLILLLGTLLGILLSFLILI,0.6282495927038139,0.0001816952783948,D,14,-91.68908046459966,-93.71566832245324,-90.06515031050404,-92.48772769975356,-92.21330373163023,-94.11206162996572,-38.3403,-10.7089,21.11500000000001,826.5100000000002,-0.04638818647082309,-0.01295677003303045,0.02554718031239792,-0.03379789718212725
VYLLFTLLGGLLLLL,Mutant,,clash,,LLLVYLLFTLLGGLLALLILI,0.2657818809155142,LLLVYLLFTLLGGLLLLLILI_2,110011001100110000,1,-63.4102,-66.5267,-58.7506,-230.318,-223.81,-243.487,-345.37,4681.38,3721.7,3725.19,-27.8665,2899.29,-79.5088,2844.26,-43.1329,-47.1563,71.3088,-48.1167,6.89918,3.20013,2.76977,2807.24,-44.9843,61.9817,-41.7735,2553.92,6.6369,1.61517,1.04489,2,LLLVYLLFTLLGGLLLLLILI,0.1709945434248415,0.0007422925071557,D,17,-96.28646210587628,-96.65787022491092,-94.82740745532342,-95.34474238560402,-96.40359850378246,-96.7632912693032,-36.375899999999994,-4.659600000000005,13.168999999999983,959.6800000000003,-0.037904197232410786,-0.004855368456152054,0.013722282427475804,-0.029037283261087017
TGLLFLLLGVLLALL,WT,LLLTGLLFLLLGVLLLLLILI,clash,,,,LLLTGLLFLLLGVLLALLILI_2,110011001100110000,1,-46.833,-51.6868,-45.0314,-230.358,-224.901,-244.969,-349.119,4727.05,3692.91,3629.29,-27.8255,1.25884,-99.7543,-71.2723,-59.1193,-69.5746,64.1774,-39.2963,7.46426,5.60014,5.0628,-21.5208,-63.2594,57.5053,-40.4165,-370.731,7.4344,3.75212,3.1147,2,LLLTGLLFLLLGVLLALLILI,0.3248674803248565,0.0010368402723721,D,13,-96.82839130196987,-97.37270729383395,-95.5875434821469,-96.34481554019244,-96.94335763240406,-97.46794293926273,-40.635,-1.8016000000000005,14.61099999999999,1034.1400000000003,-0.039293519252712385,-0.0017421238903823466,0.014128647958690298,-0.026906898485698254
AVLLGLLLGLLLIFL,Mutant,,clash,,LLLAVLLGLLLGLLLGFLILI,1.1610856528564495,LLLAVLLGLLLGLLLIFLILI_2,110011001100110000,1,-44.9261,-52.8486,-44.9261,-239.832,-229.713,-239.442,-352.149,4539.33,3805.86,3617.56,-27.7782,195684.0,-95.1692,195614.0,-67.781,-76.1894,66.0558,-42.1515,8.35822,6.84593,6.33677,89618.0,-77.4724,32.2036,-43.8153,67904.6,7.0393,2.46835,1.4514,2,LLLAVLLGLLLGLLLIFLILI,0.4517268192907957,0.0011423259666748,D,14,-16.323074965070496,-24.13152336584547,-18.786620060953425,-26.365178742954026,-18.435372983162488,-26.04670885770104,-27.388199999999998,0.0,-0.38999999999998636,733.4699999999998,-0.03734058652705633,0.0,-0.0005317190887152664,-0.037872305615771616
VGLLFLLLGTLLSYL,Mutant,,clash,,LLLVGLLFALLGTLLSYLILI,0.0226560931699034,LLLVGLLFLLLGTLLSYLILI_0,110011001100110000,1,-72.426,-73.6548,-74.0315,-228.374,-221.59,-243.248,-352.982,4654.79,3624.96,3520.09,-27.6629,-17.8512,-79.8457,-75.5888,-35.703,-56.86,77.0582,-38.2678,6.81481,5.43185,5.08772,-16.5867,-59.8906,63.2894,-39.6145,-370.834,6.7452,4.02766,3.477,0,LLLVGLLFLLLGTLLSYLILI,0.1974278148371936,0.0009614162055864,D,17,61.23248043960321,48.9309247542073,23.5988359698053,14.168614719179384,39.10202290396687,28.48895489162329,-44.14269999999999,1.6054999999999922,14.873999999999995,1029.83,-0.04286406494275754,0.0015589951739607432,0.01444316052163949,-0.02686161793694105
TYLLAVLLGLLLGFL,WT,LLLTYLLAVLLLLLLGFLILI,clash,,,,LLLTYLLAVLLGLLLGFLILI_1,110011001100110000,1,-56.2147,-55.8851,-44.9499,-227.645,-229.824,-248.914,-340.752,4609.56,3758.96,3638.37,-27.6551,-24.5119,-84.5474,-79.5545,-46.8871,-65.3743,47.8812,-39.703,6.37952,2.77011,1.98833,-27.2275,-65.7313,50.1254,-42.5945,-368.084,6.5,3.12662,2.3785,1,LLLTYLLAVLLGLLLGFLILI,0.8427539007694191,0.0006510268832293,D,13,-96.00352289953072,,-93.54808881260468,,-94.67886782514478,,-37.6603,-11.264800000000001,21.268999999999977,850.6000000000004,-0.04427498236538912,-0.013243357629908296,0.02500470256289674,-0.03251246179167645
IVLLGSLLGILLTLL,Mutant,,clash,,LLLAVLLGSLLGILLTLLILI,1.19579742507778,LLLIVLLGSLLGILLTLLILI_2,110011001100110000,1,-82.1511,-78.6739,-74.0355,-215.175,-203.364,-237.924,-380.078,4491.9,3586.57,3614.38,-27.6328,23.606,-110.385,-74.4347,-68.1192,-79.5416,50.4418,-49.4739,6.38323,5.24088,4.4975,23.4918,-69.2457,60.3937,-41.8114,-360.118,6.8012,5.04,4.4459,2,LLLIVLLGSLLGILLTLLILI,0.2367181260698841,0.0004355212927161,D,14,-13.724883668668877,-27.513043644754354,-17.840759649148943,-30.971136026976005,-12.264353078854024,-26.285929482278707,-42.2658,-8.1156,22.748999999999995,905.3299999999995,-0.046685517987916036,-0.008964245081903842,0.025127853931715516,-0.030522350965946136
VYLLALLLGTLLAFL,WT,LLLVYLLILLLGTLLAFLILI,clash,,,,LLLVYLLALLLGTLLAFLILI_0,110011001100110000,1,-69.0365,-68.9715,-58.759,-223.051,-221.099,-241.001,-343.224,4640.66,3773.45,3654.92,-27.3546,-25.9361,-78.4913,-79.0897,-43.4639,-57.6089,45.8891,-45.0852,6.61397,1.33636,0.524697,-25.8883,-56.7125,44.1422,-44.865,-369.16,6.5,0.966067,0.128199,0,LLLVYLLALLLGTLLAFLILI,0.4652440854080169,0.0031690804932486,D,13,-74.07186577722048,,-69.66063615459912,,-71.98459374903759,,-35.02739999999999,-10.277500000000003,17.950000000000017,867.21,-0.040390908776420924,-0.011851224040313193,0.020698562055326872,-0.031543224824436986
LFLLATLLGVLLAIL,WT,LLLLFLLATLLGVLLIILILI,clash,,,,LLLLFLLATLLGVLLAILILI_1,110011001100110000,1,-65.6168,-66.6266,-58.7606,-222.019,-219.682,-239.06,-351.637,4601.64,3651.93,3647.07,-27.314,-18.2145,-91.3151,-83.5429,-53.8163,-65.9531,47.5151,-43.1827,6.84042,2.8075,2.02022,-22.6845,-60.6662,45.6178,-42.1957,-374.572,6.5,1.75833,0.942597,1,LLLLFLLATLLGVLLAILILI,0.5656625987458392,0.0010185624023195,D,13,-50.81752684971633,-59.62842710152031,-42.816065532034806,-53.06040483281337,-43.60310949412354,-53.706452106456624,-37.4988,-6.856200000000001,17.040999999999997,949.7100000000005,-0.039484474207916086,-0.0072192564045866605,0.01794337218729927,-0.02876035842520347
FLLLGILLGVLLLTL,Mutant,,clash,,LLLFLLLGILLGVLLATLILI,1.170862347895527,LLLFLLLGILLGVLLLTLILI_2,110011001100110000,1,-63.6813,-60.5736,-58.7766,-232.98,-229.753,-239.921,-358.058,4647.04,3771.24,3552.77,-27.2759,2244.98,-88.6727,2177.24,-59.3605,-78.2599,58.24,-52.0527,7.25851,6.10138,5.47497,2058.15,-72.9898,49.7856,-44.4885,2779.72,6.6061,4.16952,3.4163,2,LLLFLLLGILLGVLLLTLILI,0.2601201969050671,0.0004428232303437,D,16,217.981999479992,175.25526488645326,65.7368042142584,43.46701391913359,230.41557130747063,186.0181574792861,-29.312200000000004,-4.904699999999998,6.9410000000000025,875.8000000000002,-0.03346905686229733,-0.005600251198903857,0.007925325416761818,-0.031143982644439364
TVLLGLLLGALLIFL,Mutant,,clash,,LLLTVLLGLLLGALLSFLILI,0.3154363254894747,LLLTVLLGLLLGALLIFLILI_2,110011001100110000,1,-52.7525,-44.9143,-44.9143,-229.502,-228.048,-240.985,-347.139,4564.45,3823.38,3664.09,-27.1915,3506.21,-92.0758,3432.03,-61.2395,-98.7138,48.2702,-54.3306,6.99931,7.82353,7.04759,2861.02,-101.046,32.942,-43.0962,3151.39,7.3877,6.10407,5.0982,2,LLLTVLLGLLLGALLIFLILI,0.2798217118684565,0.0012191711247022,D,15,-1.41660948099886,-8.744277572041506,-11.131949462612884,-17.737479814203542,-11.258857553881905,-17.854954872524605,-30.8363,-7.8382000000000005,11.483000000000004,741.0699999999997,-0.04161050912869232,-0.010576868581915344,0.015495162400313072,-0.03669221531029459
YLLLATLLGILLIFL,Mutant,,clash,,LLLYLLLATLLGILLAFLILI,0.1865535900434488,LLLYLLLATLLGILLIFLILI_0,110011001100110000,1,-58.7557,-65.8095,-58.7557,-247.61,-230.62,-251.316,-352.825,4685.14,3961.03,3663.32,-27.1882,370.951,-73.647,314.555,-42.7531,-66.974,75.9684,-41.8896,8.0621,6.80184,6.44136,366.21,-65.984,55.7173,-41.1231,18.1261,6.918,3.91944,3.2552,0,LLLYLLLATLLGILLIFLILI,0.0072255462552104,0.0011502398569358,D,15,-45.16674290696963,-51.848424923821725,-47.14865498219992,-53.588831989608906,-47.24847125484002,-53.676485194993006,-30.893900000000002,0.0,3.705999999999989,724.1100000000001,-0.04266465039842012,0.0,0.005118006932648338,-0.03754705776746626
ILLLGILLGTLLGFL,Mutant,,clash,,LLLALLLGILLGTLLGFLILI,0.6227423883152178,LLLILLLGILLGTLLGFLILI_0,110011001100110000,1,-69.0595,-71.3574,-58.7518,-211.845,-205.711,-236.647,-349.554,4522.22,3586.56,3485.31,-27.1753,-10.4412,-95.8243,-82.9263,-54.1544,-86.5409,45.3769,-40.7295,6.67405,5.60702,4.78767,-11.4783,-87.213,39.461,-38.899,-359.995,6.5512,4.90918,4.00109,0,LLLILLLGILLGTLLGFLILI,0.5857186708849161,0.0002662930443717,D,14,-51.032501517495255,-68.3027152049776,-43.14360021472261,-63.19612901897612,-48.00920195708777,-66.34569493323266,-41.66989999999999,-10.307699999999997,24.801999999999992,935.6600000000003,-0.04453530128465466,-0.011016501720710508,0.026507492037705988,-0.029043990338370768
ALLLGVLLGTLLIFL,Mutant,,clash,,LLLALLLGVLLGTLLGFLILI,0.2758109566975806,LLLALLLGVLLGTLLIFLILI_0,110011001100110000,1,-58.7067,-70.1212,-58.7067,-240.008,-226.724,-238.895,-352.151,4499.51,3887.83,3461.64,-27.0401,309087.0,-80.4759,309032.0,-54.549,-91.3409,65.0958,-40.7067,8.4718,8.98906,8.4655,103618.0,-97.484,35.8407,-36.8474,308735.0,6.7321,5.96109,4.9987,0,LLLALLLGVLLGTLLIFLILI,0.7407795559424437,0.0012543073905693,D,14,18.98926975233248,12.130404683712367,3.667584997527349,-2.3080964985245966,34.51796643123624,26.76398505982831,-25.926899999999996,0.0,-1.1129999999999995,611.6800000000003,-0.04238637849856131,0.0,-0.001819578864765889,-0.04420628433167667
TFLLAVLLGLLLGYL,WT,LLLTFLLLVLLGLLLGYLILI,clash,,,,LLLTFLLAVLLGLLLGYLILI_2,110011001100110000,1,-51.5154,-52.9039,-44.9219,-230.398,-226.871,-245.845,-336.564,4623.39,3645.36,3607.4,-27.0389,-25.3719,-81.6889,-82.1611,-45.7965,-68.254,50.4399,-45.7547,7.0184,3.54749,2.80408,-26.6545,-64.6051,48.7376,-45.0,-363.225,6.7648,2.77034,2.0014,2,LLLTFLLAVLLGLLLGYLILI,0.6356838670591658,0.0019914276628193,D,13,-43.47256927630451,-45.74758320195976,-24.234915194915395,-27.284171472854883,-31.1237316335279,-33.89573927079007,-35.8924,-6.593499999999999,15.447000000000003,978.0300000000002,-0.036698669774955776,-0.006741613242947555,0.01579399404926229,-0.02764628896864104
LLLLGTLLGILLSFL,Mutant,,clash,,LLLALLLGTLLGILLSFLILI,0.7448528272319852,LLLLLLLGTLLGILLSFLILI_0,110011001100110000,1,-79.3553,-67.3822,-74.0552,-228.885,-214.87,-240.525,-368.101,4576.91,3561.77,3566.94,-27.0068,39.0581,-86.8676,-46.7903,-53.5203,-76.0433,66.0028,-42.6688,7.15261,6.81687,6.30691,34.5203,-70.183,60.097,-37.4728,-329.043,7.1099,5.14054,4.54199,0,LLLLLLLGTLLGILLSFLILI,0.4116445356833216,0.0006251935591538,D,16,-84.48480710279402,-87.0258766816138,-81.33045767309342,-84.38814482991464,-85.81126711887917,-88.1350898212517,-33.3473,-5.3001000000000005,11.640000000000015,1015.1399999999999,-0.03284995173079575,-0.005221053253738402,0.011466398723328818,-0.026604015209724767
LYLLGVLLGTLLIFL,Mutant,,clash,,LLLLYLLGVLLGTLLAFLILI,0.3854758659376388,LLLLYLLGVLLGTLLIFLILI_0,110011001100110000,1,-66.6034,-61.0877,-58.7368,-235.692,-221.143,-243.177,-344.014,4648.69,3808.42,3520.46,-26.9388,248.979,-68.6576,187.196,-42.1005,-57.2555,77.7394,-45.6094,7.26478,5.58314,5.24923,230.881,-64.5306,55.4034,-39.7316,-95.0349,6.5792,3.65905,2.9901,0,LLLLYLLGVLLGTLLIFLILI,0.081701848514911,0.0013581841112557,D,14,-97.02483097175396,-96.51658382603124,-96.10402633675616,-95.43847843834924,-97.10840889010366,-96.61443933266028,-26.557100000000005,-7.866599999999991,7.484999999999985,840.2699999999995,-0.0316054363478406,-0.009361990788675063,0.008907851047877455,-0.03205969509800423
FTLLGALLGILLSLL,WT,LLLFTLLGALLIILLSLLILI,clash,,,,LLLFTLLGALLGILLSLLILI_0,110011001100110000,1,-69.2876,-66.9275,-60.2229,-225.684,-218.091,-236.109,-353.49,4554.32,3697.46,3696.31,-26.8922,-14.5717,-85.4106,-83.0439,-57.1583,-63.4191,81.8483,-42.622,7.02949,7.06239,6.79011,-12.9743,-63.5764,69.369,-39.6453,-368.062,7.1848,5.40127,4.9418,0,LLLFTLLGALLGILLSLLILI,0.6555411460039379,0.0017659783523207,D,13,-91.10754515943324,-93.14388733128432,-88.27811352218039,-90.96238599771132,-91.38689573168098,-93.35926756449771,-28.252300000000005,-9.064699999999995,10.425000000000011,856.8599999999997,-0.03297189739280631,-0.010578974394883643,0.012166514949933496,-0.03138459024811522
YALLLSLLGILLTLL,Mutant,,clash,,LLLYALLASLLGILLTLLILI,-0.0123770478334692,LLLYALLLSLLGILLTLLILI_0,110011001100110000,1,-74.8246,-77.755,-74.119,-241.578,-224.722,-249.276,-380.778,4651.33,3894.15,3695.47,-26.8204,11296.8,-91.1961,11218.5,-57.3833,-67.7687,83.0331,-50.7567,7.61277,7.87477,7.62027,10358.7,-63.07,66.418,-42.249,10916.1,7.1117,4.92693,4.4232,0,LLLYALLLSLLGILLTLLILI,0.2611684589877824,0.0011775607903229,D,17,-46.20241845612445,-57.25737168286409,-49.41169354186445,-59.80716756997764,-56.99887419848927,-65.83524603511445,-33.8128,-0.705600000000004,7.6980000000000075,757.1799999999998,-0.04465622441163265,-0.0009318788134921738,0.01016667106896644,-0.03542143215615838
LYLLGTLLGFLLGLL,Mutant,,clash,,LLLAYLLGTLLGFLLGLLILI,0.2859023863908595,LLLLYLLGTLLGFLLGLLILI_1,110011001100110000,1,-65.965,-67.1107,-58.7318,-209.859,-211.847,-239.363,-338.261,4632.07,3602.5,3511.09,-26.7505,59.456,-89.1877,0.153156,-40.1665,-82.9164,48.0342,-44.5342,7.32969,5.42208,4.64259,41.4563,-87.9639,43.7708,-37.0981,-289.771,7.4797,5.60364,4.7602,1,LLLLYLLGTLLGFLLGLLILI,0.9280861265440804,0.0011993643950458,D,16,-92.81650202101436,-94.75578027805406,-88.36534402959008,-91.50626999874297,-89.70040187342109,-92.48091169768108,-49.02120000000001,-7.233200000000004,29.50399999999999,1029.5699999999997,-0.04761327544508875,-0.007025457229717266,0.02865662363899492,-0.025982206163738267
TYLLVALLGLLLGFL,WT,LLLTYLLVALLILLLGFLILI,clash,,,,LLLTYLLVALLGLLLGFLILI_1,110011001100110000,1,-66.4149,-67.2077,-44.9435,-225.824,-226.635,-247.969,-339.41,4618.18,3707.47,3677.69,-26.7458,-25.3036,-73.9173,-70.8708,-46.498,-49.3903,58.5551,-45.3796,7.40402,1.81349,1.19182,-22.2987,-47.3212,57.8921,-45.0,-364.336,7.3456,1.41362,0.782002,1,LLLTYLLVALLGLLLGFLILI,0.3656122617137529,0.0004311071292214,D,13,-95.83435909584416,,-94.1281972948317,,-95.18933347675902,,-27.4193,-21.471400000000003,22.144999999999982,910.7100000000005,-0.030107608349529472,-0.023576550164157627,0.02431619286051539,-0.029368075457609978
VGLLFALLGTLLSYL,WT,LLLVILLFALLGTLLSYLILI,clash,,,,LLLVGLLFALLGTLLSYLILI_1,110011001100110000,1,-79.1031,-70.2846,-74.0315,-223.055,-222.113,-239.245,-343.918,4560.34,3635.58,3591.6,-26.6432,-6.15349,-68.4023,-57.6733,-30.641,-60.6032,68.4358,-42.9333,6.78886,4.82931,4.35585,-14.9536,-59.8906,63.2894,-39.6145,-359.209,6.7452,4.02766,3.477,1,LLLVGLLFALLGTLLSYLILI,0.2200839080070971,0.0017589543484207,D,13,124.42715736464758,123.03729814843712,51.20674696642171,50.27033582397239,74.07594439926123,72.99790616857264,-37.7613,-5.071600000000004,16.189999999999998,924.7600000000002,-0.04083362169644015,-0.005484233747134394,0.01750724512305895,-0.028810934729010765
AYLLITLLGGLLFLL,Mutant,,clash,,LLLAYLLSTLLGGLLFLLILI,-0.2743166949501232,LLLAYLLITLLGGLLFLLILI_2,110011001100110000,1,-62.9522,-58.754,-58.7534,-229.704,-227.012,-244.016,-343.009,4667.52,3805.46,3672.94,-26.592,4.92357,-76.9449,-52.3189,-40.2392,-54.6183,54.253,-52.177,7.35936,2.01689,1.33068,-1.94252,-48.4453,58.7094,-44.1259,-338.085,7.2194,1.69256,1.0732,2,LLLAYLLITLLGGLLFLLILI,0.5726648131870836,0.0011665095733662,D,14,-87.13748518258727,-90.76383114547367,-82.35786291741626,-87.33173416221416,-86.4373270856156,-90.26106955489112,-36.70570000000001,-4.1987999999999985,14.311999999999983,862.0600000000004,-0.04257905482217014,-0.004870658654850007,0.016602092661763657,-0.0308470408092244
VGLLFALLGTLLIYL,Mutant,,clash,,LLLVGLLFALLGTLLSYLILI,-0.0352690593111846,LLLVGLLFALLGTLLIYLILI_2,110011001100110000,1,-60.106,-61.5435,-58.783,-232.393,-219.561,-241.234,-336.112,4600.71,3700.63,3558.73,-26.588,19.1775,-70.2019,-35.8302,-36.0954,-69.7082,69.3342,-42.9946,6.9718,6.31635,5.85636,18.855,-59.8906,63.2894,-39.6145,-316.935,6.7452,4.02766,3.477,2,LLLVGLLFALLGTLLIYLILI,0.2553529673182818,0.0010269649878404,D,15,118.1712391932622,97.65524199168811,43.19620787414368,29.730578715666223,80.18442335862787,63.2405624764048,-34.1065,-1.3230000000000004,8.841000000000008,900.0799999999999,-0.03789274286730068,-0.0014698693449471164,0.00982246022575772,-0.029539596480312864
WTLLILLLGILLGFL,Mutant,,clash,,LLLWTLLALLLGILLGFLILI,0.2417875264966708,LLLWTLLILLLGILLGFLILI_0,110011001100110000,1,-49.6907,-50.5275,-44.9318,-237.12,-227.496,-250.674,-349.176,4716.54,3812.74,3651.56,-26.4988,-1.33831,-88.8641,-72.4909,-53.5706,-58.9601,52.968,-51.5564,6.3711,2.49469,1.78921,0.649669,-59.7943,45.2097,-45.0,-350.515,6.5,1.57245,0.750595,0,LLLWTLLILLLGILLGFLILI,0.0301721626810849,0.00074896189997,D,15,-64.10552956843922,-68.42645771313958,-62.368900131887095,-66.89888139588673,-68.67775004439201,-72.44828042863541,-35.293499999999995,-4.758899999999997,13.554000000000002,903.8000000000002,-0.03905012170834254,-0.005265434830714756,0.014996680681566718,-0.029319318433281692
LVLLGILLGTLLLFL,Mutant,,clash,,LLLLVLLGILLGTLLAFLILI,0.3624736573641651,LLLLVLLGILLGTLLLFLILI_1,110011001100110000,1,-64.6822,-50.9837,-58.7441,-232.405,-223.153,-241.618,-359.598,4588.96,3789.84,3576.99,-26.4526,14193.2,-88.9636,14107.7,-59.2355,-79.7508,59.3999,-50.6833,7.25651,6.4816,5.8726,2868.22,-71.59,53.248,-43.6275,2648.59,6.8881,4.42698,3.7257,1,LLLLVLLGILLGTLLLFLILI,0.0907777410209006,0.0013595015269104,D,16,-36.47790757986671,-46.90644567687431,-35.50253803922694,-46.09120433771045,-34.10375545138873,-44.922062445745766,-29.728099999999998,-5.9380999999999915,9.212999999999994,799.1199999999999,-0.037201046150765846,-0.007430798878766634,0.011528931825007502,-0.03310216237861648
ALLLGTLLGILLIFL,Mutant,,clash,,LLLALLLGTLLGILLSFLILI,0.6941145304549783,LLLALLLGTLLGILLIFLILI_0,110011001100110000,1,-51.7053,-58.8794,-58.7369,-234.238,-221.974,-240.343,-353.24,4520.13,3725.56,3498.41,-26.4276,70.2935,-93.7244,-2.09378,-54.1601,-72.4234,73.2931,-41.9924,7.79814,7.25807,6.85747,66.498,-70.183,60.097,-37.4728,-282.947,7.1099,5.14054,4.54199,0,LLLALLLGTLLGILLIFLILI,0.4623828324603286,0.0006155432256047,D,14,-23.27757856133133,-32.17412620848691,-23.86342606476472,-32.69204024305255,-17.995151373112048,-27.5042365847942,-39.5643,7.031599999999997,6.10499999999999,794.5700000000002,-0.04979334734510489,0.008849566432158269,0.007683401084863497,-0.033260253973847485
WTLLALLLGILLIFL,Mutant,,clash,,LLLWTLLALLLGILLGFLILI,0.2441648703987081,LLLWTLLALLLGILLIFLILI_1,110011001100110000,1,-60.6646,-44.9318,-44.9318,-239.386,-231.75,-251.601,-353.898,4733.18,3901.09,3615.26,-26.3676,774.506,-80.2147,697.29,-57.3645,-66.4151,52.3567,-46.1235,8.02587,3.53042,2.81577,693.273,-59.7943,45.2097,-45.0,393.55,6.5,1.57245,0.750595,1,LLLWTLLALLLGILLIFLILI,0.0277948187790476,0.0006431210968251,D,15,-33.1267658028742,-45.45791135039695,-36.70609755880127,-48.37722925511561,-36.45485377242863,-48.17231377534975,-22.850199999999994,-15.732799999999997,12.215000000000003,832.0900000000001,-0.027461212128495702,-0.01890757009458111,0.01467990241440229,-0.03168839909144443
YFLLATLLGVLLGLL,WT,LLLYFLLATLLIVLLGLLILI,clash,,,,LLLYFLLATLLGVLLGLLILI_0,110011001100110000,1,-56.8516,-62.8751,-58.7314,-227.003,-223.655,-244.885,-337.715,4675.57,3565.53,3569.44,-26.2704,-23.5934,-80.1303,-74.7785,-34.0985,-73.7094,36.1015,-40.2248,6.9646,2.43011,1.47163,-23.6185,-72.6874,32.4259,-40.8381,-361.308,7.0033,1.78061,0.766999,0,LLLYFLLATLLGVLLGLLILI,0.3569922987302614,0.0006839916226635,D,13,-79.53895351536381,-83.81741611563707,-73.02856028700785,-78.6683644961528,-75.94823248728423,-80.97752499443389,-46.031800000000004,1.879800000000003,17.882000000000005,1110.0399999999995,-0.04146859572628016,0.001693452488198627,0.01610932939353538,-0.023666174191921022
TVLLGILLGLLLLFL,Mutant,,clash,,LLLTVLLGILLGLLLAFLILI,0.4454236899288635,LLLTVLLGILLGLLLLFLILI_1,110011001100110000,1,-52.4296,-52.2241,-44.9575,-234.566,-229.001,-245.209,-358.149,4562.56,3773.99,3575.43,-26.2626,463741.0,-97.416,463664.0,-67.983,-87.1901,44.0399,-52.1168,7.42354,5.52391,4.6845,54069.6,-82.2405,38.4729,-43.0414,51909.5,7.0713,4.02991,3.107,1,LLLTVLLGILLGLLLLFLILI,0.2111329683134568,0.0007942349300902,D,17,-36.492357437822335,-43.940127642968136,-34.02973209677777,-41.766303254084754,-30.71906408840691,-38.84388921889095,-29.432999999999993,-7.4720999999999975,10.643,788.5700000000006,-0.037324524138630646,-0.009475506296207048,0.013496582421344957,-0.03330408207261242
LTLLGLLLGVLLAIL,Mutant,,clash,,LLLSTLLGLLLGVLLAILILI,0.6956449720974246,LLLLTLLGLLLGVLLAILILI_0,110011001100110000,1,-54.8919,-54.7442,-44.9407,-219.755,-207.618,-237.005,-359.896,4542.24,3565.28,3606.83,-26.2514,102.527,-111.5,4.99362,-77.9495,-71.6225,72.6359,-41.3817,6.67797,7.04922,6.63876,97.0247,-70.6341,63.5646,-35.8262,-257.369,6.7474,5.67633,5.1298,0,LLLLTLLGLLLGVLLAILILI,0.3921595076511163,0.0018124214808206,D,16,-45.49743203257181,-52.36179623161641,-37.51869527801984,-45.38794708097109,-33.32476281065802,-41.72222238355093,-33.5505,-9.9512,17.25,976.9599999999996,-0.03434173354077957,-0.01018588273829021,0.017656812970848354,-0.026870496233213245
YALLASLLGILLTLL,WT,LLLYLLLASLLGILLTLLILI,clash,,,,LLLYALLASLLGILLTLLILI_0,110011001100110000,1,-78.3162,-77.755,-74.119,-226.186,-223.693,-245.3,-371.418,4573.05,3770.98,3724.19,-26.2177,-22.5142,-93.1332,-92.4844,-51.9993,-62.2396,71.5306,-42.7919,7.08372,5.49257,5.06553,-22.2878,-63.07,66.418,-42.249,-393.932,7.1117,4.92693,4.4232,0,LLLYALLASLLGILLTLLILI,0.2487914111543132,0.0001018858002361,D,13,-44.84531723942448,-54.57610065959477,-42.41235510706033,-52.5723790992829,-43.88583502020026,-53.7858971525935,-41.133900000000004,-4.197199999999995,19.114000000000004,802.0700000000002,-0.051284675901105886,-0.005232959716732946,0.02383083770743202,-0.032687545974790226
TYLLLILLGGLLAFL,WT,LLLTYLLLILLLGLLAFLILI,clash,,,,LLLTYLLLILLGGLLAFLILI_0,110011001100110000,1,-53.8344,-53.6296,-44.9864,-231.296,-229.765,-247.946,-340.976,4636.48,3754.96,3714.04,-26.2137,-23.1331,-82.0599,-80.715,-48.0435,-48.904,53.0001,-42.9311,7.37855,0.990623,0.285625,-23.0069,-46.4862,53.7665,-40.4228,-364.109,7.4327,0.731402,0.0378989,0,LLLTYLLLILLGGLLAFLILI,0.3646510630186709,0.0010833942742566,D,13,-90.2407666638765,-92.65318442108028,-84.6226521102891,-88.42383052565978,-89.52481841101262,-92.11421382813715,-34.0164,-8.847999999999999,16.650000000000006,881.5199999999995,-0.038588347399945565,-0.010037208458117801,0.01888783011162539,-0.02973693166349035
TFLLGILLGLLLIVL,Mutant,,clash,,LLLTFLLGILLGLLLGVLILI,0.5560812092008445,LLLTFLLGILLGLLLIVLILI_0,110011001100110000,1,-52.5884,-55.8965,-44.9552,-225.785,-227.707,-246.623,-351.849,4624.51,3705.17,3430.29,-26.204,306045.0,-99.6797,305977.0,-60.2716,-74.2846,45.8596,-57.8054,7.49278,3.83373,3.02163,273546.0,-80.9864,40.2503,-44.8665,305693.0,6.9244,4.08175,3.1855,0,LLLTFLLGILLGLLLIVLILI,0.7497362419285039,0.0002868190758571,D,15,-61.486211287288405,-68.32476365748984,-52.896979092024246,-61.26064535390956,-52.47852278680869,-60.91649062881647,-39.4081,-7.633200000000002,20.837999999999994,919.3400000000001,-0.04286564274370743,-0.008302912959296888,0.0226662605782409,-0.028503056540561702
YTLLAILLGVLLILL,Mutant,,clash,,LLLYTLLAILLGVLLALLILI,0.0120577746258704,LLLYTLLAILLGVLLILLILI_2,110011001100110000,1,-62.8328,-61.9644,-45.0036,-236.328,-235.784,-251.134,-360.098,4691.2,4075.65,3617.33,-26.182,1706.71,-87.1191,1644.36,-63.9603,-69.3863,53.8082,-46.2985,8.83275,4.17206,3.47919,1570.13,-66.3717,42.953,-43.9626,1322.44,7.3394,2.25441,1.39871,2,LLLYTLLAILLGVLLILLILI,0.3153079706260715,0.0003335077953978,D,15,-78.67108523548886,-81.67699670178634,-73.81213197982458,-77.50282199517918,-77.72424611508319,-80.86359683978597,-23.158800000000006,-17.8292,14.805999999999983,615.5499999999997,-0.03762293883518807,-0.028964665746080753,0.024053285679473624,-0.04253431890179516
AYLLSTLLGGLLFLL,WT,LLLLYLLSTLLGGLLFLLILI,clash,,,,LLLAYLLSTLLGGLLFLLILI_1,110011001100110000,1,-80.9523,-80.6859,-74.005,-224.889,-224.689,-243.411,-352.497,4621.93,3733.11,3647.78,-26.1736,-25.3635,-72.8297,-72.4858,-35.0814,-47.7952,58.618,-43.539,7.19683,1.58271,0.961983,-25.7035,-48.4453,58.7094,-44.1259,-378.289,7.2194,1.69256,1.0732,1,LLLAYLLSTLLGGLLFLLILI,0.2983481182369604,0.0011793607478342,D,13,-84.01857882396375,-86.29634728433317,-79.37943363059625,-82.3184010224081,-84.03539990425803,-86.3107709228892,-37.7483,-6.9472999999999985,18.52199999999999,888.8200000000002,-0.042470128934992454,-0.00781631826466551,0.02083886501203842,-0.029447582187619534
TFLLGVLLGLLLIAL,Mutant,,clash,,LLLTFLLGVLLGLLLGALILI,0.4544591782131026,LLLTFLLGVLLGLLLIALILI_0,110011001100110000,1,-49.4916,-55.6023,-44.8802,-226.645,-225.254,-243.624,-346.831,4606.68,3709.88,3434.05,-26.1688,314389.0,-96.8626,314323.0,-58.327,-69.161,53.8547,-49.4809,7.91075,4.14454,3.45236,281673.0,-80.3909,36.9211,-40.9331,314042.0,7.1519,3.54298,2.5968,0,LLLTFLLGVLLGLLLIALILI,0.8866636016866578,0.0007659207625786,D,15,-76.17437652878097,-80.57721660617537,-69.07002620387786,-74.78570992509624,-70.01772060157874,-75.5582757734704,-38.5356,-4.611399999999996,16.978999999999985,896.8000000000002,-0.04297011596788581,-0.005142060660124883,0.01893287243532558,-0.029180196253345222
YFLLAVLLGLLLLTL,Mutant,,clash,,LLLYFLLAVLLGLLLGTLILI,0.1830105734004732,LLLYFLLAVLLGLLLLTLILI_1,110011001100110000,1,-58.6875,-58.6875,-58.6875,-246.198,-228.661,-250.802,-352.422,4769.33,3932.24,3596.96,-26.1246,9240.43,-73.661,9175.36,-42.9333,-75.506,55.6244,-45.1688,8.06373,5.33519,4.66955,8011.89,-69.0276,38.4457,-43.5682,8712.62,6.8046,2.04431,1.121,1,LLLYFLLAVLLGLLLLTLILI,0.0862459284164573,0.0012752442422951,D,17,-42.15007291288658,-49.68621763938656,-42.947759116602725,-50.37998878252734,-39.82431333677208,-47.66343615930748,-30.7277,0.0,4.603999999999985,837.0900000000001,-0.0367077614115567,0.0,0.005500005973073366,-0.031208830591692646
TLLLGVLLGFLLLIL,Mutant,,clash,,LLLTLLLGVLLGFLLAILILI,0.6769856269219381,LLLTLLLGVLLGFLLLILILI_0,110011001100110000,1,-49.6229,-51.0755,-44.9524,-232.941,-228.292,-246.52,-354.509,4596.9,3848.56,3615.42,-26.0737,85517.8,-98.0182,85442.7,-63.0362,-92.0205,40.8584,-51.1183,7.89278,5.81897,4.93185,26311.2,-83.081,35.995,-42.847,85163.3,7.4247,3.82147,2.86139,0,LLLTLLLGVLLGFLLLILILI,0.6177583923466672,0.0014368611352192,D,17,-61.50842928951728,-63.65940064742424,-59.20929209758212,-61.48874296818416,-55.69221632585691,-58.16820709101071,-34.98199999999999,-4.670500000000004,13.579000000000008,748.3399999999997,-0.046746131437581856,-0.006241147072186448,0.01814549536307028,-0.034842050404896185
FVLLILLLGALLGTL,WT,LLLFVLLILLLGALLLTLILI,clash,,,,LLLFVLLILLLGALLGTLILI_1,110011001100110000,1,-67.0371,-70.1529,-58.7747,-219.97,-223.203,-236.392,-348.852,4601.14,3803.2,3647.73,-26.0497,-20.4205,-87.894,-75.9157,-53.685,-53.455,53.6699,-49.4195,6.83943,1.76369,1.06873,-18.5202,-48.7389,54.7657,-43.6502,-368.491,6.8404,1.20421,0.525696,1,LLLFVLLILLLGALLGTLILI,0.2004478530345851,0.0009387256794008,D,13,-1.160436845042171,-11.932332041121914,-14.949881875181172,-24.218953182370537,3.574634289577569,-7.713306186145317,-34.209,-8.262399999999992,16.421999999999997,797.9400000000005,-0.04287164448454769,-0.010354663257889049,0.020580494774043143,-0.0326461889365115
IYLLAALLGTLLFLL,Mutant,,clash,,LLLGYLLAALLGTLLFLLILI,0.1402121012629154,LLLIYLLAALLGTLLFLLILI_0,110011001100110000,1,-69.0349,-64.6753,-58.7134,-224.961,-223.293,-240.793,-343.955,4658.99,3825.98,3733.13,-26.0401,-19.6478,-75.9987,-75.6346,-44.4485,-63.5235,53.5391,-48.7072,6.83711,3.2563,2.55939,-20.804,-59.0686,58.4114,-43.8449,-363.603,7.0021,3.24583,2.622,0,LLLIYLLAALLGTLLFLLILI,0.2072355076831585,0.0013445035138629,D,14,-73.71249230014489,-78.85108911908974,-70.0287189070069,-75.8874078113569,-72.3392879258655,-77.74631428594452,-31.550199999999997,-10.321499999999993,15.831999999999994,833.0099999999998,-0.037874935474964296,-0.01239060755573162,0.019005774240405275,-0.03126024897660293
YLLLGILLGVLLITL,Mutant,,clash,,LLLYLLLGILLGVLLATLILI,1.0289390472592976,LLLYLLLGILLGVLLITLILI_2,110011001100110000,1,-64.6951,-58.7788,-58.7788,-237.093,-231.561,-247.749,-361.91,4626.43,3937.07,3540.84,-25.9747,577.974,-86.0974,506.404,-55.3824,-81.8175,52.1232,-53.0267,7.0663,5.80926,5.09111,564.425,-72.9898,49.7856,-44.4885,522.484,6.6061,4.16952,3.4163,2,LLLYLLLGILLGVLLITLILI,0.1713204008513023,0.0006445202906001,D,15,383.9326018665448,333.16498402197897,86.28547089383699,66.74293633456921,399.7989302556463,347.3668333221587,-30.714999999999996,-5.9163,10.656000000000006,689.3600000000001,-0.0445558198909133,-0.008582308227921548,0.015457815945224562,-0.037679441801090854
YGLLFVLLGILLILL,Mutant,,clash,,LLLYGLLFVLLGILLALLILI,0.1051710431032244,LLLYGLLFVLLGILLILLILI_0,110011001100110000,1,-45.0124,-53.1461,-45.0124,-249.114,-235.262,-250.452,-343.443,4703.36,4000.98,3698.73,-25.9427,1701.91,-75.2599,1646.88,-47.9786,-60.1515,83.3299,-38.6165,8.90158,6.77226,6.5222,1165.61,-63.0279,55.5114,-39.6932,1358.47,7.1542,3.44823,2.7809,0,LLLYGLLFVLLGILLILLILI,0.2467293753672414,0.0020152189499796,D,15,-24.47649904931796,-39.81444895126636,-26.060983638998803,-41.07714303930184,-26.998638914672256,-41.82437136889174,-27.2813,0.0,1.3379999999999939,702.3799999999997,-0.038841225547424495,0.0,0.0019049517355277691,-0.036935419573450284
ALLLGVLLGLLLLFL,Mutant,,clash,,LLLALLLGVLLGLLLGFLILI,0.923894845964347,LLLALLLGVLLGLLLLFLILI_0,110011001100110000,1,-44.9306,-53.5221,-44.9306,-240.465,-223.144,-239.772,-354.148,4557.0,3872.8,3602.28,-25.865,24698.9,-94.6172,24621.4,-69.446,-73.5874,69.3599,-45.969,9.34268,6.90169,6.44209,24434.3,-77.4724,32.2036,-43.8153,24344.8,7.0393,2.46835,1.4514,0,LLLALLLGVLLGLLLLFLILI,0.4104513751906656,0.0016627002680146,D,16,14.178513020020189,-3.3102005261177023,1.3640384887895485,-14.1618830363866,26.53682001684054,7.155185593858455,-25.1712,0.0,-0.693000000000012,684.1999999999998,-0.03678924291142942,0.0,-0.001012861736334423,-0.037803273896521494
FLLLGILLGVLLITL,Mutant,,clash,,LLLFLLLGILLGVLLATLILI,1.012192925190487,LLLFLLLGILLGVLLITLILI_1,110011001100110000,1,-60.6073,-60.3073,-58.7766,-235.738,-219.83,-239.918,-355.478,4616.37,3778.34,3541.67,-25.8564,401.87,-84.989,326.53,-56.7836,-79.0555,61.4147,-51.5028,7.56823,6.64931,6.07053,371.674,-72.9898,49.7856,-44.4885,314.185,6.6061,4.16952,3.4163,1,LLLFLLLGILLGVLLITLILI,0.4187896196101067,0.0005524042044139,D,14,170.93353387393708,132.90227669751272,54.9589825788842,33.20720887265593,198.51412413837176,156.6113472337459,-28.205400000000004,-1.8307000000000002,4.180000000000007,838.0299999999997,-0.03365679032970181,-0.002184528000190925,0.0049878882617567484,-0.030853788050547126
YFLLAVLLGLLLITL,Mutant,,clash,,LLLYFLLAVLLGLLLGTLILI,0.127431754999136,LLLYFLLAVLLGLLLITLILI_1,110011001100110000,1,-58.6875,-65.7303,-58.6875,-245.612,-225.282,-250.78,-349.774,4734.13,3940.32,3585.19,-25.7926,12897.4,-71.2675,12838.6,-40.3069,-73.7999,55.4227,-46.9022,8.13012,5.05204,4.38338,1166.83,-69.0276,38.4457,-43.5682,817.122,6.8046,2.04431,1.121,1,LLLYFLLAVLLGLLLITLILI,0.1418247468177945,0.0011864015127949,D,15,-33.143245009560765,-42.51991250233276,-36.43171218176279,-45.34717177955029,-28.48906345345633,-38.51848043891346,-30.9606,0.0,5.168000000000006,793.81,-0.039002532092062336,0.0,0.006510374018971803,-0.03249215807309054
YGLLFLLLGVLLLTL,Mutant,,clash,,LLLYGLLFLLLGVLLATLILI,0.3814013416197435,LLLYGLLFLLLGVLLLTLILI_2,110011001100110000,1,-58.8196,-58.8196,-58.8196,-246.213,-239.723,-249.784,-349.476,4747.74,4053.64,3653.19,-25.7455,1464.59,-70.1889,1413.65,-40.8718,-70.553,73.0785,-43.3813,8.54049,6.94855,6.54472,1393.58,-66.6192,56.7481,-39.0395,1097.46,7.5,4.15388,3.5051,2,LLLYGLLFLLLGVLLLTLILI,0.0320013399773798,0.0007542325778345,D,17,-15.870684935993207,-31.65916477300031,-25.313565123081784,-39.32990734879735,-24.2309928433799,-38.45050052452765,-29.317100000000003,0.0,3.570999999999998,694.0999999999999,-0.04223757383662297,0.0,0.005144791816741101,-0.0370919175911252
LYLLATLLGILLLFL,Mutant,,clash,,LLLLYLLATLLGILLAFLILI,0.1704125045114767,LLLLYLLATLLGILLLFLILI_0,110011001100110000,1,-69.0763,-70.2386,-58.733,-234.642,-227.679,-245.586,-350.981,4696.16,3863.01,3615.94,-25.6757,1895.65,-72.9383,1842.59,-46.6622,-60.7181,62.0754,-48.5664,6.6713,3.9879,3.41903,1223.83,-64.8623,49.1543,-41.4031,1544.67,6.6483,2.86518,2.1025,0,LLLLYLLATLLGILLLFLILI,0.0243493196586393,0.0005947503672224,D,16,-97.48564875403248,-96.303964261199,-96.54572902152113,-94.92230490531637,-97.65948033981256,-96.5594925031684,-26.2761,-10.343300000000006,10.944000000000017,833.1499999999996,-0.03153825841685172,-0.01241469123207107,0.013135689851767414,-0.030817619876372816
ALLLGTLLGILLLFL,Mutant,,clash,,LLLALLLGTLLGILLSFLILI,0.7980477752498004,LLLALLLGTLLGILLLFLILI_0,110011001100110000,1,-55.6851,-58.8794,-58.7369,-232.255,-221.973,-240.294,-355.505,4542.04,3800.98,3541.86,-25.6594,796.109,-93.2246,721.456,-56.4742,-65.8209,78.0666,-48.3965,8.07568,6.91213,6.58312,753.194,-70.183,60.097,-37.4728,440.604,7.1099,5.14054,4.54199,0,LLLALLLGTLLGILLLFLILI,0.3584495876655064,0.0003716007860252,D,16,-24.15477237658699,-34.80401794150777,-25.01389164913325,-35.54251034813799,-25.93130593346365,-36.33111270448383,-36.75039999999999,3.0518,8.039000000000016,741.06,-0.04959166599195746,0.004118155075162605,0.010847974522980617,-0.03462526651013414
SYLLGLLLGTLLLFL,Mutant,,clash,,LLLSYLLGLLLGTLLGFLILI,0.661673751974806,LLLSYLLGLLLGTLLLFLILI_2,110011001100110000,1,-76.4954,-73.1363,-58.7772,-238.153,-232.603,-256.225,-360.645,4650.93,3741.61,3532.57,-25.6269,1310070.0,-71.6238,1310020.0,-45.6435,-85.8015,51.6688,-47.2175,7.11272,6.34552,5.62055,1151710.0,-87.0744,32.7223,-38.1858,1309780.0,6.9066,3.97867,2.9695,2,LLLSYLLGLLLGTLLLFLILI,0.2276708132841443,0.0008096658628366,D,17,-93.46015496229958,-90.8286647361591,-91.63413654172912,-88.26789654724043,-94.6264710463393,-92.46428083542062,-25.9803,-17.718200000000003,18.07200000000003,909.3200000000002,-0.028571130075221038,-0.01948510975234241,0.019874191703690702,-0.02818248801302071
SYLLLTLLGGLLVLL,Mutant,,clash,,LLLSYLLATLLGGLLVLLILI,0.5309991951455006,LLLSYLLLTLLGGLLVLLILI_0,110011001100110000,1,-66.5301,-63.5344,-58.7164,-233.565,-231.944,-250.474,-368.779,4590.63,3774.8,3744.5,-25.4751,2.21862,-94.1598,-71.0825,-59.5888,-54.0511,56.8855,-53.6975,6.61724,2.28721,1.64049,2.29837,-54.4879,57.0754,-43.9111,-366.561,7.2474,2.37837,1.7345,0,LLLSYLLLTLLGGLLVLLILI,0.1715512516589755,0.0006885221381339,D,17,-97.15899905069224,-97.91147056964658,-95.89709872414772,-96.98379894362937,-97.03889112620628,-97.8231745994644,-34.571000000000005,-7.813700000000004,16.908999999999992,815.8299999999999,-0.0423752497456578,-0.009577608080114736,0.02072613166958802,-0.031225990708848662
TVLLAILLGLLLGFL,WT,LLLTVLLAILLLLLLGFLILI,clash,,,,LLLTVLLAILLGLLLGFLILI_0,110011001100110000,1,-52.9835,-52.5366,-44.91,-223.687,-222.89,-240.871,-347.538,4510.34,3757.83,3620.61,-25.4605,-23.921,-96.3282,-96.0322,-61.7566,-62.2971,46.1154,-42.8368,6.48497,2.07014,1.26187,-24.5965,-63.1541,43.7872,-41.476,-371.459,6.5,1.88439,1.0412,0,LLLTVLLAILLGLLLGFLILI,0.4943019692943801,0.0007430614090602,D,13,-6.7310344884905975,-8.661178969696172,-14.60366061757267,-16.37088589202702,8.841470180911887,6.589062192425466,-34.5716,-8.073500000000003,17.183999999999997,752.5100000000002,-0.04594171506026496,-0.010728761079586983,0.022835576935854664,-0.03383410187240036
YTLLIVLLGLLLGFL,Mutant,,clash,,LLLYTLLAVLLGLLLGFLILI,0.0851774044131195,LLLYTLLIVLLGLLLGFLILI_1,110011001100110000,1,-62.5002,-46.0989,-44.9531,-229.127,-232.964,-249.46,-340.361,4688.53,3955.4,3781.03,-25.4457,76.4063,-74.1797,15.1082,-45.9482,-55.1958,47.8671,-44.2889,7.54495,1.24143,0.459435,63.6625,-60.0061,44.1752,-42.0349,-276.207,6.9704,1.46457,0.627198,1,LLLYTLLIVLLGLLLGFLILI,0.2540700582372563,0.0002802756041194,D,15,-72.5978098222344,-79.58117774191558,-66.52259971109491,-75.05421713638967,-70.43840228548827,-77.97208889209934,-28.231499999999997,-17.5471,20.333,733.1299999999997,-0.03850817726733323,-0.02393450002046023,0.027734508204547634,-0.03470830548470259
LYLLASLLGILLTLL,Mutant,,clash,,LLLGYLLASLLGILLTLLILI,0.3203003739294082,LLLLYLLASLLGILLTLLILI_2,110011001100110000,1,-82.6981,-79.087,-74.16,-221.459,-217.739,-242.755,-377.058,4590.83,3692.7,3683.07,-25.4395,-13.0957,-98.3409,-93.3283,-60.1431,-71.7501,46.049,-42.4926,7.23225,3.47913,2.66987,-7.98468,-70.3334,49.8546,-39.6684,-395.461,7.175,3.78038,3.0282,2,LLLLYLLASLLGILLTLLILI,0.1698696946092024,0.000726639269036,D,16,-95.35398699229528,-96.43881484710415,-93.77785012175612,-95.23070044600637,-95.51300834550509,-96.56070526822543,-38.19780000000001,-8.5381,21.295999999999992,898.1300000000001,-0.042530368654871795,-0.009506530235043923,0.02371148942803379,-0.02832496409205794
LVLLGLLLGTLLGFL,Mutant,,clash,,LLLAVLLGLLLGTLLGFLILI,0.6637194678459826,LLLLVLLGLLLGTLLGFLILI_0,110011001100110000,1,-70.0761,-68.6925,-58.7059,-210.644,-203.972,-236.456,-348.301,4565.34,3612.26,3448.05,-25.4347,25.8223,-93.0156,-49.814,-53.1389,-83.6235,41.1358,-40.3401,6.7983,4.59685,3.71388,20.497,-84.6258,35.2029,-35.5813,-322.478,7.1166,3.94626,2.9743,0,LLLLVLLGLLLGTLLGFLILI,0.1785306072303818,0.0007032126902552,D,16,-4.524480765005219,-18.79792508079609,-8.378794211947927,-22.07602455371333,12.89586944880742,-3.981890619657491,-39.87670000000001,-11.370199999999997,25.811999999999983,953.0799999999999,-0.04183982456876654,-0.01192995341419398,0.027082721282578572,-0.026686846854408867
LFLLGVLLGTLLGLL,Mutant,,clash,,LLLAFLLGVLLGTLLGLLILI,1.1310351878083629,LLLLFLLGVLLGTLLGLLILI_0,110011001100110000,1,-58.6941,-69.7482,-58.6941,-234.657,-209.542,-236.82,-345.952,4612.04,3615.69,3492.21,-25.4094,1152.18,-78.0106,1085.52,-50.4385,-103.666,44.9627,-37.7958,8.35367,8.11994,7.29438,1146.4,-97.484,35.8407,-36.8474,806.231,6.7321,5.96109,4.9987,0,LLLLFLLGVLLGTLLGLLILI,1.1294287075122322,0.0005073722136129,D,16,-93.32990309758632,-93.7504738868596,-89.79359000833297,-90.4371365667479,-91.64807449735004,-92.174689920183,-27.5721,0.0,2.1629999999999825,996.3499999999999,-0.027673106839965878,0.0,0.002170923872133269,-0.025502484066843984
IYLLSTLLGGLLFLL,Mutant,,clash,,LLLAYLLSTLLGGLLFLLILI,0.0957130838798638,LLLIYLLSTLLGGLLFLLILI_2,110011001100110000,1,-78.3983,-79.2159,-74.005,-229.054,-222.563,-241.66,-353.728,4677.98,3810.68,3649.56,-25.3876,-19.274,-71.6628,-71.2226,-38.0626,-56.6781,56.6515,-49.4267,7.14115,2.64966,1.99943,-21.9051,-48.4453,58.7094,-44.1259,-376.751,7.2194,1.69256,1.0732,2,LLLIYLLSTLLGGLLFLLILI,0.2026350343570965,0.0003804785069243,D,14,-82.01668405746881,-85.23365148554025,-76.60990943346808,-80.79407434124333,-80.34466152477849,-83.86073074496967,-33.6002,-4.393300000000011,12.605999999999995,867.2999999999997,-0.03874115069756717,-0.005065490603020883,0.014534763057765477,-0.029271993543179994
TYLLAVLLGFLLGLL,WT,LLLTYLLAVLLIFLLGLLILI,clash,,,,LLLTYLLAVLLGFLLGLLILI_2,110011001100110000,1,-53.5183,-53.7157,-44.9703,-228.721,-225.841,-248.57,-336.946,4631.81,3701.69,3635.89,-25.2288,-22.9968,-79.9354,-80.3865,-43.4056,-70.332,46.593,-44.1767,7.55055,3.33985,2.53875,-21.351,-70.8524,42.5823,-40.9781,-357.514,7.4604,2.87647,2.0152,2,LLLTYLLAVLLGFLLGLLILI,1.077166118388729,0.001542427973465,D,13,-95.7782487403564,,-93.35527500235028,,-95.04632868851988,,-36.5298,-8.548000000000002,19.84899999999999,930.1200000000003,-0.039274287188749826,-0.009190212015653893,0.021340257171117687,-0.027124242033286016
YLLLGILLGVLLLTL,Mutant,,clash,,LLLYLLLGILLGVLLATLILI,1.1187075003629208,LLLYLLLGILLGVLLLTLILI_2,110011001100110000,1,-64.64,-58.7788,-58.7788,-236.45,-233.482,-247.738,-364.489,4656.64,3893.1,3549.88,-25.2159,3722.95,-88.6147,3650.72,-57.9716,-79.5214,54.1557,-54.6297,7.17752,5.73922,5.05155,3416.45,-72.9898,49.7856,-44.4885,3260.61,6.6061,4.16952,3.4163,2,LLLYLLLGILLGVLLLTLILI,0.0815519477476792,0.0024829728897861,D,17,388.51177729893885,358.8018743526596,75.73668907787669,65.04888129262206,398.7424477566708,368.4103444039752,-30.643099999999997,-5.861200000000004,11.288000000000011,763.5400000000004,-0.04013293344160094,-0.007676349634596747,0.01478377033292297,-0.0330249888676428
AVLLGLLLGFLLITL,Mutant,,clash,,LLLAVLLGLLLGFLLGTLILI,1.2820601463046095,LLLAVLLGLLLGFLLITLILI_2,110011001100110000,1,-64.1229,-63.9322,-58.754,-234.768,-221.393,-238.605,-352.735,4504.2,3750.81,3573.12,-25.173,6469.43,-79.017,6402.02,-55.3761,-83.7145,57.657,-48.4365,7.43248,6.84086,6.20572,5875.1,-80.2804,39.355,-44.6447,6116.7,7.3257,3.85498,2.9453,2,LLLAVLLGLLLGFLLITLILI,0.6163368079179576,0.0008639548681377,D,14,-28.16206786180566,-36.08986722931604,-22.07557390193312,-30.67505884737202,-26.30913251177494,-34.44141576765439,-23.640899999999995,-5.368900000000004,3.836999999999989,753.3899999999999,-0.03137936526898419,-0.007126322356282941,0.005092979731613095,-0.03341297336041094
YFLLGTLLGILLLLL,Mutant,,clash,,LLLYFLLGTLLGILLALLILI,1.0239515416313505,LLLYFLLGTLLGILLLLLILI_0,110011001100110000,1,-64.8736,-67.2506,-58.7545,-239.264,-230.934,-251.024,-352.151,4748.14,4028.3,3601.53,-25.1518,1668.63,-73.1654,1614.66,-42.3725,-59.1924,54.2895,-54.2914,7.22754,2.70793,2.02227,1415.1,-62.6538,43.9976,-40.9419,1316.48,6.5,1.83774,0.997703,0,LLLYFLLGTLLGILLLLLILI,0.0286598725766301,0.0039047203403642,D,17,106.58071477393544,56.05388764502792,42.29609166076799,7.492407142923797,109.82657221703067,58.50585259873071,-30.792900000000003,-6.119099999999996,11.759999999999991,719.8400000000001,-0.042777422760613464,-0.008500639030895747,0.01633696376972659,-0.03494082018226272
ALLLGTLLGLLLLFL,Mutant,,clash,,LLLALLLGTLLGLLLGFLILI,1.0386100974118024,LLLALLLGTLLGLLLLFLILI_1,110011001100110000,1,-51.6199,-51.6199,-58.6905,-236.237,-230.797,-240.374,-361.751,4538.72,3808.17,3356.18,-25.1465,270886.0,-99.0407,270807.0,-62.6868,-65.5595,69.5047,-49.3039,8.5168,5.71706,5.25963,114478.0,-63.8279,50.3554,-37.6016,270566.0,6.5149,2.87217,2.1275,1,LLLALLLGTLLGLLLLFLILI,0.2187998783291959,0.0006224899243897,D,16,5.931443641513268,-8.236021937518991,-6.8833149143411525,-19.33691117844105,15.02095384815973,-0.3621594984864577,-36.3539,7.070599999999999,4.1370000000000005,730.5500000000002,-0.049762370816508104,0.009678461433166788,0.00566285675176237,-0.034421326397919366
LALLFALLGILLITL,Mutant,,clash,15.0,LLLLALLFALLGILLSTLILI,-0.0149411287063921,LLLLALLFALLGILLITLILI_2,110011001100110000,1,-58.8467,-63.324,-58.8467,-235.461,-221.685,-238.077,-355.413,4552.76,3814.83,3642.42,-25.12,87.1317,-86.2251,16.7276,-58.4888,-59.3902,83.1272,-39.6977,7.74181,6.6307,6.37761,85.3711,-54.9267,67.0486,-40.0719,-268.281,7.1275,3.79057,3.2963,2,LLLLALLFALLGILLITLILI,0.3149174858650559,0.0006634475760674,D,14,-19.1734838796168,-29.653442730167605,-26.817476137770395,-36.30631563585444,-34.22414220523581,-42.752634043509815,-27.7363,0.0,2.6159999999999854,737.9300000000003,-0.037586627457888946,0.0,0.0035450516986705845,-0.034041169216592344
VYLLLLLLGTLLAFL,Mutant,,clash,,LLLVYLLALLLGTLLAFLILI,0.3087852607638199,LLLVYLLLLLLGTLLAFLILI_1,110011001100110000,1,-65.2724,-65.5382,-58.759,-224.033,-224.19,-244.732,-353.538,4677.99,3801.72,3668.25,-25.0531,20.6416,-89.2858,-43.1682,-50.0477,-53.8451,43.7745,-49.1694,6.40344,0.486328,-0.357054,16.9497,-56.7125,44.1422,-44.865,-258.221,6.5,0.966067,0.128199,1,LLLVYLLLLLLGTLLAFLILI,0.156458824644197,0.0007541249214875,D,17,-87.44425946876102,-92.01142075307924,-84.77822334071271,-90.31515753140162,-89.69865751836312,-93.4457795970313,-39.238099999999996,-6.513400000000004,20.699000000000012,876.27,-0.04477854999029979,-0.007433097104773648,0.0236217147682792,-0.028590617047257124
SYLLITLLGALLFLL,Mutant,,clash,,LLLSYLLATLLGALLFLLILI,-0.0428723604096312,LLLSYLLITLLGALLFLLILI_0,110011001100110000,1,-65.8847,-53.3466,-58.746,-235.502,-234.928,-254.274,-357.013,4679.13,3816.15,3729.04,-24.9984,38.5728,-80.6252,-30.1658,-43.9939,-56.6402,54.4152,-50.4674,6.7673,2.34209,1.65832,28.8392,-54.8108,60.9952,-45.0,-318.441,6.8684,2.95597,2.3709,0,LLLSYLLITLLGALLFLLILI,0.4774134246099237,0.001118138134515,D,14,-95.9268968568976,-96.41227913589177,-94.67302625490886,-95.30782939288316,-95.8730287024373,-96.36483032478186,-36.63130000000001,-7.138699999999993,18.77199999999999,862.98,-0.042447449535331076,-0.008272149991888564,0.02175253192426243,-0.028967531113119654
YALLFILLGVLLLLL,Mutant,,clash,,LLLYALLFILLGVLLALLILI,0.3324553677331263,LLLYALLFILLGVLLLLLILI_2,110011001100110000,1,-45.0245,-45.0245,-45.0245,-246.922,-242.439,-251.56,-350.2,4741.12,4103.6,3753.76,-24.9839,3020.75,-83.237,2958.02,-53.6149,-60.6279,66.1432,-49.3066,7.58764,4.52351,4.01566,1378.28,-60.4345,49.6195,-40.8976,2654.81,6.6471,2.26381,1.5081,2,LLLYALLFILLGVLLLLLILI,0.1172889053918697,0.0020029808634617,D,17,-66.25319898713332,-71.35751586168507,-60.3907201411236,-66.38175660989648,-63.08673104990736,-68.66998682354314,-29.622099999999996,0.0,4.638000000000005,637.5199999999995,-0.046464581503325414,0.0,0.0072750658802861225,-0.03918920190739117
ALLLGILLGFLLLTL,Mutant,,clash,,LLLALLLGILLGFLLGTLILI,0.3404077547728728,LLLALLLGILLGFLLLTLILI_1,110011001100110000,1,-65.2181,-58.6933,-58.6933,-228.595,-230.955,-239.492,-355.641,4610.58,3756.63,3518.19,-24.8534,349495.0,-86.6811,349429.0,-57.4563,-85.4927,48.4664,-55.3167,7.06818,5.86686,5.09386,209545.0,-79.2928,46.8705,-41.4445,350532.0,6.9265,4.72144,3.9245,1,LLLALLLGILLGFLLLTLILI,1.004495042653195,0.0006787242488515,D,16,-74.43461301371971,-80.77759172520372,-64.27146215029059,-73.136000562902,-65.82974477403074,-74.30766069920773,-29.224800000000002,-6.524800000000006,10.896999999999991,853.9499999999998,-0.03422308097663799,-0.007640728379881735,0.01276070027519175,-0.02910404590432696
SYLLGVLLGTLLILL,Mutant,,clash,,LLLSYLLGVLLGTLLGLLILI,0.6461176534195017,LLLSYLLGVLLGTLLILLILI_2,110011001100110000,1,-79.2402,-72.2315,-58.6631,-232.023,-231.817,-252.762,-366.555,4563.83,3632.02,3556.81,-24.8111,16429.2,-80.1022,16366.7,-55.1294,-82.1567,47.0804,-50.6368,7.12404,5.17936,4.38556,12896.1,-84.4885,38.2202,-42.7314,16026.8,6.9435,4.333,3.4063,2,LLLSYLLGVLLGTLLILLILI,0.4238596462171747,0.0005302623870829,D,15,-97.12167614648304,-96.71064541107668,-96.01589410106304,-95.44695535027724,-97.07496366632076,-96.65726228992646,-24.9728,-20.5771,20.739000000000004,931.81,-0.026800313368605187,-0.022082935362359283,0.022256683229413727,-0.0266267801375817
TALLALLLGLLLGFL,WT,LLLTALLALLLILLLGFLILI,clash,,,,LLLTALLALLLGLLLGFLILI_1,110011001100110000,1,-50.7831,-50.4415,-44.9578,-216.815,-216.252,-240.544,-348.252,4557.77,3563.15,3434.43,-24.7804,-24.1898,-105.434,-105.748,-62.7501,-68.1105,58.3119,-35.0467,6.63208,4.58868,3.96336,-24.1137,-67.6338,56.7049,-35.0,-372.371,6.6313,4.30023,3.6508,1,LLLTALLALLLGLLLGFLILI,0.7634632867291875,0.0005959219816457,D,13,-71.39786295286737,-75.7861155763312,-61.80644412873784,-67.6662500402783,-65.53051397389945,-70.81895840846133,-42.683899999999994,-5.825299999999999,23.729000000000013,994.6200000000003,-0.04291478152460234,-0.00585680963584082,0.02385735255675535,-0.024914439685508025
VYLLALLLGTLLLFL,Mutant,,clash,,LLLVYLLALLLGTLLAFLILI,0.1661864869020129,LLLVYLLALLLGTLLLFLILI_0,110011001100110000,1,-68.4893,-68.8338,-58.759,-232.017,-225.105,-245.058,-352.822,4713.77,3911.8,3719.26,-24.7595,1256.13,-77.0755,1197.25,-49.0048,-58.5124,51.7954,-52.5523,6.81905,2.26923,1.54616,1161.33,-56.7125,44.1422,-44.865,903.31,6.5,0.966067,0.128199,0,LLLVYLLALLLGTLLLFLILI,0.299057598506004,0.0005441743714695,D,17,-93.65400417460418,-94.79579518512668,-92.37244140246148,-93.74481511314856,-94.92199964406642,-95.83564902508743,-28.070700000000002,-9.7303,13.040999999999997,801.9700000000003,-0.03500218212651345,-0.012132997493671829,0.016261206778308408,-0.030873349377158736
AFLLGLLLGTLLIVL,Mutant,,clash,,LLLAFLLGLLLGTLLGVLILI,0.1895467774815136,LLLAFLLGLLLGTLLIVLILI_2,110011001100110000,1,-66.0898,-67.0733,-58.6456,-228.666,-222.068,-238.878,-349.36,4565.48,3627.53,3347.15,-24.6552,10683600.0,-79.2596,10683500.0,-51.8369,-67.6718,60.5316,-46.0243,8.13376,4.82254,4.23051,8446970.0,-70.7932,46.6401,-35.0,10682600.0,7.2306,3.4154,2.615,2,LLLAFLLGLLLGTLLIVLILI,1.2698259263000788,0.0004685339140746,D,14,-89.77824998376921,-91.35499428762203,-84.24468399125283,-86.67500215915432,-85.88135755465696,-88.0592125225911,-27.422700000000006,-7.444199999999995,10.211999999999989,937.9499999999994,-0.029236846313769417,-0.00793667039820886,0.010887573964497037,-0.02628626259395492
TLLLASLLGLLLGFL,Mutant,,clash,,LLLTALLASLLGLLLGFLILI,0.2895340535220707,LLLTLLLASLLGLLLGFLILI_0,110011001100110000,1,-67.5379,-65.3271,-60.2627,-227.857,-215.246,-241.522,-361.057,4522.95,3877.74,3630.25,-24.6217,-5.46856,-90.2843,-85.9529,-59.2723,-54.1876,71.9241,-47.3298,6.41292,4.3379,3.91676,-6.20149,-57.4425,60.2182,-40.5871,-366.526,6.8394,3.24583,2.6491,0,LLLTLLLASLLGLLLGFLILI,0.2052864608376619,0.0010374884095652,D,17,-21.252706126417127,-33.06020393138894,-20.20289837417653,-32.167806067418574,-13.202108612382215,-26.21672615188458,-31.012,-7.275199999999991,13.664999999999992,645.21,-0.04806497109468235,-0.011275708683994344,0.021179150974101443,-0.03816075386308333
FLLLGTLLGILLLVL,Mutant,,clash,,LLLFLLLGTLLGILLAVLILI,1.5251364385810526,LLLFLLLGTLLGILLLVLILI_0,110011001100110000,1,-66.3991,-67.2967,-58.7549,-227.332,-220.899,-239.997,-358.205,4645.54,3858.72,3603.35,-24.582,1672.05,-89.0554,1602.04,-59.4533,-64.4163,64.4983,-55.3914,6.97978,4.8697,4.33718,1572.52,-72.0387,50.2766,-42.8887,1313.84,6.71,4.09315,3.3473,0,LLLFLLLGTLLGILLLVLILI,0.143811113360666,0.0012224997788915,D,16,3.41513873411206,-17.557098934693073,-13.136432930532566,-30.752068277934185,-0.993477243470466,-21.07166261776512,-29.602100000000007,-7.644200000000005,12.66500000000002,786.8200000000002,-0.037622454945222546,-0.009715309727764932,0.016096438829719655,-0.031242215500368566
ALLLGLLLGTLLIFL,Mutant,,clash,15.0,LLLALLLGLLLGTLLGFLILI,0.7449280962064675,LLLALLLGLLLGTLLIFLILI_2,110011001100110000,1,-64.0976,-51.8325,-58.7075,-230.129,-227.843,-239.462,-358.556,4566.36,3746.66,3382.08,-24.4977,4288310.0,-88.8272,4288230.0,-60.3866,-77.5533,61.5666,-47.4816,6.73815,6.44448,5.86798,3482370.0,-73.8055,53.1891,-35.1152,4288190.0,6.5108,4.75136,4.0492,2,LLLALLLGLLLGTLLIFLILI,0.3884549446018164,0.0016757925240423,D,14,54.78817894374144,30.68823747365637,20.79755903276108,1.9898301591189675,53.70425582849616,29.773077139999067,-28.440600000000003,-5.390099999999997,9.332999999999998,819.6999999999998,-0.034696352324021,-0.006575698426253505,0.01138587288032207,-0.029886177869952426
TALLAFLLGILLGLL,WT,LLLTALLAFLLIILLGLLILI,clash,,,,LLLTALLAFLLGILLGLLILI_1,110011001100110000,1,-50.8329,-50.9223,-44.9899,-218.199,-216.81,-241.553,-345.868,4544.32,3438.45,3474.25,-24.4309,-23.5073,-101.267,-101.643,-59.325,-78.339,52.1758,-35.1089,7.38807,5.29458,4.57722,-23.8808,-77.6262,50.1878,-35.0,-369.371,7.3742,4.91928,4.1721,1,LLLTALLAFLLGILLGLLILI,1.1084684042311377,0.0004938829321234,D,13,-92.97786407007548,-94.51062299696596,-90.21764801856705,-92.35289397152988,-92.87921139617984,-94.43350376646762,-41.94199999999999,-5.8430000000000035,23.353999999999985,1105.87,-0.03792670024505593,-0.005283622848978636,0.021118214618354766,-0.022092018049137786
IYLLASLLGILLTLL,Mutant,,clash,,LLLGYLLASLLGILLTLLILI,0.2844993069011012,LLLIYLLASLLGILLTLLILI_0,110011001100110000,1,-83.0175,-78.509,-74.16,-220.474,-220.344,-241.928,-374.76,4587.98,3670.14,3651.46,-24.4187,-0.874259,-95.6869,-76.7811,-58.672,-73.0776,45.8622,-41.9459,7.19434,3.65304,2.84097,-0.0524471,-70.3334,49.8546,-39.6684,-375.634,7.175,3.78038,3.0282,0,LLLIYLLASLLGILLTLLILI,0.2056707616375094,0.0007246886762194,D,14,-92.63981491091322,-94.53394862979432,-90.05677378514578,-92.615649658518,-92.3170457775464,-94.29424369814586,-37.0149,-8.857500000000002,21.454000000000008,917.8399999999997,-0.040328270722566034,-0.009650374792992248,0.023374444347598725,-0.026604528022313268
LLLLGILLGTLLGFL,Mutant,,clash,,LLLALLLGILLGTLLGFLILI,0.8931004516031344,LLLLLLLGILLGTLLGFLILI_1,110011001100110000,1,-68.5458,-66.4074,-58.7518,-209.763,-207.991,-237.379,-351.654,4551.95,3758.34,3487.29,-24.3605,141.772,-97.706,64.5158,-55.5234,-83.5132,44.5113,-50.8262,6.61946,5.03601,4.20368,96.169,-87.213,39.461,-38.899,-77.1359,6.5512,4.90918,4.00109,1,LLLLLLLGILLGTLLGFLILI,0.3153606075969994,0.0001880134038785,D,16,-28.98939943353564,-38.29181188912427,-34.252267884560496,-42.86524281053528,-30.865052725277543,-39.92175397149349,-42.1826,-9.793999999999997,27.615999999999985,793.6099999999997,-0.05315280805433401,-0.012341074331220626,0.03479794861455878,-0.030695807764519106
LVLLGILLGLLLTFL,Mutant,,clash,,LLLAVLLGILLGLLLTFLILI,0.7630574192166659,LLLLVLLGILLGLLLTFLILI_0,110011001100110000,1,-56.1646,-57.4251,-58.7585,-235.222,-203.227,-241.698,-360.698,4570.81,3672.81,3555.1,-24.3579,668.789,-93.6689,568.743,-60.2416,-106.168,40.7895,-42.9436,7.75705,7.93176,7.04361,518.194,-106.47,21.0167,-38.4019,308.091,7.4459,5.30775,4.123,0,LLLLVLLGILLGLLLTFLILI,0.2333928028114213,0.0004814112299321,D,16,-24.99560826463644,-34.344407884521544,-29.03068953298668,-37.87654305391726,-21.986753202275704,-31.71058663568116,-33.427299999999995,2.593899999999998,6.475999999999999,898.0000000000005,-0.0372241648106904,0.002888530066815141,0.007211581291759461,-0.027124610244988853
TLLLGVLLGFLLIIL,Mutant,,clash,,LLLTLLLGVLLGFLLAILILI,0.6975005574612194,LLLTLLLGVLLGFLLIILILI_0,110011001100110000,1,-49.2647,-51.0755,-44.9524,-231.375,-228.287,-246.217,-351.91,4566.65,3840.37,3555.77,-24.262,487.633,-95.5317,415.086,-60.7404,-88.8849,34.6443,-51.892,7.68156,4.50971,3.52938,479.134,-83.081,35.995,-42.847,135.723,7.4247,3.82147,2.86139,0,LLLTLLLGVLLGFLLIILILI,0.5972434618073859,2.358425929972508e-05,D,15,-51.67574288390425,-60.42325754992807,-46.28705284586356,-56.01001230817617,-45.94972011228556,-55.73374255229101,-34.7913,-4.3123000000000005,14.842000000000013,726.2799999999997,-0.04790342567604782,-0.0059375172109930084,0.020435644654954038,-0.033405848983862986
YGLLFVLLGLLLATL,WT,LLLYGLLFVLLLLLLATLILI,clash,,,,LLLYGLLFVLLGLLLATLILI_0,110011001100110000,1,-63.0461,-63.5513,-58.7786,-229.982,-227.566,-245.742,-340.215,4657.29,3795.87,3733.45,-24.2431,-22.3641,-71.4297,-71.4617,-35.6941,-71.066,48.0131,-42.1302,6.88846,3.64167,2.86187,-21.4659,-69.9791,45.3649,-42.8506,-362.579,6.8462,3.12113,2.3016,0,LLLYGLLFVLLGLLLATLILI,0.202663571016242,0.001174987687453,D,13,-30.83008404614962,-41.36961531320124,-30.822037359549974,-41.3627947131718,-32.856406886359004,-43.08718408544592,-35.7356,-4.267500000000005,15.759999999999991,861.4200000000001,-0.041484525550834664,-0.004954029393327303,0.018295372756611163,-0.028143182187550783
YFLLGTLLGILLILL,Mutant,,clash,,LLLYFLLGTLLGILLALLILI,0.533387043520197,LLLYFLLGTLLGILLILLILI_2,110011001100110000,1,-60.385,-67.366,-58.7545,-241.213,-230.617,-251.014,-349.612,4720.13,3788.54,3537.34,-24.1857,776.165,-72.1999,724.535,-39.8444,-67.6606,53.7544,-42.9123,7.64387,3.90592,3.21224,742.127,-62.6538,43.9976,-40.9419,426.552,6.5,1.83774,0.997703,2,LLLYFLLGTLLGILLILLILI,0.5192243706877834,0.0011707368445487,D,15,38.13987166531314,22.468963493445845,10.103592398375458,-2.3868150782437683,39.94697124502152,24.07106149591488,-32.3555,-1.6304999999999978,9.801000000000016,931.5900000000001,-0.03473148058695348,-0.001750233471806264,0.010520722635494171,-0.02596174282678002
YLLLAVLLGTLLAFL,WT,LLLYLLLIVLLGTLLAFLILI,clash,,,,LLLYLLLAVLLGTLLAFLILI_1,110011001100110000,1,-65.9299,-66.9512,-58.6831,-229.475,-226.497,-245.849,-344.598,4640.45,3893.18,3781.56,-24.1728,-22.6908,-73.3656,-73.8401,-40.0654,-64.4245,57.6739,-46.5004,6.64992,3.94965,3.31476,-21.9675,-64.2017,54.9837,-44.9781,-366.839,6.5586,3.55305,2.8778,1,LLLYLLLAVLLGTLLAFLILI,0.0288905159250832,0.0034438289075067,D,13,-51.71943953561624,-37.94496548662829,-57.26711588076526,-45.07539735726071,-55.10158602980083,-42.29204048756433,-33.300200000000004,-7.2468,16.373999999999995,747.27,-0.04456247407228981,-0.009697699626640974,0.021911758802039417,-0.03234814725601188
AVLLYTLLGLLLGFL,WT,LLLAVLLYTLLLLLLGFLILI,clash,,,,LLLAVLLYTLLGLLLGFLILI_1,110011001100110000,1,-66.8742,-65.4972,-58.7988,-225.329,-225.892,-243.279,-343.132,4553.07,3816.22,3716.07,-24.1534,-21.5266,-75.0824,-73.2687,-41.0545,-53.7352,58.5245,-44.1853,7.02259,2.46108,1.83894,-13.1974,-49.156,60.31,-42.3523,-357.852,7.5,2.01525,1.4199,1,LLLAVLLYTLLGLLLGFLILI,0.4100222458993853,0.0003954731666601,D,13,-96.35384856327872,,-94.72907247628171,,-96.86975338323928,,-34.02790000000001,-8.075400000000002,17.94999999999999,736.8499999999999,-0.046180226640428874,-0.010959354006921359,0.024360453280857692,-0.032779263079324154
LTLLGALLGFLLALL,Mutant,,clash,,LLLSTLLGALLGFLLALLILI,0.271579090794396,LLLLTLLGALLGFLLALLILI_0,110011001100110000,1,-55.7762,-53.7953,-44.9255,-216.251,-205.134,-235.406,-340.83,4579.6,3661.97,3624.52,-24.139,150.468,-92.9419,68.5674,-60.4986,-71.3636,67.0296,-43.2197,6.26746,6.25353,5.75898,130.185,-68.8242,63.6738,-35.7825,-190.362,6.5843,5.41959,4.8747,0,LLLLTLLGALLGFLLALLILI,1.0911439318044636,0.0016774474648818,D,16,-87.74152084953198,-89.5142622837597,-82.07561013111535,-84.66771868012816,-84.69880785897813,-86.9115666334166,-32.4433,-10.850700000000003,19.155,917.6300000000006,-0.03535553545546678,-0.01182470058738271,0.020874426511774888,-0.0263058095310746
LALLFILLGILLSTL,Mutant,,clash,,LLLLALLFALLGILLSTLILI,0.1624435540496127,LLLLALLFILLGILLSTLILI_0,110011001100110000,1,-79.4876,-79.067,-74.1345,-231.668,-222.478,-242.101,-370.111,4517.75,3876.13,3672.23,-24.1367,64.1536,-83.0919,-4.41231,-53.8754,-58.5773,72.4836,-44.0257,7.38431,5.07188,4.65913,57.2544,-54.9267,67.0486,-40.0719,-305.957,7.1275,3.79057,3.2963,0,LLLLALLFILLGILLSTLILI,0.137532803109051,0.0011871464988863,D,14,-40.60646070715388,-53.96208694218812,-42.38302742615523,-55.33916305390989,-45.96092172472163,-58.112508246141616,-29.216499999999996,-5.353099999999998,10.432999999999993,641.6199999999999,-0.0455355194663508,-0.008343100277422771,0.016260403354010154,-0.03761837224525421
YGLLFVLLGLLLITL,Mutant,,clash,,LLLYGLLFVLLGLLLATLILI,-0.0157222771925951,LLLYGLLFVLLGLLLITLILI_1,110011001100110000,1,-58.7786,-61.0447,-58.7786,-244.386,-241.297,-249.786,-347.435,4694.06,4003.22,3683.57,-24.1305,253.259,-68.4008,208.167,-38.87,-70.5463,64.2119,-42.5482,8.01603,5.75055,5.21373,205.926,-69.9791,45.3649,-42.8506,-100.472,6.8462,3.12113,2.3016,1,LLLYGLLFVLLGLLLITLILI,0.2183858482088372,0.0010302707009231,D,15,33.929490041171725,2.428298815586051,0.7105667198298502,-22.977291866827905,10.7302453132293,-15.314314633917128,-29.530800000000006,0.0,5.400000000000006,690.8400000000006,-0.04274622199062009,0.0,0.007816571130797291,-0.03492921660587109
TVLLALLLGLLLGFL,WT,LLLTVLLALLLLLLLGFLILI,clash,,,,LLLTVLLALLLGLLLGFLILI_2,110011001100110000,1,-48.5925,-46.6751,-44.9939,-223.288,-223.639,-240.787,-350.05,4571.84,3616.77,3485.44,-23.937,-21.0339,-102.106,-100.769,-64.2694,-73.1775,34.2725,-40.9476,7.0311,2.10341,1.1175,-22.9386,-72.6874,32.4259,-40.8381,-372.846,7.0033,1.78061,0.766999,2,LLLTVLLALLLGLLLGFLILI,0.4551982355869182,0.0010790404188071,D,13,-16.776558601688773,-27.62780392289936,-12.749952981289118,-24.1262148683204,-9.590743758596904,-21.378925096692367,-37.83659999999999,-3.5986000000000047,17.498999999999995,955.0700000000002,-0.03961657260724343,-0.0037678913587485775,0.018322217219680224,-0.025063084381249538
SYLLALLLGTLLIFL,Mutant,,clash,,LLLSYLLALLLGTLLGFLILI,0.3128351530183622,LLLSYLLALLLGTLLIFLILI_2,110011001100110000,1,-77.5925,-65.2999,-58.7203,-235.872,-231.662,-256.397,-361.422,4648.0,3799.03,3582.88,-23.8954,45.1261,-71.8526,-19.3338,-46.3044,-58.1502,52.8346,-47.1209,7.85928,2.3552,1.64771,37.3355,-58.9126,45.2347,-40.4016,-316.296,6.7135,1.44358,0.622101,2,LLLSYLLALLLGTLLIFLILI,0.1755592780241816,0.0007997508004771,D,14,-96.33156996521144,-97.3798598867988,-94.81731796914022,-96.29832027481872,-96.48820582734214,-97.49173551251404,-25.548199999999994,-18.8722,20.524999999999977,848.9699999999998,-0.03009317172573825,-0.022229525189347097,0.02417635487708633,-0.02814634203799899
AVLLGLLLGFLLLTL,Mutant,,clash,,LLLAVLLGLLLGFLLGTLILI,1.3199993020793253,LLLAVLLGLLLGFLLLTLILI_1,110011001100110000,1,-63.5455,-58.754,-58.754,-234.193,-230.406,-238.608,-355.329,4521.16,3780.2,3670.12,-23.793,6660880.0,-81.383,6660810.0,-57.9665,-85.7338,54.7502,-52.8167,7.44911,6.75135,6.07261,5475890.0,-80.2804,39.355,-44.6447,6660520.0,7.3257,3.85498,2.9453,1,LLLAVLLGLLLGFLLLTLILI,0.5783976521432419,0.0008804259356655,D,16,-25.022014616342314,-35.879564883763315,-28.08724164252515,-38.50091686652452,-35.024289900876894,-44.43341225796239,-23.416499999999992,-4.791499999999999,4.414999999999992,740.96,-0.031602920535521474,-0.006466610883178577,0.005958486288058723,-0.03211104513064133
YGLLFVLLGLLLLTL,Mutant,,clash,,LLLYGLLFVLLGLLLATLILI,-0.0464009019773106,LLLYGLLFVLLGLLLLTLILI_2,110011001100110000,1,-58.7786,-58.7786,-58.7786,-243.113,-241.434,-249.799,-350.068,4718.89,3966.99,3690.57,-23.6058,1807.43,-71.7821,1757.57,-41.49,-74.4862,57.3935,-46.104,7.6608,5.42105,4.78195,1677.29,-69.9791,45.3649,-42.8506,1538.19,6.8462,3.12113,2.3016,2,LLLYGLLFVLLGLLLLTLILI,0.2490644729935526,0.0011824561188958,D,17,12.456411384133132,-8.67338242374989,-11.238676508848402,-27.91632467847032,2.18202360771577,-17.017282711318188,-30.292099999999998,0.0,6.686000000000007,751.9000000000005,-0.040287405240058485,0.0,0.008892139912222373,-0.031394866338608836
ALLLGLLLGTLLLFL,Mutant,,clash,,LLLALLLGLLLGTLLGFLILI,0.8245444589660468,LLLALLLGLLLGTLLLFLILI_1,110011001100110000,1,-58.7075,-55.2558,-58.7075,-233.85,-229.8,-239.476,-360.873,4596.5,3786.93,3370.07,-23.5925,45978.7,-91.9082,45902.9,-62.6899,-72.9196,73.3388,-47.0579,7.71206,7.33868,6.93876,29584.6,-73.8055,53.1891,-35.1152,45637.4,6.5108,4.75136,4.0492,1,LLLALLLGLLLGTLLLFLILI,0.3088385818422371,0.0006893711451308,D,16,39.92900753938107,22.79229859520248,11.521725445092526,-2.136024177460103,24.11819874983072,8.917794744585764,-29.218299999999992,0.0,5.626000000000005,809.5700000000002,-0.036091134799955515,0.0,0.006949368183109556,-0.029142013661573422
TALLLSLLGLLLGFL,Mutant,,clash,,LLLTALLASLLGLLLGFLILI,-0.0223425175488983,LLLTALLLSLLGLLLGFLILI_2,110011001100110000,1,-68.9648,-57.6682,-60.2627,-222.796,-222.902,-241.356,-361.97,4528.98,3838.74,3627.82,-23.4132,4954.01,-93.6225,4872.61,-60.3509,-54.3469,54.0931,-55.8093,6.04481,1.9546,1.26599,4771.03,-57.4425,60.2182,-40.5871,4592.04,6.8394,3.24583,2.6491,2,LLLTALLLSLLGLLLGFLILI,0.517163031908631,0.0033328172473899,D,17,-49.39503600199641,-51.71372270386338,-7.620772718957,-11.853529130635351,28.949349624030585,23.040973872603683,-33.2716,-8.702099999999994,18.560000000000002,690.2399999999998,-0.04820294390356979,-0.01260735396383866,0.026889197960129823,-0.03392037552155773
AYLLGVLLGLLLIFL,Mutant,,clash,15.0,LLLAYLLGVLLGLLLAFLILI,0.8070299894895211,LLLAYLLGVLLGLLLIFLILI_0,110011001100110000,1,-52.7851,-55.1249,-44.9245,-222.553,-221.188,-244.192,-339.378,4581.36,3743.62,3527.51,-23.311,24047.1,-87.351,23984.0,-50.2613,-95.4798,46.1798,-47.4454,6.75701,7.05624,6.24893,21859.2,-91.43,48.2927,-36.5962,23707.7,7.0472,6.73401,5.9584,0,LLLAYLLGVLLGLLLIFLILI,0.3840709911938406,0.0010496356915541,D,14,-30.912146652284,-32.16936497035594,-29.14594822348637,-30.435306735679823,-26.445283400842484,-27.783786952597545,-37.0897,-7.860599999999998,21.63900000000001,837.7399999999998,-0.04427352161768569,-0.009383102155800129,0.02583020985031157,-0.027826055816840556
YLLLAFLLGVLLATL,WT,LLLYLLLLFLLGVLLATLILI,clash,,,,LLLYLLLAFLLGVLLATLILI_0,110011001100110000,1,-65.649,-64.448,-58.7817,-229.053,-222.12,-245.834,-344.853,4622.02,3776.23,3699.21,-23.2617,-16.0772,-73.4135,-74.3626,-40.2382,-65.2987,59.136,-42.0633,6.45715,4.27816,3.6652,-15.8259,-60.9105,55.3955,-42.2533,-360.931,6.6842,3.11497,2.4459,0,LLLYLLLAFLLGVLLATLILI,1.3531421779074149,0.0006167025125681,D,13,-86.68019194203902,,-77.47193471266459,,-79.97280443977131,,-33.1753,-6.8673,16.781000000000006,845.7900000000004,-0.03922403906407026,-0.008119391338275455,0.019840622376712892,-0.027502926258291052
YLLLASLLGILLTLL,Mutant,,clash,,LLLYALLASLLGILLTLLILI,0.2100044774820778,LLLYLLLASLLGILLTLLILI_0,110011001100110000,1,-77.951,-77.755,-74.119,-225.42,-220.822,-248.177,-380.661,4632.76,3694.59,3714.92,-23.2509,-18.9212,-100.541,-101.005,-58.3648,-67.2311,65.4438,-43.4053,7.08429,5.41958,4.90123,-17.7327,-63.07,66.418,-42.249,-399.582,7.1117,4.92693,4.4232,0,LLLYLLLASLLGILLTLLILI,0.0387869336722354,0.0023594161378945,D,17,-53.139633337003744,-64.95950531747783,-55.84212915201744,-66.98033436724933,-50.066336534300206,-62.6614046421798,-42.176199999999994,-3.8319999999999936,22.757000000000005,938.1700000000001,-0.04495581824189645,-0.004084547576665203,0.024256797808499528,-0.024783248238592154
YLLLGALLGFLLLTL,Mutant,,clash,,LLLYLLLGALLGFLLATLILI,1.1808478955910702,LLLYLLLGALLGFLLLTLILI_2,110011001100110000,1,-58.6881,-58.6881,-58.6881,-239.719,-227.938,-246.124,-346.097,4676.74,4050.14,3617.11,-23.2059,970.17,-70.896,910.699,-41.2856,-72.04,79.3453,-49.3377,8.11649,8.01762,7.70779,850.016,-70.2206,60.1674,-40.1718,1642.6,6.5,5.15569,4.5582,2,LLLYLLLGALLGFLLLTLILI,0.0374056897581527,0.0008768234625211,D,17,432.312043423413,402.62963516450895,101.09081708814448,89.8777329513666,437.0998525062611,407.1504698183194,-29.6104,0.0,6.405000000000001,626.5999999999999,-0.0472556654963294,0.0,0.010221832109798918,-0.03703463134375998
LYLLGLLLGFLLGTL,Mutant,,clash,,LLLAYLLGLLLGFLLGTLILI,0.2844146620193902,LLLLYLLGLLLGFLLGTLILI_2,110011001100110000,1,-72.2486,-62.4838,-58.7779,-211.036,-209.996,-239.393,-338.432,4628.84,3602.73,3453.78,-23.1666,911.035,-78.3142,845.082,-40.2608,-80.3456,54.7781,-44.6036,7.20744,5.94689,5.26856,67.3383,-85.1121,47.6719,-35.0,-276.042,7.4675,5.70252,4.9176,2,LLLLYLLGLLLGFLLGTLILI,0.9010472379745064,0.0011092017937393,D,16,-35.343075552429575,-41.870574073287976,-32.820975750815734,-39.60309514739861,-25.189188391417225,-32.74178181109372,-38.053399999999996,-13.470699999999994,28.357,1026.1100000000001,-0.037085107834442695,-0.013127929754119921,0.027635438695656406,-0.02257711161571371
YFLLAILLIVLLGLL,Mutant,,clash,,LLLYFLLAILLGVLLGLLILI,0.2237161483663521,LLLYFLLAILLIVLLGLLILI_0,110011001100110000,1,-44.9933,-44.9933,-44.9933,-250.435,-236.229,-251.631,-343.586,4768.44,4153.11,3660.69,-23.1586,177285.0,-71.3164,177223.0,-46.9619,-68.8873,59.4469,-44.9407,9.79549,4.85843,4.25014,105355.0,-71.1719,34.5088,-41.0473,176942.0,6.9662,1.83447,0.852102,0,LLLYFLLAILLIVLLGLLILI,0.0591196142812753,0.0010459917070533,D,15,-39.09992049250872,-51.905506889219325,-41.16581820300043,-53.53700399083803,-40.98130890265232,-53.391291844873166,-24.3545,0.0,1.195999999999998,615.3299999999999,-0.03957957518729788,0.0,0.0019436725009344547,-0.03763606520078657
SYLLALLLGTLLGFL,WT,LLLSYLLALLLITLLGFLILI,clash,,,,LLLSYLLALLLGTLLGFLILI_0,110011001100110000,1,-80.754,-72.3899,-58.7203,-227.872,-226.021,-251.327,-349.887,4590.58,3832.34,3637.65,-23.1393,-15.387,-64.3997,-66.8626,-39.8393,-62.1553,37.9973,-45.3604,6.79474,0.952937,0.022897,-14.7494,-58.9126,45.2347,-40.4016,-365.274,6.7135,1.44358,0.622101,0,LLLSYLLALLLGTLLGFLILI,0.4883944310425438,0.0009677568771051,D,13,-96.32205255274312,,-94.64952609772004,,-95.90666929421288,,-24.560399999999994,-22.033700000000003,23.454999999999984,758.2399999999998,-0.03239132728423718,-0.029059005064359582,0.0309334775269044,-0.030517118590419928
FYLLGVLLGLLLLTL,Mutant,,clash,,LLLFYLLGVLLGLLLATLILI,0.8768288519812288,LLLFYLLGVLLGLLLLTLILI_0,110011001100110000,1,-63.7409,-68.9721,-58.7635,-240.152,-226.497,-244.496,-345.778,4760.81,3724.09,3568.65,-23.0788,14328.3,-64.964,14278.0,-42.518,-77.882,59.1369,-51.072,8.65597,6.16577,5.55283,5864.35,-71.1945,47.5262,-42.4033,13982.6,7.5,3.59521,2.8081,0,LLLFYLLGVLLGLLLLTLILI,0.2156049719448774,0.0008161070309142,D,16,-6.067289364334775,-9.685037359973702,-16.32134164157876,-19.544162493923995,-13.00135406113035,-16.35204174850497,-22.445999999999998,-4.977400000000003,4.3440000000000225,1036.7200000000003,-0.02165097615556755,-0.004801103480206808,0.004190138127941992,-0.022261362759472176
TGLLFLLLGVLLILL,Mutant,,clash,,LLLTGLLFLLLGVLLALLILI,0.1216109094043671,LLLTGLLFLLLGVLLILLILI_0,110011001100110000,1,-45.0314,-50.0753,-45.0314,-233.625,-229.09,-248.474,-355.964,4748.45,3704.81,3552.57,-23.0756,95.2648,-100.383,18.4664,-62.4581,-69.7148,62.0769,-43.2012,7.8857,5.3376,4.76875,90.3923,-63.2594,57.5053,-40.4165,-260.699,7.4344,3.75212,3.1147,0,LLLTGLLFLLLGVLLILLILI,0.2032565709204894,0.0011291258567867,D,15,-66.55067405120698,-70.34334162539346,-61.46611778058341,-65.83530016186174,-70.05875397582363,-73.45365625578218,-37.924899999999994,0.0,14.84899999999999,1043.6399999999999,-0.03633906327852516,0.0,0.0142280863132881,-0.022110689509792652
YALLILLLGTLLGFL,Mutant,,clash,,LLLYALLALLLGTLLGFLILI,-0.053811505371826,LLLYALLILLLGTLLGFLILI_0,110011001100110000,1,-60.8998,-63.1759,-58.7298,-236.419,-226.515,-247.031,-343.195,4691.97,4007.23,3721.72,-23.0536,22.9303,-68.9298,-30.5739,-37.4338,-65.3892,65.7442,-49.41,7.22302,5.18386,4.67002,19.8748,-63.0279,55.5114,-39.6932,-320.265,7.1542,3.44823,2.7809,0,LLLYALLILLLGTLLGFLILI,0.0983351591152633,0.0003152738990752,D,15,-87.21820538604594,-89.09599724543247,-83.28678454916277,-85.74214710705375,-86.69218924303668,-88.64725889173852,-31.496000000000002,-2.1700000000000017,10.611999999999995,684.7400000000002,-0.045997020767006444,-0.0031690860764669814,0.015497853199754639,-0.03366766948038671
ATLLGILLGLLLLFL,Mutant,,clash,,LLLATLLGILLGLLLGFLILI,0.7816570903605768,LLLATLLGILLGLLLLFLILI_2,110011001100110000,1,-48.4223,-58.3271,-44.9292,-232.999,-220.306,-240.544,-352.865,4531.44,3847.03,3421.11,-23.0161,223320.0,-94.4602,223245.0,-67.392,-74.186,75.7285,-44.3456,8.3057,7.85125,7.48717,170186.0,-81.6776,47.767,-35.1198,222967.0,6.6099,5.20019,4.4167,2,LLLATLLGILLGLLLLFLILI,0.3005269374041932,0.0005629456692063,D,16,17.34241005131442,7.707327343923547,6.33686979967323,-2.394538860817546,32.122414407291394,21.273733271820163,-27.068200000000004,-3.4930999999999983,7.545000000000016,684.4099999999994,-0.03954968513025822,-0.005103812042489153,0.011024093744977459,-0.033629111205271726
YALLALLLGVLLSTL,WT,LLLYALLILLLGVLLSTLILI,clash,,,,LLLYALLALLLGVLLSTLILI_0,110011001100110000,1,-75.1042,-71.8787,-74.1828,-229.257,-222.64,-243.901,-366.892,4599.13,3714.02,3710.98,-22.9676,-17.0523,-85.4984,-89.4256,-48.8082,-75.4874,62.4106,-39.3178,7.25935,6.24854,5.6847,-17.0428,-72.2819,58.8241,-37.2216,-383.944,7.0527,5.28354,4.6659,0,LLLYALLALLLGVLLSTLILI,0.2847602157971718,0.0012500301617346,D,13,-58.996363184992816,-62.09594794240615,-53.44567055542446,-56.96484839296673,-57.65453135563084,-60.85554910309983,-36.690200000000004,-0.9214000000000055,14.644000000000005,885.1100000000001,-0.04145270079425156,-0.0010410005536035131,0.016544836235044234,-0.025948865112810835
SYLLGILLGLLLLFL,Mutant,,clash,,LLLSYLLGILLGLLLGFLILI,0.8862273156980001,LLLSYLLGILLGLLLLFLILI_1,110011001100110000,1,-58.6683,-64.424,-44.9106,-238.346,-231.731,-257.093,-357.623,4626.0,3784.7,3500.87,-22.9313,270926000.0,-83.5396,270926000.0,-55.6193,-81.9611,52.3381,-53.8805,7.15421,5.8598,5.14487,29501.3,-76.6759,45.1821,-43.8075,24383.1,6.5,4.10097,3.2787,1,LLLSYLLGILLGLLLLFLILI,0.1021448388612532,0.0008689223578188,D,17,-77.94839558735855,-75.92604190004484,-71.88539629335297,-69.30700465301925,-75.80782795741723,-73.58916271116433,-27.92029999999999,-13.7577,18.747000000000014,841.3000000000002,-0.03318709140615712,-0.016352906216569593,0.022283370973493415,-0.027256983240223458
YFLLGTLLGVLLLLL,Mutant,,clash,,LLLYFLLGTLLGVLLALLILI,0.7898132045267041,LLLYFLLGTLLGVLLLLLILI_0,110011001100110000,1,-63.8733,-66.418,-58.7571,-240.267,-227.71,-249.608,-348.462,4743.96,3726.87,3580.98,-22.9178,2389.91,-67.2395,2335.58,-40.0969,-61.4548,77.2387,-49.1498,7.32842,6.14544,5.80402,1969.14,-72.9898,49.7856,-44.4885,2041.45,6.6061,4.16952,3.4163,0,LLLYFLLGTLLGVLLLLLILI,0.3535196979132395,0.0007150306447258,D,17,114.0746085097678,90.15251583653398,32.35878235537447,17.568148941803692,108.82341799238948,85.48812758905585,-27.14260000000001,-5.116199999999999,9.341000000000008,1017.0900000000001,-0.026686527249309307,-0.0050302333126861914,0.009184044676478981,-0.02253271588551652
LFLLGLLLGTLLGIL,Mutant,,clash,,LLLAFLLGLLLGTLLGILILI,0.5478315101946583,LLLLFLLGLLLGTLLGILILI_0,110011001100110000,1,-58.7594,-62.9011,-58.7594,-223.724,-210.854,-238.223,-348.888,4615.71,3529.25,3551.08,-22.9111,-6.20527,-89.3153,-81.3377,-51.9047,-87.8482,49.9412,-34.0453,7.88167,6.41929,5.66841,-4.72427,-87.7841,38.6606,-35.7467,-355.093,7.5,4.88679,3.9667,0,LLLLFLLGLLLGTLLGILILI,1.0405107030524887,0.0018313732314183,D,16,-91.30291603662285,-93.72415856344718,-85.9877019847549,-89.88868442851569,-88.80980618513676,-91.92512314218185,-37.410599999999995,0.0,14.499000000000024,1086.46,-0.03443348121421865,0.0,0.013345176076431734,-0.02108784492756291
YTLLIILLGLLLGFL,Mutant,,clash,,LLLYTLLAILLGLLLGFLILI,0.0387421918934485,LLLYTLLIILLGLLLGFLILI_1,110011001100110000,1,-62.9539,-44.9683,-44.9683,-235.17,-225.506,-250.909,-344.136,4682.8,4191.11,3800.45,-22.8857,525.391,-68.8985,451.729,-48.2589,-71.9864,47.5452,-43.6338,8.95756,3.71655,2.92973,526.432,-69.661,38.6284,-44.2206,159.308,7.0132,2.16398,1.24341,1,LLLYTLLIILLGLLLGFLILI,0.1173132433159204,0.0008601213261189,D,15,-74.54583078863251,-81.62138322579685,-69.88304978503767,-78.25472590315935,-76.34824430677182,-82.92277582059943,-20.6396,-17.985599999999998,15.739000000000004,491.6900000000005,-0.04197685533567894,-0.03657914539648962,0.03201000630478551,-0.04654497752649022
AYLLGVLLGLLLLFL,Mutant,,clash,,LLLAYLLGVLLGLLLGFLILI,0.8904326039794834,LLLAYLLGVLLGLLLLFLILI_1,110011001100110000,1,-48.7774,-44.9116,-44.9116,-234.809,-230.602,-243.059,-339.39,4615.2,3873.22,3369.76,-22.8091,7430650.0,-78.6128,7430580.0,-51.4195,-80.1958,49.7278,-56.0939,7.65943,5.24262,4.48853,179516.0,-78.3342,38.1851,-39.2997,280935.0,6.6883,3.40512,2.4779,1,LLLAYLLGVLLGLLLLFLILI,0.3090497587834611,0.0012580368860298,D,16,-54.84825989836151,-55.01334360351697,-47.1778989317899,-47.3710269959311,-50.18984196603225,-50.371957769855456,-27.193299999999994,-3.8658,8.25,741.98,-0.03664964015202565,-0.005210113480147713,0.011118898083506294,-0.03074085554866708
YFLLIALLGLLLGTL,Mutant,,clash,,LLLYFLLAALLGLLLGTLILI,0.1349035159215059,LLLYFLLIALLGLLLGTLILI_0,110011001100110000,1,-66.7244,-66.7585,-58.6834,-224.684,-220.629,-246.853,-339.884,4754.83,3928.26,3723.47,-22.7471,1121.13,-71.2232,1068.63,-34.3482,-69.0712,56.2798,-50.6739,7.20498,4.45845,3.80265,1095.85,-60.9139,62.9834,-44.4576,781.242,6.862,4.13985,3.5846,0,LLLYFLLIALLGLLLGTLILI,0.1026883822904655,0.0012501304031602,D,15,-54.86160678057177,-60.12756923861898,-50.86270099601348,-56.59518621290999,-53.639631288329085,-59.04815258836968,-36.87500000000001,-8.041000000000004,22.16900000000001,826.5699999999997,-0.04461207157288556,-0.009728153695391808,0.026820474974896282,-0.0275198712752701
LYLLAVLLGLLLGFL,Mutant,,clash,,LLLAYLLAVLLGLLLGFLILI,0.4191324478681212,LLLLYLLAVLLGLLLGFLILI_0,110011001100110000,1,-51.4631,-48.9672,-44.976,-217.84,-212.394,-239.517,-334.01,4623.7,3614.66,3481.11,-22.7306,-17.5332,-87.4371,-90.1815,-49.5174,-68.6529,45.2617,-37.6794,6.66705,2.90827,2.0872,-17.3656,-67.1512,40.0821,-37.8379,-351.543,6.769,1.98377,1.085,0,LLLLYLLAVLLGLLLGFLILI,0.4017121810262397,0.0002532735199636,D,16,-91.57706513230632,-94.44061444544582,-89.18266906334881,-92.86024238668756,-91.29464671101638,-94.2542099538616,-37.9197,-6.487099999999998,21.676999999999992,1009.04,-0.03757997700784905,-0.00642898200269563,0.021482795528423047,-0.022526956314913183
WTLLLLLLGILLGFL,Mutant,,clash,,LLLWTLLALLLGILLGFLILI,0.234705914874491,LLLWTLLLLLLGILLGFLILI_2,110011001100110000,1,-49.3741,-50.5561,-44.9318,-231.04,-226.535,-250.896,-352.413,4745.34,3723.16,3642.28,-22.6889,39.066,-94.6875,-36.2554,-56.5847,-54.3348,46.6452,-54.4701,6.23503,0.947329,0.147008,38.594,-59.7943,45.2097,-45.0,-313.347,6.5,1.57245,0.750595,2,LLLWTLLLLLLGILLGFLILI,0.0372537743032647,0.0004643723440133,D,17,-37.772329337133534,-49.93910026013666,-41.52389062801183,-52.95715527730255,-50.54028599964919,-60.21066259818406,-38.1028,-4.442299999999996,19.855999999999995,1022.1800000000003,-0.0372760179224794,-0.004345907765755537,0.01942515016924611,-0.02219657985873329
AYLLGFLLGTLLLLL,Mutant,,clash,,LLLAYLLGFLLGTLLGLLILI,0.6402919381146887,LLLAYLLGFLLGTLLLLLILI_2,110011001100110000,1,-62.5937,-62.5531,-58.6623,-234.241,-222.697,-244.399,-347.746,4635.38,3735.91,3486.78,-22.6609,107885.0,-73.572,107823.0,-44.6849,-97.8195,30.8816,-38.5801,8.63857,5.34194,4.30516,103363.0,-91.134,25.7473,-37.6199,107538.0,7.3707,3.64599,2.5322,2,LLLAYLLGFLLGTLLLLLILI,0.5561199539358325,0.0013133086233223,D,16,-86.16530449707389,-87.44844183236677,-81.24631645923817,-82.98567902925858,-86.12283895278199,-87.40991487315851,-28.887100000000004,-3.9313999999999965,10.157999999999987,899.4700000000003,-0.032115690350984466,-0.004370796135502013,0.011293317175670099,-0.025193614017143425
ALLLGVLLGFLLITL,Mutant,,clash,,LLLALLLGVLLGFLLGTLILI,0.4090000848973304,LLLALLLGVLLGFLLITLILI_2,110011001100110000,1,-67.134,-58.7215,-58.7215,-230.358,-230.775,-238.922,-349.297,4574.29,3757.48,3576.0,-22.5877,7384.14,-74.3937,7324.34,-51.6544,-85.3827,46.7364,-51.9141,7.27456,5.61682,4.81786,6025.77,-80.2804,39.355,-44.6447,7008.48,7.3257,3.85498,2.9453,2,LLLALLLGVLLGFLLITLILI,0.9053389224594236,0.0007891879557508,D,14,-41.96690729225818,-48.11957776972067,-36.632267736235576,-43.35051688222672,-28.24341635977885,-35.851051816158034,-22.739299999999993,-8.412500000000001,8.563999999999993,816.81,-0.02783915476059303,-0.0102992127912244,0.010484690442085666,-0.02765355468223945
VGLLFALLGTLLLYL,Mutant,,clash,,LLLVGLLFALLGTLLSYLILI,-0.0084240021859428,LLLVGLLFALLGTLLLYLILI_0,110011001100110000,1,-65.5092,-63.2516,-58.783,-226.274,-219.566,-241.266,-338.578,4639.49,3857.85,3591.14,-22.5255,724.544,-69.3199,668.784,-38.5284,-58.4459,70.3316,-50.0961,6.60752,4.76165,4.31662,541.398,-59.8906,63.2894,-39.6145,385.966,6.7452,4.02766,3.477,0,LLLVGLLFALLGTLLLYLILI,0.2285079101930399,0.0025800371242414,D,17,89.98836881954323,79.578192033691,32.36563786284956,25.11282707718942,50.25476776471606,42.02174431666714,-30.791500000000006,-6.726200000000006,14.99199999999999,781.6399999999999,-0.03939345478737016,-0.00860524026406019,0.01918018525152243,-0.02881825392763933
AFLLGLLLGTLLLVL,Mutant,,clash,,LLLAFLLGLLLGTLLGVLILI,0.2579866102832335,LLLAFLLGLLLGTLLLVLILI_2,110011001100110000,1,-63.5959,-60.319,-58.6456,-232.939,-227.076,-238.935,-352.179,4563.57,3664.38,3355.09,-22.3971,2595870.0,-78.0413,2595810.0,-54.5989,-73.946,61.3826,-49.6935,8.19359,5.87855,5.29929,874851.0,-70.7932,46.6401,-35.0,2595890.0,7.2306,3.4154,2.615,2,LLLAFLLGLLLGTLLLVLILI,1.201386093498359,0.0005233963085789,D,16,-83.93912802836377,-86.42678640574356,-77.51435535314688,-80.99714273700214,-83.63153879961199,-86.16683947954218,-23.442400000000006,-4.950299999999999,5.996000000000009,899.1899999999996,-0.02607057462827658,-0.005505288092616689,0.006668223623483371,-0.02490808394221467
IVLLGLLLGTLLGFL,Mutant,,clash,,LLLAVLLGLLLGTLLGFLILI,0.651097611485331,LLLIVLLGLLLGTLLGFLILI_0,110011001100110000,1,-68.0399,-68.6925,-58.7059,-214.913,-206.832,-235.7,-346.2,4530.45,3607.61,3470.19,-22.3352,27.3124,-85.5826,-43.3635,-51.7939,-85.6416,37.6354,-43.9731,6.79667,4.42702,3.49155,25.9636,-84.6258,35.2029,-35.5813,-318.888,7.1166,3.94626,2.9743,0,LLLIVLLGLLLGTLLGFLILI,0.1911524635910334,0.0006793369118903,D,14,138.02489705940033,126.4414653239924,58.00953665779582,50.32003566848437,144.12681994575777,132.24643941179113,-33.7887,-9.334000000000003,20.786999999999978,922.8399999999997,-0.03661382254778728,-0.010114429370205026,0.02252503142473233,-0.02420267868752981
IALLALLLGTLLGFL,Mutant,,clash,,LLLGALLALLLGTLLGFLILI,-0.1005501851842214,LLLIALLALLLGTLLGFLILI_0,110011001100110000,1,-63.5439,-64.2121,-58.7121,-214.925,-203.11,-234.731,-346.792,4544.87,3551.0,3522.54,-22.2953,4.22977,-90.6182,-75.2398,-53.3485,-79.0106,67.2409,-33.1125,7.27872,7.42911,6.93773,3.21473,-76.6587,59.1886,-35.0,-342.562,7.2022,5.98927,5.3771,0,LLLIALLALLLGTLLGFLILI,0.330538467790134,0.0008127513387918,D,14,-7.420130786944046,-16.532892237080027,-9.679279199846514,-18.56966962329789,-2.3225731073420146,-11.93709403831739,-37.2697,-4.831800000000001,19.805999999999983,993.8699999999999,-0.037499572378681324,-0.004861601617917838,0.01992815961846115,-0.022432813144576257
ALLLGVLLITLLGFL,Mutant,,clash,11.0,LLLALLLGVLLGTLLGFLILI,0.7667190595455605,LLLALLLGVLLITLLGFLILI_2,110011001100110000,1,-58.7067,-54.7161,-58.7067,-241.084,-227.141,-238.933,-350.657,4551.19,4033.36,3544.96,-22.1445,3253040.0,-73.0113,3252980.0,-53.0177,-92.1313,66.9584,-39.2823,9.63797,9.35907,8.86345,2884520.0,-97.484,35.8407,-36.8474,3252690.0,6.7321,5.96109,4.9987,2,LLLALLLGVLLITLLGFLILI,0.2498714530944638,0.0010159358937212,D,14,7.532068079641779,1.4976062047056635,-5.548445033325981,-10.848857437304794,13.400467504223275,7.036684030373001,-19.993600000000008,0.0,-2.1510000000000105,517.8299999999995,-0.03861035474962831,0.0,-0.004153872892648191,-0.04276403452870638
VYLLFTLLGGLLILL,Mutant,,clash,,LLLVYLLFTLLGGLLALLILI,0.3808367008531858,LLLVYLLFTLLGGLLILLILI_0,110011001100110000,1,-61.6434,-66.5267,-58.7506,-229.123,-223.412,-243.501,-342.85,4644.63,3765.79,3707.19,-22.1174,169.024,-74.201,116.113,-40.5977,-41.2167,75.6584,-44.953,7.10935,2.8964,2.53127,131.173,-44.9843,61.9817,-41.7735,-173.825,6.6369,1.61517,1.04489,0,LLLVYLLFTLLGGLLILLILI,0.0559397234871699,0.000869950189925,D,15,-95.94572144426888,-96.08182682642762,-94.47289192613242,-94.6584413762468,-96.05222054379118,-96.1847506657795,-33.60329999999999,-2.892800000000001,14.378000000000014,878.8400000000001,-0.038235970142460496,-0.003291611669928543,0.016360202084566032,-0.025166583223339853
TYLLVLLLGALLSFL,WT,LLLTYLLVLLLIALLSFLILI,clash,,,,LLLTYLLVLLLGALLSFLILI_1,110011001100110000,1,-80.6622,-70.9345,-60.4043,-230.681,-230.327,-250.783,-357.848,4655.62,3816.67,3671.27,-22.0645,-17.3303,-68.569,-73.9172,-46.6605,-55.7892,61.1115,-44.4112,7.49585,3.11843,2.5351,-18.3046,-53.9192,60.8048,-44.6955,-376.941,7.2319,2.79653,2.2086,1,LLLTYLLVLLLGALLSFLILI,0.6671307264775621,0.0005287558579304,D,13,-98.32050194204125,,-97.59652575867791,,-98.20381144245404,,-21.908500000000004,-20.2579,20.101999999999975,838.9499999999998,-0.02611419035699387,-0.02414673103283867,0.023960903510340283,-0.026300137076107042
YILLALLLGVLLSTL,WT,LLLYILLLLLLGVLLSTLILI,clash,,,,LLLYILLALLLGVLLSTLILI_0,110011001100110000,1,-77.9338,-72.0697,-74.1753,-231.106,-223.643,-246.575,-373.928,4603.3,3749.32,3723.66,-21.9427,-11.893,-86.8304,-90.1075,-53.1768,-75.5154,56.1696,-46.5225,7.48619,5.4102,4.75275,-11.7007,-71.421,52.627,-43.8508,-385.821,7.5,4.3178,3.60721,0,LLLYILLALLLGVLLSTLILI,0.3880277375983643,0.0012345177192978,D,13,-60.81353402905973,-67.95882313013037,-56.66532885359548,-64.5670047452287,-61.63000478292301,-68.62641800467225,-33.6536,-3.758500000000012,15.468999999999994,853.98,-0.03940794866390313,-0.004401156935759634,0.01811400735380219,-0.025694629850816175
ALLLGTLLGLLLIFL,Mutant,,clash,,LLLALLLGTLLGLLLGFLILI,0.9133928992649336,LLLALLLGTLLGLLLIFLILI_2,110011001100110000,1,-51.6199,-51.6199,-58.6905,-236.23,-232.761,-240.36,-359.406,4506.72,3786.98,3354.74,-21.9169,11193700.0,-93.4736,11193600.0,-60.3561,-66.3816,68.5373,-48.6314,8.44648,5.70979,5.23785,9348350.0,-63.8279,50.3554,-37.6016,11195100.0,6.5149,2.87217,2.1275,2,LLLALLLGTLLGLLLIFLILI,0.3440170764760646,0.0002284149063979,D,14,22.726399152130693,14.780820547478909,8.421156747049773,1.401731185047537,37.41613576758285,28.51951111443564,-33.11750000000001,7.070599999999999,4.130000000000024,719.7400000000002,-0.04601314363520159,0.00982382527023647,0.0057381832328341105,-0.030451135132131036
IVLLGFLLGLLLGTL,Mutant,,clash,,LLLAVLLGFLLGLLLGTLILI,0.8583290561116088,LLLIVLLGFLLGLLLGTLILI_0,110011001100110000,1,-69.0029,-69.133,-58.7258,-220.609,-207.835,-235.731,-342.866,4554.6,3580.44,3578.49,-21.6899,19.4062,-74.9436,-46.4915,-48.4085,-75.2611,62.1448,-42.2171,6.58442,6.17871,5.61089,19.1669,-73.2945,52.8302,-38.1653,-323.459,6.8167,4.62625,3.9187,0,LLLIVLLGFLLGLLLGTLILI,0.8394002080640477,0.0009578192033449,D,14,1050.7674815140826,1072.2194679573547,175.8476578773958,180.98986106983267,1305.8004684331336,1332.006642204307,-26.535100000000007,-10.277099999999997,15.121999999999986,974.1600000000003,-0.02723895458651556,-0.010549704360679965,0.015523117352385625,-0.022265233637184852
TGLLFLLLGVLLIIL,Mutant,,clash,,LLLTGLLFLLLGVLLAILILI,0.3044737082386707,LLLTGLLFLLLGVLLIILILI_2,110011001100110000,1,-45.052,-45.052,-45.052,-231.761,-230.797,-247.752,-352.328,4721.25,3690.66,3462.97,-21.6874,225.816,-97.202,149.337,-59.5243,-73.9806,67.9235,-43.999,7.25446,6.76677,6.28563,231.363,-70.6341,63.5646,-35.8262,-138.034,6.7474,5.67633,5.1298,2,LLLTGLLFLLLGVLLIILILI,0.1114376489685998,0.0011226487764644,D,15,-39.37509995754514,-52.34155219628881,-39.26101306701791,-52.25186620730619,-43.20580767156196,-55.35294823177747,-37.6777,0.0,15.991000000000014,1030.5900000000001,-0.036559349498830766,0.0,0.015516354709438294,-0.021043674011973722
FVLLILLLGALLLTL,Mutant,,clash,,LLLFVLLILLLGALLGTLILI,0.0136872989452682,LLLFVLLILLLGALLLTLILI_2,110011001100110000,1,-54.3759,-44.9659,-58.7747,-233.007,-231.382,-241.614,-362.235,4706.32,3902.65,3581.36,-21.5989,32872.8,-96.4504,32786.9,-61.8456,-61.2382,57.8207,-52.307,7.76129,3.49153,2.85884,25686.5,-48.7389,54.7657,-43.6502,78320.5,6.8404,1.20421,0.525696,2,LLLFVLLILLLGALLLTLILI,0.1867605540893168,0.0012677012365695,D,16,-36.51688395717039,-49.7711474000122,-41.08375038382505,-53.38452485983175,-43.537377415371296,-55.32587364963808,-34.604800000000004,4.398800000000001,8.607,803.6699999999996,-0.04305846927221375,0.005473390819615021,0.010709619619993284,-0.026875334403424305
TYLLVLLLGALLIFL,Mutant,,clash,,LLLTYLLVLLLGALLSFLILI,0.5005866817963032,LLLTYLLVLLLGALLIFLILI_1,110011001100110000,1,-60.5952,-60.8358,-45.0279,-234.388,-233.068,-252.71,-349.802,4696.98,3798.63,3644.34,-21.537,-9.77026,-76.3562,-65.6691,-52.0644,-57.3967,63.0808,-45.8237,7.76823,3.62541,3.07162,-10.9626,-53.9192,60.8048,-44.6955,-344.899,7.2319,2.79653,2.2086,1,LLLTYLLVLLLGALLIFLILI,0.166544044681259,0.0008560725240912,D,15,-95.58980538853822,-96.36567240810832,-94.2136477408132,-95.23161639685624,-95.3876942504177,-96.1991178338519,-24.291800000000002,-15.567299999999996,18.322000000000003,898.3499999999995,-0.027040463071186082,-0.01732876941058608,0.020395168920799258,-0.023973952245783952
AVLLGILLGLLLLFL,Mutant,,clash,,LLLAVLLGILLGLLLGFLILI,1.0090396938990875,LLLAVLLGILLGLLLLFLILI_0,110011001100110000,1,-44.9348,-56.787,-44.9348,-233.676,-218.858,-239.462,-352.014,4527.11,3853.35,3409.15,-21.531,275544.0,-94.9343,275468.0,-67.6178,-68.8101,67.5388,-44.2878,8.96595,5.93925,5.45234,270624.0,-78.3112,37.3108,-36.9447,275192.0,6.8995,3.28364,2.3433,0,LLLAVLLGILLGLLLLFLILI,0.3585385293134875,0.0013362817662722,D,16,-4.565222187954818,-10.17339058402805,-5.1469951324212175,-10.720975984753606,8.440301633182752,2.067871305136168,-27.31649999999999,0.0,5.786000000000001,673.7599999999998,-0.040543368558537164,0.0,0.008587627641890293,-0.03195648302066018
YVLLGILLGTLLLLL,Mutant,,clash,,LLLYVLLGILLGTLLSLLILI,0.4676428172814865,LLLYVLLGILLGTLLLLLILI_0,110011001100110000,1,-58.7708,-58.7708,-58.7708,-242.571,-230.689,-248.22,-364.936,4638.92,3721.6,3734.95,-21.5291,614.112,-85.1234,538.636,-57.9448,-115.279,19.5846,-44.6186,7.40413,6.43581,5.22958,341.382,-103.028,20.5579,-45.0,249.176,7.3039,4.72952,3.53789,0,LLLYVLLGILLGTLLLLLILI,0.1479020114113519,0.0006690408239309,D,17,85.78049312238902,66.02031579741768,26.89130717655244,13.394762471214325,81.30844990358696,62.02393267361951,-27.178600000000003,0.0,5.649000000000001,917.3200000000002,-0.029628264945711417,0.0,0.006158156368551868,-0.02346956351109754
AVLLGILLGLLLTFL,WT,LLLAVLLGILLLLLLTFLILI,clash,,,,LLLAVLLGILLGLLLTFLILI_1,110011001100110000,1,-58.098,-57.5951,-58.7585,-222.545,-220.705,-238.607,-353.494,4480.47,3577.98,3581.47,-21.4065,-17.2437,-94.2582,-92.4382,-56.129,-108.117,25.437,-37.3852,7.33316,6.15157,5.03313,-14.0187,-106.47,21.0167,-38.4019,-367.854,7.4459,5.30775,4.123,1,LLLAVLLGILLGLLLTFLILI,0.9964502220280872,0.000178303300105,D,13,-75.6260753490007,-78.15213250085651,-65.97920013101455,-69.5050371084987,-68.03453378177878,-71.34736073554687,-38.129200000000004,0.660499999999999,16.062000000000012,902.4900000000002,-0.042248889184367686,0.0007318640649757879,0.01779742711830603,-0.023719376391982176
AYLLAVLLGLLLGFL,WT,LLLAYLLAVLLLLLLGFLILI,clash,,,,LLLAYLLAVLLGLLLGFLILI_2,110011001100110000,1,-51.5782,-50.3124,-44.976,-219.735,-217.852,-241.067,-332.274,4573.48,3583.57,3472.42,-21.4048,-18.6022,-82.3657,-82.7125,-46.231,-67.8564,42.2675,-37.399,6.65811,2.38457,1.51858,-16.4099,-67.1512,40.0821,-37.8379,-350.395,6.769,1.98377,1.085,2,LLLAYLLAVLLGLLLGFLILI,0.8208446288943609,0.0009604113437461,D,13,-94.76408441184547,-94.36154548045658,-92.47522301579204,-91.89671565921516,-94.02807244981568,-93.56894867405778,-36.1347,-6.602200000000003,21.331999999999994,989.9099999999994,-0.03650301542564478,-0.006669495206634954,0.02154943378690993,-0.021622975826085213
ITLLGALLGFLLALL,Mutant,,clash,,LLLSTLLGALLGFLLALLILI,0.5039826777502053,LLLITLLGALLGFLLALLILI_1,110011001100110000,1,-52.8172,-52.8514,-44.9255,-212.125,-209.56,-234.61,-338.905,4544.27,3661.26,3611.43,-21.4031,13.0691,-95.3656,-63.4242,-59.3699,-76.8038,57.3452,-42.425,6.65386,5.76217,5.12235,15.1231,-68.8242,63.6738,-35.7825,-324.728,6.5843,5.41959,4.8747,1,LLLITLLGALLGFLLALLILI,0.8587403448486542,0.001277313493345,D,14,-78.12061596562404,-81.79907209892231,-70.32567462062839,-75.31464981397649,-72.59913635872218,-77.2058873879361,-35.9957,-7.8917,22.485000000000014,883.0100000000002,-0.04076477050090032,-0.008937271378580082,0.0254640377798666,-0.024238796842617857
AYLLGVLLGFLLILL,Mutant,,clash,,LLLAYLLGVLLGFLLGLLILI,0.5704404771283426,LLLAYLLGVLLGFLLILLILI_1,110011001100110000,1,-47.5003,-46.3301,-44.8823,-231.958,-227.61,-245.724,-335.151,4630.34,3923.36,3476.27,-21.3844,24122.9,-77.0763,24061.7,-44.5441,-85.5161,54.296,-52.2887,8.24543,6.65737,5.97182,9892.78,-79.0932,48.1108,-39.972,8268.77,7.1758,4.85894,4.0806,1,LLLAYLLGVLLGFLLILLILI,0.7221254460106133,0.0016419858579782,D,14,-71.20878094695206,-75.25424487468864,-63.36250485842884,-68.51045169335661,-68.6511934664781,-73.05602487619676,-32.5322,-2.618000000000002,13.765999999999991,706.98,-0.04601572887493282,-0.0037030750516280544,0.019471555065206925,-0.03024753175478797
GYLLIALLGTLLFLL,Mutant,,clash,,LLLGYLLAALLGTLLFLLILI,-0.0108496837643635,LLLGYLLIALLGTLLFLLILI_0,110011001100110000,1,-63.965,-66.6413,-58.7134,-231.83,-231.459,-247.4,-347.112,4651.89,3801.93,3686.13,-21.2243,307.383,-72.5417,258.371,-40.9992,-55.9271,55.9984,-50.2826,7.19348,2.44885,1.78882,202.012,-59.0686,58.4114,-43.8449,-39.7291,7.0021,3.24583,2.622,0,LLLGYLLIALLGTLLFLLILI,0.3582972927104374,0.0021610825782602,D,14,-92.12624811553977,-93.90388507053052,-89.48582234515953,-91.8595815167522,-92.28662482751707,-94.02805393977744,-31.542500000000004,-5.251600000000003,15.569999999999993,849.9600000000005,-0.03711056990917218,-0.006178643700880042,0.018318509106310867,-0.02497093980893217
YVLLGLLLGTLLIFL,Mutant,,clash,,LLLYVLLGLLLGTLLAFLILI,0.0784327550557873,LLLYVLLGLLLGTLLIFLILI_0,110011001100110000,1,-58.6969,-66.4108,-58.6969,-237.629,-223.329,-249.196,-348.5,4670.24,3847.4,3590.78,-21.2239,261.895,-73.3977,203.136,-40.6071,-66.8064,67.4318,-44.3876,8.33275,5.62426,5.13573,179.785,-67.743,51.6604,-38.5819,-86.6048,7.1139,3.6356,2.91051,0,LLLYVLLGLLLGTLLIFLILI,0.1472729788262426,0.0006779533332635,D,15,61.58041755581284,42.05711714812966,14.071147476973628,0.2882564946995892,42.70452177688415,25.461941949891703,-32.7906,0.0,11.567000000000007,822.8399999999997,-0.03985051771911916,0.0,0.014057410918283034,-0.025793471391765115
LALLFALLGILLSTL,WT,LLLLALLFALLIILLSTLILI,clash,,,,LLLLALLFALLGILLSTLILI_1,110011001100110000,1,-80.0714,-79.4648,-74.1345,-222.788,-223.672,-237.471,-364.596,4494.22,3860.61,3670.25,-21.2195,-19.7321,-82.9566,-81.1919,-52.9908,-61.2559,64.6541,-46.5772,6.83133,4.41669,3.8865,-13.8856,-54.9267,67.0486,-40.0719,-380.26,7.1275,3.79057,3.2963,1,LLLLALLFALLGILLSTLILI,0.2999763571586637,0.0004400073017642,D,13,-19.97709520176608,-32.73255231127013,-25.474059837132103,-37.35331410426672,-31.10311110747765,-42.08510824270574,-29.965799999999994,-5.936899999999994,14.682999999999993,633.6100000000001,-0.04729376114644653,-0.009369959438771473,0.023173561023342417,-0.03348984391029181
YFLLALLLGTLLGVL,WT,LLLYFLLALLLGTLLIVLILI,clash,,,,LLLYFLLALLLGTLLGVLILI_2,110011001100110000,1,-64.9266,-64.9652,-58.6969,-219.471,-219.448,-245.449,-337.848,4674.29,3590.36,3551.17,-21.1236,-21.1177,-74.5746,-74.5533,-33.703,-61.219,48.794,-36.7815,7.208,2.27003,1.50194,-20.5853,-61.4169,47.8691,-36.8365,-358.7,7.2814,2.17486,1.3929,2,LLLYFLLALLLGTLLGVLILI,0.1200555593910673,0.0003814807308224,D,13,-19.78782358369564,-31.145594860229984,-9.153629004476253,-22.017166052956227,-10.30477498996523,-23.005313683417068,-40.8716,-6.229699999999994,25.97800000000001,1083.9299999999998,-0.037706862989307435,-0.005747326856900349,0.02396649230116337,-0.019487974315684595
YTLLLILLGLLLGFL,Mutant,,clash,,LLLYTLLAILLGLLLGFLILI,0.0030946540263779,LLLYTLLLILLGLLLGFLILI_0,110011001100110000,1,-60.0918,-46.4984,-44.9683,-235.545,-228.297,-250.81,-347.23,4696.21,4054.65,3788.54,-20.9974,30.0141,-72.5911,-42.4207,-51.4515,-68.7761,53.5839,-40.3952,7.84314,4.05024,3.35399,17.4,-69.661,38.6284,-44.2206,-317.216,7.0132,2.16398,1.24341,0,LLLYTLLLILLGLLLGFLILI,0.152960781182991,0.000738576953212,D,17,-71.61167363397233,-77.1236015360774,-67.29203758161692,-73.64267369698284,-72.46277652109228,-77.80945277395985,-21.139599999999994,-15.1235,15.265000000000015,641.56,-0.032950308622732086,-0.023573009539248086,0.02379356568364614,-0.03272866138786708
TVLLGLLLGALLSFL,WT,LLLTVLLLLLLGALLSFLILI,clash,,,,LLLTVLLGLLLGALLSFLILI_2,110011001100110000,1,-65.3393,-64.91,-60.2903,-222.332,-221.445,-238.753,-355.043,4506.85,3773.81,3730.17,-20.9593,-14.2217,-88.3311,-82.9097,-55.9999,-97.6482,41.389,-45.8443,7.18299,6.73475,5.85558,-14.5816,-101.046,32.942,-43.0962,-370.06,7.3877,6.10407,5.0982,2,LLLTVLLGLLLGALLSFLILI,0.5952580373579313,0.0013991718025369,D,13,-49.64497382708531,-56.67727073972583,-43.404330241582805,-51.30815998728191,-47.77823170881005,-55.07122722162535,-32.33120000000001,-5.048999999999992,16.420999999999992,733.0400000000004,-0.04410564225690275,-0.006887755102040802,0.022401233220560927,-0.028592300556586254
LVLLLTLLGGLLSIL,Mutant,,clash,,LLLLVLLATLLGGLLSILILI,0.0613035890473198,LLLLVLLLTLLGGLLSILILI_1,110011001100110000,1,-82.787,-72.4263,-73.9521,-222.063,-223.144,-238.74,-382.705,4480.72,3884.83,3762.3,-20.9504,32.8086,-98.8061,-54.3268,-70.0138,-51.2228,58.0252,-50.4324,6.70058,2.01682,1.3872,32.1184,-44.4117,60.8723,-41.0381,-346.659,6.9287,1.37952,0.792605,1,LLLLVLLLTLLGGLLSILILI,0.185357942214843,0.0010644340285305,D,16,-36.19610633153733,-47.59189977714106,-36.66890473556519,-47.980253288484,-33.19993950363197,-45.13086797527025,-28.792299999999997,-8.834900000000005,16.67700000000002,595.8900000000003,-0.04831814596653742,-0.014826394133145378,0.027986708956351025,-0.03515816677574718
VYLLILLLGTLLAFL,Mutant,,clash,,LLLVYLLALLLGTLLAFLILI,0.3779762290340785,LLLVYLLILLLGTLLAFLILI_1,110011001100110000,1,-62.1361,-58.759,-58.759,-227.119,-231.193,-244.719,-349.803,4667.79,3888.8,3658.53,-20.8726,43.9666,-81.4212,-15.8852,-46.3249,-51.9241,48.2859,-52.8139,6.77773,0.807202,0.0314896,22.2683,-56.7125,44.1422,-44.865,-314.598,6.5,0.966067,0.128199,1,LLLVYLLILLLGTLLAFLILI,0.0872678563739384,0.0011386867156104,D,15,-95.36785215075996,-95.90130845791798,-94.2149466754118,-94.88117609720224,-95.71788437999813,-96.21102960329765,-35.0963,-3.3770999999999987,17.599999999999994,778.9899999999998,-0.04505359503973094,-0.004335228950307449,0.02259335806621394,-0.026794438953003253
GYLLLALLGTLLFLL,Mutant,,clash,,LLLGYLLAALLGTLLFLLILI,0.1603719574424949,LLLGYLLLALLGTLLFLLILI_0,110011001100110000,1,-64.5074,-64.6753,-58.7134,-230.761,-230.641,-247.188,-350.364,4655.15,3851.11,3709.86,-20.7365,3947.49,-75.8328,3892.45,-44.4633,-58.0956,50.7008,-53.0962,6.99426,2.05895,1.31947,3668.79,-59.0686,58.4114,-43.8449,3597.13,7.0021,3.24583,2.622,0,LLLGYLLLALLGTLLFLLILI,0.187075651503579,0.001015179472803,D,16,-86.0381704159861,-85.57985124627388,-82.41426210319564,-81.83698240334391,-88.95731830514895,-88.59482478842706,-31.36950000000001,-5.794000000000004,16.426999999999992,804.0399999999995,-0.039014850007462354,-0.007206109148798576,0.02043057559325407,-0.025790383563006832
YALLLFLLGLLLGTL,Mutant,,clash,,LLLYALLAFLLGLLLGTLILI,0.6101831900702919,LLLYALLLFLLGLLLGTLILI_2,110011001100110000,1,-58.7014,-63.8815,-58.7014,-241.19,-235.443,-247.056,-345.776,4717.69,4100.82,3536.48,-20.6452,17730.8,-66.5288,17684.4,-40.018,-70.2826,43.0445,-50.5516,8.58197,2.8534,1.99906,17524.0,-66.7471,49.0629,-35.0,17385.0,7.0844,3.13556,2.3715,2,LLLYALLLFLLGLLLGTLILI,0.5422943840589995,0.0005608681074172,D,17,-56.23978003552879,-57.864170593069744,-49.56827240444115,-51.44031103160561,-53.39946952021274,-55.12929313054249,-26.510800000000003,0.0,5.866000000000014,616.8699999999999,-0.04297631591745426,0.0,0.009509296934524316,-0.03346766741777036
YFLLGTLLGLLLIVL,Mutant,,clash,,LLLYFLLGTLLGLLLAVLILI,1.017570436034309,LLLYFLLGTLLGLLLIVLILI_1,110011001100110000,1,-58.7632,-58.7632,-58.7632,-239.904,-240.806,-245.038,-342.68,4672.04,3870.76,3587.42,-20.5885,1886.65,-64.6016,1843.54,-38.8792,-77.9608,60.3467,-46.0463,8.23844,6.34093,5.74613,612.939,-72.0387,50.2766,-42.8887,462.708,6.71,4.09315,3.3473,1,LLLYFLLGTLLGLLLIVLILI,0.2083266402996871,0.0010438368015204,D,15,288.2181570590493,252.94208729076587,75.73861787590135,59.76984456520569,319.9715577675716,281.810163965864,-25.722400000000007,0.0,5.1340000000000146,801.2799999999997,-0.032101637380191714,0.0,0.00640724840255593,-0.02569451377795528
TYLLLVLLGLLLGFL,Mutant,,clash,,LLLTYLLGVLLGLLLGFLILI,0.729479352259794,LLLTYLLLVLLGLLLGFLILI_1,110011001100110000,1,-48.2449,-49.6586,-44.907,-232.87,-230.457,-250.676,-348.904,4649.24,3877.55,3617.59,-20.4864,30426.2,-88.2756,30357.4,-53.3207,-61.0386,41.8457,-55.1677,7.17911,1.30496,0.432642,29271.7,-69.5064,38.1576,-45.0,30064.8,6.5231,2.07724,1.1496,1,LLLTYLLLVLLGLLLGFLILI,0.3630043331315498,0.0007459397858229,D,17,-97.51022303886349,-96.26960568560553,-96.2829100991296,-94.43074168942007,-97.69117144824322,-96.5407178888612,-34.954899999999995,-3.3379000000000048,17.805999999999983,771.6899999999996,-0.045296556907566524,-0.004325441563322068,0.02307403231867718,-0.02654744780935351
WTLLALLLGILLLFL,Mutant,,clash,,LLLWTLLALLLGILLGFLILI,0.204073954622871,LLLWTLLALLLGILLLFLILI_2,110011001100110000,1,-65.0904,-56.2637,-44.9318,-237.019,-234.821,-252.688,-356.855,4787.95,3763.21,3678.54,-20.4553,1361.5,-75.2012,1295.73,-59.2351,-64.574,48.4621,-51.9752,6.32005,2.72849,1.95542,1220.95,-59.7943,45.2097,-45.0,1659.34,6.5,1.57245,0.750595,2,LLLWTLLALLLGILLLFLILI,0.0678857345548847,0.0004999879146917,D,17,-50.85807802987456,-57.43446145568325,-49.3640875690993,-56.14040322610016,-52.009583199099886,-58.43186724893727,-15.966099999999997,-20.1586,15.668999999999983,1024.7399999999998,-0.015580635087924743,-0.01967191677889026,0.01529070788687861,-0.019961453637020128
ALLLGILLGLLLLFL,Mutant,,clash,,LLLALLLGILLGLLLGFLILI,0.8105318118627634,LLLALLLGILLGLLLLFLILI_2,110011001100110000,1,-44.9506,-44.9506,-44.9506,-235.197,-231.552,-240.287,-357.854,4565.03,3921.36,3392.92,-20.3138,613789.0,-98.0205,613708.0,-72.6169,-78.3539,65.2657,-53.544,8.66783,7.06395,6.54294,596789.0,-80.9675,41.2498,-36.7766,613495.0,6.7833,4.21385,3.3326,2,LLLALLLGILLGLLLLFLILI,0.4297946625869078,0.0005404329027432,D,16,9.444823005861611,-3.850034412210981,-0.983360368687658,-13.011449681276426,7.794425524637709,-5.299949142461429,-25.403599999999997,0.0,5.090000000000003,643.6699999999996,-0.039466807525595435,0.0,0.007907778830767329,-0.03155933941305329
YILLFALLGTLLTLL,Mutant,,clash,,LLLYGLLFALLGTLLTLLILI,0.3026245151885658,LLLYILLFALLGTLLTLLILI_0,110011001100110000,1,-70.9811,-76.9579,-72.5003,-237.185,-226.149,-250.101,-359.105,4650.07,3983.11,3740.32,-20.3062,619.187,-71.2454,563.188,-36.5042,-67.6018,63.2376,-49.0062,7.85016,5.17734,4.6259,607.848,-63.047,55.8436,-42.2554,260.082,7.2934,3.49594,2.83359,0,LLLYILLFALLGTLLTLLILI,0.0652560317144348,0.0010795370744377,D,15,-11.909811518597756,-25.863683666600814,-22.78115297033316,-35.01295695944212,-13.74060459702202,-27.4044710930202,-34.741200000000006,1.5191999999999979,12.915999999999997,666.9599999999996,-0.05208888089240738,0.0022777977689816464,0.01936547918915678,-0.030445903802326996
AYLLGLLLGVLLITL,Mutant,,clash,,LLLAYLLGLLLGVLLGTLILI,0.5466182100327007,LLLAYLLGLLLGVLLITLILI_1,110011001100110000,1,-69.0663,-59.2902,-58.7113,-228.719,-225.73,-242.368,-356.563,4575.23,3664.16,3343.01,-20.2599,9869760.0,-79.0381,9869690.0,-55.4845,-78.084,55.1662,-50.2635,7.55178,5.66004,4.98753,9613210.0,-78.1031,43.7429,-35.0,9842030.0,7.2077,4.12076,3.2769,1,LLLAYLLGLLLGVLLITLILI,0.5784497597705137,0.0011294430664818,D,14,-56.35414961417061,-58.374878440034095,-47.93540712945806,-50.345909449616975,-55.66103718921445,-57.71385594445936,-23.553600000000003,-10.354999999999997,13.649000000000001,911.0699999999997,-0.02585267871842999,-0.011365756747560561,0.014981285740941975,-0.022237479008199154
YTLLIVLLGILLALL,Mutant,,clash,,LLLYTLLAVLLGILLALLILI,-0.0384595688031423,LLLYTLLIVLLGILLALLILI_2,110011001100110000,1,-60.926,-46.4245,-44.9984,-228.279,-228.287,-249.615,-359.062,4656.52,3967.16,3794.6,-20.2483,45.1785,-90.1053,-39.1716,-64.4489,-64.0058,44.1519,-45.913,8.26717,2.06138,1.22366,35.2183,-66.3717,42.953,-43.9626,-243.87,7.3394,2.25441,1.39871,2,LLLYTLLIVLLGILLALLILI,0.3532649112589205,0.001064064524337,D,15,-97.92925843507344,,-97.323278286046,,-98.11998813412816,,-25.656400000000005,-15.927600000000005,21.336000000000013,689.3600000000006,-0.03721770917952882,-0.02310490890100962,0.030950446791226636,-0.02937260647557152
VFLLGTLLIILLALL,Mutant,,clash,,LLLVFLLGTLLGILLALLILI,1.0504632597379973,LLLVFLLGTLLIILLALLILI_2,110011001100110000,1,-58.7536,-62.9419,-58.7536,-242.633,-226.767,-243.316,-360.261,4672.69,3915.6,3565.49,-20.1998,420180.0,-79.0738,420109.0,-58.1918,-72.4501,67.8682,-37.1358,9.38949,6.52973,6.04775,354468.0,-65.0104,55.0216,-43.8705,419819.0,6.506,3.67948,3.0048,2,LLLVFLLGTLLIILLALLILI,0.1105250056162249,0.0019366893771434,D,15,-46.02941676331632,-57.517464374696246,-41.643920862279984,-54.06545450788851,-43.363968054280015,-55.41937662117928,-20.882000000000005,0.0,0.6829999999999927,757.0899999999997,-0.02758192553065027,0.0,0.000902138451174884,-0.02668084375701701
SYLLILLLGTLLGFL,Mutant,,clash,7.0,LLLSYLLGLLLGTLLGFLILI,0.6213641294951772,LLLSYLLILLLGTLLGFLILI_0,110011001100110000,1,-75.595,-64.3785,-58.7772,-233.298,-231.357,-252.926,-354.008,4633.8,3967.44,3570.22,-20.165,32073.8,-65.2801,32015.5,-42.3049,-78.4369,48.1924,-41.6765,8.83992,4.77151,3.9944,31814.9,-87.0744,32.7223,-38.1858,31719.8,6.9066,3.97867,2.9695,0,LLLSYLLILLLGTLLGFLILI,0.2679804357637732,0.0010232643619492,D,14,-97.41525393161898,,-96.45281411577542,,-97.5166123451478,,-22.9752,-16.8178,19.627999999999986,666.3600000000001,-0.03447866018368449,-0.02523830962242631,0.02945554955279426,-0.030261420253316518
GLLLGLLLGTLLIFL,Mutant,,clash,,LLLGLLLGLLLGTLLGFLILI,0.2859050069898696,LLLGLLLGLLLGTLLIFLILI_1,110011001100110000,1,-63.9288,-68.7163,-58.6416,-224.718,-220.956,-239.728,-355.379,4526.32,3822.2,3385.88,-20.1281,527673.0,-86.8605,527607.0,-57.0096,-83.1016,62.6525,-50.2571,7.18526,7.42332,6.86311,335719.0,-81.7407,58.0906,-35.0,527297.0,6.5862,6.60334,5.9747,1,LLLGLLLGLLLGTLLIFLILI,0.8798579683427288,0.0013104604605076,D,14,62.26868301983525,45.061253579602976,24.447788107976223,11.250993181137416,62.06280798963508,44.87721011905475,-29.850900000000003,-5.287200000000006,15.01000000000002,704.1199999999999,-0.0423946202351872,-0.007508947338521852,0.02131738908140661,-0.028586178492302453
SYLLGILLGLLLIFL,Mutant,,clash,,LLLSYLLGILLGLLLGFLILI,0.9456273233783482,LLLSYLLGILLGLLLIFLILI_0,110011001100110000,1,-60.1582,-69.1319,-44.9106,-233.382,-232.887,-256.229,-354.425,4596.31,3771.0,3480.4,-20.0995,3791.7,-80.9844,3739.29,-53.2853,-70.9125,49.1385,-52.4684,7.37788,3.77058,3.00766,2430.91,-76.6759,45.1821,-43.8075,3437.28,6.5,4.10097,3.2787,0,LLLSYLLGILLGLLLIFLILI,0.042744831180905,0.0012009464947246,D,14,-72.99753613280467,-72.61912940717619,-68.85279367537646,-68.4163034196819,-72.33284260813768,-71.94512101030152,-27.699099999999994,-15.247599999999998,22.84699999999998,825.3100000000004,-0.03356205547006577,-0.01847499727375167,0.027682931262192352,-0.024353879148441178
LALLALLLGTLLGFL,Mutant,,clash,,LLLGALLALLLGTLLGFLILI,-0.0516207757870942,LLLLALLALLLGTLLGFLILI_0,110011001100110000,1,-61.5077,-64.2121,-58.7121,-220.733,-203.661,-235.51,-348.718,4559.62,3644.78,3556.21,-20.0737,105.699,-86.5512,24.8538,-54.4954,-80.3332,73.8167,-36.8168,7.42804,8.51523,8.12248,90.7957,-76.6587,59.1886,-35.0,-243.019,7.2022,5.98927,5.3771,0,LLLLALLALLLGTLLGFLILI,0.2816090583930069,0.001129766958899,D,16,-12.192992639158629,-17.307072850828266,-12.256573615527778,-17.36695072623929,-17.18434501133916,-22.007717486083664,-32.0558,-2.7956000000000003,14.776999999999987,914.8399999999997,-0.03503978837829567,-0.003055834900091821,0.016152551265795102,-0.0219423068514713
YVLLGILLGFLLLLL,Mutant,,clash,,LLLYVLLGILLGFLLALLILI,0.8977802088151108,LLLYVLLGILLGFLLLLLILI_1,110011001100110000,1,-44.9804,-44.9804,-44.9804,-237.797,-231.272,-250.041,-343.615,4705.59,3942.42,3688.08,-20.055,12318.3,-80.8924,12250.9,-48.5935,-71.8541,68.9652,-38.9756,8.6233,6.58842,6.12289,11532.2,-74.3696,52.761,-36.2687,11962.7,7.5,4.77818,4.0696,1,LLLYVLLGILLGFLLLLLILI,0.2522024853195151,0.0006885122848409,D,17,21.084793656262363,14.402356978754131,13.995834557432149,7.704623886567314,42.00582495235569,34.168796829936646,-32.298899999999996,0.0,12.244,763.1700000000001,-0.04232202523684106,0.0,0.01604360758415556,-0.02627854868508982
TYLLVLLLGALLLFL,Mutant,,clash,,LLLTYLLVLLLGALLSFLILI,0.504601610817583,LLLTYLLVLLLGALLLFLILI_0,110011001100110000,1,-61.0481,-62.8336,-45.0279,-233.775,-232.023,-252.901,-352.298,4730.85,3785.7,3715.69,-20.0317,22.4275,-77.507,-35.0137,-54.3692,-56.6139,62.7369,-46.54,7.78785,3.46157,2.90262,10.7567,-53.9192,60.8048,-44.6955,-329.871,7.2319,2.79653,2.2086,0,LLLTYLLVLLLGALLLFLILI,0.1625291156599791,0.0007134327445085,D,17,-97.23707477026804,-97.47457708927098,-96.25381892968872,-96.57584237137634,-97.3913750346266,-97.6156136321891,-23.137800000000006,-16.020199999999996,19.126000000000005,945.1500000000005,-0.024480558641485472,-0.016949902131936714,0.02023594138496534,-0.021194201978521916
SYLLGVLLGLLLIFL,Mutant,,clash,,LLLSYLLGVLLGLLLGFLILI,0.868847754887691,LLLSYLLGVLLGLLLIFLILI_1,110011001100110000,1,-59.5615,-67.9362,-44.9273,-236.39,-231.368,-255.183,-351.065,4602.75,3817.09,3498.1,-20.0075,263890.0,-75.121,263838.0,-50.9551,-82.9625,51.6794,-54.8281,7.35181,5.9211,5.19629,224342.0,-79.84,40.4327,-45.0,263520.0,6.5,3.93441,3.0409,1,LLLSYLLGVLLGLLLIFLILI,0.2462510399383615,0.0007022409541239,D,15,-64.12721536223486,-61.90362550449474,-60.90717527351768,-58.48398985733154,-63.35616221071781,-61.0847782944789,-24.165899999999993,-14.6342,18.793000000000006,785.6599999999999,-0.03075872514828297,-0.018626632385510274,0.023920016292034735,-0.0254658503678436
ALLLGVLLGLLLIFL,Mutant,,clash,,LLLALLLGVLLGLLLGFLILI,0.7158223097267101,LLLALLLGVLLGLLLIFLILI_0,110011001100110000,1,-44.9306,-53.5221,-44.9306,-237.786,-223.135,-238.868,-351.84,4544.12,3782.5,3585.15,-19.9627,5074.57,-89.0865,4999.39,-68.0418,-73.2733,62.8639,-46.0118,9.24096,5.97762,5.42058,3791.92,-77.4724,32.2036,-43.8153,4722.74,7.0393,2.46835,1.4514,0,LLLALLLGVLLGLLLIFLILI,0.6185239114283024,0.0008286848822174,D,14,58.79692268503024,49.0898868983894,24.82380578254304,17.193499544435596,89.57808731966533,77.98944160248737,-21.044700000000006,0.0,1.0819999999999936,761.6199999999999,-0.0276314960216381,0.0,0.0014206559701688424,-0.02621084005146924
LVLLATLLGGLLSIL,WT,LLLLVLLLTLLGGLLSILILI,clash,,,,LLLLVLLATLLGGLLSILILI_0,110011001100110000,1,-78.7134,-71.7422,-73.9676,-223.591,-217.299,-234.608,-372.048,4460.3,3850.23,3735.22,-19.9317,-6.02469,-89.6756,-89.0322,-63.473,-31.6522,88.3456,-46.9431,7.07206,3.17448,2.99967,-5.62342,-38.0441,72.2659,-45.0,-378.073,7.1084,1.96251,1.5465,0,LLLLVLLATLLGGLLSILILI,0.2466615312621629,0.001375557316965,D,13,49.12132510180315,39.89533826682807,27.389132196064693,19.50769434163685,66.94657260789803,56.61775558609936,-26.202600000000004,-4.7457999999999885,11.016999999999996,610.0700000000002,-0.04295015326110118,-0.0077791073155539315,0.018058583441244436,-0.032671168882259405
ALLLGLLLGVLLITL,Mutant,,clash,,LLLALLLGLLLGVLLGTLILI,0.4595645592176387,LLLALLLGLLLGVLLITLILI_0,110011001100110000,1,-64.6176,-73.1782,-58.7166,-225.246,-213.805,-237.036,-369.09,4523.11,3659.35,3384.55,-19.9197,636739.0,-99.1459,636657.0,-73.3367,-81.1439,65.707,-47.7694,7.21925,7.54203,7.02763,579757.0,-78.1087,59.6093,-35.0,636370.0,6.7754,6.26356,5.6577,0,LLLALLLGLLLGVLLITLILI,0.7648681142022622,0.0015806632386984,D,14,-22.122026762541243,-34.58134817933814,-22.272398933334987,-34.70766303160938,-17.827016321656387,-30.973475748687783,-25.809200000000004,-5.900999999999996,11.789999999999992,863.7599999999998,-0.029880059275724753,-0.006831758821894968,0.013649624895804385,-0.023061614337315926
YLLLAFLLGTLLGVL,WT,LLLYLLLAFLLGTLLIVLILI,clash,,,,LLLYLLLAFLLGTLLGVLILI_0,110011001100110000,1,-58.7101,-58.7101,-58.7101,-228.705,-219.37,-244.623,-340.611,4599.03,3637.84,3586.63,-19.8038,-13.4972,-72.9991,-76.0279,-37.2774,-68.3878,49.8936,-36.4657,7.4926,3.49382,2.74222,-13.6836,-70.4738,37.5669,-39.1051,-354.108,7.2986,2.1426,1.2061,0,LLLYLLLAFLLGTLLGVLILI,1.0013236870808382,0.001496555563279,D,13,8.543365361803655,-9.163182799036088,-0.5674980389829026,-16.787802051641588,38.17491991840109,15.634612033159296,-35.7217,0.0,15.917999999999978,961.1899999999996,-0.03716403624673583,0.0,0.01656072160550982,-0.02060341867892925
FLLLGTLLGILLIVL,Mutant,,clash,,LLLFLLLGTLLGILLAVLILI,1.566272491574511,LLLFLLLGTLLGILLIVLILI_1,110011001100110000,1,-64.9433,-58.7549,-58.7549,-230.581,-224.369,-239.662,-355.344,4622.68,3769.96,3581.15,-19.7834,1051.04,-79.6031,978.822,-56.9277,-77.7522,56.49,-49.7534,7.12323,5.78898,5.13633,1047.97,-72.0387,50.2766,-42.8887,667.669,6.71,4.09315,3.3473,1,LLLFLLLGTLLGILLIVLILI,0.1026750603672077,0.0011390885489734,D,14,5.866187421736089,-12.28920463611295,-10.916527933579571,-26.19378879116892,5.239276654907366,-12.808604109352522,-22.675399999999996,-6.188399999999994,9.081000000000017,852.7200000000003,-0.026591847265221867,-0.007257247396566273,0.010649451168027036,-0.023200347124495726
SYLLITLLGGLLVLL,Mutant,,clash,,LLLSYLLATLLGGLLVLLILI,0.372554798683715,LLLSYLLITLLGGLLVLLILI_0,110011001100110000,1,-69.6567,-70.2273,-58.7164,-230.479,-230.552,-250.63,-365.624,4583.27,3733.33,3707.78,-19.7184,3.74743,-85.2066,-61.098,-56.278,-55.0902,56.0923,-42.3225,8.09054,2.33599,1.67738,1.86687,-54.4879,57.0754,-43.9111,-361.877,7.2474,2.37837,1.7345,0,LLLSYLLITLLGGLLVLLILI,0.3299956481207611,0.0012487398504685,D,14,-97.242753345524,-97.30211439179185,-96.19661679085728,-96.2785002184011,-97.1399091919479,-97.20148438055548,-28.928599999999996,-10.9403,20.150999999999982,849.9400000000005,-0.0340360496035014,-0.012871849777631355,0.02370873238110922,-0.023199755276843058
VFLLGTLLGILLILL,Mutant,,clash,,LLLVFLLGTLLGILLALLILI,0.1550801123308525,LLLVFLLGTLLGILLILLILI_2,110011001100110000,1,-58.7536,-67.6264,-58.7536,-235.292,-225.561,-242.064,-357.051,4621.43,3767.79,3533.5,-19.6807,794.346,-82.6858,730.482,-56.2337,-68.922,62.5657,-47.5819,7.66392,5.28466,4.72315,711.314,-65.0104,55.0216,-43.8705,437.295,6.506,3.67948,3.0048,2,LLLVFLLGTLLGILLILLILI,1.0059081530233696,0.0009316935527132,D,15,-91.19011366547474,-92.38109303518186,-88.76872594260676,-90.2870447029138,-90.61947495231566,-91.88759708063763,-26.4521,0.0,6.771999999999991,853.6400000000003,-0.030987418583946384,0.0,0.00793308654702215,-0.023055034909329454
LVLLGFLLGILLSLL,Mutant,,clash,,LLLAVLLGFLLGILLSLLILI,0.2467788605613563,LLLLVLLGFLLGILLSLLILI_0,110011001100110000,1,-62.4545,-62.7131,-60.3387,-227.463,-208.142,-240.51,-360.251,4604.6,3674.53,3644.49,-19.5143,108.589,-89.8483,19.1923,-59.4029,-77.8349,78.239,-44.3456,7.40574,8.73749,8.41107,110.951,-78.8188,59.0852,-37.4413,-251.663,7.5,6.29932,5.6856,0,LLLLVLLGFLLGILLSLLILI,0.9882991345071666,0.0009190433574242,D,16,-93.42244741698444,-94.1563397498432,-91.27115410502309,-92.24507761170412,-93.54489610401616,-94.26512618918524,-30.445399999999992,-2.1158,13.046999999999997,930.0700000000002,-0.03273452535830635,-0.0022748825357231175,0.01402797638887395,-0.02098153902394443
YALLALLLGVLLITL,Mutant,,clash,,LLLYALLALLLGVLLSTLILI,0.0519257692076193,LLLYALLALLLGVLLITLILI_0,110011001100110000,1,-58.8427,-63.5312,-58.8427,-236.091,-224.659,-245.895,-359.091,4635.98,3795.09,3638.23,-19.4963,192.679,-83.6537,121.779,-54.3534,-79.2441,63.5487,-46.3629,7.53919,6.96569,6.41892,157.255,-72.2819,58.8241,-37.2216,-166.412,7.0527,5.28354,4.6659,0,LLLYALLALLLGVLLITLILI,0.2328344465895525,0.0008622177342007,D,15,-12.144531694843744,-24.30690395290138,-20.48294066874954,-31.49097574168948,-14.84136761038561,-26.630400303399977,-29.3003,0.0,9.804000000000002,840.8899999999994,-0.03484439106185116,0.0,0.011659075503335762,-0.023185315558515402
YTLLAVLLGILLLLL,Mutant,,clash,,LLLYTLLAVLLGILLALLILI,0.1683446894342918,LLLYTLLAVLLGILLLLLILI_2,110011001100110000,1,-68.6418,-69.2168,-44.9984,-231.462,-228.762,-250.688,-362.564,4730.55,3978.68,3633.55,-19.4676,1916.19,-81.9279,1851.6,-66.8779,-65.6887,47.9366,-48.8579,7.49115,2.82474,2.04379,1739.69,-66.3717,42.953,-43.9626,1553.62,7.3394,2.25441,1.39871,2,LLLYTLLAVLLGILLLLLILI,0.1464606530214864,0.0008703372773791,D,17,-51.75948866254392,-57.5213121579291,-54.0605539052042,-59.54753927362949,-52.11903244187596,-57.8379122010125,-15.049999999999997,-23.643400000000007,19.226,751.8700000000003,-0.020016758216180975,-0.03144612765504674,0.025570909864737243,-0.025892242009921917
TGLLFLLLGVLLLLL,Mutant,,clash,,LLLTGLLFLLLGVLLALLILI,0.1610077813324603,LLLTGLLFLLLGVLLLLLILI_0,110011001100110000,1,-45.0314,-50.0753,-45.0314,-236.953,-229.073,-246.043,-357.53,4674.8,3822.48,3578.85,-19.3463,1401.17,-94.8913,1322.78,-66.4552,-71.0447,67.8966,-48.6558,8.10988,6.32275,5.84119,1299.5,-63.2594,57.5053,-40.4165,1043.64,7.4344,3.75212,3.1147,0,LLLTGLLFLLLGVLLLLLILI,0.1638596989923962,0.0014544351158892,D,17,-71.4406123614577,-75.86659637381639,-67.97354520886417,-72.93683709285396,-74.20562892984199,-78.20310518564571,-28.436099999999996,0.0,9.090000000000003,852.3200000000002,-0.033363173455978966,0.0,0.010665008447531446,-0.022698399662098738
YFLLLTLLGILLGLL,Mutant,,clash,,LLLYFLLATLLGILLGLLILI,0.2881056384224518,LLLYFLLLTLLGILLGLLILI_0,110011001100110000,1,-61.1633,-66.9884,-58.7389,-236.203,-224.092,-250.839,-352.018,4735.91,3881.75,3750.89,-19.3407,2583.33,-73.9918,2522.39,-42.4397,-65.8008,63.8827,-49.1724,6.99242,4.99428,4.45253,917.46,-65.7313,50.1254,-42.5945,2231.31,6.5,3.12662,2.3785,0,LLLYFLLLTLLGILLGLLILI,0.0065866357181877,0.0022393379750776,D,17,-85.24048181260908,,-81.94298264862634,,-88.28375714135758,,-31.552099999999996,-2.4243999999999986,14.635999999999996,854.1599999999999,-0.036939332209422124,-0.0028383441041491043,0.0171349630045893,-0.022642947457150887
TALLASLLGLLLGFL,WT,LLLTALLASLLLLLLGFLILI,clash,,,,LLLTALLASLLGLLLGFLILI_0,110011001100110000,1,-68.2002,-65.3271,-60.2627,-221.748,-219.258,-240.57,-355.076,4497.14,3666.38,3638.03,-19.2695,-13.0904,-84.3972,-83.5815,-54.244,-55.6551,68.1014,-42.2291,6.32442,4.04196,3.56348,-12.9208,-57.4425,60.2182,-40.5871,-368.167,6.8394,3.24583,2.6491,0,LLLTALLASLLGLLLGFLILI,0.4948205143597326,0.0003573737590927,D,13,-55.83752589305605,-60.0839403588722,-45.377693028106734,-50.62986603634919,-46.589750545917234,-51.72537893837191,-30.1532,-7.937499999999993,18.822000000000003,830.7600000000002,-0.03629592180653858,-0.009554504309307129,0.02265636284847609,-0.023195026241032302
TALLGVLLGLLLSFL,WT,LLLTALLGVLLLLLLSFLILI,clash,,,,LLLTALLGVLLGLLLSFLILI_2,110011001100110000,1,-66.5974,-60.3105,-60.3105,-225.391,-220.024,-242.192,-358.543,4509.95,3680.0,3574.33,-19.2081,-8.21906,-85.7629,-86.4273,-56.0397,-95.0248,37.9863,-39.8206,7.13912,5.88188,4.95168,-9.88874,-98.0401,23.7539,-36.4478,-368.468,7.5,4.41279,3.2691,2,LLLTALLGVLLGLLLSFLILI,1.0310337259839526,0.0013044989234867,D,13,-97.52633187037584,-97.49935700757396,-96.3554989717606,-96.31575640725056,-97.03450676473064,-97.00216864620808,-29.7232,-6.286899999999996,16.801000000000016,829.9499999999998,-0.03581324176155191,-0.007575034640640999,0.02024338815591303,-0.023143683354418947
AFLLGVLLGILLILL,Mutant,,clash,,LLLAFLLGVLLGILLGLLILI,0.1613688858742104,LLLAFLLGVLLGILLILLILI_2,110011001100110000,1,-46.1516,-46.0051,-44.9468,-232.887,-229.528,-239.887,-346.562,4591.12,3744.07,3659.94,-19.0642,17330.3,-86.5876,17259.3,-61.7283,-74.2986,54.5384,-46.4307,8.03663,5.00748,4.32555,3434.44,-69.6978,38.4736,-44.8571,17565.0,6.5368,2.1486,1.2257,2,LLLAFLLGVLLGILLILLILI,1.2332306932196186,0.0009037248120833,D,14,-96.54479630727658,-96.80242169993988,-94.5263447667734,-94.93446906396989,-95.19217892343944,-95.5506575842814,-24.859299999999998,-1.2047999999999988,7.0,847.0499999999997,-0.029348090431497557,-0.0014223481494598893,0.008263974971961517,-0.022506581665781247
TFLLGVLLGLLLLAL,Mutant,,clash,,LLLTFLLGVLLGLLLGALILI,0.4029537200408595,LLLTFLLGVLLGLLLLALILI_0,110011001100110000,1,-52.0291,-55.6525,-44.8802,-224.341,-225.27,-243.218,-349.156,4642.94,3713.46,3456.03,-19.0564,101192.0,-91.8427,101124.0,-61.0579,-74.0047,42.0819,-56.8228,7.68012,3.28177,2.41299,92938.1,-80.3909,36.9211,-40.9331,100843.0,7.1519,3.54298,2.5968,0,LLLTFLLGVLLGLLLLALILI,0.938169059858901,0.0007267079555863,D,17,-80.580188696438,-84.37221870107638,-73.9253937383203,-79.01687932269797,-77.16876729344513,-81.626932108376,-30.784799999999997,-7.148899999999998,18.87699999999998,929.4799999999996,-0.03312045444764816,-0.00769128975341051,0.020309205146963882,-0.020502216292981032
GALLALLLGTLLSFL,WT,LLLGALLALLLITLLSFLILI,clash,,,,LLLGALLALLLGTLLSFLILI_1,110011001100110000,1,-73.2479,-74.0609,-74.0304,-222.332,-220.306,-239.031,-360.141,4491.73,3710.52,3630.53,-18.9916,-16.9231,-83.5522,-82.6978,-47.0795,-70.2482,58.763,-37.0053,6.92891,4.97023,4.35168,-16.6858,-68.9875,54.3485,-39.7512,-377.022,6.8746,4.18517,3.5004,1,LLLGALLALLLGTLLSFLILI,0.2778438622670569,0.0014078548288957,D,13,-97.3495430735328,-97.8387713277175,-96.31712024988704,-96.9969158023171,-97.48256670193066,-97.9472411077443,-36.472699999999996,0.7824999999999989,16.699000000000012,781.2099999999996,-0.04668744639725556,0.001001651284545768,0.02137581444169944,-0.02431049269722611
YVLLGILLGFLLILL,Mutant,,clash,,LLLYVLLGILLGFLLALLILI,0.927773760299581,LLLYVLLGILLGFLLILLILI_1,110011001100110000,1,-44.9804,-44.9804,-44.9804,-240.06,-226.702,-250.023,-341.126,4669.47,3954.99,3648.68,-18.9708,557.244,-75.0559,487.801,-46.1218,-70.6805,73.8462,-41.609,8.43911,7.07131,6.679,408.184,-74.3696,52.761,-36.2687,198.549,7.5,4.77818,4.0696,1,LLLYVLLGILLGFLLILLILI,0.2222089338350448,0.0003701449120727,D,15,84.18329803891585,68.00497332419727,16.629325320850555,6.384818265164119,78.18456060900422,62.53315404078849,-28.934099999999994,0.0,9.962999999999994,714.4800000000005,-0.04049672489082966,0.0,0.013944407121262999,-0.026551897883775596
YFLLGLLLGTLLLVL,Mutant,,clash,,LLLYFLLGLLLGTLLAVLILI,0.8983772664786018,LLLYFLLGLLLGTLLLVLILI_0,110011001100110000,1,-60.0531,-55.2295,-58.7143,-237.035,-229.877,-249.163,-346.911,4754.38,3796.25,3584.96,-18.9609,2971.33,-68.7844,2909.53,-39.0343,-72.5486,59.8411,-47.776,7.35283,5.46084,4.85846,1698.85,-70.4483,55.9363,-39.1281,2624.42,6.6187,4.61865,3.95769,0,LLLYFLLGLLLGTLLLVLILI,0.2993375728248664,0.0007964980982009,D,17,241.3940571043533,206.7008133564356,60.891258284911686,44.541121179620966,150.35097915984062,124.90974091395242,-29.750100000000003,-1.338799999999999,12.128000000000014,958.1300000000001,-0.03105017064490205,-0.001397305167357247,0.01265799004310481,-0.019789485769154496
YVLLGLLLGTLLLFL,Mutant,,clash,,LLLYVLLGLLLGTLLAFLILI,0.1281373577268649,LLLYVLLGLLLGTLLLFLILI_0,110011001100110000,1,-58.6969,-56.041,-58.6969,-237.808,-223.249,-249.166,-350.772,4694.74,3843.98,3632.48,-18.895,8492.78,-73.1622,8421.3,-42.9083,-68.0518,66.0155,-46.2522,8.34673,5.61987,5.1101,5026.66,-67.743,51.6604,-38.5819,8142.01,7.1139,3.6356,2.91051,0,LLLYVLLGLLLGTLLLFLILI,0.097568376155165,0.0012456704922079,D,17,46.61685022735773,33.91475422370039,0.4808407655021263,-8.224279307343785,13.34175587280029,3.522435227956916,-30.2539,0.0,11.358000000000004,850.7599999999998,-0.03556102778691994,0.0,0.01335041609854719,-0.02220955381071043
AVLLGILLGLLLIFL,Mutant,,clash,,LLLAVLLGILLGLLLGFLILI,0.8683050259253348,LLLAVLLGILLGLLLIFLILI_2,110011001100110000,1,-44.9348,-44.9348,-44.9348,-233.633,-227.683,-239.45,-349.665,4484.85,3862.26,3411.55,-18.8642,11151700.0,-89.9615,11151600.0,-65.2808,-72.0904,64.6487,-44.8337,8.8301,6.04113,5.51086,7460220.0,-78.3112,37.3108,-36.9447,11156200.0,6.8995,3.28364,2.3433,2,LLLAVLLGILLGLLLIFLILI,0.4992731972872403,0.001718194054752,D,14,14.048143755062895,3.139573051149365,3.5468889174045697,-6.35724912233134,26.79800235434725,14.669922683291777,-24.6807,0.0,5.816999999999979,622.5900000000001,-0.03964197947284729,0.0,0.009343227485182829,-0.03029955508440546
GYLLAFLLGLLLGTL,WT,LLLGYLLAFLLLLLLGTLILI,clash,,,,LLLGYLLAFLLGLLLGTLILI_0,110011001100110000,1,-63.0919,-64.1804,-58.7749,-221.396,-218.985,-243.557,-338.614,4565.14,3533.02,3542.58,-18.7993,-14.5969,-72.9257,-70.0453,-36.2825,-60.8939,53.8847,-34.9998,7.33505,2.90852,2.21679,-10.9289,-61.4169,47.8691,-36.8365,-353.211,7.2814,2.17486,1.3929,0,LLLGYLLAFLLGLLLGTLILI,1.4397525339048691,0.0007340070983553,D,13,-95.9942964406289,-96.19294104957883,-92.08462389552344,-92.47715089300604,-92.9594873531818,-93.30862948534543,-36.64320000000001,-4.317,22.161,1032.1200000000003,-0.03550284850598767,-0.004182653179862806,0.02147134054179746,-0.018214258032011776
TGLLFLLLGVLLLIL,Mutant,,clash,,LLLTGLLFLLLGVLLAILILI,0.2323466667402815,LLLTGLLFLLLGVLLLILILI_1,110011001100110000,1,-45.052,-45.052,-45.052,-232.424,-223.133,-247.577,-354.515,4757.74,3717.96,3481.27,-18.7875,3728.66,-95.827,3642.33,-61.8864,-73.8283,69.5373,-44.682,7.38833,6.96178,6.50484,3641.42,-70.6341,63.5646,-35.8262,3345.63,6.7474,5.67633,5.1298,1,LLLTGLLFLLLGVLLLILILI,0.183564690466989,0.0015767200123536,D,17,-36.52143894876056,-45.50427558796602,-39.02537207991873,-47.65387771507808,-42.44105804736222,-50.58621074338351,-33.940599999999996,0.0,15.152999999999992,1039.7799999999997,-0.032642097366750666,0.0,0.014573275115889895,-0.01806872607667007
LYLLGFLLGTLLGLL,Mutant,,clash,,LLLAYLLGFLLGTLLGLLILI,0.3526786858203679,LLLLYLLGFLLGTLLGLLILI_0,110011001100110000,1,-58.6623,-58.6623,-58.6623,-232.235,-214.495,-240.127,-338.357,4606.07,3624.97,3537.57,-18.6097,9.17839,-66.0697,-56.021,-39.5674,-96.2833,34.7325,-44.9981,7.86937,5.63139,4.65238,9.29091,-91.134,25.7473,-37.6199,-329.179,7.3707,3.64599,2.5322,0,LLLLYLLGFLLGTLLGLLILI,0.8437332062301532,0.0013010406231645,D,16,-69.51425072899352,-72.6230997667144,-66.34346983606491,-69.77566599050502,-70.35258812011361,-73.37594592163425,-26.502299999999998,0.0,7.891999999999996,981.0999999999999,-0.02701284272755071,0.0,0.008044032208745283,-0.018968198960350627
AILLGVLLGLLLIFL,Mutant,,clash,,LLLAILLGVLLGLLLGFLILI,0.8638040295787781,LLLAILLGVLLGLLLIFLILI_2,110011001100110000,1,-44.9261,-55.4108,-44.9261,-234.641,-221.554,-238.673,-348.902,4491.46,3843.86,3478.13,-18.6068,272022.0,-87.941,271950.0,-65.3029,-77.5957,60.0707,-47.2179,9.49417,6.2489,5.64996,265010.0,-83.7055,31.7125,-44.5563,271673.0,7.4442,3.33701,2.3127,2,LLLAILLGVLLGLLLIFLILI,0.3016337027153319,0.0012264447674071,D,14,11.945364949180188,3.895844528248993,-0.132133361367264,-7.313211669231537,27.11547828162488,17.97513880701702,-22.63810000000001,0.0,4.032000000000011,647.5999999999999,-0.034956917850525036,0.0,0.0062260654725139145,-0.028731933292155655
TALLALLLGVLLSFL,WT,LLLTALLLLLLGVLLSFLILI,clash,,,,LLLTALLALLLGVLLSFLILI_2,110011001100110000,1,-63.7036,-65.4577,-60.3459,-222.417,-222.33,-242.549,-358.453,4543.05,3773.89,3647.87,-18.5791,-15.1272,-90.9115,-85.7919,-55.5583,-72.1998,60.0414,-44.7084,7.119,5.43556,4.83619,-12.9115,-67.4512,65.6275,-43.9752,-371.467,7.4846,5.47739,4.9618,2,LLLTALLALLLGVLLSFLILI,0.7907250639779257,0.0004174568172923,D,13,-98.15239476322844,-98.07734220600152,-97.40415119677492,-97.29870383876845,-97.96101764652585,-97.87819105742383,-35.3532,-3.3577000000000012,20.132000000000005,769.1600000000003,-0.0459633886317541,-0.004365411617868843,0.026174008008736798,-0.024155052264808352
SYLLALLLGTLLLFL,Mutant,,clash,,LLLSYLLALLLGTLLGFLILI,0.3880719495232992,LLLSYLLALLLGTLLLFLILI_1,110011001100110000,1,-77.1282,-58.9226,-58.7203,-235.904,-231.926,-256.646,-363.969,4675.27,3920.41,3609.9,-18.5607,743.158,-69.4972,670.038,-48.6021,-60.7743,51.2506,-46.3878,8.41474,2.53497,1.80373,656.154,-58.9126,45.2347,-40.4016,860.285,6.7135,1.44358,0.622101,1,LLLSYLLALLLGTLLLFLILI,0.1003224815192446,0.0001073157746079,D,17,-96.749145273629,,-95.59702234943006,,-96.94963057639109,,-20.895100000000006,-18.407900000000005,20.74200000000002,754.8600000000006,-0.02768076199560182,-0.02438584638211058,0.027477942929814803,-0.024588268023209583
VYLLALLLGTLLIFL,Mutant,,clash,,LLLVYLLALLLGTLLAFLILI,0.238827285782698,LLLVYLLALLLGTLLIFLILI_0,110011001100110000,1,-58.759,-65.5771,-58.759,-233.544,-225.152,-245.066,-350.531,4681.17,3840.74,3635.19,-18.5142,636.286,-76.7422,576.484,-46.7062,-55.6411,58.847,-43.7055,8.06036,2.79052,2.17322,552.955,-56.7125,44.1422,-44.865,285.754,6.5,0.966067,0.128199,0,LLLVYLLALLLGTLLIFLILI,0.2264167996253189,0.0022370400519701,D,15,-63.64901735030868,-72.28395934820765,-59.45401162729495,-69.08545023845359,-68.0264780656804,-75.62158244104299,-30.035999999999994,0.0,11.521999999999991,840.4300000000003,-0.03573884797068166,0.0,0.013709648632247762,-0.022029437311852258
FYLLVLLLGALLITL,Mutant,,clash,,LLLFYLLVLLLGALLGTLILI,0.0739053141973722,LLLFYLLVLLLGALLITLILI_2,110011001100110000,1,-58.707,-54.2756,-58.707,-238.139,-230.981,-245.441,-347.365,4728.92,3856.67,3596.46,-18.4695,68766.9,-68.989,68704.8,-43.2175,-52.7576,69.721,-41.1813,8.86717,3.82598,3.3718,37226.9,-43.2635,63.1811,-42.5139,68419.6,7.006,1.51898,0.966697,2,LLLFYLLVLLLGALLITLILI,0.1613303103177197,0.0017522907599233,D,14,-89.33941791219844,-90.55544058399384,-87.45493759073416,-88.88591764258433,-90.67955492291468,-91.74271192800244,-25.771500000000003,0.0,7.3019999999999925,872.25,-0.02954600171969046,0.0,0.008371453138435073,-0.021174548581255375
AVLLFSLLITLLGYL,Mutant,,clash,,LLLAVLLFSLLGTLLGYLILI,0.1443367012333929,LLLAVLLFSLLITLLGYLILI_1,110011001100110000,1,-76.4584,-48.1249,-74.0982,-236.977,-226.217,-244.566,-356.197,4577.93,3756.33,3703.69,-18.3715,7706.45,-61.1328,7624.6,-37.5325,-46.1245,80.2013,-37.9222,8.2719,4.24585,3.94887,7584.02,-52.2786,59.5607,-37.5707,8063.47,6.5337,2.38249,1.7759,1,LLLAVLLFSLLITLLGYLILI,0.2581362416462613,0.0001366817183019,D,14,77.31516971715723,53.36506156094936,18.75362741438529,2.7134757169677326,38.57997855290522,19.861865038301065,-23.600300000000004,-2.360199999999992,7.588999999999999,821.6000000000004,-0.028724805258033097,-0.0028726874391431243,0.009236854917234659,-0.02236063777994157
FTLLGALLIILLSLL,Mutant,,clash,,LLLFTLLGALLGILLSLLILI,0.5844959290201727,LLLFTLLGALLIILLSLLILI_1,110011001100110000,1,-70.296,-63.5433,-60.2229,-233.589,-231.554,-241.297,-363.423,4644.21,4047.29,3667.29,-18.3327,20838.1,-77.8706,20769.7,-61.9027,-58.7586,96.6135,-50.3965,8.60298,8.35661,8.30582,18558.4,-63.5764,69.369,-39.6453,20949.4,7.1848,5.40127,4.9418,1,LLLFTLLGALLIILLSLLILI,0.0710452169837652,0.0005657212791365,D,14,-58.58282469567838,-69.65255680186826,-55.40299423967948,-67.32261219714658,-56.304944004828414,-67.98349428445228,-15.967899999999993,-10.073100000000004,7.707999999999998,596.9200000000001,-0.02675048582724652,-0.016875125644977555,0.012912953159552364,-0.030712155732761502
ALLLGLLLLTLLAFL,Mutant,,clash,,LLLALLLGLLLGTLLAFLILI,0.7841922546817692,LLLALLLGLLLLTLLAFLILI_2,110011001100110000,1,-58.6918,-52.169,-58.6918,-238.998,-218.637,-240.668,-365.003,4599.67,4047.29,3493.72,-18.3161,249873.0,-85.6292,249779.0,-65.6434,-85.5441,77.3276,-42.3238,9.29964,9.77084,9.43076,121636.0,-77.6236,58.3724,-37.459,249508.0,6.7222,6.02381,5.3994,2,LLLALLLGLLLLTLLAFLILI,0.2506899792258393,0.0015274676162805,D,16,107.36629906529892,76.47389327801874,30.621046462574697,11.161768894958144,56.38193007239154,33.08492345477754,-19.985799999999998,0.0,1.670000000000016,552.3800000000001,-0.03618125203664143,0.0,0.0030232810746225708,-0.033158514066403556
TFLLLVLLGLLLGYL,Mutant,,clash,,LLLTFLLAVLLGLLLGYLILI,0.5394878759657276,LLLTFLLLVLLGLLLGYLILI_1,110011001100110000,1,-51.3085,-49.7251,-44.9219,-223.408,-227.04,-248.366,-345.412,4656.29,3759.18,3623.36,-18.3057,645.728,-89.0014,577.081,-52.1249,-61.3391,47.0761,-51.2066,6.83956,2.05614,1.26228,480.857,-64.6051,48.7376,-45.0,936.373,6.7648,2.77034,2.0014,1,LLLTFLLLVLLGLLLGYLILI,0.0961959910934383,0.0010395324095345,D,17,3.989803111501453,-10.17529320512456,-14.39965605662454,-26.059810037242272,-10.897222548914057,-23.03446472947867,-36.87650000000001,-6.386600000000001,24.958000000000027,897.1100000000001,-0.04110588445118213,-0.007119082386775312,0.027820445653264397,-0.02040518999899678
YLLLAFLLGVLLITL,Mutant,,clash,,LLLYLLLAFLLGVLLATLILI,1.1904753684807732,LLLYLLLAFLLGVLLITLILI_2,110011001100110000,1,-58.7817,-58.7817,-58.7817,-243.288,-240.795,-249.843,-351.859,4653.67,3839.86,3635.26,-18.251,246.817,-68.04,194.534,-43.2347,-77.7123,54.7061,-48.5056,7.36294,5.54218,4.86277,189.507,-60.9105,55.3955,-42.2533,-160.747,6.6842,3.11497,2.4459,2,LLLYLLLAFLLGVLLITLILI,0.1626668094266417,0.0001554478512008,D,15,-39.581110822521495,-50.75182372498753,-38.35667689056875,-49.75377263634897,-38.21392205466093,-49.63741142185779,-24.80530000000001,0.0,6.554999999999978,813.81,-0.03048045612612282,0.0,0.00805470564382347,-0.022426610633931757
FTLLGALLGILLLLL,Mutant,,clash,,LLLFTLLGALLGILLSLLILI,0.4738256857539236,LLLFTLLGALLGILLLLLILI_2,110011001100110000,1,-47.542,-48.1689,-44.9248,-225.813,-220.107,-238.145,-348.212,4648.59,3758.1,3668.3,-18.2307,30.1535,-93.0877,-49.7829,-65.1424,-61.1615,82.7928,-46.3593,7.72333,6.85125,6.59314,24.2323,-63.5764,69.369,-39.6453,-318.059,7.1848,5.40127,4.9418,2,LLLFTLLGALLGILLLLLILI,0.1817154602500143,0.0011104228916301,D,16,59.301897735982266,38.72624647039303,10.86619471922953,-3.453434815042648,58.15222541127056,37.72506739754561,-27.945300000000003,-2.617200000000004,12.332000000000022,890.4900000000002,-0.03138193578816157,-0.0029390560253343702,0.013848555289784297,-0.02047266111915911
LLLLGLLLGVLLGTL,Mutant,,clash,,LLLALLLGLLLGVLLGTLILI,0.8977592785869664,LLLLLLLGLLLGVLLGTLILI_2,110011001100110000,1,-68.9376,-59.8757,-58.7166,-206.777,-194.486,-234.975,-365.124,4569.29,3665.17,3465.0,-18.156,1924.86,-107.565,1814.1,-71.4327,-78.1887,58.3652,-45.7414,7.01217,6.1076,5.48308,755.222,-78.1087,59.6093,-35.0,202.491,6.7754,6.26356,5.6577,2,LLLLLLLGLLLGVLLGTLILI,0.3266733948329346,0.0012296681867912,D,16,-7.459336800626017,-24.4713808302444,-16.077003672498407,-31.504834630928546,-3.5109672351887022,-21.24885258223649,-36.1323,-10.221000000000004,28.198000000000008,904.1199999999999,-0.03996405344423307,-0.011304915276733182,0.031188337831261348,-0.020081405123213734
YFLLGVLLGLLLLTL,Mutant,,clash,,LLLYFLLGVLLGLLLATLILI,0.7895819615398101,LLLYFLLGVLLGLLLLTLILI_2,110011001100110000,1,-58.7393,-58.7393,-58.7393,-238.876,-237.775,-249.63,-348.324,4745.46,3937.97,3597.82,-18.1503,12570.7,-68.859,12518.9,-39.9549,-72.8781,70.5223,-46.9388,8.62469,6.95222,6.51005,9954.2,-72.6747,50.248,-40.0011,12857.1,7.1385,4.18468,3.4384,2,LLLYFLLGVLLGLLLLTLILI,0.4320034904781707,0.0018134351164275,D,17,1009.1066822523836,970.987598442062,139.62311515602906,131.38746591174433,994.269419273086,956.6602799794406,-28.904099999999993,0.0,10.75399999999999,807.4900000000002,-0.03579499436525528,0.0,0.013317811985287729,-0.022477430061053384
GYLLIALLGILLTLL,Mutant,,clash,,LLLGYLLAALLGILLTLLILI,0.4743766386815116,LLLGYLLIALLGILLTLLILI_0,110011001100110000,1,-57.754,-66.1139,-58.7374,-229.33,-227.741,-245.32,-360.748,4570.82,3707.71,3623.1,-18.0534,854.272,-91.717,787.379,-56.6904,-60.9275,62.9384,-41.7496,8.45758,4.13581,3.57989,831.246,-63.8286,63.5081,-39.1011,493.525,7.5,4.64788,4.1005,0,LLLGYLLIALLGILLTLLILI,0.3040052469073121,0.0009833837520935,D,14,-93.82845903467724,-95.07658620226223,-92.15188723730628,-93.73908285156668,-94.43409238337216,-95.55973678038998,-35.0266,0.9834000000000032,15.98999999999998,863.1099999999997,-0.040581849358714436,0.0011393680990835508,0.018526027968625073,-0.020916685011180505
FLLLGLLLGVLLITL,Mutant,,clash,,LLLFLLLGLLLGVLLGTLILI,0.4174358456839461,LLLFLLLGLLLGVLLITLILI_2,110011001100110000,1,-58.7224,-58.7224,-58.7224,-234.862,-229.319,-240.045,-358.196,4671.22,3795.7,3571.45,-18.0323,11721.6,-82.6433,11651.5,-59.4285,-73.5593,56.2696,-47.8789,8.0408,5.13029,4.47434,9451.29,-69.6978,38.4736,-44.8571,14172.7,6.5368,2.1486,1.2257,2,LLLFLLLGLLLGVLLITLILI,0.2380539388749105,0.0012717748775053,D,14,52.97901429067664,28.007165356027286,10.22786466352867,-7.765411064711983,44.25026255436863,20.703269641689506,-23.214799999999997,0.0,5.182999999999993,875.5200000000004,-0.026515442251461973,0.0,0.005919910453216363,-0.02059610288742689
TYLLIVLLGLLLGFL,Mutant,,clash,7.0,LLLTYLLGVLLGLLLGFLILI,0.8363920601217786,LLLTYLLIVLLGLLLGFLILI_1,110011001100110000,1,-47.9948,-47.9297,-44.907,-233.289,-228.845,-250.543,-345.612,4639.01,3832.24,3565.76,-18.0033,3429.87,-82.3313,3361.03,-50.1617,-60.0259,43.4016,-55.678,7.31284,1.36309,0.514116,1885.33,-69.5064,38.1576,-45.0,3065.75,6.5231,2.07724,1.1496,1,LLLTYLLIVLLGLLLGFLILI,0.2560916252695652,0.0009900976615266,D,15,-96.80393851195517,-97.64501680627278,-95.36593590358036,-96.58544020302968,-96.66060706571632,-97.5394045868935,-32.169599999999996,-3.0878000000000014,17.25400000000002,806.7700000000004,-0.03987456152311065,-0.0038273609578938234,0.021386516603245052,-0.022315281926695327
SYLLIVLLGLLLGFL,Mutant,,clash,7.0,LLLSYLLGVLLGLLLGFLILI,0.8409930997613854,LLLSYLLIVLLGLLLGFLILI_0,110011001100110000,1,-62.0911,-53.2146,-44.9273,-229.291,-231.86,-252.552,-346.92,4634.73,3707.91,3540.06,-17.9891,174703.0,-73.5272,174641.0,-49.4402,-87.1492,30.0228,-36.3749,8.94923,3.62546,2.5758,91007.9,-79.84,40.4327,-45.0,174356.0,6.5,3.93441,3.0409,0,LLLSYLLIVLLGLLLGFLILI,0.2741056950646671,0.0006337458964332,D,15,-97.78056797852372,-97.96647684026092,-96.97818145994708,-97.23130155541364,-97.7192490195146,-97.91029421242212,-24.086999999999996,-17.163799999999995,23.260999999999996,926.8199999999997,-0.025988865151809416,-0.018519022032325586,0.02509764571329924,-0.019409486200125167
FYLLGVLLGLLLITL,Mutant,,clash,,LLLFYLLGVLLGLLLATLILI,0.8768911353544095,LLLFYLLGVLLGLLLITLILI_1,110011001100110000,1,-63.5718,-63.1107,-58.7635,-234.258,-230.989,-244.49,-343.149,4727.45,3905.05,3560.18,-17.9597,639.731,-63.2785,590.682,-39.8956,-72.4226,55.0092,-52.2784,8.68518,4.78963,4.11477,571.588,-71.1945,47.5262,-42.4033,370.866,7.5,3.59521,2.8081,1,LLLFYLLGVLLGLLLITLILI,0.2155426885716967,0.0009416784258996,D,14,5.442564448856753,-9.191335155958969,-8.61291991218716,-21.296122015365967,14.398143332339131,-1.478660814574054,-23.3829,-4.808300000000003,10.232,822.3999999999996,-0.028432514591439702,-0.005846668287937749,0.01244163424124514,-0.021838156614786004
FYLLVLLLGALLLTL,Mutant,,clash,,LLLFYLLVLLLGALLGTLILI,0.0326804930247151,LLLFYLLVLLLGALLLTLILI_2,110011001100110000,1,-51.596,-54.2756,-58.707,-234.78,-231.129,-245.438,-349.953,4763.85,3859.45,3598.29,-17.9224,70964.3,-81.4993,70899.7,-45.8079,-47.2889,74.1161,-44.4871,8.84698,3.59901,3.21075,53664.6,-43.2635,63.1811,-42.5139,70614.3,7.006,1.51898,0.966697,2,LLLFYLLVLLLGALLLTLILI,0.2025551314903767,0.0011614869622106,D,16,-85.48219316894034,-89.40450031468656,-82.67062494982386,-87.3525395379973,-88.18291767296196,-91.37556426156722,-35.69140000000001,7.111000000000004,10.657999999999987,904.4000000000005,-0.039464175143741696,0.007862671384343212,0.011784608580274194,-0.01981689517912427
LYLLGVLLGTLLLFL,Mutant,,clash,,LLLLYLLGVLLGTLLAFLILI,0.3416407626621932,LLLLYLLGVLLGTLLLFLILI_2,110011001100110000,1,-67.6376,-52.6565,-58.7368,-227.856,-226.914,-243.167,-346.314,4686.65,3987.89,3545.64,-17.7623,7429.83,-68.5827,7363.09,-44.4108,-62.4331,60.4983,-50.3144,7.22799,4.03224,3.43971,6247.09,-64.5306,55.4034,-39.7316,6723.41,6.5792,3.65905,2.9901,2,LLLLYLLGVLLGTLLLFLILI,0.1255369517903566,0.0008336352656104,D,16,-98.28255045512816,-97.62903536593303,-97.73027579348962,-96.8666119835716,-98.3098607767621,-97.6667376710356,-24.1719,-8.900800000000004,15.311000000000007,698.7599999999998,-0.034592563970461974,-0.012737993016200136,0.021911672104871504,-0.025419743545709552
YLLLIVLLGTLLAFL,Mutant,,clash,,LLLYLLLAVLLGTLLAFLILI,0.0215763973456231,LLLYLLLIVLLGTLLAFLILI_1,110011001100110000,1,-63.0369,-61.5431,-58.6831,-231.188,-229.833,-249.794,-351.315,4679.67,3998.9,3708.16,-17.7594,135.387,-74.8497,75.4479,-42.8379,-59.4496,58.1405,-54.3152,6.99052,3.26641,2.63852,102.572,-64.2017,54.9837,-44.9781,-183.786,6.5586,3.55305,2.8778,1,LLLYLLLIVLLGTLLAFLILI,0.0073141185794601,0.0009929002541284,D,15,-97.2579128834045,,-96.12454858787848,,-97.35029645505249,,-32.0118,-4.3538,18.606000000000023,680.77,-0.04702292991759332,-0.006395405202931974,0.027330816575348537,-0.02608722476019801
TLLLGVLLGLLLLFL,Mutant,,clash,,LLLTLLLGVLLGLLLGFLILI,0.916220760544016,LLLTLLLGVLLGLLLLFLILI_0,110011001100110000,1,-44.9091,-56.6644,-44.9091,-236.108,-226.202,-245.876,-360.836,4586.4,3868.88,3449.35,-17.7197,1703710.0,-97.5378,1703630.0,-70.0503,-79.2617,59.8425,-43.8617,9.15945,6.46799,5.86563,541938.0,-87.8363,33.3963,-37.1588,1703350.0,7.4752,4.18395,3.1849,0,LLLTLLLGVLLGLLLLFLILI,0.3540293274438092,0.001849730076606,D,17,-41.86173017409547,-49.44634931016386,-38.070145981739465,-46.14940869952216,-37.36076313309252,-45.53257072269128,-27.48750000000001,0.0,9.768,717.5199999999995,-0.03830903668190438,0.0,0.013613557810235264,-0.024695757609544
AILLGVLLGLLLLFL,Mutant,,clash,,LLLAILLGVLLGLLLGFLILI,0.9106596444522892,LLLAILLGVLLGLLLLFLILI_0,110011001100110000,1,-46.2419,-55.4583,-44.9261,-233.233,-221.567,-238.688,-351.27,4518.1,3900.47,3467.78,-17.6499,125429.0,-89.445,125355.0,-67.655,-81.3948,51.1259,-55.4576,8.71869,5.61122,4.87811,94679.2,-83.7055,31.7125,-44.5563,125078.0,7.4442,3.33701,2.3127,0,LLLAILLGVLLGLLLLFLILI,0.254778087841821,0.0006623322479491,D,16,-0.915352227923583,-7.04734833725516,-11.669663496926535,-17.136113567160706,4.195813702444359,-2.2524942705702715,-21.789999999999992,-1.315800000000003,5.454999999999984,617.6300000000006,-0.03528002201965574,-0.002130401696808772,0.008832148697440182,-0.028576817835921156
AFLLGVLLILLLGTL,Mutant,,clash,,LLLAFLLGVLLGLLLGTLILI,0.7424093770593049,LLLAFLLGVLLILLLGTLILI_1,110011001100110000,1,-58.7167,-59.8604,-58.7167,-240.465,-236.046,-239.043,-349.132,4625.75,3980.16,3383.15,-17.6177,14979200.0,-67.5681,14979200.0,-51.3716,-85.7668,68.7519,-39.523,10.1664,8.64652,8.1778,14848200.0,-83.578,48.738,-35.1079,14985400.0,6.9512,5.61633,4.8474,1,LLLAFLLGVLLILLLGTLILI,0.4363988815438796,0.0007098919499345,D,14,-52.22832937303158,-58.22447816336347,-44.20064448027709,-51.20440285233631,-44.65725249504134,-51.60369887529763,-16.1965,0.0,-1.421999999999997,645.5900000000001,-0.025087904087733696,0.0,-0.0022026363481466513,-0.02728930125931318
LALLALLLGTLLSFL,Mutant,,clash,,LLLGALLALLLGTLLSFLILI,0.0355519772166784,LLLLALLALLLGTLLSFLILI_0,110011001100110000,1,-76.7262,-76.2075,-74.0721,-224.652,-210.022,-238.715,-368.161,4568.81,3809.99,3682.96,-17.5859,210.512,-84.3692,128.58,-55.3738,-86.1813,65.8535,-44.728,7.62585,8.31742,7.80522,151.42,-84.1071,54.9836,-41.1247,-157.649,7.4834,6.53885,5.8636,0,LLLLALLALLLGTLLSFLILI,0.2422918850503784,0.0005594985667374,D,16,-55.55103031803896,-62.70469140983417,-52.45893774085298,-60.110243266701765,-58.27227705514658,-64.9879780087494,-28.995400000000004,-2.6540999999999997,14.063000000000017,758.8200000000006,-0.03821116997443396,-0.0034976674310113038,0.01853272185762105,-0.023175324846472133
AFLLGILLGLLLITL,Mutant,,clash,,LLLAFLLGILLGLLLGTLILI,0.251238692650964,LLLAFLLGILLGLLLITLILI_2,110011001100110000,1,-58.7892,-69.6721,-58.7892,-233.454,-224.425,-240.326,-351.944,4569.33,3901.3,3430.13,-17.474,311455.0,-77.1749,311397.0,-52.8282,-79.0179,62.6236,-51.6584,9.44184,6.80687,6.24623,308551.0,-80.3909,36.9211,-40.9331,311103.0,7.1519,3.54298,2.5968,2,LLLAFLLGILLGLLLITLILI,1.1228426216521483,0.0007701832305372,D,14,-72.12079347312083,-75.9736516136055,-60.01925047441842,-65.54452093445829,-59.09851224050722,-64.75102713257066,-24.34669999999999,0.0,6.871999999999986,668.0299999999997,-0.03644551891382124,0.0,0.010286963160337092,-0.026157507896351972
YTLLLLLLGVLLAFL,Mutant,,clash,,LLLYTLLALLLGVLLAFLILI,0.2783074936384539,LLLYTLLLLLLGVLLAFLILI_1,110011001100110000,1,-51.4224,-47.2428,-44.946,-227.371,-238.416,-250.739,-344.694,4734.53,3949.97,3795.23,-17.4056,-1.47008,-83.3063,-60.5058,-49.0088,-69.7912,36.8292,-45.2774,7.44226,1.94062,0.993063,-5.08767,-73.4033,37.0707,-43.7568,-331.847,7.4419,2.51504,1.5711,1,LLLYTLLLLLLGVLLAFLILI,0.0278102528289944,0.0018399892175796,D,17,-94.92276648251662,-95.5734908197716,-93.97073948298666,-94.74348049254648,-95.75555660920696,-96.29954628448569,-34.29749999999999,-6.476400000000005,23.367999999999995,784.56,-0.04371558580605689,-0.008254817987152042,0.029784847557866825,-0.022185173855409402
YTLLAILLGLLLIFL,Mutant,,clash,15.0,LLLYTLLAILLGLLLGFLILI,0.0186266307138424,LLLYTLLAILLGLLLIFLILI_1,110011001100110000,1,-61.088,-44.9683,-44.9683,-238.798,-228.756,-253.188,-350.057,4707.39,4240.51,3640.77,-17.382,3455.67,-67.5526,3379.34,-51.9006,-70.3738,54.6708,-48.742,8.66349,4.43664,3.7567,3309.91,-69.661,38.6284,-44.2206,3065.66,7.0132,2.16398,1.24341,1,LLLYTLLAILLGLLLIFLILI,0.1374288044955265,0.001439875414543,D,15,-33.55564508007197,-45.66883123395474,-37.347565748728975,-48.76946306407083,-38.49392335279845,-49.70683311647024,-15.652000000000001,-16.1197,14.389999999999986,466.8800000000001,-0.033524674434544204,-0.03452643077450308,0.030821624400274125,-0.03723012337217271
AFLLGLLLIVLLGTL,Mutant,,clash,11.0,LLLAFLLGLLLGVLLGTLILI,1.0341882055147902,LLLAFLLGLLLIVLLGTLILI_1,110011001100110000,1,-58.7316,-59.9344,-58.7316,-240.539,-234.842,-239.078,-348.783,4589.01,3993.09,3362.18,-17.341,10437900.0,-66.8538,10437900.0,-50.974,-88.5005,65.6896,-41.7589,10.5831,8.64317,8.12851,8581140.0,-83.578,48.738,-35.1079,16233000.0,6.9512,5.61633,4.8474,1,LLLAFLLGLLLIVLLGTLILI,0.2928820277428869,0.0005333096528664,D,14,-31.205489979864016,-36.69238891170959,-24.20888164765927,-30.253814683872747,-13.703009605816655,-20.585867907688986,-15.87980000000001,0.0,-1.4609999999999843,595.9200000000001,-0.02664753658209157,0.0,-0.002451671365283904,-0.029099543562894348
LFLLAILLGTLLGVL,WT,LLLLFLLLILLGTLLGVLILI,clash,,,,LLLLFLLAILLGTLLGVLILI_0,110011001100110000,1,-58.7231,-58.7231,-58.7231,-217.399,-210.046,-235.965,-346.028,4514.47,3503.69,3502.39,-17.1798,-9.19475,-87.0849,-86.4532,-51.3399,-63.1299,47.4613,-40.5206,7.15287,2.37676,1.58868,-9.07995,-62.6136,40.7304,-39.3075,-355.222,7.2265,1.39064,0.501596,0,LLLLFLLAILLGTLLGVLILI,0.4359954648760517,0.0020419711360826,D,13,-42.66916808421819,-48.576522278569314,-36.751282524763965,-43.26841412706699,-37.4630221784651,-43.90681630967136,-35.745000000000005,0.0,18.566000000000003,1010.7800000000002,-0.035363778468113734,0.0,0.01836799303508182,-0.01699657690100714
AVLLGFLLGLLLITL,Mutant,,clash,,LLLAVLLGFLLGLLLGTLILI,0.7911830970891849,LLLAVLLGFLLGLLLITLILI_0,110011001100110000,1,-58.7258,-69.133,-58.7258,-234.017,-218.85,-238.617,-349.402,4553.82,3800.49,3488.88,-17.1518,938.739,-73.8116,877.32,-52.0592,-74.2346,71.2935,-42.3806,8.61322,7.2598,6.8292,873.61,-73.2945,52.8302,-38.1653,589.337,6.8167,4.62625,3.9187,0,LLLAVLLGFLLGLLLITLILI,0.9065461670864716,0.0007671398259672,D,14,-70.14486056393172,-73.99011163296662,-59.73601546179202,-64.9218940915231,-63.43788403261137,-68.14697326030831,-21.7524,0.0,4.599999999999994,753.3299999999999,-0.028874995022101873,0.0,0.006106221708945608,-0.022767976849455092
YTLLAILLGVLLLLL,Mutant,,clash,,LLLYTLLAILLGVLLALLILI,0.1683030402640181,LLLYTLLAILLGVLLLLLILI_2,110011001100110000,1,-68.7,-67.8937,-45.0036,-232.658,-230.209,-250.94,-362.61,4721.51,3909.02,3638.74,-17.023,4641.75,-78.2745,4577.24,-66.6667,-66.0708,49.3636,-49.3987,7.47913,3.0747,2.31515,1883.36,-66.3717,42.953,-43.9626,4270.27,7.3394,2.25441,1.39871,2,LLLYTLLAILLGVLLLLLILI,0.1590627049879239,0.00179913053676,D,17,-77.7262748043412,-83.44012851412903,-75.0783903166081,-81.47150286030988,-80.29986516148698,-85.35351862724389,-11.607799999999997,-23.696400000000004,18.28200000000001,812.4900000000002,-0.014286698913217386,-0.02916515895580253,0.02250120001476942,-0.020951642481753616
LALLFLLLGILLSTL,Mutant,,clash,,LLLLALLFALLGILLSTLILI,0.1018688844265878,LLLLALLFLLLGILLSTLILI_2,110011001100110000,1,-76.9062,-78.8596,-74.1345,-228.195,-223.824,-241.51,-374.069,4578.88,3760.98,3603.5,-16.9932,41.8135,-85.9607,-29.5715,-58.4247,-58.1715,70.0958,-35.6757,7.63563,4.68866,4.24009,34.4235,-54.9267,67.0486,-40.0719,-332.255,7.1275,3.79057,3.2963,2,LLLLALLFLLLGILLSTLILI,0.1981074727320759,0.0005237871589742,D,16,-42.29378549725895,-51.03659222970932,-40.5871579666305,-49.588528092870185,-47.33086938874679,-55.31053039524895,-27.536,-2.7716999999999956,13.314999999999998,817.9000000000001,-0.03366670742144516,-0.003388800586868805,0.016279496270937763,-0.020776623059053673
FYLLGVLLGILLILL,Mutant,,clash,,LLLFYLLGVLLGILLALLILI,0.6192407668530753,LLLFYLLGVLLGILLILLILI_2,110011001100110000,1,-44.9467,-56.6541,-44.9467,-233.263,-226.18,-242.894,-338.965,4716.98,3777.7,3545.84,-16.8371,1006.02,-77.5931,949.886,-51.1245,-60.5724,60.4437,-43.045,8.29794,3.74576,3.15241,856.234,-62.6538,43.9976,-40.9419,667.051,6.5,1.83774,0.997703,2,LLLFYLLGVLLGILLILLILI,0.2165456212921435,0.0005703186579489,D,14,-81.73169078239734,-83.94496756376242,-77.77798062159181,-80.47026478097555,-82.52587098786964,-84.64292974554932,-26.46860000000001,0.0,9.631,939.2799999999997,-0.028179669534111253,0.0,0.010253598500979476,-0.017925538710501666
YTLLALLLGVLLLFL,Mutant,,clash,,LLLYTLLALLLGVLLAFLILI,0.1226870393105967,LLLYTLLALLLGVLLLFLILI_2,110011001100110000,1,-68.4388,-69.4913,-44.946,-232.928,-229.912,-252.632,-345.744,4793.12,4050.53,3702.2,-16.823,2654.63,-61.2004,2608.29,-48.166,-73.4355,43.6468,-47.8972,7.39717,3.40764,2.56234,2238.22,-73.4033,37.0707,-43.7568,2308.89,7.4419,2.51504,1.5711,2,LLLYTLLALLLGVLLLFLILI,0.1834307071568516,0.000990473215219,D,17,-63.72149075780577,-70.09551637822854,-61.12146505067616,-67.95230741514881,-69.33152044651388,-74.71988062163307,-13.034400000000005,-23.492800000000003,19.704000000000008,742.5899999999997,-0.017552619884458463,-0.031636299977107166,0.026534157475861533,-0.02265449305808051
AFLLGVLLITLLGLL,Mutant,,clash,11.0,LLLAFLLGVLLGTLLGLLILI,1.8132481334270687,LLLAFLLGVLLITLLGLLILI_0,110011001100110000,1,-58.6941,-54.6687,-58.6941,-241.123,-226.791,-239.057,-349.34,4601.13,3960.63,3521.73,-16.807,5344310.0,-66.3297,5344240.0,-51.5885,-92.5766,66.2541,-38.3894,9.65278,9.33079,8.8246,4365010.0,-97.484,35.8407,-36.8474,5343960.0,6.7321,5.96109,4.9987,0,LLLAFLLGVLLITLLGLLILI,0.4472157618935257,0.0008973823528131,D,14,-49.88758598001032,-55.20976754127355,-44.04232691080124,-49.9853033518829,-46.88212723550919,-52.52350310073752,-14.7412,0.0,-2.0660000000000025,640.5,-0.023015144418423106,0.0,-0.003225604996096803,-0.026240437158469944
YFLLGVLLGLLLITL,Mutant,,clash,,LLLYFLLGVLLGLLLATLILI,0.8104559119845323,LLLYFLLGVLLGLLLITLILI_1,110011001100110000,1,-58.7393,-69.7647,-58.7393,-239.98,-223.395,-249.593,-345.664,4719.41,3971.78,3586.36,-16.7623,663.074,-63.7075,610.57,-37.3321,-74.0137,61.3368,-46.9308,8.53732,5.88252,5.30257,567.84,-72.6747,50.248,-40.0011,315.822,7.1385,4.18468,3.4384,1,LLLYFLLGVLLGLLLITLILI,0.4111295400334485,0.000144176432107,D,15,1074.3331789542783,1057.5885043377384,153.50219290620316,149.88753583028404,1112.321799186028,1095.0354494330688,-26.375400000000006,0.0,9.613,747.6299999999997,-0.035278680630793334,0.0,0.012857964501156996,-0.022420582373634028
LVLLITLLGGLLSIL,Mutant,,clash,,LLLLVLLATLLGGLLSILILI,0.0404485879655449,LLLLVLLITLLGGLLSILILI_1,110011001100110000,1,-81.1223,-61.3709,-73.9521,-220.114,-226.169,-238.729,-379.232,4474.6,3861.63,3751.44,-16.7076,17.6775,-94.7037,-74.0145,-66.5513,-50.2016,56.0331,-52.1129,6.88984,1.5947,0.935197,18.663,-44.4117,60.8723,-41.0381,-351.576,6.9287,1.37952,0.792605,1,LLLLVLLITLLGGLLSILILI,0.206212943296618,0.0010578643064046,D,14,-56.28408540116262,-63.94219084313508,-52.46690819824684,-60.79370250968196,-53.71674318367621,-61.82459278833081,-28.1524,-7.170199999999994,18.61500000000001,612.9700000000003,-0.045927859438471684,-0.011697472959524922,0.030368533533451883,-0.027256798864544744
VGLLFALLLTLLSYL,Mutant,,clash,,LLLVGLLFALLGTLLSYLILI,0.0268907330194496,LLLVGLLFALLLTLLSYLILI_2,110011001100110000,1,-76.0581,-55.5662,-74.0315,-234.263,-222.796,-244.483,-357.709,4627.0,3789.69,3573.72,-16.6966,520774.0,-64.0848,520694.0,-39.1944,-49.5647,91.5098,-47.1025,8.11904,6.28853,6.16118,484004.0,-59.8906,63.2894,-39.6145,520416.0,6.7452,4.02766,3.477,2,LLLVGLLFALLLTLLSYLILI,0.1931931749876474,0.0007734854075817,D,17,115.3963262347732,95.90142972132084,32.21711170240354,20.2505245511608,63.14342618062175,48.37778803888902,-24.8904,-2.026600000000002,10.219999999999999,837.31,-0.029726624547658575,-0.002420369994386789,0.012205754141238012,-0.019940762680488708
YLLLAILLITLLTFL,Mutant,,clash,,LLLYLLLAILLGTLLTFLILI,0.0330498082295028,LLLYLLLAILLITLLTFLILI_2,110011001100110000,1,-72.4884,-59.668,-72.4884,-253.698,-244.713,-255.727,-370.917,4704.48,4202.63,3730.4,-16.683,5693120.0,-61.4129,5693050.0,-42.701,-62.8128,62.1839,-30.3149,9.73465,4.31675,3.74951,2935030.0,-62.8637,50.8317,-39.7383,5692750.0,6.5162,2.79183,2.05431,2,LLLYLLLAILLITLLTFLILI,0.0022824844116457,0.0015290504407075,D,15,14.585902086820054,-4.254879634333962,-12.8003301541808,-27.13813188896111,-1.3161959797878768,-17.542275952079834,-18.7119,0.0,2.0289999999999964,501.84999999999945,-0.03728584238318226,0.0,0.004043040749227854,-0.03324300089668231
FVLLTLLLGLLLGAL,WT,LLLFVLLTLLLLLLLGALILI,clash,,,,LLLFVLLTLLLGLLLGALILI_0,110011001100110000,1,-63.81,-63.6451,-58.8313,-223.36,-214.831,-238.081,-352.186,4630.42,3804.69,3645.74,-16.6678,-5.84902,-81.6832,-79.5583,-55.2729,-37.1992,78.3159,-43.618,7.07706,2.65253,2.32727,-5.80176,-40.5686,62.7854,-41.894,-358.035,7.0908,1.06132,0.503101,0,LLLFVLLTLLLGLLLGALILI,0.9240297517480284,0.0003764822220289,D,13,149.1477865244233,145.15943550823707,54.44708927258687,51.974704452154405,177.78060954763032,173.3339050762762,-26.4103,-4.9787000000000035,14.720999999999975,825.73,-0.03198418369200586,-0.006029452726678216,0.017827861407481833,-0.02018553280127887
ALLLIVLLGLLLGFL,Mutant,,clash,,LLLALLLGVLLGLLLGFLILI,1.109845131466684,LLLALLLIVLLGLLLGFLILI_1,110011001100110000,1,-49.0312,-44.9306,-44.9306,-222.497,-222.269,-238.715,-350.22,4563.81,3941.43,3584.02,-16.6664,33222.0,-95.358,33138.9,-66.5744,-64.3178,42.647,-56.6101,7.98602,1.90502,1.04472,33167.5,-77.4724,32.2036,-43.8153,34446.9,7.0393,2.46835,1.4514,1,LLLALLLIVLLGLLLGFLILI,0.2245010896883287,0.0008304170500977,D,14,-67.17713711902505,-72.93621057062444,-61.19654108320432,-68.00496516517175,-67.94686748722201,-73.57088465977442,-28.783600000000007,-4.1006,16.21799999999999,622.3800000000006,-0.04624763006523343,-0.006588579324528417,0.02605803528391011,-0.026778495452938693
YFLLIVLLGLLLATL,Mutant,,clash,,LLLYFLLGVLLGLLLATLILI,1.1069922353557498,LLLYFLLIVLLGLLLATLILI_0,110011001100110000,1,-58.7393,-65.9758,-58.7393,-241.555,-224.749,-250.717,-349.287,4743.65,4056.29,3673.5,-16.6209,8484.16,-65.6134,8425.6,-39.8312,-74.0114,60.3258,-50.3861,8.70751,5.7457,5.15058,4380.19,-72.6747,50.248,-40.0011,8134.87,7.1385,4.18468,3.4384,0,LLLYFLLIVLLGLLLATLILI,0.114593216662231,0.0009764587065142,D,15,-89.14984113395224,-91.27426138736573,-86.44601153378633,-89.09983144256758,-89.31567562444259,-91.40762610901106,-25.782199999999996,0.0,9.162000000000006,687.3599999999997,-0.03750902001862198,0.0,0.013329259776536328,-0.024180778631284927
SYLLGVLLGTLLLLL,Mutant,,clash,,LLLSYLLGVLLGTLLGLLILI,0.7468172084096099,LLLSYLLGVLLGTLLLLLILI_2,110011001100110000,1,-77.6198,-48.2722,-58.6631,-230.529,-230.975,-253.884,-371.536,4600.41,3860.13,3590.57,-16.6088,8776530.0,-79.995,8776440.0,-58.9883,-81.3612,46.0189,-57.5691,7.28555,4.91673,4.10701,8637960.0,-84.4885,38.2202,-42.7314,8776110.0,6.9435,4.333,3.4063,2,LLLSYLLGVLLGTLLLLLILI,0.3231600912270664,0.0011112159502243,D,17,-98.13200188695711,-98.1224180275269,-97.31365253274102,-97.2998700902818,-98.19006289699944,-98.18077692253748,-21.006700000000002,-18.956699999999998,23.35499999999999,740.2799999999997,-0.0283766953044794,-0.02560747284811153,0.031548873399254336,-0.022435835089425628
ALLLGVLLGFLLLTL,Mutant,,clash,,LLLALLLGVLLGFLLGTLILI,0.2757405553884842,LLLALLLGVLLGFLLLTLILI_1,110011001100110000,1,-58.7215,-58.7215,-58.7215,-229.391,-228.527,-238.003,-351.863,4618.12,3870.23,3644.32,-16.5474,2467410.0,-80.2978,2467350.0,-55.1391,-78.7493,55.3889,-50.2733,8.37044,5.78989,5.12073,2072290.0,-80.2804,39.355,-44.6447,2467050.0,7.3257,3.85498,2.9453,1,LLLALLLGVLLGFLLLTLILI,1.0385984519682698,0.0007601977645049,D,16,-72.1765443056314,-77.46220476459781,-61.31950502919064,-68.66769229414771,-63.449638848513466,-70.39316163811635,-25.158699999999996,0.0,8.611999999999995,747.8899999999999,-0.03363957266442926,0.0,0.011515062375483021,-0.022125446255465378
YFLLIILLGVLLGLL,Mutant,,clash,,LLLYFLLAILLGVLLGLLILI,0.1916767888289809,LLLYFLLIILLGVLLGLLILI_0,110011001100110000,1,-44.9933,-44.9933,-44.9933,-238.679,-229.349,-248.94,-340.019,4670.52,3938.91,3651.64,-16.5451,88.3985,-72.8917,22.7217,-46.0857,-73.1006,40.9879,-38.206,8.64603,2.99846,2.11328,55.723,-71.1719,34.5088,-41.0473,-251.621,6.9662,1.83447,0.852102,0,LLLYFLLIILLGVLLGLLILI,0.0911589738186464,0.001068238374891,D,15,-93.55492048154788,,-91.2631859597989,,-93.8371877888767,,-26.805999999999997,0.0,10.260999999999996,731.6100000000006,-0.03663973975205366,0.0,0.014025232022525645,-0.02261464441437376
YFLLAALLILLLGTL,Mutant,,clash,,LLLYFLLAALLGLLLGTLILI,0.1810468959146112,LLLYFLLAALLILLLGTLILI_0,110011001100110000,1,-58.6834,-61.8965,-58.6834,-237.177,-222.759,-248.022,-343.46,4790.59,4096.84,3739.3,-16.4774,616521.0,-64.0768,616462.0,-36.7546,-57.0958,83.09,-40.6713,9.66858,6.28152,6.02787,602449.0,-60.9139,62.9834,-44.4576,616178.0,6.862,4.13985,3.5846,0,LLLYFLLAALLILLLGTLILI,0.0565450022973602,0.0008545899400331,D,15,-25.35538796501204,-42.83305689481788,-30.31610204686089,-46.63224416295189,-20.746754151355,-39.30351203102437,-27.322200000000002,0.0,10.844999999999999,693.75,-0.039383351351351355,0.0,0.015632432432432432,-0.023751207207207206
ALLLGILLITLLGFL,Mutant,,clash,,LLLALLLGILLGTLLGFLILI,1.029487477085765,LLLALLLGILLITLLGFLILI_0,110011001100110000,1,-58.7518,-61.4479,-58.7518,-237.353,-218.584,-239.477,-354.454,4557.6,4007.92,3505.8,-16.3619,9253150.0,-74.7109,9253070.0,-56.2253,-83.2253,69.5602,-40.3276,9.77049,8.37442,7.91783,5750970.0,-87.213,39.461,-38.899,9252790.0,6.5512,4.90918,4.00109,0,LLLALLLGILLITLLGFLILI,0.1789735821143689,0.0005467144068906,D,14,5.990527103499299,-1.257207478238113,-2.2411782376077287,-8.926020860055656,16.160519336915772,8.217350866693625,-18.485599999999998,0.0,2.1239999999999952,549.6800000000003,-0.0336297482171445,0.0,0.0038640663658855955,-0.029766227623344473
FTLLGALLGILLILL,Mutant,,clash,,LLLFTLLGALLGILLSLLILI,0.3198157937173049,LLLFTLLGALLGILLILLILI_2,110011001100110000,1,-48.4736,-44.9248,-44.9248,-225.003,-222.593,-238.212,-345.842,4602.02,3732.96,3646.36,-16.2968,30.333,-88.6625,-47.9914,-62.7054,-61.3594,82.2297,-43.2418,7.70414,6.80492,6.53837,30.2854,-63.5764,69.369,-39.6453,-304.867,7.1848,5.40127,4.9418,2,LLLFTLLGALLGILLILLILI,0.3357253522866329,0.0010280573694161,D,14,137.88973151543635,122.02844801389946,49.41510896297163,39.45286558416932,141.48313044718972,125.38225728859796,-25.957099999999997,-3.5488,13.209000000000003,869.0600000000004,-0.029868018318643115,-0.004083492509147813,0.01519918072400064,-0.018752215036936453
VFLLGTLLGILLLLL,Mutant,,clash,,LLLVFLLGTLLGILLALLILI,0.291338059331467,LLLVFLLGTLLGILLLLLILI_2,110011001100110000,1,-58.7536,-58.7536,-58.7536,-235.938,-232.182,-242.081,-359.584,4654.62,3797.41,3570.78,-16.2804,3959.33,-81.1727,3890.68,-58.7493,-68.645,64.151,-53.9181,7.93791,5.45713,4.91939,3229.92,-65.0104,55.0216,-43.8705,3570.92,6.506,3.67948,3.0048,2,LLLVFLLGTLLGILLLLLILI,0.869650206022755,0.0006206059573195,D,17,-77.2852336094484,-81.88989939512821,-72.01278515030293,-77.68626505492018,-78.00084413251233,-82.46044361045341,-22.423400000000008,0.0,6.143000000000001,857.21,-0.02615858424423421,0.0,0.00716627197536193,-0.018992312268872272
YFLLGTLLIVLLALL,Mutant,,clash,11.0,LLLYFLLGTLLGVLLALLILI,1.0784853669752277,LLLYFLLGTLLIVLLALLILI_2,110011001100110000,1,-58.7571,-58.3084,-58.7571,-244.24,-228.899,-250.79,-348.976,4768.71,4016.26,3624.6,-16.2511,3415870.0,-62.2303,3415810.0,-39.4284,-74.7341,65.7394,-36.164,9.85246,6.58492,6.07101,3230280.0,-72.9898,49.7856,-44.4885,3415520.0,6.6061,4.16952,3.4163,2,LLLYFLLGTLLIVLLALLILI,0.0648475354647163,0.000612991686756,D,15,-47.28924553910605,-57.797561493359126,-44.4711746025893,-55.54129582950994,-44.44880261874833,-55.52338388190121,-22.801899999999996,0.0,6.549999999999983,752.4499999999998,-0.030303541763572334,0.0,0.0087048973353711,-0.021597581234633536
YGLLFLLLLVLLATL,Mutant,,clash,,LLLYGLLFLLLGVLLATLILI,0.3166173893292806,LLLYGLLFLLLLVLLATLILI_2,110011001100110000,1,-58.8196,-61.3549,-58.8196,-251.923,-242.259,-250.966,-354.048,4742.82,4255.46,3694.08,-16.248,2472380.0,-59.5533,2472330.0,-44.2627,-82.5931,69.2236,-46.7917,9.82217,8.23415,7.77251,1777760.0,-66.6192,56.7481,-39.0395,2472250.0,7.5,4.15388,3.5051,2,LLLYGLLFLLLLVLLATLILI,0.0967852922678427,0.0012602655713388,D,17,30.099740108797903,0.7146573739369423,-9.346976896052135,-29.82239507788008,5.961551649295195,-17.971539679902786,-15.290599999999998,0.0,-0.9569999999999936,487.3599999999997,-0.03137434340118189,0.0,-0.0019636408404464754,-0.033338804990151044
AFLLGTLLIVLLGLL,Mutant,,clash,11.0,LLLAFLLGTLLGVLLGLLILI,1.0089625884748086,LLLAFLLGTLLIVLLGLLILI_2,110011001100110000,1,-58.6867,-58.6867,-58.6867,-240.297,-235.869,-239.045,-349.341,4607.98,3962.03,3455.63,-16.2411,2087950.0,-66.5989,2087890.0,-51.6091,-97.3195,54.4201,-45.037,9.4952,8.44464,7.76094,1486330.0,-94.1397,39.8563,-36.5769,2116420.0,6.9528,6.00156,5.0994,2,LLLAFLLGTLLIVLLGLLILI,0.3496778018730173,0.0005741238627698,D,14,-46.561464376208406,-54.387721217085215,-43.66373812819972,-51.914376917547614,-40.12932230883368,-48.89758841827792,-14.989800000000002,0.0,-1.2520000000000095,645.9499999999994,-0.023205820883969375,0.0,-0.0019382305131976326,-0.025142967721959928
GALLALLLGTLLGFL,WT,LLLGALLALLLLTLLGFLILI,clash,,,,LLLGALLALLLGTLLGFLILI_1,110011001100110000,1,-64.8759,-65.8837,-58.7121,-209.713,-214.577,-233.619,-340.858,4451.17,3602.75,3516.2,-16.181,-15.9532,-82.4508,-76.3512,-48.5274,-75.5132,55.856,-33.7642,7.12975,5.36753,4.70537,-14.7997,-76.6587,59.1886,-35.0,-355.715,7.2022,5.98927,5.3771,1,LLLGALLALLLGTLLGFLILI,0.2299882826059126,0.0011216738168119,D,13,-44.43458309136963,-50.41818061618666,-34.005341977237,-41.11201901424161,-34.97620535299646,-41.97833434527602,-33.9234,-6.163800000000002,23.906000000000006,848.4200000000001,-0.03998420593573937,-0.007265033827585396,0.02817708210556093,-0.019071921925461446
YTLLGVLLGLLLIFL,Mutant,,clash,,LLLYTLLGVLLGLLLGFLILI,0.848911389016337,LLLYTLLGVLLGLLLIFLILI_2,110011001100110000,1,-44.9603,-60.0107,-44.9603,-242.456,-230.633,-250.607,-342.271,4703.51,3993.54,3611.16,-16.1476,25481.4,-71.0019,25429.8,-46.7031,-65.1555,70.2053,-39.5081,8.492,5.75105,5.30413,21035.0,-73.0429,33.6524,-45.0,25127.4,6.7424,1.99951,1.0043,2,LLLYTLLGVLLGLLLIFLILI,0.158347145570611,0.0005700317018274,D,15,397.6557239344858,369.5530980541202,101.985860710927,90.57971625466412,368.1766014674946,341.73866205636455,-24.298800000000007,0.0,8.15100000000001,709.9700000000003,-0.034225108103159284,0.0,0.011480766792963094,-0.02274405960815245
TFLLIILLGLLLGVL,Mutant,,clash,7.0,LLLTFLLGILLGLLLGVLILI,0.9998809998952328,LLLTFLLIILLGLLLGVLILI_0,110011001100110000,1,-44.9378,-53.1493,-44.9378,-228.754,-217.894,-245.259,-350.74,4614.45,3878.29,3537.11,-16.1114,52026.1,-93.1589,51946.4,-60.5427,-66.7957,49.5312,-60.5207,7.88536,3.20607,2.44903,38479.3,-79.84,40.4327,-45.0,51675.4,6.5,3.93441,3.0409,0,LLLTFLLIILLGLLLGVLILI,0.3059364512341155,0.001659756553878,D,15,-57.68494650078389,-68.31207003718025,-52.87341922606783,-64.7089234808791,-54.45415894390281,-65.89267170582535,-32.6162,0.0,16.504999999999995,736.1599999999999,-0.044305857422299505,0.0,0.02242039773962182,-0.021885731362747234
AFLLLVLLGILLGLL,Mutant,,clash,,LLLAFLLGVLLGILLGLLILI,1.1302067441855483,LLLAFLLLVLLGILLGLLILI_2,110011001100110000,1,-51.1053,-51.6521,-44.9468,-215.284,-217.207,-239.778,-348.975,4595.38,3735.39,3658.26,-16.0226,8654.33,-98.6083,8574.21,-64.2511,-60.8713,46.4354,-51.3189,7.19082,1.89948,1.09601,8566.84,-69.6978,38.4736,-44.8571,9383.1,6.5368,2.1486,1.2257,2,LLLAFLLLVLLGILLGLLILI,0.2643928349082807,0.0004300407752959,D,16,-57.64557781368992,-66.99745121635753,-55.84711267473658,-65.59608790126141,-69.79949286722919,-76.46777695241077,-34.357200000000006,-6.1584999999999965,24.494,859.9900000000002,-0.03995069710112908,-0.007161129780578838,0.02848172653170385,-0.018631146873800852
VFLLATLLGILLLLL,Mutant,,clash,,LLLVFLLATLLGILLALLILI,0.3034451433784931,LLLVFLLATLLGILLLLLILI_2,110011001100110000,1,-66.3231,-66.3725,-58.7317,-229.263,-227.207,-243.19,-363.585,4666.53,3770.93,3642.42,-15.9568,2383790.0,-83.956,2383720.0,-61.6634,-58.1574,52.3462,-48.6053,6.8265,2.29035,1.57555,2025.47,-57.4619,46.8821,-41.5356,1676.92,6.7733,1.44837,0.651602,2,LLLVFLLATLLGILLLLLILI,0.1729064666814289,0.0010758617264381,D,17,-49.82287782298867,-61.727631116644254,-48.42032529604778,-60.657840635237214,-53.038438847718425,-64.18028548114229,-22.2926,-7.5914,13.926999999999992,895.5999999999999,-0.024891246092005364,-0.008476328718177759,0.015550468959356849,-0.01781688253684681
YTLLLVLLGLLLGFL,Mutant,,clash,,LLLYTLLAVLLGLLLGFLILI,0.1921809921542696,LLLYTLLLVLLGLLLGFLILI_2,110011001100110000,1,-50.1501,-52.2457,-44.9531,-234.326,-229.618,-249.543,-343.651,4696.31,4037.39,3769.02,-15.9532,56.8611,-75.1281,-4.9261,-49.1541,-58.2915,50.6409,-49.1598,7.28007,2.08025,1.33986,28.3999,-60.0061,44.1752,-42.0349,-286.79,6.9704,1.46457,0.627198,2,LLLYTLLLVLLGLLLGFLILI,0.1470664704961062,0.0005264727316954,D,17,-60.77924293494114,-66.0125629917209,-48.9529190020476,-55.76425393838008,-61.23717846780291,-66.40939508374744,-25.974000000000004,-5.197000000000003,15.217000000000013,658.9200000000005,-0.0394190493534875,-0.00788714866751654,0.023093850543313303,-0.024211133369756555
FLLLITLLGILLAVL,Mutant,,clash,,LLLFLLLGTLLGILLAVLILI,1.5622142561581658,LLLFLLLITLLGILLAVLILI_2,110011001100110000,1,-63.5915,-60.4268,-58.7549,-223.553,-215.84,-240.302,-358.712,4626.88,3958.33,3659.44,-15.9464,5787.79,-87.5139,5705.35,-59.6558,-62.4122,60.7901,-54.5681,7.53873,4.06849,3.48034,3942.12,-72.0387,50.2766,-42.8887,5429.08,6.71,4.09315,3.3473,2,LLLFLLLITLLGILLAVLILI,0.1067332957835529,0.0014467884495499,D,14,-56.85266898151446,-62.787222873202055,-52.90200445960627,-59.379939157471576,-56.97045763178716,-62.88881068146732,-27.858100000000007,-4.836600000000004,16.748999999999995,668.5500000000002,-0.04166943384937551,-0.007234462643033435,0.02505272604891181,-0.023852217485603164
YFLLAALLGLLLITL,Mutant,,clash,,LLLYFLLAALLGLLLGTLILI,0.1273547379973579,LLLYFLLAALLGLLLITLILI_2,110011001100110000,1,-58.6834,-66.7585,-58.6834,-236.312,-222.69,-247.876,-344.693,4744.39,4140.32,3732.16,-15.8942,13815.5,-65.5914,13760.2,-38.1339,-64.947,76.7074,-56.9767,8.08725,6.59754,6.24815,12157.2,-60.9139,62.9834,-44.4576,13470.8,6.862,4.13985,3.5846,2,LLLYFLLAALLGLLLITLILI,0.1102371602146135,0.0009558390565949,D,15,-24.22653877130544,-34.36320006372736,-28.509630969199414,-38.07331784300226,-18.632194482710062,-29.51724409324688,-27.457499999999996,0.0,11.563999999999993,604.0700000000006,-0.04545416921879909,0.0,0.01914347674938332,-0.0263118512755144
YFLLGTLLILLLAVL,Mutant,,clash,,LLLYFLLGTLLGLLLAVLILI,1.171050412426262,LLLYFLLGTLLILLLAVLILI_2,110011001100110000,1,-58.7632,-64.5867,-58.7632,-240.1,-228.864,-250.787,-348.477,4774.42,4061.17,3614.26,-15.8877,1659950.0,-65.5016,1659890.0,-38.9268,-75.107,65.2297,-37.0126,9.98304,6.57206,6.05051,1654790.0,-72.0387,50.2766,-42.8887,1659600.0,6.71,4.09315,3.3473,2,LLLYFLLGTLLILLLAVLILI,0.054846663907734,0.0012283832017508,D,15,-28.453112051108448,-39.29965590056085,-30.885025045087428,-41.3628896733543,-23.207896628532712,-34.84961774860844,-26.574799999999996,0.0,10.687000000000012,713.25,-0.03725874518051173,0.0,0.014983526112863669,-0.022275078864353315
ALLLGILLGFLLITL,Mutant,,clash,,LLLALLLGILLGFLLGTLILI,0.3654516367789504,LLLALLLGILLGFLLITLILI_0,110011001100110000,1,-59.1568,-68.8587,-58.6933,-230.098,-222.258,-239.476,-353.094,4574.17,3813.68,3470.96,-15.6318,7376.11,-79.4712,7314.13,-54.9253,-78.4905,61.2321,-49.47,7.88705,6.53991,5.95839,6442.79,-79.2928,46.8705,-41.4445,7023.01,6.9265,4.72144,3.9245,0,LLLALLLGILLGFLLITLILI,0.9794511606471172,0.000998018051954,D,14,-42.14986403569136,-49.947269657540176,-35.07637479688051,-43.82718984184319,-29.13187704676588,-38.68392893245801,-24.545899999999996,-0.46349999999999625,9.377999999999986,760.4900000000002,-0.03227642704046074,-0.0006094754697629109,0.012331523096950629,-0.02055490538994595
AFLLGTLLILLLGVL,Mutant,,clash,11.0,LLLAFLLGTLLGLLLGVLILI,1.117340503894734,LLLAFLLGTLLILLLGVLILI_2,110011001100110000,1,-58.7586,-58.7586,-58.7586,-238.84,-231.817,-239.034,-348.778,4626.06,3907.82,3411.77,-15.6252,4121850.0,-66.8047,4121790.0,-50.9852,-91.5825,58.0101,-40.8831,9.81075,8.06874,7.43889,2260130.0,-94.1397,39.8563,-36.5769,3265930.0,6.9528,6.00156,5.0994,2,LLLAFLLGTLLILLLGVLILI,0.3113194605342238,0.0009583287531536,D,14,-43.58723208774362,-52.098788487111705,-37.60606824104824,-47.02006242709242,-38.03409679272264,-47.38351004624135,-15.819499999999998,0.0,0.1939999999999884,718.2400000000002,-0.022025367565159267,0.0,0.00027010470037868724,-0.02175484517709957
YVLLTILLGLLLGAL,WT,LLLYVLLTILLGLLLIALILI,clash,,,,LLLYVLLTILLGLLLGALILI_1,110011001100110000,1,-63.8201,-58.7586,-58.7586,-224.287,-216.723,-244.133,-355.252,4595.02,3895.59,3754.49,-15.5753,-3.32323,-82.7202,-83.0937,-52.3608,-44.6494,60.5155,-46.9625,6.97801,1.36699,0.774725,-9.51349,-39.1035,62.7825,-44.0154,-364.827,7.1407,0.841163,0.282901,1,LLLYVLLTILLGLLLGALILI,0.196982386834354,0.0006569340446584,D,13,166.0504731232388,145.82511404395044,56.77750801121921,44.85916275191906,186.2507570768188,164.48975706568552,-30.359400000000008,-5.061499999999995,19.846000000000004,699.4300000000003,-0.04340591624608609,-0.007236606951374681,0.02837453354874683,-0.022268561542970695
WTLLGILLGLLLIFL,Mutant,,clash,,LLLWTLLGILLGLLLGFLILI,0.6087791546681629,LLLWTLLGILLGLLLIFLILI_0,110011001100110000,1,-44.9483,-66.5082,-44.9483,-240.897,-228.817,-251.048,-354.007,4668.05,3823.68,3555.97,-15.5642,2374.94,-83.7257,2316.26,-58.01,-57.4078,74.1743,-40.1297,9.20951,5.12471,4.73732,2227.73,-69.6978,38.4736,-44.8571,2020.94,6.5368,2.1486,1.2257,0,LLLWTLLGILLGLLLIFLILI,0.1336499951808595,0.0009861790933022,D,15,304.57920340043245,281.9606218833346,87.58855789020232,77.10115010291952,300.4293752922766,278.04279587651604,-25.715700000000005,0.0,10.15100000000001,844.3700000000003,-0.030455487523242175,0.0,0.01202198088515699,-0.01843291448061868
YALLASLLLILLTLL,Mutant,,clash,,LLLYALLASLLGILLTLLILI,-0.0040910199355458,LLLYALLASLLLILLTLLILI_2,110011001100110000,1,-74.1286,-53.2525,-74.119,-244.765,-228.859,-250.559,-385.074,4664.26,3980.3,3688.04,-15.5339,451714.0,-81.7147,451611.0,-60.3967,-63.8363,92.3605,-49.8872,8.3868,8.54412,8.42953,412704.0,-63.07,66.418,-42.249,451329.0,7.1117,4.92693,4.4232,2,LLLYALLASLLLILLTLLILI,0.252882431089859,0.0014669598419629,D,17,-24.00890313885598,-39.01020733132496,-26.69057800377736,-41.16249622794677,-21.2015049675533,-36.75701400370348,-21.31799999999999,-0.009600000000006048,5.794000000000011,683.96,-0.031168489385344157,-1.403590853267157e-05,0.008471255628984167,-0.022711708287034327
AFLLGILLGLLLLTL,Mutant,,clash,,LLLAFLLGILLGLLLGTLILI,0.2826231135778188,LLLAFLLGILLGLLLLTLILI_2,110011001100110000,1,-58.7892,-69.7233,-58.7892,-230.91,-224.441,-240.334,-354.7,4606.75,3900.73,3452.85,-15.4887,96723.7,-80.489,96663.1,-55.5761,-77.5188,52.102,-54.5803,9.12775,5.16159,4.44312,94542.4,-80.3909,36.9211,-40.9331,96369.0,7.1519,3.54298,2.5968,2,LLLAFLLGILLGLLLLTLILI,1.0914582007252935,0.0009560387667735,D,16,-76.84936408139883,-81.99419998045262,-66.43145734197398,-73.89149619158353,-65.7730082531884,-73.37937623697786,-24.912900000000008,0.0,9.424000000000007,706.02,-0.03528639415314015,0.0,0.013348063794226803,-0.02193804708081924
ALLLGLLLGVLLLTL,Mutant,,clash,,LLLALLLGLLLGVLLGTLILI,0.5850818397172877,LLLALLLGLLLGVLLLTLILI_2,110011001100110000,1,-58.7166,-58.7166,-58.7166,-226.982,-223.457,-237.006,-371.647,4556.29,3797.72,3410.62,-15.474,210448.0,-101.422,210358.0,-75.9236,-72.6235,80.0046,-46.1536,8.43758,8.19414,7.89421,200455.0,-78.1087,59.6093,-35.0,211244.0,6.7754,6.26356,5.6577,2,LLLALLLGLLLGVLLLTLILI,0.6393508337026133,0.0006772770264053,D,16,14.031970225615815,1.103268485129008,-0.7771223538667321,-12.026800741266053,6.802158836266944,-5.306842298258847,-25.498400000000004,0.0,10.024000000000001,758.5700000000002,-0.033613773283942154,0.0,0.013214337503460457,-0.02039890847252066
ALLLGFLLGILLITL,Mutant,,clash,,LLLALLLGFLLGILLGTLILI,0.074316781209095,LLLALLLGFLLGILLITLILI_2,110011001100110000,1,-58.7265,-58.7265,-58.7265,-232.986,-229.997,-239.459,-355.559,4504.07,3748.07,3385.73,-15.4562,21083.7,-79.3035,21016.8,-57.3742,-72.5363,65.8291,-42.9245,8.73908,6.26738,5.75481,13607.2,-68.1464,52.7276,-38.529,20688.8,6.6534,3.84019,3.1311,2,LLLALLLGFLLGILLITLILI,1.0596957595979006,0.0004122933412871,D,14,-84.3690047217197,-87.04740050264131,-78.45011403587789,-82.14272110395426,-81.3397898234568,-84.53724637169154,-21.929299999999998,0.0,6.473000000000013,755.9999999999995,-0.029007010582010596,0.0,0.008562169312169335,-0.02044470899470901
GYLLISLLGILLTLL,Mutant,,clash,,LLLGYLLASLLGILLTLLILI,0.3145879419658951,LLLGYLLISLLGILLTLLILI_0,110011001100110000,1,-73.0926,-77.3075,-74.16,-230.594,-230.749,-248.458,-377.851,4571.1,3750.84,3645.32,-15.414,2562.65,-89.5783,2492.85,-55.2334,-65.893,52.0513,-40.2837,8.03091,3.41088,2.69165,2318.55,-70.3334,49.8546,-39.6684,2184.8,7.175,3.78038,3.0282,0,LLLGYLLISLLGILLTLLILI,0.1755821265727155,0.0005668127005528,D,14,-97.09365607436186,-97.52217554025428,-96.1820562333951,-96.7449845259624,-97.32687425850123,-97.72100738393952,-34.344899999999996,1.0673999999999921,17.864000000000004,820.2600000000002,-0.041870748299319714,0.0013012947114329502,0.021778460488137908,-0.0187916026625704
ALLLGILLGLLLIFL,Mutant,,clash,,LLLALLLGILLGLLLGFLILI,0.7643953532732565,LLLALLLGILLGLLLIFLILI_1,110011001100110000,1,-44.9506,-61.7458,-44.9506,-231.553,-223.976,-240.302,-355.532,4534.85,3814.08,3386.64,-15.3847,4616970.0,-94.4132,4616900.0,-70.2789,-78.1009,59.1028,-50.1855,8.3572,6.194,5.58054,4580050.0,-80.9675,41.2498,-36.7766,13595100.0,6.7833,4.21385,3.3326,1,LLLALLLGILLGLLLIFLILI,0.4759311211764147,0.0011750422425062,D,14,56.2484965559378,40.03718500586608,19.244005439604106,6.872035370965344,70.08256152324789,52.43591880434981,-24.13430000000001,0.0,8.748999999999995,720.7700000000004,-0.03348405177795968,0.0,0.012138407536384685,-0.021344811798493266
TYLLFALLGLLLLVL,Mutant,,clash,,LLLTYLLFALLGLLLGVLILI,0.3720771959469444,LLLTYLLFALLGLLLLVLILI_0,110011001100110000,1,-60.5194,-60.834,-44.9405,-232.452,-232.369,-253.136,-349.282,4818.0,3801.97,3614.32,-15.3408,1988.62,-71.6507,1932.54,-51.2052,-43.0347,75.1518,-46.9098,8.11741,3.1007,2.72798,1323.53,-51.1957,62.3629,-45.0,1639.34,6.503,2.59835,2.03379,0,LLLTYLLFALLGLLLLVLILI,0.2832396720780747,0.001170362741764,D,17,-43.77102831003101,-48.4724706704159,-41.024381865716,-45.95547807809561,-46.360087883975886,-50.8450526174602,-20.445500000000003,-15.578899999999997,20.683999999999997,1016.0300000000002,-0.02012292944105981,-0.015333110242807785,0.020357666604332542,-0.015098766768697772
LFLLAVLLGILLLTL,Mutant,,clash,,LLLLFLLAVLLGILLSTLILI,0.3752359547493521,LLLLFLLAVLLGILLLTLILI_2,110011001100110000,1,-58.8277,-58.8277,-58.8277,-230.597,-229.61,-243.246,-361.092,4674.15,3997.14,3683.4,-15.3195,4957.92,-86.9863,4885.27,-59.0176,-64.6444,53.8605,-48.3648,7.06416,3.46783,2.77574,97.0891,-61.5797,48.2683,-39.5794,-266.684,6.5,2.25318,1.47721,2,LLLLFLLAVLLGILLLTLILI,0.1286296996740688,0.0010147345945463,D,16,-53.78587538596301,-61.11526377574474,-48.58829514775335,-56.74200044434765,-57.23697341666279,-64.01903048621594,-27.9687,0.0,12.649000000000001,677.0099999999998,-0.0413120928789826,0.0,0.01868362358015392,-0.022628173882217405
YTLLGALLGILLIVL,Mutant,,clash,,LLLYTLLGALLGILLSVLILI,0.3840664207204737,LLLYTLLGALLGILLIVLILI_2,110011001100110000,1,-48.3153,-44.9848,-44.9848,-230.182,-229.208,-247.602,-347.383,4626.49,3847.93,3679.99,-15.2667,23.7106,-84.1533,-49.4804,-54.7971,-66.9618,77.8938,-42.2392,7.41921,7.05993,6.72834,17.8956,-64.0853,70.854,-39.869,-313.757,7.1308,5.67809,5.2409,2,LLLYTLLGALLGILLIVLILI,0.2147875040000328,0.001649926847804,D,15,609.9286027375962,622.8707057923059,130.50140165463068,134.70347617728785,574.6033375028208,586.901455766186,-29.3562,-3.3305000000000007,17.420000000000016,778.56,-0.037705764488286074,-0.004277769214960955,0.022374640361693406,-0.01960889334155364
TLLLGVLLIFLLAIL,Mutant,,clash,11.0,LLLTLLLGVLLGFLLAILILI,1.05993029247634,LLLTLLLGVLLIFLLAILILI_2,110011001100110000,1,-44.9169,-50.8448,-44.9169,-242.271,-230.267,-247.889,-354.22,4619.11,4022.61,3580.77,-15.2464,342784.0,-82.279,342711.0,-61.4147,-87.5642,64.3991,-34.3093,9.61647,8.32852,7.79451,180984.0,-85.9497,42.6517,-45.0,342429.0,6.5506,5.15043,4.2902,2,LLLTLLLGVLLIFLLAILILI,0.2348137267922655,0.0004694680602513,D,15,-52.10910364343288,-59.11550527081493,-48.22164134395005,-55.79677574214288,-49.06054164882593,-56.512945571950354,-20.864299999999993,0.0,5.618000000000023,596.4999999999995,-0.03497787091366305,0.0,0.00941827326068739,-0.025559765297569172
AYLLGFLLGTLLILL,Mutant,,clash,,LLLAYLLGFLLGTLLGLLILI,0.3827024605191887,LLLAYLLGFLLGTLLILLILI_0,110011001100110000,1,-62.2164,-58.9965,-58.6623,-229.466,-222.683,-244.731,-345.542,4603.53,3910.38,3476.36,-15.2192,512983.0,-69.0784,512919.0,-42.148,-101.839,24.4544,-38.3064,9.31349,5.07716,3.94398,426187.0,-91.134,25.7473,-37.6199,512637.0,7.3707,3.64599,2.5322,0,LLLAYLLGFLLGTLLILLILI,0.8137094315313324,0.0006678514092374,D,14,-70.97346317871835,-71.4445165385899,-61.402632100951095,-62.02900444233613,-67.12132221385745,-67.65488954001333,-26.9304,-3.5540999999999983,15.264999999999986,693.1499999999996,-0.03885219649426533,-0.005127461588400779,0.02202265022001009,-0.021956575055904218
ALLLGFLLGVLLLTL,Mutant,,clash,,LLLALLLGFLLGVLLGTLILI,0.0274070187650832,LLLALLLGFLLGVLLLTLILI_1,110011001100110000,1,-58.7392,-62.4203,-58.7392,-234.996,-200.606,-238.023,-354.479,4529.22,3783.08,3331.95,-15.1379,166793000.0,-75.882,166793000.0,-57.717,-77.9866,73.2189,-47.5217,9.04837,8.08254,7.68082,5593750.0,-83.578,48.738,-35.1079,5301240.0,6.9512,5.61633,4.8474,1,LLLALLLGFLLGVLLLTLILI,1.0479220869415555,0.0018429039912339,D,16,-79.18774976775734,-83.22669497981671,-68.64184373307965,-74.7273882417207,-73.5926268867419,-78.71739388736268,-18.165000000000006,0.0,3.026999999999987,746.1400000000003,-0.024345297129225077,0.0,0.004056879406009577,-0.02028828370010989
TFLLIVLLGLLLGYL,Mutant,,clash,,LLLTFLLAVLLGLLLGYLILI,0.4564096197379597,LLLTFLLIVLLGLLLGYLILI_1,110011001100110000,1,-44.9219,-46.376,-44.9219,-232.913,-227.233,-248.145,-342.112,4648.32,3981.4,3628.03,-15.0753,216.065,-79.3527,147.561,-49.0453,-63.4352,49.5389,-56.6998,7.73122,2.70304,1.94612,212.163,-64.6051,48.7376,-45.0,-126.695,6.7648,2.77034,2.0014,1,LLLTFLLIVLLGLLLGYLILI,0.1792742473212061,0.0014239397206746,D,15,-3.765329206091736,-17.886095660073565,-13.97247805009409,-26.59552269759875,1.1146534103396588,-13.722165732944672,-30.3074,0.0,15.232,666.9199999999996,-0.045443831344089275,0.0,0.022839321057997974,-0.022604360343069646
YALLAFLLGLLLITL,Mutant,,clash,,LLLYALLAFLLGLLLGTLILI,0.8811735847668145,LLLYALLAFLLGLLLITLILI_2,110011001100110000,1,-58.7014,-60.7948,-58.7014,-244.905,-233.267,-248.252,-347.635,4678.23,3986.82,3537.95,-15.0497,15564600.0,-59.0783,15564500.0,-40.6814,-62.6618,62.6806,-45.0742,9.8,4.36114,3.80135,2299910.0,-66.7471,49.0629,-35.0,15491700.0,7.0844,3.13556,2.3715,2,LLLYALLAFLLGLLLITLILI,0.2713039893624769,0.0010012620012767,D,15,-8.384348480587969,-20.37425483239524,-16.504340233841315,-27.43156854882508,-6.637060684469283,-18.855637756810367,-18.396900000000002,0.0,3.3470000000000084,691.4099999999994,-0.026607801449212504,0.0,0.004840832501699442,-0.02176667968354524
LFLLIVLLGILLSTL,Mutant,,clash,,LLLLFLLAVLLGILLSTLILI,0.3776321332194348,LLLLFLLIVLLGILLSTLILI_0,110011001100110000,1,-74.2287,-77.7387,-74.1115,-234.645,-219.415,-245.435,-373.678,4619.28,4032.14,3753.34,-14.9651,82.2287,-79.7693,5.70445,-54.1314,-62.4527,62.9015,-37.8122,7.89077,4.3596,3.80313,64.7729,-61.5797,48.2683,-39.5794,-291.449,6.5,2.25318,1.47721,0,LLLLFLLIVLLGILLSTLILI,0.1262335212039861,0.0007488499351537,D,14,-62.17836760505608,-69.2473156783678,-59.03012263990001,-66.68748477076386,-63.82112919122618,-70.58304143308024,-25.637900000000002,-0.11719999999999686,10.789999999999992,587.1399999999999,-0.04366573559968663,-0.00019961167694246157,0.018377218380624713,-0.025488128896004367
YFLLALLLGTLLIVL,Mutant,,clash,,LLLYFLLALLLGTLLGVLILI,0.0603867107413362,LLLYFLLALLLGTLLIVLILI_0,110011001100110000,1,-58.6969,-63.7887,-58.6969,-234.877,-224.417,-250.745,-349.015,4735.81,3934.92,3519.05,-14.8759,20089800.0,-70.3171,20089700.0,-39.5734,-53.8674,70.6557,-52.5432,8.792,4.11863,3.67847,18195300.0,-61.4169,47.8691,-36.8365,20089400.0,7.2814,2.17486,1.3929,0,LLLYFLLALLLGTLLIVLILI,0.0596688486497311,0.0012053642025078,D,15,-15.332636465933811,-26.33589888852984,-24.39469808694657,-34.22026655589043,-14.78000167817771,-25.855083811931856,-30.743699999999997,0.0,15.867999999999995,800.8900000000003,-0.03838691955199838,0.0,0.019812958084131388,-0.018574211190051062
VFLLLTLLGILLALL,Mutant,,clash,,LLLVFLLGTLLGILLALLILI,0.985319143318064,LLLVFLLLTLLGILLALLILI_2,110011001100110000,1,-64.4301,-58.7536,-58.7536,-220.076,-220.223,-243.182,-364.694,4631.26,3778.85,3653.53,-14.8665,124068.0,-95.0544,123983.0,-62.7587,-59.488,54.9595,-54.165,7.17927,2.84273,2.16712,105218.0,-65.0104,55.0216,-43.8705,123678.0,6.506,3.67948,3.0048,2,LLLVFLLLTLLGILLALLILI,0.1756691220361581,0.0006783336965624,D,17,-59.7073342065582,-70.16290442463068,-60.37781258758888,-70.65939993174322,-68.6150766611874,-76.7591709596388,-32.295700000000004,-5.676499999999997,23.105999999999995,852.4100000000003,-0.0378875189169531,-0.006659354066704984,0.027106674018371423,-0.017440550908600316
LLLLFALLGILLSTL,Mutant,,clash,,LLLLALLFALLGILLSTLILI,0.1417171454926813,LLLLLLLFALLGILLSTLILI_0,110011001100110000,1,-74.2512,-79.0527,-74.1345,-229.479,-220.118,-240.632,-374.94,4522.59,3944.63,3671.54,-14.8337,21.4894,-86.0437,-54.2802,-60.1734,-54.6499,75.0177,-45.6796,7.91079,4.82488,4.45015,22.19,-54.9267,67.0486,-40.0719,-353.451,7.1275,3.79057,3.2963,0,LLLLLLLFALLGILLSTLILI,0.1582592116659824,0.0013566598160258,D,16,-31.45223658881288,-39.93575423081706,-34.22543102425664,-42.36573624404552,-40.01229378339024,-47.43641294741417,-25.8703,-0.11669999999999447,11.152999999999992,577.96,-0.04476140217316077,-0.0002019170876877197,0.019297183196068917,-0.025665616997716103
YALLAFLLLLLLGTL,Mutant,,clash,,LLLYALLAFLLGLLLGTLILI,1.136315795713693,LLLYALLAFLLLLLLGTLILI_2,110011001100110000,1,-58.7014,-58.7014,-58.7014,-247.266,-235.624,-248.273,-350.215,4704.94,4316.14,3577.55,-14.817,255707.0,-59.0654,255651.0,-43.241,-71.5981,50.2778,-41.4964,10.9772,4.02722,3.28139,251770.0,-66.7471,49.0629,-35.0,255359.0,7.0844,3.13556,2.3715,2,LLLYALLAFLLLLLLGTLILI,0.0161617784155985,0.0016317957875662,D,17,-21.57167442099288,-28.6270149724618,-29.503808698779604,-35.84558169392746,-15.328712512273649,-22.94566421622716,-15.824399999999997,0.0,1.007000000000005,388.7999999999993,-0.040700617283950684,0.0,0.002590020576131705,-0.03810956790123464
TFLLLLLLGVLLAIL,Mutant,,clash,,LLLTFLLGLLLGVLLAILILI,1.0259573896492382,LLLTFLLLLLLGVLLAILILI_2,110011001100110000,1,-50.3359,-44.9175,-44.9175,-219.553,-219.671,-246.629,-359.327,4613.06,3771.19,3621.94,-14.792,16113.9,-104.23,16019.1,-67.7812,-60.2184,50.2877,-52.4045,7.27635,2.3216,1.57592,13995.3,-66.0595,53.2865,-42.9639,15728.5,7.0854,3.6026,2.9019,2,LLLTFLLLLLLGVLLAILILI,0.342167282272793,0.0012927353545591,D,17,-73.573745046438,-84.09559733443213,-70.01385652250626,-81.95311060566041,-73.94577407423077,-84.31949964187953,-36.448800000000006,-5.418400000000005,27.075999999999993,841.8700000000003,-0.04329504555335146,-0.006436148098875127,0.032161735184767226,-0.017570408732939757
TALLLLLLGVLLSFL,Mutant,,clash,,LLLTALLALLLGVLLSFLILI,0.5898560441320464,LLLTALLLLLLGVLLSFLILI_0,110011001100110000,1,-59.4644,-61.2527,-60.3459,-232.207,-226.612,-245.136,-366.804,4605.76,3937.66,3642.99,-14.6946,13333.8,-89.8265,13254.9,-61.322,-70.4696,71.8231,-51.2034,8.23429,6.76657,6.34391,13305.8,-67.4512,65.6275,-43.9752,12967.0,7.4846,5.47739,4.9618,0,LLLTALLLLLLGVLLSFLILI,0.2008690198458794,0.0017825924914865,D,17,-98.38240068557906,,-97.86955598422811,,-98.53650193936868,,-28.504499999999993,0.8815000000000026,12.929000000000002,668.1000000000004,-0.042665020206555875,0.0013194132614878045,0.019351893429127368,-0.021994611585092038
TYLLVLLLGALLIWL,Mutant,,clash,,LLLTYLLVLLLGALLGWLILI,0.418204666565646,LLLTYLLVLLLGALLIWLILI_2,110011001100110000,1,-44.9494,-53.7306,-44.9494,-242.469,-237.992,-256.286,-363.691,4672.63,3799.11,3641.18,-14.6695,70892.2,-90.9417,70820.2,-62.4557,-55.5008,65.8224,-45.8613,9.07804,3.71115,3.19848,58457.1,-48.7389,54.7657,-43.6502,70528.5,6.8404,1.20421,0.525696,2,LLLTYLLVLLLGALLIWLILI,0.0842310203858162,0.0016512703622152,D,15,-90.62401837690685,-90.96188230359942,-86.73688653632277,-87.21482343670772,-90.16570868353752,-90.52008782099608,-28.485999999999997,0.0,13.817000000000007,873.52,-0.03261058705009616,0.0,0.01581761150288489,-0.01679354794395091
YFLLISLLGILLALL,Mutant,,clash,,LLLYFLLGSLLGILLALLILI,0.963479132710729,LLLYFLLISLLGILLALLILI_0,110011001100110000,1,-60.2959,-60.7856,-60.2959,-237.692,-228.528,-250.947,-355.727,4756.35,4095.08,3665.98,-14.6183,1339330.0,-72.3572,1339260.0,-44.4842,-74.4952,61.6478,-47.9055,9.03436,5.99674,5.42145,1067460.0,-71.7752,52.5548,-41.6943,1338970.0,6.762,4.36118,3.6495,0,LLLYFLLISLLGILLALLILI,0.0197698850362622,0.0009164751520251,D,15,-97.37251255310736,,-96.62190595793032,,-97.73825829889992,,-27.873000000000005,0.0,13.254999999999995,661.2700000000004,-0.04215070999742917,0.0,0.020044762351233213,-0.022106401318674657
GALLALLLGTLLIFL,Mutant,,clash,,LLLGALLALLLGTLLGFLILI,-0.0443175870140593,LLLGALLALLLGTLLIFLILI_1,110011001100110000,1,-58.7121,-59.8854,-58.7121,-226.314,-221.604,-238.048,-351.747,4500.27,3793.0,3485.51,-14.6157,129881.0,-81.3365,129811.0,-54.9866,-76.6558,74.5886,-43.1241,7.8302,8.06783,7.68666,105947.0,-76.6587,59.1886,-35.0,129519.0,7.2022,5.98927,5.3771,1,LLLGALLALLLGTLLIFLILI,0.2743058696199719,0.0011053919319797,D,14,15.719602997988613,6.0597082280798045,-0.2818518128366037,-8.60599736106247,10.531208476526691,1.3044239472653958,-26.349899999999998,0.0,11.734000000000009,707.2700000000004,-0.0372557863333663,0.0,0.016590552405729073,-0.020664951150197224
ALLLGILLIFLLGTL,Mutant,,clash,,LLLALLLGILLGFLLGTLILI,0.7853280631061273,LLLALLLGILLIFLLGTLILI_2,110011001100110000,1,-58.6933,-64.5205,-58.6933,-236.118,-221.398,-239.502,-351.641,4626.64,3933.09,3606.4,-14.54,333889.0,-71.3693,333824.0,-53.4457,-83.1576,63.4595,-35.7388,9.68047,7.54067,6.99257,319244.0,-79.2928,46.8705,-41.4445,333538.0,6.9265,4.72144,3.9245,2,LLLALLLGILLIFLLGTLILI,0.5595747343199403,0.0077328098149177,D,14,-67.76388718960034,-66.54901090598867,9.046879854853255,13.156508981562853,201.03452293281163,212.3795540353659,-17.923599999999993,0.0,3.3840000000000146,693.5500000000002,-0.02584327013192991,0.0,0.004879244466873353,-0.02096460240790137
TALLLVLLGLLLGFL,Mutant,,clash,,LLLTALLGVLLGLLLGFLILI,0.6259925538132094,LLLTALLLVLLGLLLGFLILI_0,110011001100110000,1,-48.3815,-53.3661,-44.9633,-221.519,-222.754,-241.934,-350.812,4565.06,3806.22,3557.1,-14.4838,39505.3,-95.3961,39430.6,-63.915,-83.042,20.1572,-49.5244,7.1043,1.67752,0.479879,35879.4,-73.5676,38.1677,-45.0,39154.5,6.5,2.68778,1.7603,0,LLLTALLLVLLGLLLGFLILI,0.561364387672513,0.0033534715825804,D,17,-62.47940261925956,-63.86282741685639,-9.012772226881742,-12.367569217148624,44.61401625369504,39.281941869716086,-31.481100000000005,-3.418200000000006,20.414999999999992,758.8400000000006,-0.041485820462811636,-0.004504506878920462,0.02690290443308204,-0.019086764008223064
ATLLGILLGLLLIFL,Mutant,,clash,,LLLATLLGILLGLLLGFLILI,0.6598203403796945,LLLATLLGILLGLLLIFLILI_2,110011001100110000,1,-44.9292,-58.1393,-44.9292,-231.592,-220.288,-240.51,-350.49,4489.09,3819.82,3417.52,-14.3367,6585740.0,-88.3053,6585670.0,-65.0506,-76.8984,69.8567,-44.4146,8.17523,7.46542,7.01327,2057540.0,-81.6776,47.767,-35.1198,6585390.0,6.6099,5.20019,4.4167,2,LLLATLLGILLGLLLIFLILI,0.4223636873850755,0.001672897070399,D,14,67.98142011518793,56.24240352971117,29.004010222630093,19.98884524451508,86.09605565662123,73.09113712249481,-23.2547,0.0,8.917999999999978,669.27,-0.0347463654429453,0.0,0.013324966007739743,-0.021421399435205525
YTLLGALLIILLSVL,Mutant,,clash,,LLLYTLLGALLGILLSVLILI,0.5074410721449931,LLLYTLLGALLIILLSVLILI_2,110011001100110000,1,-69.2028,-63.093,-60.289,-236.226,-232.05,-248.844,-363.319,4677.46,4091.31,3707.07,-14.2712,5406.34,-72.161,5338.16,-54.1861,-57.2627,94.3672,-47.6737,8.72776,7.82897,7.74448,5049.56,-64.0853,70.854,-39.869,5282.93,7.1308,5.67809,5.2409,2,LLLYTLLGALLIILLSVLILI,0.0914128525755133,0.0008268566960898,D,15,-26.035639844416693,-33.57241124086848,-32.411171108624885,-39.298292841803786,-26.47440301038218,-33.96646560827058,-17.974899999999998,-8.913799999999995,12.617999999999995,586.1500000000001,-0.030666041115755344,-0.01520737012710056,0.021526912906252655,-0.024347351360573227
YTLLLILLGVLLALL,Mutant,,clash,,LLLYTLLAILLGVLLALLILI,-0.0595500348952849,LLLYTLLLILLGVLLALLILI_1,110011001100110000,1,-50.1705,-49.2617,-45.0036,-228.792,-229.934,-249.727,-362.284,4664.78,3886.46,3799.92,-14.2044,53.6924,-97.5267,-29.3963,-67.5537,-63.5315,43.1829,-48.2612,7.48024,1.85942,1.00716,52.4972,-66.3717,42.953,-43.9626,-143.073,7.3394,2.25441,1.39871,1,LLLYTLLLILLGVLLALLILI,0.386915780147227,9.052285084597974e-05,D,17,-97.5052510041802,,-96.26743911558096,,-97.55368794675404,,-29.973,-5.166899999999998,20.935000000000002,778.3199999999997,-0.03850986740672219,-0.0066385291396854765,0.026897677048000834,-0.018250077089115024
YFLLITLLGILLALL,Mutant,,clash,,LLLYFLLGTLLGILLALLILI,0.814273521863899,LLLYFLLITLLGILLALLILI_0,110011001100110000,1,-51.6744,-60.4104,-58.7545,-235.51,-230.309,-252.04,-353.223,4735.44,3954.49,3730.22,-14.1671,3471.89,-80.2058,3409.39,-42.4289,-59.9573,52.9614,-37.4367,8.54465,2.64338,1.9378,3341.42,-62.6538,43.9976,-40.9419,3118.67,6.5,1.83774,0.997703,0,LLLYFLLITLLGILLALLILI,0.2383378923440813,0.0011674905817322,D,15,-97.99294939128713,,-97.31481025082184,,-97.99472948831902,,-37.7769,7.080100000000002,16.53,780.9499999999998,-0.048373007234778165,0.009066009347589478,0.021166527946731552,-0.018140854087969786
YALLISLLGILLTLL,Mutant,,clash,,LLLYALLASLLGILLTLLILI,0.0834513827779055,LLLYALLISLLGILLTLLILI_0,110011001100110000,1,-72.2427,-74.7283,-74.119,-228.174,-227.178,-249.268,-377.427,4635.54,3945.38,3713.41,-14.1339,747.12,-91.1439,671.6,-54.0402,-67.8092,66.1202,-46.8981,7.81482,5.59761,5.08941,694.003,-63.07,66.418,-42.249,369.693,7.1117,4.92693,4.4232,0,LLLYALLISLLGILLTLLILI,0.1653400283764076,0.0010939551238988,D,15,-85.49329292562308,-87.97555549096082,-83.70388781773508,-86.49233794795306,-86.95008912223992,-89.18307729018008,-37.1037,1.8763000000000005,21.093999999999994,690.1599999999999,-0.05376101193926048,0.0027186449518952142,0.030563927205285727,-0.020479164251767712
GLLLGLLLGTLLLFL,Mutant,,clash,,LLLGLLLGLLLGTLLGFLILI,0.4181008982389336,LLLGLLLGLLLGTLLLFLILI_1,110011001100110000,1,-58.6416,-44.889,-58.6416,-224.521,-224.368,-239.844,-357.807,4558.17,3691.81,3407.15,-14.1214,197740.0,-88.7658,197651.0,-59.3212,-74.3274,72.5755,-46.4024,7.80162,7.44681,7.03544,189521.0,-81.7407,58.0906,-35.0,197419.0,6.5862,6.60334,5.9747,1,LLLGLLLGLLLGTLLLFLILI,0.7476620770936648,0.0010529393288659,D,16,30.17757217416189,17.968224854864943,1.938512394564175,-7.622295064439307,14.227274540880137,3.5139047574858737,-29.4446,0.0,15.323000000000008,866.3600000000001,-0.03398656447666097,0.0,0.017686642965972582,-0.016299690659771916
YILLALLLGVLLITL,Mutant,,clash,,LLLYILLALLLGVLLSTLILI,0.2948840399382686,LLLYILLALLLGVLLITLILI_2,110011001100110000,1,-58.8306,-58.8306,-58.8306,-238.699,-232.705,-248.71,-366.25,4643.64,4041.61,3627.67,-14.0731,328.41,-82.7936,253.695,-58.7098,-76.463,60.5285,-47.4448,9.05659,6.14081,5.54873,245.867,-71.421,52.627,-43.8508,-56.3507,7.5,4.3178,3.60721,2,LLLYILLALLLGVLLITLILI,0.0931436976600957,0.0007786864221896,D,15,-14.073522796664385,-31.2565849008848,-24.99724482347732,-39.99584644351207,-20.762581838979628,-36.608005991734736,-24.083799999999997,0.0,10.010999999999996,602.0300000000002,-0.04000431872165837,0.0,0.016628739431589774,-0.0233760776041061
TLLLGLLLIVLLAIL,Mutant,,clash,,LLLTLLLGLLLGVLLAILILI,0.7119363877166647,LLLTLLLGLLLIVLLAILILI_0,110011001100110000,1,-44.9259,-49.5121,-44.9259,-242.173,-229.349,-243.975,-373.982,4606.84,4008.47,3622.07,-14.0243,357234.0,-100.908,357139.0,-85.0808,-88.5154,68.1791,-36.6354,10.2145,8.9815,8.50418,293419.0,-95.5773,36.118,-40.2012,356860.0,6.9567,5.71253,4.7543,0,LLLTLLLGLLLIVLLAILILI,0.4082176009901733,0.0008557764957495,D,15,-41.01721465081349,-52.41209043547833,-38.98565245429055,-50.77300544634991,-42.14164593160001,-53.31929299949433,-15.827200000000005,0.0,1.8019999999999925,598.3700000000003,-0.026450523923325024,0.0,0.003011514614703263,-0.02343750522252117
TYLLAVLLGLLLLFL,Mutant,,clash,,LLLTYLLAVLLGLLLGFLILI,0.6395562391283289,LLLTYLLAVLLGLLLLFLILI_0,110011001100110000,1,-59.3798,-55.5661,-44.9499,-235.753,-234.936,-253.756,-354.86,4680.12,3941.35,3669.35,-13.9662,1303.03,-73.6936,1238.67,-56.1538,-62.9602,66.6412,-47.4948,7.81847,4.94059,4.44021,1265.3,-65.7313,50.1254,-42.5945,948.17,6.5,3.12662,2.3785,0,LLLTYLLAVLLGLLLLFLILI,0.2031976616410902,0.0005727075054412,D,17,-80.23140282111137,-82.55889778490918,-75.19883570341338,-78.11884992972746,-78.68783019821997,-81.19706074363367,-17.539800000000007,-14.429900000000004,18.003000000000014,738.77,-0.02374189531247886,-0.019532330766002956,0.02436888341432383,-0.018904665863529922
TALLGILLGLLLLFL,Mutant,,clash,,LLLTALLGILLGLLLGFLILI,0.9016847079024471,LLLTALLGILLGLLLLFLILI_1,110011001100110000,1,-44.9667,-46.7399,-44.9667,-235.992,-225.391,-246.254,-357.636,4575.17,3875.11,3434.32,-13.9384,59270.6,-90.6161,59185.1,-66.4157,-75.1035,77.5486,-46.9488,8.42463,8.23459,7.89782,57700.0,-80.1891,50.0903,-39.6088,58927.2,6.6695,5.29055,4.5419,1,LLLTALLGILLGLLLLFLILI,0.2021606123501473,0.0003474170353504,D,17,-27.59251068447966,-29.579313660069825,-31.84626456965406,-33.716347977194225,-25.25265376268419,-27.3036605207646,-24.200400000000002,0.0,10.262,700.06,-0.03456903693969089,0.0,0.014658743536268322,-0.019910293403422565
TALLALLLGVLLIFL,Mutant,,clash,,LLLTALLALLLGVLLSFLILI,0.4914440198384792,LLLTALLALLLGVLLIFLILI_2,110011001100110000,1,-45.0105,-45.0105,-45.0105,-229.069,-228.793,-246.09,-351.873,4620.18,3744.86,3601.17,-13.9363,-0.612982,-91.73,-78.6826,-60.7724,-70.3223,70.91,-45.3353,7.81724,6.62119,6.18484,-0.910496,-67.4512,65.6275,-43.9752,-352.361,7.4846,5.47739,4.9618,2,LLLTALLALLLGVLLIFLILI,0.2992810441394465,0.0006413049327453,D,15,-41.21034398572214,-49.56945272539699,-37.75246930092606,-46.60324192261714,-42.41650328367666,-50.604112181159486,-30.957600000000006,0.0,17.021000000000015,875.3200000000002,-0.03536718000274185,0.0,0.01944545994607688,-0.015921377324864046
TYLLVALLGLLLLFL,Mutant,,clash,,LLLTYLLVALLGLLLGFLILI,0.153580804260779,LLLTYLLVALLGLLLLFLILI_0,110011001100110000,1,-61.2253,-66.585,-44.9435,-232.187,-230.036,-253.034,-353.73,4672.4,3871.04,3695.38,-13.929,1126.97,-74.2463,1069.87,-55.7524,-55.5154,54.0425,-44.729,8.73385,2.12304,1.43367,1046.37,-47.3212,57.8921,-45.0,773.244,7.3456,1.41362,0.782002,0,LLLTYLLVALLGLLLLFLILI,0.2120314574529738,0.0007331082438804,D,17,-67.04465262152137,-70.55339172464072,-61.15914031690568,-65.29450692687332,-65.40400284162514,-69.08742109381048,-18.493900000000004,-16.281799999999997,20.84699999999998,801.3599999999997,-0.02307814215833085,-0.020317709893181594,0.026014525306978124,-0.01738170110811621
GLLLGFLLGVLLITL,Mutant,,clash,,LLLGLLLGFLLGVLLGTLILI,-0.0449155462862154,LLLGLLLGFLLGVLLITLILI_1,110011001100110000,1,-58.7181,-58.7181,-58.7181,-229.304,-223.312,-237.61,-348.912,4476.49,3748.44,3353.59,-13.8467,8116490.0,-74.7357,8116430.0,-52.583,-84.1703,73.9575,-45.7016,8.07562,9.1098,8.71916,3275890.0,-81.7407,58.0906,-35.0,8116080.0,6.5862,6.60334,5.9747,1,LLLGLLLGFLLGVLLITLILI,1.1690749156293616,0.001034647859825,D,14,-88.88442549980446,-90.75353449046284,-81.76620396677635,-84.83225800644205,-82.68610937688585,-85.59747924142766,-22.152699999999996,0.0,8.306000000000012,728.0499999999997,-0.030427443170111947,0.0,0.011408557104594486,-0.019018886065517486
YALLAFLLILLLGTL,Mutant,,clash,,LLLYALLAFLLGLLLGTLILI,1.0676978284145209,LLLYALLAFLLILLLGTLILI_1,110011001100110000,1,-58.7014,-58.7014,-58.7014,-247.587,-238.012,-248.303,-346.986,4691.8,4303.26,3593.74,-13.841,31775.4,-54.5391,31725.2,-39.9818,-72.1883,50.2599,-41.2707,11.0324,4.11333,3.36722,25334.4,-66.7471,49.0629,-35.0,31574.4,7.0844,3.13556,2.3715,1,LLLYALLAFLLILLLGTLILI,0.0847797457147705,0.0009660646801002,D,15,-26.88059983047757,-37.87116930559034,-29.484481544165515,-40.08366182827133,-21.857053994411626,-33.602712124446235,-14.557299999999998,0.0,0.7160000000000082,388.53999999999996,-0.03746667009831677,0.0,0.0018427961085087977,-0.035623101868533485
YALLALLLGVLLLTL,Mutant,,clash,,LLLYALLALLLGVLLSTLILI,0.0454116783588394,LLLYALLALLLGVLLLTLILI_2,110011001100110000,1,-58.8427,-63.5312,-58.8427,-233.502,-224.682,-245.876,-361.647,4673.7,3808.41,3659.09,-13.7595,3655.1,-83.0613,3581.66,-56.9276,-76.1835,62.6717,-47.1934,7.68218,6.3882,5.82828,2349.3,-72.2819,58.8241,-37.2216,3293.45,7.0527,5.28354,4.6659,2,LLLYALLALLLGVLLLTLILI,0.2393485374383324,0.0016910139544706,D,17,-7.770975408520699,-19.06233435983673,-12.380813466280348,-23.107801966448715,-21.733563465646967,-31.315519174971683,-26.133700000000005,0.0,12.373999999999995,865.29,-0.03020224433426944,0.0,0.014300407955714264,-0.015901605242173145
AYLLGVLLGTLLILL,Mutant,,clash,,LLLAYLLGVLLGTLLGLLILI,0.6092633186905724,LLLAYLLGVLLGTLLILLILI_1,110011001100110000,1,-64.4713,-59.5249,-58.7364,-225.145,-225.193,-242.971,-357.462,4561.65,3777.8,3457.9,-13.7051,137772.0,-81.5515,137699.0,-55.7546,-75.965,54.0056,-52.9063,7.93685,5.18552,4.4956,121681.0,-78.2582,48.5511,-37.611,117751.0,7.3268,4.79313,4.0214,1,LLLAYLLGVLLGTLLILLILI,0.5558232494176693,0.0017699836101516,D,14,-93.9174168921355,-93.67377010727876,-91.38749868160588,-91.0425123133822,-93.46708441742535,-93.20539890500272,-25.7969,-5.734899999999996,17.825999999999993,783.8499999999995,-0.0329105058365759,-0.0073163232761370165,0.02274159596861645,-0.017484340116093653
AYLLILLLGTLLAFL,Mutant,,clash,7.0,LLLAYLLGLLLGTLLAFLILI,0.6642044684603153,LLLAYLLILLLGTLLAFLILI_0,110011001100110000,1,-58.7534,-67.529,-58.7534,-230.188,-224.972,-245.158,-348.639,4636.1,3939.09,3579.91,-13.6716,318298.0,-73.3697,318242.0,-44.7281,-69.7372,48.1549,-50.1952,7.96964,3.46148,2.68381,265420.0,-65.2452,51.3028,-41.1052,317950.0,6.5503,3.21266,2.4822,0,LLLAYLLILLLGTLLAFLILI,0.3817961661104078,0.0005753507057814,D,14,-98.2028684668664,-98.50356606671032,-97.66792435696044,-98.0581292671674,-98.27007093085676,-98.55952415640036,-28.641599999999997,0.0,14.969999999999999,697.0100000000002,-0.04109209337025292,0.0,0.02147745369506893,-0.019614639675183995
VFLLATLLGILLILL,Mutant,,clash,,LLLVFLLATLLGILLALLILI,0.2782826826753071,LLLVFLLATLLGILLILLILI_2,110011001100110000,1,-58.7317,-58.7317,-58.7317,-232.636,-231.043,-243.073,-360.946,4633.83,3747.23,3609.25,-13.621,833.7,-83.1995,762.528,-59.1413,-61.8094,61.8054,-43.2978,8.22273,4.11514,3.54222,709.146,-57.4619,46.8821,-41.5356,405.869,6.7733,1.44837,0.651602,2,LLLVFLLATLLGILLILLILI,0.1980689273846149,0.0015895068116629,D,15,-48.19329901502037,-50.29085052379294,-47.13119373870665,-49.27174780279447,-46.8958915996985,-49.04597258496273,-24.0582,0.0,10.437000000000012,886.5999999999999,-0.0271353485224453,0.0,0.01177193773967969,-0.01536318520189488
YTLLAVLLGLLLIFL,Mutant,,clash,,LLLYTLLAVLLGLLLGFLILI,0.2023806543316176,LLLYTLLAVLLGLLLIFLILI_1,110011001100110000,1,-44.9531,-63.098,-44.9531,-244.797,-234.792,-252.653,-347.189,4711.28,4031.94,3615.16,-13.6086,2780.5,-71.048,2731.2,-49.5831,-56.5764,70.3981,-34.6507,9.34405,4.49021,4.04618,2610.02,-60.0061,44.1752,-42.0349,2496.8,6.9704,1.46457,0.627198,1,LLLYTLLAVLLGLLLIFLILI,0.1368668083187582,0.000802102996772,D,15,-27.36622579539493,-38.07588418832357,-31.9000867096828,-41.9412392714771,-28.554461236569352,-39.08891744835425,-21.4649,0.0,7.8559999999999945,679.3399999999997,-0.03159669679394708,0.0,0.011564165219183322,-0.02003208996967646
AALLFLLLGLLLGTL,WT,LLLAALLFLLLLLLLGTLILI,clash,,,,LLLAALLFLLLGLLLGTLILI_0,110011001100110000,1,-66.5901,-63.3137,-58.7926,-217.372,-215.873,-236.055,-349.781,4568.88,3707.03,3592.29,-13.5776,-5.88781,-79.3965,-76.4815,-54.9333,-48.4945,56.6297,-42.6581,6.46139,1.41918,0.768623,-5.80739,-42.6543,63.6897,-38.1137,-355.669,6.7933,1.49625,0.951595,0,LLLAALLFLLLGLLLGTLILI,0.3717848984003452,0.0011463403740182,D,13,31.95782112130285,10.377773070394364,8.653414999813934,-9.115489462740555,21.436326174524723,1.5769367749146872,-24.4632,-7.7975000000000065,18.682999999999993,861.8499999999999,-0.028384521668503804,-0.00904739803910194,0.021677786157684044,-0.015754017520450195
ALLLGFLLIVLLGTL,Mutant,,clash,,LLLALLLGFLLGVLLGTLILI,0.7610409163727329,LLLALLLGFLLIVLLGTLILI_1,110011001100110000,1,-58.7392,-59.4749,-58.7392,-231.466,-216.796,-238.038,-351.157,4519.11,3981.16,3336.79,-13.5111,12366500.0,-74.4629,12366500.0,-54.3791,-80.6071,63.6724,-46.5213,10.1402,7.18683,6.64191,12292500.0,-83.578,48.738,-35.1079,12483500.0,6.9512,5.61633,4.8474,1,LLLALLLGFLLIVLLGTLILI,0.3142881893339059,0.0009539909259737,D,14,-18.15359838140865,-25.39933988757646,-12.975426111831997,-20.67958358984184,-2.518753253830823,-11.148624593968806,-20.083800000000004,0.0,6.572000000000003,537.9499999999998,-0.037333952969606864,0.0,0.012216748768472915,-0.02511590296495958
AVLLGFLLLILLSLL,Mutant,,clash,,LLLAVLLGFLLGILLSLLILI,1.0240763014114198,LLLAVLLGFLLLILLSLLILI_2,110011001100110000,1,-60.3387,-54.4022,-60.3387,-235.804,-231.582,-242.653,-367.165,4570.34,4098.81,3618.94,-13.4826,53221.1,-84.5044,53140.0,-64.1728,-85.1903,71.6842,-42.9488,10.1396,8.9559,8.53117,47377.6,-78.8188,59.0852,-37.4413,52844.9,7.5,6.29932,5.6856,2,LLLAVLLGFLLLILLSLLILI,0.2110016936571032,0.0003911337280411,D,16,-37.86363286403379,-42.63232257548554,-33.63406726578829,-38.72735731810208,-41.911706133894725,-46.36972423316567,-20.33160000000001,0.0,6.8489999999999895,471.52999999999975,-0.04311835938328425,0.0,0.014525056730218635,-0.028593302653065568
LVLLATLLGGLLIIL,Mutant,,clash,15.0,LLLLVLLATLLGGLLSILILI,0.0407549834031319,LLLLVLLATLLGGLLIILILI_1,110011001100110000,1,-58.7102,-58.7102,-58.7102,-224.222,-214.738,-236.6,-364.239,4510.81,3869.82,3757.11,-13.395,58.3079,-94.7027,-32.4835,-68.9289,-48.7902,69.0422,-41.3459,7.70136,3.13924,2.67487,65.8665,-44.4117,60.8723,-41.0381,-288.678,6.9287,1.37952,0.792605,1,LLLLVLLATLLGGLLIILILI,0.2059065478590309,0.0014175443545389,D,14,-19.161046733878827,-32.51385575633671,-22.581791586393805,-35.3695691372068,-13.42909614173376,-27.72869676020744,-25.773799999999994,0.0,12.377999999999986,640.9900000000002,-0.0402093636406184,0.0,0.01931075367790446,-0.02089736189332126
GLLLGFLLGVLLLTL,Mutant,,clash,,LLLGLLLGFLLGVLLGTLILI,-0.0668271051649385,LLLGLLLGFLLGVLLLTLILI_2,110011001100110000,1,-58.7181,-58.7181,-58.7181,-230.944,-225.319,-237.624,-351.511,4510.69,3847.83,3385.67,-13.33,80513.7,-75.1797,80446.2,-55.169,-80.8312,81.851,-46.4202,8.57917,9.67456,9.40233,78623.2,-81.7407,58.0906,-35.0,80242.4,6.5862,6.60334,5.9747,2,LLLGLLLGFLLGVLLLTLILI,1.1909864745080847,0.000880857961204,D,16,-84.98900998685855,-88.2417528895296,-77.70595747329628,-82.53687059342334,-79.45761333351248,-83.90895880605254,-20.0107,0.0,6.680000000000007,662.8599999999997,-0.030188425911957292,0.0,0.010077542769212217,-0.02010982711281418
TLLLGILLILLLGFL,Mutant,,clash,,LLLTLLLGILLGLLLGFLILI,1.3430262689036518,LLLTLLLGILLILLLGFLILI_2,110011001100110000,1,-44.942,-44.942,-44.942,-240.668,-238.335,-247.033,-359.694,4630.17,4073.83,3461.28,-13.2947,7455460.0,-87.3789,7455380.0,-67.7187,-84.8022,56.902,-41.5568,10.6862,6.9021,6.25563,5805460.0,-88.5873,34.12,-39.5515,7477160.0,7.2522,4.3943,3.4061,2,LLLTLLLGILLILLLGFLILI,0.2417357242573569,0.0007475813850828,D,15,-39.11415005624819,-54.25019490389147,-41.22246149448606,-55.8343862631381,-37.48660439019706,-53.027252347030654,-19.660200000000003,0.0,6.364999999999981,556.3400000000001,-0.03533846209152676,0.0,0.011440845526117085,-0.023896717834417797
LFLLAVLLGILLITL,Mutant,,clash,,LLLLFLLAVLLGILLSTLILI,0.298735003048388,LLLLFLLAVLLGILLITLILI_0,110011001100110000,1,-58.8277,-62.5036,-58.8277,-226.585,-224.55,-243.222,-358.488,4642.2,3777.28,3651.35,-13.2943,49.3928,-86.3694,-22.0413,-56.4382,-56.6599,63.3156,-39.3058,7.30539,3.5466,2.99633,46.1045,-61.5797,48.2683,-39.5794,-309.095,6.5,2.25318,1.47721,0,LLLLFLLAVLLGILLITLILI,0.2051306513750329,0.0003514711037381,D,14,-45.704990939474655,-56.281336267607806,-42.60522215489329,-53.78538403394651,-45.49866333912956,-56.11520005851089,-29.931199999999997,0.0,16.637,864.9199999999996,-0.034605743883827415,0.0,0.019235304999306303,-0.015370554502150495
YVLLGILLILLLGFL,Mutant,,clash,,LLLYVLLGILLGLLLGFLILI,0.4288737908810593,LLLYVLLGILLILLLGFLILI_0,110011001100110000,1,-44.9581,-47.9365,-44.9581,-245.514,-229.694,-250.059,-343.007,4691.77,4188.41,3617.59,-13.284,7157900.0,-65.8187,7157840.0,-47.9899,-76.826,57.7169,-38.893,11.1007,5.81568,5.18144,7151810.0,-83.7055,31.7125,-44.5563,7157560.0,7.4442,3.33701,2.3127,0,LLLYVLLGILLILLLGFLILI,0.3387451773517682,0.0041374515473018,D,15,-72.17428246974814,-75.237496801645,-2.193548533654777,-12.960642807430778,85.84156247798215,65.38305904403646,-17.828800000000008,0.0,4.5449999999999875,503.3600000000006,-0.0354195804195804,0.0,0.00902932294977746,-0.02639065479974568
TLLLGLLLIVLLGIL,Mutant,,clash,,LLLTLLLGLLLGVLLGILILI,0.9151193905854302,LLLTLLLGLLLIVLLGILILI_2,110011001100110000,1,-44.9695,-47.0993,-44.9695,-240.922,-228.921,-244.508,-370.023,4589.98,4045.38,3507.1,-13.2491,768841.0,-97.3804,768747.0,-80.5448,-87.8542,61.0107,-35.4926,10.7565,7.91458,7.32974,646542.0,-85.5673,40.094,-37.7266,769407.0,7.033,4.74779,3.8492,2,LLLTLLLGLLLIVLLGILILI,0.3028713829127989,0.0006756309494764,D,15,-31.22835587661899,-40.09155062608497,-30.401699302180628,-39.37143241209395,-31.139801732367705,-40.01440921794572,-16.8356,0.0,3.5860000000000127,544.5999999999995,-0.030913698127065768,0.0,0.006584649283878106,-0.02432813073815647
AVLLGFLLGTLLILL,Mutant,,clash,,LLLAVLLGFLLGTLLGLLILI,0.3301519227062262,LLLAVLLGFLLGTLLILLILI_1,110011001100110000,1,-55.1696,-55.1696,-58.7162,-229.656,-221.858,-238.574,-349.694,4578.68,3754.37,3417.31,-13.2289,3901550.0,-78.0967,3901480.0,-52.4035,-78.4637,66.6177,-45.8106,9.08723,7.26295,6.76221,3230920.0,-77.6262,50.1878,-35.0,3901860.0,7.3742,4.91928,4.1721,1,LLLAVLLGFLLGTLLILLILI,0.9668932578751044,0.000979075340163,D,14,-76.98838008419084,-79.68559423408064,-69.29937913510177,-72.8978284972137,-72.74275619814135,-75.93760401582416,-25.693199999999997,3.546599999999998,8.918000000000006,824.3100000000004,-0.031169341631182425,0.004302507551770567,0.010818745374919633,-0.01604845264524268
TLLLGILLGVLLLAL,Mutant,,clash,,LLLTLLLGILLGVLLGALILI,0.3279726629635077,LLLTLLLGILLGVLLLALILI_1,110011001100110000,1,-46.9895,-53.5385,-44.8956,-225.887,-220.148,-241.269,-363.632,4549.1,3809.57,3546.34,-13.2064,5629290.0,-103.962,5629200.0,-77.4682,-83.7309,50.4532,-58.3963,7.51329,5.87082,5.12762,5548670.0,-90.0074,38.3333,-42.1317,5626670.0,6.7822,5.1761,4.2511,1,LLLTLLLGILLGVLLLALILI,0.8437173769791645,0.0023195874663462,D,17,-70.37911936756623,-74.68347400140998,-62.6380895498037,-68.06733098158838,-62.52772151378533,-67.97300106317896,-26.493800000000007,-2.093899999999998,15.382000000000005,739.5300000000002,-0.035825186266953336,-0.002831392911714193,0.02079969710491799,-0.017857828620880825
VFLLATLLGLLLLIL,Mutant,,clash,,LLLVFLLATLLGLLLSILILI,0.440918101977333,LLLVFLLATLLGLLLLILILI_0,110011001100110000,1,-58.7768,-60.2531,-58.7768,-233.719,-227.263,-243.258,-363.483,4665.51,3791.07,3635.11,-13.1856,5913.54,-84.1726,5837.57,-61.4473,-74.2356,60.9188,-49.8372,7.55145,5.85938,5.27316,3376.77,-78.5324,48.359,-40.7581,5550.05,7.3267,4.80832,4.0337,0,LLLVFLLATLLGLLLLILILI,0.2968160420134141,0.0009353204840972,D,17,-36.43707763824777,-47.17945416570299,-36.236662059156345,-47.0129095845546,-35.22049069628982,-46.16847506119655,-22.725300000000004,0.0,9.539000000000016,874.44,-0.025988404007136,0.0,0.010908695851058981,-0.015078907643749142
GYLLAALLIILLTLL,Mutant,,clash,,LLLGYLLAALLGILLTLLILI,0.5599863755911576,LLLGYLLAALLIILLTLLILI_0,110011001100110000,1,-62.4989,-63.1806,-58.7374,-231.332,-229.421,-248.071,-363.877,4582.19,3851.91,3618.33,-13.1711,27347.4,-83.2175,27276.2,-57.0688,-66.9554,61.3217,-38.8795,9.84842,4.82174,4.24157,24041.6,-63.8286,63.5081,-39.1011,26983.6,7.5,4.64788,4.1005,0,LLLGYLLAALLIILLTLLILI,0.2183955099976661,0.001550950822854,D,14,-91.84811841898838,-92.69544891245856,-89.23645131048235,-90.35524614722571,-91.60425102024853,-92.47692980677986,-26.148699999999998,-3.761499999999998,16.739000000000004,730.2799999999997,-0.03580640302349784,-0.0051507640904858406,0.022921345237443186,-0.018035684942761684
YVLLITLLGLLLGFL,Mutant,,clash,7.0,LLLYVLLATLLGLLLGFLILI,0.2648826841924463,LLLYVLLITLLGLLLGFLILI_0,110011001100110000,1,-58.7397,-59.9112,-58.7397,-243.888,-229.469,-249.083,-347.325,4663.05,4182.19,3672.84,-13.1344,390.277,-57.8325,332.332,-39.5026,-73.9941,61.5665,-41.81,8.90459,5.91058,5.33408,311.672,-65.984,55.7173,-41.1231,42.9515,6.918,3.91944,3.2552,0,LLLYVLLITLLGLLLGFLILI,0.139437637445306,0.0005044736107527,D,15,-75.06641924102193,-79.66056491291354,-70.20319066215512,-75.69341222234351,-75.60485753432783,-80.09979306954939,-18.329900000000002,0.0,5.194999999999993,480.8600000000006,-0.03811899513371871,0.0,0.010803560287817633,-0.027314395042215996
ALLLGTLLIYLLGFL,Mutant,,clash,,LLLALLLGTLLGYLLGFLILI,1.0465407671742093,LLLALLLGTLLIYLLGFLILI_0,110011001100110000,1,-58.7311,-62.2134,-58.7311,-236.544,-220.139,-243.264,-344.053,4605.38,3924.1,3514.77,-13.119,18157.7,-61.8963,18096.0,-42.0576,-81.3742,69.3033,-39.5794,9.60445,8.06207,7.60162,8782.41,-77.9303,55.657,-35.0,17813.7,7.3057,5.70324,5.0381,0,LLLALLLGTLLIYLLGFLILI,0.3266647038096219,0.0008161335093216,D,14,-28.06767076183601,-39.45184933792015,-11.032860142797729,-25.1130076684598,12.672125342665735,-5.159628599306046,-19.838699999999996,0.0,6.719999999999999,681.2800000000002,-0.029119745185533098,0.0,0.009863785814936585,-0.019256399718177542
AYLLGLLLGTLLLFL,Mutant,,clash,,LLLAYLLGLLLGTLLAFLILI,0.6453254642948265,LLLAYLLGLLLGTLLLFLILI_0,110011001100110000,1,-67.7792,-59.2213,-58.7534,-226.125,-224.429,-245.741,-349.437,4641.96,3789.44,3504.08,-13.1028,6900.5,-68.6349,6834.72,-44.9424,-57.7732,61.7057,-47.9951,7.2494,3.49625,2.92184,5976.81,-65.2452,51.3028,-41.1052,6551.07,6.5503,3.21266,2.4822,0,LLLAYLLGLLLGTLLLFLILI,0.4006751702758966,0.0010000268379505,D,16,-91.6148483344243,-91.67954818780905,-89.11512650534682,-89.19911421926105,-92.87928602359814,-92.93422947228484,-23.692500000000003,-9.025800000000004,19.616000000000014,852.52,-0.02779113686482429,-0.010587200300286216,0.02300943086379207,-0.015369492797822926
YLLLFALLGTLLTLL,Mutant,,clash,,LLLYGLLFALLGTLLTLLILI,0.2342860902449852,LLLYLLLFALLGTLLTLLILI_0,110011001100110000,1,-73.1674,-76.9579,-72.5003,-232.406,-226.253,-250.295,-362.594,4666.37,3928.37,3726.87,-13.0952,2031.44,-70.1153,1972.05,-39.7982,-70.1868,49.8514,-48.6987,7.64892,3.75796,3.00573,1977.35,-63.047,55.8436,-42.2554,1668.84,7.2934,3.49594,2.83359,0,LLLYLLLFALLGTLLTLLILI,0.1335944566580154,0.0013150570064355,D,17,-4.461874355335105,-27.08084231742268,-15.969639954026748,-35.86410626155883,-16.80541854997503,-36.50201150425059,-30.317100000000003,-0.6671000000000049,17.88899999999998,738.0,-0.04108008130081301,-0.0009039295392953996,0.02423983739837396,-0.01774417344173442
YVLLATLLILLLGFL,Mutant,,clash,11.0,LLLYVLLATLLGLLLGFLILI,0.3204437471260928,LLLYVLLATLLILLLGFLILI_2,110011001100110000,1,-58.7397,-62.5912,-58.7397,-243.801,-232.091,-250.342,-351.066,4690.37,4146.78,3675.19,-13.0903,308235.0,-61.615,308179.0,-41.9833,-67.4755,72.1715,-33.1933,9.56597,6.36448,5.94705,306911.0,-65.984,55.7173,-41.1231,307884.0,6.918,3.91944,3.2552,2,LLLYVLLATLLILLLGFLILI,0.0838765745116595,0.0013192234893667,D,15,-7.782346317843994,-29.61008091737949,-20.33892100950507,-39.19453943708188,-6.458391897399866,-28.59950386620721,-19.631700000000002,0.0,6.541000000000025,543.5900000000001,-0.03611490277598925,0.0,0.012032966022185882,-0.024081200905093903
LYLLAFLLGLLLGTL,Mutant,,clash,,LLLGYLLAFLLGLLLGTLILI,0.5856880450163582,LLLLYLLAFLLGLLLGTLILI_0,110011001100110000,1,-64.5114,-62.2599,-58.7749,-213.729,-211.417,-240.47,-342.505,4653.26,3498.6,3508.8,-13.0605,-8.77605,-77.3252,-77.6047,-43.2601,-62.2222,50.6925,-37.0761,7.17831,2.67681,1.9372,-8.32707,-61.4169,47.8691,-36.8365,-351.281,7.2814,2.17486,1.3929,0,LLLLYLLAFLLGLLLGTLILI,0.8540644888885109,0.0013547199821161,D,16,-87.34445495450922,-90.5688507187014,-81.75518280246699,-86.40362039079092,-85.15299637643501,-88.93573472730722,-34.065099999999994,-5.736499999999992,26.740999999999985,1154.6600000000003,-0.0295022777267767,-0.004968129146242176,0.023159198378743508,-0.011311121888694504
ALLLGILLIVLLGTL,Mutant,,clash,,LLLALLLGILLGVLLGTLILI,0.8000832900339587,LLLALLLGILLIVLLGTLILI_1,110011001100110000,1,-58.7478,-58.7478,-58.7478,-231.513,-228.181,-237.082,-365.168,4517.43,3924.97,3566.08,-13.0519,827184.0,-87.96,827105.0,-69.3383,-88.1349,56.2177,-42.357,9.84646,7.30962,6.65289,676301.0,-86.55,35.742,-43.5248,838058.0,6.8226,4.30767,3.3438,1,LLLALLLGILLIVLLGTLILI,0.3185820367490058,0.000941303430996,D,14,-18.02078434178591,-25.771638287542736,-10.702443330097411,-19.14522134284373,2.957926938653677,-6.776392276919939,-18.62169999999999,0.0,5.568999999999988,592.4600000000005,-0.0314311514701414,0.0,0.009399790703169807,-0.02203001046484149
AFLLGLLLITLLGIL,Mutant,,clash,,LLLAFLLGLLLGTLLGILILI,1.4796414528350337,LLLAFLLGLLLITLLGILILI_0,110011001100110000,1,-58.7594,-62.9897,-58.7594,-238.054,-220.513,-240.472,-352.61,4588.47,4018.86,3535.83,-13.0443,190283.0,-68.841,190213.0,-53.379,-86.3875,62.8511,-36.9551,10.6415,7.94302,7.38579,122961.0,-87.7841,38.6606,-35.7467,189930.0,7.5,4.88679,3.9667,0,LLLAFLLGLLLITLLGILILI,0.1087007604121135,0.0011654018902588,D,14,-25.32442600706529,-29.064913883882472,-23.600563178244617,-27.42739907580964,-20.985063066217663,-24.942908957248243,-15.461999999999996,0.0,2.4180000000000064,569.6100000000001,-0.02714488860799493,0.0,0.004245009743508727,-0.022900405540633058
FYLLIVLLGILLALL,Mutant,,clash,,LLLFYLLGVLLGILLALLILI,0.7054374348573138,LLLFYLLIVLLGILLALLILI_2,110011001100110000,1,-44.9467,-48.1315,-44.9467,-231.359,-225.097,-246.489,-342.541,4686.36,3892.95,3666.48,-13.0433,1825.98,-79.2786,1756.67,-51.1054,-56.6868,50.7417,-51.3987,7.93376,1.85315,1.11428,1642.62,-62.6538,43.9976,-40.9419,1469.41,6.5,1.83774,0.997703,2,LLLFYLLIVLLGILLALLILI,0.1303489532879049,0.0010367231546649,D,14,-98.37787973361912,,-97.84720222293542,,-98.4744628225263,,-28.173199999999994,0.0,15.129999999999995,793.4099999999999,-0.03550900543224814,0.0,0.01906958571230511,-0.016439545758183037
AVLLGFLLGILLILL,Mutant,,clash,,LLLAVLLGFLLGILLSLLILI,0.1674069655501993,LLLAVLLGFLLGILLILLILI_2,110011001100110000,1,-45.0403,-45.0403,-45.0403,-231.209,-225.792,-239.422,-345.306,4551.31,3918.73,3531.68,-13.0028,1047.81,-82.0592,973.338,-60.8434,-88.7756,65.218,-38.5288,9.3467,8.62076,8.09903,1007.02,-78.8188,59.0852,-37.4413,663.336,7.5,6.29932,5.6856,2,LLLAVLLGFLLGILLILLILI,1.0676710295183236,0.0007050805331573,D,14,-85.19738065989128,-87.73247183714038,-79.66049945760345,-83.14383488560914,-83.96517875315398,-86.7112963785328,-21.2158,0.0,8.212999999999994,632.5800000000004,-0.03353852477157038,0.0,0.01298333807581648,-0.020555186695753885
AVLLFLLLGLLLGTL,WT,LLLAVLLFLLLILLLGTLILI,clash,,,,LLLAVLLFLLLGLLLGTLILI_1,110011001100110000,1,-66.5726,-64.8376,-58.8,-217.598,-214.324,-238.293,-354.133,4573.0,3702.17,3568.03,-12.951,-7.25948,-82.913,-82.2309,-57.0396,-48.0453,58.658,-46.027,6.76072,1.62564,1.00551,-8.50595,-44.8097,61.6429,-42.2922,-362.705,6.8515,1.54325,0.967894,1,LLLAVLLFLLLGLLLGTLILI,0.064523598882914,0.0024585886012583,D,13,-18.77821111969969,-14.377030446163902,2.830694827914861,8.402801438246424,-5.764661062893783,-0.6583126530438692,-25.873399999999997,-7.772599999999997,20.694999999999993,870.8299999999999,-0.029711195066775373,-0.008925507848833869,0.02376468426673403,-0.014872018648875213
SYLLGVLLGLLLLFL,Mutant,,clash,,LLLSYLLGVLLGLLLGFLILI,0.9663402419550976,LLLSYLLGVLLGLLLLFLILI_2,110011001100110000,1,-56.5158,-53.1231,-44.9273,-235.711,-231.793,-255.138,-353.359,4632.83,3846.28,3497.54,-12.9308,344370000.0,-74.0633,344370000.0,-53.2944,-79.9444,53.7631,-55.719,7.64829,5.74968,5.05612,198285.0,-79.84,40.4327,-45.0,141638.0,6.5,3.93441,3.0409,2,LLLSYLLGVLLGLLLLFLILI,0.1487585528709547,0.0008614040859456,D,17,-74.41868653350558,-74.69960457600325,-65.80729413590755,-66.18277712319122,-73.11964847910576,-73.41483174797072,-20.768899999999995,-11.588499999999996,19.426999999999992,786.5499999999997,-0.026405060072468376,-0.014733329095416694,0.024699001970631237,-0.016439895747250657
YFLLAVLLILLLGTL,Mutant,,clash,11.0,LLLYFLLAVLLGLLLGTLILI,0.2388175885800057,LLLYFLLAVLLILLLGTLILI_1,110011001100110000,1,-58.7556,-58.7556,-58.7556,-242.614,-236.934,-250.804,-348.944,4763.91,4198.72,3624.02,-12.9271,88798.4,-60.5015,88745.1,-39.3846,-70.8393,47.7768,-46.9259,9.93983,3.57576,2.79242,81395.9,-71.1719,34.5088,-41.0473,88411.7,6.9662,1.83447,0.852102,1,LLLYFLLAVLLILLLGTLILI,0.0304389132369248,0.0014859907362055,D,15,-36.17922458303926,-44.43260864068056,-38.27410973143552,-46.25658057040464,-32.2749049098055,-41.03320056616171,-21.1169,0.0,8.189999999999998,565.1899999999996,-0.03736247987402469,0.0,0.014490702241724029,-0.022872131495603264
TFLLGVLLIILLGLL,Mutant,,clash,,LLLTFLLGVLLGILLGLLILI,1.0511897556570862,LLLTFLLGVLLIILLGLLILI_1,110011001100110000,1,-44.9604,-45.7555,-44.9604,-241.603,-229.262,-246.715,-352.61,4653.84,4042.9,3522.34,-12.8977,924862.0,-78.9443,924785.0,-60.9348,-87.779,64.0843,-40.2381,10.4051,8.31822,7.77949,532012.0,-91.396,35.576,-35.8075,926616.0,7.4513,5.01216,4.0458,1,LLLTFLLGVLLIILLGLLILI,0.1293712535248823,0.0009819243501222,D,15,-62.911999152928765,-69.96179717106097,-56.55620970421161,-64.81413517154196,-64.93113104378861,-71.59712643903947,-18.009499999999996,0.0,5.111999999999995,610.94,-0.02947834484564768,0.0,0.008367433790552254,-0.021111238419484726
YTLLLVLLGILLALL,Mutant,,clash,,LLLYTLLAVLLGILLALLILI,-0.0593756351284879,LLLYTLLLVLLGILLALLILI_1,110011001100110000,1,-50.1425,-46.4014,-44.9984,-228.273,-234.297,-249.759,-362.399,4676.2,3854.3,3785.57,-12.8818,56.2636,-96.8655,-25.4367,-67.6418,-63.978,42.9523,-48.141,7.56616,1.89526,1.03954,48.8377,-66.3717,42.953,-43.9626,-55.5207,7.3394,2.25441,1.39871,1,LLLYTLLLVLLGILLALLILI,0.3741809775842661,0.0005546982962727,D,17,-97.6400736128059,-97.51500146824222,-96.91829420047988,-96.754968956374,-98.09212714922188,-97.99101308469152,-29.223699999999994,-5.144100000000002,21.48599999999999,821.8999999999996,-0.03555627205256115,-0.006258790607129826,0.026141866407105488,-0.01567319625258548
YFLLATLLIVLLGLL,Mutant,,clash,11.0,LLLYFLLATLLGVLLGLLILI,0.3129203996355512,LLLYFLLATLLIVLLGLLILI_0,110011001100110000,1,-58.7069,-60.938,-58.7069,-238.648,-228.892,-250.785,-348.955,4763.4,4115.99,3552.11,-12.844,81377.8,-64.4443,81318.7,-39.463,-69.4255,48.914,-48.8253,9.61718,3.51722,2.75093,52388.3,-72.6874,32.4259,-40.8381,81028.8,7.0033,1.78061,0.766999,0,LLLYFLLATLLIVLLGLLILI,0.0440718990947102,0.0010177854969184,D,15,-30.938565962552826,-41.01368029063632,-30.6917918610776,-40.80290713991205,-34.68925788763465,-44.21719779802319,-24.981299999999997,0.0,12.137,647.4099999999999,-0.03858652167868894,0.0,0.018747007306034822,-0.01983905098778209
TVLLAILLGLLLLFL,Mutant,,clash,,LLLTVLLAILLGLLLGFLILI,0.2576362743006385,LLLTVLLAILLGLLLLFLILI_2,110011001100110000,1,-44.91,-51.8201,-44.91,-238.277,-231.43,-246.057,-361.973,4583.35,3929.08,3605.4,-12.8314,103418.0,-91.617,103339.0,-71.006,-62.708,65.6729,-41.3022,8.76347,4.77205,4.25714,16729.4,-63.1541,43.7872,-41.476,16770.4,6.5,1.88439,1.0412,2,LLLTVLLAILLGLLLLFLILI,0.2366656949937416,0.0001939296313418,D,17,-28.608411794914247,-37.97052021569682,-28.37585337961436,-37.768458910111725,-23.342825435822125,-33.395449246894096,-20.611000000000004,0.0,7.780000000000001,654.2700000000004,-0.03150228498937746,0.0,0.01189111528879514,-0.019611781068977627
AFLLGVLLGTLLILL,Mutant,,clash,,LLLAFLLGVLLGTLLGLLILI,1.0632360314802207,LLLAFLLGVLLGTLLILLILI_0,110011001100110000,1,-58.6941,-62.651,-58.6941,-237.671,-226.452,-239.033,-350.237,4581.98,3931.85,3441.3,-12.8229,459207.0,-66.6938,459146.0,-52.5098,-108.864,36.2798,-37.5694,9.66954,7.72733,6.77153,283543.0,-97.484,35.8407,-36.8474,458857.0,6.7321,5.96109,4.9987,0,LLLAFLLGVLLGTLLILLILI,1.1972278638403744,0.0025049698617102,D,14,-93.08421920011082,-94.08537404807576,-88.74243793818921,-90.37212562791883,-89.22774653474102,-90.78717909807848,-14.183999999999997,0.0,1.3619999999999948,650.1299999999997,-0.021817175026533162,0.0,0.0020949656222601564,-0.019723593742789914
ALLLGTLLILLLGFL,Mutant,,clash,,LLLALLLGTLLGLLLGFLILI,1.0160540147428734,LLLALLLGTLLILLLGFLILI_0,110011001100110000,1,-58.6905,-56.9967,-58.6905,-234.294,-219.355,-240.373,-357.25,4573.24,3942.66,3375.19,-12.7465,16337400.0,-77.0112,16337300.0,-58.1857,-67.8347,61.0363,-44.8086,9.65551,4.9151,4.33065,16037400.0,-63.8279,50.3554,-37.6016,16337100.0,6.5149,2.87217,2.1275,0,LLLALLLGTLLILLLGFLILI,0.2413559609981249,0.0008046921996476,D,14,16.654710794847478,-2.3321866846434216,-0.1156893182580319,-16.373011065504766,29.11139115400956,8.09702550540084,-18.825500000000005,0.0,6.078999999999979,630.5799999999999,-0.029854261156395712,0.0,0.00964033112372733,-0.02021393003266834
YALLALLLLVLLSTL,Mutant,,clash,,LLLYALLALLLGVLLSTLILI,0.1199112131556247,LLLYALLALLLLVLLSTLILI_2,110011001100110000,1,-74.1828,-69.6174,-74.1828,-246.23,-227.877,-249.139,-380.931,4669.46,4186.14,3691.86,-12.6711,80033.9,-73.1893,79950.4,-57.6088,-82.8791,69.2742,-44.7379,9.53987,8.28389,7.82301,66761.1,-72.2819,58.8241,-37.2216,79652.9,7.0527,5.28354,4.6659,2,LLLYALLALLLLVLLSTLILI,0.1648490026415471,0.0003763972889305,D,17,-11.354368514294324,-23.08902637845786,-16.125796446011577,-27.22882618181952,-14.383551054144148,-25.717214305065315,-15.5805,0.0,2.9090000000000202,483.3199999999997,-0.032236406521559235,0.0,0.006018786725151084,-0.0262167921873707
YFLLATLLGILLILL,Mutant,,clash,15.0,LLLYFLLATLLGILLALLILI,0.355505453473421,LLLYFLLATLLGILLILLILI_2,110011001100110000,1,-58.7389,-66.7411,-58.7389,-240.2,-232.303,-252.194,-353.627,4736.5,4090.43,3683.23,-12.5563,865.376,-67.2447,810.794,-42.6943,-69.8008,57.0832,-50.6461,7.99323,4.67635,4.0326,822.262,-65.7313,50.1254,-42.5945,511.749,6.5,3.12662,2.3785,2,LLLYFLLATLLGILLILLILI,0.0461296266908661,0.001210954011369,D,15,-49.32141666861012,-58.652639065859326,-46.90887257687086,-56.68430599943586,-50.11981633036656,-59.30403294497536,-24.550399999999996,0.0,11.994,646.0700000000002,-0.03799959756682711,0.0,0.018564551828749203,-0.019434890956088344
LFLLATLLGVLLIIL,Mutant,,clash,,LLLLFLLATLLGVLLAILILI,0.3724834351844027,LLLLFLLATLLGVLLIILILI_1,110011001100110000,1,-58.7606,-58.7606,-58.7606,-226.81,-229.589,-239.166,-356.356,4610.02,3764.99,3584.24,-12.5509,1749.97,-83.3356,1681.97,-58.4285,-64.7226,56.5175,-43.1776,8.19024,3.83826,3.18603,767.452,-60.6662,45.6178,-42.1957,235.915,6.5,1.75833,0.942597,1,LLLLFLLATLLGVLLIILILI,0.1931791635614365,0.0018157293002537,D,14,-56.2733706638556,-61.79703391150346,-53.51005328278745,-59.38278607663919,-51.69304995387,-57.79531140477051,-24.9071,0.0,12.355999999999995,845.0300000000007,-0.02947481154515222,0.0,0.014621966084044336,-0.014852608783120115
AVLLFSLLLTLLGYL,Mutant,,clash,,LLLAVLLFSLLGTLLGYLILI,0.1951951302072514,LLLAVLLFSLLLTLLGYLILI_2,110011001100110000,1,-69.9624,-49.4922,-74.0982,-238.152,-228.741,-244.573,-359.441,4605.23,3925.95,3708.45,-12.5109,368360.0,-63.8385,368279.0,-40.7697,-43.6288,85.1534,-35.9129,8.95524,4.54002,4.31732,320210.0,-52.2786,59.5607,-37.5707,367973.0,6.5337,2.38249,1.7759,2,LLLAVLLFSLLLTLLGYLILI,0.2072778126724029,0.0007132824327535,D,16,92.39132007012716,64.01959191090158,22.120491715969724,4.111522328091245,61.1030495714037,37.345366915054925,-23.068800000000003,4.135800000000003,6.421000000000021,679.2799999999997,-0.033960664232717014,0.00608850547638677,0.009452655753150428,-0.018417883641502774
AYLLIFLLGTLLGLL,Mutant,,clash,,LLLAYLLGFLLGTLLGLLILI,0.5489906083115375,LLLAYLLIFLLGTLLGLLILI_0,110011001100110000,1,-58.6623,-58.6623,-58.6623,-230.138,-224.063,-243.473,-344.325,4612.68,3960.36,3578.79,-12.506,9072.92,-68.0306,9011.32,-42.1894,-80.8501,42.1718,-50.1272,8.52801,4.3207,3.45328,8480.85,-91.134,25.7473,-37.6199,8728.59,7.3707,3.64599,2.5322,0,LLLAYLLIFLLGTLLGLLILI,0.6474212837389837,0.0011386753499302,D,14,-98.06717211262202,-98.11212720723802,-97.28317554693834,-97.34636539490154,-98.10596832206872,-98.15002106667323,-25.841200000000008,0.0,13.335000000000008,652.3200000000002,-0.03961429973019377,0.0,0.02044242089771892,-0.019171572234486137
FYLLGVLLGILLLLL,Mutant,,clash,,LLLFYLLGVLLGILLALLILI,0.6499790172106039,LLLFYLLGVLLGILLLLLILI_0,110011001100110000,1,-48.7836,-56.784,-44.9467,-227.97,-226.183,-243.001,-341.53,4743.86,3684.49,3543.52,-12.473,6530.74,-77.2495,6472.18,-53.5824,-56.5383,50.2316,-48.1815,7.6517,1.76201,1.01548,4752.86,-62.6538,43.9976,-40.9419,6189.21,6.5,1.83774,0.997703,0,LLLFYLLGVLLGILLLLLILI,0.1858073709346149,0.0003628040775053,D,16,-84.0775978848103,-89.10907009924563,-81.58563827031163,-87.40456865023846,-85.33036337699436,-89.96596223516555,-23.667099999999998,-3.8369,15.031000000000006,1059.37,-0.022340730811708846,-0.0036218696017444336,0.014188621539216711,-0.011773978874236576
YALLALLLGTLLLFL,Mutant,,clash,,LLLYALLALLLGTLLGFLILI,-0.1188237580469296,LLLYALLALLLGTLLLFLILI_2,110011001100110000,1,-58.7298,-44.9742,-58.7298,-238.641,-235.392,-248.183,-350.867,4702.61,4136.26,3741.51,-12.4606,1359.91,-65.957,1289.41,-43.9544,-62.3555,70.3145,-43.9032,8.49364,5.34578,4.9005,1258.2,-63.0279,55.5114,-39.6932,1538.01,7.1542,3.44823,2.7809,2,LLLYALLALLLGTLLLFLILI,0.163347411790367,0.0009888324310723,D,17,-9.30266080214092,-22.2301204516567,-21.89703986716324,-33.02937158223543,-24.802888285306697,-35.521037638411144,-22.002599999999994,0.0,9.542000000000002,566.3499999999995,-0.038849827844972214,0.0,0.01684823872163858,-0.022001589123333647
FYLLLVLLGLLLATL,Mutant,,clash,,LLLFYLLGVLLGLLLATLILI,0.7131839757661254,LLLFYLLLVLLGLLLATLILI_0,110011001100110000,1,-58.7635,-65.1239,-58.7635,-236.795,-224.463,-245.781,-351.055,4675.1,3852.14,3682.42,-12.4571,29787.0,-67.954,29725.6,-46.5112,-73.2756,57.9201,-49.8345,9.0261,5.31056,4.67936,23240.4,-71.1945,47.5262,-42.4033,29436.0,7.5,3.59521,2.8081,0,LLLFYLLLVLLGLLLATLILI,0.3792498481599809,0.000316600974976,D,16,-76.91991559063032,-81.17815647815682,-73.07292516377979,-78.0409300035944,-77.1858564478293,-81.39503164687291,-21.44279999999999,0.0,8.986000000000018,822.9600000000005,-0.026055701370661974,0.0,0.010919121220958507,-0.015136944687469614
SYLLIILLGLLLAFL,Mutant,,clash,,LLLSYLLGILLGLLLAFLILI,0.9111418711784476,LLLSYLLIILLGLLLAFLILI_1,110011001100110000,1,-63.5828,-51.2371,-44.9254,-234.468,-234.979,-254.981,-354.962,4630.91,4015.08,3558.13,-12.421,412994.0,-69.3321,412925.0,-55.0557,-73.9247,52.0233,-41.6102,10.0136,4.61185,3.8922,256109.0,-79.2928,46.8705,-41.4445,412627.0,6.9265,4.72144,3.9245,1,LLLSYLLIILLGLLLAFLILI,0.4452576269720457,0.0010145325398948,D,14,-97.90987400668432,,-97.14796152280871,,-97.84655036303792,,-14.276399999999995,-18.657399999999996,20.513000000000005,615.8299999999999,-0.023182371758439825,-0.03029634801812188,0.03330951723689981,-0.02016952730461329
TYLLLILLGALLIFL,Mutant,,clash,,LLLTYLLLILLGALLGFLILI,0.309459125183272,LLLTYLLLILLGALLIFLILI_2,110011001100110000,1,-44.9624,-54.0695,-44.9624,-239.941,-235.752,-253.255,-353.143,4670.27,3836.82,3720.63,-12.3562,101589.0,-80.596,101525.0,-54.9257,-57.638,66.7923,-44.6725,8.64287,4.16266,3.66454,65594.7,-53.2783,54.8563,-43.0796,101236.0,6.5679,1.89735,1.2202,2,LLLTYLLLILLGALLIFLILI,0.0100390042478058,0.0012638105036452,D,15,-96.59692172548598,-95.976382221232,-95.3879240684742,-94.5469280403886,-96.60754998573064,-95.98894850781964,-25.670300000000005,0.0,13.313999999999993,833.4500000000003,-0.030800047993280937,0.0,0.015974563561101433,-0.014825364448977137
TFLLGLLLGVLLIIL,Mutant,,clash,,LLLTFLLGLLLGVLLAILILI,0.1936240792481423,LLLTFLLGLLLGVLLIILILI_0,110011001100110000,1,-46.1754,-52.4404,-44.9175,-229.269,-227.68,-246.949,-353.223,4616.96,3734.59,3491.07,-12.352,234.56,-90.131,161.457,-61.3573,-60.1294,58.7099,-48.0044,7.98496,3.44524,2.82589,213.307,-66.0595,53.2865,-42.9639,-118.663,7.0854,3.6026,2.9019,0,LLLTFLLGLLLGVLLIILILI,1.174500592673889,0.0005150840700327,D,15,-93.60337136194138,-95.86796903097414,-89.47253567865421,-93.19957260887388,-90.79659095333432,-94.05487275356708,-28.773699999999998,-1.2579000000000065,17.680000000000007,882.3699999999999,-0.032609562881784286,-0.0014255924385461955,0.020036945952378264,-0.01399866269252128
FTLLGALLLILLSLL,Mutant,,clash,,LLLFTLLGALLGILLSLLILI,0.5298994748068944,LLLFTLLGALLLILLSLLILI_2,110011001100110000,1,-68.6498,-65.0818,-60.2229,-233.664,-223.347,-241.224,-366.558,4669.06,3920.49,3659.89,-12.3385,74390.3,-76.5823,74312.2,-65.1105,-61.4784,91.6102,-43.0623,8.96877,8.08914,7.9633,32140.2,-63.5764,69.369,-39.6453,74023.8,7.1848,5.40127,4.9418,2,LLLFTLLGALLLILLSLLILI,0.1256416711970435,0.0009604178863723,D,16,-41.48013471066962,-51.76125930323595,-41.59856827812755,-51.85888574379848,-46.52559032537725,-55.92029869766343,-11.471800000000002,-8.426899999999996,7.560000000000002,748.5700000000006,-0.015324952910215467,-0.011257330643760756,0.010099255914610519,-0.016482760463283314
TALLALLLGVLLLFL,Mutant,,clash,,LLLTALLALLLGVLLSFLILI,0.4881054630772286,LLLTALLALLLGVLLLFLILI_1,110011001100110000,1,-45.0105,-45.0105,-45.0105,-233.663,-226.564,-246.131,-354.242,4644.52,3934.77,3629.78,-12.3325,84.348,-87.9005,1.68081,-63.1005,-73.0534,78.5248,-47.9916,8.31064,8.05885,7.73673,76.5896,-67.4512,65.6275,-43.9752,-273.052,7.4846,5.47739,4.9618,1,LLLTALLALLLGVLLLFLILI,0.3026196009006971,0.0001539215867996,D,17,-43.75982647340031,-55.04509375703436,-46.696394913927406,-57.39240441846947,-48.78778421116011,-59.06413129765789,-24.799999999999997,0.0,12.46799999999999,709.7500000000005,-0.034941880943994336,0.0,0.01756674885523069,-0.017375836562169768
YTLLGALLLILLSVL,Mutant,,clash,,LLLYTLLGALLGILLSVLILI,0.437507986302068,LLLYTLLGALLLILLSVLILI_2,110011001100110000,1,-68.6643,-64.153,-60.289,-237.751,-226.86,-250.187,-367.699,4686.87,4041.23,3726.24,-12.3123,31851.0,-73.5958,31774.3,-57.2231,-62.2532,91.6821,-43.7855,8.79708,8.21507,8.0903,18460.1,-64.0853,70.854,-39.869,31483.3,7.1308,5.67809,5.2409,2,LLLYTLLGALLLILLSVLILI,0.1613459384184385,0.00107320188105,D,17,-6.159077797228016,-15.107574254240966,-22.687958887269392,-30.06029187102681,-11.356995718262564,-19.8098283539022,-16.372699999999995,-8.375299999999996,12.436000000000007,645.6399999999999,-0.025358868719410194,-0.012972089709435594,0.019261507961092883,-0.019069915122978755
FYLLGVLLILLLATL,Mutant,,clash,,LLLFYLLGVLLGLLLATLILI,1.0335463729812024,LLLFYLLGVLLILLLATLILI_2,110011001100110000,1,-60.1005,-58.7635,-58.7635,-237.807,-232.301,-245.689,-346.296,4766.88,4049.11,3584.3,-12.2863,1338600.0,-60.6748,1338540.0,-41.8443,-67.4967,66.3563,-33.8996,11.116,5.58261,5.07795,1016550.0,-71.1945,47.5262,-42.4033,1339210.0,7.5,3.59521,2.8081,2,LLLFYLLGVLLILLLATLILI,0.0588874509449037,0.0011372182283343,D,14,-57.56749551102548,-66.36991317230114,-50.858312461005816,-61.05251767014044,-53.694265706468045,-63.30016614229157,-18.8305,-1.3369999999999962,7.882000000000005,717.77,-0.02623472700168578,-0.0018627136826559988,0.010981233542778334,-0.017117321704724357
IYLLAFLLGLLLGTL,Mutant,,clash,,LLLGYLLAFLLGLLLGTLILI,0.6454862239897283,LLLIYLLAFLLGLLLGTLILI_0,110011001100110000,1,-63.8413,-60.6085,-58.7749,-222.273,-209.892,-239.68,-340.219,4638.71,3456.91,3549.55,-12.2558,7.37435,-66.3604,-62.3437,-41.7636,-63.6577,56.6182,-35.7901,7.15383,3.6921,3.04137,6.31149,-61.4169,47.8691,-36.8365,-332.845,7.2814,2.17486,1.3929,0,LLLIYLLAFLLGLLLGTLILI,0.7942663099151408,0.0013985754860538,D,14,-51.010082785161245,-62.78690991053328,-46.28851424706578,-59.20037281553857,-38.66096437508841,-53.406431598960665,-24.5968,-5.0663999999999945,17.40700000000001,1181.8000000000002,-0.02081299712303266,-0.004287019800304615,0.014729226603486214,-0.010370451853105431
TYLLIVLLGFLLGLL,Mutant,,clash,,LLLTYLLAVLLGFLLGLLILI,0.7485598356924317,LLLTYLLIVLLGFLLGLLILI_2,110011001100110000,1,-44.9703,-46.0458,-44.9703,-233.256,-229.557,-250.571,-342.282,4685.29,3913.41,3714.69,-12.2533,123.86,-76.3083,57.1808,-46.74,-66.2516,47.6114,-51.8659,8.52477,2.86527,2.07944,100.708,-70.8524,42.5823,-40.9781,-95.5654,7.4604,2.87647,2.0152,2,LLLTYLLIVLLGFLLGLLILI,0.3286062826962975,0.0002677899563204,D,15,-97.89818304722144,-97.97119554716969,-97.1392763304542,-97.2386515812335,-97.78652158153564,-97.86341295530627,-29.5683,0.0,17.314999999999998,771.8800000000001,-0.03830686117013007,0.0,0.0224322433538892,-0.015874617816240864
YGLLFVLLGILLLLL,Mutant,,clash,,LLLYGLLFVLLGILLALLILI,0.1948377757168448,LLLYGLLFVLLGILLLLLILI_1,110011001100110000,1,-51.9142,-51.8028,-45.0124,-238.731,-236.505,-250.575,-346.1,4731.44,3935.95,3727.94,-12.2036,860430.0,-67.6582,860373.0,-50.5123,-61.7736,58.9847,-46.327,7.42791,3.72897,3.11374,3503.73,-63.0279,55.5114,-39.6932,3475.23,7.1542,3.44823,2.7809,1,LLLYGLLFVLLGILLLLLILI,0.157062642753621,0.0011801866457511,D,17,-26.80552836360669,-37.08030802182837,-27.813504259317245,-37.94678784553128,-35.46459062453681,-44.52384191307705,-17.14589999999999,-6.9018000000000015,11.843999999999994,795.4899999999998,-0.021553885026838797,-0.008676161862499848,0.014888936378835683,-0.015340984801820265
YGLLFVLLIILLALL,Mutant,,clash,,LLLYGLLFVLLGILLALLILI,0.2521972859259703,LLLYGLLFVLLIILLALLILI_1,110011001100110000,1,-45.0124,-48.4246,-45.0124,-248.587,-244.265,-251.789,-347.41,4724.92,4230.9,3767.9,-12.1851,2772960.0,-65.996,2772910.0,-50.6087,-65.5544,70.3359,-31.3521,10.6794,5.8285,5.38354,2568280.0,-63.0279,55.5114,-39.6932,2772680.0,7.1542,3.44823,2.7809,1,LLLYGLLFVLLIILLALLILI,0.0997031325444955,0.0013705644494492,D,15,-36.42049931111058,-47.00716104930115,-42.09635942457359,-51.73793020666262,-47.59022842748051,-56.31701170514566,-15.387299999999996,0.0,3.201999999999998,494.02000000000044,-0.031147119549815763,0.0,0.006481518966843438,-0.024665195741063094
TFLLILLLGVLLAIL,Mutant,,clash,7.0,LLLTFLLGLLLGVLLAILILI,1.122054595091451,LLLTFLLILLLGVLLAILILI_0,110011001100110000,1,-44.9175,-52.4404,-44.9175,-226.538,-219.288,-246.381,-356.03,4590.7,3801.85,3597.77,-12.1287,4948.59,-96.7034,4864.29,-64.7314,-71.1674,48.5894,-49.4251,7.97306,3.73469,2.96353,4459.04,-66.0595,53.2865,-42.9639,4592.56,7.0854,3.6026,2.9019,0,LLLTFLLILLLGVLLAILILI,0.2460700768305807,0.0018658380685402,D,15,-90.3791479168117,-91.28532249720068,-87.20529978258881,-88.41041467266962,-89.88675610407242,-90.83930837953848,-31.97200000000001,0.0,19.84299999999999,788.8499999999999,-0.04052988527603475,0.0,0.02515433859415604,-0.015375166381441341
TFLLVALLGLLLLYL,Mutant,,clash,,LLLTFLLVALLGLLLGYLILI,0.1339091005444999,LLLTFLLVALLGLLLLYLILI_0,110011001100110000,1,-44.9273,-50.6681,-44.9273,-235.042,-230.819,-250.409,-348.805,4720.2,3912.77,3701.29,-12.1043,2919.07,-80.9401,2851.75,-53.4689,-37.1687,87.3815,-46.2308,8.27864,3.87181,3.68253,2917.3,-47.754,68.368,-44.8299,2570.27,7.2266,2.89278,2.4183,0,LLLTFLLVALLGLLLLYLILI,0.1698544922814311,0.0009029529178222,D,17,3.602242255491841,-8.115334355538574,-11.467258346827007,-21.4804507287769,0.0255370039364508,-11.287508615411172,-27.471200000000003,0.0,15.36699999999999,807.4299999999998,-0.034023011282711825,0.0,0.01903199038925974,-0.014991144743197557
YFLLITLLGLLLAVL,Mutant,,clash,,LLLYFLLGTLLGLLLAVLILI,1.0455502310358415,LLLYFLLITLLGLLLAVLILI_2,110011001100110000,1,-51.7263,-54.3252,-58.7878,-230.188,-222.107,-250.001,-347.985,4746.33,3928.09,3659.32,-11.9739,18888.2,-78.0446,18816.7,-39.1952,-72.3163,56.712,-44.4007,8.80046,5.00357,4.35425,13569.6,-72.0387,50.2766,-42.8887,18540.3,6.71,4.09315,3.3473,2,LLLYFLLITLLGLLLAVLILI,0.1803468452981544,0.0015381082138465,D,15,-95.28833339520692,,-93.08901102209607,,-95.33979439568434,,-38.8494,7.061499999999995,19.813000000000017,818.2399999999998,-0.04747922369964804,0.008630108525615953,0.024214166992569446,-0.014633726046147833
VFLLATLLGLLLIIL,Mutant,,clash,,LLLVFLLATLLGLLLSILILI,0.4041233547863034,LLLVFLLATLLGLLLIILILI_2,110011001100110000,1,-58.7768,-60.2531,-58.7768,-232.862,-227.253,-243.234,-360.87,4635.31,3850.34,3568.28,-11.9513,208.5,-81.1825,135.136,-58.8594,-82.0972,51.4396,-48.3979,7.83335,5.75892,5.03052,126.47,-78.5324,48.359,-40.7581,-152.37,7.3267,4.80832,4.0337,2,LLLVFLLATLLGLLLIILILI,0.3336107892044437,0.0016879405594653,D,15,-37.80146926228437,-44.22183482025816,-40.02004308359188,-46.211399133122285,-36.02933946412335,-42.632630904516304,-22.323100000000004,0.0,10.372000000000014,784.9700000000003,-0.02843815687223715,0.0,0.013213243818235106,-0.015225167840809198
AVLLGSLLLILLTLL,Mutant,,clash,,LLLAVLLGSLLGILLTLLILI,1.2060272634569005,LLLAVLLGSLLLILLTLLILI_0,110011001100110000,1,-74.0452,-52.8701,-74.0355,-238.212,-221.368,-240.849,-388.459,4528.16,3884.81,3558.5,-11.8935,108299.0,-88.0958,108185.0,-73.5749,-68.1573,88.8663,-53.895,8.36187,8.72055,8.55354,105223.0,-69.2457,60.3937,-41.8114,107911.0,6.8012,5.04,4.4459,0,LLLAVLLGSLLLILLTLLILI,0.2264882876907635,0.0007409388458745,D,16,-10.17469531455822,-21.736387765739376,-15.43243188481469,-26.317384820026408,-7.637411206017769,-19.52568533289647,-14.520899999999997,-0.009699999999995157,2.6370000000000005,643.3499999999999,-0.022570762415481463,-1.5077329602852503e-05,0.004098857542550713,-0.018486826766145957
LVLLLILLGTLLAFL,Mutant,,clash,,LLLLVLLGILLGTLLAFLILI,0.442078784737516,LLLLVLLLILLGTLLAFLILI_0,110011001100110000,1,-58.7441,-66.9765,-58.7441,-237.62,-219.549,-242.871,-364.958,4557.02,4116.53,3559.62,-11.8396,29156.8,-80.4336,29078.3,-63.3434,-73.331,69.5658,-43.2074,9.47026,6.89103,6.43452,20385.0,-71.59,53.248,-43.6275,28791.8,6.8881,4.42698,3.7257,0,LLLLVLLLILLGTLLAFLILI,0.0111726136475497,0.0013261747181944,D,16,-50.18204996248774,-59.14215074965711,-50.91724694542121,-59.745117501106826,-48.70066141867449,-57.927200119237135,-17.090199999999996,0.0,5.251000000000005,440.4900000000007,-0.038798156598333605,0.0,0.011920815455515441,-0.026878249222456768
AFLLGTLLILLLGYL,Mutant,,clash,,LLLAFLLGTLLGLLLGYLILI,0.9303049496446713,LLLAFLLGTLLILLLGYLILI_0,110011001100110000,1,-58.6988,-59.8821,-58.6988,-232.803,-221.603,-243.39,-342.301,4658.94,4024.96,3418.01,-11.8346,2864960.0,-62.6342,2864900.0,-40.2126,-69.4121,66.0036,-41.5193,9.35573,5.82231,5.31236,2850710.0,-72.4524,47.8783,-35.1603,2864620.0,6.5,3.83143,3.0496,0,LLLAFLLGTLLILLLGYLILI,0.35084744427052,0.0008584733716034,D,14,13.713056223336634,-2.255716984418071,-0.5129372617922838,-14.483948109059147,27.4938743265486,9.589854927931688,-22.421599999999998,0.0,10.586999999999989,633.9799999999996,-0.03536641534433265,0.0,0.016699264961039774,-0.01866715038329286
YFLLATLLGLLLIVL,Mutant,,clash,,LLLYFLLATLLGLLLGVLILI,0.2931761703976641,LLLYFLLATLLGLLLIVLILI_1,110011001100110000,1,-58.6761,-68.6982,-58.6761,-238.987,-221.921,-250.745,-349.717,4731.9,4083.5,3537.69,-11.7662,16744600.0,-63.8205,16744500.0,-40.2959,-67.2759,58.8516,-52.8773,8.81231,4.53636,3.91913,11922100.0,-67.2353,46.0087,-37.4675,16720200.0,6.9823,2.79647,1.9866,1,LLLYFLLATLLGLLLIVLILI,0.1424723235265303,0.0009756849752712,D,15,-19.94472849361086,-35.43423886773991,-29.376481812038293,-43.041087490661454,-18.006576776497077,-33.87109082701081,-23.5246,0.0,11.75800000000001,648.3999999999996,-0.036280999383096875,0.0,0.018133867982726738,-0.018146514497223945
GYLLIFLLGLLLGTL,Mutant,,clash,,LLLGYLLAFLLGLLLGTLILI,0.5259906267373817,LLLGYLLIFLLGLLLGTLILI_0,110011001100110000,1,-62.1128,-63.3584,-58.7749,-222.854,-222.532,-245.76,-343.393,4624.06,3549.05,3510.23,-11.7165,137.536,-70.1424,80.0341,-38.8572,-64.2546,42.1659,-35.8,8.01487,1.8306,0.963087,56.3671,-61.4169,47.8691,-36.8365,-205.856,7.2814,2.17486,1.3929,0,LLLGYLLIFLLGLLLGTLILI,0.9137619071674874,0.0012521206071587,D,14,-95.90428458866032,-96.56373133083,-93.97180855235344,-94.9424011868708,-95.34752997738214,-96.0966191819111,-31.285199999999996,-3.3378999999999976,22.905999999999977,1075.0100000000002,-0.02910224090938688,-0.0031049943721453725,0.021307708765499832,-0.01089896838168947
GYLLLALLGILLTLL,Mutant,,clash,,LLLGYLLAALLGILLTLLILI,0.4546830424774441,LLLGYLLLALLGILLTLLILI_0,110011001100110000,1,-57.1414,-65.2745,-58.7374,-228.793,-227.773,-246.224,-366.181,4580.67,3851.32,3651.23,-11.6999,11722.1,-91.9465,11648.9,-61.2196,-60.4862,57.6783,-46.7463,8.45988,3.35949,2.72466,10062.0,-63.8286,63.5081,-39.1011,11355.9,7.5,4.64788,4.1005,0,LLLGYLLLALLGILLTLLILI,0.3236988431113796,0.0007446870509465,D,16,-87.0148632540127,-88.73162126685685,-84.71868829078176,-86.73902237249072,-91.19475237913215,-92.35888947710096,-30.7269,1.5960000000000036,17.430999999999983,729.3499999999999,-0.042129156097895394,0.002188249811475977,0.023899362446013553,-0.01604154384040584
AFLLGILLILLLGTL,Mutant,,clash,11.0,LLLAFLLGILLGLLLGTLILI,1.052352752943112,LLLAFLLGILLILLLGTLILI_2,110011001100110000,1,-58.7892,-60.3464,-58.7892,-233.77,-232.716,-240.435,-351.321,4613.82,4107.59,3496.83,-11.6947,10643900.0,-70.4567,10643800.0,-52.0974,-78.4985,54.9546,-44.099,11.5622,5.69364,5.01796,10170600.0,-80.3909,36.9211,-40.9331,11766000.0,7.1519,3.54298,2.5968,2,LLLAFLLGILLILLLGTLILI,0.3217285613600002,0.0008184739328165,D,14,-48.406989136577735,-54.34994848831273,-41.46845502463379,-48.21065879916605,-41.631443843078245,-48.35487306061931,-18.359299999999998,0.0,6.664999999999992,506.22999999999956,-0.03626671670979597,0.0,0.013165952235150026,-0.023101554629318708
YVLLGILLGTLLILL,Mutant,,clash,,LLLYVLLGILLGTLLSLLILI,0.5013843812235106,LLLYVLLGILLGTLLILLILI_2,110011001100110000,1,-58.7708,-51.6659,-58.7708,-243.291,-236.597,-248.202,-362.372,4603.74,4094.1,3741.17,-11.6896,135.482,-71.9993,61.3732,-55.3988,-112.153,24.5957,-50.65,8.76162,6.64333,5.51226,102.281,-103.028,20.5579,-45.0,-268.685,7.3039,4.72952,3.53789,2,LLLYVLLGILLGTLLILLILI,0.1141604474693278,0.0003230886641102,D,15,117.77814689752684,88.58522654654041,32.16197387629166,14.445807071845651,113.33367089029883,84.73652764518488,-16.600500000000004,0.0,4.911000000000001,509.6399999999999,-0.03257299270072994,0.0,0.009636213797975047,-0.022936975119692338
TFLLGVLLILLLGAL,Mutant,,clash,11.0,LLLTFLLGVLLGLLLGALILI,1.0735685655088378,LLLTFLLGVLLILLLGALILI_2,110011001100110000,1,-44.9172,-46.6677,-44.9172,-236.958,-223.132,-243.401,-345.591,4655.71,3973.83,3473.39,-11.6077,5889040.0,-75.3231,5888970.0,-57.2727,-88.879,64.4699,-37.6695,9.88292,8.53529,8.00234,5833650.0,-87.213,39.461,-38.899,5896930.0,6.5512,4.90918,4.00109,2,LLLTFLLGVLLILLLGALILI,0.2675542143909226,0.0009111894588057,D,15,-48.00321971581178,-53.74778871372745,-45.43812836275996,-51.466086912548406,-45.27462930184419,-51.32065111692313,-18.050399999999996,0.0,6.443000000000012,681.8800000000001,-0.02647151991552765,0.0,0.009448876635185092,-0.01702308324045286
YFLLITLLGVLLGLL,Mutant,,clash,7.0,LLLYFLLATLLGVLLGLLILI,0.2470312922897747,LLLYFLLITLLGVLLGLLILI_0,110011001100110000,1,-51.6502,-55.8714,-58.7069,-232.149,-219.392,-249.49,-345.189,4732.61,3902.68,3581.02,-11.6034,785.455,-72.9931,715.53,-36.9919,-70.4957,41.9114,-50.97,8.12138,2.73239,1.86106,722.006,-72.6874,32.4259,-40.8381,440.266,7.0033,1.78061,0.766999,0,LLLYFLLITLLGVLLGLLILI,0.1099610064404866,0.0015809459017976,D,15,-96.55832543749308,-97.2598658092743,-95.7061302486273,-96.58137947020506,-96.61149626787528,-97.30219846090462,-36.0012,7.056699999999999,17.341000000000008,829.9299999999998,-0.043378598195028505,0.008502765293458486,0.020894533273890584,-0.013981179135589753
AVLLGFLLGLLLLTL,Mutant,,clash,,LLLAVLLGFLLGLLLGTLILI,0.8367374109015947,LLLAVLLGFLLGLLLLTLILI_1,110011001100110000,1,-58.7258,-58.7258,-58.7258,-230.766,-225.09,-238.602,-351.973,4575.44,3822.27,3514.69,-11.598,32458.0,-74.0794,32389.8,-54.6453,-73.1999,67.4446,-43.6033,8.8006,6.585,6.09667,21020.1,-73.2945,52.8302,-38.1653,32012.7,6.8167,4.62625,3.9187,1,LLLAVLLGFLLGLLLLTLILI,0.8609918532740618,0.0007976287911957,D,16,-63.003021814047365,-70.14948193341199,-53.40988097005665,-62.40938427896094,-53.47159039362652,-62.45917370375918,-19.434100000000008,0.0,7.836000000000013,753.1699999999996,-0.025803072347544403,0.0,0.010404025651579347,-0.015398913923815349
TFLLAILLGLLLLVL,Mutant,,clash,,LLLTFLLAILLGLLLGVLILI,0.3972494414006753,LLLTFLLAILLGLLLLVLILI_2,110011001100110000,1,-44.9455,-44.9455,-44.9455,-235.979,-234.14,-247.826,-358.521,4665.7,3908.94,3637.93,-11.5967,17941.6,-89.1929,17862.2,-65.7493,-63.9893,60.1456,-46.5234,8.77327,4.21806,3.62024,17936.8,-62.6538,43.9976,-40.9419,17529.8,6.5,1.83774,0.997703,2,LLLTFLLAILLGLLLLVLILI,0.3046514175601317,0.0001770494242748,D,17,-32.951078401911865,-48.33122431810516,-32.03230782935064,-47.62320770150165,-37.619342372736206,-51.92864957392423,-23.44359999999999,0.0,11.84699999999998,756.7599999999998,-0.030978910090385323,0.0,0.015654897193297723,-0.015324145039378408
AVLLIILLGLLLTFL,Mutant,,clash,,LLLAVLLGILLGLLLTFLILI,0.8185818913863084,LLLAVLLIILLGLLLTFLILI_2,110011001100110000,1,-58.7585,-57.4251,-58.7585,-237.961,-220.544,-243.742,-363.964,4545.68,4010.48,3618.96,-11.4443,679670.0,-78.6887,679584.0,-61.4634,-101.2,44.4778,-32.988,10.077,7.68456,6.85173,531295.0,-106.47,21.0167,-38.4019,679306.0,7.4459,5.30775,4.123,2,LLLAVLLIILLGLLLTFLILI,0.1778683306417788,0.0010582540664965,D,14,-44.79816968001757,-57.93280915328146,-43.76022498292407,-57.14183143736384,-43.47824497773375,-56.926945325353785,-17.225299999999997,0.0,5.7809999999999775,535.2000000000003,-0.03218479073243645,0.0,0.01080156950672641,-0.021383221225710004
AFLLIVLLGILLGLL,Mutant,,clash,,LLLAFLLGVLLGILLGLLILI,1.192758623720708,LLLAFLLIVLLGILLGLLILI_2,110011001100110000,1,-44.9468,-53.6624,-44.9468,-225.153,-216.021,-239.797,-345.762,4596.14,3947.34,3681.3,-11.4228,58822.2,-87.0856,58746.1,-61.0185,-66.5265,47.4895,-54.4093,8.23912,2.89006,2.1024,48847.4,-69.6978,38.4736,-44.8571,58476.4,6.5368,2.1486,1.2257,2,LLLAFLLIVLLGILLGLLILI,0.2018409553731212,0.0006761105140039,D,14,-87.74534290520238,-88.50405142985814,-83.89268302623579,-84.88991686173128,-88.74880740493248,-89.4453895833147,-26.067099999999996,0.0,14.644000000000005,648.8000000000002,-0.040177404438964226,0.0,0.022570900123304566,-0.01760604192355117
SYLLIVLLGTLLGLL,Mutant,,clash,7.0,LLLSYLLGVLLGTLLGLLILI,0.7373711362916,LLLSYLLIVLLGTLLGLLILI_1,110011001100110000,1,-75.5646,-59.993,-58.6631,-229.144,-230.663,-250.691,-365.339,4575.88,4022.89,3676.51,-11.366,49071.1,-71.9971,48996.4,-55.9847,-74.5009,49.5315,-44.5861,9.62717,4.36189,3.60486,38949.9,-84.4885,38.2202,-42.7314,51426.2,6.9435,4.333,3.4063,1,LLLSYLLIVLLGTLLGLLILI,0.3326061633450763,0.0011695016637782,D,15,-98.2956385656832,-98.69567515925384,-97.7075059818876,-98.24558521750131,-98.46252799954812,-98.82339339428611,-16.012400000000007,-16.9015,21.546999999999997,552.9900000000002,-0.0289560389880468,-0.030563843830810667,0.03896453823758113,-0.020553717065408046
FLLLLLLLGVLLGTL,Mutant,,clash,,LLLFLLLGLLLGVLLGTLILI,0.6424336002544596,LLLFLLLLLLLGVLLGTLILI_2,110011001100110000,1,-62.2387,-66.6376,-58.7224,-221.749,-210.882,-241.671,-361.654,4608.38,3892.14,3680.4,-11.3422,3219.95,-89.0081,3135.82,-61.2606,-57.7554,51.171,-58.3074,7.21105,2.0714,1.33896,2516.23,-69.6978,38.4736,-44.8571,2858.3,6.5368,2.1486,1.2257,2,LLLFLLLLLLLGVLLGTLILI,0.013056184304397,0.0014943049282615,D,16,-18.291550637240693,-39.83958760332489,-25.998645315771668,-45.51417814881588,-20.96560879251988,-41.80844691529232,-27.747500000000002,-3.516300000000001,19.921999999999997,716.2400000000002,-0.03874050597565061,-0.004909387914665475,0.02781469898358091,-0.01583575337875572
AYLLGFLLITLLGLL,Mutant,,clash,,LLLAYLLGFLLGTLLGLLILI,0.9677959093138496,LLLAYLLGFLLITLLGLLILI_0,110011001100110000,1,-58.6623,-62.5531,-58.6623,-232.794,-222.928,-243.805,-342.939,4611.56,4009.36,3557.94,-11.2994,8092550.0,-62.7815,8092490.0,-40.4713,-82.5273,49.6477,-48.4934,9.44295,5.58153,4.82624,3090270.0,-91.134,25.7473,-37.6199,8092200.0,7.3707,3.64599,2.5322,0,LLLAYLLGFLLITLLGLLILI,0.2286159827366716,0.001047715637852,D,14,-86.41258627605524,-88.41989134649636,-82.71830771486306,-85.27137846508434,-86.38248048608231,-88.3942331656189,-22.310200000000002,0.0,11.010999999999996,602.2000000000003,-0.03704782464297574,0.0,0.018284623048820975,-0.018763533709730978
STLLGALLGFLLLLL,Mutant,,clash,,LLLSTLLGALLGFLLALLILI,0.9617745289449142,LLLSTLLGALLGFLLLLLILI_2,110011001100110000,1,-57.216,-70.3688,-44.9255,-229.167,-221.042,-258.587,-364.65,4566.13,3742.03,3575.34,-11.292,1580.63,-89.559,1507.39,-61.1377,-74.0529,73.9251,-39.2875,7.60041,7.58782,7.19669,1403.33,-68.8242,63.6738,-35.7825,1215.98,6.5843,5.41959,4.8747,2,LLLSTLLGALLGFLLLLLILI,0.4009484936539453,0.0007899164877833,D,16,-13.937220262141018,-24.141806692921627,-14.92806902690005,-25.015169107709,-5.990536876782076,-17.13737288038552,-28.421299999999995,-12.290500000000002,29.419999999999987,824.0999999999999,-0.03448768353355175,-0.014913845407110791,0.03569955102536099,-0.013702220604295597
TYLLFALLILLLGVL,Mutant,,clash,,LLLTYLLFALLGLLLGVLILI,0.4463167422796957,LLLTYLLFALLILLLGVLILI_0,110011001100110000,1,-52.2828,-56.2203,-44.9405,-235.877,-231.697,-253.131,-345.56,4759.52,4048.29,3593.76,-11.2805,310314.0,-68.6809,310256.0,-47.4885,-45.4564,70.5621,-46.9551,9.31567,2.84434,2.40277,279361.0,-51.1957,62.3629,-45.0,309968.0,6.503,2.59835,2.03379,0,LLLTYLLFALLILLLGVLILI,0.2090001257453234,0.0009573295861279,D,15,-49.540867681989226,-59.70488153791245,-46.919743222289256,-57.61173177977072,-51.90378147664868,-61.591832163052665,-21.192399999999992,-7.342300000000002,17.25399999999999,711.2300000000005,-0.029796830842343514,-0.010323383434332069,0.02425938163463293,-0.01586055143905627
IVLLGILLGLLLTFL,Mutant,,clash,,LLLAVLLGILLGLLLTFLILI,0.7408592891698297,LLLIVLLGILLGLLLTFLILI_0,110011001100110000,1,-55.2172,-57.4251,-58.7585,-230.491,-208.058,-240.931,-358.595,4537.28,3777.18,3553.54,-11.2645,56.3877,-84.1505,-36.7239,-58.9047,-110.868,29.9334,-38.7019,8.49363,7.17119,6.12019,41.0312,-106.47,21.0167,-38.4019,-302.207,7.4459,5.30775,4.123,0,LLLIVLLGILLGLLLTFLILI,0.2555909328582575,0.0013423983274285,D,14,-14.182600043754906,-30.220681772505493,-19.118089704861,-34.23379687324759,-7.187834798073683,-24.533141130935523,-25.245799999999996,3.5412999999999997,10.439999999999998,760.0999999999999,-0.03321378765951848,0.004658992237863439,0.013735034863833704,-0.01481976055782134
TALLGILLGLLLIFL,Mutant,,clash,,LLLTALLGILLGLLLGFLILI,0.887185341527335,LLLTALLGILLGLLLIFLILI_2,110011001100110000,1,-44.9667,-56.8624,-44.9667,-236.287,-224.112,-246.464,-355.516,4540.92,3826.99,3426.91,-11.1671,3302320.0,-85.4296,3302250.0,-64.0856,-77.7181,74.5509,-46.0933,8.346,8.2221,7.84036,2442490.0,-80.1891,50.0903,-39.6088,3301970.0,6.6695,5.29055,4.5419,2,LLLTALLGILLGLLLIFLILI,0.2166599787252594,0.0009152368856911,D,15,-26.022692940040947,-26.791589649706737,-24.12508232708476,-24.913702200711448,-23.037423205284604,-23.83734786348952,-21.343999999999994,0.0,10.176999999999992,713.9300000000003,-0.0298964884512487,0.0,0.014254898939671941,-0.015641729581331497
TYLLAVLLGFLLILL,Mutant,,clash,,LLLTYLLAVLLGFLLGLLILI,0.810935753564545,LLLTYLLAVLLGFLLILLILI_2,110011001100110000,1,-61.6828,-46.9937,-44.9703,-234.685,-236.547,-253.997,-348.747,4671.9,3819.66,3599.1,-11.1356,48680.4,-63.5145,48615.2,-49.78,-65.6965,61.8825,-47.0515,8.85179,4.7086,4.13684,13120.4,-70.8524,42.5823,-40.9781,7734.43,7.4604,2.87647,2.0152,2,LLLTYLLAVLLGFLLILLILI,0.2662303648241841,0.000936633471838,D,15,-85.70928810712705,-86.27185820064962,-81.67194990378235,-82.39345439803063,-84.09441488276936,-84.72055629363874,-13.734499999999997,-16.7125,19.312000000000012,852.2399999999998,-0.01611576551206233,-0.019610086360649585,0.0226602834882193,-0.013066272411527273
WTLLIILLGLLLGFL,Mutant,,clash,,LLLWTLLGILLGLLLGFLILI,0.5160881613566501,LLLWTLLIILLGLLLGFLILI_2,110011001100110000,1,-44.9483,-53.3588,-44.9483,-230.435,-228.806,-250.634,-352.294,4695.52,3885.84,3695.06,-11.1195,24963.7,-88.0303,24893.6,-56.7111,-66.3531,42.428,-49.9972,8.0778,2.18075,1.31717,10853.6,-69.6978,38.4736,-44.8571,24611.4,6.5368,2.1486,1.2257,2,LLLWTLLIILLGLLLGFLILI,0.2263409884923723,0.0011213808424842,D,15,-39.05968196842818,-46.69230814212149,-37.861439695625904,-45.644142790957176,-37.59240865384199,-45.40880723087377,-31.319199999999995,0.0,20.198999999999984,809.6800000000003,-0.03868096037940913,0.0,0.02494689259954547,-0.013733203240786479
FTLLIALLGILLSLL,Mutant,,clash,,LLLFTLLGALLGILLSLLILI,0.4108489208664244,LLLFTLLIALLGILLSLLILI_0,110011001100110000,1,-62.945,-66.9275,-60.2229,-232.221,-215.305,-241.089,-363.558,4626.4,3838.9,3680.44,-11.1062,243.053,-79.4984,161.728,-62.2457,-69.5172,77.9989,-45.0417,7.82529,7.45743,7.12741,193.277,-63.5764,69.369,-39.6453,-120.505,7.1848,5.40127,4.9418,0,LLLFTLLIALLGILLSLLILI,0.2446922251375134,0.0011306700746953,D,14,-97.65729186188987,-98.10222201110204,-96.896233952285,-97.48570520065122,-97.80973379535038,-98.22571197607046,-17.252700000000004,-2.7220999999999975,8.867999999999995,787.4999999999995,-0.021908190476190494,-0.0034566349206349195,0.011260952380952382,-0.014103111111111118
TVLLGALLGLLLIFL,Mutant,,clash,,LLLTVLLGALLGLLLGFLILI,0.2244673698977282,LLLTVLLGALLGLLLIFLILI_0,110011001100110000,1,-49.2507,-48.4831,-44.9305,-225.38,-220.936,-241.403,-348.377,4516.49,3850.4,3670.03,-11.0673,599.905,-84.8138,520.947,-62.0438,-71.8853,54.5802,-45.3119,6.57599,4.65112,3.96982,587.693,-59.3652,64.0781,-38.2792,251.528,6.5,4.05533,3.5165,0,LLLTVLLGALLGLLLIFLILI,0.2542531811799582,0.0004797861595528,D,15,-2.662739409369104,-8.95298759308998,-6.886772198602599,-12.904049739640206,10.96178101715796,3.791072315573702,-22.770000000000003,-4.3202,16.022999999999996,666.0899999999997,-0.03418456965274965,-0.006485910312420246,0.024055307841282715,-0.0166153222537495
AVLLYTLLGLLLIFL,Mutant,,clash,,LLLAVLLYTLLGLLLGFLILI,0.2164913793691159,LLLAVLLYTLLGLLLIFLILI_1,110011001100110000,1,-54.0514,-58.7988,-58.7988,-240.514,-227.822,-248.486,-355.247,4583.84,4109.82,3747.75,-11.0343,3060.96,-71.7155,2992.33,-47.9622,-49.0502,88.7424,-46.3822,9.31862,5.83776,5.66889,3034.53,-49.156,60.31,-42.3523,2689.97,7.5,2.01525,1.4199,1,LLLAVLLYTLLGLLLIFLILI,0.1935308665302694,0.0011912540953571,D,14,-91.81416171961143,-93.66781457700036,-89.44692957836583,-91.83663341458188,-92.3995751477685,-94.12066329563255,-23.753300000000003,4.747399999999999,7.97199999999998,474.02000000000044,-0.050110332897346066,0.010015189232521824,0.01681785578667561,-0.023278131724399794
AYLLGTLLIFLLGLL,Mutant,,clash,,LLLAYLLGTLLGFLLGLLILI,0.8702486502094626,LLLAYLLGTLLIFLLGLLILI_1,110011001100110000,1,-58.7318,-58.7318,-58.7318,-240.647,-231.343,-245.43,-345.416,4635.97,3964.26,3489.17,-10.8836,230513.0,-56.92,230458.0,-41.2538,-91.375,65.148,-38.163,9.61763,9.00124,8.47846,134432.0,-87.9639,43.7708,-37.0981,137519.0,7.4797,5.60364,4.7602,1,LLLAYLLGTLLIFLLGLLILI,0.3437398627254773,0.0007445052779191,D,14,-70.60780039823872,-75.66015467569584,-62.229220020984975,-68.72180527746346,-65.13696064366137,-71.1297215939714,-15.666200000000003,0.0,4.7830000000000155,671.71,-0.02332286254484823,0.0,0.007120632415774687,-0.016202825624153278
LVLLGFLLGTLLGLL,Mutant,,clash,,LLLAVLLGFLLGTLLGLLILI,0.6045423674075774,LLLLVLLGFLLGTLLGLLILI_0,110011001100110000,1,-58.7162,-69.659,-58.7162,-216.828,-202.471,-236.453,-345.747,4604.11,3604.28,3492.18,-10.875,68.6183,-81.0778,-4.9987,-50.5779,-84.3843,50.2654,-38.1436,8.42792,5.94347,5.19745,58.3817,-77.6262,50.1878,-35.0,-277.129,7.3742,4.91928,4.1721,0,LLLLVLLGFLLGTLLGLLILI,0.6925028131737532,0.0004549806709246,D,16,73.51269455887301,56.238371564336006,34.17688592438847,20.81869981730457,75.61870880151942,58.134718322127455,-30.499899999999997,0.0,19.625,999.8299999999995,-0.030505085864596996,0.0,0.019628336817258944,-0.010876849064340943
AVLLGFLLGILLLLL,Mutant,,clash,,LLLAVLLGFLLGILLSLLILI,0.3612846793397932,LLLAVLLGFLLGILLLLLILI_2,110011001100110000,1,-45.0403,-45.0403,-45.0403,-230.41,-227.532,-239.434,-347.844,4578.96,3919.42,3570.29,-10.8318,33991.9,-83.2252,33916.7,-63.3701,-82.2439,72.9266,-46.6529,8.85546,8.68167,8.27557,31914.6,-78.8188,59.0852,-37.4413,33575.5,7.5,6.29932,5.6856,2,LLLAVLLGFLLGILLLLLILI,0.8737933157287296,0.0004512176800764,D,16,-74.29712301174503,-77.38830648753358,-70.4757760683772,-74.026537844758,-74.53988176479231,-77.60186960437385,-19.8551,0.0,9.024000000000001,659.54,-0.030104466749552722,0.0,0.013682263395700035,-0.01642326469963914
YALLFILLIVLLALL,Mutant,,clash,,LLLYALLFILLGVLLALLILI,0.4313331318911579,LLLYALLFILLIVLLALLILI_2,110011001100110000,1,-45.0245,-46.4486,-45.0245,-246.3,-237.444,-252.743,-351.326,4730.96,4217.6,3797.24,-10.7972,587063.0,-70.7982,586996.0,-53.5587,-61.1221,58.9894,-34.7996,9.70007,3.63189,3.01673,578800.0,-60.4345,49.6195,-40.8976,586712.0,6.6471,2.26381,1.5081,2,LLLYALLFILLIVLLALLILI,0.0184111412338381,0.0011816467349163,D,15,-43.8260022599441,-56.99917480646697,-46.44798899451466,-59.00628837803024,-48.18940120754412,-60.33932795461296,-17.239499999999992,0.0,6.442999999999984,513.3599999999997,-0.03358169705469846,0.0,0.012550646719650903,-0.021032413900576606
AVLLIFLLGLLLGTL,Mutant,,clash,,LLLAVLLGFLLGLLLGTLILI,1.277245744686007,LLLAVLLIFLLGLLLGTLILI_0,110011001100110000,1,-58.7258,-66.1724,-58.7258,-224.576,-216.762,-238.52,-348.227,4570.59,3799.36,3555.64,-10.7446,32941.6,-75.6701,32876.3,-50.9809,-80.7517,48.844,-40.5225,8.47106,5.20669,4.43935,30323.0,-73.2945,52.8302,-38.1653,32593.4,6.8167,4.62625,3.9187,0,LLLAVLLIFLLGLLLGTLILI,0.4204835194896494,0.00063757763724,D,14,-90.76909406366826,-92.10429922120612,-87.20381691418773,-89.05472188178453,-90.2644901353039,-91.67268377006306,-24.689200000000007,0.0,13.944000000000017,771.23,-0.03201275883977543,0.0,0.01808020953541747,-0.013931771326322886
STLLGLLLGVLLLIL,Mutant,,clash,,LLLSTLLGLLLGVLLAILILI,0.6376766763743575,LLLSTLLGLLLGVLLLILILI_2,110011001100110000,1,-55.9599,-51.3206,-44.9407,-231.838,-227.882,-259.262,-381.628,4543.44,3700.94,3515.9,-10.7379,12381.0,-104.568,12278.6,-77.4254,-72.729,79.8204,-40.3165,7.83374,8.18509,7.8824,10282.5,-70.6341,63.5646,-35.8262,12099.9,6.7474,5.67633,5.1298,2,LLLSTLLGLLLGVLLLILILI,0.4501278033741833,0.0004633057876097,D,16,-58.22815206342412,-61.23222054182508,-57.15705116351271,-60.23814904352156,-63.29174135349793,-65.93165622785017,-27.1426,-11.019199999999998,27.424000000000007,842.4999999999995,-0.03221673590504453,-0.01307916913946588,0.032550741839762636,-0.0127452818991098
AFLLGVLLGLLLLTL,Mutant,,clash,,LLLAFLLGVLLGLLLGTLILI,-0.0753231505471831,LLLAFLLGVLLGLLLLTLILI_2,110011001100110000,1,-58.7167,-66.2635,-58.7167,-224.727,-226.038,-239.077,-352.983,4609.6,3854.93,3346.32,-10.6853,2306280.0,-80.2252,2306220.0,-55.1902,-73.8686,64.59,-50.318,8.94722,6.29994,5.76879,801648.0,-83.578,48.738,-35.1079,5058960.0,6.9512,5.61633,4.8474,2,LLLAFLLGVLLGLLLLTLILI,1.2541314091503677,0.0004348365849612,D,16,-83.19903006873035,-85.2341097845783,-72.36803655473578,-75.7150604793396,-74.16239418946616,-77.29206989903506,-25.035000000000004,0.0,14.349999999999994,754.6700000000005,-0.03317344004664288,0.0,0.019014933679621534,-0.014158903891767253
TALLISLLGLLLGFL,Mutant,,clash,,LLLTALLASLLGLLLGFLILI,0.0931024969700945,LLLTALLISLLGLLLGFLILI_1,110011001100110000,1,-60.2627,-50.7476,-60.2627,-226.954,-223.892,-241.261,-358.656,4527.06,3884.16,3622.87,-10.674,122.244,-82.1136,38.2276,-57.1319,-49.0829,79.2059,-44.4016,8.03169,4.55523,4.24332,88.4377,-57.4425,60.2182,-40.5871,-183.064,6.8394,3.24583,2.6491,1,LLLTALLISLLGLLLGFLILI,0.4017180173896381,0.0006303463421106,D,15,-41.18365351097319,-50.68849545207912,-34.24232640057732,-44.8689010058863,-31.350147908072707,-42.44410447567088,-24.981700000000004,0.0,14.306999999999988,642.9000000000005,-0.038857831700108855,0.0,0.022253849743350405,-0.01660289314045729
YILLALLLGVLLLTL,Mutant,,clash,,LLLYILLALLLGVLLSTLILI,0.2994512889322183,LLLYILLALLLGVLLLTLILI_0,110011001100110000,1,-58.8306,-63.7238,-58.8306,-239.45,-225.69,-248.709,-368.829,4676.05,4035.87,3678.73,-10.6676,8019.91,-81.216,7940.49,-61.2896,-74.4793,64.7202,-56.0092,8.56308,6.40911,5.87992,7413.9,-71.421,52.627,-43.8508,7651.08,7.5,4.3178,3.60721,0,LLLYILLALLLGVLLLTLILI,0.088576448666146,0.0015457565450704,D,17,-15.333363279470356,-33.936382296221005,-20.52763801802576,-37.98936696489292,-32.76770236783083,-47.54003489261875,-19.926399999999994,0.0,9.259000000000015,640.1800000000003,-0.03112624574338465,0.0,0.014463119747571012,-0.016663438407947758
TLLLGVLLILLLGFL,Mutant,,clash,11.0,LLLTLLLGVLLGLLLGFLILI,1.1059222182601531,LLLTLLLGVLLILLLGFLILI_2,110011001100110000,1,-44.9091,-53.6879,-44.9091,-240.164,-226.196,-245.999,-356.713,4603.61,4031.99,3452.3,-10.6644,8764340.0,-82.3038,8764260.0,-65.8049,-85.3486,56.39,-37.1673,10.4816,6.91494,6.26079,7114690.0,-87.8363,33.3963,-37.1588,8763980.0,7.4752,4.18395,3.1849,2,LLLTLLLGVLLILLLGFLILI,0.164327869727672,0.0010785587236614,D,15,-36.28828236644466,-47.42995432119379,-34.19378997351819,-45.7017390907812,-30.20788541938128,-42.41287493415108,-16.498899999999992,0.0,5.835000000000008,571.6199999999999,-0.028863405759070704,0.0,0.01020783037682378,-0.018656450089220115
TLLLGLLLIYLLAFL,Mutant,,clash,,LLLTLLLGLLLGYLLAFLILI,0.9810637352003606,LLLTLLLGLLLIYLLAFLILI_2,110011001100110000,1,-44.9618,-44.9618,-44.9618,-247.587,-243.816,-251.739,-354.29,4640.22,4170.84,3607.91,-10.5398,185362.0,-72.2811,185297.0,-57.5888,-90.223,66.4061,-33.2492,10.5723,8.99827,8.49436,160641.0,-93.4365,38.3915,-39.9749,187262.0,7.3305,5.69833,4.7742,2,LLLTLLLGLLLIYLLAFLILI,0.1694240433007337,0.0006479271333821,D,15,-44.40834963720663,-55.22514340219564,-45.92456553580476,-56.4463402723731,-45.63773118827594,-56.21531696772008,-14.692299999999996,0.0,4.152000000000015,469.3800000000001,-0.03130150411180705,0.0,0.008845711363926912,-0.022454727512889336
LFLLLILLGTLLGVL,Mutant,,clash,,LLLLFLLAILLGTLLGVLILI,0.433025762803814,LLLLFLLLILLGTLLGVLILI_0,110011001100110000,1,-58.7231,-58.7231,-58.7231,-221.55,-203.516,-240.636,-357.028,4550.97,3768.62,3548.97,-10.536,322.265,-87.2912,227.477,-57.6689,-69.2433,46.7455,-34.9764,8.04395,3.19713,2.39831,322.495,-62.6136,40.7304,-39.3075,-34.7627,7.2265,1.39064,0.501596,0,LLLLFLLLILLGTLLGVLILI,0.0029697020722377,0.0020108131362973,D,16,-45.86774920333862,-59.315212341671774,-46.25589722669561,-59.60693713932702,-53.40080000269338,-64.97691248679212,-29.622300000000003,0.0,19.085999999999984,782.3500000000004,-0.03786323256854348,0.0,0.024395730811018056,-0.013467118297437202
LALLFALLIILLSTL,Mutant,,clash,11.0,LLLLALLFALLGILLSTLILI,0.1683255998144794,LLLLALLFALLIILLSTLILI_0,110011001100110000,1,-74.1345,-75.941,-74.1345,-236.141,-225.015,-242.504,-374.846,4582.12,4063.58,3635.88,-10.4435,48653.1,-75.0138,48579.2,-58.2076,-58.488,77.1353,-38.4999,9.39915,5.68646,5.34349,29189.2,-54.9267,67.0486,-40.0719,48278.2,7.1275,3.79057,3.2963,0,LLLLALLFALLIILLSTLILI,0.1316507573441843,0.0002909386058491,D,14,8.486483142264369,-11.72025946523538,-9.48806643384346,-26.346861110411936,-17.76801414621736,-33.08458192611252,-16.806200000000004,0.0,6.3629999999999995,518.54,-0.03241061441740272,0.0,0.012270991630346742,-0.020140201334516144
AFLLILLLGTLLGVL,Mutant,,clash,,LLLAFLLGLLLGTLLGVLILI,1.2004184334992312,LLLAFLLILLLGTLLGVLILI_2,110011001100110000,1,-58.6456,-68.8549,-58.6456,-222.61,-209.682,-238.894,-349.207,4556.09,3912.62,3419.92,-10.4246,69514.4,-78.3759,69443.8,-51.6669,-69.9103,54.8307,-44.7913,9.75153,4.38869,3.71115,64214.0,-70.7932,46.6401,-35.0,69165.2,7.2306,3.4154,2.615,2,LLLAFLLILLLGTLLGVLILI,0.2589542702823613,0.0008452117619269,D,14,-72.7714601087466,-77.2960638957897,-66.82045917176322,-72.33394893960846,-72.43335809064861,-77.01414475336567,-26.709000000000003,0.0,16.283999999999992,643.4700000000003,-0.04150776259965498,0.0,0.02530654109748704,-0.016200599872565925
AVLLFLLLGLLLLTL,Mutant,,clash,,LLLAVLLFLLLGLLLGTLILI,-0.1496706327840852,LLLAVLLFLLLGLLLLTLILI_1,110011001100110000,1,-58.8,-44.9949,-58.8,-232.286,-228.256,-243.686,-368.404,4635.72,3955.06,3553.04,-10.4046,8576.63,-87.7225,8481.48,-65.9176,-51.9641,70.5499,-46.6976,8.77686,3.81884,3.37709,7875.5,-44.8097,61.6429,-42.2922,9623.45,6.8515,1.54325,0.967894,1,LLLAVLLFLLLGLLLLTLILI,0.2141942316669992,0.0016150576577852,D,16,-12.86705701618198,-22.024434145180795,-23.801926671093703,-31.810086043209584,-24.35283933715522,-32.30309965438431,-21.804900000000004,0.0,11.400000000000006,680.6600000000003,-0.03203493667910556,0.0,0.016748450033790732,-0.015286045896629736
AVLLFSLLGTLLLYL,Mutant,,clash,,LLLAVLLFSLLGTLLGYLILI,0.2674147192635742,LLLAVLLFSLLGTLLLYLILI_2,110011001100110000,1,-74.0982,-76.7604,-74.0982,-236.029,-230.476,-244.572,-359.827,4588.1,3800.9,3771.87,-10.355,95.0619,-60.0547,42.4717,-41.1566,-57.6158,62.4189,-35.3614,7.23101,3.56893,3.00522,93.5258,-52.2786,59.5607,-37.5707,-264.765,6.5337,2.38249,1.7759,2,LLLAVLLFSLLGTLLLYLILI,0.1350582236160801,0.0011492691836225,D,16,33.288510434344225,15.840634639610409,5.576734094290288,-8.243584981135195,25.48560876129953,9.059156784613917,-18.8981,0.0,8.543000000000006,787.2000000000003,-0.024006732723577225,0.0,0.010852388211382118,-0.013154217479674792
AYLLGVLLGFLLLLL,Mutant,,clash,,LLLAYLLGVLLGFLLGLLILI,0.509034150048385,LLLAYLLGVLLGFLLLLLILI_0,110011001100110000,1,-44.8823,-57.386,-44.8823,-228.338,-223.192,-244.992,-338.7,4651.54,3824.59,3521.88,-10.3472,2378120.0,-75.8263,2378060.0,-48.8255,-72.4108,61.639,-47.3788,8.94182,5.68288,5.10747,1849460.0,-79.0932,48.1108,-39.972,2377780.0,7.1758,4.85894,4.0806,0,LLLAYLLGVLLGFLLLLLILI,0.7835317730905709,0.0016446594362576,D,16,-82.18924738839877,-86.28282482523171,-73.87675106222986,-79.88085121231396,-79.51989227838648,-84.22698740801606,-27.000800000000005,0.0,16.653999999999996,826.9499999999998,-0.03265106717455712,0.0,0.02013906523973638,-0.012512485640002423
TVLLLILLGLLLGFL,Mutant,,clash,,LLLTVLLGILLGLLLGFLILI,0.4829026870430686,LLLTVLLLILLGLLLGFLILI_0,110011001100110000,1,-44.9617,-53.276,-44.9617,-229.937,-225.294,-244.469,-357.521,4561.83,3782.33,3570.39,-10.3154,147826.0,-92.9375,147747.0,-68.0905,-86.9163,29.617,-38.0349,8.55246,3.53574,2.47999,144750.0,-76.9679,35.2534,-45.0,147468.0,6.6086,2.8044,1.8332,0,LLLTVLLLILLGLLLGFLILI,0.2560381820274837,0.0006974095992726,D,17,-19.85475174850934,-34.00075138852223,-24.759200092323614,-38.03954236624595,-16.88277293875695,-31.5533403116061,-24.846999999999994,0.0,14.531999999999982,779.5,-0.031875561257216155,0.0,0.018642719692110305,-0.013233354714560617
STLLGLLLGVLLIIL,Mutant,,clash,,LLLSTLLGLLLGVLLAILILI,0.6569359265372217,LLLSTLLGLLLGVLLIILILI_1,110011001100110000,1,-57.8194,-53.3374,-44.9407,-227.652,-222.475,-260.102,-379.936,4510.96,3627.7,3487.18,-10.1022,597.436,-104.567,493.312,-74.8939,-69.6635,74.2538,-38.5203,7.54887,6.97378,6.58759,447.407,-70.6341,63.5646,-35.8262,188.09,6.7474,5.67633,5.1298,1,LLLSTLLGLLLGVLLIILILI,0.4308685532113193,0.0007691746401059,D,14,-70.6578611375111,-71.29387114492465,-66.58442939640618,-67.30873369497552,-72.01890111078673,-72.62540968861634,-29.67309999999999,-12.878700000000002,32.44999999999999,883.2600000000002,-0.03359497769626156,-0.014580870864751034,0.03673889907841404,-0.011437402350383803
FYLLIVLLGLLLATL,Mutant,,clash,,LLLFYLLGVLLGLLLATLILI,0.7384002907993368,LLLFYLLIVLLGLLLATLILI_0,110011001100110000,1,-58.7635,-65.0796,-58.7635,-232.211,-225.842,-242.077,-344.392,4726.43,3988.97,3685.06,-10.0869,528.48,-63.5037,475.01,-43.5514,-71.7148,50.7752,-40.4637,10.1797,4.11187,3.3735,525.112,-71.1945,47.5262,-42.4033,184.088,7.5,3.59521,2.8081,0,LLLFYLLIVLLGLLLATLILI,0.3540335331267694,0.0005799538442345,D,14,-84.6466118059978,-86.51187090108267,-81.50840117257458,-83.75491656446641,-85.34563601573485,-87.12597175394103,-19.9523,0.0,9.865999999999985,737.4600000000005,-0.02705543351503809,0.0,0.013378352724215522,-0.013677894394272222
ALLLGFLLIILLGTL,Mutant,,clash,,LLLALLLGFLLGILLGTLILI,0.9118858604954356,LLLALLLGFLLIILLGTLILI_0,110011001100110000,1,-58.7265,-68.1882,-58.7265,-228.646,-215.082,-239.481,-354.92,4527.95,4042.52,3458.57,-10.0837,21196.3,-77.6315,21124.6,-56.7126,-65.786,66.2521,-47.6093,9.54553,5.31194,4.80573,12615.8,-68.1464,52.7276,-38.529,20841.4,6.6534,3.84019,3.1311,0,LLLALLLGFLLIILLGTLILI,0.2221266803115601,0.0007310929609035,D,14,-34.35703066729077,-38.24757719187284,-26.831035652601663,-31.16763503015592,-14.30357076963248,-19.38265156534485,-20.9189,0.0,10.835000000000008,485.42999999999984,-0.0430935459283522,0.0,0.022320416949920714,-0.02077271697258102
GALLALLLGTLLLFL,Mutant,,clash,,LLLGALLALLLGTLLGFLILI,-0.0506978971523905,LLLGALLALLLGTLLLFLILI_1,110011001100110000,1,-58.7121,-54.1007,-58.7121,-223.526,-217.163,-238.562,-354.563,4535.82,3798.74,3506.04,-10.057,303254.0,-82.3818,303171.0,-57.2887,-72.3557,71.7251,-46.435,8.16736,7.03625,6.61213,246986.0,-76.6587,59.1886,-35.0,239495.0,7.2022,5.98927,5.3771,1,LLLGALLALLLGTLLLFLILI,0.2806861797583031,0.0003031001213831,D,16,-9.220441346582565,-17.221000437570158,-16.86226543336333,-24.189337386099453,-23.441218983701976,-30.18847641192272,-25.0931,0.0,15.036000000000001,737.0799999999999,-0.034043930102566886,0.0,0.020399413903511156,-0.013644380528572206
VFLLITLLGILLALL,Mutant,,clash,,LLLVFLLGTLLGILLALLILI,1.0287120498075528,LLLVFLLITLLGILLALLILI_1,110011001100110000,1,-55.4666,-46.6287,-58.7536,-220.689,-221.593,-243.175,-360.992,4617.67,3774.9,3625.33,-10.0488,1458.02,-94.8858,1365.25,-59.0636,-58.9934,56.2616,-48.1679,7.45116,2.94433,2.28826,1244.59,-65.0104,55.0216,-43.8705,2616.18,6.506,3.67948,3.0048,1,LLLVFLLITLLGILLALLILI,0.1322762155466693,0.0004181213485185,D,15,-80.34480917684382,-84.87441025147912,-76.3220298609117,-81.7786931898091,-81.73197547873137,-85.94189967878118,-35.8222,3.286999999999999,22.48600000000002,842.77,-0.042505309871020566,0.0039002337529812393,0.026681063635392833,-0.01192353785730389
TLLLIVLLGFLLAIL,Mutant,,clash,7.0,LLLTLLLGVLLGFLLAILILI,0.9420235278792908,LLLTLLLIVLLGFLLAILILI_2,110011001100110000,1,-44.9524,-46.2509,-44.9524,-225.441,-225.447,-246.018,-353.148,4631.31,3978.58,3597.75,-10.0035,31877.1,-92.7587,31795.7,-62.1779,-72.7142,40.1807,-48.3906,8.94754,2.83151,1.93422,24893.7,-83.081,35.995,-42.847,31827.8,7.4247,3.82147,2.86139,2,LLLTLLLIVLLGFLLAILILI,0.3527204913893145,0.000501151858642,D,15,-93.03073966772192,-94.09363814955375,-90.8783302364379,-92.26949780389944,-92.77751746266624,-93.87903546572235,-30.580800000000004,0.0,20.576999999999998,652.7300000000005,-0.046850612044796444,0.0,0.031524520092534404,-0.01532563234415454
GYLLAALLITLLFLL,Mutant,,clash,,LLLGYLLAALLGTLLFLLILI,0.0606528045168577,LLLGYLLAALLITLLFLLILI_2,110011001100110000,1,-62.1812,-51.3798,-58.7134,-235.328,-232.635,-250.121,-351.514,4647.26,3873.7,3669.03,-9.97276,74392.5,-63.9773,74325.0,-42.6792,-67.6228,57.6679,-40.7927,9.60124,4.42859,3.79361,67518.8,-59.0686,58.4114,-43.8449,74041.0,7.0021,3.24583,2.622,2,LLLGYLLAALLITLLFLLILI,0.2867948044292162,0.0004506335263132,D,14,-86.38706110536901,-89.88411833175056,-83.32934139852462,-87.61190283379429,-86.54079910128621,-89.99836224238955,-21.298099999999998,-3.467799999999997,14.793000000000006,773.5600000000004,-0.027532576658565577,-0.00448291018149852,0.01912327421273075,-0.012892031645896885
TFLLGLLLGVLLLIL,Mutant,,clash,,LLLTFLLGLLLGVLLAILILI,0.3372908685957327,LLLTFLLGLLLGVLLLILILI_0,110011001100110000,1,-48.9337,-52.4404,-44.9175,-229.931,-227.744,-246.618,-355.662,4624.46,3707.86,3509.29,-9.91397,3135.19,-86.711,3059.71,-64.1259,-56.8729,64.6239,-48.2817,7.73437,3.75516,3.22452,2670.66,-66.0595,53.2865,-42.9639,2779.52,7.0854,3.6026,2.9019,0,LLLTFLLGLLLGVLLLILILI,1.0308338033262985,0.001026719636028,D,17,-79.374092352402,-85.98635780340149,-71.42829628294382,-80.58782965196313,-76.35816242639221,-83.93727644440312,-22.585099999999997,-4.016200000000005,16.686999999999983,916.5999999999999,-0.024640082915121098,-0.004381627754745806,0.018205324023565336,-0.010816026620117828
ALLLGFLLITLLGVL,Mutant,,clash,11.0,LLLALLLGFLLGTLLGVLILI,0.9938170282427627,LLLALLLGFLLITLLGVLILI_1,110011001100110000,1,-58.6723,-45.8428,-58.6723,-228.292,-219.36,-237.991,-351.186,4517.12,3992.63,3331.68,-9.89472,639938000000.0,-74.1165,639938000000.0,-54.5227,-85.2619,63.2101,-46.3156,10.651,7.82265,7.2708,14550100.0,-85.1121,47.6719,-35.0,7725860.0,7.4675,5.70252,4.9176,1,LLLALLLGFLLITLLGVLILI,0.2513353472171419,0.0010544435172447,D,14,-11.534807050123666,-24.57567356964078,-18.968776959992653,-30.91378412429832,-11.611871368576592,-24.641377651860104,-19.5938,0.0,9.699000000000012,524.4899999999998,-0.03735781425765984,0.0,0.01849224961391069,-0.018865412114625644
YTLLGALLGILLLVL,Mutant,,clash,,LLLYTLLGALLGILLSVLILI,0.4822440381737479,LLLYTLLGALLGILLLVLILI_0,110011001100110000,1,-49.4671,-46.0595,-44.9848,-222.693,-223.812,-247.605,-349.915,4661.18,3835.58,3688.61,-9.89447,41.7281,-87.6504,-38.3156,-57.3254,-59.3764,73.9109,-41.8362,7.4575,5.38443,4.9931,44.5807,-64.0853,70.854,-39.869,-308.187,7.1308,5.67809,5.2409,0,LLLYTLLGALLGILLLVLILI,0.1166098865467585,0.0004694925817673,D,17,456.7590861801528,429.7252367989984,99.75427255230142,90.05505604831852,420.14395570350194,394.8879810745466,-30.325000000000003,-4.482300000000002,24.911999999999978,825.6000000000004,-0.036730862403100764,-0.005429142441860465,0.030174418604651122,-0.011984580910852707
GYLLLSLLGILLTLL,Mutant,,clash,,LLLGYLLASLLGILLTLLILI,0.2792655190992065,LLLGYLLLSLLGILLTLLILI_0,110011001100110000,1,-72.4145,-78.4928,-74.16,-228.506,-229.663,-247.923,-380.776,4577.57,3843.41,3659.0,-9.82079,14612.5,-89.676,14539.8,-58.6934,-63.9895,46.1273,-44.9615,8.0892,2.3256,1.51751,10977.6,-70.3334,49.8546,-39.6684,14231.7,7.175,3.78038,3.0282,0,LLLGYLLLSLLGILLTLLILI,0.2109045494394041,0.0007753495540006,D,16,-96.11776504754972,-95.5392294336006,-94.95063207991834,-94.19816881958536,-96.83268217850612,-96.36068442904654,-30.982600000000005,1.7454999999999927,19.417,734.1599999999999,-0.042201427481747864,0.002377547128691284,0.026447913261414414,-0.013376906941266212
LVLLATLLGGLLLIL,Mutant,,clash,,LLLLVLLATLLGGLLSILILI,0.0014786545144374,LLLLVLLATLLGGLLLILILI_2,110011001100110000,1,-58.7102,-63.2361,-58.7102,-225.162,-216.378,-236.586,-366.759,4545.86,3927.63,3775.23,-9.77144,505.709,-92.6583,418.565,-71.4625,-44.3044,76.1721,-51.9768,7.68928,3.42889,3.07147,422.117,-44.4117,60.8723,-41.0381,138.95,6.9287,1.37952,0.792605,2,LLLLVLLATLLGGLLLILILI,0.2451828767477255,0.0008871643900933,D,16,-22.02866930381061,-33.293197934544104,-23.358539509407404,-34.43094161270642,-16.68323606196565,-28.720020151966047,-21.19579999999999,0.0,11.424000000000007,618.2299999999996,-0.03428465134335119,0.0,0.0184785597593129,-0.015805509276482874
AILLGVLLILLLGFL,Mutant,,clash,,LLLAILLGVLLGLLLGFLILI,0.88403686117358,LLLAILLGVLLILLLGFLILI_0,110011001100110000,1,-44.9261,-51.7898,-44.9261,-237.281,-221.57,-238.685,-346.997,4537.06,4013.95,3484.28,-9.67048,34847500.0,-74.4595,34847500.0,-63.3853,-80.3274,58.2566,-42.0773,11.145,6.41374,5.78759,28085500.0,-83.7055,31.7125,-44.5563,34847200.0,7.4442,3.33701,2.3127,0,LLLAILLGVLLILLLGFLILI,0.28140087112053,0.0013952168697575,D,14,-39.71102047324191,-44.51682774333381,-18.36137451788669,-24.86902322818072,37.35614798136171,26.4070959366564,-11.074200000000005,0.0,1.4039999999999964,523.1100000000006,-0.021169926019384055,0.0,0.0026839479268222647,-0.01848651335283208
AVLLFSLLGTLLIYL,Mutant,,clash,,LLLAVLLFSLLGTLLGYLILI,0.2255606524512756,LLLAVLLFSLLGTLLIYLILI_0,110011001100110000,1,-74.0982,-76.7604,-74.0982,-233.815,-230.63,-244.558,-357.382,4554.57,3863.17,3781.41,-9.65048,139.821,-59.1193,89.8286,-38.7264,-42.2603,77.7809,-38.6975,7.53283,3.33948,3.00619,112.731,-52.2786,59.5607,-37.5707,-217.561,6.5337,2.38249,1.7759,0,LLLAVLLFSLLGTLLIYLILI,0.1769122904283786,0.0006667670022859,D,14,74.10146091650783,54.43144329325334,24.623315081568027,10.543348198932804,55.00940560241988,37.49641217939512,-20.392900000000004,0.0,10.742999999999995,691.3999999999996,-0.02949508244142322,0.0,0.015538038761932313,-0.013957882557130466
AALLFLLLGLLLLTL,Mutant,,clash,,LLLAALLFLLLGLLLGTLILI,0.0627251065947118,LLLAALLFLLLGLLLLTLILI_1,110011001100110000,1,-51.6989,-45.0214,-58.7926,-229.811,-224.461,-241.557,-364.084,4641.26,3953.1,3572.72,-9.55009,3092.34,-92.124,2997.74,-63.7344,-49.4032,69.7291,-42.4406,8.40505,3.32391,2.86985,3076.3,-42.6543,63.6897,-38.1137,4587.68,6.7933,1.49625,0.951595,1,LLLAALLFLLLGLLLLTLILI,0.3090597918056333,0.0008737019986275,D,16,15.59563758375148,-7.169340163509226,-7.367888169404773,-25.61051400359699,-0.0821786799865895,-19.75962522079451,-28.389599999999994,7.093699999999998,11.745999999999981,688.1600000000003,-0.04125435945129037,0.010308213206231102,0.01706870495233663,-0.013877717391304343
TFLLLILLGLLLGVL,Mutant,,clash,,LLLTFLLGILLGLLLGVLILI,1.0213678861091884,LLLTFLLLILLGLLLGVLILI_0,110011001100110000,1,-44.9552,-53.2956,-44.9552,-224.683,-227.758,-245.492,-354.016,4635.02,3615.28,3480.73,-9.52632,90373.8,-93.9042,90300.9,-63.5689,-89.5145,32.376,-43.0794,8.95638,4.29794,3.28358,86848.0,-80.9864,40.2503,-44.8665,90019.8,6.9244,4.08175,3.1855,0,LLLTFLLLILLGLLLGVLILI,0.28444956502016,0.0004295535298821,D,17,-46.19162429703864,-55.04612875788485,-43.602800579267,-52.8833121599693,-47.82846640229107,-56.41361826638419,-30.335300000000004,0.0,20.808999999999997,1019.7400000000002,-0.029748073038225426,0.0,0.02040618196795261,-0.009341910683115302
YFLLIVLLGLLLGTL,Mutant,,clash,7.0,LLLYFLLAVLLGLLLGTLILI,0.1818730784627337,LLLYFLLIVLLGLLLGTLILI_1,110011001100110000,1,-58.6875,-59.939,-58.6875,-231.518,-224.471,-249.532,-344.9,4750.51,3973.79,3756.66,-9.5184,51.5976,-64.2127,-8.89195,-36.6807,-67.1071,37.2308,-49.6724,7.85683,1.59222,0.650686,38.951,-69.0276,38.4457,-43.5682,-225.616,6.8046,2.04431,1.121,1,LLLYFLLIVLLGLLLGTLILI,0.0873834233541968,0.0019950230522791,D,15,-66.95661232515687,-72.80148182690995,-62.07087133443549,-68.77995363395426,-68.21218604601007,-73.8349637749573,-27.531999999999996,0.0,18.01400000000001,776.7200000000003,-0.035446492944690475,0.0,0.023192398805232262,-0.012254609125553605
AYLLGVLLILLLGFL,Mutant,,clash,11.0,LLLAYLLGVLLGLLLGFLILI,0.9792218016242572,LLLAYLLGVLLILLLGFLILI_1,110011001100110000,1,-44.9669,-47.0816,-44.9116,-238.967,-232.919,-244.273,-337.565,4634.86,4056.69,3386.81,-9.49851,26204800.0,-63.1296,26204700.0,-48.3808,-75.7635,62.2989,-41.7246,10.5037,6.27488,5.70936,17898200.0,-78.3342,38.1851,-39.2997,26045900.0,6.6883,3.40512,2.4779,1,LLLAYLLGVLLILLLGFLILI,0.2202605611386874,0.0008255221907449,D,14,-69.71158701845495,-72.6508098587509,-58.92792367430541,-62.91360575373346,-62.17828326074777,-65.848546663685,-14.748800000000003,-0.05530000000000257,5.305999999999983,578.1699999999996,-0.025509452237231285,-9.564660912880745e-05,0.009177231610080057,-0.01642857637027173
AVLLGFLLGTLLLLL,Mutant,,clash,,LLLAVLLGFLLGTLLGLLILI,0.5421530359996728,LLLAVLLGFLLGTLLLLLILI_2,110011001100110000,1,-55.1696,-66.2014,-58.7162,-229.743,-213.54,-238.595,-352.265,4606.97,3752.9,3418.12,-9.48419,48986.4,-76.8366,48913.9,-54.9538,-78.3172,66.9818,-47.0392,9.06617,7.29012,6.79485,48481.1,-77.6262,50.1878,-35.0,48634.2,7.3742,4.91928,4.1721,2,LLLAVLLGFLLGTLLLLLILI,0.7548921445816578,0.0009357993342101,D,16,-64.32213306364055,-70.2887365630212,-57.4186326774951,-64.53974604809154,-61.96078201544075,-68.32228707809554,-21.882800000000003,3.546599999999998,8.852000000000004,854.0700000000002,-0.02562178744131043,0.0041525870244827675,0.010364490030091213,-0.011104698678094299
TYLLAVLLGLLLIFL,Mutant,,clash,,LLLTYLLAVLLGLLLGFLILI,0.6575828282577223,LLLTYLLAVLLGLLLIFLILI_1,110011001100110000,1,-60.3276,-44.9499,-44.9499,-237.521,-239.122,-253.959,-352.718,4646.24,3823.5,3655.76,-9.32579,3806840.0,-64.1945,3806770.0,-53.8082,-67.2274,65.2944,-40.7462,8.25563,5.39885,4.87827,2202.95,-65.7313,50.1254,-42.5945,1516.81,6.5,3.12662,2.3785,1,LLLTYLLAVLLGLLLIFLILI,0.1851710725116968,0.0009420688629655,D,15,-77.28945906068643,-79.93125061494842,-72.11397010807178,-75.35779765261374,-75.14201646255232,-78.03360813096275,-10.386300000000006,-15.377699999999997,16.438000000000017,822.7399999999998,-0.012624036755232526,-0.0186908379317889,0.01997958042638017,-0.011335039015971026
YLLLASLLITLLTFL,Mutant,,clash,,LLLYLLLASLLGTLLTFLILI,-0.0369284126625374,LLLYLLLASLLITLLTFLILI_1,110011001100110000,1,-87.832,-56.7119,-87.832,-245.225,-241.547,-253.703,-378.148,4681.29,4157.86,3704.78,-9.30703,41221.3,-54.3977,41141.4,-36.6122,-67.6989,72.0265,-39.0605,9.71409,6.37841,5.95881,33604.6,-63.9595,61.7605,-42.8864,81947.6,6.8445,4.43159,3.858,1,LLLYLLLASLLITLLTFLILI,0.0789759441017135,0.0012787515875856,D,15,3.998846685978089,-14.390875190733816,-12.565330862813958,-28.02607200612864,-13.133111112189036,-28.49345382604204,-17.7855,0.0,8.478000000000009,523.4300000000003,-0.033978755516496935,0.0,0.016197008195938337,-0.017780849397245082
TALLGVLLGLLLIFL,Mutant,,clash,,LLLTALLGVLLGLLLGFLILI,0.9269355650903166,LLLTALLGVLLGLLLIFLILI_2,110011001100110000,1,-44.9633,-53.4048,-44.9633,-233.872,-223.817,-244.009,-350.258,4516.82,3804.92,3553.57,-9.29499,2697.84,-80.7186,2624.81,-61.2863,-72.1238,62.5508,-43.6703,8.48354,5.76293,5.2012,1976.3,-73.5676,38.1677,-45.0,2347.58,6.5,2.68778,1.7603,2,LLLTALLGVLLGLLLIFLILI,0.2604213763954057,0.0005749872767842,D,15,-14.312857592073224,-20.86901558456761,-18.181179535477803,-24.44136161940405,-11.640219034133,-18.40086792398128,-19.432299999999998,0.0,10.136999999999972,711.8999999999996,-0.027296389942407653,0.0,0.014239359460598367,-0.013056595027391494
AYLLSTLLIGLLFLL,Mutant,,clash,,LLLAYLLSTLLGGLLFLLILI,-0.1161868132789837,LLLAYLLSTLLIGLLFLLILI_0,110011001100110000,1,-88.5511,-67.1055,-74.005,-223.343,-230.687,-249.005,-362.25,4648.39,3940.46,3636.3,-9.25676,111625.0,-59.6125,111560.0,-39.2402,-34.9922,61.0979,-41.9008,9.17103,-0.00296216,-0.586494,100389.0,-48.4453,58.7094,-44.1259,111262.0,7.2194,1.69256,1.0732,0,LLLAYLLSTLLIGLLFLLILI,0.4145349315159441,0.0010314661929674,D,14,-90.51806884249832,-93.6200779204932,-86.8901675855571,-91.17904276141404,-90.1532657583447,-93.374619984488,-20.372299999999996,-14.54610000000001,25.662000000000006,707.9300000000003,-0.02877728023957169,-0.020547370502733326,0.03624934668681931,-0.013075812580339859
FVLLILLLGALLITL,Mutant,,clash,,LLLFVLLILLLGALLGTLILI,-0.0419561445846518,LLLFVLLILLLGALLITLILI_2,110011001100110000,1,-58.7747,-54.1509,-58.7747,-233.602,-221.685,-241.415,-359.35,4673.67,3946.65,3629.74,-9.2013,68119.8,-76.1748,68036.3,-59.1604,-45.8733,76.5922,-44.2535,8.99336,3.72094,3.36983,55636.0,-48.7389,54.7657,-43.6502,67760.5,6.8404,1.20421,0.525696,2,LLLFVLLILLLGALLITLILI,0.2424039976192369,0.0011458701792329,D,14,-42.63991505578689,-52.14513810900054,-43.52694250657641,-52.88517495156001,-42.99936098150351,-52.44501972788554,-17.014400000000002,0.0,7.812999999999988,727.02,-0.023402932519050373,0.0,0.010746609446782742,-0.012656185524469753
AVLLYTLLGLLLLFL,Mutant,,clash,,LLLAVLLYTLLGLLLGFLILI,0.1740463226091267,LLLAVLLYTLLGLLLLFLILI_1,110011001100110000,1,-58.7988,-58.7988,-58.7988,-235.655,-230.42,-248.528,-357.637,4615.95,4044.01,3739.58,-9.13349,804.844,-72.3174,736.426,-50.3106,-52.8375,71.6954,-41.5516,8.98792,4.1045,3.67993,785.672,-49.156,60.31,-42.3523,436.429,7.5,2.01525,1.4199,1,LLLAVLLYTLLGLLLLFLILI,0.2359759232902586,0.0010024296523734,D,16,-91.08665682508963,-90.74229192950467,-88.15437890690583,-87.6967261507161,-91.90854489635572,-91.59593345110808,-22.006800000000005,0.0,12.87299999999999,571.9399999999996,-0.038477462670909575,0.0,0.022507605692904848,-0.01596931496310803
YVLLGILLITLLSLL,Mutant,,clash,,LLLYVLLGILLGTLLSLLILI,0.5299988104462333,LLLYVLLGILLITLLSLLILI_1,110011001100110000,1,-74.0377,-74.0377,-74.0377,-249.231,-234.773,-251.387,-380.342,4641.51,4285.33,3759.21,-9.02132,158484000000.0,-66.094,158484000000.0,-54.9173,-93.3742,51.8003,-54.7985,10.0865,7.49917,6.77617,8179040.0,-103.028,20.5579,-45.0,8191980.0,7.3039,4.72952,3.53789,1,LLLYVLLGILLITLLSLLILI,0.0855460182466051,0.000931684413539,D,15,-40.66277736775275,-52.92099908204608,-40.28602867567497,-52.62208128250404,-38.70565119195689,-51.36818718860955,-11.176699999999997,0.0,2.156000000000006,356.1800000000003,-0.03137935875119318,0.0,0.006053119209388523,-0.025327980234712763
TFLLVALLILLLGYL,Mutant,,clash,,LLLTFLLVALLGLLLGYLILI,0.1493760043500808,LLLTFLLVALLILLLGYLILI_0,110011001100110000,1,-44.9273,-57.0236,-44.9273,-236.76,-231.089,-250.336,-345.198,4714.04,4028.78,3602.26,-8.98014,116830.0,-72.4913,116773.0,-49.9353,-46.2643,80.8411,-45.2134,9.39823,4.35319,4.06581,91740.0,-47.754,68.368,-44.8299,116485.0,7.2266,2.89278,2.4183,0,LLLTFLLVALLILLLGYLILI,0.1543875884758502,0.000574743601132,D,15,5.408932244782467,-4.2124081761963925,-10.744520888345187,-18.89143340024292,1.6268089523039833,-7.649313137209897,-22.555999999999997,0.0,13.576000000000022,685.2599999999998,-0.03291597349910983,0.0,0.01981145842453963,-0.013104719376586993
LALLFALLGILLLTL,Mutant,,clash,,LLLLALLFALLGILLSTLILI,0.0507200008240196,LLLLALLFALLGILLLTLILI_0,110011001100110000,1,-55.8448,-56.2232,-58.8467,-233.435,-221.664,-239.383,-359.298,4579.68,3670.5,3672.2,-8.94908,25.0021,-78.9674,-56.4094,-61.0682,-60.7741,76.8347,-40.1854,7.14822,5.98881,5.64133,26.7703,-54.9267,67.0486,-40.0719,-334.296,7.1275,3.79057,3.2963,0,LLLLALLFALLGILLLTLILI,0.2492563563346441,0.0011340316881695,D,16,-27.939799736867283,-39.80762093105248,-28.326702909031383,-40.13080380199705,-42.32720857419877,-51.825522121921765,-17.8992,3.001899999999999,5.9480000000000075,909.1800000000003,-0.019687190655315774,0.003301766426890163,0.0065421588684309,-0.009843023383708394
AYLLGTLLILLLGFL,Mutant,,clash,11.0,LLLAYLLGTLLGLLLGFLILI,0.8734516954465881,LLLAYLLGTLLILLLGFLILI_2,110011001100110000,1,-58.6855,-70.1076,-58.6855,-241.112,-222.264,-245.724,-345.633,4624.25,3943.19,3437.01,-8.88274,10537200.0,-54.7182,10537200.0,-41.2232,-88.0423,67.7373,-39.3546,9.04499,8.85088,8.36694,10057500.0,-81.8261,48.1246,-38.4583,10536900.0,6.5,5.27073,4.4926,2,LLLAYLLGTLLILLLGFLILI,0.2316829020311699,0.0007363990189183,D,14,-72.38982015551927,-76.40426448342892,-67.22539187401004,-71.99072989179709,-70.14102692593161,-74.48243961391749,-13.495000000000005,0.0,4.611999999999995,681.06,-0.019814700613749164,0.0,0.0067717969048248245,-0.013042521951076264
ALLLGFLLGILLLTL,Mutant,,clash,,LLLALLLGFLLGILLGTLILI,0.2635285695447468,LLLALLLGFLLGILLLTLILI_2,110011001100110000,1,-58.7265,-72.2184,-58.7265,-231.642,-218.514,-239.467,-358.139,4536.69,3789.24,3408.74,-8.87397,800847.0,-76.6436,800780.0,-59.9447,-67.6948,69.5544,-46.5029,9.00079,6.04407,5.58738,795565.0,-68.1464,52.7276,-38.529,800489.0,6.6534,3.84019,3.1311,2,LLLALLLGFLLGILLLTLILI,0.8704839712622489,0.0005318722847389,D,16,-74.39960328178945,-79.27352105248987,-69.33338538441348,-75.17183232675352,-74.2532898900214,-79.15506345717995,-16.69890000000001,0.0,7.825000000000017,747.4499999999998,-0.022341159943808968,0.0,0.010468927687470759,-0.0118723259080875
TFLLIVLLGLLLGAL,Mutant,,clash,,LLLTFLLGVLLGLLLGALILI,1.0590128755185593,LLLTFLLIVLLGLLLGALILI_0,110011001100110000,1,-44.8802,-52.8959,-44.8802,-221.994,-216.794,-241.192,-344.719,4611.39,3718.41,3519.17,-8.85824,139914.0,-86.7025,139839.0,-58.6462,-86.3115,32.4671,-33.401,9.68119,3.82978,2.81679,88637.4,-80.3909,36.9211,-40.9331,139569.0,7.1519,3.54298,2.5968,0,LLLTFLLIVLLGLLLGALILI,0.2821099043812012,0.0006386755441476,D,15,-37.21146736740484,-42.38535066661689,-38.60101174851248,-43.66039419596875,-38.16233553302651,-43.25786565665712,-28.0563,0.0,19.198000000000008,892.9800000000005,-0.03141873278236913,0.0,0.02149880176487715,-0.009919863826737436
VFLLITLLGLLLSIL,Mutant,,clash,,LLLVFLLATLLGLLLSILILI,0.4749879338730849,LLLVFLLITLLGLLLSILILI_0,110011001100110000,1,-74.0732,-70.4621,-74.0732,-235.422,-220.307,-245.203,-375.217,4622.22,3951.77,3685.83,-8.81172,925.816,-74.5335,841.368,-55.9411,-85.3122,47.8527,-43.9884,8.87985,5.75695,4.97474,863.3,-78.5324,48.359,-40.7581,550.599,7.3267,4.80832,4.0337,0,LLLVFLLITLLGLLLSILILI,0.2627462101176622,0.0013887573911637,D,15,-87.40741909435337,-90.25065363817345,-83.12138943063225,-86.93235153459567,-87.01817596586669,-89.94929634636712,-18.592400000000005,0.0,9.781000000000006,670.4500000000003,-0.027731225296442685,0.0,0.014588709075993739,-0.013142993511820413
AFLLGVLLGILLLLL,Mutant,,clash,,LLLAFLLGVLLGILLGLLILI,0.1804355869934517,LLLAFLLGVLLGILLLLLILI_0,110011001100110000,1,-48.3951,-53.503,-44.9468,-222.273,-221.982,-239.845,-349.054,4614.35,3846.62,3671.85,-8.80201,21076.3,-87.1872,21002.7,-64.262,-59.1053,45.8497,-56.1461,7.98144,1.55551,0.74325,5050.58,-69.6978,38.4736,-44.8571,20727.3,6.5368,2.1486,1.2257,0,LLLAFLLGVLLGILLLLLILI,1.2141639921003773,0.0013866447880971,D,16,-94.5121322405138,-95.16611561401145,-91.37262901209034,-92.40074365157597,-92.44486870044445,-93.34520567484768,-22.925200000000004,-3.448299999999996,17.572000000000003,767.7300000000005,-0.02986101884777199,-0.0044915530199418985,0.022888254985476655,-0.011464981178278814
AFLLGVLLILLLGYL,Mutant,,clash,,LLLAFLLGVLLGLLLGYLILI,1.0974162379022048,LLLAFLLGVLLILLLGYLILI_1,110011001100110000,1,-44.9328,-44.9328,-44.9328,-231.588,-234.074,-242.816,-335.097,4653.36,4074.62,3470.93,-8.69725,152316.0,-67.2735,152260.0,-47.3482,-60.6653,68.5918,-33.801,9.70961,4.85969,4.38857,147896.0,-69.605,42.1044,-35.8969,165122.0,6.5663,2.62484,1.75641,1,LLLAFLLGVLLILLLGYLILI,0.364110259391798,0.0007153114667066,D,14,-13.259374145002344,-23.162502565239524,-16.31603997050057,-25.8701905742961,0.802425037411161,-10.706131078907184,-19.9253,0.0,11.228000000000009,578.7399999999998,-0.03442875902823376,0.0,0.01940076718388225,-0.015027905449770196
ALLLIILLGFLLGTL,Mutant,,clash,,LLLALLLGILLGFLLGTLILI,1.1625237661332213,LLLALLLIILLGFLLGTLILI_2,110011001100110000,1,-58.6933,-65.9226,-58.6933,-220.026,-218.13,-239.416,-352.328,4601.13,4003.64,3533.04,-8.63548,54081.7,-82.2438,54013.4,-54.2186,-72.8237,46.651,-54.7919,8.67543,3.72144,2.92121,51280.5,-79.2928,46.8705,-41.4445,53729.3,6.9265,4.72144,3.9245,2,LLLALLLIILLGFLLGTLILI,0.1823790312928464,0.0005703584859139,D,14,-57.69059470940234,-63.28219013542068,-51.25158827449947,-57.69416042028529,-57.719924018636135,-63.3076432939444,-28.02519999999999,0.0,19.389999999999986,597.4900000000002,-0.04690488543741315,0.0,0.03245242598202477,-0.014452928082478361
STLLGALLGFLLILL,Mutant,,clash,,LLLSTLLGALLGFLLALLILI,1.0044432705131263,LLLSTLLGALLGFLLILLILI_1,110011001100110000,1,-56.6783,-48.6682,-44.9255,-229.499,-220.812,-258.222,-361.751,4536.14,3739.75,3541.35,-8.62673,621.906,-84.1996,529.636,-58.6029,-72.669,76.3879,-40.2908,7.52271,7.71271,7.35853,599.372,-68.8242,63.6738,-35.7825,397.802,6.5843,5.41959,4.8747,1,LLLSTLLGALLGFLLILLILI,0.3582797520857331,0.0005736434708606,D,14,25.99834487931491,16.16854334014759,9.6546323027441,1.0998907748393467,40.65780875721734,29.684344412571136,-25.596700000000006,-11.7528,28.722999999999985,796.3900000000003,-0.0321409108602569,-0.01475759364130639,0.03606650008161827,-0.010832293223169549
AYLLILLLGVLLGTL,Mutant,,clash,7.0,LLLAYLLGLLLGVLLGTLILI,0.5990274652887261,LLLAYLLILLLGVLLGTLILI_1,110011001100110000,1,-58.7113,-58.7113,-58.7113,-224.096,-209.752,-241.586,-355.041,4593.75,3808.14,3438.77,-8.58715,28490.5,-80.8212,28403.9,-54.7433,-71.0028,54.8977,-45.3436,9.00304,4.56161,3.88508,27649.2,-78.1031,43.7429,-35.0,47828.6,7.2077,4.12076,3.2769,1,LLLAYLLILLLGVLLGTLILI,0.5260405045144884,0.0006061260997624,D,14,-90.9530039249382,-91.45591612017682,-88.1893584039937,-88.84589850226976,-91.1231093947822,-91.61656562092882,-26.077900000000007,0.0,17.49000000000001,785.6100000000001,-0.03319446035564721,0.0,0.022262954901286908,-0.010930550782194725
TVLLGLLLGALLLFL,Mutant,,clash,,LLLTVLLGLLLGALLSFLILI,0.3184164696039946,LLLTVLLGLLLGALLLFLILI_1,110011001100110000,1,-44.9143,-44.9143,-44.9143,-226.163,-223.418,-241.042,-349.497,4592.56,3687.73,3667.78,-8.58126,127948.0,-87.0005,127867.0,-63.5406,-113.732,25.7464,-34.1149,8.42581,7.03556,5.92175,121721.0,-101.046,32.942,-43.0962,127587.0,7.3877,6.10407,5.0982,1,LLLTVLLGLLLGALLLFLILI,0.2768415677539366,0.0008912604461861,D,17,-16.306075979674755,-24.018523793537938,-22.667468940006376,-29.79371038579296,-26.588836171550685,-33.35372115704112,-23.459900000000005,0.0,14.87899999999999,904.8300000000004,-0.025927411779008206,0.0,0.016443972900986908,-0.009483836742813563
TYLLFALLGLLLIVL,Mutant,,clash,,LLLTYLLFALLGLLLGVLILI,0.3797219092176493,LLLTYLLFALLGLLLIVLILI_1,110011001100110000,1,-44.9405,-61.1538,-44.9405,-237.832,-231.515,-250.362,-345.197,4629.76,3929.55,3629.92,-8.51242,2380.81,-70.9367,2328.29,-49.8938,-64.0279,63.1423,-48.7353,9.51058,4.6284,4.07553,2202.32,-51.1957,62.3629,-45.0,2010.37,6.503,2.59835,2.03379,1,LLLTYLLFALLGLLLIVLILI,0.2755949588073698,0.0003604156056741,D,15,-40.45963484934296,-47.88960648145227,-38.79622538609163,-46.433771914546746,-43.38861799304072,-50.453085288494805,-21.042900000000003,0.0,12.530000000000001,700.21,-0.030052270033275735,0.0,0.017894631610516847,-0.012156952914125762
YFLLITLLGILLGLL,Mutant,,clash,,LLLYFLLATLLGILLGLLILI,0.2407481440329938,LLLYFLLITLLGILLGLLILI_2,110011001100110000,1,-51.684,-51.684,-58.7389,-227.452,-226.96,-250.893,-348.845,4721.83,3918.11,3724.24,-8.49882,383.884,-78.2077,313.683,-39.2131,-62.0677,53.7508,-45.6077,7.39588,3.06651,2.37277,384.395,-65.7313,50.1254,-42.5945,58.299,6.5,3.12662,2.3785,2,LLLYFLLITLLGILLGLLILI,0.0539441301076456,0.0005956062093651,D,15,-94.93312778081696,,-93.54177337395636,,-95.13354852260557,,-38.994600000000005,7.0549000000000035,23.441000000000003,803.7199999999998,-0.048517642960234926,0.008777808191907635,0.02916562982133082,-0.010574354252724832
AFLLGLLLGTLLIIL,Mutant,,clash,,LLLAFLLGLLLGTLLGILILI,0.3494696641264572,LLLAFLLGLLLGTLLIILILI_0,110011001100110000,1,-58.7594,-55.8162,-58.7594,-235.864,-220.513,-240.42,-353.386,4549.98,4090.46,3490.33,-8.45804,87685.0,-67.2203,87607.9,-54.206,-90.8994,53.4037,-41.5493,10.3562,7.34441,6.64547,71999.1,-87.7841,38.6606,-35.7467,87331.6,7.5,4.88679,3.9667,0,LLLAFLLGLLLGTLLIILILI,1.2388725491206898,0.0004343971367089,D,14,-92.0540045520128,-94.56370187985556,-86.48665063743928,-90.75476493569444,-89.85959351738089,-93.0623830507068,-13.014299999999992,0.0,4.555999999999983,459.5199999999995,-0.028321509401114216,0.0,0.009914693593314736,-0.01840625000000002
TVLLAILLGLLLIFL,Mutant,,clash,,LLLTVLLAILLGLLLGFLILI,0.1746288299133581,LLLTVLLAILLGLLLIFLILI_1,110011001100110000,1,-44.91,-44.91,-44.91,-235.661,-230.536,-246.094,-359.675,4547.68,3836.66,3577.55,-8.44555,941.569,-87.55,857.34,-68.6708,-60.7183,62.4567,-39.5313,8.77683,4.0394,3.47625,903.035,-63.1541,43.7872,-41.476,599.653,6.5,1.88439,1.0412,1,LLLTVLLAILLGLLLIFLILI,0.319673139381022,0.000288384559197,D,15,-26.323681640402523,-35.05753632583851,-29.97761623525857,-38.27832042550016,-21.999705790131813,-31.246140061253342,-18.879199999999997,0.0,10.432999999999993,711.0200000000004,-0.02655227701049195,0.0,0.014673286264802658,-0.01187807656606002
AVLLLLLLGLLLGFL,Mutant,,clash,,LLLAVLLGLLLGLLLGFLILI,1.389480006065149,LLLAVLLLLLLGLLLGFLILI_2,110011001100110000,1,-44.9261,-51.2036,-44.9261,-220.429,-220.402,-239.312,-353.6,4587.62,3941.0,3634.18,-8.43037,9633.26,-96.6751,9551.27,-69.3622,-67.7997,37.4969,-52.6901,8.16577,1.73205,0.7945,7723.3,-77.4724,32.2036,-43.8153,9279.66,7.0393,2.46835,1.4514,2,LLLAVLLLLLLGLLLGFLILI,0.2233324660820964,0.0006209937926928,D,16,-27.983446881072755,-39.102718195622366,-31.12459213665396,-41.758874308811,-39.40038136602551,-48.75689139000091,-27.3129,0.0,18.88300000000001,646.6199999999999,-0.04223949150969658,0.0,0.029202622869691646,-0.01303759549658223
YVLLATLLGLLLLFL,Mutant,,clash,,LLLYVLLATLLGLLLGFLILI,0.3331477765738809,LLLYVLLATLLGLLLLFLILI_0,110011001100110000,1,-58.7397,-66.8948,-58.7397,-236.976,-232.154,-250.372,-355.35,4682.25,4056.96,3668.96,-8.40478,8453.4,-68.0386,8397.1,-46.2381,-56.7739,69.599,-43.7957,8.55123,4.41194,3.95593,5771.14,-65.984,55.7173,-41.1231,8098.05,6.918,3.91944,3.2552,0,LLLYVLLATLLGLLLLFLILI,0.0711725450638713,0.0018253242204015,D,17,-36.38664707721578,-55.75466621558534,-25.7398735779824,-48.3494592023276,-32.942208488686134,-53.35893751952996,-21.8005,0.0,13.396000000000015,625.29,-0.03486462281501383,0.0,0.021423659422028205,-0.013441411185210065
TFLLGLLLIVLLAIL,Mutant,,clash,11.0,LLLTFLLGLLLGVLLAILILI,0.9724496384357292,LLLTFLLGLLLIVLLAILILI_2,110011001100110000,1,-44.9935,-49.5496,-44.9935,-238.085,-231.263,-248.059,-356.907,4618.57,4052.95,3559.95,-8.37907,32004.5,-82.2075,31928.4,-63.8543,-81.7552,56.7688,-32.0031,11.1132,6.42707,5.7786,22213.6,-75.4208,48.7219,-40.9997,31647.6,7.4067,4.39057,3.6214,2,LLLTFLLGLLLIVLLAILILI,0.3956750334863022,0.000618740534358,D,15,-61.58388226457856,-67.09630626609669,-52.91511600173296,-59.67144277187468,-58.715270500681385,-64.63931871803649,-18.353199999999994,0.0,9.97399999999999,565.6199999999999,-0.032447933241398816,0.0,0.01763374703864784,-0.014813956366465122
TALLASLLGLLLLFL,Mutant,,clash,,LLLTALLASLLGLLLGFLILI,0.2936905139358041,LLLTALLASLLGLLLLFLILI_1,110011001100110000,1,-60.2627,-60.2627,-60.2627,-231.437,-223.507,-245.111,-368.873,4560.72,3914.24,3615.72,-8.37029,648.788,-85.5439,563.685,-63.4993,-64.9401,65.2161,-41.133,8.17302,5.0452,4.52344,648.484,-57.4425,60.2182,-40.5871,283.898,6.8394,3.24583,2.6491,1,LLLTALLASLLGLLLLFLILI,0.2011300004239285,0.0011712461901781,D,17,17.23717064818323,7.216566935570573,4.004084691147983,-4.885448478417203,24.93247096429962,14.254127436822705,-22.044599999999996,0.0,13.673999999999978,646.4800000000005,-0.03409943076351933,0.0,0.02115146640267289,-0.012947484840985018
AYLLGLLLITLLGFL,Mutant,,clash,,LLLAYLLGLLLGTLLGFLILI,0.7663068126817809,LLLAYLLGLLLITLLGFLILI_2,110011001100110000,1,-60.2305,-50.2442,-58.7122,-240.497,-221.009,-244.98,-344.994,4631.52,4079.89,3485.12,-8.22999,149292.0,-52.4962,149218.0,-41.3015,-87.3024,62.6105,-37.7176,10.9958,8.04778,7.48693,135080.0,-82.6456,43.881,-35.0,148947.0,7.5,4.82078,3.979,2,LLLAYLLGLLLITLLGFLILI,0.1425789240414659,0.0012888012703741,D,14,-67.96125339293955,-69.11186102279369,-59.03485349278892,-60.50603495651392,-61.07752528050029,-62.47534826447407,-11.194700000000005,-1.5182999999999964,4.482999999999976,551.6300000000006,-0.0202938563892464,-0.002752388376266691,0.008126824139368728,-0.014919402498051217
VLLLFALLGTLLSYL,Mutant,,clash,,LLLVGLLFALLGTLLSYLILI,0.1365101727830091,LLLVLLLFALLGTLLSYLILI_2,110011001100110000,1,-74.8967,-72.8342,-74.0315,-222.685,-212.232,-243.197,-357.746,4566.71,3798.78,3627.47,-8.22625,208.46,-68.3906,135.781,-40.5177,-51.9092,74.0221,-53.0119,7.71079,4.27936,3.88969,174.573,-59.8906,63.2894,-39.6145,-149.286,6.7452,4.02766,3.477,2,LLLVLLLFALLGTLLSYLILI,0.083573735224088,0.0011122569079362,D,17,52.69696940971814,37.46645943702706,15.082793256615872,3.604047888219049,29.96359251974249,17.000586118171295,-27.87290000000001,-0.8652000000000015,20.512,767.9299999999998,-0.03629614678421212,-0.0011266651908377087,0.026710767908533335,-0.010712239396820025
AFLLILLLGVLLGTL,Mutant,,clash,,LLLAFLLGLLLGVLLGTLILI,1.0430574475449934,LLLAFLLILLLGVLLGTLILI_0,110011001100110000,1,-58.7316,-68.8288,-58.7316,-222.654,-214.356,-238.948,-348.959,4573.1,3939.84,3385.6,-8.21586,135167.0,-75.7893,135102.0,-51.2797,-79.496,55.6446,-43.7079,9.36553,5.93642,5.27109,125430.0,-83.578,48.738,-35.1079,134818.0,6.9512,5.61633,4.8474,0,LLLAFLLILLLGVLLGTLILI,0.2840127857126837,0.0012585920986134,D,14,-73.75016026847359,-76.74322488453403,-67.22541973633965,-70.96244965715776,-72.4440961417429,-75.58608106985113,-24.5096,0.0,16.29400000000001,633.2600000000002,-0.03870384991946434,0.0,0.025730347724473367,-0.012973912768846914
TVLLILLLGALLSFL,Mutant,,clash,,LLLTVLLGLLLGALLSFLILI,0.4348343854196952,LLLTVLLILLLGALLSFLILI_2,110011001100110000,1,-60.2903,-60.2903,-60.2903,-233.619,-230.27,-243.304,-365.694,4557.5,4080.93,3734.36,-8.19351,232327.0,-79.9781,232252.0,-62.0998,-96.3917,51.0494,-32.4185,10.2421,7.85043,7.11617,216564.0,-101.046,32.942,-43.0962,234022.0,7.3877,6.10407,5.0982,2,LLLTVLLILLLGALLSFLILI,0.160423651938236,0.001248167129119,D,15,-94.14227604612891,-94.81112220233472,-92.38274006083444,-93.25249341064269,-94.05216323736413,-94.73129864691164,-17.878299999999996,0.0,9.685000000000002,476.57000000000016,-0.03751453091885765,0.0,0.020322303124409843,-0.017192668443250722
ALLLGILLILLLGFL,Mutant,,clash,,LLLALLLGILLGLLLGFLILI,1.0758784747462131,LLLALLLGILLILLLGFLILI_1,110011001100110000,1,-44.9506,-47.1252,-44.9506,-233.562,-231.063,-240.319,-353.57,4589.6,4059.22,3407.19,-8.16308,25732900.0,-83.2208,25732900.0,-68.3007,-74.8142,65.1633,-39.4047,10.4557,6.51918,5.99663,25583600.0,-80.9675,41.2498,-36.7766,25738500.0,6.7833,4.21385,3.3326,1,LLLALLLGILLILLLGFLILI,0.1644479997034578,0.0012035865786664,D,14,-12.955831136445076,-26.469692228117424,-10.308152811352272,-24.233073685292435,0.5899536330702138,-15.026930052107137,-14.92009999999999,0.0,6.756999999999977,530.3800000000006,-0.028130962705984343,0.0,0.01273992231984609,-0.015391002677325676
TFLLAVLLGILLLLL,Mutant,,clash,,LLLTFLLAVLLGILLALLILI,0.3127673675270254,LLLTFLLAVLLGILLLLLILI_1,110011001100110000,1,-51.7411,-51.4592,-44.9822,-233.856,-232.398,-248.116,-360.643,4666.62,3794.67,3674.93,-8.12299,2661.15,-83.1686,2584.36,-67.5448,-69.4342,42.9135,-49.6794,6.9778,2.70845,1.85216,2605.89,-70.6256,40.5984,-41.2559,2304.61,6.8843,2.57462,1.6836,1,LLLTFLLAVLLGILLLLLILI,0.1763228407281732,0.0013010230472321,D,17,-55.88959257713743,-62.52074276915223,-55.72195568395352,-62.37830685418121,-58.96304479097486,-65.13216063715922,-15.623800000000003,-6.758900000000004,14.26000000000002,871.9499999999998,-0.0179182292562647,-0.0077514765754917204,0.01635414874706121,-0.00931588967257297
YGLLFVLLILLLATL,Mutant,,clash,,LLLYGLLFVLLGLLLATLILI,0.031488856563602,LLLYGLLFVLLILLLATLILI_0,110011001100110000,1,-58.7786,-60.9714,-58.7786,-244.177,-232.943,-250.959,-351.024,4711.65,4116.28,3754.36,-8.07582,444105.0,-56.1445,444047.0,-41.2863,-71.1456,58.3754,-35.4081,9.52914,5.05252,4.42816,422849.0,-69.9791,45.3649,-42.8506,443753.0,6.8462,3.12113,2.3016,0,LLLYGLLFVLLILLLATLILI,0.17117471445264,0.0006021895687216,D,15,-7.443667731835964,-18.798298035317355,-24.54041760696171,-33.797651984460444,-12.22365876755547,-22.991889094563085,-14.858200000000004,0.0,6.782000000000011,595.3699999999999,-0.024956245695953786,0.0,0.01139123570216842,-0.013564371735223478
TALLGVLLGLLLLFL,Mutant,,clash,,LLLTALLGVLLGLLLGFLILI,0.9629891707359766,LLLTALLGVLLGLLLLFLILI_1,110011001100110000,1,-44.9633,-47.4364,-44.9633,-232.056,-223.885,-243.886,-353.404,4554.0,3920.8,3572.22,-8.06553,5182260.0,-84.4507,5182180.0,-64.555,-74.9563,55.4801,-49.7798,8.12361,5.23326,4.56546,23737.9,-73.5676,38.1677,-45.0,20565.9,6.5,2.68778,1.7603,1,LLLTALLGVLLGLLLLFLILI,0.2243677707497458,0.0014071216737711,D,17,-17.154255151713528,-23.9085899739266,-17.30211652386621,-24.04439634896845,-14.460780164660529,-21.43471144208235,-19.89569999999999,0.0,11.829999999999984,633.1999999999998,-0.0314208780795957,0.0,0.018682880606443443,-0.012737728995578021
YFLLITLLGLLLGVL,Mutant,,clash,7.0,LLLYFLLATLLGLLLGVLILI,0.3739405596142851,LLLYFLLITLLGLLLGVLILI_0,110011001100110000,1,-51.6271,-55.8891,-58.6761,-230.741,-218.434,-249.487,-344.745,4740.22,3880.07,3572.2,-8.05665,807.587,-70.4337,737.165,-36.5822,-66.2362,54.525,-44.5053,8.73951,3.7963,3.11418,734.441,-67.2353,46.0087,-37.4675,462.842,6.9823,2.79647,1.9866,0,LLLYFLLITLLGLLLGVLILI,0.0617079343099093,0.0014452149215512,D,15,-76.88603186566704,-81.49461057765015,-72.67895407230509,-78.1263610220647,-76.93225250512069,-81.53161551455534,-33.8515,7.0489999999999995,18.74599999999998,860.1500000000001,-0.03935534499796547,0.00819508225309539,0.021793873161657824,-0.009366563971400335
VYLLFTLLIGLLALL,Mutant,,clash,,LLLVYLLFTLLGGLLALLILI,0.1674973145539238,LLLVYLLFTLLIGLLALLILI_0,110011001100110000,1,-63.9038,-55.5511,-58.7506,-231.066,-224.92,-244.79,-346.391,4715.97,3923.14,3722.97,-8.01099,1095300.0,-59.4317,1095230.0,-42.8501,-37.7793,76.3453,-41.5136,9.24234,2.47351,2.11869,1037570.0,-44.9843,61.9817,-41.7735,1094950.0,6.6369,1.61517,1.04489,0,LLLVYLLFTLLIGLLALLILI,0.2692791097864318,0.0003905507988452,D,15,-79.87724618750967,-83.96268448800897,-74.92901649385615,-80.01907311342332,-82.65555739809727,-86.17692682729748,-16.5816,-5.153199999999998,13.72399999999999,792.8300000000004,-0.02091444571976337,-0.00649975404563399,0.017310142149010485,-0.010104297264230662
AYLLLVLLGFLLGLL,Mutant,,clash,,LLLAYLLGVLLGFLLGLLILI,0.711993382408132,LLLAYLLLVLLGFLLGLLILI_0,110011001100110000,1,-44.8823,-56.2413,-44.8823,-223.959,-220.843,-243.445,-336.981,4681.45,3965.3,3565.35,-8.00034,348392.0,-76.1399,348332.0,-48.654,-69.5602,51.528,-53.0129,8.92353,3.8903,3.16322,340206.0,-79.0932,48.1108,-39.972,348055.0,7.1758,4.85894,4.0806,0,LLLAYLLLVLLGFLLGLLILI,0.5805725407308239,0.0012283972903749,D,16,-90.82204396286102,-92.06637998762956,-96.9375597461507,-97.3527616403574,-99.93574480421384,-99.94445644486366,-27.485899999999994,0.0,19.48599999999999,716.1499999999996,-0.03838008797039728,0.0,0.027209383509041403,-0.011171318857781196
AFLLITLLGVLLGLL,Mutant,,clash,7.0,LLLAFLLGTLLGVLLGLLILI,0.974144290437726,LLLAFLLITLLGVLLGLLILI_1,110011001100110000,1,-58.6867,-55.5567,-58.6867,-230.179,-227.425,-234.96,-346.895,4558.44,4109.29,3500.59,-7.95335,67884700000000.0,-65.9832,67884700000000.0,-53.2484,-95.3893,41.7466,-37.4781,10.7973,6.44417,5.57037,21903900.0,-94.1397,39.8563,-36.5769,39388000.0,6.9528,6.00156,5.0994,1,LLLAFLLITLLGVLLGLLILI,0.3844960999101,0.0007171586082918,D,14,-77.45765459395606,-79.97653696664193,-72.85300599245926,-75.88641194225316,-78.04990288775616,-80.50260741778035,-12.7348,0.0,4.781000000000006,449.14999999999964,-0.028353111432706246,0.0,0.0106445508182122,-0.017707558722030517
YTLLIALLGILLSVL,Mutant,,clash,,LLLYTLLGALLGILLSVLILI,0.4866664342253504,LLLYTLLIALLGILLSVLILI_0,110011001100110000,1,-60.4056,-64.1463,-60.289,-236.35,-223.852,-247.717,-363.241,4607.69,3857.56,3706.32,-7.81439,166.668,-74.2994,91.4249,-55.2346,-64.3343,85.3395,-43.0868,7.8458,7.67098,7.45107,133.799,-64.0853,70.854,-39.869,-196.573,7.1308,5.67809,5.2409,0,LLLYTLLIALLGILLSVLILI,0.1121874904951561,0.0011644068497737,D,15,-97.78143424326151,-98.19102023360146,-97.05855912843136,-97.60160049141489,-97.97146705688992,-98.34596967053452,-19.064800000000005,-0.11659999999999826,11.367000000000019,750.1299999999997,-0.025415328009811652,-0.000155439723781209,0.015153373415274717,-0.01041738098729554
TALLIILLGLLLGFL,Mutant,,clash,,LLLTALLGILLGLLLGFLILI,0.7199771243413153,LLLTALLIILLGLLLGFLILI_0,110011001100110000,1,-44.9667,-53.5139,-44.9667,-228.05,-224.174,-243.157,-351.258,4550.95,3757.29,3408.46,-7.77418,31711.8,-86.0163,31638.2,-63.1344,-82.5562,52.2801,-34.6258,9.11112,5.94124,5.22544,31639.2,-80.1891,50.0903,-39.6088,31360.5,6.6695,5.29055,4.5419,0,LLLTALLIILLGLLLGFLILI,0.3838681959112791,0.0021104211033839,D,15,-50.99319372663636,-57.46330740561218,-46.11765385738029,-53.231459700756766,-45.720400209384046,-52.886653385230765,-22.8819,0.0,15.107,793.6599999999999,-0.028830859562029087,0.0,0.019034599198649298,-0.009795353173903185
TLLLGLLLGVLLLIL,Mutant,,clash,,LLLTLLLGLLLGVLLGILILI,0.8585368442300892,LLLTLLLGLLLGVLLLILILI_1,110011001100110000,1,-44.9695,-52.6744,-44.9695,-230.694,-208.792,-242.81,-373.138,4615.71,3659.45,3478.81,-7.67027,138054000.0,-105.144,138054000.0,-85.3582,-75.1948,62.6958,-44.0475,7.92537,6.24315,5.68358,4219760.0,-85.5673,40.094,-37.7266,4220450.0,7.033,4.74779,3.8492,1,LLLTLLLGLLLGVLLLILILI,0.3594539292681399,0.000672511076403,D,17,-19.45351742524877,-25.587349621599465,-21.90572488674743,-27.852814861729087,-25.34283889219381,-31.0281833523472,-19.78580000000001,0.0,12.116000000000014,956.2600000000002,-0.02069081630518897,0.0,0.012670194298621726,-0.008021113504695374
AVLLGSLLIILLTLL,Mutant,,clash,,LLLAVLLGSLLGILLTLLILI,1.3335913814827702,LLLAVLLGSLLIILLTLLILI_1,110011001100110000,1,-74.0355,-56.4815,-74.0355,-231.434,-228.679,-240.857,-385.589,4491.79,3784.42,3553.99,-7.64524,11864.9,-87.765,11764.4,-70.6964,-78.3786,62.1384,-40.4311,9.36427,6.64548,6.07756,11244.9,-69.2457,60.3937,-41.8114,11477.5,6.8012,5.04,4.4459,1,LLLAVLLGSLLIILLTLLILI,0.0989241696648936,0.0001800699205276,D,14,-33.01846623987002,-40.9855428199963,-32.03714665708995,-40.12094568035384,-32.13386831491497,-40.206162841169146,-17.068600000000004,0.0,9.423000000000002,707.3699999999999,-0.024129663401048964,0.0,0.013321175622375848,-0.010807978851237686
GALLALLLLTLLSFL,Mutant,,clash,,LLLGALLALLLGTLLSFLILI,0.106712600001147,LLLGALLALLLLTLLSFLILI_2,110011001100110000,1,-74.0721,-62.3056,-74.0721,-234.41,-223.967,-244.012,-375.834,4570.54,4064.82,3657.34,-7.6226,23713.5,-74.9743,23623.9,-57.7501,-87.8255,69.9508,-44.2123,9.41823,9.11718,8.66644,14565.6,-84.1071,54.9836,-41.1247,23337.6,7.4834,6.53885,5.8636,2,LLLGALLALLLLTLLSFLILI,0.1711312622659098,0.0008088523871708,D,16,13.282867252711265,-3.5638824947878365,-3.068127035944318,-17.48325481284773,7.099011077612502,-8.828112604772834,-17.224199999999996,0.0,9.602000000000004,505.7199999999998,-0.03405876769754015,0.0,0.01898679110970499,-0.015072767539349845
LVLLGILLITLLAFL,Mutant,,clash,,LLLLVLLGILLGTLLAFLILI,0.306946398251694,LLLLVLLGILLITLLAFLILI_2,110011001100110000,1,-58.7441,-45.3898,-58.7441,-234.722,-229.663,-242.85,-360.303,4605.41,4099.39,3543.56,-7.57259,3805740.0,-74.4093,3805650.0,-58.7087,-69.9924,69.4948,-33.7164,10.8267,6.38067,5.92309,3576520.0,-71.59,53.248,-43.6275,5079900.0,6.8881,4.42698,3.7257,2,LLLLVLLGILLITLLAFLILI,0.1463050001333716,0.0009975062229472,D,14,-11.007741992370647,-23.45776741295345,-18.40147214060028,-29.81711400513828,5.681893410534332,-9.103013601755158,-15.700600000000001,0.0,8.127999999999986,506.0199999999995,-0.031027627366507285,0.0,0.016062606221097966,-0.014965001383344546
YILLLVLLGLLLAFL,Mutant,,clash,,LLLYILLGVLLGLLLAFLILI,0.8030470747528091,LLLYILLLVLLGLLLAFLILI_0,110011001100110000,1,-44.9335,-52.3416,-44.9335,-242.383,-228.256,-250.481,-350.592,4685.72,4197.14,3601.5,-7.54399,149137.0,-70.8189,149067.0,-55.1768,-95.4565,37.5894,-36.6142,10.7401,5.89305,4.95689,143323.0,-84.7749,35.5377,-45.0,148787.0,7.0209,4.01383,3.0469,0,LLLYILLLVLLGLLLAFLILI,0.01754640806157,0.0011449117844523,D,17,-88.71932514561747,-90.9224768413082,-87.07078976185147,-89.59590566385377,-90.37236432399332,-92.25267220795348,-15.6421,0.0,8.097999999999985,488.5799999999999,-0.03201543247779279,0.0,0.016574563019362203,-0.01544064431618159
ALLLGTLLLILLSFL,Mutant,,clash,,LLLALLLGTLLGILLSFLILI,0.9506043019124542,LLLALLLGTLLLILLSFLILI_1,110011001100110000,1,-74.0727,-75.5292,-74.0552,-235.086,-234.711,-243.581,-374.367,4565.51,3999.34,3502.32,-7.51912,498139.0,-72.7276,498075.0,-56.7313,-64.8986,81.1202,-48.4811,9.21597,7.18602,6.90282,69521.9,-70.183,60.097,-37.4728,71039.3,7.1099,5.14054,4.54199,1,LLLALLLGTLLLILLSFLILI,0.2058930610028526,0.0007817347624947,D,16,33.50491784227145,5.513554088245166,5.085211898088272,-16.947522468173133,6.0069093133566485,-16.21907312225606,-15.996299999999998,-0.017499999999998295,8.494999999999976,566.1700000000001,-0.0282535280922691,-3.0909444159878295e-05,0.01500432732218234,-0.01328067541551124
YFLLLILLGLLLATL,Mutant,,clash,,LLLYFLLGILLGLLLATLILI,1.2318104789757995,LLLYFLLLILLGLLLATLILI_0,110011001100110000,1,-58.7859,-66.4454,-58.7859,-232.977,-227.378,-251.519,-353.964,4755.37,3874.91,3598.66,-7.48688,51926.2,-69.6879,51866.0,-43.6595,-80.2098,48.1913,-37.6948,9.5216,5.03731,4.26018,45794.8,-78.7668,42.2799,-44.9187,51572.2,6.9365,4.0228,3.157,0,LLLYFLLLILLGLLLATLILI,0.0094667245076596,0.0011173221591053,D,17,-84.76855243894151,-88.50944523458786,-82.82257596910966,-87.0414068810978,-86.35195047002435,-89.70395558684874,-26.028399999999998,0.0,18.542,880.46,-0.02956227426572473,0.0,0.021059446198578018,-0.00850337323671717
LILLFALLGILLSTL,Mutant,,clash,,LLLLALLFALLGILLSTLILI,0.1559978206308831,LLLLILLFALLGILLSTLILI_0,110011001100110000,1,-74.2512,-79.0527,-74.1345,-228.008,-219.449,-240.489,-371.472,4509.97,3967.75,3692.5,-7.40002,40.2296,-76.6119,-32.7401,-56.8482,-56.3267,75.7508,-38.9992,8.7066,5.17536,4.81162,35.8037,-54.9267,67.0486,-40.0719,-331.242,7.1275,3.79057,3.2963,0,LLLLILLFALLGILLSTLILI,0.1439785365277806,0.0003564461871866,D,14,-36.83880821856676,-49.27774723255856,-38.73857786101132,-50.803377026521865,-41.38742267202618,-52.93055943484235,-19.763700000000007,-0.11669999999999447,12.480999999999995,542.2200000000003,-0.03644959610490207,-0.00021522629191102213,0.023018332042344415,-0.013647633801777869
LFLLATLLGVLLLIL,Mutant,,clash,,LLLLFLLATLLGVLLAILILI,0.32019100265547,LLLLFLLATLLGVLLLILILI_2,110011001100110000,1,-66.3565,-66.3997,-58.7606,-226.945,-226.894,-243.061,-361.232,4667.65,3827.9,3604.18,-7.18631,1737.38,-75.1169,1669.44,-59.4103,-63.7306,50.6626,-48.0609,6.68785,2.89903,2.15897,1686.3,-60.6662,45.6178,-42.1957,1427.51,6.5,1.75833,0.942597,2,LLLLFLLATLLGVLLLILILI,0.2454715960903692,0.0006593296755042,D,16,-58.04481814939052,-65.01073852396769,-54.76994565544522,-62.27960103541324,-61.06635137729792,-67.53059927790783,-15.706600000000002,-7.5959,16.116000000000014,839.7499999999995,-0.018703899970229247,-0.009045430187555825,0.01919142601964873,-0.008557677880321529
AVLLILLLGFLLGTL,Mutant,,clash,,LLLAVLLGLLLGFLLGTLILI,1.4857465870215445,LLLAVLLILLLGFLLGTLILI_0,110011001100110000,1,-58.754,-63.9938,-58.754,-227.51,-219.028,-238.534,-351.599,4531.34,4150.64,3658.44,-7.17075,5590.43,-72.5054,5521.85,-54.3112,-75.6634,53.2463,-53.1329,9.39335,5.03775,4.33644,3688.3,-80.2804,39.355,-44.6447,5238.83,7.3257,3.85498,2.9453,0,LLLAVLLILLLGFLLGTLILI,0.4126503672010227,0.0009138828344641,D,14,-78.83295918964815,-81.23141166049336,-72.42644911945544,-75.55082780951187,-79.33372007030894,-81.67543096909009,-18.194199999999995,0.0,11.024000000000001,380.6999999999998,-0.04779143682689783,0.0,0.028957184134489115,-0.018835697399527195
AYLLGVLLILLLAFL,Mutant,,clash,11.0,LLLAYLLGVLLGLLLAFLILI,0.9764539372681192,LLLAYLLGVLLILLLAFLILI_2,110011001100110000,1,-44.9549,-49.4243,-44.9549,-240.101,-232.262,-246.452,-343.201,4637.83,3974.13,3575.17,-7.00495,375723.0,-65.1503,375662.0,-51.7942,-90.1076,74.5901,-36.0018,9.66811,10.0858,9.70466,349423.0,-91.43,48.2927,-36.5962,387339.0,7.0472,6.73401,5.9584,2,LLLAYLLGVLLILLLAFLILI,0.2146470434152425,0.0010899774794988,D,14,-74.58154032670592,-76.51278107544965,-67.43509078493926,-69.90930363904631,-72.5590209222261,-74.64392841314304,-13.356100000000005,0.0,6.350999999999999,663.6999999999998,-0.020123700467078513,0.0,0.00956908241675456,-0.010554392044598467
SYLLATLLIALLFLL,Mutant,,clash,,LLLSYLLATLLGALLFLLILI,0.0469345500000492,LLLSYLLATLLIALLFLLILI_0,110011001100110000,1,-64.3938,-66.5101,-58.746,-237.166,-236.452,-257.411,-360.375,4654.11,3911.06,3686.55,-6.98049,204849.0,-65.796,204792.0,-44.2181,-45.7705,72.9061,-41.4853,9.18444,3.2079,2.80149,188046.0,-54.8108,60.9952,-45.0,204489.0,6.8684,2.95597,2.3709,0,LLLSYLLATLLIALLFLLILI,0.3876065142002433,0.0010891403169517,D,14,-96.60558571509324,-97.60077320718251,-95.02044569372914,-96.48037066040604,-96.14966177479248,-97.27851880885515,-21.577900000000007,-5.647799999999997,20.245000000000005,743.0499999999997,-0.029039633941188366,-0.0076008343987618585,0.027245811183635033,-0.009394374537379721
FLLLIILLGVLLATL,Mutant,,clash,,LLLFLLLGILLGVLLATLILI,1.345215291264598,LLLFLLLIILLGVLLATLILI_2,110011001100110000,1,-58.7766,-66.5964,-58.7766,-223.116,-220.534,-240.915,-359.35,4635.3,3908.83,3609.65,-6.84989,70458.2,-84.3072,70385.9,-59.6583,-67.6226,53.5136,-47.7467,8.42687,3.86772,3.17043,64250.1,-72.9898,49.7856,-44.4885,70098.8,6.6061,4.16952,3.4163,2,LLLFLLLIILLGVLLATLILI,0.085767253535996,0.0009908908897297,D,14,-42.59457905133785,-55.1829724748677,-41.16376840549088,-54.06592326525519,-39.8531463844712,-53.04270660347663,-24.648899999999998,0.0,17.798999999999978,726.4700000000003,-0.03392968739245941,0.0,0.02450066761187657,-0.009429006015389483
ALLLGFLLLILLGTL,Mutant,,clash,,LLLALLLGFLLGILLGTLILI,1.0026072385188538,LLLALLLGFLLLILLGTLILI_2,110011001100110000,1,-58.7265,-68.1536,-58.7265,-229.709,-218.548,-239.474,-358.242,4533.5,4218.1,3451.7,-6.7927,754895.0,-76.5989,754823.0,-60.0418,-75.6968,58.2254,-64.9511,9.72081,5.71494,5.08832,697209.0,-68.1464,52.7276,-38.529,754537.0,6.6534,3.84019,3.1311,2,LLLALLLGFLLLILLGTLILI,0.1314053022881419,0.0013249863092691,D,16,-3.705414026999291,-22.303534584069588,-18.555411762030605,-34.28543703256247,-12.788343048424498,-29.63220704740396,-16.5571,0.0,9.764999999999986,315.39999999999964,-0.052495561192137025,0.0,0.030960684844641716,-0.02153677869372228
GYLLASLLIILLTLL,Mutant,,clash,,LLLGYLLASLLGILLTLLILI,0.3196678180721706,LLLGYLLASLLIILLTLLILI_2,110011001100110000,1,-78.0637,-59.8886,-74.16,-233.933,-235.452,-250.807,-383.764,4570.1,3825.12,3628.07,-6.7351,11020.4,-78.502,10932.0,-58.7962,-72.7311,52.7141,-36.3045,9.82856,4.52607,3.81678,9488.42,-70.3334,49.8546,-39.6684,21586.7,7.175,3.78038,3.0282,2,LLLGYLLASLLIILLTLLILI,0.17050225046644,0.0007866845837971,D,14,-93.75366408914122,-94.75809243562246,-91.33058176424656,-92.72464854960052,-93.69059808281229,-94.70516762012284,-19.705799999999996,-3.9037000000000006,16.873999999999995,744.9800000000005,-0.026451448361029806,-0.0052400064431259875,0.022650272490536638,-0.009040645386453322
AYLLITLLGLLLGFL,Mutant,,clash,7.0,LLLAYLLGTLLGLLLGFLILI,0.5626191803813373,LLLAYLLITLLGLLLGFLILI_2,110011001100110000,1,-51.6729,-46.3731,-58.6855,-227.139,-219.581,-243.059,-342.402,4590.96,3936.37,3499.16,-6.65258,56594.8,-70.2428,56518.4,-40.6579,-79.0955,55.0458,-44.7044,8.89457,5.7955,5.12119,49053.6,-81.8261,48.1246,-38.4583,113668.0,6.5,5.27073,4.4926,2,LLLAYLLITLLGLLLGFLILI,0.5425154170964207,0.000250130477591,D,14,-95.7562116389952,-96.59164765653,-93.89780328128543,-95.09908725004816,-95.71331604045602,-96.55719652434136,-29.584900000000005,7.012599999999999,15.919999999999987,654.5900000000001,-0.04519607693365312,0.010712965367634698,0.024320567072518652,-0.01016297224216685
TALLIFLLGILLGLL,Mutant,,clash,,LLLTALLAFLLGILLGLLILI,0.5457337666995189,LLLTALLIFLLGILLGLLILI_2,110011001100110000,1,-44.9899,-50.8807,-44.9899,-229.506,-221.106,-242.655,-350.504,4556.53,3863.72,3452.55,-6.61517,1607.23,-82.6235,1528.71,-62.8591,-77.7289,58.1494,-44.0305,8.93257,6.0095,5.38174,1131.81,-77.6262,50.1878,-35.0,1256.73,7.3742,4.91928,4.1721,2,LLLTALLIFLLGILLGLLILI,0.5627346375316188,0.0007910258577034,D,15,-90.46877916038083,-92.6118679422904,-88.23652416085991,-90.8815340217512,-90.96530726381307,-92.99675202589832,-19.76440000000001,0.0,13.149000000000001,692.81,-0.028527879216524027,0.0,0.01897922951458553,-0.009548317720587174
AYLLIVLLGLLLGFL,Mutant,,clash,7.0,LLLAYLLGVLLGLLLGFLILI,0.6772681950994832,LLLAYLLIVLLGLLLGFLILI_0,110011001100110000,1,-44.9604,-53.6273,-44.9604,-229.557,-226.288,-243.225,-336.747,4628.15,3928.81,3440.56,-6.57834,20360.4,-68.808,20303.5,-48.5611,-72.1052,44.1494,-46.1054,9.20683,3.27594,2.43818,18023.7,-78.3342,38.1851,-39.2997,20023.6,6.6883,3.40512,2.4779,0,LLLAYLLIVLLGLLLGFLILI,0.5222141676634613,0.0004177358623919,D,14,-94.36086256990572,-94.97376856840812,-92.00464503820712,-92.87364336942122,-94.26611530298923,-94.88931918285289,-20.246900000000004,0.0,13.668000000000006,699.3399999999997,-0.028951439929076003,0.0,0.019544141619241017,-0.009406497554837422
LALLFALLLILLSTL,Mutant,,clash,,LLLLALLFALLGILLSTLILI,0.1588646505168585,LLLLALLFALLLILLSTLILI_2,110011001100110000,1,-74.1888,-75.9368,-74.1345,-241.051,-225.004,-240.442,-375.892,4592.79,3877.66,3627.18,-6.54879,529443.0,-67.201,529368.0,-61.3158,-56.0684,90.9766,-41.5654,8.50962,7.19211,7.05676,321951.0,-54.9267,67.0486,-40.0719,529067.0,7.1275,3.79057,3.2963,2,LLLLALLFALLLILLSTLILI,0.1411117066418052,0.0016186266797847,D,16,8.231976740492776,-9.511332730948448,-16.760104042008305,-30.4062673925539,-8.172661808486009,-23.22663133338289,-5.88519999999999,-0.054299999999997794,-0.6089999999999804,715.1300000000001,-0.008229552668745529,-7.593025044397212e-05,-0.000851593416581573,-0.00915748185644568
AYLLGTLLGLLLLFL,Mutant,,clash,,LLLAYLLGTLLGLLLGFLILI,0.8448733264976792,LLLAYLLGTLLGLLLLFLILI_0,110011001100110000,1,-53.5687,-67.2638,-58.6855,-222.583,-222.298,-245.547,-349.996,4598.36,3807.95,3406.81,-6.50344,70916.0,-80.3472,70855.6,-45.7628,-77.5682,49.0954,-55.7402,6.99934,4.76312,3.99955,53352.3,-81.8261,48.1246,-38.4583,70566.0,6.5,5.27073,4.4926,0,LLLAYLLGTLLGLLLLFLILI,0.2602612709800788,7.820222772073559e-05,D,16,-54.93989509690278,-57.642913222201685,-46.27532676540459,-49.49810589211034,-47.23102339935043,-50.39647320271354,-34.5844,5.116799999999998,22.964,790.4099999999999,-0.043755013220986586,0.00647360230766311,0.02905327614782202,-0.008227932338912718
ALLLGLLLIVLLGTL,Mutant,,clash,11.0,LLLALLLGLLLGVLLGTLILI,0.8656396268002315,LLLALLLGLLLIVLLGTLILI_1,110011001100110000,1,-58.7607,-58.7607,-58.7607,-229.342,-225.174,-237.083,-368.3,4542.26,4051.84,3449.62,-6.48871,7258.07,-86.6864,7173.71,-72.4564,-90.0266,66.0629,-36.881,10.2301,8.92249,8.41343,6682.8,-81.7407,58.0906,-35.0,15277.0,6.5862,6.60334,5.9747,1,LLLALLLGLLLIVLLGTLILI,0.3587930466196693,0.0005628682601277,D,14,-24.2359323424654,-33.480784046473104,-8.822003296562816,-19.94768707059066,14.486429465334252,0.5166137564875143,-14.230000000000004,0.0,7.7409999999999854,490.4200000000001,-0.029015945516088253,0.0,0.01578442967252556,-0.013230924513682149
AFLLILLLGTLLGIL,Mutant,,clash,,LLLAFLLGLLLGTLLGILILI,1.4297881781180368,LLLAFLLILLLGTLLGILILI_1,110011001100110000,1,-58.7594,-58.7594,-58.7594,-223.733,-217.624,-240.341,-352.848,4562.29,4006.48,3580.81,-6.44222,273343.0,-76.798,273266.0,-53.7482,-81.4714,54.0152,-46.0688,9.51635,6.01276,5.32299,6470.14,-87.7841,38.6606,-35.7467,6252.52,7.5,4.88679,3.9667,1,LLLAFLLILLLGTLLGILILI,0.1585540351291101,0.0009813178196628,D,14,-80.47405279436425,-83.42731711693416,-75.20961898014833,-78.95911942884929,-80.38091884899276,-83.34826951294161,-23.049800000000005,0.0,16.608000000000004,555.81,-0.04147064644392869,0.0,0.029880714632698233,-0.011590687465140966
TALLIFLLGVLLGLL,Mutant,,clash,,LLLTALLAFLLGVLLGLLILI,0.3911317721134453,LLLTALLIFLLGVLLGLLILI_0,110011001100110000,1,-44.9303,-50.2295,-44.9303,-223.866,-222.423,-241.296,-346.719,4550.72,3669.72,3434.44,-6.36638,1299.18,-84.2896,1225.11,-60.4927,-61.8727,49.2285,-41.6543,7.54674,2.42676,1.66519,1292.85,-63.8279,50.3554,-37.6016,952.459,6.5149,2.87217,2.1275,0,LLLTALLIFLLGVLLGLLILI,0.9403709228660804,0.0006652215780903,D,15,-92.22977370291066,-93.31329099529032,-88.25052820748454,-89.88893040798239,-90.66208770212364,-91.96421058280004,-23.796899999999994,0.0,17.42999999999998,881.0000000000005,-0.027011237230419958,0.0,0.019784335981838784,-0.007226311010215661
YALLILLLGVLLSTL,Mutant,,clash,,LLLYALLALLLGVLLSTLILI,0.1241224088851749,LLLYALLILLLGVLLSTLILI_1,110011001100110000,1,-74.1828,-64.1006,-74.1828,-229.967,-226.264,-247.858,-373.068,4657.76,3953.85,3699.18,-6.35653,1673.69,-75.2741,1590.99,-51.0271,-74.2415,57.0905,-41.3473,8.64223,5.34345,4.69981,1617.64,-72.2819,58.8241,-37.2216,8690.15,7.0527,5.28354,4.6659,1,LLLYALLILLLGVLLSTLILI,0.1606378069119969,0.0011676739598672,D,15,-96.93415074288764,-97.8554024795054,-95.50361723379925,-96.85472750846488,-96.87913528164091,-97.8169185189829,-24.247000000000007,0.0,17.89099999999999,703.9100000000003,-0.03444616499268372,0.0,0.025416601554175935,-0.009030316375673022
GYLLLFLLGLLLGTL,Mutant,,clash,,LLLGYLLAFLLGLLLGTLILI,0.8200530265743684,LLLGYLLLFLLGLLLGTLILI_0,110011001100110000,1,-58.7749,-60.6219,-58.7749,-229.38,-221.571,-245.659,-346.4,4639.84,3681.55,3518.5,-6.34773,1813.71,-64.5922,1749.5,-41.9654,-62.2073,55.8564,-36.4818,8.61535,3.37171,2.70956,773.661,-61.4169,47.8691,-36.8365,1467.31,7.2814,2.17486,1.3929,0,LLLGYLLLFLLGLLLGTLILI,0.6196995073305007,0.0003440112553598,D,16,-89.47226095369469,-91.49337578132013,-85.01763558200624,-87.89394917079356,-89.52429899599963,-91.53542356280644,-22.626800000000003,0.0,16.278999999999996,958.29,-0.023611641569879684,0.0,0.016987550741424825,-0.006624017781673606
YFLLAALLGLLLLTL,Mutant,,clash,,LLLYFLLAALLGLLLGTLILI,0.1618285395067101,LLLYFLLAALLGLLLLTLILI_0,110011001100110000,1,-58.1786,-59.65,-58.6834,-225.91,-222.753,-248.11,-347.551,4775.75,3822.55,3730.2,-6.34078,75.8822,-69.8032,10.7337,-40.7585,-54.4083,77.2623,-42.6848,7.14019,5.09167,4.7506,58.7061,-60.9139,62.9834,-44.4576,-271.669,6.862,4.13985,3.5846,0,LLLYFLLAALLGLLLLTLILI,0.0757633587052613,0.0007088673043893,D,17,-24.65027658697737,-35.67405646789034,-32.169962865774494,-42.09360113294061,-25.600209026406105,-36.48501233727116,-29.044700000000006,0.5047999999999959,22.200000000000017,953.1999999999998,-0.030470730172052048,0.0005295845572807344,0.023289970625262297,-0.006652098195551826
AFLLGLLLITLLGVL,Mutant,,clash,,LLLAFLLGLLLGTLLGVLILI,1.1911067641062325,LLLAFLLGLLLITLLGVLILI_0,110011001100110000,1,-58.6456,-55.2245,-58.6456,-228.063,-219.722,-239.039,-348.962,4582.16,4086.58,3394.34,-6.30439,16192800.0,-68.5586,16192700.0,-51.2775,-72.8199,55.9364,-36.5768,11.5562,4.9744,4.31344,15593600.0,-70.7932,46.6401,-35.0,16192500.0,7.2306,3.4154,2.615,0,LLLAFLLGLLLITLLGVLILI,0.2682659396753599,0.0007374224163452,D,14,-18.74306298872576,-26.837396594666103,-22.213453725922705,-29.96208761190019,-3.180580380628445,-12.825156102501694,-17.281099999999995,0.0,10.975999999999999,495.5799999999999,-0.034870454820614225,0.0,0.022147786432059408,-0.01272123572379838
ALLLIVLLGFLLGTL,Mutant,,clash,,LLLALLLGVLLGFLLGTLILI,1.0170952588971998,LLLALLLIVLLGFLLGTLILI_0,110011001100110000,1,-58.7215,-64.9527,-58.7215,-221.921,-219.55,-237.977,-348.533,4606.65,4047.21,3609.51,-6.2562,12792.4,-74.1465,12728.3,-51.8339,-73.994,44.0774,-53.3649,9.24426,3.54955,2.71071,11370.1,-80.2804,39.355,-44.6447,12443.8,7.3257,3.85498,2.9453,0,LLLALLLIVLLGFLLGTLILI,0.2972437484595543,0.0015264665542821,D,14,-66.32061958231928,-71.74937791764233,-60.70618624060262,-67.03993158649308,-67.0104901452892,-72.32804867460125,-22.312600000000003,0.0,16.05600000000001,559.4399999999996,-0.03988381238381242,0.0,0.02870012870012874,-0.01118296868296869
AYLLGTLLGLLLIFL,Mutant,,clash,,LLLAYLLGTLLGLLLGFLILI,0.7622543010309846,LLLAYLLGTLLGLLLIFLILI_2,110011001100110000,1,-51.6914,-67.2967,-58.6855,-239.496,-222.29,-245.687,-347.796,4566.65,3809.13,3408.94,-6.24429,1279600.0,-62.8533,1279540.0,-43.4235,-80.555,76.0052,-44.8664,8.07703,8.84395,8.48403,1156310.0,-81.8261,48.1246,-38.4583,1279250.0,6.5,5.27073,4.4926,2,LLLAYLLGTLLGLLLIFLILI,0.3428802964467734,0.0007513027747323,D,14,-41.188759071682426,-45.42740368155456,-36.50186816793198,-41.078306447052725,-35.52144403873366,-40.16854345992553,-19.4298,6.994099999999996,6.1910000000000025,757.5199999999995,-0.025649223782870434,0.009232891540817405,0.008172721512303313,-0.008243069489914464
TVLLGALLGLLLLFL,Mutant,,clash,,LLLTVLLGALLGLLLGFLILI,0.2393913900638565,LLLTVLLGALLGLLLLFLILI_1,110011001100110000,1,-44.9305,-56.7803,-44.9305,-227.269,-223.3,-241.424,-350.735,4551.0,3788.86,3630.73,-6.24214,931.055,-84.7775,860.4,-64.3803,-66.0217,64.211,-40.0408,7.80096,5.07175,4.53491,313.283,-59.3652,64.0781,-38.2792,-41.2304,6.5,4.05533,3.5165,1,LLLTVLLGALLGLLLLFLILI,0.2393291610138299,0.0009401594727616,D,17,-14.260566065844351,-16.35669293448243,-13.740429460183895,-15.849272441635648,-2.3800204670994183,-4.766598645023419,-20.397199999999998,0.0,14.155000000000001,762.1399999999999,-0.026763061904636946,0.0,0.01857270317789383,-0.008190280001049677
AYLLGLLLGVLLLTL,Mutant,,clash,,LLLAYLLGLLLGVLLGTLILI,0.6229404525622242,LLLAYLLGLLLGVLLLTLILI_1,110011001100110000,1,-58.7113,-58.7113,-58.7113,-228.885,-227.149,-242.964,-359.737,4594.67,3751.33,3356.84,-6.19799,5366480000.0,-78.3388,5366480000.0,-58.0613,-71.7096,63.4101,-50.4474,8.81644,5.8168,5.26795,4961140.0,-78.1031,43.7429,-35.0,3481320.0,7.2077,4.12076,3.2769,1,LLLAYLLGLLLGVLLLTLILI,0.5021275172409903,0.0011110681761119,D,16,-78.06569430849333,-78.33091943620218,-73.2511844470545,-73.5746256409938,-81.50955754576307,-81.7331401852271,-20.277500000000003,0.0,14.079000000000008,843.3400000000001,-0.024044276329831384,0.0,0.016694334432138882,-0.007349337159390043
YLLLAVLLITLLAFL,Mutant,,clash,,LLLYLLLAVLLGTLLAFLILI,0.0153975526862081,LLLYLLLAVLLITLLAFLILI_1,110011001100110000,1,-58.6831,-45.8848,-58.6831,-241.263,-235.147,-251.088,-355.181,4701.96,4065.49,3767.73,-6.08422,1886940.0,-61.3191,1886860.0,-45.41,-68.6943,68.392,-31.095,9.42098,6.03706,5.56294,1694880.0,-64.2017,54.9837,-44.9781,2867290.0,6.5586,3.55305,2.8778,1,LLLYLLLAVLLITLLAFLILI,0.0134929632388751,0.0006951567803132,D,15,-11.18783031799354,-22.97630439426944,-22.022380235612086,-32.37273145902585,-18.435441806111168,-29.26190492771152,-15.909100000000002,0.0,9.824999999999989,636.4700000000003,-0.024995836410200003,0.0,0.015436705579210308,-0.009559319370905145
AFLLIVLLGLLLGTL,Mutant,,clash,,LLLAFLLGVLLGLLLGTLILI,0.848286789183458,LLLAFLLIVLLGLLLGTLILI_0,110011001100110000,1,-58.7167,-68.6087,-58.7167,-224.887,-216.395,-238.949,-349.363,4603.86,4044.53,3425.29,-6.02337,130066.0,-71.7825,130001.0,-51.6967,-80.8223,52.1524,-47.8912,9.89818,5.66392,4.9462,98044.0,-83.578,48.738,-35.1079,129716.0,6.9512,5.61633,4.8474,0,LLLAFLLIVLLGLLLGTLILI,0.3305214694197265,0.0011146125934803,D,14,-81.25883227386524,-84.7373836699037,-76.02199237177804,-80.47255453141648,-81.05791313695464,-84.57375716888455,-20.0858,0.0,14.062000000000012,559.3299999999995,-0.035910464305508406,0.0,0.025140793449305462,-0.010768902079273427
VFLLATLLLLLLSIL,Mutant,,clash,,LLLVFLLATLLGLLLSILILI,0.5767732362993568,LLLVFLLATLLLLLLSILILI_1,110011001100110000,1,-74.0732,-66.1261,-74.0732,-235.298,-242.969,-246.482,-382.132,4686.59,4125.46,3634.63,-5.95714,94825.7,-78.7175,94752.7,-61.5762,-76.8468,63.0472,-46.7077,9.90379,6.53839,5.9841,94455.5,-78.5324,48.359,-40.7581,97704.7,7.3267,4.80832,4.0337,1,LLLVFLLATLLLLLLSILILI,0.1609609076913903,0.0017566311515775,D,17,-36.609724769271736,-46.14190792450964,-41.12518082769349,-49.97836150153121,-47.53059129227184,-55.420571451352366,-17.1413,0.0,11.183999999999997,561.1300000000001,-0.030547823142587274,0.0,0.01993121023648708,-0.010616327767184073
GALLLLLLGTLLGFL,Mutant,,clash,,LLLGALLALLLGTLLGFLILI,0.002152778110138,LLLGALLLLLLGTLLGFLILI_0,110011001100110000,1,-58.7121,-64.2121,-58.7121,-221.755,-213.445,-236.338,-348.621,4537.42,3967.29,3486.71,-5.88145,12771.8,-74.0355,12700.8,-53.5717,-63.2217,82.972,-43.064,8.83704,7.18448,6.92906,9693.6,-76.6587,59.1886,-35.0,12423.2,7.2022,5.98927,5.3771,0,LLLGALLLLLLGTLLGFLILI,0.2278355044957745,0.000868130378348,D,16,-20.908282700549897,-35.98579244898087,-23.953507655918035,-38.45049632681454,-29.455484228505803,-42.9036133191412,-20.4638,0.0,14.582999999999998,570.1300000000001,-0.03589321733639696,0.0,0.025578376861417562,-0.01031598056583586
YVLLTILLGLLLLAL,Mutant,,clash,,LLLYVLLTILLGLLLGALILI,0.003980906329142,LLLYVLLTILLGLLLLALILI_1,110011001100110000,1,-58.7586,-58.7586,-58.7586,-231.801,-229.207,-249.319,-369.157,4670.09,4021.49,3738.44,-5.84282,3762.47,-84.4402,3681.28,-61.079,-38.3287,72.7402,-42.1274,9.00145,2.06923,1.66033,3450.58,-39.1035,62.7825,-44.0154,4571.38,7.1407,0.841163,0.282901,1,LLLYVLLTILLGLLLLALILI,0.193001480505212,0.0010151872090422,D,17,-17.570607068829123,-31.343848055373048,-28.07609013221004,-40.0939554600636,-16.772162485424218,-30.6788166789636,-23.361200000000004,0.0,17.518,648.6000000000004,-0.03601788467468392,0.0,0.027008942337341954,-0.009008356460067833
TFLLVALLLLLLGYL,Mutant,,clash,,LLLTFLLVALLGLLLGYLILI,0.1788033247143328,LLLTFLLVALLLLLLGYLILI_2,110011001100110000,1,-44.9273,-57.0236,-44.9273,-237.341,-231.084,-250.381,-348.669,4729.01,3958.03,3600.59,-5.81745,12384900.0,-72.2178,12384900.0,-53.3606,-41.0112,95.3391,-51.9739,9.4818,5.52245,5.45254,9349600.0,-47.754,68.368,-44.8299,12384600.0,7.2266,2.89278,2.4183,2,LLLTFLLVALLLLLLGYLILI,0.1249602681115982,0.0013102197415138,D,17,11.983559545768486,-9.885608210684666,-11.753245913050808,-28.9868744645812,-1.1677920693623112,-20.46864429930419,-18.8572,0.0,13.039999999999992,770.98,-0.02445874082336766,0.0,0.01691353861319359,-0.007545526472800851
FVLLTLLLGLLLLAL,Mutant,,clash,,LLLFVLLTLLLGLLLGALILI,0.5166621631473445,LLLFVLLTLLLGLLLLALILI_2,110011001100110000,1,-58.8313,-63.5658,-58.8313,-229.158,-220.07,-243.3,-366.127,4695.21,4051.07,3636.94,-5.749,8220.5,-83.886,8138.01,-63.9955,-46.7705,67.7898,-45.8767,9.01371,2.6672,2.18405,6819.46,-40.5686,62.7854,-41.894,7854.37,7.0908,1.06132,0.503101,2,LLLFVLLTLLLGLLLLALILI,0.4073675886006839,0.0015560959999792,D,16,9.254267200973391,-8.421060610144206,-8.88493627951723,-23.62567511791798,-19.98183722127088,-32.92730190829964,-19.890499999999996,0.0,14.142000000000024,644.1399999999999,-0.030879156705064116,0.0,0.021954854534728518,-0.008925078399105786
TYLLVALLILLLGFL,Mutant,,clash,,LLLTYLLVALLGLLLGFLILI,0.2079545489758195,LLLTYLLVALLILLLGFLILI_2,110011001100110000,1,-52.1872,-62.6509,-44.9435,-234.716,-230.478,-253.047,-349.999,4666.2,4011.63,3642.83,-5.7058,94246.9,-68.8023,94190.1,-52.0084,-42.7211,64.707,-48.2456,9.84413,1.64361,1.11421,55089.4,-47.3212,57.8921,-45.0,93896.9,7.3456,1.41362,0.782002,2,LLLTYLLVALLILLLGFLILI,0.1576577127379333,0.0008003579946717,D,15,-63.68144263628708,-71.37853495849144,-58.493233493201856,-67.28987733011287,-63.04472655653351,-70.87675987872903,-16.7939,-7.243699999999997,18.33099999999999,654.5699999999997,-0.025656385107780694,-0.01106634890080511,0.028004644270284304,-0.008716867561910877
TALLIVLLGLLLGFL,Mutant,,clash,,LLLTALLGVLLGLLLGFLILI,0.7359433961823334,LLLTALLIVLLGLLLGFLILI_2,110011001100110000,1,-44.9633,-46.4153,-44.9633,-226.218,-225.127,-241.708,-347.485,4547.97,4079.98,3558.59,-5.6611,11937.8,-81.9651,11861.9,-60.8138,-60.873,53.6946,-56.4842,8.39547,2.87973,2.18515,9841.83,-73.5676,38.1677,-45.0,13663.1,6.5,2.68778,1.7603,2,LLLTALLIVLLGLLLGFLILI,0.4514135453033889,0.0006651218405854,D,15,-47.164433416753454,-52.30984988837702,-38.48699296680172,-44.47746605293828,-39.21434792185566,-45.13398720401371,-21.151300000000006,0.0,15.490000000000009,467.99000000000024,-0.045196051197675155,0.0,0.03309899784183423,-0.012096625996281966
YLLLIFLLGTLLGVL,Mutant,,clash,,LLLYLLLAFLLGTLLGVLILI,0.9426141387448064,LLLYLLLIFLLGTLLGVLILI_1,110011001100110000,1,-58.7101,-58.7101,-58.7101,-229.453,-228.304,-248.589,-347.705,4634.55,3776.47,3575.27,-5.60994,32.904,-65.1522,-27.7873,-40.4066,-67.972,47.3801,-38.7968,8.02017,3.09211,2.30281,35.4147,-70.4738,37.5669,-39.1051,-301.972,7.2986,2.1426,1.2061,1,LLLYLLLIFLLGTLLGVLILI,0.0587095483360317,0.0011455818203524,D,15,-53.53954338718191,-66.46901585748921,-51.53870682715812,-65.0249917592111,-56.71377324164072,-68.75988983235192,-24.745599999999996,0.0,19.135999999999996,858.0800000000004,-0.028838336751817996,0.0,0.02230095096028341,-0.006537782024986012
AYLLILLLGTLLGFL,Mutant,,clash,,LLLAYLLGLLLGTLLGFLILI,0.5682418760937966,LLLAYLLILLLGTLLGFLILI_0,110011001100110000,1,-58.7122,-61.0107,-58.7122,-217.649,-217.899,-242.815,-342.002,4616.04,3724.62,3516.83,-5.53179,9746.42,-71.172,9683.33,-40.4747,-69.8542,48.1243,-35.6413,8.67223,3.47491,2.69677,5184.41,-82.6456,43.881,-35.0,9404.42,7.5,4.82078,3.979,0,LLLAYLLILLLGTLLGFLILI,0.3406438606294502,0.0005222114235423,D,14,-96.68302099568096,-98.03974842407784,-95.40192944194396,-97.28265537831436,-96.84919815347074,-98.13795496533588,-30.6973,0.0,25.165999999999997,891.4200000000001,-0.034436404837225994,0.0,0.028231361198985883,-0.0062055933230127204
STLLLLLLGVLLAIL,Mutant,,clash,,LLLSTLLGLLLGVLLAILILI,0.789013011813838,LLLSTLLLLLLGVLLAILILI_0,110011001100110000,1,-44.9407,-51.3666,-44.9407,-231.678,-221.066,-252.402,-378.495,4600.91,3844.87,3544.56,-5.47258,93954.2,-107.348,93848.1,-81.152,-79.3203,58.7794,-48.9188,8.47403,6.33326,5.71495,92981.6,-70.6341,63.5646,-35.8262,93575.7,6.7474,5.67633,5.1298,0,LLLSTLLLLLLGVLLAILILI,0.2987914679347029,0.0019273033320423,D,16,-94.5047944897466,-96.5678803715884,-92.31522578029438,-95.20034976123269,-94.89803139186029,-96.8134828495743,-26.195999999999998,0.0,20.72399999999999,756.04,-0.034648960372467064,0.0,0.027411248082112045,-0.007238479445531983
YFLLLTLLGLLLAVL,Mutant,,clash,,LLLYFLLGTLLGLLLAVLILI,0.982214054626302,LLLYFLLLTLLGLLLAVLILI_1,110011001100110000,1,-63.2094,-48.2595,-58.7632,-218.964,-231.013,-250.693,-352.27,4761.16,3975.01,3640.67,-5.44616,69925.7,-75.5433,69852.7,-42.8137,-64.0694,50.6257,-52.2763,7.58481,2.94488,2.20427,63233.9,-72.0387,50.2766,-42.8887,88466.3,6.71,4.09315,3.3473,1,LLLYFLLLTLLGLLLAVLILI,0.2436830217076941,0.000696683307533,D,17,-85.04189114881756,-90.97741097448689,-82.3154118608086,-89.33282459347961,-85.91491490286141,-91.50401060152632,-32.729600000000005,-4.446200000000005,31.729000000000013,786.1499999999996,-0.041632767283597306,-0.00565566367741526,0.04035998219169373,-0.0069276346753164185
YVLLLTLLGLLLGFL,Mutant,,clash,,LLLYVLLATLLGLLLGFLILI,0.3107706099965303,LLLYVLLLTLLGLLLGFLILI_0,110011001100110000,1,-58.7397,-66.8913,-58.7397,-229.599,-228.352,-249.098,-350.591,4682.69,4138.52,3629.99,-5.4286,8821.22,-67.6807,8765.87,-42.7536,-63.3461,50.7369,-55.4667,7.85263,2.8514,2.11246,8554.17,-65.984,55.7173,-41.1231,8470.63,6.918,3.91944,3.2552,0,LLLYVLLLTLLGLLLGFLILI,0.093549711641222,0.0005756280302438,D,17,-52.042568605502815,-55.43397846759785,-50.50227343925795,-54.00260848907561,-53.69448192039841,-56.96907328440963,-24.927100000000003,0.0,19.499000000000024,544.1699999999992,-0.04580756013745712,0.0,0.035832552327397786,-0.009975926640571895
SYLLGVLLITLLGLL,Mutant,,clash,11.0,LLLSYLLGVLLGTLLGLLILI,0.9075699931596656,LLLSYLLGVLLITLLGLLILI_0,110011001100110000,1,-76.8035,-65.389,-58.6631,-232.584,-229.728,-253.444,-367.578,4587.84,4021.69,3635.34,-5.40126,1337270.0,-63.5923,1337200.0,-55.4713,-78.7993,52.4086,-41.7404,10.5984,5.39505,4.68118,1231160.0,-84.4885,38.2202,-42.7314,1336900.0,6.9435,4.333,3.4063,0,LLLSYLLGVLLITLLGLLILI,0.1624073064770109,0.0007300047146068,D,15,-92.92949421964283,-93.05473989506844,-91.08055839957196,-91.23855579358704,-92.11141028318048,-92.25114735121082,-8.121000000000002,-18.1404,20.859999999999985,566.1500000000001,-0.014344255056080545,-0.03204168506579528,0.03684535900379755,-0.00954033383378963
AFLLITLLGLLLGYL,Mutant,,clash,,LLLAFLLGTLLGLLLGYLILI,0.9315290357301896,LLLAFLLITLLGLLLGYLILI_0,110011001100110000,1,-51.6501,-53.4549,-58.6988,-222.73,-214.231,-243.302,-342.707,4636.59,3874.4,3435.83,-5.38715,14318.2,-73.7144,14243.2,-40.7072,-69.1535,53.4685,-47.6604,8.09318,4.09127,3.3933,11944.9,-72.4524,47.8783,-35.1603,13975.5,6.5,3.83143,3.0496,0,LLLAFLLITLLGLLLGYLILI,0.3496233581850014,0.0004213203642096,D,14,360.4819769634165,448.4323310887018,125.90016194471846,169.04625719694525,361.8370860598536,450.0462610095628,-33.0072,7.048699999999997,20.572000000000003,762.19,-0.04330573741455542,0.009247956546267986,0.026990645377136937,-0.0070679882968813544
VYLLFTLLLGLLALL,Mutant,,clash,,LLLVYLLFTLLGGLLALLILI,0.2063149861796047,LLLVYLLFTLLLGLLALLILI_2,110011001100110000,1,-62.748,-50.5846,-58.7506,-236.416,-234.257,-245.023,-350.015,4731.38,4081.48,3730.32,-5.35639,12368700.0,-56.2074,12368700.0,-46.2416,-42.1075,82.842,-29.1094,10.8985,3.99979,3.74242,8765770.0,-44.9843,61.9817,-41.7735,12369400.0,6.6369,1.61517,1.04489,2,LLLVYLLFTLLLGLLALLILI,0.230461438160751,0.000334019787151,D,17,-69.16703558417375,-75.04478893386029,-62.82443674735557,-69.91129315492685,-73.82132565986747,-78.81182182876928,-9.965800000000002,-3.997399999999999,8.607,649.9000000000001,-0.01533435913217418,-0.006150792429604552,0.01324357593475919,-0.008241867979689182
YFLLLVLLGLLLATL,Mutant,,clash,,LLLYFLLGVLLGLLLATLILI,1.1276045081187958,LLLYFLLLVLLGLLLATLILI_0,110011001100110000,1,-58.7393,-66.0408,-58.7393,-232.328,-223.508,-250.607,-352.356,4762.02,4082.58,3685.44,-5.31676,159719.0,-66.6059,159656.0,-43.0099,-76.4945,50.6389,-45.1646,9.34768,4.81044,4.07002,135516.0,-72.6747,50.248,-40.0011,159367.0,7.1385,4.18468,3.4384,0,LLLYFLLLVLLGLLLATLILI,0.093980943899185,0.0016724390553766,D,17,-73.79888074289914,-79.43448543926486,-68.94140812609842,-75.62180771168596,-75.9808037706837,-81.14709814706535,-23.596000000000004,0.0,18.278999999999996,679.4400000000005,-0.034728600023548786,0.0,0.026903037795831836,-0.007825208995643465
AVLLILLLGLLLGFL,Mutant,,clash,,LLLAVLLGLLLGLLLGFLILI,1.400799671959865,LLLAVLLILLLGLLLGFLILI_2,110011001100110000,1,-44.9261,-51.301,-44.9261,-219.609,-219.994,-239.372,-350.4,4573.01,3848.79,3644.66,-5.29737,18221.3,-91.1623,18142.2,-66.1018,-66.8222,39.6523,-45.5798,7.88683,1.87639,0.971176,15010.8,-77.4724,32.2036,-43.8153,17870.9,7.0393,2.46835,1.4514,2,LLLAVLLILLLGLLLGFLILI,0.2120128001873804,0.0009415655216132,D,14,-78.18833166058347,-81.096659399754,-72.94078835672477,-76.54881386846462,-77.43109309151657,-80.44038962873209,-25.060500000000005,0.0,19.763000000000005,724.2200000000003,-0.03460343542017618,0.0,0.027288669188920492,-0.007314586727789896
AFLLGTLLLLLLGYL,Mutant,,clash,,LLLAFLLGTLLGLLLGYLILI,1.0704901182563855,LLLAFLLGTLLLLLLGYLILI_0,110011001100110000,1,-58.6988,-62.6485,-58.6988,-231.761,-221.674,-243.4,-345.619,4651.24,4174.5,3390.81,-5.23424,1057570.0,-60.3931,1057510.0,-43.5199,-66.6888,67.4074,-28.8029,11.2411,5.60331,5.11443,1053810.0,-72.4524,47.8783,-35.1603,1057230.0,6.5,3.83143,3.0496,0,LLLAFLLGTLLLLLLGYLILI,0.2106622756588054,0.0007701947378974,D,16,36.09197889382354,16.870156379821797,2.709892000750302,-11.796997608158971,26.63134840598692,8.745758648580084,-16.873199999999997,0.0,11.63900000000001,476.7399999999998,-0.03539287662038009,0.0,0.024413726559550313,-0.010979233964005542
TVLLGILLILLLAFL,Mutant,,clash,11.0,LLLTVLLGILLGLLLAFLILI,0.4014179847708499,LLLTVLLGILLILLLAFLILI_2,110011001100110000,1,-44.9575,-49.7665,-44.9575,-237.774,-229.8,-246.342,-358.437,4580.22,4150.04,3603.46,-5.11456,3749610.0,-80.8199,3749530.0,-67.1369,-79.041,56.4411,-37.9461,10.9257,5.97571,5.32233,3311670.0,-82.2405,38.4729,-43.0414,3749250.0,7.0713,4.02991,3.107,2,LLLTVLLGILLILLLAFLILI,0.2551386734714704,0.0006234913286937,D,15,-45.26530936924964,-50.03360176674345,-44.7318105050022,-49.546579434091385,-42.159767810620174,-47.19860399000932,-13.683000000000007,0.0,8.568000000000012,430.1800000000003,-0.031807615416802264,0.0,0.019917243944395382,-0.01188934864475335
LFLLATLLIVLLAIL,Mutant,,clash,,LLLLFLLATLLGVLLAILILI,0.2932810103464643,LLLLFLLATLLIVLLAILILI_0,110011001100110000,1,-58.7606,-62.525,-58.7606,-225.57,-221.519,-244.172,-361.96,4667.43,3862.97,3614.46,-4.93639,770497.0,-82.5657,770419.0,-59.0278,-61.969,54.1251,-36.8742,9.41369,3.10224,2.41412,493525.0,-60.6662,45.6178,-42.1957,770135.0,6.5,1.75833,0.942597,0,LLLLFLLATLLIVLLAILILI,0.2723815883993749,0.0013244070955689,D,14,-46.39960063898447,-51.75336087219124,-44.94232112140658,-50.44163857476253,-41.93467572604519,-47.73440534993031,-23.537900000000008,0.0,18.602000000000004,804.4600000000005,-0.02925925465529671,0.0,0.023123586008005362,-0.006136277751535188
AYLLGVLLITLLGLL,Mutant,,clash,,LLLAYLLGVLLGTLLGLLILI,0.8775056139061415,LLLAYLLGVLLITLLGLLILI_1,110011001100110000,1,-58.8291,-44.9773,-58.7364,-234.645,-225.612,-242.943,-356.457,4586.89,4058.03,3529.89,-4.83768,1482270.0,-67.8203,1482190.0,-54.7778,-80.941,68.3155,-39.8946,10.9044,7.86376,7.38849,867142.0,-78.2582,48.5511,-37.611,1488830.0,7.3268,4.79313,4.0214,1,LLLAYLLGVLLITLLGLLILI,0.2875809542021002,0.001853454287678,D,14,-88.19578646277101,-87.40611793439585,-83.28244343576814,-82.16408614339367,-86.01246337960829,-85.07673670677389,-13.042500000000004,-0.09269999999999357,8.298000000000002,528.8600000000001,-0.024661536134326666,-0.0001752826835079105,0.015690352834398517,-0.009147373596036755
YGLLFLLLIVLLATL,Mutant,,clash,11.0,LLLYGLLFLLLGVLLATLILI,0.3584559072749663,LLLYGLLFLLLIVLLATLILI_2,110011001100110000,1,-58.8196,-61.5569,-58.8196,-244.747,-233.664,-250.883,-350.796,4723.16,4223.14,3687.43,-4.79729,29363.5,-52.0272,29307.9,-41.0941,-63.7711,76.5628,-29.9204,11.2402,6.40163,6.05007,28760.5,-66.6192,56.7481,-39.0395,29012.7,7.5,4.15388,3.5051,2,LLLYGLLFLLLIVLLATLILI,0.054946774322157,0.001187258870043,D,15,6.172343340517665,-12.192724419378694,-19.10136833432625,-33.09473803379691,-1.7510098519775128,-18.745542558323496,-10.933100000000003,0.0,6.135999999999996,500.0199999999995,-0.021865325386984547,0.0,0.012271509139634417,-0.009594196232150723
TFLLAVLLGLLLLYL,Mutant,,clash,,LLLTFLLAVLLGLLLGYLILI,0.413548321387038,LLLTFLLAVLLGLLLLYLILI_1,110011001100110000,1,-44.9219,-52.2153,-44.9219,-232.466,-233.116,-250.856,-350.771,4694.54,3756.99,3635.18,-4.78679,3451.03,-78.1701,3385.59,-54.993,-59.1614,62.528,-49.0408,8.01297,3.81548,3.2534,1725.41,-64.6051,48.7376,-45.0,3090.12,6.7648,2.77034,2.0014,1,LLLTFLLAVLLGLLLLYLILI,0.2221355456721278,0.0019886678019177,D,17,-14.209575270698146,-16.67667858802919,-24.4640482576323,-26.636260339684192,-12.658811918242645,-15.170511044759976,-23.177100000000003,0.0,18.389999999999986,937.5500000000002,-0.02472092155085062,0.0,0.019614953869126962,-0.005105637032691589
YLLLAILLIVLLATL,Mutant,,clash,,LLLYLLLAILLGVLLATLILI,0.1063736323772412,LLLYLLLAILLIVLLATLILI_1,110011001100110000,1,-58.7692,-58.7692,-58.7692,-239.141,-236.773,-250.098,-369.715,4663.12,3997.74,3739.98,-4.57387,736904.0,-76.379,736829.0,-60.8481,-63.5814,51.8424,-29.2451,10.1119,3.03593,2.31357,685870.0,-62.2783,46.1971,-42.3028,7914530.0,7.14,2.07835,1.27131,1,LLLYLLLAILLIVLLATLILI,0.0385061459387672,0.001224828235574,D,15,-27.57028889002625,-46.1403251067724,-37.670807624350985,-53.65120216187601,-24.992025862070427,-44.22309519729389,-15.530900000000003,0.0,10.957000000000022,665.3800000000001,-0.023341398899876763,0.0,0.016467281853978208,-0.006874071958880639
YLLLIFLLGVLLATL,Mutant,,clash,,LLLYLLLAFLLGVLLATLILI,1.2839340500734406,LLLYLLLIFLLGVLLATLILI_0,110011001100110000,1,-58.7817,-64.461,-58.7817,-233.163,-225.068,-249.771,-351.908,4652.98,4060.97,3674.31,-4.56838,183.06,-64.5311,120.682,-43.3552,-65.8124,49.7485,-51.1898,7.68322,3.08792,2.33415,178.403,-60.9105,55.3955,-42.2533,-168.847,6.6842,3.11497,2.4459,0,LLLYLLLIFLLGVLLATLILI,0.0692081278339742,0.0008452747162104,D,15,-80.0081880162367,-86.65906888519764,-78.18556156911637,-85.44279424742106,-82.15750930048893,-88.09335344229909,-21.17589999999999,0.0,16.607999999999976,592.0099999999998,-0.03576949713687269,0.0,0.02805358017601051,-0.007716727757977064
AFLLIILLGLLLGTL,Mutant,,clash,7.0,LLLAFLLGILLGLLLGTLILI,1.167634988033437,LLLAFLLIILLGLLLGTLILI_1,110011001100110000,1,-58.7173,-59.8119,-58.7173,-221.909,-220.474,-240.425,-351.746,4588.83,3837.25,3512.31,-4.50493,351.579,-75.6252,280.119,-52.6036,-70.0482,37.2952,-41.7647,8.84853,2.04207,1.1015,353.464,-72.6874,32.4259,-40.8381,17.2636,7.0033,1.78061,0.766999,1,LLLAFLLIILLGLLLGTLILI,0.2064463262696755,0.0011632425716011,D,14,-80.31833489128698,-83.06448419606934,-74.21998953991664,-77.81703061399216,-80.26875840983409,-83.02182503687163,-23.021600000000007,0.0,18.51600000000002,751.5799999999999,-0.030630937491684197,0.0,0.024636099949439876,-0.005993946086910243
IALLALLLGTLLSFL,Mutant,,clash,,LLLGALLALLLGTLLSFLILI,-0.1192711788229099,LLLIALLALLLGTLLSFLILI_0,110011001100110000,1,-74.0721,-76.2075,-74.0721,-220.207,-210.878,-237.948,-366.257,4554.3,3908.28,3676.15,-4.49845,27.4729,-76.477,-51.699,-54.2371,-86.3954,58.5527,-51.4804,7.79074,7.36393,6.74222,28.4138,-84.1071,54.9836,-41.1247,-338.785,7.4834,6.53885,5.8636,0,LLLIALLALLLGTLLSFLILI,0.3971150410899668,0.0010077786818462,D,14,-43.194574232043806,-49.30411213864912,-42.05969210176969,-48.29128886632217,-46.4884484941415,-52.243723592365065,-22.239900000000006,0.0,17.741000000000014,646.02,-0.03442602396210644,0.0,0.027461998080554804,-0.006963329308690134
TVLLGALLILLLGFL,Mutant,,clash,,LLLTVLLGALLGLLLGFLILI,0.2918572000105241,LLLTVLLGALLILLLGFLILI_2,110011001100110000,1,-44.9305,-46.7,-44.9305,-231.468,-221.107,-241.209,-345.765,4582.91,4116.46,3614.03,-4.48984,15725.6,-73.8566,15647.6,-59.6257,-62.0382,79.478,-49.1941,8.41001,6.53526,6.22743,15418.5,-59.3652,64.0781,-38.2792,15379.8,6.5,4.05533,3.5165,2,LLLTVLLGALLILLLGFLILI,0.1868633510671623,0.0006094625077911,D,15,-27.3972243733869,-34.95496700114835,-27.69610756110738,-35.222737298362084,-19.59054695882136,-27.960942521240263,-14.230899999999998,0.0,9.741000000000014,466.4499999999998,-0.030508950584199817,0.0,0.02088326723121453,-0.009625554721835142
WTLLLILLGLLLGFL,Mutant,,clash,,LLLWTLLGILLGLLLGFLILI,0.5581568808011785,LLLWTLLLILLGLLLGFLILI_0,110011001100110000,1,-44.9483,-53.1973,-44.9483,-234.163,-228.223,-250.943,-355.773,4711.93,4086.67,3698.55,-4.48651,8442.87,-81.1486,8368.52,-59.8821,-67.4664,46.5417,-50.4619,8.91815,2.90308,2.10121,7353.23,-69.6978,38.4736,-44.8571,8087.1,6.5368,2.1486,1.2257,0,LLLWTLLLILLGLLLGFLILI,0.1842722690478439,0.0006426850918988,D,17,-25.646493629258384,-39.99585184181868,-30.926227389882367,-44.25665865876387,-29.264996495561103,-42.916025922349625,-21.2665,0.0,16.78,625.2600000000002,-0.03401225090362408,0.0,0.026836835876275462,-0.0071754310206953885
VILLFALLGTLLSYL,Mutant,,clash,,LLLVGLLFALLGTLLSYLILI,0.1861668839241692,LLLVILLFALLGTLLSYLILI_0,110011001100110000,1,-73.5864,-72.8342,-74.0315,-232.251,-211.845,-243.023,-354.313,4559.66,4000.68,3651.0,-4.42509,940.434,-52.8999,870.8,-37.2581,-64.3261,73.2675,-41.714,8.38299,6.04002,5.63903,858.215,-59.8906,63.2894,-39.6145,586.122,6.7452,4.02766,3.477,0,LLLVILLFALLGTLLSYLILI,0.0339170240829279,0.0015950122215659,D,15,68.48305244617093,57.84940588751055,14.811699646216114,7.56546913750074,50.824950634728594,41.30577826699438,-15.641800000000003,0.4450999999999965,10.771999999999991,558.98,-0.027982754302479523,0.0007962717807434908,0.019270814698200276,-0.007916365522916741
TLLLGILLIVLLGAL,Mutant,,clash,11.0,LLLTLLLGILLGVLLGALILI,0.847311308687497,LLLTLLLGILLIVLLGALILI_2,110011001100110000,1,-44.8956,-50.4162,-44.8956,-228.802,-221.38,-241.23,-360.045,4559.85,3968.23,3602.56,-4.37742,2069090.0,-90.7251,2069010.0,-73.9199,-82.8819,60.8686,-41.1358,10.3695,7.14954,6.56257,1511890.0,-90.0074,38.3333,-42.1317,2068730.0,6.7822,5.1761,4.2511,2,LLLTLLLGILLIVLLGALILI,0.3243787312551751,0.0005370643175175,D,15,-33.67905801953834,-43.097869555882056,-33.80459420655751,-43.20557726141082,-31.57629037409993,-41.293734160916514,-16.8052,0.0,12.427999999999997,591.6200000000003,-0.028405395355126584,0.0,0.02100672729116661,-0.007399039924275713
YLLLAFLLITLLGVL,Mutant,,clash,,LLLYLLLAFLLGTLLGVLILI,0.9920787829845356,LLLYLLLAFLLITLLGVLILI_1,110011001100110000,1,-58.7101,-51.6207,-58.7101,-238.947,-219.495,-249.818,-351.272,4666.55,4278.08,3623.09,-4.37438,279841.0,-57.9896,279761.0,-42.7442,-66.7344,53.5854,-51.3875,9.96181,3.74418,3.04797,112006.0,-70.4738,37.5669,-39.1051,279462.0,7.2986,2.1426,1.2061,1,LLLYLLLAFLLITLLGVLILI,0.0092449040963025,0.0007869170397906,D,15,-17.164389779074103,-28.71565010856284,-26.5432690520138,-36.786663407054704,-25.40930405782744,-35.81082756550498,-15.245400000000004,0.0,10.87100000000001,388.47000000000025,-0.03924472932272761,0.0,0.027984142919659182,-0.011260534919041361
SYLLATLLIGLLVLL,Mutant,,clash,,LLLSYLLATLLGGLLVLLILI,0.3457904785731062,LLLSYLLATLLIGLLVLLILI_1,110011001100110000,1,-70.5744,-72.4842,-58.7164,-230.577,-233.14,-254.208,-371.966,4586.7,4024.84,3709.24,-4.36137,25763.8,-75.1764,25697.4,-59.0422,-57.8575,55.9252,-41.9823,9.99358,2.72853,2.06741,24813.9,-54.4879,57.0754,-43.9111,25373.7,7.2474,2.37837,1.7345,1,LLLSYLLATLLIGLLVLLILI,0.3567599682313699,0.0003641354786102,D,14,-92.94349021022312,-94.50316495178376,-90.228628306143,-92.38835911858922,-92.1477302474598,-93.88328892473967,-16.1342,-11.857999999999997,23.631,561.8599999999997,-0.02871569430107146,-0.021104901576905286,0.04205851991599333,-0.007762378528459051
SYLLGVLLILLLGFL,Mutant,,clash,11.0,LLLSYLLGVLLGLLLGFLILI,1.043692943066643,LLLSYLLGVLLILLLGFLILI_1,110011001100110000,1,-62.7478,-62.0954,-44.9273,-232.491,-230.601,-254.493,-348.437,4645.79,4107.31,3529.24,-4.30768,6347940.0,-57.5068,6347880.0,-49.0168,-71.1696,50.7278,-43.18,10.2882,4.0237,3.28461,4788610.0,-79.84,40.4327,-45.0,20770500.0,6.5,3.93441,3.0409,1,LLLSYLLGVLLILLLGFLILI,0.0714058517594093,0.0007378519669532,D,15,-85.30447690269514,-87.90103068481162,-79.86084756873633,-83.41923688688236,-82.16722398044364,-85.31809936695554,-8.489999999999995,-17.820499999999996,22.00199999999998,538.4799999999996,-0.01576660228792156,-0.03309407963155551,0.040859456247214376,-0.007999702867330271
TALLAFLLGILLILL,Mutant,,clash,,LLLTALLAFLLGILLGLLILI,0.5987709554221373,LLLTALLAFLLGILLILLILI_2,110011001100110000,1,-44.9899,-44.9899,-44.9899,-235.564,-226.077,-246.873,-357.271,4599.81,3815.92,3438.92,-4.29951,3461770.0,-81.0168,3461680.0,-65.4079,-82.7713,64.0436,-47.0811,8.76986,7.56157,7.02223,1334870.0,-77.6262,50.1878,-35.0,3461360.0,7.3742,4.91928,4.1721,2,LLLTALLAFLLGILLILLILI,0.5096974488090004,0.0005718701648572,D,15,-57.92001716363472,-65.48091428364877,-54.54622298690431,-62.71332070290142,-59.40202236809118,-66.69663399731039,-15.608900000000006,0.0,11.308999999999997,783.8900000000003,-0.01991210501473421,0.0,0.014426769061985728,-0.005484838433963946
YVLLGILLIFLLALL,Mutant,,clash,,LLLYVLLGILLGFLLALLILI,1.0170910188887792,LLLYVLLGILLIFLLALLILI_2,110011001100110000,1,-44.9804,-46.9033,-44.9804,-235.916,-227.47,-251.216,-344.183,4724.18,4096.68,3707.07,-4.2658,25538.0,-67.5524,25468.2,-47.9858,-70.3294,66.9243,-32.5464,10.1767,6.08418,5.58804,25184.9,-74.3696,52.761,-36.2687,25193.8,7.5,4.77818,4.0696,2,LLLYVLLGILLIFLLALLILI,0.1328916752458466,0.0014661746581704,D,15,-36.03305473705984,-51.49415786623934,-35.84143492604011,-51.34885343963561,-29.43375983344733,-46.48994271303874,-19.566600000000008,0.0,15.300000000000011,627.5,-0.031181832669322722,0.0,0.02438247011952193,-0.00679808764940239
YALLASLLIILLTLL,Mutant,,clash,11.0,LLLYALLASLLGILLTLLILI,0.104345188445268,LLLYALLASLLIILLTLLILI_0,110011001100110000,1,-74.119,-58.999,-74.119,-236.083,-228.852,-250.555,-382.258,4643.77,4086.48,3697.0,-4.18215,10561.4,-76.2389,10467.0,-57.584,-60.3959,78.1965,-38.5186,9.68555,6.11591,5.78885,9629.66,-63.07,66.418,-42.249,10179.2,7.1117,4.92693,4.4232,0,LLLYALLASLLIILLTLLILI,0.1444462227090452,0.0012763398995273,D,15,-42.99755210036098,-50.65474799991711,-44.48445896154144,-51.94191717368284,-42.67719563929511,-50.377425343020285,-18.654899999999998,0.0,14.472000000000008,557.2900000000004,-0.033474313194207655,0.0,0.025968526261013113,-0.00750444113477722
AYLLILLLGFLLATL,Mutant,,clash,,LLLAYLLGLLLGFLLATLILI,1.6727927894680956,LLLAYLLILLLGFLLATLILI_1,110011001100110000,1,-58.7236,-59.6795,-58.7236,-227.994,-225.654,-245.026,-348.331,4626.32,4124.71,3600.05,-4.13628,9312.9,-65.7503,9249.9,-44.5821,-80.4478,56.6285,-44.4707,9.70201,6.21202,5.56145,8398.93,-87.2227,45.9146,-36.9014,10144.2,7.4937,5.78188,4.9706,1,LLLAYLLILLLGFLLATLILI,0.5188263720614844,0.0007572706328597,D,14,-94.84889458298146,-96.3377640808103,-93.14325229307244,-95.12511864770458,-94.83009109037673,-96.32439552776228,-21.1682,0.0,17.03200000000001,501.6099999999997,-0.042200514343812945,0.0,0.03395466597555875,-0.008246007854707846
TFLLVALLGLLLIYL,Mutant,,clash,,LLLTFLLVALLGLLLGYLILI,0.1284203168216207,LLLTFLLVALLGLLLIYLILI_0,110011001100110000,1,-44.9273,-50.6681,-44.9273,-237.886,-232.27,-250.392,-346.338,4694.61,4018.45,3680.48,-4.07125,3310.74,-67.5951,3247.34,-51.0181,-35.2965,93.4252,-44.6779,9.39655,4.40687,4.30825,2531.87,-47.754,68.368,-44.8299,2964.41,7.2266,2.89278,2.4183,0,LLLTFLLVALLGLLLIYLILI,0.1753432760043103,0.0005289573220407,D,15,9.697065417931864,-7.191681314916094,-3.39379202186453,-18.267095816706608,16.824897172618936,-1.161236667173299,-16.577000000000005,0.0,12.506,676.1599999999999,-0.02451638665404639,0.0,0.01849562233790819,-0.006021134051112164
FLLLGTLLIILLAVL,Mutant,,clash,,LLLFLLLGTLLGILLAVLILI,1.6275592382047974,LLLFLLLGTLLIILLAVLILI_0,110011001100110000,1,-58.7549,-59.2905,-58.7549,-227.142,-222.106,-241.703,-358.313,4657.07,3962.98,3616.0,-4.03198,2852540.0,-76.4482,2852460.0,-57.8546,-60.8956,68.6507,-32.8233,9.87652,4.90219,4.43195,2825060.0,-72.0387,50.2766,-42.8887,2852180.0,6.71,4.09315,3.3473,0,LLLFLLLGTLLIILLAVLILI,0.0413883137369214,0.0007989656767302,D,14,-31.16569418072569,-42.70328199248007,-33.73184653696748,-44.83931149361216,-31.829766258602817,-43.25604634638656,-18.593600000000002,0.0,14.561000000000007,694.0899999999997,-0.026788456828365212,0.0,0.020978547450618817,-0.005809016121828584
VFLLATLLILLLSIL,Mutant,,clash,,LLLVFLLATLLGLLLSILILI,0.5988794240775446,LLLVFLLATLLILLLSILILI_2,110011001100110000,1,-74.1026,-67.9612,-74.0732,-233.384,-230.477,-246.445,-378.958,4671.16,3964.7,3636.12,-3.96059,10248.3,-75.4318,10167.8,-58.4396,-76.31,61.2271,-41.7037,9.68512,6.21215,5.63056,8086.27,-78.5324,48.359,-40.7581,9869.32,7.3267,4.80832,4.0337,2,LLLVFLLATLLILLLSILILI,0.1388547199132025,0.0014238596650457,D,15,-58.89513552874304,-57.786905022437615,-52.00041608427821,-50.7062966687388,-53.72856428904434,-52.481037572071735,-16.992199999999997,-0.02939999999999543,13.061000000000007,706.46,-0.02405260028876369,-4.1615944285586485e-05,0.018487954024290133,-0.005606248053676074
AYLLITLLGFLLGLL,Mutant,,clash,,LLLAYLLGTLLGFLLGLLILI,0.6332356358424029,LLLAYLLITLLGFLLGLLILI_0,110011001100110000,1,-51.6471,-55.1066,-58.7318,-223.563,-219.398,-243.917,-343.87,4622.25,3841.37,3561.36,-3.90941,36319.2,-72.569,36249.9,-41.2213,-75.9654,54.7054,-42.9088,9.22912,5.28005,4.60063,34920.4,-87.9639,43.7708,-37.0981,35975.4,7.4797,5.60364,4.7602,0,LLLAYLLITLLGFLLGLLILI,0.580752877092537,0.0003658141548001,D,14,-96.39838344555083,-97.02139152167496,-95.21714501213955,-96.04448385827148,-96.49565168762372,-97.1018342912286,-31.347700000000003,7.084699999999998,20.354000000000013,780.8800000000001,-0.040144068230714064,0.009072712836799505,0.026065464604036484,-0.0050064158385411325
FLLLGLLLGVLLLTL,Mutant,,clash,,LLLFLLLGLLLGVLLGTLILI,0.4468876245504606,LLLFLLLGLLLGVLLLTLILI_1,110011001100110000,1,-59.576,-59.1276,-58.7224,-227.56,-213.41,-240.081,-360.809,4697.19,3773.42,3577.24,-3.88609,201283.0,-77.5595,201195.0,-62.006,-66.6437,51.1794,-52.0257,6.83222,3.40578,2.67347,46368.0,-69.6978,38.4736,-44.8571,41361.0,6.5368,2.1486,1.2257,1,LLLFLLLGLLLGVLLLTLILI,0.208602160008396,0.0010464354678714,D,16,79.01623502877645,63.13252351358113,12.9114864538099,2.8931019352442706,33.7654949998821,21.896780785644,-15.5535,-0.8536000000000001,12.520999999999987,923.7699999999995,-0.016836983231756832,-0.0009240395336501516,0.013554239691698142,-0.004206772248503418
AFLLIVLLGLLLGYL,Mutant,,clash,,LLLAFLLGVLLGLLLGYLILI,1.155745518013464,LLLAFLLIVLLGLLLGYLILI_1,110011001100110000,1,-44.9328,-45.9796,-44.9328,-229.886,-213.46,-242.715,-335.315,4634.36,4128.01,3478.6,-3.82821,248.917,-64.324,173.042,-47.667,-69.5351,53.6599,-39.2168,9.41047,4.17434,3.47924,206.939,-69.605,42.1044,-35.8969,81.2442,6.5663,2.62484,1.75641,1,LLLAFLLIVLLGLLLGYLILI,0.3057809792805388,0.000799368734998,D,14,-22.71385219996698,-35.383148598567466,-26.09506044865068,-38.21008508306901,-20.44329947423621,-33.48480106470835,-16.656999999999996,0.0,12.829000000000008,506.34999999999945,-0.03289621803100625,0.0,0.02533622988051747,-0.007560402883381069
AYLLAVLLGLLLIFL,Mutant,,clash,15.0,LLLAYLLAVLLGLLLGFLILI,0.5115298760733671,LLLAYLLAVLLGLLLIFLILI_2,110011001100110000,1,-44.9566,-48.7647,-44.9566,-237.967,-225.983,-245.604,-343.651,4613.23,4179.15,3483.79,-3.82562,21587200.0,-64.5529,21587100.0,-53.0904,-82.4354,59.398,-43.568,10.7397,6.88404,6.27501,16785100.0,-76.6711,46.9516,-39.8118,21586900.0,7.5,4.33913,3.5434,2,LLLAYLLAVLLGLLLIFLILI,0.3093147528209939,0.0015291070527625,D,14,-71.80986469060224,-75.155486892224,-65.33274676546162,-69.4470772153779,-69.67923123049567,-73.2777182917364,-11.462499999999991,0.0,7.6370000000000005,434.0799999999999,-0.02640642277921119,0.0,0.017593531146332476,-0.008813168079616662
TVLLIILLGLLLGFL,Mutant,,clash,,LLLTVLLGILLGLLLGFLILI,0.5399015851343787,LLLTVLLIILLGLLLGFLILI_1,110011001100110000,1,-44.9617,-46.4096,-44.9617,-229.465,-225.142,-244.275,-354.221,4548.62,4080.32,3573.09,-3.82377,103529.0,-83.6176,103446.0,-64.9839,-70.279,42.503,-55.2693,8.98114,2.77976,1.9173,65774.9,-76.9679,35.2534,-45.0,118187.0,6.6086,2.8044,1.8332,1,LLLTVLLIILLGLLLGFLILI,0.1990392839361736,0.0011835577047364,D,15,-29.559307239273195,-41.15532219358722,-30.71249583830439,-42.11867177037975,-26.6684877127353,-38.740392172761936,-18.63369999999999,0.0,14.810000000000002,468.2999999999997,-0.03979009182148196,0.0,0.03162502669229129,-0.008165214606021785
VFLLLTLLGLLLSIL,Mutant,,clash,,LLLVFLLATLLGLLLSILILI,0.5505303294266092,LLLVFLLLTLLGLLLSILILI_0,110011001100110000,1,-74.0732,-77.3091,-74.0732,-228.647,-224.676,-245.205,-378.917,4645.28,3917.4,3687.92,-3.78482,44760.8,-79.9814,44683.8,-59.639,-83.4707,47.5831,-41.5013,8.93477,5.44432,4.65807,29915.7,-78.5324,48.359,-40.7581,44381.8,7.3267,4.80832,4.0337,0,LLLVFLLLTLLGLLLSILILI,0.1872038145641379,0.0008677045900483,D,17,-66.32785724761996,-71.85251425134337,-65.70317176926095,-71.33032219101598,-73.33961099535243,-77.71383528869966,-20.34239999999999,0.0,16.55800000000002,727.8799999999997,-0.027947463867670497,0.0,0.022748255206902275,-0.005199785678958072
TGLLFLLLLVLLAIL,Mutant,,clash,,LLLTGLLFLLLGVLLAILILI,0.1976081612112716,LLLTGLLFLLLLVLLAILILI_0,110011001100110000,1,-45.052,-47.3906,-45.052,-232.702,-226.024,-250.903,-362.309,4663.97,3954.55,3514.67,-3.75232,61937.2,-88.3075,61848.3,-66.3535,-79.4331,65.4205,-40.7738,9.33968,7.24673,6.72803,33199.4,-70.6341,63.5646,-35.8262,61574.9,6.7474,5.67633,5.1298,0,LLLTGLLFLLLLVLLAILILI,0.2183031959959989,0.0009684149350658,D,17,-5.8217550256157,-25.346238499962304,-23.93599009332016,-39.70513619303188,-21.793021117542686,-38.00643502416655,-21.954000000000008,0.0,18.200999999999993,709.4200000000001,-0.030946406923966066,0.0,0.02565616982887428,-0.005289278565588791
GLLLGFLLIVLLGTL,Mutant,,clash,,LLLGLLLGFLLGVLLGTLILI,0.8889873697088636,LLLGLLLGFLLIVLLGTLILI_2,110011001100110000,1,-58.7181,-69.8959,-58.7181,-225.614,-212.851,-237.617,-348.152,4506.36,4008.67,3412.96,-3.75152,2006770.0,-67.5709,2006710.0,-51.8163,-84.4332,69.6861,-40.3433,9.666,8.5726,8.11789,303185.0,-81.7407,58.0906,-35.0,2006430.0,6.5862,6.60334,5.9747,2,LLLGLLLGFLLIVLLGTLILI,0.2351719996342826,0.0006300047149301,D,14,23.94627497086319,14.568757918873136,1.9018488240615112,-5.807832852145255,31.72232512779896,21.75648831419496,-15.754599999999996,0.0,12.002999999999986,497.6899999999996,-0.031655448170547947,0.0,0.024117422491912628,-0.007537864936004346
YALLALLLLTLLGFL,Mutant,,clash,,LLLYALLALLLGTLLGFLILI,-0.0690233431191797,LLLYALLALLLLTLLGFLILI_1,110011001100110000,1,-58.7298,-58.7298,-58.7298,-240.137,-234.291,-248.327,-350.939,4697.78,4350.05,3745.94,-3.74735,1015730000000000.0,-55.8191,1015730000000000.0,-43.8823,-55.5021,81.4125,-32.4763,10.6337,5.81601,5.53719,787589.0,-63.0279,55.5114,-39.6932,1134920.0,7.1542,3.44823,2.7809,1,LLLYALLALLLLTLLGFLILI,0.113546996862617,0.0009876532162117,D,17,16.713877537549166,-3.308164614889176,-2.000374771431984,-18.81202278319721,15.934504212915506,-3.953837938395884,-11.936799999999998,0.0,8.189999999999998,347.72999999999956,-0.03432778305006762,0.0,0.02355275644896905,-0.010776608288039584
YILLALLLLVLLSTL,Mutant,,clash,,LLLYILLALLLGVLLSTLILI,0.3504900325158264,LLLYILLALLLLVLLSTLILI_2,110011001100110000,1,-74.1753,-69.6099,-74.1753,-245.788,-228.801,-251.956,-388.137,4668.54,4349.11,3717.47,-3.71346,265709.0,-71.8864,265619.0,-62.0053,-77.5176,65.7779,-54.9059,10.2452,7.00764,6.49431,264910.0,-71.421,52.627,-43.8508,265321.0,7.5,4.3178,3.60721,2,LLLYILLALLLLVLLSTLILI,0.0375377050825379,0.0003027063280331,D,17,-21.764028187462834,-31.893081450938016,-28.60183106123385,-37.84560779641937,-24.93041979560283,-34.64952673248645,-9.881099999999996,0.0,6.167999999999978,319.4300000000003,-0.030933537864320782,0.0,0.019309394859593564,-0.011625270012209237
ALLLGVLLILLLGFL,Mutant,,clash,,LLLALLLGVLLGLLLGFLILI,1.068149407926784,LLLALLLGVLLILLLGFLILI_2,110011001100110000,1,-44.9306,-50.1329,-44.9306,-231.097,-222.844,-239.733,-349.86,4583.14,4099.59,3630.37,-3.70882,5124470.0,-77.5412,5124400.0,-65.1966,-72.665,49.9537,-40.0341,11.3022,4.14351,3.39281,4642070.0,-77.4724,32.2036,-43.8153,11250200.0,7.0393,2.46835,1.4514,2,LLLALLLGVLLILLLGFLILI,0.2661968132282286,0.0015344985265446,D,14,-16.242752916884665,-22.94958083598359,-13.430218549195308,-20.36225902813309,9.121148685894417,0.3833165333589607,-12.3446,0.0,8.635999999999996,483.5500000000002,-0.02552910764140212,0.0,0.017859580188191483,-0.00766998242167304
TALLILLLGLLLGFL,Mutant,,clash,,LLLTALLALLLGLLLGFLILI,0.4238317603195639,LLLTALLILLLGLLLGFLILI_0,110011001100110000,1,-44.9578,-50.5568,-44.9578,-221.257,-218.906,-242.624,-353.174,4603.49,3760.02,3417.79,-3.615,1273.6,-90.574,1189.89,-65.5924,-63.8733,52.5618,-38.1714,7.45164,3.17684,2.46527,1248.1,-67.6338,56.7049,-35.0,920.431,6.6313,4.30023,3.6508,0,LLLTALLILLLGLLLGFLILI,0.3396315264096236,0.0008086549934233,D,15,-56.232661091964566,-60.15311225303247,-46.57742784912353,-51.36274471419996,-48.784293965725496,-53.3719312129633,-24.9816,0.0,21.36699999999999,843.4699999999998,-0.029617650894519076,0.0,0.02533225840871637,-0.004285866717251356
ALLLLFLLGTLLGVL,Mutant,,clash,,LLLALLLGFLLGTLLGVLILI,0.9772534774618052,LLLALLLLFLLGTLLGVLILI_0,110011001100110000,1,-58.6723,-69.6139,-58.6723,-217.563,-205.113,-237.908,-355.011,4506.49,3613.37,3358.33,-3.57299,2361440.0,-82.3491,2361360.0,-58.4314,-98.1239,33.7538,-33.8623,10.1226,5.77535,4.78165,2312970.0,-85.1121,47.6719,-35.0,2361080.0,7.4675,5.70252,4.9176,0,LLLALLLLFLLGTLLGVLILI,0.2678988979980996,0.001780728461511,D,16,-44.97550217417366,-53.98713653264892,-44.688951916300994,-53.7475160288187,-53.92579618959888,-61.471596596746295,-23.91770000000001,0.0,20.345,893.1199999999999,-0.026779939985668234,0.0,0.022779693658187033,-0.004000571031888212
TYLLLVLLGLLLAFL,Mutant,,clash,,LLLTYLLGVLLGLLLAFLILI,0.5772969371445917,LLLTYLLLVLLGLLLAFLILI_0,110011001100110000,1,-44.9607,-53.6048,-44.9607,-231.84,-230.734,-250.979,-351.388,4637.09,3934.08,3576.52,-3.51238,43752.9,-78.0995,43685.8,-55.4484,-69.4869,51.6091,-46.6685,9.27353,3.89026,3.1644,41581.8,-80.0044,42.005,-45.0,43401.5,7.041,4.17133,3.3014,0,LLLTYLLLVLLGLLLAFLILI,0.2889922793002329,0.0007260928815786,D,17,-96.36369471298764,-97.73844649827808,-94.75694064562389,-96.73914638438752,-96.77188114090649,-97.99231281932444,-22.651100000000007,0.0,19.13900000000001,703.0100000000002,-0.03222016756518399,0.0,0.027224363807058227,-0.004996202045490105
LFLLIILLGTLLGVL,Mutant,,clash,,LLLLFLLAILLGTLLGVLILI,0.3365563664302857,LLLLFLLIILLGTLLGVLILI_0,110011001100110000,1,-58.7231,-58.7231,-58.7231,-220.607,-204.283,-241.983,-352.553,4612.31,3972.49,3547.39,-3.46135,71.6593,-76.6839,-17.8871,-51.8467,-58.1835,54.2803,-49.0069,8.52403,2.55537,1.86958,63.5252,-62.6136,40.7304,-39.3075,-280.893,7.2265,1.39064,0.501596,0,LLLLFLLIILLGTLLGVLILI,0.0994390984457659,0.0008818452574826,D,14,-45.64183915231651,-61.16178705111944,-46.49947538205625,-61.774557203822766,-46.82430635877159,-62.00664479562732,-24.837199999999996,0.0,21.376000000000005,639.8200000000006,-0.03881904285580315,0.0,0.033409396392735435,-0.005409880904004246
TYLLVLLLIALLGWL,Mutant,,clash,,LLLTYLLVLLLGALLGWLILI,0.3660574704778121,LLLTYLLVLLLIALLGWLILI_0,110011001100110000,1,-46.3024,-50.974,-44.9494,-236.951,-237.827,-256.469,-363.444,4641.0,4089.14,3539.91,-3.44171,121048000.0,-83.6326,121048000.0,-62.0256,-62.6821,29.1636,-48.541,9.0516,-0.160594,-1.22314,53433900.0,-48.7389,54.7657,-43.6502,121047000.0,6.8404,1.20421,0.525696,0,LLLTYLLVLLLIALLGWLILI,0.1363782164736501,0.0013488207742374,D,15,-58.15445410460271,-68.43600480354762,-53.45969696389544,-64.89476071969173,-58.64682017339342,-68.80739535175682,-21.607,-1.3530000000000015,19.518,551.8600000000001,-0.039153046062407125,-0.0024517087667161983,0.035367665712318336,-0.006236563621208276
SYLLLVLLGLLLGFL,Mutant,,clash,,LLLSYLLGVLLGLLLGFLILI,0.8042121183323787,LLLSYLLLVLLGLLLGFLILI_0,110011001100110000,1,-44.9273,-69.6061,-44.9273,-234.034,-231.454,-252.291,-349.919,4640.82,3872.47,3489.08,-3.37893,281223.0,-74.3358,281175.0,-52.7006,-86.7461,32.1543,-46.17,8.60317,3.85275,2.83506,277024.0,-79.84,40.4327,-45.0,280874.0,6.5,3.93441,3.0409,0,LLLSYLLLVLLGLLLGFLILI,0.3108866764936737,0.0010276095272965,D,17,-97.52537540659192,,-96.73674358128788,,-97.85929805827196,,-21.635200000000005,0.0,18.257000000000005,768.3499999999999,-0.028158000911043153,0.0,0.02376130669616712,-0.0043976443027266224
TYLLLILLIGLLAFL,Mutant,,clash,,LLLTYLLLILLGGLLAFLILI,0.1328767346233758,LLLTYLLLILLIGLLAFLILI_0,110011001100110000,1,-52.6687,-48.7349,-44.9864,-236.897,-234.865,-252.945,-351.246,4709.33,4144.88,3720.47,-3.3735,35166300.0,-65.054,35166200.0,-53.3143,-48.7981,55.0043,-43.0174,10.3373,1.24529,0.570356,10819400.0,-46.4862,53.7665,-40.4228,35165900.0,7.4327,0.731402,0.0378989,0,LLLTYLLLILLIGLLAFLILI,0.2317743283952951,0.000938541539733,D,15,-74.2981813861995,-78.58610673907546,-67.39669987301284,-72.83602380968036,-74.6351488923642,-78.86685676372687,-11.7397,-7.682299999999998,16.048000000000002,564.4499999999998,-0.020798476392948892,-0.013610240056692357,0.028431216228186743,-0.005976614403401543
TFLLGILLILLLGVL,Mutant,,clash,11.0,LLLTFLLGILLGLLLGVLILI,1.04289316314863,LLLTFLLGILLILLLGVLILI_2,110011001100110000,1,-44.9552,-51.9607,-44.9552,-232.768,-227.722,-246.916,-350.997,4672.34,4035.54,3481.24,-3.32291,14493300.0,-76.597,14493200.0,-59.1252,-76.3018,56.4459,-43.1737,10.7458,5.56547,4.91216,13723700.0,-80.9864,40.2503,-44.8665,14492900.0,6.9244,4.08175,3.1855,2,LLLTFLLGILLILLLGVLILI,0.2629242879807183,0.0002217896033686,D,15,-52.93444226429946,-63.99251580360217,-46.576600485773184,-59.12845175385579,-48.76578467738982,-60.80328615452938,-17.471799999999995,0.0,14.147999999999996,636.8000000000002,-0.027436871859296465,0.0,0.022217336683417074,-0.005218137562814068
AVLLYTLLILLLGFL,Mutant,,clash,,LLLAVLLYTLLGLLLGFLILI,0.12216414200551,LLLAVLLYTLLILLLGFLILI_1,110011001100110000,1,-58.7988,-52.4572,-58.7988,-232.31,-228.694,-248.48,-353.584,4624.99,4195.59,3680.59,-3.30382,14015.9,-65.7792,13943.5,-46.3049,-41.9431,78.1496,-36.3801,10.0537,3.34166,3.0139,9679.91,-49.156,60.31,-42.3523,14265.2,7.5,2.01525,1.4199,1,LLLAVLLYTLLILLLGFLILI,0.2878581038938753,0.0019462623221939,D,14,-58.34427361172649,-69.49591392615449,-44.59101342607117,-59.42453433745706,-21.05238793014903,-42.18742625068621,-19.4743,0.0,16.169999999999987,429.39999999999964,-0.04535235211923618,0.0,0.03765719608756404,-0.007694038192827208
IVLLGFLLGILLSLL,Mutant,,clash,,LLLAVLLGFLLGILLSLLILI,0.6521852436576091,LLLIVLLGFLLGILLSLLILI_2,110011001100110000,1,-60.3563,-54.8991,-60.3387,-220.0,-211.79,-239.571,-358.044,4566.75,3794.54,3641.89,-3.10479,61.3517,-80.7926,-30.0034,-58.1347,-77.6447,70.0531,-41.271,8.56305,7.60387,7.15466,52.3206,-78.8188,59.0852,-37.4413,-310.619,7.5,6.29932,5.6856,2,LLLIVLLGFLLGILLSLLILI,0.5828927514109138,0.0001583877536085,D,14,-57.05019173105891,-63.09989056970855,-55.30813793441298,-61.60321390640027,-57.3522117194921,-63.359369507391705,-22.65789999999999,-0.01759999999999451,19.570999999999998,772.21,-0.02934162986752307,-2.2791727638847605e-05,0.025344142137501455,-0.004020655003172712
AYLLGVLLGTLLLLL,Mutant,,clash,,LLLAYLLGVLLGTLLGLLILI,0.6681176765437575,LLLAYLLGVLLGTLLLLLILI_2,110011001100110000,1,-55.1955,-56.3485,-58.7364,-233.833,-219.439,-243.223,-360.259,4589.91,3761.86,3511.73,-3.0835,713230.0,-74.3138,713146.0,-58.2992,-73.8058,74.956,-42.4078,8.97476,7.68993,7.31427,680472.0,-78.2582,48.5511,-37.611,712870.0,7.3268,4.79313,4.0214,2,LLLAYLLGVLLGTLLLLLILI,0.4969688915644841,0.0010113898800935,D,16,-95.27546751371015,-96.40040883610024,-93.06799325683372,-94.718548281083,-94.79493351296348,-96.03429304621824,-16.0146,3.5409000000000006,9.390000000000015,828.0499999999997,-0.019340136465189308,0.004276191051265022,0.011339894933880827,-0.003723808948734981
AVLLGFLLIILLSLL,Mutant,,clash,11.0,LLLAVLLGFLLGILLSLLILI,1.0236385462557098,LLLAVLLGFLLIILLSLLILI_1,110011001100110000,1,-60.3387,-55.0857,-60.3387,-228.689,-227.458,-242.655,-364.019,4568.3,4020.82,3595.52,-3.06484,1853.71,-78.0561,1772.24,-61.0249,-81.3976,64.8645,-41.8137,10.3291,7.46635,6.93932,1777.82,-78.8188,59.0852,-37.4413,2245.57,7.5,6.29932,5.6856,1,LLLAVLLGFLLIILLSLLILI,0.2114394488128131,0.001175450607348,D,14,-52.47332542977241,-64.48135309579082,-51.16541054466289,-63.50389428123986,-56.34908706904772,-67.37786984970096,-17.0312,0.0,13.966000000000008,547.48,-0.0311083509899905,0.0,0.02550960765690072,-0.005598085774822824
TVLLILLLGFLLAIL,Mutant,,clash,,LLLTVLLGLLLGFLLAILILI,0.70322886909014,LLLTVLLILLLGFLLAILILI_2,110011001100110000,1,-44.9495,-46.8715,-44.9495,-229.807,-227.031,-245.467,-358.086,4576.02,4065.39,3661.49,-2.96863,32024.5,-86.2978,31940.3,-67.6687,-73.3507,49.977,-44.996,9.56165,4.2495,3.49916,31360.1,-85.5593,36.5947,-45.0,31666.4,7.5,4.27418,3.3231,2,LLLTVLLILLLGFLLAILILI,0.2753863713136539,0.0006886035234433,D,15,-96.8611329432744,-97.75290985182352,-95.6763597461982,-96.9047400724539,-96.76813309014504,-97.68633199109472,-18.629099999999994,0.0,15.660000000000025,510.63000000000056,-0.036482580341930505,0.0,0.030667998354973282,-0.0058136615553336015
ALLLLVLLGLLLGFL,Mutant,,clash,,LLLALLLGVLLGLLLGFLILI,1.0582741758364396,LLLALLLLVLLGLLLGFLILI_2,110011001100110000,1,-44.9306,-53.4797,-44.9306,-223.055,-218.74,-238.824,-353.624,4581.27,4040.92,3554.15,-2.96819,41497.3,-88.6071,41415.9,-69.8691,-70.6029,36.322,-56.4706,8.98322,1.99391,1.03874,41344.7,-77.4724,32.2036,-43.8153,41143.7,7.0393,2.46835,1.4514,2,LLLALLLLVLLGLLLGFLILI,0.276072045318573,0.0011846348411427,D,16,-24.730324424786705,-36.51083749532215,-30.200789074399577,-41.125115642015,-40.42883998429641,-49.75236667454634,-18.738,0.0,15.769000000000005,540.3500000000004,-0.034677523827149045,0.0,0.029182936985287303,-0.005493087813454239
ALLLIVLLGTLLGFL,Mutant,,clash,7.0,LLLALLLGVLLGTLLGFLILI,0.8549126447954213,LLLALLLIVLLGTLLGFLILI_0,110011001100110000,1,-58.7067,-66.0844,-58.7067,-230.337,-225.206,-237.966,-351.173,4521.87,4300.81,3512.03,-2.87549,9820500.0,-65.0049,9820440.0,-54.5006,-98.7382,37.0331,-36.2607,10.8003,6.31019,5.36569,9327720.0,-97.484,35.8407,-36.8474,9820150.0,6.7321,5.96109,4.9987,0,LLLALLLIVLLGTLLGFLILI,0.161677867844603,0.0008880428676489,D,14,-69.50331745176364,-72.79833939332981,-66.57586827241664,-70.187187216567,-72.11810856294363,-75.13061472364339,-10.504300000000008,0.0,7.629000000000019,221.0599999999995,-0.047517868452004126,0.0,0.034510992490726665,-0.013007735456437197
FLLLLTLLGILLAVL,Mutant,,clash,,LLLFLLLGTLLGILLAVLILI,1.4470941817459446,LLLFLLLLTLLGILLAVLILI_0,110011001100110000,1,-58.7549,-67.4708,-58.7549,-228.452,-215.663,-242.675,-363.193,4553.45,3830.93,3673.08,-2.74502,12917.2,-78.7308,12837.1,-61.7636,-73.1755,55.5781,-45.4705,8.79995,4.97937,4.31304,10518.2,-72.0387,50.2766,-42.8887,12554.0,6.71,4.09315,3.3473,0,LLLFLLLLTLLGILLAVLILI,0.2218533701957741,0.0006949435108137,D,16,-44.38508346321085,-60.112264649637616,-42.60916271148445,-58.83855138421861,-47.34658367048978,-62.23629078981611,-16.967200000000005,0.0,14.223000000000013,722.52,-0.023483363782317454,0.0,0.019685268227869143,-0.0037992304711288267
AFLLGTLLILLLAVL,Mutant,,clash,,LLLAFLLGTLLGLLLAVLILI,1.0486307307667624,LLLAFLLGTLLILLLAVLILI_2,110011001100110000,1,-58.7424,-55.3355,-58.7424,-227.099,-224.797,-240.211,-353.263,4609.49,3930.57,3541.71,-2.68123,20372.5,-70.1033,20299.4,-54.3097,-79.4374,51.7932,-36.7934,9.48545,5.40769,4.68459,19842.1,-73.1449,51.1091,-38.7208,20027.1,6.6288,4.37146,3.6381,2,LLLAFLLGTLLILLLAVLILI,0.3245346704765885,0.0006347134721661,D,14,-42.492100094951965,-51.318716031098674,-39.07683394432094,-48.42764295100432,-37.59512982284672,-47.17335859677691,-15.793600000000005,0.0,13.112000000000023,678.9199999999996,-0.023262829199316583,0.0,0.019313026571613785,-0.003949257644494199
LYLLGVLLITLLAFL,Mutant,,clash,,LLLLYLLGVLLGTLLAFLILI,0.4152901647298418,LLLLYLLGVLLITLLAFLILI_2,110011001100110000,1,-60.1364,-52.5939,-58.7368,-233.04,-223.383,-244.378,-347.057,4683.02,4051.86,3528.31,-2.50238,390371.0,-56.3826,390300.0,-43.9423,-70.0404,58.8078,-33.8115,9.84515,4.94512,4.32724,344296.0,-64.5306,55.4034,-39.7316,390024.0,6.5792,3.65905,2.9901,2,LLLLYLLGVLLITLLAFLILI,0.051887549722708,0.0002220054436204,D,14,-69.18114760591027,-72.92997254954746,-64.89146342216586,-69.16208829730962,-69.27366201884246,-73.01123345003828,-12.440299999999993,-1.3995999999999995,11.337999999999994,631.1600000000003,-0.019710216110019628,-0.0022175042778376304,0.017963749287027042,-0.00396473160529818
YVLLTILLGLLLIAL,Mutant,,clash,,LLLYVLLTILLGLLLGALILI,0.0510496302951478,LLLYVLLTILLGLLLIALILI_1,110011001100110000,1,-58.7586,-58.7586,-58.7586,-240.156,-223.847,-249.355,-366.482,4639.27,4213.13,3740.22,-2.4667,17013.4,-70.0338,16929.5,-58.3678,-42.1166,81.3877,-43.0953,10.4973,3.80483,3.52565,9424.41,-39.1035,62.7825,-44.0154,17541.7,7.1407,0.841163,0.282901,1,LLLYVLLTILLGLLLIALILI,0.1459327565392062,0.0002939719566597,D,15,-24.98798577311483,-42.181461173032986,-28.8113062455448,-45.12843980654234,-23.34175884799892,-40.91256529856789,-11.665999999999997,0.0,9.198999999999984,426.1400000000003,-0.027375979724972986,0.0,0.021586802459285626,-0.005788473271694744
TVLLIALLGLLLGFL,Mutant,,clash,,LLLTVLLGALLGLLLGFLILI,0.1406674386474077,LLLTVLLIALLGLLLGFLILI_2,110011001100110000,1,-44.9305,-44.9305,-44.9305,-220.796,-220.019,-240.239,-346.152,4540.38,3984.41,3642.15,-2.41423,465.148,-82.8397,383.945,-60.9824,-57.2794,56.4031,-52.8189,6.96979,2.70632,2.05236,385.208,-59.3652,64.0781,-38.2792,352.16,6.5,4.05533,3.5165,2,LLLTVLLIALLGLLLGFLILI,0.3380531124302787,0.0008966182864319,D,15,-31.542096000640385,-37.24560410876455,-27.35722554507898,-33.40939233511323,-25.361858624520245,-31.58026759763676,-21.857299999999995,0.0,19.443000000000012,555.9700000000003,-0.03931381189632532,0.0,0.03497131140169434,-0.0043423745885569345
AFLLGTLLLLLLAVL,Mutant,,clash,,LLLAFLLGTLLGLLLAVLILI,1.1024142936575057,LLLAFLLGTLLLLLLAVLILI_2,110011001100110000,1,-58.7424,-66.7515,-58.7424,-226.155,-226.83,-240.216,-356.499,4633.83,4027.14,3525.37,-2.36811,762411.0,-73.9694,762348.0,-57.5399,-73.9374,60.5396,-53.3584,10.2398,5.76345,5.17155,473245.0,-73.1449,51.1091,-38.7208,746264.0,6.6288,4.37146,3.6381,2,LLLAFLLGTLLLLLLAVLILI,0.2707511075858453,0.0013895221480807,D,16,-24.2323614653342,-34.35588971387632,-24.76320339142273,-34.81580435044916,-17.25035433495777,-28.30676828223456,-16.42949999999999,0.0,14.061000000000007,606.69,-0.02708055184690697,0.0,0.023176581120506363,-0.0039033278939820996
GLLLGLLLITLLGFL,Mutant,,clash,,LLLGLLLGLLLGTLLGFLILI,1.0933961014043945,LLLGLLLGLLLITLLGFLILI_1,110011001100110000,1,-58.6416,-44.889,-58.6416,-228.97,-225.261,-239.795,-354.144,4545.54,4160.51,3437.04,-2.35806,42697.4,-68.8904,42613.4,-55.7074,-87.3093,66.1183,-38.8115,10.4226,8.52236,8.01413,16786.2,-81.7407,58.0906,-35.0,110963.0,6.5862,6.60334,5.9747,1,LLLGLLLGLLLITLLGFLILI,0.0723668739282039,0.0016798159548219,D,14,52.5362106782205,31.97493383372262,11.97683635470028,-3.117197528945737,60.465327127185375,38.83523680086218,-13.183,0.0,10.824999999999989,385.02999999999975,-0.03423889047606682,0.0,0.028114692361634146,-0.006124353946445736
TALLASLLLLLLGFL,Mutant,,clash,,LLLTALLASLLGLLLGFLILI,0.3859458756087906,LLLTALLASLLLLLLGFLILI_2,110011001100110000,1,-60.2627,-47.2919,-60.2627,-229.569,-224.497,-246.067,-368.674,4586.92,3973.37,3647.22,-2.25487,365238.0,-81.0969,365142.0,-62.3448,-48.4719,85.0727,-43.8111,8.47193,5.2556,5.03169,346047.0,-57.4425,60.2182,-40.5871,364870.0,6.8394,3.24583,2.6491,2,LLLTALLASLLLLLLGFLILI,0.108874638750942,0.001110691559557,D,17,8.846095064978536,-5.66571804742873,-13.047788484818415,-24.640618181331988,5.10779696272851,-8.905610732507535,-18.752100000000006,0.0,16.49800000000002,613.5500000000002,-0.030563279276342597,0.0,0.02688941406568334,-0.003675120202102517
STLLGLLLLVLLAIL,Mutant,,clash,,LLLSTLLGLLLGVLLAILILI,0.7881461690049176,LLLSTLLGLLLLVLLAILILI_2,110011001100110000,1,-44.9407,-67.082,-44.9407,-240.844,-224.224,-259.493,-385.461,4573.73,4002.57,3547.57,-2.0657,279813.0,-101.743,279719.0,-81.0281,-83.0194,81.1397,-42.0326,9.20116,9.90677,9.62387,138807.0,-70.6341,63.5646,-35.8262,279428.0,6.7474,5.67633,5.1298,2,LLLSTLLGLLLLVLLAILILI,0.2996583107436232,0.0010697788945499,D,16,-43.26542140039015,-50.96438477267184,-39.77890648925408,-47.95099491613757,-44.119737986763575,-51.70276937771797,-20.7149,0.0,18.649,571.1599999999994,-0.03626812101687797,0.0,0.03265109601512715,-0.0036166748371734754
LFLLAILLITLLGVL,Mutant,,clash,,LLLLFLLAILLGTLLGVLILI,0.2847442210117032,LLLLFLLAILLITLLGVLILI_2,110011001100110000,1,-58.7231,-55.1776,-58.7231,-225.752,-214.072,-243.081,-356.171,4655.37,3996.76,3509.99,-2.05474,356078.0,-73.751,355991.0,-54.3672,-56.7316,59.637,-44.4979,9.90356,3.06075,2.4553,266775.0,-62.6136,40.7304,-39.3075,355722.0,7.2265,1.39064,0.501596,2,LLLLFLLAILLITLLGVLILI,0.1512512438643484,0.0003242697963873,D,14,-50.68233234812708,-57.57517597971986,-48.61236415383527,-55.79451520333636,-50.9008761177783,-57.763175157491794,-19.383800000000008,0.0,17.32899999999998,658.6099999999997,-0.029431378205614884,0.0,0.02631147416528748,-0.0031198129393723156
LVLLATLLIGLLSIL,Mutant,,clash,11.0,LLLLVLLATLLGGLLSILILI,-0.0123993055754436,LLLLVLLATLLIGLLSILILI_2,110011001100110000,1,-73.9521,-65.2232,-73.9521,-222.631,-219.505,-239.837,-382.198,4540.4,3953.36,3737.69,-1.99634,13316.9,-87.6115,13219.5,-68.4088,-38.1414,72.8322,-38.474,8.72604,2.05354,1.64603,12531.7,-44.4117,60.8723,-41.0381,12934.7,6.9287,1.37952,0.792605,2,LLLLVLLATLLIGLLSILILI,0.2590608368376065,0.0006894038865235,D,14,-23.47866670106244,-34.189680738813585,-25.956108604802274,-36.32034464137818,-21.461457079717665,-32.45482846332037,-19.202700000000007,0.0,17.20599999999999,587.0399999999995,-0.03271105887162719,0.0,0.029309757427091857,-0.0034006881984191906
AFLLGVLLGLLLIYL,Mutant,,clash,,LLLAFLLGVLLGLLLGYLILI,0.2736164605953239,LLLAFLLGVLLGLLLIYLILI_0,110011001100110000,1,-44.9328,-48.886,-44.9328,-233.093,-223.38,-242.792,-336.722,4613.13,4102.33,3460.95,-1.94106,11618100.0,-60.6377,11618000.0,-48.998,-62.4314,61.4083,-51.5013,8.69519,4.15483,3.57596,11575100.0,-69.605,42.1044,-35.8969,11617800.0,6.5663,2.62484,1.75641,0,LLLAFLLGVLLGLLLIYLILI,1.1879100366986788,0.0009447743723637,D,14,-67.35221220313531,-70.37055938362103,-51.39859138596479,-55.8918797389323,-53.83125981179507,-58.09964355775376,-11.639700000000005,0.0,9.699000000000012,510.8000000000002,-0.022787196554424433,0.0,0.01898786217697731,-0.0038000391542678136
AYLLGLLLIVLLGTL,Mutant,,clash,11.0,LLLAYLLGLLLGVLLGTLILI,0.837942482965248,LLLAYLLGLLLIVLLGTLILI_1,110011001100110000,1,-59.0013,-61.1343,-58.7113,-230.822,-223.262,-243.069,-356.39,4589.22,4041.48,3384.22,-1.93585,4019920.0,-68.5021,4019850.0,-54.6092,-80.0996,55.9279,-38.7279,11.1523,6.06521,5.40413,3746210.0,-78.1031,43.7429,-35.0,4021380.0,7.2077,4.12076,3.2769,1,LLLAYLLGLLLIVLLGTLILI,0.2871254868379664,0.0009587900293609,D,14,8.770333125496553,13.101985380891035,16.36252582395061,20.99652834049309,43.985595768349285,49.71965498038354,-13.892899999999997,-0.28999999999999915,12.246999999999986,547.7400000000002,-0.025364041333479373,-0.0005294482783802516,0.022359148501113632,-0.0035342498265600454
AVLLGFLLITLLGLL,Mutant,,clash,,LLLAVLLGFLLGTLLGLLILI,0.8568277095218091,LLLAVLLGFLLITLLGLLILI_0,110011001100110000,1,-58.7162,-51.9518,-58.7162,-222.451,-211.385,-238.603,-348.836,4596.34,4086.68,3465.81,-1.92736,176369.0,-69.5961,176284.0,-51.5167,-71.526,62.3065,-44.5211,10.8261,5.64029,5.07489,77115.6,-77.6262,50.1878,-35.0,176020.0,7.3742,4.91928,4.1721,0,LLLAVLLGFLLITLLGLLILI,0.4402174710595214,0.0015502372247876,D,14,-50.7301614051152,-55.88467745718975,-16.687843947073972,-25.403801984580728,56.40364664840405,40.04099699815957,-18.079400000000007,0.0,16.152000000000015,509.6600000000003,-0.03547345289016206,0.0,0.031691716045991455,-0.003781658360475609
TVLLGLLLIALLSFL,Mutant,,clash,,LLLTVLLGLLLGALLSFLILI,0.1434290609816046,LLLTVLLGLLLIALLSFLILI_1,110011001100110000,1,-60.2903,-60.2903,-60.2903,-236.895,-233.728,-244.169,-365.365,4573.61,4247.51,3709.71,-1.82806,816681.0,-70.0069,816610.0,-60.9051,-98.6758,54.302,-49.2747,10.4707,8.63215,7.94668,714159.0,-101.046,32.942,-43.0962,917384.0,7.3877,6.10407,5.0982,1,LLLTVLLGLLLIALLSFLILI,0.4518289763763266,0.0014582088196428,D,15,-58.16624893606187,-61.43094862772417,-52.21999407457757,-55.94873860848132,-54.89394361287136,-58.41401352374533,-9.101800000000004,0.0,7.274000000000001,326.09999999999945,-0.027911070223857772,0.0,0.022306041091689707,-0.005605826433609332
AYLLGVLLIFLLGLL,Mutant,,clash,,LLLAYLLGVLLGFLLGLLILI,1.0185060108483088,LLLAYLLGVLLIFLLGLLILI_2,110011001100110000,1,-44.8823,-52.4315,-44.8823,-236.459,-223.388,-245.009,-334.747,4670.46,3950.59,3590.46,-1.76522,192543.0,-55.1708,192484.0,-44.8557,-81.4893,64.6816,-35.4209,9.91671,7.45541,6.92564,185651.0,-79.0932,48.1108,-39.972,192208.0,7.1758,4.85894,4.0806,2,LLLAYLLGVLLIFLLGLLILI,0.2740599122906471,0.000370025552017,D,14,-73.1876912371096,-75.20474271775886,-62.508597046833145,-65.32902144620333,-62.20671071500946,-65.04984558955647,-10.315100000000001,0.0,8.549999999999983,719.8699999999999,-0.01432911497909345,0.0,0.011877144484420777,-0.002452137191437343
YLLLAILLGVLLLTL,Mutant,,clash,,LLLYLLLAILLGVLLATLILI,0.1050069316865889,LLLYLLLAILLGVLLLTLILI_2,110011001100110000,1,-57.9789,-61.1071,-58.7692,-236.238,-234.587,-248.887,-368.737,4665.74,3922.79,3689.32,-1.76429,2650.09,-76.2839,2577.05,-61.0801,-60.0224,51.9122,-47.6904,7.36791,2.5115,1.79019,2166.14,-62.2783,46.1971,-42.3028,2285.76,7.14,2.07835,1.27131,2,LLLYLLLAILLGVLLLTLILI,0.0398728466294195,0.0008467689387467,D,17,-38.93445056621315,-48.25419866597224,-41.00425561620419,-50.00811264709733,-37.83411037724542,-47.32179102621279,-15.203800000000001,0.7902999999999949,12.649000000000001,742.9499999999998,-0.02046409583417458,0.00106373241806312,0.01702537182852144,-0.002374708930614443
AYLLLLLLGVLLGTL,Mutant,,clash,,LLLAYLLGLLLGVLLGTLILI,0.7713842918569738,LLLAYLLLLLLGVLLGTLILI_0,110011001100110000,1,-58.7113,-66.6173,-58.7113,-215.664,-207.303,-241.584,-358.328,4602.89,3663.44,3414.66,-1.74815,515329.0,-85.7016,515244.0,-58.0328,-70.0684,45.5427,-36.9702,9.21333,3.15853,2.34167,443507.0,-78.1031,43.7429,-35.0,514970.0,7.2077,4.12076,3.2769,0,LLLAYLLLLLLGVLLGTLILI,0.3536836779462406,0.0008318359595496,D,16,-85.1406770468975,-89.6344733087908,-80.89323968747541,-86.67155733628775,-87.86247430083503,-91.5331373443456,-27.668799999999997,0.0,25.920000000000016,939.4500000000003,-0.02945212624407897,0.0,0.027590611528021725,-0.001860822821863856
YTLLAVLLGLLLLFL,Mutant,,clash,,LLLYTLLAVLLGLLLGFLILI,0.1373752967834367,LLLYTLLAVLLGLLLLFLILI_2,110011001100110000,1,-68.713,-70.3804,-44.9531,-235.139,-230.249,-252.713,-349.588,4741.37,4001.1,3674.15,-1.72792,9057.24,-47.4641,9008.28,-51.9219,-60.536,52.242,-47.3116,7.07056,2.63307,1.9167,3623.94,-60.0061,44.1752,-42.0349,8707.65,6.9704,1.46457,0.627198,2,LLLYTLLAVLLGLLLLFLILI,0.2018721658669391,0.0009922513822085,D,17,-20.69780176837512,-31.016424819667783,-28.414460263849424,-37.7290091279703,-21.885184697682927,-32.04930816210057,4.457799999999999,-23.759899999999995,17.573999999999984,740.27,0.006021856890053628,-0.03209626217461196,0.023739986761586968,-0.0023341753684466477
AYLLLFLLGTLLGLL,Mutant,,clash,,LLLAYLLGFLLGTLLGLLILI,0.8120962649668197,LLLAYLLLFLLGTLLGLLILI_0,110011001100110000,1,-58.6623,-55.4398,-58.6623,-227.023,-222.57,-243.844,-347.743,4619.91,3987.0,3562.31,-1.71655,65705.2,-63.7736,65635.4,-45.2365,-82.9167,35.0073,-41.7216,9.8858,3.6635,2.68861,60876.5,-91.134,25.7473,-37.6199,65357.4,7.3707,3.64599,2.5322,0,LLLAYLLLFLLGTLLGLLILI,0.3843156270837013,0.0013388569357403,D,16,-96.01914855793484,-96.6922078071172,-94.97051703804432,-95.82087281630297,-96.67106190133632,-97.23389942739551,-18.537100000000002,0.0,16.820999999999998,632.9099999999999,-0.029288682435101368,0.0,0.026577238469924637,-0.0027121549667409274
TFLLGILLIVLLGLL,Mutant,,clash,,LLLTFLLGILLGVLLGLLILI,1.0009047215513869,LLLTFLLGILLIVLLGLLILI_2,110011001100110000,1,-44.9305,-51.9007,-44.9305,-231.993,-225.22,-247.334,-351.279,4657.38,4107.73,3563.3,-1.70699,2768390.0,-76.0623,2768320.0,-59.0151,-81.2357,64.6867,-39.946,10.6102,7.41806,6.88837,2610470.0,-92.5815,39.7325,-40.3169,2768040.0,6.7382,5.75111,4.8471,2,LLLTFLLGILLIVLLGLLILI,0.3537700979232142,0.0012036310095802,D,15,-64.90596327842066,-69.011656368384,-58.06538648469672,-62.9713667885868,-61.52850877906785,-66.0293342873868,-17.047199999999997,0.0,15.341000000000008,549.6500000000005,-0.03101464568361681,0.0,0.027910488492677146,-0.0031055944692076746
AYLLILLLGFLLGTL,Mutant,,clash,7.0,LLLAYLLGLLLGFLLGTLILI,0.6487786793172181,LLLAYLLILLLGFLLGTLILI_0,110011001100110000,1,-58.7779,-64.4943,-58.7779,-226.695,-217.446,-244.015,-344.206,4618.68,3967.06,3499.52,-1.66822,20420.5,-60.4012,20358.2,-41.4127,-90.1362,46.5277,-34.266,10.4636,6.30166,5.49958,19861.9,-85.1121,47.6719,-35.0,20076.3,7.4675,5.70252,4.9176,0,LLLAYLLILLLGFLLGTLILI,0.5366832206766785,0.0014993738934404,D,14,-83.67153088484736,-86.72846055124928,-78.66006116035012,-82.65521169516612,-83.10569831671104,-86.26856016521491,-18.988500000000002,0.0,17.319999999999993,651.6200000000003,-0.029140449955495522,0.0,0.026579908535649586,-0.0025601117215555066
TFLLAILLILLLGVL,Mutant,,clash,11.0,LLLTFLLAILLGLLLGVLILI,0.4682912873195169,LLLTFLLAILLILLLGVLILI_2,110011001100110000,1,-44.9832,-44.9832,-44.9832,-228.848,-225.222,-247.847,-355.414,4661.5,3926.42,3472.99,-1.59874,661013.0,-83.1818,660928.0,-62.584,-64.6523,46.8771,-42.1002,9.74102,2.52625,1.72941,201616.0,-74.241,27.0676,-35.812,660658.0,7.4865,1.29028,0.196294,2,LLLTFLLAILLILLLGVLILI,0.23360957164129,0.0012383924041072,D,15,-48.45120437787702,-60.296094474805706,-44.7358341558891,-57.43444258741184,-44.19667488470508,-57.0191714155489,-20.597799999999992,0.0,18.998999999999995,735.0799999999999,-0.028021167764052883,0.0,0.02584616640365674,-0.002174919736627306
YFLLLTLLGVLLALL,Mutant,,clash,,LLLYFLLGTLLGVLLALLILI,0.9227276733914126,LLLYFLLLTLLGVLLALLILI_2,110011001100110000,1,-58.7571,-66.418,-58.7816,-225.08,-225.806,-250.018,-351.725,4755.59,4080.55,3689.8,-1.59195,34210.2,-69.4796,34150.7,-42.9257,-65.8208,54.6067,-51.8129,8.31827,3.74502,3.06412,32014.7,-72.9898,49.7856,-44.4885,33858.5,6.6061,4.16952,3.4163,2,LLLYFLLLTLLGVLLALLILI,0.2206052290485311,0.0002566027916619,D,17,-97.26263190659088,-96.51082303651728,-95.80513502087167,-94.65302957050746,-97.22903336919082,-96.46799677468375,-26.553900000000006,0.02449999999999619,24.937999999999988,675.04,-0.03933678004266415,3.6294145532110975e-05,0.036942995970609134,-0.0023583046930552264
GALLILLLGTLLSFL,Mutant,,clash,,LLLGALLALLLGTLLSFLILI,0.1159886477987039,LLLGALLILLLGTLLSFLILI_0,110011001100110000,1,-74.0721,-76.2738,-74.0721,-221.327,-222.397,-239.703,-364.87,4528.6,3931.87,3649.85,-1.57693,1741.89,-71.0471,1675.69,-51.0943,-76.9868,57.0237,-44.4337,8.71223,5.74621,5.10157,1014.23,-84.1071,54.9836,-41.1247,1377.02,7.4834,6.53885,5.8636,0,LLLGALLILLLGTLLSFLILI,0.1618552144683529,0.000497045651629,D,14,-98.14785665066448,-98.27684703829506,-97.58168119018195,-97.75010221483144,-98.24924868957504,-98.37117774558332,-19.952800000000003,0.0,18.376000000000005,596.7300000000005,-0.03343689775945568,0.0,0.03079449667353743,-0.00264261893988906
STLLGALLLFLLALL,Mutant,,clash,,LLLSTLLGALLGFLLALLILI,1.1276224100234502,LLLSTLLGALLLFLLALLILI_2,110011001100110000,1,-49.5526,-66.803,-44.9255,-231.82,-222.217,-258.622,-367.045,4613.3,3836.18,3582.96,-1.55528,56732.0,-87.2277,56654.0,-63.4974,-64.4065,85.1818,-50.4474,7.64886,7.66051,7.43824,40112.5,-68.8242,63.6738,-35.7825,56365.0,6.5843,5.41959,4.8747,2,LLLSTLLGALLLFLLALLILI,0.2351006125754094,0.0014041949675087,D,16,-49.38142890595266,-52.917806074351006,-45.1094294849006,-48.94426235620589,-44.8267957704629,-48.68137434760608,-23.7303,-4.627099999999999,26.80200000000002,777.1200000000003,-0.030536210623841865,-0.005954164093061556,0.03448888202594195,-0.002001338274655136
TVLLGLLLIFLLAIL,Mutant,,clash,,LLLTVLLGLLLGFLLAILILI,0.7591594281368266,LLLTVLLGLLLIFLLAILILI_2,110011001100110000,1,-44.9495,-44.9495,-44.9495,-238.725,-238.172,-246.445,-358.708,4579.1,4149.57,3612.22,-1.54868,337362.0,-76.5818,337287.0,-67.3137,-78.6046,63.646,-35.3502,10.9641,6.88289,6.33758,142539.0,-85.5593,36.5947,-45.0,340013.0,7.5,4.27418,3.3231,2,LLLTVLLGLLLIFLLAILILI,0.2194558122669674,0.000586943923496,D,15,-63.9847140366393,-68.1254860110019,-55.157550921676105,-60.31320501239206,-58.18716653750128,-62.99449776753351,-9.268100000000004,0.0,7.719999999999999,429.53000000000065,-0.021577305426861895,0.0,0.01797313342490626,-0.0036055223150885797
YILLIVLLGLLLAFL,Mutant,,clash,,LLLYILLGVLLGLLLAFLILI,0.7708840103618363,LLLYILLIVLLGLLLAFLILI_0,110011001100110000,1,-44.9335,-52.3535,-44.9335,-231.852,-229.233,-250.462,-347.361,4680.72,3958.74,3612.15,-1.47766,85273.3,-72.0524,85207.6,-51.965,-86.6235,37.0443,-33.9779,9.81245,4.4945,3.55017,80967.0,-84.7749,35.5377,-45.0,84926.0,7.0209,4.01383,3.0469,0,LLLYILLIVLLGLLLAFLILI,0.0497094724525429,0.0012558223408991,D,15,-96.552890884533,,-94.99444456446663,,-96.60791562740695,,-20.087400000000002,0.0,18.609999999999985,721.9800000000005,-0.02782265436715697,0.0,0.025776337294661864,-0.0020466771932740506
TVLLGILLILLLGFL,Mutant,,clash,,LLLTVLLGILLGLLLGFLILI,0.4825409740282658,LLLTVLLGILLILLLGFLILI_1,110011001100110000,1,-44.9617,-46.2735,-44.9617,-233.131,-229.795,-245.054,-353.691,4584.54,4099.63,3589.83,-1.46488,6050970.0,-77.0625,6050890.0,-63.6749,-75.2644,46.5419,-37.467,10.2628,4.07282,3.27095,4886870.0,-76.9679,35.2534,-45.0,6125390.0,6.6086,2.8044,1.8332,1,LLLTVLLGILLILLLGFLILI,0.2563998950422865,0.0001934705369472,D,15,-48.20786669434148,-52.89241003775111,-32.998180109228535,-39.05842341902385,-20.786553349266534,-27.951325304618383,-13.387599999999999,0.0,11.923000000000002,484.90999999999985,-0.027608422181435735,0.0,0.02458806788888661,-0.003020931719288116
TFLLAVLLIILLALL,Mutant,,clash,,LLLTFLLAVLLGILLALLILI,0.2490120596103564,LLLTFLLAVLLIILLALLILI_0,110011001100110000,1,-44.9822,-47.7679,-44.9822,-232.248,-233.413,-249.122,-361.634,4664.0,3986.56,3691.18,-1.45145,1998310.0,-85.8551,1998230.0,-67.529,-72.3094,41.7957,-35.5715,10.2431,2.98883,2.11576,1750170.0,-70.6256,40.5984,-41.2559,1997950.0,6.8843,2.57462,1.6836,0,LLLTFLLAVLLIILLALLILI,0.2400781486448422,0.0005007217972633,D,15,-69.05849216958721,-72.9013624459454,-66.2222247703101,-70.41735349975414,-69.80293124565975,-73.55334375254921,-18.326099999999997,0.0,16.874000000000024,677.44,-0.02705198984411903,0.0,0.02490847897968827,-0.0021425513698630134
TYLLGVLLGLLLIFL,Mutant,,clash,,LLLTYLLGVLLGLLLGFLILI,0.9210391137912708,LLLTYLLGVLLGLLLIFLILI_1,110011001100110000,1,-44.907,-44.907,-44.907,-238.509,-229.2,-253.228,-348.966,4628.31,3853.03,3490.6,-1.38643,48995.8,-66.9356,48920.9,-50.8307,-65.1221,61.5659,-44.8291,9.24225,4.57971,4.0032,2076.39,-69.5064,38.1576,-45.0,1671.34,6.5231,2.07724,1.1496,1,LLLTYLLGVLLGLLLIFLILI,0.1714445716000731,0.0007780823088004,D,15,-75.48053322840627,-78.9069990754463,-70.43254126452221,-74.56443729980839,-73.75096805642889,-77.4191314920509,-16.104899999999994,0.0,14.719000000000023,775.2800000000002,-0.02077301104117221,0.0,0.018985398823650836,-0.0017882958415024245
AYLLGLLLIFLLGTL,Mutant,,clash,11.0,LLLAYLLGLLLGFLLGTLILI,0.9573341021093228,LLLAYLLGLLLIFLLGTLILI_1,110011001100110000,1,-59.4206,-59.6077,-58.747,-234.168,-226.272,-244.821,-345.446,4612.79,4133.76,3473.13,-1.34703,57735.7,-53.204,57676.1,-41.8777,-82.458,58.3735,-37.7825,11.0773,6.74912,6.12472,44025.6,-87.7841,38.6606,-35.7467,57352.4,7.5,4.88679,3.9667,1,LLLAYLLGLLLIFLLGTLILI,0.2281277978845739,0.0023830616424311,D,14,-67.58034640733086,-68.57926550421513,-33.71175171628658,-35.75423489459484,8.007337919319339,4.679400063881,-11.326300000000003,-0.6736000000000004,10.652999999999992,479.02999999999975,-0.023644239400455107,-0.0014061749786025944,0.022238690687430843,-0.0028119950733774515
AYLLGLLLIFLLATL,Mutant,,clash,,LLLAYLLGLLLGFLLATLILI,1.996134945722635,LLLAYLLGLLLIFLLATLILI_2,110011001100110000,1,-60.1786,-65.5616,-58.7236,-237.272,-224.751,-246.338,-350.205,4621.08,4129.43,3555.36,-1.14484,4806.28,-53.8994,4746.38,-45.1432,-87.7443,59.9944,-37.8775,10.8089,7.76089,7.16081,4238.35,-87.2227,45.9146,-36.9014,4456.07,7.4937,5.78188,4.9706,2,LLLAYLLGLLLIFLLATLILI,0.1954842158069451,0.0004478400987093,D,14,-67.35663682660376,-71.19565362125851,-61.69579523127625,-66.2005542731653,-62.75135755805156,-67.1319773842976,-8.7562,-1.4550000000000054,9.066000000000003,491.64999999999964,-0.017809824061832617,-0.002959422353300125,0.018439947116851436,-0.0023285670700701738
VGLLFALLITLLSYL,Mutant,,clash,,LLLVGLLFALLGTLLSYLILI,-0.0548736813501943,LLLVGLLFALLITLLSYLILI_1,110011001100110000,1,-74.0315,-53.0262,-74.0315,-226.607,-226.163,-244.466,-354.456,4630.2,3925.69,3569.98,-1.13518,3806.71,-54.9534,3731.44,-35.9588,-65.6427,60.0308,-38.8429,8.85993,4.45057,3.85103,3787.26,-59.8906,63.2894,-39.6145,12930.7,6.7452,4.02766,3.477,1,LLLVGLLFALLITLLSYLILI,0.2749575893572914,0.0003333872546638,D,15,73.39382983117652,58.20556048207612,21.86043886726336,11.18618840334753,33.27217980926454,21.5983286367305,-18.994600000000005,0.0,17.85900000000001,704.5099999999998,-0.026961434188301107,0.0,0.025349533718471016,-0.0016113043107975763
AFLLIVLLGTLLGLL,Mutant,,clash,7.0,LLLAFLLGVLLGTLLGLLILI,1.9260476204395125,LLLAFLLIVLLGTLLGLLILI_0,110011001100110000,1,-58.6941,-65.7972,-58.6941,-221.943,-221.156,-238.956,-349.655,4582.57,4101.91,3542.53,-1.08354,7542340.0,-70.1019,7542280.0,-52.0056,-89.3374,45.2612,-43.952,9.79462,6.01088,5.1898,6858790.0,-97.484,35.8407,-36.8474,7541990.0,6.7321,5.96109,4.9987,0,LLLAFLLIVLLGTLLGLLILI,0.3344162748810826,0.0007509916786215,D,14,-89.07115924659448,-90.46506561439897,-86.03361922685139,-87.81494512720431,-89.3911565080189,-90.7442491948078,-18.0963,0.0,17.012999999999977,480.65999999999985,-0.037648857820496824,0.0,0.03539508176257642,-0.0022542753713643746
LVLLIILLGTLLAFL,Mutant,,clash,,LLLLVLLGILLGTLLAFLILI,0.2159473230211863,LLLLVLLIILLGTLLAFLILI_0,110011001100110000,1,-58.7441,-66.9762,-58.7441,-224.098,-220.173,-242.918,-361.594,4547.38,4018.15,3556.63,-0.947152,23702.2,-79.6992,23627.8,-59.9328,-71.7432,55.9672,-41.69,9.17566,4.81704,4.15655,23674.6,-71.59,53.248,-43.6275,23340.7,6.8881,4.42698,3.7257,0,LLLLVLLIILLGTLLAFLILI,0.2373040753638793,0.0006243423228059,D,14,-52.79215420313805,-62.00142788436782,-48.84204240048723,-58.8219011412133,-54.952592814716894,-63.74040963618781,-19.766400000000004,0.0,18.819999999999993,529.23,-0.03734935661243694,0.0,0.03556109819927063,-0.0017896793454641648
YVLLIILLGLLLGFL,Mutant,,clash,,LLLYVLLGILLGLLLGFLILI,0.7173997193902067,LLLYVLLIILLGLLLGFLILI_2,110011001100110000,1,-44.9581,-47.8758,-44.9581,-233.213,-231.219,-249.945,-343.53,4664.17,4227.79,3608.11,-0.926449,178604.0,-66.2852,178540.0,-48.627,-78.0062,40.3435,-43.3467,10.4734,3.6473,2.75245,171448.0,-83.7055,31.7125,-44.5563,188015.0,7.4442,3.33701,2.3127,2,LLLYVLLIILLGLLLGFLILI,0.0502192488426207,0.0020471360647197,D,15,-53.40132838926029,-62.33541788949413,-51.76523320173765,-61.01300161879411,-51.5937245535584,-60.87437531596789,-17.6582,0.0,16.732,436.3800000000001,-0.040465190888675,0.0,0.03834272881433612,-0.0021230326779412435
YALLALLLITLLGFL,Mutant,,clash,11.0,LLLYALLALLLGTLLGFLILI,0.0048878312161388,LLLYALLALLLITLLGFLILI_0,110011001100110000,1,-58.7298,-46.9704,-58.7298,-237.782,-228.071,-248.327,-347.614,4684.72,4396.06,3695.89,-0.910331,12782.7,-52.0131,12710.2,-40.5573,-58.7145,72.9377,-29.6735,10.6909,5.15376,4.74783,12108.8,-63.0279,55.5114,-39.6932,12435.1,7.1542,3.44823,2.7809,0,LLLYALLALLLITLLGFLILI,0.0396358225272985,0.001030808878519,D,15,-3.3600931396990648,-16.955451303102706,-15.01673208235879,-26.972227516631023,5.711060600930548,-9.160432733396147,-11.455800000000004,0.0,10.544999999999987,288.65999999999985,-0.039686135938474365,0.0,0.03653086676366657,-0.0031536444259682686
GYLLAFLLILLLGTL,Mutant,,clash,,LLLGYLLAFLLGLLLGTLILI,1.1193502820936392,LLLGYLLAFLLILLLGTLILI_1,110011001100110000,1,-61.2273,-58.7749,-58.7749,-228.46,-223.87,-248.156,-348.766,4639.87,4016.33,3547.66,-0.884688,29396.5,-59.9635,29330.3,-41.835,-61.0269,54.2424,-38.4547,10.788,2.97676,2.2904,29214.8,-61.4169,47.8691,-36.8365,29105.6,7.2814,2.17486,1.3929,1,LLLGYLLAFLLILLLGTLILI,0.3204022518112299,0.0009218483215352,D,14,-77.8341714010257,-83.40581581618099,-72.05012764792112,-79.07566019227951,-74.97591792606693,-81.26601831681293,-18.128500000000003,-2.4523999999999972,19.695999999999998,623.54,-0.029073515732751715,-0.003933027552362314,0.03158738813869198,-0.0014188151521955289
FVLLTLLLGLLLIAL,Mutant,,clash,,LLLFVLLTLLLGLLLGALILI,0.5902007807923237,LLLFVLLTLLLGLLLIALILI_2,110011001100110000,1,-58.8313,-63.5798,-58.8313,-233.352,-220.07,-243.293,-363.417,4668.45,4228.11,3639.51,-0.792373,41004.3,-72.0262,40924.5,-61.293,-33.4477,88.6183,-35.4731,10.8186,3.48064,3.30991,25492.3,-40.5686,62.7854,-41.894,40640.8,7.0908,1.06132,0.503101,2,LLLFVLLTLLLGLLLIALILI,0.3338289709557046,0.0007578571796747,D,14,-14.212887491659188,-25.43640900987468,-23.264248837590227,-33.303581427365856,-25.11928742754436,-34.915925457231545,-10.733200000000004,0.0,9.941000000000003,440.34000000000015,-0.024374801289912342,0.0,0.02257573693055366,-0.001799457237589135
TFLLIILLGVLLGLL,Mutant,,clash,,LLLTFLLGILLGVLLGLLILI,1.1927263505849286,LLLTFLLIILLGVLLGLLILI_2,110011001100110000,1,-44.9305,-51.5308,-44.9305,-228.796,-217.421,-245.261,-350.8,4605.57,4148.23,3590.26,-0.558769,1272820.0,-77.6323,1272740.0,-60.6083,-91.2688,53.282,-46.1346,10.1769,7.38339,6.68262,893526.0,-92.5815,39.7325,-40.3169,1272470.0,6.7382,5.75111,4.8471,2,LLLTFLLIILLGVLLGLLILI,0.1619484688896725,0.0012635918278278,D,15,-84.59245817099875,-87.37059611156448,-80.84805632329777,-84.30134835095103,-84.22356498655157,-87.06821815473134,-17.024,0.0,16.465000000000003,457.34000000000015,-0.03722394717278173,0.0,0.036001661783355926,-0.0012217802947478895
TYLLVALLGLLLIFL,Mutant,,clash,,LLLTYLLVALLGLLLGFLILI,0.0788902456351746,LLLTYLLVALLGLLLIFLILI_0,110011001100110000,1,-44.9435,-66.585,-44.9435,-236.638,-230.453,-253.067,-351.434,4653.99,3919.23,3683.04,-0.509932,1534.72,-70.3626,1480.32,-53.4234,-62.2631,48.6635,-47.9785,9.73782,2.40905,1.639,1092.05,-47.3212,57.8921,-45.0,1183.28,7.3456,1.41362,0.782002,0,LLLTYLLVALLGLLLIFLILI,0.2867220160785782,0.0002333122186971,D,15,-66.50740116562417,-70.06324429843934,-60.97180235261372,-65.11534908892054,-63.35708767240813,-67.24739337280315,-16.9392,0.0,16.429000000000002,734.7599999999998,-0.023054058468071213,0.0,0.022359682073057878,-0.0006940116500626058
TLLLIILLGLLLGFL,Mutant,,clash,,LLLTLLLGILLGLLLGFLILI,1.4960679138578816,LLLTLLLIILLGLLLGFLILI_2,110011001100110000,1,-44.942,-49.5724,-44.942,-228.108,-216.996,-245.011,-360.273,4576.32,4066.04,3501.87,-0.50558,1209340.0,-87.7286,1209250.0,-70.3198,-80.2951,35.8539,-51.5325,9.7859,3.38454,2.42235,806751.0,-88.5873,34.12,-39.5515,1208950.0,7.2522,4.3943,3.4061,2,LLLTLLLIILLGLLLGFLILI,0.088694079303127,0.0015866828854982,D,15,-35.893587562223644,-45.59764425074172,-39.74728678429313,-48.8679928486009,-37.56060554273196,-47.01231872350292,-17.4088,0.0,16.90299999999999,510.27999999999975,-0.03411617151367878,0.0,0.03312495100729011,-0.000990789370541664
AALLFLLLGLLLITL,Mutant,,clash,,LLLAALLFLLLGLLLGTLILI,0.0806532830748698,LLLAALLFLLLGLLLITLILI_2,110011001100110000,1,-58.7926,-52.958,-58.7926,-231.552,-222.005,-241.303,-361.299,4612.3,4201.6,3591.06,-0.389594,26949.7,-71.3443,26863.4,-61.2037,-53.1765,69.5927,-44.5618,10.418,3.87149,3.41538,13121.2,-42.6543,63.6897,-38.1137,26588.4,6.7933,1.49625,0.951595,2,LLLAALLFLLLGLLLITLILI,0.2911316153254753,0.0007518450370666,D,14,23.6660059876497,8.156652524403682,-4.140385297248986,-16.162449367338034,5.9826376687384055,-7.308987426162384,-10.140600000000006,0.0,9.751000000000005,410.6999999999998,-0.024691015339664016,0.0,0.02374239103968836,-0.0009486096907718533
TVLLAILLILLLGFL,Mutant,,clash,11.0,LLLTVLLAILLGLLLGFLILI,0.3017240482497676,LLLTVLLAILLILLLGFLILI_2,110011001100110000,1,-44.964,-47.375,-44.964,-231.498,-226.124,-246.196,-358.154,4584.68,4068.22,3610.68,-0.379859,537192.0,-82.0718,537107.0,-66.9936,-66.6006,55.8338,-38.8619,10.1092,4.02765,3.36516,343920.0,-71.1566,42.8294,-43.0573,536834.0,7.0278,2.95546,2.0979,2,LLLTVLLAILLILLLGFLILI,0.1925779210446125,0.0008658027435261,D,15,-29.605292689302367,-43.608655750184205,-28.38908846261535,-42.634386606305455,-27.04773206915285,-41.55986136094031,-15.078199999999995,0.0,14.698000000000008,516.4600000000005,-0.029195291019633623,0.0,0.028459125585718146,-0.0007355051698098587
STLLIALLGFLLALL,Mutant,,clash,,LLLSTLLGALLGFLLALLILI,0.9016441313422998,LLLSTLLIALLGFLLALLILI_2,110011001100110000,1,-44.9255,-51.0048,-44.9255,-227.003,-220.396,-250.647,-356.313,4572.44,4032.61,3576.83,-0.0932861,40168.1,-84.4777,40083.2,-60.7399,-69.3641,51.8982,-52.6108,8.19725,3.91087,3.18934,35295.2,-68.8242,63.6738,-35.7825,39811.8,6.5843,5.41959,4.8747,2,LLLSTLLIALLGFLLALLILI,0.4610788912565597,0.000669390682006,D,14,-98.39910655708871,-98.81758450775858,-97.7681174315184,-98.35153767571371,-98.43553940141489,-98.84449370633668,-23.7378,0.0,23.644000000000005,539.8299999999995,-0.043972732156419655,0.0,0.043798973750995736,-0.00017280643906414999
LFLLAVLLLILLSTL,Mutant,,clash,,LLLLFLLAVLLGILLSTLILI,0.4994573588971429,LLLLFLLAVLLLILLSTLILI_2,110011001100110000,1,-74.1115,-75.7177,-74.1115,-232.189,-228.116,-246.444,-380.174,4676.89,4279.62,3706.02,-0.0736561,3426090.0,-73.9471,3426010.0,-59.6184,-59.0402,58.0005,-33.4698,10.7877,3.18609,2.55609,3378750.0,-61.5797,48.2683,-39.5794,3425710.0,6.5,2.25318,1.47721,2,LLLLFLLAVLLLILLSTLILI,0.004408295526278,0.0015297937814456,D,16,-49.9080995374954,-65.67042846823476,-48.05982765831245,-64.4037490030774,-46.067865993524514,-63.0385943607404,-14.328700000000005,0.0,14.254999999999995,397.27000000000044,-0.0360679135097037,0.0,0.03588239736199557,-0.00018540564351700336
TVLLLLLLGLLLGFL,Mutant,,clash,,LLLTVLLALLLGLLLGFLILI,0.2040582263142999,LLLTVLLLLLLGLLLGFLILI_2,110011001100110000,1,-44.9939,-48.1597,-44.9939,-228.449,-222.611,-244.478,-360.121,4604.87,4016.6,3479.92,0.0281472,6902.85,-86.6499,6813.5,-70.6493,-69.1897,35.1931,-49.9662,8.84726,1.62953,0.657425,6791.4,-72.6874,32.4259,-40.8381,6542.73,7.0033,1.78061,0.766999,2,LLLTVLLLLLLGLLLGFLILI,0.2511400092726182,0.0014377414639773,D,17,-25.034796488722304,-36.92646278462564,-29.04780079619037,-40.30288764145226,-28.16425169065172,-39.5594951769548,-16.000600000000006,0.0,16.028999999999996,588.27,-0.027199415234501177,0.0,0.02724769238614921,4.7847417002396865e-05
AVLLFLLLGLLLITL,Mutant,,clash,,LLLAVLLFLLLGLLLGTLILI,-0.193732532890638,LLLAVLLFLLLGLLLITLILI_2,110011001100110000,1,-58.8,-48.3259,-58.8,-228.257,-230.722,-243.475,-365.568,4601.04,4045.46,3582.2,0.0342411,39574.1,-78.4758,39487.5,-63.2926,-51.8399,60.9524,-47.7292,10.1088,2.50456,1.91885,36291.7,-44.8097,61.6429,-42.2922,45197.5,6.8515,1.54325,0.967894,2,LLLAVLLFLLLGLLLITLILI,0.258256131773552,0.0009213055185297,D,14,3.216902958266485,-10.74747068549868,-14.777532476227211,-26.30741125806576,-7.908589030131326,-20.36777774154564,-15.183200000000006,0.0,15.21799999999999,555.5799999999999,-0.027328557543468104,0.0,0.027391194787429338,6.163126822419814e-05
TLLLILLLGYLLAFL,Mutant,,clash,,LLLTLLLGLLLGYLLAFLILI,0.9305919149169244,LLLTLLLILLLGYLLAFLILI_2,110011001100110000,1,-44.9618,-47.5035,-44.9618,-235.284,-225.534,-249.095,-353.704,4652.11,4322.56,3602.93,0.0354795,138060.0,-73.4231,137979.0,-59.6477,-89.8281,43.2428,-41.9792,10.5473,5.812,4.96064,97564.5,-93.4365,38.3915,-39.9749,174767.0,7.3305,5.69833,4.7742,2,LLLTLLLILLLGYLLAFLILI,0.2198958635841698,0.0009697166291118,D,15,-72.30624716058742,-76.61799227788617,-67.47197361256903,-72.53638506177388,-73.1942884062613,-77.36777102345044,-13.775400000000005,0.0,13.811000000000007,329.5499999999993,-0.041800637232590004,0.0,0.041908663328781785,0.00010766044606281316
AVLLYTLLLLLLGFL,Mutant,,clash,,LLLAVLLYTLLGLLLGFLILI,0.2254234662098585,LLLAVLLYTLLLLLLGFLILI_2,110011001100110000,1,-58.7988,-58.7988,-58.7988,-234.531,-228.698,-248.454,-356.763,4642.11,4154.29,3736.49,0.0876113,6113300.0,-63.3451,6113230.0,-49.51,-44.4613,80.7263,-35.524,9.64043,4.06725,3.77815,5453440.0,-49.156,60.31,-42.3523,6112940.0,7.5,2.01525,1.4199,2,LLLAVLLYTLLLLLLGFLILI,0.1845987796895268,0.002754538348666,D,16,49.982942892843305,21.58184288825705,8.18724179126166,-12.299332308896178,232.290222269877,169.36701479570704,-13.835100000000004,0.0,13.923000000000002,487.8199999999997,-0.02836107580665002,0.0,0.028541265220778177,0.0001795975974744784
TYLLVLLLLALLGFL,Mutant,,clash,,LLLTYLLVLLLGALLGFLILI,0.3030846266659559,LLLTYLLVLLLLALLGFLILI_1,110011001100110000,1,-52.8047,-45.5042,-44.9789,-237.784,-231.564,-252.975,-353.346,4685.37,4175.91,3652.0,0.0982201,5574630.0,-62.6593,5574550.0,-55.3915,-54.0588,62.4251,-39.0678,10.4426,3.03621,2.47259,5520270.0,-50.0013,58.0794,-44.4947,5574560.0,6.7586,1.84091,1.2121,1,LLLTYLLVLLLLALLGFLILI,0.2190746523277699,0.0013738326701832,D,17,-71.0380301553296,-75.37341993041673,-66.35417104962657,-71.3906994207319,-73.1048191083501,-77.13082607065743,-7.267800000000001,-7.825799999999994,15.191000000000003,509.46000000000004,-0.014265693086797787,-0.015360970439288645,0.029817846347112632,0.00019279256467632394
AFLLLVLLGTLLGLL,Mutant,,clash,,LLLAFLLGVLLGTLLGLLILI,1.9760662168991008,LLLAFLLLVLLGTLLGLLILI_2,110011001100110000,1,-58.6941,-60.9163,-58.6941,-223.406,-225.534,-238.948,-352.874,4598.43,4176.93,3485.44,0.128359,4448310.0,-70.6462,4448240.0,-55.2319,-93.3961,39.3716,-37.0737,10.8236,5.82459,4.91516,2156820.0,-97.484,35.8407,-36.8474,4449890.0,6.7321,5.96109,4.9987,2,LLLAFLLLVLLGTLLGLLILI,0.2843976784214938,0.0009985947610982,D,16,-67.892604562689,-71.45815257966929,-66.19524910106585,-69.94928959206564,-75.09976220720712,-77.86495048471089,-15.41429999999999,0.0,15.542000000000002,421.5,-0.036570106761565815,0.0,0.03687307236061685,0.0003045290628706999
TVLLIILLGLLLAFL,Mutant,,clash,7.0,LLLTVLLGILLGLLLAFLILI,0.4214922709222846,LLLTVLLIILLGLLLAFLILI_0,110011001100110000,1,-44.9575,-52.1842,-44.9575,-232.308,-228.157,-245.416,-358.696,4552.19,4104.58,3566.3,0.311945,374366.0,-81.118,374288.0,-68.3221,-87.6387,36.0066,-38.7042,10.3612,4.5067,3.5468,369126.0,-82.2405,38.4729,-43.0414,374008.0,7.0713,4.02991,3.107,0,LLLTVLLIILLGLLLAFLILI,0.2350643873200358,0.0007648148766849,D,15,-85.3459653429724,-88.44482576339206,-81.38130829661598,-85.31856708915903,-84.96555759216828,-88.1448621053022,-12.795899999999989,0.0,13.108000000000004,447.6099999999997,-0.028587162932016706,0.0,0.029284421706396224,0.0006969124907843887
TALLALLLLVLLSFL,Mutant,,clash,,LLLTALLALLLGVLLSFLILI,0.5003879100205557,LLLTALLALLLLVLLSFLILI_0,110011001100110000,1,-60.3459,-61.1587,-60.3459,-230.156,-228.105,-247.725,-372.442,4614.01,4090.59,3637.6,0.327609,27453.3,-81.6117,27370.1,-64.3707,-57.7345,82.3024,-42.1977,9.89099,6.271,6.00554,22460.0,-67.4512,65.6275,-43.9752,27080.8,7.4846,5.47739,4.9618,0,LLLTALLALLLLVLLSFLILI,0.2903371539573701,0.0012947637551246,D,17,-26.545628627752336,-38.26750396845144,-26.35720477992541,-38.10914886689762,-30.0559456094726,-41.217643287530784,-17.241,0.0,17.56899999999999,523.4200000000001,-0.03293913109930839,0.0,0.03356577891559357,0.0006259008062359098
YFLLLTLLGVLLGLL,Mutant,,clash,,LLLYFLLATLLGVLLGLLILI,0.1989836689435059,LLLYFLLLTLLGVLLGLLILI_0,110011001100110000,1,-58.7069,-55.8714,-58.7069,-228.963,-217.931,-249.517,-348.447,4748.07,4176.61,3587.44,0.378093,9126.63,-60.3998,9051.98,-40.2237,-69.8044,37.1963,-49.7524,9.11729,1.99215,1.05009,8756.31,-72.6874,32.4259,-40.8381,8778.18,7.0033,1.78061,0.766999,0,LLLYFLLLTLLGVLLGLLILI,0.1580086297867555,0.0008874964791951,D,17,-93.11296600040474,-93.20788387358054,-91.475347907722,-91.592835616685,-93.5527325802982,-93.64158954126424,-20.176099999999998,0.0,20.554000000000002,571.46,-0.03530623315717635,0.0,0.035967521786301755,0.0006616263605501697
YALLLLLLGVLLSTL,Mutant,,clash,,LLLYALLALLLGVLLSTLILI,0.041012570299278,LLLYALLLLLLGVLLSTLILI_0,110011001100110000,1,-74.1828,-71.9761,-74.1828,-225.082,-226.483,-247.878,-376.319,4671.65,3998.54,3712.44,0.404788,31361.0,-76.6494,31283.2,-54.2584,-77.7094,48.3311,-45.8659,9.15466,4.68111,3.90608,23268.8,-72.2819,58.8241,-37.2216,30984.7,7.0527,5.28354,4.6659,0,LLLYALLLLLLGVLLSTLILI,0.2437476454978938,0.0005196189419749,D,17,-88.14855119358273,-90.83560515406728,-82.8901090986074,-86.76939853072737,-87.66661213368293,-90.46293511947977,-22.391,0.0,22.795999999999992,673.1099999999997,-0.03326499383458872,0.0,0.03386667855179689,0.0006013697612574471
TYLLVLLLIALLSFL,Mutant,,clash,,LLLTYLLVLLLGALLSFLILI,0.5641511495315736,LLLTYLLVLLLIALLSFLILI_1,110011001100110000,1,-68.1307,-60.3329,-60.4043,-239.639,-232.776,-256.73,-367.67,4681.32,4263.32,3676.08,0.463081,10012.3,-59.4376,9937.74,-50.5357,-51.235,65.6907,-43.7549,10.9664,3.0535,2.53886,5442.72,-53.9192,60.8048,-44.6955,9710.81,7.2319,2.79653,2.2086,1,LLLTYLLVLLLIALLSFLILI,0.1029795769459885,0.0008260089289361,D,15,-82.2255198608991,-87.19344873712083,-78.2322731486834,-84.3163058713323,-81.7853787898469,-86.87632614646185,-8.901900000000005,-7.726400000000005,17.091000000000008,418.0,-0.0212964114832536,-0.0184842105263158,0.04088755980861246,0.0011078492822966508
VFLLATLLIILLALL,Mutant,,clash,,LLLVFLLATLLGILLALLILI,0.3024660975122278,LLLVFLLATLLIILLALLILI_2,110011001100110000,1,-58.7317,-62.363,-58.7317,-223.635,-224.405,-244.279,-364.387,4666.16,3939.22,3616.65,0.490935,520785.0,-81.5295,520708.0,-61.3759,-56.0617,50.3197,-39.3989,9.81462,1.70242,0.957212,444258.0,-57.4619,46.8821,-41.5356,520421.0,6.7733,1.44837,0.651602,2,LLLVFLLATLLIILLALLILI,0.1738855125476941,0.0001960425812678,D,15,-39.55468856411989,-51.578369007574366,-39.66306221565959,-51.66518515326871,-45.22044089465138,-56.11709934292046,-20.153599999999997,0.0,20.644000000000005,726.94,-0.02772388367678212,0.0,0.028398492310231935,0.0006753445951522821
WTLLGILLGLLLLFL,Mutant,,clash,,LLLWTLLGILLGLLLGFLILI,0.6382064943981443,LLLWTLLGILLGLLLLFLILI_2,110011001100110000,1,-67.8039,-69.9584,-44.9483,-235.063,-230.251,-250.579,-355.882,4688.96,3800.05,3573.42,0.531097,22795.9,-52.4844,22740.2,-60.3548,-65.222,50.7749,-51.409,7.02385,3.13791,2.39953,22324.1,-69.6978,38.4736,-44.8571,22434.8,6.5368,2.1486,1.2257,2,LLLWTLLGILLGLLLLFLILI,0.1042226554508782,0.0017765427435252,D,17,195.09166186549865,176.103912454665,61.85298389662085,51.438511728222224,197.16058054647968,178.03970602727287,7.8703999999999965,-22.855599999999995,15.51600000000002,888.9099999999999,0.0088539897177442,-0.02571193934144064,0.017455085441720784,0.0005974699350890418
ALLLLVLLGFLLGTL,Mutant,,clash,,LLLALLLGVLLGFLLGTLILI,0.9674137973007332,LLLALLLLVLLGFLLGTLILI_1,110011001100110000,1,-58.7215,-60.0581,-58.7215,-217.503,-216.274,-237.963,-351.824,4607.47,4029.28,3625.93,0.601414,29303.1,-74.9984,29227.6,-55.1399,-71.6995,39.2095,-52.1681,9.24335,2.54821,1.63636,24060.4,-80.2804,39.355,-44.6447,32830.0,7.3257,3.85498,2.9453,1,LLLALLLLVLLGFLLGTLILI,0.3469252100560208,0.0009762332896479,D,16,-18.96745106082924,-34.1231461078672,-24.262372306566743,-38.42774663990335,-39.040492787446176,-50.44188289088122,-19.858500000000006,0.0,20.460000000000008,578.19,-0.03434597623618534,0.0,0.0353862917034193,0.0010401667272004012
YTLLAILLIVLLALL,Mutant,,clash,,LLLYTLLAILLGVLLALLILI,0.1910805207123921,LLLYTLLAILLIVLLALLILI_0,110011001100110000,1,-45.0036,-65.5067,-45.0036,-239.505,-229.839,-249.938,-362.187,4665.34,4469.02,3695.5,0.613261,1557810.0,-77.0644,1557750.0,-67.2447,-71.2369,47.1906,-57.8341,11.2687,3.55626,2.76412,1550470.0,-66.3717,42.953,-43.9626,1557450.0,7.3394,2.25441,1.39871,0,LLLYTLLAILLIVLLALLILI,0.1362852245395499,0.0005777697446812,D,15,-59.26974338459394,-64.0038672779439,-54.89139319243118,-60.13441769138965,-59.32217979817831,-64.0502089477417,-9.819700000000012,0.0,10.432999999999993,196.3199999999997,-0.05001884678076623,0.0,0.05314282803585986,0.003123782599837005
AYLLGLLLITLLAFL,Mutant,,clash,11.0,LLLAYLLGLLLGTLLAFLILI,0.933252416072336,LLLAYLLGLLLITLLAFLILI_0,110011001100110000,1,-59.9819,-52.809,-58.7534,-231.255,-225.31,-246.503,-349.921,4629.39,4136.35,3491.51,0.660495,165915.0,-58.0243,165844.0,-44.6648,-64.0587,60.8755,-34.3694,10.7773,4.327,3.74013,163880.0,-65.2452,51.3028,-41.1052,165565.0,6.5503,3.21266,2.4822,0,LLLAYLLGLLLITLLAFLILI,0.1127482184983871,0.0012668598810227,D,14,-59.390331318623545,-63.45526702414197,-54.067518484908575,-58.66525567943501,-58.69096652988881,-62.82590706413941,-13.359499999999997,-1.228500000000004,15.24799999999999,493.03999999999996,-0.027096178809021577,-0.0024916842446860376,0.030926496835956496,0.0013396377575855916
TALLLFLLGVLLGLL,Mutant,,clash,,LLLTALLAFLLGVLLGLLILI,0.6526063839979169,LLLTALLLFLLGVLLGLLILI_0,110011001100110000,1,-44.9303,-50.2716,-44.9303,-225.911,-222.013,-241.681,-349.93,4575.79,3914.78,3435.94,0.688984,23289.5,-78.3991,23211.8,-63.3187,-59.3447,51.3563,-47.0553,8.54996,2.33481,1.60515,20279.6,-63.8279,50.3554,-37.6016,22939.5,6.5149,2.87217,2.1275,0,LLLTALLLFLLGVLLGLLILI,0.6788963109816087,0.0010967919264365,D,17,-84.238488520741,-87.498383762314,-77.67268387498667,-82.29056025624658,-83.03756879802803,-86.545845833107,-15.080400000000004,0.0,15.77000000000001,661.0099999999998,-0.022814178302900123,0.0,0.02385743029606211,0.0010423200859291089
TALLAFLLIVLLGLL,Mutant,,clash,11.0,LLLTALLAFLLGVLLGLLILI,0.8866474375271693,LLLTALLAFLLIVLLGLLILI_0,110011001100110000,1,-44.9303,-47.5435,-44.9303,-232.397,-224.177,-244.4,-352.182,4584.93,4211.51,3458.71,0.713243,39748.8,-74.1418,39668.3,-62.8522,-60.0563,62.4036,-42.0637,10.4905,3.93294,3.36899,39733.7,-63.8279,50.3554,-37.6016,39396.6,6.5149,2.87217,2.1275,0,LLLTALLAFLLIVLLGLLILI,0.4448552574523564,0.0016231823951977,D,15,-54.25488020403479,-56.61942312690661,-52.38575545242762,-54.84691252175025,-46.42303788749787,-49.19240491849781,-11.2896,0.0,12.003000000000014,373.4200000000001,-0.03023298162926463,0.0,0.032143430989234674,0.0019100289218574255
TALLGILLILLLGFL,Mutant,,clash,,LLLTALLGILLGLLLGFLILI,0.858219044377805,LLLTALLGILLILLLGFLILI_2,110011001100110000,1,-44.9667,-45.9314,-44.9667,-234.421,-228.025,-246.206,-353.262,4591.62,4185.58,3455.35,0.748636,6932620.0,-73.126,6932540.0,-62.0897,-79.6775,65.4658,-41.9741,9.9465,7.28951,6.7715,4355120.0,-80.1891,50.0903,-39.6088,8114120.0,6.6695,5.29055,4.5419,2,LLLTALLGILLILLLGFLILI,0.2456262758747893,0.0016456654758663,D,15,-38.844191921881134,-49.24371560963745,-27.880838296774773,-40.144676418507736,1.0928364565958506,-16.097964882336957,-11.036300000000004,0.0,11.784999999999997,406.03999999999996,-0.027180327061373275,0.0,0.029024234065609295,0.0018437493842971137
ALLLIFLLGVLLGTL,Mutant,,clash,,LLLALLLGFLLGVLLGTLILI,0.5272141564889495,LLLALLLIFLLGVLLGTLILI_0,110011001100110000,1,-58.7392,-69.0768,-58.7392,-219.274,-216.841,-237.943,-351.807,4499.13,3609.16,3347.36,0.774803,103159.0,-73.0189,103093.0,-55.1252,-87.3974,44.8929,-31.0549,9.13202,5.67016,4.84356,95023.0,-83.578,48.738,-35.1079,102807.0,6.9512,5.61633,4.8474,0,LLLALLLIFLLGVLLGTLILI,0.5481149492176892,0.0008290550167145,D,14,-84.32579729532404,-87.49346591831116,-79.43800783487866,-83.59347134615066,-84.4600040324527,-87.60055022515066,-17.893700000000003,0.0,18.66900000000001,889.9700000000003,-0.02010595862781891,0.0,0.020977111588031064,0.0008705945144218343
GALLALLLITLLGFL,Mutant,,clash,,LLLGALLALLLGTLLGFLILI,-0.0084684611789102,LLLGALLALLLITLLGFLILI_2,110011001100110000,1,-58.7121,-54.2532,-58.7121,-227.205,-215.809,-238.114,-350.731,4508.0,4202.25,3515.26,0.798624,4844.45,-64.0156,4763.78,-53.9045,-85.3017,63.7266,-38.3857,10.483,7.89835,7.35424,3847.5,-76.6587,59.1886,-35.0,4493.72,7.2022,5.98927,5.3771,2,LLLGALLALLLITLLGFLILI,0.2384567437848228,0.0006345835229276,D,14,-1.336337504744948,-12.037942467299583,-9.315812463772897,-19.15191956561087,11.164779185498505,-0.8927658367130267,-10.111100000000008,0.0,10.908999999999992,305.75,-0.03306982829108752,0.0,0.03567947669664756,0.0026120163532297627
AFLLITLLGLLLGVL,Mutant,,clash,,LLLAFLLGTLLGLLLGVLILI,1.0385675895617008,LLLAFLLITLLGLLLGVLILI_0,110011001100110000,1,-58.7586,-53.518,-58.7586,-226.773,-222.788,-238.931,-349.22,4601.87,4037.48,3432.1,0.861278,41315300.0,-62.8268,41315300.0,-51.5297,-94.7782,39.5865,-33.633,10.6648,6.06091,5.15471,37393600.0,-94.1397,39.8563,-36.5769,41315000.0,6.9528,6.00156,5.0994,0,LLLAFLLITLLGLLLGVLILI,0.3900923748672568,0.0004580823424467,D,14,-59.60949458143592,-66.71512704260076,-53.52523510876021,-61.70123079423182,-59.14834294088868,-66.33510273711988,-11.2971,0.0,12.158000000000015,564.3899999999999,-0.020016477967363,0.0,0.021541841634330903,0.0015260334166090827
AVLLLLLLGFLLGTL,Mutant,,clash,,LLLAVLLGLLLGFLLGTLILI,1.6279497458859968,LLLAVLLLLLLGFLLGTLILI_2,110011001100110000,1,-58.754,-61.2115,-58.754,-218.65,-213.993,-238.502,-354.81,4541.65,4037.94,3646.62,0.881066,27471.5,-76.5255,27391.9,-57.5548,-74.9043,39.8704,-50.5038,9.2811,3.11816,2.21621,22818.0,-80.2804,39.355,-44.6447,27099.4,7.3257,3.85498,2.9453,2,LLLAVLLLLLLGFLLGTLILI,0.2704472083365704,0.0009854009933101,D,16,-36.98792038492196,-47.23531459025692,-34.50708888646607,-45.15793047009714,-46.05808190385983,-54.830433210144434,-18.970699999999994,0.0,19.852000000000004,503.7099999999996,-0.037661948343292784,0.0,0.039411566178952216,0.001749153282642792
GALLILLLGTLLGFL,Mutant,,clash,,LLLGALLALLLGTLLGFLILI,-0.008342141742868,LLLGALLILLLGTLLGFLILI_0,110011001100110000,1,-58.7121,-64.2004,-58.7121,-214.956,-214.166,-236.226,-345.176,4529.99,3749.1,3516.45,0.884385,2085.49,-70.624,2018.68,-50.2386,-70.3226,52.1121,-35.5959,8.32689,4.08352,3.3652,2073.0,-76.6587,59.1886,-35.0,1740.32,7.2022,5.98927,5.3771,0,LLLGALLILLLGTLLGFLILI,0.2383304243487806,0.0006653280951776,D,14,-54.51682310056656,-62.543977472292745,-48.1011306857864,-57.26056641791145,-54.374799211535,-62.42701884385742,-20.385399999999997,0.0,21.27000000000001,780.8899999999999,-0.026105341341290066,0.0,0.027238151340137552,0.0011325346719768471
TLLLIILLGVLLGAL,Mutant,,clash,7.0,LLLTLLLGILLGVLLGALILI,1.007144460462894,LLLTLLLIILLGVLLGALILI_0,110011001100110000,1,-44.8956,-50.9623,-44.8956,-221.297,-211.977,-238.56,-360.201,4507.82,4153.09,3582.66,0.987428,1585930.0,-93.0211,1585830.0,-76.7456,-81.1925,45.0991,-54.4599,9.55762,4.76725,3.94374,930681.0,-90.0074,38.3333,-42.1317,1585570.0,6.7822,5.1761,4.2511,0,LLLTLLLIILLGVLLGALILI,0.1645455794797783,0.0013015156219287,D,15,27.3311661332981,9.070576730639663,-3.4223980593636147,-17.272612332004,31.54566432922944,12.680672851013307,-16.275500000000008,0.0,17.263000000000005,354.72999999999956,-0.04588137456657184,0.0,0.04866518196938524,0.002783604431539484
FLLLLILLGVLLATL,Mutant,,clash,,LLLFLLLGILLGVLLATLILI,1.3413183112598746,LLLFLLLLILLGVLLATLILI_0,110011001100110000,1,-58.7766,-66.6173,-58.7766,-227.017,-218.46,-242.401,-362.812,4595.84,4010.96,3635.47,0.994405,15699.8,-76.0247,15622.0,-61.6346,-76.2627,48.4825,-44.5751,9.27619,4.48454,3.71178,15480.4,-72.9898,49.7856,-44.4885,15336.9,6.6061,4.16952,3.4163,0,LLLFLLLLILLGVLLATLILI,0.0896642335407195,0.0013760394252183,D,16,-43.46083413857493,-57.28404283620152,-41.876303874435216,-56.08691292003639,-41.33748201983877,-55.67982712545159,-14.390099999999997,0.0,15.384000000000015,584.8800000000001,-0.024603508411981934,0.0,0.026302831350020536,0.001700186363014635
ALLLIFLLGTLLGVL,Mutant,,clash,,LLLALLLGFLLGTLLGVLILI,0.8784984506179454,LLLALLLIFLLGTLLGVLILI_0,110011001100110000,1,-58.6723,-62.6421,-58.6723,-220.59,-208.624,-237.904,-351.946,4491.47,3604.62,3343.33,0.996083,39434.0,-71.6873,39353.3,-55.3697,-85.7262,57.1829,-30.8033,9.60269,7.07863,6.43637,38814.6,-85.1121,47.6719,-35.0,39082.0,7.4675,5.70252,4.9176,0,LLLALLLIFLLGTLLGVLILI,0.3666539248419594,0.0007754520758412,D,14,-84.26026777773924,-88.0904984203216,-80.68967414031759,-85.38880121449995,-84.7496679198698,-88.46080406996634,-16.31759999999999,0.0,17.313999999999993,886.8500000000004,-0.018399503861983406,0.0,0.0195230309522467,0.0011231696453740765
YLLLLFLLGVLLATL,Mutant,,clash,,LLLYLLLAFLLGVLLATLILI,1.33038252325451,LLLYLLLLFLLGVLLATLILI_0,110011001100110000,1,-58.7817,-64.3509,-58.7817,-235.415,-224.9,-249.787,-354.956,4672.9,4389.5,3703.1,0.99636,3504.92,-59.7631,3439.22,-46.3877,-59.9283,63.5643,-48.7944,10.0458,4.07043,3.52389,3299.89,-60.9105,55.3955,-42.2533,3149.96,6.6842,3.11497,2.4459,0,LLLYLLLLFLLGVLLATLILI,0.0227596546529048,0.0005340345155968,D,17,-49.627911342345705,-65.74786839084045,-48.94943741040018,-65.28651808693854,-54.706807950636446,-69.20142848120715,-13.375399999999999,0.0,14.372000000000014,283.39999999999964,-0.047196189131969005,0.0,0.05071277346506716,0.003515737473535643
TVLLLILLGLLLAFL,Mutant,,clash,,LLLTVLLGILLGLLLAFLILI,0.4231880203310079,LLLTVLLLILLGLLLAFLILI_0,110011001100110000,1,-44.9575,-52.2638,-44.9575,-229.835,-229.864,-245.618,-361.963,4559.88,4021.37,3566.66,1.00739,489718.0,-86.1631,489638.0,-71.3877,-90.0512,29.8597,-40.5398,9.89842,4.03874,2.98664,374839.0,-82.2405,38.4729,-43.0414,489356.0,7.0713,4.02991,3.107,0,LLLTVLLLILLGLLLAFLILI,0.2333686379113125,0.0012926382603103,D,17,-57.61247671440877,-65.56659122198411,-54.70445734958794,-63.20426826084757,-60.48983401630701,-67.90400592557803,-14.775400000000005,0.0,15.782999999999987,538.5100000000002,-0.02743755919110137,0.0,0.02930864793597144,0.001870698779966945
AYLLIVLLGFLLGLL,Mutant,,clash,,LLLAYLLGVLLGFLLGLLILI,0.6873208883800642,LLLAYLLIVLLGFLLGLLILI_0,110011001100110000,1,-44.8823,-54.5416,-44.8823,-219.493,-221.438,-243.41,-333.653,4675.04,3778.01,3602.36,1.05185,89502.9,-68.2263,89445.2,-45.3612,-67.7274,50.3784,-40.2012,9.28923,3.46019,2.71586,86782.6,-79.0932,48.1108,-39.972,89169.2,7.1758,4.85894,4.0806,0,LLLAYLLIVLLGFLLGLLILI,0.6052450347588917,0.0008184527355536,D,14,-95.13204334759038,-95.25694560226012,-93.16966913508358,-93.34492207714626,-95.11654388347752,-95.24184382410714,-22.865099999999998,0.0,23.917,897.0299999999997,-0.025489782950403002,0.0,0.026662430464978883,0.0011725917750799865
TYLLFALLLLLLGVL,Mutant,,clash,,LLLTYLLFALLGLLLGVLILI,0.5328686373071804,LLLTYLLFALLLLLLGVLILI_2,110011001100110000,1,-44.9405,-64.5319,-44.9405,-237.721,-231.208,-253.421,-350.175,4731.35,3916.77,3632.26,1.06023,3046350.0,-66.4532,3046300.0,-51.8137,-47.1626,81.8616,-39.7975,9.23727,4.6257,4.35363,2707320.0,-51.1957,62.3629,-45.0,3046000.0,6.503,2.59835,2.03379,2,LLLTYLLFALLLLLLGVLILI,0.1224482307178387,0.001043526409597,D,17,-31.17839343011424,-43.91925504419533,-34.1254566261669,-46.32073195971369,-43.5258361775941,-53.98083050123813,-14.639499999999998,0.0,15.699999999999989,814.5800000000004,-0.01797183824793144,0.0,0.01927373615851111,0.0013015664514228185
TALLASLLILLLGFL,Mutant,,clash,,LLLTALLASLLGLLLGFLILI,0.2686284396823809,LLLTALLASLLILLLGFLILI_0,110011001100110000,1,-60.2627,-47.2657,-60.2627,-229.933,-224.493,-244.992,-364.366,4576.46,4147.39,3607.53,1.08959,6594.17,-73.0812,6501.56,-59.1111,-53.6571,73.7827,-38.4736,9.20017,4.50924,4.11598,6190.58,-57.4425,60.2182,-40.5871,6229.8,6.8394,3.24583,2.6491,0,LLLTALLASLLILLLGFLILI,0.2261920746773517,0.0006437177795554,D,15,-4.659914071469674,-17.789586797596368,-10.53421635258868,-22.85491491329193,1.3508773892833827,-12.606565984793484,-13.970099999999995,0.0,15.058999999999997,429.0699999999997,-0.032559023003239575,0.0,0.03509683734588764,0.0025394224718577408
GYLLAFLLGLLLITL,Mutant,,clash,,LLLGYLLAFLLGLLLGTLILI,0.8577573939480302,LLLGYLLAFLLGLLLITLILI_2,110011001100110000,1,-60.1632,-64.1828,-58.7749,-237.707,-224.173,-247.875,-349.174,4603.52,3880.95,3507.72,1.17267,23641500.0,-50.1306,23641500.0,-42.5236,-56.8779,79.4744,-43.2762,10.3991,5.76073,5.45285,18988300.0,-61.4169,47.8691,-36.8365,23641200.0,7.2814,2.17486,1.3929,2,LLLGYLLAFLLGLLLITLILI,0.5819951399568389,0.0009283560006365,D,14,-70.04996705635432,-75.8634888039469,-63.97381243786812,-70.9667605013773,-66.76845102335952,-73.21893917625738,-7.606999999999999,-1.388300000000001,10.168000000000006,722.5700000000006,-0.010527699738433637,-0.0019213363411157394,0.014071993024897238,0.0016229154268790555
AVLLIFLLGTLLGLL,Mutant,,clash,,LLLAVLLGFLLGTLLGLLILI,0.9337284535437008,LLLAVLLIFLLGTLLGLLILI_0,110011001100110000,1,-58.7162,-59.8745,-58.7162,-218.655,-210.764,-238.402,-348.643,4606.41,3975.25,3433.75,1.20185,9742.03,-70.0697,9664.02,-51.5253,-77.545,49.2682,-46.9225,9.64982,4.78295,4.02197,8063.03,-77.6262,50.1878,-35.0,9393.38,7.3742,4.91928,4.1721,0,LLLAVLLIFLLGTLLGLLILI,0.3633167270376296,0.0008569552104743,D,14,-93.17415213407044,-94.3152195211908,-90.35878718061524,-91.97049516716416,-93.41973180419802,-94.51974598327357,-18.544399999999996,0.0,19.746999999999986,631.1599999999999,-0.02938145636605615,0.0,0.03128683693516698,0.0019041922808796508
TYLLGVLLILLLGFL,Mutant,,clash,11.0,LLLTYLLGVLLGLLLGFLILI,1.0061693038015456,LLLTYLLGVLLILLLGFLILI_2,110011001100110000,1,-46.032,-52.4551,-44.9134,-235.356,-232.293,-254.761,-346.917,4680.33,4045.87,3538.39,1.33113,219651.0,-64.1978,219588.0,-47.2423,-68.0494,49.2373,-35.5278,10.4025,3.35445,2.59301,191887.0,-70.6256,40.5984,-41.2559,219304.0,6.8843,2.57462,1.6836,2,LLLTYLLGVLLILLLGFLILI,0.0863143815897981,0.0005884228603063,D,15,-78.9366477412472,-81.88851740493905,-72.29817811409427,-76.18037913553995,-73.86655127146685,-77.52895664558517,-16.9555,-1.1185999999999936,19.405,634.46,-0.02672430098036125,-0.0017630741102669886,0.030585064464268827,0.00209805188664376
TVLLGALLLLLLGFL,Mutant,,clash,,LLLTVLLGALLGLLLGFLILI,0.3186801742622108,LLLTVLLGALLLLLLGFLILI_0,110011001100110000,1,-44.9305,-46.7,-44.9305,-226.99,-221.114,-241.238,-349.129,4601.1,4249.67,3638.4,1.44016,123992.0,-75.7685,123911.0,-62.9608,-49.2906,85.44,-45.6048,9.56246,5.42799,5.20959,118614.0,-59.3652,64.0781,-38.2792,123643.0,6.5,4.05533,3.5165,0,LLLTVLLGALLLLLLGFLILI,0.1600403768154756,0.000609223853837,D,17,4.525335620950453,-12.515840084455276,-12.815289065531449,-27.02935467013397,5.989991957282086,-11.289972419092145,-12.807700000000004,0.0,14.24799999999999,351.4300000000003,-0.03644452664826564,0.0,0.04054292462225757,0.004097999601627633
TLLLILLLGVLLAIL,Mutant,,clash,,LLLTLLLGLLLGVLLAILILI,0.858466373693188,LLLTLLLILLLGVLLAILILI_0,110011001100110000,1,-44.9259,-47.4742,-44.9259,-227.019,-221.68,-243.77,-374.727,4570.23,3879.59,3619.14,1.65344,164532.0,-101.129,164427.0,-86.031,-90.0589,46.0542,-28.0735,9.88891,6.22615,5.41696,160531.0,-95.5773,36.118,-40.2012,164157.0,6.9567,5.71253,4.7543,0,LLLTLLLILLLGVLLAILILI,0.2616876150136499,0.0008278181407697,D,15,-75.70873868162491,-79.98541729607813,-73.14265247260522,-77.87111190935178,-75.41318272670313,-79.74189642551124,-15.097999999999999,0.0,16.751000000000005,690.6399999999994,-0.021860882659562163,0.0,0.024254314838410777,0.0023940692690837505
AYLLAVLLILLLGFL,Mutant,,clash,11.0,LLLAYLLAVLLGLLLGFLILI,0.5899657896158901,LLLAYLLAVLLILLLGFLILI_1,110011001100110000,1,-44.976,-44.976,-44.976,-226.505,-229.515,-245.27,-341.753,4640.24,4045.59,3482.64,1.67484,1472260.0,-68.5973,1472190.0,-51.5068,-58.1023,54.0821,-43.3417,9.7041,2.51643,1.82767,143925.0,-67.1512,40.0821,-37.8379,142474.0,6.769,1.98377,1.085,1,LLLAYLLAVLLILLLGFLILI,0.2308788392784709,0.0007577691394463,D,14,-73.12552634591731,-77.5508292847392,-68.73035198307879,-73.8793892087506,-71.1277510938405,-75.88201901288548,-17.090500000000006,0.0,18.765000000000015,594.6499999999996,-0.028740435550323747,0.0,0.0315563777011688,0.0028165139157487616
TALLASLLGLLLIFL,Mutant,,clash,,LLLTALLASLLGLLLGFLILI,0.2360004970512837,LLLTALLASLLGLLLIFLILI_0,110011001100110000,1,-60.2627,-65.3271,-60.2627,-226.464,-224.476,-245.294,-366.721,4527.3,3884.95,3631.25,1.71523,746.785,-78.2783,669.867,-61.1642,-49.8062,74.0177,-36.9765,8.80569,3.96331,3.57357,747.644,-57.4425,60.2182,-40.5871,380.064,6.8394,3.24583,2.6491,0,LLLTALLASLLGLLLIFLILI,0.2588200173084489,0.0005662055229739,D,15,15.093451070589516,4.832629979217147,2.279433093729124,-6.838991582389761,29.944168802912063,18.35937526730067,-17.1141,0.0,18.830000000000013,642.3500000000004,-0.02664295166186657,0.0,0.029314236786798478,0.0026702420798630014
AILLIVLLGLLLGFL,Mutant,,clash,,LLLAILLGVLLGLLLGFLILI,0.9184022823090758,LLLAILLIVLLGLLLGFLILI_0,110011001100110000,1,-44.9261,-53.2056,-44.9261,-223.426,-219.608,-238.622,-347.152,4541.07,4054.0,3476.45,1.73614,431848.0,-77.064,431774.0,-63.6042,-79.7306,38.8538,-51.4057,10.3181,3.70486,2.78766,404416.0,-83.7055,31.7125,-44.5563,431501.0,7.4442,3.33701,2.3127,0,LLLAILLIVLLGLLLGFLILI,0.2470354499850343,0.0003523055136008,D,14,-66.8055667067159,-72.81720710557347,-61.03903757338583,-68.09501872639417,-67.2652783682777,-73.1936632052146,-13.459799999999994,0.0,15.196000000000026,487.0699999999997,-0.027634220953867004,0.0,0.031198800993697078,0.003564456854250931
AFLLLVLLGLLLGYL,Mutant,,clash,,LLLAFLLGVLLGLLLGYLILI,1.2095854636454644,LLLAFLLLVLLGLLLGYLILI_0,110011001100110000,1,-44.9328,-48.9146,-44.9328,-218.061,-214.666,-242.728,-338.545,4654.35,3815.84,3476.47,1.8888,5200.02,-73.6621,5125.06,-50.8839,-67.0351,42.7315,-44.0135,7.7064,2.32401,1.46498,4573.91,-69.605,42.1044,-35.8969,4861.48,6.5663,2.62484,1.75641,0,LLLAFLLLVLLGLLLGYLILI,0.2519410336485384,0.0015643843877963,D,16,9.629336846572215,-1.2563310884039736,-9.725861880608344,-18.6896513091549,-8.805329744401092,-17.860523603973718,-22.7782,0.0,24.667,838.5100000000002,-0.027165090458074432,0.0,0.02941765751153832,0.002252567053463882
TFLLAVLLILLLGYL,Mutant,,clash,,LLLTFLLAVLLGLLLGYLILI,0.3759296699343518,LLLTFLLAVLLILLLGYLILI_2,110011001100110000,1,-44.9219,-45.797,-44.9219,-232.661,-233.95,-250.897,-346.99,4695.32,4159.36,3624.13,1.93886,881800.0,-67.4685,881733.0,-51.1707,-69.2729,51.3591,-38.1986,9.93301,3.82441,3.0948,800686.0,-64.6051,48.7376,-45.0,6609260.0,6.7648,2.77034,2.0014,2,LLLTFLLAVLLILLLGYLILI,0.259754197124814,0.0001893757656552,D,15,-20.865924219853675,-31.991607599510548,-22.940129277133074,-33.774194305223084,-19.09460809056954,-30.469325811316665,-16.29780000000001,0.0,18.23599999999999,535.96,-0.0304086125830286,0.0,0.03402492723337561,0.0036175460855287704
YTLLLALLGILLSVL,Mutant,,clash,,LLLYTLLGALLGILLSVLILI,0.381096750265425,LLLYTLLLALLGILLSVLILI_0,110011001100110000,1,-60.289,-64.1463,-60.289,-234.512,-223.638,-247.712,-366.571,4614.74,4311.22,3698.85,1.95844,3366.03,-69.8116,3287.24,-58.5697,-65.5503,77.4848,-37.6105,10.6142,6.79299,6.45526,3068.53,-64.0853,70.854,-39.869,2999.46,7.1308,5.67809,5.2409,0,LLLYTLLLALLGILLSVLILI,0.2177571744550815,0.0002098644154223,D,17,-92.76697480784384,-93.45267441900386,-91.33620835800728,-92.1575463738804,-94.6874282684083,-95.19106654891124,-11.241900000000001,0.0,13.199999999999989,303.5199999999995,-0.037038415919873544,0.0,0.04348972061149186,0.006452424881391681
TYLLLILLIALLGFL,Mutant,,clash,,LLLTYLLLILLGALLGFLILI,0.0468838131031643,LLLTYLLLILLIALLGFLILI_0,110011001100110000,1,-44.9624,-51.377,-44.9624,-237.456,-235.818,-252.294,-350.082,4685.03,4082.03,3716.19,1.99616,60520000.0,-65.6668,60519900.0,-52.8251,-58.5777,52.8742,-37.8746,9.83469,2.42466,1.71778,52040900.0,-53.2783,54.8563,-43.0796,60519700.0,6.5679,1.89735,1.2202,0,LLLTYLLLILLIALLGFLILI,0.2726143163279135,0.0006225546948604,D,15,-87.93942297813754,-90.74614738553066,-83.71855065581791,-87.50755189342154,-86.72572602050762,-89.81490066788376,-12.841699999999996,0.0,14.838000000000022,602.9999999999995,-0.021296351575456063,0.0,0.02460696517412941,0.003310381426202324
TGLLFLLLIVLLAIL,Mutant,,clash,,LLLTGLLFLLLGVLLAILILI,0.133687455513817,LLLTGLLFLLLIVLLAILILI_1,110011001100110000,1,-45.052,-47.3374,-45.052,-231.865,-223.807,-248.1,-355.299,4668.5,4014.43,3532.73,2.01535,8348.76,-76.3665,8264.61,-62.147,-79.8844,56.2083,-36.0229,10.0675,6.07079,5.41392,8271.13,-70.6341,63.5646,-35.8262,14575.1,6.7474,5.67633,5.1298,1,LLLTGLLFLLLIVLLAILILI,0.2822239016934535,0.0010653289869085,D,15,-28.58502698457841,-39.970730991390006,-35.607816548147994,-45.87387575364234,-40.09393549918965,-49.64477182691466,-14.219500000000004,0.0,16.234999999999985,654.0700000000002,-0.021740027825767883,0.0,0.02482150228568805,0.003081245126668399
ALLLIILLGLLLGFL,Mutant,,clash,,LLLALLLGILLGLLLGFLILI,1.1224540637678715,LLLALLLIILLGLLLGFLILI_2,110011001100110000,1,-44.9506,-47.8013,-44.9506,-217.928,-208.843,-240.248,-354.063,4564.62,3957.52,3414.29,2.02309,34434.8,-89.1611,34337.4,-68.8637,-74.1237,38.859,-49.0068,8.80284,2.86452,1.94741,33937.6,-80.9675,41.2498,-36.7766,34059.3,6.7833,4.21385,3.3326,2,LLLALLLIILLGLLLGFLILI,0.1178724106817994,0.0011814405266189,D,14,-58.38751322934138,-66.64826461161431,-51.08741137237267,-60.79735099561871,-61.32953427434308,-69.00624691487681,-20.29740000000001,0.0,22.319999999999993,607.0999999999999,-0.033433371767418896,0.0,0.03676494811398451,0.003332383462362049
FLLLGILLIVLLATL,Mutant,,clash,,LLLFLLLGILLGVLLATLILI,1.4063486125565916,LLLFLLLGILLIVLLATLILI_0,110011001100110000,1,-58.7766,-62.5621,-58.7766,-223.884,-224.965,-240.785,-358.433,4656.32,4035.68,3592.41,2.0559,4388000.0,-73.7166,4387930.0,-58.8715,-63.6624,60.3597,-34.1162,10.5961,4.19793,3.60332,1827340.0,-72.9898,49.7856,-44.4885,4387640.0,6.6061,4.16952,3.4163,0,LLLFLLLGILLIVLLATLILI,0.0246339322440024,0.00121888435681,D,14,-27.03999205100741,-38.7589938346531,-34.09190326602954,-44.67821109266893,-23.0810213105166,-35.43592194441527,-14.845100000000002,0.0,16.90100000000001,620.6399999999999,-0.02391901907708173,0.0,0.027231567414282055,0.0033125483372003096
TYLLAVLLIFLLGLL,Mutant,,clash,,LLLTYLLAVLLGFLLGLLILI,0.8695614594076335,LLLTYLLAVLLIFLLGLLILI_2,110011001100110000,1,-44.9703,-44.9703,-44.9703,-230.472,-229.799,-253.168,-345.455,4687.9,4098.19,3636.92,2.10077,231973.0,-67.9113,231902.0,-47.3164,-63.1933,50.4375,-41.0437,10.7811,2.78805,2.04461,203305.0,-70.8524,42.5823,-40.9781,231651.0,7.4604,2.87647,2.0152,2,LLLTYLLAVLLIFLLGLLILI,0.2076046589810956,0.0010663125949733,D,15,-79.94787204356744,-80.96362462963002,-74.24465568877613,-75.54930812496136,-77.8391568060641,-78.9617276290947,-20.594899999999996,0.0,22.695999999999998,589.71,-0.034923776093334004,0.0,0.03848671380848213,0.003562378118058028
TALLAFLLIILLGLL,Mutant,,clash,,LLLTALLAFLLGILLGLLILI,0.8858185821511477,LLLTALLAFLLIILLGLLILI_1,110011001100110000,1,-44.9899,-44.9899,-44.9899,-232.783,-224.824,-247.056,-356.989,4604.47,4158.92,3458.28,2.31375,121180.0,-76.9021,121093.0,-64.9434,-82.1222,55.9707,-39.7554,11.324,6.37439,5.71395,19682.3,-77.6262,50.1878,-35.0,13617.3,7.3742,4.91928,4.1721,1,LLLTALLAFLLIILLGLLILI,0.22264982207999,0.0005385041893189,D,15,-50.96618574612037,-58.387495738472,-48.83773967216724,-56.58119180983567,-51.18426932713705,-58.57257218179004,-11.958700000000007,0.0,14.273000000000025,445.5500000000002,-0.026840309729547755,0.0,0.03203456402199533,0.005193019863090561
AYLLIVLLGLLLAFL,Mutant,,clash,,LLLAYLLGVLLGLLLAFLILI,0.6288180099829304,LLLAYLLIVLLGLLLAFLILI_0,110011001100110000,1,-44.9549,-51.7073,-44.9549,-224.111,-219.457,-244.643,-341.562,4615.75,3975.86,3573.38,2.31643,57898.3,-70.1795,57827.9,-51.9646,-81.95,55.5203,-44.6027,9.36803,6.28774,5.62054,33609.0,-91.43,48.2927,-36.5962,57556.7,7.0472,6.73401,5.9584,0,LLLAYLLIVLLGLLLAFLILI,0.5622829707004313,0.001646865008198,D,14,-96.75483080060668,-96.5186415969443,-95.64933852256524,-95.33268961872626,-96.92754487428112,-96.70392610901992,-18.214900000000007,0.0,20.53200000000001,639.8899999999999,-0.028465673787682274,0.0,0.0320867649127194,0.003620044070074545
STLLGALLIFLLALL,Mutant,,clash,,LLLSTLLGALLGFLLALLILI,1.1146495100484848,LLLSTLLGALLIFLLALLILI_0,110011001100110000,1,-55.4464,-66.803,-44.9255,-223.179,-222.219,-258.609,-364.023,4585.95,3805.79,3596.43,2.39064,5740.82,-83.0069,5665.82,-60.4886,-63.0801,75.0432,-32.3379,8.3369,6.09286,5.71851,5456.75,-68.8242,63.6738,-35.7825,5376.8,6.5843,5.41959,4.8747,0,LLLSTLLGALLIFLLALLILI,0.2480735125503747,0.0009830416643687,D,14,-79.13520796326863,-81.41559199168552,-72.21593991332917,-75.25255426130256,-77.26630007844375,-79.75094340087298,-22.518300000000004,-10.520899999999997,35.42999999999998,780.1599999999999,-0.028863694626743243,-0.01348556706316653,0.04541376127973747,0.0030642945036915507
TYLLGVLLILLLAFL,Mutant,,clash,,LLLTYLLGVLLGLLLAFLILI,0.8092446682796987,LLLTYLLGVLLILLLAFLILI_1,110011001100110000,1,-45.078,-44.9607,-44.9607,-236.767,-228.782,-254.326,-351.502,4666.45,4041.33,3588.97,2.40172,256182.0,-67.2547,256104.0,-52.2154,-77.2907,56.5299,-38.4004,10.6381,5.72514,5.07309,217294.0,-80.0044,42.005,-45.0,392435.0,7.041,4.17133,3.3014,1,LLLTYLLGVLLILLLAFLILI,0.0570445481651259,0.0012218179312758,D,15,-81.46882877739384,-86.71731155754108,-77.03293463396524,-83.53777157255553,-80.88380858351523,-86.29798344953909,-15.039299999999997,-0.11730000000000018,17.558999999999997,625.1199999999999,-0.024058260813923725,-0.00018764397235730771,0.02808900691067315,0.0038420143332480172
ALLLGLLLITLLGFL,Mutant,,clash,11.0,LLLALLLGLLLGTLLGFLILI,0.9713872685166728,LLLALLLGLLLITLLGFLILI_2,110011001100110000,1,-58.7075,-45.4804,-58.7075,-225.635,-222.724,-239.468,-357.222,4587.88,4191.93,3384.87,2.42655,13021.1,-70.4529,12932.1,-59.0469,-73.7386,59.3906,-40.0638,10.4225,5.57852,4.96938,12150.9,-73.8055,53.1891,-35.1152,59447.7,6.5108,4.75136,4.0492,2,LLLALLLGLLLITLLGFLILI,0.1619957722916111,0.0003722767555589,D,14,14.390032150518012,2.241433528090686,4.416385159207525,-6.6729792640390775,46.65610911122315,31.08074671623069,-11.405999999999999,0.0,13.832999999999998,395.9499999999998,-0.028806667508523814,0.0,0.03493622932188409,0.006128425306225537
YFLLLTLLGLLLGVL,Mutant,,clash,,LLLYFLLATLLGLLLGVLILI,0.4125096286900204,LLLYFLLLTLLGLLLGVLILI_2,110011001100110000,1,-58.6761,-51.6271,-58.6761,-221.382,-215.121,-249.501,-347.974,4759.62,3889.78,3579.14,2.63136,9365.05,-65.2841,9283.83,-39.7966,-64.5195,46.7836,-44.2565,8.28326,2.49371,1.69547,8518.16,-67.2353,46.0087,-37.4675,8986.43,6.9823,2.79647,1.9866,2,LLLYFLLLTLLGLLLGVLILI,0.023138865234174,0.0018294093962603,D,17,-54.454698960641245,-62.061797675588416,-53.71843445626892,-61.44850604958684,-60.380287924182085,-66.99767882819827,-25.487499999999997,0.0,28.119,869.8399999999997,-0.029301365768417187,0.0,0.032326634783408456,0.003025108065851192
YTLLAVLLILLLGFL,Mutant,,clash,,LLLYTLLAVLLGLLLGFLILI,0.3150145786528179,LLLYTLLAVLLILLLGFLILI_0,110011001100110000,1,-44.9531,-66.6243,-44.9531,-235.262,-230.308,-252.284,-345.184,4750.44,4486.84,3646.01,2.88768,1033690.0,-62.0809,1033640.0,-47.9472,-50.7853,51.5765,-64.2437,10.1036,1.08062,0.35427,1023630.0,-60.0061,44.1752,-42.0349,1033340.0,6.9704,1.46457,0.627198,0,LLLYTLLAVLLILLLGFLILI,0.0242328839975579,0.0006242408379166,D,15,-25.773596399593256,-38.850119687963314,-32.00491434327904,-43.983661500038174,-23.95190327576072,-37.34935565947401,-14.133699999999997,0.0,17.02199999999999,263.59999999999945,-0.053617981790591906,0.0,0.06457511380880132,0.010954779969651008
TLLLLVLLGFLLAIL,Mutant,,clash,,LLLTLLLGVLLGFLLAILILI,0.9255540589853588,LLLTLLLLVLLGFLLAILILI_1,110011001100110000,1,-44.9524,-49.1729,-44.9524,-227.915,-227.305,-246.332,-357.38,4607.01,4126.32,3595.99,2.961,117164.0,-81.5515,117083.0,-66.0961,-73.6309,41.9688,-51.2082,9.92121,3.21043,2.33996,42408.5,-83.081,35.995,-42.847,39223.6,7.4247,3.82147,2.86139,1,LLLTLLLLVLLGFLLAILILI,0.3691899602832464,0.0018313231685662,D,17,-82.2556695533295,-85.90715440390827,-79.63134867087996,-83.82287463341402,-85.56084898900411,-88.532183485413,-15.455399999999997,0.0,18.417,480.6900000000005,-0.03215253073706543,0.0,0.03831367409349057,0.006159895150720832
GALLALLLITLLSFL,Mutant,,clash,,LLLGALLALLLGTLLSFLILI,0.1467358102440822,LLLGALLALLLITLLSFLILI_2,110011001100110000,1,-74.0721,-68.7899,-74.0721,-228.456,-223.883,-243.148,-371.749,4543.89,4166.76,3681.52,3.02015,3034.23,-66.2003,2955.15,-54.5282,-89.864,55.1603,-38.5806,10.4214,7.42624,6.75365,3017.77,-84.1071,54.9836,-41.1247,2662.48,7.4834,6.53885,5.8636,2,LLLGALLALLLITLLSFLILI,0.1311080520229746,0.0006706100171056,D,14,-17.027514402689974,-29.776781289722106,-19.937270763674498,-32.23943449168503,-20.39234427572952,-32.624582972368,-11.6721,0.0,14.692000000000007,377.1300000000001,-0.030949805106992277,0.0,0.03895738869885717,0.008008246493251662
YLLLIALLGFLLATL,Mutant,,clash,,LLLYLLLGALLGFLLATLILI,1.0891034403043724,LLLYLLLIALLGFLLATLILI_0,110011001100110000,1,-58.6881,-66.4281,-58.6881,-223.665,-218.778,-247.213,-346.735,4675.07,4016.8,3644.38,3.20642,37057.0,-61.175,36995.5,-40.833,-71.4907,59.7213,-42.7843,8.67487,5.28599,4.68181,11945.4,-70.2206,60.1674,-40.1718,36710.3,6.5,5.15569,4.5582,0,LLLYLLLIALLGFLLATLILI,0.1291501450448504,0.0016727331417502,D,15,-85.1582255079296,-90.9840933842799,-80.73387145128925,-88.29643881636665,-84.45425921322011,-90.5564562188516,-20.342,0.0,23.548000000000002,658.2699999999995,-0.0309022133774895,0.0,0.03577255533443727,0.00487097999301199
TVLLALLLILLLGFL,Mutant,,clash,,LLLTVLLALLLGLLLGFLILI,0.2945177360342951,LLLTVLLALLLILLLGFLILI_2,110011001100110000,1,-44.9939,-46.8633,-44.9939,-236.595,-227.176,-246.067,-360.843,4625.96,4177.22,3456.03,3.39501,123709.0,-75.8594,123622.0,-69.7814,-67.9899,51.774,-37.6329,10.602,3.68798,2.96459,87198.0,-72.6874,32.4259,-40.8381,123348.0,7.0033,1.78061,0.766999,2,LLLTVLLALLLILLLGFLILI,0.1606804995526231,0.0007144990625121,D,15,-37.66609504258146,-51.03618767128002,-37.03802451552068,-50.54283293219842,-31.085235993939992,-45.86686693580618,-6.077999999999989,0.0,9.472000000000008,448.7399999999998,-0.013544591522930855,0.0,0.02110799126442932,0.0075656504880331635
TVLLLLLLGFLLAIL,Mutant,,clash,,LLLTVLLGLLLGFLLAILILI,0.661076919956666,LLLTVLLLLLLGFLLAILILI_2,110011001100110000,1,-44.9495,-46.7646,-44.9495,-231.37,-228.292,-245.638,-361.304,4585.47,4324.12,3648.55,3.48051,22986.1,-81.5044,22899.9,-70.7166,-84.1222,40.3972,-48.3877,10.6573,4.57195,3.67791,17110.2,-85.5593,36.5947,-45.0,22624.8,7.5,4.27418,3.3231,2,LLLTVLLLLLLGFLLAILILI,0.317538320447128,0.0026141303525909,D,17,-93.49158893277404,-93.46671693387704,-92.37299883194204,-92.34385212275603,-94.06323467781654,-94.04054723244472,-10.787800000000004,0.0,14.268,261.35000000000036,-0.041277214463363264,0.0,0.054593457049932965,0.013317428735412265
YTLLALLLIVLLAFL,Mutant,,clash,,LLLYTLLALLLGVLLAFLILI,0.2256664466089535,LLLYTLLALLLIVLLAFLILI_1,110011001100110000,1,-44.946,-63.1604,-44.946,-234.808,-230.227,-251.825,-345.482,4744.01,4467.98,3632.48,3.48848,788720.0,-62.2393,788667.0,-48.7109,-66.3958,42.3714,-49.2899,11.1138,2.17951,1.31508,579565.0,-73.4033,37.0707,-43.7568,792398.0,7.4419,2.51504,1.5711,1,LLLYTLLALLLIVLLAFLILI,0.0804512998584948,0.0006069187212839,D,15,-39.0211687775024,-50.4532826441952,-38.94927135046324,-50.394864314018925,-38.18232690186208,-49.771704127760295,-13.528399999999998,0.0,17.016999999999996,276.03000000000065,-0.04901061478824753,0.0,0.061649096112741206,0.012638046589138831
TFLLIVLLGILLGLL,Mutant,,clash,,LLLTFLLGVLLGILLGLLILI,1.0528533796464583,LLLTFLLIVLLGILLGLLILI_0,110011001100110000,1,-44.9604,-47.888,-44.9604,-222.501,-218.465,-245.032,-352.247,4610.47,4092.21,3554.77,3.49039,25159.7,-81.2943,25073.8,-62.2537,-84.7876,44.3961,-38.8599,10.4737,5.21162,4.37756,19833.4,-91.396,35.576,-35.8075,24807.4,7.4513,5.01216,4.0458,0,LLLTFLLIVLLGILLGLLILI,0.1277076295355102,0.0003518334828444,D,15,-84.2443634218079,-86.29392251125488,-79.83073583934666,-82.45443806062929,-84.55470822477166,-86.56389636451944,-19.040600000000005,0.0,22.531000000000006,518.2600000000002,-0.03673947439509126,0.0,0.04347431790992937,0.006734824219503721
YILLLLLLGVLLSTL,Mutant,,clash,,LLLYILLALLLGVLLSTLILI,0.3663800181760182,LLLYILLLLLLGVLLSTLILI_1,110011001100110000,1,-73.7298,-63.9628,-74.1753,-221.706,-223.9,-250.703,-383.803,4658.64,4058.23,3707.86,3.55544,24590.9,-84.8119,24494.9,-58.9248,-69.8175,43.9571,-52.6515,8.82423,2.90683,2.06619,21793.0,-71.421,52.627,-43.8508,24180.8,7.5,4.3178,3.60721,1,LLLYILLLLLLGVLLSTLILI,0.0216477194223461,0.0012127579443183,D,17,-92.84426859170802,,-91.560043931696,,-93.70605878158511,,-25.887099999999997,0.44549999999999557,28.997000000000014,600.4100000000003,-0.04311570426874966,0.0007419929714694881,0.04829533152345897,0.005921686847320994
YVLLLILLGLLLGFL,Mutant,,clash,,LLLYVLLGILLGLLLGFLILI,0.7193099633181117,LLLYVLLLILLGLLLGFLILI_0,110011001100110000,1,-44.9581,-51.4309,-44.9581,-233.126,-228.806,-249.958,-346.749,4688.66,4463.43,3601.72,3.65766,265900.0,-65.0072,265833.0,-51.8327,-82.245,33.379,-51.8355,10.8539,3.34291,2.3436,255345.0,-83.7055,31.7125,-44.5563,265553.0,7.4442,3.33701,2.3127,0,LLLYVLLLILLGLLLGFLILI,0.0483090049147158,0.0016342645125074,D,17,-40.1620070820951,-49.93151461483898,-40.44194076934964,-50.16574465909108,-39.708895003946246,-49.55238031643828,-13.174499999999995,0.0,16.831999999999994,225.22999999999956,-0.05849353993695343,0.0,0.07473249567109189,0.016239666119078306
AYLLIVLLGTLLGLL,Mutant,,clash,,LLLAYLLGVLLGTLLGLLILI,0.5043750148181475,LLLAYLLIVLLGTLLGLLILI_2,110011001100110000,1,-58.7364,-65.5102,-58.7364,-220.491,-219.028,-241.637,-355.589,4564.3,3981.54,3608.3,3.68517,65547.6,-72.6766,65476.5,-55.2162,-71.952,49.8688,-46.6016,9.46208,4.02508,3.27311,61585.8,-78.2582,48.5511,-37.611,65192.0,7.3268,4.79313,4.0214,2,LLLAYLLIVLLGTLLGLLILI,0.6607115532900941,0.0012003829143528,D,14,-97.94862161910213,-96.87868310698582,-97.22589260403736,-95.77899993551468,-97.99073466228832,-96.94276107248326,-17.460399999999993,0.0,21.145999999999987,582.7600000000002,-0.029961562221154484,0.0,0.03628594961905412,0.006323649529823595
YFLLLSLLGILLALL,Mutant,,clash,,LLLYFLLGSLLGILLALLILI,0.8480316781858135,LLLYFLLLSLLGILLALLILI_1,110011001100110000,1,-60.2959,-60.2959,-60.2959,-223.76,-214.896,-250.958,-359.031,4772.35,4162.77,3645.22,3.70073,4644420.0,-71.2746,4644340.0,-47.7777,-73.3735,45.2194,-40.2129,9.95687,3.61064,2.78893,4393050.0,-71.7752,52.5548,-41.6943,4644030.0,6.762,4.36118,3.6495,1,LLLYFLLLSLLGILLALLILI,0.1352173395611778,0.0010960856607158,D,17,-95.8250323710343,,-94.83221839625548,,-96.76607079075896,,-23.496900000000004,0.0,27.198000000000008,609.5799999999999,-0.038546048098690916,0.0,0.04461760556448704,0.006070950490501658
TGLLFLLLLVLLALL,Mutant,,clash,,LLLTGLLFLLLGVLLALLILI,0.0767861202375975,LLLTGLLFLLLLVLLALLILI_1,110011001100110000,1,-45.0314,-47.0768,-45.0314,-237.97,-228.179,-252.831,-365.862,4688.82,4176.16,3655.07,3.907,485566.0,-78.9535,485475.0,-68.0001,-60.9531,82.2803,-36.7177,10.6052,6.75081,6.48502,459714.0,-63.2594,57.5053,-40.4165,485271.0,7.4344,3.75212,3.1147,1,LLLTGLLFLLLLVLLALLILI,0.248081360087259,0.0009146952203772,D,17,-14.24427877378475,-27.20073215469412,-26.375646230758747,-37.499224852346345,-34.979271322329986,-44.80296620657821,-10.953400000000002,0.0,14.86099999999999,512.6599999999999,-0.021365817500877786,0.0,0.02898802325127764,0.007621035384075218
TGLLFLLLIVLLALL,Mutant,,clash,,LLLTGLLFLLLGVLLALLILI,0.0446947312200258,LLLTGLLFLLLIVLLALLILI_0,110011001100110000,1,-45.0314,-47.1533,-45.0314,-228.586,-229.541,-247.283,-359.016,4649.59,4179.8,3632.73,3.99387,11983.7,-81.4052,11901.4,-66.7019,-61.3295,46.1639,-37.2009,10.607,1.93155,1.12401,11436.8,-63.2594,57.5053,-40.4165,11624.7,7.4344,3.75212,3.1147,0,LLLTGLLFLLLIVLLALLILI,0.2801727491048307,0.0009209091229138,D,15,-50.83119203101853,-59.9999612195566,-48.77770270008844,-58.32939696824815,-55.55163929665334,-63.84016157189273,-14.703299999999999,0.0,18.696999999999974,469.78999999999996,-0.03129760105579089,0.0,0.039798633431958906,0.008501394239979566
AFLLGVLLIILLGLL,Mutant,,clash,,LLLAFLLGVLLGILLGLLILI,1.0552259332208525,LLLAFLLGVLLIILLGLLILI_1,110011001100110000,1,-44.9468,-46.6188,-44.9468,-224.137,-221.792,-235.93,-342.582,4596.08,4364.97,3698.97,4.0245,3331590.0,-69.4743,3331520.0,-61.7062,-62.253,44.7874,-64.4792,10.6838,1.88425,1.05606,2722920.0,-69.6978,38.4736,-44.8571,3696310.0,6.5368,2.1486,1.2257,1,LLLAFLLGVLLIILLGLLILI,0.3393736458729766,0.0009081304935775,D,14,-58.13901379485199,-63.13726464737098,-54.8822946298466,-60.26940157054111,-57.3213532577393,-62.41723373744066,-7.768099999999997,0.0,11.793000000000006,231.10999999999967,-0.033612132750638256,0.0,0.05102764917139035,0.01741378564320023
SYLLALLLLTLLGFL,Mutant,,clash,,LLLSYLLALLLGTLLGFLILI,0.3410196137490646,LLLSYLLALLLLTLLGFLILI_1,110011001100110000,1,-69.6711,-55.2617,-58.7203,-231.915,-230.027,-256.537,-363.811,4660.65,4187.27,3631.75,4.05307,2003190.0,-58.1711,2003110.0,-48.5533,-59.9264,48.714,-44.01,10.2964,2.06536,1.29607,1968470.0,-58.9126,45.2347,-40.4016,2005950.0,6.7135,1.44358,0.622101,1,LLLSYLLALLLLTLLGFLILI,0.1473748172934792,0.0003443680858158,D,17,-86.24293784373937,-87.01961151324265,-83.53714684988421,-84.46657963294213,-87.95583473172483,-88.63580447590151,-9.617800000000003,-10.950799999999994,24.621999999999986,473.3799999999992,-0.020317292661286956,-0.023133212218513693,0.052013181798977626,0.008561979804807992
TLLLILLLGVLLGIL,Mutant,,clash,,LLLTLLLGLLLGVLLGILILI,0.9783396051066576,LLLTLLLILLLGVLLGILILI_0,110011001100110000,1,-44.9695,-53.1501,-44.9695,-225.53,-218.272,-243.939,-370.278,4576.88,4078.76,3550.79,4.06142,297871.0,-95.7174,297772.0,-81.3692,-85.9419,35.5436,-40.4242,10.4837,4.18966,3.22281,282052.0,-85.5673,40.094,-37.7266,297500.0,7.033,4.74779,3.8492,0,LLLTLLLILLLGVLLGILILI,0.2396511683915714,0.0004337248518826,D,15,-45.81771162471181,-58.26640315880884,-40.83843032314508,-54.43114029654027,-44.85640601242469,-57.525963024821,-14.348199999999991,0.0,18.408999999999992,498.1199999999999,-0.0288047056934072,0.0,0.03695695816269171,0.0081534971492813
IVLLGFLLGTLLGLL,Mutant,,clash,,LLLAVLLGFLLGTLLGLLILI,0.6988042961050308,LLLIVLLGFLLGTLLGLLILI_0,110011001100110000,1,-69.6501,-69.659,-58.7162,-221.108,-203.098,-235.673,-343.622,4575.62,3416.64,3479.19,4.50646,32.5379,-48.3579,-38.3274,-49.2324,-75.8758,67.1674,-36.1724,7.22728,6.94897,6.45648,30.5271,-77.6262,50.1878,-35.0,-311.084,7.3742,4.91928,4.1721,0,LLLIVLLGFLLGTLLGLLILI,0.5982408844762998,0.0006624707285782,D,14,1581.4781401445084,1708.0973972379018,209.5697275797989,232.8810558623002,1610.7529760608463,1739.5766971236255,0.8744999999999976,-10.933899999999994,14.564999999999998,1158.98,0.000754542787623598,-0.009434071338590824,0.012567084850471965,0.0038882983312913074
GALLALLLLTLLGFL,Mutant,,clash,,LLLGALLALLLGTLLGFLILI,0.0107535593226358,LLLGALLALLLLTLLGFLILI_1,110011001100110000,1,-58.7121,-52.2972,-58.7121,-222.441,-219.061,-238.832,-354.769,4512.79,4110.44,3513.85,4.66828,7368020.0,-68.9477,7367940.0,-57.2242,-66.9462,77.2587,-36.9499,10.5264,6.97186,6.63075,3577290.0,-76.6587,59.1886,-35.0,7367160.0,7.2022,5.98927,5.3771,1,LLLGALLALLLLTLLGFLILI,0.2192347232832767,0.0008764089635107,D,16,23.15664104161,7.168685858347715,1.6526102811743957,-11.543733526935338,17.387505740487168,2.148488461510249,-11.723499999999994,0.0,16.39099999999999,402.35000000000036,-0.02913756679507887,0.0,0.04073816329066727,0.011602535106250767
TYLLVLLLIALLGFL,Mutant,,clash,,LLLTYLLVLLLGALLGFLILI,0.3742004483159251,LLLTYLLVLLLIALLGFLILI_2,110011001100110000,1,-52.4394,-45.7619,-44.9789,-234.961,-231.927,-252.164,-347.748,4670.88,4266.73,3644.36,4.81263,197357.0,-55.5348,197287.0,-50.6046,-43.8693,64.9099,-42.9705,10.3057,1.84323,1.31688,174734.0,-50.0013,58.0794,-44.4947,197092.0,6.7586,1.84091,1.2121,2,LLLTYLLVLLLIALLGFLILI,0.1479588306778007,0.0010113961665472,D,15,-72.16743136996972,-77.69299618076158,-66.39431688030217,-73.06601084276569,-72.46493651638554,-77.93143800499841,-4.930199999999999,-7.460499999999996,17.202999999999975,404.15000000000055,-0.012198936038599511,-0.01845973029815659,0.04256587900531968,0.011908029197080276
TALLAFLLGVLLLLL,Mutant,,clash,,LLLTALLAFLLGVLLGLLILI,0.9548603778905956,LLLTALLAFLLGVLLLLLILI_0,110011001100110000,1,-44.9303,-50.2716,-44.9303,-226.783,-224.189,-244.705,-355.609,4599.5,3859.07,3440.81,5.08322,589863.0,-78.8119,589782.0,-65.9735,-56.0238,54.6224,-52.2508,8.37669,2.27759,1.59693,352644.0,-63.8279,50.3554,-37.6016,589508.0,6.5149,2.87217,2.1275,0,LLLTALLAFLLGVLLLLLILI,0.3766423170889302,0.0009121659278101,D,17,-60.44033222754885,-63.20729377463628,-53.235043060661546,-56.50597137954036,-57.68131899200933,-60.641256970915,-12.838399999999993,0.0,17.922000000000025,740.4299999999998,-0.01733911375822157,0.0,0.024204853936226286,0.006865226962710858
TYLLAVLLILLLGFL,Mutant,,clash,11.0,LLLTYLLAVLLGLLLGFLILI,0.6671496183686283,LLLTYLLAVLLILLLGFLILI_0,110011001100110000,1,-44.9499,-51.2731,-44.9499,-232.8,-235.45,-254.316,-351.417,4677.49,4098.86,3654.98,5.20302,13659500.0,-68.4644,13659400.0,-52.151,-66.4537,47.0603,-35.9133,9.99403,2.82118,2.02709,6250440.0,-65.7313,50.1254,-42.5945,13659100.0,6.5,3.12662,2.3785,0,LLLTYLLAVLLILLLGFLILI,0.1756042824007909,0.0006991200551892,D,15,-79.66205959093716,-83.19269658180174,-75.23668127685767,-79.5355575318759,-78.02899018342131,-81.84312565755688,-16.313399999999994,0.0,21.51599999999999,578.6300000000001,-0.02819314587905914,0.0,0.03718438380312114,0.008991963776506575
TALLALLLIVLLSFL,Mutant,,clash,,LLLTALLALLLGVLLSFLILI,0.5758039426865622,LLLTALLALLLIVLLSFLILI_0,110011001100110000,1,-60.3459,-61.0669,-60.3459,-233.925,-227.985,-249.104,-370.236,4626.7,4273.21,3640.58,5.60955,11161.4,-70.3564,11080.2,-60.7869,-67.1546,75.9246,-38.1144,11.2057,6.82301,6.46188,9001.65,-67.4512,65.6275,-43.9752,10791.1,7.4846,5.47739,4.9618,0,LLLTALLALLLIVLLSFLILI,0.2149211212913635,0.0007851564142075,D,15,-72.16981307965327,-77.02982477651946,-63.78676534755275,-70.11071654831103,-69.789962029229,-75.06556935162818,-9.56949999999999,0.0,15.179000000000002,353.4899999999998,-0.027071487170782758,0.0,0.04294039435344709,0.01586904862938132
GYLLAALLLTLLFLL,Mutant,,clash,,LLLGYLLAALLGTLLFLLILI,0.0248854058795386,LLLGYLLAALLLTLLFLLILI_2,110011001100110000,1,-51.6161,-51.3798,-58.7134,-234.744,-232.635,-250.553,-358.128,4631.13,3941.83,3668.7,5.61686,657282.0,-66.1508,657208.0,-48.8619,-50.089,79.3235,-42.7797,10.0002,4.72202,4.41187,607387.0,-59.0686,58.4114,-43.8449,656924.0,7.0021,3.24583,2.622,2,LLLGYLLAALLLTLLFLLILI,0.3225622030665352,0.000944722484774,D,16,-86.156435983934,-90.30817379303664,-82.38687208209504,-87.66911652640599,-87.7512517504782,-91.42469820998112,-17.288900000000005,7.097299999999997,15.808999999999997,689.3000000000002,-0.025081822138401277,0.010296387639634405,0.02293486145364862,0.008148643551428983
ALLLITLLGILLSFL,Mutant,,clash,,LLLALLLGTLLGILLSFLILI,1.127206844013376,LLLALLLITLLGILLSFLILI_0,110011001100110000,1,-67.0236,-62.3585,-74.0552,-225.174,-220.99,-242.535,-371.345,4543.7,3854.22,3547.55,5.65504,2309.0,-73.492,2221.01,-54.7539,-74.4222,54.773,-41.9588,9.02442,5.05767,4.37927,2250.03,-70.183,60.097,-37.4728,1937.66,7.1099,5.14054,4.54199,0,LLLALLLITLLGILLSFLILI,0.0292905189019309,0.0002084384666297,D,14,-93.52806736377526,-95.61737753658126,-92.0879657967278,-94.64217865363548,-94.5178722077784,-96.28764732886069,-18.738100000000003,7.031599999999997,17.36099999999999,689.48,-0.027177147995590883,0.01019841039624064,0.02517984568080291,0.008201891280385218
TALLLLLLGLLLGFL,Mutant,,clash,,LLLTALLALLLGLLLGFLILI,0.3651788352826271,LLLTALLLLLLGLLLGFLILI_2,110011001100110000,1,-44.9578,-50.6084,-44.9578,-217.772,-217.969,-243.267,-356.746,4618.71,3771.42,3407.34,5.71731,17694.1,-88.2991,17605.9,-68.5217,-63.263,48.7467,-39.1739,7.95,2.57026,1.80146,16541.9,-67.6338,56.7049,-35.0,17337.3,6.6313,4.30023,3.6508,2,LLLTALLLLLLGLLLGFLILI,0.3982844514465604,0.0013077288019238,D,17,-52.88342384260341,-57.8715275933562,-26.74633585156836,-34.50150200953662,-7.998581669581206,-17.73852156494848,-19.7774,0.0,25.495000000000005,847.29,-0.023341949037519624,0.0,0.03009005181224847,0.006747760507028291
GYLLASLLLILLTLL,Mutant,,clash,,LLLGYLLASLLGILLTLLILI,0.2147684281839631,LLLGYLLASLLLILLTLLILI_1,110011001100110000,1,-77.6895,-51.8031,-74.16,-237.786,-227.142,-251.672,-387.443,4598.78,3879.12,3615.47,5.84774,597189.0,-66.1204,597081.0,-61.6116,-63.3842,82.1146,-50.5086,8.87391,7.09311,6.82483,554617.0,-70.3334,49.8546,-39.6684,1193810.0,7.175,3.78038,3.0282,1,LLLGYLLASLLLILLTLLILI,0.2754016403546475,0.0004099972433175,D,16,-89.8705895187951,-91.1954096077367,-86.8143174009391,-88.53886565831861,-90.22425038320462,-91.5028153599942,-4.508800000000001,-3.5294999999999987,13.885999999999996,719.6599999999999,-0.006265180779812691,-0.004904399299669288,0.019295222744073588,0.008125698246394131
YTLLAVLLIILLALL,Mutant,,clash,,LLLYTLLAVLLGILLALLILI,0.1859385235216301,LLLYTLLAVLLIILLALLILI_0,110011001100110000,1,-44.9984,-64.8503,-44.9984,-234.222,-230.054,-252.884,-364.49,4723.07,4346.27,3666.12,5.86437,2076400.0,-79.4055,2076330.0,-66.6071,-58.9232,45.4586,-58.4883,10.6453,1.47539,0.65727,1696760.0,-66.3717,42.953,-43.9626,2076040.0,7.3394,2.25441,1.39871,0,LLLYTLLAVLLIILLALLILI,0.1288668189341481,0.0004281059282107,D,15,-59.81442595091963,-65.16738256445659,-58.05283804550203,-63.64044860767029,-62.7490111461116,-67.71106362053126,-12.7984,0.0,18.661999999999978,376.7999999999993,-0.03396602972399158,0.0,0.049527600849256934,0.015563614649681558
FTLLLALLGILLSLL,Mutant,,clash,,LLLFTLLGALLGILLSLLILI,0.2934591822146101,LLLFTLLLALLGILLSLLILI_2,110011001100110000,1,-60.3397,-66.9275,-60.2229,-219.306,-214.949,-243.117,-367.617,4565.49,3784.56,3674.53,5.9558,8870.57,-82.0155,8784.83,-64.2768,-52.4047,80.1887,-45.1514,8.16872,5.18617,4.889,5260.74,-63.5764,69.369,-39.6453,8502.95,7.1848,5.40127,4.9418,2,LLLFTLLLALLGILLSLLILI,0.3620819637893278,0.0004793730197871,D,16,-89.57916126422478,-91.63956468947372,-87.90234360299044,-90.29428664230748,-92.21592413848356,-93.75498802519412,-17.73870000000001,-0.1167999999999978,23.81099999999998,780.9299999999998,-0.022714839998463385,-0.00014956526193128427,0.03049056893703659,0.007626547833992805
AVLLLFLLGLLLGTL,Mutant,,clash,,LLLAVLLGFLLGLLLGTLILI,1.2941506254427813,LLLAVLLLFLLGLLLGTLILI_0,110011001100110000,1,-58.7258,-66.2225,-58.7258,-218.828,-216.917,-238.535,-351.3,4568.57,4135.77,3557.2,5.95903,440092.0,-67.7869,440024.0,-54.0394,-80.3722,40.8204,-39.098,10.3705,4.06657,3.17888,421757.0,-73.2945,52.8302,-38.1653,439741.0,6.8167,4.62625,3.9187,0,LLLAVLLLFLLGLLLGTLILI,0.4035786387328752,0.0014711790714711,D,16,-43.4386563580415,-50.41167201414854,-39.40139758736112,-46.87213601317313,-48.55868021738815,-54.90048727355696,-13.747500000000002,0.0,19.706999999999994,432.7999999999993,-0.03176409426987067,0.0,0.04553373382624775,0.013768553604436252
AVLLISLLGILLTLL,Mutant,,clash,,LLLAVLLGSLLGILLTLLILI,1.234397011621732,LLLAVLLISLLGILLTLLILI_2,110011001100110000,1,-74.0355,-67.4736,-74.0355,-226.524,-218.787,-240.757,-385.136,4506.49,3882.96,3578.36,6.03231,3480.1,-78.5441,3381.23,-70.3436,-68.9128,65.7622,-43.9018,9.60535,5.71481,5.20124,3297.26,-69.2457,60.3937,-41.8114,3094.97,6.8012,5.04,4.4459,2,LLLAVLLISLLGILLTLLILI,0.1981185395259319,0.0006778297524357,D,14,-35.73511826684574,-43.098708376661335,-35.92359591530687,-43.26558990433767,-41.3147788705606,-48.03904105306056,-8.200500000000005,0.0,14.233000000000004,623.5299999999997,-0.013151732875723715,0.0,0.022826487899539734,0.009674450307122355
GYLLAALLLILLTLL,Mutant,,clash,,LLLGYLLAALLGILLTLLILI,0.4631311409691981,LLLGYLLAALLLILLTLLILI_2,110011001100110000,1,-62.8582,-54.4552,-58.7374,-235.831,-229.428,-249.64,-372.456,4606.32,3839.96,3624.41,6.03643,802572.0,-67.7309,802484.0,-64.0791,-59.4294,89.803,-50.4702,9.17829,7.53782,7.38486,545035.0,-63.8286,63.5081,-39.1011,802200.0,7.5,4.64788,4.1005,2,LLLGYLLAALLLILLTLLILI,0.3152507446196256,0.0011314812424146,D,16,-81.77296020238607,-86.27036436674346,-78.04877009287853,-83.46509407599609,-82.12511017035641,-86.53562360807834,-3.6518000000000086,-4.120799999999996,13.808999999999997,766.3599999999997,-0.004765123440680633,-0.005377107364685001,0.018018946709118435,0.00787675504984603
ALLLGLLLITLLAFL,Mutant,,clash,,LLLALLLGLLLGTLLAFLILI,0.9351985904942024,LLLALLLGLLLITLLAFLILI_0,110011001100110000,1,-58.6918,-51.9589,-58.6918,-224.854,-218.504,-240.661,-361.691,4583.95,4179.31,3503.96,6.0483,15897.2,-72.0971,15806.0,-62.3386,-80.4937,59.7866,-34.4197,11.0038,6.64524,6.04204,15885.4,-77.6236,58.3724,-37.459,15535.6,6.7222,6.02381,5.3994,0,LLLALLLGLLLITLLAFLILI,0.099683643413406,0.0008369748380225,D,14,59.938628370636046,43.63948837472577,18.608466245715928,6.521229936804004,43.89138990692812,29.22760335209908,-9.758499999999998,0.0,15.806999999999988,404.6399999999994,-0.024116498616053805,0.0,0.03906435349940691,0.014947360616844626
LVLLATLLLGLLSIL,Mutant,,clash,,LLLLVLLATLLGGLLSILILI,-0.0103055507749829,LLLLVLLATLLLGLLSILILI_2,110011001100110000,1,-73.9521,-62.8977,-73.9521,-227.396,-225.186,-239.845,-385.485,4551.95,3999.57,3754.51,6.15324,1906130.0,-77.9838,1906040.0,-71.6873,-43.0623,74.0434,-36.0298,9.4371,2.95521,2.56586,1788890.0,-44.4117,60.8723,-41.0381,1906700.0,6.9287,1.37952,0.792605,2,LLLLVLLATLLLGLLSILILI,0.2569670820371458,0.0009771854392296,D,16,3.859551879582966,-8.498225576608261,-9.62906188354883,-20.381890309432627,-6.996002002048507,-18.06212629196735,-6.296500000000009,0.0,12.449000000000012,552.3799999999997,-0.011398855860096334,0.0,0.022537021615554546,0.011139505412940374
GALLLLLLGTLLSFL,Mutant,,clash,,LLLGALLALLLGTLLSFLILI,0.1293606387208552,LLLGALLLLLLGTLLSFLILI_0,110011001100110000,1,-74.0721,-76.0324,-74.0721,-223.803,-222.457,-239.921,-368.435,4547.62,4296.21,3664.67,6.19845,46154.8,-64.3613,46084.8,-54.4415,-76.7355,61.9851,-45.0999,10.8105,6.3783,5.80808,26269.8,-84.1071,54.9836,-41.1247,45786.3,7.4834,6.53885,5.8636,0,LLLGALLLLLLGTLLSFLILI,0.1484832235462016,0.0010269704888308,D,16,-92.96398905860592,-94.844806843033,-90.72323026894726,-93.20303219613724,-93.82548475792191,-95.47601347003554,-9.919800000000002,0.0,16.117999999999995,251.40999999999985,-0.03945666441271233,0.0,0.06411041724672847,0.024654747225647363
AVLLLSLLGILLTLL,Mutant,,clash,,LLLAVLLGSLLGILLTLLILI,1.114017121690437,LLLAVLLLSLLGILLTLLILI_1,110011001100110000,1,-74.0355,-53.3718,-74.0355,-225.318,-216.89,-240.767,-388.513,4506.82,4102.34,3587.83,6.30899,38392.6,-82.85,38274.4,-73.7103,-66.7146,67.1044,-39.2128,10.4778,5.56629,5.07286,33475.3,-69.2457,60.3937,-41.8114,39867.9,6.8012,5.04,4.4459,1,LLLAVLLLSLLGILLTLLILI,0.3184984294572268,0.0004816085498499,D,16,-3.7925920099475423,-16.495644606225092,-20.72126581701808,-31.18908686253315,-25.746141352910268,-35.55048689736219,-9.13969999999999,0.0,15.448999999999984,404.47999999999956,-0.02259617286392405,0.0,0.03819471914556962,0.015597779865506345
AVLLILLLGTLLGFL,Mutant,,clash,,LLLAVLLGLLLGTLLGFLILI,0.6490839753474232,LLLAVLLILLLGTLLGFLILI_2,110011001100110000,1,-58.7059,-65.4483,-58.7059,-216.178,-214.131,-238.528,-351.54,4532.15,4118.55,3454.45,6.32029,16308.7,-70.335,16236.7,-54.3053,-76.311,38.8527,-43.7954,9.51665,3.19177,2.27456,16230.5,-84.6258,35.2029,-35.5813,15957.1,7.1166,3.94626,2.9743,2,LLLAVLLILLLGTLLGFLILI,0.1931660997289412,0.0012727497837311,D,14,-77.97509909917297,-83.04820015913306,-73.63674390626426,-79.70911912535585,-78.44613550203971,-83.41074048815034,-16.02969999999999,0.0,22.349999999999994,413.59999999999945,-0.03875652804642169,0.0,0.05403771760154745,0.015281165377176036
ALLLITLLGLLLGFL,Mutant,,clash,,LLLALLLGTLLGLLLGFLILI,1.0429352349438856,LLLALLLITLLGLLLGFLILI_0,110011001100110000,1,-51.6199,-56.0886,-58.6905,-223.312,-215.259,-239.413,-357.729,4556.48,3963.28,3367.08,6.53847,35730.6,-76.2589,35644.3,-59.6251,-70.5441,46.1064,-40.777,9.25604,3.30597,2.49757,34580.6,-63.8279,50.3554,-37.6016,35372.9,6.5149,2.87217,2.1275,0,LLLALLLITLLGLLLGFLILI,0.2144747407971126,0.0003535124316888,D,14,-36.62646894160458,-45.62757470113489,-35.738347701293186,-44.865595606887,-42.29865802391378,-50.49412816609349,-16.633799999999994,7.070599999999999,16.101,593.1999999999994,-0.028040795684423487,0.011919420094403247,0.027142616318273798,0.011022370195549573
ALLLIILLGVLLGTL,Mutant,,clash,,LLLALLLGILLGVLLGTLILI,0.9067054912279248,LLLALLLIILLGVLLGTLILI_2,110011001100110000,1,-58.7478,-60.0199,-58.7478,-212.533,-209.631,-236.988,-365.638,4476.42,4017.11,3587.61,7.12108,5260630.0,-87.2359,5260530.0,-69.9023,-73.7251,41.7844,-56.0367,9.0512,3.19967,2.32644,3854020.0,-86.55,35.742,-43.5248,5513200.0,6.8226,4.30767,3.3438,2,LLLALLLIILLGVLLGTLILI,0.2119598355550398,0.0009588501597296,D,14,-53.25721173826644,-60.53675480039208,-48.37267627984143,-56.4129182118972,-55.10085975792482,-62.09328012905145,-17.333600000000004,0.0,24.455000000000013,459.30999999999995,-0.03773834665041041,0.0,0.053242907840020934,0.015503864492390763
SYLLALLLITLLGFL,Mutant,,clash,,LLLSYLLALLLGTLLGFLILI,0.4233238792771857,LLLSYLLALLLITLLGFLILI_0,110011001100110000,1,-58.7203,-54.9496,-58.7203,-237.327,-230.93,-256.749,-360.711,4648.32,4257.09,3624.35,7.14295,29073.8,-57.5208,28999.0,-45.2412,-60.5565,48.1363,-42.312,10.3797,2.08187,1.30391,27218.6,-58.9126,45.2347,-40.4016,28713.1,6.7135,1.44358,0.622101,0,LLLSYLLALLLITLLGFLILI,0.0650705517653581,0.0010713597154957,D,14,-87.6721983279547,-89.4499353769786,-85.27347490383693,-87.39712111127025,-87.1894932153307,-89.03683900606649,-12.279600000000002,0.0,19.422000000000025,391.22999999999956,-0.031387163561076646,0.0,0.04964343225212803,0.01825767451371318
AVLLFLLLILLLGTL,Mutant,,clash,,LLLAVLLFLLLGLLLGTLILI,-0.0488410168926935,LLLAVLLFLLLILLLGTLILI_0,110011001100110000,1,-58.8,-61.1162,-58.8,-228.272,-220.627,-243.234,-364.763,4628.07,4130.32,3596.97,7.16724,59548.9,-70.5237,59465.8,-62.7295,-44.0235,71.5078,-45.0718,10.3072,2.75709,2.3297,59062.0,-44.8097,61.6429,-42.2922,59184.1,6.8515,1.54325,0.967894,0,LLLAVLLFLLLILLLGTLILI,0.1133646157756075,0.0011911358522428,D,14,-17.502911051976568,-32.29501157558178,-30.47288564707943,-42.93941116621094,-29.30672005529179,-41.98234433028074,-7.794200000000004,0.0,14.962000000000018,497.75,-0.015658864892014072,0.0,0.030059266700150713,0.014399276745354093
TYLLVLLLLALLSFL,Mutant,,clash,,LLLTYLLVLLLGALLSFLILI,0.5124156042750126,LLLTYLLVLLLLALLSFLILI_2,110011001100110000,1,-62.4526,-68.2369,-60.4043,-235.277,-232.418,-256.048,-372.684,4692.83,4266.73,3685.36,7.18679,1131300.0,-67.767,1131220.0,-56.2309,-59.8866,52.0277,-41.2691,11.0965,2.50672,1.78714,756977.0,-53.9192,60.8048,-44.6955,1132020.0,7.2319,2.79653,2.2086,2,LLLTYLLVLLLLALLSFLILI,0.1547151222025495,0.0006331961604036,D,17,-74.47794769566619,-82.81534282943724,-71.36801106405977,-80.72134215115886,-77.90398670537733,-85.12218340529732,-11.536099999999998,-2.0482999999999976,20.771000000000015,426.10000000000036,-0.027073691621685023,-0.004807087538136578,0.04874677305796761,0.016866439802863165
TYLLVALLLLLLGFL,Mutant,,clash,,LLLTYLLVALLGLLLGFLILI,0.1950337717089716,LLLTYLLVALLLLLLGFLILI_2,110011001100110000,1,-44.9435,-62.6509,-44.9435,-235.657,-230.46,-253.157,-353.571,4683.27,4081.2,3637.92,7.20234,4384860.0,-65.7683,4384800.0,-55.4699,-38.212,79.7892,-45.2304,10.5471,3.00334,2.70018,3553720.0,-47.3212,57.8921,-45.0,4384510.0,7.3456,1.41362,0.782002,2,LLLTYLLVALLLLLLGFLILI,0.1705784900047812,0.0008703361989691,D,17,-56.87115614227142,-64.47884813166425,-56.99688342772379,-64.58239781213516,-61.62315923078052,-68.39262388560171,-10.298399999999994,0.0,17.5,602.0700000000006,-0.01710498779211717,0.0,0.029066387629345394,0.01196262893019083
TLLLIVLLGLLLGFL,Mutant,,clash,7.0,LLLTLLLGVLLGLLLGFLILI,1.0969385227724922,LLLTLLLIVLLGLLLGFLILI_1,110011001100110000,1,-44.9091,-49.7522,-44.9091,-226.71,-217.634,-243.598,-356.469,4579.71,4056.69,3460.3,7.27881,1054060.0,-77.5709,1053970.0,-67.9624,-84.9128,32.5184,-39.6759,10.6317,3.62691,2.61468,746012.0,-87.8363,33.3963,-37.1588,1053670.0,7.4752,4.18395,3.1849,1,LLLTLLLIVLLGLLLGFLILI,0.173311565215333,0.0004768994965903,D,15,-36.075878311629495,-44.6671305934132,-37.54798557129803,-45.941390084201736,-33.52668092889127,-42.46053937017659,-9.608499999999992,0.0,16.888000000000005,523.02,-0.01837119039424877,0.0,0.032289396198998135,0.01391688654353562
AYLLSTLLLGLLFLL,Mutant,,clash,,LLLAYLLSTLLGGLLFLLILI,-0.0871275044864202,LLLAYLLSTLLLGLLFLLILI_1,110011001100110000,1,-73.9896,-64.3535,-74.005,-231.088,-224.914,-249.228,-368.392,4651.94,3912.69,3637.04,7.30614,10577600.0,-56.0082,10577500.0,-45.1591,-42.1489,71.079,-36.2425,10.6303,2.418,1.98418,9635490.0,-48.4453,58.7094,-44.1259,21155000.0,7.2194,1.69256,1.0732,1,LLLAYLLSTLLLGLLFLLILI,0.3854756227233806,0.0007830430473141,D,16,-93.52361081372136,-94.52980291220793,-92.14897695283396,-93.36873647127538,-93.7369118747285,-94.70996485263244,-10.8491,0.015399999999999636,18.140000000000015,739.2499999999995,-0.014675820087926962,2.0831924247547712e-05,0.02453838349678732,0.009883178897531288
AVLLIILLGLLLGFL,Mutant,,clash,7.0,LLLAVLLGILLGLLLGFLILI,1.1248288944689016,LLLAVLLIILLGLLLGFLILI_0,110011001100110000,1,-44.9348,-53.6293,-44.9348,-215.678,-216.763,-239.372,-347.948,4524.86,4070.07,3440.39,7.34787,54724.0,-79.9875,54646.4,-63.6415,-68.0947,38.7148,-48.7373,9.63036,1.9407,1.02143,44181.2,-78.3112,37.3108,-36.9447,54376.0,6.8995,3.28364,2.3433,0,LLLAVLLIILLGLLLGFLILI,0.2427493287436734,0.0005252744299648,D,14,-70.23494216722546,-73.39049338226523,-65.62424580450333,-69.26860132798114,-71.50063811028419,-74.52200620384546,-16.345999999999997,0.0,23.694000000000017,454.7899999999995,-0.035941863277556704,0.0,0.052098770861276726,0.01615662173750524
AALLFLLLILLLGTL,Mutant,,clash,,LLLAALLFLLLGLLLGTLILI,0.1708989025892764,LLLAALLFLLLILLLGTLILI_1,110011001100110000,1,-58.7926,-60.1962,-58.7926,-225.11,-221.767,-241.496,-360.79,4632.02,4180.1,3599.92,7.39212,7989.94,-69.4954,7911.11,-60.502,-37.9084,68.2763,-50.3295,10.0552,1.40356,0.9277,7543.4,-42.6543,63.6897,-38.1137,7955.7,6.7933,1.49625,0.951595,1,LLLAALLFLLLILLLGTLILI,0.2008859958110687,0.0014293905850457,D,14,-2.932991313428918,-15.89955874796176,-18.29417604989848,-29.208740023575675,-6.79957754040699,-19.24963218926785,-8.993400000000001,0.0,16.385999999999996,451.9200000000001,-0.01990042485395645,0.0,0.036258629845990424,0.016357142857142855
VYLLALLLITLLAFL,Mutant,,clash,,LLLVYLLALLLGTLLAFLILI,0.3578266118419463,LLLVYLLALLLITLLAFLILI_1,110011001100110000,1,-58.759,-45.3616,-58.759,-225.595,-224.997,-246.233,-353.977,4685.56,4335.53,3665.44,7.612,5899190000.0,-62.011,5899190000.0,-48.9849,-49.9235,42.1425,-54.239,9.66071,-0.322237,-1.1901,2027480.0,-56.7125,44.1422,-44.865,1841900.0,6.5,0.966067,0.128199,1,LLLVYLLALLLITLLAFLILI,0.1074174735660706,0.0001331184846174,D,15,-59.96251372265216,-64.6687915602966,-54.48078854439711,-59.83142555933273,-60.345483815986256,-65.00674474996562,-13.0261,0.0,20.638000000000005,350.03000000000065,-0.037214238779533115,0.0,0.05896066051481292,0.02174670742507781
SYLLATLLLGLLVLL,Mutant,,clash,,LLLSYLLATLLGGLLVLLILI,0.3463228542457673,LLLSYLLATLLLGLLVLLILI_2,110011001100110000,1,-58.7169,-67.4606,-58.7164,-238.493,-233.428,-253.945,-374.731,4614.45,3930.08,3722.34,7.73432,1162100.0,-69.7869,1162020.0,-62.07,-57.5373,79.5159,-35.6182,10.2921,5.86524,5.55798,1098380.0,-54.4879,57.0754,-43.9111,1161900.0,7.2474,2.37837,1.7345,2,LLLSYLLATLLLGLLVLLILI,0.3562275925587088,0.0007824786448404,D,17,-91.7104610676769,-93.14503773293028,-89.33979817805734,-91.18463863366092,-92.85301830341572,-94.08986552165292,-7.7169000000000025,-0.0005000000000023874,15.451999999999998,684.3699999999999,-0.011275917997574417,-7.30598945018612e-07,0.022578429796747373,0.011301372064818741
AFLLLTLLGLLLGYL,Mutant,,clash,,LLLAFLLGTLLGLLLGYLILI,1.0149405480390203,LLLAFLLLTLLGLLLGYLILI_0,110011001100110000,1,-58.6988,-60.2129,-58.6988,-214.705,-213.017,-243.316,-345.991,4644.35,3905.81,3439.03,7.79899,194500.0,-64.7884,194427.0,-43.9767,-67.7956,45.5921,-48.125,8.33222,2.82428,2.00816,180674.0,-72.4524,47.8783,-35.1603,194154.0,6.5,3.83143,3.0496,0,LLLAFLLLTLLGLLLGYLILI,0.2662118458761709,0.000664560320505,D,16,29.57251572943446,12.6521957695397,4.446394859473046,-9.192812573761412,13.981092513039956,-0.903210256277114,-20.811699999999995,0.0,28.61099999999999,738.5400000000004,-0.028179516343055194,0.0,0.03873994638069701,0.010560010290573288
STLLILLLGVLLAIL,Mutant,,clash,7.0,LLLSTLLGLLLGVLLAILILI,0.6257610973283487,LLLSTLLILLLGVLLAILILI_2,110011001100110000,1,-44.9407,-47.6773,-44.9407,-225.294,-224.726,-250.68,-375.15,4554.15,3760.35,3566.19,7.89906,8226.62,-97.0165,8123.88,-79.5294,-59.2021,70.8363,-45.3518,8.18031,4.94321,4.50576,7774.09,-70.6341,63.5646,-35.8262,8153.54,6.7474,5.67633,5.1298,2,LLLSTLLILLLGVLLAILILI,0.4620433824201921,0.0001752442139817,D,14,-97.55584203834874,-98.60541220650222,-96.35703169503704,-97.92139493031443,-97.45859150001787,-98.54992298862216,-17.487099999999998,0.0,25.385999999999996,793.7999999999997,-0.022029604434366343,0.0,0.03198034769463341,0.009950944822373398
AFLLITLLGLLLAVL,Mutant,,clash,,LLLAFLLGTLLGLLLAVLILI,0.9313107211588508,LLLAFLLITLLGLLLAVLILI_1,110011001100110000,1,-58.7424,-47.791,-58.7424,-212.801,-208.934,-240.122,-353.567,4608.35,4127.58,3588.14,7.92236,473026.0,-74.1019,472929.0,-54.7033,-73.8691,44.4368,-42.0765,9.72869,3.57933,2.74588,464712.0,-73.1449,51.1091,-38.7208,470859.0,6.6288,4.37146,3.6381,1,LLLAFLLITLLGLLLAVLILI,0.4418546800845003,0.0005865789803183,D,14,-64.44824525962534,-70.46144831384377,-58.39726972899839,-65.4339312540429,-64.0130334510493,-70.09984797664723,-19.398600000000002,0.0,27.321000000000026,480.77000000000044,-0.04034902344156246,0.0,0.056827589075857485,0.01647848243442809
ALLLLFLLGILLGTL,Mutant,,clash,,LLLALLLGFLLGILLGTLILI,0.827969911847441,LLLALLLLFLLGILLGTLILI_0,110011001100110000,1,-58.7265,-67.5272,-58.7265,-218.181,-212.323,-239.412,-358.626,4518.53,4012.53,3511.06,8.00182,1434210.0,-73.7158,1434140.0,-60.4869,-73.524,47.3891,-39.1323,9.93824,3.92613,3.13697,1346660.0,-68.1464,52.7276,-38.529,1433860.0,6.6534,3.84019,3.1311,0,LLLALLLLFLLGILLGTLILI,0.3060426289595547,0.0013094592799321,D,16,-28.31201249204292,-37.9648591168277,-36.53465419064229,-45.08031533113197,-45.05462708088126,-52.45306684697159,-13.228900000000003,0.0,21.230999999999995,505.99999999999955,-0.02614407114624509,0.0,0.04195849802371544,0.015813873517786577
ALLLLLLLGTLLAFL,Mutant,,clash,,LLLALLLGLLLGTLLAFLILI,0.938289199155986,LLLALLLLLLLGTLLAFLILI_1,110011001100110000,1,-58.6918,-60.1064,-58.6918,-219.637,-220.262,-240.59,-365.113,4597.42,4134.7,3517.83,8.04204,460723.0,-78.7423,460638.0,-65.8311,-81.7248,55.8299,-39.3337,9.96484,6.29576,5.63321,274105.0,-77.6236,58.3724,-37.459,921227.0,6.7222,6.02381,5.3994,1,LLLALLLLLLLGTLLAFLILI,0.0965930347516226,0.0006897228287804,D,16,-15.363861224736311,-28.038815649292985,-33.20076037817089,-43.20449318136417,-37.93380092869579,-47.22872217531774,-12.911199999999994,0.0,20.953000000000003,462.72000000000025,-0.0279028354080221,0.0,0.04528224412171506,0.017379927385892106
ALLLILLLGTLLGFL,Mutant,,clash,,LLLALLLGLLLGTLLGFLILI,0.9182902611156512,LLLALLLILLLGTLLGFLILI_1,110011001100110000,1,-58.7075,-60.2376,-58.7075,-216.524,-210.207,-239.399,-357.5,4573.32,3924.4,3419.4,8.10877,3402.36,-74.1597,3315.3,-59.3933,-77.2438,48.6167,-37.258,8.47568,4.64983,3.87908,3274.81,-73.8055,53.1891,-35.1152,7366.49,6.5108,4.75136,4.0492,1,LLLALLLILLLGTLLGFLILI,0.2150927796926328,0.0008287368639962,D,14,-69.1662174059927,-77.48879150593757,-64.8000938271952,-74.30116060487988,-73.07439383887453,-80.34208315914145,-14.766399999999997,0.0,22.875,648.9199999999996,-0.022755347346360116,0.0,0.03525087838254332,0.012495793009924188
ATLLIILLGLLLGFL,Mutant,,clash,,LLLATLLGILLGLLLGFLILI,0.7559331966881919,LLLATLLIILLGLLLGFLILI_0,110011001100110000,1,-44.9292,-53.7951,-44.9292,-218.078,-216.914,-240.428,-348.624,4549.48,3997.5,3445.46,8.7209,74643.4,-76.8959,74565.5,-63.2667,-83.7119,40.3825,-33.8582,9.62379,4.50843,3.61416,73936.3,-81.6776,47.767,-35.1198,74294.8,6.6099,5.20019,4.4167,0,LLLATLLIILLGLLLGFLILI,0.3262508310765781,0.0005111423812101,D,14,-51.61035458806021,-55.19351764520542,-48.92080666222604,-52.70312573066725,-50.37416162649435,-54.04886246850401,-13.629199999999997,0.0,22.349999999999994,551.9799999999996,-0.024691474328780043,0.0,0.04049059748541616,0.0157993043226204
TVLLLALLGLLLGFL,Mutant,,clash,,LLLTVLLGALLGLLLGFLILI,0.2009097035351162,LLLTVLLLALLGLLLGFLILI_2,110011001100110000,1,-44.9305,-48.4831,-44.9305,-222.062,-218.32,-240.458,-349.568,4545.03,4230.7,3644.49,8.91693,17664.6,-73.6591,17581.8,-64.1804,-56.6479,63.8464,-44.8186,9.06942,3.61645,3.07415,17057.8,-59.3652,64.0781,-38.2792,17315.0,6.5,4.05533,3.5165,2,LLLTVLLLALLGLLLGFLILI,0.2778108475425702,0.0006693208014326,D,17,-2.3262907409504296,-13.291685498782076,-12.898893908890688,-22.677349333366102,-16.931406024162698,-26.257149172784832,-9.47869999999999,0.0,18.395999999999987,314.3299999999999,-0.030155250851016422,0.0,0.05852448064136414,0.028368052683485516
ALLLIILLGTLLGFL,Mutant,,clash,,LLLALLLGILLGTLLGFLILI,1.030629260445712,LLLALLLIILLGTLLGFLILI_2,110011001100110000,1,-58.7518,-61.5755,-58.7518,-215.878,-212.238,-239.374,-354.992,4532.06,4192.8,3519.3,9.54651,6824310.0,-70.8162,6824230.0,-56.8663,-79.1603,41.6026,-49.2751,9.51807,3.99039,3.11443,6265800.0,-87.213,39.461,-38.899,6851740.0,6.5512,4.90918,4.00109,2,LLLALLLIILLGTLLGFLILI,0.1778317987544219,0.0003271345946647,D,14,-60.70579038719063,-66.95844372177342,-56.00273023077767,-63.00375349211305,-62.19503696774294,-68.21071537167664,-13.949899999999992,0.0,23.49600000000001,339.2600000000002,-0.04111861109473555,0.0,0.06925661734363024,0.028139214761539803
ALLLITLLGYLLGFL,Mutant,,clash,,LLLALLLGTLLGYLLGFLILI,1.0451049734674176,LLLALLLITLLGYLLGFLILI_0,110011001100110000,1,-58.7311,-51.731,-58.7311,-219.498,-215.304,-242.299,-344.175,4590.35,3995.66,3447.25,10.0973,11566.4,-55.8491,11489.2,-43.1448,-83.8141,49.1482,-33.6275,10.0155,5.70711,4.94434,11540.8,-77.9303,55.657,-35.0,11222.2,7.3057,5.70324,5.0381,0,LLLALLLITLLGYLLGFLILI,0.3281004975164136,0.0005909436814553,D,14,-32.73013450505911,-42.105924443781504,-32.48537027836869,-41.895274421974335,-31.717274604153584,-41.23423268106647,-12.704300000000003,0.0,22.801000000000016,594.6900000000005,-0.02136289495367333,0.0,0.03834098437841564,0.016979098353764134
TALLGVLLILLLGFL,Mutant,,clash,,LLLTALLGVLLGLLLGFLILI,0.9266002197684214,LLLTALLGVLLILLLGFLILI_2,110011001100110000,1,-44.9633,-49.392,-44.9633,-225.25,-224.201,-244.041,-349.06,4593.19,4195.05,3592.78,10.1806,4083220.0,-68.666,4083150.0,-60.0551,-66.6178,50.4127,-36.6897,10.0791,3.29839,2.55458,4033240.0,-73.5676,38.1677,-45.0,4082880.0,6.5,2.68778,1.7603,2,LLLTALLGVLLILLLGFLILI,0.2607567217173009,0.0010063017421507,D,15,-46.29375421828173,-53.53497313744627,-17.387046463515087,-28.52575991125511,41.75416532132299,22.6414359012272,-8.610899999999994,0.0,18.790999999999997,398.1399999999994,-0.021627819360024128,0.0,0.04719696589139505,0.025570402371025307
TALLALLLILLLGFL,Mutant,,clash,,LLLTALLALLLGLLLGFLILI,0.6190425159483831,LLLTALLALLLILLLGFLILI_0,110011001100110000,1,-44.9578,-47.664,-44.9578,-226.721,-221.109,-246.579,-359.355,4638.6,4285.92,3438.75,10.1854,46692.0,-77.4909,46601.4,-67.8177,-67.1673,56.4716,-42.8875,10.2767,4.19875,3.54583,28563.0,-67.6338,56.7049,-35.0,46332.6,6.6313,4.30023,3.6508,0,LLLTALLALLLILLLGFLILI,0.1444207707808044,0.0003944343968612,D,15,-31.78309871272244,-41.80205642258067,-27.63422144551319,-38.2625211967009,-22.45612415636172,-33.84492660964468,-9.673199999999994,0.0,19.858000000000004,352.6800000000003,-0.02742769649540656,0.0,0.056305999773165444,0.02888000453669046
ALLLILLLGVLLGTL,Mutant,,clash,7.0,LLLALLLGLLLGVLLGTLILI,0.9981156332493928,LLLALLLILLLGVLLGTLILI_0,110011001100110000,1,-58.7607,-68.2077,-58.7607,-216.194,-206.198,-237.005,-368.501,4543.85,3948.63,3474.98,10.6306,29674.9,-82.915,29580.8,-72.7347,-86.6295,57.139,-34.9896,9.3882,7.20818,6.56526,25305.2,-81.7407,58.0906,-35.0,29306.4,6.5862,6.60334,5.9747,0,LLLALLLILLLGVLLGTLILI,0.2263170401705082,0.0008756828283624,D,14,-75.69542388267526,-80.16548390368841,-70.03660620987957,-75.54742721858734,-77.59110369821289,-81.71251322167483,-10.180300000000003,0.0,20.811000000000007,595.2200000000003,-0.017103423944087898,0.0,0.034963542891703905,0.017859950942508643
AALLFLLLLLLLGTL,Mutant,,clash,,LLLAALLFLLLGLLLGTLILI,0.2674855099080576,LLLAALLFLLLLLLLGTLILI_1,110011001100110000,1,-58.7926,-60.1962,-58.7926,-222.622,-219.521,-241.262,-363.906,4637.25,4192.57,3669.53,10.7938,357524.0,-71.6974,357440.0,-63.8512,-44.008,61.8505,-38.8877,10.3493,1.45101,0.878768,255498.0,-42.6543,63.6897,-38.1137,357595.0,6.7933,1.49625,0.951595,1,LLLAALLFLLLLLLLGTLILI,0.1042993884922876,0.0034031785090697,D,16,22.13717417381937,9.824965532331335,3.5145006230315023,-6.920423368876276,-2.6330672629284555,-12.448277077218762,-7.846200000000003,0.0,18.639999999999986,444.6800000000003,-0.017644598362867674,0.0,0.041917783574705346,0.02427318521183771
FVLLTLLLILLLGAL,Mutant,,clash,,LLLFVLLTLLLGLLLGALILI,0.6775001915514116,LLLFVLLTLLLILLLGALILI_0,110011001100110000,1,-58.8313,-60.3712,-58.8313,-224.588,-219.909,-243.314,-363.142,4676.04,4265.65,3652.21,11.0581,7890.26,-68.6645,7807.4,-60.9963,-38.8436,67.8158,-48.1364,10.5677,1.48167,0.998902,7793.41,-40.5686,62.7854,-41.894,7527.12,7.0908,1.06132,0.503101,0,LLLFVLLTLLLILLLGALILI,0.2465295601966167,0.0001489020195537,D,14,-41.545340721104026,-51.9469161724043,-39.83546498429544,-50.54130021074735,-39.18115555584343,-50.00342031883696,-7.668200000000006,0.0,18.726,410.3900000000003,-0.018685153147006507,0.0,0.04562976680718337,0.026945344672141113
ALLLLTLLGILLSFL,Mutant,,clash,,LLLALLLGTLLGILLSFLILI,1.1122719100447764,LLLALLLLTLLGILLSFLILI_2,110011001100110000,1,-74.0552,-50.3121,-74.0552,-223.136,-217.394,-242.626,-374.777,4560.31,4211.46,3548.03,11.1715,39661.3,-66.4145,39554.3,-58.096,-67.1727,59.4543,-44.8348,10.4002,4.60224,3.99405,38725.8,-70.183,60.097,-37.4728,39428.9,7.1099,5.14054,4.54199,2,LLLALLLLTLLGILLSFLILI,0.0442254528705304,0.001526555016649,D,16,-71.58036410091829,-76.17495406145238,-71.02454852819415,-75.70899694643033,-81.16393901324722,-84.20915665829588,-8.318500000000007,0.0,19.49000000000001,348.85000000000036,-0.023845492331947826,0.0,0.0558692847928909,0.032023792460943064
GLLLLFLLGVLLGTL,Mutant,,clash,,LLLGLLLGFLLGVLLGTLILI,0.8384563169770005,LLLGLLLLFLLGVLLGTLILI_1,110011001100110000,1,-58.7181,-68.5148,-58.7181,-213.037,-220.502,-237.558,-351.719,4512.21,3898.84,3422.12,11.2964,139934000.0,-68.6679,139934000.0,-55.4431,-86.2069,52.4138,-32.3412,10.0372,6.50691,5.79312,1697460.0,-81.7407,58.0906,-35.0,1599300.0,6.5862,6.60334,5.9747,1,LLLGLLLLFLLGVLLGTLILI,0.2857030523661457,0.0012334647771377,D,16,-2.793573316786253,-17.015178649361143,-14.530062724585536,-27.0345828186338,-11.934758570979223,-24.818979808768376,-13.224800000000002,0.0,24.520999999999987,613.3699999999999,-0.02156088494709556,0.0,0.03997750134502827,0.018416942465396095
AVLLFLLLLLLLGTL,Mutant,,clash,,LLLAVLLFLLLGLLLGTLILI,-0.090397600794458,LLLAVLLFLLLLLLLGTLILI_0,110011001100110000,1,-58.8,-60.6926,-58.8,-223.837,-221.927,-243.295,-368.073,4637.62,4059.87,3591.12,11.4272,6149890.0,-74.0086,6149810.0,-65.978,-46.6661,62.4069,-41.7487,10.0124,1.92485,1.36095,3727970.0,-44.8097,61.6429,-42.2922,6149520.0,6.8515,1.54325,0.967894,0,LLLAVLLFLLLLLLLGTLILI,0.154921199677372,0.001093698320384,D,16,11.467578385953567,-3.569833588600452,-15.725546958576745,-27.09450004488316,-10.953676453326675,-22.96637352075927,-8.030600000000007,0.0,19.458,577.75,-0.013899783643444408,0.0,0.0336789268714842,0.019778797057550843
STLLGLLLIVLLAIL,Mutant,,clash,11.0,LLLSTLLGLLLGVLLAILILI,0.5288991089333992,LLLSTLLGLLLIVLLAILILI_0,110011001100110000,1,-44.9407,-66.9856,-44.9407,-229.997,-224.086,-259.579,-382.271,4562.19,4018.83,3549.52,11.4888,15655.8,-95.845,15564.6,-77.7515,-60.399,85.3898,-31.2617,9.98993,7.08747,6.86832,15644.3,-70.6341,63.5646,-35.8262,15273.5,6.7474,5.67633,5.1298,0,LLLSTLLGLLLIVLLAILILI,0.5589053708151417,0.0007114119746699,D,14,-70.99548450920307,-75.1514303956909,-61.917406350212346,-67.37411527113333,-51.530509121339016,-58.47551674614302,-18.093500000000006,0.0,29.581999999999994,543.3599999999997,-0.03329928592461723,0.0,0.05444272673733806,0.0211439929328622
AVLLLFLLGTLLGLL,Mutant,,clash,,LLLAVLLGFLLGTLLGLLILI,1.1080242643524618,LLLAVLLLFLLGTLLGLLILI_0,110011001100110000,1,-58.7162,-66.9134,-58.7162,-214.104,-208.916,-238.522,-352.096,4605.54,4222.58,3442.34,11.4961,60635.7,-67.7796,60559.5,-54.8578,-80.9518,40.6832,-42.8688,10.771,4.135,3.24525,54351.5,-77.6262,50.1878,-35.0,60283.6,7.3742,4.91928,4.1721,0,LLLAVLLLFLLGTLLGLLILI,0.1890209162288688,0.0011138846259192,D,16,-62.44943760981391,-67.59304185834199,-57.23261264235047,-63.09080760160211,-64.6613530517331,-69.50197335167952,-12.921800000000005,0.0,24.417999999999978,382.96000000000004,-0.03374190515980782,0.0,0.06376122832671813,0.03001906204303321
YVLLATLLGLLLIFL,Mutant,,clash,,LLLYVLLATLLGLLLGFLILI,0.2200645811113395,LLLYVLLATLLGLLLIFLILI_1,110011001100110000,1,-58.7397,-58.7397,-58.7397,-241.213,-230.353,-250.363,-353.002,4644.37,4010.59,3639.17,11.5226,1514.74,-41.5265,1450.84,-43.8993,-61.5423,75.5025,-36.6722,8.65675,5.92418,5.55672,1121.81,-65.984,55.7173,-41.1231,477.839,6.918,3.91944,3.2552,1,LLLYVLLATLLGLLLIFLILI,0.1842557405264127,0.0008891995652857,D,15,-19.904571993492887,-30.75035322028966,-26.566397885412872,-36.51009633428998,-12.688107264028991,-24.511075324514973,2.372799999999998,0.0,9.150000000000006,633.7799999999997,0.0037438858910031855,0.0,0.014437186405377275,0.01818075672946449
TLLLLILLGVLLGAL,Mutant,,clash,,LLLTLLLGILLGVLLGALILI,0.8519457835538803,LLLTLLLLILLGVLLGALILI_0,110011001100110000,1,-44.8956,-51.0952,-44.8956,-219.773,-216.376,-238.708,-363.509,4523.14,4299.35,3621.67,12.0691,1712910.0,-86.771,1712820.0,-79.9057,-84.6324,39.3251,-51.8428,10.6573,4.50375,3.59362,1005060.0,-90.0074,38.3333,-42.1317,1712550.0,6.7822,5.1761,4.2511,0,LLLTLLLLILLGVLLGALILI,0.3197442563887919,0.000706762850909,D,17,21.64459109964684,5.467269759193658,1.472116680880797,-12.022499263841906,22.43749657073861,6.154727988591409,-6.865300000000005,0.0,18.935000000000002,223.78999999999996,-0.030677420796282256,0.0,0.08461057241163593,0.05393047053040798
YLLLLILLGFLLATL,Mutant,,clash,,LLLYLLLGILLGFLLATLILI,1.1663322976539172,LLLYLLLLILLGFLLATLILI_2,110011001100110000,1,-58.7512,-65.787,-58.7512,-219.978,-228.899,-251.223,-355.574,4749.12,3931.64,3563.71,12.1191,954137.0,-64.7257,954076.0,-45.6005,-77.8351,33.2454,-49.5186,9.74077,2.6634,1.66208,801672.0,-86.6913,38.1487,-45.0,953782.0,6.9063,4.65377,3.726,2,LLLYLLLLILLGFLLATLILI,0.0189009750042205,0.0012035626086757,D,17,-74.90524102372234,,-71.6361773373911,,-79.60328855001397,,-19.125200000000007,0.0,31.245000000000005,817.48,-0.023395312423545537,0.0,0.038221118559475464,0.014824949845867788
FLLLGLLLIVLLGTL,Mutant,,clash,,LLLFLLLGLLLGVLLGTLILI,0.4766265230998348,LLLFLLLGLLLIVLLGTLILI_2,110011001100110000,1,-58.7224,-63.2325,-58.7224,-218.912,-218.909,-240.095,-357.382,4685.27,4279.12,3616.39,12.6822,9431500.0,-67.0653,9431430.0,-58.5643,-62.6161,44.7174,-38.4887,10.9148,1.92925,1.10001,5223750.0,-69.6978,38.4736,-44.8571,9431140.0,6.5368,2.1486,1.2257,2,LLLFLLLGLLLIVLLGTLILI,0.1788632614590219,0.0032760735642057,D,14,-49.04215139010128,-59.11792320652446,-14.157827337408213,-31.13119194303759,139.52565437063677,92.16482765886757,-8.50099999999999,0.0,21.182999999999993,406.15000000000055,-0.02093069063154002,0.0,0.052155607534162166,0.031225409331527718
GLLLIFLLGVLLGTL,Mutant,,clash,,LLLGLLLGFLLGVLLGTLILI,0.60576066963531,LLLGLLLIFLLGVLLGTLILI_2,110011001100110000,1,-58.7181,-69.5081,-58.7181,-215.494,-208.956,-237.547,-348.571,4495.23,3875.06,3411.49,12.6913,23319.4,-61.6673,23249.3,-52.3065,-81.7465,60.9232,-39.5243,9.16422,6.98661,6.40046,21924.5,-81.7407,58.0906,-35.0,22970.9,6.5862,6.60334,5.9747,2,LLLGLLLIFLLGVLLGTLILI,0.5183986997078363,0.0008533483506787,D,14,-44.526783296713496,-56.75792361455289,-41.3342536885852,-54.269306271234,-46.11536786312925,-57.996245443501785,-9.360799999999998,0.0,22.052999999999997,620.1699999999996,-0.015093925859038656,0.0,0.03555960462453845,0.020464227550510358
ALLLLLLLGTLLGFL,Mutant,,clash,,LLLALLLGLLLGTLLGFLILI,0.9798682212416562,LLLALLLLLLLGTLLGFLILI_2,110011001100110000,1,-58.7075,-66.8422,-58.7075,-210.336,-210.776,-239.415,-360.808,4595.28,3974.32,3395.86,13.7905,67500.9,-77.9743,67417.7,-62.6858,-79.7316,38.3349,-32.0121,9.54303,3.63496,2.70998,61724.2,-73.8055,53.1891,-35.1152,67140.1,6.5108,4.75136,4.0492,2,LLLALLLLLLLGTLLGFLILI,0.1535148195666277,0.0010860810682512,D,16,-15.657521144294728,-27.31755085261541,-23.023305447999068,-33.66504324729004,-39.92864369145356,-48.23328221618893,-15.288499999999999,0.0,29.07899999999998,620.9599999999996,-0.0246207485184231,0.0,0.046829103323885596,0.022208354805462523
ALLLIFLLGILLGTL,Mutant,,clash,,LLLALLLGFLLGILLGTLILI,0.8493912223269333,LLLALLLIFLLGILLGTLILI_0,110011001100110000,1,-58.7265,-67.6681,-58.7265,-218.091,-213.07,-239.366,-355.521,4501.91,3986.51,3525.28,14.0313,51484.9,-64.6719,51410.1,-57.4286,-68.7416,51.931,-44.9571,9.53813,3.82192,3.10088,50565.4,-68.1464,52.7276,-38.529,51129.4,6.6534,3.84019,3.1311,0,LLLALLLIFLLGILLGTLILI,0.2846213184800623,0.0004053193505237,D,14,-78.88787916477426,-85.01901149840113,-73.65614421262374,-81.30661510898636,-80.62978955974565,-86.25505688680859,-7.243299999999991,0.0,21.275000000000006,515.3999999999996,-0.01405374466433837,0.0,0.04127861854870008,0.027224097788125748
ALLLILLLGTLLAFL,Mutant,,clash,,LLLALLLGLLLGTLLAFLILI,0.8121098425644446,LLLALLLILLLGTLLAFLILI_0,110011001100110000,1,-58.6918,-65.8991,-58.6918,-213.986,-213.245,-240.583,-361.82,4587.5,3969.05,3526.81,14.1284,27235.1,-75.0135,27152.4,-62.5448,-76.0225,56.5715,-41.7836,9.20484,5.54053,4.8891,27225.5,-77.6236,58.3724,-37.459,26873.2,6.7222,6.02381,5.3994,0,LLLALLLILLLGTLLAFLILI,0.2227723913431639,0.0013065747494056,D,14,-66.28431761801954,-71.18027872344143,-62.6052521737116,-68.03546203363179,-69.57584379586365,-73.99383195203222,-12.468699999999991,0.0,26.59700000000001,618.4499999999998,-0.02016120947530115,0.0,0.043005901851402725,0.022844854070660527
YLLLLALLGFLLATL,Mutant,,clash,,LLLYLLLGALLGFLLATLILI,1.0809975546810096,LLLYLLLLALLGFLLATLILI_0,110011001100110000,1,-58.6881,-66.4281,-58.6881,-216.671,-216.404,-247.221,-350.108,4685.42,4167.25,3620.05,14.769,2989100.0,-59.9801,2989030.0,-44.1988,-64.5876,59.3248,-41.5733,9.4804,4.19698,3.58685,1792790.0,-70.2206,60.1674,-40.1718,2988750.0,6.5,5.15569,4.5582,0,LLLYLLLLALLGFLLATLILI,0.1372560306682133,0.0013340511826583,D,17,-68.60262884396118,-66.50356642341852,-64.318647143985,-61.93318033143055,-74.16918539279226,-72.44227354515606,-15.781300000000002,0.0,30.55000000000001,518.1700000000001,-0.030455834957639382,0.0,0.058957484995271835,0.028502228998205217
AVLLLFLLGILLSLL,Mutant,,clash,,LLLAVLLGFLLGILLSLLILI,1.0359148993052476,LLLAVLLLFLLGILLSLLILI_0,110011001100110000,1,-60.3387,-62.5698,-60.3387,-216.536,-216.154,-242.571,-366.955,4577.39,4105.21,3610.46,15.2323,7590.66,-74.8475,7502.43,-64.0454,-86.8134,42.9294,-34.0759,10.6296,5.31748,4.46142,7571.09,-78.8188,59.0852,-37.4413,7223.71,7.5,6.29932,5.6856,0,LLLAVLLLFLLGILLSLLILI,0.1991630957632753,0.0012423252987335,D,16,-94.92220280400171,-96.18842379721578,-93.54576108972968,-95.15521741261,-95.99963398671328,-96.99718218153988,-10.802099999999996,0.0,26.034999999999997,472.1800000000003,-0.02287708077428097,0.0,0.05513787115083227,0.03225951967470031
GLLLILLLGTLLGFL,Mutant,,clash,,LLLGLLLGLLLGTLLGFLILI,1.137302796607648,LLLGLLLILLLGTLLGFLILI_0,110011001100110000,1,-58.6416,-68.4195,-58.6416,-209.465,-210.347,-239.75,-353.898,4541.69,3937.54,3443.14,16.3246,22002.8,-69.4675,21927.6,-55.5067,-71.9964,59.1768,-42.1046,8.66939,5.28833,4.67598,21925.3,-81.7407,58.0906,-35.0,21648.9,6.5862,6.60334,5.9747,0,LLLGLLLILLLGTLLGFLILI,0.0284601787249504,7.165263136288925e-05,D,14,-36.652737500700646,-47.314094664778,-38.87927786964049,-49.16590783672545,-39.800494769492936,-49.93208374494832,-13.960799999999999,0.0,30.284999999999997,604.1499999999996,-0.023108168501200045,0.0,0.050128279400811084,0.027020772986841034
FVLLTLLLLLLLGAL,Mutant,,clash,,LLLFVLLTLLLGLLLGALILI,0.8338912379597058,LLLFVLLTLLLLLLLGALILI_2,110011001100110000,1,-58.8313,-60.4789,-58.8313,-221.487,-219.677,-243.319,-366.384,4689.08,4228.02,3672.54,16.4205,571741.0,-69.6451,571655.0,-64.233,-46.704,56.0365,-43.3167,10.2803,1.07052,0.411065,464521.0,-40.5686,62.7854,-41.894,571374.0,7.0908,1.06132,0.503101,2,LLLFVLLTLLLLLLLGALILI,0.0901385137883226,0.0016952710930479,D,16,-33.725312649778694,-46.95739350353988,-43.6804908520876,-54.92496937752014,-38.79755937135916,-51.01694018210832,-5.412099999999995,0.0,21.831999999999994,461.0599999999995,-0.011738385459593114,0.0,0.04735175465232295,0.035614670541795033
ALLLLTLLGYLLGFL,Mutant,,clash,,LLLALLLGTLLGYLLGFLILI,0.9563236004186536,LLLALLLLTLLGYLLGFLILI_0,110011001100110000,1,-58.6707,-58.53,-58.7311,-211.116,-212.727,-242.306,-347.507,4594.33,4160.33,3446.28,20.7013,222914.0,-57.0185,222838.0,-46.4693,-83.5992,38.4031,-31.5529,10.7434,4.2243,3.30034,141038.0,-77.9303,55.657,-35.0,222566.0,7.3057,5.70324,5.0381,0,LLLALLLLTLLGYLLGFLILI,0.4168818705651775,0.0004488374308423,D,16,-25.423850268566245,-42.55211601604786,-27.553641167051403,-44.19274751669345,-35.61067587793747,-50.39928401653321,-10.549200000000006,0.06040000000000134,31.189999999999998,434.0,-0.024306912442396328,0.0001391705069124455,0.0718663594470046,0.04769884792626728
ALLLLTLLGLLLGFL,Mutant,,clash,,LLLALLLGTLLGLLLGFLILI,0.9780439414948708,LLLALLLLTLLGLLLGFLILI_0,110011001100110000,1,-51.607,-55.7731,-58.6905,-207.589,-213.828,-239.422,-361.08,4558.55,4105.79,3366.13,22.4118,1134340.0,-79.4716,1134250.0,-62.967,-72.3296,24.6572,-35.6105,9.80375,0.678168,-0.451974,1058080.0,-63.8279,50.3554,-37.6016,1133980.0,6.5149,2.87217,2.1275,0,LLLALLLLTLLGLLLGFLILI,0.2793660342461275,0.0014452795829259,D,16,-4.0113709916846405,-20.40607275281484,-14.149661235729392,-28.812759507612025,-23.481667713042896,-36.55087445205202,-16.504599999999996,7.083500000000001,31.833,452.7600000000002,-0.03645330859616571,0.015645154165562322,0.07030877285979323,0.04950039756162203
YLLLASLLLTLLTFL,Mutant,,clash,,LLLYLLLASLLGTLLTFLILI,-0.0566808269530033,LLLYLLLASLLLTLLTFLILI_0,110011001100110000,1,-87.832,-63.1755,-87.832,-222.732,-231.082,-253.713,-381.005,4713.08,4385.63,3751.1,22.7448,5121920.0,-47.6966,5121830.0,-39.4599,-51.8413,63.3205,-49.8793,10.0394,2.82446,2.27427,4308380.0,-63.9595,61.7605,-42.8864,5121540.0,6.8445,4.43159,3.858,0,LLLYLLLASLLLTLLTFLILI,0.0987283583921794,0.0015524432347304,D,17,30.927373612045457,9.537447824418331,-11.731577051815195,-26.15220555878505,-3.384831110116119,-19.169087950379723,-8.236699999999999,0.0,30.980999999999995,327.4499999999998,-0.02515406932356086,0.0,0.09461291800274854,0.0694603756298672
TLLLGILLGLLLLFL,Mutant,,clash,,LLLTLLLGILLGLLLGFLILI,1.36768082715748,LLLTLLLGILLGLLLLFLILI_2,110011001100110000,1,-51.1921,-56.1731,-44.942,-235.309,-228.804,-247.004,-363.97,4606.07,3678.62,3449.12,45.6771,470659.0,-31.7922,470580.0,-72.0242,-81.699,52.2165,-47.2185,7.84185,5.80407,5.08732,418172.0,-88.5873,34.12,-39.5515,470295.0,7.2522,4.3943,3.4061,2,LLLTLLLGILLGLLLLFLILI,0.2170811660035286,0.000504496075693,D,17,-51.15934415953557,-57.46944654064568,-47.59370885270573,-54.364483259050125,-49.72114016116792,-56.21705524930363,40.23199999999999,-6.250100000000003,11.694999999999993,927.4499999999998,0.04337915790608658,-0.006739015580354741,0.012609844196452634,0.04925020216723275
TYLLLILLLGLLAFL,Mutant,,clash,,LLLTYLLLILLGGLLAFLILI,0.2571225535198433,LLLTYLLLILLLGLLAFLILI_1,110011001100110000,1,-44.9864,-47.7109,-44.9864,-237.136,-236.885,-253.241,-353.623,4736.23,3880.27,3717.23,54.4846,123498000.0,-17.0161,123498000.0,-55.3958,-43.4687,67.8224,-30.4425,10.247,2.17632,1.69365,66629800.0,-46.4862,53.7665,-40.4228,123494000.0,7.4327,0.731402,0.0378989,1,LLLTYLLLILLLGLLAFLILI,0.1075285094988275,0.0004458816410502,D,17,-64.43749019201044,-75.60254077492378,-61.772648317562286,-73.77434104087357,-66.5456268964711,-77.04881606780005,38.3797,0.0,16.105000000000018,855.9599999999996,0.04483819337352215,0.0,0.018815131548203218,0.06365320809383619
YALLALLLIVLLSTL,Mutant,,clash,,LLLYALLALLLGVLLSTLILI,0.1176880507120095,LLLYALLALLLIVLLSTLILI_1,110011001100110000,1,-69.9492,-64.4943,-74.1828,-239.472,-231.32,-249.136,-377.754,4647.56,3942.92,3693.41,115.861,1115140.0,47.5279,1115060.0,-54.4349,-82.0254,60.5007,-33.979,8.95217,6.97141,6.37892,12193.1,-72.2819,58.8241,-37.2216,13219.6,7.0527,5.28354,4.6659,1,LLLYALLALLLIVLLSTLILI,0.1670721650851623,0.0009679428628951,D,15,-25.180796311254834,-36.642609759056285,-27.40688011935213,-38.52767206372077,-21.27307397238727,-33.33352496570759,101.9628,4.233599999999996,9.663999999999987,704.6400000000003,0.14470197547683916,0.006008174386920972,0.013714804722979085,0.16442580608537685
ALLLGILLGVLLLTL,Mutant,,clash,,LLLALLLGILLGVLLGTLILI,0.1673248658989968,LLLALLLGILLGVLLLTLILI_1,110011001100110000,1,-67.4336,-69.9282,-58.7478,-221.879,-194.786,-237.052,-368.831,4505.05,3576.79,3499.25,119.095,4064760.0,39.5758,4064660.0,-73.0312,-76.9049,55.2606,-49.3915,7.08616,5.49592,4.82483,3822170.0,-86.55,35.742,-43.5248,3840980.0,6.8226,4.30767,3.3438,1,LLLALLLGILLGVLLLTLILI,0.9513404608839676,0.001308342387275,D,16,-33.589385738431346,-41.63195720618896,-25.88530182282608,-34.860866399799875,-14.15110161568206,-24.547721318139686,112.607,-8.6858,15.173000000000002,928.2600000000002,0.1213097623510654,-0.009357076681102276,0.016345635920970415,0.12829918341843877
ALLLGLLLLVLLGTL,Mutant,,clash,,LLLALLLGLLLGVLLGTLILI,0.8622805498405228,LLLALLLGLLLLVLLGTLILI_0,110011001100110000,1,-58.7166,-68.7725,-58.7166,-222.558,-214.968,-237.057,-371.602,4551.42,4046.12,3435.32,173.431,3040150.0,83.103,3040060.0,-75.8293,-80.8557,59.9808,-56.8748,8.79308,6.72577,6.12549,3033930.0,-78.1087,59.6093,-35.0,3039780.0,6.7754,6.26356,5.6577,0,LLLALLLGLLLLVLLGTLILI,0.3621521235793781,0.000710475751794,D,16,32.02936989679997,21.4642371363073,5.324826896998609,-3.103379493840723,0.8833162288535198,-7.189475681838128,158.9323,0.0,14.498999999999995,505.3000000000002,0.3145305758955075,0.0,0.028693845240451196,0.34322382742924984
TVLLALLLGLLLIFL,Mutant,,clash,,LLLTVLLALLLGLLLGFLILI,0.1648796519509783,LLLTVLLALLLGLLLIFLILI_1,110011001100110000,1,-46.2858,-44.9939,-44.9939,-234.224,-226.746,-246.117,-362.32,4608.17,3578.36,3483.42,199.768,9988180.0,117.958,9988090.0,-71.2089,-69.3514,56.3232,-43.3659,7.21964,4.50634,3.85119,9431180.0,-72.6874,32.4259,-40.8381,9987790.0,7.0033,1.78061,0.766999,1,LLLTVLLALLLGLLLIFLILI,0.2903185836359399,0.0013404847716461,D,15,-17.142812732309835,-31.3305050853242,-19.73533710942448,-33.47910975561413,-20.935332581343754,-34.47362918927981,189.1669,-1.2919000000000054,11.893,1029.81,0.18369106922636216,-0.0012545032578825273,0.011548732290422506,0.19398529825890215
TFLLAILLGLLLIVL,Mutant,,clash,15.0,LLLTFLLAILLGLLLGVLILI,0.3839847114305554,LLLTFLLAILLGLLLIVLILI_1,110011001100110000,1,-47.5606,-47.5433,-44.9455,-226.753,-232.746,-247.8,-356.186,4624.86,3608.24,3611.72,336.309,9107.0,254.436,9031.1,-63.4408,-59.9673,55.7524,-35.0745,7.08509,3.02167,2.35796,1368.53,-62.6538,43.9976,-40.9419,781.396,6.5,1.83774,0.997703,1,LLLTFLLAILLGLLLIVLILI,0.3179161475302516,0.0009482585534736,D,15,-37.08705370674059,-46.28347916054194,-33.57173960416528,-43.28202311097113,-34.83424331396927,-44.35997782193728,317.8768,-2.615099999999998,21.047000000000025,1016.6199999999999,0.31268005744525984,-0.0025723475831677506,0.020702917510967745,0.3308109224685724
TFLLAVLLGLLLIYL,Mutant,,clash,,LLLTFLLAVLLGLLLGYLILI,0.4244529078775714,LLLTFLLAVLLGLLLIYLILI_1,110011001100110000,1,-47.5202,-49.3953,-44.9219,-226.214,-228.87,-250.822,-348.416,4663.27,3663.24,3574.63,341.182,925.441,266.501,855.291,-52.672,-63.8963,55.4906,-38.4559,7.42223,3.57569,2.90805,914.21,-64.6051,48.7376,-45.0,782.26,6.7648,2.77034,2.0014,1,LLLTFLLAVLLGLLLIYLILI,0.2112309591815944,0.0010303865852078,D,15,3.254402204013048,-11.597040152323917,-7.260378493272944,-20.59944310994974,10.423142958808024,-5.459404491498709,319.173,-2.598300000000002,24.608000000000004,1000.0300000000007,0.3191634250972469,-0.0025982220533384,0.024607261782146523,0.34117176484705436
TALLLFLLGILLGLL,Mutant,,clash,,LLLTALLAFLLGILLGLLILI,0.839105695379463,LLLTALLLFLLGILLGLLILI_0,110011001100110000,1,-47.2117,-50.9477,-44.9899,-224.926,-219.317,-243.269,-353.903,4571.38,3623.54,3445.86,1013.18,13479.8,931.411,13396.2,-65.6435,-80.5616,62.2095,-37.717,7.51685,6.98252,6.41567,11171.9,-77.6262,50.1878,-35.0,13125.9,7.3742,4.91928,4.1721,0,LLLTALLLFLLGILLGLLILI,0.2693627088516747,0.0012919234917372,D,17,-74.42992985848332,-80.03913028271829,-66.50401586940664,-73.85189123132957,-75.37392355588483,-80.77604399095144,997.0545,-2.2218000000000018,18.343000000000018,947.8400000000001,1.0519227928764345,-0.002344066509115464,0.019352422349763688,1.0689356853477379
FVLLILLLIALLGTL,Mutant,,clash,,LLLFVLLILLLGALLGTLILI,0.0123860196204498,LLLFVLLILLLIALLGTLILI_2,110011001100110000,1,-58.7747,-70.0769,-58.7747,-215.217,-222.328,-241.665,-360.029,4637.28,3802.33,3660.25,1095.48,558996000.0,1009.44,558996000.0,-59.5892,-41.4032,62.0488,-35.7008,8.10679,1.08708,0.517808,29852300.0,-48.7389,54.7657,-43.6502,31807200.0,6.8404,1.20421,0.525696,2,LLLFVLLILLLIALLGTLILI,0.1880618334141352,0.0010995121326668,D,14,-37.68513169776756,-50.06969848734991,-40.716814124230815,-52.49885900342037,-38.7171828829127,-50.89663800041856,1069.0292,0.0,26.44799999999998,834.9499999999998,1.2803511587520213,0.0,0.03167614827235162,1.3120306605185943
ALLLGLLLLTLLGFL,Mutant,,clash,,LLLALLLGLLLGTLLGFLILI,0.9619299408732016,LLLALLLGLLLLTLLGFLILI_1,110011001100110000,1,-44.9574,-44.9574,-58.7075,-226.454,-222.937,-239.488,-360.633,4588.81,4140.83,3380.73,1586.81,594877.0,1497.59,594784.0,-62.4374,-81.4129,47.453,-66.8513,7.93127,5.11809,4.32988,569743.0,-73.8055,53.1891,-35.1152,585831.0,6.5108,4.75136,4.0492,1,LLLALLLGLLLLTLLGFLILI,0.1714530999350824,0.0011430974315937,D,16,78.87538430108675,60.57635089834052,21.33838334497424,8.925411383848898,34.391168015749365,20.642890229159946,1560.0274,13.750100000000003,13.033999999999992,447.9800000000005,3.4823594803339395,0.03069355774811373,0.029095048886110936,3.542144738604398
STLLLALLGFLLALL,Mutant,,clash,,LLLSTLLGALLGFLLALLILI,0.947997431906294,LLLSTLLLALLGFLLALLILI_0,110011001100110000,1,-47.6577,-51.0048,-44.9255,-209.526,-219.249,-252.505,-359.374,4612.78,3536.04,3576.01,1629.03,49777.4,1526.84,49688.3,-61.9433,-67.0336,62.8592,-32.1676,6.88004,5.04103,4.48392,43652.1,-68.8242,63.6738,-35.7825,49418.0,6.5843,5.41959,4.8747,0,LLLSTLLLALLGFLLALLILI,0.4147255906925655,0.0006239326485146,D,16,-97.76093300985646,-98.08970291977326,-97.09681909978508,-97.52310314007396,-98.31079834505768,-98.55882963593528,1588.7832999999998,-2.732199999999999,42.978999999999985,1076.7399999999998,1.47554962200717,-0.002537474227761576,0.03991585712428255,1.5129279120307597
TALLLVLLGLLLSFL,Mutant,,clash,,LLLTALLGVLLGLLLSFLILI,0.6462033284190722,LLLTALLLVLLGLLLSFLILI_1,110011001100110000,1,-60.3105,-60.3105,-60.3105,-231.381,-228.842,-245.031,-370.425,4566.18,3956.23,3560.92,5991.09,98082.8,5912.35,98001.6,-65.0834,-93.0665,34.781,-49.929,8.31418,5.1554,4.17712,41104.6,-98.0401,23.7539,-36.4478,108892.0,7.5,4.41279,3.2691,1,LLLTALLLVLLGLLLSFLILI,0.3848303975648804,0.0012880335038431,D,17,-96.65750530685114,-96.86788090740257,-95.42847295733044,-95.716203480586,-97.1699959265723,-97.3481155232109,5977.433400000001,0.0,13.650000000000006,609.9500000000003,9.79987441593573,0.0,0.022378883515042216,9.822264120009832
TYLLVLLLLALLGWL,Mutant,,clash,,LLLTYLLVLLLGALLGWLILI,0.4114085316615434,LLLTYLLVLLLLALLGWLILI_0,110011001100110000,1,-48.1992,-50.9849,-44.9494,-240.809,-237.925,-256.834,-364.801,4725.99,3924.5,3563.1,6349.76,19419000.0,6273.96,19418900.0,-63.0178,-50.45,61.247,-54.6848,7.75585,2.33585,1.75455,13502400.0,-48.7389,54.7657,-43.6502,19418600.0,6.8404,1.20421,0.525696,0,LLLTYLLVLLLLALLGWLILI,0.0910271552899188,0.0013308976050481,D,17,-81.01988622412998,-84.33058940018114,-78.07345247873114,-81.89810239262103,-83.15694345169213,-86.09487951821797,6336.9778,-3.2498000000000005,16.025000000000006,801.4899999999998,7.906496400454156,-0.004054698124742668,0.019994011154225267,7.92244444721706
LFLLAILLLTLLGVL,Mutant,,clash,,LLLLFLLAILLGTLLGVLILI,0.3796273934078523,LLLLFLLAILLLTLLGVLILI_2,110011001100110000,1,-58.7231,-51.6322,-58.7231,-222.866,-221.58,-241.918,-360.392,4601.26,4070.29,3510.47,6496.44,435131.0,6417.63,435043.0,-59.7512,-57.7133,49.3086,-52.1303,8.66859,1.81365,1.05328,340204.0,-62.6136,40.7304,-39.3075,386421.0,7.2265,1.39064,0.501596,2,LLLLFLLAILLLTLLGVLILI,0.0563680714681994,0.002071219372109,D,16,-41.160250100381845,-48.17868161249122,-45.32294229963755,-51.84484603662364,-45.00591326263733,-51.56563236402133,6477.3812,0.0,19.051999999999992,530.9700000000003,12.199147221123598,0.0,0.03588149989641596,12.235041527769924
TLLLLLLLGYLLAFL,Mutant,,clash,,LLLTLLLGLLLGYLLAFLILI,0.8425352931526976,LLLTLLLLLLLGYLLAFLILI_0,110011001100110000,1,-44.9618,-47.4779,-44.9618,-232.973,-233.982,-249.243,-356.993,4661.31,3957.14,3626.32,6706.12,382740.0,6627.06,382665.0,-62.7881,-96.0838,36.2963,-43.8954,8.73036,5.81257,4.85702,164201.0,-93.4365,38.3915,-39.9749,382384.0,7.3305,5.69833,4.7742,0,LLLTLLLLLLLGYLLAFLILI,0.3079524853483967,0.0020611427277911,D,17,-67.89688122525021,-77.42974536809048,-65.97669641465997,-76.07975004771573,-69.32667262177557,-78.43496720078895,6689.8481,0.0,16.269999999999982,704.1700000000005,9.500331028018795,0.0,0.02310521606998306,9.523438942300858
TVLLLLLLGALLSFL,Mutant,,clash,,LLLTVLLGLLLGALLSFLILI,0.4455045973731451,LLLTVLLLLLLGALLSFLILI_0,110011001100110000,1,-60.2903,-62.3479,-60.2903,-221.802,-223.488,-243.634,-369.137,4572.59,3935.88,3718.49,6770.34,402880.0,6683.3,402797.0,-65.2122,-97.8722,34.1442,-45.5885,8.60361,5.79029,4.80245,323341.0,-101.046,32.942,-43.0962,402511.0,7.3877,6.10407,5.0982,0,LLLTVLLLLLLGALLSFLILI,0.1497534399847862,0.0003566780732339,D,17,-79.28754226930208,-80.21437818115787,-74.32007433037082,-75.46919326323042,-80.64517556065233,-81.51126043533452,6748.5122,0.0,21.831999999999994,636.71,10.599035981844168,0.0,0.03428876568610512,10.633318151120603
AILLGVLLLLLLGFL,Mutant,,clash,,LLLAILLGVLLGLLLGFLILI,1.1586852606708329,LLLAILLGVLLLLLLGFLILI_2,110011001100110000,1,-49.4424,-56.3041,-44.9261,-231.935,-215.235,-238.669,-350.289,4551.83,3839.88,3502.55,6864.44,195594000.0,6795.53,195594000.0,-66.6947,-87.8573,42.564,-61.8498,6.61528,5.42473,4.56319,10576000.0,-83.7055,31.7125,-44.5563,9610430.0,7.4442,3.33701,2.3127,2,LLLAILLGVLLLLLLGFLILI,0.0067524716232772,0.0014466472645813,D,16,-5.050099350216721,-11.01982208046002,-13.523613467866769,-18.960586511306804,-3.5672927375306114,-9.630242993866403,6862.2247,-4.516300000000001,6.734000000000009,711.9499999999998,9.638632909614442,-0.006343563452489645,0.00945852939110894,9.641744504529814
TLLLLLLLGVLLAIL,Mutant,,clash,,LLLTLLLGLLLGVLLAILILI,0.8888295164215121,LLLTLLLLLLLGVLLAILILI_0,110011001100110000,1,-44.9259,-47.4448,-44.9259,-224.2,-228.941,-243.921,-378.034,4583.53,3848.81,3643.65,6923.4,448725.0,6814.49,448624.0,-89.1872,-95.1749,32.9267,-44.3688,8.24239,5.22134,4.21524,429813.0,-95.5773,36.118,-40.2012,448347.0,6.9567,5.71253,4.7543,0,LLLTLLLLLLLGVLLAILILI,0.2313244722853258,0.000423045608867,D,17,-64.08930458888655,-71.53117430523818,-61.6035568997234,-69.56055477604795,-67.3508339343286,-74.11680817756373,6903.6772,0.0,19.721000000000004,734.7199999999998,9.396337652439026,0.0,0.02684151785714287,9.42318162020906
TFLLLILLGVLLGLL,Mutant,,clash,,LLLTFLLGILLGVLLGLLILI,1.0543724248607411,LLLTFLLLILLGVLLGLLILI_2,110011001100110000,1,-44.9305,-51.0087,-44.9305,-216.172,-218.015,-245.308,-353.298,4646.6,3819.97,3573.41,6943.66,2314440.0,6851.47,2314350.0,-63.0595,-93.083,35.4732,-44.4259,8.26687,5.25134,4.28344,1055340.0,-92.5815,39.7325,-40.3169,2314110.0,6.7382,5.75111,4.8471,2,LLLTFLLLILLGVLLGLLILI,0.3003023946138596,0.0001613652049221,D,17,-72.96491073738743,-82.16453609455,-67.8748842245561,-78.80656737228901,-73.96975639593337,-82.82744821958333,6914.529500000001,0.0,29.135999999999996,826.6300000000006,8.36472121747335,0.0,0.03524672465310959,8.399961288605537
YFLLGTLLLILLALL,Mutant,,clash,,LLLYFLLGTLLGILLALLILI,0.9963917528944932,LLLYFLLGTLLLILLALLILI_1,110011001100110000,1,-55.4155,-66.8675,-58.7545,-248.791,-240.816,-252.214,-356.021,4770.76,3755.38,3564.29,7941.72,1717280.0,7889.9,1717230.0,-45.0524,-77.3288,53.1997,-48.9976,5.77573,5.28128,4.57928,807096.0,-62.6538,43.9976,-40.9419,804229.0,6.5,1.83774,0.997703,1,LLLYFLLGTLLLILLALLILI,0.0562196613134872,0.0003721809648163,D,17,-36.35143842738695,-54.939882298167305,-39.79327602470331,-57.37653763512627,-39.84550622268951,-57.413514101062,7934.952399999999,3.3389999999999986,3.423000000000002,1015.3800000000001,7.814761370127439,0.0032884240382910815,0.003371151687053124,7.821426461029367
TALLGVLLLLLLGFL,Mutant,,clash,,LLLTALLGVLLGLLLGFLILI,1.0825921669218057,LLLTALLGVLLLLLLGFLILI_1,110011001100110000,1,-52.7572,-45.695,-44.9633,-232.602,-226.269,-243.525,-352.075,4580.68,3758.97,3601.08,8589.34,2047390.0,8522.63,2047310.0,-63.5864,-79.3252,51.6712,-54.1274,5.93288,5.3744,4.64947,1944330.0,-73.5676,38.1677,-45.0,2113790.0,6.5,2.68778,1.7603,1,LLLTALLGVLLLLLLGFLILI,0.1047647745639167,0.0012467697493238,D,17,-4.238297154161746,-24.393191411388027,-12.692561974862492,-31.06809341355033,9.52446171264715,-13.527070150269866,8586.2164,-7.793900000000001,10.923000000000002,821.7100000000005,10.449205194046554,-0.00948497645154616,0.013293010916259989,10.453006535152298
AFLLGVLLLILLGLL,Mutant,,clash,,LLLAFLLGVLLGILLGLLILI,1.156388332005503,LLLAFLLGVLLLILLGLLILI_0,110011001100110000,1,-44.9468,-49.6397,-44.9468,-223.953,-222.266,-239.897,-348.897,4625.24,3970.56,3703.09,9050.15,1979340.0,8970.15,1979270.0,-64.0527,-73.6241,35.297,-50.5747,8.48155,2.30872,1.33817,1414910.0,-69.6978,38.4736,-44.8571,1979000.0,6.5368,2.1486,1.2257,0,LLLAFLLGVLLLILLGLLILI,0.238211247088326,4.626499183641013e-05,D,16,-29.82776441250526,-43.79875106980688,-28.33979924320857,-42.607033288850175,-28.329144435545988,-42.59849980701459,9034.2027,0.0,15.943999999999988,654.6799999999998,13.799417578053403,0.0,0.02435388281297732,13.823776501496917
YVLLGLLLLTLLAFL,Mutant,,clash,,LLLYVLLGLLLGTLLAFLILI,0.2188953778406913,LLLYVLLGLLLLTLLAFLILI_1,110011001100110000,1,-48.6355,-50.6365,-58.6969,-235.018,-222.424,-250.399,-355.028,4701.65,3743.41,3631.68,9435.41,843615000.0,9364.03,843615000.0,-45.9318,-68.9616,70.5953,-32.4937,7.84196,6.37461,5.93354,1057930.0,-67.743,51.6604,-38.5819,2859880.0,7.1139,3.6356,2.91051,1,LLLYVLLGLLLLTLLAFLILI,0.0068103560413386,0.0008324432833651,D,17,20.376185258746844,5.963831063852925,-10.881379059601327,-21.551339464084137,10.807208553570364,-2.4594748322573468,9409.961800000001,10.061399999999999,15.381,958.2399999999998,9.820046961095345,0.010499874770412424,0.016051302387710808,9.846604191016866
AYLLGFLLLTLLGLL,Mutant,,clash,,LLLAYLLGFLLGTLLGLLILI,0.9627503282914148,LLLAYLLGFLLLTLLGLLILI_1,110011001100110000,1,-58.6623,-51.549,-58.6623,-230.099,-226.5,-244.91,-348.398,4635.65,3898.65,3528.22,10536.2,9998690.0,10476.6,9998620.0,-44.8266,-91.6687,30.7635,-55.1362,7.67371,4.40339,3.36484,5876100.0,-91.134,25.7473,-37.6199,10062700.0,7.3707,3.64599,2.5322,1,LLLAYLLGFLLLTLLGLLILI,0.2336615637591064,0.0003955792539946,D,16,-88.94402319208001,-91.35167218233724,-85.88339237705925,-88.95755187284287,-89.46087758463747,-91.75597171176769,10521.4266,0.0,14.811000000000007,736.9999999999995,14.276019810040715,0.0,0.020096336499321597,14.29606512890096
SYLLGLLLLTLLGFL,Mutant,,clash,,LLLSYLLGLLLGTLLGFLILI,0.8760935640015652,LLLSYLLGLLLLTLLGFLILI_2,110011001100110000,1,-69.9936,-53.6073,-58.7772,-231.432,-232.922,-255.519,-358.505,4658.8,3952.01,3554.74,10715.9,4465820.0,10658.9,4465750.0,-44.2082,-88.0307,33.326,-46.7785,8.14676,4.20362,3.20351,2685660.0,-87.0744,32.7223,-38.1858,4468040.0,6.9066,3.97867,2.9695,2,LLLSYLLGLLLLTLLGFLILI,0.0132510012573851,0.0003667985836818,D,17,-89.5844452740192,-88.10043137519527,-86.56307641356932,-84.64857623721694,-90.56382893889568,-89.21935815699597,10703.108199999999,-11.2164,24.087000000000018,706.79,15.14326490188033,-0.01586949447502087,0.03407942953352484,15.16136334696303
TVLLGLLLLALLSFL,Mutant,,clash,,LLLTVLLGLLLGALLSFLILI,0.3488679516183848,LLLTVLLGLLLLALLSFLILI_0,110011001100110000,1,-60.2903,-62.3064,-60.2903,-226.069,-224.899,-243.925,-368.646,4595.27,3903.34,3710.93,10975.7,243462.0,10893.4,243380.0,-64.4309,-98.173,34.5656,-50.2184,7.94366,5.89231,4.91079,139325.0,-101.046,32.942,-43.0962,243093.0,7.3877,6.10407,5.0982,0,LLLTVLLGLLLLALLSFLILI,0.2463900857395464,0.0011740771411632,D,17,5.404594653324572,-7.335016705870441,-9.597638067570164,-20.52402093314021,-5.872641259294258,-17.249241800931998,10957.830899999999,0.0,17.856000000000023,691.9300000000003,15.836617721445803,0.0,0.0258060786495744,15.862442732646361
TVLLGLLLLFLLAIL,Mutant,,clash,,LLLTVLLGLLLGFLLAILILI,0.8862414921380616,LLLTVLLGLLLLFLLAILILI_1,110011001100110000,1,-44.9495,-45.3715,-44.9495,-230.452,-231.452,-246.314,-361.615,4595.56,3779.74,3633.07,11154.6,134479.0,11068.4,134394.0,-70.351,-84.4317,38.2744,-46.0061,8.19154,4.3318,3.40591,88969.6,-85.5593,36.5947,-45.0,135441.0,7.5,4.27418,3.3231,1,LLLTVLLGLLLLFLLAILILI,0.0923737482657324,0.0021749902794927,D,17,-42.43758451207052,-50.72918650824829,-43.45063826079164,-51.59631450986638,-38.11938148765015,-47.0330008281955,11138.751,0.0,15.861999999999995,815.8200000000006,13.653441935721105,0.0,0.01944301439042924,13.672869015223936
AFLLGILLLLLLGTL,Mutant,,clash,,LLLAFLLGILLGLLLGTLILI,1.2170651893212558,LLLAFLLGILLLLLLGTLILI_1,110011001100110000,1,-68.1557,-69.8876,-58.7892,-232.5,-218.06,-240.49,-354.654,4634.53,3626.32,3477.62,11157.5,59729900.0,11103.5,59729800.0,-55.3747,-82.5291,48.7468,-52.9038,6.51123,5.46018,4.69138,8752820.0,-80.3909,36.9211,-40.9331,5957330.0,7.1519,3.54298,2.5968,1,LLLAFLLGILLLLLLGTLILI,0.1570161249818564,0.001684539329208,D,16,-15.884015648436034,-29.11875144232682,-28.58423178499133,-39.82072662160926,-24.706229002533068,-36.55288542293865,11158.8747,-9.366499999999995,7.990000000000009,1008.2099999999996,11.068006367721015,-0.00929022723440553,0.007924936273197064,11.066642862102146
AYLLGLLLLTLLAFL,Mutant,,clash,,LLLAYLLGLLLGTLLAFLILI,0.8831450051762337,LLLAYLLGLLLLTLLAFLILI_0,110011001100110000,1,-44.983,-52.8909,-58.7534,-229.722,-225.301,-245.913,-351.361,4642.39,4174.23,3518.13,11229.0,583105.0,11152.3,583032.0,-46.6943,-74.7769,40.5074,-61.6019,7.63786,3.18503,2.29264,540060.0,-65.2452,51.3028,-41.1052,582753.0,6.5503,3.21266,2.4822,0,LLLAYLLGLLLLTLLAFLILI,0.1628556293944894,0.0007974772621241,D,16,-41.42319476186694,-50.031613102063176,-35.770380183692865,-45.209533359813605,-47.31825785190424,-55.06034063462874,11198.994299999998,13.770400000000002,16.191000000000003,468.16000000000076,23.921296778878972,0.02941387559808608,0.03458433014354062,23.98538961038957
FLLLGILLLVLLATL,Mutant,,clash,,LLLFLLLGILLGVLLATLILI,1.33679312498809,LLLFLLLGILLLVLLATLILI_2,110011001100110000,1,-58.7766,-58.7766,-58.7766,-223.893,-225.238,-240.983,-361.85,4677.89,3835.78,3603.52,11354.3,1310120.0,11275.1,1310040.0,-62.0902,-76.8001,44.4289,-40.8254,8.25645,4.01792,3.18435,1178200.0,-72.9898,49.7856,-44.4885,1371420.0,6.6061,4.16952,3.4163,2,LLLFLLLGILLLVLLATLILI,0.094189419812504,0.0006621355601777,D,16,-11.89020443587916,-20.904774112207747,-26.31063419375756,-33.84984045580611,-24.292527337035857,-32.038207405517824,11337.190200000001,0.0,17.090000000000003,842.1100000000001,13.462837634038308,0.0,0.02029426084478275,13.483155407250832
YFLLAILLLVLLGLL,Mutant,,clash,,LLLYFLLAILLGVLLGLLILI,0.2752105951696281,LLLYFLLAILLLVLLGLLILI_1,110011001100110000,1,-44.9933,-44.9933,-44.9933,-236.499,-232.713,-251.572,-346.745,4782.32,4057.29,3668.4,11489.1,260109.0,11423.8,260040.0,-50.1797,-73.3438,34.5836,-51.1779,7.62398,2.17036,1.18911,197783.0,-71.1719,34.5088,-41.0473,199018.0,6.9662,1.83447,0.852102,1,LLLYFLLAILLLVLLGLLILI,0.0076251674779993,0.0018638923987648,D,17,-22.76061932043134,-41.14768793272384,-35.039032005152485,-50.50318727327146,-26.44133242155824,-43.95219612727144,11473.9797,0.0,15.073000000000008,725.0299999999997,15.825524047280808,0.0,0.02078948457305217,15.846378770533638
YVLLGILLLTLLSLL,Mutant,,clash,,LLLYVLLGILLGTLLSLLILI,0.5498503769036356,LLLYVLLGILLLTLLSLLILI_0,110011001100110000,1,-74.0377,-74.0377,-74.0377,-242.976,-234.464,-251.448,-383.642,4661.02,3808.45,3768.11,11661.8,14819200.0,11595.2,14819100.0,-58.1565,-95.5914,39.4254,-44.1929,7.42878,6.16114,5.25252,10657000.0,-103.028,20.5579,-45.0,14818800.0,7.3039,4.72952,3.53789,0,LLLYVLLGILLLTLLSLLILI,0.0656944517892029,0.0003860952518678,D,17,-32.88949474548854,-47.14426803956076,-33.36784455954419,-47.521012775115416,-30.63965149346124,-45.37230832280443,11653.3565,0.0,8.472000000000008,852.5700000000006,13.66850405245316,0.0,0.009937013969527432,13.678407638082493
ALLLGVLLLTLLGFL,Mutant,,clash,,LLLALLLGVLLGTLLGFLILI,0.678654777469772,LLLALLLGVLLLTLLGFLILI_2,110011001100110000,1,-58.7067,-46.5145,-58.7067,-228.203,-223.421,-238.929,-354.004,4554.53,3922.35,3541.89,11678.4,2737810.0,11611.3,2737720.0,-56.3681,-100.42,33.8985,-44.6188,7.73175,6.13927,5.14774,2534100.0,-97.484,35.8407,-36.8474,2740310.0,6.7321,5.96109,4.9987,2,LLLALLLGVLLLTLLGFLILI,0.3379357351702524,0.0011311736185752,D,16,47.813291001299376,35.46773809907726,13.050004481276613,3.6079252104228208,22.440298820019304,12.213930296547725,11667.668099999999,0.0,10.725999999999999,632.1799999999998,18.456243633142464,0.0,0.01696668670315417,18.473219652630583
TYLLGVLLLLLLGFL,Mutant,,clash,,LLLTYLLGVLLGLLLGFLILI,0.9655856342158622,LLLTYLLGVLLLLLLGFLILI_1,110011001100110000,1,-44.907,-49.7147,-44.907,-232.801,-233.166,-251.765,-347.618,4685.34,4044.54,3523.22,11787.1,8694090.0,11717.2,8694020.0,-50.946,-70.6062,29.0322,-49.665,8.19205,1.01027,-0.0542444,1940590.0,-69.5064,38.1576,-45.0,2006070.0,6.5231,2.07724,1.1496,1,LLLTYLLGVLLLLLLGFLILI,0.1268980511754816,0.0004869611652926,D,17,-62.12258456412098,-73.8906282658503,-58.86754843380404,-71.64689153364363,-62.071421248268685,-73.85536075835626,11768.146,0.0,18.964,640.8000000000002,18.364772159800246,0.0,0.02959425717852683,18.394350811485637
AFLLGTLLLLLLGVL,Mutant,,clash,,LLLAFLLGTLLGLLLGVLILI,1.19199845429378,LLLAFLLGTLLLLLLGVLILI_1,110011001100110000,1,-44.9686,-63.0278,-58.7586,-226.861,-227.578,-239.035,-352.103,4631.84,3790.88,3415.44,11818.1,5927490.0,11737.8,5927430.0,-54.3101,-97.0869,33.0393,-48.6478,8.12704,5.52335,4.51894,4817680.0,-94.1397,39.8563,-36.5769,5929210.0,6.9528,6.00156,5.0994,1,LLLAFLLGTLLLLLLGVLILI,0.2366615101351777,0.0010683316996501,D,16,-20.45666499363685,-34.566174453132824,-21.59053855910756,-35.498919919101525,-14.45517348727898,-29.62923601301573,11792.1101,13.79,12.174000000000007,840.96,14.022200937024353,0.01639792617960426,0.014476312785388135,14.05310597412481
TYLLAVLLLFLLGLL,Mutant,,clash,,LLLTYLLAVLLGFLLGLLILI,0.8305008010372359,LLLTYLLAVLLLFLLGLLILI_2,110011001100110000,1,-44.9703,-48.055,-44.9703,-231.903,-229.386,-253.155,-348.628,4693.97,3832.24,3617.78,11862.7,154381.0,11790.9,154310.0,-50.5023,-74.4351,34.4257,-44.9721,8.35835,2.31272,1.32911,93418.2,-70.8524,42.5823,-40.9781,154051.0,7.4604,2.87647,2.0152,2,LLLTYLLAVLLLFLLGLLILI,0.2466653173514932,0.0007162520633139,D,17,-63.06885192000009,-65.340412893884,-56.14377688221344,-58.84128535610406,-60.53261784999133,-62.96017750340685,11841.4023,0.0,21.25200000000001,861.7300000000005,13.741429798196643,0.0,0.024662017105125732,13.766144848154287
GYLLAFLLGLLLLTL,Mutant,,clash,,LLLGYLLAFLLGLLLGTLILI,0.9649996955010712,LLLGYLLAFLLGLLLLTLILI_0,110011001100110000,1,-63.7683,-64.1785,-58.7749,-227.199,-224.222,-247.377,-351.303,4637.71,3714.75,3535.94,12022.6,317159.0,11962.3,317096.0,-45.1516,-57.7519,50.2466,-45.6003,7.10557,1.94608,1.19978,117360.0,-61.4169,47.8691,-36.8365,316807.0,7.2814,2.17486,1.3929,0,LLLGYLLAFLLGLLLLTLILI,0.474752838403798,0.0012591663418214,D,16,-71.44474967246268,-77.0788876992097,-64.28029245413207,-71.3280248423991,-68.99133781742415,-75.10955008162988,12007.451599999999,-4.993400000000001,20.177999999999997,922.96,13.00972046459218,-0.005410201958914797,0.02186226922076796,13.026133310219294
TFLLGVLLLLLLGAL,Mutant,,clash,,LLLTFLLGVLLGLLLGALILI,1.1100957200678367,LLLTFLLGVLLLLLLGALILI_0,110011001100110000,1,-55.9981,-51.8312,-44.8802,-214.525,-225.54,-243.007,-348.76,4661.73,3523.23,3479.82,12029.9,7346390.0,11951.6,7346310.0,-60.8731,-78.6825,27.2622,-43.2812,6.48715,1.98277,0.891698,5849930.0,-80.3909,36.9211,-40.9331,7346040.0,7.1519,3.54298,2.5968,0,LLLTFLLGVLLLLLLGALILI,0.2310270598319238,0.0006885656064593,D,17,-33.28435865804937,-39.40791237753744,-30.580667397626254,-36.95238179339791,-25.0657426455401,-31.94364925199952,12012.473100000001,-11.117899999999999,28.482,1138.4999999999995,10.551140184453233,-0.009765393061045237,0.025017127799736506,10.566447079490562
YTLLAILLGLLLLFL,Mutant,,clash,,LLLYTLLAILLGLLLGFLILI,0.0608894898835014,LLLYTLLAILLGLLLLFLILI_0,110011001100110000,1,-55.1531,-65.6041,-44.9683,-227.28,-230.024,-252.148,-352.191,4691.58,3777.74,3698.9,12048.2,34520.1,11978.5,34463.5,-55.0753,-74.7615,23.5786,-39.4827,6.9249,0.897323,-0.248999,34466.1,-69.661,38.6284,-44.2206,34167.9,7.0132,2.16398,1.24341,0,LLLYTLLAILLGLLLLFLILI,0.0951659453258675,0.0009955791893066,D,17,-18.0479379149461,-32.79729382173981,-31.4921593237455,-43.82188598140184,-24.90110777399566,-38.41706163123596,12033.5753,-10.184800000000003,24.867999999999995,913.8400000000001,13.168142453821236,-0.011145058215880244,0.02721264116256674,13.184146021185327
ALLLGFLLLVLLGTL,Mutant,,clash,,LLLALLLGFLLGVLLGTLILI,0.7323548325326821,LLLALLLGFLLLVLLGTLILI_0,110011001100110000,1,-59.4864,-70.2722,-58.7392,-236.291,-220.664,-238.027,-354.469,4535.11,3853.78,3334.25,12058.6,23292300.0,12000.0,23292200.0,-57.7027,-83.0698,68.1707,-50.2901,8.09502,8.16351,7.68607,17767400.0,-83.578,48.738,-35.1079,23291900.0,6.9512,5.61633,4.8474,0,LLLALLLGFLLLVLLGTLILI,0.3429742731739567,8.935925660083236e-05,D,16,25.818267591894227,15.990855748645098,2.160004249777599,-5.819508223936721,2.9328427856319554,-5.107034551830208,12057.7027,-0.7472000000000065,1.73599999999999,681.3299999999995,17.697301894823372,-0.001096678555178852,0.002547957671025775,17.698618877783172
TVLLALLLGLLLLFL,Mutant,,clash,,LLLTVLLALLLGLLLGFLILI,0.1646181395195295,LLLTVLLALLLGLLLLFLILI_1,110011001100110000,1,-49.5332,-50.7499,-44.9939,-228.12,-227.808,-246.049,-364.584,4634.05,3636.72,3474.64,12068.9,1620930.0,11982.0,1620850.0,-73.5417,-66.8166,35.6731,-48.5972,6.93684,1.33836,0.373456,1610680.0,-72.6874,32.4259,-40.8381,1622130.0,7.0033,1.78061,0.766999,1,LLLTVLLALLLGLLLLFLILI,0.2905800960673886,0.0011157152895347,D,17,-16.10015731911717,-32.74070530631342,-22.28298522388509,-37.697241943322986,-30.08477101666368,-43.95163519372986,12055.5417,-4.539300000000004,17.929000000000002,997.3300000000004,12.087816169171683,-0.004551452377848859,0.017976998586225215,12.101210231317612
AYLLAVLLGLLLLFL,Mutant,,clash,,LLLAYLLAVLLGLLLGFLILI,0.5119308924833444,LLLAYLLAVLLGLLLLFLILI_0,110011001100110000,1,-50.1532,-48.9672,-44.976,-226.093,-223.513,-245.252,-345.733,4642.05,3720.46,3465.37,12080.4,1117520.0,12010.9,1117440.0,-55.5045,-62.6123,45.0124,-44.7586,6.65126,1.96851,1.1437,764029.0,-67.1512,40.0821,-37.8379,1117170.0,6.769,1.98377,1.085,0,LLLAYLLAVLLGLLLLFLILI,0.3089137364110165,0.0010334446244562,D,16,-76.33854191939463,-77.38586034920648,-69.82385334467213,-71.15952904247432,-74.04750517421999,-75.19623092214486,12066.404499999999,-5.177199999999999,19.15900000000002,921.5900000000001,13.093028895712841,-0.005617682483533891,0.020789071061969006,13.108215149903968
ALLLGFLLLTLLGVL,Mutant,,clash,,LLLALLLGFLLGTLLGVLILI,0.9343149078601558,LLLALLLGFLLLTLLGVLILI_2,110011001100110000,1,-51.7296,-48.0505,-58.6723,-219.175,-207.97,-237.99,-354.553,4523.07,3843.78,3341.85,12175.7,7490480.0,12092.0,7490380.0,-57.8904,-88.8019,42.2524,-50.046,8.61306,5.52435,4.65814,7189230.0,-85.1121,47.6719,-35.0,7493220.0,7.4675,5.70252,4.9176,2,LLLALLLGFLLLTLLGVLILI,0.310837467599749,0.0026732085932896,D,16,18.92671116820411,2.83056083990233,-0.2212673823700556,-13.725832202204993,7.657035571442962,-6.913819129200366,12149.8904,6.942700000000002,18.814999999999998,679.2899999999995,17.88616113883615,0.010220524371034472,0.027698037656965376,17.9241561041676
TVLLAILLLLLLGFL,Mutant,,clash,,LLLTVLLAILLGLLLGFLILI,0.3532153473372207,LLLTVLLAILLLLLLGFLILI_2,110011001100110000,1,-44.91,-44.91,-44.91,-226.119,-230.665,-246.175,-361.301,4602.61,3949.57,3623.14,12182.1,365074.0,12091.9,364989.0,-70.2157,-69.0892,31.2924,-42.4956,7.6317,1.08785,0.0572331,334270.0,-63.1541,43.7872,-41.476,385901.0,6.5,1.88439,1.0412,2,LLLTVLLAILLLLLLGFLILI,0.1410866219571594,0.0014551121783043,D,17,-19.801205517332143,-37.23530566745051,-22.46959427055654,-39.32362389638271,-18.274162722424776,-36.04022069300246,12162.1157,0.0,20.05600000000001,653.0399999999995,18.623844940585585,0.0,0.030711748131814324,18.654446894524085
AYLLGLLLLTLLGFL,Mutant,,clash,,LLLAYLLGLLLGTLLGFLILI,0.8060932332079359,LLLAYLLGLLLLTLLGFLILI_2,110011001100110000,1,-54.3575,-52.725,-58.7122,-224.115,-221.312,-245.106,-348.493,4646.24,3896.58,3487.34,12287.6,187609.0,12217.6,187534.0,-44.6756,-84.3095,42.0636,-46.9428,8.0308,4.82501,3.95597,164755.0,-82.6456,43.881,-35.0,187260.0,7.5,4.82078,3.979,2,LLLAYLLGLLLLTLLGFLILI,0.1027925035153109,0.0009917530485897,D,16,-66.81882637756226,-74.05394781889079,-62.95948993283125,-71.03613579334703,-68.77731947552705,-75.58539347221074,12262.2756,4.354700000000001,20.990999999999985,749.6599999999999,16.35711602593176,0.005808900034682392,0.028000693647786984,16.390897206733722
AFLLGLLLLTLLGIL,Mutant,,clash,,LLLAFLLGLLLGTLLGILILI,1.3843075374415097,LLLAFLLGLLLLTLLGILILI_2,110011001100110000,1,-52.4125,-49.2075,-58.7594,-222.352,-220.466,-240.47,-355.98,4587.51,3757.23,3561.7,12312.8,89209.2,12231.6,89122.9,-56.7503,-87.3512,37.4177,-45.9428,7.91814,4.65408,3.71535,82386.9,-87.7841,38.6606,-35.7467,88853.3,7.5,4.88679,3.9667,2,LLLAFLLGLLLLTLLGILILI,0.2040346758056373,0.0002869373702725,D,16,-0.2725953785582109,-12.304222698746504,-14.708397512484211,-24.99841537233733,-0.6690224213199867,-12.652822742938936,12288.3503,6.346899999999998,18.117999999999995,830.2800000000002,14.800248470395525,0.007644288673700434,0.02182155417449534,14.82969600616659
AYLLGLLLLFLLGTL,Mutant,,clash,,LLLAYLLGLLLGFLLGTLILI,1.01929225572338,LLLAYLLGLLLLFLLGTLILI_0,110011001100110000,1,-61.4538,-68.9562,-58.7779,-224.901,-220.697,-244.859,-348.583,4620.44,3796.6,3474.46,12320.9,187146.0,12258.7,187087.0,-44.9456,-85.7363,49.6127,-45.7097,8.1564,6.05816,5.30235,88331.1,-85.1121,47.6719,-35.0,186798.0,7.4675,5.70252,4.9176,0,LLLAYLLGLLLLFLLGTLILI,0.1661696442705167,0.0007624847583142,D,16,-49.23595361859741,-55.164307495260765,-44.30198477939015,-50.80654003045706,-42.01077268678145,-48.78290148762849,12303.6456,-2.6758999999999986,19.958,823.8399999999997,14.934508642454851,-0.0032480821518741498,0.024225577782093617,14.955452515051471
AFLLGLLLLVLLGTL,Mutant,,clash,,LLLAFLLGLLLGVLLGTLILI,1.0412450879471384,LLLAFLLGLLLLVLLGTLILI_1,110011001100110000,1,-59.5212,-58.7316,-58.7316,-223.102,-223.62,-239.039,-352.206,4560.71,3779.61,3330.11,12326.0,32015100.0,12256.4,32015000.0,-54.4348,-86.2529,42.9955,-49.3685,8.02125,5.24233,4.38726,24970200.0,-83.578,48.738,-35.1079,32023500.0,6.9512,5.61633,4.8474,1,LLLAFLLGLLLLVLLGTLILI,0.2858251453105386,8.204538785172474e-05,D,16,1.1705861970144626,-9.377846563523333,-8.749182171939427,-18.263341893510614,2.702887460561756,-8.005308897825913,12310.8348,-0.7896000000000001,15.936999999999983,781.0999999999999,15.76089463577007,-0.0010108820893611576,0.0204032774292664,15.780309819485343
AYLLGLLLLFLLATL,Mutant,,clash,,LLLAYLLGLLLGFLLATLILI,1.8968551559938005,LLLAYLLGLLLLFLLATLILI_0,110011001100110000,1,-61.8862,-65.6127,-58.7236,-224.053,-224.748,-246.573,-353.473,4635.27,3757.85,3621.0,12365.1,52783.5,12297.6,52720.4,-48.1765,-86.6867,41.9433,-45.0935,7.6513,5.16536,4.29451,52018.3,-87.2227,45.9146,-36.9014,52430.0,7.4937,5.78188,4.9706,0,LLLAYLLGLLLLFLLATLILI,0.2947640055357797,0.0012615096241408,D,16,-62.21209951672565,-70.78647073084046,-54.84885757770556,-65.09400618133007,-56.80438457961229,-66.60580875771612,12345.7765,-3.1626000000000047,22.52000000000001,877.4200000000005,14.070543753276644,-0.003604431173212376,0.025666157598413526,14.092566843700842
TLLLGLLLLVLLGIL,Mutant,,clash,,LLLTLLLGLLLGVLLGILILI,0.935932035228304,LLLTLLLGLLLLVLLGILILI_2,110011001100110000,1,-46.108,-53.821,-44.9695,-228.705,-225.347,-244.905,-373.537,4580.52,3792.8,3550.59,12381.9,846680.0,12283.2,846585.0,-83.6618,-87.5476,37.4177,-45.3876,7.9937,4.68352,3.74479,494286.0,-85.5673,40.094,-37.7266,846306.0,7.033,4.74779,3.8492,2,LLLTLLLGLLLLVLLGILILI,0.282058738269925,0.0009485306805397,D,17,22.06874634125937,2.851555794058088,-9.224499325867969,-23.515217841117995,-12.198075181043324,-26.02066589513032,12366.8618,-1.1385000000000005,16.19999999999999,787.7200000000003,15.699565581678765,-0.0014453105164271571,0.020565683237698654,15.718656375361798
TVLLGLLLGFLLLIL,Mutant,,clash,,LLLTVLLGLLLGFLLAILILI,0.6596706625653621,LLLTVLLGLLLGFLLLILILI_1,110011001100110000,1,-44.9495,-44.9495,-44.9495,-224.032,-225.207,-245.176,-357.466,4583.86,4023.09,3608.41,12386.7,121848.0,12298.2,121761.0,-67.3404,-80.1825,24.1564,-49.2161,8.80434,1.78849,0.650835,100701.0,-85.5593,36.5947,-45.0,603800.0,7.5,4.27418,3.3231,1,LLLTVLLGLLLGFLLLILILI,0.3189445778384319,0.0010817900270067,D,17,-17.942933041382357,-32.564092684676496,-19.36562412043803,-33.733284654381194,-23.04750137872243,-36.75911463757179,12365.5404,0.0,21.143999999999977,560.7699999999995,22.051002015086418,0.0,0.03770529807229345,22.088735132050594
ALLLGILLLFLLGTL,Mutant,,clash,,LLLALLLGILLGFLLGTLILI,1.0948469106595131,LLLALLLGILLLFLLGTLILI_2,110011001100110000,1,-58.6933,-64.5205,-58.6933,-224.548,-222.055,-239.504,-355.023,4633.43,4021.14,3540.93,12396.1,775480.0,12324.4,775411.0,-56.8262,-84.3553,40.8519,-55.9644,7.95102,4.66831,3.78109,555475.0,-79.2928,46.8705,-41.4445,775125.0,6.9265,4.72144,3.9245,2,LLLALLLGILLLFLLGTLILI,0.2500558867665546,0.0005302390162522,D,16,-5.683437866491013,-18.123119552236744,-20.67387367704181,-31.13642382198889,-6.822513087998215,-19.111958878253905,12381.2262,0.0,14.955999999999989,612.2900000000004,20.221179833085614,0.0,0.024426333926734028,20.24547191690211
TLLLGLLLLYLLAFL,Mutant,,clash,,LLLTLLLGLLLGYLLAFLILI,0.6927888592388383,LLLTLLLGLLLLYLLAFLILI_0,110011001100110000,1,-46.3329,-49.643,-44.9618,-232.947,-234.394,-252.365,-357.777,4668.02,3755.75,3625.65,12482.3,134151.0,12403.8,134077.0,-60.45,-95.5573,33.2496,-43.7413,7.86315,5.32229,4.32103,113937.0,-93.4365,38.3915,-39.9749,133793.0,7.3305,5.69833,4.7742,0,LLLTLLLGLLLLYLLAFLILI,0.4576989192622561,0.0020089727496533,D,17,-21.54743084275134,-31.77602712019525,-24.85361695317584,-34.651154779572195,-31.542558434079048,-40.46799630675088,12464.25,-1.3711000000000055,19.418000000000006,912.2700000000004,13.662895853201348,-0.001502954169270068,0.021285365078321107,13.682681662227184
GLLLGLLLLTLLGFL,Mutant,,clash,,LLLGLLLGLLLGTLLGFLILI,1.0204335771827682,LLLGLLLGLLLLTLLGFLILI_0,110011001100110000,1,-51.5558,-55.2284,-58.6416,-219.85,-218.177,-239.854,-357.589,4556.74,3930.2,3417.83,12493.0,2896040.0,12406.8,2895950.0,-59.0932,-83.1883,48.2084,-45.8319,7.77556,5.48638,4.7095,1769330.0,-81.7407,58.0906,-35.0,2895680.0,6.5862,6.60334,5.9747,0,LLLGLLLGLLLLTLLGFLILI,0.1453293981498303,0.0019057293723649,D,16,126.03892729213965,112.45621628047012,27.77973787336846,20.10143540806915,60.67426140914576,51.01932238657076,12465.893199999999,7.085799999999999,20.00400000000002,626.54,19.896404379608644,0.011309413604877581,0.031927730073099916,19.939668656430555
AYLLGLLLLVLLGTL,Mutant,,clash,,LLLAYLLGLLLGVLLGTLILI,0.8096510432813114,LLLAYLLGLLLLVLLGTLILI_0,110011001100110000,1,-62.0618,-68.6706,-58.7113,-222.957,-218.983,-242.148,-358.817,4597.39,3778.51,3382.96,12528.7,2785030.0,12454.9,2784960.0,-57.9577,-81.397,40.8708,-47.1911,8.19655,4.22711,3.34018,2474800.0,-78.1031,43.7429,-35.0,2784670.0,7.2077,4.12076,3.2769,0,LLLAYLLGLLLLVLLGTLILI,0.315416926521903,0.0010165887652816,D,16,-61.71210666091598,-63.81015555699637,-54.2700416842434,-56.775890927827575,-62.9724043413833,-65.0013931266391,12512.8577,-3.3504999999999967,19.191000000000003,818.8800000000001,15.280453424189135,-0.004091564087534189,0.023435668229777256,15.299799726455646
TLLLGLLLLVLLAIL,Mutant,,clash,,LLLTLLLGLLLGVLLAILILI,0.7657381650605619,LLLTLLLGLLLLVLLAILILI_0,110011001100110000,1,-46.2991,-49.4691,-44.9259,-229.519,-229.325,-245.984,-377.974,4606.91,3739.05,3606.43,12558.3,142888.0,12456.1,142789.0,-87.0641,-92.2659,39.1499,-45.0967,7.46088,5.62511,4.71236,76229.0,-95.5773,36.118,-40.2012,142510.0,6.9567,5.71253,4.7543,0,LLLTLLLGLLLLVLLAILILI,0.354415823646276,0.0009238463688376,D,17,11.138720287468836,-5.341926581978012,-16.071991313641714,-28.51758966170634,-18.847102482336773,-30.881182440803045,12543.1641,-1.3732000000000042,16.465000000000003,867.8599999999997,14.45298101076211,-0.0015822828566819588,0.018971954001797537,14.47042149655475
ALLLGVLLLLLLGFL,Mutant,,clash,,LLLALLLGVLLGLLLGFLILI,1.251658590402425,LLLALLLGVLLLLLLGFLILI_2,110011001100110000,1,-55.8899,-44.9306,-44.9306,-235.353,-223.976,-239.785,-353.215,4594.99,3712.02,3632.43,12572.2,1341050.0,12510.2,1340970.0,-68.4988,-80.6992,48.9897,-47.5843,6.65949,5.21849,4.45333,981109.0,-77.4724,32.2036,-43.8153,2267910.0,7.0393,2.46835,1.4514,2,LLLALLLGVLLLLLLGFLILI,0.0826876307525875,0.0023389057903369,D,16,22.23356592376332,15.976581944526904,4.88237191953108,-0.4864260521661626,3.6697407787547127,-1.6369841153617517,12578.6988,-10.959299999999999,4.431999999999988,882.9699999999998,14.24589601005697,-0.012411859972592502,0.005019423083456957,14.238535850595154
YFLLATLLGVLLLLL,Mutant,,clash,,LLLYFLLATLLGVLLGLLILI,0.1944433801642754,LLLYFLLATLLGVLLLLLILI_1,110011001100110000,1,-63.5505,-64.3522,-58.7069,-228.714,-228.384,-250.695,-352.477,4764.9,3745.72,3552.08,12621.2,1351410.0,12561.0,1351350.0,-43.0756,-66.6842,34.242,-50.1141,6.94566,1.1253,0.138926,1042050.0,-72.6874,32.4259,-40.8381,1352620.0,7.0033,1.78061,0.766999,1,LLLYFLLATLLGVLLLLLILI,0.1625489185659859,0.0016572374891465,D,17,-73.14183465909723,-77.70614324531732,-65.14208655536163,-71.0658818561069,-69.87593610217189,-74.99525537642273,12604.0756,-4.843600000000002,21.980999999999995,1019.1799999999998,12.36687886339999,-0.004752448046468733,0.02156733844855668,12.383680998449737
AYLLGVLLLLLLGFL,Mutant,,clash,,LLLAYLLGVLLGLLLGFLILI,1.1033532187818536,LLLAYLLGVLLLLLLGFLILI_2,110011001100110000,1,-57.1439,-50.9636,-44.9116,-238.587,-229.241,-244.218,-340.811,4646.75,3635.51,3423.56,12625.2,12465200.0,12580.1,12465200.0,-51.682,-81.6982,52.5606,-48.7231,5.86849,5.85041,5.13881,5534170.0,-78.3342,38.1851,-39.2997,14707500.0,6.6883,3.40512,2.4779,2,LLLAYLLGVLLLLLLGFLILI,0.0961291439810909,0.0011153166723139,D,16,-56.7063781596476,-58.29502703697607,-54.13453360601177,-55.81755569096568,-58.54890328598707,-60.06994115391091,12631.782000000001,-12.232300000000002,5.631,1011.2399999999998,12.491378901151066,-0.01209633717020688,0.005568411059689096,12.48487006051976
AVLLGLLLLFLLGTL,Mutant,,clash,,LLLAVLLGLLLGFLLGTLILI,1.6095034724101902,LLLAVLLGLLLLFLLGTLILI_1,110011001100110000,1,-58.754,-58.754,-58.754,-223.63,-224.087,-238.627,-355.299,4519.21,3839.52,3668.41,12646.8,311317.0,12573.9,311244.0,-57.9186,-81.8099,41.6608,-43.3844,8.06009,4.39569,3.52061,285409.0,-80.2804,39.355,-44.6447,314038.0,7.3257,3.85498,2.9453,1,LLLAVLLGLLLLFLLGTLILI,0.2888934818123769,0.0025674823983396,D,16,-53.64961283271262,-58.10275424336495,-15.9578417696003,-24.03224282488477,92.35401062819308,73.87348300839334,12631.8186,0.0,14.997000000000014,679.69,18.584676249466668,0.0,0.0220644705674646,18.60671776839441
AYLLGTLLLFLLGLL,Mutant,,clash,,LLLAYLLGTLLGFLLGLLILI,0.96920747970078,LLLAYLLGTLLLFLLGLLILI_0,110011001100110000,1,-60.0191,-68.8972,-58.7318,-223.233,-222.268,-245.399,-348.479,4647.03,3784.25,3498.44,12656.7,310382.0,12591.5,310324.0,-44.3477,-89.3215,40.704,-47.6675,8.11332,5.39327,4.50383,279829.0,-87.9639,43.7708,-37.0981,310033.0,7.4797,5.60364,4.7602,0,LLLAYLLGTLLLFLLGLLILI,0.2447810332341599,0.0016109691309095,D,16,-55.32666421582125,-63.20640249036478,-47.30230399655265,-56.597424785936,-51.957659273389645,-60.43164189360404,12635.8477,-1.2873000000000019,22.165999999999997,862.7799999999997,14.64550372053131,-0.0014920373675792232,0.02569136975822342,14.669672454159814
YTLLGVLLGLLLLFL,Mutant,,clash,,LLLYTLLGVLLGLLLGFLILI,0.8980469429116537,LLLYTLLGVLLGLLLLFLILI_0,110011001100110000,1,-51.3715,-65.7328,-44.9603,-226.542,-225.908,-249.655,-344.098,4708.15,3863.17,3679.95,12733.3,190717.0,12667.1,190665.0,-49.4828,-77.6505,22.0321,-38.3478,6.62693,1.12192,-0.0475989,111043.0,-73.0429,33.6524,-45.0,190373.0,6.7424,1.99951,1.0043,0,LLLYTLLGVLLGLLLLFLILI,0.1092115916752944,0.001370575849561,D,17,296.4612927646788,283.3979960102328,61.26348178294335,55.94989188997948,288.84723598685486,276.03482042815,12716.5828,-6.411200000000001,23.113,844.9799999999996,15.049566616961355,-0.00758739851830813,0.02735331013751806,15.069350753864004
AFLLGLLLLTLLGVL,Mutant,,clash,,LLLAFLLGLLLGTLLGVLILI,1.2474414220450822,LLLAFLLGLLLLTLLGVLILI_2,110011001100110000,1,-51.5549,-57.6459,-58.6456,-224.073,-217.376,-239.011,-352.433,4564.53,3785.38,3377.32,12764.7,1075820000.0,12687.9,1075820000.0,-54.7759,-74.6223,44.4452,-44.4019,8.49812,3.69345,2.86013,8391770.0,-70.7932,46.6401,-35.0,12671200.0,7.2306,3.4154,2.615,2,LLLAFLLGLLLLTLLGVLILI,0.2119312817365102,0.0004315073813009,D,16,5.286033090936254,-7.353527633355627,-7.142821626893177,-18.290301594341248,7.673430487837067,-5.252736669286045,12742.6759,7.090699999999998,14.937999999999988,779.1499999999996,16.354586279920433,0.009100558300712316,0.019172174805878194,16.382853109157423
AVLLGLLLLTLLGFL,Mutant,,clash,,LLLAVLLGLLLGTLLGFLILI,0.5660563492573528,LLLAVLLGLLLLTLLGFLILI_1,110011001100110000,1,-51.6192,-45.2058,-58.7059,-221.602,-220.551,-238.622,-354.873,4532.29,3917.17,3443.09,12767.6,6041620.0,12686.0,6041540.0,-57.5452,-84.4015,36.5925,-45.9219,8.17788,4.10022,3.14911,4209780.0,-84.6258,35.2029,-35.5813,8746490.0,7.1166,3.94626,2.9743,1,LLLAVLLGLLLLTLLGFLILI,0.2761937258190116,6.897552648926588e-05,D,16,-6.8266525534609865,-16.47389439851711,-2.9655585108313094,-13.012581076840137,28.22133728366677,14.945198941832476,12743.5452,7.0867,17.02000000000001,615.1199999999999,20.717169332813114,0.01152084146182859,0.027669397841071683,20.756275198335288
AYLLGTLLLLLLGFL,Mutant,,clash,,LLLAYLLGTLLGLLLGFLILI,0.9456959494177192,LLLAYLLGTLLLLLLGFLILI_2,110011001100110000,1,-52.1394,-57.6006,-58.6855,-224.802,-223.685,-245.564,-348.784,4642.32,3854.94,3419.71,12781.2,7161900.0,12709.3,7161830.0,-44.5344,-85.8037,43.1281,-47.8483,7.70911,5.19285,4.33977,5061940.0,-81.8261,48.1246,-38.4583,5159330.0,6.5,5.27073,4.4926,2,LLLAYLLGTLLLLLLGFLILI,0.159438648060039,0.0003425081917085,D,16,-55.99566059641599,-63.24813358088897,-49.87747479057506,-58.13830235716987,-55.42778197324343,-62.77384855391259,12753.8344,6.546099999999996,20.762,787.3799999999997,16.197813508090128,0.008313774797429448,0.026368462495872397,16.232568772384372
AFLLGVLLGLLLLYL,Mutant,,clash,,LLLAFLLGVLLGLLLGYLILI,0.2554123020479961,LLLAFLLGVLLGLLLLYLILI_0,110011001100110000,1,-51.3404,-48.886,-44.9328,-223.24,-223.381,-242.794,-339.181,4647.19,3595.44,3462.26,12783.7,2927580.0,12719.1,2927510.0,-51.4545,-64.0121,44.1382,-43.6429,6.47799,2.06048,1.22255,2791810.0,-69.605,42.1044,-35.8969,2927240.0,6.5663,2.62484,1.75641,0,LLLAFLLGVLLGLLLLYLILI,1.2061141952460066,0.0007665091687821,D,16,17.776565642343506,15.991333893542262,39.162769055769466,37.053369853861206,66.6496151386064,64.12357625940864,12770.5545,-6.407600000000002,19.554000000000002,1051.7499999999995,12.142195864036136,-0.0060923223199429565,0.018591870691704312,12.154694556691235
AYLLGVLLLFLLGLL,Mutant,,clash,,LLLAYLLGVLLGFLLGLLILI,1.0602816271854845,LLLAYLLGVLLLFLLGLLILI_0,110011001100110000,1,-47.631,-53.4795,-44.8823,-224.006,-223.763,-244.173,-336.022,4693.69,3802.39,3540.85,12826.6,1363110.0,12762.3,1363050.0,-46.9677,-82.6703,42.4865,-45.1702,8.03663,4.63621,3.77351,1354340.0,-79.0932,48.1108,-39.972,1362780.0,7.1758,4.85894,4.0806,0,LLLAYLLGVLLLFLLGLLILI,0.2322842959534714,0.0015510176626882,D,16,-60.79916816650965,-66.48471908749607,-54.00994518239123,-60.68018115174846,-56.6396804860839,-62.92850888630157,12809.267699999999,-2.7486999999999995,20.167,891.2999999999997,14.371443621676207,-0.003083922360596881,0.02262650061707619,14.390889711657135
TLLLGVLLLLLLGFL,Mutant,,clash,,LLLTLLLGVLLGLLLGFLILI,1.1156383617644632,LLLTLLLGVLLLLLLGFLILI_0,110011001100110000,1,-46.0712,-53.6049,-44.9091,-231.785,-226.207,-245.789,-359.8,4618.66,3853.39,3475.36,12828.1,7674340.0,12746.2,7674260.0,-69.1016,-88.9988,34.1819,-47.1239,8.48751,4.46437,3.4771,7356050.0,-87.8363,33.3963,-37.1588,7673980.0,7.4752,4.18395,3.1849,0,LLLTLLLGVLLLLLLGFLILI,0.154611726223362,0.0006550223758937,D,17,19.536453136953583,-1.653113937222099,-2.9364080666460763,-20.14233511030536,-6.037123324574254,-22.6934036938378,12815.3016,-1.1620999999999952,14.00399999999999,765.27,16.746117840762086,-0.0015185490088465447,0.018299423732800177,16.762841872803065
AFLLGVLLLLLLGTL,Mutant,,clash,,LLLAFLLGVLLGLLLGTLILI,0.9479328874522732,LLLAFLLGVLLLLLLGTLILI_2,110011001100110000,1,-59.9282,-60.9701,-58.7167,-226.339,-226.387,-239.041,-352.441,4630.92,3748.43,3384.27,12842.3,18166100.0,12776.1,18166000.0,-54.6829,-88.0941,43.3834,-49.0373,7.87126,5.57086,4.72161,18053600.0,-83.578,48.738,-35.1079,22637500.0,6.9512,5.61633,4.8474,2,LLLAFLLGVLLLLLLGTLILI,0.2308753711509112,0.0005474937840138,D,16,-19.173407650576145,-24.086490238153228,-20.3226474678997,-25.16587297043436,-18.16102137442614,-23.135642339914188,12830.7829,-1.2114999999999938,12.701999999999998,882.4900000000002,14.539295516096496,-0.0013728200886128947,0.01439336423075615,14.55234620222325
ALLLGILLLTLLGFL,Mutant,,clash,,LLLALLLGILLGTLLGFLILI,0.9842063791449872,LLLALLLGILLLTLLGFLILI_2,110011001100110000,1,-55.2064,-46.3815,-58.7518,-220.382,-222.997,-239.477,-357.794,4565.12,3914.83,3510.5,12849.9,7691670.0,12767.7,7691580.0,-59.5643,-87.7704,37.581,-48.4169,7.7993,4.739,3.80271,3161850.0,-87.213,39.461,-38.899,7292680.0,6.5512,4.90918,4.00109,2,LLLALLLGILLLTLLGFLILI,0.2242546800551468,0.0002995232324603,D,16,50.28455952596942,30.153375070077743,1.838807741455453,-11.802885256666965,18.78694141260174,2.874981886812545,12827.2643,3.5454000000000008,19.095,650.29,19.72545218287226,0.005452029094711592,0.029363822294668534,19.760260806717003
SYLLGVLLLTLLGLL,Mutant,,clash,,LLLSYLLGVLLGTLLGLLILI,0.895265522774715,LLLSYLLGVLLLTLLGLLILI_0,110011001100110000,1,-61.6133,-65.3294,-58.6641,-230.443,-230.033,-254.333,-370.063,4594.78,3775.84,3638.52,12877.7,1396780.0,12799.7,1396710.0,-57.0666,-81.9844,42.6237,-45.1098,7.92209,4.55187,3.69122,860287.0,-84.4885,38.2202,-42.7314,1396410.0,6.9435,4.333,3.4063,0,LLLSYLLGVLLLTLLGLLILI,0.1747117768619612,0.0005608778884755,D,17,-96.27282177168,-96.30632664039145,-95.02347277137612,-95.06820846181532,-96.4218703543352,-96.45403537480554,12856.7666,-2.9492000000000047,23.889999999999986,818.9399999999996,15.699277846972924,-0.003601240628129052,0.02917185630204899,15.724839426575826
TLLLGVLLLFLLAIL,Mutant,,clash,,LLLTLLLGVLLGFLLAILILI,0.995569838180421,LLLTLLLGVLLLFLLAILILI_0,110011001100110000,1,-45.8088,-47.5718,-44.9524,-229.96,-230.057,-247.63,-358.393,4627.17,3788.71,3605.98,12894.2,336474.0,12811.6,336393.0,-65.8101,-86.366,34.398,-38.6435,8.32457,4.09862,3.11459,260794.0,-83.081,35.995,-42.847,336115.0,7.4247,3.82147,2.86139,0,LLLTLLLGVLLLFLLAILILI,0.2991741810881843,0.0021603194294836,D,17,-24.458683033793825,-34.528075085159344,-27.541777904879822,-37.20020424588571,-31.06233696430439,-40.251485156172485,12877.410100000001,-0.8564000000000007,17.669999999999987,838.46,15.358407198912293,-0.0010213963695346238,0.02107435059513869,15.378431887030986
AYLLGVLLLTLLGLL,Mutant,,clash,,LLLAYLLGVLLGTLLGLLILI,0.8337388513206934,LLLAYLLGVLLLTLLGLLILI_0,110011001100110000,1,-54.0845,-53.5426,-58.7364,-221.999,-219.881,-243.073,-359.943,4589.77,3821.03,3522.92,12928.5,555303.0,12844.6,555217.0,-58.1338,-82.4436,43.1163,-44.6475,8.22279,4.68724,3.83398,550030.0,-78.2582,48.5511,-37.611,554943.0,7.3268,4.79313,4.0214,0,LLLAYLLGVLLLTLLGLLILI,0.3313477167875483,0.000829335475664,D,16,-92.59320705313736,-93.50546059990856,-90.14896482262728,-91.36226210856434,-92.47709499441204,-93.40364941852042,12902.7338,4.651900000000005,21.074000000000012,768.7400000000002,16.784262299346977,0.006051330749017878,0.027413689934178014,16.817779743476333
TFLLGVLLLILLGLL,Mutant,,clash,,LLLTFLLGVLLGILLGLLILI,1.1520307208192355,LLLTFLLGVLLLILLGLLILI_2,110011001100110000,1,-46.3648,-46.7994,-44.9604,-225.996,-226.462,-247.039,-356.248,4666.95,3798.49,3524.65,12931.6,1521360.0,12847.7,1521280.0,-64.2493,-89.8127,38.077,-48.6677,7.77894,5.1123,4.18346,488715.0,-91.396,35.576,-35.8075,1176180.0,7.4513,5.01216,4.0458,2,LLLTFLLGVLLLILLGLLILI,0.028530288362733,0.0012572052779549,D,17,-42.94999543634562,-49.69678967248783,-45.23173135430194,-51.70868507321001,-42.819404335892486,-49.58164241451232,12911.9493,-1.4044000000000025,21.042999999999978,868.46,14.867638463487092,-0.0016171153536144469,0.024230246643483843,14.890265527485434
AYLLGVLLLLLLAFL,Mutant,,clash,,LLLAYLLGVLLGLLLAFLILI,1.0299560313521794,LLLAYLLGVLLLLLLAFLILI_0,110011001100110000,1,-48.0665,-55.5885,-44.9549,-222.862,-223.104,-246.358,-346.322,4648.18,3754.52,3593.61,12942.3,215352.0,12866.9,215284.0,-55.0094,-91.2522,44.6236,-44.1679,7.57627,6.21202,5.38138,131817.0,-91.43,48.2927,-36.5962,215005.0,7.0472,6.73401,5.9584,0,LLLAYLLGVLLLLLLAFLILI,0.1611449493311823,0.0012198889371352,D,16,-55.37360231745747,-60.30086666354308,-49.825845894163685,-55.36564595553863,-54.477977562280856,-59.50412911757045,12921.9094,-3.1115999999999957,23.49600000000001,893.6600000000003,14.459536512767714,-0.003481861110489442,0.02629187834299398,14.482353467761783
TYLLGVLLLLLLAFL,Mutant,,clash,,LLLTYLLGVLLGLLLAFLILI,0.704068321870104,LLLTYLLGVLLLLLLAFLILI_0,110011001100110000,1,-47.7991,-51.0702,-44.9607,-234.231,-231.452,-254.304,-354.703,4683.29,3763.07,3582.77,13009.9,194066.0,12937.2,193993.0,-55.4387,-76.8787,50.3324,-43.8189,7.95832,4.82668,4.08167,104415.0,-80.0044,42.005,-45.0,193711.0,7.041,4.17133,3.3014,0,LLLTYLLGVLLLLLLAFLILI,0.1622208945747205,0.0006669315825122,D,17,-63.56130885306766,-66.37937408182147,-59.88925024920345,-62.99130209613105,-65.69219834588685,-68.34546661303148,12992.638700000001,-2.8384,20.073000000000008,920.2199999999998,14.11905707330856,-0.003084479798309101,0.021813262046032483,14.137814870357092
TLLLGILLLLLLGFL,Mutant,,clash,,LLLTLLLGILLGLLLGFLILI,1.5405568597174588,LLLTLLLGILLLLLLGFLILI_2,110011001100110000,1,-46.0189,-45.8795,-44.942,-232.815,-232.185,-247.331,-363.109,4635.09,3813.15,3494.26,13096.8,6990170.0,13012.5,6990090.0,-70.836,-89.6167,35.3354,-47.8137,8.30494,4.71278,3.74282,2903020.0,-88.5873,34.12,-39.5515,6994920.0,7.2522,4.3943,3.4061,2,LLLTLLLGILLLLLLGFLILI,0.0442051334435498,0.0004174877376559,D,17,-5.767829266566452,-19.12196431649439,-21.99453249976147,-33.04909634481738,-22.19403027321111,-33.220322242663705,13083.336,-1.076900000000002,14.515999999999991,821.94,15.91762902401635,-0.0013101929581234664,0.01766065649560794,15.934009781735892
ALLLGILLLVLLGTL,Mutant,,clash,,LLLALLLGILLGVLLGTLILI,0.8067348344727758,LLLALLLGILLLVLLGTLILI_2,110011001100110000,1,-59.9972,-67.7388,-58.7478,-218.08,-216.924,-237.078,-368.461,4529.01,3829.57,3566.32,13099.2,1446550.0,13008.8,1446470.0,-72.635,-86.2636,35.5315,-51.3454,7.76239,4.23629,3.26927,1378770.0,-86.55,35.742,-43.5248,1446180.0,6.8226,4.30767,3.3438,2,LLLALLLGILLLVLLGTLILI,0.3119304923101886,0.0010742573702073,D,16,23.40209485680233,7.255276926494653,2.135906010790677,-11.22829076736756,9.732186569607125,-4.625962209715087,13081.435,-1.2494000000000014,18.99799999999999,699.44,18.702726466887793,-0.0017862861717945803,0.02716172938350679,18.728125357428798
TYLLAVLLGFLLLLL,Mutant,,clash,,LLLTYLLAVLLGFLLGLLILI,0.8460770133026061,LLLTYLLAVLLGFLLLLLILI_0,110011001100110000,1,-54.3229,-52.8577,-44.9703,-228.797,-230.442,-253.359,-350.563,4707.09,3584.44,3609.11,13099.8,166486.0,13032.3,166419.0,-52.2337,-67.6813,41.4994,-40.5966,7.12094,2.25461,1.3771,159301.0,-70.8524,42.5823,-40.9781,166136.0,7.4604,2.87647,2.0152,0,LLLTYLLAVLLGFLLLLLILI,0.231089105086123,0.003120045492331,D,17,-85.78280345690466,-83.08865240957824,-81.26205710348871,-77.71122706984923,-85.8372385644995,-83.15340294058961,13084.5337,-9.352599999999995,24.562000000000012,1122.65,11.655042711441677,-0.008330824388723106,0.021878590834186976,11.668641161537431
SYLLGILLLLLLAFL,Mutant,,clash,,LLLSYLLGILLGLLLAFLILI,1.321710907183918,LLLSYLLGILLLLLLAFLILI_0,110011001100110000,1,-58.0831,-65.7026,-44.9254,-234.186,-233.657,-257.381,-360.204,4661.05,3703.6,3575.67,13101.4,1511220.0,13033.5,1511160.0,-57.8977,-85.6587,39.3883,-43.7621,7.70533,4.66621,3.75704,1172520.0,-79.2928,46.8705,-41.4445,1510860.0,6.9265,4.72144,3.9245,0,LLLSYLLGILLLLLLAFLILI,0.034688590966575,0.0019214073635393,D,17,-77.55813784195024,-83.09981615929166,-73.8684854702686,-80.32126761681437,-77.94240318488697,-83.3891929896771,13091.3977,-13.157699999999998,23.194999999999965,957.4500000000003,13.673192020471038,-0.013742440858530465,0.024225808136195057,13.683638832315
TLLLGILLLVLLGAL,Mutant,,clash,,LLLTLLLGILLGVLLGALILI,0.9076572919680208,LLLTLLLGILLLVLLGALILI_1,110011001100110000,1,-46.1384,-46.153,-44.8956,-222.554,-223.201,-241.23,-363.362,4567.34,3776.25,3616.42,13111.6,1834460.0,13016.9,1834370.0,-77.2368,-90.4907,39.4483,-45.5627,7.79692,5.39912,4.49085,707234.0,-90.0074,38.3333,-42.1317,2005750.0,6.7822,5.1761,4.2511,1,LLLTLLLGILLLVLLGALILI,0.2640327479746515,0.0011414934062694,D,17,8.229116640221875,-9.676174303304542,-12.507886410877802,-26.982473266140914,-4.414153049112478,-20.22775712229749,13094.1368,-1.2427999999999955,18.675999999999988,791.0900000000001,16.552019112869583,-0.0015709969788519577,0.023607933357772167,16.57409397160879
AFLLGVLLLTLLGLL,Mutant,,clash,,LLLAFLLGVLLGTLLGLLILI,1.984589680525897,LLLAFLLGVLLLTLLGLLILI_1,110011001100110000,1,-53.1759,-46.6035,-58.6941,-222.004,-222.926,-239.04,-352.684,4608.62,3797.25,3514.35,13151.6,26143700.0,13074.1,26143600.0,-54.9501,-93.3061,34.766,-48.03,7.56622,5.18932,4.21081,1986660.0,-97.484,35.8407,-36.8474,3076260.0,6.7321,5.96109,4.9987,1,LLLAFLLGVLLLTLLGLLILI,0.2758742147946985,0.0005385080121812,D,16,-24.59417962466634,-32.05202395520596,-28.082362498944896,-35.19521588921841,-20.778562324396848,-28.61378176615046,13129.0501,5.5182,17.036,811.3699999999999,16.181335395688777,0.0068010895152643075,0.020996586021174067,16.209127771546893
TFLLGILLLVLLGLL,Mutant,,clash,,LLLTFLLGILLGVLLGLLILI,1.2517989881251417,LLLTFLLGILLLVLLGLLILI_2,110011001100110000,1,-46.1087,-46.4028,-44.9305,-224.848,-228.718,-246.996,-354.076,4673.74,3805.98,3566.98,13156.0,1317970.0,13072.9,1317890.0,-62.1491,-90.4698,41.9451,-46.701,7.65957,5.73306,4.86224,876500.0,-92.5815,39.7325,-40.3169,2855270.0,6.7382,5.75111,4.8471,2,LLLTFLLGILLLVLLGLLILI,0.1028758313494594,0.0010290300345017,D,17,-43.13596946145336,-50.85086152878144,-37.810127584895945,-46.24759057897963,-45.36062876840133,-52.77369547658526,13135.0491,-1.1781999999999968,22.147999999999996,867.7599999999998,15.136730317138383,-0.0013577486862726988,0.02552318613441505,15.160873974370798
GYLLAFLLLLLLGTL,Mutant,,clash,,LLLGYLLAFLLGLLLGTLILI,1.203649462398677,LLLGYLLAFLLLLLLGTLILI_0,110011001100110000,1,-58.7749,-64.1743,-58.7749,-229.582,-224.022,-248.277,-352.147,4640.21,3718.44,3549.61,13160.1,113511.0,13096.3,113447.0,-45.0941,-57.4807,54.8774,-45.1998,7.82755,2.53055,1.85371,108469.0,-61.4169,47.8691,-36.8365,113159.0,7.2814,2.17486,1.3929,0,LLLGYLLAFLLLLLLGTLILI,0.2361030715061919,0.0014685281804741,D,16,-61.95422007509104,-68.5499875577175,-56.8307295771454,-64.31472571721017,-62.77534322574759,-69.22875753840299,13141.3941,0.0,18.694999999999993,921.77,14.256695379541535,0.0,0.02028163207741627,14.27698883669462
TALLAFLLLVLLGLL,Mutant,,clash,,LLLTALLAFLLGVLLGLLILI,0.9274128331288728,LLLTALLAFLLLVLLGLLILI_0,110011001100110000,1,-44.9303,-47.5932,-44.9303,-230.889,-224.199,-244.42,-355.636,4596.74,3842.08,3447.9,13187.5,264399.0,13107.7,264315.0,-66.286,-59.4776,62.4045,-48.0975,7.01734,3.84625,3.28232,256810.0,-63.8279,50.3554,-37.6016,264043.0,6.5149,2.87217,2.1275,0,LLLTALLAFLLLVLLGLLILI,0.404089861850653,0.0015001586146327,D,17,-42.01973147548927,-52.74850050972743,-39.47735144011581,-50.67656686742731,-38.16127601950214,-49.60402031583626,13173.986,0.0,13.530999999999977,754.6599999999999,17.456849442132885,0.0,0.01792992870961755,17.474756844141737
YFLLGTLLLVLLALL,Mutant,,clash,,LLLYFLLGTLLGVLLALLILI,1.0549745451990094,LLLYFLLGTLLLVLLALLILI_1,110011001100110000,1,-49.4227,-58.7571,-58.7571,-232.241,-234.135,-250.793,-352.219,4776.7,3792.29,3616.02,13231.4,757822.0,13160.9,757762.0,-42.6685,-78.9846,46.1177,-39.0977,7.87241,4.57357,3.76533,696950.0,-72.9898,49.7856,-44.4885,1431050.0,6.6061,4.16952,3.4163,1,LLLYFLLGTLLLVLLALLILI,0.0883583572409343,0.000650749708599,D,17,-11.652896247592308,-26.96834913375745,-28.356725612516737,-40.776478461089305,-19.98394374570233,-33.855164053431295,13203.5685,9.334400000000002,18.551999999999992,984.4099999999999,13.41267205737447,0.009482227933483004,0.01884580611736979,13.440944321979664
TVLLGILLLLLLAFL,Mutant,,clash,,LLLTVLLGILLGLLLAFLILI,0.5194076681925343,LLLTVLLGILLLLLLAFLILI_2,110011001100110000,1,-44.9575,-44.9575,-44.9575,-230.198,-229.365,-246.389,-361.687,4598.73,3771.34,3591.39,13420.9,3371700.0,13334.4,3371610.0,-70.3407,-85.1349,35.7598,-40.3804,8.3575,4.09781,3.13421,2814280.0,-82.2405,38.4729,-43.0414,3644270.0,7.0713,4.02991,3.107,2,LLLTVLLGILLLLLLAFLILI,0.1371489900497861,0.0019011304742124,D,17,-13.029182436880845,-29.188507413348496,-14.121707254089657,-30.078039271990253,-9.478926728091285,-26.297895218962537,13404.7407,0.0,16.191000000000003,827.3899999999994,16.201236055548183,0.0,0.019568764427899798,16.22076650672598
AVLLGLLLLLLLGFL,Mutant,,clash,,LLLAVLLGLLLGLLLGFLILI,1.5150424414315242,LLLAVLLGLLLLLLLGFLILI_1,110011001100110000,1,-44.9261,-45.3939,-44.9261,-226.636,-224.491,-239.459,-353.781,4586.34,3821.72,3654.37,13423.7,8668980.0,13341.4,8668890.0,-69.3954,-80.1242,36.109,-41.8837,8.06413,3.39335,2.43499,5029020.0,-77.4724,32.2036,-43.8153,8708670.0,7.0393,2.46835,1.4514,1,LLLAVLLGLLLLLLLGFLILI,0.0977700307157213,0.0005821995584351,D,16,-15.542148365555814,-27.04781097932119,-14.003288289934352,-25.718589255815623,-4.871958049553241,-17.831216834956543,13410.795399999999,0.0,12.823000000000008,764.6200000000003,17.539163767623123,0.0,0.01677042190892208,17.556040909209795
TALLGILLLLLLGFL,Mutant,,clash,,LLLTALLGILLGLLLGFLILI,1.0431851961781342,LLLTALLGILLLLLLGFLILI_0,110011001100110000,1,-44.9667,-52.9883,-44.9667,-229.011,-224.549,-246.876,-357.22,4613.49,3808.52,3465.77,13767.1,6696980.0,13683.9,6696900.0,-65.3768,-77.1148,57.5622,-46.1927,7.84021,5.83812,5.20155,3568850.0,-80.1891,50.0903,-39.6088,6696620.0,6.6695,5.29055,4.5419,0,LLLTALLGILLLLLLGFLILI,0.0606601240744603,0.0008143281666693,D,17,-15.33537349582064,-27.699257803778,-16.408631634425603,-28.615784140611765,-7.862802814977591,-21.31793388319104,13749.2768,0.0,17.86500000000001,804.9699999999998,17.080483496279367,0.0,0.022193373666099376,17.10262494254445
ALLLGVLLLFLLGTL,Mutant,,clash,,LLLALLLGVLLGFLLGTLILI,1.0615139645328575,LLLALLLGVLLLFLLGTLILI_1,110011001100110000,1,-58.7215,-58.7215,-58.7215,-225.053,-223.583,-238.908,-351.263,4616.32,3858.72,3669.66,13788.4,774892.0,13720.9,774823.0,-53.6343,-83.2089,40.1719,-42.6627,8.35832,4.40454,3.50712,773007.0,-80.2804,39.355,-44.6447,781213.0,7.3257,3.85498,2.9453,1,LLLALLLGVLLLFLLGTLILI,0.2528250428238963,0.0004139923425811,D,16,0.7554269490837793,-9.609593314156385,-11.260493576344423,-20.38939918552744,5.558375232769736,-5.300739073750665,13774.5343,0.0,13.85499999999999,757.5999999999999,18.181803458289338,0.0,0.018288014783526915,18.20010559662091
YLLLAFLLLTLLGVL,Mutant,,clash,,LLLYLLLAFLLGTLLGVLILI,0.8287149128856347,LLLYLLLAFLLLTLLGVLILI_0,110011001100110000,1,-51.6207,-51.6207,-58.7101,-227.72,-228.112,-249.826,-354.59,4674.55,3882.41,3620.55,13811.0,320522.0,13735.7,320447.0,-46.0542,-66.828,37.4967,-47.155,7.74751,1.58625,0.648704,320280.0,-70.4738,37.5669,-39.1051,320167.0,7.2986,2.1426,1.2061,0,LLLYLLLAFLLLTLLGVLILI,0.1726087741952035,0.0023601957464591,D,17,-13.60747953204636,-32.40887644299271,-23.53363794815332,-40.17482882307616,-30.403788152637595,-45.54984472504589,13781.754200000001,7.089399999999998,22.105999999999995,792.1400000000003,17.398129371070766,0.008949680612013022,0.02790668316206729,17.435049359961617
ATLLGILLLLLLGFL,Mutant,,clash,,LLLATLLGILLGLLLGFLILI,0.9626150861918138,LLLATLLGILLLLLLGFLILI_0,110011001100110000,1,-44.9292,-54.4609,-44.9292,-220.72,-220.677,-240.533,-351.831,4565.15,3856.72,3452.14,13821.6,2796330.0,13735.4,2796250.0,-66.3686,-82.2655,42.8767,-43.5987,7.85659,4.62817,3.77133,2460960.0,-81.6776,47.767,-35.1198,2795980.0,6.6099,5.20019,4.4167,0,LLLATLLGILLLLLLGFLILI,0.1195689415729563,0.0008990703316013,D,16,-15.127593303820955,-35.68766579751188,-6.932832865433548,-29.47806019613537,7.852855959090754,-18.27415779590321,13801.7686,0.0,19.812999999999988,708.4299999999998,19.482191042163663,0.0,0.0279674773795576,19.510184492469268
ALLLGILLLLLLGFL,Mutant,,clash,,LLLALLLGILLGLLLGFLILI,1.149088471468601,LLLALLLGILLLLLLGFLILI_1,110011001100110000,1,-57.2933,-58.5429,-44.9506,-233.576,-220.398,-240.332,-356.88,4599.18,3629.64,3443.96,13830.4,229269000000.0,13764.3,229269000000.0,-71.5971,-83.1428,57.3454,-45.115,6.05319,6.71305,6.07323,18209000.0,-80.9675,41.2498,-36.7766,15464900.0,6.7833,4.21385,3.3326,1,LLLALLLGILLLLLLGFLILI,0.0912380029810702,0.0012038286878594,D,16,34.278326427308016,18.34347850444417,3.267885149164912,-8.986944717653094,4.5093347304266524,-7.892818318081572,13835.8971,-12.3427,6.756,969.5400000000004,14.27057893433999,-0.012730470119850646,0.006968252985952098,14.264909132165762
TALLALLLLLLLGFL,Mutant,,clash,,LLLTALLALLLGLLLGFLILI,0.5997222395430587,LLLTALLALLLLLLLGFLILI_2,110011001100110000,1,-44.9578,-44.9578,-44.9578,-223.784,-227.945,-245.865,-362.321,4625.49,3853.55,3453.65,13925.9,19090200.0,13832.4,19090100.0,-71.4979,-70.7155,50.9175,-45.895,7.35862,3.98119,3.24495,274496.0,-67.6338,56.7049,-35.0,335520.0,6.6313,4.30023,3.6508,2,LLLTALLALLLLLLLGFLILI,0.1637410471861288,0.0015888568718028,D,17,-9.363584657445733,-21.938557558789025,-19.79164923812295,-30.91982364219705,-8.061494248573974,-20.8171202742137,13903.8979,0.0,22.081000000000017,771.9399999999996,18.01163030805504,0.0,0.028604554758141863,18.04013265279686
YFLLALLLLTLLGVL,Mutant,,clash,,LLLYFLLALLLGTLLGVLILI,0.0245046651948033,LLLYFLLALLLLTLLGVLILI_1,110011001100110000,1,-51.5909,-44.9402,-58.6969,-228.501,-233.389,-250.723,-352.181,4717.78,3821.43,3549.92,14278.9,301978.0,14206.9,301904.0,-42.7617,-64.0544,46.2951,-45.6624,8.01021,2.35801,1.55244,296601.0,-61.4169,47.8691,-36.8365,302045.0,7.2814,2.17486,1.3929,1,LLLYFLLALLLLTLLGVLILI,0.0955508941962639,0.0018223982380688,D,17,-7.143153197792539,-32.93107155793149,-16.125225457242575,-39.41867029056713,0.4162747037859707,-27.471024760586527,14249.661699999999,7.106000000000002,22.22200000000001,896.3499999999999,15.897430356445586,0.007927706810955545,0.024791655045462165,15.930049645785688
YVLLGILLLFLLALL,Mutant,,clash,,LLLYVLLGILLGFLLALLILI,1.1202698498715495,LLLYVLLGILLLFLLALLILI_2,110011001100110000,1,-46.3154,-46.9033,-44.9804,-234.214,-227.541,-251.23,-347.343,4727.9,4009.26,3722.81,14312.3,272763.0,14245.5,272690.0,-51.1319,-84.868,43.4411,-57.9533,7.47014,5.09476,4.24638,261808.0,-74.3696,52.761,-36.2687,272416.0,7.5,4.77818,4.0696,2,LLLYVLLGILLLFLLALLILI,0.0297128442630764,0.0005073140935773,D,17,-43.66676222112656,-53.05233974889989,-42.82881546127214,-52.35400176334727,-42.56738348700943,-52.136126491298505,14296.6319,-1.3349999999999937,17.01599999999999,718.6399999999994,19.894010770344,-0.0018576756094845748,0.023678058555048433,19.915813202716258
LVLLGILLLTLLAFL,Mutant,,clash,,LLLLVLLGILLGTLLAFLILI,0.3327085665247599,LLLLVLLGILLLTLLAFLILI_2,110011001100110000,1,-51.6199,-45.3816,-58.7441,-224.053,-224.005,-242.572,-363.277,4626.2,3887.23,3569.97,14393.0,1273910.0,14305.4,1273820.0,-61.9608,-76.6461,51.6341,-36.2353,8.23603,4.96752,4.24203,1245890.0,-71.59,53.248,-43.6275,1749180.0,6.8881,4.42698,3.7257,2,LLLLVLLGILLLTLLAFLILI,0.1205428318603058,0.0029081087642681,D,16,-8.708835024073714,-25.2623063985412,-15.757085817809536,-31.03252532813179,-11.91537102144311,-27.8874137126678,14367.3608,7.124200000000002,18.519000000000005,738.9699999999998,19.442414171075963,0.009640716131913344,0.025060557262135148,19.47711003153038
ALLLGTLLLLLLGFL,Mutant,,clash,,LLLALLLGTLLGLLLGFLILI,0.997765117704036,LLLALLLGTLLLLLLGFLILI_0,110011001100110000,1,-48.9288,-62.0486,-58.6905,-222.913,-219.386,-240.357,-360.53,4575.26,3845.27,3375.0,14439.1,4937120.0,14350.4,4937040.0,-61.483,-69.3055,41.435,-47.684,7.60966,2.48956,1.61108,1008450.0,-63.8279,50.3554,-37.6016,4936760.0,6.5149,2.87217,2.1275,0,LLLALLLGTLLLLLLGFLILI,0.2596448580369622,0.000817133838283,D,16,63.588035627154646,39.248963376978914,17.14321855884266,-0.2856676625193802,39.81356293900272,19.011721307486653,14411.883,9.761699999999998,17.44399999999999,729.9900000000002,19.742575925697604,0.013372374964040595,0.023896217756407597,19.77985999808216
TALLAFLLLILLGLL,Mutant,,clash,,LLLTALLAFLLGILLGLLILI,0.8006177134138348,LLLTALLAFLLLILLGLLILI_0,110011001100110000,1,-44.9899,-47.7969,-44.9899,-230.269,-222.146,-246.758,-359.935,4616.19,3813.95,3460.82,14443.0,1210490.0,14358.3,1210400.0,-68.1873,-78.9226,54.9,-46.1662,8.20057,5.7499,5.0734,1199340.0,-77.6262,50.1878,-35.0,1210130.0,7.3742,4.91928,4.1721,0,LLLTALLAFLLLILLGLLILI,0.3078506908173029,0.0011167691603825,D,17,-38.61820061602156,-49.86510015000794,-34.18585637029462,-46.244888017253,-34.3207591445818,-46.355072748659545,14426.487299999999,0.0,16.489000000000004,802.2399999999998,17.982757404268053,0.0,0.020553699641005195,18.003340646190672
YFLLALLLGTLLLVL,Mutant,,clash,,LLLYFLLALLLGTLLGVLILI,0.0264123861536935,LLLYFLLALLLGTLLLVLILI_2,110011001100110000,1,-57.608,-63.7887,-58.6969,-224.806,-224.425,-250.684,-351.765,4736.05,3613.37,3530.46,14480.1,428799.0,14410.8,428735.0,-42.3846,-57.0738,53.9654,-39.3714,7.13118,2.34641,1.65589,82547.1,-61.4169,47.8691,-36.8365,428447.0,7.2814,2.17486,1.3929,2,LLLYFLLALLLGTLLLVLILI,0.0936431732373738,0.0010216357497398,D,17,15.331195441069497,-7.259668994637581,-14.863390918716856,-31.53979479119561,-9.29930038212999,-27.065588171439053,14453.184599999999,1.0889000000000024,25.877999999999986,1122.6800000000003,12.873823885702066,0.0009699112837139721,0.023050201304022497,12.89779812591299
AVLLGILLLLLLGFL,Mutant,,clash,,LLLAVLLGILLGLLLGFLILI,1.303792207191591,LLLAVLLGILLLLLLGFLILI_2,110011001100110000,1,-44.9348,-56.665,-44.9348,-222.623,-215.1,-239.472,-351.009,4552.35,3864.03,3409.52,14515.0,17243800.0,14431.5,17243700.0,-66.6022,-79.9185,37.6348,-43.4657,8.33308,3.56848,2.633,17118000.0,-78.3112,37.3108,-36.9447,16120000.0,6.8995,3.28364,2.3433,2,LLLAVLLGILLLLLLGFLILI,0.0637860160209839,0.0010530003703654,D,16,-10.3698819140879,-25.67502006302464,-16.379788591742532,-30.65868183630957,3.3459720272910776,-14.301269913166148,14498.1022,0.0,16.849000000000018,688.3200000000002,21.063026208740116,0.0,0.024478440260344046,21.08757554625755
TVLLALLLLLLLGFL,Mutant,,clash,,LLLTVLLALLLGLLLGFLILI,0.3425623237491724,LLLTVLLALLLLLLLGFLILI_0,110011001100110000,1,-44.9939,-46.9242,-44.9939,-230.84,-227.197,-246.096,-364.133,4637.99,3840.71,3491.77,14597.9,278076.0,14509.6,277986.0,-73.043,-73.9102,33.3133,-48.0638,7.66436,2.08383,1.08353,258893.0,-72.6874,32.4259,-40.8381,277712.0,7.0033,1.78061,0.766999,0,LLLTVLLALLLLLLLGFLILI,0.1126359118377458,0.0009611783070233,D,17,-4.295217627058554,-25.592441521704902,-17.88153341935265,-36.15538897066671,-17.155509550641117,-35.59092748683741,14582.643,0.0,15.256,797.2799999999997,18.29049142083083,0.0,0.019135059201284374,18.309627734296615
TALLALLLGLLLLFL,Mutant,,clash,,LLLTALLALLLGLLLGFLILI,0.4645546900248832,LLLTALLALLLGLLLLFLILI_2,110011001100110000,1,-53.6851,-50.6084,-44.9578,-223.326,-221.317,-246.962,-363.52,4648.68,3451.25,3423.15,14674.8,506074.0,14588.3,505982.0,-71.601,-64.5019,61.497,-38.4229,6.42949,4.47739,3.89984,356705.0,-67.6338,56.7049,-35.0,505710.0,6.6313,4.30023,3.6508,2,LLLTALLALLLGLLLLFLILI,0.2989085967043043,0.0006342858479218,D,17,-8.183864317457282,-24.76683058792849,-16.98033075927385,-31.974562051741508,-16.520957261990127,-31.59815627199866,14659.901,-8.7273,23.635999999999996,1197.4300000000003,12.24280417226894,-0.007288359236030497,0.019738940898424116,12.255246653249039
AFLLGTLLGLLLLYL,Mutant,,clash,,LLLAFLLGTLLGLLLGYLILI,0.2802019952649892,LLLAFLLGTLLGLLLLYLILI_0,110011001100110000,1,-60.3955,-62.8995,-58.6988,-221.36,-221.71,-243.397,-346.666,4630.56,3470.18,3396.65,14692.9,220264.0,14628.0,220202.0,-44.5699,-66.6621,53.0997,-37.6339,6.63033,3.66778,2.96427,148514.0,-72.4524,47.8783,-35.1603,219917.0,6.5,3.83143,3.0496,0,LLLAFLLGTLLGLLLLYLILI,1.000950398650202,0.0008146305451682,D,16,-69.12134876695801,-76.34240555235692,-61.56328324146829,-70.55181425802553,-63.05846994159685,-71.69734747151318,14672.5699,-1.6966999999999999,22.036999999999978,1160.3800000000006,12.64462495044726,-0.0014621934193970933,0.018991192540374676,12.662145159344346
TYLLGVLLGLLLLFL,Mutant,,clash,,LLLTYLLGVLLGLLLGFLILI,0.9650389468328128,LLLTYLLGVLLGLLLLFLILI_2,110011001100110000,1,-58.9806,-57.92,-44.907,-232.626,-231.89,-253.178,-351.258,4655.76,3547.68,3488.81,14742.6,25266.0,14683.0,25204.5,-53.1728,-70.619,40.868,-41.8933,6.64433,2.61003,1.72305,23466.7,-69.5064,38.1576,-45.0,24893.3,6.5231,2.07724,1.1496,2,LLLTYLLGVLLGLLLLFLILI,0.127444738558531,0.0008207884514523,D,17,-80.01846073896336,-84.6598941028652,-73.63388509378353,-79.7583664865065,-78.72732334331657,-83.66866994749725,14736.1728,-14.073600000000006,20.551999999999992,1108.0800000000004,13.298834741173918,-0.01270088802252545,0.018547397299833932,13.304635044401122
YFLLATLLGLLLLVL,Mutant,,clash,,LLLYFLLATLLGLLLGVLILI,0.2214895351774866,LLLYFLLATLLGLLLLVLILI_0,110011001100110000,1,-60.4713,-62.8841,-58.6761,-232.403,-227.424,-250.742,-352.3,4763.66,3634.68,3550.79,14767.8,3835050.0,14708.4,3834990.0,-42.8814,-63.97,55.9137,-39.6489,6.80402,3.64384,2.98254,898449.0,-67.2353,46.0087,-37.4675,3834700.0,6.9823,2.79647,1.9866,0,LLLYFLLATLLGLLLLVLILI,0.2141589587467078,0.0017434192312848,D,17,-20.732652718198096,-37.41481475215767,-27.21921736672584,-42.53625332770356,-22.214476560015616,-38.58478224602522,14751.2814,-1.7952000000000012,18.339,1128.98,13.066025438891742,-0.0015901078849935352,0.016243866144661553,13.080656876118265
AVLLGFLLLLLLGTL,Mutant,,clash,,LLLAVLLGFLLGLLLGTLILI,1.526365250223661,LLLAVLLGFLLLLLLGTLILI_1,110011001100110000,1,-58.7258,-69.6048,-58.7258,-223.348,-224.836,-238.606,-351.441,4563.73,3992.44,3547.02,14879.2,3524840.0,14809.8,3524780.0,-54.1089,-80.5309,43.5541,-62.3985,7.64467,4.45944,3.61275,3507360.0,-73.2945,52.8302,-38.1653,3511860.0,6.8167,4.62625,3.9187,1,LLLAVLLGFLLLLLLGTLILI,0.1713640139519955,0.0007867429051328,D,16,-13.117325036361576,-18.60352132494573,-15.856023721771656,-21.16928520408132,3.2530529020608268,-3.2668489754233065,14863.908899999999,0.0,15.257999999999981,571.2899999999995,26.01814997636929,0.0,0.026707976684345946,26.04491589210386
AVLLGLLLGLLLLFL,Mutant,,clash,,LLLAVLLGLLLGLLLGFLILI,1.2146004765948255,LLLAVLLGLLLGLLLLFLILI_0,110011001100110000,1,-53.1136,-51.3014,-44.9261,-216.382,-222.252,-239.446,-354.492,4562.53,3580.85,3627.37,14912.8,87846.0,14827.8,87765.1,-70.1204,-68.5824,34.0137,-41.7086,7.02609,1.37922,0.389427,86792.6,-77.4724,32.2036,-43.8153,87491.5,7.0393,2.46835,1.4514,0,LLLAVLLGLLLGLLLLFLILI,0.3982119955524197,0.0010027555094635,D,16,-17.820293985615933,-26.0892507643692,-23.55754007602697,-31.249212726477605,-25.736351338210657,-33.208791077887625,14897.920399999999,-8.1875,23.063999999999993,981.6799999999998,15.175943688370957,-0.008340294189552604,0.023494417732866105,15.191100969766117
ALLLGTLLLYLLGFL,Mutant,,clash,,LLLALLLGTLLGYLLGFLILI,0.982161619219342,LLLALLLGTLLLYLLGFLILI_2,110011001100110000,1,-50.0964,-65.5612,-58.7311,-225.413,-220.148,-243.26,-347.243,4617.7,4041.78,3515.92,15083.9,1003600.0,15012.2,1003540.0,-45.2521,-81.6708,46.4111,-61.8448,8.00231,5.01612,4.21228,999014.0,-77.9303,55.657,-35.0,1003250.0,7.3057,5.70324,5.0381,2,LLLALLLGTLLLYLLGFLILI,0.3910438517644892,0.0019465206251244,D,16,4.619907304890366,-17.981084911578467,-1.6332120110419246,-22.883345632538266,22.22146490217988,-4.181984002524549,15057.4521,8.634699999999995,17.84699999999998,575.9199999999996,26.145041151548845,0.01499288095568829,0.030988678983192096,26.190964022780957
YALLAFLLGLLLLTL,Mutant,,clash,,LLLYALLAFLLGLLLGTLILI,0.8507935790730502,LLLYALLAFLLGLLLLTLILI_1,110011001100110000,1,-67.7666,-60.9022,-58.7014,-237.3,-239.715,-248.273,-350.273,4714.02,3572.17,3568.98,15123.3,524273.0,15078.1,524224.0,-43.2983,-65.8455,53.6769,-39.0677,6.85833,3.62321,2.92836,371853.0,-66.7471,49.0629,-35.0,523817.0,7.0844,3.13556,2.3715,1,LLLYALLAFLLGLLLLTLILI,0.3016839950562412,0.0010572592247051,D,17,-13.467092904457903,-29.19484808779677,-19.672825032493577,-34.2726597643057,-9.664978727796395,-26.08378570815405,15121.3983,-9.065199999999997,10.972999999999985,1141.8500000000004,13.242893812672413,-0.007939046284538244,0.009609843674738347,13.244559267854791
WTLLGILLLLLLGFL,Mutant,,clash,,LLLWTLLGILLGLLLGFLILI,0.6965952719259065,LLLWTLLGILLLLLLGFLILI_1,110011001100110000,1,-44.9483,-59.0686,-44.9483,-234.319,-230.037,-251.072,-355.357,4717.42,3780.53,3598.7,15155.6,65127000.0,15079.5,65127000.0,-59.3372,-76.8533,36.2418,-38.4227,8.05111,2.92063,1.96426,1565630.0,-69.6978,38.4736,-44.8571,1477970.0,6.5368,2.1486,1.2257,1,LLLWTLLGILLLLLLGFLILI,0.0458338779231159,0.0014009064599678,D,17,4.412668257430953,-20.620836020213005,-0.3551117240164412,-24.245514857399257,24.68324559523308,-5.210239688212516,15138.8372,0.0,16.753000000000014,936.8899999999999,16.15860688021006,0.0,0.01788150156368412,16.17649884191314
AFLLGTLLLVLLGLL,Mutant,,clash,,LLLAFLLGTLLGVLLGLLILI,1.0133801393730766,LLLAFLLGTLLLVLLGLLILI_0,110011001100110000,1,-56.3671,-69.2055,-58.6867,-232.212,-227.232,-234.985,-349.511,4596.86,3762.93,3456.86,15560.9,4920310.0,15499.9,4920260.0,-55.8396,-96.0513,38.9602,-43.4355,7.72663,6.16732,5.25172,4068080.0,-94.1397,39.8563,-36.5769,4919960.0,6.9528,6.00156,5.0994,0,LLLAFLLGTLLLVLLGLLILI,0.3452602509747494,0.001175424474588,D,16,-15.499741696797614,-25.579963562984982,-18.010423477885762,-27.791140586372247,-19.513841027873152,-29.11521214658746,15555.739599999999,2.319600000000001,2.7730000000000246,833.9299999999998,18.653531591380574,0.0027815284256472385,0.003325219143093575,18.659719640737237
YFLLATLLLVLLGLL,Mutant,,clash,,LLLYFLLATLLGVLLGLLILI,0.2556585740255835,LLLYFLLATLLLVLLGLLILI_0,110011001100110000,1,-47.5832,-48.4612,-58.7069,-233.691,-228.93,-250.782,-352.206,4775.6,3816.04,3554.93,15628.4,318903.0,15557.5,318828.0,-42.7171,-74.9656,32.59,-49.259,7.72813,2.14449,1.13334,311123.0,-72.6874,32.4259,-40.8381,318551.0,7.0033,1.78061,0.766999,0,LLLYFLLATLLLVLLGLLILI,0.1013337247046778,0.000772974772591,D,17,-14.225431239630984,-27.132212396413248,-29.2606661786156,-39.90504613883315,-25.200728273050487,-36.45602042804278,15600.2171,11.1237,17.091000000000008,959.5600000000004,16.257677581391466,0.011592500729501016,0.017811288507232483,16.287048230438945
FLLLGLLLLVLLGTL,Mutant,,clash,,LLLFLLLGLLLGVLLGTLILI,0.4731898370245836,LLLFLLLGLLLLVLLGTLILI_0,110011001100110000,1,-58.7224,-63.17,-58.7224,-219.915,-218.841,-240.017,-360.658,4695.82,3795.25,3614.72,15783.4,6221890.0,15701.4,6221810.0,-61.9186,-69.6889,40.3636,-39.453,7.90054,2.40243,1.50788,5517180.0,-69.6978,38.4736,-44.8571,6221530.0,6.5368,2.1486,1.2257,0,LLLFLLLGLLLLVLLGTLILI,0.182299947534273,0.0002269944048636,D,16,1.5888704256592965,-11.90196683630157,-11.972017343009009,-23.661990698832664,6.354072667738405,-7.769575724997499,15763.3186,0.0,20.102000000000004,900.5699999999997,17.503712759696644,0.0,0.022321418657072753,17.526011303951947
TALLAFLLGILLLLL,Mutant,,clash,,LLLTALLAFLLGILLGLLILI,0.8435344666458853,LLLTALLAFLLGILLLLLILI_0,110011001100110000,1,-53.7222,-50.9274,-44.9899,-224.064,-223.344,-246.797,-359.724,4634.3,3469.81,3453.57,15808.7,93639.2,15726.8,93553.7,-67.9371,-79.3165,46.9637,-37.5764,7.13255,4.73757,3.94203,90953.2,-77.6262,50.1878,-35.0,93279.4,7.3742,4.91928,4.1721,0,LLLTALLAFLLGILLLLLILI,0.2649339375852524,0.0003482444264633,D,17,-46.56387087821654,-57.33803026342421,-42.9607047056797,-54.461359203320114,-50.08414758863956,-60.14852460410087,15794.737099999998,-8.732300000000002,22.733000000000004,1164.4900000000002,13.563651984989132,-0.007498819225583733,0.019521850767288684,13.575642555968706
FYLLGVLLLLLLATL,Mutant,,clash,,LLLFYLLGVLLGLLLATLILI,1.079154088113534,LLLFYLLGVLLLLLLATLILI_1,110011001100110000,1,-62.9684,-62.7012,-58.7635,-223.842,-228.673,-245.688,-349.525,4784.63,3701.69,3573.31,17244.0,122178000.0,17181.3,122178000.0,-45.0731,-73.4712,39.548,-37.2414,8.25798,2.85966,1.95288,416947.0,-71.1945,47.5262,-42.4033,418269.0,7.5,3.59521,2.8081,1,LLLFYLLGVLLLLLLATLILI,0.0132797358125723,0.0006461657159104,D,16,-50.17300244238629,-61.27351396658175,-48.613639615922935,-60.06154764952163,-52.05388335913991,-62.73537023173117,17226.3731,-4.204900000000002,21.845999999999975,1082.94,15.907042957135205,-0.003882855929229691,0.02017286276247989,15.923319851515318
AYLLAVLLLLLLGFL,Mutant,,clash,,LLLAYLLAVLLGLLLGFLILI,0.652445054728546,LLLAYLLAVLLLLLLGFLILI_0,110011001100110000,1,-48.0443,-49.0916,-44.976,-227.266,-223.507,-245.113,-344.832,4655.8,3737.72,3472.04,17493.1,172487.0,17423.6,172415.0,-54.7423,-69.2327,40.4637,-42.3605,7.37818,2.34751,1.45446,168366.0,-67.1512,40.0821,-37.8379,172142.0,6.769,1.98377,1.085,0,LLLAYLLAVLLLLLLGFLILI,0.168399574165815,0.0022947314273566,D,16,-59.36400351273446,-65.19210012456776,-54.12472328425101,-60.70424803831379,-61.75564133330577,-67.24072442304734,17478.3423,-3.0683000000000007,17.84700000000001,918.0800000000004,19.037929483269423,-0.003342083478563959,0.019439482398048102,19.054004008365276
AFLLGVLLLLLLGYL,Mutant,,clash,,LLLAFLLGVLLGLLLGYLILI,1.2255624549164192,LLLAFLLGVLLLLLLGYLILI_1,110011001100110000,1,-44.9328,-44.9328,-44.9328,-227.264,-225.714,-242.813,-338.403,4674.22,3773.46,3463.32,18019.1,311944.0,17952.9,311876.0,-50.6572,-71.2611,41.7141,-42.3206,7.31337,2.82057,1.94628,104537.0,-69.605,42.1044,-35.8969,394415.0,6.5663,2.62484,1.75641,1,LLLAFLLGVLLLLLLGYLILI,0.2359640423775834,0.001457460350767,D,16,13.173055400932787,-1.8505521684285424,-5.50366948268998,-18.04796089028087,11.593039285607745,-3.2208227574371286,18003.557200000003,0.0,15.548999999999978,900.7600000000002,19.987074470447176,0.0,0.01726208979084326,20.0043296771615
YFLLATLLLILLALL,Mutant,,clash,,LLLYFLLATLLGILLALLILI,0.3543137440144219,LLLYFLLATLLLILLALLILI_2,110011001100110000,1,-48.9919,-61.5065,-58.7538,-234.077,-229.183,-253.367,-360.29,4791.65,4049.77,3658.65,18251.4,4470860.0,18174.2,4470790.0,-48.1697,-67.23,39.3423,-49.6346,7.73193,1.89571,0.985849,1719880.0,-61.1147,46.9486,-44.0887,4470500.0,6.8999,2.00527,1.2095,2,LLLYFLLATLLLILLALLILI,0.0473213361498652,0.0008735059020528,D,17,-40.99739880581492,-53.60717890910269,-44.03813806304452,-55.99806455633791,-49.20670370958429,-60.062026762806006,18222.3697,9.761899999999997,19.289999999999992,741.8799999999997,24.56242208982586,0.013158327492316818,0.02600150967811506,24.601552811775502
YTLLALLLLVLLAFL,Mutant,,clash,,LLLYTLLALLLGVLLAFLILI,0.1736281859403955,LLLYTLLALLLLVLLAFLILI_0,110011001100110000,1,-44.946,-65.6015,-44.946,-236.731,-231.271,-253.443,-349.678,4784.57,4176.86,3631.95,18344.8,139635.0,18276.8,139583.0,-51.2887,-78.2103,35.6638,-52.1969,8.40182,3.04616,2.08112,135897.0,-73.4033,37.0707,-43.7568,139286.0,7.4419,2.51504,1.5711,0,LLLYTLLALLLLVLLAFLILI,0.1324895605270528,0.0002813307994589,D,17,0.4572853500127553,-25.20661510448388,-15.082076159307412,-36.77612389966659,-18.38564314301022,-39.23572606868112,18328.0887,0.0,16.712000000000018,607.71,30.159267907390035,0.0,0.027499958861957212,30.186766714386792
TLLLGLLLGYLLLFL,Mutant,,clash,,LLLTLLLGLLLGYLLAFLILI,0.6553865409252224,LLLTLLLGLLLGYLLLFLILI_0,110011001100110000,1,-44.9618,-49.5499,-44.9618,-235.507,-233.201,-250.714,-353.311,4652.73,3989.65,3576.82,18886.9,111477.0,18814.0,111406.0,-57.6345,-99.4724,32.924,-42.5663,8.97425,5.8656,4.85946,108501.0,-93.4365,38.3915,-39.9749,111123.0,7.3305,5.69833,4.7742,0,LLLTLLLGLLLGYLLLFLILI,0.4951012375758719,0.0010988906166646,D,17,-26.31921324835513,-39.5550303390993,-34.78440746544304,-46.49955998086631,-34.10986098477184,-45.94618720410063,18871.6345,0.0,15.206999999999994,663.0799999999995,28.46056961452617,0.0,0.02293388429752067,28.483591723472305
AVLLLILLGLLLTFL,Mutant,,clash,,LLLAVLLGILLGLLLTFLILI,0.7311203011492566,LLLAVLLLILLGLLLTFLILI_0,110011001100110000,1,-55.2172,-57.4251,-58.7585,-220.793,-222.108,-243.746,-367.206,4558.95,3810.46,3603.27,20784.9,697732.0,20693.7,697644.0,-64.7022,-103.072,22.913,-42.5015,8.17749,5.05402,3.89772,394211.0,-106.47,21.0167,-38.4019,697364.0,7.4459,5.30775,4.123,0,LLLAVLLLILLGLLLTFLILI,0.2653299208788305,0.0010084474572776,D,16,-16.129003374792894,-31.719832276746057,-25.832043828883567,-39.6191688327601,-22.92446341995624,-37.252080256508016,20758.4022,3.5412999999999997,22.953000000000003,748.4899999999998,27.733706796349992,0.004731258934655106,0.030665740357252613,27.76910847172308
TFLLAILLLLLLGVL,Mutant,,clash,,LLLTFLLAILLGLLLGVLILI,0.4809431941561263,LLLTFLLAILLLLLLGVLILI_0,110011001100110000,1,-44.9455,-48.312,-44.9455,-234.014,-231.328,-247.776,-358.583,4675.95,3913.74,3648.14,20797.7,190765.0,20718.0,190686.0,-65.8616,-65.7086,42.9318,-51.6833,7.45715,2.15208,1.29605,186968.0,-62.6538,43.9976,-40.9419,190406.0,6.5,1.83774,0.997703,0,LLLTFLLAILLLLLLGVLILI,0.2209576648046807,0.0007114460300001,D,17,-41.67234725196,-53.82072798739982,-38.618288732379455,-51.4027633947333,-40.41952572801229,-52.82884192286817,20783.8616,0.0,13.762,762.21,27.267894149906194,0.0,0.018055391558756774,27.286049776308367
WTLLALLLLILLGFL,Mutant,,clash,,LLLWTLLALLLGILLGFLILI,0.1617966145866016,LLLWTLLALLLLILLGFLILI_0,110011001100110000,1,-44.9318,-58.179,-44.9318,-235.903,-231.917,-253.414,-357.532,4765.29,3872.78,3641.27,20912.8,522487.0,20836.1,522420.0,-59.1863,-53.8629,59.048,-48.846,7.24775,2.5509,1.93662,100032.0,-59.7943,45.2097,-45.0,522130.0,6.5,1.57245,0.750595,0,LLLWTLLALLLLILLGFLILI,0.1101630745911541,0.0012069395571334,D,17,-11.598800223256392,-29.16703106918313,-21.93798679427159,-37.45148063552606,-19.368511381340085,-35.3926446406264,20895.2863,0.0,17.510999999999996,892.5099999999998,23.41182317284961,0.0,0.019619948235874107,23.43144614626167
YGLLFVLLLLLLATL,Mutant,,clash,,LLLYGLLFVLLGLLLATLILI,0.0353711610443389,LLLYGLLFVLLLLLLATLILI_2,110011001100110000,1,-58.7786,-60.9714,-58.7786,-236.66,-232.946,-250.95,-354.147,4740.8,4080.91,3751.47,21062.7,386258.0,21004.0,386198.0,-44.4178,-75.78,42.0634,-55.7181,7.1069,3.54555,2.6765,383379.0,-69.9791,45.3649,-42.8506,385904.0,6.8462,3.12113,2.3016,2,LLLYGLLFVLLLLLLATLILI,0.1672924099719031,0.0004725801334707,D,17,27.65088474013617,14.464414442872869,-14.466676394091571,-23.30235844558378,0.6910672931586265,-9.71042558144188,21048.4178,0.0,14.289999999999992,659.8900000000003,31.896858264256146,0.0,0.021655124338904947,31.91850156844321
TFLLGLLLLVLLAIL,Mutant,,clash,,LLLTFLLGLLLGVLLAILILI,1.1233749410769338,LLLTFLLGLLLLVLLAILILI_0,110011001100110000,1,-44.9175,-47.9687,-44.9175,-234.425,-228.831,-248.052,-360.038,4657.01,3874.8,3549.23,21274.9,306494.0,21194.2,306411.0,-67.0683,-58.7993,68.3884,-53.0356,7.99584,4.55233,4.07815,301155.0,-66.0595,53.2865,-42.9639,306134.0,7.0854,3.6026,2.9019,0,LLLTFLLGLLLLVLLAILILI,0.2447497308450974,0.0010963716917116,D,17,-28.427949671714188,-41.22166174540919,-29.99335750134298,-42.50724837446713,-31.673264641448235,-43.88686722937627,21261.2683,0.0,13.626999999999981,782.21,27.18102338246762,0.0,0.017421152887332023,27.198450543971568
AVLLGFLLLTLLGLL,Mutant,,clash,,LLLAVLLGFLLGTLLGLLILI,1.0020958919573788,LLLAVLLGFLLLTLLGLLILI_0,110011001100110000,1,-44.9503,-51.9914,-58.7162,-220.97,-213.581,-238.584,-352.139,4597.54,3947.78,3428.83,21343.2,792272.0,21257.0,792185.0,-54.8388,-80.1068,45.8008,-61.3804,8.15305,4.69912,3.88613,705691.0,-77.6262,50.1878,-35.0,791920.0,7.3742,4.91928,4.1721,0,LLLAVLLGFLLLTLLGLLILI,0.2949492886239517,0.0007291042573464,D,16,-18.64598573430419,-27.465086263424897,-18.07627807900492,-26.957137196557223,-9.876374945764884,-19.646136359212736,21311.8388,13.765900000000002,17.614000000000004,649.7599999999998,32.79955491258312,0.02118613026348191,0.027108470819995092,32.84782073380942
YTLLAVLLLILLALL,Mutant,,clash,,LLLYTLLAVLLGILLALLILI,0.1202797548500845,LLLYTLLAVLLLILLALLILI_0,110011001100110000,1,-57.0593,-64.822,-44.9984,-232.073,-230.308,-251.094,-366.444,4714.2,4075.71,3651.37,21474.1,442544.0,21396.8,442473.0,-70.3514,-70.3531,39.9238,-47.9949,8.41477,2.44269,1.54154,418961.0,-66.3717,42.953,-43.9626,442178.0,7.3394,2.25441,1.39871,0,LLLYTLLAVLLLILLALLILI,0.1945255876056936,0.0003314632124603,D,17,-51.8232485286673,-60.78086866144133,-49.75945002231648,-59.100797211936126,-53.08360111064587,-61.80688083403296,21467.1514,-12.060900000000004,19.020999999999987,638.4899999999998,33.62175037980236,-0.018889724193017914,0.02979059969615811,33.632633244060216
AFLLGLLLGTLLLIL,Mutant,,clash,,LLLAFLLGLLLGTLLGILILI,0.5317981601247554,LLLAFLLGLLLGTLLLILILI_2,110011001100110000,1,-58.7594,-62.9011,-58.7594,-217.537,-220.511,-240.466,-355.765,4600.62,3824.76,3485.33,22651.1,718251.0,22571.6,718179.0,-56.5395,-84.8055,30.3246,-42.211,8.6014,3.31464,2.26951,594043.0,-87.7841,38.6606,-35.7467,717895.0,7.5,4.88679,3.9667,2,LLLAFLLGLLLGTLLLILILI,1.0565440531223915,0.0003731068885048,D,16,-87.63072965534437,-88.24958074432944,-83.48463643142522,-84.3109220929568,-87.3685209242872,-88.00049066572585,22628.139499999997,0.0,22.929000000000002,775.8599999999997,29.165235351738726,0.0,0.029553012141365725,29.19482896398836
FLLLGTLLLILLAVL,Mutant,,clash,,LLLFLLLGTLLGILLAVLILI,1.503873391230319,LLLFLLLGTLLLILLAVLILI_1,110011001100110000,1,-48.9884,-65.7882,-58.7549,-227.786,-220.306,-241.016,-361.835,4669.96,3935.43,3598.4,25776.2,405236000.0,25691.2,405236000.0,-62.0632,-74.9051,52.4741,-49.4483,7.85045,4.81976,4.10687,1388600.0,-72.0387,50.2766,-42.8887,1159150.0,6.71,4.09315,3.3473,1,LLLFLLLGTLLLILLAVLILI,0.1650741607113997,0.0009582739813969,D,16,-18.193229319532783,-37.59859889923125,-24.46502097374103,-42.38265996629583,-22.10310988534816,-40.581017388729215,25753.2632,9.7665,13.22999999999999,734.5300000000002,35.06087321144132,0.013296257470763614,0.018011517569057747,35.092099710018644
FYLLLVLLGILLALL,Mutant,,clash,,LLLFYLLGVLLGILLALLILI,0.5225161729668133,LLLFYLLLVLLGILLALLILI_1,110011001100110000,1,-54.4149,-54.4008,-44.9467,-224.999,-223.871,-246.593,-347.125,4684.31,3542.73,3720.18,26592.6,62891.5,26524.9,62822.7,-55.5859,-62.9026,43.3535,-42.0559,6.19516,1.78811,0.938408,47263.0,-62.6538,43.9976,-40.9419,54146.2,6.5,1.83774,0.997703,1,LLLFYLLLVLLGILLALLILI,0.3132702151784055,0.0013693681732693,D,16,-96.43771189443726,,-95.2035755553332,,-97.2795897328276,,26580.4859,-9.468200000000003,21.593999999999994,1141.5800000000004,23.28394497100509,-0.008293943481840958,0.01891588850540478,23.294556667075447
VFLLGTLLLILLALL,Mutant,,clash,,LLLVFLLGTLLGILLALLILI,1.038117504597757,LLLVFLLGTLLLILLALLILI_1,110011001100110000,1,-49.0012,-62.7636,-58.7536,-230.594,-226.934,-243.231,-363.401,4683.04,3909.78,3567.81,26651.5,1429200.0,26567.7,1429130.0,-61.4166,-69.5633,51.0888,-53.4063,7.5181,3.83147,3.0978,1270420.0,-65.0104,55.0216,-43.8705,1420590.0,6.506,3.67948,3.0048,1,LLLVFLLGTLLLILLALLILI,0.1228707607564648,0.0015284716475899,D,17,-35.32929251171821,-42.44751179949319,-41.21296180755357,-47.68357339330838,-36.42441760453767,-43.42209792094533,26629.1166,9.752400000000002,12.637,773.2599999999998,34.4374681219771,0.012612058039986556,0.01634249799549958,34.46641491865609
TFLLLVLLGLLLGAL,Mutant,,clash,,LLLTFLLGVLLGLLLGALILI,1.142476497063899,LLLTFLLLVLLGLLLGALILI_0,110011001100110000,1,-52.3253,-52.8959,-44.8802,-221.543,-225.423,-241.412,-348.019,4620.74,3517.91,3461.34,27036.2,57683.3,26962.0,57613.6,-61.7269,-83.8745,32.01,-43.9509,7.4124,3.40252,2.38267,56295.3,-80.3909,36.9211,-40.9331,57335.3,7.1519,3.54298,2.5968,0,LLLTFLLLVLLGLLLGALILI,0.1986462828358615,0.0003017744991969,D,17,-20.5666105075709,-35.76682331346774,-30.1630532148701,-43.526910147467,-29.914893772492384,-43.32623799422596,27023.7269,-7.4450999999999965,19.869,1102.83,24.503982390758324,-0.006750904491172708,0.018016376050705912,24.515292474814796
FYLLGVLLLILLALL,Mutant,,clash,,LLLFYLLGVLLGILLALLILI,0.7418850689822609,LLLFYLLGVLLLILLALLILI_2,110011001100110000,1,-47.0574,-52.53,-44.9467,-233.367,-227.816,-246.515,-345.652,4788.56,3765.27,3583.99,28739.7,514029.0,28674.4,513964.0,-54.19,-65.3271,45.1452,-50.233,7.65719,2.39367,1.57085,427434.0,-62.6538,43.9976,-40.9419,845715.0,6.5,1.83774,0.997703,2,LLLFYLLGVLLLILLALLILI,0.0939013191629579,0.0009197791035567,D,16,-71.6657965961057,-76.03609434365605,-67.84540513841438,-72.80496413832145,-72.73539980753685,-76.94072081517123,28728.59,-2.1107000000000014,13.147999999999996,1023.2900000000004,28.074729548808243,-0.0020626606338379153,0.012848752553039695,28.085586686081157
GLLLLLLLGTLLGFL,Mutant,,clash,,LLLGLLLGLLLGTLLGFLILI,1.0666736364391598,LLLGLLLLLLLGTLLGFLILI_0,110011001100110000,1,-68.9408,-68.4526,-58.6416,-226.422,-217.359,-239.766,-357.2,4558.27,3575.97,3444.46,29081.0,2120650.0,29019.2,2120580.0,-58.7926,-92.4866,61.4276,-34.2038,6.33428,8.66571,8.08712,2102360.0,-81.7407,58.0906,-35.0,2120290.0,6.5862,6.60334,5.9747,0,LLLGLLLLLLLGTLLGFLILI,0.0990893388934387,0.0003245972742724,D,16,3.592058375622331,-7.298088957887034,-18.414338844059653,-26.99105683018515,-9.274783670602304,-18.81230023494304,29077.9926,-10.299199999999999,13.343999999999994,982.3000000000006,29.601947063015356,-0.010484780616919468,0.01358444467067086,29.60500865316093
ALLLLILLGFLLGTL,Mutant,,clash,,LLLALLLGILLGFLLGTLILI,1.1246607896658976,LLLALLLLILLGFLLGTLILI_2,110011001100110000,1,-65.2839,-65.8549,-58.6933,-215.91,-216.974,-239.435,-355.644,4611.81,3674.25,3541.16,30031.8,255662.0,29957.3,255589.0,-57.5157,-78.9456,42.8063,-45.5291,7.05034,4.12068,3.26278,79322.4,-79.2928,46.8705,-41.4445,191159.0,6.9265,4.72144,3.9245,2,LLLALLLLILLGFLLGTLILI,0.22024200776017,0.0010817999109208,D,16,-14.59728281384015,-31.241700791539262,-25.637910221398403,-40.13058381247722,-30.61960579598544,-44.14138026215307,30014.8157,-6.590600000000002,23.525000000000006,937.5600000000004,32.013754533043205,-0.007029523443832927,0.02509172746277571,32.031869960322524
YLLLAILLLTLLTFL,Mutant,,clash,,LLLYLLLAILLGTLLTFLILI,-0.0900017745555809,LLLYLLLAILLLTLLTFLILI_2,110011001100110000,1,-55.2263,-59.6802,-72.4884,-246.728,-244.719,-255.734,-373.772,4737.68,4091.24,3749.16,32655.4,727267.0,32583.6,727197.0,-45.5494,-66.1095,45.8974,-45.6887,7.09377,2.61258,1.80105,637094.0,-62.8637,50.8317,-39.7383,726893.0,6.5162,2.79183,2.05431,2,LLLYLLLAILLLTLLTFLILI,0.1253340671967295,0.0005933721527402,D,17,16.53348700322684,-8.966289678657892,-21.44390455238287,-38.63349479316568,-13.706802820193412,-32.58942028782297,32629.1494,17.262099999999997,9.006,646.4400000000005,50.47513984283147,0.026703329001918172,0.013931687395581946,50.51574778788437
TFLLGILLLLLLGVL,Mutant,,clash,,LLLTFLLGILLGLLLGVLILI,1.244315528172996,LLLTFLLGILLLLLLGVLILI_0,110011001100110000,1,-60.9534,-52.0017,-44.9552,-211.838,-227.7,-247.087,-354.466,4678.42,3254.58,3465.17,34117.4,6592680.0,34035.7,6592610.0,-62.4241,-83.4033,29.8215,-33.7957,6.26627,3.0364,1.98372,3968610.0,-80.9864,40.2503,-44.8665,6592330.0,6.9244,4.08175,3.1855,0,LLLTFLLGILLLLLLGVLILI,0.0615019229563522,0.001282289706234,D,17,-43.05025365290374,-63.1324190705957,-44.39549227664815,-64.00328675678314,-39.62668646299392,-60.916102957930704,34098.12409999999,-15.998200000000004,35.248999999999995,1423.8400000000001,23.948002654792667,-0.01123595347791887,0.024756292841892343,23.961540622541857
ALLLLLLLGVLLGTL,Mutant,,clash,,LLLALLLGLLLGVLLGTLILI,0.9933985861872526,LLLALLLLLLLGVLLGTLILI_1,110011001100110000,1,-71.008,-68.5765,-58.7166,-222.755,-207.161,-237.009,-371.766,4551.61,3438.66,3453.88,34332.7,19808700.0,34254.7,19808600.0,-76.0399,-84.9022,65.0739,-32.6509,6.35354,8.02031,7.49642,1879080.0,-78.1087,59.6093,-35.0,2085360.0,6.7754,6.26356,5.6577,1,LLLALLLLLLLGVLLGTLILI,0.2310340872326483,0.0013382405378437,D,16,-35.284478723895205,-41.06434688763873,-37.58921796784305,-43.16324541951085,-47.63089290619454,-52.30807897974508,34330.7399,-12.291399999999996,14.25399999999999,1112.9499999999998,30.846614762567956,-0.01104398220944337,0.012807403746799041,30.848375937822905
TYLLAVLLLLLLGFL,Mutant,,clash,,LLLTYLLAVLLGLLLGFLILI,0.6716279235136365,LLLTYLLAVLLLLLLGFLILI_2,110011001100110000,1,-46.6697,-51.2731,-44.9499,-236.377,-235.451,-253.66,-354.006,4686.53,3931.4,3675.21,34437.0,441294.0,34366.0,441226.0,-55.3953,-68.8533,47.5094,-48.5687,7.21088,3.24176,2.45441,427642.0,-65.7313,50.1254,-42.5945,440940.0,6.5,3.12662,2.3785,2,LLLTYLLAVLLLLLLGFLILI,0.1711259772557826,0.0004291516376814,D,17,-63.84280085622691,-73.6951237089576,-57.932841641494015,-69.39554438008062,-61.7471937716975,-72.17053976942222,34421.3953,-1.7197999999999993,17.282999999999987,755.1299999999997,45.58340325506868,-0.0022774886443393855,0.022887449843073372,45.60406817369197
YLLLATLLLILLAFL,Mutant,,clash,,LLLYLLLATLLGILLAFLILI,0.0388457131406236,LLLYLLLATLLLILLAFLILI_0,110011001100110000,1,-48.9905,-61.5797,-58.7557,-236.591,-231.805,-252.526,-359.056,4735.6,4077.82,3670.93,34741.2,586839.0,34667.8,586773.0,-47.774,-68.5979,50.084,-51.2372,7.60776,3.55102,2.80229,523776.0,-65.984,55.7173,-41.1231,586480.0,6.918,3.91944,3.2552,0,LLLYLLLATLLLILLAFLILI,0.1549334231580356,0.0023120599147419,D,17,5.027938996662153,-11.847169141432197,-19.995024452739667,-32.84962892125655,-11.763149615808018,-25.940390512112888,34715.574,9.7652,15.935000000000002,657.7800000000002,52.7768767673082,0.014845693088874696,0.024225424914105016,52.81583508163822
TFLLAVLLLILLALL,Mutant,,clash,,LLLTFLLAVLLGILLALLILI,0.2520974509275659,LLLTFLLAVLLLILLALLILI_2,110011001100110000,1,-44.9822,-47.7679,-44.9822,-235.748,-233.394,-249.166,-364.832,4677.4,3872.11,3689.77,35410.0,302644.0,35325.9,302560.0,-70.684,-74.4213,38.2645,-49.4262,7.60995,2.8289,1.90287,211923.0,-70.6256,40.5984,-41.2559,302279.0,6.8843,2.57462,1.6836,2,LLLTFLLAVLLLILLALLILI,0.2369927573276327,0.0007217425795819,D,17,-50.691117176164425,-55.72532027362035,-50.82671844083095,-55.84707729222998,-51.51911063989149,-56.46877953131683,35396.584,0.0,13.418000000000006,805.2899999999995,43.95507705298715,0.0,0.016662320406313273,43.97173688981612
AFLLLILLGLLLGTL,Mutant,,clash,,LLLAFLLGILLGLLLGTLILI,1.1331910318693783,LLLAFLLLILLGLLLGTLILI_1,110011001100110000,1,-64.7574,-64.8401,-58.7892,-223.294,-224.374,-240.452,-354.982,4615.1,3597.72,3483.99,35836.8,70011.5,35769.9,69945.7,-55.7405,-79.8401,35.1455,-41.9683,7.48519,3.22065,2.24783,45270.5,-80.3909,36.9211,-40.9331,72772.0,7.1519,3.54298,2.5968,1,LLLAFLLLILLGLLLGTLILI,0.2408902824337339,0.0013452729985445,D,16,-54.22987311010424,-63.23650336035704,-48.699048889754906,-58.79403287893575,-59.079965819416834,-67.13219644964435,35825.6405,-5.968200000000003,17.157999999999987,1017.3800000000006,35.21362765141833,-0.0058662446676757945,0.01686488824234797,35.22459651261081
AVLLLILLGLLLGFL,Mutant,,clash,,LLLAVLLGILLGLLLGFLILI,1.0567982245855423,LLLAVLLLILLGLLLGFLILI_2,110011001100110000,1,-52.6357,-53.6293,-44.9348,-217.715,-219.245,-239.391,-351.231,4546.93,3633.29,3406.92,35922.0,127196.0,35841.2,127118.0,-66.9054,-77.2069,35.464,-41.0431,7.09762,2.86867,1.90063,77467.0,-78.3112,37.3108,-36.9447,126845.0,6.8995,3.28364,2.3433,2,LLLAVLLLILLGLLLGFLILI,0.3107799986270328,0.0010213154910736,D,16,-25.478918412672257,-36.72091189130136,-24.754930750600224,-36.10614251219377,-25.86194362570265,-37.04615524106139,35908.1054,-7.700899999999997,21.675999999999988,913.6400000000003,39.3022474935423,-0.008428812223632934,0.023724880696992228,39.317455452913606
ALLLLILLGLLLGFL,Mutant,,clash,,LLLALLLGILLGLLLGFLILI,1.1611231713977528,LLLALLLLILLGLLLGFLILI_2,110011001100110000,1,-53.1681,-53.6041,-44.9506,-215.329,-218.385,-240.265,-357.368,4576.49,3607.49,3409.81,35948.8,123527.0,35859.9,123442.0,-72.152,-78.7938,37.4099,-41.0384,6.91552,3.3694,2.43055,117868.0,-80.9675,41.2498,-36.7766,123170.0,6.7833,4.21385,3.3326,2,LLLALLLLILLGLLLGFLILI,0.0792033030519184,0.0009302352295866,D,16,-27.213306253116706,-37.94422117422302,-29.31052850686997,-39.73225073880237,-36.19575156997106,-45.6023879517354,35932.052,-8.217500000000001,24.93599999999998,969.0,37.081581011351915,-0.008480392156862747,0.02573374613003094,37.09886480908153
AYLLLTLLGLLLGFL,Mutant,,clash,,LLLAYLLGTLLGLLLGFLILI,0.680034803467156,LLLAYLLLTLLGLLLGFLILI_0,110011001100110000,1,-52.1393,-54.9053,-58.6855,-221.27,-222.407,-244.006,-347.762,4614.39,3637.81,3439.38,35957.5,963350.0,35883.1,963280.0,-45.0707,-80.4503,44.2005,-43.6346,6.74031,4.53461,3.69762,783343.0,-81.8261,48.1246,-38.4583,963003.0,6.5,5.27073,4.4926,0,LLLAYLLLTLLGLLLGFLILI,0.4250997940106021,0.0010645239531553,D,16,-92.98302913292478,-95.13231508469796,-91.00483137143496,-93.76003585117992,-94.60711416168024,-96.25894569859076,35928.170699999995,6.546199999999999,22.73599999999999,976.5800000000004,36.789787523807554,0.006703188678858871,0.023281246800057324,36.8198201888222
AFLLLTLLGVLLGLL,Mutant,,clash,,LLLAFLLGTLLGVLLGLLILI,1.0384134686971267,LLLAFLLLTLLGVLLGLLILI_2,110011001100110000,1,-44.928,-53.9409,-58.6867,-227.694,-227.299,-238.952,-353.051,4611.06,3876.36,3475.73,36144.5,5481520.0,36064.1,5481450.0,-55.4127,-94.124,38.4419,-46.7573,8.34876,5.80826,4.88489,4735120.0,-94.1397,39.8563,-36.5769,5481160.0,6.9528,6.00156,5.0994,2,LLLAFLLLTLLGVLLGLLILI,0.3202269216506991,0.0009169109905562,D,16,-60.039166583794376,-65.30218295410498,-57.29720056504223,-62.9213458410797,-67.25043160840887,-71.56369286525873,36119.5127,13.758700000000005,11.25800000000001,734.7000000000003,49.16226037838572,0.018726963386416225,0.015323261195045604,49.19627058663398
AFLLLLLLGTLLGVL,Mutant,,clash,,LLLAFLLGLLLGTLLGVLILI,1.2012221271896029,LLLAFLLLLLLGTLLGVLILI_1,110011001100110000,1,-65.1875,-64.023,-58.6456,-218.362,-219.374,-238.911,-352.424,4561.43,3514.25,3409.6,36160.7,322818.0,36091.8,322749.0,-54.8676,-71.7002,41.9538,-40.3973,7.44393,2.91879,2.0481,312117.0,-70.7932,46.6401,-35.0,436736.0,7.2306,3.4154,2.615,1,LLLAFLLLLLLGTLLGVLILI,0.2581505765919895,0.0015136914923578,D,16,-36.357048489644825,-46.44005994835104,-40.00978717241882,-49.514091875388274,-47.360992606173056,-55.70063905768183,36146.6676,-6.541899999999998,20.549000000000007,1047.1800000000003,34.5181034779121,-0.006247159036650811,0.0196231784411467,34.53150365744188
AYLLLVLLGTLLGLL,Mutant,,clash,,LLLAYLLGVLLGTLLGLLILI,0.625094081290346,LLLAYLLLVLLGTLLGLLILI_0,110011001100110000,1,-66.0129,-68.3223,-58.7364,-218.133,-220.035,-241.583,-358.814,4570.36,3632.85,3532.28,36176.1,826199.0,36101.4,826129.0,-58.4953,-77.3953,44.2794,-41.2904,7.30564,4.08702,3.25121,713358.0,-78.2582,48.5511,-37.611,825841.0,7.3268,4.79313,4.0214,0,LLLAYLLLVLLGTLLGLLILI,0.5399924868178956,0.0007393396304437,D,16,-97.66915443599136,-97.98610007776544,-97.09722120217286,-97.4919376532376,-98.3741375792542,-98.59522044134368,36159.895300000004,-7.276499999999999,23.44999999999999,937.5099999999998,38.570143571801914,-0.007761517210483088,0.025013066527290368,38.587428400763734
TALLLILLGLLLGFL,Mutant,,clash,,LLLTALLGILLGLLLGFLILI,0.733575751253629,LLLTALLLILLGLLLGFLILI_0,110011001100110000,1,-52.9458,-53.5139,-44.9667,-226.672,-224.365,-243.302,-354.514,4559.99,3520.43,3414.91,36250.0,142372.0,36175.1,142295.0,-66.2449,-80.9484,52.8038,-42.0952,6.80824,5.77078,5.06284,87972.6,-80.1891,50.0903,-39.6088,142018.0,6.6695,5.29055,4.5419,0,LLLTALLLILLGLLLGFLILI,0.3702695689989655,0.0015971009151469,D,17,-47.83507084087004,-55.37074009270224,-38.392316104011485,-47.29207187278443,-36.78859632455495,-45.92002310343777,36241.3449,-7.979099999999995,16.629999999999995,1039.56,34.86219641001962,-0.007675458847974139,0.01599715264150217,34.870522143984
AYLLLVLLGLLLGFL,Mutant,,clash,,LLLAYLLGVLLGLLLGFLILI,0.806152165792807,LLLAYLLLVLLGLLLGFLILI_2,110011001100110000,1,-52.901,-53.2261,-44.9116,-224.384,-224.654,-243.342,-340.239,4629.79,3571.82,3379.63,36347.9,101386.0,36285.0,101324.0,-51.985,-77.2356,35.6308,-43.914,6.83839,2.89549,1.92995,89140.0,-78.3342,38.1851,-39.2997,102791.0,6.6883,3.40512,2.4779,2,LLLAYLLLVLLGLLLGFLILI,0.3933301969701375,0.0015604036792272,D,16,-91.46888822352348,-92.76175817520787,-88.9568404424924,-90.63040533504557,-94.04331089858698,-94.94603314071936,36336.985,-7.989400000000003,18.958000000000027,1057.9699999999998,34.345950263239985,-0.007551631898825113,0.017919222662268336,34.356267190941146
AILLLVLLGLLLGFL,Mutant,,clash,,LLLAILLGVLLGLLLGFLILI,0.9406624764705708,LLLAILLLVLLGLLLGFLILI_2,110011001100110000,1,-50.7848,-53.2056,-44.9261,-219.569,-221.715,-238.595,-350.364,4546.16,3662.39,3462.41,36415.0,411725.0,36335.0,411650.0,-66.8432,-82.5013,32.4899,-45.3828,7.9233,3.26133,2.24868,394135.0,-83.7055,31.7125,-44.5563,411375.0,7.4442,3.33701,2.3127,2,LLLAILLLVLLGLLLGFLILI,0.2247752558235393,0.0006389414295315,D,16,-8.77443511164818,-18.123819990673816,-23.1381012925484,-31.01540492369757,-25.152185677776444,-32.82307293738131,36401.8432,-5.858699999999999,19.02600000000001,883.77,41.189272321984234,-0.006629213483146067,0.021528225669574675,41.204159453251414
YGLLFVLLLILLALL,Mutant,,clash,,LLLYGLLFVLLGILLALLILI,0.1229960273100747,LLLYGLLFVLLLILLALLILI_2,110011001100110000,1,-45.0124,-45.3507,-45.0124,-239.636,-237.357,-251.796,-350.547,4739.01,3954.2,3750.16,36745.0,22534200.0,36679.1,22534100.0,-53.7385,-65.9079,53.6582,-46.3824,7.96904,3.63004,2.93492,676012.0,-63.0279,55.5114,-39.6932,688651.0,7.1542,3.44823,2.7809,2,LLLYGLLFVLLLILLALLILI,0.2289043911603911,0.0008510796792439,D,17,-20.32172007845722,-32.75630592208853,-30.562772137988446,-41.39914023534399,-31.91228992326474,-42.53805238549552,36732.8385,0.0,12.159999999999997,784.8100000000004,46.8047533797989,0.0,0.015494196047450963,46.82024948713699
LYLLATLLLILLAFL,Mutant,,clash,,LLLLYLLATLLGILLAFLILI,0.0461391469525686,LLLLYLLATLLLILLAFLILI_2,110011001100110000,1,-53.5989,-65.7711,-58.733,-229.806,-228.888,-246.913,-355.012,4705.46,3998.36,3565.42,37711.0,588980.0,37639.4,588920.0,-49.366,-65.4069,46.112,-48.268,7.54819,2.53616,1.72784,580514.0,-64.8623,49.1543,-41.4031,588625.0,6.6483,2.86518,2.1025,2,LLLLYLLATLLLILLAFLILI,0.1486226772175474,0.0006708708368274,D,16,-67.88191581035319,-74.75067280163998,-66.73211124628571,-73.84676485118798,-70.80341958712786,-77.04738528098538,37688.766,5.1340999999999966,17.107,707.0999999999999,53.30047518031397,0.007260783481827178,0.0241931834252581,53.33191910620847
YLLLAVLLLTLLAFL,Mutant,,clash,,LLLYLLLAVLLGTLLAFLILI,-0.0011549933184126,LLLYLLLAVLLLTLLAFLILI_2,110011001100110000,1,-44.9336,-52.1884,-58.6831,-234.918,-232.931,-251.092,-358.373,4721.32,4130.12,3792.05,37750.0,30294600.0,37671.5,30294500.0,-48.598,-65.3944,54.3232,-52.1161,7.38576,3.6428,2.95765,81949.7,-64.2017,54.9837,-44.9781,606613.0,6.5586,3.55305,2.8778,2,LLLYLLLAVLLLTLLAFLILI,0.0300455092434958,0.0006311669477491,D,17,31.524685453871346,5.602993625131161,-1.812907742472059,-21.16422219934921,-0.2292918298056727,-19.892715025217875,37720.098,13.749500000000005,16.174000000000007,591.1999999999998,63.802601488497984,0.023256935047361316,0.027357916102841696,63.85317997293642
AFLLGVLLGTLLLLL,Mutant,,clash,,LLLAFLLGVLLGTLLGLLILI,1.1004268636785095,LLLAFLLGVLLGTLLLLLILI_1,110011001100110000,1,-58.6941,-64.7665,-58.6941,-220.752,-228.264,-239.044,-352.78,4605.91,3636.43,3451.64,37859.9,417726.0,37786.6,417666.0,-55.0418,-90.3368,35.148,-40.3671,8.05108,4.7955,3.82272,301915.0,-97.484,35.8407,-36.8474,662214.0,6.7321,5.96109,4.9987,1,LLLAFLLGVLLGTLLLLLILI,1.1600370316420854,0.0007884307833335,D,16,-89.9526932131597,-91.78933574627098,-84.12758178828089,-87.02905170548854,-85.9622782863681,-88.52836662369299,37841.6418,0.0,18.292,969.48,39.032926723604405,0.0,0.018867846680694807,39.05175970623427
LFLLATLLLVLLAIL,Mutant,,clash,,LLLLFLLATLLGVLLAILILI,0.3098399949043936,LLLLFLLATLLLVLLAILILI_2,110011001100110000,1,-49.0059,-62.4087,-58.7606,-223.722,-221.504,-244.255,-365.204,4691.1,3954.7,3620.3,37895.4,684235.0,37802.9,684153.0,-62.188,-63.407,41.7203,-48.0388,7.32238,1.64328,0.769087,669781.0,-60.6662,45.6178,-42.1957,683869.0,6.5,1.75833,0.942597,2,LLLLFLLATLLLVLLAILILI,0.2558226038414456,0.0007845570946129,D,16,-21.614960400298244,-37.917309056042,-31.580285895674763,-45.810068006536426,-33.69528474816256,-47.48519403538549,37865.088,9.7547,20.532999999999987,736.4000000000005,51.41918522542093,0.013246469310157513,0.027882944052145534,51.46034763715368
VFLLATLLLILLALL,Mutant,,clash,,LLLVFLLATLLGILLALLILI,0.2535083835939494,LLLVFLLATLLLILLALLILI_2,110011001100110000,1,-48.9793,-62.3624,-58.7317,-225.341,-224.393,-244.406,-367.676,4685.44,3834.52,3610.33,38568.6,706363.0,38475.3,706282.0,-64.5385,-57.5841,44.458,-49.0558,7.59428,1.13944,0.30631,691099.0,-57.4619,46.8821,-41.5356,705995.0,6.7733,1.44837,0.651602,2,LLLVFLLATLLLILLALLILI,0.2228432264659726,0.0005454893139579,D,17,-31.88810245552373,-45.072511834671005,-34.81716085269504,-47.43459285496747,-38.35793171478088,-50.289977253799776,38539.838500000005,9.752399999999994,19.064999999999998,850.9199999999996,45.291964579513966,0.011461006910167817,0.022405161472288826,45.325765054294195
YLLLAILLLVLLATL,Mutant,,clash,,LLLYLLLAILLGVLLATLILI,0.1411866929635292,LLLYLLLAILLLVLLATLILI_2,110011001100110000,1,-58.7692,-61.4978,-58.7692,-236.095,-234.896,-250.116,-372.872,4683.44,4026.06,3746.4,38692.7,245797.0,38614.7,245720.0,-63.9863,-62.5116,43.7402,-49.3619,7.84319,1.78166,0.937765,213896.0,-62.2783,46.1971,-42.3028,245424.0,7.14,2.07835,1.27131,2,LLLYLLLAILLLVLLATLILI,0.0036930853524792,0.0012808026005011,D,17,-1.7454188493752076,-20.166103004739284,-20.4464030750268,-35.36104283245001,-20.789178613034395,-35.639555108145764,38678.686299999994,0.0,14.021000000000015,657.3799999999997,58.83763774377075,0.0,0.02132860750251,58.858955246584955
YTLLAILLLVLLALL,Mutant,,clash,,LLLYTLLAILLGVLLALLILI,0.1391580985931403,LLLYTLLAILLLVLLALLILI_1,110011001100110000,1,-59.267,-62.4278,-45.0036,-231.575,-230.639,-252.525,-366.92,4734.13,3889.96,3668.25,38823.8,181405.0,38747.7,181332.0,-69.3917,-66.4008,43.8503,-48.5763,8.10102,2.37992,1.53767,128680.0,-66.3717,42.953,-43.9626,239250.0,7.3394,2.25441,1.39871,1,LLLYTLLAILLLVLLALLILI,0.1882076466588017,0.0011350466470947,D,17,-41.80146707249104,-53.53886580695588,-45.10089510905514,-56.172869811112456,-45.41300634736676,-56.42203489134594,38817.0917,-14.263400000000004,20.950000000000017,844.1700000000001,45.982552921804846,-0.016896359737967475,0.02481727614106165,45.990499543930724
VYLLALLLLTLLAFL,Mutant,,clash,,LLLVYLLALLLGTLLAFLILI,0.3690270894809102,LLLVYLLALLLLTLLAFLILI_0,110011001100110000,1,-47.8428,-50.7491,-58.759,-226.265,-226.599,-246.249,-357.236,4706.14,3958.29,3648.33,38943.7,460099.0,38860.6,460019.0,-52.2278,-57.4239,42.4579,-47.4299,7.21538,0.845398,-0.0177341,178308.0,-56.7125,44.1422,-44.865,459742.0,6.5,0.966067,0.128199,0,LLLVYLLALLLLTLLAFLILI,0.0962169959271067,0.0013386496969053,D,17,-34.37213307470044,-42.25916057349764,-37.752906763506665,-45.233639553972495,-44.37139184652008,-51.05672816448556,38912.8278,10.916200000000003,19.98400000000001,747.8500000000004,52.03293147021459,0.014596777428628733,0.026721936217155847,52.07421274319714
TFLLAVLLLLLLGYL,Mutant,,clash,,LLLTFLLAVLLGLLLGYLILI,0.4749720376204275,LLLTFLLAVLLLLLLGYLILI_2,110011001100110000,1,-44.9219,-48.6559,-44.9219,-234.707,-233.22,-250.937,-350.268,4707.71,3970.83,3621.63,38957.6,352148.0,38887.0,352079.0,-54.4089,-65.1751,47.2323,-52.2772,7.54177,2.65263,1.86112,328374.0,-64.6051,48.7376,-45.0,351797.0,6.7648,2.77034,2.0014,2,LLLTFLLAVLLLLLLGYLILI,0.1607118294387383,0.0022621621226621,D,17,-3.6448624009626105,-18.088724091481165,-6.905925800750927,-20.86094641974757,1.131680595045359,-14.028196121887763,38941.4089,0.0,16.230000000000018,736.8800000000001,52.84633712409076,0.0,0.022025295841928152,52.86830962979046
YALLFILLLVLLALL,Mutant,,clash,,LLLYALLFILLGVLLALLILI,0.2413839662397401,LLLYALLFILLLVLLALLILI_2,110011001100110000,1,-45.0245,-46.4486,-45.0245,-239.369,-237.445,-252.644,-354.356,4756.95,4023.36,3789.95,39026.9,124191.0,38957.0,124121.0,-56.6883,-62.3003,46.872,-47.3847,6.97108,2.17277,1.37585,70123.6,-60.4345,49.6195,-40.8976,123837.0,6.6471,2.26381,1.5081,2,LLLYALLFILLLVLLALLILI,0.2083603068852559,0.0012656963744655,D,17,-20.311831373988166,-35.49540516053232,-34.0060745962776,-46.58038334383776,-28.27208049353394,-41.9389293766218,39013.6883,0.0,13.275000000000006,733.5899999999997,53.181870390817785,0.0,0.018095939148570744,53.19988004198533
AFLLLTLLGLLLAVL,Mutant,,clash,,LLLAFLLGTLLGLLLAVLILI,0.9250653473276832,LLLAFLLLTLLGLLLAVLILI_2,110011001100110000,1,-51.582,-51.1204,-58.7424,-216.988,-218.603,-240.128,-356.827,4630.65,3598.13,3532.43,40322.4,2168150.0,40234.2,2168070.0,-57.9561,-74.347,46.0329,-44.7915,6.76427,3.86649,3.05698,2163490.0,-73.1449,51.1091,-38.7208,4230380.0,6.6288,4.37146,3.6381,2,LLLAFLLLTLLGLLLAVLILI,0.4481000539156677,0.0007528390276632,D,16,-43.475754012523886,-52.0105021511992,-43.6240410368988,-52.13639891838157,-48.67832400268171,-56.42752208643606,40292.1561,7.160400000000003,23.139999999999986,1032.5199999999995,39.02312410413359,0.006934877774764659,0.022411188161004143,39.05241544957969
AFLLLVLLGLLLGTL,Mutant,,clash,,LLLAFLLGVLLGLLLGTLILI,0.859629273286826,LLLAFLLLVLLGLLLGTLILI_0,110011001100110000,1,-64.3904,-68.5786,-58.7167,-227.883,-225.218,-238.907,-352.546,4621.21,3639.7,3359.33,40365.1,3989950.0,40304.8,3989890.0,-54.9229,-84.4277,48.0416,-49.0977,7.3118,5.64977,4.8704,3088350.0,-83.578,48.738,-35.1079,3989600.0,6.9512,5.61633,4.8474,0,LLLAFLLLVLLGLLLGTLILI,0.3191789853163585,0.0010436547619607,D,16,-54.60225822705087,-57.50884333408739,-48.89142547218743,-52.16364597838279,-61.46375397069082,-63.93103261530011,40359.7229,-5.673699999999997,11.024000000000001,981.5100000000002,41.12003229717475,-0.005780582979287012,0.01123167364570916,41.12551069270816
ALLLLILLGVLLGTL,Mutant,,clash,,LLLALLLGILLGVLLGTLILI,0.8355096202272256,LLLALLLLILLGVLLGTLILI_2,110011001100110000,1,-64.1903,-66.9717,-58.7478,-214.257,-216.238,-236.996,-368.939,4489.85,3676.89,3579.97,40384.9,1836860.0,40294.4,1836770.0,-73.1949,-82.1965,40.087,-50.0384,7.13585,4.24122,3.34253,1242440.0,-86.55,35.742,-43.5248,1836490.0,6.8226,4.30767,3.3438,2,LLLALLLLILLGVLLGTLILI,0.2831557065557388,0.0011918924787318,D,16,-7.441265402833026,-20.13995979661737,-18.082837094044653,-29.32154970043344,-18.01584167485727,-29.26374578929493,40367.594900000004,-5.4424999999999955,22.739000000000004,812.9600000000005,49.6550813078134,-0.0066946713245424035,0.027970625861050962,49.676367840976155
ALLLLILLGTLLGFL,Mutant,,clash,,LLLALLLGILLGTLLGFLILI,1.0276441625181132,LLLALLLLILLGTLLGFLILI_2,110011001100110000,1,-64.6017,-67.2956,-58.7518,-218.506,-218.958,-239.401,-358.318,4538.73,3759.13,3508.58,40416.7,1357620.0,40341.5,1357540.0,-60.1659,-82.8301,44.6633,-47.9486,6.92273,4.95405,4.124,327038.0,-87.213,39.461,-38.899,1357260.0,6.5512,4.90918,4.00109,2,LLLALLLLILLGTLLGFLILI,0.1808168966820207,0.0008482729640957,D,16,-24.315726385047167,-32.467450525363475,-26.398756064700013,-34.326123380096405,-39.52023394002695,-46.03432657041934,40401.6659,-5.849899999999991,20.89500000000001,779.5999999999995,51.82358376090306,-0.007503719856336576,0.02680220625962035,51.84286813750644
TFLLLVLLGILLGLL,Mutant,,clash,,LLLTFLLGVLLGILLGLLILI,0.9188614468826234,LLLTFLLLVLLGILLGLLILI_0,110011001100110000,1,-50.4114,-48.31,-44.9604,-225.816,-224.518,-245.204,-355.475,4630.45,3681.53,3521.56,40420.9,136197.0,40341.7,136114.0,-65.3103,-85.7973,42.6232,-47.6412,7.21465,5.12373,4.26307,136064.0,-91.396,35.576,-35.8075,135841.0,7.4513,5.01216,4.0458,0,LLLTFLLLVLLGILLGLLILI,0.2616995622993451,0.0008255443813707,D,17,-63.43559001061831,-71.4301391711804,-62.6390441995264,-70.80775245761703,-73.92973756006369,-79.62981571708444,40407.010299999994,-5.4510000000000005,19.388000000000005,948.9199999999996,42.58210418159593,-0.005744425241326985,0.02043164861105258,42.59674155882479
TLLLLLLLGVLLGIL,Mutant,,clash,,LLLTLLLGLLLGVLLGILILI,1.1067419803101124,LLLTLLLLLLLGVLLGILILI_2,110011001100110000,1,-50.6267,-47.9896,-44.9695,-223.987,-221.585,-242.722,-373.758,4575.82,3665.29,3532.15,40431.4,990280.0,40332.3,990176.0,-86.0665,-84.2159,41.6017,-44.7435,7.3176,4.74861,3.87263,300178.0,-85.5673,40.094,-37.7266,305033.0,7.033,4.74779,3.8492,2,LLLTLLLLLLLGVLLGILILI,0.1112487931881168,0.0017850739030144,D,17,-31.79713552955868,-42.60176414264991,-36.9967578686478,-46.97766758461648,-41.82188538157207,-51.038403290939286,40418.366500000004,-5.657200000000003,18.735000000000014,910.5299999999997,44.3899338846606,-0.006213084686940578,0.020575928305492427,44.40424807529682
TLLLLILLGLLLGFL,Mutant,,clash,,LLLTLLLGILLGLLLGFLILI,1.516538664448126,LLLTLLLLILLGLLLGFLILI_0,110011001100110000,1,-50.775,-52.8054,-44.942,-230.596,-229.087,-245.145,-363.573,4596.44,3715.89,3482.86,40499.8,962213.0,40417.6,962131.0,-73.486,-85.4405,39.6431,-46.5379,7.64964,4.6679,3.76254,829258.0,-88.5873,34.12,-39.5515,961849.0,7.2522,4.3943,3.4061,0,LLLTLLLLILLGLLLGFLILI,0.0682233287128826,0.0012016098361657,D,17,-31.65830256681465,-44.85056261886657,-38.9996198915525,-50.77475729505942,-37.207069301129394,-49.32822962232051,40491.085999999996,-5.832999999999998,14.549000000000007,880.5499999999997,45.98385781613765,-0.006624268922832321,0.016522627903015175,45.99375390381014
TLLLLVLLGLLLGFL,Mutant,,clash,,LLLTLLLGVLLGLLLGFLILI,1.0754992283113904,LLLTLLLLVLLGLLLGFLILI_0,110011001100110000,1,-50.8556,-52.9519,-44.9091,-227.496,-226.461,-243.705,-359.745,4601.09,3711.96,3457.59,40683.3,264431.0,40601.9,264350.0,-71.1312,-85.1492,38.9915,-45.9589,7.78302,4.53624,3.62111,239307.0,-87.8363,33.3963,-37.1588,264071.0,7.4752,4.18395,3.1849,0,LLLTLLLLVLLGLLLGFLILI,0.1947508596764346,0.000266997818953,D,17,-18.913413231862915,-31.729878462752414,-30.45780155115912,-41.449572249903305,-29.67664895466292,-40.79188785563443,40673.031200000005,-5.9465,16.209000000000003,889.1300000000001,45.74475183606447,-0.006687998380439306,0.018230180063657734,45.75630110332572
AYLLLVLLGLLLAFL,Mutant,,clash,,LLLAYLLGVLLGLLLAFLILI,0.699116365364165,LLLAYLLLVLLGLLLAFLILI_2,110011001100110000,1,-48.5499,-52.5647,-44.9549,-221.41,-219.935,-244.602,-344.815,4629.68,3776.38,3605.48,41372.5,227485.0,41297.7,227413.0,-55.2574,-89.6722,47.7694,-45.7913,7.17614,6.3997,5.61624,226237.0,-91.43,48.2927,-36.5962,227140.0,7.0472,6.73401,5.9584,2,LLLAYLLLVLLGLLLAFLILI,0.4919846153191966,0.0008397268467121,D,16,-89.43309735221199,-91.76484701862168,-87.64429086345227,-90.37076820669073,-92.5905214292982,-94.22553688854636,41352.9574,-3.594999999999999,23.192000000000007,853.3000000000002,48.46239001523496,-0.0042130551974686485,0.027179186686979964,48.485292394234136
FVLLILLLLALLGTL,Mutant,,clash,,LLLFVLLILLLGALLGTLILI,-0.8722337303881506,LLLFVLLILLLLALLGTLILI_2,110011001100110000,1,-62.9729,-62.2699,-58.7747,-215.975,-218.133,-241.693,-363.697,4645.08,3841.43,3668.49,41520.9,9229480.0,41436.2,9229400.0,-63.2298,-49.7356,46.8231,-42.3162,7.34215,0.28147,-0.516183,9212380.0,-48.7389,54.7657,-43.6502,9229810.0,6.8404,1.20421,0.525696,2,LLLFVLLILLLLALLGTLILI,1.0726815834227357,0.0101227515739955,D,16,-55.55937087379785,-49.00607168143392,-57.60872035965035,-51.35762211706078,-47.89880955866391,-40.21586951137511,41499.4298,-4.1982,25.718000000000018,803.6500000000001,51.638685746282576,-0.005223915883780252,0.032001493187332815,51.66540160517638
FYLLVLLLLALLGTL,Mutant,,clash,,LLLFYLLVLLLGALLGTLILI,-0.1028130177382259,LLLFYLLVLLLLALLGTLILI_2,110011001100110000,1,-61.1197,-63.4253,-58.707,-227.09,-228.107,-245.457,-351.303,4703.17,3766.42,3620.56,41522.0,12951600.0,41458.9,12951500.0,-47.1394,-45.8562,54.0958,-41.4625,7.39818,0.681365,-0.00719742,12912000.0,-43.2635,63.1811,-42.5139,12952700.0,7.006,1.51898,0.966697,2,LLLFYLLVLLLLALLGTLILI,0.3380486422533179,0.0009567184558543,D,16,-80.9405227193562,-86.54398239624831,-78.44201449160245,-84.78003209474049,-84.61279658074989,-89.13661287593591,41506.0394,-2.412700000000001,18.36699999999999,936.75,44.308555537763546,-0.0025756071523885785,0.019607152388577517,44.325593808380034
AFLLLTLLGLLLGVL,Mutant,,clash,,LLLAFLLGTLLGLLLGVLILI,1.073638566057832,LLLAFLLLTLLGLLLGVLILI_2,110011001100110000,1,-47.3168,-54.1714,-58.7586,-225.416,-226.419,-238.942,-352.489,4622.64,3764.3,3407.41,41529.4,5683660.0,41449.7,5683590.0,-54.7881,-90.3512,39.9154,-51.4156,7.64957,5.44126,4.53999,3076200.0,-94.1397,39.8563,-36.5769,5683310.0,6.9528,6.00156,5.0994,2,LLLAFLLLTLLGLLLGVLILI,0.3550213983711256,0.0011453131884141,D,16,-39.84813814552763,-47.48358447938856,-36.89131258966739,-44.90208700406189,-46.44192407539411,-53.24038054639316,41504.488099999995,11.4418,13.52600000000001,858.3400000000001,48.35436784957009,0.01333014889204744,0.015758324207190633,48.38339119696157
TYLLLILLLALLGFL,Mutant,,clash,,LLLTYLLLILLGALLGFLILI,0.2600196152715737,LLLTYLLLILLLALLGFLILI_0,110011001100110000,1,-47.3058,-51.2706,-44.9624,-233.343,-235.794,-253.228,-355.352,4698.2,3724.49,3709.84,41785.3,1936640.0,41710.6,1936570.0,-57.1624,-54.581,49.6751,-40.2081,7.24771,1.39329,0.638413,1878490.0,-53.2783,54.8563,-43.0796,1936290.0,6.5679,1.89735,1.2202,0,LLLTYLLLILLLALLGFLILI,0.0594785141595041,0.0011843263236006,D,17,-80.56429324867722,-86.48836774565338,-75.70893055626432,-83.11293735864713,-82.29820136463312,-87.69377432671473,41767.7624,-2.3433999999999955,19.88500000000002,973.71,42.8954846925676,-0.0024066713908658588,0.02042189152827846,42.91349580470571
AFLLGTLLGLLLLVL,Mutant,,clash,,LLLAFLLGTLLGLLLGVLILI,0.3515097095660671,LLLAFLLGTLLGLLLLVLILI_1,110011001100110000,1,-59.6395,-55.5117,-58.7586,-225.748,-225.627,-239.02,-352.901,4596.2,3602.82,3387.13,44026.0,1268150.0,43958.5,1268080.0,-55.1222,-90.5308,38.017,-41.1638,8.20162,5.21192,4.28217,1195990.0,-94.1397,39.8563,-36.5769,1267970.0,6.9528,6.00156,5.0994,1,LLLAFLLGTLLGLLLLVLILI,1.0771502548628906,0.0006083151143907,D,16,-66.4690223076235,-70.86299715800388,-57.3004194362424,-62.89586866054577,-59.681275712381165,-64.9647321670224,44013.6222,-0.8808999999999969,13.27200000000002,993.3799999999997,44.30693410376695,-0.0008867704201815994,0.013360446153536435,44.31939439086756
ALLLLVLLGTLLGFL,Mutant,,clash,,LLLALLLGVLLGTLLGFLILI,0.796845929250146,LLLALLLLVLLGTLLGFLILI_2,110011001100110000,1,-60.384,-66.7094,-58.7067,-227.068,-235.416,-237.973,-354.475,4540.51,3955.53,3514.27,45335.7,1606830.0,45268.7,1606780.0,-57.7954,-94.8548,40.5691,-52.1194,7.47185,6.20505,5.31358,1132770.0,-97.484,35.8407,-36.8474,4821710.0,6.7321,5.96109,4.9987,2,LLLALLLLVLLGTLLGFLILI,0.2197445833898783,0.0010095776963437,D,16,-23.961358501143025,-31.493648780247213,-32.524637911543095,-39.20866071783639,-42.18405631864773,-47.91122952932156,45326.4954,-1.6773000000000025,10.905000000000001,584.98,77.48383773804233,-0.0028672775137611583,0.018641662962836338,77.49957263496186
AYLLLLLLGFLLGTL,Mutant,,clash,,LLLAYLLGLLLGFLLGTLILI,0.7208783785104383,LLLAYLLLLLLGFLLGTLILI_0,110011001100110000,1,-64.7407,-64.4484,-58.7779,-219.782,-220.055,-243.938,-347.395,4629.34,3564.85,3457.14,45826.7,238683.0,45763.8,238620.0,-44.6794,-88.5823,44.2139,-36.7621,7.94596,5.75622,4.91943,214604.0,-85.1121,47.6719,-35.0,238335.0,7.4675,5.70252,4.9176,0,LLLAYLLLLLLGFLLGTLILI,0.4645835214834583,0.0008467008229614,D,16,-72.09737159527826,-77.57123909653866,-70.40151919520548,-76.20807475742726,-77.50441116355863,-81.9175392340552,45808.479400000004,-5.962800000000001,24.155999999999977,1064.4900000000002,43.033264192242285,-0.005601555674548376,0.022692556999126316,43.0503809335926
TALLGVLLLLLLSFL,Mutant,,clash,,LLLTALLGVLLGLLLSFLILI,0.9469284108589896,LLLTALLGVLLLLLLSFLILI_0,110011001100110000,1,-60.3105,-60.3105,-60.3105,-227.13,-226.427,-246.466,-371.612,4583.05,3640.19,3566.95,47011.6,9129500.0,46927.4,9129420.0,-64.8361,-94.6972,33.4278,-24.8847,8.60467,5.21733,4.21875,8605260.0,-98.0401,23.7539,-36.4478,9129130.0,7.5,4.41279,3.2691,0,LLLTALLGVLLLLLLSFLILI,0.084105315124963,0.0011637862891424,D,17,-28.760940902674182,-42.09040949599645,-31.67819956344618,-44.46182282711252,-22.535056928376545,-37.02944440120973,46992.2361,0.0,19.336000000000013,942.8600000000001,49.84009937848673,0.0,0.02050781664297988,49.860636785949126
ALLLGVLLGTLLLFL,Mutant,,clash,,LLLALLLGVLLGTLLGFLILI,0.4518533574863294,LLLALLLGVLLGTLLLFLILI_2,110011001100110000,1,-59.8591,-70.1212,-58.7067,-223.722,-226.726,-238.025,-354.534,4552.38,3728.4,3456.36,47949.2,525359.0,47878.2,525302.0,-57.8025,-91.5242,38.5205,-38.1805,7.85434,5.4289,4.5067,510433.0,-97.484,35.8407,-36.8474,525005.0,6.7321,5.96109,4.9987,2,LLLALLLGVLLGTLLLFLILI,0.5647371551536949,0.0006659557507262,D,16,5.742343017994167,0.5235069634001862,-8.434146910819477,-12.953312666302615,8.085578762786819,2.7510940206348526,47936.002499999995,-1.1524,14.302999999999997,823.98,58.176172358552385,-0.0013985776353794997,0.017358431029879363,58.19218913080414
AVLLGILLLLLLTFL,Mutant,,clash,,LLLAVLLGILLGLLLTFLILI,0.870282636113408,LLLAVLLGILLLLLLTFLILI_2,110011001100110000,1,-56.876,-57.4251,-58.7585,-221.401,-222.524,-243.834,-367.237,4570.14,3624.28,3553.87,48229.9,38824300.0,48140.9,38824200.0,-64.6436,-96.8738,35.3074,-28.636,8.56257,5.79757,4.82718,38636900.0,-106.47,21.0167,-38.4019,38824000.0,7.4459,5.30775,4.123,2,LLLAVLLGILLLLLLTFLILI,0.1261675859146792,0.0002264195619491,D,16,-13.25855341229835,-21.41539421258548,-26.010135502247568,-32.96786527601585,-13.39607384378319,-21.53998273769181,48205.543600000005,1.8825000000000003,22.432999999999993,945.8600000000001,50.96477660541729,0.0019902522572050833,0.02371704057682954,50.990527139322936
AFLLGTLLGVLLLLL,Mutant,,clash,,LLLAFLLGTLLGVLLGLLILI,0.22154913078938,LLLAFLLGTLLGVLLLLLILI_2,110011001100110000,1,-60.0284,-71.5771,-58.6867,-228.678,-227.144,-239.037,-353.237,4592.13,3637.79,3438.68,50357.0,981456.0,50292.5,981402.0,-55.5137,-90.9956,39.9703,-39.9848,8.06631,5.54533,4.64489,816628.0,-94.1397,39.8563,-36.5769,981103.0,6.9528,6.00156,5.0994,2,LLLAFLLGTLLGVLLLLLILI,1.137091259558446,1.787851831895967e-05,D,16,-91.22278679125496,-92.56088194775776,-84.96085780342847,-87.25359045701597,-86.29274776886916,-88.38243243109932,50348.0137,-1.341699999999996,10.359000000000009,954.3400000000001,52.756893455162725,-0.0014058930779386756,0.01085462204245867,52.76630970094515
AYLLLLLLGFLLATL,Mutant,,clash,,LLLAYLLGLLLGFLLATLILI,1.581818229071411,LLLAYLLLLLLGFLLATLILI_0,110011001100110000,1,-59.832,-63.3484,-58.7236,-222.273,-221.691,-245.097,-351.683,4632.67,3696.49,3600.99,50764.5,623807.0,50694.9,623740.0,-47.8625,-89.8374,42.8343,-37.9305,7.6835,5.75825,4.90076,355082.0,-87.2227,45.9146,-36.9014,623455.0,7.4937,5.78188,4.9706,0,LLLAYLLLLLLGFLLATLILI,0.6098009324581694,0.0013921573933636,D,16,-86.6047253963765,-89.30630157592473,-84.01418522421456,-87.23822487154287,-89.7163251630219,-91.7903499068136,50742.762500000004,-1.1084000000000032,22.824000000000012,936.1800000000003,54.20192965028092,-0.00118396034950544,0.02437992693712748,54.22514900980579
YFLLAILLGVLLLLL,Mutant,,clash,,LLLYFLLAILLGVLLGLLILI,0.1917279862432215,LLLYFLLAILLGVLLLLLILI_2,110011001100110000,1,-44.9933,-44.9933,-44.9933,-227.82,-238.698,-251.533,-346.317,4800.74,3700.23,3624.61,51010.4,324832.0,50936.8,324769.0,-49.7905,-60.0331,51.4653,-28.0861,8.20504,2.45278,1.72476,237915.0,-71.1719,34.5088,-41.0473,565333.0,6.9662,1.83447,0.852102,2,LLLYFLLAILLGVLLLLLILI,0.0911077764044058,0.0009502306662911,D,17,-59.90705905032287,-67.84275849766514,-55.89520720042128,-64.62498285554396,-57.04508225731052,-65.54726016985497,50986.590500000006,0.0,23.712999999999994,1100.5099999999998,46.3299656522885,0.0,0.021547282623510917,46.35160062153003
AYLLLLLLGTLLGFL,Mutant,,clash,,LLLAYLLGLLLGTLLGFLILI,0.6077956909769262,LLLAYLLLLLLGTLLGFLILI_0,110011001100110000,1,-63.3851,-61.022,-58.7122,-218.794,-220.727,-243.913,-347.414,4636.24,3621.56,3478.86,56313.0,287596.0,56247.8,287531.0,-44.7889,-84.3947,41.8426,-35.7241,7.81304,4.80795,3.93559,188466.0,-82.6456,43.881,-35.0,287249.0,7.5,4.82078,3.979,0,LLLAYLLLLLLGTLLGFLILI,0.3010900457463206,0.0003415189368478,D,16,-96.19167054978992,-95.75731844613688,-95.14089832125576,-94.58670229813852,-97.07201640419908,-96.7380705492186,56292.5889,-4.6728999999999985,25.119,1014.6799999999998,55.47816937359563,-0.004605294279970039,0.02475558796862065,55.498285173650814
AYLLLTLLGFLLGLL,Mutant,,clash,,LLLAYLLGTLLGFLLGLLILI,0.6819797558875476,LLLAYLLLTLLGFLLGLLILI_2,110011001100110000,1,-49.6427,-51.8493,-58.7318,-220.319,-222.455,-243.823,-347.104,4629.63,3617.25,3529.13,56442.4,238073.0,56365.3,238001.0,-44.5494,-89.3278,41.8597,-36.5237,8.04071,5.55022,4.67812,200399.0,-87.9639,43.7708,-37.0981,237726.0,7.4797,5.60364,4.7602,2,LLLAYLLLTLLGFLLGLLILI,0.5320087570473924,0.0002608352772243,D,16,-92.37487604735362,-93.97090642848508,-89.70537231798026,-91.86016201647928,-93.97140815097111,-95.2332651130671,56409.84940000001,9.089100000000002,23.50400000000002,1012.3800000000001,55.72003536221577,0.008977952942570972,0.023216578755012957,55.752187913629264
AFLLLLLLGTLLGIL,Mutant,,clash,,LLLAFLLGLLLGTLLGILILI,1.3620081479874913,LLLAFLLLLLLGTLLGILILI_2,110011001100110000,1,-60.8197,-60.9847,-58.7594,-220.417,-220.133,-240.342,-356.053,4571.09,3545.53,3530.17,57228.4,63532.0,57153.6,63457.0,-56.9512,-88.3482,37.8541,-34.7537,7.62877,4.86254,3.93035,61069.6,-87.7841,38.6606,-35.7467,63175.9,7.5,4.88679,3.9667,2,LLLAFLLLLLLGTLLGILILI,0.2263340652596558,0.0002345476192448,D,16,-51.174496847191854,-61.13998313017839,-48.84306528887655,-59.284406354995554,-59.69505193350949,-67.92145783118214,57210.5512,-2.060299999999998,19.92500000000001,1025.56,55.784694410858464,-0.0020089512071453626,0.019428409844377718,55.8020983657709
AYLLGTLLGFLLLLL,Mutant,,clash,,LLLAYLLGTLLGFLLGLLILI,0.5643154839284253,LLLAYLLGTLLGFLLLLLILI_0,110011001100110000,1,-59.5576,-71.238,-58.7318,-219.189,-222.289,-245.588,-349.275,4628.45,3560.0,3458.45,57649.6,992690.0,57579.1,992634.0,-44.9554,-75.9955,56.0598,-28.2843,9.37616,5.46739,4.80829,924814.0,-87.9639,43.7708,-37.0981,992341.0,7.4797,5.60364,4.7602,0,LLLAYLLGTLLGFLLLLLILI,0.6496730290065146,0.0005353952907481,D,16,-75.69764059744318,-79.50493746384333,-67.27405674473984,-72.40102319033659,-70.24232348086575,-74.9042703596009,57624.0554,-0.825800000000001,26.399,1068.4499999999998,53.932383733445654,-0.0007728953156441585,0.024707754223407746,53.95629182460574
AFLLLLLLGVLLGTL,Mutant,,clash,,LLLAFLLGLLLGVLLGTLILI,1.17423705339309,LLLAFLLLLLLGVLLGTLILI_0,110011001100110000,1,-61.0391,-68.7932,-58.7316,-225.587,-223.564,-238.961,-352.172,4579.84,3542.64,3344.27,58926.0,2640170.0,58860.5,2640110.0,-54.4797,-85.9084,45.9972,-37.0506,7.66726,5.59588,4.78584,2496180.0,-83.578,48.738,-35.1079,2639820.0,6.9512,5.61633,4.8474,0,LLLAFLLLLLLGVLLGTLILI,0.1528331798645872,0.0011921904324949,D,16,-39.0745452318976,-49.03555647458951,-42.84919242457656,-52.19306747572779,-47.68165056465532,-56.23544255370416,58914.9797,-2.3074999999999974,13.374000000000024,1037.2000000000003,56.80194726185884,-0.0022247396837639767,0.012894330890860027,56.81257231006555
LFLLAILLGTLLLVL,Mutant,,clash,,LLLLFLLAILLGTLLGVLILI,0.2702163735361912,LLLLFLLAILLGTLLLVLILI_2,110011001100110000,1,-44.971,-58.7231,-58.7231,-204.519,-215.282,-241.602,-360.077,4597.64,3571.72,3487.57,60003.0,4543090.0,59892.5,4543010.0,-59.7522,-55.0446,53.021,-31.0825,8.12278,1.91453,1.20985,3007470.0,-62.6136,40.7304,-39.3075,4542730.0,7.2265,1.39064,0.501596,2,LLLLFLLAILLGTLLLVLILI,0.1657790913398604,0.0013333199833439,D,16,-47.88398402696512,-59.025532358700126,-44.401479654619166,-56.28753022919727,-50.74956530808248,-61.278499422364575,59952.2522,13.752100000000006,37.083,1025.9200000000005,58.4375508811603,0.01340465143480973,0.036146093262632545,58.4870165315034
ATLLLILLGLLLGFL,Mutant,,clash,,LLLATLLGILLGLLLGFLILI,0.7584274569929994,LLLATLLLILLGLLLGFLILI_0,110011001100110000,1,-47.3161,-53.7956,-44.9292,-217.62,-217.186,-240.437,-351.875,4537.27,3590.63,3435.25,60236.0,658785.0,60149.1,658704.0,-66.5086,-84.1768,42.6228,-33.6664,7.20887,4.8806,4.01994,560815.0,-81.6776,47.767,-35.1198,658433.0,6.6099,5.20019,4.4167,0,LLLATLLLILLGLLLGFLILI,0.3237565707717706,0.0005345750226297,D,16,-28.379100790450902,-39.97907332551567,-31.1060383891271,-42.264346527366456,-32.85469636450935,-43.7297857117041,60215.6086,-2.386899999999997,22.817000000000007,946.6400000000003,63.60982907969236,-0.002521444266035659,0.024103143750528182,63.631369897743575
ALLLLFLLGVLLGTL,Mutant,,clash,,LLLALLLGFLLGVLLGTLILI,0.7583569434877182,LLLALLLLFLLGVLLGTLILI_2,110011001100110000,1,-61.3916,-69.1388,-58.7392,-212.945,-220.213,-237.967,-354.897,4518.77,3435.4,3342.55,61024.6,1686400.0,60944.0,1686340.0,-58.1904,-82.5827,41.9717,-36.2153,7.55516,4.55359,3.68316,1555370.0,-83.578,48.738,-35.1079,1686050.0,6.9512,5.61633,4.8474,2,LLLALLLLFLLGVLLGTLILI,0.3169721622189205,0.0007061786591505,D,16,-37.404614988818025,-49.862469877316535,-35.9697130468665,-48.71314490192354,-41.82856283063149,-53.40595504224491,61002.1904,-2.6524,25.02200000000002,1083.3700000000003,56.30780841263832,-0.0024482863656922374,0.023096449043263162,56.32849349714316
AVLLLLLLGTLLGFL,Mutant,,clash,,LLLAVLLGLLLGTLLGFLILI,0.6718462482075283,LLLAVLLLLLLGTLLGFLILI_2,110011001100110000,1,-62.4525,-65.4091,-58.7059,-214.26,-214.377,-238.461,-354.726,4546.27,3562.92,3463.08,61694.7,90252.8,61616.7,90177.8,-57.5589,-85.4622,33.7993,-34.6806,7.46655,3.88223,2.88922,89909.8,-84.6258,35.2029,-35.5813,89898.1,7.1166,3.94626,2.9743,2,LLLAVLLLLLLGTLLGFLILI,0.1704038268688362,0.0001975610213825,D,16,-36.75672788117305,-44.92918039967071,-34.351244151339245,-42.83453924498307,-44.78063540727369,-51.91621868936206,61674.2589,-3.746600000000001,24.201000000000022,983.3500000000004,62.718522296232244,-0.003810037118014948,0.024610769308994775,62.73930950322873
AVLLGLLLGTLLLFL,Mutant,,clash,,LLLAVLLGLLLGTLLGFLILI,0.5300750412191386,LLLAVLLGLLLGTLLLFLILI_2,110011001100110000,1,-50.6201,-68.6925,-58.7059,-217.926,-217.392,-238.599,-355.099,4541.24,3485.33,3430.2,81541.8,1631040.0,81455.2,1630970.0,-57.794,-79.2205,51.0606,-29.5802,7.80276,5.27627,4.54217,1491030.0,-84.6258,35.2029,-35.5813,1630680.0,7.1166,3.94626,2.9743,2,LLLAVLLGLLLGTLLLFLILI,0.3121750338572257,0.0007512566810885,D,16,-19.544581069209404,-28.897882848747976,-20.29897924282619,-29.56457886539954,-27.361244098281247,-35.80582389002229,81512.99399999999,8.085799999999999,20.673000000000002,1055.9099999999999,77.19691450975935,0.007657660217253365,0.01957837315680314,77.22419524391285
ALLLGFLLGTLLLVL,Mutant,,clash,,LLLALLLGFLLGTLLGVLILI,0.6801007773533361,LLLALLLGFLLGTLLLVLILI_2,110011001100110000,1,-50.7069,-74.3321,-58.6723,-214.563,-213.232,-237.978,-354.369,4523.45,3391.37,3338.01,81687.2,2858810.0,81598.1,2858750.0,-57.7186,-81.4232,58.9515,-32.2867,8.24571,6.67194,6.05621,2500700.0,-85.1121,47.6719,-35.0,2858460.0,7.4675,5.70252,4.9176,2,LLLALLLGFLLGTLLLVLILI,0.5650515981065687,0.0001086244785273,D,16,-25.35988738484288,-33.90840233790519,-25.060487896260987,-33.64329300397885,-22.12006432911418,-31.039635472565312,81655.8186,7.9654000000000025,23.41500000000002,1132.08,72.12901791392835,0.00703607518903258,0.02068316726733095,72.15673803971451
AFLLGLLLGVLLLTL,Mutant,,clash,,LLLAFLLGLLLGVLLGTLILI,0.0234047845239417,LLLAFLLGLLLGVLLLTLILI_0,110011001100110000,1,-61.497,-73.3565,-58.7316,-224.615,-223.655,-239.04,-352.222,4582.28,3440.05,3322.46,82263.5,5065660.0,82197.4,5065610.0,-54.4499,-75.9957,64.5198,-31.805,7.85825,6.60953,6.07733,4631710.0,-83.578,48.738,-35.1079,5065310.0,6.9512,5.61633,4.8474,0,LLLAFLLGLLLGVLLLTLILI,1.3036654487337354,0.0009732851573757,D,16,-91.0238767835082,-92.41302454905404,-84.4852077198995,-86.88628204887168,-88.04834093334884,-89.89798360051948,82251.8499,-2.7653999999999996,14.424999999999983,1142.2299999999996,72.00988408639243,-0.0024210535531372845,0.012628805056774895,72.02008352083209
AYLLGLLLGFLLLTL,Mutant,,clash,,LLLAYLLGLLLGFLLGTLILI,0.5895569089937036,LLLAYLLGLLLGFLLLTLILI_2,110011001100110000,1,-60.5811,-70.3421,-58.7779,-204.816,-220.761,-244.73,-348.505,4624.3,3419.01,3402.59,95704.0,477206.0,95620.8,477148.0,-44.9977,-72.8077,53.5053,-27.8425,8.14437,4.64437,3.94695,458188.0,-85.1121,47.6719,-35.0,476857.0,7.4675,5.70252,4.9176,2,LLLAYLLGLLLGFLLLTLILI,0.595904991000193,0.0002655164343459,D,16,-83.5598975390535,-85.40447646105984,-79.42325186914006,-81.73196229085313,-85.86179144819452,-87.44809795398068,95665.79770000001,-1.8031999999999968,39.91399999999999,1205.29,79.37160160625245,-0.0014960714848708584,0.03311568170315857,79.4032971318106
ALLLGILLGTLLLFL,Mutant,,clash,,LLLALLLGILLGTLLGFLILI,0.7276754701324375,LLLALLLGILLGTLLLFLILI_2,110011001100110000,1,-53.5844,-71.3574,-58.7518,-205.798,-218.62,-239.451,-358.323,4550.77,3517.56,3450.74,99511.7,299781.0,99412.8,299713.0,-60.1204,-74.4766,51.1113,-30.5122,7.59441,4.57151,3.83818,298925.0,-87.213,39.461,-38.899,299423.0,6.5512,4.90918,4.00109,2,LLLALLLGILLGTLLLFLILI,0.4807855890676965,0.0006776148519019,D,16,-8.75467308571635,-16.737191213842376,-21.574075086017444,-28.435098970879164,-4.6018677383890125,-12.947690433320528,99472.9204,5.167400000000001,33.65299999999999,1033.2100000000005,96.27560747573094,0.0050013066075628365,0.03257130689792005,96.31314060065229
TALLGVLLILLLSFL,Mutant,,clash,,LLLTALLGVLLGLLLSFLILI,0.7698561666316948,LLLTALLGVLLILLLSFLILI_0,110011001100110000,1,-60.3105,-60.3105,-60.3105,-218.92,-226.383,-246.449,-368.411,4564.43,3583.17,3570.95,148138.0,13232000.0,148049.0,13231900.0,-61.6506,-94.9021,32.1224,-19.1837,8.35303,5.07184,4.05367,12278300.0,-98.0401,23.7539,-36.4478,13231600.0,7.5,4.41279,3.2691,0,LLLTALLGVLLILLLSFLILI,0.2611775593522578,0.0015832522856054,D,15,-65.86403648719549,-72.85936125728401,-58.65958568032136,-67.13128515901614,-62.24856576987574,-69.98479219504453,148110.6506,0.0,27.529000000000025,981.2600000000002,150.93925218596493,0.0,0.02805474593889491,150.96712390192198
AVLLGILLILLLTFL,Mutant,,clash,,LLLAVLLGILLGLLLTFLILI,0.7764220396574006,LLLAVLLGILLILLLTFLILI_0,110011001100110000,1,-52.8195,-57.4389,-58.7585,-193.583,-222.47,-243.847,-364.388,4536.29,3517.03,3562.51,204302.0,8761320.0,204184.0,8761240.0,-61.7824,-104.743,11.1664,-23.2529,7.80516,3.71895,2.38645,7124800.0,-106.47,21.0167,-38.4019,8760960.0,7.4459,5.30775,4.123,0,LLLAVLLGILLILLLTFLILI,0.2200281823706865,0.0010639476918993,D,14,-17.93019936735692,-32.96418132309097,-21.19331899334924,-35.62954536544102,-6.942239238467178,-23.989054088087272,204245.7824,5.939,50.26400000000001,1019.2599999999998,200.38634146341468,0.005826776288680024,0.049314208347232324,200.44149677216808
GLLLGFLLLVLLGTL,Mutant,,clash,,LLLGLLLGFLLGVLLGTLILI,0.8658832637362529,LLLGLLLGFLLLVLLGTLILI_2,110011001100110000,1,-60.9581,-60.9769,-58.7181,-210.393,-209.763,-237.541,-351.408,4516.75,3451.6,3393.86,207542.0,55909100.0,207462.0,55909000.0,-55.1483,-76.6885,56.1071,-30.8822,7.50631,5.57773,4.91934,3559440.0,-81.7407,58.0906,-35.0,2062820.0,6.5862,6.60334,5.9747,2,LLLGLLLGFLLLVLLGTLILI,0.2582761056068933,0.0012013805389804,D,16,61.84422932911878,44.33106011547082,13.567623746691856,1.2784675616843129,29.91579005227799,15.8575982703301,207517.1483,-2.240000000000002,27.147999999999996,1065.15,194.82434239309015,-0.0021029901891752353,0.025487490024879118,194.84767403652066
YLLLAFLLGTLLIVL,Mutant,,clash,,LLLYLLLAFLLGTLLGVLILI,0.997839756542238,LLLYLLLAFLLGTLLIVLILI_1,110011001100110000,1,-51.6207,-53.8281,-58.7101,-222.793,-210.313,-249.759,-351.596,4658.8,3608.83,3574.61,368908.0,12678400.0,368831.0,12678300.0,-43.1272,-64.3053,48.4789,-28.9582,7.94135,2.69044,1.91762,2418590.0,-70.4738,37.5669,-39.1051,2715090.0,7.2986,2.1426,1.2061,1,LLLYLLLAFLLGTLLIVLILI,0.0034839305386003,0.0009385646479391,D,15,-17.49229288221059,-32.111487613486126,-29.929256799129305,-42.34479803282655,-28.380663247082666,-41.07059328017591,368874.1272,7.089399999999998,26.96599999999998,1049.9700000000003,351.3187302494356,0.006752002438164896,0.02568263855157764,351.3509909806946
LFLLAILLGTLLIVL,Mutant,,clash,,LLLLFLLAILLGTLLGVLILI,0.3638071905588347,LLLLFLLAILLGTLLIVLILI_0,110011001100110000,1,-51.6322,-58.7231,-58.7231,-208.591,-215.278,-240.922,-356.85,4568.77,3496.96,3483.65,374931.0,2562770.0,374834.0,2562680.0,-57.2056,-58.0605,51.9827,-28.7549,7.68536,2.22674,1.50648,2474800.0,-62.6136,40.7304,-39.3075,2562410.0,7.2265,1.39064,0.501596,0,LLLLFLLAILLGTLLIVLILI,0.072188274317217,0.0009517735521398,D,14,-48.59293722404024,-57.34858167402448,-46.37907992875495,-55.51178827412259,-44.289384018199335,-53.77800910755896,374891.2056,7.090900000000005,32.33099999999999,1071.8100000000004,349.77393903770246,0.006615818102088992,0.03016486130937384,349.81106726005527
ALLLGFLLGTLLIVL,Mutant,,clash,15.0,LLLALLLGFLLGTLLGVLILI,0.2383659872684309,LLLALLLGFLLGTLLIVLILI_2,110011001100110000,1,-56.0986,-59.9346,-58.6797,-208.902,-214.712,-237.952,-351.754,4493.06,3350.08,3366.04,406881.0,3953370.0,406794.0,3953290.0,-55.1218,-78.8616,53.5101,-28.8157,7.76552,5.5531,4.85575,2091490.0,-82.6456,43.881,-35.0,3953020.0,7.5,4.82078,3.979,2,LLLALLLGFLLGTLLIVLILI,1.0067863881914738,0.0002186690096792,D,14,-54.20040739394156,-66.4003047870795,-44.92168130353631,-59.59320562173564,-47.44227936978088,-61.442377676792105,406849.1218,2.5810999999999993,29.05000000000001,1142.9800000000005,355.95471644298226,0.0022582197413778004,0.025416017778088856,355.98260686976136
TALLAFLLGVLLILL,Mutant,,clash,15.0,LLLTALLAFLLGVLLGLLILI,0.6305116711517402,LLLTALLAFLLGVLLILLILI_1,110011001100110000,1,-46.8518,-54.1674,-44.9303,-214.603,-220.683,-243.914,-352.464,4571.95,3433.75,3437.22,419599.0,101524000.0,419508.0,101524000.0,-63.6197,-60.9764,49.7842,-31.611,6.95031,2.36732,1.61409,17758300.0,-63.8279,50.3554,-37.6016,15472400.0,6.5149,2.87217,2.1275,1,LLLTALLAFLLGVLLILLILI,0.7009910238277854,0.0011641920473145,D,15,-73.14631880832133,-76.7362909329137,-66.27710178217818,-70.78539484257101,-68.37823141556228,-72.60563200686818,419571.6197,-1.9214999999999947,29.31099999999998,1138.1999999999998,368.627323581093,-0.0016881918819188148,0.025752064663503764,368.65137937093664
AVLLGLLLGTLLIFL,Mutant,,clash,,LLLAVLLGLLLGTLLGFLILI,0.4019754652468324,LLLAVLLGLLLGTLLIFLILI_0,110011001100110000,1,-54.8517,-61.4176,-58.7059,-211.503,-217.342,-238.593,-352.785,4510.99,3465.74,3442.89,435849.0,8508370.0,435762.0,8508290.0,-55.4859,-78.7889,46.3409,-27.1404,7.72536,4.57435,3.76946,6148540.0,-84.6258,35.2029,-35.5813,8508020.0,7.1166,3.94626,2.9743,0,LLLAVLLGLLLGTLLIFLILI,0.440274609829532,0.0007560017248657,D,14,-5.1924105202316255,-13.677788075777872,-17.050395735053765,-24.474471319439537,-9.282136111063217,-17.401478985976738,435817.4859,3.8541999999999987,27.090000000000003,1045.25,416.95047682372643,0.003687347524515665,0.02591724467830663,416.98062664434343
AFLLGTLLGLLLIYL,Mutant,,clash,,LLLAFLLGTLLGLLLGYLILI,0.292788430167922,LLLAFLLGTLLGLLLIYLILI_2,110011001100110000,1,-66.0125,-66.3587,-58.6988,-213.438,-218.173,-243.38,-344.186,4603.45,3366.04,3381.06,662341.0,11025400.0,662276.0,11025300.0,-42.1065,-66.3699,55.7213,-30.4394,6.48365,3.97786,3.31368,5792060.0,-72.4524,47.8783,-35.1603,11026900.0,6.5,3.83143,3.0496,2,LLLAFLLGTLLGLLLIYLILI,0.9883639637472692,0.0014756380501775,D,14,-42.63928647469367,-49.68070982022006,-34.10837582876948,-42.19702731510881,-28.874659312451545,-37.60578561120075,662318.1065,-7.313700000000004,29.942000000000007,1237.4099999999999,535.2454776508999,-0.00591049045991224,0.02419731536030904,535.2639787944174
AFLLGLLLGVLLITL,Mutant,,clash,15.0,LLLAFLLGLLLGVLLGTLILI,0.0592360018771611,LLLAFLLGLLLGVLLITLILI_2,110011001100110000,1,-68.6497,-73.3769,-58.7316,-224.478,-223.635,-239.004,-349.598,4547.81,3384.98,3317.4,668917.0,1849510.0,668861.0,1849450.0,-51.8621,-80.9536,55.6853,-31.9127,7.45499,6.16056,5.49583,1404460.0,-83.578,48.738,-35.1079,1849160.0,6.9512,5.61633,4.8474,2,LLLAFLLGLLLGVLLITLILI,1.267834231380516,0.000698220275698,D,14,-93.66225145392832,-94.68308225287944,-88.90252631797932,-90.69001328481048,-90.28283788895372,-91.8479959713938,668912.8621,-9.918099999999995,14.525999999999982,1162.8300000000004,575.245618104108,-0.008529277710413381,0.01249193777250327,575.2491765778315
TALLALLLGLLLIFL,Mutant,,clash,,LLLTALLALLLGLLLGFLILI,0.4685046817505795,LLLTALLALLLGLLLIFLILI_1,110011001100110000,1,-55.2201,-54.6423,-44.9578,-213.715,-217.965,-246.774,-360.994,4619.37,3438.01,3426.42,680853.0,19766100.0,680761.0,19766000.0,-69.2627,-62.6207,63.4473,-31.0847,6.24724,4.45849,3.9102,17619900.0,-67.6338,56.7049,-35.0,19764200.0,6.6313,4.30023,3.6508,1,LLLTALLALLLGLLLIFLILI,0.294958604978608,0.0008967339682557,D,15,-8.326223022558194,-20.55882565193603,-18.43449236101855,-29.31828569983409,-17.208009948010176,-28.255460468682024,680830.2627,-10.262300000000003,33.059,1181.3599999999997,576.3105765389045,-0.008686852441254153,0.02798384912304463,576.3298232545542
AFLLGVLLGLLLITL,Mutant,,clash,,LLLAFLLGVLLGLLLGTLILI,-0.1208887208971225,LLLAFLLGVLLGLLLITLILI_2,110011001100110000,1,-69.8533,-73.0319,-58.7167,-226.35,-224.82,-239.064,-350.347,4581.38,3361.39,3340.1,716624.0,1760980.0,716570.0,1760930.0,-52.5661,-81.245,56.6992,-31.6138,7.38835,6.34115,5.69163,1333180.0,-83.578,48.738,-35.1079,1760630.0,6.9512,5.61633,4.8474,2,LLLAFLLGVLLGLLLITLILI,1.299696979500307,0.0008473851383869,D,14,-80.97522164510544,-85.36951797009212,-70.31285281477199,-77.16991676273773,-69.78600809837387,-76.7647613379529,716622.5661,-11.136600000000001,12.713999999999999,1219.9900000000002,587.4003607406618,-0.009128435478979336,0.010421396896695872,587.4015360781644
